docs/data/wind_grid.json
{"header": {"la1":42.1,"la2":41.55,"lo1":12.1,"lo2":12.95,"nx":50,"ny":50,"dx":0.01735,"dy":0.01122,"parameterCategory":2,"parameterNumber":3,"parameterNumberName":"northward_wind","parameterUnit":"m.s-1"}, "data":
[rows 0 to 39 of 50, columns 0 to 49 of 50]
-3.6748,-3.6778,-3.6813,-3.6851,-3.6893,-3.694,-3.699,-3.7044,-3.7101,-3.716,-3.7221,-3.7283,-3.7345,-3.7405,-3.7464,-3.7518,-3.7569,-3.7615,-3.7655,-3.7689,-3.7717,-3.7739,-3.7753,-3.7759,-3.7757,-3.7745,-3.7722,-3.7686,-3.7635,-3.7569,-3.7486,-3.7387,-3.7272,-3.7143,-3.7004,-3.6861,-3.672,-3.6589,-3.6474,-3.6382,-3.6315,-3.6275,-3.6261,-3.6269,-3.6295,-3.6335,-3.6385,-3.6441,-3.65,-3.656
-3.6719,-3.675,-3.6784,-3.6824,-3.6867,-3.6915,-3.6968,-3.7024,-3.7084,-3.7147,-3.7212,-3.7278,-3.7344,-3.7409,-3.7471,-3.7529,-3.7584,-3.7632,-3.7675,-3.7711,-3.7741,-3.7765,-3.778,-3.7789,-3.7788,-3.7777,-3.7754,-3.7718,-3.7666,-3.7596,-3.7508,-3.7401,-3.7275,-3.7133,-3.698,-3.682,-3.6662,-3.6516,-3.6389,-3.6288,-3.6217,-3.6178,-3.6167,-3.6182,-3.6217,-3.6267,-3.6326,-3.6391,-3.6459,-3.6526
-3.6688,-3.6719,-3.6754,-3.6794,-3.6838,-3.6888,-3.6943,-3.7002,-3.7065,-3.7132,-3.7201,-3.7271,-3.7342,-3.7411,-3.7478,-3.7541,-3.7598,-3.765,-3.7695,-3.7734,-3.7766,-3.7791,-3.7808,-3.7818,-3.7819,-3.781,-3.7788,-3.7752,-3.7699,-3.7626,-3.7533,-3.7418,-3.7282,-3.7126,-3.6955,-3.6777,-3.6601,-3.6437,-3.6295,-3.6185,-3.611,-3.6072,-3.6067,-3.609,-3.6136,-3.6196,-3.6267,-3.6342,-3.6418,-3.6493
-3.6655,-3.6685,-3.672,-3.6761,-3.6807,-3.6858,-3.6915,-3.6977,-3.7043,-3.7114,-3.7188,-3.7263,-3.7339,-3.7413,-3.7484,-3.7552,-3.7613,-3.7668,-3.7716,-3.7757,-3.779,-3.7817,-3.7837,-3.7849,-3.7852,-3.7844,-3.7824,-3.7789,-3.7735,-3.766,-3.7562,-3.744,-3.7292,-3.7121,-3.6932,-3.6734,-3.6536,-3.6351,-3.6194,-3.6073,-3.5994,-3.5958,-3.596,-3.5994,-3.6051,-3.6124,-3.6207,-3.6292,-3.6378,-3.6461
-3.6619,-3.6649,-3.6684,-3.6725,-3.6772,-3.6825,-3.6884,-3.6949,-3.7019,-3.7094,-3.7172,-3.7253,-3.7334,-3.7414,-3.7491,-3.7563,-3.7628,-3.7686,-3.7737,-3.7779,-3.7815,-3.7843,-3.7864,-3.7879,-3.7884,-3.788,-3.7862,-3.7828,-3.7775,-3.7699,-3.7597,-3.7466,-3.7307,-3.7121,-3.6912,-3.669,-3.6468,-3.6261,-3.6085,-3.5952,-3.587,-3.5837,-3.5848,-3.5894,-3.5965,-3.6052,-3.6148,-3.6245,-3.6341,-3.6432
-3.6581,-3.661,-3.6645,-3.6686,-3.6734,-3.6788,-3.6849,-3.6917,-3.6991,-3.7071,-3.7154,-3.7241,-3.7328,-3.7414,-3.7496,-3.7574,-3.7643,-3.7705,-3.7758,-3.7802,-3.7838,-3.7868,-3.7891,-3.7908,-3.7917,-3.7916,-3.7902,-3.787,-3.7818,-3.7741,-3.7636,-3.7499,-3.7329,-3.7126,-3.6896,-3.6648,-3.6399,-3.6166,-3.597,-3.5824,-3.5738,-3.5709,-3.5731,-3.5792,-3.5879,-3.5982,-3.6091,-3.62,-3.6306,-3.6406
-3.654,-3.6568,-3.6603,-3.6644,-3.6692,-3.6748,-3.6811,-3.6882,-3.696,-3.7044,-3.7133,-3.7226,-3.732,-3.7412,-3.7502,-3.7584,-3.7659,-3.7724,-3.7778,-3.7823,-3.786,-3.7891,-3.7916,-3.7936,-3.7949,-3.7953,-3.7942,-3.7915,-3.7866,-3.7789,-3.7682,-3.7539,-3.7358,-3.7139,-3.6886,-3.6611,-3.6331,-3.607,-3.585,-3.569,-3.56,-3.5578,-3.5613,-3.569,-3.5795,-3.5914,-3.6038,-3.616,-3.6276,-3.6384
-3.6496,-3.6524,-3.6557,-3.6598,-3.6646,-3.6703,-3.6768,-3.6842,-3.6924,-3.7013,-3.7109,-3.7208,-3.7309,-3.741,-3.7506,-3.7595,-3.7674,-3.7742,-3.7798,-3.7844,-3.7881,-3.7912,-3.7939,-3.7962,-3.798,-3.7989,-3.7985,-3.7962,-3.7917,-3.7843,-3.7735,-3.7587,-3.7397,-3.7162,-3.6886,-3.6582,-3.6269,-3.5975,-3.5729,-3.5554,-3.5461,-3.5446,-3.5496,-3.5592,-3.5715,-3.5852,-3.5991,-3.6125,-3.6251,-3.6367
-3.645,-3.6475,-3.6508,-3.6548,-3.6596,-3.6654,-3.6721,-3.6797,-3.6883,-3.6978,-3.708,-3.7187,-3.7296,-3.7405,-3.7509,-3.7605,-3.769,-3.7761,-3.7818,-3.7862,-3.7898,-3.7929,-3.7957,-3.7985,-3.8008,-3.8024,-3.8027,-3.8012,-3.7972,-3.7902,-3.7795,-3.7646,-3.7447,-3.7198,-3.69,-3.6565,-3.6216,-3.5886,-3.5611,-3.5419,-3.5323,-3.5318,-3.5385,-3.55,-3.5644,-3.5798,-3.5952,-3.6098,-3.6233,-3.6356
-3.64,-3.6423,-3.6454,-3.6493,-3.6541,-3.6599,-3.6668,-3.6747,-3.6837,-3.6938,-3.7046,-3.7162,-3.728,-3.7398,-3.7512,-3.7616,-3.7706,-3.778,-3.7836,-3.7878,-3.7911,-3.794,-3.797,-3.8002,-3.8033,-3.8058,-3.8071,-3.8064,-3.8031,-3.7967,-3.7865,-3.7715,-3.7512,-3.725,-3.6931,-3.6565,-3.6179,-3.5811,-3.5504,-3.5294,-3.5196,-3.52,-3.5285,-3.5421,-3.5584,-3.5756,-3.5923,-3.608,-3.6223,-3.6352
-3.6347,-3.6368,-3.6397,-3.6434,-3.6481,-3.6539,-3.6609,-3.6691,-3.6785,-3.6891,-3.7007,-3.7131,-3.726,-3.7389,-3.7513,-3.7626,-3.7722,-3.7798,-3.7854,-3.7891,-3.7918,-3.7943,-3.7974,-3.8012,-3.8054,-3.809,-3.8114,-3.8118,-3.8095,-3.8039,-3.7943,-3.7797,-3.7593,-3.7322,-3.6985,-3.6591,-3.6167,-3.5758,-3.5418,-3.5188,-3.5086,-3.5101,-3.5203,-3.536,-3.5541,-3.5728,-3.5907,-3.6073,-3.6223,-3.6356
-3.6291,-3.6309,-3.6335,-3.637,-3.6415,-3.6473,-3.6543,-3.6627,-3.6725,-3.6837,-3.6961,-3.7095,-3.7235,-3.7377,-3.7512,-3.7636,-3.7739,-3.7818,-3.787,-3.7899,-3.7916,-3.7936,-3.7967,-3.8014,-3.8068,-3.8119,-3.8157,-3.8174,-3.8163,-3.8118,-3.8031,-3.7893,-3.7692,-3.7418,-3.7067,-3.6647,-3.6188,-3.5739,-3.5363,-3.5112,-3.5006,-3.503,-3.5148,-3.5322,-3.5519,-3.5717,-3.5906,-3.6078,-3.6232,-3.6368
-3.6231,-3.6245,-3.6268,-3.63,-3.6343,-3.6399,-3.647,-3.6556,-3.6658,-3.6775,-3.6908,-3.7052,-3.7205,-3.736,-3.751,-3.7645,-3.7757,-3.7838,-3.7885,-3.7902,-3.7904,-3.7913,-3.7945,-3.8003,-3.8075,-3.8146,-3.8201,-3.8233,-3.8236,-3.8204,-3.813,-3.8004,-3.7812,-3.7541,-3.7183,-3.6744,-3.6252,-3.5765,-3.5354,-3.5081,-3.4968,-3.4998,-3.5128,-3.5314,-3.5522,-3.5728,-3.5922,-3.6097,-3.6253,-3.6389
-3.6168,-3.6178,-3.6196,-3.6225,-3.6265,-3.6319,-3.6389,-3.6475,-3.6581,-3.6704,-3.6845,-3.7001,-3.7168,-3.7338,-3.7504,-3.7655,-3.7777,-3.7861,-3.7899,-3.7898,-3.7877,-3.787,-3.7903,-3.7978,-3.8075,-3.817,-3.8246,-3.8295,-3.8313,-3.8297,-3.824,-3.813,-3.7954,-3.7693,-3.7337,-3.6887,-3.6371,-3.585,-3.5406,-3.5109,-3.4986,-3.5016,-3.5151,-3.5342,-3.5554,-3.5763,-3.5957,-3.6131,-3.6285,-3.642
-3.6101,-3.6106,-3.612,-3.6143,-3.6179,-3.623,-3.6298,-3.6385,-3.6493,-3.6622,-3.6772,-3.694,-3.7122,-3.731,-3.7495,-3.7664,-3.78,-3.7888,-3.7916,-3.7888,-3.7832,-3.78,-3.7834,-3.7936,-3.8069,-3.8196,-3.8295,-3.8362,-3.8396,-3.8398,-3.8361,-3.8273,-3.8119,-3.7877,-3.7533,-3.7083,-3.6552,-3.6006,-3.5532,-3.5211,-3.5072,-3.5093,-3.5223,-3.541,-3.5618,-3.5822,-3.6011,-3.6181,-3.633,-3.646
-3.6032,-3.6031,-3.6038,-3.6056,-3.6086,-3.6133,-3.6198,-3.6284,-3.6394,-3.6528,-3.6687,-3.6868,-3.7066,-3.7274,-3.7481,-3.7671,-3.7826,-3.7921,-3.7938,-3.7874,-3.7767,-3.7695,-3.7733,-3.7877,-3.806,-3.8226,-3.835,-3.8435,-3.8485,-3.8506,-3.8493,-3.8433,-3.8308,-3.8094,-3.7772,-3.7334,-3.6801,-3.6238,-3.5741,-3.5394,-3.5232,-3.5234,-3.5348,-3.552,-3.5714,-3.5906,-3.6085,-3.6245,-3.6387,-3.651
-3.5958,-3.5951,-3.5951,-3.5962,-3.5986,-3.6026,-3.6087,-3.6171,-3.6281,-3.642,-3.6587,-3.6781,-3.6997,-3.7227,-3.746,-3.7677,-3.7856,-3.7965,-3.7973,-3.7865,-3.7682,-3.7549,-3.7596,-3.7807,-3.8059,-3.8269,-3.8416,-3.8515,-3.8581,-3.8623,-3.8636,-3.8609,-3.8521,-3.8344,-3.8054,-3.7639,-3.7117,-3.6549,-3.6033,-3.566,-3.5469,-3.544,-3.5525,-3.5671,-3.5842,-3.6015,-3.6177,-3.6324,-3.6454,-3.6568
-3.5882,-3.5867,-3.5859,-3.5861,-3.5877,-3.591,-3.5964,-3.6044,-3.6154,-3.6296,-3.6471,-3.6678,-3.6913,-3.7167,-3.7429,-3.7679,-3.789,-3.8024,-3.8033,-3.7879,-3.7594,-3.7366,-3.7433,-3.7747,-3.8085,-3.8335,-3.8499,-3.8607,-3.8685,-3.8746,-3.879,-3.8801,-3.8756,-3.8624,-3.8375,-3.7994,-3.7492,-3.6929,-3.6401,-3.6001,-3.5774,-3.5704,-3.5749,-3.5859,-3.5999,-3.6145,-3.6287,-3.6416,-3.6532,-3.6635
-3.5803,-3.5779,-3.5762,-3.5755,-3.576,-3.5784,-3.5829,-3.5903,-3.601,-3.6154,-3.6336,-3.6557,-3.6811,-3.7091,-3.7385,-3.7673,-3.7927,-3.8102,-3.8134,-3.7951,-3.7548,-3.7184,-3.7286,-3.7742,-3.8166,-3.844,-3.8603,-3.8709,-3.8795,-3.8876,-3.8953,-3.9008,-3.9012,-3.893,-3.8729,-3.8386,-3.7912,-3.7361,-3.6826,-3.6401,-3.6132,-3.6015,-3.6011,-3.6077,-3.6179,-3.6294,-3.641,-3.6519,-3.6619,-3.6708
-3.5722,-3.5688,-3.566,-3.5641,-3.5635,-3.5647,-3.5681,-3.5746,-3.5848,-3.5991,-3.618,-3.6414,-3.6689,-3.6996,-3.7324,-3.7655,-3.7963,-3.8199,-3.8291,-3.8134,-3.7654,-3.7138,-3.7287,-3.7881,-3.8341,-3.8595,-3.8731,-3.8822,-3.891,-3.9011,-3.9124,-3.9226,-3.9283,-3.9255,-3.9103,-3.8802,-3.8358,-3.7822,-3.7283,-3.6833,-3.6523,-3.6354,-3.6298,-3.6315,-3.6376,-3.6457,-3.6544,-3.6631,-3.6713,-3.6787
-3.5638,-3.5594,-3.5554,-3.5522,-3.5502,-3.5499,-3.552,-3.5572,-3.5666,-3.5807,-3.6001,-3.6248,-3.6543,-3.6878,-3.7241,-3.7619,-3.799,-3.831,-3.851,-3.8481,-3.8095,-3.7551,-3.7707,-3.8277,-3.8638,-3.8803,-3.8881,-3.8943,-3.9027,-3.9148,-3.9298,-3.945,-3.9563,-3.9589,-3.9483,-3.922,-3.8803,-3.8283,-3.7743,-3.7272,-3.6923,-3.6705,-3.6596,-3.6565,-3.6583,-3.6628,-3.6686,-3.6749,-3.6811,-3.687
-3.5554,-3.5498,-3.5445,-3.5398,-3.5361,-3.5341,-3.5344,-3.5381,-3.5462,-3.5598,-3.5795,-3.6056,-3.6373,-3.6736,-3.7133,-3.7557,-3.7995,-3.8417,-3.8773,-3.899,-3.8986,-3.8788,-3.8802,-3.8972,-3.9046,-3.905,-3.9043,-3.9066,-3.9143,-3.9282,-3.947,-3.9673,-3.984,-3.9916,-3.9851,-3.9618,-3.9224,-3.8717,-3.8179,-3.7693,-3.7312,-3.705,-3.6893,-3.6816,-3.6792,-3.6802,-3.6831,-3.687,-3.6913,-3.6956
-3.5468,-3.54,-3.5333,-3.5269,-3.5214,-3.5172,-3.5154,-3.517,-3.5234,-3.5361,-3.5561,-3.5836,-3.6177,-3.6569,-3.6998,-3.7463,-3.7965,-3.8495,-3.903,-3.9558,-4.0099,-4.0499,-4.0266,-3.9803,-3.9493,-3.9305,-3.9203,-3.9183,-3.9251,-3.9408,-3.9633,-3.9885,-4.0102,-4.0219,-4.0185,-3.9974,-3.9595,-3.9101,-3.8568,-3.8074,-3.7671,-3.7374,-3.7177,-3.7059,-3.6997,-3.6974,-3.6976,-3.6992,-3.7015,-3.7043
-3.5383,-3.5301,-3.5219,-3.5137,-3.506,-3.4995,-3.4951,-3.494,-3.4982,-3.5094,-3.5294,-3.5585,-3.5956,-3.638,-3.6839,-3.7333,-3.7885,-3.8512,-3.9216,-4.0019,-4.0958,-4.1685,-4.133,-4.048,-3.9879,-3.953,-3.9344,-3.9286,-3.9347,-3.952,-3.9778,-4.0072,-4.0329,-4.0478,-4.0464,-4.0266,-3.99,-3.9419,-3.8897,-3.8404,-3.7988,-3.7667,-3.7439,-3.7287,-3.7193,-3.7141,-3.7117,-3.7111,-3.7117,-3.7129
-3.5298,-3.5204,-3.5105,-3.5003,-3.4903,-3.481,-3.4735,-3.4692,-3.4702,-3.4793,-3.4989,-3.5301,-3.5711,-3.6178,-3.6664,-3.7172,-3.7749,-3.8442,-3.9275,-4.025,-4.132,-4.2037,-4.171,-4.0837,-4.0131,-3.9691,-3.9451,-3.9367,-3.9425,-3.9611,-3.9896,-4.022,-4.0506,-4.0674,-4.0671,-4.0481,-4.0127,-3.9663,-3.9158,-3.8675,-3.8257,-3.7923,-3.7673,-3.7496,-3.7376,-3.7299,-3.7252,-3.7227,-3.7216,-3.7214
-3.5216,-3.5108,-3.4992,-3.487,-3.4744,-3.4621,-3.4509,-3.4425,-3.4396,-3.4455,-3.4642,-3.4979,-3.5445,-3.5973,-3.649,-3.6995,-3.756,-3.8277,-3.9178,-4.0222,-4.1254,-4.1853,-4.1614,-4.0894,-4.023,-3.9776,-3.9516,-3.9423,-3.9481,-3.9677,-3.9978,-4.0319,-4.0618,-4.0793,-4.0794,-4.0611,-4.0272,-3.9832,-3.9351,-3.8887,-3.8477,-3.814,-3.7877,-3.7682,-3.7542,-3.7444,-3.7379,-3.7337,-3.7311,-3.7296
-3.5138,-3.5015,-3.4882,-3.4739,-3.4586,-3.4429,-3.4277,-3.4145,-3.4063,-3.4076,-3.4242,-3.4609,-3.5158,-3.578,-3.6345,-3.6828,-3.7342,-3.8029,-3.8937,-3.9973,-4.0912,-4.1414,-4.1278,-4.0749,-4.0197,-3.9785,-3.9539,-3.9451,-3.9514,-3.9715,-4.0019,-4.0363,-4.066,-4.0832,-4.0834,-4.0661,-4.0343,-3.9931,-3.9481,-3.9043,-3.8649,-3.8316,-3.805,-3.7844,-3.7689,-3.7576,-3.7496,-3.7439,-3.74,-3.7375
-3.5063,-3.4928,-3.4778,-3.4613,-3.4433,-3.4241,-3.4044,-3.3855,-3.3707,-3.3654,-3.3781,-3.4176,-3.4843,-3.5617,-3.6262,-3.6712,-3.7131,-3.7735,-3.8593,-3.9575,-4.0424,-4.0878,-4.0842,-4.049,-4.0072,-3.9733,-3.9522,-3.9451,-3.9522,-3.9723,-4.002,-4.0351,-4.0634,-4.0797,-4.0799,-4.0639,-4.0347,-3.997,-3.9557,-3.9149,-3.8777,-3.8456,-3.8192,-3.7981,-3.7818,-3.7694,-3.7602,-3.7534,-3.7484,-3.7448
-3.4995,-3.4847,-3.4681,-3.4496,-3.4289,-3.4062,-3.3817,-3.3567,-3.3339,-3.3196,-3.3251,-3.3656,-3.448,-3.5493,-3.6271,-3.6681,-3.697,-3.7448,-3.8212,-3.9112,-3.9886,-4.0325,-4.0382,-4.018,-3.989,-3.9635,-3.9473,-3.9427,-3.9506,-3.9702,-3.9984,-4.0291,-4.0552,-4.0701,-4.0704,-4.0561,-4.0299,-3.996,-3.9586,-3.9213,-3.8867,-3.8563,-3.8306,-3.8096,-3.7929,-3.7798,-3.7696,-3.7619,-3.7561,-3.7517
-3.4933,-3.4774,-3.4594,-3.439,-3.4159,-3.3898,-3.3606,-3.3291,-3.2975,-3.2719,-3.2658,-3.303,-3.4035,-3.5396,-3.6382,-3.6748,-3.6888,-3.7216,-3.7858,-3.8657,-3.9364,-3.9802,-3.9937,-3.9856,-3.968,-3.9508,-3.9398,-3.9381,-3.9469,-3.9657,-3.9916,-4.0195,-4.0429,-4.0562,-4.0567,-4.0442,-4.0213,-3.9913,-3.9579,-3.9242,-3.8925,-3.864,-3.8394,-3.8189,-3.8021,-3.7887,-3.778,-3.7696,-3.7631,-3.758
-3.4879,-3.471,-3.4518,-3.4298,-3.4046,-3.3755,-3.3422,-3.3047,-3.2642,-3.2259,-3.204,-3.2308,-3.3472,-3.5277,-3.6543,-3.6874,-3.6871,-3.7058,-3.757,-3.826,-3.8899,-3.9333,-3.9529,-3.9542,-3.9461,-3.9364,-3.9305,-3.9317,-3.9414,-3.9592,-3.9826,-4.0073,-4.0278,-4.0397,-4.0403,-4.0298,-4.01,-3.9839,-3.9545,-3.9244,-3.8955,-3.8691,-3.846,-3.8262,-3.8097,-3.7962,-3.7852,-3.7764,-3.7693,-3.7637
-3.4834,-3.4658,-3.4456,-3.4224,-3.3954,-3.3641,-3.3275,-3.285,-3.237,-3.1871,-3.1485,-3.1586,-3.2814,-3.5049,-3.6616,-3.6951,-3.6866,-3.6956,-3.7355,-3.7938,-3.8508,-3.893,-3.9166,-3.925,-3.9245,-3.9213,-3.9201,-3.9239,-3.9343,-3.951,-3.972,-3.9936,-4.0115,-4.0219,-4.0227,-4.014,-3.9973,-3.9748,-3.9491,-3.9224,-3.8964,-3.8722,-3.8506,-3.8318,-3.8158,-3.8024,-3.7914,-3.7823,-3.7749,-3.7688
-3.4799,-3.4617,-3.4409,-3.4168,-3.3888,-3.3559,-3.3173,-3.2717,-3.219,-3.1616,-3.1113,-3.1064,-3.224,-3.4667,-3.6445,-3.6872,-3.6813,-3.6873,-3.7195,-3.7686,-3.8189,-3.8591,-3.8851,-3.8986,-3.904,-3.9061,-3.9089,-3.9151,-3.926,-3.9417,-3.9604,-3.9792,-3.9947,-4.0038,-4.0049,-3.9978,-3.9838,-3.9646,-3.9423,-3.9188,-3.8955,-3.8736,-3.8536,-3.8359,-3.8206,-3.8075,-3.7965,-3.7873,-3.7797,-3.7734
-3.4773,-3.4589,-3.4377,-3.4133,-3.3848,-3.3514,-3.3121,-3.2658,-3.2121,-3.1534,-3.1012,-3.0925,-3.1991,-3.4252,-3.6035,-3.6617,-3.6685,-3.6782,-3.7066,-3.7488,-3.7933,-3.8311,-3.8582,-3.8751,-3.8849,-3.8913,-3.8973,-3.9055,-3.9169,-3.9316,-3.9483,-3.9647,-3.9781,-3.9861,-3.9874,-3.9817,-3.9701,-3.9538,-3.9346,-3.9141,-3.8934,-3.8735,-3.8552,-3.8387,-3.8241,-3.8115,-3.8007,-3.7916,-3.7839,-3.7774
-3.4758,-3.4573,-3.4362,-3.4118,-3.3835,-3.3506,-3.3121,-3.2673,-3.2164,-3.1625,-3.1179,-3.116,-3.2106,-3.3976,-3.5569,-3.6275,-3.6501,-3.6673,-3.6952,-3.7328,-3.7727,-3.808,-3.8353,-3.8544,-3.8675,-3.877,-3.8857,-3.8954,-3.9072,-3.9211,-3.9361,-3.9505,-3.9622,-3.9693,-3.9707,-3.9663,-3.9566,-3.9429,-3.9265,-3.9085,-3.8902,-3.8724,-3.8556,-3.8403,-3.8266,-3.8146,-3.8041,-3.7951,-3.7874,-3.7809
-3.4752,-3.457,-3.4362,-3.4123,-3.3849,-3.3533,-3.3168,-3.2754,-3.23,-3.185,-3.1529,-3.1608,-3.2428,-3.3881,-3.5205,-3.5949,-3.6302,-3.6553,-3.6845,-3.7194,-3.7557,-3.7888,-3.8158,-3.8363,-3.8516,-3.8635,-3.8742,-3.8851,-3.8971,-3.9103,-3.924,-3.9368,-3.947,-3.9534,-3.9549,-3.9515,-3.9436,-3.9321,-3.918,-3.9025,-3.8863,-3.8704,-3.8551,-3.841,-3.8282,-3.8168,-3.8067,-3.798,-3.7904,-3.7838
-3.4757,-3.4578,-3.4377,-3.4147,-3.3886,-3.359,-3.3256,-3.2888,-3.2505,-3.2157,-3.196,-3.2114,-3.2806,-3.3916,-3.4982,-3.5698,-3.6124,-3.6436,-3.6745,-3.7078,-3.7416,-3.7728,-3.7992,-3.8204,-3.8372,-3.8508,-3.863,-3.8747,-3.8869,-3.8996,-3.9121,-3.9236,-3.9327,-3.9385,-3.9402,-3.9377,-3.9312,-3.9216,-3.9096,-3.8961,-3.8819,-3.8677,-3.8539,-3.841,-3.8291,-3.8183,-3.8087,-3.8002,-3.7928,-3.7863
-3.477,-3.4598,-3.4405,-3.4188,-3.3944,-3.3673,-3.3375,-3.3059,-3.2749,-3.2498,-3.24,-3.2593,-3.3168,-3.4023,-3.4878,-3.5531,-3.5984,-3.6332,-3.6654,-3.6978,-3.7298,-3.7593,-3.785,-3.8065,-3.8242,-3.839,-3.8522,-3.8646,-3.8768,-3.889,-3.9006,-3.9111,-3.9193,-3.9247,-3.9265,-3.9247,-3.9195,-3.9115,-3.9013,-3.8896,-3.8771,-3.8645,-3.8521,-3.8402,-3.8292,-3.8191,-3.81,-3.8019,-3.7947,-3.7883
-3.4792,-3.4628,-3.4445,-3.4243,-3.4019,-3.3775,-3.3515,-3.3252,-3.3011,-3.2839,-3.2812,-3.3016,-3.3493,-3.4164,-3.4857,-3.5438,-3.5886,-3.6249,-3.6577,-3.6893,-3.7197,-3.7479,-3.7729,-3.7943,-3.8124,-3.828,-3.8418,-3.8546,-3.8669,-3.8786,-3.8896,-3.8992,-3.9068,-3.9118,-3.9138,-3.9126,-3.9085,-3.9018,-3.8931,-3.8831,-3.8721,-3.8609,-3.8498,-3.839,-3.8288,-3.8194,-3.8108,-3.8031,-3.7961,-3.7899
-3.4822,-3.4666,-3.4496,-3.4309,-3.4107,-3.3891,-3.3669,-3.3455,-3.3272,-3.3163,-3.3182,-3.3383,-3.3781,-3.4319,-3.4888,-3.5399,-3.5826,-3.6187,-3.6513,-3.6821,-3.7112,-3.7382,-3.7624,-3.7835,-3.8019,-3.8178,-3.832,-3.8451,-3.8572,-3.8686,-3.879,-3.888,-3.8951,-3.8998,-3.9019,-3.9013,-3.8981,-3.8926,-3.8852,-3.8766,-3.867,-3.8571,-3.8471,-3.8373,-3.828,-3.8193,-3.8112,-3.8038,-3.7971,-3.7911
