docs/data/wind_grid.json
{"header": {"la1":42.1,"la2":41.55,"lo1":12.1,"lo2":12.95,"nx":50,"ny":50,"dx":0.01735,"dy":0.01122,"parameterCategory":2,"parameterNumber":2,"parameterNumberName":"eastward_wind","parameterUnit":"m.s-1"}, "data":
[rows 0 to 45 of 50, columns 0 to 49 of 50]
0.9365,0.9324,0.9276,0.9221,0.9159,0.9089,0.9012,0.8926,0.8834,0.8734,0.8627,0.8515,0.8398,0.8278,0.8156,0.8034,0.7912,0.7793,0.7677,0.7565,0.7456,0.7351,0.7248,0.7145,0.7041,0.6933,0.682,0.6701,0.6574,0.644,0.6297,0.6148,0.5995,0.5839,0.5685,0.5537,0.5399,0.5276,0.5174,0.5093,0.5037,0.5006,0.4997,0.5008,0.5036,0.5077,0.5129,0.5188,0.5251,0.5318
0.9421,0.9381,0.9334,0.9279,0.9216,0.9145,0.9066,0.8978,0.8882,0.8777,0.8666,0.8548,0.8426,0.8299,0.8171,0.8042,0.7914,0.779,0.7669,0.7553,0.7442,0.7336,0.7232,0.7129,0.7025,0.6917,0.6804,0.6683,0.6554,0.6415,0.6267,0.6111,0.5949,0.5784,0.562,0.5461,0.5314,0.5183,0.5074,0.499,0.4933,0.4903,0.4899,0.4916,0.4951,0.5,0.5059,0.5125,0.5195,0.5268
0.948,0.9441,0.9394,0.9339,0.9276,0.9204,0.9123,0.9033,0.8933,0.8825,0.8708,0.8585,0.8455,0.8322,0.8186,0.805,0.7915,0.7784,0.7659,0.7539,0.7426,0.7318,0.7214,0.7111,0.7008,0.6901,0.6788,0.6666,0.6533,0.6391,0.6237,0.6074,0.5904,0.5729,0.5555,0.5385,0.5227,0.5087,0.4971,0.4883,0.4826,0.4798,0.4799,0.4823,0.4866,0.4923,0.499,0.5064,0.5141,0.522
0.9542,0.9504,0.9458,0.9404,0.9341,0.9268,0.9185,0.9092,0.8989,0.8876,0.8754,0.8624,0.8487,0.8345,0.8201,0.8057,0.7915,0.7777,0.7646,0.7522,0.7406,0.7297,0.7193,0.7092,0.699,0.6884,0.6771,0.6649,0.6514,0.6368,0.6209,0.6039,0.586,0.5675,0.549,0.5308,0.5139,0.4989,0.4865,0.4773,0.4716,0.4691,0.4698,0.4729,0.4781,0.4847,0.4922,0.5004,0.5088,0.5174
0.9607,0.957,0.9526,0.9472,0.9409,0.9335,0.9251,0.9155,0.9049,0.8931,0.8803,0.8666,0.8521,0.8371,0.8218,0.8064,0.7913,0.7767,0.7629,0.7501,0.7382,0.7272,0.7169,0.7069,0.697,0.6867,0.6755,0.6632,0.6496,0.6346,0.6182,0.6005,0.5818,0.5623,0.5426,0.5232,0.5051,0.489,0.4758,0.4662,0.4604,0.4584,0.4596,0.4637,0.4698,0.4773,0.4858,0.4947,0.5039,0.5131
0.9675,0.964,0.9597,0.9545,0.9482,0.9408,0.9322,0.9224,0.9114,0.8991,0.8857,0.8712,0.8559,0.8399,0.8235,0.8071,0.791,0.7755,0.7609,0.7475,0.7353,0.7242,0.7141,0.7044,0.6948,0.6848,0.6738,0.6616,0.6479,0.6326,0.6157,0.5974,0.5778,0.5573,0.5364,0.5158,0.4964,0.4792,0.4651,0.455,0.4493,0.4476,0.4497,0.4546,0.4617,0.4702,0.4796,0.4894,0.4993,0.5091
0.9746,0.9713,0.9672,0.9621,0.9559,0.9485,0.9398,0.9298,0.9184,0.9056,0.8916,0.8763,0.86,0.8429,0.8254,0.8078,0.7905,0.7739,0.7585,0.7444,0.7318,0.7207,0.7108,0.7015,0.6924,0.6828,0.6721,0.6601,0.6463,0.6307,0.6134,0.5944,0.574,0.5526,0.5306,0.5087,0.488,0.4696,0.4546,0.4441,0.4383,0.4372,0.44,0.446,0.4541,0.4637,0.4739,0.4845,0.4951,0.5055
0.982,0.9791,0.9752,0.9703,0.9642,0.9568,0.9481,0.9378,0.9261,0.9128,0.898,0.8819,0.8645,0.8463,0.8274,0.8085,0.7898,0.772,0.7555,0.7407,0.7278,0.7166,0.7069,0.6982,0.6896,0.6806,0.6704,0.6585,0.6448,0.629,0.6112,0.5917,0.5706,0.5483,0.5253,0.5022,0.4802,0.4605,0.4446,0.4336,0.4278,0.4272,0.431,0.438,0.4472,0.4577,0.4689,0.4802,0.4914,0.5023
0.9898,0.9872,0.9836,0.9789,0.973,0.9658,0.957,0.9466,0.9345,0.9207,0.9052,0.8881,0.8696,0.85,0.8298,0.8092,0.7891,0.7698,0.7521,0.7363,0.7229,0.7117,0.7024,0.6943,0.6866,0.6783,0.6686,0.6571,0.6433,0.6273,0.6092,0.5891,0.5674,0.5444,0.5205,0.4964,0.4731,0.4522,0.4354,0.4238,0.4182,0.4181,0.4228,0.4308,0.441,0.4525,0.4645,0.4766,0.4884,0.4997
0.9979,0.9957,0.9925,0.9881,0.9825,0.9753,0.9666,0.956,0.9436,0.9293,0.9131,0.8951,0.8754,0.8544,0.8324,0.8102,0.7882,0.7672,0.748,0.7312,0.7171,0.7059,0.6971,0.6899,0.6831,0.6757,0.6668,0.6556,0.6419,0.6257,0.6073,0.5868,0.5646,0.5411,0.5165,0.4915,0.4672,0.4452,0.4274,0.4153,0.4097,0.4103,0.4157,0.4247,0.4359,0.4482,0.461,0.4736,0.4859,0.4977
1.0064,1.0046,1.0018,0.9978,0.9925,0.9856,0.9769,0.9663,0.9537,0.9389,0.9219,0.9029,0.8819,0.8593,0.8356,0.8113,0.7873,0.7644,0.7434,0.7252,0.7104,0.6991,0.6909,0.6847,0.6792,0.673,0.6649,0.6541,0.6406,0.6242,0.6054,0.5846,0.5621,0.5382,0.5133,0.4877,0.4626,0.4397,0.421,0.4085,0.403,0.404,0.4102,0.4201,0.432,0.4451,0.4584,0.4715,0.4842,0.4962
1.0152,1.014,1.0117,1.0082,1.0032,0.9966,0.9881,0.9776,0.9647,0.9495,0.9318,0.9117,0.8894,0.8651,0.8394,0.8129,0.7865,0.7613,0.7381,0.7183,0.7025,0.6912,0.6837,0.6789,0.6749,0.6701,0.6629,0.6527,0.6392,0.6226,0.6035,0.5824,0.5597,0.5359,0.5109,0.4853,0.4598,0.4362,0.4168,0.4039,0.3983,0.3997,0.4065,0.417,0.4296,0.4431,0.4568,0.4703,0.4832,0.4954
1.0244,1.0237,1.022,1.0191,1.0146,1.0084,1.0002,0.9898,0.9768,0.9612,0.9429,0.9217,0.898,0.8719,0.8441,0.8151,0.7861,0.7581,0.7324,0.7105,0.6934,0.6819,0.6754,0.6723,0.6702,0.667,0.661,0.6513,0.6379,0.621,0.6014,0.58,0.5574,0.5338,0.5093,0.4841,0.4587,0.4349,0.4152,0.4019,0.3963,0.3979,0.405,0.4159,0.4288,0.4425,0.4564,0.47,0.483,0.4953
1.0339,1.0339,1.0329,1.0306,1.0267,1.0211,1.0133,1.0031,0.9901,0.9743,0.9553,0.9331,0.9079,0.88,0.8498,0.8182,0.7861,0.755,0.7263,0.7018,0.6831,0.6712,0.6659,0.6649,0.6652,0.6639,0.6591,0.65,0.6365,0.6191,0.5991,0.5773,0.5548,0.5318,0.5082,0.484,0.4595,0.436,0.4163,0.4029,0.3972,0.3987,0.4059,0.4167,0.4296,0.4433,0.4571,0.4706,0.4836,0.4958
1.0438,1.0445,1.0443,1.0427,1.0396,1.0346,1.0274,1.0175,1.0047,0.9887,0.9692,0.9461,0.9195,0.8896,0.857,0.8224,0.7871,0.7524,0.7202,0.6925,0.6715,0.6591,0.6551,0.6568,0.66,0.6609,0.6575,0.6488,0.635,0.617,0.5962,0.5741,0.5516,0.5295,0.5073,0.4848,0.4618,0.4395,0.4203,0.4069,0.401,0.4023,0.4091,0.4196,0.4321,0.4455,0.459,0.4722,0.485,0.497
1.0539,1.0555,1.0561,1.0555,1.0533,1.0491,1.0426,1.0333,1.0208,1.0047,0.9848,0.9608,0.9328,0.901,0.8658,0.8282,0.7893,0.7508,0.7147,0.6831,0.6591,0.6456,0.6434,0.6484,0.6549,0.6583,0.6561,0.6477,0.6334,0.6145,0.5927,0.5699,0.5476,0.5264,0.506,0.4858,0.4651,0.4447,0.4267,0.4137,0.4077,0.4084,0.4145,0.4243,0.4361,0.4489,0.4619,0.4747,0.4871,0.4989
1.0644,1.0669,1.0685,1.0689,1.0677,1.0645,1.0589,1.0503,1.0383,1.0224,1.0023,0.9776,0.9483,0.9146,0.8769,0.8361,0.7935,0.7509,0.7104,0.6744,0.6465,0.6313,0.631,0.6402,0.6506,0.6564,0.6553,0.6468,0.6317,0.6114,0.5882,0.5645,0.5421,0.522,0.5037,0.4863,0.4687,0.451,0.4348,0.4227,0.4166,0.4167,0.4219,0.4307,0.4415,0.4535,0.4658,0.478,0.4899,0.5013
1.0751,1.0786,1.0813,1.0829,1.0829,1.0809,1.0764,1.0688,1.0575,1.042,1.0218,0.9966,0.9662,0.9307,0.8905,0.8465,0.8001,0.7535,0.7087,0.668,0.6352,0.6173,0.6192,0.6334,0.6477,0.6556,0.6551,0.6462,0.6298,0.6076,0.5826,0.5575,0.5348,0.5157,0.4997,0.4855,0.4716,0.4572,0.4436,0.4329,0.427,0.4265,0.4307,0.4383,0.4481,0.459,0.4705,0.482,0.4933,0.5042
1.086,1.0907,1.0946,1.0975,1.0988,1.0982,1.0951,1.0887,1.0784,1.0636,1.0435,1.018,0.9867,0.9496,0.907,0.8599,0.8098,0.7592,0.7106,0.6659,0.6281,0.6063,0.6104,0.6297,0.6472,0.6563,0.6558,0.6459,0.6277,0.6031,0.5756,0.5487,0.5253,0.507,0.4933,0.4826,0.4728,0.4624,0.452,0.4432,0.4379,0.4371,0.4404,0.4468,0.4554,0.4653,0.4759,0.4866,0.4973,0.5077
1.097,1.1029,1.1082,1.1125,1.1155,1.1165,1.115,1.1101,1.1011,1.0872,1.0676,1.042,1.01,0.9716,0.9269,0.8769,0.8232,0.7688,0.7171,0.6703,0.6294,0.6036,0.6092,0.6319,0.6502,0.6589,0.6574,0.6459,0.6253,0.5978,0.5672,0.5379,0.5134,0.4956,0.4842,0.4772,0.4717,0.4658,0.459,0.4526,0.4485,0.4477,0.4503,0.4557,0.4632,0.4721,0.4817,0.4917,0.5016,0.5115
1.1082,1.1154,1.1221,1.1281,1.1328,1.1357,1.1361,1.1331,1.1257,1.113,1.0941,1.0686,1.0362,0.9968,0.9505,0.8979,0.8407,0.7826,0.7285,0.6819,0.6432,0.6174,0.6217,0.6418,0.657,0.6633,0.6599,0.6462,0.6227,0.5917,0.5575,0.5251,0.4991,0.4816,0.4724,0.469,0.468,0.4667,0.464,0.4606,0.458,0.4577,0.46,0.4646,0.4712,0.4792,0.4879,0.4971,0.5064,0.5157
1.1193,1.1279,1.1362,1.1439,1.1506,1.1557,1.1583,1.1575,1.1521,1.141,1.1231,1.098,1.0654,1.0254,0.978,0.9232,0.8627,0.8006,0.7437,0.6984,0.6671,0.6494,0.6489,0.6583,0.6665,0.6691,0.6631,0.6467,0.6199,0.585,0.5466,0.5108,0.4828,0.4654,0.4583,0.4585,0.462,0.4654,0.4668,0.4666,0.4661,0.4667,0.469,0.4733,0.4792,0.4863,0.4943,0.5027,0.5114,0.5201
1.1304,1.1404,1.1504,1.16,1.1689,1.1764,1.1816,1.1834,1.1804,1.1712,1.1546,1.1299,1.0973,1.0571,1.0092,0.9532,0.8895,0.8227,0.7613,0.7148,0.6889,0.6806,0.6767,0.6755,0.6769,0.6756,0.6667,0.6475,0.6172,0.5781,0.5353,0.4957,0.4656,0.4482,0.4431,0.4468,0.4546,0.4624,0.4679,0.471,0.4728,0.4746,0.4773,0.4815,0.4869,0.4934,0.5007,0.5085,0.5166,0.5247
1.1413,1.1528,1.1645,1.1762,1.1875,1.1976,1.2058,1.2107,1.2106,1.2038,1.1886,1.1644,1.1316,1.0914,1.0438,0.9876,0.9217,0.8496,0.7811,0.7284,0.6996,0.6924,0.6904,0.6878,0.6863,0.6822,0.6707,0.6485,0.6147,0.5715,0.5245,0.4813,0.4491,0.4317,0.4284,0.4353,0.4468,0.4585,0.4678,0.474,0.4781,0.4814,0.4848,0.4891,0.4943,0.5003,0.5071,0.5143,0.5219,0.5295
1.1519,1.165,1.1785,1.1923,1.2061,1.2192,1.2307,1.2391,1.2426,1.2387,1.2253,1.2012,1.1677,1.1271,1.0808,1.0261,0.9595,0.8823,0.8047,0.7417,0.7042,0.6927,0.6939,0.6953,0.6943,0.6887,0.6748,0.6499,0.6129,0.5661,0.5154,0.4692,0.4353,0.4179,0.4162,0.4255,0.4401,0.455,0.4673,0.4763,0.4825,0.4873,0.4916,0.4962,0.5013,0.5071,0.5134,0.5202,0.5272,0.5344
1.1622,1.1767,1.192,1.2081,1.2245,1.2408,1.256,1.2686,1.2763,1.2761,1.2646,1.2403,1.2048,1.163,1.1182,1.0672,1.0026,0.9217,0.8349,0.7604,0.7131,0.696,0.6976,0.7018,0.7018,0.695,0.6792,0.6518,0.6122,0.5626,0.5093,0.4611,0.4261,0.4088,0.408,0.419,0.4356,0.4527,0.4673,0.4784,0.4865,0.4927,0.4978,0.5028,0.508,0.5136,0.5196,0.526,0.5326,0.5394
1.1719,1.1878,1.205,1.2232,1.2424,1.262,1.2813,1.2986,1.3114,1.3158,1.3071,1.2819,1.2424,1.1971,1.1536,1.1085,1.0491,0.9677,0.8736,0.7888,0.7325,0.709,0.7072,0.7106,0.7099,0.7018,0.6839,0.6545,0.613,0.5619,0.5073,0.4582,0.4229,0.4056,0.4052,0.4168,0.4342,0.4524,0.4684,0.481,0.4905,0.4977,0.5037,0.5091,0.5145,0.52,0.5258,0.5318,0.5381,0.5444
1.1809,1.1983,1.2172,1.2376,1.2594,1.2825,1.306,1.3286,1.3475,1.3579,1.353,1.3267,1.2802,1.2273,1.1835,1.1461,1.0957,1.0177,0.9197,0.8274,0.763,0.732,0.7237,0.7229,0.7196,0.7092,0.6893,0.6582,0.6157,0.5642,0.5099,0.4612,0.4262,0.4089,0.4082,0.4192,0.4363,0.4545,0.4709,0.4843,0.4947,0.5028,0.5094,0.5152,0.5207,0.5262,0.5318,0.5376,0.5435,0.5495
1.1892,1.2079,1.2284,1.2508,1.2752,1.3016,1.3295,1.3577,1.3835,1.4016,1.4028,1.376,1.319,1.2522,1.2046,1.1758,1.1371,1.0662,0.9689,0.8725,0.8016,0.7623,0.7459,0.7387,0.7311,0.7177,0.6956,0.6632,0.6204,0.5697,0.5169,0.4698,0.4357,0.4182,0.4165,0.4262,0.4419,0.4592,0.4752,0.4888,0.4996,0.5082,0.5152,0.5213,0.5269,0.5323,0.5377,0.5433,0.5489,0.5546
1.1966,1.2164,1.2383,1.2626,1.2894,1.3189,1.351,1.3848,1.4181,1.4455,1.4558,1.4313,1.3609,1.2716,1.2149,1.1942,1.1684,1.1072,1.0148,0.9185,0.8432,0.7964,0.7714,0.757,0.7441,0.7271,0.7028,0.6694,0.627,0.578,0.5276,0.4829,0.4501,0.4325,0.4294,0.437,0.4506,0.4663,0.4813,0.4944,0.5051,0.5139,0.5211,0.5273,0.533,0.5384,0.5437,0.549,0.5543,0.5598
1.203,1.2238,1.2469,1.2727,1.3015,1.3337,1.3694,1.4085,1.4491,1.4866,1.5089,1.4915,1.4084,1.2882,1.216,1.2012,1.1869,1.1362,1.052,0.9597,0.8831,0.8306,0.7981,0.7767,0.7583,0.7376,0.711,0.6769,0.6354,0.5887,0.5413,0.4993,0.468,0.4503,0.4456,0.4507,0.4619,0.4755,0.489,0.5012,0.5115,0.5201,0.5273,0.5335,0.5392,0.5444,0.5496,0.5547,0.5598,0.5649
1.2084,1.2299,1.2539,1.2809,1.3112,1.3454,1.384,1.4272,1.474,1.5206,1.5555,1.5497,1.4599,1.3081,1.2159,1.2018,1.1942,1.1526,1.0783,0.9932,0.9182,0.8624,0.824,0.7964,0.773,0.7487,0.7201,0.6857,0.6453,0.6011,0.5569,0.5178,0.4881,0.4703,0.464,0.4667,0.4751,0.4864,0.4981,0.509,0.5187,0.5269,0.5338,0.5399,0.5454,0.5506,0.5555,0.5604,0.5652,0.5701
1.2126,1.2346,1.2592,1.2869,1.3182,1.3537,1.3941,1.4397,1.4902,1.5426,1.5863,1.591,1.5033,1.3348,1.2252,1.2034,1.1953,1.1595,1.0948,1.0181,0.947,0.8902,0.8478,0.8154,0.7877,0.7602,0.73,0.6953,0.6564,0.6147,0.5737,0.5373,0.5093,0.4914,0.4836,0.4839,0.4898,0.4985,0.5083,0.5179,0.5265,0.5341,0.5407,0.5466,0.5518,0.5568,0.5615,0.5661,0.5707,0.5753
1.2157,1.2379,1.2628,1.2908,1.3225,1.3583,1.3991,1.4452,1.4964,1.5496,1.5946,1.602,1.5214,1.3614,1.246,1.2106,1.195,1.161,1.104,1.0356,0.9694,0.9134,0.8689,0.8331,0.802,0.772,0.7404,0.7058,0.6682,0.629,0.5909,0.5571,0.5305,0.5127,0.5036,0.5018,0.5052,0.5116,0.5195,0.5275,0.535,0.5418,0.5479,0.5534,0.5584,0.563,0.5675,0.5719,0.5762,0.5806
1.2175,1.2398,1.2646,1.2925,1.3239,1.3592,1.3992,1.4438,1.4925,1.5418,1.5807,1.5832,1.5114,1.3768,1.2691,1.2214,1.1955,1.1602,1.1086,1.0474,0.9864,0.9323,0.8869,0.849,0.8155,0.7835,0.751,0.7167,0.6805,0.6436,0.6081,0.5766,0.5514,0.5337,0.5235,0.5199,0.521,0.5253,0.5312,0.5376,0.544,0.55,0.5554,0.5604,0.5651,0.5694,0.5736,0.5777,0.5818,0.5858
1.2183,1.2403,1.2647,1.292,1.3225,1.3566,1.3946,1.4362,1.4801,1.5221,1.5513,1.5467,1.4846,1.3784,1.2852,1.2312,1.1965,1.1588,1.1105,1.055,0.9988,0.9472,0.9021,0.863,0.828,0.7948,0.7617,0.7278,0.693,0.6581,0.625,0.5955,0.5715,0.5539,0.5429,0.5377,0.5369,0.5392,0.5433,0.5482,0.5534,0.5585,0.5632,0.5677,0.5719,0.5759,0.5798,0.5836,0.5874,0.5911
1.2179,1.2394,1.2632,1.2896,1.3187,1.3509,1.3861,1.4236,1.4614,1.495,1.5145,1.5044,1.4522,1.3696,1.2917,1.237,1.1968,1.1569,1.1109,1.0597,1.0077,0.9587,0.9146,0.8752,0.8394,0.8055,0.7723,0.7389,0.7054,0.6724,0.6412,0.6135,0.5906,0.5733,0.5616,0.555,0.5526,0.5531,0.5556,0.5591,0.5631,0.5672,0.5712,0.5751,0.5789,0.5825,0.586,0.5895,0.593,0.5964
1.2164,1.2373,1.2602,1.2853,1.3128,1.3426,1.3744,1.4072,1.4388,1.4644,1.4759,1.463,1.4196,1.3549,1.2901,1.238,1.1954,1.1544,1.11,1.0623,1.0139,0.9675,0.9247,0.8857,0.8497,0.8156,0.7825,0.7499,0.7176,0.6862,0.6568,0.6306,0.6086,0.5915,0.5794,0.5718,0.5679,0.5669,0.5678,0.57,0.5729,0.5761,0.5794,0.5827,0.5859,0.5891,0.5923,0.5954,0.5986,0.6018
1.2139,1.234,1.2558,1.2795,1.305,1.3322,1.3605,1.3886,1.4142,1.433,1.4389,1.425,1.3888,1.3371,1.2828,1.2345,1.192,1.151,1.1082,1.0634,1.0181,0.9741,0.9329,0.8946,0.8589,0.825,0.7924,0.7605,0.7293,0.6995,0.6716,0.6467,0.6256,0.6087,0.5962,0.5878,0.5827,0.5804,0.58,0.581,0.5828,0.5851,0.5876,0.5903,0.593,0.5958,0.5986,0.6014,0.6042,0.6071
1.2106,1.2297,1.2503,1.2723,1.2958,1.3202,1.345,1.3687,1.3891,1.4025,1.4045,1.3907,1.3602,1.3179,1.2718,1.2277,1.1867,1.1465,1.1055,1.0632,1.0205,0.9789,0.9393,0.9021,0.867,0.8337,0.8016,0.7706,0.7406,0.7121,0.6856,0.6619,0.6415,0.6249,0.6121,0.603,0.597,0.5935,0.592,0.5919,0.5927,0.5941,0.5959,0.598,0.6002,0.6025,0.6049,0.6074,0.6099,0.6125
1.2065,1.2245,1.2438,1.2641,1.2854,1.3072,1.3286,1.3484,1.3643,1.3737,1.373,1.3598,1.3338,1.2983,1.2585,1.2186,1.1797,1.1411,1.1019,1.0619,1.0217,0.9823,0.9443,0.9083,0.8741,0.8415,0.8103,0.7802,0.7513,0.724,0.6987,0.676,0.6563,0.64,0.6271,0.6174,0.6106,0.6062,0.6037,0.6026,0.6025,0.6031,0.6042,0.6057,0.6074,0.6092,0.6112,0.6133,0.6156,0.6179
1.2017,1.2186,1.2365,1.2551,1.2743,1.2935,1.3119,1.3281,1.3405,1.3467,1.3444,1.3319,1.3093,1.2789,1.2441,1.2079,1.1715,1.1348,1.0976,1.0597,1.0218,0.9844,0.9482,0.9135,0.8804,0.8487,0.8183,0.7892,0.7615,0.7353,0.7111,0.6892,0.6702,0.6541,0.6411,0.631,0.6236,0.6184,0.615,0.613,0.6121,0.612,0.6125,0.6134,0.6145,0.616,0.6176,0.6193,0.6212,0.6232
1.1963,1.2121,1.2285,1.2455,1.2627,1.2795,1.2951,1.3084,1.3179,1.3217,1.3183,1.3065,1.2865,1.26,1.2292,1.1963,1.1624,1.1278,1.0926,1.0569,1.021,0.9856,0.951,0.9177,0.8857,0.8551,0.8257,0.7976,0.7709,0.7458,0.7226,0.7016,0.6831,0.6673,0.6543,0.6439,0.6359,0.6301,0.6259,0.6232,0.6216,0.6208,0.6207,0.621,0.6217,0.6227,0.6239,0.6253,0.6268,0.6286
1.1904,1.205,1.2202,1.2355,1.2508,1.2654,1.2786,1.2893,1.2965,1.2985,1.2944,1.2832,1.2653,1.2418,1.2142,1.1843,1.1528,1.1203,1.0871,1.0534,1.0195,0.9859,0.953,0.9211,0.8904,0.8608,0.8325,0.8054,0.7797,0.7556,0.7333,0.713,0.6951,0.6796,0.6666,0.656,0.6477,0.6412,0.6365,0.6331,0.6308,0.6294,0.6287,0.6285,0.6287,0.6293,0.6301,0.6312,0.6324,0.6339
1.1841,1.1976,1.2114,1.2252,1.2387,1.2513,1.2624,1.2711,1.2763,1.2771,1.2724,1.2618,1.2455,1.2244,1.1995,1.1721,1.1429,1.1125,1.0812,1.0494,1.0174,0.9856,0.9543,0.9239,0.8944,0.8659,0.8387,0.8126,0.7879,0.7647,0.7433,0.7237,0.7063,0.6911,0.6782,0.6675,0.6588,0.6519,0.6466,0.6426,0.6398,0.6378,0.6366,0.6359,0.6357,0.6359,0.6363,0.6371,0.638,0.6391
1.1775,1.19,1.2025,1.2149,1.2267,1.2376,1.2468,1.2537,1.2574,1.2571,1.2521,1.242,1.2271,1.2079,1.1852,1.1599,1.1329,1.1045,1.0751,1.0451,1.0149,0.9848,0.955,0.926,0.8977,0.8704,0.8442,0.8192,0.7955,0.7732,0.7525,0.7336,0.7167,0.7018,0.689,0.6782,0.6693,0.662,0.6563,0.6519,0.6485,0.646,0.6443,0.6432,0.6426,0.6424,0.6425,0.6429,0.6435,0.6444
