docs/data/wind_grid.json
[{"header":{"la1":42.85,"la2":41.18,"lo1":11.55,"lo2":14.05,"nx":36,"ny":24,"dx":0.07143,"dy":0.07261,"parameterCategory":2,"parameterNumber":2,"parameterNumberName":"eastward_wind","parameterUnit":"m.s-1"},"data":[2.8018,2.8007,2.7935,2.7799,2.7596,2.7326,2.6979,2.654,2.599,2.5322,2.4547,2.3687,2.2764,2.1796,2.0795,1.9775,1.8754,1.776,1.6825,1.5988,1.53,1.4821,1.4592,1.461,1.4825,1.5166,1.5573,1.6004,1.6435,1.6853,1.725,1.7625,1.7977,1.8304,1.8609,1.8891,2.8591,2.8629,2.8592,2.8477,2.8288,2.8034,2.7706,2.7271,2.6686,2.5931,2.5027,2.4021,2.2951,2.1836,2.0682,1.9496,1.8295,1.7111,1.5982,1.4947,1.4073,1.3472,1.3244,1.3388,1.3791,1.4326,1.4901,1.5469,1.6009,1.6514,1.6982,1.7413,1.781,1.8175,1.851,1.8818,2.9257,2.9366,2.9376,2.9281,2.9103,2.8876,2.8605,2.8226,2.7627,2.6749,2.565,2.444,2.319,2.1913,2.0593,1.9219,1.7805,1.6396,1.5039,1.3749,1.2576,1.174,1.1519,1.1905,1.2624,1.3435,1.4223,1.495,1.5609,1.6204,1.6742,1.723,1.7672,1.8074,1.8439,1.877,3.0041,3.0262,3.0344,3.026,3.0063,2.9861,2.9725,2.9536,2.8985,2.7895,2.645,2.4935,2.3471,2.2033,2.055,1.8971,1.7304,1.5633,1.4048,1.2487,1.083,0.9484,0.9296,1.018,1.1401,1.2567,1.3592,1.4481,1.5257,1.5939,1.6545,1.7086,1.7571,1.8007,1.84,1.8753,3.0971,3.1391,3.1604,3.1515,3.1203,3.0958,3.1084,3.1443,3.114,2.9568,2.742,2.5444,2.3759,2.2203,2.0595,1.8811,1.6836,1.4839,1.3101,1.1449,0.9145,0.677,0.6759,0.8521,1.0338,1.1841,1.3073,1.4102,1.4978,1.5737,1.6403,1.6991,1.7515,1.7982,1.8399,1.8771,3.2063,3.2857,3.3377,3.3296,3.2635,3.2056,3.25,3.4208,3.4749,3.1866,2.8326,2.5792,2.3992,2.2444,2.0807,1.8856,1.6517,1.4066,1.2321,1.1116,0.8436,0.5436,0.5607,0.7711,0.9716,1.1367,1.2719,1.3842,1.4791,1.5609,1.6324,1.6954,1.7511,1.8004,1.8442,1.8829,3.3254,3.4735,3.605,3.6197,3.4692,3.2998,3.3175,3.6538,3.8627,3.3363,2.8371,2.5704,2.4124,2.2809,2.1312,1.9308,1.6623,1.3625,1.1998,1.1464,0.7938,0.6052,0.6277,0.7699,0.949,1.114,1.2536,1.3707,1.4701,1.5562,1.6315,1.6979,1.7565,1.8081,1.8534,1.8932,3.4275,3.677,3.9931,4.1288,3.7903,3.373,3.2177,3.3788,3.4753,3.0373,2.6693,2.5073,2.4216,2.3408,2.2305,2.0443,1.7454,1.3894,1.1357,0.8622,0.237,0.1496,0.456,0.7209,0.9336,1.1073,1.2495,1.3682,1.4701,1.5592,1.6379,1.7073,1.7683,1.8217,1.8682,1.9086,3.4603,3.7743,4.3179,4.7555,4.0681,3.3717,3.0227,2.8304,2.626,2.4079,2.3659,2.4178,2.446,2.4368,2.4099,2.2777,1.903,1.4311,0.979,0.3025,-0.852,-0.6493,0.1909,0.6601,0.93,1.1142,1.2556,1.3735,1.4769,1.5691,1.6514,1.724,1.7873,1.8422,1.8893,1.9295,3.3897,3.6171,3.9629,4.1715,3.6346,3.2002,2.8476,2.3982,1.734,1.4775,1.964,2.354,2.5099,2.5596,2.6816,2.7386,2.0712,1.3662,0.829,0.2688,-0.4558,-0.3522,0.2786,0.7067,0.9629,1.1334,1.2652,1.3807,1.4873,1.5849,1.6723,1.7487,1.8145,1.8704,1.9174,1.9567,3.2603,3.339,3.3038,2.9763,2.9727,3.0271,2.8308,2.3073,0.7029,-0.1233,1.6325,2.4099,2.6415,2.6888,2.7256,2.7599,1.8862,0.8815,0.3343,0.2397,0.2,0.2978,0.5715,0.832,1.0158,1.1462,1.2616,1.3799,1.4975,1.6063,1.7018,1.7833,1.8514,1.9075,1.9535,1.9909,3.1432,3.1559,3.0802,2.9108,2.9226,3.0226,3.0785,3.039,1.8983,1.0073,2.0738,2.6636,2.838,2.8959,2.7556,2.317,1.2303,-0.7701,-1.3708,-0.3996,0.2359,0.5439,0.7615,0.9306,1.0341,1.1059,1.2137,1.3594,1.5069,1.6362,1.7434,1.8304,1.9001,1.9554,1.9988,2.0326,3.061,3.0657,3.0386,3.0,3.0124,3.1021,3.3265,3.6876,3.2897,2.6356,2.7429,3.0498,3.0766,2.98,2.8727,2.3954,0.9401,-4.3649,-4.6577,-1.1128,0.1385,0.5942,0.8313,0.9631,0.9648,0.941,1.0902,1.3228,1.5268,1.6841,1.8034,1.8944,1.9636,2.0158,2.0544,2.0826,3.0046,3.013,3.0118,3.013,3.0403,3.1235,3.2925,3.4944,3.3458,3.0427,3.0786,3.3935,3.4635,3.018,2.9022,2.8793,2.1003,-1.2346,-2.2767,-0.5236,0.2398,0.5597,0.8126,0.962,0.8584,0.7065,0.9726,1.3305,1.5897,1.7659,1.8897,1.9795,2.0447,2.0906,2.1215,2.1413,2.9633,2.9749,2.9844,2.9986,3.0289,3.0865,3.1684,3.2259,3.1931,3.1847,3.2749,3.3255,3.2632,3.358,2.9873,3.0235,2.898,1.6689,0.6361,0.3616,0.0928,0.1973,0.6611,0.9869,0.985,0.8882,1.1429,1.487,1.7326,1.8949,2.0074,2.0888,2.1458,2.1817,2.2008,2.2086,2.9309,2.9442,2.9578,2.9757,3.0027,3.0412,3.0861,3.1262,3.1778,3.3284,3.64,3.5635,3.3878,3.1848,2.9884,2.8617,2.7993,2.2283,1.5276,0.4654,-1.2943,-0.8887,0.4081,1.0723,1.3135,1.4108,1.5899,1.7995,1.9566,2.0671,2.1528,2.2212,2.2683,2.2905,2.2924,2.2831,2.9038,2.9177,2.9327,2.9509,2.9746,3.0049,3.0418,3.0895,3.1709,3.3363,3.5838,3.4851,3.384,3.3344,3.052,2.8626,2.6908,2.5021,2.1952,0.9464,-1.4711,-0.9466,0.5612,1.3262,1.7193,1.9635,2.1199,2.1918,2.223,2.2576,2.3108,2.3718,2.4132,2.4175,2.3942,2.3616,2.8802,2.894,2.909,2.9265,2.9481,2.9748,3.0089,3.0553,3.124,3.2196,3.3008,3.3029,3.3422,3.336,3.1694,3.0682,2.8859,2.9797,3.3201,2.2763,1.0356,0.7921,1.2802,1.7765,2.2148,2.6042,2.7436,2.6159,2.4794,2.4287,2.4575,2.5312,2.579,2.5577,2.4978,2.4364,2.8588,2.872,2.8864,2.9029,2.9225,2.9463,2.9761,3.0143,3.0623,3.1152,3.156,3.1759,3.1947,3.2216,3.4386,3.5537,3.0994,3.0797,3.2486,2.9652,2.3414,1.9466,1.9765,2.236,2.683,3.3213,3.4673,2.9748,2.6556,2.5427,2.5641,2.6722,2.7385,2.6822,2.5815,2.4944,2.839,2.8513,2.8647,2.8798,2.8972,2.9177,2.9422,2.9711,3.0037,3.0359,3.0618,3.0805,3.1029,3.1689,3.3742,3.4328,3.126,3.0731,3.4086,3.5935,2.9051,2.5276,2.4575,2.5562,2.8567,3.4481,3.586,2.9604,2.6745,2.5818,2.6056,2.7231,2.795,2.7259,2.615,2.5232,2.8202,2.8315,2.8436,2.857,2.872,2.8891,2.9084,2.9297,2.952,2.9729,2.9905,3.0058,3.0259,3.0664,3.1261,3.1183,3.0296,3.0328,3.2098,3.2584,2.9997,2.8906,2.866,2.7926,2.7868,2.8013,2.5543,2.5429,2.5748,2.5675,2.5901,2.6613,2.7092,2.6711,2.5945,2.5223,2.8022,2.8124,2.8232,2.8347,2.8474,2.8611,2.876,2.8915,2.9067,2.9207,2.9324,2.9428,2.9545,2.9697,2.9805,2.9679,2.9412,2.9473,2.9972,3.0288,3.0927,3.3545,3.4359,3.0849,2.7782,2.528,2.2411,2.3718,2.5253,2.5543,2.5645,2.5893,2.6085,2.5936,2.5526,2.5052,2.785,2.794,2.8033,2.8131,2.8235,2.8343,2.8455,2.8566,2.867,2.876,2.8833,2.8889,2.8934,2.8963,2.8944,2.885,2.8755,2.882,2.9147,2.9918,3.2137,3.6931,3.8414,3.2994,2.8452,2.5844,2.4514,2.4967,2.5748,2.5709,2.5563,2.5531,2.5524,2.541,2.5168,2.4857,2.7684,2.7762,2.7842,2.7923,2.8007,2.809,2.8173,2.8251,2.8319,2.8374,2.8412,2.8432,2.8435,2.8415,2.8368,2.8305,2.8278,2.8378,2.8733,2.9607,3.1526,3.4379,3.4994,3.187,2.8569,2.6526,2.559,2.5557,2.5836,2.575,2.5529,2.5372,2.5256,2.5118,2.4931,2.4703]},{"header":{"la1":42.85,"la2":41.18,"lo1":11.55,"lo2":14.05,"nx":36,"ny":24,"dx":0.07143,"dy":0.07261,"parameterCategory":2,"parameterNumber":3,"parameterNumberName":"northward_wind","parameterUnit":"m.s-1"},"data":[0.3289,0.3352,0.3397,0.342,0.3415,0.3377,0.3295,0.3157,0.2956,0.2693,0.2383,0.205,0.1723,0.1427,0.1185,0.1016,0.0933,0.0945,0.1052,0.1231,0.1432,0.1581,0.1615,0.1506,0.1273,0.0957,0.06,0.0232,-0.0126,-0.0461,-0.0769,-0.1045,-0.1291,-0.1508,-0.1697,-0.1861,0.3525,0.3613,0.3683,0.3732,0.3755,0.3745,0.3688,0.356,0.3339,0.3021,0.2629,0.2201,0.1783,0.1409,0.1108,0.0903,0.0814,0.0861,0.106,0.1396,0.1793,0.2107,0.2206,0.2054,0.1711,0.1266,0.079,0.0323,-0.0113,-0.0508,-0.086,-0.1169,-0.1437,-0.1669,-0.1868,-0.2037,0.3775,0.3894,0.3995,0.4075,0.4136,0.4174,0.4171,0.4081,0.3851,0.3458,0.2942,0.2377,0.1831,0.1352,0.097,0.071,0.0592,0.0656,0.0963,0.1548,0.2307,0.2937,0.3124,0.284,0.2279,0.1627,0.0985,0.0392,-0.0135,-0.0596,-0.0993,-0.1333,-0.1622,-0.1866,-0.2071,-0.2242,0.404,0.4196,0.4332,0.4446,0.4551,0.4662,0.4766,0.4785,0.4576,0.4067,0.335,0.2578,0.1855,0.1237,0.0752,0.0411,0.0222,0.0228,0.0592,0.1543,0.3013,0.4298,0.4559,0.3907,0.2945,0.1993,0.1141,0.0406,-0.0219,-0.0744,-0.1183,-0.1549,-0.1853,-0.2105,-0.2312,-0.2481,0.4315,0.452,0.4698,0.4843,0.4983,0.5182,0.5481,0.5767,0.5668,0.4941,0.3864,0.2782,0.1827,0.1037,0.0426,-0.001,-0.0328,-0.0576,-0.0462,0.0896,0.375,0.6373,0.6497,0.5062,0.355,0.2261,0.1193,0.0317,-0.0397,-0.0977,-0.1448,-0.183,-0.2141,-0.2392,-0.2595,-0.2758,0.4596,0.4872,0.511,0.5275,0.5408,0.5662,0.6227,0.7086,0.7324,0.6097,0.4401,0.2924,0.1702,0.0702,-0.0055,-0.0568,-0.0998,-0.1793,-0.2968,-0.1561,0.3578,0.7564,0.7465,0.5629,0.3828,0.2303,0.1062,0.0074,-0.0705,-0.1318,-0.1802,-0.2186,-0.2492,-0.2735,-0.2926,-0.3075,0.4862,0.525,0.5609,0.5799,0.5824,0.5996,0.6681,0.8127,0.8876,0.6927,0.467,0.291,0.1432,0.0157,-0.0819,-0.1354,-0.1622,-0.2607,-0.5873,-0.49,0.3419,0.6963,0.6936,0.5549,0.3721,0.2042,0.0681,-0.0372,-0.1176,-0.179,-0.2262,-0.2628,-0.2914,-0.3136,-0.3308,-0.3437,0.5059,0.5601,0.6239,0.6566,0.6275,0.6164,0.6602,0.7483,0.7811,0.6356,0.4496,0.2753,0.103,-0.0705,-0.219,-0.2797,-0.2406,-0.1977,-0.2426,0.1111,1.1264,1.301,0.9136,0.5868,0.3365,0.1435,-0.0009,-0.1067,-0.1839,-0.2407,-0.2834,-0.3159,-0.3409,-0.3601,-0.3744,-0.3846,0.5095,0.5712,0.6726,0.7526,0.656,0.6207,0.6553,0.6809,0.6597,0.5756,0.44,0.2684,0.0659,-0.1904,-0.4917,-0.608,-0.4261,-0.1855,0.1419,1.0008,2.6569,2.3752,1.2141,0.5908,0.2503,0.0355,-0.1079,-0.2046,-0.2708,-0.3175,-0.3518,-0.3778,-0.3979,-0.413,-0.4238,-0.4306,0.4917,0.5294,0.5848,0.6205,0.5433,0.6061,0.7082,0.7411,0.6981,0.6235,0.4838,0.2918,0.068,-0.275,-0.9815,-1.3498,-0.7072,-0.3186,0.0551,0.8301,2.0045,1.8799,0.9808,0.3987,0.0653,-0.1366,-0.2595,-0.3329,-0.3778,-0.4078,-0.4302,-0.4479,-0.4621,-0.4726,-0.4793,-0.4822,0.4643,0.4631,0.4021,0.2088,0.2626,0.606,0.8652,0.9345,0.7702,0.6919,0.551,0.3383,0.1368,-0.1276,-0.8334,-1.355,-0.7024,-0.5015,-0.3274,0.0883,0.5761,0.6548,0.3546,0.0261,-0.2207,-0.3781,-0.4579,-0.4892,-0.5008,-0.5082,-0.5161,-0.525,-0.5333,-0.5393,-0.5417,-0.5401,0.4462,0.4349,0.3661,0.222,0.3053,0.7421,1.187,1.4343,1.0809,0.7658,0.5825,0.3985,0.2353,0.101,-0.0558,-0.3236,-0.4999,-0.8974,-0.9672,-0.5679,-0.2443,-0.1345,-0.2123,-0.3833,-0.5678,-0.6844,-0.6986,-0.6639,-0.6305,-0.612,-0.6062,-0.6079,-0.612,-0.6144,-0.6127,-0.6059,0.4407,0.4462,0.4375,0.4437,0.584,0.9372,1.4511,1.9519,1.5916,0.9224,0.5968,0.5334,0.4273,0.154,0.1371,0.0436,-0.3709,-1.8194,-1.9059,-1.0003,-0.705,-0.6285,-0.6401,-0.7387,-0.9241,-1.0376,-0.9554,-0.831,-0.7506,-0.7111,-0.6973,-0.6969,-0.7006,-0.7013,-0.6954,-0.6819,0.4377,0.4613,0.4932,0.5578,0.7004,0.9565,1.319,1.6604,1.4333,0.8157,0.5319,0.7026,0.7926,0.6981,0.3414,0.421,0.0831,-0.9788,-1.3421,-1.064,-1.0755,-1.0894,-1.0145,-0.997,-1.1576,-1.289,-1.1252,-0.944,-0.8438,-0.8001,-0.7896,-0.7959,-0.8051,-0.8065,-0.7952,-0.7718,0.428,0.4594,0.5029,0.5706,0.6774,0.8279,0.9933,1.0649,0.8646,0.4957,0.2774,0.3246,0.4213,0.4207,0.3662,0.4919,0.1471,-0.2522,-0.7474,-1.2339,-1.8244,-1.8626,-1.4616,-1.1856,-1.1612,-1.2111,-1.1101,-0.9845,-0.9095,-0.8814,-0.8886,-0.9147,-0.9384,-0.9423,-0.9211,-0.8805,0.4089,0.4393,0.4781,0.5293,0.5938,0.6626,0.7052,0.6632,0.4832,0.1777,-0.2025,-0.0024,0.1391,0.2607,0.2247,0.1714,0.064,-0.2117,-0.7125,-1.778,-3.6467,-3.2428,-1.9574,-1.3544,-1.162,-1.1183,-1.0739,-1.0144,-0.9696,-0.9642,-1.0055,-1.0731,-1.1256,-1.1301,-1.0858,-1.0128,0.3818,0.4065,0.4351,0.467,0.4984,0.5189,0.5084,0.4409,0.2987,0.0798,-0.173,-0.0392,0.0937,0.1138,0.0606,-0.0157,-0.109,-0.2747,-0.5864,-1.6662,-3.9118,-3.4066,-2.0031,-1.3921,-1.2055,-1.182,-1.1647,-1.1007,-1.0411,-1.0509,-1.1525,-1.3055,-1.4118,-1.4026,-1.302,-1.1689,0.3499,0.3676,0.3856,0.4019,0.4121,0.4086,0.3808,0.3193,0.2228,0.1078,0.025,0.0302,0.0688,0.0453,-0.1712,-0.2974,-0.2585,-0.2011,-0.086,-0.7444,-1.7169,-1.9096,-1.5248,-1.2713,-1.2727,-1.4384,-1.4713,-1.2709,-1.1059,-1.1192,-1.3314,-1.6594,-1.8597,-1.7861,-1.5632,-1.3326,0.316,0.3272,0.3365,0.3419,0.3399,0.326,0.2952,0.2453,0.1797,0.1106,0.0559,0.0201,-0.026,-0.1769,-0.644,-0.835,-0.4109,-0.2074,-0.1121,-0.2753,-0.7141,-1.0258,-1.0777,-1.1104,-1.3661,-1.9778,-2.1171,-1.4518,-1.0817,-1.1102,-1.4911,-2.1095,-2.4382,-2.2067,-1.799,-1.4588,0.2823,0.288,0.2909,0.2892,0.2807,0.2627,0.2334,0.1925,0.1431,0.0906,0.0393,-0.0158,-0.0999,-0.2756,-0.6113,-0.7182,-0.4273,-0.2304,0.0164,0.1318,-0.3399,-0.6579,-0.8018,-0.9248,-1.2312,-1.9986,-2.1819,-1.1476,-0.8206,-0.9449,-1.4583,-2.2806,-2.6891,-2.3563,-1.8632,-1.4851,0.25,0.2515,0.2498,0.2438,0.2318,0.2126,0.1853,0.1503,0.109,0.0635,0.0137,-0.0454,-0.1265,-0.245,-0.3802,-0.4233,-0.3479,-0.2449,-0.1126,-0.0978,-0.3378,-0.5411,-0.6412,-0.7087,-0.7666,-0.6427,0.054,-0.0241,-0.3325,-0.6045,-1.1014,-1.7962,-2.1813,-2.0222,-1.6821,-1.3867,0.2197,0.2181,0.2133,0.2046,0.1909,0.1715,0.1461,0.1148,0.0783,0.0371,-0.0093,-0.0636,-0.1293,-0.2052,-0.2747,-0.3086,-0.3018,-0.2767,-0.2588,-0.3013,-0.4282,-0.5506,-0.5877,-0.5667,-0.4303,0.0749,0.8851,0.5003,0.0689,-0.1689,-0.5978,-1.1148,-1.4549,-1.498,-1.3709,-1.208,0.1918,0.1879,0.181,0.1706,0.1561,0.137,0.1131,0.0845,0.0515,0.0141,-0.0278,-0.0751,-0.1275,-0.182,-0.2306,-0.2644,-0.283,-0.2962,-0.3204,-0.377,-0.4762,-0.5862,-0.6101,-0.5273,-0.3482,-0.016,0.2989,0.2984,0.3997,0.247,-0.1985,-0.6383,-0.9426,-1.0733,-1.0755,-1.0158,0.1662,0.1606,0.1524,0.1411,0.1262,0.1076,0.0851,0.0587,0.0285,-0.0053,-0.0428,-0.0837,-0.1271,-0.1708,-0.2112,-0.2453,-0.274,-0.3024,-0.3389,-0.3923,-0.4649,-0.5366,-0.5508,-0.4803,-0.3417,-0.1485,0.0398,0.2228,0.4378,0.3133,-0.0558,-0.4041,-0.6551,-0.7982,-0.8528,-0.8509]}]