docs/data/wind_grid.json
[{"header":{"la1":42.85,"la2":41.18,"lo1":11.55,"lo2":14.05,"nx":36,"ny":24,"dx":0.07143,"dy":0.07261,"parameterCategory":2,"parameterNumber":2,"parameterNumberName":"eastward_wind","parameterUnit":"m.s-1"},"data":[2.8068,2.8055,2.801,2.7922,2.778,2.7564,2.7247,2.6794,2.6169,2.5353,2.4346,2.3168,2.1847,2.0419,1.8929,1.7448,1.6083,1.498,1.4279,1.4055,1.426,1.4745,1.5351,1.5978,1.6595,1.7197,1.7782,1.8341,1.8867,1.9354,1.9799,2.0202,2.0565,2.0891,2.1184,2.1447,2.8423,2.8457,2.8461,2.8427,2.8346,2.8199,2.7948,2.7534,2.689,2.5976,2.4797,2.339,2.1795,2.0046,1.8178,1.626,1.4437,1.2951,1.2092,1.2029,1.265,1.3598,1.4538,1.5349,1.6071,1.6758,1.7424,1.806,1.8653,1.9196,1.9684,2.0121,2.0509,2.0853,2.1159,2.1431,2.8803,2.8893,2.8956,2.8987,2.8988,2.8951,2.8833,2.853,2.7902,2.6866,2.5451,2.3743,2.1812,1.9677,1.7337,1.4816,1.227,1.0104,0.8952,0.9288,1.0867,1.2746,1.413,1.5002,1.5699,1.6404,1.7127,1.7832,1.849,1.9084,1.9612,2.0078,2.0486,2.0844,2.1159,2.1437,2.9206,2.9367,2.9498,2.9599,2.9692,2.9815,2.9947,2.9909,2.9377,2.8154,2.6363,2.4241,2.1906,1.9341,1.6453,1.3135,0.9425,0.5893,0.397,0.5183,0.9133,1.3081,1.483,1.5193,1.5535,1.6149,1.6905,1.7674,1.839,1.9031,1.9592,2.0079,2.0501,2.0866,2.1184,2.1463,2.9632,2.9889,3.0105,3.0262,3.0424,3.0735,3.1304,3.1885,3.165,3.0026,2.7545,2.4839,2.2049,1.9056,1.5629,1.1393,0.592,-0.0518,-0.5006,-0.2331,0.7466,1.633,1.7482,1.589,1.5472,1.5958,1.6759,1.7598,1.837,1.9047,1.9631,2.0129,2.0555,2.092,2.1236,2.151,3.0075,3.0485,3.0835,3.1029,3.1144,3.1553,3.2727,3.4628,3.518,3.2514,2.8792,2.538,2.2154,1.8797,1.4978,1.0041,0.2578,-0.919,-2.1965,-1.8436,0.2571,1.9168,1.9212,1.5829,1.5162,1.5767,1.6698,1.7622,1.8441,1.9141,1.9732,2.023,2.0649,2.1006,2.131,2.1574,3.0502,3.1176,3.1837,3.2102,3.19,3.2024,3.3479,3.6852,3.86,3.4274,2.944,2.5634,2.2107,1.8412,1.438,0.9505,0.163,-1.4225,-3.9617,-3.677,-0.6295,0.9921,1.3818,1.3829,1.4496,1.5621,1.6764,1.7771,1.8616,1.9317,1.9898,2.0379,2.0781,2.1118,2.1405,2.1652,3.08,3.1867,3.3299,3.4004,3.2898,3.2054,3.2818,3.5047,3.5999,3.2834,2.9078,2.5621,2.1895,1.7557,1.295,0.8912,0.3963,-0.6612,-2.2156,-1.9419,-0.4088,0.2982,0.8395,1.1803,1.4036,1.5716,1.7028,1.8065,1.8896,1.957,2.012,2.0571,2.0942,2.1251,2.1512,2.1737,3.0743,3.2024,3.4537,3.6683,3.3629,3.1583,3.1684,3.233,3.2301,3.1008,2.879,2.5821,2.1822,1.5937,0.8265,0.4336,0.5549,0.3855,-0.06,-0.1437,-0.2184,-0.0384,0.6608,1.1471,1.437,1.6226,1.752,1.8491,1.9259,1.988,2.0384,2.0792,2.1122,2.1393,2.1621,2.182,3.0192,3.0871,3.2221,3.3136,3.0467,3.0181,3.0999,3.1627,3.1911,3.1468,2.953,2.668,2.2705,1.5031,-0.2773,-1.2299,0.3808,1.0419,1.0039,0.6751,0.1844,0.3076,0.8914,1.3101,1.558,1.7101,1.8148,1.8968,1.9651,2.0216,2.067,2.1026,2.1306,2.153,2.1718,2.1885,2.9435,2.909,2.7566,2.3362,2.404,2.8617,3.1049,3.2118,3.3021,3.3501,3.0715,2.8058,2.5225,1.9968,0.2017,-1.1614,0.8708,1.7226,1.835,1.5699,1.2416,1.194,1.3912,1.5898,1.7168,1.796,1.864,1.9339,1.9996,2.0541,2.0955,2.1255,2.1472,2.1638,2.178,2.1914,2.8948,2.8225,2.6381,2.332,2.424,2.8995,3.2124,3.3615,3.3075,3.275,3.1084,2.9622,2.8175,2.7183,2.4076,1.8346,2.1217,2.669,2.7585,2.3668,2.0289,1.8695,1.8413,1.8415,1.8164,1.8024,1.8524,1.941,2.0239,2.0843,2.123,2.1459,2.1594,2.1688,2.1778,2.1881,2.8868,2.8371,2.7522,2.6836,2.7844,3.0417,3.2996,3.6444,3.2891,3.2098,3.1623,3.1901,3.093,2.977,3.0077,2.6938,2.7888,3.6726,3.6956,2.877,2.4885,2.2882,2.1482,1.9818,1.7483,1.6142,1.7332,1.9164,2.0448,2.1164,2.1497,2.1611,2.1627,2.1628,2.1664,2.1749,2.9024,2.884,2.8663,2.8794,2.961,3.098,3.2266,3.2308,3.2179,3.2179,3.2435,3.4387,3.4677,2.9423,2.9504,2.875,2.8579,3.2391,3.3484,2.9636,2.7278,2.5641,2.3727,2.0699,1.5805,1.3002,1.6007,1.9205,2.0897,2.1595,2.1754,2.1654,2.1487,2.1374,2.1367,2.1465,2.9233,2.9251,2.935,2.9655,3.0247,3.1024,3.171,3.2051,3.2246,3.2711,3.3332,3.3497,3.278,3.3642,2.9999,2.8668,2.5017,2.8339,2.9854,2.9592,2.9094,2.8084,2.5986,2.2731,1.8071,1.5412,1.7804,2.0554,2.188,2.2188,2.1937,2.146,2.1019,2.0779,2.078,2.0967,2.941,2.9527,2.9719,3.0031,3.0472,3.0985,3.1474,3.1907,3.2477,3.3656,3.5801,3.4829,3.3717,3.2373,3.066,2.8379,2.6281,2.8663,3.0168,3.0606,3.1245,3.0519,2.8165,2.559,2.3025,2.1637,2.22,2.3137,2.3354,2.2846,2.1873,2.077,1.9931,1.9607,1.9759,2.0188,2.9534,2.9694,2.9909,3.0195,3.0551,3.0952,3.1378,3.1861,3.2551,3.3749,3.5438,3.4638,3.4089,3.39,3.2101,3.0876,3.0407,3.1561,3.2711,3.2093,3.1745,3.1186,2.9458,2.7894,2.6931,2.6698,2.6686,2.6161,2.5018,2.3365,2.1279,1.914,1.7731,1.7514,1.8162,1.9111,2.9612,2.9785,2.9999,3.0259,3.0565,3.091,3.1295,3.1749,3.2327,3.3046,3.3633,3.371,3.4099,3.4274,3.424,3.4313,3.3467,3.5033,3.7386,3.4507,3.248,3.1323,3.0235,2.9559,2.9969,3.1379,3.1552,2.9403,2.661,2.3593,1.9923,1.6007,1.3779,1.4233,1.6031,1.7867,2.9652,2.9827,3.0031,3.0268,3.054,3.0844,3.1185,3.1573,3.2014,3.2475,3.2863,3.317,3.3615,3.4627,3.8431,4.0171,3.5761,3.5795,3.7176,3.6624,3.4254,3.2184,3.0959,3.0696,3.2332,3.6702,3.766,3.2253,2.7678,2.3615,1.8222,1.1667,0.8427,1.0467,1.4011,1.6865,2.9664,2.9834,3.0026,3.0243,3.0486,3.0755,3.1052,3.1377,3.1726,3.2082,3.243,3.2816,3.3426,3.4808,3.7885,3.8886,3.6022,3.5824,3.878,4.0271,3.566,3.2762,3.1358,3.1014,3.2465,3.7327,3.8503,3.1358,2.7447,2.3856,1.8002,0.9933,0.6095,0.9103,1.3453,1.6682,2.9655,2.9816,2.9995,3.0193,3.0411,3.0649,3.0907,3.1183,3.1475,3.1778,3.2102,3.2492,3.3063,3.3987,3.5151,3.5492,3.4945,3.5232,3.6911,3.7317,3.4684,3.2504,3.1381,3.0686,3.032,2.938,2.5282,2.5543,2.6403,2.4841,2.0498,1.4197,1.0682,1.2075,1.5046,1.7559,2.9629,2.978,2.9946,3.0127,3.0322,3.0533,3.0758,3.0996,3.1247,3.1511,3.18,3.214,3.2572,3.3107,3.3613,3.3839,3.3851,3.4062,3.4459,3.4208,3.2991,3.197,3.1545,3.0578,2.8883,2.5479,2.0534,2.3295,2.7167,2.7052,2.4106,1.9935,1.7044,1.6675,1.7761,1.9122,2.959,2.9732,2.9884,3.0048,3.0223,3.041,3.0607,3.0814,3.103,3.1259,3.1505,3.1779,3.2087,3.2411,3.2688,3.2853,3.293,3.2995,3.2981,3.2662,3.2077,3.1855,3.1903,3.0753,2.8851,2.6536,2.496,2.7255,3.0982,3.0096,2.7009,2.3771,2.1384,2.033,2.0313,2.0787,2.9542,2.9673,2.9812,2.9961,3.0118,3.0283,3.0456,3.0635,3.0822,3.1015,3.1218,3.1432,3.1652,3.1862,3.2033,3.2142,3.2188,3.2176,3.2073,3.184,3.1572,3.1498,3.1345,3.0435,2.9072,2.7841,2.7555,2.9244,3.1539,3.0681,2.8128,2.5662,2.3788,2.2672,2.2225,2.2212]},{"header":{"la1":42.85,"la2":41.18,"lo1":11.55,"lo2":14.05,"nx":36,"ny":24,"dx":0.07143,"dy":0.07261,"parameterCategory":2,"parameterNumber":3,"parameterNumberName":"northward_wind","parameterUnit":"m.s-1"},"data":[1.6974,1.7132,1.73,1.7477,1.7658,1.7829,1.7971,1.8064,1.8092,1.8054,1.7971,1.7866,1.7763,1.7668,1.7571,1.7434,1.7196,1.6773,1.6095,1.5158,1.408,1.3073,1.2342,1.1962,1.1873,1.1961,1.213,1.2321,1.2507,1.2682,1.2842,1.2991,1.3129,1.326,1.3383,1.3499,1.7046,1.7232,1.7437,1.7662,1.7903,1.8148,1.8365,1.8512,1.8553,1.8486,1.8349,1.8199,1.8078,1.8008,1.798,1.7948,1.7814,1.7419,1.6577,1.5209,1.3505,1.1933,1.0944,1.0638,1.0793,1.1139,1.1514,1.1852,1.214,1.2385,1.2599,1.2788,1.2961,1.312,1.3267,1.3404,1.7111,1.7328,1.7573,1.7852,1.8175,1.8533,1.8884,1.9137,1.9202,1.9065,1.8812,1.8564,1.8402,1.8362,1.8447,1.8616,1.8749,1.8561,1.7603,1.5519,1.2564,0.9849,0.8521,0.861,0.9355,1.0169,1.0845,1.1366,1.1767,1.2087,1.2354,1.2586,1.2794,1.2983,1.3157,1.3317,1.7166,1.7418,1.7702,1.8037,1.8457,1.8988,1.9588,2.0077,2.0201,1.9895,1.9388,1.8946,1.8702,1.8691,1.8932,1.9434,2.0127,2.0618,1.9901,1.6702,1.1066,0.5774,0.4201,0.5655,0.7639,0.9165,1.0202,1.0908,1.1412,1.1798,1.2114,1.2387,1.263,1.2852,1.3054,1.3239,1.7215,1.751,1.7834,1.8206,1.8708,1.9468,2.0532,2.159,2.1892,2.1153,2.0085,1.9302,1.8928,1.8935,1.9345,2.0288,2.1965,2.4211,2.5159,2.0721,0.9499,-0.1717,-0.2542,0.232,0.6141,0.8386,0.9701,1.0525,1.1092,1.1523,1.188,1.2192,1.2473,1.273,1.2964,1.3175,1.7261,1.7633,1.8017,1.8384,1.8865,1.9812,2.1594,2.3971,2.4831,2.2933,2.077,1.9528,1.9023,1.9033,1.9553,2.0871,2.376,2.9429,3.6292,3.2027,1.2231,-0.651,-0.6104,0.1274,0.5758,0.8109,0.942,1.0231,1.0802,1.1254,1.1646,1.2,1.2324,1.2621,1.289,1.3131,1.7294,1.7831,1.84,1.8748,1.8932,1.9716,2.1984,2.6068,2.7973,2.4181,2.094,1.9473,1.8953,1.8968,1.9463,2.078,2.4102,3.2489,4.8294,4.5637,1.9332,0.3792,0.1043,0.399,0.6644,0.8291,0.9296,0.9973,1.0502,1.0967,1.1399,1.1806,1.2184,1.253,1.284,1.3114,1.7241,1.8072,1.9238,1.9856,1.9153,1.9036,2.067,2.3788,2.5176,2.2491,2.0176,1.9117,1.8766,1.881,1.9158,2.0014,2.2217,2.7602,3.5952,3.0754,1.2151,0.573,0.5523,0.6505,0.765,0.8508,0.9118,0.9623,1.0116,1.0618,1.1122,1.1608,1.2059,1.2466,1.2825,1.3134,1.6921,1.793,2.0081,2.1977,1.9326,1.7849,1.8555,1.9886,2.0487,1.9953,1.9176,1.8699,1.8592,1.8708,1.8901,1.9199,1.9954,2.1288,2.1153,1.2957,-0.3061,-0.152,0.4925,0.7225,0.7996,0.8322,0.8602,0.9002,0.9541,1.0162,1.0801,1.141,1.1962,1.2446,1.286,1.3205,1.6193,1.6652,1.7782,1.8585,1.6029,1.5797,1.6737,1.7846,1.8994,1.9379,1.8769,1.8428,1.8552,1.8806,1.8884,1.8862,1.8931,1.8678,1.6823,1.0736,0.1284,0.1432,0.5878,0.7536,0.7615,0.7359,0.7398,0.7882,0.8668,0.9565,1.0442,1.1235,1.1921,1.2497,1.2969,1.3349,1.5294,1.478,1.3157,0.9012,0.9588,1.3518,1.5277,1.661,1.9744,2.1295,1.8765,1.8221,1.8703,1.9307,1.9219,1.8919,1.8842,1.8439,1.7087,1.3923,0.9925,0.8225,0.8196,0.7509,0.6067,0.4934,0.4953,0.5983,0.7421,0.8846,1.0095,1.1136,1.1983,1.2659,1.3187,1.359,1.4666,1.3782,1.1852,0.8868,0.953,1.2892,1.4086,1.4429,1.683,1.9027,1.7762,1.7811,1.893,2.0221,2.1098,1.965,1.9223,1.9609,1.907,1.661,1.3841,1.1555,0.9336,0.6156,0.2108,-0.0433,0.0383,0.3092,0.5875,0.8137,0.9876,1.1207,1.2223,1.2991,1.3558,1.3963,1.4433,1.3741,1.271,1.1801,1.2173,1.3187,1.3232,1.3881,1.2589,1.5319,1.6317,1.7085,1.8342,2.2281,2.3557,1.995,1.9576,2.2157,2.2057,1.8162,1.5479,1.2961,0.9438,0.3331,-0.5722,-1.0932,-0.6845,-0.0361,0.4495,0.7747,0.998,1.1576,1.2737,1.3568,1.4138,1.4505,1.4435,1.4007,1.3537,1.3241,1.3298,1.3376,1.2877,1.1374,1.2056,1.4051,1.5083,1.6473,1.6978,1.6493,1.9153,2.0575,1.9399,1.9948,2.0149,1.8005,1.6278,1.409,0.994,0.1453,-1.3612,-2.2419,-1.282,-0.2196,0.4244,0.81,1.0621,1.2388,1.364,1.4484,1.4997,1.5262,1.4506,1.4243,1.3993,1.3822,1.3732,1.3591,1.3257,1.2884,1.2969,1.3002,1.2805,1.3691,1.4639,1.3343,1.7558,2.0483,1.4733,1.697,1.7593,1.7601,1.772,1.6297,1.2065,0.4181,-0.8331,-1.5662,-0.8592,0.0214,0.5876,0.9444,1.1932,1.3772,1.5075,1.5865,1.6223,1.6281,1.4574,1.4395,1.4227,1.4083,1.395,1.3782,1.3546,1.3256,1.2765,1.1326,0.8027,1.0159,1.1995,1.3979,1.5736,1.6294,1.473,1.5777,1.6404,1.8056,2.1695,2.0232,1.4985,0.9196,0.2987,-0.0382,0.1609,0.5538,0.8888,1.157,1.3888,1.5859,1.7249,1.7896,1.7921,1.7596,1.4623,1.4487,1.4351,1.4218,1.4075,1.3899,1.3661,1.3293,1.2589,1.1042,0.8528,1.0062,1.0776,1.0913,1.3894,1.4978,1.5011,1.4588,1.4496,1.7143,2.2273,2.0841,1.6234,1.2607,1.0012,0.9021,0.9509,1.0598,1.2019,1.3923,1.6346,1.8851,2.0523,2.0835,2.0173,1.9182,1.4655,1.4542,1.4423,1.4298,1.4155,1.3979,1.374,1.3384,1.2823,1.2009,1.1333,1.1394,1.0734,1.0721,1.2849,1.3574,1.3906,1.233,0.9846,1.4306,1.7395,1.7517,1.5829,1.4248,1.373,1.4441,1.4816,1.4266,1.4361,1.5919,1.909,2.304,2.5377,2.4846,2.2862,2.0857,1.4677,1.4578,1.4471,1.4354,1.4219,1.4053,1.384,1.3555,1.3185,1.2775,1.2473,1.2342,1.2212,1.234,1.2056,1.174,1.3273,1.2834,1.2078,1.5574,1.6255,1.6068,1.5425,1.4987,1.5762,1.8361,1.9011,1.6424,1.5456,1.7002,2.1465,2.7958,3.1316,2.9103,2.5265,2.2171,1.4693,1.4605,1.4508,1.4401,1.4278,1.4133,1.3957,1.3746,1.3507,1.3274,1.31,1.3005,1.2961,1.2872,1.233,1.2199,1.3532,1.4767,1.7855,1.9449,1.6825,1.5729,1.5194,1.5093,1.6034,1.8877,1.9577,1.602,1.4994,1.6617,2.1747,2.9824,3.3801,3.0619,2.5985,2.2532,1.4707,1.4627,1.4541,1.4445,1.4337,1.4215,1.4076,1.3922,1.3762,1.3618,1.351,1.3446,1.3411,1.3351,1.3251,1.343,1.4142,1.5266,1.6976,1.7587,1.6301,1.5312,1.4856,1.4722,1.4862,1.4803,1.3153,1.2928,1.308,1.4498,1.8829,2.5339,2.8996,2.7522,2.4387,2.1729,1.4719,1.4648,1.4571,1.4487,1.4395,1.4294,1.4185,1.4072,1.3963,1.3868,1.3798,1.3759,1.3744,1.3751,1.381,1.4024,1.4462,1.509,1.5729,1.587,1.5327,1.467,1.4425,1.4313,1.3891,1.2734,1.1183,1.1174,0.9935,1.0666,1.4347,1.91,2.2281,2.2721,2.1607,2.0195,1.4732,1.4668,1.46,1.4527,1.445,1.4367,1.4282,1.4198,1.412,1.4055,1.401,1.3989,1.3994,1.4031,1.412,1.4294,1.4564,1.4884,1.513,1.512,1.4782,1.4339,1.4246,1.4128,1.3518,1.2454,1.1228,0.8772,0.4465,0.5964,1.0527,1.4755,1.7641,1.8912,1.9009,1.8555,1.4744,1.4688,1.4628,1.4565,1.45,1.4433,1.4365,1.4301,1.4244,1.4199,1.417,1.416,1.4174,1.4216,1.4295,1.4419,1.4579,1.4739,1.4835,1.4792,1.4597,1.4365,1.4239,1.3984,1.335,1.2309,1.0667,0.7433,0.3735,0.5158,0.9168,1.2666,1.511,1.6515,1.7102,1.7181]}]