docs/data/wind_grid.json
[{"header":{"la1":42.85,"la2":41.18,"lo1":11.55,"lo2":14.05,"nx":36,"ny":24,"dx":0.07143,"dy":0.07261,"parameterCategory":2,"parameterNumber":2,"parameterNumberName":"eastward_wind","parameterUnit":"m.s-1"},"data":[-0.956,-0.9597,-0.9613,-0.9608,-0.9579,-0.9526,-0.9442,-0.9318,-0.9149,-0.8939,-0.8706,-0.8473,-0.8264,-0.8091,-0.7954,-0.7842,-0.7733,-0.7598,-0.7413,-0.7171,-0.6902,-0.6669,-0.6532,-0.6514,-0.6585,-0.6701,-0.6823,-0.6931,-0.7019,-0.7085,-0.7134,-0.717,-0.7195,-0.7212,-0.7225,-0.7233,-0.98,-0.9859,-0.9893,-0.9901,-0.9887,-0.9851,-0.9783,-0.9662,-0.9466,-0.9196,-0.8883,-0.8573,-0.8307,-0.8103,-0.7963,-0.7869,-0.7783,-0.7654,-0.7423,-0.7061,-0.6613,-0.6218,-0.6025,-0.6067,-0.6257,-0.6487,-0.6694,-0.6857,-0.6976,-0.7061,-0.712,-0.716,-0.7187,-0.7205,-0.7218,-0.7226,-1.0082,-1.0171,-1.0227,-1.0252,-1.0258,-1.0255,-1.0236,-1.015,-0.9933,-0.9569,-0.9121,-0.8685,-0.8331,-0.8089,-0.7955,-0.7905,-0.7884,-0.7804,-0.7536,-0.6972,-0.6154,-0.5403,-0.5127,-0.5362,-0.5813,-0.6244,-0.6572,-0.68,-0.6951,-0.7051,-0.7115,-0.7157,-0.7184,-0.7201,-0.7212,-0.722,-1.0416,-1.0549,-1.0634,-1.0674,-1.0696,-1.0748,-1.0843,-1.0885,-1.068,-1.0148,-0.9447,-0.8797,-0.8314,-0.8021,-0.7906,-0.7939,-0.8059,-0.8132,-0.7908,-0.705,-0.5442,-0.382,-0.3477,-0.43,-0.5295,-0.603,-0.6498,-0.6783,-0.6955,-0.7059,-0.7122,-0.7161,-0.7185,-0.72,-0.7209,-0.7214,-1.0813,-1.1017,-1.1148,-1.1192,-1.12,-1.1308,-1.1638,-1.2053,-1.198,-1.1084,-0.9873,-0.887,-0.8209,-0.7857,-0.7774,-0.7934,-0.8302,-0.8749,-0.8857,-0.7764,-0.4665,-0.0902,-0.0776,-0.3094,-0.4929,-0.597,-0.6529,-0.683,-0.6996,-0.7089,-0.7142,-0.7173,-0.719,-0.72,-0.7206,-0.7209,-1.1282,-1.1611,-1.1834,-1.1872,-1.1776,-1.1845,-1.2517,-1.3859,-1.4294,-1.2479,-1.0276,-0.8795,-0.7949,-0.754,-0.7488,-0.7796,-0.851,-0.9643,-1.076,-0.9969,-0.5465,0.0968,0.0663,-0.2994,-0.5175,-0.6213,-0.6707,-0.6949,-0.7072,-0.7136,-0.7169,-0.7187,-0.7197,-0.7201,-0.7202,-0.7202,-1.1805,-1.2351,-1.2795,-1.2873,-1.2501,-1.2215,-1.294,-1.5428,-1.6826,-1.3436,-1.0175,-0.8398,-0.7465,-0.701,-0.695,-0.7364,-0.8387,-1.0194,-1.2553,-1.2309,-0.8852,-0.4663,-0.3643,-0.5121,-0.6219,-0.676,-0.7006,-0.7117,-0.7166,-0.7189,-0.7198,-0.7201,-0.7201,-0.7199,-0.7197,-0.7194,-1.2309,-1.3159,-1.4056,-1.4403,-1.3535,-1.2418,-1.2286,-1.3701,-1.4415,-1.1653,-0.9059,-0.7605,-0.6756,-0.6227,-0.6022,-0.6419,-0.7635,-0.9527,-1.144,-1.2017,-1.2708,-1.16,-0.9039,-0.785,-0.75,-0.7381,-0.7318,-0.7277,-0.7249,-0.723,-0.7218,-0.7208,-0.72,-0.7193,-0.7187,-0.7182,-1.2652,-1.3734,-1.5062,-1.5894,-1.4528,-1.2552,-1.122,-1.0573,-0.9779,-0.8453,-0.7386,-0.6617,-0.5935,-0.5219,-0.4461,-0.4571,-0.6288,-0.8458,-1.0445,-1.3028,-1.7881,-1.6715,-1.2024,-0.949,-0.8341,-0.7794,-0.7513,-0.7365,-0.7287,-0.7245,-0.722,-0.7204,-0.7192,-0.7181,-0.7172,-0.7165,-1.274,-1.3849,-1.5023,-1.5597,-1.4845,-1.2662,-1.0462,-0.8583,-0.6515,-0.5465,-0.5805,-0.573,-0.5187,-0.426,-0.2106,-0.0993,-0.4833,-0.7942,-1.0086,-1.2519,-1.5891,-1.5274,-1.1953,-0.972,-0.8501,-0.7848,-0.7506,-0.7337,-0.7258,-0.7222,-0.7202,-0.7187,-0.7173,-0.716,-0.7149,-0.7141,-1.2586,-1.374,-1.5337,-1.7688,-1.7001,-1.2958,-1.0121,-0.7916,-0.3909,-0.2018,-0.4731,-0.5132,-0.457,-0.3791,-0.2143,-0.0873,-0.5395,-0.8892,-1.0674,-1.1444,-1.209,-1.1761,-1.0391,-0.9042,-0.8093,-0.7533,-0.7269,-0.7179,-0.7162,-0.7165,-0.7165,-0.7158,-0.7145,-0.7131,-0.7117,-0.7108,-1.2182,-1.3269,-1.4949,-1.7233,-1.639,-1.2337,-1.0161,-0.9427,-0.646,-0.4057,-0.5034,-0.4848,-0.3961,-0.277,-0.3281,-0.4944,-0.8103,-1.2711,-1.4051,-1.2091,-1.0739,-0.988,-0.8993,-0.8087,-0.732,-0.688,-0.6809,-0.691,-0.7022,-0.7092,-0.7122,-0.7123,-0.7108,-0.7088,-0.7072,-0.7062,-1.1541,-1.2298,-1.3213,-1.384,-1.2954,-1.1036,-1.0281,-1.1094,-0.9667,-0.6884,-0.5542,-0.4683,-0.392,-0.2132,-0.3018,-0.6298,-0.9972,-2.0286,-2.074,-1.3214,-1.0093,-0.8719,-0.7903,-0.7157,-0.634,-0.5905,-0.6178,-0.6609,-0.6895,-0.7039,-0.7089,-0.7085,-0.7057,-0.7027,-0.7006,-0.6997,-1.0796,-1.1194,-1.151,-1.1485,-1.088,-1.0069,-0.9828,-1.0215,-0.9341,-0.7041,-0.5513,-0.4468,-0.4149,-0.4051,-0.529,-0.7218,-0.9442,-1.5041,-1.6125,-1.1444,-0.8578,-0.7322,-0.6868,-0.6453,-0.5601,-0.5045,-0.5712,-0.646,-0.6873,-0.7046,-0.7079,-0.7041,-0.6981,-0.6931,-0.6905,-0.6904,-1.0088,-1.0244,-1.0282,-1.0106,-0.9701,-0.9243,-0.8943,-0.865,-0.773,-0.6292,-0.5264,-0.4802,-0.4325,-0.318,-0.6067,-0.782,-1.517,-1.1584,-1.0268,-0.7958,-0.5621,-0.5069,-0.5663,-0.6041,-0.5783,-0.5472,-0.6012,-0.6676,-0.7036,-0.7142,-0.7091,-0.6969,-0.6847,-0.6768,-0.6746,-0.6767,-0.948,-0.95,-0.9423,-0.9216,-0.8892,-0.851,-0.81,-0.7554,-0.6692,-0.5552,-0.4454,-0.4847,-0.4884,-0.4926,-0.6344,-0.9496,-1.3249,-0.9807,-0.7312,-0.4738,-0.104,-0.1824,-0.4401,-0.5761,-0.6294,-0.6525,-0.6898,-0.7262,-0.7404,-0.7324,-0.7093,-0.6811,-0.6584,-0.648,-0.6493,-0.6572,-0.8981,-0.8929,-0.8801,-0.8588,-0.8293,-0.7932,-0.7498,-0.6948,-0.6238,-0.5387,-0.4595,-0.4876,-0.5412,-0.5654,-0.5835,-0.6848,-0.7435,-0.5964,-0.418,-0.3109,-0.0237,-0.1233,-0.4073,-0.5817,-0.6909,-0.7648,-0.8074,-0.8151,-0.7954,-0.7559,-0.7017,-0.6446,-0.6061,-0.5977,-0.6109,-0.6312,-0.8578,-0.8487,-0.8337,-0.8125,-0.7849,-0.7514,-0.7115,-0.6645,-0.6114,-0.5588,-0.5232,-0.5214,-0.5487,-0.5422,-0.4255,-0.3855,-0.4281,-0.2344,0.0181,-0.2129,-0.2656,-0.3264,-0.4744,-0.6336,-0.7903,-0.928,-0.9785,-0.9358,-0.8647,-0.7812,-0.6783,-0.5706,-0.5093,-0.5177,-0.5596,-0.6016,-0.8253,-0.8142,-0.7985,-0.778,-0.7525,-0.7224,-0.6877,-0.6493,-0.6093,-0.5722,-0.5439,-0.5244,-0.499,-0.4042,-0.071,0.072,-0.2411,-0.1929,-0.0664,-0.188,-0.3025,-0.4095,-0.5351,-0.6963,-0.9075,-1.1447,-1.1984,-1.063,-0.9361,-0.8091,-0.6466,-0.4616,-0.3732,-0.424,-0.5108,-0.578,-0.7992,-0.7872,-0.7716,-0.7522,-0.729,-0.7024,-0.6727,-0.641,-0.6087,-0.578,-0.5494,-0.5184,-0.4678,-0.3503,-0.1024,-0.0206,-0.2251,-0.253,-0.1606,-0.122,-0.2904,-0.4306,-0.5582,-0.723,-0.9505,-1.199,-1.2505,-1.1244,-0.9954,-0.8503,-0.6549,-0.4182,-0.3123,-0.3901,-0.4982,-0.5745,-0.7781,-0.7659,-0.7509,-0.7328,-0.712,-0.6885,-0.6629,-0.636,-0.6085,-0.581,-0.5525,-0.5187,-0.4699,-0.3922,-0.2967,-0.2649,-0.3039,-0.304,-0.2452,-0.234,-0.3393,-0.4376,-0.5315,-0.6894,-0.9131,-1.1286,-1.2612,-1.1992,-1.0504,-0.9114,-0.7402,-0.5408,-0.4364,-0.4685,-0.5397,-0.597,-0.7611,-0.7492,-0.7349,-0.7183,-0.6996,-0.6788,-0.6566,-0.6332,-0.6091,-0.5843,-0.5578,-0.5272,-0.4891,-0.4428,-0.3988,-0.3771,-0.3754,-0.3681,-0.3523,-0.3596,-0.3932,-0.3937,-0.4137,-0.5923,-0.8537,-1.1293,-1.359,-1.247,-1.0746,-0.9787,-0.8521,-0.7067,-0.6107,-0.59,-0.6092,-0.6357,-0.7475,-0.736,-0.7226,-0.7074,-0.6906,-0.6722,-0.6526,-0.6321,-0.6109,-0.5888,-0.5654,-0.5398,-0.5114,-0.4817,-0.4557,-0.439,-0.4306,-0.4247,-0.4211,-0.4234,-0.4121,-0.3362,-0.3063,-0.5106,-0.7775,-1.0099,-1.145,-1.1126,-1.078,-1.0416,-0.9333,-0.8149,-0.7284,-0.6852,-0.6731,-0.6757,-0.7365,-0.7256,-0.7132,-0.6993,-0.6841,-0.6678,-0.6505,-0.6325,-0.6138,-0.5945,-0.5745,-0.5536,-0.5321,-0.5114,-0.4936,-0.4809,-0.4731,-0.4689,-0.4673,-0.4649,-0.4477,-0.4043,-0.4087,-0.5451,-0.7338,-0.8972,-0.9983,-1.042,-1.0766,-1.0474,-0.9555,-0.8609,-0.7883,-0.7423,-0.7182,-0.7079]},{"header":{"la1":42.85,"la2":41.18,"lo1":11.55,"lo2":14.05,"nx":36,"ny":24,"dx":0.07143,"dy":0.07261,"parameterCategory":2,"parameterNumber":3,"parameterNumberName":"northward_wind","parameterUnit":"m.s-1"},"data":[-0.825,-0.8223,-0.8166,-0.8079,-0.7963,-0.7825,-0.7674,-0.7518,-0.7363,-0.7207,-0.7042,-0.6857,-0.6646,-0.6408,-0.6149,-0.5879,-0.5616,-0.5384,-0.5203,-0.5084,-0.5023,-0.4998,-0.4986,-0.4971,-0.4955,-0.4944,-0.4943,-0.4957,-0.4983,-0.5021,-0.5069,-0.5123,-0.5181,-0.5243,-0.5305,-0.5367,-0.8448,-0.8429,-0.837,-0.827,-0.8128,-0.7954,-0.7767,-0.7584,-0.7419,-0.7267,-0.7111,-0.6929,-0.6707,-0.6441,-0.6136,-0.5808,-0.5482,-0.5195,-0.4988,-0.4886,-0.4876,-0.491,-0.4932,-0.4919,-0.4888,-0.4861,-0.4853,-0.4867,-0.4898,-0.4945,-0.5003,-0.5068,-0.5138,-0.521,-0.5282,-0.5353,-0.8678,-0.8673,-0.8617,-0.8498,-0.8315,-0.8081,-0.7827,-0.7594,-0.7418,-0.7292,-0.7174,-0.7016,-0.6792,-0.6498,-0.6139,-0.5731,-0.5308,-0.4932,-0.4685,-0.4629,-0.4746,-0.4913,-0.4986,-0.494,-0.4852,-0.4785,-0.4759,-0.477,-0.4809,-0.4866,-0.4937,-0.5015,-0.5098,-0.5182,-0.5265,-0.5346,-0.8946,-0.897,-0.8924,-0.8786,-0.8542,-0.8204,-0.7816,-0.7473,-0.7277,-0.7229,-0.7214,-0.7123,-0.6918,-0.66,-0.6178,-0.5662,-0.5087,-0.4547,-0.421,-0.425,-0.4673,-0.5169,-0.5294,-0.5084,-0.4845,-0.4703,-0.4653,-0.4663,-0.4712,-0.4785,-0.4871,-0.4966,-0.5064,-0.5162,-0.5258,-0.535,-0.9259,-0.9337,-0.9326,-0.9175,-0.8849,-0.8339,-0.7686,-0.7062,-0.6804,-0.6981,-0.7223,-0.7269,-0.7105,-0.6772,-0.6288,-0.5641,-0.4833,-0.3966,-0.3373,-0.3543,-0.4638,-0.5963,-0.603,-0.5316,-0.4807,-0.458,-0.4517,-0.454,-0.4608,-0.4701,-0.4808,-0.4922,-0.5038,-0.5153,-0.5263,-0.5367,-0.9615,-0.979,-0.9864,-0.9735,-0.9319,-0.8574,-0.7456,-0.6128,-0.5629,-0.6447,-0.7249,-0.7502,-0.7385,-0.7052,-0.653,-0.576,-0.4651,-0.3196,-0.1879,-0.2065,-0.4056,-0.6561,-0.6465,-0.5223,-0.4582,-0.4365,-0.4338,-0.4397,-0.4497,-0.4618,-0.4751,-0.4888,-0.5025,-0.5158,-0.5284,-0.5401,-0.9991,-1.0324,-1.0588,-1.0563,-1.0059,-0.9097,-0.754,-0.5164,-0.4088,-0.6093,-0.7551,-0.7911,-0.7786,-0.7475,-0.6991,-0.6177,-0.4827,-0.2778,-0.0439,-0.0543,-0.2418,-0.4227,-0.4734,-0.4308,-0.4072,-0.4047,-0.4122,-0.4242,-0.4384,-0.454,-0.4703,-0.4868,-0.503,-0.5184,-0.5327,-0.5457,-1.0321,-1.0862,-1.148,-1.1732,-1.1065,-0.9974,-0.8625,-0.6726,-0.5887,-0.7489,-0.8503,-0.855,-0.8298,-0.8064,-0.7795,-0.7106,-0.5664,-0.3579,-0.1566,-0.0949,-0.0266,-0.0735,-0.2238,-0.3068,-0.3456,-0.37,-0.39,-0.4088,-0.4279,-0.4474,-0.4672,-0.4868,-0.5059,-0.5237,-0.5399,-0.5543,-1.0501,-1.1164,-1.2143,-1.2864,-1.1822,-1.0803,-1.0235,-0.9859,-0.9974,-1.0363,-1.0047,-0.9329,-0.882,-0.8788,-0.9203,-0.8962,-0.713,-0.4873,-0.2849,-0.0539,0.3216,0.2449,-0.064,-0.2252,-0.3008,-0.3423,-0.3709,-0.3953,-0.4187,-0.4424,-0.4662,-0.4897,-0.5121,-0.5327,-0.551,-0.5667,-1.0474,-1.101,-1.1666,-1.2038,-1.1403,-1.1237,-1.1599,-1.244,-1.3923,-1.4213,-1.1969,-1.001,-0.9155,-0.9378,-1.1489,-1.2728,-0.8738,-0.5758,-0.3676,-0.128,0.1654,0.1363,-0.0779,-0.2121,-0.2835,-0.3258,-0.3566,-0.3839,-0.4114,-0.4396,-0.4683,-0.4965,-0.5229,-0.5468,-0.5673,-0.5842,-1.0317,-1.0646,-1.0762,-1.0337,-1.0473,-1.1484,-1.2721,-1.423,-1.7737,-1.9655,-1.354,-1.0215,-0.9181,-0.9312,-1.1141,-1.2771,-0.8321,-0.5755,-0.4289,-0.2826,-0.1466,-0.1159,-0.1731,-0.2367,-0.2833,-0.3167,-0.3448,-0.3738,-0.4055,-0.4396,-0.4746,-0.5087,-0.5403,-0.5679,-0.5906,-0.6083,-1.0135,-1.0389,-1.048,-1.03,-1.0564,-1.2017,-1.3917,-1.529,-1.6375,-1.6841,-1.2436,-0.9708,-0.911,-0.9808,-0.9082,-0.7609,-0.5967,-0.5264,-0.4787,-0.3662,-0.2682,-0.2229,-0.2264,-0.2539,-0.284,-0.3082,-0.3322,-0.3631,-0.401,-0.4431,-0.4867,-0.529,-0.5671,-0.5991,-0.6238,-0.6412,-0.9951,-1.0209,-1.0429,-1.0652,-1.122,-1.2634,-1.4851,-1.6036,-1.6207,-1.3213,-1.0458,-0.9044,-0.8766,-1.0197,-0.8703,-0.4556,-0.3548,-0.5909,-0.5999,-0.3779,-0.2644,-0.2168,-0.218,-0.248,-0.2816,-0.2998,-0.3177,-0.3519,-0.3986,-0.4521,-0.5078,-0.5613,-0.6081,-0.6449,-0.6706,-0.686,-0.9746,-1.0006,-1.0292,-1.0667,-1.1311,-1.2478,-1.4294,-1.6459,-1.522,-1.1392,-0.9028,-0.8901,-0.8945,-0.6942,-0.4434,0.0375,0.0266,-0.2932,-0.4062,-0.2663,-0.153,-0.1146,-0.1515,-0.2202,-0.2821,-0.3,-0.307,-0.3437,-0.4011,-0.4699,-0.5428,-0.6124,-0.6707,-0.7126,-0.7369,-0.7464,-0.9507,-0.9744,-1.0016,-1.0365,-1.0864,-1.1576,-1.2414,-1.2794,-1.1528,-0.9091,-0.7364,-0.6867,-0.6337,-0.5076,-0.2548,0.2005,0.8363,0.1463,-0.1211,-0.0587,0.1301,0.139,-0.016,-0.1606,-0.2554,-0.2892,-0.3,-0.3401,-0.4104,-0.5005,-0.5994,-0.6934,-0.7679,-0.8135,-0.8306,-0.8269,-0.9238,-0.9429,-0.964,-0.9885,-1.017,-1.046,-1.06,-1.0248,-0.9063,-0.7228,-0.5493,-0.5169,-0.5328,-0.4844,-0.2778,0.1559,0.5812,0.1266,-0.072,0.1521,0.7529,0.6095,0.1546,-0.0833,-0.192,-0.2391,-0.2701,-0.3265,-0.4212,-0.5466,-0.6883,-0.8231,-0.9213,-0.9652,-0.9617,-0.9312,-0.8951,-0.9086,-0.9222,-0.9352,-0.9456,-0.9479,-0.9308,-0.8794,-0.7851,-0.6596,-0.5489,-0.5356,-0.5153,-0.4872,-0.3713,-0.1909,-0.0968,-0.2214,-0.2942,0.0585,0.8378,0.6632,0.1724,-0.0515,-0.1277,-0.1454,-0.1785,-0.2726,-0.4215,-0.6088,-0.8236,-1.0314,-1.1661,-1.1912,-1.1385,-1.0584,-0.8661,-0.8743,-0.881,-0.8848,-0.8832,-0.872,-0.8453,-0.7976,-0.7297,-0.6535,-0.5916,-0.5524,-0.5157,-0.498,-0.4721,-0.4296,-0.3894,-0.565,-0.8139,-0.3598,0.0647,0.1438,0.0102,-0.0743,-0.0489,0.0537,0.0515,-0.1457,-0.4054,-0.6854,-1.0134,-1.3525,-1.5429,-1.5047,-1.3519,-1.1946,-0.8382,-0.8418,-0.8431,-0.8405,-0.8323,-0.8156,-0.788,-0.748,-0.6984,-0.646,-0.5995,-0.5617,-0.5336,-0.5291,-0.6045,-0.6444,-0.512,-0.5818,-0.6835,-0.4463,-0.2621,-0.1547,-0.1379,-0.1133,0.0444,0.4247,0.5047,0.0125,-0.4095,-0.7697,-1.2168,-1.7443,-2.0036,-1.8367,-1.5444,-1.3047,-0.8122,-0.8123,-0.8097,-0.8033,-0.7917,-0.7736,-0.7478,-0.7147,-0.6762,-0.6364,-0.5991,-0.5675,-0.5459,-0.5473,-0.5991,-0.6143,-0.5225,-0.4864,-0.4349,-0.405,-0.3443,-0.2651,-0.2239,-0.1768,-0.0101,0.4529,0.5624,-0.1346,-0.5278,-0.8479,-1.299,-1.9021,-2.1919,-1.9575,-1.61,-1.3438,-0.7885,-0.7861,-0.7809,-0.7723,-0.7594,-0.7415,-0.7183,-0.6904,-0.6592,-0.627,-0.5962,-0.5693,-0.5494,-0.5412,-0.5443,-0.5328,-0.4935,-0.4545,-0.4197,-0.3938,-0.3428,-0.2814,-0.2543,-0.2586,-0.2617,-0.3369,-0.721,-0.7429,-0.7602,-0.922,-1.2104,-1.6235,-1.8593,-1.7452,-1.5069,-1.2975,-0.7674,-0.7632,-0.7565,-0.7468,-0.7336,-0.7166,-0.6958,-0.6718,-0.6456,-0.6186,-0.5924,-0.5685,-0.5486,-0.5335,-0.5205,-0.5022,-0.4749,-0.4433,-0.4109,-0.3721,-0.3067,-0.2154,-0.192,-0.2837,-0.4371,-0.7434,-1.1576,-1.0226,-0.978,-1.0285,-1.1171,-1.2982,-1.4402,-1.4319,-1.3253,-1.1995,-0.7487,-0.7433,-0.7357,-0.7256,-0.7127,-0.6968,-0.6782,-0.6572,-0.6346,-0.6113,-0.5884,-0.5667,-0.547,-0.5291,-0.5116,-0.4916,-0.4676,-0.4395,-0.4062,-0.3594,-0.2769,-0.1455,-0.1084,-0.2667,-0.4752,-0.7179,-0.9249,-1.0364,-1.223,-1.1785,-1.1012,-1.1296,-1.1877,-1.2006,-1.1606,-1.0941,-0.7323,-0.7262,-0.7182,-0.708,-0.6956,-0.681,-0.6641,-0.6456,-0.6257,-0.6053,-0.5848,-0.565,-0.546,-0.5277,-0.5093,-0.4896,-0.4674,-0.4419,-0.4106,-0.3675,-0.3017,-0.2204,-0.2082,-0.3216,-0.4897,-0.6707,-0.8477,-1.0551,-1.253,-1.1992,-1.0854,-1.0487,-1.0552,-1.0583,-1.0401,-1.0043]}]