docs/data/wind_grid.json
[{"header":{"la1":42.85,"la2":41.18,"lo1":11.55,"lo2":14.05,"nx":36,"ny":24,"dx":0.07143,"dy":0.07261,"parameterCategory":2,"parameterNumber":2,"parameterNumberName":"eastward_wind","parameterUnit":"m.s-1"},"data":[3.5658,3.5764,3.5877,3.599,3.6095,3.6175,3.621,3.6179,3.6062,3.5849,3.554,3.514,3.4657,3.4097,3.3471,3.2798,3.2115,3.1478,3.095,3.0577,3.0367,3.029,3.0291,3.0322,3.0349,3.0354,3.0332,3.0285,3.0218,3.0139,3.0053,2.9964,2.9877,2.9794,2.9717,2.9647,3.574,3.5871,3.6019,3.618,3.6342,3.6487,3.6586,3.6601,3.6499,3.6264,3.5902,3.5427,3.4851,3.4175,3.3401,3.254,3.1638,3.0785,3.0103,2.9684,2.9539,2.9593,2.9741,2.9897,3.0014,3.0076,3.0087,3.0057,2.9997,2.9919,2.9832,2.9742,2.9653,2.9569,2.9493,2.9425,3.5794,3.595,3.6136,3.6355,3.6596,3.6839,3.7041,3.7138,3.7064,3.6795,3.6352,3.5778,3.509,3.428,3.3324,3.2206,3.0965,2.9746,2.8795,2.8326,2.8347,2.867,2.9075,2.9423,2.9662,2.9792,2.9835,2.9817,2.976,2.9679,2.9589,2.9496,2.9405,2.9321,2.9246,2.918,3.5806,3.5981,3.6206,3.649,3.6835,3.7222,3.7598,3.785,3.7832,3.7489,3.6906,3.6192,3.5379,3.4431,3.3272,3.1819,3.0051,2.8164,2.6688,2.6174,2.661,2.7479,2.8319,2.8938,2.9321,2.9516,2.9582,2.9565,2.9502,2.9415,2.9318,2.9221,2.9129,2.9045,2.8971,2.891,3.576,3.594,3.6194,3.6545,3.7012,3.7601,3.8268,3.8829,3.8927,3.8403,3.7552,3.6644,3.5709,3.4649,3.331,3.1481,2.894,2.5802,2.3184,2.269,2.4157,2.6079,2.7577,2.852,2.9035,2.9267,2.9328,2.9295,2.9215,2.9116,2.9011,2.8911,2.8818,2.8736,2.8666,2.8609,3.5636,3.5794,3.6051,3.6452,3.7042,3.7866,3.8953,4.0115,4.0475,3.9503,3.8182,3.7066,3.6056,3.4951,3.3527,3.1424,2.8021,2.2828,1.7761,1.7533,2.1275,2.4851,2.7089,2.8286,2.8847,2.9049,2.9064,2.8991,2.8883,2.8769,2.8658,2.8556,2.8466,2.8388,2.8323,2.8274,3.5416,3.5503,3.5709,3.6116,3.6799,3.7812,3.9248,4.1085,4.1832,4.022,3.8524,3.7371,3.6394,3.5322,3.3955,3.1922,2.8258,2.1421,1.3312,1.3566,1.9886,2.4663,2.718,2.8334,2.8766,2.8839,2.8754,2.8618,2.8479,2.8354,2.8244,2.8148,2.8065,2.7994,2.7938,2.79,3.5092,3.5025,3.5072,3.5395,3.6138,3.7273,3.8679,4.0205,4.0767,3.9612,3.8431,3.7576,3.6737,3.5694,3.4405,3.2833,3.0192,2.4902,1.8265,1.791,2.2539,2.6152,2.796,2.8635,2.8723,2.8556,2.8326,2.8121,2.7965,2.7848,2.7756,2.7677,2.7607,2.7548,2.7505,2.7479,3.4684,3.4342,3.4014,3.404,3.4862,3.6326,3.7737,3.8681,3.8961,3.8691,3.8297,3.7851,3.7177,3.5984,3.4278,3.3107,3.2365,3.0265,2.7319,2.6297,2.7401,2.8598,2.9086,2.8972,2.8542,2.8051,2.7661,2.742,2.7293,2.7228,2.7181,2.7134,2.7086,2.7044,2.7014,2.7005,3.4282,3.355,3.2506,3.1668,3.258,3.5158,3.721,3.8167,3.8383,3.8368,3.84,3.8334,3.7938,3.6501,3.2783,3.0875,3.336,3.3998,3.3168,3.2109,3.1398,3.081,3.0034,2.9021,2.7948,2.7078,2.6577,2.6407,2.6419,2.6478,2.6517,2.652,2.6498,2.6471,2.6456,2.6467,3.4051,3.3008,3.1173,2.8821,2.9584,3.4314,3.7434,3.8501,3.8327,3.8128,3.862,3.9032,3.9272,3.8611,3.433,3.1241,3.5211,3.7325,3.7435,3.6001,3.4137,3.2324,3.0464,2.8464,2.6555,2.5246,2.4805,2.4971,2.5323,2.5615,2.5779,2.5837,2.5834,2.5816,2.5815,2.5849,3.4139,3.3163,3.1459,2.9322,3.0286,3.5212,3.8553,3.9745,3.9111,3.8579,3.909,3.9873,4.0853,4.2224,4.0652,3.8135,3.9158,4.2422,4.2765,3.9364,3.5988,3.3149,3.0306,2.7071,2.3824,2.1923,2.2017,2.3079,2.4078,2.4705,2.5003,2.5092,2.5082,2.5056,2.5064,2.513,3.451,3.3932,3.3152,3.2703,3.4011,3.6964,3.9528,4.0944,4.0286,3.9367,3.9671,4.0925,4.1589,4.3195,4.2362,4.0388,4.1793,4.9167,4.9098,4.1544,3.6784,3.3376,2.98,2.5015,1.9353,1.648,1.8222,2.1044,2.2934,2.3881,2.4234,2.4276,2.4204,2.4143,2.416,2.4274,3.4974,3.4788,3.4686,3.4988,3.6061,3.772,3.9317,4.0342,4.0039,3.9303,3.9685,4.2059,4.2679,3.9322,4.0417,4.0425,4.1563,4.5269,4.5342,4.0121,3.6243,3.3275,2.9617,2.3733,1.5398,1.1323,1.5399,1.9906,2.231,2.3278,2.3482,2.3337,2.3117,2.2991,2.3032,2.3236,3.5369,3.5415,3.5591,3.6024,3.6782,3.7739,3.8617,3.9102,3.8972,3.861,3.8609,3.9246,3.9711,3.992,3.9548,4.0695,4.2433,4.0756,3.9413,3.714,3.5232,3.3468,3.0341,2.5072,1.7951,1.4266,1.7193,2.0683,2.2431,2.2901,2.2661,2.2132,2.1656,2.1453,2.1578,2.1959,3.5636,3.5783,3.6031,3.6417,3.6938,3.7509,3.7985,3.8216,3.814,3.7822,3.7306,3.7162,3.7681,3.8387,3.8474,3.9604,4.0918,3.8293,3.6077,3.5078,3.5368,3.4522,3.145,2.7506,2.3466,2.1205,2.1569,2.26,2.2969,2.2554,2.1569,2.0399,1.9532,1.9297,1.9667,2.0399,3.5779,3.5955,3.6195,3.6506,3.6867,3.7225,3.7504,3.7638,3.7603,3.742,3.717,3.7028,3.5999,3.5456,3.6632,3.6878,3.637,3.4078,3.2183,3.308,3.5244,3.445,3.1567,2.8759,2.6504,2.5222,2.4714,2.4267,2.3434,2.2005,1.9953,1.7729,1.6292,1.6226,1.7201,1.8577,3.5825,3.5996,3.6204,3.6445,3.6701,3.6937,3.7114,3.7203,3.7194,3.7103,3.6934,3.652,3.5377,3.4946,3.4961,3.4395,3.3411,2.9805,2.6672,2.9898,3.1961,3.1944,3.047,2.8749,2.7528,2.7109,2.6684,2.5452,2.3676,2.1223,1.77,1.3707,1.1457,1.2106,1.432,1.6691,3.58,3.5952,3.6124,3.6308,3.6491,3.665,3.6765,3.6817,3.68,3.6707,3.6508,3.6123,3.5522,3.474,3.3024,3.2304,3.2203,2.944,2.7443,2.8488,2.9611,2.9827,2.9077,2.8084,2.7665,2.8547,2.8692,2.6266,2.3658,2.046,1.5372,0.8887,0.5694,0.7858,1.1795,1.5223,3.5726,3.5855,3.5992,3.613,3.6259,3.6364,3.6432,3.6449,3.6406,3.6289,3.607,3.571,3.5157,3.4272,3.2955,3.2399,3.1897,3.0027,2.7847,2.7193,2.8316,2.8222,2.7541,2.6976,2.6977,2.8475,2.8835,2.5399,2.307,2.0139,1.4724,0.7026,0.3362,0.6365,1.1012,1.4781,3.5618,3.5723,3.5829,3.593,3.6016,3.608,3.6109,3.6093,3.6021,3.5879,3.5647,3.5295,3.4788,3.4098,3.3313,3.2634,3.1715,3.0211,2.8564,2.7865,2.7462,2.6138,2.5225,2.5266,2.525,2.4428,2.1998,2.2018,2.2025,2.0391,1.6595,1.0926,0.7737,0.9267,1.2553,1.5567,3.5488,3.557,3.5648,3.5717,3.577,3.5799,3.5795,3.575,3.5652,3.5491,3.5248,3.4908,3.4454,3.3887,3.3237,3.2502,3.156,3.0357,2.9083,2.7815,2.57,2.2349,2.1222,2.3025,2.3725,2.2124,1.9406,2.0519,2.1393,2.0851,1.9014,1.5958,1.373,1.377,1.5275,1.713,3.5343,3.5404,3.5457,3.5499,3.5523,3.5524,3.5493,3.5422,3.5304,3.5126,3.4879,3.4549,3.4129,3.3615,3.3006,3.2279,3.1386,3.03,2.8997,2.7212,2.4135,1.9623,1.8442,2.1585,2.3121,2.2471,2.1368,2.1296,2.1085,2.1064,2.0473,1.9032,1.7711,1.7328,1.785,1.884,3.5189,3.5231,3.5263,3.5281,3.5282,3.5258,3.5204,3.5113,3.4977,3.4788,3.4537,3.4214,3.3814,3.3327,3.2744,3.2045,3.1199,3.0167,2.8865,2.7073,2.4481,2.1561,2.0748,2.229,2.3296,2.3082,2.24,2.1688,2.1071,2.1172,2.1149,2.0595,1.9945,1.9644,1.9816,2.0341]},{"header":{"la1":42.85,"la2":41.18,"lo1":11.55,"lo2":14.05,"nx":36,"ny":24,"dx":0.07143,"dy":0.07261,"parameterCategory":2,"parameterNumber":3,"parameterNumberName":"northward_wind","parameterUnit":"m.s-1"},"data":[1.175,1.1636,1.1516,1.1391,1.1268,1.1158,1.108,1.1052,1.1084,1.1166,1.1262,1.1325,1.131,1.1185,1.0938,1.0582,1.016,0.9743,0.9414,0.9241,0.9247,0.9408,0.9672,0.9985,1.0309,1.0622,1.0915,1.1186,1.144,1.1678,1.1904,1.212,1.2326,1.2523,1.2709,1.2884,1.1628,1.1491,1.134,1.1175,1.0998,1.0824,1.0688,1.0631,1.0686,1.0845,1.1046,1.1206,1.1246,1.1113,1.0783,1.0266,0.9621,0.8965,0.8453,0.8214,0.8282,0.8589,0.9023,0.949,0.9934,1.0334,1.0689,1.1006,1.1295,1.1563,1.1816,1.2057,1.2286,1.2503,1.2708,1.29,1.1498,1.1335,1.115,1.0931,1.0675,1.0392,1.0133,0.9993,1.0066,1.0358,1.0754,1.1089,1.1235,1.1111,1.0675,0.992,0.8909,0.7831,0.6991,0.6667,0.6903,0.7506,0.8237,0.8936,0.9539,1.0042,1.0462,1.0824,1.1147,1.1445,1.1726,1.1994,1.2249,1.2491,1.2718,1.2929,1.1358,1.1171,1.095,1.0675,1.0313,0.985,0.9342,0.8979,0.9033,0.9576,1.0344,1.0993,1.1321,1.1236,1.0678,0.9589,0.7983,0.612,0.4641,0.4221,0.4895,0.6107,0.7339,0.8365,0.9157,0.9763,1.0241,1.0639,1.0992,1.132,1.1632,1.1931,1.2217,1.2487,1.2739,1.2972,1.1206,1.0995,1.0749,1.0428,0.9957,0.924,0.8256,0.7323,0.7219,0.8294,0.98,1.0971,1.1572,1.1572,1.0908,0.9414,0.6902,0.3561,0.0715,0.0251,0.2057,0.4456,0.6448,0.7866,0.8837,0.9517,1.0026,1.0446,1.0823,1.1181,1.1529,1.1867,1.2191,1.2495,1.2777,1.3034,1.103,1.0795,1.0539,1.0215,0.9697,0.8739,0.7038,0.4816,0.4129,0.6424,0.9291,1.1168,1.2078,1.221,1.1525,0.9703,0.6113,0.0316,-0.5409,-0.5639,-0.1284,0.2993,0.5843,0.7575,0.8629,0.9309,0.9804,1.0223,1.0619,1.1015,1.1411,1.1799,1.2172,1.2519,1.2837,1.3121,1.081,1.0532,1.027,1.0007,0.9605,0.8687,0.6552,0.2763,0.1,0.5197,0.9479,1.1815,1.2918,1.3215,1.2689,1.089,0.6772,-0.1156,-1.0463,-1.0174,-0.2919,0.2715,0.5896,0.7604,0.8539,0.9104,0.9526,0.9925,1.0348,1.08,1.1267,1.1727,1.2164,1.2566,1.2926,1.3241,1.0525,1.0143,0.9817,0.9636,0.9563,0.9219,0.7892,0.5168,0.4039,0.7591,1.1048,1.2998,1.4064,1.4567,1.4445,1.3171,0.9739,0.3051,-0.4809,-0.5263,0.0028,0.4329,0.6722,0.7909,0.8474,0.8792,0.909,0.9472,0.9956,1.0511,1.1089,1.1654,1.2179,1.2649,1.3058,1.3407,1.0177,0.9567,0.8974,0.8707,0.9085,0.9781,1.0061,0.9891,1.0348,1.1845,1.3272,1.4398,1.5334,1.6117,1.6709,1.6288,1.3744,0.9544,0.5358,0.3988,0.5309,0.6944,0.7902,0.8221,0.82,0.8156,0.8312,0.8738,0.9375,1.0119,1.0879,1.1595,1.2234,1.2786,1.325,1.3631,0.9838,0.8863,0.7615,0.664,0.7397,0.9686,1.155,1.2855,1.424,1.5021,1.5058,1.5595,1.652,1.7553,1.9106,1.9783,1.6788,1.361,1.117,0.9757,0.9297,0.9164,0.8825,0.8143,0.7338,0.6821,0.6893,0.7538,0.8526,0.9616,1.0657,1.1581,1.2364,1.3009,1.3528,1.3936,0.9679,0.8389,0.6338,0.3867,0.461,0.9272,1.2468,1.4224,1.6342,1.728,1.6038,1.6414,1.764,1.8803,1.9632,2.0134,1.7476,1.5164,1.365,1.2518,1.155,1.0531,0.9149,0.7276,0.5305,0.4129,0.4345,0.565,0.737,0.9043,1.0489,1.1674,1.262,1.3358,1.3923,1.4343,0.9869,0.8643,0.6702,0.4404,0.5354,1.0233,1.3416,1.4625,1.561,1.6411,1.6029,1.6822,1.8734,2.1288,2.0427,1.8591,1.6842,1.5219,1.4432,1.3773,1.2766,1.1271,0.89,0.5313,0.1187,-0.1092,-0.0023,0.2941,0.6021,0.8555,1.0502,1.1973,1.3075,1.3888,1.4474,1.4882,1.0382,0.9573,0.8578,0.7973,0.919,1.1955,1.4076,1.4903,1.4857,1.509,1.5613,1.6857,1.8319,2.2139,2.1085,1.8149,1.6427,1.4433,1.4247,1.4357,1.3543,1.1828,0.8524,0.2483,-0.5867,-1.0228,-0.6427,-0.0095,0.4966,0.8474,1.0894,1.2602,1.3815,1.4662,1.5228,1.558,1.1022,1.0629,1.0337,1.0476,1.1384,1.2791,1.3993,1.4625,1.4548,1.4307,1.4759,1.6963,1.7606,1.5317,1.7138,1.7273,1.6961,1.5439,1.492,1.4968,1.4342,1.2715,0.8995,0.0993,-1.2313,-1.9403,-1.1355,-0.1407,0.5157,0.9224,1.1874,1.3687,1.4933,1.5749,1.623,1.6467,1.1612,1.1473,1.1471,1.173,1.2298,1.3017,1.3617,1.3879,1.3622,1.2866,1.234,1.3197,1.3598,1.1078,1.495,1.7547,1.9442,1.7308,1.6269,1.5904,1.5478,1.429,1.1025,0.3998,-0.7336,-1.3645,-0.7133,0.1515,0.7353,1.1048,1.3545,1.5313,1.6516,1.7224,1.7531,1.7563,1.2087,1.2065,1.2144,1.2358,1.269,1.3044,1.3272,1.3206,1.2592,1.0926,0.7751,0.9421,1.107,1.2645,1.4382,1.6956,1.8664,1.7764,1.7336,1.6889,1.6615,1.6037,1.3605,0.933,0.3968,0.1148,0.3473,0.7647,1.1096,1.3704,1.5813,1.7511,1.8664,1.918,1.9175,1.887,1.2449,1.2472,1.2556,1.2704,1.2887,1.304,1.3067,1.2834,1.2128,1.0561,0.8196,0.9566,1.0721,1.1103,1.3617,1.5619,1.7168,1.851,1.9294,1.8173,1.6918,1.66,1.5321,1.3476,1.2012,1.184,1.2783,1.3917,1.5098,1.6578,1.8426,2.0303,2.1527,2.1721,2.1167,2.0338,1.2724,1.2759,1.2829,1.2924,1.3019,1.3071,1.3017,1.2779,1.2274,1.1495,1.0876,1.1089,1.1001,1.12,1.3372,1.4838,1.7061,2.0718,2.3344,2.0551,1.8397,1.736,1.6631,1.6321,1.72,1.9211,2.0034,1.9017,1.8361,1.9031,2.1052,2.3704,2.5257,2.4833,2.3356,2.1801,1.2939,1.2975,1.3028,1.3089,1.3139,1.315,1.3088,1.2919,1.2636,1.2305,1.2109,1.2165,1.2337,1.2864,1.3345,1.3395,1.6527,2.064,2.2901,2.237,2.0273,1.8547,1.7808,1.8229,2.0627,2.5181,2.6245,2.2451,2.0301,2.0566,2.3142,2.7207,2.9302,2.7841,2.5198,2.2924,1.3114,1.3148,1.319,1.3233,1.3264,1.3268,1.3227,1.3136,1.3006,1.2888,1.2858,1.297,1.3232,1.3611,1.3684,1.392,1.6491,1.9974,2.4019,2.5474,2.1539,1.9186,1.8415,1.8983,2.1412,2.6117,2.7191,2.2514,2.0558,2.0896,2.3698,2.8489,3.0868,2.888,2.5801,2.3319,1.3263,1.3295,1.3332,1.3368,1.3395,1.3407,1.3397,1.3368,1.3334,1.3328,1.339,1.3551,1.3821,1.4169,1.4547,1.5276,1.6936,1.9365,2.2096,2.2801,2.058,1.8799,1.8242,1.8694,2.0015,2.1103,1.9835,1.9579,1.9584,2.0153,2.234,2.594,2.8003,2.6995,2.4842,2.2879,1.3393,1.3425,1.3461,1.3497,1.3529,1.3554,1.3572,1.3588,1.3615,1.3674,1.3788,1.3977,1.4255,1.4623,1.5115,1.5862,1.6998,1.8412,1.9633,1.9829,1.8841,1.7717,1.7436,1.7987,1.8771,1.8856,1.7932,1.8299,1.8442,1.885,2.0319,2.2513,2.4054,2.4063,2.3106,2.1924,1.351,1.3544,1.3581,1.362,1.366,1.3699,1.3739,1.3787,1.3852,1.3949,1.4092,1.4297,1.4575,1.494,1.5415,1.6043,1.6829,1.7659,1.8272,1.836,1.7853,1.7094,1.6916,1.7517,1.8142,1.8367,1.8215,1.7909,1.7252,1.7603,1.8826,2.0281,2.1384,2.1745,2.1469,2.0873,1.3617,1.3654,1.3694,1.3738,1.3785,1.3835,1.3893,1.3963,1.4052,1.417,1.4328,1.4536,1.4805,1.5142,1.556,1.6061,1.6621,1.7161,1.7552,1.7676,1.7518,1.7239,1.7182,1.7477,1.7842,1.804,1.7988,1.7613,1.7099,1.7363,1.8221,1.916,1.9897,2.0257,2.024,1.9963]}]