docs/data/wind_grid.json
[{"header":{"la1":42.85,"la2":41.18,"lo1":11.55,"lo2":14.05,"nx":36,"ny":24,"dx":0.07143,"dy":0.07261,"parameterCategory":2,"parameterNumber":2,"parameterNumberName":"eastward_wind","parameterUnit":"m.s-1"},"data":[-0.707,-0.7109,-0.713,-0.7131,-0.711,-0.7062,-0.6978,-0.6847,-0.6658,-0.6414,-0.6131,-0.5831,-0.5537,-0.5261,-0.5004,-0.4758,-0.4506,-0.4228,-0.391,-0.3555,-0.3203,-0.2926,-0.2792,-0.282,-0.297,-0.3179,-0.3396,-0.3593,-0.3758,-0.389,-0.3995,-0.4076,-0.4138,-0.4187,-0.4224,-0.4254,-0.7301,-0.7363,-0.7405,-0.7426,-0.7427,-0.7406,-0.7348,-0.7226,-0.7016,-0.6713,-0.6346,-0.5962,-0.5597,-0.5272,-0.4986,-0.4724,-0.4455,-0.414,-0.3735,-0.3225,-0.2664,-0.221,-0.2029,-0.2155,-0.2473,-0.2844,-0.3184,-0.3462,-0.3678,-0.384,-0.3961,-0.4052,-0.4119,-0.4169,-0.4207,-0.4236,-0.7566,-0.7659,-0.7727,-0.7772,-0.7803,-0.7829,-0.7834,-0.7761,-0.7538,-0.7142,-0.6637,-0.6116,-0.5651,-0.5266,-0.4956,-0.4695,-0.4434,-0.4104,-0.3607,-0.2851,-0.1875,-0.1028,-0.0777,-0.1166,-0.1833,-0.2476,-0.2985,-0.3359,-0.3625,-0.3813,-0.3945,-0.404,-0.4108,-0.4158,-0.4194,-0.4221,-0.7874,-0.801,-0.811,-0.8176,-0.8239,-0.834,-0.8482,-0.8557,-0.8357,-0.7795,-0.703,-0.6286,-0.5676,-0.522,-0.4896,-0.4664,-0.446,-0.4183,-0.365,-0.2566,-0.0747,0.1072,0.1378,0.0252,-0.1108,-0.2152,-0.2856,-0.3316,-0.3616,-0.3816,-0.395,-0.4042,-0.4106,-0.4151,-0.4184,-0.4207,-0.8234,-0.8435,-0.8579,-0.8657,-0.8724,-0.891,-0.9325,-0.9808,-0.9756,-0.8826,-0.7538,-0.6429,-0.563,-0.5098,-0.4775,-0.4609,-0.4535,-0.4444,-0.4089,-0.2811,0.0467,0.4675,0.474,0.1813,-0.0593,-0.2039,-0.2874,-0.3366,-0.3666,-0.3855,-0.3977,-0.4058,-0.4112,-0.4149,-0.4175,-0.4193,-0.8652,-0.8965,-0.9192,-0.9267,-0.9251,-0.944,-1.0254,-1.1721,-1.2198,-1.0329,-0.8032,-0.6436,-0.5444,-0.4847,-0.4538,-0.4474,-0.4607,-0.4861,-0.5056,-0.4259,-0.0112,0.6902,0.6499,0.1981,-0.0864,-0.2327,-0.3097,-0.3525,-0.3775,-0.3927,-0.4022,-0.4083,-0.4122,-0.4148,-0.4165,-0.4177,-0.9113,-0.9621,-1.0043,-1.0146,-0.9877,-0.9764,-1.0696,-1.3373,-1.4827,-1.1369,-0.8021,-0.6132,-0.505,-0.4406,-0.4096,-0.4142,-0.4534,-0.5168,-0.5815,-0.571,-0.3683,0.0424,0.139,-0.0588,-0.2152,-0.3026,-0.3501,-0.3767,-0.3923,-0.4017,-0.4075,-0.4111,-0.4132,-0.4144,-0.4151,-0.4156,-0.955,-1.0332,-1.1169,-1.1505,-1.0752,-0.9866,-0.9996,-1.1616,-1.2403,-0.9656,-0.7021,-0.5453,-0.4447,-0.3726,-0.3293,-0.339,-0.4113,-0.5117,-0.5905,-0.6681,-0.8512,-0.7639,-0.499,-0.391,-0.3776,-0.386,-0.3955,-0.4025,-0.4073,-0.4105,-0.4123,-0.4132,-0.4135,-0.4133,-0.4129,-0.4127,-0.9834,-1.0823,-1.2075,-1.2878,-1.1594,-0.9872,-0.886,-0.851,-0.7946,-0.6727,-0.5571,-0.462,-0.375,-0.2821,-0.1821,-0.1716,-0.3159,-0.4883,-0.6467,-0.9209,-1.4688,-1.3461,-0.8531,-0.5983,-0.4927,-0.4489,-0.4301,-0.4219,-0.4184,-0.4166,-0.4153,-0.4139,-0.4124,-0.4108,-0.4094,-0.4084,-0.9877,-1.0865,-1.1939,-1.2475,-1.1714,-0.982,-0.8024,-0.665,-0.527,-0.4488,-0.438,-0.3922,-0.3157,-0.1989,0.0578,0.1901,-0.1923,-0.4832,-0.6787,-0.9195,-1.2695,-1.2081,-0.8714,-0.6499,-0.5333,-0.4734,-0.4434,-0.429,-0.4222,-0.4184,-0.4154,-0.4123,-0.4093,-0.4064,-0.4041,-0.4025,-0.9702,-1.0685,-1.201,-1.3894,-1.331,-0.9899,-0.7489,-0.5884,-0.3581,-0.2544,-0.368,-0.347,-0.2756,-0.1851,0.0337,0.1982,-0.2575,-0.5961,-0.7661,-0.839,-0.903,-0.8714,-0.7369,-0.6047,-0.512,-0.4572,-0.431,-0.4212,-0.4178,-0.4154,-0.4122,-0.4081,-0.4036,-0.3994,-0.3961,-0.3941,-0.932,-1.0226,-1.1606,-1.348,-1.2747,-0.9203,-0.7109,-0.6361,-0.4783,-0.3491,-0.3706,-0.3244,-0.2409,-0.1544,-0.1648,-0.2442,-0.5232,-0.9766,-1.1129,-0.9216,-0.7908,-0.7077,-0.62,-0.5281,-0.4483,-0.4012,-0.392,-0.3996,-0.407,-0.409,-0.4064,-0.4009,-0.3945,-0.3888,-0.3846,-0.3824,-0.8752,-0.9372,-1.0112,-1.0598,-0.9771,-0.7945,-0.6891,-0.7023,-0.6342,-0.4781,-0.3864,-0.3287,-0.2499,-0.1249,-0.1682,-0.3289,-0.6645,-1.7275,-1.7803,-1.0445,-0.7478,-0.6167,-0.5329,-0.4491,-0.3541,-0.3028,-0.33,-0.3716,-0.3951,-0.402,-0.3986,-0.3903,-0.3808,-0.3729,-0.368,-0.3663,-0.8108,-0.8422,-0.8655,-0.8581,-0.7975,-0.7109,-0.6613,-0.6654,-0.614,-0.4765,-0.3798,-0.3539,-0.3249,-0.0508,-0.2166,-0.2259,-0.5045,-1.1728,-1.3209,-0.8863,-0.6256,-0.5076,-0.4533,-0.3903,-0.276,-0.2071,-0.2812,-0.3568,-0.391,-0.3976,-0.3892,-0.3744,-0.3596,-0.3488,-0.3437,-0.3439,-0.7506,-0.7616,-0.7617,-0.742,-0.7005,-0.6508,-0.6127,-0.5824,-0.5209,-0.4279,-0.3574,-0.3176,-0.2333,-0.1053,-0.2553,-0.2392,-1.0307,-0.7987,-0.7579,-0.5809,-0.3797,-0.3261,-0.3635,-0.3684,-0.3069,-0.2589,-0.3151,-0.3777,-0.4023,-0.3976,-0.3763,-0.3491,-0.3254,-0.3115,-0.3083,-0.3133,-0.6998,-0.6998,-0.6908,-0.6701,-0.6384,-0.6012,-0.5634,-0.5202,-0.4601,-0.3848,-0.3197,-0.3067,-0.2969,-0.2734,-0.356,-0.5808,-0.9168,-0.6877,-0.5335,-0.3243,0.0145,-0.0529,-0.2706,-0.3658,-0.3839,-0.3847,-0.4093,-0.4323,-0.429,-0.4001,-0.3544,-0.3052,-0.268,-0.2524,-0.2566,-0.2722,-0.6591,-0.6535,-0.6413,-0.6215,-0.5948,-0.5632,-0.5276,-0.486,-0.4358,-0.3785,-0.3292,-0.3309,-0.3625,-0.3845,-0.4154,-0.503,-0.5571,-0.4763,-0.3628,-0.2363,0.0777,-0.0113,-0.2595,-0.3901,-0.4593,-0.5027,-0.5231,-0.5107,-0.4681,-0.401,-0.3149,-0.2272,-0.1695,-0.1595,-0.184,-0.2207,-0.6269,-0.6187,-0.6056,-0.5873,-0.5641,-0.5368,-0.5058,-0.4713,-0.4339,-0.3979,-0.3737,-0.373,-0.3932,-0.411,-0.4705,-0.5096,-0.4637,-0.301,-0.1419,-0.2526,-0.2197,-0.2366,-0.3426,-0.4509,-0.556,-0.6534,-0.6799,-0.6158,-0.5169,-0.3978,-0.2501,-0.0951,-0.0078,-0.0245,-0.0934,-0.1642,-0.6016,-0.5924,-0.5796,-0.5629,-0.5427,-0.5196,-0.4941,-0.4671,-0.4405,-0.4178,-0.4042,-0.4044,-0.4201,-0.4652,-0.5965,-0.6485,-0.4831,-0.317,-0.2231,-0.3213,-0.3421,-0.3651,-0.4256,-0.5195,-0.6602,-0.848,-0.8884,-0.7267,-0.5627,-0.3934,-0.1751,0.0774,0.1999,0.1235,-0.0098,-0.1184,-0.5818,-0.5724,-0.5603,-0.5455,-0.5282,-0.5089,-0.4884,-0.4678,-0.4487,-0.4338,-0.426,-0.4285,-0.4459,-0.4914,-0.5836,-0.609,-0.4926,-0.3984,-0.3845,-0.3984,-0.3974,-0.4292,-0.4815,-0.5621,-0.6971,-0.8908,-0.9328,-0.7546,-0.5814,-0.3962,-0.1533,0.1476,0.2874,0.1776,0.0171,-0.1042,-0.5661,-0.5571,-0.5461,-0.533,-0.5183,-0.5024,-0.4861,-0.4702,-0.4563,-0.446,-0.4413,-0.4441,-0.457,-0.4824,-0.5127,-0.5137,-0.4726,-0.4287,-0.4087,-0.4108,-0.4367,-0.4818,-0.5245,-0.5764,-0.6676,-0.7749,-0.8261,-0.748,-0.5658,-0.3948,-0.2115,0.0077,0.1273,0.0756,-0.0339,-0.129,-0.5538,-0.5454,-0.5354,-0.5241,-0.5116,-0.4985,-0.4854,-0.4731,-0.4626,-0.4551,-0.4516,-0.4533,-0.4604,-0.4717,-0.4812,-0.4789,-0.4631,-0.4452,-0.4373,-0.448,-0.4872,-0.5478,-0.5741,-0.5811,-0.6354,-0.7393,-0.8687,-0.7373,-0.4528,-0.3323,-0.2597,-0.1554,-0.0775,-0.0759,-0.1221,-0.1775,-0.5441,-0.5363,-0.5274,-0.5176,-0.5071,-0.4963,-0.4856,-0.4759,-0.4677,-0.4617,-0.4587,-0.4589,-0.462,-0.4666,-0.4696,-0.4681,-0.4623,-0.4571,-0.4593,-0.4774,-0.522,-0.5893,-0.6067,-0.5813,-0.598,-0.6463,-0.6622,-0.4655,-0.1743,-0.1987,-0.2531,-0.2362,-0.2008,-0.1882,-0.202,-0.2291,-0.5363,-0.5292,-0.5214,-0.5129,-0.5039,-0.4949,-0.4862,-0.4782,-0.4716,-0.4666,-0.4637,-0.4628,-0.4637,-0.4653,-0.4663,-0.4659,-0.4647,-0.4653,-0.472,-0.4898,-0.5232,-0.5639,-0.5772,-0.564,-0.5599,-0.5558,-0.5008,-0.3233,-0.1352,-0.1734,-0.2512,-0.2719,-0.264,-0.2568,-0.2602,-0.2728]},{"header":{"la1":42.85,"la2":41.18,"lo1":11.55,"lo2":14.05,"nx":36,"ny":24,"dx":0.07143,"dy":0.07261,"parameterCategory":2,"parameterNumber":3,"parameterNumberName":"northward_wind","parameterUnit":"m.s-1"},"data":[-0.5553,-0.5566,-0.5569,-0.5561,-0.5538,-0.55,-0.5444,-0.537,-0.5273,-0.515,-0.4995,-0.4805,-0.4578,-0.4316,-0.4025,-0.3715,-0.3403,-0.311,-0.2859,-0.2666,-0.2536,-0.2462,-0.2433,-0.2439,-0.247,-0.2518,-0.2578,-0.2646,-0.2718,-0.2792,-0.2868,-0.2943,-0.3018,-0.3091,-0.3162,-0.3231,-0.5639,-0.5662,-0.5674,-0.5672,-0.5655,-0.562,-0.5566,-0.5495,-0.5401,-0.5279,-0.512,-0.4916,-0.4663,-0.4361,-0.4014,-0.3634,-0.3244,-0.2879,-0.2576,-0.2362,-0.2241,-0.2191,-0.2191,-0.2223,-0.2279,-0.2351,-0.2433,-0.252,-0.2609,-0.27,-0.279,-0.2878,-0.2965,-0.3049,-0.313,-0.3206,-0.5726,-0.5761,-0.5785,-0.5792,-0.5778,-0.5743,-0.5688,-0.5617,-0.5531,-0.542,-0.5266,-0.5054,-0.4777,-0.4431,-0.4018,-0.3547,-0.3045,-0.2569,-0.2193,-0.1972,-0.1897,-0.1906,-0.1949,-0.2009,-0.2087,-0.2181,-0.2285,-0.2393,-0.2501,-0.2608,-0.2713,-0.2816,-0.2916,-0.3012,-0.3103,-0.3189,-0.5814,-0.5866,-0.5905,-0.5921,-0.5908,-0.5865,-0.5795,-0.5713,-0.5637,-0.5556,-0.543,-0.5224,-0.4929,-0.4541,-0.4054,-0.3466,-0.2797,-0.2134,-0.1637,-0.1449,-0.1529,-0.1684,-0.1773,-0.1827,-0.1906,-0.2015,-0.2139,-0.2267,-0.2394,-0.2519,-0.2641,-0.2759,-0.2873,-0.2981,-0.3083,-0.3179,-0.5899,-0.5977,-0.6039,-0.6067,-0.605,-0.5983,-0.5865,-0.5726,-0.5652,-0.5652,-0.5605,-0.5432,-0.5131,-0.4711,-0.4155,-0.343,-0.2515,-0.1499,-0.0725,-0.0644,-0.1175,-0.1716,-0.179,-0.1709,-0.174,-0.1852,-0.1995,-0.2143,-0.229,-0.2434,-0.2573,-0.2708,-0.2837,-0.2959,-0.3074,-0.318,-0.5977,-0.6097,-0.6203,-0.6251,-0.6221,-0.6115,-0.5892,-0.5554,-0.5416,-0.5648,-0.5798,-0.5691,-0.5397,-0.4966,-0.4373,-0.3528,-0.2307,-0.066,0.0885,0.0829,-0.0611,-0.1864,-0.1858,-0.1562,-0.1554,-0.1684,-0.1851,-0.2022,-0.2189,-0.2353,-0.2511,-0.2665,-0.2811,-0.2949,-0.3077,-0.3194,-0.6034,-0.6228,-0.6436,-0.653,-0.6451,-0.63,-0.5995,-0.5309,-0.4947,-0.5661,-0.6094,-0.6032,-0.5737,-0.5329,-0.4772,-0.3903,-0.2477,-0.0218,0.2501,0.2379,0.0449,-0.0745,-0.1128,-0.1156,-0.13,-0.1502,-0.1706,-0.1901,-0.209,-0.2275,-0.2456,-0.2632,-0.2799,-0.2955,-0.3097,-0.3226,-0.6027,-0.6334,-0.681,-0.7075,-0.6757,-0.6528,-0.6417,-0.5955,-0.5699,-0.6372,-0.6686,-0.6492,-0.6145,-0.5808,-0.5425,-0.4698,-0.3301,-0.1174,0.103,0.1511,0.1706,0.1312,0.0167,-0.057,-0.1009,-0.1314,-0.1557,-0.1775,-0.1988,-0.2199,-0.2409,-0.2612,-0.2803,-0.298,-0.3139,-0.328,-0.5878,-0.6222,-0.7132,-0.8004,-0.6878,-0.6567,-0.7062,-0.7452,-0.7768,-0.7984,-0.7657,-0.7047,-0.6562,-0.6369,-0.6454,-0.6112,-0.4617,-0.2644,-0.0765,0.1195,0.4208,0.3592,0.1123,-0.017,-0.0789,-0.1139,-0.1395,-0.1631,-0.1873,-0.2122,-0.237,-0.2609,-0.2832,-0.3033,-0.321,-0.3362,-0.5543,-0.5544,-0.5862,-0.6155,-0.5065,-0.6084,-0.7765,-0.9097,-1.0285,-1.047,-0.8955,-0.7568,-0.687,-0.6836,-0.7959,-0.8637,-0.5921,-0.3639,-0.1838,0.0281,0.2829,0.2604,0.0848,-0.0187,-0.0679,-0.0952,-0.1182,-0.1441,-0.1734,-0.2041,-0.2345,-0.2632,-0.2894,-0.3124,-0.3321,-0.3483,-0.5176,-0.4595,-0.3124,0.0268,-0.0509,-0.5449,-0.8809,-1.073,-1.2887,-1.3978,-1.0064,-0.7799,-0.6991,-0.6922,-0.7839,-0.8713,-0.579,-0.3849,-0.2574,-0.1267,-0.0029,0.0309,-0.006,-0.0393,-0.0534,-0.0628,-0.0829,-0.1159,-0.1554,-0.1959,-0.2344,-0.2696,-0.3006,-0.327,-0.3485,-0.3654,-0.5045,-0.4304,-0.2649,0.0048,-0.1024,-0.649,-1.069,-1.2777,-1.2721,-1.2421,-0.9484,-0.7582,-0.7041,-0.7325,-0.6792,-0.5699,-0.4375,-0.3485,-0.2944,-0.2113,-0.1292,-0.0794,-0.0579,-0.038,-0.008,0.0073,-0.0193,-0.0741,-0.134,-0.1896,-0.2393,-0.2826,-0.3194,-0.3493,-0.3724,-0.3891,-0.5208,-0.4758,-0.4055,-0.36,-0.5007,-0.8447,-1.2222,-1.5022,-1.3477,-1.0548,-0.8349,-0.7278,-0.7,-0.7589,-0.6661,-0.4017,-0.2944,-0.3435,-0.3398,-0.2286,-0.1497,-0.097,-0.0577,-0.002,0.0903,0.1446,0.0807,-0.024,-0.1155,-0.1903,-0.2531,-0.3061,-0.3496,-0.383,-0.4066,-0.4216,-0.5503,-0.5388,-0.5352,-0.5725,-0.6961,-0.9069,-1.1548,-1.3533,-1.2477,-0.938,-0.7511,-0.726,-0.7308,-0.668,-0.4358,-0.1502,-0.0822,-0.1929,-0.2461,-0.1715,-0.0942,-0.0477,-0.0232,0.0378,0.1898,0.2912,0.1635,0.0042,-0.1139,-0.2052,-0.2815,-0.3458,-0.3968,-0.4331,-0.4551,-0.4655,-0.5763,-0.5844,-0.6061,-0.6554,-0.7437,-0.8639,-0.9852,-1.0441,-0.9561,-0.7805,-0.6611,-0.6162,-0.5786,-0.4967,-0.3181,-0.0436,0.6601,0.0985,-0.0949,-0.0561,0.0724,0.0955,0.0395,0.0406,0.1385,0.211,0.1135,-0.0243,-0.1397,-0.2397,-0.3303,-0.4093,-0.4699,-0.5075,-0.5234,-0.5239,-0.5922,-0.6077,-0.6334,-0.6741,-0.7301,-0.7922,-0.8389,-0.8387,-0.7713,-0.6673,-0.5969,-0.5254,-0.5242,-0.4789,-0.3118,0.0541,0.4553,0.0799,-0.0801,0.0662,0.4643,0.3795,0.1183,0.0256,0.0328,0.0465,0.0023,-0.0824,-0.183,-0.2925,-0.4055,-0.5089,-0.5836,-0.6182,-0.6184,-0.599,-0.5983,-0.6142,-0.6362,-0.665,-0.6978,-0.7272,-0.7409,-0.7262,-0.6808,-0.6227,-0.5874,-0.5527,-0.5474,-0.5357,-0.3806,-0.207,-0.111,-0.1968,-0.2529,-0.0119,0.5155,0.4066,0.1089,-0.0011,-0.0168,-0.0117,-0.0364,-0.1092,-0.22,-0.357,-0.5131,-0.6637,-0.7615,-0.7811,-0.7452,-0.6901,-0.5969,-0.6104,-0.627,-0.6456,-0.6636,-0.6761,-0.6769,-0.6617,-0.632,-0.5978,-0.5694,-0.5464,-0.5495,-0.5374,-0.4379,-0.3708,-0.3326,-0.4516,-0.6219,-0.3144,-0.0144,0.0561,-0.0106,-0.0431,-0.0117,0.0566,0.0548,-0.0686,-0.2366,-0.4261,-0.6554,-0.8958,-1.0315,-1.0049,-0.8974,-0.7872,-0.5907,-0.6012,-0.6127,-0.624,-0.6331,-0.637,-0.6329,-0.6195,-0.5983,-0.5737,-0.5498,-0.5283,-0.5107,-0.4859,-0.4768,-0.4833,-0.4173,-0.4758,-0.5543,-0.4201,-0.2645,-0.1563,-0.1179,-0.0825,0.0274,0.2666,0.3161,0.0114,-0.2539,-0.4917,-0.8017,-1.175,-1.3595,-1.241,-1.0341,-0.8653,-0.582,-0.5895,-0.5969,-0.6032,-0.6069,-0.6065,-0.6005,-0.5886,-0.5717,-0.5519,-0.531,-0.51,-0.4892,-0.4706,-0.4718,-0.4711,-0.4284,-0.4304,-0.467,-0.4824,-0.3473,-0.2351,-0.1754,-0.1275,-0.014,0.2794,0.3483,-0.0895,-0.3335,-0.5423,-0.8567,-1.2864,-1.4935,-1.3266,-1.0802,-0.8927,-0.572,-0.577,-0.5814,-0.5843,-0.5849,-0.5821,-0.5753,-0.5644,-0.55,-0.533,-0.5144,-0.4951,-0.4758,-0.4588,-0.4476,-0.4345,-0.4145,-0.4077,-0.4227,-0.4138,-0.3213,-0.2252,-0.1792,-0.1738,-0.1747,-0.2266,-0.479,-0.4835,-0.4752,-0.5758,-0.782,-1.083,-1.2546,-1.1742,-1.0061,-0.8594,-0.5617,-0.5647,-0.5669,-0.5675,-0.5661,-0.562,-0.5549,-0.5448,-0.532,-0.5169,-0.5003,-0.4829,-0.4652,-0.4485,-0.433,-0.4171,-0.3999,-0.385,-0.37,-0.333,-0.2469,-0.1319,-0.0979,-0.1726,-0.282,-0.4869,-0.7675,-0.6596,-0.5824,-0.6076,-0.6897,-0.8374,-0.9489,-0.948,-0.8755,-0.7892,-0.5515,-0.5531,-0.5536,-0.5527,-0.5501,-0.5453,-0.5381,-0.5286,-0.5169,-0.5034,-0.4885,-0.4726,-0.4563,-0.44,-0.4237,-0.4067,-0.3884,-0.3677,-0.3395,-0.2896,-0.1943,-0.0515,-0.013,-0.1477,-0.2995,-0.4594,-0.5875,-0.6144,-0.6627,-0.6499,-0.6466,-0.7009,-0.7605,-0.7793,-0.7568,-0.7139,-0.5419,-0.5423,-0.5416,-0.5397,-0.5363,-0.5311,-0.524,-0.5151,-0.5043,-0.492,-0.4785,-0.464,-0.4488,-0.4332,-0.4171,-0.3999,-0.3809,-0.3581,-0.3274,-0.2805,-0.2073,-0.1202,-0.1018,-0.189,-0.306,-0.4188,-0.5138,-0.5985,-0.6714,-0.6538,-0.6254,-0.6358,-0.6614,-0.6758,-0.6704,-0.6503]}]