docs/data/wind_grid.json
[{"header":{"la1":42.85,"la2":41.18,"lo1":11.55,"lo2":14.05,"nx":36,"ny":24,"dx":0.07143,"dy":0.07261,"parameterCategory":2,"parameterNumber":2,"parameterNumberName":"eastward_wind","parameterUnit":"m.s-1"},"data":[4.2383,4.2499,4.2639,4.28,4.2969,4.3128,4.325,4.3305,4.3271,4.3135,4.2898,4.257,4.2158,4.1666,4.1092,4.0436,3.9702,3.8902,3.806,3.7219,3.6454,3.5869,3.5551,3.5509,3.5675,3.5948,3.625,3.6535,3.6783,3.6992,3.7165,3.7309,3.7429,3.7532,3.7622,3.7701,4.2342,4.2479,4.2657,4.2874,4.3122,4.3373,4.3588,4.3717,4.3717,4.3573,4.3296,4.2911,4.2435,4.187,4.1207,4.0437,3.9556,3.8571,3.7498,3.6371,3.5294,3.4474,3.4116,3.4237,3.4661,3.5184,3.5679,3.6098,3.6435,3.6702,3.6914,3.7085,3.7225,3.7342,3.7444,3.7534,4.2248,4.24,4.2615,4.2901,4.3255,4.3647,4.4015,4.4269,4.4322,4.415,4.3797,4.3326,4.2771,4.2128,4.1373,4.0476,3.9425,3.8222,3.6866,3.5332,3.3697,3.2391,3.1988,3.2501,3.3427,3.4347,3.51,3.5673,3.6101,3.6422,3.6668,3.686,3.7017,3.7148,3.726,3.736,4.2085,4.2234,4.2477,4.2838,4.3333,4.3938,4.4571,4.506,4.5201,4.494,4.4422,4.3812,4.3163,4.245,4.161,4.0581,3.9333,3.7884,3.6245,3.4223,3.1571,2.9119,2.8714,3.0215,3.207,3.3546,3.4586,3.5303,3.5802,3.616,3.6428,3.6636,3.6805,3.6946,3.7068,3.7177,4.1833,4.195,4.2191,4.2615,4.3278,4.4196,4.5294,4.6273,4.6585,4.6052,4.5171,4.4339,4.3597,4.2843,4.1951,4.08,3.9314,3.7557,3.5734,3.35,2.9332,2.4194,2.4138,2.7823,3.098,3.2993,3.4236,3.5025,3.5549,3.5917,3.6192,3.6407,3.6584,3.6734,3.6865,3.6983,4.1481,4.1519,4.1699,4.2131,4.2954,4.4266,4.6095,4.8108,4.882,4.7508,4.5924,4.4829,4.4043,4.332,4.2451,4.1229,3.9467,3.7198,3.5169,3.374,2.9206,2.1369,2.1848,2.7188,3.0838,3.2911,3.4111,3.4847,3.5332,3.5679,3.5946,3.6163,3.6347,3.6506,3.6647,3.6776,4.1038,4.0941,4.0973,4.1298,4.2194,4.3856,4.6377,4.9688,5.1065,4.8531,4.6329,4.517,4.4475,4.3898,4.3179,4.2023,4.0094,3.7209,3.4406,3.4122,3.1869,2.7524,2.6876,2.9498,3.1811,3.3272,3.4154,3.4714,3.5107,3.5413,3.5669,3.5891,3.6085,3.6256,3.641,3.655,4.0538,4.0285,4.0154,4.0252,4.1013,4.2833,4.5383,4.818,4.9278,4.7649,4.6168,4.5353,4.4896,4.4589,4.4199,4.3328,4.1535,3.8721,3.5873,3.4675,3.2924,3.1773,3.155,3.2183,3.3058,3.3721,3.4164,3.4496,3.4789,3.5068,3.5331,3.5572,3.5787,3.5977,3.6147,3.6303,4.0016,3.9613,3.9589,3.9859,3.9876,4.1556,4.3984,4.5888,4.6704,4.6517,4.5972,4.5515,4.5315,4.5371,4.5583,4.5248,4.3599,4.1121,3.8372,3.5185,3.0951,3.1388,3.3109,3.3668,3.3809,3.3819,3.3857,3.4009,3.4269,3.4585,3.4903,3.5193,3.5446,3.5664,3.5856,3.6029,3.9494,3.8711,3.8213,3.8112,3.7496,4.0093,4.3253,4.5341,4.6583,4.6868,4.6212,4.5717,4.5689,4.6082,4.7267,4.7891,4.5574,4.3304,4.0809,3.722,3.3042,3.295,3.4304,3.4371,3.3767,3.3141,3.2873,3.3023,3.3431,3.3916,3.4369,3.4751,3.5061,3.5314,3.553,3.5723,3.9112,3.7679,3.5004,2.98,3.104,3.8654,4.3451,4.5819,4.7775,4.8596,4.6599,4.582,4.5991,4.6529,4.7445,4.8148,4.6323,4.5179,4.366,4.0971,3.8089,3.6595,3.5765,3.434,3.2451,3.1004,3.0678,3.1268,3.2189,3.3058,3.3748,3.426,3.4636,3.4925,3.5164,3.5378,3.9156,3.7588,3.4664,3.028,3.1864,3.9745,4.4786,4.6775,4.729,4.7537,4.6142,4.5616,4.6244,4.7612,4.7203,4.658,4.6627,4.7813,4.7453,4.4457,4.1463,3.9026,3.6497,3.3002,2.8766,2.6047,2.6467,2.8552,3.0605,3.211,3.3109,3.3755,3.4182,3.4491,3.4745,3.498,3.968,3.8625,3.719,3.6186,3.8001,4.2321,4.6031,4.798,4.7274,4.6117,4.5284,4.5035,4.558,4.8025,4.7297,4.5939,4.6872,5.2312,5.2363,4.6766,4.3323,4.0393,3.6571,3.0309,2.1386,1.6276,1.9793,2.5286,2.9088,3.1313,3.2567,3.3274,3.3696,3.3992,3.4249,3.451,4.0426,3.9949,3.9583,3.9821,4.1236,4.3538,4.5751,4.7152,4.6698,4.5258,4.4461,4.4539,4.4525,4.2649,4.4849,4.4626,4.5791,4.9158,4.9766,4.6707,4.4239,4.1559,3.71,2.8528,1.3929,0.5611,1.4279,2.3429,2.8461,3.0981,3.222,3.2821,3.3138,3.3374,3.3629,3.3932,4.1132,4.1015,4.1089,4.1549,4.2498,4.3745,4.4877,4.5448,4.5068,4.4058,4.324,4.3053,4.3048,4.2081,4.4128,4.4521,4.7577,4.6936,4.6951,4.6237,4.5381,4.3504,3.9131,3.1131,1.8865,1.1811,1.7956,2.5227,2.9302,3.1237,3.2042,3.2303,3.239,3.2529,3.2805,3.3201,4.1687,4.174,4.1942,4.2352,4.2962,4.3643,4.4178,4.433,4.3931,4.2947,4.1565,4.0676,4.1786,4.3048,4.416,4.5623,4.7168,4.6721,4.6715,4.68,4.7844,4.6523,4.1858,3.5877,2.9346,2.5601,2.6739,2.9361,3.1097,3.1806,3.1816,3.1493,3.1222,3.1272,3.1668,3.2272,4.2085,4.2201,4.2413,4.2731,4.3122,4.3506,4.376,4.3763,4.3423,4.2677,4.1702,4.1677,4.2234,4.2679,4.4007,4.5164,4.6176,4.7251,4.8038,4.7627,4.8341,4.7161,4.318,3.9028,3.555,3.3628,3.3147,3.3062,3.281,3.2215,3.1208,3.0016,2.9249,2.9344,3.0115,3.1138,4.2356,4.2487,4.2675,4.2912,4.3172,4.3402,4.3536,4.3517,4.3311,4.2949,4.2622,4.2601,4.2617,4.2826,4.4117,4.5057,4.637,4.9286,5.2007,4.8994,4.7228,4.5703,4.3179,4.038,3.8354,3.7705,3.7152,3.5574,3.387,3.2174,2.9993,2.747,2.6027,2.6569,2.8201,2.9919,4.2536,4.2662,4.282,4.3001,4.3183,4.3336,4.3426,4.3427,4.3339,4.3202,4.3108,4.3141,4.3305,4.3779,4.4614,4.4899,4.6239,4.9089,5.106,4.9751,4.7625,4.5406,4.3105,4.078,3.9406,4.0536,4.076,3.6919,3.4003,3.1737,2.8503,2.4158,2.1907,2.3539,2.6453,2.8949,4.2653,4.2768,4.29,4.3042,4.318,4.3295,4.3371,4.34,4.339,4.3369,4.3387,4.349,4.3728,4.4161,4.4685,4.4987,4.6056,4.8045,5.0651,5.1617,4.8238,4.5532,4.323,4.0774,3.8915,4.0373,4.0857,3.4855,3.2692,3.123,2.8024,2.2832,2.0172,2.2443,2.5915,2.868,4.2726,4.2829,4.2941,4.3058,4.3169,4.3266,4.334,4.3391,4.3427,4.3467,4.3541,4.368,4.3912,4.4251,4.4651,4.5109,4.5916,4.7266,4.902,4.9414,4.7487,4.5759,4.4045,4.1084,3.7112,3.242,2.5408,2.6796,3.04,3.1125,2.9292,2.5625,2.3425,2.4607,2.7063,2.9283,4.2769,4.286,4.2958,4.3057,4.3152,4.3239,4.3314,4.3378,4.3439,4.3509,4.3608,4.3752,4.3958,4.423,4.4563,4.4976,4.5546,4.6295,4.6993,4.7088,4.6731,4.7186,4.6907,4.2808,3.6511,2.79,1.8214,2.3283,3.0521,3.2112,3.1249,2.928,2.7811,2.7922,2.9069,3.0445,4.2789,4.2871,4.2957,4.3044,4.3128,4.3208,4.3282,4.3352,4.3424,4.3507,4.361,4.3745,4.392,4.4137,4.4398,4.4709,4.5076,4.5471,4.5789,4.5985,4.6593,4.8756,4.9544,4.4555,3.7827,3.1183,2.696,2.9838,3.4103,3.3932,3.2873,3.1687,3.0766,3.0548,3.0973,3.1719,4.2793,4.2867,4.2943,4.302,4.3096,4.317,4.3242,4.3312,4.3386,4.3468,4.3565,4.3683,4.3825,4.3992,4.4183,4.4394,4.4615,4.4825,4.5002,4.5225,4.5834,4.705,4.6996,4.3639,3.8889,3.4661,3.2442,3.3187,3.4671,3.4417,3.3699,3.3025,3.2503,3.2302,3.2454,3.2853]},{"header":{"la1":42.85,"la2":41.18,"lo1":11.55,"lo2":14.05,"nx":36,"ny":24,"dx":0.07143,"dy":0.07261,"parameterCategory":2,"parameterNumber":3,"parameterNumberName":"northward_wind","parameterUnit":"m.s-1"},"data":[0.2794,0.2921,0.3046,0.3164,0.3269,0.3345,0.3368,0.3308,0.3141,0.286,0.2478,0.202,0.1508,0.0953,0.0355,-0.0292,-0.0994,-0.1755,-0.2564,-0.3386,-0.4134,-0.4685,-0.4927,-0.4838,-0.4493,-0.4004,-0.347,-0.295,-0.2474,-0.2051,-0.1682,-0.1362,-0.1084,-0.0845,-0.0638,-0.0458,0.2975,0.3138,0.3306,0.3478,0.3649,0.3807,0.3913,0.3911,0.3748,0.341,0.2929,0.236,0.1743,0.1093,0.0403,-0.0346,-0.1174,-0.2101,-0.3143,-0.4281,-0.5397,-0.6236,-0.6538,-0.6262,-0.5604,-0.4804,-0.4018,-0.3313,-0.2707,-0.2194,-0.1762,-0.1398,-0.1091,-0.083,-0.0609,-0.0419,0.3164,0.337,0.3586,0.382,0.4081,0.4367,0.4628,0.4754,0.4616,0.4176,0.352,0.2776,0.2019,0.1263,0.048,-0.0368,-0.1321,-0.2423,-0.3739,-0.5342,-0.7136,-0.8582,-0.8966,-0.8239,-0.6978,-0.5681,-0.4553,-0.3629,-0.2884,-0.2283,-0.1794,-0.1393,-0.1061,-0.0784,-0.0552,-0.0356,0.3364,0.362,0.3887,0.4181,0.4547,0.5027,0.5586,0.6008,0.5952,0.5295,0.4293,0.326,0.232,0.1454,0.059,-0.0343,-0.1405,-0.2646,-0.4192,-0.6378,-0.9459,-1.2338,-1.2771,-1.0888,-0.8502,-0.6498,-0.4975,-0.3833,-0.2965,-0.2293,-0.1761,-0.1335,-0.0987,-0.0701,-0.0464,-0.0266,0.3579,0.3903,0.4225,0.4558,0.5002,0.5732,0.6847,0.7997,0.8198,0.6993,0.5254,0.3755,0.2601,0.1646,0.0734,-0.0255,-0.1396,-0.2698,-0.4216,-0.6734,-1.1894,-1.8115,-1.8177,-1.3695,-0.9706,-0.6984,-0.5144,-0.3853,-0.2912,-0.2202,-0.1652,-0.1216,-0.0864,-0.0578,-0.0343,-0.0148,0.3816,0.4256,0.4667,0.4994,0.5383,0.6284,0.8245,1.1093,1.2091,0.9388,0.6193,0.4103,0.2792,0.1815,0.0908,-0.0087,-0.1277,-0.2594,-0.3634,-0.5372,-1.1771,-2.1475,-2.0905,-1.441,-0.9735,-0.6828,-0.4937,-0.3637,-0.2699,-0.1998,-0.1458,-0.1031,-0.0689,-0.0412,-0.0185,0.0001,0.4058,0.4724,0.5382,0.5706,0.5718,0.6328,0.8779,1.3803,1.6283,1.1024,0.6373,0.4067,0.2834,0.1938,0.1086,0.0158,-0.0993,-0.2384,-0.3083,-0.3602,-0.8414,-1.4177,-1.4924,-1.155,-0.8314,-0.5981,-0.4349,-0.3185,-0.2331,-0.1685,-0.1182,-0.0784,-0.0463,-0.0203,0.0008,0.018,0.4214,0.525,0.6607,0.7276,0.6297,0.5731,0.7162,1.0725,1.2363,0.8412,0.5097,0.3594,0.2781,0.2011,0.1139,0.033,-0.0523,-0.1806,-0.3116,-0.4636,-0.8116,-0.9701,-0.953,-0.816,-0.6353,-0.4751,-0.3501,-0.2557,-0.1838,-0.1279,-0.0835,-0.0478,-0.0188,0.0047,0.0238,0.0391,0.407,0.5344,0.7738,0.9738,0.6827,0.4653,0.4551,0.5144,0.4924,0.3708,0.3077,0.3022,0.2865,0.2091,0.0636,-0.0241,-0.0168,-0.0787,-0.2533,-0.602,-1.1709,-1.0972,-0.7832,-0.5988,-0.46,-0.3459,-0.2548,-0.1833,-0.1266,-0.0807,-0.0432,-0.0123,0.0131,0.0337,0.0502,0.0632,0.3473,0.4258,0.5667,0.6579,0.3982,0.2853,0.2441,0.1606,-0.0163,-0.0799,0.1091,0.2792,0.3501,0.2642,-0.1214,-0.3434,-0.0183,0.0619,-0.0765,-0.4277,-0.9097,-0.8862,-0.5996,-0.4189,-0.3055,-0.223,-0.1595,-0.1086,-0.0662,-0.0299,0.0011,0.0274,0.049,0.0665,0.0801,0.0904,0.2647,0.2571,0.1638,-0.1313,-0.1031,0.1059,0.1252,0.008,-0.408,-0.6314,-0.0307,0.3261,0.5145,0.5304,0.0688,-0.3018,0.1429,0.2876,0.2147,-0.0271,-0.2978,-0.3848,-0.3177,-0.2323,-0.1637,-0.1118,-0.072,-0.0381,-0.0067,0.0223,0.0484,0.0707,0.089,0.1033,0.1138,0.1209,0.1986,0.156,0.0379,-0.1567,-0.1221,0.0609,0.109,0.083,-0.153,-0.3222,0.0932,0.4448,0.7437,1.0699,0.8484,0.5058,0.51,0.6547,0.6237,0.3373,0.0826,-0.0534,-0.0902,-0.0774,-0.0495,-0.0241,-0.0022,0.0221,0.0488,0.075,0.0984,0.118,0.1333,0.1444,0.1514,0.1549,0.1607,0.1258,0.0658,0.0085,0.0257,0.0887,0.1292,0.166,0.118,0.0808,0.272,0.579,0.802,1.2443,1.0825,0.7784,0.7522,1.1333,1.1169,0.558,0.2585,0.1088,0.0405,0.0178,0.0148,0.0176,0.0361,0.0681,0.1011,0.1296,0.1527,0.1705,0.1833,0.191,0.1939,0.1929,0.1402,0.1191,0.093,0.0754,0.0805,0.1006,0.1227,0.1441,0.1286,0.1267,0.2694,0.6975,0.8437,0.6585,0.7751,0.9985,0.8711,0.8815,0.8504,0.5008,0.2786,0.1652,0.103,0.0659,0.0282,0.0024,0.0467,0.1102,0.1586,0.1917,0.2147,0.2307,0.2407,0.2444,0.2423,0.2353,0.1263,0.1134,0.1,0.0907,0.0888,0.092,0.0956,0.0917,0.0621,0.0075,-0.0069,0.1383,0.2552,-0.0194,0.6008,1.0392,0.7385,0.6088,0.4626,0.3113,0.2268,0.1798,0.1348,0.1058,0.0703,0.045,0.1047,0.1852,0.2384,0.2689,0.2881,0.3012,0.3082,0.3072,0.298,0.2829,0.114,0.1047,0.095,0.0865,0.0795,0.0721,0.0595,0.0314,-0.0364,-0.1992,-0.5257,-0.428,-0.2069,0.046,0.3044,0.5393,0.5667,0.3531,0.159,0.1328,0.2592,0.2298,0.1531,0.1516,0.1767,0.2089,0.2691,0.3269,0.3555,0.3661,0.3743,0.3842,0.3895,0.3825,0.3628,0.3357,0.1019,0.0936,0.0845,0.0746,0.0634,0.0486,0.0252,-0.0169,-0.0982,-0.2593,-0.4998,-0.4161,-0.4898,-0.5348,-0.1043,0.0662,0.0678,-0.1595,-0.3579,-0.144,0.2389,0.2055,0.1324,0.1968,0.3259,0.4616,0.5449,0.5488,0.5112,0.4775,0.4686,0.4807,0.4899,0.4748,0.4376,0.3923,0.09,0.0816,0.0719,0.0604,0.0462,0.027,-0.0011,-0.0444,-0.1116,-0.2056,-0.2953,-0.3555,-0.567,-0.638,-0.5394,-0.5563,-0.4592,-0.7997,-1.2613,-0.6649,-0.2193,-0.0438,0.0607,0.2505,0.5498,0.8828,1.0006,0.8584,0.6868,0.5833,0.5576,0.5896,0.6158,0.5856,0.5181,0.4472,0.0784,0.0696,0.0591,0.0464,0.0303,0.0093,-0.0192,-0.0582,-0.1101,-0.1725,-0.2385,-0.3168,-0.4364,-0.6245,-1.2484,-1.5372,-0.8486,-0.9125,-1.1633,-0.9764,-0.5988,-0.2786,-0.0284,0.2945,0.8112,1.5034,1.6619,1.1799,0.8262,0.6522,0.6192,0.6959,0.7537,0.6941,0.5856,0.4881,0.0676,0.0583,0.0472,0.0336,0.0168,-0.0044,-0.0316,-0.0662,-0.109,-0.1596,-0.2192,-0.2969,-0.4179,-0.6607,-1.17,-1.3382,-0.8981,-0.8693,-1.236,-1.4111,-0.8341,-0.444,-0.1498,0.2407,0.8423,1.6256,1.7949,1.2194,0.8494,0.6544,0.6234,0.732,0.809,0.7314,0.6055,0.4997,0.0578,0.0481,0.0366,0.0226,0.0057,-0.015,-0.0405,-0.0716,-0.1091,-0.1538,-0.2087,-0.2812,-0.3871,-0.5504,-0.7498,-0.8172,-0.7449,-0.7874,-1.006,-1.0678,-0.7941,-0.595,-0.3972,0.0125,0.5871,1.0814,1.2206,1.0681,0.756,0.5651,0.5445,0.6344,0.6992,0.6541,0.5623,0.4767,0.049,0.0391,0.0274,0.0135,-0.0031,-0.023,-0.0467,-0.0751,-0.1087,-0.1489,-0.1977,-0.2595,-0.3395,-0.4377,-0.5323,-0.5838,-0.6027,-0.6501,-0.73,-0.7596,-0.7679,-0.9338,-0.9416,-0.3899,0.2987,0.8676,1.2456,0.9956,0.4887,0.3369,0.385,0.4742,0.5324,0.5283,0.4844,0.4307,0.0414,0.0314,0.0197,0.0061,-0.0099,-0.0288,-0.0508,-0.0767,-0.1069,-0.1424,-0.1845,-0.2346,-0.2934,-0.3572,-0.416,-0.4598,-0.4939,-0.5337,-0.5826,-0.6458,-0.8136,-1.2333,-1.3724,-0.6916,0.0416,0.5484,0.7608,0.4538,-0.0456,0.0178,0.2093,0.3335,0.3994,0.4186,0.4062,0.3784,0.0348,0.0249,0.0135,0.0003,-0.015,-0.0327,-0.053,-0.0765,-0.1035,-0.1344,-0.1699,-0.2101,-0.2543,-0.2998,-0.3423,-0.3789,-0.4118,-0.4466,-0.4908,-0.5645,-0.72,-0.9676,-0.9975,-0.5833,-0.0831,0.2616,0.3637,0.1595,-0.1211,-0.0483,0.1311,0.2488,0.3124,0.3395,0.3422,0.3303]}]