docs/data/wind_grid.json
[{"header":{"la1":42.85,"la2":41.18,"lo1":11.55,"lo2":14.05,"nx":36,"ny":24,"dx":0.07143,"dy":0.07261,"parameterCategory":2,"parameterNumber":2,"parameterNumberName":"eastward_wind","parameterUnit":"m.s-1"},"data":[0.7123,0.7039,0.6951,0.6865,0.6788,0.6733,0.6714,0.6749,0.6851,0.7026,0.7267,0.7562,0.7895,0.8254,0.8625,0.8994,0.934,0.9642,0.9874,1.002,1.0078,1.0062,0.9992,0.9889,0.977,0.9644,0.952,0.94,0.9286,0.918,0.9081,0.8989,0.8905,0.8827,0.8756,0.8691,0.7041,0.6933,0.6814,0.6689,0.6566,0.6459,0.6393,0.6397,0.6497,0.6703,0.7002,0.737,0.7785,0.823,0.8693,0.9161,0.9609,1.0002,1.0296,1.0459,1.0491,1.042,1.0286,1.0122,0.9949,0.9782,0.9623,0.9476,0.9341,0.9218,0.9105,0.9002,0.8908,0.8824,0.8747,0.8677,0.6967,0.6832,0.6678,0.6504,0.6317,0.6133,0.5986,0.593,0.6017,0.6269,0.6655,0.7127,0.7645,0.8194,0.877,0.9368,0.9964,1.0499,1.0889,1.1067,1.1038,1.0866,1.0628,1.0375,1.0135,0.9916,0.972,0.9544,0.9387,0.9246,0.9119,0.9005,0.8903,0.8811,0.8728,0.8655,0.6906,0.6745,0.6553,0.6323,0.6054,0.5756,0.5472,0.5296,0.5348,0.5678,0.6209,0.6829,0.7476,0.8143,0.8848,0.9611,1.0421,1.1192,1.1749,1.1933,1.1765,1.1407,1.1006,1.0635,1.0313,1.0038,0.9801,0.9597,0.9418,0.926,0.912,0.8996,0.8885,0.8787,0.8699,0.8622,0.6866,0.6683,0.6456,0.6169,0.5806,0.5358,0.4851,0.4435,0.4398,0.4885,0.5671,0.6498,0.7289,0.807,0.8903,0.9853,1.0959,1.213,1.3003,1.3163,1.2692,1.201,1.1382,1.0871,1.0463,1.0133,0.986,0.9629,0.943,0.9257,0.9106,0.8972,0.8854,0.875,0.8658,0.8578,0.6855,0.6657,0.6405,0.6073,0.5629,0.5023,0.422,0.3372,0.3133,0.3942,0.5132,0.6193,0.7106,0.797,0.8896,1.0009,1.1446,1.3205,1.4649,1.4712,1.3676,1.2544,1.1672,1.1036,1.056,1.0188,0.9886,0.9634,0.9419,0.9234,0.9072,0.893,0.8806,0.8697,0.8603,0.8521,0.6876,0.6676,0.6416,0.6068,0.5587,0.4899,0.3897,0.2631,0.2133,0.3325,0.4816,0.5986,0.6946,0.7835,0.879,0.9968,1.1577,1.3771,1.5792,1.5734,1.418,1.2761,1.1777,1.1092,1.0586,1.0193,0.9874,0.9608,0.9382,0.9187,0.9018,0.8869,0.874,0.8628,0.8531,0.8449,0.6932,0.6743,0.6496,0.6164,0.5707,0.5067,0.4181,0.3156,0.2792,0.3635,0.4787,0.5856,0.6792,0.7654,0.8577,0.9708,1.1184,1.3068,1.4764,1.4835,1.3675,1.2528,1.1671,1.1034,1.0541,1.0146,0.9822,0.9549,0.9316,0.9115,0.8939,0.8786,0.8653,0.8538,0.844,0.8358,0.7021,0.6856,0.664,0.6352,0.5958,0.5416,0.4701,0.3924,0.3426,0.3582,0.4498,0.5652,0.6608,0.7404,0.8268,0.936,1.0673,1.2024,1.3029,1.3248,1.2789,1.211,1.1461,1.0903,1.0439,1.0053,0.973,0.9457,0.9221,0.9015,0.8836,0.8678,0.8541,0.8425,0.8327,0.8248,0.7138,0.7007,0.6837,0.6613,0.6301,0.5841,0.5105,0.3822,0.1881,0.1348,0.3438,0.5366,0.6391,0.7013,0.7805,0.9041,1.0564,1.1934,1.2713,1.2809,1.244,1.1869,1.1279,1.0748,1.0297,0.992,0.9602,0.9331,0.9095,0.8887,0.8704,0.8542,0.8402,0.8284,0.8188,0.8113,0.7275,0.7184,0.7073,0.6929,0.6728,0.64,0.5748,0.4057,-0.1019,-0.3496,0.2388,0.5379,0.6163,0.6265,0.695,0.8716,1.1126,1.3338,1.4205,1.3701,1.2755,1.187,1.1148,1.0575,1.0117,0.9746,0.9437,0.9172,0.8939,0.873,0.8542,0.8374,0.8229,0.8109,0.8016,0.7948,0.742,0.7374,0.7326,0.7276,0.7219,0.7107,0.6733,0.5892,0.3197,0.0365,0.4103,0.6018,0.5955,0.4895,0.5362,0.8413,1.2607,1.7272,1.8161,1.5615,1.3344,1.1892,1.0967,1.034,0.9884,0.9528,0.9236,0.8983,0.8755,0.8543,0.8346,0.8168,0.8014,0.7892,0.7803,0.7748,0.7564,0.7559,0.757,0.7613,0.771,0.788,0.7902,0.3844,1.0062,0.6829,0.6594,0.6787,0.6444,0.4025,0.4352,0.8921,1.4408,2.3412,2.3551,1.7062,1.3404,1.1571,1.0585,0.9989,0.9579,0.9263,0.9001,0.8767,0.8545,0.8327,0.8113,0.7914,0.7744,0.7617,0.7537,0.7501,0.7695,0.7723,0.7781,0.789,0.8095,0.8503,0.9474,1.2548,1.1707,0.8709,0.7875,0.6989,0.6909,0.9578,0.8295,1.1026,1.4893,1.9535,1.9943,1.5305,1.2171,1.0638,0.9917,0.9505,0.9205,0.8958,0.874,0.8534,0.8319,0.8084,0.7835,0.7594,0.7395,0.7261,0.7198,0.7196,0.7807,0.7857,0.794,0.8077,0.8304,0.8689,0.9327,1.002,0.9761,0.9131,0.9014,0.8791,0.9276,1.0992,1.0202,1.4265,1.8702,1.5633,1.4153,1.1903,0.9903,0.9168,0.9049,0.8948,0.8797,0.8632,0.8469,0.8298,0.8089,0.782,0.75,0.7179,0.6926,0.6786,0.6761,0.682,0.7896,0.7958,0.8049,0.8182,0.8375,0.8642,0.8957,0.92,0.9288,0.9587,1.0452,1.0009,0.9827,1.0014,1.0415,1.3475,1.656,1.3412,1.113,0.9335,0.7609,0.7717,0.827,0.8436,0.8401,0.8302,0.8198,0.808,0.7882,0.7547,0.7088,0.6613,0.6267,0.6135,0.6194,0.6364,0.7963,0.8027,0.8115,0.8232,0.8385,0.8569,0.8767,0.8958,0.9188,0.9643,1.0337,1.0039,1.016,1.0289,0.9495,0.9981,1.0684,0.9776,0.8693,0.8107,0.7238,0.7392,0.7859,0.804,0.8038,0.7958,0.7913,0.7899,0.7742,0.7294,0.6572,0.5802,0.5311,0.5244,0.5482,0.5839,0.801,0.8071,0.815,0.8249,0.8369,0.8507,0.8656,0.882,0.9025,0.9295,0.9523,0.9563,0.9957,0.9746,0.7013,0.593,0.7221,0.7419,0.6976,0.7223,0.7307,0.7408,0.758,0.7715,0.7701,0.7512,0.7503,0.7768,0.7754,0.7129,0.5943,0.4656,0.3977,0.4114,0.4681,0.5309,0.8039,0.8095,0.8163,0.8245,0.8339,0.8444,0.8557,0.8677,0.8806,0.8926,0.8976,0.8888,0.853,0.6864,0.159,-0.0386,0.4662,0.6509,0.6518,0.5994,0.6438,0.6857,0.7134,0.741,0.7459,0.6835,0.6705,0.7794,0.8091,0.7194,0.5357,0.3362,0.2527,0.3032,0.4009,0.4906,0.8056,0.8104,0.8161,0.8226,0.8298,0.8375,0.8452,0.8525,0.8583,0.8599,0.8519,0.8242,0.751,0.5629,0.1938,0.0852,0.4208,0.5692,0.4837,0.4258,0.5521,0.6054,0.6409,0.7061,0.7654,0.701,0.6818,0.9021,0.9103,0.7688,0.5318,0.2888,0.1986,0.2671,0.3807,0.479,0.8061,0.8102,0.8147,0.8197,0.8249,0.8301,0.8347,0.8378,0.8381,0.8329,0.8174,0.7833,0.716,0.5987,0.4575,0.4206,0.5077,0.5572,0.5162,0.49,0.5078,0.4769,0.4886,0.625,0.8286,1.0536,1.3674,1.3085,1.0821,0.8581,0.6141,0.3948,0.3018,0.3379,0.4217,0.5017,0.8059,0.8091,0.8126,0.8162,0.8197,0.8227,0.8247,0.8247,0.8214,0.8126,0.795,0.764,0.715,0.6495,0.5876,0.563,0.5738,0.5774,0.5527,0.5095,0.4096,0.2135,0.1679,0.4397,0.8197,1.2636,1.6696,1.5085,1.1833,0.933,0.7222,0.5539,0.4658,0.4602,0.4987,0.5478,0.8051,0.8076,0.8101,0.8125,0.8145,0.8158,0.8158,0.8137,0.8084,0.7984,0.7817,0.7565,0.7224,0.6828,0.6472,0.6248,0.6128,0.5964,0.5611,0.4864,0.3151,0.0195,-0.0614,0.2869,0.7183,1.1055,1.352,1.3138,1.1303,0.9482,0.793,0.6715,0.5967,0.5703,0.5774,0.5999,0.8039,0.8057,0.8074,0.8088,0.8096,0.8096,0.8083,0.8049,0.7987,0.7888,0.7741,0.7542,0.7296,0.7027,0.6774,0.6562,0.6368,0.6117,0.5694,0.4912,0.3494,0.1671,0.1341,0.3534,0.6546,0.9147,1.0721,1.0936,1.0218,0.9197,0.8199,0.7367,0.6787,0.6483,0.6404,0.6464]},{"header":{"la1":42.85,"la2":41.18,"lo1":11.55,"lo2":14.05,"nx":36,"ny":24,"dx":0.07143,"dy":0.07261,"parameterCategory":2,"parameterNumber":3,"parameterNumberName":"northward_wind","parameterUnit":"m.s-1"},"data":[0.5882,0.5617,0.5323,0.5006,0.4683,0.4377,0.4125,0.396,0.3905,0.3953,0.4071,0.4209,0.4325,0.4388,0.439,0.4334,0.4244,0.4149,0.4087,0.4086,0.4159,0.4296,0.4478,0.4682,0.4893,0.5097,0.5288,0.5465,0.5626,0.5773,0.5907,0.6029,0.614,0.6241,0.6334,0.6419,0.586,0.5549,0.5189,0.4785,0.435,0.392,0.3552,0.3315,0.326,0.3384,0.362,0.3878,0.4082,0.4189,0.4187,0.4088,0.3924,0.3747,0.3624,0.3605,0.3709,0.391,0.4169,0.4446,0.4717,0.4968,0.5196,0.5399,0.5581,0.5743,0.5888,0.6019,0.6136,0.6243,0.634,0.6429,0.5869,0.551,0.5076,0.456,0.3968,0.3339,0.2762,0.2377,0.2312,0.2576,0.3032,0.3496,0.3839,0.4009,0.3998,0.3825,0.3535,0.3211,0.2976,0.2934,0.3105,0.3426,0.3809,0.4191,0.454,0.4848,0.5114,0.5346,0.5547,0.5723,0.5878,0.6017,0.6141,0.6253,0.6354,0.6445,0.5925,0.5524,0.5014,0.4368,0.3566,0.2626,0.1663,0.0955,0.0839,0.1385,0.2263,0.3078,0.3629,0.3879,0.3847,0.356,0.3061,0.2471,0.2025,0.1956,0.2284,0.2829,0.3411,0.3935,0.4379,0.4747,0.5053,0.5309,0.5527,0.5715,0.588,0.6025,0.6154,0.627,0.6374,0.6468,0.6045,0.5618,0.5048,0.4277,0.3232,0.185,0.0201,-0.1239,-0.1548,-0.0392,0.1317,0.2693,0.3509,0.3839,0.3771,0.3332,0.2522,0.1459,0.0598,0.0519,0.1206,0.2156,0.3024,0.372,0.426,0.4683,0.502,0.5296,0.5526,0.5723,0.5893,0.6043,0.6177,0.6296,0.6402,0.6498,0.6243,0.5819,0.523,0.4386,0.3143,0.1283,-0.138,-0.4335,-0.5243,-0.2751,0.0436,0.2519,0.3565,0.3931,0.3812,0.3226,0.2057,0.0279,-0.1348,-0.1367,0.003,0.1572,0.2757,0.3603,0.4214,0.467,0.5024,0.5309,0.5545,0.5746,0.592,0.6073,0.6209,0.633,0.6439,0.6536,0.6523,0.6142,0.5598,0.4789,0.3527,0.1468,-0.1946,-0.6703,-0.8652,-0.4218,0.0406,0.283,0.3864,0.4162,0.3988,0.3344,0.2005,-0.0314,-0.2749,-0.2657,-0.054,0.1418,0.2752,0.3642,0.4261,0.4716,0.5066,0.5348,0.5583,0.5783,0.5958,0.6112,0.625,0.6374,0.6484,0.6582,0.688,0.6582,0.6152,0.5507,0.4491,0.2816,0.0024,-0.3885,-0.5376,-0.1619,0.1955,0.3699,0.4361,0.4468,0.4242,0.3679,0.2579,0.0689,-0.134,-0.1367,0.0311,0.1927,0.3063,0.3842,0.4398,0.4814,0.5142,0.5409,0.5636,0.5832,0.6006,0.6162,0.6301,0.6427,0.6539,0.6638,0.729,0.7105,0.6841,0.6451,0.5856,0.4933,0.3589,0.2148,0.1849,0.2992,0.4144,0.4739,0.4852,0.4699,0.4425,0.4018,0.3352,0.2363,0.1399,0.1246,0.1931,0.281,0.3557,0.4138,0.4588,0.4945,0.5236,0.5482,0.5697,0.5888,0.6061,0.6219,0.6362,0.649,0.6604,0.6703,0.7724,0.7661,0.7579,0.7466,0.7303,0.7052,0.6659,0.6119,0.563,0.5491,0.5602,0.5497,0.5095,0.464,0.434,0.4115,0.3774,0.3313,0.2936,0.2864,0.3129,0.3566,0.4023,0.4432,0.4781,0.5076,0.533,0.5554,0.5757,0.5945,0.612,0.6283,0.6431,0.6564,0.6681,0.6781,0.8149,0.8201,0.8283,0.8413,0.861,0.8864,0.9014,0.846,0.627,0.529,0.6255,0.5919,0.4927,0.4013,0.3782,0.3881,0.372,0.3341,0.3167,0.3329,0.3645,0.3995,0.4336,0.465,0.4932,0.5181,0.5404,0.561,0.5806,0.5996,0.618,0.6353,0.6512,0.6653,0.6774,0.6875,0.8537,0.8681,0.889,0.92,0.9662,1.0323,1.1103,1.1369,0.9069,0.6914,0.7171,0.6288,0.4482,0.2536,0.2629,0.348,0.3315,0.2403,0.2269,0.3048,0.3713,0.4148,0.4476,0.4761,0.5013,0.5235,0.5436,0.5631,0.583,0.6033,0.6237,0.6432,0.6609,0.6762,0.6888,0.6988,0.8869,0.9075,0.9362,0.9772,1.0371,1.1253,1.2433,1.2344,1.3288,1.0082,0.8396,0.6963,0.5093,0.1773,0.194,0.3403,0.2832,0.0729,0.0746,0.2671,0.3653,0.4105,0.4438,0.4744,0.5006,0.5218,0.5405,0.5597,0.5812,0.6048,0.6292,0.6526,0.6732,0.6902,0.7032,0.7127,0.9138,0.9376,0.9694,1.0125,1.0721,1.1557,1.2737,1.4467,1.3698,1.1278,0.9717,0.7674,0.6572,0.2774,0.4254,0.3418,0.1976,0.1547,0.1784,0.307,0.3524,0.3724,0.4134,0.458,0.4902,0.5106,0.5273,0.5471,0.5728,0.6032,0.6351,0.665,0.69,0.709,0.7219,0.7301,0.9345,0.9593,0.9907,1.0306,1.0814,1.1444,1.2159,1.27,1.2567,1.2418,1.2582,1.1553,0.919,0.9694,0.6376,0.1577,-0.3368,0.1631,0.3623,0.3589,0.2396,0.233,0.3406,0.4289,0.4708,0.4857,0.4968,0.5187,0.5541,0.5978,0.6431,0.6835,0.7147,0.7354,0.7468,0.7519,0.95,0.9742,1.0036,1.0388,1.0802,1.1267,1.1741,1.2173,1.2743,1.4261,1.737,1.7727,1.4683,1.0746,0.8427,0.3539,-0.0491,0.3858,0.5927,0.3634,-0.1555,-0.0678,0.2549,0.408,0.444,0.4344,0.4323,0.4624,0.52,0.5893,0.6571,0.7137,0.7527,0.7732,0.7798,0.7786,0.9613,0.9843,1.0112,1.0422,1.0774,1.1162,1.1589,1.2115,1.2973,1.4648,1.7046,1.6519,1.6323,1.6154,1.1724,0.891,0.7824,0.9891,1.119,0.647,-0.1791,-0.0622,0.3049,0.4277,0.3991,0.3222,0.2965,0.3579,0.4665,0.5813,0.6843,0.7643,0.8112,0.8261,0.8214,0.8096,0.9692,0.9908,1.0154,1.0433,1.0746,1.1097,1.1507,1.203,1.2769,1.3773,1.4677,1.5043,1.6408,1.6615,1.4217,1.3371,1.2682,1.5905,1.9794,1.3219,0.686,0.4912,0.5208,0.4781,0.3042,0.0775,0.0206,0.1874,0.4019,0.5827,0.7311,0.8413,0.8932,0.8923,0.8678,0.841,0.9745,0.9947,1.0173,1.0427,1.071,1.103,1.1403,1.1853,1.2402,1.3013,1.3557,1.4016,1.4573,1.5006,1.6967,1.7986,1.5051,1.6467,1.8536,1.5997,1.2159,0.9062,0.7287,0.5334,0.1812,-0.3238,-0.4257,0.014,0.3761,0.6071,0.789,0.9272,0.9781,0.9534,0.9066,0.866,0.9778,0.9965,1.0173,1.0404,1.066,1.0946,1.127,1.1639,1.205,1.2476,1.288,1.3269,1.3731,1.4577,1.654,1.7158,1.524,1.5498,1.7646,1.8535,1.4379,1.1016,0.8795,0.6381,0.2502,-0.3472,-0.4702,0.1674,0.4858,0.6624,0.8236,0.9605,1.0077,0.9743,0.9211,0.877,0.9793,0.9967,1.0157,1.0367,1.0596,1.0848,1.1125,1.1426,1.1747,1.2073,1.2396,1.2732,1.3145,1.3764,1.4543,1.4746,1.4369,1.4717,1.6049,1.6248,1.3836,1.1669,1.018,0.8218,0.5803,0.4943,0.8321,0.8207,0.7208,0.74,0.8249,0.919,0.9608,0.9447,0.9075,0.8727,0.9794,0.9954,1.0128,1.0317,1.0521,1.0741,1.0976,1.1226,1.1485,1.1747,1.2011,1.2289,1.2606,1.2974,1.3314,1.3454,1.3464,1.3662,1.3981,1.3722,1.2732,1.2206,1.1895,1.0217,0.852,0.94,1.2515,1.1074,0.8797,0.8075,0.8243,0.8692,0.8983,0.8981,0.8808,0.8596,0.9784,0.9931,1.0089,1.0258,1.0439,1.063,1.0831,1.104,1.1253,1.1468,1.1683,1.1903,1.2132,1.2358,1.2544,1.2648,1.2698,1.2752,1.2744,1.2519,1.2272,1.2686,1.2903,1.1317,0.9715,0.9664,1.049,1.0091,0.9022,0.8409,0.8303,0.8444,0.8591,0.863,0.8567,0.8456,0.9765,0.9899,1.0042,1.0194,1.0353,1.0519,1.0692,1.0868,1.1045,1.1222,1.1396,1.1566,1.1731,1.1879,1.1994,1.2062,1.2088,1.2078,1.2012,1.1896,1.1889,1.2168,1.2137,1.1151,1.0032,0.9548,0.9506,0.9292,0.8858,0.8508,0.8364,0.8367,0.8414,0.8434,0.8409,0.835]}]