docs/data/wind_grid.json
{"header": {"la1":42.1,"la2":41.55,"lo1":12.1,"lo2":12.95,"nx":50,"ny":50,"dx":0.01735,"dy":0.01122,"parameterCategory":2,"parameterNumber":3,"parameterNumberName":"northward_wind","parameterUnit":"m.s-1"}, "data":
[rows 0 to 39 of 50, columns 0 to 49 of 50]
-2.9295,-2.9281,-2.9263,-2.9239,-2.9209,-2.9173,-2.913,-2.9079,-2.9022,-2.8957,-2.8884,-2.8804,-2.8716,-2.862,-2.8515,-2.8401,-2.8277,-2.8141,-2.7991,-2.7825,-2.7638,-2.7426,-2.7186,-2.6913,-2.66,-2.6246,-2.5845,-2.5395,-2.4896,-2.4348,-2.3754,-2.3119,-2.2452,-2.1765,-2.1075,-2.0403,-1.977,-1.9202,-1.8719,-1.8337,-1.8065,-1.7903,-1.7843,-1.7874,-1.798,-1.8143,-1.8348,-1.8583,-1.8834,-1.9094
-2.9364,-2.9353,-2.9337,-2.9315,-2.9287,-2.9252,-2.921,-2.9161,-2.9105,-2.904,-2.8968,-2.8888,-2.8801,-2.8705,-2.8601,-2.8488,-2.8366,-2.8232,-2.8085,-2.7921,-2.7737,-2.7528,-2.7288,-2.7013,-2.6697,-2.6335,-2.5923,-2.5457,-2.4937,-2.4362,-2.3735,-2.306,-2.2348,-2.161,-2.0865,-2.0136,-1.9449,-1.8833,-1.8313,-1.7908,-1.7628,-1.7473,-1.7433,-1.7492,-1.763,-1.7829,-1.807,-1.8337,-1.862,-1.8908
-2.9435,-2.9426,-2.9412,-2.9393,-2.9366,-2.9333,-2.9293,-2.9245,-2.9189,-2.9126,-2.9054,-2.8974,-2.8887,-2.8791,-2.8688,-2.8577,-2.8456,-2.8325,-2.818,-2.802,-2.784,-2.7634,-2.7396,-2.7121,-2.6802,-2.6434,-2.6011,-2.5529,-2.4988,-2.4385,-2.3724,-2.3009,-2.2249,-2.1457,-2.0652,-1.9861,-1.9115,-1.8445,-1.7885,-1.7455,-1.7168,-1.7023,-1.7006,-1.7097,-1.7274,-1.7512,-1.7791,-1.8095,-1.841,-1.8727
-2.9507,-2.9501,-2.949,-2.9472,-2.9448,-2.9417,-2.9378,-2.9331,-2.9276,-2.9213,-2.9141,-2.9062,-2.8974,-2.8879,-2.8776,-2.8666,-2.8547,-2.8418,-2.8278,-2.8122,-2.7946,-2.7744,-2.751,-2.7236,-2.6915,-2.6541,-2.6108,-2.5611,-2.5048,-2.4419,-2.3724,-2.2967,-2.2158,-2.1309,-2.0441,-1.9583,-1.877,-1.8042,-1.7437,-1.6981,-1.6688,-1.6555,-1.6566,-1.6695,-1.6914,-1.7196,-1.7517,-1.7859,-1.8208,-1.8555
-2.958,-2.9577,-2.9568,-2.9553,-2.9531,-2.9502,-2.9465,-2.9419,-2.9365,-2.9302,-2.9231,-2.9151,-2.9064,-2.8968,-2.8866,-2.8756,-2.8639,-2.8513,-2.8376,-2.8225,-2.8054,-2.7858,-2.7628,-2.7356,-2.7035,-2.6657,-2.6214,-2.5703,-2.512,-2.4463,-2.3734,-2.2937,-2.2077,-2.1169,-2.0235,-1.9304,-1.842,-1.7627,-1.6972,-1.6487,-1.6189,-1.6073,-1.6117,-1.6289,-1.6556,-1.6885,-1.7251,-1.7633,-1.8017,-1.8393
-2.9655,-2.9655,-2.9649,-2.9637,-2.9617,-2.959,-2.9554,-2.951,-2.9457,-2.9394,-2.9323,-2.9243,-2.9154,-2.9058,-2.8956,-2.8846,-2.873,-2.8607,-2.8474,-2.8329,-2.8164,-2.7975,-2.7751,-2.7483,-2.7163,-2.6781,-2.633,-2.5805,-2.5202,-2.4519,-2.3758,-2.2919,-2.2011,-2.1044,-2.004,-1.9033,-1.807,-1.7206,-1.6496,-1.5981,-1.5679,-1.5583,-1.5665,-1.5886,-1.6205,-1.6585,-1.6998,-1.7421,-1.784,-1.8245
-2.9732,-2.9735,-2.9732,-2.9722,-2.9705,-2.968,-2.9647,-2.9604,-2.9551,-2.9489,-2.9417,-2.9336,-2.9247,-2.915,-2.9046,-2.8936,-2.8821,-2.8701,-2.8572,-2.8432,-2.8276,-2.8094,-2.7877,-2.7615,-2.7297,-2.6913,-2.6454,-2.5916,-2.5294,-2.4587,-2.3795,-2.2918,-2.1962,-2.0936,-1.9863,-1.8777,-1.773,-1.6789,-1.6019,-1.5471,-1.5166,-1.5095,-1.522,-1.5495,-1.587,-1.6303,-1.6763,-1.7227,-1.768,-1.8114
-2.9809,-2.9816,-2.9816,-2.981,-2.9796,-2.9773,-2.9742,-2.97,-2.9648,-2.9586,-2.9514,-2.9432,-2.9341,-2.9242,-2.9137,-2.9026,-2.8912,-2.8793,-2.8669,-2.8535,-2.8387,-2.8214,-2.8007,-2.7752,-2.7438,-2.7052,-2.6587,-2.6037,-2.5397,-2.4667,-2.3845,-2.2934,-2.1934,-2.0854,-1.9712,-1.8546,-1.7412,-1.6387,-1.5553,-1.4969,-1.4663,-1.462,-1.4793,-1.5125,-1.5558,-1.6046,-1.6553,-1.7056,-1.7542,-1.8003
-2.9888,-2.9899,-2.9903,-2.99,-2.9889,-2.9869,-2.984,-2.98,-2.9749,-2.9687,-2.9614,-2.953,-2.9437,-2.9336,-2.9228,-2.9115,-2.9,-2.8883,-2.8762,-2.8636,-2.8496,-2.8335,-2.8138,-2.7892,-2.7583,-2.7198,-2.6727,-2.6165,-2.5508,-2.4757,-2.391,-2.2968,-2.1931,-2.0802,-1.9598,-1.8353,-1.713,-1.6018,-1.5114,-1.4493,-1.4186,-1.4174,-1.4398,-1.4789,-1.5281,-1.5822,-1.6374,-1.6914,-1.743,-1.7914
-2.9969,-2.9983,-2.9991,-2.9992,-2.9984,-2.9968,-2.9941,-2.9903,-2.9853,-2.9791,-2.9717,-2.9631,-2.9535,-2.9431,-2.9319,-2.9204,-2.9087,-2.897,-2.8852,-2.8732,-2.8603,-2.8453,-2.8269,-2.8035,-2.7732,-2.7348,-2.6872,-2.6299,-2.5627,-2.4856,-2.3988,-2.3022,-2.1955,-2.0788,-1.9529,-1.8212,-1.6903,-1.5703,-1.4726,-1.4065,-1.3758,-1.3777,-1.4053,-1.4503,-1.5051,-1.564,-1.6233,-1.6806,-1.7347,-1.785
-3.005,-3.0069,-3.0081,-3.0086,-3.0083,-3.007,-3.0046,-3.001,-2.9961,-2.9899,-2.9824,-2.9736,-2.9637,-2.9528,-2.9411,-2.9291,-2.9171,-2.9053,-2.8937,-2.8823,-2.8704,-2.8568,-2.8399,-2.8177,-2.7883,-2.7501,-2.702,-2.6436,-2.5749,-2.4962,-2.4077,-2.3094,-2.2008,-2.0815,-1.9517,-1.814,-1.6752,-1.5465,-1.4415,-1.3713,-1.3404,-1.3453,-1.3778,-1.4281,-1.4879,-1.5511,-1.6137,-1.6736,-1.7297,-1.7815
-3.0133,-3.0157,-3.0174,-3.0183,-3.0184,-3.0175,-3.0154,-3.0121,-3.0074,-3.0012,-2.9936,-2.9845,-2.9742,-2.9627,-2.9505,-2.9379,-2.9253,-2.9131,-2.9016,-2.8907,-2.8798,-2.8677,-2.8524,-2.8317,-2.8033,-2.7654,-2.717,-2.6575,-2.5873,-2.5071,-2.4173,-2.3182,-2.2091,-2.0888,-1.9569,-1.8151,-1.6698,-1.5334,-1.4214,-1.3469,-1.3154,-1.3228,-1.3594,-1.4141,-1.4778,-1.5442,-1.6092,-1.6709,-1.7282,-1.781
-3.0217,-3.0246,-3.0268,-3.0283,-3.0288,-3.0283,-3.0267,-3.0236,-3.0191,-3.013,-3.0053,-2.9959,-2.9851,-2.973,-2.96,-2.9466,-2.9332,-2.9205,-2.9088,-2.8982,-2.8883,-2.8777,-2.8643,-2.8453,-2.8181,-2.7806,-2.7317,-2.6711,-2.5995,-2.5179,-2.4273,-2.3282,-2.2199,-2.1008,-1.9691,-1.8256,-1.6762,-1.5336,-1.4153,-1.3367,-1.3041,-1.3129,-1.3521,-1.4097,-1.4758,-1.544,-1.6103,-1.6728,-1.7306,-1.7835
-3.0303,-3.0336,-3.0364,-3.0384,-3.0395,-3.0396,-3.0383,-3.0357,-3.0314,-3.0254,-3.0176,-3.0079,-2.9966,-2.9838,-2.9699,-2.9554,-2.941,-2.9274,-2.9152,-2.9046,-2.8955,-2.8864,-2.8751,-2.8581,-2.8323,-2.7953,-2.7459,-2.6842,-2.611,-2.5281,-2.4371,-2.3389,-2.2329,-2.117,-1.9884,-1.8464,-1.6958,-1.5494,-1.4262,-1.3437,-1.3092,-1.3178,-1.3577,-1.4161,-1.4828,-1.5511,-1.6173,-1.6794,-1.7368,-1.7893
-3.0388,-3.0428,-3.0462,-3.0488,-3.0506,-3.0512,-3.0505,-3.0482,-3.0443,-3.0384,-3.0305,-3.0206,-3.0088,-2.9951,-2.9802,-2.9645,-2.9488,-2.934,-2.9208,-2.9098,-2.9011,-2.8935,-2.8844,-2.8697,-2.8455,-2.8091,-2.7592,-2.6962,-2.6214,-2.5372,-2.446,-2.3495,-2.2472,-2.1366,-2.014,-1.8771,-1.729,-1.582,-1.4561,-1.3701,-1.3327,-1.3392,-1.3773,-1.434,-1.4989,-1.5656,-1.6302,-1.6909,-1.747,-1.7983
-3.0475,-3.0521,-3.0562,-3.0595,-3.0619,-3.0632,-3.0631,-3.0614,-3.0578,-3.0522,-3.0443,-3.0342,-3.0218,-3.0073,-2.9912,-2.974,-2.9568,-2.9404,-2.9258,-2.9138,-2.9049,-2.8986,-2.8918,-2.8797,-2.8574,-2.8217,-2.7714,-2.7069,-2.6303,-2.5446,-2.4533,-2.359,-2.2616,-2.1585,-2.0448,-1.9166,-1.775,-1.6312,-1.505,-1.4165,-1.3752,-1.3773,-1.4109,-1.4633,-1.5243,-1.5874,-1.6489,-1.707,-1.7608,-1.8104
-3.0562,-3.0615,-3.0663,-3.0704,-3.0735,-3.0756,-3.0762,-3.0751,-3.0721,-3.0668,-3.059,-3.0487,-3.0358,-3.0204,-3.0031,-2.9843,-2.9652,-2.9469,-2.9304,-2.9168,-2.9069,-2.9012,-2.8969,-2.8878,-2.8676,-2.8328,-2.782,-2.7159,-2.6372,-2.5497,-2.4583,-2.3664,-2.2748,-2.1808,-2.0786,-1.9625,-1.8315,-1.6948,-1.5712,-1.4811,-1.4351,-1.4309,-1.4576,-1.5031,-1.558,-1.6159,-1.673,-1.7274,-1.7782,-1.8253
-3.065,-3.071,-3.0765,-3.0814,-3.0854,-3.0883,-3.0898,-3.0894,-3.087,-3.0822,-3.0747,-3.0643,-3.051,-3.0348,-3.0161,-2.9957,-2.9745,-2.954,-2.9353,-2.9194,-2.9074,-2.9012,-2.8993,-2.8938,-2.8761,-2.8422,-2.7909,-2.723,-2.6417,-2.5521,-2.4601,-2.3707,-2.2855,-2.2017,-2.1129,-2.0116,-1.8945,-1.7684,-1.6503,-1.5601,-1.5093,-1.4972,-1.515,-1.5519,-1.599,-1.6502,-1.7017,-1.7516,-1.7988,-1.8428
-3.0737,-3.0805,-3.0868,-3.0926,-3.0976,-3.1014,-3.1038,-3.1044,-3.1028,-3.0986,-3.0915,-3.0812,-3.0675,-3.0506,-3.0307,-3.0085,-2.9852,-2.9624,-2.9414,-2.9229,-2.9076,-2.8993,-2.8997,-2.8982,-2.8831,-2.85,-2.798,-2.7281,-2.6438,-2.5513,-2.4582,-2.3709,-2.2921,-2.2192,-2.1449,-2.0601,-1.9594,-1.8466,-1.7365,-1.6478,-1.5927,-1.5724,-1.5803,-1.6073,-1.6455,-1.6891,-1.7343,-1.779,-1.822,-1.8626
-3.0823,-3.0899,-3.0972,-3.104,-3.11,-3.1149,-3.1184,-3.12,-3.1193,-3.1159,-3.1093,-3.0993,-3.0856,-3.0681,-3.0471,-3.0231,-2.9975,-2.9724,-2.9494,-2.9291,-2.9107,-2.8988,-2.9005,-2.9026,-2.8894,-2.8565,-2.8034,-2.731,-2.6432,-2.5473,-2.4522,-2.3664,-2.2936,-2.2315,-2.172,-2.1044,-2.0211,-1.9234,-1.8233,-1.7379,-1.6797,-1.6518,-1.6499,-1.6669,-1.6958,-1.7313,-1.7698,-1.809,-1.8473,-1.8842
-3.0909,-3.0993,-3.1076,-3.1154,-3.1225,-3.1286,-3.1333,-3.1361,-3.1366,-3.1341,-3.1283,-3.1188,-3.1052,-3.0875,-3.0656,-3.0399,-3.0121,-2.9846,-2.9601,-2.9396,-2.9211,-2.9069,-2.9079,-2.9101,-2.8962,-2.8623,-2.8073,-2.7319,-2.6401,-2.54,-2.4422,-2.3568,-2.2893,-2.2374,-2.1921,-2.1413,-2.0754,-1.9934,-1.9047,-1.8245,-1.765,-1.731,-1.7204,-1.728,-1.7479,-1.7755,-1.8072,-1.8407,-1.8743,-1.9073
-3.0993,-3.1086,-3.1178,-3.1267,-3.1351,-3.1425,-3.1486,-3.1528,-3.1546,-3.1533,-3.1484,-3.1396,-3.1265,-3.1089,-3.0864,-3.0594,-3.0292,-2.999,-2.9731,-2.9542,-2.9414,-2.9321,-2.9288,-2.9234,-2.9046,-2.8676,-2.8099,-2.731,-2.6348,-2.5299,-2.4286,-2.3428,-2.2794,-2.2364,-2.2041,-2.1689,-2.1194,-2.0529,-1.9764,-1.903,-1.8444,-1.8064,-1.7889,-1.7883,-1.8002,-1.8203,-1.8455,-1.8734,-1.9024,-1.9315
-3.1075,-3.1177,-3.128,-3.1381,-3.1477,-3.1566,-3.1642,-3.17,-3.1733,-3.1734,-3.1696,-3.1616,-3.1492,-3.1321,-3.1098,-3.0818,-3.0493,-3.0158,-2.9876,-2.97,-2.9651,-2.9667,-2.9586,-2.9406,-2.914,-2.8726,-2.8113,-2.7286,-2.6279,-2.518,-2.4126,-2.3255,-2.265,-2.2295,-2.2084,-2.1868,-2.1522,-2.1002,-2.0361,-1.9708,-1.9151,-1.8755,-1.8531,-1.8461,-1.8511,-1.8646,-1.8838,-1.9065,-1.9311,-1.9563
-3.1154,-3.1266,-3.1379,-3.1492,-3.1602,-3.1706,-3.18,-3.1875,-3.1925,-3.1942,-3.1917,-3.1847,-3.1732,-3.1571,-3.1356,-3.1075,-3.0728,-3.0353,-3.0028,-2.9836,-2.982,-2.9895,-2.9808,-2.9558,-2.9226,-2.8764,-2.8114,-2.7251,-2.6201,-2.5056,-2.3962,-2.3073,-2.2486,-2.2188,-2.2066,-2.1962,-2.1743,-2.1356,-2.0835,-2.0271,-1.9761,-1.9369,-1.9118,-1.9001,-1.8996,-1.9076,-1.9215,-1.9395,-1.9598,-1.9815
-3.123,-3.1351,-3.1475,-3.16,-3.1725,-3.1846,-3.1957,-3.2053,-3.2122,-3.2156,-3.2145,-3.2085,-3.198,-3.1834,-3.1636,-3.1365,-3.1003,-3.0582,-3.0193,-2.9946,-2.9895,-2.9955,-2.989,-2.9642,-2.928,-2.8784,-2.8101,-2.7207,-2.6124,-2.4944,-2.3817,-2.2912,-2.2333,-2.2073,-2.2015,-2.1996,-2.1881,-2.1609,-2.1199,-2.0726,-2.0274,-1.9903,-1.9643,-1.9497,-1.9451,-1.9485,-1.958,-1.9718,-1.9883,-2.0066
-3.1302,-3.1432,-3.1566,-3.1704,-3.1844,-3.1982,-3.2113,-3.223,-3.2322,-3.2376,-3.2379,-3.2328,-3.223,-3.21,-3.1931,-3.1685,-3.132,-3.0853,-3.0385,-3.0053,-2.9928,-2.9935,-2.9878,-2.9658,-2.9294,-2.8778,-2.8074,-2.716,-2.6059,-2.486,-2.3717,-2.2801,-2.2225,-2.1984,-2.1963,-2.2002,-2.1965,-2.1787,-2.1476,-2.109,-2.07,-2.0361,-2.0107,-1.9945,-1.9871,-1.9871,-1.9929,-2.0031,-2.0163,-2.0315
-3.1369,-3.1507,-3.1652,-3.1802,-3.1957,-3.2113,-3.2265,-3.2406,-3.2523,-3.2599,-3.2618,-3.2572,-3.2475,-3.2359,-3.2227,-3.2025,-3.1676,-3.1171,-3.0621,-3.0191,-2.9974,-2.9909,-2.9833,-2.9629,-2.9271,-2.8748,-2.8035,-2.7115,-2.6014,-2.4819,-2.368,-2.2765,-2.2189,-2.1951,-2.1942,-2.201,-2.2024,-2.1918,-2.1689,-2.1382,-2.1053,-2.0753,-2.0513,-2.0348,-2.0256,-2.0231,-2.026,-2.0331,-2.0434,-2.056
-3.1431,-3.1577,-3.1731,-3.1894,-3.2063,-3.2236,-3.241,-3.2576,-3.272,-3.2823,-3.286,-3.2815,-3.2709,-3.2598,-3.2508,-3.2367,-3.2053,-3.1527,-3.0904,-3.0377,-3.0061,-2.9914,-2.9794,-2.9582,-2.9225,-2.8701,-2.7988,-2.7078,-2.5997,-2.4828,-2.3714,-2.2815,-2.224,-2.1991,-2.1973,-2.2044,-2.2084,-2.2027,-2.1863,-2.1623,-2.135,-2.109,-2.087,-2.0709,-2.0608,-2.0565,-2.0571,-2.0618,-2.0696,-2.0798
-3.1486,-3.164,-3.1803,-3.1976,-3.2159,-3.2349,-3.2544,-3.2736,-3.2911,-3.3045,-3.3105,-3.3059,-3.2927,-3.2804,-3.2754,-3.2683,-3.2417,-3.1888,-3.1212,-3.0604,-3.0194,-2.9958,-2.9777,-2.9535,-2.917,-2.8646,-2.7942,-2.7054,-2.6009,-2.4887,-2.3818,-2.2948,-2.2376,-2.2108,-2.2063,-2.2117,-2.2162,-2.2134,-2.2016,-2.1829,-2.1606,-2.1382,-2.1186,-2.1032,-2.0928,-2.0874,-2.0863,-2.089,-2.0948,-2.1028
-3.1534,-3.1695,-3.1866,-3.2049,-3.2243,-3.2449,-3.2663,-3.2881,-3.3087,-3.3258,-3.3349,-3.3306,-3.3131,-3.2966,-3.2943,-3.294,-3.2724,-3.2206,-3.1507,-3.0844,-3.0355,-3.0033,-2.9783,-2.9501,-2.9117,-2.8592,-2.7902,-2.7046,-2.605,-2.499,-2.398,-2.3149,-2.2584,-2.2293,-2.2211,-2.2234,-2.2267,-2.225,-2.2163,-2.2015,-2.1832,-2.1641,-2.1467,-2.1324,-2.1221,-2.116,-2.1137,-2.1148,-2.1188,-2.1251
-3.1576,-3.1741,-3.1918,-3.2109,-3.2314,-3.2533,-3.2764,-3.3004,-3.3241,-3.345,-3.358,-3.3551,-3.3325,-3.3085,-3.3062,-3.3106,-3.293,-3.2438,-3.1748,-3.1063,-3.0519,-3.0126,-2.9809,-2.9481,-2.9075,-2.8547,-2.7874,-2.7055,-2.6117,-2.5126,-2.4184,-2.3398,-2.2843,-2.2531,-2.2408,-2.2392,-2.2402,-2.2382,-2.2311,-2.2191,-2.2038,-2.1875,-2.1721,-2.159,-2.149,-2.1425,-2.1393,-2.1392,-2.1418,-2.1465
-3.1609,-3.1778,-3.196,-3.2157,-3.2369,-3.2598,-3.2842,-3.31,-3.3361,-3.3604,-3.3775,-3.3773,-3.3508,-3.317,-3.3109,-3.3165,-3.3013,-3.256,-3.1909,-3.1236,-3.0665,-3.0219,-2.9846,-2.9475,-2.9045,-2.8514,-2.786,-2.7081,-2.6204,-2.5286,-2.4413,-2.3675,-2.3134,-2.2802,-2.2641,-2.2584,-2.2564,-2.2532,-2.2466,-2.2363,-2.2232,-2.2091,-2.1954,-2.1833,-2.1738,-2.1671,-2.1633,-2.1623,-2.1636,-2.1671
-3.1634,-3.1806,-3.1991,-3.2191,-3.2408,-3.2642,-3.2894,-3.3162,-3.3438,-3.3701,-3.3901,-3.3927,-3.3648,-3.3235,-3.3105,-3.313,-3.2988,-3.2581,-3.1988,-3.1352,-3.0779,-3.03,-2.9885,-2.9478,-2.9027,-2.8494,-2.786,-2.7122,-2.6305,-2.5458,-2.4653,-2.3962,-2.3438,-2.3091,-2.2896,-2.2799,-2.2747,-2.2699,-2.263,-2.2535,-2.2419,-2.2294,-2.217,-2.206,-2.1969,-2.1901,-2.1859,-2.1841,-2.1845,-2.1868
-3.1651,-3.1823,-3.201,-3.2211,-3.2429,-3.2665,-3.2918,-3.3187,-3.3465,-3.3731,-3.3935,-3.3967,-3.37,-3.3275,-3.3077,-3.304,-3.289,-3.2526,-3.1998,-3.1411,-3.0855,-3.0363,-2.992,-2.9486,-2.9019,-2.8487,-2.7873,-2.7175,-2.6415,-2.5635,-2.4893,-2.4248,-2.3741,-2.3386,-2.3162,-2.303,-2.2947,-2.2879,-2.2802,-2.2709,-2.2602,-2.2488,-2.2375,-2.2272,-2.2185,-2.2118,-2.2072,-2.2048,-2.2044,-2.2058
-3.1659,-3.1831,-3.2017,-3.2217,-3.2433,-3.2665,-3.2914,-3.3176,-3.3444,-3.3693,-3.3876,-3.3894,-3.3653,-3.3271,-3.3035,-3.2931,-3.2761,-3.2429,-3.1959,-3.1424,-3.0895,-3.0404,-2.9946,-2.9494,-2.9018,-2.8491,-2.7897,-2.7238,-2.6531,-2.5812,-2.5127,-2.4524,-2.4037,-2.3676,-2.343,-2.3268,-2.3157,-2.3068,-2.2981,-2.2886,-2.2783,-2.2675,-2.2569,-2.2472,-2.2389,-2.2322,-2.2274,-2.2245,-2.2234,-2.2239
-3.1659,-3.1829,-3.2012,-3.2209,-3.242,-3.2646,-3.2884,-3.3132,-3.3379,-3.36,-3.3748,-3.3746,-3.3539,-3.3219,-3.2975,-3.2818,-3.2623,-3.2312,-3.1889,-3.1402,-3.0904,-3.0423,-2.9961,-2.9501,-2.9022,-2.8501,-2.7929,-2.7306,-2.6648,-2.5983,-2.5349,-2.4785,-2.4317,-2.3956,-2.3693,-2.3508,-2.3372,-2.3263,-2.3164,-2.3064,-2.2961,-2.2857,-2.2756,-2.2663,-2.2582,-2.2515,-2.2465,-2.2432,-2.2415,-2.2414
-3.1651,-3.1818,-3.1997,-3.2188,-3.2391,-3.2607,-3.2832,-3.306,-3.328,-3.3468,-3.358,-3.3563,-3.3389,-3.3127,-3.2892,-3.2702,-3.2487,-3.2189,-3.1801,-3.1355,-3.0887,-3.0422,-2.9964,-2.9504,-2.9027,-2.8517,-2.7966,-2.7377,-2.6763,-2.6146,-2.5559,-2.5029,-2.4581,-2.4222,-2.3948,-2.3743,-2.3587,-2.3461,-2.3349,-2.3243,-2.3138,-2.3035,-2.2937,-2.2846,-2.2766,-2.2699,-2.2647,-2.2611,-2.2589,-2.2581
-3.1635,-3.1798,-3.1971,-3.2155,-3.2349,-3.2552,-3.276,-3.2966,-3.3158,-3.3313,-3.3396,-3.337,-3.3224,-3.3007,-3.2788,-3.2583,-3.2355,-3.2064,-3.1704,-3.1291,-3.0852,-3.0405,-2.9957,-2.9503,-2.9032,-2.8535,-2.8007,-2.7449,-2.6874,-2.6301,-2.5753,-2.5256,-2.4826,-2.4472,-2.4191,-2.3972,-2.3799,-2.3658,-2.3534,-2.3421,-2.3313,-2.3209,-2.3112,-2.3022,-2.2943,-2.2875,-2.2821,-2.2781,-2.2755,-2.2742
-3.1612,-3.177,-3.1936,-3.2111,-3.2294,-3.2483,-3.2673,-3.2857,-3.3022,-3.3147,-3.3207,-3.3177,-3.3054,-3.287,-3.2666,-3.2457,-3.2223,-3.194,-3.1601,-3.1216,-3.0803,-3.0375,-2.994,-2.9495,-2.9035,-2.8554,-2.8047,-2.752,-2.698,-2.6445,-2.5933,-2.5464,-2.5052,-2.4705,-2.4421,-2.4192,-2.4006,-2.3851,-2.3718,-2.3597,-2.3485,-2.3379,-2.3281,-2.3192,-2.3112,-2.3044,-2.2988,-2.2945,-2.2915,-2.2897
-3.1582,-3.1734,-3.1893,-3.2058,-3.2229,-3.2403,-3.2575,-3.2737,-3.2877,-3.2978,-3.3021,-3.2989,-3.2882,-3.2722,-3.2533,-3.2327,-3.2093,-3.1818,-3.1496,-3.1134,-3.0744,-3.0335,-2.9915,-2.9483,-2.9037,-2.8572,-2.8087,-2.7587,-2.708,-2.6579,-2.6099,-2.5655,-2.5261,-2.4921,-2.4636,-2.4401,-2.4205,-2.404,-2.3898,-2.377,-2.3653,-2.3546,-2.3446,-2.3356,-2.3276,-2.3206,-2.3148,-2.3102,-2.3068,-2.3046
