docs/data/wind_grid.json
[{"header":{"la1":42.85,"la2":41.18,"lo1":11.55,"lo2":14.05,"nx":36,"ny":24,"dx":0.07143,"dy":0.07261,"parameterCategory":2,"parameterNumber":2,"parameterNumberName":"eastward_wind","parameterUnit":"m.s-1"},"data":[-0.7417,-0.7476,-0.752,-0.7547,-0.7558,-0.7548,-0.7509,-0.743,-0.7304,-0.7135,-0.6944,-0.6757,-0.66,-0.6486,-0.6418,-0.6382,-0.6358,-0.6315,-0.6225,-0.6078,-0.5894,-0.5722,-0.5611,-0.5581,-0.5611,-0.5668,-0.5725,-0.5767,-0.5791,-0.5799,-0.5793,-0.5778,-0.5756,-0.5731,-0.5704,-0.5676,-0.762,-0.7702,-0.7765,-0.7812,-0.7844,-0.786,-0.7847,-0.7777,-0.7627,-0.7397,-0.7122,-0.6856,-0.6641,-0.65,-0.6435,-0.6428,-0.6442,-0.6425,-0.6316,-0.6083,-0.5758,-0.5454,-0.5292,-0.5303,-0.5418,-0.5556,-0.567,-0.5747,-0.5788,-0.5802,-0.5797,-0.578,-0.5756,-0.5727,-0.5696,-0.5665,-0.786,-0.7971,-0.806,-0.8129,-0.8191,-0.8255,-0.8306,-0.8284,-0.8116,-0.7786,-0.7367,-0.6966,-0.6661,-0.6482,-0.6429,-0.6477,-0.6573,-0.6626,-0.6512,-0.6126,-0.5501,-0.4903,-0.4667,-0.4822,-0.5137,-0.5424,-0.5623,-0.5739,-0.5796,-0.5814,-0.5807,-0.5785,-0.5755,-0.5722,-0.5687,-0.5652,-0.8145,-0.83,-0.842,-0.8509,-0.8601,-0.8743,-0.8939,-0.9071,-0.8921,-0.8405,-0.7709,-0.7077,-0.6633,-0.6402,-0.6372,-0.6514,-0.6767,-0.6995,-0.6953,-0.6334,-0.5049,-0.3725,-0.3425,-0.4052,-0.4795,-0.5313,-0.5611,-0.5761,-0.5824,-0.5837,-0.5821,-0.5791,-0.5754,-0.5714,-0.5674,-0.5636,-0.8488,-0.8713,-0.8878,-0.8975,-0.9066,-0.9297,-0.9788,-1.0359,-1.0355,-0.9427,-0.8163,-0.7145,-0.6509,-0.6214,-0.6216,-0.6496,-0.7016,-0.7636,-0.7931,-0.7109,-0.4539,-0.1408,-0.1288,-0.3148,-0.457,-0.5323,-0.5679,-0.5829,-0.5875,-0.587,-0.584,-0.5797,-0.575,-0.5703,-0.5657,-0.5614,-0.8896,-0.9247,-0.9506,-0.9594,-0.9583,-0.9809,-1.0742,-1.2398,-1.2955,-1.0969,-0.8597,-0.7056,-0.6218,-0.5856,-0.5883,-0.6316,-0.7205,-0.8539,-0.9808,-0.9204,-0.5341,0.0118,-0.0129,-0.3133,-0.4838,-0.5572,-0.5858,-0.5946,-0.5947,-0.591,-0.5857,-0.5799,-0.574,-0.5684,-0.5632,-0.5585,-0.9357,-0.9933,-1.0425,-1.0546,-1.0226,-1.0091,-1.1161,-1.4195,-1.5831,-1.2032,-0.848,-0.6622,-0.569,-0.5262,-0.5258,-0.579,-0.7017,-0.9074,-1.1573,-1.1384,-0.8408,-0.4794,-0.3848,-0.4991,-0.5762,-0.6058,-0.6122,-0.6091,-0.6024,-0.5946,-0.5867,-0.5792,-0.5721,-0.5657,-0.5599,-0.5548,-0.9787,-1.0695,-1.1714,-1.2135,-1.1192,-1.0113,-1.0269,-1.2147,-1.3068,-1.0026,-0.725,-0.5769,-0.4932,-0.439,-0.4166,-0.4644,-0.6105,-0.8314,-1.0454,-1.1206,-1.2255,-1.1309,-0.8736,-0.7412,-0.6879,-0.6589,-0.6381,-0.6216,-0.6079,-0.5962,-0.586,-0.577,-0.5689,-0.5617,-0.5554,-0.55,-1.0028,-1.1182,-1.2784,-1.3898,-1.2127,-0.9975,-0.8814,-0.8416,-0.7762,-0.6451,-0.5424,-0.4734,-0.4092,-0.3277,-0.2267,-0.2334,-0.446,-0.7094,-0.9434,-1.2402,-1.7783,-1.6553,-1.1583,-0.8878,-0.759,-0.6919,-0.6525,-0.627,-0.6088,-0.5947,-0.583,-0.5728,-0.564,-0.5562,-0.5495,-0.5438,-0.9965,-1.1044,-1.2318,-1.299,-1.1792,-0.9645,-0.7664,-0.5997,-0.4133,-0.3226,-0.3729,-0.3854,-0.3425,-0.2311,0.0739,0.2361,-0.2638,-0.6503,-0.9058,-1.1842,-1.5596,-1.4953,-1.1385,-0.8989,-0.7664,-0.6921,-0.6489,-0.622,-0.6035,-0.5892,-0.5771,-0.5665,-0.557,-0.5487,-0.5417,-0.536,-0.9652,-1.0592,-1.1749,-1.3161,-1.2607,-0.9437,-0.6932,-0.4942,-0.1437,0.0234,-0.2594,-0.3343,-0.3072,-0.229,0.0365,0.2449,-0.3419,-0.7672,-0.9781,-1.0684,-1.1426,-1.1099,-0.9642,-0.8215,-0.7219,-0.6614,-0.6272,-0.607,-0.5926,-0.5802,-0.5687,-0.5578,-0.5478,-0.539,-0.5318,-0.5261,-0.9163,-0.9969,-1.114,-1.2702,-1.2002,-0.8649,-0.6546,-0.5712,-0.3375,-0.1577,-0.2887,-0.3214,-0.2843,-0.2254,-0.2354,-0.3463,-0.6904,-1.2157,-1.3696,-1.148,-0.9972,-0.9046,-0.8123,-0.7222,-0.6505,-0.6084,-0.592,-0.5852,-0.5782,-0.569,-0.5581,-0.5467,-0.5358,-0.5264,-0.519,-0.5136,-0.8534,-0.9066,-0.9683,-1.0052,-0.9206,-0.7395,-0.6348,-0.6879,-0.554,-0.3949,-0.3428,-0.3309,-0.2892,-0.1898,-0.2476,-0.5276,-0.9199,-2.0824,-2.1335,-1.2805,-0.9308,-0.7806,-0.6973,-0.6324,-0.5741,-0.545,-0.5524,-0.5633,-0.5644,-0.5576,-0.5461,-0.5329,-0.5202,-0.5097,-0.5022,-0.4977,-0.786,-0.8106,-0.8263,-0.8121,-0.7467,-0.6551,-0.5976,-0.5813,-0.5299,-0.4062,-0.3337,-0.3473,-0.3401,-0.1393,-0.3976,-0.6278,-0.8657,-1.4885,-1.6115,-1.0861,-0.7698,-0.6335,-0.5883,-0.5641,-0.5256,-0.5018,-0.5271,-0.5503,-0.5553,-0.5475,-0.5326,-0.5151,-0.499,-0.487,-0.4799,-0.4773,-0.724,-0.7295,-0.7236,-0.6981,-0.6506,-0.5943,-0.5479,-0.5084,-0.4393,-0.3339,-0.2553,-0.2462,-0.2255,-0.1145,-0.4574,-0.6941,-1.483,-1.0904,-0.9501,-0.7043,-0.4607,-0.401,-0.4599,-0.5104,-0.5214,-0.5155,-0.5343,-0.553,-0.5539,-0.5397,-0.5162,-0.4903,-0.4684,-0.4546,-0.4495,-0.4508,-0.672,-0.667,-0.6527,-0.6262,-0.5883,-0.544,-0.4975,-0.443,-0.3631,-0.2408,-0.0787,-0.1145,-0.1773,-0.2576,-0.4584,-0.843,-1.2646,-0.8865,-0.6183,-0.3609,-0.0015,-0.0769,-0.3258,-0.4607,-0.522,-0.5478,-0.5659,-0.5739,-0.5627,-0.5339,-0.4938,-0.4523,-0.4209,-0.4066,-0.4074,-0.417,-0.6302,-0.62,-0.6026,-0.5771,-0.544,-0.5047,-0.4594,-0.4037,-0.3289,-0.2234,-0.1003,-0.1385,-0.1658,-0.184,-0.3593,-0.5344,-0.6159,-0.451,-0.2545,-0.1751,0.0797,-0.0161,-0.2849,-0.446,-0.5422,-0.6013,-0.6277,-0.62,-0.5849,-0.5294,-0.4596,-0.3898,-0.3438,-0.3343,-0.3506,-0.3759,-0.5972,-0.5845,-0.5663,-0.5423,-0.5125,-0.4773,-0.4362,-0.3876,-0.3298,-0.2657,-0.2162,-0.2037,-0.1724,-0.1676,-0.2182,-0.2464,-0.2828,-0.0288,0.299,-0.0427,-0.1436,-0.207,-0.3417,-0.4791,-0.6066,-0.7136,-0.7478,-0.7011,-0.6222,-0.5256,-0.4083,-0.2884,-0.2213,-0.2322,-0.2813,-0.3318,-0.5714,-0.5577,-0.5398,-0.5175,-0.4908,-0.4598,-0.4245,-0.385,-0.3424,-0.301,-0.2683,-0.2455,-0.2205,-0.1752,0.0176,0.1111,-0.1204,-0.0155,0.1366,-0.0978,-0.209,-0.2944,-0.3974,-0.5276,-0.6949,-0.8826,-0.9235,-0.7989,-0.6651,-0.5238,-0.3503,-0.1584,-0.0671,-0.1222,-0.2182,-0.2959,-0.5512,-0.5374,-0.5204,-0.5,-0.4763,-0.4495,-0.4198,-0.3881,-0.3557,-0.3251,-0.2983,-0.2737,-0.2418,-0.173,-0.0115,0.0412,-0.1178,-0.1489,-0.1737,-0.2,-0.2448,-0.3296,-0.4249,-0.5517,-0.7296,-0.9277,-0.9682,-0.8485,-0.6945,-0.5271,-0.3308,-0.1051,-0.003,-0.0819,-0.1966,-0.283,-0.5355,-0.5222,-0.5063,-0.4879,-0.467,-0.444,-0.4192,-0.3934,-0.3676,-0.343,-0.3199,-0.2963,-0.2663,-0.2198,-0.161,-0.1475,-0.1891,-0.2132,-0.2185,-0.2318,-0.2844,-0.3497,-0.4195,-0.5334,-0.704,-0.8885,-1.0289,-0.93,-0.6965,-0.5157,-0.3636,-0.2022,-0.1165,-0.1529,-0.2304,-0.2977,-0.5233,-0.5107,-0.4962,-0.4797,-0.4614,-0.4416,-0.4208,-0.3995,-0.3783,-0.3578,-0.338,-0.3177,-0.2947,-0.2682,-0.2447,-0.2386,-0.2498,-0.2618,-0.2711,-0.2899,-0.3226,-0.3416,-0.3622,-0.4729,-0.6572,-0.8966,-1.1575,-0.9556,-0.5624,-0.4205,-0.3712,-0.3057,-0.2552,-0.2557,-0.289,-0.3286,-0.514,-0.5022,-0.489,-0.4743,-0.4583,-0.4413,-0.4236,-0.4057,-0.3881,-0.3709,-0.3543,-0.3379,-0.3213,-0.3055,-0.2937,-0.2901,-0.2942,-0.3022,-0.3131,-0.3285,-0.3405,-0.32,-0.3086,-0.4197,-0.585,-0.7483,-0.826,-0.5773,-0.2028,-0.2372,-0.3278,-0.3439,-0.3314,-0.3281,-0.3404,-0.361,-0.5068,-0.496,-0.484,-0.471,-0.457,-0.4423,-0.4272,-0.4121,-0.3972,-0.3828,-0.3691,-0.3561,-0.3441,-0.3338,-0.3269,-0.3247,-0.3273,-0.3336,-0.3429,-0.3536,-0.3587,-0.3492,-0.3563,-0.428,-0.5286,-0.6027,-0.5811,-0.3797,-0.1516,-0.201,-0.3095,-0.3562,-0.3667,-0.3696,-0.3763,-0.3877]},{"header":{"la1":42.85,"la2":41.18,"lo1":11.55,"lo2":14.05,"nx":36,"ny":24,"dx":0.07143,"dy":0.07261,"parameterCategory":2,"parameterNumber":3,"parameterNumberName":"northward_wind","parameterUnit":"m.s-1"},"data":[-0.7924,-0.7889,-0.7834,-0.7755,-0.7654,-0.7535,-0.7404,-0.7268,-0.7131,-0.6987,-0.6825,-0.6631,-0.6394,-0.6111,-0.5785,-0.5425,-0.5049,-0.4682,-0.435,-0.4074,-0.387,-0.375,-0.3715,-0.3758,-0.3861,-0.4001,-0.416,-0.4324,-0.4487,-0.4644,-0.4793,-0.4934,-0.5066,-0.5189,-0.5304,-0.5411,-0.8051,-0.8021,-0.7964,-0.7876,-0.7756,-0.7609,-0.745,-0.7296,-0.7157,-0.7027,-0.6883,-0.6698,-0.6452,-0.6137,-0.5755,-0.5318,-0.4851,-0.439,-0.3977,-0.3642,-0.3404,-0.3273,-0.3261,-0.3357,-0.3527,-0.3735,-0.3951,-0.4163,-0.4363,-0.455,-0.4724,-0.4885,-0.5033,-0.5171,-0.5297,-0.5414,-0.8193,-0.8172,-0.8116,-0.8015,-0.7864,-0.7668,-0.7452,-0.7257,-0.7116,-0.7025,-0.6933,-0.6783,-0.6541,-0.6196,-0.575,-0.5214,-0.4619,-0.4023,-0.35,-0.3102,-0.2829,-0.2684,-0.2706,-0.2887,-0.3161,-0.3459,-0.3747,-0.4012,-0.4253,-0.4471,-0.4669,-0.485,-0.5015,-0.5166,-0.5304,-0.543,-0.8352,-0.8349,-0.8301,-0.8187,-0.799,-0.7707,-0.737,-0.7069,-0.6917,-0.6923,-0.6958,-0.6893,-0.6678,-0.631,-0.5792,-0.5129,-0.4348,-0.3539,-0.2862,-0.2426,-0.2158,-0.1985,-0.2045,-0.2367,-0.2789,-0.3199,-0.3564,-0.3884,-0.4164,-0.4412,-0.4634,-0.4834,-0.5014,-0.5178,-0.5327,-0.5461,-0.8528,-0.8559,-0.8535,-0.8418,-0.8164,-0.7741,-0.7154,-0.6567,-0.635,-0.6611,-0.6946,-0.7048,-0.6886,-0.6506,-0.592,-0.5108,-0.4057,-0.2869,-0.1902,-0.1538,-0.149,-0.1296,-0.1378,-0.1893,-0.2479,-0.2994,-0.3428,-0.3794,-0.4108,-0.4382,-0.4623,-0.484,-0.5035,-0.5211,-0.5369,-0.5512,-0.8717,-0.8808,-0.8844,-0.8751,-0.845,-0.7855,-0.6837,-0.5508,-0.5012,-0.5981,-0.6954,-0.7301,-0.7198,-0.6819,-0.6195,-0.5252,-0.3866,-0.2007,-0.0277,-0.015,-0.0923,-0.1027,-0.11,-0.1666,-0.2313,-0.2882,-0.3357,-0.3755,-0.4092,-0.4384,-0.4642,-0.4872,-0.508,-0.5267,-0.5435,-0.5584,-0.8899,-0.9087,-0.9255,-0.9248,-0.8922,-0.8224,-0.6855,-0.4447,-0.3294,-0.5562,-0.7278,-0.7752,-0.7642,-0.728,-0.6697,-0.5725,-0.4103,-0.1574,0.1366,0.1283,-0.0278,-0.0847,-0.1162,-0.1664,-0.2288,-0.2869,-0.3361,-0.3772,-0.4121,-0.4424,-0.4693,-0.4935,-0.5155,-0.5352,-0.5528,-0.5684,-0.9027,-0.9344,-0.9781,-0.9989,-0.9551,-0.889,-0.7902,-0.6105,-0.527,-0.7107,-0.8332,-0.8461,-0.8198,-0.7893,-0.7523,-0.6715,-0.5089,-0.2657,-0.0202,0.0388,0.0748,0.0482,-0.0649,-0.1584,-0.2331,-0.2941,-0.3438,-0.3847,-0.4196,-0.4503,-0.4779,-0.5032,-0.5262,-0.547,-0.5654,-0.5815,-0.9025,-0.9392,-1.0174,-1.0872,-0.9936,-0.9459,-0.9483,-0.944,-0.9719,-1.0245,-1.0021,-0.9318,-0.8749,-0.8601,-0.8871,-0.8546,-0.6687,-0.4315,-0.2152,0.0042,0.3327,0.2673,-0.0005,-0.1549,-0.2465,-0.3102,-0.3587,-0.3979,-0.4316,-0.462,-0.4902,-0.5165,-0.5409,-0.5628,-0.582,-0.5984,-0.8857,-0.898,-0.9314,-0.9571,-0.881,-0.9543,-1.0876,-1.224,-1.3919,-1.4271,-1.2062,-1.0064,-0.9082,-0.9124,-1.0953,-1.205,-0.8315,-0.5412,-0.3313,-0.0969,0.1808,0.1535,-0.0514,-0.1905,-0.2774,-0.3372,-0.3812,-0.4164,-0.4476,-0.4772,-0.5062,-0.5341,-0.5602,-0.5835,-0.6037,-0.6202,-0.8639,-0.836,-0.7462,-0.5216,-0.5782,-0.9414,-1.2231,-1.4338,-1.7846,-1.9698,-1.371,-1.0309,-0.9037,-0.8921,-1.0581,-1.209,-0.7977,-0.5509,-0.4056,-0.2638,-0.134,-0.1087,-0.175,-0.2557,-0.3243,-0.3758,-0.4116,-0.4395,-0.4666,-0.4956,-0.5261,-0.5567,-0.5854,-0.6108,-0.6318,-0.6482,-0.8564,-0.8178,-0.7162,-0.5387,-0.6204,-1.0407,-1.4031,-1.6081,-1.6792,-1.7066,-1.2737,-0.9826,-0.8786,-0.8772,-0.8415,-0.7334,-0.579,-0.4947,-0.4444,-0.3511,-0.2687,-0.2366,-0.2585,-0.3151,-0.3815,-0.4295,-0.4512,-0.4659,-0.4872,-0.5164,-0.5506,-0.586,-0.6189,-0.647,-0.6689,-0.6842,-0.8672,-0.8484,-0.8128,-0.7944,-0.9124,-1.1991,-1.5388,-1.8065,-1.6581,-1.3774,-1.0978,-0.9023,-0.8461,-0.9023,-0.8073,-0.4545,-0.3494,-0.5142,-0.5209,-0.3617,-0.2771,-0.2491,-0.2765,-0.3521,-0.4527,-0.5095,-0.5003,-0.4914,-0.5067,-0.5396,-0.5814,-0.625,-0.6646,-0.6963,-0.7182,-0.731,-0.885,-0.8889,-0.8999,-0.942,-1.052,-1.2388,-1.467,-1.6522,-1.5498,-1.2394,-1.0089,-0.8463,-0.8099,-0.8731,-0.4984,0.0225,0.0151,-0.2679,-0.3711,-0.2698,-0.18,-0.1602,-0.226,-0.3524,-0.5151,-0.5911,-0.5365,-0.5059,-0.5224,-0.5659,-0.622,-0.6796,-0.7293,-0.7651,-0.7852,-0.7919,-0.8988,-0.9155,-0.9432,-0.9931,-1.0748,-1.1853,-1.2988,-1.355,-1.2731,-1.1126,-1.0022,-0.9252,-0.8391,-0.7946,-0.3668,0.1854,0.8258,0.1228,-0.1452,-0.0897,0.0928,0.0904,-0.0917,-0.2874,-0.4614,-0.5406,-0.5105,-0.4987,-0.5333,-0.5987,-0.6795,-0.7601,-0.825,-0.8642,-0.8773,-0.8712,-0.9043,-0.9248,-0.9538,-0.9949,-1.0487,-1.1081,-1.1544,-1.1597,-1.1108,-1.0546,-1.0737,-1.0734,-0.9718,-0.7835,-0.4619,0.0754,0.5439,0.0757,-0.125,0.1074,0.7272,0.5746,0.0859,-0.1921,-0.3436,-0.415,-0.4379,-0.4707,-0.54,-0.6423,-0.7646,-0.8845,-0.9725,-1.0105,-1.0042,-0.9725,-0.902,-0.9213,-0.9457,-0.9756,-1.0088,-1.0394,-1.0572,-1.0533,-1.0318,-1.0233,-1.0586,-1.0433,-1.1216,-1.1293,-0.6753,-0.3515,-0.2004,-0.3058,-0.3693,0.0017,0.8134,0.6285,0.1023,-0.1556,-0.2639,-0.3039,-0.3396,-0.4165,-0.5388,-0.6995,-0.8914,-1.0817,-1.2057,-1.2267,-1.1738,-1.0949,-0.8939,-0.9102,-0.9289,-0.9492,-0.9692,-0.9848,-0.9917,-0.9879,-0.9787,-0.9757,-0.9826,-1.0006,-1.1374,-1.1396,-0.798,-0.6296,-0.5276,-0.6641,-0.9047,-0.4328,0.0062,0.0808,-0.074,-0.1889,-0.2045,-0.1469,-0.1575,-0.3137,-0.5257,-0.7686,-1.0678,-1.3851,-1.5644,-1.5262,-1.378,-1.2254,-0.8824,-0.8951,-0.9087,-0.922,-0.9337,-0.9414,-0.9435,-0.9398,-0.9332,-0.9278,-0.9256,-0.9302,-0.9418,-0.8934,-0.8389,-0.8433,-0.6655,-0.6834,-0.7633,-0.5022,-0.3272,-0.2353,-0.2377,-0.2425,-0.1447,0.1252,0.1813,-0.1892,-0.5247,-0.8391,-1.2548,-1.7567,-2.005,-1.844,-1.562,-1.3304,-0.8691,-0.8786,-0.8879,-0.8963,-0.9027,-0.9059,-0.9051,-0.9005,-0.8932,-0.8847,-0.8754,-0.8643,-0.8457,-0.8149,-0.8151,-0.8078,-0.6751,-0.584,-0.4637,-0.4064,-0.4045,-0.3605,-0.3399,-0.3116,-0.1914,0.1467,0.2264,-0.2877,-0.6034,-0.8928,-1.3231,-1.9056,-2.186,-1.9594,-1.6237,-1.3667,-0.8551,-0.8618,-0.868,-0.8728,-0.8757,-0.876,-0.8731,-0.8672,-0.8586,-0.8476,-0.834,-0.8166,-0.7939,-0.7681,-0.7463,-0.7098,-0.6374,-0.557,-0.4777,-0.4406,-0.4311,-0.4131,-0.4035,-0.3968,-0.3823,-0.4189,-0.6776,-0.7086,-0.7625,-0.9311,-1.2206,-1.6297,-1.8619,-1.7521,-1.522,-1.3203,-0.8412,-0.8457,-0.8493,-0.8516,-0.8521,-0.8503,-0.8459,-0.8388,-0.829,-0.8165,-0.8011,-0.782,-0.759,-0.7329,-0.7035,-0.6652,-0.6144,-0.5585,-0.5083,-0.4741,-0.4494,-0.4259,-0.4215,-0.4507,-0.523,-0.7093,-0.972,-0.9024,-0.9247,-0.9946,-1.1048,-1.2998,-1.4478,-1.4442,-1.3435,-1.2236,-0.8277,-0.8305,-0.8322,-0.8326,-0.8314,-0.8281,-0.8225,-0.8146,-0.8041,-0.791,-0.7751,-0.756,-0.7337,-0.7082,-0.679,-0.6448,-0.6054,-0.5642,-0.526,-0.4927,-0.4582,-0.4155,-0.404,-0.4645,-0.5673,-0.7122,-0.8483,-0.9564,-1.1288,-1.1011,-1.0649,-1.1212,-1.1938,-1.2149,-1.181,-1.1198,-0.815,-0.8164,-0.8167,-0.8157,-0.8132,-0.8088,-0.8025,-0.7941,-0.7833,-0.7702,-0.7545,-0.7362,-0.7152,-0.6915,-0.6649,-0.6354,-0.6035,-0.5711,-0.54,-0.5103,-0.479,-0.4473,-0.4444,-0.4971,-0.587,-0.6989,-0.8245,-0.9927,-1.1545,-1.1162,-1.0428,-1.0361,-1.0601,-1.0735,-1.0622,-1.0316]}]