docs/data/wind_grid.json
[{"header":{"la1":42.85,"la2":41.18,"lo1":11.55,"lo2":14.05,"nx":36,"ny":24,"dx":0.07143,"dy":0.07261,"parameterCategory":2,"parameterNumber":2,"parameterNumberName":"eastward_wind","parameterUnit":"m.s-1"},"data":[0.1159,0.1176,0.1198,0.1222,0.1241,0.1247,0.1227,0.1163,0.1043,0.0859,0.061,0.03,-0.0065,-0.0478,-0.0931,-0.1405,-0.1867,-0.2271,-0.2563,-0.2703,-0.2682,-0.2524,-0.2272,-0.1971,-0.1657,-0.1352,-0.1069,-0.0815,-0.059,-0.0393,-0.0223,-0.0076,0.0051,0.016,0.0255,0.0338,0.1187,0.1218,0.126,0.131,0.1365,0.1412,0.143,0.1394,0.1279,0.107,0.0772,0.0396,-0.0051,-0.0564,-0.1143,-0.1774,-0.2415,-0.2991,-0.3402,-0.3572,-0.3488,-0.3206,-0.2809,-0.2371,-0.1943,-0.155,-0.1201,-0.0899,-0.0641,-0.0421,-0.0235,-0.0078,0.0055,0.0167,0.0263,0.0346,0.1207,0.1253,0.1317,0.1402,0.1506,0.1616,0.1704,0.1722,0.1622,0.1379,0.1009,0.0544,-0.0002,-0.0634,-0.1369,-0.2213,-0.3127,-0.3988,-0.4603,-0.4807,-0.4587,-0.4075,-0.3441,-0.2806,-0.2229,-0.173,-0.1309,-0.0959,-0.0668,-0.0428,-0.0229,-0.0065,0.0071,0.0184,0.0279,0.036,0.1216,0.1274,0.1361,0.1486,0.1653,0.1859,0.2068,0.2197,0.2134,0.1827,0.1335,0.0745,0.0087,-0.067,-0.1582,-0.2706,-0.4035,-0.5395,-0.6388,-0.6621,-0.6093,-0.5154,-0.4145,-0.3239,-0.2482,-0.1869,-0.1375,-0.098,-0.0662,-0.0407,-0.0201,-0.0035,0.01,0.021,0.0302,0.0379,0.1207,0.1273,0.1378,0.154,0.178,0.2116,0.2531,0.2889,0.2914,0.2462,0.1744,0.0981,0.0208,-0.0654,-0.173,-0.3174,-0.5097,-0.7336,-0.9078,-0.9296,-0.8079,-0.6377,-0.4828,-0.3595,-0.2652,-0.1932,-0.1379,-0.095,-0.0616,-0.0355,-0.0149,0.0013,0.0142,0.0246,0.0331,0.0401,0.1176,0.124,0.1351,0.1535,0.1834,0.231,0.3015,0.3812,0.4042,0.3258,0.2146,0.1187,0.0341,-0.0567,-0.1736,-0.344,-0.6031,-0.96,-1.2739,-1.2805,-1.0249,-0.7439,-0.5288,-0.3763,-0.2678,-0.1888,-0.1301,-0.086,-0.0524,-0.0268,-0.0071,0.008,0.0197,0.0289,0.0363,0.0424,0.1122,0.1171,0.1268,0.1443,0.1752,0.229,0.3206,0.4494,0.5024,0.376,0.2298,0.1276,0.0459,-0.04,-0.1533,-0.3273,-0.6165,-1.0744,-1.5365,-1.5202,-1.1304,-0.7711,-0.526,-0.3631,-0.251,-0.1713,-0.1132,-0.0702,-0.0383,-0.0146,0.003,0.0161,0.026,0.0336,0.0396,0.0446,0.1046,0.1066,0.1125,0.1252,0.1496,0.194,0.2706,0.3767,0.4167,0.3146,0.2034,0.1235,0.0563,-0.0162,-0.1136,-0.2633,-0.5076,-0.8871,-1.2751,-1.2828,-0.9746,-0.6755,-0.4631,-0.317,-0.2143,-0.1406,-0.087,-0.048,-0.0197,0.0006,0.0151,0.0254,0.0327,0.0381,0.0423,0.046,0.0954,0.0934,0.0935,0.0979,0.1099,0.1347,0.1766,0.2263,0.247,0.2206,0.1713,0.1188,0.0683,0.0119,-0.0656,-0.1831,-0.3558,-0.5781,-0.7753,-0.8085,-0.6796,-0.5096,-0.3621,-0.2476,-0.162,-0.0989,-0.053,-0.0202,0.0027,0.0182,0.0284,0.0348,0.0389,0.0417,0.0439,0.046,0.0858,0.079,0.072,0.0659,0.0626,0.0665,0.0857,0.1315,0.2008,0.2254,0.1747,0.1227,0.083,0.042,-0.019,-0.1212,-0.2672,-0.4211,-0.523,-0.5347,-0.4669,-0.3624,-0.2577,-0.1691,-0.1002,-0.0492,-0.013,0.0118,0.0276,0.037,0.0417,0.0434,0.0436,0.0432,0.0432,0.0438,0.0771,0.0655,0.0512,0.0336,0.013,-0.0071,-0.012,0.0452,0.2559,0.354,0.1947,0.128,0.0982,0.0712,0.0264,-0.0845,-0.2782,-0.4869,-0.5694,-0.5032,-0.3823,-0.2639,-0.1651,-0.0888,-0.0331,0.0057,0.0312,0.0463,0.0537,0.0554,0.0534,0.0495,0.045,0.0413,0.0389,0.0383,0.071,0.0553,0.0345,0.0065,-0.0316,-0.0812,-0.1311,-0.1361,0.0362,0.2125,0.1493,0.1314,0.113,0.0766,0.076,-0.0589,-0.3935,-0.8738,-0.9593,-0.6461,-0.3658,-0.1858,-0.074,-0.0043,0.0388,0.0644,0.0775,0.0816,0.0789,0.0716,0.0616,0.0509,0.0412,0.0338,0.0294,0.028,0.0685,0.0504,0.0257,-0.0089,-0.0593,-0.1337,-0.2288,-0.1331,-0.3482,-0.0314,0.1045,0.1557,0.158,0.1067,0.1295,-0.0402,-0.5097,-1.567,-1.5807,-0.763,-0.3008,-0.0736,0.0377,0.0916,0.1165,0.1255,0.1241,0.1154,0.1012,0.0832,0.0636,0.0448,0.0291,0.018,0.0122,0.0114,0.0705,0.052,0.027,-0.008,-0.0589,-0.136,-0.2582,-0.4731,-0.371,-0.0418,0.1201,0.1863,0.2112,0.3534,0.1586,-0.029,-0.3399,-0.9961,-1.0792,-0.4773,-0.0699,0.1189,0.1854,0.2013,0.1981,0.1862,0.1683,0.1454,0.118,0.0874,0.0561,0.0272,0.0045,-0.0098,-0.0154,-0.0137,0.0769,0.0602,0.0383,0.0089,-0.0308,-0.0841,-0.1488,-0.1874,-0.098,0.0745,0.1761,0.1863,0.2067,0.2036,0.1585,-0.0706,-0.2566,-0.2561,-0.2245,0.0436,0.3118,0.3924,0.36,0.315,0.2763,0.2414,0.2066,0.169,0.1271,0.0814,0.0347,-0.0075,-0.0387,-0.055,-0.0572,-0.0492,0.0872,0.0736,0.0567,0.0361,0.0119,-0.0132,-0.0288,-0.0105,0.067,0.1904,0.3248,0.1508,0.1611,0.191,0.1654,0.0171,-0.1251,0.0577,0.244,0.4543,0.6992,0.6627,0.5128,0.4103,0.3397,0.2848,0.2357,0.1846,0.1271,0.0625,-0.0056,-0.0672,-0.109,-0.1243,-0.1168,-0.0962,0.1,0.0902,0.079,0.067,0.0558,0.0494,0.0555,0.0847,0.1429,0.2254,0.3119,0.2272,0.1585,0.1551,0.2467,0.2708,0.2993,0.4856,0.6647,0.6873,0.7656,0.7235,0.585,0.4692,0.3793,0.312,0.2558,0.1936,0.1185,0.0296,-0.0699,-0.1621,-0.2177,-0.2242,-0.1957,-0.1532,0.1143,0.1082,0.102,0.0968,0.0943,0.0976,0.1108,0.1372,0.1761,0.2187,0.2439,0.23,0.1838,0.2059,0.4637,0.6083,0.6353,0.8939,1.131,0.9311,0.8,0.7194,0.6185,0.501,0.3938,0.3266,0.2785,0.2009,0.1015,-0.0154,-0.1581,-0.298,-0.3697,-0.352,-0.2861,-0.2124,0.1291,0.1261,0.124,0.1237,0.1265,0.1344,0.1491,0.1714,0.1994,0.2279,0.2509,0.2703,0.3086,0.4632,0.9149,1.0847,0.8447,0.9859,1.159,1.2007,1.0074,0.8238,0.6812,0.5299,0.389,0.3482,0.3363,0.1983,0.0641,-0.0669,-0.2482,-0.445,-0.5295,-0.4731,-0.3624,-0.2579,0.1437,0.1433,0.1443,0.1473,0.1533,0.1634,0.1784,0.1984,0.2226,0.2494,0.2799,0.3222,0.4022,0.5807,0.8994,1.0088,0.8901,1.0314,1.4554,1.6335,1.2047,0.9573,0.7936,0.5885,0.3697,0.3195,0.3185,0.0686,-0.0331,-0.1166,-0.2864,-0.4994,-0.587,-0.5135,-0.3861,-0.2711,0.1576,0.1593,0.1626,0.1678,0.1758,0.1872,0.2025,0.2219,0.2454,0.2737,0.3095,0.3604,0.4406,0.5658,0.7145,0.7985,0.847,1.0034,1.2765,1.3698,1.2048,1.1304,1.0366,0.7473,0.3495,-0.0227,-0.4139,-0.3657,-0.1943,-0.156,-0.2508,-0.4063,-0.4836,-0.4395,-0.3418,-0.2449,0.1705,0.1739,0.1788,0.1857,0.195,0.2073,0.223,0.2424,0.2661,0.2953,0.3326,0.3823,0.4498,0.536,0.6277,0.7074,0.7908,0.9119,1.0534,1.1463,1.2522,1.5122,1.5628,1.0805,0.4276,-0.2343,-0.7535,-0.5782,-0.2799,-0.1645,-0.1858,-0.2674,-0.3218,-0.3105,-0.2561,-0.1908,0.1825,0.1872,0.1933,0.2013,0.2115,0.2244,0.2404,0.2599,0.2836,0.3126,0.3486,0.3937,0.4497,0.5154,0.586,0.6586,0.739,0.8357,0.9465,1.084,1.3457,1.8139,1.9462,1.3443,0.6076,-0.0027,-0.3615,-0.3509,-0.2058,-0.1217,-0.1167,-0.1534,-0.1862,-0.1892,-0.1646,-0.1267,0.1934,0.199,0.206,0.2148,0.2257,0.2389,0.255,0.2744,0.2976,0.3254,0.359,0.3993,0.4468,0.5009,0.56,0.624,0.6956,0.7789,0.8808,1.0243,1.2582,1.5577,1.608,1.2227,0.7001,0.2636,-0.002,-0.0834,-0.0666,-0.0428,-0.0445,-0.0652,-0.0861,-0.0934,-0.0847,-0.0651]},{"header":{"la1":42.85,"la2":41.18,"lo1":11.55,"lo2":14.05,"nx":36,"ny":24,"dx":0.07143,"dy":0.07261,"parameterCategory":2,"parameterNumber":3,"parameterNumberName":"northward_wind","parameterUnit":"m.s-1"},"data":[0.3677,0.3806,0.3943,0.4086,0.4225,0.4345,0.4428,0.445,0.4397,0.4269,0.4081,0.3857,0.362,0.3386,0.3164,0.2957,0.2769,0.2601,0.2455,0.233,0.2222,0.2124,0.2031,0.1936,0.1836,0.173,0.1619,0.1502,0.1381,0.1257,0.1133,0.101,0.089,0.0774,0.0663,0.056,0.376,0.3915,0.4089,0.428,0.4479,0.4669,0.4816,0.4879,0.4825,0.4651,0.4389,0.4084,0.3775,0.3483,0.3215,0.297,0.275,0.2558,0.2398,0.2271,0.217,0.2082,0.1998,0.1909,0.1811,0.1703,0.1586,0.1462,0.1332,0.1199,0.1064,0.0931,0.08,0.0675,0.0557,0.0447,0.383,0.4013,0.4228,0.4479,0.4764,0.5063,0.5326,0.5474,0.5428,0.5175,0.4783,0.435,0.3939,0.3575,0.3253,0.2964,0.2702,0.2476,0.2298,0.2173,0.2088,0.2023,0.1956,0.1877,0.1783,0.1673,0.155,0.1417,0.1277,0.1131,0.0984,0.0839,0.0697,0.0561,0.0434,0.0316,0.388,0.4088,0.4344,0.4665,0.5061,0.5529,0.6006,0.6339,0.6329,0.592,0.5286,0.4644,0.4098,0.3653,0.3276,0.2937,0.262,0.2339,0.213,0.2013,0.1968,0.1944,0.1906,0.1843,0.1753,0.1641,0.1511,0.1367,0.1214,0.1054,0.0892,0.0732,0.0576,0.0428,0.0291,0.0166,0.3902,0.4127,0.4416,0.4801,0.5323,0.6025,0.6878,0.7628,0.7741,0.6996,0.5888,0.4923,0.4218,0.3703,0.3286,0.2899,0.2508,0.2132,0.1858,0.1766,0.1802,0.185,0.1855,0.181,0.1725,0.1608,0.1468,0.1311,0.1141,0.0964,0.0784,0.0606,0.0434,0.0272,0.0123,-0.001,0.389,0.4118,0.442,0.4839,0.5457,0.6402,0.7802,0.9407,0.9886,0.8389,0.6435,0.5073,0.4249,0.3715,0.3295,0.2879,0.2405,0.1878,0.1476,0.1434,0.1616,0.1766,0.1816,0.1786,0.17,0.1576,0.1422,0.1247,0.1058,0.0859,0.0657,0.0457,0.0266,0.0087,-0.0074,-0.0217,0.3844,0.4058,0.4341,0.474,0.5352,0.6373,0.8148,1.0753,1.1855,0.9234,0.6443,0.4918,0.4147,0.369,0.3321,0.2919,0.2403,0.175,0.1199,0.1206,0.1523,0.1737,0.1805,0.1776,0.1682,0.1544,0.1373,0.1176,0.0961,0.0735,0.0505,0.0279,0.0064,-0.0134,-0.031,-0.0461,0.3769,0.3954,0.4189,0.4507,0.4978,0.5747,0.7097,0.9136,0.9912,0.7601,0.5433,0.4397,0.3932,0.3656,0.3389,0.3041,0.2565,0.1972,0.1471,0.1423,0.164,0.1791,0.1828,0.1781,0.1672,0.1514,0.1319,0.1094,0.0848,0.0588,0.0323,0.0064,-0.018,-0.0401,-0.0593,-0.0752,0.3674,0.3824,0.3999,0.421,0.4471,0.4809,0.5236,0.5597,0.5294,0.4357,0.3826,0.3725,0.3724,0.3679,0.3526,0.3228,0.2798,0.2321,0.1953,0.1818,0.1841,0.1881,0.1872,0.1801,0.167,0.1489,0.1263,0.1003,0.0716,0.0412,0.0103,-0.0198,-0.0479,-0.0728,-0.0937,-0.1104,0.3573,0.3691,0.3815,0.3939,0.4045,0.4079,0.3902,0.3196,0.1779,0.1194,0.2271,0.3216,0.3671,0.3829,0.3768,0.3463,0.2953,0.2413,0.2051,0.1921,0.1922,0.1944,0.1923,0.1836,0.1683,0.147,0.1207,0.0901,0.0561,0.0199,-0.0169,-0.0525,-0.0852,-0.1134,-0.1362,-0.1532,0.3473,0.3569,0.3663,0.3751,0.3815,0.3819,0.3622,0.2611,-0.0654,-0.2177,0.127,0.3133,0.3842,0.4106,0.4151,0.3766,0.2937,0.199,0.1527,0.1618,0.1842,0.198,0.1996,0.1902,0.172,0.1467,0.1154,0.0789,0.0381,-0.0058,-0.0506,-0.0937,-0.1324,-0.1647,-0.1892,-0.2058,0.3378,0.3461,0.3546,0.3634,0.374,0.3917,0.4304,0.4517,0.1679,-0.0158,0.205,0.3532,0.4107,0.4014,0.4755,0.4194,0.2677,0.044,-0.011,0.0926,0.1725,0.208,0.2144,0.2028,0.1797,0.1489,0.1113,0.0673,0.0172,-0.0372,-0.0932,-0.1468,-0.1937,-0.2308,-0.2566,-0.2712,0.3287,0.3363,0.3444,0.354,0.3679,0.3947,0.4646,0.7568,0.3425,0.2716,0.3236,0.3989,0.447,0.4786,0.5879,0.4753,0.2699,-0.2478,-0.2665,0.0457,0.1908,0.2418,0.2455,0.2249,0.193,0.1546,0.1096,0.0562,-0.0061,-0.0757,-0.1481,-0.2168,-0.2749,-0.3177,-0.3433,-0.3532,0.3195,0.3264,0.334,0.343,0.3547,0.3707,0.3805,0.2961,0.2875,0.3253,0.366,0.4102,0.4457,0.6628,0.5717,0.5976,0.5538,0.0863,-0.0373,0.1585,0.2828,0.3233,0.3029,0.2589,0.2122,0.1654,0.1131,0.0487,-0.0307,-0.1227,-0.2202,-0.3118,-0.3859,-0.4346,-0.4566,-0.4564,0.31,0.3161,0.3227,0.3299,0.3377,0.3443,0.3428,0.3268,0.3215,0.3348,0.3595,0.4053,0.5141,0.682,0.5862,0.8891,1.3259,0.6588,0.3345,0.3537,0.4773,0.4874,0.3922,0.2998,0.235,0.1846,0.1286,0.0515,-0.0526,-0.1796,-0.3172,-0.4453,-0.5423,-0.5953,-0.6059,-0.5856,0.3001,0.3052,0.3105,0.3159,0.3208,0.324,0.3237,0.3203,0.3195,0.3227,0.3167,0.3841,0.3946,0.448,0.4825,0.7728,1.083,0.6347,0.3831,0.4836,0.819,0.7447,0.4798,0.3265,0.2584,0.2232,0.1737,0.0798,-0.0638,-0.2475,-0.4512,-0.6391,-0.7687,-0.8187,-0.801,-0.7436,0.2898,0.2939,0.2979,0.3016,0.3046,0.3063,0.3063,0.3052,0.3047,0.3058,0.3057,0.3088,0.1537,0.0677,0.2389,0.3476,0.4045,0.2723,0.184,0.382,0.8476,0.7503,0.4487,0.3094,0.29,0.3152,0.2895,0.1612,-0.0526,-0.3269,-0.638,-0.9248,-1.0985,-1.1242,-1.0456,-0.9254,0.2791,0.2821,0.2849,0.2871,0.2886,0.289,0.2881,0.2861,0.2833,0.2793,0.2677,0.2176,0.0594,-0.0062,-0.0425,-0.0846,0.0233,-0.0094,-0.0827,0.0543,0.2959,0.3552,0.2722,0.2513,0.3587,0.5356,0.5554,0.3247,-0.0161,-0.4162,-0.8842,-1.3259,-1.5497,-1.5047,-1.318,-1.109,0.2682,0.2702,0.2717,0.2726,0.2726,0.2714,0.2688,0.2644,0.2574,0.2452,0.2204,0.1672,0.0747,-0.0774,-0.4975,-0.6651,-0.2364,-0.1269,-0.1666,-0.2557,-0.1061,0.0172,0.0651,0.164,0.4466,0.9239,1.0165,0.5072,-0.001,-0.5055,-1.1349,-1.7626,-2.0225,-1.8607,-1.545,-1.2496,0.2572,0.2581,0.2584,0.258,0.2565,0.2537,0.249,0.2418,0.2305,0.2123,0.1812,0.1278,0.0363,-0.1397,-0.463,-0.5613,-0.2981,-0.2518,-0.5091,-0.6392,-0.3535,-0.2296,-0.1634,-0.0082,0.337,0.9358,1.0596,0.3351,-0.1171,-0.571,-1.2276,-1.9248,-2.1927,-1.9799,-1.6183,-1.2961,0.2461,0.246,0.2452,0.2436,0.2406,0.2361,0.2295,0.2197,0.2053,0.1837,0.1507,0.0997,0.0209,-0.0971,-0.2327,-0.2813,-0.2437,-0.2784,-0.4283,-0.4959,-0.4512,-0.5084,-0.5115,-0.3218,-0.0624,0.009,-0.3808,-0.3843,-0.3555,-0.5983,-1.0901,-1.6391,-1.8887,-1.7692,-1.4986,-1.2324,0.2351,0.2341,0.2323,0.2294,0.2252,0.2192,0.2109,0.1993,0.1831,0.1603,0.1282,0.0833,0.0227,-0.0518,-0.124,-0.1698,-0.1992,-0.2546,-0.3447,-0.4454,-0.6349,-0.9892,-1.0884,-0.7307,-0.4194,-0.4955,-0.8478,-0.6963,-0.5103,-0.5964,-0.8851,-1.2259,-1.4235,-1.4096,-1.2684,-1.0942,0.2244,0.2225,0.2197,0.2158,0.2105,0.2033,0.1937,0.1809,0.164,0.1414,0.1117,0.0734,0.0263,-0.0268,-0.0792,-0.1262,-0.1743,-0.2391,-0.3347,-0.4924,-0.8109,-1.3229,-1.459,-0.9872,-0.5999,-0.5327,-0.6222,-0.5925,-0.5261,-0.5712,-0.7281,-0.9218,-1.0574,-1.0874,-1.0317,-0.9343,0.2139,0.2113,0.2077,0.2029,0.1966,0.1885,0.1781,0.1647,0.1477,0.126,0.0989,0.0658,0.0271,-0.0157,-0.0605,-0.1074,-0.161,-0.231,-0.3327,-0.4959,-0.7643,-1.089,-1.1654,-0.9003,-0.6303,-0.5183,-0.5071,-0.5003,-0.4941,-0.5313,-0.6201,-0.73,-0.817,-0.8528,-0.8374,-0.7877]}]