docs/data/wind_grid.json
[{"header":{"la1":42.85,"la2":41.18,"lo1":11.55,"lo2":14.05,"nx":36,"ny":24,"dx":0.07143,"dy":0.07261,"parameterCategory":2,"parameterNumber":2,"parameterNumberName":"eastward_wind","parameterUnit":"m.s-1"},"data":[-0.6279,-0.6379,-0.6487,-0.6599,-0.6707,-0.6799,-0.6857,-0.6862,-0.68,-0.667,-0.6482,-0.6254,-0.6003,-0.574,-0.5475,-0.5212,-0.4962,-0.4742,-0.457,-0.4458,-0.4407,-0.4405,-0.4433,-0.4474,-0.4514,-0.4547,-0.4568,-0.4579,-0.4579,-0.4571,-0.4556,-0.4537,-0.4515,-0.4491,-0.4467,-0.4443,-0.6341,-0.6465,-0.6604,-0.6757,-0.6917,-0.7068,-0.7181,-0.7221,-0.7159,-0.6991,-0.6738,-0.6436,-0.6114,-0.5785,-0.5453,-0.5118,-0.4793,-0.4503,-0.4283,-0.416,-0.4134,-0.418,-0.4262,-0.435,-0.4427,-0.4485,-0.4522,-0.4542,-0.4546,-0.454,-0.4525,-0.4504,-0.448,-0.4453,-0.4427,-0.4401,-0.6393,-0.6541,-0.6716,-0.6921,-0.7154,-0.7397,-0.7609,-0.7721,-0.7668,-0.7435,-0.7074,-0.666,-0.6242,-0.5832,-0.542,-0.4992,-0.4554,-0.4147,-0.3845,-0.3711,-0.3745,-0.3884,-0.4056,-0.4216,-0.434,-0.4428,-0.4482,-0.451,-0.4517,-0.451,-0.4493,-0.4469,-0.4441,-0.4412,-0.4383,-0.4354,-0.6428,-0.6598,-0.6809,-0.7075,-0.7403,-0.7788,-0.8179,-0.8447,-0.8427,-0.8069,-0.7508,-0.6918,-0.6377,-0.588,-0.5383,-0.4839,-0.4229,-0.3615,-0.3158,-0.3018,-0.3186,-0.3504,-0.3825,-0.4084,-0.4267,-0.4385,-0.4453,-0.4486,-0.4493,-0.4482,-0.446,-0.4432,-0.4399,-0.4366,-0.4333,-0.4302,-0.6439,-0.6624,-0.6865,-0.7187,-0.7624,-0.8206,-0.8909,-0.9521,-0.9607,-0.898,-0.8034,-0.7175,-0.6495,-0.5926,-0.5362,-0.4693,-0.3838,-0.2847,-0.2068,-0.1945,-0.242,-0.3065,-0.3606,-0.3984,-0.4224,-0.4366,-0.4441,-0.4472,-0.4473,-0.4456,-0.4427,-0.4391,-0.4352,-0.4313,-0.4276,-0.4242,-0.6421,-0.661,-0.6863,-0.7219,-0.774,-0.8529,-0.968,-1.0985,-1.1371,-1.015,-0.8524,-0.7336,-0.6552,-0.5965,-0.5388,-0.4638,-0.3507,-0.1922,-0.0512,-0.0468,-0.1559,-0.2695,-0.3483,-0.3962,-0.4235,-0.4381,-0.4449,-0.4469,-0.4459,-0.443,-0.439,-0.4344,-0.4297,-0.4252,-0.4209,-0.4172,-0.6371,-0.6549,-0.6789,-0.7133,-0.7658,-0.8521,-0.9984,-1.2083,-1.2962,-1.0871,-0.8589,-0.7258,-0.6506,-0.5992,-0.5494,-0.4787,-0.3555,-0.149,0.0653,0.0581,-0.1169,-0.2672,-0.3572,-0.4061,-0.4315,-0.4434,-0.4477,-0.4475,-0.4446,-0.44,-0.4347,-0.4289,-0.4232,-0.4179,-0.4131,-0.409,-0.6294,-0.6446,-0.6647,-0.6928,-0.7348,-0.8027,-0.9175,-1.0837,-1.1464,-0.9667,-0.7881,-0.6894,-0.6356,-0.6008,-0.5677,-0.5179,-0.4231,-0.2529,-0.0656,-0.0599,-0.2005,-0.3223,-0.393,-0.4291,-0.4458,-0.4517,-0.4518,-0.4484,-0.443,-0.4364,-0.4293,-0.4222,-0.4153,-0.4091,-0.4037,-0.3993,-0.6197,-0.6316,-0.6463,-0.6652,-0.6905,-0.7257,-0.7732,-0.8197,-0.814,-0.7461,-0.6828,-0.6417,-0.6166,-0.6013,-0.589,-0.5694,-0.5266,-0.4451,-0.3516,-0.3254,-0.3683,-0.4171,-0.4468,-0.46,-0.4633,-0.461,-0.4557,-0.4486,-0.4404,-0.4316,-0.4225,-0.4137,-0.4055,-0.3983,-0.3923,-0.3876,-0.609,-0.6175,-0.627,-0.6375,-0.6484,-0.6583,-0.6635,-0.6533,-0.6177,-0.5948,-0.6028,-0.6037,-0.6004,-0.6007,-0.6065,-0.6173,-0.6271,-0.6207,-0.5894,-0.5517,-0.5269,-0.5122,-0.5007,-0.4898,-0.4791,-0.4686,-0.4581,-0.4473,-0.4363,-0.425,-0.4137,-0.4029,-0.3931,-0.3848,-0.3782,-0.3734,-0.5984,-0.6041,-0.6097,-0.6144,-0.6172,-0.6161,-0.6089,-0.5897,-0.5368,-0.5113,-0.5621,-0.5828,-0.5901,-0.5986,-0.6142,-0.6528,-0.7232,-0.7962,-0.8023,-0.7327,-0.6491,-0.5844,-0.5401,-0.5099,-0.4884,-0.4717,-0.4573,-0.4436,-0.4299,-0.416,-0.4022,-0.389,-0.3773,-0.3677,-0.3606,-0.356,-0.5885,-0.5922,-0.5953,-0.5973,-0.5975,-0.5953,-0.5914,-0.5859,-0.5574,-0.5346,-0.5601,-0.5762,-0.585,-0.5996,-0.6104,-0.6736,-0.8352,-1.0665,-1.0939,-0.9047,-0.7324,-0.6217,-0.5548,-0.5141,-0.4878,-0.4688,-0.4528,-0.4374,-0.4213,-0.4044,-0.3873,-0.371,-0.3569,-0.3458,-0.3384,-0.3344,-0.5793,-0.5817,-0.5836,-0.5847,-0.5851,-0.5855,-0.5885,-0.5955,-0.585,-0.5636,-0.5655,-0.5875,-0.5803,-0.5953,-0.601,-0.6913,-0.9396,-1.4388,-1.4391,-1.0089,-0.7462,-0.6086,-0.5372,-0.4991,-0.4765,-0.4602,-0.4454,-0.4293,-0.4108,-0.39,-0.3682,-0.3475,-0.3299,-0.3172,-0.3099,-0.3075,-0.5709,-0.5724,-0.5735,-0.5743,-0.5751,-0.577,-0.5815,-0.5877,-0.5787,-0.5553,-0.5542,-0.6176,-0.6172,-0.3568,-0.5522,-0.7517,-0.9775,-1.2139,-1.2122,-0.8849,-0.647,-0.5295,-0.4833,-0.4658,-0.4568,-0.4486,-0.4375,-0.4214,-0.3995,-0.3727,-0.3437,-0.3159,-0.2935,-0.279,-0.2729,-0.2738,-0.5631,-0.5639,-0.5644,-0.5646,-0.5648,-0.5654,-0.5661,-0.5636,-0.5491,-0.5234,-0.508,-0.5191,-0.4811,-0.4005,-0.5528,-0.9484,-1.3077,-1.0054,-0.8316,-0.6236,-0.4388,-0.3824,-0.4006,-0.4228,-0.4357,-0.4399,-0.4343,-0.4175,-0.3896,-0.3528,-0.3115,-0.2724,-0.2427,-0.2269,-0.2244,-0.2319,-0.5558,-0.5559,-0.5557,-0.5551,-0.5539,-0.552,-0.5481,-0.5389,-0.5192,-0.4839,-0.4336,-0.4765,-0.4706,-0.4618,-0.5647,-0.8705,-1.1266,-0.8289,-0.5865,-0.3888,-0.1812,-0.2086,-0.321,-0.3874,-0.4244,-0.4437,-0.4444,-0.4241,-0.3846,-0.3304,-0.2682,-0.21,-0.1698,-0.1548,-0.1614,-0.1807,-0.5489,-0.5484,-0.5475,-0.5459,-0.5435,-0.5395,-0.5328,-0.5212,-0.5018,-0.4714,-0.4356,-0.4494,-0.3987,-0.3722,-0.4971,-0.6113,-0.6423,-0.4786,-0.3146,-0.2631,-0.141,-0.1787,-0.2972,-0.3773,-0.435,-0.4748,-0.4823,-0.4505,-0.3886,-0.3055,-0.2088,-0.1186,-0.0639,-0.0564,-0.0825,-0.122,-0.5423,-0.5414,-0.5398,-0.5375,-0.5341,-0.5291,-0.5216,-0.5106,-0.4953,-0.4764,-0.4591,-0.4405,-0.378,-0.3649,-0.4425,-0.4653,-0.42,-0.1773,0.041,-0.1608,-0.2279,-0.2573,-0.3183,-0.3903,-0.4742,-0.5551,-0.5714,-0.505,-0.4025,-0.2788,-0.1311,0.0096,0.081,0.0661,0.0054,-0.0627,-0.5362,-0.5348,-0.5328,-0.53,-0.5261,-0.5207,-0.5135,-0.504,-0.4922,-0.4789,-0.465,-0.4478,-0.4264,-0.4207,-0.4153,-0.4063,-0.3626,-0.176,-0.049,-0.1722,-0.2378,-0.2809,-0.3283,-0.4009,-0.5226,-0.687,-0.7188,-0.5662,-0.4117,-0.2534,-0.0523,0.1495,0.2332,0.1809,0.0785,-0.0174,-0.5306,-0.5288,-0.5264,-0.5233,-0.5192,-0.5139,-0.5073,-0.4991,-0.4896,-0.479,-0.4675,-0.4548,-0.442,-0.4299,-0.4136,-0.4024,-0.3589,-0.2626,-0.2037,-0.1996,-0.2361,-0.2703,-0.3078,-0.3775,-0.5037,-0.6958,-0.7348,-0.5229,-0.384,-0.2375,-0.0244,0.2014,0.2882,0.2193,0.102,-0.0026,-0.5253,-0.5233,-0.5207,-0.5174,-0.5133,-0.5082,-0.5021,-0.4949,-0.4867,-0.4776,-0.4677,-0.457,-0.4453,-0.432,-0.4164,-0.3965,-0.3576,-0.2967,-0.2424,-0.2267,-0.235,-0.2286,-0.2405,-0.3057,-0.3954,-0.4322,-0.3323,-0.3275,-0.3224,-0.2352,-0.0715,0.1082,0.1895,0.1507,0.0629,-0.0236,-0.5204,-0.5182,-0.5155,-0.5121,-0.508,-0.5032,-0.4975,-0.491,-0.4836,-0.4754,-0.4663,-0.4563,-0.4449,-0.4315,-0.4151,-0.3931,-0.3607,-0.3193,-0.28,-0.2502,-0.2059,-0.1246,-0.1043,-0.2028,-0.2981,-0.2928,-0.2076,-0.2444,-0.2818,-0.2409,-0.1408,-0.0274,0.0378,0.0336,-0.0122,-0.0689,-0.5159,-0.5135,-0.5107,-0.5073,-0.5033,-0.4987,-0.4933,-0.4872,-0.4803,-0.4726,-0.464,-0.4543,-0.443,-0.4297,-0.4133,-0.3923,-0.3651,-0.3326,-0.2966,-0.2518,-0.1721,-0.0456,-0.0117,-0.1369,-0.2477,-0.2765,-0.2594,-0.2655,-0.2748,-0.2503,-0.1935,-0.1276,-0.0821,-0.0718,-0.0896,-0.1212,-0.5117,-0.5092,-0.5064,-0.503,-0.499,-0.4945,-0.4894,-0.4835,-0.477,-0.4696,-0.4613,-0.4518,-0.4408,-0.4278,-0.4121,-0.3927,-0.369,-0.3407,-0.3064,-0.2599,-0.19,-0.1072,-0.0886,-0.1609,-0.2379,-0.2742,-0.2813,-0.2826,-0.2795,-0.2619,-0.229,-0.1907,-0.161,-0.1486,-0.1533,-0.1693]},{"header":{"la1":42.85,"la2":41.18,"lo1":11.55,"lo2":14.05,"nx":36,"ny":24,"dx":0.07143,"dy":0.07261,"parameterCategory":2,"parameterNumber":3,"parameterNumberName":"northward_wind","parameterUnit":"m.s-1"},"data":[-0.604,-0.6049,-0.6055,-0.6054,-0.6046,-0.6029,-0.6,-0.5957,-0.5894,-0.5809,-0.5697,-0.5555,-0.5383,-0.518,-0.4952,-0.4708,-0.4463,-0.4238,-0.4054,-0.3925,-0.3855,-0.3832,-0.3842,-0.3869,-0.3901,-0.3932,-0.3958,-0.3978,-0.3994,-0.4005,-0.4012,-0.4017,-0.4021,-0.4024,-0.4026,-0.4029,-0.6096,-0.6112,-0.6123,-0.6128,-0.6126,-0.6114,-0.6091,-0.6052,-0.5994,-0.5909,-0.5791,-0.5634,-0.5436,-0.5195,-0.4915,-0.4605,-0.4286,-0.399,-0.3757,-0.3614,-0.3562,-0.358,-0.3636,-0.3705,-0.377,-0.3825,-0.3868,-0.39,-0.3924,-0.394,-0.3952,-0.396,-0.3966,-0.3971,-0.3975,-0.3979,-0.6153,-0.6175,-0.6192,-0.6203,-0.6207,-0.6201,-0.6184,-0.6152,-0.6101,-0.6021,-0.5902,-0.5732,-0.5507,-0.5222,-0.4877,-0.4477,-0.4045,-0.3635,-0.3322,-0.3165,-0.3162,-0.3259,-0.3394,-0.3524,-0.3633,-0.3717,-0.3779,-0.3823,-0.3854,-0.3875,-0.389,-0.3901,-0.3909,-0.3915,-0.3921,-0.3926,-0.621,-0.6237,-0.6261,-0.628,-0.6289,-0.6287,-0.6271,-0.6244,-0.6204,-0.614,-0.6028,-0.5852,-0.5602,-0.5271,-0.485,-0.4331,-0.3728,-0.3121,-0.2665,-0.2501,-0.2613,-0.2862,-0.3122,-0.3338,-0.35,-0.3614,-0.3694,-0.3748,-0.3785,-0.381,-0.3828,-0.384,-0.3849,-0.3856,-0.3864,-0.3871,-0.6264,-0.6299,-0.6331,-0.6356,-0.637,-0.6366,-0.6341,-0.6302,-0.6274,-0.6246,-0.6166,-0.5995,-0.5726,-0.5354,-0.4857,-0.4197,-0.3349,-0.2397,-0.1662,-0.1518,-0.1891,-0.2412,-0.2854,-0.3171,-0.3384,-0.3525,-0.3618,-0.3678,-0.3718,-0.3745,-0.3763,-0.3776,-0.3786,-0.3795,-0.3803,-0.3812,-0.6316,-0.6358,-0.6398,-0.6433,-0.6453,-0.6444,-0.6385,-0.6286,-0.6247,-0.6309,-0.6311,-0.6165,-0.5886,-0.5484,-0.4931,-0.4148,-0.3018,-0.1539,-0.0284,-0.0224,-0.1104,-0.2018,-0.2656,-0.3056,-0.3303,-0.3456,-0.3552,-0.3614,-0.3653,-0.3679,-0.3697,-0.371,-0.372,-0.3729,-0.3739,-0.3749,-0.6363,-0.6412,-0.6462,-0.6509,-0.6545,-0.6543,-0.6451,-0.6229,-0.6121,-0.6362,-0.6501,-0.6378,-0.6084,-0.5668,-0.5102,-0.428,-0.3007,-0.1112,0.0712,0.066,-0.0719,-0.1896,-0.2612,-0.3024,-0.3265,-0.3409,-0.3497,-0.3552,-0.3588,-0.3611,-0.3627,-0.3639,-0.3649,-0.3659,-0.3669,-0.3682,-0.6402,-0.6458,-0.6518,-0.6581,-0.6645,-0.669,-0.6662,-0.6489,-0.6412,-0.6726,-0.6856,-0.6664,-0.6318,-0.5892,-0.5358,-0.4615,-0.3502,-0.188,-0.0296,-0.022,-0.1263,-0.2183,-0.2747,-0.3072,-0.3262,-0.3376,-0.3446,-0.349,-0.3519,-0.3538,-0.3551,-0.3562,-0.3571,-0.3582,-0.3594,-0.3608,-0.6433,-0.6492,-0.6558,-0.6634,-0.6729,-0.6852,-0.7012,-0.7214,-0.7496,-0.7704,-0.7491,-0.7024,-0.6555,-0.6119,-0.5642,-0.5027,-0.42,-0.3179,-0.2268,-0.1995,-0.2289,-0.2679,-0.2967,-0.3153,-0.3269,-0.3343,-0.3391,-0.3422,-0.3443,-0.3457,-0.3468,-0.3477,-0.3486,-0.3497,-0.3511,-0.3528,-0.6453,-0.6511,-0.6575,-0.6651,-0.6752,-0.6917,-0.7244,-0.7941,-0.9096,-0.948,-0.8404,-0.7364,-0.6725,-0.6298,-0.5892,-0.5365,-0.4687,-0.3972,-0.3395,-0.3081,-0.301,-0.3059,-0.3134,-0.32,-0.3251,-0.329,-0.3319,-0.334,-0.3355,-0.3365,-0.3373,-0.3381,-0.339,-0.3402,-0.3418,-0.3439,-0.6463,-0.6516,-0.6569,-0.6623,-0.6682,-0.6774,-0.7024,-0.7951,-1.0855,-1.2222,-0.9148,-0.7465,-0.6751,-0.6381,-0.6082,-0.5581,-0.4835,-0.4088,-0.3611,-0.3379,-0.3256,-0.3189,-0.3163,-0.3164,-0.318,-0.3202,-0.3222,-0.3239,-0.3251,-0.326,-0.3266,-0.3273,-0.3282,-0.3295,-0.3315,-0.334,-0.6465,-0.6512,-0.6549,-0.6568,-0.6551,-0.6465,-0.6279,-0.631,-0.856,-1.0305,-0.8425,-0.7213,-0.6665,-0.6287,-0.6193,-0.5705,-0.4646,-0.3495,-0.311,-0.3188,-0.3165,-0.3083,-0.303,-0.3022,-0.3041,-0.3069,-0.3095,-0.3115,-0.3129,-0.3138,-0.3144,-0.3149,-0.3158,-0.3173,-0.3196,-0.3228,-0.6464,-0.6505,-0.653,-0.6524,-0.6451,-0.6236,-0.5742,-0.503,-0.5855,-0.7416,-0.7413,-0.6766,-0.6662,-0.6306,-0.6311,-0.573,-0.4269,-0.2411,-0.2304,-0.2866,-0.2872,-0.2755,-0.272,-0.2764,-0.2832,-0.2893,-0.2938,-0.2969,-0.2989,-0.3,-0.3005,-0.3007,-0.3014,-0.303,-0.3059,-0.3101,-0.6462,-0.6501,-0.6525,-0.6517,-0.6446,-0.6259,-0.5896,-0.5473,-0.5918,-0.7052,-0.7324,-0.6271,-0.615,-0.9489,-0.7155,-0.5396,-0.3797,-0.2864,-0.2621,-0.2645,-0.2299,-0.2091,-0.2184,-0.2389,-0.2566,-0.2684,-0.2756,-0.2801,-0.283,-0.2844,-0.2846,-0.2842,-0.2844,-0.2861,-0.2899,-0.2955,-0.6459,-0.6502,-0.6535,-0.6547,-0.6524,-0.6453,-0.6352,-0.6372,-0.6845,-0.7669,-0.8229,-0.8191,-0.8236,-0.8841,-0.7289,-0.402,-0.158,-0.2866,-0.2813,-0.2028,-0.0944,-0.0783,-0.1386,-0.1947,-0.2284,-0.2459,-0.2552,-0.2612,-0.2654,-0.2674,-0.2667,-0.2647,-0.2636,-0.2654,-0.2706,-0.2786,-0.6454,-0.6504,-0.655,-0.659,-0.6625,-0.6664,-0.6752,-0.6993,-0.7534,-0.8464,-0.9631,-1.0369,-0.9527,-0.8433,-0.7055,-0.4306,-0.2369,-0.2977,-0.2596,-0.0953,0.167,0.1193,-0.0581,-0.1597,-0.2051,-0.2228,-0.2313,-0.2392,-0.2463,-0.2493,-0.2467,-0.2411,-0.2374,-0.2394,-0.2474,-0.2593,-0.6444,-0.6501,-0.656,-0.6624,-0.67,-0.6806,-0.6979,-0.7283,-0.7799,-0.8603,-0.9512,-0.9637,-0.9831,-0.9743,-0.7367,-0.5411,-0.406,-0.323,-0.2452,-0.0946,0.1993,0.1381,-0.0546,-0.1542,-0.1896,-0.1949,-0.1983,-0.2116,-0.2263,-0.2317,-0.2248,-0.2115,-0.203,-0.2064,-0.22,-0.2381,-0.6426,-0.6487,-0.6555,-0.6633,-0.673,-0.6861,-0.7049,-0.7326,-0.772,-0.8211,-0.8643,-0.8889,-0.9594,-0.9496,-0.6964,-0.5469,-0.4308,-0.2858,-0.2086,-0.1877,-0.0825,-0.0652,-0.1286,-0.1734,-0.1748,-0.1479,-0.1429,-0.1763,-0.2091,-0.2183,-0.2023,-0.1742,-0.1584,-0.1669,-0.1904,-0.2176,-0.6398,-0.6461,-0.6531,-0.6612,-0.6712,-0.684,-0.7006,-0.7222,-0.7486,-0.7763,-0.7982,-0.8098,-0.808,-0.7325,-0.558,-0.5042,-0.4388,-0.2978,-0.2262,-0.2199,-0.2011,-0.1865,-0.1937,-0.1955,-0.1581,-0.0728,-0.055,-0.1452,-0.2063,-0.2156,-0.1844,-0.1352,-0.1122,-0.1302,-0.1663,-0.2023,-0.6361,-0.6421,-0.6487,-0.6564,-0.6655,-0.6764,-0.6895,-0.7046,-0.7206,-0.7346,-0.742,-0.737,-0.709,-0.6393,-0.5428,-0.5028,-0.4398,-0.3275,-0.2287,-0.2028,-0.2301,-0.2321,-0.2292,-0.2189,-0.1762,-0.0719,-0.0489,-0.1879,-0.2385,-0.2304,-0.1837,-0.1214,-0.0952,-0.1181,-0.1592,-0.1982,-0.6314,-0.6368,-0.6428,-0.6495,-0.657,-0.6655,-0.6748,-0.6842,-0.6926,-0.6975,-0.6955,-0.6823,-0.6524,-0.6036,-0.5474,-0.4975,-0.4327,-0.3467,-0.2674,-0.2403,-0.2496,-0.2466,-0.2419,-0.2424,-0.2419,-0.2638,-0.3653,-0.3553,-0.3038,-0.2611,-0.2086,-0.1531,-0.1279,-0.1421,-0.1741,-0.2072,-0.6259,-0.6306,-0.6357,-0.6411,-0.6468,-0.6528,-0.6586,-0.6636,-0.6666,-0.6656,-0.6585,-0.6425,-0.6158,-0.5786,-0.5351,-0.4874,-0.4316,-0.3697,-0.316,-0.2839,-0.2613,-0.2317,-0.2229,-0.2471,-0.2863,-0.3691,-0.4781,-0.432,-0.3473,-0.2908,-0.2438,-0.2031,-0.1816,-0.1845,-0.2027,-0.2255,-0.6198,-0.6237,-0.6277,-0.6317,-0.6358,-0.6395,-0.6425,-0.6441,-0.6433,-0.6388,-0.629,-0.6126,-0.5888,-0.5578,-0.5211,-0.4797,-0.4337,-0.386,-0.3423,-0.3042,-0.2619,-0.2108,-0.1984,-0.2406,-0.2926,-0.3532,-0.4024,-0.391,-0.3473,-0.3066,-0.2721,-0.2442,-0.2277,-0.2251,-0.2334,-0.2473,-0.6133,-0.6163,-0.6193,-0.622,-0.6245,-0.6263,-0.6271,-0.6262,-0.6229,-0.6163,-0.6054,-0.5894,-0.5678,-0.541,-0.5095,-0.4741,-0.4359,-0.3965,-0.358,-0.3197,-0.2779,-0.2381,-0.2287,-0.2566,-0.2942,-0.3293,-0.3525,-0.3527,-0.3353,-0.3127,-0.2909,-0.2727,-0.2608,-0.257,-0.2602,-0.2682]}]