docs/data/wind_grid.json
{"header": {"la1":42.1,"la2":41.55,"lo1":12.1,"lo2":12.95,"nx":50,"ny":50,"dx":0.01735,"dy":0.01122,"parameterCategory":2,"parameterNumber":2,"parameterNumberName":"eastward_wind","parameterUnit":"m.s-1"}, "data":
[rows 0 to 39 of 50, columns 0 to 49 of 50]
-0.4561,-0.4523,-0.4484,-0.4443,-0.4402,-0.4359,-0.4315,-0.4271,-0.4226,-0.4182,-0.4139,-0.4099,-0.4063,-0.4034,-0.4014,-0.4009,-0.4021,-0.4057,-0.4123,-0.4224,-0.4367,-0.456,-0.4808,-0.5117,-0.549,-0.5931,-0.6442,-0.7024,-0.7674,-0.839,-0.9166,-0.9995,-1.0865,-1.1758,-1.2654,-1.3526,-1.4346,-1.5083,-1.5709,-1.6205,-1.6561,-1.6776,-1.686,-1.683,-1.6706,-1.651,-1.6262,-1.5978,-1.5673,-1.5359
-0.4525,-0.4485,-0.4443,-0.4399,-0.4354,-0.4308,-0.4259,-0.421,-0.4159,-0.4107,-0.4056,-0.4006,-0.396,-0.3919,-0.3887,-0.3867,-0.3866,-0.3887,-0.3939,-0.4029,-0.4163,-0.435,-0.4596,-0.4908,-0.529,-0.5746,-0.6278,-0.6886,-0.757,-0.8327,-0.9152,-1.0036,-1.0968,-1.1931,-1.2901,-1.3849,-1.474,-1.5539,-1.6214,-1.674,-1.7106,-1.7312,-1.7372,-1.7307,-1.714,-1.6899,-1.6605,-1.6279,-1.5935,-1.5586
-0.4491,-0.4448,-0.4404,-0.4357,-0.4309,-0.4258,-0.4206,-0.415,-0.4093,-0.4035,-0.3975,-0.3915,-0.3857,-0.3804,-0.3757,-0.3723,-0.3705,-0.3711,-0.3747,-0.3822,-0.3945,-0.4124,-0.4368,-0.4682,-0.5073,-0.5543,-0.6097,-0.6733,-0.7452,-0.8251,-0.9126,-1.0068,-1.1065,-1.2102,-1.3151,-1.4181,-1.5152,-1.602,-1.6749,-1.7307,-1.7682,-1.7876,-1.7906,-1.7799,-1.7584,-1.7292,-1.6949,-1.6577,-1.6191,-1.5805
-0.4458,-0.4413,-0.4367,-0.4317,-0.4266,-0.4211,-0.4154,-0.4094,-0.403,-0.3964,-0.3895,-0.3826,-0.3756,-0.3688,-0.3627,-0.3576,-0.354,-0.3527,-0.3546,-0.3605,-0.3714,-0.3884,-0.4123,-0.4439,-0.4838,-0.5324,-0.5899,-0.6564,-0.7319,-0.8161,-0.9086,-1.0086,-1.1153,-1.2266,-1.3401,-1.452,-1.5578,-1.6524,-1.7311,-1.7904,-1.8288,-1.8465,-1.8459,-1.8303,-1.8033,-1.7685,-1.7288,-1.6867,-1.6439,-1.6015
-0.4427,-0.4381,-0.4331,-0.428,-0.4225,-0.4167,-0.4105,-0.404,-0.397,-0.3897,-0.3819,-0.3739,-0.3656,-0.3574,-0.3496,-0.3427,-0.3371,-0.3338,-0.3336,-0.3376,-0.3469,-0.3627,-0.386,-0.4177,-0.4585,-0.5086,-0.5684,-0.6379,-0.717,-0.8055,-0.903,-1.0091,-1.1226,-1.242,-1.3644,-1.486,-1.6013,-1.7045,-1.7897,-1.8528,-1.8918,-1.9074,-1.9025,-1.8813,-1.8482,-1.8072,-1.7619,-1.7146,-1.6673,-1.6212
-0.4398,-0.435,-0.4298,-0.4244,-0.4187,-0.4125,-0.406,-0.3989,-0.3914,-0.3833,-0.3746,-0.3655,-0.356,-0.3462,-0.3367,-0.3277,-0.3199,-0.3142,-0.3117,-0.3135,-0.3209,-0.3354,-0.358,-0.3897,-0.4312,-0.483,-0.5452,-0.6177,-0.7004,-0.7932,-0.8958,-1.0077,-1.1282,-1.2556,-1.3874,-1.5192,-1.6449,-1.7575,-1.8499,-1.917,-1.9565,-1.9695,-1.9596,-1.9321,-1.8922,-1.8447,-1.7933,-1.7408,-1.689,-1.6391
-0.4371,-0.4321,-0.4268,-0.4211,-0.4151,-0.4087,-0.4018,-0.3943,-0.3861,-0.3773,-0.3678,-0.3575,-0.3467,-0.3354,-0.3239,-0.3127,-0.3025,-0.2942,-0.2889,-0.2881,-0.2934,-0.3062,-0.3279,-0.3596,-0.4021,-0.4556,-0.5202,-0.5959,-0.6823,-0.7794,-0.8868,-1.0043,-1.1315,-1.2669,-1.4081,-1.5505,-1.6874,-1.8102,-1.9106,-1.982,-2.0219,-2.0316,-2.0161,-1.9816,-1.9344,-1.88,-1.8225,-1.7647,-1.7086,-1.6551
-0.4345,-0.4294,-0.4239,-0.4181,-0.4119,-0.4052,-0.3979,-0.39,-0.3813,-0.3718,-0.3614,-0.3501,-0.3379,-0.3249,-0.3114,-0.2978,-0.2849,-0.2736,-0.2653,-0.2616,-0.2643,-0.2751,-0.2958,-0.3275,-0.371,-0.4264,-0.4937,-0.5726,-0.6628,-0.7639,-0.8759,-0.9987,-1.132,-1.275,-1.4255,-1.5787,-1.7272,-1.8611,-1.9701,-2.0462,-2.0862,-2.0923,-2.0705,-2.0284,-1.9737,-1.9122,-1.8486,-1.7857,-1.7254,-1.6685
-0.4322,-0.4269,-0.4214,-0.4154,-0.409,-0.4021,-0.3945,-0.3862,-0.3771,-0.3669,-0.3557,-0.3433,-0.3297,-0.315,-0.2994,-0.2833,-0.2674,-0.2528,-0.241,-0.2338,-0.2334,-0.2421,-0.2616,-0.2933,-0.3379,-0.3955,-0.4657,-0.548,-0.642,-0.7471,-0.8633,-0.9906,-1.1293,-1.2791,-1.4381,-1.602,-1.7624,-1.908,-2.0262,-2.1073,-2.1474,-2.1494,-2.1209,-2.0711,-2.0086,-1.9403,-1.8708,-1.8032,-1.739,-1.6792
-0.4301,-0.4247,-0.4191,-0.413,-0.4065,-0.3994,-0.3916,-0.383,-0.3734,-0.3627,-0.3507,-0.3373,-0.3223,-0.3059,-0.2881,-0.2693,-0.2502,-0.2319,-0.216,-0.2048,-0.2009,-0.2069,-0.2251,-0.257,-0.3031,-0.3632,-0.4366,-0.5225,-0.6202,-0.7291,-0.8489,-0.98,-1.123,-1.2782,-1.4447,-1.6184,-1.7906,-1.9482,-2.0761,-2.1625,-2.2027,-2.2004,-2.1651,-2.1075,-2.0377,-1.963,-1.8882,-1.8164,-1.749,-1.6866
-0.4282,-0.4228,-0.4171,-0.4109,-0.4043,-0.3971,-0.3891,-0.3802,-0.3703,-0.3591,-0.3465,-0.3321,-0.3159,-0.2977,-0.2776,-0.256,-0.2334,-0.211,-0.1905,-0.1747,-0.1666,-0.1695,-0.1863,-0.2186,-0.2665,-0.3296,-0.4067,-0.4965,-0.598,-0.7104,-0.8333,-0.967,-1.1128,-1.2717,-1.4438,-1.6258,-1.8089,-1.9782,-2.116,-2.208,-2.2485,-2.2422,-2.2004,-2.1357,-2.0593,-1.9791,-1.8999,-1.8247,-1.7548,-1.6905
-0.4265,-0.4211,-0.4153,-0.4092,-0.4025,-0.3952,-0.3871,-0.3781,-0.3679,-0.3564,-0.3431,-0.3279,-0.3105,-0.2906,-0.2683,-0.2437,-0.2174,-0.1905,-0.1649,-0.1436,-0.1305,-0.1299,-0.1452,-0.1781,-0.2286,-0.2953,-0.3765,-0.4706,-0.5759,-0.6915,-0.8167,-0.9519,-1.0987,-1.259,-1.4343,-1.6223,-1.8144,-1.9945,-2.1419,-2.2396,-2.2809,-2.2713,-2.224,-2.1536,-2.0719,-1.9875,-1.9052,-1.8276,-1.7561,-1.6907
-0.425,-0.4196,-0.4139,-0.4077,-0.4011,-0.3938,-0.3857,-0.3766,-0.3663,-0.3545,-0.3407,-0.3248,-0.3063,-0.2849,-0.2604,-0.2329,-0.2026,-0.1708,-0.1393,-0.1117,-0.0926,-0.0878,-0.1016,-0.1359,-0.1898,-0.2609,-0.3468,-0.4453,-0.5546,-0.673,-0.7998,-0.9352,-1.0809,-1.24,-1.4152,-1.6059,-1.8043,-1.9932,-2.1494,-2.2529,-2.2957,-2.2842,-2.2333,-2.159,-2.0741,-1.9872,-1.9033,-1.8247,-1.7526,-1.6869
-0.4237,-0.4184,-0.4127,-0.4066,-0.4,-0.3928,-0.3848,-0.3757,-0.3654,-0.3534,-0.3394,-0.323,-0.3036,-0.2808,-0.2542,-0.2238,-0.1896,-0.1525,-0.1145,-0.0794,-0.0532,-0.0433,-0.0558,-0.0924,-0.1508,-0.2273,-0.3184,-0.4216,-0.5348,-0.6558,-0.7834,-0.9175,-1.0601,-1.215,-1.3864,-1.5757,-1.7765,-1.9712,-2.1345,-2.2435,-2.289,-2.2777,-2.2258,-2.1504,-2.0648,-1.9777,-1.8938,-1.8157,-1.7441,-1.6791
-0.4227,-0.4174,-0.4118,-0.4058,-0.3993,-0.3923,-0.3844,-0.3755,-0.3653,-0.3534,-0.3393,-0.3225,-0.3024,-0.2785,-0.2501,-0.2169,-0.1788,-0.1364,-0.0914,-0.0476,-0.0126,0.0034,-0.0079,-0.0483,-0.1128,-0.1956,-0.2923,-0.4004,-0.5174,-0.6407,-0.7684,-0.8999,-1.0372,-1.1848,-1.3485,-1.5317,-1.73,-1.9265,-2.0944,-2.2085,-2.258,-2.2497,-2.2001,-2.1269,-2.0435,-1.9585,-1.8768,-1.8006,-1.7307,-1.6672
-0.4218,-0.4166,-0.4111,-0.4053,-0.399,-0.3922,-0.3845,-0.3759,-0.3659,-0.3542,-0.3403,-0.3234,-0.303,-0.2782,-0.2483,-0.2127,-0.1711,-0.1235,-0.0711,-0.0176,0.0281,0.0519,0.0411,-0.0051,-0.0775,-0.1674,-0.2699,-0.3826,-0.5032,-0.6286,-0.7558,-0.8836,-1.0136,-1.1509,-1.3029,-1.4753,-1.6658,-1.8592,-2.0285,-2.1468,-2.2019,-2.1995,-2.1559,-2.0884,-2.0102,-1.9299,-1.8522,-1.7794,-1.7125,-1.6514
-0.4212,-0.4161,-0.4107,-0.4051,-0.3991,-0.3925,-0.3852,-0.3769,-0.3674,-0.3561,-0.3425,-0.3258,-0.3053,-0.2801,-0.2492,-0.2118,-0.1671,-0.1149,-0.0555,0.0084,0.0671,0.1007,0.0895,0.0347,-0.0475,-0.1446,-0.2523,-0.3692,-0.493,-0.6202,-0.7465,-0.8697,-0.9908,-1.1154,-1.2522,-1.409,-1.5866,-1.772,-1.939,-2.0603,-2.1222,-2.1287,-2.0945,-2.036,-1.966,-1.8926,-1.8207,-1.7528,-1.6898,-1.632
-0.4207,-0.4158,-0.4106,-0.4052,-0.3994,-0.3932,-0.3863,-0.3785,-0.3695,-0.3588,-0.3458,-0.3297,-0.3096,-0.2844,-0.253,-0.2143,-0.1676,-0.112,-0.0469,0.0268,0.1005,0.1467,0.1338,0.0666,-0.0263,-0.1295,-0.241,-0.3609,-0.4875,-0.6162,-0.7415,-0.8595,-0.9706,-1.0806,-1.1993,-1.3371,-1.4974,-1.6701,-1.8312,-1.954,-2.0232,-2.0406,-2.0186,-1.9718,-1.9122,-1.8477,-1.7832,-1.7213,-1.6632,-1.6094
-0.4204,-0.4156,-0.4106,-0.4055,-0.4,-0.3942,-0.3878,-0.3807,-0.3724,-0.3625,-0.3504,-0.3351,-0.3158,-0.2911,-0.2599,-0.2208,-0.173,-0.1157,-0.0476,0.0328,0.1207,0.1823,0.1658,0.0838,-0.0179,-0.124,-0.2366,-0.3582,-0.4869,-0.617,-0.7413,-0.854,-0.9546,-1.0489,-1.148,-1.2643,-1.4041,-1.5607,-1.7128,-1.8351,-1.9113,-1.9405,-1.9321,-1.8987,-1.851,-1.7967,-1.7407,-1.6856,-1.6331,-1.5839
-0.4203,-0.4156,-0.4109,-0.406,-0.4009,-0.3955,-0.3897,-0.3833,-0.3758,-0.3669,-0.3559,-0.3419,-0.3239,-0.3003,-0.2699,-0.2312,-0.1835,-0.1266,-0.0595,0.0206,0.1154,0.1907,0.1701,0.0769,-0.0259,-0.129,-0.2395,-0.3611,-0.4913,-0.6228,-0.7463,-0.8541,-0.9442,-1.0226,-1.1016,-1.1955,-1.3135,-1.4518,-1.5925,-1.7121,-1.7938,-1.8342,-1.8396,-1.82,-1.7849,-1.7414,-1.6944,-1.6468,-1.6003,-1.556
-0.4203,-0.4158,-0.4113,-0.4067,-0.402,-0.3971,-0.3919,-0.3862,-0.3797,-0.372,-0.3624,-0.35,-0.3336,-0.3118,-0.283,-0.2456,-0.1991,-0.1442,-0.0823,-0.0123,0.0705,0.1435,0.1237,0.0386,-0.0506,-0.1437,-0.249,-0.3691,-0.5002,-0.6332,-0.7564,-0.8598,-0.9402,-1.0034,-1.063,-1.1352,-1.2314,-1.3507,-1.4783,-1.5929,-1.678,-1.7277,-1.7455,-1.7391,-1.7163,-1.6836,-1.6457,-1.6057,-1.5655,-1.5263
-0.4204,-0.4161,-0.4118,-0.4075,-0.4032,-0.3988,-0.3942,-0.3894,-0.3839,-0.3775,-0.3695,-0.359,-0.3449,-0.3255,-0.2989,-0.2636,-0.219,-0.1673,-0.1129,-0.0608,-0.0126,0.0254,0.019,-0.0261,-0.0873,-0.1654,-0.2636,-0.3813,-0.5129,-0.6474,-0.7707,-0.8707,-0.9426,-0.9922,-1.0341,-1.0865,-1.1624,-1.263,-1.3765,-1.484,-1.5696,-1.626,-1.654,-1.6591,-1.6475,-1.625,-1.5959,-1.5634,-1.5294,-1.4954
-0.4206,-0.4165,-0.4125,-0.4085,-0.4045,-0.4006,-0.3967,-0.3927,-0.3883,-0.3833,-0.377,-0.3688,-0.3573,-0.341,-0.3176,-0.285,-0.2428,-0.1938,-0.1462,-0.1114,-0.1009,-0.1083,-0.0975,-0.0948,-0.1267,-0.1903,-0.2815,-0.3966,-0.5282,-0.664,-0.7879,-0.8854,-0.9503,-0.9884,-1.0154,-1.0506,-1.1084,-1.1916,-1.2907,-1.3893,-1.4726,-1.5325,-1.568,-1.5824,-1.5805,-1.5671,-1.5461,-1.5206,-1.4927,-1.4637
-0.4209,-0.417,-0.4132,-0.4094,-0.4059,-0.4024,-0.3991,-0.3959,-0.3926,-0.389,-0.3846,-0.3788,-0.3705,-0.3578,-0.3384,-0.3095,-0.2698,-0.2226,-0.1781,-0.1517,-0.1576,-0.1804,-0.1659,-0.1447,-0.161,-0.2151,-0.3011,-0.4137,-0.5449,-0.6814,-0.8058,-0.9016,-0.9613,-0.9905,-1.0058,-1.0271,-1.0696,-1.1369,-1.2217,-1.3101,-1.3887,-1.4494,-1.4895,-1.5108,-1.5167,-1.5111,-1.4973,-1.4782,-1.4559,-1.4317
-0.4213,-0.4176,-0.4139,-0.4105,-0.4072,-0.4042,-0.4015,-0.399,-0.3967,-0.3944,-0.3919,-0.3887,-0.3838,-0.3755,-0.361,-0.3366,-0.2998,-0.2533,-0.2077,-0.1797,-0.1809,-0.1957,-0.1869,-0.1727,-0.1879,-0.2385,-0.3213,-0.4316,-0.5615,-0.6977,-0.8218,-0.9162,-0.9724,-0.9957,-1.0027,-1.0138,-1.0437,-1.0972,-1.1685,-1.246,-1.3183,-1.3772,-1.4194,-1.4454,-1.4572,-1.4578,-1.4502,-1.4368,-1.4195,-1.3999
-0.4218,-0.4182,-0.4147,-0.4115,-0.4085,-0.4059,-0.4036,-0.4017,-0.4003,-0.3992,-0.3985,-0.3978,-0.3966,-0.3933,-0.3848,-0.366,-0.3327,-0.2862,-0.237,-0.2018,-0.1907,-0.1937,-0.1907,-0.1893,-0.2101,-0.2609,-0.3417,-0.4494,-0.5769,-0.711,-0.8336,-0.9265,-0.9807,-1.0008,-1.0031,-1.0073,-1.0278,-1.0695,-1.1284,-1.1953,-1.2601,-1.3155,-1.3578,-1.3864,-1.4024,-1.4079,-1.4054,-1.3969,-1.3841,-1.3685
-0.4223,-0.4188,-0.4155,-0.4125,-0.4097,-0.4074,-0.4055,-0.4041,-0.4033,-0.4031,-0.4038,-0.4055,-0.4082,-0.4105,-0.4089,-0.3968,-0.3678,-0.3216,-0.2683,-0.225,-0.2025,-0.1966,-0.1966,-0.2047,-0.2313,-0.2832,-0.3622,-0.4665,-0.5899,-0.7201,-0.8394,-0.9302,-0.9834,-1.0029,-1.0037,-1.0043,-1.0181,-1.0504,-1.0986,-1.1554,-1.2125,-1.2634,-1.3043,-1.3338,-1.3525,-1.3617,-1.3632,-1.3588,-1.3499,-1.3379
-0.4229,-0.4195,-0.4164,-0.4134,-0.4109,-0.4087,-0.407,-0.4059,-0.4055,-0.4059,-0.4075,-0.4112,-0.4177,-0.4263,-0.4324,-0.4277,-0.4037,-0.3585,-0.3022,-0.2527,-0.222,-0.21,-0.2107,-0.2235,-0.2536,-0.3059,-0.3825,-0.4825,-0.6002,-0.7243,-0.8385,-0.9264,-0.9792,-0.9999,-1.002,-1.0017,-1.0115,-1.0367,-1.076,-1.1238,-1.1735,-1.2194,-1.2579,-1.2872,-1.3074,-1.3191,-1.3237,-1.3226,-1.3171,-1.3083
-0.4236,-0.4203,-0.4172,-0.4144,-0.4119,-0.4098,-0.4082,-0.4072,-0.4068,-0.4073,-0.4092,-0.4142,-0.4244,-0.4398,-0.4545,-0.457,-0.4375,-0.394,-0.3368,-0.284,-0.2484,-0.2323,-0.2321,-0.2464,-0.2776,-0.329,-0.4023,-0.4968,-0.6074,-0.7238,-0.8314,-0.9157,-0.9682,-0.9914,-0.9965,-0.9975,-1.0055,-1.0258,-1.058,-1.0982,-1.1412,-1.1821,-1.2177,-1.2461,-1.2668,-1.2801,-1.2871,-1.2886,-1.2859,-1.2798
-0.4243,-0.421,-0.418,-0.4153,-0.4128,-0.4108,-0.4092,-0.408,-0.4074,-0.4074,-0.4088,-0.414,-0.4272,-0.4502,-0.4736,-0.482,-0.4656,-0.4241,-0.3684,-0.3155,-0.2781,-0.2595,-0.2579,-0.2719,-0.3026,-0.352,-0.4212,-0.5094,-0.6119,-0.7195,-0.8196,-0.8993,-0.9516,-0.9777,-0.9869,-0.9906,-0.9986,-1.0158,-1.0428,-1.0768,-1.1139,-1.1502,-1.1827,-1.2096,-1.2302,-1.2445,-1.2531,-1.2568,-1.2563,-1.2525
-0.425,-0.4218,-0.4189,-0.4161,-0.4137,-0.4116,-0.4099,-0.4085,-0.4073,-0.4065,-0.4066,-0.4107,-0.4258,-0.4562,-0.4875,-0.4994,-0.4844,-0.4455,-0.3937,-0.3438,-0.3072,-0.2879,-0.2852,-0.2983,-0.3275,-0.3741,-0.4388,-0.5202,-0.6141,-0.7125,-0.8045,-0.8794,-0.931,-0.9601,-0.9735,-0.9807,-0.9898,-1.0055,-1.0288,-1.058,-1.0902,-1.1224,-1.1519,-1.1772,-1.1973,-1.212,-1.2217,-1.2269,-1.2283,-1.2265
-0.4258,-0.4227,-0.4197,-0.417,-0.4146,-0.4124,-0.4105,-0.4087,-0.407,-0.4051,-0.4035,-0.4054,-0.4206,-0.4567,-0.4933,-0.5061,-0.492,-0.4571,-0.4113,-0.3668,-0.3332,-0.3147,-0.3117,-0.3239,-0.3514,-0.3949,-0.4547,-0.5292,-0.6146,-0.7038,-0.7878,-0.8578,-0.9083,-0.9398,-0.9573,-0.9682,-0.9792,-0.9944,-1.0152,-1.0408,-1.0691,-1.0977,-1.1246,-1.1481,-1.1674,-1.1823,-1.1927,-1.1991,-1.2019,-1.2018
-0.4267,-0.4236,-0.4207,-0.4179,-0.4154,-0.4132,-0.4111,-0.409,-0.4067,-0.4039,-0.401,-0.4009,-0.4147,-0.4516,-0.489,-0.5016,-0.4896,-0.4601,-0.4217,-0.3841,-0.355,-0.3386,-0.3361,-0.3477,-0.3735,-0.4139,-0.4689,-0.5367,-0.6139,-0.6944,-0.7708,-0.8358,-0.885,-0.9183,-0.9392,-0.9536,-0.9667,-0.9822,-1.0016,-1.0246,-1.0498,-1.0755,-1.1,-1.1218,-1.1403,-1.155,-1.1659,-1.1731,-1.1771,-1.1783
-0.4276,-0.4246,-0.4216,-0.4189,-0.4164,-0.414,-0.4118,-0.4094,-0.4068,-0.4037,-0.4002,-0.3996,-0.4118,-0.4442,-0.4773,-0.4895,-0.4808,-0.4576,-0.427,-0.3965,-0.3727,-0.3592,-0.3578,-0.3691,-0.3935,-0.431,-0.4813,-0.5429,-0.6125,-0.6851,-0.7544,-0.8147,-0.8622,-0.8965,-0.9203,-0.9376,-0.9528,-0.969,-0.9877,-1.0089,-1.0318,-1.0551,-1.0775,-1.0979,-1.1155,-1.1299,-1.141,-1.1489,-1.1538,-1.1561
-0.4287,-0.4256,-0.4227,-0.42,-0.4174,-0.415,-0.4126,-0.4102,-0.4076,-0.4045,-0.4016,-0.4018,-0.4126,-0.438,-0.464,-0.475,-0.4697,-0.4525,-0.4291,-0.4055,-0.3868,-0.3767,-0.3768,-0.3882,-0.4112,-0.4461,-0.4922,-0.548,-0.6107,-0.6761,-0.7391,-0.7949,-0.8405,-0.8754,-0.9011,-0.9209,-0.9381,-0.9551,-0.9735,-0.9935,-1.0147,-1.0362,-1.0569,-1.0759,-1.0927,-1.1067,-1.1179,-1.1262,-1.1318,-1.135
-0.4298,-0.4268,-0.4239,-0.4211,-0.4186,-0.4161,-0.4137,-0.4114,-0.4089,-0.4063,-0.4045,-0.4059,-0.4153,-0.4341,-0.453,-0.4621,-0.4592,-0.447,-0.4298,-0.4121,-0.3983,-0.3914,-0.3932,-0.4049,-0.4269,-0.4593,-0.5016,-0.5522,-0.6089,-0.6678,-0.7251,-0.7768,-0.8204,-0.8552,-0.8824,-0.904,-0.9228,-0.9407,-0.9591,-0.9783,-0.9983,-1.0183,-1.0376,-1.0556,-1.0716,-1.0852,-1.0963,-1.1049,-1.1111,-1.1151
-0.431,-0.428,-0.4251,-0.4224,-0.4199,-0.4174,-0.4151,-0.4129,-0.4107,-0.4088,-0.408,-0.4103,-0.4183,-0.4318,-0.4452,-0.4522,-0.4508,-0.4424,-0.4301,-0.4174,-0.4078,-0.4039,-0.4074,-0.4195,-0.4406,-0.4708,-0.5097,-0.5558,-0.607,-0.6604,-0.7126,-0.7605,-0.8021,-0.8365,-0.8644,-0.8874,-0.9074,-0.9261,-0.9446,-0.9634,-0.9824,-1.0013,-1.0196,-1.0366,-1.0519,-1.0651,-1.0762,-1.085,-1.0916,-1.0962
-0.4323,-0.4293,-0.4265,-0.4238,-0.4213,-0.4189,-0.4167,-0.4146,-0.4128,-0.4116,-0.4116,-0.4142,-0.4207,-0.4305,-0.44,-0.4452,-0.4446,-0.439,-0.4306,-0.422,-0.416,-0.4147,-0.4197,-0.4322,-0.4526,-0.4809,-0.5167,-0.5588,-0.6053,-0.6538,-0.7015,-0.746,-0.7855,-0.8191,-0.8474,-0.8712,-0.8922,-0.9115,-0.9302,-0.9487,-0.9671,-0.9852,-1.0025,-1.0187,-1.0334,-1.0464,-1.0573,-1.0662,-1.0732,-1.0782
-0.4337,-0.4308,-0.428,-0.4254,-0.4229,-0.4206,-0.4185,-0.4167,-0.4152,-0.4144,-0.4149,-0.4175,-0.4228,-0.4299,-0.4367,-0.4406,-0.4406,-0.4371,-0.4316,-0.4263,-0.4232,-0.4241,-0.4306,-0.4434,-0.4631,-0.4898,-0.5229,-0.5614,-0.6038,-0.648,-0.6918,-0.7332,-0.7706,-0.8033,-0.8315,-0.8558,-0.8774,-0.8972,-0.9161,-0.9344,-0.9523,-0.9697,-0.9864,-1.0019,-1.0161,-1.0287,-1.0396,-1.0486,-1.0558,-1.0612
-0.4352,-0.4323,-0.4296,-0.4271,-0.4247,-0.4225,-0.4205,-0.4189,-0.4177,-0.4172,-0.418,-0.4204,-0.4245,-0.4299,-0.4348,-0.4379,-0.4383,-0.4364,-0.4333,-0.4305,-0.4298,-0.4326,-0.4402,-0.4533,-0.4724,-0.4975,-0.5283,-0.5637,-0.6025,-0.643,-0.6833,-0.7219,-0.7573,-0.7889,-0.8167,-0.8413,-0.8632,-0.8833,-0.9023,-0.9204,-0.938,-0.9549,-0.971,-0.986,-0.9998,-1.0121,-1.0228,-1.0319,-1.0393,-1.0451
