docs/data/wind_grid.json
[{"header":{"la1":42.85,"la2":41.18,"lo1":11.55,"lo2":14.05,"nx":36,"ny":24,"dx":0.07143,"dy":0.07261,"parameterCategory":2,"parameterNumber":2,"parameterNumberName":"eastward_wind","parameterUnit":"m.s-1"},"data":[0.0595,0.0449,0.0288,0.0115,-0.006,-0.0222,-0.0344,-0.0401,-0.0371,-0.0254,-0.0072,0.0143,0.0354,0.0537,0.0672,0.0744,0.0739,0.0644,0.0452,0.0173,-0.0146,-0.0433,-0.0622,-0.0691,-0.066,-0.0571,-0.0458,-0.0342,-0.0233,-0.0135,-0.0046,0.0034,0.0106,0.0172,0.0233,0.0289,0.0566,0.0392,0.0192,-0.0036,-0.0283,-0.053,-0.0736,-0.0848,-0.0818,-0.0642,-0.0358,-0.0032,0.0283,0.0549,0.0749,0.0868,0.0889,0.0782,0.0517,0.009,-0.0431,-0.0894,-0.1157,-0.1188,-0.1063,-0.0876,-0.0684,-0.0512,-0.0364,-0.0238,-0.013,-0.0035,0.0049,0.0124,0.0192,0.0255,0.0554,0.035,0.0106,-0.0188,-0.0537,-0.0922,-0.1286,-0.1518,-0.1507,-0.1226,-0.0766,-0.0258,0.0205,0.0585,0.0871,0.1062,0.114,0.1055,0.0716,0.0048,-0.0864,-0.1681,-0.2039,-0.1923,-0.1586,-0.1228,-0.0923,-0.0682,-0.0491,-0.0338,-0.021,-0.0102,-0.0007,0.0078,0.0154,0.0223,0.0563,0.0333,0.0047,-0.0319,-0.0796,-0.14,-0.2065,-0.2576,-0.2632,-0.214,-0.1344,-0.0537,0.0137,0.0658,0.1048,0.1337,0.1532,0.1571,0.1234,0.021,-0.1507,-0.3118,-0.3543,-0.2964,-0.2196,-0.1583,-0.1146,-0.0835,-0.0606,-0.0429,-0.0286,-0.0165,-0.0059,0.0034,0.0119,0.0195,0.0599,0.0345,0.0028,-0.0391,-0.1,-0.191,-0.3138,-0.4321,-0.4595,-0.36,-0.2114,-0.0831,0.0111,0.0787,0.1285,0.1687,0.208,0.2479,0.2495,0.1114,-0.219,-0.5613,-0.5817,-0.4115,-0.2718,-0.1848,-0.1308,-0.0952,-0.0701,-0.051,-0.0355,-0.0224,-0.0108,-0.0006,0.0087,0.017,0.0661,0.0379,0.0042,-0.0379,-0.1039,-0.2257,-0.4364,-0.7081,-0.8027,-0.5715,-0.2917,-0.1016,0.0192,0.1004,0.1588,0.2073,0.2682,0.3787,0.518,0.3924,-0.1551,-0.7164,-0.7,-0.447,-0.2836,-0.1921,-0.1377,-0.1026,-0.0776,-0.0582,-0.042,-0.0279,-0.0154,-0.0041,0.006,0.0151,0.0755,0.0406,0.0002,-0.0359,-0.0843,-0.2081,-0.4844,-0.9507,-1.1668,-0.7223,-0.3148,-0.0899,0.0436,0.1348,0.2003,0.2482,0.3069,0.4621,0.8026,0.7318,0.0474,-0.3908,-0.4633,-0.3521,-0.2489,-0.1809,-0.1372,-0.1071,-0.0843,-0.0653,-0.0486,-0.0334,-0.0197,-0.0073,0.0039,0.0138,0.0913,0.0424,-0.0288,-0.0717,-0.0579,-0.1233,-0.3439,-0.7001,-0.8524,-0.5346,-0.2315,-0.0455,0.082,0.1855,0.2689,0.3112,0.3227,0.3806,0.5225,0.3641,-0.1442,-0.3184,-0.3073,-0.2589,-0.2063,-0.1656,-0.1361,-0.1131,-0.0928,-0.0739,-0.056,-0.0392,-0.0237,-0.0098,0.0026,0.0135,0.1241,0.0674,-0.0656,-0.1866,-0.0329,-0.0005,-0.1297,-0.2885,-0.3487,-0.2672,-0.1315,-0.0003,0.1181,0.2502,0.4049,0.4658,0.3791,0.2909,0.1997,-0.0878,-0.6002,-0.5452,-0.316,-0.2226,-0.1826,-0.1606,-0.1438,-0.1263,-0.1066,-0.0857,-0.0649,-0.0452,-0.0273,-0.0113,0.0026,0.0145,0.1823,0.1667,0.1051,0.0567,0.2218,0.1695,0.0266,-0.1079,-0.2281,-0.2477,-0.117,0.0162,0.125,0.2872,0.6565,0.8526,0.4914,0.2783,0.1301,-0.1108,-0.4426,-0.4343,-0.2688,-0.1966,-0.1796,-0.1778,-0.1711,-0.1539,-0.1294,-0.1021,-0.0755,-0.0512,-0.0297,-0.0113,0.0043,0.0172,0.2487,0.3058,0.457,0.8166,0.7542,0.3464,0.1239,-0.0344,-0.3515,-0.5085,-0.1536,0.0163,0.0822,0.1749,0.5574,0.8476,0.4442,0.2614,0.1575,0.0258,-0.1215,-0.1792,-0.1702,-0.178,-0.2102,-0.237,-0.2342,-0.2046,-0.1639,-0.1232,-0.0869,-0.0559,-0.0299,-0.0085,0.0088,0.0226,0.2908,0.3731,0.547,0.8166,0.7417,0.3646,0.1771,0.11,-0.1087,-0.2759,-0.0621,0.0281,0.0112,-0.0704,0.0577,0.2522,0.2568,0.2345,0.2027,0.1224,0.0272,-0.0496,-0.1152,-0.2019,-0.3111,-0.3797,-0.3578,-0.2846,-0.2087,-0.1459,-0.0962,-0.0569,-0.0258,-0.0014,0.0174,0.0315,0.3001,0.3604,0.4486,0.5206,0.4556,0.2928,0.1983,0.1979,0.1518,0.067,0.0691,0.0255,-0.0166,-0.1434,-0.068,0.0917,0.1671,0.2647,0.2646,0.1696,0.0822,-0.0029,-0.1077,-0.2767,-0.5228,-0.6642,-0.5554,-0.3822,-0.2515,-0.1621,-0.0983,-0.0507,-0.0146,0.0124,0.0319,0.0453,0.2918,0.3251,0.3581,0.3672,0.3282,0.2616,0.2141,0.1997,0.1959,0.2001,0.1789,-0.014,-0.0833,0.0919,0.0527,-0.0058,0.1022,0.2244,0.233,0.167,0.087,0.0052,-0.1095,-0.3352,-0.7382,-0.9733,-0.7194,-0.4392,-0.2675,-0.1611,-0.0876,-0.0331,0.0075,0.0362,0.0548,0.0656,0.281,0.2983,0.3105,0.3091,0.2906,0.2645,0.2459,0.2454,0.2774,0.3529,0.4079,0.3253,0.1948,0.104,0.119,-0.0072,0.3485,0.2523,0.2116,0.1376,0.0414,-0.0181,-0.0937,-0.2793,-0.6048,-0.7981,-0.6169,-0.3901,-0.2394,-0.1373,-0.0602,0.0007,0.0459,0.0748,0.0895,0.0943,0.2741,0.2845,0.2912,0.2919,0.2874,0.2833,0.2883,0.3148,0.3853,0.5427,0.8242,0.6835,0.5345,0.3563,0.3005,0.2816,0.364,0.2985,0.226,0.0937,-0.1031,-0.093,-0.073,-0.1698,-0.3273,-0.4233,-0.3812,-0.2817,-0.185,-0.0972,-0.0152,0.057,0.1093,0.1356,0.1403,0.1331,0.2716,0.28,0.2867,0.2917,0.2969,0.3063,0.3267,0.3687,0.4496,0.5981,0.8035,0.7257,0.8287,0.9025,0.6033,0.5056,0.4309,0.3486,0.2656,0.1204,-0.1218,-0.0951,-0.0434,-0.0953,-0.1828,-0.2446,-0.2507,-0.2101,-0.1416,-0.0544,0.0472,0.1469,0.2134,0.2298,0.2114,0.1818,0.2723,0.2807,0.289,0.2979,0.3093,0.3264,0.3539,0.3981,0.4657,0.5566,0.6421,0.7087,0.9187,1.0056,1.0139,1.0287,0.6869,0.3929,0.2959,0.2234,0.0925,0.0348,0.0064,-0.0588,-0.1534,-0.2415,-0.2649,-0.2133,-0.1296,-0.0204,0.1261,0.2869,0.3799,0.3657,0.2999,0.2347,0.2748,0.2838,0.2937,0.3055,0.3205,0.3411,0.3703,0.411,0.465,0.5295,0.5994,0.6864,0.8226,1.0638,1.8698,2.2252,1.0555,0.4651,0.3047,0.2462,0.1855,0.1167,0.0482,-0.0441,-0.1834,-0.3646,-0.4044,-0.2643,-0.1403,-0.0056,0.2017,0.4642,0.5947,0.5157,0.3809,0.2762,0.2778,0.2875,0.2986,0.312,0.3287,0.3504,0.3787,0.4151,0.4604,0.5143,0.579,0.6657,0.8056,1.0996,1.7393,1.9193,1.0775,0.5229,0.2613,0.2055,0.2087,0.1519,0.0781,-0.0224,-0.1731,-0.3834,-0.4295,-0.2477,-0.148,-0.0285,0.203,0.532,0.6873,0.5692,0.4032,0.285,0.2806,0.2908,0.3026,0.3166,0.3338,0.355,0.3814,0.4139,0.453,0.4999,0.5577,0.6346,0.7489,0.9281,1.1395,1.1352,0.8272,0.5099,0.3112,0.2443,0.2169,0.1684,0.1107,0.0232,-0.0915,-0.1656,-0.1117,-0.1298,-0.1705,-0.117,0.0742,0.3501,0.5013,0.4509,0.3413,0.2528,0.2828,0.2931,0.3051,0.3191,0.3358,0.3558,0.3798,0.4084,0.4422,0.4821,0.53,0.5897,0.6651,0.752,0.814,0.7819,0.6437,0.4771,0.3489,0.2717,0.2181,0.1829,0.16,0.0816,-0.0246,-0.071,-0.0131,-0.1094,-0.3137,-0.3131,-0.1343,0.0884,0.2345,0.2655,0.2356,0.1947,0.2841,0.2943,0.306,0.3195,0.3352,0.3536,0.375,0.3997,0.4282,0.4607,0.4979,0.5399,0.5848,0.6242,0.6389,0.6076,0.53,0.4323,0.3422,0.2695,0.2137,0.1923,0.1937,0.1188,0.0084,-0.073,-0.1312,-0.3435,-0.684,-0.5954,-0.3287,-0.1024,0.0457,0.1169,0.1371,0.1339,0.2844,0.2943,0.3054,0.3181,0.3325,0.349,0.3676,0.3885,0.4118,0.4374,0.4647,0.4926,0.518,0.5345,0.5329,0.5059,0.4546,0.3893,0.3221,0.2607,0.2112,0.1846,0.1676,0.1091,0.0166,-0.083,-0.2119,-0.4619,-0.7348,-0.6429,-0.3933,-0.1905,-0.0547,0.0256,0.0669,0.0848]},{"header":{"la1":42.85,"la2":41.18,"lo1":11.55,"lo2":14.05,"nx":36,"ny":24,"dx":0.07143,"dy":0.07261,"parameterCategory":2,"parameterNumber":3,"parameterNumberName":"northward_wind","parameterUnit":"m.s-1"},"data":[-0.5102,-0.5168,-0.5241,-0.5318,-0.5396,-0.5467,-0.5517,-0.553,-0.5493,-0.5402,-0.5263,-0.5087,-0.4886,-0.4667,-0.4435,-0.4198,-0.3968,-0.3762,-0.36,-0.3493,-0.3439,-0.3424,-0.3428,-0.3439,-0.345,-0.346,-0.3465,-0.3467,-0.3463,-0.3453,-0.3438,-0.3418,-0.3395,-0.3369,-0.3342,-0.3315,-0.5142,-0.5223,-0.5315,-0.542,-0.5535,-0.5652,-0.5749,-0.5797,-0.5768,-0.5655,-0.5472,-0.5244,-0.4992,-0.4722,-0.4435,-0.4136,-0.3839,-0.3574,-0.3377,-0.3273,-0.3254,-0.3285,-0.3325,-0.3358,-0.3381,-0.34,-0.3413,-0.342,-0.342,-0.3413,-0.3398,-0.3377,-0.3352,-0.3324,-0.3294,-0.3264,-0.5177,-0.5272,-0.5385,-0.5522,-0.5688,-0.5877,-0.606,-0.6179,-0.6169,-0.6012,-0.575,-0.5442,-0.5121,-0.479,-0.4438,-0.4057,-0.3659,-0.3296,-0.3044,-0.2964,-0.3037,-0.3166,-0.326,-0.3303,-0.3325,-0.3345,-0.3364,-0.3377,-0.3381,-0.3375,-0.3359,-0.3336,-0.3307,-0.3275,-0.3241,-0.3208,-0.5205,-0.5314,-0.5447,-0.5615,-0.5842,-0.6142,-0.6487,-0.6763,-0.6799,-0.6543,-0.612,-0.5679,-0.5271,-0.4878,-0.4457,-0.3971,-0.3416,-0.2868,-0.2503,-0.2496,-0.2812,-0.317,-0.3315,-0.3306,-0.3287,-0.3296,-0.3318,-0.3337,-0.3345,-0.3339,-0.3321,-0.3294,-0.3259,-0.3222,-0.3183,-0.3146,-0.5227,-0.5351,-0.5498,-0.5686,-0.5967,-0.6418,-0.7064,-0.7712,-0.7877,-0.7358,-0.6588,-0.5933,-0.543,-0.4992,-0.4518,-0.3914,-0.312,-0.2199,-0.152,-0.1653,-0.2586,-0.3504,-0.3607,-0.3365,-0.3252,-0.3247,-0.3277,-0.3304,-0.3315,-0.3308,-0.3285,-0.325,-0.3208,-0.3163,-0.3118,-0.3075,-0.5248,-0.5396,-0.5556,-0.5734,-0.6015,-0.6599,-0.7714,-0.9223,-0.9766,-0.8515,-0.7057,-0.6133,-0.5572,-0.5143,-0.4667,-0.3976,-0.2888,-0.1279,0.034,0.0098,-0.1996,-0.3817,-0.3803,-0.3311,-0.3165,-0.3186,-0.3242,-0.3283,-0.3297,-0.3284,-0.3252,-0.3205,-0.3152,-0.3096,-0.3043,-0.2994,-0.5267,-0.5469,-0.5681,-0.5826,-0.5968,-0.6491,-0.7928,-1.0561,-1.1803,-0.932,-0.7188,-0.6171,-0.5675,-0.5346,-0.4962,-0.4294,-0.3041,-0.0789,0.2272,0.2043,-0.0817,-0.2502,-0.2963,-0.2931,-0.3002,-0.3125,-0.3226,-0.3283,-0.3294,-0.327,-0.3221,-0.3157,-0.3087,-0.3018,-0.2954,-0.2898,-0.5266,-0.5571,-0.5974,-0.618,-0.5951,-0.6014,-0.7019,-0.9022,-0.9939,-0.8179,-0.6696,-0.6019,-0.5741,-0.562,-0.5463,-0.498,-0.3849,-0.1879,0.0394,0.0575,-0.0084,-0.0723,-0.1784,-0.2458,-0.2857,-0.3112,-0.326,-0.3322,-0.3318,-0.3268,-0.3191,-0.3101,-0.301,-0.2923,-0.2847,-0.2783,-0.5186,-0.5568,-0.6286,-0.6881,-0.599,-0.5321,-0.5524,-0.6248,-0.6666,-0.6409,-0.6022,-0.5809,-0.5792,-0.5958,-0.6246,-0.6123,-0.5074,-0.3517,-0.1956,-0.0574,0.1497,0.0983,-0.1084,-0.2264,-0.2881,-0.3219,-0.3382,-0.3422,-0.3377,-0.3281,-0.316,-0.3033,-0.2912,-0.2805,-0.2715,-0.2644,-0.4975,-0.5232,-0.5697,-0.599,-0.5122,-0.4354,-0.4018,-0.439,-0.5364,-0.59,-0.5713,-0.5657,-0.5795,-0.6204,-0.7356,-0.7961,-0.6213,-0.4637,-0.3257,-0.1625,0.0346,0.0105,-0.1481,-0.255,-0.3171,-0.3512,-0.364,-0.361,-0.3481,-0.3305,-0.3118,-0.2941,-0.2783,-0.2652,-0.2548,-0.2471,-0.4687,-0.4711,-0.4619,-0.4215,-0.4057,-0.3219,-0.2104,-0.2371,-0.5675,-0.7324,-0.5686,-0.5542,-0.567,-0.5915,-0.7146,-0.8059,-0.6385,-0.5074,-0.4058,-0.3073,-0.216,-0.201,-0.2554,-0.3207,-0.3749,-0.407,-0.4104,-0.3917,-0.363,-0.3328,-0.3049,-0.2807,-0.2607,-0.245,-0.2334,-0.2257,-0.4425,-0.4318,-0.4138,-0.3985,-0.3654,-0.1874,0.0846,0.2454,-0.1666,-0.5215,-0.5097,-0.5458,-0.5477,-0.4884,-0.5551,-0.6433,-0.6005,-0.4731,-0.4031,-0.3798,-0.3417,-0.3237,-0.344,-0.3973,-0.4664,-0.5076,-0.4895,-0.4367,-0.3803,-0.3317,-0.2921,-0.2604,-0.2359,-0.2179,-0.2058,-0.1988,-0.4236,-0.4062,-0.3821,-0.3474,-0.264,-0.0531,0.3152,0.6861,0.4184,-0.1919,-0.4656,-0.5444,-0.5678,-0.4588,-0.5332,-0.6869,-0.6372,-0.3248,-0.2917,-0.3934,-0.3836,-0.3693,-0.3903,-0.4687,-0.6059,-0.6866,-0.6106,-0.4885,-0.3911,-0.3207,-0.2686,-0.2296,-0.2009,-0.1814,-0.1699,-0.1651,-0.4127,-0.3915,-0.3605,-0.3105,-0.2172,-0.0442,0.2265,0.5142,0.3152,-0.2323,-0.5205,-0.5283,-0.5394,-0.9303,-0.7773,-0.8618,-0.8105,-0.5351,-0.4119,-0.4154,-0.3761,-0.3571,-0.3885,-0.5013,-0.7353,-0.8808,-0.7095,-0.5087,-0.3767,-0.2901,-0.2288,-0.1837,-0.1518,-0.1322,-0.1234,-0.1232,-0.4099,-0.3889,-0.3588,-0.3135,-0.2436,-0.142,-0.0241,0.0257,-0.1461,-0.4586,-0.6698,-0.7445,-0.8451,-1.0827,-0.8795,-0.9188,-1.1263,-0.778,-0.5365,-0.3942,-0.292,-0.2756,-0.3322,-0.4455,-0.6405,-0.76,-0.6234,-0.4447,-0.3194,-0.2327,-0.1676,-0.1178,-0.0835,-0.0658,-0.0632,-0.0713,-0.4142,-0.397,-0.3739,-0.3431,-0.3043,-0.2632,-0.2416,-0.2847,-0.4329,-0.6551,-0.8487,-0.9519,-0.9391,-0.947,-0.8957,-0.928,-1.0188,-0.7291,-0.4625,-0.2752,-0.092,-0.1263,-0.2478,-0.3393,-0.4262,-0.4661,-0.4081,-0.3109,-0.2237,-0.1497,-0.0834,-0.0268,0.0112,0.0236,0.0138,-0.009,-0.4236,-0.4118,-0.3977,-0.382,-0.368,-0.3633,-0.3829,-0.4463,-0.5638,-0.719,-0.8509,-0.9141,-1.0919,-1.1672,-0.9406,-0.8471,-0.7191,-0.4265,-0.1649,-0.1391,-0.0493,-0.0918,-0.2004,-0.2506,-0.2649,-0.2498,-0.2115,-0.1644,-0.1124,-0.0514,0.0216,0.0958,0.1426,0.1433,0.1093,0.0623,-0.4354,-0.4292,-0.4232,-0.4193,-0.4209,-0.434,-0.4667,-0.5264,-0.6134,-0.715,-0.8084,-0.909,-1.1215,-1.1761,-1.0164,-0.9193,-0.6067,0.0113,0.537,0.0536,-0.1179,-0.1568,-0.1868,-0.1841,-0.1469,-0.0947,-0.0593,-0.0367,-0.0057,0.0482,0.1397,0.2544,0.3211,0.2947,0.2169,0.1349,-0.4476,-0.4461,-0.4463,-0.45,-0.4601,-0.4802,-0.5144,-0.5648,-0.6299,-0.7029,-0.7777,-0.8599,-0.953,-1.0236,-1.2432,-1.3457,-0.7118,-0.0593,0.2833,-0.0305,-0.1428,-0.1744,-0.1679,-0.1261,-0.0545,0.001,0.0175,0.0606,0.0916,0.1355,0.2463,0.4238,0.5203,0.4451,0.3099,0.1922,-0.4588,-0.4607,-0.465,-0.4731,-0.487,-0.5087,-0.5399,-0.5812,-0.631,-0.6859,-0.743,-0.8022,-0.8653,-0.9565,-1.164,-1.2024,-0.7333,-0.3156,-0.1755,-0.1908,-0.182,-0.1771,-0.1442,-0.0757,0.0202,0.0515,0.0548,0.1959,0.2009,0.2007,0.2929,0.4891,0.5979,0.4989,0.3428,0.2146,-0.4682,-0.4724,-0.479,-0.4892,-0.504,-0.5246,-0.5517,-0.585,-0.6234,-0.6646,-0.7067,-0.7486,-0.7918,-0.8432,-0.8936,-0.8418,-0.6287,-0.3935,-0.2519,-0.2142,-0.2004,-0.1684,-0.1216,-0.0397,0.1083,0.3262,0.6322,0.5411,0.3216,0.2338,0.2649,0.386,0.4656,0.4112,0.3002,0.1966,-0.4754,-0.4809,-0.4887,-0.4994,-0.5136,-0.532,-0.5547,-0.5812,-0.6104,-0.6407,-0.6704,-0.6979,-0.7215,-0.7377,-0.7313,-0.6724,-0.5538,-0.4179,-0.3133,-0.2507,-0.198,-0.1395,-0.1061,-0.0373,0.1501,0.5057,0.9466,0.6947,0.315,0.208,0.2077,0.2562,0.2965,0.2799,0.2218,0.1538,-0.4805,-0.4866,-0.4946,-0.5048,-0.5178,-0.5336,-0.552,-0.5726,-0.5944,-0.616,-0.6357,-0.6515,-0.6608,-0.6586,-0.6367,-0.5858,-0.5073,-0.4174,-0.3347,-0.2623,-0.1872,-0.1158,-0.1015,-0.0556,0.1059,0.3482,0.5216,0.3609,0.1388,0.1371,0.1559,0.1737,0.1873,0.1793,0.1484,0.1056,-0.4836,-0.4897,-0.4974,-0.5068,-0.518,-0.5311,-0.5458,-0.5614,-0.5772,-0.5918,-0.6037,-0.6111,-0.6113,-0.6009,-0.5758,-0.5331,-0.4747,-0.4073,-0.3381,-0.2686,-0.1971,-0.1365,-0.1081,-0.0621,0.0459,0.1783,0.2482,0.1896,0.1108,0.116,0.1248,0.1253,0.123,0.1126,0.0914,0.0622]}]