docs/data/wind_grid.json
{"header": {"la1":42.1,"la2":41.55,"lo1":12.1,"lo2":12.95,"nx":50,"ny":50,"dx":0.01735,"dy":0.01122,"parameterCategory":2,"parameterNumber":3,"parameterNumberName":"northward_wind","parameterUnit":"m.s-1"}, "data":
[rows 0 to 40 of 50, columns 0 to 49 of 50]
0.1842,0.1069,0.046,0.0108,0.0004,0.0027,0.001,-0.0176,-0.0571,-0.1145,-0.1835,-0.2576,-0.3321,-0.4037,-0.4711,-0.5337,-0.5916,-0.6451,-0.6941,-0.738,-0.7755,-0.8048,-0.8243,-0.8333,-0.8324,-0.8234,-0.8088,-0.7906,-0.7704,-0.749,-0.7268,-0.7039,-0.6803,-0.6559,-0.631,-0.6059,-0.5814,-0.5581,-0.5371,-0.5191,-0.5047,-0.4939,-0.4864,-0.4816,-0.479,-0.4776,-0.477,-0.4767,-0.4762,-0.4755
0.2284,0.1378,0.0647,0.0208,0.0059,0.0067,0.004,-0.0161,-0.0581,-0.1186,-0.1907,-0.2677,-0.3445,-0.418,-0.4869,-0.5508,-0.6102,-0.6656,-0.7171,-0.764,-0.8047,-0.8366,-0.8572,-0.8654,-0.862,-0.8495,-0.8311,-0.8093,-0.7859,-0.7619,-0.7374,-0.7124,-0.6866,-0.66,-0.6325,-0.6048,-0.5774,-0.5516,-0.5284,-0.5089,-0.4937,-0.4828,-0.476,-0.4723,-0.4709,-0.4709,-0.4715,-0.4722,-0.4726,-0.4726
0.2903,0.1861,0.0991,0.044,0.0212,0.0164,0.0094,-0.0149,-0.0608,-0.1249,-0.2002,-0.2798,-0.3585,-0.4335,-0.5034,-0.5682,-0.6287,-0.6858,-0.7398,-0.7902,-0.8348,-0.8701,-0.8924,-0.8997,-0.8933,-0.8765,-0.8535,-0.8278,-0.8012,-0.7745,-0.7477,-0.7206,-0.6927,-0.6637,-0.6336,-0.6029,-0.5724,-0.5435,-0.5178,-0.4966,-0.4806,-0.4699,-0.464,-0.4617,-0.462,-0.4635,-0.4656,-0.4675,-0.4689,-0.4696
0.3741,0.2561,0.1539,0.0845,0.0495,0.0343,0.0184,-0.013,-0.0646,-0.1332,-0.2118,-0.2937,-0.3741,-0.45,-0.5204,-0.5856,-0.6467,-0.7052,-0.7617,-0.816,-0.8654,-0.9051,-0.9297,-0.9361,-0.9257,-0.9037,-0.8757,-0.8456,-0.8157,-0.7865,-0.7577,-0.7286,-0.6987,-0.6673,-0.6343,-0.6002,-0.5662,-0.5339,-0.5052,-0.482,-0.4652,-0.4549,-0.4503,-0.4499,-0.4521,-0.4556,-0.4593,-0.4626,-0.465,-0.4665
0.4826,0.3511,0.2318,0.1444,0.0921,0.0611,0.0319,-0.0099,-0.0691,-0.1429,-0.2251,-0.3093,-0.3909,-0.4673,-0.5377,-0.6027,-0.6639,-0.7231,-0.7819,-0.8403,-0.8954,-0.9408,-0.9685,-0.9738,-0.9587,-0.9305,-0.8967,-0.8623,-0.8292,-0.7977,-0.7671,-0.7364,-0.7046,-0.6708,-0.6348,-0.5971,-0.5589,-0.5225,-0.4905,-0.465,-0.4475,-0.4379,-0.435,-0.4368,-0.4415,-0.4472,-0.4528,-0.4576,-0.4612,-0.4635
0.6167,0.4716,0.3329,0.2234,0.1485,0.0967,0.0499,-0.0053,-0.0739,-0.1538,-0.2397,-0.3261,-0.4087,-0.4852,-0.5551,-0.6192,-0.6797,-0.7391,-0.7996,-0.8621,-0.9235,-0.9759,-1.0077,-1.0116,-0.9907,-0.9554,-0.9157,-0.8771,-0.8413,-0.808,-0.7761,-0.7441,-0.7106,-0.6745,-0.6353,-0.5936,-0.5508,-0.5097,-0.4736,-0.4456,-0.4273,-0.4187,-0.4181,-0.4228,-0.4303,-0.4386,-0.4463,-0.4527,-0.4574,-0.4605
0.7744,0.6152,0.4542,0.3182,0.2162,0.1392,0.0715,0.0005,-0.0788,-0.1655,-0.2554,-0.3439,-0.4273,-0.5036,-0.5725,-0.6351,-0.694,-0.7525,-0.8138,-0.8797,-0.9476,-1.0079,-1.0446,-1.047,-1.0195,-0.9768,-0.9315,-0.8893,-0.8516,-0.8173,-0.7846,-0.7517,-0.7169,-0.6787,-0.6363,-0.5902,-0.5422,-0.4957,-0.4549,-0.4239,-0.405,-0.3978,-0.3999,-0.408,-0.4188,-0.4299,-0.4399,-0.4479,-0.4539,-0.4577
0.9505,0.7762,0.59,0.4238,0.291,0.1859,0.0951,0.0071,-0.0838,-0.1778,-0.2719,-0.3624,-0.4465,-0.5223,-0.5898,-0.6503,-0.7067,-0.7631,-0.8237,-0.8915,-0.9648,-1.0329,-1.0751,-1.0759,-1.0418,-0.9924,-0.9427,-0.8983,-0.8598,-0.8253,-0.7927,-0.7596,-0.7239,-0.6838,-0.6383,-0.5876,-0.5337,-0.4809,-0.4347,-0.4004,-0.3808,-0.3755,-0.381,-0.3931,-0.4075,-0.4217,-0.434,-0.4437,-0.4506,-0.4552
1.1364,0.9461,0.7324,0.5336,0.368,0.2336,0.1191,0.0135,-0.0892,-0.1905,-0.2888,-0.3814,-0.4661,-0.5414,-0.6072,-0.6649,-0.7179,-0.7708,-0.8288,-0.8961,-0.9722,-1.0461,-1.0929,-1.0927,-1.0535,-0.9999,-0.9483,-0.9038,-0.8659,-0.8323,-0.8006,-0.7679,-0.7319,-0.6903,-0.6418,-0.5864,-0.5263,-0.4665,-0.4141,-0.376,-0.3558,-0.3528,-0.3623,-0.3786,-0.397,-0.4143,-0.4288,-0.44,-0.4479,-0.453
1.3204,1.1138,0.8721,0.6403,0.4421,0.279,0.1414,0.0188,-0.0954,-0.2037,-0.306,-0.4006,-0.4859,-0.5607,-0.6247,-0.6794,-0.728,-0.7761,-0.8295,-0.8932,-0.9677,-1.0426,-1.0916,-1.0915,-1.0513,-0.9979,-0.948,-0.9057,-0.87,-0.8386,-0.8085,-0.7771,-0.7414,-0.699,-0.6478,-0.5877,-0.521,-0.4537,-0.3945,-0.3521,-0.3314,-0.331,-0.3447,-0.3656,-0.388,-0.4082,-0.4247,-0.4371,-0.4458,-0.4512
1.489,1.2673,0.9995,0.737,0.5086,0.3189,0.1601,0.022,-0.1025,-0.2172,-0.3231,-0.4196,-0.5057,-0.5802,-0.6426,-0.6939,-0.7377,-0.7797,-0.8269,-0.884,-0.9518,-1.0213,-1.0683,-1.0699,-1.0344,-0.9869,-0.9424,-0.9047,-0.8728,-0.8444,-0.817,-0.7876,-0.7531,-0.7104,-0.6571,-0.5927,-0.5195,-0.4444,-0.3779,-0.3311,-0.3097,-0.3119,-0.33,-0.3552,-0.3811,-0.4039,-0.422,-0.4353,-0.4444,-0.4499
1.6281,1.3943,1.1051,0.8168,0.5628,0.3505,0.1736,0.0224,-0.1109,-0.2309,-0.3398,-0.4381,-0.5251,-0.5997,-0.661,-0.7092,-0.7476,-0.7828,-0.8225,-0.8713,-0.9287,-0.987,-1.0278,-1.0325,-1.0065,-0.9693,-0.9332,-0.9018,-0.8747,-0.8504,-0.8264,-0.7999,-0.7674,-0.7254,-0.6709,-0.6029,-0.5237,-0.4409,-0.3672,-0.3157,-0.2935,-0.298,-0.3198,-0.3487,-0.3773,-0.4019,-0.421,-0.4347,-0.4438,-0.4491
1.7256,1.4845,1.181,0.8744,0.6013,0.3716,0.1807,0.0194,-0.1205,-0.2445,-0.3557,-0.4554,-0.5435,-0.6189,-0.6798,-0.7254,-0.7584,-0.7862,-0.8183,-0.8587,-0.9047,-0.9497,-0.9819,-0.9895,-0.9747,-0.9494,-0.9227,-0.8983,-0.8768,-0.8571,-0.8374,-0.8147,-0.7852,-0.7449,-0.6903,-0.6197,-0.5355,-0.4459,-0.3654,-0.3092,-0.2857,-0.2916,-0.3159,-0.3471,-0.3773,-0.4026,-0.4219,-0.4354,-0.444,-0.4488
1.7734,1.5308,1.2217,0.9059,0.6215,0.3808,0.1807,0.0126,-0.1315,-0.2578,-0.3703,-0.471,-0.5603,-0.637,-0.6985,-0.7426,-0.7704,-0.7906,-0.8155,-0.849,-0.8857,-0.9187,-0.9425,-0.9516,-0.9459,-0.9312,-0.9132,-0.8956,-0.8797,-0.8652,-0.8505,-0.8325,-0.8072,-0.7699,-0.7164,-0.6446,-0.5568,-0.4618,-0.3754,-0.3149,-0.2894,-0.2951,-0.3199,-0.3515,-0.3816,-0.4064,-0.4248,-0.4374,-0.445,-0.4488
1.7689,1.5308,1.2253,0.9098,0.6226,0.3776,0.1733,0.0023,-0.1434,-0.2702,-0.3828,-0.4839,-0.5743,-0.6528,-0.7163,-0.7601,-0.7834,-0.7959,-0.8145,-0.8438,-0.8746,-0.8991,-0.9159,-0.9248,-0.9248,-0.9174,-0.9063,-0.8946,-0.8841,-0.8752,-0.8662,-0.8541,-0.8343,-0.8012,-0.7503,-0.6788,-0.5891,-0.4904,-0.3997,-0.3352,-0.3066,-0.31,-0.3328,-0.3623,-0.3904,-0.4131,-0.4297,-0.4405,-0.4467,-0.4492
1.7155,1.4871,1.1934,0.8872,0.6052,0.3624,0.159,-0.0112,-0.1558,-0.2813,-0.3927,-0.4933,-0.5843,-0.6649,-0.7311,-0.7761,-0.7961,-0.8013,-0.8149,-0.8432,-0.8718,-0.8909,-0.9025,-0.9099,-0.9123,-0.9092,-0.9027,-0.8958,-0.8905,-0.8874,-0.8852,-0.8803,-0.8673,-0.8401,-0.7931,-0.7235,-0.6334,-0.5328,-0.439,-0.3708,-0.3378,-0.3365,-0.3544,-0.3794,-0.4034,-0.4227,-0.4363,-0.4446,-0.4488,-0.4496
1.6214,1.4065,1.1309,0.8412,0.5713,0.3365,0.1387,-0.0273,-0.1682,-0.2905,-0.3993,-0.4983,-0.5893,-0.6714,-0.7404,-0.7877,-0.8059,-0.8054,-0.8164,-0.8468,-0.8757,-0.8909,-0.8983,-0.9044,-0.9075,-0.9063,-0.9025,-0.8992,-0.8989,-0.9023,-0.9079,-0.9117,-0.9073,-0.8876,-0.846,-0.7793,-0.6901,-0.5887,-0.4928,-0.4206,-0.3819,-0.3734,-0.3839,-0.402,-0.4201,-0.4345,-0.4441,-0.4494,-0.4511,-0.45
1.4975,1.2986,1.0451,0.7768,0.5241,0.3021,0.1136,-0.0452,-0.1801,-0.2974,-0.4022,-0.4984,-0.5881,-0.6707,-0.7416,-0.7911,-0.8094,-0.8068,-0.8191,-0.8538,-0.8833,-0.8937,-0.898,-0.9047,-0.9085,-0.9077,-0.9053,-0.9048,-0.9094,-0.9199,-0.9347,-0.9491,-0.9555,-0.9449,-0.9098,-0.8468,-0.7587,-0.6568,-0.5587,-0.482,-0.4361,-0.4184,-0.4193,-0.4286,-0.4393,-0.4477,-0.4527,-0.4544,-0.4532,-0.45
1.3555,1.1734,0.9437,0.6997,0.4676,0.2616,0.0853,-0.0638,-0.1909,-0.3017,-0.4011,-0.4932,-0.5802,-0.6616,-0.7328,-0.7838,-0.8043,-0.8056,-0.8238,-0.8635,-0.8914,-0.8941,-0.8976,-0.9088,-0.9142,-0.9129,-0.9105,-0.9122,-0.9217,-0.9402,-0.966,-0.9934,-1.0127,-1.0132,-0.9855,-0.9259,-0.8382,-0.7348,-0.6334,-0.5511,-0.4965,-0.4683,-0.4582,-0.4575,-0.4598,-0.4616,-0.4614,-0.459,-0.4548,-0.4494
1.2057,1.0403,0.8345,0.6155,0.4056,0.2175,0.0554,-0.0823,-0.2001,-0.303,-0.396,-0.4828,-0.5656,-0.6442,-0.7142,-0.7659,-0.7915,-0.8029,-0.8313,-0.8764,-0.9012,-0.8941,-0.9,-0.9189,-0.9248,-0.9211,-0.9175,-0.9208,-0.9354,-0.9631,-1.0019,-1.0448,-1.08,-1.0933,-1.0733,-1.016,-0.9268,-0.8196,-0.7131,-0.6235,-0.5593,-0.5196,-0.498,-0.4868,-0.4803,-0.475,-0.4693,-0.4628,-0.4555,-0.4477
1.0564,0.9069,0.7239,0.5293,0.3417,0.1724,0.0255,-0.0998,-0.2072,-0.3014,-0.3868,-0.4673,-0.5449,-0.6195,-0.6871,-0.7401,-0.7734,-0.7993,-0.8412,-0.895,-0.9239,-0.9142,-0.9225,-0.9416,-0.9416,-0.9321,-0.9256,-0.93,-0.9501,-0.9881,-1.042,-1.1034,-1.1572,-1.1851,-1.1727,-1.1156,-1.0216,-0.9077,-0.7935,-0.6952,-0.6206,-0.5693,-0.5361,-0.5145,-0.4992,-0.4868,-0.4757,-0.465,-0.4547,-0.4447
0.9135,0.7788,0.6168,0.445,0.2789,0.1281,-0.0033,-0.1156,-0.2119,-0.2965,-0.3738,-0.4472,-0.5188,-0.5885,-0.6535,-0.7085,-0.7518,-0.794,-0.8524,-0.9231,-0.9756,-0.9891,-0.9898,-0.9837,-0.9647,-0.9446,-0.9337,-0.9388,-0.9648,-1.0143,-1.0853,-1.168,-1.2432,-1.287,-1.281,-1.2211,-1.1188,-0.9949,-0.8708,-0.7624,-0.6771,-0.6147,-0.5705,-0.5389,-0.5153,-0.4962,-0.4799,-0.4653,-0.452,-0.44
0.7809,0.6596,0.5164,0.3655,0.2194,0.0864,-0.0297,-0.1289,-0.2138,-0.2885,-0.3571,-0.423,-0.4881,-0.5526,-0.6148,-0.6723,-0.7258,-0.7847,-0.8624,-0.959,-1.0569,-1.1199,-1.0985,-1.0402,-0.9909,-0.9567,-0.9406,-0.9464,-0.9786,-1.0402,-1.1296,-1.2355,-1.334,-1.3942,-1.3929,-1.327,-1.213,-1.0765,-0.941,-0.8221,-0.7264,-0.6535,-0.5993,-0.5587,-0.5274,-0.5021,-0.481,-0.4629,-0.4471,-0.4332
0.6603,0.5512,0.4248,0.2926,0.1647,0.0484,-0.053,-0.1392,-0.2127,-0.2771,-0.3369,-0.3951,-0.4537,-0.5128,-0.5718,-0.631,-0.6936,-0.768,-0.8654,-0.991,-1.1362,-1.241,-1.1977,-1.0917,-1.013,-0.9653,-0.9445,-0.9514,-0.9899,-1.0637,-1.1716,-1.3008,-1.4226,-1.4982,-1.4995,-1.425,-1.2975,-1.1475,-1.0005,-0.8715,-0.7663,-0.684,-0.621,-0.5725,-0.5344,-0.5038,-0.4785,-0.4573,-0.4393,-0.4241
0.5526,0.4545,0.343,0.2272,0.1158,0.0148,-0.0726,-0.1463,-0.2082,-0.2624,-0.3131,-0.364,-0.4165,-0.4701,-0.5251,-0.5842,-0.6531,-0.74,-0.8543,-1.0022,-1.1728,-1.2876,-1.2391,-1.1171,-1.0229,-0.967,-0.9438,-0.9528,-0.9975,-1.0822,-1.2065,-1.3565,-1.4986,-1.587,-1.5889,-1.5054,-1.3651,-1.2032,-1.0462,-0.9086,-0.7952,-0.7051,-0.6346,-0.5794,-0.5356,-0.5005,-0.4718,-0.4481,-0.4285,-0.4123
0.4576,0.3693,0.2709,0.1698,0.0731,-0.014,-0.0884,-0.1498,-0.2004,-0.244,-0.2858,-0.33,-0.3774,-0.4261,-0.4758,-0.5317,-0.6029,-0.6982,-0.8238,-0.9814,-1.1512,-1.2552,-1.2172,-1.1083,-1.016,-0.9595,-0.9373,-0.9494,-0.9997,-1.0931,-1.2295,-1.3943,-1.5505,-1.6471,-1.6487,-1.5584,-1.4092,-1.2392,-1.0754,-0.9315,-0.812,-0.7157,-0.6392,-0.5785,-0.5302,-0.4915,-0.4602,-0.4348,-0.4142,-0.3976
0.3745,0.2952,0.2083,0.1201,0.0364,-0.0379,-0.1002,-0.1499,-0.189,-0.2219,-0.2548,-0.293,-0.3372,-0.3826,-0.4263,-0.4753,-0.544,-0.6425,-0.7729,-0.9286,-1.083,-1.1726,-1.1519,-1.0698,-0.9918,-0.942,-0.9242,-0.9404,-0.9953,-1.0939,-1.2363,-1.4074,-1.5688,-1.6681,-1.6694,-1.577,-1.4254,-1.2529,-1.0864,-0.9393,-0.8157,-0.715,-0.634,-0.5693,-0.5176,-0.4763,-0.4433,-0.417,-0.3961,-0.3796
0.3024,0.2312,0.1545,0.0776,0.0057,-0.0572,-0.1083,-0.1468,-0.1744,-0.196,-0.2196,-0.253,-0.297,-0.3422,-0.3798,-0.4184,-0.4798,-0.5769,-0.7061,-0.8528,-0.9885,-1.0674,-1.0644,-1.011,-0.9533,-0.9151,-0.9044,-0.9254,-0.9834,-1.0835,-1.2251,-1.393,-1.5501,-1.6464,-1.6481,-1.5592,-1.4121,-1.2434,-1.0786,-0.9313,-0.806,-0.7025,-0.6185,-0.551,-0.4971,-0.4544,-0.4207,-0.3943,-0.3739,-0.3584
0.2401,0.1763,0.1086,0.0418,-0.0199,-0.0724,-0.1131,-0.1409,-0.1571,-0.1667,-0.1799,-0.209,-0.2569,-0.3073,-0.3409,-0.3669,-0.4171,-0.5089,-0.6323,-0.7663,-0.8845,-0.9565,-0.9686,-0.9407,-0.9042,-0.8801,-0.8781,-0.9041,-0.9638,-1.0617,-1.1964,-1.353,-1.4978,-1.5864,-1.589,-1.5081,-1.3713,-1.2114,-1.0523,-0.9075,-0.7824,-0.6778,-0.5922,-0.5232,-0.4684,-0.4253,-0.392,-0.3666,-0.3476,-0.3336
0.1864,0.1293,0.0697,0.0117,-0.0408,-0.0841,-0.1155,-0.1333,-0.1382,-0.135,-0.136,-0.16,-0.216,-0.2794,-0.3139,-0.3274,-0.3649,-0.4482,-0.5615,-0.6801,-0.7823,-0.8486,-0.8721,-0.8649,-0.8481,-0.8384,-0.8458,-0.8768,-0.9369,-1.0296,-1.153,-1.2929,-1.4202,-1.4981,-1.5013,-1.4303,-1.3071,-1.1592,-1.0085,-0.8683,-0.7451,-0.6407,-0.5547,-0.4855,-0.4309,-0.3888,-0.357,-0.3336,-0.3168,-0.3053
0.1404,0.0893,0.0369,-0.0134,-0.0578,-0.0931,-0.1162,-0.1251,-0.1195,-0.1033,-0.0902,-0.1064,-0.1726,-0.2577,-0.3002,-0.3052,-0.3308,-0.4024,-0.5008,-0.6012,-0.6869,-0.747,-0.778,-0.787,-0.7875,-0.7917,-0.8084,-0.844,-0.9034,-0.9892,-1.0988,-1.2196,-1.3273,-1.3928,-1.3954,-1.3341,-1.2249,-1.0901,-0.9489,-0.8144,-0.694,-0.5909,-0.5056,-0.4374,-0.3844,-0.3445,-0.3155,-0.2951,-0.2816,-0.2733
0.1008,0.0551,0.0091,-0.0343,-0.0718,-0.1001,-0.1163,-0.1177,-0.1033,-0.0758,-0.0483,-0.0536,-0.1278,-0.2378,-0.295,-0.2991,-0.3163,-0.3735,-0.4524,-0.5313,-0.5993,-0.6516,-0.6869,-0.7086,-0.724,-0.7411,-0.7668,-0.8065,-0.8646,-0.9427,-1.0379,-1.1393,-1.2276,-1.2801,-1.2806,-1.2269,-1.1301,-1.0073,-0.8753,-0.7466,-0.6295,-0.5283,-0.4448,-0.3787,-0.3285,-0.2922,-0.2673,-0.2513,-0.2421,-0.238
0.0667,0.026,-0.0145,-0.052,-0.0835,-0.106,-0.1166,-0.1126,-0.0922,-0.0571,-0.0197,-0.0153,-0.0907,-0.2162,-0.2883,-0.3003,-0.3143,-0.3564,-0.413,-0.4681,-0.5171,-0.5604,-0.5982,-0.6303,-0.6589,-0.6879,-0.7219,-0.7654,-0.8218,-0.8923,-0.9737,-1.057,-1.1271,-1.1669,-1.1636,-1.1146,-1.027,-0.914,-0.7896,-0.666,-0.5519,-0.453,-0.3719,-0.3091,-0.2632,-0.2319,-0.2125,-0.2021,-0.1983,-0.1993
0.0373,0.0009,-0.0346,-0.067,-0.0935,-0.1115,-0.1181,-0.1107,-0.0878,-0.0509,-0.0119,-0.0049,-0.0753,-0.1966,-0.2752,-0.2989,-0.3142,-0.3426,-0.3763,-0.4068,-0.4363,-0.4705,-0.5105,-0.5524,-0.5932,-0.6332,-0.675,-0.7219,-0.7766,-0.8398,-0.9087,-0.9758,-1.0297,-1.0573,-1.0487,-1.0012,-0.9192,-0.8127,-0.6936,-0.5734,-0.4617,-0.365,-0.2871,-0.2287,-0.1885,-0.1638,-0.1513,-0.1479,-0.1507,-0.1576
0.0118,-0.0206,-0.052,-0.08,-0.1025,-0.1169,-0.121,-0.1125,-0.0904,-0.0571,-0.0245,-0.0223,-0.0838,-0.1859,-0.2599,-0.2917,-0.3086,-0.3248,-0.3365,-0.3425,-0.3531,-0.3797,-0.4232,-0.4753,-0.5281,-0.5785,-0.6274,-0.6772,-0.7303,-0.7869,-0.8447,-0.8978,-0.9373,-0.9533,-0.9383,-0.8893,-0.8092,-0.7056,-0.5888,-0.4701,-0.3594,-0.2648,-0.1905,-0.1377,-0.1048,-0.0883,-0.0843,-0.0891,-0.0996,-0.1133
-0.0104,-0.0394,-0.0671,-0.0916,-0.1108,-0.1228,-0.1256,-0.1177,-0.0989,-0.0727,-0.0503,-0.0548,-0.1059,-0.1849,-0.2478,-0.2809,-0.2961,-0.3,-0.2904,-0.2725,-0.2658,-0.2877,-0.3373,-0.4008,-0.4654,-0.5253,-0.5805,-0.6328,-0.6841,-0.7348,-0.783,-0.8239,-0.8507,-0.8558,-0.8333,-0.7804,-0.6988,-0.5946,-0.477,-0.3572,-0.2462,-0.153,-0.0829,-0.0369,-0.0128,-0.0062,-0.0123,-0.0266,-0.0457,-0.0671
-0.0298,-0.0559,-0.0805,-0.102,-0.1187,-0.1291,-0.1316,-0.1254,-0.1113,-0.093,-0.0807,-0.09,-0.1311,-0.1903,-0.2402,-0.2689,-0.2786,-0.2692,-0.2388,-0.1985,-0.1774,-0.1981,-0.2564,-0.3317,-0.4071,-0.4754,-0.5357,-0.5897,-0.6392,-0.6846,-0.7243,-0.7546,-0.7701,-0.765,-0.7342,-0.6753,-0.5892,-0.4811,-0.3596,-0.2363,-0.1234,-0.0312,0.0344,0.0724,0.0862,0.0813,0.0638,0.0387,0.0101,-0.0195
-0.047,-0.0705,-0.0924,-0.1115,-0.1264,-0.1358,-0.1387,-0.1348,-0.1255,-0.1145,-0.1099,-0.1216,-0.1542,-0.198,-0.2358,-0.2574,-0.2589,-0.2362,-0.1873,-0.1284,-0.0968,-0.119,-0.1861,-0.2717,-0.3559,-0.4305,-0.4943,-0.5492,-0.5965,-0.6369,-0.6691,-0.6901,-0.6955,-0.6806,-0.6411,-0.5746,-0.4817,-0.3669,-0.2387,-0.1096,0.0068,0.0986,0.1591,0.1881,0.1901,0.1724,0.1422,0.1056,0.0668,0.0285
-0.0623,-0.0835,-0.1033,-0.1205,-0.1339,-0.1428,-0.1464,-0.145,-0.14,-0.1348,-0.1354,-0.1478,-0.1736,-0.2059,-0.2334,-0.2469,-0.24,-0.2062,-0.1441,-0.0734,-0.0362,-0.0602,-0.1331,-0.2249,-0.3141,-0.392,-0.4575,-0.5119,-0.5567,-0.5923,-0.6177,-0.6303,-0.6266,-0.6024,-0.5539,-0.4788,-0.3774,-0.2538,-0.1168,0.02,0.1411,0.2329,0.2881,0.3071,0.2963,0.2647,0.2212,0.1724,0.1231,0.076
-0.076,-0.0953,-0.1132,-0.1289,-0.1413,-0.15,-0.1545,-0.1553,-0.1538,-0.1529,-0.1567,-0.1687,-0.1891,-0.2129,-0.2318,-0.238,-0.2242,-0.1834,-0.1158,-0.0425,-0.0048,-0.0288,-0.1017,-0.1936,-0.283,-0.361,-0.4259,-0.4786,-0.5202,-0.551,-0.5701,-0.5752,-0.5631,-0.5302,-0.4728,-0.3887,-0.2777,-0.144,0.0031,0.1488,0.2754,0.3675,0.4171,0.4255,0.4013,0.3555,0.2983,0.2375,0.1778,0.1219
-0.0884,-0.106,-0.1224,-0.1368,-0.1485,-0.1571,-0.1625,-0.1651,-0.1664,-0.1684,-0.174,-0.1851,-0.2013,-0.2186,-0.2309,-0.2313,-0.213,-0.1703,-0.1049,-0.0371,-0.0029,-0.0247,-0.0917,-0.1777,-0.2627,-0.3375,-0.3997,-0.4494,-0.4872,-0.5132,-0.5263,-0.5246,-0.5049,-0.4639,-0.398,-0.3048,-0.1842,-0.0401,0.1174,0.2722,0.4044,0.4967,0.5406,0.5386,0.5012,0.4415,0.3713,0.2988,0.2293,0.1653
