docs/data/wind_grid.json
{"header": {"la1":42.1,"la2":41.55,"lo1":12.1,"lo2":12.95,"nx":50,"ny":50,"dx":0.01735,"dy":0.01122,"parameterCategory":2,"parameterNumber":3,"parameterNumberName":"northward_wind","parameterUnit":"m.s-1"}, "data":
[rows 0 to 39 of 50, columns 0 to 49 of 50]
-3.7475,-3.7458,-3.7437,-3.7414,-3.7387,-3.7357,-3.7323,-3.7286,-3.7245,-3.7202,-3.7155,-3.7105,-3.7053,-3.6999,-3.6944,-3.6887,-3.6831,-3.6774,-3.6718,-3.6661,-3.6604,-3.6546,-3.6484,-3.6417,-3.6343,-3.626,-3.6163,-3.605,-3.5919,-3.5767,-3.5592,-3.5394,-3.5174,-3.4936,-3.4687,-3.4434,-3.4189,-3.3963,-3.3767,-3.3611,-3.3501,-3.3437,-3.3418,-3.3439,-3.3492,-3.3571,-3.3668,-3.3777,-3.3893,-3.4012
-3.7501,-3.7484,-3.7463,-3.744,-3.7413,-3.7383,-3.7349,-3.7311,-3.7269,-3.7224,-3.7175,-3.7123,-3.7069,-3.7012,-3.6955,-3.6896,-3.6838,-3.678,-3.6722,-3.6665,-3.6609,-3.6551,-3.6491,-3.6426,-3.6354,-3.6272,-3.6176,-3.6063,-3.593,-3.5773,-3.559,-3.538,-3.5145,-3.4888,-3.4615,-3.4337,-3.4066,-3.3816,-3.3602,-3.3433,-3.3317,-3.3254,-3.3243,-3.3276,-3.3344,-3.3439,-3.3552,-3.3677,-3.3807,-3.3939
-3.7528,-3.7511,-3.7491,-3.7468,-3.7441,-3.741,-3.7375,-3.7337,-3.7294,-3.7247,-3.7196,-3.7142,-3.7085,-3.7026,-3.6966,-3.6905,-3.6844,-3.6784,-3.6725,-3.6668,-3.6611,-3.6555,-3.6497,-3.6434,-3.6365,-3.6285,-3.6191,-3.6079,-3.5944,-3.5783,-3.5593,-3.5371,-3.512,-3.4842,-3.4544,-3.4237,-3.3937,-3.3661,-3.3425,-3.3242,-3.312,-3.306,-3.3058,-3.3105,-3.3191,-3.3304,-3.3436,-3.3577,-3.3723,-3.3868
-3.7555,-3.7539,-3.752,-3.7497,-3.747,-3.7439,-3.7404,-3.7364,-3.732,-3.7271,-3.7219,-3.7162,-3.7102,-3.704,-3.6977,-3.6913,-3.6849,-3.6787,-3.6727,-3.6668,-3.6612,-3.6557,-3.6501,-3.6442,-3.6376,-3.6299,-3.6208,-3.6097,-3.5962,-3.5798,-3.5601,-3.5369,-3.5101,-3.48,-3.4475,-3.4137,-3.3805,-3.3498,-3.3237,-3.3039,-3.2911,-3.2856,-3.2865,-3.293,-3.3035,-3.3169,-3.332,-3.348,-3.3642,-3.38
-3.7584,-3.7569,-3.755,-3.7528,-3.7501,-3.747,-3.7434,-3.7394,-3.7348,-3.7298,-3.7243,-3.7183,-3.712,-3.7055,-3.6988,-3.692,-3.6853,-3.6788,-3.6726,-3.6667,-3.6611,-3.6557,-3.6504,-3.6448,-3.6386,-3.6314,-3.6227,-3.6119,-3.5985,-3.5819,-3.5616,-3.5373,-3.5089,-3.4765,-3.441,-3.4038,-3.3669,-3.3328,-3.304,-3.2824,-3.2691,-3.2641,-3.2666,-3.275,-3.2878,-3.3035,-3.3208,-3.3387,-3.3565,-3.3738
-3.7614,-3.76,-3.7582,-3.756,-3.7534,-3.7502,-3.7466,-3.7425,-3.7378,-3.7326,-3.7268,-3.7206,-3.714,-3.707,-3.6999,-3.6927,-3.6856,-3.6787,-3.6723,-3.6662,-3.6606,-3.6554,-3.6504,-3.6452,-3.6396,-3.6329,-3.6247,-3.6143,-3.6012,-3.5845,-3.5639,-3.5386,-3.5086,-3.4739,-3.4353,-3.3943,-3.3534,-3.3154,-3.2835,-3.26,-3.2462,-3.242,-3.2462,-3.2569,-3.2723,-3.2905,-3.31,-3.3299,-3.3494,-3.3682
-3.7645,-3.7632,-3.7615,-3.7594,-3.7568,-3.7537,-3.7501,-3.7458,-3.741,-3.7356,-3.7296,-3.723,-3.716,-3.7086,-3.701,-3.6933,-3.6857,-3.6785,-3.6717,-3.6655,-3.6599,-3.6548,-3.6501,-3.6454,-3.6404,-3.6344,-3.6268,-3.6171,-3.6043,-3.5879,-3.567,-3.541,-3.5095,-3.4724,-3.4306,-3.3856,-3.3402,-3.298,-3.2626,-3.237,-3.2227,-3.2195,-3.2258,-3.2391,-3.2573,-3.2781,-3.3,-3.322,-3.3432,-3.3633
-3.7678,-3.7666,-3.765,-3.7629,-3.7604,-3.7574,-3.7537,-3.7494,-3.7445,-3.7388,-3.7325,-3.7256,-3.7182,-3.7103,-3.7021,-3.6939,-3.6857,-3.678,-3.6708,-3.6643,-3.6587,-3.6538,-3.6494,-3.6453,-3.641,-3.6358,-3.629,-3.62,-3.6079,-3.5919,-3.571,-3.5445,-3.5118,-3.4726,-3.4275,-3.3783,-3.3281,-3.2811,-3.2418,-3.214,-3.1993,-3.1973,-3.2058,-3.2221,-3.2432,-3.2668,-3.2912,-3.3151,-3.3379,-3.3593
-3.7711,-3.7701,-3.7686,-3.7667,-3.7643,-3.7612,-3.7576,-3.7533,-3.7482,-3.7424,-3.7358,-3.7285,-3.7206,-3.7121,-3.7033,-3.6944,-3.6856,-3.6772,-3.6695,-3.6627,-3.657,-3.6522,-3.6483,-3.6449,-3.6413,-3.637,-3.6313,-3.6232,-3.612,-3.5966,-3.5761,-3.5495,-3.5158,-3.4747,-3.4265,-3.373,-3.3177,-3.2655,-3.222,-3.1916,-3.1765,-3.176,-3.1871,-3.2065,-3.2307,-3.2571,-3.2837,-3.3095,-3.3339,-3.3564
-3.7746,-3.7737,-3.7724,-3.7706,-3.7683,-3.7654,-3.7618,-3.7574,-3.7522,-3.7462,-3.7393,-3.7317,-3.7232,-3.7141,-3.7046,-3.6949,-3.6854,-3.6762,-3.6679,-3.6607,-3.6548,-3.6501,-3.6467,-3.6439,-3.6413,-3.6381,-3.6335,-3.6266,-3.6165,-3.6021,-3.5823,-3.5559,-3.5218,-3.4792,-3.4282,-3.3705,-3.3099,-3.2522,-3.2041,-3.1712,-3.1557,-3.1566,-3.1705,-3.193,-3.2203,-3.2492,-3.2781,-3.3056,-3.3312,-3.3547
-3.7782,-3.7775,-3.7764,-3.7748,-3.7726,-3.7698,-3.7662,-3.7619,-3.7566,-3.7504,-3.7433,-3.7352,-3.7262,-3.7164,-3.7061,-3.6956,-3.6851,-3.675,-3.6659,-3.6581,-3.6519,-3.6474,-3.6444,-3.6424,-3.6408,-3.6388,-3.6356,-3.6301,-3.6214,-3.6083,-3.5897,-3.5641,-3.53,-3.4865,-3.4333,-3.3718,-3.306,-3.2427,-3.1898,-3.154,-3.1381,-3.1406,-3.1571,-3.1826,-3.2126,-3.2439,-3.2746,-3.3035,-3.3301,-3.3544
-3.782,-3.7815,-3.7806,-3.7792,-3.7772,-3.7745,-3.771,-3.7667,-3.7614,-3.755,-3.7476,-3.7391,-3.7295,-3.719,-3.7079,-3.6963,-3.6847,-3.6736,-3.6636,-3.655,-3.6484,-3.6439,-3.6414,-3.6403,-3.6399,-3.6393,-3.6375,-3.6337,-3.6266,-3.6153,-3.5983,-3.574,-3.5408,-3.4972,-3.4425,-3.3778,-3.3073,-3.2384,-3.1806,-3.1418,-3.1253,-3.1292,-3.1481,-3.1761,-3.2084,-3.2416,-3.2736,-3.3035,-3.3308,-3.3555
-3.7858,-3.7856,-3.7849,-3.7838,-3.782,-3.7795,-3.7762,-3.7719,-3.7666,-3.7601,-3.7524,-3.7435,-3.7333,-3.7221,-3.7099,-3.6972,-3.6844,-3.6721,-3.6609,-3.6514,-3.6443,-3.6397,-3.6377,-3.6376,-3.6385,-3.6394,-3.6393,-3.6373,-3.6322,-3.623,-3.6081,-3.5859,-3.5544,-3.5117,-3.4565,-3.3897,-3.3152,-3.2413,-3.1787,-3.1368,-3.1194,-3.1241,-3.1447,-3.1745,-3.2084,-3.2427,-3.2755,-3.3059,-3.3334,-3.3582
-3.7898,-3.7899,-3.7895,-3.7886,-3.7871,-3.7848,-3.7817,-3.7776,-3.7723,-3.7657,-3.7578,-3.7485,-3.7377,-3.7256,-3.7125,-3.6985,-3.6843,-3.6706,-3.658,-3.6473,-3.6394,-3.6347,-3.6332,-3.6342,-3.6366,-3.6392,-3.6409,-3.6409,-3.6381,-3.6314,-3.6192,-3.5997,-3.5708,-3.5301,-3.4759,-3.4083,-3.331,-3.253,-3.1861,-3.141,-3.1222,-3.1268,-3.1481,-3.1786,-3.213,-3.2476,-3.2804,-3.3107,-3.338,-3.3625
-3.7939,-3.7943,-3.7942,-3.7936,-3.7924,-3.7905,-3.7876,-3.7837,-3.7785,-3.7719,-3.7638,-3.7541,-3.7428,-3.7299,-3.7156,-3.7003,-3.6846,-3.6692,-3.6549,-3.6429,-3.6339,-3.6289,-3.628,-3.6302,-3.6342,-3.6387,-3.6424,-3.6446,-3.6444,-3.6405,-3.6316,-3.6156,-3.5903,-3.5528,-3.501,-3.4342,-3.3558,-3.2749,-3.2044,-3.1562,-3.1353,-3.1387,-3.1591,-3.189,-3.2226,-3.2564,-3.2885,-3.318,-3.3446,-3.3685
-3.7981,-3.7988,-3.7991,-3.7989,-3.7981,-3.7965,-3.7939,-3.7902,-3.7852,-3.7787,-3.7705,-3.7605,-3.7486,-3.7349,-3.7195,-3.7028,-3.6854,-3.6682,-3.6521,-3.6383,-3.628,-3.6226,-3.6222,-3.6259,-3.6317,-3.638,-3.6438,-3.6484,-3.6509,-3.6503,-3.6452,-3.6335,-3.6127,-3.5797,-3.5318,-3.4676,-3.39,-3.3079,-3.2348,-3.1834,-3.1595,-3.1602,-3.1782,-3.2058,-3.2373,-3.2693,-3.2997,-3.3277,-3.3532,-3.376
-3.8024,-3.8035,-3.8042,-3.8044,-3.804,-3.8028,-3.8007,-3.7973,-3.7926,-3.7862,-3.778,-3.7678,-3.7554,-3.7409,-3.7243,-3.7062,-3.687,-3.6678,-3.6497,-3.634,-3.6222,-3.616,-3.6163,-3.6216,-3.6292,-3.6374,-3.6453,-3.6523,-3.6578,-3.6608,-3.66,-3.6533,-3.638,-3.6107,-3.568,-3.5082,-3.4332,-3.3516,-3.277,-3.2226,-3.1948,-3.1913,-3.205,-3.2288,-3.2569,-3.2859,-3.3139,-3.3398,-3.3635,-3.385
-3.8068,-3.8083,-3.8094,-3.8101,-3.8102,-3.8095,-3.8078,-3.8049,-3.8006,-3.7945,-3.7864,-3.776,-3.7633,-3.748,-3.7304,-3.7107,-3.6897,-3.6685,-3.6484,-3.6306,-3.617,-3.6098,-3.6108,-3.6179,-3.6273,-3.6372,-3.647,-3.6565,-3.6651,-3.6721,-3.6761,-3.6751,-3.666,-3.6452,-3.609,-3.5549,-3.4842,-3.4046,-3.3295,-3.2724,-3.2399,-3.2308,-3.2388,-3.2573,-3.2808,-3.3059,-3.3307,-3.354,-3.3756,-3.3953
-3.8113,-3.8132,-3.8148,-3.816,-3.8166,-3.8165,-3.8154,-3.8131,-3.8092,-3.8035,-3.7956,-3.7853,-3.7723,-3.7565,-3.7378,-3.7166,-3.6938,-3.6705,-3.6484,-3.629,-3.6136,-3.6053,-3.6069,-3.6156,-3.6263,-3.6376,-3.6491,-3.661,-3.6729,-3.6841,-3.6934,-3.6985,-3.6963,-3.6828,-3.6537,-3.6061,-3.5406,-3.4642,-3.3896,-3.3298,-3.2923,-3.2767,-3.278,-3.2902,-3.3082,-3.3287,-3.3497,-3.37,-3.3891,-3.4068
-3.8157,-3.8181,-3.8202,-3.822,-3.8233,-3.8238,-3.8234,-3.8217,-3.8185,-3.8133,-3.8057,-3.7956,-3.7825,-3.7663,-3.7469,-3.7243,-3.6996,-3.6742,-3.6503,-3.6296,-3.6134,-3.6042,-3.6062,-3.6155,-3.6268,-3.6388,-3.6518,-3.6659,-3.6811,-3.6968,-3.7117,-3.7234,-3.7283,-3.7223,-3.7005,-3.6595,-3.5996,-3.5269,-3.4533,-3.3914,-3.3489,-3.3266,-3.3207,-3.326,-3.3381,-3.3536,-3.3704,-3.3874,-3.4038,-3.4193
-3.8202,-3.8231,-3.8258,-3.8282,-3.8302,-3.8315,-3.8318,-3.8309,-3.8284,-3.8238,-3.8168,-3.8071,-3.7941,-3.7778,-3.7577,-3.734,-3.7073,-3.6798,-3.654,-3.6326,-3.6168,-3.6082,-3.6097,-3.6179,-3.6285,-3.6408,-3.655,-3.6713,-3.6897,-3.71,-3.7307,-3.7491,-3.7613,-3.7624,-3.7474,-3.7126,-3.6578,-3.5889,-3.5167,-3.4533,-3.4064,-3.3778,-3.3649,-3.3634,-3.3694,-3.3797,-3.3923,-3.4058,-3.4193,-3.4325
-3.8247,-3.8281,-3.8314,-3.8345,-3.8372,-3.8393,-3.8406,-3.8406,-3.839,-3.8352,-3.8289,-3.8196,-3.807,-3.7908,-3.7705,-3.7459,-3.7174,-3.6873,-3.6592,-3.6366,-3.6217,-3.6147,-3.6152,-3.6213,-3.631,-3.6435,-3.6587,-3.677,-3.6987,-3.7234,-3.7498,-3.7747,-3.7938,-3.8014,-3.7922,-3.7623,-3.7119,-3.6464,-3.5761,-3.512,-3.4617,-3.4277,-3.4086,-3.4008,-3.401,-3.4064,-3.4147,-3.4247,-3.4354,-3.4462
-3.8291,-3.833,-3.8369,-3.8407,-3.8443,-3.8473,-3.8496,-3.8507,-3.8501,-3.8473,-3.8418,-3.8331,-3.8212,-3.8054,-3.7854,-3.7602,-3.7301,-3.6972,-3.6656,-3.6401,-3.6236,-3.6165,-3.6173,-3.6235,-3.6334,-3.6466,-3.6629,-3.6831,-3.7077,-3.7366,-3.7682,-3.7992,-3.8242,-3.8371,-3.8322,-3.806,-3.759,-3.6967,-3.6286,-3.5648,-3.5125,-3.4745,-3.4502,-3.437,-3.4321,-3.4328,-3.4372,-3.4438,-3.4517,-3.4602
-3.8334,-3.8379,-3.8425,-3.847,-3.8514,-3.8555,-3.8589,-3.8611,-3.8617,-3.86,-3.8554,-3.8476,-3.8363,-3.8214,-3.8021,-3.7772,-3.7459,-3.7098,-3.6736,-3.643,-3.6218,-3.6122,-3.615,-3.6241,-3.6358,-3.65,-3.6676,-3.6894,-3.7165,-3.7489,-3.785,-3.8209,-3.8505,-3.8671,-3.8651,-3.8414,-3.7971,-3.7379,-3.6726,-3.6101,-3.5572,-3.5167,-3.4886,-3.4711,-3.4618,-3.4584,-3.4592,-3.4627,-3.468,-3.4742
-3.8376,-3.8426,-3.8479,-3.8532,-3.8585,-3.8637,-3.8683,-3.8719,-3.8738,-3.8734,-3.8698,-3.8627,-3.8521,-3.8382,-3.8205,-3.7968,-3.7651,-3.726,-3.6845,-3.6477,-3.6211,-3.6092,-3.6132,-3.625,-3.6387,-3.6542,-3.6727,-3.6958,-3.7247,-3.7597,-3.799,-3.8382,-3.8708,-3.8895,-3.889,-3.8669,-3.8251,-3.7693,-3.7074,-3.6474,-3.5952,-3.5536,-3.523,-3.5023,-3.4895,-3.4828,-3.4804,-3.4812,-3.484,-3.4882
-3.8416,-3.8472,-3.8531,-3.8592,-3.8655,-3.8718,-3.8777,-3.8828,-3.8863,-3.8873,-3.8848,-3.8783,-3.8681,-3.8554,-3.8398,-3.8185,-3.7877,-3.7464,-3.6998,-3.657,-3.6261,-3.6127,-3.6163,-3.6286,-3.6432,-3.6593,-3.6784,-3.7022,-3.732,-3.7683,-3.8092,-3.85,-3.8836,-3.903,-3.903,-3.8823,-3.8432,-3.7912,-3.7334,-3.6768,-3.6264,-3.585,-3.5532,-3.5303,-3.5149,-3.5055,-3.5005,-3.4988,-3.4995,-3.5018
-3.8454,-3.8515,-3.858,-3.865,-3.8722,-3.8796,-3.8869,-3.8936,-3.8989,-3.9016,-3.9003,-3.8942,-3.884,-3.872,-3.8589,-3.8414,-3.8131,-3.7711,-3.7205,-3.6729,-3.6387,-3.6235,-3.6251,-3.6359,-3.6498,-3.6657,-3.6846,-3.7083,-3.7381,-3.7744,-3.8152,-3.8555,-3.8885,-3.9073,-3.9075,-3.8882,-3.8522,-3.8045,-3.7515,-3.6989,-3.6513,-3.611,-3.5791,-3.555,-3.5379,-3.5263,-3.5193,-3.5155,-3.5143,-3.5149
-3.8489,-3.8555,-3.8627,-3.8703,-3.8785,-3.8871,-3.8958,-3.9043,-3.9116,-3.9162,-3.9164,-3.9104,-3.8993,-3.8871,-3.8767,-3.8639,-3.8397,-3.7985,-3.7458,-3.6949,-3.6581,-3.6403,-3.6387,-3.6465,-3.6585,-3.6732,-3.6913,-3.7141,-3.7429,-3.7778,-3.8168,-3.8551,-3.8861,-3.9036,-3.9038,-3.8862,-3.8537,-3.8107,-3.7628,-3.7148,-3.6705,-3.6322,-3.6009,-3.5765,-3.5582,-3.5453,-3.5366,-3.5312,-3.5284,-3.5275
-3.8522,-3.8592,-3.8669,-3.8753,-3.8843,-3.894,-3.9042,-3.9144,-3.9239,-3.9309,-3.9329,-3.9271,-3.9139,-3.8999,-3.8915,-3.8839,-3.8646,-3.8259,-3.773,-3.7206,-3.6817,-3.6609,-3.6555,-3.6596,-3.6689,-3.6818,-3.6983,-3.7195,-3.7464,-3.7789,-3.8148,-3.8498,-3.8779,-3.8936,-3.8938,-3.8783,-3.8495,-3.8115,-3.7688,-3.7255,-3.6849,-3.6491,-3.6191,-3.5949,-3.5762,-3.5623,-3.5524,-3.5457,-3.5416,-3.5395
-3.8551,-3.8625,-3.8707,-3.8797,-3.8895,-3.9002,-3.9117,-3.9237,-3.9354,-3.9451,-3.9497,-3.9445,-3.9282,-3.91,-3.9021,-3.8992,-3.8848,-3.8495,-3.7985,-3.7466,-3.7065,-3.683,-3.6737,-3.6741,-3.6803,-3.6908,-3.7053,-3.7245,-3.7488,-3.778,-3.8101,-3.841,-3.8658,-3.8796,-3.8798,-3.8664,-3.8414,-3.8083,-3.7707,-3.7322,-3.6954,-3.6623,-3.6339,-3.6105,-3.5918,-3.5774,-3.5667,-3.5591,-3.554,-3.5508
-3.8576,-3.8654,-3.8739,-3.8834,-3.8939,-3.9054,-3.9181,-3.9316,-3.9455,-3.9581,-3.9658,-3.9623,-3.9425,-3.9175,-3.908,-3.9084,-3.8978,-3.8664,-3.8192,-3.7697,-3.73,-3.7045,-3.6919,-3.6888,-3.692,-3.7,-3.7122,-3.7289,-3.7503,-3.7758,-3.8037,-3.8304,-3.8516,-3.8634,-3.8637,-3.8524,-3.831,-3.8025,-3.7697,-3.7357,-3.7027,-3.6725,-3.646,-3.6236,-3.6053,-3.5908,-3.5796,-3.5713,-3.5654,-3.5614
-3.8597,-3.8677,-3.8766,-3.8865,-3.8974,-3.9096,-3.9231,-3.9379,-3.9535,-3.9686,-3.9796,-3.9787,-3.9566,-3.9238,-3.9103,-3.9113,-3.9031,-3.8757,-3.8335,-3.7883,-3.7502,-3.7239,-3.709,-3.703,-3.7035,-3.7089,-3.7187,-3.7328,-3.7511,-3.7729,-3.7966,-3.819,-3.8368,-3.8468,-3.8471,-3.8376,-3.8196,-3.7951,-3.7668,-3.7369,-3.7076,-3.6802,-3.6557,-3.6346,-3.6169,-3.6025,-3.5912,-3.5824,-3.5759,-3.5713
-3.8614,-3.8696,-3.8787,-3.8888,-3.9,-3.9126,-3.9266,-3.942,-3.9586,-3.9753,-3.9885,-3.9901,-3.9678,-3.93,-3.9113,-3.9099,-3.9022,-3.8785,-3.842,-3.8018,-3.7666,-3.7406,-3.7242,-3.7161,-3.7142,-3.7173,-3.7247,-3.7362,-3.7515,-3.7697,-3.7894,-3.8079,-3.8226,-3.8308,-3.8311,-3.8231,-3.8079,-3.7871,-3.7627,-3.7366,-3.7106,-3.6859,-3.6634,-3.6437,-3.6268,-3.6128,-3.6015,-3.5925,-3.5856,-3.5804
-3.8627,-3.8709,-3.8801,-3.8903,-3.9016,-3.9143,-3.9283,-3.9439,-3.9606,-3.9774,-3.9909,-3.9931,-3.9723,-3.9351,-3.9127,-3.9068,-3.8981,-3.8774,-3.8461,-3.8111,-3.7792,-3.7543,-3.7374,-3.7277,-3.724,-3.725,-3.7303,-3.7393,-3.7517,-3.7666,-3.7826,-3.7977,-3.8095,-3.8161,-3.8162,-3.8095,-3.7967,-3.7789,-3.7579,-3.7352,-3.7122,-3.69,-3.6695,-3.6512,-3.6353,-3.6218,-3.6106,-3.6016,-3.5944,-3.5889
-3.8635,-3.8718,-3.8809,-3.891,-3.9022,-3.9147,-3.9285,-3.9435,-3.9595,-3.975,-3.9869,-3.9879,-3.9693,-3.9371,-3.914,-3.9037,-3.893,-3.8742,-3.8473,-3.817,-3.7886,-3.7653,-3.7485,-3.7379,-3.7327,-3.732,-3.7353,-3.7421,-3.7518,-3.7636,-3.7764,-3.7885,-3.7979,-3.803,-3.8029,-3.7971,-3.7862,-3.7711,-3.753,-3.7331,-3.7128,-3.693,-3.6744,-3.6575,-3.6425,-3.6296,-3.6187,-3.6097,-3.6025,-3.5967
-3.8639,-3.8721,-3.8811,-3.891,-3.9019,-3.9139,-3.9271,-3.9411,-3.9556,-3.9691,-3.9783,-3.9776,-3.9615,-3.9354,-3.9139,-3.9006,-3.8881,-3.8704,-3.8469,-3.8206,-3.7954,-3.7739,-3.7576,-3.7465,-3.7403,-3.7382,-3.7398,-3.7445,-3.7519,-3.7611,-3.7711,-3.7805,-3.7877,-3.7916,-3.7912,-3.7861,-3.7767,-3.7637,-3.7481,-3.7308,-3.7128,-3.6951,-3.6782,-3.6626,-3.6487,-3.6364,-3.6259,-3.6171,-3.6098,-3.6039
-3.8639,-3.8719,-3.8807,-3.8902,-3.9007,-3.9121,-3.9243,-3.9371,-3.9498,-3.9608,-3.9674,-3.9653,-3.9519,-3.9311,-3.9119,-3.8973,-3.8836,-3.8666,-3.8457,-3.8227,-3.8002,-3.7806,-3.765,-3.7538,-3.7468,-3.7436,-3.7437,-3.7467,-3.752,-3.7589,-3.7665,-3.7736,-3.7791,-3.7818,-3.781,-3.7765,-3.7683,-3.7571,-3.7434,-3.7283,-3.7124,-3.6965,-3.6812,-3.6669,-3.6539,-3.6424,-3.6323,-3.6237,-3.6165,-3.6105
-3.8635,-3.8713,-3.8797,-3.8889,-3.8988,-3.9094,-3.9206,-3.9319,-3.9426,-3.9514,-3.9557,-3.9529,-3.9417,-3.925,-3.9082,-3.8936,-3.8793,-3.863,-3.8441,-3.8236,-3.8036,-3.7856,-3.7709,-3.7599,-3.7524,-3.7483,-3.7472,-3.7487,-3.7522,-3.7571,-3.7626,-3.7679,-3.7718,-3.7735,-3.7724,-3.7682,-3.761,-3.7511,-3.7392,-3.7258,-3.7117,-3.6975,-3.6836,-3.6705,-3.6584,-3.6476,-3.638,-3.6296,-3.6225,-3.6165
-3.8628,-3.8702,-3.8783,-3.887,-3.8962,-3.906,-3.916,-3.9259,-3.9348,-3.9415,-3.9443,-3.9412,-3.9318,-3.9181,-3.9034,-3.8893,-3.8751,-3.8595,-3.8422,-3.8239,-3.8058,-3.7894,-3.7756,-3.7648,-3.7571,-3.7523,-3.7502,-3.7504,-3.7524,-3.7556,-3.7595,-3.7631,-3.7656,-3.7665,-3.765,-3.7611,-3.7546,-3.7459,-3.7353,-3.7235,-3.7109,-3.6981,-3.6856,-3.6735,-3.6623,-3.6521,-3.643,-3.635,-3.628,-3.6221
-3.8617,-3.8688,-3.8765,-3.8846,-3.8932,-3.902,-3.9109,-3.9194,-3.9267,-3.9318,-3.9334,-3.9303,-3.9223,-3.9108,-3.8978,-3.8845,-3.8709,-3.8561,-3.8402,-3.8236,-3.8072,-3.7922,-3.7792,-3.7688,-3.761,-3.7558,-3.7528,-3.7519,-3.7527,-3.7545,-3.7569,-3.7591,-3.7606,-3.7606,-3.7589,-3.755,-3.7491,-3.7413,-3.7319,-3.7214,-3.7101,-3.6986,-3.6871,-3.6761,-3.6657,-3.6561,-3.6475,-3.6398,-3.633,-3.6272
