docs/data/wind_grid.json
[{"header":{"la1":42.85,"la2":41.18,"lo1":11.55,"lo2":14.05,"nx":36,"ny":24,"dx":0.07143,"dy":0.07261,"parameterCategory":2,"parameterNumber":2,"parameterNumberName":"eastward_wind","parameterUnit":"m.s-1"},"data":[-0.3117,-0.3197,-0.3286,-0.3381,-0.3478,-0.3566,-0.3633,-0.3665,-0.3654,-0.3603,-0.3525,-0.3441,-0.3367,-0.3316,-0.329,-0.3286,-0.3299,-0.332,-0.3341,-0.3356,-0.3362,-0.3359,-0.3348,-0.3332,-0.3312,-0.329,-0.3267,-0.3244,-0.3221,-0.3199,-0.3178,-0.3158,-0.3138,-0.312,-0.3102,-0.3086,-0.314,-0.3236,-0.3348,-0.3474,-0.3611,-0.3744,-0.3853,-0.391,-0.3893,-0.3806,-0.3674,-0.3536,-0.3421,-0.3347,-0.3313,-0.3315,-0.334,-0.3376,-0.3408,-0.3429,-0.3436,-0.3429,-0.3412,-0.3388,-0.3361,-0.3332,-0.3304,-0.3276,-0.3249,-0.3223,-0.3199,-0.3176,-0.3155,-0.3134,-0.3115,-0.3097,-0.3155,-0.3268,-0.3406,-0.3573,-0.3767,-0.3975,-0.4163,-0.4275,-0.4258,-0.4106,-0.3877,-0.3647,-0.347,-0.3364,-0.3326,-0.334,-0.3387,-0.3446,-0.3496,-0.3524,-0.3527,-0.3512,-0.3484,-0.3451,-0.3414,-0.3378,-0.3342,-0.3308,-0.3277,-0.3247,-0.322,-0.3195,-0.3171,-0.3149,-0.3128,-0.3108,-0.3158,-0.3287,-0.3452,-0.3665,-0.3937,-0.4263,-0.4602,-0.4844,-0.4844,-0.4568,-0.4152,-0.3767,-0.3499,-0.3357,-0.3319,-0.3358,-0.3441,-0.3537,-0.3612,-0.3646,-0.364,-0.3609,-0.3566,-0.3519,-0.3471,-0.3425,-0.3381,-0.3341,-0.3305,-0.3272,-0.3241,-0.3213,-0.3187,-0.3162,-0.3139,-0.3118,-0.3144,-0.3283,-0.3469,-0.3726,-0.4086,-0.4582,-0.5195,-0.574,-0.5822,-0.5281,-0.4498,-0.3863,-0.3478,-0.3305,-0.3283,-0.3364,-0.3504,-0.3656,-0.3765,-0.3798,-0.377,-0.3716,-0.3654,-0.3591,-0.353,-0.3473,-0.3421,-0.3374,-0.3332,-0.3295,-0.3262,-0.3231,-0.3202,-0.3176,-0.3151,-0.3127,-0.311,-0.3249,-0.3442,-0.3722,-0.415,-0.4823,-0.5843,-0.7028,-0.7382,-0.6256,-0.4805,-0.3845,-0.336,-0.3185,-0.3205,-0.335,-0.3565,-0.3788,-0.3934,-0.3952,-0.3895,-0.3822,-0.3744,-0.3666,-0.359,-0.352,-0.3458,-0.3405,-0.3358,-0.3318,-0.3281,-0.3248,-0.3217,-0.3188,-0.3161,-0.3135,-0.3055,-0.3184,-0.3362,-0.3625,-0.4045,-0.4773,-0.6074,-0.8024,-0.8858,-0.6849,-0.4706,-0.3573,-0.3097,-0.2978,-0.3074,-0.3305,-0.3603,-0.3879,-0.4025,-0.4028,-0.3984,-0.3921,-0.3837,-0.3741,-0.3648,-0.3564,-0.3493,-0.3433,-0.3383,-0.3339,-0.33,-0.3264,-0.3231,-0.3199,-0.3169,-0.3141,-0.2985,-0.3092,-0.3237,-0.3441,-0.3754,-0.4289,-0.5263,-0.678,-0.7354,-0.5533,-0.3801,-0.2975,-0.268,-0.2678,-0.2881,-0.323,-0.3629,-0.3936,-0.4047,-0.407,-0.4089,-0.4046,-0.3944,-0.3821,-0.3703,-0.3603,-0.3522,-0.3457,-0.3405,-0.336,-0.3319,-0.328,-0.3244,-0.3209,-0.3176,-0.3145,-0.2905,-0.299,-0.3094,-0.3223,-0.3385,-0.3593,-0.3855,-0.4053,-0.3736,-0.2914,-0.2386,-0.2195,-0.2166,-0.229,-0.2617,-0.3142,-0.3744,-0.4204,-0.4389,-0.4419,-0.4383,-0.426,-0.4082,-0.3902,-0.3749,-0.3631,-0.3543,-0.3478,-0.3425,-0.338,-0.3338,-0.3296,-0.3256,-0.3216,-0.3179,-0.3145,-0.2826,-0.2892,-0.2966,-0.3043,-0.3104,-0.3097,-0.2895,-0.2228,-0.0953,-0.0355,-0.1014,-0.1484,-0.1636,-0.1799,-0.2236,-0.305,-0.4094,-0.4988,-0.5375,-0.528,-0.4957,-0.458,-0.4237,-0.3966,-0.3771,-0.364,-0.3554,-0.3494,-0.3447,-0.3404,-0.3359,-0.3313,-0.3266,-0.322,-0.3177,-0.3139,-0.2751,-0.2807,-0.2872,-0.2941,-0.3002,-0.3013,-0.283,-0.191,0.0988,0.2334,-0.0123,-0.105,-0.1133,-0.1123,-0.1615,-0.2918,-0.4875,-0.6785,-0.7449,-0.6782,-0.5765,-0.4926,-0.4343,-0.397,-0.3748,-0.3623,-0.3554,-0.3511,-0.3475,-0.3434,-0.3386,-0.3331,-0.3273,-0.3217,-0.3167,-0.3125,-0.2681,-0.2734,-0.2804,-0.2898,-0.3036,-0.325,-0.3568,-0.3616,-0.1258,0.0638,-0.0559,-0.0943,-0.0697,-0.0216,-0.0659,-0.2754,-0.6365,-1.0881,-1.169,-0.8947,-0.6541,-0.5085,-0.4275,-0.3853,-0.3654,-0.3575,-0.3551,-0.3541,-0.352,-0.348,-0.342,-0.3348,-0.3273,-0.3202,-0.3143,-0.3096,-0.2611,-0.2662,-0.2738,-0.2858,-0.3064,-0.3445,-0.4158,-0.5092,-0.4069,-0.1958,-0.1219,-0.0957,-0.0623,0.02,-0.0131,-0.2962,-0.7954,-1.7196,-1.7323,-1.0438,-0.6565,-0.4714,-0.3881,-0.3559,-0.3483,-0.3513,-0.3569,-0.3606,-0.36,-0.355,-0.3465,-0.336,-0.3256,-0.3165,-0.3095,-0.3046,-0.2537,-0.2583,-0.2653,-0.277,-0.297,-0.3321,-0.3884,-0.4487,-0.3881,-0.2213,-0.1286,-0.0948,-0.0815,-0.0128,-0.1181,-0.4061,-0.786,-1.2923,-1.3411,-0.8426,-0.5033,-0.3503,-0.306,-0.3084,-0.3269,-0.3482,-0.3654,-0.3745,-0.3743,-0.3658,-0.3518,-0.3355,-0.3203,-0.3085,-0.3006,-0.2962,-0.2458,-0.2491,-0.2542,-0.2626,-0.2757,-0.2951,-0.3172,-0.3206,-0.2626,-0.1641,-0.1011,-0.0849,-0.0592,-0.006,-0.1718,-0.6515,-1.0776,-0.8286,-0.7004,-0.4467,-0.2022,-0.1369,-0.1875,-0.2533,-0.3112,-0.3576,-0.3886,-0.4019,-0.3983,-0.3815,-0.3566,-0.3301,-0.3078,-0.2928,-0.2853,-0.2831,-0.2375,-0.239,-0.2415,-0.2452,-0.25,-0.2542,-0.2521,-0.2311,-0.1792,-0.1041,-0.0313,-0.0834,-0.0732,-0.0668,-0.1891,-0.5613,-0.8745,-0.5895,-0.3628,-0.1266,0.1655,0.1175,-0.0762,-0.2161,-0.3185,-0.394,-0.4387,-0.4511,-0.4363,-0.4022,-0.3577,-0.3138,-0.2812,-0.2643,-0.2606,-0.2641,-0.2292,-0.2288,-0.2285,-0.2279,-0.2262,-0.2211,-0.2086,-0.183,-0.1411,-0.0866,-0.0357,-0.0519,-0.0048,0.0215,-0.0967,-0.239,-0.3274,-0.2238,-0.0928,0.0026,0.2185,0.1557,-0.056,-0.2262,-0.368,-0.4768,-0.5316,-0.5313,-0.492,-0.4271,-0.3487,-0.2759,-0.2299,-0.2164,-0.224,-0.239,-0.2213,-0.2193,-0.2167,-0.213,-0.2072,-0.1978,-0.1824,-0.159,-0.128,-0.0936,-0.0657,-0.0417,0.0214,0.0459,0.0495,0.0448,-0.0379,0.0391,0.162,0.0529,0.0426,0.0054,-0.1178,-0.282,-0.4664,-0.6219,-0.6787,-0.6446,-0.5652,-0.4546,-0.323,-0.2044,-0.1445,-0.147,-0.1781,-0.2112,-0.2142,-0.2108,-0.2066,-0.201,-0.1932,-0.1822,-0.167,-0.1471,-0.1233,-0.0978,-0.0726,-0.043,-0.0,0.0746,0.3105,0.4075,0.1252,0.0791,0.1252,0.0648,0.01,-0.0554,-0.1644,-0.3402,-0.5788,-0.7947,-0.839,-0.7639,-0.6489,-0.4879,-0.2888,-0.1106,-0.0419,-0.0752,-0.1371,-0.1893,-0.208,-0.2037,-0.1985,-0.1918,-0.1832,-0.1721,-0.1581,-0.141,-0.1213,-0.0997,-0.0758,-0.0456,0.0007,0.0941,0.2814,0.3356,0.1421,0.0622,0.0776,0.0885,0.0244,-0.0455,-0.1521,-0.3463,-0.6221,-0.846,-0.8848,-0.8666,-0.7434,-0.5399,-0.2913,-0.0748,-0.0019,-0.0507,-0.1255,-0.1843,-0.2028,-0.198,-0.1922,-0.1851,-0.1764,-0.1658,-0.153,-0.1381,-0.121,-0.1019,-0.0798,-0.0517,-0.0115,0.0497,0.1214,0.135,0.0784,0.0427,0.0517,0.0569,0.0379,0.0312,-0.0355,-0.256,-0.5926,-0.917,-1.1724,-1.1003,-0.8623,-0.6119,-0.3618,-0.1609,-0.0804,-0.102,-0.1544,-0.2003,-0.1986,-0.1936,-0.1876,-0.1805,-0.172,-0.1621,-0.1505,-0.1373,-0.1224,-0.1055,-0.0861,-0.0626,-0.0332,0.0016,0.0317,0.0394,0.0261,0.0165,0.0228,0.0414,0.1013,0.2396,0.2569,-0.0477,-0.5052,-0.9966,-1.3756,-1.2313,-0.9201,-0.6618,-0.4474,-0.2868,-0.204,-0.1894,-0.2069,-0.2304,-0.1954,-0.1903,-0.1843,-0.1774,-0.1694,-0.1602,-0.1498,-0.1381,-0.1251,-0.1106,-0.0942,-0.0757,-0.055,-0.0341,-0.0177,-0.0104,-0.01,-0.0074,0.0069,0.0491,0.1679,0.4026,0.4706,0.1186,-0.3599,-0.7949,-1.0583,-1.024,-0.8395,-0.6515,-0.4928,-0.3724,-0.298,-0.2651,-0.2584,-0.2629,-0.1931,-0.188,-0.1822,-0.1756,-0.1682,-0.1598,-0.1505,-0.1402,-0.1289,-0.1166,-0.1032,-0.0888,-0.0741,-0.0601,-0.049,-0.0418,-0.0367,-0.0285,-0.0093,0.0361,0.1337,0.273,0.2897,0.0617,-0.2688,-0.5647,-0.745,-0.7746,-0.7025,-0.597,-0.4944,-0.4098,-0.3498,-0.314,-0.2964,-0.2897]},{"header":{"la1":42.85,"la2":41.18,"lo1":11.55,"lo2":14.05,"nx":36,"ny":24,"dx":0.07143,"dy":0.07261,"parameterCategory":2,"parameterNumber":3,"parameterNumberName":"northward_wind","parameterUnit":"m.s-1"},"data":[-0.6867,-0.6806,-0.6727,-0.6632,-0.6522,-0.6402,-0.6278,-0.6155,-0.6037,-0.5914,-0.5774,-0.5601,-0.5383,-0.5113,-0.4796,-0.4447,-0.4093,-0.3771,-0.3522,-0.3377,-0.3342,-0.3402,-0.3527,-0.3689,-0.3865,-0.404,-0.4208,-0.4364,-0.451,-0.4644,-0.4769,-0.4884,-0.4991,-0.5091,-0.5183,-0.5268,-0.6955,-0.689,-0.6802,-0.6691,-0.6557,-0.6408,-0.6257,-0.6119,-0.6001,-0.5894,-0.5772,-0.5605,-0.537,-0.5055,-0.4662,-0.4206,-0.3724,-0.3278,-0.2942,-0.2771,-0.2775,-0.2917,-0.3137,-0.3387,-0.3635,-0.3867,-0.4077,-0.4267,-0.4437,-0.4591,-0.4732,-0.4861,-0.4979,-0.5088,-0.5188,-0.528,-0.7057,-0.6989,-0.6891,-0.6758,-0.6588,-0.639,-0.6187,-0.6014,-0.5899,-0.5832,-0.576,-0.5624,-0.5383,-0.5019,-0.4529,-0.3923,-0.3245,-0.2592,-0.2108,-0.191,-0.2007,-0.2302,-0.2679,-0.3057,-0.3401,-0.37,-0.3957,-0.418,-0.4375,-0.4549,-0.4706,-0.4848,-0.4977,-0.5096,-0.5204,-0.5303,-0.7177,-0.711,-0.7003,-0.6844,-0.6622,-0.634,-0.603,-0.5772,-0.5655,-0.5679,-0.5724,-0.5663,-0.5436,-0.5025,-0.442,-0.3613,-0.2631,-0.1617,-0.0863,-0.0645,-0.0955,-0.1543,-0.217,-0.2725,-0.3182,-0.3553,-0.3857,-0.4111,-0.433,-0.4521,-0.4693,-0.4848,-0.4988,-0.5117,-0.5233,-0.5338,-0.7319,-0.726,-0.7151,-0.6969,-0.6685,-0.6274,-0.5754,-0.5277,-0.5124,-0.5358,-0.5658,-0.5744,-0.5553,-0.5102,-0.4379,-0.3331,-0.1911,-0.0262,0.1024,0.1224,0.0427,-0.0686,-0.1674,-0.2438,-0.301,-0.3445,-0.3787,-0.4067,-0.4304,-0.4511,-0.4695,-0.4863,-0.5014,-0.5152,-0.5277,-0.5388,-0.7486,-0.7447,-0.7352,-0.7167,-0.6834,-0.6273,-0.5413,-0.4429,-0.4105,-0.4826,-0.562,-0.5913,-0.5761,-0.5277,-0.4466,-0.3208,-0.1288,0.133,0.3611,0.3684,0.1934,0.0058,-0.1326,-0.2269,-0.2922,-0.3395,-0.3757,-0.4051,-0.43,-0.4519,-0.4716,-0.4895,-0.5058,-0.5206,-0.5339,-0.5456,-0.7676,-0.7673,-0.7619,-0.7471,-0.7156,-0.6534,-0.5388,-0.3711,-0.3017,-0.4512,-0.5858,-0.6258,-0.6079,-0.5561,-0.4726,-0.3413,-0.1252,0.2121,0.548,0.5371,0.2663,0.0258,-0.1301,-0.2286,-0.2941,-0.3409,-0.3769,-0.4064,-0.4319,-0.4547,-0.4756,-0.4947,-0.5122,-0.5281,-0.5422,-0.5546,-0.7885,-0.7934,-0.7949,-0.7893,-0.7702,-0.7248,-0.6324,-0.4884,-0.4309,-0.5682,-0.6713,-0.6832,-0.6488,-0.5919,-0.5134,-0.3976,-0.2137,0.0694,0.3571,0.3666,0.1559,-0.0381,-0.1665,-0.2494,-0.3061,-0.348,-0.3815,-0.4101,-0.4358,-0.4594,-0.4815,-0.5022,-0.5211,-0.5383,-0.5534,-0.5663,-0.8099,-0.8213,-0.832,-0.8401,-0.842,-0.832,-0.8044,-0.7699,-0.7756,-0.8152,-0.8061,-0.7528,-0.6897,-0.6272,-0.5577,-0.4666,-0.3398,-0.1749,-0.0219,0.0162,-0.0558,-0.1492,-0.2247,-0.2807,-0.3234,-0.358,-0.3879,-0.4152,-0.441,-0.4658,-0.4897,-0.5123,-0.5331,-0.5518,-0.568,-0.5815,-0.8302,-0.8483,-0.869,-0.8923,-0.9179,-0.9445,-0.9719,-1.0105,-1.0788,-1.0856,-0.9506,-0.8108,-0.7165,-0.6528,-0.5945,-0.5213,-0.4305,-0.3345,-0.2549,-0.2147,-0.2178,-0.2449,-0.278,-0.31,-0.3396,-0.3672,-0.3939,-0.4204,-0.4471,-0.4739,-0.5003,-0.5257,-0.5491,-0.5697,-0.5871,-0.6009,-0.8473,-0.8714,-0.9011,-0.9384,-0.9853,-1.0428,-1.1055,-1.1649,-1.288,-1.3552,-1.051,-0.8285,-0.7178,-0.6653,-0.6234,-0.5536,-0.4661,-0.3906,-0.3408,-0.3108,-0.2972,-0.2985,-0.3102,-0.328,-0.3491,-0.3724,-0.3975,-0.4245,-0.4533,-0.4834,-0.514,-0.5435,-0.5705,-0.5936,-0.6122,-0.6261,-0.8597,-0.888,-0.924,-0.9713,-1.0345,-1.1186,-1.2202,-1.2909,-1.2738,-1.2449,-0.9962,-0.7953,-0.6992,-0.6643,-0.6582,-0.5654,-0.4511,-0.3705,-0.3425,-0.3301,-0.3181,-0.3129,-0.3175,-0.3305,-0.349,-0.3714,-0.397,-0.4263,-0.4591,-0.4948,-0.5318,-0.5676,-0.5996,-0.626,-0.6456,-0.6587,-0.8661,-0.8961,-0.9346,-0.9856,-1.0551,-1.1521,-1.2827,-1.4054,-1.3142,-1.0999,-0.8916,-0.744,-0.6845,-0.6865,-0.6918,-0.5321,-0.3871,-0.3233,-0.3197,-0.3163,-0.3025,-0.2943,-0.3001,-0.3166,-0.3383,-0.3629,-0.3911,-0.4245,-0.464,-0.5086,-0.5556,-0.601,-0.6403,-0.6705,-0.6906,-0.7012,-0.8664,-0.8954,-0.9321,-0.9796,-1.0424,-1.1263,-1.2313,-1.3247,-1.2499,-1.0167,-0.8332,-0.7116,-0.676,-0.6156,-0.5851,-0.3794,-0.191,-0.2611,-0.2943,-0.2803,-0.2483,-0.2357,-0.255,-0.2868,-0.3175,-0.3462,-0.3778,-0.4171,-0.4668,-0.5255,-0.5886,-0.6488,-0.6987,-0.7332,-0.7516,-0.7566,-0.8611,-0.8871,-0.9187,-0.9574,-1.0046,-1.0594,-1.1128,-1.1315,-1.0572,-0.9224,-0.8244,-0.7516,-0.6524,-0.5113,-0.5152,-0.0456,0.4488,-0.0402,-0.2256,-0.2058,-0.1142,-0.1071,-0.1796,-0.2467,-0.2898,-0.3201,-0.3529,-0.3998,-0.4651,-0.5465,-0.6358,-0.7199,-0.785,-0.823,-0.835,-0.8283,-0.8515,-0.8733,-0.8984,-0.9267,-0.9572,-0.9858,-1.0025,-0.9897,-0.9369,-0.8754,-0.8663,-0.8071,-0.7711,-0.6792,-0.5512,-0.1325,0.2314,-0.0917,-0.2325,-0.1192,0.1566,0.1006,-0.1015,-0.2134,-0.2588,-0.2783,-0.306,-0.3633,-0.4542,-0.5728,-0.7057,-0.829,-0.9157,-0.9525,-0.9474,-0.9182,-0.8392,-0.8565,-0.8752,-0.8944,-0.9123,-0.925,-0.9265,-0.9112,-0.882,-0.8589,-0.8646,-0.8514,-0.9982,-1.0656,-0.7225,-0.471,-0.3191,-0.3377,-0.3472,-0.1765,0.1841,0.1122,-0.1103,-0.2092,-0.2209,-0.2012,-0.2133,-0.2914,-0.427,-0.6053,-0.8095,-0.9979,-1.1134,-1.1351,-1.092,-1.024,-0.8255,-0.8387,-0.8521,-0.8645,-0.8745,-0.8794,-0.8768,-0.866,-0.8512,-0.8419,-0.8455,-0.8814,-1.0531,-1.082,-0.8131,-0.6766,-0.5406,-0.475,-0.479,-0.3772,-0.2005,-0.1586,-0.2157,-0.2287,-0.1589,-0.0483,-0.0334,-0.1693,-0.3816,-0.6431,-0.9534,-1.2445,-1.3924,-1.3683,-1.2563,-1.1324,-0.8114,-0.8213,-0.8305,-0.8384,-0.8438,-0.8453,-0.8422,-0.8351,-0.827,-0.8227,-0.8274,-0.8497,-0.8878,-0.8713,-0.8477,-0.8559,-0.6554,-0.5271,-0.5017,-0.4972,-0.42,-0.3551,-0.324,-0.2578,-0.0846,0.1891,0.2422,-0.0373,-0.3429,-0.6781,-1.1034,-1.5208,-1.6914,-1.5903,-1.3948,-1.2158,-0.7976,-0.8048,-0.8112,-0.816,-0.8187,-0.8186,-0.8156,-0.8105,-0.8049,-0.8013,-0.8016,-0.8063,-0.8091,-0.803,-0.8233,-0.8206,-0.6797,-0.5765,-0.5766,-0.594,-0.5201,-0.4689,-0.4226,-0.3236,-0.1176,0.2106,0.2775,-0.0865,-0.3651,-0.6903,-1.1517,-1.6238,-1.8007,-1.6648,-1.4385,-1.242,-0.7846,-0.7897,-0.7939,-0.7967,-0.7978,-0.7968,-0.7938,-0.7893,-0.7843,-0.7797,-0.7758,-0.7721,-0.7661,-0.7583,-0.7514,-0.7231,-0.6556,-0.596,-0.5788,-0.577,-0.5662,-0.5752,-0.5553,-0.4514,-0.2951,-0.207,-0.3346,-0.3631,-0.4387,-0.6713,-1.0448,-1.4307,-1.6017,-1.5284,-1.3611,-1.2002,-0.7724,-0.7759,-0.7785,-0.7799,-0.7799,-0.7783,-0.7751,-0.7707,-0.7654,-0.7596,-0.7532,-0.7457,-0.736,-0.7236,-0.7066,-0.6788,-0.64,-0.6055,-0.5895,-0.5948,-0.6389,-0.7374,-0.7593,-0.6151,-0.4555,-0.4202,-0.5029,-0.4736,-0.4917,-0.6439,-0.8932,-1.1498,-1.2948,-1.2954,-1.2136,-1.1123,-0.7611,-0.7634,-0.7649,-0.7652,-0.7644,-0.7622,-0.7588,-0.7542,-0.7485,-0.7419,-0.7342,-0.725,-0.7136,-0.6996,-0.6817,-0.659,-0.6339,-0.6135,-0.6071,-0.627,-0.7015,-0.8442,-0.8842,-0.7176,-0.5493,-0.4768,-0.4762,-0.4833,-0.5224,-0.6271,-0.7835,-0.9444,-1.0536,-1.087,-1.0629,-1.0118,-0.7507,-0.7521,-0.7526,-0.7523,-0.7508,-0.7482,-0.7445,-0.7397,-0.7338,-0.7267,-0.7184,-0.7086,-0.697,-0.6833,-0.6672,-0.6494,-0.632,-0.6197,-0.6191,-0.6404,-0.6972,-0.7787,-0.7943,-0.699,-0.5871,-0.5212,-0.5014,-0.5105,-0.5482,-0.6203,-0.7188,-0.8206,-0.8985,-0.9377,-0.9409,-0.921]}]