docs/data/wind_grid.json
[{"header":{"la1":42.85,"la2":41.18,"lo1":11.55,"lo2":14.05,"nx":36,"ny":24,"dx":0.07143,"dy":0.07261,"parameterCategory":2,"parameterNumber":2,"parameterNumberName":"eastward_wind","parameterUnit":"m.s-1"},"data":[3.731,3.7156,3.6983,3.6794,3.6595,3.6393,3.62,3.6026,3.5874,3.5742,3.5621,3.5499,3.5366,3.5218,3.5053,3.4877,3.4703,3.4553,3.4449,3.4409,3.4435,3.4516,3.463,3.4753,3.487,3.4969,3.5044,3.5094,3.5121,3.5126,3.5113,3.5087,3.505,3.5007,3.496,3.4914,3.7378,3.7206,3.7008,3.6785,3.6544,3.6298,3.6063,3.5858,3.5694,3.5566,3.5455,3.534,3.5205,3.5038,3.4839,3.4613,3.4376,3.4162,3.4015,3.3971,3.4035,3.4181,3.4366,3.4555,3.4723,3.4858,3.4957,3.5019,3.505,3.5053,3.5034,3.4998,3.4951,3.4897,3.4841,3.4786,3.7468,3.7279,3.7052,3.6788,3.649,3.6175,3.5873,3.562,3.5443,3.5334,3.5255,3.5162,3.5031,3.4847,3.4606,3.4308,3.3969,3.3643,3.3417,3.3367,3.3504,3.3763,3.4063,3.4346,3.458,3.4758,3.4881,3.4954,3.4985,3.4982,3.4952,3.4903,3.4842,3.4774,3.4704,3.4638,3.7589,3.7385,3.713,3.6815,3.6442,3.6025,3.5609,3.5269,3.5075,3.5019,3.501,3.4964,3.4847,3.4649,3.4361,3.3969,3.3472,3.2942,3.2557,3.2502,3.2788,3.3254,3.3734,3.4143,3.4458,3.4681,3.4824,3.4903,3.4928,3.4912,3.4866,3.4798,3.4717,3.4631,3.4545,3.4466,3.7751,3.754,3.726,3.6896,3.6431,3.5868,3.5255,3.4738,3.4514,3.4586,3.4719,3.4749,3.4653,3.4445,3.4117,3.3624,3.2905,3.2011,3.1296,3.1248,3.1857,3.2685,3.3424,3.3985,3.438,3.464,3.4795,3.4869,3.488,3.4843,3.4772,3.4677,3.4571,3.4462,3.4357,3.4263,3.7962,3.7758,3.7471,3.7071,3.6519,3.5781,3.4873,3.4007,3.3704,3.4053,3.4419,3.4527,3.444,3.4226,3.3886,3.3335,3.2392,3.0956,2.9613,2.9617,3.0846,3.2203,3.3229,3.3924,3.4374,3.4651,3.4801,3.4856,3.484,3.4771,3.4664,3.4535,3.4396,3.4257,3.4129,3.4018,3.8229,3.8054,3.7791,3.7394,3.6801,3.5938,3.4752,3.3456,3.3018,3.3691,3.4193,3.4294,3.4176,3.3951,3.3648,3.3163,3.2205,3.0416,2.8417,2.8503,3.0369,3.2111,3.328,3.4015,3.4465,3.4723,3.4844,3.4862,3.4804,3.4689,3.4535,3.436,3.4178,3.4005,3.3849,3.3719,3.8553,3.8436,3.8238,3.7908,3.7368,3.6522,3.5318,3.402,3.351,3.3796,3.3992,3.398,3.3787,3.3528,3.3305,3.3051,3.2475,3.1193,2.9614,2.9639,3.1165,3.2635,3.364,3.4274,3.4653,3.4853,3.492,3.4882,3.4765,3.4588,3.4372,3.4137,3.3903,3.3686,3.3498,3.3349,3.8925,3.8897,3.8814,3.863,3.8261,3.7581,3.6482,3.5096,3.3901,3.3308,3.3396,3.3473,3.317,3.2779,3.2646,3.2766,3.2825,3.252,3.2009,3.2033,3.2734,3.3559,3.421,3.465,3.4912,3.5027,3.5019,3.4907,3.4712,3.4455,3.4158,3.3846,3.3546,3.3276,3.3054,3.2887,3.9326,3.9411,3.949,3.9535,3.9477,3.9142,3.8135,3.5764,3.1932,3.0253,3.2015,3.2844,3.2209,3.1362,3.1322,3.2049,3.2886,3.3404,3.3608,3.3772,3.4078,3.4463,3.4811,3.5064,3.5202,3.5222,3.5128,3.4926,3.4633,3.4271,3.3869,3.3458,3.3073,3.2742,3.2482,3.2303,3.9726,3.9934,4.0199,4.0538,4.0949,4.1325,4.1102,3.8084,2.7916,2.3251,3.0833,3.2614,3.0757,2.8505,2.8754,3.082,3.2772,3.3983,3.4545,3.4783,3.4961,3.5148,3.5323,3.5447,3.5488,3.5421,3.5236,3.4929,3.4514,3.4016,3.3473,3.2932,3.2439,3.2033,3.1737,3.1558,4.0089,4.0407,4.0844,4.1471,4.2404,4.3816,4.5775,4.6464,3.7194,2.9718,3.356,3.3639,2.9242,2.2672,2.4517,2.9584,3.2967,3.4755,3.5294,3.5405,3.5504,3.5603,3.5696,3.5759,3.5747,3.5616,3.534,3.4911,3.434,3.366,3.2926,3.2206,3.1572,3.1079,3.0756,3.0601,4.0383,4.0775,4.1322,4.2127,4.3376,4.5428,4.8836,5.2909,4.8764,4.0429,3.7688,3.683,3.2633,2.094,2.318,3.0203,3.3659,3.5661,3.5828,3.5767,3.579,3.5807,3.5886,3.5977,3.5977,3.5815,3.5453,3.4877,3.4101,3.317,3.2163,3.1191,3.0367,2.9775,2.9448,2.9366,4.0589,4.1007,4.1579,4.2391,4.3593,4.5413,4.8007,5.0567,4.8428,4.2743,4.0058,4.0193,3.9954,3.6246,3.2419,3.2943,3.3842,3.5338,3.5875,3.5975,3.5695,3.5547,3.5778,3.608,3.6203,3.6057,3.5612,3.4855,3.38,3.2504,3.1092,2.9744,2.8657,2.7964,2.7691,2.7772,4.0708,4.1109,4.1631,4.2323,4.3243,4.4417,4.5676,4.6242,4.4885,4.2822,4.1978,4.1333,4.0143,4.1511,3.7063,3.375,3.0967,3.4783,3.6526,3.6047,3.4345,3.4096,3.5195,3.6114,3.6506,3.6426,3.5901,3.4911,3.346,3.1619,2.9574,2.7641,2.618,2.5413,2.5325,2.5734,4.0755,4.1112,4.1549,4.2079,4.2698,4.3347,4.3843,4.3874,4.3402,4.338,4.4877,4.4468,4.2875,4.0892,3.9075,3.5816,3.3263,3.7072,3.8957,3.6009,2.9792,3.0759,3.445,3.6346,3.7054,3.7079,3.6484,3.5184,3.3155,3.0476,2.7409,2.452,2.2524,2.1801,2.2179,2.3204,4.075,4.1055,4.1406,4.1797,4.2205,4.2575,4.2818,4.2879,4.2923,4.3459,4.4689,4.4142,4.4155,4.424,4.189,4.06,4.0661,4.381,4.5709,3.9659,2.9558,3.0888,3.5259,3.7237,3.8045,3.8283,3.7693,3.5924,3.3016,2.9071,2.4352,1.9864,1.7129,1.6797,1.8183,2.0257,4.0715,4.0972,4.1252,4.1546,4.1833,4.2082,4.2268,4.2403,4.259,4.2954,4.336,4.357,4.4508,4.4905,4.5002,4.5619,4.6009,5.1799,5.795,4.8364,3.993,3.7455,3.8053,3.8726,3.9485,4.048,4.0153,3.7393,3.3114,2.7488,2.0332,1.3291,0.9683,1.0502,1.3691,1.7259,4.0664,4.0882,4.1111,4.1343,4.1567,4.1768,4.1943,4.2112,4.2317,4.2589,4.2904,4.3314,4.4028,4.5425,4.98,5.1645,4.8642,5.2033,5.5486,5.1154,4.6116,4.2338,4.0632,4.0019,4.0787,4.3801,4.431,3.896,3.3,2.6018,1.6287,0.6109,0.1822,0.4566,0.993,1.4969,4.0607,4.0795,4.0989,4.1184,4.1374,4.1554,4.1728,4.1909,4.212,4.2381,4.2718,4.3212,4.4071,4.5879,4.938,5.0565,4.8651,4.9775,5.2439,5.3328,4.8498,4.4537,4.2202,4.0595,4.0318,4.3708,4.4508,3.6635,3.1456,2.517,1.489,0.3451,-0.1027,0.2582,0.8751,1.4268,4.0548,4.0714,4.0885,4.1056,4.1227,4.1396,4.1569,4.1756,4.1973,4.224,4.2594,4.3103,4.3903,4.5169,4.6712,4.7416,4.7418,4.8354,5.0254,5.0561,4.7764,4.5367,4.363,4.107,3.7873,3.4034,2.7216,2.7464,2.8514,2.5178,1.7396,0.8328,0.4148,0.6213,1.087,1.5455,4.049,4.064,4.0793,4.0949,4.1107,4.1269,4.1439,4.1627,4.1845,4.211,4.2452,4.2913,4.3542,4.4345,4.5162,4.5728,4.6139,4.6769,4.7462,4.7389,4.6617,4.6769,4.6504,4.2785,3.6786,2.8584,2.0601,2.3296,2.6847,2.5818,2.1204,1.553,1.2208,1.2481,1.4937,1.7952,4.0432,4.0569,4.071,4.0854,4.1002,4.1157,4.1323,4.1506,4.1717,4.1968,4.2278,4.2665,4.314,4.368,4.4211,4.4657,4.504,4.5422,4.5716,4.5819,4.6263,4.8116,4.8764,4.4443,3.7892,3.1012,2.6246,2.6274,2.7581,2.6973,2.4369,2.1068,1.8737,1.8222,1.9183,2.0861,4.0374,4.05,4.0631,4.0765,4.0905,4.1052,4.121,4.1385,4.1582,4.1811,4.208,4.2396,4.2757,4.3142,4.3518,4.3853,4.4142,4.4389,4.4587,4.4819,4.5435,4.661,4.6601,4.355,3.882,3.4159,3.0917,2.9682,2.9318,2.8469,2.68,2.4794,2.3209,2.2531,2.2754,2.3576]},{"header":{"la1":42.85,"la2":41.18,"lo1":11.55,"lo2":14.05,"nx":36,"ny":24,"dx":0.07143,"dy":0.07261,"parameterCategory":2,"parameterNumber":3,"parameterNumberName":"northward_wind","parameterUnit":"m.s-1"},"data":[-0.5851,-0.6043,-0.6257,-0.649,-0.6733,-0.6974,-0.7196,-0.7383,-0.7526,-0.7632,-0.7717,-0.7805,-0.7915,-0.8059,-0.8236,-0.8433,-0.8628,-0.8786,-0.8872,-0.8855,-0.8725,-0.849,-0.8174,-0.78,-0.7392,-0.6965,-0.6531,-0.6099,-0.5674,-0.5261,-0.4865,-0.4487,-0.413,-0.3797,-0.3489,-0.3206,-0.5822,-0.6038,-0.6286,-0.6566,-0.687,-0.7177,-0.7462,-0.769,-0.7841,-0.7923,-0.7971,-0.8028,-0.813,-0.8294,-0.8522,-0.8798,-0.9092,-0.9349,-0.9505,-0.9508,-0.9342,-0.903,-0.8618,-0.8148,-0.765,-0.7143,-0.6639,-0.6145,-0.5666,-0.5205,-0.4766,-0.4352,-0.3964,-0.3605,-0.3275,-0.2977,-0.5764,-0.6004,-0.6291,-0.6631,-0.7018,-0.743,-0.782,-0.8123,-0.8285,-0.8311,-0.8274,-0.8263,-0.8337,-0.8519,-0.8812,-0.9201,-0.9646,-1.0066,-1.0343,-1.0371,-1.013,-0.9685,-0.9126,-0.8522,-0.791,-0.7309,-0.6725,-0.6163,-0.5624,-0.5111,-0.4627,-0.4173,-0.3753,-0.3367,-0.3017,-0.2702,-0.5669,-0.5927,-0.6254,-0.6663,-0.7162,-0.7735,-0.8317,-0.8774,-0.8957,-0.8858,-0.8645,-0.8503,-0.852,-0.8717,-0.9089,-0.9629,-1.0304,-1.1002,-1.1494,-1.1549,-1.1147,-1.0463,-0.9681,-0.89,-0.8153,-0.7446,-0.6776,-0.614,-0.5538,-0.497,-0.4437,-0.3943,-0.3488,-0.3075,-0.2704,-0.2376,-0.5523,-0.579,-0.6147,-0.6624,-0.7255,-0.806,-0.8982,-0.9778,-1.0034,-0.9654,-0.9085,-0.8721,-0.8656,-0.8864,-0.9322,-1.0041,-1.1039,-1.2206,-1.3104,-1.3169,-1.2412,-1.1318,-1.0227,-0.9237,-0.8346,-0.7531,-0.6773,-0.6062,-0.5394,-0.4768,-0.4185,-0.3647,-0.3158,-0.2718,-0.2328,-0.1987,-0.5319,-0.5574,-0.5935,-0.6453,-0.7201,-0.8269,-0.9705,-1.1203,-1.169,-1.0697,-0.95,-0.8853,-0.8714,-0.8942,-0.9476,-1.0355,-1.1701,-1.3538,-1.5147,-1.5156,-1.3734,-1.2072,-1.0649,-0.947,-0.8454,-0.7542,-0.6701,-0.5916,-0.518,-0.4493,-0.3857,-0.3275,-0.2749,-0.2282,-0.1875,-0.1527,-0.5049,-0.5264,-0.5588,-0.6086,-0.6862,-0.8078,-0.9941,-1.2297,-1.3198,-1.1368,-0.9597,-0.881,-0.8677,-0.8953,-0.954,-1.0479,-1.1973,-1.4253,-1.6531,-1.6444,-1.4415,-1.2391,-1.081,-0.954,-0.8448,-0.7461,-0.6545,-0.5686,-0.488,-0.4129,-0.3437,-0.2808,-0.2246,-0.1754,-0.1332,-0.098,-0.4718,-0.4859,-0.5092,-0.5483,-0.6139,-0.7224,-0.8918,-1.103,-1.1845,-1.0468,-0.9167,-0.8587,-0.8571,-0.8939,-0.9566,-1.045,-1.1727,-1.3551,-1.5345,-1.5353,-1.3793,-1.2108,-1.0679,-0.9444,-0.8326,-0.7283,-0.6295,-0.536,-0.4479,-0.3659,-0.2906,-0.2227,-0.1628,-0.1112,-0.0681,-0.0332,-0.434,-0.4375,-0.4464,-0.4659,-0.505,-0.5777,-0.6963,-0.8413,-0.938,-0.94,-0.8793,-0.8343,-0.8467,-0.9002,-0.9695,-1.0499,-1.1473,-1.2561,-1.3414,-1.3467,-1.2705,-1.1594,-1.0417,-0.9255,-0.8119,-0.7013,-0.5945,-0.4923,-0.3958,-0.306,-0.224,-0.1508,-0.0871,-0.0334,0.0101,0.0437,-0.394,-0.3848,-0.3752,-0.3678,-0.3687,-0.3934,-0.4758,-0.672,-0.9848,-1.1091,-0.9253,-0.8114,-0.8423,-0.9331,-1.0133,-1.0868,-1.1774,-1.2674,-1.3143,-1.2989,-1.2324,-1.1356,-1.0241,-0.9062,-0.7859,-0.6659,-0.5485,-0.4358,-0.3294,-0.2307,-0.1411,-0.0619,0.0057,0.0611,0.104,0.1349,-0.3554,-0.3331,-0.3037,-0.2652,-0.2172,-0.1687,-0.1707,-0.419,-1.296,-1.6996,-0.9798,-0.7393,-0.8478,-1.0431,-1.1197,-1.1606,-1.2795,-1.4287,-1.4783,-1.4037,-1.2816,-1.1532,-1.0237,-0.8913,-0.7564,-0.6215,-0.4897,-0.3637,-0.2455,-0.1365,-0.0381,0.0479,0.1198,0.1764,0.2173,0.2435,-0.322,-0.2886,-0.242,-0.175,-0.0764,0.0692,0.2651,0.3417,-0.4682,-1.1081,-0.6665,-0.5074,-0.8261,-1.3669,-1.3221,-1.2414,-1.4511,-1.8163,-1.8756,-1.6186,-1.3778,-1.1959,-1.037,-0.8803,-0.722,-0.5652,-0.4142,-0.2721,-0.1401,-0.0191,0.0897,0.1839,0.2607,0.3178,0.3548,0.3731,-0.2969,-0.2567,-0.1998,-0.1163,0.0116,0.216,0.5436,0.9211,0.5554,-0.1303,-0.1869,0.0879,-0.2706,-1.4571,-1.3739,-1.2593,-1.6362,-2.3809,-2.3854,-1.7961,-1.4534,-1.2449,-1.0618,-0.8722,-0.6789,-0.4912,-0.3158,-0.1551,-0.0082,0.1263,0.248,0.3531,0.4362,0.4929,0.5225,0.528,-0.2818,-0.2401,-0.182,-0.0992,0.0225,0.2039,0.4573,0.7028,0.5141,0.0505,0.0268,0.7789,0.9587,-0.0047,-0.7752,-1.337,-1.856,-2.1246,-2.1028,-1.7154,-1.4894,-1.3273,-1.1161,-0.868,-0.619,-0.3886,-0.1845,-0.0054,0.1553,0.3047,0.4435,0.5649,0.6574,0.7122,0.7286,0.7132,-0.2765,-0.2379,-0.1866,-0.1177,-0.026,0.0907,0.2149,0.27,0.1338,-0.0768,-0.1212,0.0303,-0.0207,-0.2185,-0.6582,-1.9108,-3.0011,-2.059,-1.681,-1.5879,-1.6693,-1.5748,-1.2363,-0.8601,-0.5231,-0.2379,-0.0052,0.1854,0.354,0.5188,0.6835,0.8328,0.9413,0.9912,0.9835,0.9335,-0.2792,-0.2466,-0.2059,-0.156,-0.0976,-0.0377,0.0036,-0.0109,-0.1035,-0.2302,-0.3439,-0.2518,-0.261,-0.3713,-0.741,-1.7135,-2.5035,-1.7508,-1.3629,-1.5946,-2.3034,-2.104,-1.3743,-0.795,-0.3513,-0.0079,0.2423,0.424,0.5849,0.7657,0.9744,1.1764,1.3136,1.3504,1.2972,1.1901,-0.2871,-0.2617,-0.2321,-0.1992,-0.1662,-0.1403,-0.1337,-0.1598,-0.2194,-0.2936,-0.3558,-0.3271,-0.3695,-0.4352,-0.6753,-1.0451,-1.2282,-0.9689,-0.789,-1.2694,-2.3494,-2.0953,-1.2301,-0.5737,-0.056,0.3396,0.5803,0.7091,0.8326,1.0312,1.3193,1.6224,1.8084,1.8091,1.6703,1.4734,-0.2978,-0.279,-0.2589,-0.2389,-0.2221,-0.2134,-0.2187,-0.2418,-0.2795,-0.3207,-0.3523,-0.3789,-0.4174,-0.4624,-0.6583,-0.784,-0.7183,-0.357,-0.0735,-0.465,-1.0391,-1.1167,-0.7156,-0.1931,0.3595,0.8228,1.0157,1.0167,1.0632,1.2828,1.7029,2.1842,2.4387,2.352,2.0697,1.7508,-0.3092,-0.2961,-0.2831,-0.2718,-0.2645,-0.264,-0.2729,-0.2921,-0.3193,-0.3498,-0.3813,-0.419,-0.4717,-0.5742,-0.8019,-0.8747,-0.5846,-0.1868,0.0674,0.2355,-0.1205,-0.3394,-0.2018,0.1887,0.7608,1.3318,1.456,1.2699,1.2321,1.4697,2.044,2.754,3.0705,2.8439,2.3945,1.9595,-0.32,-0.3112,-0.3034,-0.2977,-0.2957,-0.299,-0.3088,-0.3253,-0.3474,-0.3737,-0.4045,-0.4435,-0.5002,-0.5979,-0.7587,-0.788,-0.4872,-0.0155,0.7899,1.1235,0.3856,0.0836,0.1415,0.4326,0.9244,1.4417,1.5422,1.3635,1.3194,1.5418,2.1591,2.9596,3.2937,3.0067,2.4994,2.0296,-0.3294,-0.3238,-0.3194,-0.3172,-0.3181,-0.323,-0.3326,-0.3469,-0.3654,-0.3879,-0.4147,-0.4476,-0.4898,-0.5437,-0.5905,-0.5504,-0.346,0.0225,0.5187,0.683,0.3999,0.2879,0.3537,0.5419,0.9025,1.2818,1.4793,1.4325,1.3551,1.4999,1.9741,2.597,2.8956,2.7218,2.3338,1.9404,-0.3371,-0.3336,-0.3314,-0.3312,-0.3335,-0.3388,-0.3475,-0.3595,-0.3747,-0.3925,-0.4129,-0.4356,-0.459,-0.4773,-0.4725,-0.4112,-0.2656,-0.0419,0.193,0.3116,0.3434,0.4481,0.514,0.5775,0.854,1.2716,1.5827,1.4861,1.3421,1.3987,1.6794,2.0543,2.2753,2.2293,2.0103,1.7419,-0.3428,-0.3408,-0.34,-0.3407,-0.3434,-0.3484,-0.3557,-0.3652,-0.3767,-0.3895,-0.4029,-0.4152,-0.4233,-0.4207,-0.3959,-0.3342,-0.2264,-0.0815,0.0702,0.2037,0.355,0.5469,0.593,0.5765,0.764,1.0844,1.3156,1.3129,1.243,1.2705,1.4211,1.6255,1.7668,1.7754,1.6702,1.5074,-0.3468,-0.3456,-0.3454,-0.3465,-0.349,-0.3531,-0.3587,-0.3657,-0.3735,-0.3814,-0.3882,-0.3919,-0.3894,-0.3756,-0.3437,-0.2867,-0.2016,-0.0931,0.0291,0.1627,0.3181,0.4698,0.5259,0.5453,0.6681,0.8663,1.0253,1.0826,1.0902,1.1251,1.2124,1.3248,1.4099,1.4295,1.381,1.286]}]