docs/data/wind_grid.json
[{"header":{"la1":42.85,"la2":41.18,"lo1":11.55,"lo2":14.05,"nx":36,"ny":24,"dx":0.07143,"dy":0.07261,"parameterCategory":2,"parameterNumber":2,"parameterNumberName":"eastward_wind","parameterUnit":"m.s-1"},"data":[-0.7519,-0.756,-0.7585,-0.7595,-0.7588,-0.7564,-0.7515,-0.7434,-0.7313,-0.7159,-0.6987,-0.682,-0.668,-0.6577,-0.6509,-0.6467,-0.6427,-0.6362,-0.6247,-0.6077,-0.5876,-0.5697,-0.5598,-0.5596,-0.5669,-0.5775,-0.5882,-0.5973,-0.6041,-0.6088,-0.6118,-0.6134,-0.614,-0.6138,-0.6133,-0.6124,-0.7703,-0.7762,-0.7803,-0.7827,-0.7835,-0.783,-0.7799,-0.7723,-0.7579,-0.737,-0.7126,-0.6891,-0.6702,-0.6576,-0.6513,-0.6494,-0.6484,-0.6432,-0.6285,-0.6013,-0.5656,-0.5335,-0.5186,-0.5238,-0.5416,-0.5623,-0.5804,-0.594,-0.6034,-0.6093,-0.6128,-0.6144,-0.6149,-0.6145,-0.6137,-0.6125,-0.7923,-0.8009,-0.807,-0.8109,-0.8139,-0.8169,-0.8189,-0.815,-0.7989,-0.7691,-0.732,-0.6969,-0.6703,-0.6548,-0.6498,-0.6527,-0.6585,-0.6585,-0.6413,-0.5968,-0.5284,-0.4646,-0.4422,-0.4648,-0.5062,-0.5448,-0.5735,-0.5926,-0.6044,-0.6112,-0.6147,-0.6161,-0.6162,-0.6154,-0.6142,-0.6126,-0.8188,-0.8314,-0.8403,-0.8456,-0.8503,-0.8591,-0.873,-0.8822,-0.8673,-0.821,-0.7595,-0.7043,-0.666,-0.6464,-0.644,-0.6554,-0.6747,-0.6894,-0.6766,-0.6067,-0.4682,-0.3257,-0.2969,-0.3732,-0.4641,-0.5303,-0.5713,-0.5951,-0.6082,-0.6149,-0.6178,-0.6185,-0.6178,-0.6164,-0.6146,-0.6126,-0.8512,-0.8706,-0.8837,-0.8892,-0.8926,-0.9076,-0.9461,-0.9933,-0.9913,-0.9082,-0.7964,-0.7075,-0.653,-0.6285,-0.6296,-0.6537,-0.6965,-0.7448,-0.761,-0.6712,-0.4011,-0.0631,-0.0532,-0.2677,-0.4363,-0.5303,-0.579,-0.6036,-0.6155,-0.6206,-0.622,-0.6214,-0.6197,-0.6174,-0.6149,-0.6123,-0.8903,-0.9221,-0.9446,-0.9492,-0.9416,-0.9531,-1.0285,-1.1716,-1.2198,-1.0418,-0.8307,-0.6959,-0.6246,-0.5954,-0.5998,-0.6383,-0.7139,-0.823,-0.923,-0.8613,-0.4767,0.1068,0.0776,-0.2643,-0.4657,-0.5589,-0.6007,-0.6191,-0.6263,-0.628,-0.6269,-0.6245,-0.6214,-0.6181,-0.6148,-0.6117,-0.9346,-0.989,-1.0356,-1.0444,-1.0059,-0.9799,-1.0636,-1.3299,-1.4765,-1.1328,-0.8142,-0.6522,-0.5746,-0.5412,-0.544,-0.5928,-0.6998,-0.8714,-1.0689,-1.0547,-0.8012,-0.432,-0.3364,-0.4733,-0.5714,-0.6165,-0.6342,-0.6394,-0.639,-0.636,-0.6318,-0.6273,-0.6226,-0.6182,-0.6141,-0.6103,-0.9759,-1.0637,-1.1648,-1.2062,-1.1055,-0.9852,-0.981,-1.1412,-1.2219,-0.9416,-0.6929,-0.5689,-0.5035,-0.4619,-0.4462,-0.4918,-0.6238,-0.8171,-0.9972,-1.0839,-1.2392,-1.1509,-0.8798,-0.7468,-0.7013,-0.6818,-0.6694,-0.6595,-0.6509,-0.6431,-0.6359,-0.6292,-0.623,-0.6174,-0.6124,-0.6081,-0.9981,-1.1102,-1.2726,-1.3891,-1.2011,-0.9738,-0.8445,-0.7875,-0.7104,-0.5847,-0.5063,-0.4663,-0.4251,-0.3611,-0.2748,-0.284,-0.4807,-0.7244,-0.9483,-1.2658,-1.8577,-1.7263,-1.1968,-0.9159,-0.7891,-0.728,-0.6948,-0.6741,-0.6595,-0.648,-0.6382,-0.6296,-0.622,-0.6153,-0.6095,-0.6047,-0.9897,-1.0915,-1.2163,-1.2834,-1.1524,-0.9374,-0.7331,-0.5412,-0.309,-0.2066,-0.3135,-0.3774,-0.364,-0.274,-0.0017,0.1444,-0.3175,-0.6802,-0.9295,-1.221,-1.6251,-1.5587,-1.1843,-0.9396,-0.8105,-0.7423,-0.7041,-0.6803,-0.6633,-0.6498,-0.6383,-0.6281,-0.6192,-0.6114,-0.6049,-0.5997,-0.9576,-1.0405,-1.1378,-1.2458,-1.196,-0.9131,-0.669,-0.4374,0.0415,0.2778,-0.1734,-0.3313,-0.3344,-0.2715,-0.0351,0.1525,-0.3917,-0.7954,-1.0013,-1.097,-1.1816,-1.1534,-1.0086,-0.8712,-0.7813,-0.7295,-0.6993,-0.6788,-0.6626,-0.6486,-0.6359,-0.6243,-0.614,-0.6052,-0.5981,-0.5926,-0.9112,-0.9795,-1.0758,-1.2031,-1.1412,-0.8463,-0.6542,-0.5649,-0.2524,-0.0068,-0.245,-0.337,-0.3176,-0.2565,-0.2802,-0.3859,-0.7148,-1.2296,-1.3825,-1.167,-1.0239,-0.9393,-0.8572,-0.7834,-0.7327,-0.7048,-0.6882,-0.6738,-0.6595,-0.6452,-0.6312,-0.6179,-0.606,-0.5959,-0.5882,-0.5828,-0.8548,-0.899,-0.9491,-0.9776,-0.9024,-0.7448,-0.6584,-0.6936,-0.5936,-0.3966,-0.362,-0.3632,-0.3283,-0.2325,-0.3007,-0.5354,-0.9156,-2.0828,-2.1357,-1.291,-0.949,-0.8089,-0.7429,-0.7085,-0.6931,-0.6885,-0.6814,-0.6697,-0.6559,-0.6406,-0.6243,-0.6082,-0.5937,-0.5821,-0.574,-0.5692,-0.7963,-0.8162,-0.8279,-0.8138,-0.7566,-0.6792,-0.6383,-0.65,-0.5942,-0.46,-0.3946,-0.3803,-0.3646,-0.2371,-0.4203,-0.5609,-0.8157,-1.4755,-1.6102,-1.0896,-0.7767,-0.6501,-0.6285,-0.6485,-0.6795,-0.6934,-0.6818,-0.6676,-0.6529,-0.6351,-0.6145,-0.5934,-0.5749,-0.5613,-0.5535,-0.5505,-0.7437,-0.7475,-0.7415,-0.719,-0.6784,-0.6321,-0.5973,-0.5697,-0.5121,-0.4276,-0.3736,-0.3686,-0.3272,-0.2159,-0.4751,-0.6069,-1.3907,-1.0571,-0.9424,-0.6958,-0.441,-0.3895,-0.4819,-0.5812,-0.6538,-0.6809,-0.6755,-0.6664,-0.652,-0.6292,-0.6003,-0.5701,-0.5451,-0.5294,-0.5235,-0.5249,-0.7003,-0.6957,-0.6833,-0.6608,-0.6293,-0.5938,-0.5581,-0.5174,-0.4588,-0.3737,-0.2602,-0.3776,-0.3801,-0.3785,-0.5198,-0.8293,-1.2086,-0.8683,-0.6127,-0.3334,0.0801,-0.0134,-0.323,-0.508,-0.6102,-0.6583,-0.676,-0.6762,-0.6585,-0.6243,-0.5786,-0.5313,-0.4955,-0.479,-0.4799,-0.4908,-0.6662,-0.6576,-0.6431,-0.6223,-0.5958,-0.5653,-0.5313,-0.4913,-0.4396,-0.3683,-0.2818,-0.3472,-0.3979,-0.4158,-0.5007,-0.6191,-0.6578,-0.4712,-0.2577,-0.1463,0.1716,0.0556,-0.2756,-0.4822,-0.6099,-0.6873,-0.7215,-0.7162,-0.6807,-0.6215,-0.5438,-0.4639,-0.4105,-0.3994,-0.4184,-0.4477,-0.6398,-0.6295,-0.6149,-0.5959,-0.5728,-0.5464,-0.5167,-0.4831,-0.4451,-0.4052,-0.3801,-0.3927,-0.4098,-0.422,-0.4735,-0.4937,-0.4155,-0.0633,0.2937,-0.0209,-0.1026,-0.1775,-0.3464,-0.519,-0.6738,-0.7973,-0.8396,-0.7986,-0.7228,-0.6221,-0.4904,-0.3494,-0.2691,-0.2823,-0.341,-0.4006,-0.6194,-0.6087,-0.5948,-0.5777,-0.5576,-0.5351,-0.5105,-0.4843,-0.4579,-0.435,-0.4225,-0.4238,-0.4327,-0.4498,-0.4808,-0.4864,-0.3607,-0.0562,0.1645,-0.0029,-0.149,-0.2772,-0.4157,-0.5776,-0.7703,-0.9713,-1.0155,-0.9012,-0.7764,-0.631,-0.4313,-0.1971,-0.0837,-0.1518,-0.2695,-0.3629,-0.6038,-0.5933,-0.5804,-0.5652,-0.5479,-0.529,-0.509,-0.4888,-0.4699,-0.4546,-0.4455,-0.4437,-0.4475,-0.4565,-0.4718,-0.4658,-0.3598,-0.1766,0.0121,0.0683,-0.1446,-0.3165,-0.4562,-0.613,-0.8134,-1.0197,-1.0615,-0.962,-0.8273,-0.6592,-0.4259,-0.1363,-0.0039,-0.1046,-0.2481,-0.353,-0.5919,-0.5819,-0.5702,-0.5567,-0.5419,-0.5261,-0.5098,-0.4939,-0.4795,-0.4678,-0.46,-0.456,-0.4547,-0.4538,-0.4487,-0.4244,-0.3562,-0.243,-0.1116,-0.0847,-0.2263,-0.3651,-0.472,-0.6076,-0.7974,-0.9945,-1.141,-1.0631,-0.873,-0.7033,-0.5088,-0.2796,-0.1574,-0.2018,-0.2977,-0.378,-0.5828,-0.5735,-0.5629,-0.5511,-0.5384,-0.5251,-0.5117,-0.4988,-0.4871,-0.4774,-0.4698,-0.4642,-0.4593,-0.4528,-0.4406,-0.4159,-0.3722,-0.3128,-0.2617,-0.2661,-0.3373,-0.4053,-0.4443,-0.5605,-0.7617,-1.016,-1.2672,-1.1137,-0.8474,-0.7241,-0.6058,-0.4622,-0.3637,-0.3492,-0.3823,-0.4244,-0.5759,-0.5674,-0.5579,-0.5475,-0.5365,-0.5252,-0.514,-0.5032,-0.4934,-0.4847,-0.4774,-0.4709,-0.4643,-0.4558,-0.4432,-0.4239,-0.3974,-0.3686,-0.3514,-0.3619,-0.3963,-0.4096,-0.4057,-0.5156,-0.6998,-0.8898,-1.0009,-0.8842,-0.7223,-0.7076,-0.6577,-0.5701,-0.4961,-0.4615,-0.4594,-0.473,-0.5707,-0.5629,-0.5544,-0.5453,-0.5358,-0.526,-0.5164,-0.5072,-0.4987,-0.4909,-0.4839,-0.4772,-0.4702,-0.462,-0.4513,-0.4378,-0.4223,-0.4089,-0.4038,-0.4121,-0.4282,-0.4347,-0.4493,-0.5292,-0.6532,-0.7665,-0.815,-0.765,-0.7032,-0.7,-0.6714,-0.616,-0.5633,-0.5291,-0.5143,-0.5127]},{"header":{"la1":42.85,"la2":41.18,"lo1":11.55,"lo2":14.05,"nx":36,"ny":24,"dx":0.07143,"dy":0.07261,"parameterCategory":2,"parameterNumber":3,"parameterNumberName":"northward_wind","parameterUnit":"m.s-1"},"data":[-0.7909,-0.7875,-0.7819,-0.7741,-0.764,-0.7522,-0.7393,-0.7261,-0.713,-0.6996,-0.6846,-0.6669,-0.6453,-0.6196,-0.5902,-0.5583,-0.5257,-0.4949,-0.4684,-0.4479,-0.434,-0.4262,-0.4234,-0.4244,-0.4284,-0.4346,-0.4424,-0.4513,-0.4609,-0.4709,-0.481,-0.491,-0.5009,-0.5106,-0.5198,-0.5287,-0.8035,-0.8005,-0.7948,-0.7859,-0.7737,-0.759,-0.7431,-0.7279,-0.7146,-0.7026,-0.6896,-0.6729,-0.6505,-0.6219,-0.5875,-0.5487,-0.5082,-0.4698,-0.4378,-0.4151,-0.402,-0.3968,-0.3968,-0.4004,-0.4069,-0.4156,-0.4258,-0.4371,-0.4489,-0.4609,-0.4728,-0.4845,-0.4959,-0.5068,-0.5172,-0.5271,-0.8177,-0.8156,-0.8098,-0.7995,-0.7841,-0.7642,-0.7423,-0.7227,-0.7091,-0.701,-0.6934,-0.6804,-0.6586,-0.6272,-0.5867,-0.5388,-0.4868,-0.437,-0.3974,-0.3739,-0.3657,-0.3668,-0.3711,-0.377,-0.3853,-0.3962,-0.409,-0.4229,-0.4371,-0.4512,-0.4651,-0.4786,-0.4916,-0.5039,-0.5156,-0.5265,-0.8336,-0.8332,-0.8282,-0.8165,-0.7962,-0.7672,-0.7327,-0.702,-0.687,-0.6888,-0.6943,-0.6901,-0.6711,-0.6374,-0.59,-0.5301,-0.461,-0.3922,-0.3404,-0.3199,-0.328,-0.3456,-0.3546,-0.358,-0.3649,-0.3771,-0.3924,-0.4089,-0.4258,-0.4423,-0.4583,-0.4737,-0.4883,-0.5021,-0.515,-0.527,-0.8513,-0.8543,-0.8517,-0.8395,-0.8133,-0.7697,-0.7092,-0.6486,-0.6267,-0.6548,-0.6911,-0.7041,-0.6904,-0.6553,-0.601,-0.5267,-0.4323,-0.3286,-0.2498,-0.2391,-0.2929,-0.3556,-0.3627,-0.3462,-0.3455,-0.3579,-0.376,-0.3957,-0.4153,-0.4343,-0.4525,-0.4699,-0.4863,-0.5017,-0.516,-0.5291,-0.8703,-0.8793,-0.8828,-0.8731,-0.842,-0.7805,-0.6754,-0.538,-0.4869,-0.5879,-0.6901,-0.7281,-0.72,-0.6841,-0.6252,-0.5376,-0.4118,-0.2466,-0.0965,-0.097,-0.2322,-0.376,-0.3735,-0.3274,-0.3217,-0.3376,-0.36,-0.3834,-0.406,-0.4277,-0.4483,-0.4677,-0.4861,-0.5031,-0.5188,-0.5331,-0.8887,-0.9076,-0.9243,-0.9233,-0.8898,-0.8177,-0.6763,-0.4277,-0.3088,-0.5433,-0.7219,-0.7726,-0.7627,-0.7267,-0.6698,-0.578,-0.429,-0.2027,0.0511,0.0452,-0.1019,-0.2241,-0.2693,-0.2691,-0.2872,-0.3155,-0.3449,-0.3725,-0.3984,-0.4227,-0.4457,-0.4675,-0.4879,-0.5068,-0.524,-0.5394,-0.9017,-0.9336,-0.9774,-0.9982,-0.9537,-0.8857,-0.7833,-0.5978,-0.5119,-0.7013,-0.8289,-0.8438,-0.8168,-0.7833,-0.7432,-0.6645,-0.5131,-0.2899,-0.0686,0.0095,0.1131,0.0801,-0.0793,-0.1842,-0.2487,-0.2951,-0.3321,-0.3638,-0.3926,-0.4196,-0.4453,-0.4697,-0.4925,-0.5134,-0.5322,-0.5487,-0.9017,-0.9386,-1.0171,-1.0872,-0.993,-0.9442,-0.9449,-0.9386,-0.966,-1.0205,-1.0004,-0.931,-0.8715,-0.8482,-0.8613,-0.8247,-0.653,-0.4293,-0.2099,0.062,0.5112,0.4225,0.0636,-0.1279,-0.2246,-0.2823,-0.3234,-0.3574,-0.3886,-0.4185,-0.4473,-0.4748,-0.5004,-0.5236,-0.5441,-0.5617,-0.8849,-0.8975,-0.9311,-0.9569,-0.8806,-0.9536,-1.0866,-1.2221,-1.389,-1.4246,-1.2064,-1.0085,-0.9077,-0.8978,-1.0398,-1.1271,-0.7979,-0.5278,-0.311,-0.0336,0.3195,0.2842,0.0253,-0.1376,-0.2256,-0.2788,-0.3178,-0.3522,-0.3858,-0.4193,-0.4522,-0.4837,-0.5128,-0.5388,-0.5611,-0.5796,-0.8631,-0.8355,-0.7459,-0.5214,-0.5781,-0.9416,-1.2238,-1.4338,-1.7803,-1.963,-1.3725,-1.0381,-0.9119,-0.8913,-1.0136,-1.132,-0.7718,-0.5429,-0.3934,-0.2311,-0.0731,-0.0388,-0.1102,-0.1867,-0.2405,-0.278,-0.3108,-0.3455,-0.383,-0.422,-0.4608,-0.4978,-0.5315,-0.5607,-0.5849,-0.6038,-0.8556,-0.8172,-0.7159,-0.5386,-0.6205,-1.0419,-1.4056,-1.6108,-1.6795,-1.7049,-1.2801,-0.9978,-0.9,-0.9112,-0.8443,-0.7317,-0.5847,-0.4998,-0.4443,-0.3401,-0.2417,-0.1939,-0.1974,-0.2228,-0.2469,-0.2671,-0.2949,-0.3341,-0.3798,-0.4276,-0.4749,-0.5195,-0.5591,-0.5921,-0.6178,-0.6363,-0.8662,-0.8477,-0.8124,-0.7944,-0.9131,-1.2012,-1.5431,-1.8075,-1.6663,-1.383,-1.1111,-0.9333,-0.8777,-0.9197,-0.7967,-0.4948,-0.3865,-0.5214,-0.524,-0.362,-0.2655,-0.2184,-0.2123,-0.2256,-0.2327,-0.2353,-0.2654,-0.3184,-0.3778,-0.4384,-0.4976,-0.5525,-0.6,-0.6373,-0.6636,-0.6799,-0.8838,-0.8881,-0.8993,-0.9419,-1.0527,-1.241,-1.472,-1.6626,-1.5585,-1.2441,-1.0212,-0.899,-0.8724,-0.8635,-0.5427,-0.1129,-0.0678,-0.2897,-0.3814,-0.2782,-0.1811,-0.1421,-0.1655,-0.2039,-0.2131,-0.2009,-0.2393,-0.3086,-0.3829,-0.4587,-0.5339,-0.6035,-0.6613,-0.7029,-0.7275,-0.738,-0.8972,-0.9142,-0.9423,-0.9925,-1.0748,-1.1863,-1.3011,-1.3581,-1.274,-1.1087,-0.995,-0.9207,-0.8443,-0.8034,-0.4231,0.0364,0.8614,0.1108,-0.163,-0.1104,0.0698,0.083,-0.053,-0.164,-0.2093,-0.2149,-0.2495,-0.3165,-0.3995,-0.4931,-0.5911,-0.6827,-0.755,-0.7996,-0.8171,-0.8148,-0.9023,-0.923,-0.9522,-0.9934,-1.0475,-1.107,-1.1532,-1.1571,-1.1044,-1.0411,-1.0529,-0.9971,-0.9234,-0.776,-0.4818,0.0528,0.5732,0.0686,-0.1502,0.0687,0.6623,0.5258,0.0945,-0.1157,-0.1958,-0.2267,-0.2613,-0.3252,-0.4213,-0.5429,-0.6786,-0.8073,-0.9012,-0.9437,-0.9415,-0.9138,-0.8995,-0.9189,-0.9434,-0.9732,-1.0062,-1.0363,-1.0531,-1.0468,-1.0211,-1.0059,-1.0354,-0.9979,-1.054,-1.0597,-0.6594,-0.3547,-0.2101,-0.3338,-0.4145,-0.0496,0.7406,0.5714,0.0982,-0.1066,-0.1689,-0.1806,-0.2102,-0.2959,-0.4324,-0.6065,-0.8085,-1.0051,-1.133,-1.1575,-1.1086,-1.034,-0.8909,-0.9072,-0.9257,-0.9459,-0.9653,-0.9801,-0.9855,-0.9793,-0.9661,-0.9575,-0.9567,-0.9614,-1.0686,-1.066,-0.7607,-0.6085,-0.5375,-0.7192,-0.9899,-0.5002,-0.0481,0.0461,-0.0728,-0.1446,-0.1174,-0.0263,-0.0267,-0.1948,-0.4234,-0.6798,-0.9874,-1.3082,-1.4888,-1.4533,-1.3098,-1.1625,-0.8789,-0.8915,-0.9048,-0.9178,-0.9289,-0.9356,-0.9361,-0.9302,-0.9202,-0.9103,-0.9022,-0.8986,-0.9004,-0.8479,-0.7747,-0.7687,-0.6615,-0.7422,-0.8559,-0.6084,-0.3974,-0.2651,-0.2294,-0.1923,-0.0437,0.2844,0.3532,-0.0574,-0.423,-0.754,-1.1768,-1.6781,-1.9244,-1.7668,-1.4913,-1.2661,-0.8651,-0.8744,-0.8835,-0.8914,-0.8972,-0.8994,-0.8972,-0.8906,-0.8807,-0.8689,-0.8556,-0.8398,-0.8163,-0.7785,-0.759,-0.7488,-0.6719,-0.6451,-0.6169,-0.5985,-0.4959,-0.3862,-0.323,-0.2564,-0.0883,0.3131,0.4065,-0.1621,-0.5092,-0.8144,-1.249,-1.8266,-2.1028,-1.8807,-1.5527,-1.3026,-0.8506,-0.8572,-0.863,-0.8674,-0.8697,-0.869,-0.8649,-0.8574,-0.8469,-0.8336,-0.8174,-0.7974,-0.772,-0.7428,-0.7178,-0.6894,-0.6461,-0.6099,-0.5871,-0.5635,-0.4913,-0.4132,-0.3688,-0.3389,-0.2963,-0.3093,-0.5734,-0.6138,-0.6853,-0.8661,-1.1559,-1.5582,-1.7859,-1.6788,-1.4547,-1.2586,-0.8363,-0.8406,-0.8439,-0.8458,-0.8457,-0.8431,-0.8377,-0.8294,-0.8183,-0.8043,-0.7873,-0.7668,-0.7429,-0.7166,-0.6895,-0.6596,-0.6254,-0.5916,-0.5602,-0.5203,-0.4538,-0.376,-0.3517,-0.3854,-0.4496,-0.624,-0.8812,-0.8225,-0.8756,-0.9543,-1.0568,-1.2421,-1.3844,-1.3804,-1.2823,-1.166,-0.8226,-0.8251,-0.8265,-0.8265,-0.8247,-0.8208,-0.8145,-0.8056,-0.7942,-0.7802,-0.7634,-0.7438,-0.7216,-0.6973,-0.6712,-0.643,-0.6125,-0.5804,-0.5451,-0.4989,-0.4278,-0.3331,-0.3089,-0.3926,-0.5013,-0.6417,-0.7781,-0.9131,-1.1284,-1.093,-1.0348,-1.0767,-1.1417,-1.16,-1.1262,-1.0667,-0.8095,-0.8106,-0.8106,-0.8093,-0.8063,-0.8015,-0.7946,-0.7855,-0.7741,-0.7604,-0.7444,-0.726,-0.7055,-0.6831,-0.659,-0.6331,-0.6055,-0.5756,-0.5418,-0.4996,-0.4432,-0.3818,-0.3695,-0.4325,-0.5285,-0.6421,-0.7756,-0.9697,-1.1608,-1.1142,-1.02,-0.9992,-1.0155,-1.0253,-1.0128,-0.9827]}]