docs/data/wind_grid.json
{"header": {"la1":42.1,"la2":41.55,"lo1":12.1,"lo2":12.95,"nx":50,"ny":50,"dx":0.01735,"dy":0.01122,"parameterCategory":2,"parameterNumber":3,"parameterNumberName":"northward_wind","parameterUnit":"m.s-1"}, "data":
[rows 0 to 40 of 50, columns 0 to 49 of 50]
-0.0915,-0.2102,-0.3104,-0.3752,-0.398,-0.3869,-0.3609,-0.3389,-0.3327,-0.345,-0.3732,-0.4124,-0.4577,-0.5056,-0.5538,-0.601,-0.6465,-0.69,-0.7309,-0.7684,-0.8008,-0.8263,-0.8431,-0.8503,-0.8484,-0.8391,-0.8243,-0.8061,-0.7858,-0.7643,-0.7419,-0.7187,-0.6946,-0.6697,-0.6442,-0.6184,-0.5931,-0.5692,-0.5475,-0.5291,-0.5142,-0.5032,-0.4957,-0.491,-0.4886,-0.4875,-0.4873,-0.4873,-0.4873,-0.487
-0.0358,-0.1686,-0.2823,-0.3567,-0.3843,-0.3747,-0.3492,-0.3287,-0.3251,-0.3409,-0.3728,-0.4154,-0.4638,-0.5142,-0.5645,-0.6136,-0.661,-0.7067,-0.7504,-0.791,-0.8268,-0.855,-0.8731,-0.8799,-0.8758,-0.8633,-0.845,-0.8234,-0.8002,-0.7762,-0.7516,-0.7263,-0.7001,-0.673,-0.6449,-0.6164,-0.5883,-0.5618,-0.5379,-0.5179,-0.5023,-0.4913,-0.4844,-0.4809,-0.4798,-0.4801,-0.4811,-0.4823,-0.4832,-0.4836
0.0433,-0.1028,-0.23,-0.3155,-0.3509,-0.3472,-0.3273,-0.3124,-0.3145,-0.3358,-0.3725,-0.419,-0.4705,-0.5234,-0.5756,-0.6263,-0.6754,-0.7232,-0.7697,-0.814,-0.8538,-0.8855,-0.9054,-0.9116,-0.9048,-0.8883,-0.8658,-0.8406,-0.8143,-0.7878,-0.7611,-0.7338,-0.7055,-0.6759,-0.6452,-0.6137,-0.5824,-0.5528,-0.5264,-0.5046,-0.4882,-0.4774,-0.4715,-0.4694,-0.47,-0.472,-0.4746,-0.477,-0.4789,-0.4801
0.1493,-0.0085,-0.1494,-0.2481,-0.2956,-0.3034,-0.2946,-0.29,-0.3012,-0.3298,-0.3723,-0.4233,-0.478,-0.5331,-0.5869,-0.6388,-0.6893,-0.739,-0.7883,-0.8367,-0.8813,-0.9175,-0.9399,-0.9454,-0.9351,-0.9137,-0.8865,-0.8572,-0.8278,-0.7989,-0.7702,-0.741,-0.7107,-0.6788,-0.6451,-0.6103,-0.5754,-0.5422,-0.5128,-0.489,-0.4719,-0.4615,-0.4569,-0.4567,-0.4594,-0.4634,-0.4677,-0.4715,-0.4745,-0.4766
0.2845,0.1161,-0.0394,-0.1543,-0.219,-0.2444,-0.2524,-0.2626,-0.2857,-0.3235,-0.3727,-0.4284,-0.4863,-0.5434,-0.5984,-0.6511,-0.7023,-0.7535,-0.8055,-0.8582,-0.9086,-0.9505,-0.9761,-0.9806,-0.966,-0.9388,-0.9062,-0.8727,-0.8404,-0.8093,-0.7789,-0.7481,-0.7159,-0.6816,-0.6449,-0.6064,-0.5673,-0.5301,-0.4972,-0.4711,-0.4532,-0.4434,-0.4407,-0.4429,-0.448,-0.4543,-0.4606,-0.466,-0.4702,-0.4731
0.4483,0.2698,0.0978,-0.0376,-0.1248,-0.1734,-0.2032,-0.2318,-0.2691,-0.3173,-0.3737,-0.4343,-0.4953,-0.5542,-0.6099,-0.6628,-0.7143,-0.7662,-0.8204,-0.8774,-0.9342,-0.983,-1.0127,-1.0162,-0.9961,-0.9622,-0.924,-0.8865,-0.8516,-0.8189,-0.7872,-0.7551,-0.7213,-0.6847,-0.6448,-0.6022,-0.5585,-0.5164,-0.4794,-0.4507,-0.432,-0.4234,-0.4229,-0.428,-0.4361,-0.445,-0.4534,-0.4605,-0.466,-0.4697
0.637,0.448,0.2564,0.096,-0.0189,-0.0953,-0.1501,-0.1994,-0.2524,-0.3117,-0.3757,-0.4411,-0.5051,-0.5654,-0.6215,-0.674,-0.7248,-0.7766,-0.8322,-0.8929,-0.9562,-1.0128,-1.0475,-1.0496,-1.0233,-0.9824,-0.9387,-0.8979,-0.8611,-0.8274,-0.7951,-0.7622,-0.727,-0.6883,-0.6452,-0.5982,-0.5491,-0.5015,-0.4597,-0.428,-0.4087,-0.4015,-0.4039,-0.4125,-0.4239,-0.4358,-0.4465,-0.4553,-0.462,-0.4665
0.8435,0.6426,0.4281,0.2385,0.092,-0.0148,-0.0965,-0.1675,-0.2366,-0.3072,-0.3787,-0.449,-0.5156,-0.5772,-0.6332,-0.6846,-0.7339,-0.7844,-0.8399,-0.9029,-0.9719,-1.0363,-1.0763,-1.0771,-1.0444,-0.997,-0.9491,-0.9063,-0.8688,-0.8349,-0.8026,-0.7695,-0.7335,-0.6928,-0.6465,-0.5949,-0.5399,-0.486,-0.4387,-0.4036,-0.3836,-0.3783,-0.3842,-0.3968,-0.412,-0.427,-0.4401,-0.4506,-0.4584,-0.4637
1.0573,0.8431,0.6029,0.3813,0.2015,0.0633,-0.0455,-0.1378,-0.2227,-0.3043,-0.383,-0.4578,-0.527,-0.5895,-0.6451,-0.6949,-0.7417,-0.7896,-0.8432,-0.9063,-0.9783,-1.0486,-1.0933,-1.093,-1.0555,-1.004,-0.9543,-0.9112,-0.8743,-0.8414,-0.8099,-0.7773,-0.741,-0.6989,-0.6496,-0.5931,-0.5318,-0.4708,-0.4173,-0.3783,-0.3578,-0.3547,-0.3647,-0.3817,-0.4009,-0.4191,-0.4345,-0.4466,-0.4553,-0.4612
1.2655,1.037,0.7703,0.5164,0.3035,0.1349,0.0006,-0.1119,-0.2115,-0.3031,-0.3886,-0.4675,-0.5391,-0.6024,-0.6573,-0.705,-0.7485,-0.7924,-0.8423,-0.9025,-0.9734,-1.045,-1.092,-1.0918,-1.0532,-1.0019,-0.9537,-0.9128,-0.8781,-0.8472,-0.8174,-0.786,-0.75,-0.707,-0.6551,-0.5939,-0.526,-0.4574,-0.397,-0.3538,-0.3326,-0.3322,-0.3465,-0.3682,-0.3914,-0.4126,-0.4301,-0.4434,-0.4529,-0.4592
1.4533,1.2116,0.9201,0.6362,0.393,0.197,0.0396,-0.0907,-0.2033,-0.3039,-0.3952,-0.4779,-0.5517,-0.616,-0.6702,-0.7155,-0.7549,-0.7937,-0.8382,-0.8927,-0.9576,-1.0243,-1.0695,-1.0711,-1.0368,-0.991,-0.9481,-0.9115,-0.8805,-0.8527,-0.8255,-0.796,-0.7612,-0.718,-0.664,-0.5986,-0.5241,-0.4476,-0.3799,-0.3321,-0.3103,-0.3126,-0.3312,-0.3573,-0.3842,-0.4079,-0.4271,-0.4414,-0.4513,-0.4576
1.6063,1.3542,1.0428,0.7342,0.4659,0.2468,0.0702,-0.075,-0.1983,-0.3064,-0.4026,-0.4887,-0.5647,-0.63,-0.6839,-0.7267,-0.7616,-0.7945,-0.8323,-0.8793,-0.9346,-0.9908,-1.0302,-1.0348,-1.0097,-0.9738,-0.9389,-0.9085,-0.8822,-0.8583,-0.8345,-0.808,-0.7752,-0.7327,-0.6775,-0.6084,-0.528,-0.4439,-0.3688,-0.3163,-0.2937,-0.2983,-0.3207,-0.3505,-0.3801,-0.4057,-0.4259,-0.4406,-0.4505,-0.4566
1.7126,1.4548,1.1308,0.8055,0.519,0.2827,0.0915,-0.065,-0.1966,-0.3103,-0.4104,-0.4993,-0.5774,-0.6442,-0.6983,-0.7391,-0.7692,-0.7955,-0.8266,-0.8659,-0.9105,-0.9541,-0.9853,-0.9928,-0.9785,-0.9542,-0.9285,-0.9049,-0.884,-0.8647,-0.8452,-0.8224,-0.7926,-0.7518,-0.6965,-0.625,-0.5396,-0.4487,-0.3668,-0.3097,-0.2858,-0.2918,-0.3167,-0.3488,-0.38,-0.4064,-0.4267,-0.4411,-0.4506,-0.4561
1.7647,1.507,1.1797,0.8471,0.5506,0.3039,0.1032,-0.0609,-0.1979,-0.3152,-0.418,-0.509,-0.5892,-0.658,-0.7132,-0.7527,-0.7781,-0.7976,-0.8222,-0.8553,-0.8911,-0.9233,-0.9465,-0.9555,-0.9502,-0.9361,-0.919,-0.902,-0.8866,-0.8725,-0.8579,-0.8399,-0.8143,-0.7765,-0.7223,-0.6497,-0.5607,-0.4645,-0.3769,-0.3155,-0.2895,-0.2953,-0.3207,-0.3532,-0.3843,-0.4101,-0.4295,-0.443,-0.4515,-0.4561
1.7608,1.5095,1.1881,0.8581,0.5605,0.3102,0.1055,-0.0621,-0.2015,-0.3206,-0.4246,-0.5169,-0.5991,-0.6702,-0.7275,-0.767,-0.7881,-0.8006,-0.8198,-0.8491,-0.8794,-0.9032,-0.9198,-0.9288,-0.9291,-0.9224,-0.912,-0.9008,-0.8908,-0.8822,-0.8733,-0.8611,-0.841,-0.8075,-0.756,-0.6838,-0.593,-0.4933,-0.4014,-0.336,-0.307,-0.3105,-0.3338,-0.3642,-0.3932,-0.4169,-0.4344,-0.4461,-0.4531,-0.4564
1.7054,1.4658,1.1587,0.8403,0.5497,0.3027,0.0991,-0.0679,-0.207,-0.3256,-0.4294,-0.5222,-0.6058,-0.6795,-0.7397,-0.7804,-0.7983,-0.8041,-0.819,-0.8477,-0.8757,-0.8942,-0.9057,-0.9135,-0.9165,-0.914,-0.9082,-0.9018,-0.8969,-0.8941,-0.8919,-0.8869,-0.8736,-0.846,-0.7986,-0.7283,-0.6374,-0.5359,-0.4411,-0.372,-0.3387,-0.3374,-0.3558,-0.3816,-0.4064,-0.4266,-0.4411,-0.4503,-0.4552,-0.4568
1.6079,1.3838,1.0972,0.7977,0.521,0.2831,0.0854,-0.0776,-0.2135,-0.3297,-0.4318,-0.5239,-0.6082,-0.6839,-0.7472,-0.7902,-0.8065,-0.8068,-0.8196,-0.8504,-0.8787,-0.8931,-0.9005,-0.9073,-0.9113,-0.9108,-0.9077,-0.905,-0.9051,-0.9087,-0.9143,-0.9179,-0.9133,-0.8931,-0.8511,-0.784,-0.6941,-0.592,-0.4953,-0.4224,-0.3834,-0.3749,-0.3858,-0.4045,-0.4234,-0.4386,-0.4491,-0.4551,-0.4575,-0.4572
1.48,1.2737,1.0115,0.7357,0.478,0.2538,0.066,-0.0899,-0.2204,-0.3323,-0.4312,-0.5213,-0.605,-0.6818,-0.7476,-0.793,-0.8094,-0.8078,-0.8218,-0.8569,-0.8853,-0.8948,-0.8993,-0.9069,-0.9118,-0.912,-0.9103,-0.9104,-0.9153,-0.9259,-0.9407,-0.9549,-0.961,-0.95,-0.9146,-0.8512,-0.7628,-0.6603,-0.5616,-0.4844,-0.4382,-0.4205,-0.4217,-0.4316,-0.4429,-0.4521,-0.4578,-0.4602,-0.4597,-0.4572
1.3341,1.1462,0.9101,0.6605,0.4248,0.2177,0.0425,-0.1038,-0.2269,-0.3328,-0.4271,-0.514,-0.5957,-0.6721,-0.7388,-0.7861,-0.805,-0.807,-0.8266,-0.8663,-0.8928,-0.8944,-0.8982,-0.9106,-0.9172,-0.9168,-0.9152,-0.9175,-0.9273,-0.946,-0.9717,-0.9987,-1.0178,-1.0179,-0.9899,-0.9301,-0.8422,-0.7384,-0.6367,-0.5539,-0.4992,-0.471,-0.4612,-0.461,-0.4638,-0.4662,-0.4667,-0.465,-0.4614,-0.4566
1.181,1.0113,0.8008,0.5779,0.3658,0.1774,0.0167,-0.1182,-0.2323,-0.3309,-0.4194,-0.5017,-0.5801,-0.6545,-0.7206,-0.7694,-0.7935,-0.8052,-0.8342,-0.879,-0.9025,-0.8942,-0.9004,-0.9204,-0.9275,-0.9249,-0.922,-0.9259,-0.9409,-0.9686,-1.0072,-1.0497,-1.0844,-1.0974,-1.0772,-1.0199,-0.9306,-0.8233,-0.7165,-0.6268,-0.5625,-0.5229,-0.5014,-0.4906,-0.4846,-0.4799,-0.4748,-0.4688,-0.4621,-0.455
1.0291,0.8765,0.6903,0.4933,0.3045,0.1356,-0.0096,-0.1321,-0.236,-0.3264,-0.4079,-0.4846,-0.5585,-0.6296,-0.6941,-0.7447,-0.7768,-0.8025,-0.8444,-0.8976,-0.9253,-0.9148,-0.9232,-0.9433,-0.9442,-0.9357,-0.93,-0.9349,-0.9553,-0.9933,-1.0469,-1.1078,-1.1611,-1.1886,-1.176,-1.1189,-1.0251,-0.9113,-0.7971,-0.6987,-0.6241,-0.573,-0.54,-0.5187,-0.5038,-0.492,-0.4814,-0.4713,-0.4614,-0.452
0.8843,0.7476,0.5836,0.4105,0.2441,0.0943,-0.035,-0.1446,-0.2377,-0.319,-0.3928,-0.463,-0.5315,-0.5984,-0.6609,-0.7141,-0.7562,-0.7979,-0.8559,-0.9257,-0.9773,-0.9902,-0.991,-0.9854,-0.9673,-0.9481,-0.938,-0.9436,-0.9698,-1.0192,-1.0898,-1.1718,-1.2464,-1.2898,-1.2836,-1.2239,-1.1219,-0.9983,-0.8744,-0.7662,-0.681,-0.6187,-0.5747,-0.5435,-0.5202,-0.5016,-0.4857,-0.4716,-0.4589,-0.4473
0.7505,0.628,0.4839,0.3326,0.1869,0.0554,-0.0585,-0.1549,-0.2369,-0.3085,-0.3742,-0.4373,-0.4999,-0.5621,-0.6224,-0.6784,-0.7308,-0.789,-0.8659,-0.9615,-1.0584,-1.1208,-1.0996,-1.0419,-0.9935,-0.9602,-0.9447,-0.951,-0.9833,-1.0447,-1.1337,-1.2388,-1.3365,-1.3962,-1.3948,-1.3291,-1.2156,-1.0796,-0.9445,-0.826,-0.7305,-0.6578,-0.6038,-0.5635,-0.5325,-0.5077,-0.487,-0.4693,-0.454,-0.4406
0.6294,0.5198,0.3932,0.2613,0.1345,0.0199,-0.079,-0.1625,-0.2331,-0.2949,-0.352,-0.408,-0.4645,-0.5217,-0.5792,-0.6372,-0.6989,-0.7724,-0.8689,-0.9934,-1.1374,-1.2414,-1.1984,-1.0932,-1.0155,-0.9687,-0.9486,-0.956,-0.9946,-1.068,-1.1752,-1.3036,-1.4244,-1.4995,-1.5007,-1.4266,-1.2997,-1.1504,-1.004,-0.8754,-0.7705,-0.6885,-0.6257,-0.5775,-0.5398,-0.5095,-0.4847,-0.4639,-0.4463,-0.4315
0.5216,0.4236,0.3125,0.1976,0.0877,-0.0112,-0.0962,-0.1671,-0.2263,-0.2779,-0.3264,-0.3754,-0.4261,-0.4783,-0.532,-0.5901,-0.6582,-0.7444,-0.8579,-1.0045,-1.1737,-1.2877,-1.2395,-1.1186,-1.0255,-0.9704,-0.9479,-0.9573,-1.002,-1.0863,-1.2098,-1.3588,-1.4999,-1.5876,-1.5896,-1.5065,-1.367,-1.2058,-1.0495,-0.9124,-0.7995,-0.7097,-0.6395,-0.5846,-0.5412,-0.5063,-0.478,-0.4547,-0.4355,-0.4197
0.4268,0.3392,0.2416,0.1419,0.047,-0.0378,-0.1096,-0.1683,-0.2162,-0.2574,-0.2972,-0.3397,-0.3857,-0.4332,-0.482,-0.5371,-0.6078,-0.7024,-0.8273,-0.9838,-1.1523,-1.2555,-1.2178,-1.1099,-1.0186,-0.963,-0.9414,-0.9538,-1.0041,-1.097,-1.2326,-1.3963,-1.5514,-1.6473,-1.6489,-1.5592,-1.4109,-1.2417,-1.0786,-0.9354,-0.8163,-0.7203,-0.6442,-0.5838,-0.5359,-0.4974,-0.4665,-0.4414,-0.4212,-0.4049
0.3443,0.266,0.1803,0.0938,0.0123,-0.0596,-0.1192,-0.1662,-0.2027,-0.2333,-0.2643,-0.3012,-0.3443,-0.3886,-0.4314,-0.4798,-0.5482,-0.6466,-0.7764,-0.9312,-1.0846,-1.1735,-1.1531,-1.0717,-0.9947,-0.9457,-0.9284,-0.9449,-0.9997,-1.0978,-1.2394,-1.4093,-1.5696,-1.6682,-1.6695,-1.5777,-1.4269,-1.2554,-1.0897,-0.9432,-0.8201,-0.7197,-0.6391,-0.5746,-0.5233,-0.4823,-0.4496,-0.4236,-0.4031,-0.387
0.2728,0.203,0.1278,0.0529,-0.0168,-0.077,-0.1253,-0.161,-0.186,-0.2055,-0.2273,-0.2596,-0.3028,-0.347,-0.3838,-0.422,-0.4833,-0.5805,-0.7096,-0.8557,-0.9907,-1.0691,-1.0663,-1.0134,-0.9565,-0.9189,-0.9086,-0.9299,-0.9878,-1.0874,-1.2281,-1.3949,-1.551,-1.6466,-1.6483,-1.56,-1.4137,-1.2458,-1.0819,-0.9352,-0.8104,-0.7073,-0.6236,-0.5564,-0.5028,-0.4604,-0.427,-0.401,-0.3809,-0.3657
0.2114,0.1491,0.0832,0.0185,-0.0407,-0.0905,-0.1284,-0.1533,-0.1668,-0.1743,-0.1859,-0.2141,-0.2614,-0.311,-0.3438,-0.3692,-0.4197,-0.5121,-0.6357,-0.7695,-0.8873,-0.959,-0.9711,-0.9436,-0.9077,-0.8841,-0.8824,-0.9087,-0.9683,-1.0656,-1.1995,-1.3552,-1.499,-1.587,-1.5896,-1.5091,-1.3731,-1.214,-1.0557,-0.9115,-0.7869,-0.6826,-0.5973,-0.5286,-0.4741,-0.4313,-0.3983,-0.3732,-0.3545,-0.3409
0.1586,0.1032,0.0456,-0.0102,-0.0601,-0.1007,-0.1291,-0.144,-0.1462,-0.1408,-0.1403,-0.1636,-0.2194,-0.2822,-0.3157,-0.3286,-0.3666,-0.4508,-0.5647,-0.6834,-0.7854,-0.8516,-0.8752,-0.8682,-0.8519,-0.8426,-0.8503,-0.8814,-0.9414,-1.0337,-1.1563,-1.2954,-1.4219,-1.4993,-1.5024,-1.4318,-1.3093,-1.1621,-1.012,-0.8724,-0.7495,-0.6455,-0.5598,-0.4909,-0.4366,-0.3948,-0.3632,-0.3401,-0.3237,-0.3124
0.1134,0.0641,0.0138,-0.0341,-0.0759,-0.1083,-0.1285,-0.1344,-0.126,-0.1076,-0.0929,-0.1087,-0.1752,-0.2598,-0.3012,-0.3055,-0.3318,-0.4046,-0.5039,-0.6045,-0.6903,-0.7504,-0.7814,-0.7907,-0.7915,-0.796,-0.813,-0.8487,-0.908,-0.9935,-1.1025,-1.2225,-1.3296,-1.3946,-1.3971,-1.3361,-1.2275,-1.0932,-0.9525,-0.8185,-0.6985,-0.5957,-0.5107,-0.4428,-0.39,-0.3504,-0.3216,-0.3016,-0.2884,-0.2804
0.0747,0.0309,-0.013,-0.054,-0.0888,-0.1143,-0.1275,-0.1259,-0.1087,-0.0787,-0.0497,-0.0548,-0.1296,-0.2395,-0.2956,-0.2991,-0.317,-0.3755,-0.4553,-0.5346,-0.6028,-0.6552,-0.6906,-0.7125,-0.7282,-0.7456,-0.7715,-0.8113,-0.8693,-0.9472,-1.0419,-1.1427,-1.2304,-1.2825,-1.2829,-1.2294,-1.133,-1.0107,-0.8791,-0.7509,-0.634,-0.5331,-0.4498,-0.3839,-0.334,-0.298,-0.2733,-0.2576,-0.2487,-0.2449
0.0414,0.0026,-0.0357,-0.0707,-0.0996,-0.1194,-0.127,-0.1201,-0.0968,-0.0593,-0.0203,-0.0156,-0.092,-0.2179,-0.2891,-0.3005,-0.3152,-0.3584,-0.4158,-0.4714,-0.5205,-0.564,-0.6019,-0.6343,-0.6632,-0.6924,-0.7267,-0.7703,-0.8267,-0.8969,-0.9779,-1.0608,-1.1304,-1.1699,-1.1665,-1.1176,-1.0303,-0.9176,-0.7936,-0.6703,-0.5564,-0.4577,-0.3768,-0.3142,-0.2686,-0.2375,-0.2183,-0.2082,-0.2048,-0.2061
0.0128,-0.0216,-0.055,-0.085,-0.109,-0.1242,-0.1279,-0.1178,-0.0921,-0.0528,-0.0122,-0.005,-0.0764,-0.1984,-0.2765,-0.2998,-0.3155,-0.3448,-0.3792,-0.41,-0.4396,-0.474,-0.5141,-0.5563,-0.5975,-0.6378,-0.6798,-0.7268,-0.7815,-0.8446,-0.9132,-0.98,-1.0335,-1.0608,-1.0522,-1.0047,-0.9229,-0.8166,-0.6977,-0.5778,-0.4662,-0.3696,-0.2918,-0.2336,-0.1936,-0.1692,-0.157,-0.1538,-0.157,-0.1642
-0.012,-0.0425,-0.0717,-0.0974,-0.1174,-0.1292,-0.1306,-0.1194,-0.0948,-0.0593,-0.0253,-0.0228,-0.0851,-0.1879,-0.2618,-0.2933,-0.3105,-0.3273,-0.3394,-0.3455,-0.3561,-0.3828,-0.4266,-0.4791,-0.5323,-0.5831,-0.6322,-0.6822,-0.7353,-0.7919,-0.8495,-0.9023,-0.9415,-0.9573,-0.9422,-0.8932,-0.8132,-0.7098,-0.5931,-0.4744,-0.3638,-0.2692,-0.195,-0.1424,-0.1096,-0.0934,-0.0897,-0.0948,-0.1057,-0.1198
-0.0336,-0.0607,-0.0863,-0.1085,-0.1253,-0.1348,-0.1351,-0.1247,-0.1036,-0.0754,-0.0518,-0.056,-0.1077,-0.1873,-0.2502,-0.2832,-0.2986,-0.3027,-0.2931,-0.2751,-0.2683,-0.2903,-0.3403,-0.4043,-0.4694,-0.5298,-0.5853,-0.6378,-0.6892,-0.7399,-0.788,-0.8286,-0.8552,-0.8602,-0.8376,-0.7846,-0.703,-0.5988,-0.4812,-0.3614,-0.2504,-0.1572,-0.0871,-0.0413,-0.0173,-0.011,-0.0173,-0.0321,-0.0516,-0.0733
-0.0525,-0.0766,-0.0992,-0.1185,-0.133,-0.141,-0.1412,-0.1327,-0.1165,-0.0966,-0.0831,-0.0922,-0.1336,-0.1931,-0.2431,-0.2718,-0.2815,-0.272,-0.2413,-0.2006,-0.1792,-0.2001,-0.2589,-0.3348,-0.4109,-0.4797,-0.5405,-0.5948,-0.6445,-0.6899,-0.7295,-0.7596,-0.775,-0.7697,-0.7388,-0.6797,-0.5936,-0.4854,-0.3638,-0.2404,-0.1274,-0.0351,0.0305,0.0684,0.082,0.0769,0.059,0.0336,0.0045,-0.0256
-0.0692,-0.0908,-0.1108,-0.1279,-0.1406,-0.1478,-0.1485,-0.1426,-0.1313,-0.1189,-0.1133,-0.1247,-0.1574,-0.2014,-0.2392,-0.2606,-0.2621,-0.2391,-0.1895,-0.1299,-0.0979,-0.1203,-0.1881,-0.2746,-0.3595,-0.4347,-0.4991,-0.5543,-0.6019,-0.6423,-0.6744,-0.6953,-0.7006,-0.6855,-0.6458,-0.5792,-0.4862,-0.3712,-0.2428,-0.1135,0.0031,0.0951,0.1557,0.1845,0.1864,0.1684,0.1378,0.1007,0.0614,0.0227
-0.0841,-0.1035,-0.1214,-0.1366,-0.1481,-0.1549,-0.1565,-0.1532,-0.1465,-0.1401,-0.1398,-0.1517,-0.1775,-0.2098,-0.2372,-0.2505,-0.2433,-0.2089,-0.1459,-0.0743,-0.0366,-0.0609,-0.1347,-0.2274,-0.3175,-0.3962,-0.4623,-0.5171,-0.5621,-0.5978,-0.6231,-0.6357,-0.6319,-0.6075,-0.5589,-0.4836,-0.3819,-0.258,-0.1208,0.0164,0.1378,0.2299,0.2852,0.3041,0.293,0.2611,0.2171,0.1679,0.1181,0.0704
-0.0975,-0.115,-0.1312,-0.1449,-0.1555,-0.1623,-0.1649,-0.164,-0.161,-0.159,-0.1619,-0.1735,-0.1937,-0.2173,-0.2361,-0.242,-0.2276,-0.1861,-0.1175,-0.0431,-0.0048,-0.0292,-0.103,-0.1959,-0.2863,-0.3651,-0.4307,-0.4838,-0.5257,-0.5566,-0.5757,-0.5807,-0.5686,-0.5355,-0.4779,-0.3935,-0.2822,-0.1481,-0.0006,0.1455,0.2726,0.3649,0.4146,0.423,0.3985,0.3523,0.2947,0.2333,0.173,0.1166
-0.1096,-0.1256,-0.1402,-0.1529,-0.1628,-0.1696,-0.1733,-0.1744,-0.1743,-0.1752,-0.18,-0.1906,-0.2065,-0.2235,-0.2355,-0.2355,-0.2166,-0.173,-0.1065,-0.0376,-0.0029,-0.025,-0.0929,-0.18,-0.266,-0.3417,-0.4045,-0.4546,-0.4928,-0.5189,-0.5321,-0.5303,-0.5105,-0.4693,-0.4031,-0.3096,-0.1886,-0.0441,0.114,0.2693,0.402,0.4947,0.5387,0.5366,0.4989,0.4388,0.368,0.295,0.2248,0.1602
