docs/data/wind_grid.json
[{"header":{"la1":42.85,"la2":41.18,"lo1":11.55,"lo2":14.05,"nx":36,"ny":24,"dx":0.07143,"dy":0.07261,"parameterCategory":2,"parameterNumber":2,"parameterNumberName":"eastward_wind","parameterUnit":"m.s-1"},"data":[2.3496,2.3434,2.3363,2.3282,2.3193,2.3097,2.2994,2.2884,2.2766,2.2638,2.2499,2.2351,2.2194,2.2031,2.1864,2.1697,2.1539,2.14,2.1295,2.1233,2.1213,2.1227,2.1258,2.1293,2.1322,2.1338,2.1339,2.1326,2.13,2.1265,2.1222,2.1175,2.1125,2.1075,2.1028,2.0984,2.3569,2.3504,2.3428,2.334,2.3243,2.3138,2.3027,2.2909,2.2782,2.2642,2.2487,2.2317,2.2136,2.1945,2.1745,2.1539,2.1336,2.1156,2.1023,2.096,2.0965,2.1019,2.1095,2.1168,2.1224,2.1257,2.1267,2.1256,2.1229,2.1189,2.1139,2.1085,2.1028,2.0972,2.0919,2.087,2.3652,2.3586,2.3504,2.3408,2.3301,2.3185,2.3064,2.294,2.2807,2.2654,2.2478,2.2282,2.2071,2.1848,2.1609,2.1351,2.108,2.0825,2.0642,2.0577,2.0632,2.076,2.0907,2.1035,2.1127,2.118,2.1198,2.1188,2.1156,2.1108,2.1049,2.0985,2.0919,2.0854,2.0795,2.0741,2.375,2.3682,2.3596,2.349,2.3367,2.3236,2.3104,2.2977,2.2843,2.2678,2.2474,2.2242,2.1996,2.1739,2.1458,2.1135,2.0759,2.0371,2.0085,2.0021,2.0179,2.0445,2.0706,2.0909,2.1042,2.1114,2.1137,2.1122,2.108,2.102,2.0948,2.0871,2.0794,2.072,2.0652,2.0593,2.3866,2.3799,2.3709,2.3592,2.3449,2.3292,2.3143,2.302,2.2902,2.2725,2.2472,2.2186,2.1898,2.161,2.1298,2.0911,2.039,1.9758,1.9251,1.9199,1.9583,2.0093,2.0519,2.081,2.0983,2.1066,2.1085,2.1058,2.1,2.0923,2.0834,2.0741,2.0649,2.0563,2.0486,2.0421,2.4003,2.3943,2.3853,2.3727,2.356,2.3363,2.3177,2.3064,2.2999,2.2798,2.2453,2.2088,2.1753,2.1447,2.1133,2.0722,2.006,1.9055,1.8112,1.8106,1.893,1.9802,2.0411,2.0775,2.0966,2.1042,2.1043,2.0994,2.0913,2.0812,2.07,2.0587,2.0477,2.0378,2.0291,2.022,2.4164,2.412,2.4042,2.3915,2.3727,2.3479,2.322,2.3091,2.3101,2.2828,2.2343,2.1894,2.1519,2.1212,2.0946,2.0613,1.9967,1.8712,1.7284,1.7343,1.8636,1.9779,2.047,2.0836,2.1001,2.1043,2.1009,2.0926,2.0811,2.0679,2.054,2.0401,2.0271,2.0155,2.0058,1.9983,2.4352,2.4337,2.4288,2.4185,2.3999,2.3709,2.3343,2.3067,2.2945,2.2539,2.2005,2.1546,2.114,2.0832,2.0662,2.0548,2.0226,1.9347,1.8186,1.8191,1.9257,2.0196,2.074,2.0998,2.1081,2.106,2.0972,2.0842,2.0686,2.0516,2.0342,2.0174,2.0019,1.9886,1.9778,1.9699,2.4564,2.4593,2.4599,2.4559,2.443,2.4149,2.3661,2.3001,2.2292,2.1689,2.1365,2.1028,2.0555,2.0177,2.0122,2.0364,2.0616,2.0539,2.0178,2.0136,2.0531,2.0932,2.1154,2.1219,2.118,2.1071,2.0917,2.0731,2.0525,2.0309,2.0094,1.989,1.9708,1.9555,1.9437,1.9357,2.479,2.4878,2.4967,2.5041,2.5059,2.4919,2.4387,2.3054,2.0853,1.9785,2.0436,2.044,1.9687,1.9003,1.9058,1.9869,2.0933,2.1723,2.1992,2.193,2.1812,2.1702,2.1577,2.1427,2.1251,2.1049,2.0823,2.0575,2.0313,2.0043,1.9779,1.9533,1.9317,1.9143,1.9017,1.8942,2.5015,2.517,2.536,2.5593,2.5867,2.6118,2.6019,2.4322,1.8638,1.6047,1.9749,2.006,1.8446,1.6831,1.7029,1.8959,2.1361,2.333,2.4049,2.3628,2.2913,2.2319,2.1881,2.1542,2.1249,2.0964,2.0668,2.0357,2.0032,1.97,1.9376,1.9077,1.8821,1.8624,1.8495,1.8433,2.522,2.5437,2.5723,2.6119,2.6692,2.7543,2.8711,2.9141,2.3848,1.9522,2.1095,2.0353,1.7184,1.3248,1.3581,1.7896,2.2397,2.6643,2.7508,2.5519,2.3744,2.2632,2.195,2.1493,2.113,2.0788,2.0434,2.0059,1.9664,1.9258,1.8858,1.8491,1.8185,1.7963,1.7838,1.7806,2.5387,2.5646,2.5995,2.6494,2.7252,2.8478,3.0494,3.2894,3.0449,2.539,2.3243,2.2,1.882,1.1118,1.1291,1.8108,2.37,3.1714,3.191,2.6745,2.3855,2.2404,2.166,2.1222,2.0869,2.0505,2.0104,1.9665,1.9191,1.8692,1.8191,1.7729,1.7355,1.7108,1.7003,1.7028,2.5504,2.5778,2.6142,2.6648,2.738,2.8471,3.0009,3.1517,3.0249,2.6789,2.4775,2.4027,2.3246,1.7527,1.7859,2.0116,2.2943,2.8016,2.8879,2.526,2.2623,2.1337,2.0904,2.0717,2.0473,2.0113,1.9666,1.9158,1.8595,1.7976,1.7329,1.6724,1.6252,1.5981,1.5929,1.606,2.5571,2.5836,2.6174,2.6612,2.7184,2.7905,2.8673,2.9042,2.8332,2.7309,2.6871,2.5841,2.363,2.3589,2.1559,2.134,2.0719,2.3173,2.4058,2.2239,1.9773,1.9113,1.9687,2.0064,1.9987,1.9609,1.9096,1.8521,1.7864,1.7087,1.6215,1.5375,1.4752,1.4471,1.4538,1.4863,2.5596,2.5837,2.6128,2.6478,2.6883,2.7314,2.7672,2.7809,2.7802,2.8457,3.0657,2.96,2.7619,2.5064,2.4056,2.2675,2.1546,2.2623,2.2393,1.9713,1.5183,1.5889,1.8479,1.9522,1.9478,1.895,1.8329,1.7726,1.701,1.6025,1.4778,1.3525,1.2659,1.242,1.2748,1.3414,2.5589,2.5802,2.6047,2.632,2.6613,2.69,2.7145,2.7357,2.7721,2.8712,3.0422,2.9596,2.9987,3.0372,2.7264,2.5697,2.4345,2.3302,2.2177,1.9763,1.4674,1.5653,1.8525,1.9392,1.8919,1.7961,1.7211,1.6744,1.6095,1.4845,1.2953,1.0946,0.9703,0.9665,1.0528,1.1761,2.5562,2.5749,2.5955,2.6177,2.6407,2.6635,2.6861,2.712,2.7509,2.8115,2.8713,2.9068,3.0611,3.1191,3.0786,3.0564,2.7066,2.3256,2.1307,2.1817,2.0056,1.9443,1.995,1.9619,1.8125,1.6271,1.5462,1.5593,1.5281,1.3714,1.078,0.7476,0.5731,0.6261,0.807,1.0103,2.5523,2.5688,2.5866,2.6054,2.625,2.6452,2.6668,2.6924,2.7253,2.7663,2.811,2.8674,2.963,3.1339,3.7103,3.9473,3.0434,2.4623,2.2904,2.4524,2.3583,2.2419,2.1573,2.0058,1.7232,1.3848,1.3098,1.4594,1.4845,1.2968,0.8763,0.3766,0.1576,0.3076,0.603,0.8851,2.5477,2.5624,2.5782,2.5947,2.6121,2.6306,2.651,2.6745,2.7029,2.7369,2.7787,2.8373,2.9374,3.1555,3.6197,3.7393,3.1004,2.6811,2.7001,2.7769,2.57,2.4499,2.3366,2.1158,1.756,1.3535,1.2745,1.4847,1.5077,1.301,0.822,0.2415,0.0068,0.2019,0.5406,0.8485,2.5426,2.5559,2.57,2.5849,2.6007,2.6177,2.6365,2.6579,2.683,2.7132,2.7515,2.8049,2.8883,3.0231,3.1816,3.174,2.9383,2.7334,2.6969,2.7044,2.6678,2.6921,2.6376,2.3592,1.9606,1.6737,1.647,1.6457,1.5866,1.3868,0.9816,0.5065,0.286,0.401,0.6595,0.917,2.5371,2.5492,2.562,2.5756,2.5899,2.6054,2.6225,2.6417,2.6638,2.6901,2.7226,2.7648,2.8203,2.8862,2.9342,2.9116,2.8165,2.7238,2.6898,2.7136,2.8413,3.1269,3.1877,2.7442,2.1975,1.8301,1.7126,1.7102,1.6586,1.5006,1.2211,0.9089,0.7301,0.7486,0.888,1.0596,2.5314,2.5424,2.554,2.5663,2.5793,2.5933,2.6086,2.6255,2.6445,2.6665,2.6921,2.7222,2.7558,2.7867,2.801,2.7843,2.7419,2.7029,2.6998,2.769,2.9974,3.4339,3.5572,3.0153,2.4012,1.9924,1.8114,1.7684,1.7201,1.605,1.4248,1.2306,1.1,1.0732,1.1297,1.227,2.5253,2.5353,2.5459,2.557,2.5687,2.5811,2.5945,2.6091,2.6251,2.6427,2.6619,2.6824,2.7022,2.717,2.7211,2.711,2.692,2.6796,2.6957,2.7725,2.9548,3.2134,3.2576,2.9209,2.4846,2.1533,1.9629,1.8683,1.7961,1.7016,1.5796,1.454,1.3607,1.3224,1.3365,1.3852]},{"header":{"la1":42.85,"la2":41.18,"lo1":11.55,"lo2":14.05,"nx":36,"ny":24,"dx":0.07143,"dy":0.07261,"parameterCategory":2,"parameterNumber":3,"parameterNumberName":"northward_wind","parameterUnit":"m.s-1"},"data":[-0.4072,-0.4174,-0.4293,-0.4431,-0.4583,-0.4746,-0.4912,-0.5076,-0.5237,-0.5397,-0.5564,-0.5745,-0.5944,-0.6161,-0.6393,-0.6627,-0.6847,-0.7026,-0.7139,-0.7163,-0.7095,-0.6944,-0.6731,-0.6478,-0.6203,-0.5921,-0.5639,-0.5363,-0.5097,-0.4843,-0.4601,-0.4374,-0.4162,-0.3965,-0.3784,-0.3617,-0.398,-0.4087,-0.4219,-0.4376,-0.4554,-0.4747,-0.4942,-0.5129,-0.5301,-0.5466,-0.5637,-0.5831,-0.6055,-0.6314,-0.6604,-0.6912,-0.7216,-0.7476,-0.7644,-0.7681,-0.7579,-0.7362,-0.707,-0.6739,-0.6395,-0.6054,-0.5723,-0.5406,-0.5105,-0.4821,-0.4555,-0.4307,-0.4077,-0.3866,-0.3673,-0.3499,-0.3864,-0.3976,-0.412,-0.4301,-0.4516,-0.4754,-0.4997,-0.5217,-0.54,-0.5555,-0.5715,-0.5912,-0.616,-0.6465,-0.6826,-0.7235,-0.7666,-0.8059,-0.8321,-0.8373,-0.8203,-0.7872,-0.7457,-0.7018,-0.6586,-0.6175,-0.5789,-0.5427,-0.5089,-0.4775,-0.4484,-0.4214,-0.3967,-0.3742,-0.3538,-0.3356,-0.3719,-0.3831,-0.3986,-0.4194,-0.4459,-0.4771,-0.5097,-0.538,-0.5571,-0.5687,-0.5805,-0.5986,-0.6253,-0.6606,-0.7049,-0.7588,-0.8209,-0.8829,-0.9264,-0.933,-0.9017,-0.848,-0.7878,-0.7295,-0.6759,-0.627,-0.5826,-0.5418,-0.5043,-0.4698,-0.4381,-0.4091,-0.3826,-0.3587,-0.3374,-0.3184,-0.3538,-0.364,-0.38,-0.4034,-0.4361,-0.4783,-0.5264,-0.5685,-0.5891,-0.5898,-0.5908,-0.6049,-0.6327,-0.6726,-0.7251,-0.7937,-0.8822,-0.983,-1.0601,-1.0664,-1.0041,-0.915,-0.8286,-0.7532,-0.6885,-0.6321,-0.582,-0.5369,-0.4959,-0.4584,-0.4241,-0.393,-0.3649,-0.3398,-0.3175,-0.298,-0.3314,-0.3393,-0.3539,-0.3784,-0.4168,-0.4729,-0.5464,-0.6189,-0.6453,-0.6201,-0.6007,-0.6091,-0.6384,-0.6821,-0.7405,-0.821,-0.9373,-1.0944,-1.2321,-1.233,-1.1121,-0.9731,-0.8581,-0.7673,-0.6934,-0.6308,-0.576,-0.527,-0.4827,-0.4424,-0.4058,-0.3727,-0.343,-0.3167,-0.2937,-0.2739,-0.3044,-0.3077,-0.3179,-0.3396,-0.3792,-0.4453,-0.5449,-0.6611,-0.7017,-0.6401,-0.6027,-0.6107,-0.6433,-0.6901,-0.7501,-0.8323,-0.9585,-1.1531,-1.3504,-1.3427,-1.1661,-0.9934,-0.8641,-0.7664,-0.688,-0.6216,-0.5635,-0.5114,-0.4642,-0.4213,-0.3823,-0.3473,-0.3161,-0.2887,-0.2652,-0.2454,-0.2731,-0.269,-0.2705,-0.2828,-0.3139,-0.3752,-0.4756,-0.5958,-0.6446,-0.6082,-0.5934,-0.6117,-0.6503,-0.7001,-0.7578,-0.8298,-0.9328,-1.0862,-1.243,-1.243,-1.1036,-0.9581,-0.842,-0.7492,-0.6717,-0.6042,-0.544,-0.4894,-0.4397,-0.3942,-0.353,-0.316,-0.2834,-0.2552,-0.2313,-0.2118,-0.2388,-0.2243,-0.212,-0.2065,-0.2161,-0.2543,-0.3337,-0.4434,-0.5358,-0.583,-0.597,-0.6185,-0.6633,-0.718,-0.7728,-0.8308,-0.9004,-0.9825,-1.052,-1.0548,-0.9869,-0.894,-0.8032,-0.7207,-0.6464,-0.5791,-0.5175,-0.4608,-0.4086,-0.3606,-0.317,-0.278,-0.2439,-0.2149,-0.1911,-0.1723,-0.204,-0.1769,-0.1463,-0.1141,-0.0868,-0.0812,-0.1335,-0.3004,-0.5808,-0.7199,-0.6476,-0.6309,-0.6855,-0.7525,-0.8047,-0.852,-0.9053,-0.9546,-0.9789,-0.9643,-0.9136,-0.8419,-0.7638,-0.6872,-0.6149,-0.5473,-0.4842,-0.4253,-0.3704,-0.3196,-0.2733,-0.2319,-0.1962,-0.1666,-0.1432,-0.1258,-0.1721,-0.1321,-0.081,-0.016,0.0641,0.15,0.1871,-0.0219,-0.7995,-1.1479,-0.6986,-0.6253,-0.7194,-0.8203,-0.8597,-0.8939,-0.9572,-1.02,-1.0302,-0.9786,-0.8987,-0.8132,-0.7302,-0.6519,-0.5784,-0.5094,-0.4443,-0.3827,-0.3246,-0.2703,-0.2206,-0.1763,-0.1387,-0.1085,-0.086,-0.0709,-0.1475,-0.0967,-0.0279,0.0681,0.2055,0.4038,0.6657,0.7902,-0.0239,-0.6881,-0.5276,-0.5643,-0.7517,-0.9747,-0.9234,-0.9411,-1.0539,-1.1953,-1.201,-1.0596,-0.9122,-0.7936,-0.6967,-0.6128,-0.5366,-0.4652,-0.3975,-0.3327,-0.2707,-0.2118,-0.1573,-0.109,-0.0688,-0.0381,-0.0174,-0.006,-0.1334,-0.077,0.0013,0.1141,0.2843,0.5526,0.9749,1.4506,0.9997,0.0747,-0.3097,-0.3959,-0.5962,-0.971,-0.8947,-0.9984,-1.1864,-1.4324,-1.4205,-1.1256,-0.9043,-0.7586,-0.6534,-0.5665,-0.488,-0.4144,-0.3439,-0.2754,-0.2083,-0.143,-0.0815,-0.0269,0.0171,0.0481,0.0655,0.071,-0.1317,-0.0761,0.0002,0.1084,0.2669,0.5031,0.8339,1.1553,0.8803,0.1175,-0.2711,-0.1918,-0.1914,-0.7894,-0.8938,-1.1924,-1.4702,-1.4117,-1.3133,-1.0472,-0.8278,-0.6916,-0.5954,-0.5114,-0.4323,-0.3571,-0.2842,-0.2116,-0.1378,-0.0629,0.0098,0.0744,0.1244,0.1553,0.1669,0.1625,-0.1418,-0.0928,-0.0282,0.0581,0.1731,0.3194,0.4729,0.5247,0.2813,-0.1314,-0.3716,-0.436,-0.621,-0.9015,-0.9526,-1.7091,-2.5168,-1.6152,-1.1362,-0.8646,-0.6939,-0.6078,-0.5321,-0.4502,-0.3702,-0.2948,-0.2213,-0.1446,-0.0612,0.0287,0.12,0.202,0.2616,0.291,0.2914,0.2706,-0.1609,-0.122,-0.074,-0.0157,0.051,0.1158,0.1487,0.0921,-0.0944,-0.3356,-0.4835,-0.4523,-0.5661,-0.7792,-0.9585,-1.5677,-2.1209,-1.4163,-0.9065,-0.6708,-0.6009,-0.5682,-0.4766,-0.3826,-0.3024,-0.233,-0.1636,-0.0823,0.0162,0.1311,0.2544,0.3667,0.4417,0.4651,0.4439,0.396,-0.1853,-0.1575,-0.126,-0.0927,-0.0627,-0.0471,-0.0651,-0.1381,-0.2673,-0.4103,-0.4952,-0.5249,-0.6826,-0.7836,-0.8707,-1.0573,-1.1086,-0.8183,-0.5484,-0.4814,-0.5675,-0.5255,-0.3934,-0.2963,-0.2328,-0.1896,-0.1348,-0.0418,0.0862,0.2419,0.4184,0.5831,0.6809,0.6863,0.6241,0.5337,-0.2117,-0.1937,-0.1759,-0.161,-0.1537,-0.1619,-0.1948,-0.2586,-0.3471,-0.4384,-0.5116,-0.592,-0.7294,-0.7888,-0.8569,-0.8924,-0.7289,-0.4118,-0.2852,-0.1813,-0.2358,-0.275,-0.2307,-0.1854,-0.179,-0.2154,-0.1929,-0.0469,0.1452,0.3576,0.6097,0.8574,0.9834,0.9455,0.8157,0.6682,-0.2372,-0.2272,-0.2194,-0.2163,-0.2213,-0.2391,-0.2736,-0.3258,-0.3909,-0.4597,-0.5274,-0.6022,-0.6887,-0.7892,-1.0218,-1.1051,-0.6514,-0.2041,0.0345,0.5356,0.2943,0.05,-0.034,-0.0617,-0.1464,-0.3738,-0.4153,-0.0719,0.2254,0.4736,0.7909,1.1333,1.2814,1.1774,0.9707,0.77,-0.2602,-0.2561,-0.255,-0.2587,-0.2697,-0.2903,-0.322,-0.3646,-0.4152,-0.4699,-0.5268,-0.588,-0.6585,-0.7626,-0.9521,-0.9797,-0.5305,0.121,1.2537,1.7314,0.7555,0.291,0.1406,0.0842,-0.0138,-0.3355,-0.4067,0.1736,0.4196,0.5846,0.8741,1.2342,1.3845,1.2544,1.0232,0.8075,-0.2799,-0.2798,-0.2827,-0.2901,-0.3033,-0.3235,-0.3512,-0.3859,-0.4258,-0.4687,-0.5132,-0.559,-0.6079,-0.6632,-0.7074,-0.6344,-0.3342,0.1844,0.8776,1.1025,0.659,0.3723,0.2834,0.2539,0.2968,0.51,1.0649,0.9959,0.7359,0.6823,0.8335,1.084,1.2095,1.1299,0.9532,0.7723,-0.2961,-0.2984,-0.3036,-0.3124,-0.3258,-0.3441,-0.3676,-0.3954,-0.4263,-0.4587,-0.4907,-0.5205,-0.5455,-0.5585,-0.5382,-0.4416,-0.2325,0.076,0.3881,0.5097,0.4394,0.416,0.4209,0.3865,0.5156,1.0066,1.6441,1.3807,0.9224,0.7333,0.7523,0.8691,0.9469,0.9179,0.8143,0.6884,-0.3087,-0.3124,-0.3186,-0.3276,-0.34,-0.3559,-0.3751,-0.3968,-0.4199,-0.4429,-0.4636,-0.4794,-0.4859,-0.4753,-0.4339,-0.3441,-0.1969,-0.0094,0.168,0.2821,0.3572,0.4653,0.4968,0.4349,0.532,0.8546,1.162,1.0987,0.8596,0.7055,0.6708,0.7051,0.7385,0.7265,0.6695,0.5887,-0.3183,-0.3226,-0.3288,-0.3373,-0.3482,-0.3614,-0.3765,-0.3928,-0.4092,-0.4242,-0.4356,-0.4408,-0.4355,-0.4139,-0.3683,-0.2919,-0.184,-0.0558,0.0717,0.184,0.2914,0.3949,0.4278,0.4089,0.4702,0.6308,0.7749,0.7865,0.7026,0.6216,0.5859,0.586,0.5927,0.5818,0.5469,0.4945]}]