docs/data/wind_grid.json
[{"header":{"la1":42.85,"la2":41.18,"lo1":11.55,"lo2":14.05,"nx":36,"ny":24,"dx":0.07143,"dy":0.07261,"parameterCategory":2,"parameterNumber":2,"parameterNumberName":"eastward_wind","parameterUnit":"m.s-1"},"data":[-0.6784,-0.6817,-0.6837,-0.6844,-0.6841,-0.6829,-0.6808,-0.6777,-0.6736,-0.6691,-0.6651,-0.6632,-0.6643,-0.6685,-0.6754,-0.6832,-0.6894,-0.6909,-0.6848,-0.6702,-0.6496,-0.6285,-0.6125,-0.6039,-0.6012,-0.6012,-0.6016,-0.6012,-0.5997,-0.5971,-0.5937,-0.5898,-0.5857,-0.5815,-0.5774,-0.5734,-0.6928,-0.6971,-0.6996,-0.7005,-0.7002,-0.6991,-0.6972,-0.6938,-0.6881,-0.6806,-0.6733,-0.6689,-0.6694,-0.6754,-0.6861,-0.6994,-0.7113,-0.7164,-0.7084,-0.684,-0.6474,-0.6112,-0.5884,-0.5821,-0.586,-0.5927,-0.5977,-0.6,-0.5997,-0.5975,-0.5941,-0.59,-0.5856,-0.5811,-0.5767,-0.5725,-0.7103,-0.7163,-0.7197,-0.7207,-0.7203,-0.7198,-0.7195,-0.7172,-0.7098,-0.6971,-0.6833,-0.6741,-0.673,-0.681,-0.6972,-0.7192,-0.7419,-0.7559,-0.7474,-0.7054,-0.6351,-0.5667,-0.5344,-0.5403,-0.5617,-0.5813,-0.5937,-0.5993,-0.6003,-0.5983,-0.5947,-0.5902,-0.5854,-0.5805,-0.5758,-0.5713,-0.7321,-0.7409,-0.7457,-0.7464,-0.7452,-0.7458,-0.7503,-0.7541,-0.7464,-0.7236,-0.6963,-0.6776,-0.6733,-0.6835,-0.7071,-0.7422,-0.7841,-0.8196,-0.8199,-0.7496,-0.6048,-0.4595,-0.4196,-0.4696,-0.5304,-0.5709,-0.592,-0.6006,-0.602,-0.5997,-0.5954,-0.5903,-0.5849,-0.5796,-0.5745,-0.5698,-0.7592,-0.7733,-0.781,-0.7807,-0.7758,-0.7762,-0.792,-0.8163,-0.8148,-0.7691,-0.7127,-0.677,-0.6676,-0.6806,-0.7128,-0.7648,-0.8379,-0.9221,-0.9656,-0.8658,-0.5685,-0.2356,-0.2162,-0.3842,-0.508,-0.5699,-0.5964,-0.6051,-0.6054,-0.6017,-0.5962,-0.5902,-0.5841,-0.5783,-0.5728,-0.5678,-0.7927,-0.8167,-0.8318,-0.8303,-0.8146,-0.8066,-0.8391,-0.9191,-0.947,-0.8414,-0.7251,-0.6658,-0.6527,-0.6696,-0.7101,-0.7783,-0.8895,-1.0623,-1.2429,-1.1563,-0.6662,-0.0848,-0.1047,-0.3788,-0.5281,-0.5888,-0.6096,-0.6135,-0.6102,-0.604,-0.5968,-0.5896,-0.5828,-0.5764,-0.5706,-0.5654,-0.8313,-0.8736,-0.9079,-0.9103,-0.8705,-0.8294,-0.8579,-1.0121,-1.103,-0.8881,-0.7032,-0.6332,-0.6258,-0.6499,-0.6959,-0.7707,-0.9023,-1.1485,-1.5153,-1.4733,-0.9731,-0.5459,-0.4418,-0.5395,-0.6046,-0.6274,-0.6297,-0.6239,-0.6151,-0.6058,-0.5967,-0.5883,-0.5807,-0.5738,-0.5677,-0.5623,-0.8686,-0.9373,-1.0132,-1.042,-0.9583,-0.8446,-0.8049,-0.8858,-0.9322,-0.7477,-0.6072,-0.5724,-0.5883,-0.6249,-0.6737,-0.7409,-0.8539,-1.0523,-1.2975,-1.3057,-1.2107,-1.0712,-0.852,-0.7411,-0.6953,-0.6691,-0.6492,-0.6327,-0.6185,-0.6062,-0.5954,-0.5859,-0.5776,-0.5703,-0.564,-0.5585,-0.8923,-0.9808,-1.0994,-1.1799,-1.0436,-0.8526,-0.7153,-0.6308,-0.5442,-0.4534,-0.445,-0.4922,-0.5479,-0.6027,-0.6558,-0.7065,-0.7863,-0.9162,-1.0632,-1.2214,-1.5291,-1.4369,-1.0678,-0.8551,-0.7502,-0.694,-0.6598,-0.6363,-0.6186,-0.6043,-0.5924,-0.5822,-0.5734,-0.5659,-0.5595,-0.554,-0.8938,-0.9803,-1.0785,-1.1287,-1.0434,-0.8496,-0.6414,-0.4226,-0.1423,-0.037,-0.2378,-0.4142,-0.5151,-0.5872,-0.6588,-0.6925,-0.7461,-0.8552,-0.9735,-1.1329,-1.372,-1.3167,-1.046,-0.8586,-0.7533,-0.6939,-0.6579,-0.6334,-0.6149,-0.6,-0.5875,-0.577,-0.568,-0.5604,-0.5539,-0.5486,-0.8759,-0.9585,-1.068,-1.2189,-1.1671,-0.8635,-0.6157,-0.3467,0.2924,0.6137,-0.0643,-0.3762,-0.4986,-0.5683,-0.6418,-0.6876,-0.7542,-0.8948,-0.987,-1.0218,-1.0564,-1.0197,-0.9027,-0.7922,-0.7187,-0.6749,-0.647,-0.626,-0.6085,-0.5937,-0.5811,-0.5703,-0.5612,-0.5536,-0.5473,-0.5422,-0.8413,-0.916,-1.0292,-1.1828,-1.1205,-0.8227,-0.6542,-0.5761,-0.1394,0.2,-0.1828,-0.396,-0.4984,-0.5707,-0.5901,-0.6528,-0.8219,-1.1536,-1.2441,-1.053,-0.921,-0.8413,-0.7701,-0.711,-0.6738,-0.6537,-0.6369,-0.6186,-0.6013,-0.5862,-0.5733,-0.5624,-0.5531,-0.5455,-0.5394,-0.5347,-0.7919,-0.8428,-0.9037,-0.9438,-0.8772,-0.7391,-0.698,-0.7901,-0.6398,-0.3675,-0.3565,-0.4092,-0.4606,-0.5736,-0.5673,-0.6042,-0.8563,-1.7834,-1.8231,-1.126,-0.8363,-0.715,-0.661,-0.642,-0.6483,-0.6561,-0.64,-0.6152,-0.5944,-0.578,-0.5644,-0.553,-0.5434,-0.5357,-0.53,-0.5259,-0.7366,-0.7624,-0.7819,-0.7772,-0.7321,-0.6758,-0.6693,-0.7162,-0.6392,-0.4589,-0.3945,-0.3929,-0.3906,-0.3348,-0.4737,-0.4824,-0.6772,-1.2446,-1.3675,-0.9313,-0.6656,-0.5584,-0.5468,-0.584,-0.6511,-0.6878,-0.6509,-0.6112,-0.5862,-0.5688,-0.5544,-0.5419,-0.5314,-0.5236,-0.5184,-0.5154,-0.6848,-0.6938,-0.6942,-0.6796,-0.6496,-0.6178,-0.6001,-0.5823,-0.5124,-0.4074,-0.3491,-0.362,-0.3604,-0.3084,-0.4429,-0.4798,-0.9641,-0.8169,-0.7711,-0.5733,-0.355,-0.3123,-0.4002,-0.5061,-0.6071,-0.6543,-0.6274,-0.5958,-0.5753,-0.5589,-0.5431,-0.5281,-0.5158,-0.5077,-0.5036,-0.5026,-0.6404,-0.64,-0.6326,-0.6163,-0.5921,-0.5645,-0.5353,-0.4948,-0.4269,-0.3247,-0.1865,-0.3482,-0.3533,-0.352,-0.4278,-0.6096,-0.8424,-0.6421,-0.4791,-0.2516,0.1092,0.0286,-0.2417,-0.4118,-0.5182,-0.5716,-0.5824,-0.5772,-0.5666,-0.5507,-0.5306,-0.5098,-0.4937,-0.4854,-0.4843,-0.487,-0.6037,-0.5983,-0.5876,-0.5708,-0.5484,-0.5214,-0.4887,-0.4457,-0.386,-0.3024,-0.2027,-0.2765,-0.2755,-0.2528,-0.318,-0.3883,-0.4351,-0.3454,-0.2204,-0.103,0.1909,0.0961,-0.1797,-0.3558,-0.4688,-0.5374,-0.5706,-0.5789,-0.5701,-0.548,-0.5159,-0.482,-0.4588,-0.4528,-0.4587,-0.4687,-0.5738,-0.5657,-0.5534,-0.5366,-0.5151,-0.4892,-0.4578,-0.4197,-0.3738,-0.324,-0.287,-0.2757,-0.2366,-0.2013,-0.0877,-0.0341,-0.1382,-0.0736,0.0596,-0.0346,-0.0311,-0.0757,-0.2067,-0.3485,-0.4764,-0.5715,-0.6127,-0.6135,-0.593,-0.5538,-0.4974,-0.437,-0.4024,-0.4061,-0.4277,-0.4493,-0.5494,-0.5398,-0.5268,-0.5103,-0.4899,-0.4657,-0.4374,-0.405,-0.3692,-0.3331,-0.3003,-0.2656,-0.2075,-0.0627,0.4125,0.6168,0.1056,0.0064,0.0663,0.0695,-0.0145,-0.1034,-0.2096,-0.3509,-0.5172,-0.6531,-0.6846,-0.6725,-0.6364,-0.5712,-0.479,-0.3762,-0.3279,-0.3544,-0.3994,-0.4339,-0.5293,-0.519,-0.5059,-0.4899,-0.4707,-0.4485,-0.4232,-0.3951,-0.3646,-0.3324,-0.2972,-0.2511,-0.172,0.0019,0.3622,0.4768,0.1429,0.0438,0.1867,0.2667,0.0678,-0.0425,-0.1456,-0.314,-0.5341,-0.6912,-0.719,-0.7628,-0.7046,-0.6051,-0.4844,-0.3521,-0.2954,-0.3357,-0.3909,-0.4294,-0.5128,-0.5022,-0.4893,-0.4739,-0.4561,-0.4357,-0.4128,-0.3876,-0.36,-0.3295,-0.2937,-0.2461,-0.1741,-0.0605,0.0769,0.1172,0.0459,0.0289,0.1117,0.1504,0.1004,0.1084,0.0552,-0.1784,-0.5053,-0.815,-1.0948,-1.0082,-0.7903,-0.6463,-0.5287,-0.4155,-0.3592,-0.3747,-0.4099,-0.4381,-0.4992,-0.4886,-0.476,-0.4614,-0.4447,-0.426,-0.4051,-0.3821,-0.3567,-0.3281,-0.2944,-0.2522,-0.1973,-0.1298,-0.0663,-0.036,-0.0341,-0.018,0.0279,0.0854,0.2093,0.4824,0.542,0.1095,-0.4112,-0.9081,-1.3466,-1.1228,-0.7786,-0.6539,-0.574,-0.4954,-0.4448,-0.4332,-0.4418,-0.4544,-0.4879,-0.4775,-0.4654,-0.4516,-0.436,-0.4187,-0.3995,-0.3784,-0.3551,-0.329,-0.299,-0.2637,-0.2228,-0.1787,-0.1388,-0.1102,-0.0886,-0.0592,-0.0082,0.0904,0.3269,0.7938,0.9359,0.3424,-0.2653,-0.7062,-0.9393,-0.8181,-0.6355,-0.6225,-0.5913,-0.5393,-0.4974,-0.4758,-0.4695,-0.4704,-0.4786,-0.4684,-0.4569,-0.4439,-0.4294,-0.4133,-0.3957,-0.3764,-0.3552,-0.3318,-0.3057,-0.2766,-0.245,-0.2125,-0.182,-0.1549,-0.128,-0.0931,-0.0374,0.0649,0.2608,0.5374,0.586,0.2279,-0.2004,-0.5134,-0.6679,-0.6604,-0.6127,-0.6095,-0.5882,-0.5519,-0.5196,-0.4982,-0.4868,-0.482]},{"header":{"la1":42.85,"la2":41.18,"lo1":11.55,"lo2":14.05,"nx":36,"ny":24,"dx":0.07143,"dy":0.07261,"parameterCategory":2,"parameterNumber":3,"parameterNumberName":"northward_wind","parameterUnit":"m.s-1"},"data":[-0.2507,-0.2373,-0.2202,-0.1995,-0.1761,-0.1519,-0.1298,-0.113,-0.104,-0.1028,-0.1075,-0.115,-0.123,-0.13,-0.1361,-0.1422,-0.1499,-0.1609,-0.1766,-0.1968,-0.219,-0.2383,-0.2499,-0.2527,-0.2486,-0.2415,-0.2343,-0.2287,-0.2252,-0.2239,-0.2243,-0.2263,-0.2293,-0.2331,-0.2373,-0.2418,-0.2621,-0.2472,-0.2269,-0.2005,-0.1687,-0.134,-0.1012,-0.0767,-0.0657,-0.0685,-0.0808,-0.0961,-0.1098,-0.1201,-0.1273,-0.1333,-0.1408,-0.1533,-0.1741,-0.2048,-0.2412,-0.2729,-0.2887,-0.2866,-0.2734,-0.2574,-0.2436,-0.2337,-0.2279,-0.2255,-0.2257,-0.2277,-0.2312,-0.2355,-0.2403,-0.2454,-0.2778,-0.2622,-0.2387,-0.2054,-0.1616,-0.1098,-0.0576,-0.0178,-0.0031,-0.0152,-0.0433,-0.0731,-0.0961,-0.1107,-0.1186,-0.1229,-0.1279,-0.1396,-0.1658,-0.2133,-0.2781,-0.3363,-0.3579,-0.3409,-0.3075,-0.2759,-0.2526,-0.2377,-0.2295,-0.2263,-0.2265,-0.2291,-0.2333,-0.2384,-0.2439,-0.2497,-0.299,-0.2845,-0.2592,-0.2186,-0.1588,-0.0794,0.0102,0.0838,0.107,0.072,0.0095,-0.0469,-0.0842,-0.1039,-0.1112,-0.1114,-0.1096,-0.1143,-0.1411,-0.2124,-0.3361,-0.4581,-0.484,-0.4226,-0.348,-0.2928,-0.2583,-0.2388,-0.2292,-0.2259,-0.2269,-0.2305,-0.2357,-0.2419,-0.2484,-0.2549,-0.3266,-0.3164,-0.2929,-0.2476,-0.1695,-0.049,0.1119,0.2674,0.3151,0.2189,0.0792,-0.0231,-0.0787,-0.1025,-0.1074,-0.1005,-0.0858,-0.0704,-0.0784,-0.1683,-0.4004,-0.6774,-0.6864,-0.5152,-0.3778,-0.2986,-0.2563,-0.2351,-0.226,-0.2242,-0.2267,-0.232,-0.2388,-0.2463,-0.254,-0.2615,-0.3605,-0.3595,-0.3451,-0.3027,-0.2111,-0.0429,0.2337,0.583,0.7092,0.443,0.1465,-0.0169,-0.0868,-0.11,-0.11,-0.0945,-0.0624,-0.0093,0.0468,-0.0197,-0.3514,-0.8157,-0.7936,-0.5272,-0.3631,-0.2819,-0.243,-0.2257,-0.2201,-0.2213,-0.2265,-0.2341,-0.2429,-0.2521,-0.2613,-0.2699,-0.398,-0.412,-0.4177,-0.3925,-0.3018,-0.108,0.2625,0.8739,1.1578,0.5965,0.1354,-0.0529,-0.1143,-0.1282,-0.1225,-0.1006,-0.0552,0.0306,0.1637,0.1413,-0.1283,-0.4306,-0.4963,-0.3815,-0.2905,-0.242,-0.2196,-0.2118,-0.2125,-0.2181,-0.2269,-0.2374,-0.2487,-0.26,-0.2707,-0.2805,-0.4332,-0.4647,-0.5012,-0.5103,-0.4314,-0.2596,0.0376,0.5051,0.7113,0.2887,-0.0354,-0.1407,-0.1574,-0.1544,-0.149,-0.1281,-0.0774,0.0024,0.0907,0.0944,0.0645,-0.0196,-0.1509,-0.198,-0.1991,-0.1939,-0.1929,-0.197,-0.2051,-0.216,-0.2289,-0.2428,-0.257,-0.2706,-0.2831,-0.2942,-0.4583,-0.4991,-0.5578,-0.6009,-0.5277,-0.4208,-0.3017,-0.1808,-0.1749,-0.2812,-0.304,-0.2503,-0.1973,-0.1806,-0.2023,-0.1998,-0.1265,-0.043,0.0253,0.1044,0.2701,0.2205,0.0231,-0.0849,-0.1322,-0.1556,-0.1714,-0.1856,-0.2004,-0.2165,-0.2337,-0.2514,-0.2689,-0.2852,-0.2996,-0.3118,-0.4702,-0.5054,-0.5447,-0.5659,-0.5403,-0.5388,-0.573,-0.6569,-0.8274,-0.8622,-0.586,-0.3359,-0.2068,-0.1856,-0.3054,-0.3826,-0.1844,-0.0637,0.0024,0.0823,0.1996,0.174,0.0448,-0.0469,-0.1016,-0.1361,-0.1605,-0.1806,-0.2001,-0.2207,-0.2424,-0.2645,-0.2857,-0.305,-0.3215,-0.3347,-0.4738,-0.5013,-0.5192,-0.5103,-0.525,-0.6291,-0.7867,-0.962,-1.3343,-1.5438,-0.7932,-0.3464,-0.165,-0.1274,-0.2542,-0.3731,-0.1401,-0.0463,-0.0126,0.0274,0.0667,0.0602,0.0084,-0.0506,-0.1005,-0.1373,-0.1629,-0.1837,-0.2051,-0.2294,-0.2561,-0.2835,-0.3094,-0.3323,-0.3508,-0.3645,-0.4739,-0.5,-0.5185,-0.5167,-0.5496,-0.7333,-1.0087,-1.2149,-1.2451,-1.2307,-0.66,-0.2527,-0.0871,-0.0648,-0.0466,-0.0185,0.0139,-0.036,-0.0555,-0.0066,0.0225,0.0184,-0.015,-0.0672,-0.1229,-0.1622,-0.1807,-0.1943,-0.2146,-0.2429,-0.2761,-0.3107,-0.3428,-0.3699,-0.3901,-0.4034,-0.471,-0.4989,-0.5275,-0.5605,-0.6384,-0.8343,-1.1624,-1.4855,-1.2769,-0.8357,-0.4121,-0.1122,0.0063,-0.048,0.0265,0.223,0.1907,-0.1648,-0.194,-0.0158,0.0325,0.0275,-0.0131,-0.0847,-0.1721,-0.2206,-0.2137,-0.2088,-0.2264,-0.2611,-0.3046,-0.3498,-0.3905,-0.4225,-0.4437,-0.4547,-0.4637,-0.4927,-0.5279,-0.5776,-0.6647,-0.8222,-1.0589,-1.2872,-1.1243,-0.6343,-0.2589,-0.0228,0.0679,0.4226,0.3298,0.6271,0.5197,0.1206,-0.0215,0.0564,0.0946,0.084,0.0207,-0.0857,-0.2235,-0.2889,-0.2414,-0.2169,-0.2373,-0.2849,-0.3455,-0.4073,-0.4603,-0.4976,-0.5174,-0.5222,-0.4511,-0.4782,-0.5118,-0.5575,-0.6239,-0.7174,-0.8222,-0.8625,-0.7054,-0.4111,-0.1824,-0.0241,0.1861,0.478,0.4304,0.7413,0.9604,0.458,0.1939,0.1698,0.2443,0.225,0.1005,-0.0401,-0.1774,-0.2437,-0.2152,-0.2061,-0.245,-0.3172,-0.4062,-0.4947,-0.5655,-0.6073,-0.6198,-0.6106,-0.434,-0.4564,-0.4829,-0.5153,-0.5539,-0.5937,-0.6147,-0.5773,-0.4494,-0.2751,-0.1795,-0.0353,0.0174,0.155,0.2713,0.5316,0.7536,0.3894,0.1708,0.2512,0.5922,0.4987,0.2031,0.0278,-0.0738,-0.1235,-0.1383,-0.1711,-0.2476,-0.3621,-0.4988,-0.6321,-0.7293,-0.7703,-0.7616,-0.7241,-0.414,-0.4304,-0.4483,-0.4668,-0.4835,-0.4914,-0.4779,-0.4276,-0.3373,-0.236,-0.1815,-0.1319,-0.2687,-0.3366,-0.0128,0.1505,0.1885,0.0212,-0.1072,0.1254,0.6327,0.5219,0.2058,0.0583,0.0108,0.0068,-0.0147,-0.0979,-0.2386,-0.4223,-0.6388,-0.8516,-0.9895,-1.012,-0.9516,-0.8616,-0.3929,-0.4037,-0.4138,-0.4218,-0.4247,-0.4178,-0.3948,-0.3514,-0.2917,-0.2321,-0.1947,-0.2055,-0.3618,-0.4045,-0.2585,-0.2204,-0.1648,-0.3858,-0.6895,-0.238,0.1047,0.1682,0.0852,0.0452,0.1018,0.2255,0.2344,0.0432,-0.2138,-0.497,-0.8357,-1.1904,-1.3898,-1.3466,-1.1803,-1.0084,-0.3725,-0.3786,-0.3829,-0.3839,-0.3797,-0.3673,-0.3444,-0.3109,-0.2711,-0.2346,-0.2141,-0.2241,-0.2721,-0.3353,-0.5678,-0.6838,-0.3673,-0.4146,-0.539,-0.2885,-0.1374,-0.0615,-0.044,0.0066,0.2021,0.611,0.6979,0.2135,-0.2074,-0.5776,-1.0466,-1.605,-1.8803,-1.7012,-1.3866,-1.1268,-0.3538,-0.3563,-0.3567,-0.3538,-0.3464,-0.333,-0.3132,-0.2879,-0.2607,-0.2373,-0.2251,-0.2313,-0.2629,-0.3441,-0.5384,-0.6002,-0.3876,-0.3106,-0.2472,-0.2089,-0.2104,-0.1928,-0.1711,-0.089,0.1415,0.6461,0.7624,0.0899,-0.3083,-0.6474,-1.1284,-1.7717,-2.0812,-1.8301,-1.4565,-1.1685,-0.3373,-0.3374,-0.3354,-0.3305,-0.3221,-0.3096,-0.2932,-0.2741,-0.2549,-0.2392,-0.2315,-0.2362,-0.2586,-0.3066,-0.3718,-0.3834,-0.3247,-0.2778,-0.247,-0.239,-0.2778,-0.3418,-0.3553,-0.269,-0.14,-0.1085,-0.408,-0.449,-0.5169,-0.7104,-1.0269,-1.4719,-1.7248,-1.602,-1.3452,-1.1183,-0.3232,-0.3217,-0.3184,-0.3127,-0.3044,-0.2934,-0.2801,-0.2655,-0.2515,-0.2404,-0.235,-0.2377,-0.2506,-0.2731,-0.2956,-0.3002,-0.2859,-0.2723,-0.2726,-0.3035,-0.4086,-0.6015,-0.6592,-0.4901,-0.3787,-0.494,-0.7739,-0.6964,-0.735,-0.8133,-0.9197,-1.1197,-1.2739,-1.2649,-1.1494,-1.0123,-0.3112,-0.3089,-0.3049,-0.2992,-0.2915,-0.282,-0.2712,-0.26,-0.2495,-0.2413,-0.237,-0.2379,-0.2444,-0.255,-0.2651,-0.2702,-0.2714,-0.2771,-0.2997,-0.3625,-0.5167,-0.7883,-0.866,-0.6269,-0.4907,-0.5361,-0.6541,-0.7861,-1.0119,-0.9699,-0.8979,-0.9359,-1.0014,-1.0156,-0.9716,-0.8982,-0.3013,-0.2985,-0.2944,-0.2889,-0.2821,-0.274,-0.2653,-0.2564,-0.2483,-0.2421,-0.2385,-0.2384,-0.2416,-0.2474,-0.254,-0.2606,-0.2689,-0.2844,-0.3169,-0.3833,-0.5067,-0.6682,-0.7113,-0.5975,-0.5208,-0.5471,-0.6507,-0.8435,-1.047,-0.9932,-0.8813,-0.8488,-0.8586,-0.8622,-0.8415,-0.801]}]