docs/data/wind_grid.json
[{"header":{"la1":42.85,"la2":41.18,"lo1":11.55,"lo2":14.05,"nx":36,"ny":24,"dx":0.07143,"dy":0.07261,"parameterCategory":2,"parameterNumber":2,"parameterNumberName":"eastward_wind","parameterUnit":"m.s-1"},"data":[-0.0299,-0.0492,-0.0702,-0.0918,-0.1127,-0.1301,-0.1406,-0.1404,-0.1267,-0.0989,-0.0588,-0.01,0.0442,0.101,0.1584,0.2145,0.2668,0.3122,0.3472,0.3696,0.3794,0.3787,0.3707,0.3587,0.345,0.3314,0.3186,0.307,0.2967,0.2878,0.28,0.2733,0.2675,0.2625,0.2582,0.2544,-0.0413,-0.0654,-0.0927,-0.1228,-0.1541,-0.1832,-0.2047,-0.2116,-0.1983,-0.1633,-0.1107,-0.0469,0.0223,0.0936,0.1654,0.2365,0.3039,0.3628,0.4068,0.4315,0.437,0.4278,0.4101,0.389,0.3679,0.3484,0.3313,0.3166,0.304,0.2934,0.2845,0.2769,0.2704,0.265,0.2603,0.2562,-0.0505,-0.0795,-0.1142,-0.1549,-0.2007,-0.2482,-0.289,-0.3102,-0.2991,-0.2524,-0.179,-0.0929,-0.0037,0.0853,0.1746,0.265,0.3543,0.4344,0.4929,0.5197,0.5153,0.4902,0.4564,0.4221,0.3912,0.3648,0.3429,0.3249,0.3101,0.298,0.2879,0.2796,0.2727,0.2668,0.2619,0.2577,-0.056,-0.0896,-0.1318,-0.1847,-0.2496,-0.3248,-0.4001,-0.4512,-0.4473,-0.3783,-0.268,-0.1476,-0.0327,0.0762,0.1848,0.2993,0.4204,0.5366,0.6209,0.6484,0.6218,0.5671,0.5079,0.4556,0.4129,0.3791,0.3524,0.3313,0.3145,0.3011,0.2902,0.2814,0.2741,0.268,0.263,0.2587,-0.0563,-0.0932,-0.1417,-0.2064,-0.2931,-0.4065,-0.5407,-0.6559,-0.6725,-0.5562,-0.3762,-0.205,-0.0607,0.0666,0.1929,0.3337,0.4992,0.6778,0.8128,0.8365,0.7608,0.6537,0.5583,0.4846,0.4298,0.389,0.3583,0.3349,0.3167,0.3024,0.2911,0.282,0.2746,0.2686,0.2635,0.2593,-0.05,-0.0878,-0.1393,-0.2116,-0.3162,-0.4701,-0.688,-0.9285,-0.9996,-0.7802,-0.4807,-0.2487,-0.0805,0.0571,0.1932,0.3547,0.5694,0.8421,1.0718,1.0807,0.9113,0.7293,0.5943,0.5017,0.4379,0.3927,0.3597,0.335,0.3163,0.3018,0.2905,0.2815,0.2743,0.2684,0.2635,0.2595,-0.0364,-0.0719,-0.1212,-0.1924,-0.3004,-0.472,-0.7494,-1.1297,-1.2848,-0.9216,-0.5144,-0.2553,-0.0859,0.0473,0.1798,0.3442,0.5814,0.9256,1.2563,1.2461,0.9853,0.7522,0.5987,0.5002,0.4345,0.3887,0.3558,0.3314,0.3131,0.2991,0.2883,0.2798,0.273,0.2675,0.263,0.2592,-0.016,-0.0457,-0.0869,-0.1467,-0.2375,-0.3818,-0.6123,-0.9218,-1.0376,-0.7436,-0.4295,-0.2221,-0.0797,0.0351,0.1518,0.2978,0.504,0.7946,1.0756,1.0857,0.8848,0.6953,0.5653,0.4788,0.4193,0.3773,0.3467,0.3242,0.3073,0.2945,0.2847,0.2771,0.271,0.2661,0.2621,0.2587,0.0097,-0.0115,-0.0401,-0.0805,-0.1402,-0.2306,-0.3606,-0.5032,-0.5576,-0.4745,-0.3276,-0.1849,-0.0744,0.0159,0.1124,0.2361,0.3949,0.579,0.7341,0.7698,0.6957,0.5954,0.5096,0.4442,0.3956,0.3598,0.3334,0.3138,0.2992,0.2883,0.2799,0.2735,0.2684,0.2643,0.2608,0.2579,0.0384,0.0271,0.0132,-0.0046,-0.0297,-0.0696,-0.1404,-0.2679,-0.4461,-0.4965,-0.3306,-0.1719,-0.0809,-0.019,0.0602,0.1805,0.3302,0.4726,0.5674,0.5947,0.5662,0.5116,0.4546,0.4059,0.3675,0.3385,0.3169,0.301,0.2894,0.2808,0.2743,0.2693,0.2654,0.2622,0.2594,0.257,0.0674,0.0657,0.0662,0.0704,0.0794,0.0896,0.0737,-0.0833,-0.6184,-0.8655,-0.3844,-0.1611,-0.1024,-0.0872,-0.0218,0.1338,0.3388,0.5221,0.6029,0.5827,0.5242,0.4628,0.4101,0.3685,0.3373,0.3146,0.2982,0.2866,0.2784,0.2726,0.2683,0.265,0.2623,0.26,0.258,0.2561,0.094,0.1003,0.1126,0.1349,0.1739,0.239,0.334,0.3655,-0.1182,-0.5029,-0.2381,-0.1303,-0.1377,-0.2023,-0.1576,0.0996,0.4351,0.7804,0.8498,0.6816,0.5291,0.4306,0.369,0.3301,0.305,0.2887,0.278,0.2712,0.267,0.2643,0.2624,0.2608,0.2594,0.258,0.2567,0.2553,0.1165,0.1282,0.1478,0.1805,0.2358,0.3315,0.4949,0.6931,0.4882,0.0791,-0.0581,-0.1527,-0.1684,-0.2734,-0.2407,0.1447,0.5772,1.2052,1.2143,0.7673,0.5092,0.3801,0.3165,0.2852,0.2694,0.2611,0.257,0.2556,0.2558,0.2565,0.2572,0.2573,0.257,0.2564,0.2556,0.2546,0.1338,0.148,0.17,0.2039,0.2571,0.3404,0.4615,0.582,0.4792,0.2008,0.0225,-0.2511,-0.302,0.1533,0.0741,0.35,0.6821,0.9652,0.972,0.6331,0.3931,0.2793,0.2403,0.231,0.2304,0.2324,0.2359,0.2405,0.2457,0.2502,0.2533,0.2549,0.2553,0.2551,0.2546,0.2541,0.1461,0.1604,0.1808,0.2096,0.2497,0.3021,0.3589,0.3837,0.3172,0.2095,0.1446,0.0747,0.0902,0.1933,0.2427,0.6997,1.1634,0.7788,0.5803,0.3632,0.171,0.1154,0.1416,0.1719,0.1916,0.2043,0.2149,0.2261,0.2372,0.2461,0.2515,0.2538,0.2541,0.2538,0.2536,0.2534,0.1542,0.1671,0.1841,0.2058,0.2321,0.2602,0.2813,0.2804,0.2528,0.2342,0.266,0.2743,0.2601,0.2622,0.3287,0.6475,0.9527,0.6078,0.3437,0.1262,-0.1056,-0.075,0.0507,0.1231,0.1584,0.1767,0.1923,0.2114,0.231,0.2455,0.2524,0.2535,0.2524,0.2516,0.2517,0.2523,0.1592,0.1701,0.1835,0.1991,0.2159,0.2311,0.2406,0.2409,0.2371,0.2464,0.2744,0.2981,0.4871,0.5821,0.3626,0.3688,0.3992,0.2617,0.1156,0.0191,-0.1476,-0.1071,0.0228,0.0998,0.1331,0.143,0.1582,0.1919,0.2281,0.2504,0.2562,0.2525,0.2477,0.2465,0.2481,0.2504,0.1621,0.1711,0.1814,0.1927,0.204,0.2137,0.2206,0.2247,0.2304,0.244,0.2696,0.3321,0.5335,0.5644,0.2386,0.118,0.1278,0.0153,-0.0923,-0.043,-0.0437,-0.0193,0.0458,0.0993,0.1094,0.0784,0.0838,0.1608,0.2345,0.2657,0.2628,0.2464,0.2358,0.2365,0.2424,0.248,0.1637,0.171,0.1791,0.1875,0.1957,0.203,0.2092,0.215,0.2228,0.2355,0.2565,0.2917,0.3267,0.2363,-0.0976,-0.2159,-0.0216,-0.046,-0.1169,-0.1562,-0.0805,-0.0002,0.0664,0.1131,0.0921,-0.0468,-0.0743,0.1382,0.2755,0.3015,0.2723,0.2325,0.2161,0.2235,0.2366,0.2464,0.1645,0.1705,0.1769,0.1834,0.1898,0.1957,0.2011,0.2066,0.2132,0.2216,0.2312,0.2365,0.2146,0.1127,-0.095,-0.1633,-0.0528,-0.0834,-0.2782,-0.3651,-0.1446,-0.0039,0.0823,0.1478,0.1536,-0.0245,-0.0676,0.3063,0.4096,0.3707,0.294,0.2277,0.2067,0.2192,0.2364,0.248,0.1649,0.1698,0.1749,0.1801,0.1851,0.1899,0.1943,0.1985,0.2026,0.2061,0.2067,0.1984,0.169,0.1053,0.0216,-0.0182,-0.0192,-0.0697,-0.1869,-0.2203,-0.0938,0.0163,0.0908,0.1867,0.3241,0.5352,0.9412,0.8798,0.6396,0.4679,0.3422,0.2604,0.2308,0.2348,0.2461,0.2543,0.1649,0.169,0.1732,0.1773,0.1813,0.1849,0.1882,0.1909,0.1926,0.1926,0.1886,0.177,0.1531,0.1156,0.0738,0.043,0.0192,-0.0172,-0.0597,-0.0613,-0.0099,0.0283,0.0533,0.1718,0.4219,0.865,1.3527,1.1535,0.7775,0.5419,0.3983,0.3134,0.274,0.2629,0.2627,0.264,0.1648,0.1682,0.1716,0.1749,0.178,0.1806,0.1828,0.1842,0.1843,0.1822,0.1766,0.1657,0.1479,0.1239,0.098,0.0744,0.0528,0.0309,0.0149,0.0172,0.031,0.0167,0.0072,0.1323,0.3843,0.7207,0.98,0.931,0.7259,0.5492,0.4284,0.3524,0.3096,0.2887,0.279,0.2739,0.1647,0.1675,0.1702,0.1728,0.1751,0.177,0.1783,0.1787,0.1778,0.1749,0.1692,0.16,0.1467,0.1303,0.1125,0.0953,0.0797,0.0666,0.0591,0.0592,0.06,0.0494,0.0592,0.1548,0.3293,0.5297,0.6712,0.6848,0.6061,0.5083,0.4263,0.3673,0.3286,0.3049,0.2906,0.2815]},{"header":{"la1":42.85,"la2":41.18,"lo1":11.55,"lo2":14.05,"nx":36,"ny":24,"dx":0.07143,"dy":0.07261,"parameterCategory":2,"parameterNumber":3,"parameterNumberName":"northward_wind","parameterUnit":"m.s-1"},"data":[-0.1042,-0.1276,-0.1533,-0.1805,-0.2078,-0.2328,-0.2521,-0.2625,-0.2614,-0.2489,-0.2274,-0.2003,-0.1712,-0.1425,-0.1155,-0.0908,-0.0686,-0.0487,-0.0309,-0.0148,0.0002,0.0147,0.0289,0.0429,0.0568,0.0703,0.0834,0.0961,0.1081,0.1195,0.1303,0.1404,0.1498,0.1585,0.1666,0.174,-0.1108,-0.1386,-0.1703,-0.2057,-0.2432,-0.2796,-0.3098,-0.3272,-0.3269,-0.3084,-0.2763,-0.2378,-0.1985,-0.1618,-0.1287,-0.0995,-0.074,-0.052,-0.033,-0.0163,-0.001,0.0139,0.0287,0.0436,0.0583,0.0728,0.0868,0.1002,0.1129,0.1249,0.1362,0.1468,0.1565,0.1655,0.1738,0.1813,-0.1144,-0.1467,-0.1853,-0.2308,-0.2826,-0.3371,-0.3862,-0.4175,-0.4192,-0.3896,-0.3389,-0.2818,-0.2281,-0.1812,-0.1411,-0.1068,-0.0775,-0.053,-0.033,-0.0164,-0.0014,0.0136,0.029,0.0448,0.0606,0.0761,0.091,0.1052,0.1187,0.1313,0.1431,0.1541,0.1642,0.1735,0.1819,0.1896,-0.1135,-0.1498,-0.1953,-0.2526,-0.3231,-0.4052,-0.4884,-0.5488,-0.5566,-0.5045,-0.4188,-0.3315,-0.258,-0.1995,-0.1521,-0.1122,-0.0784,-0.0509,-0.0301,-0.0147,-0.0009,0.0137,0.0299,0.0468,0.0639,0.0805,0.0964,0.1114,0.1256,0.1388,0.1511,0.1625,0.173,0.1825,0.1911,0.1988,-0.1067,-0.1454,-0.1964,-0.2647,-0.3568,-0.4774,-0.6203,-0.7443,-0.7703,-0.6688,-0.5148,-0.3811,-0.2843,-0.2151,-0.1617,-0.1167,-0.0771,-0.0447,-0.023,-0.0107,0.0002,0.0143,0.0316,0.05,0.0685,0.0862,0.1031,0.1189,0.1337,0.1475,0.1603,0.1721,0.1829,0.1927,0.2014,0.2091,-0.0925,-0.1309,-0.1836,-0.2585,-0.368,-0.5302,-0.7599,-1.0126,-1.0902,-0.8793,-0.6052,-0.4152,-0.3005,-0.2269,-0.1715,-0.1224,-0.0758,-0.0352,-0.0114,-0.0049,0.0015,0.0157,0.0347,0.055,0.0749,0.0938,0.1114,0.1279,0.1433,0.1576,0.1709,0.1831,0.1942,0.2042,0.213,0.2207,-0.0705,-0.1048,-0.1534,-0.2253,-0.3366,-0.5167,-0.8111,-1.2148,-1.3785,-1.0103,-0.6242,-0.412,-0.3022,-0.2362,-0.1846,-0.134,-0.0808,-0.0307,-0.0024,-0.0011,0.0031,0.0195,0.0409,0.0628,0.0838,0.1034,0.1216,0.1386,0.1545,0.1692,0.1829,0.1955,0.207,0.2172,0.2261,0.2338,-0.0411,-0.0676,-0.1054,-0.1623,-0.2524,-0.401,-0.6458,-0.9813,-1.1097,-0.8069,-0.5174,-0.3682,-0.2946,-0.249,-0.2063,-0.1559,-0.0984,-0.0437,-0.0109,-0.0025,0.0083,0.0284,0.0515,0.0742,0.0955,0.1153,0.1337,0.1509,0.1671,0.1823,0.1965,0.2096,0.2214,0.2319,0.2409,0.2485,-0.0065,-0.022,-0.0438,-0.0764,-0.1282,-0.2122,-0.3394,-0.482,-0.532,-0.4581,-0.3707,-0.3186,-0.2954,-0.2774,-0.2446,-0.191,-0.1252,-0.064,-0.0223,0.0015,0.022,0.0445,0.0673,0.0893,0.11,0.1294,0.1476,0.1648,0.1813,0.197,0.2118,0.2255,0.2378,0.2486,0.2577,0.2651,0.0305,0.0272,0.024,0.0198,0.0117,-0.0078,-0.054,-0.1445,-0.263,-0.3166,-0.2963,-0.2983,-0.3239,-0.3377,-0.3112,-0.2413,-0.1504,-0.0677,-0.011,0.0225,0.0459,0.0668,0.0874,0.1075,0.1267,0.1451,0.1627,0.1799,0.1967,0.213,0.2287,0.2434,0.2565,0.2678,0.277,0.284,0.0663,0.0747,0.0893,0.1127,0.1478,0.1924,0.2181,0.1161,-0.2717,-0.4413,-0.2826,-0.3082,-0.391,-0.4494,-0.422,-0.3078,-0.1606,-0.0315,0.0404,0.0658,0.0789,0.0932,0.1096,0.127,0.1444,0.1615,0.1785,0.1955,0.2128,0.2304,0.2476,0.2637,0.2781,0.2901,0.2993,0.3058,0.0978,0.1155,0.1439,0.1893,0.2616,0.3741,0.5291,0.6076,0.1576,-0.2167,-0.2161,-0.3355,-0.4822,-0.6077,-0.5824,-0.3775,-0.1352,0.0915,0.1615,0.1309,0.1155,0.1191,0.1309,0.1459,0.1617,0.1774,0.1935,0.2106,0.2291,0.2486,0.2684,0.2871,0.3034,0.3164,0.3256,0.3312,0.1228,0.1458,0.1816,0.238,0.3288,0.478,0.718,0.9908,0.7295,0.1679,-0.1585,-0.3907,-0.5302,-0.6983,-0.6874,-0.3968,-0.0983,0.2999,0.3232,0.1837,0.1415,0.1371,0.1467,0.1614,0.1765,0.1909,0.206,0.2235,0.2441,0.2674,0.2917,0.3146,0.334,0.3483,0.3572,0.3611,0.1404,0.1645,0.2005,0.2547,0.3377,0.465,0.6464,0.8243,0.663,0.1928,-0.1473,-0.4558,-0.5682,-0.7494,-0.5329,-0.3668,-0.2054,0.1248,0.2253,0.1715,0.1407,0.1338,0.1495,0.1706,0.1871,0.1994,0.2127,0.2311,0.2561,0.2863,0.3184,0.3483,0.3723,0.3883,0.3959,0.3966,0.1513,0.1732,0.2039,0.2466,0.3052,0.3811,0.461,0.4848,0.3428,0.094,-0.0818,-0.2085,-0.4026,-0.5968,-0.4064,-0.4033,-0.5888,-0.1379,0.1254,0.1559,0.083,0.073,0.129,0.1732,0.192,0.1982,0.2071,0.2278,0.2617,0.3047,0.3504,0.3919,0.4228,0.4399,0.4441,0.439,0.1573,0.1751,0.1981,0.2269,0.2604,0.293,0.3087,0.2764,0.1732,0.0359,-0.0608,0.0476,-0.0141,-0.157,-0.1376,-0.2386,-0.3897,0.0236,0.3002,0.1963,-0.1408,-0.0906,0.0991,0.1793,0.1893,0.1761,0.1752,0.2033,0.2563,0.3227,0.3916,0.4517,0.4921,0.5083,0.5044,0.4887,0.1603,0.1738,0.1896,0.2069,0.223,0.2322,0.2249,0.1898,0.1255,0.0473,-0.0204,0.0847,0.4945,0.6858,0.2767,0.1885,0.2687,0.6367,0.8908,0.4964,-0.1417,-0.0731,0.15,0.2072,0.1684,0.1043,0.0862,0.1398,0.2351,0.3422,0.4479,0.537,0.5891,0.598,0.5771,0.5442,0.1622,0.1721,0.1826,0.1924,0.1994,0.1998,0.1896,0.1666,0.135,0.1089,0.1214,0.2579,0.6609,0.7815,0.5803,0.6086,0.7331,1.3797,1.9978,1.1583,0.5151,0.3219,0.3094,0.2515,0.1044,-0.0763,-0.1186,0.0207,0.203,0.3685,0.5233,0.6536,0.7171,0.7059,0.6557,0.5989,0.1643,0.1717,0.1788,0.1848,0.1883,0.1875,0.1816,0.1717,0.1634,0.1685,0.2087,0.3134,0.4771,0.6162,0.889,1.0137,0.9188,1.3684,1.727,1.2965,0.9087,0.6278,0.4671,0.3011,0.0167,-0.3916,-0.4732,-0.1051,0.2003,0.4092,0.6036,0.7769,0.8463,0.8038,0.7202,0.641,0.1672,0.173,0.1786,0.1832,0.1862,0.1874,0.187,0.1874,0.1934,0.2131,0.2576,0.3364,0.4497,0.6107,0.8619,0.9544,0.9111,1.1055,1.3126,1.3572,1.0461,0.774,0.5937,0.3987,0.0876,-0.4025,-0.5035,0.0451,0.3114,0.4683,0.645,0.8232,0.8913,0.8366,0.7427,0.6574,0.171,0.1762,0.1812,0.1858,0.1899,0.1937,0.1982,0.2056,0.2196,0.2452,0.2884,0.3537,0.4444,0.5637,0.6954,0.7756,0.8356,0.9705,1.1401,1.1709,0.9924,0.8435,0.7372,0.5738,0.3817,0.3392,0.6658,0.6454,0.5306,0.538,0.6338,0.7581,0.8166,0.7855,0.7155,0.6451,0.1757,0.1808,0.1859,0.1912,0.1967,0.203,0.2111,0.223,0.241,0.2685,0.3086,0.3638,0.4349,0.5192,0.6053,0.6798,0.7542,0.8467,0.9321,0.9519,0.923,0.9549,0.9538,0.7773,0.6251,0.7405,1.0587,0.9127,0.6737,0.5913,0.6114,0.6708,0.7091,0.7008,0.662,0.6143,0.1811,0.1863,0.1919,0.198,0.2049,0.2132,0.2238,0.2381,0.2579,0.2852,0.3216,0.3683,0.4249,0.4888,0.5548,0.6193,0.6843,0.7506,0.8074,0.8473,0.9086,1.0495,1.0935,0.8939,0.7262,0.7407,0.8382,0.796,0.6775,0.6065,0.5941,0.6125,0.63,0.6284,0.6083,0.5785,0.1868,0.1924,0.1985,0.2054,0.2135,0.2232,0.2353,0.2508,0.271,0.297,0.3298,0.3697,0.4161,0.4673,0.521,0.5752,0.6293,0.6822,0.7318,0.7831,0.8577,0.9576,0.976,0.8571,0.7369,0.6987,0.7055,0.6856,0.6363,0.5948,0.577,0.5768,0.5805,0.5776,0.5654,0.5461]}]