docs/data/wind_grid.json
[{"header":{"la1":42.85,"la2":41.18,"lo1":11.55,"lo2":14.05,"nx":36,"ny":24,"dx":0.07143,"dy":0.07261,"parameterCategory":2,"parameterNumber":2,"parameterNumberName":"eastward_wind","parameterUnit":"m.s-1"},"data":[-0.2004,-0.2075,-0.2137,-0.2191,-0.2238,-0.2278,-0.2309,-0.2328,-0.2338,-0.2344,-0.2364,-0.2416,-0.2513,-0.2662,-0.2858,-0.3081,-0.33,-0.3472,-0.3554,-0.3522,-0.3389,-0.3197,-0.299,-0.2794,-0.2609,-0.2427,-0.2244,-0.2062,-0.1883,-0.1712,-0.1551,-0.1403,-0.1267,-0.1143,-0.1031,-0.0931,-0.2147,-0.223,-0.2301,-0.2362,-0.2417,-0.2467,-0.2508,-0.2529,-0.2524,-0.2501,-0.2487,-0.2517,-0.2618,-0.2801,-0.3063,-0.3381,-0.3708,-0.3972,-0.4087,-0.4001,-0.3744,-0.3418,-0.3126,-0.29,-0.271,-0.2523,-0.2328,-0.2128,-0.1929,-0.174,-0.1564,-0.1404,-0.1259,-0.1128,-0.1012,-0.0909,-0.2314,-0.2412,-0.2495,-0.2565,-0.2631,-0.2702,-0.2771,-0.2811,-0.2791,-0.2712,-0.2629,-0.261,-0.2702,-0.2924,-0.3274,-0.3731,-0.4237,-0.4672,-0.4855,-0.4647,-0.4103,-0.3496,-0.3092,-0.2894,-0.2759,-0.2597,-0.2399,-0.2182,-0.1963,-0.1755,-0.1563,-0.1391,-0.1238,-0.1103,-0.0983,-0.0878,-0.2511,-0.2632,-0.2727,-0.2804,-0.2881,-0.2988,-0.3128,-0.3241,-0.3218,-0.3031,-0.2804,-0.2685,-0.2748,-0.3009,-0.3468,-0.4121,-0.4926,-0.5709,-0.6085,-0.5631,-0.4391,-0.3129,-0.2635,-0.269,-0.2749,-0.2657,-0.2461,-0.2222,-0.1979,-0.1751,-0.1545,-0.1362,-0.1203,-0.1065,-0.0944,-0.0839,-0.2746,-0.2901,-0.3015,-0.309,-0.3163,-0.3312,-0.3604,-0.3943,-0.398,-0.3549,-0.3015,-0.2717,-0.2729,-0.3029,-0.3607,-0.4501,-0.5767,-0.7283,-0.8304,-0.7497,-0.4638,-0.1757,-0.146,-0.2332,-0.2751,-0.2733,-0.2519,-0.2246,-0.1973,-0.1723,-0.1504,-0.1314,-0.1152,-0.1013,-0.0893,-0.079,-0.3025,-0.3236,-0.3385,-0.3449,-0.3471,-0.3617,-0.414,-0.5064,-0.5385,-0.4339,-0.3193,-0.2645,-0.2614,-0.296,-0.3641,-0.4747,-0.6556,-0.9397,-1.2407,-1.1521,-0.5995,-0.0678,-0.0748,-0.2405,-0.2949,-0.2865,-0.2573,-0.2242,-0.1934,-0.1665,-0.1436,-0.1244,-0.1083,-0.0947,-0.0832,-0.0733,-0.3341,-0.3646,-0.3871,-0.3931,-0.3826,-0.3806,-0.4387,-0.6057,-0.6973,-0.4866,-0.3046,-0.2368,-0.2381,-0.2811,-0.356,-0.4717,-0.6744,-1.0651,-1.6535,-1.5942,-0.9093,-0.4521,-0.3285,-0.3531,-0.3419,-0.3033,-0.2593,-0.2191,-0.185,-0.1568,-0.1338,-0.115,-0.0996,-0.0867,-0.076,-0.0669,-0.3666,-0.4094,-0.4439,-0.4549,-0.4293,-0.3898,-0.3937,-0.489,-0.5371,-0.3624,-0.2221,-0.1824,-0.2045,-0.2653,-0.3501,-0.4507,-0.6051,-0.8986,-1.2858,-1.2839,-1.0901,-0.914,-0.6556,-0.4913,-0.388,-0.3115,-0.2523,-0.2063,-0.1707,-0.1428,-0.1209,-0.1033,-0.0892,-0.0776,-0.0679,-0.0598,-0.3953,-0.4495,-0.4862,-0.4912,-0.4794,-0.4083,-0.3278,-0.2731,-0.2061,-0.1197,-0.0876,-0.1087,-0.165,-0.2597,-0.3861,-0.4735,-0.5297,-0.6672,-0.8596,-1.0484,-1.4046,-1.2912,-0.8343,-0.5531,-0.3946,-0.2961,-0.2301,-0.1837,-0.1499,-0.1245,-0.105,-0.0897,-0.0775,-0.0676,-0.0594,-0.0525,-0.4164,-0.4885,-0.5441,-0.5641,-0.5882,-0.46,-0.2979,-0.1313,0.0799,0.1733,0.0695,-0.0308,-0.1191,-0.2525,-0.5166,-0.6572,-0.5183,-0.5465,-0.6678,-0.8727,-1.1879,-1.115,-0.7556,-0.4987,-0.3447,-0.2508,-0.1914,-0.1517,-0.1236,-0.1028,-0.087,-0.0748,-0.0651,-0.0574,-0.0509,-0.0453,-0.4238,-0.5265,-0.6883,-0.9668,-0.9072,-0.5422,-0.3222,-0.118,0.3609,0.5935,0.198,0.0303,-0.0662,-0.1816,-0.4475,-0.6453,-0.4764,-0.5284,-0.6083,-0.6598,-0.7216,-0.6785,-0.5184,-0.3615,-0.2514,-0.1831,-0.1415,-0.1141,-0.0943,-0.0794,-0.0682,-0.0597,-0.053,-0.0476,-0.0429,-0.0388,-0.404,-0.5134,-0.6921,-0.9381,-0.8676,-0.5298,-0.4111,-0.3945,0.0033,0.3237,0.159,0.0735,-0.0218,-0.1455,-0.1578,-0.2622,-0.4128,-0.7427,-0.8316,-0.6209,-0.4797,-0.389,-0.296,-0.2096,-0.148,-0.1134,-0.0935,-0.0783,-0.0661,-0.0569,-0.0504,-0.0458,-0.0422,-0.0392,-0.0363,-0.0334,-0.3538,-0.4349,-0.5371,-0.616,-0.5599,-0.443,-0.4867,-0.6822,-0.462,-0.0369,0.1247,0.1606,0.0892,-0.1131,-0.0481,-0.1019,-0.3742,-1.4126,-1.4549,-0.655,-0.3224,-0.1822,-0.1151,-0.083,-0.0755,-0.0765,-0.0659,-0.0516,-0.0421,-0.0373,-0.0353,-0.0345,-0.034,-0.0332,-0.0319,-0.03,-0.2865,-0.3337,-0.3773,-0.3941,-0.3673,-0.3447,-0.4069,-0.5317,-0.3847,0.005,0.2154,0.2695,0.2597,0.1884,0.0775,0.0409,-0.1424,-0.7683,-0.9063,-0.3907,-0.0794,0.0447,0.058,0.0162,-0.0563,-0.0941,-0.061,-0.0322,-0.0223,-0.0217,-0.0245,-0.0276,-0.0299,-0.0308,-0.0305,-0.029,-0.2169,-0.2397,-0.2543,-0.2526,-0.2356,-0.222,-0.2269,-0.2064,-0.0401,0.249,0.4533,0.4495,0.3529,0.3773,0.1546,0.0514,-0.319,-0.2084,-0.1597,0.0705,0.3124,0.3584,0.2592,0.1318,0.0053,-0.0543,-0.0286,-0.0069,-0.0051,-0.0119,-0.0202,-0.0271,-0.0315,-0.0333,-0.033,-0.031,-0.1525,-0.1599,-0.1593,-0.1479,-0.126,-0.0965,-0.0529,0.0364,0.2206,0.5332,0.9681,0.7838,0.5975,0.3947,0.2497,0.0364,-0.1716,0.0523,0.2544,0.4891,0.82,0.7405,0.4676,0.2722,0.1348,0.0596,0.0351,0.0216,0.005,-0.0117,-0.0255,-0.035,-0.0402,-0.0415,-0.0398,-0.0363,-0.0956,-0.093,-0.0831,-0.0641,-0.0345,0.0084,0.0731,0.1774,0.3449,0.6023,0.9175,0.7784,0.6802,0.6587,0.4564,0.3449,0.3227,0.4985,0.6975,0.7614,0.9228,0.8386,0.5812,0.3779,0.229,0.1316,0.0726,0.0312,-0.0018,-0.0264,-0.0428,-0.0523,-0.0561,-0.0551,-0.0507,-0.0445,-0.0462,-0.037,-0.021,0.0033,0.038,0.0863,0.1535,0.2472,0.3723,0.5191,0.632,0.648,0.6931,0.718,0.7322,0.7712,0.7325,0.9724,1.2305,1.0641,0.9339,0.8087,0.6327,0.4365,0.2586,0.1347,0.0659,0.0106,-0.0342,-0.0603,-0.0717,-0.0751,-0.0749,-0.071,-0.0635,-0.0541,-0.0039,0.0098,0.0295,0.0568,0.0933,0.1411,0.2027,0.2797,0.3698,0.4619,0.5362,0.5889,0.6517,0.781,1.2198,1.4188,1.0327,1.1543,1.3809,1.59,1.275,0.9647,0.7272,0.4841,0.2408,0.096,0.0593,-0.0378,-0.1033,-0.118,-0.1074,-0.0915,-0.0849,-0.0823,-0.0747,-0.0634,0.0321,0.0485,0.0703,0.0987,0.1346,0.1793,0.2334,0.2965,0.3657,0.4352,0.5,0.5648,0.6532,0.8278,1.1797,1.3066,1.1185,1.3298,2.1509,2.5432,1.6412,1.1757,0.8956,0.5774,0.227,0.0504,0.0241,-0.1952,-0.2411,-0.2104,-0.1548,-0.1007,-0.0837,-0.0872,-0.0829,-0.071,0.0626,0.0805,0.1032,0.1313,0.1655,0.2063,0.2537,0.3069,0.364,0.4229,0.4833,0.5503,0.6381,0.767,0.9248,1.0132,1.0698,1.3121,1.8013,1.9741,1.6166,1.4319,1.2574,0.8183,0.2523,-0.254,-0.7249,-0.6545,-0.458,-0.3509,-0.2437,-0.1484,-0.1074,-0.1004,-0.092,-0.0776,0.0881,0.1068,0.1295,0.1567,0.1888,0.2259,0.2679,0.3141,0.3636,0.4159,0.4718,0.5345,0.6099,0.7012,0.7984,0.886,0.9896,1.1629,1.3818,1.5146,1.6388,2.0263,2.1003,1.3169,0.388,-0.4559,-1.1354,-0.895,-0.6539,-0.5497,-0.3869,-0.244,-0.1643,-0.1278,-0.1044,-0.0835,0.1095,0.1283,0.1505,0.1765,0.2064,0.2403,0.2779,0.319,0.3631,0.4102,0.461,0.5173,0.581,0.6524,0.7291,0.8107,0.9084,1.0353,1.1869,1.375,1.7575,2.5457,2.7921,1.7191,0.6107,-0.1875,-0.6407,-0.7389,-0.8974,-0.7965,-0.5324,-0.3338,-0.2183,-0.1547,-0.1156,-0.0872,0.1273,0.1458,0.1673,0.1919,0.2198,0.2508,0.2848,0.3218,0.3615,0.404,0.4499,0.4998,0.5546,0.6147,0.6799,0.7522,0.8367,0.9399,1.0709,1.2632,1.6016,2.0804,2.1579,1.4942,0.6872,0.0649,-0.3476,-0.6607,-0.9256,-0.8269,-0.5645,-0.3645,-0.2408,-0.1664,-0.1191,-0.0861]},{"header":{"la1":42.85,"la2":41.18,"lo1":11.55,"lo2":14.05,"nx":36,"ny":24,"dx":0.07143,"dy":0.07261,"parameterCategory":2,"parameterNumber":3,"parameterNumberName":"northward_wind","parameterUnit":"m.s-1"},"data":[-0.096,-0.0779,-0.058,-0.0366,-0.0143,0.0074,0.026,0.0383,0.0422,0.0379,0.0281,0.0169,0.0075,0.0021,0.001,0.0037,0.009,0.0152,0.0207,0.024,0.024,0.02,0.0112,-0.0023,-0.0197,-0.0398,-0.0612,-0.0829,-0.1043,-0.1249,-0.1445,-0.163,-0.1804,-0.1966,-0.2116,-0.2254,-0.0903,-0.0691,-0.0452,-0.0183,0.0117,0.0429,0.071,0.0899,0.0941,0.0834,0.0633,0.0419,0.0251,0.0158,0.0141,0.0185,0.0271,0.0371,0.046,0.0517,0.0533,0.0497,0.0397,0.0228,0.0005,-0.0247,-0.0507,-0.0764,-0.1011,-0.1244,-0.1463,-0.1666,-0.1854,-0.2028,-0.2187,-0.2333,-0.0849,-0.0604,-0.032,0.0016,0.042,0.0887,0.1354,0.1688,0.1749,0.1513,0.111,0.0713,0.0427,0.0281,0.0258,0.0333,0.0471,0.0633,0.0771,0.0854,0.0884,0.0859,0.0745,0.0523,0.0227,-0.0095,-0.0414,-0.0717,-0.1,-0.1261,-0.1501,-0.1722,-0.1924,-0.2109,-0.2278,-0.243,-0.0796,-0.0514,-0.0187,0.0214,0.0745,0.1456,0.2291,0.2978,0.3114,0.2592,0.1766,0.104,0.0577,0.0367,0.035,0.0474,0.0698,0.0962,0.1176,0.1268,0.1284,0.1288,0.117,0.0858,0.045,0.0037,-0.0349,-0.07,-0.1018,-0.1306,-0.1567,-0.1804,-0.202,-0.2215,-0.2391,-0.2549,-0.0736,-0.0407,-0.0042,0.0395,0.1033,0.2077,0.3622,0.5206,0.5618,0.4372,0.2621,0.1337,0.0649,0.0388,0.0398,0.0595,0.0946,0.1402,0.1778,0.1818,0.1678,0.1722,0.1628,0.1168,0.062,0.0113,-0.0335,-0.0729,-0.1078,-0.1388,-0.1667,-0.1918,-0.2144,-0.2348,-0.2531,-0.2693,-0.066,-0.0242,0.0182,0.0591,0.1187,0.2499,0.5166,0.8917,1.027,0.7053,0.3442,0.1421,0.0563,0.0317,0.0389,0.0668,0.1168,0.1954,0.2785,0.2714,0.2008,0.1899,0.1826,0.1274,0.0652,0.0091,-0.0396,-0.0819,-0.1189,-0.1516,-0.1806,-0.2068,-0.2302,-0.2513,-0.2701,-0.2866,-0.0569,0.0042,0.0669,0.1026,0.1207,0.2248,0.5638,1.2283,1.5513,0.8888,0.3329,0.0998,0.0251,0.0158,0.0334,0.0668,0.1234,0.2276,0.3792,0.367,0.2296,0.18,0.1564,0.1095,0.0514,-0.0048,-0.0548,-0.0983,-0.1362,-0.1695,-0.1991,-0.2258,-0.2499,-0.2715,-0.2906,-0.3073,-0.0542,0.0416,0.1703,0.2345,0.1445,0.114,0.3258,0.8105,1.0342,0.5304,0.1328,-0.0051,-0.0243,-0.0025,0.0294,0.0632,0.1084,0.1858,0.2846,0.2827,0.2297,0.196,0.1431,0.0859,0.0267,-0.0297,-0.0797,-0.1229,-0.1602,-0.193,-0.2225,-0.2494,-0.2739,-0.2959,-0.3152,-0.3319,-0.0776,0.0423,0.2744,0.4705,0.178,-0.0494,-0.0547,0.0322,0.0185,-0.1233,-0.1785,-0.1391,-0.0738,-0.0115,0.0384,0.0686,0.0934,0.1309,0.1741,0.2085,0.2731,0.2488,0.1451,0.0617,-0.0069,-0.0659,-0.1155,-0.1565,-0.1914,-0.2224,-0.2511,-0.2779,-0.3028,-0.3252,-0.3447,-0.3611,-0.1434,-0.0694,0.0703,0.1609,-0.1106,-0.2815,-0.3867,-0.5051,-0.6993,-0.7518,-0.4942,-0.2533,-0.1038,-0.0064,0.066,0.0904,0.0955,0.1088,0.1271,0.163,0.2249,0.2043,0.1083,0.0191,-0.0561,-0.1177,-0.1648,-0.2004,-0.2299,-0.2574,-0.2847,-0.3116,-0.3372,-0.3603,-0.3801,-0.396,-0.2315,-0.2401,-0.3191,-0.5687,-0.5661,-0.5149,-0.65,-0.8351,-1.223,-1.4358,-0.7233,-0.2995,-0.1049,-0.0038,0.0758,0.1006,0.1156,0.1099,0.1013,0.1083,0.1193,0.0984,0.0353,-0.0468,-0.1289,-0.1937,-0.2331,-0.2559,-0.2751,-0.2972,-0.3232,-0.3511,-0.3785,-0.403,-0.4231,-0.4381,-0.3045,-0.35,-0.4547,-0.6087,-0.6172,-0.6604,-0.8797,-1.0671,-1.1273,-1.1423,-0.6281,-0.2578,-0.0883,-0.0809,0.1051,0.1742,0.1766,0.1043,0.0658,0.0735,0.0668,0.0346,-0.03,-0.1267,-0.2362,-0.3112,-0.3285,-0.3224,-0.3238,-0.3396,-0.3661,-0.3975,-0.4287,-0.4557,-0.4762,-0.4895,-0.35,-0.396,-0.465,-0.5403,-0.6065,-0.7493,-1.0223,-1.2913,-1.1284,-0.7873,-0.4461,-0.2082,-0.0622,0.0288,0.2823,0.3678,0.3228,0.0097,-0.0245,0.0619,0.0586,0.0168,-0.0678,-0.2086,-0.3924,-0.4958,-0.4522,-0.39,-0.3687,-0.3815,-0.4137,-0.4537,-0.4922,-0.5231,-0.5435,-0.5534,-0.3752,-0.4148,-0.4663,-0.528,-0.6103,-0.7457,-0.9463,-1.1352,-1.0145,-0.6488,-0.367,-0.224,-0.1448,0.3418,0.4191,0.8483,0.6638,0.2302,0.084,0.0985,0.0976,0.0544,-0.0585,-0.2519,-0.5317,-0.6776,-0.545,-0.4292,-0.3985,-0.4205,-0.469,-0.5257,-0.5768,-0.613,-0.6313,-0.6338,-0.3881,-0.4218,-0.464,-0.5161,-0.5835,-0.6721,-0.7696,-0.8165,-0.7196,-0.5384,-0.3979,-0.2355,0.0408,0.3739,0.4733,0.9706,0.8792,0.4526,0.1933,0.1627,0.2473,0.2086,0.0228,-0.2012,-0.4487,-0.5766,-0.4896,-0.4091,-0.4062,-0.4581,-0.5392,-0.626,-0.6971,-0.7385,-0.7488,-0.7359,-0.3931,-0.4212,-0.4548,-0.4944,-0.5399,-0.5875,-0.623,-0.62,-0.5677,-0.5345,-0.6589,-0.3559,-0.2102,0.0309,0.2164,0.5046,0.6506,0.306,0.088,0.2183,0.7001,0.5652,0.1413,-0.1131,-0.2678,-0.3404,-0.3363,-0.3379,-0.394,-0.5005,-0.6382,-0.7769,-0.8789,-0.9206,-0.9081,-0.8642,-0.393,-0.4156,-0.4412,-0.4691,-0.4972,-0.5209,-0.5322,-0.524,-0.5055,-0.5237,-0.6288,-0.4711,-0.4922,-0.527,-0.178,-0.004,0.0288,-0.1576,-0.2951,0.0113,0.7452,0.5786,0.1142,-0.0903,-0.1477,-0.1404,-0.146,-0.221,-0.3623,-0.5539,-0.7851,-1.0155,-1.1651,-1.188,-1.1193,-1.0179,-0.3902,-0.4079,-0.4269,-0.4459,-0.463,-0.4752,-0.479,-0.474,-0.4672,-0.4713,-0.4784,-0.4697,-0.5854,-0.632,-0.5851,-0.5972,-0.4805,-0.6633,-0.9245,-0.5491,-0.1204,-0.0106,-0.1118,-0.1428,-0.0398,0.1445,0.1795,-0.0277,-0.3096,-0.6196,-0.9926,-1.3853,-1.6066,-1.5581,-1.3726,-1.1808,-0.3861,-0.4,-0.414,-0.4272,-0.4381,-0.4452,-0.4474,-0.4454,-0.4427,-0.4434,-0.449,-0.4703,-0.5359,-0.6848,-1.2237,-1.4709,-0.8599,-0.8349,-0.9953,-1.0418,-0.7245,-0.48,-0.3749,-0.2394,0.0783,0.629,0.7495,0.1982,-0.2739,-0.6882,-1.2149,-1.8425,-2.1518,-1.9517,-1.6006,-1.3114,-0.382,-0.3929,-0.4035,-0.4131,-0.4209,-0.4261,-0.4286,-0.4293,-0.4304,-0.4351,-0.4484,-0.4814,-0.559,-0.7502,-1.1726,-1.3133,-0.9515,-0.9634,-1.4644,-1.7163,-1.1044,-0.8099,-0.6564,-0.4282,-0.0068,0.6848,0.8388,0.0984,-0.3485,-0.7368,-1.2898,-2.0254,-2.3769,-2.0944,-1.6765,-1.3561,-0.3783,-0.3871,-0.3956,-0.4031,-0.4094,-0.4142,-0.4177,-0.421,-0.4258,-0.4351,-0.4539,-0.4909,-0.5615,-0.6867,-0.8486,-0.9101,-0.8736,-0.9674,-1.2573,-1.3706,-1.1857,-1.1537,-1.0921,-0.7884,-0.3862,-0.1496,-0.3554,-0.4133,-0.5238,-0.7596,-1.1445,-1.6733,-1.9698,-1.8344,-1.5487,-1.2978,-0.3754,-0.3828,-0.3899,-0.3964,-0.4022,-0.4072,-0.4119,-0.4174,-0.425,-0.4375,-0.4583,-0.4928,-0.547,-0.6221,-0.7015,-0.7562,-0.8008,-0.8921,-1.0329,-1.1552,-1.3492,-1.7923,-1.9091,-1.319,-0.7582,-0.5628,-0.6756,-0.6325,-0.6882,-0.7912,-0.9678,-1.2436,-1.4446,-1.447,-1.3247,-1.1769,-0.3733,-0.3799,-0.3862,-0.3921,-0.3978,-0.4034,-0.4093,-0.4163,-0.4259,-0.4399,-0.4606,-0.4907,-0.532,-0.5832,-0.6379,-0.6909,-0.7508,-0.8357,-0.9567,-1.1443,-1.5431,-2.2949,-2.5198,-1.6893,-0.9974,-0.7078,-0.6644,-0.7252,-0.8522,-0.8476,-0.8804,-1.0022,-1.1191,-1.1577,-1.1214,-1.0478,-0.372,-0.378,-0.3839,-0.3897,-0.3955,-0.4016,-0.4084,-0.4166,-0.4273,-0.4417,-0.4614,-0.4877,-0.5212,-0.5613,-0.6063,-0.6565,-0.7174,-0.7992,-0.918,-1.1108,-1.4495,-1.9055,-2.0044,-1.5371,-1.0575,-0.8038,-0.7336,-0.7861,-0.8729,-0.8571,-0.8464,-0.8918,-0.9504,-0.9815,-0.9743,-0.9391]}]