docs/data/wind_grid.json
{"header": {"la1":42.2,"la2":41.6,"lo1":11.9,"lo2":12.95,"nx":50,"ny":50,"dx":0.02143,"dy":0.01224,"parameterCategory":2,"parameterNumber":2,"parameterNumberName":"eastward_wind","parameterUnit":"m.s-1"}, "data":
[rows 0 to 45 of 50, columns 0 to 49 of 50]
4.6359,4.6397,4.6432,4.6465,4.6495,4.6521,4.6545,4.6566,4.6587,4.6606,4.6623,4.6631,4.6625,4.6596,4.6539,4.6454,4.635,4.6237,4.6125,4.6024,4.594,4.5876,4.5831,4.5805,4.5794,4.5796,4.5808,4.5826,4.5849,4.5877,4.5911,4.5954,4.6007,4.6073,4.6152,4.6246,4.6352,4.6466,4.6584,4.67,4.6808,4.6902,4.6977,4.7029,4.7058,4.7063,4.7048,4.7014,4.6966,4.6907
4.6388,4.6428,4.6467,4.6502,4.6533,4.6561,4.6586,4.6608,4.663,4.6653,4.6674,4.6689,4.6688,4.6661,4.6601,4.6508,4.6391,4.6264,4.6139,4.6028,4.5937,4.5869,4.5823,4.5798,4.579,4.5796,4.5811,4.5832,4.5857,4.5886,4.592,4.5963,4.6017,4.6086,4.6172,4.6273,4.639,4.6517,4.6649,4.6779,4.69,4.7004,4.7085,4.7141,4.7169,4.7171,4.7149,4.7107,4.705,4.6981
4.6417,4.6461,4.6502,4.654,4.6574,4.6603,4.6628,4.6651,4.6674,4.6698,4.6724,4.6746,4.6752,4.6729,4.6666,4.6564,4.6432,4.6289,4.6151,4.6029,4.5931,4.5859,4.5813,4.579,4.5787,4.5797,4.5817,4.5841,4.5868,4.5897,4.593,4.5973,4.6028,4.61,4.6191,4.6302,4.643,4.6572,4.672,4.6866,4.7001,4.7117,4.7206,4.7265,4.7292,4.7289,4.7259,4.7207,4.7139,4.7059
4.6448,4.6495,4.654,4.6581,4.6617,4.6647,4.6672,4.6694,4.6717,4.6742,4.6772,4.6801,4.6816,4.6797,4.6732,4.6619,4.6472,4.6312,4.6159,4.6026,4.5921,4.5846,4.5801,4.5782,4.5783,4.58,4.5826,4.5854,4.5883,4.5911,4.5943,4.5984,4.6039,4.6113,4.621,4.6331,4.6473,4.6631,4.6798,4.6963,4.7115,4.7244,4.7341,4.7403,4.7428,4.7418,4.7378,4.7315,4.7234,4.7142
4.6479,4.6531,4.658,4.6624,4.6662,4.6694,4.6719,4.6739,4.6759,4.6784,4.6816,4.6852,4.6876,4.6863,4.6796,4.6672,4.6508,4.633,4.6162,4.6018,4.5907,4.583,4.5787,4.5772,4.5781,4.5806,4.5839,4.5873,4.5903,4.593,4.5959,4.5996,4.605,4.6126,4.6229,4.6361,4.6518,4.6696,4.6884,4.707,4.7242,4.7386,4.7492,4.7557,4.7578,4.7559,4.7507,4.743,4.7334,4.7228
4.6512,4.6568,4.6622,4.667,4.6712,4.6745,4.6769,4.6787,4.6802,4.6822,4.6854,4.6895,4.6928,4.6923,4.6854,4.6718,4.6537,4.6342,4.6159,4.6005,4.5888,4.5811,4.577,4.5762,4.578,4.5816,4.5858,4.5899,4.5931,4.5955,4.5978,4.601,4.6061,4.6138,4.6248,4.6391,4.6566,4.6765,4.6978,4.719,4.7384,4.7545,4.7662,4.7728,4.7744,4.7714,4.7647,4.7553,4.744,4.7317
4.6545,4.6607,4.6666,4.672,4.6766,4.6801,4.6825,4.6838,4.6846,4.6859,4.6886,4.6929,4.6969,4.697,4.69,4.6753,4.6556,4.6344,4.6147,4.5984,4.5864,4.5786,4.5751,4.5751,4.5781,4.583,4.5885,4.5933,4.5967,4.5987,4.6002,4.6026,4.6071,4.6149,4.6265,4.6421,4.6616,4.684,4.7082,4.7323,4.7544,4.7725,4.7853,4.792,4.7927,4.7883,4.7798,4.7683,4.7551,4.7409
4.658,4.6648,4.6714,4.6774,4.6825,4.6863,4.6887,4.6895,4.6894,4.6894,4.6911,4.695,4.6994,4.7,4.6929,4.6773,4.6561,4.6334,4.6126,4.5956,4.5833,4.5758,4.5728,4.5739,4.5784,4.585,4.5921,4.598,4.6016,4.6029,4.6032,4.6044,4.6082,4.6158,4.628,4.6451,4.6667,4.692,4.7196,4.7471,4.7723,4.7928,4.8067,4.8134,4.813,4.8067,4.7959,4.7821,4.7666,4.7504
4.6615,4.6691,4.6764,4.6832,4.689,4.6934,4.6958,4.6962,4.6949,4.6933,4.6932,4.696,4.7001,4.7008,4.6935,4.6771,4.6548,4.6311,4.6095,4.592,4.5796,4.5724,4.5702,4.5726,4.5789,4.5877,4.597,4.6042,4.6079,4.6082,4.6068,4.6064,4.6091,4.6164,4.6293,4.6479,4.672,4.7007,4.7321,4.7637,4.7926,4.8157,4.8308,4.8372,4.8354,4.8267,4.8132,4.7966,4.7785,4.76
4.6651,4.6734,4.6817,4.6895,4.6963,4.7014,4.7042,4.7042,4.7017,4.6979,4.6954,4.6961,4.699,4.6993,4.6916,4.6747,4.6517,4.6273,4.6052,4.5876,4.5752,4.5685,4.5672,4.5711,4.5796,4.5912,4.6032,4.6124,4.6162,4.6149,4.6112,4.6085,4.6098,4.6167,4.6302,4.6505,4.6774,4.7098,4.7457,4.7822,4.8153,4.8414,4.8579,4.8637,4.8599,4.8483,4.8315,4.8117,4.7906,4.7696
4.6687,4.678,4.6873,4.6962,4.7043,4.7105,4.7141,4.7141,4.7104,4.7043,4.6985,4.6961,4.6967,4.6956,4.6872,4.6699,4.6467,4.6221,4.5999,4.5822,4.5702,4.5639,4.5636,4.5692,4.5803,4.5954,4.6112,4.6229,4.6267,4.6232,4.6163,4.6108,4.6102,4.6165,4.6306,4.6528,4.6827,4.7194,4.7605,4.8026,4.8408,4.8704,4.8882,4.8931,4.8865,4.8714,4.8506,4.8271,4.8028,4.779
4.6723,4.6825,4.693,4.7034,4.713,4.7209,4.7257,4.7263,4.7218,4.7132,4.7037,4.6971,4.6941,4.6906,4.681,4.6633,4.64,4.6155,4.5935,4.5761,4.5645,4.5588,4.5594,4.5667,4.5807,4.6002,4.621,4.6362,4.64,4.6332,4.622,4.6129,4.6101,4.6158,4.6305,4.6546,4.6879,4.7293,4.7764,4.8249,4.8691,4.9028,4.9218,4.9253,4.9153,4.8957,4.8704,4.8427,4.8148,4.7881
4.6757,4.6871,4.6989,4.711,4.7225,4.7325,4.7393,4.7412,4.7365,4.7257,4.712,4.7003,4.6925,4.6855,4.6738,4.6553,4.6321,4.6079,4.5863,4.5693,4.5581,4.553,4.5545,4.5634,4.5805,4.6052,4.6325,4.6525,4.6563,4.6449,4.6279,4.6145,4.6093,4.6142,4.6297,4.6559,4.6927,4.7393,4.7931,4.8492,4.9002,4.9386,4.9589,4.9603,4.946,4.921,4.8905,4.8581,4.8264,4.7965
4.679,4.6915,4.7048,4.7187,4.7326,4.7452,4.7549,4.7589,4.755,4.7424,4.7243,4.7067,4.6929,4.6811,4.6664,4.6468,4.6234,4.5995,4.5784,4.562,4.5512,4.5465,4.5487,4.5589,4.5791,4.6095,4.645,4.6715,4.6749,4.6574,4.6334,4.615,4.6074,4.6117,4.628,4.6563,4.6969,4.749,4.8102,4.8748,4.9339,4.9776,4.9991,4.9977,4.978,4.9468,4.9103,4.8729,4.8371,4.8042
4.682,4.6956,4.7105,4.7265,4.743,4.7589,4.7721,4.7794,4.7773,4.7636,4.741,4.7166,4.6958,4.6781,4.6596,4.6381,4.6142,4.5907,4.57,4.5541,4.5437,4.5394,4.5419,4.5529,4.5754,4.6115,4.6565,4.6914,4.6944,4.669,4.6371,4.6139,4.6041,4.608,4.6252,4.6558,4.7,4.7579,4.8271,4.9012,4.9695,5.0192,5.0417,5.0365,5.0104,4.9721,4.9292,4.8865,4.8467,4.8107
4.6847,4.6994,4.7159,4.734,4.7533,4.7728,4.7903,4.802,4.8028,4.7887,4.7616,4.7299,4.7011,4.6767,4.6536,4.6297,4.605,4.5816,4.5614,4.546,4.536,4.5318,4.534,4.5449,4.5685,4.6092,4.6636,4.7079,4.7104,4.6765,4.6371,4.61,4.599,4.603,4.6213,4.654,4.7018,4.7653,4.8426,4.9271,5.0056,5.0619,5.0852,5.0755,5.042,4.996,4.9463,4.8984,4.8546,4.8158
4.6868,4.7027,4.7206,4.7409,4.7631,4.7865,4.8088,4.8255,4.8299,4.8161,4.7847,4.7452,4.708,4.6764,4.6483,4.6216,4.5959,4.5724,4.5526,4.5377,4.5281,4.5239,4.5255,4.5352,4.5578,4.5999,4.6609,4.7135,4.7161,4.6757,4.6315,4.6027,4.5917,4.5966,4.6162,4.6508,4.7017,4.7703,4.8556,4.9507,5.0401,5.1035,5.1273,5.1124,5.0709,5.017,4.9608,4.9078,4.8604,4.8191
4.6883,4.7052,4.7246,4.7468,4.7718,4.799,4.826,4.848,4.8566,4.8435,4.808,4.761,4.7155,4.6766,4.6434,4.6138,4.5869,4.5632,4.5439,4.5296,4.5204,4.5161,4.5167,4.5239,4.5431,4.5822,4.6432,4.6994,4.7033,4.662,4.6184,4.5914,4.5822,4.5886,4.6096,4.6458,4.6992,4.772,4.8644,4.9695,5.0698,5.1405,5.1647,5.1444,5.095,5.0336,4.9714,4.9141,4.8637,4.8203
4.6891,4.7068,4.7273,4.7513,4.7787,4.8092,4.8406,4.8675,4.8801,4.8678,4.8288,4.7752,4.722,4.6764,4.6384,4.606,4.5779,4.5542,4.5354,4.5217,4.5131,4.5089,4.5084,4.5124,4.5256,4.5563,4.6087,4.6606,4.6676,4.6338,4.5976,4.576,4.5704,4.5792,4.6018,4.6391,4.6939,4.7694,4.8671,4.9808,5.0909,5.1685,5.1932,5.1679,5.1117,5.0441,4.9772,4.9166,4.8641,4.8192
4.6892,4.7074,4.7288,4.754,4.7833,4.8164,4.8511,4.8817,4.8974,4.8859,4.8444,4.7855,4.7261,4.6749,4.6328,4.598,4.569,4.5453,4.5271,4.5143,4.5067,4.5031,4.5019,4.5023,4.5074,4.5254,4.5615,4.6018,4.613,4.5936,4.5704,4.5574,4.5569,4.5686,4.5926,4.6305,4.6854,4.7618,4.8622,4.9816,5.0993,5.1826,5.2081,5.1795,5.1186,5.0469,4.9772,4.9148,4.8611,4.8157
4.6883,4.7068,4.7288,4.7547,4.7851,4.8197,4.8563,4.889,4.9063,4.8952,4.8524,4.7903,4.7266,4.6714,4.6262,4.5896,4.56,4.5366,4.5191,4.5075,4.5013,4.4993,4.4986,4.4956,4.4913,4.4933,4.5091,4.5344,4.5497,4.5473,4.5397,4.5368,4.5422,4.5571,4.5823,4.62,4.6737,4.7486,4.8487,4.9699,5.0915,5.1785,5.2054,5.176,5.1138,5.0411,4.9708,4.9083,4.8547,4.8095
4.6865,4.7051,4.7271,4.7532,4.7838,4.8186,4.8555,4.8882,4.9055,4.8943,4.8513,4.7883,4.7228,4.6652,4.6182,4.5806,4.5508,4.5279,4.5114,4.5012,4.497,4.4977,4.4994,4.4943,4.4793,4.4632,4.4575,4.4683,4.4876,4.5012,4.5085,4.5157,4.5271,4.545,4.5712,4.6078,4.6588,4.7299,4.8261,4.9446,5.0656,5.1539,5.1829,5.1561,5.0964,5.0261,4.9578,4.897,4.8448,4.8006
4.6838,4.7021,4.7237,4.7494,4.7793,4.8131,4.8485,4.8794,4.895,4.8832,4.8411,4.7793,4.7142,4.6562,4.6086,4.5709,4.5414,4.5193,4.5039,4.4952,4.4934,4.4979,4.5041,4.4986,4.4715,4.4355,4.4091,4.4089,4.4333,4.4599,4.4795,4.4955,4.5123,4.533,4.5595,4.5942,4.6412,4.7063,4.7953,4.9069,5.0227,5.1095,5.1413,5.1202,5.0669,5.0022,4.9385,4.8811,4.8314,4.7892
4.6802,4.6979,4.7188,4.7433,4.7718,4.8035,4.836,4.8634,4.876,4.8633,4.8229,4.764,4.7012,4.6445,4.5976,4.5604,4.5317,4.5105,4.4963,4.4892,4.4897,4.4982,4.5099,4.505,4.4655,4.4096,4.365,4.3587,4.3897,4.4261,4.4546,4.4772,4.4985,4.5213,4.5477,4.5798,4.6214,4.6788,4.7582,4.8593,4.9664,5.0494,5.0842,5.071,5.0272,4.9708,4.9136,4.8611,4.815,4.7754
4.6756,4.6925,4.7123,4.7353,4.7615,4.7902,4.8188,4.8418,4.8506,4.8368,4.7985,4.7436,4.6845,4.6304,4.5851,4.5492,4.5216,4.5015,4.4884,4.4825,4.4848,4.4959,4.5108,4.5054,4.4562,4.3863,4.329,4.3213,4.359,4.4009,4.4344,4.4616,4.4861,4.5105,4.5362,4.5649,4.6003,4.6488,4.717,4.8058,4.9019,4.9795,5.0172,5.0129,4.9799,4.9335,4.8842,4.8376,4.7958,4.7595
4.6703,4.6861,4.7044,4.7255,4.749,4.7741,4.7981,4.8161,4.821,4.806,4.7701,4.7197,4.6651,4.6144,4.5716,4.5373,4.5111,4.4921,4.4799,4.4748,4.4776,4.4887,4.5019,4.493,4.4408,4.369,4.3091,4.3023,4.3421,4.3841,4.4191,4.4488,4.4755,4.5009,4.5254,4.5504,4.579,4.6179,4.6745,4.7506,4.8352,4.9066,4.9463,4.9505,4.9285,4.8924,4.8515,4.8114,4.7745,4.7418
4.6643,4.6788,4.6955,4.7143,4.7348,4.756,4.7753,4.7883,4.7893,4.7733,4.7397,4.6939,4.6441,4.5973,4.5572,4.525,4.5002,4.4822,4.4707,4.4657,4.4678,4.4762,4.4837,4.4701,4.4221,4.3602,4.3103,4.3041,4.3373,4.3742,4.4081,4.4387,4.4668,4.4926,4.5158,4.5367,4.5584,4.5879,4.6335,4.6977,4.7713,4.8363,4.8768,4.888,4.8758,4.8494,4.8168,4.7832,4.7514,4.7226
4.6576,4.6708,4.6856,4.702,4.7194,4.7366,4.7513,4.7598,4.7574,4.7405,4.7091,4.6675,4.6224,4.5796,4.5424,4.5122,4.4888,4.4718,4.4606,4.4552,4.4556,4.46,4.4613,4.4448,4.4041,4.356,4.3221,4.3172,4.3384,4.3685,4.4003,4.4311,4.4598,4.4858,4.5077,4.5247,4.5396,4.5605,4.5964,4.6501,4.7139,4.7725,4.8124,4.8286,4.8243,4.8063,4.7813,4.754,4.7271,4.7022
4.6505,4.6622,4.6752,4.6891,4.7034,4.7168,4.7273,4.7316,4.7263,4.7089,4.6795,4.6417,4.6009,4.5618,4.5275,4.4993,4.4772,4.4609,4.4498,4.4435,4.4417,4.4423,4.4391,4.4223,4.3886,4.3499,4.3245,4.3218,4.338,4.3646,4.3949,4.4254,4.4544,4.4805,4.5012,4.5148,4.5239,4.5374,4.5651,4.61,4.665,4.7172,4.7551,4.7741,4.7756,4.7644,4.7459,4.7242,4.702,4.681
4.6431,4.6533,4.6643,4.6758,4.6871,4.6971,4.7037,4.7046,4.697,4.6792,4.6516,4.6172,4.5801,4.5444,4.5127,4.4863,4.4655,4.4497,4.4384,4.431,4.4268,4.4244,4.419,4.404,4.376,4.3412,4.3136,4.3127,4.3339,4.3615,4.3913,4.4214,4.4504,4.4764,4.4964,4.5075,4.5121,4.5198,4.541,4.5783,4.6253,4.6709,4.7057,4.7254,4.7305,4.7245,4.7113,4.6945,4.6766,4.6592
4.6353,4.6441,4.6532,4.6625,4.6711,4.6779,4.6813,4.6793,4.6698,4.6519,4.6259,4.5944,4.5606,4.5278,4.4984,4.4736,4.4538,4.4385,4.4269,4.4181,4.4116,4.4069,4.4012,4.3894,4.3668,4.3348,4.305,4.3049,4.3305,4.3597,4.3891,4.4186,4.4473,4.4733,4.493,4.5028,4.5047,4.5083,4.5243,4.5549,4.5942,4.633,4.6637,4.6825,4.6894,4.6868,4.6777,4.6651,4.6511,4.6371
4.6275,4.6348,4.6422,4.6493,4.6554,4.6595,4.6602,4.6559,4.6451,4.6271,4.6026,4.5735,4.5425,4.5122,4.4848,4.4614,4.4425,4.4276,4.4157,4.4054,4.3965,4.3897,4.3849,4.3774,4.361,4.3343,4.308,4.3079,4.3318,4.3601,4.3884,4.4169,4.4449,4.4707,4.4904,4.5002,4.5011,4.5025,4.5143,4.5387,4.5705,4.6023,4.628,4.6447,4.652,4.6515,4.6455,4.6363,4.6256,4.6148
4.6196,4.6255,4.6313,4.6365,4.6404,4.6422,4.6406,4.6345,4.6227,4.605,4.5818,4.5547,4.526,4.4979,4.4722,4.45,4.4318,4.4174,4.4054,4.3937,4.3816,4.3723,4.3688,4.3667,4.3575,4.3384,4.3191,4.3188,4.3377,4.3628,4.3889,4.4158,4.4427,4.468,4.488,4.4986,4.5002,4.5008,4.5093,4.5277,4.5523,4.577,4.5975,4.6111,4.6177,4.6182,4.6144,4.608,4.6003,4.5924
4.6118,4.6164,4.6207,4.6241,4.6262,4.626,4.6226,4.6151,4.6028,4.5853,4.5632,4.538,4.5113,4.485,4.4607,4.4395,4.4221,4.4085,4.3968,4.3837,4.3676,4.3545,4.3521,4.3561,4.3547,4.3438,4.3318,4.3318,4.346,4.3668,4.3902,4.415,4.4405,4.465,4.485,4.4968,4.5001,4.501,4.5068,4.5199,4.5376,4.5556,4.5706,4.5807,4.5858,4.5867,4.5844,4.5803,4.5753,4.57
4.6041,4.6075,4.6104,4.6124,4.6128,4.611,4.6063,4.5977,4.585,4.5679,4.5469,4.5233,4.4983,4.4736,4.4506,4.4303,4.4137,4.4012,4.3906,4.3764,4.3549,4.3364,4.3349,4.3454,4.3515,4.3481,4.3423,4.3433,4.354,4.3711,4.3916,4.4142,4.4379,4.4612,4.4809,4.4937,4.4989,4.5007,4.5047,4.5132,4.5246,4.5363,4.5459,4.5524,4.5557,4.5563,4.5552,4.553,4.5504,4.5477
4.5965,4.5989,4.6007,4.6013,4.6004,4.5973,4.5914,4.5822,4.5692,4.5526,4.5327,4.5104,4.487,4.4638,4.4419,4.4226,4.4069,4.3958,4.3873,4.3728,4.3448,4.3193,4.319,4.3357,4.3479,4.3503,4.3492,4.3515,4.3603,4.3746,4.3925,4.413,4.435,4.4567,4.4757,4.489,4.4958,4.4985,4.5012,4.5058,4.5118,4.5178,4.5224,4.5252,4.5264,4.5266,4.5264,4.526,4.5256,4.5254
4.5892,4.5907,4.5913,4.5909,4.5888,4.5847,4.578,4.5683,4.5554,4.5392,4.5203,4.4994,4.4774,4.4555,4.4348,4.4164,4.4018,4.3924,4.387,4.3736,4.3391,4.3074,4.3083,4.3289,4.3446,4.3506,4.3525,4.3562,4.3642,4.3766,4.3927,4.4113,4.4315,4.4516,4.4694,4.4827,4.4903,4.4936,4.4952,4.4966,4.498,4.4988,4.4987,4.498,4.4973,4.4971,4.4976,4.499,4.5009,4.5032
4.5822,4.5828,4.5826,4.5811,4.5782,4.5732,4.566,4.556,4.5431,4.5276,4.5096,4.4899,4.4693,4.4487,4.4292,4.4119,4.3984,4.3907,4.3885,4.3776,4.3398,4.3055,4.3066,4.3268,4.3424,4.3494,4.3528,4.3574,4.3653,4.377,4.3918,4.409,4.4275,4.4459,4.4624,4.475,4.4827,4.4861,4.4865,4.4851,4.4824,4.4784,4.474,4.4701,4.4676,4.4672,4.4688,4.472,4.4763,4.4811
4.5755,4.5753,4.5743,4.5721,4.5684,4.5628,4.5551,4.545,4.5324,4.5175,4.5004,4.4819,4.4626,4.4434,4.4251,4.4089,4.3965,4.3901,4.3897,4.381,4.3462,4.3145,4.3135,4.3289,4.3412,4.3467,4.3501,4.3554,4.3639,4.3755,4.3898,4.406,4.4231,4.4399,4.4548,4.4663,4.4735,4.4762,4.4752,4.4711,4.4644,4.4561,4.4477,4.4408,4.4369,4.4365,4.4394,4.4448,4.4517,4.4591
4.5691,4.5683,4.5666,4.5637,4.5594,4.5534,4.5455,4.5354,4.5231,4.5087,4.4926,4.4752,4.4572,4.4392,4.4222,4.4072,4.3958,4.39,4.3893,4.3815,4.3538,4.3282,4.3244,4.3331,4.34,4.3422,4.3445,4.3504,4.3601,4.3725,4.3868,4.4024,4.4184,4.4337,4.447,4.4571,4.4631,4.4646,4.4616,4.4545,4.444,4.4314,4.4191,4.4096,4.4046,4.4049,4.4096,4.4175,4.4271,4.4373
4.563,4.5616,4.5594,4.556,4.5512,4.5449,4.5368,4.5268,4.5149,4.5012,4.486,4.4697,4.4528,4.4362,4.4204,4.4065,4.396,4.3901,4.3878,4.38,4.3596,4.3403,4.3345,4.3368,4.3374,4.3352,4.3359,4.3427,4.3543,4.3682,4.3831,4.3984,4.4135,4.4274,4.4391,4.4476,4.4519,4.4516,4.4462,4.4357,4.4211,4.4041,4.3881,4.3762,4.3708,4.3721,4.3792,4.39,4.4027,4.4158
4.5572,4.5554,4.5527,4.5489,4.5438,4.5372,4.5291,4.5193,4.5077,4.4947,4.4803,4.4651,4.4494,4.4339,4.4194,4.4066,4.3967,4.3905,4.3864,4.3786,4.3635,4.3489,4.3417,4.3384,4.3326,4.3255,4.3247,4.3332,4.3473,4.3631,4.379,4.3943,4.4086,4.4212,4.4313,4.438,4.4404,4.4377,4.4293,4.4151,4.3959,4.3744,4.3546,4.3407,4.3352,4.3384,4.3484,4.3625,4.3786,4.3948
4.5518,4.5495,4.5464,4.5423,4.537,4.5303,4.5222,4.5126,4.5015,4.4891,4.4756,4.4613,4.4467,4.4324,4.4189,4.4071,4.3977,4.391,4.3857,4.3781,4.3662,4.3543,4.3458,4.3378,4.3261,4.3144,4.3126,4.3233,4.3402,4.3581,4.3749,4.3902,4.4038,4.4152,4.4237,4.4286,4.4287,4.4234,4.4116,4.3931,4.3691,4.3426,4.319,4.3034,4.2985,4.3042,4.3176,4.3355,4.3552,4.3746
4.5467,4.5441,4.5407,4.5363,4.5308,4.5241,4.5161,4.5067,4.4961,4.4843,4.4716,4.4582,4.4447,4.4314,4.4189,4.4079,4.3989,4.3919,4.3857,4.3782,4.3682,4.3577,4.3477,4.336,4.3197,4.3046,4.3024,4.315,4.3342,4.3537,4.3712,4.3864,4.3993,4.4095,4.4165,4.4193,4.4172,4.4089,4.3934,4.3703,4.3411,4.3096,4.2822,4.2651,4.2614,4.2701,4.2874,4.3094,4.3327,4.3553
4.5419,4.539,4.5354,4.5308,4.5252,4.5185,4.5106,4.5015,4.4913,4.4801,4.4682,4.4557,4.4431,4.4308,4.4192,4.4089,4.4001,4.3929,4.3863,4.3788,4.3698,4.3598,4.3487,4.3344,4.3156,4.2991,4.2969,4.3103,4.3304,4.3505,4.3682,4.3831,4.3952,4.4042,4.4096,4.4105,4.4059,4.3946,4.3753,4.3475,4.3129,4.2763,4.2453,4.2271,4.2251,4.2372,4.2587,4.2847,4.3116,4.3372
4.5374,4.5343,4.5304,4.5257,4.5201,4.5134,4.5057,4.497,4.4872,4.4766,4.4653,4.4537,4.4419,4.4305,4.4197,4.4099,4.4015,4.3941,4.3872,4.3798,4.3712,4.3613,4.3495,4.3341,4.3151,4.2993,4.2972,4.3099,4.3294,4.349,4.3662,4.3804,4.3915,4.3993,4.4031,4.4022,4.3952,4.3808,4.3577,4.3254,4.2857,4.2443,4.2101,4.1913,4.191,4.2067,4.2323,4.2622,4.2924,4.3208
