docs/data/wind_grid.json
[{"header":{"la1":42.85,"la2":41.18,"lo1":11.55,"lo2":14.05,"nx":36,"ny":24,"dx":0.07143,"dy":0.07261,"parameterCategory":2,"parameterNumber":2,"parameterNumberName":"eastward_wind","parameterUnit":"m.s-1"},"data":[-0.4149,-0.4192,-0.4217,-0.4226,-0.4221,-0.4205,-0.418,-0.4146,-0.4104,-0.4062,-0.4034,-0.4037,-0.4084,-0.4179,-0.4317,-0.4479,-0.4633,-0.4741,-0.4762,-0.4681,-0.4516,-0.4323,-0.4156,-0.4041,-0.397,-0.3921,-0.3875,-0.3826,-0.377,-0.371,-0.3648,-0.3586,-0.3526,-0.347,-0.3416,-0.3366,-0.4321,-0.4379,-0.4411,-0.442,-0.4411,-0.4392,-0.4364,-0.4321,-0.4257,-0.4179,-0.4111,-0.4086,-0.4128,-0.4248,-0.444,-0.4681,-0.4924,-0.51,-0.5129,-0.4965,-0.4648,-0.4301,-0.4053,-0.394,-0.3911,-0.3904,-0.3886,-0.3849,-0.3796,-0.3734,-0.3668,-0.3602,-0.3537,-0.3477,-0.342,-0.3368,-0.4537,-0.4618,-0.4663,-0.467,-0.4655,-0.4634,-0.4615,-0.4578,-0.4491,-0.4351,-0.4207,-0.4124,-0.4148,-0.4295,-0.4562,-0.4923,-0.5321,-0.5637,-0.5701,-0.5377,-0.4723,-0.405,-0.369,-0.3665,-0.3771,-0.386,-0.3892,-0.3873,-0.3823,-0.3758,-0.3686,-0.3614,-0.3545,-0.3481,-0.3422,-0.3367,-0.4811,-0.4934,-0.4999,-0.5001,-0.4965,-0.4942,-0.4964,-0.4985,-0.4889,-0.4633,-0.4335,-0.4141,-0.4124,-0.4298,-0.4659,-0.5196,-0.5859,-0.648,-0.6696,-0.609,-0.4662,-0.3217,-0.2765,-0.3122,-0.3561,-0.3817,-0.3911,-0.3907,-0.3855,-0.3782,-0.3702,-0.3623,-0.3549,-0.3481,-0.3419,-0.3363,-0.516,-0.5362,-0.5474,-0.5462,-0.5365,-0.5312,-0.5435,-0.5669,-0.5637,-0.5128,-0.4502,-0.4109,-0.4025,-0.4224,-0.469,-0.5449,-0.6533,-0.7816,-0.8613,-0.7663,-0.4553,-0.1222,-0.0976,-0.2421,-0.3414,-0.3845,-0.3972,-0.3961,-0.3893,-0.3805,-0.3714,-0.3628,-0.3548,-0.3477,-0.3412,-0.3355,-0.5596,-0.5954,-0.6188,-0.6165,-0.5905,-0.57,-0.5965,-0.6788,-0.7076,-0.5922,-0.4635,-0.3961,-0.3812,-0.4039,-0.4595,-0.556,-0.7158,-0.9648,-1.2256,-1.133,-0.5767,0.0187,0.0033,-0.241,-0.3624,-0.4028,-0.4096,-0.4036,-0.3934,-0.3825,-0.372,-0.3626,-0.3541,-0.3467,-0.3401,-0.3343,-0.6098,-0.6749,-0.7308,-0.7366,-0.6734,-0.6035,-0.6191,-0.7793,-0.8759,-0.6448,-0.4412,-0.358,-0.3451,-0.3729,-0.4332,-0.5366,-0.7225,-1.0731,-1.5923,-1.5379,-0.901,-0.431,-0.3141,-0.389,-0.4313,-0.4363,-0.4261,-0.4115,-0.3968,-0.3834,-0.3716,-0.3615,-0.3527,-0.3451,-0.3386,-0.3328,-0.6558,-0.7644,-0.8949,-0.9487,-0.8084,-0.6299,-0.5648,-0.6475,-0.6971,-0.5016,-0.3428,-0.2897,-0.2948,-0.3331,-0.3955,-0.4865,-0.6422,-0.9215,-1.2712,-1.2729,-1.1059,-0.9406,-0.7028,-0.573,-0.5099,-0.4698,-0.44,-0.4166,-0.3979,-0.3825,-0.3699,-0.3594,-0.3505,-0.343,-0.3366,-0.331,-0.6759,-0.8151,-1.0331,-1.1982,-0.9329,-0.6319,-0.4652,-0.386,-0.3118,-0.2196,-0.1858,-0.2005,-0.2362,-0.2925,-0.3677,-0.4392,-0.5369,-0.7059,-0.9016,-1.0835,-1.4105,-1.3097,-0.9069,-0.6716,-0.5519,-0.4855,-0.4444,-0.4163,-0.3956,-0.3795,-0.3667,-0.3562,-0.3476,-0.3404,-0.3342,-0.3289,-0.6549,-0.7723,-0.9284,-1.0165,-0.8217,-0.5777,-0.3669,-0.18,0.0344,0.1198,-0.0058,-0.1108,-0.1728,-0.248,-0.3849,-0.458,-0.4753,-0.5884,-0.7358,-0.938,-1.224,-1.1652,-0.8642,-0.6578,-0.5421,-0.4767,-0.4369,-0.4099,-0.39,-0.3745,-0.3622,-0.3522,-0.3441,-0.3374,-0.3316,-0.3267,-0.6052,-0.6831,-0.7548,-0.7882,-0.7463,-0.5223,-0.2992,-0.0827,0.362,0.5818,0.1359,-0.0483,-0.102,-0.1517,-0.3208,-0.4427,-0.4521,-0.5774,-0.6832,-0.7571,-0.8315,-0.8093,-0.6886,-0.573,-0.4967,-0.4515,-0.4226,-0.4006,-0.3828,-0.3684,-0.3569,-0.3477,-0.3403,-0.3342,-0.329,-0.3245,-0.5456,-0.6008,-0.6652,-0.7411,-0.6897,-0.4493,-0.2762,-0.1906,0.0931,0.3142,0.0759,-0.0293,-0.032,0.0139,-0.0847,-0.2781,-0.4715,-0.7619,-0.8499,-0.7213,-0.6413,-0.5903,-0.5321,-0.4795,-0.4473,-0.4302,-0.4132,-0.3937,-0.3761,-0.3621,-0.3515,-0.3432,-0.3367,-0.3313,-0.3266,-0.3226,-0.4832,-0.5171,-0.5508,-0.5643,-0.4958,-0.3573,-0.2751,-0.2998,-0.2143,-0.0471,-0.0245,-0.0242,-0.0003,0.0709,-0.0062,-0.2462,-0.5142,-1.2658,-1.299,-0.7523,-0.5355,-0.4506,-0.4151,-0.4085,-0.4273,-0.4421,-0.4224,-0.3927,-0.3707,-0.3562,-0.3464,-0.3392,-0.3335,-0.3288,-0.3247,-0.321,-0.4229,-0.4369,-0.4419,-0.4243,-0.3702,-0.2985,-0.2579,-0.2641,-0.2171,-0.1054,-0.0492,-0.0148,0.0089,0.1436,-0.1106,-0.2971,-0.44,-0.8495,-0.9341,-0.5859,-0.385,-0.3104,-0.3093,-0.3546,-0.4395,-0.4874,-0.4395,-0.3905,-0.3643,-0.3505,-0.3422,-0.3361,-0.3313,-0.3271,-0.3234,-0.32,-0.3697,-0.3705,-0.3619,-0.3385,-0.2996,-0.2558,-0.2227,-0.1974,-0.1488,-0.0796,-0.0365,-0.031,-0.0099,0.0005,-0.1606,-0.3365,-0.7567,-0.5333,-0.4471,-0.2926,-0.1525,-0.1279,-0.1885,-0.2803,-0.3893,-0.4453,-0.4108,-0.3734,-0.355,-0.3459,-0.3399,-0.3348,-0.3302,-0.3262,-0.3227,-0.3196,-0.3256,-0.3194,-0.3058,-0.2832,-0.2529,-0.2193,-0.1864,-0.1505,-0.1017,-0.0356,0.046,-0.0626,-0.0529,-0.0479,-0.1468,-0.3677,-0.6042,-0.348,-0.1592,-0.0267,0.1177,0.0771,-0.0652,-0.1865,-0.2854,-0.3416,-0.3532,-0.3508,-0.3485,-0.3457,-0.3411,-0.3353,-0.3298,-0.3255,-0.3223,-0.3196,-0.2901,-0.2804,-0.2653,-0.2444,-0.2186,-0.1895,-0.158,-0.1224,-0.0791,-0.0247,0.0351,-0.013,-0.0231,-0.0157,-0.0512,-0.1145,-0.1271,0.0451,0.2184,0.1889,0.178,0.1368,0.008,-0.117,-0.2201,-0.2906,-0.3294,-0.3483,-0.3557,-0.3545,-0.3469,-0.3364,-0.3279,-0.3235,-0.3214,-0.3197,-0.2616,-0.2503,-0.235,-0.2156,-0.1926,-0.1667,-0.1381,-0.1066,-0.0723,-0.038,-0.0143,-0.0095,0.0014,0.024,0.1376,0.2024,0.2058,0.4843,0.7959,0.4825,0.2784,0.168,0.0529,-0.0805,-0.2107,-0.3087,-0.3571,-0.3773,-0.3836,-0.3757,-0.3562,-0.333,-0.3189,-0.3169,-0.319,-0.3198,-0.2386,-0.2267,-0.2118,-0.1937,-0.1728,-0.1495,-0.124,-0.0968,-0.0688,-0.042,-0.0185,0.0057,0.0463,0.1589,0.5175,0.6721,0.4156,0.5747,0.784,0.757,0.5066,0.2851,0.1176,-0.0553,-0.2392,-0.3724,-0.4046,-0.4301,-0.436,-0.412,-0.368,-0.3194,-0.2976,-0.3052,-0.3161,-0.3206,-0.22,-0.208,-0.1936,-0.1767,-0.1575,-0.1364,-0.1135,-0.0893,-0.0642,-0.0386,-0.0108,0.0254,0.088,0.2242,0.4932,0.5903,0.4569,0.5871,1.0224,1.2187,0.7063,0.4107,0.2185,-0.0021,-0.2544,-0.4104,-0.4366,-0.5355,-0.5266,-0.4705,-0.3944,-0.3153,-0.2851,-0.3014,-0.318,-0.3239,-0.2049,-0.193,-0.1791,-0.1633,-0.1456,-0.1262,-0.1053,-0.0829,-0.0592,-0.0334,-0.0032,0.0369,0.0976,0.1928,0.3102,0.3742,0.4054,0.542,0.81,0.8977,0.6814,0.555,0.4316,0.1441,-0.2324,-0.5773,-0.8886,-0.8257,-0.6596,-0.5564,-0.4573,-0.3643,-0.3212,-0.3227,-0.3299,-0.3309,-0.1924,-0.1809,-0.1676,-0.1527,-0.1362,-0.1182,-0.0988,-0.0778,-0.055,-0.0295,0.0006,0.0386,0.0888,0.1526,0.2208,0.2791,0.3408,0.4387,0.5586,0.6256,0.6844,0.8974,0.9319,0.4484,-0.1418,-0.6979,-1.1598,-0.976,-0.7567,-0.6646,-0.5503,-0.4451,-0.3833,-0.3587,-0.3483,-0.3401,-0.1823,-0.171,-0.1584,-0.1444,-0.1289,-0.1121,-0.0938,-0.074,-0.0523,-0.028,0.0003,0.0342,0.075,0.1222,0.1726,0.224,0.2816,0.3529,0.4352,0.5354,0.7468,1.1999,1.3435,0.6948,0.0059,-0.5058,-0.7964,-0.8128,-0.8462,-0.7881,-0.6353,-0.5097,-0.4319,-0.3889,-0.3645,-0.3481,-0.1739,-0.1631,-0.1511,-0.1378,-0.1233,-0.1075,-0.0904,-0.0718,-0.0514,-0.0286,-0.0028,0.0268,0.0607,0.0984,0.1392,0.1829,0.2317,0.2891,0.36,0.4643,0.6528,0.9262,0.9668,0.5631,0.065,-0.3234,-0.5711,-0.7292,-0.8549,-0.8008,-0.6524,-0.5316,-0.4526,-0.4037,-0.3728,-0.3519]},{"header":{"la1":42.85,"la2":41.18,"lo1":11.55,"lo2":14.05,"nx":36,"ny":24,"dx":0.07143,"dy":0.07261,"parameterCategory":2,"parameterNumber":3,"parameterNumberName":"northward_wind","parameterUnit":"m.s-1"},"data":[-0.2304,-0.2186,-0.2045,-0.1881,-0.1701,-0.1522,-0.1368,-0.1267,-0.124,-0.1286,-0.1385,-0.1509,-0.1631,-0.1737,-0.1822,-0.189,-0.1948,-0.2003,-0.2061,-0.2123,-0.2185,-0.2237,-0.227,-0.2282,-0.2281,-0.2278,-0.2282,-0.2297,-0.2323,-0.236,-0.2406,-0.2458,-0.2515,-0.2575,-0.2635,-0.2695,-0.2328,-0.2193,-0.2021,-0.1809,-0.1559,-0.1293,-0.105,-0.0888,-0.0851,-0.0944,-0.1125,-0.1332,-0.1521,-0.1669,-0.1778,-0.1859,-0.1924,-0.1988,-0.206,-0.2147,-0.2242,-0.2321,-0.2359,-0.2353,-0.2323,-0.2295,-0.2282,-0.2288,-0.2312,-0.2351,-0.2402,-0.2462,-0.2526,-0.2593,-0.2661,-0.2727,-0.2375,-0.2227,-0.2025,-0.1753,-0.1403,-0.0993,-0.0584,-0.0291,-0.023,-0.042,-0.076,-0.1115,-0.1405,-0.161,-0.1744,-0.1833,-0.1902,-0.1971,-0.2061,-0.2187,-0.2348,-0.2489,-0.2535,-0.248,-0.239,-0.2316,-0.2278,-0.2274,-0.2297,-0.2341,-0.2399,-0.2467,-0.2541,-0.2617,-0.2693,-0.2767,-0.2453,-0.2303,-0.208,-0.1746,-0.1264,-0.062,0.0113,0.0705,0.0836,0.0426,-0.0247,-0.0866,-0.1304,-0.1573,-0.1727,-0.1815,-0.1879,-0.1947,-0.205,-0.2229,-0.2524,-0.2826,-0.2875,-0.2687,-0.2472,-0.233,-0.2262,-0.225,-0.2276,-0.2328,-0.2397,-0.2477,-0.2563,-0.265,-0.2736,-0.2819,-0.2566,-0.2435,-0.2217,-0.1844,-0.1218,-0.0232,0.1123,0.2453,0.2811,0.1833,0.043,-0.0633,-0.1258,-0.1581,-0.1734,-0.1806,-0.1854,-0.1915,-0.2012,-0.2215,-0.2729,-0.344,-0.3446,-0.2927,-0.252,-0.2307,-0.222,-0.221,-0.2247,-0.2313,-0.2397,-0.2492,-0.2593,-0.2694,-0.2792,-0.2884,-0.271,-0.2628,-0.2466,-0.2118,-0.1402,-0.0041,0.2313,0.5392,0.6492,0.3958,0.1088,-0.0564,-0.1334,-0.1656,-0.1773,-0.1806,-0.1826,-0.1884,-0.1983,-0.2085,-0.2636,-0.3829,-0.3751,-0.2923,-0.2427,-0.221,-0.2141,-0.2152,-0.221,-0.2297,-0.2402,-0.2517,-0.2636,-0.2753,-0.2865,-0.2968,-0.2869,-0.2867,-0.2833,-0.2619,-0.1954,-0.0452,0.2661,0.807,1.0635,0.5417,0.1013,-0.0893,-0.159,-0.1807,-0.1845,-0.1817,-0.1788,-0.184,-0.2042,-0.2017,-0.1974,-0.2596,-0.2762,-0.2397,-0.2137,-0.2033,-0.2026,-0.2078,-0.2168,-0.2283,-0.2415,-0.2555,-0.2696,-0.2833,-0.2961,-0.3075,-0.3004,-0.3094,-0.3264,-0.3303,-0.2775,-0.1576,0.0767,0.4784,0.6575,0.2618,-0.0543,-0.1712,-0.1997,-0.2003,-0.1948,-0.1859,-0.1743,-0.1686,-0.1745,-0.1506,-0.0796,-0.0875,-0.1433,-0.1688,-0.1766,-0.1819,-0.1894,-0.1997,-0.2127,-0.2278,-0.2442,-0.2613,-0.2782,-0.2942,-0.3087,-0.3214,-0.3071,-0.319,-0.3547,-0.3908,-0.3323,-0.2738,-0.2091,-0.1264,-0.1349,-0.2472,-0.2958,-0.2752,-0.2406,-0.2171,-0.2105,-0.2023,-0.1751,-0.1492,-0.1246,-0.0598,0.075,0.0478,-0.0625,-0.1198,-0.1465,-0.1627,-0.1768,-0.192,-0.2092,-0.2285,-0.249,-0.2699,-0.2902,-0.3089,-0.3255,-0.3394,-0.3057,-0.3042,-0.3138,-0.3236,-0.288,-0.3434,-0.4333,-0.5358,-0.6906,-0.7334,-0.5387,-0.3616,-0.2627,-0.2211,-0.239,-0.258,-0.1825,-0.1331,-0.1012,-0.0491,0.0319,0.0199,-0.0522,-0.1003,-0.1284,-0.148,-0.1657,-0.185,-0.2068,-0.231,-0.2566,-0.2824,-0.307,-0.3291,-0.3479,-0.3629,-0.3033,-0.2803,-0.2199,-0.0786,-0.12,-0.3844,-0.6126,-0.7928,-1.0973,-1.2608,-0.7135,-0.3926,-0.2532,-0.2012,-0.2193,-0.2509,-0.1522,-0.107,-0.0892,-0.0674,-0.0432,-0.0437,-0.0687,-0.0958,-0.1177,-0.1359,-0.155,-0.1779,-0.2052,-0.236,-0.2684,-0.3007,-0.3308,-0.3569,-0.378,-0.3936,-0.3105,-0.2834,-0.2161,-0.0978,-0.1617,-0.4934,-0.8097,-0.9987,-1.0358,-1.0369,-0.6378,-0.3528,-0.2197,-0.1808,-0.1501,-0.1006,-0.0653,-0.081,-0.0901,-0.0705,-0.0577,-0.0586,-0.0718,-0.0906,-0.1079,-0.1229,-0.142,-0.1696,-0.2046,-0.2444,-0.2863,-0.3275,-0.3648,-0.3957,-0.4189,-0.4342,-0.3291,-0.3174,-0.2964,-0.2906,-0.3918,-0.638,-0.9498,-1.2051,-1.0602,-0.7673,-0.4913,-0.2988,-0.1932,-0.1732,-0.115,0.0502,0.0573,-0.1247,-0.1416,-0.0608,-0.0389,-0.0402,-0.0567,-0.0799,-0.0979,-0.1069,-0.1252,-0.1601,-0.2059,-0.2583,-0.3137,-0.3673,-0.4144,-0.4509,-0.4752,-0.488,-0.3512,-0.3568,-0.3699,-0.4099,-0.5074,-0.6743,-0.886,-1.0655,-0.9626,-0.6519,-0.4217,-0.288,-0.2224,0.1302,0.089,0.3622,0.2926,0.0416,-0.0472,-0.0103,0.0141,0.011,-0.022,-0.0638,-0.0921,-0.0958,-0.1117,-0.1541,-0.2125,-0.2815,-0.3559,-0.4278,-0.4882,-0.5307,-0.5535,-0.5595,-0.3691,-0.3842,-0.4096,-0.4545,-0.5274,-0.6267,-0.7303,-0.7815,-0.7007,-0.5437,-0.4305,-0.3306,-0.1551,-0.001,0.141,0.4527,0.6219,0.2552,0.0775,0.0718,0.1391,0.129,0.0417,-0.036,-0.0814,-0.0957,-0.1117,-0.1558,-0.2265,-0.318,-0.4213,-0.5216,-0.6014,-0.6488,-0.6635,-0.6542,-0.3796,-0.3973,-0.4229,-0.4593,-0.507,-0.5597,-0.6007,-0.6037,-0.5566,-0.5071,-0.5449,-0.4768,-0.3641,-0.1738,-0.0027,0.2636,0.4601,0.204,0.0667,0.1487,0.4323,0.3559,0.1202,-0.0018,-0.0534,-0.0753,-0.0982,-0.15,-0.242,-0.3702,-0.522,-0.6707,-0.7798,-0.8264,-0.8175,-0.7767,-0.3834,-0.3999,-0.421,-0.4472,-0.4763,-0.503,-0.5181,-0.5133,-0.4932,-0.4886,-0.5322,-0.4912,-0.5778,-0.6104,-0.2403,-0.0418,0.0351,-0.0343,-0.086,0.0784,0.469,0.3757,0.118,0.0089,-0.0134,-0.0058,-0.0237,-0.1033,-0.2437,-0.4367,-0.6735,-0.9112,-1.0668,-1.093,-1.026,-0.9263,-0.3823,-0.3961,-0.4122,-0.43,-0.4474,-0.461,-0.4668,-0.4631,-0.4548,-0.4531,-0.4604,-0.4801,-0.6256,-0.6484,-0.4057,-0.3068,-0.2098,-0.2502,-0.3538,-0.1554,0.0476,0.0825,0.0128,-0.0095,0.0537,0.167,0.1785,0.0174,-0.2197,-0.5112,-0.8849,-1.2868,-1.515,-1.4669,-1.2794,-1.0867,-0.3784,-0.3892,-0.401,-0.4128,-0.4233,-0.4304,-0.4327,-0.4302,-0.4257,-0.4235,-0.4266,-0.442,-0.4755,-0.4823,-0.5591,-0.6124,-0.3598,-0.2988,-0.3258,-0.2533,-0.1703,-0.1228,-0.1078,-0.0479,0.1399,0.4852,0.5585,0.178,-0.192,-0.5765,-1.1079,-1.7538,-2.0731,-1.868,-1.5091,-1.2156,-0.3729,-0.3812,-0.3896,-0.3974,-0.4038,-0.4076,-0.4083,-0.4063,-0.403,-0.4006,-0.401,-0.4065,-0.4177,-0.4432,-0.5329,-0.557,-0.3892,-0.3056,-0.2946,-0.2966,-0.2721,-0.2677,-0.2465,-0.1425,0.101,0.5288,0.6242,0.136,-0.225,-0.6049,-1.1759,-1.9403,-2.305,-2.0134,-1.584,-1.2575,-0.3669,-0.3731,-0.3791,-0.3842,-0.3881,-0.39,-0.3899,-0.3881,-0.3852,-0.3826,-0.3813,-0.3825,-0.3879,-0.402,-0.4245,-0.4149,-0.3589,-0.317,-0.3063,-0.3152,-0.3708,-0.4695,-0.485,-0.3391,-0.1163,0.0387,-0.0501,-0.1331,-0.3226,-0.5996,-1.0135,-1.5704,-1.8815,-1.7425,-1.4493,-1.1939,-0.3609,-0.3655,-0.3697,-0.3731,-0.3754,-0.3763,-0.3757,-0.3739,-0.3713,-0.3686,-0.3665,-0.3656,-0.3669,-0.3704,-0.3723,-0.3633,-0.3446,-0.3337,-0.3454,-0.4001,-0.5615,-0.8545,-0.9353,-0.6306,-0.3317,-0.1971,-0.1924,-0.2535,-0.4735,-0.6283,-0.8236,-1.1174,-1.3313,-1.3374,-1.2143,-1.0657,-0.3552,-0.3587,-0.3616,-0.3638,-0.3651,-0.3654,-0.3645,-0.3628,-0.3604,-0.3578,-0.3554,-0.3536,-0.3527,-0.3523,-0.3509,-0.3473,-0.3451,-0.3541,-0.3899,-0.486,-0.7206,-1.1417,-1.2639,-0.8348,-0.48,-0.3243,-0.3086,-0.4736,-0.7302,-0.7206,-0.7374,-0.8625,-0.9879,-1.0328,-1.0,-0.9288,-0.3501,-0.3526,-0.3547,-0.3561,-0.3568,-0.3567,-0.3557,-0.3541,-0.3519,-0.3496,-0.3473,-0.3454,-0.344,-0.3432,-0.3429,-0.3443,-0.351,-0.3706,-0.4164,-0.5133,-0.6974,-0.9438,-1.0004,-0.7682,-0.5355,-0.4262,-0.4417,-0.5948,-0.7649,-0.7371,-0.7029,-0.7445,-0.8081,-0.8456,-0.8438,-0.8132]}]