docs/data/wind_grid.json
[{"header":{"la1":42.85,"la2":41.18,"lo1":11.55,"lo2":14.05,"nx":36,"ny":24,"dx":0.07143,"dy":0.07261,"parameterCategory":2,"parameterNumber":2,"parameterNumberName":"eastward_wind","parameterUnit":"m.s-1"},"data":[-0.2553,-0.2678,-0.2812,-0.2957,-0.3108,-0.3258,-0.3392,-0.3495,-0.3562,-0.3599,-0.3632,-0.3691,-0.3803,-0.3983,-0.4228,-0.4522,-0.4832,-0.5105,-0.5285,-0.5326,-0.5215,-0.4974,-0.4647,-0.4278,-0.3905,-0.3548,-0.3222,-0.2929,-0.2671,-0.2446,-0.225,-0.208,-0.1933,-0.1805,-0.1694,-0.1598,-0.2627,-0.2769,-0.2927,-0.3104,-0.3299,-0.3501,-0.3687,-0.3821,-0.3881,-0.3875,-0.385,-0.3865,-0.3967,-0.4179,-0.4506,-0.4926,-0.5395,-0.583,-0.6126,-0.6194,-0.6014,-0.564,-0.5159,-0.4647,-0.4155,-0.3708,-0.3316,-0.2976,-0.2686,-0.2439,-0.2228,-0.2049,-0.1896,-0.1766,-0.1655,-0.1558,-0.2708,-0.2867,-0.305,-0.3266,-0.3523,-0.3815,-0.4102,-0.431,-0.4365,-0.4271,-0.4122,-0.4042,-0.4109,-0.4356,-0.4788,-0.5391,-0.6116,-0.6835,-0.7342,-0.7448,-0.7121,-0.65,-0.5765,-0.5044,-0.4398,-0.3844,-0.338,-0.2993,-0.2673,-0.2407,-0.2185,-0.2,-0.1845,-0.1715,-0.1605,-0.1511,-0.2795,-0.2972,-0.3177,-0.3434,-0.3771,-0.4208,-0.47,-0.509,-0.5164,-0.4882,-0.4474,-0.4207,-0.4204,-0.4484,-0.5047,-0.59,-0.7028,-0.8268,-0.9196,-0.9348,-0.8683,-0.7588,-0.6443,-0.5433,-0.46,-0.393,-0.3396,-0.2968,-0.2624,-0.2345,-0.2118,-0.1932,-0.1779,-0.1651,-0.1545,-0.1456,-0.2898,-0.3089,-0.3307,-0.3589,-0.4006,-0.4646,-0.5532,-0.6394,-0.6585,-0.5867,-0.4909,-0.4317,-0.4212,-0.4531,-0.5234,-0.6382,-0.8097,-1.0296,-1.2133,-1.2307,-1.0832,-0.885,-0.7097,-0.5733,-0.4707,-0.3933,-0.3344,-0.2889,-0.2532,-0.225,-0.2025,-0.1843,-0.1696,-0.1576,-0.1476,-0.1394,-0.303,-0.3239,-0.3456,-0.3722,-0.4155,-0.4981,-0.6475,-0.843,-0.9075,-0.7305,-0.5282,-0.4259,-0.4086,-0.4473,-0.5301,-0.6686,-0.9037,-1.2759,-1.6493,-1.6545,-1.3312,-0.9957,-0.7507,-0.5825,-0.4656,-0.382,-0.3207,-0.2747,-0.2394,-0.212,-0.1905,-0.1735,-0.1598,-0.1489,-0.14,-0.1327,-0.3216,-0.3468,-0.3686,-0.3877,-0.4166,-0.4914,-0.6778,-1.0133,-1.1685,-0.8211,-0.5057,-0.3852,-0.3796,-0.4342,-0.5267,-0.6663,-0.9174,-1.4007,-1.996,-1.9728,-1.4539,-1.0171,-0.7374,-0.5588,-0.4398,-0.3572,-0.2979,-0.2541,-0.2211,-0.1958,-0.1762,-0.1609,-0.1489,-0.1394,-0.1318,-0.1257,-0.3482,-0.3848,-0.414,-0.4244,-0.4178,-0.4321,-0.5407,-0.7867,-0.8937,-0.5979,-0.3613,-0.3008,-0.3385,-0.4261,-0.5353,-0.6507,-0.8232,-1.1761,-1.6362,-1.6451,-1.2521,-0.8965,-0.6574,-0.5,-0.3936,-0.3197,-0.2669,-0.2282,-0.1992,-0.177,-0.16,-0.147,-0.1371,-0.1294,-0.1235,-0.1187,-0.3828,-0.4453,-0.5057,-0.5277,-0.4716,-0.3715,-0.3135,-0.3106,-0.2644,-0.1586,-0.1318,-0.1903,-0.2955,-0.4396,-0.6083,-0.7068,-0.7373,-0.8509,-1.0196,-1.0437,-0.8893,-0.6961,-0.536,-0.4176,-0.3333,-0.2737,-0.2309,-0.1992,-0.1751,-0.1567,-0.1428,-0.1325,-0.125,-0.1196,-0.1155,-0.1122,-0.4172,-0.5217,-0.6589,-0.7661,-0.6683,-0.3791,-0.1328,0.0481,0.2416,0.3007,0.1144,-0.0832,-0.2542,-0.4585,-0.7941,-0.9538,-0.7459,-0.6832,-0.702,-0.6916,-0.6195,-0.5147,-0.4123,-0.3294,-0.2689,-0.2262,-0.195,-0.1705,-0.1511,-0.1361,-0.1253,-0.118,-0.1134,-0.1104,-0.1084,-0.1068,-0.432,-0.5731,-0.8049,-1.0919,-0.9998,-0.4172,0.0098,0.2633,0.62,0.7939,0.2996,-0.0111,-0.2172,-0.4104,-0.7331,-0.9485,-0.6929,-0.6255,-0.6117,-0.5565,-0.4723,-0.3833,-0.3059,-0.2486,-0.2115,-0.1873,-0.1667,-0.1468,-0.1294,-0.1166,-0.1085,-0.1044,-0.103,-0.1029,-0.1032,-0.1033,-0.4078,-0.5415,-0.7605,-1.0272,-0.9073,-0.2823,0.1867,0.4153,0.4851,0.5667,0.2584,0.0371,-0.1914,-0.4497,-0.4419,-0.5152,-0.5738,-0.7135,-0.7267,-0.5541,-0.393,-0.282,-0.2137,-0.1815,-0.1755,-0.1739,-0.1579,-0.133,-0.1115,-0.0983,-0.0928,-0.0925,-0.095,-0.0982,-0.101,-0.1026,-0.3474,-0.4324,-0.5394,-0.6006,-0.4386,-0.0648,0.2864,0.7444,0.262,0.2499,0.1896,0.2094,0.0389,-0.4309,-0.3368,-0.3633,-0.5487,-1.0332,-1.031,-0.5722,-0.3057,-0.1729,-0.1216,-0.1307,-0.1819,-0.2133,-0.18,-0.1289,-0.0949,-0.0801,-0.0783,-0.0835,-0.0912,-0.0983,-0.1034,-0.1061,-0.2732,-0.3097,-0.3334,-0.3044,-0.1787,0.0149,0.1745,0.1382,0.1306,0.1463,0.1654,0.4572,0.5389,0.2206,-0.1276,-0.3067,-0.4919,-0.7534,-0.7522,-0.3847,-0.1283,-0.0172,-0.0094,-0.0791,-0.2152,-0.2892,-0.208,-0.1164,-0.0709,-0.0591,-0.0656,-0.0797,-0.0944,-0.106,-0.1128,-0.1153,-0.2056,-0.2128,-0.2028,-0.1603,-0.0789,0.0207,0.0963,0.1158,0.102,0.0745,0.0564,0.0855,0.0729,-0.088,-0.0919,-0.4056,-0.7046,-0.4413,-0.272,-0.04,0.1648,0.2097,0.1409,0.0235,-0.1336,-0.2171,-0.1442,-0.0613,-0.0292,-0.0341,-0.0574,-0.0857,-0.11,-0.1257,-0.1323,-0.1322,-0.1519,-0.1459,-0.127,-0.091,-0.0398,0.0144,0.054,0.067,0.0537,0.0201,-0.0129,-0.2136,-0.1405,-0.0685,-0.0927,-0.3001,-0.5125,-0.1983,0.0654,0.2806,0.5068,0.464,0.3006,0.1708,0.0636,0.0081,0.0221,0.0422,0.0298,-0.0093,-0.0605,-0.11,-0.1462,-0.1638,-0.1657,-0.1583,-0.1116,-0.1008,-0.082,-0.0545,-0.0213,0.0107,0.0331,0.0399,0.0292,0.0036,-0.0204,-0.101,-0.1766,-0.1844,-0.0088,0.0309,0.0527,0.2515,0.4421,0.4887,0.5723,0.5304,0.399,0.3024,0.2492,0.2331,0.2198,0.1726,0.0955,0.0059,-0.0854,-0.1653,-0.2152,-0.2278,-0.2153,-0.1933,-0.0815,-0.0697,-0.0531,-0.0321,-0.0092,0.0117,0.0263,0.0314,0.0256,0.0099,-0.0132,-0.05,-0.1412,-0.1177,0.2704,0.4634,0.453,0.6548,0.8463,0.7238,0.624,0.5497,0.4708,0.4111,0.4115,0.4708,0.4633,0.3223,0.1525,0.0007,-0.1404,-0.263,-0.327,-0.3196,-0.2776,-0.2328,-0.0585,-0.0471,-0.0327,-0.0161,0.0012,0.0168,0.0285,0.0349,0.0356,0.0321,0.0283,0.0312,0.0656,0.2692,0.8895,1.1242,0.7311,0.7913,0.9476,1.0925,0.8838,0.6877,0.5713,0.5056,0.5425,0.7551,0.7974,0.4525,0.1648,-0.0342,-0.2141,-0.3842,-0.4597,-0.4151,-0.3345,-0.266,-0.0403,-0.0295,-0.0168,-0.0028,0.0115,0.025,0.0365,0.0457,0.0533,0.0621,0.0781,0.1149,0.2069,0.4363,0.865,1.0099,0.7976,0.9166,1.4658,1.7169,1.14,0.8453,0.7011,0.5852,0.554,0.7756,0.8324,0.337,0.0633,-0.1067,-0.2658,-0.4355,-0.5108,-0.4501,-0.3559,-0.2796,-0.0254,-0.0151,-0.0035,0.0091,0.0221,0.035,0.0475,0.0599,0.0736,0.0918,0.1206,0.1714,0.2636,0.418,0.606,0.7035,0.7361,0.9017,1.2379,1.3553,1.1258,1.0173,0.9323,0.7102,0.4583,0.2372,-0.113,-0.1385,-0.1578,-0.2351,-0.3014,-0.3838,-0.4325,-0.3999,-0.3327,-0.2699,-0.0127,-0.0028,0.0082,0.0201,0.0327,0.0458,0.0596,0.0747,0.0927,0.1165,0.1507,0.202,0.2777,0.3787,0.4867,0.5752,0.6612,0.7917,0.9516,1.0488,1.1377,1.392,1.4459,0.9851,0.4483,-0.046,-0.4541,-0.3768,-0.4366,-0.4634,-0.3948,-0.3588,-0.3526,-0.3312,-0.2907,-0.2464,-0.0017,0.008,0.0187,0.0303,0.0429,0.0564,0.0713,0.0884,0.1089,0.1351,0.17,0.2168,0.2779,0.3516,0.4306,0.5096,0.5947,0.6969,0.8135,0.9515,1.2118,1.7078,1.8557,1.2118,0.5315,0.0377,-0.2673,-0.5042,-0.8677,-0.7738,-0.5292,-0.3866,-0.3232,-0.287,-0.2535,-0.2201,0.0079,0.0175,0.0281,0.0396,0.0523,0.0662,0.0819,0.0999,0.1215,0.1481,0.1815,0.2232,0.2739,0.3326,0.3967,0.465,0.5401,0.6263,0.7299,0.8726,1.107,1.419,1.4698,1.0562,0.5396,0.1228,-0.207,-0.5787,-0.9228,-0.8215,-0.5659,-0.3972,-0.3082,-0.2588,-0.2244,-0.1955]},{"header":{"la1":42.85,"la2":41.18,"lo1":11.55,"lo2":14.05,"nx":36,"ny":24,"dx":0.07143,"dy":0.07261,"parameterCategory":2,"parameterNumber":3,"parameterNumberName":"northward_wind","parameterUnit":"m.s-1"},"data":[0.0029,-0.0104,-0.0236,-0.0362,-0.0472,-0.0552,-0.0582,-0.054,-0.0415,-0.0213,0.0036,0.0287,0.0498,0.0635,0.0681,0.064,0.0534,0.041,0.0321,0.0313,0.0402,0.0575,0.0798,0.1037,0.1264,0.1464,0.163,0.1761,0.1859,0.1929,0.1976,0.2004,0.2016,0.2018,0.2012,0.2,-0.0171,-0.0339,-0.0514,-0.0691,-0.0862,-0.101,-0.11,-0.1089,-0.0942,-0.0664,-0.0303,0.0063,0.0361,0.0539,0.057,0.0454,0.0229,-0.0032,-0.0227,-0.0269,-0.0132,0.0143,0.0485,0.0831,0.1142,0.1401,0.1605,0.1759,0.1868,0.1942,0.1988,0.2011,0.2018,0.2013,0.2,0.1982,-0.0382,-0.059,-0.0814,-0.1056,-0.1316,-0.1575,-0.1784,-0.1855,-0.1696,-0.1295,-0.0745,-0.0191,0.0244,0.0483,0.0488,0.0253,-0.0182,-0.0697,-0.1093,-0.1184,-0.0933,-0.0455,0.0091,0.0601,0.1025,0.1356,0.1601,0.1775,0.1893,0.1967,0.2007,0.2022,0.202,0.2005,0.1983,0.1957,-0.0601,-0.0851,-0.1128,-0.1445,-0.1819,-0.2253,-0.2691,-0.2963,-0.2831,-0.2216,-0.1328,-0.0466,0.0176,0.0506,0.0479,0.0062,-0.0729,-0.1729,-0.253,-0.2683,-0.2143,-0.1258,-0.0366,0.0376,0.094,0.1347,0.163,0.1819,0.1937,0.2004,0.2033,0.2035,0.202,0.1993,0.196,0.1924,-0.0828,-0.112,-0.1445,-0.1832,-0.2331,-0.3003,-0.3848,-0.4599,-0.4618,-0.3583,-0.2065,-0.0717,0.0212,0.0664,0.0607,-0.004,-0.1382,-0.3309,-0.4989,-0.5183,-0.3909,-0.2229,-0.0808,0.0224,0.0931,0.1402,0.1706,0.1895,0.2003,0.2053,0.2064,0.2048,0.2015,0.1973,0.1926,0.1879,-0.1063,-0.1399,-0.1763,-0.2191,-0.2774,-0.3676,-0.5094,-0.6836,-0.7338,-0.5412,-0.2809,-0.0823,0.0428,0.102,0.0961,0.0114,-0.1882,-0.5343,-0.8884,-0.8968,-0.6031,-0.3079,-0.1041,0.0248,0.1049,0.1543,0.184,0.2009,0.2091,0.2114,0.2099,0.2058,0.2002,0.194,0.1877,0.1818,-0.1316,-0.1705,-0.2102,-0.2527,-0.3083,-0.4017,-0.5764,-0.855,-0.9807,-0.6669,-0.3055,-0.0602,0.0897,0.1609,0.1591,0.0729,-0.1547,-0.6283,-1.2124,-1.1915,-0.7048,-0.3129,-0.0794,0.0551,0.1332,0.1784,0.2034,0.2157,0.2196,0.2181,0.213,0.2057,0.1974,0.1889,0.1808,0.1735,-0.1593,-0.2072,-0.2531,-0.2929,-0.3323,-0.3966,-0.5236,-0.7212,-0.7957,-0.5524,-0.2476,-0.0018,0.1636,0.2409,0.2398,0.1736,0.0038,-0.3692,-0.8472,-0.8656,-0.4983,-0.1853,0.0054,0.1151,0.1772,0.211,0.2275,0.2329,0.231,0.2245,0.215,0.2039,0.1923,0.1811,0.1709,0.1623,-0.1888,-0.253,-0.3164,-0.361,-0.3756,-0.3905,-0.4467,-0.5317,-0.5635,-0.4563,-0.2089,0.068,0.2631,0.334,0.2957,0.2403,0.1841,0.0247,-0.1859,-0.2427,-0.1248,0.0205,0.1272,0.1934,0.2305,0.2483,0.2536,0.2506,0.242,0.2295,0.2148,0.1992,0.1837,0.1695,0.1572,0.1472,-0.2143,-0.3031,-0.4061,-0.4862,-0.4735,-0.4156,-0.4313,-0.5483,-0.7579,-0.7583,-0.3125,0.14,0.4034,0.4538,0.2525,0.1261,0.274,0.2796,0.2085,0.162,0.1715,0.2102,0.2478,0.2724,0.2835,0.2845,0.2783,0.2667,0.2509,0.2319,0.2112,0.1901,0.1702,0.1526,0.138,0.1269,-0.2237,-0.3341,-0.4856,-0.6427,-0.6138,-0.4458,-0.4248,-0.5927,-1.2196,-1.5485,-0.4546,0.2755,0.6186,0.6981,0.4065,0.1648,0.3958,0.4353,0.4028,0.3714,0.3543,0.3488,0.3455,0.3382,0.3266,0.313,0.2977,0.2791,0.2564,0.2303,0.2025,0.175,0.1498,0.1283,0.1117,0.1,-0.2047,-0.3127,-0.4606,-0.6123,-0.5784,-0.4129,-0.3805,-0.4222,-0.7954,-0.997,-0.1373,0.5374,0.8756,1.0172,0.9809,0.7219,0.6105,0.5058,0.461,0.4691,0.4642,0.4463,0.4187,0.3843,0.351,0.3267,0.3083,0.2864,0.2574,0.2232,0.1867,0.1511,0.1194,0.0938,0.0754,0.0642,-0.1576,-0.2392,-0.3334,-0.4029,-0.3834,-0.3406,-0.3742,-0.1525,-0.5683,-0.2192,0.3445,0.851,1.0769,1.2021,1.2715,0.9745,0.745,0.4012,0.3801,0.5158,0.5462,0.5273,0.478,0.4108,0.3479,0.3179,0.3086,0.2884,0.253,0.2085,0.1606,0.1144,0.0746,0.0446,0.0256,0.0168,-0.0947,-0.1469,-0.197,-0.2277,-0.2332,-0.2573,-0.3692,-0.6456,-0.488,0.0986,0.62,1.0628,1.2152,1.5943,1.2506,1.1067,0.9913,0.6372,0.5314,0.6143,0.6487,0.6248,0.5443,0.4331,0.3298,0.2961,0.3045,0.2859,0.2414,0.1831,0.1196,0.0588,0.0085,-0.0259,-0.043,-0.0456,-0.0286,-0.0586,-0.0836,-0.0984,-0.1065,-0.1258,-0.1699,-0.1845,0.0123,0.3979,0.7327,1.0018,1.2391,1.4812,1.2496,1.3042,1.5775,1.049,0.7787,0.7604,0.8249,0.7892,0.6414,0.4817,0.3587,0.313,0.3081,0.2779,0.2195,0.1428,0.0569,-0.0258,-0.0906,-0.1279,-0.1375,-0.1268,0.0341,0.0196,0.0104,0.0088,0.0141,0.0251,0.0525,0.1368,0.326,0.5729,0.683,1.0934,1.1235,1.1776,1.1223,1.2195,1.397,1.0328,0.8147,0.872,1.1435,1.0515,0.7478,0.5375,0.4136,0.3518,0.3147,0.2644,0.1878,0.0848,-0.0365,-0.1553,-0.2417,-0.2769,-0.2666,-0.2297,0.0907,0.0874,0.0898,0.1,0.1201,0.1543,0.2135,0.3152,0.4658,0.6252,0.6962,0.8927,0.9974,0.9947,0.9466,0.9268,0.9049,0.7598,0.6648,0.8056,1.1778,1.071,0.7423,0.5384,0.4287,0.371,0.3247,0.2572,0.1547,0.0114,-0.1701,-0.3546,-0.4747,-0.4926,-0.4363,-0.3525,0.1402,0.145,0.1558,0.1747,0.2044,0.249,0.3144,0.4058,0.5194,0.6349,0.7329,0.833,0.9271,0.9235,0.7371,0.6375,0.6398,0.5307,0.4254,0.5686,0.7389,0.7396,0.5993,0.4743,0.4108,0.399,0.3723,0.2776,0.1328,-0.0677,-0.3453,-0.6502,-0.8218,-0.7834,-0.6362,-0.481,0.1825,0.1928,0.2091,0.233,0.2668,0.3129,0.3737,0.4493,0.5352,0.621,0.6971,0.7574,0.7826,0.6998,0.3994,0.285,0.4823,0.4714,0.4183,0.4226,0.4811,0.4895,0.4325,0.3786,0.3863,0.4847,0.5026,0.3199,0.1181,-0.1321,-0.5196,-1.0008,-1.2346,-1.0836,-0.8121,-0.5814,0.2178,0.2316,0.2508,0.2767,0.3106,0.3537,0.4064,0.4673,0.5324,0.5951,0.6475,0.6793,0.6712,0.584,0.3952,0.3312,0.4385,0.434,0.3391,0.299,0.3439,0.3064,0.2551,0.2512,0.3158,0.4798,0.5162,0.2629,0.079,-0.1536,-0.566,-1.1355,-1.4017,-1.1891,-0.8664,-0.6114,0.2466,0.2621,0.2824,0.3081,0.34,0.3783,0.4226,0.4711,0.5204,0.5657,0.6007,0.6175,0.6057,0.556,0.4838,0.4463,0.4422,0.4081,0.3441,0.3013,0.2184,0.0579,-0.0191,0.0532,0.1553,0.1829,0.0642,0.0524,0.0187,-0.1243,-0.4225,-0.8501,-1.0873,-0.9831,-0.7583,-0.5569,0.2695,0.2856,0.3057,0.33,0.3588,0.3919,0.4285,0.4668,0.5042,0.537,0.5608,0.5707,0.5624,0.5354,0.4985,0.4649,0.4316,0.3836,0.3157,0.2105,-0.0193,-0.3931,-0.5066,-0.2286,-0.0057,0.0187,-0.0819,-0.0348,-0.0103,-0.0693,-0.2313,-0.4783,-0.6549,-0.6635,-0.5679,-0.4492,0.2873,0.3032,0.3223,0.3445,0.3699,0.398,0.428,0.4583,0.4867,0.5107,0.5272,0.5333,0.5272,0.5093,0.4825,0.4496,0.408,0.3496,0.2605,0.1023,-0.2151,-0.7136,-0.8479,-0.4219,-0.1051,-0.011,-0.0169,-0.0087,-0.003,-0.0207,-0.1078,-0.2484,-0.3676,-0.412,-0.3891,-0.3326,0.3009,0.3161,0.3336,0.3536,0.3756,0.3993,0.4236,0.4475,0.4692,0.4868,0.4982,0.5016,0.496,0.4812,0.4577,0.4252,0.3808,0.3177,0.222,0.0658,-0.1882,-0.4937,-0.5689,-0.3375,-0.1169,-0.0199,0.0023,0.0018,-0.0009,-0.0101,-0.058,-0.1366,-0.2105,-0.2516,-0.2552,-0.2322]}]