docs/data/wind_grid.json
[{"header":{"la1":42.85,"la2":41.18,"lo1":11.55,"lo2":14.05,"nx":36,"ny":24,"dx":0.07143,"dy":0.07261,"parameterCategory":2,"parameterNumber":2,"parameterNumberName":"eastward_wind","parameterUnit":"m.s-1"},"data":[-0.4445,-0.4614,-0.4803,-0.5004,-0.5203,-0.5373,-0.5482,-0.5496,-0.539,-0.5159,-0.4818,-0.4401,-0.394,-0.3464,-0.2993,-0.2546,-0.214,-0.1799,-0.1545,-0.1391,-0.1335,-0.1357,-0.1431,-0.1529,-0.1629,-0.172,-0.1794,-0.1848,-0.1883,-0.19,-0.1901,-0.189,-0.1869,-0.184,-0.1807,-0.1772,-0.4474,-0.4681,-0.4926,-0.5205,-0.55,-0.578,-0.5991,-0.6073,-0.5973,-0.5681,-0.523,-0.468,-0.4085,-0.3482,-0.2892,-0.2329,-0.1814,-0.1379,-0.1067,-0.0907,-0.0897,-0.0998,-0.1159,-0.1335,-0.1499,-0.1637,-0.1744,-0.1819,-0.1866,-0.1889,-0.1891,-0.1877,-0.1851,-0.1817,-0.1778,-0.1737,-0.4458,-0.4702,-0.5011,-0.5389,-0.5822,-0.6273,-0.6665,-0.6879,-0.6804,-0.6411,-0.5777,-0.5025,-0.4246,-0.3483,-0.2746,-0.2037,-0.1366,-0.0783,-0.0372,-0.021,-0.0294,-0.0537,-0.0838,-0.1129,-0.1377,-0.1572,-0.1715,-0.1812,-0.1869,-0.1894,-0.1892,-0.1872,-0.1838,-0.1795,-0.1748,-0.1699,-0.4374,-0.4647,-0.5021,-0.5515,-0.6134,-0.6851,-0.7564,-0.8055,-0.8051,-0.7464,-0.6502,-0.5436,-0.4409,-0.3453,-0.2548,-0.1661,-0.077,0.0071,0.0674,0.083,0.0546,0.004,-0.0485,-0.0935,-0.1285,-0.1543,-0.1722,-0.1836,-0.1898,-0.1919,-0.1909,-0.1877,-0.183,-0.1775,-0.1717,-0.1658,-0.4194,-0.4472,-0.4894,-0.5507,-0.6354,-0.7452,-0.8729,-0.9822,-1.0013,-0.8998,-0.7408,-0.5864,-0.453,-0.3364,-0.2291,-0.122,-0.0038,0.126,0.2287,0.2415,0.1683,0.0701,-0.0152,-0.0795,-0.1254,-0.1571,-0.1779,-0.1903,-0.1961,-0.197,-0.1944,-0.1893,-0.1828,-0.1755,-0.1682,-0.1611,-0.3887,-0.4123,-0.4547,-0.5248,-0.632,-0.787,-0.9987,-1.2304,-1.3019,-1.1011,-0.8319,-0.6183,-0.4537,-0.3169,-0.1952,-0.0756,0.0687,0.2675,0.4605,0.4633,0.2977,0.1272,0.0044,-0.0778,-0.1325,-0.1684,-0.1907,-0.2027,-0.2069,-0.2053,-0.1998,-0.1919,-0.1828,-0.1733,-0.164,-0.1555,-0.3424,-0.3535,-0.3865,-0.4569,-0.5796,-0.7693,-1.051,-1.4249,-1.5797,-1.2366,-0.8683,-0.621,-0.4363,-0.2792,-0.1428,-0.0246,0.1112,0.3453,0.6397,0.6273,0.3613,0.137,-0.0057,-0.0956,-0.1538,-0.191,-0.2127,-0.2225,-0.2231,-0.2173,-0.2074,-0.1954,-0.1827,-0.1702,-0.1587,-0.1485,-0.2794,-0.2641,-0.2696,-0.3241,-0.4535,-0.6592,-0.9292,-1.2385,-1.3529,-1.0961,-0.8134,-0.5956,-0.4033,-0.2135,-0.0402,0.0693,0.1302,0.2578,0.4627,0.4609,0.2563,0.0713,-0.0532,-0.1361,-0.192,-0.2277,-0.2467,-0.2516,-0.246,-0.2333,-0.2169,-0.1992,-0.1818,-0.1658,-0.1516,-0.1395,-0.2038,-0.1423,-0.0852,-0.0883,-0.225,-0.4748,-0.7302,-0.9191,-0.9826,-0.9086,-0.7591,-0.5787,-0.3751,-0.118,0.1869,0.3244,0.2168,0.1398,0.1591,0.1485,0.0617,-0.0407,-0.1274,-0.1963,-0.2485,-0.2825,-0.2967,-0.2932,-0.277,-0.2537,-0.2278,-0.2024,-0.1791,-0.1588,-0.1417,-0.1278,-0.1304,-0.005,0.1686,0.3064,0.1609,-0.2563,-0.6057,-0.8153,-0.947,-0.9579,-0.7989,-0.6012,-0.3905,-0.0609,0.6088,0.9375,0.3829,0.0686,-0.0295,-0.0623,-0.0985,-0.1492,-0.209,-0.2717,-0.3277,-0.3636,-0.3707,-0.352,-0.3177,-0.2778,-0.2385,-0.2032,-0.1729,-0.1478,-0.1279,-0.1124,-0.0867,0.0893,0.389,0.7658,0.6466,-0.0935,-0.5892,-0.8332,-1.1019,-1.2191,-0.8823,-0.6481,-0.4769,-0.2413,0.4467,0.9262,0.2626,-0.0776,-0.1878,-0.2043,-0.2085,-0.2335,-0.2862,-0.3625,-0.4423,-0.4902,-0.4837,-0.4345,-0.3684,-0.3032,-0.2461,-0.1987,-0.1607,-0.131,-0.1085,-0.0921,-0.0963,0.0694,0.3478,0.6889,0.5424,-0.2029,-0.6773,-0.8414,-0.9811,-1.0602,-0.8479,-0.7028,-0.5932,-0.5329,-0.3587,-0.0782,-0.1459,-0.3369,-0.3894,-0.3221,-0.2801,-0.2896,-0.3533,-0.4738,-0.6207,-0.7018,-0.6588,-0.5441,-0.424,-0.3235,-0.245,-0.1848,-0.1393,-0.1057,-0.0819,-0.0657,-0.1532,-0.05,0.0838,0.164,-0.0253,-0.4494,-0.7744,-0.8188,-0.9346,-0.8621,-0.8091,-0.8513,-0.7614,-0.5964,-0.5416,-0.3708,-0.3504,-0.5969,-0.6009,-0.392,-0.3081,-0.3121,-0.3986,-0.5979,-0.8916,-1.0469,-0.903,-0.6624,-0.4661,-0.3264,-0.2273,-0.1561,-0.1049,-0.0693,-0.0459,-0.0319,-0.2269,-0.185,-0.1564,-0.1899,-0.3383,-0.5671,-0.7794,-0.9467,-0.9151,-0.8004,-0.7997,-1.0673,-1.118,-0.5242,-0.5149,-0.3724,-0.3041,-0.4511,-0.4775,-0.3448,-0.2824,-0.2944,-0.3964,-0.6612,-1.1293,-1.3843,-1.0877,-0.7139,-0.4594,-0.2954,-0.1846,-0.1072,-0.0536,-0.0188,0.0013,0.0105,-0.2919,-0.2865,-0.3009,-0.3542,-0.4555,-0.5852,-0.7051,-0.778,-0.7698,-0.7322,-0.7341,-0.77,-0.7173,-0.6934,-0.4961,-0.2389,-0.0526,-0.212,-0.2636,-0.2379,-0.2217,-0.2419,-0.3315,-0.5593,-0.9529,-1.1761,-0.9351,-0.6078,-0.3761,-0.2211,-0.1122,-0.0343,0.0184,0.049,0.0617,0.0622,-0.3387,-0.3496,-0.3757,-0.423,-0.4906,-0.5669,-0.6328,-0.6709,-0.6794,-0.6926,-0.7532,-0.6916,-0.6157,-0.5208,-0.4049,-0.2157,-0.0892,-0.1279,-0.1309,-0.1496,-0.1862,-0.1951,-0.2442,-0.372,-0.5528,-0.6488,-0.5568,-0.3872,-0.2344,-0.1116,-0.0124,0.0645,0.1149,0.137,0.1365,0.1229,-0.368,-0.3841,-0.4101,-0.4471,-0.4926,-0.5395,-0.5786,-0.6038,-0.6197,-0.6493,-0.7116,-0.6205,-0.3253,-0.176,-0.2616,-0.1893,-0.1041,-0.0034,0.0616,-0.0405,-0.1716,-0.1703,-0.1739,-0.2216,-0.2779,-0.2963,-0.256,-0.177,-0.0836,0.0121,0.1064,0.1893,0.2398,0.2475,0.2246,0.1898,-0.3838,-0.4,-0.4221,-0.4498,-0.4806,-0.5104,-0.5346,-0.5508,-0.5608,-0.5679,-0.5549,-0.4542,-0.2106,-0.1204,-0.1124,-0.0382,0.0079,0.2157,0.4238,0.1509,-0.0292,-0.0841,-0.0978,-0.1116,-0.1263,-0.1362,-0.114,-0.0417,0.0447,0.1318,0.2318,0.3361,0.3933,0.376,0.3182,0.2555,-0.3899,-0.4042,-0.4218,-0.4418,-0.4625,-0.4812,-0.4953,-0.5029,-0.5027,-0.4913,-0.4558,-0.3765,-0.2584,-0.1295,0.1223,0.2226,0.0905,0.2094,0.3277,0.1819,0.0711,0.0043,-0.0172,-0.0204,-0.0453,-0.1525,-0.1712,0.0288,0.1634,0.2413,0.3413,0.4763,0.5456,0.4928,0.3951,0.3068,-0.3895,-0.4012,-0.4145,-0.4285,-0.4419,-0.4528,-0.4594,-0.4597,-0.4517,-0.4316,-0.3927,-0.3286,-0.2366,-0.1017,0.1011,0.1695,0.0858,0.1191,0.1758,0.1864,0.1108,0.062,0.0561,0.0721,0.0647,-0.1059,-0.148,0.2367,0.3343,0.3443,0.4019,0.5291,0.5995,0.5336,0.4245,0.3299,-0.3849,-0.3939,-0.4035,-0.4127,-0.4207,-0.4259,-0.4269,-0.4221,-0.4094,-0.3861,-0.3489,-0.2945,-0.2207,-0.1257,-0.0257,0.0248,0.0356,0.0716,0.1243,0.1386,0.1088,0.1038,0.123,0.1674,0.271,0.4899,0.9378,0.8338,0.5552,0.4324,0.4159,0.4736,0.5174,0.4789,0.4002,0.323,-0.3777,-0.3842,-0.3906,-0.3961,-0.4,-0.401,-0.3981,-0.3899,-0.3748,-0.3512,-0.3172,-0.2717,-0.2147,-0.1497,-0.0875,-0.0413,-0.0068,0.0305,0.0674,0.0902,0.1115,0.1535,0.1785,0.2213,0.4015,0.8364,1.4248,1.094,0.6075,0.4596,0.4135,0.4115,0.4194,0.3989,0.3523,0.2981,-0.3688,-0.3732,-0.377,-0.3796,-0.3804,-0.3784,-0.3729,-0.3626,-0.3467,-0.3239,-0.2937,-0.2556,-0.2109,-0.1623,-0.1151,-0.0732,-0.0355,0.0011,0.0368,0.073,0.1225,0.1849,0.1998,0.2265,0.3854,0.6691,0.887,0.6929,0.4402,0.424,0.4025,0.3777,0.3614,0.3401,0.3078,0.269,-0.3592,-0.3617,-0.3634,-0.3638,-0.3623,-0.3582,-0.3509,-0.3396,-0.3236,-0.3023,-0.2754,-0.2432,-0.2065,-0.1674,-0.1281,-0.0903,-0.0539,-0.0177,0.0196,0.0615,0.1127,0.1633,0.1871,0.2232,0.3294,0.4756,0.5568,0.4918,0.4124,0.4083,0.3866,0.3543,0.3267,0.3012,0.2732,0.2422]},{"header":{"la1":42.85,"la2":41.18,"lo1":11.55,"lo2":14.05,"nx":36,"ny":24,"dx":0.07143,"dy":0.07261,"parameterCategory":2,"parameterNumber":3,"parameterNumberName":"northward_wind","parameterUnit":"m.s-1"},"data":[-0.7186,-0.7265,-0.7354,-0.7451,-0.755,-0.7644,-0.7722,-0.7774,-0.7789,-0.7763,-0.7692,-0.7575,-0.7413,-0.7204,-0.6952,-0.6665,-0.6362,-0.6072,-0.5828,-0.5655,-0.556,-0.5529,-0.5538,-0.5565,-0.559,-0.5605,-0.5603,-0.5583,-0.5547,-0.5496,-0.5434,-0.5363,-0.5287,-0.5207,-0.5127,-0.5048,-0.717,-0.726,-0.7368,-0.7491,-0.7623,-0.7754,-0.7868,-0.7949,-0.7982,-0.7959,-0.7879,-0.7745,-0.7554,-0.7301,-0.6984,-0.6609,-0.6198,-0.5801,-0.5478,-0.5278,-0.5209,-0.524,-0.5321,-0.5411,-0.5487,-0.5536,-0.5557,-0.5549,-0.5518,-0.5466,-0.54,-0.5322,-0.5237,-0.5149,-0.506,-0.4974,-0.7128,-0.7229,-0.7356,-0.751,-0.7686,-0.787,-0.804,-0.8166,-0.8222,-0.82,-0.8106,-0.795,-0.7727,-0.7427,-0.703,-0.6531,-0.5953,-0.5372,-0.4911,-0.468,-0.4684,-0.4841,-0.5048,-0.5239,-0.5384,-0.5477,-0.5523,-0.5527,-0.5498,-0.5443,-0.5368,-0.528,-0.5184,-0.5085,-0.4987,-0.4892,-0.7052,-0.7158,-0.7304,-0.7495,-0.7728,-0.799,-0.8247,-0.8446,-0.8533,-0.8499,-0.8376,-0.8192,-0.7943,-0.7598,-0.7114,-0.645,-0.5606,-0.4689,-0.3966,-0.3703,-0.3897,-0.4311,-0.4731,-0.5065,-0.5297,-0.544,-0.551,-0.5524,-0.5493,-0.543,-0.5342,-0.5239,-0.5128,-0.5015,-0.4903,-0.4797,-0.693,-0.7031,-0.7188,-0.7416,-0.7721,-0.8093,-0.8492,-0.8823,-0.8955,-0.8868,-0.8682,-0.8469,-0.8209,-0.7841,-0.7283,-0.6427,-0.5182,-0.3636,-0.2351,-0.2088,-0.2762,-0.3673,-0.4418,-0.4931,-0.5256,-0.5444,-0.5533,-0.5549,-0.5509,-0.5429,-0.5322,-0.5198,-0.5066,-0.4934,-0.4807,-0.4688,-0.6749,-0.6824,-0.6974,-0.723,-0.7614,-0.8128,-0.8741,-0.9314,-0.9516,-0.9281,-0.8989,-0.8764,-0.853,-0.8188,-0.761,-0.6601,-0.4876,-0.228,0.0193,0.0327,-0.1411,-0.3103,-0.4222,-0.4898,-0.5294,-0.5511,-0.5606,-0.5612,-0.5553,-0.5446,-0.5309,-0.5155,-0.4996,-0.484,-0.4694,-0.4561,-0.6497,-0.6508,-0.6612,-0.6867,-0.732,-0.798,-0.8817,-0.9685,-0.9976,-0.9559,-0.9236,-0.9069,-0.8915,-0.8667,-0.8179,-0.7179,-0.5199,-0.1665,0.2299,0.2191,-0.0743,-0.3003,-0.4301,-0.503,-0.5443,-0.5663,-0.5746,-0.5728,-0.5632,-0.5483,-0.5303,-0.5108,-0.4912,-0.4727,-0.4557,-0.4408,-0.6169,-0.6058,-0.6035,-0.6222,-0.6722,-0.7516,-0.8471,-0.9354,-0.9688,-0.9553,-0.9461,-0.9414,-0.9373,-0.9293,-0.9042,-0.8289,-0.6549,-0.3456,-0.004,0.0199,-0.1911,-0.3659,-0.4715,-0.5344,-0.5719,-0.5919,-0.5975,-0.5913,-0.5759,-0.5545,-0.5301,-0.505,-0.4808,-0.4585,-0.439,-0.4223,-0.5788,-0.5467,-0.5169,-0.5131,-0.5661,-0.6692,-0.7823,-0.8804,-0.9492,-0.984,-0.9872,-0.9838,-0.9886,-1.0027,-1.0223,-0.992,-0.8423,-0.619,-0.4159,-0.3459,-0.3955,-0.4703,-0.5324,-0.5795,-0.613,-0.6314,-0.6332,-0.6196,-0.5947,-0.5634,-0.5299,-0.4971,-0.467,-0.4404,-0.418,-0.3996,-0.5421,-0.4819,-0.4027,-0.3406,-0.3937,-0.5562,-0.7105,-0.8599,-1.0364,-1.1166,-1.0608,-1.0311,-1.0399,-1.0705,-1.1603,-1.2052,-0.9917,-0.7746,-0.625,-0.5495,-0.5352,-0.5554,-0.5913,-0.6331,-0.671,-0.6926,-0.6892,-0.6626,-0.6214,-0.5745,-0.5281,-0.4853,-0.448,-0.4165,-0.3912,-0.3715,-0.5191,-0.4368,-0.3063,-0.1524,-0.1939,-0.4506,-0.619,-0.7904,-1.2073,-1.4008,-1.13,-1.0715,-1.0919,-1.1164,-1.1713,-1.219,-0.9926,-0.7775,-0.6523,-0.6014,-0.5882,-0.6003,-0.6372,-0.6957,-0.7586,-0.794,-0.7804,-0.727,-0.6568,-0.586,-0.5218,-0.4667,-0.421,-0.3845,-0.3566,-0.3363,-0.5201,-0.4407,-0.3178,-0.1787,-0.2219,-0.4288,-0.4875,-0.4957,-0.853,-1.1641,-1.0797,-1.1059,-1.1557,-1.2059,-1.1211,-1.0493,-0.8718,-0.619,-0.5258,-0.5593,-0.5829,-0.6094,-0.6685,-0.775,-0.9046,-0.9745,-0.9303,-0.8178,-0.697,-0.5919,-0.5057,-0.4366,-0.3823,-0.3413,-0.3119,-0.2924,-0.543,-0.4875,-0.4182,-0.3675,-0.3994,-0.4528,-0.3823,-0.2988,-0.3511,-0.7973,-1.0289,-1.1802,-1.2286,-1.1828,-1.073,-1.0178,-0.7874,-0.3337,-0.307,-0.4967,-0.5498,-0.5864,-0.6772,-0.8674,-1.1411,-1.2843,-1.1487,-0.919,-0.7253,-0.5805,-0.4716,-0.3889,-0.3269,-0.2828,-0.254,-0.2376,-0.5758,-0.5446,-0.5144,-0.4996,-0.5064,-0.4957,-0.4077,-0.2395,-0.3753,-0.7778,-1.0473,-1.2765,-1.3505,-1.4432,-1.18,-1.0385,-0.8766,-0.5405,-0.4379,-0.4956,-0.4911,-0.5154,-0.6339,-0.9056,-1.3559,-1.5965,-1.3172,-0.9601,-0.7079,-0.5353,-0.41,-0.3165,-0.2489,-0.2043,-0.1794,-0.1699,-0.6082,-0.5933,-0.5819,-0.5779,-0.5786,-0.5695,-0.5411,-0.5351,-0.6629,-0.8899,-1.0609,-1.1751,-1.2698,-1.3768,-1.1863,-1.0796,-1.1355,-0.8265,-0.5939,-0.4548,-0.3402,-0.3545,-0.5101,-0.7843,-1.183,-1.399,-1.1703,-0.8531,-0.6169,-0.4455,-0.3139,-0.2126,-0.1413,-0.1,-0.0846,-0.0876,-0.6359,-0.6308,-0.629,-0.6318,-0.6382,-0.6465,-0.6631,-0.713,-0.8245,-0.9765,-1.0884,-1.172,-1.1674,-1.1709,-1.0779,-1.0186,-1.0417,-0.7887,-0.542,-0.3138,-0.0373,-0.104,-0.3535,-0.5815,-0.7953,-0.8985,-0.8108,-0.6383,-0.4692,-0.3176,-0.1826,-0.0707,0.0048,0.0372,0.0339,0.0095,-0.6577,-0.6587,-0.6627,-0.6709,-0.6841,-0.7042,-0.7374,-0.7943,-0.8811,-0.9867,-1.0712,-1.0929,-1.048,-1.0056,-0.9298,-0.8335,-0.7396,-0.55,-0.375,-0.2418,0.0116,-0.0601,-0.2851,-0.4407,-0.541,-0.5755,-0.5357,-0.4409,-0.3145,-0.1713,-0.0205,0.1161,0.2003,0.2134,0.1758,0.1179,-0.6741,-0.6787,-0.6863,-0.6979,-0.7147,-0.7386,-0.773,-0.821,-0.8818,-0.9455,-0.9907,-0.9966,-0.9766,-0.9355,-0.7172,-0.5685,-0.5133,-0.3047,-0.1336,-0.2171,-0.1941,-0.2122,-0.2955,-0.3707,-0.4244,-0.4577,-0.4352,-0.33,-0.1863,-0.025,0.1617,0.3488,0.4499,0.4236,0.329,0.2258,-0.6855,-0.6922,-0.7015,-0.7143,-0.7316,-0.7543,-0.7836,-0.8195,-0.8589,-0.8944,-0.9138,-0.9059,-0.8612,-0.7184,-0.3326,-0.1869,-0.3703,-0.2674,-0.1533,-0.1613,-0.2161,-0.2602,-0.2953,-0.3256,-0.3819,-0.5241,-0.5474,-0.2927,-0.0685,0.1154,0.3325,0.5832,0.7043,0.6178,0.457,0.3116,-0.6925,-0.7,-0.7097,-0.7222,-0.7378,-0.757,-0.7796,-0.8043,-0.8279,-0.8447,-0.8466,-0.8233,-0.7571,-0.6052,-0.3402,-0.2481,-0.346,-0.2787,-0.0959,-0.0256,-0.1838,-0.2598,-0.2781,-0.2718,-0.2982,-0.4959,-0.5424,-0.109,0.1159,0.2621,0.4381,0.6759,0.7949,0.6869,0.5084,0.3526,-0.6959,-0.7033,-0.7124,-0.7235,-0.7366,-0.7515,-0.7675,-0.7831,-0.7954,-0.8001,-0.7912,-0.7613,-0.7001,-0.5989,-0.4783,-0.411,-0.3832,-0.3059,-0.1823,-0.1428,-0.2241,-0.2775,-0.2748,-0.2171,-0.1152,0.0515,0.4006,0.4104,0.4024,0.4557,0.5054,0.602,0.6673,0.6039,0.4747,0.346,-0.6961,-0.7029,-0.7109,-0.7201,-0.7303,-0.7411,-0.7515,-0.7602,-0.7646,-0.7618,-0.7476,-0.7179,-0.6692,-0.6026,-0.531,-0.4714,-0.4184,-0.3547,-0.2911,-0.2675,-0.2923,-0.3311,-0.3285,-0.2166,0.004,0.3669,0.758,0.6803,0.761,0.7722,0.6476,0.5701,0.5425,0.4923,0.4076,0.3122,-0.694,-0.6998,-0.7064,-0.7135,-0.7209,-0.7281,-0.734,-0.7375,-0.7367,-0.7295,-0.7134,-0.6862,-0.6472,-0.5985,-0.5456,-0.4937,-0.4426,-0.3914,-0.3472,-0.3233,-0.3289,-0.3717,-0.387,-0.2454,0.0101,0.3223,0.5874,0.8646,1.3285,1.1955,0.8413,0.615,0.4996,0.4234,0.3494,0.2728,-0.6899,-0.6947,-0.6998,-0.7049,-0.7098,-0.7139,-0.7164,-0.7162,-0.712,-0.7023,-0.6857,-0.6612,-0.6287,-0.5895,-0.5464,-0.5015,-0.4562,-0.412,-0.3727,-0.3438,-0.3315,-0.3395,-0.3254,-0.2091,0.0013,0.2591,0.5481,0.9696,1.4012,1.2603,0.894,0.6325,0.4788,0.3811,0.3047,0.2357]}]