docs/data/wind_grid.json
[{"header":{"la1":42.85,"la2":41.18,"lo1":11.55,"lo2":14.05,"nx":36,"ny":24,"dx":0.07143,"dy":0.07261,"parameterCategory":2,"parameterNumber":2,"parameterNumberName":"eastward_wind","parameterUnit":"m.s-1"},"data":[-0.8315,-0.8336,-0.8355,-0.8372,-0.8384,-0.8387,-0.8371,-0.8326,-0.8246,-0.8134,-0.8004,-0.7878,-0.7776,-0.7711,-0.7688,-0.7704,-0.7749,-0.7806,-0.7858,-0.7888,-0.789,-0.7866,-0.782,-0.7762,-0.7699,-0.7634,-0.7572,-0.7514,-0.746,-0.7412,-0.7369,-0.7331,-0.7298,-0.7269,-0.7245,-0.7224,-0.8406,-0.8436,-0.8467,-0.85,-0.8534,-0.8564,-0.8574,-0.8541,-0.8446,-0.8289,-0.8098,-0.7912,-0.7764,-0.7676,-0.7655,-0.7696,-0.7782,-0.7886,-0.7976,-0.8025,-0.8024,-0.798,-0.7909,-0.7825,-0.7739,-0.7656,-0.7579,-0.7509,-0.7447,-0.7392,-0.7345,-0.7304,-0.7269,-0.7239,-0.7213,-0.7192,-0.851,-0.8552,-0.8597,-0.865,-0.8717,-0.8796,-0.8864,-0.8871,-0.8765,-0.8536,-0.8237,-0.7949,-0.773,-0.7609,-0.7592,-0.7673,-0.7829,-0.8015,-0.8171,-0.8244,-0.8225,-0.814,-0.8022,-0.7899,-0.7781,-0.7674,-0.7579,-0.7497,-0.7426,-0.7365,-0.7314,-0.727,-0.7233,-0.7202,-0.7177,-0.7156,-0.8631,-0.8685,-0.8743,-0.8817,-0.8927,-0.9088,-0.9279,-0.9403,-0.9309,-0.8945,-0.8443,-0.798,-0.7652,-0.7484,-0.7477,-0.7622,-0.7896,-0.8231,-0.8506,-0.8608,-0.853,-0.8355,-0.8159,-0.7977,-0.7818,-0.7683,-0.7569,-0.7474,-0.7394,-0.7328,-0.7273,-0.7228,-0.719,-0.7159,-0.7134,-0.7114,-0.8775,-0.8845,-0.8912,-0.8998,-0.9146,-0.942,-0.9852,-1.0283,-1.0282,-0.9629,-0.8721,-0.7972,-0.7494,-0.7268,-0.7272,-0.7507,-0.7971,-0.8583,-0.9096,-0.9213,-0.897,-0.8618,-0.8301,-0.8045,-0.7841,-0.7676,-0.7542,-0.7434,-0.7347,-0.7277,-0.7221,-0.7175,-0.7138,-0.7109,-0.7085,-0.7066,-0.8955,-0.9047,-0.9121,-0.9194,-0.9338,-0.9703,-1.0494,-1.1633,-1.1975,-1.0644,-0.8969,-0.7835,-0.7201,-0.6911,-0.6916,-0.725,-0.7971,-0.9056,-1.0043,-1.0116,-0.9494,-0.8866,-0.8409,-0.8081,-0.7833,-0.7641,-0.7491,-0.7373,-0.7282,-0.7211,-0.7155,-0.7112,-0.7077,-0.7049,-0.7028,-0.7011,-0.9187,-0.9325,-0.9417,-0.945,-0.9491,-0.9771,-1.0742,-1.2747,-1.3731,-1.1291,-0.879,-0.7423,-0.6716,-0.6363,-0.632,-0.6705,-0.7665,-0.9251,-1.0833,-1.0804,-0.9777,-0.896,-0.8429,-0.8059,-0.7782,-0.7569,-0.7406,-0.7283,-0.7193,-0.7125,-0.7075,-0.7036,-0.7005,-0.6981,-0.6962,-0.6949,-0.9485,-0.973,-0.9904,-0.9908,-0.9724,-0.9587,-1.0,-1.1339,-1.1915,-0.9753,-0.7732,-0.6669,-0.6048,-0.5588,-0.5339,-0.5653,-0.678,-0.8482,-0.999,-1.0144,-0.9459,-0.8825,-0.8346,-0.7972,-0.7675,-0.7445,-0.7276,-0.7157,-0.7075,-0.7018,-0.6977,-0.6946,-0.6922,-0.6902,-0.6888,-0.6878,-0.9843,-1.0298,-1.0734,-1.0874,-1.0398,-0.9513,-0.8813,-0.8426,-0.7769,-0.6718,-0.6092,-0.5752,-0.5319,-0.4621,-0.3703,-0.367,-0.5343,-0.736,-0.8704,-0.9152,-0.9003,-0.8629,-0.8212,-0.7825,-0.7501,-0.7255,-0.7087,-0.6983,-0.6923,-0.6887,-0.6863,-0.6844,-0.6827,-0.6813,-0.6803,-0.6797,-1.019,-1.0967,-1.1981,-1.2773,-1.2075,-0.9974,-0.8063,-0.6342,-0.4247,-0.3354,-0.4382,-0.4969,-0.4744,-0.3777,-0.1268,-0.0018,-0.3908,-0.7131,-0.8743,-0.9196,-0.9019,-0.8579,-0.8079,-0.7614,-0.7234,-0.6967,-0.6815,-0.6751,-0.6735,-0.6735,-0.6735,-0.673,-0.6721,-0.6712,-0.6706,-0.6705,-1.0383,-1.1427,-1.3113,-1.5161,-1.454,-1.0636,-0.7831,-0.5609,-0.1202,0.0886,-0.3178,-0.4597,-0.4412,-0.3617,-0.1507,0.0036,-0.4828,-0.8917,-1.0659,-1.0443,-0.9558,-0.8669,-0.7915,-0.7297,-0.6821,-0.6528,-0.6427,-0.645,-0.6513,-0.6567,-0.6597,-0.6607,-0.6604,-0.6597,-0.6593,-0.6597,-1.0285,-1.1277,-1.2862,-1.4741,-1.3985,-1.015,-0.786,-0.6949,-0.4042,-0.1757,-0.4013,-0.4753,-0.414,-0.299,-0.335,-0.4743,-0.856,-1.4183,-1.557,-1.2769,-1.0277,-0.8674,-0.7611,-0.6811,-0.6185,-0.5856,-0.5884,-0.6084,-0.6276,-0.64,-0.646,-0.6477,-0.6472,-0.6462,-0.6459,-0.6468,-0.9921,-1.0576,-1.139,-1.1904,-1.1002,-0.9034,-0.7917,-0.8049,-0.7272,-0.5674,-0.5407,-0.5166,-0.4438,-0.2601,-0.3342,-0.6528,-1.173,-2.2392,-2.258,-1.4582,-1.0329,-0.8221,-0.7057,-0.6174,-0.5316,-0.4898,-0.5211,-0.5718,-0.6075,-0.6263,-0.6334,-0.6338,-0.6316,-0.6295,-0.6292,-0.631,-0.9456,-0.9775,-1.0026,-0.9957,-0.9327,-0.8424,-0.7872,-0.7825,-0.7488,-0.6715,-0.6224,-0.5421,-0.5006,-0.4217,-0.537,-0.8458,-1.2414,-1.78,-1.8239,-1.2584,-0.8721,-0.6907,-0.6199,-0.5613,-0.4636,-0.4081,-0.4738,-0.5529,-0.5989,-0.6184,-0.6221,-0.6178,-0.6116,-0.6075,-0.6073,-0.6109,-0.9029,-0.9145,-0.9161,-0.8988,-0.86,-0.8137,-0.7797,-0.7609,-0.742,-0.7293,-0.7262,-0.6869,-0.5903,-0.4957,-0.6763,-1.1557,-1.5873,-1.3168,-1.1548,-0.8341,-0.5107,-0.4296,-0.496,-0.5296,-0.4882,-0.4508,-0.5037,-0.5705,-0.6071,-0.6171,-0.6104,-0.5961,-0.5826,-0.5759,-0.5772,-0.5849,-0.8694,-0.8713,-0.8657,-0.8501,-0.8257,-0.7991,-0.7778,-0.7651,-0.7645,-0.7913,-0.8578,-0.8712,-0.8036,-0.7161,-0.8128,-1.1301,-1.4024,-1.1024,-0.8216,-0.4558,0.0495,-0.0422,-0.3588,-0.5092,-0.5491,-0.5576,-0.5857,-0.6172,-0.6294,-0.6198,-0.5937,-0.5614,-0.5364,-0.5279,-0.5351,-0.5514,-0.8449,-0.8429,-0.8362,-0.8242,-0.8085,-0.7927,-0.7807,-0.7764,-0.7852,-0.8156,-0.8623,-0.8733,-0.9864,-1.0491,-0.9254,-0.965,-0.9623,-0.7747,-0.5664,-0.3443,0.1291,0.0094,-0.342,-0.5238,-0.6065,-0.6486,-0.6715,-0.6755,-0.6596,-0.6225,-0.5651,-0.5013,-0.4589,-0.454,-0.4771,-0.5104,-0.8276,-0.8244,-0.8184,-0.8098,-0.7998,-0.7907,-0.7851,-0.7858,-0.796,-0.8172,-0.846,-0.8945,-1.0362,-1.0804,-1.006,-0.9864,-0.8323,-0.5061,-0.261,-0.3946,-0.3164,-0.3236,-0.4608,-0.5854,-0.6773,-0.7431,-0.7643,-0.7406,-0.6947,-0.6242,-0.5194,-0.4004,-0.3327,-0.3478,-0.4057,-0.4665,-0.8153,-0.8122,-0.8075,-0.8015,-0.7954,-0.7906,-0.7888,-0.792,-0.8018,-0.8191,-0.8453,-0.8872,-0.9481,-1.0057,-1.158,-1.2225,-0.8835,-0.5388,-0.3734,-0.4966,-0.509,-0.518,-0.5741,-0.6548,-0.7474,-0.841,-0.8605,-0.8014,-0.7311,-0.6317,-0.4701,-0.2686,-0.171,-0.2322,-0.3414,-0.4327,-0.8065,-0.8039,-0.8004,-0.7966,-0.793,-0.7909,-0.7913,-0.7956,-0.8047,-0.8195,-0.8412,-0.8721,-0.9143,-0.9819,-1.1176,-1.1459,-0.8924,-0.6646,-0.5873,-0.5929,-0.5869,-0.6048,-0.6431,-0.7005,-0.7789,-0.8641,-0.8811,-0.8292,-0.7655,-0.6613,-0.4728,-0.2184,-0.1022,-0.1918,-0.3246,-0.4266,-0.8001,-0.7981,-0.7957,-0.7933,-0.7914,-0.7909,-0.7924,-0.7969,-0.8049,-0.8171,-0.834,-0.8564,-0.8859,-0.9256,-0.9665,-0.9464,-0.8332,-0.707,-0.6315,-0.6151,-0.6299,-0.655,-0.6824,-0.7212,-0.7801,-0.8392,-0.8716,-0.855,-0.807,-0.7245,-0.5672,-0.356,-0.2425,-0.284,-0.3756,-0.4551,-0.7953,-0.7938,-0.7922,-0.7908,-0.79,-0.7903,-0.7923,-0.7964,-0.803,-0.8125,-0.8247,-0.8398,-0.8569,-0.8732,-0.8784,-0.8537,-0.7951,-0.7274,-0.679,-0.6619,-0.6703,-0.6881,-0.6992,-0.7239,-0.7766,-0.8422,-0.8941,-0.8781,-0.8637,-0.8187,-0.7006,-0.5492,-0.4474,-0.4313,-0.4636,-0.5061,-0.7916,-0.7905,-0.7894,-0.7887,-0.7885,-0.7892,-0.7911,-0.7946,-0.7997,-0.8066,-0.8148,-0.8238,-0.832,-0.8364,-0.8312,-0.8109,-0.7762,-0.7374,-0.7071,-0.6927,-0.693,-0.6979,-0.6985,-0.7204,-0.7678,-0.8218,-0.8613,-0.8944,-0.9595,-0.9229,-0.8055,-0.6822,-0.5928,-0.5518,-0.5475,-0.5608,-0.7885,-0.7877,-0.7871,-0.7867,-0.7868,-0.7875,-0.7892,-0.7919,-0.7956,-0.8002,-0.8052,-0.8099,-0.8128,-0.8119,-0.8045,-0.7889,-0.7665,-0.7422,-0.7219,-0.7097,-0.7052,-0.7042,-0.7074,-0.7267,-0.7622,-0.8034,-0.845,-0.9045,-0.9719,-0.94,-0.8424,-0.7461,-0.6732,-0.6294,-0.6104,-0.6074]},{"header":{"la1":42.85,"la2":41.18,"lo1":11.55,"lo2":14.05,"nx":36,"ny":24,"dx":0.07143,"dy":0.07261,"parameterCategory":2,"parameterNumber":3,"parameterNumberName":"northward_wind","parameterUnit":"m.s-1"},"data":[-0.6655,-0.666,-0.6654,-0.6635,-0.6603,-0.656,-0.6508,-0.6451,-0.6389,-0.632,-0.6236,-0.6126,-0.5984,-0.5808,-0.5599,-0.5367,-0.5127,-0.4899,-0.4706,-0.4567,-0.4485,-0.4452,-0.4455,-0.4479,-0.4514,-0.4553,-0.4593,-0.4634,-0.4674,-0.4714,-0.4753,-0.4793,-0.4831,-0.4869,-0.4905,-0.494,-0.6733,-0.6742,-0.6737,-0.6716,-0.6677,-0.6622,-0.6557,-0.6492,-0.6434,-0.6378,-0.6308,-0.6205,-0.6056,-0.5855,-0.5603,-0.5309,-0.4994,-0.4691,-0.4444,-0.4283,-0.4214,-0.4217,-0.4263,-0.4326,-0.4393,-0.4456,-0.4515,-0.457,-0.4622,-0.4672,-0.4721,-0.4768,-0.4814,-0.4858,-0.49,-0.494,-0.6815,-0.6828,-0.6826,-0.6801,-0.6749,-0.6669,-0.6574,-0.6488,-0.6434,-0.6408,-0.6376,-0.6299,-0.6153,-0.5927,-0.5621,-0.5241,-0.4811,-0.4385,-0.4045,-0.386,-0.3834,-0.3913,-0.4033,-0.4156,-0.4265,-0.4358,-0.4439,-0.4509,-0.4574,-0.4634,-0.4692,-0.4747,-0.4801,-0.4852,-0.4901,-0.4946,-0.6898,-0.6919,-0.6922,-0.6894,-0.6821,-0.6696,-0.653,-0.6382,-0.6325,-0.637,-0.643,-0.6415,-0.6287,-0.6041,-0.5673,-0.5178,-0.4567,-0.392,-0.3411,-0.3204,-0.3293,-0.3526,-0.3772,-0.3979,-0.4141,-0.4266,-0.4368,-0.4454,-0.453,-0.4601,-0.4669,-0.4733,-0.4795,-0.4854,-0.4909,-0.4961,-0.698,-0.7013,-0.7026,-0.7001,-0.6908,-0.6709,-0.6392,-0.6064,-0.597,-0.619,-0.6462,-0.6568,-0.6478,-0.6221,-0.5795,-0.5163,-0.4283,-0.3228,-0.2363,-0.216,-0.2544,-0.3075,-0.351,-0.3819,-0.4033,-0.4188,-0.4308,-0.4407,-0.4495,-0.4576,-0.4653,-0.4727,-0.4798,-0.4865,-0.4928,-0.4985,-0.7055,-0.7101,-0.7133,-0.7129,-0.7039,-0.6764,-0.619,-0.5399,-0.5127,-0.5801,-0.6517,-0.68,-0.6752,-0.6496,-0.6043,-0.5296,-0.4089,-0.2353,-0.0748,-0.0638,-0.1676,-0.2668,-0.3314,-0.3709,-0.3959,-0.4132,-0.4263,-0.4372,-0.4468,-0.4559,-0.4646,-0.473,-0.4811,-0.4888,-0.4959,-0.5023,-0.7112,-0.7167,-0.7223,-0.7268,-0.7246,-0.6999,-0.6233,-0.4768,-0.4083,-0.5572,-0.6821,-0.7192,-0.713,-0.6891,-0.6484,-0.5731,-0.4327,-0.1962,0.0574,0.0516,-0.1236,-0.2543,-0.327,-0.3678,-0.3929,-0.4102,-0.4236,-0.435,-0.4454,-0.4553,-0.4651,-0.4746,-0.4839,-0.4927,-0.5007,-0.5078,-0.7138,-0.7182,-0.7241,-0.7348,-0.7491,-0.7512,-0.7072,-0.5935,-0.5421,-0.6783,-0.7715,-0.7795,-0.7593,-0.7405,-0.7194,-0.6621,-0.53,-0.3124,-0.0876,-0.0681,-0.1888,-0.2847,-0.3399,-0.3723,-0.3937,-0.4097,-0.4228,-0.4343,-0.4452,-0.456,-0.4669,-0.4778,-0.4885,-0.4985,-0.5076,-0.5154,-0.7123,-0.7108,-0.7088,-0.7181,-0.7552,-0.811,-0.8504,-0.8649,-0.8985,-0.9437,-0.918,-0.8519,-0.804,-0.7983,-0.8306,-0.8158,-0.6773,-0.4925,-0.3414,-0.2843,-0.3015,-0.3336,-0.3596,-0.3798,-0.3967,-0.4113,-0.424,-0.4355,-0.4466,-0.4582,-0.4705,-0.4831,-0.4955,-0.5071,-0.5173,-0.5259,-0.7083,-0.6953,-0.6683,-0.646,-0.6995,-0.8428,-0.9857,-1.1161,-1.2739,-1.3063,-1.0996,-0.9132,-0.8286,-0.8399,-0.9908,-1.0745,-0.8114,-0.5948,-0.4675,-0.3994,-0.3715,-0.366,-0.3722,-0.385,-0.4007,-0.4158,-0.4284,-0.4391,-0.4499,-0.4622,-0.4761,-0.4909,-0.5056,-0.5192,-0.5309,-0.5401,-0.7069,-0.6835,-0.6238,-0.5294,-0.573,-0.8547,-1.1065,-1.2949,-1.6203,-1.7863,-1.2425,-0.9258,-0.8209,-0.8253,-0.9645,-1.0786,-0.7841,-0.5884,-0.491,-0.4295,-0.3891,-0.3702,-0.3706,-0.3859,-0.408,-0.4273,-0.4389,-0.4465,-0.4553,-0.468,-0.4842,-0.5023,-0.5203,-0.5365,-0.5497,-0.5594,-0.7131,-0.6938,-0.6405,-0.5555,-0.6169,-0.9445,-1.2528,-1.4239,-1.5004,-1.5368,-1.1306,-0.8676,-0.7982,-0.8345,-0.8071,-0.7387,-0.6096,-0.5271,-0.4876,-0.4225,-0.3699,-0.3465,-0.3532,-0.385,-0.4275,-0.4562,-0.4615,-0.4589,-0.4625,-0.4755,-0.4955,-0.5188,-0.5416,-0.5613,-0.576,-0.5855,-0.7252,-0.7231,-0.7134,-0.7186,-0.8231,-1.0664,-1.3571,-1.5775,-1.4547,-1.1889,-0.9293,-0.7968,-0.7642,-0.8478,-0.7829,-0.5607,-0.4336,-0.5401,-0.5395,-0.3939,-0.3149,-0.2909,-0.3161,-0.3843,-0.4733,-0.5198,-0.5005,-0.4737,-0.4689,-0.4841,-0.5114,-0.5432,-0.5733,-0.5973,-0.6132,-0.6211,-0.7355,-0.7489,-0.7698,-0.8152,-0.9139,-1.0767,-1.2777,-1.4446,-1.3353,-0.9965,-0.7721,-0.7788,-0.7884,-0.596,-0.5323,-0.2421,-0.0252,-0.3015,-0.391,-0.2821,-0.1978,-0.1823,-0.2448,-0.3668,-0.5233,-0.5942,-0.5325,-0.478,-0.4699,-0.4938,-0.5347,-0.5807,-0.6216,-0.6508,-0.6661,-0.6694,-0.738,-0.758,-0.7871,-0.8332,-0.9036,-0.9964,-1.0895,-1.1225,-0.995,-0.7462,-0.5655,-0.5301,-0.4697,-0.2249,-0.3114,0.3503,1.1127,0.2412,-0.1141,-0.0952,0.0367,0.0294,-0.1185,-0.2924,-0.4613,-0.5389,-0.493,-0.4526,-0.461,-0.5061,-0.5717,-0.641,-0.6979,-0.7318,-0.7419,-0.7342,-0.7314,-0.7508,-0.7762,-0.8096,-0.8501,-0.8902,-0.9095,-0.8719,-0.7414,-0.5259,-0.2941,-0.312,-0.3458,-0.3244,-0.2231,0.2868,0.7819,0.2154,-0.0691,0.0645,0.4692,0.3691,0.0292,-0.1874,-0.3193,-0.3818,-0.3879,-0.3968,-0.4426,-0.5252,-0.6323,-0.7408,-0.8212,-0.8558,-0.8493,-0.8191,-0.7178,-0.733,-0.7507,-0.77,-0.7876,-0.7955,-0.7802,-0.724,-0.6148,-0.4577,-0.3023,-0.3171,-0.2845,-0.2502,-0.2482,-0.1067,-0.0216,-0.1857,-0.2925,-0.0288,0.5184,0.4033,0.0538,-0.1295,-0.2104,-0.2394,-0.2621,-0.3176,-0.4154,-0.5549,-0.7301,-0.9069,-1.0225,-1.0431,-0.9955,-0.9231,-0.6999,-0.7101,-0.7201,-0.7282,-0.7309,-0.7226,-0.6957,-0.6432,-0.5644,-0.4713,-0.3952,-0.3511,-0.2768,-0.2546,-0.3026,-0.2956,-0.308,-0.5146,-0.7333,-0.3723,-0.0317,0.0396,-0.0528,-0.1232,-0.1283,-0.0846,-0.0922,-0.2085,-0.3789,-0.5936,-0.8726,-1.1697,-1.3361,-1.3044,-1.1722,-1.0339,-0.6803,-0.6858,-0.6896,-0.69,-0.6844,-0.6692,-0.6409,-0.5975,-0.5412,-0.4805,-0.4265,-0.3819,-0.3437,-0.3358,-0.3713,-0.3865,-0.3861,-0.524,-0.6358,-0.4601,-0.286,-0.1693,-0.138,-0.1258,-0.0562,0.1178,0.1517,-0.0954,-0.3491,-0.6277,-1.0234,-1.495,-1.7206,-1.5804,-1.33,-1.1208,-0.6607,-0.6624,-0.6618,-0.6574,-0.6476,-0.6303,-0.6041,-0.5689,-0.5268,-0.4826,-0.4413,-0.4058,-0.3795,-0.3695,-0.3798,-0.386,-0.3916,-0.4391,-0.4802,-0.4879,-0.3485,-0.2155,-0.1503,-0.1231,-0.0568,0.1409,0.1865,-0.1326,-0.3661,-0.6313,-1.0577,-1.6209,-1.8788,-1.6776,-1.3769,-1.144,-0.6421,-0.641,-0.6374,-0.6303,-0.6187,-0.6015,-0.5782,-0.5492,-0.5162,-0.4819,-0.4491,-0.4203,-0.3979,-0.3842,-0.3794,-0.3788,-0.3828,-0.3986,-0.4222,-0.4078,-0.2807,-0.1293,-0.0643,-0.0932,-0.1337,-0.1762,-0.3255,-0.355,-0.4221,-0.5948,-0.9098,-1.3403,-1.5756,-1.4799,-1.272,-1.0892,-0.625,-0.6219,-0.6165,-0.608,-0.5959,-0.5796,-0.559,-0.5347,-0.5078,-0.48,-0.4531,-0.4288,-0.4084,-0.3931,-0.3826,-0.3753,-0.3693,-0.3622,-0.3441,-0.2819,-0.1224,0.1125,0.1806,0.0108,-0.166,-0.3289,-0.4834,-0.4481,-0.4644,-0.5453,-0.7187,-0.9735,-1.1553,-1.1718,-1.0888,-0.985,-0.6096,-0.6052,-0.5987,-0.5896,-0.5776,-0.5625,-0.5443,-0.5235,-0.5009,-0.4776,-0.4547,-0.4334,-0.4145,-0.3984,-0.3845,-0.3714,-0.3561,-0.333,-0.2896,-0.1972,-0.0037,0.2958,0.3758,0.1027,-0.1486,-0.3127,-0.4083,-0.4512,-0.4959,-0.5128,-0.5985,-0.7463,-0.8743,-0.9283,-0.9167,-0.873,-0.596,-0.5907,-0.5836,-0.5744,-0.5629,-0.5489,-0.5327,-0.5145,-0.4951,-0.475,-0.455,-0.4359,-0.418,-0.4013,-0.3853,-0.3681,-0.3469,-0.316,-0.265,-0.1754,-0.0252,0.1573,0.1979,0.0328,-0.1568,-0.2932,-0.3845,-0.4557,-0.4992,-0.5055,-0.5509,-0.6367,-0.721,-0.7732,-0.7882,-0.7771]}]