docs/data/wind_grid.json
[{"header":{"la1":42.85,"la2":41.18,"lo1":11.55,"lo2":14.05,"nx":36,"ny":24,"dx":0.07143,"dy":0.07261,"parameterCategory":2,"parameterNumber":2,"parameterNumberName":"eastward_wind","parameterUnit":"m.s-1"},"data":[2.7941,2.7986,2.803,2.8069,2.8093,2.8091,2.8042,2.7927,2.7726,2.7425,2.7022,2.6515,2.5907,2.5198,2.4382,2.3456,2.2416,2.1267,2.0031,1.8766,1.76,1.6723,1.6299,1.6361,1.6784,1.7389,1.8028,1.8617,1.912,1.9534,1.9866,2.013,2.0341,2.0508,2.0644,2.0756,2.8055,2.812,2.8193,2.8271,2.8345,2.84,2.8408,2.8338,2.8157,2.7846,2.7404,2.684,2.6159,2.5361,2.4434,2.3363,2.2132,2.0725,1.9134,1.7392,1.5672,1.4358,1.3857,1.4221,1.513,1.6204,1.7204,1.8041,1.8705,1.9218,1.9612,1.9913,2.0145,2.0325,2.0469,2.0586,2.8144,2.8226,2.8328,2.8452,2.8593,2.8732,2.8833,2.8841,2.8697,2.837,2.7871,2.723,2.6467,2.5577,2.4537,2.3316,2.1877,2.0186,1.817,1.5727,1.2972,1.0723,1.0114,1.1216,1.3085,1.4916,1.6405,1.7529,1.8355,1.8957,1.9397,1.9722,1.9965,2.0151,2.0297,2.0415,2.8195,2.8285,2.8412,2.8587,2.8813,2.9076,2.9329,2.9479,2.9401,2.9033,2.8432,2.7684,2.6828,2.585,2.4707,2.3339,2.169,1.9721,1.7319,1.4019,0.9307,0.4781,0.4117,0.7138,1.0823,1.3738,1.5781,1.7171,1.8119,1.8774,1.9233,1.9562,1.9803,1.9983,2.0124,2.0238,2.8193,2.8274,2.8409,2.8628,2.8956,2.9394,2.99,3.0325,3.0371,2.9883,2.9079,2.8178,2.7224,2.6176,2.4959,2.3468,2.1602,1.9357,1.6831,1.316,0.5419,-0.4597,-0.4648,0.2792,0.9116,1.3105,1.554,1.7059,1.8036,1.8684,1.9124,1.9431,1.9653,1.9817,1.9946,2.0052,2.8128,2.8167,2.8271,2.8507,2.8942,2.9602,3.0479,3.1425,3.1723,3.0895,2.973,2.8655,2.7625,2.6541,2.5302,2.3758,2.169,1.9005,1.6451,1.4264,0.5772,-1.0134,-0.9115,0.1985,0.9393,1.3501,1.5841,1.7239,1.8113,1.8678,1.9057,1.9318,1.9504,1.9643,1.9754,1.9848,2.7999,2.7947,2.7946,2.8128,2.8658,2.9559,3.0781,3.2283,3.2906,3.1605,3.0185,2.9051,2.7999,2.6909,2.5707,2.4256,2.2208,1.9082,1.5546,1.5344,1.266,0.4065,0.2395,0.7661,1.2158,1.4949,1.6626,1.7652,1.8299,1.8721,1.9004,1.9199,1.934,1.9447,1.9535,1.9616,2.7829,2.7645,2.7449,2.7442,2.8052,2.9222,3.0548,3.1772,3.2202,3.1413,3.0396,2.9393,2.8346,2.721,2.6016,2.4813,2.3294,2.0904,1.8188,1.8468,2.0868,1.9152,1.5472,1.4805,1.5742,1.6794,1.7585,1.8128,1.8496,1.8749,1.8924,1.9047,1.9137,1.921,1.9277,1.9345,2.7664,2.7359,2.7033,2.6862,2.7415,2.883,3.0299,3.129,3.1673,3.1469,3.0773,2.9813,2.8716,2.7373,2.5803,2.4784,2.4285,2.3274,2.2348,2.3704,2.8672,2.7314,2.1919,1.9238,1.84,1.8261,1.8332,1.8455,1.8581,1.8688,1.877,1.8828,1.8872,1.8913,1.8959,1.902,2.7545,2.7111,2.6676,2.6493,2.6706,2.8533,3.0543,3.1847,3.2622,3.2638,3.1577,3.0374,2.9239,2.7622,2.4464,2.2811,2.4575,2.4746,2.441,2.5078,2.7317,2.6579,2.3321,2.0984,1.9645,1.8912,1.8561,1.8444,1.8443,1.8475,1.8501,1.8512,1.8518,1.8531,1.8564,1.8622,2.7523,2.6889,2.5687,2.339,2.4092,2.8328,3.1425,3.3002,3.4085,3.457,3.2413,3.0932,3.004,2.8929,2.5525,2.3032,2.5408,2.5647,2.5271,2.5108,2.515,2.4505,2.292,2.1131,1.9583,1.8525,1.8046,1.7961,1.8018,1.8075,1.8091,1.8074,1.8048,1.8039,1.8064,1.8131,2.7688,2.7054,2.5777,2.3744,2.4694,2.9437,3.3152,3.4914,3.4486,3.3963,3.2411,3.1352,3.0912,3.1043,2.9841,2.7856,2.6994,2.587,2.5283,2.5194,2.4764,2.3866,2.239,2.0371,1.8187,1.676,1.6565,1.6955,1.7318,1.7499,1.7534,1.7491,1.7432,1.7402,1.7428,1.752,2.8045,2.7695,2.7174,2.6892,2.8203,3.1278,3.4559,3.6885,3.5648,3.3476,3.2247,3.1947,3.1601,3.1614,3.0974,2.9307,2.7878,2.4448,2.4117,2.5267,2.4869,2.3759,2.1936,1.904,1.5246,1.3113,1.4102,1.5625,1.6484,1.6805,1.6833,1.6734,1.6621,1.6567,1.661,1.6753,2.8468,2.8424,2.8469,2.8887,3.0063,3.1978,3.4126,3.5756,3.5054,3.3073,3.2172,3.2753,3.2834,3.0149,3.021,2.9429,2.908,2.6669,2.5565,2.5759,2.506,2.3817,2.1769,1.8077,1.233,0.9287,1.206,1.464,1.575,1.6048,1.5966,1.574,1.5533,1.5452,1.5541,1.5785,2.8831,2.8972,2.9247,2.9778,3.0657,3.1809,3.2948,3.3585,3.3215,3.2417,3.2038,3.1883,3.1354,3.1033,3.0177,2.9562,3.1581,2.9211,2.7469,2.6248,2.4988,2.3887,2.21,1.8715,1.387,1.1241,1.2848,1.4521,1.5172,1.5186,1.4851,1.4388,1.4022,1.3922,1.4126,1.4565,2.9081,2.93,2.9623,3.0093,3.0712,3.1402,3.1992,3.2274,3.2199,3.2138,3.2608,3.1959,3.1487,3.0882,3.0445,3.0496,3.1169,2.966,2.8119,2.6201,2.3933,2.3671,2.2611,1.9959,1.6799,1.4752,1.4322,1.4432,1.4419,1.4068,1.3346,1.2465,1.1832,1.176,1.224,1.3047,2.9222,2.9456,2.976,3.0139,3.0577,3.1016,3.1371,3.1579,3.168,3.1894,3.2394,3.1895,3.1263,3.1016,3.0683,3.0456,3.0187,2.9642,2.8894,2.687,2.385,2.3773,2.2904,2.0377,1.7334,1.4822,1.3496,1.3204,1.3144,1.2605,1.1323,0.9651,0.8542,0.8671,0.978,1.1249,2.9276,2.9498,2.9762,3.0064,3.0384,3.069,3.0942,3.1125,3.1265,3.1417,3.1514,3.1343,3.1115,3.107,3.1211,3.1179,3.0495,3.0236,3.0596,2.8873,2.6499,2.4929,2.3042,1.9859,1.5536,1.1221,0.9531,1.0526,1.1455,1.1007,0.8833,0.5595,0.3644,0.4476,0.6865,0.9367,2.9268,2.9468,2.9692,2.9933,3.0178,3.0407,3.0602,3.0758,3.0882,3.0978,3.1018,3.0988,3.0992,3.1277,3.2713,3.3367,3.1203,3.0567,3.0833,3.0714,2.8584,2.6075,2.3252,1.9083,1.2665,0.4617,0.2736,0.7405,1.0058,0.9837,0.6516,0.0798,-0.2319,0.0045,0.4266,0.7889,2.9216,2.9393,2.9581,2.9777,2.997,3.0149,3.0305,3.0434,3.0535,3.0608,3.0652,3.0689,3.0804,3.1236,3.2404,3.2746,3.1233,3.0869,3.263,3.365,3.0029,2.7048,2.3978,1.9344,1.221,0.3273,0.1342,0.7051,0.9851,0.9755,0.6017,-0.1051,-0.4791,-0.154,0.346,0.7457,2.9136,2.9289,2.9448,2.9608,2.9763,2.9906,3.0031,3.0135,3.0217,3.0278,3.0324,3.0377,3.049,3.0743,3.1104,3.1094,3.063,3.06,3.1501,3.1691,2.989,2.8311,2.6164,2.1529,1.4898,0.9177,0.7547,0.872,1.0772,1.0984,0.8224,0.299,-0.0141,0.1562,0.5097,0.8299,2.9036,2.9167,2.9301,2.9433,2.9558,2.9673,2.9773,2.9855,2.9919,2.9967,3.0003,3.0041,3.0101,3.0191,3.0256,3.0177,2.9985,2.9927,3.0065,3.002,3.0064,3.1498,3.1385,2.5574,1.7916,1.1419,0.7428,0.9374,1.2805,1.3289,1.1475,0.84,0.6205,0.634,0.798,0.9957,2.8923,2.9035,2.9147,2.9255,2.9356,2.9447,2.9525,2.9588,2.9634,2.9665,2.9684,2.9695,2.9702,2.9699,2.9658,2.9551,2.9401,2.9287,2.926,2.9444,3.0656,3.4297,3.5553,2.8641,2.0616,1.4673,1.1825,1.3392,1.6199,1.575,1.4005,1.2021,1.0538,1.0149,1.0726,1.1782,2.88,2.8895,2.8988,2.9077,2.9157,2.9228,2.9286,2.933,2.9359,2.9373,2.9371,2.9354,2.9321,2.9266,2.9175,2.9043,2.8886,2.8744,2.8688,2.8914,2.9917,3.188,3.1957,2.7591,2.1962,1.7613,1.5452,1.566,1.6692,1.6328,1.5197,1.4004,1.3084,1.2696,1.286,1.3406]},{"header":{"la1":42.85,"la2":41.18,"lo1":11.55,"lo2":14.05,"nx":36,"ny":24,"dx":0.07143,"dy":0.07261,"parameterCategory":2,"parameterNumber":3,"parameterNumberName":"northward_wind","parameterUnit":"m.s-1"},"data":[0.9906,1.0032,1.0136,1.0212,1.0256,1.0258,1.0198,1.0053,0.98,0.9436,0.8974,0.8441,0.7863,0.7256,0.6631,0.5997,0.5374,0.4786,0.4264,0.3835,0.3516,0.3319,0.3249,0.3288,0.3402,0.355,0.3698,0.3831,0.394,0.4024,0.4086,0.4129,0.4157,0.4173,0.4181,0.4184,1.0258,1.0427,1.0572,1.0692,1.0787,1.085,1.0852,1.0745,1.0482,1.0048,0.9474,0.8815,0.8114,0.7388,0.6641,0.5874,0.5104,0.4372,0.373,0.3215,0.2845,0.2637,0.2612,0.2752,0.2989,0.3248,0.3484,0.3677,0.3826,0.3935,0.4012,0.4063,0.4096,0.4114,0.4122,0.4124,1.0649,1.0871,1.1066,1.1236,1.1396,1.1555,1.168,1.1676,1.1422,1.0876,1.0118,0.9271,0.841,0.7547,0.666,0.5725,0.4754,0.3811,0.3003,0.2394,0.1964,0.172,0.176,0.2078,0.2519,0.2941,0.3286,0.3547,0.3735,0.3866,0.3953,0.4009,0.4042,0.4059,0.4066,0.4066,1.1089,1.1382,1.1633,1.1849,1.2076,1.2376,1.2746,1.2999,1.2811,1.205,1.0947,0.9805,0.8744,0.7739,0.6708,0.5571,0.4306,0.3015,0.1954,0.1302,0.0861,0.0492,0.0603,0.1264,0.2039,0.2676,0.314,0.3462,0.368,0.3824,0.3915,0.3968,0.3997,0.4009,0.4011,0.4007,1.159,1.199,1.2316,1.2556,1.2805,1.3266,1.4091,1.4998,1.5056,1.378,1.1965,1.0363,0.9084,0.797,0.6828,0.5476,0.3783,0.1827,0.0225,-0.0243,-0.0297,-0.1005,-0.0835,0.0475,0.1696,0.254,0.3091,0.3448,0.3676,0.3817,0.3899,0.3943,0.3961,0.3964,0.3957,0.3947,1.2162,1.2746,1.3211,1.3447,1.3565,1.4054,1.5543,1.7977,1.8813,1.6158,1.2964,1.0795,0.9373,0.8252,0.7094,0.5592,0.3389,0.02,-0.304,-0.2967,-0.108,-0.1736,-0.1507,0.032,0.1739,0.2627,0.3179,0.3521,0.3729,0.3847,0.3907,0.3931,0.3931,0.3919,0.3902,0.3883,1.2779,1.3696,1.4515,1.4793,1.4452,1.446,1.6197,2.052,2.2759,1.7785,1.3235,1.0869,0.9563,0.8604,0.7587,0.6139,0.3706,-0.0608,-0.6647,-0.6171,-0.1027,-0.0078,0.0173,0.127,0.2269,0.2961,0.3409,0.3685,0.384,0.3915,0.3938,0.3929,0.3904,0.3873,0.3842,0.3813,1.3312,1.473,1.6396,1.7138,1.5764,1.4408,1.4981,1.7819,1.9187,1.5438,1.2148,1.0532,0.9694,0.9065,0.8336,0.7202,0.516,0.1665,-0.25,-0.1989,0.1642,0.2494,0.2345,0.2581,0.3036,0.3454,0.3753,0.3929,0.4006,0.4015,0.3984,0.3932,0.3875,0.3819,0.3771,0.3732,1.3503,1.527,1.7988,2.0022,1.6963,1.3963,1.2931,1.299,1.2636,1.1375,1.0457,1.0085,0.992,0.9683,0.9267,0.857,0.7096,0.4874,0.2906,0.2903,0.4451,0.4295,0.3658,0.3577,0.3774,0.4016,0.4186,0.4249,0.4223,0.4142,0.4038,0.3931,0.3833,0.3751,0.3685,0.3636,1.317,1.4623,1.6544,1.7635,1.529,1.2891,1.12,0.9989,0.8662,0.812,0.899,0.987,1.0455,1.0562,1.0065,0.971,0.8596,0.6913,0.5433,0.4609,0.4531,0.4448,0.4241,0.4263,0.4459,0.4662,0.4739,0.4666,0.4494,0.4286,0.4085,0.3911,0.3768,0.3657,0.3575,0.3518,1.2476,1.3378,1.4041,1.3922,1.3568,1.1799,0.9899,0.8447,0.6149,0.5025,0.8047,1.008,1.1562,1.2298,1.108,1.0066,0.9317,0.7959,0.6731,0.5695,0.5017,0.4715,0.4654,0.4861,0.5261,0.5568,0.5546,0.5237,0.4823,0.443,0.4105,0.3852,0.3662,0.3526,0.3432,0.3372,1.1687,1.2295,1.2854,1.337,1.2906,1.0722,0.8898,0.8011,0.7005,0.6365,0.8472,1.0636,1.3125,1.6202,1.4523,1.1541,0.9795,0.8384,0.7436,0.6363,0.5421,0.4923,0.4933,0.5522,0.6528,0.7182,0.6876,0.6027,0.5183,0.4529,0.4057,0.3726,0.3498,0.3344,0.3247,0.3192,1.0894,1.1284,1.1616,1.1711,1.1016,0.9547,0.8316,0.7859,0.7811,0.7891,0.9058,1.1089,1.309,1.763,1.5945,1.2223,1.0258,0.8225,0.7786,0.6461,0.5188,0.4587,0.4848,0.624,0.8757,1.0261,0.896,0.693,0.5438,0.4488,0.3887,0.3501,0.3252,0.3096,0.3009,0.2972,1.0133,1.0325,1.0399,1.0219,0.9642,0.881,0.8136,0.7862,0.7747,0.7693,0.8527,1.1463,1.2585,1.1965,1.2383,1.3384,1.1448,0.8597,0.7354,0.5583,0.3941,0.3346,0.4057,0.6421,1.1009,1.3768,1.0692,0.7289,0.5287,0.4177,0.3535,0.3145,0.2906,0.2771,0.2712,0.2707,0.9444,0.9498,0.9438,0.9205,0.8786,0.8279,0.7842,0.7518,0.7086,0.6389,0.5997,0.6991,0.8183,0.6433,1.0556,1.3527,0.9349,0.813,0.5876,0.3313,0.0912,0.063,0.2232,0.4957,0.9077,1.149,0.9101,0.6189,0.4454,0.3515,0.2979,0.2649,0.245,0.2357,0.2348,0.2396,0.8846,0.882,0.8703,0.8476,0.8147,0.7759,0.7349,0.686,0.6059,0.4462,0.16,0.1876,0.4009,0.6394,0.7932,0.8872,0.8106,0.616,0.3371,0.0003,-0.4592,-0.3586,-0.0093,0.2503,0.4716,0.5818,0.5087,0.3853,0.3037,0.2575,0.2267,0.203,0.1879,0.1844,0.1912,0.2042,0.8334,0.8263,0.8122,0.7904,0.7613,0.7259,0.6832,0.6262,0.538,0.387,0.1795,0.2358,0.2296,0.2172,0.4564,0.5127,0.4491,0.2059,-0.0532,-0.2111,-0.5643,-0.451,-0.1293,0.052,0.1301,0.1299,0.1057,0.114,0.1418,0.1578,0.152,0.1325,0.118,0.1218,0.1408,0.1658,0.7895,0.7797,0.7644,0.743,0.7155,0.6816,0.6396,0.5856,0.5135,0.4231,0.3422,0.2978,0.1763,0.1194,0.0681,-0.0195,0.0126,-0.2872,-0.6232,-0.3905,-0.3379,-0.2752,-0.1515,-0.0855,-0.1425,-0.3025,-0.3391,-0.1676,0.0006,0.0812,0.089,0.0566,0.0328,0.0482,0.0872,0.1284,0.7515,0.74,0.7239,0.7028,0.6764,0.6442,0.605,0.5574,0.5007,0.4379,0.3756,0.3079,0.2071,0.0126,-0.6007,-0.873,-0.3235,-0.4069,-0.6216,-0.6317,-0.4406,-0.285,-0.1944,-0.1846,-0.3627,-0.8304,-0.9366,-0.3982,-0.0574,0.0569,0.0519,-0.016,-0.058,-0.0223,0.0424,0.0997,0.7183,0.7057,0.6892,0.6684,0.643,0.6126,0.5765,0.5344,0.4861,0.4323,0.3718,0.295,0.1745,-0.067,-0.5458,-0.7106,-0.3846,-0.4405,-0.8881,-1.0945,-0.6044,-0.3641,-0.2636,-0.2279,-0.3551,-0.873,-1.0016,-0.2111,0.0638,0.1013,0.0547,-0.0418,-0.0937,-0.047,0.027,0.0884,0.6891,0.6759,0.6592,0.6387,0.6143,0.5855,0.5521,0.5136,0.4697,0.4195,0.3599,0.2827,0.1714,0.0036,-0.1983,-0.2893,-0.2798,-0.3929,-0.6697,-0.7675,-0.563,-0.461,-0.3995,-0.2615,-0.1081,0.1217,0.7276,0.6278,0.3193,0.1798,0.0967,0.0146,-0.0292,-0.0045,0.0476,0.0966,0.6633,0.6496,0.6329,0.6129,0.5894,0.562,0.5306,0.4947,0.4538,0.4064,0.35,0.2799,0.1902,0.0802,-0.0309,-0.1117,-0.176,-0.2763,-0.4057,-0.4809,-0.5345,-0.7118,-0.7518,-0.4152,0.0192,0.6326,1.4153,0.985,0.363,0.185,0.1287,0.0831,0.0547,0.0589,0.0848,0.1164,0.6404,0.6264,0.6098,0.5903,0.5676,0.5416,0.5119,0.4781,0.4397,0.3956,0.344,0.283,0.2113,0.1314,0.0513,-0.022,-0.0943,-0.178,-0.272,-0.3774,-0.5684,-0.9438,-1.0595,-0.571,-0.0421,0.4275,0.724,0.4591,0.077,0.0831,0.1191,0.1159,0.1056,0.106,0.1187,0.1382,0.6199,0.6059,0.5895,0.5705,0.5487,0.5238,0.4957,0.464,0.4281,0.3874,0.341,0.2881,0.229,0.1653,0.1,0.035,-0.0322,-0.1058,-0.1908,-0.3024,-0.4805,-0.7193,-0.7621,-0.4592,-0.0871,0.2011,0.3224,0.2011,0.0319,0.0577,0.1109,0.1283,0.1312,0.1347,0.1435,0.1569]}]