docs/data/wind_grid.json
[{"header":{"la1":42.85,"la2":41.18,"lo1":11.55,"lo2":14.05,"nx":36,"ny":24,"dx":0.07143,"dy":0.07261,"parameterCategory":2,"parameterNumber":2,"parameterNumberName":"eastward_wind","parameterUnit":"m.s-1"},"data":[-1.0218,-1.0276,-1.0342,-1.0413,-1.0486,-1.0556,-1.0612,-1.0649,-1.0663,-1.0665,-1.0673,-1.0712,-1.0799,-1.0934,-1.1087,-1.1203,-1.1229,-1.1152,-1.0999,-1.0815,-1.0631,-1.046,-1.0308,-1.0171,-1.0047,-0.9933,-0.9828,-0.973,-0.9639,-0.9554,-0.9474,-0.94,-0.9332,-0.9269,-0.9212,-0.9161,-1.0244,-1.0314,-1.0396,-1.0489,-1.0591,-1.0692,-1.0778,-1.0829,-1.0834,-1.0806,-1.078,-1.0805,-1.092,-1.1136,-1.1412,-1.1635,-1.1686,-1.154,-1.1281,-1.1001,-1.0749,-1.0535,-1.0354,-1.0198,-1.0059,-0.9934,-0.9819,-0.9712,-0.9613,-0.9521,-0.9436,-0.9356,-0.9284,-0.9217,-0.9157,-0.9104,-1.0266,-1.0348,-1.0449,-1.0571,-1.0715,-1.0872,-1.1015,-1.1102,-1.1097,-1.1009,-1.0905,-1.088,-1.1013,-1.1348,-1.1839,-1.2275,-1.2359,-1.2056,-1.1602,-1.1184,-1.0852,-1.0595,-1.0388,-1.0215,-1.0063,-0.9927,-0.9802,-0.9686,-0.9579,-0.948,-0.9388,-0.9304,-0.9226,-0.9156,-0.9093,-0.9037,-1.0281,-1.0374,-1.0493,-1.065,-1.0852,-1.1099,-1.1358,-1.1541,-1.1536,-1.1329,-1.1061,-1.0915,-1.1028,-1.1489,-1.2295,-1.3102,-1.3222,-1.2613,-1.1876,-1.1309,-1.0913,-1.0628,-1.0406,-1.022,-1.0058,-0.9911,-0.9776,-0.9651,-0.9536,-0.9429,-0.9331,-0.924,-0.9158,-0.9083,-0.9017,-0.8959,-1.0285,-1.0384,-1.0519,-1.0708,-1.0978,-1.1356,-1.1832,-1.2258,-1.2309,-1.1858,-1.1255,-1.0878,-1.0893,-1.1392,-1.2429,-1.3597,-1.3744,-1.2845,-1.1927,-1.1311,-1.0913,-1.0631,-1.0408,-1.0216,-1.0043,-0.9885,-0.974,-0.9606,-0.9481,-0.9367,-0.9261,-0.9164,-0.9076,-0.8998,-0.8929,-0.8869,-1.0277,-1.0376,-1.0515,-1.072,-1.104,-1.1557,-1.2362,-1.332,-1.3599,-1.2633,-1.1422,-1.0711,-1.0557,-1.093,-1.1814,-1.2834,-1.302,-1.2349,-1.1653,-1.1183,-1.0865,-1.0619,-1.0403,-1.0205,-1.002,-0.985,-0.9692,-0.9547,-0.9414,-0.9291,-0.9177,-0.9074,-0.898,-0.8897,-0.8825,-0.8764,-1.0256,-1.0348,-1.0475,-1.0666,-1.0977,-1.1532,-1.2561,-1.4156,-1.4855,-1.3119,-1.1264,-1.0309,-1.0016,-1.0197,-1.0738,-1.1365,-1.1634,-1.1495,-1.1253,-1.1038,-1.0835,-1.0626,-1.0409,-1.0194,-0.999,-0.9802,-0.9631,-0.9474,-0.933,-0.9198,-0.9077,-0.8966,-0.8866,-0.8778,-0.8702,-0.8641,-1.0228,-1.0306,-1.0409,-1.0553,-1.0778,-1.1171,-1.1918,-1.3127,-1.3579,-1.1986,-1.0414,-0.9601,-0.9294,-0.9354,-0.9709,-1.021,-1.0651,-1.0932,-1.106,-1.1048,-1.0913,-1.0694,-1.044,-1.0185,-0.9949,-0.9738,-0.9551,-0.9382,-0.9229,-0.9087,-0.8956,-0.8837,-0.8729,-0.8635,-0.8557,-0.8495,-1.0199,-1.0263,-1.0339,-1.0429,-1.0537,-1.0668,-1.0823,-1.091,-1.056,-0.9755,-0.9116,-0.8694,-0.8431,-0.8427,-0.8777,-0.9434,-1.0215,-1.0898,-1.1305,-1.1376,-1.1182,-1.0854,-1.0498,-1.0169,-0.9886,-0.9649,-0.9446,-0.9268,-0.9106,-0.8955,-0.8813,-0.8682,-0.8565,-0.8464,-0.8383,-0.8321,-1.0174,-1.023,-1.0291,-1.0352,-1.0395,-1.037,-1.0153,-0.9496,-0.8286,-0.7634,-0.7889,-0.7807,-0.7447,-0.7292,-0.7734,-0.8819,-1.0255,-1.1561,-1.2248,-1.2196,-1.1702,-1.1096,-1.055,-1.0113,-0.9779,-0.9521,-0.9311,-0.9128,-0.8959,-0.8798,-0.8642,-0.8497,-0.8366,-0.8257,-0.8172,-0.8113,-1.0156,-1.0212,-1.0277,-1.035,-1.0421,-1.0454,-1.0304,-0.9426,-0.6696,-0.5447,-0.712,-0.7109,-0.6298,-0.5664,-0.6253,-0.819,-1.0902,-1.3484,-1.4483,-1.3748,-1.2457,-1.1327,-1.0511,-0.9962,-0.9595,-0.9339,-0.9139,-0.8962,-0.8789,-0.8614,-0.8439,-0.8271,-0.8122,-0.8,-0.7912,-0.7859,-1.0142,-1.0204,-1.0285,-1.0397,-1.0562,-1.082,-1.1204,-1.1303,-0.8915,-0.6925,-0.7368,-0.6669,-0.5134,-0.3244,-0.4144,-0.7603,-1.2505,-1.8201,-1.9305,-1.6093,-1.3153,-1.1297,-1.0225,-0.9632,-0.93,-0.9093,-0.8932,-0.8774,-0.8598,-0.8403,-0.8196,-0.7994,-0.7816,-0.7677,-0.7588,-0.7548,-1.0129,-1.0196,-1.0292,-1.0436,-1.0674,-1.1103,-1.1885,-1.2895,-1.1786,-0.9329,-0.7834,-0.6406,-0.5087,-0.2361,-0.3212,-0.7838,-1.4298,-2.5619,-2.5817,-1.7654,-1.2909,-1.056,-0.9485,-0.9047,-0.8879,-0.8795,-0.8708,-0.8579,-0.8397,-0.8165,-0.7903,-0.7643,-0.742,-0.726,-0.7174,-0.7159,-1.011,-1.0178,-1.0275,-1.0421,-1.0655,-1.1043,-1.1643,-1.2272,-1.1639,-0.9787,-0.8221,-0.6145,-0.5406,-0.5127,-0.614,-0.9351,-1.3616,-2.024,-2.1038,-1.4986,-1.0636,-0.8626,-0.8117,-0.8193,-0.8371,-0.8491,-0.8506,-0.8408,-0.8201,-0.79,-0.7542,-0.7184,-0.6889,-0.6702,-0.6635,-0.667,-1.0085,-1.0147,-1.0232,-1.0352,-1.0524,-1.0759,-1.1022,-1.1109,-1.0658,-0.994,-0.9401,-0.8485,-0.7347,-0.6957,-0.7922,-1.1587,-1.4464,-1.3835,-1.3135,-0.977,-0.6046,-0.513,-0.6152,-0.7216,-0.7904,-0.827,-0.8391,-0.8305,-0.8036,-0.7608,-0.708,-0.6554,-0.6147,-0.5937,-0.5924,-0.6056,-1.0054,-1.0106,-1.0173,-1.0257,-1.0361,-1.0472,-1.0547,-1.0505,-1.0355,-1.0449,-1.1279,-1.0816,-0.9927,-0.8844,-0.9413,-1.155,-1.3305,-1.1508,-0.9276,-0.5329,0.0397,-0.0569,-0.4288,-0.6526,-0.769,-0.8258,-0.8443,-0.8328,-0.7937,-0.7289,-0.6464,-0.5645,-0.5068,-0.4863,-0.4986,-0.5301,-1.0021,-1.0062,-1.011,-1.0166,-1.0224,-1.0275,-1.0298,-1.0291,-1.0328,-1.0621,-1.1255,-1.1002,-1.187,-1.2424,-1.0778,-1.0721,-1.0443,-0.8705,-0.6705,-0.4222,0.1219,-0.0073,-0.418,-0.6617,-0.7915,-0.8556,-0.8738,-0.8537,-0.7951,-0.6953,-0.562,-0.4294,-0.3473,-0.3374,-0.3795,-0.4423,-0.9987,-1.0019,-1.0053,-1.009,-1.0126,-1.0156,-1.0178,-1.0207,-1.0288,-1.0477,-1.0725,-1.1063,-1.2369,-1.2738,-1.1639,-1.1219,-0.9578,-0.6189,-0.3633,-0.5128,-0.4132,-0.4161,-0.5841,-0.743,-0.8532,-0.9155,-0.9288,-0.8956,-0.8122,-0.6643,-0.4518,-0.2356,-0.124,-0.1483,-0.245,-0.3532,-0.9955,-0.998,-1.0006,-1.0032,-1.0058,-1.0083,-1.0111,-1.0155,-1.0236,-1.0372,-1.057,-1.0892,-1.139,-1.1783,-1.291,-1.3409,-1.0237,-0.6755,-0.5106,-0.6851,-0.6869,-0.6865,-0.7508,-0.8396,-0.9213,-0.9774,-0.9859,-0.9457,-0.8446,-0.6489,-0.342,-0.0189,0.1162,0.032,-0.1322,-0.2855,-0.9926,-0.9946,-0.9966,-0.9988,-1.001,-1.0034,-1.0066,-1.0112,-1.0185,-1.0295,-1.0454,-1.0682,-1.0994,-1.1496,-1.2571,-1.277,-1.0478,-0.8455,-0.8369,-0.8749,-0.8212,-0.8337,-0.8765,-0.9224,-0.9681,-0.9985,-1.0027,-0.9896,-0.8899,-0.6718,-0.3167,0.0611,0.2048,0.0921,-0.098,-0.2662,-0.99,-0.9916,-0.9934,-0.9952,-0.9972,-0.9996,-1.0027,-1.0071,-1.0134,-1.0222,-1.0342,-1.0501,-1.0712,-1.1002,-1.1304,-1.1092,-1.0088,-0.9074,-0.8711,-0.8748,-0.8996,-0.9638,-1.0063,-1.0067,-1.0151,-1.0549,-1.1193,-1.0837,-0.9523,-0.7362,-0.4222,-0.1024,0.0389,-0.0235,-0.1661,-0.3051,-0.9877,-0.989,-0.9905,-0.9921,-0.994,-0.9962,-0.9991,-1.0029,-1.008,-1.0147,-1.0232,-1.0335,-1.0451,-1.056,-1.0578,-1.0351,-0.9865,-0.9373,-0.915,-0.9315,-1.0081,-1.1412,-1.1847,-1.1059,-1.0613,-1.1043,-1.1882,-1.1366,-0.9916,-0.8029,-0.5704,-0.3473,-0.2239,-0.2242,-0.2955,-0.3843,-0.9855,-0.9866,-0.9879,-0.9894,-0.991,-0.993,-0.9955,-0.9986,-1.0026,-1.0074,-1.0129,-1.0188,-1.0239,-1.026,-1.0208,-1.0044,-0.9794,-0.9576,-0.9549,-0.9895,-1.0897,-1.251,-1.2926,-1.1685,-1.0834,-1.0826,-1.1089,-1.076,-0.9772,-0.8404,-0.6825,-0.5345,-0.4376,-0.4085,-0.4301,-0.4759,-0.9834,-0.9844,-0.9855,-0.9868,-0.9882,-0.9899,-0.9919,-0.9943,-0.9972,-1.0004,-1.0037,-1.0066,-1.0082,-1.007,-1.0014,-0.9908,-0.9783,-0.9707,-0.9783,-1.0138,-1.0895,-1.1858,-1.2104,-1.1417,-1.0761,-1.0511,-1.0421,-1.0119,-0.9473,-0.8559,-0.7515,-0.6529,-0.5805,-0.5449,-0.542,-0.5602]},{"header":{"la1":42.85,"la2":41.18,"lo1":11.55,"lo2":14.05,"nx":36,"ny":24,"dx":0.07143,"dy":0.07261,"parameterCategory":2,"parameterNumber":3,"parameterNumberName":"northward_wind","parameterUnit":"m.s-1"},"data":[-0.3724,-0.3577,-0.3409,-0.3225,-0.304,-0.2874,-0.2759,-0.2726,-0.28,-0.2981,-0.325,-0.3574,-0.3919,-0.4253,-0.454,-0.4741,-0.4828,-0.4804,-0.4704,-0.4572,-0.4439,-0.432,-0.4221,-0.4142,-0.4083,-0.404,-0.4013,-0.3998,-0.3994,-0.3999,-0.4011,-0.4028,-0.405,-0.4075,-0.4101,-0.4127,-0.3718,-0.3538,-0.3321,-0.307,-0.2797,-0.2532,-0.2324,-0.2236,-0.2316,-0.2571,-0.2963,-0.343,-0.3921,-0.4402,-0.4827,-0.5124,-0.5222,-0.513,-0.4931,-0.4709,-0.451,-0.4348,-0.4222,-0.4127,-0.4059,-0.4012,-0.3983,-0.397,-0.3969,-0.3978,-0.3996,-0.4019,-0.4046,-0.4077,-0.4108,-0.4139,-0.3737,-0.3523,-0.325,-0.2911,-0.2512,-0.2086,-0.1707,-0.1495,-0.1567,-0.1945,-0.2538,-0.3217,-0.3908,-0.459,-0.5231,-0.5697,-0.5804,-0.5565,-0.5191,-0.484,-0.4562,-0.4355,-0.4203,-0.4095,-0.402,-0.3971,-0.3944,-0.3934,-0.3939,-0.3954,-0.3979,-0.401,-0.4045,-0.4082,-0.412,-0.4156,-0.3794,-0.3551,-0.322,-0.278,-0.2211,-0.1529,-0.0829,-0.0342,-0.0361,-0.0969,-0.192,-0.2919,-0.3851,-0.4755,-0.5679,-0.6426,-0.6536,-0.6034,-0.5411,-0.4916,-0.4566,-0.4324,-0.4155,-0.4039,-0.3963,-0.3916,-0.3894,-0.389,-0.3903,-0.3927,-0.3961,-0.4002,-0.4046,-0.4091,-0.4137,-0.418,-0.3902,-0.3644,-0.327,-0.2732,-0.1966,-0.0919,0.0357,0.1471,0.1639,0.054,-0.11,-0.2566,-0.3731,-0.4765,-0.5861,-0.6851,-0.6969,-0.6232,-0.5439,-0.4871,-0.4494,-0.4242,-0.4071,-0.3957,-0.3885,-0.3845,-0.3831,-0.3838,-0.3862,-0.3898,-0.3944,-0.3996,-0.4052,-0.4108,-0.4162,-0.4213,-0.4072,-0.3825,-0.3444,-0.2852,-0.1925,-0.0479,0.1653,0.4066,0.4788,0.2585,-0.0284,-0.2316,-0.3618,-0.458,-0.5488,-0.6288,-0.6411,-0.5831,-0.5169,-0.4675,-0.4337,-0.4106,-0.395,-0.3847,-0.3786,-0.3758,-0.3757,-0.3777,-0.3816,-0.3867,-0.3929,-0.3996,-0.4065,-0.4134,-0.4198,-0.4257,-0.4308,-0.4108,-0.3776,-0.3222,-0.2284,-0.0665,0.2112,0.6069,0.7715,0.3889,-0.017,-0.2458,-0.3682,-0.4418,-0.4954,-0.5337,-0.5399,-0.5116,-0.4723,-0.4378,-0.4115,-0.3925,-0.3794,-0.3711,-0.3666,-0.3655,-0.367,-0.3709,-0.3766,-0.3837,-0.3918,-0.4004,-0.409,-0.4173,-0.425,-0.4318,-0.4602,-0.4487,-0.4269,-0.3869,-0.3146,-0.1842,0.0441,0.3701,0.4946,0.1744,-0.1399,-0.3127,-0.4027,-0.4496,-0.4727,-0.4805,-0.474,-0.4548,-0.4299,-0.406,-0.3862,-0.3713,-0.361,-0.3549,-0.3525,-0.3534,-0.3572,-0.3633,-0.3714,-0.381,-0.3915,-0.4024,-0.4131,-0.4232,-0.4322,-0.4399,-0.4935,-0.4933,-0.488,-0.4729,-0.4392,-0.3736,-0.2644,-0.1382,-0.1046,-0.1998,-0.316,-0.4041,-0.4587,-0.4836,-0.4843,-0.4682,-0.4444,-0.4194,-0.3963,-0.3764,-0.3602,-0.3481,-0.3402,-0.3364,-0.3364,-0.3398,-0.3461,-0.3551,-0.3661,-0.3788,-0.3924,-0.4063,-0.4196,-0.4318,-0.4423,-0.4509,-0.5273,-0.5398,-0.5535,-0.5674,-0.5781,-0.578,-0.5525,-0.4867,-0.398,-0.3684,-0.4228,-0.4835,-0.5252,-0.5415,-0.5238,-0.4796,-0.4315,-0.3947,-0.3694,-0.3499,-0.3342,-0.323,-0.3168,-0.3153,-0.318,-0.3243,-0.3339,-0.3463,-0.3611,-0.3777,-0.3953,-0.4129,-0.4294,-0.4441,-0.4562,-0.4657,-0.5581,-0.5825,-0.6145,-0.6566,-0.7115,-0.7761,-0.8225,-0.7479,-0.4085,-0.2588,-0.4597,-0.5481,-0.6012,-0.6343,-0.5974,-0.5026,-0.4168,-0.3727,-0.3506,-0.3281,-0.3079,-0.2951,-0.2898,-0.2909,-0.297,-0.3069,-0.3203,-0.3368,-0.3564,-0.3781,-0.4009,-0.4234,-0.4441,-0.4617,-0.4755,-0.4854,-0.5824,-0.616,-0.662,-0.7267,-0.8198,-0.9531,-1.1258,-1.2172,-0.8074,-0.4772,-0.5595,-0.6092,-0.6773,-0.7896,-0.7156,-0.5127,-0.3762,-0.3679,-0.3655,-0.3164,-0.2789,-0.261,-0.257,-0.2621,-0.2727,-0.2871,-0.3049,-0.3266,-0.3521,-0.3807,-0.4107,-0.4398,-0.4658,-0.4869,-0.5022,-0.5119,-0.5978,-0.6362,-0.6892,-0.7649,-0.877,-1.0487,-1.3079,-1.5871,-1.3376,-0.8391,-0.655,-0.6684,-0.6941,-0.8366,-0.7504,-0.417,-0.2513,-0.4351,-0.4441,-0.2987,-0.2348,-0.2131,-0.2142,-0.2272,-0.2447,-0.2643,-0.2872,-0.3149,-0.3483,-0.3863,-0.4265,-0.465,-0.4981,-0.5232,-0.5393,-0.5472,-0.6032,-0.6415,-0.6934,-0.7657,-0.869,-1.0185,-1.2217,-1.4143,-1.2573,-0.824,-0.6269,-0.7301,-0.759,-0.4357,-0.4401,-0.046,0.2416,-0.1433,-0.2827,-0.2045,-0.1527,-0.1369,-0.1553,-0.1853,-0.2129,-0.2378,-0.2651,-0.2998,-0.3439,-0.3959,-0.4513,-0.5037,-0.5465,-0.5756,-0.5906,-0.5939,-0.5994,-0.6335,-0.6778,-0.7356,-0.8108,-0.904,-0.9997,-1.0313,-0.8807,-0.6161,-0.4604,-0.4686,-0.4609,-0.4026,-0.229,0.6919,1.6669,0.5342,0.004,-0.0748,-0.0073,-0.0041,-0.076,-0.14,-0.179,-0.205,-0.2341,-0.277,-0.3369,-0.4105,-0.4899,-0.5635,-0.6197,-0.652,-0.6617,-0.6549,-0.5884,-0.6159,-0.6493,-0.6888,-0.733,-0.7746,-0.794,-0.7533,-0.6185,-0.4107,-0.1958,-0.2866,-0.3094,-0.2927,-0.1139,0.5836,1.228,0.4389,-0.0373,-0.0225,0.2555,0.1997,-0.001,-0.1061,-0.1442,-0.1582,-0.1827,-0.2373,-0.323,-0.4315,-0.5496,-0.6572,-0.7318,-0.763,-0.7579,-0.7319,-0.5728,-0.5931,-0.6155,-0.6387,-0.6589,-0.6685,-0.654,-0.5986,-0.4929,-0.3457,-0.2021,-0.2342,-0.1259,-0.0461,-0.123,0.0273,0.0984,-0.2129,-0.4524,-0.2045,0.2712,0.203,-0.0162,-0.1013,-0.1014,-0.0746,-0.0851,-0.1644,-0.2964,-0.4604,-0.6405,-0.8029,-0.9013,-0.9192,-0.8818,-0.8226,-0.5551,-0.5688,-0.5821,-0.5932,-0.5984,-0.5923,-0.5676,-0.5182,-0.4444,-0.3585,-0.2876,-0.2324,-0.0864,-0.0531,-0.2284,-0.2833,-0.3573,-0.7798,-1.1774,-0.6474,-0.2233,-0.1048,-0.1263,-0.1153,-0.0303,0.092,0.1067,-0.043,-0.2583,-0.4989,-0.7678,-1.0145,-1.1386,-1.1176,-1.022,-0.9155,-0.5372,-0.5455,-0.5521,-0.5553,-0.5524,-0.5401,-0.515,-0.4757,-0.4246,-0.3692,-0.3185,-0.2707,-0.2266,-0.2585,-0.421,-0.4816,-0.4892,-0.7892,-1.0122,-0.7431,-0.495,-0.3145,-0.2202,-0.1286,0.0545,0.357,0.415,0.0818,-0.2418,-0.5439,-0.9019,-1.2487,-1.3903,-1.3052,-1.1398,-0.987,-0.5202,-0.5245,-0.5266,-0.5251,-0.5184,-0.5045,-0.4823,-0.4517,-0.4152,-0.3769,-0.3416,-0.3137,-0.3048,-0.3418,-0.4332,-0.4718,-0.4966,-0.6336,-0.7552,-0.7797,-0.5727,-0.3778,-0.2583,-0.1591,0.0169,0.3679,0.4422,-0.0351,-0.3196,-0.5839,-0.9526,-1.3361,-1.4814,-1.368,-1.1774,-1.0097,-0.505,-0.5064,-0.5056,-0.5016,-0.4934,-0.4801,-0.4613,-0.4376,-0.4108,-0.3837,-0.3599,-0.344,-0.3429,-0.3641,-0.4022,-0.4352,-0.4778,-0.5576,-0.6487,-0.6532,-0.4941,-0.3213,-0.2303,-0.1985,-0.1761,-0.23,-0.5359,-0.5317,-0.4848,-0.6083,-0.8787,-1.1807,-1.3176,-1.2549,-1.1128,-0.9746,-0.4915,-0.4911,-0.4886,-0.4835,-0.4751,-0.463,-0.4475,-0.429,-0.409,-0.3895,-0.3732,-0.3632,-0.3628,-0.3739,-0.3941,-0.4187,-0.4498,-0.4879,-0.5123,-0.4745,-0.3382,-0.1627,-0.1088,-0.1837,-0.3019,-0.5497,-0.8706,-0.7507,-0.5897,-0.6138,-0.7677,-0.9557,-1.0658,-1.0614,-0.989,-0.9001,-0.48,-0.4784,-0.475,-0.4694,-0.4614,-0.4509,-0.4381,-0.4235,-0.4083,-0.3939,-0.3822,-0.375,-0.3741,-0.3798,-0.3912,-0.406,-0.4221,-0.4335,-0.4241,-0.3671,-0.235,-0.0555,-0.0128,-0.1468,-0.3108,-0.5016,-0.6568,-0.6461,-0.5857,-0.597,-0.6806,-0.789,-0.8667,-0.8871,-0.8616,-0.8141,-0.4702,-0.4678,-0.464,-0.4585,-0.4512,-0.4421,-0.4314,-0.4198,-0.408,-0.397,-0.3881,-0.3824,-0.3806,-0.3829,-0.3884,-0.3953,-0.4005,-0.398,-0.3775,-0.3251,-0.2313,-0.1242,-0.099,-0.1834,-0.3035,-0.4229,-0.5108,-0.5405,-0.5436,-0.5657,-0.6176,-0.6825,-0.7352,-0.7599,-0.7568,-0.7353]}]