docs/data/wind_grid.json
[{"header":{"la1":42.85,"la2":41.18,"lo1":11.55,"lo2":14.05,"nx":36,"ny":24,"dx":0.07143,"dy":0.07261,"parameterCategory":2,"parameterNumber":2,"parameterNumberName":"eastward_wind","parameterUnit":"m.s-1"},"data":[-0.1702,-0.1772,-0.1834,-0.189,-0.1939,-0.1978,-0.2001,-0.1999,-0.1969,-0.1915,-0.1853,-0.1805,-0.1787,-0.1802,-0.1844,-0.189,-0.1905,-0.1842,-0.1663,-0.1359,-0.0974,-0.0605,-0.0342,-0.0222,-0.0216,-0.0272,-0.0346,-0.0412,-0.0463,-0.0497,-0.0517,-0.0527,-0.0529,-0.0525,-0.0518,-0.0508,-0.1853,-0.1937,-0.2014,-0.2085,-0.2154,-0.2218,-0.2267,-0.2278,-0.2236,-0.2145,-0.2036,-0.1949,-0.1916,-0.1948,-0.2036,-0.2149,-0.2233,-0.2205,-0.1973,-0.149,-0.0834,-0.0213,0.0161,0.0236,0.0119,-0.0061,-0.0228,-0.0354,-0.0441,-0.0495,-0.0526,-0.0542,-0.0546,-0.0544,-0.0537,-0.0528,-0.2026,-0.2128,-0.222,-0.231,-0.2407,-0.2516,-0.2622,-0.2677,-0.2627,-0.2467,-0.2262,-0.21,-0.2037,-0.2089,-0.2246,-0.2475,-0.2702,-0.2787,-0.252,-0.1731,-0.0512,0.0641,0.1167,0.1032,0.0611,0.0199,-0.0107,-0.0309,-0.0434,-0.0507,-0.0546,-0.0565,-0.0571,-0.0568,-0.0561,-0.0551,-0.2227,-0.235,-0.2459,-0.2565,-0.2694,-0.2878,-0.311,-0.3291,-0.3256,-0.2955,-0.2553,-0.2247,-0.2127,-0.2203,-0.2457,-0.2864,-0.3363,-0.3756,-0.3601,-0.2331,0.0113,0.2518,0.3163,0.2302,0.1222,0.0445,-0.003,-0.0304,-0.0457,-0.0539,-0.0581,-0.0599,-0.0603,-0.0599,-0.0591,-0.058,-0.2462,-0.2615,-0.2739,-0.2849,-0.2997,-0.3279,-0.3766,-0.4303,-0.4374,-0.3741,-0.2912,-0.2353,-0.2153,-0.226,-0.2631,-0.3273,-0.4221,-0.535,-0.5867,-0.4104,0.0823,0.6243,0.6553,0.3796,0.1685,0.053,-0.0064,-0.0368,-0.0523,-0.0599,-0.0633,-0.0645,-0.0644,-0.0637,-0.0626,-0.0613,-0.2737,-0.2934,-0.3079,-0.3172,-0.3286,-0.3627,-0.451,-0.5926,-0.6419,-0.4919,-0.3235,-0.2331,-0.207,-0.2233,-0.2721,-0.3584,-0.5074,-0.7563,-1.0303,-0.8759,-0.0633,0.8702,0.8389,0.3985,0.145,0.0277,-0.0264,-0.0518,-0.0635,-0.0686,-0.0703,-0.0703,-0.0694,-0.0682,-0.0668,-0.0653,-0.3052,-0.3318,-0.3499,-0.3563,-0.3557,-0.3762,-0.4821,-0.7371,-0.8714,-0.5713,-0.3106,-0.2038,-0.1844,-0.2128,-0.2723,-0.3665,-0.5379,-0.893,-1.4744,-1.3963,-0.5238,0.1698,0.3258,0.1581,0.0309,-0.0323,-0.0612,-0.0738,-0.0785,-0.0795,-0.0786,-0.0771,-0.0753,-0.0735,-0.0717,-0.0699,-0.3393,-0.3742,-0.3948,-0.3985,-0.3877,-0.369,-0.4064,-0.5656,-0.6433,-0.4019,-0.2053,-0.1396,-0.149,-0.2018,-0.278,-0.3628,-0.4879,-0.7416,-1.0977,-1.0544,-0.7638,-0.5286,-0.2542,-0.1361,-0.1079,-0.1027,-0.101,-0.0986,-0.0954,-0.0916,-0.088,-0.0847,-0.0819,-0.0795,-0.0774,-0.0753,-0.3738,-0.419,-0.4269,-0.4026,-0.4303,-0.3749,-0.2921,-0.2469,-0.1829,-0.0813,-0.0369,-0.0526,-0.1063,-0.2012,-0.3309,-0.4122,-0.4389,-0.5335,-0.6759,-0.7866,-1.0262,-0.9254,-0.5294,-0.3017,-0.2008,-0.1568,-0.1354,-0.1223,-0.1123,-0.1043,-0.0979,-0.093,-0.0894,-0.0865,-0.084,-0.0817,-0.4066,-0.4816,-0.5291,-0.5403,-0.601,-0.4324,-0.2147,-0.0257,0.1814,0.2648,0.1472,0.0359,-0.056,-0.1953,-0.4859,-0.6409,-0.4525,-0.4328,-0.5069,-0.6423,-0.8646,-0.8018,-0.519,-0.329,-0.2333,-0.1878,-0.1627,-0.1445,-0.1294,-0.1173,-0.1083,-0.102,-0.0977,-0.0945,-0.0919,-0.0894,-0.4262,-0.5521,-0.7703,-1.1766,-1.0856,-0.5226,-0.1674,0.0777,0.4968,0.6986,0.29,0.1008,0.0051,-0.1064,-0.4063,-0.6295,-0.407,-0.4128,-0.4615,-0.4881,-0.5237,-0.4877,-0.3747,-0.2803,-0.2328,-0.2118,-0.1931,-0.1702,-0.1481,-0.1308,-0.1191,-0.1117,-0.1072,-0.1041,-0.1015,-0.0989,-0.4099,-0.5473,-0.7883,-1.1371,-1.0212,-0.4479,-0.1241,-0.0036,0.2608,0.4635,0.251,0.1335,0.0603,0.0016,-0.0644,-0.1887,-0.3113,-0.5757,-0.6452,-0.4699,-0.3524,-0.2869,-0.2397,-0.2246,-0.2469,-0.2674,-0.2482,-0.2067,-0.1695,-0.1445,-0.1301,-0.1224,-0.1185,-0.116,-0.1136,-0.1106,-0.3525,-0.4498,-0.5766,-0.6688,-0.5469,-0.2639,-0.0927,-0.0931,-0.0102,0.1589,0.1902,0.1837,0.1358,0.023,0.0249,-0.0058,-0.25,-1.1159,-1.1516,-0.5033,-0.2347,-0.1364,-0.1263,-0.1929,-0.3279,-0.4111,-0.3479,-0.2523,-0.1894,-0.1562,-0.1409,-0.1348,-0.1327,-0.1314,-0.1292,-0.1256,-0.2742,-0.3243,-0.3664,-0.363,-0.2759,-0.1445,-0.0618,-0.0549,0.002,0.1398,0.2123,0.2507,0.2512,0.1852,0.1431,0.239,-0.0327,-0.6139,-0.7165,-0.2897,-0.0325,0.0512,0.0058,-0.1547,-0.4373,-0.5961,-0.4369,-0.2764,-0.1961,-0.1628,-0.1519,-0.1506,-0.152,-0.1523,-0.1499,-0.1448,-0.196,-0.2147,-0.2189,-0.1941,-0.1355,-0.0629,-0.0055,0.0371,0.1116,0.2236,0.301,0.2955,0.2402,0.1983,0.1844,0.2458,-0.6568,-0.274,-0.1313,0.0981,0.3184,0.3407,0.1955,-0.0289,-0.3169,-0.4717,-0.3608,-0.2388,-0.1822,-0.165,-0.1661,-0.1734,-0.1799,-0.1817,-0.1778,-0.1694,-0.1278,-0.1293,-0.1186,-0.0908,-0.0466,0.0061,0.0597,0.1198,0.2059,0.3359,0.5125,0.4076,0.3424,0.2646,0.198,-0.0549,-0.4515,-0.0577,0.2264,0.477,0.8087,0.7194,0.4084,0.1511,-0.0619,-0.1813,-0.1882,-0.1661,-0.1606,-0.1712,-0.1898,-0.2091,-0.2218,-0.2235,-0.215,-0.2003,-0.0714,-0.0639,-0.0473,-0.0197,0.018,0.0633,0.1149,0.1767,0.2575,0.3682,0.4961,0.4367,0.4256,0.439,0.3692,0.2904,0.251,0.4472,0.6668,0.7331,0.9075,0.8124,0.5182,0.2773,0.0973,-0.015,-0.0749,-0.1162,-0.1547,-0.1927,-0.2305,-0.2645,-0.2839,-0.2815,-0.2625,-0.2366,-0.0253,-0.0132,0.006,0.0328,0.0671,0.1081,0.1557,0.2113,0.276,0.3459,0.4005,0.4242,0.4707,0.5201,0.7159,0.8244,0.7386,0.9558,1.2302,1.0174,0.8753,0.7432,0.5477,0.3342,0.1526,0.0396,-0.0281,-0.1053,-0.1786,-0.2369,-0.2905,-0.3419,-0.3688,-0.3548,-0.3166,-0.2747,0.0123,0.0269,0.0471,0.0731,0.1049,0.1423,0.1853,0.2335,0.2861,0.3396,0.3899,0.4441,0.5307,0.7488,1.4446,1.7429,1.1116,1.1293,1.33,1.4578,1.1513,0.8488,0.6063,0.3641,0.1444,0.053,0.0281,-0.1293,-0.2463,-0.3072,-0.3592,-0.4227,-0.4566,-0.4245,-0.3639,-0.3065,0.0432,0.0591,0.0795,0.1045,0.1343,0.1686,0.2074,0.2503,0.2967,0.3463,0.4014,0.4737,0.5959,0.8582,1.3836,1.5617,1.1902,1.263,1.931,2.2598,1.4509,1.0013,0.7193,0.4183,0.1123,0.0109,0.0013,-0.3018,-0.3984,-0.4115,-0.4206,-0.4578,-0.4865,-0.4506,-0.385,-0.3231,0.0687,0.0852,0.1053,0.1293,0.1572,0.189,0.2246,0.2639,0.3071,0.3554,0.4127,0.4888,0.6031,0.7811,0.9975,1.0912,1.0765,1.2249,1.6164,1.7481,1.3911,1.1656,0.9739,0.5821,0.0795,-0.3933,-0.8883,-0.8257,-0.645,-0.5652,-0.4986,-0.463,-0.4569,-0.4291,-0.3776,-0.3231,0.0897,0.1064,0.1261,0.149,0.1753,0.2049,0.2379,0.2744,0.3151,0.3615,0.4166,0.486,0.5768,0.6898,0.8042,0.885,0.9509,1.0677,1.2268,1.304,1.3395,1.5725,1.6002,0.9569,0.1505,-0.6493,-1.3372,-1.0975,-0.8804,-0.7891,-0.6336,-0.5112,-0.4483,-0.4059,-0.3604,-0.3132,0.1071,0.1236,0.1427,0.1646,0.1893,0.217,0.2477,0.2818,0.3199,0.363,0.4132,0.4728,0.5433,0.6223,0.7009,0.7717,0.8425,0.9289,1.0286,1.1428,1.3875,1.9459,2.1268,1.2693,0.3269,-0.4066,-0.851,-0.9759,-1.1864,-1.0743,-0.7846,-0.5789,-0.4642,-0.3962,-0.3448,-0.2997,0.1215,0.1376,0.156,0.1768,0.2001,0.2259,0.2545,0.2861,0.3212,0.3604,0.4048,0.4552,0.5114,0.5716,0.6324,0.6922,0.7539,0.8232,0.9067,1.0279,1.2531,1.5907,1.634,1.0884,0.3965,-0.1707,-0.5747,-0.9171,-1.2227,-1.1108,-0.817,-0.5989,-0.4667,-0.3852,-0.3284,-0.2835]},{"header":{"la1":42.85,"la2":41.18,"lo1":11.55,"lo2":14.05,"nx":36,"ny":24,"dx":0.07143,"dy":0.07261,"parameterCategory":2,"parameterNumber":3,"parameterNumberName":"northward_wind","parameterUnit":"m.s-1"},"data":[-0.2373,-0.227,-0.2162,-0.2052,-0.1945,-0.1853,-0.1795,-0.1795,-0.1873,-0.2029,-0.225,-0.2509,-0.2785,-0.3065,-0.3341,-0.3608,-0.3854,-0.4061,-0.4209,-0.4286,-0.4298,-0.4266,-0.4211,-0.4151,-0.4094,-0.4046,-0.4009,-0.3987,-0.3978,-0.3981,-0.3996,-0.402,-0.4051,-0.4087,-0.4127,-0.4168,-0.2276,-0.2146,-0.2007,-0.1856,-0.1696,-0.1537,-0.1411,-0.1365,-0.1443,-0.1653,-0.196,-0.2313,-0.2674,-0.3028,-0.3375,-0.3717,-0.4041,-0.4316,-0.4499,-0.4565,-0.4527,-0.4434,-0.4328,-0.4231,-0.4148,-0.408,-0.403,-0.3999,-0.3986,-0.3989,-0.4006,-0.4034,-0.4071,-0.4113,-0.4159,-0.4206,-0.2173,-0.2014,-0.184,-0.1641,-0.1406,-0.1139,-0.088,-0.0728,-0.0792,-0.1098,-0.1562,-0.2066,-0.2544,-0.2987,-0.3418,-0.3859,-0.4304,-0.4698,-0.4944,-0.4969,-0.4812,-0.46,-0.4425,-0.4294,-0.4188,-0.4102,-0.4039,-0.4001,-0.3986,-0.3991,-0.4013,-0.4049,-0.4093,-0.4143,-0.4197,-0.425,-0.2063,-0.187,-0.1659,-0.1413,-0.1091,-0.0653,-0.0132,0.0278,0.0276,-0.0237,-0.1016,-0.1775,-0.2407,-0.2944,-0.346,-0.4026,-0.4665,-0.5297,-0.5688,-0.5605,-0.5136,-0.4673,-0.4436,-0.4313,-0.4203,-0.4105,-0.4032,-0.399,-0.3976,-0.3987,-0.4018,-0.4063,-0.4118,-0.4179,-0.4242,-0.4304,-0.194,-0.17,-0.1452,-0.1178,-0.079,-0.0126,0.0899,0.1968,0.2183,0.1148,-0.0313,-0.1488,-0.2296,-0.2899,-0.3474,-0.4175,-0.5115,-0.6256,-0.7096,-0.6789,-0.5482,-0.4458,-0.4283,-0.428,-0.4188,-0.4082,-0.4003,-0.3962,-0.3954,-0.3976,-0.4019,-0.4078,-0.4148,-0.4222,-0.4297,-0.437,-0.1797,-0.1472,-0.1161,-0.0902,-0.0561,0.0263,0.2075,0.4724,0.5664,0.3194,0.036,-0.135,-0.2269,-0.2853,-0.3412,-0.4196,-0.5498,-0.7606,-0.9898,-0.9376,-0.6186,-0.4214,-0.4162,-0.4241,-0.414,-0.4025,-0.3947,-0.3913,-0.392,-0.3958,-0.402,-0.4098,-0.4186,-0.4277,-0.4367,-0.4452,-0.1644,-0.1143,-0.0642,-0.0398,-0.0385,0.0184,0.2462,0.72,0.9556,0.4576,0.0304,-0.1596,-0.2379,-0.2796,-0.322,-0.3939,-0.5377,-0.8324,-1.2954,-1.2442,-0.7106,-0.4818,-0.4342,-0.4187,-0.4038,-0.3922,-0.3857,-0.3843,-0.3871,-0.3934,-0.4021,-0.4125,-0.4237,-0.435,-0.4457,-0.4555,-0.1549,-0.0753,0.0314,0.0834,0.0005,-0.0486,0.0795,0.414,0.5694,0.1831,-0.1228,-0.2324,-0.2601,-0.2697,-0.288,-0.3354,-0.4455,-0.6676,-0.9623,-0.8922,-0.5457,-0.433,-0.4122,-0.3981,-0.3855,-0.3769,-0.3733,-0.3749,-0.381,-0.3907,-0.4029,-0.4166,-0.4309,-0.4448,-0.4576,-0.4689,-0.1682,-0.0692,0.1221,0.2839,0.0412,-0.1549,-0.1868,-0.1616,-0.2131,-0.3421,-0.374,-0.3286,-0.2796,-0.2509,-0.2436,-0.2611,-0.324,-0.4366,-0.5374,-0.4864,-0.3212,-0.3289,-0.3654,-0.3672,-0.3612,-0.3571,-0.3576,-0.3633,-0.3738,-0.388,-0.4048,-0.4229,-0.4411,-0.4582,-0.4734,-0.4862,-0.2167,-0.1567,-0.0443,0.0288,-0.1897,-0.3146,-0.4052,-0.5637,-0.8473,-0.9448,-0.6582,-0.4074,-0.2776,-0.2207,-0.2044,-0.2059,-0.2354,-0.2934,-0.3476,-0.3576,-0.3244,-0.3232,-0.3356,-0.3365,-0.3339,-0.3336,-0.3386,-0.3495,-0.3657,-0.386,-0.4089,-0.4327,-0.4558,-0.4768,-0.4947,-0.509,-0.2829,-0.2917,-0.3649,-0.5913,-0.5772,-0.4646,-0.5249,-0.7445,-1.4212,-1.7801,-0.877,-0.4143,-0.2373,-0.175,-0.174,-0.1878,-0.1803,-0.2114,-0.2517,-0.2824,-0.2979,-0.3035,-0.3055,-0.305,-0.3037,-0.3059,-0.3153,-0.3328,-0.3568,-0.3853,-0.4164,-0.4478,-0.4773,-0.5031,-0.5239,-0.5392,-0.3352,-0.3727,-0.4667,-0.6145,-0.5982,-0.5094,-0.5338,-0.6089,-0.9969,-1.2845,-0.6931,-0.3107,-0.1628,-0.1191,-0.1083,-0.0942,-0.1063,-0.1693,-0.2101,-0.2281,-0.2478,-0.2621,-0.2698,-0.2719,-0.27,-0.2716,-0.286,-0.3129,-0.3477,-0.3875,-0.4297,-0.4713,-0.5091,-0.5405,-0.564,-0.5795,-0.3637,-0.3967,-0.4492,-0.5008,-0.5055,-0.4951,-0.5065,-0.4925,-0.5521,-0.6093,-0.3961,-0.1284,-0.0595,-0.1031,-0.0671,0.0591,0.017,-0.2168,-0.244,-0.1981,-0.2068,-0.2226,-0.2358,-0.2413,-0.2345,-0.2297,-0.251,-0.2914,-0.3404,-0.3949,-0.4523,-0.508,-0.5569,-0.5948,-0.6201,-0.6335,-0.3765,-0.3994,-0.4273,-0.4515,-0.4644,-0.4748,-0.4883,-0.494,-0.4942,-0.4434,-0.2828,0.0445,0.1381,-0.0899,0.0835,0.4593,0.2718,-0.0667,-0.1662,-0.1597,-0.1669,-0.1821,-0.2033,-0.2173,-0.2104,-0.1987,-0.225,-0.2757,-0.3386,-0.4116,-0.4901,-0.566,-0.6298,-0.6748,-0.6991,-0.706,-0.382,-0.3977,-0.415,-0.4307,-0.4433,-0.4545,-0.4642,-0.467,-0.453,-0.4154,-0.3555,-0.2407,-0.1391,-0.1005,0.117,0.5436,0.1759,0.043,-0.0828,-0.1166,-0.1053,-0.1201,-0.165,-0.1964,-0.2048,-0.2045,-0.2222,-0.2686,-0.3433,-0.4413,-0.5518,-0.6588,-0.7437,-0.7946,-0.8112,-0.8026,-0.3844,-0.3958,-0.4077,-0.419,-0.4289,-0.437,-0.4421,-0.4423,-0.4391,-0.4549,-0.5394,-0.4797,-0.3862,-0.2409,-0.0858,0.0812,0.0733,-0.0224,-0.0989,-0.0869,0.0257,-0.0133,-0.1243,-0.1722,-0.181,-0.1811,-0.194,-0.245,-0.345,-0.4858,-0.6502,-0.8095,-0.9259,-0.9765,-0.9691,-0.9283,-0.3855,-0.3942,-0.403,-0.4114,-0.4188,-0.4248,-0.4289,-0.4319,-0.4399,-0.4709,-0.5369,-0.5115,-0.6447,-0.7086,-0.3806,-0.2312,-0.1625,-0.1545,-0.1525,-0.1122,0.0413,-0.006,-0.1245,-0.1512,-0.1165,-0.068,-0.0691,-0.1599,-0.3256,-0.5446,-0.8029,-1.0565,-1.2213,-1.2509,-1.1837,-1.0823,-0.3863,-0.393,-0.3999,-0.4065,-0.4124,-0.4176,-0.4223,-0.4281,-0.4389,-0.4598,-0.4886,-0.5376,-0.7249,-0.7852,-0.692,-0.6587,-0.4261,-0.2238,-0.1187,-0.1893,-0.1629,-0.1579,-0.1792,-0.1357,0.0096,0.2113,0.247,0.0278,-0.2762,-0.6153,-1.0216,-1.4455,-1.684,-1.6364,-1.445,-1.248,-0.3869,-0.3924,-0.3981,-0.4036,-0.4089,-0.414,-0.4195,-0.4268,-0.4382,-0.4561,-0.4843,-0.5354,-0.6251,-0.7618,-1.2314,-1.4455,-0.7121,-0.3294,-0.2204,-0.3275,-0.3163,-0.2936,-0.2608,-0.1427,0.1659,0.7108,0.8285,0.2613,-0.2383,-0.6879,-1.2577,-1.9298,-2.2593,-2.0494,-1.6821,-1.3816,-0.3876,-0.3924,-0.3972,-0.4022,-0.4071,-0.4125,-0.4187,-0.4268,-0.4386,-0.4564,-0.4842,-0.5301,-0.6103,-0.7806,-1.1601,-1.268,-0.7681,-0.4739,-0.4574,-0.4942,-0.4346,-0.43,-0.3948,-0.241,0.1186,0.7737,0.9214,0.1657,-0.3131,-0.7405,-1.3389,-2.1243,-2.4974,-2.1994,-1.7605,-1.4264,-0.3885,-0.3927,-0.3971,-0.4017,-0.4066,-0.4121,-0.4187,-0.4273,-0.4393,-0.4565,-0.4822,-0.522,-0.586,-0.69,-0.8159,-0.8196,-0.658,-0.5197,-0.4835,-0.4954,-0.5468,-0.6526,-0.6629,-0.4817,-0.2054,-0.0393,-0.2646,-0.3426,-0.4991,-0.7753,-1.1917,-1.7531,-2.0673,-1.925,-1.6253,-1.3635,-0.3895,-0.3934,-0.3975,-0.4019,-0.4068,-0.4124,-0.4191,-0.4278,-0.4393,-0.4551,-0.4772,-0.5083,-0.5511,-0.6035,-0.6456,-0.6402,-0.5863,-0.5357,-0.528,-0.5821,-0.7592,-1.0875,-1.1775,-0.8305,-0.5065,-0.4373,-0.5796,-0.569,-0.715,-0.8502,-1.0259,-1.3068,-1.515,-1.5169,-1.3889,-1.2351,-0.3907,-0.3943,-0.3982,-0.4025,-0.4073,-0.4129,-0.4196,-0.4279,-0.4385,-0.4524,-0.4704,-0.4933,-0.5206,-0.5483,-0.5671,-0.5674,-0.5537,-0.5473,-0.575,-0.6763,-0.9376,-1.4128,-1.5511,-1.068,-0.686,-0.5602,-0.591,-0.7484,-1.009,-0.9841,-0.9642,-1.0637,-1.1756,-1.2127,-1.1741,-1.098,-0.3919,-0.3954,-0.3992,-0.4033,-0.408,-0.4134,-0.4199,-0.4277,-0.4372,-0.4491,-0.4635,-0.4803,-0.4987,-0.5159,-0.5285,-0.5347,-0.5393,-0.5546,-0.5997,-0.7045,-0.9104,-1.1887,-1.2532,-0.9945,-0.745,-0.6451,-0.6807,-0.8535,-1.0475,-1.0065,-0.9373,-0.9519,-0.9992,-1.0267,-1.0181,-0.9821]}]