docs/data/wind_grid.json
[{"header":{"la1":42.85,"la2":41.18,"lo1":11.55,"lo2":14.05,"nx":36,"ny":24,"dx":0.07143,"dy":0.07261,"parameterCategory":2,"parameterNumber":2,"parameterNumberName":"eastward_wind","parameterUnit":"m.s-1"},"data":[0.1919,0.191,0.19,0.1885,0.1862,0.1826,0.1769,0.1684,0.156,0.1392,0.1173,0.0904,0.0585,0.0221,-0.018,-0.0599,-0.1007,-0.1364,-0.1622,-0.175,-0.174,-0.1611,-0.1401,-0.1146,-0.0877,-0.0612,-0.0364,-0.0137,0.0068,0.025,0.0411,0.0553,0.0678,0.0789,0.0887,0.0974,0.1964,0.1965,0.1966,0.1965,0.1958,0.1941,0.1902,0.1829,0.1709,0.1528,0.1281,0.0966,0.0584,0.0136,-0.0373,-0.0926,-0.1487,-0.1988,-0.2347,-0.25,-0.2437,-0.2205,-0.1873,-0.1503,-0.1138,-0.0797,-0.0492,-0.0222,0.0013,0.0217,0.0394,0.0547,0.068,0.0796,0.0898,0.0987,0.2009,0.202,0.2034,0.205,0.2066,0.2076,0.2066,0.2019,0.1909,0.1718,0.1437,0.1069,0.0613,0.0067,-0.0576,-0.1314,-0.2105,-0.2846,-0.3374,-0.3555,-0.3378,-0.2955,-0.2426,-0.1891,-0.1399,-0.0969,-0.06,-0.0287,-0.0022,0.0203,0.0394,0.0556,0.0694,0.0813,0.0917,0.1006,0.2051,0.2072,0.21,0.2137,0.2181,0.2228,0.2263,0.226,0.2175,0.1973,0.1649,0.1217,0.0682,0.003,-0.077,-0.1748,-0.2889,-0.4045,-0.4885,-0.5088,-0.4656,-0.3879,-0.3039,-0.2278,-0.1635,-0.1106,-0.0674,-0.032,-0.0028,0.0213,0.0413,0.0581,0.0722,0.0842,0.0944,0.1033,0.2087,0.2117,0.216,0.2218,0.2293,0.2386,0.2485,0.2553,0.2514,0.2297,0.1912,0.1405,0.0791,0.0042,-0.091,-0.2166,-0.3805,-0.5684,-0.7136,-0.7323,-0.6324,-0.492,-0.3635,-0.2603,-0.1803,-0.1182,-0.0696,-0.031,-0.0,0.025,0.0455,0.0624,0.0764,0.0881,0.0981,0.1067,0.2114,0.2151,0.2205,0.2282,0.2388,0.2527,0.2697,0.2862,0.2893,0.2651,0.2193,0.1614,0.0936,0.0119,-0.0937,-0.2425,-0.4618,-0.7582,-1.0166,-1.0223,-0.8133,-0.5827,-0.4049,-0.2774,-0.1853,-0.117,-0.0651,-0.0249,0.0067,0.0319,0.0521,0.0685,0.082,0.0932,0.1026,0.1107,0.213,0.2169,0.223,0.232,0.2449,0.2623,0.2837,0.3046,0.3117,0.2897,0.2436,0.1822,0.1103,0.0265,-0.0803,-0.234,-0.4782,-0.8553,-1.232,-1.2188,-0.9021,-0.6086,-0.4065,-0.27,-0.1745,-0.1049,-0.0528,-0.0131,0.0177,0.0419,0.061,0.0764,0.0888,0.0991,0.1078,0.1152,0.2131,0.2167,0.2226,0.2319,0.2462,0.2664,0.2904,0.3085,0.3135,0.3083,0.2713,0.2052,0.1279,0.0449,-0.0538,-0.1897,-0.3973,-0.7088,-1.0225,-1.0287,-0.7796,-0.5357,-0.3596,-0.2361,-0.1473,-0.0819,-0.0329,0.0043,0.0328,0.0548,0.0721,0.0857,0.0967,0.1058,0.1133,0.1199,0.2119,0.2143,0.2189,0.2269,0.2409,0.2641,0.2991,0.3426,0.3842,0.3933,0.3323,0.2352,0.1431,0.061,-0.0257,-0.1369,-0.2873,-0.4718,-0.6308,-0.656,-0.5497,-0.408,-0.2826,-0.1833,-0.1072,-0.0496,-0.0062,0.0265,0.0513,0.0702,0.0847,0.096,0.1051,0.1126,0.119,0.1245,0.2095,0.21,0.2117,0.2159,0.2257,0.2476,0.2968,0.4043,0.5812,0.6341,0.4488,0.2644,0.1469,0.0683,-0.0055,-0.1044,-0.2359,-0.3692,-0.4525,-0.4561,-0.3923,-0.2979,-0.2033,-0.1227,-0.059,-0.0105,0.0257,0.0525,0.0723,0.087,0.0981,0.1067,0.1135,0.1192,0.1242,0.1287,0.2066,0.2044,0.2019,0.1995,0.1986,0.2045,0.2382,0.3821,0.8475,1.0687,0.5524,0.2586,0.129,0.0636,0.0091,-0.0954,-0.2726,-0.4614,-0.5311,-0.4614,-0.342,-0.2273,-0.1325,-0.0595,-0.0055,0.0335,0.0612,0.0807,0.0944,0.1042,0.1112,0.1166,0.121,0.1248,0.1284,0.132,0.2041,0.1991,0.1921,0.1816,0.1656,0.141,0.1098,0.1216,0.4646,0.7433,0.4152,0.1978,0.0971,0.0438,0.0297,-0.0947,-0.402,-0.8408,-0.9141,-0.6152,-0.345,-0.1694,-0.0595,0.0096,0.0533,0.0811,0.0985,0.1093,0.116,0.1201,0.1228,0.1247,0.1265,0.1285,0.1309,0.1338,0.2028,0.1958,0.1852,0.1686,0.1408,0.0922,0.0112,-0.0119,-0.0244,0.2367,0.2252,0.1249,0.0822,0.0522,0.0551,-0.1013,-0.5353,-1.4864,-1.4953,-0.7355,-0.2951,-0.0737,0.0368,0.0915,0.1182,0.1305,0.1352,0.1359,0.1347,0.1328,0.131,0.1295,0.1289,0.1294,0.131,0.1335,0.2037,0.1958,0.184,0.1657,0.136,0.0865,0.0045,-0.1207,-0.0482,0.1467,0.1768,0.0763,0.0493,0.1741,0.0602,-0.1383,-0.4548,-0.9984,-1.0479,-0.479,-0.0836,0.1039,0.1713,0.1883,0.1867,0.1781,0.1674,0.1569,0.1477,0.1401,0.134,0.1295,0.1268,0.1262,0.1276,0.1306,0.207,0.1995,0.1888,0.1732,0.1504,0.1179,0.078,0.0565,0.114,0.2159,0.2548,0.1908,0.1383,0.0998,0.0598,-0.2784,-0.6096,-0.4179,-0.2917,0.0015,0.2826,0.3682,0.3361,0.2902,0.2504,0.2165,0.1888,0.1675,0.1516,0.1395,0.13,0.1228,0.1186,0.1177,0.12,0.1245,0.2125,0.2065,0.1985,0.1878,0.1746,0.1605,0.1524,0.1666,0.2221,0.3263,0.4905,0.2493,0.209,0.1692,0.1092,-0.1573,-0.4108,-0.1214,0.1303,0.3903,0.68,0.6432,0.4836,0.3739,0.2951,0.2345,0.1908,0.162,0.143,0.1291,0.1175,0.108,0.1026,0.1026,0.1073,0.1149,0.2198,0.2157,0.2108,0.2052,0.2001,0.1979,0.2041,0.2267,0.2741,0.3569,0.4705,0.3462,0.2808,0.2861,0.2735,0.218,0.1765,0.3134,0.4704,0.5796,0.7455,0.7021,0.5491,0.4185,0.3062,0.2176,0.1623,0.1345,0.1198,0.1086,0.0965,0.0843,0.0775,0.0799,0.0895,0.1024,0.228,0.226,0.224,0.2226,0.2229,0.2269,0.2379,0.259,0.2918,0.3324,0.3578,0.3398,0.3245,0.3542,0.5635,0.6715,0.5794,0.6295,0.6929,0.7334,0.7317,0.6773,0.5723,0.4318,0.2769,0.1516,0.0955,0.0836,0.0823,0.0801,0.07,0.0534,0.0442,0.0512,0.0689,0.0891,0.2368,0.2367,0.2371,0.2386,0.2423,0.2493,0.2614,0.2794,0.3029,0.3279,0.3488,0.3691,0.4171,0.5887,1.1226,1.3284,0.8754,0.7963,0.8716,1.1299,0.9727,0.7867,0.6318,0.4467,0.2258,0.0541,0.0171,0.0215,0.0323,0.0469,0.045,0.0241,0.0116,0.0247,0.0516,0.079,0.2456,0.247,0.2493,0.253,0.2587,0.2674,0.2797,0.2962,0.3165,0.34,0.3685,0.4117,0.4991,0.7029,1.0908,1.2145,0.9575,1.009,1.5445,1.8005,1.2389,0.9378,0.7486,0.5106,0.217,0.0179,-0.0146,-0.067,-0.0398,0.01,0.0296,0.0136,0.0005,0.016,0.0465,0.0767,0.2542,0.2569,0.2606,0.2658,0.2729,0.2826,0.2953,0.3115,0.3317,0.357,0.3908,0.4419,0.5268,0.6647,0.8307,0.9041,0.9021,1.0303,1.3452,1.4583,1.2304,1.1074,0.9919,0.6897,0.2749,-0.0861,-0.3635,-0.3121,-0.142,-0.0271,0.0236,0.0259,0.0196,0.032,0.0575,0.0845,0.2623,0.266,0.2709,0.2772,0.2853,0.2957,0.3089,0.3254,0.346,0.3724,0.4074,0.4561,0.5244,0.613,0.7043,0.7723,0.8337,0.9403,1.083,1.1686,1.2401,1.4599,1.4985,1.0313,0.408,-0.172,-0.5768,-0.4426,-0.1896,-0.0406,0.0276,0.0474,0.0514,0.0614,0.0796,0.1004,0.2698,0.2744,0.2801,0.2872,0.296,0.307,0.3206,0.3373,0.3581,0.3841,0.4175,0.4604,0.5145,0.5778,0.6433,0.7061,0.7734,0.8583,0.9596,1.0812,1.3118,1.7398,1.8626,1.2918,0.5986,0.0486,-0.2572,-0.2475,-0.1137,-0.0078,0.0499,0.0741,0.0839,0.0931,0.1057,0.1204,0.2768,0.282,0.2883,0.296,0.3053,0.3166,0.3304,0.347,0.3673,0.3922,0.4228,0.46,0.5042,0.554,0.6071,0.6629,0.7245,0.7973,0.8878,1.0154,1.2261,1.5004,1.5451,1.1814,0.6922,0.2928,0.0571,-0.0109,0.0146,0.0584,0.0902,0.1073,0.1162,0.1235,0.132,0.1417]},{"header":{"la1":42.85,"la2":41.18,"lo1":11.55,"lo2":14.05,"nx":36,"ny":24,"dx":0.07143,"dy":0.07261,"parameterCategory":2,"parameterNumber":3,"parameterNumberName":"northward_wind","parameterUnit":"m.s-1"},"data":[0.0938,0.1158,0.1404,0.1672,0.1946,0.22,0.2398,0.2502,0.2486,0.2354,0.2134,0.1873,0.1611,0.1376,0.1179,0.1022,0.0898,0.0798,0.0708,0.0619,0.0523,0.0417,0.0304,0.0187,0.0067,-0.0051,-0.0168,-0.0282,-0.0393,-0.0501,-0.0604,-0.0703,-0.0798,-0.0887,-0.0971,-0.1049,0.098,0.1242,0.1551,0.1904,0.2287,0.2667,0.2984,0.3164,0.3149,0.2939,0.2593,0.2199,0.1828,0.1517,0.1276,0.1099,0.0973,0.0879,0.0799,0.0713,0.0612,0.0493,0.0363,0.0228,0.0093,-0.004,-0.0169,-0.0294,-0.0414,-0.053,-0.0642,-0.0749,-0.085,-0.0945,-0.1034,-0.1116,0.0991,0.1297,0.1676,0.2137,0.2677,0.326,0.3793,0.4129,0.4129,0.3775,0.3199,0.2585,0.2053,0.1645,0.1355,0.1164,0.1046,0.0975,0.0917,0.084,0.0729,0.0587,0.0431,0.0271,0.0115,-0.0034,-0.0176,-0.0312,-0.0443,-0.0568,-0.0689,-0.0803,-0.0912,-0.1014,-0.1109,-0.1195,0.0958,0.13,0.1749,0.2335,0.3083,0.3983,0.4918,0.5598,0.566,0.5016,0.3999,0.3015,0.2257,0.1737,0.1404,0.121,0.1119,0.1096,0.1084,0.1023,0.0888,0.0703,0.0503,0.031,0.0131,-0.0036,-0.0192,-0.0339,-0.048,-0.0616,-0.0745,-0.0869,-0.0986,-0.1095,-0.1196,-0.1287,0.0865,0.1226,0.1725,0.2426,0.3414,0.4764,0.6418,0.7882,0.8162,0.6877,0.4982,0.3413,0.2382,0.1763,0.1409,0.1232,0.1191,0.1257,0.1339,0.1298,0.1101,0.0833,0.057,0.0337,0.0132,-0.0051,-0.0219,-0.0377,-0.0528,-0.0674,-0.0814,-0.0948,-0.1074,-0.1192,-0.1299,-0.1395,0.07,0.1049,0.1555,0.2314,0.3486,0.5318,0.8041,1.1142,1.209,0.9362,0.5876,0.3576,0.2335,0.1695,0.1367,0.1225,0.1246,0.1446,0.1698,0.1673,0.1338,0.0941,0.0604,0.0334,0.0112,-0.0082,-0.0259,-0.0427,-0.0588,-0.0745,-0.0897,-0.1043,-0.118,-0.1306,-0.1421,-0.1522,0.0461,0.0758,0.1203,0.1905,0.3063,0.507,0.8575,1.3656,1.5779,1.0874,0.5798,0.319,0.2042,0.1535,0.1293,0.1188,0.1237,0.1535,0.1966,0.194,0.1443,0.0942,0.0568,0.0288,0.0063,-0.0133,-0.0314,-0.0489,-0.0661,-0.083,-0.0996,-0.1156,-0.1306,-0.1444,-0.1567,-0.1673,0.016,0.0366,0.0681,0.1188,0.2049,0.3582,0.6341,1.0458,1.2044,0.7748,0.3845,0.2145,0.1555,0.1353,0.1241,0.1147,0.1131,0.1321,0.166,0.1633,0.1202,0.0767,0.0441,0.0194,-0.0012,-0.0199,-0.038,-0.0562,-0.0745,-0.093,-0.1114,-0.1291,-0.1458,-0.161,-0.1742,-0.1854,-0.0177,-0.0087,0.0052,0.0278,0.0658,0.1302,0.2297,0.3324,0.3106,0.1613,0.0817,0.0853,0.1118,0.1303,0.1311,0.117,0.099,0.0917,0.0964,0.092,0.0708,0.0464,0.0254,0.0071,-0.01,-0.0272,-0.0452,-0.0642,-0.0841,-0.1047,-0.1254,-0.1456,-0.1644,-0.1812,-0.1956,-0.2071,-0.0517,-0.0546,-0.0587,-0.0645,-0.0726,-0.085,-0.1112,-0.1856,-0.3452,-0.3953,-0.1989,-0.0084,0.1051,0.1585,0.1635,0.1332,0.0876,0.0484,0.029,0.0239,0.0207,0.0149,0.0064,-0.0046,-0.0181,-0.034,-0.0522,-0.0725,-0.0947,-0.1182,-0.1422,-0.1657,-0.1874,-0.2064,-0.2219,-0.2337,-0.0827,-0.0956,-0.1147,-0.1428,-0.1839,-0.2413,-0.3167,-0.4336,-0.7399,-0.8928,-0.3732,-0.0197,0.1573,0.237,0.2328,0.1665,0.0715,-0.0169,-0.0549,-0.0441,-0.0227,-0.0096,-0.0068,-0.012,-0.0231,-0.0386,-0.0578,-0.0804,-0.106,-0.1338,-0.1627,-0.1908,-0.2165,-0.2381,-0.2549,-0.2666,-0.1079,-0.1279,-0.1568,-0.199,-0.2594,-0.3399,-0.423,-0.4758,-0.6213,-0.6744,-0.2702,0.0596,0.2466,0.3575,0.3353,0.2073,0.0327,-0.1627,-0.2078,-0.1238,-0.055,-0.0203,-0.0088,-0.0115,-0.0228,-0.0396,-0.0611,-0.0871,-0.1177,-0.152,-0.188,-0.223,-0.2542,-0.2792,-0.2971,-0.3077,-0.1261,-0.1494,-0.1827,-0.2302,-0.2982,-0.3916,-0.4924,-0.3472,-0.6579,-0.3888,-0.0821,0.1677,0.2946,0.4108,0.3935,0.2241,-0.0043,-0.3995,-0.4121,-0.1752,-0.0548,-0.0052,0.007,0.0,-0.0155,-0.0357,-0.0605,-0.0915,-0.1294,-0.1733,-0.2201,-0.2655,-0.3046,-0.3338,-0.3519,-0.3597,-0.137,-0.1604,-0.1926,-0.2373,-0.3002,-0.3894,-0.5207,-0.7492,-0.6454,-0.2639,0.0219,0.2409,0.3126,0.4574,0.3314,0.223,0.0956,-0.1968,-0.2603,-0.1017,0.0097,0.0538,0.0482,0.0242,-0.0011,-0.0256,-0.0539,-0.0911,-0.1397,-0.1984,-0.2624,-0.3239,-0.3744,-0.4082,-0.4244,-0.4258,-0.1417,-0.1625,-0.1897,-0.2255,-0.2722,-0.3319,-0.4009,-0.4391,-0.3311,-0.1108,0.0611,0.1768,0.303,0.4761,0.2895,0.2566,0.3476,0.0966,-0.0229,0.0426,0.1666,0.186,0.1189,0.0568,0.0185,-0.0073,-0.0365,-0.081,-0.1455,-0.2281,-0.3201,-0.4075,-0.4746,-0.5123,-0.5213,-0.5096,-0.1417,-0.1585,-0.179,-0.2035,-0.2311,-0.2581,-0.2724,-0.2465,-0.1521,-0.0136,0.086,0.1666,0.1618,0.1915,0.1461,0.1767,0.2574,0.0895,0.0192,0.158,0.4556,0.3983,0.1908,0.0803,0.0399,0.0263,0.0034,-0.0508,-0.1412,-0.2628,-0.4017,-0.5319,-0.623,-0.6597,-0.65,-0.6133,-0.139,-0.1515,-0.1655,-0.18,-0.1928,-0.1992,-0.1904,-0.1546,-0.0868,-0.0004,0.0674,0.0675,-0.1201,-0.2273,-0.0927,-0.0648,-0.0417,-0.0773,-0.0818,0.0944,0.4818,0.4047,0.1691,0.0711,0.0676,0.0964,0.0912,0.0173,-0.1184,-0.3027,-0.5188,-0.7207,-0.8443,-0.865,-0.8136,-0.7339,-0.1352,-0.144,-0.1527,-0.1603,-0.1644,-0.1618,-0.1479,-0.1193,-0.0778,-0.0348,-0.0141,-0.0595,-0.233,-0.3092,-0.3738,-0.4352,-0.2961,-0.2147,-0.1998,-0.1452,0.035,0.0882,0.0341,0.0323,0.1206,0.2467,0.2703,0.1398,-0.0729,-0.3455,-0.6775,-0.9933,-1.154,-1.1252,-0.9982,-0.8568,-0.1314,-0.1374,-0.1426,-0.1461,-0.1463,-0.1414,-0.1298,-0.1115,-0.0902,-0.0748,-0.0807,-0.1279,-0.226,-0.3958,-0.8632,-1.047,-0.5374,-0.3204,-0.3015,-0.4138,-0.2942,-0.1804,-0.1213,-0.0233,0.1891,0.4873,0.5457,0.2778,-0.0271,-0.3803,-0.8408,-1.2974,-1.4849,-1.3721,-1.1532,-0.9511,-0.1284,-0.1325,-0.1357,-0.1373,-0.1365,-0.1325,-0.1252,-0.1159,-0.1082,-0.1088,-0.1271,-0.1753,-0.2701,-0.4616,-0.8185,-0.9227,-0.5887,-0.4595,-0.649,-0.7611,-0.5022,-0.3738,-0.2901,-0.1333,0.1465,0.5142,0.5865,0.2534,-0.0295,-0.384,-0.8909,-1.4106,-1.6057,-1.4548,-1.2022,-0.9809,-0.1264,-0.1295,-0.1317,-0.1328,-0.1324,-0.1304,-0.1273,-0.1247,-0.1257,-0.1348,-0.1584,-0.2043,-0.283,-0.4064,-0.5487,-0.587,-0.5078,-0.4859,-0.5851,-0.6323,-0.5722,-0.5879,-0.5581,-0.3529,-0.0582,0.1409,0.1,0.0576,-0.0699,-0.3489,-0.7691,-1.1967,-1.3855,-1.3035,-1.1161,-0.9344,-0.1255,-0.1281,-0.1301,-0.1313,-0.1319,-0.132,-0.1323,-0.1343,-0.1403,-0.1535,-0.1775,-0.2166,-0.2737,-0.3457,-0.4126,-0.4429,-0.4427,-0.4591,-0.5106,-0.5741,-0.7031,-0.9679,-1.0326,-0.6813,-0.2766,-0.0443,-0.0003,-0.0111,-0.1053,-0.3094,-0.5982,-0.8852,-1.0454,-1.0448,-0.952,-0.8364,-0.1255,-0.1279,-0.1301,-0.1319,-0.1335,-0.1354,-0.1382,-0.1431,-0.1518,-0.1661,-0.1884,-0.22,-0.2609,-0.307,-0.3491,-0.3793,-0.4024,-0.4351,-0.4922,-0.5987,-0.8339,-1.2378,-1.3484,-0.9066,-0.4447,-0.1713,-0.0695,-0.0769,-0.1546,-0.2942,-0.4773,-0.6579,-0.7782,-0.8135,-0.7842,-0.7241,-0.1263,-0.1288,-0.1312,-0.1336,-0.1362,-0.1395,-0.144,-0.1505,-0.1603,-0.1745,-0.1943,-0.2199,-0.2507,-0.2841,-0.3166,-0.3463,-0.3769,-0.4173,-0.4811,-0.593,-0.7906,-1.0418,-1.0928,-0.829,-0.5084,-0.2896,-0.1863,-0.1698,-0.2125,-0.2981,-0.4101,-0.5226,-0.6071,-0.6478,-0.6483,-0.6225]}]