docs/data/wind_grid.json
[{"header":{"la1":42.85,"la2":41.18,"lo1":11.55,"lo2":14.05,"nx":36,"ny":24,"dx":0.07143,"dy":0.07261,"parameterCategory":2,"parameterNumber":2,"parameterNumberName":"eastward_wind","parameterUnit":"m.s-1"},"data":[2.6039,2.6145,2.6292,2.6476,2.6688,2.6909,2.7115,2.7278,2.738,2.7414,2.7386,2.7306,2.7185,2.7028,2.6835,2.6601,2.632,2.5988,2.5605,2.519,2.4788,2.4472,2.4308,2.4312,2.4443,2.4639,2.4849,2.5044,2.5214,2.5357,2.5476,2.5576,2.566,2.5732,2.5794,2.585,2.5846,2.5961,2.6135,2.6371,2.6657,2.6968,2.7264,2.7498,2.7636,2.7668,2.7612,2.7496,2.7339,2.715,2.6924,2.6652,2.6319,2.5909,2.5406,2.4814,2.4198,2.3708,2.35,2.3599,2.3893,2.4247,2.4578,2.4856,2.5079,2.5255,2.5396,2.5509,2.5603,2.5682,2.575,2.581,2.5587,2.57,2.5899,2.6198,2.659,2.704,2.7485,2.7838,2.8025,2.8033,2.7913,2.7731,2.7523,2.7296,2.7038,2.6731,2.6351,2.5865,2.5221,2.4364,2.3343,2.2483,2.2215,2.2569,2.3198,2.3813,2.431,2.4684,2.4961,2.5167,2.5325,2.5449,2.5551,2.5635,2.5708,2.5772,2.5241,2.5328,2.5539,2.5908,2.6445,2.7116,2.7824,2.8398,2.8661,2.8582,2.8314,2.801,2.7729,2.7462,2.7178,2.6845,2.6433,2.5899,2.5146,2.3949,2.2141,2.0392,2.0088,2.1136,2.2415,2.341,2.4096,2.4557,2.4874,2.5099,2.5266,2.5396,2.5502,2.559,2.5666,2.5733,2.4786,2.4804,2.4986,2.5413,2.6139,2.715,2.8331,2.9373,2.9776,2.9428,2.882,2.8313,2.7942,2.7641,2.7344,2.7001,2.6576,2.6051,2.5346,2.3959,2.0852,1.696,1.6896,1.9585,2.1821,2.3191,2.4005,2.4505,2.4829,2.5054,2.5219,2.5349,2.5455,2.5545,2.5624,2.5694,2.4214,2.4086,2.4149,2.4575,2.551,2.6986,2.894,3.0994,3.1739,3.0622,2.9344,2.8575,2.8135,2.7827,2.7539,2.7202,2.6776,2.6288,2.587,2.4976,2.1189,1.489,1.525,1.9314,2.1932,2.3325,2.4088,2.4536,2.4823,2.5024,2.5178,2.5302,2.5407,2.5499,2.5581,2.5654,2.3548,2.3169,2.295,2.3219,2.4339,2.6319,2.9069,3.2461,3.3825,3.1474,2.9576,2.8709,2.8288,2.8017,2.7764,2.7457,2.7044,2.6534,2.6203,2.6038,2.4041,2.0366,1.9591,2.1422,2.2925,2.3805,2.4309,2.4618,2.483,2.4994,2.513,2.5249,2.5354,2.5449,2.5534,2.5612,2.287,2.2172,2.1485,2.1328,2.2587,2.5008,2.7897,3.0874,3.2046,3.0547,2.9299,2.8713,2.8421,2.822,2.8017,2.7764,2.7409,2.695,2.6558,2.6633,2.7136,2.6259,2.4574,2.4053,2.4168,2.437,2.4536,2.4674,2.4805,2.4934,2.506,2.518,2.529,2.5391,2.5483,2.5566,2.2306,2.1366,2.0402,1.9908,2.1019,2.3562,2.6257,2.8319,2.9297,2.9299,2.8987,2.8736,2.8594,2.8457,2.8266,2.8065,2.7798,2.7481,2.7359,2.8065,3.0288,2.9641,2.704,2.5605,2.4975,2.4697,2.4593,2.4603,2.4689,2.4814,2.4952,2.5088,2.5212,2.5325,2.5426,2.5516,2.1931,2.0802,1.976,1.9315,1.9558,2.2253,2.5201,2.732,2.8891,2.9485,2.9115,2.8891,2.8884,2.8791,2.8402,2.8179,2.8069,2.784,2.7777,2.8267,2.9491,2.9104,2.7348,2.5988,2.5098,2.4555,2.4311,2.4301,2.4428,2.4611,2.4798,2.497,2.512,2.525,2.5363,2.5462,2.1789,2.0332,1.8017,1.4062,1.5051,2.0986,2.4694,2.69,2.9962,3.1316,2.9452,2.9109,2.9388,2.9547,2.8816,2.8272,2.8212,2.8028,2.7926,2.7938,2.8032,2.7685,2.6731,2.5563,2.447,2.3729,2.3503,2.3669,2.3991,2.4321,2.4605,2.4834,2.5019,2.5169,2.5295,2.5404,2.2014,2.0531,1.8048,1.4538,1.5729,2.1518,2.455,2.5454,2.7837,2.9735,2.9073,2.9281,3.0071,3.1381,3.0417,2.8823,2.8223,2.8195,2.8158,2.788,2.7551,2.7012,2.6052,2.4595,2.2893,2.1812,2.1917,2.2653,2.3404,2.3983,2.4399,2.4697,2.4917,2.5086,2.5225,2.5343,2.2621,2.1579,2.0254,1.9298,2.0493,2.3201,2.4568,2.4179,2.5232,2.7463,2.8633,2.9626,3.0139,3.2013,3.0889,2.824,2.7762,2.8607,2.8653,2.7967,2.7453,2.6755,2.5519,2.3283,2.0044,1.8187,1.9443,2.1422,2.2822,2.3689,2.4228,2.458,2.4823,2.5004,2.515,2.5276,2.341,2.2855,2.2384,2.2369,2.3166,2.4328,2.4905,2.4736,2.5422,2.7206,2.8518,3.0335,3.06,2.6704,2.784,2.6006,2.6562,2.7871,2.823,2.7893,2.7454,2.6751,2.5363,2.2437,1.7292,1.4345,1.7417,2.0684,2.2541,2.3554,2.4139,2.4499,2.474,2.4918,2.5066,2.52,2.4173,2.3935,2.3841,2.4025,2.4523,2.5124,2.5547,2.5855,2.655,2.7565,2.8244,2.8528,2.8052,2.6978,2.6931,2.5499,2.6155,2.7205,2.787,2.7876,2.7507,2.6966,2.5776,2.3189,1.8955,1.6495,1.8628,2.12,2.2749,2.3624,2.4137,2.4448,2.4654,2.4815,2.4963,2.5109,2.4817,2.475,2.4798,2.5004,2.5355,2.5768,2.6171,2.6614,2.7216,2.7932,2.8605,2.7462,2.7482,2.7407,2.7281,2.6862,2.6726,2.7685,2.8375,2.814,2.7298,2.7154,2.6448,2.4699,2.2435,2.1064,2.1405,2.2383,2.322,2.3803,2.4172,2.4389,2.453,2.4664,2.4821,2.4993,2.5334,2.5352,2.5452,2.5649,2.5929,2.6262,2.6626,2.7032,2.7497,2.7999,2.8467,2.7882,2.7068,2.6844,2.7724,2.8014,2.8354,2.9359,3.0118,2.9134,2.7388,2.7371,2.6996,2.5727,2.4227,2.316,2.2845,2.3091,2.354,2.3937,2.4174,2.426,2.4304,2.4421,2.4619,2.485,2.5742,2.5801,2.592,2.6102,2.634,2.6619,2.6928,2.7257,2.7588,2.7871,2.7989,2.7772,2.7095,2.7107,2.8801,2.9638,2.9935,3.1691,3.3535,3.1336,2.9419,2.8443,2.7573,2.6209,2.4501,2.2964,2.2429,2.2891,2.3533,2.3972,2.411,2.3994,2.3892,2.404,2.4358,2.4694,2.6064,2.6144,2.6267,2.6434,2.664,2.6876,2.7132,2.7395,2.7641,2.7839,2.7948,2.7966,2.8035,2.88,3.1278,3.2282,3.1021,3.2171,3.3485,3.3286,3.1441,2.9717,2.8281,2.6491,2.3984,2.1063,2.0402,2.212,2.3389,2.4004,2.404,2.3601,2.3301,2.3589,2.4113,2.458,2.6321,2.6409,2.653,2.6682,2.6863,2.7066,2.7281,2.7499,2.7705,2.7887,2.8046,2.8229,2.859,2.948,3.1196,3.1833,3.1242,3.2239,3.5121,3.6416,3.2949,3.0837,2.9264,2.7153,2.414,2.0666,1.9938,2.2081,2.3505,2.4219,2.4165,2.3462,2.3027,2.3432,2.407,2.459,2.6527,2.6617,2.6733,2.6873,2.7033,2.721,2.7397,2.7587,2.7774,2.7959,2.8154,2.8402,2.8789,2.9411,3.0183,3.065,3.097,3.1953,3.3741,3.4324,3.2934,3.2147,3.1196,2.8778,2.5508,2.2813,2.1795,2.2509,2.4018,2.4827,2.4726,2.4072,2.3653,2.3878,2.4347,2.4769,2.6693,2.6784,2.6893,2.7021,2.7166,2.7323,2.749,2.7662,2.7839,2.8023,2.8229,2.8482,2.8816,2.9245,2.9714,3.0139,3.0606,3.1305,3.2137,3.2649,3.3241,3.505,3.5364,3.1579,2.7154,2.3673,2.1359,2.2748,2.5437,2.6148,2.5727,2.5078,2.4655,2.4622,2.4819,2.5068,2.6829,2.6917,2.7021,2.7139,2.7271,2.7413,2.7565,2.7723,2.789,2.8069,2.8269,2.8503,2.8783,2.9111,2.9467,2.9839,3.0262,3.0781,3.1389,3.2182,3.3903,3.7513,3.8646,3.3688,2.8696,2.5449,2.4087,2.5668,2.8325,2.7944,2.678,2.5954,2.5476,2.5291,2.53,2.5401,2.6941,2.7026,2.7123,2.7233,2.7353,2.7484,2.7623,2.777,2.7927,2.8095,2.8282,2.8492,2.8731,2.8999,2.9291,2.961,2.9969,3.0396,3.0939,3.1763,3.3265,3.5424,3.5778,3.2811,2.9354,2.7044,2.6264,2.7251,2.8734,2.8313,2.7239,2.6472,2.6014,2.578,2.5698,2.5707]},{"header":{"la1":42.85,"la2":41.18,"lo1":11.55,"lo2":14.05,"nx":36,"ny":24,"dx":0.07143,"dy":0.07261,"parameterCategory":2,"parameterNumber":3,"parameterNumberName":"northward_wind","parameterUnit":"m.s-1"},"data":[0.6852,0.6969,0.7071,0.716,0.7233,0.729,0.7323,0.7323,0.7282,0.7203,0.7097,0.6983,0.6873,0.6767,0.6655,0.6512,0.6301,0.5975,0.5498,0.4874,0.4179,0.3545,0.3099,0.2884,0.285,0.2914,0.3006,0.3089,0.3146,0.3176,0.3182,0.3169,0.3143,0.3108,0.3067,0.3023,0.7069,0.7211,0.7337,0.7446,0.7543,0.7629,0.7693,0.7713,0.7667,0.7556,0.7407,0.7258,0.7133,0.7039,0.696,0.6863,0.6689,0.635,0.5746,0.484,0.3749,0.2765,0.2178,0.2045,0.2205,0.2461,0.2701,0.288,0.2997,0.3061,0.3086,0.3082,0.306,0.3026,0.2986,0.2941,0.7318,0.7496,0.7649,0.7781,0.7905,0.8034,0.816,0.8232,0.8187,0.8014,0.7777,0.7557,0.7406,0.7331,0.7314,0.7314,0.7255,0.6985,0.6265,0.4895,0.3014,0.1305,0.0531,0.0718,0.1326,0.1929,0.2383,0.2682,0.2861,0.2957,0.2996,0.2998,0.2977,0.2942,0.2899,0.2853,0.7613,0.7843,0.8032,0.818,0.8323,0.8514,0.8767,0.8978,0.8959,0.8652,0.8223,0.7871,0.7676,0.7631,0.7706,0.7873,0.8071,0.8097,0.7434,0.5373,0.1825,-0.1572,-0.2477,-0.1265,0.0276,0.1409,0.2117,0.2531,0.276,0.2874,0.2918,0.2919,0.2894,0.2854,0.2807,0.2758,0.7968,0.8286,0.8532,0.8682,0.8801,0.9046,0.9546,1.0135,1.0241,0.9598,0.8745,0.8161,0.7912,0.7918,0.8114,0.8505,0.9153,0.9979,1.0093,0.7367,0.0524,-0.6875,-0.7294,-0.3518,-0.0565,0.1106,0.1999,0.2471,0.271,0.2819,0.2853,0.2843,0.2808,0.2761,0.2707,0.2653,0.8395,0.8881,0.9256,0.9395,0.9361,0.9535,1.0395,1.192,1.2476,1.0931,0.9226,0.8338,0.808,0.8184,0.8512,0.9105,1.0283,1.2627,1.5502,1.316,0.2147,-1.0264,-0.9851,-0.3981,-0.0468,0.1256,0.2103,0.2521,0.2716,0.2791,0.2799,0.2768,0.2718,0.2658,0.2595,0.2535,0.8871,0.9677,1.0407,1.0607,1.0137,0.9817,1.0742,1.3479,1.4921,1.1824,0.924,0.8269,0.8165,0.8467,0.8945,0.9585,1.0879,1.4301,2.1013,1.9834,0.7613,-0.1622,-0.3501,-0.1132,0.0799,0.1863,0.2402,0.2658,0.276,0.2777,0.2745,0.2687,0.2616,0.2541,0.2468,0.2402,0.9273,1.0572,1.2175,1.289,1.1417,0.983,0.9854,1.1632,1.2544,1.0169,0.835,0.79,0.8203,0.8885,0.9651,1.0184,1.0763,1.2656,1.6117,1.4486,0.8353,0.506,0.2803,0.2183,0.2358,0.2609,0.2762,0.2819,0.2809,0.2757,0.268,0.259,0.2495,0.2404,0.232,0.2246,0.9341,1.0977,1.371,1.5861,1.2576,0.9435,0.829,0.8155,0.7858,0.7111,0.6905,0.7361,0.8254,0.9573,1.1206,1.1836,1.0974,1.0525,1.0541,0.9086,0.7208,0.6769,0.5148,0.3936,0.3389,0.3158,0.3032,0.293,0.2825,0.2711,0.259,0.2467,0.2348,0.2238,0.2142,0.2064,0.8889,1.0133,1.1951,1.3031,1.0401,0.8209,0.6781,0.5704,0.4483,0.411,0.5372,0.6835,0.8295,1.028,1.4187,1.6201,1.2004,0.9592,0.8517,0.763,0.701,0.6553,0.5439,0.4423,0.3772,0.3385,0.3138,0.2953,0.2787,0.2625,0.2465,0.2309,0.2163,0.2035,0.1928,0.1846,0.8111,0.8657,0.8739,0.756,0.7401,0.6857,0.5567,0.431,0.1975,0.0794,0.4191,0.6535,0.8339,1.0166,1.3709,1.6272,1.1364,0.8695,0.7476,0.6791,0.6285,0.5731,0.4976,0.4242,0.3696,0.3335,0.3089,0.2887,0.2693,0.2495,0.2297,0.2105,0.193,0.1781,0.1664,0.1582,0.7333,0.7545,0.7458,0.7083,0.6865,0.5915,0.4696,0.3952,0.2918,0.224,0.4444,0.6503,0.8578,1.0687,1.0785,1.0593,0.9145,0.7318,0.6427,0.5987,0.5448,0.4876,0.4295,0.377,0.3377,0.3132,0.2958,0.2774,0.2561,0.2325,0.208,0.1843,0.1631,0.1459,0.1335,0.1259,0.6661,0.6751,0.6713,0.6528,0.6051,0.5137,0.4229,0.3829,0.3789,0.3839,0.4792,0.6246,0.7932,1.1132,1.0596,0.9658,0.8483,0.584,0.5455,0.5299,0.4584,0.3965,0.3528,0.3225,0.3041,0.2962,0.2859,0.2665,0.2409,0.2114,0.1803,0.1501,0.124,0.1042,0.0916,0.0859,0.6081,0.6085,0.5988,0.5742,0.5284,0.4661,0.411,0.3849,0.3738,0.3611,0.4104,0.5828,0.6689,0.8496,0.9057,1.1805,0.9863,0.6644,0.5459,0.4462,0.3365,0.2758,0.263,0.2717,0.2892,0.2995,0.2841,0.2567,0.2237,0.1854,0.1442,0.1043,0.0711,0.0484,0.0372,0.0358,0.5579,0.552,0.5375,0.5119,0.4745,0.4308,0.3907,0.3576,0.3103,0.2265,0.1651,0.2455,0.3684,0.1476,0.7718,1.2255,0.8015,0.6623,0.4625,0.2777,0.1165,0.0856,0.147,0.2128,0.2645,0.2853,0.271,0.2426,0.2033,0.1528,0.0957,0.0401,-0.0036,-0.0287,-0.0349,-0.0271,0.5151,0.5051,0.4884,0.4638,0.4317,0.3943,0.3529,0.3004,0.21,0.0229,-0.3162,-0.2238,-0.0033,0.2511,0.4987,0.6929,0.6611,0.478,0.2507,0.0322,-0.2355,-0.1769,0.0202,0.1438,0.2176,0.2523,0.2555,0.2327,0.184,0.1132,0.0287,-0.0539,-0.1139,-0.1383,-0.131,-0.1051,0.4787,0.4664,0.4486,0.4248,0.3948,0.3585,0.3136,0.2512,0.1503,-0.0286,-0.2805,-0.1857,-0.1648,-0.1643,0.1552,0.2855,0.2774,0.086,-0.1151,-0.1612,-0.3071,-0.2385,-0.0395,0.1012,0.2029,0.2704,0.2905,0.256,0.1783,0.0686,-0.0648,-0.1973,-0.283,-0.296,-0.2562,-0.1974,0.4476,0.434,0.4157,0.3924,0.3634,0.328,0.2833,0.2242,0.143,0.0389,-0.0513,-0.0855,-0.2044,-0.2505,-0.2267,-0.2586,-0.1565,-0.3779,-0.6902,-0.3786,-0.2411,-0.1625,-0.0437,0.0949,0.25,0.3973,0.4366,0.341,0.1951,0.0224,-0.1898,-0.4126,-0.5376,-0.5099,-0.4044,-0.2944,0.4211,0.4066,0.3882,0.3654,0.3376,0.3039,0.2627,0.212,0.1508,0.0836,0.0211,-0.0395,-0.1288,-0.2982,-0.8832,-1.1491,-0.4966,-0.4697,-0.625,-0.5198,-0.345,-0.2012,-0.0742,0.0897,0.3344,0.6541,0.7233,0.4634,0.2179,-0.0196,-0.3212,-0.6735,-0.8457,-0.734,-0.5368,-0.3726,0.3982,0.3834,0.3652,0.3431,0.3168,0.2855,0.2485,0.2053,0.1563,0.1031,0.0467,-0.021,-0.1262,-0.3467,-0.8137,-0.9657,-0.542,-0.4513,-0.6466,-0.7426,-0.4592,-0.2914,-0.1642,0.0249,0.3183,0.7002,0.7812,0.4594,0.2001,-0.0503,-0.3727,-0.7789,-0.971,-0.8156,-0.5832,-0.4023,0.3785,0.3636,0.3458,0.3246,0.2999,0.2711,0.2379,0.2003,0.1582,0.1116,0.0586,-0.0078,-0.1037,-0.2522,-0.4332,-0.4905,-0.4086,-0.4047,-0.5252,-0.5717,-0.4731,-0.4429,-0.3792,-0.1545,0.1542,0.4009,0.4574,0.3566,0.1261,-0.0914,-0.3192,-0.5983,-0.7532,-0.6772,-0.5177,-0.3749,0.3614,0.3467,0.3294,0.3093,0.2861,0.2596,0.2296,0.196,0.1585,0.1166,0.0683,0.0097,-0.0646,-0.1551,-0.2414,-0.2864,-0.2969,-0.3263,-0.388,-0.4457,-0.5476,-0.7942,-0.8509,-0.4617,-0.0352,0.2685,0.4637,0.2989,-0.0745,-0.2229,-0.2892,-0.3995,-0.4859,-0.4762,-0.4018,-0.3136,0.3467,0.3322,0.3156,0.2964,0.2747,0.2503,0.2229,0.1925,0.1588,0.1211,0.0784,0.0291,-0.0275,-0.0884,-0.1446,-0.1869,-0.2203,-0.2615,-0.322,-0.4216,-0.6461,-1.0861,-1.2198,-0.6902,-0.1998,0.0827,0.1712,-0.0867,-0.5003,-0.4511,-0.3317,-0.3139,-0.334,-0.3324,-0.2986,-0.248,0.3338,0.3198,0.3038,0.2857,0.2654,0.2427,0.2176,0.1899,0.1594,0.1258,0.0885,0.0472,0.0024,-0.0438,-0.0878,-0.1277,-0.1666,-0.2126,-0.2776,-0.3849,-0.5791,-0.8468,-0.9003,-0.5959,-0.2663,-0.0799,-0.0719,-0.292,-0.5594,-0.4936,-0.3465,-0.2788,-0.2593,-0.247,-0.2247,-0.1926]}]