docs/data/wind_grid.json
[{"header":{"la1":42.85,"la2":41.18,"lo1":11.55,"lo2":14.05,"nx":36,"ny":24,"dx":0.07143,"dy":0.07261,"parameterCategory":2,"parameterNumber":2,"parameterNumberName":"eastward_wind","parameterUnit":"m.s-1"},"data":[1.4946,1.4917,1.4867,1.4794,1.4697,1.4573,1.4414,1.4213,1.396,1.365,1.3285,1.287,1.2407,1.1895,1.1325,1.0681,0.9948,0.9109,0.8165,0.7153,0.6181,0.5413,0.4996,0.4967,0.5237,0.5674,0.6164,0.664,0.7071,0.7449,0.7775,0.8057,0.8301,0.8513,0.87,0.8865,1.5187,1.517,1.5131,1.5068,1.4983,1.4873,1.4731,1.4538,1.4278,1.3941,1.3533,1.307,1.2562,1.2006,1.1387,1.068,0.9852,0.8857,0.7654,0.625,0.4798,0.364,0.3118,0.3286,0.3905,0.4689,0.5455,0.6128,0.6694,0.7163,0.7552,0.7877,0.8151,0.8387,0.859,0.8769,1.5449,1.5446,1.5417,1.5366,1.5297,1.5213,1.5105,1.4944,1.4686,1.4308,1.3833,1.3303,1.2742,1.2147,1.1494,1.0746,0.9851,0.8725,0.723,0.5233,0.2877,0.0906,0.0242,0.0931,0.2253,0.3602,0.4744,0.565,0.6358,0.6915,0.7359,0.7721,0.8021,0.8275,0.8494,0.8684,1.5732,1.5743,1.5725,1.5684,1.5632,1.5588,1.5554,1.5477,1.5244,1.4791,1.4191,1.3556,1.2934,1.2312,1.1649,1.0898,1.0005,0.8862,0.718,0.4401,0.0275,-0.3599,-0.435,-0.2253,0.0405,0.2565,0.414,0.5271,0.61,0.6724,0.7209,0.7596,0.7915,0.8182,0.841,0.8609,1.6038,1.6061,1.6048,1.6011,1.5972,1.5978,1.6083,1.6226,1.6093,1.5461,1.4597,1.3796,1.3112,1.2487,1.1849,1.1142,1.0348,0.9448,0.808,0.4759,-0.2449,-1.0764,-1.0992,-0.5656,-0.108,0.189,0.3794,0.5063,0.5953,0.6606,0.7106,0.7505,0.7832,0.8106,0.8341,0.8545,1.6365,1.639,1.6365,1.6321,1.6288,1.633,1.663,1.7286,1.7472,1.635,1.4954,1.3941,1.3232,1.2652,1.2081,1.1456,1.082,1.0475,1.0587,0.8108,-0.1795,-1.5018,-1.4374,-0.6542,-0.1199,0.192,0.3824,0.5064,0.5925,0.6559,0.7049,0.7443,0.777,0.8046,0.8284,0.8491,1.6716,1.6705,1.66,1.6525,1.6541,1.6576,1.6918,1.8168,1.8931,1.6915,1.4947,1.3874,1.3255,1.2791,1.2336,1.181,1.1258,1.1252,1.3165,1.2218,0.3062,-0.5548,-0.6911,-0.3136,0.033,0.2664,0.4196,0.5238,0.5989,0.6563,0.7023,0.7402,0.7723,0.7998,0.8236,0.8445,1.7115,1.7005,1.6564,1.6275,1.6662,1.6792,1.6684,1.7201,1.7474,1.5725,1.4216,1.353,1.3178,1.29,1.2605,1.2213,1.1643,1.1112,1.1171,0.8975,0.2961,0.0224,-0.0245,0.0781,0.2343,0.3694,0.471,0.5474,0.6078,0.6578,0.7003,0.7368,0.7683,0.7957,0.8195,0.8406,1.7652,1.7515,1.6377,1.5082,1.6891,1.739,1.641,1.5314,1.417,1.3099,1.2847,1.2998,1.3052,1.2978,1.2862,1.2672,1.2185,1.1212,0.9412,0.5161,-0.1758,-0.1095,0.1719,0.3008,0.3858,0.4536,0.5106,0.5619,0.6102,0.6553,0.6962,0.7326,0.7643,0.7918,0.8158,0.837,1.8396,1.8815,1.8587,1.8222,2.0257,1.9039,1.6583,1.3822,1.0294,0.8869,1.0941,1.2486,1.2958,1.2997,1.3016,1.3034,1.2842,1.2122,1.0259,0.6272,0.0911,0.0947,0.3349,0.4403,0.4734,0.4897,0.5136,0.5512,0.5972,0.6444,0.6882,0.7267,0.7597,0.788,0.8123,0.8336,1.9123,2.053,2.3327,2.9123,2.8062,2.1244,1.7285,1.3719,0.5434,0.1309,0.9315,1.2419,1.2956,1.2822,1.2932,1.3122,1.3533,1.3716,1.2687,1.0026,0.6972,0.5658,0.5595,0.5365,0.4839,0.4443,0.4513,0.4988,0.562,0.6233,0.6761,0.7195,0.7549,0.7841,0.8088,0.8302,1.9394,2.1116,2.4283,2.8911,2.7633,2.1284,1.8463,1.7534,1.1485,0.6731,1.1205,1.3156,1.3077,1.2376,1.1855,1.3371,1.4792,1.667,1.6481,1.3488,1.0542,0.8497,0.7018,0.5431,0.363,0.2525,0.2837,0.3936,0.5059,0.5957,0.6628,0.7127,0.7505,0.7804,0.805,0.8264,1.9095,2.0382,2.2103,2.3469,2.2419,1.9923,1.9335,2.0881,1.863,1.4545,1.4032,1.4304,1.3797,1.0892,1.0178,1.3986,1.6073,2.1462,2.1443,1.5636,1.2046,0.9595,0.7381,0.4449,0.0475,-0.1773,-0.0105,0.2538,0.4479,0.5731,0.6543,0.7088,0.7473,0.7765,0.8005,0.8216,1.8483,1.9241,1.9964,2.0238,1.9695,1.8911,1.8953,1.9774,1.8731,1.6329,1.5443,1.5077,1.5054,1.6348,1.4322,1.473,1.6342,1.9002,1.8908,1.4999,1.1754,0.9464,0.7241,0.3524,-0.2882,-0.6592,-0.2614,0.1721,0.4275,0.5717,0.6569,0.7098,0.745,0.7713,0.7937,0.8147,1.7828,1.8243,1.8542,1.8586,1.8348,1.8073,1.8028,1.8017,1.7446,1.6802,1.6683,1.6353,1.6203,1.6955,1.564,1.5285,2.2832,1.8285,1.5835,1.2771,0.9562,0.8084,0.7043,0.4282,-0.0782,-0.3821,-0.0966,0.2549,0.4737,0.5995,0.6719,0.7139,0.7403,0.7613,0.7821,0.804,1.725,1.7481,1.7619,1.7623,1.7511,1.7372,1.7268,1.715,1.7042,1.7435,1.8906,1.7911,1.7172,1.6528,1.6273,1.7943,2.1192,1.7474,1.4308,1.0248,0.4664,0.5173,0.6753,0.5821,0.3576,0.2147,0.2838,0.4351,0.5622,0.6462,0.6928,0.714,0.7254,0.7398,0.7613,0.7874,1.677,1.6906,1.6979,1.6978,1.6917,1.6834,1.676,1.6727,1.6853,1.7453,1.8633,1.7917,1.7717,1.7722,1.6234,1.6165,1.6324,1.5184,1.3497,0.9999,0.392,0.4819,0.7023,0.6921,0.5884,0.5058,0.5038,0.5665,0.6426,0.6937,0.708,0.6963,0.6854,0.6959,0.7261,0.7636,1.6375,1.6461,1.6504,1.6503,1.6468,1.642,1.6384,1.6399,1.6531,1.6835,1.7127,1.7089,1.7543,1.7406,1.5038,1.4094,1.4273,1.4206,1.4504,1.1946,0.8921,0.7968,0.8074,0.7601,0.6438,0.5068,0.4791,0.5897,0.6974,0.7372,0.7092,0.6416,0.5981,0.6186,0.6756,0.7353,1.6045,1.6102,1.613,1.6129,1.6107,1.6078,1.6059,1.6073,1.614,1.6246,1.6306,1.625,1.6056,1.5034,1.2064,1.0927,1.291,1.3449,1.3478,1.1604,1.0477,0.9546,0.889,0.8013,0.6107,0.2495,0.1699,0.5523,0.7691,0.7962,0.7046,0.5471,0.4633,0.5221,0.626,0.7133,1.5764,1.5802,1.5819,1.5817,1.58,1.5777,1.5757,1.575,1.5756,1.5753,1.5693,1.5508,1.5061,1.4002,1.2071,1.1406,1.2427,1.2329,1.0796,1.0044,1.0423,0.9829,0.9189,0.8517,0.6918,0.256,0.1512,0.7837,0.9539,0.9015,0.7405,0.51,0.3998,0.4873,0.6161,0.7147,1.5518,1.5544,1.5553,1.5547,1.5529,1.5503,1.5474,1.5443,1.5403,1.5336,1.5207,1.4965,1.4533,1.3836,1.3009,1.2567,1.2445,1.1962,1.1021,1.0487,1.0114,0.9256,0.8777,0.9003,0.9581,1.1378,1.6799,1.5679,1.2393,1.0425,0.8566,0.6483,0.5385,0.5799,0.6699,0.7477,1.53,1.5315,1.5317,1.5306,1.5283,1.5251,1.521,1.5158,1.5087,1.4984,1.4824,1.4579,1.4222,1.3754,1.3256,1.2835,1.244,1.1907,1.1232,1.0486,0.9284,0.7425,0.6886,0.8581,1.1177,1.6091,2.3087,1.9103,1.3326,1.1312,0.9883,0.8384,0.7408,0.7265,0.7592,0.802,1.5104,1.511,1.5104,1.5087,1.5058,1.5019,1.4966,1.4899,1.4809,1.4686,1.4517,1.4286,1.3986,1.3625,1.3232,1.2827,1.2385,1.1849,1.1172,1.021,0.8521,0.5868,0.5131,0.7842,1.0985,1.4409,1.6853,1.4547,1.1509,1.1256,1.0626,0.9625,0.883,0.8468,0.8449,0.8599,1.4924,1.4923,1.4911,1.4887,1.4852,1.4805,1.4744,1.4665,1.4564,1.4433,1.4264,1.4049,1.3785,1.3476,1.3131,1.2749,1.2315,1.1795,1.1133,1.0207,0.8824,0.7176,0.6825,0.8474,1.0623,1.249,1.331,1.2345,1.1203,1.1176,1.0858,1.0218,0.963,0.926,0.9108,0.9104]},{"header":{"la1":42.85,"la2":41.18,"lo1":11.55,"lo2":14.05,"nx":36,"ny":24,"dx":0.07143,"dy":0.07261,"parameterCategory":2,"parameterNumber":3,"parameterNumberName":"northward_wind","parameterUnit":"m.s-1"},"data":[0.7518,0.7448,0.7412,0.7412,0.7447,0.7521,0.7638,0.7812,0.8052,0.8356,0.8707,0.9078,0.9446,0.9793,1.011,1.0395,1.0645,1.0858,1.1032,1.1166,1.1262,1.1324,1.1357,1.137,1.137,1.1363,1.1355,1.1348,1.1344,1.1342,1.1343,1.1346,1.1352,1.1358,1.1365,1.1373,0.7163,0.7058,0.6995,0.6976,0.6995,0.705,0.7148,0.7317,0.7587,0.7963,0.8413,0.8889,0.9348,0.9768,1.0142,1.0473,1.0762,1.1006,1.12,1.1341,1.1432,1.1482,1.1498,1.1491,1.1471,1.1447,1.1425,1.1408,1.1397,1.139,1.1388,1.1388,1.1392,1.1397,1.1403,1.141,0.6743,0.6587,0.6489,0.6449,0.6451,0.6471,0.6514,0.6638,0.6928,0.7412,0.8026,0.8661,0.9246,0.9755,1.0193,1.0576,1.0913,1.1199,1.1418,1.1559,1.1633,1.1662,1.1655,1.1621,1.1575,1.1531,1.1494,1.1467,1.1449,1.1438,1.1432,1.1431,1.1433,1.1437,1.1442,1.1449,0.6239,0.6003,0.5854,0.5799,0.5799,0.5774,0.5688,0.5655,0.592,0.6598,0.7508,0.84,0.9155,0.9764,1.0267,1.0704,1.1102,1.1456,1.1715,1.1837,1.1856,1.1844,1.1812,1.1749,1.1675,1.1609,1.1559,1.1523,1.15,1.1485,1.1477,1.1474,1.1475,1.1478,1.1484,1.149,0.5627,0.5253,0.5014,0.496,0.5022,0.4981,0.4638,0.415,0.4241,0.5342,0.6851,0.8151,0.9112,0.9816,1.0366,1.0848,1.1325,1.1806,1.2168,1.2229,1.2072,1.1961,1.1926,1.1853,1.1759,1.1677,1.1617,1.1576,1.1549,1.1532,1.1523,1.1519,1.1519,1.1522,1.1527,1.1533,0.4891,0.4259,0.3815,0.3765,0.406,0.4197,0.3504,0.1894,0.1356,0.3545,0.6209,0.8036,0.918,0.9935,1.0493,1.0985,1.1536,1.2245,1.2934,1.2905,1.2319,1.1975,1.196,1.1916,1.182,1.1732,1.1668,1.1626,1.1598,1.1581,1.1571,1.1566,1.1565,1.1568,1.1573,1.1579,0.4071,0.2961,0.1987,0.181,0.27,0.3581,0.2957,-0.0034,-0.1732,0.2308,0.6154,0.8254,0.9418,1.0144,1.066,1.1097,1.1623,1.2496,1.3696,1.3623,1.2675,1.2228,1.2078,1.1982,1.1868,1.1777,1.1716,1.1677,1.1651,1.1634,1.1622,1.1616,1.1615,1.1618,1.1623,1.1629,0.3344,0.1525,-0.0678,-0.1619,0.0573,0.3184,0.3783,0.2054,0.1122,0.4284,0.723,0.8868,0.9814,1.045,1.092,1.1243,1.1548,1.2143,1.2976,1.3092,1.2997,1.281,1.2373,1.2081,1.1914,1.1822,1.1772,1.1741,1.1716,1.1695,1.168,1.1671,1.1669,1.1671,1.1677,1.1684,0.307,0.0762,-0.2923,-0.5745,-0.1335,0.3279,0.5344,0.5864,0.6374,0.7616,0.8788,0.9631,1.0255,1.0822,1.1422,1.1691,1.1527,1.1603,1.2035,1.2694,1.386,1.3607,1.2614,1.213,1.1944,1.1882,1.1858,1.1834,1.1802,1.1771,1.1746,1.1732,1.1727,1.173,1.1737,1.1745,0.3499,0.1625,-0.0945,-0.2422,0.0917,0.4456,0.6961,0.839,0.9345,0.9847,0.999,1.0258,1.0588,1.1098,1.2357,1.3055,1.1667,1.1109,1.1309,1.2076,1.3201,1.311,1.2378,1.2035,1.1973,1.2005,1.202,1.1986,1.1925,1.1864,1.182,1.1797,1.1791,1.1795,1.1805,1.1815,0.4401,0.3297,0.2486,0.2697,0.3224,0.5863,0.8592,1.0062,1.0753,1.0964,1.0674,1.0688,1.0766,1.0939,1.2008,1.2965,1.1109,1.0351,1.0406,1.0956,1.1613,1.1856,1.1815,1.1891,1.2119,1.2322,1.2355,1.2245,1.2096,1.1973,1.1898,1.1864,1.1859,1.1869,1.1884,1.1897,0.5408,0.472,0.4082,0.3449,0.4146,0.7439,1.0379,1.175,1.1431,1.1113,1.1058,1.1061,1.0944,1.0949,1.022,1.0097,0.9573,0.9163,0.9264,0.99,1.0505,1.0936,1.1333,1.1906,1.264,1.3117,1.303,1.2652,1.2302,1.2078,1.1965,1.1929,1.1934,1.1956,1.198,1.1997,0.6386,0.5998,0.5684,0.568,0.6794,0.9187,1.1595,1.3063,1.245,1.1616,1.1498,1.1672,1.1359,1.0332,0.8972,0.8096,0.7918,0.8052,0.8195,0.9169,0.9735,1.0208,1.0925,1.2146,1.3865,1.4843,1.4173,1.3143,1.2468,1.2131,1.2003,1.1987,1.2021,1.2066,1.2103,1.2122,0.7284,0.7157,0.7194,0.7587,0.8576,1.0069,1.1565,1.2539,1.2348,1.1848,1.191,1.2413,1.2452,1.1073,0.8461,0.3741,0.5581,0.787,0.8415,0.8853,0.8882,0.9192,1.0249,1.2186,1.5202,1.6876,1.5142,1.3341,1.2425,1.2067,1.1994,1.2048,1.214,1.222,1.2269,1.2285,0.8052,0.8093,0.8295,0.8742,0.9474,1.0385,1.1234,1.176,1.1872,1.1919,1.2231,1.2832,1.3092,1.5447,0.8579,0.2847,0.7502,0.8232,0.8944,0.8337,0.6751,0.6901,0.886,1.125,1.404,1.5545,1.4223,1.2717,1.201,1.1848,1.1951,1.2147,1.2331,1.2454,1.2505,1.25,0.8671,0.8796,0.9042,0.9437,0.9968,1.0561,1.11,1.1493,1.1745,1.1907,1.169,1.4937,1.4196,1.2912,1.0356,0.825,0.8638,0.9764,1.0309,0.7438,0.0803,0.2279,0.7086,0.9811,1.1457,1.217,1.1808,1.1304,1.1238,1.1518,1.1944,1.2364,1.2672,1.2824,1.2841,1.278,0.9157,0.9314,0.9556,0.9887,1.0288,1.0718,1.1122,1.1469,1.1758,1.1951,1.1856,1.3287,1.4403,1.4401,1.2108,1.1014,1.1418,1.3643,1.4973,0.9901,0.0126,0.1913,0.6974,0.9009,0.9437,0.9146,0.8941,0.9372,1.0241,1.1199,1.2093,1.2829,1.3278,1.34,1.3304,1.3126,0.9537,0.97,0.9923,1.0202,1.0522,1.0861,1.1194,1.1507,1.1801,1.2082,1.2429,1.3118,1.4347,1.4545,1.3307,1.3187,1.4302,1.9772,2.5831,1.7006,0.9954,0.8112,0.885,0.8903,0.7547,0.5299,0.4757,0.6819,0.9215,1.1066,1.2527,1.3674,1.4256,1.4209,1.3867,1.3503,0.9835,0.9994,1.0195,1.0434,1.0702,1.0984,1.1269,1.155,1.183,1.212,1.2462,1.2907,1.3396,1.3656,1.4291,1.4711,1.5324,1.9728,2.3266,1.9134,1.4964,1.2081,1.0665,0.9093,0.5644,-0.0533,-0.1906,0.4255,0.8762,1.1326,1.3193,1.4755,1.543,1.5051,1.438,1.3824,1.0072,1.0223,1.0404,1.0613,1.0843,1.1085,1.1334,1.1585,1.184,1.2107,1.2398,1.2723,1.3071,1.3501,1.4234,1.4615,1.5244,1.7461,1.9952,2.069,1.6789,1.381,1.1969,0.993,0.6114,-0.1173,-0.2847,0.579,1.002,1.2144,1.3734,1.5232,1.5883,1.537,1.4597,1.3986,1.0263,1.0405,1.0569,1.0754,1.0955,1.1167,1.1387,1.1612,1.1842,1.2081,1.2334,1.261,1.2921,1.3305,1.3769,1.4217,1.4938,1.632,1.8082,1.8387,1.6231,1.4411,1.3203,1.1619,0.9597,0.8867,1.2701,1.2954,1.2893,1.3591,1.4188,1.4863,1.5253,1.4993,1.4463,1.3969,1.042,1.0551,1.0701,1.0866,1.1045,1.1234,1.143,1.1631,1.1839,1.2054,1.2281,1.2527,1.2802,1.3121,1.3486,1.391,1.4486,1.526,1.5961,1.5964,1.5278,1.5,1.4799,1.3442,1.2403,1.3875,1.7607,1.6237,1.5746,1.5726,1.5123,1.4796,1.4713,1.4531,1.4209,1.3859,1.0549,1.0671,1.0808,1.0957,1.1118,1.1287,1.1463,1.1646,1.1834,1.2029,1.2234,1.2455,1.2697,1.2968,1.3273,1.3623,1.4033,1.4472,1.48,1.4876,1.4919,1.5547,1.5812,1.4441,1.3577,1.4273,1.5666,1.6785,1.8981,1.822,1.6309,1.516,1.4621,1.4304,1.402,1.3741,1.0656,1.077,1.0896,1.1032,1.1177,1.1331,1.149,1.1655,1.1826,1.2004,1.219,1.2388,1.2601,1.2833,1.3087,1.3365,1.366,1.3944,1.4167,1.4324,1.4558,1.4999,1.5062,1.4366,1.392,1.4288,1.5335,1.7237,1.9386,1.8624,1.6694,1.5372,1.4639,1.4209,1.3901,1.3643]}]