docs/data/wind_grid.json
[{"header":{"la1":42.85,"la2":41.18,"lo1":11.55,"lo2":14.05,"nx":36,"ny":24,"dx":0.07143,"dy":0.07261,"parameterCategory":2,"parameterNumber":2,"parameterNumberName":"eastward_wind","parameterUnit":"m.s-1"},"data":[2.9524,2.9871,3.0255,3.0667,3.1084,3.1471,3.1779,3.1956,3.197,3.1819,3.1541,3.1191,3.0823,3.0473,3.0161,2.9888,2.9642,2.9401,2.9138,2.8825,2.8447,2.8006,2.7515,2.6996,2.647,2.5955,2.5467,2.5014,2.4603,2.4237,2.3915,2.3635,2.3394,2.3188,2.3015,2.2869,2.9594,3.0002,3.0475,3.1007,3.1578,3.2139,3.2613,3.2901,3.2931,3.2696,3.227,3.1761,3.126,3.082,3.0461,3.0178,2.9953,2.9747,2.9512,2.9198,2.8778,2.826,2.7673,2.7052,2.6431,2.5833,2.5275,2.477,2.432,2.3928,2.3592,2.3306,2.3066,2.2866,2.27,2.2565,2.9605,3.0073,3.0644,3.1328,3.2115,3.295,3.3714,3.4217,3.4284,3.3888,3.3191,3.2416,3.1716,3.1156,3.0745,3.0468,3.0296,3.0174,3.0011,2.9711,2.9229,2.859,2.7858,2.7097,2.6351,2.565,2.5012,2.4448,2.396,2.3547,2.3201,2.2917,2.2684,2.2496,2.2346,2.2227,2.9529,3.0044,3.0713,3.1572,3.2645,3.3905,3.5196,3.6152,3.6318,3.5585,3.4363,3.314,3.2156,3.1449,3.0989,3.0742,3.0677,3.0725,3.0724,3.0463,2.986,2.9012,2.806,2.7104,2.6199,2.5375,2.4647,2.4023,2.3501,2.3073,2.273,2.2457,2.2242,2.2075,2.1947,2.185,2.9335,2.9868,3.0606,3.1633,3.3043,3.491,3.7139,3.911,3.957,3.8062,3.5787,3.3855,3.2513,3.1657,3.1162,3.097,3.1077,3.1447,3.1796,3.1605,3.0731,2.9507,2.823,2.7023,2.5927,2.4962,2.4138,2.3457,2.2912,2.2486,2.2161,2.1916,2.1733,2.1599,2.1502,2.1435,2.8995,2.9486,3.0227,3.1355,3.3063,3.5615,3.9257,4.3366,4.4689,4.1353,3.7175,3.435,3.2688,3.1733,3.1231,3.1102,3.1411,3.2282,3.3325,3.3206,3.1739,2.9935,2.8257,2.6768,2.5462,2.4345,2.3426,2.2702,2.2156,2.1759,2.1478,2.1283,2.1151,2.1064,2.1009,2.098,2.8489,2.885,2.9474,3.0558,3.2375,3.5327,4.0083,4.6758,4.9565,4.3538,3.7585,3.4327,3.2606,3.1661,3.1173,3.1073,3.1483,3.2721,3.4503,3.4387,3.225,2.9965,2.7971,2.6226,2.4708,2.3435,2.243,2.1692,2.1186,2.0861,2.0665,2.0553,2.0495,2.047,2.047,2.0486,2.7824,2.7932,2.8259,2.9083,3.0752,3.3544,3.7749,4.3187,4.5309,4.0741,3.6302,3.3757,3.2327,3.1476,3.0973,3.0841,3.1185,3.2127,3.3394,3.3268,3.1488,2.9341,2.7254,2.5297,2.3545,2.2101,2.1032,2.0335,1.9944,1.9764,1.9711,1.9724,1.9767,1.9823,1.9886,1.9955,2.7052,2.6762,2.6523,2.6776,2.8181,3.0781,3.3882,3.6659,3.7699,3.6576,3.4717,3.3127,3.2071,3.1289,3.0555,3.0284,3.0738,3.1374,3.1771,3.1446,3.0196,2.8327,2.615,2.3894,2.1805,2.0137,1.9045,1.8504,1.8363,1.8445,1.8618,1.8806,1.8979,1.913,1.9264,1.9391,2.6305,2.5518,2.4377,2.347,2.4631,2.7939,3.1053,3.3538,3.5752,3.6278,3.4436,3.2834,3.2092,3.1405,2.9745,2.8906,3.0434,3.1489,3.1674,3.0974,2.9494,2.7374,2.4764,2.1894,1.9185,1.7171,1.6158,1.6019,1.6381,1.6908,1.7414,1.7829,1.8152,1.8403,1.8609,1.8793,2.5782,2.4634,2.2631,2.0089,2.0892,2.587,2.9331,3.2058,3.7731,4.0404,3.4885,3.2629,3.2577,3.2721,3.0624,2.9069,3.1261,3.3084,3.3429,3.197,2.9568,2.6635,2.3109,1.9042,1.5096,1.2478,1.1852,1.2672,1.399,1.522,1.617,1.6846,1.7316,1.7656,1.7925,1.8161,2.5631,2.455,2.2729,2.0519,2.1398,2.577,2.8101,2.8933,3.3156,3.645,3.3085,3.1975,3.3353,3.6212,3.4733,3.2453,3.3678,3.7756,3.8353,3.4313,3.0099,2.6026,2.1195,1.5026,0.8484,0.4714,0.5401,0.8397,1.1377,1.3574,1.5018,1.5927,1.6502,1.6894,1.7203,1.7483,2.5789,2.51,2.4202,2.3612,2.4556,2.6556,2.7423,2.6882,2.8052,3.0248,3.0447,3.1029,3.2386,3.7277,3.5909,3.2935,3.5307,4.5937,4.5983,3.627,3.0265,2.5477,1.943,1.0187,-0.1552,-0.7593,-0.3246,0.3894,0.9144,1.2325,1.4134,1.514,1.5716,1.6096,1.6415,1.6736,2.6051,2.5725,2.5448,2.5485,2.6075,2.6887,2.7275,2.717,2.7472,2.8011,2.8384,3.0728,3.1305,2.686,3.0279,3.1022,3.3083,3.9723,4.0544,3.4086,2.9464,2.5354,1.9014,0.7425,-1.0245,-1.9249,-0.9651,0.1599,0.8345,1.1885,1.365,1.449,1.4904,1.519,1.5499,1.5876,2.6261,2.6137,2.6093,2.6217,2.6524,2.6867,2.7052,2.7031,2.6758,2.5931,2.5072,2.5544,2.5606,2.2265,2.7005,2.9591,3.0885,3.1652,3.1975,3.0443,2.9148,2.6734,2.0972,1.0583,-0.44,-1.241,-0.5108,0.4141,0.9674,1.2393,1.3518,1.3843,1.3902,1.4028,1.4347,1.484,2.6369,2.6328,2.6338,2.6419,2.6548,2.6647,2.6613,2.632,2.5497,2.3597,2.0433,1.9916,2.195,2.399,2.5756,2.8123,2.9628,2.8393,2.7683,2.8722,3.1968,3.0286,2.3957,1.6432,0.8566,0.4344,0.6216,0.9959,1.2466,1.3474,1.3427,1.287,1.2381,1.2349,1.2809,1.3568,2.6386,2.6366,2.6368,2.6388,2.6399,2.6346,2.6148,2.5679,2.4727,2.2969,2.067,2.1013,2.1482,2.1715,2.398,2.5265,2.5547,2.4015,2.2952,2.6133,3.2185,3.0534,2.4853,2.0107,1.6686,1.5236,1.5342,1.5626,1.5411,1.4509,1.2907,1.1036,0.9808,0.9805,1.0747,1.2052,2.6338,2.6314,2.6291,2.626,2.6195,2.6055,2.5785,2.5309,2.4552,2.3528,2.2623,2.2286,2.1579,2.1411,2.2204,2.2263,2.2303,1.9273,1.5841,2.1011,2.5208,2.5594,2.3461,2.1443,2.0821,2.1687,2.1843,2.0106,1.7797,1.512,1.1609,0.7745,0.5579,0.6172,0.8241,1.0452,2.6249,2.6213,2.6166,2.6097,2.5988,2.5811,2.5533,2.5122,2.4573,2.3945,2.338,2.293,2.2443,2.1817,1.9715,1.875,2.0618,1.8982,1.7197,1.9495,2.1396,2.2146,2.175,2.1562,2.3012,2.662,2.7406,2.3266,1.9358,1.5415,0.9943,0.336,0.0184,0.225,0.599,0.921,2.6138,2.6088,2.6022,2.593,2.5799,2.5612,2.5352,2.501,2.4595,2.4142,2.3696,2.3253,2.2717,2.1781,1.9959,1.9335,2.0446,2.0017,1.9191,1.9022,1.9817,1.9939,1.9854,2.0621,2.2977,2.7306,2.8262,2.3373,1.9799,1.5897,0.9756,0.1647,-0.2085,0.0868,0.5352,0.8916,2.6016,2.5954,2.5875,2.5769,2.563,2.5445,2.5209,2.4919,2.4582,2.4214,2.3827,2.3405,2.2886,2.2172,2.1333,2.0922,2.0858,2.0368,1.9613,1.9217,1.8564,1.7044,1.6558,1.8239,2.0787,2.2443,2.1496,2.0915,1.9552,1.6889,1.2193,0.584,0.2385,0.3824,0.6967,0.9792,2.5891,2.582,2.5732,2.5619,2.5477,2.53,2.5084,2.4829,2.4539,2.4219,2.3872,2.3484,2.3035,2.2513,2.1983,2.155,2.1132,2.0526,1.9714,1.8551,1.5963,1.1497,1.0239,1.4436,1.8465,2.0146,1.9946,2.0005,1.945,1.8159,1.5359,1.143,0.8693,0.8469,0.9768,1.1419,2.5766,2.5689,2.5595,2.5479,2.5338,2.5169,2.4969,2.4738,2.4478,2.419,2.3872,2.3521,2.3128,2.2697,2.2245,2.1778,2.1236,2.0511,1.9447,1.7584,1.3737,0.7423,0.5683,1.1747,1.6876,1.9167,1.9751,1.9734,1.9745,1.9287,1.7491,1.4998,1.2992,1.2192,1.2423,1.3175,2.5645,2.5564,2.5466,2.5349,2.521,2.5048,2.486,2.4646,2.4406,2.414,2.3847,2.3523,2.3166,2.2773,2.2343,2.1856,2.1262,2.047,1.9306,1.7413,1.4272,1.0391,0.9509,1.2946,1.6533,1.8517,1.9297,1.9566,1.9791,1.9489,1.8304,1.6733,1.5372,1.4594,1.443,1.4693]},{"header":{"la1":42.85,"la2":41.18,"lo1":11.55,"lo2":14.05,"nx":36,"ny":24,"dx":0.07143,"dy":0.07261,"parameterCategory":2,"parameterNumber":3,"parameterNumberName":"northward_wind","parameterUnit":"m.s-1"},"data":[2.1554,2.1463,2.1362,2.1246,2.1113,2.096,2.0779,2.0562,2.0294,1.9956,1.9526,1.8983,1.831,1.75,1.6564,1.5537,1.4496,1.3557,1.2852,1.2483,1.2477,1.2777,1.3281,1.3887,1.4516,1.5123,1.569,1.6209,1.6685,1.7122,1.7527,1.7904,1.8255,1.8584,1.889,1.9175,2.1614,2.1527,2.1429,2.1317,2.1189,2.1041,2.0868,2.0661,2.0402,2.0066,1.9615,1.9016,1.8237,1.7256,1.6066,1.4696,1.3241,1.1887,1.0883,1.043,1.0567,1.1158,1.1996,1.2903,1.3773,1.456,1.5255,1.5868,1.6415,1.6908,1.7359,1.7776,1.8163,1.8523,1.8857,1.9166,2.1673,2.1589,2.1495,2.1388,2.1264,2.112,2.0954,2.0762,2.0528,2.0213,1.9761,1.9117,1.8232,1.7059,1.5554,1.3706,1.1603,0.9537,0.8003,0.7446,0.7918,0.9072,1.0471,1.1824,1.3009,1.4004,1.4837,1.5543,1.6157,1.6704,1.7202,1.766,1.8084,1.8478,1.8841,1.9175,2.1728,2.1648,2.1558,2.1455,2.1333,2.1186,2.1018,2.0839,2.0644,2.0384,1.9964,1.93,1.8323,1.6957,1.5095,1.2616,0.9501,0.6138,0.3564,0.2898,0.4179,0.6437,0.8758,1.0731,1.2289,1.35,1.4458,1.5243,1.5914,1.6511,1.7054,1.7555,1.802,1.8451,1.8846,1.9208,2.1776,2.1698,2.1613,2.1516,2.1394,2.1235,2.1035,2.0834,2.0687,2.054,2.0212,1.9568,1.8532,1.701,1.4815,1.1617,0.703,0.1265,-0.3544,-0.4233,-0.097,0.3385,0.7079,0.9792,1.1714,1.3095,1.4135,1.4969,1.5681,1.6321,1.6911,1.7461,1.7972,1.8445,1.8877,1.9269,2.1812,2.1732,2.1652,2.1565,2.1453,2.1278,2.1003,2.0672,2.0534,2.0617,2.0486,1.9916,1.8866,1.7261,1.4874,1.1138,0.4927,-0.4711,-1.422,-1.451,-0.6914,0.0694,0.5933,0.926,1.1389,1.282,1.3862,1.47,1.5437,1.6119,1.6765,1.7374,1.7943,1.8466,1.894,1.9365,2.1827,2.1737,2.1657,2.1588,2.1511,2.1362,2.1032,2.0471,2.0222,2.067,2.082,2.0354,1.9314,1.7679,1.5317,1.1658,0.4967,-0.765,-2.2794,-2.227,-0.9854,0.0094,0.598,0.9356,1.1359,1.2644,1.3584,1.4384,1.5139,1.5879,1.6601,1.7292,1.7935,1.8521,1.9044,1.9504,2.1814,2.1694,2.1593,2.1538,2.1532,2.1503,2.1318,2.0893,2.0703,2.1168,2.1363,2.0937,1.9864,1.8109,1.5777,1.2886,0.8045,-0.1587,-1.3679,-1.4162,-0.4985,0.2787,0.744,1.0039,1.1504,1.2427,1.3169,1.3913,1.4716,1.5562,1.6408,1.7216,1.7959,1.8623,1.9203,1.9702,2.1775,2.1587,2.1404,2.1313,2.14,2.1593,2.1727,2.1782,2.1928,2.2173,2.2178,2.1727,2.0575,1.8351,1.5199,1.2977,1.1398,0.7435,0.2263,0.0885,0.3771,0.7242,0.9623,1.0901,1.1499,1.1878,1.2374,1.3119,1.4073,1.5127,1.6178,1.7159,1.8035,1.8794,1.9438,1.9974,2.1732,2.1432,2.1058,2.0767,2.0934,2.1482,2.1944,2.2369,2.291,2.3203,2.309,2.2745,2.1717,1.8881,1.2338,0.9012,1.2529,1.265,1.1012,1.0022,1.0315,1.1093,1.1518,1.1336,1.0813,1.0496,1.0802,1.1757,1.3101,1.4553,1.5932,1.7156,1.8201,1.907,1.9777,2.0344,2.1737,2.1334,2.0724,2.003,2.0202,2.1257,2.1873,2.2394,2.3529,2.4018,2.3827,2.3955,2.3614,2.1783,1.4577,0.9446,1.4395,1.5146,1.4489,1.4114,1.3949,1.3584,1.258,1.0774,0.8674,0.7425,0.782,0.9528,1.1736,1.3881,1.5742,1.728,1.8519,1.9499,2.026,2.0841,2.185,2.145,2.0847,2.0175,2.0373,2.1312,2.15,2.1399,2.2649,2.3758,2.4468,2.5378,2.5765,2.6063,2.3912,1.9782,1.7788,1.505,1.4178,1.5392,1.5886,1.5133,1.2858,0.8802,0.3897,0.1168,0.2537,0.6246,1.0103,1.3292,1.5761,1.7646,1.9075,2.0147,2.0934,2.1498,2.2076,2.1788,2.1431,2.117,2.133,2.1594,2.1183,2.0266,2.1242,2.3519,2.5477,2.7304,2.7605,2.7146,2.6452,2.3545,1.9316,1.0745,1.0462,1.5776,1.7447,1.6539,1.2975,0.5677,-0.4641,-1.0053,-0.5343,0.251,0.8797,1.3177,1.6228,1.8406,1.9977,2.1092,2.1856,2.2353,2.2366,2.2206,2.2053,2.1986,2.2044,2.2019,2.1614,2.099,2.177,2.4175,2.6412,2.9124,2.9864,2.8711,2.7084,2.5145,2.2433,1.6054,1.4745,1.8427,1.9807,1.8639,1.4195,0.4132,-1.2579,-2.1442,-1.1452,0.086,0.8986,1.4054,1.7396,1.9717,2.134,2.2424,2.3087,2.3441,2.2667,2.2604,2.2564,2.2574,2.2624,2.2636,2.2572,2.2681,2.3603,2.5253,2.6738,2.8074,2.904,3.0916,2.7893,2.6436,2.6525,2.3718,2.2141,2.2727,2.3177,2.1868,1.7433,0.8186,-0.6303,-1.4278,-0.6261,0.4374,1.1583,1.6206,1.9391,2.1689,2.3281,2.4244,2.4694,2.4794,2.2951,2.2955,2.2984,2.3051,2.3155,2.3291,2.3505,2.3959,2.4835,2.5936,2.6422,2.8489,2.8537,2.8648,2.7805,2.7016,2.6832,2.6697,2.6685,2.6266,2.6197,2.521,2.1295,1.5123,0.7825,0.3958,0.6614,1.1666,1.5963,1.9322,2.2107,2.4382,2.5947,2.6684,2.6743,2.6418,2.3208,2.3259,2.3337,2.3453,2.3616,2.3844,2.418,2.4695,2.5413,2.6158,2.649,2.7462,2.7918,2.7897,2.7895,2.7967,2.866,3.0933,3.2559,2.9649,2.6893,2.62,2.3686,2.0314,1.7516,1.6558,1.735,1.8773,2.0488,2.2648,2.5264,2.7867,2.9567,2.9899,2.9253,2.8254,2.3435,2.3519,2.3632,2.3784,2.3986,2.4255,2.4616,2.5091,2.5661,2.6237,2.674,2.728,2.774,2.7935,2.8585,2.9343,3.0991,3.7127,4.319,3.4984,2.9493,2.7134,2.5196,2.3512,2.3092,2.4163,2.4709,2.4011,2.396,2.544,2.8502,3.2229,3.4384,3.3896,3.2038,3.0097,2.3631,2.3738,2.3874,2.4047,2.4267,2.4544,2.4889,2.5306,2.5774,2.6256,2.6726,2.7199,2.7686,2.8388,3.0048,3.0743,3.1582,3.6622,4.0321,3.5887,3.1778,2.851,2.6395,2.539,2.6222,2.925,2.9997,2.7102,2.5865,2.7153,3.1148,3.6845,3.9706,3.7807,3.4398,3.1514,2.3796,2.3918,2.4067,2.425,2.4472,2.4741,2.5059,2.5424,2.5825,2.6245,2.6677,2.7139,2.7698,2.8568,2.9928,3.052,3.1185,3.3665,3.6091,3.6701,3.2589,2.8947,2.6853,2.6076,2.6937,2.9981,3.0724,2.7112,2.6061,2.7443,3.1807,3.8548,4.179,3.9162,3.5161,3.2,2.3933,2.4064,2.4218,2.4402,2.4619,2.4872,2.5161,2.5485,2.5838,2.6212,2.661,2.7051,2.7585,2.828,2.9079,2.971,3.0512,3.2014,3.3858,3.4012,3.0971,2.7919,2.633,2.5815,2.5919,2.5936,2.4309,2.4333,2.502,2.6435,2.9877,3.5043,3.7934,3.6651,3.3887,3.1414,2.4045,2.4178,2.4334,2.4513,2.472,2.4955,2.5218,2.5508,2.5821,2.6156,2.6517,2.6915,2.7372,2.7897,2.8454,2.9001,2.9625,3.039,3.0947,3.0389,2.8239,2.5763,2.4925,2.5143,2.5014,2.4,2.2289,2.303,2.3818,2.4736,2.7063,3.0333,3.2601,3.2746,3.16,3.0168,2.4134,2.4267,2.4419,2.4591,2.4785,2.5002,2.5241,2.5501,2.578,2.6079,2.6398,2.6743,2.7119,2.7524,2.7938,2.8343,2.8733,2.9037,2.901,2.825,2.6532,2.4469,2.4015,2.47,2.4706,2.4064,2.3368,2.3127,2.2483,2.3057,2.4998,2.7281,2.9009,2.9675,2.9462,2.8813,2.4203,2.4333,2.4479,2.4643,2.4824,2.5023,2.5239,2.5472,2.572,2.5983,2.6261,2.6553,2.6859,2.7172,2.7477,2.7754,2.7968,2.8044,2.7844,2.7207,2.611,2.4963,2.4588,2.4769,2.4683,2.4278,2.3773,2.3107,2.2318,2.2769,2.4232,2.5816,2.7061,2.7743,2.7886,2.7665]}]