docs/data/wind_grid.json
[{"header":{"la1":42.85,"la2":41.18,"lo1":11.55,"lo2":14.05,"nx":36,"ny":24,"dx":0.07143,"dy":0.07261,"parameterCategory":2,"parameterNumber":2,"parameterNumberName":"eastward_wind","parameterUnit":"m.s-1"},"data":[0.6673,0.6682,0.669,0.6692,0.6686,0.6663,0.6615,0.653,0.6395,0.6202,0.5943,0.5616,0.5219,0.4754,0.4228,0.3662,0.3096,0.2592,0.2219,0.2028,0.2031,0.2198,0.2475,0.2806,0.3148,0.3473,0.3767,0.4026,0.4248,0.4438,0.4597,0.4731,0.4843,0.4938,0.5017,0.5085,0.6734,0.6755,0.6778,0.6799,0.6816,0.682,0.6798,0.6732,0.6603,0.6396,0.6103,0.5722,0.525,0.4679,0.4007,0.3252,0.2465,0.1744,0.1219,0.0988,0.1069,0.1392,0.1849,0.2346,0.2824,0.3252,0.3621,0.3931,0.4189,0.4402,0.4576,0.4719,0.4836,0.4933,0.5013,0.508,0.6793,0.6827,0.6866,0.6911,0.6959,0.7002,0.7024,0.6994,0.688,0.6658,0.6324,0.5881,0.5323,0.4631,0.378,0.2763,0.1632,0.0545,-0.0243,-0.0519,-0.0264,0.035,0.1104,0.1845,0.2502,0.3053,0.3503,0.3866,0.4157,0.4389,0.4574,0.4722,0.4841,0.4936,0.5015,0.508,0.6847,0.6893,0.695,0.7021,0.7108,0.7206,0.7297,0.7335,0.7253,0.7007,0.6612,0.6095,0.5451,0.4637,0.3582,0.2218,0.0554,-0.1181,-0.2464,-0.2779,-0.2124,-0.0959,0.0272,0.135,0.2223,0.2906,0.3436,0.3844,0.4159,0.4404,0.4593,0.4741,0.4857,0.4949,0.5022,0.5082,0.6892,0.6948,0.7021,0.7118,0.7246,0.7414,0.7613,0.7776,0.7756,0.7457,0.6957,0.6352,0.5637,0.4728,0.3484,0.1719,-0.0717,-0.3609,-0.5882,-0.6179,-0.4617,-0.2456,-0.053,0.0955,0.205,0.2852,0.3441,0.3879,0.4206,0.4452,0.4637,0.4778,0.4885,0.4968,0.5034,0.5087,0.6926,0.6989,0.7072,0.7187,0.735,0.7587,0.7923,0.8298,0.8396,0.7967,0.7299,0.6614,0.5874,0.4939,0.3596,0.1504,-0.1811,-0.6482,-1.0634,-1.0727,-0.7375,-0.3744,-0.1039,0.0806,0.206,0.2928,0.3541,0.3981,0.4301,0.4534,0.4704,0.483,0.4923,0.4993,0.5047,0.5091,0.6948,0.7012,0.7097,0.7217,0.7391,0.7658,0.8079,0.8652,0.8887,0.8288,0.7508,0.6833,0.6147,0.5286,0.4008,0.1889,-0.1823,-0.7891,-1.4105,-1.3887,-0.8682,-0.3985,-0.0901,0.1048,0.2312,0.316,0.3745,0.4154,0.4443,0.4648,0.4792,0.4894,0.4966,0.5018,0.5058,0.509,0.6956,0.7016,0.7095,0.7204,0.736,0.7594,0.7945,0.839,0.855,0.8113,0.7546,0.7012,0.6452,0.5748,0.47,0.2951,-0.012,-0.5163,-1.0471,-1.0591,-0.6441,-0.2558,0.0045,0.1714,0.2807,0.3542,0.4044,0.439,0.4627,0.4787,0.4894,0.4964,0.5009,0.5039,0.5061,0.508,0.6953,0.7003,0.7068,0.7155,0.7276,0.7447,0.7683,0.7942,0.8077,0.797,0.764,0.7218,0.6782,0.6268,0.5514,0.4293,0.2342,-0.0434,-0.3116,-0.3671,-0.2093,-0.0092,0.1518,0.2672,0.3477,0.4034,0.4415,0.4672,0.4839,0.4942,0.5001,0.503,0.5043,0.5047,0.5049,0.5055,0.694,0.6979,0.7025,0.7083,0.716,0.7273,0.7465,0.7815,0.8336,0.8487,0.7967,0.7456,0.7113,0.6788,0.6283,0.5438,0.4233,0.2835,0.1637,0.1144,0.1472,0.2232,0.3035,0.3708,0.4217,0.458,0.4824,0.4977,0.5061,0.5097,0.5099,0.5081,0.5056,0.5031,0.5013,0.5006,0.6922,0.6947,0.6973,0.6998,0.7023,0.7059,0.7167,0.7614,0.9031,0.9694,0.8302,0.7628,0.7415,0.7292,0.6949,0.621,0.5195,0.4226,0.3628,0.3439,0.3573,0.3913,0.4314,0.4671,0.4944,0.5129,0.5237,0.5281,0.5276,0.5235,0.5173,0.5102,0.5034,0.4978,0.4941,0.4923,0.6902,0.6915,0.6921,0.6915,0.6886,0.6816,0.6692,0.6687,0.7842,0.8759,0.8003,0.77,0.7685,0.7778,0.7512,0.6638,0.5363,0.4045,0.3722,0.4205,0.4697,0.5076,0.5348,0.5524,0.5619,0.565,0.5628,0.5563,0.5463,0.5339,0.5204,0.5072,0.4957,0.487,0.4816,0.4794,0.6885,0.6887,0.6879,0.6852,0.6788,0.6651,0.6377,0.6003,0.6431,0.7298,0.7596,0.7915,0.7998,0.793,0.772,0.6695,0.5126,0.2694,0.266,0.4435,0.5514,0.6061,0.6277,0.6305,0.6239,0.6125,0.5979,0.5804,0.5604,0.5388,0.5169,0.4967,0.48,0.4683,0.4619,0.4605,0.6872,0.6868,0.6853,0.6819,0.6751,0.6628,0.6427,0.6212,0.6415,0.6963,0.7379,0.8254,0.8585,0.8728,0.7479,0.6268,0.5028,0.382,0.3817,0.5431,0.6678,0.7229,0.7256,0.7059,0.6804,0.6542,0.6274,0.5991,0.5685,0.5363,0.5042,0.4753,0.4527,0.4383,0.4325,0.4337,0.6865,0.6859,0.6843,0.6812,0.6761,0.6685,0.6596,0.6558,0.6676,0.6855,0.693,0.7031,0.7323,0.7035,0.6975,0.5182,0.3516,0.4942,0.5887,0.7232,0.8572,0.8846,0.8345,0.7769,0.7288,0.6882,0.6505,0.6116,0.5696,0.5244,0.479,0.4383,0.4084,0.3926,0.3902,0.3976,0.6863,0.6857,0.6844,0.6821,0.6789,0.675,0.6717,0.6715,0.6747,0.6761,0.6778,0.552,0.5977,0.6607,0.6504,0.5431,0.4366,0.5878,0.7318,0.8991,1.1063,1.0712,0.9308,0.8314,0.7636,0.7127,0.6675,0.6192,0.5639,0.5018,0.437,0.3788,0.3395,0.3251,0.3319,0.3511,0.6867,0.6862,0.6853,0.6837,0.6818,0.6796,0.6778,0.6765,0.6747,0.6707,0.6698,0.6114,0.5293,0.506,0.6293,0.656,0.6709,0.7577,0.8529,0.9677,1.1444,1.1035,0.9618,0.8553,0.7811,0.7302,0.6847,0.6266,0.5535,0.468,0.374,0.2881,0.2366,0.2305,0.2568,0.2961,0.6873,0.6871,0.6866,0.6856,0.6844,0.683,0.6814,0.6792,0.6752,0.6677,0.6529,0.6163,0.5261,0.518,0.6857,0.7635,0.8013,0.8775,0.8999,0.9951,1.0525,1.0279,0.9464,0.8549,0.7853,0.7543,0.7215,0.6417,0.539,0.4244,0.2904,0.1613,0.0957,0.1117,0.172,0.2396,0.6883,0.6884,0.6882,0.6877,0.6871,0.6861,0.6848,0.6827,0.679,0.6726,0.6621,0.6459,0.6332,0.6814,0.8305,0.8818,0.877,0.9631,1.0348,1.2488,1.1641,1.0489,0.9493,0.8491,0.7803,0.8093,0.8124,0.6529,0.5059,0.3749,0.2056,0.0262,-0.0504,0.0007,0.101,0.1962,0.6895,0.6899,0.69,0.6901,0.6899,0.6896,0.6889,0.6878,0.686,0.6834,0.6808,0.6817,0.6975,0.7503,0.8404,0.8779,0.9212,1.1005,1.5324,1.7229,1.3231,1.1084,0.9813,0.8512,0.7414,0.7862,0.8022,0.5282,0.4115,0.3251,0.1682,-0.0238,-0.1024,-0.0364,0.0783,0.1825,0.6909,0.6915,0.6921,0.6926,0.693,0.6934,0.6937,0.6941,0.6946,0.6959,0.6996,0.7091,0.7307,0.7698,0.8202,0.8681,0.9469,1.1151,1.3781,1.4653,1.2828,1.1601,1.0693,0.8958,0.659,0.4042,0.0636,0.1039,0.2527,0.2823,0.1962,0.058,-0.0106,0.029,0.1168,0.2043,0.6924,0.6933,0.6942,0.6952,0.6962,0.6974,0.6988,0.7007,0.7034,0.7077,0.7152,0.7281,0.7494,0.7806,0.8206,0.8705,0.9439,1.0528,1.1711,1.2234,1.2242,1.2901,1.2916,1.0369,0.649,0.1743,-0.2535,-0.0993,0.1636,0.2658,0.2483,0.178,0.1311,0.1421,0.1914,0.2508,0.6939,0.6951,0.6964,0.6979,0.6995,0.7014,0.7038,0.707,0.7113,0.7176,0.7271,0.7411,0.7611,0.7883,0.8232,0.8677,0.9258,0.9969,1.0686,1.1304,1.2231,1.4089,1.4649,1.1615,0.7402,0.3334,0.0676,0.0863,0.2165,0.2941,0.3025,0.2737,0.2474,0.2469,0.2704,0.3059,0.6954,0.6969,0.6986,0.7004,0.7026,0.7052,0.7084,0.7125,0.718,0.7254,0.7357,0.7497,0.7683,0.7924,0.8226,0.8599,0.9049,0.9564,1.0114,1.0743,1.1673,1.2899,1.3037,1.1003,0.8021,0.5268,0.3483,0.2996,0.3253,0.354,0.3589,0.3459,0.3316,0.3283,0.3387,0.3585]},{"header":{"la1":42.85,"la2":41.18,"lo1":11.55,"lo2":14.05,"nx":36,"ny":24,"dx":0.07143,"dy":0.07261,"parameterCategory":2,"parameterNumber":3,"parameterNumberName":"northward_wind","parameterUnit":"m.s-1"},"data":[0.4672,0.4893,0.5133,0.5386,0.5636,0.586,0.6021,0.6083,0.6023,0.5841,0.5567,0.5246,0.4918,0.4614,0.4348,0.4122,0.3933,0.3771,0.3625,0.3482,0.3333,0.3175,0.3008,0.2834,0.2657,0.2479,0.2303,0.2129,0.196,0.1796,0.1637,0.1486,0.1342,0.1206,0.108,0.0963,0.478,0.5046,0.5349,0.5685,0.6041,0.6383,0.6657,0.6789,0.6727,0.6466,0.6064,0.5606,0.5164,0.4777,0.4457,0.4204,0.4007,0.3849,0.3711,0.3572,0.3418,0.3247,0.306,0.2865,0.2668,0.2472,0.2278,0.2089,0.1906,0.1728,0.1558,0.1395,0.1241,0.1097,0.0964,0.0842,0.4865,0.5178,0.5551,0.5993,0.6498,0.7031,0.7507,0.7786,0.7736,0.7334,0.6706,0.6028,0.5418,0.4924,0.4547,0.427,0.4074,0.3935,0.382,0.3692,0.3531,0.3336,0.3121,0.2897,0.2674,0.2456,0.2244,0.2038,0.1839,0.1647,0.1464,0.1289,0.1124,0.0971,0.083,0.0702,0.4913,0.5268,0.5713,0.6275,0.6977,0.7806,0.8656,0.9258,0.9266,0.8589,0.7536,0.6494,0.5653,0.5036,0.4602,0.4312,0.4135,0.4041,0.3975,0.3869,0.3688,0.3449,0.3187,0.2925,0.2671,0.2429,0.2196,0.1973,0.1758,0.155,0.1352,0.1164,0.0987,0.0824,0.0675,0.0541,0.4911,0.5293,0.5794,0.6469,0.7394,0.8638,1.0151,1.148,1.1697,1.0426,0.8542,0.6932,0.5811,0.5081,0.4612,0.4326,0.4189,0.418,0.4213,0.414,0.3903,0.358,0.3247,0.2936,0.265,0.2384,0.2132,0.189,0.1658,0.1434,0.122,0.1017,0.0827,0.0653,0.0495,0.0355,0.4848,0.5231,0.5751,0.6488,0.7585,0.9265,1.1745,1.4572,1.5421,1.2831,0.9463,0.7145,0.5802,0.503,0.457,0.4307,0.4224,0.4346,0.4557,0.4516,0.4147,0.3687,0.3271,0.2914,0.2601,0.2315,0.2046,0.1788,0.1538,0.1296,0.1064,0.0844,0.0639,0.0452,0.0284,0.0139,0.4721,0.5074,0.5556,0.6255,0.7346,0.9173,1.2331,1.6921,1.885,1.4301,0.9467,0.6837,0.5549,0.4879,0.4489,0.4257,0.4201,0.4419,0.4818,0.4787,0.4254,0.3681,0.3216,0.2839,0.2515,0.2219,0.1937,0.1663,0.1395,0.1133,0.0879,0.0639,0.0416,0.0215,0.0037,-0.0113,0.454,0.4833,0.5222,0.5771,0.6612,0.8011,1.0457,1.4096,1.5481,1.1502,0.774,0.5909,0.5097,0.4686,0.4411,0.4195,0.4086,0.4208,0.4513,0.4471,0.3994,0.348,0.3057,0.2706,0.2392,0.2096,0.1806,0.1516,0.1227,0.094,0.0661,0.0396,0.0151,-0.0067,-0.0255,-0.0411,0.4324,0.4542,0.4809,0.5148,0.5604,0.6242,0.7113,0.7935,0.7609,0.6085,0.5074,0.4744,0.4656,0.458,0.4421,0.4176,0.3931,0.3811,0.382,0.3737,0.3466,0.3138,0.2825,0.2532,0.2245,0.1955,0.1656,0.1348,0.1033,0.0715,0.0403,0.0106,-0.0167,-0.0406,-0.0605,-0.0763,0.4098,0.4243,0.4395,0.4547,0.4676,0.4726,0.4545,0.3749,0.2037,0.1313,0.2675,0.3881,0.4502,0.4736,0.4635,0.4269,0.3795,0.3395,0.3174,0.3064,0.2946,0.2785,0.2586,0.2355,0.2095,0.1808,0.1497,0.1163,0.0812,0.0452,0.0095,-0.0245,-0.0553,-0.0817,-0.1029,-0.1186,0.3882,0.397,0.4043,0.408,0.4045,0.3876,0.344,0.2239,-0.1332,-0.3056,0.1223,0.3681,0.4812,0.5314,0.517,0.4508,0.3624,0.2826,0.2449,0.245,0.252,0.2509,0.2401,0.2214,0.1967,0.1671,0.1336,0.0965,0.0564,0.0145,-0.0275,-0.0675,-0.1032,-0.1326,-0.1549,-0.1698,0.3687,0.374,0.3772,0.3768,0.3712,0.3598,0.3455,0.3165,0.094,-0.0736,0.2078,0.4142,0.5424,0.6351,0.6004,0.4811,0.327,0.1654,0.1247,0.1797,0.2216,0.2366,0.2321,0.2145,0.1882,0.1558,0.1184,0.076,0.0289,-0.0215,-0.0727,-0.1212,-0.1636,-0.1969,-0.2197,-0.2325,0.3515,0.355,0.3569,0.3568,0.3551,0.3555,0.3687,0.4021,0.3496,0.2674,0.3447,0.4633,0.5617,0.6727,0.6384,0.488,0.2908,-0.0165,-0.028,0.1381,0.2184,0.2456,0.2409,0.2179,0.1858,0.1483,0.1055,0.0559,-0.001,-0.0639,-0.1288,-0.1902,-0.242,-0.2798,-0.302,-0.31,0.3362,0.3389,0.3406,0.3418,0.3434,0.3488,0.3625,0.3815,0.3631,0.3359,0.3812,0.4759,0.5353,0.8297,0.5909,0.4705,0.3557,0.1287,0.0768,0.187,0.2694,0.297,0.2756,0.234,0.1899,0.1458,0.0972,0.0387,-0.0322,-0.1139,-0.2003,-0.2815,-0.3469,-0.3895,-0.4081,-0.4065,0.3221,0.3242,0.3259,0.3276,0.33,0.3344,0.3407,0.3435,0.3325,0.3209,0.3336,0.3897,0.4889,0.5147,0.502,0.4744,0.5472,0.3326,0.2295,0.2912,0.4166,0.4299,0.3438,0.2591,0.1984,0.1506,0.0989,0.0301,-0.0613,-0.1727,-0.2938,-0.4069,-0.4923,-0.5384,-0.5462,-0.5262,0.3086,0.3102,0.3115,0.3127,0.3141,0.3156,0.316,0.312,0.3,0.2769,0.2324,0.2926,0.3218,0.3688,0.3545,0.3883,0.4574,0.287,0.213,0.3806,0.7319,0.6648,0.417,0.274,0.2076,0.171,0.1245,0.0424,-0.0815,-0.241,-0.4197,-0.5856,-0.7001,-0.7433,-0.7253,-0.6715,0.2955,0.2963,0.2968,0.297,0.2967,0.2955,0.2923,0.2853,0.2725,0.2516,0.2244,0.2341,0.1116,0.0356,0.14,0.1514,0.1438,0.0478,0.0049,0.2618,0.7577,0.6681,0.3833,0.25,0.222,0.2334,0.2068,0.0985,-0.0821,-0.3185,-0.5915,-0.8459,-1.0003,-1.0216,-0.9486,-0.8379,0.2825,0.2825,0.282,0.2809,0.2789,0.2755,0.2699,0.2612,0.2486,0.232,0.211,0.1642,0.0274,-0.0374,-0.1235,-0.2031,-0.1305,-0.2139,-0.3475,-0.0876,0.2162,0.2909,0.2165,0.1891,0.265,0.3977,0.4094,0.2228,-0.0591,-0.4023,-0.8146,-1.2087,-1.409,-1.3669,-1.1965,-1.0054,0.2697,0.2687,0.2671,0.2647,0.2611,0.2559,0.2484,0.2379,0.2234,0.2036,0.1731,0.1183,0.0257,-0.1381,-0.5853,-0.7609,-0.3473,-0.2788,-0.3393,-0.2897,-0.1299,-0.0131,0.0299,0.1068,0.326,0.6968,0.7684,0.3663,-0.0479,-0.4812,-1.0391,-1.6024,-1.8365,-1.6896,-1.4026,-1.1334,0.2571,0.2552,0.2525,0.2488,0.2438,0.2369,0.2276,0.215,0.1979,0.1739,0.1377,0.0798,-0.0178,-0.206,-0.5467,-0.6506,-0.3793,-0.3023,-0.4241,-0.4866,-0.3086,-0.2189,-0.165,-0.0389,0.2362,0.706,0.8028,0.2357,-0.1347,-0.5317,-1.1197,-1.7483,-1.9905,-1.7975,-1.469,-1.1756,0.2448,0.242,0.2383,0.2334,0.2271,0.2188,0.2079,0.1935,0.1742,0.1477,0.1097,0.0537,-0.0313,-0.1575,-0.3011,-0.3502,-0.2987,-0.2944,-0.3707,-0.4076,-0.3926,-0.4522,-0.4568,-0.2978,-0.0802,-0.0122,-0.306,-0.314,-0.3128,-0.5426,-0.9909,-1.4886,-1.7147,-1.6061,-1.3601,-1.1176,0.2328,0.2293,0.2247,0.2188,0.2113,0.2019,0.1897,0.1741,0.1537,0.1266,0.0902,0.0409,-0.0244,-0.1034,-0.178,-0.2205,-0.2366,-0.2658,-0.3215,-0.3962,-0.5577,-0.8587,-0.9424,-0.6385,-0.3668,-0.4027,-0.6609,-0.5505,-0.4283,-0.5289,-0.7996,-1.1118,-1.2917,-1.2791,-1.1504,-0.9916,0.2214,0.2171,0.2117,0.205,0.1967,0.1863,0.1734,0.1571,0.1365,0.1103,0.0771,0.0354,-0.0146,-0.0696,-0.1216,-0.1636,-0.2002,-0.2463,-0.3172,-0.4434,-0.7093,-1.1406,-1.2553,-0.8542,-0.5174,-0.4414,-0.4995,-0.4799,-0.4433,-0.5016,-0.6532,-0.8332,-0.9578,-0.9854,-0.9347,-0.8458,0.2105,0.2056,0.1995,0.1922,0.1832,0.1723,0.1589,0.1425,0.1224,0.0978,0.068,0.0326,-0.0077,-0.0508,-0.0937,-0.1351,-0.1787,-0.2335,-0.3139,-0.4469,-0.6703,-0.943,-1.0067,-0.7799,-0.545,-0.4405,-0.4236,-0.4192,-0.423,-0.4665,-0.5537,-0.6573,-0.738,-0.7712,-0.7573,-0.7118]}]