docs/data/wind_grid.json
{"header": {"la1":42.1,"la2":41.55,"lo1":12.1,"lo2":12.95,"nx":50,"ny":50,"dx":0.01735,"dy":0.01122,"parameterCategory":2,"parameterNumber":2,"parameterNumberName":"eastward_wind","parameterUnit":"m.s-1"}, "data":
[rows 0 to 45 of 50, columns 0 to 49 of 50]
1.5521,1.5422,1.5314,1.5194,1.5063,1.492,1.4765,1.4599,1.4421,1.4234,1.4039,1.3839,1.3636,1.3436,1.3243,1.3063,1.2903,1.277,1.2673,1.2617,1.2611,1.2659,1.2765,1.2931,1.3158,1.3444,1.3785,1.4177,1.4614,1.509,1.5596,1.6125,1.6666,1.7209,1.7742,1.8251,1.872,1.9136,1.9487,1.9765,1.9967,2.0094,2.0154,2.0156,2.0112,2.0031,1.9924,1.9801,1.9667,1.9529
1.5561,1.5461,1.535,1.5227,1.5092,1.4943,1.4781,1.4606,1.4417,1.4217,1.4007,1.3789,1.3567,1.3345,1.3129,1.2926,1.2743,1.2588,1.247,1.2398,1.238,1.2421,1.2527,1.27,1.2939,1.3243,1.3608,1.4028,1.4497,1.5008,1.5552,1.612,1.6704,1.729,1.7866,1.8416,1.8923,1.9371,1.9746,2.0037,2.0242,2.0364,2.0411,2.0394,2.0327,2.0224,2.0095,1.995,1.9798,1.9642
1.5606,1.5506,1.5393,1.5267,1.5128,1.4974,1.4804,1.462,1.442,1.4206,1.398,1.3743,1.35,1.3255,1.3014,1.2785,1.2575,1.2395,1.2254,1.2163,1.213,1.2164,1.2268,1.2447,1.2701,1.3025,1.3416,1.3866,1.4369,1.4917,1.5501,1.6112,1.674,1.7372,1.7994,1.8589,1.9138,1.962,2.002,2.0326,2.0534,2.0648,2.0678,2.0639,2.0548,2.0419,2.0266,2.0098,1.9925,1.9752
1.5657,1.5556,1.5442,1.5314,1.5171,1.5012,1.4835,1.4642,1.443,1.4202,1.3959,1.3703,1.3437,1.3167,1.2898,1.264,1.24,1.2191,1.2024,1.191,1.186,1.1884,1.1987,1.2173,1.2441,1.2788,1.3207,1.3691,1.4231,1.4818,1.5444,1.6099,1.6773,1.7453,1.8124,1.8768,1.9361,1.9882,2.031,2.063,2.084,2.0943,2.0954,2.089,2.0771,2.0614,2.0434,2.0243,2.0049,1.9857
1.5714,1.5613,1.5498,1.5369,1.5222,1.5058,1.4875,1.4673,1.445,1.4208,1.3947,1.367,1.338,1.3082,1.2783,1.2492,1.2219,1.1976,1.1778,1.1637,1.1568,1.158,1.1681,1.1875,1.216,1.2531,1.2981,1.3501,1.4081,1.471,1.538,1.6081,1.6802,1.7532,1.8254,1.8949,1.9591,2.0153,2.0611,2.0948,2.1157,2.1248,2.1236,2.1144,2.0994,2.0806,2.0598,2.0382,2.0166,1.9957
1.5777,1.5677,1.5562,1.5431,1.5282,1.5114,1.4925,1.4714,1.448,1.4223,1.3944,1.3645,1.3329,1.3001,1.2669,1.2341,1.203,1.175,1.1515,1.1344,1.1251,1.1249,1.1347,1.155,1.1854,1.2253,1.2738,1.3297,1.3919,1.4593,1.5308,1.6055,1.6824,1.7605,1.838,1.9129,1.9823,2.043,2.0921,2.1274,2.1483,2.1558,2.152,2.1395,2.1211,2.0992,2.0755,2.0513,2.0276,2.0048
1.5846,1.5747,1.5633,1.5502,1.5352,1.518,1.4986,1.4766,1.4521,1.425,1.3953,1.3631,1.3287,1.2927,1.2558,1.219,1.1836,1.1512,1.1236,1.1028,1.0907,1.0888,1.0983,1.1196,1.1522,1.1953,1.2477,1.308,1.3748,1.4468,1.5229,1.6022,1.6839,1.7669,1.8497,1.9302,2.005,2.0706,2.1232,2.1602,2.181,2.1866,2.1799,2.1639,2.142,2.1167,2.09,2.0633,2.0375,2.013
1.5921,1.5825,1.5713,1.5582,1.5431,1.5257,1.5058,1.4832,1.4576,1.4291,1.3975,1.3629,1.3257,1.2862,1.2453,1.2041,1.1638,1.1264,1.0939,1.0688,1.0533,1.0495,1.0586,1.0811,1.1163,1.1632,1.22,1.2851,1.3567,1.4335,1.5143,1.5982,1.6844,1.7721,1.8601,1.9461,2.0266,2.0973,2.1536,2.1925,2.213,2.2166,2.2067,2.187,2.1614,2.1327,2.1031,2.074,2.0461,2.02
1.6003,1.591,1.5801,1.5672,1.5522,1.5347,1.5144,1.4911,1.4646,1.4347,1.4012,1.3643,1.324,1.2809,1.2357,1.1894,1.1437,1.1005,1.0624,1.0322,1.0127,1.0065,1.0152,1.0392,1.0776,1.1288,1.1906,1.261,1.3379,1.4197,1.5051,1.5933,1.6837,1.7757,1.8685,1.9597,2.0459,2.1219,2.1822,2.2231,2.2433,2.2447,2.2313,2.2079,2.1786,2.1466,2.1143,2.0829,2.0533,2.0257
1.6092,1.6004,1.5898,1.5772,1.5624,1.5449,1.5244,1.5006,1.4733,1.442,1.4068,1.3674,1.324,1.2771,1.2272,1.1755,1.1237,1.074,1.0292,0.9928,0.9685,0.9595,0.9678,0.9937,1.036,1.0923,1.1599,1.2362,1.3188,1.4057,1.4957,1.5878,1.6818,1.7774,1.8742,1.9702,2.0618,2.143,2.2076,2.2505,2.2704,2.2696,2.2529,2.2258,2.193,2.158,2.1232,2.0898,2.0587,2.0299
1.6188,1.6105,1.6005,1.5883,1.5738,1.5565,1.536,1.5119,1.4838,1.4514,1.4144,1.3726,1.3261,1.2751,1.2203,1.1627,1.1041,1.0469,0.9944,0.9507,0.9206,0.9081,0.916,0.9444,0.9915,1.054,1.1283,1.2111,1.2997,1.3919,1.4862,1.5819,1.6787,1.7769,1.8767,1.9766,2.0729,2.1591,2.2278,2.2729,2.2926,2.2898,2.27,2.2396,2.2037,2.1662,2.1294,2.0945,2.0621,2.0325
1.6291,1.6215,1.6121,1.6006,1.5865,1.5695,1.5492,1.5249,1.4963,1.4629,1.4243,1.3802,1.3306,1.2755,1.2155,1.1516,1.0855,1.0198,0.9583,0.9059,0.8685,0.8518,0.8594,0.8913,0.9444,1.0142,1.0961,1.1862,1.2812,1.3788,1.4773,1.5758,1.6745,1.7742,1.8755,1.9779,2.0778,2.1685,2.2411,2.2884,2.3082,2.3037,2.2814,2.2484,2.2102,2.1708,2.1325,2.0966,2.0635,2.0334
1.6401,1.6333,1.6247,1.6139,1.6006,1.5841,1.5641,1.54,1.5111,1.4769,1.4369,1.3906,1.3379,1.2787,1.2134,1.1428,1.0686,0.9935,0.9214,0.8585,0.8122,0.7903,0.7978,0.8343,0.8951,0.9738,1.0643,1.1622,1.264,1.3671,1.4695,1.5703,1.6698,1.7694,1.8705,1.9735,2.0756,2.1695,2.2454,2.295,2.3153,2.3099,2.286,2.2513,2.2117,2.1713,2.1324,2.096,2.0627,2.0325
1.6518,1.6459,1.6383,1.6284,1.616,1.6003,1.5809,1.5571,1.5282,1.4935,1.4524,1.4042,1.3486,1.2854,1.2147,1.1372,1.0544,0.9689,0.8848,0.8091,0.7516,0.7232,0.7309,0.7739,0.8446,0.9337,1.0339,1.1402,1.249,1.3575,1.4634,1.5658,1.6651,1.7629,1.8619,1.9633,2.0653,2.1608,2.2392,2.2908,2.3121,2.3069,2.2827,2.2477,2.208,2.1676,2.1288,2.0926,2.0596,2.0297
1.6642,1.6594,1.6528,1.6441,1.6328,1.6182,1.5997,1.5766,1.548,1.5131,1.4711,1.4214,1.3632,1.2961,1.2202,1.1358,1.0441,0.9475,0.85,0.7591,0.6874,0.6504,0.659,0.7111,0.7944,0.8957,1.0063,1.1213,1.2371,1.3508,1.4601,1.5634,1.6612,1.7558,1.8504,1.9478,2.0471,2.142,2.2214,2.2748,2.2978,2.294,2.2711,2.2373,2.1987,2.1594,2.1217,2.0865,2.0543,2.025
1.6771,1.6736,1.6683,1.661,1.6511,1.6378,1.6205,1.5984,1.5704,1.5358,1.4934,1.4424,1.382,1.3115,1.2307,1.1396,1.0392,0.9312,0.8193,0.7107,0.6209,0.5726,0.5831,0.6481,0.7471,0.862,0.9832,1.1065,1.2291,1.348,1.4603,1.564,1.6594,1.749,1.8372,1.9279,2.0219,2.1137,2.1925,2.247,2.2723,2.2712,2.2512,2.2201,2.1841,2.1471,2.1112,2.0777,2.0468,2.0187
1.6907,1.6885,1.6848,1.679,1.6707,1.6591,1.6434,1.6226,1.5958,1.5617,1.5194,1.4678,1.4057,1.3323,1.247,1.1498,1.0412,0.9225,0.7961,0.6681,0.5556,0.4919,0.5058,0.5887,0.7068,0.8356,0.9666,1.0973,1.2261,1.3498,1.4648,1.5685,1.6607,1.7442,1.8241,1.9058,1.9916,2.0777,2.1539,2.2088,2.2367,2.2395,2.2238,2.1969,2.1646,2.1309,2.0977,2.0664,2.0373,2.0107
1.7048,1.7042,1.7021,1.6982,1.6917,1.6821,1.6683,1.6493,1.6241,1.5912,1.5495,1.4977,1.4345,1.3589,1.27,1.1675,1.0519,0.924,0.785,0.6378,0.4986,0.4138,0.4334,0.5404,0.6791,0.82,0.9582,1.0946,1.2286,1.3567,1.4744,1.5778,1.6663,1.7427,1.8129,1.8837,1.9591,2.037,2.1086,2.1628,2.1933,2.2006,2.1902,2.1686,2.1411,2.1114,2.0816,2.0529,2.0261,2.0012
1.7194,1.7204,1.7202,1.7183,1.7141,1.7067,1.6953,1.6786,1.6554,1.6242,1.5837,1.5324,1.4689,1.3919,1.3003,1.1937,1.0726,0.9382,0.7909,0.6296,0.4638,0.3522,0.3799,0.5151,0.6711,0.8186,0.9597,1.0992,1.237,1.3691,1.4894,1.5927,1.6773,1.746,1.8056,1.8641,1.9274,1.9953,2.0604,2.1127,2.1452,2.1571,2.1525,2.1368,2.1145,2.0893,2.0633,2.0377,2.0134,1.9906
1.7343,1.7371,1.739,1.7394,1.7377,1.733,1.7243,1.7104,1.6897,1.6608,1.6221,1.5719,1.5089,1.4315,1.3385,1.2291,1.1043,0.9666,0.8178,0.6544,0.4744,0.3375,0.3731,0.5296,0.6894,0.8332,0.9715,1.111,1.2514,1.387,1.5099,1.6132,1.694,1.755,1.8036,1.8493,1.8996,1.9561,2.0134,2.0624,2.0958,2.1118,2.1128,2.1028,2.086,2.0655,2.0434,2.0212,1.9995,1.9789
1.7495,1.7543,1.7584,1.7612,1.7623,1.7607,1.7552,1.7446,1.7271,1.701,1.6646,1.6163,1.5546,1.4779,1.3847,1.2739,1.1471,1.0088,0.8654,0.7176,0.557,0.4222,0.4555,0.5983,0.7358,0.8632,0.9928,1.1295,1.271,1.4097,1.5354,1.6391,1.7165,1.77,1.8078,1.8407,1.8777,1.9224,1.9708,2.0152,2.0483,2.0673,2.0729,2.0683,2.0567,2.0408,2.0227,2.0037,1.9848,1.9664
1.7648,1.7717,1.7781,1.7837,1.7879,1.7897,1.7879,1.7811,1.7673,1.7447,1.7112,1.6652,1.6055,1.5307,1.4387,1.3282,1.2005,1.0629,0.9284,0.8096,0.7094,0.6354,0.643,0.7145,0.8028,0.9043,1.0215,1.1534,1.2948,1.436,1.5646,1.669,1.7436,1.7902,1.8178,1.8385,1.8629,1.8957,1.9349,1.9736,2.005,2.0255,2.0347,2.0346,2.0275,2.0159,2.0015,1.9858,1.9695,1.9534
1.7802,1.7892,1.7981,1.8066,1.8141,1.8197,1.8222,1.8197,1.8104,1.7917,1.7616,1.7184,1.6612,1.5891,1.5001,1.3915,1.2638,1.1259,0.9977,0.9052,0.87,0.8768,0.8535,0.8392,0.875,0.9504,1.0546,1.181,1.3214,1.4644,1.5954,1.7008,1.7729,1.8134,1.832,1.8418,1.8546,1.8764,1.9063,1.9386,1.9672,1.9878,1.9993,2.0026,1.9993,1.9914,1.9804,1.9677,1.954,1.9401
1.7954,1.8066,1.8182,1.8297,1.8408,1.8506,1.8577,1.8603,1.8559,1.8419,1.8155,1.7751,1.7206,1.6519,1.5675,1.4631,1.3365,1.1961,1.0664,0.9822,0.9718,1.0059,0.9781,0.9312,0.9384,0.9958,1.0897,1.2106,1.3491,1.4927,1.6253,1.7312,1.8014,1.8368,1.8478,1.8485,1.8514,1.8634,1.8846,1.9104,1.9352,1.9548,1.9674,1.973,1.9727,1.9679,1.9599,1.9498,1.9386,1.9267
1.8104,1.8238,1.838,1.8527,1.8676,1.8818,1.8941,1.9023,1.9038,1.8951,1.8727,1.8349,1.7823,1.7172,1.639,1.5416,1.4182,1.2738,1.1343,1.0388,1.0143,1.0326,1.0165,0.9833,0.988,1.038,1.1251,1.2409,1.3764,1.5188,1.6512,1.7569,1.8252,1.8568,1.8621,1.8559,1.8512,1.8551,1.8686,1.8881,1.9088,1.9265,1.9391,1.9461,1.948,1.9456,1.9401,1.9324,1.9233,1.9134
1.8248,1.8404,1.8573,1.8753,1.8941,1.9131,1.9309,1.9455,1.9536,1.951,1.9331,1.897,1.8448,1.7822,1.7113,1.6243,1.5078,1.3602,1.2067,1.0894,1.0364,1.0306,1.0241,1.0138,1.0279,1.0773,1.16,1.2707,1.4016,1.5406,1.6708,1.7747,1.8411,1.8702,1.8721,1.8616,1.8516,1.8494,1.8566,1.8705,1.887,1.9024,1.9144,1.922,1.9253,1.9249,1.9214,1.9157,1.9085,1.9003
1.8387,1.8564,1.8759,1.8971,1.9199,1.9437,1.9675,1.9891,2.0049,2.0096,1.9967,1.9614,1.9067,1.8436,1.7802,1.7071,1.6023,1.4553,1.2889,1.1491,1.0688,1.0419,1.0371,1.0416,1.0649,1.1153,1.1944,1.2994,1.424,1.5571,1.6823,1.7827,1.847,1.8748,1.8756,1.8634,1.8507,1.8445,1.847,1.8563,1.8691,1.882,1.8929,1.9006,1.9047,1.9056,1.9038,1.8998,1.8942,1.8875
1.8517,1.8714,1.8934,1.9178,1.9444,1.9732,2.0031,2.0322,2.0569,2.0705,2.0639,2.0287,1.9671,1.8981,1.8401,1.7837,1.6957,1.555,1.3811,1.224,1.1221,1.0773,1.0673,1.0763,1.1036,1.1536,1.2284,1.3266,1.4431,1.5678,1.6857,1.7809,1.8426,1.8702,1.8719,1.8605,1.8472,1.8392,1.8385,1.8443,1.8539,1.8646,1.8742,1.8815,1.8861,1.8879,1.8873,1.8847,1.8805,1.8752
1.8637,1.8853,1.9096,1.9368,1.9672,2.0007,2.0367,2.0737,2.1081,2.1326,2.1348,2.1001,2.0266,1.943,1.8858,1.8469,1.7791,1.6502,1.4766,1.3102,1.1931,1.1328,1.1135,1.1195,1.1457,1.1927,1.2618,1.352,1.4589,1.5733,1.682,1.7706,1.8295,1.8575,1.8615,1.8526,1.8408,1.8325,1.8302,1.8335,1.8407,1.8493,1.8577,1.8645,1.8693,1.8717,1.872,1.8705,1.8675,1.8633
1.8746,1.8979,1.9242,1.954,1.9876,2.0254,2.0672,2.112,2.1567,2.1939,2.2085,2.1773,2.0875,1.9776,1.9136,1.8903,1.8431,1.7298,1.5645,1.3977,1.2723,1.1998,1.1699,1.1692,1.1905,1.2323,1.2944,1.3757,1.4718,1.5749,1.6732,1.7545,1.8101,1.8387,1.8459,1.8406,1.8314,1.8241,1.8214,1.8233,1.8287,1.8358,1.843,1.8493,1.854,1.8568,1.8578,1.8572,1.8551,1.852
1.8843,1.9089,1.9368,1.9688,2.0052,2.0467,2.0935,2.1453,2.1998,2.2505,2.2811,2.2592,2.1531,2.0053,1.9248,1.9119,1.882,1.7859,1.6354,1.4766,1.35,1.2697,1.2304,1.2217,1.2364,1.2716,1.3259,1.3976,1.4827,1.574,1.6616,1.7351,1.7872,1.8164,1.8268,1.8255,1.8196,1.8143,1.812,1.8133,1.8176,1.8235,1.8298,1.8355,1.8401,1.8431,1.8447,1.8447,1.8435,1.8412
1.8925,1.9182,1.9474,1.981,2.0195,2.0637,2.1143,2.1715,2.2341,2.2968,2.3437,2.3368,2.2217,2.0336,1.9285,1.9171,1.8975,1.8174,1.6856,1.541,1.4193,1.336,1.29,1.2739,1.2816,1.3096,1.3558,1.4179,1.492,1.5718,1.6489,1.7148,1.7632,1.7927,1.806,1.8086,1.8062,1.8031,1.8019,1.8033,1.807,1.8121,1.8177,1.823,1.8274,1.8306,1.8324,1.833,1.8325,1.8309
1.8993,1.9257,1.9558,1.9904,2.0301,2.076,2.1288,2.1892,2.2565,2.3266,2.3848,2.3912,2.2783,2.0678,1.9389,1.9166,1.8978,1.8299,1.7172,1.5898,1.4773,1.3951,1.3453,1.3234,1.3247,1.3457,1.3839,1.4368,1.5004,1.5695,1.6368,1.6953,1.74,1.7692,1.7848,1.7908,1.7917,1.7911,1.7913,1.7932,1.7967,1.8013,1.8065,1.8114,1.8157,1.8189,1.8211,1.8221,1.8221,1.8211
1.9046,1.9313,1.9619,1.9968,2.037,2.0833,2.1366,2.1975,2.2654,2.3362,2.3958,2.4057,2.3018,2.1004,1.9609,1.9192,1.8924,1.8317,1.7355,1.6251,1.5238,1.4457,1.3947,1.3688,1.3647,1.3794,1.4101,1.4543,1.5085,1.5676,1.6259,1.6777,1.7187,1.7472,1.7644,1.7732,1.777,1.7788,1.7804,1.783,1.7867,1.7911,1.796,1.8007,1.8048,1.8081,1.8105,1.8119,1.8123,1.8119
1.9084,1.9352,1.9656,2.0004,2.0402,2.0857,2.1377,2.1965,2.2609,2.3261,2.3776,2.3811,2.2887,2.1184,1.9852,1.926,1.8873,1.8291,1.7456,1.6502,1.5603,1.4879,1.4377,1.4095,1.4012,1.4103,1.4343,1.4708,1.5163,1.5666,1.617,1.6625,1.6998,1.7273,1.7455,1.7564,1.7626,1.7664,1.7695,1.7729,1.7769,1.7814,1.7861,1.7906,1.7947,1.7981,1.8006,1.8023,1.8031,1.8031
1.9107,1.9372,1.9671,2.0011,2.0397,2.0835,2.1327,2.1872,2.2451,2.3005,2.3392,2.3335,2.2538,2.1187,2.0016,1.9328,1.8837,1.8257,1.7513,1.6683,1.5889,1.5227,1.4745,1.4453,1.4339,1.4384,1.4566,1.4862,1.5241,1.5667,1.61,1.6499,1.6837,1.7098,1.7284,1.7407,1.7488,1.7543,1.7588,1.763,1.7674,1.7721,1.7767,1.7812,1.7853,1.7887,1.7914,1.7933,1.7945,1.7949
1.9116,1.9374,1.9665,1.9993,2.0361,2.0772,2.1226,2.1714,2.2211,2.2653,2.2912,2.2785,2.2115,2.1061,2.007,1.9362,1.8809,1.8226,1.7549,1.6817,1.6113,1.5512,1.5058,1.4766,1.463,1.4638,1.477,1.5007,1.532,1.5678,1.6049,1.6398,1.6702,1.6947,1.7132,1.7265,1.7359,1.7428,1.7484,1.7535,1.7583,1.7632,1.7679,1.7724,1.7764,1.7799,1.7828,1.7849,1.7863,1.787
1.9111,1.9361,1.964,1.9951,2.0296,2.0675,2.1084,2.1509,2.1921,2.2257,2.2411,2.2247,2.169,2.0862,2.0031,1.935,1.8774,1.8198,1.7573,1.6918,1.6291,1.5747,1.5323,1.5037,1.4887,1.4866,1.4957,1.5142,1.5398,1.5699,1.6015,1.632,1.6593,1.6821,1.7001,1.7138,1.7241,1.7321,1.7386,1.7443,1.7496,1.7547,1.7595,1.764,1.7681,1.7717,1.7747,1.777,1.7786,1.7796
1.9095,1.9334,1.9598,1.989,2.0209,2.0552,2.0913,2.1276,2.1608,2.1854,2.1932,2.1755,2.1291,2.0627,1.9926,1.9296,1.8728,1.8168,1.7588,1.6997,1.6434,1.594,1.5547,1.5271,1.5114,1.5069,1.5127,1.5269,1.5477,1.5727,1.5996,1.6262,1.6505,1.6716,1.6889,1.7027,1.7135,1.7222,1.7294,1.7356,1.7413,1.7466,1.7516,1.7562,1.7603,1.764,1.7671,1.7695,1.7714,1.7727
1.9067,1.9294,1.9542,1.9813,2.0103,2.041,2.0724,2.1028,2.129,2.1464,2.1491,2.1314,2.0923,2.0378,1.9783,1.9209,1.8667,1.8134,1.7595,1.7058,1.6549,1.6101,1.5737,1.5473,1.5312,1.5251,1.5281,1.5388,1.5554,1.5762,1.599,1.6221,1.6437,1.663,1.6794,1.693,1.7041,1.7132,1.7208,1.7275,1.7335,1.739,1.7441,1.7488,1.753,1.7567,1.7599,1.7625,1.7646,1.766
1.903,1.9243,1.9474,1.9722,1.9985,2.0256,2.0525,2.0776,2.098,2.11,2.1092,2.0922,2.0587,2.0131,1.9618,1.9101,1.8595,1.8094,1.7595,1.7105,1.6643,1.6235,1.5899,1.5648,1.5487,1.5414,1.5421,1.5498,1.563,1.5801,1.5995,1.6194,1.6386,1.6562,1.6716,1.6847,1.6957,1.705,1.713,1.72,1.7262,1.7319,1.7371,1.7419,1.7462,1.7499,1.7532,1.7559,1.7581,1.7598
1.8985,1.9184,1.9397,1.9623,1.9857,2.0094,2.0323,2.0528,2.0684,2.0763,2.0732,2.0571,2.0281,1.9891,1.9445,1.898,1.8513,1.8049,1.7588,1.714,1.672,1.6346,1.6036,1.5799,1.564,1.5558,1.5548,1.5601,1.5704,1.5844,1.6007,1.6179,1.6349,1.6508,1.6651,1.6776,1.6885,1.6978,1.7059,1.7131,1.7195,1.7253,1.7306,1.7354,1.7397,1.7436,1.7469,1.7497,1.7521,1.7539
1.8933,1.9117,1.9313,1.9516,1.9725,1.993,2.0123,2.0288,2.0406,2.0454,2.0409,2.0257,2.0002,1.9663,1.9271,1.8853,1.8427,1.7998,1.7575,1.7165,1.6782,1.644,1.6153,1.5929,1.5774,1.5687,1.5663,1.5696,1.5775,1.5889,1.6026,1.6174,1.6323,1.6467,1.6599,1.6717,1.6822,1.6914,1.6996,1.7068,1.7133,1.7191,1.7245,1.7293,1.7337,1.7376,1.741,1.7439,1.7464,1.7483
1.8875,1.9045,1.9223,1.9406,1.9589,1.9767,1.9928,2.006,2.0147,2.0172,2.0117,1.9975,1.9747,1.9449,1.9102,1.8726,1.8337,1.7945,1.7557,1.7182,1.6831,1.6518,1.6252,1.6042,1.5892,1.5801,1.5767,1.5784,1.5843,1.5934,1.6049,1.6176,1.6307,1.6436,1.6557,1.6668,1.6769,1.6858,1.6939,1.7011,1.7076,1.7134,1.7188,1.7237,1.7281,1.732,1.7355,1.7385,1.741,1.7431
1.8813,1.8969,1.913,1.9293,1.9454,1.9606,1.974,1.9845,1.9907,1.9914,1.9854,1.972,1.9515,1.925,1.894,1.8602,1.8248,1.789,1.7534,1.7191,1.6871,1.6583,1.6338,1.614,1.5995,1.5903,1.5861,1.5865,1.5907,1.598,1.6075,1.6184,1.6299,1.6414,1.6525,1.6628,1.6723,1.681,1.6888,1.6959,1.7024,1.7082,1.7136,1.7184,1.7228,1.7268,1.7303,1.7333,1.7359,1.7381
1.8748,1.889,1.9036,1.918,1.932,1.945,1.956,1.9642,1.9686,1.968,1.9615,1.9489,1.9303,1.9065,1.8787,1.8482,1.8161,1.7834,1.7509,1.7195,1.6902,1.6638,1.641,1.6226,1.6087,1.5994,1.5946,1.594,1.5968,1.6025,1.6104,1.6197,1.6297,1.64,1.65,1.6596,1.6686,1.6768,1.6844,1.6913,1.6977,1.7035,1.7088,1.7136,1.718,1.7219,1.7254,1.7285,1.7312,1.7334
