docs/data/wind_grid.json
[{"header":{"la1":42.85,"la2":41.18,"lo1":11.55,"lo2":14.05,"nx":36,"ny":24,"dx":0.07143,"dy":0.07261,"parameterCategory":2,"parameterNumber":2,"parameterNumberName":"eastward_wind","parameterUnit":"m.s-1"},"data":[-0.5574,-0.5685,-0.5806,-0.5936,-0.6068,-0.6189,-0.6285,-0.6339,-0.6343,-0.6301,-0.6235,-0.6173,-0.6139,-0.615,-0.621,-0.6312,-0.6439,-0.6564,-0.666,-0.6706,-0.6694,-0.6631,-0.6531,-0.641,-0.6282,-0.6156,-0.6037,-0.5927,-0.5827,-0.5736,-0.5654,-0.5581,-0.5515,-0.5456,-0.5403,-0.5355,-0.5607,-0.5738,-0.5889,-0.6058,-0.6239,-0.6417,-0.6564,-0.6647,-0.6642,-0.6554,-0.642,-0.6293,-0.6217,-0.6217,-0.6297,-0.6448,-0.6643,-0.6839,-0.6988,-0.7052,-0.7021,-0.6913,-0.6758,-0.6586,-0.6415,-0.6254,-0.6107,-0.5977,-0.5861,-0.5759,-0.5669,-0.559,-0.5519,-0.5456,-0.54,-0.535,-0.563,-0.5783,-0.5968,-0.6188,-0.6441,-0.6712,-0.6957,-0.7107,-0.7097,-0.6925,-0.6667,-0.6427,-0.628,-0.6259,-0.637,-0.6596,-0.6901,-0.7218,-0.7456,-0.7541,-0.7463,-0.7271,-0.7028,-0.678,-0.6551,-0.6348,-0.6171,-0.6019,-0.5889,-0.5776,-0.5678,-0.5592,-0.5517,-0.5451,-0.5393,-0.534,-0.5638,-0.5812,-0.6032,-0.6311,-0.6662,-0.708,-0.7512,-0.7821,-0.7828,-0.7496,-0.6999,-0.6562,-0.6304,-0.6254,-0.6407,-0.6745,-0.7227,-0.7755,-0.8153,-0.8258,-0.8068,-0.7716,-0.7331,-0.698,-0.668,-0.643,-0.6222,-0.605,-0.5905,-0.5782,-0.5678,-0.5588,-0.5509,-0.544,-0.538,-0.5327,-0.5626,-0.5814,-0.6062,-0.6397,-0.6859,-0.7488,-0.8262,-0.8946,-0.9051,-0.8381,-0.7417,-0.6657,-0.6249,-0.6168,-0.6377,-0.6862,-0.7608,-0.8504,-0.9204,-0.9308,-0.8859,-0.8221,-0.7633,-0.7157,-0.6782,-0.6488,-0.6253,-0.6063,-0.5907,-0.5777,-0.5668,-0.5575,-0.5494,-0.5424,-0.5362,-0.5308,-0.5588,-0.5779,-0.6037,-0.6404,-0.6952,-0.7803,-0.9081,-1.056,-1.0999,-0.9595,-0.7787,-0.6605,-0.6053,-0.596,-0.6235,-0.6877,-0.794,-0.9386,-1.0625,-1.0666,-0.9718,-0.8672,-0.7861,-0.7271,-0.6837,-0.6509,-0.6255,-0.6054,-0.5892,-0.5759,-0.5648,-0.5553,-0.5471,-0.54,-0.5338,-0.5283,-0.5525,-0.5705,-0.5948,-0.6297,-0.684,-0.776,-0.9384,-1.1805,-1.2838,-1.0339,-0.7658,-0.623,-0.5654,-0.5597,-0.5941,-0.6694,-0.7963,-0.9844,-1.1634,-1.1578,-1.0156,-0.884,-0.7921,-0.7284,-0.6826,-0.6486,-0.6225,-0.6022,-0.586,-0.5728,-0.5617,-0.5522,-0.5441,-0.5369,-0.5307,-0.5253,-0.5441,-0.5599,-0.5804,-0.6085,-0.6502,-0.7187,-0.8407,-1.0282,-1.0987,-0.8726,-0.6534,-0.5444,-0.504,-0.5074,-0.5486,-0.6286,-0.7518,-0.9179,-1.0699,-1.0755,-0.9677,-0.8597,-0.7784,-0.7189,-0.6747,-0.6415,-0.6162,-0.5966,-0.5811,-0.5684,-0.5576,-0.5484,-0.5403,-0.5332,-0.5269,-0.5215,-0.5345,-0.5478,-0.5639,-0.5835,-0.6074,-0.6369,-0.6724,-0.6992,-0.6616,-0.5576,-0.4814,-0.443,-0.4281,-0.4406,-0.4892,-0.5773,-0.6958,-0.8209,-0.9129,-0.9309,-0.885,-0.8178,-0.7542,-0.7019,-0.6611,-0.6303,-0.6069,-0.589,-0.5748,-0.563,-0.5528,-0.5438,-0.5357,-0.5286,-0.5223,-0.517,-0.5246,-0.536,-0.5491,-0.5633,-0.5761,-0.5813,-0.5629,-0.4885,-0.3427,-0.268,-0.3216,-0.3494,-0.3472,-0.3575,-0.4143,-0.5288,-0.6802,-0.8193,-0.8956,-0.8987,-0.8542,-0.7917,-0.7311,-0.6811,-0.6432,-0.6154,-0.5951,-0.5799,-0.5676,-0.557,-0.5475,-0.5386,-0.5304,-0.5231,-0.5168,-0.5114,-0.5149,-0.5254,-0.5379,-0.5523,-0.5672,-0.5776,-0.565,-0.4629,-0.1332,0.0182,-0.2217,-0.2865,-0.2648,-0.246,-0.3101,-0.4846,-0.738,-0.9814,-1.0733,-1.0052,-0.8888,-0.7861,-0.7094,-0.656,-0.6206,-0.5974,-0.5817,-0.5702,-0.5605,-0.5513,-0.5421,-0.533,-0.5243,-0.5165,-0.5099,-0.5045,-0.5051,-0.5155,-0.529,-0.5474,-0.5737,-0.6127,-0.6676,-0.6852,-0.3977,-0.1634,-0.2581,-0.2601,-0.1906,-0.0899,-0.1686,-0.4489,-0.8997,-1.4434,-1.5436,-1.2266,-0.9466,-0.7744,-0.6756,-0.621,-0.5918,-0.5766,-0.5681,-0.5617,-0.5549,-0.5467,-0.5371,-0.5268,-0.5169,-0.5081,-0.5011,-0.4958,-0.4948,-0.5048,-0.5191,-0.5407,-0.5761,-0.6379,-0.7473,-0.8833,-0.7412,-0.4418,-0.313,-0.2618,-0.1937,-0.0408,-0.1121,-0.4753,-1.0893,-2.1839,-2.1989,-1.3878,-0.9302,-0.7104,-0.6101,-0.5691,-0.5563,-0.5552,-0.557,-0.557,-0.5529,-0.5444,-0.5327,-0.5197,-0.5072,-0.4968,-0.4893,-0.4845,-0.4833,-0.492,-0.505,-0.5253,-0.5586,-0.6144,-0.7013,-0.7924,-0.7009,-0.4432,-0.2973,-0.2734,-0.261,-0.1162,-0.2538,-0.6297,-1.1059,-1.6879,-1.7363,-1.1406,-0.7351,-0.5524,-0.4987,-0.4993,-0.5176,-0.5382,-0.5537,-0.5604,-0.5574,-0.5459,-0.529,-0.5102,-0.4933,-0.4806,-0.4728,-0.4693,-0.4706,-0.4769,-0.4863,-0.5006,-0.5221,-0.5526,-0.5863,-0.5892,-0.4922,-0.322,-0.2115,-0.2069,-0.1842,-0.1053,-0.3303,-0.9723,-1.5498,-1.1685,-0.9718,-0.6572,-0.3672,-0.2904,-0.3485,-0.4233,-0.487,-0.5359,-0.5669,-0.5785,-0.5723,-0.5523,-0.5244,-0.4951,-0.4711,-0.4558,-0.4492,-0.4489,-0.4571,-0.4603,-0.4649,-0.4712,-0.4788,-0.4845,-0.4786,-0.4396,-0.3433,-0.1888,-0.0021,-0.1632,-0.1834,-0.1991,-0.3638,-0.8566,-1.2721,-0.8576,-0.5344,-0.2552,0.0643,0.009,-0.211,-0.3704,-0.4839,-0.5641,-0.6094,-0.6198,-0.6018,-0.5639,-0.5154,-0.4681,-0.4335,-0.4169,-0.4152,-0.4221,-0.4435,-0.4435,-0.4434,-0.4425,-0.4392,-0.4295,-0.4061,-0.3584,-0.277,-0.1579,-0.0247,-0.1102,-0.1444,-0.1439,-0.2679,-0.4388,-0.5212,-0.3197,-0.1068,-0.0495,0.1306,0.0582,-0.1804,-0.3742,-0.5297,-0.6441,-0.6987,-0.6943,-0.6495,-0.5794,-0.4958,-0.4182,-0.3697,-0.3573,-0.3688,-0.3892,-0.4306,-0.4278,-0.4239,-0.4179,-0.408,-0.3914,-0.364,-0.3216,-0.2633,-0.1969,-0.1502,-0.1498,-0.133,-0.1228,-0.119,-0.1187,-0.139,0.1276,0.4145,0.1163,-0.0086,-0.0899,-0.2456,-0.4343,-0.6319,-0.794,-0.8493,-0.8045,-0.7145,-0.5969,-0.459,-0.3338,-0.2706,-0.2757,-0.3133,-0.3542,-0.419,-0.4141,-0.4075,-0.3985,-0.3856,-0.3672,-0.3413,-0.3072,-0.2666,-0.226,-0.1951,-0.1748,-0.1487,-0.088,0.1246,0.2148,0.0267,0.1537,0.3054,0.1389,-0.0117,-0.1534,-0.3099,-0.5075,-0.7522,-0.9808,-1.0267,-0.9203,-0.7853,-0.6186,-0.4149,-0.229,-0.1562,-0.1939,-0.265,-0.3269,-0.409,-0.4027,-0.3946,-0.3841,-0.3704,-0.3525,-0.3298,-0.3025,-0.2724,-0.2427,-0.2158,-0.1892,-0.1506,-0.0677,0.1022,0.1571,0.0345,0.0561,0.1497,0.1788,-0.0016,-0.1837,-0.349,-0.5463,-0.7986,-1.0271,-1.0685,-0.9879,-0.8515,-0.6555,-0.4108,-0.1893,-0.1125,-0.1662,-0.2507,-0.3197,-0.4008,-0.3936,-0.3849,-0.374,-0.3605,-0.344,-0.3244,-0.3022,-0.2782,-0.2539,-0.2294,-0.2022,-0.1649,-0.1074,-0.0372,-0.0117,-0.0303,-0.0098,0.0559,0.0602,-0.0807,-0.2364,-0.364,-0.5326,-0.7738,-1.0073,-1.1625,-1.106,-0.9246,-0.7103,-0.4768,-0.2781,-0.1963,-0.2217,-0.2822,-0.337,-0.3942,-0.3867,-0.3778,-0.3671,-0.3544,-0.3396,-0.3227,-0.304,-0.2841,-0.2635,-0.2418,-0.2177,-0.1884,-0.1533,-0.1198,-0.102,-0.0969,-0.0856,-0.0733,-0.1032,-0.198,-0.29,-0.3381,-0.4705,-0.7246,-1.0346,-1.2763,-1.1801,-0.9576,-0.7503,-0.56,-0.4078,-0.3276,-0.3166,-0.3401,-0.3706,-0.3892,-0.3817,-0.3729,-0.3628,-0.3511,-0.3379,-0.3232,-0.3073,-0.2905,-0.2729,-0.2545,-0.2347,-0.2131,-0.1908,-0.1714,-0.1593,-0.154,-0.1534,-0.164,-0.2012,-0.2645,-0.3041,-0.3058,-0.4158,-0.6432,-0.899,-1.0646,-1.0354,-0.8971,-0.7461,-0.6086,-0.4983,-0.4287,-0.3998,-0.3978,-0.4077,-0.3855,-0.3782,-0.3698,-0.3604,-0.3498,-0.3381,-0.3253,-0.3117,-0.2974,-0.2826,-0.2673,-0.2517,-0.2359,-0.2211,-0.2091,-0.2019,-0.2004,-0.2061,-0.2225,-0.2538,-0.2936,-0.3194,-0.3402,-0.4254,-0.5794,-0.7434,-0.8496,-0.8596,-0.7981,-0.7092,-0.6194,-0.5428,-0.4876,-0.4556,-0.4419,-0.4394]},{"header":{"la1":42.85,"la2":41.18,"lo1":11.55,"lo2":14.05,"nx":36,"ny":24,"dx":0.07143,"dy":0.07261,"parameterCategory":2,"parameterNumber":3,"parameterNumberName":"northward_wind","parameterUnit":"m.s-1"},"data":[-0.8211,-0.8147,-0.8065,-0.7965,-0.7849,-0.7725,-0.7603,-0.7492,-0.7397,-0.7312,-0.7221,-0.7106,-0.6952,-0.6752,-0.6508,-0.6234,-0.5949,-0.5685,-0.547,-0.5326,-0.526,-0.526,-0.5307,-0.5381,-0.547,-0.5563,-0.5657,-0.5749,-0.5838,-0.5926,-0.6012,-0.6095,-0.6176,-0.6254,-0.6328,-0.6399,-0.8301,-0.8232,-0.8136,-0.8013,-0.7865,-0.7702,-0.7543,-0.7409,-0.7316,-0.7256,-0.7199,-0.7108,-0.6956,-0.6731,-0.6434,-0.6081,-0.5704,-0.5348,-0.5068,-0.4903,-0.486,-0.4911,-0.5018,-0.5148,-0.5283,-0.5412,-0.5534,-0.5648,-0.5757,-0.586,-0.596,-0.6056,-0.6148,-0.6236,-0.632,-0.6399,-0.8408,-0.8333,-0.8222,-0.8068,-0.7871,-0.7641,-0.7409,-0.7227,-0.7136,-0.713,-0.7148,-0.7115,-0.6982,-0.6732,-0.6368,-0.5905,-0.5383,-0.4878,-0.4492,-0.4306,-0.4322,-0.4473,-0.4681,-0.4893,-0.5087,-0.526,-0.5412,-0.555,-0.5678,-0.5798,-0.5913,-0.6023,-0.6127,-0.6227,-0.6321,-0.6409,-0.8535,-0.8458,-0.8333,-0.8144,-0.7877,-0.7534,-0.7158,-0.6857,-0.6757,-0.6871,-0.7051,-0.7136,-0.7048,-0.6776,-0.6328,-0.5714,-0.497,-0.4208,-0.3635,-0.3435,-0.3595,-0.3937,-0.4306,-0.463,-0.4895,-0.5114,-0.5297,-0.5459,-0.5606,-0.5743,-0.5873,-0.5997,-0.6116,-0.6228,-0.6333,-0.643,-0.8687,-0.8619,-0.8488,-0.8267,-0.7916,-0.7403,-0.6749,-0.6152,-0.599,-0.6376,-0.6902,-0.7198,-0.7181,-0.689,-0.6349,-0.555,-0.4484,-0.3275,-0.234,-0.216,-0.2648,-0.3336,-0.3935,-0.4389,-0.4726,-0.4985,-0.5195,-0.5376,-0.5541,-0.5695,-0.5842,-0.5983,-0.6116,-0.6242,-0.6359,-0.6465,-0.8869,-0.8822,-0.8707,-0.8478,-0.8064,-0.7357,-0.626,-0.4992,-0.4587,-0.56,-0.6788,-0.7374,-0.7424,-0.7105,-0.648,-0.5505,-0.4066,-0.2175,-0.0573,-0.0498,-0.1626,-0.2808,-0.3654,-0.4215,-0.4599,-0.4881,-0.5108,-0.5305,-0.5486,-0.5657,-0.5822,-0.5981,-0.6132,-0.6273,-0.6403,-0.652,-0.9079,-0.9074,-0.9005,-0.8821,-0.8427,-0.7645,-0.6188,-0.4031,-0.3129,-0.5137,-0.7053,-0.7793,-0.7813,-0.7438,-0.6759,-0.5705,-0.4059,-0.1628,0.0698,0.0632,-0.1122,-0.2628,-0.3569,-0.4144,-0.4525,-0.4805,-0.5036,-0.5243,-0.5439,-0.563,-0.5816,-0.5996,-0.6167,-0.6326,-0.647,-0.6598,-0.931,-0.9366,-0.9379,-0.9306,-0.9065,-0.8498,-0.734,-0.5521,-0.4802,-0.6643,-0.8143,-0.853,-0.834,-0.7872,-0.7177,-0.6178,-0.4703,-0.2604,-0.0581,-0.0479,-0.1796,-0.2965,-0.3704,-0.4169,-0.4491,-0.4745,-0.4971,-0.5186,-0.5399,-0.5613,-0.5825,-0.6032,-0.6227,-0.6407,-0.6568,-0.6707,-0.9547,-0.9678,-0.98,-0.9889,-0.9905,-0.9778,-0.9444,-0.9039,-0.9162,-0.9767,-0.9853,-0.9447,-0.8918,-0.8353,-0.7669,-0.6769,-0.5616,-0.4261,-0.3078,-0.2712,-0.3067,-0.3552,-0.3934,-0.4222,-0.4459,-0.4679,-0.4899,-0.5127,-0.5364,-0.5609,-0.5855,-0.6095,-0.6322,-0.6528,-0.6707,-0.6856,-0.9769,-0.9978,-1.0216,-1.0483,-1.0776,-1.1087,-1.1428,-1.1946,-1.2861,-1.3049,-1.1627,-1.0248,-0.9413,-0.8844,-0.8189,-0.7293,-0.6264,-0.5296,-0.4536,-0.4088,-0.3942,-0.397,-0.4071,-0.4211,-0.4381,-0.458,-0.4806,-0.5058,-0.5331,-0.5619,-0.5912,-0.6198,-0.6464,-0.67,-0.6899,-0.7058,-0.9954,-1.0232,-1.0572,-1.0996,-1.1529,-1.2185,-1.2918,-1.369,-1.5358,-1.6238,-1.2833,-1.0608,-0.9745,-0.9429,-0.8821,-0.7683,-0.6465,-0.5573,-0.4998,-0.4552,-0.4223,-0.4041,-0.3997,-0.4063,-0.4212,-0.4421,-0.4677,-0.4972,-0.5299,-0.5649,-0.6007,-0.6355,-0.6673,-0.6946,-0.7165,-0.7328,-1.0083,-1.0407,-1.0818,-1.1352,-1.2059,-1.2991,-1.4101,-1.489,-1.497,-1.489,-1.2253,-1.0394,-0.9934,-1.039,-0.9714,-0.7833,-0.6138,-0.5391,-0.5075,-0.4546,-0.405,-0.3747,-0.3656,-0.3736,-0.3927,-0.4189,-0.4502,-0.4864,-0.5269,-0.5708,-0.6159,-0.6592,-0.6979,-0.7296,-0.7533,-0.769,-1.0143,-1.0486,-1.0922,-1.1495,-1.2267,-1.3327,-1.4723,-1.5993,-1.5104,-1.3055,-1.1105,-0.9963,-0.9717,-1.0671,-0.9965,-0.7077,-0.5002,-0.5426,-0.54,-0.4251,-0.3438,-0.3024,-0.2989,-0.3199,-0.3516,-0.3878,-0.4276,-0.4728,-0.5242,-0.5808,-0.6393,-0.695,-0.743,-0.7798,-0.8042,-0.8173,-1.0132,-1.0463,-1.0878,-1.141,-1.2107,-1.3025,-1.4158,-1.515,-1.4388,-1.2036,-1.0365,-0.9792,-0.9595,-0.8139,-0.7722,-0.4029,-0.1003,-0.3376,-0.418,-0.3137,-0.2055,-0.1605,-0.1883,-0.2445,-0.2998,-0.3494,-0.3989,-0.4551,-0.5213,-0.5965,-0.6752,-0.7493,-0.8101,-0.8521,-0.8747,-0.8813,-1.0056,-1.0351,-1.0708,-1.1143,-1.1667,-1.2271,-1.2856,-1.306,-1.2261,-1.0797,-0.9818,-0.9418,-0.8487,-0.6978,-0.6156,0.2255,1.0988,0.187,-0.1698,-0.1103,0.0875,0.1104,-0.0265,-0.1569,-0.244,-0.3043,-0.3604,-0.4289,-0.5161,-0.6197,-0.7302,-0.8326,-0.9113,-0.9572,-0.9722,-0.9649,-0.993,-1.0177,-1.0459,-1.0776,-1.1114,-1.1428,-1.1606,-1.1447,-1.0806,-0.9926,-0.9308,-0.9839,-0.9364,-0.8099,-0.5955,0.1077,0.7231,0.1266,-0.1431,0.0845,0.6265,0.521,0.1336,-0.0899,-0.1944,-0.2477,-0.3008,-0.3839,-0.5035,-0.6523,-0.8143,-0.9624,-1.0657,-1.1098,-1.1043,-1.0704,-0.9771,-0.9966,-1.0175,-1.0387,-1.0582,-1.0714,-1.0713,-1.0505,-1.009,-0.9621,-0.9322,-0.9623,-1.0757,-1.1048,-0.7541,-0.4186,-0.2224,-0.3336,-0.3969,-0.0343,0.6816,0.5484,0.1245,-0.0854,-0.1504,-0.1561,-0.1899,-0.3002,-0.4757,-0.6958,-0.9407,-1.1635,-1.2994,-1.3249,-1.2745,-1.1947,-0.9596,-0.9743,-0.9889,-1.0023,-1.0125,-1.0165,-1.011,-0.9944,-0.9702,-0.9483,-0.9415,-0.9699,-1.1,-1.1104,-0.8433,-0.6914,-0.5802,-0.6698,-0.8329,-0.4593,-0.0413,0.0532,-0.062,-0.1311,-0.087,0.0262,0.0302,-0.1574,-0.4318,-0.7503,-1.116,-1.4555,-1.6272,-1.5987,-1.4676,-1.3224,-0.9416,-0.9522,-0.962,-0.9699,-0.9746,-0.9743,-0.9678,-0.9555,-0.9402,-0.9272,-0.9224,-0.9318,-0.95,-0.9145,-0.8637,-0.863,-0.7113,-0.7023,-0.7551,-0.5821,-0.3989,-0.2711,-0.2329,-0.1846,-0.0097,0.325,0.3892,-0.007,-0.4089,-0.8089,-1.2992,-1.7793,-1.976,-1.8582,-1.6301,-1.4207,-0.9239,-0.9313,-0.9375,-0.9418,-0.9431,-0.9407,-0.9342,-0.9242,-0.9124,-0.9011,-0.8922,-0.8852,-0.8728,-0.8479,-0.8443,-0.8362,-0.7249,-0.6524,-0.614,-0.6022,-0.5078,-0.4042,-0.3391,-0.26,-0.0685,0.3365,0.4226,-0.1351,-0.4912,-0.8522,-1.3655,-1.9001,-2.1026,-1.9453,-1.682,-1.452,-0.9071,-0.912,-0.9155,-0.9172,-0.9165,-0.9129,-0.9064,-0.8972,-0.8863,-0.8746,-0.8622,-0.848,-0.8296,-0.8079,-0.7885,-0.7564,-0.694,-0.6341,-0.5987,-0.5758,-0.5135,-0.4455,-0.4028,-0.3623,-0.3114,-0.3507,-0.6851,-0.6897,-0.6703,-0.868,-1.257,-1.6826,-1.8745,-1.7884,-1.5929,-1.404,-0.8913,-0.8942,-0.8958,-0.8958,-0.8936,-0.8892,-0.8824,-0.8734,-0.8626,-0.8501,-0.8359,-0.8192,-0.7992,-0.7762,-0.7499,-0.7153,-0.6702,-0.624,-0.5852,-0.5464,-0.4912,-0.4358,-0.4183,-0.4293,-0.488,-0.7196,-1.0551,-0.9316,-0.7855,-0.862,-1.0969,-1.3675,-1.5243,-1.5204,-1.4225,-1.3022,-0.8766,-0.878,-0.8782,-0.8768,-0.8737,-0.8686,-0.8615,-0.8524,-0.8415,-0.8286,-0.8137,-0.7963,-0.776,-0.7526,-0.7255,-0.6933,-0.6561,-0.6169,-0.5775,-0.5334,-0.4762,-0.4159,-0.403,-0.446,-0.5324,-0.6908,-0.8408,-0.8339,-0.7907,-0.8389,-0.9743,-1.1352,-1.2485,-1.2802,-1.2478,-1.1851,-0.8631,-0.8633,-0.8623,-0.86,-0.8561,-0.8506,-0.8432,-0.834,-0.823,-0.8101,-0.7951,-0.7778,-0.758,-0.7354,-0.7097,-0.6805,-0.6482,-0.6137,-0.5771,-0.536,-0.4885,-0.4447,-0.4354,-0.4716,-0.5396,-0.63,-0.7086,-0.7414,-0.7586,-0.806,-0.8911,-0.9898,-1.0682,-1.1063,-1.1052,-1.0784]}]