docs/data/wind_grid.json
[{"header":{"la1":42.22,"la2":41.45,"lo1":11.9,"lo2":12.97,"nx":16,"ny":12,"dx":0.07133,"dy":0.07,"parameterCategory":2,"parameterNumber":2,"parameterNumberName":"eastward_wind","parameterUnit":"m.s-1"},"data":[0.0964,0.2002,0.3626,0.5503,0.5869,0.3608,0.0658,-0.1546,-0.3021,-0.4143,-0.5293,-0.6634,-0.7942,-0.8774,-0.8918,-0.8543,0.0738,0.1856,0.425,0.8544,1.0513,0.5691,0.0768,-0.2019,-0.3568,-0.4572,-0.584,-0.7829,-1.0019,-1.12,-1.095,-0.9936,0.0077,0.064,0.2453,0.8076,1.1659,0.5139,-0.0181,-0.2882,-0.4513,-0.5024,-0.6245,-0.9446,-1.3661,-1.5326,-1.376,-1.1458,-0.0774,-0.1284,-0.2182,-0.0122,0.3406,0.1236,-0.1677,-0.3405,-0.5794,-0.5291,-0.6302,-1.1101,-1.9447,-2.1403,-1.6608,-1.2503,-0.1331,-0.2331,-0.431,-0.3788,-0.0647,-0.0953,-0.2769,-0.3483,-0.2945,-0.3955,-0.5899,-1.0572,-2.0559,-2.288,-1.6581,-1.2064,-0.1405,-0.2018,-0.2747,-0.2201,-0.0826,-0.086,-0.2277,-0.2904,-0.1532,-0.3066,-0.5663,-0.8122,-1.1839,-1.4576,-1.2479,-0.9883,-0.1235,-0.1396,-0.1369,-0.0764,0.0371,0.1368,-0.0531,-0.1923,-0.271,-0.3175,-0.5825,-0.7991,-0.7742,-0.8145,-0.768,-0.6868,-0.106,-0.0989,-0.0713,-0.0021,0.1463,0.4794,0.0934,-0.144,-0.1824,-0.2742,-0.4464,-0.5755,-0.4834,-0.3401,-0.3208,-0.3735,-0.0963,-0.0812,-0.0503,0.0076,0.1059,0.2122,0.0752,-0.0918,-0.1035,-0.1999,-0.2923,-0.2749,-0.0128,0.2584,0.1285,-0.0932,-0.0948,-0.0795,-0.055,-0.0192,0.0217,0.0347,-0.0226,-0.0933,-0.1231,-0.1711,-0.1932,-0.0782,0.2988,0.5958,0.3682,0.0693,-0.0989,-0.0867,-0.0705,-0.0518,-0.0377,-0.0416,-0.0702,-0.1066,-0.1356,-0.1573,-0.1427,-0.0268,0.2229,0.3954,0.284,0.0803,-0.1064,-0.0978,-0.0881,-0.0793,-0.0757,-0.082,-0.0991,-0.1209,-0.1399,-0.148,-0.1267,-0.0515,0.07,0.1508,0.1173,0.016]},{"header":{"la1":42.22,"la2":41.45,"lo1":11.9,"lo2":12.97,"nx":16,"ny":12,"dx":0.07133,"dy":0.07,"parameterCategory":2,"parameterNumber":3,"parameterNumberName":"northward_wind","parameterUnit":"m.s-1"},"data":[-0.5318,-0.6511,-0.7935,-0.9364,-0.9153,-0.5849,-0.1633,0.1428,0.3171,0.4007,0.4293,0.4237,0.4009,0.3791,0.3689,0.3679,-0.6189,-0.776,-0.9812,-1.3073,-1.4547,-0.8382,-0.1452,0.2488,0.4286,0.4911,0.4935,0.4533,0.3908,0.348,0.342,0.3534,-0.6952,-0.8927,-1.0896,-1.372,-1.5896,-0.7672,0.0297,0.4131,0.5588,0.5848,0.5628,0.4693,0.3205,0.2497,0.2824,0.3292,-0.7479,-1.0369,-1.3429,-1.2701,-0.8993,-0.2566,0.3125,0.5659,0.6153,0.6439,0.6456,0.4909,0.1434,0.0522,0.2082,0.3108,-0.7219,-1.0745,-1.5777,-1.4655,-0.5423,0.1331,0.5306,0.649,0.8476,0.7971,0.7935,0.6715,0.1385,0.005,0.2234,0.3264,-0.574,-0.8099,-1.0408,-0.8162,-0.1304,0.3599,0.6081,0.7472,1.0634,0.9412,1.0532,1.2728,0.7854,0.4087,0.3666,0.3678,-0.3591,-0.4326,-0.4122,-0.1615,0.2345,0.5055,0.7046,0.8278,1.0174,0.943,1.2454,1.7868,1.1736,0.6429,0.4359,0.3682,-0.1588,-0.1408,-0.0436,0.1584,0.3993,0.5142,0.7046,0.7905,0.7642,0.8268,1.0052,1.1719,0.8384,0.4321,0.2834,0.274,-0.0068,0.0441,0.1439,0.2894,0.4401,0.5383,0.626,0.6472,0.6154,0.6998,0.7453,0.6478,0.2314,-0.1412,-0.0538,0.1133,0.0988,0.1553,0.2395,0.3439,0.4474,0.5302,0.5914,0.6199,0.6245,0.6328,0.5849,0.3649,-0.1466,-0.4999,-0.2695,0.0018,0.17,0.2223,0.2903,0.3679,0.4439,0.5086,0.5571,0.5855,0.5926,0.5728,0.4924,0.287,-0.0575,-0.277,-0.1734,0.0131,0.2178,0.2634,0.3181,0.3775,0.4351,0.485,0.5226,0.5443,0.5461,0.5194,0.4461,0.3062,0.1216,-0.0006,0.0113,0.0935]}]