docs/data/wind_grid.json
[{"header":{"la1":42.85,"la2":41.18,"lo1":11.55,"lo2":14.05,"nx":36,"ny":24,"dx":0.07143,"dy":0.07261,"parameterCategory":2,"parameterNumber":2,"parameterNumberName":"eastward_wind","parameterUnit":"m.s-1"},"data":[2.0922,2.0409,1.9822,1.9174,1.8499,1.7857,1.733,1.7007,1.6948,1.7155,1.7568,1.81,1.8669,1.9229,1.9758,2.0251,2.0694,2.1063,2.1324,2.1449,2.1432,2.1294,2.1072,2.0804,2.0521,2.0246,1.9991,1.9765,1.957,1.9406,1.9273,1.9168,1.9087,1.9029,1.8989,1.8966,2.0967,2.0362,1.9636,1.8792,1.7862,1.6924,1.6115,1.5603,1.5521,1.5879,1.6552,1.7364,1.8176,1.893,1.9624,2.0274,2.0881,2.1407,2.1781,2.194,2.1875,2.1632,2.1283,2.0894,2.0508,2.0151,1.9835,1.9565,1.9341,1.916,1.9018,1.8911,1.8833,1.878,1.8748,1.8734,2.11,2.0405,1.9523,1.8431,1.7138,1.5728,1.4411,1.3522,1.3379,1.4028,1.5181,1.6454,1.7611,1.8602,1.9482,2.0331,2.1182,2.1972,2.2545,2.2751,2.2572,2.2125,2.1563,2.0992,2.0466,2.0007,1.962,1.9303,1.9051,1.8856,1.8711,1.8608,1.8538,1.8496,1.8476,1.8474,2.1361,2.0596,1.9562,1.8185,1.6406,1.4254,1.1996,1.0293,0.9977,1.1245,1.3341,1.5388,1.7012,1.8251,1.9306,2.0386,2.1611,2.289,2.3861,2.4124,2.3662,2.2811,2.1893,2.1062,2.0357,1.9779,1.9316,1.8954,1.8679,1.848,1.834,1.8249,1.8196,1.8171,1.8169,1.8185,2.179,2.1005,1.9869,1.8226,1.5882,1.2662,0.8699,0.5126,0.4277,0.6999,1.1027,1.4312,1.6477,1.7883,1.9016,2.0318,2.2106,2.4332,2.6179,2.6476,2.5293,2.3658,2.2194,2.1029,2.0123,1.942,1.8884,1.8486,1.8203,1.8012,1.7893,1.7827,1.78,1.7802,1.7823,1.7862,2.2421,2.1705,2.0581,1.8803,1.5991,1.1583,0.5019,-0.2586,-0.5059,0.1163,0.8782,1.363,1.6168,1.7477,1.8442,1.9831,2.2321,2.6209,2.9957,3.0117,2.7287,2.439,2.2271,2.0772,1.968,1.8868,1.8274,1.7859,1.759,1.7432,1.7355,1.7333,1.7347,1.7384,1.7437,1.7503,2.3264,2.2739,2.1811,2.0166,1.7288,1.2298,0.3712,-0.886,-1.4231,-0.2691,0.8412,1.3955,1.6234,1.694,1.7272,1.8387,2.1344,2.692,3.3179,3.2998,2.8225,2.4334,2.1833,2.015,1.8937,1.8047,1.7421,1.7022,1.6804,1.6717,1.6714,1.676,1.6832,1.6916,1.7008,1.7106,2.4286,2.4091,2.3586,2.2419,2.0039,1.5718,0.8455,-0.1729,-0.5801,0.3164,1.1469,1.5481,1.6662,1.6066,1.4918,1.5166,1.8132,2.3599,2.9322,2.9703,2.6126,2.2943,2.0716,1.9075,1.7806,1.6859,1.6233,1.5902,1.5799,1.5842,1.5961,1.6108,1.6256,1.6397,1.6533,1.6668,2.5394,2.5648,2.58,2.5438,2.3871,2.0747,1.6366,1.1838,1.019,1.2447,1.5588,1.7547,1.7414,1.4735,1.0114,0.8493,1.2727,1.8145,2.2112,2.3339,2.2343,2.0717,1.9087,1.7547,1.6185,1.5155,1.4565,1.4396,1.4521,1.4791,1.5097,1.5381,1.5623,1.5829,1.6011,1.6184,2.6432,2.716,2.8119,2.8853,2.8025,2.5501,2.2673,1.9503,1.5947,1.4945,1.7652,1.9607,1.8949,1.4187,0.1626,-0.4739,0.7,1.4449,1.7777,1.9174,1.9313,1.8584,1.7261,1.5573,1.3878,1.2643,1.2161,1.2355,1.2918,1.3567,1.4144,1.46,1.4944,1.5211,1.5435,1.5644,2.7222,2.8251,2.9782,3.1481,3.1117,2.895,2.7703,2.4559,1.3776,0.8616,1.8164,2.204,2.1945,1.837,0.4838,-0.4695,0.8041,1.3678,1.56,1.6845,1.7399,1.6935,1.5419,1.3034,1.0428,0.8716,0.8571,0.9594,1.0983,1.2226,1.3159,1.38,1.4231,1.4538,1.479,1.5031,2.767,2.8681,3.0056,3.1412,3.1303,3.1143,3.3317,3.4664,2.4516,1.6491,2.2462,2.5531,2.5599,2.5522,2.0408,1.484,1.4193,1.2886,1.2797,1.5036,1.6262,1.5813,1.3648,0.9704,0.4942,0.2189,0.3129,0.6035,0.8872,1.0934,1.2248,1.3026,1.3483,1.3785,1.4041,1.4311,2.7841,2.866,2.96,3.0416,3.103,3.2789,3.7123,4.2787,3.7514,2.911,2.8201,3.0449,2.939,2.5366,2.2045,2.093,1.6936,0.8158,0.7935,1.3914,1.5907,1.5279,1.2248,0.5819,-0.343,-0.8338,-0.4295,0.2273,0.712,1.0004,1.1549,1.2304,1.2663,1.2885,1.312,1.3428,2.7871,2.8529,2.9252,3.0022,3.1064,3.3005,3.621,3.9329,3.7164,3.1957,3.1018,3.5135,3.5902,2.7233,2.5668,2.3473,2.0345,1.3624,1.2146,1.5506,1.637,1.5332,1.196,0.369,-1.0748,-1.8514,-0.9839,0.0494,0.669,0.9802,1.1146,1.1574,1.164,1.1694,1.1905,1.2299,2.7841,2.84,2.9028,2.9765,3.0738,3.21,3.3701,3.4599,3.3511,3.1902,3.1763,3.2283,3.1389,3.163,2.7786,2.4809,2.3717,2.1142,1.8851,1.7858,1.6398,1.5338,1.3157,0.6528,-0.5455,-1.2301,-0.545,0.3219,0.8269,1.0445,1.0929,1.0596,1.012,0.9941,1.0199,1.0809,2.7779,2.8266,2.8813,2.9444,3.0189,3.1028,3.1774,3.2073,3.186,3.1992,3.3227,3.277,3.1869,3.0525,2.8595,2.5913,2.4366,2.3656,2.2019,1.8563,1.3415,1.3875,1.4817,1.1952,0.6656,0.3553,0.5673,0.9266,1.1326,1.1571,1.0495,0.8852,0.7545,0.7176,0.7736,0.8847,2.7691,2.8114,2.8581,2.9093,2.9644,3.019,3.0639,3.0919,3.116,3.1793,3.2934,3.2481,3.2496,3.2492,3.004,2.8157,2.676,2.6265,2.5458,2.0898,1.3247,1.426,1.6839,1.6583,1.5404,1.5019,1.5478,1.5584,1.4698,1.2582,0.9236,0.5479,0.2986,0.2772,0.4269,0.6399,2.7583,2.795,2.8344,2.8759,2.9182,2.9586,2.994,3.0248,3.0589,3.1061,3.1513,3.1708,3.2527,3.2748,3.1977,3.1462,2.944,2.9119,3.0303,2.6307,2.1326,1.9673,2.0036,2.0378,2.1258,2.298,2.3319,2.1094,1.772,1.3167,0.671,-0.0547,-0.4663,-0.3691,-0.0067,0.3748,2.7462,2.778,2.8114,2.8458,2.8801,2.913,2.9437,2.9733,3.0045,3.0386,3.0709,3.1032,3.1527,3.238,3.5752,3.7243,3.1823,3.001,3.041,2.9692,2.6611,2.4087,2.3159,2.3354,2.5221,2.9268,3.0115,2.526,2.0072,1.3681,0.3736,-0.8602,-1.4582,-1.0792,-0.4008,0.1698,2.7332,2.761,2.7896,2.8187,2.8475,2.8755,2.9025,2.929,2.9559,2.9835,3.0118,3.0451,3.0984,3.221,3.5077,3.5865,3.2085,3.0511,3.2312,3.3446,2.9301,2.6623,2.5474,2.5253,2.6557,3.0338,3.1214,2.592,2.1458,1.5159,0.3785,-1.1698,-1.8813,-1.3282,-0.5035,0.1347,2.7198,2.7442,2.769,2.7939,2.8187,2.8428,2.8664,2.8895,2.9125,2.9359,2.9609,2.9914,3.0371,3.1144,3.2113,3.2111,3.0874,3.0262,3.1113,3.1323,2.943,2.8229,2.7569,2.6616,2.6112,2.5931,2.416,2.3783,2.2632,1.8434,0.9303,-0.3344,-1.0204,-0.7595,-0.1863,0.3144,2.7062,2.7276,2.7493,2.771,2.7923,2.8133,2.8336,2.8535,2.8731,2.8928,2.9137,2.9378,2.9683,3.0053,3.0338,3.0237,2.9789,2.9505,2.9581,2.9522,2.9443,3.0422,3.0637,2.8353,2.6101,2.4208,2.2173,2.342,2.5422,2.3605,1.7068,0.8302,0.2325,0.1484,0.36,0.6348,2.6926,2.7114,2.7304,2.7493,2.7678,2.7859,2.8034,2.8203,2.8367,2.8528,2.8691,2.8862,2.9041,2.9203,2.9275,2.9181,2.8969,2.8799,2.8765,2.8926,2.9797,3.2079,3.281,2.964,2.6652,2.4911,2.4368,2.6792,3.1338,2.9458,2.3132,1.6272,1.1198,0.8926,0.8832,0.9796,2.6789,2.6956,2.7122,2.7287,2.7448,2.7603,2.7752,2.7894,2.8029,2.8156,2.8277,2.839,2.8487,2.855,2.855,2.847,2.8342,2.8238,2.8244,2.8504,2.9323,3.0696,3.0922,2.8981,2.6856,2.5721,2.5994,2.8611,3.2145,3.0501,2.5392,2.0199,1.6183,1.3777,1.2801,1.2766]},{"header":{"la1":42.85,"la2":41.18,"lo1":11.55,"lo2":14.05,"nx":36,"ny":24,"dx":0.07143,"dy":0.07261,"parameterCategory":2,"parameterNumber":3,"parameterNumberName":"northward_wind","parameterUnit":"m.s-1"},"data":[0.9991,0.9757,0.9476,0.9153,0.8801,0.845,0.8139,0.7911,0.7793,0.7782,0.7844,0.7931,0.8005,0.8048,0.8059,0.8048,0.8023,0.799,0.7948,0.7895,0.7828,0.7747,0.7658,0.7565,0.7472,0.7384,0.7303,0.7231,0.7169,0.7117,0.7074,0.7041,0.7015,0.6998,0.6986,0.6981,1.011,0.984,0.9497,0.9081,0.8605,0.8107,0.7654,0.7332,0.7204,0.7267,0.745,0.7656,0.7817,0.7909,0.7944,0.7945,0.7935,0.7921,0.7896,0.7851,0.778,0.7685,0.7577,0.7464,0.7354,0.7252,0.7161,0.7082,0.7016,0.6962,0.6921,0.6891,0.687,0.6857,0.6851,0.6851,1.0279,0.9974,0.9563,0.9029,0.8374,0.7636,0.6922,0.6407,0.6254,0.6474,0.6898,0.7317,0.761,0.7761,0.7815,0.7828,0.7842,0.7866,0.7879,0.7849,0.7766,0.7641,0.7497,0.7353,0.7218,0.7098,0.6993,0.6907,0.6838,0.6785,0.6748,0.6723,0.6708,0.6702,0.6703,0.671,1.0516,1.0189,0.9714,0.9046,0.8146,0.7022,0.5811,0.4866,0.4635,0.5203,0.6131,0.6931,0.7411,0.7613,0.7662,0.7677,0.7736,0.7848,0.7947,0.7945,0.7821,0.7627,0.7419,0.7226,0.7056,0.6912,0.6793,0.6699,0.6629,0.658,0.6549,0.6533,0.6527,0.6531,0.6541,0.6557,1.0841,1.0522,1.0012,0.9221,0.8036,0.6347,0.4208,0.2237,0.1735,0.3145,0.5147,0.6583,0.7279,0.7473,0.7452,0.7444,0.7592,0.791,0.8218,0.825,0.7993,0.7645,0.7327,0.7066,0.6853,0.6681,0.6546,0.6446,0.6379,0.6338,0.632,0.6317,0.6326,0.6342,0.6364,0.639,1.1271,1.1008,1.0526,0.9687,0.8274,0.5953,0.2362,-0.191,-0.3319,0.0168,0.4244,0.6507,0.7305,0.7328,0.7103,0.7016,0.7318,0.8068,0.8869,0.8901,0.8278,0.7644,0.718,0.6842,0.6584,0.6383,0.6234,0.6133,0.6075,0.6053,0.6055,0.6073,0.6101,0.6134,0.6171,0.621,1.1807,1.1668,1.1315,1.0576,0.9165,0.6567,0.1843,-0.5393,-0.8556,-0.1741,0.4493,0.708,0.7574,0.7106,0.642,0.6132,0.6625,0.798,0.9552,0.9511,0.8366,0.7466,0.6901,0.6514,0.6218,0.599,0.5829,0.5736,0.5702,0.5712,0.5748,0.5798,0.5852,0.5907,0.5961,0.6014,1.2428,1.2491,1.2391,1.1935,1.0839,0.8714,0.4898,-0.0875,-0.3225,0.2397,0.7045,0.8497,0.8082,0.6643,0.497,0.4232,0.4983,0.6705,0.8426,0.8576,0.7676,0.693,0.6432,0.6047,0.5718,0.5457,0.5289,0.5222,0.5237,0.5304,0.5395,0.549,0.5579,0.5661,0.5734,0.5804,1.308,1.3417,1.3702,1.3693,1.3045,1.1703,0.9938,0.8313,0.842,1.0216,1.1037,1.0469,0.8815,0.583,0.179,-0.0001,0.1973,0.4365,0.5908,0.6466,0.6365,0.6102,0.5794,0.5424,0.5031,0.471,0.4541,0.4537,0.465,0.4819,0.4995,0.5153,0.5286,0.5396,0.5491,0.5576,1.3668,1.4302,1.5084,1.5693,1.5346,1.4284,1.3792,1.4491,1.665,1.7464,1.5045,1.2549,1.0061,0.5589,-0.4073,-0.8866,-0.1608,0.2235,0.3674,0.4498,0.502,0.5224,0.5082,0.4635,0.4055,0.3601,0.3454,0.3603,0.3914,0.4256,0.4558,0.4797,0.4977,0.5116,0.5229,0.533,1.4072,1.4905,1.6088,1.7352,1.7114,1.5797,1.5856,1.7351,2.1985,2.4423,1.7905,1.4277,1.2244,0.9048,-0.1506,-0.8792,-0.124,0.0718,0.1149,0.2445,0.3797,0.4499,0.4408,0.3634,0.2561,0.1817,0.179,0.2318,0.3017,0.364,0.4111,0.4438,0.4661,0.482,0.4945,0.5058,1.4217,1.5024,1.6115,1.7209,1.7024,1.6228,1.6816,1.7943,1.9687,2.1317,1.7562,1.5498,1.4828,1.5703,1.0796,0.4746,0.1511,-0.3375,-0.4309,-0.0295,0.286,0.4184,0.393,0.2333,0.008,-0.1273,-0.0808,0.0628,0.2028,0.3048,0.3705,0.4103,0.4343,0.4501,0.4628,0.475,1.4139,1.4765,1.5467,1.6003,1.6035,1.6098,1.697,1.9692,1.6551,1.705,1.6739,1.7426,1.6829,1.5802,1.214,0.8583,0.1666,-1.2895,-1.3157,-0.2234,0.3052,0.4735,0.3963,0.0843,-0.3917,-0.6461,-0.4452,-0.1187,0.1207,0.2632,0.3409,0.3808,0.4013,0.414,0.4255,0.4387,1.3945,1.4396,1.4837,1.5173,1.5383,1.5666,1.6035,1.5469,1.5499,1.5936,1.6554,2.0053,2.0726,1.3544,1.2643,0.9143,0.4131,-0.5124,-0.6484,0.1006,0.555,0.6745,0.5091,0.032,-0.7542,-1.1631,-0.7214,-0.2035,0.1031,0.2574,0.3272,0.354,0.3629,0.3687,0.3785,0.3941,1.3719,1.4054,1.4372,1.4645,1.4885,1.5136,1.5344,1.5358,1.5317,1.538,1.5711,1.6503,1.6087,1.6071,1.2859,0.8326,0.544,0.4469,0.4059,0.7185,1.0631,1.0778,0.7779,0.2586,-0.4584,-0.8384,-0.4943,-0.0635,0.1841,0.2932,0.3253,0.3212,0.3088,0.305,0.3153,0.3373,1.3493,1.3755,1.4005,1.4233,1.4443,1.4634,1.478,1.4844,1.4871,1.4975,1.5151,1.5771,1.5258,1.43,1.2378,0.8942,0.6642,0.7528,0.8804,1.2195,1.787,1.6401,1.101,0.6273,0.2082,-0.008,0.0753,0.241,0.336,0.3525,0.3178,0.2631,0.2201,0.2082,0.2272,0.2649,1.3276,1.3487,1.3689,1.3876,1.4045,1.419,1.43,1.4376,1.4459,1.464,1.4927,1.49,1.3894,1.3149,1.2051,1.041,0.9543,1.0122,1.1292,1.3577,1.892,1.7306,1.2234,0.8743,0.6637,0.5808,0.573,0.5553,0.4984,0.4038,0.2785,0.1496,0.0671,0.0593,0.1072,0.1768,1.3068,1.324,1.3404,1.3554,1.3687,1.3798,1.3885,1.3953,1.4027,1.4125,1.4164,1.388,1.3216,1.2752,1.1339,1.0389,1.0605,1.1868,1.2925,1.2894,1.4026,1.3608,1.1526,0.9787,0.926,0.9851,0.9846,0.8318,0.6336,0.4252,0.1878,-0.0508,-0.1808,-0.1514,-0.0387,0.0825,1.2868,1.3009,1.3141,1.326,1.3362,1.3445,1.3507,1.355,1.3577,1.357,1.3464,1.316,1.2631,1.1658,0.952,0.8779,1.0508,1.2072,1.297,1.3228,1.2675,1.1826,1.0754,1.01,1.0834,1.3447,1.3995,1.0451,0.712,0.4155,0.0693,-0.31,-0.4874,-0.3747,-0.17,0.0073,1.2675,1.279,1.2896,1.2988,1.3065,1.3122,1.3158,1.317,1.3149,1.3075,1.2907,1.2589,1.2051,1.1109,0.9648,0.9239,1.0573,1.2036,1.403,1.4824,1.2624,1.1022,1.0053,0.981,1.0854,1.3916,1.4619,1.0162,0.6846,0.3868,0.0216,-0.4149,-0.6122,-0.4547,-0.2124,-0.0166,1.2491,1.2583,1.2666,1.2735,1.2789,1.2824,1.2836,1.282,1.2767,1.2659,1.2471,1.2173,1.1731,1.1131,1.0524,1.0384,1.0892,1.1791,1.299,1.3216,1.1538,0.979,0.8918,0.8896,0.9374,0.9723,0.8486,0.7546,0.5504,0.3213,0.0759,-0.2234,-0.3871,-0.3072,-0.1359,0.0217,1.2314,1.2387,1.245,1.25,1.2535,1.255,1.2542,1.2506,1.2433,1.2312,1.213,1.1875,1.1546,1.1176,1.0868,1.0766,1.0922,1.1247,1.1506,1.1128,0.9667,0.773,0.7089,0.7707,0.803,0.7642,0.7113,0.6139,0.2775,0.1336,0.089,-0.0127,-0.0994,-0.0858,-0.0017,0.0987,1.2145,1.2201,1.2248,1.2281,1.2299,1.2299,1.2276,1.2226,1.2144,1.2022,1.1855,1.1642,1.1392,1.1134,1.0917,1.079,1.0753,1.0731,1.0542,0.9875,0.8417,0.6444,0.5966,0.6964,0.7251,0.6752,0.5783,0.2502,-0.2535,-0.1763,0.0156,0.0746,0.0704,0.0802,0.1223,0.1825,1.1983,1.2026,1.2058,1.2077,1.2082,1.2069,1.2035,1.1977,1.1891,1.1773,1.1622,1.144,1.1237,1.1028,1.0837,1.0675,1.0527,1.0333,0.9979,0.9312,0.8236,0.7057,0.6681,0.697,0.6841,0.6011,0.4246,0.0551,-0.3244,-0.2282,-0.0024,0.1166,0.1611,0.1858,0.2166,0.2565]}]