docs/data/wind_grid.json
[{"header":{"la1":42.85,"la2":41.18,"lo1":11.55,"lo2":14.05,"nx":36,"ny":24,"dx":0.07143,"dy":0.07261,"parameterCategory":2,"parameterNumber":2,"parameterNumberName":"eastward_wind","parameterUnit":"m.s-1"},"data":[3.1334,3.1277,3.121,3.1135,3.1056,3.0985,3.0937,3.0931,3.0979,3.1076,3.1205,3.1339,3.1453,3.1532,3.157,3.1569,3.1534,3.1475,3.1398,3.131,3.121,3.1097,3.0967,3.0817,3.0649,3.0467,3.0273,3.0075,2.9875,2.9678,2.9487,2.9303,2.913,2.8969,2.8819,2.8683,3.1307,3.1233,3.1142,3.1032,3.0907,3.0781,3.0681,3.0644,3.0701,3.085,3.1057,3.1268,3.1444,3.1561,3.1616,3.1615,3.157,3.1496,3.1409,3.1316,3.1219,3.1109,3.0977,3.082,3.0637,3.0436,3.0221,3.0001,2.9781,2.9565,2.9357,2.916,2.8975,2.8804,2.8647,2.8506,3.1277,3.1184,3.1065,3.091,3.0718,3.0498,3.0293,3.0181,3.0239,3.0479,3.0824,3.1166,3.1432,3.1597,3.1667,3.1658,3.159,3.1487,3.1378,3.1284,3.12,3.1106,3.0981,3.0817,3.0618,3.0393,3.0153,2.9908,2.9664,2.9428,2.9202,2.8991,2.8794,2.8613,2.8449,2.8303,3.1245,3.1135,3.0987,3.0783,3.05,3.0128,2.9716,2.9416,2.9445,2.9863,3.0475,3.1037,3.1432,3.1652,3.1728,3.1695,3.1581,3.1419,3.1266,3.1175,3.1134,3.1084,3.0979,3.081,3.0589,3.0334,3.0062,2.9787,2.9518,2.9259,2.9016,2.8789,2.858,2.8391,2.8221,2.8071,3.121,3.1085,3.0918,3.0673,3.0292,2.9705,2.8901,2.814,2.8034,2.8849,3.0002,3.0922,3.1477,3.1737,3.1796,3.1721,3.1535,3.1256,3.0998,3.0922,3.0995,3.1043,3.0976,3.0799,3.0546,3.0251,2.994,2.9631,2.9333,2.9052,2.8791,2.855,2.833,2.8132,2.7957,2.7805,3.1164,3.1028,3.0856,3.0604,3.0172,2.937,2.7975,2.6185,2.5621,2.7378,2.9548,3.0936,3.1618,3.1857,3.1852,3.1722,3.1464,3.0999,3.049,3.0459,3.0798,3.1015,3.0991,3.0788,3.0483,3.0132,2.9773,2.9425,2.9098,2.8796,2.8519,2.8265,2.8036,2.7832,2.7653,2.7501,3.1095,3.0939,3.0771,3.0567,3.021,2.9408,2.7627,2.4574,2.3178,2.6411,2.9628,3.1267,3.1904,3.1984,3.1814,3.1627,3.1418,3.0871,3.0027,3.0058,3.0734,3.1089,3.1049,3.0773,3.0382,2.9956,2.9539,2.9152,2.88,2.8481,2.8192,2.7929,2.7692,2.7482,2.7301,2.715,3.0984,3.0771,3.0575,3.0447,3.0337,2.9952,2.8754,2.6482,2.5539,2.8221,3.0757,3.2002,3.234,3.2031,3.1428,3.1133,3.1295,3.1231,3.0652,3.0639,3.1159,3.1358,3.116,3.0732,3.021,2.9686,2.9206,2.8786,2.8421,2.8096,2.7801,2.7532,2.7289,2.7075,2.6893,2.6747,3.0827,3.0474,3.0113,2.9952,3.0198,3.0595,3.0599,3.0213,3.0328,3.1331,3.2366,3.2983,3.2935,3.192,3.0051,2.9289,3.0617,3.1809,3.206,3.2037,3.2033,3.1797,3.1287,3.0615,2.9908,2.9263,2.8727,2.8298,2.7943,2.763,2.734,2.7068,2.6819,2.6601,2.6419,2.628,3.0667,3.0074,2.927,2.8627,2.9182,3.0794,3.1991,3.2535,3.2844,3.3132,3.3583,3.4032,3.3894,3.2146,2.6912,2.4208,2.9429,3.2702,3.3737,3.3647,3.3088,3.2293,3.1346,3.0335,2.9378,2.8595,2.8035,2.765,2.7352,2.7079,2.6803,2.6529,2.627,2.6044,2.5864,2.5735,3.0616,2.9811,2.8437,2.6706,2.7264,3.0753,3.312,3.3915,3.3526,3.3248,3.4264,3.5153,3.5524,3.4545,2.8712,2.4459,3.1118,3.5236,3.6481,3.571,3.4247,3.2727,3.1234,2.9772,2.8463,2.7526,2.7033,2.6812,2.6653,2.6451,2.6193,2.5906,2.5626,2.5386,2.5206,2.5095,3.0789,3.0037,2.874,2.7118,2.7871,3.1761,3.4556,3.5616,3.475,3.4094,3.5187,3.6436,3.7421,3.8532,3.6809,3.4244,3.6268,4.0827,4.17,3.8442,3.5324,3.2935,3.086,2.8815,2.694,2.5815,2.562,2.5798,2.5885,2.5773,2.5512,2.5182,2.4857,2.459,2.4413,2.4332,3.117,3.0725,3.0132,2.9807,3.0889,3.335,3.5596,3.6915,3.6284,3.5548,3.6334,3.8148,3.8691,3.9536,3.8815,3.7391,3.9715,4.8597,4.8608,4.0429,3.5633,3.2694,3.0248,2.7549,2.4693,2.3277,2.3865,2.4767,2.5153,2.5084,2.4752,2.432,2.3909,2.3602,2.3435,2.3409,3.1618,3.1486,3.1431,3.1712,3.2635,3.4068,3.5478,3.6397,3.6188,3.5819,3.6699,3.9954,4.0759,3.6439,3.7448,3.8035,3.9916,4.4227,4.4347,3.8555,3.4454,3.1913,2.9655,2.6659,2.2815,2.1044,2.2622,2.4119,2.4594,2.4401,2.3873,2.3241,2.2687,2.2326,2.22,2.2279,3.2007,3.2066,3.2239,3.2632,3.3306,3.416,3.4957,3.5435,3.5454,3.5392,3.5681,3.6555,3.6955,3.6797,3.686,3.9168,4.2092,3.9406,3.7562,3.4694,3.2211,3.0823,2.9327,2.6911,2.3775,2.2194,2.319,2.4154,2.4234,2.3676,2.2773,2.1799,2.1021,2.0615,2.0603,2.0888,3.2286,3.2431,3.2666,3.3025,3.3507,3.4042,3.4513,3.4802,3.4878,3.4775,3.44,3.4264,3.4842,3.5585,3.5929,3.7932,4.004,3.655,3.3607,3.1611,3.0227,2.9984,2.9151,2.7554,2.5795,2.4738,2.4612,2.4526,2.3932,2.2802,2.1294,1.9747,1.8629,1.8241,1.8519,1.9194,3.2458,3.2629,3.286,3.3159,3.351,3.387,3.4179,3.4387,3.4474,3.4432,3.4271,3.4184,3.3406,3.2994,3.4048,3.4494,3.4128,3.1488,2.9141,2.9374,2.9802,2.9626,2.8786,2.7686,2.673,2.6131,2.5662,2.4888,2.3602,2.1717,1.9255,1.6711,1.5073,1.4917,1.5863,1.723,3.2541,3.271,3.2916,3.3157,3.3419,3.3675,3.3894,3.405,3.4131,3.4136,3.405,3.374,3.2839,3.2446,3.2094,3.1424,3.0547,2.655,2.2877,2.6587,2.8391,2.854,2.7969,2.7292,2.6986,2.7156,2.6876,2.5435,2.3318,2.0499,1.6613,1.2313,0.9901,1.0538,1.2797,1.521,3.2559,3.2712,3.2887,3.308,3.3277,3.3464,3.362,3.3729,3.378,3.3757,3.3626,3.331,3.2756,3.1829,2.9495,2.8535,2.9062,2.6323,2.4209,2.6038,2.7012,2.7165,2.6792,2.6505,2.7014,2.8893,2.9241,2.6126,2.2976,1.9405,1.3977,0.7182,0.3857,0.6084,1.0129,1.3635,3.2528,3.2661,3.2806,3.2957,3.3105,3.3238,3.3343,3.3407,3.3417,3.3352,3.318,3.2849,3.2273,3.1217,2.948,2.8807,2.8817,2.7418,2.6236,2.6067,2.6183,2.5671,2.5109,2.512,2.6079,2.882,2.9437,2.4899,2.2019,1.8793,1.3137,0.5204,0.1441,0.4519,0.9275,1.3124,3.2463,3.2575,3.269,3.2806,3.2913,3.3003,3.3065,3.3088,3.3057,3.2955,3.2754,3.2414,3.1882,3.1102,3.0192,2.9523,2.884,2.7712,2.6613,2.6055,2.4996,2.3051,2.2073,2.2745,2.3618,2.3323,2.0577,2.0536,2.047,1.8714,1.4852,0.9117,0.5887,0.7449,1.0798,1.3868,3.2373,3.2463,3.2553,3.2637,3.271,3.2764,3.279,3.2777,3.2712,3.2581,3.2363,3.2033,3.157,3.0973,3.0301,2.9602,2.878,2.7748,2.6609,2.5191,2.2371,1.7882,1.6473,1.9454,2.1361,2.0269,1.7436,1.8594,1.9319,1.8739,1.7028,1.4072,1.1889,1.1961,1.3505,1.5398,3.2266,3.2336,3.2402,3.2459,3.2503,3.2526,3.2521,3.2478,3.2387,3.2235,3.2008,3.1691,3.1275,3.076,3.0158,2.9461,2.862,2.7574,2.6217,2.411,2.0159,1.4135,1.2531,1.7273,2.0257,2.0283,1.9315,1.9034,1.8379,1.848,1.822,1.7002,1.5798,1.5479,1.6045,1.707,3.2148,3.2199,3.2243,3.2277,3.2296,3.2293,3.2262,3.2195,3.2083,3.1917,3.1685,3.1378,3.0988,3.0511,2.994,2.9258,2.8424,2.7369,2.5947,2.3832,2.0582,1.6784,1.5793,1.8262,2.0279,2.064,2.0117,1.9214,1.8282,1.8501,1.8788,1.8467,1.7957,1.774,1.7966,1.8529]},{"header":{"la1":42.85,"la2":41.18,"lo1":11.55,"lo2":14.05,"nx":36,"ny":24,"dx":0.07143,"dy":0.07261,"parameterCategory":2,"parameterNumber":3,"parameterNumberName":"northward_wind","parameterUnit":"m.s-1"},"data":[1.1694,1.1389,1.105,1.0684,1.0306,0.9946,0.9649,0.9462,0.9412,0.949,0.9644,0.98,0.9897,0.9893,0.9778,0.957,0.9316,0.9086,0.8964,0.9015,0.9261,0.9677,1.0208,1.0795,1.1389,1.196,1.2493,1.298,1.3421,1.3819,1.4177,1.4498,1.4786,1.5045,1.5276,1.5482,1.1585,1.1228,1.0815,1.0343,0.9828,0.9307,0.8856,0.8572,0.8528,0.8714,0.9031,0.9343,0.9537,0.9551,0.9373,0.9024,0.8573,0.8134,0.7858,0.7871,0.8209,0.8805,0.9546,1.0329,1.1086,1.1784,1.2411,1.2967,1.3459,1.3893,1.4278,1.462,1.4923,1.5192,1.5431,1.5642,1.1503,1.1094,1.0597,0.9994,0.9282,0.8498,0.776,0.7267,0.7211,0.7607,0.8242,0.8837,0.9198,0.9249,0.8978,0.8414,0.7634,0.6818,0.6254,0.6211,0.6743,0.7672,0.8758,0.9827,1.0797,1.1645,1.2374,1.3001,1.354,1.4008,1.4417,1.4775,1.5091,1.5369,1.5613,1.5828,1.1461,1.1008,1.0432,0.9682,0.8709,0.7506,0.6214,0.5235,0.5103,0.5935,0.7209,0.8308,0.8933,0.9036,0.8642,0.7766,0.6454,0.4936,0.3794,0.3678,0.466,0.623,0.7874,0.9341,1.0569,1.1578,1.2408,1.3097,1.3677,1.4172,1.4599,1.497,1.5294,1.5578,1.5826,1.6042,1.1469,1.0994,1.0365,0.9489,0.8227,0.6425,0.4104,0.1952,0.1501,0.3333,0.5924,0.7861,0.8833,0.8981,0.8434,0.7175,0.5075,0.2257,-0.0132,-0.0301,0.1772,0.455,0.7027,0.8979,1.0475,1.163,1.2539,1.3273,1.3879,1.4389,1.4827,1.5206,1.5536,1.5823,1.6073,1.6287,1.1528,1.1061,1.0435,0.9521,0.8066,0.5637,0.1745,-0.3018,-0.4557,-0.0335,0.4739,0.7768,0.9024,0.9137,0.8424,0.6834,0.3869,-0.1018,-0.6004,-0.6041,-0.1579,0.3081,0.6519,0.891,1.0603,1.1845,1.2791,1.3539,1.415,1.4664,1.5104,1.5486,1.5818,1.6107,1.6355,1.6567,1.1623,1.119,1.0638,0.9839,0.8486,0.5914,0.0917,-0.71,-1.0677,-0.2703,0.4902,0.8456,0.9605,0.9476,0.8572,0.6919,0.3724,-0.267,-1.0701,-1.0375,-0.3225,0.2843,0.6766,0.9301,1.1021,1.2249,1.317,1.3894,1.4488,1.4992,1.5428,1.581,1.6143,1.6431,1.6678,1.6884,1.1721,1.1318,1.0867,1.0323,0.9463,0.7701,0.3996,-0.2145,-0.4665,0.1905,0.7692,1.0094,1.052,0.9819,0.8528,0.7093,0.4975,0.0399,-0.5773,-0.5853,-0.0386,0.4586,0.7952,1.0189,1.1725,1.2826,1.3656,1.432,1.4878,1.5365,1.5795,1.6177,1.6513,1.6802,1.7045,1.7245,1.179,1.1351,1.0903,1.0572,1.0408,1.006,0.9052,0.7737,0.8071,1.0356,1.1908,1.2217,1.1593,0.9932,0.741,0.5954,0.5963,0.4846,0.2757,0.2534,0.4743,0.7475,0.9735,1.141,1.2619,1.3508,1.4198,1.4778,1.5295,1.5768,1.62,1.6589,1.6931,1.7224,1.7465,1.7656,1.1839,1.1253,1.0529,0.997,1.0361,1.1598,1.2752,1.4125,1.6448,1.7462,1.576,1.4198,1.2828,1.0222,0.4263,0.1249,0.5541,0.7267,0.7345,0.762,0.8675,1.0152,1.1574,1.2713,1.3552,1.4179,1.4706,1.5207,1.5702,1.6183,1.6637,1.7049,1.7408,1.7709,1.7949,1.8127,1.1954,1.12,1.0001,0.853,0.902,1.2191,1.4824,1.7058,2.1429,2.359,1.8265,1.5584,1.4395,1.2618,0.6119,0.1491,0.6759,0.8528,0.9006,0.983,1.0989,1.2188,1.3197,1.3902,1.4337,1.466,1.5039,1.552,1.6059,1.66,1.7111,1.7569,1.796,1.8277,1.8513,1.8674,1.2242,1.1528,1.0363,0.8927,0.9627,1.331,1.6191,1.7659,1.9604,2.1042,1.7905,1.6225,1.5894,1.6435,1.446,1.0879,0.9715,0.8085,0.8002,1.0284,1.243,1.3874,1.4655,1.4866,1.4718,1.4645,1.4984,1.5629,1.6347,1.7029,1.7643,1.8177,1.8618,1.8955,1.9186,1.9317,1.2712,1.2263,1.1705,1.1417,1.2449,1.481,1.695,1.8002,1.786,1.7637,1.6883,1.6764,1.6636,1.7346,1.6543,1.385,1.0866,0.4237,0.4251,1.0427,1.4081,1.5812,1.6197,1.557,1.4337,1.3673,1.4358,1.5548,1.6626,1.7523,1.8283,1.8922,1.9432,1.9794,2.0006,2.0084,1.3247,1.3075,1.2994,1.3244,1.4108,1.5458,1.6764,1.757,1.7364,1.6611,1.6313,1.7521,1.7718,1.4267,1.5273,1.4531,1.2903,0.8566,0.8287,1.3481,1.7342,1.8807,1.8258,1.6359,1.3565,1.2182,1.37,1.5642,1.7083,1.8184,1.9105,1.9881,2.0481,2.0865,2.103,2.1012,1.3736,1.3734,1.3849,1.418,1.4775,1.5531,1.6213,1.6552,1.6299,1.5615,1.5199,1.5644,1.536,1.4209,1.501,1.5008,1.4818,1.4455,1.5432,1.9236,2.3446,2.3896,2.1319,1.813,1.4903,1.3396,1.469,1.6495,1.7913,1.9099,2.0191,2.1163,2.1894,2.2284,2.2337,2.2142,1.4136,1.4209,1.4371,1.465,1.5037,1.5454,1.577,1.583,1.5481,1.455,1.2866,1.479,1.5152,1.5174,1.549,1.5633,1.5559,1.7211,2.0013,2.5074,3.2881,3.1047,2.4698,2.0483,1.785,1.6703,1.7028,1.7973,1.9046,2.0254,2.1611,2.2933,2.388,2.4225,2.4025,2.3505,1.4448,1.4545,1.4699,1.4912,1.5163,1.5398,1.554,1.5499,1.5171,1.4388,1.3168,1.4362,1.5649,1.6042,1.6256,1.6922,1.8216,2.1179,2.4241,2.7199,3.4293,3.2147,2.5692,2.1815,1.9786,1.8961,1.8911,1.9317,2.0143,2.1506,2.3412,2.5448,2.6779,2.6915,2.6161,2.5074,1.4694,1.4793,1.4926,1.5087,1.5257,1.5403,1.5479,1.5442,1.5258,1.4944,1.4772,1.5235,1.5987,1.6313,1.7059,1.8088,2.0319,2.5769,3.0096,2.7321,2.7738,2.7031,2.4278,2.1877,2.0467,1.9929,1.9859,2.0079,2.0882,2.2632,2.5559,2.9006,3.0975,3.0458,2.8623,2.6678,1.4893,1.4987,1.5101,1.5228,1.5356,1.5463,1.5528,1.5535,1.5487,1.5437,1.5511,1.582,1.6288,1.6921,1.7906,1.8286,2.0619,2.5617,2.8703,2.7232,2.5824,2.4498,2.2933,2.1469,2.049,2.0129,2.0103,2.0265,2.1135,2.3319,2.7551,3.3154,3.5926,3.4085,3.0761,2.7913,1.5061,1.5149,1.525,1.5358,1.5465,1.5561,1.5636,1.5689,1.5734,1.5808,1.5972,1.6273,1.6731,1.7389,1.8094,1.8547,2.0565,2.4027,2.7476,2.8494,2.5563,2.3456,2.2076,2.1065,2.0366,2.0098,2.008,2.0136,2.0957,2.3185,2.7913,3.4721,3.7937,3.535,3.1407,2.8271,1.5208,1.5291,1.5384,1.5483,1.5583,1.568,1.5771,1.5861,1.5963,1.6103,1.6315,1.6629,1.7071,1.7647,1.8301,1.9127,2.0679,2.3031,2.5551,2.6166,2.4166,2.2302,2.1286,2.0698,2.0202,1.9801,1.9428,1.9621,2.0399,2.2136,2.5834,3.1143,3.4076,3.2808,3.0056,2.7581,1.534,1.5421,1.551,1.5605,1.5705,1.5807,1.5914,1.603,1.6168,1.6344,1.6581,1.6899,1.7317,1.7841,1.848,1.9308,2.0461,2.1871,2.3063,2.3226,2.2171,2.0886,2.0428,2.0361,2.0044,1.9545,1.9045,1.9262,1.9605,2.0535,2.2943,2.6314,2.8648,2.8818,2.7675,2.623,1.546,1.554,1.5628,1.5723,1.5825,1.5934,1.6053,1.6187,1.6345,1.6541,1.6788,1.71,1.7491,1.797,1.8548,1.9251,2.0082,2.0938,2.1551,2.1603,2.1015,2.0207,2.0034,2.0167,1.9978,1.9629,1.9339,1.9068,1.8424,1.896,2.0854,2.3163,2.4936,2.5629,2.5421,2.4763,1.5571,1.5651,1.574,1.5836,1.5941,1.6055,1.6182,1.6327,1.6497,1.67,1.6946,1.7246,1.7607,1.8035,1.8535,1.9103,1.9713,2.0283,2.0679,2.0777,2.0572,2.0264,2.0141,2.0099,1.9936,1.9694,1.9413,1.892,1.8267,1.8677,2.0055,2.1618,2.2879,2.3578,2.3727,2.3499]}]