docs/data/wind_grid.json
[{"header":{"la1":42.85,"la2":41.18,"lo1":11.55,"lo2":14.05,"nx":36,"ny":24,"dx":0.07143,"dy":0.07261,"parameterCategory":2,"parameterNumber":2,"parameterNumberName":"eastward_wind","parameterUnit":"m.s-1"},"data":[1.5839,1.5702,1.5507,1.526,1.4977,1.4691,1.4444,1.4279,1.4225,1.4288,1.4451,1.4679,1.4933,1.5175,1.5365,1.5453,1.5378,1.5066,1.4465,1.3591,1.2584,1.1691,1.1148,1.1035,1.1263,1.1673,1.2131,1.256,1.2931,1.3239,1.3491,1.3696,1.3865,1.4005,1.4122,1.4222,1.6078,1.5931,1.5694,1.5364,1.4961,1.4533,1.4147,1.3883,1.3798,1.3903,1.4162,1.4513,1.49,1.5276,1.5599,1.5812,1.5823,1.5493,1.4669,1.3297,1.1591,1.0078,0.9297,0.9369,0.9992,1.0796,1.1557,1.2191,1.2691,1.3079,1.338,1.3616,1.3805,1.3958,1.4085,1.4192,1.6423,1.6287,1.6012,1.5577,1.4997,1.4337,1.371,1.3264,1.3121,1.3305,1.3729,1.4271,1.4841,1.5396,1.5907,1.633,1.655,1.6328,1.5284,1.3096,0.9994,0.7178,0.6071,0.6776,0.8286,0.9783,1.0978,1.1859,1.2494,1.2955,1.3297,1.3556,1.3759,1.3922,1.4055,1.4167,1.6914,1.6839,1.6556,1.5999,1.5161,1.4122,1.306,1.2255,1.2001,1.2361,1.3098,1.3938,1.4753,1.5525,1.6276,1.7016,1.767,1.7906,1.691,1.3529,0.7513,0.1628,0.027,0.2943,0.6279,0.8823,1.0527,1.164,1.238,1.2887,1.325,1.352,1.3729,1.3896,1.4033,1.4147,1.7598,1.7685,1.7482,1.6818,1.5618,1.3973,1.2121,1.0554,1.0061,1.0877,1.2244,1.354,1.4648,1.5648,1.6654,1.7798,1.9196,2.0665,2.0827,1.6387,0.4806,-0.8407,-0.8968,-0.1377,0.4729,0.8334,1.0396,1.1617,1.2379,1.2885,1.3241,1.3506,1.3713,1.3879,1.4016,1.4132,1.8499,1.8946,1.9048,1.8382,1.6697,1.4147,1.1006,0.7835,0.6751,0.8779,1.1318,1.3183,1.4568,1.5751,1.6955,1.846,2.0768,2.4569,2.8782,2.519,0.7448,-1.4766,-1.3854,-0.2114,0.5112,0.8793,1.0729,1.1822,1.2492,1.2938,1.326,1.3507,1.3704,1.3867,1.4004,1.412,1.956,2.0695,2.1632,2.132,1.8931,1.5129,1.0607,0.5439,0.3367,0.7252,1.0854,1.3033,1.4556,1.5838,1.7118,1.8721,2.1436,2.7057,3.6658,3.5092,1.7748,0.2272,-0.0977,0.3942,0.7938,1.0199,1.1449,1.2184,1.2663,1.301,1.3283,1.3507,1.3696,1.3855,1.3991,1.4108,2.0524,2.2665,2.5443,2.6521,2.2704,1.7019,1.2006,0.7611,0.5997,0.8552,1.1194,1.3094,1.4601,1.5939,1.7225,1.86,2.0696,2.4758,3.0386,2.9212,2.331,1.8389,1.3069,1.1296,1.1414,1.1849,1.2219,1.252,1.2789,1.3042,1.3278,1.3491,1.3678,1.3839,1.3976,1.4094,2.0893,2.3697,2.8618,3.2605,2.5962,1.835,1.356,1.0619,0.9442,0.994,1.141,1.309,1.4609,1.6082,1.7595,1.8685,1.9685,2.1567,2.369,2.4811,2.7804,2.6104,1.9421,1.5451,1.3676,1.291,1.2619,1.2602,1.2747,1.2971,1.3213,1.3442,1.3643,1.3813,1.3956,1.4077,2.0338,2.2464,2.5695,2.7622,2.2632,1.7543,1.3584,1.0802,0.8675,0.833,1.0591,1.2848,1.4441,1.6051,1.8647,1.9977,1.9369,2.0172,2.142,2.3027,2.5708,2.4594,2.0006,1.6435,1.4185,1.2879,1.2291,1.2216,1.2429,1.275,1.3076,1.336,1.3593,1.378,1.3931,1.4055,1.9216,2.0141,2.0446,1.8904,1.8382,1.6002,1.2582,0.9838,0.5625,0.352,0.9443,1.2684,1.4002,1.4993,1.7826,1.9854,1.9159,2.023,2.1127,2.1439,2.1623,2.0654,1.8218,1.5427,1.299,1.14,1.0896,1.1183,1.178,1.2384,1.2882,1.326,1.3537,1.3742,1.3898,1.4024,1.81,1.8425,1.8386,1.8069,1.7436,1.4519,1.111,0.8967,0.7675,0.661,1.0631,1.3007,1.3458,1.2578,1.4112,1.6876,1.9181,2.2624,2.3579,2.1689,2.0123,1.8587,1.6374,1.3306,0.9896,0.7778,0.7985,0.9419,1.087,1.1958,1.2695,1.3177,1.349,1.3701,1.3856,1.398,1.7191,1.7256,1.7138,1.6751,1.5588,1.3183,1.0246,0.6438,1.0019,1.0902,1.2522,1.3413,1.3612,1.1845,1.3067,1.6223,1.9511,2.8825,2.9266,2.2657,1.9689,1.7645,1.4995,1.061,0.4392,0.0851,0.3346,0.7264,1.0025,1.1674,1.262,1.3156,1.3462,1.3652,1.379,1.391,1.649,1.6392,1.6117,1.5545,1.4486,1.2924,1.1319,1.0992,1.1427,1.2592,1.3682,1.3289,1.3402,1.8133,1.569,1.5811,1.8053,2.3815,2.516,2.1426,1.9127,1.7293,1.4482,0.8921,-0.0883,-0.6586,-0.0463,0.6142,0.9877,1.1797,1.2757,1.3218,1.3438,1.3565,1.3673,1.3792,1.5983,1.5804,1.5479,1.4955,1.4204,1.331,1.2547,1.2328,1.2897,1.4032,1.4923,1.5109,1.5853,1.6925,1.6406,1.5998,2.2085,2.0274,2.0215,1.9474,1.8818,1.7743,1.5237,1.0398,0.2473,-0.2226,0.2304,0.7775,1.0938,1.2475,1.312,1.3316,1.3343,1.3364,1.3448,1.3591,1.5643,1.5448,1.5157,1.4761,1.4283,1.3813,1.3514,1.3584,1.4159,1.52,1.6419,1.6118,1.6172,1.6518,1.6729,1.8291,2.0972,1.9072,1.8288,1.8604,2.0044,1.9294,1.6624,1.3446,0.9824,0.7849,0.9184,1.1488,1.2979,1.3572,1.357,1.3282,1.3,1.2911,1.3028,1.3266,1.5431,1.5256,1.5027,1.4753,1.4468,1.4239,1.4161,1.433,1.4803,1.5563,1.6378,1.6289,1.6897,1.7256,1.6454,1.6763,1.7259,1.6736,1.6277,1.7513,2.0173,1.9458,1.7236,1.5677,1.4773,1.4743,1.5255,1.5531,1.5348,1.4759,1.3831,1.2796,1.2092,1.1985,1.2315,1.2793,1.5309,1.5167,1.4997,1.4817,1.4653,1.4551,1.4561,1.4725,1.505,1.548,1.5862,1.6154,1.6929,1.695,1.5038,1.4412,1.5101,1.4565,1.3369,1.5392,1.7125,1.7439,1.6984,1.7018,1.8132,2.0056,2.072,1.9391,1.7603,1.5762,1.3632,1.143,1.0184,1.0389,1.1302,1.2227,1.5245,1.5134,1.5014,1.4897,1.4806,1.4765,1.4801,1.4928,1.5136,1.5383,1.5605,1.5766,1.5776,1.4869,1.1498,1.0114,1.3475,1.4128,1.3742,1.4551,1.5443,1.6054,1.6544,1.7775,2.0683,2.5273,2.6332,2.2641,1.9411,1.6546,1.3096,0.9216,0.7359,0.8444,1.0308,1.177,1.5216,1.5133,1.5048,1.4973,1.4921,1.4908,1.4944,1.5033,1.5161,1.5297,1.5396,1.5385,1.5093,1.4057,1.1734,1.1003,1.3246,1.4193,1.4157,1.407,1.4604,1.4982,1.5692,1.7577,2.1223,2.633,2.7449,2.355,2.0452,1.7377,1.3292,0.8315,0.6073,0.7736,1.0065,1.1731,1.5207,1.5145,1.5085,1.5036,1.5006,1.5003,1.5031,1.5088,1.5161,1.5226,1.5246,1.5162,1.4874,1.4262,1.3456,1.326,1.3841,1.4246,1.4232,1.4128,1.3829,1.3163,1.3487,1.593,1.9734,2.3159,2.4387,2.338,2.1066,1.8506,1.5059,1.0913,0.872,0.9428,1.0982,1.2248,1.521,1.5163,1.512,1.5087,1.5068,1.5067,1.5086,1.5118,1.5155,1.5179,1.5162,1.5072,1.4871,1.4559,1.4246,1.4139,1.4238,1.4294,1.4139,1.3626,1.2115,0.9161,0.8502,1.2761,1.7878,2.21,2.4881,2.3582,2.1418,1.9841,1.7375,1.4423,1.2451,1.2055,1.251,1.3121,1.5217,1.5182,1.515,1.5127,1.5113,1.5112,1.5121,1.5138,1.5153,1.5154,1.5125,1.5051,1.4921,1.4751,1.459,1.449,1.4431,1.4301,1.3939,1.3003,1.0609,0.5996,0.4611,1.033,1.6143,2.0149,2.2179,2.198,2.1887,2.12,1.9072,1.6723,1.4986,1.4132,1.3928,1.4029,1.5228,1.52,1.5176,1.5158,1.5148,1.5144,1.5147,1.5153,1.5155,1.5146,1.5116,1.5059,1.4972,1.4865,1.4756,1.4654,1.4533,1.4319,1.3874,1.2931,1.1047,0.8393,0.7923,1.1323,1.5403,1.8423,2.0174,2.1112,2.1928,2.1364,1.9583,1.7742,1.6312,1.541,1.4951,1.4776]},{"header":{"la1":42.85,"la2":41.18,"lo1":11.55,"lo2":14.05,"nx":36,"ny":24,"dx":0.07143,"dy":0.07261,"parameterCategory":2,"parameterNumber":3,"parameterNumberName":"northward_wind","parameterUnit":"m.s-1"},"data":[1.4271,1.3938,1.3508,1.298,1.2373,1.1721,1.1076,1.0494,1.0005,0.9604,0.9245,0.8866,0.8414,0.7851,0.7159,0.633,0.5367,0.4277,0.3086,0.186,0.0737,-0.0084,-0.0424,-0.0246,0.0338,0.1149,0.2037,0.2907,0.3713,0.4441,0.509,0.5668,0.6181,0.6638,0.7048,0.7415,1.4723,1.4375,1.3889,1.3255,1.2488,1.1638,1.0797,1.0072,0.954,0.9195,0.8944,0.867,0.8279,0.7722,0.698,0.6047,0.492,0.359,0.2052,0.0342,-0.135,-0.2621,-0.3057,-0.259,-0.1523,-0.0228,0.1051,0.2209,0.3219,0.409,0.484,0.549,0.6056,0.6553,0.6993,0.7383,1.5291,1.4949,1.4413,1.3646,1.2645,1.1472,1.0277,0.9284,0.8688,0.849,0.8487,0.8429,0.8165,0.7643,0.6862,0.5828,0.4538,0.2961,0.1015,-0.1408,-0.4154,-0.6373,-0.6944,-0.5783,-0.3783,-0.1721,0.0083,0.1578,0.2803,0.3812,0.4656,0.5369,0.5981,0.6511,0.6974,0.7383,1.601,1.5719,1.5164,1.4252,1.2927,1.1224,0.9357,0.779,0.7062,0.7243,0.779,0.8149,0.8098,0.764,0.6829,0.5703,0.4274,0.2512,0.0237,-0.3079,-0.7825,-1.228,-1.2941,-0.9995,-0.6264,-0.3119,-0.0715,0.1109,0.2522,0.3644,0.4557,0.5318,0.5963,0.6517,0.6997,0.7419,1.6909,1.6757,1.627,1.5253,1.3524,1.1003,0.7857,0.4928,0.3841,0.503,0.681,0.7895,0.8133,0.7739,0.6896,0.5692,0.4166,0.2374,0.0202,-0.3621,-1.1619,-2.1285,-2.1381,-1.4419,-0.8229,-0.4003,-0.1131,0.0909,0.2429,0.361,0.456,0.5346,0.6008,0.6574,0.7065,0.7492,1.7992,1.8126,1.7897,1.6926,1.4807,1.1237,0.5977,-0.014,-0.238,0.1564,0.5818,0.7877,0.8353,0.7955,0.7056,0.5796,0.4217,0.2534,0.1284,-0.1352,-1.1382,-2.6506,-2.5625,-1.5568,-0.8371,-0.391,-0.0996,0.104,0.2549,0.3721,0.4668,0.5453,0.6116,0.6685,0.7177,0.7605,1.9198,1.9813,2.0182,1.9604,1.7242,1.2776,0.5586,-0.4864,-0.9457,-0.0874,0.5938,0.8448,0.8825,0.8253,0.7243,0.5976,0.4425,0.2787,0.2436,0.1636,-0.602,-1.5043,-1.6294,-1.1177,-0.6303,-0.2802,-0.0331,0.1474,0.2856,0.3958,0.4867,0.5632,0.6285,0.6847,0.7334,0.7757,2.0346,2.1569,2.2968,2.3367,2.0798,1.5922,0.9356,0.0918,-0.2646,0.3552,0.8317,0.9745,0.9493,0.85,0.7261,0.6054,0.4746,0.3133,0.1838,-0.0157,-0.4935,-0.7385,-0.7697,-0.6007,-0.3503,-0.1217,0.0621,0.2082,0.3274,0.4276,0.5132,0.5869,0.6506,0.7057,0.7533,0.7946,2.1173,2.2775,2.5004,2.6581,2.3688,1.9146,1.4794,1.1144,0.9909,1.1071,1.1797,1.1366,1.017,0.8502,0.6663,0.5502,0.4888,0.3635,0.1524,-0.2449,-0.8768,-0.8046,-0.488,-0.2898,-0.1224,0.0262,0.155,0.2683,0.37,0.4615,0.5431,0.6148,0.6771,0.731,0.7773,0.8173,2.1548,2.3065,2.4775,2.5653,2.4238,2.1349,1.8738,1.7191,1.6774,1.6433,1.4804,1.2807,1.0726,0.833,0.4951,0.3321,0.4613,0.4066,0.2225,-0.1263,-0.6096,-0.5785,-0.2705,-0.078,0.0397,0.1301,0.2169,0.3083,0.4019,0.4918,0.5737,0.6457,0.7076,0.7605,0.8054,0.8435,2.1581,2.2989,2.473,2.6908,2.6319,2.3072,2.1521,2.0801,1.9756,1.9533,1.6786,1.3823,1.1081,0.8501,0.5317,0.3298,0.4729,0.4001,0.2794,0.1391,-0.03,-0.0648,0.0245,0.0982,0.1295,0.1559,0.215,0.3082,0.4141,0.5154,0.6044,0.6797,0.7424,0.7944,0.8374,0.8733,2.1357,2.2648,2.4415,2.6557,2.6037,2.3785,2.4217,2.5467,2.2324,1.9822,1.7478,1.4688,1.1206,0.7253,0.6976,0.6255,0.4766,0.2006,0.1131,0.2315,0.2682,0.2618,0.2486,0.194,0.0908,0.0306,0.1004,0.2507,0.4051,0.535,0.6381,0.719,0.7827,0.8331,0.8736,0.9064,2.0918,2.1908,2.3034,2.3918,2.3804,2.3751,2.5871,3.0668,2.5608,2.1045,1.8232,1.655,1.3832,0.6715,0.7087,0.6191,0.377,-0.3472,-0.3711,0.2227,0.4229,0.4514,0.3838,0.1869,-0.1586,-0.364,-0.1655,0.1489,0.3936,0.5633,0.6819,0.7671,0.8299,0.8772,0.9137,0.9426,2.0381,2.107,2.1735,2.2216,2.2497,2.3125,2.4626,2.5749,2.4467,2.1334,1.9385,1.8642,1.8612,2.0255,1.0003,0.2102,0.2558,0.0734,0.0344,0.4139,0.5843,0.601,0.4971,0.1797,-0.4684,-0.8668,-0.4118,0.105,0.4265,0.6205,0.7442,0.8273,0.8851,0.9264,0.9571,0.9809,1.9859,2.035,2.0802,2.1185,2.1558,2.2096,2.2804,2.3138,2.2458,2.1618,2.1553,2.1227,2.1013,2.5276,1.1184,0.082,0.1287,0.4525,0.6097,0.7221,0.7376,0.7178,0.638,0.3578,-0.1952,-0.537,-0.1841,0.2593,0.5455,0.7192,0.8286,0.8996,0.9465,0.9786,1.0018,1.0196,1.9398,1.9769,2.0116,2.0437,2.0761,2.1118,2.1454,2.162,2.173,2.2718,2.5539,2.6527,2.3828,2.0245,1.405,0.7357,0.4402,0.8059,1.0392,0.9673,0.657,0.6936,0.7779,0.6501,0.3965,0.2443,0.3528,0.5593,0.7302,0.8494,0.928,0.9777,1.0084,1.0285,1.0436,1.0562,1.9002,1.9297,1.9577,1.9844,2.0105,2.0365,2.0613,2.0879,2.1399,2.2762,2.5081,2.472,2.4306,2.3667,1.7862,1.3969,1.2779,1.5321,1.7539,1.3691,0.6819,0.7558,0.9408,0.9081,0.8041,0.7419,0.7633,0.8361,0.9181,0.9845,1.0269,1.0479,1.0578,1.0664,1.0768,1.0874,1.8659,1.8903,1.9136,1.936,1.9579,1.9799,2.0036,2.0344,2.0851,2.1668,2.2484,2.279,2.4041,2.4121,2.1502,2.0432,1.9286,2.3778,2.9843,2.1448,1.476,1.2417,1.1946,1.1226,1.0292,0.9552,0.9468,1.0056,1.0703,1.1062,1.1085,1.0882,1.0725,1.0781,1.095,1.1112,1.8361,1.8566,1.8765,1.8958,1.9149,1.9347,1.9569,1.9849,2.0228,2.0697,2.1141,2.1524,2.2058,2.2804,2.6722,2.8766,2.3242,2.5128,2.8538,2.594,2.071,1.663,1.4471,1.2972,1.1321,0.9109,0.8651,1.0778,1.2027,1.2212,1.1688,1.0797,1.0335,1.0591,1.1009,1.1305,1.8097,1.8274,1.8446,1.8615,1.8785,1.8962,1.9159,1.9391,1.9669,1.998,2.0297,2.0648,2.1196,2.2545,2.6041,2.7214,2.3807,2.4469,2.9525,3.1874,2.4001,1.8968,1.6374,1.4569,1.2583,0.9413,0.8708,1.2643,1.3871,1.3617,1.244,1.0766,1.0021,1.0523,1.1161,1.1551,1.7861,1.8016,1.8167,1.8316,1.8466,1.8623,1.8792,1.8982,1.9194,1.9427,1.9684,2.0004,2.0507,2.1418,2.268,2.3056,2.2558,2.3469,2.641,2.7111,2.2935,1.9644,1.7889,1.6338,1.5063,1.5153,1.7987,1.7663,1.6497,1.5577,1.3977,1.2038,1.1048,1.1225,1.1656,1.1942,1.7647,1.7783,1.7917,1.8049,1.8182,1.8318,1.8463,1.8619,1.8788,1.8974,1.9185,1.945,1.9817,2.0319,2.0833,2.1094,2.1234,2.1781,2.2606,2.2417,2.0915,2.0032,1.9657,1.8094,1.7052,1.8363,2.1485,2.0117,1.9029,1.8185,1.6221,1.4155,1.2875,1.2457,1.2428,1.2463,1.7452,1.7572,1.769,1.7807,1.7924,1.8042,1.8165,1.8295,1.8433,1.8583,1.8753,1.8955,1.9202,1.9487,1.9756,1.9951,2.0122,2.036,2.0537,2.0351,2.0024,2.0539,2.0838,1.9081,1.788,1.8346,1.9497,2.0237,2.2051,2.1058,1.828,1.5931,1.4415,1.3606,1.3214,1.3008,1.7272,1.7378,1.7483,1.7586,1.7688,1.7791,1.7896,1.8004,1.8117,1.8238,1.837,1.8518,1.8683,1.8857,1.9016,1.9146,1.9256,1.935,1.9385,1.9335,1.9392,1.9805,1.9824,1.8807,1.7996,1.8082,1.8858,2.0437,2.2431,2.152,1.898,1.682,1.5339,1.4407,1.3839,1.3482]}]