docs/data/wind_grid.json
[{"header":{"la1":42.85,"la2":41.18,"lo1":11.55,"lo2":14.05,"nx":36,"ny":24,"dx":0.07143,"dy":0.07261,"parameterCategory":2,"parameterNumber":2,"parameterNumberName":"eastward_wind","parameterUnit":"m.s-1"},"data":[1.2074,1.2352,1.2656,1.2981,1.3317,1.3646,1.3946,1.4199,1.4401,1.4578,1.4781,1.5067,1.5477,1.6,1.6539,1.6917,1.6964,1.6635,1.6035,1.5321,1.461,1.3961,1.3391,1.2897,1.2468,1.2092,1.1759,1.1462,1.1195,1.0951,1.0729,1.0526,1.034,1.0169,1.0013,0.987,1.2106,1.2422,1.2779,1.3174,1.3595,1.4019,1.4404,1.4706,1.4905,1.5035,1.5188,1.5484,1.6022,1.6829,1.7768,1.8493,1.8608,1.8032,1.7048,1.5983,1.5018,1.4203,1.353,1.297,1.2498,1.2094,1.1741,1.1428,1.1148,1.0894,1.0664,1.0453,1.026,1.0084,0.9923,0.9777,1.211,1.2466,1.2883,1.3366,1.391,1.4484,1.5022,1.5423,1.5611,1.5621,1.5625,1.5851,1.6503,1.7704,1.9334,2.0739,2.0958,1.9847,1.818,1.6611,1.5345,1.4364,1.36,1.2989,1.2487,1.2063,1.1696,1.1372,1.1082,1.0819,1.0581,1.0363,1.0164,0.9983,0.9818,0.9669,1.2074,1.2466,1.2946,1.3532,1.424,1.5052,1.5877,1.6506,1.6699,1.6454,1.6116,1.611,1.6771,1.8371,2.0966,2.3545,2.3895,2.1779,1.913,1.7007,1.5483,1.439,1.3576,1.2943,1.2429,1.1997,1.1622,1.1292,1.0995,1.0726,1.048,1.0256,1.0051,0.9865,0.9696,0.9545,1.1985,1.2402,1.2932,1.3619,1.4518,1.5674,1.7026,1.8203,1.85,1.7721,1.6683,1.6202,1.6653,1.834,2.1544,2.5183,2.564,2.2583,1.9273,1.6912,1.5336,1.4247,1.345,1.2831,1.2326,1.1897,1.1523,1.119,1.0888,1.0613,1.0361,1.013,0.9919,0.9728,0.9556,0.9402,1.1832,1.2251,1.2801,1.3551,1.4609,1.614,1.8283,2.0637,2.137,1.9475,1.7207,1.6057,1.6104,1.7346,1.9891,2.2848,2.3308,2.0897,1.8203,1.6241,1.4902,1.3954,1.3238,1.2666,1.2187,1.1772,1.1403,1.1069,1.0763,1.0482,1.0223,0.9984,0.9767,0.957,0.9394,0.9239,1.1609,1.2,1.2522,1.3252,1.4332,1.6024,1.8756,2.2521,2.4062,2.0604,1.7144,1.5563,1.5277,1.5885,1.719,1.8604,1.893,1.7907,1.6486,1.5268,1.4325,1.3588,1.2986,1.2477,1.2031,1.1632,1.1268,1.0934,1.0623,1.0333,1.0065,0.9817,0.9591,0.9388,0.9208,0.9051,1.1322,1.1655,1.2096,1.2708,1.3607,1.5009,1.7259,2.0342,2.1516,1.8632,1.5935,1.4709,1.4409,1.4643,1.5171,1.5713,1.5904,1.5612,1.5041,1.4408,1.3806,1.3254,1.2752,1.2295,1.1876,1.1488,1.1127,1.0788,1.0468,1.0167,0.9886,0.9625,0.9388,0.9177,0.8992,0.8834,1.0986,1.1238,1.1561,1.1988,1.2578,1.3417,1.4568,1.5773,1.6077,1.5227,1.4301,1.3807,1.3741,1.3915,1.4152,1.4362,1.4482,1.4456,1.4263,1.3926,1.3497,1.3037,1.2582,1.2149,1.1739,1.1352,1.0985,1.0636,1.0302,0.9984,0.9684,0.9405,0.9153,0.893,0.874,0.8582,1.0621,1.0786,1.098,1.1211,1.1493,1.1848,1.2315,1.2916,1.3524,1.3684,1.3332,1.3213,1.3473,1.381,1.3956,1.3975,1.4067,1.4216,1.4207,1.3927,1.3474,1.298,1.2503,1.2056,1.1634,1.1233,1.085,1.0481,1.0125,0.9781,0.9454,0.915,0.8876,0.8638,0.8442,0.8286,1.025,1.0332,1.0411,1.0477,1.0517,1.0534,1.0638,1.1301,1.348,1.4483,1.2999,1.2933,1.3731,1.4538,1.4528,1.4142,1.4261,1.4859,1.5045,1.4502,1.3743,1.3075,1.2517,1.2023,1.1567,1.1137,1.0727,1.0329,0.9939,0.9558,0.9191,0.8849,0.8544,0.8287,0.8084,0.7934,0.9891,0.9905,0.9895,0.9841,0.9715,0.9487,0.9189,0.9185,1.111,1.2845,1.2147,1.2738,1.4384,1.656,1.5875,1.4402,1.4792,1.7015,1.7437,1.5666,1.4182,1.3268,1.2618,1.206,1.1547,1.1069,1.062,1.0183,0.9747,0.9311,0.8884,0.8485,0.8136,0.7853,0.7646,0.751,0.9555,0.9517,0.9446,0.9321,0.9112,0.8771,0.8284,0.85,0.7892,0.9797,1.0976,1.2773,1.4176,1.7193,1.6255,1.3791,1.4837,2.0886,2.1021,1.656,1.4466,1.3537,1.2855,1.2196,1.1582,1.1035,1.0538,1.0053,0.9556,0.9038,0.8519,0.8032,0.7617,0.7303,0.7098,0.6992,0.9246,0.9171,0.9061,0.8902,0.8674,0.8345,0.786,0.7023,0.7302,0.8262,0.9465,1.3301,1.4505,1.1868,1.2355,1.156,1.2159,1.6871,1.7965,1.5478,1.4624,1.4217,1.3421,1.2481,1.1673,1.1038,1.0498,0.9965,0.938,0.8737,0.8069,0.7443,0.6931,0.6581,0.6397,0.6352,0.8964,0.8862,0.8726,0.8549,0.832,0.803,0.7678,0.7302,0.6913,0.6094,0.5525,0.7172,0.8901,0.7983,0.9499,0.8931,0.798,1.0697,1.281,1.4278,1.6371,1.6435,1.4602,1.2887,1.1774,1.1083,1.0549,0.9972,0.9259,0.8409,0.7493,0.6639,0.5983,0.5603,0.5488,0.5563,0.8708,0.8584,0.8428,0.8232,0.7988,0.7683,0.7288,0.6704,0.5583,0.3061,-0.1558,0.1121,0.3671,0.6395,0.7169,0.7596,0.7723,0.8449,1.0119,1.4791,2.2368,2.102,1.5954,1.3065,1.1776,1.1228,1.0817,1.0195,0.9261,0.8059,0.6721,0.5484,0.4619,0.4253,0.4307,0.4605,0.8477,0.8334,0.8159,0.7942,0.7671,0.7321,0.6835,0.608,0.4754,0.2309,-0.109,0.0742,0.1147,0.0857,0.4043,0.5191,0.574,0.5552,0.6141,1.2163,2.2861,2.1038,1.5197,1.2433,1.1668,1.1722,1.161,1.0845,0.9487,0.7695,0.5649,0.377,0.2622,0.2405,0.2831,0.3508,0.8269,0.8112,0.7921,0.7687,0.7394,0.7015,0.6501,0.5768,0.4708,0.3324,0.2191,0.1948,0.0601,0.0105,0.0936,0.094,0.2526,0.1838,-0.0107,0.5093,1.1547,1.3241,1.1797,1.1055,1.1762,1.3148,1.3466,1.2129,0.9982,0.7333,0.4218,0.1325,-0.0136,0.0094,0.1186,0.2402,0.8085,0.7918,0.7717,0.7473,0.7173,0.6796,0.6311,0.5687,0.4913,0.4069,0.3337,0.2711,0.1833,0.0453,-0.4053,-0.5971,-0.0281,0.093,0.0102,0.1305,0.4627,0.7191,0.8222,0.9477,1.2158,1.5763,1.6488,1.3644,1.0509,0.7052,0.2752,-0.1384,-0.3056,-0.208,-0.0187,0.1554,0.7925,0.7752,0.7547,0.7303,0.7008,0.6651,0.6218,0.5699,0.5107,0.4481,0.386,0.3185,0.223,0.0365,-0.3399,-0.4499,-0.0644,0.0653,-0.1151,-0.2149,0.1298,0.3432,0.4865,0.7325,1.137,1.6075,1.6979,1.3525,1.0568,0.7043,0.2297,-0.2392,-0.4117,-0.2807,-0.0629,0.127,0.7787,0.7613,0.7409,0.717,0.689,0.6561,0.6178,0.574,0.5255,0.4736,0.4182,0.3539,0.2673,0.1392,-0.0106,-0.0445,0.0542,0.0827,-0.022,-0.0679,-0.002,-0.0485,-0.0005,0.3548,0.8547,1.2094,1.2509,1.1953,1.0283,0.7361,0.3366,-0.0516,-0.22,-0.1506,0.0094,0.1641,0.7672,0.7498,0.73,0.7071,0.6809,0.6508,0.6168,0.5789,0.5375,0.4928,0.4439,0.388,0.321,0.243,0.1732,0.1454,0.151,0.1333,0.0692,-0.026,-0.2582,-0.735,-0.8507,-0.2171,0.5262,1.0145,1.1985,1.1507,0.9927,0.7637,0.4823,0.218,0.0729,0.0701,0.1474,0.2446,0.7575,0.7406,0.7214,0.6998,0.6754,0.648,0.6177,0.5843,0.5482,0.5092,0.4669,0.4204,0.3695,0.3172,0.2717,0.2402,0.2147,0.1722,0.088,-0.0876,-0.5,-1.2196,-1.4171,-0.6162,0.2415,0.7854,1.0183,1.0182,0.9103,0.7551,0.5751,0.4072,0.2975,0.2635,0.2862,0.3358,0.7495,0.7332,0.7149,0.6946,0.672,0.647,0.6197,0.5901,0.5582,0.5242,0.4878,0.4491,0.4087,0.3685,0.3312,0.297,0.259,0.2028,0.1044,-0.0817,-0.4246,-0.8683,-0.9561,-0.4713,0.1301,0.5591,0.7796,0.838,0.8021,0.7183,0.6129,0.5103,0.4343,0.3973,0.3954,0.4164]},{"header":{"la1":42.85,"la2":41.18,"lo1":11.55,"lo2":14.05,"nx":36,"ny":24,"dx":0.07143,"dy":0.07261,"parameterCategory":2,"parameterNumber":3,"parameterNumberName":"northward_wind","parameterUnit":"m.s-1"},"data":[4.315,4.2922,4.2659,4.2364,4.2049,4.1734,4.1445,4.1206,4.1022,4.0866,4.068,4.0397,3.9969,3.9406,3.8812,3.8371,3.8259,3.8515,3.9021,3.9609,4.0155,4.0604,4.0942,4.118,4.1335,4.1424,4.1464,4.1469,4.1448,4.1411,4.1363,4.131,4.1256,4.1203,4.1153,4.1108,4.3196,4.2933,4.2616,4.2247,4.1837,4.1414,4.1027,4.0731,4.0556,4.0465,4.0351,4.0076,3.9522,3.8663,3.7645,3.6842,3.6668,3.7196,3.8113,3.9065,3.9866,4.0467,4.0887,4.1163,4.1329,4.1415,4.1445,4.1435,4.14,4.1348,4.1287,4.1223,4.1159,4.1099,4.1044,4.0995,4.3272,4.2972,4.2594,4.2129,4.1579,4.0978,4.0406,3.999,3.9829,3.9891,3.9972,3.9802,3.9142,3.786,3.6094,3.456,3.429,3.5412,3.707,3.8559,3.9665,4.0419,4.0903,4.1197,4.1357,4.1426,4.1434,4.1402,4.1345,4.1275,4.1198,4.1121,4.1047,4.0979,4.0919,4.0868,4.3391,4.306,4.262,4.2041,4.1299,4.0409,3.9478,3.8772,3.8602,3.8987,3.9508,3.9642,3.8997,3.7275,3.4432,3.1601,3.1204,3.3455,3.6204,3.8298,3.967,4.0517,4.1017,4.1292,4.142,4.1454,4.1427,4.1364,4.128,4.1186,4.1091,4.1,4.0915,4.084,4.0775,4.0722,4.3566,4.3221,4.2734,4.2046,4.1079,3.9765,3.8164,3.6744,3.6427,3.7499,3.8928,3.9675,3.9293,3.7461,3.3895,2.9834,2.9323,3.267,3.6198,3.8574,3.9994,4.0805,4.1242,4.1449,4.1513,4.1491,4.1416,4.1312,4.1195,4.1075,4.096,4.0854,4.0759,4.0677,4.0609,4.0555,4.381,4.3479,4.2986,4.2241,4.1092,3.9309,3.6682,3.3701,3.2782,3.5328,3.8396,4.0016,4.0118,3.877,3.5887,3.2513,3.1977,3.466,3.7565,3.9522,4.0663,4.1275,4.1562,4.165,4.162,4.1521,4.1386,4.1234,4.1081,4.0933,4.0797,4.0676,4.0572,4.0485,4.0416,4.0364,4.4125,4.3846,4.3411,4.2715,4.1566,3.9595,3.6193,3.129,2.9238,3.3944,3.8676,4.0861,4.1341,4.07,3.9213,3.7572,3.7176,3.8307,3.9798,4.0913,4.1564,4.1864,4.1933,4.1862,4.1712,4.1523,4.1319,4.1116,4.0924,4.0748,4.0593,4.0459,4.0348,4.026,4.0193,4.0145,4.45,4.4313,4.4004,4.3489,4.2609,4.1061,3.8331,3.4334,3.2798,3.6882,4.0634,4.2282,4.2704,4.2482,4.1914,4.1326,4.1136,4.1458,4.1975,4.2365,4.2521,4.2474,4.2292,4.2038,4.1755,4.1468,4.1193,4.0939,4.071,4.0509,4.0337,4.0195,4.0081,3.9995,3.9934,3.9896,4.4913,4.4842,4.4706,4.446,4.4029,4.3297,4.2172,4.0974,4.0975,4.237,4.3467,4.388,4.3891,4.3733,4.356,4.3465,4.3505,4.3648,4.3749,4.3675,4.3409,4.3016,4.257,4.2123,4.1703,4.1322,4.0981,4.0682,4.0422,4.0202,4.002,3.9875,3.9764,3.9685,3.9635,3.9611,4.5329,4.5382,4.5428,4.5463,4.5476,4.5459,4.5435,4.5575,4.616,4.6424,4.576,4.509,4.4593,4.4292,4.4296,4.4577,4.4979,4.5296,4.5289,4.4873,4.4185,4.3416,4.2688,4.2051,4.1508,4.1048,4.0657,4.0324,4.0045,3.9815,3.9631,3.9491,3.939,3.9325,3.9294,3.929,4.5716,4.5879,4.6084,4.635,4.6702,4.7149,4.7622,4.7954,4.8365,4.8605,4.7028,4.5665,4.4627,4.3941,4.4137,4.5046,4.614,4.6998,4.7025,4.6113,4.4814,4.3569,4.2541,4.1738,4.1111,4.0607,4.0191,3.9845,3.9561,3.9335,3.9161,3.9035,3.8953,3.8911,3.8905,3.893,4.6046,4.6292,4.661,4.7035,4.7607,4.835,4.9129,4.9506,4.9176,4.8511,4.723,4.579,4.4184,4.2286,4.3033,4.5234,4.7479,4.9564,4.9615,4.7465,4.5106,4.3251,4.1956,4.108,4.0454,3.9966,3.9561,3.9226,3.8957,3.875,3.86,3.8501,3.8449,3.8439,3.8468,3.8529,4.6303,4.6599,4.6978,4.7479,4.8153,4.9054,5.0075,4.927,5.1308,4.8914,4.7237,4.5902,4.4721,4.1755,4.2688,4.611,4.9092,5.2768,5.2613,4.8162,4.4438,4.2007,4.0667,3.9958,3.9494,3.9103,3.875,3.845,3.8217,3.8052,3.7944,3.7887,3.7876,3.7908,3.7981,3.8089,4.6481,4.6794,4.7186,4.7687,4.834,4.9205,5.0389,5.2255,5.1517,4.8996,4.7477,4.5899,4.552,4.6894,4.6265,4.8836,5.1434,5.1802,5.0783,4.6229,4.1606,3.9024,3.834,3.8314,3.8248,3.8026,3.7743,3.7497,3.7329,3.7236,3.7196,3.7197,3.7236,3.7319,3.7447,3.7613,4.6584,4.689,4.7259,4.7705,4.8246,4.8892,4.9604,5.0091,4.9641,4.8724,4.8273,4.7981,4.7849,4.8965,4.8489,5.3429,5.9044,5.2501,4.7658,4.1524,3.4746,3.3013,3.4829,3.633,3.6842,3.6762,3.6512,3.6331,3.6276,3.6307,3.6371,3.6445,3.6541,3.668,3.6872,3.7108,4.6625,4.6909,4.7235,4.7606,4.8018,4.8443,4.8805,4.8955,4.8822,4.8722,4.8965,5.0393,4.9639,4.8876,4.9379,5.2982,5.6528,5.1513,4.5781,3.5951,2.218,2.4034,3.1308,3.4666,3.5486,3.5283,3.4956,3.488,3.5043,3.5292,3.551,3.5668,3.5812,3.6004,3.6269,3.6589,4.6618,4.6872,4.7152,4.7455,4.7766,4.806,4.8293,4.8429,4.8511,4.8693,4.8985,4.9524,5.007,5.0221,4.9515,5.0214,5.0773,4.9737,4.7154,3.7356,2.0792,2.3293,3.1134,3.4098,3.4218,3.3367,3.2837,3.3036,3.3636,3.4254,3.4694,3.4932,3.509,3.532,3.5667,3.6085,4.6574,4.6799,4.7039,4.7287,4.7534,4.7762,4.7956,4.8117,4.8281,4.8503,4.8786,4.9177,5.0012,5.0177,4.9277,4.9168,4.9468,5.1218,5.3747,4.5733,3.6018,3.3095,3.421,3.429,3.2698,3.0572,2.9839,3.0779,3.2153,3.3308,3.4045,3.4342,3.4452,3.4692,3.5122,3.5642,4.6505,4.6702,4.6908,4.7117,4.7322,4.7514,4.769,4.7856,4.8031,4.8232,4.8465,4.8745,4.9049,4.9067,4.8983,4.9026,4.9008,5.0565,5.1972,4.8203,4.3226,3.8971,3.6548,3.4287,3.0973,2.7167,2.6379,2.8665,3.0881,3.2569,3.365,3.4012,3.4024,3.424,3.4731,3.5327,4.6417,4.659,4.6768,4.6946,4.712,4.7287,4.7445,4.7598,4.7754,4.7919,4.8091,4.8262,4.8401,4.8493,4.8711,4.8769,4.8416,4.8645,4.9283,4.9555,4.515,4.039,3.6981,3.4034,3.0393,2.6458,2.5697,2.7964,3.0105,3.2039,3.3417,3.3922,3.3916,3.4101,3.4589,3.5196,4.6315,4.6466,4.662,4.6773,4.6921,4.7064,4.7201,4.7332,4.7459,4.7583,4.7698,4.7796,4.7869,4.793,4.7989,4.7883,4.7551,4.739,4.7703,4.718,4.3282,3.8533,3.5519,3.3546,3.0906,2.8171,2.6864,2.7586,2.9595,3.1661,3.3181,3.3877,3.4042,3.4258,3.4699,3.5253,4.6202,4.6334,4.6466,4.6596,4.6722,4.6841,4.6953,4.7058,4.7152,4.7235,4.73,4.7339,4.7346,4.7314,4.7213,4.6968,4.6546,4.6018,4.5277,4.3437,3.9224,3.3869,3.1962,3.2501,3.1285,2.8487,2.6144,2.7136,2.9517,3.1588,3.3054,3.3864,3.4243,3.4552,3.4959,3.5444,4.6081,4.6195,4.6307,4.6416,4.652,4.6616,4.6703,4.6779,4.6841,4.6884,4.6902,4.6886,4.6826,4.6704,4.6486,4.6122,4.5558,4.4719,4.3361,4.085,3.6343,3.0775,2.9516,3.1741,3.1854,3.0027,2.8455,2.8852,3.0429,3.2016,3.3227,3.4014,3.4503,3.4885,3.528,3.5709,4.5954,4.6051,4.6145,4.6234,4.6316,4.639,4.6452,4.65,4.653,4.6536,4.6512,4.6446,4.6327,4.6131,4.5829,4.5374,4.4703,4.3711,4.2191,3.9797,3.6303,3.2693,3.1585,3.2562,3.2771,3.1892,3.1049,3.1077,3.1844,3.2825,3.3697,3.4359,3.4847,3.5246,3.5624,3.6008]}]