docs/data/wind_grid.json
{"header": {"la1":42.1,"la2":41.55,"lo1":12.1,"lo2":12.95,"nx":50,"ny":50,"dx":0.01735,"dy":0.01122,"parameterCategory":2,"parameterNumber":3,"parameterNumberName":"northward_wind","parameterUnit":"m.s-1"}, "data":
[rows 0 to 45 of 50, columns 0 to 49 of 50]
1.2252,1.2284,1.232,1.2359,1.2403,1.245,1.2501,1.2556,1.2613,1.2674,1.2736,1.2799,1.2862,1.2924,1.2984,1.304,1.3092,1.3138,1.3177,1.3208,1.3231,1.3247,1.3254,1.3254,1.3247,1.3235,1.3219,1.3202,1.3186,1.3173,1.3166,1.3165,1.3174,1.3191,1.3217,1.325,1.3287,1.3324,1.3358,1.3386,1.3405,1.3414,1.3412,1.3401,1.3382,1.3357,1.3327,1.3294,1.326,1.3225
1.2228,1.2261,1.2297,1.2338,1.2382,1.2431,1.2485,1.2542,1.2603,1.2667,1.2733,1.28,1.2868,1.2935,1.3,1.3061,1.3116,1.3166,1.3208,1.3241,1.3266,1.3281,1.3288,1.3285,1.3276,1.326,1.3241,1.3219,1.3199,1.3182,1.3172,1.317,1.3179,1.3198,1.3228,1.3266,1.331,1.3353,1.3393,1.3425,1.3447,1.3456,1.3453,1.3439,1.3417,1.3387,1.3353,1.3316,1.3278,1.324
1.2203,1.2235,1.2272,1.2314,1.236,1.241,1.2466,1.2526,1.259,1.2658,1.2729,1.2801,1.2874,1.2946,1.3016,1.3082,1.3143,1.3196,1.3241,1.3277,1.3303,1.3319,1.3324,1.332,1.3307,1.3288,1.3263,1.3237,1.3211,1.319,1.3176,1.3173,1.3181,1.3203,1.3238,1.3282,1.3333,1.3384,1.3431,1.3468,1.3492,1.3502,1.3497,1.348,1.3453,1.3419,1.338,1.3338,1.3296,1.3254
1.2175,1.2208,1.2245,1.2287,1.2334,1.2387,1.2445,1.2508,1.2575,1.2647,1.2723,1.28,1.2879,1.2957,1.3033,1.3104,1.317,1.3229,1.3278,1.3316,1.3344,1.336,1.3364,1.3358,1.3341,1.3317,1.3287,1.3255,1.3224,1.3197,1.3179,1.3173,1.3182,1.3206,1.3246,1.3297,1.3357,1.3417,1.3472,1.3515,1.3542,1.3552,1.3544,1.3523,1.3491,1.3451,1.3406,1.336,1.3313,1.3268
1.2146,1.2178,1.2215,1.2258,1.2306,1.236,1.2421,1.2486,1.2558,1.2634,1.2715,1.2798,1.2883,1.2967,1.305,1.3128,1.32,1.3263,1.3317,1.3358,1.3388,1.3404,1.3407,1.3398,1.3378,1.3349,1.3313,1.3274,1.3235,1.3202,1.3179,1.317,1.3179,1.3206,1.3251,1.3311,1.3381,1.3452,1.3516,1.3565,1.3596,1.3605,1.3594,1.3568,1.3529,1.3483,1.3433,1.3381,1.3329,1.328
1.2114,1.2146,1.2183,1.2226,1.2275,1.2331,1.2393,1.2462,1.2537,1.2618,1.2704,1.2794,1.2885,1.2977,1.3067,1.3152,1.3231,1.33,1.3358,1.3404,1.3435,1.3452,1.3454,1.3443,1.3418,1.3383,1.334,1.3293,1.3247,1.3206,1.3177,1.3164,1.3172,1.3201,1.3253,1.3323,1.3405,1.3488,1.3563,1.362,1.3653,1.3661,1.3646,1.3614,1.3568,1.3515,1.3458,1.34,1.3344,1.329
1.2079,1.2111,1.2148,1.2191,1.2241,1.2298,1.2362,1.2434,1.2514,1.2599,1.2691,1.2787,1.2886,1.2986,1.3083,1.3177,1.3263,1.3339,1.3403,1.3452,1.3486,1.3504,1.3505,1.3491,1.3461,1.342,1.3369,1.3313,1.3258,1.3209,1.3172,1.3154,1.316,1.3192,1.3251,1.3332,1.3428,1.3525,1.3612,1.3677,1.3713,1.372,1.37,1.366,1.3606,1.3545,1.3481,1.3417,1.3356,1.3299
1.2043,1.2073,1.2109,1.2153,1.2203,1.2261,1.2328,1.2403,1.2486,1.2577,1.2674,1.2778,1.2885,1.2993,1.31,1.3202,1.3297,1.338,1.345,1.3504,1.3541,1.356,1.356,1.3542,1.3508,1.3459,1.34,1.3334,1.3268,1.3208,1.3163,1.3139,1.3142,1.3177,1.3243,1.3336,1.3447,1.3561,1.3662,1.3737,1.3776,1.378,1.3753,1.3705,1.3642,1.3573,1.3501,1.3432,1.3366,1.3305
1.2003,1.2032,1.2068,1.211,1.2161,1.222,1.2288,1.2366,1.2453,1.2549,1.2654,1.2765,1.2881,1.2998,1.3115,1.3228,1.3332,1.3424,1.3501,1.356,1.36,1.3619,1.3618,1.3598,1.3558,1.3502,1.3433,1.3355,1.3277,1.3205,1.3149,1.3117,1.3117,1.3153,1.3227,1.3334,1.3462,1.3595,1.3712,1.3796,1.3838,1.3839,1.3805,1.3747,1.3675,1.3596,1.3518,1.3442,1.3372,1.3307
1.1961,1.1988,1.2022,1.2064,1.2115,1.2174,1.2244,1.2325,1.2416,1.2517,1.2628,1.2748,1.2873,1.3001,1.3129,1.3253,1.3368,1.3469,1.3554,1.3618,1.3661,1.3682,1.3681,1.3657,1.3612,1.3548,1.3468,1.3378,1.3285,1.3199,1.3131,1.3089,1.3084,1.312,1.3202,1.3322,1.347,1.3623,1.3757,1.3852,1.3897,1.3894,1.3852,1.3784,1.3702,1.3615,1.3529,1.3449,1.3374,1.3307
1.1916,1.1941,1.1973,1.2014,1.2064,1.2124,1.2195,1.2277,1.2372,1.2479,1.2598,1.2726,1.2861,1.3001,1.3142,1.3278,1.3404,1.3516,1.3609,1.368,1.3726,1.3748,1.3746,1.3719,1.3669,1.3596,1.3504,1.34,1.3291,1.3189,1.3106,1.3052,1.3039,1.3075,1.3163,1.3298,1.3465,1.364,1.3794,1.3901,1.3949,1.3941,1.389,1.3812,1.3721,1.3626,1.3534,1.3449,1.3371,1.3302
1.1868,1.189,1.192,1.1959,1.2008,1.2067,1.2139,1.2224,1.2322,1.2435,1.256,1.2698,1.2844,1.2997,1.3151,1.3301,1.3441,1.3564,1.3666,1.3743,1.3793,1.3816,1.3813,1.3784,1.3729,1.3647,1.3543,1.3423,1.3296,1.3175,1.3073,1.3005,1.2982,1.3015,1.3108,1.3256,1.3444,1.3642,1.3816,1.3936,1.3988,1.3976,1.3916,1.3829,1.373,1.3628,1.3532,1.3443,1.3363,1.3292
1.1816,1.1836,1.1863,1.1899,1.1946,1.2004,1.2076,1.2163,1.2265,1.2383,1.2516,1.2663,1.2821,1.2987,1.3156,1.3322,1.3476,1.3613,1.3725,1.3807,1.386,1.3884,1.388,1.385,1.379,1.37,1.3583,1.3445,1.3298,1.3155,1.3032,1.2946,1.2911,1.2938,1.3033,1.3193,1.34,1.3622,1.3817,1.395,1.4006,1.3991,1.3926,1.3831,1.3726,1.362,1.3521,1.343,1.335,1.3278
1.1762,1.1778,1.1802,1.1835,1.1879,1.1935,1.2006,1.2094,1.2199,1.2322,1.2462,1.2619,1.2791,1.2972,1.3157,1.334,1.3511,1.3662,1.3783,1.3871,1.3925,1.3948,1.3945,1.3914,1.3852,1.3755,1.3624,1.3467,1.3296,1.3128,1.2981,1.2873,1.2822,1.2839,1.2934,1.3103,1.3327,1.3571,1.3787,1.3935,1.3997,1.3982,1.3913,1.3815,1.3707,1.36,1.35,1.3409,1.3329,1.3259
1.1705,1.1716,1.1736,1.1765,1.1805,1.1859,1.1928,1.2016,1.2123,1.2251,1.2399,1.2566,1.2751,1.2948,1.3151,1.3353,1.3543,1.3709,1.3842,1.3933,1.3985,1.4005,1.4003,1.3975,1.3914,1.381,1.3665,1.3487,1.329,1.3093,1.2917,1.2784,1.2712,1.2717,1.2807,1.298,1.3218,1.3482,1.3718,1.3882,1.3953,1.3942,1.3875,1.3778,1.3671,1.3566,1.3468,1.338,1.3303,1.3235
1.1644,1.1651,1.1665,1.1689,1.1724,1.1774,1.1841,1.1928,1.2037,1.2168,1.2324,1.2502,1.2701,1.2915,1.3138,1.336,1.3571,1.3755,1.3898,1.3991,1.4036,1.4049,1.4048,1.4029,1.3973,1.3865,1.3706,1.3505,1.3278,1.3048,1.2839,1.2676,1.2579,1.2566,1.2647,1.2821,1.3068,1.3348,1.3603,1.3784,1.3868,1.3867,1.3808,1.3718,1.3618,1.3519,1.3426,1.3343,1.327,1.3205
1.1581,1.1582,1.159,1.1608,1.1637,1.1682,1.1745,1.183,1.1938,1.2074,1.2236,1.2425,1.2638,1.287,1.3114,1.336,1.3594,1.3799,1.3954,1.4044,1.4074,1.4072,1.4075,1.4073,1.4029,1.392,1.3746,1.3519,1.3259,1.2992,1.2745,1.2546,1.242,1.2385,1.2453,1.2622,1.2874,1.3166,1.3439,1.3638,1.374,1.3756,1.3712,1.3636,1.3547,1.3458,1.3374,1.3298,1.3231,1.3171
1.1515,1.1509,1.151,1.152,1.1543,1.1581,1.1638,1.1719,1.1827,1.1964,1.2133,1.2333,1.256,1.2811,1.3078,1.3349,1.3611,1.3839,1.4009,1.4095,1.4097,1.4069,1.4078,1.4107,1.4084,1.3976,1.3785,1.3529,1.3232,1.2923,1.2632,1.2393,1.2233,1.2172,1.2222,1.2383,1.2636,1.2938,1.3226,1.3446,1.3571,1.3611,1.3589,1.3533,1.3461,1.3385,1.3313,1.3246,1.3186,1.3133
1.1446,1.1433,1.1426,1.1427,1.1441,1.1471,1.1521,1.1596,1.1701,1.1839,1.2014,1.2224,1.2467,1.2737,1.3027,1.3326,1.3618,1.3877,1.4067,1.4152,1.4117,1.4042,1.4065,1.4143,1.4146,1.4035,1.3823,1.3534,1.3196,1.2839,1.25,1.2215,1.2017,1.1926,1.1957,1.2109,1.2361,1.267,1.2973,1.3215,1.3368,1.3437,1.3443,1.3411,1.336,1.3302,1.3243,1.3187,1.3136,1.309
1.1376,1.1354,1.1337,1.1329,1.1332,1.1351,1.1391,1.1459,1.1559,1.1697,1.1876,1.2097,1.2355,1.2645,1.296,1.3288,1.3614,1.391,1.4135,1.4235,1.417,1.4034,1.4075,1.4209,1.4227,1.41,1.3859,1.3532,1.3148,1.274,1.2348,1.2013,1.1772,1.1651,1.1663,1.1805,1.2058,1.2374,1.2693,1.2959,1.3142,1.3243,1.3281,1.3277,1.3249,1.321,1.3167,1.3124,1.3083,1.3045
1.1303,1.1272,1.1245,1.1225,1.1216,1.1222,1.125,1.1306,1.1399,1.1535,1.1718,1.1949,1.2224,1.2534,1.2873,1.3231,1.3594,1.3937,1.4216,1.4369,1.4332,1.4174,1.4221,1.4357,1.4342,1.4175,1.3893,1.3523,1.309,1.2627,1.2177,1.1789,1.1505,1.1354,1.1349,1.1487,1.1742,1.2068,1.2403,1.2692,1.2905,1.304,1.311,1.3135,1.3132,1.3113,1.3086,1.3056,1.3026,1.2996
1.1229,1.1188,1.1149,1.1116,1.1093,1.1084,1.1096,1.1138,1.122,1.1351,1.1538,1.178,1.2072,1.2404,1.2766,1.3152,1.3553,1.3951,1.4306,1.4567,1.4681,1.4651,1.4641,1.4625,1.4496,1.4257,1.3923,1.3505,1.3021,1.2502,1.1994,1.1552,1.1225,1.1048,1.1032,1.1171,1.1433,1.177,1.2121,1.2431,1.2671,1.2836,1.2937,1.299,1.3012,1.3014,1.3004,1.2987,1.2967,1.2947
1.1154,1.1102,1.1051,1.1004,1.0964,1.0936,1.093,1.0954,1.1021,1.1144,1.1332,1.1587,1.19,1.2256,1.264,1.305,1.3486,1.3941,1.4387,1.4797,1.5156,1.5385,1.5263,1.4969,1.4668,1.4336,1.3943,1.3477,1.2945,1.2372,1.1808,1.1315,1.095,1.0752,1.0732,1.0877,1.115,1.1499,1.1861,1.2189,1.2451,1.2642,1.277,1.2849,1.2893,1.2914,1.292,1.2917,1.2908,1.2896
1.1079,1.1016,1.0951,1.0888,1.0829,1.0781,1.0751,1.0752,1.0799,1.091,1.1098,1.1369,1.1709,1.2093,1.25,1.2927,1.3388,1.3893,1.4431,1.4986,1.5551,1.5946,1.5758,1.5266,1.4816,1.4396,1.3948,1.3438,1.2863,1.2244,1.1633,1.1096,1.0701,1.0489,1.0472,1.0627,1.0911,1.1268,1.1638,1.1976,1.2254,1.2464,1.2614,1.2715,1.278,1.2818,1.2839,1.2848,1.285,1.2846
1.1005,1.093,1.0851,1.0771,1.0691,1.0619,1.0561,1.0533,1.0553,1.0645,1.0832,1.1122,1.15,1.1924,1.2355,1.2789,1.3257,1.3795,1.4406,1.5064,1.5719,1.6129,1.5944,1.5417,1.4898,1.4421,1.393,1.3388,1.2782,1.2129,1.1483,1.0916,1.0501,1.0285,1.0273,1.0438,1.0729,1.1088,1.1458,1.1799,1.2084,1.2308,1.2474,1.2592,1.2673,1.2727,1.2761,1.2781,1.2792,1.2797
1.0933,1.0846,1.0752,1.0653,1.0552,1.0452,1.0363,1.0299,1.0283,1.0347,1.0526,1.0842,1.1274,1.1758,1.2222,1.2652,1.3103,1.3643,1.4291,1.4999,1.5655,1.6018,1.5873,1.5407,1.4894,1.4398,1.3887,1.3328,1.2705,1.2036,1.1373,1.0793,1.0372,1.0157,1.0151,1.032,1.061,1.0962,1.1325,1.166,1.1946,1.2176,1.2352,1.2482,1.2576,1.2642,1.2687,1.2717,1.2737,1.2749
1.0864,1.0764,1.0656,1.0538,1.0413,1.0284,1.0158,1.0051,0.9988,1.0011,1.0173,1.0518,1.103,1.1609,1.2125,1.2542,1.2944,1.3447,1.409,1.4798,1.5417,1.5736,1.5643,1.5269,1.4807,1.4326,1.3819,1.326,1.2639,1.1973,1.1313,1.0738,1.0324,1.0115,1.0111,1.0276,1.0555,1.0891,1.1237,1.1559,1.1838,1.2068,1.2248,1.2386,1.2489,1.2565,1.2619,1.2658,1.2685,1.2703
1.0798,1.0687,1.0564,1.0427,1.0278,1.0118,0.9952,0.9794,0.9672,0.9636,0.9763,1.0135,1.076,1.1488,1.2091,1.2489,1.281,1.3235,1.3829,1.4501,1.5071,1.5367,1.5329,1.5048,1.4655,1.4213,1.3728,1.3187,1.2585,1.1941,1.1306,1.0753,1.0355,1.0154,1.0147,1.0299,1.0557,1.0868,1.1191,1.1493,1.176,1.1983,1.2164,1.2305,1.2414,1.2496,1.2557,1.2603,1.2636,1.266
1.0737,1.0615,1.0478,1.0324,1.0151,0.9959,0.9751,0.9538,0.9344,0.9227,0.9288,0.9671,1.0444,1.1402,1.2145,1.2522,1.2733,1.3043,1.3551,1.416,1.4681,1.4967,1.498,1.4783,1.4462,1.4071,1.3622,1.3113,1.2545,1.194,1.1344,1.0827,1.0453,1.026,1.0247,1.0378,1.0607,1.0887,1.118,1.1459,1.1708,1.1921,1.2097,1.2238,1.235,1.2436,1.2502,1.2553,1.2591,1.2619
1.0682,1.055,1.0401,1.023,1.0035,0.9813,0.9564,0.9293,0.902,0.8798,0.8754,0.9106,1.0048,1.1337,1.229,1.2643,1.2723,1.2899,1.33,1.3826,1.4295,1.4574,1.4631,1.4502,1.4249,1.3912,1.3508,1.3041,1.2518,1.1962,1.1417,1.0944,1.0599,1.0415,1.039,1.0497,1.0692,1.0937,1.1197,1.1449,1.1679,1.1879,1.2047,1.2185,1.2296,1.2384,1.2454,1.2508,1.255,1.2582
1.0633,1.0493,1.0333,1.0148,0.9934,0.9686,0.94,0.9074,0.8721,0.8384,0.8194,0.8448,0.9535,1.1243,1.2471,1.2802,1.2755,1.2805,1.3096,1.3532,1.3944,1.4213,1.43,1.4227,1.4032,1.3748,1.3392,1.2973,1.2501,1.2,1.1511,1.1086,1.0772,1.0597,1.0561,1.064,1.0802,1.101,1.1237,1.1461,1.1669,1.1853,1.2011,1.2144,1.2253,1.2341,1.2412,1.2468,1.2513,1.2548
1.0592,1.0446,1.0277,1.0081,0.9853,0.9584,0.9268,0.8899,0.8477,0.8034,0.769,0.7787,0.8929,1.1037,1.2552,1.2891,1.2771,1.2738,1.2938,1.3289,1.3644,1.3895,1.4001,1.3968,1.3822,1.3587,1.3279,1.2909,1.2491,1.2047,1.1615,1.1237,1.0954,1.0789,1.0742,1.0797,1.0925,1.1098,1.1292,1.1488,1.1674,1.1841,1.1988,1.2114,1.2219,1.2305,1.2376,1.2434,1.248,1.2517
1.0559,1.0408,1.0234,1.0031,0.9792,0.9511,0.9176,0.8779,0.8315,0.7803,0.7351,0.7308,0.8397,1.0678,1.2384,1.2806,1.2713,1.2664,1.2809,1.3091,1.3393,1.3622,1.3736,1.3733,1.3626,1.3434,1.3171,1.285,1.2484,1.2097,1.1719,1.1387,1.1133,1.0978,1.0923,1.0955,1.1054,1.1195,1.1358,1.1527,1.169,1.1841,1.1976,1.2093,1.2193,1.2277,1.2346,1.2404,1.2451,1.2489
1.0535,1.0381,1.0204,0.9998,0.9755,0.9469,0.9129,0.8725,0.8252,0.7729,0.7259,0.718,0.8165,1.0281,1.1977,1.2536,1.2564,1.2562,1.2691,1.2926,1.3184,1.339,1.3506,1.3522,1.3447,1.3293,1.3071,1.2795,1.2479,1.2144,1.1816,1.1526,1.1301,1.1156,1.1095,1.1109,1.1182,1.1294,1.1429,1.1573,1.1716,1.185,1.1972,1.208,1.2174,1.2254,1.2322,1.2379,1.2426,1.2465
1.0519,1.0365,1.0188,0.9982,0.9742,0.946,0.9127,0.8736,0.8288,0.781,0.741,0.7395,0.8268,1.001,1.1513,1.2176,1.2352,1.2432,1.2573,1.2782,1.3007,1.3193,1.3306,1.3337,1.3286,1.3164,1.2979,1.2745,1.2474,1.2186,1.1904,1.1652,1.1452,1.1318,1.1254,1.1253,1.1304,1.1392,1.1503,1.1624,1.1747,1.1866,1.1975,1.2074,1.2162,1.2237,1.2302,1.2358,1.2404,1.2443
1.0512,1.036,1.0185,0.9984,0.9751,0.948,0.9166,0.8806,0.8409,0.8011,0.7726,0.7802,0.8558,0.9906,1.1142,1.1831,1.2125,1.2287,1.2454,1.2652,1.2854,1.3024,1.3134,1.3174,1.3143,1.3047,1.2895,1.2698,1.2468,1.2222,1.198,1.1762,1.1585,1.1463,1.1397,1.1386,1.1419,1.1486,1.1576,1.1677,1.1782,1.1886,1.1984,1.2074,1.2154,1.2225,1.2287,1.234,1.2386,1.2424
1.0513,1.0364,1.0195,1.0002,0.9781,0.9528,0.9241,0.8923,0.8588,0.8284,0.8112,0.8258,0.8895,0.992,1.0906,1.1558,1.1919,1.2143,1.2337,1.2533,1.2721,1.2878,1.2984,1.303,1.3015,1.2942,1.2818,1.2654,1.246,1.2251,1.2044,1.1856,1.1701,1.1589,1.1525,1.1505,1.1525,1.1575,1.1646,1.173,1.182,1.191,1.1997,1.2078,1.2151,1.2217,1.2276,1.2326,1.237,1.2408
1.0521,1.0378,1.0217,1.0034,0.9828,0.9597,0.9342,0.907,0.8803,0.8585,0.8504,0.8685,0.9213,0.9998,1.0781,1.1368,1.1751,1.2013,1.2227,1.2423,1.2602,1.275,1.2853,1.2904,1.2901,1.2847,1.2748,1.2612,1.245,1.2274,1.2097,1.1935,1.1799,1.1698,1.1636,1.1612,1.1621,1.1657,1.1713,1.1782,1.1858,1.1936,1.2012,1.2085,1.2152,1.2213,1.2267,1.2316,1.2358,1.2394
1.0537,1.04,1.0248,1.0078,0.9889,0.9683,0.9462,0.9237,0.903,0.8885,0.8867,0.9058,0.9495,1.0106,1.0734,1.1248,1.1624,1.1902,1.2128,1.2325,1.2497,1.2638,1.2739,1.2793,1.2801,1.2763,1.2685,1.2573,1.2438,1.229,1.214,1.2001,1.1882,1.1791,1.1733,1.1705,1.1707,1.1732,1.1776,1.1832,1.1896,1.1963,1.203,1.2094,1.2155,1.2211,1.2262,1.2307,1.2347,1.2383
1.0559,1.043,1.0288,1.0132,0.9962,0.978,0.9592,0.941,0.9256,0.9166,0.919,0.9376,0.9739,1.0225,1.0735,1.1181,1.1536,1.1814,1.2042,1.2238,1.2405,1.254,1.2638,1.2696,1.2711,1.2687,1.2627,1.2537,1.2425,1.2301,1.2174,1.2055,1.1951,1.1871,1.1816,1.1787,1.1783,1.18,1.1834,1.1879,1.1932,1.199,1.2048,1.2106,1.216,1.2211,1.2258,1.2301,1.2339,1.2373
1.0586,1.0466,1.0335,1.0193,1.0042,0.9884,0.9728,0.9584,0.9473,0.9423,0.9471,0.9646,0.995,1.0345,1.0765,1.1152,1.1478,1.1747,1.1971,1.2162,1.2323,1.2453,1.255,1.2609,1.2632,1.2619,1.2573,1.2502,1.241,1.2307,1.22,1.2098,1.2009,1.1937,1.1886,1.1858,1.185,1.1861,1.1886,1.1923,1.1967,1.2016,1.2067,1.2118,1.2167,1.2214,1.2257,1.2297,1.2333,1.2365
1.0618,1.0506,1.0387,1.0259,1.0126,0.9992,0.9863,0.9751,0.9674,0.9654,0.9715,0.9876,1.0134,1.0461,1.0812,1.1147,1.1444,1.1697,1.1913,1.2097,1.2252,1.2378,1.2472,1.2533,1.2561,1.2557,1.2525,1.2469,1.2395,1.2309,1.222,1.2133,1.2056,1.1993,1.1947,1.1919,1.1909,1.1914,1.1934,1.1963,1.2,1.2042,1.2086,1.2131,1.2175,1.2217,1.2257,1.2294,1.2328,1.2358
1.0653,1.0551,1.0443,1.0329,1.0213,1.01,0.9995,0.991,0.9859,0.9859,0.9927,1.0074,1.0295,1.057,1.0868,1.116,1.1427,1.1662,1.1867,1.2042,1.2191,1.2311,1.2403,1.2466,1.2498,1.2502,1.2481,1.2438,1.2378,1.2308,1.2234,1.2161,1.2094,1.2039,1.1998,1.1971,1.196,1.1962,1.1976,1.2,1.203,1.2066,1.2104,1.2144,1.2183,1.2222,1.2258,1.2292,1.2324,1.2353
1.0692,1.0599,1.0501,1.0401,1.0301,1.0206,1.0122,1.0059,1.0028,1.0042,1.0112,1.0246,1.0437,1.0672,1.0928,1.1183,1.1423,1.164,1.1831,1.1997,1.2138,1.2254,1.2343,1.2406,1.2442,1.2452,1.244,1.2409,1.2362,1.2305,1.2243,1.2182,1.2125,1.2077,1.204,1.2016,1.2004,1.2004,1.2014,1.2033,1.2059,1.2089,1.2122,1.2157,1.2192,1.2227,1.226,1.2292,1.2321,1.2349
1.0733,1.0648,1.0561,1.0473,1.0388,1.0309,1.0243,1.0197,1.0181,1.0204,1.0275,1.0396,1.0563,1.0766,1.0988,1.1213,1.1428,1.1626,1.1804,1.196,1.2094,1.2204,1.2291,1.2353,1.2392,1.2408,1.2403,1.2381,1.2345,1.23,1.2249,1.2198,1.215,1.2109,1.2076,1.2054,1.2042,1.204,1.2048,1.2063,1.2084,1.211,1.2139,1.217,1.2201,1.2233,1.2263,1.2292,1.232,1.2345
1.0775,1.0699,1.0621,1.0545,1.0472,1.0407,1.0356,1.0324,1.0319,1.0348,1.0418,1.0528,1.0676,1.0853,1.1047,1.1246,1.1439,1.162,1.1784,1.193,1.2056,1.2161,1.2245,1.2307,1.2348,1.2368,1.237,1.2356,1.2329,1.2293,1.2252,1.221,1.217,1.2134,1.2106,1.2086,1.2075,1.2072,1.2077,1.209,1.2107,1.213,1.2155,1.2182,1.221,1.2238,1.2266,1.2293,1.2319,1.2343
