docs/data/wind_grid.json
[{"header":{"la1":42.22,"la2":41.45,"lo1":11.9,"lo2":12.97,"nx":16,"ny":12,"dx":0.07133,"dy":0.07,"parameterCategory":2,"parameterNumber":2,"parameterNumberName":"eastward_wind","parameterUnit":"m.s-1"},"data":[-0.5331,-0.4658,-0.3559,-0.2266,-0.185,-0.2825,-0.4026,-0.4809,-0.5417,-0.6251,-0.7512,-0.9089,-1.0598,-1.1578,-1.1851,-1.1604,-0.5697,-0.5025,-0.3429,-0.0573,0.0742,-0.168,-0.3704,-0.4427,-0.4751,-0.5631,-0.747,-1.0009,-1.2504,-1.385,-1.3754,-1.2907,-0.6397,-0.623,-0.5077,-0.1083,0.1373,-0.1956,-0.3882,-0.4008,-0.3392,-0.4347,-0.7294,-1.1498,-1.6018,-1.7777,-1.6415,-1.4352,-0.7218,-0.8038,-0.9198,-0.7416,-0.3876,-0.4012,-0.4372,-0.3879,-0.1441,-0.3066,-0.7347,-1.333,-2.1628,-2.3514,-1.9118,-1.5369,-0.7698,-0.8989,-1.1268,-1.0682,-0.6665,-0.5228,-0.4577,-0.4226,-0.3932,-0.4715,-0.8039,-1.348,-2.2816,-2.492,-1.917,-1.5023,-0.7644,-0.8473,-0.9377,-0.8695,-0.6758,-0.5761,-0.5063,-0.4632,-0.431,-0.5645,-0.9263,-1.276,-1.5544,-1.757,-1.5513,-1.3066,-0.7333,-0.7638,-0.7722,-0.722,-0.6476,-0.6137,-0.6238,-0.5907,-0.5196,-0.6461,-1.0408,-1.3955,-1.2458,-1.1898,-1.113,-1.027,-0.7044,-0.7109,-0.7018,-0.6725,-0.6381,-0.6097,-0.6534,-0.6845,-0.7004,-0.7298,-0.9059,-1.0632,-0.9195,-0.7165,-0.6743,-0.7228,-0.6858,-0.685,-0.6765,-0.6612,-0.6459,-0.6388,-0.671,-0.7937,-0.876,-0.7698,-0.7688,-0.7079,-0.385,-0.0672,-0.203,-0.4385,-0.6756,-0.6737,-0.6686,-0.662,-0.6584,-0.6653,-0.6973,-0.7686,-0.8017,-0.748,-0.6783,-0.4922,-0.034,0.3086,0.0553,-0.2716,-0.6705,-0.6692,-0.6669,-0.6651,-0.6667,-0.6757,-0.696,-0.7231,-0.7312,-0.7007,-0.622,-0.4417,-0.1276,0.079,-0.0433,-0.2673,-0.6682,-0.6676,-0.667,-0.6674,-0.6702,-0.6769,-0.6873,-0.6963,-0.6931,-0.6655,-0.5997,-0.4773,-0.313,-0.2072,-0.238,-0.3468]},{"header":{"la1":42.22,"la2":41.45,"lo1":11.9,"lo2":12.97,"nx":16,"ny":12,"dx":0.07133,"dy":0.07,"parameterCategory":2,"parameterNumber":3,"parameterNumberName":"northward_wind","parameterUnit":"m.s-1"},"data":[-1.195,-1.2525,-1.3156,-1.3752,-1.3628,-1.215,-1.0271,-0.8886,-0.799,-0.7306,-0.6686,-0.6176,-0.5843,-0.5655,-0.5543,-0.5475,-1.2483,-1.3256,-1.4137,-1.5437,-1.6019,-1.3359,-1.0392,-0.8771,-0.7996,-0.732,-0.6504,-0.586,-0.5571,-0.5475,-0.5385,-0.5303,-1.2996,-1.4048,-1.4945,-1.5852,-1.6612,-1.3155,-0.9874,-0.8548,-0.8428,-0.7717,-0.6271,-0.5405,-0.5438,-0.5573,-0.5369,-0.5166,-1.3392,-1.5055,-1.6827,-1.6243,-1.3986,-1.1139,-0.9004,-0.8281,-0.9619,-0.824,-0.5529,-0.4537,-0.5881,-0.6365,-0.5487,-0.5011,-1.3319,-1.538,-1.8318,-1.7682,-1.2622,-0.9545,-0.8749,-0.8743,-0.6471,-0.588,-0.3288,-0.1873,-0.5473,-0.6523,-0.513,-0.4684,-1.2523,-1.392,-1.5286,-1.4095,-1.0483,-0.8219,-0.7814,-0.7263,-0.4618,-0.3771,0.121,0.6753,0.122,-0.3024,-0.3857,-0.423,-1.1323,-1.1805,-1.1769,-1.0473,-0.8417,-0.7044,-0.6083,-0.514,-0.2907,-0.2654,0.4948,1.4795,0.6025,-0.0666,-0.3169,-0.4139,-1.0186,-1.0153,-0.9688,-0.8658,-0.7425,-0.6845,-0.5913,-0.5313,-0.4794,-0.3176,0.1284,0.5339,0.1767,-0.2645,-0.4376,-0.4826,-0.9303,-0.9078,-0.8588,-0.7854,-0.7098,-0.6615,-0.6103,-0.5802,-0.593,-0.4371,-0.2273,-0.1579,-0.4502,-0.7455,-0.6986,-0.6035,-0.8666,-0.8397,-0.7978,-0.7447,-0.6913,-0.6462,-0.6056,-0.5784,-0.5593,-0.4831,-0.4042,-0.4604,-0.7726,-1.0094,-0.8582,-0.6903,-0.8211,-0.7952,-0.7604,-0.7196,-0.678,-0.6393,-0.6042,-0.5742,-0.545,-0.5074,-0.4887,-0.556,-0.7402,-0.8711,-0.8076,-0.697,-0.7882,-0.7647,-0.7356,-0.7028,-0.6689,-0.6361,-0.6057,-0.578,-0.5525,-0.5314,-0.53,-0.5723,-0.6562,-0.7186,-0.7095,-0.6627]}]