docs/data/wind_grid.json
{"header": {"la1":42.1,"la2":41.55,"lo1":12.1,"lo2":12.95,"nx":50,"ny":50,"dx":0.01735,"dy":0.01122,"parameterCategory":2,"parameterNumber":2,"parameterNumberName":"eastward_wind","parameterUnit":"m.s-1"}, "data":
[rows 0 to 39 of 50, columns 0 to 49 of 50]
0.4489,0.569,0.6831,0.7691,0.8049,0.7798,0.6994,0.5829,0.4523,0.3252,0.2121,0.117,0.0402,-0.0201,-0.0662,-0.1007,-0.1255,-0.1424,-0.1528,-0.1586,-0.1621,-0.1666,-0.1757,-0.193,-0.2207,-0.2597,-0.3093,-0.3685,-0.4362,-0.5115,-0.5938,-0.6828,-0.7776,-0.8775,-0.9807,-1.0847,-1.1861,-1.2806,-1.3638,-1.4317,-1.4815,-1.5122,-1.5244,-1.5203,-1.5029,-1.4753,-1.4408,-1.402,-1.361,-1.3195
0.417,0.5391,0.6562,0.7446,0.7814,0.7559,0.6749,0.5584,0.429,0.304,0.1936,0.1015,0.0279,-0.0292,-0.0724,-0.1039,-0.1257,-0.1394,-0.1461,-0.1474,-0.1459,-0.1453,-0.1505,-0.1658,-0.1939,-0.2354,-0.2891,-0.3532,-0.4262,-0.5071,-0.5954,-0.6908,-0.7931,-0.9013,-1.0138,-1.128,-1.2397,-1.3441,-1.4357,-1.5094,-1.5619,-1.592,-1.6008,-1.591,-1.5667,-1.5317,-1.4899,-1.4442,-1.397,-1.35
0.3696,0.4896,0.6054,0.6929,0.7294,0.7051,0.6275,0.5162,0.3927,0.2739,0.1691,0.0823,0.0133,-0.0398,-0.0792,-0.1075,-0.1261,-0.1364,-0.1391,-0.1354,-0.128,-0.1213,-0.1216,-0.1347,-0.1638,-0.2088,-0.2675,-0.3373,-0.416,-0.5028,-0.5973,-0.6994,-0.8092,-0.9262,-1.0488,-1.1741,-1.2976,-1.4132,-1.5143,-1.5946,-1.6498,-1.6787,-1.6829,-1.6663,-1.6337,-1.5901,-1.54,-1.4867,-1.4328,-1.3799
0.3077,0.4215,0.5322,0.616,0.6516,0.6306,0.5603,0.4588,0.3456,0.2363,0.1399,0.0601,-0.0031,-0.0512,-0.0865,-0.1111,-0.1265,-0.1334,-0.1321,-0.123,-0.1087,-0.0947,-0.089,-0.0996,-0.1304,-0.1802,-0.2452,-0.3213,-0.4063,-0.4991,-0.5997,-0.7086,-0.8261,-0.9521,-1.0854,-1.2229,-1.3594,-1.4879,-1.5998,-1.6874,-1.7454,-1.7724,-1.7708,-1.7457,-1.7034,-1.65,-1.5906,-1.529,-1.4679,-1.409
0.234,0.3386,0.4412,0.5197,0.5547,0.539,0.4791,0.3907,0.291,0.1937,0.1075,0.036,-0.0204,-0.0629,-0.0937,-0.1147,-0.1269,-0.1307,-0.1254,-0.1108,-0.0887,-0.0657,-0.0528,-0.0609,-0.0946,-0.1507,-0.2231,-0.3064,-0.3978,-0.4965,-0.6031,-0.7184,-0.8435,-0.9787,-1.1231,-1.2737,-1.4247,-1.5676,-1.6919,-1.7877,-1.8485,-1.8727,-1.8638,-1.8285,-1.775,-1.7105,-1.6409,-1.5704,-1.5017,-1.4366
0.1526,0.2462,0.3397,0.4125,0.4476,0.4386,0.3909,0.3173,0.2324,0.1485,0.0735,0.0111,-0.0378,-0.0744,-0.1005,-0.1178,-0.1272,-0.1284,-0.1197,-0.0996,-0.0691,-0.0357,-0.0142,-0.0198,-0.0578,-0.122,-0.2029,-0.2936,-0.3913,-0.4956,-0.6076,-0.729,-0.8613,-1.0055,-1.1612,-1.3256,-1.4924,-1.6514,-1.7897,-1.8948,-1.9584,-1.9787,-1.9608,-1.9136,-1.8472,-1.7704,-1.6898,-1.61,-1.5336,-1.4622
0.0685,0.1509,0.2355,0.3035,0.3395,0.3377,0.3023,0.2435,0.1735,0.1031,0.0395,-0.0134,-0.0546,-0.085,-0.1063,-0.1201,-0.1271,-0.1265,-0.1155,-0.0908,-0.0519,-0.0069,0.0245,0.021,-0.0231,-0.0968,-0.1868,-0.2846,-0.3879,-0.4969,-0.6136,-0.7402,-0.879,-1.0317,-1.1986,-1.3773,-1.5609,-1.7377,-1.8917,-2.0071,-2.0733,-2.0886,-2.0599,-1.9991,-1.9184,-1.8284,-1.7363,-1.6469,-1.5628,-1.4852
-0.0129,0.0592,0.1361,0.2002,0.2376,0.2426,0.2184,0.1732,0.1171,0.0595,0.007,-0.0366,-0.0701,-0.0942,-0.1106,-0.121,-0.1262,-0.125,-0.1133,-0.0859,-0.04,0.0165,0.0581,0.056,0.0047,-0.0791,-0.1772,-0.281,-0.3885,-0.5011,-0.6213,-0.7521,-0.8964,-1.0566,-1.234,-1.4267,-1.6279,-1.8238,-1.995,-2.1217,-2.1904,-2.1995,-2.1585,-2.0824,-1.9864,-1.8825,-1.7788,-1.68,-1.5884,-1.5049
-0.0868,-0.0235,0.047,0.108,0.1465,0.1573,0.1425,0.1089,0.065,0.0189,-0.0233,-0.0579,-0.0838,-0.1014,-0.1128,-0.1199,-0.124,-0.1234,-0.1135,-0.0865,-0.0368,0.0283,0.0787,0.0773,0.0188,-0.073,-0.1769,-0.284,-0.3938,-0.5083,-0.6308,-0.7645,-0.9129,-1.0793,-1.2658,-1.4717,-1.6901,-1.9058,-2.0954,-2.2342,-2.3052,-2.3072,-2.2525,-2.1602,-2.0484,-1.9308,-1.8158,-1.7081,-1.6096,-1.5208
-0.1495,-0.0934,-0.0284,0.0297,0.0686,0.0835,0.076,0.0518,0.0182,-0.0178,-0.0506,-0.0768,-0.0951,-0.1062,-0.1122,-0.1159,-0.1192,-0.1209,-0.1154,-0.093,-0.0455,0.0221,0.0766,0.0752,0.0128,-0.0823,-0.1873,-0.2944,-0.4041,-0.5189,-0.6421,-0.7773,-0.9281,-1.0987,-1.2923,-1.5093,-1.7437,-1.9787,-2.187,-2.3382,-2.4115,-2.4057,-2.337,-2.2285,-2.1014,-1.9708,-1.8456,-1.7299,-1.6255,-1.5323
-0.1986,-0.1487,-0.0888,-0.0341,0.0041,0.0213,0.019,0.0021,-0.023,-0.0504,-0.0748,-0.093,-0.1039,-0.108,-0.108,-0.1077,-0.1104,-0.1159,-0.1178,-0.1048,-0.0665,-0.006,0.0452,0.0433,-0.0171,-0.1081,-0.2086,-0.3121,-0.4192,-0.5325,-0.6551,-0.7902,-0.9416,-1.114,-1.3118,-1.5369,-1.7842,-2.0364,-2.2624,-2.4256,-2.5012,-2.488,-2.4059,-2.2825,-2.142,-2.0003,-1.8665,-1.7445,-1.6353,-1.5387
-0.2334,-0.189,-0.1346,-0.0842,-0.0481,-0.0302,-0.0291,-0.0406,-0.059,-0.079,-0.096,-0.1068,-0.1101,-0.1067,-0.0995,-0.0939,-0.0956,-0.106,-0.1185,-0.1195,-0.0973,-0.0531,-0.0133,-0.0159,-0.068,-0.148,-0.2389,-0.3356,-0.4382,-0.5488,-0.6695,-0.803,-0.9531,-1.1246,-1.3229,-1.5517,-1.8074,-2.0727,-2.3133,-2.4872,-2.565,-2.5458,-2.4529,-2.3178,-2.1668,-2.017,-1.8771,-1.7507,-1.6385,-1.5396
-0.2549,-0.2159,-0.1675,-0.1224,-0.0896,-0.0724,-0.0695,-0.0771,-0.0903,-0.1042,-0.1146,-0.1185,-0.1143,-0.1025,-0.0865,-0.0734,-0.0725,-0.0888,-0.115,-0.1341,-0.1324,-0.11,-0.0865,-0.0904,-0.1308,-0.196,-0.2748,-0.363,-0.4602,-0.5671,-0.6851,-0.8159,-0.9627,-1.1303,-1.3251,-1.5522,-1.81,-2.0819,-2.332,-2.5137,-2.594,-2.5715,-2.4721,-2.3301,-2.1734,-2.0192,-1.8763,-1.7479,-1.6344,-1.5348
-0.2652,-0.2315,-0.1897,-0.1508,-0.1223,-0.107,-0.1036,-0.1086,-0.1177,-0.1265,-0.1312,-0.1287,-0.1169,-0.096,-0.0691,-0.0454,-0.0394,-0.0619,-0.1055,-0.1464,-0.1669,-0.1666,-0.1593,-0.1648,-0.1943,-0.2453,-0.3123,-0.3922,-0.4838,-0.587,-0.7018,-0.8289,-0.9707,-1.1316,-1.3184,-1.5378,-1.7902,-2.0607,-2.313,-2.4985,-2.5814,-2.5595,-2.4595,-2.3169,-2.1599,-2.0059,-1.8635,-1.7358,-1.623,-1.5241
-0.2672,-0.2389,-0.2041,-0.1719,-0.1484,-0.1356,-0.1325,-0.1359,-0.1419,-0.1468,-0.1467,-0.1384,-0.1194,-0.0888,-0.0492,-0.0111,0.0041,-0.0247,-0.0902,-0.1564,-0.1986,-0.2163,-0.221,-0.2281,-0.2499,-0.2904,-0.3481,-0.4211,-0.5081,-0.6079,-0.7196,-0.8425,-0.9778,-1.1294,-1.3042,-1.5099,-1.749,-2.009,-2.2553,-2.4395,-2.5248,-2.5078,-2.4138,-2.2774,-2.1261,-1.977,-1.8387,-1.7143,-1.6042,-1.5075
-0.2641,-0.2411,-0.2133,-0.1878,-0.1694,-0.1597,-0.1574,-0.16,-0.1639,-0.1657,-0.1618,-0.1487,-0.1234,-0.0835,-0.0304,0.025,0.0537,0.0193,-0.0724,-0.1668,-0.2279,-0.2568,-0.2675,-0.2756,-0.2937,-0.3283,-0.3802,-0.4486,-0.5323,-0.6297,-0.7387,-0.8573,-0.9853,-1.1255,-1.2847,-1.4714,-1.69,-1.931,-2.163,-2.3406,-2.4278,-2.4193,-2.3374,-2.2134,-2.0733,-1.9335,-1.8026,-1.6841,-1.5785,-1.4854
-0.2588,-0.2408,-0.2195,-0.2004,-0.1871,-0.1804,-0.1795,-0.1817,-0.1843,-0.1839,-0.1773,-0.1607,-0.1306,-0.0834,-0.0186,0.0534,0.0969,0.0583,-0.0604,-0.1817,-0.2558,-0.2871,-0.2979,-0.3071,-0.3257,-0.3588,-0.4081,-0.4742,-0.5562,-0.6524,-0.7596,-0.8743,-0.9946,-1.122,-1.2629,-1.4266,-1.6192,-1.8342,-2.0451,-2.2112,-2.299,-2.3014,-2.2357,-2.1289,-2.0042,-1.8773,-1.7565,-1.6458,-1.5463,-1.458
-0.2534,-0.24,-0.2246,-0.2113,-0.2025,-0.1989,-0.1993,-0.2018,-0.2037,-0.2021,-0.194,-0.1756,-0.1429,-0.0917,-0.0204,0.0613,0.1137,0.0712,-0.0664,-0.2038,-0.2807,-0.3053,-0.3126,-0.3258,-0.3487,-0.3834,-0.4325,-0.498,-0.5799,-0.6761,-0.7827,-0.8945,-1.0075,-1.1216,-1.2427,-1.3807,-1.5436,-1.7284,-1.9135,-2.0643,-2.1509,-2.1643,-2.1166,-2.0294,-1.9227,-1.8107,-1.7019,-1.6006,-1.5085,-1.4259
-0.2496,-0.2401,-0.2298,-0.2215,-0.2167,-0.2158,-0.2177,-0.2207,-0.2226,-0.2207,-0.2122,-0.1938,-0.1613,-0.1107,-0.0405,0.0389,0.0872,0.0406,-0.0982,-0.2326,-0.2996,-0.3103,-0.3156,-0.3375,-0.3673,-0.4047,-0.4546,-0.5205,-0.6034,-0.7012,-0.8088,-0.9192,-1.0258,-1.1269,-1.2277,-1.3389,-1.4707,-1.6232,-1.7803,-1.9133,-1.9963,-2.019,-1.9885,-1.9209,-1.8328,-1.7367,-1.6409,-1.5499,-1.466,-1.3898
-0.248,-0.2419,-0.2358,-0.2315,-0.2301,-0.2316,-0.235,-0.2388,-0.2411,-0.2398,-0.2323,-0.2156,-0.1861,-0.1405,-0.0789,-0.0131,0.02,-0.0291,-0.1513,-0.2656,-0.3151,-0.3107,-0.3185,-0.3516,-0.3866,-0.4252,-0.4755,-0.5423,-0.6272,-0.7279,-0.8383,-0.9491,-1.0512,-1.1404,-1.2213,-1.306,-1.4067,-1.5271,-1.6556,-1.7694,-1.8462,-1.8751,-1.8591,-1.8093,-1.7387,-1.6582,-1.5755,-1.4951,-1.4197,-1.3504
-0.2487,-0.2455,-0.2428,-0.2419,-0.2432,-0.2467,-0.2514,-0.2562,-0.2595,-0.2595,-0.254,-0.2406,-0.2164,-0.1792,-0.1309,-0.084,-0.0683,-0.1156,-0.2139,-0.3042,-0.341,-0.3314,-0.3426,-0.3779,-0.4105,-0.4467,-0.496,-0.5637,-0.6511,-0.756,-0.8712,-0.9849,-1.0849,-1.164,-1.2262,-1.2852,-1.3561,-1.4456,-1.5463,-1.6402,-1.7083,-1.7398,-1.7344,-1.6992,-1.644,-1.5778,-1.5074,-1.4374,-1.3705,-1.3082
-0.2517,-0.2508,-0.2509,-0.2525,-0.256,-0.2612,-0.2672,-0.2731,-0.2776,-0.2794,-0.2768,-0.2679,-0.2506,-0.2237,-0.1899,-0.1607,-0.1579,-0.1999,-0.2766,-0.3508,-0.392,-0.3986,-0.4048,-0.4202,-0.4393,-0.4693,-0.5164,-0.5847,-0.6751,-0.7851,-0.9068,-1.0261,-1.1266,-1.1981,-1.2433,-1.2782,-1.321,-1.3814,-1.4556,-1.5294,-1.5867,-1.6171,-1.6182,-1.5939,-1.5513,-1.4975,-1.4383,-1.378,-1.3193,-1.264
-0.2565,-0.2576,-0.2597,-0.2633,-0.2686,-0.275,-0.2822,-0.2892,-0.2951,-0.2991,-0.3,-0.2963,-0.2868,-0.2706,-0.2503,-0.2348,-0.2388,-0.2737,-0.3343,-0.4021,-0.4614,-0.4982,-0.4892,-0.4698,-0.4698,-0.4917,-0.5362,-0.6049,-0.6984,-0.8142,-0.9437,-1.0707,-1.1747,-1.241,-1.2715,-1.2841,-1.3008,-1.3344,-1.3837,-1.4375,-1.4824,-1.5086,-1.5124,-1.4955,-1.4624,-1.4187,-1.3693,-1.3178,-1.2669,-1.2183
-0.2627,-0.2653,-0.2691,-0.2742,-0.2807,-0.2883,-0.2963,-0.3043,-0.3117,-0.3179,-0.3225,-0.3246,-0.3231,-0.3175,-0.3089,-0.3027,-0.3088,-0.3355,-0.3837,-0.4477,-0.521,-0.5751,-0.5544,-0.511,-0.4968,-0.5124,-0.5548,-0.6239,-0.7202,-0.8414,-0.979,-1.115,-1.2245,-1.2883,-1.3065,-1.2994,-1.2927,-1.3018,-1.328,-1.3626,-1.3942,-1.4138,-1.4172,-1.4044,-1.3782,-1.3425,-1.3013,-1.2576,-1.2138,-1.1715
-0.2699,-0.2737,-0.2787,-0.285,-0.2924,-0.3006,-0.3093,-0.3181,-0.3267,-0.335,-0.3432,-0.351,-0.3579,-0.3626,-0.3643,-0.3646,-0.3695,-0.387,-0.423,-0.479,-0.5497,-0.5997,-0.5793,-0.535,-0.5171,-0.5303,-0.5717,-0.6411,-0.7393,-0.8647,-1.0092,-1.1535,-1.2692,-1.3325,-1.3415,-1.3183,-1.2916,-1.2794,-1.2848,-1.3013,-1.3195,-1.3311,-1.3318,-1.3205,-1.2988,-1.2692,-1.2346,-1.1978,-1.1605,-1.1241
-0.2777,-0.2824,-0.2883,-0.2953,-0.3033,-0.312,-0.3211,-0.3303,-0.3396,-0.3495,-0.3608,-0.3742,-0.3895,-0.4049,-0.4168,-0.4223,-0.4241,-0.4312,-0.4535,-0.4957,-0.5512,-0.5882,-0.5754,-0.5437,-0.5308,-0.545,-0.5865,-0.6558,-0.7546,-0.882,-1.0303,-1.18,-1.3004,-1.3643,-1.3677,-1.3333,-1.2914,-1.2618,-1.2494,-1.2497,-1.2549,-1.258,-1.2546,-1.243,-1.2238,-1.1986,-1.1696,-1.1386,-1.1071,-1.0763
-0.2857,-0.2912,-0.2977,-0.3052,-0.3135,-0.3223,-0.3313,-0.3404,-0.3499,-0.3604,-0.3738,-0.3922,-0.4164,-0.4439,-0.4672,-0.478,-0.4757,-0.4711,-0.4784,-0.5042,-0.5414,-0.5663,-0.5616,-0.5445,-0.5398,-0.5571,-0.5991,-0.6677,-0.7652,-0.8915,-1.0393,-1.1895,-1.3113,-1.3758,-1.3774,-1.3374,-1.2861,-1.2439,-1.2173,-1.2038,-1.1973,-1.1919,-1.1835,-1.1705,-1.1525,-1.1306,-1.106,-1.0801,-1.0539,-1.0283
-0.2938,-0.2998,-0.3066,-0.3144,-0.3227,-0.3313,-0.3399,-0.3483,-0.3569,-0.3667,-0.3807,-0.403,-0.4368,-0.4788,-0.5166,-0.5339,-0.5265,-0.5091,-0.5012,-0.511,-0.5321,-0.5482,-0.549,-0.5435,-0.5466,-0.5672,-0.6094,-0.6764,-0.7707,-0.8924,-1.0349,-1.1801,-1.2987,-1.363,-1.366,-1.3261,-1.2713,-1.2215,-1.1847,-1.1601,-1.1434,-1.1301,-1.1167,-1.1015,-1.084,-1.0645,-1.0436,-1.0222,-1.0009,-0.9803
-0.3017,-0.308,-0.3151,-0.3228,-0.3309,-0.3391,-0.3468,-0.3539,-0.3604,-0.3679,-0.3801,-0.4045,-0.4485,-0.5089,-0.5653,-0.5906,-0.5769,-0.5456,-0.5233,-0.5193,-0.5282,-0.5379,-0.5417,-0.5436,-0.5526,-0.5757,-0.6175,-0.6817,-0.7709,-0.8851,-1.018,-1.1532,-1.2644,-1.327,-1.3333,-1.298,-1.2446,-1.1919,-1.1485,-1.1155,-1.0905,-1.0703,-1.0522,-1.0347,-1.0172,-0.9996,-0.982,-0.9648,-0.9481,-0.9322
-0.3094,-0.3158,-0.3229,-0.3305,-0.3382,-0.3456,-0.3522,-0.3573,-0.3608,-0.3638,-0.3712,-0.3945,-0.4486,-0.5322,-0.6118,-0.645,-0.6232,-0.5783,-0.5438,-0.5295,-0.5296,-0.5348,-0.5397,-0.5458,-0.5583,-0.5827,-0.6234,-0.6838,-0.7664,-0.8709,-0.9913,-1.113,-1.2139,-1.2731,-1.2832,-1.2546,-1.206,-1.1539,-1.107,-1.0681,-1.0365,-1.0104,-0.9882,-0.9687,-0.9512,-0.9353,-0.9209,-0.9076,-0.8954,-0.8842
-0.3167,-0.3232,-0.3302,-0.3375,-0.3446,-0.3511,-0.3562,-0.359,-0.3587,-0.3556,-0.3549,-0.3726,-0.435,-0.5449,-0.6494,-0.6883,-0.6579,-0.6028,-0.5605,-0.5399,-0.5347,-0.5367,-0.5416,-0.5495,-0.5637,-0.5883,-0.6269,-0.6829,-0.758,-0.8516,-0.958,-1.0647,-1.1537,-1.2081,-1.2212,-1.1994,-1.157,-1.1074,-1.0592,-1.0163,-0.9797,-0.9489,-0.9233,-0.9021,-0.8849,-0.871,-0.8597,-0.8505,-0.8428,-0.8361
-0.3236,-0.3301,-0.3369,-0.3438,-0.3503,-0.3558,-0.3594,-0.3598,-0.3556,-0.346,-0.3355,-0.3435,-0.4093,-0.542,-0.6657,-0.7069,-0.6728,-0.6152,-0.5715,-0.549,-0.5414,-0.5416,-0.546,-0.5543,-0.5688,-0.5924,-0.6284,-0.6794,-0.7466,-0.829,-0.9213,-1.0129,-1.0897,-1.1382,-1.1526,-1.1365,-1.0998,-1.0534,-1.005,-0.9595,-0.9189,-0.8844,-0.8561,-0.834,-0.8176,-0.8059,-0.7982,-0.7932,-0.7902,-0.7882
-0.3302,-0.3365,-0.343,-0.3495,-0.3554,-0.36,-0.3623,-0.3606,-0.3532,-0.3386,-0.3202,-0.319,-0.3824,-0.5227,-0.6508,-0.6934,-0.6649,-0.6148,-0.5762,-0.556,-0.5487,-0.5482,-0.5519,-0.5596,-0.5732,-0.5952,-0.6281,-0.6738,-0.7332,-0.8047,-0.8835,-0.9611,-1.026,-1.068,-1.0818,-1.0693,-1.037,-0.9932,-0.9449,-0.8972,-0.8535,-0.816,-0.7859,-0.7635,-0.7485,-0.7398,-0.736,-0.7357,-0.7375,-0.7405
-0.3363,-0.3424,-0.3487,-0.3547,-0.3601,-0.3639,-0.3652,-0.3623,-0.3532,-0.3365,-0.3158,-0.312,-0.3698,-0.4974,-0.6131,-0.6566,-0.6409,-0.6049,-0.5761,-0.5612,-0.5561,-0.5558,-0.5585,-0.565,-0.577,-0.5967,-0.6262,-0.6668,-0.7186,-0.78,-0.8466,-0.9112,-0.9651,-1.0001,-1.0118,-1.0006,-0.9706,-0.9282,-0.8794,-0.8295,-0.783,-0.7431,-0.7118,-0.6901,-0.6773,-0.6723,-0.6731,-0.6779,-0.685,-0.693
-0.342,-0.348,-0.354,-0.3597,-0.3645,-0.3678,-0.3686,-0.3652,-0.3563,-0.341,-0.3239,-0.3242,-0.3756,-0.4783,-0.5722,-0.6144,-0.6118,-0.5913,-0.5739,-0.5659,-0.5639,-0.5641,-0.5656,-0.5701,-0.58,-0.5973,-0.6232,-0.6587,-0.7035,-0.7557,-0.8114,-0.8646,-0.9084,-0.9363,-0.9444,-0.9323,-0.9026,-0.8598,-0.8094,-0.7569,-0.7074,-0.6654,-0.6337,-0.6134,-0.6039,-0.6034,-0.6096,-0.62,-0.6327,-0.6461
-0.3474,-0.3532,-0.3589,-0.3643,-0.3689,-0.3719,-0.3725,-0.3696,-0.3622,-0.3507,-0.3404,-0.3468,-0.3911,-0.4687,-0.5408,-0.5791,-0.586,-0.5787,-0.5723,-0.5713,-0.5727,-0.573,-0.5728,-0.575,-0.5825,-0.597,-0.6195,-0.6502,-0.6886,-0.7325,-0.7785,-0.8217,-0.8562,-0.8769,-0.8804,-0.8657,-0.8341,-0.7892,-0.7358,-0.6798,-0.6271,-0.5832,-0.5516,-0.5336,-0.5283,-0.5333,-0.5456,-0.5623,-0.581,-0.5998
-0.3525,-0.3581,-0.3636,-0.3688,-0.3731,-0.3761,-0.377,-0.3752,-0.3702,-0.3633,-0.3598,-0.3709,-0.4081,-0.4659,-0.5206,-0.5544,-0.5674,-0.5701,-0.5729,-0.5783,-0.5825,-0.5823,-0.5798,-0.5794,-0.5843,-0.5961,-0.6152,-0.6416,-0.674,-0.7107,-0.7482,-0.7824,-0.8085,-0.8222,-0.8203,-0.8015,-0.7663,-0.7176,-0.6598,-0.5992,-0.5428,-0.497,-0.4661,-0.4513,-0.4513,-0.4627,-0.4818,-0.5053,-0.5302,-0.5547
-0.3574,-0.3628,-0.3681,-0.3731,-0.3774,-0.3805,-0.382,-0.3815,-0.3792,-0.3766,-0.3784,-0.392,-0.423,-0.4668,-0.5092,-0.539,-0.5557,-0.5659,-0.576,-0.5864,-0.5923,-0.591,-0.5861,-0.5832,-0.5856,-0.5948,-0.6108,-0.633,-0.6602,-0.6903,-0.7204,-0.7467,-0.7652,-0.772,-0.7642,-0.7402,-0.7001,-0.646,-0.5825,-0.5164,-0.4558,-0.4081,-0.3784,-0.3676,-0.3737,-0.3924,-0.419,-0.4495,-0.4809,-0.5112
-0.3619,-0.3672,-0.3724,-0.3773,-0.3816,-0.385,-0.3872,-0.3882,-0.3883,-0.3893,-0.3947,-0.4091,-0.4353,-0.4696,-0.5035,-0.5303,-0.5494,-0.5648,-0.58,-0.5938,-0.6004,-0.5979,-0.5911,-0.586,-0.5864,-0.5932,-0.6063,-0.6248,-0.6472,-0.6715,-0.695,-0.7143,-0.7258,-0.726,-0.7121,-0.6823,-0.6362,-0.5758,-0.5056,-0.4332,-0.3679,-0.3184,-0.2903,-0.2843,-0.2973,-0.3237,-0.3581,-0.3959,-0.4337,-0.4696
-0.3663,-0.3715,-0.3766,-0.3815,-0.3859,-0.3896,-0.3926,-0.3948,-0.397,-0.4007,-0.4083,-0.4227,-0.4451,-0.4731,-0.5013,-0.5259,-0.5463,-0.5648,-0.583,-0.5983,-0.605,-0.6018,-0.5939,-0.5877,-0.5865,-0.5914,-0.6019,-0.617,-0.6351,-0.6542,-0.6718,-0.6848,-0.69,-0.684,-0.664,-0.6281,-0.5756,-0.5082,-0.4308,-0.3518,-0.2816,-0.2305,-0.2044,-0.2037,-0.2238,-0.2582,-0.3004,-0.3453,-0.3894,-0.4306
