docs/data/wind_grid.json
[{"header":{"la1":42.85,"la2":41.18,"lo1":11.55,"lo2":14.05,"nx":36,"ny":24,"dx":0.07143,"dy":0.07261,"parameterCategory":2,"parameterNumber":2,"parameterNumberName":"eastward_wind","parameterUnit":"m.s-1"},"data":[2.2327,2.222,2.2107,2.1992,2.1879,2.178,2.1716,2.1707,2.1766,2.1882,2.2025,2.2145,2.2194,2.2127,2.1907,2.1497,2.0862,1.9967,1.8805,1.7442,1.6065,1.4972,1.4437,1.4537,1.5129,1.5981,1.6895,1.7755,1.8511,1.9152,1.9684,2.0123,2.0483,2.0778,2.1022,2.1225,2.2229,2.2099,2.1956,2.1799,2.1632,2.147,2.1346,2.1307,2.139,2.1593,2.1861,2.2113,2.2273,2.2284,2.2101,2.1678,2.0955,1.9848,1.8275,1.624,1.4015,1.2215,1.1475,1.1916,1.3125,1.4588,1.5982,1.7177,1.8155,1.8936,1.9557,2.0049,2.0441,2.0756,2.1009,2.1216,2.2125,2.197,2.1793,2.1585,2.1337,2.1061,2.0807,2.0675,2.0771,2.1113,2.1593,2.2057,2.2388,2.2519,2.241,2.2016,2.126,1.9988,1.7941,1.4869,1.1014,0.7718,0.6693,0.8072,1.0553,1.3034,1.5093,1.6688,1.7897,1.8809,1.9503,2.0034,2.0445,2.0766,2.1021,2.1226,2.202,2.1841,2.1631,2.1366,2.1012,2.0548,2.0023,1.9639,1.9697,2.0292,2.1163,2.1975,2.2554,2.2848,2.285,2.2546,2.1875,2.0639,1.8295,1.3832,0.6746,-0.0103,-0.1336,0.2658,0.7627,1.1601,1.4434,1.6413,1.781,1.8812,1.9544,2.0088,2.0499,2.0813,2.1058,2.1252,2.1914,2.1715,2.1483,2.1178,2.0715,1.9978,1.8926,1.7885,1.7737,1.8893,2.054,2.1906,2.2806,2.329,2.3426,2.3263,2.2837,2.2087,2.0299,1.4873,0.2165,-1.3146,-1.3479,-0.3259,0.5392,1.0881,1.4296,1.6492,1.796,1.8975,1.9695,2.0217,2.0603,2.0894,2.1116,2.1291,2.1807,2.1592,2.1359,2.1059,2.0547,1.9538,1.7657,1.5068,1.4195,1.6767,1.9888,2.1986,2.3214,2.3871,2.4127,2.4102,2.3995,2.4243,2.4856,2.098,0.3891,-2.1078,-1.9764,-0.4375,0.5832,1.1562,1.4919,1.7009,1.8376,1.9305,1.9954,2.0416,2.0753,2.1002,2.119,2.1337,2.1698,2.1463,2.1244,2.1016,2.0599,1.956,1.7117,1.2576,1.0353,1.5255,1.9888,2.2448,2.385,2.4612,2.4947,2.4985,2.4996,2.586,2.9032,2.7833,1.4723,-0.0876,-0.3815,0.3371,0.9665,1.3714,1.6267,1.7919,1.9021,1.9774,2.0298,2.0668,2.0932,2.1124,2.1268,2.138,2.1592,2.1324,2.1115,2.0996,2.0791,2.0116,1.8389,1.5194,1.3807,1.7555,2.1188,2.3381,2.4717,2.5518,2.5911,2.5935,2.575,2.5925,2.694,2.5767,2.227,1.802,1.3379,1.2929,1.4645,1.6513,1.7984,1.9048,1.9798,2.0324,2.069,2.0944,2.112,2.1244,2.1335,2.1407,2.1505,2.1193,2.1,2.1001,2.0871,2.0685,2.0233,1.9573,1.9728,2.1181,2.2935,2.4497,2.5714,2.6553,2.7054,2.7086,2.6584,2.6036,2.5649,2.544,2.7267,2.599,2.1147,1.8823,1.8539,1.9026,1.9643,2.0178,2.0588,2.0883,2.1083,2.1211,2.129,2.1337,2.1371,2.1401,2.1456,2.1058,2.0754,2.0642,2.0461,2.0876,2.1314,2.1683,2.225,2.2926,2.4025,2.5479,2.6764,2.7632,2.8215,2.8402,2.7466,2.662,2.5991,2.5759,2.6514,2.5768,2.3257,2.1587,2.0938,2.0848,2.0972,2.1141,2.1287,2.1385,2.143,2.1433,2.141,2.1377,2.1351,2.1341,2.1481,2.0937,2.0113,1.874,1.9025,2.0772,2.1739,2.2275,2.2778,2.2918,2.4436,2.6343,2.7976,2.8985,2.8866,2.8653,2.7895,2.7255,2.6693,2.6072,2.5578,2.4877,2.3794,2.2835,2.2244,2.1965,2.1869,2.185,2.1835,2.1786,2.1695,2.1575,2.1445,2.1329,2.1244,2.1199,2.1643,2.1073,2.016,1.8913,1.9282,2.1067,2.1803,2.1882,2.2601,2.335,2.5119,2.7212,2.9327,3.1761,3.0682,2.886,2.8127,2.8061,2.7767,2.6765,2.5814,2.4994,2.418,2.3402,2.2766,2.2398,2.2292,2.2275,2.2214,2.2068,2.1851,2.1598,2.1351,2.1146,2.1007,2.094,2.196,2.154,2.1019,2.0628,2.0967,2.1709,2.1757,2.1101,2.1911,2.3904,2.5975,2.8056,2.9379,3.272,3.1434,2.8721,2.8199,2.9307,2.9232,2.733,2.6113,2.5239,2.4443,2.3545,2.2553,2.202,2.2211,2.2462,2.2462,2.2238,2.1873,2.1455,2.1063,2.0761,2.058,2.0517,2.236,2.2123,2.1912,2.1857,2.2061,2.2301,2.217,2.172,2.2397,2.4424,2.6344,2.8959,2.9419,2.5041,2.7987,2.8028,2.7896,2.8366,2.8339,2.7071,2.6022,2.5282,2.4599,2.3589,2.201,2.1143,2.1955,2.2624,2.268,2.2316,2.1722,2.106,2.0474,2.0067,1.9874,1.9869,2.2764,2.2658,2.2603,2.2644,2.2783,2.2925,2.2975,2.3106,2.3825,2.5004,2.5918,2.6613,2.6176,2.4007,2.6934,2.7895,2.7243,2.7406,2.7152,2.634,2.5399,2.4976,2.4726,2.4031,2.2706,2.1888,2.2557,2.3123,2.2986,2.2307,2.1314,2.0257,1.9389,1.8884,1.8761,1.8922,2.313,2.3106,2.3128,2.3211,2.3351,2.3523,2.3735,2.4083,2.4666,2.526,2.5323,2.5089,2.5579,2.5933,2.676,2.7245,2.7156,2.7073,2.6643,2.56,2.3934,2.4145,2.4816,2.4789,2.4348,2.4034,2.4166,2.4122,2.3452,2.2175,2.0487,1.8753,1.746,1.6923,1.7068,1.7605,2.3447,2.3473,2.3538,2.3649,2.3807,2.4012,2.4278,2.4633,2.5057,2.5385,2.5385,2.5557,2.6314,2.6754,2.6963,2.722,2.7159,2.6869,2.6451,2.5594,2.3737,2.4113,2.5152,2.5647,2.602,2.6392,2.6414,2.5662,2.4124,2.1873,1.8998,1.6042,1.4088,1.3771,1.4636,1.5912,2.3716,2.3774,2.3865,2.3994,2.4164,2.4378,2.4641,2.4952,2.528,2.5554,2.5759,2.6084,2.6664,2.6982,2.7667,2.8028,2.7461,2.6695,2.6161,2.6329,2.5693,2.5503,2.592,2.6645,2.7936,2.961,2.9872,2.791,2.502,2.142,1.6677,1.148,0.8506,0.9128,1.1558,1.4041,2.3942,2.402,2.4126,2.4263,2.4435,2.4643,2.4886,2.5158,2.5439,2.5708,2.598,2.6322,2.6781,2.7543,2.958,3.0414,2.8182,2.7081,2.6833,2.761,2.7024,2.6527,2.6639,2.7524,2.986,3.4105,3.501,3.0324,2.5837,2.1052,1.413,0.5534,0.1261,0.3981,0.8713,1.2541,2.4131,2.422,2.4333,2.4472,2.464,2.4836,2.5057,2.5299,2.5552,2.5814,2.6097,2.6441,2.692,2.7764,2.9322,2.9797,2.831,2.7775,2.8943,2.9674,2.7863,2.7003,2.6958,2.7748,3.004,3.4769,3.5854,2.9958,2.5881,2.129,1.3669,0.3175,-0.1831,0.212,0.7866,1.2164,2.4286,2.4381,2.4496,2.4633,2.4793,2.4975,2.5176,2.5394,2.5626,2.5872,2.6142,2.646,2.6871,2.7432,2.8051,2.8212,2.7859,2.7784,2.8365,2.8547,2.7606,2.6926,2.6814,2.7261,2.8261,2.8832,2.6793,2.6375,2.5413,2.2476,1.6683,0.8598,0.41,0.5941,0.9855,1.3197,2.4413,2.451,2.4624,2.4756,2.4907,2.5074,2.5257,2.5455,2.5664,2.5888,2.613,2.6403,2.6715,2.7056,2.7348,2.7462,2.742,2.7427,2.7534,2.7435,2.6965,2.648,2.6367,2.6635,2.6868,2.6096,2.4196,2.5063,2.5756,2.4474,2.081,1.5715,1.2165,1.1788,1.3275,1.5118,2.4517,2.4613,2.4724,2.4849,2.4989,2.5143,2.5309,2.5487,2.5675,2.5873,2.6083,2.6305,2.6538,2.6762,2.694,2.7035,2.7059,2.706,2.7032,2.6886,2.6569,2.6198,2.6115,2.631,2.6345,2.5957,2.5505,2.6178,2.7521,2.671,2.3797,2.0261,1.7522,1.635,1.6454,1.7166,2.46,2.4694,2.48,2.4917,2.5047,2.5187,2.5338,2.5497,2.5663,2.5836,2.6014,2.6195,2.6372,2.6532,2.6658,2.6736,2.6767,2.6762,2.6714,2.66,2.6421,2.6246,2.6189,2.6209,2.6158,2.6019,2.6037,2.6711,2.7775,2.7116,2.4916,2.2441,2.0423,1.9221,1.8801,1.8901]},{"header":{"la1":42.85,"la2":41.18,"lo1":11.55,"lo2":14.05,"nx":36,"ny":24,"dx":0.07143,"dy":0.07261,"parameterCategory":2,"parameterNumber":3,"parameterNumberName":"northward_wind","parameterUnit":"m.s-1"},"data":[1.7886,1.7577,1.7157,1.6625,1.6001,1.5329,1.467,1.4088,1.362,1.3259,1.2951,1.262,1.2199,1.1642,1.0926,1.0043,0.8999,0.7809,0.6512,0.5184,0.3973,0.3092,0.2725,0.2909,0.3518,0.4361,0.5272,0.6153,0.6956,0.7665,0.8283,0.8818,0.9282,0.9685,1.0037,1.0346,1.8404,1.8085,1.7606,1.6953,1.6145,1.5244,1.4359,1.3616,1.3105,1.2819,1.265,1.2454,1.2117,1.1576,1.0805,0.9797,0.8556,0.7087,0.5399,0.3547,0.1734,0.0383,-0.0073,0.0431,0.1567,0.2932,0.4264,0.5451,0.6466,0.7321,0.8038,0.8642,0.9153,0.9588,0.9964,1.0289,1.9064,1.8764,1.8235,1.7429,1.6347,1.5067,1.3768,1.2714,1.2134,1.2033,1.2168,1.2243,1.207,1.158,1.0764,0.9625,0.817,0.639,0.4233,0.1615,-0.1305,-0.3646,-0.4227,-0.2962,-0.0813,0.1382,0.3279,0.4825,0.6063,0.7058,0.7863,0.8523,0.907,0.953,0.9921,1.0257,1.9912,1.9695,1.9157,1.8182,1.671,1.4799,1.271,1.0984,1.0253,1.0606,1.1409,1.1997,1.2097,1.1693,1.0838,0.9566,0.7891,0.5821,0.3245,-0.0319,-0.5313,-0.9999,-1.0653,-0.7455,-0.343,-0.0062,0.2482,0.4378,0.5809,0.6912,0.7779,0.8475,0.9044,0.9516,0.9913,1.0253,2.0992,2.0983,2.0556,1.9454,1.7477,1.4576,1.0975,0.7645,0.6485,0.8035,1.0321,1.18,1.2269,1.1958,1.1063,0.9659,0.7763,0.5462,0.2821,-0.1235,-0.9492,-1.9653,-1.9708,-1.2181,-0.5489,-0.0945,0.2106,0.4227,0.5762,0.6913,0.7802,0.8506,0.9076,0.9546,0.994,1.0276,2.2316,2.2741,2.2701,2.1654,1.9125,1.4899,0.8789,0.1705,-0.0851,0.3966,0.9239,1.1917,1.27,1.241,1.1457,0.9949,0.7842,0.5275,0.3081,0.0381,-0.9437,-2.5233,-2.426,-1.3373,-0.5567,-0.0756,0.2339,0.4446,0.5951,0.7072,0.7933,0.8614,0.9165,0.9619,0.9999,1.0323,2.3796,2.4994,2.5914,2.5392,2.2312,1.6763,0.833,-0.3844,-0.9255,0.1134,0.955,1.2799,1.3486,1.3024,1.1976,1.0461,0.8297,0.5403,0.3249,0.2557,-0.3879,-1.2932,-1.4141,-0.8531,-0.3217,0.0559,0.3168,0.501,0.6354,0.7369,0.8159,0.879,0.9302,0.9727,1.0084,1.0389,2.5134,2.7393,3.0233,3.1289,2.7191,2.0449,1.2671,0.3028,-0.1002,0.6756,1.2761,1.4646,1.4562,1.3653,1.241,1.1036,0.924,0.6587,0.3941,0.1947,-0.2115,-0.4413,-0.4647,-0.2751,-0.0011,0.2442,0.435,0.5792,0.6895,0.7759,0.845,0.9011,0.9474,0.986,1.0187,1.0469,2.5816,2.8736,3.3622,3.7493,3.1126,2.3738,1.8718,1.5319,1.4892,1.6931,1.7707,1.6977,1.5674,1.4051,1.223,1.1011,1.0185,0.8376,0.5524,0.1058,-0.5707,-0.489,-0.1351,0.0867,0.2707,0.4285,0.5574,0.6617,0.7471,0.8178,0.8766,0.9254,0.9661,1.0003,1.0296,1.0551,2.5537,2.7802,3.1016,3.29,2.8506,2.4602,2.2509,2.28,2.5745,2.6775,2.2753,1.9049,1.6589,1.4278,1.073,0.8937,1.0581,0.998,0.7624,0.3269,-0.2504,-0.2189,0.1314,0.3493,0.4819,0.5781,0.6582,0.7308,0.7973,0.8563,0.9069,0.9493,0.9846,1.0143,1.0399,1.0626,2.4668,2.5816,2.6284,2.4802,2.4605,2.4293,2.4112,2.607,3.3853,3.8162,2.6426,2.0093,1.7165,1.5137,1.162,0.915,1.1558,1.1296,0.9799,0.7457,0.4824,0.4086,0.4991,0.5865,0.6349,0.6682,0.712,0.7698,0.8311,0.8867,0.9332,0.9707,1.001,1.0261,1.048,1.0679,2.3758,2.438,2.4556,2.4191,2.4104,2.4043,2.4483,2.5522,2.9442,3.23,2.4743,1.9781,1.7253,1.5698,1.5123,1.4133,1.3345,1.1576,1.0536,1.0091,0.91,0.8302,0.7925,0.7513,0.6869,0.6483,0.6845,0.765,0.845,0.9084,0.9549,0.9885,1.0136,1.0339,1.052,1.0694,2.2988,2.3418,2.3673,2.3732,2.3677,2.3797,2.446,2.5097,2.5119,2.4588,2.1759,1.9132,1.7683,1.5675,1.5954,1.623,1.4637,0.9164,0.8721,1.1218,1.1348,1.0723,0.9744,0.8126,0.5741,0.4367,0.5478,0.722,0.8486,0.9271,0.9739,1.0019,1.0201,1.0346,1.0489,1.0648,2.2343,2.2659,2.2881,2.3,2.3087,2.335,2.3945,2.4573,2.4151,2.2548,2.0681,1.8785,1.8289,1.8696,1.7885,1.8191,1.6749,1.2657,1.1381,1.28,1.2985,1.238,1.1054,0.843,0.3903,0.1298,0.4064,0.703,0.8692,0.9527,0.9919,1.0084,1.016,1.0233,1.0347,1.0509,2.1798,2.2035,2.2216,2.2347,2.2478,2.2689,2.2981,2.3104,2.2594,2.1627,2.0897,2.0349,2.012,2.1858,1.8838,1.8479,1.5946,1.5819,1.5049,1.4774,1.4349,1.3711,1.2419,0.9844,0.5761,0.3398,0.5477,0.7941,0.9308,0.9905,1.0065,1.0013,0.9925,0.9917,1.0029,1.0238,2.1336,2.1518,2.1664,2.178,2.1884,2.1992,2.206,2.1965,2.1635,2.1355,2.1638,2.2477,2.149,2.0359,1.913,1.7773,1.6524,1.7181,1.7233,1.619,1.4512,1.4344,1.3701,1.1931,0.9679,0.8343,0.8727,0.9642,1.0212,1.0322,1.0074,0.9658,0.9324,0.9253,0.9446,0.9796,2.094,2.1083,2.1198,2.1287,2.1354,2.1394,2.138,2.1284,2.1149,2.1179,2.1532,2.1613,2.1375,2.1096,1.9759,1.894,1.8802,1.9914,2.0732,1.832,1.4731,1.4787,1.4707,1.3537,1.2204,1.1346,1.1108,1.1143,1.1064,1.0632,0.9786,0.8757,0.806,0.803,0.8508,0.9168,2.0598,2.071,2.08,2.0866,2.0907,2.0918,2.0893,2.0837,2.0792,2.0828,2.0926,2.0955,2.1176,2.1143,2.0406,2.0244,2.0697,2.3927,2.7627,2.2505,1.8496,1.6799,1.5793,1.4573,1.3346,1.2439,1.2081,1.2027,1.1719,1.0796,0.9088,0.6973,0.5731,0.6071,0.7236,0.8434,2.0299,2.0388,2.0458,2.0507,2.0534,2.0538,2.052,2.049,2.0471,2.048,2.0507,2.0535,2.0595,2.065,2.1192,2.154,2.1521,2.4198,2.6601,2.482,2.147,1.8642,1.6773,1.5224,1.3643,1.1994,1.1617,1.2418,1.2329,1.1022,0.8243,0.4443,0.2507,0.3785,0.6019,0.7848,2.0035,2.0107,2.0163,2.0201,2.0221,2.0224,2.0213,2.0197,2.0184,2.0184,2.0194,2.0218,2.0283,2.0491,2.1077,2.136,2.1537,2.3289,2.6776,2.8242,2.3098,1.9483,1.7348,1.5748,1.4111,1.2067,1.1622,1.333,1.3255,1.1706,0.8337,0.3443,0.108,0.296,0.5706,0.7774,1.98,1.9859,1.9904,1.9935,1.9951,1.9955,1.9949,1.9939,1.993,1.9928,1.9936,1.9964,2.004,2.0215,2.0504,2.0764,2.1208,2.2445,2.4578,2.4988,2.1878,1.9055,1.7448,1.6284,1.5244,1.4925,1.6143,1.5786,1.4594,1.3014,1.0137,0.6165,0.3965,0.4854,0.6751,0.8374,1.9589,1.9637,1.9675,1.97,1.9714,1.9718,1.9715,1.9708,1.9701,1.9699,1.9707,1.9734,1.9796,1.9912,2.0081,2.0295,2.0639,2.1225,2.1799,2.1423,1.9682,1.7865,1.7174,1.6672,1.6094,1.6443,1.7856,1.6955,1.5696,1.4632,1.2559,0.9868,0.8033,0.781,0.8522,0.9416,1.9397,1.9438,1.9469,1.949,1.9501,1.9505,1.9503,1.9497,1.9491,1.9488,1.9492,1.951,1.9551,1.9621,1.9719,1.9848,2.0017,2.0189,2.0169,1.9615,1.8416,1.7192,1.6966,1.6823,1.6409,1.6411,1.6702,1.6494,1.6611,1.6077,1.4346,1.235,1.085,1.0194,1.0204,1.0533,1.9222,1.9256,1.9281,1.9299,1.9308,1.9311,1.9308,1.9302,1.9294,1.9288,1.9286,1.9293,1.9311,1.9342,1.9385,1.9432,1.9466,1.9438,1.9243,1.8763,1.8019,1.7335,1.7058,1.6823,1.6474,1.6275,1.624,1.6344,1.6722,1.6329,1.503,1.3591,1.244,1.1751,1.1486,1.1501]}]