docs/data/wind_grid.json
[{"header":{"la1":42.85,"la2":41.18,"lo1":11.55,"lo2":14.05,"nx":36,"ny":24,"dx":0.07143,"dy":0.07261,"parameterCategory":2,"parameterNumber":2,"parameterNumberName":"eastward_wind","parameterUnit":"m.s-1"},"data":[3.7912,3.8006,3.8096,3.8175,3.8233,3.8252,3.8207,3.8072,3.7821,3.7443,3.6942,3.6333,3.5646,3.4927,3.4257,3.3744,3.3468,3.3422,3.3516,3.3643,3.3734,3.3759,3.3715,3.3608,3.3449,3.3248,3.3015,3.2758,3.2486,3.2205,3.1922,3.1641,3.1368,3.1108,3.0863,3.0638,3.81,3.8225,3.8354,3.8482,3.8601,3.8688,3.8706,3.8608,3.8347,3.7899,3.7273,3.649,3.5576,3.4574,3.3597,3.2862,3.2568,3.2697,3.303,3.3357,3.3579,3.3676,3.3663,3.3562,3.3393,3.3173,3.2916,3.2631,3.2328,3.2017,3.1703,3.1393,3.1094,3.0811,3.0548,3.0308,3.8284,3.8442,3.8616,3.8807,3.901,3.9205,3.934,3.933,3.9078,3.8541,3.7746,3.6743,3.5545,3.4145,3.2657,3.1496,3.1191,3.1698,3.2461,3.3083,3.3462,3.363,3.3639,3.3533,3.3345,3.3097,3.2806,3.2486,3.2147,3.1798,3.1449,3.1106,3.0777,3.0468,3.0184,2.9928,3.8458,3.8648,3.8869,3.9131,3.9443,3.9801,4.0147,4.033,4.0134,3.9456,3.8408,3.7139,3.565,3.3813,3.1606,2.9697,2.9394,3.0597,3.1982,3.2929,3.3442,3.3649,3.3654,3.3525,3.3303,3.3016,3.2683,3.2319,3.1936,3.1543,3.1152,3.077,3.0407,3.0068,2.9761,2.9489,3.8615,3.8833,3.9094,3.9422,3.9853,4.0429,4.1135,4.1739,4.1706,4.0741,3.9251,3.7672,3.6,3.3947,3.1247,2.8621,2.8301,3.0147,3.1957,3.3046,3.3575,3.3753,3.3715,3.3537,3.3264,3.2925,3.254,3.2123,3.1687,3.1243,3.0802,3.0374,2.9971,2.9599,2.9267,2.8978,3.8751,3.8988,3.9274,3.9642,4.016,4.0949,4.2148,4.3573,4.396,4.2336,4.0079,3.8197,3.6559,3.4751,3.246,3.0214,2.9815,3.1224,3.2654,3.3499,3.3871,3.3939,3.3813,3.3561,3.322,3.2817,3.2369,3.1889,3.139,3.0884,3.0385,2.9904,2.9453,2.9044,2.8685,2.838,3.8866,3.9111,3.9401,3.9766,4.0281,4.1117,4.2607,4.491,4.5927,4.3318,4.0353,3.8448,3.7097,3.5825,3.4424,3.3158,3.273,3.3177,3.3788,3.4165,3.4273,3.4174,3.393,3.3582,3.316,3.2681,3.2159,3.1605,3.1032,3.0454,2.9884,2.9339,2.8834,2.8382,2.7994,2.7675,3.8962,3.9211,3.949,3.9814,4.0223,4.0823,4.1866,4.3526,4.414,4.1871,3.9599,3.8285,3.7422,3.6673,3.5924,3.5261,3.4882,3.4817,3.4866,3.4846,3.4693,3.4415,3.4037,3.3583,3.3068,3.2504,3.1898,3.1259,3.0599,2.9933,2.9278,2.8656,2.8086,2.7585,2.7167,2.6837,3.9044,3.9301,3.9576,3.9861,4.0144,4.0401,4.0601,4.0623,4.0032,3.8919,3.8228,3.7883,3.7568,3.7208,3.6811,3.6423,3.6115,3.5901,3.5705,3.544,3.5076,3.4624,3.4107,3.354,3.2928,3.2272,3.1572,3.0836,3.0072,2.9299,2.854,2.7822,2.7172,2.6615,2.6166,2.5834,3.9116,3.9391,3.9686,3.9987,4.0251,4.0368,4.0082,3.8912,3.6692,3.5661,3.6769,3.7553,3.7702,3.7573,3.7331,3.7061,3.6838,3.6656,3.6398,3.5971,3.5405,3.4771,3.411,3.3429,3.272,3.1969,3.1168,3.0319,2.9431,2.8525,2.7633,2.6793,2.6044,2.5421,2.4944,2.4621,3.9173,3.9477,3.9821,4.0207,4.0621,4.0984,4.097,3.9375,3.3817,3.1256,3.5793,3.7633,3.7977,3.7907,3.7657,3.7411,3.7333,3.7384,3.7181,3.6533,3.5676,3.4816,3.4004,3.322,3.2423,3.158,3.0672,2.9692,2.8651,2.7575,2.6508,2.5506,2.463,2.3929,2.3432,2.3142,3.9201,3.9535,3.9938,4.0443,4.1105,4.2018,4.3242,4.3756,3.8646,3.4685,3.7154,3.8348,3.8411,3.8437,3.7759,3.7517,3.775,3.8552,3.8498,3.7195,3.5806,3.4664,3.3724,3.2875,3.2021,3.1097,3.0074,2.8941,2.7707,2.6406,2.5099,2.3874,2.2827,2.2035,2.1535,2.1321,3.9187,3.9537,3.9976,4.0556,4.1382,4.2664,4.4762,4.7814,4.4452,4.0088,3.9102,3.9806,3.9246,3.8059,3.721,3.7361,3.7922,4.032,4.0269,3.7527,3.549,3.4136,3.3183,3.2365,3.1504,3.0517,2.9371,2.8057,2.6577,2.4966,2.3314,2.1764,2.0479,1.9582,1.9121,1.906,3.9119,3.9462,3.9891,4.0454,4.1236,4.2365,4.3889,4.508,4.3845,4.0728,3.9612,4.1502,4.1719,3.5569,3.6978,3.6916,3.703,3.866,3.8717,3.636,3.4249,3.2984,3.23,3.169,3.0891,2.9851,2.8574,2.7047,2.5247,2.3197,2.1024,1.8974,1.7342,1.6338,1.6007,1.6242,3.8998,3.9309,3.9686,4.0153,4.0742,4.1458,4.2174,4.2392,4.1358,3.969,3.8826,3.8798,3.8049,3.7009,3.6884,3.6169,3.5337,3.6207,3.5921,3.4006,3.1695,3.0936,3.11,3.093,3.0228,2.9122,2.7705,2.5946,2.3741,2.1049,1.8045,1.5182,1.3027,1.1952,1.1953,1.2743,3.8832,3.9096,3.9398,3.9742,4.0116,4.0473,4.0674,4.0472,3.9717,3.8738,3.8134,3.7283,3.7356,3.722,3.6956,3.6201,3.5526,3.5478,3.4448,3.1719,2.7728,2.8203,2.9976,3.0281,2.9571,2.8342,2.6809,2.4854,2.216,1.8511,1.4126,0.9868,0.6916,0.5938,0.67,0.8494,3.8637,3.8849,3.9076,3.9307,3.952,3.9663,3.9654,3.9402,3.8909,3.8357,3.8041,3.7628,3.7243,3.7117,3.7129,3.6704,3.5963,3.4976,3.3803,3.1538,2.7255,2.7932,2.9815,2.9924,2.8914,2.7487,2.5966,2.3975,2.0744,1.5685,0.8978,0.2279,-0.1841,-0.2209,0.0155,0.3629,3.8425,3.859,3.8753,3.8901,3.9013,3.9055,3.8986,3.8783,3.8476,3.8153,3.7885,3.7601,3.7254,3.7224,3.7773,3.7719,3.6318,3.4322,3.3192,3.3016,3.1291,3.0585,3.0577,2.9788,2.8178,2.6503,2.5301,2.3585,1.9846,1.2916,0.259,-0.8157,-1.3732,-1.2327,-0.7116,-0.1263,3.821,3.8334,3.8448,3.8541,3.8596,3.8594,3.852,3.837,3.8169,3.7955,3.7757,3.7588,3.752,3.788,3.9536,4.0179,3.7194,3.4753,3.3869,3.4391,3.3531,3.2433,3.139,2.9778,2.7471,2.5512,2.4968,2.3705,1.9638,1.0971,-0.3554,-1.9454,-2.6221,-2.1813,-1.3159,-0.4971,3.7997,3.809,3.8169,3.8225,3.8249,3.823,3.8163,3.8052,3.791,3.776,3.7624,3.7538,3.7593,3.8042,3.9257,3.9523,3.7327,3.5626,3.5591,3.5895,3.4654,3.3541,3.2268,3.0188,2.739,2.5282,2.4882,2.3652,1.9896,1.0926,-0.5312,-2.3594,-3.0756,-2.4967,-1.503,-0.6088,3.7791,3.7859,3.7913,3.7946,3.7952,3.7927,3.7868,3.778,3.7672,3.7559,3.7459,3.7401,3.7437,3.7639,3.7934,3.7734,3.6754,3.5821,3.555,3.5485,3.5059,3.4782,3.3943,3.1507,2.8091,2.5346,2.3841,2.3267,2.0557,1.2945,-0.061,-1.5595,-2.2407,-1.9089,-1.1572,-0.4138,3.7593,3.7643,3.7678,3.7695,3.769,3.7661,3.7608,3.7533,3.7444,3.7349,3.7261,3.7194,3.7164,3.7167,3.7116,3.6836,3.6297,3.5757,3.5457,3.5408,3.5846,3.7215,3.7353,3.3967,2.9272,2.527,2.321,2.3207,2.1256,1.5572,0.6292,-0.3627,-0.9252,-0.889,-0.4943,-0.0059,3.7404,3.7439,3.746,3.7465,3.7453,3.7421,3.737,3.7301,3.722,3.7131,3.704,3.6953,3.6868,3.6769,3.661,3.634,3.5973,3.562,3.5422,3.5573,3.6602,3.9019,3.975,3.5816,3.0688,2.6616,2.4432,2.3565,2.1738,1.7736,1.1824,0.5641,0.1494,0.05,0.1993,0.4692,3.7224,3.7246,3.7256,3.7252,3.7233,3.7198,3.7146,3.7079,3.7,3.691,3.6811,3.6705,3.6585,3.6439,3.6248,3.5998,3.571,3.5446,3.5311,3.5483,3.6268,3.7619,3.773,3.5109,3.1361,2.8098,2.5878,2.4328,2.2435,1.9521,1.5693,1.1767,0.8833,0.7548,0.7822,0.9121]},{"header":{"la1":42.85,"la2":41.18,"lo1":11.55,"lo2":14.05,"nx":36,"ny":24,"dx":0.07143,"dy":0.07261,"parameterCategory":2,"parameterNumber":3,"parameterNumberName":"northward_wind","parameterUnit":"m.s-1"},"data":[1.0096,0.993,0.9748,0.9554,0.936,0.9186,0.9055,0.8994,0.9014,0.9099,0.9208,0.9287,0.9287,0.9197,0.9059,0.897,0.9036,0.9293,0.969,1.0138,1.057,1.095,1.127,1.1532,1.1744,1.1917,1.2056,1.217,1.2263,1.234,1.2404,1.2457,1.2501,1.2537,1.2567,1.2592,1.0014,0.9813,0.9582,0.9323,0.9048,0.8782,0.8569,0.8462,0.8495,0.8653,0.886,0.9009,0.9004,0.8801,0.8458,0.8174,0.8195,0.8592,0.9216,0.9875,1.0459,1.0936,1.1312,1.1604,1.1832,1.201,1.2151,1.2263,1.2353,1.2426,1.2486,1.2535,1.2575,1.2608,1.2635,1.2656,0.9949,0.9711,0.9423,0.908,0.8687,0.8271,0.7903,0.7691,0.7735,0.8028,0.843,0.8734,0.8758,0.8389,0.767,0.6979,0.6919,0.7627,0.8667,0.9638,1.0409,1.0985,1.1409,1.1721,1.1954,1.2131,1.2266,1.2372,1.2456,1.2523,1.2577,1.262,1.2656,1.2684,1.2707,1.2724,0.9912,0.9639,0.9293,0.8851,0.8299,0.7646,0.6981,0.6521,0.654,0.7093,0.788,0.8494,0.8639,0.8107,0.6833,0.5408,0.5231,0.6553,0.8219,0.9554,1.0493,1.1136,1.158,1.1892,1.2116,1.228,1.2403,1.2497,1.2571,1.2629,1.2675,1.2713,1.2742,1.2766,1.2783,1.2796,0.9912,0.9616,0.9222,0.8686,0.7949,0.6958,0.5756,0.4708,0.4572,0.5654,0.7188,0.8343,0.8763,0.8242,0.6591,0.4458,0.4183,0.6138,0.8281,0.9804,1.0788,1.1422,1.1839,1.2121,1.2316,1.2456,1.2559,1.2636,1.2696,1.2744,1.2781,1.2811,1.2834,1.2852,1.2864,1.2873,0.996,0.9661,0.9248,0.8655,0.7771,0.6418,0.4425,0.2147,0.1481,0.3676,0.6521,0.8405,0.9215,0.9009,0.7738,0.5983,0.573,0.7362,0.9186,1.0487,1.132,1.1846,1.2183,1.2403,1.2551,1.2655,1.273,1.2786,1.2831,1.2865,1.2893,1.2914,1.2931,1.2942,1.2949,1.2952,1.0058,0.9782,0.9395,0.8824,0.7929,0.6439,0.3888,0.0188,-0.1377,0.2404,0.6534,0.8895,0.9999,1.0223,0.9742,0.8993,0.888,0.9658,1.0675,1.1486,1.2032,1.2377,1.259,1.2723,1.2809,1.2868,1.291,1.2944,1.297,1.2992,1.3009,1.3022,1.3032,1.3037,1.3038,1.3036,1.02,0.9972,0.9658,0.9198,0.8484,0.7302,0.5284,0.2364,0.1272,0.4511,0.7873,0.9909,1.1047,1.1564,1.1622,1.1478,1.1482,1.1781,1.221,1.2581,1.2825,1.2961,1.3028,1.3059,1.3074,1.3084,1.3093,1.3102,1.3112,1.3121,1.3129,1.3134,1.3137,1.3136,1.3131,1.3123,1.0372,1.0208,0.9994,0.9701,0.928,0.8655,0.7769,0.686,0.6873,0.8149,0.9723,1.1139,1.2232,1.2908,1.3188,1.3239,1.3286,1.3425,1.358,1.3653,1.3629,1.3551,1.3463,1.3386,1.333,1.3292,1.327,1.3259,1.3254,1.3252,1.3252,1.325,1.3246,1.3239,1.3229,1.3215,1.0552,1.0455,1.0344,1.0216,1.0066,0.9892,0.9696,0.9537,0.955,0.9874,1.0835,1.2201,1.3482,1.4344,1.4632,1.4603,1.4644,1.4824,1.4905,1.474,1.4427,1.4111,1.3859,1.3678,1.3558,1.3481,1.3435,1.3408,1.3393,1.3384,1.3377,1.337,1.336,1.3348,1.3331,1.3311,1.0723,1.0683,1.0655,1.0653,1.0694,1.0788,1.0887,1.0742,0.9879,0.947,1.1179,1.3076,1.4879,1.6184,1.6221,1.5739,1.5804,1.6392,1.6565,1.5989,1.5215,1.4596,1.4176,1.3908,1.3742,1.3642,1.3584,1.3551,1.3531,1.3518,1.3507,1.3495,1.3481,1.3463,1.344,1.3412,1.087,1.0869,1.0898,1.0973,1.1123,1.1379,1.1743,1.1944,1.1001,1.0396,1.1882,1.3814,1.6243,1.9153,1.8047,1.6465,1.6837,1.8986,1.9345,1.7484,1.5875,1.4911,1.4363,1.4051,1.3873,1.3774,1.372,1.369,1.3671,1.3657,1.3643,1.3628,1.3609,1.3586,1.3556,1.352,1.0985,1.1007,1.1061,1.1166,1.1351,1.1659,1.2145,1.2819,1.2146,1.171,1.2516,1.4157,1.5791,1.9608,1.8145,1.6082,1.7183,2.2855,2.2947,1.8441,1.603,1.4918,1.4377,1.4098,1.3953,1.3883,1.3851,1.3834,1.3821,1.3806,1.379,1.3772,1.3749,1.3719,1.3682,1.3636,1.1069,1.1097,1.1152,1.1248,1.1404,1.1644,1.1963,1.2188,1.1979,1.1595,1.2134,1.4381,1.4989,1.252,1.4426,1.4244,1.4981,1.9251,2.0089,1.7133,1.5359,1.4579,1.4232,1.4068,1.4003,1.3992,1.3999,1.4001,1.3992,1.3973,1.3952,1.3929,1.3903,1.3867,1.382,1.3761,1.1126,1.1148,1.1188,1.1252,1.1343,1.1461,1.157,1.1551,1.1169,1.0417,1.0018,1.0983,1.1569,1.0125,1.2228,1.2198,1.125,1.3887,1.5315,1.4907,1.4332,1.4101,1.4025,1.4016,1.4064,1.414,1.4201,1.4219,1.4198,1.4162,1.413,1.4104,1.4075,1.4034,1.3973,1.3897,1.1162,1.1172,1.119,1.1214,1.1236,1.1238,1.1168,1.0907,1.0218,0.8644,0.5766,0.7838,0.9238,1.0545,1.134,1.1645,1.145,1.2512,1.3294,1.3656,1.3805,1.3826,1.3879,1.4001,1.4193,1.4396,1.4521,1.4527,1.4457,1.4375,1.4321,1.4296,1.4272,1.4225,1.4145,1.4043,1.1186,1.1183,1.1178,1.1166,1.1135,1.1058,1.0883,1.0514,0.9762,0.8288,0.6155,0.7597,0.8642,0.8847,1.0418,1.1192,1.1593,1.1748,1.1877,1.2898,1.3721,1.3756,1.3825,1.407,1.4467,1.4879,1.5071,1.4981,1.477,1.4594,1.4512,1.4504,1.4501,1.4445,1.4333,1.4193,1.1204,1.119,1.1168,1.1131,1.1067,1.0953,1.0751,1.0407,0.9854,0.9097,0.8535,0.8747,0.8698,0.8742,0.9752,1.0231,1.0975,1.0623,0.9409,1.2034,1.3399,1.3672,1.3837,1.4225,1.4951,1.5773,1.6025,1.5611,1.5101,1.4779,1.4676,1.4721,1.4761,1.4688,1.4525,1.4333,1.1222,1.1199,1.1166,1.1117,1.104,1.0921,1.074,1.0476,1.0129,0.976,0.9525,0.9495,0.9487,0.9485,0.8829,0.847,1.0499,1.1231,1.1259,1.4228,1.4202,1.3841,1.3845,1.4332,1.548,1.706,1.7387,1.6218,1.5304,1.4866,1.4779,1.4915,1.5008,1.49,1.4674,1.4433,1.1243,1.1216,1.1178,1.1125,1.105,1.0944,1.0799,1.0614,1.0401,1.0202,1.0071,1.002,0.9989,0.9817,0.9123,0.9002,1.0834,1.2954,1.686,1.8601,1.5362,1.389,1.3582,1.4086,1.5362,1.7191,1.7562,1.597,1.5146,1.4805,1.4782,1.4979,1.5096,1.4968,1.4717,1.4461,1.1268,1.1239,1.1202,1.1152,1.1086,1.0999,1.0891,1.0765,1.0635,1.052,1.0445,1.041,1.0386,1.0311,1.0201,1.0495,1.1595,1.3333,1.5646,1.6366,1.456,1.3035,1.2618,1.326,1.4403,1.5146,1.4685,1.4638,1.468,1.4617,1.4661,1.4829,1.4926,1.4832,1.4627,1.4403,1.1297,1.127,1.1236,1.1193,1.1138,1.1072,1.0995,1.0912,1.0833,1.0769,1.0732,1.0725,1.074,1.078,1.0904,1.1267,1.198,1.2961,1.3869,1.3941,1.278,1.1105,1.0668,1.1955,1.3426,1.4099,1.3917,1.4086,1.432,1.4391,1.4461,1.457,1.4633,1.4583,1.4448,1.4281,1.133,1.1306,1.1277,1.1242,1.12,1.1152,1.11,1.1048,1.1003,1.0973,1.0965,1.0984,1.1036,1.1133,1.1313,1.1626,1.2085,1.2598,1.293,1.2719,1.1634,0.9857,0.94,1.1059,1.2744,1.3663,1.3936,1.4029,1.4122,1.4187,1.4249,1.4316,1.4353,1.4328,1.4246,1.4131,1.1366,1.1346,1.1323,1.1296,1.1266,1.1233,1.12,1.1171,1.115,1.1144,1.1157,1.1196,1.1266,1.1381,1.1554,1.1797,1.2093,1.2367,1.2482,1.2252,1.1535,1.0557,1.0346,1.1311,1.2482,1.3277,1.3672,1.3842,1.3932,1.3995,1.4049,1.4095,1.4119,1.4106,1.4056,1.3979]}]