docs/data/wind_grid.json
[{"header":{"la1":42.85,"la2":41.18,"lo1":11.55,"lo2":14.05,"nx":36,"ny":24,"dx":0.07143,"dy":0.07261,"parameterCategory":2,"parameterNumber":2,"parameterNumberName":"eastward_wind","parameterUnit":"m.s-1"},"data":[-0.6495,-0.6522,-0.6522,-0.6494,-0.6441,-0.6364,-0.6263,-0.6137,-0.5984,-0.5812,-0.5636,-0.5478,-0.5358,-0.5285,-0.5259,-0.5267,-0.5285,-0.5279,-0.5216,-0.5083,-0.4897,-0.4707,-0.4561,-0.448,-0.4449,-0.4444,-0.4442,-0.4433,-0.4415,-0.4391,-0.4361,-0.433,-0.4298,-0.4268,-0.424,-0.4213,-0.6754,-0.6801,-0.6812,-0.6787,-0.6732,-0.6651,-0.6547,-0.6408,-0.6224,-0.5998,-0.5757,-0.554,-0.5382,-0.53,-0.5295,-0.5351,-0.5428,-0.5467,-0.5401,-0.519,-0.4868,-0.4544,-0.4337,-0.4275,-0.4303,-0.4354,-0.4391,-0.4404,-0.4396,-0.4374,-0.4344,-0.4312,-0.4279,-0.4248,-0.4219,-0.4192,-0.7066,-0.7143,-0.7172,-0.7149,-0.7089,-0.701,-0.6919,-0.6788,-0.6573,-0.6265,-0.5914,-0.5598,-0.5379,-0.5282,-0.5312,-0.5448,-0.5638,-0.5781,-0.5733,-0.5379,-0.4758,-0.4144,-0.385,-0.3896,-0.4079,-0.4242,-0.4339,-0.4378,-0.4378,-0.4357,-0.4326,-0.4291,-0.4256,-0.4224,-0.4194,-0.4168,-0.7446,-0.7574,-0.763,-0.7606,-0.7528,-0.7451,-0.741,-0.7351,-0.713,-0.6681,-0.6127,-0.5642,-0.5325,-0.5204,-0.5281,-0.5544,-0.5939,-0.6319,-0.6387,-0.5794,-0.45,-0.3186,-0.282,-0.3262,-0.3794,-0.4137,-0.4306,-0.4365,-0.4367,-0.4341,-0.4305,-0.4266,-0.4229,-0.4196,-0.4166,-0.414,-0.791,-0.8128,-0.824,-0.8207,-0.8069,-0.7965,-0.8042,-0.8234,-0.8102,-0.7366,-0.6404,-0.5637,-0.5179,-0.5021,-0.5153,-0.5586,-0.6322,-0.7225,-0.7748,-0.6901,-0.4204,-0.1166,-0.0986,-0.2499,-0.3592,-0.4117,-0.4322,-0.4375,-0.4362,-0.4324,-0.4279,-0.4235,-0.4196,-0.4162,-0.4133,-0.4109,-0.8468,-0.8855,-0.9098,-0.9061,-0.8761,-0.8501,-0.8733,-0.9586,-0.9854,-0.8405,-0.6654,-0.5497,-0.4884,-0.4677,-0.4845,-0.5454,-0.6638,-0.8502,-1.0403,-0.9664,-0.5146,0.0202,0.0023,-0.2463,-0.3775,-0.4268,-0.4406,-0.4406,-0.4357,-0.4298,-0.4242,-0.4195,-0.4155,-0.4122,-0.4096,-0.4074,-0.9096,-0.9785,-1.0355,-1.0406,-0.9747,-0.8986,-0.9087,-1.0755,-1.1799,-0.9108,-0.649,-0.5081,-0.4383,-0.4114,-0.4251,-0.4944,-0.6465,-0.9237,-1.3058,-1.2688,-0.8057,-0.4108,-0.3111,-0.3949,-0.4458,-0.4577,-0.4529,-0.4432,-0.4335,-0.4253,-0.419,-0.4141,-0.4104,-0.4075,-0.4053,-0.4034,-0.9683,-1.0804,-1.2078,-1.2584,-1.1233,-0.9428,-0.8667,-0.9423,-0.9875,-0.7594,-0.5471,-0.4318,-0.3673,-0.3299,-0.3243,-0.3841,-0.5427,-0.8021,-1.0851,-1.1139,-1.0542,-0.9268,-0.703,-0.582,-0.5242,-0.4874,-0.4603,-0.4406,-0.4269,-0.4176,-0.4114,-0.4072,-0.4043,-0.4021,-0.4005,-0.3992,-1.0023,-1.1451,-1.3476,-1.4912,-1.2592,-0.9709,-0.7899,-0.6913,-0.5962,-0.4731,-0.3901,-0.3369,-0.2862,-0.2266,-0.1603,-0.1816,-0.3737,-0.6225,-0.8417,-1.0506,-1.4112,-1.313,-0.9161,-0.6842,-0.5632,-0.4941,-0.4524,-0.4275,-0.4132,-0.4053,-0.401,-0.3986,-0.3971,-0.3961,-0.3953,-0.3947,-0.9975,-1.1283,-1.2846,-1.3678,-1.2152,-0.9632,-0.7287,-0.5164,-0.2713,-0.1545,-0.2252,-0.2503,-0.2127,-0.1288,0.0801,0.1884,-0.2075,-0.5333,-0.7502,-0.9626,-1.2387,-1.1807,-0.8839,-0.6705,-0.5414,-0.4642,-0.4209,-0.3995,-0.3908,-0.3882,-0.3881,-0.3888,-0.3894,-0.3898,-0.39,-0.39,-0.9623,-1.0721,-1.1996,-1.3396,-1.2831,-0.9652,-0.7141,-0.4751,0.0372,0.2844,-0.1047,-0.1966,-0.1527,-0.0761,0.0802,0.2022,-0.259,-0.6191,-0.7976,-0.8595,-0.9018,-0.8588,-0.7195,-0.5746,-0.4626,-0.3919,-0.3604,-0.3546,-0.3598,-0.3674,-0.3739,-0.3786,-0.3817,-0.3836,-0.3847,-0.3855,-0.908,-1.0015,-1.1294,-1.291,-1.2251,-0.9174,-0.7673,-0.7218,-0.3214,-0.0028,-0.17,-0.187,-0.0945,0.0533,-0.0207,-0.2063,-0.5354,-1.0168,-1.1528,-0.9331,-0.7757,-0.6726,-0.5654,-0.4472,-0.3358,-0.2693,-0.2659,-0.2941,-0.324,-0.3461,-0.3606,-0.3696,-0.3749,-0.3779,-0.3798,-0.381,-0.8392,-0.904,-0.9771,-1.0247,-0.9572,-0.8238,-0.8193,-0.9951,-0.7567,-0.407,-0.2706,-0.2044,-0.1196,0.1148,-0.0037,-0.3539,-0.731,-1.8219,-1.8681,-1.0522,-0.7092,-0.5498,-0.4399,-0.3178,-0.1674,-0.0846,-0.1407,-0.2296,-0.2925,-0.3302,-0.3517,-0.3635,-0.3698,-0.3731,-0.3752,-0.3767,-0.7651,-0.8006,-0.8281,-0.8282,-0.7861,-0.7395,-0.7567,-0.8176,-0.7126,-0.4477,-0.2922,-0.2143,-0.1941,-0.1898,-0.2746,-0.4889,-0.6757,-1.2454,-1.3628,-0.8583,-0.551,-0.4066,-0.328,-0.2234,-0.0314,0.0854,-0.0469,-0.1944,-0.281,-0.3269,-0.3503,-0.3615,-0.3666,-0.3689,-0.3705,-0.3721,-0.6959,-0.7111,-0.7165,-0.7052,-0.6781,-0.6518,-0.6418,-0.6227,-0.5246,-0.3749,-0.2799,-0.2452,-0.2216,-0.2014,-0.3626,-0.5472,-1.0953,-0.8176,-0.7109,-0.4858,-0.2615,-0.1954,-0.2158,-0.1924,-0.0804,-0.0007,-0.1003,-0.2249,-0.3013,-0.3404,-0.3576,-0.3632,-0.3639,-0.3638,-0.3647,-0.3666,-0.6358,-0.6393,-0.6346,-0.6198,-0.5963,-0.569,-0.5378,-0.4889,-0.4058,-0.3049,-0.2303,-0.2834,-0.2498,-0.2286,-0.3362,-0.6055,-0.9104,-0.6043,-0.3755,-0.1564,0.1367,0.0796,-0.1069,-0.1877,-0.1948,-0.1946,-0.2442,-0.3085,-0.3509,-0.3692,-0.3712,-0.3651,-0.3581,-0.3548,-0.3559,-0.3593,-0.5854,-0.582,-0.5722,-0.5552,-0.5314,-0.5014,-0.4635,-0.4127,-0.3473,-0.2777,-0.2285,-0.2296,-0.138,-0.0883,-0.1888,-0.2885,-0.3377,-0.1836,-0.0065,0.0423,0.2115,0.1384,-0.0681,-0.1984,-0.282,-0.3448,-0.3916,-0.4155,-0.4189,-0.4072,-0.3848,-0.3592,-0.3413,-0.3367,-0.3416,-0.3496,-0.5434,-0.5359,-0.5232,-0.5049,-0.4807,-0.4504,-0.4132,-0.3682,-0.3173,-0.2677,-0.2273,-0.1806,-0.0817,-0.0273,0.0875,0.1492,0.0557,0.24,0.5168,0.227,0.1062,0.0302,-0.0953,-0.2347,-0.3779,-0.5055,-0.5592,-0.5394,-0.4977,-0.4481,-0.3903,-0.3337,-0.3021,-0.304,-0.3211,-0.3381,-0.5085,-0.4985,-0.4842,-0.4653,-0.4414,-0.4124,-0.3781,-0.3389,-0.2963,-0.2529,-0.2077,-0.1498,-0.0621,0.115,0.665,0.9021,0.3405,0.3113,0.4416,0.3198,0.162,0.0248,-0.1084,-0.2729,-0.4821,-0.6914,-0.74,-0.6634,-0.5796,-0.4895,-0.3875,-0.2856,-0.2399,-0.2626,-0.3007,-0.3289,-0.4793,-0.4679,-0.4529,-0.434,-0.411,-0.3838,-0.3525,-0.3175,-0.2792,-0.2377,-0.1897,-0.1258,-0.0233,0.1857,0.6062,0.7414,0.3703,0.2742,0.4028,0.468,0.2324,0.0653,-0.0765,-0.2695,-0.5259,-0.7506,-0.7942,-0.768,-0.6635,-0.5358,-0.4005,-0.2655,-0.2106,-0.2473,-0.2958,-0.328,-0.455,-0.4429,-0.4277,-0.4092,-0.3873,-0.362,-0.3333,-0.3013,-0.2659,-0.2261,-0.1787,-0.1167,-0.0263,0.1109,0.2739,0.3236,0.2443,0.222,0.3001,0.3245,0.2163,0.1449,0.0505,-0.1784,-0.502,-0.823,-1.0983,-0.9961,-0.7477,-0.5793,-0.448,-0.3292,-0.2718,-0.2847,-0.3151,-0.3383,-0.4347,-0.4223,-0.4072,-0.3894,-0.3688,-0.3453,-0.3189,-0.2895,-0.2568,-0.2197,-0.1761,-0.1224,-0.0543,0.0274,0.103,0.1383,0.1372,0.1452,0.176,0.1967,0.2318,0.3685,0.3843,0.0358,-0.4222,-0.9012,-1.3431,-1.103,-0.719,-0.5774,-0.4917,-0.409,-0.3557,-0.3413,-0.3464,-0.355,-0.4178,-0.4054,-0.3907,-0.3737,-0.3543,-0.3325,-0.3082,-0.2813,-0.2515,-0.2181,-0.1799,-0.1359,-0.0857,-0.0331,0.013,0.0432,0.0604,0.0779,0.1043,0.1507,0.2772,0.5683,0.662,0.2132,-0.291,-0.6933,-0.9133,-0.7612,-0.5377,-0.5273,-0.5034,-0.4516,-0.4076,-0.3831,-0.3737,-0.3713,-0.4037,-0.3915,-0.3774,-0.3613,-0.3432,-0.323,-0.3007,-0.2763,-0.2494,-0.2199,-0.1873,-0.1516,-0.1137,-0.0761,-0.0428,-0.0167,0.0039,0.0246,0.0534,0.1063,0.2177,0.3892,0.4109,0.1315,-0.2206,-0.4927,-0.6223,-0.584,-0.5095,-0.5106,-0.4978,-0.4632,-0.4293,-0.4052,-0.3909,-0.3831]},{"header":{"la1":42.85,"la2":41.18,"lo1":11.55,"lo2":14.05,"nx":36,"ny":24,"dx":0.07143,"dy":0.07261,"parameterCategory":2,"parameterNumber":3,"parameterNumberName":"northward_wind","parameterUnit":"m.s-1"},"data":[-0.6902,-0.677,-0.6602,-0.6397,-0.6163,-0.5918,-0.5691,-0.5511,-0.5399,-0.5352,-0.5342,-0.5332,-0.5289,-0.5191,-0.5033,-0.482,-0.4565,-0.4287,-0.4008,-0.3751,-0.354,-0.3401,-0.3355,-0.3401,-0.3518,-0.3678,-0.3855,-0.4034,-0.4207,-0.4371,-0.4525,-0.4668,-0.4802,-0.4926,-0.5042,-0.515,-0.7021,-0.6877,-0.6678,-0.642,-0.6106,-0.5761,-0.5433,-0.5184,-0.5063,-0.507,-0.515,-0.5228,-0.5245,-0.5171,-0.5001,-0.4746,-0.4426,-0.407,-0.3709,-0.337,-0.3083,-0.2896,-0.2852,-0.2955,-0.3156,-0.3399,-0.3645,-0.3877,-0.409,-0.4284,-0.4462,-0.4624,-0.4773,-0.4911,-0.5038,-0.5155,-0.7177,-0.7027,-0.6799,-0.6474,-0.6044,-0.5531,-0.5011,-0.4616,-0.4472,-0.4594,-0.4856,-0.5098,-0.522,-0.5186,-0.5003,-0.469,-0.428,-0.3817,-0.3349,-0.2902,-0.2495,-0.2207,-0.217,-0.2389,-0.2738,-0.3104,-0.3439,-0.3731,-0.3987,-0.4212,-0.4412,-0.4593,-0.4758,-0.4908,-0.5046,-0.5171,-0.738,-0.7242,-0.6998,-0.6603,-0.6013,-0.5223,-0.4327,-0.3592,-0.3376,-0.3759,-0.4407,-0.4953,-0.5241,-0.5266,-0.5064,-0.4672,-0.4131,-0.3512,-0.291,-0.2355,-0.1762,-0.1243,-0.1219,-0.1694,-0.2296,-0.2828,-0.3261,-0.3614,-0.3908,-0.416,-0.4381,-0.4579,-0.4758,-0.4921,-0.5068,-0.5202,-0.7638,-0.7544,-0.7321,-0.688,-0.6108,-0.4902,-0.3275,-0.1694,-0.1233,-0.2282,-0.3778,-0.4847,-0.5361,-0.5449,-0.522,-0.4725,-0.3994,-0.3116,-0.2325,-0.1769,-0.1013,0.0032,-0.0011,-0.1003,-0.1942,-0.2635,-0.3146,-0.3541,-0.3863,-0.4135,-0.4373,-0.4585,-0.4777,-0.4951,-0.5109,-0.5251,-0.7948,-0.795,-0.7824,-0.7416,-0.6505,-0.4814,-0.1996,0.161,0.2903,0.0041,-0.3167,-0.4943,-0.5662,-0.5783,-0.5521,-0.4919,-0.3943,-0.2613,-0.1375,-0.1087,-0.0717,0.0702,0.0566,-0.0785,-0.1855,-0.2589,-0.3118,-0.3525,-0.3856,-0.4139,-0.4389,-0.4614,-0.4818,-0.5002,-0.5169,-0.5319,-0.8281,-0.8445,-0.8545,-0.8317,-0.7397,-0.5441,-0.1671,0.4668,0.7645,0.1644,-0.3382,-0.551,-0.6216,-0.6302,-0.6025,-0.5367,-0.4199,-0.2393,-0.0363,-0.0382,-0.0975,-0.0492,-0.0516,-0.129,-0.2076,-0.2695,-0.3175,-0.3561,-0.3887,-0.4173,-0.4431,-0.4667,-0.4882,-0.5078,-0.5254,-0.5411,-0.8568,-0.8934,-0.9434,-0.9608,-0.8702,-0.692,-0.3958,0.0815,0.2924,-0.1656,-0.531,-0.6662,-0.6996,-0.6991,-0.6798,-0.621,-0.4993,-0.3218,-0.1489,-0.114,-0.1098,-0.1076,-0.1387,-0.1868,-0.2399,-0.2878,-0.3285,-0.3635,-0.3946,-0.4231,-0.4497,-0.4745,-0.4974,-0.5183,-0.5369,-0.5532,-0.8707,-0.9168,-1.0071,-1.0856,-0.9626,-0.8388,-0.7366,-0.6294,-0.6356,-0.7662,-0.8254,-0.8087,-0.7815,-0.7761,-0.7978,-0.7706,-0.6235,-0.444,-0.2946,-0.1743,-0.0296,-0.0541,-0.1568,-0.2208,-0.2675,-0.3065,-0.3407,-0.372,-0.4019,-0.4308,-0.4587,-0.4852,-0.5099,-0.5323,-0.5519,-0.5688,-0.8654,-0.89,-0.9349,-0.9654,-0.8852,-0.9159,-1.0019,-1.1132,-1.2905,-1.3408,-1.1204,-0.9304,-0.8413,-0.8367,-0.97,-1.0518,-0.7486,-0.5185,-0.3705,-0.2364,-0.1003,-0.1084,-0.1928,-0.2506,-0.29,-0.3217,-0.3506,-0.3794,-0.4091,-0.4396,-0.47,-0.4992,-0.5264,-0.5507,-0.5716,-0.5889,-0.8525,-0.8421,-0.7819,-0.6099,-0.6557,-0.9559,-1.2146,-1.4212,-1.7677,-1.9553,-1.3318,-0.9872,-0.8658,-0.8486,-0.9515,-1.0549,-0.7114,-0.5063,-0.3999,-0.3147,-0.2441,-0.2255,-0.2489,-0.2792,-0.3061,-0.3301,-0.3549,-0.3832,-0.4152,-0.4494,-0.4842,-0.5177,-0.5485,-0.5752,-0.5974,-0.6147,-0.8492,-0.8292,-0.7592,-0.6251,-0.6978,-1.0787,-1.4541,-1.6851,-1.7091,-1.7007,-1.2528,-0.9621,-0.8717,-0.9079,-0.8244,-0.6653,-0.5084,-0.4311,-0.397,-0.3427,-0.2955,-0.2735,-0.2764,-0.2925,-0.3104,-0.3273,-0.3496,-0.3813,-0.4195,-0.4609,-0.5027,-0.5427,-0.5784,-0.6083,-0.6314,-0.6481,-0.859,-0.8544,-0.8374,-0.8352,-0.9528,-1.2421,-1.6237,-1.9663,-1.7488,-1.3906,-1.0876,-0.9196,-0.8568,-0.9415,-0.7949,-0.3805,-0.2712,-0.4217,-0.4331,-0.3283,-0.2764,-0.2566,-0.2641,-0.2855,-0.3021,-0.3101,-0.333,-0.3743,-0.4238,-0.4761,-0.5285,-0.5776,-0.6201,-0.6536,-0.677,-0.6914,-0.8731,-0.8863,-0.9071,-0.9572,-1.0729,-1.2727,-1.5317,-1.7472,-1.6168,-1.2358,-0.985,-0.9238,-0.9001,-0.6254,-0.3872,0.1744,0.1127,-0.2011,-0.3102,-0.2481,-0.1875,-0.1724,-0.2107,-0.2632,-0.2924,-0.2915,-0.3169,-0.3704,-0.4329,-0.4992,-0.5661,-0.6284,-0.6801,-0.7172,-0.7389,-0.7477,-0.8826,-0.9051,-0.9386,-0.9935,-1.0806,-1.1995,-1.3242,-1.3823,-1.2706,-1.0561,-0.9077,-0.8327,-0.7226,-0.6063,-0.2363,0.3415,0.7425,0.1282,-0.1312,-0.1054,0.0402,0.038,-0.1028,-0.2231,-0.2836,-0.2979,-0.3239,-0.3788,-0.451,-0.5344,-0.6222,-0.7043,-0.769,-0.8085,-0.8235,-0.8207,-0.8842,-0.9083,-0.9406,-0.9845,-1.0407,-1.1017,-1.1463,-1.1391,-1.0573,-0.9424,-0.8836,-0.8168,-0.7791,-0.6518,-0.3682,0.1055,0.4789,0.06,-0.1373,0.0471,0.5793,0.4472,0.034,-0.1763,-0.2628,-0.2975,-0.3297,-0.387,-0.4738,-0.5836,-0.7056,-0.8209,-0.9047,-0.9421,-0.9392,-0.9133,-0.8787,-0.9001,-0.9261,-0.9568,-0.9897,-1.0176,-1.0282,-1.0083,-0.9574,-0.9006,-0.8778,-0.8574,-0.9853,-1.0273,-0.6169,-0.3353,-0.2075,-0.3094,-0.3756,-0.0635,0.6492,0.4862,0.0309,-0.1731,-0.2393,-0.2537,-0.2822,-0.362,-0.4875,-0.6455,-0.827,-1.0025,-1.1161,-1.1372,-1.0925,-1.0245,-0.8682,-0.8854,-0.9046,-0.9245,-0.9425,-0.9538,-0.9525,-0.935,-0.9051,-0.8758,-0.8616,-0.8822,-1.0384,-1.0624,-0.8112,-0.6911,-0.5642,-0.6475,-0.8257,-0.4705,-0.0953,-0.0216,-0.1458,-0.2223,-0.1997,-0.1122,-0.1115,-0.2707,-0.4838,-0.717,-0.9919,-1.2767,-1.4364,-1.4041,-1.2753,-1.1425,-0.855,-0.8681,-0.8814,-0.8936,-0.9028,-0.9063,-0.9015,-0.8881,-0.8692,-0.8517,-0.8435,-0.8549,-0.8894,-0.9029,-1.0203,-1.0934,-0.7672,-0.7147,-0.7774,-0.6516,-0.4676,-0.3479,-0.3222,-0.2892,-0.1412,0.1841,0.2529,-0.1449,-0.4906,-0.7912,-1.1659,-1.6074,-1.8242,-1.6844,-1.4393,-1.2377,-0.8407,-0.8502,-0.8591,-0.8662,-0.8704,-0.8702,-0.8646,-0.854,-0.8407,-0.8281,-0.8204,-0.8212,-0.8316,-0.8656,-0.987,-1.0197,-0.8021,-0.7101,-0.7506,-0.7808,-0.6184,-0.512,-0.4589,-0.3856,-0.2019,0.2079,0.3026,-0.2556,-0.584,-0.8576,-1.2372,-1.7404,-1.9818,-1.7863,-1.496,-1.2729,-0.8265,-0.8331,-0.8387,-0.8426,-0.8438,-0.8418,-0.8361,-0.8273,-0.8167,-0.8063,-0.7982,-0.7944,-0.7973,-0.8134,-0.8415,-0.8272,-0.752,-0.7028,-0.7131,-0.7137,-0.653,-0.622,-0.5977,-0.5291,-0.4364,-0.4216,-0.6773,-0.7118,-0.7678,-0.9227,-1.168,-1.5109,-1.7061,-1.6109,-1.412,-1.2366,-0.8128,-0.8173,-0.8206,-0.8223,-0.8218,-0.8188,-0.8132,-0.8055,-0.7963,-0.787,-0.7785,-0.7722,-0.7689,-0.7689,-0.7666,-0.7484,-0.7148,-0.6882,-0.6799,-0.6781,-0.6922,-0.7578,-0.7763,-0.6808,-0.628,-0.7448,-0.9856,-0.9234,-0.9644,-1.0275,-1.1005,-1.2467,-1.3617,-1.3533,-1.2635,-1.1575,-0.8001,-0.8029,-0.8046,-0.8048,-0.8033,-0.7998,-0.7943,-0.7873,-0.779,-0.7702,-0.7616,-0.7537,-0.7466,-0.7396,-0.7298,-0.7141,-0.6947,-0.679,-0.6734,-0.6841,-0.7344,-0.849,-0.8847,-0.767,-0.7135,-0.7781,-0.8877,-1.0116,-1.2213,-1.18,-1.1008,-1.1149,-1.1577,-1.1652,-1.1297,-1.0726,-0.7884,-0.79,-0.7905,-0.7898,-0.7876,-0.7838,-0.7785,-0.7719,-0.7643,-0.756,-0.7474,-0.7388,-0.7302,-0.7209,-0.7101,-0.6974,-0.6845,-0.6752,-0.6743,-0.6889,-0.731,-0.7964,-0.8139,-0.7633,-0.7424,-0.7885,-0.8895,-1.0675,-1.2541,-1.2036,-1.0944,-1.0537,-1.0527,-1.0511,-1.0329,-1.0007]}]