docs/data/wind_grid.json
[{"header":{"la1":42.85,"la2":41.18,"lo1":11.55,"lo2":14.05,"nx":36,"ny":24,"dx":0.07143,"dy":0.07261,"parameterCategory":2,"parameterNumber":2,"parameterNumberName":"eastward_wind","parameterUnit":"m.s-1"},"data":[-0.7083,-0.7151,-0.7203,-0.7236,-0.7251,-0.7243,-0.7204,-0.7121,-0.6988,-0.6809,-0.6605,-0.6404,-0.623,-0.6101,-0.6015,-0.5963,-0.5919,-0.5852,-0.5733,-0.5549,-0.5323,-0.511,-0.4963,-0.4902,-0.4907,-0.4942,-0.498,-0.5004,-0.5012,-0.5006,-0.4988,-0.4962,-0.4932,-0.4899,-0.4866,-0.4832,-0.7307,-0.7399,-0.7472,-0.7527,-0.7565,-0.7585,-0.7572,-0.75,-0.7343,-0.7101,-0.6812,-0.6528,-0.6296,-0.6138,-0.6058,-0.6036,-0.6034,-0.5994,-0.5851,-0.5571,-0.519,-0.4831,-0.4626,-0.4604,-0.4695,-0.4812,-0.4908,-0.4966,-0.4992,-0.4992,-0.4976,-0.4949,-0.4916,-0.4881,-0.4845,-0.481,-0.7568,-0.7693,-0.7793,-0.7871,-0.7941,-0.8012,-0.8066,-0.8044,-0.787,-0.7526,-0.7088,-0.6666,-0.6341,-0.6145,-0.6079,-0.6117,-0.6205,-0.6242,-0.6094,-0.5644,-0.4932,-0.4254,-0.3965,-0.4091,-0.4387,-0.4657,-0.4838,-0.4939,-0.498,-0.4984,-0.4966,-0.4936,-0.4899,-0.486,-0.4821,-0.4783,-0.7876,-0.8047,-0.818,-0.8281,-0.8382,-0.8533,-0.8738,-0.8875,-0.872,-0.8186,-0.7465,-0.6806,-0.6339,-0.6091,-0.6052,-0.6193,-0.6454,-0.6689,-0.6622,-0.591,-0.4473,-0.3014,-0.2657,-0.3274,-0.4012,-0.4519,-0.4802,-0.4936,-0.4984,-0.4984,-0.4959,-0.4921,-0.4879,-0.4835,-0.4792,-0.4752,-0.8243,-0.8487,-0.8668,-0.8777,-0.8879,-0.9122,-0.963,-1.0217,-1.0213,-0.9258,-0.7956,-0.6904,-0.6241,-0.5929,-0.5925,-0.6215,-0.6773,-0.7458,-0.7785,-0.6832,-0.3957,-0.057,-0.0416,-0.2316,-0.3752,-0.4499,-0.484,-0.4975,-0.5007,-0.4991,-0.4952,-0.4904,-0.4853,-0.4804,-0.4758,-0.4716,-0.8677,-0.905,-0.9328,-0.9429,-0.9427,-0.9666,-1.0625,-1.232,-1.2888,-1.0858,-0.8427,-0.6842,-0.5974,-0.5595,-0.5619,-0.6071,-0.7032,-0.8543,-1.005,-0.9305,-0.4841,0.1041,0.0799,-0.2267,-0.3987,-0.4713,-0.4984,-0.5057,-0.5045,-0.4999,-0.494,-0.4879,-0.4821,-0.4766,-0.4717,-0.4672,-0.9162,-0.9768,-1.0284,-1.0418,-1.0101,-0.9975,-1.1073,-1.4162,-1.5826,-1.196,-0.8335,-0.6429,-0.5468,-0.5025,-0.5018,-0.5565,-0.6868,-0.9184,-1.2244,-1.1953,-0.8028,-0.3978,-0.2958,-0.4102,-0.4872,-0.5157,-0.5204,-0.5158,-0.508,-0.4996,-0.4916,-0.4843,-0.4777,-0.4718,-0.4666,-0.462,-0.9614,-1.0559,-1.1612,-1.2048,-1.1098,-1.0017,-1.0189,-1.2098,-1.3032,-0.9946,-0.7117,-0.5594,-0.4731,-0.418,-0.3959,-0.4439,-0.5919,-0.8252,-1.0649,-1.115,-1.1375,-1.0203,-0.772,-0.6453,-0.5931,-0.563,-0.5405,-0.5226,-0.5083,-0.4967,-0.4871,-0.4789,-0.4718,-0.4657,-0.4603,-0.4558,-0.9869,-1.1066,-1.2708,-1.384,-1.2057,-0.9901,-0.875,-0.8364,-0.7712,-0.6381,-0.5311,-0.4576,-0.3909,-0.31,-0.2125,-0.2194,-0.4256,-0.6824,-0.9048,-1.1538,-1.6027,-1.4906,-1.0377,-0.7829,-0.6569,-0.5883,-0.547,-0.5205,-0.5026,-0.4897,-0.4796,-0.4713,-0.4642,-0.4581,-0.4528,-0.4484,-0.9811,-1.0934,-1.2244,-1.2932,-1.1739,-0.9598,-0.7638,-0.5994,-0.4151,-0.3232,-0.3658,-0.3712,-0.3248,-0.2155,0.0767,0.2319,-0.2479,-0.6163,-0.8513,-1.0904,-1.4101,-1.3475,-1.0188,-0.7893,-0.6557,-0.5775,-0.5318,-0.5052,-0.489,-0.4778,-0.4691,-0.4615,-0.4549,-0.4489,-0.4439,-0.4397,-0.9494,-1.0481,-1.1684,-1.3144,-1.2591,-0.9426,-0.6967,-0.5017,-0.1548,0.0103,-0.2566,-0.3201,-0.2871,-0.2084,0.0421,0.2399,-0.3248,-0.7305,-0.9241,-0.9933,-1.0441,-1.0016,-0.8556,-0.7077,-0.5977,-0.5283,-0.492,-0.4757,-0.4676,-0.4617,-0.4559,-0.4498,-0.4437,-0.4381,-0.4333,-0.4295,-0.8992,-0.9847,-1.1071,-1.2682,-1.199,-0.8678,-0.667,-0.5886,-0.3544,-0.1674,-0.2834,-0.3046,-0.259,-0.1799,-0.2122,-0.3343,-0.6677,-1.1709,-1.3123,-1.0831,-0.9204,-0.8154,-0.709,-0.598,-0.5001,-0.4411,-0.4275,-0.4343,-0.4414,-0.4435,-0.4413,-0.4365,-0.4307,-0.4252,-0.4206,-0.4174,-0.8339,-0.8917,-0.9581,-0.9992,-0.9186,-0.7466,-0.6573,-0.6937,-0.5998,-0.4041,-0.3303,-0.3038,-0.2687,-0.1508,-0.2383,-0.5307,-0.9043,-2.0168,-2.0623,-1.2191,-0.8646,-0.7019,-0.5955,-0.4906,-0.3764,-0.3157,-0.3447,-0.3902,-0.4168,-0.4269,-0.427,-0.4221,-0.4156,-0.4096,-0.4053,-0.4029,-0.7632,-0.7918,-0.8117,-0.8018,-0.7422,-0.661,-0.6228,-0.6413,-0.5758,-0.4074,-0.3131,-0.2975,-0.3005,-0.3056,-0.4383,-0.6833,-0.8787,-1.4428,-1.5518,-1.0323,-0.7191,-0.572,-0.4948,-0.4117,-0.2815,-0.2072,-0.2847,-0.3643,-0.4031,-0.4157,-0.4142,-0.4063,-0.3972,-0.39,-0.386,-0.3851,-0.6972,-0.7061,-0.7037,-0.6822,-0.6399,-0.5912,-0.5551,-0.5227,-0.4419,-0.3131,-0.2229,-0.2246,-0.2546,-0.2106,-0.4991,-0.7541,-1.4172,-1.0427,-0.8992,-0.6688,-0.4545,-0.3852,-0.3923,-0.3754,-0.3059,-0.2573,-0.3125,-0.3765,-0.407,-0.412,-0.4024,-0.3869,-0.3725,-0.3635,-0.3608,-0.3629,-0.6407,-0.6384,-0.6268,-0.6032,-0.5687,-0.5281,-0.4844,-0.4279,-0.337,-0.1949,-0.0032,-0.0979,-0.1692,-0.2654,-0.4484,-0.8092,-1.1913,-0.8196,-0.56,-0.3546,-0.1179,-0.1575,-0.2929,-0.3537,-0.3646,-0.3666,-0.3927,-0.4205,-0.4277,-0.4145,-0.3883,-0.3585,-0.3354,-0.3251,-0.3267,-0.3351,-0.5941,-0.5857,-0.5701,-0.5464,-0.5148,-0.4763,-0.4301,-0.37,-0.2862,-0.1665,-0.0253,-0.0862,-0.102,-0.103,-0.2714,-0.4304,-0.5114,-0.3572,-0.1785,-0.1485,-0.0511,-0.1019,-0.2467,-0.3443,-0.4104,-0.4585,-0.4864,-0.4864,-0.4623,-0.4204,-0.3661,-0.3112,-0.275,-0.2677,-0.2811,-0.3018,-0.5561,-0.5444,-0.5272,-0.5037,-0.4739,-0.4377,-0.3941,-0.3407,-0.2757,-0.2033,-0.1469,-0.1279,-0.0771,-0.0472,0.0104,0.0353,-0.0801,0.0788,0.3279,0.0712,-0.0638,-0.1424,-0.2443,-0.357,-0.4756,-0.5839,-0.6215,-0.579,-0.5088,-0.4266,-0.3298,-0.2322,-0.1778,-0.1863,-0.2257,-0.2662,-0.5251,-0.5119,-0.4941,-0.4714,-0.4435,-0.4104,-0.3715,-0.3268,-0.2773,-0.2274,-0.1838,-0.143,-0.082,0.0611,0.5611,0.7826,0.2224,0.1786,0.3044,0.2502,0.064,-0.1006,-0.2327,-0.3759,-0.5576,-0.76,-0.8049,-0.6827,-0.5579,-0.4332,-0.2865,-0.1285,-0.0541,-0.0983,-0.1752,-0.2373,-0.5,-0.486,-0.4684,-0.4468,-0.4211,-0.3912,-0.3573,-0.3197,-0.2795,-0.2384,-0.1962,-0.1459,-0.064,0.1168,0.5043,0.6287,0.2666,0.1934,0.4249,0.545,0.1819,-0.0493,-0.2024,-0.3677,-0.5822,-0.8063,-0.8518,-0.7374,-0.5934,-0.4422,-0.2733,-0.0858,-0.0024,-0.066,-0.1579,-0.2269,-0.4795,-0.4654,-0.4484,-0.4281,-0.4046,-0.3778,-0.3481,-0.3157,-0.2812,-0.2445,-0.2039,-0.1531,-0.0783,0.0404,0.1861,0.2279,0.1524,0.1516,0.2811,0.3177,0.1277,-0.0219,-0.1332,-0.3043,-0.5368,-0.7637,-0.9258,-0.8304,-0.6052,-0.4373,-0.3025,-0.1658,-0.0946,-0.1233,-0.185,-0.2384,-0.4628,-0.449,-0.4327,-0.4139,-0.3924,-0.3685,-0.3422,-0.3138,-0.2833,-0.2503,-0.2133,-0.1688,-0.1122,-0.0431,0.0216,0.0503,0.0484,0.0621,0.0986,0.0968,0.0488,0.0536,0.036,-0.1737,-0.4625,-0.7714,-1.0652,-0.8652,-0.4923,-0.3589,-0.3101,-0.2511,-0.2071,-0.206,-0.2317,-0.2627,-0.4492,-0.4359,-0.4206,-0.4031,-0.3836,-0.3621,-0.3387,-0.3135,-0.2865,-0.2573,-0.2251,-0.1887,-0.1474,-0.1039,-0.0662,-0.0426,-0.0302,-0.018,-0.0052,0.0002,0.0247,0.1358,0.1776,-0.0687,-0.3641,-0.6059,-0.7228,-0.5077,-0.18,-0.2054,-0.2741,-0.2818,-0.2683,-0.2635,-0.2722,-0.2879,-0.4382,-0.4255,-0.4111,-0.395,-0.3773,-0.3579,-0.337,-0.3146,-0.2908,-0.2654,-0.238,-0.2087,-0.1779,-0.1477,-0.1216,-0.1023,-0.0889,-0.0784,-0.0689,-0.0562,-0.0217,0.0462,0.0485,-0.1066,-0.3038,-0.4469,-0.4731,-0.3205,-0.1352,-0.1737,-0.2568,-0.2898,-0.2951,-0.2955,-0.2997,-0.3081]},{"header":{"la1":42.85,"la2":41.18,"lo1":11.55,"lo2":14.05,"nx":36,"ny":24,"dx":0.07143,"dy":0.07261,"parameterCategory":2,"parameterNumber":3,"parameterNumberName":"northward_wind","parameterUnit":"m.s-1"},"data":[-0.7133,-0.7105,-0.7062,-0.7004,-0.6929,-0.6839,-0.6738,-0.6632,-0.652,-0.6399,-0.6258,-0.6085,-0.587,-0.561,-0.5307,-0.4971,-0.4617,-0.4268,-0.3946,-0.3674,-0.347,-0.3347,-0.3313,-0.3362,-0.3474,-0.3625,-0.3793,-0.3964,-0.4132,-0.4292,-0.4444,-0.4586,-0.4719,-0.4844,-0.4959,-0.5066,-0.722,-0.7195,-0.7153,-0.7089,-0.7002,-0.6895,-0.6777,-0.6658,-0.6549,-0.6442,-0.6318,-0.6152,-0.5928,-0.5638,-0.5283,-0.4874,-0.4433,-0.3992,-0.3589,-0.3252,-0.3001,-0.2858,-0.2842,-0.2947,-0.3134,-0.3358,-0.3589,-0.381,-0.4016,-0.4207,-0.4382,-0.4544,-0.4694,-0.4832,-0.4959,-0.5075,-0.7313,-0.7293,-0.7251,-0.7181,-0.7075,-0.6935,-0.6776,-0.6629,-0.6522,-0.6451,-0.6373,-0.6238,-0.6017,-0.5698,-0.5283,-0.4781,-0.4218,-0.3647,-0.3134,-0.2722,-0.2412,-0.223,-0.2242,-0.2446,-0.2754,-0.3082,-0.339,-0.3667,-0.3914,-0.4135,-0.4335,-0.4517,-0.4682,-0.4833,-0.4972,-0.5098,-0.7409,-0.7397,-0.736,-0.7284,-0.7151,-0.6952,-0.6703,-0.6474,-0.6362,-0.6377,-0.641,-0.6349,-0.615,-0.5809,-0.5328,-0.4707,-0.3969,-0.3196,-0.2531,-0.2064,-0.1708,-0.1435,-0.1479,-0.1867,-0.2363,-0.2823,-0.3216,-0.355,-0.3836,-0.4086,-0.4308,-0.4507,-0.4688,-0.4852,-0.5001,-0.5136,-0.7505,-0.7507,-0.7482,-0.7408,-0.7248,-0.6957,-0.6516,-0.6052,-0.5888,-0.6124,-0.6417,-0.6502,-0.6351,-0.5999,-0.5454,-0.4695,-0.3704,-0.2572,-0.1633,-0.1226,-0.0996,-0.0539,-0.0617,-0.1319,-0.2046,-0.2632,-0.3097,-0.3474,-0.379,-0.4063,-0.4304,-0.452,-0.4715,-0.4891,-0.505,-0.5193,-0.7594,-0.7614,-0.7613,-0.7561,-0.7399,-0.7014,-0.6243,-0.5157,-0.4749,-0.5594,-0.6443,-0.6744,-0.6648,-0.6298,-0.572,-0.4838,-0.3534,-0.1765,-0.0096,0.0047,-0.0502,-0.013,-0.0233,-0.1108,-0.1924,-0.2558,-0.3052,-0.3451,-0.3784,-0.4073,-0.4328,-0.4558,-0.4766,-0.4954,-0.5123,-0.5273,-0.7665,-0.7704,-0.7739,-0.7735,-0.7628,-0.7263,-0.6257,-0.4257,-0.3272,-0.5242,-0.6743,-0.7163,-0.7066,-0.6737,-0.6197,-0.5291,-0.3771,-0.1367,0.1497,0.1396,-0.0186,-0.0494,-0.0716,-0.133,-0.2016,-0.2605,-0.3086,-0.3483,-0.382,-0.4116,-0.4382,-0.4624,-0.4845,-0.5044,-0.5223,-0.538,-0.7701,-0.7752,-0.7836,-0.7892,-0.7861,-0.7743,-0.7153,-0.5695,-0.499,-0.6597,-0.768,-0.7812,-0.7593,-0.7323,-0.6977,-0.6222,-0.4712,-0.2443,-0.0126,0.0266,0.0142,-0.0097,-0.0845,-0.1557,-0.2194,-0.2734,-0.3183,-0.3562,-0.3893,-0.4192,-0.4467,-0.4722,-0.4956,-0.5168,-0.5356,-0.552,-0.7688,-0.7717,-0.7867,-0.8038,-0.7924,-0.8221,-0.8566,-0.8628,-0.8871,-0.9325,-0.9164,-0.8597,-0.8132,-0.8009,-0.8236,-0.7916,-0.6205,-0.4052,-0.2173,-0.0559,0.1623,0.1181,-0.063,-0.1715,-0.2403,-0.2912,-0.3323,-0.3675,-0.3995,-0.4296,-0.4583,-0.4854,-0.5105,-0.5332,-0.5531,-0.57,-0.7629,-0.7531,-0.7485,-0.7501,-0.7402,-0.851,-0.9942,-1.117,-1.2477,-1.2704,-1.0916,-0.9301,-0.8514,-0.8564,-1.0155,-1.1112,-0.7696,-0.507,-0.3279,-0.1475,0.0526,0.0344,-0.1083,-0.2057,-0.2679,-0.3127,-0.3487,-0.3807,-0.4116,-0.4424,-0.4731,-0.5027,-0.5302,-0.5549,-0.5759,-0.5931,-0.7585,-0.7288,-0.6552,-0.4905,-0.5433,-0.8712,-1.1439,-1.327,-1.5703,-1.6988,-1.232,-0.9612,-0.8639,-0.8584,-0.9903,-1.1154,-0.7359,-0.512,-0.3888,-0.2765,-0.1776,-0.1565,-0.201,-0.2549,-0.3002,-0.3358,-0.3653,-0.3938,-0.4244,-0.4574,-0.4916,-0.5252,-0.5563,-0.5835,-0.6057,-0.6229,-0.7652,-0.7335,-0.6543,-0.5147,-0.5917,-0.9863,-1.3518,-1.5592,-1.5502,-1.5156,-1.167,-0.9376,-0.8684,-0.9035,-0.8285,-0.6803,-0.5245,-0.4567,-0.4207,-0.344,-0.2788,-0.2521,-0.2627,-0.2941,-0.3297,-0.3576,-0.3793,-0.4045,-0.4368,-0.4746,-0.515,-0.5549,-0.5913,-0.6217,-0.6451,-0.6613,-0.784,-0.7715,-0.7478,-0.7418,-0.8612,-1.1489,-1.5095,-1.8061,-1.6324,-1.2967,-1.0379,-0.9085,-0.8649,-0.9366,-0.7941,-0.3843,-0.2825,-0.4859,-0.4996,-0.3529,-0.2868,-0.2645,-0.2763,-0.3122,-0.3545,-0.3782,-0.3887,-0.4114,-0.4487,-0.4953,-0.546,-0.5958,-0.6397,-0.6742,-0.6979,-0.7113,-0.8055,-0.8135,-0.8301,-0.8776,-0.9915,-1.1856,-1.4316,-1.6414,-1.5202,-1.1664,-0.948,-0.9192,-0.9176,-0.7779,-0.4087,0.1768,0.1201,-0.2264,-0.3508,-0.2776,-0.2206,-0.2078,-0.2446,-0.3073,-0.3718,-0.395,-0.3923,-0.4155,-0.4621,-0.5226,-0.5893,-0.6543,-0.7092,-0.7482,-0.7698,-0.7768,-0.8209,-0.8398,-0.8704,-0.923,-1.0077,-1.1223,-1.2417,-1.2985,-1.1955,-0.9956,-0.8589,-0.8008,-0.7296,-0.6119,-0.2448,0.351,0.8204,0.1518,-0.1418,-0.1482,-0.0428,-0.0469,-0.1614,-0.272,-0.3518,-0.3829,-0.3886,-0.4195,-0.4797,-0.5607,-0.6525,-0.7416,-0.8126,-0.8552,-0.8692,-0.8622,-0.827,-0.8485,-0.8786,-0.9207,-0.975,-1.034,-1.0772,-1.0712,-0.9936,-0.8785,-0.8024,-0.7199,-0.728,-0.6495,-0.3577,0.1425,0.5461,0.0908,-0.1465,-0.0333,0.3683,0.2672,-0.0514,-0.2223,-0.3045,-0.3424,-0.3681,-0.4159,-0.4987,-0.6127,-0.7465,-0.8769,-0.9725,-1.0135,-1.0063,-0.9715,-0.8248,-0.8443,-0.8687,-0.898,-0.9297,-0.9569,-0.9674,-0.9486,-0.8985,-0.8376,-0.8012,-0.7915,-0.986,-1.0587,-0.5908,-0.286,-0.1613,-0.2918,-0.394,-0.1389,0.4208,0.2987,-0.0468,-0.2057,-0.2613,-0.2765,-0.3046,-0.3816,-0.5085,-0.6787,-0.885,-1.091,-1.2256,-1.2482,-1.1902,-1.1039,-0.8169,-0.8327,-0.8505,-0.8694,-0.8867,-0.8976,-0.8965,-0.8796,-0.8499,-0.8199,-0.8068,-0.8431,-1.0507,-1.0784,-0.7217,-0.5628,-0.4856,-0.654,-0.9075,-0.4869,-0.1418,-0.077,-0.1696,-0.2278,-0.2081,-0.1353,-0.1393,-0.2887,-0.5002,-0.7538,-1.0754,-1.4205,-1.6161,-1.5741,-1.4119,-1.2452,-0.8056,-0.8175,-0.8297,-0.8412,-0.8498,-0.8529,-0.8481,-0.8348,-0.8161,-0.7989,-0.7926,-0.8089,-0.8443,-0.8112,-0.7568,-0.7606,-0.6173,-0.6706,-0.7657,-0.5211,-0.3756,-0.2982,-0.2846,-0.2615,-0.1422,0.1284,0.1845,-0.1652,-0.495,-0.8244,-1.2753,-1.8251,-2.0976,-1.9211,-1.612,-1.3586,-0.7927,-0.8012,-0.8091,-0.8155,-0.8191,-0.8184,-0.8124,-0.8015,-0.7877,-0.7744,-0.7653,-0.7613,-0.7544,-0.7337,-0.7361,-0.7316,-0.6272,-0.567,-0.4676,-0.4146,-0.4241,-0.3893,-0.3627,-0.3162,-0.1775,0.1548,0.2318,-0.242,-0.5563,-0.8682,-1.3428,-1.9867,-2.2962,-2.0469,-1.6783,-1.3968,-0.7794,-0.7851,-0.7899,-0.7929,-0.7934,-0.7907,-0.7843,-0.7746,-0.7627,-0.7502,-0.738,-0.7257,-0.7106,-0.6927,-0.6774,-0.6503,-0.596,-0.5377,-0.4763,-0.4471,-0.4462,-0.4379,-0.4259,-0.3981,-0.3506,-0.3471,-0.5475,-0.5928,-0.6869,-0.8875,-1.2177,-1.6776,-1.9373,-1.8171,-1.5648,-1.3441,-0.7664,-0.77,-0.7724,-0.7732,-0.7718,-0.7679,-0.7612,-0.7521,-0.741,-0.7285,-0.715,-0.7001,-0.6831,-0.664,-0.6423,-0.6141,-0.577,-0.5368,-0.501,-0.4792,-0.4719,-0.4747,-0.4756,-0.4671,-0.485,-0.5994,-0.7816,-0.7537,-0.8357,-0.9321,-1.0726,-1.303,-1.4746,-1.4745,-1.366,-1.236,-0.7541,-0.756,-0.7568,-0.756,-0.7534,-0.7488,-0.742,-0.7331,-0.7224,-0.7102,-0.6965,-0.6812,-0.6641,-0.6449,-0.6233,-0.5982,-0.5699,-0.5411,-0.516,-0.4983,-0.4894,-0.4886,-0.4893,-0.4975,-0.5393,-0.6279,-0.7279,-0.853,-1.0457,-1.0259,-1.0123,-1.0953,-1.1878,-1.2178,-1.1846,-1.1201,-0.7427,-0.7433,-0.7428,-0.7411,-0.7377,-0.7326,-0.7257,-0.7171,-0.7068,-0.695,-0.6817,-0.667,-0.6506,-0.6326,-0.6129,-0.5914,-0.5689,-0.5469,-0.5276,-0.5127,-0.5027,-0.4972,-0.4988,-0.5186,-0.5655,-0.6411,-0.7458,-0.9114,-1.0729,-1.0397,-0.9839,-0.9969,-1.0365,-1.0594,-1.052,-1.0218]}]