docs/data/wind_grid.json
{"header": {"la1":42.1,"la2":41.55,"lo1":12.1,"lo2":12.95,"nx":50,"ny":50,"dx":0.01735,"dy":0.01122,"parameterCategory":2,"parameterNumber":3,"parameterNumberName":"northward_wind","parameterUnit":"m.s-1"}, "data":
[rows 0 to 45 of 50, columns 0 to 49 of 50]
1.8342,1.8329,1.8314,1.8296,1.8275,1.8252,1.8226,1.8197,1.8165,1.8131,1.8095,1.8057,1.8016,1.7973,1.7928,1.788,1.7829,1.7772,1.771,1.7639,1.7556,1.746,1.7345,1.7208,1.7045,1.6851,1.662,1.6347,1.6028,1.5658,1.5234,1.4758,1.4232,1.3665,1.3073,1.2474,1.1895,1.1363,1.0902,1.0534,1.0272,1.0119,1.007,1.0112,1.0229,1.0405,1.0622,1.0867,1.1127,1.1393
1.8374,1.8363,1.8348,1.8331,1.831,1.8287,1.8261,1.8232,1.8201,1.8167,1.813,1.8092,1.8052,1.801,1.7966,1.792,1.7871,1.7817,1.7758,1.7691,1.7613,1.752,1.741,1.7276,1.7115,1.6921,1.6688,1.641,1.6081,1.5696,1.5251,1.4744,1.4179,1.3564,1.2916,1.2258,1.1618,1.103,1.0524,1.0126,0.9851,0.9701,0.9669,0.9739,0.9891,1.0104,1.0359,1.064,1.0933,1.1229
1.8408,1.8397,1.8383,1.8366,1.8346,1.8323,1.8297,1.8268,1.8237,1.8202,1.8166,1.8127,1.8087,1.8046,1.8003,1.7959,1.7912,1.7862,1.7807,1.7744,1.7671,1.7584,1.7477,1.7348,1.719,1.6997,1.6764,1.6482,1.6145,1.5745,1.5279,1.4741,1.4136,1.347,1.2761,1.2035,1.1327,1.0675,1.0119,0.9688,0.9399,0.9256,0.9246,0.935,0.9542,0.9798,1.0095,1.0415,1.0743,1.107
1.8443,1.8432,1.8419,1.8403,1.8383,1.8361,1.8335,1.8305,1.8273,1.8238,1.8201,1.8163,1.8123,1.8082,1.804,1.7997,1.7954,1.7907,1.7856,1.7799,1.7731,1.7649,1.7548,1.7423,1.7269,1.7079,1.6846,1.6562,1.6219,1.5807,1.532,1.4753,1.4105,1.3385,1.261,1.1809,1.1024,1.0302,0.9688,0.922,0.8918,0.8784,0.8803,0.8947,0.9185,0.9489,0.9833,1.0194,1.056,1.0918
1.8478,1.8469,1.8456,1.8441,1.8421,1.8399,1.8373,1.8343,1.831,1.8275,1.8237,1.8198,1.8158,1.8117,1.8076,1.8035,1.7994,1.7951,1.7905,1.7853,1.7791,1.7715,1.7621,1.7502,1.7353,1.7167,1.6937,1.6652,1.6304,1.5883,1.5377,1.4781,1.4092,1.3315,1.2469,1.1586,1.0715,0.9911,0.9233,0.8725,0.8411,0.829,0.8343,0.8534,0.8826,0.9183,0.9576,0.9983,1.0387,1.0778
1.8515,1.8506,1.8495,1.848,1.8461,1.8438,1.8412,1.8382,1.8349,1.8312,1.8274,1.8234,1.8193,1.8152,1.8111,1.8072,1.8033,1.7995,1.7954,1.7907,1.7852,1.7784,1.7696,1.7584,1.7441,1.726,1.7034,1.6751,1.6402,1.5973,1.5453,1.483,1.41,1.3265,1.2344,1.1372,1.0405,0.951,0.8759,0.8207,0.7881,0.7779,0.7872,0.8118,0.8469,0.8885,0.9331,0.9784,1.0227,1.0651
1.8552,1.8545,1.8534,1.852,1.8501,1.8479,1.8452,1.8422,1.8388,1.835,1.831,1.8269,1.8227,1.8185,1.8145,1.8107,1.8072,1.8037,1.8001,1.7962,1.7914,1.7853,1.7773,1.7668,1.7532,1.7358,1.7137,1.6859,1.6511,1.6079,1.5548,1.4903,1.4134,1.3243,1.2244,1.1176,1.0103,0.9108,0.8275,0.7673,0.7337,0.7259,0.7401,0.7708,0.8124,0.8602,0.9103,0.9603,1.0086,1.0542
1.8591,1.8585,1.8575,1.8561,1.8543,1.8521,1.8494,1.8463,1.8428,1.8389,1.8348,1.8304,1.8261,1.8218,1.8178,1.8141,1.8108,1.8077,1.8048,1.8016,1.7976,1.7924,1.7852,1.7754,1.7626,1.7459,1.7245,1.6974,1.6632,1.6201,1.5665,1.5003,1.4202,1.3257,1.218,1.1012,0.9824,0.8716,0.7792,0.7138,0.6792,0.6743,0.694,0.7315,0.7801,0.8343,0.8901,0.9447,0.9967,1.0453
1.863,1.8625,1.8617,1.8604,1.8587,1.8565,1.8538,1.8506,1.847,1.8429,1.8386,1.834,1.8294,1.825,1.8209,1.8173,1.8142,1.8116,1.8093,1.8069,1.8039,1.7995,1.7931,1.7842,1.7721,1.7562,1.7357,1.7096,1.6764,1.6341,1.5806,1.5136,1.4309,1.3316,1.2164,1.0894,0.9585,0.8354,0.7331,0.6618,0.6263,0.6248,0.6506,0.6954,0.7512,0.8119,0.8731,0.9322,0.9876,1.0389
1.8671,1.8668,1.8661,1.8649,1.8633,1.8611,1.8584,1.8551,1.8513,1.847,1.8424,1.8376,1.8328,1.8281,1.8238,1.8202,1.8173,1.8152,1.8136,1.8122,1.8101,1.8067,1.8012,1.793,1.7816,1.7666,1.7472,1.7224,1.6905,1.6497,1.5972,1.5303,1.4463,1.3432,1.2212,1.0841,0.9408,0.8047,0.6915,0.6141,0.5777,0.5798,0.6121,0.6642,0.7271,0.794,0.8602,0.9233,0.9818,1.0352
1.8713,1.8712,1.8706,1.8696,1.868,1.8659,1.8632,1.8598,1.8558,1.8514,1.8464,1.8413,1.8361,1.8311,1.8266,1.8229,1.8202,1.8185,1.8178,1.8174,1.8165,1.8141,1.8095,1.8019,1.7911,1.7768,1.7586,1.7354,1.7056,1.6669,1.6165,1.551,1.467,1.3616,1.2341,1.0878,0.9321,0.7826,0.6581,0.5739,0.5366,0.5423,0.5809,0.6401,0.7095,0.7818,0.8524,0.9187,0.9795,1.0347
1.8756,1.8757,1.8753,1.8745,1.873,1.871,1.8682,1.8648,1.8606,1.8559,1.8506,1.845,1.8394,1.8339,1.8291,1.8252,1.8226,1.8215,1.8216,1.8225,1.823,1.8218,1.8179,1.8108,1.8004,1.7868,1.7699,1.7486,1.7213,1.6857,1.6385,1.5758,1.4935,1.3878,1.2566,1.1027,0.9356,0.7729,0.6368,0.5456,0.5069,0.5158,0.5599,0.6251,0.7,0.7766,0.8504,0.919,0.9814,1.0376
1.8801,1.8804,1.8802,1.8796,1.8783,1.8763,1.8736,1.87,1.8657,1.8607,1.855,1.8489,1.8427,1.8367,1.8314,1.8272,1.8247,1.824,1.8252,1.8275,1.8297,1.8298,1.8266,1.8196,1.8093,1.7962,1.7806,1.7616,1.7375,1.7059,1.6632,1.605,1.5265,1.4228,1.2905,1.1313,0.9547,0.7799,0.6324,0.5339,0.493,0.5039,0.552,0.6215,0.7,0.7793,0.8549,0.9246,0.9876,1.044
1.8847,1.8853,1.8854,1.8849,1.8838,1.8819,1.8793,1.8757,1.8712,1.8658,1.8597,1.8531,1.8462,1.8395,1.8335,1.8289,1.8262,1.826,1.8283,1.8325,1.8368,1.8386,1.8359,1.8285,1.8177,1.8048,1.7905,1.7741,1.754,1.7274,1.6906,1.6388,1.5664,1.4673,1.3371,1.1759,0.9926,0.8078,0.6499,0.5438,0.4995,0.5104,0.5599,0.6311,0.7109,0.7908,0.8665,0.9359,0.9984,1.0541
1.8894,1.8903,1.8907,1.8905,1.8896,1.888,1.8854,1.8817,1.8771,1.8714,1.8648,1.8575,1.8498,1.8422,1.8354,1.8301,1.8271,1.8272,1.8308,1.8373,1.8444,1.8482,1.8459,1.8374,1.8253,1.8122,1.7993,1.786,1.7705,1.75,1.7206,1.6771,1.6132,1.5219,1.3973,1.2379,1.0517,0.8599,0.6933,0.5795,0.5302,0.5381,0.5858,0.6554,0.7334,0.8116,0.8854,0.953,1.0138,1.068
1.8943,1.8955,1.8963,1.8964,1.8958,1.8944,1.8919,1.8883,1.8835,1.8775,1.8703,1.8623,1.8537,1.8451,1.8372,1.8309,1.8273,1.8275,1.8324,1.8418,1.8526,1.8593,1.8569,1.8461,1.8317,1.8181,1.8067,1.7969,1.7869,1.7737,1.7532,1.72,1.6671,1.5865,1.4712,1.3179,1.1332,0.9382,0.765,0.6438,0.5872,0.5886,0.6305,0.6947,0.7679,0.8417,0.9116,0.9758,1.0337,1.0855
1.8993,1.9009,1.902,1.9026,1.9024,1.9012,1.8989,1.8954,1.8905,1.8841,1.8764,1.8675,1.8579,1.8481,1.8389,1.8313,1.8266,1.8265,1.8326,1.8453,1.8613,1.8721,1.8691,1.8542,1.8364,1.8219,1.8124,1.8068,1.8032,1.7985,1.7885,1.7674,1.7278,1.6609,1.5582,1.415,1.2363,1.0421,0.865,0.7363,0.6704,0.6617,0.6936,0.7486,0.8137,0.8805,0.9447,1.0041,1.0579,1.1064
1.9045,1.9065,1.9081,1.9091,1.9093,1.9085,1.9065,1.9032,1.8982,1.8915,1.8832,1.8735,1.8627,1.8515,1.8407,1.8314,1.8251,1.824,1.8305,1.8465,1.8694,1.8863,1.8819,1.8606,1.8382,1.8231,1.8161,1.8156,1.8193,1.8243,1.8262,1.8191,1.7949,1.744,1.6568,1.527,1.358,1.1683,0.9897,0.8538,0.7766,0.7546,0.7729,0.8154,0.8696,0.9273,0.9839,1.0371,1.086,1.1304
1.9097,1.9122,1.9143,1.9158,1.9166,1.9163,1.9148,1.9116,1.9067,1.8998,1.8909,1.8802,1.8681,1.8553,1.8426,1.8313,1.8228,1.8196,1.8251,1.8432,1.8738,1.8993,1.8926,1.8624,1.8355,1.8211,1.8178,1.8233,1.8354,1.8512,1.8665,1.8749,1.8677,1.8345,1.7644,1.6501,1.4932,1.3105,1.1323,0.9899,0.9004,0.8628,0.865,0.8926,0.9337,0.9806,1.0283,1.0743,1.1174,1.1571
1.915,1.9181,1.9208,1.9229,1.9243,1.9247,1.9237,1.9209,1.9161,1.909,1.8995,1.8878,1.8743,1.8598,1.8451,1.8312,1.8198,1.8132,1.8153,1.832,1.8674,1.9026,1.8928,1.8543,1.8264,1.8153,1.8175,1.8302,1.8514,1.8791,1.9088,1.934,1.9448,1.9299,1.8775,1.7789,1.6348,1.4603,1.284,1.136,1.0343,0.9805,0.9654,0.9767,1.0037,1.0387,1.0766,1.1148,1.1515,1.1859
1.9204,1.9241,1.9274,1.9303,1.9325,1.9336,1.9333,1.9311,1.9266,1.9194,1.9093,1.8965,1.8815,1.8651,1.8481,1.8316,1.8166,1.8053,1.801,1.8097,1.8388,1.8756,1.8658,1.8297,1.8092,1.806,1.8157,1.8364,1.8676,1.9078,1.9528,1.9952,2.0244,2.0273,1.9913,1.9071,1.7749,1.6087,1.4352,1.2829,1.1703,1.1012,1.0693,1.0644,1.077,1.0997,1.1276,1.1575,1.1875,1.2165
1.9258,1.9301,1.9342,1.9379,1.941,1.9431,1.9437,1.9423,1.9383,1.9311,1.9205,1.9065,1.8898,1.8713,1.852,1.8327,1.8139,1.7968,1.7833,1.7767,1.7815,1.7962,1.7959,1.7861,1.7851,1.7941,1.8128,1.8424,1.8838,1.9367,1.9971,2.0567,2.1033,2.1224,2.1003,2.0279,1.9055,1.7469,1.577,1.4225,1.3013,1.2192,1.1722,1.1522,1.1511,1.1619,1.1798,1.2015,1.2247,1.2482
1.9313,1.9363,1.9412,1.9458,1.9499,1.9531,1.9549,1.9545,1.9513,1.9444,1.9333,1.918,1.8993,1.8785,1.8569,1.8349,1.8125,1.7894,1.7656,1.7402,1.7109,1.6877,1.7031,1.7339,1.7583,1.7815,1.81,1.8484,1.8999,1.9651,2.0401,2.1156,2.1775,2.2099,2.1983,2.1344,2.0196,1.868,1.7027,1.5482,1.4216,1.3296,1.2702,1.2372,1.2237,1.2236,1.2321,1.2458,1.2624,1.2805
1.9367,1.9424,1.9482,1.9538,1.9591,1.9636,1.9668,1.9679,1.9658,1.9595,1.948,1.9311,1.91,1.8865,1.8625,1.8383,1.8131,1.7849,1.7518,1.7104,1.6571,1.6135,1.6361,1.6914,1.7351,1.7708,1.8082,1.8547,1.9153,1.9915,2.0792,2.1681,2.2422,2.2841,2.2793,2.2209,2.1122,1.9674,1.8081,1.6563,1.5277,1.4292,1.3605,1.317,1.2931,1.2833,1.2833,1.2896,1.3,1.3128
1.9419,1.9484,1.9552,1.9619,1.9685,1.9746,1.9795,1.9824,1.982,1.9766,1.9649,1.9462,1.9219,1.8949,1.8683,1.8427,1.8159,1.7845,1.7451,1.6947,1.6344,1.5917,1.6122,1.669,1.7205,1.764,1.8082,1.8614,1.9294,2.0143,2.1117,2.2103,2.2924,2.3398,2.3386,2.2838,2.1805,2.0432,1.8916,1.7451,1.6177,1.5163,1.4415,1.3902,1.3579,1.3399,1.3324,1.3322,1.3369,1.3448
1.947,1.9543,1.962,1.97,1.978,1.9859,1.9929,1.998,1.9998,1.9961,1.9845,1.9637,1.9351,1.9032,1.8734,1.847,1.8206,1.7886,1.7467,1.694,1.6374,1.6028,1.6181,1.6657,1.7159,1.7623,1.8106,1.8684,1.9415,2.0319,2.1351,2.2387,2.3243,2.3735,2.3737,2.3218,2.2245,2.0958,1.9537,1.8148,1.6915,1.5902,1.5122,1.4557,1.4171,1.3926,1.3789,1.3729,1.3725,1.376
1.9519,1.96,1.9687,1.9779,1.9875,1.9972,2.0066,2.0146,2.0194,2.0182,2.0075,1.9843,1.9497,1.9106,1.8762,1.8496,1.8259,1.7964,1.7557,1.7054,1.6562,1.6288,1.6388,1.6756,1.72,1.7655,1.8153,1.8753,1.9507,2.0432,2.1477,2.2515,2.3364,2.3845,2.385,2.3364,2.2461,2.1276,1.9964,1.8671,1.75,1.6513,1.5727,1.5132,1.4703,1.4409,1.4222,1.4114,1.4066,1.4061
1.9565,1.9654,1.975,1.9854,1.9966,2.0084,2.0204,2.0317,2.0404,2.0431,2.0346,2.0092,1.9664,1.9164,1.875,1.8487,1.8298,1.8058,1.7696,1.7245,1.6826,1.66,1.6655,1.6927,1.7302,1.7727,1.8218,1.8818,1.9568,2.0478,2.1494,2.2492,2.3297,2.3749,2.3754,2.3309,2.249,2.1418,2.0227,1.9041,1.7949,1.7007,1.6235,1.563,1.5175,1.4846,1.462,1.4473,1.4388,1.4348
1.9608,1.9703,1.9809,1.9925,2.0052,2.0191,2.0339,2.0489,2.0624,2.0705,2.0663,2.04,1.9867,1.9202,1.8682,1.8424,1.8305,1.8144,1.7851,1.7465,1.711,1.6914,1.6933,1.7131,1.7441,1.7826,1.8293,1.8873,1.9596,2.0461,2.1415,2.234,2.3078,2.349,2.3497,2.3102,2.2375,2.1422,2.0357,1.9284,1.828,1.7396,1.6653,1.6053,1.5587,1.5236,1.4981,1.4804,1.4688,1.462
1.9646,1.9748,1.9861,1.9988,2.0131,2.0289,2.0465,2.0654,2.0843,2.0994,2.1024,2.0781,2.013,1.9232,1.8558,1.8308,1.8275,1.8206,1.7992,1.7677,1.738,1.7205,1.7198,1.7341,1.7596,1.7938,1.8372,1.8918,1.9594,2.0393,2.1262,2.2094,2.2753,2.312,2.3131,2.2791,2.2159,2.1325,2.0385,1.9426,1.8514,1.7695,1.6991,1.6409,1.5943,1.5581,1.5307,1.5108,1.4967,1.4875
1.9679,1.9787,1.9907,2.0043,2.0198,2.0375,2.0576,2.0802,2.1045,2.1275,2.1404,2.1228,2.0477,1.9286,1.8417,1.8178,1.8229,1.8244,1.8107,1.7862,1.7617,1.7462,1.7438,1.7542,1.7751,1.8052,1.8447,1.8949,1.9567,2.0288,2.106,2.1791,2.2367,2.269,2.2706,2.242,2.188,2.116,2.0339,1.9489,1.867,1.7919,1.7261,1.6705,1.6248,1.5883,1.5598,1.5383,1.5224,1.5112
1.9707,1.9819,1.9945,2.0088,2.0253,2.0443,2.0665,2.092,2.121,2.1513,2.1748,2.1681,2.0891,1.9424,1.8354,1.8108,1.8208,1.8276,1.8198,1.8013,1.7815,1.768,1.7649,1.7724,1.7897,1.816,1.8515,1.8968,1.9522,2.0159,2.0833,2.1464,2.1959,2.2239,2.2261,2.2025,2.1569,2.0953,2.0241,1.9495,1.8763,1.8082,1.7473,1.6947,1.6506,1.6145,1.5857,1.5631,1.5459,1.5332
1.9729,1.9843,1.9973,2.0122,2.0293,2.0492,2.0726,2.1001,2.132,2.167,2.198,2.2009,2.1257,1.9672,1.8474,1.8172,1.8251,1.8324,1.8277,1.8137,1.7978,1.7863,1.7829,1.7885,1.8029,1.8258,1.8573,1.8976,1.9464,2.0019,2.0598,2.1136,2.1557,2.1798,2.1822,2.1629,2.1248,2.0725,2.0112,1.9459,1.881,1.8195,1.7636,1.7144,1.6723,1.6372,1.6084,1.5854,1.5673,1.5535
1.9744,1.9861,1.9993,2.0143,2.0317,2.0519,2.0757,2.1037,2.1362,2.1721,2.2043,2.2097,2.1417,1.995,1.8763,1.8371,1.8364,1.8398,1.8355,1.8243,1.8113,1.8015,1.7982,1.8025,1.8146,1.8344,1.862,1.8974,1.9399,1.9877,2.0369,2.0823,2.1179,2.1383,2.1408,2.1251,2.0933,2.049,1.9964,1.9396,1.8822,1.827,1.776,1.7303,1.6905,1.6566,1.6284,1.6052,1.5867,1.572
1.9754,1.9871,2.0002,2.0152,2.0325,2.0524,2.0757,2.1028,2.1337,2.1665,2.1939,2.1949,2.1347,2.0141,1.9094,1.8634,1.8523,1.8495,1.8437,1.8337,1.8227,1.8143,1.8111,1.8144,1.8246,1.8417,1.8657,1.8965,1.9331,1.9738,2.0154,2.0535,2.0832,2.1004,2.1028,2.09,2.0635,2.0259,1.9808,1.9314,1.8808,1.8314,1.7851,1.7429,1.7056,1.6732,1.6458,1.6229,1.6041,1.589
1.9758,1.9873,2.0002,2.0149,2.0317,2.0509,2.0729,2.0979,2.1253,2.1527,2.1722,2.1669,2.1148,2.0216,1.9359,1.8884,1.8692,1.8604,1.8522,1.8424,1.8325,1.8251,1.8221,1.8246,1.8331,1.8478,1.8685,1.895,1.9263,1.9608,1.9957,2.0274,2.0521,2.0665,2.0686,2.058,2.0358,2.004,1.9652,1.9223,1.8777,1.8336,1.7916,1.7529,1.718,1.6874,1.6609,1.6385,1.6198,1.6044
1.9755,1.9868,1.9993,2.0135,2.0294,2.0474,2.0676,2.0898,2.1129,2.1339,2.1457,2.1356,2.0917,2.021,1.9529,1.9083,1.8845,1.871,1.8605,1.8504,1.8412,1.8344,1.8314,1.8333,1.8404,1.8528,1.8706,1.8932,1.9197,1.9488,1.9779,2.0041,2.0245,2.0364,2.0382,2.0293,2.0105,1.9834,1.9501,1.9127,1.8734,1.8341,1.7961,1.7606,1.7283,1.6994,1.6741,1.6523,1.6338,1.6184
1.9747,1.9856,1.9976,2.011,2.026,2.0425,2.0605,2.0795,2.0981,2.1132,2.1187,2.1063,2.07,2.0159,1.9621,1.9222,1.8969,1.8806,1.8683,1.8578,1.8488,1.8424,1.8394,1.8406,1.8464,1.8569,1.872,1.8911,1.9135,1.9378,1.9619,1.9836,2.0004,2.0101,2.0113,2.0037,1.9877,1.9645,1.9357,1.9031,1.8684,1.8333,1.7991,1.7666,1.7367,1.7096,1.6855,1.6645,1.6464,1.6311
1.9734,1.9838,1.9952,2.0078,2.0215,2.0363,2.052,2.0679,2.0823,2.0925,2.0938,2.0807,2.0507,2.0088,1.9659,1.931,1.9062,1.8886,1.8753,1.8644,1.8556,1.8493,1.8462,1.8468,1.8515,1.8602,1.8728,1.8889,1.9077,1.9279,1.9478,1.9656,1.9793,1.987,1.9878,1.9811,1.9674,1.9473,1.9223,1.8937,1.8631,1.8318,1.8008,1.7712,1.7435,1.7181,1.6954,1.6752,1.6576,1.6425
1.9716,1.9815,1.9922,2.0038,2.0162,2.0294,2.0428,2.0557,2.0666,2.073,2.0715,2.0589,2.0341,2.0008,1.9661,1.936,1.9127,1.895,1.8812,1.8702,1.8614,1.8552,1.852,1.8521,1.8557,1.8628,1.8733,1.8867,1.9023,1.919,1.9354,1.9499,1.9609,1.967,1.9672,1.9613,1.9492,1.9318,1.9099,1.8848,1.8577,1.8296,1.8017,1.7746,1.749,1.7254,1.7039,1.6846,1.6677,1.6529
1.9694,1.9787,1.9887,1.9993,2.0104,2.0219,2.0332,2.0436,2.0516,2.0552,2.0521,2.0403,2.0196,1.9927,1.9642,1.9383,1.9169,1.8998,1.8861,1.8751,1.8665,1.8603,1.8569,1.8565,1.8591,1.8649,1.8735,1.8845,1.8974,1.9111,1.9244,1.9361,1.9449,1.9495,1.9493,1.9438,1.9332,1.9179,1.8986,1.8764,1.8523,1.8271,1.8018,1.7771,1.7535,1.7315,1.7112,1.6929,1.6766,1.6622
1.9669,1.9756,1.9847,1.9944,2.0043,2.0142,2.0236,2.0318,2.0375,2.0392,2.0352,2.0244,2.0069,1.9848,1.9611,1.9387,1.9193,1.9032,1.8899,1.8792,1.8707,1.8646,1.861,1.8601,1.8619,1.8664,1.8733,1.8824,1.8928,1.904,1.9148,1.9241,1.931,1.9344,1.9337,1.9285,1.919,1.9054,1.8884,1.8686,1.8471,1.8244,1.8015,1.7789,1.7572,1.7366,1.7176,1.7002,1.6846,1.6706
1.9641,1.9721,1.9805,1.9892,1.9979,2.0064,2.0142,2.0205,2.0245,2.0248,2.0204,2.0107,1.9958,1.9773,1.9573,1.9379,1.9204,1.9054,1.8928,1.8824,1.8742,1.8682,1.8645,1.8631,1.8642,1.8675,1.873,1.8803,1.8887,1.8976,1.9062,1.9136,1.9188,1.9212,1.92,1.9151,1.9064,1.8943,1.8791,1.8615,1.8421,1.8217,1.8008,1.7802,1.7601,1.741,1.7231,1.7066,1.6917,1.6782
1.9611,1.9685,1.9761,1.9838,1.9915,1.9987,2.0051,2.01,2.0126,2.012,2.0075,1.9986,1.9858,1.9701,1.953,1.9362,1.9205,1.9067,1.8949,1.885,1.8771,1.8711,1.8673,1.8655,1.8659,1.8683,1.8725,1.8782,1.8849,1.892,1.8987,1.9044,1.9083,1.9096,1.9081,1.9034,1.8954,1.8844,1.8707,1.8549,1.8374,1.8189,1.7999,1.781,1.7624,1.7447,1.7279,1.7123,1.698,1.685
1.9579,1.9647,1.9716,1.9784,1.9851,1.9912,1.9964,2.0001,2.0017,2.0005,1.996,1.9881,1.9769,1.9634,1.9487,1.9339,1.9199,1.9073,1.8962,1.8869,1.8793,1.8735,1.8695,1.8675,1.8672,1.8688,1.8719,1.8762,1.8814,1.8869,1.8921,1.8963,1.899,1.8996,1.8977,1.893,1.8856,1.8756,1.8632,1.8489,1.833,1.8162,1.7989,1.7815,1.7643,1.7478,1.732,1.7173,1.7037,1.6912
1.9545,1.9607,1.9669,1.973,1.9788,1.984,1.9881,1.9909,1.9917,1.9902,1.9858,1.9786,1.9689,1.9571,1.9443,1.9313,1.9187,1.9072,1.897,1.8882,1.8809,1.8753,1.8713,1.8689,1.8682,1.869,1.8711,1.8743,1.8782,1.8823,1.8862,1.8892,1.8909,1.8908,1.8885,1.884,1.877,1.8678,1.8565,1.8434,1.829,1.8137,1.7978,1.7817,1.7658,1.7504,1.7356,1.7217,1.7088,1.6968
