docs/data/wind_grid.json
{"header": {"la1":42.1,"la2":41.55,"lo1":12.1,"lo2":12.95,"nx":50,"ny":50,"dx":0.01735,"dy":0.01122,"parameterCategory":2,"parameterNumber":3,"parameterNumberName":"northward_wind","parameterUnit":"m.s-1"}, "data":
[rows 0 to 39 of 50, columns 0 to 49 of 50]
-0.3459,-0.338,-0.329,-0.319,-0.3079,-0.2957,-0.2823,-0.2678,-0.2522,-0.2356,-0.2181,-0.2,-0.1815,-0.1628,-0.1443,-0.1263,-0.1093,-0.0937,-0.0798,-0.068,-0.0584,-0.0514,-0.0469,-0.0447,-0.0446,-0.0464,-0.0494,-0.0534,-0.0577,-0.0619,-0.0657,-0.0687,-0.0706,-0.0713,-0.071,-0.0697,-0.0677,-0.0654,-0.0631,-0.0614,-0.0604,-0.0603,-0.0613,-0.0632,-0.066,-0.0695,-0.0736,-0.078,-0.0827,-0.0875
-0.3525,-0.3445,-0.3355,-0.3254,-0.314,-0.3014,-0.2875,-0.2724,-0.256,-0.2385,-0.22,-0.2007,-0.1808,-0.1607,-0.1407,-0.1212,-0.1027,-0.0857,-0.0706,-0.0579,-0.0477,-0.0404,-0.0359,-0.0342,-0.0348,-0.0375,-0.0416,-0.0467,-0.0521,-0.0574,-0.0621,-0.0657,-0.068,-0.0689,-0.0685,-0.0669,-0.0644,-0.0616,-0.0589,-0.0568,-0.0555,-0.0554,-0.0565,-0.0586,-0.0618,-0.0657,-0.0702,-0.075,-0.0801,-0.0853
-0.3595,-0.3516,-0.3425,-0.3323,-0.3207,-0.3077,-0.2933,-0.2775,-0.2604,-0.2419,-0.2223,-0.2017,-0.1803,-0.1586,-0.137,-0.1158,-0.0957,-0.0771,-0.0607,-0.0468,-0.036,-0.0283,-0.0239,-0.0227,-0.0241,-0.0279,-0.0333,-0.0397,-0.0464,-0.0529,-0.0585,-0.0629,-0.0657,-0.0668,-0.0662,-0.0642,-0.0613,-0.0578,-0.0545,-0.0519,-0.0504,-0.0502,-0.0514,-0.0539,-0.0575,-0.0618,-0.0668,-0.0721,-0.0776,-0.0831
-0.367,-0.3592,-0.3501,-0.3398,-0.328,-0.3147,-0.2998,-0.2834,-0.2654,-0.2459,-0.2251,-0.2031,-0.1802,-0.1568,-0.1332,-0.1102,-0.0881,-0.0678,-0.0498,-0.0347,-0.023,-0.015,-0.0107,-0.01,-0.0125,-0.0175,-0.0243,-0.0323,-0.0405,-0.0483,-0.0551,-0.0603,-0.0636,-0.0649,-0.0642,-0.0618,-0.0582,-0.054,-0.05,-0.0468,-0.045,-0.0448,-0.0462,-0.0491,-0.0531,-0.058,-0.0634,-0.0692,-0.0752,-0.0811
-0.375,-0.3673,-0.3583,-0.3479,-0.336,-0.3224,-0.3071,-0.29,-0.2712,-0.2507,-0.2286,-0.2051,-0.1805,-0.1551,-0.1295,-0.1043,-0.0802,-0.0578,-0.0379,-0.0214,-0.0087,-0.0002,0.004,0.004,0.0003,-0.0062,-0.0148,-0.0245,-0.0344,-0.0438,-0.0518,-0.058,-0.0619,-0.0634,-0.0625,-0.0595,-0.0552,-0.0501,-0.0453,-0.0415,-0.0394,-0.0392,-0.0408,-0.0441,-0.0487,-0.0542,-0.0602,-0.0665,-0.073,-0.0793
-0.3836,-0.376,-0.3672,-0.3568,-0.3447,-0.3309,-0.3152,-0.2975,-0.2778,-0.2562,-0.2328,-0.2077,-0.1812,-0.1538,-0.126,-0.0983,-0.0717,-0.0469,-0.025,-0.0067,0.0072,0.0162,0.0202,0.0194,0.0144,0.0061,-0.0045,-0.0163,-0.0282,-0.0393,-0.0488,-0.0561,-0.0606,-0.0623,-0.0612,-0.0576,-0.0523,-0.0462,-0.0405,-0.036,-0.0336,-0.0334,-0.0354,-0.0392,-0.0444,-0.0505,-0.0571,-0.064,-0.0709,-0.0777
-0.3927,-0.3854,-0.3767,-0.3664,-0.3543,-0.3402,-0.3242,-0.3059,-0.2854,-0.2627,-0.2379,-0.2111,-0.1827,-0.153,-0.1226,-0.0922,-0.0628,-0.0353,-0.0109,0.0095,0.0249,0.0345,0.0383,0.0365,0.0298,0.0194,0.0064,-0.0077,-0.0219,-0.0349,-0.0461,-0.0545,-0.0599,-0.0618,-0.0603,-0.056,-0.0497,-0.0424,-0.0356,-0.0304,-0.0276,-0.0274,-0.0298,-0.0343,-0.0402,-0.047,-0.0543,-0.0618,-0.0692,-0.0763
-0.4024,-0.3954,-0.3869,-0.3768,-0.3647,-0.3506,-0.3342,-0.3154,-0.2941,-0.2703,-0.244,-0.2155,-0.1849,-0.1527,-0.1195,-0.0862,-0.0536,-0.0229,0.0045,0.0274,0.0444,0.0549,0.0584,0.0554,0.0467,0.0338,0.0181,0.0012,-0.0155,-0.0308,-0.0438,-0.0536,-0.0597,-0.0618,-0.0601,-0.055,-0.0474,-0.0388,-0.0307,-0.0247,-0.0215,-0.0215,-0.0244,-0.0296,-0.0363,-0.0439,-0.0519,-0.0599,-0.0677,-0.0753
-0.4126,-0.4061,-0.398,-0.3881,-0.3761,-0.3619,-0.3453,-0.326,-0.304,-0.2791,-0.2514,-0.221,-0.1881,-0.1532,-0.117,-0.0802,-0.044,-0.0097,0.0212,0.047,0.0662,0.0776,0.0808,0.0763,0.0652,0.0493,0.0305,0.0105,-0.0091,-0.0269,-0.0419,-0.0532,-0.0602,-0.0627,-0.0606,-0.0545,-0.0456,-0.0355,-0.0261,-0.0191,-0.0156,-0.0158,-0.0193,-0.0253,-0.0328,-0.0412,-0.0498,-0.0584,-0.0667,-0.0746
-0.4236,-0.4175,-0.4098,-0.4003,-0.3885,-0.3744,-0.3576,-0.338,-0.3152,-0.2893,-0.2601,-0.2278,-0.1925,-0.1548,-0.1152,-0.0747,-0.0344,0.0042,0.0392,0.0686,0.0904,0.103,0.1059,0.0995,0.0855,0.0661,0.0435,0.0199,-0.0029,-0.0235,-0.0407,-0.0536,-0.0616,-0.0644,-0.062,-0.055,-0.0446,-0.0328,-0.0219,-0.0139,-0.0101,-0.0106,-0.0148,-0.0216,-0.0299,-0.039,-0.0483,-0.0574,-0.0661,-0.0743
-0.4351,-0.4296,-0.4225,-0.4134,-0.4021,-0.3881,-0.3713,-0.3514,-0.328,-0.301,-0.2704,-0.2361,-0.1984,-0.1577,-0.1145,-0.0698,-0.0249,0.0186,0.0585,0.0923,0.1173,0.1315,0.1339,0.1252,0.1076,0.0839,0.057,0.0293,0.0029,-0.0207,-0.0403,-0.0549,-0.064,-0.0672,-0.0645,-0.0565,-0.0446,-0.031,-0.0185,-0.0095,-0.0054,-0.0062,-0.0111,-0.0187,-0.0279,-0.0377,-0.0475,-0.057,-0.066,-0.0744
-0.4473,-0.4425,-0.4361,-0.4276,-0.4167,-0.4031,-0.3865,-0.3663,-0.3424,-0.3146,-0.2825,-0.2463,-0.206,-0.1621,-0.1151,-0.0659,-0.0158,0.0333,0.079,0.1181,0.1472,0.1634,0.1651,0.1535,0.1314,0.1027,0.0708,0.0386,0.0083,-0.0186,-0.0408,-0.0574,-0.0677,-0.0713,-0.0684,-0.0595,-0.046,-0.0306,-0.0164,-0.0063,-0.0019,-0.003,-0.0086,-0.0169,-0.0268,-0.0372,-0.0475,-0.0573,-0.0665,-0.0751
-0.4601,-0.4562,-0.4505,-0.4428,-0.4326,-0.4195,-0.4031,-0.383,-0.3588,-0.3301,-0.2967,-0.2586,-0.2158,-0.1685,-0.1175,-0.0634,-0.0077,0.0477,0.1002,0.1459,0.1803,0.199,0.2,0.1845,0.1568,0.122,0.0844,0.0473,0.0127,-0.0176,-0.0425,-0.0611,-0.0727,-0.077,-0.0739,-0.0642,-0.0493,-0.0321,-0.0163,-0.0051,-0.0003,-0.0016,-0.0076,-0.0166,-0.027,-0.0378,-0.0483,-0.0583,-0.0676,-0.0762
-0.4735,-0.4706,-0.4659,-0.4591,-0.4498,-0.4374,-0.4215,-0.4016,-0.3772,-0.3478,-0.3133,-0.2733,-0.2279,-0.1774,-0.1221,-0.063,-0.0012,0.0613,0.1217,0.1754,0.2166,0.2388,0.2386,0.218,0.1833,0.1413,0.0974,0.055,0.016,-0.0179,-0.0456,-0.0663,-0.0794,-0.0844,-0.0815,-0.0711,-0.0549,-0.0361,-0.0186,-0.0063,-0.0011,-0.0024,-0.0087,-0.018,-0.0286,-0.0395,-0.0501,-0.0601,-0.0694,-0.0779
-0.4876,-0.4858,-0.4823,-0.4766,-0.4683,-0.4568,-0.4417,-0.4222,-0.3978,-0.368,-0.3324,-0.2907,-0.2429,-0.1891,-0.1296,-0.0652,0.0029,0.0731,0.1423,0.2059,0.2558,0.2828,0.281,0.2536,0.21,0.1598,0.1091,0.0611,0.0177,-0.0198,-0.0504,-0.0734,-0.088,-0.094,-0.0913,-0.0805,-0.0633,-0.0431,-0.0243,-0.0108,-0.0049,-0.006,-0.0121,-0.0213,-0.0318,-0.0425,-0.053,-0.0628,-0.0718,-0.0802
-0.5023,-0.5017,-0.4995,-0.4952,-0.4882,-0.4779,-0.4637,-0.4449,-0.4209,-0.3909,-0.3545,-0.3113,-0.2611,-0.2041,-0.1405,-0.0709,0.0036,0.0817,0.1607,0.2357,0.2972,0.3308,0.3268,0.29,0.2355,0.176,0.1184,0.0651,0.0175,-0.0236,-0.0572,-0.0824,-0.0987,-0.1058,-0.1036,-0.0928,-0.075,-0.0537,-0.0336,-0.019,-0.0122,-0.0125,-0.018,-0.0266,-0.0366,-0.0469,-0.0568,-0.0662,-0.0749,-0.083
-0.5175,-0.5184,-0.5177,-0.5149,-0.5094,-0.5006,-0.4878,-0.47,-0.4466,-0.4167,-0.3797,-0.3352,-0.283,-0.223,-0.1554,-0.0809,-0.0002,0.0854,0.1743,0.2623,0.3384,0.3816,0.3743,0.3249,0.2572,0.1883,0.1242,0.0663,0.0148,-0.0296,-0.0661,-0.0937,-0.1119,-0.1202,-0.1188,-0.1082,-0.0902,-0.0681,-0.047,-0.0312,-0.023,-0.0221,-0.0265,-0.034,-0.043,-0.0524,-0.0617,-0.0704,-0.0787,-0.0863
-0.5333,-0.5357,-0.5367,-0.5357,-0.5321,-0.5251,-0.5139,-0.4975,-0.4751,-0.4456,-0.4083,-0.3628,-0.3087,-0.2461,-0.175,-0.096,-0.0098,0.0825,0.1801,0.281,0.3749,0.4316,0.4197,0.3535,0.2715,0.1943,0.1255,0.0641,0.0094,-0.0381,-0.0774,-0.1074,-0.1275,-0.1372,-0.1367,-0.1266,-0.1086,-0.0861,-0.0641,-0.047,-0.0372,-0.0346,-0.0373,-0.0432,-0.0508,-0.0591,-0.0674,-0.0754,-0.083,-0.09
-0.5495,-0.5537,-0.5566,-0.5576,-0.5561,-0.5513,-0.5422,-0.5276,-0.5065,-0.4778,-0.4406,-0.3944,-0.3388,-0.2738,-0.1997,-0.1168,-0.0261,0.0711,0.1746,0.2853,0.3972,0.4717,0.4539,0.368,0.2739,0.192,0.1212,0.0581,0.0012,-0.0489,-0.0909,-0.1235,-0.1455,-0.1567,-0.1572,-0.1476,-0.1298,-0.1071,-0.0842,-0.0658,-0.0542,-0.0494,-0.05,-0.054,-0.0599,-0.0668,-0.0739,-0.081,-0.0878,-0.0942
-0.5661,-0.5722,-0.5772,-0.5805,-0.5815,-0.5793,-0.5726,-0.5604,-0.5411,-0.5136,-0.4768,-0.4301,-0.3733,-0.3065,-0.2298,-0.1438,-0.0497,0.0503,0.1551,0.2675,0.3894,0.4813,0.4579,0.3571,0.2598,0.18,0.111,0.0482,-0.0098,-0.062,-0.1066,-0.1417,-0.1658,-0.1784,-0.1798,-0.1707,-0.153,-0.13,-0.1064,-0.0865,-0.0729,-0.0658,-0.064,-0.0659,-0.07,-0.0753,-0.0811,-0.0871,-0.0931,-0.0988
-0.5829,-0.5911,-0.5984,-0.6043,-0.6082,-0.6089,-0.6053,-0.5959,-0.579,-0.5532,-0.5171,-0.4702,-0.4123,-0.344,-0.2654,-0.1771,-0.0807,0.0202,0.1216,0.2236,0.3329,0.4242,0.4025,0.3104,0.2276,0.1584,0.0954,0.0349,-0.0232,-0.0771,-0.1241,-0.1615,-0.1876,-0.2016,-0.2036,-0.1947,-0.1769,-0.1536,-0.1292,-0.108,-0.0924,-0.083,-0.0788,-0.0785,-0.0806,-0.0842,-0.0887,-0.0936,-0.0987,-0.1037
-0.5999,-0.6103,-0.6201,-0.6289,-0.6359,-0.6401,-0.6401,-0.6341,-0.6203,-0.5966,-0.5616,-0.5145,-0.4557,-0.3861,-0.3063,-0.2166,-0.1187,-0.0177,0.0777,0.16,0.2282,0.2787,0.275,0.2313,0.1816,0.1299,0.0755,0.0188,-0.0385,-0.0934,-0.1425,-0.1822,-0.2101,-0.2251,-0.2273,-0.2182,-0.2,-0.1762,-0.1512,-0.1289,-0.1116,-0.1002,-0.0937,-0.0912,-0.0915,-0.0935,-0.0966,-0.1004,-0.1045,-0.1088
-0.6169,-0.6296,-0.6421,-0.6541,-0.6647,-0.6728,-0.677,-0.6752,-0.6652,-0.6442,-0.6105,-0.5631,-0.5031,-0.4322,-0.3517,-0.2616,-0.1629,-0.0614,0.0298,0.0938,0.117,0.1115,0.1293,0.1452,0.1319,0.0984,0.0532,0.0009,-0.0548,-0.1103,-0.1609,-0.2025,-0.2317,-0.2473,-0.2494,-0.2397,-0.2209,-0.1967,-0.1713,-0.1482,-0.1297,-0.1165,-0.1082,-0.1038,-0.1023,-0.1028,-0.1046,-0.1073,-0.1105,-0.114
-0.6338,-0.6489,-0.6643,-0.6796,-0.6941,-0.7067,-0.7157,-0.7191,-0.7137,-0.6963,-0.6641,-0.616,-0.5539,-0.4812,-0.4004,-0.3111,-0.2124,-0.1093,-0.0173,0.0405,0.0457,0.0203,0.0413,0.0807,0.0882,0.0678,0.0302,-0.0177,-0.0715,-0.1266,-0.1781,-0.2208,-0.2509,-0.2665,-0.2681,-0.2577,-0.2384,-0.214,-0.1885,-0.1651,-0.1459,-0.1315,-0.1217,-0.1158,-0.1127,-0.1119,-0.1125,-0.1142,-0.1165,-0.1193
-0.6503,-0.6679,-0.6863,-0.7051,-0.7239,-0.7414,-0.7561,-0.7655,-0.7659,-0.753,-0.7227,-0.6733,-0.6073,-0.5312,-0.4501,-0.3633,-0.2664,-0.1612,-0.0633,0.0017,0.0159,0.0008,0.0137,0.0444,0.0545,0.0399,0.0077,-0.0364,-0.0876,-0.1415,-0.1927,-0.2356,-0.2658,-0.2811,-0.2821,-0.2711,-0.2516,-0.2275,-0.2025,-0.1793,-0.1599,-0.1448,-0.134,-0.1269,-0.1227,-0.1207,-0.1202,-0.121,-0.1225,-0.1246
-0.6663,-0.6864,-0.7078,-0.7304,-0.7536,-0.7766,-0.7977,-0.8141,-0.8218,-0.8149,-0.7872,-0.7353,-0.6626,-0.5799,-0.4975,-0.4151,-0.3232,-0.2174,-0.1114,-0.0323,0.0013,0.0032,0.0096,0.0245,0.0286,0.0149,-0.0141,-0.0545,-0.1027,-0.1543,-0.204,-0.2459,-0.2753,-0.29,-0.2904,-0.2793,-0.2603,-0.2371,-0.213,-0.1907,-0.1716,-0.1564,-0.145,-0.1371,-0.1319,-0.129,-0.1277,-0.1276,-0.1284,-0.1299
-0.6816,-0.7042,-0.7286,-0.7549,-0.7828,-0.8115,-0.8397,-0.8645,-0.8811,-0.8823,-0.8587,-0.8033,-0.7194,-0.6245,-0.5381,-0.4619,-0.3795,-0.2772,-0.1649,-0.0715,-0.019,-0.002,0.0035,0.0082,0.0059,-0.0085,-0.035,-0.0719,-0.1163,-0.1645,-0.2113,-0.2511,-0.279,-0.2928,-0.2931,-0.2825,-0.2646,-0.2429,-0.2204,-0.1993,-0.181,-0.1661,-0.1546,-0.1462,-0.1404,-0.1367,-0.1347,-0.134,-0.1342,-0.135
-0.696,-0.7209,-0.7483,-0.7782,-0.8108,-0.8455,-0.8813,-0.9155,-0.9431,-0.9552,-0.9384,-0.8794,-0.7785,-0.6623,-0.5666,-0.498,-0.4302,-0.3373,-0.2239,-0.1203,-0.0528,-0.0227,-0.0132,-0.0117,-0.017,-0.0313,-0.0554,-0.0885,-0.1285,-0.1722,-0.2151,-0.2517,-0.2775,-0.2904,-0.2908,-0.2813,-0.2651,-0.2455,-0.225,-0.2055,-0.1884,-0.1741,-0.1628,-0.1542,-0.1481,-0.1439,-0.1413,-0.14,-0.1397,-0.1401
-0.7093,-0.7363,-0.7664,-0.7999,-0.837,-0.8777,-0.9212,-0.9656,-1.0062,-1.0328,-1.0276,-0.9671,-0.8425,-0.6915,-0.578,-0.5176,-0.4692,-0.3918,-0.2837,-0.176,-0.0984,-0.057,-0.0405,-0.0369,-0.0417,-0.0544,-0.0754,-0.1042,-0.1393,-0.1779,-0.216,-0.2487,-0.2721,-0.284,-0.2849,-0.2769,-0.2628,-0.2455,-0.2273,-0.2098,-0.194,-0.1806,-0.1698,-0.1613,-0.1549,-0.1505,-0.1475,-0.1458,-0.145,-0.1449
-0.7213,-0.7502,-0.7828,-0.8194,-0.8607,-0.9069,-0.958,-1.0129,-1.0676,-1.1122,-1.1251,-1.0696,-0.917,-0.7138,-0.5709,-0.5185,-0.4926,-0.4348,-0.338,-0.2326,-0.1498,-0.0995,-0.0751,-0.0666,-0.0682,-0.0778,-0.0951,-0.1193,-0.1491,-0.1822,-0.2151,-0.2436,-0.2642,-0.2752,-0.2767,-0.2703,-0.2586,-0.2438,-0.2279,-0.2124,-0.1982,-0.1859,-0.1756,-0.1674,-0.1611,-0.1565,-0.1532,-0.1512,-0.15,-0.1496
-0.7317,-0.7624,-0.797,-0.8363,-0.881,-0.9321,-0.9899,-1.0545,-1.1233,-1.1878,-1.2251,-1.1853,-1.0076,-0.7367,-0.5527,-0.5067,-0.502,-0.464,-0.3819,-0.284,-0.2007,-0.1446,-0.1131,-0.0987,-0.0958,-0.1014,-0.1143,-0.1337,-0.1583,-0.1858,-0.2134,-0.2376,-0.2555,-0.2655,-0.2675,-0.2628,-0.2533,-0.241,-0.2274,-0.2138,-0.2012,-0.19,-0.1805,-0.1727,-0.1666,-0.1619,-0.1585,-0.1562,-0.1548,-0.1541
-0.7406,-0.7725,-0.8087,-0.8501,-0.8975,-0.9523,-1.0154,-1.0877,-1.1683,-1.2509,-1.314,-1.2995,-1.1109,-0.7737,-0.5441,-0.4974,-0.5053,-0.4819,-0.4145,-0.3269,-0.2469,-0.1881,-0.1512,-0.1313,-0.1235,-0.1247,-0.1331,-0.1477,-0.1671,-0.1893,-0.2118,-0.2319,-0.2472,-0.256,-0.2584,-0.2551,-0.2477,-0.2375,-0.2261,-0.2145,-0.2034,-0.1933,-0.1846,-0.1774,-0.1715,-0.1669,-0.1634,-0.161,-0.1594,-0.1585
-0.7477,-0.7805,-0.8177,-0.8605,-0.9097,-0.9667,-1.0331,-1.1102,-1.198,-1.2922,-1.3734,-1.3814,-1.2,-0.8319,-0.569,-0.5079,-0.5124,-0.4944,-0.438,-0.3611,-0.2865,-0.2276,-0.1873,-0.1629,-0.1505,-0.1473,-0.1513,-0.1613,-0.1757,-0.193,-0.2109,-0.2272,-0.2399,-0.2476,-0.2501,-0.248,-0.2422,-0.234,-0.2245,-0.2146,-0.2049,-0.196,-0.1881,-0.1814,-0.1758,-0.1714,-0.1679,-0.1654,-0.1637,-0.1626
-0.753,-0.7862,-0.824,-0.8673,-0.9172,-0.975,-1.0423,-1.1203,-1.2095,-1.3055,-1.3893,-1.4033,-1.2383,-0.8941,-0.6279,-0.5422,-0.5286,-0.5064,-0.456,-0.3879,-0.3194,-0.2622,-0.2202,-0.1924,-0.1761,-0.1689,-0.1688,-0.1745,-0.1845,-0.1973,-0.211,-0.2239,-0.2341,-0.2406,-0.2431,-0.2417,-0.2373,-0.2308,-0.2229,-0.2145,-0.2061,-0.1983,-0.1912,-0.185,-0.1798,-0.1755,-0.1721,-0.1696,-0.1677,-0.1665
-0.7565,-0.7897,-0.8275,-0.8705,-0.92,-0.977,-1.0428,-1.1183,-1.2029,-1.291,-1.3629,-1.3664,-1.2199,-0.9345,-0.6947,-0.589,-0.552,-0.5199,-0.4711,-0.4094,-0.3465,-0.2918,-0.2494,-0.2194,-0.1999,-0.1892,-0.1855,-0.1873,-0.1933,-0.2021,-0.2122,-0.2219,-0.2299,-0.2352,-0.2374,-0.2366,-0.2332,-0.2279,-0.2214,-0.2143,-0.2071,-0.2002,-0.1938,-0.1882,-0.1833,-0.1793,-0.176,-0.1735,-0.1716,-0.1703
-0.7582,-0.791,-0.8282,-0.8703,-0.9183,-0.9731,-1.0354,-1.1053,-1.1809,-1.2549,-1.3073,-1.2958,-1.1692,-0.9468,-0.7463,-0.6334,-0.5775,-0.5345,-0.4846,-0.4271,-0.3689,-0.317,-0.275,-0.2436,-0.2218,-0.2082,-0.2013,-0.1997,-0.2022,-0.2076,-0.2144,-0.2214,-0.2274,-0.2315,-0.2332,-0.2326,-0.23,-0.2257,-0.2202,-0.2142,-0.208,-0.2019,-0.1962,-0.1911,-0.1866,-0.1828,-0.1797,-0.1772,-0.1753,-0.1739
-0.7581,-0.7902,-0.8263,-0.8669,-0.9126,-0.964,-1.0212,-1.0835,-1.1478,-1.2056,-1.2386,-1.2157,-1.1092,-0.939,-0.7765,-0.6671,-0.6001,-0.5487,-0.4969,-0.442,-0.3876,-0.3383,-0.2972,-0.2651,-0.2417,-0.2258,-0.2162,-0.2117,-0.2112,-0.2136,-0.2176,-0.2222,-0.2263,-0.2292,-0.2304,-0.2299,-0.2276,-0.224,-0.2195,-0.2143,-0.2089,-0.2036,-0.1985,-0.1938,-0.1897,-0.1861,-0.1831,-0.1807,-0.1788,-0.1773
-0.7564,-0.7875,-0.822,-0.8605,-0.9034,-0.9506,-1.0019,-1.0557,-1.1081,-1.1507,-1.1681,-1.1394,-1.0511,-0.9198,-0.7888,-0.6884,-0.6173,-0.5608,-0.5077,-0.4547,-0.4032,-0.3563,-0.3163,-0.2842,-0.2596,-0.242,-0.2302,-0.2233,-0.2202,-0.22,-0.2216,-0.2241,-0.2265,-0.2283,-0.2289,-0.2282,-0.2262,-0.2231,-0.2191,-0.2147,-0.2099,-0.2052,-0.2006,-0.1964,-0.1926,-0.1892,-0.1864,-0.184,-0.1821,-0.1806
-0.7533,-0.7829,-0.8157,-0.8518,-0.8912,-0.9339,-0.9789,-1.0242,-1.0656,-1.0954,-1.1019,-1.0714,-0.9983,-0.8952,-0.7886,-0.6988,-0.6285,-0.5701,-0.5167,-0.4652,-0.4162,-0.3716,-0.3329,-0.3009,-0.2757,-0.2568,-0.2432,-0.2343,-0.2291,-0.2267,-0.2262,-0.2269,-0.2278,-0.2285,-0.2284,-0.2274,-0.2255,-0.2227,-0.2193,-0.2153,-0.2111,-0.2069,-0.2028,-0.1989,-0.1953,-0.1922,-0.1895,-0.1872,-0.1853,-0.1838
-0.7487,-0.7769,-0.8076,-0.841,-0.8768,-0.9148,-0.9536,-0.991,-1.0229,-1.0428,-1.042,-1.0122,-0.9512,-0.8684,-0.7805,-0.7012,-0.6341,-0.5763,-0.5236,-0.4738,-0.4271,-0.3844,-0.347,-0.3156,-0.2901,-0.2702,-0.2554,-0.2448,-0.2378,-0.2336,-0.2313,-0.2304,-0.23,-0.2296,-0.2289,-0.2276,-0.2256,-0.223,-0.2198,-0.2163,-0.2125,-0.2086,-0.2049,-0.2013,-0.198,-0.1951,-0.1925,-0.1903,-0.1884,-0.1869
