docs/data/wind_grid.json
[{"header":{"la1":42.85,"la2":41.18,"lo1":11.55,"lo2":14.05,"nx":36,"ny":24,"dx":0.07143,"dy":0.07261,"parameterCategory":2,"parameterNumber":2,"parameterNumberName":"eastward_wind","parameterUnit":"m.s-1"},"data":[0.3825,0.3772,0.3705,0.3626,0.3545,0.3477,0.3443,0.3465,0.3558,0.3728,0.3966,0.4252,0.4569,0.4899,0.523,0.5548,0.5836,0.607,0.6221,0.6271,0.6215,0.6069,0.586,0.5616,0.5359,0.5105,0.4864,0.4641,0.4439,0.4258,0.4097,0.3955,0.3829,0.3718,0.3621,0.3535,0.3854,0.3783,0.3684,0.356,0.3422,0.3288,0.3192,0.3172,0.3263,0.3473,0.3783,0.4158,0.4566,0.4987,0.5412,0.583,0.6221,0.655,0.6766,0.6827,0.6728,0.6501,0.6198,0.5863,0.5528,0.5211,0.4922,0.4663,0.4434,0.4235,0.4061,0.391,0.3779,0.3666,0.3568,0.3482,0.391,0.382,0.3685,0.3504,0.3282,0.3042,0.2833,0.2728,0.2803,0.3079,0.3508,0.4015,0.4546,0.508,0.5618,0.6166,0.671,0.7196,0.7523,0.7599,0.7413,0.7043,0.6589,0.6125,0.569,0.5298,0.4955,0.4658,0.4403,0.4186,0.4002,0.3846,0.3713,0.36,0.3502,0.3418,0.4006,0.3902,0.3732,0.3482,0.3145,0.2738,0.2323,0.2039,0.2067,0.2468,0.3111,0.3822,0.4514,0.5178,0.5843,0.6551,0.732,0.8082,0.8627,0.8719,0.8344,0.771,0.7021,0.6381,0.5822,0.5347,0.4947,0.4614,0.4336,0.4107,0.3917,0.3759,0.3628,0.3517,0.3424,0.3344,0.4157,0.4055,0.386,0.3539,0.3063,0.2413,0.1631,0.0951,0.0847,0.1529,0.2586,0.361,0.4496,0.5288,0.607,0.6946,0.8025,0.9283,1.0291,1.0386,0.9581,0.8469,0.7437,0.6582,0.5891,0.5332,0.4881,0.4517,0.4224,0.3989,0.38,0.3647,0.3522,0.3418,0.3332,0.3259,0.4382,0.431,0.4119,0.375,0.3137,0.2199,0.0865,-0.0634,-0.1095,0.0249,0.2049,0.3465,0.4535,0.5424,0.6276,0.7266,0.8663,1.0689,1.2649,1.2675,1.0969,0.914,0.7719,0.666,0.5852,0.5225,0.4735,0.4353,0.4057,0.3827,0.3648,0.3508,0.3395,0.3303,0.3227,0.3163,0.4696,0.4705,0.4576,0.4213,0.3515,0.2366,0.0568,-0.1901,-0.2937,-0.0618,0.1874,0.352,0.4682,0.5611,0.6457,0.7415,0.8875,1.1433,1.4458,1.434,1.1684,0.9342,0.7708,0.654,0.5665,0.4997,0.4488,0.4106,0.3823,0.3614,0.3459,0.334,0.3248,0.3173,0.3111,0.3059,0.5102,0.5272,0.5312,0.5056,0.4345,0.3137,0.1438,-0.0615,-0.1387,0.0375,0.2328,0.3793,0.494,0.5878,0.6673,0.7439,0.8524,1.044,1.2736,1.2771,1.0779,0.8829,0.7337,0.6194,0.5304,0.4621,0.4117,0.3759,0.3514,0.3347,0.3231,0.3147,0.3083,0.3031,0.2987,0.2949,0.5574,0.6016,0.6417,0.6467,0.5761,0.4389,0.2884,0.1644,0.116,0.1659,0.2789,0.4091,0.526,0.6241,0.7035,0.757,0.8147,0.9102,1.0053,1.0129,0.922,0.7962,0.6735,0.5652,0.4753,0.4066,0.3589,0.3291,0.312,0.3025,0.2971,0.2934,0.2906,0.2881,0.2857,0.2834,0.6021,0.6831,0.7881,0.8699,0.7985,0.5842,0.3963,0.2539,0.1212,0.0973,0.2534,0.4273,0.5604,0.6632,0.7551,0.792,0.8163,0.8841,0.9281,0.9095,0.8336,0.7257,0.608,0.4949,0.3979,0.3268,0.2853,0.2675,0.2636,0.2656,0.2687,0.2712,0.2726,0.273,0.2726,0.2719,0.6283,0.7386,0.9122,1.1183,1.0601,0.699,0.4651,0.2994,-0.0405,-0.201,0.1973,0.4546,0.6042,0.6969,0.765,0.8001,0.8621,0.9916,1.0396,0.9597,0.8259,0.6838,0.5427,0.4062,0.2876,0.2097,0.1817,0.1881,0.2072,0.226,0.2403,0.2497,0.2554,0.2585,0.26,0.2607,0.6222,0.7284,0.8921,1.0798,1.0134,0.6813,0.5182,0.4715,0.2202,0.0335,0.297,0.5126,0.6609,0.7587,0.7693,0.818,1.002,1.3548,1.4171,1.1291,0.8585,0.6528,0.4728,0.2922,0.1246,0.0301,0.0356,0.0912,0.1475,0.1887,0.2152,0.2312,0.2404,0.2455,0.2484,0.25,0.5862,0.6599,0.7496,0.8101,0.7413,0.5933,0.5466,0.6058,0.5157,0.3653,0.4207,0.5695,0.6876,0.7875,0.7847,0.8498,1.1654,2.006,2.0092,1.272,0.8546,0.6072,0.3999,0.1611,-0.1049,-0.2368,-0.1506,-0.0073,0.0979,0.1617,0.1981,0.2181,0.2288,0.2345,0.2378,0.2399,0.5364,0.5771,0.6126,0.6196,0.5795,0.5264,0.5192,0.5545,0.5034,0.3899,0.4073,0.5928,0.6959,1.0013,0.7782,0.908,1.1868,1.5945,1.6061,1.0874,0.7458,0.5408,0.3474,0.0768,-0.2947,-0.4782,-0.2848,-0.0572,0.0809,0.1548,0.1929,0.2119,0.2209,0.2254,0.2281,0.2302,0.4867,0.5061,0.5173,0.512,0.4894,0.4642,0.4513,0.437,0.3731,0.2661,0.2075,0.291,0.491,0.5255,0.6786,1.1172,1.6318,1.1799,0.962,0.7446,0.5996,0.4957,0.341,0.1132,-0.1865,-0.3431,-0.1954,-0.005,0.1123,0.1726,0.2006,0.2118,0.2155,0.2169,0.2184,0.2205,0.4428,0.4503,0.451,0.4423,0.4247,0.4025,0.3761,0.3328,0.247,0.088,-0.1583,-0.1403,0.0568,0.3234,0.4723,0.9075,1.314,0.8497,0.5545,0.4984,0.6047,0.5474,0.3595,0.1941,0.0517,-0.0148,0.0368,0.1239,0.1829,0.2102,0.217,0.2139,0.2089,0.2064,0.2072,0.2101,0.4055,0.4062,0.4016,0.3904,0.3725,0.3479,0.3136,0.2606,0.1737,0.0319,-0.1462,-0.1139,-0.2007,-0.2503,0.0885,0.2982,0.4045,0.2195,0.0549,0.2304,0.5826,0.5162,0.3141,0.2191,0.1953,0.2166,0.2526,0.2724,0.2714,0.2564,0.2336,0.2103,0.1948,0.1901,0.1929,0.1985,0.3738,0.3702,0.3623,0.3492,0.33,0.3037,0.2676,0.2172,0.1473,0.0597,-0.0212,-0.0878,-0.2775,-0.3507,-0.3453,-0.3751,-0.1895,-0.3134,-0.5428,-0.214,0.0976,0.1879,0.1626,0.1854,0.2847,0.4146,0.4688,0.4287,0.3644,0.301,0.2409,0.1911,0.1654,0.1649,0.1753,0.1864,0.3466,0.3403,0.3302,0.3156,0.2956,0.2691,0.2346,0.1902,0.1351,0.072,0.0051,-0.0768,-0.2006,-0.4109,-1.063,-1.3365,-0.5992,-0.4588,-0.5621,-0.5425,-0.3176,-0.1414,-0.0382,0.1108,0.3602,0.6416,0.7058,0.5783,0.4515,0.3388,0.2371,0.1554,0.1232,0.1363,0.1589,0.1763,0.3231,0.3149,0.3034,0.2879,0.2677,0.242,0.2099,0.1706,0.1238,0.0697,0.006,-0.0781,-0.2099,-0.4717,-0.989,-1.1466,-0.6693,-0.5395,-0.8008,-0.9375,-0.5992,-0.4391,-0.3122,-0.0515,0.3417,0.7015,0.7702,0.6815,0.5251,0.3686,0.2392,0.1394,0.105,0.1256,0.1528,0.1715,0.3027,0.2932,0.2808,0.2649,0.2449,0.2203,0.1904,0.1548,0.1127,0.0632,0.0026,-0.0774,-0.1937,-0.3696,-0.5766,-0.6382,-0.5409,-0.5388,-0.696,-0.7758,-0.7573,-0.8811,-0.8478,-0.419,0.1806,0.6897,1.04,0.9056,0.5786,0.3708,0.2513,0.1712,0.1373,0.1434,0.1595,0.1726,0.2849,0.2746,0.2617,0.2456,0.2261,0.2026,0.1746,0.1417,0.1031,0.0575,0.0021,-0.0675,-0.1568,-0.2648,-0.3666,-0.4207,-0.4391,-0.4908,-0.6006,-0.757,-1.1089,-1.7888,-1.9539,-1.0809,-0.0877,0.7174,1.3194,1.0012,0.4576,0.2789,0.2299,0.1947,0.1717,0.1661,0.17,0.176,0.2694,0.2586,0.2454,0.2295,0.2105,0.188,0.1618,0.1312,0.0957,0.0541,0.0051,-0.0533,-0.1215,-0.1956,-0.2653,-0.322,-0.3761,-0.4555,-0.591,-0.8509,-1.4362,-2.4804,-2.7794,-1.5839,-0.3965,0.3716,0.7214,0.4782,0.088,0.1065,0.1707,0.1846,0.1801,0.1759,0.1755,0.1777,0.2559,0.2448,0.2316,0.2159,0.1975,0.1762,0.1515,0.1231,0.0905,0.053,0.0099,-0.0392,-0.0938,-0.1517,-0.2097,-0.2677,-0.3339,-0.4265,-0.5756,-0.8412,-1.3195,-1.9488,-2.0688,-1.3515,-0.5148,0.0498,0.2862,0.2013,0.034,0.0661,0.1362,0.166,0.1734,0.1743,0.1748,0.1762]},{"header":{"la1":42.85,"la2":41.18,"lo1":11.55,"lo2":14.05,"nx":36,"ny":24,"dx":0.07143,"dy":0.07261,"parameterCategory":2,"parameterNumber":3,"parameterNumberName":"northward_wind","parameterUnit":"m.s-1"},"data":[1.3445,1.3096,1.2705,1.228,1.1842,1.1426,1.1084,1.0868,1.0812,1.0909,1.1111,1.1347,1.1553,1.1688,1.1734,1.1697,1.1602,1.149,1.1406,1.1386,1.1445,1.1574,1.1747,1.1939,1.2132,1.2314,1.2482,1.2635,1.2777,1.291,1.3036,1.3156,1.3271,1.3382,1.3489,1.3592,1.341,1.3001,1.2522,1.1975,1.138,1.0783,1.0268,0.9942,0.9884,1.0092,1.047,1.0886,1.1228,1.1436,1.1492,1.1409,1.1227,1.1013,1.0849,1.0804,1.0898,1.1101,1.1361,1.1631,1.1884,1.2109,1.2308,1.2483,1.2642,1.2788,1.2926,1.3058,1.3184,1.3305,1.3422,1.3534,1.3421,1.2952,1.2374,1.1673,1.0852,0.9961,0.9132,0.8577,0.8497,0.8913,0.9621,1.0347,1.0902,1.1213,1.1272,1.1105,1.0768,1.0366,1.0054,0.9974,1.0152,1.0502,1.0908,1.1292,1.1623,1.1899,1.2129,1.2325,1.2499,1.2659,1.2809,1.2953,1.3092,1.3225,1.3353,1.3476,1.3498,1.2979,1.2305,1.1427,1.0305,0.8951,0.7529,0.6461,0.6289,0.7135,0.849,0.9748,1.0619,1.1059,1.1107,1.0806,1.0206,0.945,0.8846,0.8722,0.911,0.9752,1.04,1.0944,1.1366,1.1691,1.1946,1.2159,1.2345,1.2517,1.2681,1.284,1.2993,1.3141,1.3282,1.3417,1.3664,1.3124,1.2381,1.1341,0.9872,0.7853,0.5347,0.3078,0.2572,0.4399,0.7065,0.9187,1.0462,1.103,1.1044,1.0561,0.9562,0.8147,0.6921,0.6773,0.7686,0.8888,0.9898,1.0628,1.1135,1.1492,1.176,1.1979,1.2174,1.2359,1.2539,1.2715,1.2886,1.3051,1.3209,1.3357,1.3935,1.342,1.2677,1.1557,0.9815,0.7068,0.2915,-0.197,-0.3546,0.0604,0.5692,0.8925,1.0554,1.1177,1.1127,1.0471,0.9017,0.6549,0.4035,0.3974,0.6048,0.812,0.9532,1.0408,1.095,1.1303,1.1558,1.1772,1.1973,1.2173,1.2375,1.2575,1.277,1.2957,1.3133,1.3298,1.431,1.3883,1.324,1.2206,1.0458,0.7406,0.2019,-0.6076,-0.9586,-0.1895,0.5573,0.9361,1.0991,1.1496,1.1344,1.0635,0.9024,0.5755,0.1722,0.1867,0.523,0.7915,0.9475,1.0333,1.081,1.1099,1.1312,1.151,1.1721,1.1947,1.2182,1.2417,1.2644,1.2859,1.3058,1.3242,1.4768,1.4489,1.4057,1.3303,1.1911,0.9392,0.5004,-0.14,-0.3966,0.2132,0.7791,1.0601,1.1712,1.1877,1.1529,1.0916,0.9782,0.7339,0.4159,0.4044,0.6515,0.8581,0.9768,1.0371,1.0661,1.0819,1.0963,1.115,1.1388,1.1663,1.1952,1.2238,1.2509,1.2759,1.2985,1.319,1.5262,1.5164,1.5023,1.4687,1.3841,1.2231,0.9918,0.7542,0.7009,0.8833,1.086,1.2114,1.2497,1.2128,1.1277,1.071,1.0501,0.9648,0.837,0.8037,0.8803,0.9676,1.02,1.0385,1.0378,1.0348,1.0414,1.0619,1.0932,1.1302,1.1682,1.2042,1.237,1.2662,1.292,1.3147,1.5727,1.5791,1.594,1.6059,1.5683,1.4662,1.3549,1.2619,1.2061,1.2132,1.2833,1.3355,1.3197,1.2257,1.017,0.9126,1.0548,1.0893,1.0577,1.0361,1.0429,1.0546,1.0476,1.0172,0.9764,0.9485,0.9505,0.982,1.0312,1.0856,1.1376,1.1839,1.2238,1.2578,1.2868,1.3116,1.6114,1.6257,1.6541,1.692,1.6811,1.6181,1.5828,1.5125,1.2723,1.1582,1.3689,1.433,1.3784,1.2667,1.0589,0.9181,1.0988,1.1365,1.1228,1.122,1.1203,1.0982,1.043,0.9528,0.8516,0.789,0.7982,0.8639,0.9505,1.0343,1.1063,1.1653,1.2131,1.2519,1.2838,1.3104,1.6419,1.655,1.6753,1.6965,1.6964,1.7068,1.7669,1.8011,1.56,1.3679,1.516,1.5427,1.4146,1.2215,1.222,1.2194,1.1919,1.0776,1.0444,1.117,1.1453,1.109,1.0063,0.8294,0.6169,0.497,0.5505,0.7015,0.8571,0.9837,1.0798,1.1521,1.2071,1.2497,1.2836,1.3114,1.6685,1.6791,1.6915,1.7045,1.7252,1.7792,1.8789,1.9883,1.8942,1.7349,1.72,1.7016,1.5526,1.1865,1.2421,1.3458,1.2273,0.843,0.8328,1.0907,1.1541,1.1028,0.9549,0.6588,0.2336,0.0084,0.2017,0.5221,0.7755,0.9488,1.0666,1.1489,1.2081,1.2524,1.2868,1.3146,1.6946,1.7058,1.7195,1.7385,1.7701,1.8224,1.8913,1.9499,1.932,1.9033,1.909,1.8441,1.7792,1.4663,1.5424,1.457,1.2976,1.0648,1.0237,1.1622,1.1518,1.0735,0.9226,0.5529,-0.1079,-0.465,-0.0629,0.4291,0.7508,0.9483,1.0745,1.1588,1.2174,1.2601,1.293,1.3199,1.7206,1.7344,1.7519,1.7755,1.8084,1.8512,1.8982,1.9397,1.9878,2.089,2.1998,2.1927,2.0842,2.336,1.8283,1.4333,1.0947,1.3265,1.3506,1.2404,1.0155,0.9395,0.9165,0.6606,0.1242,-0.1864,0.1229,0.5326,0.8116,0.9891,1.1047,1.1816,1.2337,1.2713,1.3008,1.326,1.7458,1.7623,1.7829,1.8092,1.8427,1.8836,1.9323,1.9955,2.1018,2.3036,2.5962,2.7729,2.5549,2.2801,2.0398,1.6279,1.3182,1.5905,1.6415,1.2282,0.4641,0.5729,0.9087,0.876,0.6349,0.4754,0.5595,0.7479,0.9215,1.0552,1.1497,1.2119,1.2525,1.282,1.3075,1.3314,1.769,1.7878,1.8108,1.8391,1.8742,1.9178,1.9735,2.0516,2.173,2.3646,2.5857,2.6415,2.8296,2.8999,2.3829,2.1096,2.0091,2.186,2.2609,1.5897,0.4253,0.5869,1.0272,1.0695,0.9359,0.8151,0.8022,0.8881,1.0113,1.1211,1.1974,1.2407,1.2646,1.2852,1.3089,1.3343,1.7896,1.8101,1.8348,1.8647,1.9012,1.9466,2.0046,2.0819,2.1862,2.3167,2.4439,2.57,2.8794,2.9548,2.6789,2.6046,2.5129,2.8712,3.334,2.4962,1.639,1.3498,1.3412,1.2368,1.0135,0.769,0.7074,0.8666,1.0531,1.1786,1.2403,1.2549,1.2558,1.272,1.3022,1.3347,1.8074,1.829,1.8546,1.8851,1.9219,1.9668,2.0223,2.0913,2.1753,2.2707,2.3704,2.4835,2.6221,2.7377,3.0747,3.2373,2.8072,2.9652,3.2385,2.999,2.42,1.9332,1.6484,1.3745,0.9585,0.3694,0.2437,0.7515,1.1007,1.248,1.2796,1.2438,1.2162,1.2429,1.292,1.3366,1.8223,1.8443,1.8701,1.9004,1.9362,1.9788,2.0295,2.0892,2.158,2.2339,2.3155,2.406,2.5137,2.6789,3.0035,3.107,2.8321,2.9041,3.3807,3.5983,2.801,2.2283,1.8785,1.5443,1.0702,0.3449,0.1875,0.9515,1.2746,1.3634,1.3365,1.2416,1.1914,1.2334,1.2978,1.3493,1.8342,1.8562,1.8816,1.9109,1.9449,1.9842,2.0295,2.0811,2.1387,2.2014,2.2692,2.3445,2.4346,2.5544,2.6927,2.7388,2.7032,2.7982,3.0819,3.1399,2.7006,2.3309,2.0916,1.7996,1.4685,1.329,1.6853,1.6725,1.5741,1.5351,1.451,1.3317,1.2679,1.2893,1.3375,1.3794,1.8433,1.8649,1.8894,1.9172,1.9489,1.9847,2.0249,2.0695,2.1183,2.1708,2.2272,2.2887,2.3573,2.4331,2.502,2.5394,2.5605,2.6169,2.6948,2.6649,2.5046,2.4307,2.382,2.0904,1.801,1.8317,2.1688,1.9887,1.8048,1.7327,1.6128,1.4854,1.4067,1.389,1.4029,1.4238,1.85,1.8708,1.8941,1.9201,1.9492,1.9815,2.017,2.0557,2.0973,2.1414,2.1879,2.2368,2.2878,2.338,2.3811,2.4113,2.4341,2.4586,2.4723,2.4483,2.4253,2.5287,2.5768,2.2637,1.9617,1.8865,1.9442,1.925,1.9602,1.9048,1.7521,1.6159,1.5271,1.4842,1.4713,1.4726,1.8545,1.8743,1.8961,1.9203,1.9468,1.9757,2.007,2.0405,2.0759,2.1129,2.151,2.1897,2.2279,2.2634,2.2933,2.3157,2.3314,2.3413,2.3418,2.3346,2.3495,2.4167,2.4138,2.2185,2.0044,1.8997,1.8828,1.912,1.9777,1.9338,1.8054,1.6878,1.6049,1.5548,1.5287,1.5173]}]