docs/data/wind_grid.json
[{"header":{"la1":42.85,"la2":41.18,"lo1":11.55,"lo2":14.05,"nx":36,"ny":24,"dx":0.07143,"dy":0.07261,"parameterCategory":2,"parameterNumber":2,"parameterNumberName":"eastward_wind","parameterUnit":"m.s-1"},"data":[-0.6987,-0.7049,-0.7092,-0.7114,-0.7116,-0.7096,-0.7047,-0.696,-0.6831,-0.6663,-0.6477,-0.6297,-0.6146,-0.6036,-0.5969,-0.5931,-0.5903,-0.5854,-0.5758,-0.5605,-0.5415,-0.5235,-0.5112,-0.5064,-0.5073,-0.5108,-0.5145,-0.5171,-0.5183,-0.5182,-0.5171,-0.5154,-0.5132,-0.5109,-0.5085,-0.5061,-0.7216,-0.7301,-0.7363,-0.7402,-0.7421,-0.742,-0.7389,-0.7307,-0.7153,-0.6927,-0.6663,-0.6409,-0.6206,-0.6074,-0.6013,-0.6005,-0.6014,-0.5989,-0.5874,-0.5637,-0.5311,-0.5003,-0.4829,-0.4814,-0.4898,-0.5006,-0.5093,-0.5149,-0.5176,-0.5181,-0.5172,-0.5154,-0.5131,-0.5105,-0.5079,-0.5053,-0.7486,-0.7605,-0.7693,-0.775,-0.779,-0.7826,-0.7847,-0.7804,-0.7629,-0.7308,-0.691,-0.6534,-0.625,-0.6088,-0.6043,-0.609,-0.6178,-0.6221,-0.6099,-0.5713,-0.5097,-0.4508,-0.426,-0.4377,-0.4642,-0.4882,-0.5046,-0.5138,-0.5179,-0.5187,-0.5177,-0.5155,-0.5129,-0.51,-0.5071,-0.5043,-0.7811,-0.798,-0.8101,-0.8174,-0.8231,-0.8324,-0.8467,-0.8557,-0.8394,-0.7901,-0.7247,-0.6659,-0.6253,-0.6051,-0.6036,-0.6176,-0.6416,-0.6627,-0.6573,-0.5957,-0.4704,-0.3428,-0.3119,-0.3669,-0.4326,-0.4777,-0.5029,-0.5151,-0.5197,-0.5202,-0.5185,-0.5158,-0.5126,-0.5093,-0.5061,-0.5031,-0.8203,-0.8455,-0.8631,-0.8709,-0.8746,-0.8893,-0.9283,-0.9764,-0.9734,-0.8861,-0.7685,-0.6746,-0.6173,-0.5926,-0.5954,-0.623,-0.6723,-0.7314,-0.759,-0.6764,-0.4257,-0.1275,-0.1143,-0.2836,-0.4113,-0.4777,-0.508,-0.5202,-0.5234,-0.5225,-0.5196,-0.5159,-0.5121,-0.5083,-0.5048,-0.5016,-0.8672,-0.9077,-0.9371,-0.9443,-0.935,-0.9439,-1.0191,-1.1645,-1.2132,-1.0295,-0.8101,-0.6686,-0.5945,-0.5663,-0.5739,-0.6166,-0.6997,-0.8271,-0.9531,-0.8895,-0.5046,0.015,-0.0069,-0.2812,-0.4345,-0.4988,-0.5228,-0.5294,-0.5287,-0.5251,-0.5205,-0.5157,-0.5112,-0.5069,-0.5031,-0.4997,-0.9197,-0.988,-1.0472,-1.0603,-1.0151,-0.9806,-1.0612,-1.3287,-1.4763,-1.1281,-0.8006,-0.6305,-0.5506,-0.5219,-0.5323,-0.5852,-0.6949,-0.8859,-1.1369,-1.114,-0.7922,-0.4386,-0.3471,-0.4489,-0.5165,-0.5409,-0.5448,-0.5408,-0.5342,-0.5273,-0.5207,-0.5148,-0.5096,-0.5049,-0.5008,-0.4973,-0.9675,-1.0767,-1.2038,-1.2574,-1.1371,-0.9963,-0.9864,-1.1459,-1.2261,-0.9464,-0.6885,-0.5524,-0.4852,-0.4579,-0.4642,-0.5166,-0.6339,-0.8184,-1.0139,-1.0673,-1.1218,-1.0222,-0.7873,-0.6655,-0.6147,-0.586,-0.5656,-0.5498,-0.5375,-0.5276,-0.5195,-0.5128,-0.507,-0.5021,-0.4979,-0.4942,-0.9902,-1.1285,-1.3343,-1.4848,-1.2499,-0.9896,-0.8605,-0.8154,-0.7512,-0.6258,-0.522,-0.4533,-0.4072,-0.3783,-0.3627,-0.398,-0.5333,-0.7161,-0.8983,-1.1382,-1.5897,-1.4803,-1.0387,-0.7938,-0.675,-0.6121,-0.5752,-0.5519,-0.5362,-0.525,-0.5163,-0.5093,-0.5034,-0.4984,-0.4941,-0.4905,-0.9737,-1.094,-1.2461,-1.3299,-1.1619,-0.9424,-0.76,-0.6089,-0.4396,-0.3498,-0.3699,-0.3602,-0.3273,-0.2957,-0.233,-0.2037,-0.4387,-0.6731,-0.8588,-1.082,-1.3986,-1.3381,-1.0177,-0.7992,-0.6764,-0.6073,-0.5677,-0.5442,-0.5293,-0.519,-0.5109,-0.5043,-0.4985,-0.4936,-0.4894,-0.4859,-0.9283,-1.0167,-1.1053,-1.1702,-1.1282,-0.9012,-0.7048,-0.5351,-0.2187,-0.0698,-0.2685,-0.2883,-0.2439,-0.2092,-0.2002,-0.1905,-0.4771,-0.7652,-0.9231,-0.9818,-1.0318,-0.9934,-0.8566,-0.7231,-0.6296,-0.5732,-0.5428,-0.5268,-0.5172,-0.5101,-0.5039,-0.498,-0.4926,-0.4877,-0.4836,-0.4804,-0.8699,-0.9386,-1.0233,-1.1242,-1.0733,-0.8374,-0.7006,-0.6519,-0.4146,-0.2192,-0.2728,-0.2386,-0.1548,-0.0368,-0.1346,-0.3545,-0.6742,-1.1578,-1.294,-1.0613,-0.9006,-0.8037,-0.7124,-0.6255,-0.5567,-0.5173,-0.5045,-0.503,-0.5024,-0.5001,-0.496,-0.4908,-0.4854,-0.4804,-0.4764,-0.4735,-0.8041,-0.8498,-0.8981,-0.9253,-0.8653,-0.747,-0.7133,-0.7911,-0.6717,-0.4196,-0.2845,-0.1953,-0.1304,0.0317,-0.0807,-0.4227,-0.8241,-1.9961,-2.0475,-1.1863,-0.8333,-0.6821,-0.5991,-0.5355,-0.4784,-0.4502,-0.4613,-0.4793,-0.489,-0.4912,-0.4884,-0.483,-0.4768,-0.4712,-0.4672,-0.4647,-0.7371,-0.76,-0.7749,-0.7669,-0.7237,-0.6726,-0.6693,-0.716,-0.6319,-0.4041,-0.2506,-0.1507,-0.1284,-0.1863,-0.2926,-0.5065,-0.7247,-1.3672,-1.5064,-0.9814,-0.6698,-0.5359,-0.4904,-0.4662,-0.4283,-0.404,-0.4334,-0.4659,-0.4822,-0.4861,-0.4821,-0.4741,-0.4655,-0.4587,-0.4547,-0.4534,-0.6757,-0.6826,-0.6803,-0.6633,-0.6318,-0.5987,-0.5783,-0.5523,-0.4556,-0.2954,-0.1775,-0.1458,-0.1312,-0.0212,-0.3492,-0.5586,-1.1641,-0.8988,-0.8137,-0.5938,-0.3707,-0.3139,-0.3644,-0.411,-0.4232,-0.4187,-0.4421,-0.4714,-0.4862,-0.4865,-0.4768,-0.4623,-0.4488,-0.44,-0.4369,-0.4381,-0.6228,-0.6202,-0.61,-0.5901,-0.5617,-0.5282,-0.4894,-0.4313,-0.3301,-0.1776,0.0062,-0.0881,-0.1211,-0.1628,-0.3336,-0.6492,-0.9831,-0.6896,-0.4764,-0.2602,0.0404,-0.0226,-0.2343,-0.3572,-0.4198,-0.4506,-0.4766,-0.4978,-0.5039,-0.4934,-0.4704,-0.4427,-0.4203,-0.4099,-0.4106,-0.4177,-0.5787,-0.5706,-0.5563,-0.5349,-0.5063,-0.4707,-0.4252,-0.3625,-0.2732,-0.1507,-0.016,-0.0704,-0.0818,-0.0815,-0.2271,-0.3679,-0.4348,-0.2984,-0.1338,-0.0706,0.1167,0.0401,-0.1817,-0.3307,-0.4306,-0.4977,-0.5366,-0.5487,-0.538,-0.5068,-0.4583,-0.4049,-0.368,-0.3599,-0.3723,-0.3915,-0.5424,-0.5311,-0.5147,-0.4925,-0.4641,-0.4288,-0.3847,-0.3294,-0.2616,-0.1876,-0.1315,-0.1137,-0.0713,-0.0542,-0.0572,-0.0582,-0.1102,0.0779,0.3218,0.0938,0.0018,-0.0707,-0.1998,-0.3424,-0.4803,-0.5922,-0.6396,-0.6292,-0.5909,-0.5272,-0.4349,-0.333,-0.2741,-0.2822,-0.3223,-0.3623,-0.5127,-0.4997,-0.4824,-0.4603,-0.433,-0.4001,-0.3608,-0.3152,-0.2647,-0.215,-0.1739,-0.1409,-0.1001,-0.021,0.2581,0.3855,0.0876,0.1465,0.2847,0.2252,0.0726,-0.068,-0.2024,-0.3634,-0.5542,-0.7237,-0.7629,-0.725,-0.6615,-0.5597,-0.4078,-0.2287,-0.1426,-0.1917,-0.2752,-0.3394,-0.4885,-0.4747,-0.4573,-0.4361,-0.4106,-0.3809,-0.3469,-0.3093,-0.2697,-0.2308,-0.1943,-0.1568,-0.1048,0.0008,0.225,0.3001,0.1176,0.1358,0.3555,0.4564,0.1681,-0.0148,-0.1593,-0.3499,-0.5904,-0.7743,-0.8082,-0.8339,-0.7551,-0.6178,-0.4229,-0.1878,-0.0834,-0.1591,-0.2633,-0.336,-0.4688,-0.4549,-0.438,-0.4179,-0.3947,-0.3682,-0.3389,-0.3073,-0.2744,-0.2413,-0.2079,-0.1708,-0.1218,-0.0486,0.041,0.0747,0.0548,0.0991,0.2333,0.2771,0.1532,0.0778,-0.0172,-0.2517,-0.577,-0.8956,-1.1834,-1.0963,-0.8739,-0.7034,-0.5177,-0.312,-0.206,-0.2362,-0.304,-0.3577,-0.4529,-0.4392,-0.4231,-0.4045,-0.3834,-0.3599,-0.3344,-0.3072,-0.279,-0.2502,-0.2201,-0.1869,-0.1477,-0.1013,-0.0561,-0.0275,-0.0083,0.0307,0.0888,0.125,0.1704,0.326,0.3471,-0.0247,-0.5048,-0.9976,-1.4411,-1.2286,-0.9229,-0.7874,-0.6404,-0.4823,-0.3802,-0.356,-0.3718,-0.395,-0.4402,-0.427,-0.4118,-0.3946,-0.3755,-0.3546,-0.3322,-0.3086,-0.284,-0.2587,-0.2323,-0.2041,-0.1734,-0.141,-0.1105,-0.0847,-0.0598,-0.0277,0.0144,0.0755,0.2221,0.5463,0.6497,0.1634,-0.377,-0.8047,-1.0496,-0.9837,-0.9001,-0.8549,-0.7285,-0.5944,-0.4984,-0.4497,-0.4338,-0.4331,-0.43,-0.4174,-0.4032,-0.3875,-0.3702,-0.3516,-0.3317,-0.311,-0.2895,-0.2673,-0.2444,-0.2207,-0.196,-0.1712,-0.1473,-0.1247,-0.1013,-0.0732,-0.0347,0.0301,0.1578,0.3494,0.3748,0.0708,-0.3133,-0.6183,-0.7963,-0.8579,-0.8935,-0.8585,-0.7495,-0.6396,-0.5569,-0.5048,-0.4764,-0.463]},{"header":{"la1":42.85,"la2":41.18,"lo1":11.55,"lo2":14.05,"nx":36,"ny":24,"dx":0.07143,"dy":0.07261,"parameterCategory":2,"parameterNumber":3,"parameterNumberName":"northward_wind","parameterUnit":"m.s-1"},"data":[-0.699,-0.696,-0.6914,-0.685,-0.6769,-0.6675,-0.6574,-0.6472,-0.6373,-0.6274,-0.6165,-0.6036,-0.588,-0.5694,-0.5483,-0.5258,-0.5036,-0.484,-0.4692,-0.4604,-0.4572,-0.4578,-0.4602,-0.463,-0.4662,-0.4701,-0.4752,-0.4813,-0.4884,-0.4963,-0.5046,-0.5132,-0.5218,-0.5304,-0.5388,-0.5468,-0.7085,-0.7058,-0.7009,-0.6935,-0.6837,-0.6719,-0.6594,-0.6475,-0.6373,-0.6285,-0.6192,-0.6072,-0.591,-0.57,-0.5448,-0.5166,-0.4882,-0.4631,-0.4455,-0.438,-0.4395,-0.4455,-0.4513,-0.455,-0.4579,-0.4615,-0.4668,-0.4737,-0.4818,-0.4909,-0.5005,-0.5104,-0.5202,-0.5299,-0.5392,-0.5481,-0.7193,-0.7171,-0.7122,-0.7036,-0.6911,-0.6751,-0.6576,-0.6421,-0.6316,-0.626,-0.621,-0.6121,-0.5963,-0.573,-0.5426,-0.5067,-0.4685,-0.4343,-0.4123,-0.4089,-0.422,-0.4402,-0.4509,-0.4527,-0.452,-0.4535,-0.4584,-0.4659,-0.4754,-0.4859,-0.4969,-0.5082,-0.5194,-0.5302,-0.5406,-0.5504,-0.7315,-0.7306,-0.726,-0.7162,-0.6998,-0.6765,-0.6487,-0.6242,-0.6126,-0.6149,-0.6206,-0.6188,-0.6054,-0.58,-0.5436,-0.497,-0.4435,-0.3923,-0.3608,-0.3665,-0.4085,-0.4562,-0.4717,-0.4606,-0.4488,-0.4455,-0.4495,-0.4581,-0.469,-0.4813,-0.4941,-0.5069,-0.5196,-0.5317,-0.5433,-0.554,-0.7452,-0.7466,-0.7438,-0.7336,-0.7125,-0.6775,-0.6288,-0.5801,-0.5627,-0.5862,-0.617,-0.6293,-0.6203,-0.5938,-0.5512,-0.4915,-0.4145,-0.3293,-0.2703,-0.2896,-0.3981,-0.5201,-0.5292,-0.4766,-0.4441,-0.4353,-0.4395,-0.4499,-0.4631,-0.4775,-0.4922,-0.5069,-0.5212,-0.5348,-0.5475,-0.5593,-0.76,-0.7656,-0.767,-0.7586,-0.7341,-0.6853,-0.6008,-0.4902,-0.4491,-0.5312,-0.6152,-0.6483,-0.6443,-0.6174,-0.5707,-0.4987,-0.3918,-0.2455,-0.1071,-0.1304,-0.3389,-0.5707,-0.5643,-0.4682,-0.4262,-0.4194,-0.4276,-0.4415,-0.4578,-0.4748,-0.4918,-0.5085,-0.5246,-0.5398,-0.5538,-0.5666,-0.7744,-0.7867,-0.7968,-0.7949,-0.7701,-0.7143,-0.6011,-0.401,-0.3054,-0.4944,-0.6401,-0.6844,-0.6801,-0.654,-0.609,-0.5327,-0.4042,-0.199,0.0536,0.0378,-0.19,-0.3717,-0.4225,-0.3961,-0.388,-0.3977,-0.4146,-0.434,-0.4539,-0.4738,-0.4933,-0.5123,-0.5304,-0.5472,-0.5626,-0.5764,-0.7855,-0.8058,-0.8324,-0.8446,-0.8167,-0.7689,-0.687,-0.5371,-0.4679,-0.6202,-0.7256,-0.7429,-0.7271,-0.705,-0.6749,-0.609,-0.4783,-0.2825,-0.0817,-0.0412,-0.0309,-0.0873,-0.2208,-0.2999,-0.3441,-0.3763,-0.4037,-0.4287,-0.4523,-0.4751,-0.4974,-0.5188,-0.5391,-0.5578,-0.5747,-0.5894,-0.7884,-0.8118,-0.8576,-0.8973,-0.8457,-0.8199,-0.8178,-0.8084,-0.8278,-0.872,-0.8618,-0.8155,-0.7776,-0.7674,-0.7845,-0.7536,-0.6019,-0.4109,-0.2379,-0.0575,0.233,0.168,-0.0946,-0.2405,-0.3167,-0.3638,-0.3983,-0.4273,-0.4538,-0.4794,-0.5045,-0.5287,-0.5515,-0.5724,-0.5908,-0.6065,-0.7811,-0.7909,-0.8111,-0.826,-0.7881,-0.8415,-0.9335,-1.0311,-1.156,-1.1838,-1.0228,-0.8821,-0.8183,-0.8234,-0.9525,-1.03,-0.7283,-0.4918,-0.323,-0.132,0.1028,0.0743,-0.1142,-0.2409,-0.3159,-0.3648,-0.4006,-0.4306,-0.4588,-0.487,-0.5153,-0.5429,-0.569,-0.5924,-0.6124,-0.6288,-0.7706,-0.7582,-0.7096,-0.5819,-0.618,-0.8491,-1.0432,-1.1958,-1.4543,-1.5917,-1.1516,-0.9145,-0.8442,-0.8495,-0.9424,-1.0347,-0.6955,-0.4907,-0.3749,-0.2626,-0.1597,-0.1443,-0.2062,-0.2777,-0.3358,-0.3786,-0.4104,-0.4383,-0.467,-0.498,-0.5306,-0.5629,-0.593,-0.6195,-0.6412,-0.6578,-0.7675,-0.7499,-0.6953,-0.5941,-0.6477,-0.9244,-1.1824,-1.3353,-1.3821,-1.3986,-1.0859,-0.8956,-0.8691,-0.9606,-0.8563,-0.6625,-0.5007,-0.4393,-0.4063,-0.3285,-0.2644,-0.2436,-0.2662,-0.3139,-0.3661,-0.4043,-0.4271,-0.4487,-0.4773,-0.5126,-0.5515,-0.5906,-0.6264,-0.6566,-0.6797,-0.6957,-0.7738,-0.7683,-0.7535,-0.7496,-0.8325,-1.0334,-1.2858,-1.49,-1.3779,-1.157,-0.9628,-0.8683,-0.8501,-1.0146,-0.8422,-0.3741,-0.2629,-0.4784,-0.4926,-0.3337,-0.2654,-0.2487,-0.2747,-0.3342,-0.4067,-0.447,-0.4494,-0.4592,-0.4886,-0.5314,-0.5805,-0.6298,-0.6736,-0.7082,-0.7319,-0.7454,-0.7828,-0.7908,-0.804,-0.8379,-0.9178,-1.0542,-1.2278,-1.3753,-1.292,-1.0451,-0.8877,-0.8853,-0.8756,-0.6161,-0.3672,0.1894,0.1424,-0.2052,-0.3314,-0.2468,-0.1832,-0.1753,-0.2316,-0.3291,-0.444,-0.4937,-0.466,-0.4648,-0.5,-0.5563,-0.6219,-0.6869,-0.7421,-0.7815,-0.8035,-0.8107,-0.7882,-0.8031,-0.8257,-0.8633,-0.9231,-1.0044,-1.0897,-1.1313,-1.0614,-0.9272,-0.8366,-0.7791,-0.6375,-0.4043,-0.174,0.3648,0.8817,0.1953,-0.1007,-0.0939,0.0314,0.0213,-0.1259,-0.2782,-0.4056,-0.4614,-0.4488,-0.4598,-0.5116,-0.5908,-0.6832,-0.7731,-0.8447,-0.8878,-0.9024,-0.8961,-0.7876,-0.8038,-0.8257,-0.8557,-0.8943,-0.9365,-0.9682,-0.9667,-0.9196,-0.8636,-0.8723,-0.7995,-0.7116,-0.5274,-0.2698,0.2009,0.6093,0.1446,-0.0906,0.0514,0.5219,0.3989,0.0113,-0.2056,-0.3183,-0.3706,-0.3939,-0.4372,-0.521,-0.6388,-0.7756,-0.9074,-1.0034,-1.0451,-1.0389,-1.0052,-0.7817,-0.796,-0.8135,-0.8343,-0.8568,-0.8763,-0.8848,-0.8745,-0.848,-0.8304,-0.8536,-0.804,-0.8173,-0.8058,-0.4685,-0.2091,-0.0985,-0.2307,-0.3272,-0.0519,0.5855,0.4371,0.0188,-0.1774,-0.2461,-0.2609,-0.2895,-0.3773,-0.5197,-0.7019,-0.9137,-1.1202,-1.2539,-1.2771,-1.2211,-1.1372,-0.7722,-0.7835,-0.7961,-0.8092,-0.8211,-0.8287,-0.8282,-0.8178,-0.8012,-0.7877,-0.7792,-0.7682,-0.8308,-0.8225,-0.5914,-0.4749,-0.4175,-0.5794,-0.8045,-0.4284,-0.0768,-0.0143,-0.1319,-0.2024,-0.1677,-0.0594,-0.0572,-0.2487,-0.5028,-0.7792,-1.106,-1.4462,-1.6372,-1.5969,-1.4398,-1.2777,-0.7608,-0.769,-0.7773,-0.7848,-0.7901,-0.7916,-0.7875,-0.7775,-0.7638,-0.7493,-0.735,-0.7224,-0.7153,-0.6773,-0.6504,-0.6596,-0.5503,-0.6185,-0.7168,-0.5497,-0.3899,-0.2975,-0.2835,-0.2502,-0.0785,0.31,0.3922,-0.0899,-0.5048,-0.863,-1.3113,-1.8428,-2.1045,-1.9347,-1.6367,-1.3911,-0.7486,-0.7542,-0.7591,-0.7627,-0.764,-0.7622,-0.7563,-0.7464,-0.7335,-0.7185,-0.702,-0.684,-0.6629,-0.6389,-0.642,-0.6415,-0.5745,-0.5674,-0.5847,-0.5877,-0.5013,-0.4378,-0.4052,-0.34,-0.1412,0.3395,0.4515,-0.2267,-0.6165,-0.9389,-1.3936,-2.0023,-2.2953,-2.0575,-1.7039,-1.4317,-0.7366,-0.7399,-0.7423,-0.7433,-0.7422,-0.7384,-0.7316,-0.7217,-0.7092,-0.6944,-0.6776,-0.6588,-0.6383,-0.619,-0.6065,-0.5907,-0.5652,-0.5551,-0.5629,-0.5622,-0.5407,-0.5404,-0.5343,-0.485,-0.4128,-0.4298,-0.7686,-0.7987,-0.8382,-1.0104,-1.3037,-1.7209,-1.9588,-1.8426,-1.5997,-1.3853,-0.7251,-0.7268,-0.7274,-0.7266,-0.7239,-0.7191,-0.7118,-0.7021,-0.6901,-0.676,-0.6601,-0.6427,-0.6244,-0.6068,-0.5911,-0.5756,-0.5613,-0.554,-0.5554,-0.5637,-0.5955,-0.6705,-0.6949,-0.63,-0.6273,-0.8258,-1.168,-1.0619,-1.0572,-1.1186,-1.2101,-1.3926,-1.5352,-1.5255,-1.4159,-1.2863,-0.7145,-0.7149,-0.7142,-0.7122,-0.7086,-0.7032,-0.6958,-0.6864,-0.6751,-0.6621,-0.6477,-0.6322,-0.6162,-0.6007,-0.5864,-0.5738,-0.5642,-0.5603,-0.5653,-0.5865,-0.6451,-0.7546,-0.7865,-0.7061,-0.7094,-0.8376,-0.9941,-1.1139,-1.3193,-1.2749,-1.1959,-1.2234,-1.2806,-1.2919,-1.2494,-1.1798,-0.7049,-0.7043,-0.7027,-0.7,-0.6958,-0.6902,-0.6829,-0.674,-0.6636,-0.6519,-0.639,-0.6255,-0.6118,-0.5986,-0.5867,-0.5769,-0.5705,-0.5697,-0.5778,-0.601,-0.6485,-0.7125,-0.7333,-0.7105,-0.7325,-0.8221,-0.9555,-1.1523,-1.3521,-1.2975,-1.1815,-1.1429,-1.1475,-1.1484,-1.1277,-1.089]}]