docs/data/wind_grid.json
{"header": {"la1":42.1,"la2":41.55,"lo1":12.1,"lo2":12.95,"nx":50,"ny":50,"dx":0.01735,"dy":0.01122,"parameterCategory":2,"parameterNumber":2,"parameterNumberName":"eastward_wind","parameterUnit":"m.s-1"}, "data":
[rows 0 to 45 of 50, columns 0 to 49 of 50]
1.5012,1.4972,1.4932,1.4892,1.4854,1.4817,1.4782,1.475,1.4722,1.4699,1.4683,1.4675,1.4677,1.4692,1.4723,1.4772,1.4845,1.4945,1.5078,1.5249,1.5465,1.5732,1.6058,1.6449,1.6912,1.7451,1.807,1.8772,1.9556,2.0418,2.1354,2.2354,2.3402,2.4478,2.5558,2.6608,2.7594,2.8479,2.9231,2.9826,3.0252,3.0508,3.0607,3.0569,3.0417,3.0178,2.9875,2.953,2.9158,2.8774
1.496,1.4916,1.4872,1.4828,1.4785,1.4743,1.4702,1.4663,1.4628,1.4597,1.4572,1.4555,1.4548,1.4553,1.4573,1.4611,1.4673,1.4762,1.4884,1.5046,1.5254,1.5516,1.5841,1.6235,1.6706,1.726,1.7901,1.8632,1.9454,2.0364,2.1355,2.242,2.3542,2.4701,2.5868,2.7007,2.8078,2.9037,2.9846,3.0476,3.0913,3.1159,3.1229,3.1147,3.0945,3.0652,3.0295,2.9898,2.9479,2.9053
1.491,1.4863,1.4815,1.4766,1.4718,1.467,1.4623,1.4578,1.4535,1.4496,1.4463,1.4436,1.4418,1.4412,1.4421,1.4447,1.4496,1.4573,1.4683,1.4834,1.5033,1.5289,1.561,1.6006,1.6484,1.7052,1.7715,1.8476,1.9336,2.0293,2.1343,2.2475,2.3675,2.4921,2.6182,2.7419,2.8583,2.9624,3.0496,3.1163,3.1611,3.1842,3.1876,3.1744,3.1484,3.113,3.0714,3.0262,2.9794,2.9324
1.4862,1.4811,1.4759,1.4706,1.4653,1.46,1.4547,1.4494,1.4444,1.4397,1.4354,1.4317,1.4289,1.4271,1.4267,1.4281,1.4316,1.4379,1.4476,1.4614,1.4802,1.5049,1.5366,1.5762,1.6246,1.6827,1.7511,1.8302,1.9201,2.0206,2.1314,2.2515,2.3796,2.5133,2.6496,2.7838,2.9105,3.0237,3.1178,3.1886,3.2343,3.2553,3.2544,3.2354,3.2028,3.1607,3.1127,3.0617,3.0097,2.9582
1.4816,1.4761,1.4706,1.4649,1.4591,1.4532,1.4472,1.4413,1.4355,1.4299,1.4246,1.4199,1.4159,1.4129,1.4112,1.4112,1.4133,1.4181,1.4263,1.4387,1.4562,1.4798,1.5108,1.5502,1.5992,1.6585,1.729,1.811,1.9048,2.0102,2.1268,2.2539,2.3901,2.5334,2.6802,2.8257,2.9637,3.0869,3.1886,3.2638,3.3102,3.3287,3.3227,3.297,3.2571,3.2077,3.1529,3.0958,3.0385,2.9824
1.4772,1.4714,1.4655,1.4594,1.4531,1.4466,1.4401,1.4334,1.4268,1.4203,1.4141,1.4083,1.4031,1.3988,1.3957,1.3942,1.3947,1.3979,1.4045,1.4152,1.4312,1.4537,1.4838,1.5229,1.5721,1.6326,1.7051,1.7901,1.8876,1.9978,2.1202,2.2542,2.3986,2.5514,2.7092,2.8668,3.0169,3.1512,3.2613,3.3411,3.388,3.4033,3.3914,3.3582,3.3103,3.2531,3.1912,3.1278,3.0651,3.0046
1.473,1.467,1.4607,1.4542,1.4474,1.4404,1.4332,1.4259,1.4184,1.411,1.4038,1.3968,1.3904,1.3847,1.3802,1.3771,1.376,1.3775,1.3822,1.3912,1.4055,1.4265,1.4555,1.4941,1.5435,1.6051,1.6795,1.7674,1.8687,1.9836,2.1115,2.2521,2.4044,2.5667,2.7356,2.9057,3.0688,3.215,3.3343,3.4192,3.4664,3.4778,3.4592,3.4178,3.3612,3.2959,3.2267,3.157,3.0891,3.0243
1.4692,1.4629,1.4563,1.4493,1.4421,1.4346,1.4268,1.4187,1.4104,1.4021,1.3938,1.3857,1.378,1.3709,1.3648,1.3601,1.3573,1.3569,1.3597,1.3667,1.3792,1.3984,1.4261,1.464,1.5135,1.576,1.6524,1.7431,1.8482,1.9675,2.1007,2.2474,2.4071,2.5783,2.758,2.9407,3.1175,3.2765,3.4058,3.496,3.5434,3.5504,3.5243,3.4741,3.4085,3.3349,3.2585,3.1827,3.1099,3.041
1.4657,1.4591,1.4521,1.4449,1.4372,1.4291,1.4207,1.4119,1.4029,1.3936,1.3842,1.3749,1.3658,1.3573,1.3497,1.3432,1.3386,1.3362,1.337,1.342,1.3523,1.3697,1.3959,1.4328,1.4822,1.5456,1.6238,1.7174,1.8261,1.9497,2.0877,2.2399,2.406,2.5852,2.775,2.97,3.1606,3.3331,3.4731,3.5689,3.6163,3.6186,3.5845,3.5251,3.4506,3.3688,3.2855,3.2042,3.1268,3.0543
1.4624,1.4556,1.4484,1.4408,1.4327,1.4242,1.4152,1.4057,1.3958,1.3855,1.375,1.3645,1.3541,1.3441,1.3348,1.3266,1.3201,1.3157,1.3144,1.3172,1.3253,1.3406,1.365,1.4007,1.4499,1.514,1.5942,1.6906,1.8029,1.9305,2.0728,2.2296,2.4008,2.5865,2.785,2.9913,3.1953,3.3816,3.5327,3.6346,3.682,3.6793,3.6372,3.5688,3.4856,3.3963,3.3068,3.2205,3.1392,3.0638
1.4596,1.4526,1.4451,1.4372,1.4288,1.4197,1.4102,1.4,1.3893,1.378,1.3664,1.3546,1.3428,1.3313,1.3203,1.3104,1.3019,1.2955,1.2921,1.2926,1.2984,1.3114,1.3337,1.3681,1.4168,1.4817,1.5638,1.6631,1.779,1.9104,2.0563,2.2165,2.3912,2.5814,2.7864,3.0022,3.2185,3.4181,3.5804,3.6886,3.7363,3.7288,3.6793,3.6026,3.5117,3.416,3.3213,3.231,3.1468,3.0691
1.4571,1.4499,1.4423,1.4341,1.4253,1.4159,1.4058,1.3949,1.3834,1.3712,1.3585,1.3454,1.3321,1.319,1.3063,1.2945,1.2842,1.2758,1.2703,1.2686,1.2721,1.2826,1.3027,1.3354,1.3835,1.4491,1.5331,1.6354,1.7549,1.8899,2.0388,2.2011,2.3774,2.5694,2.7779,3.0003,3.2267,3.4383,3.6114,3.726,3.7745,3.7632,3.7074,3.624,3.5271,3.4265,3.3281,3.2351,3.1489,3.0699
1.455,1.4477,1.4399,1.4315,1.4225,1.4127,1.4021,1.3906,1.3783,1.3651,1.3512,1.3368,1.3221,1.3073,1.2929,1.2793,1.267,1.2568,1.2493,1.2456,1.2468,1.2549,1.2725,1.3032,1.3504,1.4165,1.5026,1.6081,1.7313,1.8697,2.0209,2.184,2.3597,2.5504,2.7588,2.9839,3.2168,3.438,3.6207,3.7418,3.7919,3.7784,3.7185,3.6307,3.5301,3.4267,3.3264,3.2322,3.1453,3.0659
1.4533,1.446,1.4381,1.4296,1.4203,1.4102,1.3992,1.3871,1.374,1.3598,1.3448,1.329,1.3128,1.2963,1.2801,1.2647,1.2506,1.2386,1.2294,1.2241,1.2234,1.2291,1.244,1.2724,1.3183,1.3848,1.473,1.5819,1.7089,1.8506,2.0037,2.1663,2.3389,2.5251,2.7289,2.9518,3.1866,3.4137,3.6039,3.731,3.7841,3.7708,3.7099,3.6209,3.5195,3.4159,3.3158,3.2221,3.1358,3.0571
1.452,1.4447,1.4368,1.4283,1.4189,1.4085,1.3971,1.3845,1.3706,1.3555,1.3393,1.3221,1.3043,1.2861,1.2681,1.2508,1.2349,1.2212,1.2109,1.2045,1.2027,1.2065,1.2185,1.2438,1.2879,1.3546,1.4448,1.5573,1.6885,1.8338,1.9883,2.1491,2.3166,2.4947,2.6893,2.9045,3.1354,3.3634,3.558,3.6904,3.748,3.7381,3.6799,3.5936,3.4948,3.3938,3.2961,3.2047,3.1204,3.0435
1.4512,1.444,1.4362,1.4276,1.4182,1.4077,1.396,1.3829,1.3684,1.3523,1.3349,1.3162,1.2967,1.2767,1.2568,1.2376,1.2199,1.2048,1.1937,1.1873,1.1857,1.1884,1.1973,1.2187,1.2601,1.3264,1.4187,1.5351,1.6709,1.82,1.9759,2.1342,2.2945,2.4613,2.6422,2.8439,3.0646,3.2877,3.4827,3.6193,3.6829,3.6798,3.6285,3.5489,3.4562,3.3606,3.2677,3.1803,3.0994,3.0253
1.4509,1.4438,1.4361,1.4277,1.4183,1.4078,1.3959,1.3825,1.3673,1.3503,1.3316,1.3115,1.2902,1.2683,1.2464,1.2252,1.2056,1.1892,1.1777,1.1726,1.1733,1.1766,1.1821,1.1981,1.2355,1.3009,1.3953,1.5159,1.6569,1.8104,1.9678,2.1231,2.2748,2.4276,2.5907,2.7736,2.9779,3.19,3.3811,3.5201,3.5909,3.5978,3.5573,3.488,3.4048,3.3173,3.2311,3.1493,3.0731,3.0028
1.451,1.4442,1.4368,1.4285,1.4194,1.409,1.397,1.3833,1.3676,1.3497,1.3298,1.308,1.2848,1.2609,1.2368,1.2135,1.1919,1.1739,1.1622,1.1596,1.1655,1.1725,1.1743,1.1824,1.2143,1.2783,1.3749,1.5002,1.6471,1.8058,1.9654,2.1177,2.2599,2.3967,2.539,2.6987,2.8814,3.077,3.2596,3.3989,3.4773,3.4962,3.4695,3.4136,3.3424,3.2651,3.1875,3.1126,3.042,2.9763
1.4516,1.4451,1.438,1.4302,1.4214,1.4112,1.3994,1.3856,1.3695,1.3507,1.3295,1.3059,1.2807,1.2545,1.2282,1.2025,1.1786,1.1585,1.1459,1.1459,1.1601,1.1752,1.1729,1.1699,1.1953,1.2582,1.3576,1.4884,1.642,1.8069,1.9696,2.1194,2.2519,2.3718,2.4913,2.6251,2.7823,2.9572,3.1274,3.2644,3.3496,3.3813,3.3698,3.3291,3.2715,3.2059,3.138,3.071,3.0069,2.9465
1.4527,1.4466,1.44,1.4327,1.4243,1.4147,1.4033,1.3896,1.3731,1.3536,1.3309,1.3054,1.2779,1.2492,1.2204,1.1922,1.1656,1.1424,1.1271,1.127,1.1489,1.1763,1.1699,1.155,1.1757,1.2397,1.3433,1.4804,1.6419,1.8141,1.9811,2.1293,2.2527,2.3557,2.4518,2.5585,2.6884,2.8399,2.9945,3.1264,3.2164,3.2599,3.2635,3.2383,3.195,3.1417,3.0841,3.0257,2.9686,2.9138
1.4542,1.4486,1.4426,1.436,1.4284,1.4194,1.4086,1.3953,1.3788,1.3586,1.3345,1.3068,1.2765,1.245,1.2134,1.1826,1.153,1.1257,1.1043,1.0972,1.116,1.1497,1.1432,1.1268,1.1517,1.2216,1.3316,1.4764,1.6466,1.8272,1.9998,2.1478,2.2632,2.35,2.4235,2.5037,2.6062,2.7331,2.87,2.9939,3.0859,3.1389,3.1559,3.1452,3.1157,3.0746,3.0275,2.9778,2.9278,2.879
1.4561,1.4512,1.4459,1.4401,1.4334,1.4255,1.4156,1.403,1.3868,1.3661,1.3405,1.3102,1.2767,1.2417,1.2071,1.1737,1.1411,1.1087,1.0781,1.0543,1.0468,1.0584,1.064,1.0761,1.1211,1.2034,1.3227,1.4762,1.6557,1.8455,2.0248,2.174,2.2828,2.3553,2.408,2.4635,2.54,2.6427,2.7607,2.874,2.9647,3.0237,3.0515,3.0533,3.0363,3.0067,2.9695,2.9283,2.8855,2.8426
1.4585,1.4542,1.4498,1.445,1.4395,1.4329,1.4244,1.413,1.3975,1.3766,1.3494,1.3162,1.2785,1.2392,1.2011,1.1652,1.1301,1.093,1.0517,1.0054,0.9546,0.9181,0.9449,1.0094,1.0867,1.1863,1.3168,1.4797,1.6685,1.8675,2.0539,2.2054,2.3095,2.3698,2.4044,2.4382,2.4912,2.571,2.6698,2.7706,2.8567,2.9184,2.9536,2.9654,2.9589,2.9395,2.9115,2.8783,2.8423,2.8053
1.4611,1.4577,1.4542,1.4507,1.4466,1.4417,1.435,1.4254,1.4112,1.3906,1.362,1.3251,1.282,1.237,1.1945,1.1564,1.1202,1.0802,1.0301,0.9641,0.8797,0.8125,0.8497,0.9509,1.0566,1.1735,1.315,1.4865,1.6836,1.8908,2.0839,2.2381,2.339,2.3899,2.41,2.4257,2.4586,2.5177,2.5978,2.6848,2.7638,2.8249,2.8643,2.8833,2.8853,2.8744,2.8545,2.8286,2.799,2.7675
1.4641,1.4615,1.4592,1.457,1.4547,1.4518,1.4474,1.4403,1.4283,1.4088,1.379,1.3378,1.2875,1.2345,1.1861,1.146,1.1107,1.0713,1.0175,0.9419,0.8472,0.779,0.8138,0.9203,1.0396,1.1682,1.3182,1.4964,1.6994,1.9124,2.1105,2.2671,2.3661,2.4104,2.42,2.4219,2.4385,2.4798,2.5426,2.6156,2.6858,2.7437,2.7846,2.8081,2.8164,2.8125,2.7995,2.78,2.7562,2.7298
1.4673,1.4656,1.4645,1.4638,1.4634,1.463,1.4616,1.4579,1.4493,1.432,1.4018,1.3556,1.2955,1.2309,1.174,1.1317,1.1,1.0659,1.0153,0.9414,0.8541,0.798,0.8263,0.9212,1.0398,1.1728,1.3272,1.5087,1.7143,1.9295,2.1296,2.2871,2.3851,2.4258,2.4292,2.422,2.4265,2.4532,2.5008,2.5605,2.6212,2.6741,2.7143,2.7402,2.7529,2.7543,2.7469,2.7329,2.7143,2.6926
1.4706,1.4699,1.47,1.471,1.4727,1.4751,1.4773,1.4779,1.4741,1.461,1.4318,1.3802,1.307,1.2254,1.1558,1.1107,1.0852,1.0616,1.0214,0.9582,0.8863,0.8441,0.8666,0.9463,1.0566,1.1875,1.3416,1.5225,1.7265,1.9398,2.138,2.2942,2.3915,2.4315,2.4329,2.4212,2.4179,2.4336,2.4686,2.5163,2.5676,2.6148,2.6527,2.6794,2.6948,2.7001,2.6972,2.6878,2.6737,2.6561
1.474,1.4742,1.4756,1.4783,1.4823,1.4877,1.494,1.5,1.5026,1.4962,1.4707,1.4146,1.3242,1.2174,1.1288,1.0797,1.0635,1.0553,1.0314,0.9846,0.9306,0.9008,0.9197,0.9862,1.0857,1.2104,1.3603,1.5367,1.7351,1.942,2.1344,2.287,2.3835,2.4248,2.4279,2.416,2.4089,2.4172,2.4425,2.4801,2.5228,2.564,2.5989,2.6251,2.6419,2.65,2.6505,2.6449,2.6345,2.6206
1.4773,1.4785,1.4811,1.4855,1.4918,1.5004,1.5111,1.5232,1.534,1.5373,1.52,1.4623,1.3506,1.2077,1.0913,1.0376,1.0339,1.0449,1.0407,1.0132,0.9772,0.9585,0.9761,1.0329,1.1222,1.2387,1.3817,1.5504,1.7396,1.9364,2.1195,2.2662,2.3615,2.4057,2.4132,2.4044,2.397,2.4012,2.4196,2.4492,2.4845,2.52,2.5515,2.5765,2.5938,2.6037,2.6068,2.6043,2.5971,2.5864
1.4806,1.4826,1.4864,1.4923,1.5008,1.5125,1.5277,1.5463,1.5666,1.5827,1.5793,1.5264,1.3919,1.1995,1.0455,0.9878,0.9999,1.0314,1.0474,1.0392,1.0201,1.0118,1.0304,1.0809,1.1616,1.2696,1.4039,1.5627,1.7402,1.9241,2.0956,2.2347,2.3283,2.376,2.3895,2.386,2.3809,2.3838,2.3978,2.4215,2.4508,2.4814,2.5095,2.5328,2.5501,2.561,2.5661,2.5659,2.5614,2.5534
1.4836,1.4864,1.4912,1.4985,1.5089,1.5234,1.5427,1.5677,1.5976,1.6282,1.6441,1.6058,1.4535,1.2009,1.002,0.9424,0.9706,1.0197,1.0526,1.0612,1.0571,1.0586,1.0796,1.1266,1.2006,1.3006,1.4255,1.5731,1.7374,1.907,2.0656,2.1961,2.2873,2.3384,2.3585,2.3615,2.3604,2.364,2.3758,2.3954,2.4202,2.4466,2.4717,2.4933,2.5101,2.5216,2.528,2.5297,2.5274,2.5217
1.4863,1.4898,1.4954,1.5038,1.5158,1.5325,1.5552,1.5853,1.6236,1.6677,1.7041,1.6883,1.5316,1.2249,0.9832,0.9209,0.9582,1.0165,1.0595,1.0804,1.0885,1.0986,1.123,1.1684,1.2372,1.3299,1.4455,1.5815,1.7321,1.887,2.0324,2.1539,2.2423,2.2962,2.3225,2.3322,2.336,2.3417,2.353,2.3701,2.3915,2.4147,2.4373,2.4572,2.4734,2.4852,2.4925,2.4957,2.4952,2.4915
1.4887,1.4926,1.4988,1.508,1.5211,1.5393,1.5642,1.5976,1.6411,1.694,1.7449,1.7489,1.6026,1.2762,1.0113,0.939,0.9708,1.0263,1.0714,1.0991,1.1158,1.133,1.1607,1.2055,1.2705,1.3566,1.4633,1.5879,1.7251,1.8658,1.9983,2.111,2.196,2.2519,2.2836,2.2996,2.3086,2.3172,2.329,2.345,2.3642,2.385,2.4054,2.4239,2.4394,2.4512,2.4593,2.4636,2.4645,2.4625
1.4907,1.495,1.5015,1.5111,1.5247,1.5435,1.5691,1.6035,1.6483,1.7028,1.756,1.7651,1.6346,1.3368,1.0813,0.9938,1.0067,1.0493,1.0896,1.119,1.1408,1.1631,1.1937,1.2383,1.3001,1.3805,1.4788,1.5927,1.7172,1.8445,1.965,2.0692,2.1506,2.2076,2.2437,2.2653,2.2792,2.291,2.3041,2.3197,2.3377,2.3568,2.3756,2.3929,2.4078,2.4196,2.4281,2.4333,2.4354,2.4348
1.4924,1.4967,1.5033,1.513,1.5265,1.545,1.57,1.6029,1.6449,1.694,1.7381,1.7385,1.6232,1.3818,1.1625,1.0657,1.0565,1.082,1.1135,1.141,1.1649,1.1902,1.2228,1.2672,1.3263,1.4014,1.4921,1.5961,1.709,1.8242,1.9337,2.03,2.1075,2.1649,2.2042,2.2303,2.2486,2.2636,2.2784,2.2944,2.3117,2.3297,2.3474,2.3638,2.3782,2.3899,2.3987,2.4047,2.4078,2.4084
1.4936,1.4979,1.5043,1.5136,1.5265,1.544,1.567,1.5967,1.6328,1.672,1.7013,1.6889,1.5891,1.4051,1.2304,1.1356,1.1099,1.1195,1.1411,1.1647,1.1887,1.2155,1.249,1.2929,1.3495,1.4198,1.5035,1.5984,1.7009,1.8052,1.9049,1.9938,2.0675,2.1245,2.1661,2.1958,2.2178,2.2357,2.2523,2.2691,2.2863,2.3036,2.3206,2.3363,2.3503,2.3619,2.371,2.3775,2.3815,2.3832
1.4945,1.4985,1.5046,1.5132,1.5251,1.5408,1.5611,1.5861,1.6149,1.6427,1.6575,1.6356,1.5513,1.4136,1.279,1.1939,1.1597,1.1575,1.1705,1.1897,1.2124,1.2394,1.2731,1.3161,1.3701,1.436,1.5132,1.6001,1.6932,1.7879,1.8789,1.9611,2.0309,2.0869,2.1299,2.1623,2.1873,2.2078,2.2262,2.2438,2.2612,2.2784,2.2949,2.3102,2.3238,2.3354,2.3448,2.3518,2.3565,2.3591
1.495,1.4987,1.5042,1.512,1.5224,1.536,1.553,1.573,1.5941,1.6115,1.6149,1.5881,1.5184,1.4148,1.3117,1.2391,1.2028,1.1934,1.1999,1.215,1.2358,1.2622,1.2954,1.3371,1.3885,1.4502,1.5217,1.6013,1.6861,1.7723,1.8556,1.9317,1.9978,2.0524,2.096,2.1303,2.1576,2.1803,2.2004,2.219,2.2368,2.2539,2.2701,2.2852,2.2987,2.3103,2.3199,2.3273,2.3327,2.336
1.4952,1.4984,1.5032,1.51,1.5189,1.5302,1.5437,1.5587,1.5729,1.5819,1.5775,1.5496,1.4922,1.4132,1.3338,1.2736,1.2389,1.226,1.2281,1.2399,1.2588,1.284,1.3163,1.3564,1.4052,1.463,1.5292,1.6023,1.6798,1.7585,1.8349,1.9056,1.968,2.021,2.0647,2.1001,2.1292,2.1536,2.175,2.1946,2.2129,2.2301,2.2463,2.2613,2.2747,2.2864,2.2962,2.304,2.3099,2.3139
1.4952,1.4979,1.5019,1.5075,1.5148,1.5237,1.5339,1.5444,1.5529,1.5556,1.5465,1.5196,1.4723,1.4111,1.3493,1.3,1.2688,1.2549,1.2544,1.2639,1.281,1.305,1.3359,1.3743,1.4205,1.4746,1.5359,1.6032,1.6742,1.7464,1.8167,1.8824,1.9414,1.9925,2.0358,2.0719,2.1021,2.1278,2.1504,2.1708,2.1896,2.2072,2.2234,2.2384,2.2518,2.2636,2.2736,2.2818,2.2882,2.2928
1.495,1.4971,1.5004,1.5048,1.5104,1.5171,1.5243,1.5309,1.535,1.5333,1.5218,1.4968,1.4578,1.4095,1.3609,1.3207,1.2937,1.2804,1.2788,1.2866,1.3023,1.3249,1.3544,1.3909,1.4346,1.4852,1.5421,1.6041,1.6694,1.7358,1.8007,1.8619,1.9176,1.9668,2.0094,2.0456,2.0766,2.1033,2.1268,2.1479,2.1672,2.185,2.2014,2.2164,2.2299,2.2418,2.252,2.2605,2.2674,2.2725
1.4948,1.4963,1.4987,1.502,1.5061,1.5107,1.5153,1.5188,1.5195,1.515,1.5024,1.4798,1.4475,1.4089,1.3702,1.3376,1.3148,1.3029,1.301,1.3079,1.3224,1.3438,1.3719,1.4065,1.4476,1.495,1.5479,1.6052,1.6654,1.7266,1.7867,1.8438,1.8965,1.9437,1.9852,2.0213,2.0526,2.08,2.1041,2.1258,2.1455,2.1636,2.1802,2.1953,2.2089,2.2209,2.2314,2.2402,2.2474,2.2531
1.4945,1.4954,1.497,1.4992,1.5019,1.5048,1.5073,1.5084,1.5066,1.5003,1.4877,1.4675,1.4405,1.4093,1.3784,1.3519,1.333,1.3229,1.3214,1.3278,1.3415,1.3617,1.3883,1.4211,1.4598,1.5041,1.5533,1.6065,1.6621,1.7187,1.7745,1.8279,1.8776,1.9229,1.9633,1.9989,2.0303,2.058,2.0826,2.1047,2.1248,2.1431,2.1598,2.1751,2.1888,2.201,2.2116,2.2208,2.2283,2.2344
1.4942,1.4946,1.4954,1.4967,1.4982,1.4996,1.5003,1.4995,1.4962,1.4889,1.4767,1.4588,1.4362,1.4108,1.3858,1.3644,1.349,1.3408,1.34,1.3463,1.3593,1.3786,1.4038,1.4348,1.4712,1.5127,1.5585,1.6079,1.6595,1.712,1.7639,1.8139,1.8609,1.9042,1.9434,1.9784,2.0095,2.0373,2.0622,2.0846,2.1049,2.1234,2.1403,2.1557,2.1695,2.1819,2.1928,2.2021,2.2101,2.2166
1.494,1.4938,1.494,1.4944,1.4949,1.4951,1.4944,1.4923,1.4879,1.4803,1.4687,1.4531,1.434,1.4132,1.393,1.3758,1.3634,1.3571,1.3571,1.3635,1.3761,1.3944,1.4184,1.4477,1.4819,1.5208,1.5636,1.6095,1.6574,1.7062,1.7547,1.8016,1.8461,1.8874,1.9253,1.9595,1.9903,2.018,2.0429,2.0655,2.086,2.1046,2.1217,2.1371,2.1511,2.1636,2.1747,2.1843,2.1925,2.1994
1.4939,1.4933,1.4929,1.4926,1.4921,1.4913,1.4897,1.4867,1.4817,1.474,1.4633,1.4496,1.4335,1.4164,1.4001,1.3863,1.3766,1.3719,1.3729,1.3795,1.3917,1.4093,1.4321,1.4598,1.4921,1.5285,1.5685,1.6113,1.6559,1.7014,1.7467,1.7908,1.8329,1.8724,1.9089,1.9422,1.9725,1.9999,2.0248,2.0474,2.0679,2.0867,2.1038,2.1194,2.1335,2.1461,2.1574,2.1672,2.1757,2.1829
