docs/data/wind_grid.json
[{"header":{"la1":42.85,"la2":41.18,"lo1":11.55,"lo2":14.05,"nx":36,"ny":24,"dx":0.07143,"dy":0.07261,"parameterCategory":2,"parameterNumber":2,"parameterNumberName":"eastward_wind","parameterUnit":"m.s-1"},"data":[0.3516,0.3453,0.3368,0.3262,0.314,0.3009,0.2878,0.2757,0.2653,0.2567,0.2497,0.2437,0.2382,0.2326,0.226,0.2175,0.206,0.19,0.1688,0.1429,0.1159,0.0935,0.0812,0.0806,0.0897,0.1043,0.1212,0.1382,0.1542,0.1691,0.1826,0.1949,0.2061,0.2163,0.2256,0.234,0.3642,0.3578,0.3484,0.3358,0.3206,0.3039,0.2873,0.2724,0.2604,0.2515,0.2451,0.2403,0.2361,0.232,0.227,0.2198,0.2087,0.1908,0.1631,0.125,0.0815,0.045,0.0275,0.0318,0.0507,0.0756,0.1008,0.1238,0.1442,0.1621,0.1778,0.1918,0.2042,0.2155,0.2256,0.2347,0.3803,0.3744,0.3641,0.349,0.3296,0.3073,0.2849,0.2657,0.2517,0.2431,0.2383,0.2356,0.2338,0.2321,0.2298,0.2257,0.2175,0.2002,0.1661,0.1084,0.0329,-0.0331,-0.0576,-0.0385,0.0015,0.0435,0.0801,0.1105,0.1355,0.1564,0.1743,0.1898,0.2035,0.2156,0.2265,0.2362,0.4008,0.3965,0.3861,0.3682,0.3426,0.3115,0.2793,0.2524,0.2357,0.2292,0.2283,0.2293,0.2308,0.2326,0.2345,0.236,0.2354,0.2264,0.1917,0.1062,-0.035,-0.169,-0.1989,-0.136,-0.0546,0.0125,0.0626,0.1002,0.1293,0.1528,0.1725,0.1893,0.204,0.2169,0.2284,0.2387,0.4266,0.4262,0.4177,0.3973,0.3634,0.3182,0.2686,0.2267,0.2062,0.2068,0.2145,0.2213,0.2273,0.2335,0.2407,0.25,0.2636,0.28,0.2706,0.1602,-0.1057,-0.3978,-0.4101,-0.2423,-0.1001,-0.0077,0.0528,0.0951,0.1267,0.1518,0.1726,0.1904,0.2059,0.2195,0.2316,0.2423,0.4584,0.4656,0.4633,0.4431,0.3989,0.333,0.2542,0.1814,0.1539,0.175,0.1982,0.2121,0.2231,0.2349,0.2482,0.265,0.2957,0.3619,0.448,0.3554,-0.0589,-0.5381,-0.5194,-0.2697,-0.1034,-0.0064,0.0545,0.0966,0.1282,0.1535,0.1748,0.1932,0.2093,0.2235,0.2361,0.2471,0.4948,0.515,0.5272,0.5145,0.4597,0.3675,0.2542,0.1393,0.1,0.1505,0.1849,0.202,0.218,0.238,0.2596,0.28,0.3138,0.4143,0.6351,0.5894,0.1301,-0.2149,-0.2747,-0.161,-0.0558,0.0166,0.0667,0.1036,0.1329,0.1575,0.1788,0.1976,0.2143,0.2291,0.2421,0.2534,0.5315,0.5682,0.6046,0.6133,0.5488,0.4283,0.2963,0.1819,0.1389,0.1582,0.1738,0.188,0.2102,0.2457,0.2866,0.3091,0.3152,0.3577,0.4589,0.3762,0.0985,-0.0219,-0.0586,-0.0387,0.0052,0.0476,0.0831,0.1129,0.1391,0.1627,0.1842,0.2036,0.221,0.2364,0.2498,0.2613,0.562,0.611,0.6616,0.6878,0.6293,0.4961,0.3543,0.242,0.1721,0.1426,0.1453,0.1621,0.1928,0.259,0.3633,0.4069,0.3423,0.2866,0.2513,0.1329,-0.0659,-0.0544,0.0004,0.0251,0.0482,0.0721,0.0959,0.12,0.1442,0.168,0.1905,0.2111,0.2295,0.2456,0.2594,0.2711,0.5827,0.641,0.6949,0.7179,0.7045,0.5625,0.397,0.2493,0.0976,0.0322,0.0833,0.1198,0.1493,0.248,0.5387,0.698,0.4086,0.2486,0.1735,0.0902,-0.0183,-0.0177,0.0319,0.0566,0.0694,0.0813,0.0979,0.1201,0.1458,0.1723,0.1975,0.2203,0.2403,0.2573,0.2715,0.2831,0.5917,0.6666,0.7852,0.9874,0.9373,0.6354,0.4385,0.2751,-0.0572,-0.2159,0.0194,0.0706,0.0589,0.1037,0.4333,0.6855,0.3422,0.1744,0.111,0.0878,0.0646,0.0588,0.0691,0.0724,0.0673,0.0662,0.0801,0.108,0.1418,0.1754,0.2057,0.2319,0.254,0.2721,0.2866,0.2979,0.5824,0.6586,0.7857,0.9645,0.9062,0.6257,0.4967,0.4581,0.1941,-0.0266,0.0542,0.0253,-0.0611,-0.1949,-0.0411,0.1706,0.1462,0.0118,-0.0269,0.0424,0.0823,0.0932,0.0893,0.0667,0.0281,0.0057,0.0286,0.0796,0.1329,0.1791,0.217,0.2476,0.2721,0.2912,0.3056,0.3161,0.5541,0.6081,0.6769,0.728,0.6753,0.5616,0.5429,0.6089,0.5211,0.2508,0.0993,-0.0499,-0.1206,-0.2764,-0.1513,0.0766,0.0725,-0.2478,-0.2615,-0.0053,0.0863,0.1094,0.0964,0.0389,-0.0692,-0.1341,-0.067,0.0401,0.126,0.1884,0.2346,0.2698,0.2964,0.3159,0.3295,0.3383,0.517,0.5466,0.573,0.5784,0.5481,0.511,0.5224,0.5877,0.5111,0.2975,0.1225,-0.1611,-0.2361,0.0661,0.0617,0.1745,0.1547,-0.0364,-0.0917,0.0475,0.1109,0.126,0.107,0.0214,-0.174,-0.2988,-0.1504,0.0233,0.1368,0.2106,0.2627,0.3012,0.3292,0.3483,0.3598,0.3654,0.4815,0.4953,0.503,0.4984,0.4814,0.4642,0.4603,0.4539,0.3937,0.2985,0.2221,0.1234,0.0599,0.0104,0.1439,0.2073,0.2668,0.1823,0.1338,0.1365,0.1306,0.1319,0.129,0.0651,-0.0919,-0.1942,-0.0769,0.0748,0.1796,0.2511,0.3042,0.3447,0.3736,0.3909,0.3981,0.3983,0.4522,0.4576,0.4579,0.4515,0.4393,0.4252,0.4106,0.3886,0.3529,0.3283,0.3634,0.3081,0.2709,0.2211,0.2379,0.2571,0.2783,0.2598,0.2374,0.1796,0.0654,0.0887,0.153,0.1466,0.0901,0.0555,0.1003,0.1781,0.2481,0.3073,0.3594,0.4034,0.4338,0.4472,0.4463,0.4372,0.4297,0.4308,0.4284,0.4219,0.4117,0.3992,0.3845,0.367,0.3502,0.3487,0.3738,0.3696,0.549,0.6461,0.4281,0.379,0.357,0.3544,0.3466,0.2502,0.0623,0.0991,0.1981,0.2273,0.2241,0.2245,0.2445,0.2784,0.3204,0.3696,0.4259,0.4808,0.5163,0.5216,0.5052,0.4811,0.4129,0.4121,0.4088,0.4029,0.3947,0.3848,0.3741,0.3639,0.3578,0.3618,0.3807,0.4402,0.6417,0.7126,0.6533,0.6577,0.5247,0.4644,0.4847,0.393,0.2837,0.2582,0.2888,0.309,0.3147,0.3177,0.3263,0.3466,0.3792,0.4277,0.4989,0.5808,0.6281,0.6153,0.5711,0.5255,0.4006,0.3992,0.396,0.3912,0.3851,0.3784,0.372,0.3679,0.3687,0.3788,0.4048,0.4608,0.5561,0.6841,1.0614,1.2308,0.7204,0.5216,0.4996,0.4909,0.434,0.3982,0.3948,0.3923,0.3748,0.339,0.3322,0.3803,0.4227,0.4734,0.5636,0.6888,0.7537,0.7083,0.6279,0.5606,0.3919,0.3904,0.3878,0.3843,0.3803,0.3765,0.3739,0.3742,0.3796,0.3935,0.4209,0.4689,0.5484,0.6987,1.0056,1.0971,0.7477,0.5673,0.5632,0.5838,0.5267,0.5165,0.5162,0.4889,0.436,0.3562,0.3391,0.4318,0.4656,0.5008,0.5881,0.7304,0.8031,0.7415,0.6481,0.5747,0.3858,0.3846,0.3828,0.3806,0.3785,0.377,0.3772,0.3805,0.3885,0.4038,0.4296,0.4704,0.5333,0.6287,0.74,0.7575,0.655,0.5741,0.5627,0.5736,0.6047,0.6859,0.7138,0.6342,0.5401,0.5127,0.582,0.5601,0.5086,0.506,0.5601,0.6589,0.7175,0.6867,0.6226,0.5649,0.3816,0.3809,0.3799,0.3789,0.3783,0.3786,0.3808,0.3858,0.3949,0.4098,0.4325,0.4648,0.5086,0.5612,0.6065,0.6161,0.5905,0.5678,0.5739,0.62,0.757,1.0138,1.09,0.85,0.6489,0.6062,0.6799,0.6116,0.5017,0.4807,0.5123,0.5677,0.6073,0.6051,0.5761,0.5411,0.3789,0.3786,0.3784,0.3783,0.3789,0.3805,0.3839,0.3898,0.399,0.4126,0.4315,0.4563,0.4861,0.5175,0.5428,0.5545,0.5559,0.5625,0.5933,0.678,0.8865,1.2625,1.3715,1.0031,0.7187,0.6138,0.5924,0.5171,0.4199,0.4311,0.4721,0.5108,0.5376,0.5443,0.5339,0.5152,0.3771,0.3773,0.3777,0.3784,0.3798,0.3823,0.3864,0.3925,0.4013,0.4134,0.4289,0.4479,0.4693,0.4908,0.5093,0.5234,0.5364,0.5571,0.5998,0.6882,0.8557,1.0801,1.1327,0.9264,0.7196,0.6067,0.5441,0.471,0.4078,0.4212,0.4565,0.4837,0.5011,0.5074,0.5038,0.4935]},{"header":{"la1":42.85,"la2":41.18,"lo1":11.55,"lo2":14.05,"nx":36,"ny":24,"dx":0.07143,"dy":0.07261,"parameterCategory":2,"parameterNumber":3,"parameterNumberName":"northward_wind","parameterUnit":"m.s-1"},"data":[-0.2536,-0.2549,-0.2567,-0.2587,-0.261,-0.2632,-0.2647,-0.2647,-0.2625,-0.2577,-0.2505,-0.2409,-0.2292,-0.2151,-0.1986,-0.1797,-0.1593,-0.1387,-0.1198,-0.104,-0.0927,-0.0869,-0.0871,-0.0927,-0.102,-0.1128,-0.1233,-0.1326,-0.14,-0.1457,-0.1497,-0.1522,-0.1535,-0.1538,-0.1535,-0.1527,-0.2548,-0.2565,-0.2588,-0.2618,-0.2656,-0.2698,-0.2736,-0.2753,-0.2737,-0.2682,-0.2593,-0.2477,-0.2338,-0.2172,-0.197,-0.1732,-0.1464,-0.1191,-0.094,-0.0736,-0.0593,-0.0525,-0.0547,-0.0656,-0.0816,-0.0986,-0.114,-0.1267,-0.1363,-0.1433,-0.1479,-0.1506,-0.1518,-0.152,-0.1513,-0.1501,-0.2558,-0.2578,-0.2607,-0.2648,-0.2706,-0.278,-0.2859,-0.2912,-0.2907,-0.2834,-0.2711,-0.2565,-0.24,-0.2206,-0.1964,-0.166,-0.1301,-0.0922,-0.0584,-0.0326,-0.0146,-0.0051,-0.0103,-0.0306,-0.0578,-0.084,-0.1057,-0.1223,-0.1341,-0.1421,-0.1471,-0.1497,-0.1506,-0.1502,-0.1491,-0.1474,-0.2567,-0.2589,-0.2621,-0.2671,-0.2753,-0.2878,-0.3037,-0.3171,-0.3191,-0.3068,-0.287,-0.2669,-0.2478,-0.2263,-0.1981,-0.1595,-0.1094,-0.0536,-0.0061,0.0228,0.0425,0.0599,0.0518,0.0129,-0.0331,-0.0717,-0.1005,-0.1207,-0.1342,-0.1428,-0.1476,-0.1496,-0.1498,-0.1486,-0.1467,-0.1443,-0.2577,-0.2599,-0.263,-0.2682,-0.2783,-0.2978,-0.3292,-0.3629,-0.3717,-0.3446,-0.3067,-0.2776,-0.2565,-0.2352,-0.2047,-0.1569,-0.0856,0.0049,0.0818,0.1025,0.1035,0.1408,0.1306,0.056,-0.0156,-0.0667,-0.101,-0.1234,-0.1375,-0.1456,-0.1495,-0.1504,-0.1493,-0.147,-0.144,-0.1407,-0.2591,-0.2617,-0.2644,-0.2681,-0.2773,-0.3025,-0.3588,-0.4421,-0.4729,-0.4013,-0.3241,-0.2839,-0.2649,-0.2485,-0.2202,-0.1662,-0.0689,0.0863,0.2503,0.2449,0.1451,0.1808,0.1678,0.0641,-0.0199,-0.0748,-0.1099,-0.1318,-0.1446,-0.151,-0.1529,-0.1519,-0.149,-0.145,-0.1406,-0.1363,-0.2615,-0.2652,-0.2683,-0.2695,-0.2716,-0.2914,-0.3632,-0.5159,-0.5923,-0.4376,-0.3177,-0.2785,-0.2718,-0.2679,-0.2494,-0.199,-0.0893,0.1257,0.4379,0.413,0.1447,0.0936,0.0765,0.0105,-0.0525,-0.098,-0.1281,-0.1463,-0.1558,-0.1589,-0.1577,-0.1538,-0.1484,-0.1423,-0.1362,-0.1306,-0.2649,-0.2711,-0.2774,-0.2788,-0.2683,-0.2615,-0.298,-0.4066,-0.4603,-0.3383,-0.2609,-0.2577,-0.2781,-0.295,-0.295,-0.2615,-0.1701,0.0046,0.2209,0.1975,0.0195,-0.0276,-0.036,-0.0636,-0.1004,-0.1324,-0.1545,-0.1668,-0.1709,-0.1691,-0.1634,-0.1556,-0.1469,-0.1382,-0.1302,-0.1231,-0.2685,-0.2779,-0.2877,-0.2925,-0.2739,-0.227,-0.1904,-0.1802,-0.1587,-0.129,-0.1597,-0.227,-0.2871,-0.3298,-0.3574,-0.3497,-0.2801,-0.1679,-0.0644,-0.0501,-0.0926,-0.0943,-0.1016,-0.1237,-0.1506,-0.1739,-0.1885,-0.1933,-0.19,-0.1812,-0.1694,-0.1564,-0.1437,-0.1319,-0.1216,-0.1131,-0.2713,-0.2852,-0.2998,-0.3058,-0.2906,-0.1963,-0.0809,0.0246,0.1451,0.1611,-0.0259,-0.2006,-0.3023,-0.3633,-0.4286,-0.456,-0.3706,-0.2799,-0.2031,-0.1493,-0.1179,-0.1215,-0.1476,-0.1763,-0.2039,-0.2244,-0.2323,-0.2272,-0.2131,-0.1945,-0.1744,-0.155,-0.1373,-0.1221,-0.1095,-0.0997,-0.2713,-0.2921,-0.3371,-0.4315,-0.3949,-0.1686,0.0399,0.1969,0.4457,0.5807,0.0862,-0.2086,-0.3275,-0.3742,-0.4334,-0.4691,-0.4043,-0.3329,-0.2721,-0.2253,-0.1922,-0.1857,-0.2033,-0.2344,-0.2699,-0.2937,-0.2931,-0.2716,-0.2403,-0.2075,-0.1767,-0.1493,-0.126,-0.1071,-0.0924,-0.0817,-0.2653,-0.2846,-0.3307,-0.4132,-0.3593,-0.0797,0.2066,0.3826,0.3903,0.3683,-0.0169,-0.2773,-0.3617,-0.3383,-0.3782,-0.4461,-0.4234,-0.3257,-0.2718,-0.2628,-0.2458,-0.2387,-0.2553,-0.3009,-0.3655,-0.4051,-0.3851,-0.3293,-0.2695,-0.217,-0.1729,-0.1365,-0.1072,-0.0847,-0.0684,-0.0577,-0.2539,-0.2606,-0.2719,-0.2696,-0.1819,0.0346,0.3322,0.5999,0.4296,0.088,-0.2044,-0.3667,-0.421,-0.317,-0.3742,-0.5454,-0.4993,-0.2097,-0.1787,-0.2678,-0.2656,-0.2611,-0.2879,-0.37,-0.5112,-0.5943,-0.5173,-0.393,-0.2921,-0.2167,-0.1585,-0.1127,-0.0774,-0.0518,-0.0352,-0.026,-0.243,-0.2376,-0.2249,-0.1897,-0.1064,0.0423,0.2466,0.4334,0.2997,-0.0972,-0.3639,-0.4063,-0.4287,-0.8314,-0.6528,-0.7942,-0.7018,-0.4035,-0.2837,-0.2846,-0.2557,-0.2476,-0.2867,-0.4067,-0.6463,-0.7926,-0.6234,-0.4248,-0.2907,-0.1978,-0.1275,-0.0728,-0.0319,-0.0046,0.0104,0.0155,-0.2376,-0.2272,-0.2085,-0.1744,-0.1174,-0.037,0.0484,0.0744,-0.0745,-0.3601,-0.5804,-0.6478,-0.7072,-0.8735,-0.7502,-0.8591,-0.9065,-0.6065,-0.3844,-0.2637,-0.1902,-0.1846,-0.2411,-0.3593,-0.5584,-0.6775,-0.5494,-0.3785,-0.251,-0.154,-0.0749,-0.0108,0.0356,0.0626,0.072,0.0686,-0.2389,-0.2293,-0.2145,-0.1927,-0.1645,-0.1369,-0.13,-0.1826,-0.3372,-0.5963,-0.8934,-0.946,-0.8508,-0.7724,-0.7198,-0.7458,-0.7943,-0.5345,-0.2973,-0.1586,-0.0528,-0.0782,-0.173,-0.269,-0.3695,-0.4207,-0.3747,-0.281,-0.1825,-0.0874,0.0026,0.0807,0.1347,0.1574,0.1538,0.1347,-0.2453,-0.2393,-0.2315,-0.2227,-0.2164,-0.2203,-0.2487,-0.3213,-0.4555,-0.6555,-0.8693,-0.8684,-0.9087,-0.9202,-0.6854,-0.5814,-0.4717,-0.2161,0.0079,-0.0129,-0.0181,-0.0481,-0.1328,-0.2043,-0.2596,-0.2849,-0.2644,-0.2011,-0.1111,-0.0067,0.1066,0.2125,0.2792,0.2891,0.2582,0.2122,-0.2543,-0.2525,-0.2513,-0.2524,-0.2594,-0.2781,-0.3168,-0.3836,-0.482,-0.6012,-0.7023,-0.7583,-0.8797,-0.8797,-0.5701,-0.4065,-0.2403,0.2242,0.6672,0.223,0.0135,-0.059,-0.1186,-0.1732,-0.2275,-0.2796,-0.2727,-0.1774,-0.0529,0.08,0.2342,0.3939,0.4827,0.4597,0.3783,0.2928,-0.2638,-0.2656,-0.2692,-0.2765,-0.29,-0.3135,-0.3508,-0.4044,-0.4721,-0.5445,-0.6051,-0.646,-0.6642,-0.5774,-0.3239,-0.2298,-0.1584,0.2163,0.488,0.2491,0.0726,-0.042,-0.1084,-0.1574,-0.2372,-0.4087,-0.442,-0.1931,0.0095,0.1682,0.3615,0.5954,0.7127,0.6305,0.4836,0.358,-0.2725,-0.2768,-0.2834,-0.2937,-0.3094,-0.3325,-0.3643,-0.4048,-0.4509,-0.4961,-0.5312,-0.5471,-0.5286,-0.446,-0.3011,-0.2355,-0.1567,0.0501,0.236,0.2797,0.0897,-0.0499,-0.1143,-0.1377,-0.1885,-0.4001,-0.4512,-0.0525,0.1367,0.2601,0.4314,0.6768,0.8014,0.6927,0.5235,0.3862,-0.2796,-0.2853,-0.2934,-0.3046,-0.32,-0.3404,-0.3659,-0.3956,-0.4268,-0.4547,-0.4731,-0.4751,-0.452,-0.3977,-0.3241,-0.2559,-0.1664,-0.0318,0.1084,0.1361,0.0011,-0.129,-0.1735,-0.1303,-0.0448,0.0971,0.4154,0.4012,0.342,0.3697,0.4431,0.5771,0.6611,0.6024,0.4831,0.3721,-0.2847,-0.2911,-0.2995,-0.3104,-0.3243,-0.3413,-0.361,-0.3824,-0.4031,-0.4197,-0.4282,-0.4241,-0.4035,-0.3657,-0.3152,-0.2566,-0.1858,-0.1053,-0.0426,-0.0483,-0.1509,-0.3075,-0.3469,-0.192,0.0355,0.3701,0.7554,0.6228,0.5444,0.5273,0.4819,0.4844,0.5024,0.4749,0.4084,0.333,-0.288,-0.2945,-0.3025,-0.3124,-0.3242,-0.3379,-0.3528,-0.3678,-0.3812,-0.3906,-0.3933,-0.3866,-0.3688,-0.3398,-0.3014,-0.2557,-0.2053,-0.1576,-0.1306,-0.1513,-0.2514,-0.4385,-0.4926,-0.2631,0.0166,0.2975,0.512,0.616,0.8034,0.7317,0.557,0.4609,0.4205,0.3868,0.3416,0.2892,-0.2896,-0.2958,-0.3031,-0.3117,-0.3214,-0.332,-0.343,-0.3533,-0.3617,-0.3664,-0.3657,-0.358,-0.3425,-0.3192,-0.2892,-0.2546,-0.2187,-0.1882,-0.1739,-0.1904,-0.253,-0.3495,-0.3629,-0.2132,-0.0007,0.211,0.4024,0.6192,0.8353,0.7602,0.5715,0.4455,0.3767,0.3317,0.2912,0.25]}]