docs/data/wind_grid.json
[{"header":{"la1":42.85,"la2":41.18,"lo1":11.55,"lo2":14.05,"nx":36,"ny":24,"dx":0.07143,"dy":0.07261,"parameterCategory":2,"parameterNumber":2,"parameterNumberName":"eastward_wind","parameterUnit":"m.s-1"},"data":[-0.6058,-0.6145,-0.6232,-0.6317,-0.6395,-0.6454,-0.6477,-0.6444,-0.634,-0.6165,-0.5936,-0.5678,-0.5419,-0.5178,-0.4967,-0.4793,-0.466,-0.4576,-0.4542,-0.4556,-0.4605,-0.4668,-0.4728,-0.4774,-0.4802,-0.481,-0.4801,-0.4777,-0.4741,-0.4696,-0.4644,-0.459,-0.4533,-0.4476,-0.442,-0.4366,-0.617,-0.628,-0.6396,-0.6518,-0.6643,-0.6758,-0.6837,-0.6838,-0.6726,-0.6496,-0.6179,-0.5825,-0.5479,-0.5167,-0.4899,-0.4681,-0.4514,-0.441,-0.4381,-0.4429,-0.4531,-0.4646,-0.4743,-0.4811,-0.485,-0.4862,-0.485,-0.482,-0.4775,-0.472,-0.466,-0.4595,-0.453,-0.4465,-0.4402,-0.4343,-0.6285,-0.642,-0.6568,-0.6735,-0.6927,-0.7136,-0.7325,-0.7411,-0.7304,-0.6983,-0.6516,-0.601,-0.5539,-0.5134,-0.4797,-0.4521,-0.4301,-0.4156,-0.4126,-0.4234,-0.4438,-0.464,-0.4783,-0.4872,-0.492,-0.4932,-0.4914,-0.4873,-0.4816,-0.4749,-0.4675,-0.46,-0.4524,-0.445,-0.4379,-0.4313,-0.6402,-0.6564,-0.6744,-0.6957,-0.7232,-0.759,-0.7995,-0.8289,-0.823,-0.7732,-0.6984,-0.6229,-0.5583,-0.5065,-0.465,-0.4304,-0.3998,-0.3752,-0.3677,-0.3899,-0.4329,-0.4686,-0.4864,-0.4961,-0.5016,-0.5025,-0.4995,-0.4937,-0.4863,-0.4779,-0.469,-0.4601,-0.4513,-0.4428,-0.4349,-0.4276,-0.652,-0.6713,-0.692,-0.7166,-0.7518,-0.8079,-0.8895,-0.9709,-0.9827,-0.892,-0.76,-0.6445,-0.5576,-0.4935,-0.4446,-0.4031,-0.3597,-0.3098,-0.2782,-0.3198,-0.4203,-0.4834,-0.4964,-0.507,-0.5145,-0.5147,-0.5095,-0.5012,-0.4914,-0.4809,-0.4702,-0.4596,-0.4494,-0.4398,-0.4309,-0.4228,-0.6642,-0.6876,-0.7112,-0.7355,-0.7717,-0.8459,-0.9907,-1.1926,-1.2613,-1.0639,-0.8226,-0.6548,-0.5455,-0.4704,-0.4161,-0.3718,-0.3166,-0.217,-0.0904,-0.1488,-0.391,-0.4948,-0.5019,-0.5244,-0.5342,-0.5309,-0.5214,-0.5095,-0.4966,-0.4836,-0.4707,-0.4583,-0.4465,-0.4356,-0.4257,-0.4168,-0.6762,-0.7073,-0.7376,-0.7586,-0.7794,-0.8472,-1.0331,-1.3862,-1.5582,-1.185,-0.8344,-0.6364,-0.5158,-0.4317,-0.3723,-0.3336,-0.2898,-0.1624,0.1231,0.0708,-0.3962,-0.5496,-0.5624,-0.5722,-0.5662,-0.5515,-0.5348,-0.518,-0.5016,-0.4856,-0.4703,-0.4557,-0.4422,-0.4298,-0.4188,-0.4092,-0.6851,-0.7288,-0.78,-0.8064,-0.787,-0.8042,-0.9307,-1.1832,-1.2947,-1.0163,-0.7499,-0.5857,-0.4696,-0.3712,-0.2925,-0.2628,-0.2751,-0.2467,-0.1326,-0.2851,-0.768,-0.8646,-0.7403,-0.6556,-0.6066,-0.5734,-0.5479,-0.5259,-0.5058,-0.4866,-0.4685,-0.4515,-0.4359,-0.422,-0.4099,-0.3995,-0.6837,-0.7364,-0.8191,-0.8815,-0.7975,-0.7437,-0.7728,-0.8383,-0.8448,-0.7528,-0.6373,-0.5292,-0.4214,-0.2887,-0.1275,-0.0769,-0.2088,-0.3429,-0.4609,-0.7789,-1.3844,-1.2916,-0.9094,-0.7231,-0.6372,-0.5904,-0.5589,-0.533,-0.5091,-0.4864,-0.4649,-0.4451,-0.4272,-0.4116,-0.3983,-0.3873,-0.6664,-0.707,-0.7636,-0.7968,-0.7228,-0.6732,-0.6571,-0.659,-0.6584,-0.6378,-0.5777,-0.4958,-0.3981,-0.227,0.1778,0.3921,-0.0815,-0.3885,-0.5774,-0.832,-1.1968,-1.1594,-0.8885,-0.7252,-0.6443,-0.6001,-0.5689,-0.5405,-0.5123,-0.4849,-0.4591,-0.4357,-0.4152,-0.3977,-0.3833,-0.3719,-0.6388,-0.658,-0.6622,-0.6267,-0.6223,-0.608,-0.5747,-0.5704,-0.6337,-0.6688,-0.5655,-0.4859,-0.4181,-0.3055,0.0898,0.3897,-0.1716,-0.5086,-0.6676,-0.7578,-0.8486,-0.8489,-0.7609,-0.6824,-0.6381,-0.612,-0.5853,-0.5524,-0.5166,-0.4819,-0.4502,-0.4223,-0.3986,-0.3791,-0.3638,-0.3524,-0.6108,-0.6196,-0.6191,-0.6099,-0.601,-0.5585,-0.4996,-0.4687,-0.5418,-0.5989,-0.5326,-0.4844,-0.4564,-0.4567,-0.3768,-0.2966,-0.4854,-0.8244,-0.9303,-0.8069,-0.7342,-0.6976,-0.6635,-0.6442,-0.648,-0.6504,-0.6229,-0.5738,-0.5222,-0.476,-0.4363,-0.4029,-0.3756,-0.3542,-0.3384,-0.3277,-0.5858,-0.5901,-0.5899,-0.5836,-0.5624,-0.5152,-0.4513,-0.3947,-0.4337,-0.4943,-0.4989,-0.5002,-0.4816,-0.4883,-0.4627,-0.4419,-0.6389,-1.3736,-1.4089,-0.8911,-0.6899,-0.6171,-0.6002,-0.6295,-0.7056,-0.753,-0.6955,-0.6029,-0.5246,-0.4634,-0.4145,-0.3749,-0.3437,-0.3206,-0.3053,-0.2965,-0.5636,-0.5643,-0.5608,-0.5504,-0.5287,-0.4942,-0.4526,-0.4187,-0.4335,-0.4704,-0.4871,-0.5368,-0.5367,-0.3302,-0.4015,-0.3251,-0.5382,-1.0002,-1.0899,-0.7759,-0.5921,-0.5247,-0.5344,-0.6139,-0.7806,-0.8841,-0.7613,-0.614,-0.5115,-0.438,-0.3805,-0.3343,-0.299,-0.275,-0.2618,-0.2571,-0.5443,-0.5424,-0.5369,-0.5262,-0.5093,-0.4876,-0.4657,-0.4527,-0.457,-0.4688,-0.4766,-0.4797,-0.4397,-0.3954,-0.4,-0.3301,-1.0517,-0.7757,-0.694,-0.5485,-0.4033,-0.3749,-0.4386,-0.5461,-0.7045,-0.7962,-0.6992,-0.5693,-0.4714,-0.3949,-0.3302,-0.276,-0.2358,-0.2124,-0.2044,-0.2077,-0.5279,-0.5247,-0.5187,-0.5094,-0.497,-0.4832,-0.4708,-0.4635,-0.4632,-0.4701,-0.4871,-0.4918,-0.4502,-0.4067,-0.4431,-0.6249,-0.9285,-0.6749,-0.5069,-0.3454,-0.1204,-0.1672,-0.3304,-0.4472,-0.5423,-0.5885,-0.5555,-0.4854,-0.4107,-0.3357,-0.2608,-0.1932,-0.1453,-0.1252,-0.1291,-0.147,-0.5142,-0.5104,-0.5046,-0.4967,-0.4873,-0.4775,-0.4686,-0.4623,-0.4598,-0.4635,-0.4768,-0.4544,-0.3423,-0.2902,-0.3965,-0.4791,-0.5237,-0.4289,-0.3135,-0.2437,-0.0703,-0.1251,-0.2819,-0.3786,-0.439,-0.4663,-0.4562,-0.4147,-0.3505,-0.2681,-0.1707,-0.0748,-0.013,-0.004,-0.0332,-0.0761,-0.5026,-0.4986,-0.4931,-0.4864,-0.4787,-0.4707,-0.463,-0.4564,-0.4512,-0.4469,-0.4381,-0.4018,-0.3027,-0.2722,-0.3177,-0.3281,-0.3399,-0.2069,-0.0479,-0.1856,-0.2062,-0.2258,-0.2866,-0.3466,-0.3994,-0.4403,-0.4409,-0.3881,-0.3066,-0.2011,-0.0616,0.0906,0.1769,0.1553,0.0779,-0.0026,-0.4926,-0.4886,-0.4835,-0.4774,-0.4707,-0.4635,-0.4562,-0.4489,-0.4413,-0.4318,-0.4163,-0.3871,-0.3443,-0.3016,-0.194,-0.1433,-0.2505,-0.1881,-0.1084,-0.1898,-0.2274,-0.2498,-0.2795,-0.324,-0.3953,-0.5051,-0.5266,-0.3983,-0.2741,-0.1432,0.0446,0.2802,0.3985,0.3181,0.1758,0.0563,-0.4839,-0.4799,-0.4751,-0.4695,-0.4632,-0.4564,-0.4491,-0.4412,-0.4323,-0.421,-0.405,-0.3817,-0.3495,-0.2993,-0.2069,-0.1753,-0.2402,-0.232,-0.2063,-0.2037,-0.2197,-0.227,-0.2408,-0.281,-0.3608,-0.5053,-0.5372,-0.3465,-0.2226,-0.1003,0.0895,0.3556,0.4868,0.3771,0.2107,0.0795,-0.4762,-0.4723,-0.4676,-0.4622,-0.4562,-0.4496,-0.4424,-0.4343,-0.4248,-0.4132,-0.3982,-0.3784,-0.3522,-0.317,-0.2769,-0.2595,-0.263,-0.2501,-0.2252,-0.2126,-0.196,-0.1575,-0.1484,-0.1978,-0.2622,-0.2842,-0.2024,-0.1828,-0.1408,-0.0621,0.0585,0.2341,0.336,0.2805,0.1653,0.0611,-0.4694,-0.4655,-0.4609,-0.4557,-0.4499,-0.4434,-0.4362,-0.4281,-0.4187,-0.4075,-0.3938,-0.3769,-0.3564,-0.3327,-0.3097,-0.293,-0.2801,-0.2616,-0.2363,-0.2021,-0.1292,0.0005,0.0391,-0.0783,-0.1701,-0.1654,-0.1011,-0.1013,-0.0328,0.0066,0.033,0.0978,0.1509,0.1396,0.0836,0.0179,-0.4632,-0.4593,-0.4548,-0.4498,-0.4441,-0.4378,-0.4307,-0.4228,-0.4137,-0.4031,-0.3907,-0.3762,-0.3597,-0.3418,-0.3239,-0.307,-0.2894,-0.267,-0.235,-0.1807,-0.0682,0.1239,0.1788,0.0033,-0.1168,-0.135,-0.1016,-0.0103,0.1446,0.1142,0.0463,0.0337,0.0432,0.0377,0.0101,-0.029,-0.4576,-0.4538,-0.4494,-0.4444,-0.4389,-0.4327,-0.4258,-0.4181,-0.4094,-0.3995,-0.3883,-0.3756,-0.3615,-0.3463,-0.3304,-0.3136,-0.2944,-0.27,-0.2351,-0.1792,-0.0857,0.0327,0.0627,-0.0283,-0.1046,-0.117,-0.0737,0.0402,0.1679,0.1311,0.0463,0.003,-0.0127,-0.0248,-0.0438,-0.0695]},{"header":{"la1":42.85,"la2":41.18,"lo1":11.55,"lo2":14.05,"nx":36,"ny":24,"dx":0.07143,"dy":0.07261,"parameterCategory":2,"parameterNumber":3,"parameterNumberName":"northward_wind","parameterUnit":"m.s-1"},"data":[-0.5544,-0.5582,-0.5621,-0.5659,-0.5693,-0.5717,-0.5726,-0.5711,-0.5663,-0.558,-0.5457,-0.5298,-0.5103,-0.4875,-0.4619,-0.4346,-0.4073,-0.3824,-0.3625,-0.3492,-0.3426,-0.3411,-0.3427,-0.346,-0.3503,-0.355,-0.3601,-0.365,-0.3697,-0.3739,-0.3775,-0.3805,-0.3829,-0.3849,-0.3864,-0.3876,-0.5579,-0.5628,-0.5681,-0.5735,-0.5788,-0.5835,-0.5867,-0.5871,-0.5832,-0.5744,-0.5606,-0.5421,-0.5192,-0.492,-0.4606,-0.426,-0.3905,-0.3581,-0.3336,-0.3201,-0.3172,-0.3208,-0.3266,-0.3326,-0.3386,-0.345,-0.3516,-0.3581,-0.364,-0.3692,-0.3736,-0.3771,-0.3798,-0.3819,-0.3835,-0.3848,-0.561,-0.5671,-0.5738,-0.581,-0.5888,-0.5968,-0.6038,-0.6075,-0.6052,-0.5957,-0.5794,-0.5577,-0.5311,-0.4989,-0.4605,-0.4161,-0.3681,-0.3234,-0.2918,-0.2806,-0.2879,-0.3027,-0.3146,-0.3218,-0.3281,-0.3354,-0.3435,-0.3516,-0.3589,-0.3652,-0.3702,-0.3741,-0.3771,-0.3793,-0.3809,-0.382,-0.5634,-0.5709,-0.5792,-0.5883,-0.5989,-0.6113,-0.6247,-0.6346,-0.6352,-0.6236,-0.603,-0.5771,-0.5465,-0.5096,-0.4635,-0.4061,-0.3388,-0.2717,-0.226,-0.2226,-0.2579,-0.2994,-0.3171,-0.318,-0.3197,-0.3265,-0.3361,-0.346,-0.3548,-0.362,-0.3677,-0.3719,-0.3749,-0.3769,-0.3784,-0.3794,-0.5651,-0.5747,-0.5848,-0.5954,-0.608,-0.6258,-0.6497,-0.6726,-0.6786,-0.6608,-0.6312,-0.5995,-0.566,-0.526,-0.4733,-0.4008,-0.3041,-0.1924,-0.1098,-0.122,-0.2286,-0.3374,-0.3496,-0.3214,-0.3117,-0.3178,-0.3295,-0.3417,-0.3521,-0.3603,-0.3662,-0.3704,-0.3732,-0.3749,-0.376,-0.3767,-0.566,-0.5792,-0.5928,-0.6039,-0.6153,-0.6365,-0.6756,-0.725,-0.7427,-0.7065,-0.6602,-0.6231,-0.5895,-0.5508,-0.496,-0.4109,-0.2774,-0.0846,0.105,0.081,-0.156,-0.3746,-0.3725,-0.3112,-0.2976,-0.3081,-0.3244,-0.3396,-0.3517,-0.3604,-0.3663,-0.37,-0.3721,-0.3732,-0.3738,-0.374,-0.5654,-0.5863,-0.6099,-0.6226,-0.6226,-0.6368,-0.6865,-0.7676,-0.8024,-0.7388,-0.681,-0.6451,-0.6171,-0.5865,-0.5394,-0.4536,-0.2969,-0.0271,0.3241,0.3014,-0.0043,-0.2008,-0.2593,-0.2577,-0.2736,-0.2988,-0.3227,-0.3414,-0.3546,-0.363,-0.368,-0.3706,-0.3716,-0.3717,-0.3714,-0.371,-0.5594,-0.5938,-0.6484,-0.6781,-0.6389,-0.6208,-0.6626,-0.732,-0.7617,-0.7273,-0.692,-0.6665,-0.6487,-0.635,-0.6115,-0.5444,-0.3958,-0.1508,0.1201,0.1609,0.1361,0.0653,-0.0873,-0.1879,-0.2515,-0.2966,-0.3283,-0.3494,-0.3621,-0.3688,-0.3717,-0.3722,-0.3714,-0.3701,-0.3687,-0.3675,-0.5392,-0.5801,-0.687,-0.7884,-0.6463,-0.577,-0.6183,-0.6803,-0.7225,-0.7319,-0.7134,-0.6905,-0.6814,-0.6938,-0.7246,-0.7007,-0.55,-0.3391,-0.131,0.0791,0.4123,0.3353,0.0236,-0.1551,-0.2524,-0.3109,-0.3466,-0.3664,-0.3756,-0.3783,-0.3772,-0.3745,-0.3712,-0.368,-0.3653,-0.3632,-0.4984,-0.5044,-0.5498,-0.5872,-0.4456,-0.4736,-0.5709,-0.6714,-0.7825,-0.8245,-0.7622,-0.7146,-0.7058,-0.7425,-0.8864,-0.9652,-0.6984,-0.4678,-0.2763,-0.0439,0.2456,0.2091,-0.0285,-0.1918,-0.2906,-0.3507,-0.383,-0.3956,-0.3963,-0.3912,-0.384,-0.3767,-0.3702,-0.3647,-0.3606,-0.3576,-0.4524,-0.3977,-0.2648,0.0397,-0.0118,-0.3476,-0.5241,-0.6524,-0.9139,-1.0404,-0.812,-0.7269,-0.7137,-0.7371,-0.8697,-0.9768,-0.7026,-0.5075,-0.3711,-0.2356,-0.109,-0.0931,-0.1791,-0.2816,-0.3679,-0.4242,-0.445,-0.4401,-0.4241,-0.4064,-0.3905,-0.3775,-0.3672,-0.3594,-0.3539,-0.3502,-0.4287,-0.3531,-0.1991,0.0353,-0.0279,-0.343,-0.4804,-0.5175,-0.7205,-0.8811,-0.7675,-0.7209,-0.7145,-0.7087,-0.7183,-0.7055,-0.5975,-0.4613,-0.3874,-0.3345,-0.2779,-0.261,-0.301,-0.3851,-0.486,-0.5498,-0.5442,-0.5012,-0.4563,-0.4206,-0.3941,-0.3747,-0.3607,-0.3509,-0.3443,-0.3404,-0.4349,-0.3795,-0.2994,-0.2337,-0.2873,-0.4152,-0.4549,-0.3962,-0.4859,-0.6592,-0.7088,-0.7061,-0.7231,-0.7115,-0.7037,-0.6447,-0.5391,-0.3558,-0.334,-0.3528,-0.3248,-0.3178,-0.3629,-0.4789,-0.6576,-0.7605,-0.6866,-0.5692,-0.4832,-0.4274,-0.3908,-0.3659,-0.349,-0.3378,-0.3311,-0.3276,-0.4581,-0.4287,-0.3994,-0.391,-0.4235,-0.4704,-0.4789,-0.4473,-0.5021,-0.6421,-0.7117,-0.6842,-0.6957,-1.019,-0.7337,-0.6499,-0.5279,-0.3936,-0.3572,-0.3381,-0.2959,-0.2918,-0.3593,-0.5235,-0.812,-0.9785,-0.7997,-0.6037,-0.4867,-0.4187,-0.3763,-0.3485,-0.3302,-0.319,-0.3132,-0.3113,-0.4844,-0.4723,-0.4653,-0.471,-0.4918,-0.5166,-0.5319,-0.5482,-0.607,-0.7024,-0.7734,-0.7975,-0.8282,-0.8849,-0.7145,-0.6185,-0.0806,-0.3277,-0.3484,-0.2701,-0.156,-0.1583,-0.2804,-0.4625,-0.7115,-0.8517,-0.72,-0.5563,-0.4523,-0.3892,-0.3483,-0.3207,-0.3029,-0.2932,-0.2899,-0.291,-0.5073,-0.5048,-0.5071,-0.5168,-0.5341,-0.5558,-0.5805,-0.6163,-0.6776,-0.7691,-0.8694,-0.9443,-0.8918,-0.8182,-0.6842,-0.4442,-0.1706,-0.3161,-0.3174,-0.1466,0.1931,0.1105,-0.1636,-0.3507,-0.4926,-0.5613,-0.5238,-0.4494,-0.3878,-0.3424,-0.3079,-0.2822,-0.2659,-0.2594,-0.2608,-0.267,-0.5254,-0.5279,-0.5343,-0.5457,-0.5624,-0.5841,-0.6119,-0.6504,-0.7058,-0.7818,-0.8603,-0.8851,-0.9405,-0.9465,-0.7154,-0.5457,-0.4287,-0.3774,-0.3189,-0.1465,0.2461,0.1468,-0.135,-0.2838,-0.355,-0.3748,-0.362,-0.3397,-0.315,-0.2879,-0.2593,-0.2337,-0.2184,-0.2173,-0.2266,-0.2403,-0.5388,-0.5439,-0.5521,-0.5641,-0.5802,-0.601,-0.6273,-0.661,-0.7038,-0.7532,-0.7976,-0.8342,-0.9283,-0.9293,-0.7063,-0.5854,-0.4858,-0.3758,-0.3137,-0.2747,-0.1414,-0.1242,-0.2099,-0.2711,-0.2818,-0.2555,-0.2397,-0.2487,-0.25,-0.2351,-0.2085,-0.1787,-0.1625,-0.1697,-0.1905,-0.2135,-0.5481,-0.5545,-0.5633,-0.5751,-0.59,-0.6085,-0.6311,-0.6579,-0.6885,-0.72,-0.7476,-0.7701,-0.7845,-0.7387,-0.6301,-0.5979,-0.5128,-0.3976,-0.3424,-0.3492,-0.3087,-0.2792,-0.2824,-0.2796,-0.2385,-0.1585,-0.1375,-0.1849,-0.2,-0.1885,-0.1632,-0.1294,-0.1116,-0.1284,-0.1605,-0.1915,-0.5543,-0.561,-0.5697,-0.5805,-0.5938,-0.6095,-0.6276,-0.6478,-0.6688,-0.6885,-0.7036,-0.7102,-0.7007,-0.6628,-0.6128,-0.5878,-0.5192,-0.4364,-0.396,-0.3939,-0.3709,-0.3514,-0.3349,-0.3005,-0.2345,-0.142,-0.1208,-0.1692,-0.1619,-0.1409,-0.1266,-0.1086,-0.0959,-0.1129,-0.1457,-0.1782,-0.5578,-0.5643,-0.5724,-0.582,-0.5933,-0.606,-0.62,-0.6346,-0.6486,-0.6601,-0.6668,-0.6654,-0.6524,-0.6266,-0.5948,-0.5603,-0.5101,-0.4539,-0.4147,-0.4027,-0.4035,-0.4102,-0.3982,-0.3437,-0.2686,-0.2196,-0.2338,-0.1965,-0.1064,-0.0609,-0.0738,-0.0968,-0.1052,-0.119,-0.1445,-0.1732,-0.5591,-0.5653,-0.5724,-0.5807,-0.5899,-0.5999,-0.6104,-0.6205,-0.6293,-0.6354,-0.637,-0.6322,-0.6196,-0.5993,-0.5732,-0.5418,-0.5043,-0.4663,-0.4388,-0.4302,-0.4489,-0.5017,-0.5113,-0.4137,-0.3034,-0.2478,-0.2799,-0.1789,0.0688,0.12,0.0349,-0.0475,-0.0928,-0.1199,-0.1458,-0.1724,-0.5589,-0.5644,-0.5706,-0.5774,-0.5848,-0.5924,-0.5999,-0.6066,-0.6117,-0.6141,-0.6128,-0.6065,-0.5947,-0.5774,-0.5553,-0.5292,-0.5006,-0.4736,-0.4546,-0.4522,-0.4838,-0.5685,-0.5961,-0.4645,-0.3231,-0.2275,-0.154,0.0929,0.4814,0.3993,0.1706,0.0186,-0.0643,-0.1115,-0.1449,-0.173,-0.5575,-0.5622,-0.5673,-0.5729,-0.5786,-0.5842,-0.5893,-0.5934,-0.5959,-0.596,-0.5929,-0.586,-0.5749,-0.5598,-0.541,-0.5195,-0.4969,-0.476,-0.4612,-0.4586,-0.4783,-0.5203,-0.5233,-0.4362,-0.3182,-0.2021,-0.053,0.2329,0.5377,0.4461,0.2124,0.0486,-0.0479,-0.106,-0.1452,-0.1754]}]