docs/data/wind_grid.json
[{"header":{"la1":42.85,"la2":41.18,"lo1":11.55,"lo2":14.05,"nx":36,"ny":24,"dx":0.07143,"dy":0.07261,"parameterCategory":2,"parameterNumber":2,"parameterNumberName":"eastward_wind","parameterUnit":"m.s-1"},"data":[1.2427,1.2109,1.171,1.1232,1.0692,1.0126,0.9583,0.9111,0.8741,0.8471,0.8261,0.8057,0.7807,0.7473,0.7034,0.6483,0.5828,0.5086,0.4292,0.3501,0.28,0.2308,0.2125,0.2269,0.2667,0.3209,0.3802,0.4388,0.4938,0.5443,0.5901,0.6317,0.6694,0.7037,0.7351,0.7637,1.2771,1.2432,1.1974,1.1392,1.0702,0.9954,0.9231,0.863,0.8219,0.7997,0.7888,0.7789,0.7612,0.7304,0.6838,0.6208,0.5419,0.4492,0.3457,0.2363,0.1332,0.0591,0.037,0.0702,0.1402,0.2246,0.3085,0.3854,0.4536,0.5136,0.5665,0.6133,0.6552,0.6927,0.7267,0.7574,1.3223,1.2881,1.2369,1.1658,1.075,0.9708,0.8669,0.7829,0.7355,0.7254,0.736,0.7464,0.7422,0.7172,0.6689,0.597,0.5023,0.3874,0.2541,0.1018,-0.0601,-0.1857,-0.2129,-0.1371,-0.0105,0.1206,0.2369,0.335,0.4171,0.4864,0.5459,0.5977,0.6433,0.6839,0.7202,0.7529,1.382,1.3518,1.2979,1.2124,1.0913,0.9396,0.7772,0.6438,0.5839,0.6039,0.6605,0.7081,0.726,0.7102,0.6614,0.5799,0.4667,0.3265,0.163,-0.0402,-0.3072,-0.5527,-0.582,-0.4023,-0.1742,0.0215,0.1743,0.293,0.3873,0.4644,0.5294,0.5853,0.6342,0.6775,0.716,0.7505,1.4594,1.4415,1.3929,1.2962,1.1369,0.9119,0.6404,0.3944,0.3037,0.4022,0.5581,0.6687,0.7169,0.7129,0.6649,0.5739,0.4386,0.2676,0.0843,-0.1419,-0.5617,-1.0798,-1.0783,-0.6751,-0.3071,-0.0482,0.1328,0.265,0.3668,0.4488,0.5175,0.5765,0.6282,0.6737,0.7142,0.7503,1.5557,1.5645,1.5394,1.4448,1.2456,0.9238,0.4741,-0.0254,-0.2062,0.102,0.4496,0.6434,0.7214,0.7278,0.6822,0.5855,0.4269,0.2093,0.0086,-0.14,-0.6009,-1.3739,-1.3227,-0.7587,-0.336,-0.063,0.121,0.2536,0.3558,0.4391,0.5098,0.5711,0.6251,0.6727,0.715,0.7524,1.6657,1.7212,1.754,1.6945,1.4632,1.0463,0.4263,-0.4063,-0.7578,-0.1153,0.4178,0.6565,0.7443,0.7538,0.7125,0.6212,0.456,0.1913,-0.066,-0.1036,-0.3942,-0.8166,-0.8501,-0.5443,-0.2443,-0.0236,0.135,0.2546,0.351,0.4329,0.5047,0.5682,0.6246,0.6744,0.7183,0.757,1.7726,1.8889,2.0261,2.0635,1.7965,1.305,0.697,0.0023,-0.2803,0.1508,0.5276,0.7108,0.7799,0.7819,0.7433,0.6737,0.544,0.3076,0.0376,-0.1448,-0.5105,-0.6239,-0.4953,-0.3072,-0.1182,0.0359,0.1564,0.2562,0.3447,0.4258,0.4999,0.5668,0.6264,0.6787,0.7243,0.7642,1.85,2.0059,2.2309,2.3945,2.0791,1.5678,1.0745,0.6591,0.4537,0.4972,0.6452,0.7666,0.8128,0.796,0.7417,0.6979,0.6516,0.502,0.2236,-0.2738,-1.1185,-0.986,-0.4472,-0.1728,-0.0241,0.0748,0.1574,0.2399,0.3259,0.4118,0.4929,0.5662,0.6304,0.6858,0.7334,0.7741,1.8841,2.0327,2.2064,2.296,2.1256,1.7399,1.3216,0.9244,0.5091,0.3653,0.6124,0.7943,0.8323,0.7888,0.6647,0.596,0.7258,0.7082,0.4886,-0.0158,-0.7269,-0.6857,-0.2626,-0.0512,0.0207,0.0527,0.101,0.1811,0.2819,0.3861,0.4827,0.5667,0.6375,0.6966,0.7457,0.787,1.885,2.0237,2.2079,2.4608,2.3765,1.8881,1.5102,1.0968,0.0875,-0.4162,0.5112,0.8278,0.8299,0.7578,0.6742,0.6094,0.8514,0.9632,0.868,0.5502,0.1712,0.0304,0.0642,0.0487,-0.0382,-0.1048,-0.0723,0.0486,0.202,0.3481,0.4716,0.571,0.6496,0.7119,0.762,0.803,1.8607,1.9857,2.1711,2.4158,2.3295,1.9246,1.74,1.6451,0.9201,0.2874,0.779,0.9108,0.788,0.5472,0.6659,0.8873,1.1044,1.3625,1.3637,1.0435,0.7182,0.4843,0.2882,0.0172,-0.335,-0.5524,-0.4569,-0.1842,0.0905,0.3081,0.4684,0.5846,0.6696,0.7331,0.7822,0.8216,1.8157,1.9053,2.011,2.0879,2.0244,1.901,1.9434,1.8584,2.0588,1.3694,1.1494,0.953,0.808,0.451,0.6313,1.0487,1.3044,1.92,1.9298,1.3512,0.9984,0.7213,0.385,-0.1806,-1.0307,-1.5223,-1.1177,-0.4807,-0.0095,0.2941,0.4881,0.6147,0.7001,0.7604,0.8057,0.842,1.7643,1.8198,1.8702,1.8938,1.8794,1.8844,2.0122,2.349,2.1773,1.6887,1.4134,0.8767,0.7033,1.032,1.1123,1.164,1.3243,1.6556,1.697,1.3758,1.1138,0.8642,0.4758,-0.3184,-1.7707,-2.6332,-1.6807,-0.6273,-0.0029,0.346,0.5467,0.6662,0.7407,0.7913,0.8296,0.8616,1.7188,1.7541,1.783,1.8003,1.8118,1.8426,1.9157,1.9905,1.9466,1.8937,1.9083,1.748,1.622,2.1044,1.4006,1.2122,1.7513,1.5434,1.4561,1.3096,1.1522,0.9908,0.6694,-0.0254,-1.2282,-1.9514,-1.2336,-0.3501,0.1899,0.4866,0.6476,0.7348,0.7843,0.8183,0.8478,0.8764,1.6835,1.709,1.731,1.7496,1.7695,1.7996,1.8428,1.8904,1.9619,2.1884,2.7056,2.7252,2.3236,1.9105,1.649,1.5717,1.7179,1.5431,1.4044,1.2679,1.1309,1.0883,0.9041,0.4999,-0.0507,-0.3637,-0.1498,0.239,0.5272,0.6929,0.7723,0.8014,0.8119,0.826,0.8503,0.8809,1.6573,1.6784,1.6983,1.7182,1.7411,1.7714,1.8131,1.8758,1.9943,2.2501,2.6476,2.55,2.5123,2.4894,1.9396,1.7241,1.617,1.471,1.341,1.2703,1.1351,1.1343,1.0804,0.9167,0.7437,0.6799,0.7398,0.83,0.8929,0.9111,0.8831,0.8286,0.7882,0.7896,0.8244,0.8704,1.6377,1.6567,1.676,1.6967,1.7211,1.7526,1.796,1.8606,1.9627,2.112,2.2525,2.3066,2.502,2.5276,2.1607,2.0063,1.7208,1.3544,1.0884,1.3075,1.3145,1.2799,1.2553,1.2216,1.2339,1.3182,1.3593,1.3004,1.2117,1.099,0.9421,0.7649,0.6621,0.6825,0.7643,0.847,1.6225,1.6403,1.6592,1.6801,1.7049,1.7361,1.7771,1.8328,1.9067,1.9937,2.0728,2.1365,2.2075,2.2449,2.474,2.6036,1.9389,1.4758,1.3033,1.5619,1.5319,1.4729,1.4527,1.4677,1.551,1.7028,1.7405,1.626,1.4682,1.2557,0.9527,0.5968,0.4251,0.5248,0.6952,0.8279,1.6101,1.627,1.6453,1.6658,1.6897,1.7188,1.7549,1.7997,1.8528,1.9098,1.9635,2.0116,2.0612,2.1485,2.3909,2.4505,1.9937,1.7184,1.8416,1.9618,1.7313,1.6651,1.6638,1.6797,1.743,1.8175,1.834,1.8556,1.6954,1.4224,1.0203,0.5269,0.3066,0.467,0.6883,0.8434,1.5993,1.6154,1.6328,1.6522,1.6745,1.7005,1.7312,1.7666,1.8059,1.8465,1.8853,1.9219,1.9617,2.0186,2.0885,2.0622,1.9008,1.7858,1.8197,1.8568,1.833,1.9029,1.9473,1.9067,1.9256,2.0928,2.3944,2.2629,1.9296,1.6268,1.2475,0.8062,0.5759,0.6429,0.7924,0.9108,1.5894,1.6046,1.621,1.639,1.6592,1.6819,1.7076,1.7358,1.7657,1.7958,1.8246,1.8517,1.8783,1.9044,1.9178,1.8919,1.8304,1.7866,1.7962,1.8516,2.0056,2.317,2.4196,2.1779,2.0802,2.3073,2.7313,2.4642,2.0565,1.832,1.5365,1.1991,0.9764,0.9245,0.9616,1.0143,1.5802,1.5943,1.6094,1.6259,1.6439,1.6636,1.685,1.7077,1.731,1.7539,1.7755,1.7949,1.8116,1.8232,1.8244,1.81,1.7877,1.7794,1.8087,1.9077,2.161,2.6237,2.758,2.3522,2.1314,2.1961,2.3207,2.1912,2.0786,1.9959,1.7482,1.4705,1.2643,1.1581,1.1237,1.1227,1.5712,1.5843,1.5982,1.613,1.6289,1.6459,1.6638,1.6823,1.7008,1.7185,1.7349,1.749,1.76,1.7666,1.7672,1.7625,1.7591,1.7698,1.8128,1.9166,2.1228,2.4025,2.4752,2.2597,2.0909,2.0643,2.0791,2.0595,2.0773,2.0172,1.8181,1.5991,1.4244,1.3101,1.2463,1.2148]},{"header":{"la1":42.85,"la2":41.18,"lo1":11.55,"lo2":14.05,"nx":36,"ny":24,"dx":0.07143,"dy":0.07261,"parameterCategory":2,"parameterNumber":3,"parameterNumberName":"northward_wind","parameterUnit":"m.s-1"},"data":[0.1841,0.1609,0.1299,0.091,0.0456,-0.0035,-0.0524,-0.097,-0.1348,-0.166,-0.1931,-0.2195,-0.2484,-0.2818,-0.3205,-0.3646,-0.4137,-0.4668,-0.5221,-0.5763,-0.6233,-0.6546,-0.6625,-0.6455,-0.609,-0.5614,-0.5096,-0.4583,-0.4097,-0.3644,-0.3228,-0.2845,-0.2492,-0.2169,-0.1871,-0.1598,0.2216,0.198,0.1633,0.1166,0.0591,-0.005,-0.0689,-0.1248,-0.1674,-0.197,-0.2189,-0.2403,-0.2665,-0.3002,-0.3423,-0.3927,-0.4509,-0.5163,-0.5879,-0.6631,-0.7341,-0.7839,-0.7945,-0.7628,-0.7028,-0.6316,-0.5606,-0.4948,-0.4356,-0.3826,-0.3351,-0.2922,-0.2535,-0.2182,-0.1861,-0.1569,0.2699,0.2482,0.2105,0.1539,0.0788,-0.0094,-0.0993,-0.1751,-0.2242,-0.2466,-0.2551,-0.2649,-0.2849,-0.3176,-0.3629,-0.42,-0.4885,-0.5678,-0.6588,-0.7644,-0.879,-0.9683,-0.9831,-0.9185,-0.8144,-0.7067,-0.6103,-0.5278,-0.4575,-0.3969,-0.3438,-0.2968,-0.2546,-0.2167,-0.1824,-0.1514,0.3322,0.317,0.2795,0.2122,0.1118,-0.016,-0.1537,-0.2693,-0.3289,-0.3299,-0.3068,-0.2933,-0.3022,-0.3327,-0.3811,-0.4454,-0.5248,-0.6185,-0.7278,-0.8691,-1.0637,-1.2474,-1.2652,-1.1191,-0.9349,-0.7765,-0.6515,-0.5529,-0.4729,-0.4058,-0.3481,-0.2974,-0.2522,-0.2118,-0.1755,-0.1428,0.4118,0.4123,0.3835,0.308,0.1741,-0.0164,-0.2438,-0.4494,-0.5324,-0.4723,-0.3763,-0.3217,-0.3159,-0.3447,-0.3967,-0.4677,-0.5584,-0.6671,-0.7848,-0.9401,-1.2527,-1.6565,-1.6527,-1.3263,-1.0296,-0.8212,-0.6745,-0.5653,-0.4793,-0.4082,-0.3471,-0.2935,-0.2458,-0.2031,-0.165,-0.1309,0.5096,0.5423,0.5422,0.4704,0.2971,0.0189,-0.3582,-0.7687,-0.92,-0.69,-0.4471,-0.338,-0.3217,-0.354,-0.4112,-0.4864,-0.5855,-0.7142,-0.8365,-0.9311,-1.268,-1.8884,-1.8451,-1.3797,-1.0378,-0.8197,-0.6717,-0.5627,-0.4763,-0.4039,-0.3409,-0.285,-0.235,-0.1903,-0.1505,-0.1151,0.619,0.7095,0.7805,0.7456,0.5267,0.1487,-0.3775,-1.0667,-1.3563,-0.8438,-0.4533,-0.3226,-0.3173,-0.3652,-0.4324,-0.5056,-0.5971,-0.736,-0.8891,-0.9045,-1.0525,-1.3788,-1.4182,-1.1749,-0.9422,-0.7714,-0.6458,-0.5477,-0.4659,-0.3943,-0.3301,-0.2721,-0.2197,-0.1729,-0.1314,-0.0949,0.7178,0.8878,1.1037,1.1854,0.8796,0.3909,-0.1305,-0.7078,-0.9457,-0.5927,-0.3326,-0.2696,-0.3069,-0.3899,-0.4822,-0.5492,-0.599,-0.6873,-0.8076,-0.8548,-0.9224,-0.9889,-1.0056,-0.9299,-0.8139,-0.7047,-0.6111,-0.5288,-0.4532,-0.3823,-0.3161,-0.255,-0.1997,-0.1504,-0.1072,-0.0697,0.7671,0.986,1.3588,1.6574,1.1676,0.6043,0.2124,-0.084,-0.2155,-0.1862,-0.1618,-0.2028,-0.2991,-0.4411,-0.6104,-0.6877,-0.6379,-0.6247,-0.6853,-0.7978,-0.9742,-0.9513,-0.852,-0.7827,-0.7174,-0.6533,-0.5882,-0.519,-0.4457,-0.3717,-0.3002,-0.2339,-0.1742,-0.1219,-0.0768,-0.0386,0.7439,0.9092,1.1491,1.2912,0.9488,0.6582,0.4514,0.2758,0.1138,0.0219,-0.04,-0.148,-0.293,-0.4954,-0.8688,-1.0594,-0.7271,-0.5799,-0.5864,-0.696,-0.8685,-0.8578,-0.752,-0.6964,-0.6704,-0.645,-0.6009,-0.5338,-0.4517,-0.3655,-0.2827,-0.2077,-0.1419,-0.0857,-0.0388,-0.0004,0.6782,0.753,0.7629,0.5969,0.598,0.6662,0.6682,0.5597,0.151,-0.0377,0.024,-0.1141,-0.2882,-0.4708,-0.8164,-1.0625,-0.6718,-0.5062,-0.4799,-0.5308,-0.6121,-0.6418,-0.6338,-0.6517,-0.696,-0.7203,-0.6837,-0.5923,-0.4777,-0.364,-0.2617,-0.1736,-0.0999,-0.0396,0.0086,0.0465,0.6146,0.6497,0.6364,0.5621,0.5868,0.7536,0.9939,1.1479,0.6379,0.1924,0.1008,-0.1,-0.306,-0.4927,-0.5234,-0.5564,-0.4907,-0.4068,-0.3799,-0.4001,-0.4403,-0.4864,-0.553,-0.6795,-0.8582,-0.9642,-0.8913,-0.7108,-0.522,-0.3608,-0.2304,-0.1263,-0.044,0.0199,0.0683,0.1038,0.5666,0.5952,0.609,0.6186,0.6805,0.873,1.2541,1.6759,1.3488,0.5892,0.1651,-0.116,-0.2758,-0.5208,-0.4898,-0.4716,-0.4452,-0.3364,-0.3199,-0.3203,-0.3316,-0.3829,-0.5097,-0.788,-1.244,-1.5109,-1.264,-0.8697,-0.559,-0.3379,-0.1774,-0.0577,0.0319,0.0974,0.1432,0.1736,0.5295,0.5577,0.5857,0.6247,0.7046,0.8716,1.1579,1.477,1.2468,0.6074,0.1969,-0.1707,-0.2708,-0.1219,-0.3568,-0.6512,-0.5656,-0.3775,-0.3032,-0.2514,-0.2369,-0.2859,-0.4464,-0.8544,-1.6575,-2.1474,-1.5867,-0.9428,-0.5307,-0.2686,-0.0885,0.0415,0.1348,0.1982,0.2373,0.2582,0.4977,0.5242,0.5544,0.5957,0.6612,0.7637,0.8909,0.9513,0.7826,0.4902,0.3119,0.2018,0.1272,0.3422,-0.2641,-0.712,-0.7107,-0.412,-0.2227,-0.1422,-0.137,-0.1785,-0.3148,-0.6737,-1.3415,-1.7504,-1.318,-0.7635,-0.3862,-0.1345,0.0461,0.1794,0.2724,0.3286,0.3544,0.3592,0.4685,0.4912,0.5171,0.5491,0.5903,0.6379,0.6724,0.6516,0.5501,0.4376,0.4209,0.6469,0.4828,0.2443,-0.0506,-0.3727,-0.5219,-0.2341,-0.0148,0.0025,-0.1243,-0.1233,-0.1582,-0.354,-0.6554,-0.8248,-0.6775,-0.4009,-0.1507,0.0546,0.2256,0.3621,0.4541,0.4962,0.498,0.4766,0.4413,0.4593,0.4786,0.4997,0.5213,0.5384,0.5396,0.5122,0.4612,0.4238,0.4316,0.5216,0.7258,0.7751,0.2522,0.0164,0.0005,0.2397,0.4494,0.2661,-0.0938,-0.0653,-0.0106,-0.0867,-0.1966,-0.2449,-0.1897,-0.0622,0.0969,0.267,0.4398,0.595,0.6916,0.708,0.6676,0.6063,0.4163,0.4297,0.4431,0.4556,0.4655,0.4694,0.4628,0.444,0.4208,0.4109,0.4306,0.5086,0.7696,0.8085,0.423,0.3127,0.3766,0.8189,1.2622,0.7785,0.3836,0.2288,0.1794,0.1189,0.0523,0.0046,0.0276,0.1471,0.3036,0.4734,0.6714,0.877,0.9911,0.9591,0.8502,0.7352,0.3939,0.4036,0.4124,0.4194,0.4234,0.4228,0.4163,0.4052,0.395,0.3943,0.4117,0.4573,0.5229,0.5093,0.4625,0.4743,0.5394,0.9287,1.2564,1.2313,0.8439,0.5314,0.3773,0.2854,0.1728,-0.0459,-0.0863,0.239,0.4864,0.6637,0.8816,1.157,1.298,1.193,1.0037,0.8386,0.3744,0.3813,0.3871,0.391,0.3924,0.3907,0.386,0.3799,0.3755,0.3773,0.3885,0.4095,0.4306,0.4392,0.4595,0.4833,0.5933,0.9444,1.6477,1.9534,1.1567,0.7175,0.5324,0.4414,0.3308,0.0065,-0.0697,0.5176,0.7438,0.85,1.0089,1.2679,1.4083,1.2777,1.0673,0.8906,0.3577,0.3628,0.3666,0.3689,0.3694,0.368,0.3651,0.362,0.3606,0.363,0.3706,0.383,0.3981,0.4165,0.4449,0.4941,0.6174,0.8902,1.3175,1.4408,1.0422,0.749,0.6329,0.5963,0.6345,0.8314,1.3614,1.2971,1.1052,1.0582,1.0766,1.1795,1.2552,1.1806,1.0321,0.8886,0.3437,0.3475,0.3502,0.3518,0.3522,0.3515,0.3501,0.349,0.3493,0.3524,0.359,0.3696,0.3847,0.4064,0.4398,0.4957,0.5957,0.7527,0.9179,0.9489,0.819,0.7109,0.6851,0.6951,0.8454,1.3032,1.9499,1.6721,1.4079,1.3142,1.1876,1.1238,1.1043,1.052,0.9596,0.8567,0.3319,0.335,0.3372,0.3386,0.3392,0.3392,0.3391,0.3394,0.3411,0.345,0.3519,0.3626,0.3781,0.4007,0.434,0.4836,0.5552,0.6437,0.7198,0.7416,0.713,0.6962,0.698,0.7209,0.8759,1.1917,1.4858,1.5493,1.7181,1.6066,1.3283,1.1432,1.045,0.9736,0.8986,0.8193,0.3222,0.3248,0.3268,0.3282,0.3292,0.33,0.3309,0.3324,0.3352,0.3399,0.3474,0.3584,0.3739,0.3957,0.4259,0.4665,0.5178,0.5741,0.6225,0.6512,0.6653,0.6802,0.6918,0.7278,0.8487,1.0489,1.2624,1.4996,1.7542,1.6461,1.3613,1.1483,1.0171,0.9284,0.8547,0.7858]}]