docs/data/wind_grid.json
{"header": {"la1":42.1,"la2":41.55,"lo1":12.1,"lo2":12.95,"nx":50,"ny":50,"dx":0.01735,"dy":0.01122,"parameterCategory":2,"parameterNumber":2,"parameterNumberName":"eastward_wind","parameterUnit":"m.s-1"}, "data":
[rows 0 to 45 of 50, columns 0 to 49 of 50]
1.5984,1.5905,1.5813,1.5705,1.5583,1.5444,1.5289,1.5117,1.4929,1.4724,1.4505,1.4271,1.4026,1.3771,1.351,1.3244,1.2978,1.2713,1.2451,1.2193,1.1939,1.1687,1.1434,1.1175,1.0904,1.0617,1.0306,0.9968,0.9598,0.9196,0.876,0.8294,0.7802,0.7295,0.6785,0.6285,0.5815,0.5393,0.5034,0.4751,0.4553,0.4438,0.4403,0.4438,0.4531,0.467,0.4843,0.504,0.5251,0.547
1.6104,1.6027,1.5936,1.5829,1.5706,1.5566,1.5408,1.5232,1.5038,1.4826,1.4597,1.4353,1.4096,1.3829,1.3554,1.3276,1.2997,1.272,1.2449,1.2185,1.1926,1.1672,1.1419,1.1161,1.0892,1.0604,1.0292,0.9949,0.9571,0.9155,0.87,0.8209,0.7688,0.7147,0.6598,0.6059,0.555,0.5093,0.4708,0.4409,0.4205,0.4096,0.4075,0.4131,0.4249,0.4415,0.4615,0.4838,0.5073,0.5314
1.6228,1.6154,1.6065,1.5959,1.5836,1.5695,1.5535,1.5354,1.5154,1.4934,1.4696,1.4441,1.4171,1.3889,1.36,1.3306,1.3013,1.2724,1.2442,1.217,1.1907,1.1651,1.1399,1.1143,1.0878,1.0593,1.0281,0.9934,0.9548,0.9119,0.8646,0.813,0.7579,0.7,0.641,0.5828,0.5276,0.4781,0.4367,0.405,0.3841,0.3739,0.3736,0.3817,0.3964,0.416,0.4389,0.4639,0.49,0.5163
1.6358,1.6287,1.62,1.6097,1.5974,1.5832,1.5669,1.5484,1.5278,1.505,1.4801,1.4534,1.425,1.3953,1.3647,1.3336,1.3027,1.2723,1.2429,1.2148,1.1879,1.1623,1.1372,1.1121,1.0861,1.0581,1.0271,0.9923,0.9531,0.9089,0.8598,0.8058,0.7475,0.6858,0.6225,0.5595,0.4997,0.446,0.4013,0.3677,0.3464,0.3371,0.3389,0.3498,0.3677,0.3906,0.4167,0.4446,0.4733,0.502
1.6494,1.6426,1.6343,1.6241,1.612,1.5977,1.5812,1.5624,1.5411,1.5175,1.4915,1.4634,1.4334,1.402,1.3695,1.3365,1.3037,1.2716,1.2408,1.2116,1.1842,1.1584,1.1338,1.1093,1.0841,1.0567,1.0262,0.9915,0.9518,0.9066,0.8558,0.7994,0.7379,0.6724,0.6044,0.5364,0.4715,0.4131,0.3648,0.3292,0.3075,0.2995,0.3037,0.3178,0.3393,0.3657,0.3952,0.4262,0.4575,0.4885
1.6635,1.6572,1.6492,1.6394,1.6274,1.6132,1.5965,1.5773,1.5554,1.5309,1.5038,1.4742,1.4426,1.4092,1.3746,1.3394,1.3044,1.2702,1.2377,1.2073,1.1792,1.1534,1.1293,1.1057,1.0815,1.0553,1.0255,0.9911,0.9511,0.9051,0.8527,0.7939,0.7294,0.6599,0.5872,0.5139,0.4435,0.3801,0.3279,0.2901,0.2681,0.2616,0.2686,0.2862,0.3116,0.3418,0.3748,0.4089,0.4429,0.4761
1.6782,1.6725,1.6649,1.6554,1.6437,1.6296,1.6128,1.5933,1.5708,1.5454,1.5171,1.486,1.4525,1.4169,1.3799,1.3422,1.3046,1.2681,1.2336,1.2017,1.1728,1.147,1.1235,1.1011,1.0784,1.0535,1.0248,0.991,0.951,0.9043,0.8505,0.7896,0.7222,0.6489,0.5715,0.4927,0.4164,0.3476,0.2911,0.2509,0.2287,0.224,0.2341,0.2557,0.2852,0.3194,0.3559,0.3931,0.4297,0.4651
1.6935,1.6884,1.6814,1.6724,1.661,1.6471,1.6303,1.6105,1.5874,1.5611,1.5316,1.4989,1.4633,1.4254,1.3857,1.3451,1.3045,1.2652,1.2282,1.1944,1.1646,1.1387,1.1161,1.0953,1.0744,1.0514,1.0242,0.9912,0.9515,0.9043,0.8493,0.7866,0.7165,0.6397,0.5578,0.4735,0.3911,0.3165,0.2554,0.2127,0.1904,0.1877,0.2013,0.2271,0.2608,0.299,0.339,0.3792,0.4183,0.4557
1.7095,1.7051,1.6988,1.6903,1.6794,1.6657,1.649,1.629,1.6055,1.5783,1.5475,1.513,1.4753,1.4347,1.392,1.3481,1.3041,1.2614,1.2214,1.1854,1.1543,1.1283,1.1067,1.0879,1.0694,1.0487,1.0234,0.9918,0.9525,0.905,0.8491,0.7849,0.7126,0.6327,0.5467,0.4571,0.3687,0.288,0.2221,0.1767,0.1544,0.1538,0.1711,0.2012,0.2392,0.2812,0.3246,0.3675,0.4088,0.4481
1.726,1.7224,1.7169,1.7091,1.6988,1.6856,1.669,1.649,1.625,1.5971,1.5649,1.5287,1.4887,1.4453,1.3992,1.3515,1.3035,1.2568,1.2131,1.1742,1.1414,1.1153,1.0951,1.0787,1.0633,1.0455,1.0226,0.9925,0.9539,0.9064,0.8499,0.7846,0.7107,0.6284,0.5389,0.4446,0.3504,0.2637,0.1928,0.1446,0.1222,0.1239,0.1449,0.1791,0.2212,0.2668,0.3132,0.3585,0.4017,0.4424
1.7432,1.7406,1.7359,1.729,1.7194,1.7067,1.6906,1.6705,1.6463,1.6176,1.5842,1.5462,1.5037,1.4572,1.4074,1.3555,1.3029,1.2514,1.2032,1.1606,1.1256,1.0991,1.0806,1.0674,1.0558,1.0417,1.0217,0.9935,0.9558,0.9085,0.8516,0.7856,0.7107,0.627,0.5351,0.437,0.3377,0.2452,0.1694,0.1184,0.0959,0.0997,0.124,0.1621,0.2077,0.2564,0.3052,0.3525,0.3972,0.439
1.761,1.7595,1.7559,1.7499,1.7412,1.7293,1.7136,1.6939,1.6695,1.6402,1.6056,1.5658,1.5208,1.471,1.4172,1.3605,1.3025,1.2454,1.1917,1.1445,1.1064,1.0793,1.0627,1.0535,1.0467,1.0372,1.0207,0.9947,0.9581,0.911,0.854,0.7878,0.7128,0.6287,0.5357,0.4352,0.332,0.2346,0.1541,0.1003,0.0774,0.0829,0.1101,0.1513,0.1997,0.2506,0.3012,0.3498,0.3954,0.438
1.7795,1.7791,1.7767,1.7719,1.7643,1.7533,1.7384,1.719,1.6947,1.6649,1.6294,1.5878,1.5402,1.487,1.4289,1.367,1.303,1.2393,1.1789,1.1256,1.0833,1.0551,1.0409,1.0368,1.0362,1.0321,1.0197,0.9961,0.9606,0.9137,0.8568,0.7908,0.7165,0.6334,0.541,0.44,0.3346,0.2335,0.1492,0.0927,0.0691,0.0756,0.1046,0.1477,0.1977,0.25,0.3014,0.3506,0.3966,0.4394
1.7985,1.7994,1.7984,1.795,1.7887,1.7788,1.7649,1.7463,1.7222,1.6922,1.6558,1.6126,1.5625,1.5058,1.4431,1.3756,1.3049,1.2337,1.1652,1.1041,1.056,1.0258,1.0146,1.0171,1.0242,1.0268,1.019,0.998,0.9634,0.9166,0.8596,0.7942,0.7214,0.6406,0.5508,0.4516,0.3462,0.2434,0.1564,0.0976,0.0728,0.0791,0.1086,0.1521,0.2024,0.2548,0.3061,0.355,0.4008,0.4433
1.818,1.8205,1.821,1.8192,1.8144,1.806,1.7933,1.7756,1.7522,1.7222,1.6852,1.6405,1.5881,1.5279,1.4605,1.3871,1.3093,1.2296,1.1516,1.0806,1.0243,0.991,0.9834,0.9945,1.0113,1.0218,1.019,1.0004,0.9664,0.9193,0.862,0.7974,0.7267,0.6497,0.5644,0.4695,0.367,0.2649,0.1768,0.1163,0.0897,0.0946,0.1227,0.1649,0.214,0.2651,0.3153,0.3631,0.408,0.4496
1.8381,1.8422,1.8445,1.8444,1.8414,1.8348,1.8237,1.8073,1.7848,1.7552,1.7178,1.6721,1.6174,1.5539,1.4819,1.4024,1.3171,1.2284,1.1396,1.0564,0.9888,0.9501,0.947,0.9697,0.9986,1.018,1.0202,1.0035,0.9695,0.9215,0.8636,0.7996,0.7316,0.6594,0.5806,0.4926,0.3959,0.2974,0.2103,0.1487,0.1199,0.1219,0.1469,0.1861,0.2323,0.2808,0.3288,0.3748,0.418,0.4584
1.8586,1.8646,1.8688,1.8707,1.8698,1.8652,1.856,1.8413,1.8201,1.7914,1.7541,1.7076,1.6511,1.5846,1.5082,1.4227,1.33,1.2321,1.132,1.0345,0.9515,0.9041,0.9066,0.9446,0.9881,1.0167,1.0234,1.0078,0.9727,0.9228,0.8636,0.8,0.7349,0.6684,0.5977,0.5189,0.4309,0.3388,0.2551,0.1935,0.1622,0.1601,0.1803,0.2148,0.2567,0.3015,0.3463,0.3897,0.4308,0.4693
1.8796,1.8874,1.8938,1.898,1.8994,1.8972,1.8904,1.8778,1.8584,1.8309,1.7942,1.7474,1.6897,1.6205,1.5401,1.4491,1.3494,1.243,1.1322,1.0197,0.9171,0.856,0.8655,0.9234,0.983,1.0199,1.0294,1.0133,0.9759,0.9231,0.8615,0.7976,0.7354,0.6751,0.6136,0.5458,0.4689,0.386,0.3078,0.2475,0.2138,0.2069,0.2213,0.2498,0.2863,0.3264,0.3673,0.4075,0.4459,0.4824
1.9007,1.9107,1.9194,1.9262,1.9303,1.9308,1.9267,1.9168,1.8997,1.874,1.8384,1.7919,1.7334,1.6623,1.5785,1.4826,1.3766,1.2634,1.1445,1.0198,0.8961,0.8153,0.833,0.9142,0.9881,1.0297,1.039,1.0204,0.9791,0.9218,0.8568,0.7917,0.7317,0.6777,0.626,0.5705,0.5064,0.4347,0.3641,0.3066,0.2712,0.2594,0.2675,0.2894,0.3199,0.3547,0.3912,0.4277,0.4632,0.4971
1.9221,1.9344,1.9456,1.9551,1.9622,1.9659,1.9651,1.9583,1.944,1.9207,1.8868,1.8412,1.7827,1.7105,1.6241,1.5241,1.413,1.2948,1.1726,1.0443,0.9073,0.8054,0.83,0.9298,1.0084,1.0476,1.0525,1.0289,0.9819,0.9188,0.8489,0.7815,0.7231,0.675,0.6332,0.5904,0.54,0.4809,0.4194,0.3663,0.3303,0.3144,0.3164,0.3318,0.356,0.3854,0.4172,0.4498,0.4821,0.5134
1.9435,1.9582,1.9721,1.9847,1.9951,2.0024,2.0053,2.0022,1.9914,1.971,1.9395,1.8954,1.8376,1.7652,1.6773,1.5743,1.459,1.3376,1.2172,1.0988,0.974,0.87,0.892,0.9835,1.047,1.0738,1.0698,1.0386,0.9842,0.9139,0.8378,0.7669,0.709,0.6662,0.6339,0.6035,0.567,0.521,0.4698,0.4225,0.3875,0.3687,0.3656,0.3751,0.3934,0.4174,0.4446,0.4733,0.5023,0.5309
1.9648,1.9821,1.9989,2.0147,2.0288,2.0401,2.0472,2.0484,2.0417,2.0249,1.9962,1.9543,1.898,1.8264,1.7385,1.6337,1.5148,1.3906,1.2745,1.1772,1.0987,1.0401,1.0399,1.0754,1.1007,1.1064,1.0897,1.049,0.986,0.9072,0.8237,0.7481,0.6898,0.6514,0.6278,0.6092,0.586,0.5531,0.5128,0.4725,0.44,0.42,0.4132,0.4178,0.4309,0.45,0.4728,0.4976,0.5234,0.5492
1.9859,2.0058,2.0256,2.045,2.063,2.0787,2.0906,2.0967,2.0948,2.0823,2.057,2.0175,1.9633,1.8937,1.8073,1.7022,1.5804,1.4522,1.3376,1.2598,1.2346,1.2431,1.2162,1.1789,1.1594,1.1414,1.1106,1.0595,0.9871,0.8993,0.8077,0.7266,0.667,0.632,0.616,0.6082,0.5972,0.5767,0.5473,0.5148,0.4863,0.4668,0.4577,0.4586,0.4675,0.4823,0.5011,0.5224,0.545,0.5682
2.0065,2.0291,2.0521,2.0751,2.0974,2.1179,2.1351,2.1469,2.1505,2.1429,2.1214,2.0846,2.0326,1.9658,1.8828,1.7799,1.6559,1.5213,1.401,1.3276,1.3242,1.3593,1.3283,1.2592,1.2112,1.1744,1.1307,1.0695,0.988,0.8913,0.7916,0.7048,0.6432,0.6107,0.6012,0.6024,0.6022,0.5929,0.5739,0.5495,0.526,0.5082,0.4984,0.4968,0.5025,0.5137,0.5291,0.5472,0.5669,0.5876
2.0265,2.0518,2.078,2.1048,2.1316,2.1573,2.1804,2.1985,2.2085,2.2066,2.1893,2.1549,2.1045,2.0409,1.9634,1.8656,1.7417,1.5988,1.4648,1.3781,1.3623,1.3858,1.3649,1.3042,1.2495,1.2023,1.1489,1.0789,0.9892,0.8845,0.7778,0.6857,0.6222,0.5913,0.5865,0.5949,0.6034,0.6037,0.594,0.5775,0.5594,0.5443,0.5349,0.5321,0.5354,0.5439,0.5563,0.5716,0.5888,0.6071
2.0456,2.0736,2.103,2.1337,2.1651,2.1963,2.2258,2.2511,2.2685,2.2732,2.2604,2.2276,2.1774,2.1162,2.0458,1.9573,1.8373,1.6866,1.534,1.4231,1.3797,1.3807,1.3671,1.3247,1.2753,1.2244,1.1645,1.0878,0.9916,0.8809,0.7688,0.673,0.6077,0.5775,0.5757,0.5889,0.6038,0.6116,0.6098,0.6003,0.5876,0.5757,0.5675,0.5643,0.5662,0.5726,0.5827,0.5955,0.6104,0.6266
2.0637,2.0943,2.1268,2.1613,2.1974,2.2343,2.2706,2.3038,2.3298,2.3425,2.3348,2.3026,2.2496,2.1881,2.1257,2.0509,1.9402,1.7853,1.6142,1.4764,1.4033,1.3811,1.3664,1.3358,1.2932,1.2418,1.178,1.0965,0.996,0.8818,0.767,0.6692,0.6029,0.5726,0.5718,0.5873,0.6059,0.619,0.6231,0.6196,0.6118,0.6032,0.5967,0.5937,0.5947,0.5997,0.6079,0.6188,0.6316,0.6459
2.0805,2.1135,2.1491,2.1873,2.2279,2.2706,2.314,2.3558,2.3915,2.4138,2.4128,2.3802,2.3198,2.2528,2.1973,2.1399,2.0443,1.891,1.7059,1.5445,1.4443,1.3994,1.3758,1.3476,1.3081,1.2564,1.1901,1.1059,1.0033,0.8883,0.7735,0.6759,0.6093,0.5782,0.5765,0.5918,0.6117,0.6276,0.6359,0.6369,0.6332,0.6277,0.623,0.6206,0.6213,0.6252,0.632,0.6412,0.6523,0.6649
2.0959,2.1311,2.1694,2.211,2.256,2.3042,2.3547,2.4054,2.4521,2.4862,2.4944,2.4617,2.3883,2.3069,2.2544,2.2163,2.14,1.9942,1.8028,1.6245,1.5019,1.4351,1.3976,1.3643,1.3233,1.2702,1.202,1.1164,1.0139,0.9005,0.7883,0.6928,0.6268,0.5943,0.5901,0.6031,0.6221,0.6387,0.6493,0.6535,0.6529,0.6501,0.647,0.6454,0.6461,0.6493,0.655,0.6629,0.6725,0.6836
2.1096,2.1467,2.1875,2.2321,2.281,2.3343,2.3914,2.451,2.5092,2.5573,2.5786,2.5488,2.4572,2.3492,2.2922,2.2721,2.216,2.0824,1.8933,1.7073,1.5684,1.4822,1.429,1.3864,1.3405,1.2845,1.2145,1.1286,1.0278,0.918,0.8103,0.7185,0.6536,0.6195,0.6118,0.6211,0.6373,0.653,0.6643,0.6702,0.6719,0.671,0.6695,0.6686,0.6694,0.6721,0.677,0.6837,0.6922,0.7019
2.1214,2.1602,2.203,2.2501,2.3023,2.3598,2.4228,2.4904,2.5597,2.6227,2.6609,2.64,2.5297,2.3822,2.3106,2.303,2.264,2.1453,1.9667,1.7824,1.6349,1.5339,1.4658,1.4124,1.3597,1.2998,1.2281,1.1427,1.0448,0.9399,0.8379,0.7505,0.6873,0.6516,0.64,0.6446,0.6571,0.6705,0.6812,0.6878,0.6907,0.6912,0.6907,0.6905,0.6914,0.6939,0.698,0.7039,0.7112,0.7198
2.1312,2.1713,2.2156,2.2647,2.3193,2.38,2.4474,2.5213,2.5997,2.6759,2.7318,2.7258,2.6041,2.4134,2.3174,2.3119,2.2833,2.1798,2.0176,1.8431,1.6944,1.584,1.5041,1.4404,1.3806,1.3164,1.2431,1.1586,1.0643,0.965,0.8692,0.7867,0.7254,0.6883,0.6727,0.6726,0.6806,0.691,0.7001,0.7063,0.7097,0.7109,0.7112,0.7115,0.7125,0.7147,0.7183,0.7233,0.7297,0.7373
2.139,2.1799,2.2252,2.2755,2.3316,2.3943,2.4643,2.5418,2.6256,2.7101,2.7782,2.786,2.6647,2.4481,2.3259,2.3087,2.2811,2.1905,2.047,1.8872,1.7433,1.6288,1.5406,1.4685,1.4022,1.334,1.2594,1.1763,1.0858,0.9923,0.9026,0.825,0.7658,0.7275,0.7084,0.7035,0.707,0.7139,0.7208,0.726,0.7291,0.7306,0.7312,0.7317,0.7327,0.7347,0.7378,0.7422,0.7477,0.7544
2.1447,2.1859,2.2316,2.2824,2.339,2.4022,2.4727,2.5509,2.6354,2.7209,2.7906,2.802,2.6892,2.4792,2.3422,2.3034,2.268,2.1859,2.0598,1.9161,1.7807,1.6664,1.5734,1.4952,1.4237,1.3523,1.2767,1.1952,1.1087,1.0206,0.9369,0.8639,0.8068,0.7677,0.7454,0.7362,0.7353,0.7386,0.7429,0.7467,0.7491,0.7504,0.751,0.7515,0.7524,0.7541,0.7567,0.7604,0.7652,0.771
2.1482,2.1894,2.2349,2.2854,2.3414,2.4038,2.4729,2.5486,2.6293,2.7086,2.7696,2.7744,2.6737,2.4939,2.3591,2.2994,2.2517,2.1736,2.0617,1.9331,1.8075,1.6963,1.6016,1.5196,1.4444,1.3706,1.2947,1.215,1.1322,1.0493,0.9709,0.9022,0.8471,0.8076,0.7828,0.7698,0.7649,0.7646,0.7663,0.7682,0.7696,0.7703,0.7706,0.7709,0.7716,0.7729,0.7751,0.7782,0.7823,0.7874
2.1495,2.1903,2.2352,2.2846,2.3392,2.3994,2.4653,2.5361,2.6094,2.6778,2.7249,2.7201,2.6331,2.4889,2.3671,2.2945,2.2354,2.1584,2.057,1.9414,1.8256,1.7191,1.625,1.5412,1.4638,1.3887,1.3129,1.2352,1.156,1.0778,1.0042,0.9392,0.8862,0.8465,0.8196,0.8034,0.795,0.7914,0.7904,0.7904,0.7904,0.7904,0.7902,0.7901,0.7904,0.7913,0.793,0.7956,0.799,0.8033
2.1489,2.1888,2.2325,2.2803,2.3327,2.3897,2.451,2.5153,2.5792,2.635,2.668,2.6559,2.5828,2.4691,2.3634,2.2859,2.2192,2.1423,2.0487,1.9437,1.8369,1.7359,1.6437,1.5598,1.4816,1.4061,1.331,1.2553,1.1795,1.1055,1.0362,0.9746,0.9234,0.8838,0.8553,0.8365,0.825,0.8185,0.8149,0.8129,0.8116,0.8105,0.8096,0.809,0.8089,0.8093,0.8105,0.8125,0.8153,0.819
2.1462,2.185,2.2271,2.2729,2.3224,2.3754,2.4314,2.4883,2.5424,2.5862,2.6076,2.5916,2.5308,2.4402,2.3493,2.2726,2.2023,2.126,2.0382,1.9417,1.8429,1.7475,1.6583,1.5754,1.4975,1.4224,1.3485,1.275,1.2025,1.1322,1.0667,1.0082,0.9587,0.9193,0.8897,0.8687,0.8546,0.8455,0.8396,0.8357,0.8329,0.8307,0.829,0.8278,0.827,0.827,0.8276,0.8291,0.8313,0.8343
2.1418,2.1791,2.2194,2.2627,2.3089,2.3576,2.4077,2.4572,2.502,2.5355,2.5484,2.5308,2.48,2.4063,2.3278,2.2546,2.1841,2.1092,2.0263,1.9369,1.845,1.755,1.6692,1.5884,1.5116,1.4376,1.3653,1.2941,1.2246,1.1578,1.0955,1.0397,0.9919,0.9528,0.9224,0.8998,0.8835,0.8721,0.8641,0.8584,0.8541,0.8508,0.8482,0.8463,0.845,0.8443,0.8444,0.8453,0.8469,0.8493
2.1358,2.1714,2.2095,2.2501,2.2927,2.3369,2.3813,2.4237,2.4603,2.4855,2.4923,2.4746,2.4315,2.3701,2.3016,2.2331,2.1643,2.0918,2.0134,1.9299,1.8441,1.7592,1.6772,1.5988,1.5238,1.4515,1.3811,1.3123,1.2456,1.1819,1.1226,1.0692,1.0229,0.9844,0.9534,0.9295,0.9115,0.8982,0.8883,0.8809,0.8753,0.8708,0.8673,0.8646,0.8626,0.8614,0.8609,0.8612,0.8623,0.864
2.1283,2.1621,2.1979,2.2355,2.2746,2.3143,2.3532,2.3891,2.4187,2.4373,2.4399,2.4227,2.3854,2.333,2.2725,2.209,2.1432,2.0737,1.9996,1.9213,1.841,1.7609,1.6826,1.6071,1.5344,1.4641,1.3958,1.3295,1.2655,1.2046,1.148,1.0968,1.052,1.0139,0.9827,0.9578,0.9384,0.9235,0.912,0.9031,0.8961,0.8906,0.8861,0.8827,0.88,0.8782,0.8771,0.8768,0.8773,0.8785
2.1195,2.1514,2.1848,2.2195,2.255,2.2903,2.3242,2.3544,2.3781,2.3916,2.3913,2.3747,2.3419,2.2961,2.2421,2.1833,2.1211,2.0551,1.985,1.9115,1.8361,1.7604,1.686,1.6135,1.5433,1.4753,1.4093,1.3455,1.2841,1.2259,1.1718,1.1225,1.079,1.0416,1.0103,0.9847,0.9642,0.9479,0.935,0.9248,0.9166,0.91,0.9047,0.9004,0.8971,0.8946,0.893,0.8921,0.892,0.8927
2.1096,2.1395,2.1705,2.2023,2.2343,2.2656,2.2949,2.3201,2.339,2.3485,2.3461,2.3301,2.3007,2.26,2.2112,2.1569,2.0984,2.036,1.9699,1.9008,1.8298,1.7584,1.6876,1.6183,1.5508,1.4852,1.4217,1.3603,1.3015,1.2457,1.1938,1.1464,1.1042,1.0675,1.0362,1.0102,0.9888,0.9714,0.9573,0.9459,0.9367,0.9291,0.9229,0.9179,0.9139,0.9108,0.9086,0.9071,0.9065,0.9066
2.0988,2.1267,2.1553,2.1843,2.213,2.2406,2.2657,2.2867,2.3016,2.308,2.3041,2.2886,2.2617,2.225,2.1805,2.1303,2.0755,2.0167,1.9544,1.8894,1.8225,1.755,1.6878,1.6216,1.5569,1.494,1.4329,1.3739,1.3175,1.2641,1.2143,1.1686,1.1277,1.0916,1.0606,1.0342,1.0122,0.9939,0.9789,0.9665,0.9562,0.9477,0.9407,0.935,0.9303,0.9266,0.9238,0.9218,0.9207,0.9202
2.0873,2.1131,2.1394,2.1657,2.1914,2.2155,2.237,2.2544,2.2659,2.2699,2.2648,2.2497,2.2249,2.1913,2.1505,2.1039,2.0526,1.9973,1.9387,1.8775,1.8144,1.7506,1.6868,1.6238,1.5619,1.5015,1.4429,1.3864,1.3323,1.2811,1.2332,1.1892,1.1494,1.1142,1.0833,1.0569,1.0344,1.0154,0.9996,0.9863,0.9752,0.9659,0.9581,0.9517,0.9464,0.9421,0.9387,0.9362,0.9345,0.9336
2.0751,2.099,2.123,2.1468,2.1696,2.1907,2.209,2.2233,2.2321,2.234,2.228,2.2133,2.1901,2.1591,2.1213,2.078,2.03,1.9781,1.9229,1.8652,1.8058,1.7454,1.6849,1.6249,1.5658,1.508,1.4519,1.3977,1.3459,1.2967,1.2507,1.2082,1.1697,1.1351,1.1047,1.0782,1.0554,1.0359,1.0194,1.0054,0.9935,0.9835,0.9751,0.968,0.9621,0.9572,0.9533,0.9503,0.9481,0.9467
