docs/data/wind_grid.json
[{"header":{"la1":42.22,"la2":41.45,"lo1":11.9,"lo2":12.97,"nx":16,"ny":12,"dx":0.07133,"dy":0.07,"parameterCategory":2,"parameterNumber":2,"parameterNumberName":"eastward_wind","parameterUnit":"m.s-1"},"data":[1.3241,1.4043,1.5129,1.6295,1.6249,1.3914,1.078,0.8266,0.6614,0.5676,0.512,0.4643,0.4199,0.394,0.3958,0.419,1.3594,1.4578,1.6175,1.891,2.015,1.5784,1.0709,0.7311,0.5289,0.4531,0.4294,0.3816,0.3137,0.2781,0.2985,0.3502,1.3758,1.4714,1.6078,1.9061,2.112,1.5402,0.9691,0.5829,0.2894,0.2827,0.3504,0.2923,0.1533,0.0984,0.1726,0.2786,1.3766,1.4706,1.5559,1.5969,1.5689,1.2239,0.845,0.5239,-0.031,0.1377,0.3225,0.2205,-0.081,-0.1536,0.0495,0.2298,1.3578,1.458,1.5748,1.5531,1.3289,1.0523,0.813,0.7117,0.3966,0.3554,0.3751,0.2448,-0.126,-0.2143,0.0486,0.2457,1.3116,1.3847,1.4491,1.4046,1.2487,1.0826,0.8719,0.7043,0.4413,0.4797,0.4212,0.332,0.209,0.1194,0.2177,0.3366,1.2506,1.2886,1.3079,1.2938,1.306,1.3812,1.1402,0.8335,0.5375,0.5391,0.4309,0.3149,0.3638,0.3821,0.419,0.4646,1.1933,1.2143,1.2305,1.2634,1.4025,1.843,1.3766,0.9649,0.6496,0.5895,0.5144,0.4507,0.5089,0.5917,0.6121,0.5993,1.1452,1.1596,1.1773,1.2172,1.3161,1.4453,1.2088,0.6637,0.4333,0.5912,0.5993,0.6144,0.7349,0.8566,0.8061,0.7201,1.1042,1.1134,1.125,1.1445,1.1689,1.1489,0.9873,0.7089,0.5807,0.6303,0.66,0.7173,0.8768,1.0,0.9083,0.7913,1.0681,1.0717,1.0743,1.0745,1.0632,1.0173,0.9162,0.7882,0.7089,0.6938,0.7063,0.7541,0.853,0.9214,0.8787,0.8017,1.0361,1.0348,1.0303,1.0198,0.9974,0.9547,0.8898,0.818,0.7642,0.7386,0.7372,0.7605,0.8036,0.8332,0.8209,0.7842]},{"header":{"la1":42.22,"la2":41.45,"lo1":11.9,"lo2":12.97,"nx":16,"ny":12,"dx":0.07133,"dy":0.07,"parameterCategory":2,"parameterNumber":3,"parameterNumberName":"northward_wind","parameterUnit":"m.s-1"},"data":[-0.4164,-0.5557,-0.7425,-0.9432,-0.9402,-0.5604,-0.07,0.2899,0.4959,0.5882,0.6102,0.5956,0.5672,0.5419,0.5269,0.5197,-0.4722,-0.644,-0.918,-1.3835,-1.5954,-0.8591,-0.0425,0.4329,0.6602,0.7241,0.6998,0.639,0.571,0.5266,0.5137,0.5148,-0.4985,-0.6722,-0.9099,-1.4098,-1.759,-0.7694,0.1676,0.655,0.8917,0.8944,0.7936,0.6634,0.5211,0.4562,0.4734,0.5009,-0.4981,-0.6853,-0.8658,-0.9135,-0.802,-0.1609,0.4987,0.8487,1.0862,1.0235,0.8725,0.6767,0.3814,0.3072,0.4198,0.4895,-0.4555,-0.6642,-0.9341,-0.8766,-0.3354,0.2438,0.7679,0.9749,1.169,1.0657,0.9543,0.7986,0.3741,0.2711,0.4311,0.5018,-0.3494,-0.4925,-0.6254,-0.4923,-0.0645,0.3269,0.7139,0.9725,1.3649,1.1011,1.0961,1.2245,0.8553,0.5713,0.5368,0.533,-0.2085,-0.2599,-0.2562,-0.1274,0.0516,0.1285,0.3779,0.6888,1.0243,0.9814,1.1953,1.5976,1.1396,0.7454,0.5908,0.5363,-0.0791,-0.0803,-0.0428,0.0297,0.0446,-0.2044,0.1632,0.4505,0.6371,0.7787,0.9707,1.1244,0.8894,0.6016,0.4921,0.4758,0.0209,0.0371,0.0723,0.1111,0.1087,0.0572,0.2161,0.4071,0.4118,0.5959,0.7274,0.7162,0.4623,0.2245,0.2748,0.3717,0.0945,0.1151,0.1453,0.1765,0.1993,0.2322,0.3206,0.4111,0.4519,0.535,0.5867,0.5028,0.2115,0.0,0.1381,0.2981,0.149,0.1702,0.1977,0.2283,0.2613,0.3039,0.3624,0.4208,0.4667,0.5072,0.5145,0.4344,0.2528,0.1293,0.1901,0.298,0.1902,0.211,0.2366,0.2659,0.299,0.3376,0.3811,0.4236,0.4592,0.4825,0.4789,0.4294,0.3423,0.2803,0.2895,0.3369]}]