docs/data/wind_grid.json
[{"header":{"la1":42.85,"la2":41.18,"lo1":11.55,"lo2":14.05,"nx":36,"ny":24,"dx":0.07143,"dy":0.07261,"parameterCategory":2,"parameterNumber":2,"parameterNumberName":"eastward_wind","parameterUnit":"m.s-1"},"data":[0.6383,0.5934,0.5409,0.4824,0.4212,0.3632,0.3165,0.2896,0.288,0.3118,0.3552,0.4088,0.4638,0.5136,0.5547,0.586,0.6079,0.6219,0.6301,0.6344,0.6361,0.6357,0.6334,0.6291,0.6232,0.6161,0.6084,0.6004,0.5928,0.5859,0.5798,0.5746,0.5703,0.5669,0.5642,0.5623,0.6498,0.5963,0.5305,0.4529,0.3671,0.2809,0.2075,0.1629,0.1594,0.1982,0.2675,0.3495,0.4292,0.4974,0.5505,0.588,0.6118,0.625,0.6314,0.6342,0.6354,0.635,0.6325,0.6276,0.6205,0.6118,0.6023,0.5929,0.5841,0.5764,0.5698,0.5644,0.5602,0.557,0.5548,0.5533,0.6717,0.6099,0.529,0.4272,0.3061,0.1748,0.0534,-0.0265,-0.0356,0.031,0.147,0.276,0.3922,0.4848,0.5518,0.5951,0.6186,0.6277,0.6293,0.6296,0.631,0.6321,0.6305,0.6252,0.6166,0.6058,0.5943,0.583,0.5729,0.5643,0.5574,0.5522,0.5483,0.5457,0.544,0.5432,0.7087,0.6408,0.5451,0.415,0.2462,0.0438,-0.1659,-0.3216,-0.3471,-0.2234,-0.0176,0.1896,0.358,0.4807,0.5624,0.6096,0.6282,0.6265,0.6175,0.6143,0.6194,0.6259,0.6273,0.622,0.6113,0.5976,0.5832,0.5697,0.5582,0.549,0.5422,0.5374,0.5343,0.5325,0.5318,0.5319,0.7662,0.6978,0.592,0.4343,0.2086,-0.0969,-0.4659,-0.7931,-0.8685,-0.614,-0.2287,0.1027,0.3376,0.4923,0.5872,0.6346,0.641,0.6153,0.5827,0.5761,0.5957,0.6163,0.6238,0.6181,0.6039,0.5858,0.5676,0.5516,0.5388,0.5294,0.5232,0.5195,0.5178,0.5175,0.5182,0.5195,0.8493,0.7909,0.6867,0.5126,0.2354,-0.1889,-0.8008,-1.4929,-1.7155,-1.1513,-0.4395,0.0504,0.3484,0.5282,0.6317,0.6758,0.6623,0.5915,0.5066,0.5018,0.5616,0.6084,0.6229,0.6141,0.5932,0.5684,0.5452,0.5263,0.5127,0.5041,0.4997,0.4982,0.4987,0.5005,0.503,0.5059,0.9615,0.9292,0.848,0.6826,0.3855,-0.1119,-0.9219,-2.0594,-2.537,-1.5118,-0.4903,0.0848,0.4049,0.5935,0.7012,0.7426,0.7118,0.5907,0.4307,0.435,0.5491,0.6167,0.6287,0.6091,0.576,0.5413,0.5117,0.4903,0.4775,0.4716,0.4707,0.4729,0.4768,0.4815,0.4865,0.4914,1.1013,1.118,1.0926,0.9744,0.702,0.2273,-0.4994,-1.4414,-1.8097,-1.0305,-0.2573,0.2121,0.4996,0.6844,0.8001,0.8465,0.8152,0.6987,0.5454,0.532,0.615,0.6549,0.6418,0.5989,0.546,0.4972,0.4606,0.4388,0.4299,0.4301,0.4357,0.4437,0.4525,0.461,0.4689,0.4761,1.2581,1.3511,1.4304,1.4154,1.1907,0.7501,0.2074,-0.2999,-0.5148,-0.3376,0.013,0.3492,0.5986,0.7841,0.9326,0.9974,0.9625,0.8852,0.7958,0.7504,0.7417,0.7141,0.6539,0.5737,0.4914,0.4238,0.3813,0.3641,0.3658,0.3781,0.3945,0.4111,0.4263,0.4394,0.4507,0.4605,1.4065,1.594,1.8383,2.0277,1.8476,1.3027,0.7728,0.2786,-0.2519,-0.4062,0.0215,0.4278,0.6684,0.8499,1.091,1.2007,1.1019,1.0649,1.0264,0.959,0.8744,0.7727,0.6513,0.5178,0.3918,0.2996,0.2564,0.2565,0.2816,0.3155,0.3484,0.3767,0.3996,0.4179,0.4327,0.4449,1.507,1.7646,2.1648,2.6325,2.5072,1.7323,1.2212,0.6752,-0.7502,-1.4309,-0.1068,0.5024,0.6981,0.7968,1.0453,1.2112,1.1795,1.2771,1.299,1.1785,1.0024,0.8172,0.6207,0.4102,0.2132,0.0857,0.0584,0.1041,0.1762,0.2453,0.3012,0.3434,0.3745,0.3977,0.4154,0.4297,1.5298,1.779,2.1512,2.563,2.4421,1.8603,1.6985,1.653,0.5171,-0.4484,0.2921,0.6494,0.6982,0.5777,0.7283,1.0283,1.3161,1.7279,1.7933,1.4519,1.1171,0.8377,0.5559,0.2305,-0.0999,-0.2867,-0.2504,-0.0972,0.0583,0.1772,0.2598,0.3156,0.3534,0.3798,0.3995,0.4151,1.4839,1.6649,1.8818,2.0415,1.971,1.8502,2.0584,2.1539,2.23,1.0913,0.7982,0.7491,0.7545,0.5184,0.6483,1.0633,1.5292,2.4723,2.4754,1.6556,1.1622,0.8247,0.475,-0.0048,-0.5921,-0.8912,-0.6735,-0.3131,-0.0417,0.1299,0.2344,0.2982,0.3383,0.365,0.3847,0.4009,1.406,1.5207,1.6323,1.7014,1.7159,1.7866,2.0709,2.6125,2.2902,1.3781,0.9766,0.6906,0.6921,1.5626,1.136,1.2971,1.6233,2.0533,2.0583,1.4873,1.0813,0.7899,0.4387,-0.1475,-1.0229,-1.4682,-0.9895,-0.4209,-0.0696,0.1257,0.2336,0.2939,0.3291,0.3521,0.3699,0.3859,1.325,1.3977,1.4629,1.5108,1.5524,1.6289,1.7649,1.8542,1.6294,1.238,1.0389,1.0104,1.2484,1.7739,1.3615,1.6441,2.1338,1.6612,1.4125,1.1498,0.9514,0.7863,0.5002,-0.0053,-0.7369,-1.129,-0.7604,-0.285,0.0128,0.1745,0.2583,0.3,0.3218,0.3371,0.3521,0.3685,1.2521,1.3004,1.3431,1.3783,1.4108,1.4478,1.4759,1.4394,1.289,1.0923,0.9527,1.1462,1.1843,1.2991,1.2564,1.5085,1.8404,1.3603,1.0262,0.9076,0.9453,0.8709,0.6036,0.2618,-0.1047,-0.2977,-0.1882,0.021,0.1754,0.2605,0.2968,0.3057,0.3066,0.3125,0.3268,0.3465,1.1888,1.2218,1.2503,1.273,1.2899,1.2982,1.2864,1.2359,1.143,1.0378,0.9594,1.0381,1.0485,1.0216,0.9903,1.0009,1.0048,0.7611,0.5537,0.6676,0.9264,0.8565,0.6169,0.4212,0.2876,0.2452,0.278,0.3247,0.3524,0.3533,0.3288,0.2921,0.2666,0.2674,0.2889,0.3186,1.1338,1.1562,1.1744,1.187,1.1922,1.187,1.1659,1.1247,1.0686,1.0149,0.9843,0.9776,0.966,0.9113,0.5797,0.3963,0.4648,0.2331,-0.0482,0.2878,0.5436,0.5894,0.517,0.4665,0.4884,0.5666,0.6046,0.5687,0.5077,0.4318,0.3359,0.2364,0.1816,0.1929,0.2385,0.2874,1.0855,1.1003,1.1111,1.1164,1.1148,1.1042,1.0828,1.0504,1.0112,0.9722,0.9364,0.8929,0.8097,0.5559,-0.2009,-0.4945,0.1067,0.1269,-0.0121,0.0647,0.2324,0.3356,0.3728,0.4442,0.6008,0.7902,0.8345,0.7514,0.6368,0.4952,0.3214,0.1399,0.0578,0.1053,0.1906,0.2626,1.043,1.0522,1.0576,1.058,1.0524,1.0398,1.0193,0.9915,0.9579,0.9197,0.8732,0.8039,0.6733,0.3844,-0.1567,-0.3295,0.0489,0.1129,-0.0851,-0.1747,0.0303,0.1026,0.1618,0.3377,0.6216,0.8568,0.8999,0.9002,0.7551,0.5569,0.3333,0.0999,0.0027,0.0737,0.1778,0.2581,1.0053,1.0103,1.0118,1.0089,1.0009,0.9871,0.9672,0.9411,0.9087,0.8688,0.8164,0.7397,0.6176,0.4258,0.1998,0.1088,0.1557,0.1267,-0.0081,-0.0793,-0.1154,-0.2727,-0.2791,0.0562,0.5448,0.9952,1.384,1.2352,0.8616,0.6023,0.3999,0.2082,0.1137,0.1451,0.2165,0.2794,0.9717,0.9735,0.9722,0.967,0.9573,0.9428,0.9229,0.8973,0.8652,0.8249,0.7723,0.7012,0.6045,0.4832,0.3626,0.283,0.2347,0.1627,0.0497,-0.1059,-0.444,-1.0597,-1.2146,-0.4849,0.3582,1.1028,1.7344,1.3769,0.7654,0.548,0.4452,0.3378,0.2646,0.2546,0.2815,0.3167,0.9416,0.941,0.9375,0.9306,0.9198,0.9046,0.8847,0.8595,0.828,0.7888,0.7396,0.6776,0.6015,0.5151,0.4289,0.3521,0.2775,0.183,0.0424,-0.2072,-0.7404,-1.6585,-1.9177,-0.905,0.1029,0.7803,1.1006,0.8146,0.3794,0.3912,0.4291,0.3988,0.3571,0.3374,0.3405,0.3555,0.9145,0.9121,0.907,0.8989,0.8872,0.8716,0.8517,0.827,0.7966,0.7596,0.7147,0.661,0.5984,0.5294,0.4574,0.3836,0.302,0.1978,0.0453,-0.2079,-0.6433,-1.2004,-1.3106,-0.7067,-0.0028,0.4728,0.6552,0.5221,0.3228,0.3544,0.4136,0.4183,0.4007,0.3862,0.3824,0.3874]},{"header":{"la1":42.85,"la2":41.18,"lo1":11.55,"lo2":14.05,"nx":36,"ny":24,"dx":0.07143,"dy":0.07261,"parameterCategory":2,"parameterNumber":3,"parameterNumberName":"northward_wind","parameterUnit":"m.s-1"},"data":[1.0864,1.0261,0.9577,0.8829,0.8055,0.7317,0.6704,0.6307,0.6183,0.6329,0.6672,0.7107,0.7536,0.7893,0.8149,0.8308,0.8391,0.8439,0.8497,0.8605,0.8779,0.9014,0.929,0.9583,0.9877,1.0161,1.0432,1.0691,1.094,1.1179,1.1412,1.1637,1.1855,1.2065,1.2267,1.2459,1.0893,1.0188,0.9352,0.839,0.734,0.6288,0.5376,0.4781,0.4636,0.4942,0.5558,0.6278,0.6936,0.7439,0.7759,0.7913,0.7941,0.7912,0.7908,0.7998,0.8208,0.8516,0.8877,0.9247,0.9603,0.9933,1.024,1.0526,1.0798,1.106,1.1313,1.1558,1.1796,1.2025,1.2244,1.2452,1.103,1.0225,0.9217,0.7984,0.6543,0.4988,0.3543,0.2557,0.2354,0.2972,0.4095,0.5302,0.6308,0.7006,0.7392,0.7509,0.7424,0.724,0.7109,0.7168,0.7456,0.7902,0.8401,0.8883,0.9315,0.9698,1.0039,1.0352,1.0648,1.0931,1.1207,1.1476,1.1737,1.1987,1.2226,1.2451,1.1322,1.044,0.9264,0.7718,0.5751,0.3407,0.0977,-0.0851,-0.1224,0.0048,0.2168,0.4203,0.5712,0.6644,0.7082,0.7116,0.6822,0.6339,0.5949,0.5965,0.6439,0.7151,0.7876,0.8508,0.9028,0.9459,0.983,1.0165,1.0482,1.079,1.1092,1.1389,1.1677,1.1953,1.2214,1.246,1.1822,1.0922,0.9629,0.7783,0.5195,0.1715,-0.2495,-0.6249,-0.716,-0.4377,-0.0238,0.3128,0.5268,0.6421,0.6869,0.6766,0.6149,0.5112,0.4173,0.4148,0.5081,0.63,0.7358,0.8162,0.8759,0.9221,0.9605,0.9954,1.0291,1.0627,1.0962,1.1294,1.1616,1.1923,1.2212,1.248,1.2581,1.1768,1.0485,0.8468,0.5339,0.0569,-0.6352,-1.4239,-1.6797,-1.0426,-0.2579,0.248,0.5159,0.6396,0.6769,0.6514,0.5545,0.3649,0.1593,0.1603,0.3547,0.5547,0.6969,0.7901,0.8522,0.8972,0.9345,0.9697,1.0056,1.0428,1.0809,1.1188,1.1554,1.1901,1.2223,1.2517,1.3628,1.3062,1.2008,1.0097,0.6803,0.131,-0.7759,-2.0708,-2.6192,-1.4432,-0.3026,0.2856,0.5526,0.6549,0.671,0.6363,0.5329,0.2878,-0.043,-0.0284,0.2775,0.532,0.6867,0.7763,0.8302,0.8676,0.9005,0.9354,0.9747,1.0176,1.0624,1.1069,1.1495,1.1891,1.2252,1.2575,1.4942,1.4838,1.4331,1.2927,0.9984,0.4917,-0.2984,-1.3526,-1.768,-0.8593,-0.0045,0.4385,0.6284,0.6713,0.6405,0.601,0.5517,0.4002,0.1606,0.161,0.3905,0.5895,0.7081,0.7704,0.8023,0.8242,0.8499,0.8857,0.9319,0.9847,1.0399,1.0939,1.1444,1.1902,1.2308,1.2663,1.6419,1.7018,1.7508,1.7139,1.4793,1.0352,0.4915,-0.0061,-0.1748,0.0599,0.3882,0.6242,0.7144,0.6647,0.52,0.4507,0.5252,0.5528,0.5026,0.5044,0.5927,0.6859,0.7403,0.7563,0.7519,0.75,0.7676,0.8099,0.8711,0.9417,1.0134,1.0809,1.1417,1.1948,1.2404,1.279,1.7825,1.9276,2.1288,2.2871,2.1044,1.576,1.0847,0.7036,0.3873,0.3173,0.5657,0.7683,0.7986,0.6527,0.2474,0.0393,0.4204,0.6214,0.6738,0.7002,0.7361,0.7621,0.7545,0.71,0.6508,0.6143,0.6283,0.6922,0.7857,0.8876,0.9845,1.0704,1.1438,1.2051,1.2556,1.2971,1.8817,2.0876,2.429,2.8479,2.7242,1.9614,1.4602,1.0639,0.2014,-0.2013,0.5837,0.8967,0.8845,0.7236,0.3268,0.0424,0.4866,0.6626,0.7116,0.7644,0.8051,0.8016,0.735,0.6045,0.4516,0.3608,0.3894,0.5131,0.6724,0.8262,0.9587,1.0674,1.1547,1.224,1.2788,1.3219,1.9153,2.1106,2.4212,2.7833,2.6551,2.0248,1.7489,1.6763,0.9695,0.4133,0.8974,1.0727,0.9411,0.6597,0.6913,0.6956,0.7095,0.5867,0.5693,0.7341,0.8344,0.821,0.6852,0.4143,0.0754,-0.1131,-0.0097,0.2611,0.541,0.7708,0.9469,1.0797,1.1798,1.2552,1.3121,1.355,1.8943,2.0268,2.1911,2.3046,2.1874,1.9443,1.9165,2.0935,1.8563,1.3989,1.324,1.2532,1.1057,0.6374,0.7813,0.9722,0.8275,0.2251,0.2168,0.6979,0.8758,0.8487,0.6357,0.1563,-0.5527,-0.9291,-0.5872,-0.0196,0.4346,0.7491,0.9652,1.1167,1.2248,1.3024,1.3579,1.3977,1.8529,1.9275,1.9954,2.0169,1.9632,1.8971,1.9179,2.0071,1.9229,1.7367,1.6414,1.3171,1.2202,1.5668,1.3557,1.2354,1.0453,0.6282,0.5612,0.8687,0.9627,0.8972,0.6514,0.0159,-1.1219,-1.7417,-1.03,-0.1477,0.4359,0.797,1.03,1.187,1.2948,1.3684,1.4179,1.4507,1.8164,1.8584,1.8897,1.8982,1.8847,1.8743,1.8908,1.9198,1.9391,2.0223,2.1328,2.0528,2.0311,2.6105,1.798,1.3424,1.0483,1.1666,1.1589,1.1235,0.9805,0.8985,0.7626,0.2586,-0.6921,-1.2385,-0.668,0.091,0.6067,0.9325,1.1474,1.2936,1.392,1.4549,1.4925,1.5137,1.7932,1.8209,1.842,1.8543,1.8618,1.875,1.9044,1.96,2.0793,2.3613,2.8537,2.8621,2.581,2.3069,2.0088,1.5725,1.2748,1.5336,1.6071,1.2647,0.615,0.6907,0.8952,0.7057,0.2796,0.0292,0.2218,0.586,0.8979,1.1313,1.3054,1.4321,1.5155,1.5613,1.5805,1.5848,1.782,1.8045,1.8246,1.8428,1.8629,1.8917,1.9387,2.0205,2.1713,2.4482,2.8144,2.7477,2.7617,2.7774,2.3386,2.0919,2.0112,2.2379,2.364,1.7077,0.6085,0.743,1.1023,1.0938,0.9474,0.864,0.912,1.0389,1.1909,1.3418,1.48,1.5923,1.6615,1.6843,1.6775,1.6597,1.7791,1.8004,1.822,1.8452,1.8733,1.9115,1.9674,2.0522,2.1792,2.3485,2.5018,2.5814,2.7824,2.8414,2.6991,2.6874,2.604,3.0524,3.6089,2.682,1.7922,1.4914,1.4779,1.4142,1.3118,1.2431,1.2438,1.3112,1.4117,1.5241,1.6458,1.7594,1.8203,1.8132,1.773,1.7304,1.7811,1.8026,1.826,1.8525,1.885,1.927,1.9834,2.0592,2.1565,2.2678,2.3736,2.473,2.5957,2.7566,3.2706,3.5006,2.9657,3.163,3.4925,3.225,2.6084,2.1089,1.8506,1.671,1.4825,1.2675,1.2263,1.4219,1.5702,1.6707,1.7787,1.8991,1.9565,1.918,1.8476,1.7861,1.7856,1.8076,1.8321,1.8604,1.8944,1.9365,1.9893,2.0546,2.1318,2.2167,2.3045,2.3995,2.5237,2.7475,3.1923,3.3368,2.9995,3.0886,3.6358,3.8802,3.0266,2.4482,2.1366,1.898,1.6412,1.307,1.2378,1.6013,1.7438,1.8001,1.8613,1.9515,1.9985,1.9547,1.8819,1.8188,1.7908,1.8131,1.8381,1.8669,1.9007,1.941,1.9891,2.0456,2.1098,2.1803,2.2567,2.344,2.4563,2.6168,2.807,2.8795,2.8479,2.9704,3.3051,3.3848,2.9431,2.6061,2.4063,2.1605,1.9223,1.8501,2.0711,2.046,1.9609,1.9348,1.9236,1.9392,1.9555,1.9307,1.8813,1.8312,1.7959,1.8182,1.8431,1.8714,1.904,1.9417,1.9852,2.0346,2.0898,2.1503,2.2167,2.2918,2.3806,2.4837,2.5825,2.6441,2.6862,2.7717,2.8853,2.8902,2.7858,2.8065,2.7935,2.4666,2.1684,2.1532,2.3664,2.2482,2.1314,2.0833,2.01,1.9572,1.9317,1.9067,1.8724,1.8346,1.8004,1.8222,1.8465,1.8738,1.9047,1.9396,1.9788,2.0225,2.0706,2.1229,2.1798,2.2421,2.3104,2.3817,2.4476,2.5007,2.5479,2.6018,2.6518,2.6784,2.7441,2.9797,3.0625,2.6596,2.3018,2.1918,2.2188,2.2187,2.2754,2.2268,2.0988,2.0011,1.943,1.9044,1.8705,1.8375,1.8038,1.8251,1.8485,1.8745,1.9034,1.9354,1.9709,2.0097,2.0517,2.097,2.1453,2.1967,2.2502,2.3037,2.3535,2.3976,2.4379,2.477,2.5149,2.56,2.6519,2.8071,2.8284,2.5833,2.3259,2.2005,2.1773,2.2161,2.2923,2.2495,2.1291,2.0275,1.9586,1.9111,1.874,1.8417]}]