docs/data/wind_grid.json
{"header": {"la1":42.1,"la2":41.55,"lo1":12.1,"lo2":12.95,"nx":50,"ny":50,"dx":0.01735,"dy":0.01122,"parameterCategory":2,"parameterNumber":3,"parameterNumberName":"northward_wind","parameterUnit":"m.s-1"}, "data":
[rows 0 to 39 of 50, columns 0 to 49 of 50]
-3.4608,-3.4602,-3.4595,-3.4586,-3.4576,-3.4564,-3.4551,-3.4536,-3.452,-3.4502,-3.4483,-3.4463,-3.4442,-3.4419,-3.4395,-3.4369,-3.434,-3.4309,-3.4275,-3.4235,-3.419,-3.4137,-3.4075,-3.4002,-3.3916,-3.3816,-3.37,-3.3567,-3.3414,-3.3242,-3.305,-3.2839,-3.2611,-3.2371,-3.2123,-3.1877,-3.1641,-3.1426,-3.1242,-3.1095,-3.099,-3.0929,-3.0908,-3.0922,-3.0966,-3.1033,-3.1117,-3.1211,-3.1312,-3.1415
-3.4627,-3.4622,-3.4615,-3.4606,-3.4596,-3.4585,-3.4571,-3.4557,-3.454,-3.4523,-3.4504,-3.4484,-3.4462,-3.444,-3.4416,-3.4391,-3.4365,-3.4335,-3.4302,-3.4264,-3.422,-3.4169,-3.4108,-3.4036,-3.395,-3.3849,-3.373,-3.3593,-3.3435,-3.3255,-3.3052,-3.2828,-3.2584,-3.2324,-3.2054,-3.1785,-3.1526,-3.1291,-3.109,-3.0932,-3.0823,-3.0763,-3.0749,-3.0775,-3.0832,-3.0914,-3.1012,-3.112,-3.1233,-3.1348
-3.4646,-3.4641,-3.4635,-3.4627,-3.4617,-3.4605,-3.4592,-3.4577,-3.4561,-3.4543,-3.4524,-3.4504,-3.4483,-3.4461,-3.4439,-3.4414,-3.4389,-3.4361,-3.433,-3.4294,-3.4252,-3.4203,-3.4143,-3.4072,-3.3986,-3.3884,-3.3764,-3.3623,-3.3459,-3.3272,-3.3059,-3.2821,-3.256,-3.2279,-3.1986,-3.169,-3.1406,-3.1147,-3.0927,-3.0758,-3.0644,-3.0587,-3.0582,-3.0621,-3.0694,-3.0792,-3.0906,-3.1029,-3.1156,-3.1282
-3.4666,-3.4661,-3.4655,-3.4648,-3.4638,-3.4627,-3.4614,-3.4599,-3.4582,-3.4564,-3.4545,-3.4525,-3.4504,-3.4483,-3.4461,-3.4437,-3.4413,-3.4387,-3.4358,-3.4325,-3.4285,-3.4238,-3.418,-3.411,-3.4025,-3.3923,-3.3801,-3.3657,-3.3488,-3.3293,-3.307,-3.2819,-3.2539,-3.2237,-3.1918,-3.1594,-3.1281,-3.0996,-3.0756,-3.0573,-3.0456,-3.0403,-3.0409,-3.0463,-3.0554,-3.067,-3.0801,-3.094,-3.1081,-3.122
-3.4686,-3.4682,-3.4677,-3.4669,-3.466,-3.4649,-3.4636,-3.4621,-3.4604,-3.4586,-3.4567,-3.4546,-3.4525,-3.4504,-3.4482,-3.446,-3.4438,-3.4413,-3.4387,-3.4356,-3.4319,-3.4274,-3.4219,-3.4151,-3.4066,-3.3964,-3.3841,-3.3694,-3.3521,-3.332,-3.3087,-3.2822,-3.2525,-3.22,-3.1854,-3.1499,-3.1154,-3.0839,-3.0575,-3.0379,-3.0257,-3.0211,-3.023,-3.0302,-3.0413,-3.0549,-3.0699,-3.0855,-3.1011,-3.1162
-3.4707,-3.4704,-3.4699,-3.4692,-3.4683,-3.4671,-3.4658,-3.4643,-3.4626,-3.4608,-3.4588,-3.4567,-3.4546,-3.4525,-3.4504,-3.4483,-3.4462,-3.444,-3.4416,-3.4388,-3.4354,-3.4313,-3.426,-3.4193,-3.411,-3.4008,-3.3884,-3.3736,-3.3559,-3.3351,-3.311,-3.2832,-3.2518,-3.217,-3.1795,-3.1407,-3.1027,-3.0679,-3.0389,-3.0177,-3.0052,-3.0013,-3.0048,-3.014,-3.0274,-3.0432,-3.0602,-3.0775,-3.0946,-3.1109
-3.4729,-3.4726,-3.4721,-3.4715,-3.4706,-3.4695,-3.4682,-3.4666,-3.4649,-3.463,-3.461,-3.4589,-3.4567,-3.4546,-3.4525,-3.4505,-3.4486,-3.4466,-3.4445,-3.442,-3.439,-3.4352,-3.4302,-3.4238,-3.4156,-3.4055,-3.3931,-3.3781,-3.3601,-3.3389,-3.314,-3.2851,-3.252,-3.2149,-3.1745,-3.1322,-3.0903,-3.0519,-3.02,-2.9971,-2.9843,-2.9813,-2.9866,-2.9982,-3.014,-3.0321,-3.0512,-3.0703,-3.0888,-3.1063
-3.4751,-3.4749,-3.4745,-3.4739,-3.473,-3.4719,-3.4706,-3.469,-3.4673,-3.4653,-3.4632,-3.461,-3.4588,-3.4567,-3.4546,-3.4527,-3.4509,-3.4492,-3.4474,-3.4453,-3.4427,-3.4393,-3.4346,-3.4285,-3.4205,-3.4104,-3.398,-3.3829,-3.3648,-3.3432,-3.3178,-3.2879,-3.2534,-3.2142,-3.1708,-3.1248,-3.0788,-3.0363,-3.0012,-2.9765,-2.9635,-2.9616,-2.969,-2.9831,-3.0014,-3.0219,-3.0431,-3.0639,-3.0839,-3.1025
-3.4773,-3.4772,-3.4769,-3.4763,-3.4755,-3.4745,-3.4731,-3.4715,-3.4697,-3.4676,-3.4654,-3.4632,-3.4609,-3.4587,-3.4566,-3.4548,-3.4531,-3.4517,-3.4502,-3.4486,-3.4465,-3.4435,-3.4392,-3.4333,-3.4255,-3.4155,-3.4032,-3.3881,-3.3699,-3.3481,-3.3223,-3.2918,-3.2561,-3.2149,-3.1688,-3.1191,-3.0688,-3.022,-2.9834,-2.9567,-2.9434,-2.9428,-2.9525,-2.9693,-2.9903,-3.0131,-3.0363,-3.0588,-3.08,-3.0997
-3.4797,-3.4797,-3.4794,-3.4789,-3.4782,-3.4771,-3.4758,-3.4741,-3.4722,-3.4701,-3.4678,-3.4653,-3.4629,-3.4606,-3.4585,-3.4567,-3.4553,-3.4541,-3.453,-3.4519,-3.4503,-3.4478,-3.4439,-3.4383,-3.4306,-3.4208,-3.4085,-3.3934,-3.3753,-3.3536,-3.3277,-3.2968,-3.2603,-3.2177,-3.169,-3.1158,-3.0611,-3.0098,-2.9675,-2.9386,-2.9251,-2.9259,-2.9379,-2.9574,-2.981,-3.0061,-3.0311,-3.055,-3.0773,-3.0979
-3.4821,-3.4822,-3.482,-3.4816,-3.4809,-3.4799,-3.4785,-3.4768,-3.4748,-3.4726,-3.4701,-3.4675,-3.465,-3.4625,-3.4604,-3.4586,-3.4573,-3.4564,-3.4558,-3.4552,-3.4542,-3.4522,-3.4487,-3.4434,-3.4359,-3.4261,-3.4138,-3.3989,-3.381,-3.3595,-3.3339,-3.3031,-3.2663,-3.2227,-3.1721,-3.1157,-3.0568,-3.0009,-2.9547,-2.9235,-2.9098,-2.9119,-2.9262,-2.9482,-2.9741,-3.0012,-3.0278,-3.0529,-3.0761,-3.0972
-3.4846,-3.4848,-3.4848,-3.4844,-3.4838,-3.4828,-3.4814,-3.4797,-3.4776,-3.4752,-3.4726,-3.4698,-3.467,-3.4644,-3.4621,-3.4603,-3.4591,-3.4585,-3.4584,-3.4585,-3.4582,-3.4568,-3.4538,-3.4486,-3.4411,-3.4313,-3.4192,-3.4045,-3.3869,-3.3659,-3.3408,-3.3107,-3.2742,-3.2304,-3.1786,-3.1196,-3.0569,-2.9966,-2.9465,-2.913,-2.8988,-2.902,-2.9183,-2.9424,-2.9703,-2.9989,-3.0266,-3.0526,-3.0763,-3.0979
-3.4872,-3.4875,-3.4876,-3.4874,-3.4868,-3.4859,-3.4845,-3.4827,-3.4806,-3.478,-3.4751,-3.4721,-3.4691,-3.4662,-3.4637,-3.4619,-3.4607,-3.4605,-3.4609,-3.4617,-3.4623,-3.4616,-3.459,-3.4539,-3.4463,-3.4365,-3.4244,-3.4099,-3.3928,-3.3726,-3.3485,-3.3195,-3.2841,-3.2409,-3.1889,-3.1284,-3.0627,-2.9984,-2.9445,-2.9086,-2.8937,-2.8977,-2.9153,-2.9409,-2.97,-2.9996,-3.0279,-3.0543,-3.0782,-3.0999
-3.4898,-3.4903,-3.4905,-3.4905,-3.49,-3.4891,-3.4878,-3.486,-3.4837,-3.481,-3.4779,-3.4745,-3.4712,-3.468,-3.4653,-3.4632,-3.4621,-3.4621,-3.4632,-3.4649,-3.4665,-3.4666,-3.4644,-3.4592,-3.4514,-3.4413,-3.4292,-3.4151,-3.3987,-3.3795,-3.3568,-3.3295,-3.296,-3.2545,-3.2034,-3.1426,-3.075,-3.0077,-2.9505,-2.9121,-2.896,-2.9,-2.9181,-2.9443,-2.9737,-3.0035,-3.0318,-3.058,-3.0818,-3.1032
-3.4926,-3.4932,-3.4936,-3.4937,-3.4934,-3.4926,-3.4913,-3.4895,-3.4871,-3.4841,-3.4808,-3.4771,-3.4733,-3.4698,-3.4667,-3.4644,-3.4632,-3.4635,-3.4652,-3.468,-3.4708,-3.472,-3.47,-3.4645,-3.4562,-3.4457,-3.4336,-3.4199,-3.4043,-3.3864,-3.3656,-3.3406,-3.3098,-3.2711,-3.2222,-3.1626,-3.0946,-3.0255,-2.9656,-2.9248,-2.9071,-2.91,-2.9274,-2.9529,-2.9817,-3.0108,-3.0384,-3.064,-3.0871,-3.108
-3.4954,-3.4963,-3.4968,-3.4971,-3.4969,-3.4963,-3.4951,-3.4932,-3.4907,-3.4876,-3.4839,-3.4798,-3.4756,-3.4715,-3.468,-3.4653,-3.464,-3.4644,-3.4667,-3.4708,-3.4752,-3.4777,-3.476,-3.4697,-3.4604,-3.4495,-3.4374,-3.4242,-3.4097,-3.3934,-3.3748,-3.3528,-3.3255,-3.2905,-3.2452,-3.1884,-3.1217,-3.0522,-2.9907,-2.9475,-2.9275,-2.9281,-2.9434,-2.9669,-2.994,-3.0214,-3.0477,-3.072,-3.0941,-3.1141
-3.4983,-3.4994,-3.5002,-3.5007,-3.5007,-3.5002,-3.4991,-3.4973,-3.4947,-3.4913,-3.4873,-3.4828,-3.478,-3.4733,-3.4692,-3.466,-3.4644,-3.4648,-3.4677,-3.4731,-3.4796,-3.4838,-3.4821,-3.4745,-3.4638,-3.4523,-3.4403,-3.4279,-3.4146,-3.4003,-3.3843,-3.3658,-3.3427,-3.3124,-3.272,-3.2194,-3.1558,-3.0874,-3.0252,-2.98,-2.9569,-2.9541,-2.9659,-2.9861,-3.0103,-3.0352,-3.0594,-3.082,-3.1027,-3.1214
-3.5013,-3.5026,-3.5037,-3.5044,-3.5047,-3.5045,-3.5035,-3.5017,-3.499,-3.4955,-3.4911,-3.486,-3.4806,-3.4752,-3.4703,-3.4665,-3.4643,-3.4644,-3.4676,-3.4743,-3.4834,-3.49,-3.488,-3.4782,-3.4659,-3.4539,-3.4423,-3.4309,-3.4191,-3.407,-3.394,-3.3794,-3.3612,-3.3364,-3.3018,-3.2547,-3.1955,-3.1297,-3.0679,-3.0208,-2.9942,-2.9869,-2.994,-3.0099,-3.0301,-3.0518,-3.0733,-3.0937,-3.1126,-3.1299
-3.5043,-3.506,-3.5073,-3.5084,-3.509,-3.509,-3.5082,-3.5066,-3.5039,-3.5001,-3.4953,-3.4896,-3.4834,-3.4772,-3.4715,-3.4668,-3.4638,-3.4633,-3.4663,-3.4738,-3.4856,-3.4953,-3.4926,-3.4798,-3.466,-3.454,-3.4433,-3.4331,-3.4231,-3.4134,-3.4038,-3.3935,-3.3805,-3.3618,-3.3336,-3.2927,-3.2388,-3.1767,-3.1161,-3.0676,-3.0372,-3.0248,-3.0264,-3.0371,-3.0528,-3.0707,-3.0891,-3.1069,-3.1238,-3.1394
-3.5074,-3.5094,-3.5111,-3.5125,-3.5135,-3.5138,-3.5134,-3.5119,-3.5092,-3.5052,-3.5,-3.4936,-3.4866,-3.4794,-3.4726,-3.467,-3.4629,-3.4614,-3.4633,-3.4704,-3.4837,-3.4966,-3.4929,-3.4775,-3.4634,-3.4525,-3.4432,-3.4347,-3.4267,-3.4196,-3.4135,-3.4077,-3.4003,-3.3878,-3.3661,-3.3316,-3.2834,-3.2254,-3.1667,-3.1172,-3.0832,-3.0657,-3.0615,-3.0667,-3.0776,-3.0913,-3.1063,-3.1213,-3.1359,-3.1498
-3.5106,-3.5129,-3.515,-3.5169,-3.5183,-3.5191,-3.519,-3.5178,-3.5152,-3.5111,-3.5053,-3.4982,-3.4901,-3.4818,-3.4739,-3.467,-3.4618,-3.4587,-3.4586,-3.4631,-3.4742,-3.4872,-3.4835,-3.4691,-3.4577,-3.4494,-3.4422,-3.4357,-3.4299,-3.4256,-3.4231,-3.4219,-3.4198,-3.4134,-3.3979,-3.3694,-3.3266,-3.2729,-3.2164,-3.1665,-3.1296,-3.1073,-3.0977,-3.0975,-3.1034,-3.1129,-3.1244,-3.1366,-3.1488,-3.1607
-3.5138,-3.5164,-3.519,-3.5214,-3.5233,-3.5246,-3.5251,-3.5243,-3.5219,-3.5177,-3.5115,-3.5034,-3.4942,-3.4845,-3.4752,-3.4671,-3.4605,-3.4556,-3.4527,-3.4522,-3.4552,-3.4607,-3.46,-3.4545,-3.4496,-3.4452,-3.4406,-3.4362,-3.4327,-3.4312,-3.4323,-3.4355,-3.4385,-3.4374,-3.4273,-3.404,-3.3659,-3.3163,-3.2624,-3.2129,-3.1739,-3.1477,-3.1333,-3.1281,-3.1294,-3.1349,-3.1429,-3.1522,-3.1621,-3.1721
-3.5169,-3.5201,-3.5231,-3.526,-3.5286,-3.5306,-3.5317,-3.5315,-3.5295,-3.5253,-3.5186,-3.5095,-3.4987,-3.4873,-3.4766,-3.4672,-3.4593,-3.4526,-3.4465,-3.4403,-3.4326,-3.4259,-3.4302,-3.4376,-3.4407,-3.4406,-3.4388,-3.4366,-3.4353,-3.4364,-3.4408,-3.448,-3.4554,-3.4588,-3.4529,-3.4336,-3.3995,-3.3537,-3.3026,-3.2542,-3.2143,-3.1853,-3.1671,-3.1577,-3.1549,-3.1567,-3.1615,-3.1681,-3.1756,-3.1837
-3.5201,-3.5237,-3.5272,-3.5308,-3.534,-3.5368,-3.5388,-3.5394,-3.538,-3.534,-3.5268,-3.5165,-3.5038,-3.4903,-3.4778,-3.4671,-3.4582,-3.45,-3.4414,-3.4306,-3.4158,-3.4032,-3.4096,-3.4242,-3.433,-3.4364,-3.437,-3.4368,-3.4376,-3.4411,-3.4483,-3.4588,-3.4696,-3.4762,-3.4733,-3.457,-3.4262,-3.3839,-3.336,-3.2895,-3.2497,-3.2191,-3.1981,-3.1854,-3.1792,-3.1778,-3.1797,-3.1837,-3.1891,-3.1954
-3.5232,-3.5272,-3.5314,-3.5356,-3.5397,-3.5434,-3.5464,-3.5481,-3.5477,-3.5441,-3.5365,-3.5247,-3.5095,-3.4933,-3.4785,-3.4666,-3.4571,-3.4483,-3.4382,-3.4252,-3.4087,-3.3968,-3.4024,-3.417,-3.4278,-3.4333,-3.4357,-3.4371,-3.4396,-3.445,-3.4544,-3.4672,-3.4803,-3.4889,-3.4878,-3.4735,-3.4455,-3.4067,-3.3623,-3.3184,-3.2796,-3.2486,-3.2259,-3.2108,-3.2019,-3.1978,-3.1972,-3.199,-3.2024,-3.2069
-3.5262,-3.5307,-3.5355,-3.5404,-3.5454,-3.5502,-3.5544,-3.5575,-3.5584,-3.5558,-3.5481,-3.5345,-3.5159,-3.4958,-3.4781,-3.465,-3.4556,-3.4472,-3.4371,-3.424,-3.4091,-3.3997,-3.4037,-3.4153,-3.4253,-3.4315,-3.4349,-3.4375,-3.4412,-3.448,-3.4589,-3.4729,-3.487,-3.4963,-3.4961,-3.4833,-3.4579,-3.4225,-3.3819,-3.3411,-3.3043,-3.2737,-3.2503,-3.2337,-3.2228,-3.2165,-3.2138,-3.2136,-3.2153,-3.2183
-3.5291,-3.5341,-3.5394,-3.5451,-3.5511,-3.5571,-3.5628,-3.5676,-3.5704,-3.5693,-3.562,-3.5464,-3.5234,-3.4977,-3.4759,-3.4615,-3.4531,-3.4464,-3.4376,-3.4259,-3.4135,-3.4064,-3.4086,-3.4168,-3.425,-3.4308,-3.4346,-3.4379,-3.4425,-3.4501,-3.4614,-3.4756,-3.4895,-3.4986,-3.4987,-3.4871,-3.4642,-3.4324,-3.3957,-3.3584,-3.324,-3.2947,-3.2713,-3.2538,-3.2416,-3.2337,-3.2293,-3.2275,-3.2277,-3.2293
-3.5318,-3.5373,-3.5432,-3.5497,-3.5566,-3.5639,-3.5713,-3.5782,-3.5835,-3.5848,-3.5787,-3.5615,-3.5325,-3.4985,-3.4707,-3.4551,-3.4487,-3.4451,-3.4389,-3.4294,-3.4195,-3.4138,-3.4147,-3.4201,-3.4262,-3.4311,-3.4349,-3.4384,-3.4434,-3.4511,-3.4622,-3.4756,-3.4885,-3.4967,-3.4966,-3.4862,-3.4657,-3.4375,-3.4048,-3.3711,-3.3395,-3.3118,-3.2891,-3.2714,-3.2584,-3.2494,-3.2437,-3.2406,-3.2395,-3.2398
-3.5343,-3.5402,-3.5467,-3.5539,-3.5618,-3.5705,-3.5797,-3.589,-3.5973,-3.6021,-3.5988,-3.5808,-3.5443,-3.4984,-3.4621,-3.4451,-3.4422,-3.4428,-3.4402,-3.4335,-3.4258,-3.4209,-3.4207,-3.4239,-3.4282,-3.4321,-3.4355,-3.439,-3.4438,-3.4512,-3.4614,-3.4734,-3.4847,-3.4917,-3.4912,-3.4818,-3.4638,-3.439,-3.4101,-3.3801,-3.3514,-3.3257,-3.304,-3.2866,-3.2733,-3.2635,-3.2569,-3.2527,-3.2505,-3.2499
-3.5365,-3.5428,-3.5499,-3.5578,-3.5666,-3.5765,-3.5875,-3.5994,-3.6112,-3.6206,-3.622,-3.6053,-3.5607,-3.4983,-3.4502,-3.4325,-3.4342,-3.4399,-3.4412,-3.4373,-3.4315,-3.4273,-3.4263,-3.4279,-3.4306,-3.4335,-3.4363,-3.4395,-3.4439,-3.4505,-3.4595,-3.4697,-3.4791,-3.4846,-3.4838,-3.4754,-3.4597,-3.4381,-3.4128,-3.3862,-3.3604,-3.3368,-3.3165,-3.2996,-3.2863,-3.2762,-3.2689,-3.264,-3.2609,-3.2594
-3.5384,-3.5451,-3.5526,-3.5611,-3.5707,-3.5818,-3.5944,-3.6087,-3.6241,-3.6387,-3.6468,-3.6347,-3.5833,-3.5005,-3.4382,-3.4203,-3.4271,-3.4373,-3.442,-3.4406,-3.4365,-3.4328,-3.4312,-3.4316,-3.4331,-3.4351,-3.4372,-3.4399,-3.4438,-3.4494,-3.4568,-3.4652,-3.4726,-3.4768,-3.4756,-3.468,-3.4543,-3.4356,-3.4136,-3.3902,-3.3671,-3.3457,-3.3268,-3.3108,-3.2977,-3.2875,-3.2798,-3.2743,-3.2706,-3.2684
-3.54,-3.547,-3.5548,-3.5638,-3.5741,-3.586,-3.6,-3.6162,-3.6347,-3.6542,-3.6694,-3.6647,-3.6109,-3.5093,-3.433,-3.4144,-3.424,-3.4367,-3.4433,-3.4437,-3.4407,-3.4375,-3.4356,-3.4351,-3.4356,-3.4367,-3.4382,-3.4403,-3.4434,-3.4479,-3.4539,-3.4604,-3.466,-3.4688,-3.4672,-3.4604,-3.4485,-3.4322,-3.4131,-3.3926,-3.3721,-3.3527,-3.3353,-3.3202,-3.3076,-3.2975,-3.2896,-3.2837,-3.2795,-3.2767
-3.5413,-3.5484,-3.5565,-3.5658,-3.5765,-3.589,-3.6038,-3.6213,-3.6418,-3.6645,-3.6848,-3.6866,-3.6356,-3.5264,-3.4416,-3.4195,-3.4273,-3.439,-3.4457,-3.4467,-3.4445,-3.4416,-3.4394,-3.4383,-3.438,-3.4383,-3.4391,-3.4406,-3.4429,-3.4464,-3.4508,-3.4557,-3.4596,-3.4612,-3.4593,-3.4531,-3.4426,-3.4286,-3.412,-3.394,-3.3758,-3.3583,-3.3424,-3.3283,-3.3163,-3.3064,-3.2985,-3.2923,-3.2878,-3.2846
-3.5421,-3.5494,-3.5576,-3.567,-3.5779,-3.5906,-3.6057,-3.6235,-3.6445,-3.6678,-3.6889,-3.6925,-3.6465,-3.5457,-3.4627,-3.435,-3.4366,-3.4444,-3.4493,-3.45,-3.448,-3.4452,-3.4428,-3.4411,-3.4402,-3.4399,-3.44,-3.4408,-3.4424,-3.4448,-3.448,-3.4513,-3.4538,-3.4544,-3.4522,-3.4464,-3.4372,-3.4249,-3.4104,-3.3946,-3.3785,-3.3628,-3.3483,-3.3352,-3.3238,-3.3143,-3.3064,-3.3002,-3.2954,-3.2919
-3.5426,-3.5499,-3.5581,-3.5674,-3.5783,-3.5909,-3.6056,-3.6229,-3.6428,-3.6641,-3.682,-3.6826,-3.6419,-3.5594,-3.4869,-3.4551,-3.4494,-3.4518,-3.454,-3.4536,-3.4514,-3.4485,-3.4458,-3.4437,-3.4422,-3.4413,-3.4409,-3.4411,-3.4419,-3.4434,-3.4454,-3.4474,-3.4487,-3.4485,-3.4459,-3.4405,-3.4323,-3.4215,-3.4088,-3.3949,-3.3805,-3.3665,-3.3532,-3.3411,-3.3304,-3.3213,-3.3136,-3.3074,-3.3024,-3.2986
-3.5427,-3.5499,-3.5579,-3.5671,-3.5776,-3.5897,-3.6037,-3.6196,-3.6373,-3.655,-3.6677,-3.664,-3.6287,-3.5652,-3.5064,-3.4741,-3.4627,-3.4601,-3.4592,-3.4575,-3.4547,-3.4515,-3.4485,-3.446,-3.4441,-3.4426,-3.4417,-3.4413,-3.4414,-3.4421,-3.443,-3.444,-3.4444,-3.4434,-3.4406,-3.4354,-3.428,-3.4184,-3.4072,-3.3949,-3.3821,-3.3694,-3.3573,-3.3462,-3.3362,-3.3275,-3.32,-3.3139,-3.3089,-3.3049
-3.5424,-3.5494,-3.5573,-3.5661,-3.5761,-3.5874,-3.6002,-3.6143,-3.6291,-3.6426,-3.6501,-3.6432,-3.6135,-3.5655,-3.5192,-3.4892,-3.4745,-3.4681,-3.4645,-3.4613,-3.4579,-3.4543,-3.451,-3.4481,-3.4457,-3.4439,-3.4425,-3.4415,-3.441,-3.4409,-3.4411,-3.4411,-3.4407,-3.4391,-3.436,-3.4311,-3.4243,-3.4157,-3.4057,-3.3948,-3.3833,-3.3719,-3.3609,-3.3506,-3.3413,-3.333,-3.3258,-3.3198,-3.3148,-3.3107
-3.5418,-3.5486,-3.5561,-3.5644,-3.5738,-3.5842,-3.5955,-3.6076,-3.6195,-3.629,-3.6324,-3.6239,-3.5993,-3.5627,-3.5264,-3.4999,-3.484,-3.4752,-3.4695,-3.465,-3.4608,-3.4569,-3.4532,-3.45,-3.4473,-3.445,-3.4432,-3.4417,-3.4407,-3.44,-3.4394,-3.4387,-3.4376,-3.4356,-3.4323,-3.4276,-3.4212,-3.4135,-3.4045,-3.3946,-3.3844,-3.374,-3.364,-3.3545,-3.3458,-3.3379,-3.3311,-3.3252,-3.3202,-3.3161
-3.5409,-3.5473,-3.5544,-3.5622,-3.5708,-3.5801,-3.59,-3.6,-3.6092,-3.6155,-3.616,-3.6071,-3.5868,-3.5585,-3.5298,-3.5068,-3.4911,-3.481,-3.4739,-3.4684,-3.4636,-3.4592,-3.4552,-3.4517,-3.4487,-3.446,-3.4438,-3.442,-3.4405,-3.4392,-3.438,-3.4367,-3.4351,-3.4327,-3.4292,-3.4246,-3.4187,-3.4116,-3.4034,-3.3946,-3.3853,-3.3759,-3.3666,-3.3579,-3.3498,-3.3424,-3.3358,-3.3301,-3.3252,-3.3211
-3.5396,-3.5457,-3.5524,-3.5596,-3.5674,-3.5756,-3.584,-3.5921,-3.5989,-3.6028,-3.6015,-3.5928,-3.5761,-3.5538,-3.5306,-3.5109,-3.4961,-3.4854,-3.4776,-3.4714,-3.466,-3.4613,-3.457,-3.4532,-3.4499,-3.447,-3.4444,-3.4422,-3.4403,-3.4385,-3.4369,-3.4351,-3.433,-3.4303,-3.4267,-3.4222,-3.4166,-3.4101,-3.4026,-3.3945,-3.3861,-3.3775,-3.369,-3.3609,-3.3533,-3.3464,-3.3401,-3.3346,-3.3298,-3.3258
