docs/data/wind_grid.json
[{"header":{"la1":42.85,"la2":41.18,"lo1":11.55,"lo2":14.05,"nx":36,"ny":24,"dx":0.07143,"dy":0.07261,"parameterCategory":2,"parameterNumber":2,"parameterNumberName":"eastward_wind","parameterUnit":"m.s-1"},"data":[-1.0591,-1.0623,-1.0644,-1.0651,-1.0636,-1.0589,-1.0495,-1.0336,-1.0098,-0.9776,-0.9382,-0.8934,-0.8458,-0.7974,-0.7503,-0.7066,-0.6686,-0.6391,-0.6206,-0.6138,-0.6168,-0.6255,-0.6357,-0.645,-0.6525,-0.6584,-0.6631,-0.6667,-0.6693,-0.6711,-0.6722,-0.6728,-0.6729,-0.6728,-0.6724,-0.6721,-1.076,-1.0815,-1.0863,-1.0903,-1.0927,-1.0923,-1.0869,-1.0733,-1.0483,-1.0109,-0.9627,-0.9074,-0.8486,-0.7893,-0.7314,-0.677,-0.6292,-0.5926,-0.5726,-0.5714,-0.5855,-0.6057,-0.6239,-0.637,-0.6459,-0.6524,-0.6573,-0.661,-0.6638,-0.6655,-0.6665,-0.6669,-0.6668,-0.6664,-0.6659,-0.6653,-1.093,-1.1011,-1.1092,-1.1171,-1.1249,-1.1317,-1.1343,-1.1268,-1.1022,-1.0574,-0.9963,-0.9259,-0.8525,-0.7794,-0.708,-0.6395,-0.5767,-0.5274,-0.5039,-0.5145,-0.5523,-0.5948,-0.6235,-0.6373,-0.6442,-0.6491,-0.6532,-0.6566,-0.659,-0.6605,-0.6611,-0.6611,-0.6606,-0.6598,-0.6589,-0.6581,-1.1098,-1.1207,-1.1321,-1.1445,-1.1591,-1.1768,-1.1947,-1.2022,-1.1817,-1.1249,-1.0418,-0.9491,-0.8566,-0.7671,-0.68,-0.5933,-0.507,-0.4315,-0.3951,-0.429,-0.5222,-0.6121,-0.6493,-0.6513,-0.6484,-0.6486,-0.6508,-0.6532,-0.655,-0.6558,-0.6558,-0.6552,-0.6541,-0.6527,-0.6514,-0.6503,-1.1258,-1.1396,-1.1541,-1.1703,-1.1918,-1.2242,-1.2698,-1.3124,-1.3065,-1.2243,-1.1004,-0.9744,-0.8581,-0.7507,-0.6476,-0.5408,-0.4197,-0.2864,-0.199,-0.2695,-0.4946,-0.6916,-0.7162,-0.6765,-0.6552,-0.6495,-0.6495,-0.6508,-0.6516,-0.6516,-0.6506,-0.649,-0.6471,-0.645,-0.6431,-0.6415,-1.1401,-1.1572,-1.1747,-1.1929,-1.2179,-1.2642,-1.35,-1.4684,-1.5037,-1.3587,-1.1617,-0.9933,-0.8519,-0.7265,-0.6097,-0.4885,-0.331,-0.0912,0.1735,0.0818,-0.399,-0.7557,-0.7573,-0.685,-0.6567,-0.6495,-0.6488,-0.6491,-0.6488,-0.6475,-0.6452,-0.6424,-0.6393,-0.6364,-0.6337,-0.6317,-1.1516,-1.1734,-1.1959,-1.2136,-1.2329,-1.281,-1.3932,-1.5963,-1.6963,-1.4547,-1.1896,-0.9935,-0.832,-0.6874,-0.5579,-0.4386,-0.2839,0.0269,0.5639,0.4905,-0.2447,-0.6034,-0.6738,-0.6614,-0.6516,-0.649,-0.6487,-0.6482,-0.6464,-0.6433,-0.6393,-0.6349,-0.6304,-0.6263,-0.6229,-0.6203,-1.1577,-1.1859,-1.2221,-1.2437,-1.2403,-1.2704,-1.3584,-1.4976,-1.5517,-1.3728,-1.1601,-0.9746,-0.7982,-0.6217,-0.4615,-0.3568,-0.283,-0.1154,0.1696,0.0389,-0.4667,-0.6341,-0.6506,-0.6512,-0.6505,-0.6506,-0.6503,-0.6483,-0.6444,-0.6389,-0.6326,-0.6261,-0.6198,-0.6144,-0.61,-0.6069,-1.1534,-1.1831,-1.2428,-1.2947,-1.2381,-1.2472,-1.3128,-1.3645,-1.3567,-1.2707,-1.1315,-0.96,-0.7635,-0.5231,-0.2459,-0.1242,-0.2246,-0.2902,-0.3056,-0.4892,-0.8396,-0.813,-0.6973,-0.6638,-0.6572,-0.6561,-0.6543,-0.6498,-0.6428,-0.634,-0.6245,-0.6152,-0.6068,-0.5997,-0.5944,-0.5909,-1.1364,-1.145,-1.1688,-1.1879,-1.1325,-1.2134,-1.3251,-1.3727,-1.3545,-1.2955,-1.1594,-0.9715,-0.758,-0.4475,0.1727,0.4934,-0.0727,-0.3661,-0.4832,-0.6083,-0.7758,-0.7756,-0.7026,-0.6733,-0.6671,-0.666,-0.6622,-0.6537,-0.6417,-0.6279,-0.6141,-0.6012,-0.5902,-0.5814,-0.5752,-0.5714,-1.1166,-1.0909,-1.0089,-0.8063,-0.8593,-1.1924,-1.4264,-1.5003,-1.4198,-1.381,-1.2164,-1.0014,-0.8037,-0.5648,0.0467,0.4913,-0.1661,-0.4697,-0.5799,-0.6317,-0.6771,-0.692,-0.6818,-0.6773,-0.6814,-0.6842,-0.6776,-0.6616,-0.6411,-0.6199,-0.6001,-0.5828,-0.5686,-0.558,-0.551,-0.5476,-1.1103,-1.0761,-0.9847,-0.8235,-0.9007,-1.2981,-1.6529,-1.8356,-1.6137,-1.408,-1.2322,-1.0403,-0.8681,-0.7611,-0.6103,-0.4053,-0.4821,-0.6543,-0.7156,-0.6825,-0.667,-0.6662,-0.6712,-0.6861,-0.7098,-0.7229,-0.7083,-0.6756,-0.64,-0.6078,-0.5802,-0.5575,-0.5399,-0.5275,-0.5204,-0.5181,-1.1206,-1.1053,-1.0751,-1.0615,-1.178,-1.4667,-1.8423,-2.1813,-1.9454,-1.4988,-1.2486,-1.1554,-0.9938,-0.7955,-0.7284,-0.5585,-0.5794,-0.8813,-0.9027,-0.7263,-0.6657,-0.6508,-0.6622,-0.7009,-0.7666,-0.8044,-0.7622,-0.693,-0.6338,-0.5875,-0.5509,-0.5222,-0.501,-0.4874,-0.4812,-0.4813,-1.1372,-1.1433,-1.1566,-1.2006,-1.3127,-1.5089,-1.7662,-1.9949,-1.8545,-1.4655,-1.2587,-1.3368,-1.3161,-0.5783,-0.6104,-0.3435,-0.4309,-0.7014,-0.7813,-0.6873,-0.6245,-0.6071,-0.6342,-0.7027,-0.8264,-0.9021,-0.8088,-0.6932,-0.6111,-0.5523,-0.5073,-0.4725,-0.4477,-0.4338,-0.4304,-0.4355,-1.1502,-1.1683,-1.1974,-1.2486,-1.3331,-1.4499,-1.5747,-1.6377,-1.5408,-1.3652,-1.2607,-1.1842,-0.9852,-0.8003,-0.6033,-0.2771,-0.2795,-0.521,-0.6354,-0.5965,-0.497,-0.49,-0.5682,-0.6594,-0.771,-0.8346,-0.7534,-0.6422,-0.5584,-0.4956,-0.4443,-0.4028,-0.3741,-0.3615,-0.3645,-0.3788,-1.1556,-1.1772,-1.2073,-1.2498,-1.3057,-1.3683,-1.4183,-1.4248,-1.3758,-1.3336,-1.4046,-1.219,-1.1289,-0.9612,-0.7825,-0.5437,-0.4113,-0.5701,-0.63,-0.5022,-0.1857,-0.2579,-0.4828,-0.592,-0.645,-0.6564,-0.6087,-0.5376,-0.4733,-0.4151,-0.3581,-0.306,-0.2711,-0.263,-0.2793,-0.3099,-1.1539,-1.1744,-1.2001,-1.2315,-1.2666,-1.2996,-1.3201,-1.3191,-1.3038,-1.3125,-1.3826,-1.2939,-1.3771,-1.4257,-1.0712,-0.8775,-0.7653,-0.7398,-0.7092,-0.5497,-0.1463,-0.2385,-0.479,-0.553,-0.5407,-0.4938,-0.4429,-0.4031,-0.3658,-0.3165,-0.2481,-0.173,-0.1253,-0.1289,-0.1721,-0.2303,-1.147,-1.1648,-1.1851,-1.2074,-1.2297,-1.2483,-1.2588,-1.26,-1.258,-1.2649,-1.2785,-1.2968,-1.4509,-1.4987,-1.3856,-1.3298,-1.0659,-0.8394,-0.7229,-0.7554,-0.6081,-0.5511,-0.5791,-0.5472,-0.4432,-0.3162,-0.2524,-0.2532,-0.2511,-0.2126,-0.1214,0.0036,0.0773,0.0441,-0.0496,-0.1486,-1.1371,-1.1517,-1.1674,-1.1834,-1.1983,-1.21,-1.2172,-1.2203,-1.2226,-1.2287,-1.2418,-1.2732,-1.3436,-1.4664,-1.9368,-2.1548,-1.3805,-0.9844,-0.8911,-1.0708,-0.9394,-0.7961,-0.6964,-0.5587,-0.3444,-0.1151,-0.0582,-0.1118,-0.1424,-0.1211,-0.0056,0.1964,0.3082,0.2187,0.0573,-0.0841,-1.1255,-1.1374,-1.1496,-1.1614,-1.1719,-1.1802,-1.186,-1.1901,-1.1944,-1.202,-1.2172,-1.2487,-1.3148,-1.4755,-1.8591,-1.9683,-1.449,-1.193,-1.3858,-1.5333,-1.1696,-0.9748,-0.8308,-0.6143,-0.3093,-0.0478,0.0034,0.0196,-0.0359,-0.057,0.0427,0.271,0.3994,0.2813,0.0939,-0.0607,-1.1134,-1.123,-1.1325,-1.1414,-1.1493,-1.1558,-1.1609,-1.1653,-1.1705,-1.1789,-1.194,-1.222,-1.2748,-1.3704,-1.4928,-1.4927,-1.3311,-1.2329,-1.3075,-1.3459,-1.224,-1.1754,-1.0805,-0.7807,-0.3528,0.0646,0.4237,0.3182,0.0723,-0.0284,0.0059,0.147,0.2408,0.1746,0.04,-0.0858,-1.1012,-1.109,-1.1165,-1.1235,-1.1296,-1.1348,-1.1393,-1.1436,-1.1488,-1.1566,-1.1693,-1.1902,-1.2229,-1.2665,-1.3015,-1.2902,-1.2353,-1.1975,-1.2095,-1.2395,-1.3273,-1.58,-1.6243,-1.1167,-0.473,0.1698,0.7351,0.4613,0.0639,-0.0495,-0.0585,-0.0086,0.0358,0.0137,-0.0579,-0.1414,-1.0892,-1.0956,-1.1016,-1.1071,-1.1119,-1.1162,-1.12,-1.1238,-1.1283,-1.1346,-1.1438,-1.1571,-1.1746,-1.1925,-1.2018,-1.193,-1.1714,-1.158,-1.1719,-1.2372,-1.4453,-1.9088,-2.0552,-1.387,-0.658,-0.0938,0.2193,0.1,-0.0805,-0.0954,-0.1087,-0.1067,-0.0986,-0.112,-0.1513,-0.2042,-1.0776,-1.0828,-1.0876,-1.092,-1.0958,-1.0992,-1.1022,-1.1052,-1.1086,-1.113,-1.1188,-1.1262,-1.1342,-1.1406,-1.1416,-1.1353,-1.1258,-1.1236,-1.1437,-1.2127,-1.3808,-1.6437,-1.68,-1.2681,-0.752,-0.3492,-0.1277,-0.0902,-0.1048,-0.1157,-0.146,-0.1684,-0.1814,-0.1982,-0.2257,-0.2619]},{"header":{"la1":42.85,"la2":41.18,"lo1":11.55,"lo2":14.05,"nx":36,"ny":24,"dx":0.07143,"dy":0.07261,"parameterCategory":2,"parameterNumber":3,"parameterNumberName":"northward_wind","parameterUnit":"m.s-1"},"data":[-0.4844,-0.4911,-0.4976,-0.5038,-0.5093,-0.5136,-0.5159,-0.5153,-0.5109,-0.5024,-0.4896,-0.4727,-0.452,-0.4279,-0.401,-0.3722,-0.3436,-0.3176,-0.2971,-0.2835,-0.2766,-0.2743,-0.274,-0.2739,-0.2732,-0.2721,-0.2706,-0.2686,-0.2661,-0.263,-0.2593,-0.2551,-0.2505,-0.2455,-0.2405,-0.2354,-0.4917,-0.4998,-0.5079,-0.516,-0.5239,-0.5308,-0.5358,-0.5373,-0.5339,-0.5248,-0.5101,-0.4904,-0.4661,-0.4373,-0.4042,-0.3678,-0.3307,-0.2971,-0.2722,-0.2593,-0.2575,-0.2616,-0.266,-0.2681,-0.2682,-0.2675,-0.2664,-0.2648,-0.2627,-0.2597,-0.256,-0.2516,-0.2466,-0.2413,-0.2358,-0.2302,-0.4985,-0.5081,-0.518,-0.5283,-0.5391,-0.5498,-0.5592,-0.5644,-0.5626,-0.5525,-0.5351,-0.5119,-0.4835,-0.4495,-0.409,-0.3621,-0.3118,-0.2653,-0.2334,-0.2243,-0.2354,-0.2534,-0.2648,-0.267,-0.2654,-0.2637,-0.2626,-0.2615,-0.2597,-0.2568,-0.253,-0.2482,-0.2427,-0.2368,-0.2307,-0.2246,-0.5047,-0.5159,-0.5276,-0.5401,-0.5542,-0.5703,-0.5868,-0.5991,-0.6003,-0.5878,-0.5654,-0.5375,-0.505,-0.466,-0.4172,-0.3564,-0.2853,-0.2148,-0.1683,-0.1689,-0.2134,-0.2641,-0.2824,-0.2749,-0.2651,-0.2605,-0.2592,-0.2586,-0.2573,-0.2545,-0.2504,-0.245,-0.2387,-0.232,-0.2251,-0.2183,-0.5101,-0.5231,-0.5366,-0.5509,-0.5679,-0.5905,-0.6191,-0.6457,-0.6527,-0.633,-0.6005,-0.5665,-0.5311,-0.489,-0.4332,-0.356,-0.2527,-0.1336,-0.0468,-0.0651,-0.1913,-0.3222,-0.3346,-0.2901,-0.264,-0.2562,-0.2558,-0.2565,-0.2559,-0.2532,-0.2484,-0.242,-0.2346,-0.2267,-0.2188,-0.2111,-0.5145,-0.5303,-0.5463,-0.5611,-0.5782,-0.6062,-0.6519,-0.7072,-0.7268,-0.6867,-0.6361,-0.5967,-0.562,-0.5217,-0.4637,-0.3725,-0.2286,-0.0202,0.1853,0.1554,-0.116,-0.3709,-0.3671,-0.2842,-0.2526,-0.2489,-0.2528,-0.2562,-0.2564,-0.2533,-0.2473,-0.2393,-0.2303,-0.2208,-0.2116,-0.2028,-0.5171,-0.5384,-0.5608,-0.5756,-0.5849,-0.6102,-0.6681,-0.7558,-0.7932,-0.7242,-0.6622,-0.6257,-0.5983,-0.5674,-0.5176,-0.4249,-0.2548,0.0395,0.4261,0.3992,0.0478,-0.1755,-0.2371,-0.2244,-0.2274,-0.2407,-0.2528,-0.2595,-0.2602,-0.2556,-0.2474,-0.237,-0.2255,-0.214,-0.203,-0.1929,-0.5151,-0.5459,-0.5883,-0.6121,-0.5936,-0.5984,-0.6494,-0.721,-0.7506,-0.7135,-0.6774,-0.6546,-0.6406,-0.6287,-0.6034,-0.5298,-0.3682,-0.1011,0.1953,0.2301,0.175,0.095,-0.0552,-0.1493,-0.2044,-0.24,-0.2611,-0.27,-0.2691,-0.2612,-0.249,-0.2347,-0.2198,-0.2055,-0.1924,-0.1809,-0.5022,-0.5375,-0.6148,-0.684,-0.5951,-0.5681,-0.6182,-0.6766,-0.7122,-0.7177,-0.7023,-0.6877,-0.6873,-0.7038,-0.7318,-0.7018,-0.5413,-0.3144,-0.0928,0.1133,0.4256,0.3517,0.0535,-0.1171,-0.208,-0.2594,-0.2853,-0.2922,-0.2856,-0.2708,-0.2519,-0.2318,-0.2123,-0.1945,-0.1791,-0.1661,-0.4736,-0.4852,-0.5206,-0.5478,-0.4593,-0.5024,-0.5974,-0.6848,-0.7687,-0.7974,-0.7504,-0.7231,-0.7317,-0.7742,-0.902,-0.969,-0.706,-0.4633,-0.2575,-0.0201,0.2633,0.229,0.0004,-0.1583,-0.2552,-0.3116,-0.3346,-0.3315,-0.3119,-0.2846,-0.2552,-0.227,-0.2016,-0.1798,-0.1617,-0.1474,-0.4399,-0.4105,-0.3239,-0.1125,-0.1546,-0.4262,-0.5949,-0.707,-0.8802,-0.9641,-0.7974,-0.7517,-0.7711,-0.8104,-0.9116,-0.9898,-0.7303,-0.5185,-0.3622,-0.2158,-0.0852,-0.067,-0.1522,-0.2591,-0.3537,-0.4131,-0.4231,-0.3946,-0.3491,-0.301,-0.2566,-0.218,-0.1855,-0.1592,-0.1388,-0.1236,-0.4198,-0.3773,-0.2784,-0.1175,-0.1719,-0.4463,-0.6213,-0.6989,-0.7884,-0.8582,-0.772,-0.7713,-0.8155,-0.8578,-0.8475,-0.8007,-0.6645,-0.4725,-0.3695,-0.3146,-0.2548,-0.2367,-0.2826,-0.386,-0.518,-0.5991,-0.5733,-0.4862,-0.3937,-0.3151,-0.2515,-0.2008,-0.1609,-0.1304,-0.1082,-0.0931,-0.4176,-0.3901,-0.3457,-0.3121,-0.373,-0.5202,-0.6484,-0.7113,-0.7029,-0.7056,-0.7243,-0.8088,-0.8722,-0.8878,-0.8753,-0.8358,-0.679,-0.312,-0.2695,-0.3309,-0.3066,-0.3008,-0.3579,-0.5157,-0.7761,-0.9284,-0.799,-0.592,-0.4307,-0.3163,-0.2329,-0.1703,-0.1235,-0.0899,-0.0676,-0.0543,-0.4239,-0.4141,-0.4061,-0.4161,-0.4647,-0.5449,-0.6258,-0.6794,-0.6645,-0.6251,-0.6574,-0.8555,-0.9638,-1.1962,-0.944,-1.0897,-0.8455,-0.4615,-0.3449,-0.3307,-0.2939,-0.2924,-0.3676,-0.5857,-1.0163,-1.2771,-0.9823,-0.6455,-0.4297,-0.2905,-0.1926,-0.1206,-0.0685,-0.0337,-0.0138,-0.0052,-0.4291,-0.4296,-0.4351,-0.4521,-0.4847,-0.5282,-0.5688,-0.5873,-0.56,-0.4988,-0.4675,-0.5502,-0.7696,-0.9825,-0.896,-1.1168,-0.4483,-0.4903,-0.3795,-0.2838,-0.2126,-0.2145,-0.3032,-0.5054,-0.8594,-1.0729,-0.8514,-0.5654,-0.3665,-0.2283,-0.1246,-0.0454,0.0105,0.0434,0.0566,0.0558,-0.4295,-0.4338,-0.4418,-0.4554,-0.4744,-0.4945,-0.5066,-0.4972,-0.45,-0.3475,-0.1843,-0.1587,-0.2917,-0.5146,-0.5884,-0.5883,-0.4027,-0.384,-0.2835,-0.1752,-0.0593,-0.0876,-0.2036,-0.3472,-0.5184,-0.6118,-0.5398,-0.3956,-0.2569,-0.1349,-0.0275,0.0612,0.1215,0.1481,0.1469,0.1295,-0.4249,-0.4295,-0.4358,-0.4439,-0.4524,-0.4576,-0.4528,-0.4293,-0.3763,-0.2823,-0.1674,-0.1143,0.3294,0.5321,-0.144,-0.3126,-0.2998,-0.2012,-0.0998,-0.0738,-0.024,-0.0496,-0.1354,-0.2239,-0.3063,-0.3485,-0.3258,-0.2493,-0.144,-0.0263,0.096,0.2069,0.276,0.2876,0.2583,0.2137,-0.4167,-0.4198,-0.4233,-0.4264,-0.4274,-0.4235,-0.4102,-0.3822,-0.3346,-0.2657,-0.1787,-0.013,0.4974,0.6218,0.1377,0.0209,-0.0609,0.0311,0.1626,0.0543,-0.0041,-0.0383,-0.0823,-0.1412,-0.2139,-0.2827,-0.2819,-0.1851,-0.0551,0.0833,0.2393,0.3964,0.4828,0.461,0.3826,0.2996,-0.4061,-0.4074,-0.408,-0.407,-0.4031,-0.394,-0.3768,-0.3486,-0.3066,-0.2486,-0.1678,-0.04,0.1345,0.2159,0.3737,0.4744,0.134,0.1067,0.1827,0.2063,0.1156,0.0431,-0.004,-0.0663,-0.1877,-0.4042,-0.4479,-0.1869,0.0262,0.1897,0.3772,0.5967,0.7057,0.6285,0.4897,0.3694,-0.3943,-0.3937,-0.3919,-0.388,-0.3809,-0.369,-0.3505,-0.3234,-0.286,-0.2363,-0.1707,-0.0858,0.0113,0.1218,0.3215,0.3848,0.1741,0.1543,0.3516,0.4498,0.2367,0.1516,0.1131,0.0449,-0.0979,-0.3937,-0.4608,-0.044,0.1672,0.301,0.4605,0.6778,0.7885,0.6897,0.5331,0.4031,-0.382,-0.3798,-0.3761,-0.3702,-0.3612,-0.3479,-0.3292,-0.3038,-0.2707,-0.2286,-0.1765,-0.1144,-0.0435,0.0386,0.1256,0.1526,0.1216,0.152,0.2708,0.3235,0.2786,0.3064,0.3143,0.2277,0.1287,0.1338,0.3768,0.3889,0.3916,0.4441,0.5025,0.6034,0.6687,0.6138,0.5033,0.3975,-0.3698,-0.3663,-0.3612,-0.354,-0.3438,-0.3301,-0.3118,-0.2884,-0.2591,-0.2234,-0.1812,-0.1329,-0.0797,-0.0241,0.0253,0.0554,0.076,0.1183,0.1865,0.2564,0.3756,0.6098,0.6825,0.4675,0.3295,0.4262,0.6659,0.6068,0.6601,0.6706,0.5937,0.5562,0.5485,0.5126,0.4452,0.3698,-0.358,-0.3535,-0.3474,-0.3393,-0.3286,-0.3148,-0.2974,-0.2758,-0.2498,-0.2192,-0.1841,-0.1452,-0.1036,-0.0617,-0.0231,0.0108,0.0459,0.0934,0.1612,0.2672,0.4788,0.845,0.9505,0.6241,0.4292,0.4546,0.5706,0.7462,1.066,0.9708,0.725,0.5752,0.5016,0.4502,0.396,0.3383,-0.3468,-0.3416,-0.3348,-0.3262,-0.3153,-0.3017,-0.2852,-0.2654,-0.2421,-0.2154,-0.1854,-0.1528,-0.1183,-0.0832,-0.0484,-0.0132,0.0265,0.0771,0.1481,0.2583,0.4394,0.6689,0.7291,0.5643,0.4431,0.4555,0.5733,0.8277,1.1186,1.0181,0.7621,0.5838,0.4807,0.4142,0.3603,0.3101]}]