docs/data/wind_grid.json
[{"header":{"la1":42.85,"la2":41.18,"lo1":11.55,"lo2":14.05,"nx":36,"ny":24,"dx":0.07143,"dy":0.07261,"parameterCategory":2,"parameterNumber":2,"parameterNumberName":"eastward_wind","parameterUnit":"m.s-1"},"data":[-0.6417,-0.648,-0.6526,-0.6552,-0.6556,-0.6537,-0.6486,-0.6393,-0.625,-0.6063,-0.5851,-0.564,-0.5454,-0.5307,-0.5198,-0.5115,-0.5036,-0.493,-0.477,-0.4548,-0.4292,-0.4062,-0.3917,-0.3876,-0.3916,-0.3996,-0.408,-0.4151,-0.4203,-0.4238,-0.4259,-0.4269,-0.4272,-0.4271,-0.4266,-0.4259,-0.6651,-0.674,-0.6807,-0.6851,-0.6877,-0.6882,-0.6854,-0.6769,-0.6602,-0.6353,-0.6059,-0.5769,-0.5526,-0.535,-0.5243,-0.5184,-0.5135,-0.5041,-0.4843,-0.4507,-0.4079,-0.3691,-0.3486,-0.3497,-0.3643,-0.3823,-0.398,-0.4097,-0.4175,-0.4224,-0.4251,-0.4264,-0.4267,-0.4265,-0.426,-0.4253,-0.6926,-0.7048,-0.7142,-0.7209,-0.7262,-0.7312,-0.7345,-0.7305,-0.712,-0.6773,-0.6336,-0.5914,-0.5582,-0.5371,-0.5274,-0.5266,-0.5291,-0.5255,-0.5029,-0.45,-0.3711,-0.2977,-0.2688,-0.2875,-0.3261,-0.3622,-0.3886,-0.4058,-0.4161,-0.422,-0.425,-0.4262,-0.4265,-0.4261,-0.4254,-0.4246,-0.7251,-0.7423,-0.7552,-0.7639,-0.7717,-0.7837,-0.8007,-0.8116,-0.7947,-0.7419,-0.6711,-0.6064,-0.56,-0.5341,-0.527,-0.5354,-0.5529,-0.5659,-0.5486,-0.467,-0.3106,-0.1526,-0.1168,-0.1912,-0.2805,-0.3446,-0.3834,-0.4053,-0.4171,-0.423,-0.4257,-0.4265,-0.4264,-0.4258,-0.4249,-0.4239,-0.764,-0.7892,-0.8074,-0.8169,-0.8238,-0.8432,-0.8879,-0.9411,-0.9388,-0.8458,-0.7196,-0.6176,-0.5532,-0.5221,-0.519,-0.5409,-0.5845,-0.6368,-0.6543,-0.5485,-0.2434,0.1235,0.1376,-0.0802,-0.2489,-0.3411,-0.3875,-0.4103,-0.4209,-0.4256,-0.4271,-0.4271,-0.4264,-0.4254,-0.4242,-0.4231,-0.8101,-0.8496,-0.8787,-0.8877,-0.8829,-0.8993,-0.9847,-1.1424,-1.1949,-0.9998,-0.766,-0.6135,-0.531,-0.4958,-0.4972,-0.5345,-0.6131,-0.7367,-0.8598,-0.7813,-0.3288,0.3027,0.2743,-0.0732,-0.2744,-0.3653,-0.4047,-0.4212,-0.4275,-0.4292,-0.4289,-0.4277,-0.4263,-0.4248,-0.4234,-0.4221,-0.8614,-0.9267,-0.983,-0.9968,-0.9583,-0.9346,-1.0296,-1.3178,-1.4749,-1.1059,-0.7582,-0.5758,-0.487,-0.4503,-0.4537,-0.5016,-0.6088,-0.7991,-1.0526,-1.0269,-0.6683,-0.2494,-0.1442,-0.2794,-0.3751,-0.4171,-0.4321,-0.4357,-0.4349,-0.4327,-0.4302,-0.4279,-0.4258,-0.4239,-0.4223,-0.4209,-0.9085,-1.0116,-1.1293,-1.1788,-1.0707,-0.9463,-0.9499,-1.1243,-1.2103,-0.9151,-0.6425,-0.4967,-0.4211,-0.3839,-0.3801,-0.427,-0.5452,-0.733,-0.9313,-0.9894,-1.0568,-0.9424,-0.6758,-0.5445,-0.4971,-0.4743,-0.4592,-0.4483,-0.4403,-0.4345,-0.4303,-0.4271,-0.4245,-0.4225,-0.4208,-0.4194,-0.9327,-1.0629,-1.2504,-1.3843,-1.1757,-0.9388,-0.8188,-0.7769,-0.7106,-0.5789,-0.4702,-0.3973,-0.3441,-0.3011,-0.2642,-0.2896,-0.4354,-0.63,-0.8226,-1.0859,-1.5904,-1.4677,-0.9736,-0.7022,-0.5741,-0.5091,-0.4733,-0.4527,-0.4405,-0.4331,-0.4283,-0.425,-0.4225,-0.4204,-0.4188,-0.4174,-0.921,-1.0376,-1.1799,-1.2569,-1.1117,-0.9014,-0.7196,-0.5636,-0.3831,-0.2875,-0.3129,-0.3067,-0.2713,-0.2213,-0.1031,-0.0435,-0.3258,-0.5851,-0.7848,-1.029,-1.3795,-1.3125,-0.9575,-0.716,-0.5812,-0.5067,-0.4661,-0.4446,-0.4335,-0.4276,-0.424,-0.4215,-0.4195,-0.4178,-0.4163,-0.415,-0.882,-0.9742,-1.0743,-1.1687,-1.1237,-0.8749,-0.6719,-0.4935,-0.1471,0.0169,-0.2082,-0.2413,-0.2063,-0.1673,-0.0922,-0.0322,-0.3709,-0.681,-0.8488,-0.9159,-0.9749,-0.9343,-0.7838,-0.6352,-0.5298,-0.4665,-0.4354,-0.4233,-0.4196,-0.4186,-0.418,-0.4171,-0.4159,-0.4145,-0.4132,-0.4121,-0.8277,-0.9034,-1.0023,-1.1242,-1.0699,-0.8167,-0.6802,-0.6346,-0.3697,-0.1523,-0.2201,-0.1994,-0.1423,-0.0738,-0.1294,-0.2822,-0.5899,-1.0852,-1.227,-0.991,-0.8287,-0.7279,-0.6275,-0.5264,-0.4415,-0.3925,-0.3827,-0.3913,-0.4015,-0.4083,-0.4117,-0.4125,-0.4118,-0.4106,-0.4094,-0.4085,-0.7631,-0.8146,-0.8711,-0.9058,-0.8455,-0.7258,-0.7021,-0.7971,-0.662,-0.3817,-0.2403,-0.1588,-0.1091,-0.0303,-0.1005,-0.344,-0.7325,-1.9451,-1.9998,-1.1163,-0.7556,-0.5988,-0.5058,-0.4224,-0.3347,-0.2887,-0.3149,-0.3568,-0.3851,-0.4003,-0.4069,-0.4084,-0.4074,-0.4057,-0.4044,-0.4038,-0.6952,-0.7221,-0.7413,-0.7368,-0.6956,-0.6479,-0.6536,-0.7113,-0.6186,-0.3687,-0.2064,-0.1191,-0.092,-0.0234,-0.1977,-0.3453,-0.5912,-1.2872,-1.4402,-0.9048,-0.5874,-0.4486,-0.3932,-0.3443,-0.2569,-0.2023,-0.2662,-0.3381,-0.3794,-0.3988,-0.4054,-0.405,-0.4019,-0.3989,-0.3973,-0.3973,-0.632,-0.6416,-0.642,-0.6273,-0.5979,-0.5678,-0.5515,-0.5276,-0.425,-0.2555,-0.1307,-0.0875,-0.0502,0.0762,-0.2275,-0.3807,-1.0516,-0.7966,-0.7256,-0.5082,-0.2826,-0.2238,-0.269,-0.2967,-0.2701,-0.2412,-0.2911,-0.3544,-0.3918,-0.4069,-0.4076,-0.401,-0.393,-0.3876,-0.3862,-0.3879,-0.5772,-0.5764,-0.5679,-0.5497,-0.5227,-0.4907,-0.4531,-0.3943,-0.2907,-0.1394,0.0278,-0.0078,-0.0416,-0.0793,-0.2329,-0.5337,-0.8778,-0.5896,-0.3844,-0.1701,0.1366,0.0718,-0.1431,-0.2593,-0.3073,-0.3297,-0.3656,-0.4035,-0.4238,-0.4248,-0.4115,-0.3917,-0.3748,-0.3671,-0.3682,-0.3742,-0.5312,-0.5243,-0.5112,-0.4907,-0.4629,-0.4277,-0.3822,-0.3187,-0.229,-0.1108,0.0105,-0.0186,-0.0379,-0.0461,-0.1463,-0.2688,-0.3347,-0.2028,-0.0423,0.0187,0.2136,0.1335,-0.0968,-0.2478,-0.3472,-0.4161,-0.4599,-0.4777,-0.4734,-0.4504,-0.4115,-0.3671,-0.3361,-0.3292,-0.3396,-0.3556,-0.4931,-0.4826,-0.4669,-0.4452,-0.417,-0.3816,-0.337,-0.2809,-0.2127,-0.1394,-0.0834,-0.0626,-0.0353,-0.0175,0.0325,0.0519,-0.0089,0.1728,0.4211,0.1775,0.0821,0.0082,-0.1258,-0.2732,-0.4178,-0.5396,-0.591,-0.5771,-0.5389,-0.4819,-0.401,-0.3113,-0.2592,-0.2658,-0.3002,-0.334,-0.4617,-0.4492,-0.4322,-0.4103,-0.3829,-0.3495,-0.3096,-0.2629,-0.2114,-0.1605,-0.1176,-0.082,-0.0379,0.0612,0.4018,0.5526,0.1996,0.2352,0.3675,0.2826,0.1322,-0.0058,-0.1419,-0.3067,-0.507,-0.6977,-0.7422,-0.6843,-0.6161,-0.523,-0.3856,-0.223,-0.1447,-0.1884,-0.262,-0.3174,-0.436,-0.4225,-0.4052,-0.3838,-0.3581,-0.3277,-0.2928,-0.254,-0.2129,-0.172,-0.1326,-0.0906,-0.0298,0.0971,0.363,0.4504,0.2249,0.2091,0.386,0.4685,0.2076,0.03,-0.1151,-0.3041,-0.5459,-0.7495,-0.7887,-0.7818,-0.7084,-0.5881,-0.4089,-0.1888,-0.0914,-0.1607,-0.2542,-0.3177,-0.4151,-0.4012,-0.3842,-0.3639,-0.3401,-0.3129,-0.2825,-0.2496,-0.215,-0.1796,-0.1429,-0.1009,-0.044,0.042,0.1463,0.1817,0.1445,0.1651,0.2729,0.3056,0.183,0.0978,-0.001,-0.2215,-0.5255,-0.8154,-1.0525,-0.9894,-0.8269,-0.6898,-0.5139,-0.3119,-0.2079,-0.2342,-0.2944,-0.3405,-0.3981,-0.3843,-0.368,-0.3489,-0.3272,-0.3029,-0.2763,-0.2478,-0.2179,-0.1867,-0.1536,-0.1164,-0.0718,-0.0189,0.0313,0.0586,0.0686,0.0935,0.1361,0.1579,0.1807,0.2965,0.3062,-0.0248,-0.4572,-0.8892,-1.2521,-1.1054,-0.9261,-0.8242,-0.6635,-0.4905,-0.3808,-0.3511,-0.3608,-0.3776,-0.3843,-0.371,-0.3555,-0.3379,-0.3182,-0.2964,-0.273,-0.248,-0.2218,-0.1945,-0.1656,-0.1345,-0.1005,-0.0651,-0.0331,-0.0095,0.0089,0.031,0.06,0.1023,0.2136,0.4785,0.565,0.1381,-0.3471,-0.7336,-0.9627,-0.9869,-1.0431,-0.9765,-0.7893,-0.6186,-0.5043,-0.4455,-0.4223,-0.4155,-0.3733,-0.3605,-0.346,-0.3298,-0.3119,-0.2925,-0.2717,-0.2497,-0.2268,-0.203,-0.1783,-0.1526,-0.1261,-0.1,-0.0764,-0.0563,-0.0382,-0.0183,0.0084,0.0552,0.1541,0.3098,0.3267,0.055,-0.2957,-0.5853,-0.7819,-0.9263,-1.0561,-0.9957,-0.8236,-0.6724,-0.5671,-0.5019,-0.465,-0.4451]},{"header":{"la1":42.85,"la2":41.18,"lo1":11.55,"lo2":14.05,"nx":36,"ny":24,"dx":0.07143,"dy":0.07261,"parameterCategory":2,"parameterNumber":3,"parameterNumberName":"northward_wind","parameterUnit":"m.s-1"},"data":[-0.7051,-0.7026,-0.6985,-0.6924,-0.6845,-0.6751,-0.6648,-0.6542,-0.6435,-0.6326,-0.6204,-0.606,-0.5886,-0.5679,-0.5445,-0.5193,-0.494,-0.4708,-0.4518,-0.4383,-0.4303,-0.4264,-0.425,-0.4248,-0.4254,-0.4268,-0.429,-0.432,-0.4356,-0.4398,-0.4443,-0.4492,-0.4542,-0.4592,-0.4642,-0.4692,-0.7158,-0.7137,-0.7094,-0.7026,-0.6931,-0.6814,-0.6687,-0.6564,-0.6456,-0.6358,-0.6252,-0.6116,-0.5936,-0.5705,-0.5428,-0.5119,-0.4802,-0.4511,-0.4286,-0.4152,-0.4102,-0.4104,-0.412,-0.4132,-0.4144,-0.4161,-0.4188,-0.4225,-0.427,-0.4321,-0.4376,-0.4434,-0.4492,-0.4551,-0.4609,-0.4666,-0.7275,-0.7261,-0.7219,-0.714,-0.702,-0.6862,-0.6687,-0.6528,-0.6417,-0.6352,-0.6291,-0.6185,-0.6009,-0.5755,-0.5427,-0.504,-0.4625,-0.4241,-0.3964,-0.385,-0.3885,-0.3979,-0.4041,-0.4052,-0.4048,-0.4056,-0.4084,-0.4127,-0.4181,-0.4243,-0.4309,-0.4377,-0.4446,-0.4514,-0.458,-0.4644,-0.7405,-0.7404,-0.7367,-0.7278,-0.7122,-0.6892,-0.6613,-0.6362,-0.624,-0.6257,-0.6305,-0.6273,-0.612,-0.5847,-0.546,-0.4968,-0.4402,-0.3849,-0.3471,-0.3422,-0.3681,-0.4,-0.4109,-0.4044,-0.3973,-0.3952,-0.3976,-0.4026,-0.409,-0.4164,-0.4242,-0.4322,-0.4402,-0.4481,-0.4557,-0.4629,-0.7545,-0.7568,-0.7549,-0.7459,-0.7259,-0.6915,-0.6423,-0.5922,-0.5741,-0.5979,-0.6286,-0.6398,-0.629,-0.6005,-0.556,-0.4942,-0.4145,-0.3261,-0.262,-0.2692,-0.3499,-0.4383,-0.4456,-0.4106,-0.3893,-0.3834,-0.3857,-0.3917,-0.3997,-0.4085,-0.4177,-0.4271,-0.4364,-0.4455,-0.4542,-0.4623,-0.769,-0.7753,-0.7776,-0.7708,-0.7481,-0.7005,-0.6147,-0.4998,-0.4568,-0.5422,-0.6285,-0.6608,-0.6549,-0.6263,-0.5782,-0.5047,-0.3958,-0.2475,-0.1078,-0.1232,-0.2964,-0.4726,-0.4685,-0.4014,-0.3725,-0.3674,-0.3719,-0.3801,-0.39,-0.4006,-0.4115,-0.4225,-0.4334,-0.4438,-0.4536,-0.4627,-0.7825,-0.7949,-0.8057,-0.8054,-0.7836,-0.7311,-0.6166,-0.4072,-0.3062,-0.5051,-0.656,-0.699,-0.6922,-0.6649,-0.6199,-0.5431,-0.4128,-0.2056,0.0469,0.0325,-0.1768,-0.3235,-0.3639,-0.3463,-0.3407,-0.3463,-0.3562,-0.3677,-0.38,-0.3928,-0.4058,-0.4187,-0.4314,-0.4434,-0.4545,-0.4646,-0.7918,-0.8116,-0.8384,-0.8517,-0.8277,-0.7875,-0.7097,-0.5535,-0.4798,-0.6403,-0.7473,-0.7596,-0.7394,-0.7173,-0.6908,-0.6269,-0.4937,-0.2942,-0.0917,-0.055,-0.0574,-0.1038,-0.2101,-0.2716,-0.3031,-0.3236,-0.3399,-0.3549,-0.3699,-0.3852,-0.4007,-0.416,-0.4308,-0.4446,-0.4572,-0.4685,-0.7923,-0.8139,-0.8608,-0.9034,-0.8518,-0.84,-0.8535,-0.85,-0.8703,-0.9128,-0.8927,-0.8328,-0.7863,-0.7793,-0.8114,-0.7886,-0.6288,-0.4305,-0.2576,-0.093,0.1545,0.1015,-0.1108,-0.2226,-0.2751,-0.3038,-0.3238,-0.3417,-0.3595,-0.3779,-0.3966,-0.4149,-0.4323,-0.4483,-0.4625,-0.4748,-0.782,-0.7864,-0.8028,-0.8169,-0.7764,-0.8615,-0.9891,-1.1046,-1.2336,-1.2538,-1.066,-0.896,-0.8145,-0.8261,-1.0044,-1.1108,-0.7701,-0.5186,-0.349,-0.1686,0.0416,0.0219,-0.1264,-0.2167,-0.2619,-0.2874,-0.307,-0.3269,-0.3484,-0.371,-0.3938,-0.416,-0.4367,-0.4553,-0.4713,-0.4846,-0.7696,-0.7461,-0.6731,-0.4946,-0.546,-0.8707,-1.1345,-1.3136,-1.562,-1.6945,-1.2049,-0.9166,-0.8112,-0.8088,-0.9679,-1.1126,-0.7338,-0.5235,-0.4082,-0.2939,-0.1892,-0.1622,-0.1966,-0.2318,-0.2529,-0.2674,-0.2849,-0.3083,-0.3357,-0.3646,-0.3933,-0.4206,-0.4455,-0.4671,-0.485,-0.499,-0.7684,-0.739,-0.6585,-0.5138,-0.5894,-0.979,-1.3385,-1.5442,-1.5362,-1.5005,-1.1285,-0.8757,-0.794,-0.8181,-0.7647,-0.6551,-0.527,-0.4917,-0.4636,-0.3675,-0.2858,-0.2446,-0.2349,-0.2346,-0.2308,-0.2313,-0.2502,-0.2836,-0.3217,-0.36,-0.3967,-0.4307,-0.4609,-0.486,-0.5055,-0.5197,-0.7805,-0.7692,-0.7451,-0.7375,-0.8536,-1.1364,-1.4943,-1.7924,-1.6152,-1.2662,-0.9815,-0.8132,-0.7639,-0.8385,-0.7183,-0.37,-0.2997,-0.5795,-0.596,-0.3851,-0.2898,-0.2462,-0.2288,-0.2143,-0.185,-0.1672,-0.1998,-0.2552,-0.3094,-0.3597,-0.4067,-0.4496,-0.4864,-0.5154,-0.5359,-0.5488,-0.7965,-0.8049,-0.8211,-0.8669,-0.9781,-1.1691,-1.414,-1.6249,-1.4997,-1.1314,-0.8867,-0.7827,-0.7588,-0.6791,-0.3798,0.1193,0.0925,-0.2687,-0.4049,-0.296,-0.2169,-0.1841,-0.1877,-0.1855,-0.1412,-0.1042,-0.1593,-0.2368,-0.305,-0.3678,-0.4276,-0.4823,-0.5279,-0.5608,-0.5805,-0.5893,-0.8073,-0.8262,-0.856,-0.9071,-0.9896,-1.1021,-1.22,-1.2755,-1.169,-0.9643,-0.8243,-0.7557,-0.6751,-0.6017,-0.2345,0.2849,0.9245,0.1813,-0.1389,-0.1461,-0.0362,-0.0278,-0.1106,-0.1617,-0.1522,-0.1328,-0.1744,-0.2417,-0.3124,-0.3873,-0.4646,-0.5372,-0.5949,-0.6309,-0.6455,-0.6446,-0.8096,-0.8307,-0.8599,-0.9005,-0.953,-1.0101,-1.0516,-1.0439,-0.9654,-0.8556,-0.798,-0.7917,-0.731,-0.5907,-0.3134,0.1861,0.6399,0.1385,-0.124,-0.0251,0.3611,0.2686,-0.0157,-0.1401,-0.171,-0.1768,-0.2002,-0.2498,-0.3236,-0.4179,-0.5249,-0.628,-0.7043,-0.7395,-0.7389,-0.718,-0.8043,-0.8231,-0.8465,-0.8744,-0.9045,-0.9298,-0.9385,-0.9181,-0.868,-0.8127,-0.7899,-0.7784,-0.8223,-0.8178,-0.4947,-0.2312,-0.1129,-0.2497,-0.3585,-0.1263,0.4103,0.2957,-0.0189,-0.1411,-0.1628,-0.1544,-0.1661,-0.2232,-0.3224,-0.4564,-0.6179,-0.7786,-0.8845,-0.906,-0.8678,-0.809,-0.7936,-0.8087,-0.8255,-0.843,-0.8587,-0.8678,-0.8648,-0.8459,-0.8147,-0.7835,-0.7643,-0.7624,-0.8359,-0.8332,-0.624,-0.5147,-0.4472,-0.6009,-0.8194,-0.4697,-0.1486,-0.075,-0.1433,-0.1695,-0.1228,-0.0378,-0.026,-0.136,-0.2987,-0.4976,-0.7497,-1.0184,-1.171,-1.1433,-1.0265,-0.9078,-0.7801,-0.7912,-0.8024,-0.8125,-0.8195,-0.8209,-0.814,-0.7983,-0.7765,-0.7542,-0.7366,-0.7277,-0.7284,-0.7056,-0.7196,-0.7451,-0.5947,-0.6471,-0.7449,-0.5986,-0.4297,-0.314,-0.2655,-0.2047,-0.0599,0.1893,0.2427,-0.0166,-0.2686,-0.5304,-0.8893,-1.321,-1.533,-1.4008,-1.1714,-0.9871,-0.7653,-0.7729,-0.7798,-0.785,-0.787,-0.7845,-0.7765,-0.763,-0.7457,-0.7273,-0.7099,-0.6948,-0.681,-0.6726,-0.7059,-0.7147,-0.6201,-0.6073,-0.6584,-0.6805,-0.54,-0.4335,-0.3614,-0.2617,-0.0775,0.2247,0.2918,-0.0317,-0.2749,-0.5348,-0.9252,-1.4415,-1.6849,-1.4941,-1.2173,-1.0112,-0.7503,-0.7552,-0.759,-0.7609,-0.76,-0.7556,-0.7473,-0.7352,-0.7203,-0.7039,-0.6872,-0.6708,-0.6558,-0.6458,-0.6445,-0.6313,-0.599,-0.5898,-0.615,-0.6176,-0.5584,-0.5185,-0.4736,-0.3654,-0.2096,-0.09,-0.1296,-0.1861,-0.3161,-0.5075,-0.8003,-1.188,-1.4022,-1.3142,-1.1271,-0.9676,-0.7359,-0.7387,-0.7402,-0.7399,-0.7373,-0.7319,-0.7236,-0.7125,-0.6992,-0.6843,-0.6687,-0.6529,-0.6378,-0.6247,-0.6128,-0.598,-0.5812,-0.5728,-0.5748,-0.575,-0.5855,-0.6464,-0.655,-0.5056,-0.3347,-0.233,-0.2071,-0.248,-0.3757,-0.4826,-0.6436,-0.8689,-1.0288,-1.0432,-0.971,-0.8826,-0.7224,-0.7235,-0.7235,-0.7218,-0.7181,-0.7122,-0.7041,-0.6938,-0.6816,-0.6681,-0.6536,-0.6388,-0.6242,-0.6102,-0.5966,-0.5829,-0.5703,-0.5624,-0.5612,-0.5718,-0.6201,-0.7424,-0.7822,-0.6008,-0.4213,-0.3187,-0.2903,-0.3627,-0.4659,-0.4811,-0.5522,-0.6803,-0.791,-0.8377,-0.8285,-0.7924,-0.7098,-0.7098,-0.7086,-0.706,-0.7017,-0.6956,-0.6877,-0.6781,-0.6669,-0.6545,-0.6413,-0.6276,-0.6138,-0.6003,-0.5871,-0.5747,-0.564,-0.5569,-0.5563,-0.5686,-0.6079,-0.6748,-0.6845,-0.5809,-0.4631,-0.3914,-0.3785,-0.427,-0.4784,-0.4825,-0.5201,-0.5946,-0.6673,-0.7123,-0.7257,-0.7174]}]