docs/data/wind_grid.json
[{"header":{"la1":42.22,"la2":41.45,"lo1":11.9,"lo2":12.97,"nx":16,"ny":12,"dx":0.07133,"dy":0.07,"parameterCategory":2,"parameterNumber":2,"parameterNumberName":"eastward_wind","parameterUnit":"m.s-1"},"data":[-0.6259,-0.5871,-0.5228,-0.4467,-0.4179,-0.4603,-0.5112,-0.5443,-0.5824,-0.6575,-0.784,-0.9466,-1.1038,-1.2063,-1.2352,-1.2097,-0.6513,-0.6142,-0.5218,-0.3572,-0.2814,-0.397,-0.4775,-0.4908,-0.5002,-0.5836,-0.7731,-1.0385,-1.3004,-1.4419,-1.4328,-1.345,-0.6977,-0.694,-0.6292,-0.3917,-0.2487,-0.4061,-0.4653,-0.4243,-0.3455,-0.4415,-0.7486,-1.191,-1.6664,-1.8517,-1.7102,-1.4955,-0.7511,-0.8135,-0.8991,-0.7825,-0.5378,-0.4998,-0.4679,-0.3881,-0.1427,-0.3037,-0.7479,-1.3812,-2.2537,-2.4517,-1.9928,-1.6017,-0.7802,-0.875,-1.0401,-0.9972,-0.6933,-0.552,-0.4598,-0.4114,-0.344,-0.4455,-0.8138,-1.3994,-2.3792,-2.599,-1.9988,-1.5662,-0.7712,-0.8315,-0.8969,-0.8417,-0.6821,-0.5839,-0.5009,-0.4358,-0.335,-0.5195,-0.9483,-1.3427,-1.6273,-1.8341,-1.6185,-1.3628,-0.7438,-0.7642,-0.7666,-0.7217,-0.6542,-0.6191,-0.6223,-0.5678,-0.4457,-0.6181,-1.0834,-1.4893,-1.3142,-1.2457,-1.1631,-1.0726,-0.7191,-0.7209,-0.7096,-0.681,-0.6468,-0.6172,-0.6578,-0.6919,-0.7153,-0.7408,-0.9402,-1.1202,-0.9683,-0.7534,-0.7078,-0.7571,-0.7035,-0.6999,-0.6897,-0.6737,-0.6576,-0.65,-0.6878,-0.8534,-0.9686,-0.8114,-0.8005,-0.7412,-0.4087,-0.0797,-0.2197,-0.4625,-0.6952,-0.6914,-0.6849,-0.6776,-0.674,-0.6831,-0.7245,-0.8205,-0.8656,-0.7916,-0.7096,-0.5166,-0.0447,0.3086,0.0473,-0.2897,-0.6916,-0.6889,-0.6856,-0.6834,-0.6857,-0.6973,-0.724,-0.7603,-0.7723,-0.7366,-0.6511,-0.464,-0.1406,0.0721,-0.054,-0.2848,-0.6905,-0.6889,-0.6876,-0.6878,-0.6914,-0.7001,-0.714,-0.7269,-0.7253,-0.6961,-0.6269,-0.5002,-0.331,-0.2223,-0.2542,-0.3663]},{"header":{"la1":42.22,"la2":41.45,"lo1":11.9,"lo2":12.97,"nx":16,"ny":12,"dx":0.07133,"dy":0.07,"parameterCategory":2,"parameterNumber":3,"parameterNumberName":"northward_wind","parameterUnit":"m.s-1"},"data":[-1.1806,-1.2393,-1.3057,-1.37,-1.3615,-1.218,-1.0357,-0.9011,-0.8123,-0.7411,-0.6724,-0.6116,-0.5678,-0.5417,-0.5278,-0.5216,-1.2282,-1.3054,-1.3984,-1.5381,-1.6008,-1.3385,-1.0504,-0.8943,-0.8173,-0.7464,-0.6557,-0.5751,-0.5286,-0.5089,-0.4993,-0.4956,-1.2717,-1.372,-1.4638,-1.5737,-1.66,-1.3185,-1.0035,-0.8776,-0.8614,-0.7889,-0.6347,-0.5209,-0.492,-0.4925,-0.4798,-0.4718,-1.3034,-1.4551,-1.6147,-1.5713,-1.3827,-1.119,-0.9224,-0.8596,-0.9676,-0.8432,-0.5657,-0.4225,-0.4983,-0.5336,-0.4732,-0.4485,-1.2929,-1.4791,-1.7417,-1.6856,-1.2362,-0.9614,-0.8952,-0.903,-0.7453,-0.6536,-0.3487,-0.1512,-0.4479,-0.5399,-0.4355,-0.416,-1.2172,-1.3436,-1.4667,-1.3579,-1.0281,-0.8248,-0.8042,-0.7855,-0.6389,-0.4806,0.1156,0.7349,0.1891,-0.2304,-0.3271,-0.3794,-1.1047,-1.1475,-1.1419,-1.0185,-0.8193,-0.6796,-0.6101,-0.5709,-0.447,-0.3498,0.5177,1.5797,0.6653,-0.021,-0.2787,-0.3823,-0.9979,-0.9928,-0.9464,-0.8437,-0.7118,-0.616,-0.5658,-0.5432,-0.521,-0.3563,0.1347,0.5794,0.2145,-0.2389,-0.416,-0.4621,-0.9148,-0.8917,-0.8425,-0.7675,-0.685,-0.6261,-0.5922,-0.5811,-0.591,-0.4509,-0.2304,-0.1455,-0.438,-0.7388,-0.6899,-0.5916,-0.8548,-0.8278,-0.7857,-0.7318,-0.6767,-0.6322,-0.5994,-0.5795,-0.5625,-0.4907,-0.4082,-0.4575,-0.7695,-1.0094,-0.8551,-0.683,-0.8121,-0.7863,-0.7517,-0.7111,-0.6701,-0.6335,-0.6026,-0.5767,-0.5499,-0.5131,-0.4921,-0.5556,-0.7383,-0.8695,-0.8045,-0.6915,-0.7813,-0.7581,-0.7295,-0.6973,-0.6646,-0.6338,-0.6059,-0.5807,-0.5567,-0.5358,-0.5328,-0.5727,-0.6549,-0.7163,-0.7062,-0.6581]}]