docs/data/wind_grid.json
[{"header":{"la1":42.85,"la2":41.18,"lo1":11.55,"lo2":14.05,"nx":36,"ny":24,"dx":0.07143,"dy":0.07261,"parameterCategory":2,"parameterNumber":2,"parameterNumberName":"eastward_wind","parameterUnit":"m.s-1"},"data":[-0.7318,-0.7426,-0.7545,-0.7674,-0.7806,-0.7929,-0.8027,-0.8083,-0.8088,-0.8048,-0.7984,-0.7927,-0.7902,-0.7927,-0.8006,-0.813,-0.8279,-0.8423,-0.8529,-0.8572,-0.8543,-0.8449,-0.8309,-0.8144,-0.797,-0.7797,-0.7633,-0.7481,-0.7342,-0.7215,-0.71,-0.6997,-0.6904,-0.682,-0.6745,-0.6678,-0.7348,-0.7476,-0.7624,-0.7793,-0.7975,-0.8156,-0.8307,-0.8393,-0.839,-0.8302,-0.8169,-0.8047,-0.7981,-0.7998,-0.8105,-0.829,-0.8522,-0.8753,-0.8923,-0.8987,-0.8933,-0.8783,-0.8575,-0.8345,-0.8115,-0.7898,-0.7699,-0.7521,-0.7361,-0.722,-0.7094,-0.6982,-0.6883,-0.6794,-0.6716,-0.6646,-0.7367,-0.7516,-0.7698,-0.7918,-0.8174,-0.8451,-0.8704,-0.886,-0.8852,-0.8677,-0.8415,-0.8177,-0.804,-0.8042,-0.8189,-0.8466,-0.8833,-0.921,-0.949,-0.9579,-0.9466,-0.921,-0.8891,-0.8565,-0.8262,-0.7991,-0.7754,-0.7548,-0.7369,-0.7212,-0.7076,-0.6957,-0.6852,-0.6759,-0.6678,-0.6607,-0.737,-0.7538,-0.7754,-0.8033,-0.839,-0.882,-0.9269,-0.9591,-0.9601,-0.9258,-0.8747,-0.8304,-0.8053,-0.803,-0.8232,-0.8644,-0.9226,-0.9863,-1.034,-1.0454,-1.0201,-0.9744,-0.9246,-0.8789,-0.8396,-0.8066,-0.7789,-0.7556,-0.7359,-0.719,-0.7044,-0.6919,-0.6809,-0.6714,-0.6631,-0.6559,-0.7351,-0.753,-0.7771,-0.8107,-0.8578,-0.9229,-1.0036,-1.0753,-1.0865,-1.0167,-0.9166,-0.8385,-0.7978,-0.7926,-0.8195,-0.8784,-0.9687,-1.0777,-1.1632,-1.1748,-1.1171,-1.0353,-0.9597,-0.8982,-0.8494,-0.8107,-0.7795,-0.7539,-0.7327,-0.7148,-0.6997,-0.6867,-0.6754,-0.6658,-0.6574,-0.6501,-0.7305,-0.7482,-0.773,-0.8094,-0.8653,-0.9537,-1.0877,-1.2434,-1.2899,-1.1426,-0.9534,-0.8307,-0.7748,-0.7682,-0.8026,-0.8797,-1.0084,-1.1859,-1.3398,-1.3441,-1.223,-1.0892,-0.985,-0.9089,-0.8526,-0.8097,-0.776,-0.749,-0.7269,-0.7086,-0.6931,-0.6799,-0.6686,-0.6588,-0.6505,-0.6433,-0.7231,-0.7392,-0.7618,-0.7957,-0.8506,-0.9461,-1.1174,-1.3739,-1.4834,-1.2194,-0.9374,-0.7884,-0.7295,-0.7262,-0.7671,-0.856,-1.0089,-1.2411,-1.4663,-1.459,-1.2761,-1.1065,-0.9881,-0.9061,-0.8469,-0.8024,-0.7679,-0.7406,-0.7184,-0.7,-0.6846,-0.6715,-0.6602,-0.6506,-0.6424,-0.6354,-0.7137,-0.7268,-0.7445,-0.7702,-0.8108,-0.8811,-1.01,-1.2102,-1.286,-1.0463,-0.8155,-0.702,-0.6605,-0.6654,-0.7119,-0.8037,-0.949,-1.1526,-1.3447,-1.3507,-1.2095,-1.069,-0.9645,-0.8883,-0.8316,-0.7885,-0.755,-0.7285,-0.707,-0.6892,-0.6742,-0.6614,-0.6504,-0.6409,-0.6329,-0.6262,-0.7033,-0.7129,-0.7247,-0.7398,-0.7596,-0.7867,-0.8227,-0.8522,-0.814,-0.706,-0.6288,-0.5906,-0.5747,-0.5866,-0.6389,-0.7364,-0.8701,-1.0162,-1.1282,-1.1497,-1.0898,-1.0045,-0.9251,-0.8598,-0.8084,-0.7686,-0.7375,-0.713,-0.693,-0.6763,-0.662,-0.6497,-0.6389,-0.6297,-0.622,-0.6157,-0.6931,-0.6997,-0.7068,-0.7138,-0.7186,-0.7157,-0.6907,-0.6121,-0.4619,-0.3883,-0.4536,-0.4874,-0.481,-0.486,-0.5453,-0.67,-0.8333,-0.983,-1.0674,-1.0739,-1.0259,-0.9554,-0.8852,-0.8258,-0.7791,-0.7435,-0.7162,-0.6947,-0.677,-0.6618,-0.6483,-0.6364,-0.6258,-0.6168,-0.6093,-0.6035,-0.684,-0.6888,-0.6936,-0.6979,-0.6998,-0.6947,-0.6671,-0.5585,-0.2291,-0.0757,-0.3443,-0.4184,-0.3815,-0.3443,-0.4129,-0.6075,-0.8754,-1.1229,-1.2168,-1.1522,-1.0366,-0.9302,-0.8472,-0.7867,-0.7439,-0.7138,-0.6917,-0.6744,-0.6596,-0.6461,-0.6334,-0.6215,-0.6108,-0.6018,-0.5946,-0.5892,-0.6761,-0.6801,-0.6849,-0.6909,-0.6993,-0.7134,-0.7368,-0.734,-0.4756,-0.2658,-0.39,-0.3942,-0.288,-0.1316,-0.2295,-0.5578,-1.0282,-1.5624,-1.6599,-1.3532,-1.0769,-0.9017,-0.7974,-0.7367,-0.7013,-0.68,-0.6655,-0.6538,-0.6424,-0.6303,-0.6176,-0.605,-0.5935,-0.584,-0.577,-0.5725,-0.6691,-0.673,-0.6784,-0.6869,-0.7023,-0.7332,-0.7964,-0.885,-0.7815,-0.5624,-0.4722,-0.4067,-0.3015,-0.0646,-0.1595,-0.5934,-1.2215,-2.2729,-2.2861,-1.5013,-1.046,-0.82,-0.7138,-0.668,-0.6502,-0.6437,-0.6402,-0.6353,-0.6271,-0.6154,-0.6012,-0.5863,-0.5728,-0.5623,-0.5555,-0.5523,-0.6625,-0.6662,-0.6717,-0.6807,-0.6967,-0.726,-0.7752,-0.8295,-0.7727,-0.6154,-0.5116,-0.426,-0.3814,-0.2278,-0.3873,-0.791,-1.2697,-1.8104,-1.8444,-1.2517,-0.831,-0.6356,-0.5785,-0.5783,-0.5938,-0.6099,-0.6205,-0.6229,-0.6167,-0.6028,-0.584,-0.5641,-0.5467,-0.5346,-0.5285,-0.5275,-0.656,-0.6591,-0.6636,-0.6708,-0.6821,-0.699,-0.7189,-0.7236,-0.6789,-0.6066,-0.561,-0.5208,-0.4207,-0.3084,-0.5354,-1.1787,-1.7535,-1.3451,-1.112,-0.7546,-0.4145,-0.3245,-0.396,-0.4798,-0.5438,-0.5883,-0.6145,-0.6227,-0.6147,-0.5938,-0.565,-0.5351,-0.511,-0.497,-0.4932,-0.4969,-0.6495,-0.6517,-0.6547,-0.659,-0.6646,-0.6705,-0.6726,-0.6622,-0.6346,-0.606,-0.599,-0.663,-0.6111,-0.5342,-0.6629,-1.105,-1.4879,-1.0543,-0.684,-0.3178,0.1176,0.0487,-0.2257,-0.4059,-0.52,-0.5939,-0.6338,-0.6427,-0.6258,-0.5892,-0.5411,-0.4932,-0.4586,-0.444,-0.4466,-0.4593,-0.6431,-0.6443,-0.6457,-0.6474,-0.649,-0.6491,-0.6454,-0.6358,-0.6217,-0.6111,-0.6088,-0.6487,-0.7817,-0.844,-0.7158,-0.7764,-0.7894,-0.5343,-0.2727,-0.1226,0.1964,0.1065,-0.1862,-0.3943,-0.5428,-0.645,-0.6935,-0.6919,-0.6539,-0.589,-0.5068,-0.4278,-0.3786,-0.3691,-0.387,-0.4155,-0.637,-0.6372,-0.6374,-0.6373,-0.6367,-0.6346,-0.6305,-0.6243,-0.6184,-0.6177,-0.6293,-0.6759,-0.8187,-0.8468,-0.6656,-0.5908,-0.4755,-0.0956,0.2149,-0.0115,-0.0512,-0.1041,-0.2591,-0.4391,-0.6169,-0.7568,-0.8059,-0.7741,-0.7003,-0.593,-0.4572,-0.3283,-0.2625,-0.2718,-0.3187,-0.3706,-0.6311,-0.6306,-0.6299,-0.6289,-0.6272,-0.6246,-0.6212,-0.6175,-0.6155,-0.6181,-0.6298,-0.6562,-0.6893,-0.6599,-0.5446,-0.5048,-0.3949,-0.0728,0.136,0.0444,-0.0726,-0.1818,-0.3122,-0.4886,-0.7078,-0.9025,-0.9417,-0.8663,-0.7581,-0.6057,-0.4043,-0.2113,-0.1338,-0.1773,-0.2608,-0.3362,-0.6257,-0.6247,-0.6234,-0.6217,-0.6196,-0.617,-0.614,-0.6114,-0.6101,-0.6115,-0.6165,-0.6229,-0.6195,-0.5848,-0.5247,-0.4912,-0.3786,-0.1524,0.0949,0.1704,-0.0315,-0.1748,-0.3035,-0.4891,-0.736,-0.9416,-0.9776,-0.9352,-0.8223,-0.6392,-0.3967,-0.1675,-0.0856,-0.1456,-0.2431,-0.3261,-0.6208,-0.6193,-0.6176,-0.6155,-0.6131,-0.6104,-0.6075,-0.6047,-0.6026,-0.6012,-0.5998,-0.5954,-0.5819,-0.5532,-0.5124,-0.46,-0.3604,-0.1999,-0.0214,0.0314,-0.0606,-0.1208,-0.1999,-0.4018,-0.6926,-0.9549,-1.1362,-1.0822,-0.9023,-0.6947,-0.4641,-0.2614,-0.1767,-0.2069,-0.2779,-0.3449,-0.6162,-0.6144,-0.6123,-0.61,-0.6073,-0.6043,-0.601,-0.5977,-0.5941,-0.5901,-0.5844,-0.5747,-0.558,-0.5315,-0.4939,-0.4408,-0.3621,-0.2591,-0.1603,-0.1063,-0.0624,0.0529,0.0671,-0.2099,-0.6043,-0.9932,-1.2714,-1.1685,-0.9404,-0.7368,-0.5505,-0.3988,-0.3189,-0.3118,-0.343,-0.3831,-0.6119,-0.6099,-0.6075,-0.6049,-0.6019,-0.5985,-0.5948,-0.5906,-0.5858,-0.5797,-0.5713,-0.5592,-0.5414,-0.516,-0.4813,-0.4347,-0.3742,-0.3029,-0.2307,-0.1562,-0.0294,0.2006,0.2667,-0.0599,-0.4802,-0.8352,-1.0388,-1.0162,-0.8804,-0.7348,-0.6026,-0.4959,-0.4291,-0.4043,-0.4085,-0.426,-0.608,-0.6057,-0.6031,-0.6002,-0.5969,-0.5932,-0.589,-0.584,-0.5781,-0.5707,-0.5609,-0.5478,-0.5299,-0.5061,-0.4752,-0.436,-0.3882,-0.3333,-0.2721,-0.1958,-0.0794,0.0687,0.0904,-0.1198,-0.4122,-0.6603,-0.8063,-0.8332,-0.7812,-0.7003,-0.6173,-0.5459,-0.4951,-0.4678,-0.4596,-0.4634]},{"header":{"la1":42.85,"la2":41.18,"lo1":11.55,"lo2":14.05,"nx":36,"ny":24,"dx":0.07143,"dy":0.07261,"parameterCategory":2,"parameterNumber":3,"parameterNumberName":"northward_wind","parameterUnit":"m.s-1"},"data":[-0.7663,-0.7617,-0.7553,-0.747,-0.7372,-0.7263,-0.7154,-0.7054,-0.6965,-0.6884,-0.6797,-0.6687,-0.6544,-0.6361,-0.6142,-0.5899,-0.565,-0.542,-0.5233,-0.5107,-0.5045,-0.5041,-0.5077,-0.5138,-0.5214,-0.5297,-0.5383,-0.5471,-0.5559,-0.5647,-0.5734,-0.5821,-0.5906,-0.5988,-0.6067,-0.6143,-0.7757,-0.7707,-0.7633,-0.7531,-0.7405,-0.7262,-0.7119,-0.6997,-0.691,-0.685,-0.6791,-0.6702,-0.6558,-0.6351,-0.6085,-0.5775,-0.5448,-0.5142,-0.4901,-0.4758,-0.4714,-0.475,-0.4834,-0.4941,-0.5054,-0.5167,-0.5278,-0.5386,-0.5491,-0.5595,-0.5697,-0.5797,-0.5894,-0.5987,-0.6076,-0.616,-0.7866,-0.7814,-0.7728,-0.7601,-0.7432,-0.7228,-0.7019,-0.6852,-0.6765,-0.6754,-0.6762,-0.6723,-0.6593,-0.6362,-0.6036,-0.5632,-0.5184,-0.4756,-0.443,-0.4269,-0.4272,-0.4387,-0.4551,-0.4724,-0.4886,-0.5035,-0.5173,-0.5303,-0.5427,-0.5548,-0.5665,-0.5779,-0.589,-0.5996,-0.6095,-0.6188,-0.7995,-0.7945,-0.785,-0.7694,-0.7462,-0.7155,-0.6813,-0.6533,-0.6438,-0.6537,-0.6694,-0.6758,-0.6665,-0.6411,-0.6009,-0.5476,-0.4846,-0.421,-0.3734,-0.3562,-0.368,-0.3947,-0.4238,-0.4499,-0.472,-0.4908,-0.5073,-0.5225,-0.5369,-0.5507,-0.5641,-0.5772,-0.5897,-0.6016,-0.6128,-0.6231,-0.8147,-0.8109,-0.8014,-0.7833,-0.7527,-0.7063,-0.6458,-0.5898,-0.5744,-0.6101,-0.6581,-0.6835,-0.68,-0.652,-0.6033,-0.5342,-0.4447,-0.3452,-0.2691,-0.2537,-0.2916,-0.3454,-0.3928,-0.4292,-0.457,-0.4793,-0.4983,-0.5155,-0.5318,-0.5475,-0.5628,-0.5777,-0.5919,-0.6053,-0.6178,-0.6291,-0.8326,-0.8314,-0.8239,-0.8058,-0.7698,-0.7054,-0.6027,-0.4822,-0.4435,-0.5396,-0.6505,-0.7024,-0.7035,-0.6717,-0.6146,-0.5302,-0.4102,-0.2564,-0.1279,-0.1213,-0.2096,-0.3021,-0.3686,-0.4135,-0.4452,-0.4698,-0.4905,-0.5095,-0.5277,-0.5454,-0.5628,-0.5797,-0.5959,-0.611,-0.6249,-0.6374,-0.853,-0.8563,-0.8539,-0.8408,-0.8077,-0.7368,-0.5994,-0.3916,-0.3041,-0.4985,-0.6802,-0.7451,-0.7407,-0.7015,-0.638,-0.5457,-0.4084,-0.2118,-0.027,-0.032,-0.1688,-0.286,-0.3596,-0.4057,-0.4374,-0.4622,-0.4839,-0.5044,-0.5245,-0.5446,-0.5644,-0.5838,-0.6022,-0.6194,-0.6349,-0.6485,-0.875,-0.8847,-0.8909,-0.8895,-0.8723,-0.8236,-0.7161,-0.5406,-0.4705,-0.6519,-0.7929,-0.8194,-0.7907,-0.7397,-0.6725,-0.583,-0.4582,-0.2875,-0.1267,-0.118,-0.2195,-0.3095,-0.3673,-0.4048,-0.4325,-0.4559,-0.4779,-0.4999,-0.5223,-0.5452,-0.5681,-0.5905,-0.6117,-0.6312,-0.6485,-0.6633,-0.897,-0.9144,-0.9318,-0.9472,-0.9566,-0.9532,-0.9304,-0.9006,-0.9216,-0.9823,-0.9749,-0.9128,-0.8446,-0.7811,-0.7128,-0.6294,-0.5282,-0.4147,-0.3185,-0.2881,-0.314,-0.3509,-0.3812,-0.4055,-0.4273,-0.4488,-0.4714,-0.4955,-0.521,-0.5475,-0.5744,-0.6007,-0.6254,-0.6477,-0.667,-0.6828,-0.917,-0.9422,-0.9715,-1.0052,-1.0433,-1.0857,-1.1353,-1.2118,-1.3408,-1.3678,-1.1773,-0.9945,-0.888,-0.8227,-0.7565,-0.6708,-0.5757,-0.4898,-0.425,-0.3876,-0.3752,-0.3774,-0.3868,-0.4005,-0.418,-0.439,-0.4633,-0.4906,-0.5205,-0.552,-0.5842,-0.6156,-0.6448,-0.6705,-0.6918,-0.7086,-0.9325,-0.9644,-1.004,-1.0538,-1.1169,-1.1951,-1.2859,-1.3965,-1.6573,-1.7914,-1.3207,-1.0238,-0.9118,-0.8741,-0.8145,-0.7031,-0.5855,-0.5017,-0.4507,-0.414,-0.3883,-0.3754,-0.3746,-0.3839,-0.4011,-0.4244,-0.4525,-0.4849,-0.5209,-0.5595,-0.599,-0.6373,-0.6722,-0.7019,-0.7254,-0.7425,-0.9416,-0.9779,-1.0242,-1.085,-1.1659,-1.2726,-1.3996,-1.4942,-1.5531,-1.5824,-1.2238,-0.9827,-0.9216,-0.9624,-0.9074,-0.7166,-0.5483,-0.4742,-0.446,-0.4038,-0.3655,-0.3437,-0.3405,-0.3525,-0.3747,-0.4038,-0.4383,-0.4779,-0.5225,-0.5708,-0.6206,-0.6685,-0.7111,-0.7457,-0.771,-0.7871,-0.9431,-0.9804,-1.0286,-1.0925,-1.1796,-1.2997,-1.4575,-1.5989,-1.5045,-1.2796,-1.0465,-0.926,-0.9039,-1.0039,-0.9487,-0.6408,-0.4364,-0.4699,-0.4682,-0.3722,-0.307,-0.2764,-0.279,-0.3036,-0.338,-0.3769,-0.42,-0.4692,-0.5254,-0.5877,-0.6523,-0.714,-0.7671,-0.8073,-0.8332,-0.846,-0.9366,-0.9717,-1.0164,-1.0745,-1.1518,-1.2551,-1.3844,-1.499,-1.4056,-1.1135,-0.9132,-0.9104,-0.9194,-0.7959,-0.69,-0.3387,-0.0619,-0.2819,-0.3587,-0.2724,-0.1832,-0.1491,-0.1799,-0.2365,-0.2926,-0.3441,-0.3967,-0.4572,-0.5292,-0.6117,-0.6988,-0.7812,-0.8487,-0.8947,-0.9183,-0.9233,-0.9233,-0.9535,-0.9904,-1.0359,-1.0916,-1.1565,-1.219,-1.2344,-1.1188,-0.9029,-0.7483,-0.7105,-0.6516,-0.4247,-0.4761,0.2543,1.034,0.1992,-0.137,-0.0944,0.0769,0.0931,-0.0357,-0.1594,-0.2444,-0.3057,-0.3647,-0.4376,-0.5316,-0.6448,-0.7674,-0.882,-0.9701,-1.0206,-1.035,-1.0234,-0.9049,-0.9286,-0.9559,-0.9865,-1.0185,-1.0462,-1.0549,-1.0161,-0.902,-0.726,-0.5552,-0.5326,-0.5611,-0.5345,-0.4041,0.1682,0.6974,0.1415,-0.1233,0.0719,0.5611,0.4636,0.1066,-0.1021,-0.2025,-0.2568,-0.3125,-0.3995,-0.5266,-0.6886,-0.8691,-1.0365,-1.1536,-1.202,-1.1925,-1.1494,-0.8835,-0.9006,-0.9185,-0.9357,-0.9492,-0.9528,-0.936,-0.8857,-0.7943,-0.6714,-0.56,-0.5618,-0.5823,-0.5796,-0.4803,-0.2826,-0.1569,-0.2984,-0.3825,-0.0517,0.6087,0.4855,0.0928,-0.1032,-0.1663,-0.1754,-0.2118,-0.323,-0.505,-0.7436,-1.0185,-1.2736,-1.4298,-1.4571,-1.3947,-1.2973,-0.8611,-0.8722,-0.8824,-0.8897,-0.8914,-0.8829,-0.8587,-0.8141,-0.7501,-0.6784,-0.6236,-0.602,-0.597,-0.5934,-0.5806,-0.5463,-0.4969,-0.6437,-0.8304,-0.4673,-0.0712,0.0189,-0.0879,-0.1522,-0.1124,-0.0109,-0.0096,-0.1875,-0.4627,-0.807,-1.2223,-1.6164,-1.8171,-1.7815,-1.6238,-1.4489,-0.8391,-0.8455,-0.8498,-0.8507,-0.8458,-0.8327,-0.8087,-0.773,-0.7286,-0.6828,-0.6458,-0.6224,-0.6122,-0.6248,-0.7163,-0.7572,-0.6287,-0.6788,-0.7612,-0.6118,-0.428,-0.2995,-0.26,-0.2099,-0.044,0.2577,0.3149,-0.0394,-0.4299,-0.8658,-1.4322,-1.9974,-2.2302,-2.0895,-1.8167,-1.5654,-0.8185,-0.8213,-0.8217,-0.8186,-0.8106,-0.7964,-0.775,-0.7469,-0.7144,-0.6819,-0.6541,-0.6346,-0.6274,-0.6452,-0.7105,-0.7296,-0.6474,-0.6343,-0.6684,-0.6817,-0.5546,-0.4474,-0.382,-0.2923,-0.095,0.2739,0.3507,-0.1264,-0.4781,-0.8926,-1.5017,-2.1391,-2.3807,-2.1927,-1.8776,-1.6018,-0.7999,-0.8,-0.7979,-0.7926,-0.7834,-0.7697,-0.7511,-0.7285,-0.7035,-0.6787,-0.6568,-0.6405,-0.6328,-0.6379,-0.6531,-0.651,-0.6251,-0.6157,-0.6331,-0.6314,-0.5736,-0.5296,-0.4934,-0.4172,-0.3112,-0.2861,-0.5189,-0.5422,-0.5979,-0.8754,-1.3596,-1.8759,-2.1071,-2.0041,-1.7697,-1.543,-0.7832,-0.7816,-0.7779,-0.7715,-0.7621,-0.7493,-0.7333,-0.7147,-0.6946,-0.6747,-0.6567,-0.6422,-0.6326,-0.6285,-0.6266,-0.6198,-0.6078,-0.6002,-0.5991,-0.5933,-0.5883,-0.6147,-0.6187,-0.5429,-0.4853,-0.5809,-0.7879,-0.7166,-0.677,-0.84,-1.1539,-1.4916,-1.6842,-1.6809,-1.5639,-1.4194,-0.7686,-0.7658,-0.7611,-0.7543,-0.7452,-0.7335,-0.7196,-0.7038,-0.6871,-0.6705,-0.655,-0.6417,-0.6311,-0.623,-0.6158,-0.6077,-0.5988,-0.5916,-0.5877,-0.5889,-0.6094,-0.6659,-0.6835,-0.6089,-0.5583,-0.5982,-0.6728,-0.6791,-0.6961,-0.8068,-0.999,-1.2067,-1.3492,-1.3901,-1.3523,-1.2772,-0.7557,-0.7522,-0.7471,-0.7402,-0.7315,-0.7209,-0.7086,-0.6951,-0.6808,-0.6665,-0.6529,-0.6406,-0.6298,-0.6203,-0.6117,-0.6032,-0.5953,-0.589,-0.586,-0.5898,-0.6079,-0.6393,-0.6457,-0.6094,-0.5817,-0.5929,-0.6247,-0.6527,-0.6948,-0.7779,-0.8995,-1.0296,-1.1301,-1.179,-1.1792,-1.1476]}]