docs/data/wind_grid.json
[{"header":{"la1":42.85,"la2":41.18,"lo1":11.55,"lo2":14.05,"nx":36,"ny":24,"dx":0.07143,"dy":0.07261,"parameterCategory":2,"parameterNumber":2,"parameterNumberName":"eastward_wind","parameterUnit":"m.s-1"},"data":[3.2777,3.2777,3.2724,3.2614,3.2448,3.2229,3.1954,3.1615,3.1201,3.0704,3.0124,2.9465,2.8728,2.7908,2.6987,2.5943,2.4747,2.3376,2.1828,2.0167,1.857,1.731,1.6629,1.6585,1.7033,1.7746,1.8533,1.9281,1.9938,2.0493,2.0949,2.132,2.1621,2.1866,2.2067,2.2234,3.3253,3.3291,3.3263,3.3162,3.2996,3.2775,3.2501,3.216,3.1727,3.1186,3.0541,2.981,2.9003,2.8112,2.7111,2.5961,2.4607,2.2977,2.1,1.869,1.6299,1.4392,1.354,1.3834,1.4871,1.6166,1.7414,1.8487,1.9362,2.0057,2.0603,2.103,2.1366,2.1631,2.1845,2.2019,3.3805,3.3902,3.3908,3.3813,3.3635,3.3406,3.3146,3.2828,3.2386,3.1782,3.1038,3.0209,2.9323,2.8371,2.7313,2.6091,2.4622,2.277,2.0309,1.7015,1.3121,0.9861,0.8778,0.9954,1.2176,1.4425,1.6302,1.776,1.8862,1.9689,2.031,2.0779,2.1136,2.1412,2.1629,2.1805,3.4457,3.4651,3.4713,3.4615,3.4391,3.413,3.3908,3.3679,3.3265,3.2551,3.1626,3.0646,2.9673,2.8679,2.76,2.6364,2.4887,2.2998,2.0221,1.5633,0.8792,0.2346,0.112,0.4676,0.9158,1.2779,1.5384,1.7214,1.8505,1.9425,2.009,2.0576,2.0936,2.1208,2.1419,2.1588,3.5235,3.5606,3.5784,3.5672,3.5315,3.4936,3.4785,3.483,3.4562,3.3592,3.2287,3.1072,3.0015,2.9018,2.797,2.6791,2.5456,2.3944,2.1672,1.62,0.4246,-0.9674,-1.0029,-0.0983,0.6761,1.1759,1.492,1.6973,1.8348,1.9292,1.9952,2.0422,2.0761,2.1013,2.1206,2.136,3.6154,3.6864,3.7327,3.7226,3.6539,3.5783,3.566,3.6397,3.6621,3.4947,3.2878,3.1375,3.0295,2.9368,2.8411,2.7337,2.6232,2.5588,2.5679,2.1648,0.5376,-1.683,-1.572,-0.2378,0.6699,1.196,1.512,1.7112,1.8415,1.9291,1.9891,2.0308,2.0602,2.0816,2.0979,2.1111,3.7153,3.8498,3.9709,3.984,3.8399,3.6631,3.6113,3.7671,3.8782,3.581,3.2942,3.1391,3.0469,2.9717,2.8915,2.7961,2.6958,2.6834,2.9738,2.8261,1.378,-0.0499,-0.2812,0.3622,0.9499,1.3426,1.595,1.7588,1.8669,1.9393,1.9881,2.0212,2.0439,2.06,2.0722,2.0826,3.7981,4.0271,4.3247,4.4549,4.1362,3.7438,3.5681,3.6191,3.6624,3.4111,3.1989,3.1054,3.0557,3.008,2.9484,2.8677,2.7589,2.6646,2.6747,2.3588,1.4966,1.0599,0.924,1.0671,1.3213,1.546,1.7106,1.8243,1.9016,1.9536,1.988,2.0101,2.0242,2.0337,2.041,2.0482,3.8139,4.1017,4.6236,5.0539,4.386,3.7485,3.4613,3.3156,3.1796,3.0455,3.0207,3.0524,3.0671,3.0491,3.0067,2.9484,2.8415,2.6689,2.4058,1.836,0.9512,1.0203,1.3284,1.4843,1.6165,1.7315,1.821,1.8867,1.9332,1.9643,1.9832,1.9932,1.9976,1.9994,2.0014,2.0053,3.7301,3.9241,4.2418,4.4398,3.9038,3.5645,3.3462,3.0683,2.6503,2.4844,2.7769,3.0105,3.0995,3.1011,3.0426,3.0044,2.933,2.7618,2.4767,1.9593,1.2861,1.29,1.595,1.7472,1.8185,1.8624,1.8969,1.9267,1.9498,1.9639,1.9685,1.9658,1.9594,1.9529,1.9492,1.9502,3.5933,3.6254,3.5132,3.048,3.08,3.3561,3.3413,3.0436,2.0228,1.4991,2.5713,3.0353,3.1703,3.189,3.1043,3.0296,2.9989,2.8762,2.6826,2.3762,2.0365,1.9038,1.9325,1.9515,1.9349,1.9142,1.9133,1.9283,1.9429,1.9469,1.939,1.9229,1.9042,1.8882,1.8788,1.8782,3.4802,3.4443,3.2855,2.9969,3.0511,3.3617,3.5555,3.6109,2.8089,2.2028,2.832,3.169,3.2632,3.2712,3.3122,3.1663,3.0635,2.9718,2.8714,2.6824,2.4593,2.2914,2.1782,2.0624,1.929,1.8398,1.8405,1.8818,1.9104,1.9119,1.8911,1.8583,1.824,1.7969,1.7826,1.7827,3.4139,3.384,3.3129,3.2424,3.2946,3.4751,3.7505,4.2576,3.6662,3.2027,3.2177,3.364,3.371,3.4095,3.4998,3.2099,3.0991,3.0096,2.9796,2.8345,2.6521,2.4797,2.301,2.061,1.7465,1.5677,1.6622,1.7996,1.8632,1.8617,1.8206,1.7626,1.7065,1.6663,1.6491,1.6551,3.3787,3.3676,3.3492,3.3471,3.3951,3.5039,3.6577,3.7351,3.6279,3.4231,3.3955,3.5339,3.5442,3.0897,3.2481,3.1303,3.1101,3.0462,2.9881,2.8744,2.7158,2.5572,2.3641,2.0379,1.5139,1.2273,1.498,1.7438,1.8237,1.799,1.7188,1.6192,1.5307,1.4752,1.4611,1.4836,3.3571,3.3583,3.3608,3.375,3.4116,3.4714,3.5374,3.5647,3.5213,3.4801,3.4955,3.4889,3.3959,3.3765,3.2235,3.1117,3.1146,3.0933,3.0088,2.855,2.6623,2.5472,2.4212,2.1421,1.6925,1.4351,1.6128,1.7824,1.8042,1.7178,1.5666,1.3968,1.2588,1.1891,1.1937,1.2541,3.3404,3.3474,3.3569,3.3731,3.3989,3.4321,3.4628,3.4788,3.4883,3.5464,3.7067,3.6035,3.4975,3.3715,3.2849,3.1945,3.1471,3.1369,3.0476,2.793,2.3895,2.4122,2.4687,2.3143,2.0634,1.8926,1.8743,1.8712,1.7867,1.6009,1.3311,1.0398,0.8242,0.7522,0.814,0.9536,3.3253,3.3347,3.3459,3.3607,3.3797,3.4012,3.4221,3.4421,3.4737,3.5486,3.6755,3.5911,3.495,3.4615,3.389,3.3276,3.2728,3.2476,3.19,2.8956,2.3609,2.4205,2.5414,2.4462,2.2753,2.1292,2.0322,1.9318,1.7537,1.4381,0.9715,0.4556,0.1132,0.0852,0.2922,0.5825,3.3108,3.3207,3.332,3.3452,3.3605,3.3773,3.3954,3.4165,3.4462,3.4886,3.5225,3.508,3.4898,3.4986,3.5802,3.6044,3.4573,3.4081,3.464,3.2283,2.8974,2.7481,2.6792,2.5375,2.3434,2.1664,2.0605,1.9563,1.7237,1.2539,0.4708,-0.4703,-1.0184,-0.8672,-0.3508,0.1821,3.2965,3.3064,3.3171,3.329,3.3423,3.3568,3.3731,3.392,3.4148,3.44,3.4598,3.4721,3.4987,3.606,4.0228,4.2054,3.6679,3.4907,3.5123,3.5161,3.2634,3.0161,2.8266,2.6095,2.3323,2.0552,1.9813,1.972,1.7358,1.1326,-0.0403,-1.6398,-2.458,-1.9061,-0.9369,-0.1355,3.2825,3.2919,3.302,3.3128,3.3247,3.3376,3.352,3.3682,3.3864,3.4057,3.4254,3.4509,3.503,3.6419,3.9633,4.0604,3.696,3.5657,3.7849,3.9213,3.4872,3.1971,2.9801,2.7141,2.3742,2.0387,1.9676,2.0232,1.8172,1.2016,-0.1252,-2.0988,-3.0678,-2.2801,-1.113,-0.2195,3.2686,3.2775,3.2868,3.2967,3.3074,3.3189,3.3315,3.3454,3.3607,3.3775,3.3973,3.4252,3.4732,3.5593,3.6695,3.6848,3.5828,3.5455,3.654,3.6865,3.4963,3.3691,3.2291,2.9209,2.5341,2.2547,2.1842,2.1487,1.9785,1.5063,0.4711,-1.0449,-1.9013,-1.5201,-0.7149,-0.0129,3.2548,3.263,3.2716,3.2806,3.2901,3.3003,3.3113,3.3232,3.3362,3.3509,3.3684,3.3917,3.4248,3.4679,3.5057,3.5083,3.4795,3.4674,3.49,3.5008,3.531,3.7156,3.7389,3.2642,2.724,2.3603,2.2151,2.2257,2.1989,1.9501,1.286,0.3456,-0.3113,-0.3539,-0.0257,0.3776,3.241,3.2486,3.2564,3.2644,3.2728,3.2817,3.2911,3.3011,3.312,3.324,3.338,3.3548,3.3748,3.3955,3.4096,3.4095,3.3989,3.3933,3.4036,3.4449,3.6037,4.0062,4.1385,3.5196,2.89,2.5007,2.337,2.3634,2.5078,2.3692,1.8691,1.2415,0.7536,0.5626,0.6201,0.7981,3.2274,3.2342,3.2411,3.2482,3.2555,3.2631,3.2709,3.2791,3.2878,3.297,3.3071,3.318,3.329,3.3384,3.343,3.3409,3.3347,3.332,3.3433,3.3916,3.5273,3.7573,3.7862,3.402,2.9438,2.6213,2.4591,2.4518,2.5504,2.4512,2.1034,1.6883,1.3449,1.1508,1.1054,1.1605]},{"header":{"la1":42.85,"la2":41.18,"lo1":11.55,"lo2":14.05,"nx":36,"ny":24,"dx":0.07143,"dy":0.07261,"parameterCategory":2,"parameterNumber":3,"parameterNumberName":"northward_wind","parameterUnit":"m.s-1"},"data":[0.4721,0.4724,0.4708,0.4671,0.4609,0.4518,0.4391,0.4218,0.3991,0.3706,0.3366,0.2979,0.2553,0.2087,0.157,0.0974,0.0258,-0.0627,-0.1713,-0.2966,-0.4233,-0.5257,-0.5799,-0.5789,-0.5344,-0.4662,-0.3907,-0.3174,-0.2507,-0.1914,-0.1391,-0.093,-0.0519,-0.0153,0.0176,0.0473,0.4914,0.4937,0.4939,0.4919,0.4874,0.4802,0.4693,0.4531,0.4295,0.3979,0.3592,0.3153,0.2682,0.2183,0.1645,0.1028,0.0261,-0.0765,-0.217,-0.3986,-0.599,-0.7642,-0.838,-0.8095,-0.7141,-0.5952,-0.4798,-0.3784,-0.2927,-0.2205,-0.1593,-0.1067,-0.0609,-0.0205,0.0154,0.0474,0.5126,0.5174,0.5199,0.5199,0.5175,0.5131,0.506,0.493,0.4694,0.4332,0.3867,0.335,0.2819,0.2291,0.1756,0.1173,0.0442,-0.0637,-0.2379,-0.5073,-0.8514,-1.1495,-1.2507,-1.1442,-0.9424,-0.7388,-0.5683,-0.4337,-0.3281,-0.2437,-0.1744,-0.1161,-0.066,-0.0223,0.0163,0.0506,0.5359,0.5443,0.5496,0.5515,0.551,0.5507,0.551,0.5464,0.5252,0.4808,0.4203,0.3557,0.294,0.2379,0.1876,0.1409,0.0886,0.0029,-0.1823,-0.5718,-1.2063,-1.8196,-1.9413,-1.6125,-1.2011,-0.8736,-0.6398,-0.4736,-0.3516,-0.258,-0.1828,-0.1203,-0.0667,-0.0201,0.021,0.0572,0.5616,0.5753,0.5848,0.5882,0.5878,0.5911,0.6049,0.6222,0.6107,0.5482,0.4596,0.3739,0.3001,0.2393,0.1937,0.167,0.1609,0.1577,0.0562,-0.4224,-1.5814,-2.9455,-2.9858,-2.123,-1.4022,-0.9509,-0.6711,-0.4878,-0.3589,-0.2617,-0.1838,-0.1186,-0.0625,-0.0135,0.0297,0.0677,0.5895,0.6124,0.6298,0.6346,0.6285,0.6292,0.661,0.7283,0.7476,0.6386,0.4962,0.3824,0.2943,0.2254,0.1809,0.176,0.2359,0.3984,0.6051,0.2493,-1.3941,-3.6345,-3.5271,-2.2252,-1.3802,-0.9156,-0.6449,-0.4717,-0.3495,-0.2553,-0.1779,-0.1116,-0.0535,-0.0022,0.043,0.0827,0.6176,0.6566,0.6931,0.7035,0.6788,0.6575,0.6907,0.8155,0.8877,0.699,0.5017,0.3712,0.2714,0.1861,0.1284,0.1327,0.2441,0.5537,1.1508,1.0206,-0.4136,-1.8787,-2.1652,-1.582,-1.0816,-0.7679,-0.5696,-0.4332,-0.3291,-0.2428,-0.1674,-0.1,-0.0397,0.0141,0.0615,0.1029,0.6388,0.7014,0.7833,0.8221,0.7499,0.674,0.666,0.7313,0.7608,0.6036,0.4475,0.3389,0.2335,0.1111,0.0003,-0.0139,0.1215,0.3966,0.7449,0.6319,0.161,-0.2705,-0.7151,-0.8029,-0.7055,-0.5863,-0.483,-0.393,-0.3099,-0.2306,-0.1554,-0.0852,-0.0211,0.0361,0.0862,0.1292,0.64,0.7152,0.8579,0.9786,0.8043,0.671,0.6272,0.5844,0.5051,0.408,0.354,0.3042,0.2008,0.001,-0.2847,-0.3784,-0.126,0.1588,0.3325,0.3737,0.5315,0.4063,-0.0808,-0.3573,-0.4521,-0.4633,-0.434,-0.3788,-0.3068,-0.2264,-0.1451,-0.0676,0.0029,0.0651,0.1184,0.1631,0.6131,0.6551,0.7317,0.7826,0.6391,0.6285,0.635,0.5166,0.2423,0.1063,0.2359,0.2966,0.2201,-0.064,-0.8307,-1.2467,-0.416,0.0517,0.228,0.309,0.4268,0.343,0.0348,-0.2181,-0.378,-0.4588,-0.4677,-0.4185,-0.3341,-0.2357,-0.1372,-0.046,0.0347,0.1036,0.1607,0.2068,0.5744,0.5607,0.4763,0.2315,0.2812,0.6044,0.7759,0.6478,-0.108,-0.4973,0.1432,0.3471,0.3309,0.1461,-0.6268,-1.2323,-0.2795,0.1529,0.2785,0.2816,0.2497,0.1523,-0.0408,-0.2749,-0.4922,-0.6261,-0.6327,-0.5385,-0.4005,-0.2581,-0.128,-0.0154,0.0791,0.156,0.2167,0.263,0.5504,0.5188,0.4196,0.2392,0.3183,0.7386,1.1388,1.3256,0.6056,0.0168,0.3313,0.4673,0.4748,0.4282,0.3895,0.1312,0.2423,0.4427,0.4787,0.3515,0.2151,0.0623,-0.1568,-0.4747,-0.8469,-1.0705,-0.9977,-0.7555,-0.4991,-0.2816,-0.1065,0.0333,0.1437,0.2286,0.2914,0.3357,0.547,0.5329,0.501,0.4858,0.6122,0.9463,1.4463,1.9859,1.5374,0.7753,0.5698,0.6292,0.6337,0.6313,0.7766,0.5666,0.5484,0.7756,0.7676,0.4304,0.2094,0.0081,-0.2762,-0.7772,-1.5275,-1.9589,-1.6014,-1.0295,-0.5873,-0.2773,-0.0535,0.1139,0.2394,0.3303,0.3917,0.4295,0.5527,0.5593,0.5734,0.6211,0.7476,0.9855,1.3314,1.664,1.4281,0.8197,0.5865,0.7612,0.847,0.7612,0.6921,0.8389,0.687,0.6376,0.611,0.3677,0.1489,-0.0488,-0.3429,-0.9821,-2.1985,-2.9316,-2.1055,-1.1681,-0.577,-0.2041,0.0539,0.2431,0.3806,0.4729,0.5264,0.55,0.5556,0.5731,0.6022,0.6558,0.7484,0.884,1.0356,1.0994,0.9044,0.5528,0.349,0.4043,0.5074,0.4355,0.6408,0.8662,0.3283,0.4429,0.3861,0.2039,-0.0186,-0.1445,-0.315,-0.8083,-1.7653,-2.3566,-1.7305,-0.9326,-0.3948,-0.0343,0.2326,0.4383,0.5857,0.6728,0.7066,0.703,0.5516,0.5707,0.5981,0.6382,0.692,0.7508,0.7857,0.7411,0.5632,0.2495,-0.1737,0.0195,0.2116,0.4037,0.4871,0.4801,0.3193,0.3502,0.265,0.0217,-0.3837,-0.3413,-0.248,-0.4399,-0.8203,-1.0376,-0.8175,-0.4258,-0.0776,0.2185,0.4865,0.7191,0.8825,0.9534,0.9455,0.8927,0.541,0.5569,0.5769,0.6007,0.625,0.6396,0.6255,0.5565,0.4107,0.172,-0.1255,0.0254,0.1714,0.213,0.3422,0.3706,0.3418,0.2798,0.1893,0.0069,-0.4332,-0.346,-0.1394,-0.1327,-0.1906,-0.1832,-0.0783,0.0742,0.2629,0.5061,0.8073,1.1142,1.3156,1.346,1.2523,1.1153,0.5264,0.5376,0.5495,0.5605,0.5666,0.5604,0.5316,0.4697,0.3707,0.2472,0.156,0.1684,0.1818,0.1866,0.229,0.2326,0.2628,0.183,0.0489,0.1637,0.0443,-0.0057,0.0527,0.1122,0.206,0.3504,0.4347,0.4511,0.5392,0.7715,1.1738,1.6572,1.939,1.8661,1.6098,1.3466,0.5101,0.5168,0.5223,0.5249,0.5213,0.5073,0.4779,0.4304,0.3673,0.3013,0.2546,0.2377,0.2283,0.2012,0.0623,-0.0047,0.207,0.2529,0.2529,0.5245,0.3916,0.2568,0.2334,0.2979,0.4655,0.7177,0.7845,0.6824,0.7134,0.9581,1.5049,2.2776,2.6768,2.4041,1.9253,1.5295,0.4939,0.497,0.4981,0.4957,0.4878,0.4721,0.4466,0.4114,0.3697,0.3286,0.2963,0.2742,0.2525,0.2053,0.0893,0.0577,0.2388,0.4384,0.9011,1.1317,0.6282,0.3914,0.3363,0.3981,0.5689,0.7991,0.8515,0.7714,0.7919,1.016,1.5999,2.5173,2.9768,2.5968,2.0294,1.592,0.4788,0.4793,0.4776,0.4727,0.4634,0.4485,0.4275,0.4011,0.3718,0.343,0.3182,0.2972,0.2755,0.245,0.2098,0.2207,0.313,0.4764,0.7345,0.8142,0.566,0.3804,0.3351,0.4086,0.57,0.7521,0.8747,0.8393,0.8013,0.9405,1.3672,2.0412,2.4302,2.2439,1.8542,1.5115,0.4652,0.4641,0.4608,0.4548,0.4455,0.4322,0.4151,0.3949,0.3731,0.3517,0.3322,0.3149,0.2988,0.2838,0.277,0.2947,0.3479,0.4324,0.5189,0.5204,0.3978,0.2421,0.2059,0.3389,0.5381,0.7638,0.9616,0.8636,0.7259,0.7763,1.0326,1.4258,1.7055,1.7102,1.5441,1.3432,0.4534,0.4512,0.4472,0.4409,0.4321,0.4207,0.4067,0.3908,0.3741,0.3576,0.3425,0.3292,0.3183,0.3112,0.3121,0.3263,0.3558,0.3937,0.4186,0.3959,0.2974,0.1342,0.0895,0.2703,0.4823,0.6653,0.7676,0.6896,0.5493,0.599,0.7925,1.0397,1.2336,1.3004,1.2575,1.1611,0.4432,0.4404,0.4361,0.4301,0.4221,0.4123,0.4008,0.3881,0.375,0.3621,0.3504,0.3404,0.3329,0.3293,0.3313,0.3405,0.3559,0.3719,0.3765,0.3539,0.2919,0.2059,0.1913,0.3025,0.45,0.5718,0.6305,0.5959,0.5236,0.562,0.6939,0.849,0.9766,1.0429,1.0458,1.0057]}]