docs/data/wind_grid.json
[{"header":{"la1":42.85,"la2":41.18,"lo1":11.55,"lo2":14.05,"nx":36,"ny":24,"dx":0.07143,"dy":0.07261,"parameterCategory":2,"parameterNumber":2,"parameterNumberName":"eastward_wind","parameterUnit":"m.s-1"},"data":[3.8477,3.8753,3.9057,3.9378,3.9699,3.9991,4.0212,4.032,4.0286,4.0107,3.9813,3.9447,3.9052,3.8657,3.8279,3.7922,3.7586,3.7263,3.6946,3.6622,3.6281,3.5918,3.5533,3.5132,3.4724,3.4316,3.3917,3.3532,3.3166,3.2822,3.2502,3.2206,3.1934,3.1688,3.1466,3.1268,3.8572,3.8899,3.9275,3.9697,4.0144,4.0579,4.0936,4.1135,4.1114,4.0867,4.0449,3.9948,3.9434,3.8948,3.8506,3.8107,3.7745,3.741,3.7087,3.6754,3.6395,3.6,3.5573,3.5124,3.4666,3.4212,3.377,3.3349,3.2953,3.2584,3.2243,3.1932,3.1649,3.1395,3.1168,3.0968,3.8617,3.8994,3.9452,3.9998,4.0623,4.1282,4.1876,4.2252,4.2263,4.1885,4.1246,4.0523,3.9838,3.9237,3.8723,3.8281,3.7897,3.7558,3.7241,3.6911,3.6534,3.6099,3.5615,3.5103,3.4584,3.4073,3.3583,3.3121,3.2693,3.2298,3.1939,3.1614,3.1322,3.1061,3.0831,3.0631,3.8588,3.9004,3.9543,4.0233,4.1093,4.2098,4.3122,4.3868,4.3964,4.3315,4.2249,4.116,4.0239,3.9506,3.892,3.8439,3.8038,3.7705,3.7418,3.711,3.6715,3.6221,3.5656,3.506,3.4463,3.3885,3.3341,3.2836,3.2375,3.1957,3.158,3.1244,3.0944,3.068,3.045,3.0252,3.8458,3.8888,3.9484,4.0314,4.1451,4.2949,4.4735,4.6307,4.6649,4.5375,4.3455,4.1792,4.0586,3.973,3.9093,3.8584,3.8166,3.7849,3.7628,3.7378,3.6953,3.6359,3.5677,3.4972,3.4282,3.3628,3.3024,3.2476,3.1984,3.1546,3.1158,3.0813,3.051,3.0246,3.0018,2.9825,3.8199,3.8592,3.9191,4.0108,4.1494,4.3552,4.6479,4.9784,5.0839,4.8085,4.4617,4.2241,4.0797,3.9887,3.925,3.8738,3.8294,3.7975,3.7862,3.7717,3.722,3.6469,3.5637,3.4803,3.4007,3.3271,3.2607,3.2019,3.1505,3.1054,3.066,3.0314,3.0012,2.9751,2.9529,2.9345,3.779,3.8065,3.8564,3.9454,4.0948,4.3346,4.7169,5.2543,5.4817,4.9867,4.495,4.2249,4.081,3.9978,3.9422,3.8949,3.8469,3.8073,3.8003,3.795,3.7351,3.6443,3.5466,3.4503,3.3597,3.2775,3.2056,3.1439,3.0915,3.0466,3.0077,2.9738,2.9442,2.9187,2.8974,2.8803,3.723,3.7269,3.75,3.8182,3.9605,4.1932,4.5317,4.9647,5.132,4.7506,4.383,4.1776,4.0665,4.0049,3.9669,3.9296,3.8789,3.8246,3.7955,3.7762,3.7137,3.6182,3.5107,3.4023,3.2999,3.2091,3.1326,3.0702,3.0193,2.9768,2.94,2.9076,2.8791,2.8547,2.8346,2.8191,3.6562,3.6211,3.5894,3.6066,3.7367,3.972,4.2288,4.4332,4.4851,4.3729,4.2299,4.1189,4.0504,4.0173,4.0077,3.9897,3.9315,3.8602,3.8015,3.749,3.6756,3.5745,3.456,3.3323,3.215,3.1143,3.0355,2.9766,2.9318,2.8949,2.8622,2.8322,2.8051,2.7818,2.7631,2.7496,3.5913,3.5048,3.3785,3.2772,3.3996,3.743,4.0298,4.1825,4.2364,4.2236,4.1542,4.0823,4.0449,4.0382,4.066,4.0829,3.9905,3.9032,3.83,3.7492,3.6491,3.5264,3.3851,3.2354,3.0944,2.9812,2.9048,2.8582,2.8273,2.801,2.7743,2.7471,2.721,2.6984,2.6811,2.6702,3.5495,3.4238,3.2002,2.9119,3.006,3.5892,3.9769,4.1383,4.239,4.2769,4.142,4.0635,4.0558,4.0749,4.0827,4.0919,4.007,3.9523,3.8928,3.7827,3.6398,3.4784,3.2982,3.1033,2.9192,2.7875,2.726,2.7104,2.7067,2.6968,2.6773,2.6516,2.6249,2.602,2.586,2.5784,3.548,3.4307,3.2257,2.9689,3.0833,3.6661,4.0526,4.1929,4.2075,4.2056,4.0938,4.0418,4.082,4.193,4.1362,4.0359,4.0081,4.0814,4.0596,3.8573,3.6376,3.4262,3.1953,2.9267,2.6577,2.4951,2.4822,2.5353,2.5772,2.5876,2.5727,2.5443,2.5134,2.4882,2.4734,2.4706,3.5808,3.5109,3.4171,3.3621,3.5119,3.8496,4.1361,4.2874,4.2219,4.1016,4.0245,4.0266,4.0539,4.2324,4.1643,3.9899,4.0073,4.3556,4.3448,3.9116,3.6068,3.3626,3.0903,2.7219,2.2903,2.0707,2.1831,2.3591,2.4568,2.4809,2.4606,2.4206,2.3794,2.3493,2.3366,2.3418,3.6245,3.6001,3.5852,3.6164,3.7353,3.9203,4.0984,4.214,4.1664,4.021,3.9546,4.0496,4.0631,3.6878,3.8914,3.862,3.8738,4.0982,4.1027,3.7731,3.507,3.2916,3.0237,2.5914,1.9872,1.6978,1.9711,2.2508,2.37,2.3816,2.3366,2.2704,2.2097,2.1724,2.1653,2.1853,3.6601,3.6617,3.6777,3.7222,3.8027,3.9051,3.9979,4.0426,3.9998,3.9059,3.8432,3.8286,3.7909,3.7113,3.753,3.7384,3.7178,3.739,3.6895,3.5273,3.371,3.2415,3.0277,2.6541,2.1503,1.8922,2.0708,2.2632,2.3225,2.283,2.1868,2.073,1.9806,1.9361,1.9445,1.993,3.6812,3.6934,3.7162,3.7537,3.8051,3.8604,3.9022,3.9102,3.8742,3.8151,3.785,3.6495,3.6527,3.6589,3.6587,3.6591,3.6631,3.5594,3.4329,3.3375,3.3012,3.2517,3.0649,2.7887,2.4937,2.3184,2.3092,2.3287,2.2864,2.1677,1.988,1.7934,1.6513,1.6076,1.6558,1.7588,3.6888,3.7033,3.7241,3.7516,3.7831,3.812,3.8286,3.8243,3.7981,3.766,3.7585,3.6673,3.4619,3.3717,3.5121,3.5154,3.4525,3.2864,3.1453,3.1787,3.2792,3.2322,3.0483,2.8377,2.6445,2.5115,2.4348,2.3612,2.2371,2.0242,1.7146,1.3773,1.1576,1.1438,1.2855,1.4863,3.6862,3.6994,3.7158,3.7345,3.753,3.767,3.7717,3.7633,3.7426,3.715,3.6773,3.5883,3.3947,3.3337,3.3908,3.352,3.26,2.9822,2.763,2.945,3.0665,3.0633,2.9527,2.7964,2.6423,2.5325,2.4615,2.3633,2.1849,1.8677,1.3609,0.7673,0.4295,0.5255,0.8547,1.2055,3.6767,3.6873,3.6991,3.7109,3.7209,3.7263,3.7245,3.7138,3.6938,3.6647,3.6212,3.5521,3.4623,3.386,3.2656,3.2131,3.1727,2.9306,2.7593,2.74,2.8509,2.8958,2.8363,2.716,2.5821,2.5059,2.4817,2.3636,2.1481,1.7486,1.0141,0.0447,-0.436,-0.111,0.4783,0.9881,3.6628,3.6706,3.6783,3.6849,3.6891,3.6891,3.6833,3.6704,3.6498,3.6204,3.5793,3.524,3.4554,3.3703,3.263,3.2155,3.1401,2.9197,2.5748,2.4434,2.7002,2.7722,2.7277,2.6328,2.52,2.4779,2.471,2.304,2.117,1.7371,0.9359,-0.231,-0.7873,-0.3338,0.3638,0.925,3.6463,3.6514,3.6556,3.6583,3.6584,3.6546,3.646,3.6314,3.6101,3.5811,3.5429,3.4944,3.4348,3.3642,3.2898,3.2212,3.1159,2.9321,2.6997,2.6148,2.6833,2.6639,2.607,2.5491,2.4443,2.2973,2.1085,2.116,2.0971,1.8552,1.2621,0.3768,-0.1187,0.1092,0.6003,1.0468,3.6283,3.6309,3.6324,3.6321,3.6291,3.6226,3.6118,3.5959,3.5741,3.5457,3.5097,3.4655,3.4127,3.3521,3.2855,3.2093,3.1083,2.9755,2.8389,2.7443,2.6506,2.4946,2.431,2.4646,2.3906,2.1799,1.9376,2.041,2.1467,2.0488,1.706,1.1832,0.8123,0.8018,1.0175,1.286,3.6095,3.6101,3.6093,3.6066,3.6012,3.5927,3.5803,3.5634,3.5413,3.5134,3.4791,3.438,3.3896,3.3341,3.2708,3.1966,3.1066,3.0011,2.8886,2.7678,2.5986,2.3703,2.3125,2.4185,2.3956,2.2577,2.1431,2.1892,2.2776,2.2274,2.0103,1.6979,1.4432,1.3545,1.4133,1.547,3.5907,3.5895,3.5867,3.5821,3.5749,3.5648,3.5512,3.5335,3.5112,3.4838,3.4509,3.4119,3.3666,3.3144,3.2545,3.185,3.1041,3.0116,2.9074,2.7845,2.6287,2.4669,2.4149,2.4527,2.4322,2.3504,2.2803,2.2715,2.2975,2.2666,2.1384,1.9576,1.7977,1.714,1.7146,1.7749]},{"header":{"la1":42.85,"la2":41.18,"lo1":11.55,"lo2":14.05,"nx":36,"ny":24,"dx":0.07143,"dy":0.07261,"parameterCategory":2,"parameterNumber":3,"parameterNumberName":"northward_wind","parameterUnit":"m.s-1"},"data":[0.7823,0.7714,0.7611,0.7519,0.7447,0.7413,0.744,0.7555,0.7775,0.8096,0.8487,0.89,0.9284,0.9599,0.9821,0.9946,0.9992,0.9999,1.0015,1.0085,1.0228,1.0438,1.0689,1.0953,1.1207,1.1436,1.1634,1.1799,1.1933,1.2038,1.2117,1.2176,1.2216,1.2242,1.2257,1.2262,0.7567,0.7422,0.7275,0.7128,0.699,0.688,0.6838,0.6917,0.7163,0.7578,0.8108,0.8669,0.9177,0.9569,0.9811,0.9894,0.9848,0.9737,0.9656,0.9688,0.9864,1.0157,1.0507,1.0863,1.119,1.1473,1.1707,1.1894,1.2039,1.2148,1.2227,1.2281,1.2314,1.2332,1.2338,1.2335,0.7296,0.711,0.6913,0.6697,0.6463,0.6227,0.6046,0.6027,0.6285,0.6845,0.7607,0.8405,0.91,0.9602,0.9863,0.9867,0.9645,0.9308,0.9038,0.9012,0.9276,0.9736,1.0261,1.0759,1.1187,1.1536,1.1809,1.2018,1.2171,1.2281,1.2354,1.2399,1.2423,1.2429,1.2424,1.2411,0.7012,0.6783,0.6533,0.6242,0.5884,0.5449,0.4999,0.4734,0.4952,0.5765,0.6937,0.812,0.9092,0.9749,1.0033,0.9903,0.9368,0.8584,0.7931,0.7826,0.8326,0.9135,0.9961,1.0666,1.1221,1.1643,1.1954,1.2179,1.2335,1.2438,1.2501,1.2532,1.254,1.2532,1.2513,1.2486,0.6713,0.6442,0.6146,0.5788,0.5301,0.4597,0.366,0.2802,0.2822,0.4144,0.6086,0.7871,0.9222,1.0084,1.0409,1.0098,0.905,0.739,0.5905,0.5731,0.6869,0.838,0.9677,1.0644,1.1334,1.1821,1.2159,1.2389,1.2537,1.2625,1.2668,1.2679,1.2667,1.2639,1.2602,1.256,0.6392,0.6076,0.5746,0.5361,0.4804,0.3852,0.2221,0.0111,-0.0495,0.1947,0.5242,0.7814,0.9593,1.0708,1.1132,1.0664,0.895,0.5775,0.2514,0.2419,0.5061,0.7721,0.958,1.0789,1.1578,1.2099,1.2441,1.2657,1.2783,1.2844,1.2857,1.2839,1.2799,1.2747,1.2689,1.2629,0.6035,0.5655,0.5294,0.4937,0.446,0.3525,0.1509,-0.1981,-0.3605,0.0472,0.5071,0.8181,1.0299,1.1722,1.2386,1.1944,0.9787,0.5147,-0.0415,-0.0233,0.4217,0.7781,0.9925,1.1204,1.1997,1.2499,1.2812,1.2992,1.3077,1.3094,1.3066,1.3008,1.2934,1.2851,1.2768,1.2687,0.5629,0.5128,0.4681,0.4372,0.4158,0.3699,0.2397,-0.0034,-0.0993,0.2311,0.6093,0.9006,1.1325,1.3185,1.4392,1.4303,1.2277,0.8034,0.3123,0.2852,0.621,0.9063,1.0836,1.1919,1.2601,1.303,1.328,1.3398,1.342,1.3376,1.329,1.3181,1.3063,1.2945,1.2833,1.273,0.5183,0.445,0.3738,0.3332,0.3489,0.386,0.3797,0.333,0.3465,0.493,0.7261,0.9892,1.2468,1.5026,1.7486,1.815,1.5944,1.2658,0.9774,0.8882,0.9816,1.1097,1.2115,1.2847,1.3358,1.3685,1.385,1.388,1.3812,1.3683,1.3521,1.3349,1.3178,1.3018,1.2874,1.2748,0.4774,0.3689,0.2374,0.1353,0.1857,0.3501,0.4498,0.4628,0.4301,0.4764,0.7307,1.047,1.344,1.666,2.1695,2.4022,1.9302,1.5882,1.3961,1.2978,1.2768,1.3009,1.3416,1.3851,1.4227,1.447,1.4537,1.4446,1.4251,1.4006,1.3747,1.3495,1.3262,1.3056,1.2879,1.2732,0.4571,0.3187,0.1151,-0.1138,-0.056,0.2991,0.4876,0.4961,0.2902,0.1713,0.6701,1.0953,1.4217,1.7061,2.1429,2.4302,1.965,1.7366,1.6331,1.539,1.4703,1.4438,1.4523,1.4835,1.5208,1.5435,1.5386,1.5109,1.4727,1.4325,1.3944,1.3599,1.3297,1.3041,1.2832,1.2667,0.4733,0.3404,0.1465,-0.0677,0.0035,0.3647,0.5477,0.5735,0.4634,0.3966,0.7831,1.1579,1.5017,1.8261,1.8403,1.8504,1.8189,1.8769,1.8667,1.7129,1.593,1.5392,1.5377,1.5775,1.6377,1.6712,1.6469,1.5867,1.5206,1.4604,1.4079,1.3629,1.3252,1.2947,1.271,1.2536,0.5237,0.4289,0.3182,0.2443,0.3217,0.4998,0.5948,0.6034,0.6152,0.7003,0.9223,1.164,1.4032,1.8853,1.8139,1.6731,1.7747,2.1529,2.1543,1.8196,1.6542,1.5937,1.5968,1.6628,1.7801,1.8439,1.7766,1.6616,1.5599,1.478,1.4105,1.3544,1.3089,1.2738,1.2487,1.232,0.5897,0.5339,0.4858,0.4734,0.5196,0.5906,0.6267,0.6241,0.6546,0.7657,0.9235,1.127,1.1932,1.2049,1.4206,1.5511,1.7083,1.9437,1.9731,1.7681,1.6558,1.6169,1.6279,1.7129,1.8909,1.9925,1.8683,1.7028,1.5759,1.4779,1.3968,1.3291,1.2753,1.2366,1.2122,1.1991,0.6546,0.6239,0.604,0.6047,0.6275,0.6568,0.6746,0.6843,0.708,0.7303,0.7496,0.8618,0.9544,0.7579,1.1965,1.5745,1.8309,1.7229,1.7091,1.6687,1.6427,1.6308,1.6355,1.698,1.8344,1.9151,1.8201,1.6803,1.5606,1.4564,1.3619,1.2797,1.2163,1.1758,1.1565,1.1523,0.7113,0.6944,0.6856,0.6877,0.6993,0.7135,0.724,0.7281,0.7115,0.6075,0.3249,0.5245,0.7208,0.928,1.1426,1.484,1.7174,1.6306,1.6173,1.6352,1.6691,1.6586,1.6363,1.6585,1.7155,1.7482,1.7109,1.6291,1.5287,1.4174,1.3017,1.1957,1.1186,1.0807,1.0757,1.0895,0.7592,0.7496,0.7455,0.7474,0.754,0.7616,0.7659,0.7595,0.7216,0.6011,0.3804,0.5528,0.7723,0.8601,1.0573,1.27,1.4444,1.5455,1.6075,1.6377,1.6759,1.6633,1.6327,1.6376,1.6697,1.6961,1.6822,1.6156,1.5074,1.3694,1.2111,1.0597,0.9611,0.9373,0.9654,1.0118,0.7997,0.7942,0.7925,0.7943,0.7987,0.8031,0.8042,0.796,0.7685,0.7155,0.6777,0.7407,0.8224,0.8591,0.9632,1.0712,1.315,1.5742,1.6815,1.678,1.6671,1.6437,1.6231,1.6353,1.6954,1.7783,1.7851,1.6728,1.5107,1.32,1.0885,0.8521,0.7208,0.7398,0.8327,0.9287,0.8343,0.8315,0.8313,0.8334,0.837,0.8406,0.8419,0.8381,0.8271,0.8135,0.8155,0.8472,0.8862,0.9032,0.7839,0.7236,1.1873,1.5748,1.7395,1.8613,1.7551,1.6525,1.6099,1.6325,1.7526,1.9824,2.0292,1.7663,1.5185,1.2777,0.963,0.6019,0.4316,0.5336,0.7146,0.8631,0.8645,0.8636,0.8646,0.8673,0.8711,0.8753,0.8785,0.8801,0.8805,0.8835,0.8955,0.9185,0.9421,0.9356,0.8306,0.8202,1.1902,1.5956,2.0704,2.2512,1.8535,1.6403,1.5674,1.5911,1.7239,2.0023,2.0643,1.7095,1.4792,1.2565,0.927,0.505,0.3141,0.4609,0.678,0.8436,0.8913,0.8917,0.8938,0.8973,0.9019,0.9072,0.9128,0.9187,0.9257,0.9361,0.9519,0.9733,0.9947,1.0055,1.0072,1.0756,1.2816,1.5666,1.8775,1.9634,1.7293,1.5286,1.4568,1.4908,1.5726,1.6112,1.4746,1.4484,1.3964,1.2606,1.0245,0.7072,0.5345,0.6028,0.7512,0.88,0.9152,0.9168,0.9199,0.9242,0.9298,0.9364,0.944,0.9529,0.9638,0.9778,0.996,1.0184,1.0436,1.0716,1.1115,1.1888,1.3195,1.4815,1.6182,1.6357,1.5004,1.3135,1.2594,1.3578,1.4404,1.4152,1.3026,1.339,1.3324,1.2731,1.1498,0.9666,0.8349,0.8216,0.8793,0.9511,0.9368,0.9394,0.9433,0.9485,0.955,0.9628,0.9719,0.9828,0.9959,1.012,1.0317,1.0555,1.0838,1.1186,1.1654,1.2319,1.3188,1.4102,1.4728,1.4645,1.3576,1.1807,1.1348,1.2727,1.3707,1.3809,1.35,1.3254,1.2886,1.2793,1.2244,1.1219,1.0309,0.9914,0.998,1.0269,0.9563,0.9598,0.9645,0.9705,0.9777,0.9864,0.9966,1.0087,1.0231,1.0402,1.0607,1.085,1.1141,1.1493,1.1928,1.2461,1.3061,1.362,1.3958,1.3877,1.327,1.2385,1.216,1.2834,1.3442,1.3603,1.3451,1.312,1.2835,1.2805,1.252,1.1934,1.1342,1.0966,1.0846,1.0906]}]