docs/data/wind_grid.json
{"header": {"la1":42.1,"la2":41.55,"lo1":12.1,"lo2":12.95,"nx":50,"ny":50,"dx":0.01735,"dy":0.01122,"parameterCategory":2,"parameterNumber":2,"parameterNumberName":"eastward_wind","parameterUnit":"m.s-1"}, "data":
[rows 0 to 40 of 50, columns 0 to 49 of 50]
-0.3627,-0.3645,-0.367,-0.3701,-0.374,-0.3787,-0.3841,-0.3904,-0.3974,-0.4052,-0.4138,-0.4233,-0.4335,-0.4446,-0.4566,-0.4697,-0.484,-0.4999,-0.5178,-0.5381,-0.5613,-0.5881,-0.6191,-0.655,-0.6964,-0.7439,-0.7979,-0.8588,-0.9267,-1.0015,-1.083,-1.1704,-1.2626,-1.358,-1.4541,-1.5483,-1.6371,-1.7171,-1.7853,-1.8393,-1.8778,-1.9007,-1.909,-1.9045,-1.8895,-1.8663,-1.8371,-1.8039,-1.7683,-1.7316
-0.3536,-0.3551,-0.3574,-0.3603,-0.364,-0.3685,-0.3738,-0.3799,-0.3869,-0.3946,-0.4031,-0.4124,-0.4225,-0.4333,-0.445,-0.4577,-0.4716,-0.487,-0.5042,-0.5239,-0.5465,-0.5729,-0.6038,-0.6398,-0.6818,-0.7303,-0.7859,-0.849,-0.9198,-0.9984,-1.0845,-1.1774,-1.276,-1.3786,-1.4826,-1.5849,-1.6815,-1.7685,-1.8421,-1.8995,-1.9392,-1.9612,-1.9668,-1.9584,-1.9386,-1.9103,-1.8761,-1.8381,-1.7981,-1.7574
-0.3443,-0.3456,-0.3476,-0.3503,-0.3538,-0.3581,-0.3633,-0.3693,-0.3761,-0.3838,-0.3922,-0.4014,-0.4113,-0.4219,-0.4333,-0.4456,-0.459,-0.4737,-0.4902,-0.5091,-0.5311,-0.5569,-0.5874,-0.6235,-0.6659,-0.7153,-0.7725,-0.8378,-0.9115,-0.9939,-1.0846,-1.1832,-1.2885,-1.3988,-1.5114,-1.6226,-1.7279,-1.8226,-1.9021,-1.9632,-2.004,-2.0247,-2.0271,-2.014,-1.9888,-1.9549,-1.9151,-1.872,-1.8273,-1.7825
-0.3348,-0.3358,-0.3375,-0.34,-0.3433,-0.3474,-0.3524,-0.3583,-0.3651,-0.3727,-0.3811,-0.3902,-0.4,-0.4105,-0.4216,-0.4334,-0.4462,-0.4602,-0.4759,-0.4939,-0.515,-0.5401,-0.5701,-0.606,-0.6487,-0.699,-0.7576,-0.8251,-0.9018,-0.9879,-1.0833,-1.1876,-1.2999,-1.4183,-1.5399,-1.6608,-1.7757,-1.879,-1.9652,-2.0302,-2.072,-2.091,-2.0894,-2.0709,-2.0396,-1.9994,-1.9536,-1.9049,-1.8554,-1.8063
-0.3251,-0.3258,-0.3272,-0.3294,-0.3325,-0.3365,-0.3413,-0.3471,-0.3539,-0.3614,-0.3698,-0.3789,-0.3886,-0.3989,-0.4097,-0.4211,-0.4333,-0.4465,-0.4612,-0.4782,-0.4983,-0.5224,-0.5518,-0.5874,-0.6303,-0.6813,-0.7413,-0.8109,-0.8904,-0.9802,-1.0803,-1.1903,-1.3096,-1.4363,-1.5676,-1.6989,-1.8244,-1.9372,-2.0308,-2.1001,-2.1428,-2.1594,-2.1531,-2.1285,-2.0903,-2.0432,-1.991,-1.9366,-1.882,-1.8287
-0.3152,-0.3156,-0.3166,-0.3186,-0.3214,-0.3252,-0.3299,-0.3357,-0.3423,-0.3499,-0.3583,-0.3674,-0.3771,-0.3873,-0.3978,-0.4088,-0.4203,-0.4327,-0.4463,-0.4621,-0.481,-0.504,-0.5325,-0.5676,-0.6106,-0.6623,-0.7236,-0.7952,-0.8775,-0.9708,-1.0753,-1.191,-1.3172,-1.4523,-1.5936,-1.736,-1.873,-1.9963,-2.098,-2.172,-2.2154,-2.2292,-2.2174,-2.1857,-2.14,-2.0855,-2.0266,-1.9663,-1.9067,-1.8491
-0.3051,-0.3051,-0.3058,-0.3074,-0.31,-0.3136,-0.3182,-0.3238,-0.3305,-0.3382,-0.3466,-0.3558,-0.3655,-0.3757,-0.386,-0.3966,-0.4074,-0.4188,-0.4313,-0.4457,-0.4631,-0.4848,-0.5122,-0.5468,-0.5897,-0.642,-0.7046,-0.7781,-0.863,-0.9596,-1.0684,-1.1893,-1.3221,-1.4655,-1.6169,-1.771,-1.9203,-2.0551,-2.1658,-2.2447,-2.2886,-2.299,-2.281,-2.2415,-2.1876,-2.1255,-2.0596,-1.9934,-1.9288,-1.8671
-0.2947,-0.2943,-0.2947,-0.296,-0.2983,-0.3016,-0.3061,-0.3117,-0.3184,-0.3261,-0.3347,-0.3441,-0.3539,-0.3641,-0.3743,-0.3845,-0.3946,-0.405,-0.4162,-0.429,-0.4447,-0.4648,-0.491,-0.5248,-0.5676,-0.6205,-0.6843,-0.7596,-0.847,-0.9467,-1.0593,-1.1849,-1.3237,-1.475,-1.6362,-1.8022,-1.9645,-2.1118,-2.2322,-2.3165,-2.3608,-2.3672,-2.3422,-2.2943,-2.2319,-2.1619,-2.0892,-2.0171,-1.9478,-1.8823
-0.2842,-0.2833,-0.2832,-0.2841,-0.2861,-0.2893,-0.2936,-0.2991,-0.3059,-0.3137,-0.3225,-0.3321,-0.3422,-0.3525,-0.3627,-0.3726,-0.3821,-0.3914,-0.4011,-0.4121,-0.4259,-0.4442,-0.4689,-0.5018,-0.5444,-0.5979,-0.6629,-0.7401,-0.8297,-0.9322,-1.048,-1.1776,-1.3216,-1.4798,-1.6502,-1.8279,-2.0035,-2.1639,-2.2948,-2.3849,-2.4294,-2.4314,-2.3989,-2.3423,-2.2713,-2.1935,-2.1142,-2.0368,-1.9632,-1.8944
-0.2733,-0.2719,-0.2714,-0.272,-0.2736,-0.2765,-0.2806,-0.2861,-0.2929,-0.301,-0.3101,-0.32,-0.3304,-0.341,-0.3513,-0.361,-0.3699,-0.3781,-0.3862,-0.3951,-0.4067,-0.4229,-0.4459,-0.4779,-0.5204,-0.5744,-0.6407,-0.7197,-0.8115,-0.9163,-1.0347,-1.1674,-1.3152,-1.4789,-1.6573,-1.8458,-2.0345,-2.2084,-2.3504,-2.4466,-2.4914,-2.4887,-2.4486,-2.3834,-2.3041,-2.2191,-2.1339,-2.0517,-1.9744,-1.9027
-0.2622,-0.2603,-0.2593,-0.2594,-0.2606,-0.2632,-0.2672,-0.2726,-0.2795,-0.2878,-0.2972,-0.3076,-0.3185,-0.3295,-0.3401,-0.3497,-0.3581,-0.3652,-0.3715,-0.3782,-0.3872,-0.4009,-0.4221,-0.4531,-0.4955,-0.5503,-0.618,-0.6988,-0.7926,-0.8994,-1.0196,-1.1541,-1.3042,-1.4715,-1.6559,-1.8536,-2.0545,-2.2417,-2.3949,-2.4975,-2.5428,-2.5357,-2.4884,-2.4152,-2.3285,-2.2372,-2.147,-2.061,-1.9809,-1.907
-0.2509,-0.2484,-0.2469,-0.2464,-0.2472,-0.2494,-0.2531,-0.2585,-0.2655,-0.274,-0.2839,-0.2949,-0.3065,-0.3181,-0.3291,-0.3389,-0.3469,-0.353,-0.3574,-0.3615,-0.3675,-0.3784,-0.3976,-0.4277,-0.4702,-0.526,-0.5953,-0.6779,-0.7735,-0.8819,-1.0031,-1.138,-1.2885,-1.4569,-1.6446,-1.8489,-2.0601,-2.2595,-2.4237,-2.5329,-2.5792,-2.5684,-2.515,-2.4353,-2.3427,-2.2466,-2.1528,-2.0642,-1.9822,-1.9071
-0.2393,-0.2362,-0.234,-0.2329,-0.2332,-0.235,-0.2385,-0.2437,-0.2508,-0.2597,-0.2701,-0.2818,-0.2942,-0.3066,-0.3184,-0.3286,-0.3365,-0.3416,-0.344,-0.3452,-0.3477,-0.3554,-0.3724,-0.4017,-0.4447,-0.5019,-0.5729,-0.6575,-0.7548,-0.8643,-0.9856,-1.1195,-1.2682,-1.4348,-1.6224,-1.8299,-2.0481,-2.2577,-2.4319,-2.5478,-2.5958,-2.5829,-2.5254,-2.4413,-2.345,-2.2462,-2.1505,-2.0607,-1.978,-1.9026
-0.2275,-0.2236,-0.2207,-0.219,-0.2187,-0.22,-0.2231,-0.2282,-0.2354,-0.2446,-0.2556,-0.2681,-0.2815,-0.2951,-0.3079,-0.3189,-0.3269,-0.3311,-0.3316,-0.3294,-0.3279,-0.3319,-0.3466,-0.3755,-0.4196,-0.4786,-0.5517,-0.6383,-0.7372,-0.8474,-0.968,-1.0994,-1.2439,-1.4056,-1.589,-1.7951,-2.0162,-2.2326,-2.415,-2.5372,-2.5883,-2.5755,-2.5169,-2.4315,-2.3344,-2.2352,-2.1396,-2.0503,-1.9682,-1.8934
-0.2155,-0.2108,-0.2071,-0.2046,-0.2036,-0.2043,-0.207,-0.2119,-0.2191,-0.2286,-0.2403,-0.2538,-0.2684,-0.2834,-0.2976,-0.3097,-0.3182,-0.322,-0.3205,-0.3147,-0.3083,-0.3079,-0.3204,-0.3496,-0.3956,-0.4569,-0.5323,-0.6209,-0.7214,-0.832,-0.9511,-1.0785,-1.2165,-1.3699,-1.5448,-1.7444,-1.9632,-2.1818,-2.3696,-2.4976,-2.5533,-2.5439,-2.4878,-2.4048,-2.31,-2.2133,-2.12,-2.0328,-1.9527,-1.8797
-0.2032,-0.1976,-0.193,-0.1897,-0.1878,-0.1878,-0.1899,-0.1945,-0.2017,-0.2116,-0.224,-0.2386,-0.2547,-0.2713,-0.2873,-0.301,-0.3106,-0.3144,-0.3112,-0.3014,-0.2892,-0.2836,-0.2941,-0.3248,-0.3737,-0.4378,-0.5155,-0.606,-0.7079,-0.8186,-0.9357,-1.058,-1.1874,-1.3293,-1.4914,-1.6792,-1.8899,-2.1055,-2.2951,-2.428,-2.49,-2.4872,-2.4377,-2.3611,-2.2722,-2.1806,-2.0919,-2.0086,-1.9317,-1.8614
-0.1907,-0.1842,-0.1786,-0.1742,-0.1714,-0.1705,-0.1719,-0.1761,-0.1832,-0.1933,-0.2065,-0.2223,-0.2401,-0.2587,-0.2768,-0.2927,-0.3041,-0.3087,-0.3043,-0.2904,-0.2714,-0.2593,-0.2683,-0.3024,-0.3554,-0.4224,-0.5022,-0.5943,-0.6974,-0.8082,-0.9228,-1.039,-1.1581,-1.2859,-1.4313,-1.6024,-1.7992,-2.0062,-2.1937,-2.3301,-2.3998,-2.4069,-2.368,-2.3015,-2.2217,-2.138,-2.0559,-1.978,-1.9056,-1.8391
-0.178,-0.1704,-0.1637,-0.1582,-0.1542,-0.1523,-0.1529,-0.1564,-0.1633,-0.1737,-0.1876,-0.2047,-0.2243,-0.2452,-0.266,-0.2846,-0.2986,-0.305,-0.3006,-0.2833,-0.2565,-0.2364,-0.2449,-0.2846,-0.3427,-0.4121,-0.4931,-0.5864,-0.6904,-0.8011,-0.9131,-1.0228,-1.1305,-1.2421,-1.368,-1.5184,-1.6964,-1.8899,-2.0712,-2.2095,-2.2875,-2.307,-2.2818,-2.2285,-2.1604,-2.0867,-2.0129,-1.9418,-1.875,-1.8129
-0.1652,-0.1565,-0.1485,-0.1417,-0.1364,-0.1332,-0.1327,-0.1354,-0.1418,-0.1523,-0.167,-0.1856,-0.2072,-0.2307,-0.2544,-0.2764,-0.294,-0.3035,-0.3009,-0.2821,-0.2479,-0.2182,-0.2278,-0.2755,-0.3379,-0.4081,-0.4888,-0.5824,-0.6871,-0.7979,-0.9075,-1.0105,-1.1063,-1.2007,-1.3051,-1.4323,-1.5883,-1.7643,-1.9361,-2.0742,-2.1603,-2.1931,-2.1834,-2.1452,-2.0906,-2.0285,-1.9642,-1.9009,-1.8404,-1.7835
-0.1523,-0.1423,-0.1329,-0.1246,-0.1178,-0.1132,-0.1113,-0.1129,-0.1186,-0.1291,-0.1445,-0.1646,-0.1883,-0.2146,-0.2418,-0.2677,-0.2896,-0.304,-0.3059,-0.2897,-0.2521,-0.2139,-0.2259,-0.2806,-0.3432,-0.4107,-0.4893,-0.5822,-0.6876,-0.7986,-0.9062,-1.003,-1.087,-1.1641,-1.2468,-1.3499,-1.4823,-1.6387,-1.7982,-1.9337,-2.0264,-2.072,-2.0779,-2.0554,-2.0151,-1.9652,-1.9111,-1.8563,-1.8026,-1.7513
-0.1394,-0.128,-0.1171,-0.1071,-0.0986,-0.0921,-0.0885,-0.0887,-0.0935,-0.1038,-0.1198,-0.1414,-0.1676,-0.1969,-0.2277,-0.2579,-0.285,-0.3057,-0.3153,-0.3081,-0.2786,-0.2415,-0.2541,-0.3049,-0.359,-0.4194,-0.494,-0.5857,-0.6914,-0.803,-0.9094,-1.0008,-1.0739,-1.1345,-1.1964,-1.2763,-1.3853,-1.5213,-1.6668,-1.7973,-1.894,-1.9505,-1.9706,-1.9629,-1.9366,-1.899,-1.8553,-1.809,-1.7625,-1.717
-0.1266,-0.1136,-0.1011,-0.0893,-0.0787,-0.0702,-0.0645,-0.0628,-0.0663,-0.076,-0.0926,-0.1159,-0.1447,-0.1773,-0.2118,-0.2464,-0.2792,-0.3074,-0.3274,-0.3359,-0.3305,-0.3165,-0.3215,-0.347,-0.3825,-0.4324,-0.5019,-0.5919,-0.698,-0.8107,-0.9165,-1.0037,-1.0673,-1.1133,-1.1565,-1.2153,-1.3026,-1.4186,-1.549,-1.6721,-1.7698,-1.8341,-1.8659,-1.8714,-1.8579,-1.8318,-1.7981,-1.7603,-1.7209,-1.6813
-0.1138,-0.0994,-0.085,-0.0711,-0.0583,-0.0473,-0.0391,-0.035,-0.0367,-0.0455,-0.0626,-0.0877,-0.1196,-0.1558,-0.194,-0.2329,-0.2713,-0.3075,-0.3393,-0.3662,-0.3917,-0.4112,-0.4031,-0.3936,-0.4078,-0.4472,-0.5117,-0.6,-0.7066,-0.8205,-0.9265,-1.0107,-1.0668,-1.1006,-1.1282,-1.1689,-1.237,-1.3344,-1.4492,-1.5628,-1.6583,-1.7269,-1.7673,-1.7835,-1.781,-1.7652,-1.7408,-1.711,-1.6784,-1.6446
-0.1013,-0.0852,-0.069,-0.0529,-0.0375,-0.0236,-0.0124,-0.0054,-0.0045,-0.0119,-0.0292,-0.0566,-0.0923,-0.1327,-0.1747,-0.2172,-0.2603,-0.3041,-0.3472,-0.3901,-0.4365,-0.4716,-0.457,-0.429,-0.4295,-0.4613,-0.5221,-0.6091,-0.7161,-0.8311,-0.9377,-1.02,-1.0708,-1.0955,-1.1109,-1.1371,-1.189,-1.2692,-1.3686,-1.4711,-1.5617,-1.6313,-1.6772,-1.7013,-1.7077,-1.7008,-1.6846,-1.6621,-1.6359,-1.6075
-0.0892,-0.0714,-0.0531,-0.0347,-0.0165,0.0006,0.0154,0.0262,0.0304,0.0253,0.008,-0.0222,-0.0629,-0.1087,-0.1548,-0.1998,-0.246,-0.2956,-0.348,-0.4018,-0.4549,-0.4882,-0.4751,-0.4478,-0.4449,-0.4736,-0.5323,-0.6183,-0.7253,-0.8409,-0.9479,-1.0293,-1.0767,-1.0956,-1.1026,-1.118,-1.1565,-1.2215,-1.306,-1.3967,-1.4803,-1.5481,-1.5965,-1.626,-1.6392,-1.6395,-1.6302,-1.6143,-1.5938,-1.5705
-0.0776,-0.0581,-0.0377,-0.0168,0.0044,0.0251,0.0441,0.0595,0.0682,0.0664,0.0497,0.0162,-0.0315,-0.0851,-0.136,-0.1822,-0.2289,-0.2815,-0.3402,-0.4,-0.4526,-0.4805,-0.4726,-0.4542,-0.4547,-0.4837,-0.5418,-0.6269,-0.7331,-0.8483,-0.955,-1.0358,-1.0818,-1.0978,-1.1001,-1.1082,-1.1362,-1.1882,-1.2589,-1.3375,-1.4129,-1.4769,-1.5255,-1.558,-1.576,-1.5819,-1.5785,-1.5681,-1.5527,-1.5341
-0.0665,-0.0454,-0.023,0.0005,0.0249,0.0495,0.0733,0.0942,0.1088,0.1119,0.0971,0.0596,0.0019,-0.0633,-0.1209,-0.167,-0.2106,-0.2625,-0.324,-0.3866,-0.4374,-0.463,-0.4619,-0.454,-0.4607,-0.492,-0.5502,-0.6343,-0.7388,-0.852,-0.9572,-1.0372,-1.0831,-1.0989,-1.0998,-1.1038,-1.1241,-1.1654,-1.2238,-1.291,-1.3577,-1.4166,-1.4636,-1.4973,-1.5183,-1.5284,-1.5296,-1.5238,-1.513,-1.4984
-0.0563,-0.0335,-0.0091,0.0169,0.0445,0.0733,0.1022,0.1296,0.1516,0.1619,0.1512,0.1099,0.0382,-0.0448,-0.1128,-0.1577,-0.1943,-0.241,-0.3016,-0.3649,-0.4151,-0.442,-0.4487,-0.4507,-0.4643,-0.4987,-0.5575,-0.6401,-0.7416,-0.8513,-0.9535,-1.0324,-1.079,-1.0966,-1.0986,-1.1012,-1.1166,-1.1493,-1.1974,-1.2542,-1.3124,-1.3656,-1.4099,-1.4434,-1.4661,-1.4791,-1.4838,-1.4818,-1.4748,-1.4639
-0.047,-0.0227,0.0036,0.0321,0.0628,0.0957,0.1301,0.1646,0.1956,0.2159,0.2129,0.1697,0.0797,-0.0307,-0.1149,-0.1575,-0.1833,-0.2206,-0.2768,-0.3389,-0.3896,-0.4203,-0.4349,-0.446,-0.4663,-0.5041,-0.5633,-0.6438,-0.7413,-0.8462,-0.9442,-1.0211,-1.0687,-1.0895,-1.0945,-1.0979,-1.1104,-1.137,-1.1766,-1.2245,-1.2748,-1.3223,-1.3632,-1.3956,-1.4189,-1.4338,-1.4411,-1.4422,-1.4383,-1.4305
-0.0387,-0.0131,0.0149,0.0456,0.0793,0.1161,0.1559,0.1978,0.2388,0.2719,0.2816,0.2415,0.1303,-0.0197,-0.1278,-0.1673,-0.1792,-0.2044,-0.2535,-0.3127,-0.364,-0.3992,-0.4215,-0.4407,-0.4671,-0.508,-0.5674,-0.6454,-0.7382,-0.8372,-0.9301,-1.0044,-1.053,-1.0773,-1.0864,-1.092,-1.1037,-1.126,-1.1591,-1.1996,-1.2431,-1.2851,-1.3224,-1.3531,-1.3764,-1.3923,-1.4015,-1.405,-1.4037,-1.3986
-0.0317,-0.0049,0.0246,0.0572,0.0934,0.1336,0.1783,0.2271,0.2783,0.3257,0.3529,0.3239,0.1941,-0.0063,-0.1459,-0.1823,-0.1802,-0.1935,-0.2343,-0.2892,-0.3405,-0.3797,-0.4087,-0.4349,-0.4667,-0.5105,-0.5697,-0.6448,-0.7324,-0.8252,-0.9124,-0.9837,-1.0328,-1.0606,-1.0742,-1.083,-1.095,-1.1149,-1.1432,-1.1778,-1.2155,-1.2526,-1.2865,-1.3152,-1.3378,-1.3542,-1.3647,-1.37,-1.3708,-1.368
-0.0259,0.0018,0.0324,0.0664,0.1046,0.1475,0.196,0.2505,0.3103,0.371,0.417,0.4063,0.2683,0.0192,-0.1541,-0.1911,-0.1809,-0.1862,-0.2199,-0.2699,-0.3203,-0.3624,-0.3969,-0.4289,-0.4653,-0.5114,-0.5702,-0.6423,-0.7247,-0.811,-0.8925,-0.9605,-1.0098,-1.0407,-1.0585,-1.0707,-1.0841,-1.1028,-1.1277,-1.1579,-1.1908,-1.2238,-1.2544,-1.2811,-1.3029,-1.3193,-1.3307,-1.3373,-1.3398,-1.3388
-0.0215,0.0067,0.0381,0.0731,0.1125,0.1572,0.2081,0.2662,0.3314,0.4007,0.46,0.4659,0.333,0.0615,-0.1354,-0.1824,-0.1756,-0.1797,-0.2092,-0.2549,-0.3038,-0.3478,-0.3863,-0.423,-0.4631,-0.5109,-0.5691,-0.6381,-0.7153,-0.7955,-0.8714,-0.9361,-0.9851,-1.0185,-1.0401,-1.0558,-1.071,-1.0893,-1.1121,-1.139,-1.1682,-1.1976,-1.2255,-1.2502,-1.2709,-1.2872,-1.299,-1.3066,-1.3105,-1.311
-0.0186,0.01,0.0417,0.0771,0.117,0.1623,0.2139,0.2729,0.3393,0.4101,0.4716,0.4818,0.3608,0.1072,-0.0908,-0.1548,-0.1623,-0.1721,-0.2008,-0.2436,-0.2908,-0.3357,-0.3771,-0.4173,-0.4602,-0.5092,-0.5666,-0.6325,-0.7049,-0.7794,-0.8501,-0.9115,-0.9599,-0.9952,-1.0199,-1.0387,-1.0558,-1.0745,-1.096,-1.1205,-1.1468,-1.1735,-1.1989,-1.2219,-1.2415,-1.2575,-1.2695,-1.2778,-1.2827,-1.2846
-0.0171,0.0115,0.0431,0.0783,0.118,0.1627,0.2134,0.2706,0.3339,0.3992,0.4521,0.4547,0.3472,0.1369,-0.0405,-0.1185,-0.1437,-0.163,-0.1937,-0.2351,-0.2809,-0.3262,-0.3694,-0.412,-0.4568,-0.5066,-0.5629,-0.626,-0.6939,-0.7632,-0.8292,-0.8875,-0.935,-0.9714,-0.9987,-1.0201,-1.0391,-1.0584,-1.0794,-1.1023,-1.1265,-1.1508,-1.1742,-1.1957,-1.2143,-1.2298,-1.242,-1.2508,-1.2565,-1.2595
-0.017,0.0112,0.0423,0.0769,0.1155,0.1586,0.2068,0.2601,0.317,0.3722,0.4111,0.4027,0.3096,0.1459,-0.002,-0.0849,-0.1247,-0.1537,-0.1877,-0.2287,-0.2736,-0.3188,-0.3631,-0.4072,-0.4533,-0.5033,-0.5584,-0.6187,-0.6826,-0.7473,-0.8091,-0.8644,-0.9109,-0.948,-0.9771,-1.0007,-1.0214,-1.0415,-1.0623,-1.0841,-1.1067,-1.1293,-1.1511,-1.1712,-1.189,-1.2041,-1.2162,-1.2254,-1.2318,-1.2355
-0.0184,0.0092,0.0395,0.073,0.1099,0.1506,0.1952,0.243,0.2918,0.3352,0.36,0.3434,0.265,0.1396,0.02,-0.0603,-0.1088,-0.1455,-0.1828,-0.2242,-0.2684,-0.3134,-0.3581,-0.4031,-0.4498,-0.4996,-0.5533,-0.611,-0.6713,-0.732,-0.79,-0.8425,-0.8878,-0.9252,-0.9556,-0.9808,-1.003,-1.0239,-1.0448,-1.066,-1.0875,-1.1088,-1.1292,-1.1482,-1.1652,-1.1799,-1.1919,-1.2014,-1.2083,-1.2128
-0.0211,0.0057,0.0349,0.0668,0.1015,0.1392,0.1795,0.2212,0.2614,0.2938,0.3073,0.2864,0.2214,0.1246,0.0281,-0.0458,-0.0979,-0.1395,-0.1795,-0.2213,-0.2651,-0.3096,-0.3544,-0.3997,-0.4464,-0.4957,-0.548,-0.6032,-0.6603,-0.7173,-0.7719,-0.822,-0.8659,-0.9033,-0.9345,-0.961,-0.9844,-1.0061,-1.0271,-1.0479,-1.0686,-1.0889,-1.1084,-1.1265,-1.1428,-1.1571,-1.1691,-1.1787,-1.186,-1.1911
-0.025,0.0007,0.0285,0.0586,0.0909,0.1252,0.1609,0.1964,0.2286,0.2517,0.2572,0.2351,0.1813,0.1051,0.0264,-0.04,-0.0923,-0.1363,-0.1778,-0.22,-0.2633,-0.3073,-0.3518,-0.3969,-0.4434,-0.4918,-0.5425,-0.5954,-0.6495,-0.7034,-0.755,-0.8028,-0.8454,-0.8824,-0.9142,-0.9415,-0.9658,-0.9881,-1.0094,-1.03,-1.0502,-1.0698,-1.0884,-1.1058,-1.1216,-1.1355,-1.1474,-1.1572,-1.1648,-1.1704
-0.0301,-0.0055,0.0207,0.0487,0.0783,0.1092,0.1403,0.17,0.1952,0.2111,0.2113,0.1897,0.1448,0.0835,0.0183,-0.0408,-0.0914,-0.1359,-0.1781,-0.2201,-0.2629,-0.3063,-0.3502,-0.3948,-0.4406,-0.488,-0.5372,-0.5879,-0.6393,-0.6903,-0.7393,-0.785,-0.8263,-0.8627,-0.8946,-0.9226,-0.9475,-0.9703,-0.9918,-1.0123,-1.0322,-1.0512,-1.0693,-1.0861,-1.1015,-1.1151,-1.1269,-1.1367,-1.1446,-1.1507
-0.0361,-0.0129,0.0117,0.0375,0.0644,0.0918,0.1186,0.1432,0.1626,0.1731,0.1699,0.1495,0.1116,0.0611,0.0061,-0.0465,-0.0943,-0.1381,-0.1801,-0.2217,-0.2637,-0.3063,-0.3495,-0.3934,-0.4383,-0.4845,-0.5321,-0.5807,-0.6297,-0.6781,-0.7247,-0.7684,-0.8084,-0.8442,-0.876,-0.9043,-0.9296,-0.9528,-0.9745,-0.995,-1.0146,-1.0332,-1.0509,-1.0673,-1.0822,-1.0956,-1.1073,-1.1172,-1.1254,-1.1318
