docs/data/wind_grid.json
[{"header":{"la1":42.85,"la2":41.18,"lo1":11.55,"lo2":14.05,"nx":36,"ny":24,"dx":0.07143,"dy":0.07261,"parameterCategory":2,"parameterNumber":2,"parameterNumberName":"eastward_wind","parameterUnit":"m.s-1"},"data":[4.3249,4.3357,4.3478,4.3608,4.3738,4.3855,4.3937,4.396,4.3905,4.3763,4.3535,4.3231,4.2858,4.242,4.1918,4.1354,4.0736,4.0078,3.9405,3.8751,3.817,3.7727,3.7475,3.7416,3.7498,3.7652,3.7823,3.7982,3.8116,3.8224,3.831,3.838,3.8436,3.8484,3.8526,3.8565,4.327,4.3401,4.3555,4.3732,4.3924,4.4113,4.4268,4.4349,4.4318,4.4162,4.3893,4.3534,4.31,4.2594,4.201,4.1343,4.0595,3.9784,3.8935,3.8081,3.7293,3.6702,3.6434,3.6494,3.6755,3.7079,3.738,3.7627,3.7819,3.7965,3.8076,3.8162,3.8232,3.8291,3.8342,3.839,4.3261,4.3413,4.3604,4.3836,4.411,4.4408,4.4685,4.4867,4.4875,4.4687,4.4342,4.39,4.3391,4.2812,4.214,4.1354,4.0448,3.9445,3.8374,3.7243,3.6098,3.5205,3.4926,3.526,3.5864,3.6455,3.6926,3.7274,3.7523,3.7702,3.7834,3.7935,3.8017,3.8086,3.8147,3.8203,4.3213,4.3382,4.3605,4.3896,4.4272,4.4733,4.5224,4.5602,4.5682,4.5406,4.4904,4.4329,4.3731,4.3083,4.2329,4.141,4.0304,3.9055,3.774,3.6294,3.4529,3.2922,3.2667,3.3669,3.4893,3.5851,3.6509,3.6945,3.7237,3.7438,3.7584,3.7696,3.7787,3.7866,3.7936,3.8002,4.3117,4.3295,4.354,4.3878,4.4362,4.5047,4.5914,4.6718,4.6949,4.6419,4.5576,4.4792,4.4105,4.3418,4.261,4.1561,4.0194,3.8579,3.701,3.5469,3.2878,2.9607,2.9592,3.2027,3.4103,3.5407,3.6188,3.6663,3.6964,3.7169,3.7319,3.7438,3.7539,3.7627,3.7708,3.7785,4.2966,4.3152,4.3409,4.3757,4.43,4.5223,4.6669,4.8391,4.9002,4.7753,4.6248,4.5215,4.4487,4.383,4.304,4.1909,4.0232,3.7977,3.5882,3.496,3.2572,2.7749,2.8072,3.1556,3.3935,3.5258,3.5993,3.642,3.6688,3.6878,3.7026,3.7152,3.7263,3.7365,3.7459,3.7548,4.2757,4.2974,4.3282,4.3595,4.4027,4.5022,4.695,4.9825,5.1077,4.8684,4.6586,4.5491,4.4853,4.4335,4.3688,4.2618,4.0764,3.7812,3.4566,3.4457,3.4017,3.1582,3.1257,3.2983,3.4472,3.5368,3.5868,3.6163,3.6366,3.6533,3.6684,3.6824,3.6953,3.7072,3.7183,3.7289,4.2457,4.2767,4.3373,4.3782,4.3667,4.4312,4.6072,4.8422,4.9384,4.7797,4.6368,4.5606,4.5203,4.4948,4.4616,4.3829,4.2144,3.9375,3.6415,3.55,3.4561,3.3955,3.408,3.46,3.5139,3.5471,3.5649,3.578,3.5924,3.609,3.6266,3.6438,3.6598,3.6744,3.6878,3.7003,4.1975,4.2295,4.3583,4.4932,4.3232,4.3171,4.4728,4.6204,4.6821,4.6572,4.6068,4.5687,4.555,4.5648,4.5882,4.5609,4.4129,4.1846,3.9288,3.6459,3.2665,3.3128,3.4901,3.5425,3.5411,3.5229,3.5095,3.5109,3.5263,3.5496,3.5748,3.5985,3.6195,3.6377,3.6539,3.6687,4.1244,4.0969,4.1294,4.17,3.9729,4.1304,4.3832,4.5501,4.6411,4.6591,4.6127,4.5801,4.5858,4.6283,4.7421,4.8017,4.6011,4.4061,4.182,3.8503,3.4619,3.4538,3.5782,3.574,3.5006,3.4247,3.3869,3.3934,3.4277,3.471,3.512,3.5465,3.5743,3.597,3.6163,3.6337,4.0514,3.921,3.6374,3.0266,3.15,3.9302,4.3787,4.5803,4.7178,4.772,4.6344,4.5848,4.6107,4.6672,4.7575,4.8259,4.6822,4.6112,4.4838,4.2216,3.9379,3.7872,3.6951,3.5402,3.3383,3.1829,3.1437,3.1992,3.2889,3.3737,3.4405,3.4895,3.5251,3.5521,3.5744,3.5946,4.0246,3.8637,3.5444,3.0567,3.2154,4.0124,4.4952,4.6765,4.6982,4.7006,4.598,4.5645,4.6318,4.7667,4.7322,4.6889,4.7388,4.9398,4.9287,4.5893,4.2639,4.007,3.7426,3.3791,2.9403,2.6582,2.6986,2.9096,3.117,3.2682,3.3677,3.4313,3.4729,3.5027,3.5272,3.5501,4.0555,3.9438,3.7857,3.6678,3.8396,4.2596,4.6124,4.7981,4.7253,4.6041,4.5272,4.5073,4.5627,4.8044,4.7365,4.6209,4.774,5.5364,5.5531,4.8429,4.4419,4.126,3.7293,3.0863,2.1723,1.6491,2.0076,2.5673,2.9539,3.1792,3.3054,3.376,3.4178,3.4468,3.4722,3.4981,4.1156,4.0624,4.0169,4.03,4.1603,4.3776,4.5858,4.7181,4.672,4.5288,4.4502,4.4566,4.4542,4.2662,4.4921,4.4671,4.6165,5.0906,5.1914,4.8024,4.5107,4.2229,3.7652,2.8922,1.4057,0.5587,1.441,2.3716,2.8829,3.1385,3.2636,3.3239,3.3555,3.379,3.4047,3.4354,4.176,4.1594,4.16,4.1976,4.2833,4.3982,4.5026,4.5541,4.514,4.4121,4.3291,4.3095,4.3083,4.2086,4.4183,4.4502,4.7647,4.7475,4.7813,4.6965,4.5889,4.393,3.9539,3.1462,1.9031,1.1876,1.811,2.5486,2.9618,3.158,3.2394,3.2656,3.2743,3.2884,3.3166,3.3573,4.2241,4.2251,4.2395,4.2739,4.3276,4.3885,4.4357,4.4464,4.4031,4.3012,4.1584,4.0688,4.1819,4.3103,4.4246,4.5721,4.728,4.7019,4.7137,4.7152,4.7972,4.6691,4.2145,3.6174,2.9591,2.5806,2.6956,2.9611,3.1373,3.2095,3.2107,3.178,3.1506,3.1561,3.197,3.2592,4.2585,4.2663,4.2827,4.309,4.3425,4.3753,4.3957,4.3918,4.354,4.2752,4.1733,4.1712,4.2268,4.2717,4.4103,4.5298,4.6349,4.7461,4.8255,4.783,4.8404,4.7272,4.3409,3.9287,3.579,3.3844,3.3354,3.3279,3.304,3.2452,3.1439,3.0232,2.9457,2.956,3.0355,3.1408,4.2818,4.2914,4.3061,4.3254,4.3468,4.3653,4.3746,4.3688,4.3448,4.3054,4.2702,4.267,4.2663,4.2869,4.4205,4.5167,4.6512,4.9393,5.2036,4.9122,4.7385,4.5881,4.3393,4.0601,3.8547,3.7856,3.7288,3.573,3.405,3.2363,3.0166,2.761,2.6147,2.6706,2.8379,3.0142,4.297,4.3065,4.3188,4.3331,4.3476,4.3591,4.3646,4.3615,4.3498,4.3336,4.3223,4.3243,4.3395,4.3863,4.4661,4.4927,4.6344,4.9181,5.1109,4.9834,4.7763,4.5582,4.3298,4.0963,3.9542,4.0594,4.08,3.7015,3.4139,3.1885,2.8628,2.4226,2.1939,2.3605,2.6582,2.9137,4.3066,4.3153,4.3255,4.3366,4.3471,4.3555,4.3602,4.3604,4.357,4.3529,4.353,4.3621,4.3848,4.4265,4.4748,4.5038,4.616,4.815,5.0694,5.1631,4.8342,4.5683,4.3394,4.0926,3.9023,4.0408,4.0875,3.4923,3.2796,3.135,2.8125,2.2872,2.0173,2.2484,2.6024,2.885,4.3124,4.3202,4.3289,4.3378,4.3462,4.3532,4.3582,4.3609,4.3625,4.3648,4.3708,4.3835,4.4057,4.4383,4.4768,4.5224,4.6042,4.7385,4.9103,4.9484,4.7595,4.5883,4.417,4.1209,3.7214,3.248,2.5437,2.6842,3.048,3.1223,2.9389,2.5695,2.3473,2.4679,2.7185,2.9454,4.3155,4.3225,4.33,4.3376,4.3448,4.3512,4.3565,4.361,4.3653,4.3709,4.3794,4.3928,4.4125,4.4389,4.4715,4.5125,4.5696,4.6438,4.7121,4.7207,4.684,4.7258,4.6965,4.2899,3.6606,2.7956,1.822,2.3312,3.0576,3.2184,3.1341,2.9379,2.7911,2.8038,2.9216,3.0628,4.3168,4.3231,4.3297,4.3363,4.3427,4.3488,4.3543,4.3596,4.3653,4.3722,4.3814,4.394,4.4107,4.4318,4.4574,4.4881,4.5245,4.5634,4.5941,4.612,4.6692,4.8784,4.9551,4.4624,3.7923,3.126,2.7011,2.988,3.4118,3.3965,3.295,3.1795,3.0894,3.0694,3.1142,3.1915,4.3166,4.3223,4.3282,4.3341,4.34,4.3456,4.3512,4.3567,4.3628,4.3698,4.3785,4.3895,4.403,4.4191,4.4377,4.4584,4.48,4.5003,4.5169,4.5373,4.5948,4.7117,4.705,4.3725,3.8996,3.4761,3.2521,3.3236,3.4682,3.4446,3.3776,3.3141,3.2646,3.2466,3.264,3.3062]},{"header":{"la1":42.85,"la2":41.18,"lo1":11.55,"lo2":14.05,"nx":36,"ny":24,"dx":0.07143,"dy":0.07261,"parameterCategory":2,"parameterNumber":3,"parameterNumberName":"northward_wind","parameterUnit":"m.s-1"},"data":[0.3363,0.3489,0.3609,0.3719,0.3811,0.3874,0.3886,0.3818,0.365,0.3374,0.3006,0.2571,0.2091,0.1581,0.1045,0.0479,-0.0117,-0.0742,-0.1386,-0.202,-0.2583,-0.2987,-0.3156,-0.3078,-0.2807,-0.2428,-0.2012,-0.1605,-0.123,-0.0894,-0.06,-0.0344,-0.0122,0.007,0.0236,0.0379,0.3563,0.3727,0.3889,0.4047,0.4201,0.4337,0.4422,0.4405,0.4236,0.39,0.3432,0.2885,0.23,0.1697,0.107,0.041,-0.0296,-0.1059,-0.1881,-0.2745,-0.3567,-0.4169,-0.4373,-0.4152,-0.3649,-0.3037,-0.2431,-0.1882,-0.1405,-0.0998,-0.0654,-0.0363,-0.0117,0.0092,0.0269,0.042,0.3781,0.399,0.42,0.4415,0.4648,0.49,0.5126,0.5225,0.5074,0.4635,0.3993,0.3271,0.2546,0.1833,0.1114,0.0355,-0.0468,-0.138,-0.2414,-0.361,-0.4903,-0.5922,-0.6173,-0.5623,-0.468,-0.3701,-0.2838,-0.2121,-0.1536,-0.1058,-0.0668,-0.0347,-0.008,0.0141,0.0327,0.0482,0.4021,0.4287,0.4549,0.482,0.5142,0.5566,0.6067,0.6442,0.6364,0.5713,0.4731,0.3722,0.2811,0.1983,0.1176,0.0327,-0.0611,-0.1662,-0.2885,-0.449,-0.666,-0.866,-0.8935,-0.7565,-0.5817,-0.4321,-0.3161,-0.2275,-0.159,-0.1054,-0.0628,-0.0285,-0.0006,0.0222,0.0411,0.0567,0.429,0.4639,0.4966,0.5271,0.5649,0.6287,0.73,0.8364,0.8531,0.7351,0.5652,0.4184,0.3055,0.2129,0.1261,0.034,-0.0704,-0.1867,-0.3126,-0.4946,-0.8491,-1.2754,-1.2775,-0.9605,-0.6723,-0.47,-0.3295,-0.2285,-0.1537,-0.0967,-0.0523,-0.0172,0.0111,0.0339,0.0525,0.0678,0.4596,0.5093,0.5536,0.5837,0.6126,0.6877,0.8663,1.134,1.2277,0.9663,0.6559,0.4508,0.321,0.2245,0.1366,0.0419,-0.071,-0.2,-0.3059,-0.4307,-0.8572,-1.5095,-1.4695,-1.0172,-0.6797,-0.4613,-0.3144,-0.211,-0.1353,-0.0784,-0.0345,-0.0001,0.0273,0.0494,0.0671,0.0815,0.4919,0.5703,0.6466,0.6791,0.6642,0.7008,0.92,1.3937,1.6299,1.1248,0.6741,0.4466,0.3221,0.2312,0.1465,0.0568,-0.0544,-0.1974,-0.297,-0.3347,-0.6597,-1.0394,-1.0763,-0.83,-0.585,-0.4014,-0.2695,-0.1739,-0.1034,-0.0502,-0.0092,0.0229,0.0483,0.0687,0.085,0.098,0.5141,0.6386,0.8018,0.8805,0.7519,0.6548,0.7691,1.1017,1.2564,0.8774,0.5543,0.4011,0.3139,0.2321,0.1428,0.0634,-0.0175,-0.1437,-0.2813,-0.4206,-0.7336,-0.8392,-0.7591,-0.6123,-0.4495,-0.3096,-0.2014,-0.1202,-0.0593,-0.013,0.023,0.0513,0.0738,0.0918,0.106,0.1171,0.5004,0.6544,0.9425,1.1828,0.8294,0.5538,0.5205,0.574,0.5563,0.4398,0.3685,0.3478,0.3191,0.2329,0.082,-0.0062,0.007,-0.0473,-0.2162,-0.5661,-1.1685,-1.0762,-0.6903,-0.4677,-0.3181,-0.2045,-0.1185,-0.0541,-0.0056,0.0318,0.0612,0.0848,0.1036,0.1185,0.1302,0.139,0.4319,0.5285,0.6994,0.8094,0.4999,0.3585,0.3113,0.2424,0.1013,0.0488,0.196,0.3284,0.3781,0.2805,-0.1139,-0.339,-0.0055,0.0836,-0.0475,-0.3977,-0.8942,-0.8589,-0.5298,-0.3158,-0.1826,-0.0905,-0.0255,0.0208,0.0551,0.0822,0.1043,0.1224,0.1371,0.1487,0.1574,0.1636,0.3354,0.3308,0.2277,-0.1094,-0.0788,0.1544,0.1821,0.0922,-0.2225,-0.392,0.0802,0.3722,0.5349,0.5398,0.0727,-0.3,0.1491,0.2993,0.2336,-0.0,-0.2636,-0.3371,-0.2452,-0.1305,-0.0354,0.0331,0.0756,0.1012,0.1199,0.1361,0.1508,0.1636,0.1742,0.1823,0.1878,0.191,0.2572,0.2111,0.0789,-0.1408,-0.1033,0.0967,0.1448,0.1212,-0.0446,-0.16,0.1742,0.4761,0.7543,1.072,0.8485,0.5034,0.5078,0.6553,0.63,0.3559,0.1162,-0.0011,-0.0107,0.0409,0.1134,0.1662,0.1825,0.1831,0.1852,0.1915,0.1999,0.2081,0.2149,0.2195,0.2216,0.2213,0.2113,0.1728,0.1055,0.0403,0.0563,0.1189,0.1488,0.1668,0.1397,0.1336,0.3091,0.5932,0.8062,1.2442,1.0783,0.7606,0.7359,1.1252,1.1119,0.5687,0.2871,0.1597,0.1268,0.1656,0.2513,0.3049,0.2858,0.2581,0.2472,0.2472,0.2513,0.2562,0.2598,0.261,0.2592,0.2548,0.1856,0.1619,0.132,0.1105,0.1124,0.1281,0.1417,0.1535,0.1439,0.1516,0.2866,0.7019,0.8443,0.6576,0.7548,0.9396,0.8315,0.8684,0.8463,0.5092,0.3025,0.2106,0.1882,0.2328,0.3397,0.3982,0.3516,0.3156,0.305,0.3043,0.3067,0.3093,0.3102,0.3079,0.3017,0.2921,0.1679,0.1529,0.1368,0.1246,0.1195,0.1186,0.1175,0.11,0.0798,0.0226,0.002,0.142,0.2555,-0.0199,0.575,0.9723,0.7222,0.5952,0.4601,0.3191,0.244,0.2126,0.2036,0.2473,0.331,0.376,0.3685,0.3662,0.3681,0.3684,0.3688,0.3696,0.3685,0.3624,0.3503,0.3336,0.1526,0.1414,0.1295,0.1184,0.1085,0.0978,0.0819,0.0505,-0.0211,-0.19,-0.5236,-0.4273,-0.2067,0.0425,0.2903,0.5176,0.5553,0.3449,0.1587,0.1391,0.2646,0.2438,0.199,0.2453,0.328,0.3926,0.4343,0.4559,0.4556,0.446,0.4399,0.4396,0.4382,0.4277,0.4068,0.3798,0.138,0.128,0.1169,0.1047,0.0909,0.0731,0.0465,0.0009,-0.0848,-0.2515,-0.4973,-0.4143,-0.4892,-0.5357,-0.1097,0.0575,0.0607,-0.1621,-0.3561,-0.1384,0.2421,0.2151,0.165,0.2561,0.4083,0.5539,0.6333,0.628,0.5803,0.5366,0.5177,0.5212,0.5248,0.5083,0.4724,0.4293,0.1241,0.1141,0.1025,0.0888,0.0722,0.0503,0.0192,-0.0275,-0.0985,-0.1966,-0.2897,-0.3521,-0.5658,-0.6378,-0.5404,-0.558,-0.4604,-0.7991,-1.2607,-0.6602,-0.2102,-0.0284,0.0878,0.2897,0.5948,0.9244,1.0398,0.9013,0.7313,0.6246,0.5915,0.6144,0.6353,0.6063,0.5436,0.4775,0.1109,0.1006,0.0883,0.0735,0.0552,0.0317,0.0004,-0.0416,-0.0967,-0.1622,-0.231,-0.3116,-0.4332,-0.6227,-1.2478,-1.5369,-0.8472,-0.9105,-1.1618,-0.9725,-0.5899,-0.2634,-0.0063,0.3216,0.8358,1.5155,1.6706,1.2007,0.8542,0.6808,0.6415,0.7071,0.7588,0.7038,0.6035,0.5131,0.0989,0.0881,0.0752,0.0598,0.0409,0.0173,-0.0123,-0.0495,-0.0949,-0.1482,-0.2101,-0.2899,-0.4127,-0.6571,-1.1682,-1.3369,-0.8952,-0.8657,-1.2342,-1.4104,-0.8269,-0.431,-0.1324,0.2604,0.8585,1.6315,1.7982,1.2318,0.8681,0.675,0.6399,0.7382,0.8092,0.7373,0.6203,0.5219,0.088,0.0769,0.0637,0.0481,0.0292,0.0065,-0.0212,-0.0546,-0.0943,-0.1413,-0.1982,-0.2724,-0.3799,-0.5446,-0.7452,-0.8128,-0.7399,-0.7821,-1.0018,-1.0635,-0.7864,-0.5844,-0.3845,0.0271,0.6006,1.0901,1.2251,1.0753,0.7686,0.5804,0.5592,0.6446,0.706,0.664,0.5783,0.4985,0.0784,0.0672,0.054,0.0384,0.0201,-0.0016,-0.0273,-0.0576,-0.0932,-0.1352,-0.1858,-0.2491,-0.3304,-0.4297,-0.525,-0.5767,-0.5954,-0.6427,-0.7226,-0.7518,-0.7598,-0.9277,-0.9359,-0.38,0.3101,0.8749,1.2464,0.9997,0.4967,0.347,0.3979,0.4878,0.5459,0.5434,0.5031,0.4534,0.0701,0.0589,0.0459,0.0308,0.0132,-0.0073,-0.0311,-0.0586,-0.0905,-0.1276,-0.1712,-0.2226,-0.2824,-0.3471,-0.4064,-0.4505,-0.4845,-0.5241,-0.573,-0.6364,-0.806,-1.2309,-1.3717,-0.6844,0.0523,0.5576,0.7672,0.4592,-0.0436,0.0222,0.2195,0.3476,0.4157,0.437,0.4271,0.4022,0.0631,0.0521,0.0394,0.0248,0.0081,-0.011,-0.0328,-0.0578,-0.0862,-0.1185,-0.1553,-0.1966,-0.2417,-0.2879,-0.3308,-0.3676,-0.4005,-0.4353,-0.4796,-0.5538,-0.7111,-0.9619,-0.9925,-0.5746,-0.0718,0.2728,0.3731,0.1654,-0.1198,-0.0448,0.1406,0.2632,0.33,0.3595,0.3644,0.3549]}]