docs/data/wind_grid.json
[{"header":{"la1":42.85,"la2":41.18,"lo1":11.55,"lo2":14.05,"nx":36,"ny":24,"dx":0.07143,"dy":0.07261,"parameterCategory":2,"parameterNumber":2,"parameterNumberName":"eastward_wind","parameterUnit":"m.s-1"},"data":[-0.6355,-0.6394,-0.642,-0.6433,-0.6432,-0.6419,-0.6392,-0.6348,-0.6286,-0.6213,-0.6142,-0.609,-0.6073,-0.6096,-0.6156,-0.6238,-0.6312,-0.6343,-0.6294,-0.6149,-0.5933,-0.5699,-0.5503,-0.5369,-0.5286,-0.5229,-0.5178,-0.5125,-0.5066,-0.5005,-0.4943,-0.4884,-0.4828,-0.4776,-0.473,-0.4688,-0.6513,-0.6565,-0.6601,-0.6619,-0.6624,-0.6617,-0.6595,-0.6549,-0.6469,-0.6361,-0.6247,-0.6162,-0.613,-0.6167,-0.6268,-0.6416,-0.6566,-0.6652,-0.6599,-0.6365,-0.599,-0.5601,-0.5326,-0.5199,-0.5164,-0.5154,-0.5134,-0.5095,-0.5041,-0.498,-0.4916,-0.4854,-0.4796,-0.4743,-0.4696,-0.4654,-0.6699,-0.6771,-0.6819,-0.6845,-0.6856,-0.6864,-0.6864,-0.6833,-0.6735,-0.6568,-0.6377,-0.6228,-0.6167,-0.6217,-0.6378,-0.6629,-0.6917,-0.7127,-0.7097,-0.6694,-0.5977,-0.5259,-0.4878,-0.4848,-0.4956,-0.5048,-0.508,-0.5062,-0.5013,-0.4949,-0.4882,-0.4817,-0.4757,-0.4703,-0.4656,-0.4615,-0.6922,-0.7023,-0.7089,-0.712,-0.7134,-0.7165,-0.7225,-0.726,-0.7161,-0.6887,-0.6546,-0.6278,-0.6162,-0.6221,-0.646,-0.6869,-0.7401,-0.7896,-0.8002,-0.7312,-0.5819,-0.4328,-0.3862,-0.4227,-0.4678,-0.494,-0.5036,-0.5033,-0.4982,-0.4912,-0.4839,-0.4771,-0.4709,-0.4655,-0.4609,-0.457,-0.7191,-0.7341,-0.7437,-0.7467,-0.7462,-0.7511,-0.7699,-0.7947,-0.7915,-0.7411,-0.6758,-0.6286,-0.6084,-0.6146,-0.6471,-0.7084,-0.8014,-0.9138,-0.9804,-0.8777,-0.5618,-0.2251,-0.2002,-0.346,-0.4465,-0.49,-0.5027,-0.5015,-0.4948,-0.4866,-0.4785,-0.4713,-0.4651,-0.4598,-0.4555,-0.4519,-0.7511,-0.775,-0.7912,-0.7936,-0.7851,-0.7852,-0.8226,-0.9021,-0.9284,-0.8208,-0.6946,-0.6187,-0.5891,-0.5951,-0.6346,-0.7153,-0.8578,-1.0862,-1.3288,-1.2314,-0.6752,-0.0816,-0.0968,-0.3396,-0.4606,-0.5007,-0.5068,-0.5004,-0.4903,-0.4803,-0.4714,-0.464,-0.458,-0.4531,-0.4492,-0.4461,-0.787,-0.8266,-0.8591,-0.8648,-0.8365,-0.8108,-0.8481,-0.9961,-1.0808,-0.8751,-0.6821,-0.5875,-0.554,-0.5605,-0.6026,-0.6909,-0.8609,-1.1882,-1.6822,-1.626,-0.985,-0.5169,-0.4033,-0.4782,-0.5203,-0.5243,-0.5127,-0.4973,-0.483,-0.4711,-0.4619,-0.4548,-0.4494,-0.4453,-0.4422,-0.4397,-0.8211,-0.8831,-0.9499,-0.9764,-0.9116,-0.8278,-0.8092,-0.89,-0.9319,-0.7609,-0.6051,-0.5287,-0.5025,-0.5116,-0.5519,-0.6308,-0.7792,-1.0431,-1.3696,-1.3518,-1.1421,-0.9733,-0.7617,-0.6457,-0.5859,-0.5443,-0.512,-0.4877,-0.4701,-0.4578,-0.4494,-0.4435,-0.4394,-0.4365,-0.4344,-0.4329,-0.8429,-0.9214,-1.023,-1.0898,-0.9825,-0.8393,-0.7458,-0.6964,-0.6384,-0.5509,-0.4874,-0.4517,-0.4378,-0.4524,-0.4945,-0.5557,-0.6681,-0.8414,-1.0153,-1.1369,-1.3508,-1.2686,-0.9375,-0.7285,-0.6114,-0.5401,-0.4948,-0.4664,-0.4493,-0.4393,-0.4335,-0.4301,-0.4281,-0.4268,-0.4261,-0.4256,-0.8452,-0.9222,-1.0069,-1.0497,-0.986,-0.8442,-0.704,-0.5733,-0.4177,-0.3381,-0.368,-0.3723,-0.3602,-0.3807,-0.4585,-0.5059,-0.5953,-0.7486,-0.8862,-1.0244,-1.2142,-1.1575,-0.9008,-0.7045,-0.5783,-0.4992,-0.4531,-0.4293,-0.4189,-0.4152,-0.4145,-0.415,-0.4158,-0.4167,-0.4174,-0.4182,-0.8304,-0.9047,-0.9999,-1.1266,-1.0876,-0.8621,-0.7003,-0.5499,-0.2272,-0.0728,-0.2821,-0.3049,-0.2594,-0.2479,-0.3841,-0.4879,-0.5978,-0.7972,-0.9124,-0.9325,-0.9388,-0.8824,-0.7461,-0.603,-0.489,-0.4152,-0.3814,-0.3745,-0.3793,-0.3869,-0.3939,-0.3994,-0.4035,-0.4065,-0.4089,-0.4109,-0.8008,-0.8691,-0.9684,-1.0978,-1.0522,-0.8374,-0.7441,-0.7207,-0.458,-0.2417,-0.3025,-0.2604,-0.1439,0.0214,-0.1196,-0.402,-0.6959,-1.127,-1.2401,-1.0018,-0.8245,-0.7071,-0.5917,-0.4674,-0.3501,-0.2796,-0.275,-0.3037,-0.3344,-0.3578,-0.374,-0.3848,-0.3921,-0.3971,-0.4009,-0.4039,-0.7576,-0.8065,-0.8637,-0.9039,-0.8615,-0.7763,-0.7864,-0.9019,-0.758,-0.4823,-0.3404,-0.2415,-0.1334,0.1195,-0.0163,-0.4064,-0.7961,-1.8985,-1.9437,-1.1093,-0.7486,-0.5755,-0.456,-0.3262,-0.1688,-0.0825,-0.1391,-0.2294,-0.294,-0.334,-0.3584,-0.3732,-0.3826,-0.3888,-0.3934,-0.3973,-0.7082,-0.7361,-0.7595,-0.7645,-0.7409,-0.717,-0.7429,-0.8074,-0.7229,-0.4966,-0.344,-0.2346,-0.1917,-0.1108,-0.2669,-0.4966,-0.6903,-1.2911,-1.4175,-0.8953,-0.5692,-0.4122,-0.3278,-0.2193,-0.025,0.092,-0.0391,-0.1854,-0.2731,-0.3223,-0.3502,-0.3661,-0.3754,-0.3816,-0.3864,-0.3909,-0.6605,-0.6738,-0.6808,-0.6768,-0.6627,-0.6504,-0.6507,-0.6417,-0.5646,-0.4422,-0.357,-0.2951,-0.1933,-0.0212,-0.3445,-0.5456,-1.0342,-0.8192,-0.7323,-0.4924,-0.2417,-0.1674,-0.1931,-0.1739,-0.0661,0.0106,-0.0838,-0.204,-0.2819,-0.3267,-0.351,-0.3634,-0.3698,-0.3743,-0.379,-0.3842,-0.6182,-0.6227,-0.622,-0.6146,-0.6015,-0.5858,-0.5668,-0.5329,-0.4724,-0.4065,-0.3852,-0.3825,-0.3198,-0.2453,-0.3626,-0.6093,-0.8752,-0.6066,-0.3837,-0.1314,0.2196,0.1547,-0.0589,-0.1486,-0.1575,-0.1561,-0.2014,-0.2654,-0.3152,-0.3453,-0.3591,-0.3624,-0.3623,-0.3642,-0.3693,-0.3764,-0.5819,-0.5812,-0.5762,-0.5664,-0.5519,-0.5328,-0.5077,-0.4728,-0.4293,-0.3915,-0.3816,-0.3668,-0.3571,-0.3538,-0.3222,-0.3739,-0.3884,-0.2183,-0.0248,0.0739,0.3063,0.2254,-0.0029,-0.135,-0.2077,-0.256,-0.2978,-0.3344,-0.3612,-0.3734,-0.3698,-0.3565,-0.3457,-0.3459,-0.355,-0.3668,-0.551,-0.547,-0.5395,-0.5281,-0.5125,-0.4925,-0.4675,-0.4373,-0.4048,-0.3769,-0.358,-0.3419,-0.3468,-0.3277,-0.1714,-0.096,-0.0777,0.1767,0.4372,0.256,0.186,0.1134,-0.0145,-0.1429,-0.252,-0.3315,-0.375,-0.4014,-0.4155,-0.4087,-0.3779,-0.3343,-0.3074,-0.313,-0.3347,-0.3561,-0.5247,-0.5187,-0.5096,-0.4972,-0.4814,-0.4619,-0.4387,-0.4126,-0.3854,-0.3596,-0.3355,-0.3091,-0.2712,-0.1625,0.1641,0.3006,0.1101,0.2737,0.4667,0.5167,0.3231,0.1423,-0.0033,-0.1523,-0.3006,-0.3921,-0.4151,-0.4652,-0.4847,-0.4562,-0.3847,-0.29,-0.2431,-0.2698,-0.3147,-0.3487,-0.5024,-0.4949,-0.485,-0.4722,-0.4566,-0.438,-0.4167,-0.3931,-0.3681,-0.342,-0.3133,-0.2762,-0.2152,-0.0884,0.1496,0.238,0.1563,0.3199,0.794,1.0078,0.4987,0.2238,0.0544,-0.1319,-0.3346,-0.4312,-0.445,-0.5856,-0.5938,-0.5309,-0.4173,-0.2739,-0.2108,-0.2547,-0.3129,-0.3517,-0.4832,-0.475,-0.4646,-0.4518,-0.4366,-0.4189,-0.399,-0.3769,-0.3528,-0.3262,-0.295,-0.2543,-0.1947,-0.1045,0.005,0.0726,0.126,0.2875,0.5786,0.6759,0.4565,0.3249,0.2122,-0.0316,-0.3508,-0.6554,-0.9644,-0.9084,-0.753,-0.6449,-0.5117,-0.3637,-0.2894,-0.3048,-0.3417,-0.369,-0.4669,-0.4581,-0.4475,-0.4349,-0.4202,-0.4034,-0.3845,-0.3635,-0.3401,-0.3137,-0.2826,-0.2437,-0.1933,-0.1301,-0.0614,0.0026,0.0764,0.1884,0.3191,0.387,0.4259,0.5906,0.6148,0.2075,-0.3005,-0.8054,-1.246,-1.0758,-0.889,-0.7969,-0.651,-0.504,-0.4145,-0.3871,-0.3886,-0.3957,-0.4528,-0.4439,-0.4332,-0.4209,-0.4067,-0.3906,-0.3726,-0.3526,-0.3302,-0.3048,-0.2752,-0.2401,-0.1979,-0.1491,-0.0958,-0.0391,0.0262,0.1053,0.1913,0.2841,0.4605,0.8356,0.9549,0.4075,-0.1855,-0.6429,-0.9154,-0.9587,-1.0424,-0.9708,-0.7762,-0.6128,-0.5096,-0.4564,-0.4327,-0.4227,-0.4408,-0.4318,-0.4212,-0.4092,-0.3955,-0.3802,-0.3631,-0.3441,-0.3228,-0.2989,-0.2717,-0.2404,-0.2045,-0.1642,-0.12,-0.0717,-0.0176,0.0442,0.1157,0.2112,0.3729,0.6032,0.6364,0.2919,-0.1396,-0.4864,-0.7223,-0.9016,-1.0599,-0.9933,-0.8097,-0.6584,-0.5583,-0.4978,-0.4632,-0.4434]},{"header":{"la1":42.85,"la2":41.18,"lo1":11.55,"lo2":14.05,"nx":36,"ny":24,"dx":0.07143,"dy":0.07261,"parameterCategory":2,"parameterNumber":3,"parameterNumberName":"northward_wind","parameterUnit":"m.s-1"},"data":[-0.2405,-0.2256,-0.2081,-0.1881,-0.1666,-0.1455,-0.128,-0.1173,-0.1158,-0.1233,-0.1367,-0.1518,-0.1644,-0.172,-0.1733,-0.1686,-0.1589,-0.1459,-0.1316,-0.1181,-0.1073,-0.1013,-0.1015,-0.1082,-0.1201,-0.1351,-0.1515,-0.1681,-0.1844,-0.1999,-0.2145,-0.2283,-0.2412,-0.2532,-0.2644,-0.2747,-0.2413,-0.224,-0.2025,-0.1764,-0.1461,-0.1144,-0.0862,-0.0684,-0.0667,-0.0812,-0.106,-0.1328,-0.1545,-0.1673,-0.1701,-0.1637,-0.1498,-0.1312,-0.1109,-0.0914,-0.0752,-0.0658,-0.0662,-0.0769,-0.0947,-0.1158,-0.1374,-0.1582,-0.1777,-0.1957,-0.2124,-0.2278,-0.242,-0.2552,-0.2673,-0.2784,-0.2447,-0.2255,-0.1998,-0.1661,-0.1233,-0.0737,-0.0252,0.0081,0.012,-0.0159,-0.0624,-0.1096,-0.1456,-0.1659,-0.1705,-0.1611,-0.1408,-0.1139,-0.0853,-0.0579,-0.0336,-0.0175,-0.0183,-0.0369,-0.0651,-0.0953,-0.1237,-0.1493,-0.1723,-0.1929,-0.2116,-0.2286,-0.2442,-0.2585,-0.2715,-0.2833,-0.2517,-0.2317,-0.203,-0.1611,-0.1017,-0.0233,0.0651,0.1349,0.1468,0.0903,0.0001,-0.0831,-0.1407,-0.1708,-0.1767,-0.1624,-0.132,-0.0923,-0.0526,-0.0174,0.0184,0.0492,0.0477,0.0121,-0.0338,-0.0761,-0.1121,-0.1426,-0.1689,-0.192,-0.2126,-0.2312,-0.248,-0.2633,-0.2773,-0.2898,-0.2629,-0.2446,-0.2158,-0.1685,-0.0907,0.0301,0.1947,0.3549,0.3946,0.2674,0.084,-0.0593,-0.1456,-0.1861,-0.1923,-0.1705,-0.1246,-0.0628,-0.0059,0.0297,0.0722,0.1343,0.1296,0.0607,-0.0084,-0.0627,-0.1052,-0.1397,-0.1686,-0.1936,-0.2158,-0.2357,-0.2538,-0.2701,-0.2849,-0.2981,-0.2783,-0.2652,-0.2423,-0.1972,-0.1076,0.06,0.3468,0.7195,0.8506,0.5346,0.1676,-0.0562,-0.1694,-0.217,-0.2218,-0.191,-0.1243,-0.0238,0.0737,0.0919,0.0994,0.1777,0.1682,0.0774,-0.0014,-0.0602,-0.1053,-0.1415,-0.1718,-0.1981,-0.2215,-0.2426,-0.2617,-0.2791,-0.2947,-0.3085,-0.2961,-0.2919,-0.2832,-0.2536,-0.1695,0.0174,0.3975,1.0484,1.3559,0.7212,0.1643,-0.1027,-0.2208,-0.2672,-0.2699,-0.233,-0.149,-0.0073,0.1587,0.1566,0.0995,0.1161,0.106,0.0476,-0.0159,-0.0693,-0.1126,-0.1482,-0.1787,-0.2056,-0.2299,-0.2521,-0.2723,-0.2907,-0.307,-0.3214,-0.3125,-0.3182,-0.3315,-0.3313,-0.2657,-0.1117,0.1828,0.6674,0.8795,0.4023,-0.0118,-0.2094,-0.2982,-0.3362,-0.3412,-0.3061,-0.2174,-0.0777,0.0661,0.1026,0.1286,0.1247,0.0719,0.0152,-0.0389,-0.0859,-0.1255,-0.1592,-0.1889,-0.216,-0.2411,-0.2644,-0.2859,-0.3053,-0.3226,-0.3374,-0.3229,-0.3323,-0.3631,-0.3953,-0.3337,-0.2478,-0.1373,-0.0075,0.0049,-0.138,-0.2667,-0.3415,-0.386,-0.4165,-0.4409,-0.4222,-0.3201,-0.1853,-0.0579,0.0718,0.2602,0.225,0.0798,-0.0068,-0.0631,-0.1063,-0.1419,-0.173,-0.2016,-0.2289,-0.255,-0.2799,-0.303,-0.3238,-0.3419,-0.3573,-0.3264,-0.3255,-0.3342,-0.3425,-0.3096,-0.3349,-0.3761,-0.4156,-0.486,-0.5222,-0.4757,-0.4553,-0.4668,-0.4932,-0.5655,-0.6045,-0.4196,-0.2634,-0.1413,0.0012,0.1687,0.1547,0.0385,-0.0404,-0.0912,-0.1288,-0.1597,-0.188,-0.2157,-0.2437,-0.2718,-0.299,-0.3244,-0.347,-0.3663,-0.3818,-0.3289,-0.3118,-0.2672,-0.1625,-0.1936,-0.3929,-0.5639,-0.6623,-0.7292,-0.7673,-0.6003,-0.5317,-0.5407,-0.5663,-0.5884,-0.6157,-0.4181,-0.2913,-0.209,-0.1158,-0.0286,-0.0074,-0.0419,-0.0849,-0.1217,-0.1514,-0.1768,-0.2021,-0.2299,-0.2603,-0.2918,-0.3229,-0.3517,-0.3768,-0.3971,-0.4126,-0.3386,-0.3185,-0.2684,-0.1792,-0.2305,-0.5004,-0.7784,-0.9473,-0.8293,-0.7382,-0.6199,-0.5738,-0.6165,-0.7358,-0.6278,-0.4373,-0.3202,-0.3013,-0.2802,-0.1948,-0.1237,-0.0924,-0.0964,-0.1199,-0.1481,-0.171,-0.1901,-0.2132,-0.2432,-0.2785,-0.3162,-0.3535,-0.3873,-0.4155,-0.4369,-0.4515,-0.3567,-0.3488,-0.3343,-0.3328,-0.4184,-0.6304,-0.9225,-1.2713,-0.9691,-0.7211,-0.6059,-0.6193,-0.6408,-0.8034,-0.65,-0.2531,-0.1704,-0.3968,-0.4085,-0.2225,-0.1374,-0.1049,-0.1086,-0.1353,-0.168,-0.1865,-0.1971,-0.2196,-0.2554,-0.2995,-0.3474,-0.3943,-0.4354,-0.4676,-0.4893,-0.5012,-0.3771,-0.3829,-0.3955,-0.4306,-0.5142,-0.6584,-0.8401,-0.956,-0.8713,-0.6561,-0.5625,-0.6941,-0.7279,-0.4163,-0.2478,0.1565,0.1323,-0.1521,-0.2543,-0.1523,-0.0753,-0.0509,-0.0786,-0.1299,-0.1804,-0.1974,-0.1983,-0.223,-0.2684,-0.3264,-0.3899,-0.4514,-0.5031,-0.5395,-0.5594,-0.5653,-0.3937,-0.407,-0.4292,-0.4676,-0.5296,-0.6134,-0.698,-0.7328,-0.6597,-0.5234,-0.441,-0.451,-0.3948,-0.2093,-0.0815,0.2889,0.7456,0.1906,-0.0443,-0.0206,0.105,0.1098,0.0015,-0.0983,-0.1643,-0.1886,-0.1952,-0.2259,-0.2844,-0.3628,-0.4509,-0.5355,-0.6025,-0.6423,-0.655,-0.6479,-0.404,-0.4192,-0.4409,-0.4714,-0.511,-0.5535,-0.5834,-0.5759,-0.5124,-0.4007,-0.2656,-0.3068,-0.328,-0.2802,-0.1265,0.2095,0.5308,0.146,-0.0468,0.0984,0.5345,0.4318,0.1076,-0.0551,-0.1239,-0.1517,-0.1721,-0.2176,-0.2997,-0.4117,-0.5405,-0.6643,-0.7541,-0.7925,-0.7855,-0.7525,-0.4085,-0.4223,-0.4399,-0.4613,-0.4842,-0.5034,-0.5094,-0.4912,-0.4426,-0.3644,-0.2756,-0.3134,-0.393,-0.4092,-0.255,-0.1085,-0.053,-0.2022,-0.3067,-0.0222,0.5873,0.46,0.1036,-0.0449,-0.0789,-0.0719,-0.089,-0.1689,-0.3024,-0.4733,-0.6721,-0.8663,-0.9919,-1.0129,-0.9589,-0.8782,-0.4089,-0.4202,-0.4333,-0.4471,-0.4597,-0.4671,-0.4647,-0.4481,-0.4168,-0.3776,-0.3501,-0.3619,-0.4203,-0.4336,-0.387,-0.3642,-0.3485,-0.5829,-0.8813,-0.4181,-0.0342,0.0456,-0.0398,-0.0748,-0.0088,0.1216,0.1357,-0.0455,-0.2861,-0.5458,-0.8533,-1.1744,-1.3551,-1.3163,-1.1664,-1.0116,-0.4068,-0.4156,-0.4248,-0.4334,-0.44,-0.4422,-0.4377,-0.4254,-0.4067,-0.3869,-0.3751,-0.3793,-0.3989,-0.4327,-0.5667,-0.6323,-0.4851,-0.6021,-0.7414,-0.5048,-0.3266,-0.2234,-0.19,-0.1265,0.081,0.497,0.5864,0.1124,-0.2853,-0.622,-1.0449,-1.5496,-1.7988,-1.6369,-1.3529,-1.1188,-0.4034,-0.41,-0.4164,-0.4218,-0.4251,-0.4251,-0.4209,-0.4124,-0.4012,-0.3904,-0.3846,-0.3876,-0.4034,-0.4476,-0.5546,-0.591,-0.4975,-0.4986,-0.4978,-0.4835,-0.4264,-0.3736,-0.3316,-0.2328,0.0126,0.5282,0.6468,-0.0206,-0.3882,-0.6863,-1.1171,-1.6998,-1.9806,-1.7532,-1.4157,-1.1564,-0.3997,-0.4046,-0.409,-0.4123,-0.4139,-0.4132,-0.4099,-0.4042,-0.3974,-0.3914,-0.3887,-0.392,-0.4045,-0.4315,-0.4692,-0.4814,-0.4649,-0.4644,-0.4742,-0.477,-0.4878,-0.5303,-0.5295,-0.4251,-0.2804,-0.2494,-0.5705,-0.5847,-0.5882,-0.7335,-1.0159,-1.4239,-1.6561,-1.5457,-1.3144,-1.1107,-0.396,-0.3996,-0.4027,-0.4049,-0.4057,-0.4049,-0.4025,-0.3988,-0.3946,-0.3913,-0.3903,-0.3933,-0.4017,-0.4158,-0.4314,-0.4403,-0.4439,-0.4529,-0.4711,-0.5072,-0.6073,-0.802,-0.8582,-0.6628,-0.5272,-0.6475,-0.9695,-0.8336,-0.7432,-0.7813,-0.8927,-1.0917,-1.2411,-1.2376,-1.1359,-1.0144,-0.3926,-0.3954,-0.3976,-0.3991,-0.3995,-0.3989,-0.3973,-0.395,-0.3926,-0.3909,-0.3908,-0.3933,-0.3989,-0.4073,-0.4167,-0.4257,-0.436,-0.4527,-0.4841,-0.5517,-0.7116,-1.0012,-1.0855,-0.8106,-0.6384,-0.6664,-0.7688,-0.7941,-0.8584,-0.8413,-0.8366,-0.908,-0.9859,-1.0081,-0.9736,-0.911,-0.3896,-0.3918,-0.3935,-0.3946,-0.3949,-0.3946,-0.3936,-0.3923,-0.391,-0.3904,-0.3909,-0.3932,-0.3974,-0.4037,-0.4115,-0.4212,-0.4345,-0.4558,-0.4933,-0.5639,-0.6937,-0.8663,-0.9095,-0.7702,-0.6596,-0.6521,-0.7039,-0.785,-0.871,-0.8479,-0.8096,-0.821,-0.8518,-0.8671,-0.8553,-0.8232]}]