docs/data/wind_grid.json
{"header": {"la1":42.1,"la2":41.55,"lo1":12.1,"lo2":12.95,"nx":50,"ny":50,"dx":0.01735,"dy":0.01122,"parameterCategory":2,"parameterNumber":2,"parameterNumberName":"eastward_wind","parameterUnit":"m.s-1"}, "data":
[rows 0 to 39 of 50, columns 0 to 49 of 50]
0.5572,0.747,0.9273,1.0628,1.1193,1.0797,0.9532,0.7692,0.5622,0.3595,0.1771,0.0215,-0.1068,-0.2106,-0.2937,-0.3599,-0.4125,-0.4544,-0.4876,-0.514,-0.5352,-0.5532,-0.5703,-0.5891,-0.6118,-0.6402,-0.6755,-0.718,-0.768,-0.8255,-0.8904,-0.9625,-1.0413,-1.1261,-1.2151,-1.3059,-1.3953,-1.4792,-1.5532,-1.6136,-1.6575,-1.6837,-1.6926,-1.6863,-1.6674,-1.6388,-1.6037,-1.5644,-1.523,-1.4809
0.5047,0.6986,0.8842,1.0241,1.0822,1.0419,0.9142,0.7299,0.5242,0.3241,0.1451,-0.0067,-0.1311,-0.231,-0.3105,-0.3735,-0.4232,-0.4625,-0.4932,-0.517,-0.5355,-0.5505,-0.5649,-0.5814,-0.603,-0.6315,-0.6678,-0.7123,-0.765,-0.8258,-0.8949,-0.972,-1.057,-1.1489,-1.2462,-1.3463,-1.4454,-1.5385,-1.6204,-1.6864,-1.7329,-1.7586,-1.7645,-1.7529,-1.7275,-1.6919,-1.6498,-1.6039,-1.5566,-1.5093
0.4271,0.6186,0.803,0.942,0.9999,0.9616,0.8389,0.6623,0.4655,0.2742,0.1034,-0.0411,-0.1593,-0.2538,-0.3287,-0.3877,-0.4341,-0.4704,-0.4985,-0.5195,-0.535,-0.5468,-0.5579,-0.5721,-0.5926,-0.6213,-0.659,-0.7058,-0.7614,-0.8259,-0.8993,-0.9816,-1.0729,-1.1726,-1.2789,-1.3893,-1.4992,-1.6029,-1.6938,-1.7661,-1.8153,-1.8401,-1.8418,-1.8238,-1.7906,-1.747,-1.6969,-1.6438,-1.59,-1.5371
0.3258,0.5085,0.6857,0.8195,0.8764,0.8433,0.732,0.5704,0.3893,0.2124,0.0539,-0.0806,-0.1905,-0.2783,-0.3476,-0.402,-0.4446,-0.4779,-0.5032,-0.5214,-0.5337,-0.5418,-0.5495,-0.5611,-0.5806,-0.61,-0.6496,-0.699,-0.7578,-0.8259,-0.9037,-0.9913,-1.0892,-1.1968,-1.3129,-1.4345,-1.5566,-1.6723,-1.7736,-1.8529,-1.905,-1.9282,-1.9246,-1.8987,-1.8564,-1.8034,-1.7445,-1.6835,-1.6227,-1.564
0.2046,0.3738,0.5393,0.6656,0.722,0.6975,0.6025,0.4614,0.3009,0.1423,-0.0011,-0.1234,-0.2236,-0.3036,-0.3666,-0.416,-0.4547,-0.4848,-0.5073,-0.5227,-0.5316,-0.5358,-0.5396,-0.5485,-0.5674,-0.598,-0.6399,-0.6923,-0.7543,-0.8262,-0.9082,-1.0011,-1.1055,-1.2213,-1.3476,-1.4813,-1.617,-1.7464,-1.8595,-1.9468,-2.0018,-2.0226,-2.0122,-1.9769,-1.924,-1.8604,-1.7919,-1.7223,-1.6543,-1.5895
0.0699,0.2228,0.3751,0.4935,0.5509,0.5373,0.4616,0.3437,0.2061,0.0679,-0.0588,-0.1677,-0.2573,-0.3289,-0.3852,-0.4294,-0.4639,-0.4908,-0.5108,-0.5236,-0.5291,-0.5291,-0.5285,-0.5348,-0.5536,-0.586,-0.6308,-0.6863,-0.7517,-0.827,-0.9131,-1.0109,-1.1216,-1.2456,-1.3824,-1.5291,-1.6796,-1.8243,-1.9508,-2.0471,-2.1049,-2.1223,-2.1037,-2.0572,-1.9922,-1.917,-1.8379,-1.7593,-1.6839,-1.613
-0.0704,0.0659,0.2056,0.3176,0.3774,0.3759,0.3198,0.225,0.1106,-0.0071,-0.1167,-0.2119,-0.2906,-0.3535,-0.4029,-0.4416,-0.4721,-0.496,-0.5136,-0.5242,-0.5266,-0.5223,-0.5173,-0.5211,-0.5404,-0.5754,-0.6234,-0.6819,-0.7502,-0.8287,-0.9184,-1.0208,-1.1373,-1.2692,-1.4164,-1.5764,-1.7429,-1.9044,-2.046,-2.1523,-2.2129,-2.2259,-2.1973,-2.138,-2.0595,-1.9717,-1.8816,-1.7938,-1.7108,-1.6339
-0.2076,-0.0864,0.0427,0.1502,0.2133,0.2234,0.1853,0.1119,0.0189,-0.0794,-0.1726,-0.2544,-0.3224,-0.3766,-0.4191,-0.4524,-0.4788,-0.5,-0.5158,-0.5248,-0.5248,-0.5166,-0.5073,-0.5092,-0.5298,-0.5677,-0.6187,-0.6798,-0.7506,-0.8316,-0.9243,-1.0305,-1.1521,-1.2911,-1.4483,-1.6216,-1.8046,-1.9844,-2.1425,-2.2597,-2.3231,-2.3306,-2.2905,-2.2168,-2.1238,-2.0228,-1.9215,-1.8246,-1.7344,-1.6517
-0.3339,-0.2252,-0.1045,-0.0001,0.0663,0.0863,0.0635,0.0083,-0.0659,-0.1468,-0.2249,-0.2942,-0.3519,-0.3977,-0.4334,-0.4612,-0.4838,-0.5027,-0.5174,-0.5257,-0.5245,-0.5136,-0.5012,-0.5021,-0.5243,-0.5647,-0.6179,-0.6808,-0.7531,-0.836,-0.9309,-1.04,-1.1658,-1.3107,-1.4766,-1.6625,-1.862,-2.0605,-2.2363,-2.3653,-2.4313,-2.4323,-2.3795,-2.2905,-2.1825,-2.0682,-1.9561,-1.8505,-1.7535,-1.6657
-0.4426,-0.3439,-0.23,-0.1285,-0.0599,-0.0324,-0.0433,-0.0836,-0.1421,-0.208,-0.2727,-0.3305,-0.3785,-0.4163,-0.4452,-0.4677,-0.4866,-0.5036,-0.5181,-0.5271,-0.5264,-0.5151,-0.5018,-0.5027,-0.5262,-0.5679,-0.6217,-0.685,-0.758,-0.8418,-0.9381,-1.0492,-1.1778,-1.3271,-1.5,-1.6966,-1.9112,-2.1283,-2.3219,-2.4631,-2.5316,-2.5255,-2.4595,-2.3552,-2.2325,-2.1059,-1.9838,-1.8704,-1.7676,-1.6753
-0.5292,-0.439,-0.3314,-0.2334,-0.1646,-0.1324,-0.1345,-0.1633,-0.2091,-0.2623,-0.3153,-0.3628,-0.4019,-0.4319,-0.4542,-0.4713,-0.4867,-0.5024,-0.5176,-0.5287,-0.5307,-0.5221,-0.5108,-0.5131,-0.5367,-0.5774,-0.63,-0.6924,-0.765,-0.849,-0.946,-1.0579,-1.1878,-1.3395,-1.5167,-1.7213,-1.9484,-2.1819,-2.3925,-2.5453,-2.6163,-2.6034,-2.5249,-2.4065,-2.2708,-2.1334,-2.0029,-1.8832,-1.7757,-1.6799
-0.592,-0.5094,-0.4088,-0.316,-0.2491,-0.2149,-0.2113,-0.2316,-0.2672,-0.3099,-0.3528,-0.3911,-0.4219,-0.4445,-0.4599,-0.4714,-0.4831,-0.4981,-0.5154,-0.5301,-0.5368,-0.5335,-0.5273,-0.5317,-0.5541,-0.592,-0.6418,-0.7023,-0.7739,-0.8575,-0.9544,-1.0662,-1.1958,-1.3473,-1.5257,-1.7341,-1.9694,-2.2155,-2.4401,-2.6033,-2.6767,-2.6583,-2.5695,-2.4398,-2.2941,-2.1486,-2.012,-1.888,-1.7772,-1.6791
-0.6315,-0.5564,-0.4642,-0.3785,-0.3158,-0.282,-0.2753,-0.2894,-0.3172,-0.3512,-0.3855,-0.4156,-0.4387,-0.4539,-0.4623,-0.4675,-0.4752,-0.4899,-0.5107,-0.5308,-0.5434,-0.547,-0.5471,-0.5541,-0.5748,-0.609,-0.6555,-0.7138,-0.7841,-0.8671,-0.9633,-1.074,-1.2017,-1.3506,-1.5262,-1.7335,-1.9711,-2.2237,-2.4574,-2.6283,-2.7041,-2.6827,-2.5877,-2.4512,-2.2997,-2.1499,-2.0101,-1.8839,-1.7716,-1.6726
-0.6504,-0.5834,-0.5011,-0.4243,-0.3677,-0.3363,-0.3283,-0.3384,-0.3601,-0.387,-0.4139,-0.4367,-0.4525,-0.4604,-0.4613,-0.4592,-0.462,-0.477,-0.5033,-0.5307,-0.55,-0.5601,-0.5659,-0.5753,-0.5944,-0.6256,-0.6693,-0.7257,-0.7951,-0.8774,-0.9729,-1.0818,-1.2061,-1.3497,-1.5186,-1.7192,-1.952,-2.2033,-2.4394,-2.6138,-2.6922,-2.6712,-2.5755,-2.4381,-2.2861,-2.1361,-1.9965,-1.8706,-1.7587,-1.6601
-0.6532,-0.5948,-0.5234,-0.4569,-0.4078,-0.3802,-0.3725,-0.38,-0.397,-0.4182,-0.4388,-0.455,-0.4642,-0.4649,-0.4577,-0.447,-0.4436,-0.4594,-0.4936,-0.5302,-0.5565,-0.5714,-0.5807,-0.5916,-0.6101,-0.6396,-0.6818,-0.7373,-0.8063,-0.8886,-0.9834,-1.0902,-1.2098,-1.3457,-1.5041,-1.6923,-1.9129,-2.1544,-2.3847,-2.5579,-2.6384,-2.6218,-2.5316,-2.3997,-2.2528,-2.1071,-1.9711,-1.848,-1.7385,-1.6418
-0.6448,-0.5952,-0.5353,-0.4798,-0.4389,-0.416,-0.4095,-0.4155,-0.4292,-0.4457,-0.461,-0.4716,-0.4747,-0.4686,-0.4531,-0.433,-0.422,-0.4388,-0.4833,-0.531,-0.5635,-0.5807,-0.5907,-0.602,-0.6207,-0.6502,-0.6923,-0.7481,-0.8178,-0.9007,-0.9952,-1.0998,-1.214,-1.3403,-1.4848,-1.6557,-1.8572,-2.0807,-2.2974,-2.464,-2.546,-2.5372,-2.4579,-2.3376,-2.2009,-2.0637,-1.9344,-1.8166,-1.7112,-1.6177
-0.6303,-0.5894,-0.5408,-0.4961,-0.4635,-0.4456,-0.4411,-0.4465,-0.4576,-0.4705,-0.4814,-0.4872,-0.4852,-0.4732,-0.4505,-0.4215,-0.4029,-0.4207,-0.4763,-0.5346,-0.5715,-0.5882,-0.5962,-0.6072,-0.6268,-0.6575,-0.7009,-0.7582,-0.8295,-0.914,-1.0091,-1.1118,-1.2203,-1.3357,-1.4639,-1.6135,-1.7905,-1.9894,-2.1858,-2.3411,-2.4231,-2.4241,-2.3598,-2.2554,-2.133,-2.0076,-1.8876,-1.7771,-1.6773,-1.5882
-0.6137,-0.581,-0.5429,-0.5084,-0.4837,-0.4708,-0.4685,-0.4738,-0.4832,-0.4933,-0.5008,-0.5029,-0.497,-0.4807,-0.453,-0.4185,-0.3954,-0.4147,-0.4778,-0.5421,-0.5798,-0.5933,-0.5981,-0.6087,-0.6299,-0.6626,-0.7081,-0.7677,-0.8418,-0.9288,-1.0256,-1.1274,-1.2305,-1.3347,-1.445,-1.5707,-1.7198,-1.8898,-2.0611,-2.2013,-2.2815,-2.2923,-2.2445,-2.1583,-2.0525,-1.9411,-1.8323,-1.7305,-1.6375,-1.5538
-0.598,-0.5727,-0.544,-0.5186,-0.5011,-0.4929,-0.4929,-0.4985,-0.5069,-0.5149,-0.5199,-0.5194,-0.511,-0.4926,-0.4636,-0.4289,-0.4073,-0.4283,-0.4908,-0.5523,-0.5864,-0.5955,-0.5977,-0.6089,-0.632,-0.6668,-0.7147,-0.7773,-0.8548,-0.9457,-1.0455,-1.1479,-1.2467,-1.3398,-1.4318,-1.5326,-1.652,-1.791,-1.935,-2.0575,-2.1334,-2.1522,-2.1201,-2.0519,-1.9635,-1.8668,-1.7701,-1.678,-1.5926,-1.515
-0.585,-0.5662,-0.5456,-0.5281,-0.5169,-0.5129,-0.5151,-0.5214,-0.5292,-0.5359,-0.5394,-0.5374,-0.528,-0.5097,-0.4827,-0.4529,-0.4377,-0.4591,-0.5126,-0.5632,-0.5901,-0.5959,-0.5977,-0.6103,-0.6346,-0.671,-0.7213,-0.7871,-0.869,-0.9649,-1.0695,-1.1743,-1.2705,-1.3538,-1.4277,-1.5035,-1.5933,-1.7011,-1.8171,-1.9202,-1.9891,-2.0129,-1.9937,-1.9419,-1.8697,-1.7876,-1.703,-1.6208,-1.5435,-1.4724
-0.5756,-0.5624,-0.5485,-0.5376,-0.5317,-0.5315,-0.5358,-0.5429,-0.5506,-0.5568,-0.5595,-0.5571,-0.548,-0.5315,-0.5088,-0.4862,-0.4777,-0.497,-0.5372,-0.5739,-0.5928,-0.5973,-0.6008,-0.614,-0.6385,-0.6759,-0.7282,-0.7975,-0.8842,-0.9864,-1.0977,-1.2073,-1.3034,-1.3785,-1.4355,-1.487,-1.5479,-1.6254,-1.7138,-1.7966,-1.856,-1.8811,-1.8712,-1.8326,-1.7745,-1.7056,-1.6327,-1.5602,-1.491,-1.4266
-0.5698,-0.5613,-0.5531,-0.5475,-0.5461,-0.5491,-0.5555,-0.5636,-0.5716,-0.5778,-0.5805,-0.5784,-0.5706,-0.557,-0.5393,-0.5233,-0.5189,-0.5335,-0.5607,-0.5847,-0.5971,-0.6012,-0.606,-0.6187,-0.643,-0.6812,-0.7357,-0.8084,-0.9004,-1.0097,-1.1294,-1.2466,-1.3453,-1.4146,-1.4562,-1.4846,-1.5178,-1.5665,-1.6281,-1.6903,-1.738,-1.7608,-1.756,-1.7271,-1.6804,-1.623,-1.5604,-1.4971,-1.4358,-1.3781
-0.5673,-0.5629,-0.5592,-0.5581,-0.5604,-0.5661,-0.5743,-0.5836,-0.5923,-0.5989,-0.6021,-0.6011,-0.5952,-0.5849,-0.5717,-0.5603,-0.5569,-0.5655,-0.5814,-0.5953,-0.6017,-0.6036,-0.6083,-0.6218,-0.6472,-0.687,-0.7437,-0.8198,-0.917,-1.0339,-1.1633,-1.2901,-1.3943,-1.4603,-1.4885,-1.4953,-1.5025,-1.5239,-1.5601,-1.6016,-1.6359,-1.6533,-1.65,-1.6271,-1.589,-1.5409,-1.4875,-1.4325,-1.3786,-1.3275
-0.5677,-0.5666,-0.5667,-0.5692,-0.5745,-0.5827,-0.5926,-0.6032,-0.6129,-0.6203,-0.6244,-0.6247,-0.621,-0.6138,-0.6045,-0.5957,-0.5912,-0.5933,-0.5996,-0.6045,-0.6044,-0.6014,-0.606,-0.6228,-0.6511,-0.6931,-0.752,-0.8311,-0.933,-1.0571,-1.1964,-1.3341,-1.4458,-1.511,-1.528,-1.5153,-1.4987,-1.495,-1.5072,-1.5286,-1.5484,-1.5581,-1.5531,-1.5333,-1.501,-1.4602,-1.4144,-1.3669,-1.32,-1.2751
-0.5704,-0.5721,-0.5752,-0.5806,-0.5885,-0.5987,-0.6104,-0.6223,-0.6332,-0.6417,-0.647,-0.6487,-0.6471,-0.6429,-0.6368,-0.6294,-0.6227,-0.6184,-0.616,-0.6128,-0.606,-0.599,-0.6042,-0.6243,-0.6558,-0.7,-0.7607,-0.842,-0.9473,-1.0771,-1.2248,-1.3727,-1.4924,-1.5586,-1.5671,-1.5382,-1.501,-1.4749,-1.4654,-1.4676,-1.4728,-1.4733,-1.4645,-1.4452,-1.4165,-1.3811,-1.3416,-1.3007,-1.2601,-1.2212
-0.5748,-0.5788,-0.5844,-0.5921,-0.6022,-0.6142,-0.6275,-0.641,-0.6532,-0.6631,-0.6695,-0.6725,-0.6728,-0.6713,-0.6681,-0.662,-0.6529,-0.6425,-0.6325,-0.6223,-0.6107,-0.6024,-0.6082,-0.6297,-0.6628,-0.7083,-0.7698,-0.8519,-0.9586,-1.0915,-1.2444,-1.3992,-1.5252,-1.5932,-1.5964,-1.556,-1.5027,-1.4583,-1.4299,-1.4147,-1.4058,-1.3965,-1.3824,-1.3618,-1.3349,-1.3034,-1.2691,-1.2339,-1.1992,-1.1661
-0.5804,-0.5863,-0.5939,-0.6035,-0.6154,-0.6291,-0.6439,-0.6589,-0.6728,-0.6841,-0.6917,-0.6955,-0.6971,-0.6981,-0.6981,-0.6938,-0.6827,-0.6669,-0.6504,-0.6348,-0.6209,-0.6131,-0.6192,-0.64,-0.6728,-0.718,-0.7789,-0.8601,-0.966,-1.0983,-1.2517,-1.4081,-1.5364,-1.6057,-1.6072,-1.5609,-1.4974,-1.4395,-1.3959,-1.3657,-1.3437,-1.3247,-1.3046,-1.2816,-1.2554,-1.2267,-1.1967,-1.1666,-1.1375,-1.1099
-0.5867,-0.5942,-0.6034,-0.6146,-0.6279,-0.643,-0.6594,-0.676,-0.6916,-0.7045,-0.7132,-0.7173,-0.7193,-0.7224,-0.7262,-0.7246,-0.7123,-0.6918,-0.67,-0.6509,-0.6362,-0.6294,-0.6352,-0.6544,-0.6854,-0.7289,-0.7877,-0.8662,-0.9686,-1.0965,-1.245,-1.3968,-1.5223,-1.5915,-1.5943,-1.5478,-1.4803,-1.4141,-1.3592,-1.3167,-1.2834,-1.2553,-1.2291,-1.2032,-1.1768,-1.1502,-1.1239,-1.0986,-1.0748,-1.0526
-0.5935,-0.6022,-0.6126,-0.6251,-0.6396,-0.656,-0.6737,-0.6919,-0.7093,-0.724,-0.7337,-0.7375,-0.7386,-0.7431,-0.7513,-0.7534,-0.7404,-0.716,-0.6902,-0.6691,-0.6545,-0.6486,-0.6539,-0.671,-0.6994,-0.7401,-0.7956,-0.8698,-0.9663,-1.0864,-1.2252,-1.3668,-1.4846,-1.5515,-1.5574,-1.515,-1.4487,-1.3789,-1.3166,-1.2646,-1.2218,-1.1855,-1.1536,-1.1246,-1.0979,-1.0731,-1.0504,-1.0297,-1.011,-0.9943
-0.6003,-0.61,-0.6214,-0.6348,-0.6503,-0.6676,-0.6864,-0.7061,-0.7254,-0.742,-0.7529,-0.756,-0.7548,-0.7593,-0.7717,-0.7778,-0.7645,-0.7371,-0.7091,-0.6874,-0.6736,-0.6685,-0.6731,-0.688,-0.7135,-0.7507,-0.802,-0.8706,-0.9594,-1.0692,-1.1947,-1.3221,-1.4286,-1.4912,-1.5002,-1.4642,-1.4024,-1.3327,-1.2661,-1.2071,-1.1564,-1.1131,-1.0761,-1.0445,-1.0175,-0.9947,-0.9755,-0.9595,-0.9461,-0.9349
-0.607,-0.6174,-0.6296,-0.6437,-0.6598,-0.6778,-0.6974,-0.7183,-0.7391,-0.7577,-0.7702,-0.7725,-0.7678,-0.7705,-0.7857,-0.7946,-0.7812,-0.7528,-0.7248,-0.7042,-0.6919,-0.6875,-0.6914,-0.7043,-0.7267,-0.76,-0.8065,-0.8687,-0.9487,-1.0465,-1.157,-1.2682,-1.3613,-1.4178,-1.4287,-1.3991,-1.343,-1.2753,-1.2065,-1.1423,-1.0853,-1.0361,-0.9948,-0.9611,-0.9344,-0.9139,-0.8987,-0.8877,-0.88,-0.8746
-0.6134,-0.6244,-0.637,-0.6515,-0.6679,-0.6863,-0.7064,-0.728,-0.7499,-0.7701,-0.7842,-0.7862,-0.7777,-0.7766,-0.7915,-0.8009,-0.7882,-0.7617,-0.7363,-0.7185,-0.7084,-0.705,-0.7083,-0.7191,-0.7383,-0.7676,-0.8089,-0.8643,-0.935,-1.0203,-1.1153,-1.2099,-1.289,-1.338,-1.3488,-1.3239,-1.2729,-1.2076,-1.1375,-1.0694,-1.007,-0.9529,-0.9082,-0.8733,-0.8476,-0.8302,-0.8196,-0.8142,-0.8125,-0.8132
-0.6194,-0.6307,-0.6436,-0.6583,-0.6748,-0.6931,-0.7133,-0.7349,-0.7571,-0.778,-0.7929,-0.7952,-0.7843,-0.7788,-0.7896,-0.7971,-0.7865,-0.7646,-0.7441,-0.7304,-0.7232,-0.7209,-0.7235,-0.7321,-0.7481,-0.7733,-0.8094,-0.8578,-0.9192,-0.9922,-1.0723,-1.1509,-1.2162,-1.2566,-1.2652,-1.2425,-1.1947,-1.1308,-1.0594,-0.9876,-0.9205,-0.8622,-0.815,-0.7799,-0.7563,-0.743,-0.7379,-0.7388,-0.7437,-0.7511
-0.6249,-0.6364,-0.6493,-0.6639,-0.6802,-0.6983,-0.7179,-0.739,-0.7606,-0.7807,-0.7953,-0.7976,-0.7865,-0.7783,-0.7835,-0.7879,-0.7799,-0.7639,-0.7495,-0.7407,-0.7367,-0.7354,-0.7371,-0.7433,-0.756,-0.7772,-0.8081,-0.8498,-0.9021,-0.9636,-1.0298,-1.0937,-1.1457,-1.1769,-1.1812,-1.1579,-1.1108,-1.0466,-0.9728,-0.8968,-0.8252,-0.7632,-0.7144,-0.6801,-0.6599,-0.6519,-0.6534,-0.6615,-0.6738,-0.6883
-0.63,-0.6414,-0.6542,-0.6686,-0.6844,-0.7018,-0.7206,-0.7405,-0.7606,-0.7789,-0.7918,-0.7937,-0.7844,-0.7761,-0.7768,-0.7782,-0.7726,-0.7624,-0.7541,-0.7504,-0.7495,-0.7489,-0.7492,-0.7528,-0.7623,-0.7794,-0.8054,-0.8406,-0.8846,-0.9353,-0.9889,-1.0393,-1.079,-1.1005,-1.0988,-1.0723,-1.0231,-0.9562,-0.8784,-0.7973,-0.7208,-0.6554,-0.6057,-0.5736,-0.5582,-0.5569,-0.5663,-0.5827,-0.6031,-0.6251
-0.6344,-0.6458,-0.6584,-0.6723,-0.6875,-0.704,-0.7216,-0.7399,-0.7579,-0.7739,-0.7845,-0.7861,-0.7794,-0.7726,-0.771,-0.7705,-0.7669,-0.7617,-0.7592,-0.7603,-0.762,-0.7616,-0.7601,-0.7609,-0.7671,-0.7804,-0.8017,-0.8309,-0.867,-0.908,-0.9503,-0.9885,-1.0165,-1.0283,-1.0192,-0.9872,-0.9332,-0.8611,-0.7772,-0.6897,-0.6075,-0.5389,-0.4892,-0.4606,-0.4515,-0.4586,-0.4771,-0.5028,-0.532,-0.5621
-0.6384,-0.6495,-0.6617,-0.6751,-0.6896,-0.705,-0.7213,-0.7378,-0.7536,-0.7671,-0.7757,-0.7774,-0.7732,-0.7682,-0.7661,-0.7651,-0.7634,-0.7625,-0.765,-0.7705,-0.7743,-0.7733,-0.7696,-0.7676,-0.7706,-0.7804,-0.7973,-0.8208,-0.8498,-0.8821,-0.9141,-0.9413,-0.9585,-0.9604,-0.9428,-0.9035,-0.8424,-0.7628,-0.6707,-0.5751,-0.4865,-0.4145,-0.3657,-0.3419,-0.3408,-0.3576,-0.3866,-0.4225,-0.4612,-0.4999
-0.6419,-0.6527,-0.6644,-0.6771,-0.6908,-0.7051,-0.72,-0.7347,-0.7484,-0.7598,-0.767,-0.7689,-0.7667,-0.7636,-0.7619,-0.7615,-0.7618,-0.7646,-0.7713,-0.7801,-0.7853,-0.7834,-0.7775,-0.7728,-0.773,-0.7796,-0.7924,-0.8108,-0.8333,-0.8576,-0.8804,-0.8976,-0.9047,-0.8968,-0.8701,-0.822,-0.7519,-0.6626,-0.5604,-0.4553,-0.3593,-0.284,-0.2368,-0.2192,-0.2276,-0.2557,-0.2962,-0.343,-0.3916,-0.439
-0.6449,-0.6553,-0.6665,-0.6786,-0.6913,-0.7046,-0.718,-0.7311,-0.743,-0.7527,-0.7589,-0.7613,-0.7606,-0.7591,-0.7584,-0.759,-0.7614,-0.767,-0.7768,-0.7878,-0.7936,-0.7908,-0.7833,-0.7766,-0.7745,-0.7782,-0.7873,-0.801,-0.8175,-0.8346,-0.8491,-0.8573,-0.8549,-0.8375,-0.8012,-0.7433,-0.663,-0.5625,-0.4487,-0.3328,-0.2289,-0.1504,-0.1055,-0.0952,-0.1144,-0.1546,-0.2074,-0.2656,-0.3243,-0.3804
-0.6474,-0.6575,-0.6682,-0.6795,-0.6914,-0.7036,-0.7157,-0.7273,-0.7378,-0.7462,-0.7519,-0.7546,-0.7552,-0.755,-0.7554,-0.7572,-0.7613,-0.769,-0.7804,-0.7922,-0.798,-0.7948,-0.7865,-0.7788,-0.775,-0.7762,-0.7821,-0.7914,-0.8026,-0.8131,-0.8201,-0.82,-0.8088,-0.7822,-0.7364,-0.6684,-0.577,-0.4646,-0.3383,-0.211,-0.099,-0.0175,0.0244,0.0265,-0.0041,-0.0571,-0.1223,-0.1918,-0.2604,-0.3249
