docs/data/wind_grid.json
[{"header":{"la1":42.85,"la2":41.18,"lo1":11.55,"lo2":14.05,"nx":36,"ny":24,"dx":0.07143,"dy":0.07261,"parameterCategory":2,"parameterNumber":2,"parameterNumberName":"eastward_wind","parameterUnit":"m.s-1"},"data":[-0.6249,-0.6291,-0.6338,-0.6393,-0.6455,-0.6523,-0.6599,-0.6683,-0.6784,-0.6921,-0.712,-0.7409,-0.7802,-0.8278,-0.8756,-0.9102,-0.9188,-0.8987,-0.8584,-0.81,-0.7622,-0.7196,-0.6831,-0.6525,-0.6269,-0.6055,-0.5875,-0.5723,-0.5593,-0.5483,-0.539,-0.531,-0.5241,-0.5184,-0.5135,-0.5093,-0.6264,-0.6308,-0.6361,-0.6424,-0.6496,-0.6576,-0.6661,-0.6747,-0.6841,-0.6969,-0.7179,-0.7528,-0.8068,-0.88,-0.9612,-1.0236,-1.0375,-0.9982,-0.9282,-0.8531,-0.7863,-0.7313,-0.6873,-0.6522,-0.6238,-0.6007,-0.5816,-0.5657,-0.5524,-0.5412,-0.5318,-0.5239,-0.5172,-0.5116,-0.5069,-0.5031,-0.6277,-0.6325,-0.6384,-0.6457,-0.6545,-0.6648,-0.6755,-0.6849,-0.6925,-0.7013,-0.7193,-0.7576,-0.8276,-0.937,-1.0757,-1.1924,-1.2137,-1.1316,-1.0082,-0.894,-0.8042,-0.7368,-0.6862,-0.6475,-0.6172,-0.593,-0.5733,-0.5572,-0.5438,-0.5327,-0.5234,-0.5157,-0.5093,-0.504,-0.4997,-0.4962,-0.6289,-0.634,-0.6405,-0.649,-0.6603,-0.6746,-0.6906,-0.7038,-0.709,-0.7085,-0.7159,-0.7499,-0.8304,-0.9785,-1.1988,-1.4106,-1.4406,-1.2769,-1.0752,-0.9175,-0.8078,-0.7318,-0.6776,-0.6374,-0.6066,-0.5822,-0.5626,-0.5466,-0.5334,-0.5226,-0.5137,-0.5064,-0.5005,-0.4956,-0.4917,-0.4886,-0.63,-0.6352,-0.6419,-0.6515,-0.6656,-0.6864,-0.7139,-0.7397,-0.7452,-0.7257,-0.7087,-0.7257,-0.8006,-0.9629,-1.2389,-1.5405,-1.5781,-1.3362,-1.0802,-0.9031,-0.789,-0.7135,-0.6607,-0.6217,-0.5918,-0.5682,-0.5492,-0.5338,-0.5212,-0.511,-0.5027,-0.496,-0.4906,-0.4863,-0.483,-0.4805,-0.631,-0.636,-0.6425,-0.6522,-0.668,-0.6956,-0.7417,-0.7994,-0.8167,-0.7596,-0.6973,-0.684,-0.7338,-0.8637,-1.0918,-1.3455,-1.3871,-1.1966,-0.9888,-0.8429,-0.7475,-0.6828,-0.6362,-0.6009,-0.5732,-0.5511,-0.5333,-0.5188,-0.5072,-0.4978,-0.4903,-0.4843,-0.4797,-0.4762,-0.4735,-0.4717,-0.6322,-0.6367,-0.6424,-0.6505,-0.6644,-0.6922,-0.7505,-0.8493,-0.8943,-0.7804,-0.6656,-0.6235,-0.6423,-0.7171,-0.8447,-0.9782,-1.0175,-0.9452,-0.8425,-0.7571,-0.6934,-0.645,-0.607,-0.5764,-0.5516,-0.5313,-0.5149,-0.5018,-0.4912,-0.4829,-0.4765,-0.4715,-0.4678,-0.4652,-0.4634,-0.4623,-0.6339,-0.6382,-0.6427,-0.6479,-0.6555,-0.6705,-0.7068,-0.7776,-0.8043,-0.6899,-0.5842,-0.5418,-0.5417,-0.5747,-0.6358,-0.7038,-0.7437,-0.7417,-0.7141,-0.6784,-0.6421,-0.6078,-0.5768,-0.55,-0.5274,-0.509,-0.4942,-0.4826,-0.4735,-0.4665,-0.4613,-0.4576,-0.455,-0.4534,-0.4526,-0.4524,-0.6366,-0.6411,-0.6453,-0.6485,-0.6494,-0.646,-0.6363,-0.616,-0.5653,-0.4942,-0.4585,-0.4464,-0.4405,-0.4496,-0.484,-0.5379,-0.5914,-0.6268,-0.6382,-0.6287,-0.6055,-0.5766,-0.5478,-0.5221,-0.5009,-0.4841,-0.471,-0.4611,-0.4538,-0.4485,-0.4449,-0.4426,-0.4413,-0.4409,-0.4412,-0.442,-0.6404,-0.6461,-0.6519,-0.6567,-0.6575,-0.647,-0.6075,-0.5047,-0.3266,-0.2434,-0.3197,-0.3569,-0.3408,-0.3267,-0.3559,-0.4294,-0.518,-0.5898,-0.6236,-0.6182,-0.5891,-0.5529,-0.5192,-0.4919,-0.4711,-0.4559,-0.445,-0.4373,-0.4322,-0.4289,-0.4272,-0.4266,-0.4268,-0.4278,-0.4293,-0.4312,-0.6449,-0.6529,-0.6623,-0.6732,-0.6846,-0.6914,-0.6708,-0.5354,-0.1007,0.0997,-0.2233,-0.2977,-0.2373,-0.1731,-0.2114,-0.3443,-0.5052,-0.639,-0.6885,-0.6545,-0.5906,-0.5312,-0.4863,-0.4556,-0.4358,-0.4233,-0.4155,-0.4109,-0.4085,-0.4078,-0.4083,-0.4097,-0.4117,-0.4142,-0.417,-0.4202,-0.6494,-0.6599,-0.6738,-0.6931,-0.7217,-0.7657,-0.8291,-0.8458,-0.4682,-0.1604,-0.3009,-0.2828,-0.1381,0.0552,-0.0282,-0.2816,-0.5622,-0.8334,-0.8832,-0.7366,-0.5931,-0.4959,-0.4383,-0.4076,-0.3924,-0.3852,-0.3822,-0.3816,-0.3829,-0.3853,-0.3885,-0.3922,-0.3961,-0.4002,-0.4045,-0.4089,-0.6528,-0.6652,-0.6825,-0.708,-0.7487,-0.8185,-0.941,-1.0949,-0.9297,-0.5823,-0.422,-0.295,-0.1562,0.1252,0.0364,-0.3034,-0.6561,-1.1569,-1.1633,-0.7895,-0.5474,-0.417,-0.3592,-0.3409,-0.3386,-0.3412,-0.3449,-0.3496,-0.3552,-0.3616,-0.3681,-0.3745,-0.3804,-0.3862,-0.3919,-0.3977,-0.6543,-0.6675,-0.6857,-0.7119,-0.752,-0.8152,-0.9089,-1.0042,-0.9171,-0.6739,-0.5007,-0.2994,-0.2212,-0.123,-0.2268,-0.4487,-0.6848,-0.9441,-0.9549,-0.6409,-0.3775,-0.2496,-0.2304,-0.2521,-0.2758,-0.2922,-0.3039,-0.3144,-0.3256,-0.337,-0.3477,-0.357,-0.365,-0.3724,-0.3795,-0.3865,-0.6537,-0.6664,-0.683,-0.7056,-0.7364,-0.777,-0.8213,-0.8404,-0.7866,-0.7052,-0.6562,-0.5601,-0.4214,-0.3961,-0.4131,-0.6539,-0.8566,-0.7282,-0.6063,-0.3286,-0.0064,0.0656,-0.0458,-0.151,-0.2112,-0.2409,-0.2584,-0.2751,-0.2936,-0.3122,-0.3282,-0.3407,-0.3505,-0.359,-0.3672,-0.3757,-0.6513,-0.6625,-0.6765,-0.6939,-0.7146,-0.737,-0.7547,-0.7573,-0.7482,-0.7782,-0.9072,-0.8645,-0.7357,-0.5737,-0.5748,-0.6841,-0.7872,-0.6428,-0.4352,-0.0122,0.615,0.5157,0.1343,-0.0727,-0.1575,-0.1868,-0.2035,-0.2275,-0.2584,-0.2882,-0.3113,-0.3268,-0.3373,-0.3462,-0.3554,-0.3652,-0.6475,-0.6571,-0.6683,-0.6811,-0.695,-0.7082,-0.7186,-0.726,-0.742,-0.7968,-0.8976,-0.8632,-0.9461,-0.9962,-0.7442,-0.6799,-0.6448,-0.5505,-0.4075,-0.0244,0.6869,0.5554,0.1396,-0.0602,-0.1186,-0.1167,-0.1222,-0.1632,-0.2198,-0.2682,-0.2998,-0.3166,-0.3256,-0.3337,-0.3438,-0.3554,-0.6429,-0.6509,-0.6598,-0.6695,-0.6795,-0.6892,-0.6984,-0.7094,-0.7286,-0.7628,-0.8013,-0.8387,-0.9898,-1.0231,-0.8303,-0.7596,-0.6474,-0.5275,-0.4891,-0.3201,0.0038,0.0826,-0.0306,-0.1012,-0.0757,0.0075,0.0222,-0.0736,-0.1839,-0.2584,-0.2969,-0.3106,-0.3146,-0.3214,-0.3331,-0.3471,-0.6379,-0.6446,-0.6518,-0.6594,-0.6673,-0.6753,-0.6841,-0.6951,-0.711,-0.7328,-0.7588,-0.7933,-0.8418,-0.8567,-0.9076,-0.9403,-0.7103,-0.5496,-0.5059,-0.4735,-0.3343,-0.2182,-0.1835,-0.1494,-0.0266,0.2083,0.2558,0.0091,-0.1798,-0.2692,-0.303,-0.3066,-0.3038,-0.3106,-0.3252,-0.3416,-0.6328,-0.6383,-0.6443,-0.6505,-0.657,-0.6639,-0.6717,-0.6813,-0.6935,-0.7087,-0.7267,-0.7479,-0.771,-0.8002,-0.8739,-0.8873,-0.7124,-0.5815,-0.5731,-0.5927,-0.4541,-0.3347,-0.2674,-0.206,-0.0732,0.2107,0.2719,-0.1044,-0.2639,-0.3099,-0.3169,-0.3063,-0.2993,-0.3074,-0.3237,-0.3411,-0.6276,-0.6323,-0.6372,-0.6424,-0.6478,-0.6536,-0.6602,-0.6678,-0.6769,-0.6874,-0.6992,-0.7119,-0.7255,-0.7426,-0.7609,-0.74,-0.6576,-0.579,-0.5529,-0.5352,-0.4436,-0.3467,-0.2945,-0.2695,-0.2496,-0.3018,-0.5729,-0.5495,-0.4315,-0.3746,-0.3429,-0.3207,-0.3115,-0.3175,-0.3312,-0.3464,-0.6225,-0.6264,-0.6304,-0.6347,-0.6392,-0.6439,-0.6491,-0.6548,-0.6612,-0.668,-0.675,-0.6817,-0.6874,-0.6907,-0.6858,-0.6603,-0.6118,-0.5591,-0.5171,-0.4685,-0.3831,-0.2851,-0.2551,-0.2919,-0.3706,-0.5826,-0.8735,-0.752,-0.5401,-0.4304,-0.3766,-0.3482,-0.3363,-0.3372,-0.3454,-0.3563,-0.6174,-0.6206,-0.6239,-0.6273,-0.6309,-0.6346,-0.6384,-0.6424,-0.6464,-0.6503,-0.6536,-0.6557,-0.6554,-0.651,-0.6387,-0.6146,-0.5787,-0.5363,-0.49,-0.4301,-0.3397,-0.233,-0.2088,-0.2829,-0.3879,-0.538,-0.669,-0.6409,-0.5341,-0.4515,-0.4022,-0.3747,-0.3614,-0.3582,-0.3615,-0.3682,-0.6124,-0.615,-0.6176,-0.6203,-0.6229,-0.6256,-0.6282,-0.6306,-0.6328,-0.6343,-0.6348,-0.6335,-0.6295,-0.6213,-0.6069,-0.5848,-0.5548,-0.5182,-0.4746,-0.4191,-0.3475,-0.2766,-0.2596,-0.3083,-0.3832,-0.4664,-0.5275,-0.5308,-0.4922,-0.4482,-0.4148,-0.3931,-0.3809,-0.3761,-0.3765,-0.3801]},{"header":{"la1":42.85,"la2":41.18,"lo1":11.55,"lo2":14.05,"nx":36,"ny":24,"dx":0.07143,"dy":0.07261,"parameterCategory":2,"parameterNumber":3,"parameterNumberName":"northward_wind","parameterUnit":"m.s-1"},"data":[0.239,0.2563,0.2758,0.297,0.3186,0.3383,0.3531,0.3599,0.3568,0.3441,0.3249,0.3034,0.2835,0.2677,0.2563,0.2476,0.2392,0.2292,0.2174,0.2049,0.1925,0.1807,0.1697,0.1594,0.1497,0.1402,0.131,0.1219,0.1129,0.104,0.0952,0.0866,0.0782,0.0701,0.0625,0.0553,0.2418,0.2626,0.2873,0.3156,0.3463,0.3763,0.4007,0.4133,0.4095,0.3894,0.3588,0.3258,0.2974,0.2773,0.2658,0.2592,0.252,0.2405,0.2257,0.21,0.1952,0.1818,0.1698,0.1588,0.1485,0.1386,0.1289,0.1193,0.1097,0.1002,0.0907,0.0814,0.0723,0.0636,0.0554,0.0478,0.2421,0.2665,0.297,0.3344,0.3782,0.425,0.4672,0.4924,0.4889,0.4556,0.4046,0.3523,0.3106,0.2849,0.2752,0.2745,0.2701,0.2554,0.2347,0.2143,0.1965,0.1816,0.1687,0.1573,0.1467,0.1365,0.1264,0.1163,0.106,0.0958,0.0855,0.0754,0.0655,0.0561,0.0473,0.0391,0.2385,0.266,0.3024,0.3503,0.4117,0.4852,0.5609,0.6145,0.6155,0.5568,0.4672,0.3825,0.3214,0.2887,0.2832,0.2938,0.2939,0.2716,0.2417,0.2156,0.1953,0.1794,0.1663,0.1549,0.1442,0.1338,0.1234,0.1127,0.1018,0.0907,0.0795,0.0684,0.0576,0.0473,0.0378,0.029,0.2297,0.2587,0.2995,0.3574,0.4392,0.5509,0.6871,0.8067,0.8262,0.713,0.5481,0.4123,0.3264,0.2856,0.2836,0.3057,0.3091,0.2774,0.2399,0.211,0.1902,0.1748,0.1624,0.1515,0.1412,0.1308,0.12,0.1087,0.097,0.0848,0.0725,0.0602,0.0483,0.037,0.0265,0.0171,0.2146,0.2424,0.2839,0.3471,0.4452,0.5983,0.825,1.0829,1.1604,0.9263,0.6266,0.4263,0.3183,0.2708,0.2652,0.2828,0.2845,0.2562,0.2235,0.1985,0.1809,0.1678,0.1572,0.1475,0.1377,0.1275,0.1164,0.1044,0.0916,0.0781,0.0643,0.0506,0.0372,0.0247,0.0132,0.0031,0.1928,0.216,0.2523,0.311,0.4093,0.5792,0.8731,1.2968,1.4741,1.0613,0.6294,0.397,0.2871,0.2399,0.2279,0.232,0.2306,0.2154,0.1962,0.1802,0.1684,0.1592,0.1512,0.1432,0.1344,0.1244,0.1128,0.0999,0.0857,0.0705,0.0548,0.0392,0.024,0.0099,-0.0027,-0.0137,0.1654,0.1802,0.2049,0.2472,0.3218,0.4555,0.6927,1.0383,1.1706,0.8196,0.4842,0.3118,0.2305,0.1942,0.1823,0.1815,0.1807,0.1752,0.167,0.1597,0.1543,0.15,0.1454,0.1395,0.1317,0.1218,0.1096,0.0954,0.0793,0.0618,0.0436,0.0254,0.0079,-0.0081,-0.0221,-0.0339,0.1345,0.1382,0.1464,0.1635,0.1971,0.2597,0.3619,0.4762,0.4898,0.3768,0.2693,0.2023,0.1616,0.1399,0.1343,0.138,0.1417,0.1411,0.1387,0.1382,0.1397,0.1411,0.1406,0.1371,0.1304,0.1204,0.1072,0.0911,0.0723,0.0517,0.0301,0.0085,-0.0119,-0.0303,-0.046,-0.0585,0.1032,0.0949,0.0851,0.074,0.0634,0.0578,0.0641,0.0815,0.0863,0.0873,0.1089,0.1132,0.0961,0.0788,0.0815,0.0988,0.1097,0.108,0.106,0.1126,0.124,0.1335,0.1381,0.1373,0.1314,0.1209,0.1061,0.0873,0.065,0.04,0.0136,-0.0126,-0.037,-0.0584,-0.0758,-0.0889,0.075,0.056,0.0296,-0.0072,-0.0578,-0.1218,-0.1812,-0.1725,-0.0502,-0.0038,0.0323,0.0642,0.0376,-0.0062,0.0094,0.0625,0.0828,0.0607,0.0502,0.0748,0.107,0.1294,0.1401,0.1416,0.1359,0.1243,0.1072,0.0846,0.0572,0.0261,-0.0069,-0.0395,-0.0694,-0.0945,-0.1138,-0.1269,0.053,0.0261,-0.0123,-0.0681,-0.1502,-0.269,-0.4228,-0.5147,-0.2708,-0.0672,0.0131,0.0621,-0.007,-0.1662,-0.1025,0.0461,0.0684,-0.0502,-0.0781,0.0179,0.0946,0.134,0.1498,0.1519,0.1452,0.1317,0.1114,0.0839,0.0494,0.0094,-0.0333,-0.075,-0.1122,-0.1419,-0.1628,-0.1749,0.0392,0.0086,-0.0351,-0.0991,-0.1952,-0.3424,-0.5619,-0.7917,-0.5947,-0.1815,0.0444,0.1152,0.0686,-0.2089,-0.126,0.1271,0.1259,-0.2667,-0.2812,-0.0155,0.1088,0.1574,0.1719,0.1704,0.1608,0.1449,0.1209,0.0868,0.0422,-0.0109,-0.0681,-0.1233,-0.1706,-0.2057,-0.2272,-0.2362,0.0341,0.0042,-0.0376,-0.097,-0.1832,-0.3091,-0.4806,-0.6433,-0.5031,-0.0959,0.1422,0.1646,0.1721,0.4305,0.2467,0.4229,0.517,0.0667,-0.0687,0.084,0.1758,0.211,0.2106,0.1979,0.1838,0.1665,0.1395,0.097,0.0374,-0.0359,-0.1155,-0.1911,-0.2527,-0.2936,-0.313,-0.3145,0.0368,0.0111,-0.0231,-0.0686,-0.1286,-0.2034,-0.2793,-0.2968,-0.1418,0.1418,0.3378,0.3661,0.4038,0.5808,0.4598,0.9336,1.5521,0.7021,0.2784,0.2305,0.2971,0.3095,0.2666,0.2317,0.2151,0.2026,0.1757,0.1218,0.0388,-0.0669,-0.1824,-0.29,-0.3716,-0.4171,-0.428,-0.4139,0.0453,0.0258,0.0017,-0.0269,-0.0583,-0.0858,-0.0909,-0.036,0.1195,0.3753,0.6729,0.5888,0.5015,0.4534,0.4816,0.8526,1.2472,0.6503,0.2718,0.2811,0.497,0.4585,0.32,0.2617,0.2586,0.268,0.2485,0.1762,0.0533,-0.1056,-0.2797,-0.4386,-0.5481,-0.592,-0.5806,-0.537,0.057,0.044,0.0299,0.016,0.0062,0.008,0.0347,0.1052,0.235,0.4285,0.6396,0.5578,0.4361,0.3946,0.3838,0.4392,0.4283,0.1319,-0.0887,0.1233,0.5069,0.4589,0.3082,0.2771,0.329,0.3996,0.3993,0.2858,0.0896,-0.1546,-0.4226,-0.6643,-0.81,-0.8342,-0.7738,-0.6798,0.0698,0.0625,0.0562,0.0529,0.056,0.0711,0.1057,0.167,0.2568,0.362,0.4365,0.425,0.3842,0.356,0.2371,0.1576,0.0563,-0.3772,-0.7766,-0.2583,0.1188,0.2223,0.2245,0.2843,0.4527,0.67,0.7046,0.4744,0.1452,-0.2168,-0.6186,-0.987,-1.1721,-1.1382,-0.9904,-0.8249,0.0819,0.079,0.0781,0.0811,0.0904,0.1093,0.1411,0.1873,0.2445,0.3008,0.3356,0.3352,0.3058,0.2238,0.0151,-0.0638,-0.058,-0.3619,-0.581,-0.2781,-0.0804,0.0505,0.1367,0.2767,0.5929,1.1024,1.2014,0.6705,0.1665,-0.2897,-0.8236,-1.3411,-1.5529,-1.4236,-1.1714,-0.9362,0.0924,0.0925,0.0949,0.1009,0.1121,0.1301,0.1559,0.1887,0.2246,0.2559,0.2727,0.267,0.2321,0.1488,0.0095,-0.0444,-0.0559,-0.1744,-0.2139,-0.1962,-0.1279,-0.0376,0.0467,0.195,0.5175,1.1195,1.2457,0.4806,0.0371,-0.3577,-0.9033,-1.4731,-1.69,-1.5192,-1.2296,-0.9725,0.1008,0.1027,0.1068,0.1138,0.1247,0.14,0.1596,0.1821,0.2044,0.2217,0.2281,0.2185,0.1878,0.1325,0.0644,0.0156,-0.0305,-0.1008,-0.1552,-0.1625,-0.1333,-0.1166,-0.0833,0.0204,0.1587,0.1403,-0.3252,-0.3159,-0.2328,-0.4055,-0.7984,-1.2429,-1.4451,-1.3496,-1.133,-0.9206,0.1071,0.1099,0.1145,0.1214,0.1309,0.1431,0.1575,0.1726,0.1862,0.195,0.1957,0.1849,0.1608,0.1239,0.0805,0.0376,-0.0079,-0.0583,-0.1007,-0.127,-0.1659,-0.2513,-0.2729,-0.1651,-0.1225,-0.3884,-0.8544,-0.6668,-0.4058,-0.424,-0.6396,-0.9109,-1.0702,-1.0599,-0.9474,-0.8089,0.1115,0.1146,0.1191,0.1253,0.1331,0.1423,0.1525,0.1623,0.1701,0.1739,0.1714,0.1609,0.1416,0.1143,0.0816,0.0457,0.0069,-0.0337,-0.074,-0.1209,-0.2055,-0.3453,-0.3833,-0.2598,-0.2144,-0.3565,-0.5425,-0.5122,-0.4058,-0.4054,-0.5154,-0.6663,-0.7749,-0.7998,-0.7563,-0.6796,0.1143,0.1173,0.1213,0.1265,0.1326,0.1393,0.1462,0.1523,0.1563,0.1569,0.1528,0.1428,0.1267,0.1048,0.0783,0.0483,0.0153,-0.0203,-0.0602,-0.1116,-0.1887,-0.2805,-0.3042,-0.2448,-0.2173,-0.2701,-0.3431,-0.3603,-0.3459,-0.3618,-0.4248,-0.5101,-0.58,-0.6098,-0.599,-0.5608]}]