docs/data/wind_grid.json
[{"header":{"la1":42.85,"la2":41.18,"lo1":11.55,"lo2":14.05,"nx":36,"ny":24,"dx":0.07143,"dy":0.07261,"parameterCategory":2,"parameterNumber":2,"parameterNumberName":"eastward_wind","parameterUnit":"m.s-1"},"data":[1.5713,1.5693,1.5671,1.5648,1.5623,1.5593,1.5556,1.5508,1.5446,1.5373,1.5294,1.5215,1.5146,1.5091,1.5054,1.5032,1.5024,1.5026,1.5033,1.5041,1.5048,1.5051,1.505,1.5042,1.5028,1.5007,1.498,1.4948,1.4911,1.487,1.4828,1.4786,1.4743,1.4703,1.4665,1.463,1.5745,1.5726,1.5708,1.5689,1.5669,1.5646,1.5615,1.5568,1.5499,1.5408,1.5302,1.5198,1.5107,1.504,1.4998,1.498,1.498,1.4992,1.5008,1.5024,1.5037,1.5045,1.5046,1.5039,1.5023,1.5,1.4968,1.493,1.4886,1.4839,1.479,1.4741,1.4692,1.4646,1.4603,1.4565,1.578,1.5764,1.5749,1.5736,1.5726,1.5718,1.5704,1.5668,1.5592,1.5473,1.5325,1.5178,1.5056,1.4971,1.4926,1.4916,1.493,1.4957,1.4987,1.5012,1.5032,1.5044,1.5047,1.504,1.5023,1.4994,1.4956,1.4911,1.4859,1.4803,1.4746,1.4688,1.4632,1.458,1.4532,1.4489,1.582,1.5806,1.5795,1.5789,1.5793,1.581,1.5833,1.5832,1.5759,1.5593,1.537,1.5153,1.4984,1.4877,1.4831,1.4837,1.4877,1.4929,1.4976,1.501,1.5034,1.505,1.5055,1.5047,1.5026,1.4991,1.4945,1.4889,1.4827,1.4761,1.4693,1.4625,1.4561,1.4501,1.4447,1.4401,1.5864,1.5852,1.5844,1.5844,1.5863,1.5917,1.6011,1.6101,1.6059,1.5804,1.5438,1.5107,1.4872,1.4739,1.4701,1.4738,1.4823,1.4916,1.4985,1.5022,1.5046,1.5064,1.5071,1.5062,1.5034,1.499,1.4932,1.4864,1.4789,1.4709,1.4628,1.4549,1.4475,1.4406,1.4346,1.4295,1.5914,1.5904,1.5896,1.5897,1.5925,1.6012,1.6209,1.6494,1.6561,1.6117,1.5492,1.5001,1.4689,1.4534,1.4515,1.4605,1.4763,1.4925,1.502,1.5045,1.5064,1.5088,1.5099,1.5085,1.5048,1.4991,1.4918,1.4833,1.4741,1.4645,1.4549,1.4456,1.4369,1.4292,1.4225,1.417,1.5971,1.5964,1.5955,1.5951,1.5966,1.6047,1.6295,1.6799,1.7048,1.6307,1.5385,1.4762,1.4393,1.4225,1.424,1.4409,1.4673,1.4928,1.5051,1.5058,1.5087,1.5129,1.5143,1.512,1.5068,1.4992,1.4898,1.4793,1.468,1.4565,1.445,1.434,1.424,1.4151,1.4077,1.4019,1.6038,1.6036,1.6029,1.6016,1.6003,1.6012,1.6121,1.6431,1.6537,1.5785,1.493,1.4334,1.3942,1.376,1.3821,1.4105,1.4509,1.4872,1.5042,1.5088,1.5157,1.5212,1.5215,1.517,1.5092,1.4989,1.487,1.4739,1.4601,1.4461,1.4324,1.4195,1.4078,1.3978,1.3897,1.3836,1.6116,1.6125,1.6128,1.6119,1.6086,1.6008,1.5868,1.5648,1.5252,1.4695,1.4216,1.3751,1.3303,1.3057,1.3176,1.365,1.4292,1.4848,1.5154,1.5285,1.5358,1.5371,1.5324,1.5235,1.5117,1.4979,1.4826,1.4663,1.4495,1.4326,1.4163,1.401,1.3875,1.3762,1.3674,1.3612,1.6204,1.6231,1.6259,1.6281,1.6277,1.6198,1.5919,1.5218,1.4039,1.3391,1.3479,1.3128,1.2431,1.1957,1.2155,1.3008,1.4138,1.5109,1.5644,1.5787,1.5737,1.5615,1.5465,1.5304,1.5132,1.495,1.4759,1.4559,1.4354,1.4151,1.3955,1.3774,1.3616,1.3489,1.3396,1.3338,1.6297,1.6349,1.6414,1.6496,1.6592,1.6671,1.6571,1.568,1.2837,1.155,1.3017,1.2606,1.1242,1.0118,1.0491,1.2167,1.4268,1.6082,1.6873,1.6716,1.6286,1.5904,1.5604,1.5353,1.5122,1.4892,1.4656,1.4413,1.4167,1.3921,1.3685,1.3469,1.3285,1.3142,1.3047,1.3,1.6389,1.6465,1.6571,1.6723,1.6956,1.7318,1.7841,1.8019,1.537,1.3157,1.349,1.2417,0.9979,0.7041,0.8077,1.1341,1.5025,1.8716,1.957,1.8102,1.6861,1.6128,1.5676,1.5349,1.5065,1.4787,1.4504,1.4213,1.3917,1.3621,1.3334,1.3073,1.2855,1.2696,1.2605,1.2578,1.6472,1.6567,1.6701,1.6902,1.7222,1.7768,1.8711,1.9875,1.8639,1.5938,1.4373,1.3019,1.0706,0.606,0.716,1.1399,1.5985,2.2991,2.3213,1.9113,1.7056,1.6111,1.5607,1.5258,1.4943,1.4621,1.4286,1.3941,1.3589,1.323,1.2877,1.2552,1.2289,1.2114,1.2037,1.2051,1.6541,1.6644,1.6787,1.6994,1.7307,1.7792,1.8499,1.9209,1.8569,1.6734,1.5277,1.3969,1.3082,0.8634,1.0295,1.2455,1.5013,1.9711,2.0684,1.8097,1.6477,1.5719,1.5354,1.507,1.4746,1.4371,1.3975,1.3574,1.3162,1.2728,1.2279,1.186,1.1531,1.134,1.1301,1.1389,1.6593,1.6696,1.6832,1.7014,1.726,1.7579,1.7929,1.8108,1.7826,1.748,1.7243,1.5951,1.346,1.1951,1.2399,1.3079,1.2612,1.5306,1.6781,1.6235,1.5277,1.4941,1.4952,1.4815,1.4466,1.4001,1.3525,1.3077,1.2619,1.2095,1.1502,1.0925,1.0492,1.0295,1.034,1.0565,1.6633,1.673,1.6851,1.7001,1.7181,1.7383,1.7574,1.7714,1.7939,1.8897,2.1386,1.9142,1.7223,1.4799,1.4657,1.4192,1.3436,1.4939,1.5664,1.5098,1.3736,1.3931,1.4577,1.4566,1.4079,1.3417,1.2838,1.2401,1.1957,1.1332,1.0499,0.9637,0.9032,0.8864,0.9094,0.9561,1.6663,1.6754,1.686,1.6985,1.7128,1.7283,1.7452,1.7677,1.8132,1.9237,2.1087,1.9656,1.9178,1.9343,1.7644,1.6991,1.6255,1.5852,1.5516,1.5019,1.3577,1.3871,1.4589,1.4383,1.3479,1.2388,1.17,1.1476,1.1219,1.0491,0.9231,0.7833,0.6953,0.6925,0.7537,0.8409,1.6688,1.6772,1.6869,1.6979,1.7105,1.7248,1.7422,1.7668,1.8063,1.8652,1.9141,1.913,1.9793,2.027,2.1276,2.1798,1.8968,1.6002,1.4494,1.553,1.5338,1.5146,1.5069,1.4264,1.2506,1.0469,0.9716,1.0271,1.0558,0.9726,0.7734,0.5386,0.4131,0.4509,0.5801,0.7248,1.6708,1.6788,1.6879,1.6982,1.71,1.7239,1.7411,1.7636,1.7936,1.8293,1.8632,1.9008,1.9765,2.1693,2.8069,3.0599,2.2174,1.713,1.5681,1.7001,1.6859,1.6444,1.585,1.4391,1.1454,0.7566,0.6733,0.9195,1.0342,0.9341,0.6372,0.2741,0.1145,0.2228,0.4355,0.6373,1.6726,1.6803,1.689,1.6989,1.7103,1.7238,1.7401,1.7604,1.7854,1.8152,1.8512,1.9043,2.006,2.2424,2.7295,2.8611,2.2684,1.8838,1.8471,1.8854,1.8082,1.781,1.7204,1.5385,1.1972,0.7356,0.6419,1.0165,1.1127,0.9691,0.6099,0.1781,0.005,0.1471,0.3922,0.613,1.674,1.6815,1.69,1.6996,1.7107,1.7236,1.7391,1.7578,1.7805,1.8086,1.8454,1.8998,1.9894,2.1371,2.3114,2.3229,2.1158,1.9282,1.8718,1.8775,1.914,2.0064,1.9991,1.7797,1.4638,1.2883,1.4458,1.4222,1.2825,1.077,0.7445,0.3784,0.2114,0.294,0.4805,0.6647,1.6751,1.6825,1.6907,1.7,1.7107,1.7231,1.7378,1.7552,1.7762,1.8023,1.8361,1.882,1.9449,2.0223,2.085,2.081,2.0072,1.9316,1.9073,1.9513,2.1214,2.4406,2.5196,2.1424,1.731,1.5828,1.6909,1.6027,1.4054,1.1961,0.9404,0.6855,0.543,0.5513,0.6491,0.7701,1.6759,1.683,1.691,1.7,1.7103,1.7221,1.7358,1.7519,1.7711,1.7943,1.8228,1.8581,1.8996,1.9416,1.9699,1.9701,1.9465,1.9263,1.9425,2.037,2.2955,2.7443,2.8663,2.3871,1.9061,1.6697,1.6176,1.5598,1.4374,1.2806,1.1016,0.9317,0.8208,0.7925,0.8276,0.8932,1.6763,1.6832,1.6909,1.6995,1.7092,1.7203,1.733,1.7477,1.7647,1.7846,1.8078,1.8342,1.8622,1.8878,1.9052,1.9107,1.9094,1.9161,1.9535,2.0544,2.2603,2.5317,2.5869,2.2991,1.9556,1.7319,1.6193,1.5425,1.4513,1.3391,1.2153,1.0995,1.0155,0.9771,0.9798,1.0092]},{"header":{"la1":42.85,"la2":41.18,"lo1":11.55,"lo2":14.05,"nx":36,"ny":24,"dx":0.07143,"dy":0.07261,"parameterCategory":2,"parameterNumber":3,"parameterNumberName":"northward_wind","parameterUnit":"m.s-1"},"data":[-0.3874,-0.3911,-0.3958,-0.4016,-0.4085,-0.4161,-0.4242,-0.4325,-0.4409,-0.4491,-0.4571,-0.4648,-0.4717,-0.4776,-0.4821,-0.4849,-0.486,-0.4853,-0.4831,-0.4793,-0.474,-0.4672,-0.4589,-0.4492,-0.4383,-0.4263,-0.4135,-0.4002,-0.3866,-0.3729,-0.3593,-0.3461,-0.3333,-0.3212,-0.3099,-0.2993,-0.3808,-0.3844,-0.3894,-0.3959,-0.4038,-0.4128,-0.4224,-0.4321,-0.4416,-0.4509,-0.4601,-0.4691,-0.4774,-0.4845,-0.4899,-0.4932,-0.4943,-0.4935,-0.4909,-0.4868,-0.4811,-0.4737,-0.4646,-0.4538,-0.4416,-0.4282,-0.4139,-0.399,-0.3839,-0.3687,-0.3537,-0.3392,-0.3253,-0.3122,-0.3,-0.2888,-0.3725,-0.3759,-0.3812,-0.3885,-0.3979,-0.4089,-0.4207,-0.4322,-0.4428,-0.4529,-0.4631,-0.4735,-0.4836,-0.4922,-0.4986,-0.5022,-0.503,-0.5016,-0.4984,-0.494,-0.488,-0.4802,-0.4703,-0.4584,-0.4447,-0.4296,-0.4136,-0.3969,-0.38,-0.3632,-0.3466,-0.3307,-0.3155,-0.3013,-0.2883,-0.2764,-0.3623,-0.3652,-0.3704,-0.3786,-0.3901,-0.4042,-0.4197,-0.434,-0.4456,-0.4555,-0.4661,-0.4782,-0.4905,-0.5011,-0.5085,-0.5121,-0.5119,-0.5087,-0.5044,-0.4997,-0.4942,-0.4864,-0.4758,-0.4626,-0.4473,-0.4303,-0.4123,-0.3936,-0.3747,-0.356,-0.3377,-0.3202,-0.3036,-0.2883,-0.2744,-0.2619,-0.3499,-0.3516,-0.3563,-0.3652,-0.3792,-0.3983,-0.4206,-0.4406,-0.4528,-0.4597,-0.4692,-0.4831,-0.4984,-0.5116,-0.5204,-0.5233,-0.5204,-0.5134,-0.5063,-0.502,-0.4984,-0.4918,-0.4809,-0.4664,-0.4491,-0.43,-0.4097,-0.3888,-0.3677,-0.3468,-0.3266,-0.3073,-0.2892,-0.2727,-0.2578,-0.2448,-0.3349,-0.3344,-0.3374,-0.3461,-0.3624,-0.3883,-0.4227,-0.4557,-0.4689,-0.4664,-0.4721,-0.4887,-0.5083,-0.525,-0.5353,-0.537,-0.5293,-0.5143,-0.5007,-0.4983,-0.5001,-0.4962,-0.4853,-0.4693,-0.4499,-0.4283,-0.4055,-0.382,-0.3584,-0.3351,-0.3127,-0.2914,-0.2718,-0.2539,-0.2382,-0.2246,-0.3171,-0.3129,-0.3124,-0.3183,-0.3347,-0.3661,-0.4151,-0.4702,-0.4882,-0.4705,-0.4737,-0.4958,-0.5217,-0.5429,-0.5551,-0.5556,-0.5425,-0.5168,-0.4925,-0.4925,-0.5017,-0.5006,-0.4891,-0.4711,-0.4492,-0.4248,-0.3991,-0.3727,-0.3463,-0.3203,-0.2954,-0.272,-0.2505,-0.2314,-0.2147,-0.2007,-0.2969,-0.2871,-0.28,-0.2789,-0.2893,-0.3184,-0.3714,-0.4358,-0.4633,-0.4586,-0.4748,-0.5065,-0.5404,-0.5673,-0.5821,-0.5822,-0.5668,-0.5373,-0.5088,-0.5047,-0.5107,-0.5068,-0.4926,-0.4716,-0.4466,-0.4191,-0.3901,-0.3604,-0.3308,-0.3018,-0.274,-0.2481,-0.2247,-0.2041,-0.1867,-0.1725,-0.2752,-0.2577,-0.2403,-0.2261,-0.2211,-0.2351,-0.2777,-0.3434,-0.4046,-0.4482,-0.4828,-0.523,-0.5664,-0.6006,-0.6183,-0.6182,-0.6024,-0.5759,-0.55,-0.5358,-0.5278,-0.5152,-0.4956,-0.4705,-0.4417,-0.4105,-0.3779,-0.3446,-0.3112,-0.2787,-0.2476,-0.2188,-0.1931,-0.171,-0.1529,-0.1388,-0.2538,-0.2271,-0.196,-0.1619,-0.1292,-0.1103,-0.1318,-0.2321,-0.4077,-0.5081,-0.5088,-0.5441,-0.601,-0.6452,-0.6647,-0.6617,-0.6419,-0.6128,-0.585,-0.5633,-0.5444,-0.523,-0.4972,-0.4672,-0.4341,-0.3988,-0.362,-0.3244,-0.2868,-0.25,-0.215,-0.1828,-0.1544,-0.1307,-0.1122,-0.0987,-0.2356,-0.1994,-0.153,-0.0939,-0.0205,0.0605,0.1089,-0.0147,-0.5067,-0.722,-0.5331,-0.562,-0.6441,-0.703,-0.7201,-0.7097,-0.6773,-0.6311,-0.596,-0.5754,-0.5545,-0.5279,-0.4964,-0.4612,-0.4232,-0.3833,-0.3418,-0.2994,-0.2568,-0.2148,-0.1747,-0.1381,-0.1066,-0.0812,-0.0626,-0.0506,-0.2236,-0.1798,-0.1204,-0.0378,0.0801,0.2489,0.4697,0.5841,0.013,-0.46,-0.4638,-0.566,-0.6833,-0.7699,-0.7737,-0.7594,-0.7052,-0.5978,-0.5564,-0.5682,-0.5579,-0.5289,-0.4921,-0.4515,-0.4085,-0.3636,-0.317,-0.2691,-0.2203,-0.1716,-0.1249,-0.0826,-0.0469,-0.0198,-0.0018,0.0074,-0.2206,-0.1735,-0.1078,-0.013,0.1298,0.3539,0.7029,1.0897,0.731,-0.0233,-0.4003,-0.5311,-0.6443,-0.7901,-0.8002,-0.8276,-0.7652,-0.479,-0.459,-0.5599,-0.5598,-0.526,-0.4836,-0.4377,-0.3895,-0.3395,-0.2876,-0.2333,-0.1768,-0.1192,-0.0632,-0.0126,0.0286,0.0575,0.0734,0.0777,-0.2278,-0.1827,-0.1203,-0.0312,0.1001,0.2966,0.5725,0.8407,0.6039,-0.0707,-0.4549,-0.466,-0.4693,-0.807,-0.8649,-1.0163,-1.081,-0.7158,-0.5818,-0.5955,-0.5624,-0.5194,-0.4718,-0.4199,-0.3662,-0.3114,-0.2543,-0.1929,-0.1265,-0.0562,0.0138,0.0769,0.126,0.1563,0.1675,0.1628,-0.2444,-0.2063,-0.1553,-0.0864,0.0061,0.1247,0.2486,0.2827,0.0506,-0.353,-0.6154,-0.7049,-0.8295,-1.0939,-0.9883,-1.4331,-1.9802,-1.2039,-0.7721,-0.6169,-0.5563,-0.5166,-0.4604,-0.3982,-0.3386,-0.281,-0.2204,-0.1513,-0.0711,0.0184,0.1105,0.1937,0.2545,0.2848,0.2859,0.2655,-0.2682,-0.2397,-0.2042,-0.161,-0.1119,-0.0662,-0.0513,-0.1209,-0.3192,-0.5876,-0.773,-0.8675,-0.9232,-1.022,-1.0605,-1.3729,-1.7049,-1.1304,-0.7042,-0.5573,-0.5747,-0.5444,-0.4486,-0.3682,-0.3069,-0.2545,-0.1954,-0.1168,-0.0154,0.1046,0.2334,0.3502,0.4284,0.4539,0.4338,0.3866,-0.2957,-0.2776,-0.2574,-0.2371,-0.2215,-0.221,-0.2544,-0.3437,-0.495,-0.6723,-0.7908,-0.8899,-1.2358,-1.4026,-1.1248,-1.0819,-0.9965,-0.6619,-0.3909,-0.4052,-0.5593,-0.5215,-0.3983,-0.3188,-0.2764,-0.252,-0.205,-0.1068,0.0331,0.2017,0.3895,0.5627,0.6657,0.6732,0.6117,0.5215,-0.3238,-0.3149,-0.3073,-0.3038,-0.309,-0.3307,-0.3786,-0.4601,-0.572,-0.6947,-0.8084,-0.9664,-1.3192,-1.412,-1.1621,-1.0462,-0.7471,-0.2421,0.0474,-0.103,-0.2616,-0.3131,-0.2787,-0.248,-0.2645,-0.3266,-0.31,-0.1447,0.073,0.3077,0.5784,0.8394,0.9718,0.9346,0.8034,0.6547,-0.3501,-0.3485,-0.35,-0.3571,-0.3734,-0.4036,-0.4522,-0.5212,-0.6072,-0.7024,-0.8044,-0.9286,-1.0716,-1.144,-1.2857,-1.3517,-0.7675,-0.1583,0.1406,0.3151,0.1012,-0.0791,-0.1375,-0.163,-0.2671,-0.5353,-0.585,-0.1961,0.1417,0.4192,0.7615,1.1228,1.2777,1.1711,0.9598,0.7558,-0.3732,-0.3768,-0.3841,-0.3971,-0.4183,-0.4501,-0.4945,-0.5517,-0.6194,-0.6941,-0.7738,-0.858,-0.9405,-1.028,-1.1977,-1.2141,-0.7055,-0.0789,0.7028,0.9964,0.3803,0.0794,-0.0136,-0.0468,-0.1453,-0.5023,-0.5819,0.0603,0.3409,0.5304,0.8453,1.227,1.3843,1.2498,1.0121,0.7919,-0.3924,-0.3992,-0.4099,-0.4256,-0.4479,-0.478,-0.5167,-0.5634,-0.6166,-0.6737,-0.732,-0.7885,-0.8403,-0.8885,-0.9224,-0.837,-0.5319,-0.0792,0.4295,0.5876,0.3075,0.1298,0.0857,0.0951,0.1727,0.4137,1.0149,0.9451,0.6762,0.6305,0.7997,1.0683,1.2016,1.1199,0.9385,0.7538,-0.4074,-0.4162,-0.4283,-0.4446,-0.466,-0.4929,-0.5255,-0.563,-0.604,-0.6461,-0.6866,-0.7221,-0.748,-0.7576,-0.7317,-0.6312,-0.4311,-0.1624,0.0877,0.1909,0.1598,0.1529,0.1645,0.1879,0.3877,0.9462,1.6392,1.3581,0.8748,0.6828,0.7116,0.8407,0.926,0.8983,0.7931,0.6654,-0.4187,-0.4282,-0.4406,-0.4562,-0.4756,-0.4988,-0.5255,-0.5549,-0.5856,-0.6155,-0.6417,-0.6609,-0.6682,-0.6561,-0.6127,-0.5236,-0.3852,-0.218,-0.065,0.0367,0.1047,0.1801,0.1994,0.2068,0.3873,0.7746,1.1191,1.0568,0.8083,0.6527,0.6239,0.6665,0.7063,0.6975,0.6414,0.5607,-0.4265,-0.4361,-0.4479,-0.4622,-0.479,-0.4984,-0.5197,-0.5422,-0.5644,-0.5844,-0.5998,-0.6073,-0.6029,-0.5811,-0.5356,-0.4613,-0.3598,-0.2429,-0.1288,-0.0291,0.0612,0.139,0.1691,0.1962,0.3183,0.5274,0.7005,0.7229,0.6417,0.5637,0.5333,0.5399,0.5522,0.5451,0.5126,0.4615]}]