docs/data/wind_grid.json
[{"header":{"la1":42.85,"la2":41.18,"lo1":11.55,"lo2":14.05,"nx":36,"ny":24,"dx":0.07143,"dy":0.07261,"parameterCategory":2,"parameterNumber":2,"parameterNumberName":"eastward_wind","parameterUnit":"m.s-1"},"data":[0.6428,0.6361,0.628,0.619,0.6103,0.6038,0.6024,0.6089,0.6257,0.6534,0.6907,0.7349,0.7833,0.8337,0.8842,0.9328,0.9768,1.0124,1.0355,1.043,1.0342,1.0116,0.9793,0.9417,0.9022,0.8633,0.8265,0.7926,0.7619,0.7344,0.7101,0.6886,0.6697,0.6532,0.6387,0.6259,0.6417,0.6323,0.62,0.6051,0.5888,0.5737,0.5642,0.5655,0.5824,0.6163,0.6643,0.7215,0.7835,0.8475,0.912,0.9756,1.0355,1.0858,1.1187,1.1279,1.1124,1.0772,1.0302,0.9785,0.927,0.8785,0.8343,0.7948,0.76,0.7297,0.7034,0.6807,0.6611,0.6441,0.6295,0.6168,0.6432,0.631,0.6138,0.5913,0.5641,0.5351,0.5106,0.5008,0.516,0.5595,0.6247,0.7012,0.7812,0.8618,0.9434,1.0268,1.1101,1.1847,1.2351,1.2465,1.2174,1.1598,1.0894,1.0177,0.9506,0.8905,0.838,0.7927,0.754,0.7211,0.6932,0.6697,0.6497,0.6327,0.6183,0.6059,0.6488,0.6343,0.6122,0.5806,0.5386,0.4877,0.4358,0.4019,0.4109,0.4722,0.568,0.6739,0.7773,0.877,0.9774,1.0852,1.2033,1.321,1.4055,1.4195,1.3608,1.2618,1.1546,1.0555,0.9695,0.8965,0.8354,0.7845,0.7424,0.7076,0.6788,0.655,0.6353,0.6188,0.605,0.5933,0.6602,0.645,0.6192,0.5787,0.5189,0.4366,0.3361,0.2482,0.2387,0.339,0.4933,0.6439,0.7754,0.8937,1.0114,1.1448,1.311,1.5066,1.6642,1.6788,1.5523,1.3781,1.2174,1.0848,0.9782,0.8926,0.8236,0.7682,0.7238,0.6881,0.6595,0.6364,0.6176,0.6022,0.5894,0.5788,0.6793,0.6666,0.6404,0.5938,0.5176,0.3993,0.2264,0.0273,-0.0327,0.1584,0.417,0.6239,0.7821,0.9141,1.0414,1.1916,1.4076,1.7247,2.0334,2.0373,1.7683,1.4807,1.2588,1.0944,0.9701,0.8742,0.7996,0.7415,0.6966,0.6617,0.6347,0.6134,0.5965,0.5829,0.5718,0.5626,0.7077,0.7026,0.6825,0.6367,0.5521,0.4106,0.1804,-0.1476,-0.288,0.0361,0.3922,0.6329,0.8049,0.9419,1.0663,1.2099,1.436,1.8389,2.3183,2.2996,1.8785,1.509,1.2536,1.0729,0.9389,0.8372,0.76,0.7022,0.6592,0.6275,0.6039,0.5859,0.572,0.561,0.5521,0.5448,0.7455,0.7559,0.7526,0.719,0.6367,0.4959,0.2879,0.0237,-0.0759,0.1735,0.4565,0.6744,0.8457,0.9822,1.0939,1.2045,1.3717,1.6752,2.0418,2.0477,1.7305,1.423,1.191,1.0156,0.8806,0.7776,0.7016,0.6476,0.6104,0.5849,0.5672,0.5543,0.5446,0.5369,0.5308,0.5257,0.7899,0.8263,0.8583,0.8563,0.78,0.6332,0.4646,0.3194,0.2678,0.3493,0.5217,0.7214,0.8997,1.0392,1.1374,1.2044,1.2962,1.4491,1.6014,1.615,1.4727,1.278,1.0909,0.9277,0.7935,0.691,0.6199,0.575,0.5488,0.5339,0.5251,0.5193,0.5149,0.5113,0.5082,0.5056,0.8324,0.9034,0.9969,1.0696,0.9976,0.784,0.5873,0.4263,0.2669,0.2492,0.4849,0.7546,0.9673,1.1134,1.1906,1.2115,1.2782,1.3862,1.4519,1.4261,1.3148,1.1552,0.9816,0.8155,0.6734,0.5692,0.5078,0.4808,0.4738,0.4755,0.4791,0.4822,0.4841,0.4848,0.485,0.4849,0.8581,0.9564,1.1137,1.3032,1.2475,0.8994,0.6587,0.4666,0.0415,-0.1661,0.4023,0.7995,1.0659,1.231,1.245,1.2281,1.3436,1.5196,1.5801,1.4667,1.2778,1.0753,0.8731,0.677,0.5066,0.3942,0.3531,0.361,0.3869,0.4127,0.4323,0.4455,0.4537,0.4587,0.4618,0.4641,0.8544,0.9492,1.097,1.2683,1.2052,0.8865,0.7068,0.6272,0.3651,0.1513,0.5332,0.8661,1.1852,1.5003,1.4387,1.3564,1.5445,2.0016,2.0792,1.679,1.3014,1.0122,0.7584,0.5033,0.2661,0.1319,0.139,0.2166,0.2952,0.3525,0.3895,0.4121,0.4255,0.4337,0.4392,0.4434,0.8237,0.8891,0.9691,1.0227,0.9569,0.8137,0.7465,0.6346,0.787,0.6084,0.6846,0.8436,1.0971,1.5959,1.5206,1.3944,1.7352,2.8811,2.8852,1.8581,1.2735,0.9263,0.6381,0.3068,-0.0645,-0.2494,-0.1289,0.0709,0.2173,0.3059,0.3567,0.385,0.4009,0.4104,0.4171,0.4227,0.7807,0.8167,0.848,0.8534,0.8164,0.7691,0.7757,0.8904,0.8312,0.6697,0.6691,0.7391,0.8133,1.2597,1.2238,1.339,1.6369,2.262,2.304,1.577,1.0885,0.7995,0.541,0.1766,-0.334,-0.5879,-0.3205,-0.0066,0.1836,0.2858,0.339,0.366,0.3799,0.3882,0.395,0.4017,0.7378,0.7551,0.7651,0.7607,0.7419,0.7235,0.7237,0.7285,0.6685,0.5556,0.4909,0.5544,0.743,0.7375,1.0014,1.4226,1.8635,1.5444,1.3637,1.0595,0.8124,0.6683,0.4955,0.2112,-0.1904,-0.4041,-0.2037,0.0542,0.2137,0.2973,0.337,0.3536,0.3602,0.365,0.3713,0.3796,0.6999,0.7069,0.7081,0.7014,0.6879,0.6718,0.6539,0.6196,0.54,0.3838,0.1337,0.1783,0.3805,0.6408,0.7942,1.1922,1.557,1.1209,0.8088,0.6745,0.6605,0.6189,0.4796,0.3059,0.123,0.0298,0.0942,0.2093,0.2912,0.3323,0.3445,0.3415,0.336,0.3362,0.3434,0.3552,0.6673,0.6685,0.6653,0.6568,0.6429,0.6237,0.596,0.5503,0.4704,0.3334,0.1538,0.2177,0.2597,0.2666,0.4416,0.5774,0.6444,0.4133,0.2025,0.3462,0.6138,0.569,0.4222,0.3367,0.2989,0.3067,0.3425,0.3728,0.3843,0.3758,0.3506,0.3187,0.2971,0.2954,0.3089,0.3282,0.6392,0.6368,0.6307,0.6203,0.6049,0.5834,0.5531,0.5092,0.4467,0.3675,0.3003,0.2752,0.2109,0.1548,-0.0495,-0.1733,-0.0116,-0.217,-0.5225,-0.1333,0.1883,0.2856,0.2776,0.3032,0.3884,0.4983,0.5484,0.525,0.4773,0.4177,0.3447,0.2712,0.231,0.2377,0.2682,0.3008,0.6146,0.6097,0.6016,0.5896,0.5731,0.5508,0.5213,0.4825,0.4341,0.3794,0.3252,0.2648,0.1615,-0.1043,-0.9523,-1.2952,-0.4742,-0.3734,-0.525,-0.4859,-0.2301,-0.0336,0.079,0.2251,0.4511,0.6848,0.7387,0.6617,0.5673,0.4575,0.3293,0.2006,0.1434,0.1751,0.2318,0.2793,0.5928,0.5861,0.5765,0.5634,0.5461,0.5239,0.4958,0.4609,0.419,0.3703,0.3121,0.2304,0.0842,-0.2391,-0.8772,-1.0765,-0.5504,-0.4406,-0.7668,-0.928,-0.5282,-0.3376,-0.2006,0.0604,0.4355,0.7415,0.7975,0.7848,0.6604,0.5018,0.3355,0.1719,0.1059,0.1527,0.2205,0.2723,0.5734,0.5653,0.5546,0.5407,0.523,0.5011,0.4741,0.4413,0.402,0.3543,0.2933,0.207,0.0714,-0.1442,-0.4024,-0.4916,-0.4013,-0.4253,-0.6279,-0.7229,-0.6785,-0.7915,-0.7537,-0.3118,0.2986,0.8197,1.2131,1.0818,0.7522,0.5357,0.3799,0.2436,0.1787,0.1979,0.2428,0.2821,0.556,0.5469,0.5353,0.5208,0.503,0.4813,0.4551,0.4236,0.3857,0.3393,0.2803,0.2019,0.0961,-0.0369,-0.1669,-0.2436,-0.2808,-0.3558,-0.4908,-0.6622,-1.0258,-1.7346,-1.9074,-0.9937,0.0436,0.8935,1.5406,1.2136,0.6784,0.4936,0.4078,0.3269,0.2744,0.2652,0.2804,0.3015,0.5404,0.5305,0.5183,0.5035,0.4856,0.4642,0.4387,0.4083,0.372,0.328,0.274,0.2069,0.1253,0.0335,-0.0557,-0.1316,-0.2044,-0.3034,-0.459,-0.7398,-1.358,-2.4584,-2.7735,-1.5153,-0.2662,0.5464,0.9265,0.7151,0.3773,0.3788,0.3921,0.3618,0.3286,0.3126,0.3124,0.3206,0.5263,0.5159,0.5033,0.4883,0.4705,0.4495,0.4247,0.3956,0.3612,0.3204,0.2719,0.2147,0.149,0.0774,0.0041,-0.0699,-0.1527,-0.2625,-0.4302,-0.7179,-1.2274,-1.8945,-2.0221,-1.2649,-0.3803,0.2225,0.4924,0.4532,0.3323,0.3482,0.3735,0.3658,0.3484,0.336,0.3319,0.3343]},{"header":{"la1":42.85,"la2":41.18,"lo1":11.55,"lo2":14.05,"nx":36,"ny":24,"dx":0.07143,"dy":0.07261,"parameterCategory":2,"parameterNumber":3,"parameterNumberName":"northward_wind","parameterUnit":"m.s-1"},"data":[1.6236,1.5834,1.5377,1.4873,1.4347,1.3841,1.3413,1.3121,1.3003,1.3049,1.3203,1.3382,1.3513,1.3546,1.3461,1.327,1.3007,1.273,1.2506,1.2386,1.2391,1.2502,1.2684,1.2899,1.3118,1.3325,1.3516,1.3689,1.3849,1.3997,1.4138,1.4272,1.4402,1.4527,1.4649,1.4767,1.6281,1.5814,1.5256,1.4612,1.3903,1.3188,1.2562,1.2144,1.2022,1.2191,1.254,1.2916,1.319,1.3289,1.319,1.2908,1.2499,1.2059,1.1709,1.1546,1.1598,1.1817,1.2122,1.2448,1.2753,1.3022,1.3256,1.3461,1.3643,1.3811,1.3968,1.4118,1.4263,1.4403,1.4538,1.4669,1.6393,1.586,1.5189,1.4364,1.3394,1.234,1.1354,1.0676,1.053,1.0933,1.1651,1.2372,1.2879,1.3078,1.2951,1.2522,1.1865,1.1131,1.0553,1.0334,1.0508,1.094,1.1459,1.195,1.2368,1.2709,1.2988,1.3222,1.3427,1.3613,1.3788,1.3955,1.4116,1.4272,1.4423,1.4567,1.6599,1.6015,1.5233,1.42,1.2876,1.1284,0.9621,0.8365,0.8117,0.9004,1.045,1.1771,1.2633,1.2967,1.2796,1.2145,1.1075,0.9796,0.8773,0.849,0.8976,0.9839,1.0712,1.1434,1.1985,1.2398,1.2715,1.2973,1.3195,1.3399,1.3592,1.3779,1.396,1.4135,1.4303,1.4464,1.6934,1.6335,1.5477,1.4245,1.2504,1.0134,0.7232,0.4624,0.4009,0.6,0.8919,1.122,1.255,1.3034,1.2802,1.1866,1.0168,0.7871,0.5907,0.5598,0.6873,0.8564,0.9966,1.0962,1.1637,1.21,1.2437,1.2705,1.2941,1.3162,1.3377,1.3587,1.3792,1.399,1.4179,1.4359,1.7424,1.6879,1.6026,1.4687,1.2593,0.9346,0.4547,-0.1002,-0.2797,0.1799,0.7435,1.1006,1.2774,1.3357,1.3062,1.1867,0.9437,0.5489,0.1575,0.1427,0.4448,0.7424,0.9415,1.0625,1.1355,1.1816,1.214,1.2404,1.2648,1.289,1.3134,1.3376,1.3612,1.3838,1.4053,1.4253,1.8084,1.7688,1.6982,1.5726,1.3555,0.9858,0.358,-0.5595,-0.9528,-0.0984,0.7323,1.157,1.3418,1.3958,1.3619,1.237,0.9622,0.4336,-0.1919,-0.1719,0.3228,0.7099,0.9303,1.0492,1.1139,1.1518,1.1788,1.2033,1.229,1.2566,1.2853,1.314,1.3418,1.368,1.3925,1.415,1.8895,1.8771,1.8399,1.7484,1.5612,1.2326,0.7,-0.0376,-0.3296,0.3444,0.9771,1.3026,1.4422,1.4737,1.4355,1.3334,1.1156,0.6903,0.1791,0.1521,0.5088,0.8024,0.9687,1.0523,1.0918,1.1126,1.1306,1.1536,1.1829,1.2167,1.2525,1.2877,1.3211,1.3519,1.3799,1.4052,1.9791,2.0064,2.0265,1.9987,1.8591,1.5947,1.2611,0.951,0.8688,1.0658,1.3075,1.4768,1.5527,1.5481,1.4915,1.4205,1.2988,1.0689,0.8169,0.7385,0.8351,0.9534,1.0257,1.0523,1.0527,1.0489,1.057,1.0823,1.1213,1.1673,1.2145,1.2593,1.3,1.3362,1.3682,1.3964,2.0638,2.1371,2.2393,2.3194,2.2197,1.9345,1.6717,1.4877,1.371,1.3682,1.4995,1.6182,1.6537,1.6078,1.4842,1.4188,1.3951,1.2642,1.1259,1.0555,1.0516,1.0658,1.0591,1.0221,0.971,0.9355,0.9377,0.9772,1.039,1.1072,1.1722,1.2299,1.2797,1.322,1.3581,1.3892,2.1256,2.2302,2.4035,2.6167,2.5531,2.1609,1.9055,1.7271,1.3652,1.1946,1.5656,1.7332,1.7424,1.6764,1.5316,1.4326,1.4196,1.262,1.1439,1.124,1.1298,1.1114,1.0476,0.9361,0.8087,0.7294,0.7409,0.8239,0.9333,1.0388,1.129,1.2028,1.2625,1.3108,1.3507,1.3841,2.153,2.2518,2.4071,2.587,2.5231,2.2049,2.0441,1.9826,1.7196,1.494,1.7539,1.8616,1.8067,1.6776,1.6641,1.5927,1.3797,0.9731,0.8507,1.0266,1.1269,1.1118,0.995,0.7757,0.5078,0.3561,0.424,0.6153,0.8121,0.9716,1.0923,1.1828,1.2513,1.3044,1.3467,1.3816,2.1531,2.221,2.3034,2.3599,2.3037,2.1796,2.1279,2.0178,2.1764,2.004,2.0109,1.985,1.9082,1.6668,1.706,1.6971,1.3153,0.332,0.2994,0.9166,1.1192,1.0996,0.9285,0.5581,0.0203,-0.2648,-0.0198,0.3863,0.7067,0.9251,1.0727,1.1753,1.2489,1.3039,1.3468,1.3819,2.1436,2.1846,2.2219,2.2369,2.2159,2.1868,2.1987,2.3008,2.2828,2.2362,2.2394,2.0355,1.9607,2.1118,2.0257,1.8291,1.5004,0.8578,0.722,1.0624,1.1419,1.0785,0.8946,0.4253,-0.4126,-0.8651,-0.3555,0.2679,0.6746,0.9227,1.08,1.1844,1.2567,1.3095,1.3505,1.3845,2.1366,2.1639,2.1866,2.1994,2.2034,2.211,2.2367,2.2828,2.3477,2.4815,2.6239,2.6074,2.5741,3.0161,2.3284,1.8563,1.5566,1.5318,1.3906,1.2625,1.0399,0.9577,0.9055,0.5654,-0.1181,-0.5118,-0.119,0.4005,0.7522,0.9734,1.1158,1.2095,1.273,1.319,1.3559,1.388,2.1356,2.1581,2.1789,2.1975,2.2169,2.2439,2.287,2.3595,2.4954,2.7601,3.1503,3.3376,3.0868,2.8025,2.4926,2.0323,1.7315,1.8473,1.7678,1.2877,0.4798,0.589,0.9186,0.8409,0.5306,0.3316,0.4414,0.6798,0.8949,1.0571,1.1699,1.2435,1.2914,1.3272,1.3594,1.3904,2.139,2.161,2.1836,2.2082,2.2377,2.2775,2.3362,2.4285,2.5815,2.8313,3.1273,3.1689,3.3281,3.38,2.7788,2.4346,2.2773,2.3605,2.3591,1.6492,0.4385,0.6051,1.0531,1.0772,0.9169,0.7818,0.7738,0.8755,1.0165,1.141,1.2265,1.2739,1.3002,1.3252,1.3559,1.3896,2.1447,2.1674,2.1923,2.2212,2.2567,2.3032,2.3673,2.4584,2.5865,2.7496,2.904,3.0311,3.3448,3.4015,2.9791,2.8163,2.6892,2.9553,3.349,2.5458,1.6864,1.3932,1.3829,1.2687,1.0324,0.7801,0.7185,0.8845,1.0804,1.2127,1.2749,1.2842,1.2815,1.3021,1.3422,1.3858,2.1506,2.1741,2.2006,2.2317,2.2696,2.3173,2.3789,2.4583,2.5568,2.6679,2.7771,2.8863,3.0048,3.0457,3.1871,3.2788,2.926,3.039,3.267,3.0372,2.4717,1.9891,1.7014,1.4191,0.9898,0.3833,0.2545,0.78,1.1427,1.2938,1.3169,1.2629,1.225,1.2602,1.3253,1.3848,2.1556,2.1794,2.2064,2.238,2.2755,2.3209,2.3762,2.4424,2.5185,2.5999,2.6808,2.7588,2.8328,2.9214,3.1172,3.1758,2.9426,2.9892,3.4075,3.605,2.8462,2.2863,1.9355,1.5957,1.1098,0.361,0.1984,0.9938,1.333,1.4236,1.3811,1.2569,1.1919,1.2463,1.3304,1.3984,2.1588,2.1824,2.209,2.2396,2.2751,2.3165,2.3645,2.4191,2.4789,2.541,2.6023,2.6612,2.7198,2.7888,2.8678,2.8804,2.8311,2.8956,3.136,3.1784,2.753,2.3852,2.1433,1.8531,1.5222,1.3832,1.7533,1.7461,1.6565,1.6188,1.517,1.3687,1.2889,1.3168,1.3795,1.4349,2.1601,2.1829,2.2084,2.2372,2.2698,2.3065,2.3477,2.3927,2.4403,2.4887,2.5359,2.581,2.6243,2.6663,2.6996,2.7076,2.7036,2.7322,2.7825,2.7352,2.5616,2.4648,2.4089,2.1363,1.8636,1.9064,2.2524,2.0797,1.924,1.8549,1.7124,1.5575,1.4616,1.4413,1.4608,1.4896,2.1594,2.1811,2.205,2.2315,2.2608,2.293,2.328,2.3651,2.4034,2.4415,2.478,2.5119,2.5424,2.5679,2.5845,2.5893,2.5876,2.5876,2.5778,2.5316,2.48,2.543,2.5803,2.3017,2.0281,1.9691,2.0392,2.0538,2.1428,2.0746,1.8837,1.717,1.6095,1.5588,1.5453,1.5496,2.1569,2.1772,2.1993,2.2233,2.2494,2.2773,2.3069,2.3376,2.3684,2.3985,2.4267,2.4519,2.4731,2.4887,2.4972,2.4977,2.4915,2.4794,2.4581,2.4278,2.4149,2.4528,2.4428,2.2687,2.0779,1.9908,1.9944,2.0622,2.1689,2.1122,1.9492,1.8045,1.7045,1.6453,1.6158,1.6045]}]