docs/data/wind_grid.json
{"header": {"la1":42.1,"la2":41.55,"lo1":12.1,"lo2":12.95,"nx":50,"ny":50,"dx":0.01735,"dy":0.01122,"parameterCategory":2,"parameterNumber":2,"parameterNumberName":"eastward_wind","parameterUnit":"m.s-1"}, "data":
[rows 0 to 39 of 50, columns 0 to 49 of 50]
-0.5476,-0.5462,-0.5449,-0.5438,-0.5429,-0.5423,-0.5419,-0.5418,-0.542,-0.5426,-0.5436,-0.5451,-0.5472,-0.5501,-0.5538,-0.5588,-0.5652,-0.5734,-0.5839,-0.5971,-0.6136,-0.6339,-0.6586,-0.6882,-0.7232,-0.7638,-0.8104,-0.8631,-0.9219,-0.9865,-1.0566,-1.1314,-1.2099,-1.2906,-1.3716,-1.4505,-1.5246,-1.5913,-1.648,-1.6928,-1.7249,-1.7441,-1.7515,-1.7484,-1.7368,-1.7185,-1.6954,-1.669,-1.6407,-1.6115
-0.5424,-0.5407,-0.5392,-0.5379,-0.5367,-0.5358,-0.5351,-0.5347,-0.5345,-0.5347,-0.5352,-0.5362,-0.5377,-0.5398,-0.5428,-0.547,-0.5525,-0.5598,-0.5694,-0.5819,-0.5977,-0.6176,-0.6422,-0.672,-0.7076,-0.7494,-0.7977,-0.8527,-0.9143,-0.9824,-1.0566,-1.1363,-1.2204,-1.3072,-1.3948,-1.4805,-1.5611,-1.6334,-1.6944,-1.7419,-1.7749,-1.7934,-1.7985,-1.7922,-1.7767,-1.7543,-1.7271,-1.6968,-1.665,-1.6325
-0.5373,-0.5353,-0.5336,-0.532,-0.5305,-0.5293,-0.5283,-0.5275,-0.527,-0.5267,-0.5268,-0.5272,-0.528,-0.5295,-0.5317,-0.5349,-0.5395,-0.5458,-0.5544,-0.5659,-0.581,-0.6003,-0.6246,-0.6546,-0.6908,-0.7337,-0.7837,-0.8409,-0.9055,-0.9772,-1.0557,-1.1404,-1.2303,-1.3237,-1.4184,-1.5114,-1.5991,-1.6776,-1.7435,-1.7939,-1.8277,-1.8451,-1.8475,-1.8374,-1.8175,-1.7905,-1.7588,-1.7243,-1.6887,-1.6529
-0.5321,-0.53,-0.5279,-0.5261,-0.5244,-0.5229,-0.5216,-0.5204,-0.5195,-0.5188,-0.5184,-0.5182,-0.5184,-0.5191,-0.5204,-0.5227,-0.5262,-0.5313,-0.5388,-0.5492,-0.5633,-0.5819,-0.6059,-0.6359,-0.6727,-0.7167,-0.7683,-0.8279,-0.8953,-0.9706,-1.0535,-1.1434,-1.2392,-1.3395,-1.4419,-1.5429,-1.6384,-1.7239,-1.795,-1.8486,-1.8831,-1.899,-1.8982,-1.8836,-1.8587,-1.8266,-1.7901,-1.7512,-1.7116,-1.6724
-0.527,-0.5246,-0.5223,-0.5202,-0.5183,-0.5165,-0.5148,-0.5134,-0.5121,-0.511,-0.51,-0.5093,-0.5088,-0.5087,-0.5091,-0.5103,-0.5126,-0.5165,-0.5227,-0.5318,-0.5447,-0.5625,-0.5859,-0.6159,-0.6531,-0.6982,-0.7516,-0.8134,-0.8838,-0.9627,-1.05,-1.145,-1.247,-1.3544,-1.4647,-1.5743,-1.6784,-1.7716,-1.8486,-1.9055,-1.9407,-1.9546,-1.9499,-1.9303,-1.8999,-1.8622,-1.8204,-1.7769,-1.7332,-1.6906
-0.5219,-0.5193,-0.5168,-0.5144,-0.5122,-0.5101,-0.5082,-0.5064,-0.5047,-0.5032,-0.5018,-0.5005,-0.4993,-0.4984,-0.4979,-0.4979,-0.4989,-0.5014,-0.506,-0.5136,-0.5252,-0.5419,-0.5647,-0.5945,-0.6322,-0.6784,-0.7334,-0.7976,-0.8709,-0.9534,-1.0449,-1.1451,-1.2531,-1.3677,-1.4863,-1.6051,-1.7185,-1.8201,-1.9036,-1.9641,-1.9997,-2.0113,-2.0021,-1.9768,-1.9402,-1.8966,-1.8494,-1.8011,-1.7533,-1.7073
-0.5168,-0.514,-0.5112,-0.5086,-0.5061,-0.5038,-0.5016,-0.4995,-0.4975,-0.4956,-0.4937,-0.4918,-0.49,-0.4882,-0.4866,-0.4855,-0.4851,-0.486,-0.4889,-0.4948,-0.5049,-0.5202,-0.5422,-0.5718,-0.6099,-0.6571,-0.7139,-0.7804,-0.8567,-0.9427,-1.0383,-1.1433,-1.2572,-1.3788,-1.5058,-1.6341,-1.7575,-1.8683,-1.9589,-2.0233,-2.0592,-2.0679,-2.0536,-2.022,-1.9788,-1.929,-1.8762,-1.8231,-1.7714,-1.722
-0.5118,-0.5087,-0.5057,-0.5029,-0.5001,-0.4975,-0.4951,-0.4927,-0.4903,-0.488,-0.4857,-0.4833,-0.4808,-0.4782,-0.4756,-0.4732,-0.4712,-0.4704,-0.4714,-0.4753,-0.4836,-0.4974,-0.5184,-0.5477,-0.5862,-0.6346,-0.6931,-0.762,-0.8412,-0.9305,-1.03,-1.1395,-1.2588,-1.3871,-1.5223,-1.6602,-1.794,-1.9147,-2.013,-2.0817,-2.1178,-2.1231,-2.1031,-2.0648,-2.0147,-1.9586,-1.9003,-1.8425,-1.787,-1.7346
-0.5068,-0.5035,-0.5003,-0.4972,-0.4942,-0.4914,-0.4886,-0.486,-0.4833,-0.4807,-0.478,-0.475,-0.4719,-0.4685,-0.4648,-0.461,-0.4575,-0.4547,-0.4536,-0.4553,-0.4614,-0.4735,-0.4933,-0.5222,-0.5612,-0.6108,-0.6713,-0.7426,-0.8246,-0.9171,-1.02,-1.1334,-1.2574,-1.3917,-1.5345,-1.6819,-1.8263,-1.9575,-2.0641,-2.1372,-2.1733,-2.175,-2.149,-2.1036,-2.0467,-1.9843,-1.9207,-1.8586,-1.7997,-1.7445
-0.5019,-0.4984,-0.4949,-0.4916,-0.4884,-0.4853,-0.4823,-0.4794,-0.4765,-0.4735,-0.4704,-0.467,-0.4633,-0.4591,-0.4544,-0.4492,-0.444,-0.4391,-0.4355,-0.4347,-0.4383,-0.4484,-0.4669,-0.4954,-0.535,-0.586,-0.6485,-0.7224,-0.8072,-0.9027,-1.0086,-1.1252,-1.2529,-1.3919,-1.5413,-1.6974,-1.8522,-1.9941,-2.1093,-2.1872,-2.2234,-2.2213,-2.1892,-2.1368,-2.0732,-2.0051,-1.9367,-1.8709,-1.809,-1.7515
-0.497,-0.4932,-0.4896,-0.486,-0.4826,-0.4793,-0.4761,-0.4729,-0.4698,-0.4666,-0.4631,-0.4594,-0.4551,-0.4501,-0.4444,-0.4379,-0.4308,-0.4237,-0.4175,-0.4137,-0.4145,-0.4222,-0.4393,-0.4675,-0.5077,-0.5603,-0.6252,-0.7017,-0.7894,-0.8876,-0.9959,-1.1147,-1.2448,-1.3871,-1.5414,-1.7048,-1.8692,-2.0215,-2.1456,-2.2284,-2.2649,-2.2592,-2.2212,-2.1625,-2.093,-2.0199,-1.9476,-1.8787,-1.8145,-1.7553
-0.4922,-0.4882,-0.4843,-0.4805,-0.4768,-0.4733,-0.4699,-0.4666,-0.4633,-0.4598,-0.4562,-0.452,-0.4473,-0.4417,-0.435,-0.4272,-0.4182,-0.4087,-0.3995,-0.3924,-0.3899,-0.395,-0.4105,-0.4384,-0.4797,-0.5343,-0.6017,-0.6811,-0.7715,-0.8722,-0.9824,-1.1024,-1.2333,-1.3767,-1.5338,-1.7023,-1.8747,-2.0365,-2.1691,-2.257,-2.2942,-2.2855,-2.2427,-2.1788,-2.1046,-2.0277,-1.9525,-1.8815,-1.8158,-1.7556
-0.4875,-0.4832,-0.4791,-0.4751,-0.4712,-0.4675,-0.4639,-0.4604,-0.4569,-0.4533,-0.4494,-0.4451,-0.44,-0.4338,-0.4263,-0.4172,-0.4065,-0.3944,-0.382,-0.3711,-0.3648,-0.3667,-0.3806,-0.4085,-0.4512,-0.5082,-0.5785,-0.6609,-0.7542,-0.8571,-0.9685,-1.0886,-1.2185,-1.3608,-1.5177,-1.6885,-1.8662,-2.0357,-2.176,-2.269,-2.3075,-2.2972,-2.2511,-2.1838,-2.1067,-2.0276,-1.951,-1.8791,-1.8128,-1.7524
-0.4828,-0.4783,-0.4739,-0.4697,-0.4656,-0.4617,-0.4579,-0.4543,-0.4507,-0.447,-0.443,-0.4385,-0.4332,-0.4266,-0.4184,-0.4082,-0.3957,-0.3811,-0.3652,-0.3501,-0.3392,-0.3376,-0.3497,-0.3782,-0.4229,-0.4828,-0.5563,-0.6419,-0.7381,-0.843,-0.9551,-1.074,-1.2011,-1.3396,-1.493,-1.6623,-1.8419,-2.0163,-2.1627,-2.2606,-2.3015,-2.2913,-2.2444,-2.1762,-2.0984,-2.0191,-1.9426,-1.871,-1.8053,-1.7454
-0.4782,-0.4734,-0.4688,-0.4643,-0.46,-0.4559,-0.452,-0.4483,-0.4446,-0.4409,-0.4369,-0.4324,-0.427,-0.4202,-0.4115,-0.4003,-0.3863,-0.3693,-0.3498,-0.3298,-0.3136,-0.3078,-0.3183,-0.348,-0.3956,-0.4589,-0.5358,-0.6248,-0.7238,-0.8306,-0.9428,-1.0595,-1.182,-1.314,-1.4603,-1.624,-1.8011,-1.9767,-2.127,-2.2292,-2.2736,-2.2661,-2.2213,-2.155,-2.0793,-2.0019,-1.9273,-1.8575,-1.7933,-1.7347
-0.4736,-0.4686,-0.4638,-0.4591,-0.4545,-0.4502,-0.4462,-0.4423,-0.4386,-0.4349,-0.4311,-0.4266,-0.4213,-0.4145,-0.4055,-0.3938,-0.3785,-0.3593,-0.3362,-0.311,-0.2887,-0.2777,-0.287,-0.3189,-0.3704,-0.4375,-0.5179,-0.6102,-0.7121,-0.8206,-0.9326,-1.0462,-1.1624,-1.2853,-1.4211,-1.5748,-1.7446,-1.9171,-2.0682,-2.174,-2.2233,-2.221,-2.1816,-2.1204,-2.0493,-1.9762,-1.9052,-1.8385,-1.7769,-1.7205
-0.4692,-0.4639,-0.4588,-0.4538,-0.4491,-0.4446,-0.4404,-0.4364,-0.4327,-0.4291,-0.4254,-0.4213,-0.4162,-0.4095,-0.4007,-0.3887,-0.3726,-0.3517,-0.3255,-0.295,-0.2654,-0.2484,-0.2568,-0.2926,-0.3489,-0.4199,-0.5036,-0.5988,-0.7035,-0.8137,-0.9253,-1.0352,-1.1438,-1.2555,-1.3776,-1.5172,-1.6751,-1.8399,-1.9886,-2.0967,-2.1519,-2.1574,-2.1264,-2.0732,-2.0095,-1.9425,-1.8768,-1.8144,-1.7564,-1.703
-0.4648,-0.4593,-0.4539,-0.4486,-0.4437,-0.439,-0.4346,-0.4306,-0.4269,-0.4234,-0.42,-0.4162,-0.4115,-0.4054,-0.3969,-0.3851,-0.3689,-0.3471,-0.3187,-0.2835,-0.246,-0.2216,-0.23,-0.2717,-0.3333,-0.4075,-0.4935,-0.5913,-0.6985,-0.8106,-0.9217,-1.0276,-1.1278,-1.2267,-1.3327,-1.4551,-1.597,-1.75,-1.8929,-2.0019,-2.0633,-2.0785,-2.0582,-2.0155,-1.9611,-1.9021,-1.8429,-1.7859,-1.7323,-1.6825
-0.4605,-0.4547,-0.449,-0.4435,-0.4383,-0.4333,-0.4288,-0.4247,-0.4211,-0.4178,-0.4146,-0.4113,-0.4073,-0.4018,-0.3941,-0.383,-0.3674,-0.3459,-0.3169,-0.2789,-0.2342,-0.2016,-0.2112,-0.2601,-0.3259,-0.4014,-0.4883,-0.5878,-0.6975,-0.8115,-0.9225,-1.0245,-1.1159,-1.2011,-1.2897,-1.3926,-1.5159,-1.6538,-1.7882,-1.8962,-1.9634,-1.9888,-1.9806,-1.9498,-1.906,-1.8562,-1.8045,-1.7537,-1.7051,-1.6594
-0.4563,-0.4503,-0.4443,-0.4384,-0.4329,-0.4277,-0.4229,-0.4188,-0.4151,-0.412,-0.4093,-0.4066,-0.4033,-0.3988,-0.3922,-0.3823,-0.368,-0.348,-0.3208,-0.2839,-0.2364,-0.1969,-0.2084,-0.2627,-0.3284,-0.402,-0.4881,-0.5885,-0.7005,-0.8167,-0.9281,-1.0266,-1.1095,-1.181,-1.2517,-1.3344,-1.4376,-1.5586,-1.682,-1.7871,-1.8588,-1.8939,-1.8977,-1.8791,-1.8466,-1.8063,-1.7628,-1.7186,-1.6754,-1.6341
-0.4523,-0.4459,-0.4396,-0.4334,-0.4275,-0.422,-0.417,-0.4127,-0.4091,-0.4062,-0.4039,-0.4019,-0.3996,-0.3962,-0.391,-0.3827,-0.3704,-0.353,-0.3299,-0.2994,-0.2591,-0.2218,-0.2332,-0.2827,-0.3407,-0.4086,-0.4923,-0.593,-0.7071,-0.8259,-0.9383,-1.0341,-1.1091,-1.1676,-1.2211,-1.2842,-1.3674,-1.4708,-1.5818,-1.6817,-1.7559,-1.7989,-1.8136,-1.8066,-1.7849,-1.7542,-1.7188,-1.6815,-1.6439,-1.6072
-0.4484,-0.4416,-0.435,-0.4285,-0.4222,-0.4163,-0.411,-0.4065,-0.4028,-0.4001,-0.3983,-0.397,-0.3958,-0.3939,-0.3902,-0.3839,-0.374,-0.3601,-0.3425,-0.3226,-0.3011,-0.2829,-0.288,-0.3165,-0.3595,-0.4196,-0.5,-0.6006,-0.7168,-0.8385,-0.9524,-1.0465,-1.1149,-1.1617,-1.1996,-1.2446,-1.3091,-1.3951,-1.4928,-1.5857,-1.6598,-1.7083,-1.7318,-1.7348,-1.723,-1.7014,-1.6738,-1.6431,-1.6111,-1.5791
-0.4446,-0.4375,-0.4305,-0.4236,-0.4169,-0.4106,-0.4049,-0.4001,-0.3963,-0.3937,-0.3924,-0.392,-0.392,-0.3915,-0.3897,-0.3855,-0.3782,-0.3679,-0.356,-0.3467,-0.3455,-0.3508,-0.3472,-0.3514,-0.3795,-0.4325,-0.5101,-0.6106,-0.7286,-0.8532,-0.9692,-1.0624,-1.1256,-1.1627,-1.1872,-1.2165,-1.2643,-1.3341,-1.4181,-1.5024,-1.5739,-1.6251,-1.6549,-1.6661,-1.6628,-1.6492,-1.6288,-1.6044,-1.5777,-1.5502
-0.441,-0.4336,-0.4262,-0.4188,-0.4117,-0.4049,-0.3987,-0.3935,-0.3895,-0.3869,-0.386,-0.3865,-0.3879,-0.3891,-0.3891,-0.3872,-0.3825,-0.3754,-0.368,-0.3654,-0.3739,-0.3869,-0.3809,-0.376,-0.3969,-0.4458,-0.5216,-0.6221,-0.7416,-0.8685,-0.9865,-1.0795,-1.139,-1.1686,-1.1826,-1.1992,-1.2327,-1.2876,-1.3583,-1.433,-1.4997,-1.5511,-1.5848,-1.6019,-1.6054,-1.5986,-1.5847,-1.5659,-1.5443,-1.521
-0.4376,-0.4299,-0.422,-0.4142,-0.4065,-0.3992,-0.3924,-0.3866,-0.3822,-0.3796,-0.3791,-0.3806,-0.3834,-0.3865,-0.3885,-0.3886,-0.3864,-0.3821,-0.3776,-0.3774,-0.3854,-0.3945,-0.3909,-0.3896,-0.4108,-0.4588,-0.5339,-0.6343,-0.7545,-0.8827,-1.0019,-1.0949,-1.1521,-1.1766,-1.1832,-1.1901,-1.212,-1.2541,-1.3123,-1.3768,-1.4374,-1.4869,-1.5221,-1.5431,-1.5517,-1.5505,-1.542,-1.5283,-1.5112,-1.492
-0.4345,-0.4263,-0.4181,-0.4098,-0.4015,-0.3936,-0.3861,-0.3796,-0.3745,-0.3716,-0.3714,-0.3739,-0.3786,-0.3837,-0.3878,-0.3898,-0.3897,-0.3876,-0.385,-0.3849,-0.3892,-0.3934,-0.3931,-0.3986,-0.4231,-0.472,-0.5468,-0.6466,-0.766,-0.8939,-1.013,-1.1056,-1.1615,-1.1834,-1.1857,-1.1863,-1.1994,-1.2307,-1.2775,-1.3321,-1.3858,-1.4319,-1.4669,-1.4901,-1.5023,-1.5054,-1.5013,-1.492,-1.4789,-1.4633
-0.4316,-0.4231,-0.4144,-0.4056,-0.3968,-0.3881,-0.3798,-0.3724,-0.3664,-0.3629,-0.3627,-0.3664,-0.3732,-0.3809,-0.3871,-0.3908,-0.3922,-0.3919,-0.3908,-0.3906,-0.3921,-0.394,-0.3968,-0.4078,-0.4358,-0.4858,-0.5601,-0.6582,-0.7754,-0.9008,-1.0179,-1.1093,-1.1646,-1.1861,-1.1869,-1.1842,-1.1913,-1.2141,-1.2513,-1.2967,-1.3433,-1.3852,-1.4187,-1.4426,-1.4571,-1.4634,-1.4629,-1.4572,-1.4476,-1.4352
-0.4289,-0.4201,-0.4111,-0.4018,-0.3923,-0.3828,-0.3736,-0.3651,-0.358,-0.3534,-0.3528,-0.3576,-0.3672,-0.3783,-0.387,-0.3918,-0.394,-0.3951,-0.3955,-0.3959,-0.3968,-0.3988,-0.4043,-0.4192,-0.4497,-0.5003,-0.5734,-0.6687,-0.7818,-0.9027,-1.0159,-1.1049,-1.16,-1.1826,-1.1846,-1.1813,-1.185,-1.2016,-1.2308,-1.2683,-1.3082,-1.3455,-1.3768,-1.4005,-1.4162,-1.4246,-1.4269,-1.4241,-1.4175,-1.408
-0.4266,-0.4175,-0.4081,-0.3983,-0.3882,-0.378,-0.3678,-0.358,-0.3493,-0.3432,-0.3416,-0.3471,-0.3602,-0.3761,-0.3877,-0.3931,-0.3954,-0.3972,-0.3992,-0.4011,-0.4032,-0.4067,-0.4149,-0.4325,-0.4647,-0.5152,-0.5863,-0.6776,-0.7852,-0.8998,-1.0073,-1.093,-1.1478,-1.1727,-1.1775,-1.1757,-1.1781,-1.1907,-1.2139,-1.2448,-1.2787,-1.3116,-1.3402,-1.3629,-1.3791,-1.389,-1.3933,-1.3929,-1.3888,-1.3817
-0.4247,-0.4153,-0.4055,-0.3953,-0.3846,-0.3737,-0.3624,-0.3513,-0.3409,-0.3327,-0.3292,-0.3347,-0.3517,-0.3741,-0.3896,-0.395,-0.3963,-0.3984,-0.4019,-0.4059,-0.4102,-0.4161,-0.4269,-0.4468,-0.48,-0.5299,-0.5982,-0.6848,-0.7858,-0.8928,-0.9934,-1.0749,-1.1292,-1.1567,-1.1655,-1.1666,-1.1695,-1.1799,-1.1989,-1.2245,-1.2534,-1.2821,-1.3081,-1.3295,-1.3456,-1.3563,-1.3621,-1.3635,-1.3615,-1.3565
-0.4231,-0.4135,-0.4034,-0.3928,-0.3817,-0.37,-0.3579,-0.3455,-0.3333,-0.3226,-0.3163,-0.3204,-0.341,-0.3718,-0.3921,-0.3971,-0.397,-0.399,-0.4039,-0.4101,-0.417,-0.4257,-0.4391,-0.461,-0.4948,-0.5436,-0.6089,-0.6902,-0.7839,-0.8827,-0.9758,-1.0526,-1.1061,-1.1363,-1.1492,-1.154,-1.1586,-1.1682,-1.1844,-1.2061,-1.2309,-1.2561,-1.2795,-1.2994,-1.3151,-1.3262,-1.333,-1.336,-1.3355,-1.3324
-0.422,-0.4122,-0.4019,-0.391,-0.3795,-0.3673,-0.3544,-0.3409,-0.3271,-0.3141,-0.3047,-0.3061,-0.3287,-0.3677,-0.3932,-0.3981,-0.3973,-0.3994,-0.4055,-0.4137,-0.4232,-0.4347,-0.4507,-0.4742,-0.5085,-0.556,-0.618,-0.6938,-0.7802,-0.8706,-0.9563,-1.0282,-1.0805,-1.1128,-1.1298,-1.1384,-1.1454,-1.1553,-1.1699,-1.1888,-1.2104,-1.2327,-1.2538,-1.2723,-1.2873,-1.2986,-1.306,-1.3101,-1.311,-1.3093
-0.4213,-0.4114,-0.4009,-0.3899,-0.3781,-0.3655,-0.3522,-0.338,-0.3232,-0.3086,-0.2969,-0.2957,-0.318,-0.3613,-0.3907,-0.3972,-0.3971,-0.4,-0.4072,-0.4172,-0.4289,-0.443,-0.4612,-0.4862,-0.5208,-0.5668,-0.6254,-0.6959,-0.7751,-0.8576,-0.936,-1.003,-1.0539,-1.0879,-1.1083,-1.1206,-1.1302,-1.141,-1.1549,-1.172,-1.1912,-1.2111,-1.2303,-1.2474,-1.2618,-1.273,-1.2809,-1.2857,-1.2878,-1.2873
-0.421,-0.4111,-0.4006,-0.3894,-0.3776,-0.3649,-0.3514,-0.337,-0.3219,-0.3069,-0.2948,-0.2928,-0.3136,-0.3547,-0.3849,-0.3942,-0.3966,-0.4009,-0.4093,-0.4207,-0.4343,-0.4505,-0.4706,-0.4969,-0.5314,-0.576,-0.6313,-0.6966,-0.7692,-0.8443,-0.916,-0.9784,-1.0275,-1.0625,-1.0858,-1.1013,-1.1135,-1.1256,-1.1394,-1.1553,-1.1729,-1.191,-1.2086,-1.2245,-1.2382,-1.2492,-1.2574,-1.2629,-1.2658,-1.2664
-0.4211,-0.4113,-0.4008,-0.3897,-0.3779,-0.3654,-0.352,-0.3379,-0.3233,-0.3093,-0.2986,-0.2978,-0.3164,-0.351,-0.3788,-0.3908,-0.3962,-0.4024,-0.412,-0.4246,-0.4396,-0.4574,-0.479,-0.5062,-0.5407,-0.5837,-0.6359,-0.6964,-0.7628,-0.8313,-0.8969,-0.955,-1.0022,-1.0377,-1.063,-1.0813,-1.0958,-1.1093,-1.1234,-1.1388,-1.1552,-1.172,-1.1883,-1.2033,-1.2163,-1.2271,-1.2355,-1.2414,-1.245,-1.2465
-0.4218,-0.412,-0.4016,-0.3907,-0.3792,-0.367,-0.3541,-0.3407,-0.3273,-0.315,-0.3066,-0.3076,-0.3237,-0.3511,-0.375,-0.3885,-0.3965,-0.4046,-0.4153,-0.4289,-0.445,-0.464,-0.4867,-0.5145,-0.5486,-0.5901,-0.6393,-0.6954,-0.7563,-0.8189,-0.8791,-0.9331,-0.9783,-1.0139,-1.0407,-1.0611,-1.0776,-1.0925,-1.1071,-1.1223,-1.138,-1.1538,-1.1691,-1.1833,-1.1958,-1.2064,-1.2148,-1.2211,-1.2253,-1.2275
-0.4228,-0.4132,-0.4031,-0.3924,-0.3813,-0.3696,-0.3574,-0.3451,-0.3331,-0.3229,-0.317,-0.3193,-0.3328,-0.3542,-0.3741,-0.3879,-0.3978,-0.4076,-0.4193,-0.4336,-0.4506,-0.4704,-0.4939,-0.5218,-0.5554,-0.5954,-0.6418,-0.6939,-0.7499,-0.8072,-0.8626,-0.913,-0.9562,-0.9914,-1.0192,-1.0412,-1.0593,-1.0754,-1.0907,-1.106,-1.1212,-1.1364,-1.1509,-1.1644,-1.1765,-1.1869,-1.1954,-1.2019,-1.2066,-1.2094
-0.4243,-0.4149,-0.4051,-0.3948,-0.3841,-0.3731,-0.3618,-0.3506,-0.3403,-0.3321,-0.3281,-0.3311,-0.3423,-0.3592,-0.3759,-0.3893,-0.4003,-0.4113,-0.4239,-0.4388,-0.4563,-0.4767,-0.5005,-0.5285,-0.5614,-0.5998,-0.6435,-0.692,-0.7437,-0.7965,-0.8476,-0.8946,-0.9359,-0.9705,-0.9988,-1.0219,-1.0413,-1.0584,-1.0744,-1.0897,-1.1048,-1.1195,-1.1335,-1.1466,-1.1583,-1.1685,-1.177,-1.1838,-1.1888,-1.1922
-0.4261,-0.417,-0.4076,-0.3978,-0.3876,-0.3773,-0.367,-0.3571,-0.3483,-0.3419,-0.3393,-0.3425,-0.3518,-0.3654,-0.3796,-0.3924,-0.404,-0.4158,-0.429,-0.4444,-0.4623,-0.483,-0.5069,-0.5346,-0.5667,-0.6035,-0.6448,-0.6901,-0.7379,-0.7866,-0.834,-0.878,-0.9173,-0.9511,-0.9796,-1.0034,-1.0237,-1.0417,-1.0582,-1.0738,-1.0888,-1.1032,-1.1169,-1.1295,-1.141,-1.1511,-1.1596,-1.1665,-1.1719,-1.1757
-0.4284,-0.4196,-0.4105,-0.4012,-0.3917,-0.3822,-0.3729,-0.3642,-0.3568,-0.3517,-0.3502,-0.3533,-0.3612,-0.3724,-0.3848,-0.3969,-0.4086,-0.4209,-0.4346,-0.4503,-0.4684,-0.4892,-0.513,-0.5403,-0.5715,-0.6067,-0.6457,-0.688,-0.7325,-0.7776,-0.8217,-0.863,-0.9004,-0.9333,-0.9616,-0.9858,-1.0068,-1.0254,-1.0424,-1.0582,-1.0732,-1.0875,-1.1009,-1.1133,-1.1245,-1.1345,-1.143,-1.1501,-1.1558,-1.16
