docs/data/wind_grid.json
[{"header":{"la1":42.85,"la2":41.18,"lo1":11.55,"lo2":14.05,"nx":36,"ny":24,"dx":0.07143,"dy":0.07261,"parameterCategory":2,"parameterNumber":2,"parameterNumberName":"eastward_wind","parameterUnit":"m.s-1"},"data":[-0.6838,-0.6912,-0.697,-0.7009,-0.7028,-0.7025,-0.6989,-0.6911,-0.6782,-0.6607,-0.6408,-0.6212,-0.6044,-0.5921,-0.5844,-0.5803,-0.5778,-0.5741,-0.5667,-0.5545,-0.5388,-0.5237,-0.513,-0.5083,-0.5081,-0.5098,-0.5115,-0.5121,-0.5115,-0.5098,-0.5073,-0.5043,-0.5011,-0.4978,-0.4946,-0.4914,-0.7064,-0.7164,-0.7244,-0.7304,-0.7347,-0.7371,-0.7362,-0.7294,-0.7141,-0.6903,-0.6617,-0.6338,-0.611,-0.5957,-0.5881,-0.5865,-0.5876,-0.5865,-0.5781,-0.5592,-0.5322,-0.5064,-0.4913,-0.4893,-0.4953,-0.5029,-0.5085,-0.5114,-0.5117,-0.5103,-0.5077,-0.5045,-0.501,-0.4974,-0.4939,-0.4905,-0.733,-0.7465,-0.7574,-0.7659,-0.7732,-0.7806,-0.7864,-0.7846,-0.7675,-0.7334,-0.6899,-0.6481,-0.616,-0.5966,-0.5898,-0.5931,-0.6016,-0.6073,-0.5992,-0.5682,-0.5167,-0.4669,-0.4454,-0.4546,-0.4757,-0.4943,-0.506,-0.5115,-0.5127,-0.5112,-0.5083,-0.5046,-0.5007,-0.4968,-0.493,-0.4894,-0.7646,-0.7833,-0.7979,-0.8086,-0.8188,-0.834,-0.8548,-0.869,-0.8538,-0.8005,-0.7285,-0.6629,-0.6167,-0.592,-0.5872,-0.599,-0.6216,-0.6432,-0.6421,-0.592,-0.4861,-0.377,-0.3503,-0.3967,-0.4512,-0.4873,-0.506,-0.5136,-0.5148,-0.5127,-0.5091,-0.5047,-0.5002,-0.4959,-0.4917,-0.4879,-0.8026,-0.8297,-0.8499,-0.8615,-0.8711,-0.8947,-0.9455,-1.0051,-1.0051,-0.9093,-0.7788,-0.674,-0.6086,-0.578,-0.5764,-0.6005,-0.6469,-0.7033,-0.7322,-0.6647,-0.4507,-0.1934,-0.1819,-0.3275,-0.4355,-0.4894,-0.5119,-0.5188,-0.5184,-0.5147,-0.5098,-0.5045,-0.4994,-0.4945,-0.4901,-0.4861,-0.8479,-0.8904,-0.9223,-0.9333,-0.9304,-0.9513,-1.0468,-1.2181,-1.2759,-1.0714,-0.8273,-0.6694,-0.5848,-0.5492,-0.5512,-0.5895,-0.6679,-0.7869,-0.9021,-0.851,-0.5226,-0.0706,-0.0898,-0.3284,-0.4583,-0.5095,-0.5256,-0.5272,-0.523,-0.5168,-0.5102,-0.5038,-0.498,-0.4927,-0.488,-0.4838,-0.8985,-0.9689,-1.0309,-1.047,-1.0069,-0.9849,-1.0924,-1.4046,-1.5727,-1.1834,-0.8193,-0.63,-0.5384,-0.5007,-0.5039,-0.5521,-0.6578,-0.8374,-1.0616,-1.0445,-0.7819,-0.4762,-0.3935,-0.4792,-0.5324,-0.5473,-0.545,-0.5367,-0.5271,-0.5179,-0.5096,-0.5022,-0.4958,-0.4901,-0.4852,-0.4809,-0.9439,-1.0561,-1.188,-1.2449,-1.1242,-0.9909,-1.0026,-1.1968,-1.292,-0.9828,-0.6987,-0.5478,-0.4695,-0.4304,-0.425,-0.4721,-0.5911,-0.7741,-0.9591,-1.0222,-1.1084,-1.025,-0.7986,-0.6762,-0.6205,-0.5869,-0.5624,-0.5436,-0.5288,-0.517,-0.5074,-0.4993,-0.4925,-0.4867,-0.4816,-0.4773,-0.9631,-1.1047,-1.3203,-1.4806,-1.2331,-0.9707,-0.8535,-0.8231,-0.7645,-0.6328,-0.521,-0.4452,-0.3895,-0.3426,-0.2998,-0.324,-0.4771,-0.676,-0.8661,-1.1189,-1.5876,-1.4786,-1.0376,-0.7934,-0.6732,-0.6079,-0.5688,-0.5434,-0.5259,-0.5131,-0.5031,-0.4949,-0.4881,-0.4822,-0.4773,-0.4731,-0.9412,-1.0612,-1.2171,-1.3044,-1.1216,-0.9058,-0.734,-0.5923,-0.4303,-0.3433,-0.3632,-0.3527,-0.3143,-0.2583,-0.1221,-0.0523,-0.361,-0.6339,-0.8344,-1.0674,-1.3933,-1.3338,-1.0121,-0.7932,-0.6699,-0.5997,-0.5587,-0.5338,-0.5175,-0.5058,-0.4967,-0.489,-0.4824,-0.4768,-0.472,-0.468,-0.8902,-0.9716,-1.045,-1.0766,-1.0397,-0.846,-0.6635,-0.5029,-0.2067,-0.0668,-0.2607,-0.2855,-0.2472,-0.2028,-0.1138,-0.0416,-0.4127,-0.736,-0.905,-0.9683,-1.0215,-0.9844,-0.8476,-0.7141,-0.6205,-0.5636,-0.5324,-0.5152,-0.5043,-0.4959,-0.4886,-0.4818,-0.4757,-0.4702,-0.4656,-0.4619,-0.8285,-0.888,-0.9553,-1.0306,-0.9853,-0.7767,-0.6448,-0.5929,-0.3799,-0.2051,-0.2625,-0.2407,-0.18,-0.0955,-0.163,-0.3357,-0.6546,-1.1465,-1.285,-1.0509,-0.8894,-0.7923,-0.7011,-0.6147,-0.5469,-0.508,-0.4943,-0.4911,-0.4887,-0.4849,-0.4797,-0.4738,-0.4678,-0.4624,-0.458,-0.4547,-0.7629,-0.8015,-0.8399,-0.8586,-0.8013,-0.6893,-0.648,-0.7081,-0.6057,-0.387,-0.2707,-0.1948,-0.1514,-0.047,-0.139,-0.4358,-0.8262,-1.9955,-2.0458,-1.1788,-0.8222,-0.6694,-0.5864,-0.5244,-0.4707,-0.4445,-0.4534,-0.4678,-0.4748,-0.4751,-0.4713,-0.4652,-0.4587,-0.4529,-0.4486,-0.4458,-0.6981,-0.7165,-0.7266,-0.7156,-0.6723,-0.62,-0.6091,-0.6446,-0.5708,-0.3705,-0.2338,-0.143,-0.125,-0.192,-0.3101,-0.5134,-0.7369,-1.3731,-1.5052,-0.9735,-0.6574,-0.5216,-0.4761,-0.4547,-0.4236,-0.4037,-0.4278,-0.4543,-0.4669,-0.4688,-0.464,-0.4558,-0.4474,-0.4406,-0.4364,-0.4346,-0.6393,-0.6436,-0.6388,-0.6202,-0.5879,-0.5533,-0.53,-0.5031,-0.4146,-0.2679,-0.1561,-0.1228,-0.1214,-0.0212,-0.3561,-0.5675,-1.236,-0.9208,-0.8111,-0.5812,-0.3557,-0.2983,-0.3482,-0.397,-0.4151,-0.4145,-0.4335,-0.4574,-0.4689,-0.4677,-0.4578,-0.4441,-0.4314,-0.423,-0.4197,-0.4202,-0.5889,-0.5848,-0.5732,-0.5525,-0.5235,-0.4897,-0.4512,-0.3955,-0.3005,-0.1562,0.0177,-0.0161,-0.0766,-0.1554,-0.3368,-0.6734,-1.036,-0.7002,-0.4576,-0.2374,0.0517,-0.0096,-0.2161,-0.3391,-0.4044,-0.4368,-0.4612,-0.4795,-0.4835,-0.4726,-0.451,-0.4257,-0.4054,-0.3957,-0.3957,-0.4013,-0.547,-0.538,-0.523,-0.5012,-0.4727,-0.4375,-0.3934,-0.3333,-0.2483,-0.1311,-0.0027,-0.0373,-0.0613,-0.0754,-0.2231,-0.3684,-0.4287,-0.2576,-0.0639,-0.0227,0.1297,0.0552,-0.1598,-0.3086,-0.41,-0.478,-0.5162,-0.5263,-0.5141,-0.4838,-0.4394,-0.3919,-0.3594,-0.3517,-0.3618,-0.3777,-0.5125,-0.5008,-0.4841,-0.4619,-0.4339,-0.3993,-0.3567,-0.3036,-0.2385,-0.167,-0.1117,-0.0938,-0.0609,-0.0483,-0.0494,-0.0462,-0.0736,0.1895,0.5081,0.1926,0.0497,-0.0381,-0.1715,-0.3169,-0.4576,-0.5727,-0.6198,-0.6045,-0.5628,-0.5013,-0.4181,-0.3293,-0.2785,-0.2848,-0.3183,-0.3517,-0.4843,-0.4711,-0.4538,-0.4319,-0.4052,-0.3731,-0.3351,-0.2911,-0.2425,-0.1944,-0.1547,-0.1235,-0.0863,-0.0107,0.2611,0.3861,0.126,0.2527,0.436,0.3269,0.139,-0.0245,-0.1703,-0.3364,-0.5321,-0.7126,-0.754,-0.6991,-0.6263,-0.528,-0.393,-0.2397,-0.1669,-0.2078,-0.2775,-0.3311,-0.4613,-0.4475,-0.4302,-0.4093,-0.3844,-0.3555,-0.3226,-0.2863,-0.2481,-0.2104,-0.1752,-0.1393,-0.0893,0.0135,0.2316,0.3072,0.1531,0.2083,0.4508,0.555,0.2362,0.0262,-0.1315,-0.3244,-0.5654,-0.7622,-0.7993,-0.7945,-0.7047,-0.573,-0.4021,-0.2041,-0.1173,-0.18,-0.2664,-0.3269,-0.4427,-0.4288,-0.4121,-0.3924,-0.3696,-0.3439,-0.3154,-0.2848,-0.253,-0.2209,-0.1884,-0.1523,-0.1043,-0.0319,0.0576,0.0966,0.0916,0.1561,0.3082,0.3531,0.2024,0.0972,-0.0095,-0.235,-0.5442,-0.8454,-1.1064,-1.0177,-0.7964,-0.6328,-0.4731,-0.3039,-0.2175,-0.2425,-0.2986,-0.3434,-0.4276,-0.414,-0.3981,-0.3798,-0.3591,-0.3362,-0.3114,-0.285,-0.2576,-0.2294,-0.2,-0.1673,-0.1282,-0.0813,-0.0341,-0.0008,0.0267,0.0752,0.1387,0.1677,0.1847,0.2965,0.3051,-0.0311,-0.4711,-0.9258,-1.3378,-1.1269,-0.8038,-0.6718,-0.5573,-0.4355,-0.3562,-0.3382,-0.3524,-0.3724,-0.4154,-0.4023,-0.3874,-0.3705,-0.3518,-0.3314,-0.3095,-0.2864,-0.2624,-0.2375,-0.2115,-0.1833,-0.1523,-0.119,-0.0864,-0.0574,-0.0283,0.0072,0.048,0.097,0.2113,0.4805,0.5684,0.1373,-0.3495,-0.7376,-0.9545,-0.8518,-0.7067,-0.6804,-0.6078,-0.5163,-0.4467,-0.4113,-0.4007,-0.4019,-0.4056,-0.3932,-0.3793,-0.3638,-0.3468,-0.3285,-0.3091,-0.2887,-0.2676,-0.2457,-0.2229,-0.199,-0.1739,-0.1482,-0.1227,-0.0981,-0.0729,-0.0445,-0.0095,0.0439,0.1483,0.3088,0.3277,0.057,-0.2862,-0.5561,-0.6997,-0.7095,-0.6902,-0.6743,-0.6164,-0.5466,-0.4899,-0.4531,-0.4335,-0.4248]},{"header":{"la1":42.85,"la2":41.18,"lo1":11.55,"lo2":14.05,"nx":36,"ny":24,"dx":0.07143,"dy":0.07261,"parameterCategory":2,"parameterNumber":3,"parameterNumberName":"northward_wind","parameterUnit":"m.s-1"},"data":[-0.7261,-0.7221,-0.7161,-0.708,-0.698,-0.6865,-0.6746,-0.6632,-0.6528,-0.6431,-0.6331,-0.6212,-0.6066,-0.5888,-0.5681,-0.5456,-0.5231,-0.5029,-0.4873,-0.4777,-0.4738,-0.4739,-0.4758,-0.4784,-0.4814,-0.4853,-0.4902,-0.4963,-0.5032,-0.5109,-0.5191,-0.5274,-0.5359,-0.5443,-0.5524,-0.5603,-0.7368,-0.733,-0.7264,-0.7169,-0.7043,-0.6895,-0.6742,-0.6604,-0.6496,-0.6414,-0.6337,-0.6236,-0.6091,-0.5894,-0.5648,-0.5368,-0.5078,-0.4819,-0.4633,-0.4547,-0.4553,-0.4606,-0.466,-0.4695,-0.4724,-0.476,-0.4813,-0.4882,-0.4962,-0.5052,-0.5146,-0.5242,-0.5338,-0.5432,-0.5523,-0.561,-0.7492,-0.746,-0.7391,-0.7277,-0.7112,-0.6906,-0.6686,-0.6498,-0.6384,-0.6343,-0.6325,-0.6269,-0.6141,-0.5927,-0.5633,-0.5274,-0.4885,-0.4531,-0.4297,-0.4248,-0.4367,-0.4539,-0.4643,-0.4661,-0.4656,-0.4674,-0.4724,-0.48,-0.4893,-0.4997,-0.5105,-0.5216,-0.5325,-0.5431,-0.5532,-0.5628,-0.7638,-0.7621,-0.7556,-0.7422,-0.7202,-0.6895,-0.6539,-0.623,-0.6097,-0.6156,-0.6275,-0.6318,-0.6229,-0.6006,-0.5655,-0.5189,-0.4642,-0.411,-0.3774,-0.3813,-0.4217,-0.468,-0.4832,-0.4726,-0.4616,-0.4588,-0.463,-0.4716,-0.4825,-0.4946,-0.5072,-0.5198,-0.5322,-0.544,-0.5553,-0.5658,-0.7807,-0.7821,-0.7777,-0.7633,-0.7346,-0.6883,-0.6252,-0.5631,-0.5418,-0.574,-0.6177,-0.6405,-0.6384,-0.616,-0.5753,-0.5154,-0.4362,-0.3478,-0.2857,-0.303,-0.4096,-0.5294,-0.5384,-0.4873,-0.456,-0.448,-0.4525,-0.4629,-0.4761,-0.4903,-0.5048,-0.5192,-0.5332,-0.5464,-0.5589,-0.5703,-0.7996,-0.8069,-0.8083,-0.796,-0.7616,-0.696,-0.5866,-0.4462,-0.3947,-0.4994,-0.6097,-0.659,-0.6643,-0.6427,-0.5986,-0.5261,-0.4155,-0.2633,-0.1196,-0.1416,-0.3495,-0.5787,-0.5725,-0.4783,-0.4377,-0.4317,-0.4401,-0.4542,-0.4703,-0.4871,-0.5038,-0.5202,-0.5359,-0.5507,-0.5643,-0.5768,-0.8187,-0.8358,-0.8502,-0.8465,-0.8093,-0.7315,-0.5839,-0.3325,-0.2136,-0.449,-0.6346,-0.6979,-0.7038,-0.6845,-0.6437,-0.5671,-0.4326,-0.2174,0.0449,0.0293,-0.2003,-0.381,-0.4319,-0.4065,-0.3994,-0.4096,-0.4268,-0.4461,-0.4658,-0.4855,-0.5046,-0.5232,-0.5408,-0.5572,-0.5722,-0.5856,-0.8335,-0.8635,-0.9033,-0.921,-0.8751,-0.7997,-0.6872,-0.4977,-0.4117,-0.5985,-0.7323,-0.7629,-0.7556,-0.7431,-0.7224,-0.6581,-0.5177,-0.3074,-0.0954,-0.0519,-0.0391,-0.0949,-0.23,-0.3104,-0.3553,-0.3879,-0.4154,-0.4402,-0.4636,-0.4861,-0.5079,-0.5288,-0.5485,-0.5668,-0.5832,-0.5975,-0.8371,-0.8728,-0.9428,-1.0034,-0.9188,-0.8615,-0.8424,-0.821,-0.8391,-0.8923,-0.8869,-0.8418,-0.8091,-0.8147,-0.8586,-0.8373,-0.6625,-0.4468,-0.2588,-0.0688,0.2312,0.1651,-0.1025,-0.2506,-0.3275,-0.3749,-0.4094,-0.4382,-0.4644,-0.4896,-0.514,-0.5376,-0.5599,-0.5801,-0.598,-0.6132,-0.8257,-0.8427,-0.8764,-0.9002,-0.8365,-0.881,-0.9741,-1.0766,-1.2121,-1.2423,-1.0648,-0.9102,-0.8446,-0.8724,-1.0782,-1.1983,-0.8162,-0.5348,-0.3472,-0.1453,0.0977,0.0692,-0.1225,-0.2508,-0.3263,-0.3751,-0.4108,-0.4406,-0.4685,-0.4962,-0.5238,-0.5507,-0.5759,-0.5985,-0.6179,-0.6338,-0.8089,-0.7949,-0.7354,-0.575,-0.616,-0.8813,-1.0954,-1.2612,-1.5424,-1.6924,-1.2045,-0.9362,-0.8507,-0.8638,-1.0418,-1.2008,-0.7711,-0.5267,-0.3966,-0.2776,-0.1705,-0.1537,-0.2157,-0.2873,-0.3451,-0.3877,-0.4194,-0.4472,-0.4757,-0.5061,-0.5378,-0.569,-0.5981,-0.6236,-0.6446,-0.6607,-0.8014,-0.7789,-0.7108,-0.5864,-0.6473,-0.9626,-1.2497,-1.4184,-1.466,-1.48,-1.128,-0.9033,-0.847,-0.9001,-0.8313,-0.6917,-0.5306,-0.4573,-0.4193,-0.3408,-0.2753,-0.2533,-0.2752,-0.3223,-0.3737,-0.4113,-0.4343,-0.4564,-0.4849,-0.5195,-0.5572,-0.5948,-0.6292,-0.6581,-0.6804,-0.696,-0.8064,-0.7976,-0.7769,-0.7684,-0.8603,-1.0849,-1.3651,-1.5919,-1.4658,-1.2141,-0.9862,-0.8567,-0.8215,-0.9319,-0.7861,-0.3728,-0.2726,-0.4824,-0.4961,-0.342,-0.2733,-0.2555,-0.2812,-0.3404,-0.4115,-0.4506,-0.4543,-0.4656,-0.4952,-0.537,-0.5843,-0.6314,-0.6732,-0.7062,-0.729,-0.7422,-0.8159,-0.8228,-0.8351,-0.8708,-0.9586,-1.1094,-1.3011,-1.4643,-1.3704,-1.0903,-0.9019,-0.8501,-0.8342,-0.683,-0.3742,0.187,0.1373,-0.2112,-0.3368,-0.2519,-0.1846,-0.1754,-0.2337,-0.3331,-0.4464,-0.4939,-0.4691,-0.4707,-0.5061,-0.5605,-0.6232,-0.6848,-0.7372,-0.7745,-0.7957,-0.803,-0.822,-0.8372,-0.8608,-0.9011,-0.9664,-1.0556,-1.1489,-1.1937,-1.1137,-0.9595,-0.8525,-0.7866,-0.673,-0.5085,-0.2016,0.3619,0.879,0.1877,-0.1071,-0.0917,0.0471,0.0375,-0.1202,-0.2803,-0.4091,-0.4639,-0.4538,-0.467,-0.5178,-0.5935,-0.6808,-0.7655,-0.8329,-0.8737,-0.8878,-0.8824,-0.8219,-0.8388,-0.862,-0.8943,-0.9361,-0.9819,-1.0158,-1.0123,-0.9567,-0.8866,-0.8794,-0.809,-0.74,-0.581,-0.3043,0.1852,0.6012,0.1336,-0.0972,0.0665,0.5809,0.4473,0.0266,-0.2071,-0.3261,-0.3803,-0.4051,-0.448,-0.5281,-0.6392,-0.7675,-0.891,-0.9809,-1.0202,-1.0149,-0.984,-0.8161,-0.8312,-0.8498,-0.8721,-0.8963,-0.917,-0.9254,-0.9124,-0.8799,-0.853,-0.865,-0.8251,-0.8786,-0.8854,-0.5154,-0.2406,-0.1214,-0.2487,-0.3384,-0.0408,0.6504,0.4884,0.0322,-0.1832,-0.2615,-0.2816,-0.3113,-0.3949,-0.5288,-0.6992,-0.8969,-1.0895,-1.2142,-1.2361,-1.1844,-1.1067,-0.8064,-0.8184,-0.8318,-0.8458,-0.8585,-0.8664,-0.8653,-0.8529,-0.833,-0.8161,-0.8073,-0.8077,-0.9038,-0.9049,-0.6521,-0.5277,-0.4547,-0.6013,-0.8169,-0.4411,-0.0713,-0.0054,-0.1357,-0.2185,-0.1956,-0.0987,-0.0983,-0.2777,-0.5148,-0.7722,-1.0764,-1.393,-1.5709,-1.5336,-1.3878,-1.2373,-0.7946,-0.8034,-0.8122,-0.8203,-0.826,-0.8275,-0.8228,-0.8119,-0.7969,-0.7821,-0.7703,-0.7655,-0.7704,-0.741,-0.7333,-0.752,-0.6039,-0.6508,-0.7443,-0.5942,-0.4217,-0.3187,-0.3049,-0.2778,-0.12,0.2431,0.32,-0.1316,-0.5184,-0.851,-1.2676,-1.7621,-2.0057,-1.8478,-1.5708,-1.3427,-0.7821,-0.788,-0.7933,-0.7973,-0.7989,-0.797,-0.7909,-0.7807,-0.7677,-0.7536,-0.7397,-0.7266,-0.7125,-0.6982,-0.72,-0.7247,-0.6327,-0.6168,-0.6592,-0.6776,-0.5558,-0.4768,-0.4401,-0.3755,-0.1855,0.2688,0.3746,-0.2628,-0.6243,-0.9215,-1.3436,-1.9103,-2.1832,-1.9619,-1.6332,-1.3804,-0.7696,-0.7732,-0.776,-0.7772,-0.7763,-0.7726,-0.7658,-0.7561,-0.744,-0.7303,-0.7157,-0.7004,-0.6846,-0.6715,-0.6658,-0.6505,-0.6186,-0.6079,-0.628,-0.6324,-0.598,-0.5926,-0.5841,-0.5274,-0.449,-0.4614,-0.7833,-0.8063,-0.8312,-0.985,-1.2574,-1.6472,-1.8696,-1.7616,-1.5361,-1.3372,-0.7577,-0.7596,-0.7605,-0.7599,-0.7575,-0.7528,-0.7457,-0.7363,-0.7249,-0.712,-0.6978,-0.6828,-0.6676,-0.6534,-0.6403,-0.6253,-0.6099,-0.6034,-0.6088,-0.6201,-0.6557,-0.7439,-0.7718,-0.6852,-0.6596,-0.8383,-1.1655,-1.0542,-1.0241,-1.0744,-1.1638,-1.3383,-1.4736,-1.4659,-1.3647,-1.245,-0.7467,-0.7473,-0.7468,-0.7451,-0.7417,-0.7365,-0.7294,-0.7204,-0.7098,-0.6978,-0.6847,-0.6708,-0.6568,-0.6432,-0.6304,-0.6183,-0.6091,-0.6063,-0.6139,-0.6398,-0.7103,-0.8451,-0.8849,-0.7718,-0.7429,-0.848,-0.9876,-1.0773,-1.2365,-1.2003,-1.1418,-1.1766,-1.2346,-1.2476,-1.2095,-1.1459,-0.7367,-0.7363,-0.7349,-0.7324,-0.7285,-0.7231,-0.7162,-0.7077,-0.6979,-0.6869,-0.6751,-0.6628,-0.6503,-0.6384,-0.6274,-0.6182,-0.6126,-0.613,-0.6235,-0.6516,-0.7092,-0.7883,-0.8117,-0.768,-0.7641,-0.831,-0.9409,-1.1003,-1.2625,-1.218,-1.1256,-1.0999,-1.1097,-1.1137,-1.0963,-1.0616]}]