docs/data/wind_grid.json
[{"header":{"la1":42.85,"la2":41.18,"lo1":11.55,"lo2":14.05,"nx":36,"ny":24,"dx":0.07143,"dy":0.07261,"parameterCategory":2,"parameterNumber":2,"parameterNumberName":"eastward_wind","parameterUnit":"m.s-1"},"data":[-0.6759,-0.6808,-0.684,-0.6853,-0.6847,-0.6821,-0.677,-0.6686,-0.6564,-0.641,-0.6242,-0.6082,-0.595,-0.5857,-0.5801,-0.5767,-0.573,-0.5659,-0.5526,-0.5322,-0.5075,-0.4846,-0.4696,-0.4646,-0.4674,-0.474,-0.4811,-0.4871,-0.4913,-0.4938,-0.495,-0.4951,-0.4945,-0.4934,-0.4921,-0.4905,-0.6971,-0.7042,-0.709,-0.7116,-0.7123,-0.7113,-0.7077,-0.6996,-0.685,-0.6643,-0.6405,-0.618,-0.6006,-0.5899,-0.5857,-0.5857,-0.5861,-0.581,-0.5643,-0.5326,-0.4905,-0.4515,-0.4301,-0.4296,-0.4421,-0.4583,-0.4724,-0.4827,-0.4893,-0.493,-0.4947,-0.495,-0.4943,-0.4931,-0.4916,-0.4899,-0.7224,-0.7323,-0.7393,-0.7434,-0.7459,-0.748,-0.749,-0.7442,-0.7277,-0.6981,-0.662,-0.6286,-0.6045,-0.5919,-0.5903,-0.5968,-0.606,-0.608,-0.5891,-0.5379,-0.4593,-0.3853,-0.3548,-0.3707,-0.4062,-0.4397,-0.464,-0.4795,-0.4886,-0.4932,-0.4951,-0.4953,-0.4944,-0.493,-0.4912,-0.4893,-0.7526,-0.7671,-0.777,-0.7823,-0.7861,-0.7932,-0.8051,-0.8124,-0.7968,-0.751,-0.6913,-0.6388,-0.6042,-0.5891,-0.5918,-0.6093,-0.6355,-0.6565,-0.6442,-0.5633,-0.4055,-0.2468,-0.2089,-0.2784,-0.3627,-0.4231,-0.4594,-0.4797,-0.4901,-0.4949,-0.4964,-0.496,-0.4947,-0.4928,-0.4907,-0.4886,-0.7892,-0.8112,-0.8259,-0.8315,-0.8331,-0.8449,-0.8794,-0.9229,-0.9194,-0.8378,-0.7292,-0.6445,-0.5955,-0.5778,-0.5864,-0.6194,-0.6745,-0.7395,-0.7664,-0.6584,-0.3453,0.0212,0.0372,-0.1711,-0.3319,-0.4196,-0.4637,-0.485,-0.4946,-0.4981,-0.4984,-0.4971,-0.495,-0.4926,-0.4901,-0.4876,-0.833,-0.8688,-0.894,-0.8989,-0.8885,-0.8945,-0.9623,-1.0972,-1.1423,-0.9688,-0.7639,-0.6355,-0.5724,-0.5533,-0.5683,-0.6179,-0.7108,-0.8563,-1.0045,-0.9192,-0.4358,0.1962,0.17,-0.1629,-0.3553,-0.4426,-0.4807,-0.4965,-0.502,-0.5026,-0.501,-0.4983,-0.4953,-0.4922,-0.4892,-0.4864,-0.8821,-0.9428,-0.9948,-1.005,-0.962,-0.9277,-0.9998,-1.2506,-1.3908,-1.0577,-0.7483,-0.5946,-0.5289,-0.5117,-0.5309,-0.591,-0.711,-0.9284,-1.2343,-1.2004,-0.7679,-0.3328,-0.2276,-0.3567,-0.45,-0.4921,-0.5079,-0.5119,-0.5107,-0.5074,-0.5034,-0.4992,-0.4951,-0.4913,-0.4878,-0.4847,-0.9273,-1.0245,-1.1366,-1.1831,-1.0739,-0.9422,-0.9266,-1.0721,-1.146,-0.8723,-0.6293,-0.5131,-0.4647,-0.4526,-0.4699,-0.5283,-0.6495,-0.8469,-1.0683,-1.1014,-1.0875,-0.9595,-0.7183,-0.6034,-0.5651,-0.548,-0.5363,-0.5267,-0.5185,-0.5112,-0.5049,-0.4992,-0.4942,-0.4898,-0.4859,-0.4825,-0.9506,-1.0737,-1.254,-1.3846,-1.1783,-0.9394,-0.8059,-0.7408,-0.6548,-0.5238,-0.4431,-0.4078,-0.3887,-0.3808,-0.3834,-0.4251,-0.5516,-0.7269,-0.9024,-1.1125,-1.5114,-1.4061,-0.9836,-0.7495,-0.6401,-0.5855,-0.555,-0.5359,-0.5227,-0.5127,-0.5047,-0.498,-0.4923,-0.4874,-0.4832,-0.4796,-0.9396,-1.0485,-1.1833,-1.2568,-1.1128,-0.9077,-0.7169,-0.5201,-0.2634,-0.1431,-0.2453,-0.307,-0.312,-0.3061,-0.2811,-0.2704,-0.4661,-0.6755,-0.846,-1.0477,-1.3345,-1.2755,-0.9736,-0.7681,-0.6551,-0.5933,-0.5582,-0.5366,-0.5221,-0.5113,-0.5026,-0.4954,-0.4892,-0.4839,-0.4795,-0.4759,-0.903,-0.9868,-1.075,-1.1509,-1.1111,-0.8913,-0.6963,-0.4657,0.0939,0.3699,-0.0979,-0.2394,-0.2346,-0.2172,-0.2421,-0.2573,-0.4961,-0.755,-0.8995,-0.9515,-0.9948,-0.9569,-0.8291,-0.7068,-0.6239,-0.5748,-0.5467,-0.5294,-0.517,-0.5071,-0.4987,-0.4913,-0.4848,-0.4792,-0.4746,-0.471,-0.8534,-0.9213,-1.0075,-1.1112,-1.0658,-0.8585,-0.7654,-0.732,-0.304,0.0422,-0.1693,-0.2194,-0.156,-0.0354,-0.1389,-0.3637,-0.6651,-1.1169,-1.2438,-1.0245,-0.8729,-0.7821,-0.6995,-0.6254,-0.5717,-0.5416,-0.527,-0.5177,-0.5094,-0.5013,-0.4933,-0.4857,-0.4788,-0.4729,-0.4682,-0.4648,-0.7955,-0.8424,-0.8933,-0.9256,-0.8807,-0.8011,-0.838,-1.0019,-0.8027,-0.4165,-0.2782,-0.2215,-0.1542,0.0353,-0.0778,-0.4171,-0.7988,-1.9013,-1.9498,-1.1406,-0.8091,-0.669,-0.5972,-0.5522,-0.5227,-0.5104,-0.5087,-0.5066,-0.5018,-0.4952,-0.4872,-0.4788,-0.4709,-0.4644,-0.4597,-0.4568,-0.7353,-0.7609,-0.7805,-0.7814,-0.7559,-0.7373,-0.7842,-0.8819,-0.764,-0.4572,-0.2871,-0.216,-0.1982,-0.1926,-0.2929,-0.4987,-0.703,-1.3083,-1.4402,-0.9465,-0.6533,-0.5296,-0.4953,-0.4935,-0.4983,-0.5,-0.4998,-0.4994,-0.4964,-0.4899,-0.4805,-0.4699,-0.46,-0.4525,-0.448,-0.4461,-0.679,-0.6897,-0.6932,-0.6854,-0.6684,-0.6561,-0.6599,-0.648,-0.5362,-0.3537,-0.2327,-0.202,-0.1642,-0.0227,-0.3499,-0.5476,-1.1042,-0.8642,-0.7877,-0.5795,-0.3654,-0.3136,-0.3712,-0.4343,-0.4786,-0.4944,-0.4953,-0.4969,-0.495,-0.4867,-0.4732,-0.4575,-0.4437,-0.4348,-0.4313,-0.4319,-0.6299,-0.6313,-0.6267,-0.6146,-0.5964,-0.575,-0.5473,-0.4939,-0.3905,-0.2409,-0.0774,-0.1771,-0.1838,-0.1884,-0.3411,-0.63,-0.9374,-0.6692,-0.4727,-0.2626,0.0388,-0.0251,-0.2402,-0.3694,-0.4424,-0.4786,-0.4957,-0.5038,-0.5012,-0.4871,-0.4638,-0.4375,-0.4166,-0.4068,-0.407,-0.4129,-0.5883,-0.584,-0.5745,-0.5592,-0.5378,-0.5095,-0.4702,-0.4114,-0.3255,-0.2123,-0.0953,-0.1454,-0.153,-0.1478,-0.2479,-0.3662,-0.4298,-0.3105,-0.1622,-0.0916,0.1124,0.0351,-0.1879,-0.3336,-0.4289,-0.4898,-0.5224,-0.5314,-0.521,-0.4926,-0.4491,-0.4015,-0.3687,-0.3613,-0.3721,-0.389,-0.5535,-0.5456,-0.5332,-0.5157,-0.4923,-0.462,-0.4223,-0.3706,-0.3069,-0.2386,-0.188,-0.1709,-0.1379,-0.1165,-0.0662,-0.0473,-0.1179,0.0293,0.2424,0.0392,-0.029,-0.0885,-0.2078,-0.3372,-0.4577,-0.5511,-0.5913,-0.5874,-0.5588,-0.5054,-0.4255,-0.3364,-0.2848,-0.292,-0.3273,-0.3625,-0.5245,-0.5144,-0.5004,-0.4819,-0.4584,-0.4291,-0.3932,-0.3505,-0.303,-0.2561,-0.2166,-0.1827,-0.1377,-0.0367,0.3074,0.4591,0.0893,0.0905,0.1971,0.1246,0.0067,-0.1006,-0.2119,-0.3503,-0.512,-0.6468,-0.678,-0.6609,-0.6158,-0.5309,-0.3999,-0.2442,-0.1691,-0.2121,-0.2853,-0.3417,-0.5005,-0.4892,-0.4745,-0.4561,-0.4336,-0.4066,-0.3751,-0.3397,-0.3019,-0.264,-0.2271,-0.1866,-0.1261,0.0013,0.2685,0.355,0.1161,0.0741,0.2066,0.2705,0.0744,-0.054,-0.1675,-0.3317,-0.5403,-0.6888,-0.7151,-0.7598,-0.6987,-0.5807,-0.4119,-0.2081,-0.1174,-0.1833,-0.2743,-0.3381,-0.4808,-0.4689,-0.4542,-0.4364,-0.4154,-0.3911,-0.3636,-0.3334,-0.3015,-0.2686,-0.2339,-0.1933,-0.1374,-0.0521,0.0512,0.0836,0.038,0.0416,0.123,0.1527,0.0806,0.0503,-0.0189,-0.2318,-0.5296,-0.8206,-1.092,-1.0122,-0.8072,-0.6543,-0.4926,-0.315,-0.2236,-0.25,-0.3092,-0.3564,-0.4646,-0.4526,-0.4383,-0.4215,-0.4022,-0.3803,-0.3561,-0.3299,-0.3022,-0.2731,-0.2417,-0.2058,-0.1622,-0.1103,-0.0615,-0.0366,-0.0308,-0.012,0.0274,0.0643,0.1364,0.3224,0.3557,-0.0053,-0.4612,-0.922,-1.338,-1.137,-0.846,-0.722,-0.5958,-0.4607,-0.3735,-0.3532,-0.3675,-0.3883,-0.4514,-0.4396,-0.426,-0.4103,-0.3926,-0.3729,-0.3514,-0.3284,-0.3041,-0.2784,-0.2509,-0.2209,-0.1878,-0.1532,-0.122,-0.0992,-0.0813,-0.0579,-0.021,0.0452,0.2101,0.556,0.6638,0.1815,-0.3394,-0.7421,-0.9696,-0.9002,-0.808,-0.7707,-0.6676,-0.5553,-0.4744,-0.4335,-0.4206,-0.4208,-0.4406,-0.4293,-0.4164,-0.4018,-0.3857,-0.3679,-0.3488,-0.3285,-0.3071,-0.2846,-0.261,-0.2361,-0.2102,-0.1844,-0.1607,-0.1399,-0.1197,-0.0948,-0.0566,0.0134,0.1523,0.356,0.3867,0.0891,-0.2807,-0.5683,-0.7313,-0.7787,-0.7995,-0.7718,-0.6837,-0.5929,-0.524,-0.4804,-0.457,-0.4463]},{"header":{"la1":42.85,"la2":41.18,"lo1":11.55,"lo2":14.05,"nx":36,"ny":24,"dx":0.07143,"dy":0.07261,"parameterCategory":2,"parameterNumber":3,"parameterNumberName":"northward_wind","parameterUnit":"m.s-1"},"data":[-0.6183,-0.6124,-0.6041,-0.5933,-0.5804,-0.5661,-0.5519,-0.5391,-0.5287,-0.5204,-0.5131,-0.505,-0.4949,-0.4822,-0.4672,-0.4511,-0.4355,-0.4226,-0.4144,-0.4119,-0.414,-0.4183,-0.422,-0.4238,-0.4242,-0.4245,-0.4256,-0.428,-0.4318,-0.4367,-0.4426,-0.4491,-0.4561,-0.4632,-0.4703,-0.4774,-0.6299,-0.6238,-0.6144,-0.6013,-0.5846,-0.5654,-0.5462,-0.5299,-0.5187,-0.5124,-0.5084,-0.5032,-0.4943,-0.4807,-0.4629,-0.4425,-0.4221,-0.4055,-0.3965,-0.3973,-0.4064,-0.4177,-0.4249,-0.4261,-0.4238,-0.4215,-0.421,-0.4228,-0.4268,-0.4323,-0.4391,-0.4466,-0.4546,-0.4627,-0.4707,-0.4786,-0.6439,-0.6382,-0.6279,-0.6117,-0.5894,-0.5621,-0.5335,-0.51,-0.4975,-0.4963,-0.5001,-0.5012,-0.4953,-0.4812,-0.4597,-0.433,-0.4048,-0.3811,-0.3701,-0.378,-0.4027,-0.4295,-0.4418,-0.4377,-0.4276,-0.4196,-0.4162,-0.4172,-0.4214,-0.4278,-0.4357,-0.4445,-0.4536,-0.4629,-0.472,-0.4807,-0.6609,-0.6566,-0.6461,-0.6269,-0.5968,-0.5557,-0.5085,-0.4684,-0.4526,-0.464,-0.4856,-0.4999,-0.4998,-0.4856,-0.4595,-0.4237,-0.3823,-0.3442,-0.3263,-0.3468,-0.4073,-0.4721,-0.489,-0.464,-0.4349,-0.4171,-0.4101,-0.4105,-0.4155,-0.4232,-0.4326,-0.4428,-0.4535,-0.464,-0.4743,-0.484,-0.6812,-0.6803,-0.6718,-0.6507,-0.6114,-0.5492,-0.4655,-0.3837,-0.3566,-0.4013,-0.464,-0.502,-0.5106,-0.4966,-0.4651,-0.4177,-0.3555,-0.2876,-0.2451,-0.2801,-0.416,-0.5748,-0.5831,-0.4991,-0.4382,-0.4099,-0.4008,-0.402,-0.4088,-0.4185,-0.4299,-0.442,-0.4544,-0.4665,-0.4781,-0.4889,-0.7045,-0.7101,-0.7079,-0.6891,-0.6424,-0.555,-0.4103,-0.2263,-0.1592,-0.2967,-0.4444,-0.5157,-0.5323,-0.5178,-0.4815,-0.4223,-0.3335,-0.2116,-0.0965,-0.1285,-0.3603,-0.6473,-0.6366,-0.4952,-0.4199,-0.3922,-0.3867,-0.3916,-0.4015,-0.4141,-0.428,-0.4424,-0.4568,-0.4707,-0.4837,-0.4956,-0.729,-0.7452,-0.7567,-0.748,-0.6999,-0.5976,-0.4028,-0.0763,0.0768,-0.2255,-0.4672,-0.5547,-0.5687,-0.5518,-0.5145,-0.4496,-0.341,-0.168,0.0473,0.0315,-0.1927,-0.3995,-0.4529,-0.402,-0.3706,-0.3633,-0.3686,-0.3799,-0.3943,-0.4105,-0.4274,-0.4446,-0.4613,-0.4771,-0.4917,-0.5049,-0.7502,-0.7793,-0.8148,-0.8284,-0.7789,-0.6848,-0.5322,-0.2837,-0.1727,-0.4082,-0.5813,-0.6259,-0.6189,-0.5991,-0.5711,-0.513,-0.4008,-0.2346,-0.065,-0.0292,-0.015,-0.0747,-0.2089,-0.2794,-0.3108,-0.3315,-0.35,-0.3688,-0.3883,-0.4084,-0.4289,-0.4491,-0.4685,-0.4866,-0.5029,-0.5172,-0.7615,-0.797,-0.856,-0.9029,-0.8346,-0.7715,-0.7267,-0.6816,-0.6947,-0.7601,-0.7621,-0.7153,-0.6727,-0.6555,-0.6645,-0.6347,-0.5028,-0.3383,-0.1887,-0.0248,0.2497,0.187,-0.065,-0.2018,-0.2685,-0.3072,-0.3354,-0.3602,-0.3843,-0.4087,-0.4331,-0.4569,-0.4795,-0.5001,-0.5183,-0.5337,-0.7599,-0.7839,-0.8173,-0.8379,-0.7972,-0.8216,-0.887,-0.9798,-1.125,-1.1599,-0.9654,-0.7955,-0.7146,-0.7052,-0.8073,-0.871,-0.608,-0.4019,-0.2547,-0.0839,0.1309,0.1037,-0.0717,-0.1875,-0.2534,-0.295,-0.3265,-0.3548,-0.383,-0.4119,-0.4409,-0.4691,-0.4955,-0.519,-0.539,-0.5553,-0.7519,-0.7575,-0.7363,-0.6542,-0.6801,-0.8517,-1.0199,-1.1791,-1.4927,-1.6626,-1.1229,-0.8313,-0.7386,-0.7316,-0.7999,-0.874,-0.5751,-0.3958,-0.2956,-0.1964,-0.1045,-0.0912,-0.1467,-0.2086,-0.2566,-0.2922,-0.3221,-0.352,-0.3842,-0.4185,-0.4534,-0.4873,-0.5184,-0.5453,-0.5671,-0.5838,-0.7469,-0.7475,-0.7226,-0.6616,-0.7038,-0.9265,-1.1672,-1.3262,-1.3925,-1.422,-1.039,-0.8025,-0.7576,-0.8457,-0.7385,-0.5447,-0.3962,-0.3502,-0.3251,-0.2526,-0.1937,-0.1742,-0.1918,-0.228,-0.2647,-0.2932,-0.3187,-0.3498,-0.3875,-0.4294,-0.4725,-0.514,-0.5511,-0.5818,-0.6052,-0.6212,-0.7465,-0.7545,-0.7564,-0.7655,-0.8393,-1.02,-1.2719,-1.4902,-1.3665,-1.1157,-0.8821,-0.7609,-0.7302,-0.898,-0.7264,-0.2682,-0.169,-0.4005,-0.4165,-0.2555,-0.1893,-0.1722,-0.191,-0.2319,-0.2735,-0.2955,-0.3133,-0.3471,-0.3936,-0.4464,-0.5011,-0.5531,-0.5981,-0.6331,-0.657,-0.6704,-0.7464,-0.7622,-0.7827,-0.8195,-0.8949,-1.0258,-1.2033,-1.3618,-1.2644,-0.9742,-0.7826,-0.7714,-0.7554,-0.4226,-0.2429,0.2827,0.2275,-0.1258,-0.2533,-0.1692,-0.1087,-0.1002,-0.1467,-0.2182,-0.2819,-0.3,-0.3083,-0.3471,-0.4053,-0.4732,-0.5442,-0.6112,-0.6669,-0.7062,-0.728,-0.7352,-0.7425,-0.7614,-0.7868,-0.8244,-0.8816,-0.96,-1.0444,-1.0824,-0.9923,-0.8211,-0.7003,-0.6348,-0.4816,-0.2137,-0.0511,0.4514,0.9222,0.2665,-0.0223,-0.0212,0.0928,0.0832,-0.0499,-0.1774,-0.2633,-0.2936,-0.3093,-0.3549,-0.4263,-0.5142,-0.6093,-0.6991,-0.7698,-0.812,-0.826,-0.8196,-0.7337,-0.7516,-0.7739,-0.8027,-0.8385,-0.8766,-0.9024,-0.8893,-0.819,-0.7237,-0.6799,-0.6149,-0.5488,-0.3835,-0.1536,0.2825,0.6623,0.2182,-0.0107,0.1151,0.5455,0.4317,0.0736,-0.125,-0.2221,-0.2677,-0.3028,-0.3618,-0.4536,-0.5724,-0.7066,-0.8347,-0.9275,-0.9673,-0.9606,-0.9271,-0.7209,-0.7355,-0.7522,-0.7709,-0.7899,-0.804,-0.8044,-0.7812,-0.734,-0.6847,-0.6694,-0.636,-0.692,-0.7009,-0.3641,-0.1182,-0.0142,-0.1425,-0.2374,0.0205,0.605,0.4679,0.0778,-0.1132,-0.1887,-0.2157,-0.2537,-0.3409,-0.4756,-0.6474,-0.8486,-1.0459,-1.1736,-1.1948,-1.1393,-1.0567,-0.7057,-0.7164,-0.7275,-0.738,-0.746,-0.7479,-0.7396,-0.7182,-0.6868,-0.6565,-0.6368,-0.634,-0.7228,-0.7258,-0.5056,-0.3978,-0.3286,-0.4821,-0.7144,-0.3202,0.0113,0.0594,-0.0635,-0.1507,-0.1493,-0.0823,-0.0933,-0.2599,-0.4833,-0.7348,-1.0409,-1.3644,-1.5467,-1.5064,-1.3529,-1.1943,-0.6897,-0.6968,-0.7031,-0.7079,-0.7093,-0.7056,-0.6948,-0.6766,-0.6535,-0.6305,-0.6125,-0.6046,-0.6092,-0.5893,-0.6084,-0.6364,-0.4672,-0.5004,-0.5807,-0.3495,-0.2318,-0.1862,-0.2046,-0.2085,-0.0992,0.1969,0.2583,-0.1474,-0.5035,-0.824,-1.2421,-1.748,-1.9988,-1.8341,-1.5445,-1.3052,-0.6738,-0.6779,-0.6808,-0.6817,-0.6795,-0.6732,-0.662,-0.6462,-0.6273,-0.6079,-0.5901,-0.5754,-0.5629,-0.5563,-0.5933,-0.6013,-0.4817,-0.4078,-0.2838,-0.2194,-0.2861,-0.3058,-0.3192,-0.2986,-0.1674,0.2109,0.3002,-0.2821,-0.6145,-0.8995,-1.3224,-1.9017,-2.1829,-1.9531,-1.6101,-1.345,-0.6588,-0.6607,-0.6611,-0.6595,-0.6553,-0.6479,-0.6369,-0.6228,-0.6064,-0.589,-0.5717,-0.5552,-0.5402,-0.5302,-0.5275,-0.5078,-0.4538,-0.3911,-0.3178,-0.293,-0.3506,-0.4151,-0.4459,-0.4321,-0.4069,-0.462,-0.7894,-0.8055,-0.8185,-0.9642,-1.2352,-1.6312,-1.8586,-1.7454,-1.5093,-1.3002,-0.6451,-0.6452,-0.644,-0.6409,-0.6356,-0.6277,-0.6173,-0.6044,-0.5898,-0.574,-0.5577,-0.5414,-0.5259,-0.5116,-0.497,-0.4753,-0.4438,-0.409,-0.3824,-0.3895,-0.4559,-0.567,-0.6063,-0.5622,-0.5933,-0.8164,-1.1641,-1.0475,-1.0098,-1.0556,-1.1403,-1.3138,-1.4495,-1.4386,-1.3311,-1.2041,-0.6327,-0.6317,-0.6293,-0.6253,-0.6194,-0.6116,-0.6017,-0.5899,-0.5767,-0.5623,-0.5474,-0.5322,-0.517,-0.502,-0.4862,-0.4683,-0.4488,-0.4324,-0.4286,-0.4541,-0.5325,-0.662,-0.6971,-0.6291,-0.6576,-0.8058,-0.9674,-1.0623,-1.2284,-1.1881,-1.1193,-1.1476,-1.2022,-1.2118,-1.1692,-1.1004,-0.6217,-0.6198,-0.6167,-0.6122,-0.6062,-0.5985,-0.5892,-0.5785,-0.5665,-0.5536,-0.5401,-0.5263,-0.5124,-0.4986,-0.4848,-0.4713,-0.4596,-0.4534,-0.4592,-0.4866,-0.5448,-0.6194,-0.6456,-0.6326,-0.6702,-0.7715,-0.9039,-1.0798,-1.2551,-1.206,-1.1016,-1.0672,-1.0717,-1.0717,-1.0504,-1.0116]}]