docs/data/wind_grid.json
[{"header":{"la1":42.85,"la2":41.18,"lo1":11.55,"lo2":14.05,"nx":36,"ny":24,"dx":0.07143,"dy":0.07261,"parameterCategory":2,"parameterNumber":2,"parameterNumberName":"eastward_wind","parameterUnit":"m.s-1"},"data":[-1.0934,-1.1009,-1.1076,-1.1131,-1.1166,-1.1167,-1.1112,-1.0975,-1.0739,-1.0401,-0.9979,-0.9506,-0.9016,-0.8534,-0.8082,-0.767,-0.7311,-0.7017,-0.6797,-0.6654,-0.6581,-0.6565,-0.6593,-0.665,-0.6722,-0.6794,-0.6856,-0.6904,-0.6937,-0.6957,-0.6966,-0.6968,-0.6963,-0.6956,-0.6946,-0.6936,-1.1128,-1.1234,-1.1339,-1.144,-1.1532,-1.1599,-1.1607,-1.1508,-1.1258,-1.0847,-1.0309,-0.9703,-0.9085,-0.8491,-0.7942,-0.7446,-0.7015,-0.6665,-0.6418,-0.6281,-0.6238,-0.6262,-0.6335,-0.6444,-0.6566,-0.6678,-0.6768,-0.6833,-0.6875,-0.6898,-0.6908,-0.6908,-0.6901,-0.6891,-0.6879,-0.6867,-1.1326,-1.1468,-1.1616,-1.1774,-1.1947,-1.2123,-1.2257,-1.2255,-1.201,-1.1486,-1.076,-0.9952,-0.9159,-0.8423,-0.7757,-0.7157,-0.6627,-0.6192,-0.5906,-0.5798,-0.5822,-0.5906,-0.6036,-0.6217,-0.641,-0.6575,-0.6696,-0.6775,-0.6822,-0.6845,-0.6852,-0.6847,-0.6837,-0.6823,-0.6807,-0.6793,-1.1526,-1.1707,-1.19,-1.2119,-1.239,-1.2737,-1.3118,-1.3355,-1.3169,-1.2442,-1.1376,-1.0251,-0.9218,-0.8311,-0.7515,-0.6794,-0.6121,-0.5528,-0.5156,-0.514,-0.5345,-0.5514,-0.5692,-0.598,-0.6278,-0.6504,-0.6651,-0.6738,-0.6782,-0.6799,-0.6798,-0.6786,-0.6768,-0.6749,-0.6729,-0.6712,-1.1723,-1.1948,-1.2184,-1.2451,-1.2817,-1.3394,-1.4233,-1.5059,-1.5089,-1.3909,-1.2175,-1.0554,-0.9216,-0.8121,-0.7198,-0.6358,-0.5491,-0.456,-0.3889,-0.4095,-0.4864,-0.5158,-0.5312,-0.5783,-0.6218,-0.6495,-0.6648,-0.6724,-0.6754,-0.6757,-0.6743,-0.672,-0.6694,-0.6667,-0.6642,-0.6621,-1.1914,-1.2199,-1.2484,-1.2763,-1.3149,-1.393,-1.5461,-1.7614,-1.8312,-1.5976,-1.2993,-1.0727,-0.9072,-0.7798,-0.6772,-0.587,-0.4834,-0.3275,-0.1499,-0.1989,-0.4379,-0.5031,-0.515,-0.5833,-0.6325,-0.6578,-0.6693,-0.6734,-0.6735,-0.6715,-0.6684,-0.6647,-0.6609,-0.6574,-0.6543,-0.6518,-1.2084,-1.2471,-1.2862,-1.3126,-1.3347,-1.4067,-1.6038,-1.9792,-2.1641,-1.7436,-1.3228,-1.0563,-0.8703,-0.7255,-0.6127,-0.5288,-0.4397,-0.2503,0.1093,0.0561,-0.4363,-0.5833,-0.6023,-0.6407,-0.6652,-0.6751,-0.6772,-0.6753,-0.6715,-0.6666,-0.6613,-0.656,-0.651,-0.6465,-0.6427,-0.6399,-1.2187,-1.2733,-1.3428,-1.3803,-1.3532,-1.372,-1.5106,-1.7729,-1.8839,-1.568,-1.2386,-1.0023,-0.8107,-0.6385,-0.496,-0.4245,-0.4109,-0.345,-0.181,-0.3168,-0.7782,-0.8773,-0.7858,-0.7318,-0.7082,-0.6948,-0.6848,-0.676,-0.6678,-0.66,-0.6524,-0.6453,-0.6389,-0.6335,-0.6291,-0.6259,-1.2122,-1.2751,-1.3923,-1.4902,-1.3644,-1.3132,-1.3718,-1.4443,-1.4333,-1.304,-1.1297,-0.943,-0.7453,-0.5153,-0.2566,-0.1612,-0.3121,-0.4527,-0.546,-0.8087,-1.3085,-1.2369,-0.9405,-0.8004,-0.7387,-0.7068,-0.6871,-0.6728,-0.661,-0.6505,-0.6408,-0.6319,-0.6241,-0.6176,-0.6127,-0.6093,-1.1824,-1.2157,-1.2779,-1.3201,-1.2041,-1.23,-1.3034,-1.3249,-1.2779,-1.2061,-1.0877,-0.9124,-0.7074,-0.4133,0.1797,0.4855,-0.132,-0.5012,-0.6869,-0.8908,-1.171,-1.1431,-0.9361,-0.8084,-0.7415,-0.7039,-0.6805,-0.6637,-0.6499,-0.6374,-0.6257,-0.615,-0.6057,-0.5981,-0.5927,-0.5895,-1.1434,-1.1267,-1.0448,-0.8176,-0.8633,-1.1593,-1.3328,-1.3675,-1.2613,-1.2076,-1.0996,-0.9084,-0.7166,-0.4891,0.0762,0.489,-0.2335,-0.6382,-0.808,-0.8749,-0.9304,-0.9214,-0.8452,-0.7705,-0.7184,-0.6853,-0.6642,-0.6486,-0.6344,-0.6203,-0.6065,-0.5936,-0.5825,-0.5739,-0.5682,-0.5654,-1.1183,-1.0851,-0.9895,-0.8217,-0.8864,-1.2197,-1.4771,-1.5868,-1.4256,-1.2477,-1.1028,-0.9175,-0.7403,-0.6104,-0.5067,-0.3978,-0.6044,-0.9916,-1.1132,-0.9665,-0.8706,-0.8179,-0.7683,-0.7198,-0.68,-0.6547,-0.6408,-0.6291,-0.6151,-0.5989,-0.5821,-0.5663,-0.5529,-0.5432,-0.5376,-0.536,-1.113,-1.0951,-1.0593,-1.0356,-1.1251,-1.3513,-1.6239,-1.7257,-1.769,-1.357,-1.1107,-0.9776,-0.8232,-0.6203,-0.5962,-0.5482,-0.7395,-1.6084,-1.6566,-1.0697,-0.8448,-0.7543,-0.7071,-0.671,-0.6379,-0.6204,-0.6171,-0.6091,-0.5932,-0.5728,-0.5512,-0.531,-0.5146,-0.5037,-0.4989,-0.4998,-1.1174,-1.1183,-1.123,-1.1522,-1.2379,-1.3927,-1.6075,-1.8681,-1.7374,-1.3453,-1.1249,-1.0798,-1.0343,-0.5547,-0.5601,-0.3386,-0.4955,-1.093,-1.2639,-0.9354,-0.7415,-0.6608,-0.6398,-0.6297,-0.6113,-0.6022,-0.6029,-0.5904,-0.5675,-0.5398,-0.5109,-0.4843,-0.4636,-0.4518,-0.4493,-0.4548,-1.1212,-1.1328,-1.1525,-1.1899,-1.255,-1.349,-1.4564,-1.5204,-1.4354,-1.2753,-1.1768,-1.0797,-0.9041,-0.7955,-0.5758,-0.271,-0.286,-0.6023,-0.7676,-0.6781,-0.5166,-0.4845,-0.5477,-0.5913,-0.6013,-0.5999,-0.5899,-0.5659,-0.5333,-0.496,-0.4567,-0.4203,-0.3936,-0.3817,-0.3848,-0.399,-1.1203,-1.1354,-1.1569,-1.1885,-1.2316,-1.2818,-1.3241,-1.332,-1.2947,-1.2762,-1.3854,-1.2064,-1.098,-0.9246,-0.7459,-0.5208,-0.401,-0.5585,-0.6117,-0.4652,-0.1126,-0.1945,-0.4455,-0.553,-0.5797,-0.576,-0.5569,-0.5256,-0.4856,-0.4376,-0.3831,-0.3305,-0.2943,-0.2851,-0.3007,-0.3308,-1.1146,-1.1292,-1.1478,-1.171,-1.1977,-1.2237,-1.2408,-1.2421,-1.2364,-1.2645,-1.3612,-1.2689,-1.3522,-1.3996,-1.0082,-0.8031,-0.6831,-0.6123,-0.5397,-0.4274,-0.0543,-0.1607,-0.4388,-0.5439,-0.5579,-0.5381,-0.508,-0.4713,-0.4252,-0.3643,-0.2856,-0.2025,-0.1499,-0.1512,-0.1936,-0.2515,-1.1054,-1.118,-1.1326,-1.1488,-1.1654,-1.1795,-1.1882,-1.1909,-1.1945,-1.2104,-1.2321,-1.2519,-1.4159,-1.4535,-1.2425,-1.1398,-0.8842,-0.5487,-0.2801,-0.5206,-0.4886,-0.4781,-0.5505,-0.5734,-0.5419,-0.4965,-0.4586,-0.4133,-0.3576,-0.2818,-0.1658,-0.0249,0.0564,0.0246,-0.0698,-0.1694,-1.0943,-1.1045,-1.1155,-1.1268,-1.1374,-1.1459,-1.1514,-1.1546,-1.1588,-1.1673,-1.1807,-1.2074,-1.2625,-1.3238,-1.5956,-1.7311,-1.1234,-0.6964,-0.5334,-0.8458,-0.8006,-0.7249,-0.6853,-0.6204,-0.5237,-0.4709,-0.4537,-0.3567,-0.2797,-0.2007,-0.0494,0.1759,0.2961,0.2043,0.0391,-0.1043,-1.0823,-1.0904,-1.0986,-1.1065,-1.1136,-1.1191,-1.1229,-1.1258,-1.1293,-1.1352,-1.1458,-1.1658,-1.2042,-1.2955,-1.536,-1.5985,-1.1979,-0.9787,-1.1866,-1.3448,-1.0389,-0.9207,-0.8416,-0.6946,-0.5019,-0.4305,-0.4226,-0.2076,-0.1626,-0.1327,0.0014,0.2547,0.3916,0.2689,0.0764,-0.0808,-1.0701,-1.0764,-1.0826,-1.0882,-1.093,-1.0967,-1.0995,-1.1017,-1.1044,-1.1088,-1.1168,-1.1315,-1.1593,-1.2117,-1.2806,-1.2652,-1.1352,-1.0611,-1.1426,-1.195,-1.1382,-1.171,-1.13,-0.8659,-0.4869,-0.102,0.3238,0.2284,-0.0091,-0.0879,-0.0341,0.1238,0.2255,0.1582,0.0208,-0.1066,-1.0582,-1.0631,-1.0676,-1.0716,-1.0749,-1.0775,-1.0793,-1.0808,-1.0827,-1.0856,-1.0909,-1.1001,-1.1151,-1.1355,-1.149,-1.1311,-1.0864,-1.0637,-1.0925,-1.1564,-1.3186,-1.6717,-1.7522,-1.2195,-0.5664,0.1014,0.7276,0.4305,0.023,-0.0858,-0.0923,-0.0368,0.0125,-0.008,-0.0797,-0.1633,-1.0467,-1.0504,-1.0538,-1.0566,-1.0588,-1.0604,-1.0615,-1.0623,-1.0632,-1.0647,-1.0674,-1.0718,-1.0778,-1.0833,-1.083,-1.0721,-1.0572,-1.0577,-1.095,-1.2033,-1.4918,-2.0681,-2.2434,-1.5084,-0.7395,-0.152,0.1821,0.0729,-0.0886,-0.1087,-0.1331,-0.1339,-0.1245,-0.1363,-0.1746,-0.2269,-1.0357,-1.0385,-1.0409,-1.0428,-1.0442,-1.0451,-1.0454,-1.0455,-1.0455,-1.0457,-1.0463,-1.0473,-1.0483,-1.0481,-1.0451,-1.0396,-1.037,-1.0488,-1.0926,-1.2005,-1.4289,-1.7601,-1.8162,-1.3703,-0.8237,-0.4029,-0.1669,-0.1119,-0.1089,-0.1248,-0.1661,-0.1934,-0.207,-0.2231,-0.2495,-0.2847]},{"header":{"la1":42.85,"la2":41.18,"lo1":11.55,"lo2":14.05,"nx":36,"ny":24,"dx":0.07143,"dy":0.07261,"parameterCategory":2,"parameterNumber":3,"parameterNumberName":"northward_wind","parameterUnit":"m.s-1"},"data":[-0.5398,-0.5433,-0.5456,-0.5466,-0.5463,-0.5445,-0.5412,-0.5363,-0.5296,-0.5205,-0.5085,-0.4931,-0.474,-0.4511,-0.4249,-0.3964,-0.3676,-0.3409,-0.3192,-0.3039,-0.2949,-0.2905,-0.2884,-0.2869,-0.2853,-0.2835,-0.2818,-0.2799,-0.2779,-0.2756,-0.2731,-0.2703,-0.2673,-0.2642,-0.261,-0.2579,-0.5501,-0.5546,-0.5578,-0.5594,-0.5594,-0.5577,-0.5545,-0.5498,-0.5435,-0.5349,-0.5229,-0.5067,-0.4855,-0.459,-0.4273,-0.3917,-0.3548,-0.3208,-0.2946,-0.2795,-0.2747,-0.2759,-0.278,-0.2784,-0.2774,-0.276,-0.2746,-0.2732,-0.2716,-0.2696,-0.2673,-0.2645,-0.2615,-0.2583,-0.255,-0.2518,-0.5611,-0.5671,-0.5714,-0.5735,-0.5733,-0.5712,-0.5676,-0.563,-0.5574,-0.5501,-0.5392,-0.523,-0.5001,-0.4698,-0.4315,-0.3861,-0.3368,-0.2906,-0.2576,-0.2452,-0.2518,-0.2655,-0.2737,-0.2742,-0.2714,-0.2689,-0.2675,-0.2664,-0.2653,-0.2636,-0.2614,-0.2587,-0.2555,-0.2522,-0.2487,-0.2453,-0.573,-0.5811,-0.5869,-0.5895,-0.5886,-0.5848,-0.5793,-0.5735,-0.5689,-0.5646,-0.557,-0.5425,-0.519,-0.4853,-0.4396,-0.3811,-0.3123,-0.2438,-0.1971,-0.1931,-0.2293,-0.2727,-0.2875,-0.2786,-0.2677,-0.262,-0.2601,-0.2596,-0.259,-0.2577,-0.2556,-0.2527,-0.2493,-0.2456,-0.2419,-0.2382,-0.586,-0.5976,-0.6061,-0.6091,-0.6062,-0.5984,-0.5874,-0.5762,-0.5716,-0.5748,-0.5755,-0.5658,-0.5437,-0.5081,-0.4556,-0.3813,-0.2826,-0.1699,-0.0872,-0.0985,-0.2074,-0.3253,-0.3354,-0.2904,-0.2627,-0.2534,-0.252,-0.2528,-0.2531,-0.2521,-0.2499,-0.2467,-0.2428,-0.2387,-0.2345,-0.2305,-0.5999,-0.6179,-0.6321,-0.6364,-0.629,-0.6137,-0.5912,-0.5623,-0.5516,-0.575,-0.5951,-0.5943,-0.576,-0.5415,-0.4859,-0.3977,-0.2611,-0.0681,0.1181,0.0967,-0.1368,-0.3707,-0.3659,-0.2812,-0.2467,-0.2406,-0.2431,-0.2464,-0.2478,-0.2471,-0.2445,-0.2406,-0.236,-0.2312,-0.2264,-0.222,-0.6131,-0.6428,-0.6717,-0.6813,-0.663,-0.6348,-0.6005,-0.5413,-0.5108,-0.5761,-0.6241,-0.6317,-0.6176,-0.5889,-0.5387,-0.4476,-0.2855,-0.0144,0.3276,0.3078,0.0234,-0.1739,-0.231,-0.2147,-0.2142,-0.2246,-0.2351,-0.2418,-0.2442,-0.2432,-0.2396,-0.2345,-0.2287,-0.2229,-0.2174,-0.2124,-0.6203,-0.6679,-0.7333,-0.766,-0.7135,-0.6607,-0.6349,-0.5945,-0.5753,-0.64,-0.6811,-0.6818,-0.6687,-0.6519,-0.622,-0.5471,-0.3901,-0.138,0.1344,0.1868,0.1928,0.1282,-0.03,-0.1268,-0.1801,-0.2127,-0.2319,-0.2414,-0.2436,-0.2409,-0.2352,-0.2282,-0.2207,-0.2135,-0.207,-0.2015,-0.6106,-0.6676,-0.7863,-0.8905,-0.7466,-0.665,-0.6814,-0.7138,-0.7521,-0.7852,-0.7734,-0.7424,-0.7242,-0.7271,-0.7455,-0.7112,-0.5519,-0.329,-0.1056,0.1329,0.5115,0.4294,0.099,-0.0803,-0.1689,-0.2157,-0.2393,-0.2481,-0.2472,-0.2407,-0.2314,-0.2212,-0.2114,-0.2025,-0.1949,-0.1888,-0.5771,-0.6023,-0.6612,-0.7036,-0.5754,-0.6096,-0.7183,-0.8363,-0.9767,-1.0201,-0.8958,-0.8007,-0.7736,-0.7968,-0.9092,-0.9707,-0.708,-0.4667,-0.2561,0.0062,0.3305,0.2959,0.051,-0.1075,-0.195,-0.2423,-0.2628,-0.265,-0.2563,-0.2425,-0.2273,-0.2128,-0.1999,-0.1891,-0.1805,-0.1739,-0.5344,-0.5046,-0.4028,-0.1404,-0.1921,-0.5318,-0.7585,-0.9292,-1.232,-1.3883,-0.9981,-0.8327,-0.8123,-0.8394,-0.9206,-0.9889,-0.7247,-0.5209,-0.368,-0.2071,-0.0548,-0.024,-0.0994,-0.1877,-0.2577,-0.2995,-0.3092,-0.2953,-0.2711,-0.2452,-0.2217,-0.2016,-0.1852,-0.1724,-0.1628,-0.1562,-0.5078,-0.4598,-0.3417,-0.1451,-0.2143,-0.5707,-0.8345,-0.9826,-1.0811,-1.1716,-0.9249,-0.8217,-0.8495,-0.9244,-0.8798,-0.7779,-0.6391,-0.4982,-0.4136,-0.3288,-0.2406,-0.1989,-0.2169,-0.2779,-0.3561,-0.4038,-0.3899,-0.341,-0.2892,-0.2458,-0.2116,-0.1853,-0.1654,-0.151,-0.1411,-0.135,-0.5036,-0.473,-0.4217,-0.3839,-0.4656,-0.6684,-0.883,-1.1641,-0.8917,-0.8587,-0.7905,-0.7884,-0.8568,-0.9706,-0.9055,-0.7198,-0.5882,-0.4267,-0.4007,-0.3632,-0.2937,-0.2548,-0.2706,-0.355,-0.5018,-0.588,-0.5133,-0.3941,-0.3018,-0.2378,-0.1931,-0.1612,-0.1387,-0.1236,-0.1143,-0.1096,-0.5101,-0.5005,-0.4934,-0.5095,-0.5756,-0.6863,-0.797,-0.8094,-0.7809,-0.7147,-0.6754,-0.7572,-0.839,-1.1891,-0.8106,-0.6749,-0.5804,-0.4571,-0.4061,-0.3428,-0.2597,-0.2225,-0.2583,-0.3858,-0.6357,-0.787,-0.6142,-0.416,-0.2904,-0.2125,-0.1613,-0.1264,-0.1031,-0.0888,-0.0816,-0.0798,-0.5157,-0.518,-0.5267,-0.55,-0.5933,-0.6499,-0.6978,-0.7062,-0.6541,-0.5526,-0.4786,-0.5251,-0.7395,-0.9784,-0.7165,-0.6444,-0.3386,-0.4262,-0.3829,-0.2602,-0.1043,-0.0788,-0.1726,-0.3198,-0.5367,-0.6638,-0.5287,-0.355,-0.2383,-0.1635,-0.1131,-0.0788,-0.0569,-0.0455,-0.0424,-0.0452,-0.5159,-0.5222,-0.5331,-0.5509,-0.5748,-0.5987,-0.6092,-0.5884,-0.5175,-0.3815,-0.1899,-0.1591,-0.2874,-0.4947,-0.5095,-0.4644,-0.354,-0.406,-0.3611,-0.1317,0.2754,0.2028,-0.0494,-0.2017,-0.3157,-0.3678,-0.3172,-0.2275,-0.1507,-0.0928,-0.0494,-0.0182,0.0005,0.0068,0.0031,-0.0066,-0.5107,-0.5168,-0.5251,-0.5352,-0.5452,-0.5497,-0.5401,-0.5054,-0.4338,-0.3156,-0.1787,-0.1249,0.3193,0.5201,-0.1772,-0.3655,-0.4131,-0.4721,-0.4745,-0.186,0.3301,0.2428,-0.008,-0.1164,-0.1584,-0.1606,-0.1328,-0.0922,-0.0499,-0.0104,0.0247,0.0526,0.0677,0.0665,0.0531,0.0342,-0.5015,-0.5058,-0.5104,-0.5141,-0.515,-0.5089,-0.4906,-0.4541,-0.3945,-0.3123,-0.216,-0.0504,0.4634,0.567,-0.0669,-0.2767,-0.4032,-0.6454,-0.907,-0.4591,-0.1094,-0.0183,-0.0502,-0.0672,-0.0559,-0.0302,-0.0064,0.0187,0.0471,0.0743,0.1007,0.1257,0.1377,0.1274,0.1022,0.0731,-0.4902,-0.4923,-0.4934,-0.4926,-0.488,-0.4768,-0.4561,-0.4227,-0.3748,-0.3124,-0.2322,-0.1154,0.0282,0.0022,-0.1757,-0.2165,-0.3511,-0.5721,-0.7083,-0.4002,-0.2334,-0.1203,-0.0584,-0.0165,0.0192,0.0271,0.0323,0.0957,0.1412,0.1597,0.1685,0.1813,0.1899,0.1739,0.1409,0.1051,-0.4779,-0.4779,-0.4765,-0.4727,-0.4651,-0.4521,-0.4318,-0.4028,-0.3645,-0.3169,-0.2602,-0.1976,-0.1518,-0.1639,-0.2067,-0.2295,-0.3076,-0.3715,-0.2791,-0.2105,-0.1953,-0.0868,0.0028,0.0594,0.0946,0.0633,0.0546,0.2094,0.2624,0.2602,0.2311,0.2048,0.2016,0.1913,0.1622,0.1266,-0.4654,-0.4639,-0.4607,-0.455,-0.4461,-0.4328,-0.4141,-0.3896,-0.3592,-0.3236,-0.2851,-0.249,-0.2257,-0.2242,-0.2372,-0.257,-0.2832,-0.288,-0.2462,-0.1998,-0.1015,0.0589,0.1581,0.1783,0.2112,0.3042,0.4852,0.4758,0.4377,0.4063,0.3281,0.2475,0.2127,0.198,0.1731,0.1401,-0.4533,-0.4506,-0.4462,-0.4396,-0.4302,-0.4174,-0.4007,-0.3801,-0.3558,-0.3289,-0.3015,-0.2772,-0.2604,-0.2535,-0.2545,-0.2586,-0.2579,-0.2399,-0.1948,-0.1077,0.078,0.3605,0.4595,0.3392,0.3169,0.464,0.6715,0.6271,0.6712,0.6444,0.4919,0.3476,0.2645,0.2208,0.1858,0.1503,-0.4418,-0.4383,-0.4331,-0.4261,-0.4167,-0.4047,-0.3899,-0.3724,-0.3525,-0.3313,-0.3103,-0.2913,-0.2764,-0.2659,-0.2584,-0.2497,-0.233,-0.1993,-0.1357,-0.0147,0.2223,0.5816,0.6778,0.4457,0.3618,0.449,0.5792,0.7522,1.0652,0.9593,0.6691,0.4539,0.3263,0.2518,0.2007,0.1588,-0.4311,-0.4269,-0.4214,-0.4142,-0.4051,-0.3939,-0.3807,-0.3655,-0.3487,-0.3311,-0.3135,-0.2969,-0.2821,-0.2687,-0.255,-0.2378,-0.2115,-0.1688,-0.098,0.0203,0.2098,0.4336,0.5006,0.3974,0.3532,0.4185,0.5601,0.8217,1.1165,1.0084,0.7215,0.5011,0.3608,0.2717,0.2105,0.1635]}]