docs/data/wind_grid.json
[{"header":{"la1":42.85,"la2":41.18,"lo1":11.55,"lo2":14.05,"nx":36,"ny":24,"dx":0.07143,"dy":0.07261,"parameterCategory":2,"parameterNumber":2,"parameterNumberName":"eastward_wind","parameterUnit":"m.s-1"},"data":[-0.608,-0.6229,-0.6397,-0.6578,-0.6758,-0.6913,-0.7012,-0.7022,-0.6917,-0.6693,-0.6371,-0.5982,-0.5562,-0.5136,-0.4723,-0.4338,-0.3994,-0.3707,-0.3497,-0.3373,-0.3331,-0.3356,-0.3422,-0.3505,-0.3589,-0.3662,-0.372,-0.376,-0.3785,-0.3795,-0.3793,-0.3782,-0.3764,-0.374,-0.3714,-0.3686,-0.6115,-0.6298,-0.6518,-0.677,-0.7042,-0.7302,-0.75,-0.7573,-0.7471,-0.7183,-0.6746,-0.6225,-0.5676,-0.5134,-0.4616,-0.4133,-0.3698,-0.3334,-0.3077,-0.295,-0.2951,-0.3045,-0.3186,-0.3337,-0.3473,-0.3585,-0.3668,-0.3725,-0.3758,-0.3772,-0.3771,-0.3757,-0.3735,-0.3708,-0.3678,-0.3646,-0.6112,-0.633,-0.6608,-0.6952,-0.7355,-0.7782,-0.8158,-0.8364,-0.8282,-0.7883,-0.7255,-0.6528,-0.5799,-0.5109,-0.4463,-0.3857,-0.3292,-0.2805,-0.2467,-0.2343,-0.2428,-0.2646,-0.291,-0.3158,-0.3364,-0.3521,-0.3632,-0.3704,-0.3744,-0.3759,-0.3755,-0.3736,-0.3709,-0.3675,-0.3639,-0.3602,-0.6056,-0.63,-0.6636,-0.7086,-0.7665,-0.8354,-0.9058,-0.9549,-0.9534,-0.892,-0.7938,-0.6885,-0.5911,-0.5043,-0.4253,-0.3501,-0.2755,-0.2052,-0.1551,-0.1435,-0.1698,-0.2148,-0.2607,-0.2989,-0.3278,-0.3484,-0.3621,-0.3704,-0.3746,-0.3758,-0.3747,-0.372,-0.3683,-0.3641,-0.3597,-0.3554,-0.5924,-0.6173,-0.655,-0.7105,-0.7893,-0.8958,-1.0247,-1.138,-1.1569,-1.0475,-0.8803,-0.7244,-0.5964,-0.4904,-0.3973,-0.3075,-0.2094,-0.1006,-0.0138,-0.0047,-0.0707,-0.158,-0.2323,-0.2868,-0.3243,-0.3491,-0.3646,-0.3733,-0.377,-0.3772,-0.3748,-0.3708,-0.3658,-0.3605,-0.3551,-0.35,-0.5693,-0.5909,-0.6284,-0.6905,-0.7884,-0.9379,-1.1546,-1.403,-1.4802,-1.2573,-0.9658,-0.7459,-0.5876,-0.4638,-0.3592,-0.2607,-0.1432,0.0235,0.1897,0.1907,0.0423,-0.1094,-0.2164,-0.2854,-0.3291,-0.3561,-0.3719,-0.3798,-0.382,-0.3803,-0.3759,-0.3699,-0.3632,-0.3563,-0.3497,-0.3436,-0.5348,-0.5466,-0.5759,-0.6358,-0.7425,-0.9186,-1.2049,-1.6145,-1.7898,-1.3965,-0.987,-0.7319,-0.5571,-0.4166,-0.2998,-0.2053,-0.1009,0.0918,0.3478,0.3362,0.0964,-0.1037,-0.2271,-0.3006,-0.3449,-0.371,-0.3851,-0.3906,-0.39,-0.3852,-0.3779,-0.3692,-0.3601,-0.3513,-0.3432,-0.336,-0.4885,-0.4809,-0.4887,-0.5326,-0.6344,-0.8061,-1.0597,-1.389,-1.5156,-1.2077,-0.8932,-0.6804,-0.5076,-0.3394,-0.187,-0.1012,-0.0724,0.0157,0.1879,0.1834,-0.0034,-0.1675,-0.2713,-0.3343,-0.3726,-0.3948,-0.4051,-0.4065,-0.4014,-0.3921,-0.3805,-0.3681,-0.356,-0.3448,-0.335,-0.3267,-0.434,-0.3942,-0.3578,-0.3616,-0.4553,-0.6301,-0.8204,-0.971,-1.0039,-0.9059,-0.7713,-0.6287,-0.4612,-0.2317,0.0543,0.1725,0.0282,-0.0906,-0.0981,-0.1151,-0.1928,-0.2763,-0.3389,-0.3823,-0.4114,-0.4282,-0.4334,-0.4286,-0.4166,-0.4006,-0.3831,-0.3659,-0.3501,-0.3362,-0.3245,-0.3151,-0.3818,-0.2992,-0.1857,-0.0956,-0.1857,-0.4451,-0.655,-0.7619,-0.7934,-0.7788,-0.7197,-0.6156,-0.4597,-0.1624,0.4941,0.8201,0.2041,-0.1766,-0.309,-0.3444,-0.3632,-0.3854,-0.4108,-0.4371,-0.4604,-0.474,-0.4731,-0.4588,-0.4362,-0.4104,-0.3849,-0.3616,-0.3413,-0.3243,-0.3108,-0.3004,-0.3501,-0.2343,-0.0405,0.1992,0.1271,-0.3165,-0.5917,-0.7004,-0.7709,-0.7932,-0.7258,-0.6422,-0.531,-0.3238,0.3389,0.8087,0.0534,-0.3921,-0.5467,-0.5419,-0.4993,-0.4732,-0.4729,-0.494,-0.5234,-0.5405,-0.5314,-0.5004,-0.4602,-0.4201,-0.384,-0.3532,-0.3279,-0.3078,-0.2926,-0.2818,-0.354,-0.2443,-0.0638,0.1527,0.0669,-0.3642,-0.6066,-0.6688,-0.7316,-0.765,-0.7346,-0.6952,-0.6285,-0.571,-0.4369,-0.2489,-0.4553,-0.8362,-0.9302,-0.7512,-0.6023,-0.5288,-0.5159,-0.5519,-0.6135,-0.648,-0.6206,-0.5555,-0.4862,-0.4262,-0.3772,-0.3381,-0.3077,-0.2848,-0.2686,-0.2581,-0.3896,-0.3191,-0.2286,-0.1709,-0.2744,-0.5021,-0.6442,-0.613,-0.7237,-0.747,-0.7692,-0.7962,-0.7436,-0.6186,-0.6033,-0.588,-0.7726,-1.3876,-1.3953,-0.8928,-0.6374,-0.536,-0.5293,-0.6068,-0.7474,-0.824,-0.7461,-0.6151,-0.5046,-0.422,-0.3599,-0.3129,-0.2778,-0.2529,-0.237,-0.2282,-0.4377,-0.4062,-0.3815,-0.3931,-0.4699,-0.584,-0.6731,-0.7373,-0.7516,-0.7819,-0.8304,-0.9097,-0.9173,-0.7193,-0.6992,-0.7009,-0.8048,-1.1039,-1.1263,-0.7795,-0.56,-0.4784,-0.4983,-0.625,-0.866,-0.9991,-0.8418,-0.6399,-0.4967,-0.3983,-0.3268,-0.2733,-0.2347,-0.2094,-0.1956,-0.1907,-0.482,-0.4745,-0.4784,-0.5047,-0.5578,-0.6246,-0.6844,-0.731,-0.7798,-0.862,-0.9394,-0.9319,-0.8889,-0.9903,-0.7733,-0.7692,-0.8546,-0.7712,-0.6925,-0.5254,-0.3805,-0.3514,-0.4143,-0.5519,-0.7685,-0.8884,-0.7599,-0.5813,-0.4475,-0.3497,-0.274,-0.2154,-0.174,-0.1503,-0.142,-0.1445,-0.5159,-0.5205,-0.5342,-0.561,-0.6007,-0.6479,-0.6967,-0.7498,-0.8283,-0.9802,-1.2414,-1.082,-0.9395,-0.8094,-0.7304,-0.7241,-0.7697,-0.5987,-0.4332,-0.3004,-0.1648,-0.1945,-0.3117,-0.4295,-0.5487,-0.6088,-0.5614,-0.4647,-0.3679,-0.2799,-0.2008,-0.1348,-0.0901,-0.0712,-0.0739,-0.0893,-0.5393,-0.5491,-0.5655,-0.5898,-0.6219,-0.6598,-0.7031,-0.757,-0.8379,-0.98,-1.1828,-1.0246,-0.687,-0.5401,-0.6095,-0.5766,-0.4947,-0.2865,-0.1125,-0.1362,-0.123,-0.1549,-0.2523,-0.3374,-0.4042,-0.4365,-0.4206,-0.3644,-0.2869,-0.2002,-0.1093,-0.0263,0.0252,0.0329,0.0091,-0.027,-0.554,-0.5655,-0.5817,-0.6031,-0.6296,-0.6608,-0.6971,-0.7414,-0.7985,-0.8668,-0.9018,-0.8057,-0.5758,-0.4958,-0.4973,-0.4292,-0.2986,0.0802,0.4067,0.072,-0.0986,-0.1622,-0.2217,-0.2826,-0.3457,-0.4037,-0.4032,-0.323,-0.2221,-0.1204,-0.0051,0.113,0.1777,0.1608,0.1005,0.0355,-0.562,-0.5735,-0.5882,-0.6065,-0.6281,-0.6528,-0.6805,-0.7111,-0.7429,-0.7668,-0.7602,-0.6996,-0.6012,-0.5077,-0.3715,-0.3175,-0.2406,0.0737,0.2845,0.1186,-0.0246,-0.1218,-0.1822,-0.2387,-0.3345,-0.5137,-0.549,-0.3232,-0.1567,-0.044,0.092,0.2585,0.3406,0.283,0.1776,0.0845,-0.565,-0.5755,-0.5883,-0.6032,-0.6202,-0.6386,-0.6578,-0.6764,-0.6909,-0.6948,-0.678,-0.6339,-0.5659,-0.4762,-0.3675,-0.32,-0.2405,-0.0491,0.1308,0.177,0.0205,-0.0814,-0.1315,-0.1743,-0.2611,-0.4958,-0.5498,-0.1711,-0.0341,0.0291,0.1401,0.3142,0.4016,0.3259,0.2053,0.1044,-0.5643,-0.5734,-0.5839,-0.5957,-0.6083,-0.6212,-0.6332,-0.6428,-0.647,-0.6416,-0.622,-0.5853,-0.5319,-0.4647,-0.394,-0.3317,-0.2443,-0.1105,0.0292,0.0674,-0.0066,-0.0496,-0.0649,-0.0819,-0.0726,0.0374,0.3712,0.311,0.1409,0.092,0.1311,0.2352,0.3001,0.2591,0.1733,0.0917,-0.5609,-0.5684,-0.5767,-0.5855,-0.5943,-0.6025,-0.6091,-0.6124,-0.6104,-0.6006,-0.5804,-0.5486,-0.5055,-0.4533,-0.3961,-0.3341,-0.2583,-0.1681,-0.087,-0.0478,-0.0326,0.011,0.0285,0.0007,0.061,0.3332,0.7487,0.52,0.2022,0.1173,0.1084,0.1415,0.1719,0.159,0.1135,0.0594,-0.5556,-0.5615,-0.5677,-0.5739,-0.5796,-0.5841,-0.5865,-0.5856,-0.5799,-0.5679,-0.5481,-0.5199,-0.4835,-0.4401,-0.391,-0.336,-0.2739,-0.2077,-0.1466,-0.0948,-0.0316,0.0621,0.0878,0.0358,0.0765,0.239,0.3841,0.2652,0.1168,0.1044,0.0917,0.0893,0.0929,0.0838,0.058,0.0231,-0.5491,-0.5535,-0.5579,-0.5618,-0.5648,-0.5665,-0.5659,-0.5622,-0.5543,-0.5413,-0.5223,-0.4968,-0.4651,-0.4276,-0.385,-0.3376,-0.2859,-0.2319,-0.178,-0.1224,-0.0561,0.0147,0.0373,0.0197,0.0458,0.1203,0.1712,0.1394,0.1014,0.0957,0.0772,0.0599,0.0484,0.0353,0.0158,-0.0092]},{"header":{"la1":42.85,"la2":41.18,"lo1":11.55,"lo2":14.05,"nx":36,"ny":24,"dx":0.07143,"dy":0.07261,"parameterCategory":2,"parameterNumber":3,"parameterNumberName":"northward_wind","parameterUnit":"m.s-1"},"data":[-0.6904,-0.693,-0.6961,-0.6994,-0.7027,-0.7056,-0.7077,-0.7087,-0.7079,-0.7049,-0.6991,-0.6896,-0.6759,-0.6577,-0.635,-0.6088,-0.5809,-0.5545,-0.5331,-0.5192,-0.5137,-0.5152,-0.5214,-0.5296,-0.538,-0.5456,-0.5516,-0.556,-0.5588,-0.5602,-0.5604,-0.5597,-0.5582,-0.5563,-0.5541,-0.5516,-0.6886,-0.6916,-0.6954,-0.6998,-0.7043,-0.7087,-0.7122,-0.7145,-0.715,-0.7131,-0.7079,-0.6982,-0.6829,-0.6611,-0.6325,-0.5977,-0.5592,-0.5219,-0.4924,-0.4759,-0.4734,-0.4817,-0.4956,-0.511,-0.5251,-0.5367,-0.5455,-0.5517,-0.5555,-0.5574,-0.5578,-0.557,-0.5553,-0.553,-0.5504,-0.5477,-0.685,-0.6884,-0.6929,-0.6986,-0.7048,-0.7109,-0.7161,-0.7199,-0.7221,-0.722,-0.7183,-0.7091,-0.6927,-0.6672,-0.6313,-0.5843,-0.5289,-0.4729,-0.4294,-0.4096,-0.4149,-0.4367,-0.4642,-0.4903,-0.5121,-0.5288,-0.5407,-0.5487,-0.5534,-0.5556,-0.5558,-0.5546,-0.5525,-0.5497,-0.5466,-0.5435,-0.6791,-0.6824,-0.6878,-0.695,-0.7034,-0.7118,-0.7187,-0.7239,-0.7278,-0.7305,-0.7299,-0.7229,-0.7065,-0.6779,-0.6337,-0.5705,-0.4882,-0.398,-0.3271,-0.3041,-0.3291,-0.3779,-0.4281,-0.4696,-0.5009,-0.5231,-0.5381,-0.5476,-0.5528,-0.5548,-0.5546,-0.5527,-0.5498,-0.5463,-0.5425,-0.5388,-0.6698,-0.6726,-0.6784,-0.6876,-0.6991,-0.7107,-0.7194,-0.7241,-0.7287,-0.7363,-0.7422,-0.7398,-0.7255,-0.6958,-0.6446,-0.5624,-0.4398,-0.2853,-0.1562,-0.1326,-0.2073,-0.3082,-0.3926,-0.4531,-0.4943,-0.5216,-0.539,-0.5492,-0.5543,-0.5556,-0.5543,-0.5512,-0.5472,-0.5427,-0.538,-0.5336,-0.6562,-0.6569,-0.6623,-0.6736,-0.69,-0.7071,-0.718,-0.7177,-0.7184,-0.7362,-0.7553,-0.7609,-0.7511,-0.7239,-0.6709,-0.5739,-0.4037,-0.1425,0.1094,0.1212,-0.0637,-0.2461,-0.3698,-0.4474,-0.496,-0.5263,-0.5446,-0.5544,-0.5583,-0.5581,-0.555,-0.5502,-0.5445,-0.5386,-0.5329,-0.5276,-0.6368,-0.6325,-0.6349,-0.6476,-0.6713,-0.6994,-0.7176,-0.7096,-0.699,-0.737,-0.7751,-0.7887,-0.7844,-0.7647,-0.7203,-0.6253,-0.4314,-0.0769,0.3277,0.3158,0.0074,-0.2343,-0.3763,-0.4589,-0.5087,-0.5388,-0.5561,-0.5641,-0.5656,-0.5625,-0.5567,-0.5494,-0.5415,-0.5339,-0.5268,-0.5206,-0.6109,-0.5963,-0.5889,-0.5989,-0.6328,-0.6815,-0.7219,-0.7313,-0.732,-0.7777,-0.8151,-0.8255,-0.8241,-0.8177,-0.7971,-0.7286,-0.562,-0.2569,0.0873,0.109,-0.1147,-0.3027,-0.4185,-0.489,-0.5333,-0.5604,-0.5748,-0.5793,-0.5766,-0.5692,-0.5592,-0.5484,-0.5378,-0.528,-0.5194,-0.5121,-0.5799,-0.5463,-0.5144,-0.5074,-0.5534,-0.6407,-0.725,-0.7871,-0.8374,-0.8763,-0.8806,-0.8685,-0.8638,-0.8765,-0.9045,-0.884,-0.7444,-0.5322,-0.3364,-0.2722,-0.3299,-0.4126,-0.4806,-0.5317,-0.5688,-0.5925,-0.6028,-0.6016,-0.5921,-0.578,-0.5622,-0.5467,-0.5326,-0.5202,-0.51,-0.5017,-0.5498,-0.4891,-0.4089,-0.346,-0.4012,-0.5673,-0.7167,-0.8447,-0.9881,-1.0448,-0.9674,-0.9068,-0.891,-0.9198,-1.038,-1.0993,-0.8899,-0.6909,-0.5566,-0.4895,-0.48,-0.503,-0.5392,-0.5793,-0.6156,-0.6392,-0.6447,-0.6338,-0.613,-0.5887,-0.5647,-0.5432,-0.5248,-0.5098,-0.4979,-0.4888,-0.5327,-0.4499,-0.3161,-0.1549,-0.2018,-0.4937,-0.6931,-0.8493,-1.1681,-1.3179,-1.0382,-0.9227,-0.8957,-0.9082,-1.0206,-1.1077,-0.889,-0.7075,-0.6046,-0.5584,-0.5433,-0.5516,-0.5818,-0.6296,-0.6812,-0.7129,-0.7101,-0.6803,-0.6398,-0.5998,-0.5648,-0.536,-0.5131,-0.4954,-0.4822,-0.4728,-0.5395,-0.4602,-0.334,-0.1863,-0.2408,-0.5131,-0.6573,-0.7131,-0.9327,-1.125,-0.9789,-0.9069,-0.887,-0.8668,-0.8682,-0.8871,-0.7753,-0.5966,-0.5274,-0.5408,-0.5478,-0.5621,-0.6056,-0.6869,-0.7853,-0.8405,-0.8152,-0.744,-0.6694,-0.6073,-0.5592,-0.5227,-0.4955,-0.4757,-0.4619,-0.4528,-0.5684,-0.5151,-0.4481,-0.4029,-0.4607,-0.5813,-0.6204,-0.6737,-0.5941,-0.8362,-0.8964,-0.859,-0.8776,-0.8398,-0.8233,-0.8446,-0.7032,-0.4018,-0.3828,-0.4976,-0.518,-0.5359,-0.6039,-0.749,-0.9523,-1.0582,-0.967,-0.814,-0.6904,-0.6036,-0.5429,-0.5,-0.4697,-0.4491,-0.4359,-0.4283,-0.6066,-0.58,-0.5568,-0.5555,-0.5902,-0.6302,-0.6146,-0.5053,-0.5854,-0.8195,-0.9088,-0.7868,-0.7813,-1.3028,-1.0046,-0.871,-0.7388,-0.5293,-0.4631,-0.4804,-0.446,-0.4525,-0.5518,-0.7681,-1.1046,-1.2788,-1.0838,-0.8418,-0.68,-0.5779,-0.5106,-0.4648,-0.4338,-0.4142,-0.4033,-0.3988,-0.6433,-0.6339,-0.6308,-0.6402,-0.6621,-0.6826,-0.6862,-0.6923,-0.7802,-0.9384,-1.0459,-1.0471,-1.1272,-1.3718,-1.075,-0.8649,-0.7942,-0.6878,-0.5535,-0.4088,-0.2481,-0.253,-0.4206,-0.6656,-0.9761,-1.1372,-0.9788,-0.766,-0.619,-0.5239,-0.4595,-0.4151,-0.3861,-0.3698,-0.3636,-0.3642,-0.6736,-0.6739,-0.6795,-0.6926,-0.7124,-0.7355,-0.7631,-0.812,-0.9116,-1.0789,-1.2958,-1.2678,-1.1929,-1.1438,-1.0152,-0.8587,-0.7876,-0.6944,-0.5378,-0.2521,0.1837,0.0873,-0.2556,-0.5021,-0.687,-0.7719,-0.7172,-0.6105,-0.5176,-0.4465,-0.3919,-0.3514,-0.3261,-0.3156,-0.3169,-0.3253,-0.6971,-0.7026,-0.7125,-0.7278,-0.7488,-0.7761,-0.8137,-0.8713,-0.9628,-1.1023,-1.2656,-1.2128,-1.1163,-1.0685,-0.9507,-0.8302,-0.7427,-0.6494,-0.5372,-0.2689,0.2406,0.1281,-0.2134,-0.4014,-0.4926,-0.5168,-0.4945,-0.4533,-0.4068,-0.3595,-0.3144,-0.2767,-0.2549,-0.2529,-0.2653,-0.2839,-0.7144,-0.7227,-0.7346,-0.751,-0.7726,-0.8006,-0.8378,-0.8883,-0.9555,-1.0342,-1.0919,-1.0832,-1.0579,-1.0243,-0.8424,-0.7271,-0.6823,-0.6157,-0.5888,-0.4675,-0.2479,-0.2054,-0.3009,-0.372,-0.3893,-0.3699,-0.3492,-0.3333,-0.3086,-0.2754,-0.2364,-0.1982,-0.1786,-0.1877,-0.2141,-0.2445,-0.7265,-0.7361,-0.7487,-0.7649,-0.7854,-0.811,-0.8428,-0.8815,-0.9256,-0.9675,-0.9918,-0.9865,-0.9537,-0.8577,-0.6268,-0.5451,-0.63,-0.6098,-0.5891,-0.5525,-0.4641,-0.3945,-0.3765,-0.364,-0.3311,-0.2973,-0.2859,-0.2568,-0.2241,-0.1968,-0.1686,-0.135,-0.1174,-0.1362,-0.1739,-0.2128,-0.7342,-0.7441,-0.7564,-0.7715,-0.7897,-0.8114,-0.8364,-0.8641,-0.8916,-0.9136,-0.922,-0.9093,-0.867,-0.7742,-0.6253,-0.574,-0.6198,-0.6102,-0.5988,-0.6015,-0.5317,-0.4609,-0.4097,-0.356,-0.2933,-0.2697,-0.2659,-0.1751,-0.1276,-0.1101,-0.1116,-0.1091,-0.1012,-0.1175,-0.1535,-0.1929,-0.7385,-0.7479,-0.7593,-0.7726,-0.788,-0.8053,-0.824,-0.8429,-0.8594,-0.8697,-0.8693,-0.853,-0.8161,-0.7558,-0.6867,-0.6471,-0.6321,-0.6103,-0.5924,-0.5781,-0.5305,-0.4756,-0.4261,-0.3545,-0.2534,-0.1435,-0.0187,-0.0063,0.0125,0.0193,-0.0286,-0.0816,-0.1029,-0.1188,-0.1477,-0.1832,-0.7398,-0.7485,-0.7585,-0.7698,-0.7823,-0.7956,-0.809,-0.8212,-0.8303,-0.8339,-0.8288,-0.8126,-0.7838,-0.7441,-0.7017,-0.6662,-0.6369,-0.6082,-0.581,-0.5516,-0.5113,-0.4791,-0.4574,-0.3769,-0.2332,-0.0538,0.0882,0.1017,0.2407,0.2511,0.1218,-0.0015,-0.0707,-0.1091,-0.143,-0.1781,-0.739,-0.7467,-0.7552,-0.7644,-0.7742,-0.784,-0.7931,-0.8005,-0.8048,-0.8042,-0.797,-0.782,-0.7589,-0.7294,-0.697,-0.665,-0.6339,-0.6026,-0.5705,-0.5352,-0.4987,-0.4846,-0.4864,-0.4021,-0.2449,-0.0714,0.0724,0.2991,0.6687,0.5701,0.2929,0.0931,-0.0222,-0.0889,-0.1356,-0.1747,-0.7365,-0.743,-0.75,-0.7573,-0.7647,-0.7716,-0.7774,-0.7814,-0.7823,-0.7793,-0.7711,-0.7572,-0.7376,-0.7134,-0.6861,-0.657,-0.6268,-0.5952,-0.5617,-0.526,-0.4924,-0.4732,-0.4561,-0.3838,-0.2523,-0.0928,0.0969,0.4047,0.7249,0.6207,0.3441,0.1355,0.0055,-0.0757,-0.1314,-0.1744]}]