docs/data/wind_grid.json
[{"header":{"la1":42.85,"la2":41.18,"lo1":11.55,"lo2":14.05,"nx":36,"ny":24,"dx":0.07143,"dy":0.07261,"parameterCategory":2,"parameterNumber":2,"parameterNumberName":"eastward_wind","parameterUnit":"m.s-1"},"data":[4.2888,4.3095,4.3306,4.3514,4.3704,4.3854,4.3934,4.3914,4.377,4.3501,4.3127,4.2684,4.2206,4.1722,4.1249,4.0801,4.0388,4.002,3.9705,3.9444,3.923,3.9048,3.8882,3.8719,3.8551,3.8376,3.8194,3.8006,3.7815,3.7625,3.7437,3.7256,3.7083,3.6921,3.677,3.6632,4.3092,4.3346,4.3618,4.3901,4.4181,4.4429,4.4599,4.4634,4.4487,4.415,4.3662,4.3087,4.2483,4.1887,4.1318,4.0784,4.0295,3.9868,3.9517,3.925,3.9052,3.8898,3.8758,3.8614,3.8455,3.828,3.8091,3.7893,3.7689,3.7485,3.7284,3.709,3.6906,3.6733,3.6575,3.6432,4.3284,4.359,4.3931,4.4308,4.4712,4.5111,4.5439,4.5588,4.5453,4.5007,4.4332,4.3559,4.2783,4.2049,4.1365,4.0725,4.0135,3.962,3.9219,3.8953,3.88,3.8703,3.8612,3.8497,3.8351,3.8176,3.7979,3.7767,3.7547,3.7327,3.711,3.6901,3.6704,3.6521,3.6355,3.6206,4.3453,4.3809,4.4224,4.4709,4.5272,4.5899,4.6505,4.6895,4.6812,4.617,4.517,4.4091,4.3089,4.2197,4.1387,4.0625,3.9895,3.9236,3.8747,3.8499,3.8445,3.846,3.8449,3.8377,3.8246,3.8067,3.7857,3.7627,3.7387,3.7146,3.691,3.6684,3.6472,3.6278,3.6103,3.595,4.3586,4.3987,4.4468,4.5059,4.5803,4.6733,4.7806,4.8708,4.8793,4.7758,4.6161,4.463,4.336,4.2312,4.1392,4.0505,3.9586,3.8677,3.8006,3.7809,3.7972,3.8186,3.8291,3.8267,3.8145,3.7955,3.7724,3.747,3.7204,3.6939,3.668,3.6434,3.6205,3.5999,3.5816,3.5658,4.3674,4.4105,4.4632,4.53,4.6191,4.7432,4.9142,5.102,5.1552,4.9702,4.711,4.5033,4.3524,4.2375,4.1399,4.0428,3.9307,3.8008,3.6968,3.6883,3.7451,3.7953,3.8179,3.8187,3.8055,3.784,3.7577,3.7289,3.6992,3.6696,3.6411,3.6142,3.5896,3.5676,3.5485,3.5324,4.3709,4.4152,4.4694,4.5382,4.6315,4.7677,4.9791,5.2675,5.3863,5.0936,4.7468,4.5101,4.3514,4.2366,4.1424,4.048,3.9293,3.7684,3.6205,3.6236,3.721,3.7906,3.8168,3.815,3.7976,3.7715,3.7408,3.7078,3.6742,3.6411,3.6094,3.5799,3.5533,3.5299,3.5101,3.4939,4.3692,4.4131,4.4657,4.5307,4.6149,4.7314,4.9019,5.1233,5.2028,4.966,4.6877,4.4803,4.3325,4.2274,4.1462,4.0684,3.9712,3.8355,3.7034,3.694,3.7662,3.8155,3.8274,3.8153,3.7897,3.757,3.7205,3.6825,3.6443,3.6071,3.5718,3.5394,3.5105,3.4857,3.4653,3.4494,4.3628,4.4052,4.4548,4.5134,4.5837,4.6688,4.7694,4.8657,4.89,4.797,4.6242,4.4418,4.3018,4.2097,4.1474,4.0948,4.0356,3.9589,3.8821,3.8508,3.8573,3.8596,3.8446,3.8161,3.7796,3.7387,3.6955,3.6516,3.6081,3.5662,3.5268,3.491,3.4596,3.4334,3.4127,3.3975,4.3522,4.3928,4.4397,4.4937,4.5551,4.6237,4.7001,4.7924,4.9059,4.9004,4.6597,4.4118,4.2602,4.1841,4.1442,4.1174,4.0958,4.0697,4.0304,3.9853,3.9434,3.9024,3.8589,3.8126,3.7641,3.7143,3.6638,3.6134,3.5641,3.5167,3.4725,3.4327,3.3986,3.3709,3.3504,3.3368,4.3377,4.3766,4.4218,4.4744,4.535,4.6036,4.6819,4.801,5.1259,5.2891,4.7283,4.355,4.2034,4.1606,4.143,4.1341,4.1528,4.1843,4.1716,4.0996,4.0111,3.9313,3.8621,3.7994,3.7399,3.6816,3.6237,3.5664,3.5104,3.4567,3.4067,3.3621,3.3247,3.2958,3.276,3.2651,4.3193,4.3562,4.3999,4.4526,4.5171,4.5957,4.6844,4.7583,4.9046,4.9973,4.5479,4.2292,4.14,4.1808,4.1609,4.1423,4.2203,4.378,4.3876,4.2192,4.0561,3.9364,3.8465,3.7722,3.7043,3.6385,3.5733,3.5087,3.4452,3.3839,3.3266,3.2758,3.2343,3.2041,3.1863,3.18,4.2966,4.3306,4.3715,4.4224,4.4883,4.5762,4.6893,4.7876,4.7263,4.5442,4.2664,4.0678,4.0341,4.1828,4.1549,4.1253,4.2747,4.666,4.6633,4.2915,4.0477,3.9019,3.8049,3.7277,3.6556,3.5835,3.511,3.4386,3.3666,3.2959,3.2287,3.1692,3.122,3.0909,3.0769,3.0784,4.2698,4.2992,4.3346,4.3787,4.4361,4.513,4.6118,4.702,4.6124,4.3136,4.0634,3.9635,3.9324,3.6628,3.952,4.0988,4.2536,4.4619,4.4624,4.1707,3.9431,3.8123,3.7339,3.6663,3.5937,3.5156,3.4353,3.3545,3.2729,3.19,3.1086,3.0356,2.9801,2.9486,2.9422,2.9568,4.2395,4.2629,4.29,4.3222,4.3609,4.4056,4.4472,4.4445,4.3075,4.0461,3.8394,3.7859,3.7728,3.7046,3.876,4.1815,4.4206,4.242,4.1213,3.9301,3.7423,3.6671,3.6421,3.5946,3.5203,3.4331,3.3438,3.2553,3.1636,3.0645,2.9608,2.8654,2.7965,2.7664,2.7747,2.8115,4.2069,4.2234,4.2411,4.2594,4.2765,4.2868,4.2757,4.2122,4.0574,3.8042,3.517,3.5318,3.6324,3.7428,3.8634,4.1119,4.2962,4.1016,3.9212,3.7214,3.4951,3.5075,3.5586,3.5227,3.4351,3.3317,3.2337,3.1417,3.0416,2.9201,2.7791,2.6438,2.5528,2.5297,2.5674,2.6416,4.1735,4.1835,4.1922,4.1981,4.1978,4.1849,4.1478,4.0695,3.9348,3.7406,3.5393,3.5755,3.5958,3.6044,3.7937,3.9266,3.97,3.8757,3.761,3.6457,3.4595,3.4788,3.5156,3.4529,3.332,3.2042,3.1035,3.0191,2.9153,2.7626,2.5583,2.3506,2.2249,2.2248,2.3191,2.4531,4.141,4.1452,4.1467,4.1435,4.1325,4.1086,4.0653,3.9958,3.8984,3.7857,3.6983,3.6684,3.6105,3.6119,3.7835,3.8538,3.8337,3.7179,3.6335,3.6377,3.5767,3.5381,3.4912,3.3764,3.2062,3.0506,2.9653,2.9027,2.7983,2.6065,2.3048,1.9755,1.8035,1.8618,2.0521,2.2679,4.1104,4.1101,4.1065,4.0977,4.0814,4.0547,4.0144,3.9592,3.8921,3.8236,3.7698,3.7374,3.7211,3.7566,3.8619,3.892,3.8067,3.6919,3.6259,3.595,3.5867,3.5489,3.4622,3.3015,3.0819,2.9195,2.8799,2.8093,2.6938,2.4761,2.072,1.592,1.3795,1.5317,1.8343,2.1283,4.0823,4.0789,4.0719,4.0603,4.0423,4.0166,3.9821,3.9394,3.8919,3.8458,3.8087,3.7854,3.7808,3.8053,3.8581,3.8695,3.7901,3.6824,3.5548,3.5106,3.5685,3.5497,3.4537,3.2619,3.0023,2.8591,2.837,2.6546,2.5682,2.3974,1.9852,1.4528,1.2298,1.4224,1.764,2.0818,4.057,4.0514,4.0427,4.0299,4.0121,3.9888,3.9599,3.9265,3.8912,3.8577,3.83,3.8116,3.8047,3.8102,3.8202,3.8099,3.7598,3.6811,3.5951,3.5653,3.5913,3.5924,3.5174,3.2978,2.947,2.5655,2.1688,2.2282,2.4049,2.3761,2.0933,1.6913,1.4954,1.6132,1.8755,2.1426,4.0343,4.0275,4.0179,4.0049,3.9882,3.9675,3.9432,3.9164,3.8887,3.8625,3.84,3.823,3.8121,3.8056,3.7978,3.7788,3.7418,3.6917,3.6455,3.6277,3.6534,3.7245,3.7166,3.4456,2.9698,2.3577,1.8286,2.0154,2.3284,2.4064,2.2735,2.0467,1.9081,1.9433,2.0937,2.2776,4.0141,4.0066,3.9966,3.984,3.9685,3.9502,3.9295,3.9071,3.8843,3.8625,3.8428,3.826,3.812,3.7991,3.784,3.7625,3.7324,3.6974,3.6678,3.6595,3.702,3.8284,3.8691,3.5792,3.1028,2.5897,2.2451,2.2667,2.4245,2.4923,2.441,2.3297,2.2476,2.2487,2.3242,2.4377,3.996,3.9881,3.9782,3.9661,3.9519,3.9355,3.9174,3.8981,3.8785,3.8592,3.8411,3.8242,3.8083,3.7922,3.774,3.7518,3.7253,3.6969,3.6728,3.6638,3.6879,3.7483,3.7412,3.5405,3.2097,2.8703,2.6383,2.5722,2.5988,2.6172,2.5904,2.535,2.4898,2.4841,2.5219,2.5901]},{"header":{"la1":42.85,"la2":41.18,"lo1":11.55,"lo2":14.05,"nx":36,"ny":24,"dx":0.07143,"dy":0.07261,"parameterCategory":2,"parameterNumber":3,"parameterNumberName":"northward_wind","parameterUnit":"m.s-1"},"data":[0.983,0.9598,0.9348,0.9089,0.8839,0.8629,0.8497,0.8485,0.8616,0.8882,0.9233,0.9597,0.9904,1.0099,1.0156,1.0079,0.9907,0.9708,0.9564,0.954,0.9663,0.9917,1.0258,1.0636,1.1015,1.1371,1.1693,1.1978,1.2227,1.2442,1.2629,1.279,1.2929,1.3049,1.3152,1.3241,0.9666,0.9378,0.9052,0.8694,0.8322,0.7976,0.7723,0.7643,0.7799,0.8185,0.8718,0.927,0.9721,0.9985,1.0022,0.9835,0.9484,0.9083,0.8782,0.8704,0.8887,0.9279,0.9783,1.0315,1.0818,1.1267,1.1656,1.1987,1.2267,1.2505,1.2706,1.2876,1.3021,1.3145,1.325,1.3339,0.9521,0.9171,0.8756,0.8269,0.7721,0.7156,0.6674,0.6437,0.66,0.7186,0.8033,0.8897,0.9575,0.9944,0.9947,0.958,0.8918,0.815,0.7565,0.7414,0.7746,0.8409,0.9194,0.9955,1.0625,1.1187,1.1649,1.2027,1.2337,1.2593,1.2805,1.2983,1.3132,1.3258,1.3363,1.3452,0.9407,0.8998,0.8488,0.7851,0.7068,0.6159,0.5249,0.465,0.4761,0.5704,0.7117,0.8498,0.9522,1.0045,0.9998,0.9353,0.8167,0.672,0.5592,0.536,0.6065,0.7264,0.8514,0.96,1.0474,1.1159,1.1692,1.2111,1.2444,1.2713,1.2932,1.3113,1.3264,1.3389,1.3493,1.3579,0.9343,0.8887,0.8294,0.7508,0.6454,0.5064,0.3405,0.1982,0.1851,0.3495,0.5961,0.8158,0.9661,1.0387,1.0289,0.9274,0.7272,0.4575,0.236,0.2095,0.3705,0.5911,0.7858,0.9344,1.0429,1.1221,1.1808,1.2252,1.2596,1.2869,1.3089,1.3269,1.3418,1.3541,1.3641,1.3723,0.9343,0.8865,0.8225,0.7339,0.606,0.4163,0.1436,-0.1629,-0.2498,0.0584,0.4847,0.8109,1.0145,1.1101,1.0985,0.9604,0.659,0.1907,-0.238,-0.2475,0.1007,0.4745,0.7491,0.9332,1.0565,1.1412,1.2015,1.2459,1.2798,1.3064,1.3278,1.3452,1.3596,1.3714,1.3809,1.3886,0.9414,0.8947,0.8318,0.7429,0.6102,0.3997,0.0545,-0.431,-0.6334,-0.1291,0.4698,0.8713,1.1139,1.2313,1.2261,1.073,0.7091,0.0681,-0.5975,-0.5747,-0.024,0.465,0.7787,0.9717,1.0941,1.1754,1.232,1.2734,1.3049,1.3297,1.3498,1.3662,1.3798,1.391,1.3999,1.4068,0.9551,0.9129,0.8568,0.7789,0.6651,0.4892,0.2099,-0.1701,-0.3071,0.1184,0.6257,1.0097,1.2721,1.4119,1.422,1.2859,0.9611,0.3986,-0.1941,-0.2124,0.2295,0.6325,0.8929,1.0535,1.1556,1.2236,1.2714,1.3068,1.3343,1.3564,1.3747,1.39,1.4027,1.4131,1.4213,1.4273,0.9741,0.9386,0.8931,0.8329,0.7506,0.6354,0.4801,0.3187,0.2805,0.4598,0.8009,1.1818,1.4876,1.6614,1.6868,1.5721,1.3316,0.9868,0.6571,0.5723,0.7229,0.9148,1.0627,1.1641,1.233,1.2813,1.3168,1.3444,1.3669,1.3859,1.4023,1.4165,1.4284,1.438,1.4454,1.4504,0.996,0.9681,0.9341,0.8919,0.8386,0.7683,0.6682,0.5106,0.2908,0.3005,0.7879,1.351,1.7731,2.005,2.0261,1.885,1.6705,1.4474,1.2601,1.1559,1.145,1.185,1.2354,1.2795,1.3144,1.3418,1.3643,1.3837,1.4013,1.4174,1.4323,1.4457,1.4571,1.4662,1.4728,1.4766,1.019,0.9981,0.9743,0.947,0.9157,0.8763,0.8067,0.5972,-0.0971,-0.4372,0.6872,1.5729,2.1611,2.502,2.4685,2.1912,1.9078,1.7116,1.5817,1.4794,1.412,1.3825,1.3767,1.3812,1.3894,1.3992,1.4102,1.4226,1.4361,1.4504,1.4648,1.4782,1.4898,1.4986,1.5043,1.5067,1.0412,1.0263,1.0105,0.9943,0.9791,0.9672,0.9614,0.9198,0.4643,0.1546,1.048,1.8942,2.5841,3.2293,3.0146,2.4256,2.0106,1.8209,1.7426,1.6459,1.5625,1.511,1.4811,1.463,1.4529,1.4494,1.4518,1.4591,1.4705,1.4846,1.4999,1.5148,1.5275,1.5366,1.5413,1.5417,1.0617,1.0514,1.0412,1.0323,1.0265,1.0291,1.0527,1.1035,1.0337,1.0332,1.5269,2.2274,2.6696,3.4397,3.1922,2.4009,1.9747,1.8367,1.8168,1.7166,1.6424,1.5966,1.5596,1.5277,1.5041,1.4908,1.4874,1.4923,1.5039,1.5202,1.5389,1.5574,1.5726,1.5824,1.5857,1.583,1.0799,1.0728,1.0664,1.0615,1.0596,1.0632,1.0756,1.0929,1.1018,1.2267,1.6236,2.4999,2.7591,2.3264,2.3427,2.065,1.85,1.7971,1.7763,1.7209,1.6998,1.6783,1.6325,1.5818,1.5437,1.5225,1.5162,1.5217,1.5364,1.558,1.5837,1.609,1.6288,1.6397,1.6404,1.6325,1.0956,1.0907,1.0866,1.0837,1.0827,1.0845,1.0896,1.0975,1.1115,1.1392,1.2198,1.5044,1.6902,1.2685,1.776,1.759,1.7216,1.6968,1.687,1.7304,1.8242,1.8196,1.7198,1.6272,1.5702,1.5436,1.5381,1.5472,1.5682,1.5994,1.6373,1.6746,1.7023,1.7139,1.709,1.692,1.1089,1.1053,1.1023,1.1001,1.0987,1.0979,1.0962,1.0878,1.0491,0.8982,0.5264,0.5984,0.9237,1.2714,1.4368,1.5738,1.6479,1.5851,1.595,1.7832,2.1295,2.0594,1.8024,1.6491,1.578,1.5535,1.5538,1.5694,1.5993,1.6453,1.704,1.7626,1.8026,1.8127,1.7958,1.7628,1.1199,1.117,1.1144,1.1119,1.109,1.1045,1.0946,1.0693,1.0012,0.8308,0.5534,0.6526,0.6039,0.5595,1.0395,1.2458,1.3576,1.3828,1.4219,1.6802,2.1575,2.0661,1.7733,1.6205,1.5637,1.5555,1.5666,1.5886,1.6285,1.6955,1.7887,1.8845,1.943,1.9441,1.9023,1.8426,1.1291,1.1264,1.1236,1.1204,1.1157,1.1079,1.093,1.0631,1.0049,0.9099,0.8158,0.7628,0.5395,0.4786,0.6963,0.7717,1.0477,1.2088,1.2007,1.3945,1.6533,1.7057,1.6117,1.5453,1.5384,1.5619,1.5826,1.6053,1.6531,1.7458,1.8915,2.0488,2.131,2.1055,2.0194,1.9221,1.1367,1.134,1.1309,1.1269,1.1209,1.1114,1.0953,1.0684,1.0265,0.9711,0.9122,0.845,0.7428,0.6199,0.1919,0.0022,0.7494,1.1343,1.209,1.2854,1.376,1.4316,1.4358,1.4555,1.5193,1.5837,1.6005,1.6205,1.6728,1.7856,1.9893,2.2243,2.3268,2.2561,2.1163,1.9821,1.1432,1.1404,1.137,1.1324,1.1258,1.1158,1.1007,1.0784,1.0475,1.0087,0.963,0.9052,0.8188,0.6479,0.2744,0.1783,0.7182,1.0881,1.2411,1.269,1.2562,1.243,1.2542,1.3419,1.4884,1.5937,1.6116,1.6559,1.697,1.8,2.0202,2.2884,2.3976,2.306,2.1462,1.9999,1.1489,1.146,1.1424,1.1375,1.1308,1.1213,1.1078,1.0895,1.0654,1.0355,0.9988,0.951,0.8818,0.7741,0.6476,0.6595,0.8678,1.0745,1.1909,1.2093,1.1226,0.9831,0.9574,1.1408,1.4119,1.6323,1.7847,1.7697,1.7301,1.785,1.9541,2.167,2.2676,2.213,2.0906,1.9678,1.1541,1.1511,1.1474,1.1426,1.1361,1.1274,1.1158,1.1006,1.0814,1.0579,1.029,0.993,0.9475,0.895,0.8584,0.8815,0.9688,1.0619,1.1074,1.066,0.8661,0.5055,0.4127,0.8059,1.2794,1.6595,1.8915,1.8284,1.7381,1.7501,1.8509,1.9834,2.0617,2.0505,1.9832,1.9006,1.1588,1.1559,1.1523,1.1477,1.1417,1.134,1.1241,1.1116,1.0963,1.0779,1.0562,1.0312,1.0038,0.9791,0.9686,0.984,1.0209,1.053,1.0448,0.9456,0.6626,0.1768,0.046,0.5607,1.1215,1.514,1.7138,1.7262,1.6909,1.6996,1.7578,1.8351,1.8895,1.8983,1.8692,1.8213,1.1633,1.1606,1.1571,1.1529,1.1475,1.1408,1.1324,1.1223,1.1102,1.0962,1.0804,1.0636,1.0472,1.0348,1.031,1.0379,1.05,1.0516,1.018,0.9129,0.6924,0.4021,0.3437,0.657,1.0547,1.3563,1.5289,1.5945,1.6145,1.6383,1.6796,1.7284,1.766,1.7802,1.7708,1.7457]}]