docs/data/wind_grid.json
[{"header":{"la1":42.85,"la2":41.18,"lo1":11.55,"lo2":14.05,"nx":36,"ny":24,"dx":0.07143,"dy":0.07261,"parameterCategory":2,"parameterNumber":2,"parameterNumberName":"eastward_wind","parameterUnit":"m.s-1"},"data":[1.026,1.0207,1.0125,1.0012,0.9873,0.9713,0.9537,0.935,0.9153,0.8944,0.872,0.8479,0.8213,0.7915,0.757,0.7161,0.6663,0.6053,0.532,0.4495,0.3673,0.3007,0.2638,0.2605,0.2833,0.3207,0.3627,0.4034,0.4402,0.4722,0.4998,0.5235,0.5438,0.5614,0.5768,0.5904,1.0489,1.0443,1.0359,1.0234,1.0074,0.9888,0.9688,0.9482,0.927,0.9048,0.8814,0.8564,0.8293,0.799,0.7638,0.7211,0.6667,0.5952,0.5009,0.3834,0.2569,0.1534,0.1052,0.1181,0.1711,0.2386,0.3046,0.3623,0.4106,0.4504,0.4832,0.5105,0.5333,0.5528,0.5695,0.5841,1.076,1.0728,1.0644,1.0502,1.0309,1.0084,0.9849,0.9619,0.9391,0.9157,0.8911,0.8652,0.8381,0.8085,0.7747,0.7332,0.6786,0.6006,0.4832,0.3118,0.1004,-0.08,-0.1436,-0.0852,0.0298,0.1472,0.2461,0.3241,0.3846,0.4319,0.4693,0.4996,0.5246,0.5455,0.5634,0.5788,1.1085,1.108,1.1003,1.0839,1.0595,1.0305,1.0014,0.9754,0.9515,0.9268,0.9003,0.8734,0.8467,0.8194,0.7894,0.7539,0.7079,0.6378,0.5092,0.2644,-0.1162,-0.4764,-0.5503,-0.3651,-0.13,0.0598,0.197,0.2946,0.3655,0.4184,0.4592,0.4915,0.5179,0.5399,0.5585,0.5745,1.1474,1.1523,1.1473,1.1287,1.0963,1.0557,1.0167,0.9873,0.9646,0.9384,0.908,0.8791,0.8536,0.8301,0.8065,0.7819,0.7571,0.7274,0.6421,0.3409,-0.3443,-1.1247,-1.1501,-0.6678,-0.2583,0.0043,0.1706,0.2802,0.3561,0.4113,0.4533,0.4864,0.5133,0.5357,0.5548,0.5712,1.1934,1.2082,1.2108,1.1919,1.1475,1.0866,1.0292,0.9957,0.981,0.951,0.9113,0.8795,0.8565,0.8385,0.8229,0.8111,0.8155,0.8692,0.9622,0.7286,-0.2573,-1.5154,-1.4582,-0.7437,-0.2638,0.0118,0.1776,0.2842,0.3573,0.4106,0.4514,0.4839,0.5106,0.5331,0.5522,0.5688,1.2449,1.276,1.2957,1.2842,1.2244,1.1307,1.0416,0.9987,0.9992,0.9554,0.9015,0.8699,0.853,0.8425,0.8352,0.8328,0.8527,0.9666,1.2917,1.1941,0.2243,-0.623,-0.7637,-0.4265,-0.1199,0.0835,0.2151,0.3036,0.3667,0.4144,0.4522,0.4833,0.5094,0.5315,0.5506,0.5672,1.2968,1.3483,1.3955,1.4067,1.3324,1.1953,1.0639,0.9905,0.9684,0.912,0.864,0.8463,0.8416,0.8406,0.8413,0.8444,0.856,0.9052,1.0179,0.8181,0.2154,-0.0618,-0.1339,-0.0606,0.0677,0.1805,0.2651,0.3285,0.3782,0.4191,0.4537,0.4833,0.5088,0.5307,0.5497,0.5662,1.3412,1.4087,1.4682,1.4918,1.4329,1.2694,1.0895,0.9517,0.8535,0.7913,0.7877,0.8081,0.8225,0.8312,0.838,0.8472,0.8599,0.847,0.7489,0.3974,-0.1966,-0.1484,0.0595,0.1473,0.2084,0.26,0.3046,0.3455,0.3843,0.4206,0.4536,0.4828,0.5083,0.5303,0.5493,0.5658,1.3738,1.4588,1.5314,1.56,1.5597,1.3552,1.108,0.8804,0.6322,0.5346,0.6649,0.7627,0.7958,0.8101,0.8204,0.824,0.8841,0.899,0.7871,0.4678,0.0211,0.0179,0.2001,0.2717,0.2888,0.2961,0.3121,0.3407,0.377,0.4148,0.4501,0.4811,0.5076,0.5301,0.5493,0.5658,1.3899,1.506,1.6938,2.0224,1.9426,1.457,1.1347,0.8668,0.3173,0.0488,0.5516,0.7342,0.7557,0.7525,0.8009,0.8299,0.9602,1.0647,1.0186,0.7937,0.5255,0.4038,0.3851,0.3535,0.3004,0.2614,0.2634,0.3003,0.3509,0.4004,0.4432,0.4783,0.5069,0.5303,0.5496,0.5661,1.3767,1.497,1.6997,1.9869,1.8912,1.4242,1.1814,1.093,0.7006,0.3906,0.6521,0.7397,0.6974,0.5711,0.693,0.9231,1.1465,1.4341,1.4515,1.1348,0.8397,0.643,0.5032,0.3585,0.1995,0.1023,0.1255,0.215,0.307,0.3805,0.4354,0.4763,0.5071,0.5311,0.5504,0.5667,1.3321,1.4177,1.5264,1.6056,1.5127,1.3034,1.217,1.2914,1.1506,0.877,0.7955,0.7209,0.6852,0.5013,0.6539,1.063,1.3452,2.0618,2.0694,1.3664,0.979,0.7382,0.5338,0.2753,-0.0662,-0.2581,-0.1196,0.1002,0.2611,0.3648,0.4321,0.4773,0.5092,0.5329,0.5515,0.5672,1.2727,1.3198,1.3603,1.3649,1.3063,1.2227,1.1935,1.2272,1.1568,0.9835,0.8646,0.638,0.5948,1.0349,1.0385,1.3378,1.4347,1.7161,1.7298,1.2802,0.9463,0.7273,0.5234,0.1977,-0.3494,-0.6635,-0.3293,0.0337,0.2468,0.3671,0.4387,0.4836,0.5135,0.5352,0.5524,0.5672,1.2152,1.2376,1.2489,1.2388,1.205,1.1652,1.1416,1.126,1.0778,1.0159,0.9745,0.9061,0.9251,0.9939,1.174,1.4307,1.892,1.5165,1.306,1.0279,0.7527,0.6197,0.5127,0.2645,-0.1708,-0.4294,-0.1893,0.1056,0.2887,0.3946,0.4571,0.4948,0.5188,0.5365,0.5516,0.5658,1.1671,1.1766,1.1775,1.1666,1.1454,1.121,1.0995,1.0787,1.0575,1.0624,1.1351,1.0313,1.0254,1.0615,1.1767,1.4372,1.7125,1.3747,1.0864,0.7756,0.383,0.4122,0.4989,0.3985,0.2009,0.0776,0.135,0.2613,0.3673,0.4391,0.4826,0.5066,0.521,0.5332,0.5469,0.5618,1.1289,1.1323,1.1298,1.1206,1.1061,1.0893,1.0733,1.0599,1.0553,1.0759,1.1302,1.0876,1.1468,1.1984,1.1546,1.216,1.2285,1.0586,0.8598,0.6777,0.3227,0.3833,0.5194,0.4926,0.4011,0.3322,0.3302,0.3796,0.4403,0.485,0.5065,0.5111,0.512,0.5198,0.5354,0.5541,1.0988,1.0995,1.0962,1.0889,1.0786,1.0671,1.0565,1.0493,1.0494,1.0606,1.0768,1.0942,1.1749,1.1964,1.1058,1.0772,1.0179,0.7798,0.5514,0.6883,0.6235,0.585,0.5915,0.5495,0.457,0.3523,0.3307,0.4117,0.4912,0.5259,0.5219,0.497,0.4805,0.4903,0.5161,0.5437,1.075,1.0745,1.0713,1.0656,1.0583,1.0505,1.0437,1.0398,1.0406,1.0468,1.0572,1.0733,1.0952,1.0866,1.0334,1.0131,0.9599,0.7833,0.6645,0.7953,0.7645,0.7032,0.6554,0.5875,0.4419,0.1675,0.1068,0.3942,0.5505,0.5722,0.5299,0.4608,0.4249,0.4502,0.4957,0.5351,1.0558,1.0548,1.052,1.0477,1.0424,1.037,1.0326,1.0301,1.0306,1.034,1.0399,1.047,1.0503,1.0398,1.0173,1.0027,0.9527,0.8814,0.9199,0.9661,0.8368,0.7483,0.6918,0.6372,0.5143,0.1792,0.0984,0.5845,0.6894,0.6383,0.5491,0.4451,0.3979,0.4353,0.4915,0.5359,1.0398,1.0387,1.0364,1.033,1.0291,1.0252,1.022,1.02,1.0197,1.0209,1.023,1.0243,1.022,1.0134,0.9991,0.9779,0.9409,0.9036,0.9045,0.8992,0.8153,0.7276,0.6861,0.6925,0.7335,0.892,1.3549,1.2284,0.885,0.6969,0.5881,0.4989,0.455,0.4736,0.5138,0.55,1.0263,1.0252,1.0232,1.0205,1.0174,1.0143,1.0116,1.0096,1.0084,1.0078,1.0071,1.005,1.0001,0.991,0.9766,0.9554,0.9263,0.8954,0.8689,0.8286,0.743,0.6263,0.5933,0.6872,0.8659,1.2747,1.8971,1.4927,0.8405,0.6411,0.5948,0.5574,0.5307,0.5316,0.5503,0.5729,1.0145,1.0134,1.0116,1.0093,1.0067,1.004,1.0015,0.9992,0.9972,0.9951,0.9924,0.9882,0.9816,0.9714,0.9568,0.9368,0.9111,0.8809,0.8442,0.7885,0.6886,0.5407,0.5009,0.6485,0.8449,1.0989,1.2735,0.9221,0.4181,0.4493,0.5483,0.5762,0.5756,0.5762,0.5845,0.5974,1.0041,1.003,1.0013,0.9992,0.9968,0.9943,0.9917,0.989,0.9862,0.983,0.9789,0.9733,0.9655,0.9548,0.9402,0.9213,0.8975,0.8683,0.8307,0.7775,0.699,0.6086,0.5892,0.677,0.7979,0.901,0.8906,0.6378,0.3553,0.4095,0.5294,0.5833,0.5997,0.6055,0.6114,0.6193]},{"header":{"la1":42.85,"la2":41.18,"lo1":11.55,"lo2":14.05,"nx":36,"ny":24,"dx":0.07143,"dy":0.07261,"parameterCategory":2,"parameterNumber":3,"parameterNumberName":"northward_wind","parameterUnit":"m.s-1"},"data":[0.521,0.5111,0.5036,0.4988,0.4969,0.4986,0.5051,0.5185,0.5402,0.5704,0.6072,0.6479,0.6897,0.7312,0.7717,0.8107,0.8479,0.8824,0.9129,0.9386,0.9585,0.9723,0.9798,0.982,0.9806,0.9773,0.9735,0.97,0.9671,0.965,0.9635,0.9625,0.962,0.9619,0.9619,0.9621,0.4882,0.4745,0.4637,0.4556,0.4501,0.4473,0.4493,0.4601,0.4838,0.5211,0.5685,0.6204,0.6722,0.7221,0.7699,0.816,0.8604,0.9018,0.9383,0.9683,0.9909,1.0053,1.011,1.0091,1.0026,0.9948,0.9874,0.9813,0.9767,0.9733,0.971,0.9695,0.9686,0.9681,0.968,0.968,0.4502,0.4316,0.4166,0.405,0.3948,0.3847,0.3769,0.3796,0.4037,0.4526,0.5179,0.5872,0.6524,0.7121,0.7679,0.8224,0.8762,0.9274,0.9717,1.0065,1.0321,1.0479,1.0507,1.0417,1.0273,1.013,1.0013,0.9924,0.986,0.9815,0.9785,0.9765,0.9753,0.9745,0.9742,0.9741,0.4058,0.38,0.3599,0.3451,0.3309,0.31,0.2813,0.2614,0.2808,0.3518,0.4512,0.5488,0.6317,0.7015,0.765,0.8287,0.8956,0.962,1.0176,1.0554,1.0821,1.1018,1.1009,1.0791,1.0526,1.0304,1.0141,1.0026,0.9948,0.9894,0.9859,0.9835,0.982,0.9812,0.9807,0.9804,0.353,0.3157,0.288,0.2721,0.259,0.2269,0.1581,0.0774,0.0746,0.1975,0.3677,0.5105,0.6137,0.691,0.7589,0.8313,0.9167,1.0112,1.0888,1.1206,1.1334,1.1611,1.1564,1.1142,1.0735,1.0442,1.0245,1.0114,1.0027,0.997,0.9932,0.9906,0.989,0.9881,0.9875,0.9872,0.2904,0.2323,0.1887,0.1739,0.1782,0.1507,0.0232,-0.2041,-0.2824,-0.0223,0.2865,0.4874,0.6048,0.6806,0.7452,0.8218,0.9295,1.0758,1.2148,1.2255,1.1724,1.1873,1.1809,1.1286,1.0829,1.0518,1.0316,1.0186,1.0101,1.0044,1.0006,0.998,0.9964,0.9954,0.9948,0.9944,0.2209,0.1243,0.0395,0.018,0.0744,0.1065,-0.0362,-0.4478,-0.6671,-0.1728,0.2776,0.503,0.6106,0.6685,0.7162,0.7857,0.9067,1.1057,1.3481,1.3394,1.2028,1.171,1.1545,1.1178,1.0808,1.0539,1.0363,1.025,1.0174,1.0122,1.0085,1.0059,1.0042,1.0032,1.0026,1.0021,0.1584,0.0043,-0.1771,-0.2548,-0.0861,0.101,0.0863,-0.1759,-0.3074,0.0736,0.408,0.5662,0.6298,0.6494,0.6601,0.7056,0.8205,1.0076,1.2061,1.2412,1.2344,1.216,1.1562,1.1085,1.0753,1.0541,1.0411,1.0325,1.0261,1.0211,1.0173,1.0146,1.0128,1.0118,1.0111,1.0107,0.132,-0.0632,-0.3604,-0.5811,-0.2362,0.1361,0.2983,0.3214,0.3662,0.5005,0.6055,0.6515,0.654,0.6177,0.5539,0.5523,0.6807,0.8548,1.0164,1.1646,1.3689,1.3304,1.1775,1.1024,1.0706,1.057,1.0499,1.044,1.038,1.0323,1.0276,1.0243,1.0223,1.0212,1.0206,1.0202,0.1621,-0.0048,-0.222,-0.3434,-0.0857,0.2429,0.498,0.6544,0.7766,0.827,0.7771,0.7288,0.6808,0.591,0.3751,0.262,0.5343,0.7399,0.8941,1.0661,1.2625,1.2511,1.1371,1.0823,1.0689,1.0699,1.0699,1.0643,1.0553,1.0465,1.0396,1.0352,1.0329,1.0318,1.0314,1.031,0.2331,0.1173,0.0031,-0.0739,-0.0067,0.3598,0.6919,0.8766,1.0089,1.0654,0.8884,0.7824,0.7132,0.63,0.4108,0.2511,0.5253,0.6904,0.8012,0.9139,1.0215,1.0601,1.0519,1.0581,1.0851,1.1098,1.1137,1.0995,1.08,1.0636,1.0528,1.047,1.0446,1.0439,1.0438,1.0434,0.3205,0.2365,0.1317,-0.0009,0.0903,0.5347,0.916,1.1002,1.0671,1.0252,0.9066,0.815,0.7422,0.6912,0.6345,0.5591,0.6006,0.6911,0.7516,0.811,0.8796,0.9355,0.987,1.0596,1.1521,1.2124,1.202,1.1548,1.1106,1.0815,1.0658,1.0592,1.0576,1.058,1.0586,1.0583,0.4143,0.3649,0.3154,0.301,0.4389,0.7491,1.0738,1.2904,1.1853,1.0096,0.9112,0.8665,0.7952,0.7003,0.6629,0.5483,0.5703,0.7335,0.7572,0.7579,0.7971,0.8535,0.9435,1.0955,1.3098,1.4319,1.3492,1.2217,1.1376,1.0944,1.0762,1.0715,1.0728,1.0754,1.077,1.0765,0.5054,0.4887,0.4891,0.5332,0.6553,0.8477,1.0525,1.1981,1.1467,0.999,0.9303,0.9388,0.9173,0.6409,0.5702,0.273,0.3964,0.6365,0.7115,0.7109,0.7105,0.7544,0.8795,1.1113,1.4795,1.6848,1.4732,1.2536,1.1408,1.0946,1.0821,1.0849,1.0924,1.0986,1.101,1.0995,0.5844,0.5885,0.6108,0.6632,0.7522,0.8665,0.9758,1.0383,1.0196,0.967,0.9543,0.9828,0.8982,0.8772,0.5717,0.2061,0.3853,0.5596,0.6682,0.6336,0.5155,0.5475,0.7477,1.0129,1.3441,1.5256,1.3687,1.1892,1.1025,1.0784,1.0853,1.1037,1.1213,1.1318,1.1338,1.129,0.6479,0.6616,0.6894,0.7347,0.7968,0.8662,0.9265,0.96,0.961,0.9405,0.8862,1.2506,1.1346,0.9278,0.7448,0.5522,0.5054,0.6605,0.7382,0.534,0.0127,0.1471,0.5814,0.8577,1.048,1.1378,1.1004,1.0415,1.0277,1.0518,1.0936,1.137,1.1688,1.1822,1.1792,1.1667,0.6969,0.714,0.7406,0.7772,0.8215,0.8675,0.907,0.9335,0.9457,0.9426,0.9117,1.0825,1.2862,1.325,0.9836,0.8369,0.8237,0.9547,1.0315,0.6936,-0.0465,0.1139,0.5661,0.7707,0.8334,0.8225,0.81,0.8522,0.9349,1.0284,1.1203,1.1998,1.2487,1.2583,1.2405,1.2123,0.7346,0.7519,0.7756,0.8052,0.8386,0.8725,0.903,0.9278,0.9476,0.9666,1.0012,1.0988,1.3172,1.3621,1.1608,1.1112,1.1009,1.3384,1.6151,1.1956,0.7571,0.6437,0.733,0.76,0.6549,0.4591,0.4159,0.6148,0.8443,1.0252,1.1778,1.3073,1.3751,1.3641,1.3142,1.2614,0.7637,0.7803,0.801,0.8255,0.8522,0.8794,0.9053,0.9292,0.9526,0.9796,1.0191,1.0829,1.164,1.2137,1.3461,1.421,1.2663,1.4212,1.6073,1.554,1.2481,1.0138,0.9093,0.7881,0.4877,-0.082,-0.2084,0.383,0.8119,1.0589,1.2565,1.4423,1.5275,1.4747,1.381,1.302,0.7868,0.8021,0.8204,0.8412,0.8636,0.8867,0.9096,0.9324,0.9562,0.9835,1.0179,1.0621,1.1147,1.1862,1.3232,1.3743,1.3048,1.4391,1.8474,2.0348,1.5105,1.2102,1.0553,0.886,0.5493,-0.1324,-0.2901,0.5538,0.946,1.1401,1.3105,1.4998,1.5876,1.5158,1.4069,1.3201,0.8054,0.8195,0.8358,0.8539,0.8734,0.8937,0.9144,0.9357,0.9583,0.9836,1.0132,1.0485,1.0911,1.1459,1.2102,1.2477,1.2797,1.4053,1.6484,1.7197,1.4768,1.3085,1.2116,1.0724,0.9037,0.8797,1.313,1.307,1.2306,1.266,1.3337,1.4344,1.4942,1.4574,1.3818,1.312,0.8206,0.8336,0.8483,0.8645,0.8818,0.9,0.9189,0.9386,0.9596,0.9826,1.0085,1.0382,1.0725,1.1118,1.1527,1.1906,1.2382,1.318,1.4118,1.4388,1.4019,1.4286,1.4303,1.2777,1.1874,1.3942,1.8537,1.6457,1.4608,1.4233,1.3838,1.3824,1.3943,1.3776,1.336,1.289,0.8334,0.8454,0.8588,0.8734,0.8891,0.9056,0.9229,0.941,0.9604,0.9812,1.0042,1.0296,1.0579,1.0887,1.1213,1.156,1.1973,1.248,1.2982,1.3347,1.3894,1.5283,1.5753,1.3923,1.2951,1.3902,1.5458,1.564,1.6417,1.5856,1.4546,1.3806,1.3495,1.3262,1.2971,1.2639,0.8442,0.8554,0.8677,0.8811,0.8954,0.9105,0.9264,0.9431,0.9608,0.9798,1.0003,1.0225,1.0466,1.0726,1.1003,1.1304,1.1641,1.2014,1.2402,1.2829,1.348,1.4407,1.4616,1.3692,1.3107,1.3456,1.4289,1.5376,1.6621,1.609,1.474,1.3809,1.3295,1.2971,1.2695,1.2424]}]