docs/data/wind_grid.json
[{"header":{"la1":42.85,"la2":41.18,"lo1":11.55,"lo2":14.05,"nx":36,"ny":24,"dx":0.07143,"dy":0.07261,"parameterCategory":2,"parameterNumber":2,"parameterNumberName":"eastward_wind","parameterUnit":"m.s-1"},"data":[0.0519,0.0303,0.0072,-0.0165,-0.0392,-0.0581,-0.0695,-0.0693,-0.0548,-0.0253,0.0172,0.0688,0.1258,0.1852,0.2449,0.3029,0.3569,0.404,0.4412,0.4666,0.4805,0.4848,0.4825,0.4766,0.4691,0.4614,0.4543,0.4479,0.4425,0.4378,0.4339,0.4305,0.4276,0.4251,0.423,0.421,0.0378,0.0111,-0.0189,-0.0516,-0.0854,-0.1166,-0.1396,-0.147,-0.1328,-0.0957,-0.0399,0.0275,0.1002,0.1745,0.2486,0.3212,0.3895,0.4492,0.4948,0.5224,0.5325,0.5294,0.5186,0.5049,0.4911,0.4787,0.468,0.4591,0.4517,0.4457,0.4407,0.4366,0.4331,0.4301,0.4275,0.4253,0.026,-0.0061,-0.0439,-0.0879,-0.1371,-0.1877,-0.2311,-0.2535,-0.2416,-0.1919,-0.1142,-0.0233,0.0703,0.1629,0.2545,0.3458,0.4346,0.5139,0.5725,0.6018,0.603,0.5858,0.5611,0.536,0.5139,0.4957,0.4811,0.4695,0.4604,0.453,0.4471,0.4423,0.4383,0.4349,0.4319,0.4293,0.0181,-0.0191,-0.0651,-0.122,-0.1914,-0.2712,-0.3507,-0.4045,-0.4002,-0.327,-0.2101,-0.083,0.0378,0.1509,0.2618,0.376,0.4945,0.6066,0.6883,0.7177,0.6988,0.6552,0.6082,0.5677,0.5357,0.5113,0.4928,0.4788,0.468,0.4596,0.453,0.4476,0.4431,0.4393,0.436,0.4332,0.0156,-0.0253,-0.0781,-0.1476,-0.2399,-0.3598,-0.5011,-0.6221,-0.6393,-0.5164,-0.3261,-0.1451,0.0069,0.1393,0.2677,0.407,0.5665,0.7351,0.8616,0.8867,0.8232,0.7332,0.6546,0.5958,0.5537,0.5237,0.5021,0.4862,0.4743,0.4652,0.458,0.4523,0.4475,0.4434,0.4399,0.4367,0.02,-0.0222,-0.0784,-0.1561,-0.2672,-0.4294,-0.6581,-0.9102,-0.9845,-0.7536,-0.4377,-0.1925,-0.0149,0.1287,0.2671,0.4261,0.6308,0.8847,1.0953,1.1051,0.9575,0.8014,0.6887,0.6142,0.5648,0.5314,0.5081,0.4914,0.4791,0.4697,0.4623,0.4563,0.4513,0.4471,0.4433,0.44,0.0319,-0.0082,-0.0624,-0.1394,-0.2541,-0.4346,-0.7247,-1.1218,-1.2837,-0.9033,-0.4749,-0.2006,-0.0209,0.1191,0.2545,0.4165,0.6422,0.9609,1.2613,1.2527,1.0239,0.8238,0.696,0.6171,0.5668,0.5335,0.5106,0.4943,0.4823,0.4731,0.4659,0.4599,0.4548,0.4503,0.4464,0.4429,0.0511,0.0166,-0.0298,-0.0952,-0.1925,-0.3444,-0.5849,-0.9065,-1.0265,-0.719,-0.388,-0.1669,-0.0139,0.1084,0.229,0.3741,0.572,0.8428,1.0996,1.1109,0.9373,0.7774,0.6715,0.6041,0.56,0.5304,0.5098,0.4951,0.4842,0.4757,0.4688,0.4629,0.4577,0.4531,0.449,0.4453,0.076,0.0498,0.0158,-0.0304,-0.0961,-0.1927,-0.3288,-0.4765,-0.5316,-0.4427,-0.2846,-0.1291,-0.0071,0.0919,0.1934,0.318,0.4731,0.6489,0.7955,0.8336,0.7752,0.6954,0.6295,0.5814,0.5475,0.5237,0.5068,0.4945,0.4852,0.4777,0.4712,0.4655,0.4602,0.4554,0.4511,0.4472,0.1043,0.0876,0.068,0.0441,0.0127,-0.0332,-0.1095,-0.2415,-0.4239,-0.4725,-0.2924,-0.1166,-0.0112,0.0614,0.1467,0.268,0.4153,0.5549,0.6498,0.6835,0.6678,0.63,0.5904,0.5576,0.5331,0.5154,0.5028,0.4934,0.486,0.4795,0.4735,0.4678,0.4622,0.4571,0.4524,0.4483,0.1333,0.126,0.1204,0.1178,0.1195,0.1222,0.0992,-0.0634,-0.6084,-0.8607,-0.353,-0.1064,-0.0297,0.0001,0.0742,0.2275,0.4252,0.6027,0.6861,0.6792,0.6392,0.5974,0.5628,0.5371,0.5193,0.5072,0.499,0.4928,0.4873,0.4818,0.4759,0.4697,0.4635,0.4577,0.4526,0.4482,0.1606,0.1611,0.1668,0.1816,0.2119,0.2671,0.3514,0.376,-0.1065,-0.4891,-0.2041,-0.0776,-0.0652,-0.1166,-0.0374,0.2009,0.5156,0.8393,0.9105,0.773,0.6535,0.582,0.5412,0.5185,0.5064,0.5001,0.4965,0.4936,0.4899,0.4849,0.4785,0.4711,0.4637,0.4568,0.451,0.4465,0.1845,0.1903,0.2032,0.228,0.2738,0.3578,0.5071,0.6935,0.4964,0.1033,-0.0224,-0.114,-0.1126,-0.1515,-0.074,0.2445,0.6472,1.2239,1.2355,0.8557,0.65,0.5554,0.5139,0.4979,0.4938,0.4947,0.4966,0.4971,0.4949,0.4894,0.4812,0.4714,0.4616,0.4531,0.4466,0.4422,0.2041,0.2126,0.228,0.2543,0.2983,0.3706,0.4793,0.5899,0.4925,0.2289,0.0551,-0.2327,-0.2888,0.167,0.1503,0.4254,0.7441,1.0115,1.028,0.7538,0.573,0.4941,0.4717,0.4729,0.4821,0.4925,0.5008,0.5049,0.5033,0.4958,0.4835,0.469,0.4552,0.4445,0.4376,0.4342,0.2196,0.2286,0.243,0.2649,0.2972,0.3411,0.3898,0.4099,0.3458,0.2409,0.1726,0.0988,0.1116,0.1961,0.2911,0.7482,1.1784,0.8509,0.7008,0.5494,0.4244,0.3919,0.4153,0.4467,0.4744,0.4964,0.5117,0.519,0.5167,0.5044,0.4841,0.4609,0.4406,0.4273,0.4214,0.4208,0.2316,0.2398,0.2516,0.2676,0.2879,0.3098,0.3258,0.3216,0.2915,0.264,0.2758,0.2809,0.2801,0.2991,0.3936,0.7151,0.998,0.7105,0.5076,0.3784,0.252,0.2745,0.3639,0.4301,0.4768,0.5096,0.5311,0.5413,0.5369,0.5155,0.4801,0.4411,0.4109,0.396,0.3946,0.4007,0.2411,0.2481,0.2572,0.2684,0.2806,0.2915,0.2973,0.2942,0.2852,0.2825,0.2911,0.3201,0.5132,0.6158,0.4691,0.5131,0.5443,0.4093,0.2812,0.2779,0.2252,0.2563,0.3564,0.4366,0.4944,0.5315,0.5559,0.5716,0.5667,0.5302,0.467,0.3992,0.3544,0.3431,0.3544,0.3737,0.2491,0.2549,0.262,0.2699,0.2779,0.2848,0.289,0.2905,0.2923,0.2998,0.3208,0.3869,0.5803,0.6307,0.4685,0.426,0.3713,0.1531,-0.0525,0.1813,0.282,0.3242,0.3924,0.4676,0.5242,0.5446,0.5636,0.6048,0.6122,0.5531,0.4404,0.3224,0.2601,0.2656,0.3034,0.3436,0.2561,0.261,0.2667,0.2729,0.2791,0.2848,0.2897,0.2947,0.3019,0.3151,0.3406,0.3886,0.4527,0.4619,0.4153,0.4023,0.3449,0.1791,0.0737,0.2589,0.3237,0.3709,0.4346,0.5122,0.5603,0.5054,0.4946,0.6459,0.6941,0.5983,0.4107,0.221,0.1449,0.1842,0.2577,0.3203,0.2626,0.2669,0.2718,0.2771,0.2826,0.2881,0.294,0.3008,0.3102,0.3243,0.3455,0.374,0.4008,0.409,0.4023,0.3952,0.3562,0.3059,0.3582,0.4015,0.3691,0.4001,0.4655,0.5621,0.6426,0.5488,0.5217,0.8493,0.8656,0.6894,0.4265,0.1831,0.099,0.1568,0.246,0.3169,0.2686,0.2726,0.277,0.2819,0.2872,0.2928,0.2991,0.3067,0.3164,0.3292,0.3453,0.3636,0.3794,0.3877,0.3881,0.3807,0.3633,0.3507,0.3676,0.3823,0.3839,0.4056,0.4612,0.5912,0.8049,1.103,1.5739,1.4807,1.1364,0.8236,0.5263,0.2886,0.1932,0.2196,0.2832,0.3391,0.2744,0.2781,0.2824,0.287,0.2922,0.2978,0.3043,0.3119,0.3211,0.3321,0.3446,0.3576,0.3688,0.376,0.3781,0.3754,0.3698,0.3673,0.3726,0.3799,0.3804,0.3621,0.376,0.542,0.8825,1.4461,2.0382,1.7912,1.2942,0.9283,0.65,0.4492,0.3471,0.329,0.3505,0.3792,0.2798,0.2835,0.2876,0.2921,0.2972,0.3028,0.3092,0.3165,0.3249,0.3343,0.3445,0.3546,0.3635,0.3701,0.3739,0.3753,0.3759,0.378,0.3826,0.3858,0.3725,0.3171,0.2977,0.4731,0.8096,1.2432,1.5684,1.4987,1.2142,0.9418,0.7249,0.5666,0.4704,0.4279,0.4185,0.4233,0.285,0.2886,0.2926,0.2971,0.302,0.3075,0.3137,0.3205,0.3282,0.3365,0.3452,0.3537,0.3616,0.3681,0.3733,0.3774,0.3815,0.3865,0.3924,0.3958,0.3872,0.3609,0.3698,0.4964,0.7248,0.9832,1.1609,1.1682,1.0468,0.8883,0.7419,0.6252,0.544,0.4956,0.4713,0.4611]},{"header":{"la1":42.85,"la2":41.18,"lo1":11.55,"lo2":14.05,"nx":36,"ny":24,"dx":0.07143,"dy":0.07261,"parameterCategory":2,"parameterNumber":3,"parameterNumberName":"northward_wind","parameterUnit":"m.s-1"},"data":[-0.0138,-0.0399,-0.0682,-0.0978,-0.1273,-0.154,-0.1746,-0.1852,-0.1835,-0.1694,-0.1454,-0.1156,-0.0837,-0.0524,-0.0232,0.0033,0.0272,0.0487,0.0687,0.0879,0.1072,0.127,0.1474,0.168,0.1887,0.2089,0.2285,0.2473,0.2652,0.282,0.2978,0.3124,0.326,0.3385,0.3499,0.3603,-0.0234,-0.0542,-0.0891,-0.1275,-0.1679,-0.2069,-0.2389,-0.2571,-0.2561,-0.2354,-0.2002,-0.158,-0.1153,-0.0756,-0.0403,-0.0097,0.0166,0.0394,0.0598,0.0794,0.0995,0.1208,0.1431,0.1659,0.1887,0.2109,0.2322,0.2525,0.2716,0.2894,0.306,0.3213,0.3354,0.3483,0.36,0.3706,-0.0298,-0.0656,-0.108,-0.1574,-0.213,-0.2711,-0.3232,-0.3561,-0.3571,-0.3245,-0.2694,-0.2074,-0.1491,-0.0987,-0.0565,-0.0215,0.0072,0.0305,0.0505,0.0697,0.0904,0.1136,0.1386,0.1643,0.1896,0.2141,0.2373,0.2591,0.2794,0.2983,0.3157,0.3317,0.3463,0.3595,0.3715,0.3822,-0.0316,-0.0719,-0.1219,-0.1838,-0.2594,-0.3467,-0.4348,-0.4983,-0.5058,-0.4493,-0.3569,-0.2626,-0.1831,-0.1204,-0.0709,-0.0315,-0.0007,0.0224,0.0401,0.0575,0.0791,0.1053,0.1342,0.1635,0.192,0.219,0.2442,0.2675,0.2891,0.309,0.3272,0.3437,0.3588,0.3723,0.3844,0.3951,-0.0272,-0.0704,-0.1264,-0.2003,-0.2986,-0.4265,-0.5773,-0.7078,-0.7345,-0.6261,-0.4613,-0.3174,-0.2129,-0.1386,-0.0832,-0.04,-0.007,0.0149,0.0276,0.0412,0.0645,0.0963,0.1309,0.1649,0.1968,0.2263,0.2534,0.2782,0.3009,0.3216,0.3405,0.3576,0.373,0.3867,0.3989,0.4096,-0.0151,-0.0584,-0.1166,-0.1976,-0.3144,-0.4858,-0.7275,-0.9928,-1.0739,-0.8508,-0.5595,-0.3558,-0.2315,-0.1519,-0.0943,-0.0482,-0.0121,0.0087,0.0128,0.0202,0.0487,0.0894,0.1312,0.17,0.2051,0.2367,0.2654,0.2914,0.3151,0.3366,0.356,0.3735,0.3892,0.4031,0.4152,0.4257,0.0053,-0.0343,-0.0886,-0.167,-0.2859,-0.4759,-0.7843,-1.2062,-1.3774,-0.9907,-0.5824,-0.3544,-0.234,-0.1613,-0.107,-0.0593,-0.0182,0.0054,0.0027,0.0056,0.0422,0.0917,0.1389,0.1809,0.218,0.2511,0.2808,0.3076,0.3319,0.3539,0.3738,0.3917,0.4075,0.4215,0.4335,0.4437,0.0334,0.0014,-0.0424,-0.1058,-0.2031,-0.3602,-0.616,-0.9648,-1.0978,-0.7807,-0.4737,-0.3104,-0.2261,-0.1732,-0.1267,-0.0775,-0.0289,0.0053,0.0134,0.0228,0.0608,0.1101,0.1571,0.199,0.2363,0.2696,0.2996,0.3267,0.3514,0.3739,0.3941,0.4123,0.4283,0.4422,0.4539,0.4637,0.0672,0.0459,0.018,-0.0212,-0.0798,-0.1709,-0.305,-0.4532,-0.5042,-0.4244,-0.3256,-0.2605,-0.2258,-0.1994,-0.1618,-0.1075,-0.0458,0.0066,0.0391,0.0647,0.1001,0.1424,0.1845,0.2237,0.2595,0.2921,0.3217,0.3488,0.3737,0.3964,0.417,0.4354,0.4516,0.4654,0.4769,0.486,0.1038,0.0945,0.0847,0.0736,0.0583,0.0319,-0.0205,-0.1161,-0.2392,-0.2911,-0.2562,-0.2412,-0.2526,-0.2562,-0.2237,-0.1528,-0.0646,0.0146,0.0705,0.1091,0.1438,0.1801,0.217,0.2528,0.2865,0.3178,0.3467,0.3735,0.3984,0.4215,0.4425,0.4614,0.4779,0.4916,0.5026,0.511,0.1398,0.1419,0.1494,0.1651,0.192,0.228,0.2459,0.1376,-0.261,-0.4363,-0.2499,-0.252,-0.3177,-0.3622,-0.3262,-0.214,-0.074,0.0484,0.1214,0.1578,0.1867,0.2179,0.251,0.2841,0.3159,0.3458,0.3738,0.4002,0.4252,0.4489,0.4708,0.4905,0.5075,0.5213,0.5317,0.5389,0.1723,0.1833,0.2042,0.2411,0.3037,0.405,0.5482,0.619,0.1702,-0.202,-0.1806,-0.2816,-0.4098,-0.5237,-0.4645,-0.2768,-0.0549,0.1494,0.2195,0.2153,0.2272,0.2531,0.2838,0.3154,0.3459,0.3746,0.4017,0.4278,0.4534,0.4783,0.5019,0.5232,0.5412,0.5551,0.5648,0.5705,0.1991,0.2154,0.2434,0.2908,0.3709,0.5071,0.7316,0.9912,0.7383,0.1937,-0.1211,-0.3511,-0.4747,-0.5799,-0.525,-0.2975,-0.0283,0.3181,0.3429,0.2613,0.2595,0.2817,0.3119,0.3443,0.375,0.4027,0.4286,0.4546,0.4815,0.5091,0.536,0.5603,0.5801,0.5944,0.6029,0.6062,0.2195,0.2371,0.2655,0.311,0.3836,0.4986,0.6661,0.8329,0.6775,0.2232,-0.1126,-0.4366,-0.5547,-0.7357,-0.4567,-0.2902,-0.1426,0.1698,0.2757,0.2691,0.274,0.2908,0.3272,0.3679,0.4014,0.4275,0.4514,0.4775,0.5076,0.5407,0.5737,0.6032,0.6262,0.6409,0.6473,0.647,0.2343,0.2501,0.2738,0.3087,0.3585,0.4247,0.4953,0.5138,0.3742,0.1283,-0.0513,-0.1827,-0.3799,-0.5938,-0.3554,-0.3522,-0.5733,-0.0672,0.2301,0.2876,0.2295,0.2348,0.3162,0.3855,0.4241,0.4446,0.4634,0.4906,0.5281,0.5719,0.6161,0.6548,0.6827,0.6974,0.6998,0.6935,0.2449,0.2574,0.2744,0.2967,0.3232,0.3489,0.3586,0.3225,0.2163,0.069,-0.0499,0.0549,0.008,-0.1164,-0.0661,-0.1642,-0.3407,0.1283,0.4438,0.3503,-0.0147,0.0518,0.293,0.4102,0.4423,0.4421,0.4492,0.4824,0.5377,0.6024,0.6662,0.7197,0.7546,0.7673,0.7618,0.7455,0.2535,0.2624,0.2733,0.2854,0.2963,0.3006,0.2889,0.25,0.1798,0.088,-0.0015,0.1096,0.524,0.7241,0.398,0.353,0.4331,0.7989,1.0541,0.6776,-0.0125,0.0797,0.3715,0.4675,0.4457,0.3874,0.3733,0.4328,0.5311,0.6337,0.7283,0.8045,0.8477,0.8533,0.8328,0.8012,0.2615,0.2677,0.2744,0.2804,0.2837,0.2808,0.2676,0.2416,0.2056,0.1727,0.1799,0.3206,0.7146,0.8578,0.8453,0.965,1.0191,1.5452,2.0452,1.3984,0.7906,0.5904,0.5984,0.554,0.4039,0.2083,0.1638,0.3206,0.5142,0.6723,0.8053,0.9115,0.962,0.9507,0.9061,0.8546,0.2701,0.2747,0.2792,0.2826,0.2838,0.2812,0.274,0.2632,0.2543,0.2602,0.3057,0.4255,0.623,0.8771,1.4794,1.7249,1.3555,1.6591,1.9915,1.8741,1.4167,1.0395,0.8392,0.6517,0.3317,-0.1396,-0.234,0.1986,0.5353,0.7301,0.8847,1.0168,1.0699,1.0348,0.9645,0.8954,0.2798,0.2838,0.2876,0.2909,0.2931,0.2939,0.2942,0.2963,0.3058,0.3324,0.3906,0.4968,0.6671,0.9556,1.437,1.6016,1.409,1.6317,2.2504,2.503,1.7683,1.2965,1.0427,0.8047,0.4419,-0.1402,-0.2607,0.4098,0.6983,0.8182,0.934,1.0562,1.1054,1.0629,0.9864,0.9135,0.2906,0.2947,0.2991,0.3034,0.3079,0.313,0.32,0.3316,0.3524,0.3892,0.451,0.548,0.6922,0.8966,1.1279,1.2532,1.3169,1.5428,1.9424,2.0549,1.6865,1.4162,1.2615,1.051,0.8238,0.8023,1.2466,1.2031,1.0,0.9288,0.9506,1.0168,1.0522,1.0261,0.9684,0.9076,0.3022,0.307,0.3124,0.3185,0.3256,0.3345,0.3468,0.3647,0.3918,0.4328,0.493,0.5781,0.6918,0.8309,0.9731,1.0902,1.2048,1.3672,1.5437,1.5981,1.54,1.5782,1.5792,1.3334,1.1398,1.3226,1.7721,1.5622,1.1938,1.0156,0.9628,0.9701,0.9817,0.9672,0.9309,0.8869,0.3144,0.3201,0.3267,0.3345,0.344,0.3561,0.372,0.3938,0.4239,0.4655,0.5215,0.5945,0.6847,0.7878,0.8945,0.998,1.1042,1.2199,1.3272,1.4031,1.5018,1.7176,1.7846,1.4951,1.2658,1.3017,1.4473,1.3799,1.1853,1.0405,0.9687,0.9435,0.9341,0.9193,0.894,0.8622,0.3267,0.3334,0.3413,0.3507,0.3621,0.3764,0.3947,0.4185,0.4495,0.4897,0.5407,0.6034,0.6772,0.7595,0.846,0.9341,1.0241,1.1156,1.2043,1.2949,1.4181,1.5762,1.6076,1.4354,1.2675,1.221,1.2344,1.1994,1.11,1.0211,0.9602,0.9255,0.9047,0.8863,0.8647,0.8396]}]