docs/data/wind_grid.json
[{"header":{"la1":42.85,"la2":41.18,"lo1":11.55,"lo2":14.05,"nx":36,"ny":24,"dx":0.07143,"dy":0.07261,"parameterCategory":2,"parameterNumber":2,"parameterNumberName":"eastward_wind","parameterUnit":"m.s-1"},"data":[3.7107,3.7359,3.7629,3.7909,3.8178,3.8408,3.8556,3.8577,3.8442,3.8144,3.7711,3.7187,3.6615,3.6026,3.5442,3.4877,3.4352,3.3891,3.352,3.3254,3.3091,3.3009,3.2978,3.297,3.2965,3.295,3.292,3.2874,3.2813,3.2739,3.2657,3.2569,3.2478,3.2387,3.2298,3.2214,3.7263,3.7572,3.7919,3.8299,3.8693,3.9062,3.9341,3.9446,3.9312,3.8926,3.8343,3.7647,3.6911,3.6173,3.5449,3.4748,3.4088,3.3508,3.3059,3.2775,3.265,3.264,3.2688,3.2749,3.2797,3.2817,3.2809,3.2774,3.2717,3.2642,3.2554,3.2459,3.236,3.2261,3.2165,3.2075,3.7393,3.7762,3.8196,3.8702,3.9271,3.986,4.037,4.0646,4.0534,3.9999,3.9163,3.8204,3.7245,3.6324,3.5434,3.4557,3.3704,3.2938,3.2365,3.2068,3.2032,3.2159,3.2341,3.2506,3.2624,3.2688,3.2703,3.2677,3.2621,3.254,3.2445,3.2339,3.223,3.2121,3.2016,3.1919,3.7481,3.7906,3.8431,3.9082,3.9878,4.0801,4.173,4.2367,4.2333,4.1513,4.0218,3.8847,3.7596,3.6472,3.5403,3.4313,3.3178,3.2093,3.1294,3.0997,3.1165,3.1554,3.1952,3.2262,3.2465,3.2574,3.2609,3.2588,3.2526,3.2436,3.2327,3.2207,3.2083,3.1962,3.1846,3.1741,3.7511,3.7976,3.8576,3.9366,4.042,4.1806,4.3456,4.4882,4.5093,4.3664,4.149,3.9497,3.7911,3.6605,3.5383,3.4066,3.2535,3.0887,2.9634,2.9383,3.0004,3.0864,3.1575,3.2057,3.2345,3.249,3.2535,3.2509,3.2434,3.2326,3.2198,3.2058,3.1916,3.1779,3.165,3.1536,3.7467,3.7946,3.8581,3.9457,4.0719,4.2589,4.527,4.8268,4.9157,4.6394,4.2692,3.9946,3.8099,3.6712,3.5429,3.3946,3.1975,2.9454,2.7323,2.7225,2.8723,3.0269,3.1326,3.1954,3.2295,3.2452,3.2487,3.2442,3.2343,3.2209,3.2053,3.1888,3.1722,3.1565,3.1421,3.1296,3.7344,3.78,3.841,3.9269,4.0557,4.2614,4.6011,5.0785,5.2761,4.8094,4.2962,3.9889,3.8076,3.6797,3.5605,3.4137,3.197,2.8753,2.5635,2.5727,2.8115,3.0146,3.1358,3.2013,3.2338,3.2465,3.2466,3.2386,3.2249,3.2078,3.1886,3.1687,3.1492,3.131,3.1149,3.1014,3.7147,3.7546,3.8069,3.8793,3.9855,4.1525,4.4249,4.8056,4.9485,4.5571,4.1591,3.9259,3.788,3.6897,3.5939,3.4706,3.2864,3.013,2.7408,2.7291,2.9145,3.077,3.1736,3.2242,3.2469,3.2524,3.2467,3.2332,3.2145,3.1924,3.1686,3.1444,3.1213,3.1002,3.0822,3.0676,3.6895,3.7213,3.7611,3.8126,3.882,3.9785,4.1088,4.2411,4.2575,4.1225,3.9664,3.848,3.7693,3.71,3.6429,3.5492,3.4192,3.2542,3.1024,3.059,3.115,3.1853,3.2332,3.2581,3.2657,3.2611,3.2475,3.2272,3.2021,3.1738,3.144,3.1144,3.0868,3.0623,3.0421,3.0267,3.6611,3.6842,3.7109,3.7417,3.7771,3.8174,3.8624,3.9065,3.9335,3.9214,3.8584,3.7983,3.7715,3.7555,3.7122,3.631,3.5298,3.4287,3.3439,3.2936,3.2807,3.2863,3.2929,3.2931,3.2853,3.2699,3.2475,3.2193,3.1864,3.1503,3.113,3.0766,3.0433,3.0148,2.9925,2.9767,3.6319,3.6473,3.663,3.6778,3.6897,3.6974,3.7064,3.7509,3.9018,3.9716,3.8263,3.7746,3.8066,3.8544,3.821,3.7099,3.5975,3.5196,3.4651,3.4173,3.3805,3.3566,3.3394,3.3225,3.3022,3.2768,3.2455,3.2085,3.1662,3.1204,3.0734,3.028,2.9875,2.9543,2.93,2.9148,3.6035,3.6128,3.6206,3.6252,3.6241,3.6138,3.5931,3.5882,3.7308,3.8437,3.7509,3.751,3.862,4.0458,3.994,3.7703,3.6177,3.5598,3.5317,3.4806,3.4332,3.3985,3.3708,3.3441,3.3149,3.281,3.2409,3.194,3.1405,3.082,3.0218,2.9644,2.9145,2.8758,2.8502,2.8374,3.577,3.5817,3.5844,3.5837,3.5776,3.563,3.5352,3.4993,3.5402,3.6187,3.6491,3.7371,3.8234,4.1314,4.0762,3.7329,3.585,3.5863,3.5805,3.5063,3.4553,3.4214,3.3914,3.3596,3.324,3.2828,3.2341,3.1761,3.1084,3.0328,2.9541,2.8795,2.8168,2.7718,2.7467,2.74,3.5524,3.5539,3.5533,3.55,3.5432,3.5324,3.5183,3.5061,3.5078,3.5064,3.5371,3.7707,3.8231,3.3711,3.6231,3.5543,3.4843,3.5269,3.5356,3.4893,3.4608,3.4385,3.4089,3.3724,3.3313,3.284,3.2271,3.1564,3.0701,2.9702,2.8638,2.7634,2.6827,2.6313,2.611,2.6168,3.5299,3.5288,3.5257,3.5204,3.5126,3.5025,3.4906,3.4747,3.4375,3.3605,3.2965,3.3382,3.3621,3.2135,3.3906,3.3849,3.3181,3.4076,3.4508,3.4642,3.4814,3.472,3.4317,3.385,3.3386,3.2879,3.2244,3.1395,3.0281,2.8917,2.7418,2.6005,2.4937,2.4378,2.4316,2.4619,3.5093,3.506,3.5007,3.493,3.4824,3.4679,3.4467,3.4099,3.3363,3.1928,2.9823,2.8959,3.0376,3.1978,3.2831,3.3303,3.3252,3.3678,3.4062,3.4651,3.5588,3.5371,3.4557,3.3942,3.3477,3.3014,3.2367,3.1357,2.9886,2.7961,2.5747,2.3653,2.2204,2.1683,2.1965,2.2721,3.4905,3.4853,3.478,3.4679,3.454,3.4344,3.4049,3.3573,3.2768,3.1453,2.9904,2.9724,2.8722,2.8328,3.1512,3.2807,3.3242,3.3428,3.3607,3.4329,3.5656,3.5386,3.4489,3.3932,3.3641,3.3422,3.2875,3.1641,2.9633,2.685,2.3462,2.0212,1.8227,1.7992,1.9009,2.053,3.4735,3.467,3.458,3.446,3.4298,3.4075,3.3758,3.3298,3.2644,3.1812,3.1028,3.0357,2.8573,2.8335,3.1399,3.2602,3.3015,3.3122,3.304,3.3488,3.4204,3.4366,3.4074,3.3854,3.4001,3.4464,3.4208,3.2459,2.9615,2.5672,2.052,1.5406,1.2779,1.3379,1.5708,1.8315,3.4585,3.4509,3.441,3.428,3.411,3.3886,3.3589,3.3201,3.2716,3.2174,3.1649,3.1141,3.067,3.1095,3.2505,3.288,3.2919,3.2985,3.2916,3.2848,3.3304,3.3665,3.372,3.3764,3.4451,3.6337,3.6651,3.3456,2.9599,2.467,1.7599,1.0172,0.7044,0.9043,1.2952,1.6625,3.4454,3.4372,3.4269,3.4138,3.3972,3.3765,3.3506,3.3195,3.2838,3.2466,3.212,3.1848,3.1765,3.2078,3.2651,3.2853,3.2887,3.2833,3.2324,3.2061,3.2917,3.3484,3.3632,3.3569,3.4035,3.6316,3.6821,3.2313,2.8889,2.4242,1.6637,0.824,0.4966,0.7596,1.2085,1.6099,3.434,3.4257,3.4154,3.4028,3.3875,3.3691,3.3474,3.3228,3.2963,3.2702,3.2476,3.2325,3.2304,3.2445,3.2663,3.2817,3.2895,3.2852,3.2605,3.2588,3.3248,3.3959,3.4098,3.3479,3.2494,3.1005,2.7677,2.7626,2.7508,2.4524,1.8553,1.1819,0.8742,1.0238,1.3618,1.6947,3.4244,3.4162,3.4063,3.3946,3.3808,3.3648,3.3468,3.3274,3.3074,3.2886,3.2732,3.2634,3.2615,3.2675,3.278,3.2884,3.2962,3.3,3.304,3.3304,3.4111,3.5361,3.564,3.4114,3.1674,2.808,2.4373,2.5561,2.6727,2.517,2.1409,1.7102,1.4619,1.4791,1.6561,1.8742,3.4161,3.4082,3.399,3.3883,3.376,3.3624,3.3475,3.332,3.3166,3.3026,3.2913,3.2841,3.2819,3.2843,3.2901,3.2973,3.305,3.3145,3.3322,3.3755,3.4764,3.6419,3.6862,3.4835,3.2003,2.9012,2.6867,2.6768,2.6974,2.5941,2.3705,2.113,1.9356,1.8943,1.9621,2.0828,3.4091,3.4016,3.3931,3.3834,3.3726,3.3609,3.3486,3.336,3.3239,3.313,3.3042,3.2984,3.2959,3.2965,3.2998,3.3051,3.3123,3.3236,3.3441,3.3852,3.4616,3.5598,3.5746,3.438,3.2318,3.0285,2.8816,2.8134,2.7669,2.6777,2.5358,2.3777,2.2559,2.2032,2.2175,2.2763]},{"header":{"la1":42.85,"la2":41.18,"lo1":11.55,"lo2":14.05,"nx":36,"ny":24,"dx":0.07143,"dy":0.07261,"parameterCategory":2,"parameterNumber":3,"parameterNumberName":"northward_wind","parameterUnit":"m.s-1"},"data":[1.4358,1.4305,1.425,1.4194,1.4138,1.4086,1.404,1.4001,1.3966,1.3927,1.3867,1.3764,1.3599,1.3356,1.303,1.2638,1.2216,1.183,1.1552,1.1439,1.151,1.1739,1.2074,1.2462,1.286,1.3241,1.3592,1.3906,1.4185,1.4429,1.4643,1.4829,1.4991,1.5131,1.5254,1.536,1.4323,1.4262,1.4197,1.413,1.4062,1.3997,1.3942,1.3902,1.388,1.3862,1.3826,1.3736,1.3558,1.3261,1.2829,1.2272,1.1641,1.104,1.0605,1.0447,1.0591,1.0973,1.1488,1.2044,1.258,1.3066,1.3494,1.3864,1.4182,1.4454,1.4686,1.4885,1.5056,1.5203,1.5328,1.5436,1.4287,1.4217,1.4141,1.4058,1.397,1.3884,1.3808,1.3761,1.3752,1.3773,1.3785,1.3733,1.3559,1.3209,1.2642,1.1848,1.088,0.9908,0.9198,0.8983,0.9296,0.9969,1.0783,1.1585,1.2303,1.2916,1.3429,1.3856,1.4211,1.4507,1.4756,1.4965,1.5142,1.5292,1.5418,1.5526,1.4253,1.4173,1.4083,1.3981,1.3867,1.3743,1.3625,1.3546,1.3548,1.3633,1.3736,1.3762,1.3623,1.3235,1.2515,1.1396,0.9893,0.8251,0.702,0.6749,0.7458,0.8688,0.9987,1.1132,1.2071,1.2821,1.3418,1.3896,1.4282,1.4597,1.4856,1.5072,1.5251,1.5401,1.5526,1.5631,1.4221,1.4131,1.4028,1.3905,1.3759,1.3582,1.3385,1.3224,1.3213,1.3403,1.3668,1.3835,1.378,1.3394,1.2536,1.1027,0.8729,0.5879,0.3602,0.3327,0.4957,0.7207,0.922,1.0782,1.195,1.2823,1.3485,1.3999,1.4403,1.4728,1.4991,1.5207,1.5385,1.5532,1.5653,1.5753,1.4195,1.4096,1.398,1.384,1.3664,1.3432,1.3125,1.2794,1.2708,1.3075,1.3598,1.3972,1.4063,1.3748,1.2832,1.099,0.776,0.3028,-0.1235,-0.1323,0.216,0.5934,0.8752,1.0685,1.2017,1.2961,1.3653,1.4177,1.4583,1.4905,1.5163,1.5373,1.5545,1.5685,1.5799,1.5891,1.4175,1.4069,1.3944,1.3793,1.3602,1.3344,1.2971,1.2481,1.2279,1.2844,1.3623,1.4217,1.4507,1.4354,1.3532,1.1637,0.7931,0.1662,-0.4815,-0.4587,0.0845,0.574,0.8953,1.0992,1.2334,1.3261,1.3931,1.4434,1.4822,1.5128,1.5373,1.5571,1.5731,1.5861,1.5965,1.6047,1.4162,1.405,1.392,1.3764,1.3573,1.3332,1.302,1.2665,1.2557,1.3029,1.3805,1.459,1.5143,1.5243,1.4668,1.3098,0.9961,0.465,-0.0967,-0.1105,0.3243,0.7291,0.9995,1.1738,1.2902,1.3717,1.4313,1.4764,1.5116,1.5395,1.5619,1.5799,1.5944,1.606,1.6151,1.6221,1.4156,1.404,1.3904,1.3744,1.3553,1.3324,1.3059,1.2797,1.2679,1.2969,1.3864,1.5035,1.6,1.6442,1.6161,1.503,1.2933,0.9892,0.6952,0.6293,0.7897,0.9941,1.1586,1.2781,1.3645,1.4285,1.4773,1.5154,1.5457,1.57,1.5897,1.6056,1.6183,1.6282,1.6358,1.6412,1.4159,1.4039,1.3897,1.3728,1.3525,1.3275,1.2937,1.2392,1.1558,1.1563,1.3394,1.5526,1.7165,1.8049,1.7954,1.6972,1.5443,1.3727,1.2263,1.157,1.1765,1.2443,1.3207,1.3888,1.445,1.4907,1.5278,1.5583,1.5833,1.6038,1.6206,1.6341,1.6447,1.6528,1.6585,1.6622,1.4173,1.4049,1.3901,1.3722,1.3502,1.3226,1.2847,1.2084,0.9766,0.8609,1.2798,1.6263,1.8774,2.0343,2.0161,1.8703,1.7004,1.5606,1.4706,1.422,1.4086,1.4236,1.4539,1.4885,1.5221,1.5528,1.58,1.6035,1.6235,1.6403,1.6541,1.6652,1.6737,1.6798,1.6835,1.6852,1.4198,1.4074,1.3923,1.3738,1.3506,1.322,1.2898,1.2569,1.1355,1.0592,1.3932,1.7261,2.0475,2.3735,2.2834,1.9998,1.7584,1.5776,1.5188,1.5246,1.531,1.54,1.554,1.5717,1.5915,1.612,1.6318,1.6499,1.6657,1.6791,1.6902,1.699,1.7055,1.7095,1.711,1.7103,1.4236,1.4116,1.3969,1.3787,1.3558,1.3272,1.295,1.2735,1.2799,1.3402,1.5373,1.7738,2.0061,2.4784,2.3792,2.0144,1.7572,1.4578,1.4418,1.5576,1.6032,1.6213,1.6314,1.6408,1.6531,1.6679,1.6834,1.6977,1.7099,1.7202,1.7288,1.7356,1.7403,1.7422,1.7413,1.7377,1.4289,1.4177,1.4042,1.3876,1.3672,1.3422,1.3142,1.2921,1.3125,1.4014,1.5492,1.7713,1.8505,1.9076,1.9838,1.935,1.8496,1.6123,1.5484,1.6269,1.6745,1.694,1.6977,1.7003,1.7089,1.7223,1.7365,1.7483,1.7571,1.7641,1.7703,1.7756,1.7789,1.7789,1.775,1.7678,1.4353,1.4254,1.4136,1.3998,1.3835,1.3654,1.3481,1.3398,1.3515,1.3678,1.3923,1.5069,1.6218,1.5159,1.7679,1.9638,2.149,1.8656,1.7222,1.7228,1.7646,1.7745,1.7589,1.7525,1.7618,1.7795,1.7958,1.8051,1.8086,1.8108,1.8146,1.8196,1.8226,1.8207,1.8131,1.801,1.4427,1.4342,1.4245,1.4135,1.4013,1.3888,1.3772,1.3671,1.3453,1.2583,1.0361,1.2049,1.3637,1.5407,1.6707,1.8849,2.0428,1.8594,1.7546,1.7804,1.873,1.8586,1.8073,1.7961,1.8168,1.849,1.8709,1.8739,1.8659,1.8595,1.8613,1.8687,1.8736,1.8698,1.8565,1.8371,1.4506,1.4436,1.4359,1.4273,1.4182,1.4086,1.3978,1.3815,1.3433,1.244,1.0727,1.202,1.3023,1.3331,1.5569,1.7053,1.7664,1.713,1.6715,1.7593,1.886,1.8707,1.8252,1.8318,1.8845,1.9509,1.9819,1.9638,1.9285,1.9067,1.9083,1.9243,1.9353,1.9282,1.9052,1.8751,1.4589,1.4533,1.4472,1.4407,1.4337,1.4259,1.416,1.4002,1.3712,1.3243,1.2892,1.319,1.3147,1.333,1.5288,1.6252,1.6615,1.5804,1.4525,1.6876,1.8109,1.8255,1.8222,1.8641,1.978,2.1214,2.1635,2.0808,1.9879,1.9436,1.9513,1.9875,2.0095,1.9946,1.9556,1.911,1.4672,1.4629,1.4583,1.4534,1.4482,1.4423,1.4347,1.424,1.4088,1.3924,1.3872,1.4014,1.4235,1.4828,1.5843,1.6096,1.6484,1.6412,1.63,1.9059,1.8794,1.8204,1.8091,1.8777,2.0718,2.3664,2.4276,2.1878,2.0144,1.9562,1.9817,2.0491,2.0833,2.0543,1.9957,1.9371,1.4754,1.4722,1.4689,1.4655,1.462,1.4582,1.4537,1.4483,1.4428,1.44,1.445,1.4613,1.4913,1.5409,1.594,1.6161,1.6747,1.8071,2.1742,2.3474,1.986,1.7971,1.7489,1.8242,2.0375,2.3834,2.4552,2.1077,1.9572,1.9313,1.982,2.0702,2.1099,2.0737,2.0077,1.9447,1.4834,1.4812,1.4791,1.477,1.4751,1.4732,1.4716,1.4704,1.4707,1.4743,1.4838,1.5013,1.5282,1.5636,1.6,1.6362,1.7,1.828,2.0389,2.0975,1.8645,1.6433,1.5745,1.6702,1.8365,1.914,1.7436,1.7526,1.8249,1.8738,1.9415,2.0211,2.0588,2.0357,1.9841,1.9308,1.491,1.4897,1.4886,1.4878,1.4872,1.4871,1.4877,1.4894,1.493,1.4997,1.5109,1.5276,1.5503,1.578,1.6088,1.6449,1.6953,1.7656,1.8302,1.7993,1.6016,1.3157,1.2371,1.4433,1.6475,1.6633,1.5195,1.5963,1.732,1.8148,1.8819,1.9417,1.9737,1.968,1.9384,1.9017,1.4983,1.4978,1.4976,1.4977,1.4983,1.4996,1.5017,1.5052,1.5106,1.5186,1.53,1.5453,1.5645,1.5871,1.6126,1.6413,1.6733,1.7022,1.7039,1.6299,1.4211,1.1001,1.0186,1.2937,1.5399,1.6245,1.6121,1.6423,1.7131,1.777,1.8301,1.8732,1.8987,1.9024,1.889,1.8669,1.5052,1.5053,1.5058,1.5067,1.5082,1.5105,1.5137,1.5182,1.5245,1.5328,1.5437,1.5573,1.5736,1.592,1.6118,1.632,1.6497,1.6569,1.6371,1.5642,1.4144,1.2278,1.1843,1.3397,1.5119,1.6071,1.6442,1.6734,1.7128,1.7545,1.7924,1.8232,1.8431,1.85,1.8454,1.8333]}]