docs/data/wind_grid.json
[{"header":{"la1":42.85,"la2":41.18,"lo1":11.55,"lo2":14.05,"nx":36,"ny":24,"dx":0.07143,"dy":0.07261,"parameterCategory":2,"parameterNumber":2,"parameterNumberName":"eastward_wind","parameterUnit":"m.s-1"},"data":[-0.0495,-0.0602,-0.0719,-0.0844,-0.0973,-0.1096,-0.1201,-0.1276,-0.1316,-0.1328,-0.1333,-0.136,-0.1432,-0.1563,-0.1756,-0.1999,-0.2262,-0.2508,-0.2691,-0.2778,-0.2758,-0.2646,-0.247,-0.226,-0.204,-0.1826,-0.1626,-0.1445,-0.1284,-0.1142,-0.1018,-0.0909,-0.0814,-0.073,-0.0657,-0.0592,-0.0517,-0.064,-0.0781,-0.0939,-0.1109,-0.1278,-0.1425,-0.1522,-0.1552,-0.1524,-0.1475,-0.1455,-0.1507,-0.1656,-0.1907,-0.2245,-0.2631,-0.2999,-0.3271,-0.3385,-0.3327,-0.3132,-0.2856,-0.2553,-0.2254,-0.1979,-0.1733,-0.1519,-0.1334,-0.1175,-0.1038,-0.0921,-0.0821,-0.0734,-0.0658,-0.0592,-0.0531,-0.0672,-0.0841,-0.104,-0.127,-0.1517,-0.1745,-0.1896,-0.1918,-0.1814,-0.1658,-0.1549,-0.1557,-0.172,-0.2046,-0.2524,-0.3103,-0.3681,-0.4106,-0.4251,-0.4103,-0.3751,-0.3313,-0.2873,-0.2472,-0.2123,-0.1826,-0.1577,-0.1368,-0.1194,-0.1047,-0.0924,-0.082,-0.0731,-0.0654,-0.0588,-0.0533,-0.069,-0.0887,-0.1136,-0.1448,-0.182,-0.2207,-0.2491,-0.252,-0.2269,-0.1904,-0.1628,-0.1556,-0.1726,-0.2147,-0.282,-0.3705,-0.4649,-0.5352,-0.5526,-0.5168,-0.4522,-0.3825,-0.3197,-0.2671,-0.2241,-0.1893,-0.1611,-0.1382,-0.1195,-0.1042,-0.0915,-0.081,-0.0721,-0.0645,-0.058,-0.0518,-0.0687,-0.0906,-0.12,-0.1606,-0.2159,-0.2841,-0.3449,-0.3555,-0.2995,-0.2213,-0.1657,-0.1466,-0.1634,-0.216,-0.3077,-0.4409,-0.5996,-0.7239,-0.7409,-0.6573,-0.5399,-0.4328,-0.3474,-0.2817,-0.2312,-0.192,-0.1613,-0.137,-0.1177,-0.1021,-0.0895,-0.0791,-0.0704,-0.0631,-0.0568,-0.0483,-0.0653,-0.088,-0.1198,-0.1674,-0.2417,-0.3541,-0.4851,-0.5244,-0.4017,-0.2475,-0.1543,-0.123,-0.14,-0.2018,-0.3167,-0.5021,-0.7581,-0.9813,-0.9873,-0.8107,-0.6169,-0.4684,-0.3627,-0.2869,-0.2313,-0.1895,-0.1576,-0.1329,-0.1136,-0.0984,-0.0862,-0.0763,-0.0682,-0.0613,-0.0555,-0.0428,-0.0589,-0.0802,-0.1102,-0.1567,-0.2361,-0.3788,-0.5945,-0.6872,-0.4636,-0.2287,-0.113,-0.0794,-0.0991,-0.1662,-0.2922,-0.5069,-0.8387,-1.1659,-1.155,-0.8867,-0.6401,-0.4714,-0.3582,-0.2795,-0.2228,-0.1809,-0.1495,-0.1256,-0.1073,-0.093,-0.0819,-0.0729,-0.0655,-0.0594,-0.054,-0.0359,-0.0503,-0.0683,-0.0922,-0.1269,-0.1842,-0.2888,-0.4547,-0.5174,-0.311,-0.1179,-0.0332,-0.0153,-0.0412,-0.1096,-0.2307,-0.4247,-0.7086,-0.9859,-0.9937,-0.7852,-0.5817,-0.435,-0.3324,-0.2591,-0.2057,-0.1664,-0.1372,-0.1154,-0.0989,-0.0864,-0.0768,-0.0691,-0.0628,-0.0575,-0.0528,-0.0282,-0.0409,-0.0556,-0.0724,-0.0912,-0.1123,-0.1351,-0.1471,-0.1004,-0.001,0.056,0.0695,0.0616,0.0296,-0.039,-0.1539,-0.3148,-0.5021,-0.6552,-0.6845,-0.5987,-0.4808,-0.3754,-0.2919,-0.2285,-0.1813,-0.1466,-0.1213,-0.1028,-0.0892,-0.0791,-0.0714,-0.0653,-0.0603,-0.0559,-0.0519,-0.0207,-0.0324,-0.0455,-0.0589,-0.0696,-0.0695,-0.0398,0.0578,0.2401,0.325,0.2324,0.1648,0.1401,0.1118,0.0416,-0.0873,-0.2599,-0.4269,-0.5279,-0.5397,-0.4841,-0.3998,-0.316,-0.2457,-0.1915,-0.1515,-0.1229,-0.1027,-0.0886,-0.0787,-0.0716,-0.0664,-0.0622,-0.0586,-0.0552,-0.0519,-0.0133,-0.0253,-0.0395,-0.0556,-0.0719,-0.0822,-0.0631,0.0697,0.4995,0.6988,0.3505,0.2241,0.2146,0.2139,0.141,-0.0364,-0.3,-0.5604,-0.6635,-0.5954,-0.471,-0.3554,-0.2641,-0.1969,-0.1497,-0.1177,-0.0965,-0.0829,-0.0742,-0.0688,-0.0652,-0.0626,-0.0605,-0.0583,-0.0559,-0.0531,-0.0056,-0.0185,-0.0354,-0.0581,-0.0901,-0.1364,-0.1973,-0.209,0.1472,0.4447,0.2838,0.2394,0.2801,0.3568,0.2602,-0.0012,-0.4581,-1.0346,-1.1429,-0.805,-0.5056,-0.3185,-0.2069,-0.1409,-0.1024,-0.0806,-0.0689,-0.0633,-0.0612,-0.0608,-0.061,-0.0613,-0.0611,-0.0602,-0.0585,-0.0559,0.0033,-0.0101,-0.0289,-0.0569,-0.1015,-0.1773,-0.3044,-0.407,-0.3276,0.0476,0.1893,0.2351,0.2886,0.3785,0.2852,-0.0156,-0.6388,-1.8248,-1.8425,-0.9659,-0.4742,-0.2358,-0.1222,-0.0702,-0.0485,-0.0418,-0.0426,-0.0466,-0.0517,-0.0566,-0.0606,-0.0636,-0.0652,-0.0652,-0.0638,-0.061,0.0142,0.0016,-0.0164,-0.0438,-0.0875,-0.1593,-0.2729,-0.4169,-0.3044,0.0196,0.1907,0.2294,0.2498,0.4478,0.2348,-0.1198,-0.5891,-1.2592,-1.3306,-0.6928,-0.2605,-0.0614,0.0057,0.0175,0.0095,-0.0053,-0.0214,-0.0362,-0.0485,-0.0583,-0.0658,-0.071,-0.0739,-0.0743,-0.0724,-0.0687,0.0273,0.0171,0.0027,-0.0182,-0.0488,-0.0916,-0.141,-0.1563,-0.0484,0.1424,0.2629,0.2828,0.3177,0.3839,0.1861,-0.3848,-0.8776,-0.62,-0.4873,-0.1771,0.123,0.2111,0.1688,0.1115,0.0622,0.0212,-0.0117,-0.0366,-0.0548,-0.0681,-0.0779,-0.0848,-0.0884,-0.0884,-0.0851,-0.0794,0.0421,0.0354,0.0264,0.0146,0.0004,-0.013,-0.0143,0.0215,0.1199,0.2702,0.4308,0.3212,0.3053,0.2947,0.1571,-0.2714,-0.6366,-0.3091,-0.0476,0.2277,0.5538,0.5079,0.3162,0.1854,0.0942,0.0262,-0.0219,-0.0534,-0.0737,-0.0876,-0.0981,-0.1059,-0.1097,-0.1082,-0.1021,-0.093,0.0577,0.0548,0.0514,0.0481,0.0469,0.052,0.0717,0.1171,0.1957,0.3042,0.4148,0.3533,0.3033,0.2935,0.2566,0.1288,0.0274,0.1358,0.2801,0.4007,0.6198,0.5625,0.367,0.2129,0.0898,-0.0034,-0.0611,-0.0912,-0.1068,-0.1166,-0.1254,-0.1339,-0.138,-0.134,-0.123,-0.1087,0.0733,0.0737,0.075,0.0781,0.085,0.0989,0.1242,0.1648,0.2205,0.2821,0.3247,0.3264,0.3156,0.3351,0.4903,0.5473,0.4178,0.4326,0.4966,0.4995,0.5125,0.4679,0.3504,0.2004,0.0444,-0.076,-0.1311,-0.1489,-0.1538,-0.1531,-0.1562,-0.1657,-0.1711,-0.1632,-0.1452,-0.1243,0.0879,0.0911,0.0958,0.103,0.1142,0.1313,0.1562,0.1898,0.2301,0.2709,0.3044,0.3319,0.3752,0.5155,0.9712,1.1488,0.6868,0.5588,0.5998,0.7418,0.632,0.4962,0.3596,0.1845,-0.0194,-0.1638,-0.1951,-0.2151,-0.2154,-0.1953,-0.1838,-0.1921,-0.1999,-0.188,-0.163,-0.136,0.1012,0.1064,0.1134,0.123,0.136,0.1537,0.1767,0.205,0.2372,0.271,0.306,0.3489,0.424,0.5953,0.9328,1.0348,0.7453,0.6946,1.0002,1.1554,0.7931,0.5811,0.4234,0.2102,-0.0507,-0.2051,-0.2285,-0.3282,-0.3091,-0.245,-0.2036,-0.2012,-0.2087,-0.1961,-0.1689,-0.1398,0.1129,0.1195,0.1279,0.1386,0.1523,0.1695,0.1906,0.2154,0.2435,0.2745,0.3103,0.3571,0.4286,0.5424,0.6783,0.7219,0.6704,0.7025,0.8756,0.9386,0.7865,0.6966,0.5947,0.3323,-0.0404,-0.3916,-0.7079,-0.6476,-0.4439,-0.2987,-0.2202,-0.1973,-0.1958,-0.1841,-0.1607,-0.1342,0.1229,0.1304,0.1395,0.1507,0.1644,0.1808,0.2003,0.2227,0.248,0.2769,0.3108,0.3533,0.4091,0.4781,0.5443,0.5804,0.5957,0.6369,0.7091,0.7545,0.8008,0.9583,0.9792,0.5945,0.045,-0.5275,-0.9703,-0.8131,-0.5119,-0.3258,-0.2292,-0.1897,-0.1755,-0.1622,-0.1431,-0.1214,0.1314,0.1394,0.1488,0.1601,0.1734,0.1889,0.2069,0.2273,0.2505,0.2767,0.3071,0.343,0.3851,0.4311,0.4739,0.5072,0.5362,0.5743,0.6261,0.6981,0.8559,1.1686,1.2602,0.8023,0.2072,-0.3103,-0.6189,-0.5968,-0.4331,-0.2976,-0.2159,-0.1741,-0.1532,-0.138,-0.1218,-0.1045,0.1384,0.1466,0.1561,0.1672,0.1799,0.1946,0.2111,0.2298,0.2508,0.2742,0.3007,0.3304,0.3631,0.3972,0.4298,0.4597,0.4895,0.5251,0.5735,0.651,0.7931,0.9885,1.0152,0.7182,0.3005,-0.0616,-0.283,-0.3383,-0.2939,-0.2294,-0.179,-0.147,-0.1274,-0.113,-0.0995,-0.0858]},{"header":{"la1":42.85,"la2":41.18,"lo1":11.55,"lo2":14.05,"nx":36,"ny":24,"dx":0.07143,"dy":0.07261,"parameterCategory":2,"parameterNumber":3,"parameterNumberName":"northward_wind","parameterUnit":"m.s-1"},"data":[-0.3436,-0.3249,-0.3032,-0.2788,-0.253,-0.2278,-0.2064,-0.1919,-0.1863,-0.189,-0.1971,-0.2061,-0.2125,-0.2138,-0.2095,-0.2003,-0.1881,-0.1758,-0.1662,-0.1617,-0.163,-0.1695,-0.1797,-0.192,-0.2052,-0.2184,-0.2312,-0.2435,-0.2553,-0.2665,-0.2772,-0.2874,-0.2971,-0.3064,-0.315,-0.3232,-0.3475,-0.3257,-0.299,-0.2674,-0.2321,-0.196,-0.1642,-0.1432,-0.1376,-0.1472,-0.1658,-0.1852,-0.1989,-0.2034,-0.1983,-0.1849,-0.1662,-0.1468,-0.132,-0.1257,-0.1291,-0.1403,-0.156,-0.1735,-0.191,-0.2076,-0.2231,-0.2376,-0.251,-0.2637,-0.2757,-0.287,-0.2977,-0.3079,-0.3173,-0.3261,-0.3546,-0.3296,-0.2971,-0.2563,-0.2073,-0.1533,-0.1024,-0.0677,-0.0613,-0.084,-0.1228,-0.1607,-0.1863,-0.1955,-0.1888,-0.1685,-0.1389,-0.1073,-0.0833,-0.0749,-0.0834,-0.1035,-0.1284,-0.1535,-0.1766,-0.1972,-0.2157,-0.2323,-0.2475,-0.2616,-0.2749,-0.2875,-0.2993,-0.3104,-0.3207,-0.3302,-0.3661,-0.3385,-0.3006,-0.2491,-0.1816,-0.0989,-0.0118,0.0535,0.0646,0.0149,-0.0639,-0.1341,-0.1777,-0.1929,-0.1832,-0.1523,-0.1048,-0.0514,-0.0106,-0.0003,-0.0209,-0.058,-0.0977,-0.1331,-0.163,-0.188,-0.2093,-0.228,-0.2449,-0.2606,-0.2752,-0.289,-0.3019,-0.3141,-0.3253,-0.3356,-0.3833,-0.3551,-0.3134,-0.2521,-0.163,-0.0391,0.1141,0.251,0.2806,0.1705,0.0107,-0.1122,-0.179,-0.1996,-0.1849,-0.1396,-0.0655,0.0267,0.1002,0.1105,0.0614,-0.0067,-0.0677,-0.1155,-0.1522,-0.181,-0.2047,-0.2252,-0.2436,-0.2606,-0.2766,-0.2917,-0.306,-0.3193,-0.3315,-0.3426,-0.4073,-0.3815,-0.3403,-0.2746,-0.169,0.0001,0.2537,0.543,0.6327,0.3861,0.0777,-0.1133,-0.1989,-0.2196,-0.1977,-0.1377,-0.0321,0.1191,0.2532,0.257,0.1514,0.0378,-0.0466,-0.1049,-0.1462,-0.1772,-0.2023,-0.2239,-0.2436,-0.262,-0.2794,-0.296,-0.3117,-0.3263,-0.3396,-0.3516,-0.4383,-0.4188,-0.3849,-0.3259,-0.2222,-0.0362,0.2937,0.7727,0.9723,0.5172,0.0561,-0.1662,-0.245,-0.2543,-0.2238,-0.1558,-0.0332,0.1646,0.3645,0.3578,0.1948,0.0495,-0.045,-0.1053,-0.1463,-0.177,-0.2021,-0.2242,-0.2448,-0.2646,-0.2838,-0.3022,-0.3196,-0.3357,-0.3503,-0.3631,-0.4749,-0.4658,-0.4463,-0.4078,-0.3338,-0.1927,0.0695,0.464,0.6171,0.2148,-0.1416,-0.2829,-0.3134,-0.2983,-0.2592,-0.1948,-0.0888,0.0778,0.2494,0.2548,0.1276,0.0108,-0.0664,-0.1166,-0.1519,-0.1795,-0.2033,-0.2255,-0.2471,-0.2686,-0.2898,-0.3105,-0.3301,-0.3481,-0.3641,-0.3778,-0.5145,-0.5185,-0.5184,-0.51,-0.4855,-0.4322,-0.3389,-0.2358,-0.2492,-0.3827,-0.4459,-0.4267,-0.3831,-0.3386,-0.2934,-0.2392,-0.1668,-0.0717,0.0183,0.0409,-0.0018,-0.0565,-0.1004,-0.1333,-0.1596,-0.1827,-0.2048,-0.2271,-0.2501,-0.2739,-0.298,-0.3216,-0.344,-0.3644,-0.382,-0.3967,-0.5533,-0.5709,-0.5914,-0.615,-0.6415,-0.6701,-0.7038,-0.7671,-0.8982,-0.9304,-0.7316,-0.5395,-0.4253,-0.3612,-0.3156,-0.2708,-0.2232,-0.1748,-0.1314,-0.1058,-0.1031,-0.1142,-0.1301,-0.1471,-0.1649,-0.184,-0.2048,-0.2279,-0.2532,-0.2805,-0.3087,-0.3366,-0.3628,-0.386,-0.4056,-0.421,-0.5874,-0.6169,-0.6552,-0.706,-0.7741,-0.8625,-0.9644,-1.0669,-1.2831,-1.4003,-0.9105,-0.5725,-0.4226,-0.3649,-0.3259,-0.283,-0.248,-0.2272,-0.2068,-0.1792,-0.1563,-0.145,-0.1443,-0.1513,-0.1637,-0.1805,-0.2015,-0.2267,-0.256,-0.2885,-0.3228,-0.3568,-0.3882,-0.4152,-0.4368,-0.4525,-0.6137,-0.6514,-0.7018,-0.7709,-0.8672,-1.0001,-1.1659,-1.2847,-1.2586,-1.2193,-0.823,-0.5107,-0.3863,-0.3903,-0.3352,-0.2741,-0.2467,-0.2684,-0.266,-0.2166,-0.1725,-0.1472,-0.1384,-0.1417,-0.153,-0.1702,-0.1932,-0.2224,-0.2578,-0.2985,-0.3419,-0.3847,-0.4234,-0.4551,-0.4786,-0.4937,-0.6301,-0.6715,-0.7267,-0.8023,-0.9084,-1.0595,-1.2674,-1.4907,-1.3025,-0.9768,-0.6474,-0.404,-0.3115,-0.3659,-0.2989,-0.2233,-0.2065,-0.3379,-0.3404,-0.2243,-0.1526,-0.1171,-0.1084,-0.1159,-0.1311,-0.1513,-0.1778,-0.213,-0.2579,-0.311,-0.3684,-0.4245,-0.4734,-0.5109,-0.5353,-0.5477,-0.6364,-0.677,-0.7297,-0.7998,-0.8942,-1.0216,-1.18,-1.3074,-1.1942,-0.8425,-0.5484,-0.3363,-0.2494,0.1105,-0.1429,-0.0797,-0.0083,-0.1959,-0.2485,-0.1592,-0.0768,-0.0396,-0.0481,-0.0731,-0.0978,-0.1218,-0.1521,-0.1954,-0.2544,-0.327,-0.4066,-0.4831,-0.5466,-0.5903,-0.6132,-0.6186,-0.6337,-0.6699,-0.715,-0.7713,-0.8407,-0.9218,-0.9998,-1.0236,-0.9087,-0.7011,-0.5424,-0.4065,-0.2084,-0.0084,-0.0939,0.1853,0.5659,0.1026,-0.085,-0.0342,0.0985,0.1202,0.0463,-0.0187,-0.0549,-0.0782,-0.1093,-0.1629,-0.2439,-0.3479,-0.4632,-0.5722,-0.6564,-0.7054,-0.7204,-0.7109,-0.6241,-0.6541,-0.6893,-0.7295,-0.773,-0.8136,-0.8358,-0.8131,-0.7305,-0.6385,-0.6426,-0.5135,-0.4247,-0.2704,-0.1965,0.0952,0.3747,0.0598,-0.0804,0.0794,0.4323,0.3702,0.1421,0.0285,-0.0043,-0.0096,-0.0333,-0.1023,-0.2197,-0.3752,-0.5496,-0.7113,-0.8248,-0.8729,-0.866,-0.8273,-0.6102,-0.6336,-0.6591,-0.6855,-0.7096,-0.7258,-0.7248,-0.6979,-0.6499,-0.6146,-0.6329,-0.5701,-0.6445,-0.69,-0.4037,-0.2243,-0.1398,-0.2282,-0.2747,-0.0157,0.4645,0.3846,0.1364,0.0455,0.0628,0.1136,0.1103,0.0091,-0.1727,-0.4107,-0.6813,-0.9298,-1.0819,-1.1106,-1.0542,-0.9648,-0.5941,-0.6116,-0.6291,-0.6453,-0.6575,-0.6619,-0.6544,-0.6336,-0.6057,-0.5843,-0.5752,-0.5809,-0.6998,-0.7224,-0.5283,-0.447,-0.3815,-0.4824,-0.6366,-0.3216,-0.0109,0.0668,0.0218,0.0399,0.1701,0.3493,0.3803,0.1911,-0.1016,-0.4546,-0.8673,-1.2519,-1.4468,-1.4154,-1.2687,-1.1062,-0.5775,-0.5901,-0.6018,-0.6112,-0.6166,-0.6159,-0.6078,-0.5927,-0.5745,-0.5592,-0.551,-0.5571,-0.5822,-0.5827,-0.6171,-0.6456,-0.4888,-0.4921,-0.5442,-0.3683,-0.2407,-0.1519,-0.0954,0.0207,0.2931,0.7051,0.7855,0.3844,-0.0434,-0.4977,-1.0634,-1.6144,-1.8391,-1.7064,-1.4499,-1.2151,-0.5614,-0.5703,-0.5778,-0.583,-0.5847,-0.5821,-0.5746,-0.5632,-0.5501,-0.5383,-0.5306,-0.5291,-0.5332,-0.5454,-0.5978,-0.6099,-0.494,-0.422,-0.3438,-0.3087,-0.309,-0.2741,-0.2117,-0.0595,0.2527,0.7388,0.8377,0.3137,-0.0759,-0.5147,-1.127,-1.7499,-1.9826,-1.8041,-1.5071,-1.249,-0.5465,-0.5525,-0.5571,-0.5597,-0.5595,-0.5561,-0.5495,-0.5404,-0.5301,-0.5203,-0.5125,-0.5075,-0.5062,-0.511,-0.5214,-0.5086,-0.4571,-0.4031,-0.3559,-0.3408,-0.3709,-0.4143,-0.3932,-0.2384,-0.0025,0.1326,-0.0498,-0.088,-0.185,-0.4933,-0.9872,-1.4959,-1.7211,-1.6249,-1.4051,-1.1937,-0.5328,-0.5368,-0.5395,-0.5404,-0.5391,-0.5355,-0.5296,-0.522,-0.5134,-0.5047,-0.4969,-0.4905,-0.4857,-0.4825,-0.4773,-0.4621,-0.435,-0.407,-0.391,-0.4069,-0.4932,-0.6579,-0.6953,-0.4775,-0.235,-0.176,-0.2938,-0.2492,-0.2638,-0.4613,-0.7891,-1.1269,-1.3177,-1.3186,-1.2112,-1.078,-0.5205,-0.5231,-0.5244,-0.5242,-0.5224,-0.5187,-0.5134,-0.5067,-0.4992,-0.4914,-0.4837,-0.4766,-0.4699,-0.463,-0.4544,-0.4419,-0.4269,-0.4159,-0.4208,-0.4643,-0.5929,-0.8224,-0.8854,-0.6294,-0.3714,-0.2579,-0.2536,-0.2601,-0.3071,-0.442,-0.6463,-0.8575,-1.0009,-1.0448,-1.013,-0.9456,-0.5095,-0.511,-0.5114,-0.5106,-0.5084,-0.5048,-0.4999,-0.4939,-0.4872,-0.48,-0.4727,-0.4654,-0.4581,-0.4504,-0.442,-0.4328,-0.4249,-0.4234,-0.4374,-0.4835,-0.5831,-0.7175,-0.7442,-0.5968,-0.4239,-0.3209,-0.2874,-0.2955,-0.342,-0.4344,-0.5624,-0.6954,-0.7974,-0.8485,-0.8524,-0.8259]}]