docs/data/wind_grid.json
[{"header":{"la1":42.85,"la2":41.18,"lo1":11.55,"lo2":14.05,"nx":36,"ny":24,"dx":0.07143,"dy":0.07261,"parameterCategory":2,"parameterNumber":2,"parameterNumberName":"eastward_wind","parameterUnit":"m.s-1"},"data":[-0.3995,-0.3973,-0.3933,-0.3876,-0.3806,-0.3731,-0.3658,-0.3598,-0.3557,-0.3538,-0.3542,-0.3566,-0.3604,-0.365,-0.3691,-0.3708,-0.3671,-0.3542,-0.3287,-0.2906,-0.245,-0.2017,-0.1702,-0.154,-0.1501,-0.1529,-0.158,-0.1629,-0.1666,-0.1692,-0.1708,-0.1719,-0.1726,-0.1731,-0.1736,-0.1741,-0.4122,-0.4098,-0.405,-0.3977,-0.3883,-0.3778,-0.3677,-0.3594,-0.3543,-0.3527,-0.3546,-0.3595,-0.3667,-0.3758,-0.3857,-0.394,-0.3963,-0.3855,-0.3532,-0.2959,-0.2219,-0.1528,-0.11,-0.0983,-0.1066,-0.1218,-0.1361,-0.1469,-0.1543,-0.1591,-0.1621,-0.1641,-0.1655,-0.1666,-0.1676,-0.1687,-0.4274,-0.4254,-0.4197,-0.4103,-0.3973,-0.3823,-0.3673,-0.3553,-0.3485,-0.3477,-0.352,-0.3603,-0.372,-0.387,-0.405,-0.4244,-0.4397,-0.4385,-0.4012,-0.3116,-0.18,-0.0572,0.0007,-0.0085,-0.0469,-0.0848,-0.1128,-0.1311,-0.1423,-0.1491,-0.1533,-0.156,-0.1581,-0.1598,-0.1614,-0.163,-0.446,-0.445,-0.439,-0.427,-0.4091,-0.3867,-0.3634,-0.3445,-0.3351,-0.3363,-0.3449,-0.3581,-0.3752,-0.3972,-0.4257,-0.4619,-0.5026,-0.5306,-0.5029,-0.3634,-0.108,0.1394,0.2085,0.1277,0.0251,-0.0481,-0.0923,-0.1174,-0.1315,-0.1395,-0.1444,-0.1478,-0.1504,-0.1528,-0.155,-0.1572,-0.4687,-0.47,-0.4649,-0.4507,-0.4262,-0.3924,-0.3541,-0.3214,-0.3076,-0.3153,-0.3328,-0.3529,-0.3759,-0.4048,-0.4445,-0.502,-0.5854,-0.6859,-0.726,-0.5356,-0.0292,0.5145,0.5483,0.2841,0.0832,-0.0255,-0.0805,-0.1082,-0.1225,-0.1304,-0.1354,-0.1391,-0.1423,-0.1454,-0.1483,-0.1512,-0.4958,-0.5017,-0.4998,-0.4853,-0.4537,-0.4042,-0.3412,-0.2797,-0.2572,-0.2835,-0.3173,-0.3455,-0.3738,-0.4082,-0.4561,-0.5323,-0.6675,-0.905,-1.1759,-1.007,-0.1657,0.7583,0.7302,0.3144,0.0765,-0.0323,-0.0813,-0.1038,-0.1148,-0.1211,-0.1256,-0.1297,-0.1336,-0.1376,-0.1415,-0.1453,-0.5265,-0.5395,-0.5444,-0.5341,-0.498,-0.4318,-0.341,-0.2408,-0.2047,-0.2586,-0.3052,-0.3377,-0.3694,-0.4073,-0.4578,-0.5371,-0.6928,-1.0384,-1.6371,-1.5473,-0.5904,0.1132,0.2641,0.1084,-0.0099,-0.0667,-0.0908,-0.1009,-0.1061,-0.1101,-0.1143,-0.1191,-0.1242,-0.1294,-0.1345,-0.1394,-0.5588,-0.5794,-0.5902,-0.5878,-0.5581,-0.4826,-0.379,-0.28,-0.2423,-0.2674,-0.2972,-0.328,-0.3628,-0.4049,-0.4561,-0.5199,-0.6319,-0.8721,-1.2201,-1.1206,-0.6773,-0.4227,-0.2139,-0.1301,-0.1101,-0.1025,-0.0964,-0.0927,-0.0924,-0.0952,-0.1004,-0.1069,-0.1139,-0.1209,-0.1276,-0.1338,-0.591,-0.6185,-0.6196,-0.6011,-0.6147,-0.5489,-0.4352,-0.3341,-0.2693,-0.2488,-0.2715,-0.3108,-0.3522,-0.405,-0.4736,-0.5227,-0.5593,-0.6463,-0.7404,-0.7096,-0.677,-0.6211,-0.4021,-0.2457,-0.1592,-0.11,-0.0827,-0.0707,-0.0693,-0.0745,-0.0831,-0.093,-0.1031,-0.1126,-0.1213,-0.1289,-0.6225,-0.6706,-0.6979,-0.7024,-0.7502,-0.6391,-0.4845,-0.3371,-0.1748,-0.1135,-0.2065,-0.2858,-0.3332,-0.397,-0.5403,-0.6185,-0.5384,-0.5391,-0.565,-0.5777,-0.6135,-0.5636,-0.3933,-0.2432,-0.1379,-0.071,-0.0368,-0.0274,-0.0334,-0.0467,-0.0624,-0.078,-0.0924,-0.1051,-0.116,-0.1253,-0.646,-0.7305,-0.8767,-1.15,-1.0938,-0.7445,-0.5378,-0.3652,0.0157,0.2015,-0.1397,-0.2709,-0.3009,-0.3318,-0.488,-0.6094,-0.5099,-0.5154,-0.5234,-0.4983,-0.4668,-0.4035,-0.2882,-0.1589,-0.0461,0.0279,0.0533,0.0427,0.0164,-0.013,-0.0401,-0.0635,-0.0833,-0.0995,-0.1128,-0.1236,-0.6457,-0.7399,-0.9018,-1.131,-1.0651,-0.743,-0.6094,-0.5777,-0.2746,-0.0394,-0.218,-0.2873,-0.2671,-0.2092,-0.257,-0.3858,-0.4724,-0.6072,-0.6259,-0.4944,-0.3767,-0.2759,-0.1614,-0.0227,0.1221,0.2101,0.2015,0.1407,0.0758,0.0222,-0.0197,-0.0523,-0.0777,-0.0975,-0.1128,-0.1246,-0.6179,-0.6879,-0.7779,-0.8476,-0.7934,-0.6697,-0.6579,-0.7889,-0.6138,-0.3857,-0.3328,-0.3301,-0.2878,-0.1478,-0.1672,-0.3226,-0.4699,-0.8978,-0.9054,-0.5129,-0.2974,-0.1598,-0.0333,0.1393,0.3739,0.5063,0.4078,0.25,0.1308,0.0497,-0.0069,-0.048,-0.0784,-0.101,-0.1175,-0.1294,-0.5753,-0.617,-0.6557,-0.6704,-0.6434,-0.6074,-0.6187,-0.6589,-0.5964,-0.451,-0.3849,-0.3711,-0.3622,-0.2946,-0.2805,-0.2708,-0.411,-0.662,-0.6722,-0.3749,-0.1445,-0.0093,0.0906,0.2634,0.5917,0.7902,0.5673,0.3153,0.1571,0.0585,-0.0077,-0.0546,-0.0883,-0.112,-0.1282,-0.1389,-0.5312,-0.554,-0.5703,-0.5728,-0.5611,-0.5486,-0.5486,-0.5459,-0.5042,-0.4519,-0.432,-0.4069,-0.3729,-0.3965,-0.3248,-0.2911,-0.8746,-0.5348,-0.346,-0.0987,0.1554,0.2322,0.2163,0.2886,0.5046,0.6474,0.4875,0.2808,0.1381,0.0422,-0.026,-0.0754,-0.1102,-0.1329,-0.1464,-0.1539,-0.4915,-0.5038,-0.5108,-0.5104,-0.5037,-0.4954,-0.4876,-0.4755,-0.4588,-0.4684,-0.5474,-0.4914,-0.4268,-0.3624,-0.347,-0.4781,-0.7252,-0.3972,-0.1091,0.2158,0.665,0.5884,0.3436,0.2768,0.3209,0.356,0.2946,0.1874,0.0873,0.0046,-0.062,-0.1128,-0.1472,-0.1661,-0.1735,-0.1747,-0.4573,-0.4637,-0.4663,-0.4645,-0.4589,-0.4512,-0.4423,-0.433,-0.4305,-0.4562,-0.5235,-0.4681,-0.3969,-0.3637,-0.2824,-0.2661,-0.2381,-0.0384,0.1861,0.3765,0.7568,0.6571,0.3845,0.2662,0.2335,0.2193,0.181,0.1127,0.0322,-0.0452,-0.1137,-0.1689,-0.2029,-0.2137,-0.2096,-0.2004,-0.428,-0.4309,-0.4309,-0.4279,-0.4223,-0.4147,-0.4063,-0.3987,-0.3962,-0.4034,-0.4083,-0.3796,-0.353,-0.313,-0.0924,0.0316,0.0706,0.3222,0.5526,0.4692,0.4971,0.4591,0.3416,0.2488,0.2078,0.2085,0.1826,0.0879,-0.0161,-0.1018,-0.1773,-0.2432,-0.2784,-0.2741,-0.2512,-0.2278,-0.4025,-0.403,-0.4014,-0.3974,-0.3912,-0.3834,-0.3746,-0.3658,-0.3581,-0.3502,-0.3346,-0.3009,-0.2423,-0.0931,0.319,0.4868,0.2698,0.4249,0.6089,0.7139,0.5694,0.4318,0.3243,0.2352,0.2065,0.3145,0.3353,0.0897,-0.0804,-0.1682,-0.2415,-0.3195,-0.3575,-0.3322,-0.2875,-0.2506,-0.3801,-0.3789,-0.3759,-0.3709,-0.3641,-0.3555,-0.3456,-0.3344,-0.3214,-0.3042,-0.2776,-0.2326,-0.1517,0.0126,0.3062,0.415,0.3225,0.4943,0.9922,1.2163,0.7263,0.4865,0.3566,0.2325,0.1524,0.2906,0.3309,-0.0879,-0.2225,-0.2519,-0.2871,-0.3506,-0.3858,-0.3534,-0.3027,-0.2621,-0.3601,-0.3576,-0.3534,-0.3475,-0.3399,-0.3304,-0.319,-0.3054,-0.2884,-0.2658,-0.2334,-0.1845,-0.1085,0.0065,0.1434,0.2285,0.2927,0.4694,0.7777,0.8855,0.6815,0.5705,0.4829,0.2829,0.0205,-0.2785,-0.7441,-0.6641,-0.4388,-0.3475,-0.3197,-0.3328,-0.3486,-0.33,-0.2941,-0.2609,-0.3421,-0.3385,-0.3334,-0.3267,-0.3182,-0.3077,-0.295,-0.2796,-0.2602,-0.2349,-0.201,-0.1545,-0.0913,-0.0111,0.0757,0.1559,0.2447,0.3721,0.5176,0.5982,0.6481,0.815,0.8441,0.4711,-0.016,-0.5997,-1.2259,-0.9275,-0.5386,-0.4214,-0.3575,-0.3253,-0.3139,-0.2991,-0.2763,-0.2525,-0.3259,-0.3215,-0.3156,-0.3081,-0.2988,-0.2875,-0.2739,-0.2573,-0.2367,-0.2108,-0.1778,-0.1358,-0.0833,-0.0215,0.0461,0.1173,0.1972,0.2909,0.3908,0.4958,0.679,1.0456,1.1602,0.6456,0.0745,-0.4085,-0.7094,-0.6182,-0.4984,-0.4638,-0.3893,-0.3318,-0.3003,-0.2797,-0.2607,-0.2424,-0.3113,-0.3061,-0.2995,-0.2914,-0.2816,-0.2698,-0.2555,-0.2384,-0.2177,-0.1923,-0.1613,-0.1238,-0.0792,-0.0282,0.0281,0.0893,0.1567,0.2319,0.3163,0.4231,0.5918,0.8212,0.8568,0.5324,0.1222,-0.211,-0.4091,-0.4663,-0.488,-0.4623,-0.3898,-0.3293,-0.2912,-0.2667,-0.2483,-0.2327]},{"header":{"la1":42.85,"la2":41.18,"lo1":11.55,"lo2":14.05,"nx":36,"ny":24,"dx":0.07143,"dy":0.07261,"parameterCategory":2,"parameterNumber":3,"parameterNumberName":"northward_wind","parameterUnit":"m.s-1"},"data":[-0.0052,0.015,0.0389,0.0662,0.0956,0.1245,0.1489,0.1647,0.1688,0.1613,0.1455,0.126,0.1076,0.0935,0.0853,0.0835,0.0877,0.0969,0.1098,0.124,0.1364,0.1426,0.1384,0.1229,0.0985,0.0692,0.0386,0.0088,-0.019,-0.0444,-0.0674,-0.0881,-0.1068,-0.1235,-0.1385,-0.152,-0.0086,0.0145,0.0435,0.0789,0.1197,0.1624,0.2006,0.2258,0.2314,0.2168,0.1885,0.1558,0.1267,0.1056,0.0942,0.0926,0.0998,0.1147,0.1354,0.1598,0.1838,0.1988,0.1959,0.173,0.1366,0.0951,0.0545,0.0172,-0.0159,-0.0451,-0.0708,-0.0935,-0.1135,-0.1313,-0.147,-0.161,-0.0168,0.0084,0.0426,0.0879,0.1449,0.2102,0.2737,0.3185,0.3279,0.2993,0.2473,0.1918,0.1461,0.1153,0.0999,0.0989,0.1108,0.1332,0.1644,0.2038,0.2487,0.2832,0.2825,0.2427,0.1833,0.1227,0.0687,0.0227,-0.0161,-0.049,-0.0772,-0.1015,-0.1227,-0.1413,-0.1576,-0.172,-0.0316,-0.0064,0.0314,0.0873,0.1661,0.2677,0.3797,0.4681,0.4881,0.4285,0.3284,0.2331,0.1629,0.1198,0.1003,0.1011,0.1197,0.1528,0.1961,0.2531,0.3356,0.4172,0.4188,0.3366,0.2345,0.1465,0.077,0.0224,-0.0214,-0.0572,-0.0872,-0.1128,-0.1348,-0.1539,-0.1705,-0.185,-0.0547,-0.0336,0.0032,0.0669,0.1708,0.3263,0.5295,0.7225,0.7748,0.6371,0.4345,0.2733,0.1715,0.1156,0.0927,0.0968,0.1258,0.1757,0.2329,0.2955,0.428,0.6221,0.6153,0.4359,0.2716,0.1555,0.0736,0.0131,-0.0335,-0.0709,-0.1018,-0.1278,-0.1501,-0.1693,-0.186,-0.2005,-0.0864,-0.0762,-0.0499,0.0117,0.1358,0.3546,0.7039,1.1384,1.2916,0.9444,0.5408,0.2931,0.1627,0.0983,0.0741,0.082,0.1244,0.2052,0.2961,0.3261,0.4351,0.7407,0.7147,0.4522,0.2591,0.1361,0.0528,-0.0076,-0.0539,-0.0908,-0.1213,-0.1469,-0.1689,-0.188,-0.2044,-0.2186,-0.1242,-0.1334,-0.134,-0.0938,0.035,0.2942,0.7626,1.5113,1.8563,1.159,0.5522,0.2617,0.1284,0.0656,0.0414,0.0506,0.1016,0.2136,0.3774,0.3688,0.3017,0.4338,0.453,0.3137,0.1824,0.0854,0.014,-0.0403,-0.0828,-0.1172,-0.1459,-0.1704,-0.1916,-0.21,-0.226,-0.2396,-0.1608,-0.1947,-0.242,-0.2521,-0.1262,0.1284,0.5214,1.0913,1.3349,0.8207,0.3786,0.17,0.073,0.0204,-0.0084,-0.0047,0.0432,0.137,0.2498,0.2197,0.075,0.0787,0.1441,0.1333,0.0776,0.0159,-0.0385,-0.0832,-0.1195,-0.1496,-0.1754,-0.1981,-0.2181,-0.2357,-0.251,-0.2639,-0.1854,-0.2337,-0.3219,-0.3957,-0.2535,-0.0412,0.1709,0.3616,0.3954,0.2519,0.1255,0.0586,0.0174,-0.0272,-0.0844,-0.1001,-0.0395,0.0326,0.0706,0.0092,-0.1626,-0.1325,-0.0192,0.0078,-0.017,-0.0586,-0.0996,-0.1343,-0.1629,-0.1875,-0.2095,-0.2299,-0.2486,-0.2654,-0.28,-0.292,-0.1926,-0.2304,-0.2864,-0.3192,-0.2364,-0.1382,-0.0633,-0.0466,-0.1136,-0.151,-0.0783,-0.024,-0.0114,-0.0513,-0.2018,-0.2873,-0.1169,-0.0264,-0.0049,-0.0417,-0.1252,-0.1191,-0.0711,-0.0684,-0.0979,-0.1363,-0.1692,-0.1935,-0.2124,-0.2297,-0.2475,-0.2656,-0.2834,-0.2996,-0.3135,-0.3246,-0.1898,-0.2102,-0.2237,-0.2117,-0.2066,-0.1921,-0.1942,-0.2338,-0.3681,-0.4432,-0.1975,-0.0559,0.003,-0.0001,-0.1529,-0.2827,-0.0953,-0.0336,-0.0286,-0.0417,-0.0673,-0.0825,-0.0956,-0.1305,-0.1827,-0.2294,-0.2542,-0.2623,-0.2667,-0.275,-0.2884,-0.3052,-0.323,-0.3394,-0.353,-0.3628,-0.186,-0.1985,-0.2064,-0.2065,-0.2094,-0.233,-0.2739,-0.2963,-0.3636,-0.3633,-0.1843,-0.0418,0.0439,0.088,0.0944,0.0254,0.0112,-0.0334,-0.0565,-0.0484,-0.0573,-0.0819,-0.1263,-0.2016,-0.298,-0.3644,-0.3675,-0.3417,-0.3229,-0.3205,-0.3311,-0.3491,-0.3689,-0.3868,-0.4002,-0.4083,-0.1842,-0.1941,-0.2031,-0.2117,-0.2292,-0.2765,-0.3439,-0.1471,-0.5149,-0.3019,-0.1382,-0.0191,0.0642,0.1622,0.2185,0.1756,0.1116,-0.1112,-0.1328,-0.0538,-0.0497,-0.0806,-0.151,-0.2818,-0.4698,-0.5783,-0.5151,-0.4218,-0.3724,-0.362,-0.3751,-0.399,-0.4245,-0.4454,-0.4585,-0.4636,-0.1843,-0.1934,-0.204,-0.2186,-0.2454,-0.2991,-0.4022,-0.6266,-0.55,-0.2794,-0.1243,-0.0159,0.0375,0.253,0.225,0.3828,0.295,0.0419,-0.0486,-0.023,-0.0163,-0.0484,-0.143,-0.327,-0.6265,-0.7933,-0.6271,-0.4661,-0.4006,-0.3956,-0.4218,-0.4599,-0.4961,-0.5216,-0.5332,-0.5323,-0.1853,-0.194,-0.2051,-0.2208,-0.2454,-0.285,-0.3417,-0.3885,-0.3381,-0.2268,-0.1541,-0.0984,0.0176,0.103,0.2132,0.4399,0.4938,0.2047,0.0412,0.0301,0.0921,0.0639,-0.0767,-0.2728,-0.5287,-0.6709,-0.5552,-0.4341,-0.3978,-0.4217,-0.4775,-0.5423,-0.5962,-0.6267,-0.6321,-0.6185,-0.1866,-0.1946,-0.2047,-0.2179,-0.2355,-0.2573,-0.2776,-0.2801,-0.2495,-0.2076,-0.1964,-0.2595,-0.1849,-0.0492,0.061,0.2354,0.3518,0.1202,-0.0199,0.0748,0.4026,0.3116,0.0196,-0.1729,-0.3123,-0.3817,-0.362,-0.3394,-0.3693,-0.4476,-0.5552,-0.6655,-0.7465,-0.7781,-0.7652,-0.7263,-0.188,-0.195,-0.2033,-0.2132,-0.2245,-0.2355,-0.2421,-0.2387,-0.2245,-0.2105,-0.2078,-0.2468,-0.4004,-0.4596,-0.1922,-0.077,-0.0571,-0.1845,-0.2776,-0.0626,0.4345,0.3246,0.0162,-0.1209,-0.1574,-0.1441,-0.1425,-0.2038,-0.3229,-0.4826,-0.673,-0.8614,-0.983,-1.0,-0.9411,-0.8549,-0.1894,-0.1954,-0.2021,-0.2095,-0.2169,-0.2232,-0.2264,-0.2256,-0.2224,-0.223,-0.2374,-0.2943,-0.4711,-0.5271,-0.4556,-0.4581,-0.3869,-0.5311,-0.732,-0.442,-0.1378,-0.0583,-0.1177,-0.1228,-0.0187,0.1569,0.1895,-0.0072,-0.2646,-0.5326,-0.8436,-1.1667,-1.3479,-1.3066,-1.1518,-0.991,-0.1912,-0.1963,-0.2019,-0.2077,-0.2133,-0.2181,-0.2217,-0.2244,-0.2283,-0.2379,-0.2609,-0.3106,-0.3943,-0.5101,-0.867,-1.0315,-0.6303,-0.6322,-0.7516,-0.7436,-0.5231,-0.354,-0.2736,-0.1598,0.12,0.6312,0.7428,0.206,-0.2353,-0.5944,-1.0303,-1.5442,-1.7971,-1.632,-1.3413,-1.1003,-0.1933,-0.1979,-0.2028,-0.2078,-0.2129,-0.2178,-0.2227,-0.2284,-0.2368,-0.2512,-0.2768,-0.3209,-0.3946,-0.537,-0.8272,-0.9234,-0.6818,-0.6882,-0.9964,-1.1493,-0.7545,-0.5508,-0.439,-0.2745,0.0586,0.6808,0.8222,0.0823,-0.3289,-0.6526,-1.1002,-1.6959,-1.9819,-1.7501,-1.4051,-1.1384,-0.1958,-0.2001,-0.2047,-0.2095,-0.2146,-0.2201,-0.2264,-0.2342,-0.2453,-0.262,-0.2878,-0.3278,-0.3898,-0.4854,-0.6013,-0.6454,-0.6201,-0.677,-0.8571,-0.9231,-0.7864,-0.737,-0.6864,-0.5074,-0.2707,-0.1688,-0.4727,-0.5013,-0.5342,-0.701,-0.9967,-1.4146,-1.6512,-1.5383,-1.3012,-1.0914,-0.1986,-0.2028,-0.2074,-0.2123,-0.2177,-0.2239,-0.2312,-0.2404,-0.2528,-0.2702,-0.2946,-0.329,-0.3761,-0.4352,-0.4944,-0.5336,-0.5624,-0.6181,-0.7016,-0.7648,-0.8508,-1.0692,-1.1268,-0.8208,-0.5615,-0.5953,-0.8727,-0.7577,-0.7075,-0.7599,-0.8751,-1.0772,-1.2286,-1.224,-1.1187,-0.9926,-0.2017,-0.206,-0.2106,-0.2158,-0.2215,-0.2282,-0.2362,-0.2463,-0.2592,-0.2761,-0.2984,-0.3272,-0.3631,-0.4041,-0.4453,-0.4827,-0.5215,-0.5725,-0.6407,-0.7388,-0.9422,-1.3302,-1.447,-1.0258,-0.7103,-0.6517,-0.7186,-0.761,-0.8575,-0.8376,-0.8247,-0.8928,-0.9695,-0.9901,-0.9529,-0.8865,-0.2051,-0.2094,-0.2141,-0.2195,-0.2256,-0.2327,-0.2411,-0.2515,-0.2643,-0.2804,-0.3004,-0.3249,-0.3537,-0.3857,-0.4194,-0.4544,-0.4935,-0.5424,-0.6091,-0.7124,-0.8902,-1.1286,-1.1828,-0.9542,-0.7421,-0.6679,-0.6906,-0.7749,-0.8751,-0.848,-0.8004,-0.8062,-0.8338,-0.8465,-0.8318,-0.7964]}]