docs/data/wind_grid.json
{"header": {"la1":42.1,"la2":41.55,"lo1":12.1,"lo2":12.95,"nx":50,"ny":50,"dx":0.01735,"dy":0.01122,"parameterCategory":2,"parameterNumber":3,"parameterNumberName":"northward_wind","parameterUnit":"m.s-1"}, "data":
[rows 0 to 42 of 50, columns 0 to 49 of 50]
-0.1407,-0.1349,-0.1282,-0.1208,-0.1125,-0.1032,-0.0931,-0.0821,-0.0702,-0.0576,-0.0442,-0.0304,-0.0162,-0.0019,0.0123,0.026,0.039,0.051,0.0616,0.0705,0.0776,0.0826,0.0855,0.0861,0.0843,0.0801,0.0736,0.0646,0.0531,0.039,0.0223,0.0031,-0.0183,-0.0417,-0.0664,-0.0915,-0.1159,-0.1384,-0.1581,-0.1739,-0.1854,-0.1924,-0.1952,-0.1943,-0.1904,-0.1842,-0.1765,-0.1677,-0.1585,-0.1492
-0.1459,-0.1401,-0.1334,-0.1259,-0.1174,-0.1079,-0.0974,-0.0859,-0.0734,-0.0601,-0.0459,-0.0311,-0.0159,-0.0005,0.0148,0.0298,0.0439,0.057,0.0685,0.0783,0.0861,0.0916,0.0947,0.0953,0.0934,0.089,0.082,0.0724,0.0601,0.045,0.0271,0.0063,-0.0171,-0.0428,-0.0701,-0.098,-0.1252,-0.1504,-0.1721,-0.1893,-0.2014,-0.2084,-0.2104,-0.2084,-0.203,-0.1953,-0.1859,-0.1757,-0.1652,-0.1547
-0.1515,-0.1457,-0.139,-0.1314,-0.1227,-0.113,-0.1021,-0.0902,-0.0771,-0.063,-0.048,-0.0322,-0.0159,0.0008,0.0174,0.0336,0.049,0.0633,0.076,0.0867,0.0952,0.1012,0.1046,0.1053,0.1032,0.0985,0.0911,0.0809,0.0678,0.0517,0.0325,0.0101,-0.0154,-0.0436,-0.0738,-0.1049,-0.1353,-0.1633,-0.1874,-0.2062,-0.219,-0.2257,-0.2268,-0.2233,-0.2162,-0.2067,-0.1956,-0.1837,-0.1717,-0.1599
-0.1575,-0.1518,-0.1451,-0.1374,-0.1286,-0.1186,-0.1075,-0.095,-0.0814,-0.0665,-0.0506,-0.0337,-0.0162,0.0018,0.0198,0.0375,0.0544,0.07,0.0839,0.0957,0.105,0.1115,0.1152,0.1159,0.1138,0.1087,0.1008,0.09,0.0761,0.0591,0.0386,0.0145,-0.0132,-0.044,-0.0774,-0.112,-0.146,-0.1773,-0.2041,-0.2246,-0.238,-0.2443,-0.2443,-0.239,-0.2299,-0.2183,-0.2053,-0.1916,-0.1781,-0.165
-0.1638,-0.1582,-0.1517,-0.144,-0.1351,-0.1249,-0.1134,-0.1005,-0.0862,-0.0706,-0.0537,-0.0357,-0.0168,0.0026,0.0222,0.0415,0.06,0.0771,0.0924,0.1054,0.1156,0.1227,0.1267,0.1274,0.125,0.1196,0.1112,0.0998,0.0852,0.0672,0.0454,0.0197,-0.0101,-0.0438,-0.0806,-0.1191,-0.1571,-0.1923,-0.222,-0.2444,-0.2584,-0.2642,-0.2626,-0.2553,-0.2439,-0.23,-0.2148,-0.1993,-0.1841,-0.1696
-0.1706,-0.1652,-0.1587,-0.1511,-0.1421,-0.1318,-0.12,-0.1067,-0.0918,-0.0753,-0.0574,-0.0382,-0.0179,0.003,0.0244,0.0455,0.0658,0.0847,0.1015,0.1158,0.127,0.1347,0.139,0.1397,0.137,0.1312,0.1222,0.1102,0.0949,0.076,0.0532,0.0259,-0.0061,-0.0427,-0.0832,-0.1259,-0.1685,-0.2079,-0.2411,-0.2655,-0.2801,-0.2851,-0.2817,-0.272,-0.258,-0.2415,-0.224,-0.2065,-0.1896,-0.1738
-0.1778,-0.1726,-0.1663,-0.1588,-0.1498,-0.1394,-0.1274,-0.1136,-0.0981,-0.0808,-0.0619,-0.0414,-0.0196,0.0031,0.0263,0.0494,0.0717,0.0926,0.1113,0.127,0.1393,0.1478,0.1523,0.1529,0.1498,0.1434,0.1339,0.1213,0.1053,0.0857,0.0619,0.0332,-0.0009,-0.0404,-0.0847,-0.132,-0.1797,-0.2239,-0.2609,-0.2876,-0.3028,-0.3067,-0.3011,-0.2886,-0.2717,-0.2525,-0.2325,-0.213,-0.1944,-0.1773
-0.1855,-0.1806,-0.1745,-0.1671,-0.1583,-0.1478,-0.1355,-0.1214,-0.1053,-0.0872,-0.0672,-0.0454,-0.022,0.0026,0.0279,0.0532,0.0778,0.101,0.1217,0.1391,0.1527,0.1619,0.1666,0.167,0.1634,0.1564,0.1462,0.1329,0.1165,0.0963,0.0717,0.0418,0.0059,-0.0364,-0.0846,-0.1369,-0.19,-0.2396,-0.2809,-0.3102,-0.3258,-0.3284,-0.3203,-0.3048,-0.2847,-0.2626,-0.2401,-0.2185,-0.1984,-0.1799
-0.1936,-0.1891,-0.1833,-0.1761,-0.1674,-0.157,-0.1446,-0.1301,-0.1135,-0.0946,-0.0735,-0.0503,-0.0252,0.0014,0.029,0.0568,0.084,0.1097,0.1327,0.1522,0.1671,0.1771,0.182,0.182,0.1778,0.1699,0.1589,0.1451,0.1282,0.1077,0.0827,0.052,0.0146,-0.0303,-0.0823,-0.1397,-0.1988,-0.2543,-0.3004,-0.3324,-0.3484,-0.3495,-0.3386,-0.3197,-0.2964,-0.2713,-0.2465,-0.2229,-0.2012,-0.1817
-0.2022,-0.1981,-0.1927,-0.1859,-0.1774,-0.167,-0.1546,-0.1399,-0.1228,-0.1032,-0.081,-0.0563,-0.0294,-0.0006,0.0294,0.06,0.0902,0.1188,0.1445,0.1662,0.1828,0.1936,0.1985,0.198,0.1928,0.1839,0.1721,0.1577,0.1406,0.12,0.0949,0.0639,0.0255,-0.0215,-0.0771,-0.1395,-0.2049,-0.2668,-0.3181,-0.3531,-0.3696,-0.3689,-0.355,-0.3327,-0.3061,-0.2782,-0.2511,-0.2258,-0.2028,-0.1823
-0.2113,-0.2077,-0.2028,-0.1964,-0.1882,-0.1781,-0.1657,-0.1509,-0.1334,-0.113,-0.0897,-0.0636,-0.0348,-0.0037,0.0291,0.0627,0.0962,0.1281,0.1569,0.1813,0.1998,0.2115,0.2164,0.215,0.2085,0.1984,0.1856,0.1706,0.1533,0.1331,0.1085,0.0777,0.039,-0.0094,-0.068,-0.1353,-0.2069,-0.2755,-0.3324,-0.3707,-0.3877,-0.3852,-0.3684,-0.3428,-0.3131,-0.2828,-0.2537,-0.2269,-0.2029,-0.1816
-0.2209,-0.2179,-0.2135,-0.2076,-0.1999,-0.1901,-0.1779,-0.1631,-0.1452,-0.1243,-0.1,-0.0724,-0.0416,-0.0081,0.0277,0.0647,0.1018,0.1374,0.1699,0.1974,0.2181,0.2309,0.2355,0.2329,0.2248,0.213,0.199,0.1835,0.1664,0.1469,0.1233,0.0936,0.0554,0.0065,-0.0543,-0.1258,-0.2034,-0.2787,-0.3415,-0.3833,-0.4009,-0.397,-0.3775,-0.349,-0.3168,-0.2844,-0.2538,-0.226,-0.2013,-0.1796
-0.231,-0.2286,-0.2249,-0.2197,-0.2126,-0.2033,-0.1914,-0.1766,-0.1586,-0.1371,-0.1119,-0.0828,-0.0501,-0.014,0.0249,0.0655,0.1067,0.1466,0.1833,0.2145,0.2379,0.2518,0.256,0.2517,0.2413,0.2276,0.2123,0.1963,0.1797,0.1613,0.1395,0.1118,0.0751,0.0268,-0.035,-0.1096,-0.1925,-0.2742,-0.3429,-0.3884,-0.4072,-0.4023,-0.3808,-0.3502,-0.3162,-0.2825,-0.2511,-0.2228,-0.1979,-0.1761
-0.2415,-0.2399,-0.2371,-0.2326,-0.2262,-0.2175,-0.2061,-0.1916,-0.1736,-0.1517,-0.1257,-0.0953,-0.0606,-0.0218,0.0203,0.0649,0.1106,0.1553,0.1968,0.2324,0.259,0.2743,0.2777,0.271,0.2579,0.2417,0.225,0.2087,0.1928,0.1763,0.1571,0.1323,0.0985,0.0521,-0.0092,-0.0856,-0.1725,-0.2599,-0.3342,-0.3837,-0.4042,-0.3993,-0.377,-0.3456,-0.3109,-0.2769,-0.2454,-0.2172,-0.1925,-0.1711
-0.2525,-0.2518,-0.2499,-0.2463,-0.2408,-0.233,-0.2223,-0.2082,-0.1904,-0.1683,-0.1416,-0.11,-0.0734,-0.032,0.0136,0.0624,0.1128,0.1628,0.2098,0.2505,0.2812,0.2982,0.3005,0.2907,0.274,0.255,0.2367,0.2203,0.2057,0.1917,0.176,0.1552,0.1256,0.0828,0.0236,-0.0527,-0.142,-0.2339,-0.3131,-0.3668,-0.39,-0.3865,-0.3651,-0.3343,-0.3004,-0.2671,-0.2365,-0.2091,-0.1852,-0.1645
-0.2639,-0.2642,-0.2633,-0.2609,-0.2565,-0.2496,-0.2398,-0.2265,-0.2091,-0.1871,-0.1599,-0.1272,-0.0888,-0.0448,0.0042,0.0574,0.1129,0.1686,0.2215,0.2682,0.3039,0.3232,0.3239,0.31,0.2889,0.2669,0.2472,0.231,0.2182,0.2074,0.1961,0.1807,0.1566,0.119,0.0639,-0.0104,-0.1002,-0.1948,-0.2783,-0.3363,-0.3633,-0.3631,-0.3444,-0.3161,-0.2845,-0.2532,-0.2243,-0.1985,-0.1759,-0.1564
-0.2757,-0.2772,-0.2775,-0.2763,-0.2731,-0.2675,-0.2589,-0.2465,-0.2298,-0.2081,-0.1807,-0.1472,-0.1073,-0.0608,-0.0083,0.0492,0.11,0.1715,0.2308,0.2841,0.3258,0.3483,0.3469,0.3277,0.3017,0.2766,0.2559,0.2405,0.2301,0.2234,0.2177,0.2088,0.1916,0.1608,0.1114,0.0412,-0.047,-0.1426,-0.2293,-0.2918,-0.3239,-0.3289,-0.3151,-0.2912,-0.2633,-0.2353,-0.2091,-0.1856,-0.1649,-0.1469
-0.2879,-0.2906,-0.2922,-0.2924,-0.2908,-0.2866,-0.2794,-0.2684,-0.2527,-0.2316,-0.2044,-0.1703,-0.1291,-0.0805,-0.0247,0.0371,0.1032,0.1706,0.236,0.296,0.3448,0.3714,0.3676,0.342,0.311,0.2835,0.2625,0.2485,0.2414,0.2397,0.2406,0.2394,0.2306,0.208,0.1659,0.1013,0.0164,-0.0786,-0.1675,-0.2348,-0.2731,-0.2849,-0.2779,-0.2601,-0.2375,-0.2138,-0.1912,-0.1705,-0.1521,-0.1361
-0.3004,-0.3044,-0.3075,-0.3093,-0.3094,-0.307,-0.3016,-0.2921,-0.2778,-0.2577,-0.231,-0.1968,-0.1546,-0.1042,-0.0455,0.0205,0.0918,0.1648,0.2357,0.3012,0.3567,0.3887,0.3822,0.3501,0.3154,0.2871,0.2668,0.2551,0.252,0.2562,0.2648,0.2726,0.2733,0.2599,0.2261,0.1681,0.0878,-0.0056,-0.096,-0.1679,-0.2133,-0.2333,-0.2345,-0.2241,-0.2078,-0.1893,-0.1709,-0.1537,-0.138,-0.1241
-0.3131,-0.3186,-0.3233,-0.3269,-0.3289,-0.3286,-0.3252,-0.3177,-0.3052,-0.2865,-0.2606,-0.2267,-0.1841,-0.1323,-0.0711,-0.0013,0.0749,0.1532,0.2284,0.2969,0.356,0.3928,0.3846,0.3489,0.314,0.2869,0.2687,0.2602,0.2619,0.273,0.2902,0.308,0.319,0.3155,0.2903,0.2393,0.1637,0.0725,-0.019,-0.0953,-0.1479,-0.1767,-0.1868,-0.1846,-0.1753,-0.1626,-0.1489,-0.1354,-0.1228,-0.1113
-0.3259,-0.333,-0.3395,-0.3451,-0.3492,-0.3513,-0.3503,-0.3452,-0.3349,-0.318,-0.2935,-0.2603,-0.2177,-0.1652,-0.1022,-0.0291,0.0519,0.1355,0.2144,0.2826,0.3382,0.3741,0.3676,0.3364,0.3067,0.2835,0.2686,0.264,0.2712,0.2898,0.3165,0.345,0.3669,0.3732,0.3562,0.3114,0.24,0.1509,0.0588,-0.0214,-0.0809,-0.1182,-0.1372,-0.1432,-0.1411,-0.1345,-0.1257,-0.1162,-0.1067,-0.0979
-0.3388,-0.3475,-0.3559,-0.3637,-0.3702,-0.3749,-0.3768,-0.3746,-0.3669,-0.3523,-0.3295,-0.2974,-0.2553,-0.2028,-0.1389,-0.0633,0.0222,0.1116,0.1949,0.2622,0.3087,0.3338,0.3333,0.3161,0.2955,0.2775,0.2666,0.2665,0.2797,0.3064,0.3431,0.3826,0.4152,0.4306,0.4205,0.3805,0.3124,0.2251,0.1327,0.0494,-0.0158,-0.0607,-0.0879,-0.1017,-0.1066,-0.1059,-0.102,-0.0964,-0.0902,-0.084
-0.3516,-0.3621,-0.3725,-0.3826,-0.3918,-0.3994,-0.4045,-0.4056,-0.4011,-0.3893,-0.3685,-0.3378,-0.2967,-0.2449,-0.1813,-0.1045,-0.0149,0.0814,0.1719,0.2425,0.2844,0.2995,0.3024,0.2965,0.2834,0.2702,0.2633,0.2679,0.2874,0.3222,0.3689,0.419,0.4614,0.4845,0.4796,0.4428,0.3768,0.2909,0.1989,0.1138,0.0444,-0.0066,-0.0407,-0.0615,-0.0728,-0.0776,-0.0783,-0.0766,-0.0736,-0.07
-0.3643,-0.3765,-0.389,-0.4016,-0.4136,-0.4246,-0.4332,-0.4382,-0.4375,-0.4289,-0.4106,-0.3813,-0.3412,-0.2907,-0.2288,-0.1526,-0.0601,0.0438,0.1452,0.2263,0.2751,0.2915,0.2907,0.2837,0.2725,0.2622,0.2589,0.2682,0.2938,0.3365,0.3923,0.4518,0.5023,0.5312,0.5295,0.4945,0.4299,0.3457,0.2548,0.1695,0.0976,0.0423,0.0028,-0.0238,-0.0405,-0.0503,-0.0553,-0.0572,-0.0572,-0.056
-0.3767,-0.3907,-0.4054,-0.4204,-0.4356,-0.45,-0.4627,-0.4721,-0.4758,-0.4711,-0.4555,-0.4275,-0.388,-0.339,-0.2803,-0.2072,-0.1141,-0.0027,0.1121,0.2088,0.2712,0.2941,0.2889,0.2755,0.2624,0.2536,0.2535,0.2672,0.2985,0.348,0.4114,0.4783,0.5346,0.567,0.5669,0.5327,0.4696,0.3877,0.2993,0.2152,0.1427,0.0849,0.0416,0.0106,-0.0106,-0.0245,-0.0333,-0.0385,-0.0413,-0.0424
-0.3886,-0.4044,-0.4212,-0.4389,-0.4572,-0.4755,-0.4926,-0.507,-0.5159,-0.5159,-0.5033,-0.4761,-0.436,-0.3878,-0.3334,-0.2667,-0.1765,-0.0599,0.0683,0.1816,0.2576,0.2874,0.2822,0.2656,0.2514,0.2439,0.247,0.2649,0.301,0.3558,0.4245,0.496,0.5553,0.5891,0.5895,0.5561,0.4951,0.4167,0.332,0.2508,0.1794,0.1208,0.0752,0.0412,0.0165,-0.0008,-0.0128,-0.0208,-0.026,-0.0293
-0.3999,-0.4175,-0.4364,-0.4568,-0.4783,-0.5005,-0.5224,-0.5423,-0.5573,-0.5629,-0.554,-0.5269,-0.4841,-0.4346,-0.385,-0.3279,-0.2454,-0.1276,0.0112,0.1388,0.2265,0.2641,0.2641,0.2501,0.2376,0.2327,0.2392,0.2608,0.3007,0.359,0.4302,0.5032,0.5629,0.5964,0.5968,0.5649,0.5072,0.4335,0.3539,0.2768,0.2079,0.15,0.1036,0.0676,0.0406,0.0206,0.0061,-0.0043,-0.0117,-0.0169
-0.4105,-0.4297,-0.4507,-0.4736,-0.4983,-0.5245,-0.5514,-0.5774,-0.5994,-0.6121,-0.608,-0.5806,-0.5317,-0.4767,-0.4307,-0.3858,-0.3157,-0.2019,-0.0575,0.0803,0.178,0.2252,0.2346,0.2278,0.2202,0.2194,0.2298,0.2549,0.2974,0.357,0.4282,0.4997,0.5576,0.5896,0.5902,0.5605,0.5073,0.4395,0.366,0.2941,0.2288,0.1728,0.1267,0.09,0.0614,0.0396,0.0231,0.0107,0.0016,-0.0053
-0.4203,-0.441,-0.4639,-0.4891,-0.5168,-0.5469,-0.5788,-0.6113,-0.6412,-0.6626,-0.6655,-0.6381,-0.579,-0.5119,-0.466,-0.4347,-0.3801,-0.275,-0.1309,0.012,0.1178,0.1755,0.1966,0.1998,0.1995,0.2042,0.2187,0.2469,0.2909,0.35,0.4187,0.4867,0.541,0.5711,0.5721,0.5456,0.4979,0.4367,0.37,0.304,0.2431,0.1898,0.145,0.1083,0.0791,0.056,0.0381,0.0243,0.0137,0.0055
-0.429,-0.4511,-0.4756,-0.503,-0.5334,-0.567,-0.6037,-0.6426,-0.6809,-0.7127,-0.7255,-0.7007,-0.628,-0.5393,-0.4878,-0.469,-0.4305,-0.3373,-0.1996,-0.0573,0.0535,0.121,0.1541,0.1681,0.1763,0.1871,0.2061,0.2368,0.2813,0.3385,0.4032,0.4661,0.516,0.5438,0.5456,0.5229,0.4811,0.427,0.3674,0.3077,0.2517,0.2017,0.1588,0.123,0.0937,0.0701,0.0512,0.0363,0.0246,0.0153
-0.4366,-0.4598,-0.4857,-0.5149,-0.5476,-0.5843,-0.6251,-0.6698,-0.7163,-0.7591,-0.7849,-0.7674,-0.6812,-0.5614,-0.4967,-0.4866,-0.4617,-0.3816,-0.2551,-0.1193,-0.0077,0.0671,0.1106,0.1349,0.1516,0.1687,0.1919,0.2248,0.2689,0.3233,0.3832,0.4403,0.4854,0.511,0.5138,0.4951,0.4593,0.4124,0.3598,0.3064,0.2555,0.2092,0.1688,0.1343,0.1054,0.0817,0.0624,0.0468,0.0342,0.0241
-0.443,-0.467,-0.494,-0.5245,-0.559,-0.598,-0.642,-0.6912,-0.7444,-0.7972,-0.8364,-0.8309,-0.737,-0.5842,-0.4998,-0.491,-0.4742,-0.4063,-0.2941,-0.1692,-0.0611,0.0176,0.069,0.1021,0.1264,0.1495,0.1765,0.211,0.2544,0.3054,0.3601,0.4115,0.4519,0.4754,0.4792,0.4644,0.4345,0.3943,0.3485,0.3012,0.2554,0.2131,0.1753,0.1425,0.1146,0.0912,0.0718,0.0558,0.0427,0.0319
-0.4481,-0.4727,-0.5004,-0.5318,-0.5673,-0.6077,-0.6537,-0.7055,-0.7628,-0.8217,-0.8703,-0.8757,-0.7831,-0.6116,-0.5079,-0.4903,-0.4739,-0.4153,-0.3179,-0.2062,-0.1046,-0.0254,0.0311,0.071,0.1018,0.1299,0.1603,0.1959,0.2381,0.2857,0.3353,0.3813,0.4175,0.4391,0.4439,0.4326,0.408,0.3741,0.3346,0.2931,0.2522,0.2138,0.179,0.1481,0.1214,0.0987,0.0794,0.0633,0.0499,0.0387
-0.4518,-0.4768,-0.5048,-0.5365,-0.5724,-0.6132,-0.6596,-0.712,-0.7698,-0.8296,-0.8794,-0.8876,-0.8021,-0.6376,-0.5247,-0.4912,-0.468,-0.4149,-0.3303,-0.2317,-0.1384,-0.0612,-0.0022,0.0424,0.0782,0.1104,0.1434,0.1798,0.2206,0.265,0.31,0.3511,0.3836,0.4035,0.4091,0.4009,0.3811,0.3527,0.319,0.2829,0.2467,0.2121,0.1802,0.1515,0.1262,0.1043,0.0855,0.0695,0.056,0.0446
-0.4542,-0.4792,-0.5071,-0.5387,-0.5742,-0.6145,-0.6599,-0.7106,-0.7656,-0.8209,-0.8642,-0.8672,-0.791,-0.6513,-0.543,-0.4947,-0.4615,-0.4101,-0.3355,-0.2486,-0.1637,-0.0901,-0.0306,0.0168,0.0561,0.0915,0.1263,0.163,0.2024,0.2438,0.2847,0.3216,0.3509,0.3694,0.3757,0.3702,0.3545,0.3311,0.3025,0.2713,0.2394,0.2084,0.1794,0.1529,0.1291,0.1083,0.0901,0.0744,0.061,0.0495
-0.4553,-0.48,-0.5075,-0.5384,-0.573,-0.6118,-0.6549,-0.7021,-0.7518,-0.7991,-0.8319,-0.8274,-0.7616,-0.6504,-0.5545,-0.4977,-0.4556,-0.404,-0.3365,-0.2593,-0.1824,-0.113,-0.0544,-0.0056,0.0358,0.0733,0.1094,0.146,0.184,0.2226,0.26,0.2934,0.3199,0.3372,0.3441,0.3409,0.3287,0.3095,0.2855,0.2587,0.2308,0.2032,0.177,0.1526,0.1305,0.1108,0.0934,0.0782,0.065,0.0535
-0.4551,-0.4792,-0.506,-0.5358,-0.5689,-0.6055,-0.6454,-0.688,-0.731,-0.7689,-0.7912,-0.7811,-0.7256,-0.6385,-0.5567,-0.4976,-0.4499,-0.3977,-0.3354,-0.2658,-0.1958,-0.131,-0.0741,-0.0252,0.0174,0.056,0.0928,0.1291,0.1656,0.2018,0.2362,0.2666,0.2909,0.3072,0.3146,0.3132,0.304,0.2885,0.2684,0.2455,0.2212,0.1968,0.1732,0.151,0.1306,0.1121,0.0955,0.0809,0.068,0.0568
-0.4537,-0.4771,-0.5029,-0.5312,-0.5624,-0.5962,-0.6324,-0.6698,-0.7057,-0.7349,-0.7485,-0.7352,-0.689,-0.6201,-0.5509,-0.4935,-0.4433,-0.3913,-0.3329,-0.2694,-0.2054,-0.1448,-0.0902,-0.042,0.0008,0.0399,0.0768,0.1125,0.1476,0.1817,0.2135,0.2415,0.2639,0.2793,0.2871,0.2873,0.2806,0.2682,0.2516,0.2321,0.2111,0.1896,0.1685,0.1483,0.1295,0.1122,0.0966,0.0826,0.0702,0.0593
-0.4512,-0.4736,-0.4982,-0.5249,-0.5538,-0.5846,-0.6168,-0.6489,-0.6781,-0.6998,-0.7071,-0.6927,-0.654,-0.5984,-0.5395,-0.4856,-0.4356,-0.3845,-0.3294,-0.271,-0.212,-0.1555,-0.1034,-0.0564,-0.014,0.025,0.0615,0.0965,0.1302,0.1624,0.192,0.2179,0.2388,0.2536,0.2617,0.2632,0.2586,0.2489,0.2352,0.2187,0.2006,0.1817,0.1629,0.1447,0.1275,0.1115,0.0968,0.0836,0.0717,0.061
-0.4477,-0.469,-0.4921,-0.517,-0.5435,-0.5713,-0.5995,-0.6265,-0.6499,-0.6656,-0.6685,-0.654,-0.6213,-0.5753,-0.5245,-0.4748,-0.4264,-0.3771,-0.3252,-0.271,-0.2163,-0.1635,-0.1141,-0.0687,-0.0272,0.0112,0.0471,0.0812,0.1136,0.144,0.1718,0.196,0.2156,0.2298,0.2381,0.2407,0.2378,0.2304,0.2193,0.2054,0.1899,0.1734,0.1567,0.1403,0.1246,0.1099,0.0962,0.0837,0.0724,0.0622
-0.4433,-0.4634,-0.485,-0.508,-0.532,-0.5567,-0.5811,-0.6037,-0.6221,-0.6331,-0.633,-0.619,-0.5908,-0.5518,-0.5076,-0.462,-0.4162,-0.3692,-0.3203,-0.2698,-0.219,-0.1696,-0.1227,-0.0792,-0.0388,-0.0014,0.0336,0.0666,0.0977,0.1266,0.1528,0.1755,0.1941,0.2078,0.2163,0.2198,0.2184,0.2129,0.204,0.1925,0.1792,0.1649,0.1501,0.1354,0.1212,0.1077,0.095,0.0833,0.0725,0.0627
-0.4381,-0.457,-0.477,-0.498,-0.5197,-0.5414,-0.5623,-0.5809,-0.5952,-0.6027,-0.6006,-0.5872,-0.5624,-0.5287,-0.4897,-0.4481,-0.4051,-0.3607,-0.3148,-0.2676,-0.2203,-0.174,-0.1297,-0.088,-0.0491,-0.0129,0.0211,0.053,0.0828,0.1102,0.135,0.1565,0.1741,0.1874,0.1962,0.2003,0.2002,0.1963,0.1893,0.1798,0.1686,0.1562,0.1432,0.1301,0.1173,0.1049,0.0932,0.0822,0.0721,0.0628
-0.4323,-0.4499,-0.4683,-0.4874,-0.5067,-0.5257,-0.5435,-0.5587,-0.5696,-0.5744,-0.5709,-0.5581,-0.536,-0.5064,-0.4715,-0.4335,-0.3935,-0.3519,-0.3088,-0.2647,-0.2205,-0.1771,-0.1353,-0.0956,-0.0582,-0.0232,0.0095,0.0402,0.0687,0.0949,0.1184,0.1389,0.1557,0.1687,0.1775,0.1823,0.1832,0.1807,0.1753,0.1676,0.1581,0.1474,0.1361,0.1245,0.1129,0.1016,0.0908,0.0807,0.0711,0.0623
