docs/data/wind_grid.json
[{"header":{"la1":42.85,"la2":41.18,"lo1":11.55,"lo2":14.05,"nx":36,"ny":24,"dx":0.07143,"dy":0.07261,"parameterCategory":2,"parameterNumber":2,"parameterNumberName":"eastward_wind","parameterUnit":"m.s-1"},"data":[0.0141,0.0106,0.0082,0.0065,0.0054,0.0043,0.0029,0.0008,-0.0024,-0.0073,-0.0149,-0.0259,-0.041,-0.06,-0.0821,-0.1055,-0.1272,-0.1432,-0.1496,-0.1446,-0.1297,-0.1096,-0.0892,-0.0709,-0.0549,-0.0404,-0.0268,-0.0138,-0.0016,0.0099,0.0205,0.0302,0.0389,0.0468,0.054,0.0604,0.0038,-0.0002,-0.0026,-0.0037,-0.0039,-0.004,-0.0046,-0.0058,-0.0079,-0.0116,-0.0185,-0.0302,-0.0479,-0.0718,-0.1012,-0.1342,-0.1664,-0.1909,-0.1998,-0.1884,-0.1601,-0.1261,-0.0968,-0.0753,-0.059,-0.0446,-0.0306,-0.017,-0.0038,0.0084,0.0197,0.0299,0.0391,0.0472,0.0545,0.0611,-0.0092,-0.0142,-0.0167,-0.017,-0.0158,-0.0147,-0.0146,-0.0153,-0.0158,-0.0169,-0.0215,-0.0328,-0.0529,-0.0826,-0.1217,-0.1686,-0.2184,-0.2595,-0.2744,-0.2494,-0.1915,-0.129,-0.0879,-0.0685,-0.0573,-0.046,-0.033,-0.019,-0.0051,0.0079,0.0198,0.0304,0.0399,0.0482,0.0556,0.0621,-0.0261,-0.0331,-0.0362,-0.0351,-0.0315,-0.0285,-0.0286,-0.0305,-0.0297,-0.0254,-0.024,-0.0327,-0.0548,-0.0909,-0.1417,-0.2082,-0.2876,-0.3639,-0.3978,-0.3463,-0.2174,-0.0907,-0.0403,-0.043,-0.0493,-0.0454,-0.0341,-0.0199,-0.0053,0.0084,0.0208,0.0318,0.0413,0.0497,0.057,0.0634,-0.0479,-0.059,-0.0641,-0.0612,-0.0526,-0.0455,-0.0478,-0.0579,-0.0586,-0.0416,-0.0261,-0.0287,-0.0522,-0.0947,-0.1578,-0.2477,-0.3735,-0.5264,-0.6287,-0.5377,-0.2412,0.0382,0.0695,-0.0036,-0.0411,-0.0454,-0.035,-0.0198,-0.0043,0.0101,0.0229,0.0339,0.0435,0.0517,0.0588,0.0651,-0.0757,-0.0951,-0.1062,-0.1019,-0.0827,-0.0643,-0.0697,-0.1064,-0.1208,-0.0706,-0.0245,-0.018,-0.0437,-0.0928,-0.1652,-0.2745,-0.4545,-0.749,-1.0729,-0.9669,-0.3693,0.1377,0.1349,0.0007,-0.0477,-0.0497,-0.036,-0.0187,-0.0019,0.0131,0.026,0.037,0.0463,0.0542,0.0609,0.0668,-0.1084,-0.1433,-0.1708,-0.1703,-0.1309,-0.0827,-0.0771,-0.152,-0.2008,-0.0876,-0.0041,0.0046,-0.0294,-0.0871,-0.1638,-0.2737,-0.471,-0.8781,-1.5364,-1.4581,-0.6255,-0.1576,-0.0489,-0.0707,-0.0733,-0.0573,-0.0361,-0.0157,0.0022,0.0175,0.0302,0.0407,0.0495,0.0569,0.0631,0.0685,-0.1407,-0.1983,-0.2606,-0.283,-0.209,-0.1017,-0.0456,-0.0768,-0.1014,-0.0002,0.0594,0.0431,-0.0118,-0.0854,-0.1674,-0.2556,-0.393,-0.6779,-1.0806,-0.9978,-0.5687,-0.3701,-0.2281,-0.1457,-0.0967,-0.0608,-0.0327,-0.0102,0.0081,0.023,0.0351,0.0449,0.053,0.0596,0.0651,0.07,-0.1626,-0.2376,-0.3342,-0.3975,-0.2858,-0.1158,0.0131,0.0888,0.1485,0.1952,0.1703,0.0954,0.005,-0.0987,-0.2137,-0.2821,-0.3103,-0.4044,-0.5268,-0.5206,-0.4878,-0.4461,-0.2852,-0.167,-0.097,-0.0537,-0.0244,-0.0024,0.015,0.0291,0.0403,0.0492,0.0562,0.0619,0.0666,0.0708,-0.1664,-0.2432,-0.3277,-0.3696,-0.3028,-0.1176,0.0776,0.2505,0.4409,0.4981,0.3231,0.1495,0.0195,-0.1171,-0.3452,-0.4612,-0.2953,-0.2524,-0.2844,-0.3343,-0.408,-0.3728,-0.2357,-0.1327,-0.0726,-0.0376,-0.0141,0.005,0.0213,0.0347,0.0451,0.0529,0.0587,0.0632,0.067,0.0705,-0.1531,-0.2321,-0.3446,-0.5146,-0.4585,-0.1255,0.1375,0.3529,0.763,0.9708,0.4567,0.1768,0.028,-0.0918,-0.304,-0.4552,-0.2368,-0.161,-0.1543,-0.1723,-0.1977,-0.1793,-0.1177,-0.0654,-0.0386,-0.0256,-0.0116,0.0065,0.0244,0.0388,0.0489,0.0555,0.0598,0.0629,0.0656,0.0685,-0.1223,-0.1957,-0.313,-0.4786,-0.4073,-0.0557,0.1993,0.3379,0.5275,0.6913,0.3742,0.1625,0.0209,-0.1033,-0.1112,-0.136,-0.1175,-0.1107,-0.0988,-0.0625,-0.0356,-0.0142,0.0031,0.0001,-0.0265,-0.047,-0.0348,-0.0047,0.0227,0.0409,0.0511,0.0562,0.0585,0.0599,0.0615,0.0639,-0.0754,-0.1241,-0.1838,-0.2207,-0.1353,0.0588,0.2237,0.4556,0.206,0.3088,0.2506,0.1647,0.0739,-0.1076,-0.0676,-0.0471,-0.0714,-0.1519,-0.1423,0.0043,0.0952,0.131,0.1152,0.0431,-0.0779,-0.1497,-0.1015,-0.0281,0.019,0.0425,0.0518,0.054,0.0533,0.0525,0.0532,0.0556,-0.022,-0.0447,-0.0597,-0.0464,0.0179,0.1123,0.1718,0.1028,0.1362,0.2335,0.2296,0.1945,0.1806,0.1727,0.0313,-0.0224,-0.0877,-0.1018,-0.0447,0.1318,0.2739,0.3145,0.2494,0.0898,-0.1629,-0.299,-0.1678,-0.0386,0.0233,0.0462,0.0504,0.0468,0.0416,0.0384,0.0387,0.0423,0.0277,0.0219,0.0261,0.0482,0.0907,0.1403,0.173,0.1831,0.2151,0.2696,0.2936,0.2504,0.1985,0.1968,0.0588,-0.0551,-0.5761,-0.1277,0.1393,0.3834,0.6048,0.6156,0.4457,0.2143,-0.0536,-0.1919,-0.0997,-0.0,0.0431,0.0518,0.0441,0.0306,0.0189,0.0134,0.0151,0.0222,0.0695,0.0724,0.083,0.1039,0.1337,0.1664,0.1953,0.2234,0.2668,0.3489,0.5026,0.3298,0.2581,0.1844,0.105,-0.1081,-0.3744,0.0388,0.3947,0.7257,1.1664,1.0535,0.6707,0.3876,0.1768,0.0635,0.0533,0.0691,0.0693,0.0531,0.0266,-0.0018,-0.0223,-0.0284,-0.0212,-0.0061,0.1035,0.1103,0.1227,0.1412,0.1646,0.1906,0.2177,0.2487,0.2923,0.3663,0.4771,0.3649,0.2148,0.1699,0.2369,0.2245,0.2595,0.5364,0.826,0.9597,1.275,1.1481,0.7704,0.502,0.3207,0.2131,0.1576,0.1203,0.0834,0.0409,-0.0096,-0.0608,-0.0934,-0.0948,-0.0729,-0.0426,0.1309,0.1396,0.1522,0.1688,0.1888,0.2113,0.2359,0.2637,0.2969,0.3342,0.355,0.3183,0.2249,0.2351,0.5148,0.6629,0.7023,1.0883,1.4806,1.1931,1.0818,0.967,0.7576,0.5416,0.3673,0.2609,0.2009,0.1378,0.0745,0.011,-0.0678,-0.1561,-0.2064,-0.1899,-0.1375,-0.0829,0.1534,0.1629,0.1754,0.1907,0.2086,0.2287,0.2507,0.2747,0.3,0.3237,0.3392,0.346,0.3724,0.5391,1.0924,1.3241,0.9858,1.2091,1.4851,1.5049,1.2381,0.9877,0.7748,0.5566,0.3567,0.2639,0.2401,0.1233,0.0339,-0.033,-0.1331,-0.2725,-0.3457,-0.2921,-0.1966,-0.1155,0.1722,0.1821,0.1943,0.2087,0.2253,0.2438,0.264,0.2857,0.3085,0.332,0.3574,0.3945,0.4745,0.6736,1.0688,1.2139,1.046,1.2399,1.8388,2.1055,1.4538,1.0911,0.8583,0.6009,0.332,0.2277,0.2157,-0.0099,-0.0634,-0.0826,-0.1642,-0.3193,-0.4025,-0.3291,-0.2158,-0.1254,0.1881,0.1982,0.2101,0.224,0.2397,0.2572,0.2764,0.2974,0.3206,0.347,0.3803,0.4295,0.5125,0.6506,0.8243,0.9249,0.9826,1.1836,1.5558,1.68,1.3996,1.2332,1.0831,0.7497,0.317,-0.0945,-0.5239,-0.4349,-0.2067,-0.1234,-0.1449,-0.239,-0.3013,-0.2613,-0.1803,-0.1068,0.2018,0.2119,0.2237,0.2371,0.2523,0.2692,0.288,0.309,0.3329,0.3614,0.3976,0.4473,0.5174,0.6105,0.7131,0.8041,0.901,1.0459,1.2165,1.3085,1.3717,1.6108,1.6485,1.0879,0.3949,-0.2961,-0.922,-0.6318,-0.2337,-0.1259,-0.1096,-0.1396,-0.1697,-0.1585,-0.1172,-0.0699,0.2135,0.2237,0.2353,0.2485,0.2633,0.2799,0.2984,0.3194,0.3437,0.3726,0.4083,0.4539,0.5118,0.5814,0.6578,0.7372,0.8258,0.9315,1.0476,1.1771,1.4279,1.9558,2.1228,1.3688,0.5643,-0.0452,-0.3854,-0.2798,-0.1156,-0.0992,-0.0807,-0.0772,-0.0829,-0.0774,-0.0568,-0.0286,0.2237,0.2339,0.2453,0.2583,0.2728,0.289,0.3073,0.328,0.3519,0.38,0.4137,0.4545,0.5031,0.5592,0.6212,0.6884,0.7629,0.8474,0.9462,1.0804,1.309,1.6332,1.6824,1.2136,0.638,0.1983,-0.0454,-0.0994,-0.0948,-0.0839,-0.0551,-0.0362,-0.0284,-0.0209,-0.0081,0.0093]},{"header":{"la1":42.85,"la2":41.18,"lo1":11.55,"lo2":14.05,"nx":36,"ny":24,"dx":0.07143,"dy":0.07261,"parameterCategory":2,"parameterNumber":3,"parameterNumberName":"northward_wind","parameterUnit":"m.s-1"},"data":[0.202,0.2158,0.2301,0.2448,0.2592,0.272,0.281,0.2836,0.278,0.264,0.2433,0.2187,0.1928,0.1671,0.1421,0.118,0.0945,0.0719,0.0502,0.0299,0.0116,-0.0038,-0.0159,-0.0251,-0.0325,-0.0396,-0.0471,-0.0554,-0.0644,-0.074,-0.0838,-0.0937,-0.1034,-0.1128,-0.1217,-0.1301,0.2138,0.2304,0.2483,0.2678,0.2884,0.3088,0.3255,0.3334,0.3282,0.309,0.2798,0.2462,0.2125,0.1808,0.1513,0.1232,0.096,0.0696,0.0442,0.02,-0.0019,-0.0196,-0.0316,-0.0385,-0.0431,-0.0479,-0.0542,-0.0621,-0.0712,-0.0812,-0.0916,-0.1021,-0.1124,-0.1223,-0.1317,-0.1405,0.2254,0.245,0.2668,0.2918,0.3211,0.3537,0.3849,0.4044,0.401,0.3724,0.3274,0.2787,0.234,0.1951,0.1605,0.1281,0.0966,0.0656,0.0355,0.0062,-0.0219,-0.0444,-0.0557,-0.0573,-0.0561,-0.0572,-0.0618,-0.0693,-0.0787,-0.0894,-0.1006,-0.1118,-0.1228,-0.1334,-0.1432,-0.1523,0.2366,0.2593,0.2849,0.3155,0.3552,0.4069,0.4663,0.5128,0.516,0.4667,0.39,0.3157,0.2558,0.2089,0.1698,0.1332,0.0963,0.0592,0.0237,-0.0111,-0.0499,-0.0843,-0.0936,-0.0823,-0.0706,-0.0665,-0.0694,-0.0769,-0.0872,-0.0988,-0.111,-0.1231,-0.1349,-0.1461,-0.1564,-0.1659,0.2475,0.2738,0.3025,0.3367,0.3856,0.4633,0.5759,0.6894,0.7146,0.6134,0.4686,0.3521,0.2741,0.2212,0.1797,0.1399,0.0961,0.0488,0.0064,-0.0287,-0.0805,-0.145,-0.1474,-0.1085,-0.0823,-0.0739,-0.0765,-0.0852,-0.0969,-0.1099,-0.1232,-0.1364,-0.149,-0.1608,-0.1717,-0.1815,0.2586,0.2903,0.3226,0.3556,0.4041,0.5041,0.6995,0.9707,1.0667,0.8245,0.5447,0.3741,0.283,0.2307,0.1918,0.1514,0.0995,0.0331,-0.0276,-0.0469,-0.0857,-0.1798,-0.1744,-0.1149,-0.0844,-0.0777,-0.0833,-0.0947,-0.1086,-0.1233,-0.1379,-0.1521,-0.1656,-0.1781,-0.1895,-0.1995,0.2693,0.3122,0.3553,0.3836,0.4076,0.4949,0.7441,1.2201,1.4512,0.9689,0.5514,0.3595,0.2776,0.2379,0.209,0.1735,0.1176,0.0298,-0.0708,-0.0705,-0.0517,-0.0977,-0.1097,-0.0868,-0.0758,-0.0796,-0.0916,-0.1071,-0.1235,-0.1399,-0.1558,-0.171,-0.1853,-0.1985,-0.2102,-0.2205,0.2751,0.3375,0.4165,0.4571,0.4166,0.4243,0.5883,0.9312,1.0863,0.7219,0.4223,0.301,0.2609,0.2467,0.2345,0.2104,0.1617,0.081,-0.0064,-0.02,-0.0083,-0.0209,-0.0409,-0.054,-0.0672,-0.0849,-0.1049,-0.1247,-0.1434,-0.161,-0.1777,-0.1936,-0.2087,-0.2225,-0.2346,-0.2449,0.2643,0.3399,0.476,0.5873,0.4303,0.324,0.3449,0.4077,0.3884,0.275,0.2182,0.2241,0.2462,0.2634,0.2695,0.2598,0.2235,0.1617,0.094,0.0428,0.0048,0.0027,-0.0112,-0.0391,-0.0702,-0.101,-0.1283,-0.151,-0.1702,-0.1876,-0.2043,-0.2207,-0.2364,-0.2509,-0.2635,-0.2737,0.2279,0.2768,0.3595,0.4121,0.2667,0.196,0.158,0.0764,-0.0919,-0.155,0.0128,0.1637,0.2497,0.2929,0.3038,0.3011,0.2816,0.2376,0.1748,0.0975,0.03,0.0163,-0.0029,-0.0449,-0.0934,-0.1366,-0.1685,-0.1898,-0.2056,-0.2203,-0.236,-0.2528,-0.2695,-0.2849,-0.2979,-0.3079,0.1779,0.1796,0.1354,-0.0169,-0.0058,0.0807,0.0563,-0.067,-0.4592,-0.6668,-0.1348,0.1526,0.2838,0.3449,0.3402,0.319,0.3338,0.3191,0.269,0.1838,0.1014,0.0465,-0.0067,-0.075,-0.1483,-0.2058,-0.2354,-0.2452,-0.2502,-0.2589,-0.2728,-0.2905,-0.3091,-0.326,-0.3396,-0.349,0.1359,0.1179,0.0607,-0.0349,-0.0232,0.0409,0.0393,0.0113,-0.2307,-0.391,-0.0419,0.2038,0.3393,0.4138,0.4555,0.4224,0.4227,0.4445,0.4098,0.2803,0.1592,0.0648,-0.0266,-0.1362,-0.256,-0.3349,-0.3427,-0.3185,-0.3013,-0.3009,-0.3141,-0.3349,-0.3573,-0.377,-0.3913,-0.3992,0.1083,0.0927,0.0632,0.0324,0.0299,0.0372,0.0405,0.1741,-0.0452,-0.0339,0.1095,0.2723,0.3691,0.4976,0.5729,0.5447,0.5384,0.6168,0.5958,0.346,0.1822,0.0636,-0.0578,-0.2239,-0.4389,-0.56,-0.4948,-0.3984,-0.3493,-0.3419,-0.3595,-0.3884,-0.4183,-0.4423,-0.4569,-0.4618,0.09,0.0799,0.0656,0.0518,0.043,0.0329,0.0104,-0.0617,-0.0469,0.0445,0.1566,0.3164,0.3758,0.4017,0.5479,0.8216,0.6983,0.5586,0.4897,0.3015,0.1601,0.0521,-0.077,-0.2847,-0.611,-0.791,-0.6138,-0.4441,-0.378,-0.3775,-0.4109,-0.4569,-0.5,-0.5299,-0.543,-0.5409,0.0757,0.0691,0.0606,0.0516,0.0427,0.0321,0.0171,0.0029,0.018,0.0611,0.1084,0.1781,0.2877,0.3916,0.5314,0.885,0.694,0.4866,0.3133,0.1923,0.1291,0.063,-0.0598,-0.2464,-0.5105,-0.6608,-0.5378,-0.4108,-0.3762,-0.4079,-0.4754,-0.5528,-0.617,-0.6531,-0.6589,-0.6419,0.063,0.0582,0.0522,0.0455,0.0385,0.0313,0.025,0.0236,0.0316,0.0393,0.0202,0.0186,0.0787,0.1972,0.3107,0.4791,0.5291,0.3023,0.1144,0.0829,0.2052,0.1499,-0.0229,-0.1641,-0.2895,-0.3571,-0.3353,-0.3126,-0.3486,-0.4405,-0.5677,-0.699,-0.7956,-0.8331,-0.8169,-0.7694,0.0509,0.047,0.0421,0.0367,0.0311,0.0258,0.0216,0.0197,0.0195,0.0157,0.0046,-0.016,-0.1843,-0.2659,-0.05,0.0349,0.0462,-0.1045,-0.2396,-0.1108,0.1974,0.1345,-0.0435,-0.1194,-0.1324,-0.1117,-0.1085,-0.1726,-0.3026,-0.4847,-0.7085,-0.9334,-1.0792,-1.0992,-1.0274,-0.9228,0.0391,0.0354,0.0309,0.0259,0.0205,0.015,0.0096,0.0039,-0.0032,-0.0149,-0.0382,-0.1069,-0.2984,-0.3952,-0.5539,-0.6628,-0.4691,-0.5461,-0.7427,-0.4838,-0.2268,-0.1404,-0.1484,-0.1121,0.0128,0.1937,0.2274,0.0303,-0.2411,-0.5441,-0.9118,-1.3004,-1.5191,-1.4688,-1.2809,-1.0858,0.0273,0.0235,0.0188,0.0135,0.0074,0.0006,-0.0075,-0.0177,-0.032,-0.0546,-0.0954,-0.1753,-0.3194,-0.6145,-1.539,-1.9385,-0.9391,-0.715,-0.8078,-0.8535,-0.6031,-0.3947,-0.2767,-0.1325,0.1619,0.6624,0.7704,0.2538,-0.2007,-0.6101,-1.133,-1.7559,-2.063,-1.8625,-1.5096,-1.2169,0.0156,0.0114,0.0062,0.0001,-0.0071,-0.0158,-0.0268,-0.0413,-0.062,-0.0935,-0.145,-0.2335,-0.3954,-0.7407,-1.4445,-1.6685,-1.0212,-0.8381,-1.1997,-1.4051,-0.8655,-0.5766,-0.4184,-0.2256,0.1215,0.7221,0.8567,0.1699,-0.2691,-0.6618,-1.2119,-1.9392,-2.2874,-2.0056,-1.5861,-1.262,0.0041,-0.0007,-0.0066,-0.0136,-0.0222,-0.0328,-0.0463,-0.0643,-0.0893,-0.1257,-0.1808,-0.2673,-0.4072,-0.6297,-0.8977,-0.9771,-0.8413,-0.8186,-1.0135,-1.0842,-0.8553,-0.7216,-0.6278,-0.4295,-0.1674,-0.0116,-0.2112,-0.2884,-0.4458,-0.7046,-1.0832,-1.5963,-1.8849,-1.7476,-1.4592,-1.2038,-0.0072,-0.0127,-0.0193,-0.0272,-0.037,-0.0491,-0.0645,-0.0847,-0.1118,-0.1492,-0.2018,-0.2763,-0.3794,-0.5087,-0.631,-0.6887,-0.6896,-0.7142,-0.784,-0.821,-0.8391,-0.9744,-1.0031,-0.7111,-0.431,-0.3694,-0.4906,-0.4977,-0.6719,-0.8026,-0.9471,-1.1895,-1.3717,-1.3651,-1.2366,-1.0828,-0.0181,-0.0242,-0.0315,-0.0403,-0.051,-0.0642,-0.0808,-0.1018,-0.1292,-0.1649,-0.2118,-0.2722,-0.3465,-0.4286,-0.5028,-0.5536,-0.5862,-0.6223,-0.6716,-0.7366,-0.8781,-1.1831,-1.2792,-0.8986,-0.5854,-0.4843,-0.5223,-0.7069,-1.0114,-0.9734,-0.9125,-0.9741,-1.0591,-1.081,-1.0343,-0.9528,-0.0286,-0.0352,-0.043,-0.0525,-0.0638,-0.0776,-0.0946,-0.1157,-0.142,-0.1748,-0.2153,-0.264,-0.3197,-0.3779,-0.4321,-0.4774,-0.5161,-0.5564,-0.607,-0.6829,-0.8182,-1.0091,-1.0489,-0.8392,-0.637,-0.564,-0.6197,-0.8256,-1.0562,-1.0015,-0.8935,-0.8738,-0.8959,-0.9063,-0.8863,-0.8421]}]