docs/data/wind_grid.json
[{"header":{"la1":42.85,"la2":41.18,"lo1":11.55,"lo2":14.05,"nx":36,"ny":24,"dx":0.07143,"dy":0.07261,"parameterCategory":2,"parameterNumber":2,"parameterNumberName":"eastward_wind","parameterUnit":"m.s-1"},"data":[1.7461,1.7573,1.7698,1.783,1.7955,1.805,1.8085,1.8028,1.7854,1.7556,1.7149,1.6662,1.6129,1.5577,1.5029,1.4505,1.4023,1.3605,1.3269,1.3024,1.2864,1.2772,1.2721,1.2689,1.2662,1.2631,1.2593,1.255,1.2502,1.2453,1.2405,1.2359,1.2317,1.228,1.2249,1.2224,1.7528,1.7673,1.7848,1.8047,1.8258,1.845,1.8577,1.858,1.8408,1.8049,1.7531,1.6909,1.6238,1.5555,1.4884,1.4244,1.3657,1.3152,1.2763,1.2511,1.2387,1.2353,1.2364,1.2384,1.2395,1.2389,1.2366,1.2331,1.2288,1.2242,1.2195,1.2151,1.2111,1.2077,1.2049,1.2028,1.756,1.7738,1.7968,1.8254,1.8585,1.8931,1.9222,1.9347,1.9198,1.8739,1.8041,1.7217,1.6358,1.5508,1.4685,1.39,1.3168,1.2533,1.2064,1.1815,1.1768,1.1843,1.1955,1.2051,1.211,1.2132,1.2124,1.2096,1.2056,1.2011,1.1966,1.1923,1.1885,1.1854,1.1829,1.1813,1.7538,1.7742,1.8027,1.8413,1.8908,1.9492,2.0078,2.0464,2.0384,1.9739,1.8719,1.7582,1.6469,1.5416,1.4417,1.3458,1.253,1.1685,1.1072,1.0841,1.0959,1.1237,1.1508,1.1704,1.1817,1.1864,1.1865,1.184,1.18,1.1755,1.1711,1.167,1.1635,1.1608,1.1588,1.1577,1.7439,1.7648,1.7974,1.8461,1.9151,2.0075,2.1181,2.2141,2.2257,2.1202,1.9568,1.7958,1.6527,1.5245,1.4059,1.2919,1.175,1.0555,0.9637,0.9459,0.9935,1.0567,1.1061,1.1368,1.1527,1.1587,1.1587,1.1557,1.1514,1.1468,1.1425,1.1388,1.1357,1.1334,1.1321,1.1316,1.7238,1.7413,1.774,1.8296,1.9173,2.0489,2.2368,2.4507,2.5155,2.3136,2.0414,1.8214,1.6459,1.4936,1.3563,1.2287,1.0929,0.9258,0.772,0.7663,0.8831,0.9967,1.069,1.1077,1.1249,1.1296,1.1279,1.1235,1.1186,1.114,1.1101,1.107,1.1045,1.103,1.1024,1.1028,1.6911,1.6985,1.7234,1.7785,1.8773,2.0359,2.2853,2.6368,2.7874,2.4417,2.0688,1.8167,1.6198,1.44,1.2776,1.1457,1.0243,0.8469,0.6332,0.6414,0.8245,0.9691,1.0484,1.0851,1.0973,1.097,1.0915,1.0852,1.0799,1.0759,1.0729,1.0709,1.0695,1.0688,1.0692,1.0707,1.6451,1.6313,1.6338,1.6751,1.7763,1.9406,2.1671,2.4476,2.5528,2.2821,1.996,1.7829,1.5801,1.3527,1.1272,0.9881,0.943,0.8739,0.7455,0.7469,0.8772,0.9862,1.0446,1.0661,1.066,1.0563,1.0454,1.0373,1.0327,1.0307,1.03,1.0298,1.0298,1.0304,1.0319,1.0347,1.5889,1.538,1.4903,1.4901,1.5949,1.7859,1.9749,2.1033,2.1176,2.0219,1.901,1.7598,1.5572,1.2337,0.804,0.5992,0.7485,0.8789,0.8989,0.9146,0.9681,1.0199,1.0448,1.0423,1.0226,0.9992,0.982,0.9744,0.9741,0.9771,0.9805,0.9831,0.9851,0.987,0.9898,0.9941,1.5345,1.432,1.2904,1.1777,1.2915,1.6152,1.8621,1.9494,1.9152,1.8727,1.8603,1.7893,1.6144,1.1899,0.2046,-0.2912,0.4571,0.8263,0.9254,0.9694,1.0101,1.0368,1.0344,1.0019,0.9534,0.9108,0.8897,0.8896,0.9008,0.9139,0.9241,0.9305,0.9345,0.9377,0.9418,0.9479,1.5042,1.3604,1.1159,0.809,0.9055,1.5025,1.881,1.9713,1.8278,1.7447,1.8673,1.8794,1.8072,1.5412,0.483,-0.2724,0.5532,0.7958,0.8351,0.9164,0.9981,1.0326,1.0088,0.9335,0.8362,0.765,0.7492,0.7746,0.8116,0.8421,0.8616,0.872,0.8772,0.881,0.8862,0.8944,1.5175,1.3819,1.1537,0.8737,0.9955,1.6202,2.0415,2.1849,2.0134,1.8682,1.9534,2.0142,2.0586,2.1646,1.8323,1.2105,0.9378,0.5539,0.4678,0.7567,0.9635,1.0269,0.9752,0.8267,0.6335,0.5148,0.5354,0.6264,0.7113,0.7665,0.7953,0.8073,0.8114,0.8144,0.8205,0.8315,1.57,1.4858,1.3766,1.3124,1.4759,1.8508,2.1842,2.3858,2.2693,2.0784,2.0759,2.2021,2.2219,2.3221,2.1795,1.6715,1.0579,-0.1872,-0.2201,0.6256,0.978,1.0517,0.9551,0.6913,0.3113,0.1089,0.2467,0.4676,0.618,0.6958,0.7274,0.7347,0.7332,0.7332,0.7403,0.756,1.6372,1.604,1.5826,1.6143,1.7462,1.9548,2.16,2.2977,2.2447,2.11,2.1223,2.3993,2.4587,1.947,1.9873,1.7787,1.4113,0.5303,0.3509,0.8717,1.1075,1.1264,0.9847,0.6202,0.0249,-0.2782,0.0313,0.3755,0.5614,0.6386,0.6571,0.6485,0.6346,0.6294,0.6392,0.6634,1.6978,1.6954,1.7103,1.7589,1.8499,1.9673,2.0758,2.1348,2.1122,2.0603,2.0525,2.0952,2.0508,1.9092,1.937,1.8875,1.9252,1.5233,1.2683,1.2747,1.2633,1.2158,1.08,0.7443,0.2227,-0.0561,0.1619,0.4215,0.5536,0.5919,0.5756,0.5357,0.5004,0.4892,0.5074,0.5485,1.7438,1.7556,1.7807,1.8242,1.8854,1.9539,2.0115,2.0402,2.0346,2.0123,1.991,1.9218,1.9522,1.9639,1.9565,1.9383,1.9347,1.8343,1.7194,1.5091,1.2169,1.2173,1.1894,0.961,0.6475,0.4528,0.4597,0.5282,0.5609,0.5376,0.4654,0.373,0.3045,0.2914,0.3327,0.4069,1.7756,1.7925,1.818,1.8532,1.8958,1.9392,1.9745,1.9947,1.999,1.9936,1.9861,1.9665,1.9816,1.999,2.024,2.0423,2.0652,2.1756,2.2223,1.8161,1.2363,1.2623,1.2934,1.1117,0.8651,0.6734,0.5842,0.5624,0.5385,0.4589,0.3075,0.1256,0.0059,0.0084,0.106,0.2404,1.7963,1.8141,1.8373,1.8656,1.8969,1.9275,1.9531,1.9709,1.981,1.9857,1.9879,1.9934,2.0082,2.0356,2.1866,2.283,2.3112,2.6595,3.0581,2.4063,1.8287,1.5868,1.4327,1.185,0.8657,0.5734,0.455,0.4835,0.4833,0.3642,0.0985,-0.2425,-0.4398,-0.373,-0.1602,0.0677,1.809,1.8261,1.8465,1.8698,1.8943,1.9182,1.9392,1.9563,1.9698,1.9814,1.9943,2.0156,2.0586,2.18,2.5429,2.6875,2.4682,2.687,2.9302,2.6855,2.2627,1.8815,1.5777,1.2248,0.7532,0.2279,0.1079,0.3558,0.4397,0.2954,-0.1065,-0.6821,-0.9738,-0.7685,-0.394,-0.066,1.8161,1.832,1.85,1.8697,1.89,1.91,1.9286,1.9455,1.9613,1.9778,1.9988,2.0323,2.0965,2.2392,2.5108,2.6035,2.4663,2.5723,2.8941,3.0271,2.4922,2.0674,1.732,1.3247,0.7799,0.1707,0.0447,0.3862,0.4645,0.3053,-0.1491,-0.8501,-1.1914,-0.907,-0.4639,-0.1025,1.8194,1.8339,1.8499,1.867,1.8846,1.9021,1.9192,1.9359,1.953,1.9723,1.9972,2.0342,2.0943,2.1912,2.3094,2.3655,2.3738,2.471,2.6785,2.7225,2.4442,2.2175,1.9941,1.5707,1.0281,0.6355,0.5971,0.5963,0.541,0.3912,0.0479,-0.4776,-0.7759,-0.6281,-0.312,-0.0213,1.8198,1.8331,1.8474,1.8626,1.8781,1.8939,1.9098,1.926,1.9433,1.9631,1.9881,2.0217,2.0684,2.1285,2.1903,2.2346,2.2712,2.333,2.4082,2.4211,2.4045,2.5414,2.5353,1.9752,1.2947,0.8379,0.6934,0.6656,0.5614,0.4669,0.2939,0.0099,-0.1981,-0.1911,-0.0442,0.1359,1.8181,1.8303,1.8432,1.8568,1.8707,1.885,1.8997,1.915,1.9315,1.9503,1.9729,2.0008,2.0352,2.0745,2.1134,2.147,2.1786,2.2151,2.2531,2.2968,2.4375,2.8209,2.948,2.2682,1.5065,1.0068,0.7713,0.6237,0.4503,0.4577,0.435,0.3137,0.194,0.1605,0.2127,0.3092,1.8149,1.826,1.8377,1.8499,1.8624,1.8754,1.8887,1.9027,1.9178,1.9346,1.9537,1.9759,2.0011,2.0279,2.054,2.0778,2.1001,2.1235,2.1523,2.2059,2.3385,2.5638,2.5803,2.1393,1.5777,1.146,0.859,0.6163,0.436,0.465,0.5075,0.4765,0.4222,0.396,0.4133,0.4638]},{"header":{"la1":42.85,"la2":41.18,"lo1":11.55,"lo2":14.05,"nx":36,"ny":24,"dx":0.07143,"dy":0.07261,"parameterCategory":2,"parameterNumber":3,"parameterNumberName":"northward_wind","parameterUnit":"m.s-1"},"data":[0.5449,0.566,0.5894,0.6144,0.6397,0.6629,0.6808,0.6902,0.689,0.6774,0.658,0.6351,0.6127,0.5938,0.5798,0.571,0.566,0.5619,0.5555,0.5436,0.5249,0.5001,0.4713,0.4409,0.4107,0.3823,0.3561,0.3325,0.3116,0.2932,0.2771,0.2631,0.2509,0.2404,0.2313,0.2234,0.5499,0.5748,0.6039,0.6366,0.6718,0.7061,0.7346,0.7509,0.7501,0.7321,0.7021,0.668,0.6365,0.612,0.5967,0.5905,0.5915,0.595,0.5945,0.5842,0.5618,0.5296,0.492,0.4532,0.4161,0.3822,0.3521,0.3258,0.303,0.2834,0.2666,0.2521,0.2398,0.2293,0.2204,0.2128,0.5511,0.5799,0.6153,0.6579,0.7069,0.7591,0.8064,0.8364,0.8374,0.8077,0.7585,0.7054,0.6599,0.6278,0.6111,0.6102,0.6226,0.6409,0.6526,0.6453,0.6154,0.5694,0.5173,0.4663,0.42,0.3797,0.3453,0.3161,0.2916,0.271,0.2538,0.2392,0.227,0.2168,0.2082,0.201,0.5467,0.5786,0.6203,0.6742,0.742,0.822,0.904,0.9638,0.9708,0.9174,0.8313,0.7464,0.6804,0.6379,0.62,0.6277,0.6603,0.7079,0.7452,0.7426,0.6947,0.622,0.546,0.4778,0.4202,0.3729,0.3342,0.3026,0.2769,0.2558,0.2385,0.2242,0.2124,0.2026,0.1946,0.188,0.5347,0.5676,0.6138,0.6787,0.7687,0.8885,1.0328,1.1606,1.1874,1.0804,0.9209,0.7854,0.6925,0.6378,0.6182,0.6373,0.7019,0.8065,0.9001,0.9025,0.8093,0.6849,0.5726,0.4829,0.4134,0.3594,0.3174,0.2843,0.2581,0.2372,0.2204,0.2068,0.1958,0.1869,0.1796,0.1738,0.5129,0.5428,0.5891,0.6609,0.7705,0.9355,1.1739,1.4465,1.5332,1.3003,1.0075,0.8079,0.6891,0.6227,0.5991,0.6269,0.7305,0.9307,1.1432,1.1433,0.9465,0.7391,0.5838,0.4739,0.395,0.3369,0.2933,0.2602,0.2347,0.2149,0.1994,0.1871,0.1773,0.1695,0.1632,0.1584,0.4796,0.5004,0.5387,0.608,0.7255,0.9168,1.2283,1.6756,1.8673,1.4448,1.0243,0.7925,0.6651,0.5896,0.5549,0.5783,0.7015,0.9854,1.3452,1.3307,1.0115,0.7389,0.5603,0.4425,0.3613,0.3033,0.2609,0.2297,0.2065,0.1889,0.1755,0.1651,0.1569,0.1505,0.1455,0.1418,0.4349,0.4372,0.4546,0.5072,0.6178,0.8,1.0702,1.4262,1.5643,1.2309,0.9139,0.7368,0.6268,0.5409,0.4776,0.475,0.5773,0.8167,1.1152,1.1221,0.8744,0.6478,0.492,0.3858,0.3111,0.2578,0.2197,0.1927,0.1734,0.1594,0.149,0.141,0.1348,0.13,0.1265,0.124,0.3822,0.3541,0.3288,0.3416,0.442,0.6221,0.814,0.9586,0.9755,0.8664,0.7579,0.6771,0.5981,0.489,0.3486,0.2937,0.3936,0.5519,0.6955,0.7213,0.6247,0.4997,0.3925,0.3091,0.2464,0.2011,0.1699,0.1494,0.136,0.1269,0.1203,0.1153,0.1113,0.1083,0.1062,0.1052,0.3312,0.2632,0.164,0.0843,0.1803,0.4464,0.6533,0.7209,0.6694,0.6251,0.6498,0.6536,0.6157,0.4829,0.1444,-0.0269,0.23,0.3809,0.4456,0.4571,0.42,0.3554,0.2855,0.2221,0.1707,0.1341,0.1119,0.1005,0.0951,0.0923,0.0903,0.0884,0.0866,0.0853,0.0848,0.0851,0.2984,0.2002,0.0246,-0.2032,-0.1276,0.3394,0.6405,0.7001,0.5321,0.4397,0.6028,0.6803,0.7124,0.6549,0.2611,-0.0207,0.238,0.3151,0.3211,0.3107,0.2821,0.2368,0.184,0.1314,0.0862,0.0567,0.0458,0.0471,0.0526,0.0573,0.06,0.061,0.0611,0.0612,0.062,0.0638,0.2972,0.2062,0.0459,-0.1568,-0.0623,0.4245,0.7731,0.8994,0.713,0.5588,0.6516,0.7498,0.861,1.0219,0.835,0.4876,0.3493,0.2744,0.2417,0.2197,0.1813,0.1353,0.0884,0.0398,-0.0067,-0.0326,-0.0278,-0.0076,0.0114,0.024,0.0307,0.0336,0.0347,0.0357,0.0376,0.0408,0.3224,0.2694,0.1984,0.1597,0.291,0.5954,0.897,1.1087,0.9713,0.7353,0.7175,0.8708,0.9456,1.1313,1.0013,0.5919,0.3402,0.212,0.197,0.1523,0.0839,0.0296,-0.007,-0.0467,-0.1013,-0.1308,-0.1021,-0.0564,-0.0232,-0.0048,0.0036,0.0062,0.0068,0.0078,0.0105,0.0155,0.3552,0.3381,0.3302,0.3621,0.4713,0.6495,0.8454,0.9957,0.9121,0.6919,0.6721,1.0228,1.126,0.7062,0.6744,0.4214,0.2093,0.173,0.1492,0.051,-0.0621,-0.1162,-0.1132,-0.1142,-0.1623,-0.1989,-0.1486,-0.0847,-0.0455,-0.027,-0.0214,-0.0222,-0.0243,-0.0243,-0.0205,-0.013,0.3806,0.3832,0.3987,0.4393,0.513,0.6104,0.7041,0.7437,0.6579,0.4907,0.4044,0.508,0.564,0.4201,0.4467,0.1349,-0.1375,0.0258,0.0095,-0.1471,-0.3473,-0.3675,-0.2507,-0.165,-0.1568,-0.172,-0.1334,-0.083,-0.0533,-0.0432,-0.046,-0.0547,-0.0624,-0.0639,-0.0579,-0.0461,0.3936,0.4031,0.4218,0.453,0.496,0.5413,0.5691,0.549,0.4489,0.2507,-0.0456,0.1085,0.2307,0.3255,0.27,0.071,-0.0888,-0.047,-0.1237,-0.3936,-0.8576,-0.7518,-0.3991,-0.2101,-0.1382,-0.1135,-0.0872,-0.062,-0.0511,-0.0562,-0.0742,-0.0973,-0.1141,-0.1166,-0.1049,-0.0847,0.3956,0.4053,0.4198,0.4391,0.4599,0.4744,0.4697,0.429,0.3359,0.1744,-0.0294,0.0639,0.0585,0.0148,0.0781,0.0082,-0.0568,-0.1261,-0.2219,-0.4303,-0.9264,-0.7975,-0.417,-0.2128,-0.1141,-0.0633,-0.0381,-0.0328,-0.0433,-0.0691,-0.1111,-0.1595,-0.191,-0.1901,-0.1642,-0.1286,0.3897,0.3969,0.4057,0.4149,0.4213,0.4194,0.4015,0.3601,0.2908,0.2002,0.1241,0.0911,-0.0,-0.0564,-0.1719,-0.274,-0.2006,-0.2472,-0.3568,-0.2848,-0.4122,-0.4259,-0.2914,-0.1646,-0.0666,0.0069,0.0308,0.0064,-0.0314,-0.0818,-0.1594,-0.2528,-0.3063,-0.289,-0.233,-0.1733,0.3792,0.383,0.3867,0.3886,0.3863,0.3762,0.3544,0.3178,0.2667,0.2074,0.1496,0.0896,0.0018,-0.1689,-0.6583,-0.8532,-0.3666,-0.2246,-0.2279,-0.0546,-0.1292,-0.2004,-0.1845,-0.1172,-0.0162,0.1079,0.1348,0.0455,-0.0213,-0.0885,-0.2065,-0.3672,-0.4479,-0.3928,-0.2931,-0.2069,0.3662,0.367,0.3665,0.3635,0.3562,0.3423,0.3199,0.2877,0.2464,0.1981,0.1437,0.076,-0.0274,-0.2279,-0.6027,-0.7134,-0.3523,-0.1131,0.1604,0.2815,0.0127,-0.1283,-0.1601,-0.1175,-0.0224,0.1165,0.1464,0.0186,-0.0251,-0.0745,-0.2056,-0.4095,-0.5072,-0.4287,-0.3092,-0.2143,0.3523,0.3506,0.3471,0.3409,0.3307,0.3152,0.2932,0.2641,0.228,0.1851,0.1338,0.0685,-0.023,-0.1559,-0.3051,-0.3379,-0.2187,-0.0731,0.0786,0.1152,-0.0452,-0.1979,-0.2455,-0.1864,-0.0994,-0.0698,-0.1536,-0.115,-0.0227,-0.0145,-0.1182,-0.29,-0.3855,-0.3475,-0.264,-0.1895,0.3384,0.3347,0.3291,0.3209,0.3091,0.293,0.2718,0.2451,0.2126,0.1739,0.1278,0.0716,0.0023,-0.0773,-0.1454,-0.165,-0.1301,-0.0748,-0.0347,-0.0632,-0.2076,-0.4241,-0.4845,-0.3209,-0.1757,-0.1634,-0.2741,-0.1509,0.0932,0.1329,0.0286,-0.1112,-0.2026,-0.216,-0.1851,-0.1437,0.3251,0.3199,0.3129,0.3035,0.2909,0.2748,0.2545,0.2298,0.2004,0.166,0.126,0.0799,0.0287,-0.0231,-0.0646,-0.0844,-0.0831,-0.0761,-0.0877,-0.1535,-0.3224,-0.595,-0.6686,-0.4185,-0.2121,-0.1336,-0.1026,0.1012,0.4057,0.3485,0.1703,0.0251,-0.0667,-0.1059,-0.1088,-0.0941,0.3126,0.3064,0.2985,0.2883,0.2755,0.2597,0.2405,0.2178,0.1913,0.1609,0.1267,0.0892,0.0498,0.0119,-0.0197,-0.0415,-0.0556,-0.0709,-0.103,-0.1732,-0.3039,-0.4685,-0.5056,-0.3572,-0.1962,-0.0881,0.0212,0.2322,0.449,0.3873,0.2218,0.0931,0.0107,-0.0339,-0.0511,-0.0515]}]