docs/data/wind_grid.json
{"header": {"la1":42.1,"la2":41.55,"lo1":12.1,"lo2":12.95,"nx":50,"ny":50,"dx":0.01735,"dy":0.01122,"parameterCategory":2,"parameterNumber":3,"parameterNumberName":"northward_wind","parameterUnit":"m.s-1"}, "data":
[rows 0 to 40 of 50, columns 0 to 49 of 50]
-1.4844,-1.5536,-1.6238,-1.6805,-1.7058,-1.6863,-1.6207,-1.5197,-1.3997,-1.276,-1.1593,-1.0554,-0.9663,-0.8919,-0.8308,-0.7813,-0.7417,-0.7103,-0.6859,-0.6672,-0.6527,-0.641,-0.6302,-0.6186,-0.6047,-0.5879,-0.5683,-0.5462,-0.5225,-0.4982,-0.4741,-0.4512,-0.4302,-0.4118,-0.3963,-0.384,-0.3749,-0.3685,-0.3644,-0.362,-0.3608,-0.3602,-0.3599,-0.36,-0.3604,-0.3611,-0.3623,-0.3641,-0.3663,-0.3691
-1.4741,-1.5403,-1.6086,-1.6643,-1.6887,-1.6683,-1.6018,-1.5001,-1.3798,-1.2563,-1.1402,-1.0373,-0.9495,-0.8766,-0.8172,-0.7694,-0.7315,-0.702,-0.6795,-0.6629,-0.6508,-0.6415,-0.6327,-0.6224,-0.6089,-0.5914,-0.5703,-0.5463,-0.5205,-0.494,-0.468,-0.4434,-0.4211,-0.4019,-0.3861,-0.3741,-0.3657,-0.3604,-0.3575,-0.3562,-0.3558,-0.3559,-0.356,-0.3561,-0.3565,-0.3571,-0.3582,-0.3599,-0.3622,-0.365
-1.4576,-1.5173,-1.5798,-1.6307,-1.6521,-1.6306,-1.5651,-1.4658,-1.3486,-1.2283,-1.1153,-1.0152,-0.93,-0.8595,-0.8023,-0.7568,-0.721,-0.6936,-0.6734,-0.6592,-0.6498,-0.6433,-0.637,-0.6281,-0.6148,-0.5962,-0.5732,-0.5468,-0.5184,-0.4895,-0.4613,-0.4348,-0.4112,-0.3911,-0.3753,-0.3638,-0.3564,-0.3525,-0.3512,-0.3513,-0.352,-0.3526,-0.353,-0.3531,-0.3532,-0.3536,-0.3545,-0.356,-0.3582,-0.3611
-1.4372,-1.4871,-1.5399,-1.5828,-1.5991,-1.5764,-1.5135,-1.4193,-1.3081,-1.1935,-1.0856,-0.9897,-0.9082,-0.8409,-0.7866,-0.7437,-0.7103,-0.6853,-0.6675,-0.6561,-0.6499,-0.6467,-0.6432,-0.636,-0.6225,-0.6023,-0.5767,-0.5474,-0.5161,-0.4844,-0.4537,-0.4253,-0.4002,-0.3795,-0.3637,-0.353,-0.3471,-0.3451,-0.3457,-0.3476,-0.3494,-0.3507,-0.3511,-0.351,-0.3507,-0.3506,-0.3511,-0.3523,-0.3544,-0.3573
-1.416,-1.4536,-1.4939,-1.5261,-1.5355,-1.5114,-1.4519,-1.3644,-1.2609,-1.1538,-1.0523,-0.9618,-0.8848,-0.8213,-0.7703,-0.7303,-0.6996,-0.6771,-0.6619,-0.6535,-0.6509,-0.6516,-0.6515,-0.6459,-0.6319,-0.6094,-0.5806,-0.5479,-0.5132,-0.4785,-0.4451,-0.4145,-0.388,-0.3666,-0.3511,-0.3417,-0.3379,-0.3384,-0.3415,-0.3454,-0.3486,-0.3504,-0.3507,-0.35,-0.3489,-0.3481,-0.348,-0.3489,-0.3508,-0.3536
-1.3977,-1.4215,-1.4475,-1.4672,-1.4686,-1.4423,-1.3861,-1.3054,-1.2103,-1.1113,-1.0169,-0.9324,-0.8604,-0.8011,-0.7537,-0.7168,-0.689,-0.6691,-0.6566,-0.6513,-0.6526,-0.6579,-0.6617,-0.6578,-0.6426,-0.617,-0.5843,-0.5476,-0.5093,-0.4713,-0.4351,-0.4022,-0.3742,-0.3524,-0.3375,-0.3299,-0.3287,-0.3325,-0.3388,-0.3452,-0.3499,-0.352,-0.3518,-0.3501,-0.348,-0.3462,-0.3453,-0.3457,-0.3473,-0.3501
-1.3856,-1.3953,-1.4061,-1.4123,-1.4046,-1.375,-1.321,-1.2464,-1.1591,-1.068,-0.9809,-0.9025,-0.8356,-0.7807,-0.737,-0.7034,-0.6784,-0.6611,-0.6512,-0.6491,-0.6545,-0.6648,-0.6731,-0.6707,-0.6535,-0.6239,-0.5868,-0.5459,-0.5039,-0.4625,-0.4233,-0.3881,-0.3586,-0.3364,-0.3226,-0.3173,-0.3197,-0.3275,-0.3378,-0.3472,-0.3535,-0.3558,-0.3547,-0.3515,-0.3478,-0.3448,-0.3429,-0.3427,-0.3439,-0.3466
-1.3823,-1.3782,-1.3737,-1.3659,-1.3481,-1.3138,-1.2604,-1.1903,-1.1096,-1.0258,-0.9454,-0.873,-0.8111,-0.7604,-0.7205,-0.6901,-0.6679,-0.6531,-0.6456,-0.6462,-0.6555,-0.6709,-0.6838,-0.6825,-0.6626,-0.6286,-0.587,-0.5421,-0.4964,-0.4515,-0.4093,-0.3717,-0.3407,-0.3184,-0.3059,-0.3037,-0.3105,-0.3236,-0.3387,-0.3518,-0.3597,-0.3617,-0.3591,-0.354,-0.3483,-0.3436,-0.3407,-0.3397,-0.3406,-0.3432
-1.3885,-1.3716,-1.3521,-1.33,-1.3013,-1.2609,-1.2063,-1.1389,-1.0634,-0.9857,-0.9113,-0.8444,-0.7873,-0.7407,-0.7043,-0.677,-0.6576,-0.645,-0.6394,-0.642,-0.6543,-0.674,-0.6907,-0.69,-0.6672,-0.6291,-0.5836,-0.5353,-0.4862,-0.4381,-0.3928,-0.3526,-0.3201,-0.2977,-0.287,-0.2886,-0.3009,-0.3204,-0.3415,-0.3587,-0.3683,-0.3697,-0.3649,-0.3572,-0.3492,-0.3426,-0.3384,-0.3367,-0.3373,-0.3398
-1.4033,-1.3747,-1.3406,-1.3042,-1.264,-1.2164,-1.1592,-1.093,-1.0212,-0.9485,-0.8794,-0.8174,-0.7645,-0.7217,-0.6887,-0.6644,-0.6474,-0.6368,-0.6324,-0.636,-0.6494,-0.6711,-0.6899,-0.6891,-0.6642,-0.6235,-0.5757,-0.5248,-0.4729,-0.4216,-0.3732,-0.3303,-0.2962,-0.2737,-0.2652,-0.2713,-0.2902,-0.3173,-0.3455,-0.3675,-0.3787,-0.379,-0.3715,-0.3607,-0.35,-0.3414,-0.3359,-0.3335,-0.3338,-0.3364
-1.4236,-1.3846,-1.3369,-1.2867,-1.2349,-1.1794,-1.1185,-1.0524,-0.9832,-0.9146,-0.8499,-0.7922,-0.7433,-0.7039,-0.6739,-0.6523,-0.6376,-0.6285,-0.6248,-0.628,-0.6402,-0.6605,-0.6782,-0.6768,-0.6516,-0.6109,-0.5626,-0.5105,-0.4563,-0.4019,-0.3501,-0.3041,-0.268,-0.2456,-0.2395,-0.2507,-0.2772,-0.3131,-0.3495,-0.3769,-0.3898,-0.3885,-0.3779,-0.3636,-0.3501,-0.3396,-0.3329,-0.33,-0.3302,-0.3329
-1.4449,-1.3971,-1.3373,-1.2743,-1.2114,-1.1482,-1.0833,-1.0165,-0.9492,-0.8838,-0.8231,-0.7692,-0.7237,-0.6873,-0.6601,-0.641,-0.6285,-0.6207,-0.617,-0.6186,-0.6275,-0.6429,-0.6563,-0.6536,-0.6302,-0.592,-0.5451,-0.4926,-0.4363,-0.3787,-0.3229,-0.2734,-0.2349,-0.2121,-0.2085,-0.2253,-0.2601,-0.3058,-0.3512,-0.3846,-0.3993,-0.3964,-0.3825,-0.365,-0.3489,-0.3367,-0.3292,-0.326,-0.3263,-0.3294
-1.4623,-1.4075,-1.3376,-1.2636,-1.191,-1.1208,-1.0521,-0.9845,-0.9186,-0.8562,-0.7989,-0.7485,-0.7061,-0.6724,-0.6476,-0.6309,-0.6204,-0.6138,-0.6096,-0.6089,-0.6133,-0.6221,-0.6293,-0.6248,-0.6039,-0.5691,-0.5243,-0.4716,-0.4131,-0.3516,-0.2912,-0.2372,-0.1955,-0.1719,-0.1705,-0.1931,-0.2366,-0.2927,-0.3478,-0.3875,-0.4043,-0.4002,-0.3837,-0.3635,-0.3455,-0.3323,-0.3244,-0.3213,-0.3221,-0.3257
-1.471,-1.4113,-1.334,-1.2515,-1.1712,-1.0954,-1.0237,-0.9555,-0.8912,-0.8314,-0.7774,-0.7301,-0.6905,-0.6593,-0.6368,-0.6224,-0.6141,-0.6085,-0.6036,-0.6002,-0.6002,-0.6027,-0.6037,-0.5969,-0.5776,-0.5456,-0.5021,-0.4486,-0.387,-0.3206,-0.2543,-0.1945,-0.1484,-0.1231,-0.1235,-0.1516,-0.2039,-0.2705,-0.3353,-0.3818,-0.4015,-0.3973,-0.3794,-0.3579,-0.3392,-0.3259,-0.3184,-0.316,-0.3175,-0.322
-1.4678,-1.4052,-1.3234,-1.2355,-1.1501,-1.0704,-0.9969,-0.9289,-0.8662,-0.8092,-0.7583,-0.7141,-0.6773,-0.6484,-0.628,-0.6159,-0.6099,-0.6054,-0.5993,-0.5933,-0.5899,-0.5883,-0.5849,-0.5753,-0.5556,-0.524,-0.4801,-0.4242,-0.3582,-0.2854,-0.2115,-0.1441,-0.092,-0.0636,-0.065,-0.098,-0.1587,-0.2354,-0.3098,-0.3635,-0.3873,-0.385,-0.368,-0.3472,-0.3294,-0.3173,-0.311,-0.3099,-0.3126,-0.3182
-1.4511,-1.3876,-1.3042,-1.214,-1.1262,-1.0449,-0.9709,-0.9039,-0.8434,-0.7893,-0.7416,-0.7004,-0.6663,-0.6396,-0.6214,-0.6116,-0.6081,-0.6046,-0.5968,-0.5881,-0.5834,-0.5808,-0.575,-0.5621,-0.5397,-0.5058,-0.4592,-0.3992,-0.3269,-0.2457,-0.1619,-0.0845,-0.0242,0.0089,0.0078,-0.0295,-0.098,-0.1842,-0.268,-0.3295,-0.3593,-0.3616,-0.3484,-0.3309,-0.3159,-0.3063,-0.3023,-0.3031,-0.3075,-0.3145
-1.4216,-1.3587,-1.2764,-1.1868,-1.0992,-1.0183,-0.9453,-0.8801,-0.8223,-0.7713,-0.7269,-0.6889,-0.6574,-0.6331,-0.6169,-0.6095,-0.6083,-0.6054,-0.595,-0.584,-0.5804,-0.5807,-0.5745,-0.5571,-0.5294,-0.491,-0.4397,-0.3737,-0.2931,-0.201,-0.1045,-0.0141,0.0572,0.0973,0.0978,0.0568,-0.0192,-0.1148,-0.2081,-0.2785,-0.3167,-0.3267,-0.3204,-0.3088,-0.2987,-0.2931,-0.2924,-0.2958,-0.3023,-0.311
-1.3813,-1.3203,-1.241,-1.1544,-1.0692,-0.9904,-0.9197,-0.8573,-0.8027,-0.7551,-0.714,-0.6791,-0.6504,-0.6283,-0.614,-0.6084,-0.6088,-0.6056,-0.5922,-0.5799,-0.5805,-0.5876,-0.5814,-0.5573,-0.5225,-0.4783,-0.4211,-0.3476,-0.2567,-0.151,-0.0383,0.0689,0.1548,0.2044,0.2078,0.1633,0.0793,-0.0263,-0.1301,-0.2113,-0.2604,-0.2813,-0.2849,-0.2817,-0.2785,-0.2782,-0.2816,-0.2882,-0.2973,-0.3079
-1.3331,-1.2749,-1.1999,-1.1178,-1.0368,-0.9616,-0.8943,-0.8354,-0.7842,-0.7402,-0.7026,-0.6709,-0.6449,-0.6249,-0.612,-0.6071,-0.6072,-0.6023,-0.5867,-0.5743,-0.581,-0.5977,-0.5905,-0.5575,-0.5156,-0.4659,-0.4026,-0.3206,-0.2174,-0.0953,0.0375,0.1661,0.2709,0.333,0.3403,0.2915,0.1978,0.0801,-0.0363,-0.1305,-0.1932,-0.2277,-0.2437,-0.2509,-0.256,-0.2622,-0.2705,-0.2809,-0.2927,-0.3055
-1.2803,-1.2252,-1.1552,-1.0787,-1.0028,-0.9322,-0.8692,-0.8141,-0.7668,-0.7265,-0.6924,-0.6638,-0.6403,-0.6222,-0.6101,-0.6044,-0.6021,-0.5944,-0.5774,-0.5653,-0.576,-0.6005,-0.5913,-0.5508,-0.505,-0.4521,-0.3834,-0.2923,-0.1754,-0.0339,0.1233,0.2785,0.4072,0.485,0.4966,0.4415,0.3348,0.2016,0.0695,-0.0404,-0.119,-0.169,-0.1991,-0.2182,-0.2326,-0.246,-0.2598,-0.2742,-0.289,-0.3039
-1.2256,-1.1737,-1.109,-1.0385,-0.9683,-0.9029,-0.8444,-0.7937,-0.7503,-0.7138,-0.6831,-0.6576,-0.6365,-0.6198,-0.6078,-0.6003,-0.5943,-0.5832,-0.5649,-0.5509,-0.5575,-0.5799,-0.5698,-0.5315,-0.4889,-0.436,-0.3631,-0.263,-0.1309,0.0326,0.2184,0.4058,0.5637,0.6603,0.6757,0.6109,0.4864,0.3332,0.1818,0.0538,-0.0424,-0.109,-0.1539,-0.1854,-0.2097,-0.2306,-0.25,-0.2686,-0.2865,-0.3036
-1.1713,-1.1226,-1.0631,-0.9985,-0.9342,-0.8741,-0.8204,-0.774,-0.7346,-0.7018,-0.6745,-0.6519,-0.6331,-0.6178,-0.6055,-0.5958,-0.5859,-0.5712,-0.5503,-0.5304,-0.5222,-0.5265,-0.521,-0.5001,-0.4681,-0.418,-0.342,-0.2328,-0.085,0.1025,0.3207,0.5454,0.7375,0.8551,0.8728,0.7936,0.6459,0.4682,0.2946,0.1467,0.0323,-0.0511,-0.1107,-0.1545,-0.1886,-0.2171,-0.2421,-0.2648,-0.2857,-0.3049
-1.119,-1.0734,-1.0187,-0.9598,-0.9012,-0.8464,-0.7974,-0.7551,-0.7197,-0.6904,-0.6664,-0.6467,-0.6303,-0.6163,-0.6039,-0.5922,-0.5788,-0.5604,-0.5355,-0.5068,-0.4782,-0.4579,-0.462,-0.4656,-0.4463,-0.3995,-0.3206,-0.2028,-0.0392,0.1729,0.4254,0.6907,0.9203,1.0601,1.0774,0.9791,0.8037,0.5984,0.401,0.2328,0.1006,0.0014,-0.0721,-0.1275,-0.1709,-0.2065,-0.2368,-0.2633,-0.2869,-0.308
-1.0698,-1.0271,-0.9769,-0.9232,-0.8699,-0.82,-0.7754,-0.7372,-0.7054,-0.6796,-0.6589,-0.6421,-0.628,-0.6157,-0.6037,-0.5907,-0.5746,-0.5528,-0.5234,-0.4863,-0.4423,-0.4089,-0.4203,-0.4386,-0.4272,-0.382,-0.2999,-0.174,0.0041,0.2395,0.5252,0.8306,1.0977,1.2583,1.2725,1.1521,0.9474,0.7145,0.4943,0.3074,0.1591,0.0456,-0.0403,-0.106,-0.1577,-0.1997,-0.2348,-0.2647,-0.2907,-0.3133
-1.0243,-0.9843,-0.9382,-0.8892,-0.8407,-0.7953,-0.7548,-0.7203,-0.6919,-0.6694,-0.6517,-0.6379,-0.6266,-0.6164,-0.6057,-0.5925,-0.5746,-0.5497,-0.5165,-0.4742,-0.4259,-0.3939,-0.4052,-0.4233,-0.4124,-0.3661,-0.2805,-0.1478,0.0422,0.2967,0.6101,0.9499,1.2489,1.4264,1.4357,1.2944,1.0637,0.8075,0.5684,0.3661,0.2045,0.0792,-0.0171,-0.0916,-0.1504,-0.1978,-0.2369,-0.2696,-0.2974,-0.3211
-0.9828,-0.9453,-0.9028,-0.8581,-0.8139,-0.7725,-0.7357,-0.7045,-0.6792,-0.6596,-0.645,-0.6342,-0.6259,-0.6188,-0.6105,-0.5984,-0.5795,-0.5522,-0.516,-0.4723,-0.4273,-0.4011,-0.407,-0.4164,-0.401,-0.3518,-0.263,-0.1255,0.0722,0.3389,0.6703,1.0322,1.3517,1.5393,1.5442,1.3883,1.1407,0.8697,0.6185,0.4058,0.2346,0.1004,-0.0039,-0.0854,-0.1498,-0.2015,-0.2436,-0.2784,-0.3073,-0.3317
-0.9452,-0.9101,-0.8709,-0.8299,-0.7895,-0.7518,-0.7182,-0.6899,-0.6673,-0.6503,-0.6385,-0.6308,-0.6261,-0.6228,-0.6185,-0.6089,-0.59,-0.5603,-0.5219,-0.4786,-0.4386,-0.416,-0.4145,-0.4134,-0.3916,-0.339,-0.2479,-0.1084,0.0917,0.3619,0.6978,1.0652,1.3893,1.5784,1.5815,1.4221,1.1708,0.8963,0.6414,0.4243,0.2479,0.108,-0.0019,-0.0883,-0.1567,-0.2114,-0.2555,-0.2915,-0.3209,-0.3453
-0.9115,-0.8786,-0.8424,-0.8047,-0.7677,-0.7331,-0.7024,-0.6766,-0.6562,-0.6415,-0.6322,-0.6275,-0.6266,-0.6283,-0.6296,-0.6243,-0.6059,-0.5737,-0.5327,-0.4898,-0.4531,-0.4308,-0.4219,-0.4113,-0.3834,-0.3279,-0.2361,-0.0975,0.0994,0.3635,0.69,1.045,1.3568,1.5393,1.5441,1.3931,1.1521,0.8861,0.6363,0.4208,0.2434,0.1011,-0.0119,-0.1012,-0.1719,-0.2282,-0.2731,-0.3093,-0.3384,-0.362
-0.8815,-0.8506,-0.8171,-0.7824,-0.7484,-0.7166,-0.6884,-0.6646,-0.6461,-0.6332,-0.6258,-0.6238,-0.6269,-0.6347,-0.6434,-0.6438,-0.626,-0.5904,-0.5461,-0.5027,-0.4671,-0.4431,-0.4275,-0.4092,-0.3763,-0.3188,-0.228,-0.0936,0.0951,0.3449,0.6497,0.9774,1.2635,1.4325,1.4417,1.3084,1.089,0.8413,0.604,0.3955,0.2212,0.0794,-0.0342,-0.1244,-0.1958,-0.2522,-0.2968,-0.332,-0.3599,-0.3821
-0.8548,-0.8259,-0.7948,-0.7628,-0.7315,-0.7023,-0.6762,-0.6542,-0.6371,-0.6254,-0.6193,-0.6191,-0.626,-0.6407,-0.6584,-0.6651,-0.6473,-0.6074,-0.5593,-0.5145,-0.4786,-0.4522,-0.4313,-0.4073,-0.3707,-0.3126,-0.2243,-0.0965,0.0797,0.309,0.5841,0.8751,1.1273,1.2784,1.2925,1.1815,0.9899,0.7668,0.5472,0.3498,0.1816,0.0429,-0.0691,-0.1584,-0.2287,-0.2838,-0.3266,-0.3599,-0.3856,-0.4055
-0.8312,-0.8042,-0.7753,-0.7458,-0.717,-0.69,-0.6658,-0.6455,-0.6295,-0.6185,-0.6128,-0.6134,-0.6231,-0.6445,-0.6713,-0.6835,-0.6646,-0.6205,-0.5692,-0.5232,-0.4866,-0.4582,-0.4336,-0.4059,-0.3672,-0.3096,-0.2252,-0.1059,0.0552,0.2606,0.5019,0.7527,0.9682,1.0992,1.1168,1.0277,0.8653,0.6689,0.4695,0.2856,0.1257,-0.008,-0.1167,-0.2032,-0.2709,-0.3231,-0.3629,-0.3929,-0.4155,-0.4324
-0.8104,-0.7851,-0.7583,-0.731,-0.7045,-0.6796,-0.6573,-0.6385,-0.6236,-0.613,-0.6072,-0.6074,-0.618,-0.6442,-0.6769,-0.6917,-0.672,-0.6259,-0.5733,-0.527,-0.4903,-0.4612,-0.4348,-0.4053,-0.366,-0.31,-0.2306,-0.1209,0.0239,0.2043,0.4115,0.6228,0.8026,0.9131,0.9317,0.8611,0.725,0.5541,0.3749,0.2052,0.0547,-0.0727,-0.1766,-0.2589,-0.3224,-0.3702,-0.4055,-0.4312,-0.4495,-0.4624
-0.792,-0.7683,-0.7435,-0.7184,-0.6939,-0.6711,-0.6506,-0.6332,-0.6194,-0.6095,-0.6036,-0.603,-0.6128,-0.639,-0.6713,-0.6853,-0.6663,-0.6216,-0.5702,-0.525,-0.4894,-0.461,-0.4348,-0.4054,-0.3669,-0.3136,-0.2398,-0.1403,-0.0119,0.1442,0.3194,0.4945,0.6417,0.7325,0.7491,0.692,0.5773,0.4284,0.2673,0.111,-0.0301,-0.1505,-0.2486,-0.3253,-0.383,-0.4249,-0.4544,-0.4743,-0.4874,-0.4956
-0.7758,-0.7537,-0.7306,-0.7075,-0.685,-0.6641,-0.6453,-0.6295,-0.6169,-0.6079,-0.6026,-0.6019,-0.6099,-0.6311,-0.6567,-0.6669,-0.6493,-0.6083,-0.5599,-0.5169,-0.4837,-0.4577,-0.4337,-0.4061,-0.3697,-0.3199,-0.2521,-0.1627,-0.0501,0.0836,0.2299,0.3732,0.4918,0.5641,0.5763,0.5274,0.4283,0.2964,0.1502,0.0053,-0.1272,-0.2406,-0.3321,-0.4019,-0.4524,-0.4869,-0.509,-0.5221,-0.5289,-0.5315
-0.7615,-0.7408,-0.7195,-0.6982,-0.6776,-0.6584,-0.6414,-0.627,-0.6158,-0.6079,-0.6036,-0.6032,-0.6091,-0.6231,-0.6391,-0.6434,-0.626,-0.5885,-0.5433,-0.503,-0.4732,-0.4514,-0.4314,-0.4071,-0.374,-0.3281,-0.2665,-0.1869,-0.0889,0.0246,0.1458,0.2617,0.3555,0.4108,0.4166,0.3713,0.282,0.1619,0.0265,-0.1097,-0.2351,-0.3418,-0.4262,-0.488,-0.5299,-0.5555,-0.569,-0.574,-0.5735,-0.5697
-0.7488,-0.7296,-0.7098,-0.6902,-0.6713,-0.6538,-0.6383,-0.6253,-0.6154,-0.6086,-0.6051,-0.6049,-0.6084,-0.6156,-0.6224,-0.6201,-0.601,-0.5651,-0.5221,-0.4844,-0.4588,-0.4426,-0.4281,-0.4083,-0.379,-0.3375,-0.2821,-0.2117,-0.127,-0.0313,0.0683,0.1609,0.2334,0.2731,0.2712,0.2256,0.141,0.0277,-0.1012,-0.2318,-0.3519,-0.4527,-0.5297,-0.5827,-0.6146,-0.6298,-0.6333,-0.6292,-0.6205,-0.6097
-0.7376,-0.7196,-0.7013,-0.6832,-0.6659,-0.6499,-0.6358,-0.6241,-0.6152,-0.6092,-0.6061,-0.6053,-0.6063,-0.608,-0.6075,-0.599,-0.5769,-0.5409,-0.4988,-0.4632,-0.4422,-0.4324,-0.4242,-0.4094,-0.3843,-0.3473,-0.2979,-0.2361,-0.1634,-0.0833,-0.0023,0.0707,0.1249,0.1502,0.1397,0.0908,0.0068,-0.1043,-0.2306,-0.3587,-0.4757,-0.5715,-0.641,-0.6843,-0.7049,-0.7086,-0.701,-0.6867,-0.6693,-0.6509
-0.7276,-0.7108,-0.6939,-0.6772,-0.6612,-0.6466,-0.6337,-0.623,-0.6148,-0.6092,-0.6058,-0.6039,-0.6025,-0.6,-0.594,-0.5804,-0.5553,-0.5183,-0.4765,-0.4427,-0.426,-0.4224,-0.4202,-0.4103,-0.3893,-0.3569,-0.3132,-0.2594,-0.1974,-0.131,-0.0659,-0.0098,0.0286,0.041,0.0212,-0.033,-0.1197,-0.2322,-0.3596,-0.4881,-0.6039,-0.6956,-0.7577,-0.7905,-0.7991,-0.7901,-0.7705,-0.7454,-0.7187,-0.6925
-0.7186,-0.703,-0.6872,-0.6718,-0.6571,-0.6435,-0.6317,-0.6217,-0.614,-0.6083,-0.6043,-0.6011,-0.5974,-0.5917,-0.5816,-0.5644,-0.537,-0.4996,-0.4586,-0.4267,-0.4134,-0.4145,-0.4168,-0.411,-0.3939,-0.3658,-0.3277,-0.2812,-0.2289,-0.1744,-0.123,-0.0812,-0.0566,-0.0561,-0.0851,-0.1461,-0.2378,-0.3545,-0.4856,-0.617,-0.7333,-0.8219,-0.8766,-0.8986,-0.8943,-0.8722,-0.8401,-0.804,-0.7678,-0.7337
-0.7106,-0.696,-0.6813,-0.6669,-0.6533,-0.6407,-0.6296,-0.6202,-0.6127,-0.6067,-0.6019,-0.5973,-0.5916,-0.5834,-0.5706,-0.551,-0.5225,-0.4859,-0.4471,-0.4178,-0.4068,-0.4101,-0.4148,-0.4118,-0.3979,-0.3738,-0.3409,-0.3014,-0.2577,-0.2137,-0.1741,-0.1447,-0.1321,-0.1424,-0.1804,-0.2488,-0.3469,-0.4695,-0.6062,-0.7421,-0.8601,-0.9462,-0.9938,-1.0049,-0.9877,-0.9523,-0.9078,-0.8607,-0.8153,-0.7735
-0.7033,-0.6896,-0.6759,-0.6625,-0.6498,-0.638,-0.6275,-0.6185,-0.6109,-0.6045,-0.5989,-0.5929,-0.5856,-0.5755,-0.5609,-0.5402,-0.512,-0.4775,-0.4422,-0.4161,-0.4064,-0.4096,-0.4146,-0.4128,-0.4015,-0.381,-0.353,-0.3197,-0.2839,-0.2491,-0.2198,-0.2012,-0.199,-0.2189,-0.2654,-0.3413,-0.4462,-0.5754,-0.7184,-0.8593,-0.9795,-1.0636,-1.1045,-1.1053,-1.0757,-1.0277,-0.9715,-0.9141,-0.86,-0.811
