docs/data/wind_grid.json
[{"header":{"la1":42.85,"la2":41.18,"lo1":11.55,"lo2":14.05,"nx":36,"ny":24,"dx":0.07143,"dy":0.07261,"parameterCategory":2,"parameterNumber":2,"parameterNumberName":"eastward_wind","parameterUnit":"m.s-1"},"data":[1.097,1.1366,1.1802,1.2271,1.2756,1.3225,1.3642,1.3972,1.4207,1.4383,1.4581,1.4898,1.5406,1.6095,1.6825,1.7335,1.7363,1.6839,1.5917,1.4832,1.3762,1.2797,1.1962,1.1249,1.0643,1.0124,0.9674,0.9281,0.8934,0.8623,0.8344,0.8093,0.7864,0.7657,0.747,0.7301,1.1031,1.1487,1.2008,1.259,1.3216,1.3842,1.44,1.4812,1.5036,1.5122,1.5217,1.5516,1.6188,1.7282,1.8606,1.9634,1.9767,1.887,1.7363,1.5744,1.4287,1.3072,1.2082,1.1276,1.0613,1.0059,0.9587,0.9178,0.882,0.8501,0.8215,0.7957,0.7723,0.7512,0.7321,0.715,1.1049,1.1569,1.2187,1.2914,1.3741,1.462,1.5436,1.6017,1.6223,1.6101,1.5926,1.6071,1.6874,1.8538,2.0894,2.2958,2.3257,2.1547,1.8996,1.6601,1.468,1.3212,1.2088,1.1213,1.0513,0.9938,0.9455,0.9039,0.8675,0.8351,0.806,0.7797,0.756,0.7345,0.7151,0.6978,1.1007,1.1583,1.2301,1.3197,1.4296,1.5575,1.688,1.7856,1.8079,1.7526,1.6754,1.6475,1.7237,1.9477,2.3295,2.7164,2.7681,2.443,2.0356,1.7095,1.4772,1.313,1.1938,1.1038,1.0332,0.9759,0.9278,0.8864,0.8499,0.8174,0.788,0.7614,0.7372,0.7154,0.6958,0.6784,1.0882,1.1495,1.2293,1.3352,1.4769,1.6623,1.8824,2.0746,2.1171,1.9717,1.774,1.6628,1.7008,1.9356,2.4113,2.9641,3.0338,2.5609,2.0473,1.6816,1.44,1.2767,1.161,1.0747,1.0073,0.9523,0.9058,0.8654,0.8295,0.797,0.7674,0.7405,0.7159,0.6937,0.6739,0.6564,1.0657,1.1269,1.2095,1.3252,1.4929,1.7412,2.0955,2.49,2.6109,2.2762,1.8663,1.639,1.609,1.7739,2.1503,2.6008,2.6695,2.2905,1.8667,1.5598,1.3544,1.2137,1.1125,1.0359,0.9748,0.9241,0.8804,0.8416,0.8064,0.7742,0.7443,0.7169,0.6918,0.6691,0.6489,0.6314,1.0326,1.0886,1.1659,1.2775,1.4477,1.7222,2.1756,2.8114,3.0744,2.4721,1.8547,1.552,1.4671,1.5329,1.7171,1.9268,1.9705,1.8028,1.5742,1.3821,1.2395,1.1344,1.0544,0.991,0.9384,0.8931,0.8527,0.8158,0.7814,0.7491,0.7187,0.6904,0.6645,0.6411,0.6205,0.6029,0.9897,1.0356,1.0986,1.1895,1.3281,1.5519,1.9215,2.4386,2.635,2.1273,1.6392,1.3959,1.3081,1.3133,1.374,1.4438,1.4614,1.4043,1.3074,1.2089,1.1238,1.0535,0.9949,0.945,0.901,0.8612,0.8241,0.7888,0.7548,0.722,0.6905,0.6608,0.6334,0.6089,0.5877,0.5701,0.9398,0.972,1.0146,1.0734,1.1583,1.2846,1.4642,1.6543,1.6911,1.5277,1.3445,1.2234,1.1684,1.1589,1.1711,1.1858,1.186,1.1635,1.1234,1.076,1.0282,0.983,0.9412,0.9024,0.8659,0.8308,0.7962,0.7618,0.7273,0.693,0.6593,0.6273,0.5977,0.5716,0.5496,0.5319,0.8868,0.9042,0.9247,0.9494,0.9803,1.0216,1.0801,1.158,1.2317,1.2395,1.1635,1.0968,1.0769,1.081,1.0796,1.0673,1.0523,1.0368,1.0173,0.9913,0.9609,0.9293,0.8979,0.8668,0.8355,0.8035,0.7703,0.7356,0.6994,0.6621,0.6248,0.5889,0.556,0.5275,0.5043,0.4869,0.8345,0.8384,0.8393,0.835,0.8225,0.8019,0.7919,0.8753,1.1938,1.3379,1.0976,1.0176,1.0462,1.0959,1.0846,1.0311,0.9945,0.9862,0.9775,0.9524,0.922,0.8939,0.8674,0.8404,0.8119,0.7812,0.7479,0.7113,0.6715,0.6291,0.5857,0.5438,0.5058,0.474,0.4496,0.433,0.7863,0.7794,0.7658,0.7411,0.6985,0.6294,0.5329,0.4893,0.827,1.0976,0.9597,0.9472,1.0627,1.245,1.1828,1.0282,0.9695,1.0121,1.0177,0.9553,0.9057,0.8756,0.851,0.8252,0.7967,0.7654,0.7302,0.69,0.6441,0.5934,0.5405,0.4891,0.4436,0.4073,0.3819,0.3673,0.744,0.73,0.7078,0.6727,0.617,0.5277,0.388,0.2313,0.3817,0.6783,0.7881,0.8787,0.9947,1.2948,1.2129,0.968,0.9259,1.1269,1.1307,0.9659,0.9001,0.8767,0.8538,0.8243,0.7918,0.7577,0.7193,0.6735,0.6182,0.5543,0.4861,0.4201,0.3633,0.3212,0.2958,0.2858,0.7083,0.6905,0.665,0.6284,0.5756,0.5002,0.4005,0.3083,0.3722,0.5412,0.6544,0.8538,0.9184,0.8181,0.8749,0.7866,0.7602,0.9474,0.9959,0.9122,0.9152,0.9226,0.8897,0.8416,0.7983,0.76,0.7184,0.6651,0.5955,0.5109,0.418,0.3284,0.255,0.2062,0.1839,0.1838,0.6787,0.6595,0.6341,0.6008,0.558,0.5059,0.4514,0.4171,0.4266,0.4289,0.4166,0.5069,0.6027,0.523,0.6458,0.5893,0.5193,0.6387,0.7418,0.8698,1.0629,1.0916,0.9771,0.8747,0.8141,0.7755,0.734,0.6717,0.5804,0.462,0.3282,0.2004,0.1021,0.0477,0.0362,0.0559,0.6544,0.6351,0.6111,0.582,0.5477,0.5099,0.4725,0.4383,0.3904,0.2684,0.0229,0.1484,0.2868,0.4344,0.4739,0.4833,0.4822,0.4637,0.5326,0.91,1.5345,1.4411,1.0806,0.8987,0.8346,0.8131,0.7811,0.707,0.5807,0.4069,0.2045,0.0126,-0.122,-0.1751,-0.1585,-0.1012,0.634,0.6152,0.5928,0.5667,0.5372,0.5047,0.469,0.425,0.3553,0.2254,0.0431,0.1253,0.0937,0.0507,0.2449,0.2839,0.2574,0.1122,0.0689,0.6388,1.5691,1.4422,1.0332,0.8752,0.8645,0.8991,0.8908,0.7935,0.6086,0.3462,0.0295,-0.2705,-0.4548,-0.4844,-0.4053,-0.2833,0.6169,0.5986,0.5774,0.5533,0.526,0.4953,0.4596,0.4145,0.3532,0.2737,0.2038,0.1671,0.0407,-0.0099,0.003,-0.0475,-0.0428,-0.3989,-0.8212,-0.058,0.6497,0.8548,0.8064,0.8151,0.9306,1.083,1.1104,0.9512,0.6717,0.2851,-0.2055,-0.6788,-0.9202,-0.876,-0.6832,-0.4683,0.6023,0.5846,0.5643,0.5414,0.5156,0.4862,0.452,0.411,0.3618,0.3069,0.2534,0.196,0.1129,-0.0157,-0.3881,-0.5438,-0.229,-0.3948,-0.6107,-0.2302,0.1507,0.4387,0.5955,0.7576,1.0253,1.3647,1.4297,1.1318,0.7477,0.2439,-0.4449,-1.135,-1.4185,-1.2479,-0.9164,-0.6096,0.5899,0.5727,0.5532,0.5314,0.5068,0.479,0.4473,0.4107,0.3693,0.3238,0.2741,0.214,0.1265,-0.0364,-0.3418,-0.4387,-0.2153,-0.202,-0.2732,-0.2905,-0.0161,0.2502,0.4457,0.6741,1.009,1.4087,1.4855,1.1507,0.7881,0.2622,-0.5111,-1.3042,-1.601,-1.3722,-0.989,-0.6528,0.5794,0.5627,0.544,0.5232,0.4999,0.4739,0.4446,0.4118,0.3752,0.3345,0.288,0.2308,0.1524,0.0387,-0.0925,-0.138,-0.0934,-0.0941,-0.1548,-0.1524,0.0078,0.1524,0.2818,0.5158,0.8404,1.0963,1.1331,1.0566,0.8073,0.3497,-0.3113,-0.9738,-1.2646,-1.1405,-0.8558,-0.5799,0.5705,0.5544,0.5365,0.5167,0.4948,0.4705,0.4437,0.4139,0.3809,0.3442,0.3023,0.2526,0.1918,0.1207,0.055,0.0216,0.0168,0.0076,-0.0089,0.0058,0.0419,0.0052,0.0166,0.2869,0.6614,0.9628,1.1108,1.0442,0.8071,0.4396,-0.0329,-0.4882,-0.7403,-0.7424,-0.6027,-0.4279,0.5631,0.5476,0.5306,0.5119,0.4913,0.4688,0.4441,0.4171,0.3874,0.3547,0.3182,0.2771,0.2314,0.1842,0.1431,0.1161,0.1018,0.0922,0.0855,0.0805,0.0367,-0.1108,-0.16,0.1297,0.5075,0.801,0.9457,0.9084,0.7359,0.4767,0.1657,-0.1296,-0.3242,-0.384,-0.3429,-0.2538,0.5571,0.5423,0.5261,0.5085,0.4893,0.4685,0.4458,0.4213,0.3948,0.366,0.3349,0.3014,0.2664,0.2324,0.203,0.1811,0.1665,0.1565,0.1477,0.1305,0.08,-0.0103,-0.0166,0.1685,0.4251,0.6332,0.7415,0.7361,0.6365,0.4727,0.2756,0.0852,-0.0559,-0.1258,-0.1316,-0.096]},{"header":{"la1":42.85,"la2":41.18,"lo1":11.55,"lo2":14.05,"nx":36,"ny":24,"dx":0.07143,"dy":0.07261,"parameterCategory":2,"parameterNumber":3,"parameterNumberName":"northward_wind","parameterUnit":"m.s-1"},"data":[3.9115,3.917,3.9221,3.9266,3.9303,3.9331,3.935,3.9357,3.9354,3.9345,3.9335,3.9332,3.9343,3.9368,3.9394,3.9393,3.9328,3.9185,3.8975,3.8724,3.8457,3.8187,3.7922,3.7664,3.7415,3.7174,3.6944,3.6724,3.6515,3.6318,3.6134,3.5963,3.5805,3.5661,3.5531,3.5414,3.9197,3.9261,3.9321,3.9374,3.9419,3.9454,3.9476,3.9485,3.9482,3.947,3.9458,3.9459,3.9489,3.9557,3.965,3.9712,3.9667,3.9486,3.9205,3.8882,3.8555,3.8239,3.7938,3.7651,3.7377,3.7115,3.6865,3.6628,3.6405,3.6195,3.5999,3.5819,3.5654,3.5504,3.537,3.5252,3.9281,3.9354,3.9424,3.9486,3.954,3.9582,3.9609,3.962,3.9615,3.9597,3.9577,3.9576,3.9623,3.9748,3.995,4.0133,4.0123,3.9859,3.9455,3.903,3.8633,3.8268,3.7932,3.7616,3.7318,3.7034,3.6765,3.6511,3.6271,3.6048,3.5841,3.5651,3.5479,3.5325,3.5189,3.5069,3.9364,3.9449,3.9529,3.9603,3.9665,3.9713,3.9744,3.9756,3.9749,3.9724,3.9692,3.9678,3.9727,3.9902,4.0246,4.0628,4.0665,4.0243,3.9664,3.9127,3.8666,3.8261,3.7895,3.7554,3.7233,3.6928,3.664,3.6367,3.6111,3.5874,3.5656,3.5457,3.5278,3.512,3.4982,3.4863,3.9446,3.9544,3.9638,3.9723,3.9795,3.9846,3.9871,3.9875,3.9866,3.9844,3.9803,3.9764,3.9784,3.9952,4.0364,4.0906,4.0975,4.0407,3.971,3.912,3.8632,3.8208,3.7823,3.7462,3.712,3.6794,3.6484,3.6193,3.5921,3.5669,3.5439,3.5232,3.5047,3.4886,3.4748,3.4631,3.9526,3.9639,3.9748,3.9849,3.993,3.9979,3.9978,3.9934,3.9912,3.9934,3.9915,3.9848,3.9805,3.9878,4.0153,4.0546,4.0585,4.0116,3.9521,3.8991,3.8531,3.8111,3.7716,3.7338,3.6974,3.6626,3.6295,3.5984,3.5694,3.5428,3.5186,3.4971,3.4782,3.4619,3.4482,3.4369,3.9602,3.9732,3.9862,3.9984,4.0084,4.0134,4.0091,3.9931,3.985,4.0006,4.0058,3.9952,3.9821,3.9762,3.9816,3.9923,3.9885,3.961,3.9217,3.8804,3.8393,3.7985,3.7581,3.7182,3.6794,3.6421,3.6067,3.5734,3.5426,3.5144,3.4891,3.4668,3.4475,3.4313,3.4179,3.4074,3.967,3.9821,3.9978,4.0132,4.027,4.0361,4.0347,4.0179,4.0095,4.0311,4.0329,4.0108,3.9857,3.9682,3.9591,3.9537,3.9444,3.9258,3.8984,3.8647,3.8263,3.785,3.7423,3.6995,3.6576,3.6173,3.5792,3.5436,3.5108,3.4811,3.4547,3.4317,3.4122,3.3962,3.3836,3.3741,3.9726,3.9901,4.0089,4.0289,4.0491,4.068,4.0835,4.0958,4.1118,4.1185,4.0847,4.0319,3.9895,3.9637,3.949,3.9391,3.9288,3.9138,3.8906,3.8581,3.8175,3.7719,3.7243,3.677,3.631,3.5873,3.5461,3.5079,3.4731,3.4418,3.4144,3.3909,3.3714,3.356,3.3444,3.3365,3.9765,3.9962,4.0185,4.0437,4.072,4.1035,4.1403,4.1927,4.2715,4.2846,4.1649,4.0503,3.9875,3.9597,3.9467,3.9385,3.9322,3.9227,3.9014,3.8639,3.8141,3.7587,3.7029,3.6491,3.5983,3.5506,3.5062,3.4654,3.4284,3.3956,3.3672,3.3434,3.3242,3.3097,3.2998,3.294,3.9777,3.9993,4.0247,4.0549,4.0912,4.1344,4.1851,4.2567,4.4397,4.532,4.2307,4.0431,3.9741,3.9589,3.9517,3.946,3.9504,3.9564,3.9385,3.8857,3.8145,3.7416,3.6741,3.613,3.5572,3.5055,3.4578,3.4143,3.3753,3.3411,3.312,3.2881,3.2695,3.2565,3.2488,3.2459,3.9757,3.9983,4.0256,4.0593,4.102,4.1557,4.2174,4.2662,4.337,4.3821,4.1509,3.9942,3.9531,3.9819,3.9694,3.9559,3.9838,4.0345,4.0231,3.9238,3.8097,3.7113,3.6312,3.5643,3.5048,3.4499,3.399,3.353,3.3122,3.277,3.2473,3.2236,3.206,3.195,3.1903,3.1915,3.9699,3.9922,4.0194,4.0537,4.0984,4.1578,4.2332,4.2977,4.2585,4.1552,4.0187,3.9369,3.9096,3.9834,3.967,3.9611,4.0295,4.1481,4.1375,3.9438,3.7719,3.6489,3.5639,3.4982,3.4387,3.3813,3.3274,3.279,3.2372,3.2016,3.1718,3.1483,3.132,3.1236,3.1233,3.13,3.9603,3.9808,4.0056,4.0364,4.0759,4.1275,4.1912,4.2474,4.1982,4.0387,3.9207,3.9195,3.901,3.5634,3.8346,4.0068,4.1342,4.1174,4.059,3.8563,3.6528,3.5263,3.4617,3.4125,3.3574,3.2972,3.2395,3.1895,3.1482,3.1135,3.0841,3.0606,3.0453,3.0403,3.0459,3.0605,3.9473,3.9648,3.9852,4.0092,4.0375,4.0695,4.0991,4.1027,4.0316,3.8951,3.7941,3.7841,3.732,3.6119,3.8108,4.2155,4.5788,4.1784,3.918,3.6579,3.3969,3.31,3.3245,3.3129,3.2617,3.1934,3.1294,3.08,3.0432,3.0125,2.9837,2.9586,2.9431,2.9423,2.9567,2.9825,3.9318,3.9456,3.9607,3.9767,3.9924,4.0045,4.0045,3.9753,3.8956,3.7581,3.584,3.6834,3.7189,3.7372,3.8493,4.1539,4.4063,4.0931,3.7979,3.4316,2.9795,3.0218,3.1929,3.2164,3.1506,3.0595,2.9862,2.9443,2.9217,2.9003,2.8714,2.8402,2.8214,2.8262,2.8542,2.8968,3.9148,3.9249,3.9348,3.9437,3.9494,3.9484,3.9342,3.8975,3.8294,3.7243,3.6037,3.6736,3.7614,3.7929,3.8352,3.9323,3.9817,3.8913,3.7508,3.4308,2.9285,2.9872,3.1517,3.1345,3.0127,2.8735,2.7908,2.7763,2.7872,2.7839,2.7515,2.7039,2.6756,2.6899,2.74,2.8068,3.8973,3.9041,3.9098,3.9133,3.9129,3.9057,3.8881,3.8566,3.8103,3.7559,3.7199,3.737,3.7807,3.7963,3.8101,3.8293,3.8365,3.8365,3.8755,3.6351,3.3361,3.2201,3.1761,3.0496,2.8309,2.6065,2.5232,2.5796,2.6525,2.6765,2.6342,2.5532,2.5077,2.5402,2.6245,2.7222,3.8799,3.8841,3.8867,3.8868,3.8831,3.8741,3.8581,3.8344,3.8052,3.7768,3.7603,3.7629,3.7763,3.7875,3.7977,3.8001,3.7851,3.7869,3.7981,3.6419,3.486,3.3239,3.1671,2.9553,2.6419,2.2991,2.2271,2.4033,2.544,2.5953,2.5411,2.4167,2.3526,2.412,2.534,2.6599,3.8633,3.8653,3.8658,3.8639,3.8589,3.85,3.8366,3.8193,3.8,3.7826,3.7715,3.7686,3.7713,3.7766,3.7862,3.7858,3.7477,3.697,3.623,3.5953,3.4889,3.2996,3.1076,2.8844,2.5738,2.2355,2.1699,2.3468,2.4835,2.5508,2.5042,2.3693,2.3004,2.3703,2.5039,2.6373,3.8474,3.848,3.847,3.8441,3.8386,3.8303,3.8193,3.806,3.792,3.7792,3.7694,3.7633,3.7599,3.7576,3.7544,3.7396,3.6996,3.6424,3.5887,3.5406,3.3863,3.1575,2.9842,2.8363,2.6121,2.3802,2.273,2.3234,2.4513,2.5392,2.5291,2.4413,2.3896,2.4382,2.5444,2.659,3.8325,3.832,3.83,3.8264,3.8209,3.8132,3.8037,3.7928,3.7813,3.7702,3.7602,3.7514,3.7429,3.7331,3.7189,3.6936,3.6509,3.5917,3.5191,3.4066,3.1813,2.8798,2.766,2.7774,2.6486,2.4084,2.2193,2.2923,2.4524,2.557,2.5829,2.5525,2.5291,2.557,2.6265,2.7113,3.8184,3.8171,3.8144,3.8104,3.8048,3.7976,3.7889,3.7791,3.7686,3.7578,3.7469,3.7355,3.7228,3.707,3.6852,3.6529,3.6056,3.5393,3.4447,3.2915,3.0276,2.6981,2.6228,2.7403,2.7017,2.5335,2.4,2.4226,2.5245,2.6082,2.6463,2.6497,2.6492,2.6702,2.7157,2.7753,3.8051,3.8031,3.7999,3.7955,3.7898,3.7828,3.7745,3.7651,3.7547,3.7436,3.7314,3.7178,3.7017,3.6815,3.6547,3.6178,3.5669,3.4962,3.3957,3.2464,3.0337,2.8143,2.7447,2.7906,2.7732,2.6826,2.6033,2.5937,2.6355,2.6842,2.7163,2.7317,2.7429,2.7628,2.7956,2.8387]}]