docs/data/wind_grid.json
[{"header":{"la1":42.85,"la2":41.18,"lo1":11.55,"lo2":14.05,"nx":36,"ny":24,"dx":0.07143,"dy":0.07261,"parameterCategory":2,"parameterNumber":2,"parameterNumberName":"eastward_wind","parameterUnit":"m.s-1"},"data":[-0.6771,-0.686,-0.6957,-0.706,-0.7165,-0.7261,-0.7337,-0.7379,-0.7382,-0.735,-0.7305,-0.727,-0.727,-0.7318,-0.7419,-0.7564,-0.7732,-0.7891,-0.8009,-0.8059,-0.8031,-0.7936,-0.7793,-0.7623,-0.7446,-0.7272,-0.7107,-0.6956,-0.6819,-0.6696,-0.6586,-0.6487,-0.6399,-0.632,-0.625,-0.6186,-0.6809,-0.6914,-0.7034,-0.7169,-0.7313,-0.7454,-0.757,-0.7634,-0.7627,-0.7555,-0.7452,-0.7365,-0.7334,-0.7384,-0.752,-0.7732,-0.7989,-0.8241,-0.8427,-0.8498,-0.8444,-0.8288,-0.8072,-0.7834,-0.7598,-0.7377,-0.7178,-0.7001,-0.6845,-0.6707,-0.6586,-0.648,-0.6386,-0.6304,-0.623,-0.6165,-0.684,-0.6963,-0.711,-0.7285,-0.7487,-0.7703,-0.7898,-0.8016,-0.8002,-0.7856,-0.7645,-0.7462,-0.7377,-0.7422,-0.7606,-0.7919,-0.832,-0.8729,-0.903,-0.9129,-0.901,-0.874,-0.8405,-0.8065,-0.7752,-0.7476,-0.7238,-0.7033,-0.6858,-0.6707,-0.6577,-0.6464,-0.6366,-0.628,-0.6204,-0.6137,-0.6862,-0.7001,-0.7175,-0.7397,-0.7677,-0.8013,-0.8363,-0.8611,-0.8608,-0.8321,-0.7904,-0.7551,-0.7374,-0.7406,-0.7654,-0.8111,-0.8741,-0.9427,-0.9939,-1.0063,-0.9792,-0.9306,-0.8779,-0.83,-0.7893,-0.7556,-0.7277,-0.7047,-0.6854,-0.6692,-0.6555,-0.6437,-0.6335,-0.6247,-0.6171,-0.6104,-0.6869,-0.7019,-0.7215,-0.748,-0.785,-0.8358,-0.8991,-0.9555,-0.9632,-0.9053,-0.8228,-0.7595,-0.7288,-0.7301,-0.7622,-0.8265,-0.9235,-1.0406,-1.1325,-1.145,-1.0828,-0.9952,-0.9147,-0.85,-0.7995,-0.76,-0.7287,-0.7035,-0.683,-0.666,-0.6518,-0.6398,-0.6295,-0.6206,-0.613,-0.6063,-0.6858,-0.701,-0.7214,-0.7502,-0.7937,-0.8626,-0.968,-1.0919,-1.1284,-1.007,-0.8508,-0.7499,-0.7061,-0.7062,-0.7455,-0.8283,-0.9659,-1.1567,-1.3228,-1.3273,-1.1963,-1.0521,-0.9409,-0.8609,-0.8026,-0.7591,-0.7256,-0.6993,-0.6782,-0.661,-0.6467,-0.6347,-0.6244,-0.6156,-0.6081,-0.6015,-0.683,-0.6975,-0.7165,-0.7436,-0.786,-0.8595,-0.9933,-1.1975,-1.2859,-1.0687,-0.8347,-0.7107,-0.6632,-0.6652,-0.7097,-0.8034,-0.9659,-1.2155,-1.4596,-1.4516,-1.2527,-1.0694,-0.943,-0.857,-0.7963,-0.7517,-0.7179,-0.6916,-0.6708,-0.654,-0.64,-0.6283,-0.6183,-0.6097,-0.6023,-0.596,-0.679,-0.692,-0.7081,-0.7294,-0.7607,-0.813,-0.9101,-1.0656,-1.124,-0.9235,-0.7292,-0.633,-0.5983,-0.6055,-0.6533,-0.7476,-0.8996,-1.1173,-1.326,-1.3324,-1.1781,-1.0265,-0.9159,-0.8373,-0.7802,-0.7377,-0.7055,-0.6807,-0.6611,-0.6452,-0.632,-0.6208,-0.6112,-0.6029,-0.5958,-0.5897,-0.6746,-0.686,-0.6991,-0.7138,-0.7303,-0.7486,-0.7683,-0.7777,-0.731,-0.6313,-0.5645,-0.5319,-0.5167,-0.5273,-0.5782,-0.6752,-0.8106,-0.9625,-1.0823,-1.1059,-1.0421,-0.9528,-0.8716,-0.8063,-0.7561,-0.718,-0.6891,-0.6669,-0.6493,-0.635,-0.6228,-0.6124,-0.6032,-0.5953,-0.5884,-0.5826,-0.6703,-0.6811,-0.6928,-0.7045,-0.7134,-0.7122,-0.6829,-0.5897,-0.4168,-0.3322,-0.4017,-0.4358,-0.4248,-0.4247,-0.4812,-0.6034,-0.7634,-0.9111,-0.9971,-1.0071,-0.9622,-0.8945,-0.8271,-0.7705,-0.7267,-0.694,-0.6696,-0.6511,-0.6364,-0.624,-0.6131,-0.6033,-0.5945,-0.5868,-0.5801,-0.5746,-0.6664,-0.6776,-0.6904,-0.7048,-0.7192,-0.728,-0.7098,-0.5839,-0.1799,0.0064,-0.2959,-0.3709,-0.3223,-0.2743,-0.3431,-0.5364,-0.7946,-1.0306,-1.1221,-1.0654,-0.9603,-0.8629,-0.7867,-0.7313,-0.6929,-0.6666,-0.6483,-0.6346,-0.6233,-0.6131,-0.6032,-0.5938,-0.585,-0.5772,-0.5707,-0.5654,-0.6623,-0.6746,-0.6901,-0.7106,-0.7394,-0.7819,-0.8417,-0.8579,-0.5107,-0.2281,-0.358,-0.3505,-0.2214,-0.0265,-0.1548,-0.4861,-0.9341,-1.4366,-1.5297,-1.2463,-0.9926,-0.8332,-0.7388,-0.6844,-0.6539,-0.6369,-0.6268,-0.6193,-0.6118,-0.6034,-0.594,-0.5841,-0.5747,-0.5664,-0.5597,-0.5548,-0.6574,-0.6704,-0.688,-0.7134,-0.7532,-0.8211,-0.9397,-1.088,-0.9305,-0.5998,-0.4553,-0.3619,-0.2477,0.0246,-0.1128,-0.5265,-1.1139,-2.1006,-2.1136,-1.3825,-0.9643,-0.7596,-0.6639,-0.6232,-0.6092,-0.607,-0.6081,-0.608,-0.6043,-0.5967,-0.586,-0.5741,-0.5628,-0.5533,-0.5464,-0.542,-0.6508,-0.6635,-0.6809,-0.7061,-0.7449,-0.8068,-0.8999,-0.9957,-0.9051,-0.6524,-0.4938,-0.3675,-0.3262,-0.3016,-0.3786,-0.72,-1.1499,-1.6611,-1.6975,-1.1515,-0.774,-0.6008,-0.5476,-0.546,-0.5622,-0.582,-0.5978,-0.6056,-0.604,-0.5945,-0.5796,-0.5629,-0.5477,-0.5363,-0.5294,-0.5262,-0.6423,-0.6534,-0.6683,-0.6887,-0.717,-0.7548,-0.796,-0.8084,-0.7332,-0.6083,-0.5336,-0.498,-0.4593,-0.4926,-0.5481,-1.0658,-1.5677,-1.2059,-1.0043,-0.6997,-0.4232,-0.3472,-0.3963,-0.4632,-0.5233,-0.5721,-0.605,-0.619,-0.6155,-0.5985,-0.5738,-0.5478,-0.5263,-0.5125,-0.5066,-0.5063,-0.6321,-0.6409,-0.6519,-0.6655,-0.6816,-0.6977,-0.7055,-0.6888,-0.6369,-0.5728,-0.5301,-0.649,-0.6094,-0.5592,-0.6306,-0.9866,-1.3211,-0.9193,-0.5904,-0.3145,-0.0209,-0.067,-0.2577,-0.4012,-0.511,-0.5942,-0.6441,-0.6583,-0.6436,-0.6096,-0.5658,-0.5233,-0.4922,-0.4771,-0.4753,-0.4811,-0.6209,-0.6271,-0.6341,-0.6417,-0.6486,-0.6521,-0.6473,-0.6289,-0.5976,-0.5645,-0.5406,-0.6013,-0.7196,-0.7625,-0.6212,-0.6438,-0.6433,-0.4,-0.1649,-0.0993,0.0454,-0.0127,-0.2109,-0.3884,-0.547,-0.6729,-0.7365,-0.7356,-0.6929,-0.6267,-0.5498,-0.4797,-0.4361,-0.4244,-0.4338,-0.4511,-0.6094,-0.6131,-0.6168,-0.6199,-0.6213,-0.6191,-0.6114,-0.5973,-0.5798,-0.5665,-0.5689,-0.608,-0.7288,-0.7367,-0.4793,-0.3575,-0.2822,0.0514,0.334,0.1086,-0.0057,-0.0881,-0.2302,-0.4208,-0.6424,-0.8355,-0.9044,-0.8561,-0.7622,-0.6473,-0.5191,-0.4061,-0.3496,-0.3532,-0.385,-0.4197,-0.5981,-0.5997,-0.6009,-0.601,-0.5993,-0.5948,-0.587,-0.5764,-0.5652,-0.5575,-0.5578,-0.5682,-0.573,-0.476,-0.1717,-0.0607,-0.125,0.1187,0.3194,0.3074,0.1267,-0.0514,-0.2239,-0.4532,-0.7598,-1.0555,-1.1162,-0.9865,-0.8379,-0.6716,-0.4815,-0.3145,-0.2502,-0.2823,-0.3428,-0.3952,-0.5873,-0.5873,-0.5866,-0.5847,-0.5813,-0.5758,-0.5681,-0.5588,-0.5489,-0.5397,-0.5308,-0.5163,-0.4759,-0.365,-0.1666,-0.0914,-0.0889,0.1136,0.4943,0.6413,0.2701,0.0312,-0.1569,-0.4201,-0.7803,-1.1063,-1.1653,-1.0577,-0.9059,-0.7083,-0.4784,-0.2796,-0.2124,-0.2583,-0.3299,-0.3879,-0.5772,-0.5759,-0.5738,-0.5707,-0.5661,-0.5599,-0.552,-0.5426,-0.5318,-0.5193,-0.503,-0.477,-0.4302,-0.3509,-0.2523,-0.1798,-0.0983,0.0761,0.328,0.4074,0.247,0.148,0.0323,-0.2623,-0.6806,-1.0394,-1.2448,-1.1812,-0.9794,-0.7589,-0.5364,-0.3565,-0.2843,-0.3051,-0.3555,-0.4012,-0.5678,-0.5656,-0.5625,-0.5584,-0.553,-0.5461,-0.5377,-0.5276,-0.5154,-0.5003,-0.4802,-0.4514,-0.4091,-0.3514,-0.2842,-0.2142,-0.1275,-0.007,0.1214,0.1931,0.2534,0.4294,0.4539,0.0415,-0.5249,-1.0422,-1.3784,-1.2623,-1.0076,-0.7901,-0.6061,-0.4667,-0.395,-0.384,-0.4027,-0.4277,-0.5592,-0.5562,-0.5524,-0.5475,-0.5415,-0.5341,-0.525,-0.5142,-0.501,-0.4845,-0.4632,-0.435,-0.3979,-0.3515,-0.2971,-0.2351,-0.1613,-0.0739,0.0193,0.1221,0.3097,0.6586,0.7594,0.271,-0.3387,-0.8276,-1.0949,-1.0764,-0.9261,-0.7715,-0.6396,-0.5389,-0.4769,-0.451,-0.4484,-0.4563,-0.5514,-0.5478,-0.5434,-0.538,-0.5314,-0.5235,-0.514,-0.5027,-0.4889,-0.472,-0.4509,-0.4245,-0.3917,-0.3522,-0.3062,-0.2532,-0.192,-0.1219,-0.0409,0.0661,0.2376,0.4605,0.4942,0.1823,-0.2435,-0.5949,-0.7993,-0.8469,-0.7976,-0.7163,-0.6353,-0.5678,-0.5202,-0.493,-0.4815,-0.4796]},{"header":{"la1":42.85,"la2":41.18,"lo1":11.55,"lo2":14.05,"nx":36,"ny":24,"dx":0.07143,"dy":0.07261,"parameterCategory":2,"parameterNumber":3,"parameterNumberName":"northward_wind","parameterUnit":"m.s-1"},"data":[-0.5951,-0.5845,-0.5716,-0.5565,-0.54,-0.5234,-0.5086,-0.4976,-0.4917,-0.4902,-0.4911,-0.4913,-0.4883,-0.4807,-0.4684,-0.4522,-0.4342,-0.4167,-0.4024,-0.3933,-0.39,-0.3918,-0.3974,-0.4053,-0.4144,-0.4241,-0.434,-0.4439,-0.4538,-0.4637,-0.4734,-0.483,-0.4923,-0.5013,-0.5099,-0.5181,-0.6013,-0.589,-0.5732,-0.5538,-0.5313,-0.5077,-0.4863,-0.4712,-0.4655,-0.4687,-0.4765,-0.4831,-0.484,-0.477,-0.4621,-0.4407,-0.4156,-0.391,-0.3715,-0.3606,-0.3589,-0.3646,-0.3748,-0.387,-0.3998,-0.4125,-0.4248,-0.4367,-0.4484,-0.4598,-0.4709,-0.4818,-0.4923,-0.5024,-0.512,-0.521,-0.6097,-0.5958,-0.5767,-0.5516,-0.5203,-0.485,-0.451,-0.427,-0.4211,-0.4335,-0.455,-0.4735,-0.4814,-0.4758,-0.4573,-0.428,-0.3918,-0.3554,-0.3273,-0.3143,-0.317,-0.3303,-0.3483,-0.367,-0.3846,-0.4008,-0.4158,-0.4299,-0.4434,-0.4564,-0.4691,-0.4814,-0.4933,-0.5046,-0.5153,-0.5252,-0.6211,-0.6061,-0.5839,-0.5521,-0.5089,-0.4545,-0.396,-0.3513,-0.3428,-0.3744,-0.4236,-0.4639,-0.483,-0.4796,-0.456,-0.4152,-0.3615,-0.3045,-0.2612,-0.2466,-0.2602,-0.2884,-0.3189,-0.3464,-0.3697,-0.3897,-0.4073,-0.4236,-0.439,-0.4538,-0.4682,-0.4821,-0.4955,-0.5082,-0.52,-0.5308,-0.6362,-0.6215,-0.5975,-0.5598,-0.5025,-0.42,-0.3159,-0.2218,-0.201,-0.2757,-0.3821,-0.4591,-0.4933,-0.4917,-0.4615,-0.4057,-0.3259,-0.233,-0.1606,-0.1471,-0.1861,-0.2412,-0.2898,-0.3275,-0.3565,-0.3799,-0.4,-0.4182,-0.4355,-0.4522,-0.4685,-0.4842,-0.4992,-0.5134,-0.5265,-0.5384,-0.6558,-0.6435,-0.6208,-0.5811,-0.5131,-0.3997,-0.2252,-0.0231,0.0399,-0.1332,-0.3464,-0.472,-0.5189,-0.5158,-0.4777,-0.4065,-0.2958,-0.1482,-0.0224,-0.0167,-0.1058,-0.1997,-0.2677,-0.3138,-0.3466,-0.3721,-0.3939,-0.4139,-0.433,-0.4518,-0.4701,-0.4879,-0.5049,-0.5209,-0.5354,-0.5484,-0.6798,-0.6727,-0.656,-0.6221,-0.5567,-0.4323,-0.2033,0.1363,0.2792,-0.0475,-0.3743,-0.524,-0.5662,-0.5543,-0.5081,-0.4276,-0.2984,-0.1063,0.0775,0.0723,-0.0664,-0.1858,-0.261,-0.3082,-0.3408,-0.3665,-0.3891,-0.4105,-0.4316,-0.4527,-0.4735,-0.4938,-0.5132,-0.5311,-0.5473,-0.5614,-0.707,-0.7079,-0.7024,-0.6842,-0.6414,-0.5507,-0.3714,-0.0914,0.018,-0.2779,-0.5341,-0.6262,-0.6341,-0.605,-0.5517,-0.4716,-0.3532,-0.1854,-0.0242,-0.016,-0.1202,-0.2126,-0.2716,-0.3099,-0.3381,-0.3621,-0.3849,-0.4078,-0.4312,-0.4552,-0.4791,-0.5026,-0.5248,-0.5451,-0.563,-0.5783,-0.7354,-0.7462,-0.7552,-0.7596,-0.7539,-0.7292,-0.677,-0.6182,-0.6434,-0.7485,-0.7848,-0.7547,-0.7093,-0.6614,-0.6029,-0.5265,-0.4308,-0.3207,-0.225,-0.1948,-0.2218,-0.2592,-0.2894,-0.3134,-0.3351,-0.357,-0.3802,-0.4052,-0.4318,-0.4595,-0.4876,-0.515,-0.5408,-0.5639,-0.5838,-0.6002,-0.7621,-0.7829,-0.8072,-0.8353,-0.8676,-0.9046,-0.9516,-1.0345,-1.1853,-1.2277,-1.038,-0.8648,-0.7731,-0.7199,-0.6596,-0.5776,-0.4889,-0.4096,-0.3476,-0.3087,-0.2931,-0.2921,-0.2989,-0.311,-0.3278,-0.3489,-0.3739,-0.4022,-0.4333,-0.4663,-0.4998,-0.5325,-0.5628,-0.5894,-0.6115,-0.6286,-0.7843,-0.8136,-0.8507,-0.8986,-0.961,-1.0413,-1.138,-1.2603,-1.5501,-1.6986,-1.2061,-0.9116,-0.8164,-0.7956,-0.7342,-0.6191,-0.5118,-0.4448,-0.3998,-0.3551,-0.318,-0.2963,-0.2899,-0.2963,-0.3124,-0.3357,-0.3647,-0.3984,-0.4359,-0.4762,-0.5173,-0.5571,-0.5933,-0.6241,-0.6483,-0.6656,-0.7996,-0.8345,-0.8799,-0.9404,-1.0225,-1.1324,-1.266,-1.3685,-1.4357,-1.4778,-1.1136,-0.8788,-0.8434,-0.9433,-0.8468,-0.6353,-0.4908,-0.4642,-0.4447,-0.371,-0.3055,-0.2679,-0.2565,-0.2649,-0.2864,-0.3161,-0.352,-0.3934,-0.44,-0.4904,-0.5421,-0.5919,-0.636,-0.6717,-0.6977,-0.7139,-0.8066,-0.8434,-0.8914,-0.9556,-1.0433,-1.1644,-1.3244,-1.4954,-1.3574,-1.1588,-0.9398,-0.8332,-0.8058,-0.9706,-0.8583,-0.5455,-0.391,-0.5316,-0.5316,-0.357,-0.2481,-0.1971,-0.1914,-0.2137,-0.2489,-0.2898,-0.3353,-0.387,-0.4457,-0.5105,-0.5777,-0.6417,-0.6966,-0.738,-0.7644,-0.7771,-0.805,-0.8402,-0.8851,-0.9436,-1.021,-1.1229,-1.2459,-1.338,-1.2557,-1.0015,-0.8185,-0.8483,-0.8334,-0.3531,-0.4879,-0.2246,-0.0092,-0.2934,-0.3773,-0.2346,-0.1066,-0.0554,-0.0829,-0.1419,-0.2021,-0.2577,-0.3141,-0.3779,-0.4529,-0.5385,-0.6288,-0.7142,-0.7841,-0.8315,-0.8554,-0.8597,-0.7961,-0.8268,-0.8644,-0.9106,-0.9668,-1.0314,-1.092,-1.1077,-1.0098,-0.8301,-0.6945,-0.6146,-0.4288,-0.035,-0.2471,0.34,1.0468,0.2401,-0.084,-0.0114,0.1915,0.2149,0.0762,-0.0589,-0.153,-0.2213,-0.2853,-0.362,-0.4593,-0.5763,-0.7031,-0.822,-0.9132,-0.9652,-0.9794,-0.9662,-0.7817,-0.8063,-0.8347,-0.8667,-0.9006,-0.9307,-0.9438,-0.9162,-0.8298,-0.7161,-0.6649,-0.4629,-0.4273,-0.3186,-0.2332,0.2542,0.7327,0.204,-0.0375,0.192,0.7296,0.6235,0.2331,0.0018,-0.1132,-0.1771,-0.2387,-0.3291,-0.4591,-0.6254,-0.8119,-0.9857,-1.1074,-1.1572,-1.1461,-1.0996,-0.7638,-0.7822,-0.8017,-0.8211,-0.8376,-0.8457,-0.8366,-0.8007,-0.7376,-0.6711,-0.6475,-0.546,-0.4827,-0.4654,-0.3611,-0.1868,-0.0757,-0.2099,-0.2803,0.0759,0.7841,0.6495,0.2187,-0.0037,-0.0846,-0.1056,-0.1475,-0.2593,-0.4423,-0.6858,-0.9701,-1.2357,-1.3987,-1.4264,-1.3597,-1.2562,-0.7446,-0.7573,-0.7694,-0.7793,-0.7846,-0.7814,-0.7652,-0.7331,-0.6882,-0.6413,-0.5987,-0.5458,-0.5037,-0.4942,-0.4977,-0.476,-0.4142,-0.5436,-0.7237,-0.3494,0.0613,0.1477,0.0205,-0.065,-0.0442,0.0414,0.0385,-0.1322,-0.403,-0.7532,-1.1839,-1.5962,-1.8066,-1.7684,-1.6016,-1.4163,-0.7253,-0.7334,-0.7399,-0.7435,-0.7424,-0.7342,-0.717,-0.6903,-0.6565,-0.6202,-0.5841,-0.55,-0.529,-0.5488,-0.6863,-0.7456,-0.5609,-0.5759,-0.6447,-0.4772,-0.305,-0.1942,-0.1726,-0.1383,0.0099,0.2856,0.3376,0.0101,-0.3675,-0.8118,-1.4029,-1.9966,-2.2417,-2.0931,-1.805,-1.5393,-0.7071,-0.7116,-0.7142,-0.7138,-0.7093,-0.6993,-0.6832,-0.6611,-0.6346,-0.6064,-0.579,-0.5568,-0.5493,-0.5791,-0.6766,-0.7046,-0.5795,-0.5259,-0.5088,-0.5015,-0.4303,-0.3652,-0.3224,-0.2382,-0.0434,0.3021,0.3733,-0.0566,-0.3995,-0.831,-1.4729,-2.1454,-2.4004,-2.2019,-1.8691,-1.5775,-0.6903,-0.6922,-0.6922,-0.6895,-0.6833,-0.6731,-0.6585,-0.6401,-0.6189,-0.5967,-0.576,-0.5601,-0.5548,-0.5671,-0.5927,-0.5902,-0.5465,-0.5115,-0.4985,-0.4927,-0.4858,-0.5024,-0.4909,-0.3944,-0.2523,-0.1896,-0.3669,-0.3989,-0.4897,-0.7996,-1.3185,-1.8664,-2.1113,-2.0025,-1.7549,-1.5152,-0.6753,-0.6754,-0.6736,-0.6696,-0.6627,-0.6529,-0.64,-0.6244,-0.6071,-0.5893,-0.5728,-0.5597,-0.5525,-0.5521,-0.5533,-0.5453,-0.5263,-0.5094,-0.5041,-0.5166,-0.5751,-0.6977,-0.7291,-0.5801,-0.4356,-0.4468,-0.582,-0.5378,-0.5511,-0.7521,-1.0965,-1.4584,-1.6636,-1.6606,-1.5371,-1.3844,-0.662,-0.6608,-0.658,-0.6532,-0.6463,-0.6371,-0.6256,-0.6123,-0.5979,-0.5832,-0.5694,-0.5577,-0.549,-0.5431,-0.5376,-0.5297,-0.52,-0.5141,-0.5203,-0.5541,-0.6509,-0.8237,-0.8711,-0.6927,-0.5338,-0.4931,-0.5215,-0.5327,-0.5783,-0.7162,-0.9309,-1.1558,-1.3087,-1.3529,-1.3133,-1.234,-0.6503,-0.6483,-0.6448,-0.6398,-0.633,-0.6245,-0.6143,-0.6029,-0.5905,-0.5781,-0.5662,-0.5555,-0.5465,-0.5389,-0.5321,-0.5256,-0.5205,-0.5208,-0.5331,-0.5694,-0.6459,-0.7477,-0.7702,-0.6724,-0.5684,-0.5218,-0.5211,-0.5426,-0.5941,-0.6915,-0.827,-0.9686,-1.077,-1.1296,-1.1302,-1.097]}]