docs/data/wind_grid.json
[{"header":{"la1":42.85,"la2":41.18,"lo1":11.55,"lo2":14.05,"nx":36,"ny":24,"dx":0.07143,"dy":0.07261,"parameterCategory":2,"parameterNumber":2,"parameterNumberName":"eastward_wind","parameterUnit":"m.s-1"},"data":[-0.1197,-0.1238,-0.1267,-0.1285,-0.1294,-0.1296,-0.129,-0.1275,-0.1254,-0.1232,-0.1221,-0.1234,-0.1279,-0.1357,-0.1457,-0.1554,-0.1611,-0.1575,-0.1399,-0.1069,-0.0628,-0.0168,0.022,0.0498,0.0685,0.0824,0.0945,0.1064,0.1183,0.1301,0.1414,0.152,0.1616,0.1703,0.1779,0.1846,-0.136,-0.1409,-0.1443,-0.1465,-0.1476,-0.1482,-0.148,-0.1465,-0.1434,-0.1393,-0.1364,-0.1372,-0.1436,-0.1559,-0.1732,-0.1927,-0.2085,-0.2115,-0.1908,-0.1409,-0.0694,0.0027,0.0546,0.0818,0.0934,0.1,0.1074,0.1169,0.1279,0.1395,0.1509,0.1616,0.1712,0.1798,0.1872,0.1936,-0.1546,-0.1606,-0.1646,-0.167,-0.1684,-0.1699,-0.1713,-0.171,-0.1667,-0.1589,-0.1517,-0.1503,-0.1581,-0.1762,-0.204,-0.239,-0.274,-0.2935,-0.2732,-0.1932,-0.0644,0.0615,0.1309,0.143,0.1323,0.1233,0.1226,0.1288,0.1389,0.1505,0.1621,0.1728,0.1823,0.1906,0.1976,0.2034,-0.176,-0.1836,-0.1882,-0.1905,-0.192,-0.1952,-0.2009,-0.2055,-0.2009,-0.1853,-0.1683,-0.1614,-0.17,-0.195,-0.2364,-0.2942,-0.364,-0.4246,-0.4227,-0.2928,-0.0359,0.2144,0.2966,0.2465,0.183,0.1479,0.1375,0.1411,0.1511,0.1632,0.1752,0.1859,0.1951,0.2028,0.2092,0.2143,-0.2008,-0.2106,-0.2162,-0.2178,-0.2181,-0.223,-0.2385,-0.2592,-0.259,-0.2251,-0.186,-0.1682,-0.1772,-0.2102,-0.2669,-0.3532,-0.4792,-0.6349,-0.7211,-0.5332,-0.0014,0.5474,0.592,0.3724,0.2247,0.1637,0.1484,0.153,0.1649,0.1783,0.1907,0.2013,0.2099,0.2167,0.222,0.2262,-0.2294,-0.2426,-0.2497,-0.2499,-0.2462,-0.2494,-0.2796,-0.343,-0.3649,-0.2836,-0.1986,-0.1657,-0.1775,-0.221,-0.2919,-0.4024,-0.5933,-0.9249,-1.3022,-1.1227,-0.1813,0.7756,0.7551,0.3912,0.2147,0.1594,0.1537,0.1656,0.1817,0.197,0.2096,0.2195,0.2269,0.2322,0.2361,0.2389,-0.2614,-0.2792,-0.2882,-0.2874,-0.2774,-0.2685,-0.2987,-0.417,-0.4869,-0.32,-0.1823,-0.1454,-0.1704,-0.2317,-0.3159,-0.4295,-0.6362,-1.1,-1.8968,-1.7913,-0.6562,0.1201,0.304,0.199,0.1414,0.139,0.1588,0.183,0.2044,0.2209,0.2328,0.2409,0.2461,0.2494,0.2512,0.2522,-0.2962,-0.318,-0.3226,-0.3181,-0.3131,-0.2848,-0.2673,-0.3226,-0.3538,-0.2074,-0.1042,-0.1007,-0.1581,-0.2552,-0.3688,-0.464,-0.5817,-0.8775,-1.3486,-1.2587,-0.7842,-0.4882,-0.1865,-0.0217,0.0659,0.1283,0.1767,0.2125,0.2369,0.2524,0.2613,0.2659,0.2677,0.2678,0.2669,0.2657,-0.3338,-0.3618,-0.3425,-0.2984,-0.355,-0.322,-0.2237,-0.1346,-0.0421,0.0414,0.037,-0.0332,-0.1407,-0.3063,-0.531,-0.6342,-0.5563,-0.5685,-0.6906,-0.7573,-0.9352,-0.827,-0.3962,-0.1114,0.0538,0.157,0.2227,0.2622,0.2834,0.2929,0.2954,0.2941,0.2908,0.2868,0.2826,0.2788,-0.3746,-0.434,-0.4596,-0.4583,-0.5465,-0.4177,-0.2153,0.0143,0.3159,0.4342,0.2332,0.0444,-0.1063,-0.3435,-0.9028,-1.2047,-0.6341,-0.3712,-0.3595,-0.4903,-0.7376,-0.6613,-0.3158,-0.0473,0.1304,0.2444,0.3095,0.339,0.3466,0.3429,0.3344,0.3243,0.3143,0.3052,0.2972,0.2906,-0.4064,-0.5211,-0.7231,-1.1068,-1.031,-0.5544,-0.2651,0.0253,0.7431,1.1006,0.4043,0.0941,-0.0476,-0.2149,-0.7585,-1.1841,-0.4694,-0.1457,-0.081,-0.1532,-0.2552,-0.2276,-0.0617,0.13,0.2937,0.403,0.4481,0.4472,0.4259,0.4001,0.3756,0.3542,0.336,0.3211,0.3092,0.2999,-0.4051,-0.5357,-0.7616,-1.0821,-0.9926,-0.556,-0.3855,-0.3389,0.2097,0.6434,0.2764,0.0853,-0.0058,-0.094,-0.0711,-0.172,-0.026,0.1759,0.2237,0.1356,0.0751,0.093,0.1946,0.3578,0.5399,0.6544,0.651,0.5852,0.5151,0.4581,0.4141,0.3798,0.3529,0.3322,0.3165,0.3052,-0.3643,-0.462,-0.5884,-0.6878,-0.6177,-0.4621,-0.4833,-0.6823,-0.4409,0.0026,0.0936,0.0617,0.0334,0.0201,0.1895,0.1861,0.2534,0.4914,0.502,0.3198,0.2773,0.307,0.4002,0.5873,0.8666,1.0275,0.9132,0.7313,0.5966,0.5062,0.4429,0.3961,0.3609,0.335,0.3166,0.3044,-0.3015,-0.3595,-0.4142,-0.4368,-0.4047,-0.3698,-0.4214,-0.54,-0.407,-0.0772,0.0625,0.0485,0.0333,0.0333,0.2353,0.4629,0.3912,0.408,0.4379,0.399,0.4307,0.4797,0.5537,0.7454,1.1335,1.3682,1.1093,0.8211,0.6431,0.5319,0.4548,0.3975,0.3549,0.3251,0.306,0.2952,-0.2356,-0.2664,-0.2885,-0.2921,-0.2775,-0.2655,-0.2748,-0.2694,-0.1552,0.0244,0.1278,0.1369,0.1409,0.2015,0.2926,0.509,0.2213,0.3167,0.3872,0.4961,0.6497,0.6911,0.6746,0.7715,1.0342,1.2042,1.0252,0.7964,0.6389,0.529,0.4445,0.3776,0.3279,0.2963,0.2803,0.2751,-0.1754,-0.1904,-0.1977,-0.1941,-0.1812,-0.1639,-0.141,-0.0926,0.0044,0.136,0.2631,0.2058,0.1997,0.2199,0.275,0.3027,0.2327,0.3045,0.4018,0.6479,1.0748,1.0031,0.7816,0.7471,0.8245,0.8801,0.8225,0.712,0.6032,0.5032,0.4098,0.328,0.2689,0.2392,0.2337,0.2417,-0.123,-0.1286,-0.128,-0.1198,-0.1039,-0.0805,-0.0462,0.0067,0.0826,0.1752,0.2594,0.2375,0.2603,0.2892,0.3061,0.3276,0.3155,0.2925,0.321,0.6215,1.14,1.0514,0.8067,0.7313,0.7353,0.7456,0.7209,0.6579,0.5703,0.4662,0.3487,0.2347,0.159,0.1403,0.1612,0.1947,-0.078,-0.0777,-0.0723,-0.0608,-0.0426,-0.0169,0.0181,0.0641,0.1198,0.1772,0.221,0.2481,0.2899,0.3215,0.4173,0.4671,0.3813,0.1693,-0.0873,0.4018,0.7421,0.8101,0.758,0.7247,0.7291,0.7549,0.7437,0.6635,0.5561,0.4282,0.2614,0.0784,-0.0276,-0.0107,0.0654,0.1406,-0.0393,-0.0352,-0.0268,-0.0133,0.0058,0.0312,0.0632,0.1018,0.1447,0.1875,0.2266,0.2657,0.3163,0.4145,0.6883,0.8002,0.5125,0.3004,0.2075,0.6551,0.7374,0.7576,0.7549,0.7411,0.7587,0.865,0.8861,0.698,0.5461,0.4005,0.1727,-0.1246,-0.2743,-0.182,-0.0245,0.0977,-0.0058,0.0007,0.0109,0.0254,0.0445,0.0685,0.0973,0.1304,0.1664,0.2037,0.2423,0.2867,0.3491,0.4622,0.6676,0.7346,0.5829,0.5938,0.9964,1.2171,0.9032,0.8475,0.8397,0.7914,0.752,0.8606,0.8916,0.6009,0.5028,0.407,0.1673,-0.2026,-0.3816,-0.2432,-0.0476,0.0919,0.0232,0.0313,0.0426,0.0574,0.076,0.0985,0.1246,0.1541,0.1862,0.2207,0.2585,0.3032,0.3616,0.4421,0.5333,0.5767,0.5853,0.6768,0.9033,1.0152,0.9777,1.0596,1.0832,0.9256,0.7043,0.4717,0.1263,0.222,0.457,0.4932,0.3137,0.0088,-0.1636,-0.1025,0.0285,0.1343,0.0485,0.0576,0.0694,0.0843,0.1022,0.1233,0.1474,0.1744,0.2039,0.2363,0.2723,0.3138,0.3633,0.4208,0.4787,0.527,0.5794,0.6685,0.7964,0.9287,1.1451,1.5433,1.655,1.223,0.7466,0.2706,-0.238,0.0881,0.6473,0.7441,0.5649,0.3183,0.1532,0.1203,0.1583,0.2083,0.0707,0.0804,0.0925,0.1071,0.1244,0.1444,0.1669,0.1919,0.2195,0.2498,0.2834,0.3213,0.3639,0.4108,0.46,0.5115,0.5736,0.6589,0.7776,0.9594,1.3162,1.9349,2.1141,1.4689,0.8771,0.4808,0.2996,0.6575,1.2337,1.1319,0.8128,0.5524,0.3836,0.3031,0.2817,0.2868,0.0902,0.1003,0.1125,0.1268,0.1435,0.1624,0.1836,0.2071,0.233,0.2614,0.2927,0.3273,0.3656,0.4075,0.4533,0.5051,0.5681,0.651,0.7673,0.947,1.2433,1.6227,1.7067,1.3366,0.933,0.6881,0.6611,0.9497,1.3171,1.2048,0.9053,0.6694,0.5131,0.4207,0.3733,0.3527]},{"header":{"la1":42.85,"la2":41.18,"lo1":11.55,"lo2":14.05,"nx":36,"ny":24,"dx":0.07143,"dy":0.07261,"parameterCategory":2,"parameterNumber":3,"parameterNumberName":"northward_wind","parameterUnit":"m.s-1"},"data":[0.7705,0.7758,0.782,0.789,0.7965,0.8042,0.8114,0.8177,0.8226,0.8257,0.827,0.8263,0.8235,0.8189,0.8128,0.8059,0.7996,0.7953,0.7944,0.7972,0.8017,0.8043,0.8014,0.791,0.7741,0.7527,0.7288,0.704,0.6793,0.6551,0.6319,0.6097,0.5887,0.5691,0.5508,0.5339,0.7677,0.7733,0.7802,0.7885,0.7978,0.8076,0.817,0.8251,0.8314,0.8356,0.8374,0.8368,0.8337,0.828,0.8199,0.8103,0.8013,0.7955,0.7964,0.8054,0.8195,0.8311,0.8321,0.8195,0.7967,0.7685,0.7385,0.7087,0.6798,0.6524,0.6264,0.602,0.5791,0.5579,0.5384,0.5205,0.7627,0.7682,0.7758,0.7855,0.7971,0.8098,0.8223,0.833,0.8411,0.8463,0.8488,0.8486,0.8452,0.8381,0.8272,0.8132,0.7986,0.7884,0.7902,0.8097,0.8434,0.8738,0.8807,0.8607,0.8256,0.7863,0.7478,0.7118,0.6784,0.6474,0.6185,0.5918,0.5671,0.5443,0.5236,0.5047,0.7547,0.7597,0.7675,0.7787,0.7934,0.8104,0.8276,0.842,0.8521,0.858,0.8611,0.8616,0.8584,0.8501,0.8357,0.8149,0.7896,0.7674,0.7646,0.8007,0.8759,0.949,0.9621,0.9184,0.8587,0.803,0.7544,0.7118,0.6737,0.6392,0.6076,0.5786,0.5521,0.5278,0.5059,0.4862,0.7432,0.7465,0.7537,0.7663,0.7849,0.8084,0.8331,0.8536,0.8654,0.8704,0.8738,0.8759,0.874,0.8654,0.8475,0.8176,0.774,0.7225,0.694,0.7486,0.9081,1.0782,1.0843,0.9819,0.8857,0.8125,0.7547,0.7065,0.6646,0.627,0.593,0.5619,0.5335,0.5078,0.4848,0.4643,0.7277,0.7278,0.7328,0.7454,0.7684,0.8011,0.8383,0.8698,0.8824,0.8823,0.8857,0.8914,0.8929,0.8858,0.866,0.8275,0.7601,0.6512,0.5337,0.5881,0.8716,1.1585,1.1479,0.9995,0.8868,0.8071,0.7455,0.6943,0.6498,0.61,0.5738,0.5409,0.5109,0.4838,0.4597,0.4386,0.7082,0.7037,0.7045,0.7144,0.7397,0.7832,0.8361,0.8836,0.8977,0.8892,0.8956,0.9085,0.9163,0.9131,0.8947,0.8537,0.7726,0.6121,0.3559,0.3917,0.7638,0.9865,1.0165,0.9393,0.8556,0.785,0.7257,0.6745,0.629,0.5877,0.5498,0.5151,0.4834,0.455,0.43,0.4085,0.6856,0.6762,0.676,0.6823,0.6998,0.7501,0.8148,0.8659,0.8843,0.886,0.9038,0.9284,0.9454,0.9481,0.9346,0.8998,0.8294,0.7032,0.5455,0.6062,0.859,0.9393,0.9222,0.8736,0.8124,0.7522,0.6975,0.648,0.6025,0.5601,0.5205,0.4839,0.4505,0.4207,0.3948,0.373,0.6599,0.6442,0.6578,0.687,0.6578,0.7031,0.7835,0.8328,0.8498,0.8656,0.9054,0.9515,0.9814,0.9895,0.9802,0.9561,0.9032,0.8275,0.7791,0.8607,1.0731,1.0437,0.9151,0.8338,0.7707,0.7148,0.664,0.6165,0.5711,0.5275,0.4857,0.4467,0.4111,0.3797,0.353,0.3312,0.6316,0.5917,0.5715,0.5707,0.5154,0.6323,0.7663,0.8151,0.7847,0.783,0.8859,0.9797,1.0274,1.0355,1.0139,0.9983,0.9578,0.8944,0.8575,0.895,1.0062,0.9871,0.8746,0.7892,0.7265,0.6749,0.6282,0.5826,0.5365,0.4903,0.4451,0.4025,0.3639,0.3305,0.303,0.2816,0.6102,0.5295,0.3745,0.0685,0.1373,0.5592,0.7968,0.8441,0.6736,0.569,0.8639,1.0277,1.0896,1.0973,1.0512,1.0129,0.9826,0.9099,0.858,0.8482,0.863,0.8469,0.7901,0.7293,0.6788,0.6367,0.5957,0.5505,0.5009,0.449,0.3977,0.3495,0.3066,0.2707,0.2426,0.2224,0.6142,0.5246,0.3538,0.0962,0.1865,0.6333,0.9048,0.9892,0.8547,0.7509,0.9675,1.1143,1.1626,1.1576,1.1537,1.0885,0.9987,0.8641,0.799,0.7929,0.7775,0.7489,0.709,0.6691,0.6391,0.6144,0.5782,0.5264,0.4659,0.403,0.3415,0.2848,0.2358,0.1967,0.1686,0.151,0.6475,0.5883,0.5054,0.4463,0.5514,0.7984,1.0015,1.1046,1.0608,1.0303,1.1266,1.2361,1.2573,1.2028,1.2291,1.1714,1.04,0.7175,0.6802,0.7432,0.7139,0.6731,0.6393,0.6212,0.6293,0.6369,0.5916,0.5131,0.4297,0.3487,0.2721,0.2031,0.1456,0.103,0.0763,0.064,0.6945,0.6709,0.6533,0.6709,0.7575,0.8934,1.0153,1.0823,1.0941,1.1488,1.2467,1.3403,1.3725,1.4534,1.2922,1.3211,1.1861,0.8741,0.7476,0.7076,0.6399,0.5914,0.5693,0.5802,0.6476,0.7013,0.6173,0.4938,0.3818,0.2786,0.182,0.0958,0.027,-0.0188,-0.0409,-0.0429,0.7392,0.7391,0.7509,0.7866,0.853,0.9385,1.0194,1.0821,1.1528,1.28,1.4049,1.4158,1.4016,1.4732,1.3089,1.3494,1.193,0.9849,0.7657,0.6186,0.5237,0.4885,0.4871,0.5148,0.5898,0.6403,0.5595,0.4328,0.3083,0.1844,0.0615,-0.0502,-0.1351,-0.1822,-0.1921,-0.1746,0.774,0.7863,0.809,0.8467,0.9004,0.9653,1.0347,1.1126,1.2288,1.4451,1.8003,1.6007,1.4729,1.3506,1.2262,1.1463,1.0882,0.8479,0.5928,0.4523,0.4034,0.3981,0.3996,0.4211,0.4611,0.4789,0.4329,0.3375,0.2122,0.0632,-0.1006,-0.2553,-0.365,-0.4068,-0.3883,-0.3345,0.7978,0.8155,0.8413,0.877,0.9231,0.9782,1.0428,1.1245,1.2459,1.4501,1.7309,1.5812,1.4713,1.4256,1.0978,0.8995,0.735,0.4357,0.178,0.2171,0.358,0.3433,0.3083,0.3231,0.3597,0.384,0.3589,0.2675,0.1187,-0.0782,-0.3152,-0.5508,-0.7017,-0.7187,-0.6374,-0.52,0.8115,0.8309,0.8564,0.8888,0.9286,0.9759,1.0321,1.1018,1.1925,1.3037,1.3857,1.3626,1.3859,1.3165,0.7438,0.4287,0.3169,-0.1146,-0.5083,-0.1975,0.0423,0.1386,0.1695,0.223,0.3187,0.4316,0.4381,0.2809,0.0521,-0.2265,-0.5834,-0.9696,-1.1872,-1.1286,-0.9254,-0.7122,0.817,0.8359,0.8593,0.8876,0.921,0.9596,1.0039,1.0544,1.1098,1.1603,1.1813,1.1518,1.0649,0.7647,-0.063,-0.3898,-0.0079,-0.2767,-0.5878,-0.7102,-0.3973,-0.1464,-0.019,0.1064,0.3262,0.684,0.7576,0.3614,-0.0061,-0.3647,-0.852,-1.4534,-1.7546,-1.5476,-1.1791,-0.8664,0.8159,0.8331,0.8534,0.8769,0.9036,0.933,0.9644,0.9961,1.0241,1.0392,1.0267,0.9674,0.8257,0.5095,-0.053,-0.2614,-0.0992,-0.3878,-1.2051,-1.5708,-0.7732,-0.4167,-0.2613,-0.0805,0.2163,0.6971,0.8023,0.2327,-0.1386,-0.48,-0.972,-1.6474,-1.9803,-1.6997,-1.2706,-0.9282,0.8097,0.8245,0.8412,0.8597,0.8796,0.9001,0.9197,0.936,0.9445,0.9379,0.9057,0.8333,0.7,0.485,0.2257,0.062,-0.0584,-0.3621,-0.8738,-1.0625,-0.7932,-0.7164,-0.6617,-0.4115,-0.107,0.0456,-0.1368,-0.2124,-0.3737,-0.6048,-0.9116,-1.3467,-1.5993,-1.4551,-1.1563,-0.8829,0.7996,0.8117,0.8247,0.8383,0.8518,0.8643,0.8741,0.8785,0.8738,0.8544,0.8131,0.7414,0.6316,0.4842,0.3205,0.1672,-0.0004,-0.2324,-0.498,-0.6805,-0.8755,-1.3111,-1.4353,-0.8994,-0.4305,-0.3004,-0.3901,-0.4389,-0.7215,-0.8474,-0.8873,-1.0224,-1.1396,-1.1013,-0.9503,-0.7739,0.7868,0.796,0.8053,0.8144,0.8224,0.8281,0.8301,0.826,0.8126,0.7861,0.7419,0.6755,0.5844,0.471,0.3428,0.2046,0.0481,-0.1374,-0.3464,-0.5948,-1.0295,-1.7971,-2.0231,-1.241,-0.643,-0.4457,-0.4837,-0.794,-1.3255,-1.221,-0.9711,-0.8862,-0.8803,-0.8484,-0.7655,-0.6549,0.7721,0.7786,0.7845,0.7895,0.7927,0.7931,0.7891,0.779,0.7602,0.7301,0.6858,0.625,0.5467,0.452,0.3433,0.221,0.0821,-0.0787,-0.2701,-0.5241,-0.9114,-1.3994,-1.5151,-1.0891,-0.6914,-0.5463,-0.632,-0.9878,-1.4058,-1.2821,-0.9884,-0.8217,-0.7466,-0.6938,-0.6298,-0.5518]}]