docs/data/wind_grid.json
[{"header":{"la1":42.85,"la2":41.18,"lo1":11.55,"lo2":14.05,"nx":36,"ny":24,"dx":0.07143,"dy":0.07261,"parameterCategory":2,"parameterNumber":2,"parameterNumberName":"eastward_wind","parameterUnit":"m.s-1"},"data":[-1.1589,-1.163,-1.1648,-1.1641,-1.1608,-1.1545,-1.144,-1.1282,-1.106,-1.0776,-1.0451,-1.0111,-0.9785,-0.9489,-0.9227,-0.8995,-0.8779,-0.8562,-0.833,-0.8081,-0.784,-0.7651,-0.7561,-0.758,-0.7681,-0.7819,-0.796,-0.8086,-0.8188,-0.8269,-0.833,-0.8377,-0.8412,-0.8438,-0.8459,-0.8475,-1.1863,-1.193,-1.1971,-1.1986,-1.1976,-1.194,-1.1862,-1.1713,-1.1463,-1.1108,-1.0682,-1.0241,-0.9829,-0.9473,-0.9177,-0.8927,-0.87,-0.8461,-0.8177,-0.783,-0.7453,-0.7149,-0.7031,-0.712,-0.7338,-0.7587,-0.7811,-0.799,-0.8125,-0.8224,-0.8295,-0.8346,-0.8384,-0.8411,-0.8432,-0.8448,-1.218,-1.2284,-1.2354,-1.2394,-1.2416,-1.2431,-1.2422,-1.2326,-1.2058,-1.1591,-1.0999,-1.0395,-0.9862,-0.9431,-0.91,-0.8846,-0.8627,-0.8387,-0.805,-0.7547,-0.6896,-0.6329,-0.6167,-0.6441,-0.69,-0.7336,-0.7673,-0.7914,-0.808,-0.8193,-0.827,-0.8323,-0.836,-0.8386,-0.8405,-0.842,-1.2553,-1.2708,-1.2816,-1.2878,-1.293,-1.3025,-1.3173,-1.3247,-1.3003,-1.2337,-1.1437,-1.0565,-0.9857,-0.9335,-0.8977,-0.8742,-0.8571,-0.8377,-0.8028,-0.7319,-0.6107,-0.4878,-0.468,-0.547,-0.641,-0.7119,-0.7584,-0.7878,-0.8063,-0.818,-0.8256,-0.8305,-0.8339,-0.8362,-0.8378,-0.8391,-1.2993,-1.323,-1.3392,-1.3463,-1.3511,-1.3695,-1.4154,-1.4705,-1.4634,-1.3531,-1.2009,-1.0704,-0.9766,-0.9145,-0.8773,-0.8591,-0.8527,-0.8472,-0.8248,-0.7434,-0.5263,-0.2382,-0.2348,-0.4402,-0.6071,-0.7051,-0.7597,-0.7904,-0.8082,-0.8188,-0.8252,-0.8293,-0.8319,-0.8337,-0.8349,-0.836,-1.351,-1.389,-1.4158,-1.4224,-1.4158,-1.4322,-1.5237,-1.6951,-1.751,-1.5288,-1.2566,-1.068,-0.9509,-0.88,-0.8428,-0.8338,-0.8458,-0.8658,-0.8758,-0.8298,-0.5667,-0.0835,-0.1125,-0.4317,-0.6287,-0.7263,-0.7748,-0.7999,-0.8134,-0.8211,-0.8255,-0.8282,-0.8298,-0.8309,-0.8317,-0.8323,-1.4084,-1.4714,-1.5239,-1.5347,-1.4953,-1.4717,-1.5746,-1.8898,-2.063,-1.6501,-1.2519,-1.0285,-0.9007,-0.823,-0.7837,-0.7857,-0.8251,-0.8792,-0.9101,-0.9103,-0.8261,-0.5534,-0.4836,-0.6199,-0.7227,-0.7755,-0.8012,-0.8138,-0.8202,-0.8237,-0.8256,-0.8266,-0.8271,-0.8275,-0.8277,-0.8281,-1.4628,-1.5615,-1.6688,-1.7115,-1.6096,-1.486,-1.4889,-1.6774,-1.7707,-1.4408,-1.1278,-0.9444,-0.8259,-0.7372,-0.68,-0.6869,-0.768,-0.873,-0.9413,-1.0271,-1.2356,-1.1858,-0.9671,-0.8665,-0.8395,-0.832,-0.8287,-0.8267,-0.8254,-0.8247,-0.8243,-0.8238,-0.8234,-0.823,-0.8228,-0.8228,-1.4976,-1.623,-1.7862,-1.8938,-1.7192,-1.4866,-1.3475,-1.2951,-1.222,-1.0758,-0.9458,-0.8421,-0.7416,-0.6243,-0.4901,-0.4699,-0.6465,-0.848,-1.0153,-1.2824,-1.792,-1.6844,-1.2487,-1.0199,-0.9176,-0.8692,-0.8446,-0.832,-0.8256,-0.8224,-0.8206,-0.8192,-0.818,-0.8171,-0.8164,-0.8162,-1.5011,-1.6247,-1.7621,-1.8317,-1.7241,-1.4738,-1.2358,-1.0523,-0.8687,-0.7735,-0.7887,-0.7578,-0.6738,-0.5232,-0.1761,0.0051,-0.4886,-0.8438,-1.0583,-1.2897,-1.611,-1.5561,-1.2503,-1.0455,-0.9327,-0.8714,-0.8395,-0.8245,-0.8181,-0.8155,-0.8139,-0.8123,-0.8107,-0.8092,-0.8082,-0.8079,-1.4771,-1.5969,-1.7575,-1.9834,-1.9089,-1.4741,-1.1541,-0.9375,-0.6242,-0.4796,-0.6916,-0.7094,-0.6351,-0.5183,-0.2162,0.0131,-0.575,-0.9832,-1.1723,-1.2352,-1.2822,-1.2454,-1.1152,-0.9854,-0.8911,-0.8342,-0.8084,-0.8017,-0.8023,-0.8039,-0.8042,-0.803,-0.8009,-0.7988,-0.7974,-0.7972,-1.4285,-1.5369,-1.7029,-1.9301,-1.8356,-1.3762,-1.0825,-0.965,-0.7768,-0.6271,-0.7145,-0.6988,-0.6057,-0.4882,-0.5012,-0.5938,-0.9191,-1.4303,-1.5773,-1.3494,-1.1878,-1.0879,-0.9919,-0.8933,-0.8056,-0.754,-0.7483,-0.7645,-0.7804,-0.7896,-0.7924,-0.7911,-0.7881,-0.785,-0.7832,-0.7832,-1.3582,-1.431,-1.5177,-1.5722,-1.4602,-1.2103,-1.0368,-1.0078,-0.9556,-0.8286,-0.7684,-0.7252,-0.6371,-0.4541,-0.521,-0.7438,-1.1159,-2.2792,-2.3326,-1.4933,-1.1428,-0.9855,-0.8893,-0.7953,-0.6849,-0.6244,-0.6626,-0.7217,-0.7591,-0.7761,-0.7798,-0.7766,-0.7709,-0.7661,-0.7639,-0.7648,-1.2802,-1.3153,-1.3395,-1.324,-1.2386,-1.112,-1.0193,-0.9923,-0.9551,-0.8626,-0.7936,-0.766,-0.7372,-0.5268,-0.6507,-0.7093,-0.9823,-1.6732,-1.8177,-1.3055,-0.9859,-0.8416,-0.7838,-0.7184,-0.5862,-0.5029,-0.597,-0.6976,-0.7493,-0.7675,-0.767,-0.7575,-0.7465,-0.7388,-0.7367,-0.7399,-1.2085,-1.2192,-1.2155,-1.1863,-1.1279,-1.0562,-0.9975,-0.9585,-0.9147,-0.8604,-0.8189,-0.7738,-0.6712,-0.5069,-0.7111,-0.7372,-1.5204,-1.2546,-1.1728,-0.926,-0.6489,-0.583,-0.6537,-0.6818,-0.6196,-0.565,-0.6356,-0.7184,-0.759,-0.7658,-0.7519,-0.7293,-0.7087,-0.6975,-0.6976,-0.7062,-1.1493,-1.1474,-1.1341,-1.1059,-1.0642,-1.0165,-0.9722,-0.9332,-0.8953,-0.8666,-0.8741,-0.8169,-0.7811,-0.7294,-0.814,-1.0473,-1.3856,-1.107,-0.885,-0.5745,-0.0715,-0.1765,-0.513,-0.6653,-0.7016,-0.7071,-0.7398,-0.7758,-0.7862,-0.7682,-0.7288,-0.6818,-0.6456,-0.6322,-0.6404,-0.6611,-1.1029,-1.0952,-1.0795,-1.0549,-1.023,-0.9875,-0.9523,-0.9194,-0.8903,-0.8722,-0.8756,-0.8525,-0.8956,-0.9284,-0.8899,-0.9489,-0.9687,-0.8121,-0.6212,-0.4435,0.0218,-0.1158,-0.4955,-0.6874,-0.7756,-0.8214,-0.8467,-0.8492,-0.8247,-0.7703,-0.6879,-0.597,-0.5361,-0.5282,-0.5594,-0.6043,-1.0671,-1.0571,-1.0416,-1.0206,-0.9951,-0.9673,-0.9394,-0.9134,-0.8914,-0.8766,-0.8708,-0.878,-0.9332,-0.9561,-0.949,-0.9518,-0.8385,-0.5123,-0.1975,-0.4503,-0.4352,-0.4667,-0.6231,-0.7625,-0.8653,-0.9383,-0.9621,-0.9344,-0.8725,-0.7715,-0.6215,-0.4508,-0.3524,-0.3742,-0.457,-0.5419,-1.0395,-1.029,-1.0146,-0.9967,-0.9759,-0.9538,-0.9318,-0.9115,-0.8949,-0.8839,-0.8807,-0.8892,-0.9132,-0.9523,-1.0751,-1.1269,-0.8704,-0.5582,-0.3759,-0.5988,-0.6448,-0.6788,-0.7574,-0.8554,-0.9588,-1.0524,-1.0719,-1.0194,-0.9283,-0.7814,-0.5474,-0.2549,-0.1098,-0.2019,-0.3622,-0.4922,-1.0181,-1.0079,-0.995,-0.9797,-0.9626,-0.9448,-0.9274,-0.9116,-0.8989,-0.8909,-0.8891,-0.8957,-0.9143,-0.957,-1.0526,-1.0736,-0.895,-0.7381,-0.7471,-0.7912,-0.7604,-0.8028,-0.8675,-0.9386,-1.0227,-1.0926,-1.1054,-1.094,-0.9928,-0.8192,-0.5426,-0.177,-0.0051,-0.1395,-0.3346,-0.4804,-1.0015,-0.9919,-0.9805,-0.9674,-0.9533,-0.9388,-0.9248,-0.9124,-0.9025,-0.8962,-0.8946,-0.899,-0.9112,-0.9336,-0.9595,-0.9474,-0.8773,-0.8072,-0.7873,-0.7993,-0.8433,-0.9282,-0.9897,-1.02,-1.0783,-1.1843,-1.3254,-1.2519,-1.0633,-0.8835,-0.6532,-0.365,-0.2083,-0.2703,-0.4031,-0.5163,-0.9884,-0.9797,-0.9696,-0.9584,-0.9466,-0.9346,-0.9233,-0.9132,-0.9052,-0.8999,-0.8979,-0.8997,-0.9052,-0.9129,-0.916,-0.9032,-0.8732,-0.8445,-0.8378,-0.8677,-0.9608,-1.1147,-1.1706,-1.1097,-1.1213,-1.2611,-1.477,-1.3243,-1.057,-0.9261,-0.7859,-0.6077,-0.4843,-0.4703,-0.5202,-0.5824,-0.978,-0.9701,-0.9613,-0.9516,-0.9416,-0.9317,-0.9223,-0.9139,-0.9072,-0.9024,-0.8998,-0.8994,-0.9007,-0.9019,-0.8998,-0.8917,-0.8796,-0.8725,-0.8837,-0.9319,-1.0495,-1.2409,-1.2932,-1.1646,-1.1217,-1.1818,-1.2393,-1.1083,-0.9379,-0.9216,-0.8619,-0.7556,-0.6654,-0.6256,-0.6287,-0.6525,-0.9697,-0.9626,-0.9548,-0.9465,-0.938,-0.9295,-0.9216,-0.9145,-0.9086,-0.9042,-0.9012,-0.8996,-0.8987,-0.8977,-0.8955,-0.8917,-0.8888,-0.8926,-0.9118,-0.9593,-1.0488,-1.1625,-1.1954,-1.1323,-1.0927,-1.0958,-1.0836,-0.9994,-0.9197,-0.9177,-0.8881,-0.8243,-0.7622,-0.7229,-0.7087,-0.7119]},{"header":{"la1":42.85,"la2":41.18,"lo1":11.55,"lo2":14.05,"nx":36,"ny":24,"dx":0.07143,"dy":0.07261,"parameterCategory":2,"parameterNumber":3,"parameterNumberName":"northward_wind","parameterUnit":"m.s-1"},"data":[-0.7574,-0.7559,-0.751,-0.7426,-0.7309,-0.7167,-0.701,-0.6849,-0.669,-0.653,-0.636,-0.6169,-0.595,-0.5699,-0.5421,-0.5125,-0.4826,-0.4542,-0.4294,-0.4094,-0.3948,-0.3851,-0.3794,-0.3768,-0.3766,-0.3786,-0.3822,-0.3872,-0.3933,-0.4001,-0.4073,-0.4148,-0.4224,-0.4299,-0.4373,-0.4444,-0.7796,-0.7791,-0.7743,-0.7644,-0.7499,-0.7317,-0.712,-0.6929,-0.6758,-0.6604,-0.6446,-0.6261,-0.6033,-0.5757,-0.5437,-0.5084,-0.4721,-0.4377,-0.4084,-0.3863,-0.372,-0.364,-0.3602,-0.359,-0.3601,-0.3634,-0.3686,-0.3753,-0.3831,-0.3916,-0.4004,-0.4094,-0.4184,-0.4271,-0.4356,-0.4437,-0.8055,-0.8071,-0.8027,-0.791,-0.7717,-0.7467,-0.7193,-0.6946,-0.6762,-0.6637,-0.6523,-0.6369,-0.6145,-0.5845,-0.5475,-0.5049,-0.4597,-0.4164,-0.3811,-0.3579,-0.3468,-0.3436,-0.3429,-0.3424,-0.3437,-0.3478,-0.3546,-0.3632,-0.3729,-0.3833,-0.394,-0.4046,-0.4151,-0.4252,-0.4348,-0.4439,-0.8361,-0.8418,-0.8391,-0.8252,-0.7987,-0.7614,-0.719,-0.6818,-0.6611,-0.6572,-0.6574,-0.6497,-0.6298,-0.5981,-0.5556,-0.5035,-0.4452,-0.388,-0.3437,-0.3217,-0.3218,-0.3322,-0.3352,-0.3304,-0.3281,-0.3318,-0.3401,-0.3509,-0.363,-0.3756,-0.3882,-0.4007,-0.4128,-0.4244,-0.4353,-0.4454,-0.8723,-0.8857,-0.8881,-0.8728,-0.8359,-0.7781,-0.7053,-0.637,-0.6092,-0.6299,-0.6586,-0.6665,-0.6517,-0.6192,-0.5713,-0.5078,-0.4303,-0.3487,-0.2869,-0.2699,-0.2996,-0.3485,-0.3509,-0.3244,-0.3119,-0.3146,-0.325,-0.3387,-0.3536,-0.3687,-0.3836,-0.3981,-0.412,-0.4251,-0.4373,-0.4486,-0.914,-0.9419,-0.9573,-0.9447,-0.8943,-0.8066,-0.6806,-0.5343,-0.4799,-0.571,-0.6614,-0.6926,-0.6834,-0.6513,-0.6003,-0.5258,-0.4233,-0.2994,-0.1974,-0.1858,-0.2552,-0.3695,-0.3645,-0.3065,-0.2881,-0.2941,-0.3093,-0.3271,-0.3453,-0.3632,-0.3805,-0.3971,-0.4129,-0.4278,-0.4414,-0.4538,-0.9579,-1.0112,-1.0579,-1.06,-0.9903,-0.8677,-0.6897,-0.4284,-0.3104,-0.5316,-0.6945,-0.7377,-0.7282,-0.6984,-0.6511,-0.5721,-0.4462,-0.2747,-0.1178,-0.1116,-0.1392,-0.2165,-0.2517,-0.2412,-0.2495,-0.2702,-0.2938,-0.3169,-0.3387,-0.3595,-0.3794,-0.3984,-0.4163,-0.4329,-0.4481,-0.4616,-0.9931,-1.0824,-1.1967,-1.2475,-1.13,-0.9665,-0.8068,-0.5989,-0.5077,-0.6846,-0.7989,-0.8082,-0.7848,-0.7629,-0.7375,-0.6691,-0.527,-0.3335,-0.1653,-0.0658,0.1235,0.1161,-0.0427,-0.1449,-0.2052,-0.2478,-0.2813,-0.3096,-0.3349,-0.3585,-0.381,-0.4024,-0.4227,-0.4413,-0.458,-0.4726,-1.0002,-1.1099,-1.3077,-1.471,-1.2338,-1.0421,-0.9757,-0.9406,-0.9542,-0.9972,-0.9668,-0.8936,-0.8422,-0.8414,-0.8879,-0.8644,-0.6728,-0.4372,-0.2167,0.0833,0.5866,0.494,0.1174,-0.0795,-0.1776,-0.2352,-0.2752,-0.3067,-0.3345,-0.3606,-0.3858,-0.4101,-0.4329,-0.4538,-0.4723,-0.4879,-0.9674,-1.0364,-1.1496,-1.2223,-1.0386,-1.0284,-1.1159,-1.2276,-1.3802,-1.405,-1.172,-0.968,-0.8789,-0.9045,-1.1313,-1.2635,-0.8404,-0.518,-0.2805,0.0147,0.389,0.3537,0.0844,-0.0862,-0.1805,-0.238,-0.2777,-0.3092,-0.3379,-0.3661,-0.3944,-0.4222,-0.4483,-0.4719,-0.4921,-0.5086,-0.915,-0.9149,-0.8324,-0.5591,-0.6136,-0.9839,-1.2561,-1.4556,-1.7814,-1.9587,-1.3381,-0.9918,-0.8806,-0.8926,-1.0936,-1.2696,-0.7991,-0.5127,-0.3407,-0.1694,-0.007,0.0266,-0.0515,-0.1398,-0.2078,-0.2554,-0.2889,-0.3166,-0.3447,-0.3753,-0.4077,-0.4401,-0.4707,-0.4975,-0.5196,-0.5365,-0.8758,-0.8517,-0.7514,-0.559,-0.6409,-1.0734,-1.4635,-1.6942,-1.7119,-1.6936,-1.2309,-0.9422,-0.8701,-0.9168,-0.8627,-0.7427,-0.5623,-0.4382,-0.367,-0.2625,-0.1665,-0.1247,-0.141,-0.1902,-0.2461,-0.2867,-0.3085,-0.3276,-0.354,-0.3881,-0.4268,-0.4662,-0.5028,-0.5337,-0.5574,-0.5738,-0.8578,-0.8493,-0.8195,-0.8026,-0.9228,-1.2274,-1.6256,-1.9692,-1.7621,-1.353,-1.0273,-0.8784,-0.8524,-0.9474,-0.8274,-0.4933,-0.3531,-0.4278,-0.4238,-0.2713,-0.1816,-0.1454,-0.1601,-0.2171,-0.2948,-0.3393,-0.3366,-0.3391,-0.3639,-0.4049,-0.4541,-0.5044,-0.5496,-0.5854,-0.6099,-0.6237,-0.849,-0.8597,-0.8753,-0.9202,-1.0351,-1.2407,-1.5167,-1.7643,-1.6049,-1.14,-0.8585,-0.8623,-0.8946,-0.8458,-0.522,-0.2117,-0.0776,-0.2036,-0.28,-0.1806,-0.0958,-0.0707,-0.1158,-0.2116,-0.3388,-0.3984,-0.3584,-0.344,-0.3729,-0.4276,-0.4943,-0.5616,-0.6192,-0.6604,-0.6833,-0.6906,-0.8374,-0.8572,-0.8865,-0.9364,-1.0193,-1.1361,-1.2612,-1.3116,-1.1507,-0.8443,-0.6283,-0.5804,-0.5926,-0.503,-0.337,-0.0738,1.051,0.2399,-0.0433,-0.0126,0.1299,0.1325,-0.0025,-0.1518,-0.2907,-0.3561,-0.3331,-0.3328,-0.3801,-0.4597,-0.5555,-0.65,-0.7257,-0.7713,-0.7864,-0.7792,-0.8192,-0.8392,-0.8658,-0.9024,-0.9498,-0.9996,-1.0271,-0.9859,-0.8342,-0.594,-0.3599,-0.2641,-0.331,-0.3712,-0.2241,0.2168,0.7848,0.2437,-0.0024,0.1524,0.6186,0.5068,0.1456,-0.0616,-0.1788,-0.2369,-0.2589,-0.2995,-0.3838,-0.5059,-0.6502,-0.7907,-0.8934,-0.9378,-0.9307,-0.894,-0.7949,-0.8106,-0.8289,-0.8495,-0.8691,-0.8787,-0.8619,-0.7976,-0.6739,-0.5044,-0.3519,-0.2963,-0.1159,-0.0227,-0.153,-0.0405,0.0389,-0.1229,-0.2371,0.0647,0.6865,0.5552,0.1766,-0.0075,-0.0809,-0.1046,-0.1393,-0.2307,-0.378,-0.5694,-0.7952,-1.0175,-1.1618,-1.1865,-1.1254,-1.034,-0.7671,-0.777,-0.7866,-0.794,-0.7956,-0.7848,-0.7524,-0.6906,-0.5987,-0.4903,-0.3907,-0.2849,-0.0647,-0.0023,-0.1406,-0.1476,-0.1974,-0.4977,-0.8582,-0.2878,0.1179,0.1844,0.0783,0.0041,0.0186,0.1028,0.0928,-0.1006,-0.3594,-0.6493,-1.0,-1.3689,-1.5768,-1.5325,-1.3609,-1.1841,-0.7382,-0.7427,-0.745,-0.7433,-0.7346,-0.7146,-0.6792,-0.6256,-0.5559,-0.4772,-0.3962,-0.3077,-0.2124,-0.1675,-0.1398,-0.1243,-0.2214,-0.4358,-0.5816,-0.1537,-0.0245,0.0167,0.0053,0.005,0.1222,0.4506,0.5181,0.0523,-0.3615,-0.7358,-1.2196,-1.8,-2.0866,-1.9004,-1.5738,-1.3052,-0.7102,-0.7102,-0.7072,-0.6997,-0.6855,-0.6623,-0.6282,-0.5825,-0.5268,-0.4649,-0.3999,-0.3334,-0.2708,-0.218,-0.162,-0.1463,-0.1937,-0.1873,0.0947,0.2584,0.0441,0.005,-0.0043,-0.0089,0.0896,0.4775,0.5712,-0.0851,-0.4724,-0.8106,-1.3049,-1.9734,-2.2958,-2.0342,-1.6455,-1.3471,-0.6839,-0.6805,-0.674,-0.663,-0.6464,-0.6227,-0.5912,-0.5519,-0.5059,-0.4555,-0.4027,-0.3499,-0.2995,-0.2536,-0.2152,-0.1963,-0.1838,-0.1217,0.0325,0.1068,0.0575,0.0748,0.0728,-0.0111,-0.1094,-0.2448,-0.632,-0.6595,-0.6946,-0.8779,-1.1995,-1.6605,-1.9238,-1.7958,-1.5285,-1.2933,-0.66,-0.6543,-0.6454,-0.6327,-0.6152,-0.5923,-0.5636,-0.5294,-0.4905,-0.4484,-0.4046,-0.3609,-0.3189,-0.2805,-0.2476,-0.2205,-0.1886,-0.1338,-0.0565,0.0124,0.1063,0.2907,0.3368,0.0877,-0.2242,-0.6169,-1.0495,-0.9287,-0.9198,-0.987,-1.0889,-1.2926,-1.4521,-1.4427,-1.3228,-1.1813,-0.6387,-0.6313,-0.6211,-0.6076,-0.5902,-0.5685,-0.5425,-0.5124,-0.479,-0.4432,-0.4061,-0.369,-0.333,-0.2992,-0.2678,-0.2371,-0.2013,-0.1536,-0.0908,-0.002,0.1696,0.4822,0.5752,0.1947,-0.2143,-0.5648,-0.8174,-0.9694,-1.2072,-1.157,-1.0678,-1.0996,-1.1654,-1.1802,-1.1352,-1.0605,-0.6198,-0.6114,-0.6006,-0.5869,-0.57,-0.5497,-0.5262,-0.4996,-0.4704,-0.4394,-0.4074,-0.3753,-0.3437,-0.3131,-0.2832,-0.2523,-0.2173,-0.1738,-0.116,-0.0297,0.1145,0.3059,0.3394,0.0942,-0.2205,-0.4988,-0.7367,-1.0002,-1.243,-1.1802,-1.0475,-1.0052,-1.0129,-1.017,-0.9969,-0.957]}]