docs/data/wind_grid.json
[{"header":{"la1":42.85,"la2":41.18,"lo1":11.55,"lo2":14.05,"nx":36,"ny":24,"dx":0.07143,"dy":0.07261,"parameterCategory":2,"parameterNumber":2,"parameterNumberName":"eastward_wind","parameterUnit":"m.s-1"},"data":[0.3701,0.367,0.3633,0.359,0.3536,0.3467,0.3376,0.3251,0.3084,0.2863,0.2582,0.2238,0.183,0.1358,0.0832,0.0272,-0.0279,-0.0762,-0.111,-0.1271,-0.1233,-0.1027,-0.0706,-0.0325,0.0072,0.0455,0.081,0.1129,0.141,0.1655,0.1867,0.2049,0.2205,0.234,0.2456,0.2556,0.3763,0.3739,0.3712,0.3681,0.3643,0.3591,0.3517,0.3405,0.3238,0.3002,0.2687,0.2288,0.1801,0.1222,0.0551,-0.0195,-0.0964,-0.1658,-0.2153,-0.2351,-0.2235,-0.1873,-0.1369,-0.0817,-0.0278,0.0215,0.0651,0.1029,0.1352,0.1625,0.1855,0.205,0.2213,0.2351,0.2467,0.2567,0.3827,0.3812,0.3797,0.3781,0.3763,0.3738,0.3694,0.361,0.3454,0.3203,0.2846,0.2384,0.1811,0.1109,0.0258,-0.0746,-0.1849,-0.2898,-0.3647,-0.3888,-0.36,-0.295,-0.215,-0.1351,-0.0627,-0.0002,0.0524,0.0962,0.1324,0.1623,0.1868,0.207,0.2236,0.2374,0.2488,0.2585,0.3894,0.3888,0.3885,0.3886,0.3893,0.3905,0.3912,0.388,0.3752,0.3482,0.3069,0.2533,0.1869,0.104,-0.0015,-0.1358,-0.2976,-0.4648,-0.5872,-0.615,-0.5477,-0.429,-0.3019,-0.188,-0.0932,-0.0164,0.0451,0.0944,0.1339,0.1655,0.1908,0.2112,0.2276,0.2409,0.2518,0.2609,0.3961,0.3964,0.3973,0.3991,0.4024,0.4081,0.4163,0.4228,0.4159,0.3851,0.3346,0.2722,0.1978,0.1046,-0.0201,-0.1935,-0.4292,-0.7066,-0.9234,-0.9497,-0.7957,-0.5809,-0.3858,-0.2311,-0.113,-0.0231,0.0458,0.0991,0.1405,0.1728,0.198,0.2178,0.2333,0.2455,0.2554,0.2635,0.4028,0.4039,0.4058,0.4088,0.4141,0.4238,0.4409,0.4634,0.4676,0.4277,0.3623,0.2912,0.2128,0.1154,-0.0202,-0.2255,-0.5442,-0.989,-1.3827,-1.3904,-1.0672,-0.7123,-0.4413,-0.2501,-0.1145,-0.0161,0.0567,0.1115,0.153,0.1845,0.2085,0.2266,0.2404,0.2511,0.2594,0.2663,0.4094,0.4113,0.4139,0.4177,0.4236,0.434,0.4548,0.4905,0.5073,0.4543,0.3775,0.3052,0.2298,0.1373,0.006,-0.2028,-0.5583,-1.1305,-1.7135,-1.6927,-1.1981,-0.7432,-0.4347,-0.2309,-0.0915,0.0074,0.0793,0.1324,0.1717,0.2007,0.222,0.2375,0.2487,0.257,0.2633,0.2685,0.4158,0.4185,0.4219,0.4263,0.4317,0.4393,0.452,0.4733,0.4798,0.4355,0.374,0.3131,0.2476,0.1675,0.0553,-0.121,-0.4169,-0.8891,-1.3795,-1.3886,-0.9956,-0.6171,-0.3511,-0.1699,-0.0433,0.0475,0.1135,0.1616,0.1963,0.221,0.2381,0.2497,0.2573,0.2625,0.2663,0.2695,0.422,0.4256,0.4302,0.4357,0.4417,0.447,0.4498,0.4478,0.4354,0.4077,0.3685,0.3203,0.2649,0.1996,0.1118,-0.0196,-0.2175,-0.4833,-0.728,-0.77,-0.6085,-0.3981,-0.218,-0.0794,0.0243,0.1012,0.1575,0.1979,0.226,0.2445,0.2559,0.2622,0.2653,0.2666,0.2673,0.2683,0.4278,0.4324,0.4385,0.4464,0.456,0.4653,0.4681,0.4552,0.4277,0.404,0.3739,0.3291,0.2793,0.2265,0.1592,0.0564,-0.0896,-0.2492,-0.3638,-0.3847,-0.3144,-0.199,-0.0805,0.0217,0.1029,0.1644,0.2092,0.24,0.2594,0.2699,0.2739,0.2736,0.2709,0.2676,0.2649,0.2635,0.4329,0.4383,0.4461,0.4573,0.4737,0.4964,0.5189,0.5048,0.4289,0.4024,0.3831,0.3366,0.2869,0.2412,0.1922,0.0953,-0.0719,-0.2526,-0.3285,-0.2781,-0.1735,-0.0615,0.0393,0.1221,0.1864,0.2337,0.2662,0.286,0.2951,0.2958,0.2904,0.2817,0.2719,0.2632,0.2568,0.2534,0.437,0.4429,0.4515,0.465,0.4877,0.5296,0.6129,0.6897,0.503,0.4164,0.3864,0.3454,0.2908,0.2289,0.2103,0.1123,-0.1589,-0.5515,-0.6203,-0.3603,-0.1212,0.0406,0.1488,0.2227,0.2736,0.3074,0.3272,0.3347,0.3316,0.32,0.3029,0.2835,0.265,0.2501,0.2402,0.2355,0.4401,0.4456,0.4537,0.4663,0.4877,0.5289,0.6312,1.1157,0.4309,0.4148,0.3884,0.3701,0.3377,0.2277,0.2241,0.1234,-0.2587,-1.1162,-1.1249,-0.4426,-0.0442,0.1614,0.2701,0.3305,0.3658,0.3852,0.3913,0.385,0.3672,0.3403,0.3078,0.2746,0.2453,0.2237,0.211,0.2069,0.4422,0.4467,0.4529,0.4616,0.474,0.4888,0.4817,0.2969,0.3028,0.3945,0.3932,0.3933,0.4083,0.5481,0.3153,0.1224,-0.1577,-0.6635,-0.7131,-0.195,0.1695,0.3477,0.4199,0.4495,0.4632,0.4665,0.4583,0.4364,0.4007,0.3536,0.3003,0.2483,0.2054,0.1768,0.1638,0.1638,0.4439,0.447,0.4509,0.4553,0.4592,0.4582,0.4398,0.4,0.3943,0.4143,0.4119,0.3758,0.3923,0.3988,0.326,0.0269,-0.2349,-0.1087,-0.0124,0.2558,0.5188,0.6055,0.5916,0.5727,0.562,0.5506,0.5288,0.4898,0.4316,0.3569,0.2735,0.1943,0.1335,0.0994,0.0913,0.1022,0.4456,0.4477,0.4497,0.4512,0.4511,0.4472,0.4376,0.427,0.4287,0.4543,0.5274,0.2765,0.3059,0.3617,0.3241,0.1202,-0.0752,0.1584,0.3758,0.6182,0.8857,0.8595,0.7421,0.6831,0.6571,0.6383,0.6067,0.5489,0.4611,0.3467,0.2173,0.0963,0.0115,-0.0228,-0.0142,0.0193,0.4479,0.4492,0.4502,0.4505,0.4494,0.4464,0.442,0.439,0.4431,0.4646,0.5124,0.3922,0.2929,0.2827,0.4027,0.4125,0.4026,0.5291,0.6725,0.7925,0.9475,0.9193,0.8251,0.7711,0.748,0.7359,0.702,0.6215,0.4928,0.3212,0.1198,-0.0692,-0.1853,-0.2048,-0.1569,-0.0827,0.451,0.452,0.4527,0.4528,0.4521,0.4507,0.449,0.4484,0.4504,0.4544,0.4485,0.4069,0.3228,0.3396,0.645,0.7923,0.7452,0.7931,0.8195,0.9358,0.9698,0.9397,0.892,0.8505,0.8382,0.8558,0.8332,0.7145,0.5284,0.2828,-0.0244,-0.3209,-0.4726,-0.4448,-0.324,-0.1902,0.4548,0.456,0.4569,0.4575,0.4578,0.458,0.4583,0.4595,0.4616,0.4636,0.4631,0.4626,0.4872,0.6534,1.164,1.3539,1.0065,0.9731,1.0528,1.4012,1.2582,1.0937,0.9988,0.932,0.9136,0.9927,1.0044,0.7998,0.5515,0.2446,-0.1774,-0.608,-0.7867,-0.6778,-0.4671,-0.2732,0.4594,0.4609,0.4624,0.4639,0.4654,0.4673,0.4698,0.4735,0.4788,0.4867,0.5002,0.5299,0.6053,0.7957,1.1488,1.2665,1.0982,1.2357,1.8873,2.1914,1.5694,1.2772,1.1459,1.0241,0.9339,0.9978,1.017,0.7373,0.5205,0.2319,-0.2245,-0.7151,-0.9028,-0.756,-0.5102,-0.2955,0.4646,0.4667,0.4689,0.4714,0.4743,0.478,0.4828,0.4894,0.4989,0.5133,0.5371,0.5795,0.6569,0.787,0.9454,1.0319,1.0794,1.2752,1.6637,1.8059,1.5692,1.4667,1.3968,1.1842,0.9213,0.7015,0.4458,0.4427,0.4408,0.2564,-0.1061,-0.5061,-0.6871,-0.6057,-0.4213,-0.2437,0.4701,0.4729,0.476,0.4795,0.4839,0.4892,0.4962,0.5057,0.5188,0.5377,0.5662,0.6098,0.6748,0.7623,0.858,0.9427,1.0371,1.1871,1.3721,1.4872,1.5839,1.8342,1.8934,1.4839,0.9847,0.5428,0.223,0.3101,0.398,0.3019,0.068,-0.1953,-0.3475,-0.3451,-0.2529,-0.1397,0.4759,0.4793,0.4833,0.4879,0.4935,0.5004,0.5093,0.5209,0.5365,0.5578,0.5873,0.628,0.682,0.7483,0.8222,0.901,0.993,1.1088,1.2424,1.3963,1.6628,2.122,2.25,1.7137,1.1149,0.6771,0.4393,0.4159,0.4277,0.357,0.2102,0.0449,-0.0705,-0.105,-0.0768,-0.0193,0.4817,0.4858,0.4905,0.4961,0.5028,0.511,0.5213,0.5344,0.5514,0.5735,0.6023,0.6394,0.6856,0.7405,0.803,0.8734,0.9551,1.0526,1.1708,1.3292,1.5731,1.8748,1.9326,1.5944,1.1617,0.8275,0.6285,0.5404,0.4892,0.417,0.3146,0.2048,0.1189,0.0752,0.0711,0.0926]},{"header":{"la1":42.85,"la2":41.18,"lo1":11.55,"lo2":14.05,"nx":36,"ny":24,"dx":0.07143,"dy":0.07261,"parameterCategory":2,"parameterNumber":3,"parameterNumberName":"northward_wind","parameterUnit":"m.s-1"},"data":[0.5735,0.5838,0.5945,0.6053,0.6154,0.6239,0.629,0.6292,0.6231,0.6104,0.592,0.5693,0.5436,0.5159,0.4868,0.4571,0.4279,0.401,0.378,0.3601,0.3472,0.3383,0.3317,0.326,0.32,0.3133,0.3056,0.297,0.2876,0.2777,0.2675,0.2572,0.247,0.2371,0.2276,0.2188,0.5829,0.5953,0.6089,0.6233,0.6381,0.6518,0.6619,0.6654,0.6596,0.6439,0.6201,0.5912,0.5594,0.5257,0.4903,0.4535,0.4168,0.3829,0.3552,0.3359,0.3248,0.3195,0.3169,0.3145,0.3109,0.3056,0.2985,0.29,0.2803,0.2699,0.259,0.2479,0.237,0.2264,0.2164,0.207,0.5914,0.606,0.6227,0.6417,0.6629,0.6847,0.7036,0.7137,0.7089,0.6879,0.6551,0.617,0.5772,0.5364,0.4933,0.4473,0.3994,0.3544,0.319,0.2985,0.2922,0.2943,0.2987,0.3015,0.3013,0.2977,0.2913,0.2828,0.2726,0.2613,0.2495,0.2375,0.2257,0.2143,0.2036,0.1937,0.5985,0.6151,0.635,0.6591,0.6883,0.7225,0.7571,0.7811,0.7795,0.7479,0.6984,0.6459,0.5963,0.5482,0.497,0.4391,0.3743,0.3098,0.2606,0.2399,0.245,0.2618,0.2779,0.2881,0.2919,0.2902,0.2842,0.2753,0.2643,0.252,0.239,0.2258,0.2128,0.2005,0.189,0.1785,0.6036,0.6217,0.644,0.6727,0.7109,0.7619,0.8239,0.8785,0.8864,0.8311,0.7486,0.6746,0.615,0.5616,0.5037,0.4323,0.3428,0.2435,0.1669,0.1489,0.1805,0.2239,0.2572,0.2764,0.2841,0.2837,0.2776,0.2678,0.2554,0.2416,0.2271,0.2124,0.1981,0.1846,0.1722,0.1611,0.6064,0.625,0.6482,0.6793,0.724,0.7919,0.8931,1.0101,1.0451,0.9355,0.7935,0.6945,0.6303,0.5776,0.5177,0.4353,0.3165,0.1622,0.0328,0.0249,0.1081,0.1907,0.2429,0.2695,0.2794,0.2788,0.2716,0.26,0.2458,0.23,0.2134,0.1969,0.181,0.1661,0.1527,0.141,0.607,0.6249,0.6469,0.6763,0.7198,0.7918,0.9189,1.1087,1.1898,0.9973,0.7972,0.693,0.64,0.5984,0.5446,0.4602,0.3245,0.1232,-0.0668,-0.0621,0.0734,0.1831,0.2431,0.2704,0.2787,0.2758,0.2661,0.2519,0.2351,0.2166,0.1976,0.1787,0.1608,0.1444,0.1298,0.1175,0.6056,0.622,0.6411,0.6648,0.6973,0.749,0.8417,0.9875,1.0436,0.8721,0.7228,0.6663,0.6479,0.6288,0.5886,0.5135,0.39,0.2105,0.0393,0.0288,0.1309,0.2157,0.261,0.2793,0.2817,0.2743,0.2607,0.243,0.2227,0.201,0.1788,0.1571,0.1368,0.1185,0.1027,0.0898,0.603,0.6179,0.6337,0.6505,0.6681,0.6865,0.7054,0.7144,0.6746,0.6028,0.593,0.63,0.6656,0.6767,0.6522,0.5876,0.4861,0.3612,0.2526,0.2162,0.2397,0.2709,0.2887,0.2927,0.2865,0.2731,0.2547,0.2327,0.2082,0.1824,0.1563,0.1311,0.1077,0.0872,0.0701,0.0568,0.5999,0.6139,0.6279,0.6407,0.6494,0.6466,0.6147,0.5166,0.3335,0.2692,0.4416,0.6095,0.7098,0.7539,0.7403,0.6715,0.5679,0.4609,0.3789,0.3348,0.3205,0.3179,0.3144,0.3055,0.2907,0.271,0.2473,0.2203,0.1909,0.16,0.129,0.0992,0.0721,0.0489,0.0305,0.0172,0.5966,0.6107,0.6251,0.639,0.6504,0.6532,0.6266,0.4886,0.0344,-0.1806,0.3311,0.6369,0.7916,0.8711,0.8638,0.7615,0.613,0.4746,0.3941,0.3655,0.3544,0.3448,0.332,0.3148,0.2931,0.2674,0.2381,0.2056,0.1702,0.1329,0.0953,0.0595,0.0275,0.0013,-0.0183,-0.031,0.5928,0.6076,0.624,0.6426,0.6649,0.6947,0.7374,0.7431,0.3887,0.1281,0.4662,0.7191,0.8836,0.9873,1.0381,0.8505,0.6072,0.362,0.2879,0.3331,0.3588,0.3584,0.3439,0.3212,0.2935,0.2622,0.2273,0.1884,0.1457,0.0999,0.0534,0.0092,-0.0292,-0.0592,-0.0794,-0.0902,0.5877,0.6033,0.6215,0.6443,0.6756,0.725,0.8142,0.9842,0.7733,0.5948,0.6537,0.7827,0.9082,1.1242,1.2118,0.8912,0.5889,0.1233,0.0992,0.2972,0.3654,0.3741,0.357,0.3276,0.2931,0.256,0.2155,0.1696,0.1175,0.06,0.0005,-0.0557,-0.1032,-0.1375,-0.1573,-0.1636,0.5806,0.5962,0.6149,0.6384,0.67,0.7149,0.7737,0.8043,0.7625,0.6877,0.7107,0.7882,0.8449,1.1372,0.9974,0.8946,0.7619,0.3664,0.2523,0.3544,0.4069,0.4122,0.3815,0.3371,0.2929,0.2504,0.205,0.1514,0.0868,0.0121,-0.0673,-0.1422,-0.2026,-0.2416,-0.2579,-0.2551,0.5711,0.5858,0.6032,0.6241,0.6498,0.6805,0.7106,0.7225,0.7009,0.6782,0.6886,0.7251,0.8268,0.892,0.8769,1.0107,1.2858,0.7596,0.4719,0.4449,0.5116,0.5073,0.4265,0.3485,0.2923,0.2481,0.2011,0.1393,0.0569,-0.0446,-0.1562,-0.2611,-0.3406,-0.383,-0.3892,-0.3689,0.5593,0.5723,0.5871,0.6038,0.6224,0.6411,0.6555,0.6592,0.6529,0.654,0.675,0.6252,0.6465,0.7042,0.7036,0.8671,1.0764,0.6743,0.4215,0.4801,0.7498,0.689,0.4731,0.3478,0.2894,0.257,0.2163,0.1447,0.0347,-0.1102,-0.2755,-0.4308,-0.5382,-0.5782,-0.5599,-0.5073,0.5455,0.5563,0.568,0.5803,0.5927,0.6036,0.6107,0.6126,0.6127,0.6224,0.6491,0.5954,0.4189,0.3286,0.4091,0.4274,0.4271,0.249,0.1233,0.3202,0.7605,0.6793,0.4254,0.3113,0.2896,0.3004,0.279,0.188,0.0307,-0.1835,-0.4378,-0.678,-0.8244,-0.8439,-0.7731,-0.666,0.5302,0.5385,0.5471,0.5555,0.563,0.5685,0.5709,0.57,0.5672,0.5642,0.5489,0.4764,0.3103,0.2185,-0.0081,-0.1617,-0.0463,-0.1349,-0.2709,-0.0755,0.2105,0.3013,0.2513,0.2418,0.3152,0.4283,0.4404,0.2908,0.0513,-0.2596,-0.6475,-1.0236,-1.2156,-1.1747,-1.0103,-0.826,0.5138,0.5198,0.5254,0.5303,0.5337,0.5348,0.5329,0.5271,0.5167,0.4981,0.4599,0.3812,0.2454,-0.0265,-0.7764,-1.0657,-0.4123,-0.2858,-0.3715,-0.4816,-0.2476,-0.0411,0.0555,0.1578,0.3616,0.665,0.7231,0.4147,0.0719,-0.3245,-0.8573,-1.4005,-1.6267,-1.4849,-1.2078,-0.9482,0.497,0.5006,0.5036,0.5053,0.5051,0.5024,0.4961,0.4849,0.4668,0.4369,0.3862,0.2988,0.1442,-0.1645,-0.7217,-0.8942,-0.4855,-0.4308,-0.8402,-1.0429,-0.5435,-0.2717,-0.1341,0.0281,0.2947,0.6794,0.7563,0.3421,0.0299,-0.3518,-0.9271,-1.54,-1.7754,-1.5886,-1.2709,-0.9877,0.4799,0.4815,0.482,0.4809,0.4777,0.4715,0.4613,0.4455,0.4216,0.3854,0.3296,0.2427,0.1066,-0.0997,-0.3366,-0.4263,-0.3713,-0.4292,-0.6691,-0.7549,-0.5566,-0.4581,-0.3879,-0.1951,0.0527,0.1789,0.0255,0.0008,-0.0678,-0.3325,-0.7908,-1.2845,-1.5069,-1.4022,-1.1643,-0.9304,0.463,0.4627,0.4611,0.4576,0.4518,0.4428,0.4294,0.4104,0.3832,0.3447,0.29,0.2131,0.1085,-0.0205,-0.1453,-0.2225,-0.2653,-0.3387,-0.4479,-0.5157,-0.5763,-0.7625,-0.8075,-0.4996,-0.1799,-0.0853,-0.183,-0.1384,-0.1338,-0.2965,-0.5927,-0.9116,-1.0926,-1.0829,-0.9598,-0.8072,0.4466,0.4446,0.4411,0.4357,0.4278,0.4166,0.4011,0.3801,0.3518,0.3138,0.2637,0.1989,0.1193,0.0303,-0.0552,-0.1259,-0.188,-0.259,-0.3438,-0.448,-0.6425,-0.9883,-1.0853,-0.6988,-0.3256,-0.1611,-0.1406,-0.1363,-0.1613,-0.2669,-0.4441,-0.6352,-0.7646,-0.7958,-0.7492,-0.6648,0.4308,0.4274,0.4224,0.4154,0.4058,0.3931,0.3764,0.3546,0.3265,0.2907,0.2459,0.1916,0.1286,0.0607,-0.0068,-0.0706,-0.1333,-0.202,-0.2846,-0.399,-0.5805,-0.8074,-0.8549,-0.6257,-0.3649,-0.2131,-0.1573,-0.1493,-0.1752,-0.2437,-0.3489,-0.4628,-0.5494,-0.5865,-0.5762,-0.5343]}]