docs/data/wind_grid.json
[{"header":{"la1":42.85,"la2":41.18,"lo1":11.55,"lo2":14.05,"nx":36,"ny":24,"dx":0.07143,"dy":0.07261,"parameterCategory":2,"parameterNumber":2,"parameterNumberName":"eastward_wind","parameterUnit":"m.s-1"},"data":[0.3552,0.3344,0.3103,0.2832,0.2545,0.2269,0.2039,0.1894,0.1863,0.1947,0.2119,0.2335,0.2552,0.2735,0.2859,0.2906,0.2856,0.2692,0.2407,0.2021,0.1601,0.125,0.1067,0.1083,0.1262,0.1533,0.1837,0.2137,0.2416,0.2667,0.2891,0.3089,0.3265,0.3422,0.3561,0.3686,0.3595,0.3356,0.3061,0.2711,0.2316,0.1911,0.1555,0.1324,0.1279,0.1427,0.1716,0.2064,0.24,0.268,0.2876,0.2969,0.2935,0.2736,0.2335,0.173,0.102,0.042,0.0147,0.0248,0.0601,0.1053,0.1504,0.1911,0.2264,0.2567,0.2826,0.305,0.3244,0.3414,0.3564,0.3697,0.3687,0.342,0.307,0.2622,0.2075,0.1463,0.0878,0.0471,0.0388,0.0657,0.1158,0.1723,0.2235,0.2645,0.2938,0.3107,0.3126,0.2928,0.2401,0.1447,0.0176,-0.0936,-0.1332,-0.097,-0.0245,0.0511,0.1167,0.1702,0.2136,0.2489,0.2782,0.3029,0.3239,0.3421,0.3579,0.3718,0.3845,0.3566,0.3171,0.2616,0.1866,0.0927,-0.0086,-0.0875,-0.1057,-0.0532,0.0383,0.1309,0.2071,0.2644,0.3055,0.3333,0.3475,0.3395,0.2831,0.1382,-0.1023,-0.3309,-0.3799,-0.2672,-0.1216,-0.0014,0.0883,0.1547,0.2052,0.2447,0.2766,0.303,0.3253,0.3443,0.3608,0.3751,0.4085,0.3825,0.3418,0.278,0.1799,0.0381,-0.1424,-0.3104,-0.3568,-0.2407,-0.0637,0.0869,0.1946,0.2693,0.3224,0.3633,0.3997,0.4306,0.4119,0.2231,-0.2293,-0.7291,-0.7485,-0.4535,-0.2008,-0.035,0.0737,0.1486,0.2032,0.245,0.2783,0.3057,0.3287,0.3482,0.3651,0.3797,0.4416,0.4217,0.3866,0.3227,0.207,0.0095,-0.2963,-0.6645,-0.7936,-0.5099,-0.1699,0.0554,0.1929,0.2812,0.3431,0.3948,0.4579,0.5663,0.6987,0.54,-0.1576,-0.9723,-0.9391,-0.5029,-0.2063,-0.0306,0.0797,0.1544,0.2085,0.2501,0.2834,0.3109,0.3341,0.3539,0.3709,0.3856,0.4826,0.4727,0.4507,0.402,0.2886,0.0574,-0.3538,-0.9765,-1.2544,-0.7022,-0.2055,0.0597,0.2081,0.3017,0.3671,0.4205,0.491,0.6545,0.9986,0.9206,0.1481,-0.4323,-0.5246,-0.3171,-0.1221,0.0131,0.1052,0.1706,0.2199,0.259,0.2912,0.3183,0.3414,0.3612,0.3782,0.3928,0.5292,0.5285,0.5153,0.4918,0.4152,0.2015,-0.1666,-0.6588,-0.8624,-0.4762,-0.1121,0.1031,0.2371,0.3299,0.3983,0.4455,0.4882,0.575,0.7232,0.5595,0.0328,-0.1709,-0.1814,-0.1099,-0.0118,0.0736,0.1399,0.1917,0.234,0.2699,0.3008,0.3275,0.3505,0.3702,0.387,0.4014,0.5812,0.5889,0.5535,0.5049,0.5288,0.3777,0.1051,-0.1496,-0.2515,-0.1638,-0.0021,0.149,0.2642,0.36,0.4491,0.4968,0.4967,0.4878,0.4258,0.1339,-0.3988,-0.3431,-0.1062,0.005,0.0736,0.1263,0.1703,0.2097,0.2464,0.2804,0.3109,0.3378,0.3609,0.3806,0.3972,0.4112,0.6402,0.6841,0.6971,0.6889,0.7706,0.5644,0.2781,0.0458,-0.1421,-0.1776,-0.0008,0.1667,0.2705,0.368,0.5341,0.6184,0.5393,0.4981,0.4064,0.1564,-0.2133,-0.2026,-0.0095,0.0883,0.1307,0.1565,0.1832,0.2158,0.2522,0.2881,0.3208,0.3491,0.3729,0.3926,0.4089,0.4223,0.6932,0.8004,1.0165,1.4596,1.3606,0.744,0.3548,0.0946,-0.3438,-0.5578,-0.0583,0.1766,0.2419,0.2848,0.4778,0.6175,0.5615,0.5784,0.5369,0.3847,0.1987,0.1281,0.1485,0.1611,0.1516,0.1446,0.1614,0.2003,0.2473,0.2922,0.3305,0.3617,0.3866,0.4063,0.422,0.4347,0.7124,0.8361,1.0738,1.4331,1.3123,0.7122,0.356,0.2075,-0.0472,-0.2442,0.0713,0.2165,0.1878,0.0531,0.1865,0.4421,0.6017,0.7704,0.7829,0.6063,0.4371,0.3282,0.2598,0.1877,0.1007,0.0493,0.0787,0.1548,0.2323,0.295,0.3423,0.3771,0.4028,0.422,0.4366,0.4481,0.6921,0.7775,0.8957,0.9833,0.8586,0.5616,0.3397,0.2129,0.2771,0.2122,0.2621,0.2623,0.2064,-0.0425,0.0874,0.4712,0.692,1.1151,1.1236,0.7527,0.5474,0.419,0.3072,0.1535,-0.0667,-0.1927,-0.0838,0.0885,0.2186,0.3043,0.3603,0.3972,0.4222,0.4396,0.4523,0.462,0.6532,0.6956,0.7321,0.7264,0.6388,0.4979,0.3832,0.3549,0.3587,0.3849,0.4013,0.2641,0.2144,0.3876,0.4344,0.6098,0.743,0.9473,0.9577,0.7277,0.5566,0.4422,0.327,0.1207,-0.2563,-0.4827,-0.2276,0.0591,0.2326,0.3315,0.3892,0.4235,0.4445,0.4582,0.468,0.4758,0.6163,0.6328,0.6375,0.6167,0.5646,0.4969,0.4435,0.4282,0.4652,0.556,0.6251,0.5599,0.49,0.4986,0.5819,0.6783,1.2774,0.9237,0.7708,0.6193,0.4779,0.4102,0.35,0.1922,-0.1115,-0.2994,-0.1017,0.1447,0.2985,0.3842,0.4305,0.4546,0.4673,0.4752,0.4817,0.4878,0.5895,0.5946,0.5909,0.5747,0.5473,0.5184,0.5035,0.5199,0.5898,0.7498,1.0303,0.8205,0.7318,0.659,0.6986,0.8831,1.1557,0.8789,0.6781,0.5025,0.2947,0.3141,0.3713,0.3222,0.2045,0.1353,0.2044,0.321,0.4079,0.4574,0.4793,0.4847,0.4842,0.4852,0.4896,0.496,0.5731,0.5746,0.5711,0.5624,0.5512,0.5442,0.551,0.5841,0.6601,0.8046,1.0064,0.9033,0.9866,1.0625,0.8453,0.8363,0.8264,0.6931,0.5527,0.4526,0.2648,0.306,0.4113,0.4366,0.4288,0.4342,0.4663,0.5044,0.5306,0.5373,0.5244,0.5008,0.4824,0.4791,0.4871,0.4985,0.5645,0.5658,0.5648,0.5626,0.5616,0.5663,0.5829,0.6182,0.6781,0.7608,0.8355,0.8816,1.0524,1.1066,0.9848,0.9547,0.7878,0.5242,0.3367,0.4409,0.4321,0.4406,0.4928,0.54,0.5825,0.6241,0.6495,0.6568,0.647,0.613,0.5531,0.4831,0.4417,0.4459,0.4713,0.4957,0.5611,0.5634,0.5651,0.5674,0.5724,0.5828,0.6022,0.6336,0.6778,0.7306,0.7835,0.8409,0.9191,1.0003,1.2479,1.3632,0.8905,0.5469,0.3963,0.4494,0.4939,0.5327,0.5807,0.6371,0.6942,0.7188,0.726,0.7702,0.7598,0.6879,0.5663,0.4236,0.3559,0.3915,0.4505,0.4933,0.5608,0.5642,0.5681,0.5733,0.5814,0.5941,0.6132,0.6399,0.6739,0.7133,0.756,0.8044,0.866,0.9693,1.1886,1.2445,0.897,0.6217,0.4529,0.4108,0.5184,0.6015,0.6663,0.7292,0.7907,0.7723,0.7643,0.9265,0.8991,0.7802,0.6045,0.3993,0.3111,0.3716,0.4509,0.5022,0.5621,0.5665,0.5718,0.5788,0.5882,0.6014,0.6191,0.6418,0.6692,0.7004,0.735,0.7743,0.8224,0.8875,0.9586,0.945,0.8068,0.6502,0.5302,0.5048,0.5952,0.7009,0.7705,0.8225,0.9202,1.1016,1.4068,1.3142,1.0719,0.8948,0.7111,0.5163,0.4181,0.4403,0.4919,0.5293,0.5641,0.5692,0.5754,0.5831,0.5931,0.6058,0.6217,0.6411,0.6636,0.6889,0.7165,0.7465,0.7792,0.8121,0.8319,0.8128,0.7504,0.6759,0.625,0.6321,0.7198,0.8573,0.9118,0.9027,1.0076,1.3133,1.7355,1.4965,1.1467,0.996,0.8435,0.6838,0.5809,0.5514,0.5575,0.5692,0.5663,0.5719,0.5785,0.5865,0.5962,0.6081,0.6223,0.6389,0.6576,0.678,0.6996,0.7217,0.743,0.76,0.7658,0.7532,0.724,0.6926,0.6797,0.7086,0.8048,0.958,0.9984,0.9389,1.0015,1.1889,1.3475,1.2337,1.1063,1.0618,0.9377,0.8,0.6989,0.6439,0.6199,0.61,0.5684,0.5742,0.5809,0.5888,0.5981,0.609,0.6216,0.6358,0.6513,0.6679,0.6847,0.7011,0.7156,0.7257,0.7286,0.7227,0.7109,0.7012,0.7059,0.7388,0.811,0.903,0.9357,0.9211,0.96,1.0503,1.1149,1.1039,1.0969,1.0662,0.9638,0.8512,0.762,0.7022,0.6657,0.6435]},{"header":{"la1":42.85,"la2":41.18,"lo1":11.55,"lo2":14.05,"nx":36,"ny":24,"dx":0.07143,"dy":0.07261,"parameterCategory":2,"parameterNumber":3,"parameterNumberName":"northward_wind","parameterUnit":"m.s-1"},"data":[-0.0113,-0.0264,-0.0428,-0.0602,-0.0778,-0.0939,-0.1059,-0.1109,-0.1065,-0.0926,-0.0716,-0.0469,-0.022,0.0009,0.0202,0.0353,0.0455,0.05,0.0485,0.0418,0.0324,0.0247,0.0229,0.0289,0.0411,0.0569,0.074,0.0908,0.1066,0.1211,0.1344,0.1466,0.1577,0.1678,0.177,0.1854,-0.0199,-0.038,-0.0584,-0.0814,-0.1065,-0.1317,-0.153,-0.1641,-0.16,-0.1398,-0.1083,-0.0723,-0.0376,-0.0072,0.0177,0.0367,0.0492,0.0538,0.0488,0.0339,0.013,-0.005,-0.0107,-0.0014,0.0182,0.0417,0.0649,0.0862,0.1051,0.1219,0.1368,0.1501,0.1621,0.1728,0.1826,0.1914,-0.0277,-0.0489,-0.0737,-0.1034,-0.1389,-0.1791,-0.2177,-0.2425,-0.2405,-0.2088,-0.1582,-0.1035,-0.0545,-0.0143,0.0174,0.0416,0.0581,0.0644,0.0556,0.0273,-0.0166,-0.0565,-0.0678,-0.0475,-0.012,0.0244,0.0564,0.083,0.1054,0.1243,0.1407,0.155,0.1678,0.1791,0.1893,0.1984,-0.0344,-0.0585,-0.0873,-0.1238,-0.1725,-0.2361,-0.3085,-0.3653,-0.371,-0.315,-0.2264,-0.1401,-0.0709,-0.0192,0.0198,0.0503,0.0738,0.0868,0.078,0.0302,-0.061,-0.1523,-0.1688,-0.115,-0.0471,0.0088,0.051,0.0831,0.1083,0.129,0.1465,0.1617,0.175,0.1868,0.1974,0.2067,-0.04,-0.0667,-0.0983,-0.1394,-0.2006,-0.2968,-0.4331,-0.5686,-0.5999,-0.4836,-0.3149,-0.1769,-0.0829,-0.0202,0.0248,0.0617,0.0964,0.1275,0.135,0.0703,-0.1091,-0.3225,-0.3282,-0.1905,-0.0733,0.0028,0.0529,0.0882,0.115,0.1366,0.1547,0.1703,0.184,0.1962,0.2069,0.2164,-0.0449,-0.0752,-0.1084,-0.148,-0.2119,-0.3389,-0.5752,-0.8944,-1.0072,-0.729,-0.4034,-0.1986,-0.0836,-0.0156,0.0312,0.0723,0.12,0.1855,0.2514,0.2003,-0.0688,-0.4295,-0.4121,-0.2019,-0.0634,0.0159,0.0654,0.0999,0.1261,0.1473,0.1654,0.1811,0.195,0.2073,0.2182,0.2277,-0.0494,-0.0871,-0.126,-0.1576,-0.1996,-0.3213,-0.6268,-1.1837,-1.4495,-0.9002,-0.417,-0.1808,-0.067,-0.0046,0.0379,0.077,0.1294,0.2224,0.365,0.3447,0.103,-0.1367,-0.1853,-0.0904,-0.0069,0.0492,0.0882,0.1175,0.1411,0.1611,0.1786,0.1941,0.208,0.2204,0.2314,0.2409,-0.0505,-0.1028,-0.1663,-0.2004,-0.1835,-0.2306,-0.4473,-0.8582,-1.0422,-0.6374,-0.2863,-0.1171,-0.0363,0.0104,0.0454,0.0765,0.1164,0.1874,0.2795,0.2788,0.2325,0.1649,0.0723,0.0487,0.0655,0.0915,0.1167,0.1392,0.1593,0.1774,0.1941,0.2094,0.2233,0.2357,0.2467,0.256,-0.0397,-0.1034,-0.2097,-0.2922,-0.1793,-0.1115,-0.1675,-0.2838,-0.3126,-0.2055,-0.1,-0.0397,-0.0066,0.0229,0.0604,0.0859,0.0989,0.1345,0.1874,0.2493,0.3707,0.335,0.1975,0.1339,0.1213,0.1299,0.1453,0.1623,0.1792,0.1957,0.2117,0.2269,0.2409,0.2535,0.2644,0.2736,-0.0092,-0.0566,-0.129,-0.1727,-0.0629,0.0231,0.062,0.0611,0.0527,0.049,0.0332,0.0153,0.0037,0.0189,0.0984,0.1466,0.0926,0.0997,0.1424,0.2131,0.3123,0.2969,0.2111,0.1655,0.1544,0.16,0.1718,0.1854,0.2,0.2154,0.2312,0.2468,0.2613,0.2742,0.2852,0.294,0.0341,0.017,0.0177,0.0664,0.0813,0.1549,0.265,0.292,0.1711,0.1107,0.101,0.039,-0.0165,-0.0356,0.0531,0.1342,0.0598,0.0769,0.1171,0.1553,0.1932,0.1998,0.181,0.1705,0.1747,0.1857,0.197,0.2082,0.2211,0.2362,0.2528,0.2694,0.285,0.2986,0.3096,0.3178,0.0768,0.076,0.0848,0.0962,0.1268,0.284,0.4991,0.6184,0.4108,0.2079,0.144,0.0419,-0.0558,-0.1341,-0.1354,-0.0682,-0.0131,0.1011,0.153,0.1371,0.1382,0.1468,0.1561,0.1724,0.1959,0.2151,0.2239,0.2306,0.2418,0.2579,0.2767,0.2958,0.3133,0.3278,0.3387,0.3459,0.1138,0.1216,0.1362,0.1627,0.2367,0.4126,0.6781,0.8225,0.8141,0.3995,0.1776,0.0427,-0.0544,-0.2017,-0.2444,-0.2258,-0.1161,0.2601,0.293,0.141,0.1079,0.1134,0.1378,0.1785,0.229,0.2574,0.2535,0.2509,0.2614,0.2808,0.3042,0.3275,0.3479,0.3637,0.3741,0.3795,0.1443,0.1591,0.1836,0.227,0.3092,0.4528,0.6631,0.9148,0.788,0.4157,0.2,0.0468,-0.0093,-0.1002,-0.2564,-0.5742,-0.3655,0.0427,0.159,0.0921,0.0609,0.0676,0.1106,0.1788,0.2611,0.2982,0.2741,0.2649,0.2794,0.3062,0.3375,0.3674,0.3921,0.409,0.4178,0.4197,0.1676,0.1861,0.2141,0.2575,0.3236,0.416,0.5224,0.5869,0.5103,0.3645,0.2785,0.1962,0.0636,-0.005,-0.2498,-0.6442,-0.2226,-0.1083,0.0188,0.0183,-0.0466,-0.035,0.0567,0.1539,0.2385,0.2763,0.2667,0.2705,0.2974,0.337,0.3804,0.4203,0.4506,0.4678,0.4726,0.4681,0.1838,0.2025,0.2284,0.2637,0.3092,0.3611,0.4057,0.4178,0.3866,0.3673,0.4445,0.4491,0.3014,0.0913,-0.0664,-0.1926,-0.1355,-0.031,0.0594,-0.0309,-0.3167,-0.2438,-0.0117,0.1203,0.1912,0.2255,0.2421,0.2697,0.317,0.3763,0.4382,0.4931,0.5308,0.5458,0.5413,0.5253,0.1941,0.2109,0.2323,0.2585,0.2881,0.317,0.3375,0.3428,0.3394,0.36,0.4299,0.402,0.4174,0.4126,0.1409,0.0353,0.0581,0.1981,0.297,0.092,-0.3446,-0.2554,-0.0,0.1184,0.1614,0.1727,0.1946,0.2529,0.3362,0.4266,0.5164,0.595,0.6426,0.6487,0.6251,0.5899,0.2,0.2142,0.231,0.2499,0.2694,0.2866,0.2985,0.3041,0.3085,0.3212,0.3386,0.3487,0.432,0.4375,0.2487,0.2001,0.25,0.5232,0.8062,0.4374,0.1302,0.0556,0.1135,0.1515,0.1281,0.0556,0.0585,0.1961,0.3555,0.4911,0.6169,0.7316,0.7923,0.7756,0.7178,0.6555,0.2031,0.2148,0.2278,0.2415,0.2548,0.2662,0.2744,0.2796,0.284,0.29,0.2968,0.3054,0.3196,0.3026,0.2773,0.2836,0.3272,0.5541,0.7364,0.6197,0.4127,0.2715,0.2267,0.1982,0.085,-0.2019,-0.2619,0.1224,0.4075,0.5771,0.7241,0.8766,0.9505,0.8964,0.7975,0.7093,0.2047,0.2141,0.2243,0.2345,0.244,0.2522,0.2583,0.2627,0.2661,0.2693,0.2725,0.2754,0.2766,0.2734,0.2787,0.2894,0.3445,0.5005,0.7479,0.8449,0.5456,0.3691,0.3018,0.2669,0.1587,-0.2021,-0.2887,0.3093,0.5765,0.6985,0.804,0.9374,1.0072,0.941,0.832,0.7374,0.2054,0.2131,0.2211,0.229,0.2362,0.2424,0.2473,0.251,0.2538,0.2561,0.2582,0.2601,0.2621,0.266,0.276,0.2972,0.3511,0.4608,0.6168,0.6558,0.4959,0.3694,0.3286,0.3467,0.3985,0.5425,0.9711,0.9562,0.8734,0.8756,0.8774,0.9085,0.936,0.8958,0.817,0.7383,0.2058,0.2122,0.2187,0.2249,0.2307,0.2357,0.2398,0.2431,0.2458,0.2481,0.2504,0.2531,0.2572,0.2643,0.2772,0.3005,0.3418,0.4032,0.4625,0.4638,0.3874,0.2942,0.2749,0.3684,0.5607,0.947,1.4453,1.2726,1.1786,1.1375,1.0122,0.9229,0.8821,0.8414,0.7851,0.7243,0.2061,0.2115,0.2169,0.2221,0.2269,0.2312,0.2349,0.2381,0.2409,0.2436,0.2466,0.2504,0.256,0.2645,0.2779,0.2984,0.3272,0.3607,0.3849,0.3781,0.3255,0.2329,0.2069,0.3479,0.5792,0.8812,1.1429,1.2934,1.5744,1.4629,1.1746,0.9818,0.8788,0.8146,0.7597,0.7072,0.2065,0.2112,0.2158,0.2203,0.2245,0.2284,0.2319,0.2351,0.2382,0.2415,0.2452,0.2499,0.2563,0.2653,0.2779,0.2947,0.3153,0.3362,0.3501,0.3476,0.3218,0.2793,0.2799,0.3866,0.5699,0.7914,1.0219,1.3161,1.6238,1.5113,1.2191,1.0066,0.8794,0.7995,0.7405,0.6905]}]