docs/data/wind_grid.json
[{"header":{"la1":42.85,"la2":41.18,"lo1":11.55,"lo2":14.05,"nx":36,"ny":24,"dx":0.07143,"dy":0.07261,"parameterCategory":2,"parameterNumber":2,"parameterNumberName":"eastward_wind","parameterUnit":"m.s-1"},"data":[3.2362,3.2475,3.2592,3.271,3.2819,3.2901,3.2929,3.2873,3.2705,3.2417,3.2018,3.1531,3.0971,3.0343,2.9629,2.8798,2.7797,2.6571,2.5089,2.3403,2.1714,2.0358,1.9642,1.9653,2.023,2.1111,2.2077,2.2998,2.382,2.453,2.5134,2.5647,2.6085,2.646,2.6784,2.7066,3.2489,3.2637,3.28,3.2977,3.3162,3.3335,3.3455,3.3466,3.3314,3.2984,3.2504,3.1925,3.1285,3.0595,2.9833,2.8946,2.7844,2.6398,2.447,2.2033,1.938,1.7212,1.6252,1.6636,1.7894,1.945,2.0945,2.2238,2.3306,2.4177,2.4887,2.5471,2.5956,2.6364,2.6711,2.7011,3.2605,3.2792,3.3006,3.3253,3.3538,3.3851,3.4136,3.4281,3.4166,3.3753,3.3121,3.2392,3.1643,3.0891,3.011,2.9229,2.8119,2.6544,2.4131,2.053,1.6009,1.2123,1.0824,1.2248,1.4919,1.7601,1.9829,2.156,2.2886,2.3909,2.4709,2.5349,2.5871,2.6303,2.6667,2.6979,3.2707,3.2935,3.32,3.3518,3.3925,3.4448,3.5035,3.5474,3.5449,3.4848,3.3907,3.2917,3.2014,3.1204,3.0444,2.9664,2.8737,2.7343,2.4706,1.9529,1.1261,0.3294,0.1749,0.6106,1.1547,1.5875,1.8948,2.1099,2.2635,2.3764,2.4623,2.5295,2.5836,2.6281,2.6654,2.6971,3.2792,3.307,3.3383,3.3753,3.4269,3.507,3.6209,3.7335,3.7556,3.6472,3.4865,3.3444,3.2344,3.1484,3.0783,3.0205,2.9734,2.9198,2.7479,2.1168,0.6218,-1.1465,-1.1948,-0.0589,0.8938,1.4922,1.8617,2.0998,2.2616,2.3772,2.4638,2.5312,2.5853,2.6297,2.667,2.6987,3.2862,3.3219,3.3598,3.3973,3.4488,3.5525,3.7504,4.0184,4.1118,3.8717,3.5813,3.3829,3.2548,3.1663,3.1038,3.0695,3.0861,3.2062,3.3892,2.9262,0.8458,-2.0465,-1.9038,-0.192,0.928,1.548,1.908,2.1332,2.2846,2.393,2.4749,2.5393,2.5916,2.6349,2.6714,2.7025,3.2903,3.3422,3.3992,3.4352,3.457,3.5465,3.8012,4.2655,4.4853,4.0282,3.6118,3.3868,3.2562,3.1684,3.1096,3.0889,3.1456,3.4022,4.0142,3.8528,2.0992,0.2343,-0.1238,0.6557,1.331,1.7582,2.0257,2.2021,2.3264,2.4194,2.4926,2.552,2.6013,2.6427,2.6779,2.7081,3.284,3.3646,3.4831,3.5473,3.4765,3.4729,3.6578,4.0061,4.1588,3.8298,3.5268,3.3534,3.2413,3.1528,3.0838,3.0586,3.1085,3.284,3.585,3.4241,2.8531,2.3148,1.7691,1.6884,1.8464,2.0251,2.17,2.2828,2.3734,2.4486,2.5124,2.5666,2.6129,2.6523,2.6861,2.7151,3.2488,3.3452,3.5673,3.7688,3.4879,3.3433,3.4282,3.565,3.6091,3.5234,3.4108,3.3142,3.2268,3.1247,3.003,2.9512,3.0152,3.1069,3.1717,3.1561,3.3123,3.1646,2.599,2.2972,2.2197,2.236,2.2844,2.3446,2.4086,2.4713,2.5292,2.5805,2.6248,2.6627,2.6951,2.723,3.1715,3.2041,3.3109,3.3913,3.115,3.1215,3.2432,3.3404,3.3979,3.4035,3.3567,3.3004,3.2389,3.1194,2.8331,2.6798,2.9186,3.0303,3.0615,3.0918,3.204,3.1121,2.7854,2.5339,2.3918,2.3284,2.3233,2.3591,2.4166,2.4798,2.5395,2.5919,2.6362,2.6734,2.7047,2.7314,3.0799,3.0011,2.7879,2.2747,2.3542,2.8809,3.1251,3.2403,3.3945,3.4639,3.3529,3.3119,3.2983,3.2389,2.9265,2.6886,2.9511,3.0238,3.0279,3.0269,3.0177,2.9377,2.7643,2.56,2.3771,2.2635,2.2466,2.3029,2.3876,2.4715,2.5433,2.6012,2.6473,2.6841,2.7143,2.7396,3.0246,2.9054,2.6552,2.2713,2.3682,2.8577,3.0773,3.1408,3.2525,3.3635,3.323,3.3319,3.3836,3.4907,3.3645,3.1439,3.0763,3.0119,2.9863,2.9993,2.9723,2.8834,2.7144,2.4556,2.1524,1.965,2.0025,2.1624,2.3256,2.4531,2.5454,2.6112,2.659,2.6949,2.7233,2.7472,3.0199,2.9301,2.7988,2.6886,2.7649,2.9604,3.0547,3.1722,3.0144,3.204,3.2959,3.3687,3.4003,3.5736,3.4861,3.2423,3.1234,2.898,2.8827,2.9964,2.9878,2.8898,2.6739,2.2627,1.653,1.3024,1.5612,1.9686,2.2616,2.4437,2.5556,2.626,2.6723,2.7051,2.7308,2.7528,3.0449,2.9942,2.942,2.9208,2.9616,3.026,3.0339,2.928,2.9914,3.1847,3.2945,3.4349,3.4424,2.9948,3.2477,3.2027,3.1635,3.0302,2.9889,3.0528,3.0451,2.9473,2.698,2.1435,1.1382,0.5501,1.183,1.8682,2.2607,2.4702,2.5841,2.648,2.6862,2.7125,2.7343,2.7546,3.0774,3.0524,3.0336,3.0327,3.0529,3.0776,3.0838,3.0817,3.1357,3.2302,3.2889,3.3036,3.2485,3.1871,3.2058,3.1915,3.1316,3.15,3.142,3.1526,3.149,3.0702,2.8358,2.3379,1.5025,1.0065,1.4757,2.0426,2.3755,2.5474,2.6327,2.6736,2.695,2.7113,2.7293,2.7497,3.1073,3.0962,3.0908,3.0949,3.1081,3.1248,3.1411,3.1654,3.2124,3.2776,3.3459,3.235,3.2401,3.2399,3.2405,3.211,3.17,3.2164,3.2425,3.2513,3.2761,3.2256,3.0229,2.698,2.2939,2.0627,2.1847,2.4165,2.5777,2.6592,2.688,2.6892,2.6851,2.6906,2.7088,2.7347,3.1321,3.1283,3.1289,3.1351,3.1468,3.1624,3.182,3.2088,3.2458,3.2917,3.338,3.2925,3.2879,3.3035,3.3189,3.3215,3.3129,3.3398,3.3667,3.3398,3.3074,3.2765,3.1513,2.9782,2.822,2.7538,2.7671,2.7895,2.791,2.7695,2.725,2.6695,2.6323,2.6338,2.6653,2.7075,3.152,3.1524,3.156,3.1635,3.1748,3.1899,3.2089,3.2323,3.2597,3.2872,3.3054,3.3099,3.32,3.3473,3.4908,3.5596,3.4827,3.4704,3.4935,3.4704,3.3983,3.331,3.2527,3.1704,3.1443,3.201,3.2079,3.0925,2.9638,2.8493,2.7208,2.5832,2.505,2.5257,2.5976,2.6717,3.1679,3.1707,3.176,3.1842,3.1955,3.2097,3.227,3.2471,3.269,3.2907,3.3109,3.3343,3.3767,3.4989,3.8875,4.0503,3.6638,3.5629,3.5929,3.716,3.5906,3.4605,3.3715,3.3129,3.3477,3.5578,3.6052,3.2991,3.0652,2.8934,2.6852,2.4337,2.3088,2.389,2.5289,2.6428,3.1807,3.185,3.1913,3.1998,3.2108,3.2242,3.24,3.258,3.2777,3.299,3.3238,3.3588,3.4225,3.5649,3.8523,3.9456,3.7071,3.6805,3.9754,4.1339,3.7758,3.6043,3.5118,3.4233,3.4011,3.5994,3.653,3.2473,3.0626,2.9248,2.6954,2.3726,2.2183,2.3393,2.5142,2.6444,3.191,3.1961,3.203,3.2117,3.2224,3.2351,3.2498,3.2665,3.2853,3.307,3.3339,3.3715,3.4305,3.5243,3.6378,3.6792,3.6474,3.6889,3.8559,3.9238,3.8114,3.789,3.7466,3.5665,3.3518,3.1461,2.8103,2.8602,3.0006,2.9851,2.8171,2.5553,2.4084,2.465,2.5862,2.6885,3.1992,3.2049,3.2121,3.2207,3.2311,3.2432,3.257,3.2728,3.2909,3.3122,3.3384,3.3726,3.4184,3.4759,3.5327,3.568,3.5902,3.6375,3.7162,3.7861,3.9016,4.175,4.2422,3.837,3.3787,2.9232,2.4595,2.7074,3.0805,3.1313,3.0013,2.813,2.6838,2.6642,2.7069,2.7613,3.2058,3.2118,3.2191,3.2276,3.2376,3.2491,3.2622,3.2772,3.2943,3.3143,3.3383,3.3674,3.4024,3.4416,3.4799,3.5132,3.5465,3.5924,3.6598,3.769,4.0134,4.4914,4.6366,4.0571,3.4917,3.0933,2.8878,3.0807,3.3991,3.3461,3.1656,2.9986,2.8819,2.8289,2.8231,2.8393,3.211,3.2172,3.2244,3.2327,3.2423,3.2533,3.2657,3.2797,3.2957,3.314,3.3351,3.3597,3.3874,3.4174,3.4478,3.4785,3.5127,3.5574,3.6236,3.736,3.9426,4.2302,4.285,3.939,3.54,3.2662,3.163,3.2726,3.4459,3.3897,3.2325,3.0955,2.9973,2.9389,2.9129,2.9074]},{"header":{"la1":42.85,"la2":41.18,"lo1":11.55,"lo2":14.05,"nx":36,"ny":24,"dx":0.07143,"dy":0.07261,"parameterCategory":2,"parameterNumber":3,"parameterNumberName":"northward_wind","parameterUnit":"m.s-1"},"data":[1.1684,1.1734,1.1761,1.1763,1.1738,1.1688,1.161,1.1498,1.1343,1.1136,1.0871,1.0539,1.0131,0.9637,0.9045,0.8353,0.7568,0.671,0.5814,0.4936,0.4163,0.3609,0.3371,0.346,0.3799,0.4274,0.479,0.5285,0.5731,0.6119,0.6447,0.6722,0.6949,0.7138,0.7292,0.742,1.1914,1.1987,1.2032,1.2045,1.2028,1.1986,1.1919,1.1818,1.167,1.146,1.1183,1.0831,1.0391,0.9844,0.9168,0.8348,0.7388,0.6308,0.5142,0.3943,0.2828,0.2023,0.1752,0.2039,0.2691,0.3477,0.4244,0.4924,0.5499,0.5973,0.6359,0.6671,0.6922,0.7124,0.7286,0.7417,1.2177,1.2284,1.235,1.2373,1.2358,1.2321,1.2269,1.2191,1.2056,1.1844,1.1553,1.1184,1.0723,1.0134,0.9374,0.8409,0.7233,0.5878,0.4372,0.2716,0.0996,-0.0332,-0.0644,0.0094,0.1337,0.2612,0.3716,0.4614,0.5326,0.5885,0.6322,0.6663,0.693,0.7138,0.7302,0.7431,1.2484,1.2643,1.2742,1.2768,1.2738,1.2692,1.2662,1.263,1.2524,1.2299,1.1979,1.1599,1.114,1.0539,0.9711,0.8584,0.7138,0.5441,0.357,0.1372,-0.1429,-0.3988,-0.4305,-0.2469,-0.015,0.1812,0.3307,0.4423,0.5256,0.5882,0.6353,0.6709,0.6979,0.7184,0.7342,0.7463,1.2849,1.3098,1.3258,1.3281,1.3191,1.3092,1.3088,1.3162,1.3121,1.2838,1.2446,1.2062,1.1655,1.1106,1.0259,0.8965,0.7157,0.498,0.2794,0.0362,-0.3985,-0.9399,-0.938,-0.515,-0.1319,0.1342,0.3158,0.4427,0.5333,0.5988,0.6466,0.6816,0.7074,0.7264,0.7405,0.7511,1.3278,1.37,1.4004,1.4033,1.3784,1.3505,1.3492,1.3796,1.3913,1.3435,1.2887,1.254,1.2282,1.1908,1.1158,0.9741,0.7456,0.4442,0.1773,0.0219,-0.4311,-1.2466,-1.1909,-0.5857,-0.1363,0.1506,0.3397,0.4688,0.5588,0.6222,0.6671,0.6989,0.7215,0.7375,0.749,0.7573,1.3742,1.4489,1.5173,1.5311,1.468,1.392,1.372,1.4264,1.4622,1.3816,1.3174,1.2995,1.3043,1.3056,1.2642,1.1271,0.8527,0.4427,0.0531,0.0228,-0.1806,-0.6112,-0.6531,-0.324,-0.0012,0.2372,0.4051,0.5222,0.6032,0.6589,0.6969,0.7226,0.7398,0.7513,0.759,0.7643,1.411,1.535,1.6949,1.767,1.6114,1.4306,1.3629,1.3864,1.4066,1.3542,1.3244,1.3415,1.3949,1.4692,1.5134,1.4161,1.1073,0.6534,0.2445,0.084,-0.139,-0.2396,-0.1771,-0.0107,0.1917,0.3692,0.5045,0.6005,0.6655,0.708,0.735,0.7516,0.7613,0.7668,0.7698,0.7714,1.4119,1.567,1.8469,2.0769,1.7302,1.4254,1.3262,1.3116,1.3115,1.3061,1.321,1.3772,1.4899,1.6854,1.9503,1.9711,1.528,0.9859,0.5346,0.0965,-0.4844,-0.3992,-0.0336,0.2006,0.3799,0.5238,0.63,0.7008,0.744,0.768,0.7798,0.7842,0.7844,0.7825,0.7798,0.7772,1.3586,1.4627,1.6335,1.7406,1.4567,1.3108,1.2694,1.2623,1.2667,1.2769,1.3113,1.3974,1.5569,1.8752,2.6564,3.0702,1.9946,1.2275,0.7437,0.2825,-0.2172,-0.1804,0.1562,0.4014,0.5763,0.703,0.783,0.8233,0.837,0.8361,0.8283,0.8177,0.8066,0.7963,0.7875,0.7805,1.276,1.2907,1.2227,0.9537,0.9767,1.166,1.2211,1.2392,1.2583,1.27,1.2955,1.4005,1.5796,1.8483,2.5564,3.0985,1.9174,1.2046,0.8303,0.5696,0.3553,0.3243,0.4632,0.6432,0.8106,0.929,0.9771,0.9717,0.9426,0.9085,0.8765,0.8484,0.8247,0.8054,0.7904,0.7793,1.2055,1.1829,1.0901,0.9232,0.9544,1.1276,1.2152,1.2601,1.2383,1.2473,1.2742,1.3873,1.6056,1.8985,1.8695,1.7768,1.3754,0.868,0.6594,0.6571,0.6265,0.6319,0.7245,0.8989,1.1106,1.2469,1.2368,1.1478,1.054,0.9776,0.918,0.8712,0.8345,0.8063,0.7857,0.7715,1.1597,1.1404,1.0975,1.0539,1.073,1.141,1.213,1.3971,1.1664,1.1766,1.2241,1.3486,1.5146,1.9379,1.7543,1.3975,1.0805,0.3077,0.2475,0.621,0.719,0.7748,0.8928,1.1372,1.5063,1.7193,1.5693,1.33,1.152,1.0309,0.9445,0.8797,0.8305,0.7945,0.7698,0.7543,1.1294,1.1191,1.1033,1.093,1.1016,1.1254,1.1462,1.1052,1.0915,1.0816,1.1129,1.3303,1.4095,1.2918,1.3219,1.2569,1.1058,0.6534,0.507,0.6816,0.7585,0.8246,0.9653,1.2789,1.8423,2.1682,1.8211,1.4395,1.2039,1.0541,0.9474,0.8667,0.8063,0.7643,0.7383,0.7248,1.1053,1.0996,1.0923,1.0872,1.0871,1.0895,1.0862,1.0639,1.0099,0.9098,0.8334,0.9097,0.9663,0.671,1.1099,1.2284,0.9734,0.903,0.7807,0.7494,0.7464,0.7947,0.9401,1.226,1.6776,1.9383,1.7017,1.4009,1.1917,1.0406,0.9207,0.8243,0.7529,0.7077,0.6856,0.6798,1.0836,1.0789,1.0728,1.0661,1.0586,1.0475,1.0261,0.9813,0.8859,0.684,0.3244,0.4425,0.638,0.82,0.9547,1.0026,0.936,0.872,0.7784,0.7168,0.6409,0.6894,0.867,1.0916,1.3377,1.4784,1.4303,1.2942,1.1458,1.0,0.8616,0.7417,0.6564,0.6134,0.6051,0.6167,1.0632,1.0579,1.0506,1.041,1.0279,1.0081,0.9756,0.9188,0.8163,0.629,0.3647,0.4775,0.553,0.57,0.7774,0.8393,0.8187,0.7136,0.6164,0.6464,0.6175,0.6688,0.8392,1.0243,1.202,1.3221,1.3402,1.2598,1.1189,0.9486,0.7669,0.6012,0.4947,0.4666,0.492,0.5364,1.0442,1.0378,1.0289,1.0169,1.0004,0.9766,0.9412,0.8877,0.8087,0.7048,0.6184,0.6059,0.5487,0.5316,0.6003,0.5998,0.6369,0.4627,0.2129,0.5398,0.682,0.7498,0.8668,1.0355,1.2504,1.4606,1.5103,1.3571,1.1351,0.8958,0.634,0.3814,0.2425,0.2601,0.3528,0.4481,1.0268,1.0193,1.0093,0.9959,0.978,0.9537,0.9206,0.8765,0.821,0.7603,0.7099,0.6745,0.6324,0.5651,0.3124,0.1922,0.5041,0.4872,0.3971,0.6701,0.7391,0.7893,0.8871,1.0679,1.3843,1.8371,1.9345,1.5292,1.1607,0.8421,0.4891,0.1128,-0.0643,0.0415,0.2259,0.375,1.0112,1.003,0.9922,0.9784,0.9606,0.9377,0.9088,0.8735,0.8328,0.7906,0.7513,0.7135,0.6645,0.5674,0.3541,0.2872,0.518,0.6433,0.8364,0.9374,0.7995,0.7846,0.8564,1.0382,1.3804,1.9028,2.017,1.4999,1.1125,0.783,0.4192,0.0021,-0.1881,-0.039,0.1797,0.3458,0.9974,0.9888,0.9779,0.9642,0.9473,0.9266,0.9018,0.873,0.8413,0.8084,0.7752,0.7397,0.6947,0.6287,0.5498,0.5365,0.6121,0.6999,0.8008,0.8352,0.7576,0.694,0.723,0.8995,1.1798,1.421,1.419,1.2753,0.9609,0.6787,0.4358,0.1658,0.0182,0.0893,0.2379,0.3687,0.9854,0.9766,0.9659,0.9528,0.9372,0.9187,0.8973,0.8734,0.8475,0.8203,0.7921,0.7618,0.7273,0.6886,0.6561,0.6508,0.6765,0.7134,0.7424,0.7297,0.634,0.4575,0.4205,0.6733,0.9753,1.2038,1.3644,1.1488,0.611,0.4146,0.3888,0.3205,0.2556,0.27,0.3407,0.422,0.9749,0.9663,0.9559,0.9436,0.9293,0.9129,0.8944,0.874,0.8522,0.8294,0.8057,0.7811,0.7555,0.731,0.7127,0.7067,0.7124,0.7207,0.7161,0.6715,0.5355,0.2723,0.1936,0.5101,0.8132,0.9888,1.0062,0.5755,-0.1031,-0.0037,0.253,0.3544,0.3742,0.3918,0.4296,0.4785,0.9659,0.9575,0.9476,0.9362,0.9232,0.9085,0.8923,0.8748,0.8562,0.8369,0.817,0.797,0.7774,0.7597,0.7461,0.7381,0.7342,0.7283,0.7097,0.6599,0.5536,0.4027,0.3727,0.5444,0.7239,0.7956,0.6869,0.2686,-0.2014,-0.0798,0.2052,0.3617,0.4272,0.461,0.4919,0.5258]}]