docs/data/wind_grid.json
{"header": {"la1":42.1,"la2":41.55,"lo1":12.1,"lo2":12.95,"nx":50,"ny":50,"dx":0.01735,"dy":0.01122,"parameterCategory":2,"parameterNumber":3,"parameterNumberName":"northward_wind","parameterUnit":"m.s-1"}, "data":
[rows 0 to 39 of 50, columns 0 to 49 of 50]
-1.3067,-1.3054,-1.3035,-1.3011,-1.298,-1.2943,-1.2898,-1.2847,-1.2787,-1.2721,-1.2646,-1.2563,-1.2473,-1.2375,-1.2268,-1.2154,-1.203,-1.1897,-1.1752,-1.1595,-1.1423,-1.1233,-1.1023,-1.0791,-1.0536,-1.0255,-0.9952,-0.9626,-0.9284,-0.8929,-0.8568,-0.8209,-0.7859,-0.7525,-0.7215,-0.6935,-0.6688,-0.648,-0.6311,-0.6181,-0.6089,-0.6031,-0.6004,-0.6002,-0.6022,-0.6059,-0.6109,-0.6169,-0.6236,-0.6309
-1.3135,-1.3124,-1.3107,-1.3085,-1.3055,-1.3019,-1.2976,-1.2925,-1.2866,-1.2799,-1.2725,-1.2642,-1.2551,-1.2451,-1.2344,-1.2229,-1.2105,-1.1972,-1.1827,-1.167,-1.1497,-1.1306,-1.1093,-1.0856,-1.0592,-1.0302,-0.9984,-0.9643,-0.9281,-0.8905,-0.8523,-0.8142,-0.7772,-0.742,-0.7093,-0.68,-0.6544,-0.633,-0.6158,-0.603,-0.5941,-0.5889,-0.5869,-0.5875,-0.5904,-0.5949,-0.6007,-0.6075,-0.615,-0.6229
-1.3204,-1.3196,-1.3181,-1.316,-1.3133,-1.3099,-1.3056,-1.3006,-1.2948,-1.2881,-1.2806,-1.2722,-1.263,-1.2531,-1.2423,-1.2307,-1.2182,-1.2049,-1.1904,-1.1747,-1.1574,-1.1382,-1.1167,-1.0926,-1.0655,-1.0354,-1.0022,-0.9663,-0.9281,-0.8883,-0.8477,-0.8074,-0.7682,-0.731,-0.6968,-0.6662,-0.6397,-0.6178,-0.6005,-0.5878,-0.5794,-0.5748,-0.5736,-0.5751,-0.5788,-0.5842,-0.5908,-0.5983,-0.6065,-0.6152
-1.3275,-1.3269,-1.3257,-1.3239,-1.3213,-1.318,-1.3139,-1.309,-1.3032,-1.2965,-1.289,-1.2806,-1.2713,-1.2612,-1.2503,-1.2386,-1.2261,-1.2127,-1.1984,-1.1827,-1.1655,-1.1463,-1.1247,-1.1001,-1.0723,-1.0411,-1.0065,-0.9687,-0.9283,-0.8861,-0.8431,-0.8003,-0.7589,-0.7198,-0.6839,-0.6521,-0.6248,-0.6024,-0.5851,-0.5727,-0.5648,-0.561,-0.5606,-0.563,-0.5676,-0.5738,-0.5813,-0.5896,-0.5984,-0.6077
-1.3348,-1.3345,-1.3335,-1.3319,-1.3296,-1.3265,-1.3225,-1.3177,-1.312,-1.3053,-1.2977,-1.2891,-1.2797,-1.2695,-1.2585,-1.2467,-1.2341,-1.2208,-1.2064,-1.1909,-1.1739,-1.1548,-1.1331,-1.1083,-1.0798,-1.0475,-1.0113,-0.9715,-0.9287,-0.884,-0.8383,-0.793,-0.7492,-0.7082,-0.6708,-0.6378,-0.6099,-0.5873,-0.57,-0.558,-0.5508,-0.5477,-0.5482,-0.5515,-0.5569,-0.564,-0.5722,-0.5812,-0.5907,-0.6006
-1.3422,-1.3422,-1.3415,-1.3402,-1.3381,-1.3352,-1.3314,-1.3267,-1.321,-1.3143,-1.3067,-1.298,-1.2885,-1.278,-1.2668,-1.2549,-1.2422,-1.2289,-1.2147,-1.1993,-1.1825,-1.1636,-1.142,-1.117,-1.0879,-1.0545,-1.0167,-0.9747,-0.9294,-0.8818,-0.8333,-0.7853,-0.7392,-0.6962,-0.6574,-0.6236,-0.5952,-0.5725,-0.5555,-0.544,-0.5375,-0.5353,-0.5366,-0.5407,-0.5469,-0.5547,-0.5636,-0.5733,-0.5834,-0.5939
-1.3498,-1.3501,-1.3498,-1.3487,-1.3469,-1.3442,-1.3406,-1.336,-1.3304,-1.3237,-1.316,-1.3072,-1.2974,-1.2868,-1.2754,-1.2632,-1.2504,-1.237,-1.2229,-1.2078,-1.1913,-1.1727,-1.1514,-1.1263,-1.0967,-1.0622,-1.0226,-0.9784,-0.9303,-0.8796,-0.8281,-0.7772,-0.7287,-0.6839,-0.6439,-0.6094,-0.5808,-0.5584,-0.5419,-0.5311,-0.5253,-0.5239,-0.526,-0.5308,-0.5378,-0.5462,-0.5558,-0.566,-0.5767,-0.5876
-1.3576,-1.3582,-1.3582,-1.3575,-1.356,-1.3536,-1.3502,-1.3457,-1.3402,-1.3335,-1.3257,-1.3167,-1.3067,-1.2958,-1.2841,-1.2716,-1.2587,-1.2452,-1.2311,-1.2163,-1.2002,-1.1821,-1.1611,-1.1361,-1.1062,-1.0706,-1.0292,-0.9824,-0.9312,-0.8773,-0.8224,-0.7686,-0.7176,-0.6711,-0.6302,-0.5954,-0.5671,-0.5452,-0.5295,-0.5195,-0.5146,-0.5139,-0.5166,-0.5221,-0.5296,-0.5386,-0.5486,-0.5593,-0.5704,-0.5818
-1.3655,-1.3666,-1.3669,-1.3666,-1.3654,-1.3633,-1.3601,-1.3558,-1.3503,-1.3437,-1.3357,-1.3266,-1.3163,-1.3051,-1.293,-1.2802,-1.2669,-1.2532,-1.2392,-1.2246,-1.209,-1.1916,-1.1712,-1.1465,-1.1162,-1.0796,-1.0363,-0.9867,-0.9322,-0.8745,-0.816,-0.7591,-0.7057,-0.6577,-0.6162,-0.5816,-0.5541,-0.5333,-0.5188,-0.5098,-0.5057,-0.5056,-0.5088,-0.5147,-0.5226,-0.5319,-0.5423,-0.5533,-0.5648,-0.5765
-1.3736,-1.3751,-1.3759,-1.3759,-1.3751,-1.3733,-1.3704,-1.3663,-1.361,-1.3543,-1.3462,-1.3369,-1.3263,-1.3146,-1.3021,-1.2888,-1.2751,-1.2611,-1.247,-1.2326,-1.2176,-1.2009,-1.1814,-1.1572,-1.1269,-1.0893,-1.0439,-0.9913,-0.933,-0.8712,-0.8088,-0.7484,-0.6926,-0.6434,-0.6018,-0.5681,-0.542,-0.523,-0.51,-0.5022,-0.4988,-0.4992,-0.5027,-0.5087,-0.5167,-0.5261,-0.5367,-0.548,-0.5597,-0.5717
-1.3819,-1.3838,-1.385,-1.3855,-1.3851,-1.3837,-1.3811,-1.3773,-1.372,-1.3654,-1.3573,-1.3477,-1.3367,-1.3246,-1.3114,-1.2975,-1.2832,-1.2688,-1.2545,-1.2402,-1.2257,-1.21,-1.1916,-1.1683,-1.1381,-1.0995,-1.052,-0.996,-0.9335,-0.8671,-0.8002,-0.7361,-0.6779,-0.6277,-0.5865,-0.5544,-0.5307,-0.5141,-0.5032,-0.4968,-0.4942,-0.4948,-0.4983,-0.5041,-0.512,-0.5214,-0.532,-0.5433,-0.5552,-0.5674
-1.3903,-1.3927,-1.3945,-1.3954,-1.3955,-1.3945,-1.3923,-1.3887,-1.3837,-1.377,-1.3688,-1.359,-1.3476,-1.3349,-1.3211,-1.3064,-1.2913,-1.2762,-1.2614,-1.2472,-1.2331,-1.2185,-1.2015,-1.1794,-1.1497,-1.1103,-1.0604,-1.0007,-0.9333,-0.8617,-0.7897,-0.7216,-0.6609,-0.6099,-0.5697,-0.5401,-0.5197,-0.5065,-0.4983,-0.4937,-0.4918,-0.4924,-0.4954,-0.5009,-0.5083,-0.5175,-0.528,-0.5394,-0.5513,-0.5637
-1.3989,-1.4018,-1.4041,-1.4056,-1.4062,-1.4057,-1.4039,-1.4006,-1.3958,-1.3893,-1.381,-1.371,-1.3592,-1.3458,-1.3312,-1.3156,-1.2995,-1.2834,-1.2678,-1.2532,-1.2395,-1.226,-1.2107,-1.1903,-1.1615,-1.1214,-1.069,-1.0051,-0.9323,-0.8546,-0.7769,-0.7042,-0.6406,-0.589,-0.5505,-0.5243,-0.5082,-0.4994,-0.4947,-0.4921,-0.491,-0.4914,-0.4939,-0.4987,-0.5056,-0.5144,-0.5246,-0.536,-0.548,-0.5604
-1.4075,-1.4111,-1.4139,-1.4161,-1.4172,-1.4173,-1.416,-1.4132,-1.4086,-1.4023,-1.394,-1.3836,-1.3714,-1.3573,-1.3418,-1.3251,-1.3078,-1.2904,-1.2736,-1.2581,-1.2443,-1.2319,-1.2188,-1.2007,-1.1732,-1.1327,-1.0777,-1.0091,-0.93,-0.8453,-0.7609,-0.6828,-0.6161,-0.5639,-0.5274,-0.5054,-0.4948,-0.4914,-0.4911,-0.4912,-0.491,-0.4913,-0.4932,-0.4972,-0.5035,-0.5119,-0.5219,-0.533,-0.545,-0.5575
-1.4163,-1.4205,-1.424,-1.4268,-1.4286,-1.4293,-1.4286,-1.4263,-1.4221,-1.416,-1.4077,-1.3972,-1.3844,-1.3697,-1.3531,-1.3352,-1.3164,-1.2974,-1.2789,-1.2618,-1.2472,-1.2357,-1.225,-1.2101,-1.1846,-1.1439,-1.0861,-1.0123,-0.926,-0.8332,-0.7409,-0.6565,-0.5859,-0.533,-0.4988,-0.4817,-0.4775,-0.4807,-0.4858,-0.4893,-0.4906,-0.4911,-0.4925,-0.4959,-0.5017,-0.5096,-0.5194,-0.5305,-0.5425,-0.5551
-1.4252,-1.43,-1.4343,-1.4378,-1.4404,-1.4417,-1.4417,-1.44,-1.4363,-1.4305,-1.4223,-1.4116,-1.3985,-1.383,-1.3654,-1.3461,-1.3257,-1.3048,-1.284,-1.2643,-1.2478,-1.2364,-1.2288,-1.2181,-1.1955,-1.1549,-1.094,-1.0143,-0.9198,-0.8175,-0.7159,-0.6239,-0.5486,-0.4945,-0.4627,-0.4509,-0.4541,-0.4649,-0.4765,-0.4844,-0.488,-0.4894,-0.4909,-0.4941,-0.4997,-0.5075,-0.5172,-0.5283,-0.5403,-0.553
-1.4341,-1.4397,-1.4447,-1.449,-1.4524,-1.4546,-1.4554,-1.4543,-1.4513,-1.4459,-1.4379,-1.4272,-1.4137,-1.3975,-1.3788,-1.3582,-1.336,-1.313,-1.2894,-1.2662,-1.2461,-1.2335,-1.2293,-1.2242,-1.2055,-1.1653,-1.1012,-1.0148,-0.9109,-0.7976,-0.685,-0.5838,-0.5026,-0.4465,-0.4169,-0.4109,-0.422,-0.4415,-0.4608,-0.4744,-0.4817,-0.485,-0.4876,-0.4913,-0.4971,-0.5051,-0.5149,-0.5262,-0.5384,-0.5512
-1.4431,-1.4494,-1.4553,-1.4605,-1.4648,-1.4679,-1.4696,-1.4694,-1.467,-1.4622,-1.4545,-1.4439,-1.4301,-1.4133,-1.3937,-1.3717,-1.3479,-1.3228,-1.2965,-1.2689,-1.2428,-1.2267,-1.2263,-1.2288,-1.215,-1.1752,-1.1074,-1.0134,-0.8988,-0.7728,-0.6473,-0.535,-0.4463,-0.3875,-0.3597,-0.3596,-0.3793,-0.4084,-0.4367,-0.4576,-0.4701,-0.477,-0.4818,-0.487,-0.4937,-0.5023,-0.5126,-0.5242,-0.5366,-0.5496
-1.4521,-1.4592,-1.466,-1.4722,-1.4775,-1.4816,-1.4843,-1.4851,-1.4836,-1.4794,-1.4723,-1.4619,-1.448,-1.4308,-1.4103,-1.387,-1.3617,-1.335,-1.3066,-1.275,-1.2411,-1.2182,-1.2218,-1.2336,-1.2248,-1.1848,-1.1124,-1.0099,-0.8832,-0.7426,-0.602,-0.4766,-0.3789,-0.3163,-0.2901,-0.296,-0.325,-0.3647,-0.4033,-0.4331,-0.4527,-0.4648,-0.4732,-0.4808,-0.4892,-0.499,-0.51,-0.5221,-0.535,-0.5483
-1.461,-1.469,-1.4767,-1.4839,-1.4904,-1.4957,-1.4995,-1.5014,-1.501,-1.4977,-1.4912,-1.4812,-1.4675,-1.4499,-1.4287,-1.4044,-1.3778,-1.3502,-1.3214,-1.2884,-1.2483,-1.2159,-1.2228,-1.2433,-1.237,-1.1945,-1.1161,-1.004,-0.8639,-0.7068,-0.5491,-0.4084,-0.3001,-0.2329,-0.2082,-0.2208,-0.2597,-0.311,-0.3612,-0.4014,-0.4296,-0.4484,-0.4617,-0.4728,-0.4837,-0.495,-0.5072,-0.5201,-0.5335,-0.5472
-1.4698,-1.4788,-1.4875,-1.4958,-1.5034,-1.51,-1.5152,-1.5184,-1.5191,-1.5169,-1.5113,-1.5019,-1.4885,-1.4709,-1.4493,-1.4241,-1.3966,-1.3687,-1.3416,-1.3129,-1.2759,-1.2397,-1.2456,-1.265,-1.2536,-1.2049,-1.1187,-0.9957,-0.8409,-0.666,-0.4891,-0.3314,-0.2111,-0.1389,-0.1162,-0.1362,-0.1861,-0.2499,-0.3124,-0.364,-0.402,-0.4286,-0.4478,-0.4633,-0.4771,-0.4905,-0.5042,-0.5181,-0.5322,-0.5463
-1.4785,-1.4884,-1.4982,-1.5077,-1.5166,-1.5246,-1.5312,-1.5359,-1.5381,-1.5371,-1.5325,-1.5239,-1.511,-1.4938,-1.4721,-1.4463,-1.4179,-1.39,-1.3664,-1.348,-1.3309,-1.3123,-1.3077,-1.3037,-1.2758,-1.216,-1.1199,-0.9852,-0.815,-0.6212,-0.4241,-0.2482,-0.1154,-0.0385,-0.0185,-0.0471,-0.1087,-0.1852,-0.2603,-0.3235,-0.3716,-0.4066,-0.4323,-0.4525,-0.4698,-0.4857,-0.501,-0.5161,-0.531,-0.5457
-1.487,-1.4978,-1.5087,-1.5195,-1.5298,-1.5393,-1.5476,-1.5539,-1.5577,-1.5581,-1.5547,-1.547,-1.535,-1.5185,-1.4972,-1.4711,-1.4417,-1.4133,-1.3928,-1.3866,-1.3977,-1.4129,-1.3938,-1.3524,-1.3007,-1.2269,-1.1195,-0.9726,-0.7872,-0.5748,-0.3575,-0.1636,-0.0188,0.062,0.078,0.0402,-0.0333,-0.1222,-0.209,-0.283,-0.3407,-0.3839,-0.4162,-0.4414,-0.4623,-0.4808,-0.4979,-0.5143,-0.5301,-0.5454
-1.4952,-1.507,-1.519,-1.5311,-1.5428,-1.554,-1.5641,-1.5723,-1.5779,-1.58,-1.5778,-1.5712,-1.5601,-1.5446,-1.5244,-1.4985,-1.468,-1.4379,-1.4178,-1.4188,-1.4476,-1.4815,-1.4579,-1.3938,-1.3227,-1.2353,-1.1169,-0.9585,-0.7592,-0.53,-0.2945,-0.0845,0.0705,0.1537,0.165,0.1179,0.0336,-0.0658,-0.1625,-0.2456,-0.3117,-0.3622,-0.4005,-0.4305,-0.455,-0.4761,-0.4951,-0.5127,-0.5294,-0.5454
-1.503,-1.5158,-1.529,-1.5423,-1.5557,-1.5686,-1.5806,-1.5909,-1.5986,-1.6025,-1.6017,-1.596,-1.5858,-1.5718,-1.5532,-1.5285,-1.4969,-1.4636,-1.44,-1.4401,-1.4692,-1.5013,-1.4812,-1.416,-1.3361,-1.239,-1.1114,-0.9435,-0.7331,-0.4907,-0.2411,-0.019,0.1433,0.2272,0.2337,0.1789,0.0864,-0.0206,-0.1241,-0.2139,-0.2864,-0.3428,-0.3864,-0.4206,-0.4484,-0.472,-0.4927,-0.5117,-0.5292,-0.5458
-1.5104,-1.5242,-1.5385,-1.5532,-1.5681,-1.5829,-1.597,-1.6096,-1.6195,-1.6255,-1.6262,-1.6212,-1.6117,-1.5991,-1.5831,-1.5607,-1.5288,-1.491,-1.4604,-1.4523,-1.4708,-1.4922,-1.4758,-1.4186,-1.3385,-1.2365,-1.1028,-0.9284,-0.7109,-0.4608,-0.2033,0.0255,0.1909,0.2742,0.2771,0.2177,0.1211,0.0106,-0.0963,-0.1898,-0.2665,-0.3271,-0.3747,-0.4123,-0.4429,-0.4687,-0.4911,-0.5112,-0.5296,-0.5467
-1.5173,-1.532,-1.5474,-1.5635,-1.58,-1.5966,-1.6129,-1.628,-1.6406,-1.6489,-1.6511,-1.6466,-1.6369,-1.6254,-1.6129,-1.5943,-1.5632,-1.521,-1.4811,-1.4607,-1.4644,-1.4731,-1.4572,-1.4075,-1.3309,-1.2279,-1.0915,-0.9143,-0.6948,-0.4432,-0.185,0.0437,0.2083,0.29,0.2916,0.2318,0.1358,0.0262,-0.0803,-0.1744,-0.2528,-0.3159,-0.3661,-0.4062,-0.439,-0.4665,-0.4903,-0.5114,-0.5305,-0.5481
-1.5237,-1.5393,-1.5557,-1.573,-1.591,-1.6095,-1.6281,-1.6459,-1.6614,-1.6724,-1.6765,-1.672,-1.661,-1.6496,-1.6408,-1.6277,-1.5991,-1.5533,-1.5039,-1.47,-1.4581,-1.4539,-1.4349,-1.3894,-1.3164,-1.2146,-1.0785,-0.9024,-0.6859,-0.4394,-0.1877,0.0346,0.1946,0.2746,0.2776,0.2217,0.1308,0.0264,-0.0761,-0.168,-0.2458,-0.3095,-0.361,-0.4027,-0.437,-0.4658,-0.4906,-0.5124,-0.5321,-0.5501
-1.5294,-1.5457,-1.5631,-1.5816,-1.6011,-1.6214,-1.6422,-1.6627,-1.6814,-1.6958,-1.7022,-1.6975,-1.6835,-1.6704,-1.6651,-1.6583,-1.6336,-1.5857,-1.5283,-1.482,-1.4555,-1.4387,-1.4141,-1.3691,-1.2984,-1.1988,-1.0652,-0.8936,-0.6846,-0.4489,-0.2097,0.0011,0.1537,0.232,0.2387,0.1903,0.1084,0.0126,-0.0831,-0.1703,-0.2454,-0.3081,-0.3596,-0.4019,-0.437,-0.4666,-0.4921,-0.5145,-0.5345,-0.5528
-1.5343,-1.5514,-1.5696,-1.5891,-1.6099,-1.6318,-1.6548,-1.678,-1.7,-1.7182,-1.7279,-1.7233,-1.7047,-1.6868,-1.6837,-1.6833,-1.6626,-1.6144,-1.5519,-1.4961,-1.457,-1.4286,-1.3968,-1.3497,-1.2799,-1.1825,-1.0531,-0.8885,-0.6905,-0.4697,-0.2471,-0.0511,0.0922,0.1688,0.1808,0.1422,0.0718,-0.0131,-0.0998,-0.1804,-0.2513,-0.3116,-0.362,-0.404,-0.4392,-0.469,-0.4948,-0.5175,-0.5377,-0.5561
-1.5385,-1.5561,-1.575,-1.5954,-1.6172,-1.6406,-1.6653,-1.691,-1.7163,-1.7385,-1.7524,-1.7493,-1.7251,-1.6988,-1.6952,-1.6994,-1.6823,-1.6353,-1.5712,-1.5096,-1.4611,-1.4227,-1.3835,-1.3328,-1.2627,-1.1676,-1.0432,-0.8874,-0.7026,-0.4989,-0.2952,-0.1157,0.0175,0.0924,0.1102,0.0824,0.0247,-0.0481,-0.1245,-0.1974,-0.2628,-0.3196,-0.3679,-0.4088,-0.4435,-0.4731,-0.4989,-0.5215,-0.5418,-0.5601
-1.5419,-1.5599,-1.5793,-1.6003,-1.623,-1.6474,-1.6735,-1.701,-1.7289,-1.7548,-1.7731,-1.7729,-1.7444,-1.7076,-1.6998,-1.7051,-1.6902,-1.6462,-1.5838,-1.5203,-1.4657,-1.4194,-1.3736,-1.319,-1.2481,-1.1551,-1.0363,-0.8901,-0.7194,-0.5338,-0.3495,-0.1867,-0.0637,0.0093,0.0327,0.0155,-0.0295,-0.0899,-0.1556,-0.2199,-0.2792,-0.3316,-0.3772,-0.4163,-0.4499,-0.4789,-0.5042,-0.5266,-0.5467,-0.5649
-1.5443,-1.5626,-1.5824,-1.6038,-1.6269,-1.6519,-1.6789,-1.7075,-1.737,-1.7652,-1.7865,-1.7892,-1.7594,-1.7146,-1.6995,-1.7017,-1.6875,-1.6472,-1.589,-1.5266,-1.4691,-1.4174,-1.3662,-1.308,-1.2362,-1.1455,-1.0324,-0.8961,-0.7397,-0.5717,-0.406,-0.2592,-0.1461,-0.0754,-0.0471,-0.0546,-0.0877,-0.1361,-0.1912,-0.2469,-0.2995,-0.3471,-0.3893,-0.4262,-0.4582,-0.4862,-0.5109,-0.5328,-0.5525,-0.5704
-1.5459,-1.5643,-1.5842,-1.6057,-1.629,-1.6542,-1.6813,-1.7101,-1.7399,-1.7683,-1.7901,-1.7936,-1.7649,-1.7189,-1.6969,-1.6927,-1.6775,-1.6409,-1.5877,-1.5282,-1.4702,-1.4154,-1.3603,-1.2995,-1.2271,-1.1387,-1.0314,-0.9049,-0.7621,-0.6107,-0.4621,-0.33,-0.2263,-0.158,-0.1259,-0.125,-0.1474,-0.1848,-0.2298,-0.277,-0.3229,-0.3655,-0.404,-0.4382,-0.4684,-0.4951,-0.5188,-0.54,-0.5591,-0.5765
-1.5466,-1.565,-1.5848,-1.6061,-1.6292,-1.6541,-1.6808,-1.7089,-1.7375,-1.7643,-1.7838,-1.7858,-1.7599,-1.7186,-1.6928,-1.6816,-1.6639,-1.6299,-1.5815,-1.5258,-1.4688,-1.4126,-1.3553,-1.2927,-1.2203,-1.1345,-1.033,-0.9157,-0.7856,-0.6493,-0.5161,-0.3971,-0.302,-0.2365,-0.2015,-0.1936,-0.2068,-0.2343,-0.2701,-0.3093,-0.3486,-0.3861,-0.4207,-0.452,-0.4801,-0.5052,-0.5277,-0.548,-0.5665,-0.5833
-1.5464,-1.5646,-1.5841,-1.6051,-1.6277,-1.6518,-1.6774,-1.704,-1.7304,-1.7542,-1.77,-1.7698,-1.7475,-1.713,-1.6866,-1.6697,-1.6492,-1.6167,-1.5722,-1.5201,-1.465,-1.4088,-1.3504,-1.2871,-1.2154,-1.1325,-1.0366,-0.9279,-0.8094,-0.6864,-0.5669,-0.4596,-0.3722,-0.3095,-0.2726,-0.2592,-0.2646,-0.2836,-0.3111,-0.3429,-0.376,-0.4085,-0.4391,-0.4674,-0.4932,-0.5165,-0.5377,-0.557,-0.5746,-0.5907
-1.5453,-1.5631,-1.5822,-1.6026,-1.6244,-1.6475,-1.6716,-1.6961,-1.7198,-1.7399,-1.752,-1.7501,-1.7313,-1.703,-1.6776,-1.6573,-1.6343,-1.6026,-1.561,-1.5121,-1.4592,-1.4038,-1.3455,-1.2824,-1.2119,-1.1321,-1.0416,-0.941,-0.8328,-0.7217,-0.614,-0.5169,-0.4364,-0.3767,-0.3387,-0.3209,-0.32,-0.3317,-0.3519,-0.377,-0.4044,-0.432,-0.4588,-0.484,-0.5074,-0.5289,-0.5486,-0.5667,-0.5834,-0.5987
-1.5434,-1.5608,-1.5793,-1.5989,-1.6197,-1.6414,-1.6637,-1.6859,-1.7065,-1.7231,-1.732,-1.7292,-1.7135,-1.6899,-1.6662,-1.6441,-1.6195,-1.5881,-1.5487,-1.5026,-1.4519,-1.3978,-1.3403,-1.2781,-1.2095,-1.1329,-1.0476,-0.9544,-0.8554,-0.7547,-0.6573,-0.5691,-0.4948,-0.4379,-0.3995,-0.3785,-0.3725,-0.3781,-0.392,-0.4112,-0.4332,-0.4563,-0.4793,-0.5015,-0.5225,-0.5421,-0.5602,-0.5771,-0.5927,-0.6073
-1.5408,-1.5575,-1.5753,-1.594,-1.6136,-1.6338,-1.6542,-1.6739,-1.6916,-1.7051,-1.7115,-1.7082,-1.6949,-1.6749,-1.6528,-1.6301,-1.6046,-1.5735,-1.5358,-1.492,-1.4435,-1.3911,-1.3349,-1.2741,-1.2076,-1.1345,-1.0543,-0.9678,-0.877,-0.7853,-0.6969,-0.6163,-0.5477,-0.4936,-0.4552,-0.4318,-0.4217,-0.4223,-0.4308,-0.4448,-0.4621,-0.481,-0.5005,-0.5198,-0.5383,-0.5559,-0.5725,-0.5881,-0.6026,-0.6163
-1.5374,-1.5535,-1.5704,-1.5881,-1.6064,-1.625,-1.6434,-1.6608,-1.6759,-1.6867,-1.6912,-1.6877,-1.6761,-1.6586,-1.638,-1.6153,-1.5895,-1.5589,-1.5225,-1.4807,-1.4343,-1.3837,-1.3292,-1.2703,-1.2063,-1.1366,-1.0611,-0.9808,-0.8973,-0.8135,-0.7329,-0.659,-0.5953,-0.544,-0.506,-0.481,-0.4677,-0.4642,-0.4682,-0.4776,-0.4906,-0.5058,-0.522,-0.5384,-0.5546,-0.5703,-0.5853,-0.5995,-0.6129,-0.6256
