docs/data/wind_grid.json
[{"header":{"la1":42.85,"la2":41.18,"lo1":11.55,"lo2":14.05,"nx":36,"ny":24,"dx":0.07143,"dy":0.07261,"parameterCategory":2,"parameterNumber":2,"parameterNumberName":"eastward_wind","parameterUnit":"m.s-1"},"data":[-0.4799,-0.4873,-0.4945,-0.5014,-0.5076,-0.5121,-0.5137,-0.5109,-0.5025,-0.4885,-0.4703,-0.4499,-0.4295,-0.411,-0.3956,-0.3841,-0.3771,-0.3751,-0.3779,-0.3849,-0.3942,-0.4028,-0.4084,-0.4097,-0.4073,-0.402,-0.395,-0.3871,-0.3789,-0.3706,-0.3626,-0.3549,-0.3477,-0.341,-0.3348,-0.3292,-0.4885,-0.4979,-0.5075,-0.5174,-0.5271,-0.5359,-0.5415,-0.5412,-0.5321,-0.5138,-0.4887,-0.4606,-0.4331,-0.4087,-0.3888,-0.3743,-0.3657,-0.3639,-0.3696,-0.3824,-0.3993,-0.4147,-0.4237,-0.4249,-0.4203,-0.4121,-0.4023,-0.392,-0.3817,-0.3718,-0.3625,-0.3537,-0.3457,-0.3383,-0.3315,-0.3254,-0.4974,-0.5091,-0.5215,-0.5349,-0.5497,-0.5653,-0.579,-0.5848,-0.5761,-0.5509,-0.5143,-0.474,-0.4362,-0.4039,-0.3783,-0.3597,-0.3483,-0.3455,-0.3543,-0.3766,-0.4078,-0.4356,-0.4489,-0.4474,-0.4375,-0.4243,-0.4105,-0.397,-0.3843,-0.3725,-0.3617,-0.3518,-0.3428,-0.3347,-0.3274,-0.3209,-0.5065,-0.5211,-0.5366,-0.5537,-0.5743,-0.6006,-0.63,-0.651,-0.6458,-0.6077,-0.5499,-0.4901,-0.4376,-0.3952,-0.3627,-0.3389,-0.3225,-0.3146,-0.3236,-0.3607,-0.4212,-0.4742,-0.4907,-0.4788,-0.4583,-0.4376,-0.4186,-0.4014,-0.386,-0.3722,-0.3598,-0.3487,-0.3388,-0.33,-0.3222,-0.3154,-0.516,-0.5345,-0.5534,-0.5732,-0.5987,-0.6388,-0.6976,-0.7563,-0.7643,-0.6968,-0.5971,-0.5063,-0.4346,-0.38,-0.3398,-0.3107,-0.2868,-0.2635,-0.2568,-0.3125,-0.4352,-0.5397,-0.5495,-0.5135,-0.4786,-0.4497,-0.4252,-0.4042,-0.3861,-0.3703,-0.3564,-0.3443,-0.3335,-0.3241,-0.3159,-0.3088,-0.5259,-0.5511,-0.5756,-0.5959,-0.6194,-0.6696,-0.7729,-0.918,-0.9673,-0.8246,-0.6462,-0.515,-0.4223,-0.3542,-0.3058,-0.2738,-0.2449,-0.1909,-0.1145,-0.1758,-0.4137,-0.5799,-0.5795,-0.5332,-0.4924,-0.4578,-0.4288,-0.4044,-0.3838,-0.3663,-0.3512,-0.3381,-0.3266,-0.3167,-0.3081,-0.3008,-0.535,-0.5734,-0.6132,-0.6344,-0.6376,-0.6743,-0.8052,-1.0578,-1.1798,-0.9157,-0.6608,-0.5045,-0.3962,-0.3116,-0.2506,-0.2203,-0.2061,-0.1437,0.0439,-0.0004,-0.3904,-0.556,-0.5698,-0.5413,-0.5003,-0.4611,-0.428,-0.4009,-0.3784,-0.3596,-0.3436,-0.3298,-0.3179,-0.3075,-0.2987,-0.2913,-0.5375,-0.5978,-0.6822,-0.726,-0.6689,-0.6439,-0.7323,-0.9176,-0.9987,-0.8066,-0.6123,-0.4745,-0.3579,-0.2445,-0.1486,-0.1173,-0.1559,-0.1829,-0.1368,-0.274,-0.678,-0.764,-0.6577,-0.5706,-0.5072,-0.459,-0.4218,-0.3928,-0.3694,-0.35,-0.3335,-0.3192,-0.3069,-0.2963,-0.2874,-0.28,-0.52,-0.5929,-0.7473,-0.8832,-0.6919,-0.5793,-0.6142,-0.6868,-0.71,-0.6521,-0.557,-0.4486,-0.3225,-0.1518,0.061,0.1319,-0.0338,-0.2129,-0.3602,-0.6597,-1.2007,-1.1176,-0.7732,-0.5965,-0.5045,-0.4477,-0.4086,-0.3795,-0.3564,-0.3371,-0.3205,-0.306,-0.2934,-0.2827,-0.2738,-0.2667,-0.473,-0.506,-0.5858,-0.6425,-0.463,-0.4529,-0.5202,-0.5843,-0.6364,-0.6376,-0.557,-0.4514,-0.322,-0.0884,0.4484,0.7304,0.1521,-0.2117,-0.4239,-0.6779,-1.0218,-0.9871,-0.7314,-0.5689,-0.4783,-0.4235,-0.3873,-0.3609,-0.3397,-0.3212,-0.3048,-0.2901,-0.2772,-0.2664,-0.2576,-0.2509,-0.4144,-0.3778,-0.2595,0.0436,-0.0026,-0.3126,-0.461,-0.5457,-0.6918,-0.762,-0.5924,-0.4813,-0.3835,-0.2152,0.3289,0.7306,0.0672,-0.3076,-0.4832,-0.5839,-0.6783,-0.6795,-0.5885,-0.4961,-0.4301,-0.3872,-0.3592,-0.3384,-0.3201,-0.3027,-0.2862,-0.271,-0.2577,-0.2467,-0.2382,-0.2322,-0.3759,-0.3138,-0.1735,0.0485,-0.0093,-0.3018,-0.4376,-0.476,-0.5861,-0.6665,-0.5822,-0.5343,-0.4817,-0.4584,-0.2921,-0.109,-0.2628,-0.6048,-0.722,-0.6121,-0.5516,-0.5178,-0.4717,-0.4191,-0.3741,-0.345,-0.3287,-0.315,-0.2994,-0.2822,-0.2647,-0.2483,-0.234,-0.2228,-0.2147,-0.2098,-0.3665,-0.3208,-0.2503,-0.1909,-0.2411,-0.368,-0.4376,-0.4098,-0.4829,-0.5446,-0.5868,-0.675,-0.6235,-0.4977,-0.389,-0.2293,-0.3628,-1.1489,-1.1954,-0.6803,-0.4988,-0.4317,-0.3931,-0.358,-0.3247,-0.3073,-0.3033,-0.2947,-0.2791,-0.2597,-0.2396,-0.2207,-0.2048,-0.1932,-0.186,-0.183,-0.3738,-0.3501,-0.3257,-0.3197,-0.3527,-0.4081,-0.4481,-0.471,-0.4867,-0.5279,-0.6053,-0.8771,-0.9392,-0.4992,-0.2804,0.0405,-0.1026,-0.6652,-0.8326,-0.5552,-0.4089,-0.3513,-0.331,-0.3164,-0.2983,-0.2909,-0.2905,-0.2788,-0.2584,-0.2342,-0.2091,-0.186,-0.1676,-0.1556,-0.1503,-0.1507,-0.3849,-0.3753,-0.3699,-0.3758,-0.3968,-0.4259,-0.4519,-0.4717,-0.4938,-0.5302,-0.5731,-0.6125,-0.5849,-0.5841,-0.2284,0.1246,0.1099,-0.1943,-0.3735,-0.3442,-0.2647,-0.2454,-0.2688,-0.2852,-0.289,-0.2884,-0.2807,-0.2615,-0.2344,-0.203,-0.1703,-0.1406,-0.1183,-0.1066,-0.1052,-0.1114,-0.394,-0.3915,-0.3928,-0.4003,-0.4147,-0.433,-0.4518,-0.4708,-0.4965,-0.5442,-0.632,-0.5138,-0.4701,-0.4085,-0.2612,-0.0759,0.0178,-0.1389,-0.2313,-0.2047,-0.0786,-0.1112,-0.2101,-0.2561,-0.2721,-0.2736,-0.2632,-0.2397,-0.2054,-0.1641,-0.1197,-0.0787,-0.0504,-0.0408,-0.0478,-0.0646,-0.3998,-0.4004,-0.4037,-0.4106,-0.421,-0.4337,-0.4477,-0.4638,-0.4865,-0.5285,-0.598,-0.4998,-0.2685,-0.1645,-0.2613,-0.2183,-0.1776,-0.1765,-0.1733,-0.1613,-0.0502,-0.0896,-0.1931,-0.2412,-0.2616,-0.2687,-0.2578,-0.2238,-0.1746,-0.1173,-0.0537,0.0077,0.046,0.0482,0.0235,-0.0111,-0.4026,-0.4044,-0.4079,-0.4136,-0.4211,-0.43,-0.4398,-0.4507,-0.4635,-0.477,-0.4728,-0.3979,-0.2087,-0.1619,-0.3164,-0.3403,-0.2666,-0.1487,-0.0384,-0.164,-0.1805,-0.1859,-0.2181,-0.2437,-0.2717,-0.3094,-0.3046,-0.2303,-0.1444,-0.0637,0.0278,0.1258,0.1807,0.1624,0.1046,0.0437,-0.403,-0.4051,-0.4082,-0.4125,-0.4178,-0.4237,-0.4297,-0.4353,-0.4391,-0.4374,-0.4203,-0.3767,-0.322,-0.3364,-0.4881,-0.5482,-0.3517,-0.2052,-0.1433,-0.28,-0.2734,-0.2509,-0.2438,-0.2471,-0.2912,-0.4328,-0.4616,-0.2472,-0.0979,-0.0044,0.1091,0.257,0.3336,0.2769,0.1752,0.0872,-0.4019,-0.4037,-0.4062,-0.4092,-0.4127,-0.4162,-0.4191,-0.4208,-0.4199,-0.4138,-0.3998,-0.3788,-0.3649,-0.3897,-0.4811,-0.5073,-0.382,-0.3175,-0.4106,-0.4761,-0.3474,-0.2911,-0.2611,-0.2333,-0.2445,-0.4191,-0.4635,-0.1049,0.0126,0.0584,0.1504,0.309,0.3933,0.3182,0.2007,0.1047,-0.3997,-0.4011,-0.4029,-0.4048,-0.4068,-0.4084,-0.4093,-0.4087,-0.4058,-0.3996,-0.3898,-0.3791,-0.3744,-0.385,-0.4076,-0.4052,-0.3667,-0.3482,-0.3859,-0.4033,-0.3531,-0.3231,-0.2919,-0.2183,-0.1047,0.0775,0.4426,0.3713,0.1781,0.1138,0.1405,0.2331,0.2936,0.2528,0.1696,0.0922,-0.3968,-0.3978,-0.3988,-0.3998,-0.4007,-0.401,-0.4005,-0.3988,-0.3952,-0.3897,-0.3827,-0.3757,-0.3717,-0.3724,-0.374,-0.3675,-0.3528,-0.3445,-0.3499,-0.3533,-0.3561,-0.3895,-0.3881,-0.2561,-0.0291,0.354,0.8399,0.5824,0.2263,0.1297,0.1159,0.1435,0.17,0.1563,0.1124,0.0614,-0.3935,-0.394,-0.3945,-0.3948,-0.3947,-0.3942,-0.3929,-0.3905,-0.3869,-0.382,-0.3762,-0.3705,-0.3658,-0.3622,-0.3582,-0.3514,-0.3428,-0.3365,-0.3355,-0.3409,-0.3688,-0.449,-0.4764,-0.3091,-0.0643,0.2152,0.4122,0.2867,0.1187,0.1064,0.0951,0.0917,0.0938,0.0842,0.0595,0.0268,-0.39,-0.3901,-0.39,-0.3897,-0.3891,-0.3879,-0.3861,-0.3834,-0.3798,-0.3753,-0.3702,-0.3648,-0.3596,-0.3545,-0.3488,-0.3421,-0.335,-0.3291,-0.3266,-0.3311,-0.3525,-0.3943,-0.3928,-0.2791,-0.1072,0.061,0.158,0.1392,0.0998,0.0946,0.0775,0.0608,0.0497,0.0371,0.0189,-0.0041]},{"header":{"la1":42.85,"la2":41.18,"lo1":11.55,"lo2":14.05,"nx":36,"ny":24,"dx":0.07143,"dy":0.07261,"parameterCategory":2,"parameterNumber":3,"parameterNumberName":"northward_wind","parameterUnit":"m.s-1"},"data":[-0.3235,-0.332,-0.3406,-0.3491,-0.357,-0.3637,-0.368,-0.3686,-0.3644,-0.3551,-0.3414,-0.3244,-0.3052,-0.2849,-0.2643,-0.2443,-0.2261,-0.2111,-0.2009,-0.1958,-0.1946,-0.1947,-0.1932,-0.1884,-0.181,-0.1724,-0.1637,-0.1557,-0.1487,-0.1426,-0.1374,-0.133,-0.1292,-0.1259,-0.1231,-0.1207,-0.3307,-0.3411,-0.3519,-0.3631,-0.3745,-0.3851,-0.3934,-0.3969,-0.3932,-0.3818,-0.364,-0.3421,-0.3181,-0.2931,-0.2677,-0.2427,-0.2199,-0.2016,-0.1909,-0.1893,-0.1951,-0.2021,-0.2037,-0.1977,-0.1866,-0.1741,-0.1624,-0.1525,-0.1444,-0.1378,-0.1323,-0.1278,-0.124,-0.1209,-0.1182,-0.1159,-0.3378,-0.3503,-0.3637,-0.3781,-0.3938,-0.4105,-0.4259,-0.435,-0.4329,-0.4177,-0.393,-0.3638,-0.3333,-0.3025,-0.2713,-0.2398,-0.2097,-0.1854,-0.1734,-0.1789,-0.1998,-0.2223,-0.2289,-0.2168,-0.1964,-0.1766,-0.1605,-0.1483,-0.139,-0.1319,-0.1263,-0.1219,-0.1183,-0.1153,-0.1128,-0.1107,-0.3446,-0.3597,-0.3757,-0.3933,-0.4142,-0.4398,-0.468,-0.4897,-0.4913,-0.4683,-0.4303,-0.3895,-0.3507,-0.3137,-0.276,-0.236,-0.1945,-0.1581,-0.1406,-0.158,-0.213,-0.273,-0.2847,-0.2506,-0.2093,-0.1777,-0.1563,-0.1419,-0.1319,-0.1247,-0.1193,-0.1152,-0.1118,-0.1092,-0.107,-0.1052,-0.3513,-0.3697,-0.3887,-0.4087,-0.4337,-0.4705,-0.5219,-0.5725,-0.5845,-0.5415,-0.4763,-0.4176,-0.3697,-0.3273,-0.284,-0.2341,-0.1751,-0.1135,-0.0753,-0.1052,-0.229,-0.3821,-0.387,-0.2921,-0.2165,-0.1724,-0.1473,-0.1323,-0.1226,-0.116,-0.1112,-0.1076,-0.1047,-0.1025,-0.1007,-0.0992,-0.3579,-0.3822,-0.4061,-0.4265,-0.4495,-0.4945,-0.5806,-0.6955,-0.7363,-0.64,-0.5234,-0.4429,-0.3885,-0.3446,-0.299,-0.2407,-0.1594,-0.052,0.0465,0.0216,-0.1804,-0.4564,-0.4436,-0.2895,-0.1982,-0.154,-0.1315,-0.1188,-0.111,-0.1057,-0.1019,-0.0992,-0.097,-0.0953,-0.094,-0.093,-0.3633,-0.3995,-0.4374,-0.4585,-0.4634,-0.497,-0.6055,-0.8001,-0.8899,-0.7098,-0.5469,-0.4581,-0.4058,-0.3672,-0.3264,-0.2666,-0.1694,-0.0172,0.1633,0.1535,-0.0156,-0.202,-0.2504,-0.1896,-0.1446,-0.1215,-0.1092,-0.102,-0.0973,-0.0941,-0.0918,-0.09,-0.0887,-0.0877,-0.087,-0.0864,-0.3623,-0.4187,-0.4984,-0.5404,-0.4892,-0.4699,-0.5497,-0.7001,-0.7661,-0.6458,-0.5313,-0.463,-0.4228,-0.3977,-0.3728,-0.3236,-0.2259,-0.0764,0.0772,0.1301,0.1997,0.1541,0.0124,-0.0568,-0.0783,-0.0838,-0.0843,-0.0835,-0.0825,-0.0816,-0.0809,-0.0804,-0.0801,-0.0798,-0.0797,-0.0796,-0.3421,-0.4101,-0.5572,-0.6875,-0.5065,-0.4091,-0.4568,-0.5413,-0.5887,-0.5716,-0.5188,-0.4689,-0.4412,-0.4365,-0.4478,-0.4258,-0.3204,-0.1743,-0.021,0.182,0.5326,0.4602,0.1715,0.0279,-0.0299,-0.0524,-0.0613,-0.0652,-0.0673,-0.0687,-0.0698,-0.0706,-0.0712,-0.0717,-0.0722,-0.0727,-0.2935,-0.3224,-0.3971,-0.4511,-0.2783,-0.2837,-0.3763,-0.4833,-0.6044,-0.6432,-0.5528,-0.4815,-0.4586,-0.4736,-0.5554,-0.6005,-0.4183,-0.2498,-0.0961,0.1131,0.3851,0.3575,0.1592,0.0428,-0.0091,-0.0312,-0.0415,-0.0476,-0.0522,-0.0558,-0.0586,-0.0607,-0.0624,-0.0637,-0.0648,-0.0658,-0.2339,-0.1939,-0.0717,0.2357,0.1873,-0.138,-0.3138,-0.4533,-0.7533,-0.9064,-0.6018,-0.4878,-0.4721,-0.4884,-0.5566,-0.6116,-0.4253,-0.2763,-0.1609,-0.0377,0.0833,0.1122,0.0647,0.0195,-0.004,-0.0146,-0.0221,-0.0299,-0.0372,-0.0432,-0.0477,-0.0512,-0.0538,-0.0559,-0.0576,-0.059,-0.1944,-0.1292,0.0149,0.2406,0.1822,-0.1165,-0.2774,-0.3665,-0.5173,-0.6882,-0.5281,-0.4777,-0.4891,-0.5097,-0.5069,-0.4623,-0.3653,-0.2447,-0.1744,-0.1165,-0.0497,-0.0088,0.0013,0.0017,0.0059,0.009,0.0022,-0.0106,-0.0224,-0.0313,-0.0377,-0.0423,-0.0458,-0.0486,-0.0508,-0.0527,-0.1839,-0.1351,-0.0611,0.0019,-0.0428,-0.1577,-0.229,-0.5386,-0.0971,-0.3449,-0.4265,-0.4837,-0.5195,-0.5391,-0.5315,-0.451,-0.3484,-0.1593,-0.1336,-0.1318,-0.0829,-0.0416,-0.0161,0.0054,0.0338,0.0504,0.034,0.0089,-0.0095,-0.0213,-0.029,-0.0346,-0.039,-0.0423,-0.045,-0.047,-0.1898,-0.1627,-0.1338,-0.1212,-0.1414,-0.1684,-0.1371,0.0738,-0.0012,-0.2547,-0.3731,-0.5119,-0.5757,-0.7263,-0.5135,-0.5267,-0.4023,-0.2186,-0.1555,-0.1163,-0.0592,-0.0211,-0.0026,0.0191,0.0635,0.0922,0.0584,0.0207,-0.0015,-0.0142,-0.0224,-0.0287,-0.0339,-0.0378,-0.0406,-0.0425,-0.1996,-0.1861,-0.1752,-0.1726,-0.1789,-0.1812,-0.1603,-0.1277,-0.167,-0.2475,-0.2923,-0.3417,-0.4239,-0.4151,-0.4572,-0.5252,-0.1532,-0.2049,-0.1404,-0.0535,0.0323,0.0536,0.0333,0.0276,0.0512,0.0706,0.046,0.0166,-0.0004,-0.0103,-0.0181,-0.0254,-0.0319,-0.0365,-0.0389,-0.04,-0.2075,-0.201,-0.1966,-0.196,-0.1979,-0.1982,-0.1947,-0.1962,-0.214,-0.2283,-0.2093,-0.1398,-0.205,-0.2988,-0.3231,-0.2792,-0.1457,-0.1365,-0.0547,0.0587,0.2183,0.1852,0.0803,0.0341,0.0238,0.0221,0.0117,0.0011,-0.004,-0.0083,-0.016,-0.0266,-0.0361,-0.0411,-0.0417,-0.0401,-0.2125,-0.2093,-0.2074,-0.2073,-0.2083,-0.2094,-0.2106,-0.2138,-0.218,-0.2139,-0.1981,-0.1563,0.0037,0.0699,-0.1662,-0.1958,-0.1315,0.0,0.1236,0.146,0.2534,0.2097,0.0935,0.033,0.0,-0.0219,-0.0301,-0.0213,-0.0082,-0.005,-0.0164,-0.0367,-0.0529,-0.0567,-0.0514,-0.0438,-0.2149,-0.2132,-0.2122,-0.2122,-0.2128,-0.2136,-0.2144,-0.2147,-0.2125,-0.2035,-0.1822,-0.1236,0.056,0.094,-0.1082,-0.139,-0.0469,0.2404,0.5229,0.2392,0.149,0.1195,0.0685,0.0197,-0.0353,-0.0977,-0.1106,-0.0568,-0.0069,0.0058,-0.019,-0.0646,-0.0944,-0.0898,-0.069,-0.0499,-0.2152,-0.2141,-0.2135,-0.2133,-0.2133,-0.2132,-0.2125,-0.2104,-0.2052,-0.1942,-0.173,-0.1337,-0.0821,-0.0867,-0.1588,-0.1762,-0.045,0.2043,0.3655,0.1587,0.0984,0.0758,0.0509,0.0112,-0.0751,-0.2423,-0.2787,-0.0932,0.0201,0.0373,-0.0178,-0.114,-0.1644,-0.1353,-0.0876,-0.0538,-0.214,-0.2131,-0.2124,-0.2118,-0.2111,-0.2101,-0.2081,-0.2045,-0.1981,-0.1875,-0.171,-0.1491,-0.1298,-0.1305,-0.1557,-0.1555,-0.0603,0.054,0.0481,0.0115,0.0558,0.0628,0.0568,0.0324,-0.0435,-0.2451,-0.2929,0.0052,0.1165,0.111,0.0175,-0.1308,-0.1998,-0.151,-0.0873,-0.0471,-0.2117,-0.2108,-0.2099,-0.2088,-0.2075,-0.2056,-0.2027,-0.1982,-0.1916,-0.1821,-0.1694,-0.1547,-0.1417,-0.1339,-0.1288,-0.1086,-0.0568,0.0023,0.0258,0.0294,0.0529,0.0783,0.0902,0.0861,0.0851,0.1377,0.345,0.3392,0.2923,0.2468,0.1286,-0.0283,-0.1107,-0.0932,-0.0527,-0.0247,-0.2088,-0.2077,-0.2064,-0.2049,-0.203,-0.2005,-0.1969,-0.192,-0.1854,-0.1767,-0.166,-0.154,-0.1416,-0.1293,-0.1144,-0.091,-0.0558,-0.0168,0.0133,0.0377,0.0759,0.1313,0.1521,0.1408,0.1834,0.3473,0.5805,0.5106,0.5023,0.4612,0.3059,0.1394,0.0364,0.004,0.0038,0.0087,-0.2053,-0.204,-0.2024,-0.2005,-0.1981,-0.1951,-0.1911,-0.1859,-0.1793,-0.1711,-0.1613,-0.1501,-0.1377,-0.1236,-0.1064,-0.084,-0.0559,-0.0246,0.0068,0.0428,0.0977,0.1732,0.1927,0.1666,0.2095,0.3302,0.4589,0.5832,0.8141,0.7255,0.4774,0.2784,0.1543,0.0894,0.0588,0.0432,-0.2016,-0.2,-0.1982,-0.1959,-0.1931,-0.1896,-0.1853,-0.1799,-0.1733,-0.1654,-0.156,-0.1452,-0.1327,-0.1183,-0.1011,-0.0803,-0.0557,-0.0279,0.0032,0.0408,0.0904,0.1433,0.1627,0.164,0.2066,0.2978,0.4242,0.6276,0.8543,0.7674,0.5322,0.3435,0.2197,0.144,0.0988,0.0709]}]