docs/data/wind_grid.json
[{"header":{"la1":42.85,"la2":41.18,"lo1":11.55,"lo2":14.05,"nx":36,"ny":24,"dx":0.07143,"dy":0.07261,"parameterCategory":2,"parameterNumber":2,"parameterNumberName":"eastward_wind","parameterUnit":"m.s-1"},"data":[-0.4602,-0.4704,-0.4811,-0.4922,-0.5029,-0.5122,-0.5183,-0.5193,-0.5135,-0.5011,-0.4833,-0.4629,-0.4421,-0.4231,-0.4069,-0.3943,-0.3859,-0.3821,-0.3831,-0.3883,-0.3961,-0.4042,-0.4105,-0.4141,-0.4147,-0.4128,-0.4088,-0.4033,-0.3968,-0.3895,-0.3818,-0.3739,-0.366,-0.3583,-0.3508,-0.3437,-0.4661,-0.4786,-0.4923,-0.5071,-0.5228,-0.538,-0.5498,-0.5545,-0.5485,-0.5313,-0.5057,-0.4765,-0.4478,-0.4222,-0.401,-0.3847,-0.3739,-0.3693,-0.3719,-0.3816,-0.3956,-0.4095,-0.4195,-0.4243,-0.4248,-0.422,-0.4167,-0.4098,-0.4017,-0.393,-0.384,-0.3749,-0.3659,-0.3572,-0.3489,-0.3411,-0.4715,-0.4866,-0.5037,-0.5232,-0.5456,-0.5702,-0.5931,-0.6062,-0.6013,-0.576,-0.5368,-0.4936,-0.4532,-0.4189,-0.3913,-0.3701,-0.3553,-0.3481,-0.3521,-0.3693,-0.3952,-0.419,-0.4335,-0.4387,-0.4379,-0.4332,-0.426,-0.417,-0.4071,-0.3966,-0.386,-0.3755,-0.3653,-0.3555,-0.3463,-0.3378,-0.4764,-0.4944,-0.5149,-0.5392,-0.57,-0.6092,-0.6533,-0.6866,-0.6865,-0.6452,-0.5803,-0.5139,-0.457,-0.4116,-0.3765,-0.3492,-0.3275,-0.3127,-0.3143,-0.3444,-0.3953,-0.4376,-0.4553,-0.4577,-0.4539,-0.4464,-0.4364,-0.4249,-0.4126,-0.4001,-0.3876,-0.3755,-0.3639,-0.3529,-0.3427,-0.3334,-0.4806,-0.5023,-0.5264,-0.5542,-0.5923,-0.6512,-0.735,-0.8179,-0.8345,-0.7552,-0.6377,-0.5342,-0.4557,-0.3976,-0.3545,-0.321,-0.2892,-0.2536,-0.2348,-0.2843,-0.3939,-0.4704,-0.4825,-0.4786,-0.4719,-0.4613,-0.4479,-0.4331,-0.418,-0.403,-0.3885,-0.3746,-0.3614,-0.3492,-0.338,-0.3278,-0.4844,-0.5125,-0.5419,-0.5698,-0.6069,-0.6822,-0.8274,-1.0248,-1.0934,-0.9147,-0.6969,-0.5449,-0.4437,-0.3723,-0.3215,-0.285,-0.2453,-0.1688,-0.0643,-0.1266,-0.3699,-0.491,-0.4961,-0.4991,-0.4928,-0.4779,-0.4599,-0.4412,-0.4229,-0.4052,-0.3883,-0.3724,-0.3576,-0.344,-0.3317,-0.3208,-0.4868,-0.5283,-0.5733,-0.6005,-0.6139,-0.6765,-0.863,-1.2064,-1.3694,-1.0278,-0.7112,-0.531,-0.4156,-0.3292,-0.2671,-0.2339,-0.2096,-0.1164,0.1301,0.0785,-0.3735,-0.5306,-0.5419,-0.5397,-0.5213,-0.4966,-0.4719,-0.4487,-0.4269,-0.4063,-0.3868,-0.3687,-0.352,-0.337,-0.3236,-0.3119,-0.4815,-0.5467,-0.6416,-0.6924,-0.6327,-0.6216,-0.7551,-1.0129,-1.126,-0.8778,-0.6414,-0.491,-0.3731,-0.2601,-0.1633,-0.1319,-0.1691,-0.1806,-0.1028,-0.2622,-0.7451,-0.8406,-0.7089,-0.615,-0.5566,-0.5153,-0.4829,-0.4551,-0.4297,-0.4059,-0.3836,-0.363,-0.3443,-0.3276,-0.3131,-0.3007,-0.4537,-0.5324,-0.7103,-0.8708,-0.6455,-0.5234,-0.582,-0.6842,-0.7182,-0.6515,-0.5539,-0.4524,-0.3339,-0.1639,0.0573,0.1293,-0.0532,-0.244,-0.3997,-0.7435,-1.3783,-1.2802,-0.8764,-0.677,-0.5825,-0.529,-0.4917,-0.4605,-0.4316,-0.4041,-0.3783,-0.3547,-0.3337,-0.3153,-0.2997,-0.2868,-0.3923,-0.4215,-0.5091,-0.574,-0.3546,-0.3508,-0.4391,-0.5164,-0.5713,-0.5783,-0.5237,-0.4452,-0.3334,-0.1001,0.4748,0.7808,0.1362,-0.2672,-0.4993,-0.7834,-1.176,-1.1366,-0.8478,-0.6732,-0.5856,-0.5366,-0.5007,-0.4671,-0.4336,-0.401,-0.3706,-0.3432,-0.3194,-0.2992,-0.2827,-0.2695,-0.3189,-0.2614,-0.1003,0.2929,0.2336,-0.1613,-0.3393,-0.4326,-0.587,-0.6573,-0.5377,-0.4708,-0.4006,-0.2419,0.3381,0.7759,0.0241,-0.3964,-0.5866,-0.6932,-0.7963,-0.7994,-0.7067,-0.624,-0.5776,-0.5494,-0.5187,-0.4798,-0.4373,-0.3963,-0.3593,-0.3272,-0.3002,-0.2782,-0.2609,-0.2479,-0.2727,-0.1837,0.0057,0.2976,0.2257,-0.1358,-0.2793,-0.3053,-0.4495,-0.5652,-0.5267,-0.5207,-0.5029,-0.4978,-0.3529,-0.1899,-0.3795,-0.7482,-0.8663,-0.7385,-0.6666,-0.6323,-0.5997,-0.5829,-0.5916,-0.5964,-0.5636,-0.5045,-0.4429,-0.3884,-0.3425,-0.3047,-0.2743,-0.2507,-0.2333,-0.2212,-0.265,-0.198,-0.099,-0.0151,-0.0702,-0.2093,-0.2537,-0.202,-0.2783,-0.4363,-0.5328,-0.6326,-0.62,-0.55,-0.4848,-0.4008,-0.5608,-1.3426,-1.3817,-0.8233,-0.6152,-0.5445,-0.5319,-0.5706,-0.6642,-0.7221,-0.6519,-0.5391,-0.4447,-0.3726,-0.3167,-0.2729,-0.2392,-0.2146,-0.198,-0.1882,-0.2795,-0.242,-0.203,-0.1868,-0.2166,-0.2639,-0.2742,-0.2467,-0.2958,-0.4329,-0.5566,-0.7797,-0.8368,-0.5999,-0.4509,-0.2902,-0.4176,-0.8956,-1.0179,-0.6933,-0.5129,-0.4503,-0.4645,-0.5573,-0.7568,-0.8823,-0.7317,-0.5512,-0.4273,-0.3414,-0.2772,-0.2279,-0.1914,-0.1669,-0.1531,-0.1476,-0.2994,-0.2812,-0.2676,-0.2674,-0.2837,-0.3052,-0.3182,-0.3315,-0.3819,-0.4678,-0.5447,-0.6085,-0.6239,-0.6795,-0.4315,-0.2581,-0.4437,-0.504,-0.5522,-0.4525,-0.3325,-0.3095,-0.369,-0.4824,-0.6655,-0.7747,-0.6543,-0.4941,-0.3761,-0.2889,-0.2199,-0.1655,-0.1266,-0.104,-0.096,-0.0982,-0.317,-0.309,-0.3055,-0.3095,-0.321,-0.3369,-0.3551,-0.3816,-0.4279,-0.4969,-0.575,-0.5849,-0.5311,-0.4798,-0.4117,-0.3835,-0.4281,-0.3998,-0.3608,-0.2623,-0.0931,-0.1307,-0.2633,-0.3697,-0.4689,-0.518,-0.4735,-0.3856,-0.2975,-0.2167,-0.143,-0.0806,-0.0381,-0.0205,-0.0239,-0.0395,-0.3301,-0.3275,-0.3281,-0.3333,-0.3431,-0.357,-0.3751,-0.4001,-0.4361,-0.4871,-0.5474,-0.5008,-0.2509,-0.1275,-0.3081,-0.3359,-0.3297,-0.2766,-0.2131,-0.1702,-0.0499,-0.0903,-0.2073,-0.2851,-0.3385,-0.3617,-0.3431,-0.2888,-0.2153,-0.1335,-0.047,0.0332,0.0832,0.0895,0.0641,0.0269,-0.3392,-0.3391,-0.3414,-0.3467,-0.3551,-0.3666,-0.3813,-0.3996,-0.4212,-0.4424,-0.4444,-0.3745,-0.1563,-0.0927,-0.2276,-0.2441,-0.2364,-0.1351,-0.029,-0.1076,-0.1243,-0.1436,-0.1882,-0.2333,-0.2802,-0.3262,-0.3214,-0.2426,-0.1454,-0.0478,0.0636,0.1803,0.2453,0.226,0.1618,0.0942,-0.3449,-0.3459,-0.3486,-0.3534,-0.3601,-0.3688,-0.379,-0.39,-0.3997,-0.4027,-0.3875,-0.3385,-0.2619,-0.2165,-0.158,-0.1254,-0.1776,-0.1084,-0.036,-0.0402,-0.0908,-0.1292,-0.1558,-0.1883,-0.2625,-0.4272,-0.4604,-0.2358,-0.0725,0.0369,0.1688,0.3359,0.4215,0.3587,0.2457,0.148,-0.3479,-0.3493,-0.3518,-0.3556,-0.3605,-0.3664,-0.3725,-0.3777,-0.3798,-0.3752,-0.3587,-0.3269,-0.2844,-0.2365,-0.1689,-0.1437,-0.1636,-0.1071,0.0249,0.0802,-0.0386,-0.0866,-0.1013,-0.1202,-0.1862,-0.4079,-0.461,-0.0807,0.059,0.1227,0.2272,0.3976,0.4879,0.4066,0.2782,0.1723,-0.3489,-0.3502,-0.3522,-0.3549,-0.3581,-0.3615,-0.3643,-0.3656,-0.3636,-0.3562,-0.3413,-0.3179,-0.2875,-0.2517,-0.2148,-0.1914,-0.17,-0.116,-0.0301,0.0025,-0.0316,-0.0293,-0.0183,-0.021,0.0009,0.1197,0.4568,0.4032,0.2516,0.2101,0.2376,0.326,0.3848,0.34,0.2494,0.1639,-0.3485,-0.3494,-0.3507,-0.3523,-0.354,-0.3554,-0.3559,-0.3546,-0.3504,-0.3422,-0.3289,-0.3102,-0.2869,-0.2606,-0.2339,-0.2087,-0.1792,-0.1372,-0.089,-0.0525,-0.0091,0.0737,0.1061,0.0737,0.1371,0.4158,0.8372,0.6246,0.3637,0.2886,0.251,0.2544,0.2673,0.2458,0.1947,0.1362,-0.347,-0.3475,-0.3481,-0.3487,-0.3491,-0.349,-0.3478,-0.3449,-0.3396,-0.3312,-0.3192,-0.3035,-0.2845,-0.263,-0.2401,-0.2153,-0.1864,-0.1511,-0.1101,-0.0601,0.0225,0.1516,0.1871,0.1187,0.1585,0.33,0.4926,0.4373,0.3906,0.3546,0.2759,0.2272,0.2042,0.1803,0.1458,0.105,-0.3448,-0.3448,-0.3448,-0.3445,-0.3439,-0.3426,-0.3403,-0.3364,-0.3305,-0.3222,-0.3111,-0.2973,-0.2808,-0.2621,-0.2413,-0.2178,-0.1907,-0.1584,-0.119,-0.067,0.0077,0.0947,0.1237,0.1027,0.1328,0.222,0.3058,0.3478,0.3903,0.3591,0.275,0.2102,0.1699,0.1395,0.1092,0.0771]},{"header":{"la1":42.85,"la2":41.18,"lo1":11.55,"lo2":14.05,"nx":36,"ny":24,"dx":0.07143,"dy":0.07261,"parameterCategory":2,"parameterNumber":3,"parameterNumberName":"northward_wind","parameterUnit":"m.s-1"},"data":[-0.4694,-0.4766,-0.4847,-0.4932,-0.5019,-0.51,-0.5163,-0.5194,-0.5181,-0.5119,-0.5008,-0.4855,-0.4668,-0.4451,-0.4209,-0.3953,-0.3698,-0.3468,-0.3286,-0.3167,-0.3109,-0.3096,-0.3106,-0.3125,-0.3147,-0.3169,-0.3191,-0.3212,-0.323,-0.3244,-0.3253,-0.3257,-0.3257,-0.3253,-0.3247,-0.3238,-0.4707,-0.4795,-0.4894,-0.5006,-0.5127,-0.5249,-0.5355,-0.542,-0.5421,-0.5347,-0.5207,-0.5016,-0.4786,-0.4519,-0.4218,-0.3891,-0.3558,-0.3256,-0.3033,-0.2916,-0.2899,-0.294,-0.2991,-0.3032,-0.3065,-0.3096,-0.3127,-0.3157,-0.3183,-0.3203,-0.3217,-0.3223,-0.3224,-0.3221,-0.3214,-0.3205,-0.4712,-0.4815,-0.4936,-0.5077,-0.5242,-0.5427,-0.5606,-0.5734,-0.5757,-0.566,-0.5467,-0.5219,-0.4934,-0.461,-0.4237,-0.3813,-0.3361,-0.2944,-0.2654,-0.2566,-0.2658,-0.2817,-0.2928,-0.2974,-0.2998,-0.3028,-0.3066,-0.3106,-0.314,-0.3167,-0.3184,-0.3192,-0.3193,-0.3189,-0.318,-0.317,-0.4706,-0.4827,-0.4969,-0.514,-0.5356,-0.5631,-0.5943,-0.6198,-0.6266,-0.6106,-0.5806,-0.5466,-0.5116,-0.4733,-0.4282,-0.3733,-0.3095,-0.2463,-0.2041,-0.2036,-0.2416,-0.2855,-0.3025,-0.2991,-0.2952,-0.2964,-0.3008,-0.3059,-0.3104,-0.3136,-0.3156,-0.3165,-0.3164,-0.3157,-0.3146,-0.3133,-0.4693,-0.4838,-0.5003,-0.5192,-0.5448,-0.584,-0.6387,-0.6931,-0.7103,-0.6762,-0.6225,-0.5743,-0.5328,-0.4905,-0.4387,-0.3692,-0.2771,-0.171,-0.0932,-0.1081,-0.2179,-0.3318,-0.3433,-0.3078,-0.2902,-0.2893,-0.2951,-0.302,-0.3077,-0.3115,-0.3136,-0.3142,-0.3137,-0.3126,-0.3111,-0.3094,-0.4674,-0.4868,-0.5073,-0.5259,-0.5492,-0.597,-0.6879,-0.8073,-0.8515,-0.7655,-0.6655,-0.6005,-0.5562,-0.5145,-0.4606,-0.3791,-0.2519,-0.0677,0.1142,0.089,-0.1481,-0.3731,-0.37,-0.2995,-0.277,-0.2801,-0.29,-0.2996,-0.3067,-0.3108,-0.3126,-0.3125,-0.3113,-0.3094,-0.3073,-0.3051,-0.4644,-0.4948,-0.5289,-0.5475,-0.5508,-0.5863,-0.7027,-0.9074,-0.9996,-0.8284,-0.6865,-0.6186,-0.5808,-0.5476,-0.5007,-0.4186,-0.27,-0.0122,0.3263,0.3039,0.0036,-0.1936,-0.2509,-0.2431,-0.2516,-0.2699,-0.2874,-0.3004,-0.3084,-0.3121,-0.3128,-0.3115,-0.3091,-0.3061,-0.3031,-0.3002,-0.4554,-0.506,-0.5844,-0.6258,-0.5668,-0.5415,-0.6279,-0.7952,-0.8713,-0.7615,-0.6711,-0.629,-0.608,-0.5917,-0.5646,-0.4995,-0.3619,-0.1313,0.1285,0.1674,0.1432,0.0736,-0.075,-0.17,-0.2272,-0.2658,-0.2914,-0.3068,-0.3142,-0.3161,-0.3145,-0.311,-0.3067,-0.3023,-0.2982,-0.2946,-0.4276,-0.49,-0.6427,-0.7841,-0.5782,-0.4546,-0.4971,-0.5962,-0.6666,-0.6763,-0.6576,-0.6423,-0.639,-0.6454,-0.6571,-0.6274,-0.5003,-0.3125,-0.1166,0.0875,0.4139,0.3389,0.0361,-0.1351,-0.2257,-0.2779,-0.3076,-0.3219,-0.3257,-0.3232,-0.3176,-0.3107,-0.3039,-0.2976,-0.2922,-0.2878,-0.3714,-0.3903,-0.4643,-0.5204,-0.316,-0.2848,-0.35,-0.4693,-0.6442,-0.7312,-0.687,-0.6647,-0.6714,-0.6953,-0.7732,-0.814,-0.6272,-0.4401,-0.2631,-0.0356,0.2501,0.2157,-0.0137,-0.1692,-0.2613,-0.3155,-0.3422,-0.3491,-0.344,-0.3335,-0.3214,-0.3099,-0.2997,-0.2912,-0.2845,-0.2794,-0.3053,-0.2473,-0.1034,0.2327,0.1933,-0.077,-0.1633,-0.3006,-0.7761,-1.0069,-0.7331,-0.6888,-0.7027,-0.7181,-0.7793,-0.829,-0.65,-0.4945,-0.3668,-0.2302,-0.1004,-0.0799,-0.1595,-0.2554,-0.3363,-0.3881,-0.4035,-0.3922,-0.3696,-0.3457,-0.3245,-0.307,-0.2931,-0.2825,-0.2746,-0.2691,-0.2642,-0.176,-0.0044,0.2444,0.2064,0.0278,0.1042,0.1991,-0.306,-0.7284,-0.6748,-0.7161,-0.7401,-0.719,-0.7215,-0.6989,-0.6039,-0.4731,-0.3957,-0.336,-0.2699,-0.2441,-0.2767,-0.3557,-0.4547,-0.5167,-0.5053,-0.4535,-0.3997,-0.3564,-0.3239,-0.2999,-0.2825,-0.2701,-0.2616,-0.2561,-0.2588,-0.1864,-0.0846,0.0098,0.0205,0.055,0.3036,0.6794,0.3393,-0.3152,-0.6322,-0.7844,-0.8224,-0.7298,-0.7328,-0.6936,-0.5908,-0.3716,-0.3429,-0.3604,-0.317,-0.2969,-0.3335,-0.4475,-0.6325,-0.7402,-0.6562,-0.523,-0.4238,-0.3585,-0.3153,-0.2861,-0.2664,-0.2532,-0.2449,-0.2403,-0.2765,-0.2279,-0.1724,-0.1242,-0.0845,0.0017,0.2002,0.4404,0.2297,-0.3451,-0.694,-0.8642,-0.9244,-1.2089,-0.8286,-0.699,-0.6347,-0.4687,-0.3897,-0.3485,-0.2829,-0.2636,-0.3227,-0.4887,-0.796,-0.9772,-0.7779,-0.5561,-0.4217,-0.3429,-0.2943,-0.2631,-0.2431,-0.2308,-0.2241,-0.2212,-0.3034,-0.2727,-0.2406,-0.2101,-0.1765,-0.1232,-0.0494,-0.0311,-0.2263,-0.5705,-0.8207,-0.934,-1.018,-1.1838,-0.8446,-0.692,-0.6143,-0.5372,-0.4075,-0.2675,-0.1303,-0.1216,-0.2341,-0.4166,-0.6822,-0.8352,-0.6851,-0.4968,-0.3761,-0.3035,-0.2583,-0.2297,-0.2122,-0.2028,-0.1991,-0.1993,-0.3321,-0.3141,-0.2966,-0.2812,-0.2675,-0.2569,-0.265,-0.3342,-0.5093,-0.7708,-1.0214,-1.1226,-1.0508,-0.9749,-0.8207,-0.6757,-0.5956,-0.4864,-0.3183,-0.1004,0.2147,0.1417,-0.1063,-0.2857,-0.4321,-0.5039,-0.4572,-0.3682,-0.295,-0.2439,-0.2095,-0.1873,-0.1748,-0.1701,-0.1709,-0.1751,-0.3594,-0.3506,-0.3441,-0.3415,-0.3455,-0.3617,-0.4025,-0.4868,-0.6278,-0.8176,-0.9983,-1.0189,-1.019,-0.9979,-0.7978,-0.648,-0.5111,-0.3081,-0.1163,-0.0003,0.2768,0.1894,-0.0567,-0.1957,-0.2667,-0.2864,-0.2683,-0.2357,-0.2026,-0.1746,-0.1538,-0.1406,-0.1348,-0.1358,-0.1417,-0.1504,-0.3837,-0.3817,-0.383,-0.3895,-0.4043,-0.4319,-0.4793,-0.5531,-0.654,-0.7683,-0.8601,-0.9042,-0.9707,-0.9601,-0.7372,-0.5929,-0.4059,-0.0204,0.3026,0.0689,0.0351,0.0009,-0.0924,-0.1572,-0.1744,-0.1589,-0.1412,-0.129,-0.1154,-0.1046,-0.0997,-0.0996,-0.1016,-0.1066,-0.1156,-0.1274,-0.4042,-0.4069,-0.4133,-0.425,-0.4443,-0.4741,-0.5174,-0.5752,-0.6444,-0.7146,-0.7702,-0.8029,-0.8128,-0.7554,-0.6299,-0.5885,-0.3926,-0.0303,0.1968,0.084,-0.015,-0.0821,-0.1276,-0.1418,-0.1208,-0.0945,-0.0846,-0.0541,-0.0329,-0.0335,-0.0529,-0.0789,-0.0905,-0.0912,-0.0966,-0.1082,-0.4207,-0.4263,-0.4354,-0.4493,-0.4693,-0.4968,-0.5327,-0.576,-0.6233,-0.6678,-0.701,-0.7159,-0.7047,-0.6573,-0.5982,-0.5593,-0.3912,-0.1394,0.0996,0.1702,-0.0168,-0.1269,-0.1633,-0.1421,-0.0864,-0.0659,-0.0629,0.0366,0.0695,0.0552,0.0003,-0.0691,-0.0948,-0.0851,-0.0825,-0.0921,-0.4333,-0.4404,-0.4506,-0.4646,-0.4832,-0.5068,-0.5351,-0.5668,-0.599,-0.627,-0.6456,-0.6496,-0.6346,-0.5999,-0.5532,-0.488,-0.3675,-0.1991,-0.0273,0.0167,-0.1077,-0.2201,-0.2467,-0.1771,-0.0544,0.0812,0.238,0.2374,0.2209,0.1941,0.1029,-0.0053,-0.057,-0.061,-0.0638,-0.076,-0.4423,-0.45,-0.4602,-0.4732,-0.4894,-0.5086,-0.5304,-0.5532,-0.5748,-0.5919,-0.6011,-0.5991,-0.5835,-0.5537,-0.5103,-0.4489,-0.3632,-0.2627,-0.1809,-0.1712,-0.2593,-0.4039,-0.4378,-0.2742,-0.0554,0.1815,0.3788,0.3616,0.4502,0.4349,0.2774,0.1204,0.028,-0.0129,-0.0365,-0.0583,-0.4483,-0.4559,-0.4653,-0.4768,-0.4903,-0.5056,-0.5219,-0.5379,-0.552,-0.5619,-0.5651,-0.5597,-0.5439,-0.5173,-0.4793,-0.4293,-0.3691,-0.3081,-0.2669,-0.2734,-0.3591,-0.535,-0.5873,-0.3586,-0.0936,0.1374,0.309,0.5188,0.8709,0.763,0.4638,0.2415,0.1097,0.0363,-0.0086,-0.0417,-0.4518,-0.4588,-0.4672,-0.4769,-0.4879,-0.4997,-0.5116,-0.5226,-0.5313,-0.5362,-0.5357,-0.5282,-0.5129,-0.4893,-0.4573,-0.418,-0.3745,-0.334,-0.3084,-0.3129,-0.3634,-0.4505,-0.4612,-0.3138,-0.1092,0.0913,0.297,0.6029,0.9263,0.8146,0.5196,0.2956,0.1544,0.0672,0.0105,-0.0301]}]