docs/data/wind_grid.json
{"header": {"la1":42.1,"la2":41.55,"lo1":12.1,"lo2":12.95,"nx":50,"ny":50,"dx":0.01735,"dy":0.01122,"parameterCategory":2,"parameterNumber":2,"parameterNumberName":"eastward_wind","parameterUnit":"m.s-1"}, "data":
[rows 0 to 45 of 50, columns 0 to 49 of 50]
1.8038,1.7994,1.7945,1.7889,1.7827,1.7759,1.7683,1.7601,1.7513,1.742,1.7321,1.7219,1.7113,1.7007,1.6901,1.6796,1.6695,1.6598,1.6506,1.642,1.634,1.6265,1.6193,1.6123,1.6051,1.5975,1.589,1.5792,1.5678,1.5543,1.5386,1.5205,1.4999,1.4773,1.4533,1.4286,1.4044,1.382,1.3626,1.347,1.3361,1.3299,1.3284,1.331,1.3369,1.3456,1.3561,1.3679,1.3805,1.3934
1.8084,1.8041,1.7992,1.7936,1.7872,1.7802,1.7724,1.7639,1.7547,1.7449,1.7346,1.7238,1.7127,1.7014,1.6901,1.6791,1.6684,1.6582,1.6486,1.6398,1.6317,1.6242,1.6172,1.6105,1.6037,1.5964,1.5882,1.5787,1.5673,1.5537,1.5375,1.5184,1.4965,1.4721,1.4457,1.4185,1.3918,1.3669,1.3454,1.3285,1.317,1.3109,1.3101,1.3139,1.3214,1.3318,1.344,1.3575,1.3715,1.3857
1.8133,1.8091,1.8041,1.7985,1.7921,1.7849,1.7768,1.768,1.7585,1.7482,1.7373,1.7259,1.7141,1.7021,1.6901,1.6784,1.667,1.6563,1.6464,1.6372,1.629,1.6216,1.6148,1.6084,1.602,1.5952,1.5876,1.5784,1.5672,1.5535,1.5369,1.5169,1.4935,1.4671,1.4383,1.4083,1.3786,1.3509,1.3272,1.3088,1.2966,1.2907,1.2909,1.2962,1.3055,1.3177,1.3319,1.3471,1.3627,1.3783
1.8185,1.8143,1.8094,1.8037,1.7972,1.7899,1.7816,1.7725,1.7625,1.7518,1.7403,1.7282,1.7156,1.7029,1.6901,1.6776,1.6655,1.6542,1.6437,1.6343,1.6259,1.6186,1.612,1.606,1.6002,1.594,1.5869,1.5783,1.5675,1.5538,1.5368,1.516,1.4912,1.4627,1.4312,1.398,1.365,1.3342,1.3078,1.2877,1.2749,1.2694,1.2708,1.2778,1.2892,1.3036,1.3198,1.3369,1.3542,1.3713
1.824,1.8199,1.815,1.8094,1.8028,1.7953,1.7868,1.7774,1.767,1.7557,1.7435,1.7307,1.7174,1.7037,1.6901,1.6766,1.6638,1.6517,1.6407,1.6308,1.6223,1.615,1.6088,1.6033,1.5981,1.5927,1.5863,1.5784,1.5681,1.5547,1.5375,1.5159,1.4897,1.4591,1.4247,1.388,1.3511,1.3167,1.2875,1.2655,1.252,1.2471,1.25,1.2591,1.2728,1.2896,1.308,1.3272,1.3463,1.3648
1.8297,1.8258,1.821,1.8154,1.8088,1.8012,1.7925,1.7827,1.7719,1.76,1.7472,1.7336,1.7193,1.7047,1.6901,1.6756,1.6618,1.6489,1.6372,1.6269,1.6182,1.6109,1.605,1.6001,1.5957,1.5911,1.5857,1.5787,1.5691,1.5561,1.5389,1.5168,1.4893,1.4564,1.4189,1.3784,1.3373,1.2989,1.2663,1.2423,1.2282,1.224,1.2287,1.2402,1.2566,1.276,1.2968,1.3181,1.3389,1.359
1.8358,1.832,1.8274,1.8218,1.8152,1.8075,1.7987,1.7886,1.7773,1.7649,1.7513,1.7368,1.7216,1.7059,1.6901,1.6745,1.6595,1.6456,1.6332,1.6223,1.6134,1.6062,1.6007,1.5964,1.5929,1.5894,1.5851,1.5792,1.5705,1.5583,1.5413,1.5188,1.4901,1.4551,1.4144,1.3697,1.324,1.281,1.2447,1.2184,1.2037,1.2006,1.2073,1.2216,1.2409,1.2631,1.2864,1.3098,1.3324,1.3539
1.8422,1.8387,1.8342,1.8287,1.8222,1.8144,1.8054,1.795,1.7833,1.7702,1.7559,1.7405,1.7242,1.7073,1.6902,1.6733,1.6571,1.642,1.6286,1.6171,1.6079,1.6008,1.5957,1.5921,1.5896,1.5873,1.5844,1.5798,1.5724,1.5611,1.5447,1.5221,1.4925,1.4554,1.4115,1.3625,1.3118,1.2637,1.2232,1.1944,1.1792,1.1773,1.1865,1.2038,1.2262,1.2513,1.2772,1.3026,1.327,1.3499
1.849,1.8457,1.8414,1.8361,1.8297,1.8219,1.8127,1.8021,1.7899,1.7763,1.7612,1.7447,1.7273,1.709,1.6905,1.6721,1.6544,1.638,1.6235,1.6113,1.6016,1.5945,1.5898,1.5872,1.5858,1.5849,1.5835,1.5805,1.5747,1.5647,1.5493,1.527,1.4967,1.458,1.4109,1.3575,1.3013,1.2477,1.2027,1.1712,1.1555,1.155,1.1669,1.1874,1.2131,1.2411,1.2694,1.2969,1.3229,1.3469
1.8561,1.8531,1.8491,1.844,1.8377,1.83,1.8207,1.8099,1.7973,1.783,1.7671,1.7496,1.7309,1.7112,1.691,1.6709,1.6516,1.6337,1.6178,1.6046,1.5944,1.5874,1.5832,1.5815,1.5814,1.5821,1.5825,1.5814,1.5774,1.5692,1.5551,1.5335,1.5032,1.4631,1.4133,1.3555,1.2937,1.2342,1.1842,1.1498,1.1336,1.1347,1.1494,1.1733,1.2022,1.2329,1.2636,1.2929,1.3202,1.3453
1.8636,1.8609,1.8573,1.8525,1.8464,1.8388,1.8295,1.8185,1.8055,1.7906,1.7738,1.7552,1.7351,1.7138,1.6919,1.6699,1.6487,1.6289,1.6116,1.5972,1.5864,1.5793,1.5757,1.575,1.5764,1.5789,1.5813,1.5823,1.5806,1.5744,1.5622,1.542,1.5122,1.4714,1.4193,1.3574,1.2901,1.2245,1.1694,1.1318,1.1151,1.1178,1.1353,1.1623,1.1942,1.2274,1.2601,1.2908,1.3192,1.3451
1.8714,1.8692,1.866,1.8616,1.8558,1.8483,1.8391,1.8279,1.8146,1.7992,1.7815,1.7618,1.7402,1.7172,1.6933,1.6691,1.6457,1.6239,1.6048,1.5891,1.5775,1.5703,1.5672,1.5677,1.5707,1.5752,1.5798,1.5833,1.5842,1.5806,1.5708,1.5526,1.5241,1.4834,1.4298,1.3645,1.292,1.2204,1.1599,1.1191,1.1017,1.1058,1.1258,1.1556,1.1899,1.2251,1.2592,1.291,1.3201,1.3465
1.8797,1.878,1.8752,1.8713,1.8658,1.8587,1.8496,1.8384,1.8248,1.8088,1.7903,1.7694,1.7463,1.7214,1.6953,1.6688,1.6429,1.6188,1.5975,1.5802,1.5677,1.5604,1.5579,1.5596,1.5644,1.571,1.5781,1.5844,1.5882,1.5877,1.5809,1.5655,1.5391,1.4996,1.4456,1.3779,1.301,1.2238,1.1581,1.1139,1.0955,1.1004,1.1223,1.154,1.1899,1.2264,1.2613,1.2937,1.3231,1.3495
1.8883,1.8872,1.885,1.8816,1.8767,1.8699,1.8611,1.8499,1.8362,1.8197,1.8004,1.7783,1.7536,1.7267,1.6982,1.6691,1.6405,1.6137,1.59,1.5709,1.5573,1.5497,1.5479,1.5509,1.5575,1.5665,1.5763,1.5856,1.5928,1.5958,1.5927,1.5808,1.5576,1.5204,1.4673,1.3985,1.3185,1.2366,1.1661,1.1184,1.0984,1.1033,1.1259,1.1584,1.195,1.2318,1.2667,1.299,1.3281,1.3543
1.8972,1.8968,1.8953,1.8926,1.8883,1.8821,1.8736,1.8627,1.8489,1.832,1.8119,1.7886,1.7623,1.7333,1.7023,1.6704,1.6387,1.6088,1.5825,1.5613,1.5464,1.5386,1.5374,1.5419,1.5504,1.5617,1.5744,1.587,1.5978,1.605,1.6062,1.5987,1.5797,1.546,1.4953,1.4272,1.3456,1.2604,1.1858,1.1346,1.1123,1.1159,1.1377,1.1695,1.2054,1.2414,1.2755,1.3069,1.3353,1.3608
1.9065,1.9069,1.9062,1.9043,1.9007,1.8952,1.8873,1.8767,1.863,1.8458,1.825,1.8006,1.7726,1.7415,1.7079,1.6729,1.6378,1.6047,1.5753,1.5518,1.5356,1.5275,1.5271,1.5329,1.5433,1.557,1.5725,1.5886,1.6035,1.6153,1.6215,1.6193,1.6055,1.5767,1.53,1.4643,1.3831,1.2962,1.2185,1.1638,1.1383,1.139,1.1581,1.1876,1.2212,1.2552,1.2877,1.3175,1.3446,1.369
1.9162,1.9174,1.9176,1.9166,1.914,1.9093,1.9022,1.8921,1.8786,1.8613,1.84,1.8145,1.7849,1.7516,1.7152,1.6769,1.6383,1.6015,1.569,1.5431,1.5256,1.5173,1.5176,1.5246,1.5367,1.5525,1.5709,1.5907,1.61,1.6269,1.6388,1.6426,1.6351,1.6123,1.5711,1.5096,1.4307,1.3439,1.2641,1.206,1.1761,1.1723,1.187,1.2123,1.2423,1.2732,1.303,1.3307,1.3559,1.3788
1.9261,1.9283,1.9296,1.9296,1.9281,1.9245,1.9183,1.909,1.896,1.8788,1.857,1.8306,1.7994,1.764,1.7248,1.6831,1.6406,1.5999,1.564,1.5358,1.5173,1.5092,1.51,1.5177,1.5309,1.5486,1.5698,1.5933,1.6174,1.6398,1.658,1.6688,1.6683,1.6527,1.618,1.5622,1.4872,1.4019,1.3212,1.2597,1.2247,1.2148,1.2233,1.243,1.268,1.2948,1.3211,1.346,1.369,1.39
1.9363,1.9396,1.942,1.9433,1.9431,1.9408,1.9358,1.9275,1.9152,1.8983,1.8763,1.849,1.8164,1.7788,1.7369,1.6917,1.6451,1.6003,1.5608,1.5304,1.5117,1.5045,1.5056,1.5127,1.5262,1.5454,1.5694,1.5967,1.6257,1.6542,1.6793,1.6976,1.705,1.6971,1.6697,1.6203,1.5502,1.4677,1.3868,1.3221,1.2814,1.2644,1.2656,1.2785,1.2976,1.3194,1.3417,1.3633,1.3837,1.4025
1.9468,1.9512,1.9549,1.9576,1.9589,1.9581,1.9546,1.9476,1.9363,1.92,1.8979,1.87,1.8361,1.7966,1.752,1.7033,1.6525,1.603,1.5595,1.5269,1.5087,1.5035,1.504,1.5092,1.5223,1.5431,1.5698,1.601,1.6351,1.6699,1.7024,1.7288,1.7444,1.7445,1.7246,1.6816,1.6167,1.5373,1.4569,1.3893,1.343,1.3185,1.3118,1.3172,1.3299,1.3463,1.3641,1.3822,1.3996,1.416
1.9574,1.9631,1.9682,1.9725,1.9755,1.9765,1.9748,1.9695,1.9596,1.944,1.9222,1.8937,1.8586,1.8173,1.7703,1.7183,1.6631,1.6084,1.5599,1.5238,1.505,1.5016,1.5011,1.5047,1.5185,1.5413,1.571,1.6062,1.6456,1.6869,1.7271,1.7617,1.7856,1.7934,1.7803,1.7431,1.6829,1.6066,1.527,1.4572,1.4057,1.3742,1.3597,1.3577,1.3638,1.3746,1.3878,1.4021,1.4164,1.4304
1.968,1.9751,1.9818,1.9879,1.9928,1.9959,1.9964,1.9932,1.985,1.9706,1.9492,1.9202,1.884,1.8411,1.792,1.7371,1.6775,1.617,1.5618,1.5189,1.4936,1.486,1.487,1.4954,1.5136,1.5399,1.5732,1.6124,1.6569,1.7047,1.7524,1.7952,1.8269,1.8417,1.8342,1.8015,1.745,1.6716,1.5931,1.5219,1.4662,1.4286,1.4072,1.3983,1.3981,1.4035,1.4121,1.4226,1.4338,1.4453
1.9787,1.9872,1.9956,2.0036,2.0107,2.0163,2.0194,2.0187,2.0127,1.9999,1.9791,1.9497,1.9122,1.8678,1.8171,1.76,1.6965,1.6296,1.5655,1.5116,1.472,1.4512,1.4583,1.4808,1.5077,1.5393,1.5764,1.6196,1.6688,1.7226,1.7774,1.8276,1.8662,1.8864,1.883,1.8534,1.7996,1.7287,1.6519,1.5804,1.522,1.4798,1.4526,1.4377,1.4318,1.4321,1.4365,1.4433,1.4516,1.4605
1.9893,1.9993,2.0095,2.0196,2.0291,2.0374,2.0435,2.0459,2.0428,2.0321,2.0121,1.982,1.9429,1.8968,1.8451,1.7869,1.7206,1.6473,1.5731,1.5056,1.4497,1.4174,1.4303,1.4665,1.503,1.5401,1.581,1.6277,1.6809,1.7398,1.8005,1.8567,1.9006,1.9247,1.9236,1.8958,1.8441,1.7759,1.7014,1.6308,1.5714,1.526,1.4945,1.4748,1.4641,1.46,1.4604,1.4639,1.4692,1.4757
1.9997,2.0112,2.0232,2.0355,2.0477,2.0591,2.0687,2.0749,2.0754,2.0675,2.0485,2.0174,1.9756,1.9271,1.8746,1.817,1.7499,1.6717,1.5876,1.5073,1.4402,1.4043,1.4187,1.4599,1.5023,1.5436,1.5873,1.6365,1.6927,1.7551,1.8199,1.8802,1.9274,1.9535,1.9535,1.9268,1.8771,1.8119,1.7407,1.6724,1.6133,1.5665,1.5322,1.5088,1.4942,1.4864,1.4834,1.4839,1.4866,1.4909
2.0097,2.0228,2.0367,2.0513,2.0663,2.0811,2.0947,2.1053,2.1103,2.1061,2.0888,2.056,2.01,1.9573,1.9039,1.8487,1.7839,1.7036,1.612,1.5221,1.4498,1.4143,1.4262,1.4649,1.5079,1.5507,1.5957,1.646,1.7035,1.7675,1.8342,1.8962,1.9445,1.9709,1.9713,1.9456,1.8985,1.8371,1.7701,1.7051,1.6478,1.601,1.5652,1.5394,1.5219,1.5111,1.5052,1.503,1.5034,1.5057
2.0193,2.0339,2.0498,2.0667,2.0846,2.103,2.121,2.1369,2.1475,2.1484,2.1336,2.0987,2.0457,1.9854,1.9298,1.8789,1.8204,1.7423,1.6471,1.5519,1.4777,1.4422,1.4489,1.4808,1.5203,1.5617,1.6061,1.656,1.7129,1.7764,1.8425,1.9037,1.951,1.9766,1.977,1.9528,1.909,1.8523,1.7903,1.7297,1.6753,1.6296,1.5935,1.5663,1.5469,1.5338,1.5256,1.5212,1.5196,1.52
2.0283,2.0444,2.0621,2.0813,2.1022,2.1244,2.1471,2.1689,2.1865,2.1942,2.1837,2.1466,2.083,2.0097,1.9488,1.9036,1.8553,1.7843,1.6905,1.594,1.5193,1.482,1.4818,1.5051,1.5386,1.5764,1.6183,1.6661,1.7207,1.7816,1.8447,1.903,1.9476,1.9717,1.9721,1.9501,1.9104,1.8591,1.8028,1.7472,1.6964,1.6528,1.6174,1.5897,1.5691,1.5544,1.5444,1.5382,1.5349,1.5337
2.0366,2.0541,2.0735,2.0949,2.1186,2.1445,2.1722,2.2005,2.2262,2.2431,2.2399,2.2019,2.1236,2.0289,1.9576,1.9187,1.8839,1.8243,1.7367,1.6428,1.5686,1.5282,1.5204,1.5348,1.561,1.5938,1.6319,1.6761,1.727,1.7835,1.8419,1.8954,1.9363,1.9584,1.9591,1.9399,1.9048,1.8593,1.809,1.7588,1.7121,1.6712,1.6371,1.6097,1.5886,1.5729,1.5616,1.554,1.5493,1.5467
2.0441,2.0628,2.0837,2.1071,2.1335,2.1629,2.1954,2.2302,2.2648,2.2931,2.3014,2.2665,2.1708,2.0436,1.9548,1.922,1.9025,1.8569,1.7793,1.6914,1.6191,1.5757,1.561,1.567,1.5858,1.6127,1.646,1.6857,1.7318,1.7828,1.8352,1.8831,1.9196,1.9396,1.9408,1.9245,1.8943,1.8547,1.8104,1.7656,1.7233,1.6855,1.6532,1.6267,1.6056,1.5893,1.5772,1.5686,1.5627,1.559
2.0506,2.0703,2.0925,2.1177,2.1462,2.1787,2.2155,2.2564,2.2999,2.3408,2.3644,2.3395,2.228,2.0586,1.9446,1.9165,1.9112,1.8793,1.8138,1.7346,1.666,1.621,1.6006,1.5994,1.6113,1.6323,1.6604,1.695,1.7355,1.7805,1.8264,1.8681,1.9001,1.9179,1.9197,1.9064,1.8808,1.8468,1.8084,1.7688,1.7309,1.6963,1.6662,1.6408,1.6202,1.6038,1.5912,1.5818,1.5751,1.5706
2.0561,2.0766,2.0999,2.1263,2.1566,2.1914,2.2315,2.2773,2.3283,2.3806,2.4205,2.4114,2.293,2.0821,1.9397,1.9115,1.9144,1.893,1.8391,1.7699,1.7066,1.6616,1.6373,1.6303,1.6362,1.6516,1.6744,1.7037,1.7386,1.7772,1.8166,1.8524,1.88,1.8956,1.8978,1.8872,1.8659,1.8371,1.804,1.7694,1.7356,1.7043,1.6765,1.6526,1.6327,1.6165,1.6037,1.5939,1.5866,1.5813
2.0605,2.0816,2.1055,2.1328,2.1641,2.2004,2.2426,2.2914,2.3471,2.4066,2.4579,2.463,2.349,2.1185,1.9551,1.9175,1.9186,1.9016,1.8569,1.7973,1.7402,1.6967,1.6701,1.6588,1.6597,1.67,1.6878,1.7119,1.7412,1.7738,1.807,1.8372,1.8606,1.8742,1.8767,1.8683,1.8508,1.8266,1.7982,1.7681,1.7383,1.7101,1.6847,1.6623,1.6434,1.6276,1.6149,1.6048,1.5971,1.5913
2.0638,2.0851,2.1093,2.137,2.1688,2.2056,2.2483,2.2978,2.3543,2.415,2.468,2.4768,2.373,2.1572,1.9912,1.9379,1.9276,1.909,1.8699,1.8184,1.7674,1.7263,1.6988,1.6845,1.6813,1.6872,1.7004,1.7197,1.7437,1.7706,1.7982,1.8233,1.8429,1.8546,1.8571,1.8505,1.8362,1.8159,1.7917,1.7656,1.7394,1.7142,1.691,1.6703,1.6524,1.6373,1.6248,1.6147,1.6067,1.6005
2.0659,2.0872,2.1114,2.1389,2.1705,2.2067,2.2485,2.2964,2.35,2.4058,2.4513,2.4536,2.3614,2.1822,2.0321,1.9657,1.9409,1.9169,1.8804,1.8349,1.7893,1.7509,1.7234,1.7071,1.7009,1.7031,1.7122,1.727,1.7462,1.7681,1.7906,1.8112,1.8274,1.8372,1.8395,1.8344,1.8226,1.8056,1.785,1.7624,1.7394,1.7169,1.6959,1.6769,1.6602,1.6457,1.6336,1.6236,1.6154,1.609
2.0669,2.088,2.1117,2.1387,2.1693,2.2042,2.2438,2.2881,2.3361,2.383,2.4162,2.409,2.3293,2.1895,2.0635,1.9923,1.9556,1.9255,1.8895,1.8482,1.807,1.7713,1.7444,1.7269,1.7183,1.7174,1.723,1.7339,1.7488,1.7662,1.7842,1.8009,1.8141,1.8222,1.8242,1.82,1.8103,1.796,1.7784,1.7589,1.7387,1.7187,1.6998,1.6823,1.6667,1.653,1.6414,1.6315,1.6234,1.6169
2.0667,2.0873,2.1104,2.1364,2.1656,2.1983,2.2347,2.2743,2.3151,2.3517,2.3727,2.3583,2.2912,2.184,2.0817,2.0123,1.9687,1.9338,1.8977,1.8592,1.8214,1.7882,1.7621,1.7441,1.7338,1.7304,1.733,1.7404,1.7515,1.765,1.7792,1.7924,1.803,1.8094,1.811,1.8076,1.7994,1.7873,1.7723,1.7554,1.7376,1.7198,1.7027,1.6868,1.6723,1.6594,1.6482,1.6387,1.6307,1.6241
2.0655,2.0854,2.1076,2.1322,2.1596,2.1897,2.2224,2.2566,2.2899,2.3169,2.3281,2.31,2.2543,2.1715,2.0887,2.0248,1.9787,1.941,1.9048,1.8684,1.8333,1.8023,1.7772,1.7589,1.7473,1.742,1.742,1.7465,1.7544,1.7645,1.7754,1.7856,1.7938,1.7989,1.8,1.7969,1.7899,1.7796,1.7666,1.7519,1.7363,1.7204,1.705,1.6905,1.6771,1.665,1.6544,1.6452,1.6373,1.6307
2.0634,2.0824,2.1035,2.1265,2.1518,2.179,2.2076,2.2365,2.2628,2.2818,2.286,2.2669,2.2207,2.1555,2.088,2.0307,1.9851,1.9466,1.9107,1.876,1.8432,1.8141,1.79,1.7717,1.7592,1.7523,1.7503,1.7523,1.7574,1.7646,1.7726,1.7803,1.7865,1.7902,1.7908,1.7879,1.7818,1.7729,1.7616,1.7487,1.7349,1.7208,1.7069,1.6936,1.6812,1.6699,1.6598,1.651,1.6434,1.6369
2.0604,2.0785,2.0982,2.1196,2.1425,2.1667,2.1915,2.2153,2.2356,2.2483,2.2479,2.2291,2.1906,2.1382,2.0823,2.0316,1.9883,1.9503,1.9153,1.8822,1.8514,1.8239,1.8007,1.7826,1.7696,1.7615,1.7578,1.7577,1.7605,1.7652,1.7708,1.7763,1.7807,1.7832,1.7832,1.7804,1.775,1.7671,1.7572,1.7458,1.7336,1.7209,1.7083,1.6962,1.6848,1.6742,1.6647,1.6563,1.6489,1.6425
2.0566,2.0736,2.092,2.1116,2.1322,2.1535,2.1745,2.1939,2.2093,2.2173,2.214,2.1962,2.1637,2.1206,2.0738,2.029,1.9887,1.9523,1.9187,1.8872,1.858,1.832,1.8099,1.792,1.7787,1.7697,1.7645,1.7627,1.7635,1.7661,1.7697,1.7733,1.7762,1.7776,1.7771,1.7743,1.7693,1.7622,1.7534,1.7433,1.7324,1.721,1.7096,1.6985,1.6879,1.6781,1.6691,1.661,1.6539,1.6477
2.0522,2.0681,2.085,2.1028,2.1212,2.1397,2.1574,2.173,2.1843,2.1889,2.1839,2.1674,2.1396,2.1035,2.0636,2.024,1.987,1.9527,1.9207,1.8909,1.8634,1.8387,1.8175,1.8001,1.7866,1.7769,1.7706,1.7674,1.7666,1.7674,1.7692,1.7713,1.7728,1.7733,1.7722,1.7693,1.7646,1.7582,1.7503,1.7412,1.7313,1.721,1.7107,1.7005,1.6907,1.6815,1.6731,1.6654,1.6585,1.6525
2.0472,2.062,2.0775,2.0935,2.1098,2.1257,2.1405,2.1529,2.1611,2.1632,2.1572,2.142,2.1179,2.087,2.0526,2.0176,1.9838,1.9518,1.9217,1.8936,1.8676,1.8443,1.8239,1.8069,1.7934,1.7832,1.7761,1.7717,1.7695,1.7689,1.7693,1.7699,1.7703,1.7699,1.7683,1.7653,1.7608,1.7548,1.7476,1.7394,1.7305,1.7211,1.7116,1.7023,1.6932,1.6846,1.6767,1.6694,1.6628,1.6569
2.0419,2.0555,2.0695,2.0839,2.0982,2.1119,2.1241,2.1337,2.1395,2.1398,2.1333,2.1193,2.0982,2.0715,2.0414,2.0103,1.9795,1.9498,1.9217,1.8953,1.8708,1.8487,1.8293,1.8128,1.7993,1.7888,1.7811,1.7757,1.7724,1.7706,1.7697,1.7692,1.7686,1.7674,1.7653,1.7622,1.7578,1.7522,1.7455,1.738,1.7298,1.7213,1.7126,1.7039,1.6955,1.6875,1.68,1.673,1.6667,1.661
2.0361,2.0486,2.0614,2.0742,2.0866,2.0982,2.1083,2.1158,2.1196,2.1186,2.1119,2.099,2.0802,2.0568,2.0303,2.0025,1.9745,1.9471,1.9209,1.8962,1.8732,1.8522,1.8337,1.8177,1.8044,1.7937,1.7854,1.7794,1.7751,1.7723,1.7704,1.7689,1.7674,1.7656,1.7631,1.7598,1.7554,1.7501,1.7439,1.7369,1.7294,1.7215,1.7135,1.7055,1.6976,1.6901,1.683,1.6764,1.6704,1.6649
2.0302,2.0415,2.053,2.0644,2.0752,2.085,2.0932,2.0989,2.1012,2.0994,2.0926,2.0806,2.0638,2.0431,2.0195,1.9945,1.969,1.9439,1.9195,1.8964,1.8748,1.855,1.8372,1.8218,1.8087,1.7979,1.7894,1.7827,1.7777,1.7741,1.7713,1.769,1.7668,1.7644,1.7615,1.758,1.7536,1.7485,1.7426,1.7362,1.7292,1.7219,1.7144,1.7069,1.6996,1.6925,1.6858,1.6796,1.6738,1.6685
