docs/data/wind_grid.json
[{"header":{"la1":42.85,"la2":41.18,"lo1":11.55,"lo2":14.05,"nx":36,"ny":24,"dx":0.07143,"dy":0.07261,"parameterCategory":2,"parameterNumber":2,"parameterNumberName":"eastward_wind","parameterUnit":"m.s-1"},"data":[-0.6187,-0.629,-0.6405,-0.6528,-0.6652,-0.6764,-0.6846,-0.6879,-0.685,-0.6763,-0.6637,-0.6497,-0.6369,-0.6268,-0.62,-0.6163,-0.6149,-0.6148,-0.6153,-0.6154,-0.6147,-0.6132,-0.6109,-0.608,-0.6049,-0.6015,-0.5982,-0.5948,-0.5916,-0.5885,-0.5855,-0.5827,-0.5801,-0.5777,-0.5754,-0.5732,-0.6222,-0.6348,-0.6494,-0.666,-0.6838,-0.7013,-0.7153,-0.722,-0.7185,-0.7049,-0.6847,-0.6632,-0.6444,-0.6305,-0.6221,-0.6185,-0.6182,-0.6197,-0.6214,-0.6222,-0.6216,-0.6196,-0.6166,-0.6129,-0.6089,-0.6048,-0.6008,-0.5969,-0.5932,-0.5897,-0.5864,-0.5833,-0.5804,-0.5777,-0.5752,-0.5729,-0.6248,-0.6396,-0.6578,-0.6799,-0.7057,-0.7334,-0.7583,-0.7726,-0.7691,-0.7469,-0.7134,-0.6791,-0.6512,-0.6325,-0.6226,-0.6198,-0.6218,-0.6259,-0.6298,-0.6315,-0.6306,-0.6276,-0.6234,-0.6185,-0.6134,-0.6083,-0.6035,-0.5989,-0.5947,-0.5907,-0.587,-0.5836,-0.5805,-0.5776,-0.5749,-0.5725,-0.6256,-0.6425,-0.6645,-0.6929,-0.7294,-0.7733,-0.8188,-0.8509,-0.85,-0.811,-0.7522,-0.6965,-0.6556,-0.6311,-0.6204,-0.6199,-0.6259,-0.6346,-0.6417,-0.6443,-0.6423,-0.6373,-0.6311,-0.6245,-0.618,-0.6119,-0.6061,-0.6008,-0.596,-0.5916,-0.5875,-0.5838,-0.5804,-0.5772,-0.5743,-0.5717,-0.6241,-0.6424,-0.6672,-0.7016,-0.7502,-0.8171,-0.9001,-0.9736,-0.9841,-0.9095,-0.8009,-0.7108,-0.6534,-0.6237,-0.614,-0.618,-0.6307,-0.6465,-0.6585,-0.6614,-0.6565,-0.6483,-0.6394,-0.6308,-0.6227,-0.6152,-0.6085,-0.6024,-0.597,-0.5921,-0.5877,-0.5837,-0.58,-0.5766,-0.5735,-0.5707,-0.6197,-0.638,-0.6637,-0.7014,-0.7592,-0.8504,-0.9885,-1.1488,-1.1964,-1.0434,-0.8446,-0.7102,-0.6384,-0.6073,-0.6019,-0.6132,-0.635,-0.6606,-0.6791,-0.6807,-0.6711,-0.6591,-0.6476,-0.6369,-0.6271,-0.6182,-0.6105,-0.6036,-0.5977,-0.5923,-0.5876,-0.5832,-0.5792,-0.5755,-0.5722,-0.5692,-0.6125,-0.6292,-0.6528,-0.6882,-0.7452,-0.844,-1.0205,-1.2838,-1.3962,-1.1251,-0.8338,-0.6756,-0.604,-0.5792,-0.5824,-0.6038,-0.6358,-0.6697,-0.6917,-0.6917,-0.6806,-0.668,-0.6552,-0.6425,-0.6309,-0.6206,-0.6118,-0.6043,-0.5978,-0.5921,-0.587,-0.5823,-0.578,-0.5741,-0.5705,-0.5673,-0.6029,-0.6166,-0.6354,-0.6626,-0.7053,-0.7786,-0.9117,-1.1172,-1.195,-0.9509,-0.7155,-0.5978,-0.549,-0.5385,-0.5544,-0.5891,-0.6325,-0.6701,-0.6886,-0.6911,-0.687,-0.677,-0.6628,-0.6477,-0.6337,-0.6219,-0.6122,-0.6042,-0.5974,-0.5915,-0.5861,-0.5811,-0.5764,-0.5721,-0.5682,-0.5648,-0.5922,-0.6024,-0.6152,-0.6317,-0.6535,-0.683,-0.7218,-0.7539,-0.7171,-0.6093,-0.533,-0.4969,-0.4813,-0.486,-0.5164,-0.5709,-0.6355,-0.6867,-0.71,-0.714,-0.7081,-0.6927,-0.6723,-0.6521,-0.635,-0.6216,-0.6113,-0.6032,-0.5965,-0.5904,-0.5848,-0.5793,-0.5741,-0.5693,-0.565,-0.5614,-0.5814,-0.5885,-0.5966,-0.605,-0.6117,-0.611,-0.5883,-0.5122,-0.3643,-0.2927,-0.3625,-0.4059,-0.4108,-0.4191,-0.463,-0.5505,-0.6613,-0.755,-0.7964,-0.7886,-0.7566,-0.7182,-0.6826,-0.6542,-0.6334,-0.619,-0.6089,-0.6015,-0.5951,-0.5892,-0.5831,-0.577,-0.5711,-0.5656,-0.5608,-0.5569,-0.5714,-0.5766,-0.5824,-0.588,-0.592,-0.5894,-0.5646,-0.4588,-0.1328,0.019,-0.2557,-0.3498,-0.3415,-0.3252,-0.3794,-0.5256,-0.732,-0.9252,-0.9923,-0.9286,-0.8292,-0.7461,-0.6875,-0.6496,-0.6266,-0.6132,-0.6051,-0.5993,-0.5939,-0.588,-0.5813,-0.574,-0.5669,-0.5604,-0.555,-0.5508,-0.5624,-0.5667,-0.5722,-0.5795,-0.5903,-0.6078,-0.6357,-0.6361,-0.3779,-0.1698,-0.3032,-0.3363,-0.2801,-0.185,-0.2566,-0.5021,-0.8784,-1.3205,-1.3985,-1.1342,-0.8992,-0.7549,-0.6741,-0.632,-0.6121,-0.6039,-0.6005,-0.5979,-0.5938,-0.5876,-0.5793,-0.5701,-0.5609,-0.5529,-0.5467,-0.5424,-0.5541,-0.558,-0.5638,-0.5734,-0.591,-0.6262,-0.6961,-0.7915,-0.6833,-0.4589,-0.3811,-0.3522,-0.29,-0.141,-0.2086,-0.5347,-1.0482,-1.9259,-1.9363,-1.2754,-0.8943,-0.7089,-0.6259,-0.5953,-0.5891,-0.5925,-0.5974,-0.5994,-0.5965,-0.5887,-0.5773,-0.5643,-0.5519,-0.5418,-0.5348,-0.5308,-0.5461,-0.5493,-0.5545,-0.5639,-0.5814,-0.614,-0.6689,-0.7293,-0.6658,-0.4912,-0.3953,-0.3726,-0.3556,-0.2196,-0.3504,-0.6928,-1.1017,-1.5453,-1.5706,-1.0768,-0.7297,-0.5719,-0.5306,-0.5386,-0.5612,-0.5841,-0.6007,-0.6077,-0.6045,-0.5925,-0.5747,-0.555,-0.5374,-0.5245,-0.5171,-0.5145,-0.5381,-0.5401,-0.5436,-0.55,-0.561,-0.5781,-0.5982,-0.5996,-0.5379,-0.4326,-0.3657,-0.3553,-0.3084,-0.209,-0.4366,-1.0301,-1.5612,-1.1767,-0.9685,-0.6728,-0.3952,-0.3255,-0.3925,-0.4733,-0.5393,-0.5881,-0.6182,-0.6288,-0.6213,-0.5997,-0.5697,-0.5384,-0.5128,-0.497,-0.4909,-0.492,-0.5303,-0.5307,-0.5318,-0.5339,-0.5369,-0.5393,-0.5351,-0.5114,-0.4542,-0.3654,-0.2617,-0.3685,-0.3644,-0.3513,-0.5027,-0.9468,-1.3167,-0.9319,-0.6176,-0.318,0.0414,-0.0196,-0.2611,-0.4288,-0.5424,-0.6197,-0.6621,-0.6706,-0.6509,-0.6106,-0.5586,-0.5076,-0.4703,-0.453,-0.4526,-0.4619,-0.5228,-0.5216,-0.5203,-0.5187,-0.5157,-0.5093,-0.4953,-0.4675,-0.4209,-0.3537,-0.2785,-0.3371,-0.3852,-0.4017,-0.479,-0.6232,-0.6804,-0.4865,-0.279,-0.1632,0.1046,0.0237,-0.2422,-0.4411,-0.5909,-0.6975,-0.7474,-0.7421,-0.6969,-0.624,-0.5347,-0.4505,-0.3978,-0.3853,-0.3998,-0.4245,-0.516,-0.5135,-0.5104,-0.5061,-0.4999,-0.4899,-0.4742,-0.4504,-0.4184,-0.3829,-0.3611,-0.3743,-0.3954,-0.4059,-0.4389,-0.4594,-0.4086,-0.1241,0.1326,-0.0852,-0.1294,-0.1809,-0.3304,-0.5089,-0.6902,-0.8357,-0.8854,-0.8454,-0.7594,-0.6391,-0.4917,-0.355,-0.2855,-0.2925,-0.3366,-0.3846,-0.5102,-0.5067,-0.5024,-0.4968,-0.4892,-0.4788,-0.4646,-0.4465,-0.4257,-0.4067,-0.3965,-0.3988,-0.4068,-0.4146,-0.4119,-0.4049,-0.3442,-0.1211,0.0319,-0.1039,-0.1973,-0.288,-0.4129,-0.5859,-0.8029,-1.0007,-1.0403,-0.9538,-0.8299,-0.6601,-0.4418,-0.2373,-0.1563,-0.1995,-0.2815,-0.3537,-0.5054,-0.5014,-0.4965,-0.4904,-0.4827,-0.4731,-0.4613,-0.4477,-0.4338,-0.422,-0.4151,-0.4137,-0.4153,-0.415,-0.4077,-0.3982,-0.3425,-0.2222,-0.1253,-0.1062,-0.2138,-0.3301,-0.4544,-0.6246,-0.8503,-1.0452,-1.0798,-1.03,-0.9031,-0.7006,-0.4371,-0.1928,-0.1069,-0.1681,-0.2654,-0.3458,-0.5016,-0.4974,-0.4923,-0.4863,-0.4791,-0.4707,-0.461,-0.4507,-0.4407,-0.4322,-0.4264,-0.4231,-0.4206,-0.4161,-0.4067,-0.3886,-0.3458,-0.2732,-0.1971,-0.1843,-0.2661,-0.3567,-0.4487,-0.6047,-0.8372,-1.068,-1.2411,-1.1826,-0.9901,-0.7631,-0.5112,-0.2925,-0.2018,-0.2316,-0.3018,-0.3663,-0.4988,-0.4946,-0.4896,-0.484,-0.4775,-0.4702,-0.4623,-0.4541,-0.4464,-0.4396,-0.4342,-0.4298,-0.4253,-0.4188,-0.4082,-0.3904,-0.3609,-0.3215,-0.2885,-0.2896,-0.3258,-0.3467,-0.3717,-0.5237,-0.7926,-1.1166,-1.3771,-1.2723,-1.0327,-0.8111,-0.6058,-0.4392,-0.3512,-0.3405,-0.3692,-0.4061,-0.4968,-0.4927,-0.488,-0.4828,-0.477,-0.4708,-0.4642,-0.4575,-0.4512,-0.4454,-0.4403,-0.4355,-0.4302,-0.4234,-0.4137,-0.3997,-0.3811,-0.3609,-0.3475,-0.3486,-0.3521,-0.3188,-0.304,-0.4531,-0.7085,-0.9788,-1.1527,-1.1208,-0.9734,-0.812,-0.6637,-0.5437,-0.4679,-0.4373,-0.437,-0.4504,-0.4955,-0.4916,-0.4873,-0.4826,-0.4774,-0.472,-0.4664,-0.4608,-0.4555,-0.4504,-0.4456,-0.4409,-0.4358,-0.4296,-0.4217,-0.4119,-0.4007,-0.3904,-0.3845,-0.3836,-0.3787,-0.3589,-0.367,-0.4723,-0.6458,-0.82,-0.9304,-0.9395,-0.8734,-0.7781,-0.6812,-0.5979,-0.538,-0.5037,-0.49,-0.4889]},{"header":{"la1":42.85,"la2":41.18,"lo1":11.55,"lo2":14.05,"nx":36,"ny":24,"dx":0.07143,"dy":0.07261,"parameterCategory":2,"parameterNumber":3,"parameterNumberName":"northward_wind","parameterUnit":"m.s-1"},"data":[-0.7774,-0.7718,-0.7643,-0.755,-0.7442,-0.7324,-0.7205,-0.7094,-0.6993,-0.6897,-0.6791,-0.6659,-0.6486,-0.6268,-0.6007,-0.5716,-0.5418,-0.5143,-0.4923,-0.4778,-0.4715,-0.4723,-0.478,-0.4867,-0.4966,-0.507,-0.5172,-0.5272,-0.5368,-0.546,-0.5549,-0.5635,-0.5718,-0.5797,-0.5872,-0.5943,-0.7867,-0.7806,-0.7721,-0.7608,-0.7472,-0.7319,-0.7167,-0.7035,-0.6936,-0.6861,-0.6784,-0.6669,-0.6492,-0.6243,-0.5924,-0.5551,-0.5154,-0.4784,-0.4496,-0.433,-0.4293,-0.4356,-0.4479,-0.4625,-0.4775,-0.4917,-0.505,-0.5173,-0.5288,-0.5397,-0.55,-0.5599,-0.5692,-0.5782,-0.5866,-0.5944,-0.7975,-0.7911,-0.7813,-0.7674,-0.7493,-0.728,-0.7063,-0.6887,-0.679,-0.6765,-0.6754,-0.6687,-0.6521,-0.624,-0.5846,-0.5356,-0.4809,-0.4283,-0.3884,-0.3697,-0.3724,-0.3895,-0.4126,-0.4361,-0.4575,-0.4764,-0.493,-0.5078,-0.5213,-0.5339,-0.5457,-0.5568,-0.5674,-0.5774,-0.5868,-0.5955,-0.8103,-0.8039,-0.793,-0.776,-0.7517,-0.7201,-0.6852,-0.6567,-0.6464,-0.655,-0.6686,-0.6722,-0.6589,-0.6277,-0.5793,-0.5145,-0.4366,-0.357,-0.2974,-0.2773,-0.2954,-0.333,-0.3735,-0.409,-0.4382,-0.462,-0.4819,-0.4991,-0.5145,-0.5288,-0.5421,-0.5547,-0.5666,-0.5778,-0.5882,-0.5977,-0.8253,-0.8199,-0.8087,-0.7891,-0.7573,-0.7101,-0.6494,-0.5935,-0.5777,-0.6119,-0.6574,-0.6798,-0.6721,-0.638,-0.5798,-0.4957,-0.3843,-0.2577,-0.1599,-0.1418,-0.1949,-0.2696,-0.3349,-0.3846,-0.4214,-0.4496,-0.4723,-0.4915,-0.5087,-0.5246,-0.5395,-0.5536,-0.567,-0.5794,-0.5909,-0.6014,-0.8431,-0.8399,-0.8304,-0.8104,-0.773,-0.708,-0.6059,-0.4872,-0.4489,-0.5424,-0.6497,-0.6983,-0.6955,-0.6578,-0.5908,-0.489,-0.339,-0.1411,0.0277,0.035,-0.0862,-0.214,-0.3061,-0.3675,-0.4095,-0.4403,-0.4646,-0.4853,-0.504,-0.5215,-0.5381,-0.5539,-0.5688,-0.5827,-0.5955,-0.6069,-0.8633,-0.8642,-0.8594,-0.8439,-0.8089,-0.7373,-0.6014,-0.398,-0.3126,-0.5016,-0.6779,-0.7395,-0.7321,-0.6881,-0.6161,-0.5071,-0.337,-0.0829,0.1626,0.1554,-0.0329,-0.1961,-0.2988,-0.362,-0.4038,-0.4342,-0.4588,-0.4804,-0.5004,-0.5196,-0.5381,-0.5559,-0.5727,-0.5882,-0.6023,-0.6147,-0.8853,-0.8921,-0.8952,-0.8906,-0.8706,-0.8202,-0.7134,-0.5419,-0.4736,-0.6491,-0.7858,-0.8107,-0.7803,-0.7262,-0.6535,-0.5525,-0.4028,-0.1858,0.0266,0.0363,-0.1065,-0.2343,-0.316,-0.3675,-0.403,-0.4304,-0.4541,-0.4762,-0.4977,-0.5189,-0.5397,-0.5599,-0.579,-0.5964,-0.612,-0.6255,-0.9076,-0.9215,-0.9349,-0.9459,-0.9507,-0.9433,-0.9178,-0.8866,-0.9055,-0.964,-0.9586,-0.899,-0.8302,-0.7647,-0.6946,-0.6079,-0.496,-0.3607,-0.2402,-0.2046,-0.2458,-0.301,-0.3446,-0.3771,-0.4032,-0.4265,-0.4491,-0.472,-0.4955,-0.5194,-0.5434,-0.5667,-0.5886,-0.6084,-0.6256,-0.64,-0.9282,-0.9494,-0.9736,-1.0013,-1.0324,-1.0672,-1.1096,-1.1788,-1.2984,-1.3244,-1.1485,-0.9746,-0.8657,-0.796,-0.7321,-0.6533,-0.5615,-0.4714,-0.3985,-0.3562,-0.345,-0.3516,-0.3649,-0.3811,-0.3993,-0.4197,-0.4423,-0.467,-0.4936,-0.5214,-0.5497,-0.5772,-0.6027,-0.6254,-0.6444,-0.6596,-0.9451,-0.9724,-1.006,-1.048,-1.1009,-1.1668,-1.2448,-1.3453,-1.5894,-1.714,-1.2827,-1.0,-0.8746,-0.8198,-0.769,-0.6827,-0.5831,-0.5048,-0.452,-0.4115,-0.3822,-0.3669,-0.3644,-0.3719,-0.3869,-0.4073,-0.432,-0.4603,-0.4917,-0.5253,-0.5596,-0.5928,-0.6232,-0.6493,-0.6702,-0.6858,-0.9564,-0.9879,-1.0277,-1.0791,-1.1468,-1.2351,-1.3389,-1.4174,-1.4858,-1.5237,-1.1985,-0.9614,-0.8637,-0.8403,-0.8217,-0.6934,-0.5587,-0.4894,-0.4593,-0.4156,-0.3728,-0.3458,-0.3377,-0.3452,-0.3631,-0.3876,-0.4172,-0.4514,-0.49,-0.5318,-0.5748,-0.6161,-0.653,-0.6832,-0.7057,-0.7207,-0.9611,-0.994,-1.0358,-1.0901,-1.1626,-1.2602,-1.3849,-1.4927,-1.4245,-1.2549,-1.0494,-0.9075,-0.8551,-0.8714,-0.863,-0.6417,-0.4712,-0.4818,-0.4779,-0.3907,-0.3213,-0.2836,-0.2796,-0.2981,-0.3268,-0.36,-0.3972,-0.4397,-0.4884,-0.5421,-0.5978,-0.6508,-0.6965,-0.7315,-0.7547,-0.7671,-0.959,-0.9906,-1.03,-1.0801,-1.145,-1.2292,-1.3312,-1.4189,-1.3516,-1.1358,-0.9657,-0.8824,-0.8624,-0.8048,-0.72,-0.4157,-0.1664,-0.3324,-0.3872,-0.2983,-0.1992,-0.1562,-0.1799,-0.23,-0.2798,-0.3249,-0.3707,-0.4235,-0.4863,-0.5578,-0.6327,-0.7031,-0.7609,-0.8008,-0.8223,-0.8285,-0.9509,-0.979,-1.0127,-1.0535,-1.1022,-1.1577,-1.2107,-1.2286,-1.1543,-1.0164,-0.9182,-0.868,-0.8009,-0.7012,-0.6117,0.0723,0.7654,0.0631,-0.1967,-0.1216,0.0673,0.0913,-0.0319,-0.1494,-0.2278,-0.2825,-0.3344,-0.3989,-0.4818,-0.5804,-0.6856,-0.783,-0.8578,-0.9014,-0.9155,-0.9084,-0.9382,-0.9615,-0.9881,-1.0178,-1.0492,-1.078,-1.0939,-1.0785,-1.0189,-0.9397,-0.8953,-0.8854,-0.8587,-0.7759,-0.5949,-0.0227,0.4703,0.0142,-0.1722,0.0598,0.5637,0.4682,0.1157,-0.0864,-0.1801,-0.2277,-0.2769,-0.3559,-0.47,-0.6119,-0.7662,-0.9071,-1.0053,-1.0471,-1.0417,-1.0092,-0.9224,-0.9408,-0.9604,-0.9802,-0.9982,-1.0102,-1.0097,-0.9899,-0.9517,-0.9117,-0.8935,-0.8968,-0.9995,-1.0345,-0.7237,-0.4384,-0.2707,-0.3462,-0.3789,-0.0399,0.6156,0.4947,0.1098,-0.0793,-0.1355,-0.138,-0.1695,-0.2753,-0.4437,-0.6539,-0.8871,-1.099,-1.2281,-1.2522,-1.204,-1.1279,-0.9051,-0.9189,-0.9326,-0.945,-0.9543,-0.9577,-0.9522,-0.9364,-0.9138,-0.894,-0.8868,-0.9076,-1.0266,-1.0367,-0.7863,-0.6464,-0.5488,-0.615,-0.7506,-0.4142,-0.0364,0.0484,-0.0559,-0.1166,-0.0709,0.0401,0.0441,-0.138,-0.4024,-0.7069,-1.0547,-1.3771,-1.5402,-1.5128,-1.388,-1.2496,-0.8875,-0.8974,-0.9065,-0.9138,-0.9178,-0.9172,-0.9107,-0.8988,-0.884,-0.8712,-0.8652,-0.8713,-0.8856,-0.8465,-0.7772,-0.7673,-0.6473,-0.6341,-0.6731,-0.5053,-0.3469,-0.2379,-0.2059,-0.161,0.0066,0.3313,0.3935,0.0061,-0.383,-0.7646,-1.2298,-1.6851,-1.8717,-1.7597,-1.5428,-1.3433,-0.8702,-0.8771,-0.8828,-0.8865,-0.8874,-0.8848,-0.8783,-0.8684,-0.8566,-0.845,-0.8352,-0.8263,-0.8111,-0.7798,-0.7599,-0.7469,-0.6538,-0.5795,-0.5144,-0.4905,-0.432,-0.3504,-0.2962,-0.2275,-0.0499,0.3413,0.4248,-0.125,-0.4686,-0.8096,-1.2941,-1.8,-1.9919,-1.8425,-1.5922,-1.3733,-0.8538,-0.8582,-0.8614,-0.8627,-0.8617,-0.8579,-0.8513,-0.8421,-0.8311,-0.819,-0.8059,-0.7904,-0.7698,-0.7439,-0.7189,-0.6856,-0.6262,-0.5617,-0.5111,-0.4836,-0.437,-0.3789,-0.3431,-0.3171,-0.2856,-0.3407,-0.6836,-0.6842,-0.6515,-0.8296,-1.1932,-1.5943,-1.7757,-1.6937,-1.5076,-1.3278,-0.8384,-0.8409,-0.8422,-0.8419,-0.8395,-0.8349,-0.828,-0.8189,-0.8079,-0.7951,-0.7803,-0.7627,-0.7413,-0.7162,-0.6876,-0.652,-0.6062,-0.5566,-0.5122,-0.471,-0.4152,-0.3516,-0.3329,-0.3657,-0.4526,-0.7082,-1.0592,-0.9297,-0.7683,-0.8275,-1.0432,-1.2964,-1.4438,-1.4394,-1.3459,-1.231,-0.8241,-0.8252,-0.8251,-0.8235,-0.8202,-0.8149,-0.8077,-0.7985,-0.7874,-0.7743,-0.7589,-0.7408,-0.7197,-0.6951,-0.6668,-0.6336,-0.5951,-0.5536,-0.511,-0.463,-0.3972,-0.3187,-0.3004,-0.3693,-0.4866,-0.6686,-0.831,-0.8223,-0.7692,-0.8051,-0.9274,-1.0766,-1.1823,-1.2114,-1.1799,-1.1197,-0.8109,-0.8108,-0.8097,-0.8072,-0.8031,-0.7974,-0.7899,-0.7807,-0.7695,-0.7564,-0.7411,-0.7233,-0.7029,-0.6796,-0.6531,-0.623,-0.5895,-0.5532,-0.5139,-0.4685,-0.413,-0.3578,-0.3467,-0.3991,-0.4885,-0.5959,-0.6838,-0.7178,-0.7304,-0.7704,-0.8473,-0.9382,-1.011,-1.0461,-1.0442,-1.0182]}]