docs/data/wind_grid.json
[{"header":{"la1":42.85,"la2":41.18,"lo1":11.55,"lo2":14.05,"nx":36,"ny":24,"dx":0.07143,"dy":0.07261,"parameterCategory":2,"parameterNumber":2,"parameterNumberName":"eastward_wind","parameterUnit":"m.s-1"},"data":[0.177,0.1414,0.0951,0.0389,-0.0246,-0.0907,-0.1527,-0.204,-0.2401,-0.2599,-0.2661,-0.263,-0.2552,-0.2462,-0.2385,-0.2349,-0.2382,-0.2516,-0.2776,-0.315,-0.3564,-0.3896,-0.4025,-0.3907,-0.3581,-0.3126,-0.2613,-0.209,-0.1581,-0.1098,-0.0643,-0.0218,0.0178,0.0546,0.0886,0.12,0.2218,0.1842,0.1307,0.0609,-0.0224,-0.1123,-0.1979,-0.267,-0.3111,-0.3287,-0.3259,-0.3114,-0.2927,-0.2739,-0.2578,-0.2467,-0.2448,-0.2585,-0.2949,-0.356,-0.431,-0.4939,-0.5183,-0.4972,-0.4441,-0.3767,-0.3071,-0.2406,-0.1792,-0.1228,-0.0712,-0.0238,0.0197,0.0597,0.0962,0.1297,0.2844,0.248,0.1882,0.1015,-0.0103,-0.1377,-0.2627,-0.3624,-0.418,-0.4273,-0.4053,-0.3706,-0.3352,-0.3032,-0.2752,-0.2521,-0.2382,-0.245,-0.2909,-0.3907,-0.5319,-0.6567,-0.6976,-0.6477,-0.5516,-0.4482,-0.3532,-0.2698,-0.1968,-0.1323,-0.0745,-0.0224,0.025,0.068,0.107,0.1424,0.3708,0.3427,0.2811,0.1755,0.0234,-0.1641,-0.3592,-0.5165,-0.5904,-0.5749,-0.5112,-0.4414,-0.3824,-0.3342,-0.2917,-0.2506,-0.2123,-0.1928,-0.2333,-0.39,-0.6683,-0.9345,-0.9899,-0.8537,-0.6735,-0.5174,-0.3928,-0.2923,-0.2086,-0.1367,-0.0733,-0.0167,0.0342,0.0802,0.1216,0.1588,0.487,0.4817,0.431,0.3096,0.1035,-0.1785,-0.5002,-0.7791,-0.888,-0.8009,-0.6465,-0.5195,-0.4317,-0.3676,-0.3108,-0.247,-0.1659,-0.0751,-0.0499,-0.2618,-0.8067,-1.3967,-1.4206,-1.0768,-0.774,-0.5645,-0.416,-0.3033,-0.212,-0.1346,-0.0667,-0.0062,0.0481,0.0968,0.1403,0.1792,0.6363,0.68,0.6709,0.5509,0.2782,-0.1395,-0.6687,-1.207,-1.401,-1.1169,-0.7892,-0.5903,-0.4781,-0.4048,-0.3394,-0.2557,-0.1196,0.1127,0.3776,0.1882,-0.7072,-1.679,-1.6423,-1.1408,-0.789,-0.5673,-0.4151,-0.3001,-0.2064,-0.1258,-0.0544,0.0095,0.067,0.1183,0.1639,0.2042,0.8106,0.9434,1.0413,0.9734,0.6205,0.0335,-0.7155,-1.5895,-1.9334,-1.3458,-0.8631,-0.6326,-0.518,-0.4484,-0.386,-0.2983,-0.1337,0.2205,0.8473,0.7401,-0.3466,-1.0701,-1.1804,-0.9399,-0.7028,-0.5259,-0.3926,-0.2855,-0.1936,-0.1115,-0.037,0.0306,0.0914,0.1455,0.193,0.2344,0.9778,1.234,1.5459,1.6522,1.1663,0.368,-0.4433,-1.211,-1.5064,-1.1452,-0.8224,-0.6481,-0.5562,-0.5025,-0.4552,-0.3846,-0.2504,0.0076,0.3601,0.1609,-0.5753,-0.8356,-0.8277,-0.725,-0.5914,-0.4688,-0.363,-0.268,-0.1789,-0.0944,-0.0154,0.057,0.1219,0.179,0.2283,0.2705,1.0809,1.4209,1.947,2.344,1.6418,0.6752,-0.0907,-0.6465,-0.9293,-0.9398,-0.8063,-0.6745,-0.6051,-0.5724,-0.5432,-0.498,-0.4059,-0.2835,-0.2369,-0.5336,-1.1769,-1.102,-0.7815,-0.6176,-0.5133,-0.4287,-0.3474,-0.2613,-0.1701,-0.0782,0.0093,0.0891,0.1594,0.2199,0.2709,0.3135,1.0846,1.387,1.7751,1.9873,1.5346,0.7913,0.0841,-0.5067,-1.0695,-1.2646,-0.9551,-0.7276,-0.6758,-0.6712,-0.6241,-0.5925,-0.523,-0.449,-0.4463,-0.6234,-0.9809,-0.9459,-0.6845,-0.5411,-0.4783,-0.4352,-0.374,-0.2844,-0.1768,-0.0661,0.0373,0.1283,0.2057,0.2699,0.3222,0.3642,1.0155,1.2521,1.5319,1.8366,1.6873,0.858,0.1813,-0.427,-1.6804,-2.282,-1.1419,-0.7439,-0.7829,-0.8858,-0.7448,-0.6267,-0.589,-0.5573,-0.5367,-0.5319,-0.5831,-0.5739,-0.5012,-0.4797,-0.5186,-0.5445,-0.4906,-0.3629,-0.2072,-0.0576,0.0718,0.1784,0.2639,0.3314,0.3838,0.424,0.9081,1.0968,1.3651,1.7203,1.5491,0.756,0.3421,0.2417,-0.794,-1.4994,-0.84,-0.6136,-0.9022,-1.4737,-1.211,-0.7695,-0.6503,-0.7655,-0.7579,-0.5273,-0.3775,-0.3223,-0.3463,-0.4905,-0.7351,-0.8864,-0.7802,-0.5216,-0.2584,-0.0432,0.1216,0.2458,0.3386,0.4074,0.4577,0.4937,0.7779,0.8973,1.0344,1.1139,0.9168,0.5202,0.4044,1.2715,-0.0772,-0.4134,-0.3609,-0.2333,-0.5688,-1.6923,-1.387,-0.7034,-0.6267,-1.2518,-1.2514,-0.5301,-0.1846,-0.0818,-0.1954,-0.5909,-1.2751,-1.6792,-1.3131,-0.7346,-0.2938,0.0026,0.2022,0.3394,0.4348,0.5008,0.5453,0.5743,0.6469,0.7006,0.7337,0.6996,0.5518,0.3457,0.1818,-0.1561,-0.2002,-0.1285,-0.0719,0.203,0.2418,-0.2826,-0.5877,-0.4733,-0.4056,-0.7217,-0.7683,-0.2095,0.2025,0.3121,0.0738,-0.6025,-1.8747,-2.6363,-1.7798,-0.8155,-0.2265,0.1185,0.3309,0.4676,0.5568,0.6135,0.6475,0.6655,0.5362,0.5492,0.5375,0.4835,0.3819,0.2567,0.1355,0.0271,0.0086,0.0895,0.162,0.0815,-0.1014,-0.2935,-0.3188,-0.3925,0.1943,-0.0983,-0.0484,0.4218,1.021,1.0691,0.5862,-0.1921,-1.3386,-2.0054,-1.3353,-0.5001,0.0248,0.3305,0.5159,0.6325,0.7047,0.7452,0.763,0.7658,0.4533,0.4469,0.422,0.3735,0.3041,0.2268,0.1594,0.1243,0.1624,0.3451,0.7708,0.0717,-0.0178,-0.094,-0.0977,-0.0098,0.1988,0.118,0.3078,1.1194,2.5879,2.28,1.2142,0.4648,-0.1551,-0.4603,-0.2443,0.1409,0.4333,0.6218,0.7449,0.8256,0.8728,0.8911,0.8878,0.8716,0.3962,0.3826,0.357,0.319,0.2723,0.2257,0.1919,0.1886,0.2435,0.4095,0.706,0.3489,0.1554,0.1687,0.2077,0.2567,0.2328,0.1328,0.2005,1.1225,2.8328,2.4883,1.48,0.9574,0.7121,0.6715,0.7524,0.8339,0.8902,0.9384,0.985,1.0251,1.0462,1.0404,1.0133,0.9763,0.3594,0.3448,0.3229,0.2949,0.2642,0.237,0.2216,0.2281,0.2665,0.3366,0.3831,0.3189,0.2602,0.3254,0.7865,0.985,0.5703,-0.1613,-0.9056,0.4514,1.4636,1.6477,1.4162,1.2635,1.3134,1.5254,1.6074,1.4567,1.3032,1.2229,1.1943,1.1947,1.1959,1.1719,1.1252,1.0707,0.3378,0.3248,0.3079,0.2883,0.269,0.2541,0.2487,0.2574,0.2824,0.3176,0.348,0.3771,0.4698,0.8424,2.1,2.6232,1.1579,0.2306,-0.1295,1.029,1.3175,1.4293,1.4615,1.5169,1.7578,2.2614,2.3823,1.9224,1.6075,1.4457,1.3454,1.2895,1.2754,1.2546,1.2065,1.1458,0.327,0.3168,0.3046,0.2919,0.2809,0.2743,0.2753,0.2864,0.3086,0.3414,0.3874,0.4664,0.642,1.079,1.9935,2.2766,1.3727,1.042,1.8503,2.3502,1.6886,1.6362,1.7124,1.7697,1.9463,2.4009,2.513,2.0054,1.7711,1.6321,1.4729,1.3253,1.2814,1.2843,1.2551,1.2003,0.3239,0.3167,0.3089,0.3017,0.2969,0.2965,0.3025,0.317,0.3418,0.3793,0.4366,0.5309,0.6968,0.9771,1.3209,1.4231,1.2536,1.2764,1.6942,1.9324,1.888,2.1303,2.2766,2.1262,1.9823,1.9269,1.7128,1.7569,1.8974,1.8798,1.6858,1.4554,1.3472,1.3267,1.2968,1.2438,0.3262,0.3218,0.3178,0.3152,0.3153,0.3197,0.33,0.3481,0.376,0.417,0.477,0.5656,0.6941,0.8619,1.0273,1.1204,1.1626,1.278,1.5123,1.7968,2.2932,3.1804,3.4607,2.7317,2.1217,1.7693,1.4471,1.7253,2.3053,2.3635,2.0488,1.7172,1.5167,1.4197,1.3526,1.2857,0.3321,0.3304,0.3297,0.3308,0.3348,0.343,0.3568,0.3778,0.4079,0.4499,0.5075,0.5849,0.6841,0.7996,0.9146,1.015,1.1182,1.269,1.5075,1.904,2.6883,4.0039,4.3772,3.1939,2.3105,1.9378,1.8751,2.3972,3.2899,3.0724,2.4467,1.9766,1.6903,1.5233,1.4131,1.3254,0.3404,0.3412,0.3432,0.3474,0.3545,0.3657,0.3821,0.4052,0.4365,0.4779,0.5316,0.5992,0.6808,0.7732,0.8715,0.9755,1.0978,1.2638,1.5108,1.9066,2.5576,3.3739,3.579,2.9369,2.3359,2.0904,2.1878,2.7433,3.4249,3.1921,2.5747,2.0992,1.7912,1.5936,1.4581,1.3553]},{"header":{"la1":42.85,"la2":41.18,"lo1":11.55,"lo2":14.05,"nx":36,"ny":24,"dx":0.07143,"dy":0.07261,"parameterCategory":2,"parameterNumber":3,"parameterNumberName":"northward_wind","parameterUnit":"m.s-1"},"data":[-0.6084,-0.6209,-0.64,-0.6654,-0.696,-0.7289,-0.7605,-0.7873,-0.8066,-0.8182,-0.8242,-0.8275,-0.8311,-0.8371,-0.8474,-0.8634,-0.8874,-0.9218,-0.9685,-1.0261,-1.0875,-1.1408,-1.1749,-1.1865,-1.1805,-1.1649,-1.1466,-1.1296,-1.1154,-1.1045,-1.0965,-1.091,-1.0874,-1.0852,-1.084,-1.0835,-0.5753,-0.588,-0.6102,-0.6424,-0.6834,-0.7292,-0.7737,-0.8098,-0.8324,-0.841,-0.8401,-0.8354,-0.8319,-0.8323,-0.838,-0.8507,-0.8732,-0.9111,-0.9705,-1.0534,-1.1489,-1.2317,-1.2765,-1.2784,-1.2525,-1.2171,-1.1836,-1.1561,-1.1353,-1.1203,-1.1099,-1.1029,-1.0985,-1.0959,-1.0945,-1.094,-0.5329,-0.5438,-0.5685,-0.6095,-0.6661,-0.7331,-0.8002,-0.8534,-0.8811,-0.8823,-0.8671,-0.8482,-0.8337,-0.826,-0.8249,-0.8307,-0.8466,-0.8821,-0.9542,-1.0774,-1.2402,-1.3848,-1.444,-1.4146,-1.3456,-1.2763,-1.2212,-1.1811,-1.1533,-1.1345,-1.1221,-1.1142,-1.1094,-1.1068,-1.1054,-1.105,-0.4781,-0.4828,-0.5073,-0.5582,-0.6375,-0.7396,-0.8486,-0.9368,-0.974,-0.9559,-0.9102,-0.8662,-0.8357,-0.8179,-0.8083,-0.8029,-0.802,-0.8186,-0.8899,-1.0712,-1.3733,-1.662,-1.7312,-1.6085,-1.453,-1.3333,-1.2529,-1.2008,-1.1675,-1.1462,-1.1329,-1.1249,-1.1202,-1.1179,-1.1169,-1.1167,-0.4077,-0.3975,-0.4139,-0.4728,-0.5832,-0.7414,-0.9289,-1.0958,-1.1553,-1.0845,-0.9721,-0.8861,-0.8354,-0.8079,-0.7902,-0.7705,-0.7387,-0.6985,-0.7133,-0.9457,-1.5143,-2.143,-2.1722,-1.8228,-1.539,-1.3686,-1.2697,-1.2112,-1.1761,-1.1548,-1.1421,-1.1349,-1.1311,-1.1295,-1.1291,-1.1294,-0.3205,-0.2788,-0.2679,-0.3246,-0.4742,-0.713,-1.0308,-1.3745,-1.4972,-1.2821,-1.0375,-0.8962,-0.8281,-0.7958,-0.7748,-0.7439,-0.6736,-0.5215,-0.3301,-0.5216,-1.4028,-2.4422,-2.4025,-1.8715,-1.537,-1.3603,-1.2645,-1.2103,-1.1788,-1.1605,-1.1501,-1.1447,-1.1424,-1.142,-1.1426,-1.1436,-0.2224,-0.123,-0.0408,-0.0643,-0.2659,-0.6042,-1.0537,-1.6324,-1.8768,-1.4235,-1.0464,-0.8773,-0.809,-0.7822,-0.7666,-0.7375,-0.6525,-0.4125,0.0674,-0.0236,-0.966,-1.7106,-1.8526,-1.6234,-1.4269,-1.3082,-1.2399,-1.2005,-1.1777,-1.1647,-1.158,-1.1553,-1.155,-1.1562,-1.1579,-1.1597,-0.1364,0.0457,0.2809,0.3748,0.0653,-0.4027,-0.8589,-1.3388,-1.5313,-1.2135,-0.9442,-0.8232,-0.7794,-0.7692,-0.7676,-0.7553,-0.7027,-0.549,-0.2949,-0.428,-0.9178,-1.1721,-1.321,-1.3353,-1.2884,-1.2418,-1.2094,-1.1889,-1.1767,-1.17,-1.1674,-1.1677,-1.1698,-1.1728,-1.1759,-1.1785,-0.1041,0.1291,0.5423,0.8801,0.3364,-0.2451,-0.6023,-0.8491,-0.948,-0.8938,-0.8085,-0.7576,-0.748,-0.7613,-0.777,-0.7832,-0.7741,-0.7406,-0.7197,-0.8517,-1.0653,-1.0812,-1.1327,-1.18,-1.194,-1.1933,-1.189,-1.1843,-1.1807,-1.1792,-1.1801,-1.1833,-1.1879,-1.1929,-1.1975,-1.201,-0.1514,0.0144,0.2715,0.4282,0.0216,-0.2714,-0.4574,-0.6093,-0.7516,-0.8013,-0.7367,-0.7015,-0.7225,-0.765,-0.7933,-0.8007,-0.8205,-0.854,-0.8899,-0.9562,-1.0438,-1.0626,-1.0831,-1.1214,-1.1557,-1.1795,-1.1916,-1.1947,-1.1942,-1.1944,-1.1975,-1.2032,-1.2105,-1.2179,-1.2241,-1.2282,-0.2433,-0.1931,-0.2399,-0.5313,-0.5156,-0.3553,-0.3533,-0.4581,-0.8237,-1.012,-0.7102,-0.6392,-0.7048,-0.8019,-0.8209,-0.8091,-0.8616,-0.963,-1.0223,-1.0214,-1.0241,-1.0384,-1.0658,-1.1132,-1.1694,-1.2126,-1.2293,-1.2267,-1.2195,-1.2167,-1.2202,-1.2287,-1.2393,-1.2496,-1.2574,-1.262,-0.3241,-0.3225,-0.401,-0.5695,-0.5323,-0.3206,-0.1962,-0.1948,-0.4275,-0.7177,-0.5546,-0.5148,-0.672,-0.9468,-0.9907,-0.8463,-0.9276,-1.2226,-1.3123,-1.1464,-1.0469,-1.0276,-1.0612,-1.141,-1.2472,-1.3191,-1.3186,-1.2834,-1.2548,-1.244,-1.2481,-1.2609,-1.2766,-1.2906,-1.3003,-1.3045,-0.3772,-0.3747,-0.3983,-0.4239,-0.368,-0.2039,-0.004,-0.4024,0.3692,-0.2086,-0.3369,-0.2251,-0.3592,-1.13,-1.1673,-0.7347,-0.8982,-1.8035,-1.8554,-1.2529,-1.0391,-0.9934,-1.0464,-1.1933,-1.4161,-1.5454,-1.4685,-1.3539,-1.2901,-1.2717,-1.2806,-1.3023,-1.3263,-1.3456,-1.3567,-1.3589,-0.4129,-0.4007,-0.3913,-0.3676,-0.2979,-0.1503,0.1207,0.6772,0.4796,-0.136,-0.2697,0.0961,0.2869,0.7247,-0.4173,-0.4064,-0.5802,-1.2378,-1.4386,-1.1096,-0.9218,-0.8841,-0.9812,-1.2122,-1.5919,-1.8023,-1.594,-1.3914,-1.3061,-1.294,-1.3191,-1.3584,-1.3961,-1.4221,-1.4327,-1.4293,-0.4422,-0.4248,-0.4038,-0.3696,-0.3084,-0.2061,-0.06,0.0575,-0.0702,-0.3328,-0.4451,-0.3552,-0.2091,-0.3576,-0.344,-0.336,-0.3124,-0.7053,-0.9371,-0.8415,-0.6231,-0.6179,-0.8247,-1.1055,-1.4534,-1.6427,-1.4946,-1.3387,-1.2882,-1.3105,-1.3705,-1.4411,-1.4998,-1.5325,-1.5371,-1.5206,-0.4705,-0.4529,-0.4316,-0.4024,-0.3613,-0.3091,-0.2622,-0.2661,-0.368,-0.5403,-0.7234,-0.7478,-0.6324,-0.5111,-0.5229,-0.4943,-0.4461,-0.7377,-0.9004,-0.6389,0.0311,-0.1205,-0.6233,-0.9357,-1.1502,-1.258,-1.2403,-1.2115,-1.2428,-1.3298,-1.4498,-1.5723,-1.6617,-1.6963,-1.6814,-1.6374,-0.4996,-0.4846,-0.4678,-0.4482,-0.4263,-0.4071,-0.4035,-0.4344,-0.5113,-0.6244,-0.7364,-0.7528,-0.9006,-0.9814,-0.8037,-0.7988,-0.8807,-1.1502,-1.3193,-0.8421,0.1093,-0.072,-0.595,-0.8389,-0.9348,-0.9556,-0.9721,-1.0474,-1.1837,-1.3647,-1.5782,-1.7872,-1.9211,-1.9397,-1.8745,-1.7787,-0.5291,-0.518,-0.5069,-0.4963,-0.488,-0.4866,-0.4988,-0.532,-0.5873,-0.6559,-0.722,-0.8031,-0.996,-1.078,-1.1298,-1.2337,-1.2822,-1.7877,-2.3832,-1.5191,-0.8376,-0.6683,-0.7654,-0.8217,-0.7654,-0.626,-0.615,-0.8335,-1.1207,-1.4234,-1.7702,-2.1247,-2.3218,-2.2765,-2.107,-1.9297,-0.5583,-0.5511,-0.5453,-0.5416,-0.542,-0.5493,-0.5671,-0.5981,-0.6419,-0.6952,-0.7577,-0.8421,-0.9647,-1.1553,-1.6805,-1.9111,-1.5323,-1.8051,-2.1268,-1.7094,-1.3006,-1.0257,-0.9145,-0.8277,-0.6086,-0.1544,-0.0587,-0.6131,-1.0967,-1.5043,-1.9859,-2.5396,-2.8101,-2.6321,-2.3168,-2.0523,-0.5864,-0.5828,-0.5811,-0.5824,-0.588,-0.5997,-0.6196,-0.6487,-0.6874,-0.7357,-0.7965,-0.8785,-1.001,-1.2226,-1.6332,-1.7765,-1.5331,-1.5889,-1.7806,-1.8443,-1.4465,-1.1347,-0.9727,-0.8582,-0.6323,-0.1016,0.0217,-0.7372,-1.2135,-1.6003,-2.087,-2.7095,-3.0081,-2.7622,-2.3908,-2.0986,-0.613,-0.6123,-0.6138,-0.6184,-0.6272,-0.6413,-0.6618,-0.6898,-0.7257,-0.771,-0.8283,-0.9043,-1.0105,-1.1625,-1.3389,-1.4177,-1.4032,-1.4561,-1.5878,-1.5957,-1.3208,-1.0497,-0.9212,-0.8949,-0.8702,-0.8953,-1.2221,-1.3131,-1.4869,-1.74,-2.0406,-2.4409,-2.67,-2.5455,-2.2873,-2.0539,-0.6377,-0.6393,-0.6432,-0.6501,-0.6607,-0.676,-0.6966,-0.7234,-0.7571,-0.7989,-0.8509,-0.9161,-0.9981,-1.0952,-1.1892,-1.25,-1.2822,-1.3182,-1.3462,-1.2848,-1.0701,-0.7848,-0.6979,-0.851,-1.0329,-1.2925,-1.5892,-1.6045,-1.8932,-2.0287,-2.0501,-2.1607,-2.2637,-2.2324,-2.1037,-1.9544,-0.6606,-0.6639,-0.6695,-0.6778,-0.6896,-0.7053,-0.7256,-0.7511,-0.7823,-0.8202,-0.8656,-0.9195,-0.9818,-1.0484,-1.1103,-1.1576,-1.189,-1.2058,-1.1922,-1.1082,-0.9032,-0.5865,-0.5015,-0.7847,-1.0748,-1.3381,-1.5741,-1.9681,-2.5943,-2.4703,-2.1695,-2.0553,-2.0379,-2.0085,-1.9385,-1.8464,-0.6816,-0.6862,-0.6929,-0.7022,-0.7145,-0.7302,-0.7499,-0.7738,-0.8024,-0.8361,-0.8751,-0.9194,-0.9677,-1.0168,-1.062,-1.0982,-1.1221,-1.1289,-1.1073,-1.0373,-0.8991,-0.7228,-0.6856,-0.8677,-1.1118,-1.3624,-1.6641,-2.1676,-2.6872,-2.5417,-2.1975,-2.0042,-1.9207,-1.8704,-1.8161,-1.7523]}]