docs/data/wind_grid.json
[{"header":{"la1":42.85,"la2":41.18,"lo1":11.55,"lo2":14.05,"nx":36,"ny":24,"dx":0.07143,"dy":0.07261,"parameterCategory":2,"parameterNumber":2,"parameterNumberName":"eastward_wind","parameterUnit":"m.s-1"},"data":[4.9756,4.9932,5.0105,5.0268,5.041,5.0511,5.054,5.0463,5.0253,4.9899,4.9415,4.883,4.8169,4.7454,4.6692,4.5888,4.5047,4.4178,4.3295,4.2427,4.1628,4.0973,4.0522,4.0271,4.0157,4.0098,4.0035,3.9939,3.9804,3.9635,3.9443,3.9238,3.903,3.8826,3.8633,3.8455,5.0011,5.0233,5.0462,5.0695,5.0923,5.1125,5.1254,5.125,5.1052,5.0644,5.0058,4.9349,4.8567,4.7736,4.686,4.5936,4.4959,4.3933,4.2863,4.177,4.0728,3.9894,3.942,3.9302,3.9383,3.9497,3.9551,3.9522,3.9416,3.9255,3.9058,3.8844,3.8625,3.8412,3.8211,3.8028,5.0254,5.0525,5.0816,5.1131,5.1474,5.183,5.2137,5.2277,5.2117,5.1616,5.0854,4.9958,4.9015,4.8051,4.7052,4.5995,4.4863,4.3655,4.2361,4.0949,3.9468,3.8256,3.7766,3.7974,3.8444,3.884,3.9053,3.9095,3.9011,3.8847,3.8637,3.8406,3.8172,3.7947,3.7738,3.7551,5.0478,5.08,5.1153,5.1552,5.2033,5.2619,5.3249,5.3699,5.3637,5.2941,5.1845,5.0651,4.9501,4.8395,4.7277,4.6082,4.4773,4.3357,4.1842,4.0058,3.7764,3.5629,3.5176,3.6213,3.7417,3.8209,3.8587,3.8678,3.8592,3.8406,3.8169,3.7915,3.7661,3.7421,3.7204,3.7014,5.0675,5.1055,5.1465,5.1929,5.2538,5.3427,5.4633,5.5793,5.5994,5.4814,5.3034,5.1377,4.9986,4.8757,4.7549,4.6231,4.471,4.302,4.1352,3.9453,3.5955,3.1574,3.1472,3.4365,3.6602,3.7754,3.8211,3.8282,3.8148,3.7914,3.7637,3.7351,3.7074,3.682,3.6596,3.6406,5.0841,5.1302,5.178,5.2259,5.2891,5.4049,5.6117,5.8828,5.9753,5.7292,5.4225,5.1992,5.0402,4.912,4.7897,4.6516,4.4766,4.2596,4.0636,3.9514,3.5958,2.9212,2.9602,3.3949,3.6532,3.7626,3.7945,3.7885,3.7649,3.734,3.7012,3.6691,3.6393,3.6127,3.5899,3.5713,5.0955,5.1571,5.2223,5.2679,5.3052,5.4135,5.6794,6.1373,6.3505,5.9029,5.4785,5.2292,5.0689,4.947,4.8344,4.7043,4.5218,4.2534,3.9627,3.9523,3.8678,3.5014,3.4199,3.6041,3.7324,3.776,3.7699,3.7406,3.7028,3.6634,3.6256,3.5905,3.5591,3.5318,3.5093,3.4919,5.094,5.1819,5.3036,5.3718,5.3221,5.3534,5.5625,5.9063,6.0512,5.7399,5.4292,5.226,5.0857,4.9791,4.8863,4.7832,4.6309,4.3979,4.1496,4.1164,4.1669,4.0757,3.9213,3.856,3.8244,3.781,3.7264,3.6704,3.619,3.5732,3.5324,3.496,3.4642,3.4372,3.4158,3.4004,5.0613,5.162,5.3813,5.577,5.3234,5.2398,5.3809,5.5498,5.6121,5.5267,5.3721,5.2191,5.099,5.007,4.9326,4.8679,4.7685,4.6113,4.4447,4.3558,4.375,4.3338,4.1499,3.9855,3.8508,3.733,3.6348,3.559,3.5017,3.4562,3.4171,3.3823,3.3516,3.326,3.3068,3.2946,4.9852,5.0193,5.121,5.1982,4.9461,5.0417,5.267,5.4459,5.576,5.5818,5.4047,5.2292,5.1172,5.0362,4.9492,4.9097,4.8776,4.7893,4.6589,4.5062,4.4005,4.3438,4.1903,3.9811,3.7684,3.5871,3.4601,3.3844,3.3396,3.3069,3.2765,3.2465,3.2184,3.1951,3.1791,3.1716,4.8953,4.8151,4.5805,4.0076,4.1178,4.8307,5.2505,5.4803,5.7662,5.9053,5.4773,5.2345,5.1444,5.1024,4.9969,4.9294,4.9599,4.9665,4.8917,4.7108,4.5183,4.355,4.1423,3.8503,3.531,3.2795,3.1545,3.1242,3.126,3.1242,3.1098,3.0864,3.0611,3.0402,3.0284,3.0275,4.8438,4.7262,4.4561,4.02,4.1636,4.8911,5.3558,5.5545,5.6458,5.694,5.389,5.2059,5.1757,5.2586,5.1644,5.0332,5.0706,5.276,5.2769,4.9686,4.6645,4.385,4.0464,3.583,3.0505,2.693,2.6546,2.7681,2.8686,2.9152,2.919,2.8998,2.8744,2.855,2.8484,2.8573,4.8442,4.7662,4.6421,4.5474,4.7081,5.1035,5.4657,5.6811,5.5895,5.4139,5.2498,5.1854,5.1583,5.3059,5.2007,4.9844,5.0994,5.844,5.8621,5.1732,4.7654,4.4091,3.938,3.2047,2.2283,1.6756,1.948,2.3649,2.6037,2.6959,2.7069,2.6815,2.6491,2.6287,2.6298,2.6537,4.871,4.8416,4.8163,4.8402,4.9691,5.1859,5.4123,5.5722,5.5006,5.2793,5.1494,5.2255,5.2175,4.616,4.8773,4.7245,4.8844,5.3913,5.5029,5.118,4.8042,4.4614,3.9142,2.9469,1.4522,0.6585,1.3914,2.083,2.3892,2.4803,2.4693,2.418,2.3673,2.3437,2.358,2.4072,4.8988,4.8988,4.9124,4.9576,5.0463,5.1655,5.2788,5.3331,5.2672,5.1236,5.0166,4.9774,4.8801,4.7033,4.7915,4.6744,4.9302,5.024,5.1009,5.0186,4.8913,4.6335,4.0693,3.1257,1.8518,1.1691,1.5969,2.0498,2.2367,2.2568,2.1863,2.0814,1.9962,1.97,2.0121,2.1066,4.9165,4.9295,4.9532,4.9935,5.0505,5.1137,5.1614,5.1659,5.1082,5.0036,4.9045,4.7691,4.814,4.8368,4.86,4.885,4.9581,5.0158,5.0686,5.0683,5.1667,4.9779,4.3119,3.4707,2.6207,2.0969,2.0024,2.0488,2.0603,1.986,1.8235,1.6239,1.4797,1.4611,1.5654,1.7429,4.9231,4.9399,4.9632,4.994,5.0297,5.0628,5.081,5.0721,5.0303,4.964,4.9032,4.8607,4.8778,4.9033,4.9429,4.9865,5.0471,5.1737,5.2694,5.1818,5.225,5.04,4.372,3.5712,2.7787,2.1661,1.8537,1.7869,1.7708,1.6434,1.3503,0.9748,0.7271,0.7538,0.9971,1.321,4.9208,4.9374,4.9572,4.9799,5.0026,5.0207,5.0278,5.0192,4.9944,4.9602,4.9302,4.9161,4.9183,4.9423,5.0799,5.1688,5.2099,5.4847,5.7965,5.3984,5.099,4.7908,4.2233,3.393,2.358,1.353,0.9636,1.1928,1.3922,1.272,0.7765,0.0609,-0.366,-0.1853,0.3359,0.8844,4.9124,4.9273,4.9435,4.9602,4.9755,4.9865,4.9904,4.9855,4.9731,4.9578,4.9471,4.9495,4.9762,5.0741,5.3793,5.5085,5.3261,5.5106,5.7248,5.5938,5.2081,4.728,4.0985,3.1468,1.6894,-0.1714,-0.6068,0.5107,1.0911,0.9915,0.2383,-0.9995,-1.6672,-1.1593,-0.2483,0.5396,4.9,4.9129,4.9261,4.9388,4.9498,4.9576,4.961,4.9598,4.9554,4.9513,4.9528,4.9679,5.0119,5.1237,5.3504,5.4322,5.3212,5.4414,5.8382,6.0197,5.3638,4.7843,4.141,3.1531,1.608,-0.4436,-0.8942,0.5592,1.0781,0.9217,0.0739,-1.4141,-2.1965,-1.5096,-0.4422,0.4224,4.8851,4.8961,4.9069,4.9169,4.9254,4.9317,4.9354,4.9367,4.9371,4.9391,4.9468,4.9661,5.0065,5.0794,5.1736,5.2202,5.2326,5.3393,5.5797,5.6317,5.2805,4.953,4.5086,3.5806,2.281,1.2864,1.3814,1.3963,1.2643,1.0134,0.4044,-0.6269,-1.2444,-0.8774,-0.12,0.5765,4.8686,4.8779,4.8868,4.8949,4.9017,4.9071,4.9109,4.9136,4.9162,4.9208,4.9299,4.9471,4.976,5.0173,5.0619,5.0939,5.1227,5.1799,5.2548,5.2638,5.2625,5.5131,5.4789,4.3616,2.9479,2.0161,1.8757,1.67,1.1915,0.9846,0.7784,0.3368,-0.0079,0.0738,0.4529,0.9002,4.8509,4.8588,4.8661,4.8727,4.8783,4.8828,4.8863,4.8892,4.8924,4.897,4.9046,4.9169,4.9347,4.9569,4.979,4.997,5.0137,5.0363,5.064,5.1139,5.3429,6.031,6.2702,4.936,3.4158,2.3832,1.8644,1.3085,0.5359,0.6566,0.9098,0.8854,0.7802,0.8059,0.9905,1.2582,4.8326,4.8391,4.845,4.8502,4.8546,4.8582,4.861,4.8633,4.8657,4.8689,4.8736,4.8803,4.889,4.8985,4.9066,4.9115,4.9139,4.9172,4.9296,4.9855,5.1808,5.5566,5.5667,4.7044,3.5828,2.6648,1.9564,1.1619,0.4473,0.624,1.0185,1.1908,1.236,1.2896,1.4071,1.5785]},{"header":{"la1":42.85,"la2":41.18,"lo1":11.55,"lo2":14.05,"nx":36,"ny":24,"dx":0.07143,"dy":0.07261,"parameterCategory":2,"parameterNumber":3,"parameterNumberName":"northward_wind","parameterUnit":"m.s-1"},"data":[0.6248,0.6379,0.6511,0.6642,0.6766,0.6875,0.695,0.697,0.6918,0.6796,0.662,0.6417,0.6211,0.6017,0.5838,0.5674,0.5523,0.5381,0.5247,0.5122,0.5007,0.4905,0.4819,0.4744,0.4673,0.4598,0.4513,0.4418,0.4312,0.4198,0.4078,0.3954,0.383,0.3707,0.3588,0.3475,0.6392,0.6551,0.6715,0.6885,0.706,0.7231,0.737,0.7432,0.7379,0.7205,0.6948,0.6661,0.6386,0.6142,0.5928,0.5739,0.5566,0.5405,0.5252,0.5106,0.4972,0.4859,0.4775,0.4714,0.4658,0.4594,0.4514,0.4417,0.4305,0.4181,0.4049,0.3913,0.3775,0.364,0.351,0.3388,0.6548,0.6739,0.6938,0.7154,0.7398,0.7671,0.7933,0.8094,0.8052,0.7784,0.7377,0.6949,0.6574,0.6267,0.6016,0.58,0.5605,0.542,0.5244,0.5069,0.49,0.4761,0.4683,0.4653,0.4631,0.4588,0.4516,0.4418,0.4298,0.4162,0.4015,0.3863,0.371,0.356,0.3417,0.3284,0.6718,0.6948,0.7185,0.7444,0.7768,0.8198,0.8706,0.9109,0.9121,0.8653,0.7943,0.7274,0.6759,0.6383,0.6099,0.5859,0.5638,0.5425,0.5222,0.5014,0.4778,0.457,0.4506,0.4554,0.4595,0.4585,0.4524,0.4422,0.4291,0.4139,0.3974,0.3802,0.363,0.3462,0.3304,0.3159,0.6911,0.7194,0.747,0.7754,0.8135,0.8769,0.9747,1.0768,1.0981,1.0015,0.8657,0.759,0.6906,0.6477,0.6176,0.5922,0.567,0.5412,0.518,0.4964,0.4632,0.4241,0.4222,0.4436,0.4573,0.4598,0.4543,0.4434,0.4287,0.4113,0.3924,0.3727,0.3531,0.3343,0.3167,0.3008,0.7133,0.7509,0.785,0.8119,0.8444,0.9216,1.092,1.3418,1.4307,1.1993,0.9344,0.7766,0.6963,0.6535,0.6255,0.6004,0.5718,0.5372,0.5066,0.4935,0.4627,0.4041,0.4072,0.4424,0.4609,0.4644,0.4584,0.4459,0.4288,0.4085,0.3863,0.3634,0.3408,0.3194,0.2998,0.2824,0.7376,0.7933,0.846,0.8712,0.872,0.9232,1.1347,1.5772,1.7971,1.3339,0.9365,0.7597,0.6887,0.6564,0.6346,0.6126,0.5832,0.5386,0.4889,0.4874,0.4837,0.4519,0.4458,0.4625,0.4733,0.4738,0.4656,0.4504,0.4297,0.4053,0.3787,0.3516,0.3253,0.3008,0.2788,0.2598,0.757,0.8422,0.9464,0.9955,0.9202,0.8719,0.9877,1.2979,1.443,1.0898,0.8067,0.7018,0.6729,0.6604,0.6444,0.6267,0.6056,0.5677,0.5212,0.5075,0.4959,0.4865,0.4856,0.4893,0.492,0.4887,0.4775,0.4583,0.4324,0.4019,0.3693,0.3365,0.3053,0.277,0.2523,0.2317,0.7554,0.8615,1.0377,1.1756,0.9704,0.7894,0.752,0.7816,0.7499,0.6396,0.6,0.6294,0.6669,0.6748,0.6442,0.6216,0.6288,0.6167,0.5802,0.5329,0.4727,0.4789,0.5039,0.5131,0.5157,0.5115,0.4974,0.4722,0.438,0.3984,0.3569,0.3165,0.2791,0.2462,0.2185,0.1965,0.7207,0.8012,0.9193,0.9895,0.8164,0.6688,0.5579,0.4338,0.2437,0.1816,0.3837,0.5798,0.6992,0.7241,0.6026,0.5229,0.6417,0.6777,0.6492,0.5819,0.5075,0.5042,0.5278,0.5418,0.5509,0.5506,0.5331,0.4971,0.4485,0.3943,0.3401,0.2892,0.2439,0.2056,0.1749,0.1519,0.665,0.6996,0.7038,0.6262,0.613,0.5567,0.4299,0.2585,-0.1607,-0.3801,0.2219,0.589,0.802,0.8908,0.7088,0.5488,0.7198,0.7803,0.7592,0.6798,0.602,0.568,0.5672,0.5855,0.6135,0.6263,0.6011,0.5413,0.4655,0.3879,0.3152,0.2506,0.1955,0.1511,0.1177,0.095,0.6095,0.6218,0.6151,0.5921,0.5721,0.4797,0.3607,0.2735,0.061,-0.0866,0.3193,0.6591,0.9564,1.2708,1.1304,0.9074,0.8929,0.9747,0.9598,0.8005,0.6737,0.6113,0.6039,0.6504,0.7359,0.7849,0.7314,0.6129,0.4864,0.3732,0.2761,0.1942,0.1276,0.0768,0.0419,0.0215,0.5612,0.5647,0.5597,0.5438,0.5012,0.417,0.3312,0.2981,0.28,0.2814,0.4602,0.7156,0.9438,1.4033,1.2764,1.0479,1.027,1.2719,1.259,0.883,0.6918,0.6134,0.6194,0.7325,0.9639,1.104,0.9492,0.7007,0.495,0.3375,0.2122,0.1104,0.0307,-0.0261,-0.06,-0.0738,0.5192,0.5161,0.5054,0.4826,0.441,0.3831,0.3295,0.3028,0.2975,0.3179,0.4351,0.7432,0.8611,0.8602,0.9941,1.2376,1.1294,1.0967,1.0588,0.7959,0.6296,0.5648,0.591,0.7699,1.1952,1.4717,1.1338,0.7296,0.4544,0.2612,0.1096,-0.0144,-0.1095,-0.171,-0.1985,-0.1981,0.4829,0.4751,0.4605,0.4367,0.4026,0.3621,0.3246,0.2956,0.2626,0.2061,0.1722,0.2797,0.4078,0.1404,0.8282,1.281,1.0709,0.9043,0.7507,0.6029,0.5081,0.478,0.5061,0.6574,1.0044,1.231,0.9537,0.5899,0.3278,0.1285,-0.0457,-0.1995,-0.3161,-0.3793,-0.389,-0.3597,0.4521,0.4415,0.4254,0.4028,0.3739,0.3404,0.304,0.2595,0.1823,0.0097,-0.3247,-0.3102,-0.0416,0.2706,0.5599,0.8301,0.8984,0.6798,0.4838,0.4102,0.4352,0.4212,0.3992,0.4483,0.5637,0.6197,0.4944,0.3013,0.1242,-0.0574,-0.2647,-0.4745,-0.629,-0.6854,-0.6517,-0.5663,0.4262,0.4141,0.3976,0.3761,0.3496,0.3178,0.2788,0.2243,0.1329,-0.0389,-0.2899,-0.2168,-0.1825,-0.1628,0.2028,0.3797,0.4084,0.2285,0.0573,0.1762,0.4018,0.3732,0.285,0.2387,0.1845,0.0961,0.0109,-0.0357,-0.1029,-0.2679,-0.5538,-0.89,-1.1188,-1.1398,-1.005,-0.8165,0.4043,0.3915,0.3749,0.3542,0.3289,0.2981,0.2592,0.2068,0.1323,0.0327,-0.0566,-0.0911,-0.2084,-0.2481,-0.1936,-0.2027,-0.0734,-0.2888,-0.616,-0.2125,0.0722,0.1537,0.124,0.0325,-0.1716,-0.4679,-0.5611,-0.3814,-0.2823,-0.446,-0.9034,-1.5156,-1.8821,-1.7806,-1.4353,-1.0828,0.3858,0.3726,0.3562,0.3363,0.3121,0.2829,0.2469,0.2019,0.1462,0.0835,0.0245,-0.0325,-0.1172,-0.2793,-0.8661,-1.136,-0.4436,-0.404,-0.5679,-0.4653,-0.2293,-0.0718,-0.0426,-0.1385,-0.4858,-1.2132,-1.3808,-0.6503,-0.3057,-0.4974,-1.2183,-2.2951,-2.8552,-2.4796,-1.8247,-1.2905,0.3701,0.3568,0.3408,0.3216,0.2988,0.2718,0.2396,0.2015,0.1575,0.1091,0.0572,-0.0056,-0.1055,-0.3218,-0.7934,-0.946,-0.4994,-0.4101,-0.6689,-0.8003,-0.4248,-0.2369,-0.1803,-0.2071,-0.465,-1.2687,-1.465,-0.3247,-0.0138,-0.3036,-1.2029,-2.5923,-3.2727,-2.7288,-1.9346,-1.3384,0.3566,0.3435,0.328,0.3097,0.2884,0.2636,0.2349,0.2019,0.1646,0.1229,0.0748,0.0134,-0.0773,-0.2215,-0.4004,-0.4534,-0.3649,-0.3679,-0.5205,-0.5776,-0.4423,-0.4019,-0.3679,-0.2303,-0.0756,0.2013,1.038,0.952,0.5857,0.1764,-0.6454,-1.8014,-2.4412,-2.1887,-1.648,-1.1872,0.3452,0.3324,0.3174,0.3002,0.2803,0.2576,0.2317,0.2026,0.1697,0.1326,0.0892,0.0356,-0.0337,-0.1194,-0.2014,-0.242,-0.2492,-0.2807,-0.3497,-0.4074,-0.5009,-0.749,-0.8073,-0.3959,0.1566,0.9745,1.9908,1.5762,1.1791,0.8668,0.1646,-0.6949,-1.2633,-1.346,-1.155,-0.9095,0.3354,0.323,0.3087,0.2924,0.274,0.2531,0.2297,0.2035,0.1742,0.1412,0.1033,0.059,0.0074,-0.0486,-0.0999,-0.1377,-0.1674,-0.2066,-0.2662,-0.3636,-0.5885,-1.0449,-1.1853,-0.5762,0.1231,0.7967,1.3065,1.4799,1.8699,1.6058,0.8248,0.0746,-0.4418,-0.6712,-0.6917,-0.6133,0.3271,0.3151,0.3015,0.2862,0.2691,0.2499,0.2286,0.2049,0.1787,0.1496,0.117,0.0806,0.0408,-0.0003,-0.0392,-0.074,-0.1081,-0.1497,-0.2101,-0.3129,-0.5058,-0.78,-0.823,-0.4301,0.0939,0.5829,1.0003,1.459,1.9553,1.7236,1.0532,0.4429,0.0084,-0.2432,-0.3493,-0.3637]}]