docs/data/wind_grid.json
[{"header":{"la1":42.85,"la2":41.18,"lo1":11.55,"lo2":14.05,"nx":36,"ny":24,"dx":0.07143,"dy":0.07261,"parameterCategory":2,"parameterNumber":2,"parameterNumberName":"eastward_wind","parameterUnit":"m.s-1"},"data":[2.2647,2.2547,2.2446,2.2346,2.2253,2.2178,2.214,2.216,2.2249,2.2399,2.2574,2.2723,2.2794,2.274,2.2521,2.21,2.1443,2.0519,1.9325,1.7928,1.652,1.5403,1.4852,1.4944,1.5533,1.6385,1.7299,1.8159,1.8914,1.9552,2.0081,2.0515,2.087,2.1162,2.1401,2.1599,2.2515,2.2391,2.226,2.212,2.1975,2.1838,2.1743,2.1737,2.1858,2.2103,2.2414,2.2705,2.2896,2.2925,2.2743,2.2304,2.155,2.0403,1.8783,1.6703,1.4437,1.2606,1.1849,1.2288,1.3502,1.4971,1.637,1.7569,1.8546,1.9327,1.9944,2.0433,2.082,2.113,2.1379,2.1581,2.237,2.2219,2.2053,2.1862,2.1639,2.1391,2.1168,2.1072,2.1211,2.1606,2.2144,2.2664,2.3039,2.3196,2.3089,2.2673,2.1872,2.0541,1.843,1.5295,1.1385,0.8047,0.7007,0.8395,1.0895,1.3394,1.5465,1.7067,1.8277,1.9189,1.988,2.0407,2.0814,2.113,2.138,2.1581,2.2215,2.2036,2.1835,2.159,2.1264,2.083,2.0336,1.9986,2.009,2.0754,2.1707,2.26,2.3243,2.3575,2.3583,2.3246,2.2508,2.1184,1.875,1.4208,0.7044,0.0131,-0.1114,0.2917,0.793,1.1937,1.4789,1.6779,1.8179,1.9181,1.991,2.045,2.0856,2.1166,2.1406,2.1595,2.2048,2.1843,2.1618,2.1334,2.0904,2.0204,1.918,1.8156,1.8046,1.9295,2.1067,2.2553,2.3548,2.4092,2.4239,2.4031,2.35,2.2608,2.069,1.518,0.2382,-1.3045,-1.3377,-0.3065,0.5663,1.1199,1.4639,1.6847,1.8319,1.9333,2.005,2.0568,2.0949,2.1234,2.1452,2.1622,2.187,2.1639,2.1407,2.1129,2.0659,1.9701,1.7846,1.5231,1.4359,1.7074,2.0395,2.2667,2.4032,2.4781,2.5068,2.4985,2.4716,2.4719,2.5103,2.118,0.4069,-2.1048,-1.9721,-0.4203,0.6094,1.1873,1.5254,1.7354,1.8724,1.9651,2.0295,2.0753,2.1084,2.1328,2.1511,2.1654,2.1679,2.1417,2.1193,2.0984,2.0615,1.9652,1.7258,1.2652,1.0366,1.5493,2.0405,2.3188,2.4775,2.5686,2.6099,2.6079,2.5862,2.634,2.9102,2.7905,1.492,-0.0724,-0.3664,0.3591,0.9944,1.4028,1.6598,1.8256,1.9357,2.0106,2.0625,2.0989,2.1247,2.1434,2.1573,2.1682,2.148,2.1179,2.0983,2.0891,2.0696,2.0114,1.8507,1.5332,1.3944,1.7888,2.1773,2.4202,2.5777,2.6832,2.7431,2.7442,2.6943,2.6643,2.7246,2.5986,2.2472,1.8213,1.3609,1.32,1.4948,1.6834,1.8311,1.9374,2.012,2.064,2.0999,2.1247,2.1417,2.1535,2.1622,2.1691,2.1288,2.0926,2.0828,2.0983,2.0655,2.0531,2.0311,1.9804,2.0054,2.1638,2.3587,2.5388,2.6902,2.818,2.9267,2.946,2.8358,2.7133,2.6287,2.578,2.732,2.6079,2.1383,1.912,1.8857,1.9346,1.996,2.0488,2.089,2.1178,2.1371,2.1492,2.1565,2.1608,2.1638,2.1666,2.1118,2.0572,2.0217,2.012,1.9658,2.0436,2.1342,2.1955,2.2588,2.333,2.4662,2.6391,2.7987,2.9472,3.1637,3.2675,2.9932,2.7974,2.6803,2.6217,2.669,2.5942,2.3535,2.1905,2.1258,2.1157,2.1268,2.1427,2.1564,2.1654,2.1692,2.1689,2.166,2.1623,2.1595,2.1583,2.1043,2.0181,1.876,1.6206,1.6737,2.0005,2.1801,2.2612,2.3001,2.3022,2.5024,2.7251,2.9067,3.0429,3.1904,3.2925,3.015,2.8493,2.7499,2.6648,2.5997,2.5232,2.4141,2.3167,2.2548,2.2241,2.2127,2.2099,2.2078,2.2023,2.1927,2.1801,2.1667,2.1548,2.1461,2.1417,2.1205,2.0272,1.8694,1.6468,1.7152,2.0498,2.2069,2.2336,2.3066,2.3729,2.5852,2.8172,3.0235,3.2304,3.1668,3.0437,2.9395,2.8829,2.8331,2.731,2.6306,2.5423,2.4555,2.3718,2.3019,2.2607,2.249,2.2476,2.2416,2.2268,2.2047,2.179,2.154,2.1334,2.1195,2.1131,2.1636,2.0963,2.01,1.9458,2.0137,2.1686,2.2278,2.1212,2.2919,2.4744,2.6931,2.9148,3.0477,3.3055,3.1989,2.9568,2.8928,2.9535,2.942,2.7785,2.6589,2.5666,2.4801,2.3813,2.2713,2.212,2.233,2.2609,2.2621,2.2397,2.203,2.1608,2.1216,2.0915,2.0736,2.0679,2.2208,2.1845,2.1529,2.1493,2.1958,2.2624,2.2906,2.2967,2.3601,2.5426,2.743,3.0093,3.0758,2.8455,2.9212,2.8378,2.8382,2.88,2.8698,2.7526,2.6462,2.5668,2.492,2.3809,2.2086,2.1148,2.2015,2.2727,2.2794,2.243,2.1833,2.117,2.0585,2.0182,1.9996,2.0,2.2783,2.2635,2.2577,2.2697,2.3019,2.3409,2.371,2.4037,2.4817,2.6024,2.7035,2.7925,2.8176,2.7204,2.8241,2.8138,2.8121,2.8082,2.7706,2.6798,2.5747,2.5274,2.4998,2.4232,2.28,2.1926,2.2614,2.3192,2.3052,2.2368,2.1373,2.0318,1.9455,1.8958,1.8846,1.902,2.3292,2.3268,2.3323,2.3487,2.3757,2.4089,2.4455,2.4928,2.5595,2.6252,2.632,2.6322,2.697,2.7614,2.7952,2.8069,2.8039,2.7797,2.7223,2.5987,2.4058,2.429,2.5032,2.4974,2.4465,2.41,2.4204,2.4137,2.3452,2.217,2.0486,1.8761,1.7481,1.6957,1.7117,1.767,2.3718,2.3764,2.3872,2.4054,2.4309,2.4625,2.4999,2.545,2.5952,2.634,2.6359,2.6588,2.6999,2.7228,2.7793,2.8001,2.7889,2.7541,2.7048,2.5989,2.3824,2.4231,2.5338,2.5793,2.6092,2.6397,2.637,2.5584,2.403,2.1786,1.8933,1.6002,1.407,1.377,1.4653,1.5948,2.4068,2.4153,2.4287,2.4476,2.472,2.5016,2.5361,2.5745,2.6135,2.6454,2.6671,2.6917,2.7123,2.7319,2.8218,2.8569,2.8058,2.7364,2.6929,2.6832,2.5986,2.5719,2.6089,2.6728,2.7915,2.9514,2.9726,2.7711,2.4805,2.1238,1.6553,1.1411,0.847,0.9106,1.1551,1.4052,2.4352,2.4458,2.4604,2.4791,2.5022,2.5292,2.5597,2.5923,2.6248,2.6543,2.6807,2.708,2.7406,2.8047,2.9823,3.0532,2.8619,2.7654,2.744,2.7963,2.7308,2.6745,2.6761,2.7515,2.9726,3.3976,3.4879,2.9993,2.5456,2.0756,1.396,0.5473,0.1243,0.3958,0.8691,1.2534,2.4581,2.4698,2.4846,2.5027,2.5241,2.5485,2.5752,2.6034,2.6317,2.659,2.686,2.7156,2.7552,2.8264,2.9593,2.9993,2.8689,2.8176,2.9109,2.9713,2.8054,2.7167,2.7009,2.7629,2.9742,3.4541,3.5655,2.9277,2.5232,2.0852,1.3446,0.312,-0.1832,0.2098,0.7834,1.2142,2.4765,2.4885,2.5031,2.5202,2.5399,2.5617,2.5853,2.6099,2.6349,2.66,2.6856,2.7138,2.7488,2.796,2.848,2.8599,2.8255,2.8135,2.8583,2.8697,2.777,2.7028,2.6802,2.7046,2.7693,2.7717,2.4814,2.4676,2.4425,2.1911,1.6375,0.8468,0.4045,0.5889,0.9805,1.3161,2.4912,2.5031,2.5171,2.5331,2.551,2.5706,2.5914,2.6131,2.6352,2.6576,2.6805,2.7048,2.7316,2.7601,2.7836,2.7907,2.7829,2.7781,2.7812,2.7644,2.71,2.6521,2.6341,2.6418,2.6164,2.4437,2.1292,2.2921,2.4827,2.3952,2.0457,1.5495,1.2029,1.1691,1.3202,1.5069,2.5028,2.5143,2.5275,2.5423,2.5586,2.5761,2.5946,2.6137,2.6332,2.6527,2.6725,2.6924,2.7122,2.7305,2.7439,2.7491,2.7469,2.7414,2.7318,2.709,2.6672,2.6209,2.6111,2.6148,2.5753,2.4736,2.3845,2.509,2.7231,2.642,2.3478,2.0006,1.734,1.622,1.6362,1.7107,2.5118,2.5228,2.5352,2.5488,2.5635,2.5792,2.5955,2.6123,2.6293,2.6462,2.6628,2.6788,2.6938,2.7064,2.7151,2.7187,2.7171,2.7109,2.6994,2.6799,2.6525,2.6268,2.6162,2.6049,2.5723,2.5272,2.5178,2.6161,2.7584,2.6886,2.4633,2.2189,2.0228,1.9079,1.8702,1.8839]},{"header":{"la1":42.85,"la2":41.18,"lo1":11.55,"lo2":14.05,"nx":36,"ny":24,"dx":0.07143,"dy":0.07261,"parameterCategory":2,"parameterNumber":3,"parameterNumberName":"northward_wind","parameterUnit":"m.s-1"},"data":[1.8485,1.8214,1.7841,1.7366,1.681,1.6219,1.5653,1.5178,1.4833,1.4606,1.4438,1.4241,1.3935,1.346,1.278,1.1885,1.0781,0.9497,0.8081,0.6628,0.5299,0.4317,0.3873,0.4002,0.4572,0.5383,0.6265,0.7114,0.7884,0.856,0.9144,0.9646,1.0077,1.0449,1.0772,1.1054,1.8942,1.8659,1.8225,1.763,1.6892,1.6075,1.5288,1.4664,1.4295,1.4174,1.4185,1.4168,1.3987,1.3557,1.2833,1.1802,1.0469,0.8857,0.7,0.4974,0.3003,0.1526,0.0988,0.145,0.2564,0.3913,0.5225,0.6387,0.7373,0.8195,0.8878,0.9448,0.9926,1.033,1.0676,1.0973,1.9532,1.9262,1.8774,1.8025,1.7013,1.5817,1.4618,1.3687,1.3266,1.3367,1.374,1.4062,1.4109,1.3776,1.3025,1.1843,1.0242,0.8245,0.5843,0.2985,-0.0151,-0.2656,-0.3317,-0.206,0.0106,0.2311,0.4204,0.5732,0.6944,0.7907,0.8678,0.9304,0.9818,1.0246,1.0607,1.0916,2.0298,2.0103,1.9601,1.8679,1.7276,1.5447,1.3448,1.1833,1.1267,1.1869,1.2996,1.3934,1.4353,1.4183,1.3424,1.2077,1.0163,0.775,0.4818,0.0938,-0.4351,-0.9276,-0.9994,-0.672,-0.2606,0.0812,0.337,0.5255,0.6662,0.7733,0.8566,0.9227,0.9761,1.0201,1.0569,1.0882,2.1285,2.1288,2.0887,1.9833,1.7924,1.5101,1.1568,0.83,0.7277,0.9141,1.1888,1.3877,1.482,1.4869,1.413,1.2605,1.0305,0.7422,0.4243,-0.0162,-0.8768,-1.9334,-1.9403,-1.1625,-0.4748,-0.0116,0.296,0.5073,0.6584,0.7702,0.8555,0.9223,0.9759,1.0197,1.0562,1.0871,2.2506,2.2928,2.2901,2.1894,1.9435,1.5291,0.9222,0.2086,-0.0443,0.4803,1.0764,1.4178,1.5662,1.5947,1.5284,1.361,1.0815,0.7183,0.4031,0.1109,-0.8824,-2.5138,-2.413,-1.2875,-0.485,0.005,0.3167,0.5261,0.6738,0.7823,0.8647,0.9292,0.9808,1.023,1.0582,1.088,2.3879,2.5058,2.5975,2.5477,2.2466,1.7019,0.864,-0.3679,-0.9225,0.1759,1.1099,1.5319,1.7019,1.7519,1.7086,1.5424,1.2166,0.746,0.3531,0.2828,-0.3187,-1.2433,-1.3678,-0.79,-0.2461,0.1365,0.3974,0.5791,0.71,0.8076,0.8827,0.9421,0.9899,1.0293,1.0623,1.0905,2.511,2.7341,3.018,3.1252,2.7185,2.0552,1.2904,0.3284,-0.0718,0.757,1.4468,1.7483,1.8823,1.961,1.9848,1.8583,1.5058,0.9877,0.5236,0.2795,-0.1398,-0.3783,-0.3948,-0.1985,0.0793,0.3246,0.5127,0.6529,0.759,0.8412,0.9064,0.9589,1.0018,1.0375,1.0677,1.0937,2.5684,2.857,3.3514,3.7482,3.0989,2.3641,1.8807,1.5603,1.5412,1.7897,1.9484,2.0026,2.0634,2.2027,2.423,2.4201,1.9595,1.3694,0.8306,0.2388,-0.552,-0.4603,-0.0652,0.1682,0.3522,0.5061,0.6301,0.7293,0.8101,0.8766,0.9316,0.9769,1.0146,1.0462,1.0732,1.0968,2.5288,2.7466,3.0663,3.2565,2.7963,2.4195,2.2344,2.2866,2.6048,2.7426,2.4281,2.2011,2.172,2.377,3.0875,3.4782,2.4439,1.67,1.1147,0.502,-0.1901,-0.1651,0.2099,0.4324,0.56,0.649,0.7227,0.7901,0.8522,0.9074,0.9545,0.9938,1.0264,1.0538,1.0775,1.0987,2.4311,2.527,2.5402,2.3272,2.3177,2.3512,2.3615,2.5764,3.3843,3.826,2.7563,2.2736,2.1583,2.2656,2.9502,3.5016,2.3964,1.7165,1.3091,0.9511,0.6149,0.51,0.5896,0.6667,0.7034,0.7271,0.7645,0.8182,0.8763,0.9289,0.9725,1.0075,1.0355,1.0588,1.0792,1.098,2.3342,2.374,2.3541,2.2667,2.2675,2.3089,2.361,2.4689,2.8904,3.2362,2.5806,2.217,2.0848,2.0459,2.0807,2.211,1.9207,1.4689,1.2535,1.1795,1.0469,0.9383,0.879,0.8192,0.7381,0.6887,0.7211,0.8005,0.8794,0.941,0.9853,1.0169,1.0402,1.0591,1.0762,1.093,2.2575,2.2825,2.2849,2.2709,2.2647,2.2758,2.3167,2.4829,2.3001,2.4197,2.2818,2.1764,2.082,1.917,1.8225,1.8987,1.7012,0.9868,0.9253,1.2374,1.2435,1.1609,1.0432,0.8612,0.6018,0.4534,0.5669,0.7449,0.8722,0.9496,0.9948,1.0212,1.0382,1.0519,1.0658,1.0816,2.1965,2.2151,2.2234,2.2233,2.2215,2.2265,2.2323,2.167,2.1741,2.1847,2.1347,2.2279,2.2435,1.9082,1.8947,1.8819,1.79,1.3675,1.2137,1.3639,1.3704,1.2959,1.1511,0.8733,0.4006,0.1304,0.4142,0.7158,0.8826,0.965,1.0028,1.0183,1.0252,1.0324,1.0441,1.0608,2.1464,2.1602,2.1679,2.1703,2.1702,2.1706,2.1673,2.149,2.1137,2.0471,1.9886,2.0079,1.9809,1.8993,1.8993,1.8894,1.8735,1.7243,1.5795,1.5204,1.462,1.3937,1.2635,1.0011,0.5841,0.343,0.5521,0.7986,0.9338,0.9919,1.0068,1.0013,0.9927,0.9926,1.0048,1.0269,2.1041,2.1142,2.12,2.1218,2.1204,2.1157,2.1043,2.0782,2.0251,1.9273,1.7788,1.8812,1.9071,1.9057,1.8958,1.8809,1.8682,1.8042,1.7173,1.5967,1.4454,1.4312,1.3698,1.1949,0.9688,0.8332,0.8691,0.9575,1.0119,1.0216,0.9968,0.9561,0.9243,0.9187,0.9396,0.9763,2.0679,2.0751,2.0789,2.0792,2.0756,2.0672,2.0511,2.022,1.9724,1.8925,1.7909,1.8481,1.8655,1.8572,1.8963,1.8974,1.8833,1.8713,1.8439,1.6991,1.4539,1.462,1.4516,1.3386,1.2067,1.1196,1.0929,1.0928,1.0824,1.0392,0.9571,0.8581,0.7917,0.7909,0.8403,0.9079,2.0366,2.0416,2.0437,2.0425,2.0376,2.0279,2.0117,1.9869,1.9519,1.9098,1.8782,1.8769,1.8622,1.8651,1.9426,1.9713,1.9505,1.9731,2.0103,1.919,1.7352,1.6227,1.5398,1.4261,1.3066,1.2174,1.1795,1.1667,1.1313,1.0411,0.878,0.6764,0.5584,0.5936,0.7098,0.8302,2.0093,2.0127,2.0135,2.0114,2.0061,1.9969,1.9831,1.9644,1.9419,1.9193,1.9036,1.8985,1.9031,1.9424,2.0789,2.1358,2.0267,2.0491,2.1184,2.2428,2.0176,1.7858,1.6232,1.4781,1.3261,1.1774,1.1426,1.1938,1.1716,1.0463,0.786,0.4279,0.2444,0.3686,0.5869,0.768,1.9853,1.9875,1.9875,1.9851,1.98,1.9721,1.9612,1.9478,1.9332,1.92,1.9116,1.9112,1.9247,1.9695,2.0678,2.1032,2.0547,2.156,2.5867,2.8046,2.227,1.8765,1.6771,1.5204,1.3572,1.1772,1.1389,1.2489,1.23,1.0897,0.7827,0.3293,0.1076,0.2872,0.553,0.7566,1.964,1.9653,1.9649,1.9625,1.9581,1.9515,1.9432,1.9336,1.9238,1.9157,1.9113,1.9134,1.9258,1.9538,1.9933,2.0155,2.0359,2.1409,2.3795,2.4419,2.1231,1.8499,1.6947,1.5687,1.4414,1.3691,1.4169,1.3943,1.3134,1.1837,0.9337,0.5774,0.3776,0.4648,0.6497,0.8107,1.9449,1.9457,1.9451,1.9428,1.939,1.9337,1.9273,1.9203,1.9135,1.9081,1.9056,1.9075,1.9157,1.9308,1.9494,1.9668,1.9918,2.044,2.1062,2.0788,1.918,1.757,1.6927,1.6158,1.5104,1.465,1.5095,1.4608,1.3779,1.2962,1.1328,0.908,0.7517,0.74,0.8149,0.9074,1.9277,1.9282,1.9274,1.9253,1.9221,1.9177,1.9127,1.9073,1.9022,1.8981,1.8961,1.8968,1.901,1.9085,1.9177,1.9278,1.9404,1.9551,1.9553,1.9079,1.8041,1.7086,1.6936,1.6426,1.5482,1.4859,1.466,1.4338,1.4163,1.3847,1.2719,1.1235,1.0067,0.9598,0.9715,1.0117,1.9121,1.9122,1.9113,1.9094,1.9066,1.903,1.8988,1.8943,1.8901,1.8866,1.8843,1.8836,1.8846,1.8871,1.8901,1.8928,1.894,1.8901,1.8721,1.8294,1.7653,1.7106,1.684,1.6362,1.5625,1.4996,1.4575,1.4271,1.421,1.402,1.3288,1.2331,1.1512,1.1037,1.0913,1.1027]}]