docs/data/wind_grid.json
{"header": {"la1":42.1,"la2":41.55,"lo1":12.1,"lo2":12.95,"nx":50,"ny":50,"dx":0.01735,"dy":0.01122,"parameterCategory":2,"parameterNumber":2,"parameterNumberName":"eastward_wind","parameterUnit":"m.s-1"}, "data":
[rows 0 to 45 of 50, columns 0 to 49 of 50]
1.9849,1.8154,1.6598,1.5474,1.5024,1.5317,1.6212,1.7436,1.8718,1.9871,2.0803,2.1491,2.1951,2.2212,2.2304,2.2256,2.2093,2.1838,2.1518,2.1169,2.0836,2.0569,2.0418,2.0418,2.0577,2.0879,2.1295,2.1793,2.2347,2.294,2.3559,2.4198,2.4852,2.5516,2.618,2.6833,2.7456,2.803,2.8533,2.8947,2.926,2.9471,2.9585,2.9615,2.9579,2.9495,2.9377,2.924,2.9095,2.8948
2.0416,1.8636,1.6989,1.5796,1.5314,1.5606,1.6508,1.7731,1.9,2.0128,2.1028,2.1682,2.2105,2.2329,2.2381,2.2289,2.2074,2.1757,2.1363,2.093,2.051,2.0167,1.9968,1.9957,2.0142,2.0496,2.0976,2.1541,2.2159,2.281,2.3483,2.4175,2.4881,2.5599,2.6321,2.7033,2.7715,2.8342,2.889,2.9333,2.9659,2.9865,2.996,2.9961,2.9889,2.9767,2.9613,2.9443,2.9268,2.9095
2.1238,1.9419,1.7723,1.6487,1.5973,1.6228,1.7077,1.8232,1.9427,2.0483,2.1319,2.1916,2.2291,2.247,2.2479,2.234,2.2071,2.1687,2.1211,2.0679,2.0154,1.9719,1.946,1.9439,1.966,2.0082,2.0643,2.1285,2.1972,2.2684,2.3413,2.4158,2.4919,2.5693,2.6476,2.7252,2.7999,2.8687,2.9284,2.9761,3.0099,3.0297,3.0366,3.033,3.0216,3.005,2.9855,2.9648,2.9441,2.9241
2.2322,2.051,1.8803,1.7546,1.6986,1.716,1.7893,1.8915,1.9979,2.0922,2.1665,2.2188,2.2504,2.2634,2.2598,2.2413,2.2088,2.1635,2.1068,2.0425,1.9775,1.9224,1.8892,1.8863,1.9137,1.9646,2.0302,2.1032,2.1793,2.2568,2.3353,2.415,2.4964,2.5796,2.6642,2.7488,2.8307,2.9064,2.9718,3.0231,3.0581,3.0766,3.0802,3.0721,3.0557,3.0341,3.01,2.9853,2.9611,2.9383
2.3651,2.1884,2.0192,1.8915,1.8288,1.8336,1.8898,1.9733,2.0625,2.1423,2.2052,2.249,2.2741,2.2819,2.274,2.251,2.2133,2.161,2.0948,2.018,1.9383,1.869,1.8269,1.8236,1.8582,1.9202,1.9969,2.0794,2.1631,2.2467,2.3304,2.4151,2.5017,2.5906,2.6818,2.7738,2.8637,2.9471,3.0189,3.0743,3.1104,3.127,3.1266,3.1131,3.0908,3.0636,3.0344,3.0054,2.9777,2.952
2.5182,2.348,2.1808,2.0499,1.9775,1.9658,2.0012,2.063,2.1324,2.1961,2.2466,2.2812,2.2996,2.3025,2.2906,2.2638,2.2213,2.1624,2.0867,1.9965,1.9,1.8139,1.7611,1.7579,1.8022,1.8774,1.9664,2.0585,2.1495,2.2387,2.3272,2.4163,2.5076,2.6021,2.6999,2.7997,2.8982,2.9903,3.0694,3.1293,3.1664,3.1806,3.1752,3.1553,3.1263,3.0929,3.0583,3.0248,2.9934,2.9648
2.6847,2.5213,2.3545,2.2179,2.133,2.1026,2.1156,2.1548,2.2039,2.251,2.289,2.3145,2.3265,2.3251,2.3099,2.28,2.2338,2.1691,2.0844,1.9809,1.8665,1.7613,1.6961,1.6939,1.75,1.84,1.9413,2.0423,2.1396,2.2334,2.3257,2.4186,2.5141,2.6136,2.7178,2.8256,2.9334,3.035,3.1223,3.1873,3.2253,3.2364,3.225,3.1978,3.1615,3.1213,3.0811,3.0429,3.0079,2.9765
2.8561,2.6981,2.5294,2.3845,2.2851,2.2354,2.2265,2.2439,2.2737,2.3051,2.3311,2.348,2.3544,2.3494,2.332,2.3004,2.2516,2.1824,2.0902,1.9747,1.8434,1.7187,1.6405,1.6398,1.7086,1.8128,1.9247,2.0325,2.1342,2.2313,2.3263,2.422,2.5208,2.6247,2.7349,2.8506,2.968,3.0799,3.1762,3.2468,3.2856,3.2929,3.2747,3.2393,3.195,3.1479,3.102,3.0593,3.0208,2.9868
3.023,2.8682,2.6954,2.5403,2.4261,2.358,2.329,2.3269,2.3393,2.3565,2.3717,2.3812,2.3829,2.3755,2.3572,2.3253,2.2756,2.2037,2.1059,1.9816,1.8371,1.6965,1.6069,1.6077,1.6868,1.801,1.9192,2.0304,2.134,2.2325,2.3289,2.4262,2.5273,2.6347,2.75,2.8731,3.0001,3.1228,3.2288,3.3055,3.345,3.3479,3.3222,3.2782,3.2257,3.1717,3.1203,3.0734,3.0318,2.9954
3.1758,3.0226,2.8444,2.6791,2.551,2.4668,2.4206,2.4018,2.3993,2.4043,2.4103,2.4134,2.4116,2.403,2.3855,2.3551,2.3064,2.2336,2.1326,2.0036,1.8533,1.7054,1.6097,1.6103,1.6926,1.8084,1.9262,2.0364,2.1392,2.2372,2.3335,2.4312,2.5334,2.6429,2.7622,2.8916,3.0276,3.161,3.277,3.36,3.4001,3.3985,3.3649,3.3123,3.252,3.1915,3.1351,3.0846,3.0403,3.0021
3.3059,3.1536,2.9706,2.7967,2.6574,2.5601,2.5,2.4677,2.4531,2.4479,2.4462,2.4443,2.4401,2.4318,2.4168,2.3903,2.3447,2.2725,2.1699,2.0399,1.8923,1.7493,1.6559,1.6535,1.7283,1.8351,1.9452,2.0499,2.1491,2.2449,2.3398,2.4367,2.5385,2.6488,2.7703,2.9044,3.048,3.1911,3.3168,3.406,3.4469,3.4408,3.3998,3.3394,3.2722,3.2062,3.1458,3.0924,3.0462,3.0066
3.4065,3.2557,3.0704,2.8912,2.7443,2.6377,2.5673,2.5246,2.5005,2.4872,2.4793,2.4736,2.468,2.4614,2.4509,2.4307,2.3907,2.3202,2.2157,2.0856,1.9462,1.8186,1.7357,1.7282,1.7865,1.876,1.973,2.0691,2.1628,2.255,2.3474,2.4423,2.5425,2.6516,2.7734,2.9098,3.0586,3.2095,3.3436,3.4385,3.4803,3.4706,3.4237,3.3571,3.2846,3.2148,3.1516,3.0964,3.0491,3.0087
3.4734,3.3261,3.1423,2.9623,2.8122,2.7002,2.6231,2.5731,2.5419,2.5224,2.5097,2.501,2.4949,2.4909,2.4869,2.4761,2.4446,2.3763,2.2669,2.1329,2.0003,1.8906,1.8225,1.8115,1.8519,1.9221,2.0047,2.0913,2.1789,2.2669,2.356,2.4478,2.545,2.6512,2.7708,2.9066,3.0574,3.213,3.3529,3.4525,3.4955,3.4838,3.4334,3.3633,3.2881,3.2164,3.1521,3.0964,3.0488,3.0085
3.506,3.3647,3.187,3.0112,2.8624,2.749,2.6685,2.6141,2.578,2.554,2.5376,2.5265,2.5203,2.5196,2.5236,2.5253,2.5061,2.4402,2.3202,2.1731,2.0385,1.9407,1.887,1.878,1.9078,1.9643,2.0357,2.1142,2.1961,2.2799,2.3652,2.4531,2.5459,2.6474,2.7622,2.8943,3.0431,3.1993,3.3417,3.4441,3.4888,3.4776,3.4269,3.3567,3.2817,3.2106,3.1471,3.0921,3.0454,3.0058
3.5067,3.3741,3.2069,3.0399,2.8968,2.7857,2.705,2.6486,2.6097,2.5825,2.5632,2.5501,2.5436,2.546,2.5585,2.5754,2.5728,2.5103,2.372,2.1989,2.0486,1.9517,1.9103,1.912,1.9439,1.9965,2.0624,2.1358,2.2134,2.2933,2.3747,2.458,2.5453,2.6403,2.748,2.873,3.0159,3.168,3.3089,3.4119,3.4588,3.4506,3.4036,3.337,3.2655,3.1974,3.1365,3.0838,3.0388,3.0007
3.481,3.3593,3.206,3.0518,2.9179,2.8123,2.734,2.6778,2.6378,2.6087,2.5872,2.5721,2.5647,2.5687,2.5884,2.6209,2.6381,2.5805,2.4174,2.2053,2.024,1.9165,1.8874,1.9106,1.9581,2.0172,2.0837,2.1553,2.2303,2.3069,2.3844,2.4627,2.5435,2.6304,2.7288,2.8438,2.977,3.1209,3.2563,3.3576,3.4069,3.4044,3.3645,3.3051,3.2401,3.1775,3.121,3.0717,3.0295,2.9936
3.4359,3.3265,3.1893,3.0506,2.9286,2.831,2.7572,2.7031,2.6634,2.6334,2.6102,2.5929,2.5835,2.5868,2.6098,2.6534,2.6885,2.6365,2.4471,2.1897,1.9654,1.8376,1.8246,1.8818,1.9559,2.0289,2.1007,2.1731,2.2466,2.3207,2.3944,2.4673,2.5408,2.6184,2.7057,2.8086,2.9292,3.0615,3.1882,3.2858,3.3376,3.3425,3.3125,3.2632,3.207,3.1517,3.1011,3.0564,3.0177,2.9845
3.3789,3.2823,3.1622,3.0402,2.9317,2.8437,2.7762,2.7256,2.6874,2.6575,2.6331,2.6135,2.6007,2.6002,2.6204,2.6649,2.7062,2.6559,2.4487,2.1557,1.8865,1.7309,1.74,1.8417,1.9478,2.0371,2.1157,2.19,2.2629,2.3348,2.4047,2.472,2.5375,2.605,2.6801,2.7693,2.8758,2.9945,3.1106,3.2033,3.2573,3.2705,3.2517,3.214,3.1683,3.1216,3.0778,3.0384,3.0039,2.9739
3.3167,3.2326,3.1294,3.0243,2.93,2.8526,2.7924,2.7465,2.7108,2.6818,2.6568,2.6349,2.618,2.6108,2.6215,2.654,2.6829,2.626,2.4186,2.1185,1.8208,1.635,1.6672,1.8136,1.9464,2.0479,2.1315,2.2073,2.2797,2.3494,2.4155,2.4769,2.5342,2.5908,2.6532,2.7284,2.8203,2.9251,3.03,3.1171,3.1729,3.1939,3.1866,3.161,3.1262,3.0887,3.0523,3.0187,2.9886,2.9621
3.2546,3.1824,3.0951,3.0061,2.9259,2.8595,2.8073,2.7668,2.7346,2.7073,2.6823,2.6585,2.6371,2.6218,2.6186,2.6296,2.6327,2.5636,2.373,2.1008,1.8128,1.6109,1.6538,1.8219,1.9624,2.0661,2.1504,2.226,2.2972,2.3647,2.4269,2.4823,2.5309,2.5765,2.6262,2.6878,2.7659,2.8577,2.952,3.0335,3.0902,3.1182,3.1213,3.1071,3.0829,3.0546,3.0256,2.9979,2.9725,2.9497
3.1963,3.135,3.0621,2.9881,2.9213,2.8658,2.8218,2.7874,2.7595,2.7347,2.7105,2.6857,2.6604,2.637,2.6191,2.6068,2.5823,2.5023,2.3369,2.115,1.8831,1.7084,1.7387,1.8799,1.9998,2.0935,2.1735,2.2468,2.3159,2.3806,2.4388,2.488,2.5279,2.5626,2.6001,2.6493,2.7153,2.7957,2.8807,2.9569,3.0139,3.0473,3.0592,3.0549,3.0405,3.0206,2.9988,2.9769,2.9561,2.9369
3.1439,3.0925,3.0325,2.9721,2.9177,2.8726,2.837,2.8092,2.7862,2.7648,2.7424,2.7175,2.6897,2.6599,2.6298,2.598,2.5518,2.4651,2.3235,2.1541,2.003,1.9044,1.906,1.9748,2.0529,2.1283,2.2004,2.2695,2.3356,2.3971,2.4509,2.4938,2.5252,2.5494,2.5758,2.6143,2.6704,2.7415,2.8187,2.8901,2.9465,2.9837,3.0025,3.0065,3.0004,2.9881,2.9728,2.9563,2.9399,2.9242
3.0985,3.056,3.0074,2.959,2.916,2.8808,2.8536,2.8326,2.8151,2.798,2.7786,2.7549,2.7263,2.693,2.6547,2.6092,2.5483,2.4572,2.3319,2.2005,2.1141,2.0896,2.0707,2.0717,2.11,2.1669,2.23,2.294,2.3562,2.4137,2.4628,2.4994,2.5226,2.5372,2.554,2.5841,2.6325,2.6964,2.7671,2.8342,2.8894,2.9289,2.9526,2.9631,2.9638,2.958,2.9484,2.9368,2.9244,2.912
3.0603,3.0257,2.9871,2.9494,2.9166,2.8908,2.8718,2.858,2.8468,2.8348,2.8192,2.798,2.7707,2.7367,2.6948,2.6417,2.5711,2.4755,2.3567,2.2415,2.1779,2.1768,2.1603,2.1417,2.1611,2.2058,2.2612,2.3197,2.3772,2.4302,2.4741,2.5044,2.52,2.5265,2.5358,2.5596,2.6025,2.6609,2.7262,2.7892,2.8427,2.8832,2.9102,2.9255,2.9315,2.931,2.9262,2.9188,2.91,2.9006
3.0289,3.0014,2.9715,2.9433,2.9199,2.9027,2.8919,2.8856,2.8812,2.8751,2.8642,2.8466,2.8219,2.7903,2.7494,2.6939,2.6175,2.516,2.3951,2.2784,2.2052,2.1905,2.1868,2.1839,2.2039,2.2436,2.2932,2.3462,2.3984,2.4461,2.4844,2.5086,2.5176,2.5178,2.5218,2.5416,2.5806,2.6347,2.6954,2.7545,2.8058,2.8463,2.8752,2.8938,2.9038,2.9075,2.9067,2.9028,2.8971,2.8902
3.0037,2.9825,2.9604,2.9406,2.9255,2.9166,2.9137,2.9153,2.9183,2.919,2.9135,2.8998,2.8786,2.8515,2.816,2.7635,2.6844,2.5762,2.4478,2.3218,2.2311,2.1971,2.2001,2.2155,2.2428,2.2811,2.326,2.3734,2.4197,2.4614,2.4937,2.5122,2.5159,2.5119,2.5131,2.5305,2.5669,2.6172,2.6737,2.729,2.7779,2.8175,2.8473,2.868,2.8809,2.8877,2.89,2.889,2.8858,2.8812
2.9839,2.9684,2.9531,2.9406,2.9332,2.932,2.937,2.9466,2.9578,2.9661,2.9665,2.9564,2.9382,2.9169,2.891,2.847,2.7688,2.6538,2.5163,2.3812,2.2782,2.2303,2.2304,2.2525,2.2835,2.32,2.3601,2.4012,2.441,2.4762,2.5024,2.5157,2.5158,2.5099,2.5102,2.5266,2.5607,2.6076,2.6601,2.7117,2.7579,2.7962,2.8261,2.8479,2.8627,2.8717,2.8763,2.8776,2.8764,2.8735
2.9687,2.9582,2.9488,2.9429,2.9424,2.9484,2.961,2.9789,2.9989,3.0157,3.0226,3.0152,2.9979,2.9819,2.9691,2.9392,2.8654,2.7443,2.5986,2.4576,2.349,2.292,2.2833,2.3013,2.3295,2.3617,2.3957,2.43,2.4627,2.491,2.5112,2.5202,2.5183,2.5123,2.5132,2.5291,2.5613,2.6049,2.6535,2.7015,2.7449,2.7816,2.811,2.8332,2.8491,2.8596,2.8658,2.8687,2.869,2.8674
2.9571,2.9511,2.947,2.9469,2.9525,2.965,2.9849,3.0111,3.0405,3.067,3.0811,3.0753,3.0549,3.0412,3.0434,3.032,2.9651,2.8391,2.6875,2.545,2.4356,2.3725,2.3533,2.3615,2.3819,2.4067,2.4332,2.4598,2.485,2.5065,2.5211,2.5267,2.524,2.5193,2.5215,2.5374,2.5676,2.6079,2.6528,2.6973,2.738,2.773,2.8015,2.8236,2.8399,2.8512,2.8584,2.8623,2.8636,2.863
2.9485,2.9464,2.9469,2.9517,2.9627,2.9811,3.0076,3.0417,3.0808,3.118,3.141,3.1362,3.1077,3.0903,3.106,3.1141,3.0544,2.9256,2.7727,2.6339,2.5279,2.4619,2.4331,2.4298,2.4395,2.4548,2.4724,2.4908,2.5084,2.5232,2.533,2.5359,2.5334,2.5305,2.5344,2.5503,2.5785,2.6157,2.6571,2.6985,2.7366,2.7697,2.7971,2.8187,2.8349,2.8465,2.8541,2.8585,2.8604,2.8602
2.9422,2.9435,2.9478,2.9569,2.9724,2.9958,3.028,3.0692,3.1173,3.1656,3.1992,3.1967,3.1557,3.126,3.1487,3.1711,3.1176,2.9912,2.8449,2.7163,2.6185,2.5534,2.5175,2.5029,2.5008,2.5053,2.5133,2.523,2.5331,2.5417,2.5471,2.5482,2.5462,2.5453,2.5509,2.5667,2.5932,2.6275,2.6658,2.7043,2.7401,2.7714,2.7976,2.8183,2.834,2.8453,2.8528,2.8572,2.8592,2.8591
2.9375,2.9417,2.9493,2.9619,2.981,3.0083,3.0449,3.0915,3.1469,3.205,3.2496,3.2519,3.1983,3.1489,3.1665,3.1923,3.1446,3.0293,2.8994,2.7885,2.704,2.6436,2.6033,2.5786,2.5646,2.5576,2.5554,2.5563,2.559,2.5619,2.5636,2.5632,2.562,2.5629,2.5698,2.5857,2.6107,2.6426,2.6783,2.7143,2.7481,2.7778,2.8025,2.8222,2.837,2.8475,2.8545,2.8584,2.86,2.8597
2.934,2.9406,2.9508,2.966,2.9879,3.0179,3.0574,3.1072,3.1668,3.2307,3.283,3.2904,3.2298,3.1621,3.1629,3.1801,3.1388,3.0433,2.9383,2.8514,2.7847,2.7321,2.6894,2.6553,2.6294,2.6108,2.5982,2.5905,2.5862,2.5839,2.5822,2.5807,2.58,2.5824,2.5905,2.6065,2.6304,2.6605,2.6941,2.7282,2.7603,2.7884,2.8118,2.8301,2.8437,2.8531,2.8589,2.8619,2.8627,2.8618
2.9312,2.9397,2.9519,2.9691,2.9927,3.0242,3.0648,3.1154,3.1753,3.2394,3.292,3.3007,3.2413,3.1673,3.1489,3.1509,3.1157,3.0437,2.9684,2.9094,2.8635,2.8204,2.7757,2.7324,2.6944,2.664,2.6412,2.625,2.6142,2.6071,2.6025,2.5999,2.5997,2.6032,2.6124,2.6286,2.6518,2.6808,2.713,2.7457,2.7764,2.8032,2.8252,2.842,2.8539,2.8617,2.866,2.8677,2.8673,2.8655
2.9288,2.9388,2.9525,2.9709,2.9954,3.0271,3.0672,3.1161,3.1726,3.2313,3.2773,3.2829,3.2312,3.1638,3.1332,3.1214,3.0913,3.0423,2.9974,2.9681,2.9441,2.91,2.8623,2.8087,2.7583,2.7162,2.6835,2.6594,2.6425,2.6311,2.6239,2.6203,2.6203,2.6247,2.6349,2.6515,2.6746,2.703,2.7345,2.7664,2.7963,2.822,2.8425,2.8575,2.8674,2.8732,2.8755,2.8754,2.8735,2.8704
2.9266,2.9377,2.9523,2.9713,2.9958,3.0269,3.065,3.1103,3.1609,3.2108,3.2468,3.2484,3.207,3.1522,3.1182,3.0989,3.0746,3.0468,3.0313,3.0316,3.0285,3.0011,2.9479,2.8826,2.8196,2.7661,2.7242,2.6929,2.6705,2.6553,2.6458,2.6413,2.6414,2.6466,2.6576,2.6749,2.6984,2.7269,2.7584,2.7902,2.8196,2.8444,2.8634,2.8764,2.884,2.8873,2.8873,2.885,2.8812,2.8765
2.9244,2.9362,2.9512,2.9703,2.9943,3.0238,3.0591,3.0996,3.143,3.1834,3.2098,3.2087,3.1774,3.1353,3.1039,3.0836,3.0672,3.0593,3.0715,3.0995,3.1147,3.0904,3.0289,2.9513,2.8761,2.8124,2.7623,2.7247,2.6976,2.6791,2.6677,2.6623,2.6624,2.6683,2.6802,2.6985,2.7228,2.7521,2.7843,2.8165,2.846,2.8701,2.8876,2.8983,2.9032,2.9036,2.9008,2.896,2.8901,2.8836
2.922,2.9342,2.9493,2.9681,2.991,3.0184,3.0503,3.0857,3.1218,3.1536,3.1726,3.1705,3.1476,3.1163,3.0905,3.0739,3.0671,3.0776,3.114,3.1655,3.1943,3.17,3.0996,3.0108,2.9255,2.8535,2.7968,2.7541,2.7232,2.7021,2.689,2.6828,2.6831,2.6896,2.7025,2.7219,2.7475,2.7781,2.8116,2.845,2.8748,2.8985,2.9144,2.9227,2.9245,2.9216,2.9157,2.9082,2.8998,2.8913
2.9194,2.9317,2.9466,2.9647,2.9862,3.0114,3.0397,3.07,3.0997,3.1244,3.1382,3.1364,3.1199,3.0974,3.0782,3.0679,3.0711,3.0968,3.1513,3.2185,3.2552,3.2298,3.1532,3.0572,2.9654,2.888,2.8268,2.7805,2.7468,2.7236,2.7093,2.7026,2.703,2.7102,2.7241,2.7449,2.7721,2.8045,2.8398,2.8747,2.9054,2.9287,2.943,2.9486,2.9471,2.9408,2.9315,2.921,2.9101,2.8995
2.9166,2.9288,2.9433,2.9604,2.9804,3.0031,3.028,3.0538,3.0781,3.0975,3.1079,3.1067,3.0954,3.0799,3.0673,3.0636,3.0755,3.1118,3.1759,3.2487,3.2873,3.262,3.185,3.0879,2.9944,2.9149,2.8516,2.8032,2.7679,2.7434,2.7283,2.7214,2.7219,2.7298,2.7448,2.767,2.796,2.8305,2.868,2.9048,2.9365,2.9596,2.9723,2.9751,2.9702,2.9602,2.9476,2.934,2.9206,2.9078
2.9136,2.9255,2.9394,2.9555,2.9738,2.9942,3.0159,3.0377,3.0577,3.0732,3.0814,3.0812,3.074,3.0642,3.0574,3.0597,3.0779,3.1193,3.1843,3.2536,3.2892,3.266,3.1943,3.1024,3.0121,2.9341,2.871,2.8223,2.7863,2.7613,2.7458,2.7388,2.7397,2.7482,2.7643,2.788,2.8188,2.8555,2.8952,2.934,2.9669,2.9898,3.0009,3.001,2.9927,2.9791,2.9631,2.9466,2.9307,2.916
2.9103,2.9218,2.935,2.95,2.9667,2.9849,3.0038,3.0224,3.0389,3.0516,3.0586,3.0594,3.0554,3.0501,3.0482,3.055,3.0767,3.1182,3.1778,3.2378,3.2677,3.2476,3.1852,3.1027,3.0196,2.9458,2.8851,2.8375,2.8019,2.777,2.7616,2.7548,2.7561,2.7653,2.7824,2.8075,2.84,2.8786,2.9205,2.961,2.995,3.0177,3.0273,3.0248,3.0134,2.9966,2.9776,2.9584,2.9402,2.9236
2.9068,2.9178,2.9303,2.9442,2.9594,2.9756,2.9921,3.0079,3.0219,3.0325,3.0388,3.0406,3.0392,3.0374,3.0392,3.049,3.0715,3.1099,3.1608,3.2092,3.2324,3.2156,3.1635,3.0925,3.0186,2.9513,2.8945,2.8491,2.8148,2.7906,2.7756,2.7692,2.771,2.7809,2.7989,2.8251,2.859,2.8992,2.9426,2.9845,3.0192,3.0417,3.05,3.0453,3.0313,3.0118,2.9903,2.9688,2.9487,2.9304
2.9031,2.9136,2.9253,2.9381,2.9519,2.9663,2.9808,2.9945,3.0064,3.0156,3.0215,3.0242,3.0248,3.0257,3.03,3.0413,3.063,3.0964,3.1377,3.175,3.1918,3.1776,3.135,3.0756,3.0117,2.9516,2.8998,2.8576,2.8252,2.8022,2.788,2.7821,2.7844,2.7948,2.8135,2.8405,2.8753,2.9165,2.9609,3.0034,3.0383,3.0604,3.0676,3.0614,3.0454,3.024,3.0006,2.9774,2.9558,2.9363
2.8993,2.9093,2.9202,2.932,2.9445,2.9574,2.9701,2.982,2.9924,3.0006,3.0063,3.0096,3.0118,3.0145,3.0204,3.0321,3.0518,3.0798,3.1122,3.1399,3.1512,3.139,3.1043,3.0552,3.0008,2.9483,2.9018,2.8633,2.8333,2.8118,2.7986,2.7935,2.7963,2.8072,2.8263,2.8536,2.8888,2.9302,2.9746,3.017,3.0514,3.0729,3.0793,3.0722,3.0552,3.0327,3.0081,2.9839,2.9613,2.9409
2.8954,2.9049,2.915,2.9259,2.9372,2.9487,2.96,2.9706,2.9798,2.9872,2.9927,2.9966,2.9998,3.0038,3.0105,3.0218,3.039,3.0618,3.0865,3.1064,3.1135,3.1025,3.0741,3.0336,2.9878,2.9424,2.9014,2.8668,2.8394,2.8197,2.8077,2.8033,2.8066,2.8178,2.837,2.8643,2.8992,2.94,2.9835,3.0249,3.0583,3.079,3.0849,3.0775,3.0603,3.0375,3.0127,2.9881,2.965,2.9441
