docs/data/wind_grid.json
[{"header":{"la1":42.85,"la2":41.18,"lo1":11.55,"lo2":14.05,"nx":36,"ny":24,"dx":0.07143,"dy":0.07261,"parameterCategory":2,"parameterNumber":2,"parameterNumberName":"eastward_wind","parameterUnit":"m.s-1"},"data":[-0.5879,-0.5935,-0.5979,-0.6012,-0.6033,-0.604,-0.6029,-0.5995,-0.5933,-0.5852,-0.5766,-0.5699,-0.5668,-0.5684,-0.5744,-0.5833,-0.5921,-0.5969,-0.594,-0.5816,-0.5616,-0.5395,-0.5206,-0.5074,-0.4988,-0.4926,-0.487,-0.4811,-0.4749,-0.4685,-0.4621,-0.456,-0.4503,-0.4451,-0.4404,-0.4362,-0.6036,-0.6109,-0.6167,-0.6213,-0.6247,-0.627,-0.6274,-0.6244,-0.6164,-0.604,-0.59,-0.5786,-0.5732,-0.5755,-0.5854,-0.601,-0.6178,-0.6288,-0.6263,-0.6055,-0.5703,-0.533,-0.5063,-0.4933,-0.4889,-0.4869,-0.484,-0.4793,-0.4734,-0.4669,-0.4602,-0.4538,-0.4479,-0.4425,-0.4377,-0.4335,-0.6222,-0.6317,-0.6393,-0.6453,-0.6505,-0.6559,-0.6604,-0.6603,-0.6507,-0.631,-0.6072,-0.5873,-0.5773,-0.58,-0.5956,-0.6219,-0.6532,-0.6777,-0.6783,-0.6416,-0.5731,-0.5036,-0.4661,-0.4619,-0.471,-0.4783,-0.4801,-0.4772,-0.4715,-0.4647,-0.4576,-0.4508,-0.4447,-0.4392,-0.4345,-0.4303,-0.6442,-0.657,-0.6669,-0.6742,-0.6812,-0.6914,-0.7055,-0.7154,-0.7064,-0.6733,-0.6301,-0.5947,-0.5769,-0.5793,-0.6023,-0.6448,-0.7018,-0.7562,-0.7719,-0.7073,-0.5625,-0.4173,-0.371,-0.4046,-0.4461,-0.4695,-0.477,-0.4754,-0.4694,-0.4618,-0.4541,-0.447,-0.4407,-0.4352,-0.4305,-0.4266,-0.6706,-0.6887,-0.7021,-0.7098,-0.7162,-0.7319,-0.7657,-0.8053,-0.8056,-0.7429,-0.6597,-0.5978,-0.5681,-0.5693,-0.6006,-0.6642,-0.7628,-0.8831,-0.9568,-0.8587,-0.548,-0.2185,-0.1934,-0.3327,-0.4273,-0.4668,-0.4771,-0.4744,-0.4668,-0.458,-0.4495,-0.4421,-0.4357,-0.4304,-0.4259,-0.4223,-0.702,-0.7297,-0.7503,-0.7574,-0.756,-0.7701,-0.8333,-0.9472,-0.9856,-0.8484,-0.6871,-0.5885,-0.546,-0.5454,-0.5831,-0.667,-0.8179,-1.0593,-1.3144,-1.2194,-0.6641,-0.0797,-0.0939,-0.3278,-0.4421,-0.4781,-0.4818,-0.4739,-0.463,-0.4524,-0.4432,-0.4356,-0.4295,-0.4246,-0.4206,-0.4174,-0.7372,-0.7821,-0.8206,-0.8306,-0.8062,-0.7933,-0.8642,-1.0721,-1.185,-0.9211,-0.6756,-0.5535,-0.5054,-0.5037,-0.5427,-0.6343,-0.8156,-1.1624,-1.6783,-1.6218,-0.973,-0.5073,-0.3934,-0.4632,-0.5006,-0.5015,-0.4879,-0.4714,-0.4564,-0.4442,-0.4347,-0.4275,-0.422,-0.4178,-0.4145,-0.412,-0.7696,-0.8398,-0.9188,-0.952,-0.881,-0.7996,-0.8059,-0.9321,-0.9938,-0.7803,-0.5851,-0.4863,-0.446,-0.4445,-0.4777,-0.5584,-0.7207,-1.0063,-1.353,-1.3393,-1.13,-0.9612,-0.7465,-0.6272,-0.5645,-0.5208,-0.4874,-0.4623,-0.4444,-0.4318,-0.4232,-0.4173,-0.4131,-0.4101,-0.4079,-0.4062,-0.787,-0.8755,-1.0,-1.0876,-0.9516,-0.7945,-0.7123,-0.6807,-0.6289,-0.53,-0.4501,-0.4,-0.3736,-0.3728,-0.3949,-0.4515,-0.5871,-0.7876,-0.9815,-1.1177,-1.3476,-1.2629,-0.9219,-0.7081,-0.5888,-0.5164,-0.4706,-0.4419,-0.4246,-0.4145,-0.4086,-0.4051,-0.403,-0.4016,-0.4008,-0.4001,-0.7805,-0.8611,-0.9572,-1.0086,-0.916,-0.7737,-0.646,-0.5281,-0.3838,-0.3057,-0.3228,-0.3146,-0.2924,-0.2933,-0.3162,-0.3335,-0.4885,-0.6837,-0.8435,-0.9984,-1.2035,-1.1464,-0.8822,-0.6823,-0.5552,-0.476,-0.43,-0.4063,-0.3957,-0.3919,-0.3911,-0.3915,-0.3922,-0.3929,-0.3935,-0.3941,-0.7555,-0.822,-0.8962,-0.9719,-0.9403,-0.7643,-0.6244,-0.4889,-0.2005,-0.0631,-0.2358,-0.2424,-0.195,-0.1768,-0.2569,-0.3159,-0.499,-0.7365,-0.8688,-0.8989,-0.9128,-0.8592,-0.7224,-0.5794,-0.4666,-0.394,-0.3607,-0.3537,-0.3582,-0.3655,-0.3723,-0.3776,-0.3816,-0.3844,-0.3866,-0.3882,-0.7191,-0.7754,-0.85,-0.942,-0.905,-0.7333,-0.6545,-0.6328,-0.3996,-0.2049,-0.2405,-0.1865,-0.0845,0.0503,-0.0729,-0.3294,-0.6341,-1.0862,-1.2076,-0.9683,-0.7928,-0.6781,-0.5653,-0.4443,-0.3309,-0.263,-0.2585,-0.2861,-0.3159,-0.3387,-0.3545,-0.365,-0.3721,-0.3769,-0.3803,-0.3829,-0.6741,-0.7136,-0.7575,-0.7863,-0.7492,-0.6785,-0.6898,-0.7906,-0.6653,-0.4044,-0.2535,-0.1342,-0.0457,0.1359,0.0103,-0.3624,-0.7552,-1.8849,-1.9319,-1.0794,-0.7161,-0.5454,-0.4299,-0.3058,-0.1561,-0.0742,-0.1286,-0.2156,-0.2783,-0.3173,-0.3411,-0.3557,-0.3648,-0.3706,-0.3748,-0.3781,-0.6258,-0.6479,-0.6652,-0.6667,-0.6448,-0.6242,-0.649,-0.7111,-0.6298,-0.4069,-0.2426,-0.0837,-0.0296,-0.0163,-0.2155,-0.4769,-0.6579,-1.2612,-1.3924,-0.8629,-0.5373,-0.3836,-0.3033,-0.2019,-0.0187,0.0924,-0.0333,-0.1745,-0.2599,-0.3082,-0.3356,-0.3512,-0.3601,-0.3658,-0.37,-0.3737,-0.5801,-0.5898,-0.5936,-0.5878,-0.5735,-0.5614,-0.5608,-0.5508,-0.4738,-0.3495,-0.2577,-0.1849,-0.0877,0.0728,-0.2857,-0.5289,-0.9594,-0.7658,-0.6895,-0.457,-0.2148,-0.1443,-0.1714,-0.157,-0.0576,0.0144,-0.0772,-0.1946,-0.2712,-0.3154,-0.3394,-0.3514,-0.3573,-0.3613,-0.3651,-0.3692,-0.5396,-0.5417,-0.5389,-0.53,-0.516,-0.4995,-0.4795,-0.4443,-0.382,-0.3131,-0.2904,-0.285,-0.2182,-0.1476,-0.2848,-0.5446,-0.7994,-0.5445,-0.3339,-0.0988,0.2293,0.1662,-0.0409,-0.1321,-0.1455,-0.1476,-0.1939,-0.258,-0.3076,-0.3374,-0.3508,-0.3538,-0.3531,-0.3542,-0.3581,-0.3638,-0.5049,-0.5023,-0.4957,-0.4845,-0.4687,-0.4484,-0.4218,-0.3851,-0.3389,-0.2977,-0.2859,-0.2641,-0.2192,-0.2012,-0.2184,-0.2904,-0.3143,-0.1509,0.035,0.1104,0.3131,0.2348,0.0132,-0.1203,-0.1974,-0.2499,-0.2944,-0.3319,-0.3585,-0.3698,-0.3654,-0.3515,-0.34,-0.3391,-0.3466,-0.3566,-0.4753,-0.4697,-0.4608,-0.4479,-0.431,-0.4095,-0.3827,-0.3503,-0.3148,-0.283,-0.2589,-0.2303,-0.1987,-0.1706,-0.0457,0.0171,0.0106,0.2556,0.5296,0.3043,0.2085,0.1301,0.0005,-0.132,-0.2476,-0.3332,-0.3796,-0.4063,-0.4192,-0.4101,-0.3773,-0.3325,-0.305,-0.3093,-0.329,-0.3481,-0.4502,-0.4427,-0.4323,-0.4186,-0.4013,-0.3802,-0.3552,-0.3268,-0.2966,-0.2668,-0.237,-0.2012,-0.15,-0.0316,0.3262,0.4784,0.2152,0.3433,0.5268,0.5242,0.3313,0.1547,0.0078,-0.1469,-0.3037,-0.4018,-0.4264,-0.4784,-0.4962,-0.4631,-0.3872,-0.2901,-0.2427,-0.2684,-0.3111,-0.3424,-0.4289,-0.4202,-0.409,-0.3949,-0.3779,-0.3578,-0.3346,-0.3089,-0.2811,-0.2515,-0.2182,-0.175,-0.1061,0.0333,0.3012,0.3963,0.2552,0.3621,0.7523,0.9289,0.4823,0.2277,0.0597,-0.1325,-0.3449,-0.4458,-0.4601,-0.6117,-0.6156,-0.5438,-0.4226,-0.2747,-0.2108,-0.2541,-0.3103,-0.3464,-0.4108,-0.4014,-0.3898,-0.3758,-0.3593,-0.3402,-0.3186,-0.2947,-0.2683,-0.239,-0.2045,-0.1598,-0.0952,0.0018,0.1187,0.1799,0.2031,0.3221,0.562,0.6409,0.4454,0.3249,0.2119,-0.0375,-0.3698,-0.6955,-1.0343,-0.9681,-0.7872,-0.6636,-0.5206,-0.3665,-0.2899,-0.3042,-0.3392,-0.364,-0.3955,-0.3857,-0.374,-0.3603,-0.3444,-0.3264,-0.3061,-0.2835,-0.2585,-0.2302,-0.1969,-0.1557,-0.1031,-0.0382,0.0293,0.0847,0.14,0.2267,0.3328,0.3883,0.4258,0.5864,0.6076,0.1984,-0.3242,-0.8626,-1.3469,-1.1506,-0.9232,-0.8166,-0.6629,-0.5096,-0.4163,-0.3866,-0.3859,-0.3905,-0.3825,-0.3726,-0.3611,-0.3477,-0.3325,-0.3154,-0.2963,-0.2752,-0.2516,-0.225,-0.1943,-0.1583,-0.1159,-0.0681,-0.0185,0.0302,0.0827,0.1459,0.2166,0.2975,0.4636,0.8266,0.9428,0.3979,-0.2052,-0.6841,-0.9729,-0.999,-1.0599,-0.9867,-0.7887,-0.62,-0.5124,-0.4559,-0.4297,-0.4171,-0.3715,-0.3617,-0.3504,-0.3375,-0.3231,-0.3069,-0.289,-0.2692,-0.2473,-0.2228,-0.1952,-0.164,-0.1291,-0.0911,-0.0512,-0.0098,0.0348,0.0852,0.1451,0.2296,0.3802,0.6002,0.6297,0.285,-0.1528,-0.5102,-0.7517,-0.9241,-1.0746,-1.0076,-0.8213,-0.6653,-0.5609,-0.497,-0.4595,-0.4372]},{"header":{"la1":42.85,"la2":41.18,"lo1":11.55,"lo2":14.05,"nx":36,"ny":24,"dx":0.07143,"dy":0.07261,"parameterCategory":2,"parameterNumber":3,"parameterNumberName":"northward_wind","parameterUnit":"m.s-1"},"data":[-0.3932,-0.3831,-0.3712,-0.3576,-0.3427,-0.3278,-0.3145,-0.305,-0.3006,-0.3009,-0.3038,-0.3063,-0.3057,-0.3002,-0.2892,-0.273,-0.2529,-0.2307,-0.2083,-0.1879,-0.1717,-0.1617,-0.1597,-0.1655,-0.1774,-0.193,-0.2102,-0.2276,-0.2445,-0.2605,-0.2756,-0.2897,-0.3029,-0.3152,-0.3266,-0.3371,-0.3948,-0.3833,-0.369,-0.3518,-0.3317,-0.3103,-0.2905,-0.2768,-0.2725,-0.2776,-0.2878,-0.2975,-0.3019,-0.2984,-0.2864,-0.2665,-0.2405,-0.2112,-0.1815,-0.1542,-0.1318,-0.1181,-0.1165,-0.1272,-0.1463,-0.1691,-0.1924,-0.2146,-0.2351,-0.254,-0.2713,-0.2872,-0.3019,-0.3153,-0.3277,-0.3391,-0.3976,-0.3847,-0.368,-0.3463,-0.3187,-0.2863,-0.2539,-0.2305,-0.2253,-0.2396,-0.2642,-0.287,-0.2999,-0.2999,-0.2867,-0.2616,-0.2272,-0.1878,-0.1485,-0.1122,-0.0805,-0.0593,-0.0586,-0.079,-0.1105,-0.1439,-0.1749,-0.2026,-0.2271,-0.2489,-0.2684,-0.286,-0.3021,-0.3168,-0.3302,-0.3424,-0.4017,-0.3882,-0.3695,-0.3431,-0.3056,-0.2553,-0.1975,-0.1507,-0.1409,-0.1749,-0.2288,-0.2753,-0.3019,-0.307,-0.2923,-0.26,-0.2133,-0.1588,-0.1067,-0.0617,-0.017,0.0211,0.0205,-0.0204,-0.0726,-0.1202,-0.16,-0.1932,-0.2213,-0.2457,-0.2673,-0.2865,-0.304,-0.3198,-0.3341,-0.3471,-0.4074,-0.394,-0.375,-0.3458,-0.298,-0.2216,-0.1144,-0.0079,0.0195,-0.0628,-0.1798,-0.2666,-0.3119,-0.3231,-0.3066,-0.2651,-0.2,-0.1198,-0.0481,-0.0036,0.0482,0.1229,0.1178,0.0374,-0.042,-0.1034,-0.1504,-0.1879,-0.2188,-0.2452,-0.2684,-0.2891,-0.3077,-0.3246,-0.3399,-0.3535,-0.414,-0.4018,-0.3852,-0.3579,-0.3055,-0.2022,-0.0157,0.2337,0.3223,0.1108,-0.1311,-0.2725,-0.3363,-0.3525,-0.3345,-0.2835,-0.195,-0.0694,0.0497,0.072,0.081,0.1745,0.1635,0.0574,-0.033,-0.099,-0.1487,-0.1878,-0.22,-0.2476,-0.272,-0.2939,-0.3137,-0.3316,-0.3477,-0.3621,-0.4205,-0.4096,-0.3972,-0.3789,-0.3366,-0.2295,0.0151,0.4541,0.6637,0.2321,-0.141,-0.3126,-0.3809,-0.3985,-0.3816,-0.3264,-0.2198,-0.0471,0.1526,0.1501,0.0805,0.1006,0.0899,0.023,-0.0487,-0.1078,-0.1548,-0.193,-0.2251,-0.2531,-0.2783,-0.3012,-0.3221,-0.3411,-0.3581,-0.373,-0.4258,-0.4144,-0.4042,-0.3971,-0.3795,-0.3131,-0.1364,0.1886,0.3343,0.0079,-0.2692,-0.3941,-0.4443,-0.4614,-0.4542,-0.4061,-0.2967,-0.1284,0.0426,0.0844,0.1104,0.1062,0.0482,-0.0144,-0.0738,-0.1247,-0.1669,-0.2024,-0.2333,-0.2613,-0.2872,-0.3113,-0.3334,-0.3535,-0.3714,-0.387,-0.4304,-0.4156,-0.4028,-0.3992,-0.4031,-0.406,-0.3682,-0.292,-0.2822,-0.3746,-0.4535,-0.4931,-0.5146,-0.5356,-0.5627,-0.5409,-0.4152,-0.2523,-0.1023,0.0453,0.2556,0.2167,0.056,-0.0387,-0.0993,-0.1449,-0.182,-0.2142,-0.2437,-0.2717,-0.2986,-0.3242,-0.348,-0.3696,-0.3885,-0.4046,-0.4362,-0.4159,-0.3951,-0.386,-0.3977,-0.4793,-0.5612,-0.605,-0.6383,-0.6472,-0.6062,-0.5782,-0.5765,-0.6035,-0.7116,-0.7725,-0.5322,-0.3383,-0.1941,-0.0329,0.154,0.1387,0.0107,-0.0746,-0.1278,-0.1662,-0.1975,-0.2264,-0.2548,-0.2837,-0.3126,-0.3406,-0.3668,-0.3902,-0.4103,-0.4268,-0.4465,-0.4186,-0.3641,-0.2568,-0.2969,-0.5415,-0.7472,-0.8348,-0.8066,-0.793,-0.699,-0.6353,-0.6281,-0.6488,-0.7158,-0.781,-0.5196,-0.3583,-0.2603,-0.1582,-0.0635,-0.0404,-0.0771,-0.1212,-0.157,-0.1854,-0.2104,-0.2364,-0.2653,-0.2967,-0.3293,-0.3613,-0.3911,-0.4171,-0.4385,-0.455,-0.4652,-0.4396,-0.3823,-0.2826,-0.3456,-0.6702,-0.9935,-1.1711,-0.9887,-0.8264,-0.7292,-0.6667,-0.6795,-0.7662,-0.6762,-0.5106,-0.3829,-0.344,-0.3164,-0.2355,-0.1659,-0.1339,-0.1361,-0.1559,-0.1786,-0.1976,-0.2167,-0.2419,-0.274,-0.3109,-0.35,-0.3884,-0.4234,-0.4527,-0.4754,-0.4912,-0.492,-0.4828,-0.4673,-0.4684,-0.5744,-0.8324,-1.1774,-1.486,-1.2812,-0.9121,-0.7354,-0.6985,-0.6936,-0.8179,-0.6758,-0.2937,-0.2053,-0.4088,-0.4205,-0.258,-0.1818,-0.1504,-0.1502,-0.1682,-0.1886,-0.2,-0.2139,-0.2419,-0.2812,-0.3276,-0.3772,-0.4254,-0.4678,-0.5013,-0.5245,-0.538,-0.5198,-0.5278,-0.5449,-0.5901,-0.6951,-0.8759,-1.1124,-1.3204,-1.2004,-0.871,-0.7095,-0.7524,-0.7597,-0.5045,-0.2958,0.1438,0.1217,-0.1677,-0.2762,-0.1917,-0.1247,-0.1013,-0.1225,-0.1603,-0.1909,-0.198,-0.2074,-0.2399,-0.2894,-0.3498,-0.4152,-0.4783,-0.5315,-0.5695,-0.5912,-0.5989,-0.5417,-0.5593,-0.5883,-0.6379,-0.7175,-0.8263,-0.9416,-1.0001,-0.9123,-0.746,-0.6469,-0.6155,-0.5112,-0.3055,-0.1382,0.2876,0.8086,0.1866,-0.0787,-0.0716,0.0435,0.0493,-0.0479,-0.1313,-0.179,-0.1945,-0.2046,-0.2393,-0.3004,-0.381,-0.4711,-0.5577,-0.6264,-0.6681,-0.6829,-0.6781,-0.555,-0.5751,-0.6038,-0.6441,-0.6966,-0.7547,-0.7998,-0.802,-0.7427,-0.6552,-0.6005,-0.5909,-0.5494,-0.4234,-0.217,0.1879,0.5617,0.1279,-0.0956,0.0323,0.4505,0.354,0.0515,-0.0914,-0.1441,-0.1626,-0.1794,-0.2245,-0.3084,-0.4234,-0.5552,-0.6813,-0.7731,-0.8137,-0.8093,-0.7792,-0.5605,-0.5792,-0.6031,-0.6322,-0.6645,-0.6938,-0.7094,-0.7002,-0.665,-0.6217,-0.5973,-0.5975,-0.6812,-0.7009,-0.4046,-0.1889,-0.1061,-0.2622,-0.3788,-0.0983,0.4993,0.3796,0.0481,-0.0773,-0.0915,-0.0699,-0.0801,-0.1611,-0.3002,-0.4774,-0.681,-0.878,-1.0055,-1.0289,-0.9782,-0.9014,-0.5604,-0.5762,-0.5944,-0.6144,-0.6338,-0.6485,-0.6533,-0.6449,-0.6256,-0.6051,-0.5948,-0.6099,-0.7134,-0.7267,-0.5504,-0.4731,-0.436,-0.6714,-0.9806,-0.5027,-0.1096,-0.0188,-0.084,-0.0941,-0.0001,0.1565,0.1792,-0.0138,-0.2702,-0.5423,-0.8573,-1.1813,-1.363,-1.3268,-1.1813,-1.0315,-0.5569,-0.5694,-0.5829,-0.5963,-0.608,-0.6155,-0.6166,-0.6105,-0.5995,-0.5883,-0.5831,-0.5907,-0.6126,-0.6188,-0.689,-0.7364,-0.5831,-0.6961,-0.8393,-0.5969,-0.4005,-0.2752,-0.218,-0.1271,0.1169,0.5795,0.6792,0.1702,-0.2573,-0.6134,-1.0466,-1.553,-1.8011,-1.6424,-1.3644,-1.1364,-0.5514,-0.5611,-0.5709,-0.5799,-0.587,-0.5909,-0.5907,-0.5863,-0.5792,-0.572,-0.5675,-0.5683,-0.5751,-0.5964,-0.672,-0.6966,-0.5969,-0.5926,-0.6016,-0.5942,-0.4982,-0.4071,-0.3361,-0.2138,0.0623,0.622,0.7504,0.0445,-0.3563,-0.6778,-1.1196,-1.7024,-1.9807,-1.757,-1.4264,-1.1735,-0.545,-0.5524,-0.5595,-0.5656,-0.57,-0.572,-0.5712,-0.5678,-0.5627,-0.5572,-0.5531,-0.5516,-0.5546,-0.5667,-0.588,-0.5882,-0.5615,-0.5537,-0.5642,-0.5613,-0.5299,-0.5181,-0.4873,-0.3796,-0.2276,-0.1777,-0.4863,-0.5191,-0.563,-0.7346,-1.0253,-1.4316,-1.6614,-1.5536,-1.3276,-1.1293,-0.5385,-0.5441,-0.5492,-0.5533,-0.556,-0.5569,-0.5559,-0.5531,-0.549,-0.5446,-0.5407,-0.5383,-0.5383,-0.5415,-0.5453,-0.5427,-0.5349,-0.5326,-0.5382,-0.5489,-0.5893,-0.6934,-0.7196,-0.5734,-0.4673,-0.5798,-0.873,-0.7709,-0.7522,-0.8126,-0.9193,-1.1107,-1.2562,-1.2528,-1.1539,-1.036,-0.5321,-0.5363,-0.54,-0.5428,-0.5445,-0.5447,-0.5436,-0.5411,-0.5377,-0.534,-0.5303,-0.5274,-0.5256,-0.5249,-0.5242,-0.5221,-0.5201,-0.5221,-0.5327,-0.5628,-0.6478,-0.8206,-0.8731,-0.6886,-0.5752,-0.6172,-0.7237,-0.8035,-0.9479,-0.9203,-0.8854,-0.9399,-1.0104,-1.0304,-0.9966,-0.936,-0.5261,-0.5293,-0.532,-0.5338,-0.5348,-0.5347,-0.5334,-0.5313,-0.5284,-0.5251,-0.5218,-0.5187,-0.5163,-0.5143,-0.5128,-0.5116,-0.5123,-0.5174,-0.5318,-0.5656,-0.6362,-0.7373,-0.7616,-0.6714,-0.6065,-0.6236,-0.6997,-0.8325,-0.9719,-0.936,-0.8672,-0.8605,-0.8829,-0.8949,-0.8826,-0.8516]}]