docs/data/wind_grid.json
[{"header":{"la1":42.85,"la2":41.18,"lo1":11.55,"lo2":14.05,"nx":36,"ny":24,"dx":0.07143,"dy":0.07261,"parameterCategory":2,"parameterNumber":2,"parameterNumberName":"eastward_wind","parameterUnit":"m.s-1"},"data":[-0.2168,-0.2491,-0.2856,-0.3249,-0.364,-0.3981,-0.4205,-0.4242,-0.4041,-0.3599,-0.2959,-0.2197,-0.139,-0.0596,0.0146,0.0811,0.1381,0.1834,0.2155,0.2332,0.2372,0.23,0.2147,0.1945,0.172,0.1489,0.1266,0.1057,0.0866,0.0695,0.0544,0.0411,0.0296,0.0196,0.0109,0.0035,-0.2239,-0.2639,-0.3117,-0.3665,-0.4253,-0.4817,-0.525,-0.5422,-0.5224,-0.4639,-0.3756,-0.2716,-0.1646,-0.0626,0.0305,0.1131,0.1838,0.24,0.2784,0.2965,0.2953,0.2792,0.2536,0.2235,0.1924,0.1624,0.1345,0.1093,0.087,0.0677,0.051,0.0367,0.0246,0.0143,0.0055,-0.0019,-0.2244,-0.2722,-0.3328,-0.4073,-0.4942,-0.5863,-0.6677,-0.7128,-0.6969,-0.6142,-0.4846,-0.3372,-0.1933,-0.0626,0.0533,0.1554,0.2441,0.3163,0.3645,0.3824,0.3711,0.3395,0.298,0.2542,0.212,0.1735,0.1393,0.1096,0.0842,0.0627,0.0447,0.0298,0.0174,0.0071,-0.0014,-0.0085,-0.2147,-0.2689,-0.3424,-0.4399,-0.5645,-0.7125,-0.8636,-0.9693,-0.9672,-0.838,-0.6324,-0.4155,-0.2212,-0.0561,0.0848,0.2088,0.3214,0.4192,0.4858,0.5024,0.4707,0.4119,0.3462,0.2839,0.2283,0.1802,0.1394,0.1051,0.0768,0.0537,0.0349,0.0198,0.0077,-0.0021,-0.0101,-0.0166,-0.1905,-0.2472,-0.3304,-0.4506,-0.6199,-0.8478,-1.123,-1.3652,-1.4059,-1.1737,-0.8204,-0.4959,-0.2388,-0.0375,0.1266,0.2716,0.4132,0.5544,0.66,0.6729,0.598,0.4924,0.3926,0.3078,0.2375,0.1796,0.1322,0.094,0.0635,0.0396,0.0209,0.0065,-0.0048,-0.0136,-0.0205,-0.026,-0.1478,-0.1994,-0.2838,-0.4186,-0.6282,-0.9465,-1.4074,-1.9342,-2.0979,-1.626,-1.0087,-0.5484,-0.2304,0.0007,0.1811,0.338,0.5038,0.7072,0.8927,0.8954,0.7366,0.5635,0.4254,0.3188,0.2349,0.168,0.1152,0.074,0.0427,0.0193,0.002,-0.0107,-0.0202,-0.0272,-0.0326,-0.0367,-0.0834,-0.1181,-0.1882,-0.3194,-0.5461,-0.9188,-1.5246,-2.3861,-2.7531,-1.9297,-1.0656,-0.5286,-0.1817,0.0667,0.2552,0.407,0.5642,0.7953,1.0621,1.051,0.8095,0.5897,0.4295,0.3092,0.2153,0.1415,0.0847,0.0426,0.0126,-0.0083,-0.0224,-0.032,-0.0385,-0.043,-0.0462,-0.0486,0.0026,0.002,-0.0292,-0.129,-0.3425,-0.7013,-1.2377,-1.9302,-2.1955,-1.5635,-0.8935,-0.4316,-0.0967,0.1653,0.3693,0.5041,0.5997,0.7401,0.9201,0.9177,0.7363,0.5501,0.3985,0.2751,0.1745,0.0952,0.0367,-0.0035,-0.029,-0.0442,-0.0527,-0.0572,-0.0595,-0.0606,-0.061,-0.0612,0.1035,0.1587,0.2057,0.1808,-0.0079,-0.3592,-0.7678,-1.1224,-1.2419,-1.0503,-0.6991,-0.329,-0.0049,0.2897,0.5659,0.7026,0.6838,0.6849,0.722,0.7068,0.6107,0.4787,0.3432,0.2169,0.1077,0.0226,-0.0353,-0.0687,-0.0843,-0.0892,-0.0886,-0.0858,-0.0824,-0.0792,-0.0764,-0.0742,0.201,0.3285,0.5067,0.647,0.4794,-0.0019,-0.446,-0.7896,-1.0946,-1.1287,-0.7196,-0.2784,0.0567,0.3824,0.8709,1.0982,0.8253,0.7203,0.6952,0.6448,0.5492,0.4213,0.2781,0.1341,0.0059,-0.0887,-0.1414,-0.1588,-0.1551,-0.1428,-0.1288,-0.1162,-0.1059,-0.0978,-0.0916,-0.0869,0.2651,0.4474,0.7572,1.1464,1.0234,0.2568,-0.2813,-0.6776,-1.4748,-1.858,-0.8476,-0.2313,0.0758,0.3045,0.7844,1.1043,0.8401,0.8254,0.8244,0.7185,0.5601,0.3875,0.206,0.0189,-0.1507,-0.2631,-0.299,-0.2804,-0.2413,-0.2023,-0.1703,-0.1461,-0.1282,-0.1152,-0.1056,-0.0985,0.272,0.4448,0.7302,1.0751,0.9338,0.2208,-0.2037,-0.371,-0.8895,-1.2693,-0.5829,-0.1205,0.0786,0.1036,0.2691,0.5846,0.8167,1.1522,1.2033,0.9019,0.606,0.3607,0.1217,-0.141,-0.3982,-0.5452,-0.5311,-0.4347,-0.336,-0.2606,-0.2079,-0.1717,-0.1469,-0.1295,-0.1172,-0.1084,0.2295,0.3412,0.4832,0.573,0.4088,0.0477,-0.1773,-0.1951,-0.2838,-0.4055,-0.2173,-0.0458,0.0801,0.061,0.1559,0.4983,0.9335,1.7902,1.7936,1.0561,0.6126,0.3175,0.0323,-0.3337,-0.7633,-0.9799,-0.836,-0.5966,-0.4182,-0.305,-0.2343,-0.189,-0.1593,-0.1392,-0.1254,-0.1157,0.1684,0.2219,0.2642,0.2508,0.138,-0.0294,-0.1502,-0.1913,-0.1966,-0.1493,-0.0412,-0.09,-0.0541,0.6981,0.436,0.6563,1.003,1.4054,1.4108,0.8868,0.5091,0.2516,-0.0249,-0.4553,-1.0732,-1.3804,-1.0596,-0.6837,-0.4523,-0.3207,-0.2428,-0.1945,-0.1633,-0.1428,-0.1292,-0.1199,0.1136,0.1334,0.1369,0.108,0.0419,-0.0392,-0.1009,-0.1233,-0.0944,-0.011,0.0801,0.1479,0.3552,0.6751,0.5556,0.9922,1.5361,1.0648,0.8276,0.5618,0.3377,0.1888,-0.0175,-0.3785,-0.8881,-1.1564,-0.9185,-0.6121,-0.4164,-0.3016,-0.2316,-0.1868,-0.1578,-0.1393,-0.1277,-0.1204,0.0735,0.0785,0.0718,0.0492,0.013,-0.0251,-0.0491,-0.045,-0.0029,0.0693,0.116,0.2502,0.3025,0.4263,0.487,0.8609,1.2485,0.8163,0.5162,0.3277,0.2116,0.1685,0.0189,-0.2224,-0.4884,-0.6323,-0.5737,-0.4429,-0.3348,-0.2587,-0.205,-0.1671,-0.142,-0.1276,-0.1205,-0.1171,0.047,0.0469,0.0401,0.0261,0.0081,-0.0072,-0.0108,0.0049,0.0431,0.0938,0.1236,0.1942,0.2625,0.2826,0.2887,0.3871,0.4835,0.3773,0.2523,0.1977,0.1858,0.1487,0.0113,-0.1462,-0.2748,-0.3368,-0.3324,-0.2965,-0.2533,-0.211,-0.1712,-0.1369,-0.1147,-0.1066,-0.1073,-0.1105,0.0302,0.0293,0.0249,0.0177,0.0103,0.0069,0.012,0.0294,0.059,0.095,0.1298,0.1691,0.2223,0.2047,-0.0351,-0.1256,0.0504,0.1136,0.0962,0.0839,0.0714,0.0282,-0.0658,-0.1579,-0.2119,-0.2239,-0.2182,-0.2088,-0.1942,-0.1717,-0.1371,-0.0971,-0.0734,-0.0755,-0.0893,-0.1022,0.0196,0.0192,0.0172,0.0146,0.013,0.015,0.0227,0.0376,0.0586,0.0819,0.1021,0.1115,0.0871,-0.0819,-0.6656,-0.8937,-0.2685,-0.0053,0.0305,-0.0491,-0.0761,-0.1289,-0.1952,-0.2278,-0.2141,-0.1927,-0.1852,-0.1603,-0.1523,-0.1458,-0.1116,-0.0533,-0.0228,-0.0413,-0.0728,-0.0961,0.0125,0.0129,0.0127,0.0126,0.0139,0.0177,0.025,0.0359,0.049,0.0606,0.0645,0.0483,-0.0186,-0.2147,-0.6257,-0.7472,-0.3375,-0.1281,-0.1436,-0.1739,-0.214,-0.3383,-0.4118,-0.3641,-0.2427,-0.1753,-0.1657,-0.0858,-0.109,-0.1387,-0.1123,-0.0387,-0.0011,-0.03,-0.0704,-0.0981,0.0073,0.0083,0.0091,0.0103,0.0125,0.0163,0.0218,0.0287,0.0351,0.0377,0.0307,0.0041,-0.0594,-0.1798,-0.3304,-0.3668,-0.2614,-0.1872,-0.1918,-0.24,-0.4397,-0.7572,-0.8708,-0.6495,-0.3182,-0.0342,0.2251,0.1385,-0.0767,-0.1746,-0.1606,-0.0919,-0.0507,-0.0632,-0.0905,-0.111,0.003,0.0042,0.0055,0.007,0.0091,0.012,0.0155,0.0187,0.0201,0.0169,0.0049,-0.0216,-0.0685,-0.1355,-0.2016,-0.2309,-0.2261,-0.2363,-0.2989,-0.4677,-0.9002,-1.6147,-1.8145,-1.1674,-0.4867,0.0411,0.4631,0.2197,-0.2072,-0.3151,-0.2642,-0.1861,-0.135,-0.1211,-0.1252,-0.1321,-0.0009,0.0003,0.0015,0.0028,0.0043,0.006,0.0074,0.0078,0.0057,-0.0007,-0.0143,-0.0376,-0.0721,-0.1151,-0.1582,-0.1934,-0.2282,-0.2877,-0.4114,-0.6811,-1.2729,-2.2434,-2.5099,-1.5626,-0.6984,-0.1853,0.03,-0.2071,-0.5919,-0.5425,-0.3854,-0.2738,-0.2076,-0.1747,-0.1608,-0.1551,-0.0048,-0.0038,-0.0029,-0.0021,-0.0014,-0.001,-0.0013,-0.0031,-0.0074,-0.0157,-0.0294,-0.0499,-0.0776,-0.1112,-0.1484,-0.1895,-0.2425,-0.3257,-0.472,-0.74,-1.2071,-1.792,-1.9207,-1.3726,-0.7687,-0.3974,-0.2803,-0.4304,-0.6465,-0.5874,-0.4341,-0.3225,-0.2533,-0.2125,-0.1891,-0.1753]},{"header":{"la1":42.85,"la2":41.18,"lo1":11.55,"lo2":14.05,"nx":36,"ny":24,"dx":0.07143,"dy":0.07261,"parameterCategory":2,"parameterNumber":3,"parameterNumberName":"northward_wind","parameterUnit":"m.s-1"},"data":[0.3297,0.2877,0.2415,0.1922,0.1423,0.0961,0.0597,0.0392,0.0389,0.0587,0.0938,0.1371,0.1817,0.2231,0.259,0.2891,0.3138,0.3348,0.3536,0.372,0.391,0.4108,0.4312,0.4517,0.4718,0.4913,0.5102,0.5286,0.5466,0.5643,0.5816,0.5986,0.6152,0.6312,0.6466,0.6613,0.3194,0.27,0.2131,0.1492,0.0807,0.0133,-0.0432,-0.0769,-0.0783,-0.0469,0.0079,0.0723,0.1348,0.189,0.233,0.2672,0.2934,0.314,0.3321,0.3504,0.3707,0.3928,0.4159,0.4389,0.461,0.4822,0.5024,0.522,0.5412,0.5601,0.5787,0.597,0.6148,0.6321,0.6487,0.6645,0.3149,0.2579,0.1889,0.1067,0.012,-0.089,-0.1814,-0.2415,-0.2467,-0.1936,-0.1032,-0.0039,0.0847,0.1555,0.2084,0.2462,0.2724,0.2907,0.306,0.3234,0.3456,0.3716,0.3989,0.4252,0.4498,0.4725,0.494,0.5147,0.535,0.5552,0.5753,0.5951,0.6146,0.6334,0.6514,0.6683,0.3187,0.2554,0.1746,0.0714,-0.058,-0.2114,-0.3698,-0.4871,-0.5042,-0.4066,-0.2474,-0.0901,0.0352,0.1252,0.1866,0.2267,0.2506,0.2629,0.2716,0.287,0.3135,0.3468,0.3805,0.4112,0.4382,0.4622,0.4845,0.506,0.5275,0.5493,0.5712,0.593,0.6144,0.6351,0.6547,0.6731,0.3338,0.2674,0.1779,0.055,-0.1144,-0.3421,-0.619,-0.8663,-0.9211,-0.7221,-0.4253,-0.1759,-0.0057,0.1021,0.1686,0.2084,0.2278,0.229,0.2234,0.2353,0.2725,0.3195,0.3626,0.3979,0.4265,0.4508,0.4731,0.4952,0.518,0.5417,0.5659,0.5903,0.6143,0.6372,0.6589,0.6789,0.3627,0.2989,0.2084,0.0747,-0.1278,-0.4374,-0.892,-1.4157,-1.5841,-1.1459,-0.5989,-0.2338,-0.0257,0.0889,0.1526,0.1892,0.2048,0.1913,0.1584,0.1659,0.2274,0.2958,0.349,0.3869,0.4146,0.437,0.4582,0.4805,0.505,0.5314,0.559,0.587,0.6143,0.6402,0.6643,0.6862,0.4061,0.3531,0.2737,0.1473,-0.061,-0.4102,-0.9996,-1.8552,-2.2201,-1.4271,-0.644,-0.2231,-0.0151,0.084,0.1311,0.161,0.1819,0.1683,0.11,0.1158,0.2052,0.2888,0.3443,0.3785,0.4005,0.418,0.4365,0.459,0.4862,0.5171,0.5499,0.5828,0.6146,0.6443,0.6713,0.6954,0.4623,0.429,0.3759,0.2798,0.103,-0.2029,-0.7017,-1.3873,-1.6587,-1.0509,-0.4628,-0.137,0.0207,0.0766,0.0835,0.0991,0.1449,0.1745,0.1539,0.1653,0.2387,0.3071,0.349,0.3697,0.3792,0.3875,0.402,0.426,0.4587,0.4971,0.5379,0.5781,0.6159,0.6503,0.6808,0.7073,0.5258,0.5198,0.5086,0.4655,0.3407,0.1078,-0.2077,-0.5248,-0.6427,-0.485,-0.2345,-0.0326,0.0639,0.053,-0.0337,-0.0585,0.0582,0.1737,0.2263,0.2588,0.3021,0.339,0.3554,0.3523,0.3404,0.334,0.3442,0.3737,0.418,0.4699,0.5231,0.5737,0.6194,0.6594,0.6937,0.7226,0.5874,0.6103,0.652,0.6854,0.6102,0.3998,0.1619,-0.0909,-0.3673,-0.4338,-0.1764,0.0434,0.111,0.0318,-0.2594,-0.4119,-0.0651,0.1699,0.2749,0.326,0.3565,0.3676,0.3527,0.3131,0.2654,0.2361,0.2449,0.291,0.3594,0.4347,0.5069,0.5715,0.627,0.6734,0.7116,0.7426,0.6369,0.6775,0.7575,0.8652,0.8293,0.6071,0.4298,0.1581,-0.6242,-1.0028,-0.22,0.1224,0.1695,0.085,-0.2026,-0.4133,-0.0111,0.2235,0.3238,0.375,0.3985,0.3882,0.3336,0.2346,0.121,0.0536,0.0737,0.1637,0.2804,0.3941,0.4932,0.5754,0.6419,0.6948,0.7364,0.7686,0.6698,0.7076,0.7748,0.8572,0.8301,0.7094,0.7046,0.6992,0.0676,-0.4319,0.0476,0.2519,0.2132,0.0874,0.0828,0.0943,0.2081,0.309,0.3578,0.4104,0.436,0.4061,0.2988,0.0978,-0.1506,-0.2887,-0.2141,-0.0171,0.1879,0.3579,0.4901,0.5913,0.6685,0.7268,0.7703,0.8022,0.6914,0.7159,0.7493,0.7764,0.7693,0.7742,0.888,1.0857,0.8665,0.4681,0.4178,0.3738,0.2781,0.063,0.1199,0.2673,0.3273,0.318,0.3308,0.4395,0.4797,0.4326,0.2675,-0.0868,-0.6053,-0.88,-0.6323,-0.2197,0.1127,0.3461,0.5097,0.627,0.7119,0.7729,0.8157,0.8449,0.7106,0.7256,0.7427,0.7575,0.7724,0.8104,0.8958,0.9957,0.9249,0.7638,0.6778,0.4142,0.2985,0.2518,0.3641,0.3648,0.3305,0.3701,0.4144,0.517,0.5366,0.4742,0.286,-0.1851,-1.0185,-1.4701,-0.9538,-0.313,0.1147,0.3849,0.5647,0.6897,0.7772,0.8368,0.8751,0.8981,0.7321,0.744,0.7578,0.774,0.7963,0.8313,0.8788,0.9193,0.9399,1.0058,1.0847,0.9827,0.7609,0.7751,0.6024,0.3062,-0.0688,0.396,0.6084,0.6375,0.5497,0.4899,0.3794,-0.0023,-0.7048,-1.1052,-0.6935,-0.143,0.2379,0.4877,0.6607,0.784,0.8689,0.9219,0.9504,0.9623,0.7563,0.7685,0.7835,0.8025,0.8278,0.8616,0.9049,0.9626,1.0659,1.2948,1.6896,1.701,1.4166,1.0561,0.9027,0.5439,0.2183,0.6677,0.9131,0.7484,0.313,0.3645,0.4927,0.3312,0.0006,-0.1943,-0.0619,0.204,0.4442,0.6369,0.7914,0.9107,0.9909,1.0319,1.0429,1.037,0.7819,0.7957,0.813,0.835,0.8636,0.9013,0.9527,1.0292,1.1579,1.3828,1.6726,1.6466,1.8361,1.9384,1.3964,1.1624,1.1052,1.3723,1.5564,1.112,0.319,0.4144,0.6583,0.6187,0.4711,0.3742,0.3942,0.5006,0.6439,0.7954,0.9427,1.0694,1.1482,1.1692,1.1512,1.1188,0.8076,0.8234,0.843,0.8678,0.8995,0.9409,0.9967,1.0749,1.1859,1.3306,1.4702,1.5952,1.9416,2.048,1.8541,1.8516,1.749,2.113,2.5514,1.8962,1.2341,0.9921,0.9533,0.8535,0.6955,0.5524,0.5271,0.6359,0.7841,0.9354,1.0988,1.2567,1.3424,1.3288,1.2656,1.1988,0.8324,0.8499,0.8715,0.8983,0.932,0.9748,1.03,1.1013,1.1911,1.2957,1.4069,1.5383,1.716,1.923,2.51,2.77,2.1596,2.2731,2.5525,2.4818,1.9596,1.5156,1.2668,1.0521,0.7677,0.3946,0.3177,0.6458,0.8886,1.0521,1.2333,1.4393,1.5377,1.4743,1.3595,1.2613,0.8556,0.8745,0.8975,0.9255,0.9598,1.0021,1.0542,1.1178,1.1935,1.2801,1.378,1.496,1.6547,1.9234,2.4295,2.5937,2.2246,2.3195,2.9794,3.2834,2.3957,1.8474,1.5478,1.2719,0.9149,0.4096,0.3022,0.8332,1.0471,1.153,1.3004,1.5081,1.6081,1.525,1.3958,1.2906,0.8768,0.8967,0.9204,0.9488,0.9828,1.0235,1.072,1.1292,1.1955,1.2714,1.3589,1.4646,1.6028,1.7951,2.0171,2.1079,2.0881,2.2442,2.6427,2.7593,2.3434,2.0638,1.8834,1.5866,1.2685,1.1581,1.4546,1.4072,1.2612,1.2354,1.2973,1.4228,1.4978,1.4559,1.3675,1.2849,0.8958,0.9163,0.9402,0.9684,1.0014,1.0401,1.0851,1.137,1.1963,1.2637,1.3411,1.4321,1.5411,1.6676,1.7898,1.8728,1.9391,2.0591,2.2174,2.274,2.2574,2.414,2.4388,1.9926,1.5837,1.5574,1.8602,1.646,1.3417,1.266,1.275,1.3248,1.3649,1.3559,1.3123,1.2599,0.9126,0.9333,0.9571,0.9846,1.0163,1.0528,1.0945,1.1417,1.1951,1.255,1.3225,1.3989,1.4842,1.575,1.6619,1.7377,1.8119,1.9002,1.9959,2.0903,2.2786,2.7029,2.8367,2.2569,1.7492,1.5796,1.5817,1.4217,1.236,1.2355,1.2547,1.2744,1.2898,1.2868,1.2648,1.2325,0.9274,0.9479,0.9712,0.9978,1.0281,1.0623,1.1008,1.1439,1.1919,1.245,1.3036,1.3677,1.4365,1.5075,1.5771,1.6437,1.7108,1.7838,1.8666,1.977,2.1684,2.4411,2.4885,2.1386,1.7651,1.5584,1.4489,1.3185,1.2184,1.2275,1.2467,1.254,1.2554,1.249,1.2333,1.2107]}]