docs/data/wind_grid.json
{"header": {"la1":42.1,"la2":41.55,"lo1":12.1,"lo2":12.95,"nx":50,"ny":50,"dx":0.01735,"dy":0.01122,"parameterCategory":2,"parameterNumber":2,"parameterNumberName":"eastward_wind","parameterUnit":"m.s-1"}, "data":
[rows 0 to 45 of 50, columns 0 to 49 of 50]
1.1278,1.1205,1.1119,1.1019,1.0904,1.0774,1.0628,1.0465,1.0286,1.0091,0.988,0.9655,0.9418,0.917,0.8915,0.8654,0.8391,0.8129,0.7868,0.7611,0.7356,0.7102,0.6846,0.6583,0.6306,0.601,0.5688,0.5335,0.4946,0.452,0.4056,0.3556,0.3027,0.2478,0.1923,0.1378,0.0864,0.0401,0.0007,-0.0304,-0.0523,-0.0649,-0.0688,-0.0651,-0.0549,-0.0397,-0.0208,0.0007,0.0237,0.0476
1.1392,1.1322,1.1237,1.1138,1.1024,1.0893,1.0744,1.0578,1.0394,1.0192,0.9973,0.9738,0.949,0.923,0.8962,0.8688,0.8413,0.8139,0.7869,0.7605,0.7346,0.709,0.6835,0.6573,0.6298,0.6003,0.568,0.5322,0.4924,0.4483,0.3999,0.3472,0.291,0.2323,0.1726,0.1137,0.0579,0.0077,-0.0347,-0.0677,-0.0902,-0.1023,-0.1047,-0.0986,-0.0856,-0.0674,-0.0455,-0.0212,0.0045,0.0308
1.1512,1.1444,1.1362,1.1264,1.115,1.1018,1.0867,1.0698,1.0508,1.0299,1.0071,0.9826,0.9566,0.9292,0.901,0.8722,0.8432,0.8146,0.7865,0.7593,0.7329,0.7072,0.6818,0.6559,0.6288,0.5996,0.5674,0.5313,0.4908,0.4453,0.3948,0.3395,0.2799,0.2171,0.1528,0.089,0.0284,-0.0261,-0.0719,-0.1068,-0.13,-0.1413,-0.1417,-0.1329,-0.1168,-0.0953,-0.0701,-0.0427,-0.0142,0.0146
1.1636,1.1571,1.1492,1.1396,1.1283,1.1151,1.0998,1.0825,1.063,1.0414,1.0177,0.992,0.9646,0.9357,0.9059,0.8754,0.8448,0.8147,0.7853,0.7572,0.7303,0.7045,0.6793,0.654,0.6276,0.5989,0.567,0.5308,0.4897,0.443,0.3905,0.3325,0.2695,0.2025,0.1332,0.0641,-0.0018,-0.061,-0.1105,-0.1477,-0.1714,-0.1816,-0.1798,-0.1678,-0.1482,-0.123,-0.0943,-0.0636,-0.0322,-0.0009
1.1765,1.1704,1.1628,1.1535,1.1423,1.1291,1.1137,1.096,1.076,1.0536,1.0289,1.002,0.9731,0.9426,0.9109,0.8785,0.8461,0.8141,0.7834,0.7541,0.7266,0.7008,0.676,0.6514,0.6259,0.5981,0.5668,0.5308,0.4892,0.4414,0.3872,0.3265,0.26,0.1886,0.1142,0.0394,-0.0323,-0.0968,-0.1504,-0.1899,-0.2141,-0.223,-0.2185,-0.2029,-0.1793,-0.1501,-0.1177,-0.0837,-0.0493,-0.0154
1.1899,1.1843,1.1771,1.1681,1.1571,1.144,1.1285,1.1105,1.09,1.0669,1.0411,1.0129,0.9824,0.95,0.9162,0.8816,0.8469,0.8129,0.7804,0.7498,0.7216,0.6957,0.6715,0.6479,0.6237,0.5971,0.5667,0.5311,0.4894,0.4407,0.3848,0.3217,0.2517,0.1759,0.0962,0.0154,-0.0625,-0.1329,-0.1909,-0.233,-0.2575,-0.2649,-0.2572,-0.2377,-0.2097,-0.1763,-0.1399,-0.1024,-0.0651,-0.0287
1.2039,1.1988,1.1921,1.1834,1.1727,1.1597,1.1442,1.126,1.105,1.0811,1.0543,1.0246,0.9924,0.9579,0.9218,0.8846,0.8474,0.8109,0.7762,0.7441,0.715,0.689,0.6655,0.6433,0.6207,0.5958,0.5667,0.5319,0.4902,0.4409,0.3836,0.3182,0.245,0.1649,0.0798,-0.0073,-0.0919,-0.1685,-0.2314,-0.2763,-0.3011,-0.3065,-0.2952,-0.2713,-0.2387,-0.2009,-0.1605,-0.1196,-0.0793,-0.0405
1.2184,1.2139,1.2077,1.1996,1.1893,1.1765,1.161,1.1427,1.1212,1.0965,1.0686,1.0374,1.0033,0.9665,0.9278,0.8878,0.8475,0.8081,0.7707,0.7366,0.7064,0.6803,0.6578,0.6373,0.6168,0.594,0.5667,0.533,0.4918,0.4421,0.3836,0.3161,0.24,0.156,0.0657,-0.0277,-0.1192,-0.2026,-0.2708,-0.3186,-0.3436,-0.3467,-0.3316,-0.303,-0.2655,-0.2232,-0.1789,-0.1347,-0.0916,-0.0506
1.2335,1.2297,1.2241,1.2166,1.2067,1.1943,1.179,1.1605,1.1387,1.1133,1.0842,1.0515,1.0153,0.9761,0.9344,0.8911,0.8472,0.8043,0.7638,0.7271,0.6954,0.6692,0.6478,0.6295,0.6117,0.5916,0.5666,0.5345,0.4939,0.4441,0.3848,0.3157,0.2372,0.1497,0.0546,-0.0449,-0.1435,-0.2338,-0.3077,-0.3586,-0.3837,-0.3844,-0.3651,-0.3316,-0.2894,-0.2427,-0.1946,-0.1472,-0.1017,-0.0587
1.2491,1.2461,1.2413,1.2344,1.2252,1.2132,1.1982,1.1798,1.1576,1.1316,1.1014,1.0671,1.0288,0.9868,0.9418,0.8947,0.8468,0.7997,0.7551,0.7152,0.6816,0.6551,0.6351,0.6195,0.6052,0.5886,0.5664,0.5362,0.4967,0.4471,0.3872,0.317,0.2367,0.1464,0.0474,-0.0577,-0.1631,-0.2605,-0.3402,-0.3944,-0.4196,-0.4178,-0.3943,-0.3561,-0.3092,-0.2584,-0.207,-0.1569,-0.1092,-0.0645
1.2652,1.2631,1.2592,1.2532,1.2447,1.2333,1.2187,1.2004,1.1782,1.1515,1.1203,1.0844,1.0439,0.999,0.9504,0.8991,0.8464,0.7942,0.7448,0.7007,0.6644,0.6373,0.6191,0.607,0.5971,0.5848,0.566,0.5383,0.5,0.4508,0.3907,0.32,0.2386,0.1467,0.0447,-0.0649,-0.1765,-0.2806,-0.3662,-0.4237,-0.4492,-0.4449,-0.4176,-0.375,-0.324,-0.2697,-0.2155,-0.1633,-0.1139,-0.0679
1.2819,1.2808,1.2779,1.2729,1.2653,1.2547,1.2406,1.2227,1.2004,1.1734,1.1412,1.1037,1.0609,1.013,0.9606,0.9045,0.8464,0.7882,0.7327,0.6833,0.6433,0.6153,0.5991,0.5915,0.5872,0.5802,0.5656,0.5406,0.5038,0.4552,0.3952,0.3244,0.243,0.1506,0.0472,-0.0654,-0.1818,-0.292,-0.3831,-0.444,-0.4699,-0.4637,-0.4331,-0.3869,-0.3328,-0.2759,-0.2197,-0.1659,-0.1155,-0.0687
1.2991,1.2992,1.2974,1.2935,1.2869,1.2773,1.2641,1.2467,1.2246,1.1973,1.1643,1.1254,1.0803,1.0293,0.9727,0.9116,0.8473,0.7821,0.7192,0.6627,0.6177,0.588,0.5743,0.5726,0.5754,0.5749,0.5653,0.5433,0.5081,0.46,0.4003,0.3301,0.2495,0.1581,0.0552,-0.0584,-0.1777,-0.2925,-0.3884,-0.4525,-0.4793,-0.472,-0.4393,-0.3908,-0.3347,-0.2764,-0.2191,-0.1647,-0.1138,-0.0668
1.3168,1.3181,1.3177,1.315,1.3098,1.3013,1.2891,1.2725,1.2508,1.2235,1.19,1.1498,1.1025,1.0483,0.9875,0.9209,0.8498,0.7767,0.7047,0.6393,0.587,0.5547,0.5441,0.55,0.5619,0.5694,0.5653,0.5466,0.5128,0.4652,0.4058,0.3365,0.2578,0.169,0.0687,-0.0433,-0.1631,-0.2804,-0.3798,-0.4469,-0.4751,-0.4679,-0.4347,-0.3856,-0.3291,-0.2707,-0.2135,-0.1593,-0.1088,-0.0621
1.335,1.3377,1.3387,1.3375,1.3337,1.3267,1.3158,1.3002,1.2793,1.2523,1.2184,1.1772,1.128,1.0707,1.0056,0.9333,0.8551,0.773,0.6905,0.6134,0.5512,0.5144,0.5077,0.5238,0.5473,0.5642,0.5663,0.5507,0.5179,0.4704,0.4112,0.3431,0.2671,0.1825,0.0871,-0.0205,-0.1377,-0.2549,-0.356,-0.4254,-0.4558,-0.4503,-0.4185,-0.3709,-0.3158,-0.2587,-0.2029,-0.1499,-0.1004,-0.0547
1.3535,1.3578,1.3604,1.3609,1.3588,1.3535,1.3441,1.3299,1.3101,1.2837,1.25,1.208,1.1571,1.0971,1.0278,0.9499,0.8642,0.7727,0.6783,0.5868,0.5105,0.4666,0.4648,0.4946,0.5328,0.5605,0.5688,0.5559,0.5234,0.4754,0.416,0.349,0.2764,0.1973,0.1091,0.0088,-0.1025,-0.2163,-0.3169,-0.388,-0.4212,-0.4191,-0.3908,-0.3467,-0.2948,-0.2407,-0.1873,-0.1365,-0.0888,-0.0446
1.3725,1.3783,1.3827,1.3851,1.385,1.3816,1.3742,1.3618,1.3434,1.3181,1.2848,1.2425,1.1905,1.128,1.055,0.9717,0.8789,0.7781,0.6711,0.5628,0.4673,0.4118,0.4163,0.4648,0.5211,0.5602,0.574,0.5625,0.5294,0.4797,0.4194,0.3535,0.2845,0.2122,0.1329,0.0426,-0.0596,-0.1668,-0.2644,-0.336,-0.3725,-0.3752,-0.3525,-0.3138,-0.2669,-0.217,-0.1673,-0.1194,-0.0742,-0.032
1.3917,1.3993,1.4057,1.4102,1.4123,1.4111,1.4059,1.3957,1.3792,1.3554,1.3231,1.2811,1.2284,1.1641,1.0879,0.9998,0.9008,0.7918,0.6734,0.5473,0.4272,0.3536,0.3662,0.4397,0.5162,0.5656,0.5828,0.571,0.5356,0.4832,0.421,0.3554,0.2902,0.2252,0.1563,0.0781,-0.0122,-0.1099,-0.2021,-0.2729,-0.3126,-0.3212,-0.3054,-0.2736,-0.233,-0.1885,-0.1432,-0.099,-0.0569,-0.0171
1.4111,1.4207,1.4291,1.4359,1.4405,1.4419,1.4393,1.4316,1.4176,1.3958,1.365,1.3239,1.2713,1.206,1.1273,1.0354,0.9313,0.8162,0.69,0.5499,0.403,0.3034,0.326,0.4295,0.5242,0.5794,0.5964,0.5816,0.542,0.4853,0.42,0.354,0.2922,0.2346,0.1768,0.1121,0.0357,-0.0502,-0.1347,-0.2032,-0.2456,-0.2603,-0.2521,-0.228,-0.1945,-0.156,-0.1159,-0.0759,-0.0372,-0.0003
1.4305,1.4422,1.4529,1.4623,1.4695,1.4739,1.4743,1.4696,1.4584,1.4393,1.4106,1.3711,1.3193,1.2539,1.1739,1.0792,0.9715,0.8533,0.7256,0.5824,0.4187,0.2912,0.3228,0.4509,0.552,0.6038,0.6151,0.5942,0.5483,0.4857,0.4159,0.3484,0.2893,0.2389,0.1924,0.1416,0.08,0.0074,-0.0677,-0.1323,-0.1761,-0.1962,-0.1954,-0.1791,-0.1529,-0.1209,-0.0862,-0.0507,-0.0157,0.0182
1.45,1.4638,1.477,1.489,1.4993,1.5069,1.5107,1.5095,1.5017,1.4857,1.4598,1.4226,1.3725,1.3081,1.2279,1.1317,1.0217,0.9031,0.7811,0.6531,0.5056,0.3749,0.4041,0.5225,0.6038,0.6391,0.6385,0.6084,0.5543,0.4841,0.4085,0.3383,0.2808,0.237,0.2013,0.1642,0.1175,0.0588,-0.0057,-0.0648,-0.1084,-0.1325,-0.1381,-0.1291,-0.1098,-0.0841,-0.0548,-0.0239,0.0073,0.038
1.4693,1.4854,1.5011,1.516,1.5295,1.5407,1.5484,1.5512,1.5473,1.535,1.5124,1.4782,1.4307,1.3684,1.2896,1.1932,1.0818,0.9638,0.8518,0.7551,0.6706,0.6008,0.6011,0.6454,0.6756,0.6826,0.6653,0.6235,0.5596,0.4807,0.398,0.3239,0.267,0.2288,0.2029,0.1787,0.1462,0.1013,0.048,-0.0041,-0.0458,-0.0721,-0.0826,-0.0796,-0.0666,-0.0467,-0.0226,0.0039,0.0313,0.0589
1.4883,1.5067,1.525,1.543,1.56,1.5751,1.587,1.5943,1.5949,1.5868,1.5681,1.5373,1.4932,1.4344,1.3586,1.2636,1.1513,1.0327,0.9286,0.8635,0.8553,0.8783,0.8414,0.7855,0.7542,0.729,0.6932,0.6385,0.5641,0.4758,0.3853,0.3063,0.2491,0.2152,0.198,0.1853,0.1658,0.134,0.0921,0.0479,0.0098,-0.0169,-0.0305,-0.0322,-0.0244,-0.0096,0.0098,0.032,0.0559,0.0803
1.5068,1.5275,1.5487,1.5698,1.5905,1.6097,1.6263,1.6385,1.6442,1.6409,1.6264,1.5992,1.559,1.5049,1.4342,1.3426,1.2299,1.1076,1.0032,0.9524,0.9813,1.0443,0.9987,0.8952,0.8231,0.7721,0.7196,0.6527,0.5679,0.4703,0.3719,0.2878,0.2293,0.1988,0.1885,0.1856,0.1775,0.1575,0.1266,0.0908,0.0575,0.0322,0.0171,0.0122,0.016,0.0264,0.0417,0.0602,0.0807,0.1022
1.5247,1.5478,1.5717,1.5961,1.6205,1.6442,1.6658,1.6835,1.6948,1.6968,1.6867,1.6632,1.6268,1.5781,1.5147,1.4295,1.3176,1.1888,1.0739,1.0147,1.0349,1.085,1.0513,0.9559,0.8731,0.8077,0.7427,0.6654,0.5716,0.4657,0.3602,0.2713,0.2113,0.1828,0.1778,0.1824,0.1836,0.174,0.1531,0.1256,0.0979,0.075,0.0599,0.0531,0.0539,0.061,0.0728,0.0879,0.1053,0.1241
1.5418,1.5671,1.5938,1.6215,1.6498,1.6781,1.705,1.7287,1.7463,1.7541,1.7486,1.7281,1.6946,1.6516,1.5978,1.5227,1.4145,1.2779,1.1452,1.0622,1.0513,1.0731,1.0503,0.9799,0.9042,0.8343,0.7617,0.6767,0.5758,0.4636,0.3528,0.2602,0.1987,0.1711,0.1692,0.179,0.1871,0.1858,0.1735,0.1537,0.1317,0.1121,0.098,0.0904,0.0892,0.0937,0.1026,0.115,0.1297,0.146
1.5579,1.5854,1.6147,1.6456,1.6779,1.7108,1.7434,1.7735,1.798,1.8124,1.8117,1.7933,1.7607,1.7221,1.6796,1.6188,1.5187,1.3761,1.2233,1.1109,1.0649,1.0584,1.0379,0.9869,0.9223,0.8534,0.7769,0.6869,0.5815,0.4656,0.3519,0.2573,0.1946,0.1668,0.166,0.1783,0.1908,0.1955,0.1901,0.177,0.1604,0.1444,0.1318,0.1242,0.1219,0.1245,0.1312,0.1412,0.1535,0.1676
1.5728,1.6024,1.6342,1.6682,1.7042,1.7418,1.78,1.8169,1.8491,1.871,1.8758,1.8584,1.8234,1.7861,1.7552,1.7126,1.6251,1.4805,1.3106,1.1706,1.0922,1.0595,1.033,0.9907,0.934,0.8673,0.7893,0.6969,0.5894,0.4726,0.3588,0.264,0.2007,0.1719,0.1701,0.1825,0.1969,0.2052,0.2049,0.1972,0.1853,0.1727,0.1621,0.155,0.1522,0.1534,0.1584,0.1664,0.1767,0.1889
1.5864,1.6179,1.6519,1.6887,1.7282,1.7703,1.8141,1.8579,1.8984,1.9291,1.9407,1.9238,1.8819,1.8403,1.8194,1.7965,1.7246,1.5829,1.4021,1.2408,1.1355,1.0788,1.0405,0.9979,0.9442,0.8787,0.8003,0.7072,0.6001,0.4849,0.3735,0.2804,0.2171,0.1865,0.1822,0.1926,0.2066,0.2166,0.2195,0.2157,0.2077,0.1981,0.1894,0.1831,0.1801,0.1806,0.1842,0.1906,0.1992,0.2096
1.5985,1.6316,1.6676,1.7069,1.7495,1.7956,1.8445,1.8951,1.9441,1.9848,2.0054,1.9901,1.937,1.8826,1.867,1.8623,1.806,1.6712,1.4879,1.3143,1.189,1.1114,1.0589,1.0105,0.9554,0.8896,0.8111,0.7187,0.6138,0.5022,0.395,0.305,0.2423,0.2097,0.2018,0.2087,0.2206,0.2304,0.2348,0.2337,0.2285,0.2214,0.2144,0.2091,0.2062,0.2061,0.2087,0.2138,0.221,0.2299
1.6089,1.6434,1.681,1.7223,1.7676,1.8169,1.8703,1.9269,1.9839,2.035,2.0668,2.0565,1.9902,1.9137,1.8955,1.9031,1.8591,1.7345,1.5574,1.3815,1.2444,1.1507,1.0844,1.0276,0.9685,0.9011,0.8225,0.7316,0.6301,0.5236,0.4217,0.3357,0.2741,0.2395,0.2275,0.2301,0.2386,0.2469,0.2516,0.2518,0.2485,0.2433,0.2378,0.2333,0.2306,0.2301,0.232,0.236,0.242,0.2496
1.6176,1.6531,1.692,1.7348,1.7819,1.8338,1.8905,1.9516,2.015,2.0753,2.1186,2.1168,2.041,1.9373,1.9066,1.9169,1.8806,1.7685,1.6049,1.4357,1.2949,1.1906,1.1129,1.0475,0.9834,0.9137,0.835,0.7461,0.6486,0.5478,0.4519,0.3704,0.3102,0.2738,0.2577,0.2556,0.2602,0.2661,0.2699,0.2706,0.2684,0.2644,0.26,0.2561,0.2536,0.2529,0.2542,0.2574,0.2623,0.2687
1.6244,1.6606,1.7003,1.744,1.7923,1.8456,1.9042,1.9679,2.0351,2.101,2.1521,2.1584,2.0806,1.9574,1.9078,1.9094,1.8756,1.7766,1.6307,1.4742,1.3362,1.2269,1.1411,1.0685,0.9995,0.9274,0.8486,0.762,0.6689,0.574,0.4841,0.407,0.3486,0.3106,0.2909,0.2842,0.2847,0.2876,0.2899,0.2901,0.2883,0.2851,0.2813,0.2779,0.2756,0.2747,0.2754,0.2779,0.2819,0.2873
1.6294,1.6659,1.7059,1.7499,1.7985,1.8522,1.9111,1.9751,2.0427,2.109,2.161,2.1694,2.0958,1.9718,1.906,1.891,1.8546,1.7672,1.6393,1.4981,1.3673,1.2573,1.1669,1.089,1.0159,0.9418,0.8632,0.779,0.6903,0.6011,0.517,0.4442,0.3875,0.3485,0.3255,0.3146,0.3111,0.3109,0.3112,0.3105,0.3085,0.3055,0.3021,0.2989,0.2966,0.2955,0.2959,0.2977,0.3009,0.3054
1.6325,1.6689,1.7088,1.7526,1.8007,1.8535,1.9112,1.9733,2.0379,2.0997,2.1458,2.1501,2.0841,1.9748,1.9021,1.8698,1.8274,1.7483,1.6363,1.5102,1.3886,1.2812,1.1891,1.108,1.032,0.9566,0.8785,0.7967,0.7123,0.6284,0.5496,0.4808,0.4259,0.3862,0.3606,0.346,0.3388,0.3355,0.3335,0.3315,0.3289,0.3258,0.3224,0.3193,0.317,0.3156,0.3155,0.3168,0.3193,0.323
1.6338,1.6698,1.7091,1.752,1.7989,1.85,1.9051,1.9634,2.0225,2.0765,2.1131,2.1115,2.0547,1.9647,1.8934,1.8486,1.7997,1.7257,1.6263,1.5137,1.4017,1.2988,1.2072,1.1247,1.0473,0.9712,0.894,0.8148,0.7344,0.6553,0.5813,0.5162,0.4631,0.423,0.3953,0.3777,0.3671,0.3608,0.3566,0.3531,0.3497,0.346,0.3425,0.3392,0.3367,0.3351,0.3346,0.3353,0.3371,0.3401
1.6333,1.6685,1.7068,1.7485,1.7935,1.842,1.8935,1.9468,1.9989,2.0439,2.0709,2.0648,2.0171,1.9444,1.8785,1.8269,1.7731,1.7023,1.6126,1.5113,1.4084,1.3109,1.2214,1.139,1.0612,0.9854,0.9095,0.8328,0.7561,0.6815,0.6117,0.55,0.4985,0.4584,0.4291,0.4089,0.3955,0.3865,0.3802,0.3751,0.3705,0.3663,0.3623,0.3588,0.3559,0.354,0.3531,0.3532,0.3545,0.3567
1.6311,1.6653,1.7023,1.7422,1.7849,1.8303,1.8776,1.9252,1.97,2.0063,2.0252,2.0166,1.9769,1.9176,1.8579,1.8041,1.7477,1.6794,1.597,1.505,1.4102,1.3183,1.2318,1.1508,1.0737,0.9988,0.9245,0.8505,0.7773,0.7066,0.6406,0.5819,0.5321,0.4921,0.4617,0.4394,0.4236,0.4123,0.4038,0.3972,0.3915,0.3864,0.3819,0.3779,0.3747,0.3724,0.371,0.3707,0.3713,0.373
1.6273,1.6603,1.6958,1.7336,1.7736,1.8155,1.8583,1.9002,1.938,1.9667,1.9795,1.9698,1.9363,1.8869,1.8332,1.7797,1.7228,1.6569,1.5804,1.496,1.4085,1.322,1.2391,1.1602,1.0846,1.0112,0.9389,0.8675,0.7976,0.7304,0.6679,0.6118,0.5636,0.524,0.4927,0.4689,0.451,0.4377,0.4274,0.4192,0.4123,0.4064,0.4012,0.3968,0.3931,0.3904,0.3885,0.3877,0.3878,0.3888
1.6221,1.6537,1.6874,1.7229,1.7601,1.7983,1.8366,1.8729,1.9045,1.9269,1.9352,1.9252,1.8965,1.8543,1.8056,1.7541,1.6982,1.6349,1.5634,1.4853,1.4041,1.3229,1.2438,1.1676,1.094,1.0224,0.9524,0.8837,0.8168,0.7529,0.6934,0.6398,0.5931,0.5539,0.5222,0.4971,0.4777,0.4625,0.4506,0.441,0.433,0.4262,0.4203,0.4153,0.4111,0.4079,0.4056,0.4042,0.4038,0.4042
1.6156,1.6457,1.6774,1.7106,1.7448,1.7794,1.8133,1.8446,1.8707,1.8881,1.8931,1.883,1.8578,1.8209,1.7766,1.7276,1.6736,1.6132,1.5461,1.4735,1.3977,1.3214,1.2462,1.173,1.1019,1.0326,0.9649,0.8988,0.8349,0.774,0.7173,0.6658,0.6206,0.582,0.55,0.5241,0.5033,0.4867,0.4734,0.4625,0.4534,0.4457,0.4391,0.4334,0.4288,0.425,0.4222,0.4204,0.4194,0.4193
1.608,1.6364,1.6661,1.6969,1.7281,1.7593,1.789,1.8158,1.8373,1.8507,1.8532,1.8432,1.8205,1.7875,1.7469,1.7007,1.6491,1.5918,1.5286,1.4608,1.39,1.3182,1.2468,1.1768,1.1083,1.0415,0.9764,0.913,0.8518,0.7937,0.7395,0.6901,0.6462,0.6083,0.5762,0.5497,0.5279,0.5101,0.4956,0.4835,0.4734,0.4648,0.4575,0.4513,0.446,0.4418,0.4385,0.4361,0.4347,0.434
1.5994,1.6261,1.6538,1.6821,1.7105,1.7383,1.7644,1.7871,1.8047,1.8148,1.8155,1.8055,1.7847,1.7547,1.7172,1.6738,1.6249,1.5706,1.5112,1.4476,1.3813,1.3136,1.246,1.1791,1.1135,1.0494,0.9868,0.926,0.8675,0.8119,0.76,0.7125,0.67,0.6328,0.6008,0.5739,0.5514,0.5326,0.517,0.504,0.493,0.4836,0.4755,0.4687,0.4629,0.4582,0.4544,0.4515,0.4496,0.4484
1.5899,1.6149,1.6406,1.6666,1.6923,1.717,1.7396,1.7589,1.7732,1.7807,1.7798,1.7698,1.7504,1.7227,1.688,1.6472,1.6009,1.5497,1.4938,1.4341,1.3718,1.3081,1.244,1.1803,1.1176,1.0561,0.9961,0.9379,0.8819,0.8288,0.779,0.7333,0.6921,0.6556,0.6239,0.5967,0.5737,0.5542,0.5378,0.5238,0.512,0.5018,0.4931,0.4857,0.4794,0.4742,0.4699,0.4665,0.4641,0.4625
1.5798,1.6031,1.6268,1.6505,1.6736,1.6955,1.7151,1.7314,1.7428,1.7482,1.7461,1.736,1.7177,1.6919,1.6594,1.6211,1.5775,1.5291,1.4765,1.4204,1.3618,1.3017,1.241,1.1805,1.1206,1.0618,1.0044,0.9487,0.8952,0.8443,0.7966,0.7525,0.7126,0.6769,0.6455,0.6183,0.5948,0.5748,0.5577,0.543,0.5304,0.5196,0.5103,0.5023,0.4955,0.4897,0.485,0.4812,0.4783,0.4762
1.569,1.5907,1.6125,1.634,1.6548,1.674,1.691,1.7046,1.7137,1.7172,1.7142,1.704,1.6865,1.6623,1.6318,1.5957,1.5546,1.509,1.4595,1.4067,1.3515,1.2948,1.2373,1.1798,1.1228,1.0666,1.0117,0.9585,0.9072,0.8585,0.8127,0.7703,0.7315,0.6967,0.6657,0.6385,0.6149,0.5944,0.5767,0.5615,0.5483,0.5369,0.527,0.5185,0.5112,0.5049,0.4997,0.4955,0.4921,0.4896
