docs/data/wind_grid.json
[{"header":{"la1":42.85,"la2":41.18,"lo1":11.55,"lo2":14.05,"nx":36,"ny":24,"dx":0.07143,"dy":0.07261,"parameterCategory":2,"parameterNumber":2,"parameterNumberName":"eastward_wind","parameterUnit":"m.s-1"},"data":[-0.4208,-0.4227,-0.4227,-0.4209,-0.4176,-0.4134,-0.4084,-0.4027,-0.3968,-0.3911,-0.387,-0.3859,-0.3889,-0.3961,-0.4068,-0.4191,-0.43,-0.4357,-0.4327,-0.4196,-0.3991,-0.3771,-0.36,-0.3501,-0.3462,-0.345,-0.3441,-0.3423,-0.3395,-0.3357,-0.3313,-0.3267,-0.3221,-0.3176,-0.3134,-0.3094,-0.4384,-0.4412,-0.4414,-0.4392,-0.435,-0.4298,-0.4239,-0.417,-0.4087,-0.3996,-0.392,-0.3885,-0.3913,-0.4009,-0.4166,-0.4359,-0.4545,-0.4654,-0.4614,-0.4382,-0.4004,-0.3619,-0.3368,-0.329,-0.3317,-0.3371,-0.3407,-0.3413,-0.3394,-0.3358,-0.3313,-0.3264,-0.3215,-0.3168,-0.3124,-0.3083,-0.4601,-0.4647,-0.4654,-0.4625,-0.4571,-0.4509,-0.445,-0.4378,-0.427,-0.4123,-0.3979,-0.3895,-0.3909,-0.4033,-0.426,-0.4564,-0.4885,-0.5112,-0.5081,-0.4664,-0.3917,-0.3174,-0.2815,-0.2864,-0.3075,-0.3262,-0.3369,-0.3406,-0.3396,-0.336,-0.3311,-0.3258,-0.3205,-0.3155,-0.3109,-0.3067,-0.4874,-0.4951,-0.4971,-0.493,-0.4851,-0.4777,-0.4741,-0.471,-0.4587,-0.4337,-0.4058,-0.3878,-0.3859,-0.4011,-0.4328,-0.4794,-0.5354,-0.5848,-0.5936,-0.5213,-0.364,-0.2044,-0.1595,-0.2122,-0.2756,-0.316,-0.3353,-0.3414,-0.3405,-0.3362,-0.3306,-0.3246,-0.319,-0.3137,-0.309,-0.3048,-0.5217,-0.5354,-0.5405,-0.5347,-0.5209,-0.5099,-0.5134,-0.5275,-0.5204,-0.4729,-0.4159,-0.3804,-0.3729,-0.3908,-0.4326,-0.5,-0.5946,-0.7029,-0.7631,-0.6581,-0.3298,0.039,0.0612,-0.1214,-0.253,-0.3157,-0.3395,-0.3449,-0.3422,-0.3362,-0.3294,-0.3228,-0.3167,-0.3112,-0.3065,-0.3023,-0.564,-0.5893,-0.6029,-0.5957,-0.5687,-0.5442,-0.5576,-0.6216,-0.6432,-0.5381,-0.4215,-0.361,-0.348,-0.3683,-0.4186,-0.5062,-0.6491,-0.8647,-1.0842,-0.9919,-0.4444,0.2047,0.1831,-0.118,-0.2766,-0.3359,-0.352,-0.351,-0.344,-0.3354,-0.3272,-0.3198,-0.3134,-0.308,-0.3033,-0.2993,-0.6131,-0.659,-0.6942,-0.6923,-0.6394,-0.5757,-0.5767,-0.7071,-0.7914,-0.5795,-0.3925,-0.3184,-0.3074,-0.3308,-0.3837,-0.4801,-0.653,-0.9623,-1.3994,-1.354,-0.7965,-0.3172,-0.1966,-0.2987,-0.3609,-0.3756,-0.3695,-0.357,-0.344,-0.3326,-0.3231,-0.3153,-0.309,-0.3038,-0.2994,-0.2958,-0.6618,-0.7368,-0.8152,-0.8423,-0.7479,-0.6069,-0.5326,-0.5863,-0.6229,-0.4338,-0.2867,-0.2449,-0.2518,-0.2787,-0.324,-0.41,-0.5733,-0.8413,-1.1482,-1.1728,-1.092,-0.9359,-0.6693,-0.526,-0.4581,-0.4146,-0.3821,-0.3575,-0.3394,-0.3261,-0.3164,-0.309,-0.3033,-0.2987,-0.2949,-0.2917,-0.6975,-0.7951,-0.9117,-0.983,-0.8538,-0.6368,-0.4557,-0.3355,-0.2258,-0.1217,-0.1085,-0.1494,-0.19,-0.2181,-0.2365,-0.2915,-0.4496,-0.6681,-0.8809,-1.1001,-1.5052,-1.3899,-0.9248,-0.6516,-0.5091,-0.4277,-0.3779,-0.3467,-0.3272,-0.3148,-0.3066,-0.3007,-0.2963,-0.2928,-0.2898,-0.2873,-0.7113,-0.816,-0.9241,-0.9755,-0.9098,-0.6657,-0.391,-0.1176,0.2139,0.3398,0.1215,-0.0572,-0.1358,-0.162,-0.1246,-0.1009,-0.3463,-0.5951,-0.7883,-1.0037,-1.3083,-1.2378,-0.8902,-0.6401,-0.4898,-0.4002,-0.3485,-0.3205,-0.3059,-0.2983,-0.2939,-0.2909,-0.2884,-0.2863,-0.2843,-0.2825,-0.7027,-0.8191,-0.9899,-1.2589,-1.1811,-0.7163,-0.369,-0.0354,0.7074,1.0781,0.313,-0.0128,-0.0972,-0.1134,-0.1084,-0.0927,-0.3919,-0.6894,-0.8455,-0.8898,-0.9229,-0.8655,-0.7005,-0.5333,-0.4074,-0.3285,-0.2902,-0.2775,-0.2761,-0.2778,-0.2795,-0.2803,-0.2802,-0.2796,-0.2786,-0.2776,-0.6675,-0.7797,-0.9606,-1.2134,-1.1188,-0.6612,-0.4031,-0.2909,0.2095,0.6012,0.168,-0.0487,-0.0714,-0.0014,-0.0888,-0.2904,-0.6133,-1.1165,-1.2482,-0.9735,-0.775,-0.6466,-0.5212,-0.3924,-0.2784,-0.2111,-0.2018,-0.2206,-0.2415,-0.2565,-0.2657,-0.2705,-0.2725,-0.2731,-0.2729,-0.2725,-0.606,-0.6835,-0.7797,-0.846,-0.7467,-0.532,-0.4429,-0.5111,-0.3748,-0.0595,-0.0538,-0.1331,-0.1138,0.0456,-0.0585,-0.3912,-0.7922,-2.0267,-2.0737,-1.1049,-0.6884,-0.495,-0.3718,-0.2522,-0.1182,-0.0465,-0.0907,-0.1615,-0.211,-0.2399,-0.2555,-0.263,-0.266,-0.2669,-0.2671,-0.2672,-0.5328,-0.5724,-0.6039,-0.5992,-0.5317,-0.4416,-0.4155,-0.4717,-0.3813,-0.1698,-0.1141,-0.2062,-0.2321,-0.1065,-0.2681,-0.5522,-0.72,-1.3429,-1.4706,-0.8617,-0.4852,-0.3108,-0.2303,-0.1458,0.0029,0.0938,-0.0106,-0.1282,-0.1978,-0.2344,-0.2519,-0.2589,-0.2606,-0.2606,-0.2606,-0.2612,-0.463,-0.4776,-0.48,-0.46,-0.4159,-0.3667,-0.3368,-0.3123,-0.2285,-0.104,-0.0398,-0.0757,-0.0928,-0.0145,-0.3224,-0.6143,-1.0462,-0.7959,-0.679,-0.3982,-0.1142,-0.0341,-0.076,-0.0879,-0.0234,0.03,-0.0485,-0.149,-0.2122,-0.2441,-0.2563,-0.2575,-0.2545,-0.252,-0.2518,-0.2536,-0.4034,-0.4043,-0.3951,-0.3728,-0.3388,-0.2997,-0.2596,-0.2079,-0.1236,0.0049,0.1841,0.0256,-0.0185,-0.0745,-0.242,-0.5516,-0.8403,-0.5264,-0.2667,0.0159,0.4001,0.3269,0.0804,-0.0447,-0.0877,-0.1073,-0.1565,-0.215,-0.2537,-0.2691,-0.2665,-0.2545,-0.2426,-0.237,-0.2381,-0.2431,-0.3547,-0.3483,-0.3344,-0.312,-0.2818,-0.2455,-0.2027,-0.148,-0.0726,0.0346,0.1646,0.0839,0.082,0.0991,-0.0384,-0.1629,-0.2171,-0.0503,0.1505,0.2534,0.4975,0.408,0.1474,-0.0238,-0.1371,-0.2178,-0.2747,-0.307,-0.3168,-0.3058,-0.2769,-0.2404,-0.2139,-0.2077,-0.216,-0.2288,-0.3152,-0.305,-0.2891,-0.2671,-0.2389,-0.2049,-0.1646,-0.116,-0.0576,0.0066,0.0557,0.073,0.1292,0.1726,0.2977,0.3633,0.2472,0.4055,0.6378,0.4619,0.3831,0.2955,0.1384,-0.0374,-0.2105,-0.3533,-0.4194,-0.4221,-0.3985,-0.3517,-0.2796,-0.1984,-0.1509,-0.1555,-0.1843,-0.2122,-0.2832,-0.271,-0.2544,-0.2329,-0.2065,-0.1753,-0.1391,-0.0977,-0.052,-0.0057,0.0369,0.0825,0.1585,0.3463,0.9709,1.2426,0.6023,0.5519,0.6953,0.7643,0.5519,0.3429,0.1589,-0.0544,-0.3034,-0.5153,-0.5657,-0.5455,-0.4987,-0.4106,-0.2773,-0.1236,-0.0508,-0.0891,-0.1529,-0.1996,-0.2571,-0.244,-0.2272,-0.2066,-0.182,-0.1535,-0.1211,-0.0851,-0.0461,-0.0048,0.0408,0.101,0.2049,0.4343,0.9101,1.0666,0.6714,0.6491,1.087,1.3087,0.7606,0.4559,0.245,-0.0207,-0.3478,-0.5809,-0.6228,-0.6977,-0.6325,-0.4977,-0.3106,-0.0948,-0.0025,-0.0654,-0.1478,-0.2015,-0.2358,-0.2223,-0.2058,-0.1861,-0.1632,-0.1371,-0.1078,-0.0755,-0.04,-0.0006,0.0462,0.1088,0.2046,0.3569,0.5437,0.6115,0.5582,0.6234,0.877,0.9676,0.7424,0.6164,0.4787,0.1366,-0.3284,-0.772,-1.1735,-1.0716,-0.8084,-0.6208,-0.4232,-0.2157,-0.1123,-0.1339,-0.1854,-0.2229,-0.2183,-0.2048,-0.1888,-0.1701,-0.1487,-0.1247,-0.0979,-0.0683,-0.0354,0.0019,0.0463,0.1026,0.1768,0.2697,0.3613,0.4167,0.4483,0.5153,0.6218,0.6891,0.7628,1.0143,1.0542,0.4876,-0.2226,-0.9222,-1.5286,-1.2636,-0.9144,-0.7598,-0.5771,-0.3925,-0.2776,-0.2432,-0.2466,-0.2568,-0.204,-0.1907,-0.1752,-0.1576,-0.1376,-0.1154,-0.0907,-0.0634,-0.0331,0.0013,0.0412,0.0887,0.1449,0.2072,0.2671,0.3165,0.3621,0.42,0.4959,0.6021,0.8434,1.3648,1.53,0.7757,-0.0405,-0.6662,-1.0246,-0.9962,-0.9723,-0.8993,-0.7016,-0.5184,-0.3959,-0.3312,-0.3026,-0.2904,-0.1922,-0.1793,-0.1645,-0.1478,-0.1292,-0.1086,-0.0858,-0.0608,-0.0331,-0.0022,0.0328,0.0723,0.1161,0.1625,0.2081,0.2512,0.295,0.3468,0.4162,0.5279,0.7399,1.0514,1.0963,0.6266,0.0408,-0.4209,-0.7066,-0.8595,-0.9754,-0.9123,-0.7302,-0.5673,-0.4532,-0.3818,-0.3399,-0.3155]},{"header":{"la1":42.85,"la2":41.18,"lo1":11.55,"lo2":14.05,"nx":36,"ny":24,"dx":0.07143,"dy":0.07261,"parameterCategory":2,"parameterNumber":3,"parameterNumberName":"northward_wind","parameterUnit":"m.s-1"},"data":[-0.4934,-0.4758,-0.4548,-0.4306,-0.404,-0.3772,-0.3538,-0.3374,-0.3308,-0.3337,-0.343,-0.354,-0.3625,-0.3661,-0.3639,-0.3566,-0.3456,-0.3332,-0.3214,-0.3123,-0.3067,-0.3051,-0.3076,-0.3138,-0.3229,-0.3342,-0.3468,-0.36,-0.3734,-0.3868,-0.3999,-0.4126,-0.4249,-0.4366,-0.4477,-0.4581,-0.4991,-0.479,-0.4537,-0.4225,-0.3862,-0.3473,-0.3116,-0.2869,-0.2795,-0.2896,-0.3108,-0.3339,-0.3514,-0.3598,-0.3584,-0.3488,-0.3334,-0.3158,-0.2998,-0.288,-0.2815,-0.2803,-0.2843,-0.293,-0.3054,-0.3199,-0.3355,-0.3514,-0.3671,-0.3825,-0.3974,-0.4116,-0.4252,-0.4381,-0.4502,-0.4615,-0.508,-0.4857,-0.4558,-0.4163,-0.3659,-0.307,-0.2481,-0.2055,-0.1953,-0.22,-0.2647,-0.3093,-0.3414,-0.3568,-0.3562,-0.3425,-0.3199,-0.2941,-0.2717,-0.2575,-0.2515,-0.2517,-0.2578,-0.2701,-0.2867,-0.3053,-0.3245,-0.3434,-0.3617,-0.3792,-0.3959,-0.4118,-0.4268,-0.4409,-0.454,-0.4662,-0.5208,-0.4975,-0.464,-0.4158,-0.3472,-0.2558,-0.1515,-0.067,-0.0475,-0.1046,-0.198,-0.2816,-0.3359,-0.3603,-0.3597,-0.3394,-0.3048,-0.2647,-0.2321,-0.2175,-0.2176,-0.2219,-0.2301,-0.2464,-0.2683,-0.2917,-0.3148,-0.3368,-0.3576,-0.3773,-0.3959,-0.4135,-0.4299,-0.4452,-0.4594,-0.4724,-0.538,-0.5156,-0.4815,-0.4276,-0.3397,-0.2013,-0.0096,0.1794,0.2304,0.0913,-0.1079,-0.2577,-0.3414,-0.375,-0.3729,-0.3428,-0.2892,-0.2221,-0.1679,-0.1591,-0.1841,-0.2015,-0.2084,-0.2265,-0.2529,-0.2807,-0.3073,-0.3323,-0.3556,-0.3773,-0.3978,-0.417,-0.4349,-0.4515,-0.4668,-0.4806,-0.559,-0.5395,-0.5096,-0.4586,-0.3615,-0.1736,0.1587,0.5964,0.7527,0.3913,-0.0198,-0.2581,-0.3683,-0.4067,-0.4011,-0.3596,-0.2808,-0.1651,-0.0532,-0.0559,-0.1455,-0.1983,-0.2014,-0.2151,-0.243,-0.2737,-0.3032,-0.3306,-0.356,-0.3797,-0.4019,-0.4228,-0.4422,-0.4601,-0.4765,-0.4911,-0.5822,-0.5656,-0.542,-0.5064,-0.4272,-0.2302,0.2074,0.9771,1.3421,0.5987,-0.0345,-0.3165,-0.4257,-0.4593,-0.4506,-0.4016,-0.3018,-0.1367,0.065,0.0549,-0.09,-0.1594,-0.1845,-0.2063,-0.2377,-0.2712,-0.3029,-0.3321,-0.3592,-0.3846,-0.4086,-0.4312,-0.4522,-0.4716,-0.489,-0.5045,-0.6064,-0.5881,-0.5603,-0.5392,-0.5146,-0.3907,-0.0648,0.5107,0.7668,0.2034,-0.2578,-0.4458,-0.5106,-0.5318,-0.5293,-0.484,-0.3755,-0.2128,-0.0497,-0.0251,-0.0414,-0.0709,-0.1383,-0.1917,-0.235,-0.2728,-0.3064,-0.337,-0.3655,-0.3925,-0.4183,-0.4428,-0.4656,-0.4865,-0.5051,-0.5213,-0.6341,-0.6127,-0.5587,-0.5095,-0.5733,-0.5798,-0.4811,-0.3423,-0.3411,-0.5019,-0.5955,-0.606,-0.6009,-0.6148,-0.6536,-0.6367,-0.4955,-0.3267,-0.1897,-0.0772,0.0776,0.0433,-0.0974,-0.1834,-0.238,-0.2793,-0.314,-0.3452,-0.3748,-0.4034,-0.4313,-0.458,-0.4831,-0.5057,-0.5256,-0.5424,-0.67,-0.6631,-0.6327,-0.6101,-0.7001,-0.7613,-0.8155,-0.9045,-1.0787,-1.1335,-0.918,-0.7398,-0.6675,-0.6821,-0.8408,-0.935,-0.62,-0.3947,-0.2586,-0.1335,0.0028,-0.0125,-0.1197,-0.1977,-0.2511,-0.2918,-0.3256,-0.3564,-0.3867,-0.4173,-0.448,-0.4779,-0.5057,-0.5306,-0.5517,-0.5689,-0.7094,-0.7305,-0.7733,-0.8668,-0.8751,-0.9204,-1.0714,-1.2438,-1.5798,-1.7663,-1.1394,-0.8008,-0.6976,-0.7017,-0.8215,-0.937,-0.5771,-0.3809,-0.2881,-0.2111,-0.1471,-0.1381,-0.1774,-0.2272,-0.2726,-0.3099,-0.3406,-0.3697,-0.4008,-0.4343,-0.4692,-0.5035,-0.5352,-0.5628,-0.5853,-0.6023,-0.7406,-0.7756,-0.8288,-0.8879,-0.913,-1.0508,-1.314,-1.5155,-1.5313,-1.5143,-1.0599,-0.7699,-0.7091,-0.808,-0.695,-0.5093,-0.3605,-0.3237,-0.3081,-0.246,-0.2007,-0.1898,-0.211,-0.2525,-0.2987,-0.334,-0.3581,-0.3835,-0.416,-0.4547,-0.4963,-0.5372,-0.5744,-0.6054,-0.6289,-0.6449,-0.7589,-0.7958,-0.8419,-0.8935,-0.9717,-1.1567,-1.4738,-1.7795,-1.5918,-1.2096,-0.8868,-0.7073,-0.6571,-0.8481,-0.6526,-0.1812,-0.0989,-0.3811,-0.4039,-0.2405,-0.1828,-0.1754,-0.2063,-0.2654,-0.332,-0.3683,-0.3766,-0.3955,-0.4321,-0.4797,-0.5318,-0.5829,-0.6278,-0.6628,-0.6864,-0.6995,-0.7662,-0.802,-0.8466,-0.905,-0.9965,-1.1539,-1.385,-1.6034,-1.4643,-1.0545,-0.7764,-0.6977,-0.6542,-0.243,-0.1154,0.4446,0.3487,-0.0773,-0.2287,-0.1488,-0.0925,-0.0926,-0.1575,-0.2577,-0.3623,-0.4023,-0.3886,-0.4044,-0.4501,-0.5121,-0.5807,-0.6472,-0.7029,-0.7422,-0.7636,-0.7699,-0.7648,-0.7978,-0.8386,-0.8917,-0.9648,-1.0641,-1.1742,-1.2254,-1.1056,-0.8809,-0.7152,-0.5829,-0.3435,0.0748,0.0956,0.6267,1.0284,0.3326,0.008,0.0048,0.1351,0.1187,-0.0474,-0.211,-0.333,-0.3813,-0.3826,-0.411,-0.4728,-0.5565,-0.6507,-0.7412,-0.8127,-0.8551,-0.8684,-0.8604,-0.7568,-0.7849,-0.8184,-0.8587,-0.9061,-0.9562,-0.9912,-0.9774,-0.8938,-0.7965,-0.8128,-0.5576,-0.4696,-0.2725,-0.0624,0.3703,0.7392,0.2514,-0.0094,0.1455,0.6751,0.5347,0.094,-0.1499,-0.271,-0.3263,-0.3585,-0.4108,-0.4985,-0.6166,-0.7526,-0.8837,-0.979,-1.0192,-1.011,-0.9747,-0.7441,-0.7665,-0.7915,-0.8185,-0.8452,-0.8659,-0.8697,-0.8451,-0.7954,-0.7587,-0.7894,-0.6678,-0.7141,-0.7444,-0.3688,-0.1229,-0.0298,-0.1964,-0.3172,0.0012,0.7414,0.57,0.0859,-0.1444,-0.2323,-0.2608,-0.2965,-0.382,-0.5172,-0.6924,-0.8998,-1.1045,-1.2372,-1.2584,-1.1993,-1.1117,-0.7288,-0.7456,-0.763,-0.7795,-0.7928,-0.7988,-0.7923,-0.7709,-0.7396,-0.7127,-0.694,-0.6784,-0.785,-0.8068,-0.6317,-0.5588,-0.4608,-0.6386,-0.9043,-0.471,-0.0532,0.0267,-0.1107,-0.2043,-0.1964,-0.118,-0.1232,-0.2915,-0.5198,-0.7796,-1.0987,-1.4372,-1.6282,-1.5855,-1.4238,-1.2566,-0.7127,-0.7247,-0.7361,-0.7454,-0.7509,-0.7502,-0.7412,-0.7239,-0.7018,-0.6803,-0.664,-0.6615,-0.6878,-0.7315,-0.9568,-1.0737,-0.7098,-0.7198,-0.8389,-0.6925,-0.4738,-0.3375,-0.3142,-0.2898,-0.1487,0.177,0.2454,-0.1672,-0.5325,-0.8667,-1.3063,-1.8388,-2.1029,-1.9296,-1.625,-1.3732,-0.697,-0.7052,-0.7122,-0.7169,-0.7181,-0.7146,-0.7056,-0.6918,-0.6752,-0.6592,-0.6476,-0.6465,-0.6655,-0.7343,-0.9258,-0.986,-0.7554,-0.705,-0.8199,-0.8775,-0.6593,-0.5367,-0.4852,-0.4117,-0.2244,0.1966,0.2936,-0.2885,-0.6324,-0.936,-1.386,-1.9996,-2.2966,-2.0545,-1.6936,-1.4149,-0.6823,-0.6878,-0.6918,-0.6936,-0.6925,-0.688,-0.6799,-0.6687,-0.6561,-0.6442,-0.6361,-0.6359,-0.6505,-0.6904,-0.7503,-0.7582,-0.7018,-0.6905,-0.7527,-0.7744,-0.7081,-0.6962,-0.683,-0.5962,-0.4846,-0.47,-0.7483,-0.7766,-0.8214,-0.9902,-1.2864,-1.7112,-1.9536,-1.835,-1.587,-1.3675,-0.6691,-0.6725,-0.6745,-0.6746,-0.6725,-0.6678,-0.6607,-0.6516,-0.6419,-0.6329,-0.6268,-0.6261,-0.6337,-0.6505,-0.6686,-0.6711,-0.6611,-0.6653,-0.6912,-0.7203,-0.7826,-0.9339,-0.9794,-0.8118,-0.7044,-0.8165,-1.0845,-1.0001,-1.0064,-1.0705,-1.175,-1.3698,-1.519,-1.5103,-1.3987,-1.2661,-0.6574,-0.6594,-0.6601,-0.6593,-0.6566,-0.6522,-0.646,-0.6387,-0.6309,-0.6239,-0.6189,-0.6174,-0.6201,-0.6266,-0.6333,-0.6366,-0.6395,-0.6507,-0.6772,-0.7314,-0.8607,-1.1057,-1.1784,-0.9439,-0.8069,-0.8465,-0.9538,-1.0525,-1.2264,-1.1928,-1.1421,-1.1883,-1.255,-1.27,-1.2278,-1.157,-0.6472,-0.6482,-0.6481,-0.6467,-0.644,-0.6399,-0.6346,-0.6286,-0.6224,-0.6168,-0.6126,-0.6105,-0.6109,-0.6135,-0.6172,-0.6218,-0.6293,-0.6447,-0.6748,-0.7331,-0.8422,-0.9898,-1.0278,-0.9131,-0.8317,-0.8486,-0.9342,-1.0896,-1.2539,-1.2102,-1.1219,-1.1021,-1.1166,-1.1222,-1.103,-1.0641]}]