docs/data/wind_grid.json
[{"header":{"la1":42.85,"la2":41.18,"lo1":11.55,"lo2":14.05,"nx":36,"ny":24,"dx":0.07143,"dy":0.07261,"parameterCategory":2,"parameterNumber":2,"parameterNumberName":"eastward_wind","parameterUnit":"m.s-1"},"data":[-0.679,-0.6809,-0.6833,-0.6863,-0.69,-0.6946,-0.7003,-0.7075,-0.7171,-0.7305,-0.7497,-0.7765,-0.8118,-0.8536,-0.8951,-0.9252,-0.9338,-0.9187,-0.887,-0.8484,-0.8102,-0.7758,-0.7461,-0.7209,-0.6995,-0.6812,-0.6656,-0.6521,-0.6404,-0.6303,-0.6215,-0.6139,-0.6074,-0.6017,-0.5969,-0.5928,-0.6787,-0.6805,-0.6828,-0.6858,-0.6897,-0.6946,-0.7004,-0.7074,-0.7166,-0.7299,-0.751,-0.784,-0.8324,-0.8959,-0.9651,-1.0181,-1.0309,-1.0002,-0.9445,-0.8844,-0.8308,-0.7865,-0.7506,-0.7215,-0.6976,-0.6777,-0.6609,-0.6467,-0.6345,-0.624,-0.6151,-0.6074,-0.6008,-0.5953,-0.5906,-0.5866,-0.6783,-0.6799,-0.6822,-0.6854,-0.6897,-0.6951,-0.7015,-0.7083,-0.716,-0.7272,-0.7477,-0.7852,-0.8481,-0.9422,-1.0589,-1.1562,-1.1749,-1.1092,-1.0103,-0.9188,-0.8467,-0.7923,-0.7509,-0.7187,-0.693,-0.6719,-0.6543,-0.6396,-0.6271,-0.6164,-0.6074,-0.5998,-0.5933,-0.5879,-0.5834,-0.5797,-0.6778,-0.6793,-0.6814,-0.6848,-0.6898,-0.6968,-0.7052,-0.7131,-0.7186,-0.7241,-0.7388,-0.7755,-0.849,-0.976,-1.16,-1.3346,-1.3597,-1.2277,-1.0656,-0.9393,-0.8513,-0.79,-0.7455,-0.7118,-0.6851,-0.6635,-0.6456,-0.6306,-0.618,-0.6074,-0.5984,-0.5909,-0.5847,-0.5796,-0.5754,-0.5721,-0.6774,-0.6785,-0.6804,-0.6838,-0.6897,-0.6994,-0.7133,-0.7269,-0.7311,-0.725,-0.7253,-0.752,-0.823,-0.9629,-1.193,-1.4407,-1.4715,-1.2763,-1.0711,-0.9297,-0.8386,-0.7774,-0.7337,-0.7004,-0.674,-0.6524,-0.6345,-0.6196,-0.6071,-0.5967,-0.588,-0.5808,-0.575,-0.5703,-0.5665,-0.5636,-0.6772,-0.6778,-0.679,-0.6819,-0.6881,-0.701,-0.7245,-0.755,-0.7645,-0.7357,-0.7085,-0.715,-0.767,-0.8809,-1.0725,-1.2819,-1.317,-1.1648,-0.9999,-0.8845,-0.8085,-0.7557,-0.7162,-0.6851,-0.6597,-0.6387,-0.6211,-0.6065,-0.5943,-0.5843,-0.576,-0.5694,-0.564,-0.5599,-0.5567,-0.5544,-0.6773,-0.6773,-0.6776,-0.6789,-0.6834,-0.6959,-0.7261,-0.7804,-0.8057,-0.7421,-0.6809,-0.6655,-0.6915,-0.7599,-0.8699,-0.9835,-1.0196,-0.9655,-0.887,-0.8209,-0.7699,-0.7293,-0.6956,-0.667,-0.6427,-0.6223,-0.6052,-0.5911,-0.5795,-0.57,-0.5625,-0.5565,-0.5518,-0.5484,-0.5459,-0.5443,-0.678,-0.6775,-0.6767,-0.6758,-0.676,-0.6806,-0.6981,-0.7374,-0.7523,-0.6847,-0.6238,-0.6023,-0.609,-0.6412,-0.6973,-0.7606,-0.8016,-0.8083,-0.7924,-0.7664,-0.7362,-0.7048,-0.6745,-0.6471,-0.6233,-0.6032,-0.5867,-0.5732,-0.5624,-0.5538,-0.5471,-0.542,-0.5383,-0.5358,-0.5342,-0.5334,-0.6798,-0.6791,-0.6776,-0.6749,-0.6703,-0.6629,-0.6523,-0.6362,-0.6027,-0.5584,-0.5372,-0.5293,-0.5243,-0.5331,-0.5677,-0.6243,-0.6839,-0.7278,-0.7466,-0.7409,-0.7178,-0.6866,-0.6545,-0.6254,-0.6009,-0.581,-0.5651,-0.5526,-0.5429,-0.5355,-0.53,-0.5261,-0.5235,-0.522,-0.5214,-0.5217,-0.6827,-0.6825,-0.6814,-0.6788,-0.6728,-0.6594,-0.6283,-0.5592,-0.4434,-0.3903,-0.441,-0.4591,-0.4359,-0.4186,-0.4488,-0.5306,-0.6336,-0.7206,-0.7629,-0.7562,-0.72,-0.6752,-0.6339,-0.6001,-0.5741,-0.5544,-0.5397,-0.5287,-0.5206,-0.5149,-0.5109,-0.5084,-0.5072,-0.507,-0.5077,-0.5091,-0.6868,-0.6877,-0.6884,-0.6886,-0.6871,-0.6808,-0.6568,-0.566,-0.2901,-0.161,-0.3749,-0.4097,-0.3371,-0.2631,-0.2984,-0.4486,-0.6412,-0.8084,-0.8704,-0.8242,-0.7405,-0.6641,-0.6066,-0.5668,-0.5401,-0.5221,-0.5098,-0.5012,-0.4955,-0.4918,-0.4899,-0.4892,-0.4896,-0.4909,-0.493,-0.4958,-0.6916,-0.6942,-0.6974,-0.7021,-0.7093,-0.721,-0.7372,-0.7283,-0.5163,-0.3329,-0.4292,-0.396,-0.2418,-0.0367,-0.0806,-0.3788,-0.7242,-1.0762,-1.1416,-0.9461,-0.7589,-0.6343,-0.56,-0.5186,-0.4958,-0.4826,-0.4746,-0.4697,-0.4671,-0.4664,-0.4669,-0.4685,-0.4707,-0.4737,-0.4774,-0.4817,-0.6966,-0.7008,-0.7065,-0.7152,-0.7297,-0.7559,-0.8016,-0.8128,-0.8184,-0.622,-0.5243,-0.4133,-0.2765,0.0801,0.0455,-0.4021,-0.8382,-1.5115,-1.5215,-1.0246,-0.7144,-0.5508,-0.4759,-0.4478,-0.4386,-0.4353,-0.4338,-0.4338,-0.4355,-0.4385,-0.4422,-0.4464,-0.4508,-0.4556,-0.461,-0.4669,-0.7013,-0.7067,-0.7141,-0.7249,-0.7416,-0.7691,-0.8148,-0.8873,-0.8454,-0.7181,-0.6149,-0.4206,-0.3566,-0.4617,-0.3704,-0.5607,-0.8183,-1.2005,-1.2357,-0.838,-0.5185,-0.3641,-0.3347,-0.3512,-0.37,-0.3812,-0.3875,-0.3933,-0.4004,-0.4084,-0.4162,-0.4233,-0.4299,-0.4365,-0.4437,-0.4516,-0.7053,-0.7115,-0.7196,-0.7306,-0.7459,-0.767,-0.7933,-0.8142,-0.8091,-0.8101,-0.8164,-0.7262,-0.6069,-0.5943,-0.5791,-0.7302,-0.8654,-0.8364,-0.7585,-0.4566,-0.097,-0.0139,-0.1313,-0.2402,-0.2984,-0.323,-0.3348,-0.3465,-0.3612,-0.3765,-0.3897,-0.4,-0.4084,-0.4166,-0.4257,-0.4357,-0.7084,-0.715,-0.7234,-0.734,-0.7474,-0.7639,-0.7828,-0.8042,-0.842,-0.9475,-1.1689,-1.0677,-0.9114,-0.7315,-0.7108,-0.7643,-0.822,-0.7258,-0.5385,-0.0917,0.5894,0.4806,0.0659,-0.1538,-0.2373,-0.2599,-0.2697,-0.2889,-0.3168,-0.3441,-0.3645,-0.3776,-0.3867,-0.3959,-0.4069,-0.4196,-0.7107,-0.7175,-0.7258,-0.736,-0.7485,-0.7638,-0.7835,-0.8126,-0.8666,-0.9782,-1.1444,-1.0613,-1.0395,-1.0473,-0.853,-0.789,-0.7406,-0.6395,-0.4886,-0.0954,0.6683,0.5234,0.0707,-0.1392,-0.1907,-0.1768,-0.1737,-0.2113,-0.267,-0.3144,-0.3438,-0.3575,-0.3647,-0.374,-0.3876,-0.4038,-0.7122,-0.7189,-0.7271,-0.737,-0.749,-0.7642,-0.7842,-0.8132,-0.8577,-0.9199,-0.973,-0.9832,-1.0561,-1.0716,-0.9484,-0.8964,-0.7659,-0.5995,-0.5129,-0.4088,-0.0874,-0.0021,-0.1196,-0.1829,-0.1374,-0.0329,-0.0087,-0.1051,-0.2186,-0.2947,-0.3314,-0.3406,-0.3421,-0.3513,-0.3689,-0.3897,-0.7128,-0.7195,-0.7274,-0.7368,-0.7483,-0.7627,-0.781,-0.8053,-0.8365,-0.8716,-0.9013,-0.9238,-0.9528,-0.9751,-1.0776,-1.1278,-0.8559,-0.6566,-0.5994,-0.6662,-0.5049,-0.354,-0.2964,-0.2357,-0.0761,0.1913,0.2459,-0.0059,-0.2012,-0.2961,-0.3298,-0.3274,-0.3209,-0.3318,-0.3548,-0.38,-0.7126,-0.719,-0.7266,-0.7354,-0.746,-0.7589,-0.7745,-0.7935,-0.8154,-0.8381,-0.8589,-0.8777,-0.8996,-0.9406,-1.0441,-1.0674,-0.8751,-0.7623,-0.8764,-0.9581,-0.6921,-0.5075,-0.4041,-0.3024,-0.1192,0.2015,0.269,-0.1014,-0.2698,-0.3281,-0.3395,-0.3239,-0.3131,-0.3257,-0.3512,-0.378,-0.7117,-0.7178,-0.7247,-0.7328,-0.7423,-0.7533,-0.7661,-0.7807,-0.7966,-0.8125,-0.8275,-0.8421,-0.859,-0.8845,-0.915,-0.9011,-0.825,-0.7766,-0.8182,-0.8244,-0.6771,-0.5433,-0.4652,-0.391,-0.303,-0.2927,-0.514,-0.5013,-0.4175,-0.3849,-0.3641,-0.3417,-0.3307,-0.3402,-0.3614,-0.3848,-0.7102,-0.7157,-0.7221,-0.7292,-0.7374,-0.7466,-0.7569,-0.7681,-0.7797,-0.791,-0.8016,-0.8116,-0.8214,-0.8308,-0.8332,-0.815,-0.7771,-0.7447,-0.729,-0.6914,-0.603,-0.5205,-0.4905,-0.4604,-0.4429,-0.5572,-0.7755,-0.6794,-0.5169,-0.4378,-0.3988,-0.3747,-0.3639,-0.3677,-0.3813,-0.3985,-0.7081,-0.7131,-0.7187,-0.7249,-0.7318,-0.7394,-0.7474,-0.7559,-0.7643,-0.7721,-0.7791,-0.7848,-0.7886,-0.7891,-0.7827,-0.7655,-0.7389,-0.7094,-0.6773,-0.63,-0.5608,-0.5003,-0.4903,-0.4875,-0.4901,-0.551,-0.6296,-0.605,-0.5255,-0.4653,-0.429,-0.4074,-0.3969,-0.3966,-0.4039,-0.4153,-0.7055,-0.7099,-0.7148,-0.7201,-0.7258,-0.7318,-0.738,-0.7443,-0.7501,-0.7553,-0.7593,-0.7616,-0.7614,-0.7575,-0.7482,-0.7321,-0.7096,-0.6821,-0.6488,-0.6064,-0.556,-0.5147,-0.501,-0.4993,-0.5026,-0.5232,-0.5461,-0.5397,-0.5084,-0.4751,-0.4498,-0.433,-0.4239,-0.4217,-0.4252,-0.4323]},{"header":{"la1":42.85,"la2":41.18,"lo1":11.55,"lo2":14.05,"nx":36,"ny":24,"dx":0.07143,"dy":0.07261,"parameterCategory":2,"parameterNumber":3,"parameterNumberName":"northward_wind","parameterUnit":"m.s-1"},"data":[0.064,0.08,0.0981,0.1177,0.1376,0.1557,0.1689,0.1742,0.1696,0.1557,0.1353,0.1128,0.092,0.0756,0.0638,0.0554,0.0481,0.0403,0.0317,0.023,0.0148,0.0075,0.0009,-0.005,-0.0106,-0.0159,-0.0212,-0.0265,-0.032,-0.0376,-0.0432,-0.0489,-0.0546,-0.0601,-0.0654,-0.0705,0.0668,0.0862,0.1093,0.1358,0.1646,0.1927,0.2152,0.226,0.2205,0.199,0.167,0.1328,0.1031,0.0819,0.0696,0.0628,0.0565,0.0476,0.0367,0.0257,0.0159,0.0077,0.0007,-0.0055,-0.0111,-0.0166,-0.0221,-0.0277,-0.0335,-0.0395,-0.0457,-0.052,-0.0582,-0.0642,-0.0701,-0.0756,0.0673,0.0902,0.119,0.1545,0.196,0.2406,0.2804,0.3034,0.2981,0.2632,0.2107,0.1568,0.1135,0.0864,0.0751,0.0734,0.0696,0.058,0.0424,0.0278,0.0161,0.007,-0.0002,-0.0063,-0.0119,-0.0174,-0.023,-0.0289,-0.0352,-0.0418,-0.0486,-0.0555,-0.0624,-0.0691,-0.0755,-0.0815,0.0642,0.0901,0.1248,0.1706,0.2294,0.3,0.3727,0.4237,0.4227,0.3624,0.2712,0.1846,0.1216,0.0871,0.0797,0.0883,0.0885,0.0702,0.0467,0.0278,0.0145,0.0052,-0.0018,-0.0075,-0.0128,-0.0182,-0.0239,-0.0302,-0.037,-0.0442,-0.0518,-0.0596,-0.0673,-0.0749,-0.082,-0.0886,0.0562,0.0838,0.1228,0.1785,0.2573,0.3653,0.4974,0.6133,0.6306,0.5164,0.3501,0.212,0.1238,0.0812,0.0779,0.0982,0.1014,0.0741,0.044,0.0231,0.0101,0.0018,-0.004,-0.0089,-0.0137,-0.0189,-0.0247,-0.0314,-0.0389,-0.047,-0.0556,-0.0645,-0.0733,-0.0818,-0.0897,-0.097,0.0422,0.0689,0.1088,0.1698,0.2647,0.4133,0.6339,0.8857,0.9608,0.7276,0.427,0.2234,0.112,0.0628,0.0574,0.0757,0.0783,0.0543,0.029,0.0124,0.0029,-0.0027,-0.0066,-0.0101,-0.0142,-0.0191,-0.0252,-0.0324,-0.0408,-0.0501,-0.0601,-0.0703,-0.0805,-0.0902,-0.0991,-0.1071,0.0221,0.0444,0.0796,0.1366,0.2319,0.3968,0.6828,1.0964,1.2702,0.8618,0.4291,0.1909,0.0751,0.0254,0.0146,0.0221,0.025,0.0159,0.0049,-0.0022,-0.0057,-0.0074,-0.0087,-0.0106,-0.0138,-0.0185,-0.025,-0.0331,-0.0428,-0.0537,-0.0654,-0.0774,-0.0893,-0.1005,-0.1107,-0.1195,-0.0034,0.0111,0.0355,0.0771,0.1498,0.2798,0.5098,0.8452,0.9731,0.6249,0.2847,0.1013,0.0096,-0.0317,-0.0421,-0.0363,-0.0276,-0.0224,-0.0195,-0.0167,-0.0136,-0.011,-0.0094,-0.0096,-0.012,-0.0167,-0.0238,-0.0332,-0.0447,-0.0577,-0.0718,-0.0863,-0.1004,-0.1135,-0.1251,-0.1348,-0.0323,-0.028,-0.019,-0.0011,0.033,0.0949,0.1943,0.3043,0.3148,0.1966,0.0737,-0.0148,-0.0737,-0.1043,-0.1076,-0.092,-0.0708,-0.0527,-0.039,-0.0281,-0.0191,-0.0121,-0.0077,-0.0063,-0.0081,-0.0131,-0.0213,-0.0325,-0.0465,-0.0625,-0.0799,-0.0976,-0.1146,-0.1301,-0.1433,-0.154,-0.0615,-0.0683,-0.076,-0.0841,-0.091,-0.0927,-0.0835,-0.0647,-0.0576,-0.0639,-0.0771,-0.114,-0.1624,-0.1947,-0.1869,-0.1476,-0.1048,-0.074,-0.0531,-0.036,-0.0212,-0.0098,-0.0025,0.0002,-0.0013,-0.007,-0.0169,-0.0307,-0.0481,-0.0683,-0.0902,-0.1123,-0.1332,-0.1516,-0.1667,-0.1781,-0.0878,-0.1046,-0.1275,-0.1591,-0.202,-0.2559,-0.3046,-0.2916,-0.1644,-0.1123,-0.1451,-0.1815,-0.2568,-0.3263,-0.298,-0.2041,-0.1257,-0.0873,-0.0664,-0.0427,-0.0196,-0.0025,0.0076,0.0113,0.0094,0.0023,-0.0099,-0.0273,-0.0496,-0.0756,-0.1038,-0.132,-0.1581,-0.1802,-0.1972,-0.209,-0.1086,-0.1327,-0.1666,-0.2154,-0.2862,-0.3873,-0.5152,-0.5881,-0.3744,-0.1964,-0.187,-0.2132,-0.3445,-0.5654,-0.4543,-0.2402,-0.1189,-0.1058,-0.0984,-0.0524,-0.0122,0.0126,0.0249,0.0283,0.0251,0.016,0.0007,-0.0215,-0.0506,-0.085,-0.1224,-0.1592,-0.1922,-0.2188,-0.2377,-0.2488,-0.1218,-0.1496,-0.1886,-0.245,-0.3285,-0.4546,-0.6379,-0.8033,-0.6808,-0.3407,-0.193,-0.196,-0.2831,-0.6063,-0.4684,-0.173,-0.0532,-0.1617,-0.1641,-0.0519,0.0109,0.0417,0.0529,0.0531,0.0471,0.0357,0.0167,-0.0118,-0.0505,-0.0974,-0.1483,-0.1978,-0.2404,-0.2723,-0.292,-0.3006,-0.127,-0.1545,-0.1923,-0.2454,-0.3213,-0.431,-0.5804,-0.7328,-0.617,-0.2831,-0.1178,-0.1788,-0.1967,0.0529,-0.0833,0.0766,0.1988,-0.0022,-0.0663,0.0077,0.0676,0.0962,0.0964,0.0868,0.0766,0.0638,0.0417,0.0049,-0.0479,-0.1137,-0.1855,-0.254,-0.31,-0.3476,-0.3658,-0.3679,-0.1249,-0.149,-0.1806,-0.2221,-0.2763,-0.3437,-0.4132,-0.4347,-0.3115,-0.0853,0.0665,0.0856,0.1299,0.3754,0.1588,0.4499,0.8475,0.3374,0.1003,0.0993,0.1793,0.1969,0.1579,0.1273,0.1147,0.1058,0.0833,0.0354,-0.0395,-0.1355,-0.2406,-0.3387,-0.4134,-0.4554,-0.4662,-0.4545,-0.1173,-0.1361,-0.1591,-0.1863,-0.2163,-0.2436,-0.2527,-0.2124,-0.0902,0.1073,0.3207,0.3546,0.2881,0.2464,0.225,0.4246,0.6609,0.2905,0.0718,0.1471,0.3865,0.3512,0.218,0.1653,0.1647,0.1752,0.1583,0.0927,-0.0196,-0.1648,-0.3239,-0.4692,-0.5695,-0.6103,-0.6011,-0.5629,-0.1063,-0.1194,-0.1338,-0.1482,-0.1595,-0.1614,-0.1427,-0.088,0.0142,0.1618,0.3105,0.3119,0.3606,0.3848,0.2306,0.2024,0.1571,-0.0745,-0.2304,0.0091,0.4007,0.3567,0.2168,0.1911,0.2402,0.3044,0.3033,0.199,0.0194,-0.2043,-0.4496,-0.6707,-0.8043,-0.8273,-0.7737,-0.6898,-0.0938,-0.1019,-0.1092,-0.1142,-0.1138,-0.1034,-0.0766,-0.0272,0.0461,0.1337,0.2071,0.2537,0.3567,0.3679,0.1706,0.0695,-0.0686,-0.4876,-0.8685,-0.3403,0.0401,0.1463,0.1558,0.2137,0.3642,0.5563,0.5847,0.3747,0.0743,-0.2571,-0.6251,-0.9623,-1.1317,-1.1017,-0.9683,-0.8193,-0.0815,-0.0855,-0.0877,-0.0867,-0.0803,-0.0655,-0.0394,-0.0002,0.0502,0.1045,0.1517,0.1888,0.2152,0.1743,0.0468,0.0045,-0.1014,-0.4331,-0.6418,-0.2927,-0.1034,0.0215,0.1067,0.2308,0.5019,0.9465,1.0323,0.5538,0.0965,-0.3206,-0.8101,-1.2843,-1.4781,-1.3605,-1.1316,-0.9188,-0.0702,-0.0712,-0.0702,-0.0659,-0.057,-0.0419,-0.0194,0.0104,0.0453,0.0807,0.1108,0.1303,0.1301,0.0935,0.0301,-0.0009,-0.077,-0.2014,-0.1672,-0.1141,-0.0944,-0.0041,0.0818,0.1975,0.4505,0.9629,1.0715,0.3824,-0.0189,-0.3799,-0.8812,-1.4044,-1.6032,-1.4472,-1.1836,-0.9506,-0.0604,-0.0595,-0.0565,-0.0508,-0.0414,-0.0277,-0.0093,0.013,0.0374,0.0609,0.0794,0.0888,0.0838,0.0613,0.0278,-0.0077,-0.059,-0.1126,-0.1217,-0.1031,-0.0518,0.0268,0.0811,0.1189,0.1628,0.0916,-0.3522,-0.3425,-0.2625,-0.4203,-0.7827,-1.1924,-1.3786,-1.2918,-1.0947,-0.9022,-0.0523,-0.0502,-0.0463,-0.0402,-0.0313,-0.0195,-0.0049,0.0117,0.029,0.0446,0.056,0.0605,0.0556,0.0408,0.0184,-0.0093,-0.041,-0.0674,-0.0733,-0.049,0.0171,0.1075,0.1354,0.0839,-0.037,-0.3766,-0.8406,-0.6633,-0.4169,-0.4332,-0.6337,-0.8855,-1.0336,-1.0256,-0.9241,-0.7992,-0.0458,-0.043,-0.0388,-0.0329,-0.025,-0.0152,-0.0037,0.0087,0.021,0.0315,0.0387,0.0408,0.0367,0.0264,0.0109,-0.0077,-0.0261,-0.038,-0.0342,-0.0041,0.0657,0.1653,0.1897,0.094,-0.0665,-0.3114,-0.5279,-0.5072,-0.409,-0.4107,-0.5155,-0.6579,-0.7605,-0.7857,-0.748,-0.6801,-0.0406,-0.0377,-0.0335,-0.0281,-0.0213,-0.0132,-0.0042,0.0051,0.0139,0.0211,0.0257,0.0267,0.0235,0.0163,0.0059,-0.0059,-0.0161,-0.0203,-0.0128,0.0131,0.0627,0.1219,0.1328,0.0638,-0.0552,-0.1986,-0.3133,-0.3486,-0.3439,-0.3647,-0.4281,-0.5113,-0.5793,-0.6099,-0.6028,-0.5705]}]