docs/data/wind_grid.json
[{"header":{"la1":42.85,"la2":41.18,"lo1":11.55,"lo2":14.05,"nx":36,"ny":24,"dx":0.07143,"dy":0.07261,"parameterCategory":2,"parameterNumber":2,"parameterNumberName":"eastward_wind","parameterUnit":"m.s-1"},"data":[-0.1991,-0.1976,-0.1945,-0.1898,-0.1838,-0.1769,-0.1695,-0.1622,-0.1552,-0.1489,-0.1437,-0.1398,-0.1374,-0.136,-0.1349,-0.132,-0.1244,-0.1081,-0.0796,-0.0386,0.0097,0.0556,0.0897,0.1084,0.1146,0.1134,0.1094,0.1049,0.1009,0.0976,0.0948,0.0925,0.0903,0.0882,0.0862,0.0841,-0.2137,-0.2124,-0.209,-0.2035,-0.1962,-0.1878,-0.1789,-0.1702,-0.1621,-0.1552,-0.1499,-0.1467,-0.1462,-0.1483,-0.1522,-0.1557,-0.1542,-0.1404,-0.1054,-0.0452,0.0316,0.1036,0.1495,0.1646,0.1594,0.1467,0.1338,0.1234,0.1156,0.1098,0.1054,0.1017,0.0985,0.0956,0.0927,0.09,-0.2306,-0.2298,-0.2261,-0.2195,-0.2103,-0.1996,-0.1885,-0.178,-0.1687,-0.1607,-0.1549,-0.1524,-0.1542,-0.1608,-0.1722,-0.1868,-0.1991,-0.196,-0.1568,-0.0643,0.0704,0.1959,0.2575,0.2534,0.2203,0.1861,0.16,0.1422,0.1303,0.1221,0.116,0.1112,0.107,0.1031,0.0993,0.0958,-0.2502,-0.2503,-0.2465,-0.2385,-0.2267,-0.2124,-0.1981,-0.1854,-0.1746,-0.1652,-0.1582,-0.156,-0.1602,-0.1723,-0.1936,-0.2255,-0.2649,-0.294,-0.2666,-0.1236,0.1362,0.3846,0.4576,0.3865,0.2933,0.2259,0.1842,0.1593,0.144,0.134,0.1267,0.1207,0.1155,0.1106,0.1059,0.1015,-0.273,-0.2746,-0.2712,-0.2619,-0.2465,-0.2267,-0.2069,-0.1917,-0.1804,-0.1689,-0.1592,-0.1563,-0.163,-0.1807,-0.2129,-0.2669,-0.3523,-0.4615,-0.5098,-0.3123,0.2065,0.7441,0.7815,0.5387,0.3543,0.2536,0.201,0.1726,0.1562,0.1454,0.1374,0.1305,0.1241,0.1182,0.1124,0.107,-0.2991,-0.303,-0.3009,-0.291,-0.2717,-0.2436,-0.2144,-0.1963,-0.1883,-0.1725,-0.1563,-0.1521,-0.1616,-0.1846,-0.2251,-0.2979,-0.4388,-0.7009,-1.0095,-0.8265,0.0663,0.9778,0.9546,0.5748,0.3572,0.2553,0.2066,0.1817,0.1671,0.1569,0.1484,0.1405,0.133,0.1257,0.1187,0.1121,-0.3281,-0.3343,-0.3326,-0.3238,-0.3045,-0.2674,-0.2224,-0.1982,-0.199,-0.1715,-0.1445,-0.1409,-0.1557,-0.1848,-0.2292,-0.3034,-0.4623,-0.8437,-1.5341,-1.4279,-0.3312,0.3944,0.5425,0.4023,0.2908,0.233,0.2046,0.1893,0.1788,0.1696,0.1605,0.1513,0.142,0.133,0.1245,0.1166,-0.36,-0.3662,-0.3543,-0.3416,-0.3413,-0.3051,-0.2389,-0.192,-0.1761,-0.1365,-0.1118,-0.1197,-0.1465,-0.1869,-0.2372,-0.2931,-0.3923,-0.6394,-1.0267,-0.8746,-0.264,0.0152,0.1661,0.2141,0.215,0.2098,0.2059,0.2014,0.1946,0.1854,0.1745,0.1628,0.1511,0.1399,0.1295,0.1201,-0.3973,-0.4058,-0.3616,-0.3014,-0.3799,-0.3671,-0.2679,-0.1651,-0.0807,-0.0305,-0.0434,-0.0867,-0.1346,-0.1984,-0.2852,-0.3307,-0.3207,-0.3631,-0.4188,-0.2783,-0.0278,-0.0088,0.0577,0.1352,0.1833,0.2106,0.2237,0.2253,0.2183,0.2059,0.1909,0.1751,0.1598,0.1457,0.1331,0.1221,-0.4423,-0.4828,-0.487,-0.4746,-0.58,-0.4835,-0.3128,-0.1198,0.1257,0.2229,0.0745,-0.0485,-0.1167,-0.2038,-0.4184,-0.5361,-0.3164,-0.2136,-0.1773,-0.1121,-0.0286,0.0027,0.0642,0.1422,0.2072,0.2504,0.2695,0.268,0.2532,0.2322,0.2094,0.1874,0.1673,0.1496,0.1344,0.1218,-0.4827,-0.58,-0.7604,-1.1172,-1.0513,-0.6321,-0.3912,-0.1531,0.442,0.7379,0.1837,-0.0343,-0.0904,-0.1369,-0.3517,-0.523,-0.2371,-0.1046,-0.0559,-0.025,0.011,0.0561,0.1234,0.2072,0.2884,0.3427,0.3554,0.3352,0.3004,0.2631,0.2283,0.1978,0.1717,0.15,0.1323,0.1182,-0.4937,-0.6088,-0.8119,-1.1019,-1.0256,-0.6521,-0.5187,-0.4886,-0.0216,0.3492,0.0534,-0.0736,-0.0721,-0.023,-0.0516,-0.1016,-0.0475,0.0133,0.0383,0.0517,0.084,0.1353,0.211,0.3175,0.4394,0.5139,0.4971,0.429,0.3562,0.2942,0.2439,0.2032,0.1706,0.1448,0.1249,0.11,-0.4686,-0.556,-0.6703,-0.7621,-0.7082,-0.5851,-0.6155,-0.7913,-0.5866,-0.2144,-0.1365,-0.1443,-0.1133,0.014,0.037,0.0922,0.0975,0.0904,0.0933,0.1073,0.156,0.2188,0.3062,0.4546,0.674,0.7999,0.698,0.5345,0.4072,0.3167,0.2502,0.1994,0.1605,0.1314,0.1104,0.0959,-0.4232,-0.4769,-0.5292,-0.5553,-0.5365,-0.5173,-0.5704,-0.6746,-0.5716,-0.3222,-0.2211,-0.1975,-0.1991,-0.2591,0.058,0.4433,0.2406,0.0893,0.1051,0.1646,0.2474,0.3159,0.3918,0.5567,0.8825,1.0811,0.8555,0.5966,0.4291,0.3192,0.2405,0.1813,0.1372,0.1061,0.0859,0.074,-0.3741,-0.4054,-0.4305,-0.4414,-0.4387,-0.4399,-0.4598,-0.4695,-0.4037,-0.3125,-0.283,-0.2773,-0.2879,-0.4589,0.0497,0.4839,-0.3985,-0.0285,0.1322,0.2721,0.4167,0.4627,0.4661,0.5589,0.788,0.9353,0.7722,0.5584,0.405,0.2948,0.2098,0.1436,0.0952,0.0643,0.0483,0.0426,-0.3289,-0.3474,-0.3607,-0.3665,-0.3665,-0.3656,-0.3642,-0.3509,-0.3211,-0.3134,-0.3713,-0.4431,-0.3557,-0.2428,-0.0557,-0.0381,-0.3059,-0.0075,0.2136,0.4349,0.7342,0.686,0.537,0.5213,0.5903,0.6355,0.5752,0.4625,0.3497,0.2473,0.156,0.0799,0.0266,-0.0003,-0.0058,0.0005,-0.2895,-0.3004,-0.3076,-0.3101,-0.3087,-0.3045,-0.2971,-0.2855,-0.2771,-0.2955,-0.3523,-0.3515,-0.3257,-0.2868,-0.062,0.0426,0.078,0.2091,0.3558,0.5126,0.7912,0.728,0.557,0.4973,0.4977,0.5018,0.4689,0.3932,0.2937,0.1866,0.0785,-0.0185,-0.0803,-0.0955,-0.0789,-0.0513,-0.2551,-0.2614,-0.2647,-0.2646,-0.2614,-0.2555,-0.2473,-0.2386,-0.2344,-0.2418,-0.2534,-0.2467,-0.271,-0.2292,0.1099,0.2807,0.2944,0.4061,0.4937,0.5399,0.6081,0.5963,0.529,0.4841,0.4845,0.5182,0.5012,0.3875,0.251,0.1197,-0.0207,-0.1599,-0.2374,-0.224,-0.166,-0.1069,-0.2249,-0.228,-0.2286,-0.2265,-0.2219,-0.2149,-0.2061,-0.1969,-0.189,-0.1825,-0.1713,-0.1455,-0.0924,0.0839,0.5686,0.7581,0.4729,0.5026,0.5977,0.7654,0.6804,0.5901,0.5252,0.481,0.5057,0.6761,0.7102,0.4162,0.1967,0.048,-0.1211,-0.3217,-0.4212,-0.3565,-0.2437,-0.1519,-0.1982,-0.1989,-0.1974,-0.1937,-0.1877,-0.1796,-0.1696,-0.158,-0.1448,-0.128,-0.1022,-0.0567,0.0313,0.2186,0.5522,0.6701,0.522,0.6144,1.03,1.2282,0.8264,0.6501,0.5638,0.4822,0.456,0.6622,0.7169,0.2415,0.0622,-0.0274,-0.1708,-0.3862,-0.494,-0.4046,-0.2713,-0.1691,-0.1743,-0.1732,-0.1701,-0.165,-0.1578,-0.1484,-0.1367,-0.1226,-0.105,-0.0816,-0.0479,0.0042,0.0874,0.2148,0.3644,0.447,0.4827,0.6115,0.8641,0.9594,0.8096,0.7479,0.6925,0.5262,0.3055,0.0389,-0.428,-0.3538,-0.1448,-0.0951,-0.1539,-0.2877,-0.3703,-0.3255,-0.2338,-0.1533,-0.1529,-0.1502,-0.1458,-0.1395,-0.1312,-0.1206,-0.1074,-0.0912,-0.0708,-0.0442,-0.0082,0.0416,0.1098,0.1957,0.2857,0.3612,0.4343,0.5376,0.6614,0.7416,0.8166,1.008,1.0486,0.7013,0.252,-0.3029,-0.9217,-0.6186,-0.2181,-0.1204,-0.1201,-0.1711,-0.2161,-0.209,-0.1664,-0.1174,-0.1335,-0.1296,-0.1242,-0.1169,-0.1076,-0.096,-0.0817,-0.0642,-0.0425,-0.015,0.02,0.0648,0.1203,0.1848,0.2528,0.3203,0.3916,0.4741,0.5663,0.6736,0.8687,1.2428,1.3572,0.8663,0.3312,-0.122,-0.4047,-0.2855,-0.1169,-0.1031,-0.0949,-0.1049,-0.1216,-0.1225,-0.1048,-0.0781,-0.1159,-0.1111,-0.1048,-0.0967,-0.0867,-0.0744,-0.0595,-0.0414,-0.0194,0.0074,0.0402,0.0799,0.1264,0.1788,0.2349,0.2937,0.3568,0.4272,0.509,0.6178,0.7916,1.0242,1.0636,0.7573,0.3744,0.0677,-0.1045,-0.1215,-0.0982,-0.0916,-0.0755,-0.0682,-0.0692,-0.0677,-0.0588,-0.044]},{"header":{"la1":42.85,"la2":41.18,"lo1":11.55,"lo2":14.05,"nx":36,"ny":24,"dx":0.07143,"dy":0.07261,"parameterCategory":2,"parameterNumber":3,"parameterNumberName":"northward_wind","parameterUnit":"m.s-1"},"data":[0.2444,0.2618,0.2811,0.3019,0.3235,0.3438,0.3599,0.3686,0.3673,0.3564,0.3385,0.3181,0.299,0.2841,0.2747,0.2715,0.2743,0.2826,0.2953,0.3105,0.3243,0.3315,0.3271,0.3096,0.2818,0.2482,0.2129,0.1786,0.1465,0.1171,0.0904,0.0664,0.0446,0.0251,0.0075,-0.0083,0.2521,0.2724,0.296,0.3232,0.3533,0.3842,0.4109,0.4265,0.4257,0.4079,0.3788,0.3466,0.3181,0.297,0.2847,0.2814,0.2868,0.3003,0.3214,0.3483,0.3761,0.3945,0.3923,0.3667,0.3251,0.2777,0.231,0.1881,0.1499,0.1161,0.0863,0.06,0.0366,0.0158,-0.0027,-0.0191,0.2578,0.281,0.3091,0.3439,0.3863,0.4345,0.481,0.5121,0.5136,0.4829,0.4328,0.3805,0.3375,0.308,0.2921,0.2889,0.2976,0.3177,0.3493,0.3938,0.4477,0.4905,0.4918,0.447,0.379,0.3094,0.2473,0.1944,0.1497,0.1117,0.079,0.0507,0.0259,0.0041,-0.0151,-0.032,0.261,0.2861,0.318,0.3608,0.4189,0.4947,0.5799,0.647,0.6568,0.5984,0.5059,0.419,0.3552,0.3154,0.2957,0.2931,0.3059,0.3333,0.3757,0.4417,0.5441,0.6456,0.6507,0.5563,0.4386,0.3372,0.2572,0.1944,0.1439,0.1024,0.0675,0.0377,0.0119,-0.0105,-0.0302,-0.0474,0.261,0.2865,0.3197,0.3678,0.4425,0.5578,0.7166,0.8722,0.9099,0.7828,0.6002,0.4563,0.3662,0.3165,0.2943,0.293,0.311,0.3474,0.3972,0.4728,0.6463,0.8877,0.8822,0.6728,0.4821,0.3481,0.2539,0.1843,0.1305,0.0872,0.0512,0.0207,-0.0056,-0.0284,-0.0482,-0.0654,0.258,0.2819,0.3123,0.3584,0.4415,0.5983,0.8734,1.2363,1.3643,1.0531,0.6932,0.4749,0.363,0.3092,0.2874,0.2877,0.3112,0.3627,0.4252,0.4668,0.644,1.0295,1.0,0.6927,0.4687,0.3268,0.2311,0.1616,0.1082,0.0652,0.0295,-0.0009,-0.0271,-0.0498,-0.0695,-0.0865,0.2529,0.2743,0.2979,0.3311,0.4023,0.5689,0.929,1.5612,1.862,1.2399,0.6992,0.4472,0.3394,0.2939,0.2767,0.2772,0.3003,0.3648,0.4682,0.4662,0.4766,0.6655,0.6939,0.533,0.3813,0.27,0.1883,0.1261,0.0769,0.0365,0.0024,-0.027,-0.0527,-0.075,-0.0943,-0.1109,0.2466,0.2672,0.2859,0.3005,0.3383,0.4566,0.7255,1.1894,1.3941,0.9268,0.5341,0.364,0.3,0.2768,0.268,0.2659,0.2757,0.3145,0.3793,0.3543,0.2498,0.2712,0.3426,0.3274,0.263,0.193,0.1315,0.0804,0.0378,0.0017,-0.0299,-0.0578,-0.0826,-0.1044,-0.1232,-0.139,0.2385,0.2607,0.2833,0.294,0.2947,0.3315,0.4204,0.5279,0.5199,0.377,0.2828,0.2599,0.2635,0.2699,0.2711,0.2655,0.254,0.2495,0.245,0.1809,0.032,0.0598,0.1639,0.1864,0.1581,0.113,0.0678,0.0278,-0.007,-0.0382,-0.0667,-0.093,-0.117,-0.1382,-0.1565,-0.1715,0.2265,0.2482,0.2705,0.2816,0.2673,0.2394,0.203,0.1271,-0.0314,-0.0961,0.0502,0.1791,0.2518,0.2858,0.2893,0.2843,0.2489,0.2081,0.1755,0.1284,0.0585,0.0632,0.1009,0.1006,0.0725,0.0352,0.0004,-0.0292,-0.0559,-0.0817,-0.1074,-0.1326,-0.1563,-0.1774,-0.1951,-0.2091,0.2102,0.2301,0.2538,0.2837,0.2695,0.1801,0.0757,-0.0617,-0.4022,-0.5826,-0.1064,0.1536,0.2818,0.3443,0.3229,0.2919,0.239,0.167,0.1225,0.1011,0.0827,0.0718,0.0604,0.0328,-0.0079,-0.0463,-0.0724,-0.0899,-0.1069,-0.1274,-0.1514,-0.1768,-0.2014,-0.2231,-0.2406,-0.2532,0.1899,0.2072,0.2326,0.269,0.2452,0.1225,-0.0,-0.0852,-0.241,-0.3506,-0.0398,0.185,0.3427,0.4706,0.4702,0.3258,0.2098,0.0788,0.0298,0.051,0.0562,0.0434,0.0143,-0.0359,-0.0994,-0.1452,-0.1555,-0.1525,-0.1572,-0.1735,-0.1983,-0.2268,-0.2543,-0.2777,-0.2949,-0.3055,0.1661,0.1767,0.1879,0.1907,0.152,0.0617,-0.038,-0.097,-0.0883,-0.0523,0.0764,0.2073,0.3359,0.5953,0.611,0.3419,0.1938,-0.0922,-0.1159,0.0048,0.0289,0.0155,-0.0258,-0.1034,-0.2128,-0.2763,-0.248,-0.2101,-0.2018,-0.2184,-0.2492,-0.2852,-0.3188,-0.3452,-0.3618,-0.3687,0.1411,0.1442,0.1428,0.1295,0.0941,0.0369,-0.0258,-0.0697,-0.0519,0.021,0.1099,0.1933,0.2415,0.4631,0.3786,0.3562,0.2596,0.038,-0.035,0.0088,0.0245,0.0097,-0.0429,-0.1445,-0.3055,-0.3929,-0.3121,-0.2447,-0.2348,-0.2616,-0.3072,-0.3578,-0.402,-0.4324,-0.4466,-0.4465,0.1178,0.116,0.1091,0.0939,0.0682,0.035,0.0034,-0.012,0.0055,0.0491,0.0897,0.1257,0.198,0.2073,0.2773,0.3561,0.2225,0.123,0.0313,0.0268,0.0696,0.0563,-0.0235,-0.1294,-0.2612,-0.3335,-0.2825,-0.2411,-0.254,-0.3063,-0.3796,-0.4556,-0.5165,-0.5507,-0.5573,-0.5431,0.0973,0.0932,0.0852,0.0724,0.055,0.036,0.0211,0.0172,0.029,0.0535,0.0822,0.022,0.0363,0.0857,0.1275,0.1666,0.1526,0.0427,-0.0415,0.0275,0.257,0.1995,0.0161,-0.0917,-0.1605,-0.1946,-0.1925,-0.2048,-0.2615,-0.3579,-0.4782,-0.5977,-0.6843,-0.7179,-0.7039,-0.6622,0.0797,0.0747,0.0671,0.0568,0.0446,0.0326,0.0237,0.0207,0.025,0.0374,0.0591,-0.0036,-0.2377,-0.3427,-0.1075,-0.0553,-0.0777,-0.1982,-0.2865,-0.1109,0.2699,0.1963,-0.0074,-0.0814,-0.084,-0.0602,-0.0628,-0.1302,-0.2547,-0.4208,-0.6189,-0.8149,-0.9411,-0.9577,-0.8946,-0.8026,0.0642,0.059,0.052,0.0434,0.0338,0.0243,0.0163,0.0105,0.0063,0.0006,-0.0199,-0.1038,-0.3357,-0.415,-0.3621,-0.3933,-0.3523,-0.5203,-0.7327,-0.4528,-0.1826,-0.101,-0.1241,-0.1016,0.0072,0.1679,0.195,0.0133,-0.2309,-0.4955,-0.8107,-1.1419,-1.3277,-1.2831,-1.12,-0.95,0.0504,0.045,0.0383,0.0305,0.0218,0.0128,0.0037,-0.0059,-0.0176,-0.0359,-0.0716,-0.1429,-0.2545,-0.3955,-0.7758,-0.9473,-0.5744,-0.6103,-0.7462,-0.739,-0.5229,-0.3537,-0.2644,-0.1466,0.115,0.5772,0.6769,0.188,-0.2248,-0.5757,-1.014,-1.5368,-1.7954,-1.624,-1.3212,-1.0682,0.0376,0.0321,0.0254,0.0177,0.009,-0.0005,-0.0113,-0.024,-0.0408,-0.0653,-0.1042,-0.1657,-0.2603,-0.4251,-0.735,-0.8399,-0.619,-0.654,-0.9872,-1.1473,-0.7433,-0.5368,-0.4236,-0.2628,0.0489,0.6177,0.7462,0.0668,-0.3261,-0.6476,-1.0954,-1.6955,-1.9857,-1.7478,-1.3906,-1.1117,0.0257,0.0199,0.0131,0.0052,-0.0039,-0.0143,-0.0265,-0.0415,-0.0611,-0.088,-0.1262,-0.1811,-0.2601,-0.3735,-0.5055,-0.5632,-0.5552,-0.6342,-0.8353,-0.9089,-0.769,-0.7209,-0.6721,-0.4939,-0.2616,-0.1574,-0.4245,-0.4662,-0.5349,-0.7162,-1.0071,-1.4175,-1.6514,-1.5336,-1.2872,-1.0667,0.0145,0.0084,0.0013,-0.007,-0.0165,-0.0277,-0.041,-0.0573,-0.078,-0.1051,-0.1408,-0.1881,-0.2494,-0.3232,-0.3967,-0.4498,-0.4938,-0.566,-0.6643,-0.7369,-0.8314,-1.0634,-1.1255,-0.8103,-0.5412,-0.5499,-0.7763,-0.7091,-0.7533,-0.8255,-0.9166,-1.0943,-1.2319,-1.2183,-1.1041,-0.9683,0.0039,-0.0025,-0.0099,-0.0185,-0.0285,-0.0403,-0.0542,-0.0711,-0.0919,-0.1179,-0.1504,-0.1905,-0.2386,-0.2923,-0.3462,-0.3965,-0.4486,-0.5131,-0.5941,-0.7044,-0.9242,-1.3356,-1.4588,-1.0201,-0.6922,-0.6238,-0.6909,-0.8101,-1.0278,-0.9847,-0.9056,-0.9292,-0.9809,-0.9867,-0.9383,-0.8622,-0.006,-0.0127,-0.0204,-0.0293,-0.0397,-0.0517,-0.0659,-0.0828,-0.1031,-0.1275,-0.1568,-0.1914,-0.2309,-0.2741,-0.3192,-0.3658,-0.4167,-0.4775,-0.5563,-0.6725,-0.8662,-1.1218,-1.181,-0.9441,-0.7273,-0.6591,-0.7101,-0.8737,-1.0627,-1.0092,-0.8938,-0.8515,-0.8502,-0.8447,-0.8172,-0.7715]}]