docs/data/wind_grid.json
{"header": {"la1":42.1,"la2":41.55,"lo1":12.1,"lo2":12.95,"nx":50,"ny":50,"dx":0.01735,"dy":0.01122,"parameterCategory":2,"parameterNumber":3,"parameterNumberName":"northward_wind","parameterUnit":"m.s-1"}, "data":
[rows 0 to 39 of 50, columns 0 to 49 of 50]
-1.8265,-1.8245,-1.8217,-1.8182,-1.8139,-1.8087,-1.8025,-1.7954,-1.7872,-1.7781,-1.7678,-1.7565,-1.7441,-1.7307,-1.7162,-1.7007,-1.684,-1.6662,-1.647,-1.6263,-1.6037,-1.5789,-1.5516,-1.5213,-1.4876,-1.4502,-1.4089,-1.3638,-1.3148,-1.2625,-1.2073,-1.1499,-1.0914,-1.0329,-0.9758,-0.9214,-0.8715,-0.8275,-0.7906,-0.7617,-0.7412,-0.7288,-0.7239,-0.7256,-0.7327,-0.744,-0.7584,-0.7751,-0.7932,-0.8121
-1.8351,-1.8334,-1.8309,-1.8276,-1.8235,-1.8184,-1.8124,-1.8054,-1.7972,-1.788,-1.7777,-1.7663,-1.7538,-1.7402,-1.7256,-1.7099,-1.6931,-1.6751,-1.6559,-1.6352,-1.6126,-1.5878,-1.5603,-1.5296,-1.4953,-1.457,-1.4143,-1.3673,-1.3161,-1.2611,-1.2027,-1.1419,-1.0797,-1.0173,-0.9562,-0.898,-0.8446,-0.7976,-0.7586,-0.7286,-0.7079,-0.6963,-0.6929,-0.6966,-0.706,-0.7197,-0.7366,-0.7556,-0.7758,-0.7967
-1.8439,-1.8425,-1.8403,-1.8372,-1.8333,-1.8285,-1.8226,-1.8157,-1.8076,-1.7983,-1.788,-1.7764,-1.7637,-1.75,-1.7351,-1.7192,-1.7023,-1.6842,-1.665,-1.6443,-1.6218,-1.597,-1.5695,-1.5386,-1.5037,-1.4644,-1.4204,-1.3716,-1.318,-1.2602,-1.1986,-1.1342,-1.0681,-1.0016,-0.9362,-0.874,-0.8168,-0.7667,-0.7254,-0.6942,-0.6734,-0.6628,-0.6611,-0.6671,-0.6791,-0.6956,-0.715,-0.7365,-0.7589,-0.7818
-1.8529,-1.8518,-1.8499,-1.8472,-1.8435,-1.8389,-1.8332,-1.8263,-1.8183,-1.809,-1.7985,-1.7868,-1.774,-1.7599,-1.7448,-1.7287,-1.7116,-1.6934,-1.6741,-1.6535,-1.6311,-1.6065,-1.579,-1.548,-1.5128,-1.4726,-1.4273,-1.3766,-1.3206,-1.2599,-1.195,-1.1269,-1.0567,-0.9859,-0.9161,-0.8495,-0.7883,-0.7349,-0.6912,-0.6588,-0.638,-0.6285,-0.6289,-0.6375,-0.6524,-0.6717,-0.6939,-0.7179,-0.7426,-0.7675
-1.8621,-1.8614,-1.8598,-1.8574,-1.854,-1.8496,-1.8441,-1.8373,-1.8293,-1.8201,-1.8095,-1.7976,-1.7845,-1.7702,-1.7547,-1.7383,-1.7209,-1.7026,-1.6833,-1.6627,-1.6406,-1.6162,-1.589,-1.558,-1.5224,-1.4816,-1.4349,-1.3823,-1.3239,-1.2602,-1.1918,-1.1199,-1.0456,-0.9704,-0.8962,-0.825,-0.7596,-0.7025,-0.6563,-0.6226,-0.602,-0.5939,-0.5966,-0.6081,-0.626,-0.6484,-0.6736,-0.7001,-0.7272,-0.754
-1.8716,-1.8712,-1.87,-1.8679,-1.8648,-1.8607,-1.8554,-1.8488,-1.8408,-1.8315,-1.8208,-1.8087,-1.7953,-1.7806,-1.7648,-1.748,-1.7303,-1.7118,-1.6924,-1.6719,-1.65,-1.6261,-1.5992,-1.5684,-1.5327,-1.4912,-1.4433,-1.3888,-1.3279,-1.2611,-1.1892,-1.1135,-1.0351,-0.9555,-0.8767,-0.8009,-0.731,-0.6701,-0.6212,-0.5863,-0.5659,-0.5594,-0.5647,-0.5793,-0.6006,-0.6262,-0.6543,-0.6834,-0.7127,-0.7415
-1.8812,-1.8812,-1.8804,-1.8787,-1.876,-1.8721,-1.867,-1.8606,-1.8527,-1.8434,-1.8326,-1.8202,-1.8065,-1.7914,-1.7751,-1.7578,-1.7397,-1.7208,-1.7012,-1.6809,-1.6593,-1.6359,-1.6096,-1.5792,-1.5436,-1.5015,-1.4525,-1.396,-1.3325,-1.2625,-1.1872,-1.1076,-1.0251,-0.9413,-0.858,-0.7776,-0.7032,-0.6384,-0.5866,-0.5504,-0.5305,-0.5258,-0.5339,-0.5518,-0.5765,-0.6054,-0.6364,-0.6681,-0.6996,-0.7303
-1.891,-1.8915,-1.8911,-1.8899,-1.8875,-1.884,-1.8792,-1.8729,-1.8652,-1.8558,-1.8448,-1.8322,-1.8181,-1.8025,-1.7856,-1.7677,-1.7489,-1.7296,-1.7098,-1.6895,-1.6683,-1.6455,-1.6199,-1.5902,-1.5549,-1.5125,-1.4623,-1.4039,-1.3377,-1.2645,-1.1856,-1.1022,-1.0159,-0.9281,-0.8406,-0.7558,-0.6769,-0.6082,-0.5535,-0.516,-0.4965,-0.4938,-0.5049,-0.5263,-0.5544,-0.5865,-0.6203,-0.6545,-0.688,-0.7204
-1.901,-1.902,-1.9021,-1.9013,-1.8994,-1.8963,-1.8918,-1.8858,-1.8781,-1.8687,-1.8576,-1.8447,-1.8301,-1.8139,-1.7963,-1.7776,-1.7581,-1.7381,-1.7179,-1.6975,-1.6766,-1.6546,-1.6301,-1.6014,-1.5666,-1.5241,-1.4728,-1.4124,-1.3434,-1.2668,-1.1843,-1.0973,-1.0074,-0.9161,-0.8249,-0.7361,-0.6532,-0.5806,-0.523,-0.4842,-0.4652,-0.4645,-0.4786,-0.5034,-0.5349,-0.57,-0.6065,-0.6428,-0.6782,-0.712
-1.9112,-1.9127,-1.9134,-1.9131,-1.9117,-1.909,-1.9049,-1.8991,-1.8916,-1.8823,-1.871,-1.8578,-1.8426,-1.8257,-1.8073,-1.7877,-1.7672,-1.7463,-1.7254,-1.7047,-1.6842,-1.663,-1.6398,-1.6124,-1.5785,-1.5361,-1.4838,-1.4213,-1.3493,-1.2693,-1.1831,-1.0927,-0.9997,-0.9054,-0.8114,-0.7194,-0.6329,-0.5568,-0.4965,-0.4564,-0.4379,-0.4391,-0.4562,-0.4841,-0.5187,-0.5565,-0.5952,-0.6334,-0.6703,-0.7053
-1.9216,-1.9237,-1.925,-1.9253,-1.9244,-1.9222,-1.9185,-1.913,-1.9058,-1.8965,-1.8851,-1.8715,-1.8558,-1.8381,-1.8187,-1.7979,-1.7762,-1.754,-1.7321,-1.7109,-1.6905,-1.6702,-1.6486,-1.623,-1.5905,-1.5484,-1.4952,-1.4306,-1.3554,-1.2716,-1.1817,-1.0879,-0.9923,-0.8961,-0.8002,-0.7062,-0.6172,-0.5382,-0.4755,-0.4341,-0.416,-0.419,-0.4386,-0.4693,-0.5063,-0.5463,-0.5869,-0.6265,-0.6645,-0.7005
-1.9322,-1.9349,-1.9368,-1.9377,-1.9375,-1.9358,-1.9326,-1.9276,-1.9206,-1.9114,-1.8999,-1.886,-1.8697,-1.8512,-1.8306,-1.8084,-1.7851,-1.7614,-1.738,-1.7157,-1.6951,-1.6759,-1.6562,-1.6329,-1.6023,-1.561,-1.5069,-1.4399,-1.3612,-1.2733,-1.1795,-1.0826,-0.9849,-0.8877,-0.7914,-0.6969,-0.6068,-0.526,-0.4615,-0.4191,-0.4011,-0.4055,-0.4269,-0.4596,-0.4985,-0.54,-0.5817,-0.6223,-0.6611,-0.6977
-1.9429,-1.9463,-1.9489,-1.9505,-1.951,-1.95,-1.9473,-1.9428,-1.9362,-1.9272,-1.9156,-1.9014,-1.8846,-1.8651,-1.8432,-1.8194,-1.7942,-1.7684,-1.7429,-1.7189,-1.6976,-1.6792,-1.6619,-1.6417,-1.6137,-1.5736,-1.5188,-1.4491,-1.3664,-1.274,-1.1759,-1.0759,-0.9768,-0.8797,-0.7846,-0.6916,-0.6022,-0.5212,-0.4557,-0.4126,-0.3946,-0.3996,-0.422,-0.4558,-0.4956,-0.5378,-0.58,-0.621,-0.66,-0.6968
-1.9538,-1.9579,-1.9613,-1.9637,-1.9648,-1.9646,-1.9627,-1.9587,-1.9525,-1.9438,-1.9323,-1.9179,-1.9004,-1.88,-1.8568,-1.8312,-1.8037,-1.7753,-1.7469,-1.7203,-1.6975,-1.6795,-1.665,-1.6488,-1.6244,-1.586,-1.5306,-1.458,-1.3707,-1.273,-1.1702,-1.067,-0.9668,-0.871,-0.7789,-0.6895,-0.6033,-0.524,-0.459,-0.4157,-0.3973,-0.4021,-0.4245,-0.4581,-0.4978,-0.5398,-0.5818,-0.6225,-0.6613,-0.6979
-1.9647,-1.9697,-1.9739,-1.9771,-1.9791,-1.9797,-1.9786,-1.9754,-1.9697,-1.9614,-1.9501,-1.9355,-1.9175,-1.8962,-1.8715,-1.844,-1.814,-1.7824,-1.7504,-1.7199,-1.6941,-1.6759,-1.6646,-1.6539,-1.6343,-1.5983,-1.5421,-1.4661,-1.3735,-1.2698,-1.1614,-1.0547,-0.9537,-0.8601,-0.7727,-0.6893,-0.6088,-0.5339,-0.4711,-0.4283,-0.4094,-0.4132,-0.4343,-0.4667,-0.5051,-0.5459,-0.587,-0.6269,-0.665,-0.701
-1.9758,-1.9816,-1.9866,-1.9908,-1.9938,-1.9954,-1.9951,-1.9927,-1.9879,-1.9801,-1.969,-1.9545,-1.9361,-1.9138,-1.8878,-1.8582,-1.8256,-1.7906,-1.754,-1.718,-1.6871,-1.6673,-1.66,-1.6565,-1.6433,-1.6103,-1.5534,-1.4734,-1.3744,-1.2634,-1.1486,-1.0376,-0.9358,-0.8451,-0.764,-0.6889,-0.6169,-0.5489,-0.4905,-0.4493,-0.4301,-0.4322,-0.451,-0.4809,-0.5171,-0.556,-0.5953,-0.6339,-0.6708,-0.7059
-1.9869,-1.9936,-1.9996,-2.0048,-2.0089,-2.0115,-2.0123,-2.0109,-2.0069,-1.9998,-1.9893,-1.9749,-1.9563,-1.9333,-1.906,-1.8745,-1.8392,-1.8006,-1.759,-1.7159,-1.6769,-1.6531,-1.6504,-1.6568,-1.6519,-1.6223,-1.5643,-1.4794,-1.3729,-1.2533,-1.1306,-1.0143,-0.9113,-0.8239,-0.7503,-0.6853,-0.6244,-0.5661,-0.5144,-0.4765,-0.4573,-0.4575,-0.4734,-0.5001,-0.5332,-0.5694,-0.6065,-0.6432,-0.6787,-0.7126
-1.998,-2.0056,-2.0127,-2.019,-2.0242,-2.028,-2.03,-2.0298,-2.0269,-2.0207,-2.0109,-1.9969,-1.9783,-1.9548,-1.9264,-1.8932,-1.8556,-1.8138,-1.7674,-1.7162,-1.6657,-1.634,-1.6367,-1.6564,-1.6612,-1.635,-1.5749,-1.4839,-1.3685,-1.2386,-1.1064,-0.9835,-0.8784,-0.7943,-0.7289,-0.6757,-0.628,-0.582,-0.5395,-0.5065,-0.4885,-0.487,-0.4997,-0.5229,-0.5525,-0.5857,-0.6202,-0.6547,-0.6884,-0.7209
-2.0091,-2.0177,-2.0259,-2.0333,-2.0398,-2.0449,-2.0483,-2.0494,-2.0478,-2.0428,-2.0339,-2.0206,-2.0023,-1.9787,-1.9495,-1.9149,-1.8755,-1.8315,-1.7819,-1.7237,-1.6592,-1.6143,-1.6233,-1.6594,-1.6738,-1.6491,-1.5854,-1.4868,-1.3609,-1.2189,-1.0751,-0.9439,-0.8357,-0.7545,-0.6976,-0.6573,-0.6246,-0.5929,-0.5618,-0.5358,-0.5204,-0.5182,-0.5283,-0.548,-0.5741,-0.604,-0.6357,-0.6679,-0.6996,-0.7305
-2.0201,-2.0297,-2.0391,-2.0478,-2.0556,-2.0622,-2.0671,-2.0697,-2.0696,-2.066,-2.0583,-2.0461,-2.0285,-2.0051,-1.9755,-1.94,-1.8994,-1.8547,-1.805,-1.7452,-1.6705,-1.6093,-1.6237,-1.6746,-1.6933,-1.6659,-1.5958,-1.4879,-1.3498,-1.1938,-1.0365,-0.895,-0.7823,-0.7034,-0.6552,-0.6285,-0.6119,-0.5962,-0.5784,-0.5614,-0.5504,-0.5488,-0.5571,-0.5739,-0.5968,-0.6236,-0.6526,-0.6824,-0.7121,-0.7413
-2.0309,-2.0417,-2.0522,-2.0623,-2.0716,-2.0797,-2.0863,-2.0906,-2.0921,-2.0902,-2.0841,-2.0732,-2.0567,-2.0341,-2.0047,-1.9688,-1.9276,-1.8835,-1.8379,-1.7865,-1.7189,-1.653,-1.6661,-1.714,-1.7232,-1.686,-1.6062,-1.487,-1.3352,-1.1635,-0.9908,-0.8373,-0.7187,-0.6415,-0.602,-0.5893,-0.5894,-0.5906,-0.5875,-0.5812,-0.5763,-0.5769,-0.5848,-0.5996,-0.6199,-0.644,-0.6703,-0.6978,-0.7255,-0.753
-2.0415,-2.0534,-2.0652,-2.0766,-2.0875,-2.0974,-2.1057,-2.112,-2.1154,-2.1153,-2.111,-2.1018,-2.087,-2.0657,-2.0372,-2.0013,-1.9598,-1.9171,-1.8785,-1.8459,-1.8138,-1.7805,-1.7764,-1.7831,-1.7634,-1.7088,-1.616,-1.4841,-1.3175,-1.1292,-0.9397,-0.7728,-0.6474,-0.5713,-0.5406,-0.5419,-0.5589,-0.5772,-0.5892,-0.5945,-0.5972,-0.6015,-0.6103,-0.6242,-0.6426,-0.6644,-0.6885,-0.7138,-0.7397,-0.7654
-2.0518,-2.0648,-2.0779,-2.0908,-2.1033,-2.115,-2.1253,-2.1336,-2.1392,-2.1412,-2.1389,-2.1317,-2.119,-2.0998,-2.073,-2.0377,-1.9959,-1.9539,-1.9218,-1.9105,-1.9267,-1.9507,-1.9226,-1.8667,-1.8081,-1.7319,-1.6244,-1.479,-1.2976,-1.0925,-0.8861,-0.7055,-0.5729,-0.498,-0.4757,-0.4907,-0.5238,-0.5583,-0.5851,-0.6022,-0.6132,-0.6223,-0.6331,-0.6471,-0.6644,-0.6845,-0.7067,-0.7302,-0.7543,-0.7784
-2.0617,-2.0759,-2.0903,-2.1047,-2.1189,-2.1324,-2.1449,-2.1554,-2.1633,-2.1675,-2.1675,-2.1625,-2.1523,-2.136,-2.1119,-2.0781,-2.0357,-1.9923,-1.9625,-1.9641,-2.0091,-2.0627,-2.027,-1.9357,-1.8473,-1.7516,-1.6301,-1.472,-1.2769,-1.0565,-0.8346,-0.6413,-0.5022,-0.4285,-0.4142,-0.4416,-0.4889,-0.5379,-0.5778,-0.6061,-0.6253,-0.6398,-0.6533,-0.6681,-0.6851,-0.7041,-0.7248,-0.7467,-0.7692,-0.7919
-2.0712,-2.0865,-2.1021,-2.1181,-2.134,-2.1495,-2.1642,-2.1771,-2.1874,-2.1941,-2.1962,-2.1936,-2.1862,-2.1735,-2.1534,-2.1223,-2.0794,-2.0321,-1.9983,-1.9993,-2.0445,-2.0937,-2.064,-1.973,-1.8731,-1.7647,-1.6319,-1.4634,-1.2573,-1.0248,-0.7906,-0.5875,-0.4436,-0.3712,-0.3636,-0.4009,-0.4594,-0.5197,-0.5704,-0.6082,-0.6349,-0.6547,-0.6714,-0.6876,-0.7046,-0.723,-0.7426,-0.7631,-0.7842,-0.8056
-2.0801,-2.0965,-2.1134,-2.1309,-2.1485,-2.1661,-2.183,-2.1984,-2.2113,-2.2205,-2.2248,-2.2243,-2.2197,-2.2114,-2.1969,-2.1702,-2.1273,-2.0742,-2.0306,-2.0199,-2.0484,-2.0804,-2.0575,-1.9809,-1.8829,-1.7691,-1.6294,-1.4539,-1.2407,-1.0008,-0.7596,-0.5509,-0.4047,-0.3337,-0.3306,-0.3741,-0.4397,-0.5075,-0.5658,-0.6107,-0.6436,-0.6681,-0.6879,-0.7057,-0.7232,-0.7412,-0.76,-0.7795,-0.7994,-0.8195
-2.0884,-2.1058,-2.124,-2.1429,-2.1622,-2.1818,-2.201,-2.219,-2.2347,-2.2464,-2.2528,-2.254,-2.2517,-2.2482,-2.2409,-2.2209,-2.1794,-2.1199,-2.063,-2.0344,-2.0407,-2.054,-2.0333,-1.9701,-1.8792,-1.7654,-1.6229,-1.4444,-1.2289,-0.9876,-0.7455,-0.5366,-0.3907,-0.3209,-0.3193,-0.3647,-0.4327,-0.5036,-0.566,-0.6156,-0.6529,-0.6811,-0.7036,-0.7229,-0.741,-0.7589,-0.7771,-0.7957,-0.8145,-0.8335
-2.096,-2.1144,-2.1337,-2.1539,-2.1749,-2.1964,-2.2179,-2.2386,-2.257,-2.2714,-2.2798,-2.282,-2.2811,-2.2822,-2.2836,-2.2724,-2.2341,-2.1688,-2.0981,-2.0502,-2.034,-2.0293,-2.0059,-1.9506,-1.8665,-1.7555,-1.6137,-1.4362,-1.2233,-0.9864,-0.7498,-0.5459,-0.4031,-0.3338,-0.3308,-0.3737,-0.4394,-0.5094,-0.5724,-0.6239,-0.6639,-0.6947,-0.7191,-0.7397,-0.7583,-0.7762,-0.7939,-0.8117,-0.8296,-0.8476
-2.1029,-2.1221,-2.1424,-2.1638,-2.1863,-2.2096,-2.2333,-2.2566,-2.2779,-2.2952,-2.3055,-2.3079,-2.3068,-2.3117,-2.3227,-2.3216,-2.2875,-2.218,-2.1355,-2.07,-2.0334,-2.0119,-1.982,-1.9292,-1.8496,-1.7421,-1.6034,-1.4302,-1.2243,-0.9971,-0.7713,-0.5767,-0.4391,-0.3699,-0.3628,-0.3996,-0.4593,-0.5249,-0.5856,-0.6366,-0.6773,-0.7093,-0.735,-0.7564,-0.7755,-0.7933,-0.8106,-0.8277,-0.8448,-0.8618
-2.1088,-2.1287,-2.1499,-2.1724,-2.1962,-2.2212,-2.2469,-2.2726,-2.2968,-2.3169,-2.3294,-2.3315,-2.3282,-2.335,-2.3551,-2.3635,-2.3334,-2.2617,-2.1713,-2.0924,-2.0389,-2.0022,-1.9638,-1.9094,-1.832,-1.7278,-1.5935,-1.4273,-1.2317,-1.018,-0.8067,-0.6243,-0.4934,-0.4241,-0.4113,-0.4396,-0.4906,-0.5491,-0.6051,-0.6537,-0.6936,-0.7257,-0.7517,-0.7735,-0.7926,-0.8103,-0.8271,-0.8436,-0.8599,-0.8761
-2.1138,-2.1343,-2.1563,-2.1796,-2.2045,-2.2308,-2.2581,-2.2859,-2.3127,-2.3358,-2.3507,-2.3525,-2.3452,-2.3508,-2.3776,-2.3924,-2.365,-2.2936,-2.2005,-2.1139,-2.048,-1.9984,-1.9511,-1.893,-1.8158,-1.7144,-1.5855,-1.4278,-1.2446,-1.0465,-0.8519,-0.6833,-0.5598,-0.4905,-0.4714,-0.49,-0.5309,-0.5808,-0.6305,-0.6751,-0.7128,-0.7438,-0.7694,-0.7911,-0.81,-0.8273,-0.8437,-0.8595,-0.875,-0.8904
-2.1179,-2.1388,-2.1613,-2.1853,-2.2109,-2.2381,-2.2667,-2.2961,-2.3249,-2.3505,-2.3678,-2.3699,-2.3579,-2.3587,-2.3867,-2.4035,-2.3779,-2.3099,-2.2194,-2.1307,-2.0574,-1.9981,-1.9428,-1.8803,-1.8023,-1.7033,-1.58,-1.4316,-1.2618,-1.0802,-0.9027,-0.7482,-0.6325,-0.5634,-0.5382,-0.5472,-0.5776,-0.6182,-0.6606,-0.7002,-0.7347,-0.7639,-0.7884,-0.8094,-0.8278,-0.8446,-0.8603,-0.8754,-0.8902,-0.9047
-2.1209,-2.1421,-2.1649,-2.1893,-2.2153,-2.2431,-2.2724,-2.3026,-2.3326,-2.3596,-2.3786,-2.3814,-2.3661,-2.3598,-2.382,-2.3962,-2.3726,-2.3109,-2.2271,-2.1409,-2.0645,-1.9989,-1.9373,-1.8707,-1.7917,-1.6949,-1.5773,-1.4384,-1.282,-1.1166,-0.9557,-0.8148,-0.7069,-0.6385,-0.608,-0.608,-0.6283,-0.6596,-0.6944,-0.7283,-0.759,-0.7856,-0.8086,-0.8285,-0.8461,-0.8621,-0.8771,-0.8914,-0.9054,-0.9191
-2.1229,-2.1442,-2.1671,-2.1916,-2.2178,-2.2456,-2.2749,-2.3052,-2.3352,-2.3623,-2.3814,-2.3844,-2.3683,-2.3561,-2.3679,-2.3761,-2.3544,-2.3002,-2.225,-2.1442,-2.0681,-1.9992,-1.9332,-1.8635,-1.7838,-1.6893,-1.5773,-1.4477,-1.3041,-1.154,-1.0085,-0.8802,-0.7797,-0.7124,-0.6776,-0.6698,-0.681,-0.7034,-0.7308,-0.7589,-0.7853,-0.809,-0.8299,-0.8483,-0.8648,-0.8799,-0.894,-0.9075,-0.9207,-0.9336
-2.1239,-2.1451,-2.1679,-2.1922,-2.2181,-2.2456,-2.2744,-2.304,-2.3329,-2.3586,-2.3763,-2.3786,-2.3638,-2.349,-2.3503,-2.3509,-2.3297,-2.2823,-2.2158,-2.1414,-2.0678,-1.998,-1.9296,-1.8579,-1.778,-1.686,-1.5795,-1.4589,-1.3272,-1.1909,-1.0593,-0.9425,-0.849,-0.7832,-0.7452,-0.7309,-0.734,-0.7484,-0.7687,-0.7911,-0.8131,-0.8335,-0.8521,-0.8688,-0.8839,-0.8979,-0.9111,-0.9238,-0.9361,-0.9481
-2.1238,-2.1449,-2.1673,-2.1912,-2.2166,-2.2433,-2.271,-2.2991,-2.3262,-2.3496,-2.3648,-2.3664,-2.3536,-2.3385,-2.3322,-2.3255,-2.3035,-2.2611,-2.202,-2.134,-2.064,-1.9948,-1.9257,-1.8533,-1.774,-1.6846,-1.5836,-1.4712,-1.3504,-1.2266,-1.1073,-1.0007,-0.9136,-0.8498,-0.8095,-0.7898,-0.7862,-0.7936,-0.8074,-0.8243,-0.8419,-0.859,-0.8751,-0.8898,-0.9035,-0.9163,-0.9284,-0.9401,-0.9515,-0.9627
-2.1228,-2.1434,-2.1654,-2.1887,-2.2132,-2.2388,-2.2651,-2.2913,-2.3159,-2.3365,-2.3491,-2.3501,-2.3395,-2.3251,-2.314,-2.3015,-2.2781,-2.2389,-2.1856,-2.1234,-2.0572,-1.9899,-1.9212,-1.8491,-1.7711,-1.6848,-1.589,-1.4843,-1.3733,-1.2604,-1.152,-1.0544,-0.9731,-0.9114,-0.8697,-0.846,-0.8368,-0.8381,-0.8461,-0.8579,-0.8714,-0.8852,-0.8986,-0.9113,-0.9234,-0.9349,-0.9458,-0.9565,-0.967,-0.9773
-2.1208,-2.141,-2.1623,-2.1847,-2.2082,-2.2324,-2.257,-2.281,-2.303,-2.3207,-2.3311,-2.3315,-2.3226,-2.3091,-2.2953,-2.2789,-2.254,-2.2169,-2.168,-2.1106,-2.0483,-1.9833,-1.916,-1.8451,-1.7689,-1.6859,-1.5952,-1.4976,-1.3953,-1.2921,-1.1931,-1.1034,-1.0275,-0.9681,-0.9256,-0.8988,-0.8851,-0.8813,-0.8842,-0.8915,-0.901,-0.9116,-0.9225,-0.9331,-0.9435,-0.9536,-0.9634,-0.973,-0.9825,-0.9919
-2.1179,-2.1375,-2.158,-2.1794,-2.2017,-2.2244,-2.2471,-2.2688,-2.2882,-2.3033,-2.3117,-2.3118,-2.304,-2.2912,-2.276,-2.2572,-2.2312,-2.1955,-2.1499,-2.0965,-2.0378,-1.9755,-1.9101,-1.841,-1.7672,-1.6876,-1.6018,-1.5107,-1.4163,-1.3216,-1.2308,-1.1481,-1.077,-1.0199,-0.9772,-0.9482,-0.9309,-0.9228,-0.9214,-0.9246,-0.9306,-0.9381,-0.9465,-0.9551,-0.9638,-0.9724,-0.981,-0.9895,-0.998,-1.0066
-2.1142,-2.133,-2.1527,-2.173,-2.1939,-2.2151,-2.2358,-2.2553,-2.2722,-2.285,-2.2918,-2.2915,-2.2843,-2.2721,-2.2562,-2.236,-2.2095,-2.1748,-2.1319,-2.0818,-2.0262,-1.9667,-1.9036,-1.8368,-1.7656,-1.6896,-1.6086,-1.5235,-1.436,-1.3488,-1.2652,-1.1886,-1.1219,-1.0671,-1.0246,-0.9941,-0.974,-0.9625,-0.9574,-0.957,-0.9598,-0.9645,-0.9704,-0.977,-0.984,-0.9912,-0.9986,-1.006,-1.0135,-1.0212
