docs/data/wind_grid.json
[{"header":{"la1":42.85,"la2":41.18,"lo1":11.55,"lo2":14.05,"nx":36,"ny":24,"dx":0.07143,"dy":0.07261,"parameterCategory":2,"parameterNumber":2,"parameterNumberName":"eastward_wind","parameterUnit":"m.s-1"},"data":[0.329,0.2965,0.2587,0.2166,0.172,0.1287,0.0915,0.0655,0.0538,0.0556,0.066,0.078,0.0854,0.084,0.072,0.0506,0.0232,-0.0048,-0.0268,-0.0379,-0.0362,-0.0235,-0.004,0.0184,0.0406,0.0608,0.0783,0.0931,0.1055,0.1157,0.1243,0.1315,0.1378,0.1434,0.1484,0.153,0.3374,0.2996,0.2535,0.1994,0.1393,0.0781,0.0239,-0.013,-0.0252,-0.0133,0.0134,0.0417,0.0607,0.0639,0.0492,0.0182,-0.0241,-0.0684,-0.1028,-0.1177,-0.1104,-0.0862,-0.0532,-0.0188,0.0128,0.0397,0.0618,0.0795,0.0937,0.1051,0.1144,0.1222,0.1289,0.1347,0.1399,0.1448,0.3521,0.309,0.2535,0.1842,0.1017,0.0113,-0.0738,-0.1331,-0.1476,-0.1158,-0.0579,-0.0007,0.0374,0.048,0.0293,-0.0169,-0.0844,-0.1583,-0.2156,-0.2357,-0.2151,-0.1679,-0.112,-0.0595,-0.0155,0.0193,0.0461,0.0666,0.0824,0.0947,0.1045,0.1127,0.1195,0.1256,0.131,0.1361,0.3755,0.3286,0.264,0.1769,0.0639,-0.0728,-0.2163,-0.3254,-0.3486,-0.2753,-0.1554,-0.0474,0.0202,0.0414,0.0172,-0.0516,-0.1609,-0.2904,-0.3933,-0.4194,-0.3656,-0.2724,-0.1783,-0.1004,-0.0415,0.0015,0.0325,0.055,0.0717,0.0844,0.0945,0.1027,0.1097,0.1158,0.1214,0.1267,0.4108,0.3636,0.2929,0.1889,0.0398,-0.1646,-0.4154,-0.6412,-0.6958,-0.5272,-0.2808,-0.0892,0.0178,0.0512,0.0205,-0.0766,-0.2496,-0.4841,-0.6849,-0.7138,-0.5765,-0.3948,-0.2431,-0.1345,-0.0609,-0.0116,0.0218,0.0449,0.0615,0.074,0.0839,0.092,0.099,0.1052,0.111,0.1165,0.4606,0.4192,0.3499,0.2369,0.0567,-0.2244,-0.6406,-1.1222,-1.2785,-0.883,-0.4016,-0.1016,0.0422,0.0843,0.0489,-0.0724,-0.3194,-0.7261,-1.1332,-1.1464,-0.8234,-0.5026,-0.2852,-0.1509,-0.0689,-0.0181,0.0142,0.0358,0.0512,0.0629,0.0723,0.0802,0.0872,0.0934,0.0993,0.1051,0.5264,0.5001,0.4451,0.3396,0.1517,-0.1703,-0.7173,-1.5176,-1.8609,-1.1177,-0.4028,-0.0463,0.1027,0.1426,0.1076,-0.0142,-0.2918,-0.84,-1.4997,-1.4775,-0.944,-0.5216,-0.2764,-0.1398,-0.063,-0.0186,0.0084,0.0263,0.0395,0.0501,0.059,0.0668,0.0738,0.0802,0.0863,0.0923,0.6068,0.6078,0.5853,0.5106,0.3469,0.0575,-0.4086,-1.0542,-1.3102,-0.7186,-0.1766,0.0869,0.1924,0.2158,0.1875,0.098,-0.1163,-0.5555,-1.0968,-1.1218,-0.7275,-0.3988,-0.2064,-0.1021,-0.0468,-0.017,0.0008,0.0135,0.0244,0.0342,0.0431,0.0511,0.0583,0.0649,0.0713,0.0778,0.6955,0.7373,0.7724,0.7579,0.6318,0.3907,0.0981,-0.1621,-0.2178,-0.0421,0.1399,0.2458,0.2847,0.282,0.261,0.2189,0.1038,-0.1213,-0.3759,-0.4511,-0.3372,-0.1981,-0.1039,-0.0535,-0.0311,-0.0218,-0.0153,-0.0071,0.003,0.0137,0.0237,0.0325,0.0402,0.0472,0.054,0.061,0.7786,0.8695,0.9914,1.0868,0.9893,0.7068,0.4703,0.347,0.3246,0.3446,0.363,0.3735,0.3536,0.3179,0.2964,0.2905,0.2436,0.1508,0.0446,-0.0246,-0.0369,-0.0224,-0.0124,-0.0175,-0.0326,-0.0462,-0.0493,-0.0414,-0.0275,-0.0127,0.0002,0.0106,0.0191,0.0265,0.0337,0.0414,0.8362,0.9621,1.1638,1.406,1.3371,0.9147,0.6645,0.5616,0.461,0.4226,0.4763,0.4656,0.3876,0.3036,0.2893,0.2991,0.3055,0.2981,0.2613,0.1995,0.1397,0.0908,0.0425,-0.0138,-0.0713,-0.1093,-0.1145,-0.0954,-0.0687,-0.0449,-0.0271,-0.0147,-0.0057,0.0018,0.0094,0.018,0.8545,0.9741,1.158,1.3682,1.2949,0.9276,0.7426,0.6964,0.6027,0.5242,0.59,0.5717,0.3994,0.1823,0.1748,0.2975,0.3678,0.4254,0.4176,0.3297,0.2347,0.1485,0.057,-0.0543,-0.172,-0.24,-0.2268,-0.172,-0.1185,-0.0805,-0.0571,-0.0435,-0.035,-0.0281,-0.0203,-0.0104,0.8398,0.9229,1.0225,1.0899,1.0191,0.8577,0.7711,0.7113,0.7794,0.734,0.7661,0.8036,0.5824,0.0641,0.0497,0.3282,0.4347,0.5521,0.5461,0.3944,0.2696,0.1636,0.0432,-0.1313,-0.3516,-0.4655,-0.3866,-0.2581,-0.1664,-0.1142,-0.088,-0.0765,-0.0711,-0.066,-0.0579,-0.0457,0.8121,0.8617,0.9058,0.9203,0.8859,0.8311,0.8055,0.8318,0.8407,0.883,0.9617,1.0942,1.0378,0.1241,0.3729,0.4506,0.4817,0.5115,0.4912,0.3661,0.242,0.1425,0.0261,-0.1848,-0.5146,-0.6825,-0.508,-0.3088,-0.1945,-0.1402,-0.1199,-0.1166,-0.1183,-0.1165,-0.1073,-0.0907,0.7864,0.8173,0.8409,0.8497,0.8431,0.8341,0.839,0.8666,0.9369,1.0893,1.2537,1.2726,0.9872,0.9622,0.6456,0.5496,0.5108,0.4733,0.3938,0.2676,0.1331,0.074,0.0211,-0.1389,-0.4113,-0.5604,-0.4361,-0.2823,-0.1947,-0.1592,-0.1568,-0.171,-0.1855,-0.1879,-0.1745,-0.1486,0.7674,0.7903,0.8091,0.8224,0.8329,0.8482,0.8786,0.9406,1.0706,1.3341,1.7312,1.9834,1.5796,1.0526,0.831,0.6217,0.52,0.4332,0.2983,0.1361,-0.088,-0.0572,0.0192,-0.0488,-0.1936,-0.2891,-0.2766,-0.2239,-0.1858,-0.1802,-0.208,-0.2535,-0.289,-0.2939,-0.2676,-0.2227,0.7543,0.7744,0.7932,0.8116,0.8325,0.8617,0.9084,0.9885,1.1304,1.3755,1.6835,1.6933,1.6037,1.5174,1.012,0.7138,0.5122,0.2717,0.0832,0.0667,-0.1164,-0.0617,0.0522,0.0156,-0.0949,-0.1947,-0.2328,-0.2157,-0.1933,-0.2112,-0.2842,-0.3861,-0.4559,-0.4533,-0.3936,-0.3125,0.7448,0.764,0.7837,0.8053,0.8315,0.8666,0.9174,0.9933,1.1047,1.2503,1.3771,1.4178,1.5218,1.4901,0.9928,0.7265,0.4772,-0.05,-0.5348,0.0398,0.1741,0.1584,0.1478,0.056,-0.1209,-0.319,-0.3817,-0.2907,-0.2153,-0.2427,-0.3875,-0.5958,-0.7198,-0.6786,-0.5469,-0.4076,0.737,0.7556,0.7757,0.7984,0.8259,0.861,0.9073,0.9683,1.0443,1.1258,1.1885,1.2155,1.2097,1.0739,0.7837,0.6985,0.5448,0.1519,-0.056,0.6064,0.5498,0.3914,0.2674,0.0952,-0.2085,-0.6536,-0.7519,-0.3963,-0.2036,-0.2392,-0.4847,-0.8613,-1.0538,-0.9219,-0.6841,-0.48,0.7294,0.7473,0.7668,0.789,0.8151,0.8466,0.8848,0.9301,0.9796,1.0255,1.0554,1.0572,1.0158,0.9061,0.7598,0.7021,0.6365,0.6454,1.2487,1.59,0.9073,0.5771,0.3971,0.1899,-0.1459,-0.6791,-0.7963,-0.2537,-0.0748,-0.1522,-0.468,-0.9603,-1.1958,-1.0064,-0.719,-0.4918,0.7214,0.7382,0.7565,0.777,0.8002,0.8267,0.8565,0.8888,0.9203,0.9455,0.9571,0.9473,0.9092,0.8423,0.7682,0.7163,0.6943,0.781,1.0795,1.1886,0.8897,0.6872,0.5621,0.3712,0.1385,0.0385,0.2993,0.2802,0.1668,0.0318,-0.2588,-0.6744,-0.9024,-0.8097,-0.6072,-0.4274,0.7127,0.7281,0.7447,0.7628,0.7826,0.804,0.8265,0.8489,0.8685,0.8817,0.884,0.8715,0.8423,0.7997,0.7542,0.7191,0.7101,0.7531,0.8387,0.8616,0.807,0.8256,0.8159,0.5951,0.3815,0.4062,0.6565,0.5215,0.3761,0.2682,0.034,-0.2662,-0.4679,-0.4925,-0.4139,-0.3124,0.7033,0.7171,0.7318,0.7473,0.7637,0.7805,0.7972,0.8124,0.8243,0.8305,0.8284,0.8163,0.7941,0.7646,0.7338,0.7094,0.7003,0.7126,0.7373,0.755,0.796,0.9377,0.9876,0.733,0.5011,0.446,0.492,0.4934,0.5569,0.4853,0.2611,0.0211,-0.1529,-0.228,-0.2264,-0.1873,0.6933,0.7055,0.7182,0.7312,0.7445,0.7575,0.7696,0.7797,0.7866,0.7887,0.7846,0.7737,0.7563,0.7345,0.7119,0.693,0.6822,0.6816,0.6895,0.7071,0.754,0.8396,0.8486,0.6957,0.5323,0.4559,0.4505,0.4954,0.5787,0.523,0.3479,0.1674,0.0293,-0.0514,-0.0813,-0.0778]},{"header":{"la1":42.85,"la2":41.18,"lo1":11.55,"lo2":14.05,"nx":36,"ny":24,"dx":0.07143,"dy":0.07261,"parameterCategory":2,"parameterNumber":3,"parameterNumberName":"northward_wind","parameterUnit":"m.s-1"},"data":[0.6275,0.6363,0.645,0.6531,0.6598,0.6633,0.6608,0.6494,0.6269,0.5934,0.5517,0.5063,0.4615,0.4203,0.3845,0.3546,0.3305,0.3114,0.2965,0.2848,0.2753,0.2676,0.2611,0.2559,0.2516,0.2483,0.2459,0.2441,0.2429,0.2423,0.242,0.2421,0.2425,0.2432,0.2441,0.2452,0.6499,0.6621,0.6751,0.6888,0.7027,0.7146,0.7202,0.7133,0.6887,0.6458,0.5899,0.5294,0.4714,0.4203,0.3778,0.344,0.3181,0.2988,0.2845,0.2736,0.2647,0.2572,0.2509,0.2457,0.2416,0.2386,0.2364,0.2351,0.2343,0.234,0.2341,0.2346,0.2353,0.2363,0.2375,0.2388,0.6738,0.6896,0.7074,0.7282,0.7525,0.7786,0.8003,0.8052,0.7802,0.722,0.642,0.5575,0.4807,0.417,0.367,0.3296,0.303,0.2848,0.2724,0.2631,0.2548,0.2472,0.2406,0.2351,0.2311,0.2282,0.2265,0.2255,0.2252,0.2254,0.2259,0.2267,0.2278,0.2291,0.2305,0.2322,0.6989,0.7184,0.7411,0.7695,0.8072,0.8561,0.9096,0.9439,0.9239,0.8372,0.7128,0.5892,0.4864,0.4078,0.3504,0.3105,0.2851,0.2707,0.2628,0.256,0.2477,0.2386,0.2304,0.2241,0.2198,0.2172,0.2159,0.2154,0.2157,0.2163,0.2173,0.2185,0.2199,0.2215,0.2233,0.2252,0.7256,0.7486,0.7751,0.8096,0.8611,0.9412,1.0535,1.16,1.1633,1.015,0.8026,0.6174,0.4822,0.3885,0.3254,0.2856,0.2649,0.2597,0.2616,0.2583,0.2462,0.2318,0.2201,0.2122,0.2076,0.2053,0.2046,0.2048,0.2057,0.207,0.2084,0.21,0.2117,0.2136,0.2157,0.2179,0.755,0.7815,0.8099,0.8456,0.9032,1.0122,1.2109,1.476,1.5557,1.262,0.8868,0.6225,0.458,0.3546,0.2893,0.2526,0.2416,0.255,0.2786,0.2777,0.2514,0.2253,0.2081,0.1985,0.1939,0.1924,0.1926,0.1938,0.1954,0.1973,0.1992,0.2011,0.2032,0.2053,0.2076,0.2101,0.7888,0.8208,0.8507,0.8804,0.9252,1.0289,1.2768,1.7301,1.945,1.4208,0.8792,0.5738,0.4052,0.3028,0.2388,0.2068,0.2078,0.2461,0.3028,0.3006,0.2507,0.2119,0.1911,0.1815,0.1782,0.1783,0.1799,0.1823,0.1848,0.1873,0.1897,0.1919,0.1941,0.1964,0.1989,0.2016,0.829,0.8728,0.9102,0.9316,0.9411,0.9782,1.124,1.438,1.5673,1.1189,0.6918,0.4605,0.3276,0.2354,0.1695,0.1389,0.1493,0.1957,0.2556,0.2585,0.2157,0.1823,0.166,0.1604,0.1605,0.1633,0.167,0.1708,0.1743,0.1773,0.18,0.1823,0.1845,0.1868,0.1894,0.1924,0.8751,0.9429,1.008,1.039,1.0036,0.9298,0.8818,0.8592,0.751,0.5422,0.4009,0.3206,0.2476,0.164,0.0746,0.034,0.0631,0.1081,0.1466,0.1591,0.1484,0.137,0.1333,0.1358,0.1416,0.1483,0.1546,0.1599,0.1641,0.1674,0.17,0.1721,0.1741,0.1763,0.1789,0.182,0.9191,1.024,1.1534,1.253,1.1858,0.967,0.7506,0.4957,0.1232,-0.0511,0.1117,0.2081,0.1963,0.1178,-0.046,-0.1259,-0.0237,0.025,0.0457,0.0621,0.0745,0.085,0.0968,0.1102,0.1236,0.1353,0.1441,0.1504,0.1548,0.1578,0.1597,0.1612,0.1625,0.1642,0.1667,0.1701,0.9435,1.08,1.285,1.5196,1.4566,1.0587,0.7665,0.434,-0.3989,-0.7998,-0.0846,0.1681,0.1928,0.148,-0.0163,-0.1317,-0.0496,-0.0539,-0.0599,-0.0336,0.0012,0.0319,0.0598,0.0867,0.1105,0.1278,0.1382,0.1438,0.1469,0.1484,0.1489,0.1489,0.149,0.15,0.1522,0.1558,0.932,1.0637,1.2588,1.4757,1.4055,1.0561,0.8972,0.8143,0.2328,-0.2856,0.0774,0.2152,0.2197,0.2311,0.1898,0.038,-0.071,-0.1975,-0.2229,-0.1419,-0.0721,-0.0224,0.0229,0.0689,0.1089,0.1328,0.1406,0.1413,0.1405,0.139,0.1368,0.1343,0.1324,0.1321,0.134,0.1384,0.8867,0.9811,1.0937,1.173,1.1147,1.001,1.0408,0.945,1.1532,0.5117,0.3204,0.3135,0.2497,0.2825,0.2711,0.0288,-0.1629,-0.417,-0.4194,-0.2323,-0.1419,-0.0858,-0.0205,0.0573,0.1281,0.1599,0.1543,0.1425,0.1346,0.1284,0.122,0.1156,0.1106,0.1085,0.1104,0.1162,0.8258,0.8822,0.9344,0.9583,0.9422,0.9454,1.0698,1.3919,1.2003,0.6343,0.3891,0.4263,0.3835,-0.2977,-0.0315,-0.1558,-0.3458,-0.3743,-0.3504,-0.2567,-0.2322,-0.1926,-0.0919,0.0377,0.155,0.1968,0.1681,0.141,0.1259,0.1144,0.1022,0.0897,0.0799,0.0757,0.0785,0.0874,0.7657,0.7971,0.8213,0.8315,0.8324,0.8486,0.9012,0.9356,0.7789,0.5006,0.347,0.3242,-0.0007,-0.6457,-0.1785,-0.4986,-1.0185,-0.4669,-0.2742,-0.3163,-0.4694,-0.4382,-0.2247,-0.0204,0.1197,0.1696,0.1499,0.1261,0.1103,0.0944,0.074,0.0515,0.0341,0.0277,0.0339,0.0495,0.7131,0.7299,0.7409,0.7442,0.7424,0.7403,0.7318,0.6828,0.5522,0.3569,0.1386,0.5607,0.3963,0.0398,0.0052,-0.348,-0.7376,-0.3331,-0.185,-0.4492,-1.0634,-0.9049,-0.3848,-0.0879,0.0494,0.0988,0.1033,0.0963,0.0867,0.0671,0.0331,-0.0076,-0.038,-0.0449,-0.029,0.0004,0.6691,0.6772,0.6806,0.6781,0.6697,0.654,0.6238,0.5656,0.4695,0.3362,0.1854,0.4004,0.692,0.7736,0.4049,0.1889,0.034,0.0607,0.0497,-0.3001,-1.1244,-0.928,-0.3539,-0.0764,0.0221,0.0419,0.0439,0.0538,0.0582,0.035,-0.0246,-0.1024,-0.1555,-0.1559,-0.1155,-0.06,0.6329,0.6358,0.6345,0.6281,0.6159,0.5958,0.5646,0.519,0.4607,0.4035,0.3907,0.5036,0.7863,0.8742,0.8032,0.7845,0.5084,0.3094,0.2221,0.1927,-0.1478,-0.2376,-0.0786,0.025,0.0217,-0.0439,-0.064,-0.0081,0.034,0.0085,-0.0991,-0.252,-0.3435,-0.3151,-0.2219,-0.1242,0.6035,0.6031,0.5993,0.5912,0.5783,0.5597,0.5348,0.5046,0.4745,0.4571,0.4748,0.5518,0.6857,0.8734,1.4358,1.6727,0.9057,0.5446,0.5088,0.8464,0.5664,0.305,0.2167,0.155,0.0151,-0.2176,-0.2696,-0.0733,0.0387,0.0115,-0.1661,-0.4429,-0.585,-0.4892,-0.3175,-0.1725,0.5797,0.5776,0.5727,0.5646,0.5531,0.5381,0.5206,0.5028,0.4897,0.49,0.5152,0.5769,0.6896,0.9136,1.3646,1.4954,1.0144,0.8887,1.4589,1.7768,1.0205,0.6333,0.4629,0.3086,0.0843,-0.2309,-0.2983,-0.0085,0.116,0.0808,-0.1444,-0.5126,-0.6892,-0.5491,-0.3394,-0.1769,0.5605,0.5577,0.5527,0.5455,0.5362,0.5252,0.5139,0.5046,0.5012,0.5092,0.5354,0.5875,0.6764,0.8185,0.9878,1.025,0.9187,0.949,1.2438,1.3489,1.0315,0.844,0.735,0.5304,0.2845,0.1315,0.1859,0.2249,0.2779,0.2468,0.0376,-0.2871,-0.4658,-0.3992,-0.2527,-0.1254,0.5451,0.5421,0.5376,0.5317,0.5246,0.5171,0.5105,0.5066,0.5083,0.5191,0.543,0.5838,0.6448,0.723,0.7951,0.8235,0.8223,0.8645,0.9613,1.0039,1.003,1.1356,1.161,0.8292,0.4881,0.3211,0.2953,0.351,0.5354,0.531,0.321,0.0532,-0.1226,-0.1531,-0.1033,-0.0362,0.5327,0.5299,0.5261,0.5215,0.5164,0.5116,0.5082,0.5076,0.5117,0.5226,0.5426,0.573,0.6135,0.6593,0.7001,0.7272,0.7483,0.7834,0.8358,0.9005,1.0431,1.3593,1.4579,1.0323,0.6363,0.4466,0.4206,0.6194,0.9716,0.8744,0.5763,0.3127,0.1373,0.0571,0.0431,0.0606,0.5225,0.5201,0.517,0.5136,0.5102,0.5074,0.506,0.5072,0.5121,0.5221,0.5382,0.5605,0.5882,0.6181,0.6462,0.6704,0.6946,0.7259,0.7709,0.8434,0.9796,1.1758,1.2104,0.9601,0.6904,0.5519,0.5655,0.7706,1.03,0.936,0.6719,0.4455,0.2894,0.1983,0.1563,0.1449]}]