docs/data/wind_grid.json
[{"header":{"la1":42.85,"la2":41.18,"lo1":11.55,"lo2":14.05,"nx":36,"ny":24,"dx":0.07143,"dy":0.07261,"parameterCategory":2,"parameterNumber":2,"parameterNumberName":"eastward_wind","parameterUnit":"m.s-1"},"data":[3.0404,3.0543,3.0712,3.0905,3.1109,3.1299,3.1438,3.1487,3.1415,3.121,3.0885,3.0467,2.9975,2.942,2.8797,2.8087,2.7264,2.6298,2.5179,2.3951,2.2752,2.1807,2.1319,2.1343,2.1759,2.2381,2.3056,2.3694,2.4255,2.4734,2.5136,2.5472,2.5755,2.5994,2.6198,2.6375,3.0385,3.0553,3.0771,3.1039,3.1346,3.166,3.1924,3.2066,3.2024,3.178,3.1371,3.0851,3.0267,2.9634,2.8939,2.815,2.7213,2.6055,2.4604,2.2854,2.1004,1.9519,1.8886,1.9188,2.0092,2.1194,2.2242,2.3139,2.3872,2.4461,2.4934,2.5316,2.5629,2.5888,2.6107,2.6294,3.0315,3.0505,3.0773,3.1132,3.1581,3.209,3.2572,3.2889,3.2902,3.2575,3.2003,3.1318,3.0606,2.9885,2.9131,2.8291,2.7282,2.5971,2.4145,2.1599,1.8499,1.587,1.5035,1.6083,1.7985,1.9879,2.1441,2.2644,2.3553,2.4243,2.4776,2.5193,2.5528,2.5801,2.6029,2.6223,3.0176,3.0371,3.0677,3.1132,3.177,3.2582,3.3461,3.4139,3.4265,3.3736,3.2826,3.1857,3.0968,3.0155,2.9365,2.8525,2.7539,2.6229,2.417,2.0575,1.5007,0.9643,0.8669,1.177,1.5612,1.8659,2.0809,2.23,2.335,2.4109,2.4676,2.5111,2.5455,2.5734,2.5965,2.616,2.9951,3.0117,3.0425,3.0955,3.1808,3.3062,3.4666,3.6162,3.6563,3.5491,3.3851,3.2412,3.1302,3.041,2.9618,2.884,2.8012,2.7037,2.5387,2.1116,1.1294,-0.0606,-0.0862,0.7097,1.379,1.7989,2.0566,2.2207,2.3305,2.4075,2.4639,2.507,2.5409,2.5683,2.5912,2.6105,2.9632,2.9718,2.9955,3.0484,3.1512,3.3284,3.6031,3.9348,4.0513,3.7946,3.4878,3.2833,3.1531,3.0602,2.9846,2.9175,2.8604,2.834,2.8413,2.5444,1.2518,-0.6803,-0.5775,0.6191,1.4049,1.8384,2.0878,2.2414,2.3426,2.4135,2.4659,2.5062,2.5383,2.5645,2.5865,2.6053,2.9234,2.9183,2.9249,2.9626,3.0675,3.2791,3.6506,4.2153,4.4685,3.9667,3.522,3.29,3.1588,3.0688,2.9982,2.9426,2.9075,2.934,3.1172,3.0322,2.0912,0.8991,0.6683,1.2184,1.6909,1.9863,2.1682,2.2855,2.3663,2.4254,2.4709,2.507,2.5365,2.561,2.5818,2.5999,2.8798,2.8591,2.8445,2.8522,2.9366,3.1413,3.4723,3.9176,4.1037,3.7498,3.432,3.2582,3.1502,3.0647,2.9918,2.9439,2.9256,2.9391,2.9981,2.9303,2.7341,2.4142,2.0227,1.9556,2.0569,2.1725,2.2648,2.3353,2.3912,2.437,2.4752,2.5072,2.5341,2.5568,2.5763,2.5935,2.8372,2.8041,2.7903,2.7972,2.8223,2.9793,3.2094,3.4186,3.4939,3.4166,3.3093,3.221,3.1434,3.0514,2.9391,2.8832,2.9123,2.9382,2.9451,2.9819,3.2205,3.1024,2.6412,2.3955,2.3199,2.3148,2.3357,2.3677,2.4044,2.4412,2.475,2.5044,2.5294,2.5506,2.569,2.5854,2.7974,2.741,2.7024,2.6923,2.6575,2.8229,3.0275,3.1747,3.2664,3.2894,3.2534,3.211,3.1634,3.0592,2.8003,2.6614,2.8741,2.968,2.9846,3.0127,3.1277,3.0537,2.7764,2.5608,2.4314,2.3645,2.3455,2.3607,2.394,2.4319,2.4671,2.4969,2.5213,2.5415,2.5588,2.5746,2.768,2.6713,2.4991,2.1755,2.246,2.6763,2.9187,3.0587,3.2697,3.3614,3.2514,3.2287,3.2314,3.1845,2.8939,2.675,2.9377,3.048,3.0624,3.0278,2.9885,2.9045,2.7457,2.5613,2.3951,2.2875,2.2615,2.2959,2.3527,2.4074,2.4515,2.4845,2.509,2.5281,2.5445,2.5598,2.7664,2.66,2.4713,2.1993,2.2812,2.6772,2.8462,2.8762,3.0807,3.2466,3.2257,3.2596,3.3285,3.4507,3.3107,3.0973,3.0996,3.2097,3.2237,3.1045,2.9847,2.8594,2.6894,2.4539,2.1864,2.0196,2.0416,2.1632,2.2841,2.3729,2.4313,2.4681,2.4918,2.509,2.524,2.5392,2.7965,2.72,2.6185,2.54,2.6111,2.7711,2.8087,2.7193,2.8375,3.0775,3.211,3.3171,3.3587,3.5313,3.412,3.138,3.1413,3.4654,3.4748,3.1797,3.0031,2.8466,2.6315,2.2708,1.7529,1.4561,1.6643,1.9893,2.214,2.3434,2.413,2.4488,2.4678,2.4808,2.4941,2.5101,2.8431,2.801,2.7619,2.7515,2.7924,2.8472,2.8464,2.7939,2.8708,3.078,3.2258,3.408,3.4278,2.981,3.1194,2.9124,3.0085,3.2655,3.3176,3.1399,2.9852,2.8366,2.6105,2.1479,1.3163,0.8318,1.3466,1.8938,2.1939,2.3388,2.4021,2.4249,2.4316,2.4373,2.4492,2.4686,2.8904,2.8712,2.8599,2.8654,2.8894,2.9161,2.9285,2.944,3.0213,3.1474,3.2366,3.2677,3.2183,3.1818,3.0544,2.8638,3.0513,3.1074,3.1367,3.0494,2.9127,2.8143,2.6593,2.2793,1.6053,1.201,1.5753,2.0186,2.2628,2.3677,2.3955,2.3866,2.3706,2.3665,2.3806,2.4093,2.9315,2.925,2.9253,2.9353,2.9543,2.9777,3.0041,3.0446,3.1163,3.2178,3.3292,3.2252,3.2119,3.1836,3.1234,3.0674,3.0881,3.1217,3.12,2.9834,2.7246,2.7354,2.7382,2.5429,2.2314,2.0413,2.1284,2.2959,2.3954,2.4148,2.3761,2.3114,2.2596,2.2476,2.2756,2.3269,2.965,2.9655,2.9711,2.9832,3.0015,3.0253,3.056,3.0982,3.157,3.2334,3.3137,3.2642,3.2562,3.2634,3.2043,3.1761,3.1793,3.2214,3.2326,3.0581,2.7083,2.7502,2.8312,2.7578,2.6393,2.5702,2.5643,2.5648,2.5333,2.4522,2.317,2.1598,2.0547,2.0501,2.1216,2.22,2.9917,2.9961,3.0044,3.0175,3.0356,3.0587,3.0877,3.1239,3.167,3.212,3.2434,3.2497,3.2717,3.2841,3.2977,3.3143,3.2991,3.3741,3.4666,3.306,3.0891,2.9976,2.9738,2.9224,2.878,2.8802,2.8647,2.774,2.6452,2.4662,2.1983,1.8823,1.6987,1.7495,1.9226,2.1008,3.0129,3.0194,3.0291,3.0425,3.0597,3.081,3.1064,3.1357,3.1674,3.1976,3.2214,3.24,3.2638,3.3113,3.4654,3.5343,3.3976,3.4361,3.5157,3.5604,3.3832,3.224,3.1303,3.0551,3.0187,3.0843,3.0966,2.9136,2.7217,2.4746,2.0575,1.5025,1.2201,1.4079,1.7365,2.0063,3.0296,3.0373,3.0475,3.0606,3.0766,3.0957,3.1175,3.1415,3.1664,3.1904,3.2126,3.2353,3.2667,3.3282,3.4507,3.4944,3.426,3.4978,3.7961,3.9413,3.585,3.3992,3.2923,3.1747,3.0756,3.1093,3.1236,2.9015,2.7542,2.5272,2.0536,1.3527,1.0112,1.2848,1.686,1.9892,3.0428,3.0509,3.0612,3.0736,3.0884,3.1053,3.1242,3.1444,3.1653,3.1862,3.2073,3.2307,3.2614,3.3062,3.3607,3.3905,3.4088,3.4941,3.6718,3.7375,3.6243,3.5964,3.5451,3.3463,3.1022,2.8944,2.6629,2.7008,2.7809,2.6712,2.3003,1.7418,1.4276,1.5576,1.834,2.0713,3.053,3.0613,3.0713,3.083,3.0965,3.1116,3.1281,3.1456,3.1638,3.1826,3.2023,3.2242,3.2503,3.2818,3.3152,3.3454,3.3821,3.4462,3.5326,3.6036,3.7183,3.9916,4.0574,3.6437,3.1877,2.7927,2.4451,2.6379,2.9509,2.9387,2.6612,2.2768,2.0136,1.9829,2.0871,2.2179,3.0609,3.0691,3.0786,3.0896,3.1019,3.1154,3.1301,3.1456,3.1618,3.1788,3.1967,3.2163,3.2384,3.2632,3.2899,3.3191,3.3559,3.4077,3.4787,3.5888,3.8329,4.3123,4.4583,3.8755,3.3191,2.9579,2.7959,3.0036,3.3691,3.274,2.9592,2.6455,2.4216,2.3253,2.3269,2.3752,3.0669,3.0749,3.0839,3.0941,3.1053,3.1176,3.1307,3.1446,3.1591,3.1744,3.1906,3.2081,3.2272,3.2483,3.2716,3.2986,3.3326,3.3786,3.4458,3.558,3.7639,4.0512,4.1061,3.7611,3.3709,3.118,3.0434,3.197,3.4284,3.3383,3.076,2.8319,2.6522,2.5481,2.5087,2.5109]},{"header":{"la1":42.85,"la2":41.18,"lo1":11.55,"lo2":14.05,"nx":36,"ny":24,"dx":0.07143,"dy":0.07261,"parameterCategory":2,"parameterNumber":3,"parameterNumberName":"northward_wind","parameterUnit":"m.s-1"},"data":[1.4006,1.4143,1.4254,1.4337,1.4391,1.4413,1.4397,1.4331,1.4204,1.4013,1.3767,1.348,1.3161,1.281,1.2419,1.197,1.1442,1.0812,1.007,0.9242,0.841,0.7708,0.7251,0.707,0.7107,0.7266,0.7468,0.7664,0.783,0.7958,0.805,0.8109,0.8141,0.8152,0.8147,0.8131,1.433,1.4506,1.465,1.4759,1.4837,1.4889,1.4905,1.4862,1.4731,1.4507,1.4211,1.3873,1.3516,1.3139,1.2727,1.2252,1.1677,1.0949,1.0015,0.8871,0.7645,0.6615,0.6046,0.598,0.6245,0.6636,0.7023,0.7352,0.7607,0.7792,0.7919,0.7998,0.804,0.8055,0.805,0.8033,1.4705,1.4935,1.5118,1.5253,1.5356,1.5448,1.5526,1.5539,1.5416,1.5131,1.4741,1.4322,1.3917,1.3522,1.3109,1.2638,1.2057,1.1273,1.0131,0.8497,0.652,0.4826,0.4114,0.4395,0.5139,0.5919,0.6569,0.706,0.7412,0.7654,0.7811,0.7904,0.7951,0.7964,0.7955,0.7932,1.5147,1.5459,1.5697,1.5851,1.596,1.6098,1.6298,1.6457,1.6372,1.5959,1.5377,1.482,1.4359,1.3965,1.358,1.3156,1.2653,1.1961,1.0733,0.8412,0.4919,0.1715,0.092,0.219,0.3865,0.5217,0.6178,0.6837,0.7277,0.7562,0.7737,0.7833,0.7874,0.7879,0.786,0.7827,1.568,1.6134,1.6468,1.6623,1.667,1.6816,1.7239,1.7786,1.7846,1.7112,1.6112,1.533,1.4823,1.4473,1.4159,1.3823,1.3508,1.3253,1.2521,0.9588,0.3226,-0.344,-0.378,-0.0217,0.2798,0.4739,0.5962,0.674,0.7233,0.7535,0.7706,0.7789,0.7813,0.7798,0.7762,0.7714,1.6316,1.7044,1.76,1.7754,1.7555,1.7512,1.8228,1.9705,2.0245,1.8638,1.6812,1.5759,1.5286,1.5079,1.49,1.4648,1.4522,1.5162,1.6558,1.4053,0.4108,-0.6563,-0.6197,-0.096,0.2611,0.4728,0.6019,0.6818,0.7304,0.7584,0.7724,0.7772,0.7763,0.7718,0.7656,0.7588,1.7013,1.8265,1.9424,1.9719,1.8855,1.8039,1.8685,2.1319,2.2736,1.9671,1.705,1.5976,1.5745,1.587,1.5965,1.5743,1.5436,1.6463,2.0863,1.957,0.7619,-0.0368,-0.1533,0.1003,0.3484,0.5231,0.6374,0.7087,0.7502,0.7714,0.779,0.7779,0.7717,0.7629,0.7533,0.744,1.7564,1.9624,2.2278,2.3487,2.1,1.8301,1.7905,1.9592,2.0497,1.8263,1.6469,1.5941,1.6233,1.7014,1.7778,1.7648,1.6467,1.57,1.6637,1.3252,0.3484,0.0385,0.1359,0.3024,0.4717,0.606,0.6981,0.7539,0.7825,0.7921,0.7895,0.7797,0.7664,0.7519,0.7381,0.7259,1.7531,2.0114,2.4765,2.8577,2.2829,1.7803,1.6351,1.645,1.6499,1.5944,1.5551,1.5765,1.673,1.8635,2.1293,2.1881,1.8726,1.5196,1.1877,0.5027,-0.663,-0.516,0.1031,0.4141,0.5921,0.7089,0.781,0.8171,0.8268,0.8194,0.8023,0.7807,0.7582,0.7368,0.7181,0.7028,1.6609,1.8361,2.123,2.3023,1.8255,1.5558,1.4606,1.4437,1.4598,1.4715,1.4856,1.5521,1.7009,2.0086,2.7455,3.1358,2.2078,1.5747,1.129,0.5213,-0.27,-0.2253,0.2606,0.5622,0.7366,0.8412,0.8922,0.9012,0.8833,0.8516,0.8148,0.778,0.7441,0.7148,0.6909,0.6727,1.5193,1.5482,1.4478,1.0298,1.0544,1.2835,1.2949,1.3063,1.4257,1.4882,1.4424,1.5208,1.6925,1.9584,2.6388,3.1537,2.1226,1.5397,1.2017,0.8655,0.5334,0.4535,0.6003,0.781,0.9329,1.028,1.0489,1.013,0.9514,0.8848,0.8221,0.7667,0.7198,0.6819,0.6531,0.6329,1.3965,1.3625,1.2211,0.9708,0.9996,1.1647,1.1547,1.1225,1.2637,1.3857,1.3768,1.4748,1.6915,1.978,1.9884,1.9437,1.6669,1.3753,1.2142,1.0568,0.894,0.822,0.8718,1.0164,1.204,1.3192,1.2822,1.1578,1.025,0.9107,0.8168,0.7403,0.6793,0.633,0.6005,0.5801,1.3133,1.2801,1.209,1.1314,1.1221,1.1303,1.0736,0.9912,1.0612,1.1943,1.2778,1.4001,1.5738,2.0286,1.8969,1.5991,1.4321,1.2213,1.1831,1.1067,1.0073,0.9666,1.0255,1.2313,1.5859,1.795,1.6106,1.3154,1.0826,0.9141,0.7874,0.6893,0.6145,0.561,0.5272,0.51,1.2565,1.2338,1.1987,1.1633,1.1383,1.1101,1.0649,1.0216,1.0387,1.0834,1.1441,1.3519,1.4256,1.3095,1.4614,1.5213,1.388,1.2202,1.157,1.0762,1.0058,0.9907,1.0715,1.3474,1.9257,2.2836,1.8706,1.3931,1.0814,0.8738,0.7207,0.6024,0.5142,0.456,0.4257,0.4178,1.2128,1.196,1.1729,1.1471,1.1203,1.0905,1.0579,1.028,0.9928,0.9187,0.8535,0.932,0.9904,0.6759,1.2431,1.4975,1.0619,1.1207,1.0598,0.9874,0.9421,0.9441,1.0205,1.2539,1.7137,2.0002,1.6856,1.2766,0.9866,0.7757,0.6053,0.4654,0.3627,0.304,0.2862,0.298,1.1759,1.1613,1.1421,1.1192,1.093,1.0629,1.0273,0.9787,0.8898,0.6941,0.3296,0.4466,0.6522,0.8528,1.0338,1.1118,1.0085,0.9813,0.9061,0.872,0.8847,0.8882,0.9269,1.0504,1.2427,1.3476,1.2319,1.022,0.8195,0.6266,0.4349,0.2597,0.1351,0.0837,0.0966,0.1465,1.1435,1.1294,1.1114,1.0894,1.0631,1.0311,0.9897,0.9289,0.8262,0.6379,0.3692,0.4827,0.5576,0.5737,0.7848,0.8542,0.841,0.7347,0.6371,0.72,0.8599,0.8513,0.837,0.8744,0.9205,0.9233,0.8685,0.7759,0.6424,0.4529,0.2081,-0.0444,-0.21,-0.2332,-0.1523,-0.0342,1.1146,1.1005,1.0828,1.0611,1.0346,1.0017,0.9591,0.9006,0.8182,0.7109,0.6205,0.6024,0.5383,0.5041,0.4741,0.4282,0.5309,0.4063,0.1943,0.4648,0.6536,0.715,0.725,0.732,0.7172,0.6657,0.6291,0.6065,0.5093,0.2896,-0.067,-0.4823,-0.7218,-0.6619,-0.447,-0.2247,1.0889,1.0746,1.057,1.0355,1.0093,0.9773,0.9374,0.8873,0.8261,0.7592,0.7002,0.6503,0.5793,0.4252,-0.108,-0.3461,0.2486,0.3269,0.2294,0.3034,0.4512,0.5521,0.5935,0.611,0.5899,0.4947,0.4666,0.5307,0.4496,0.178,-0.3291,-0.9991,-1.3382,-1.1107,-0.71,-0.3769,1.0659,1.0515,1.034,1.013,0.9879,0.9578,0.9219,0.8795,0.8312,0.7796,0.7268,0.6664,0.5728,0.3738,-0.0457,-0.1807,0.209,0.3194,0.1786,0.1028,0.3087,0.4,0.4412,0.4988,0.5439,0.4823,0.4606,0.5902,0.469,0.1542,-0.4093,-1.203,-1.5901,-1.2728,-0.7983,-0.4303,1.0454,1.031,1.0139,0.9936,0.9698,0.9419,0.9097,0.8729,0.8319,0.7872,0.7375,0.6765,0.5896,0.4554,0.2931,0.2436,0.3238,0.3426,0.2559,0.2126,0.2414,0.1882,0.1849,0.3349,0.5361,0.7408,1.0212,0.8863,0.5212,0.1823,-0.2463,-0.8171,-1.1385,-0.9826,-0.6558,-0.3656,1.0271,1.0129,0.9962,0.9768,0.9543,0.9286,0.8994,0.8667,0.8303,0.7901,0.7445,0.69,0.6217,0.5392,0.4611,0.421,0.4133,0.3893,0.3313,0.2535,0.0872,-0.245,-0.3369,0.0454,0.462,0.8742,1.3296,0.9956,0.3657,0.1094,-0.0771,-0.3549,-0.5598,-0.5511,-0.4046,-0.2293,1.0107,0.9968,0.9807,0.9621,0.941,0.9172,0.8905,0.8608,0.8281,0.7918,0.751,0.7045,0.6516,0.5949,0.5424,0.5022,0.4688,0.4251,0.3539,0.2239,-0.0638,-0.5871,-0.7407,-0.1827,0.3243,0.6585,0.8006,0.4183,-0.1573,-0.118,-0.039,-0.1087,-0.2052,-0.2294,-0.1756,-0.0824,0.9962,0.9825,0.967,0.9493,0.9295,0.9073,0.8827,0.8556,0.8258,0.7931,0.757,0.7173,0.6744,0.63,0.587,0.5466,0.5047,0.4514,0.3713,0.2352,-0.0051,-0.3228,-0.3935,-0.0793,0.2563,0.4467,0.4338,0.1232,-0.2319,-0.1607,-0.0205,0.0057,-0.0191,-0.0308,-0.0077,0.0431]}]