docs/data/wind_grid.json
[{"header":{"la1":42.85,"la2":41.18,"lo1":11.55,"lo2":14.05,"nx":36,"ny":24,"dx":0.07143,"dy":0.07261,"parameterCategory":2,"parameterNumber":2,"parameterNumberName":"eastward_wind","parameterUnit":"m.s-1"},"data":[2.0251,2.0339,2.0418,2.0477,2.0497,2.045,2.0295,1.9984,1.9469,1.8715,1.7705,1.6434,1.4906,1.313,1.1137,0.9001,0.6865,0.4941,0.3462,0.2601,0.2396,0.2743,0.3458,0.4358,0.5299,0.6197,0.7005,0.771,0.8313,0.8822,0.9251,0.9611,0.9915,1.0174,1.0396,1.0589,2.0563,2.0704,2.085,2.0992,2.1114,2.1182,2.1141,2.0913,2.042,1.9608,1.846,1.698,1.5165,1.3003,1.0491,0.7689,0.4778,0.21,0.0091,-0.0915,-0.0869,-0.0015,0.1287,0.2725,0.4102,0.5325,0.6368,0.7236,0.795,0.8535,0.9013,0.9406,0.9732,1.0004,1.0235,1.0434,2.0866,2.1062,2.1282,2.1526,2.1783,2.2021,2.2166,2.2094,2.1661,2.078,1.9453,1.7721,1.5583,1.298,0.9827,0.6105,0.2,-0.1938,-0.4849,-0.6014,-0.5388,-0.3568,-0.1291,0.0938,0.2889,0.4502,0.58,0.6832,0.765,0.8299,0.8816,0.9232,0.957,0.9848,1.0082,1.0283,2.1146,2.1396,2.1692,2.2047,2.2471,2.2949,2.34,2.3619,2.3313,2.2312,2.071,1.8666,1.6194,1.3144,0.9268,0.4334,-0.1613,-0.7775,-1.2364,-1.3653,-1.168,-0.8023,-0.4175,-0.0851,0.1791,0.3821,0.5365,0.6539,0.7437,0.8129,0.8667,0.9091,0.943,0.9706,0.9937,1.0134,2.1391,2.1685,2.2047,2.2508,2.311,2.3893,2.4822,2.5594,2.5545,2.4272,2.2183,1.9756,1.7004,1.361,0.9067,0.2729,-0.5891,-1.6012,-2.3948,-2.5137,-2.009,-1.3106,-0.6972,-0.2335,0.1008,0.3402,0.513,0.6394,0.7331,0.8035,0.8571,0.8985,0.9311,0.9574,0.9793,0.9981,2.159,2.1912,2.2316,2.2848,2.3589,2.4667,2.6212,2.7953,2.8422,2.6498,2.3608,2.0823,1.7975,1.4499,0.9607,0.2117,-0.9557,-2.5783,-4.0064,-4.0485,-2.9374,-1.7497,-0.8823,-0.305,0.0774,0.336,0.5152,0.6423,0.7342,0.8018,0.8523,0.8907,0.9205,0.9445,0.9644,0.9819,2.1737,2.2066,2.2477,2.3019,2.3789,2.4972,2.6887,2.9572,3.0692,2.7874,2.4398,2.1653,1.906,1.5886,1.123,0.3616,-0.9491,-3.0557,-5.1842,-5.1135,-3.3795,-1.8429,-0.8587,-0.2547,0.126,0.3753,0.5443,0.6622,0.7461,0.8067,0.8512,0.8845,0.9101,0.9306,0.948,0.9636,2.1833,2.2149,2.2532,2.302,2.3684,2.4661,2.6176,2.8221,2.8969,2.6789,2.4276,2.2255,2.0266,1.7738,1.3903,0.7528,-0.3464,-2.1153,-3.9495,-4.0057,-2.6401,-1.3905,-0.579,-0.0762,0.243,0.4533,0.5962,0.6957,0.7659,0.8159,0.8518,0.8781,0.898,0.9142,0.9284,0.9419,2.1886,2.2175,2.2508,2.2903,2.3392,2.4024,2.4833,2.5648,2.5853,2.5172,2.4092,2.2918,2.164,1.9915,1.7136,1.2536,0.5291,-0.4799,-1.4464,-1.6834,-1.2109,-0.6109,-0.1439,0.1799,0.401,0.5538,0.6608,0.7361,0.789,0.8257,0.851,0.8688,0.882,0.893,0.9037,0.9152,2.1906,2.2163,2.244,2.2738,2.3063,2.3427,2.3867,2.444,2.5102,2.5234,2.4514,2.3773,2.318,2.2297,2.0412,1.7016,1.2206,0.6694,0.1828,-0.0731,-0.0605,0.0959,0.2774,0.4352,0.5602,0.6552,0.7253,0.7755,0.8098,0.832,0.8454,0.8535,0.859,0.8644,0.8714,0.8813,2.1903,2.213,2.2357,2.2574,2.2767,2.2931,2.3143,2.3802,2.576,2.6652,2.5112,2.4651,2.4842,2.4933,2.362,2.0342,1.6014,1.1965,0.8994,0.695,0.5802,0.5514,0.5781,0.6299,0.6867,0.7377,0.778,0.8062,0.823,0.8304,0.8311,0.8282,0.8251,0.8245,0.8282,0.8372,2.1887,2.2089,2.2278,2.2435,2.2527,2.2501,2.2317,2.2282,2.4055,2.5516,2.5077,2.546,2.6389,2.7765,2.6846,2.2458,1.7089,1.2399,1.0506,0.9626,0.8506,0.7656,0.7314,0.737,0.7618,0.7895,0.811,0.8226,0.8241,0.8168,0.8036,0.7883,0.7754,0.7685,0.7698,0.7797,2.1862,2.2048,2.2215,2.234,2.2379,2.2249,2.1808,2.1124,2.1945,2.3831,2.5131,2.6575,2.7161,2.9,2.8421,2.2763,1.6566,0.9546,0.9008,0.9953,0.8889,0.7788,0.7387,0.7513,0.7815,0.8077,0.8217,0.8222,0.8101,0.7875,0.7581,0.7277,0.703,0.6896,0.6902,0.7043,2.1832,2.2009,2.2168,2.2291,2.2341,2.2257,2.1971,2.1585,2.2132,2.3812,2.5408,2.7931,2.8401,2.4385,2.488,2.0998,1.6404,1.1927,1.0388,0.9539,0.7065,0.5618,0.5884,0.6783,0.7544,0.7975,0.8117,0.8043,0.7793,0.7392,0.6889,0.6378,0.5976,0.5779,0.5816,0.6057,2.1794,2.1968,2.2132,2.2273,2.2375,2.2419,2.242,2.2542,2.3199,2.4399,2.5455,2.6086,2.5818,2.58,2.3474,1.8028,1.3836,1.4347,1.1907,0.7001,0.0658,-0.0449,0.266,0.5483,0.7053,0.7704,0.7839,0.7689,0.7311,0.6694,0.5888,0.5057,0.4435,0.4189,0.4338,0.4784,2.1747,2.1922,2.2094,2.2259,2.2416,2.2575,2.2781,2.3153,2.3873,2.5026,2.6378,2.6022,2.5434,2.4556,2.2683,1.8405,1.5153,1.5406,1.2285,0.2275,-1.3616,-1.0949,-0.0908,0.4541,0.6733,0.7341,0.7342,0.7133,0.6666,0.5778,0.4486,0.3113,0.2155,0.192,0.2354,0.3189,2.1688,2.1863,2.2041,2.2224,2.2418,2.2641,2.2932,2.3362,2.4021,2.4987,2.6074,2.5582,2.4479,2.3871,2.2709,2.0623,1.8763,1.785,1.5593,0.4838,-1.5105,-1.1515,-0.0171,0.5217,0.6796,0.6685,0.6366,0.6289,0.5926,0.4711,0.2594,0.0247,-0.1222,-0.1249,-0.019,0.1319,2.1614,2.1786,2.1966,2.2156,2.2363,2.2603,2.29,2.3284,2.3778,2.4336,2.4704,2.4502,2.3992,2.3746,2.328,2.252,2.0976,2.0859,2.2137,1.5427,0.5125,0.2501,0.5506,0.7373,0.6819,0.4957,0.4248,0.5062,0.5301,0.3717,0.0239,-0.379,-0.5933,-0.5287,-0.3076,-0.0591,2.1525,2.1691,2.1866,2.2051,2.2253,2.248,2.2743,2.3048,2.3383,2.3689,2.385,2.3789,2.363,2.3641,2.4738,2.5261,2.2539,2.1821,2.2463,2.1484,1.6494,1.2471,1.1105,0.979,0.652,0.1545,0.0462,0.3925,0.5312,0.3276,-0.1976,-0.826,-1.1006,-0.9151,-0.5505,-0.2036,2.1422,2.1579,2.1742,2.1915,2.2099,2.2299,2.2516,2.2745,2.2968,2.3148,2.3239,2.3231,2.3211,2.3442,2.4424,2.4659,2.2868,2.2585,2.5562,2.7155,2.15,1.769,1.5459,1.2624,0.7942,0.1466,0.0141,0.5682,0.6793,0.3997,-0.2378,-0.9892,-1.2885,-1.0436,-0.6217,-0.2408,2.1306,2.145,2.1599,2.1754,2.1916,2.2084,2.2256,2.2424,2.2574,2.2685,2.274,2.2745,2.2754,2.2873,2.3108,2.2979,2.2416,2.2586,2.4154,2.4607,2.2533,2.1516,2.0347,1.6826,1.2275,1.0005,1.2749,1.2254,0.9667,0.5902,-0.0002,-0.6405,-0.9311,-0.7887,-0.4665,-0.1477,2.1179,2.1309,2.1442,2.1578,2.1715,2.1852,2.1985,2.2107,2.2207,2.2275,2.2303,2.2298,2.2282,2.228,2.2255,2.2108,2.1921,2.2043,2.2549,2.2969,2.3968,2.7063,2.7727,2.2288,1.644,1.4681,1.6773,1.5226,1.1714,0.7959,0.3425,-0.1052,-0.3544,-0.3408,-0.1714,0.0385,2.1044,2.1159,2.1276,2.1392,2.1505,2.1615,2.1716,2.1802,2.1867,2.1904,2.191,2.1888,2.1844,2.1784,2.1697,2.158,2.1501,2.1598,2.1982,2.2924,2.558,3.0891,3.2425,2.5822,1.9068,1.5867,1.5311,1.4351,1.218,0.9396,0.6235,0.325,0.1307,0.0808,0.1419,0.2565,2.0903,2.1004,2.1104,2.1201,2.1294,2.1379,2.1453,2.1512,2.1551,2.1566,2.1554,2.1516,2.1455,2.1375,2.128,2.1188,2.1153,2.1266,2.1674,2.2702,2.4945,2.8143,2.8717,2.4702,1.9859,1.6697,1.5095,1.3889,1.2336,1.0381,0.8216,0.619,0.4724,0.4054,0.4106,0.4626]},{"header":{"la1":42.85,"la2":41.18,"lo1":11.55,"lo2":14.05,"nx":36,"ny":24,"dx":0.07143,"dy":0.07261,"parameterCategory":2,"parameterNumber":3,"parameterNumberName":"northward_wind","parameterUnit":"m.s-1"},"data":[0.6414,0.6615,0.683,0.705,0.7262,0.7439,0.7548,0.7551,0.742,0.7149,0.6755,0.6267,0.5715,0.512,0.4498,0.3867,0.3259,0.2716,0.2286,0.2004,0.1873,0.1868,0.1947,0.207,0.2207,0.234,0.246,0.2565,0.2655,0.2732,0.2798,0.2855,0.2905,0.2948,0.2987,0.3022,0.6548,0.6795,0.7072,0.7374,0.7687,0.7978,0.8195,0.8269,0.8144,0.7807,0.7294,0.6665,0.5969,0.5229,0.4451,0.3645,0.2847,0.2127,0.1574,0.1256,0.1178,0.128,0.1483,0.1718,0.1945,0.2144,0.2312,0.245,0.2564,0.2658,0.2737,0.2804,0.2862,0.2912,0.2956,0.2996,0.666,0.6956,0.7304,0.7709,0.8162,0.8632,0.9038,0.9253,0.9152,0.8702,0.7992,0.7155,0.6273,0.536,0.4393,0.3355,0.2274,0.1264,0.0508,0.0155,0.0205,0.0517,0.0929,0.133,0.1675,0.1954,0.2174,0.2346,0.2482,0.2592,0.2683,0.2759,0.2824,0.2881,0.293,0.2974,0.674,0.7081,0.7501,0.8021,0.8658,0.9398,1.0142,1.0653,1.0622,0.9953,0.8887,0.773,0.6616,0.5519,0.4348,0.3013,0.1505,-0.001,-0.1139,-0.1512,-0.116,-0.0444,0.0305,0.0938,0.1426,0.1789,0.2058,0.226,0.2415,0.2538,0.2638,0.2721,0.2793,0.2855,0.291,0.2958,0.6772,0.7145,0.7625,0.8256,0.9099,1.0209,1.1536,1.2686,1.2857,1.1709,0.9957,0.8327,0.6965,0.5719,0.4371,0.2705,0.058,-0.1834,-0.3707,-0.4042,-0.2996,-0.1546,-0.0302,0.0606,0.1237,0.1672,0.1978,0.2199,0.2366,0.2496,0.2603,0.2693,0.277,0.2838,0.2897,0.2949,0.6745,0.713,0.7637,0.8335,0.934,1.0836,1.2993,1.5414,1.6136,1.3916,1.0959,0.8773,0.7253,0.5974,0.4558,0.2632,-0.0202,-0.4016,-0.7314,-0.7446,-0.5029,-0.2498,-0.0709,0.0434,0.1157,0.1626,0.1942,0.2167,0.2336,0.2469,0.2579,0.2673,0.2755,0.2828,0.2892,0.2948,0.6656,0.7022,0.7509,0.8189,0.9208,1.0845,1.3575,1.7442,1.9049,1.5275,1.1195,0.8826,0.7427,0.6313,0.5015,0.3079,-0.0105,-0.5065,-0.997,-0.9821,-0.5992,-0.2696,-0.0669,0.0512,0.1217,0.1658,0.1952,0.2162,0.2322,0.2453,0.2564,0.2663,0.275,0.2828,0.2897,0.2957,0.6509,0.6831,0.7248,0.7816,0.8645,0.9951,1.211,1.5183,1.6346,1.316,1.0068,0.8431,0.7535,0.6791,0.5791,0.4164,0.1434,-0.282,-0.7132,-0.7313,-0.4332,-0.1702,-0.0086,0.0848,0.1404,0.1755,0.1995,0.2174,0.232,0.2446,0.2559,0.2662,0.2756,0.284,0.2915,0.2979,0.6319,0.6581,0.69,0.7302,0.7827,0.8539,0.948,1.0403,1.0385,0.9286,0.836,0.7926,0.7748,0.7504,0.6875,0.5652,0.373,0.1153,-0.1276,-0.1989,-0.1112,0.0005,0.0811,0.1322,0.1649,0.1873,0.2045,0.2188,0.2319,0.2442,0.256,0.2671,0.2775,0.2868,0.2949,0.3017,0.6106,0.6304,0.6526,0.6772,0.7033,0.7286,0.7462,0.7384,0.687,0.66,0.7065,0.767,0.8279,0.8631,0.8309,0.7239,0.5748,0.4167,0.2763,0.1854,0.153,0.1536,0.1638,0.1749,0.1855,0.1961,0.2071,0.2187,0.231,0.2438,0.2568,0.2694,0.2812,0.2916,0.3005,0.3077,0.5885,0.6029,0.6177,0.6316,0.6425,0.6471,0.6412,0.6175,0.5415,0.5034,0.637,0.775,0.9263,1.0498,1.0331,0.8806,0.7143,0.5957,0.4991,0.3957,0.3064,0.2468,0.2134,0.1978,0.1938,0.1969,0.2046,0.2155,0.2287,0.2433,0.2586,0.2736,0.2874,0.2994,0.3092,0.3166,0.5668,0.5771,0.587,0.5956,0.6014,0.6031,0.6009,0.5951,0.5622,0.5425,0.6367,0.7886,1.0353,1.313,1.3361,1.012,0.7832,0.7146,0.6585,0.5123,0.3708,0.274,0.2186,0.1924,0.1843,0.1867,0.1954,0.2084,0.2246,0.2428,0.262,0.2807,0.2976,0.3116,0.3221,0.3294,0.5458,0.5531,0.5601,0.5663,0.5721,0.5787,0.5895,0.6043,0.589,0.5707,0.6196,0.7338,0.9529,1.5222,1.573,0.9966,0.7638,0.8282,0.8097,0.55,0.3483,0.2291,0.1732,0.1553,0.1559,0.1652,0.1794,0.1975,0.219,0.2433,0.2686,0.2929,0.3139,0.3302,0.3412,0.3475,0.5255,0.5304,0.535,0.5394,0.5447,0.5531,0.5676,0.5845,0.5633,0.5098,0.5254,0.6488,0.7194,0.907,0.9473,0.7573,0.6231,0.6905,0.6675,0.4245,0.2034,0.0903,0.0701,0.0877,0.1119,0.1349,0.1578,0.1832,0.2127,0.2459,0.2805,0.3131,0.3399,0.3587,0.369,0.3725,0.5058,0.5083,0.5104,0.512,0.5137,0.516,0.5176,0.5076,0.4547,0.3502,0.2808,0.3661,0.489,0.3507,0.5975,0.5144,0.4193,0.4591,0.386,0.1529,-0.1205,-0.1827,-0.0892,0.0025,0.0618,0.1004,0.1321,0.166,0.2061,0.2523,0.3011,0.3464,0.3812,0.4018,0.4089,0.4063,0.4867,0.4868,0.486,0.4838,0.4797,0.4719,0.4553,0.416,0.3253,0.1346,-0.1897,0.0093,0.1811,0.3546,0.4146,0.4136,0.3947,0.3467,0.2081,-0.1338,-0.6531,-0.5692,-0.248,-0.0669,0.0202,0.0662,0.1018,0.1439,0.1984,0.2642,0.3355,0.4009,0.4467,0.4665,0.4646,0.4502,0.4683,0.4662,0.4624,0.4564,0.4467,0.4306,0.4023,0.3504,0.2548,0.0823,-0.153,-0.0106,0.0903,0.1034,0.2302,0.264,0.2734,0.2374,0.1468,-0.146,-0.7173,-0.6081,-0.2619,-0.082,-0.0041,0.0292,0.0596,0.1117,0.1876,0.2826,0.3897,0.488,0.5483,0.5598,0.5378,0.5029,0.451,0.4469,0.4407,0.4316,0.4181,0.3977,0.3662,0.3176,0.2455,0.1528,0.0824,0.0908,0.0727,0.0541,0.0247,-0.0049,0.1136,0.1836,0.1938,0.0791,-0.1703,-0.2335,-0.137,-0.0544,-0.0217,-0.0271,-0.0122,0.0631,0.1732,0.3072,0.4664,0.6166,0.693,0.6803,0.622,0.5577,0.435,0.4293,0.4213,0.4103,0.395,0.3737,0.3442,0.3044,0.2545,0.2015,0.1604,0.1344,0.096,-0.0019,-0.3377,-0.4738,-0.0477,0.1661,0.2223,0.2456,0.1085,-0.0128,-0.044,-0.0338,-0.0422,-0.1135,-0.1256,0.0152,0.1679,0.3331,0.5467,0.7605,0.8487,0.7957,0.6934,0.5999,0.4204,0.4136,0.4045,0.3926,0.377,0.3566,0.3306,0.2986,0.2619,0.2241,0.1887,0.1516,0.0937,-0.0342,-0.2962,-0.3685,-0.0589,0.1714,0.3794,0.459,0.2102,0.0259,-0.0508,-0.0471,-0.0348,-0.1131,-0.1324,0.0704,0.2026,0.3501,0.5745,0.8142,0.9056,0.8344,0.7155,0.6123,0.4074,0.3998,0.3902,0.378,0.3628,0.344,0.3213,0.2948,0.2654,0.2344,0.2016,0.1631,0.1086,0.0244,-0.0733,-0.0832,0.0287,0.1614,0.286,0.3009,0.1042,-0.1195,-0.2058,-0.1297,-0.0002,0.1244,0.3038,0.2997,0.2753,0.3522,0.5226,0.7144,0.8016,0.7625,0.6738,0.5889,0.3958,0.3878,0.378,0.3661,0.3516,0.3345,0.3144,0.2917,0.2668,0.2398,0.2103,0.1761,0.1343,0.0857,0.0455,0.0418,0.0788,0.1259,0.1471,0.0815,-0.1463,-0.4858,-0.5815,-0.3255,-0.024,0.2522,0.4709,0.4037,0.3174,0.3414,0.4445,0.5676,0.6397,0.6384,0.5944,0.5407,0.3856,0.3775,0.3677,0.3562,0.3426,0.3269,0.309,0.289,0.2672,0.2435,0.2177,0.1891,0.1579,0.1267,0.1028,0.0935,0.0962,0.0943,0.059,-0.0582,-0.331,-0.7444,-0.8498,-0.4821,-0.1012,0.1705,0.3211,0.3282,0.3011,0.3188,0.3805,0.4557,0.5093,0.5254,0.512,0.485,0.3766,0.3685,0.3589,0.3479,0.3352,0.3207,0.3046,0.2868,0.2674,0.2465,0.2241,0.2002,0.1755,0.1519,0.1319,0.1166,0.1018,0.0761,0.0191,-0.0994,-0.3105,-0.5645,-0.622,-0.4005,-0.1273,0.0772,0.1964,0.2436,0.2621,0.289,0.3325,0.3819,0.4213,0.4416,0.4436,0.4337]}]