docs/data/wind_grid.json
[{"header":{"la1":42.85,"la2":41.18,"lo1":11.55,"lo2":14.05,"nx":36,"ny":24,"dx":0.07143,"dy":0.07261,"parameterCategory":2,"parameterNumber":2,"parameterNumberName":"eastward_wind","parameterUnit":"m.s-1"},"data":[1.0874,1.0897,1.094,1.0997,1.1059,1.1107,1.1118,1.1066,1.0929,1.0692,1.0352,0.991,0.9376,0.876,0.8083,0.7379,0.6706,0.6143,0.5767,0.5623,0.5696,0.5919,0.6217,0.6541,0.6872,0.7201,0.7519,0.782,0.8098,0.8349,0.8572,0.8768,0.894,0.9089,0.9219,0.9333,1.08,1.0832,1.09,1.1002,1.1125,1.1245,1.1327,1.1329,1.1214,1.0962,1.057,1.0046,0.94,0.8639,0.7778,0.6849,0.5931,0.5154,0.4674,0.4586,0.4844,0.5283,0.5746,0.6175,0.6578,0.6967,0.7342,0.7691,0.8009,0.829,0.8535,0.8746,0.8927,0.9082,0.9215,0.933,1.0672,1.0705,1.0797,1.0954,1.1165,1.1397,1.1597,1.1694,1.1622,1.1348,1.0884,1.0255,0.9476,0.8545,0.7452,0.6211,0.4905,0.3753,0.309,0.3167,0.3868,0.4744,0.5429,0.5916,0.6344,0.6773,0.7198,0.7595,0.7951,0.8261,0.8525,0.8747,0.8934,0.9091,0.9223,0.9336,1.047,1.0482,1.0586,1.0806,1.1141,1.155,1.195,1.222,1.2223,1.1903,1.1318,1.0548,0.9618,0.8501,0.7141,0.5481,0.355,0.1659,0.056,0.1035,0.2867,0.4714,0.5585,0.5885,0.6204,0.6635,0.7102,0.7546,0.7937,0.827,0.8547,0.8775,0.8961,0.9115,0.9243,0.935,1.0171,1.0117,1.0195,1.0474,1.0978,1.166,1.2407,1.3012,1.3151,1.2691,1.1874,1.0913,0.9825,0.8537,0.6917,0.4769,0.1883,-0.1562,-0.4022,-0.283,0.1876,0.6033,0.6622,0.6093,0.6133,0.6551,0.7067,0.7557,0.7979,0.8327,0.8607,0.8831,0.9011,0.9155,0.9273,0.9371,0.9758,0.9554,0.9512,0.9805,1.0532,1.1616,1.2909,1.4163,1.457,1.3702,1.2472,1.1296,1.0079,0.8668,0.6877,0.4343,0.0347,-0.5958,-1.274,-1.1055,-0.0624,0.7278,0.734,0.6041,0.6014,0.6518,0.7112,0.7648,0.809,0.8439,0.871,0.8919,0.9081,0.9208,0.931,0.9395,0.9252,0.876,0.8385,0.8543,0.9573,1.1215,1.3111,1.5126,1.5898,1.4432,1.2889,1.1628,1.0344,0.8859,0.7035,0.4513,0.0162,-0.8455,-2.1883,-2.0446,-0.4933,0.3052,0.5004,0.5248,0.5826,0.6576,0.7273,0.7843,0.8284,0.8614,0.8857,0.9036,0.9169,0.9271,0.9351,0.9418,0.8754,0.7845,0.677,0.6395,0.7943,1.0394,1.2617,1.4404,1.5021,1.4144,1.3053,1.1933,1.0615,0.8983,0.7095,0.5043,0.1954,-0.422,-1.2716,-1.1433,-0.3606,-0.0052,0.268,0.4514,0.5816,0.6827,0.76,0.8168,0.8572,0.8852,0.9045,0.9177,0.9268,0.9334,0.9386,0.9432,0.8455,0.7244,0.5445,0.4128,0.6453,0.9684,1.2085,1.3562,1.4177,1.4066,1.3402,1.2371,1.0968,0.8895,0.6172,0.4469,0.3846,0.1653,-0.1382,-0.2111,-0.2563,-0.1645,0.1968,0.4588,0.626,0.7382,0.814,0.8639,0.8956,0.915,0.9264,0.9329,0.9365,0.9387,0.9406,0.9427,0.849,0.7358,0.5953,0.5201,0.6727,0.9585,1.2207,1.3909,1.5009,1.521,1.4233,1.3043,1.1641,0.902,0.306,-0.0146,0.4275,0.522,0.3983,0.199,-0.0523,0.0143,0.3271,0.5683,0.7268,0.8295,0.8919,0.9262,0.9427,0.949,0.9495,0.9473,0.9441,0.9412,0.9393,0.9391,0.8797,0.7824,0.655,0.4882,0.56,0.9707,1.2948,1.4782,1.6525,1.7299,1.512,1.3805,1.2862,1.111,0.4919,0.0235,0.6194,0.7847,0.7363,0.6025,0.4639,0.4654,0.6003,0.7526,0.8756,0.9563,0.9941,1.0021,0.9958,0.984,0.9708,0.9581,0.947,0.9384,0.9329,0.9305,0.9293,0.848,0.7215,0.542,0.6347,1.0864,1.4278,1.5816,1.6217,1.6414,1.5144,1.4481,1.4227,1.4218,1.2704,1.0356,1.0239,0.9958,0.9482,0.8864,0.8175,0.8012,0.8538,0.9498,1.0544,1.1193,1.1205,1.0872,1.0491,1.015,0.9859,0.9613,0.9416,0.9272,0.9184,0.9149,0.993,0.944,0.8852,0.8559,0.9809,1.2636,1.5325,1.6883,1.6301,1.5429,1.5013,1.5273,1.5376,1.503,1.4716,1.3948,1.2805,0.9964,0.9651,1.0317,1.0151,1.0046,1.0329,1.1155,1.2462,1.3214,1.2633,1.1685,1.0923,1.0348,0.9889,0.9517,0.9228,0.9029,0.8921,0.8893,1.0595,1.0428,1.038,1.072,1.178,1.344,1.5116,1.6229,1.5914,1.5004,1.4863,1.5984,1.6632,1.8164,1.5751,1.6259,1.5188,1.2199,1.1118,1.1458,1.1373,1.1272,1.143,1.2172,1.3819,1.4857,1.3623,1.2144,1.1108,1.0347,0.9732,0.9224,0.8837,0.8592,0.8489,0.8504,1.1175,1.1208,1.1387,1.1825,1.2583,1.355,1.4452,1.4955,1.4801,1.4327,1.4111,1.4455,1.5436,1.5968,1.5883,1.6739,1.6575,1.4609,1.3168,1.2517,1.2056,1.1892,1.1997,1.2437,1.3455,1.4126,1.3223,1.1962,1.0942,1.0086,0.9314,0.8639,0.8134,0.7863,0.7819,0.7941,1.1627,1.1751,1.1986,1.2368,1.2887,1.346,1.394,1.4169,1.4066,1.3682,1.3111,1.2436,1.3326,1.4595,1.5031,1.5674,1.6065,1.5024,1.4088,1.3023,1.1618,1.1747,1.2248,1.2439,1.2629,1.2652,1.2154,1.1352,1.0485,0.9559,0.8567,0.7621,0.6945,0.6693,0.6822,0.717,1.1958,1.2111,1.2337,1.264,1.3,1.3359,1.364,1.3768,1.3703,1.3442,1.3074,1.2829,1.2045,1.1806,1.3855,1.4711,1.5086,1.522,1.5143,1.3928,1.1653,1.1935,1.2625,1.2567,1.2239,1.1823,1.1319,1.0698,0.9898,0.8822,0.7423,0.5946,0.4973,0.4875,0.5422,0.6194,1.2194,1.2347,1.2545,1.2784,1.3042,1.3286,1.3471,1.3563,1.3543,1.3418,1.3225,1.2894,1.1815,1.1659,1.3355,1.41,1.4935,1.6105,1.6875,1.6015,1.449,1.3739,1.3441,1.2842,1.2011,1.1264,1.0738,1.015,0.9318,0.7999,0.5891,0.3341,0.1848,0.2266,0.3681,0.5132,1.2362,1.2504,1.2673,1.2863,1.3058,1.3237,1.3376,1.3457,1.347,1.3419,1.3313,1.313,1.2895,1.3033,1.3283,1.329,1.4846,1.6645,1.7805,1.908,1.7338,1.5663,1.4515,1.3226,1.1745,1.0861,1.0612,0.9672,0.8749,0.733,0.4379,0.0115,-0.211,-0.0582,0.2092,0.4293,1.2481,1.261,1.2755,1.2911,1.3066,1.3208,1.3323,1.3401,1.3439,1.344,1.3413,1.3377,1.3383,1.3491,1.3483,1.361,1.5094,1.7506,2.2144,2.424,1.967,1.743,1.5982,1.3969,1.1531,1.0421,1.0272,0.8284,0.7985,0.7196,0.4116,-0.1129,-0.3788,-0.1601,0.1636,0.4101,1.2567,1.2683,1.2809,1.2941,1.3071,1.3191,1.3294,1.3374,1.3432,1.3472,1.3505,1.3551,1.3639,1.3785,1.3986,1.4438,1.5557,1.7547,2.0419,2.1474,2.0076,1.9765,1.8969,1.5858,1.1526,0.7162,0.2433,0.3898,0.7328,0.8109,0.5951,0.1872,-0.0513,0.0551,0.2789,0.4722,1.263,1.2735,1.2846,1.2961,1.3075,1.3182,1.3278,1.3363,1.3436,1.3504,1.3577,1.3671,1.3807,1.4007,1.4311,1.4828,1.5709,1.7013,1.8494,1.9627,2.1252,2.4907,2.5715,1.9793,1.2586,0.518,-0.2127,0.2228,0.9481,1.0908,0.902,0.6111,0.4109,0.3917,0.4789,0.5871,1.2676,1.2772,1.2872,1.2975,1.3078,1.3177,1.327,1.3358,1.3443,1.353,1.3629,1.3751,1.3916,1.4145,1.4474,1.4961,1.5668,1.6615,1.7782,1.9401,2.2741,2.9176,3.1131,2.3008,1.4678,0.8503,0.5411,0.952,1.608,1.5111,1.191,0.9191,0.7387,0.6648,0.6696,0.7115,1.2709,1.2798,1.289,1.2984,1.3079,1.3173,1.3264,1.3355,1.3448,1.3547,1.366,1.3798,1.3976,1.4211,1.4531,1.4966,1.5554,1.6329,1.7374,1.8982,2.1792,2.5647,2.634,2.1486,1.5751,1.1767,1.059,1.3313,1.7034,1.5962,1.3097,1.0811,0.9283,0.8448,0.8153,0.8197]},{"header":{"la1":42.85,"la2":41.18,"lo1":11.55,"lo2":14.05,"nx":36,"ny":24,"dx":0.07143,"dy":0.07261,"parameterCategory":2,"parameterNumber":3,"parameterNumberName":"northward_wind","parameterUnit":"m.s-1"},"data":[0.8725,0.8911,0.9109,0.9317,0.953,0.9733,0.9903,1.0015,1.0049,1.0004,0.9898,0.9759,0.961,0.9466,0.9331,0.9209,0.9099,0.9005,0.8929,0.8867,0.8803,0.8713,0.8565,0.8349,0.8074,0.7764,0.7443,0.7126,0.6821,0.6532,0.6261,0.6008,0.5773,0.5555,0.5354,0.5169,0.883,0.9045,0.928,0.954,0.9822,1.0109,1.0365,1.0539,1.0586,1.0503,1.0328,1.0116,0.9909,0.9724,0.9562,0.942,0.9298,0.9202,0.914,0.9116,0.9111,0.9073,0.8935,0.8671,0.8316,0.7922,0.7528,0.7155,0.6807,0.6485,0.6189,0.5916,0.5664,0.5433,0.5221,0.5029,0.8927,0.917,0.9444,0.9764,1.0139,1.056,1.0972,1.1271,1.1347,1.1182,1.0869,1.0531,1.024,1.0006,0.9815,0.9649,0.9507,0.9401,0.9355,0.9391,0.9506,0.9597,0.9484,0.9117,0.8609,0.8084,0.7595,0.7156,0.6763,0.6409,0.6087,0.5795,0.5528,0.5284,0.5063,0.4863,0.9013,0.9279,0.9588,0.9968,1.0458,1.1086,1.1794,1.2372,1.252,1.2163,1.1561,1.1002,1.0594,1.0314,1.0099,0.9906,0.9729,0.9595,0.955,0.966,1.0012,1.0431,1.0361,0.9721,0.8926,0.8211,0.7612,0.7109,0.6675,0.6292,0.595,0.564,0.536,0.5105,0.4876,0.467,0.9086,0.9373,0.9701,1.0117,1.0718,1.1632,1.2894,1.4145,1.4506,1.3646,1.2409,1.1486,1.0952,1.0657,1.0445,1.0222,0.9977,0.9776,0.9698,0.9825,1.0527,1.1751,1.1669,1.0364,0.9133,0.8222,0.7536,0.699,0.653,0.6128,0.5771,0.5448,0.5155,0.4892,0.4655,0.4445,0.9153,0.9463,0.9792,1.0187,1.0814,1.2003,1.4132,1.6946,1.7967,1.5735,1.324,1.186,1.1279,1.1065,1.0922,1.0671,1.0291,0.9944,0.9834,0.9809,1.0449,1.2538,1.234,1.041,0.897,0.8018,0.7329,0.6782,0.6319,0.5911,0.5545,0.5212,0.491,0.4638,0.4396,0.4183,0.9218,0.9575,0.992,1.0224,1.0676,1.1843,1.4579,1.942,2.1695,1.7175,1.3441,1.1936,1.1556,1.1615,1.1681,1.143,1.0793,1.0108,1.0005,0.9866,0.925,1.0111,1.0277,0.9267,0.8313,0.7579,0.6989,0.6488,0.6044,0.5641,0.527,0.493,0.462,0.434,0.4093,0.3878,0.9264,0.9718,1.0188,1.0439,1.0457,1.1047,1.3025,1.6633,1.8265,1.5018,1.2461,1.166,1.1826,1.245,1.3045,1.2914,1.1815,1.0441,0.9637,0.8717,0.662,0.6488,0.7481,0.7716,0.7441,0.7014,0.6565,0.613,0.5715,0.5321,0.4948,0.4599,0.4278,0.399,0.3738,0.3523,0.9236,0.9784,1.048,1.0923,1.0379,1.007,1.0605,1.1687,1.2087,1.1428,1.0981,1.1235,1.2138,1.3687,1.5681,1.6114,1.381,1.1209,0.9208,0.6702,0.2798,0.3395,0.5753,0.663,0.6702,0.6465,0.6121,0.5742,0.5352,0.4962,0.4579,0.4215,0.3879,0.3579,0.3322,0.311,0.9074,0.9599,1.0199,1.0512,0.9997,0.9132,0.8587,0.8633,0.8966,0.9267,0.9822,1.0858,1.2405,1.4901,2.0198,2.2942,1.6397,1.1993,0.9377,0.6842,0.4059,0.4151,0.5559,0.6157,0.6202,0.6006,0.5709,0.5359,0.4975,0.457,0.4163,0.377,0.3409,0.3093,0.283,0.2624,0.8788,0.9249,0.9824,1.0564,1.0225,0.8243,0.6616,0.6347,0.8032,0.8874,0.9113,1.0603,1.2595,1.4933,1.9674,2.3152,1.5927,1.172,0.9487,0.7822,0.6423,0.5892,0.596,0.5988,0.5864,0.5649,0.5367,0.5015,0.4602,0.4151,0.3692,0.325,0.285,0.251,0.2242,0.2047,0.8401,0.8786,0.9374,1.0234,0.9684,0.6856,0.4022,0.2555,0.5266,0.7683,0.8531,1.0388,1.2979,1.5907,1.5835,1.5208,1.2942,1.0217,0.8845,0.8052,0.7144,0.6462,0.6063,0.5807,0.562,0.5441,0.5165,0.4752,0.4247,0.37,0.3147,0.2625,0.2166,0.1795,0.1525,0.1355,0.7932,0.8147,0.8386,0.8429,0.7487,0.5178,0.2084,-0.0788,0.1319,0.5352,0.7826,0.9933,1.2096,1.6579,1.5602,1.3627,1.1898,0.8147,0.764,0.778,0.7007,0.6292,0.581,0.5555,0.554,0.5559,0.5211,0.4591,0.3895,0.3185,0.2489,0.1846,0.1301,0.0893,0.0634,0.0513,0.7439,0.7473,0.7402,0.7045,0.6119,0.4518,0.2452,0.0646,0.1702,0.4671,0.6859,0.9569,1.0574,1.0978,1.2752,1.5242,1.3381,0.9576,0.8099,0.7337,0.6369,0.5689,0.5316,0.5247,0.5637,0.6001,0.5375,0.4402,0.3459,0.2541,0.1646,0.0828,0.0165,-0.0281,-0.0498,-0.0522,0.6987,0.6904,0.6698,0.6279,0.5568,0.4587,0.3544,0.2937,0.3341,0.4025,0.437,0.5611,0.7043,0.5319,1.1149,1.57,1.3008,1.0393,0.7906,0.6269,0.5206,0.4768,0.4634,0.4732,0.5209,0.5553,0.4928,0.3902,0.2824,0.169,0.0523,-0.056,-0.1394,-0.1862,-0.1965,-0.18,0.6607,0.647,0.6234,0.5866,0.5358,0.4761,0.4203,0.3838,0.3563,0.2551,-0.0235,0.0631,0.2881,0.5619,0.8243,1.0736,1.1179,0.8522,0.5947,0.4549,0.4038,0.3959,0.3889,0.3985,0.4247,0.4355,0.3969,0.3151,0.2016,0.0603,-0.0995,-0.2529,-0.3627,-0.4054,-0.3882,-0.336,0.6296,0.6142,0.5918,0.5614,0.5239,0.4827,0.4424,0.4026,0.3442,0.2166,0.0042,0.0876,0.045,0.0187,0.4246,0.5953,0.6052,0.4047,0.2068,0.2394,0.3622,0.3466,0.3092,0.3185,0.3487,0.3694,0.3477,0.2655,0.126,-0.0661,-0.3028,-0.5405,-0.6938,-0.7127,-0.6333,-0.5179,0.604,0.5886,0.5682,0.5427,0.5129,0.4802,0.4453,0.4053,0.3511,0.2745,0.2001,0.1549,-0.0215,-0.0814,0.0006,-0.0139,0.1027,-0.0828,-0.3282,-0.1121,0.0803,0.1613,0.1877,0.2369,0.3237,0.4226,0.429,0.292,0.0789,-0.1974,-0.5605,-0.9551,-1.1778,-1.121,-0.9186,-0.7071,0.5825,0.5676,0.5491,0.5269,0.5014,0.4731,0.4416,0.4052,0.3611,0.3092,0.2545,0.1891,0.0849,-0.0904,-0.6822,-0.9549,-0.2938,-0.2641,-0.4312,-0.5569,-0.3022,-0.0888,0.0266,0.1448,0.3421,0.6405,0.7011,0.3811,0.0486,-0.3144,-0.8206,-1.4413,-1.7504,-1.5416,-1.1712,-0.859,0.5639,0.5496,0.5325,0.5125,0.4897,0.4641,0.4353,0.4025,0.3644,0.3205,0.2686,0.1994,0.0882,-0.1402,-0.6183,-0.7784,-0.388,-0.4161,-0.9904,-1.2763,-0.6243,-0.3206,-0.1756,-0.0022,0.2708,0.6665,0.7508,0.3254,-0.0288,-0.4014,-0.9301,-1.6365,-1.98,-1.6945,-1.2613,-0.9187,0.5475,0.5337,0.5176,0.499,0.4779,0.4542,0.4275,0.3972,0.3622,0.3212,0.2707,0.2029,0.102,-0.0548,-0.2477,-0.3253,-0.2952,-0.4131,-0.7491,-0.8775,-0.6491,-0.5705,-0.5064,-0.2696,0.0361,0.2506,0.2374,0.109,-0.1896,-0.4999,-0.8537,-1.3213,-1.5879,-1.4435,-1.1433,-0.8708,0.5327,0.5193,0.5039,0.4863,0.4665,0.4441,0.4189,0.3903,0.3573,0.3183,0.2707,0.2097,0.1295,0.0293,-0.0726,-0.1442,-0.2034,-0.3128,-0.4702,-0.5848,-0.7199,-1.0553,-1.1451,-0.6774,-0.2192,0.04,0.1807,-0.0204,-0.5468,-0.7526,-0.822,-0.98,-1.112,-1.0799,-0.9322,-0.7591,0.5192,0.5062,0.4913,0.4744,0.4555,0.4341,0.4101,0.3828,0.3515,0.3148,0.2711,0.2181,0.1544,0.0822,0.0085,-0.0608,-0.135,-0.2316,-0.3556,-0.5219,-0.8454,-1.4489,-1.6295,-0.9703,-0.4221,-0.1708,-0.1493,-0.5845,-1.286,-1.1787,-0.9153,-0.8378,-0.8433,-0.82,-0.7433,-0.6378,0.5068,0.494,0.4796,0.4633,0.445,0.4245,0.4015,0.3755,0.3458,0.3116,0.2718,0.2255,0.1726,0.1141,0.0522,-0.013,-0.0864,-0.1766,-0.2947,-0.4681,-0.7545,-1.1311,-1.2161,-0.8532,-0.4973,-0.3505,-0.4461,-0.8839,-1.3871,-1.2525,-0.9397,-0.7737,-0.7068,-0.6624,-0.6056,-0.5337]}]