docs/data/wind_grid.json
{"header": {"la1":42.1,"la2":41.55,"lo1":12.1,"lo2":12.95,"nx":50,"ny":50,"dx":0.01735,"dy":0.01122,"parameterCategory":2,"parameterNumber":3,"parameterNumberName":"northward_wind","parameterUnit":"m.s-1"}, "data":
[rows 0 to 45 of 50, columns 0 to 49 of 50]
3.8199,3.8206,3.8217,3.8233,3.8253,3.8278,3.8309,3.8346,3.8388,3.8437,3.8491,3.8552,3.862,3.8695,3.8777,3.8867,3.8966,3.9076,3.9198,3.9335,3.949,3.9665,3.9863,4.0087,4.034,4.0623,4.0936,4.1277,4.1645,4.2036,4.2445,4.2865,4.3289,4.3709,4.4115,4.4497,4.4844,4.5149,4.5403,4.5601,4.5742,4.5829,4.5865,4.5857,4.5814,4.5743,4.5651,4.5543,4.5426,4.5303
3.8141,3.8146,3.8155,3.8169,3.8187,3.8211,3.8241,3.8276,3.8318,3.8365,3.8419,3.8479,3.8546,3.862,3.8701,3.879,3.8887,3.8995,3.9116,3.9251,3.9404,3.9579,3.9779,4.0007,4.0266,4.0559,4.0884,4.1242,4.1629,4.2042,4.2475,4.2921,4.3373,4.382,4.4253,4.466,4.5031,4.5354,4.562,4.5825,4.5966,4.6047,4.6073,4.6052,4.5993,4.5906,4.5798,4.5675,4.5544,4.5409
3.8082,3.8084,3.8092,3.8103,3.812,3.8143,3.8171,3.8205,3.8245,3.8292,3.8345,3.8405,3.8471,3.8544,3.8623,3.8711,3.8807,3.8912,3.903,3.9163,3.9315,3.9489,3.9689,3.992,4.0186,4.0487,4.0826,4.12,4.1608,4.2044,4.2502,4.2976,4.3456,4.3932,4.4394,4.4828,4.5223,4.5565,4.5845,4.6057,4.6197,4.6271,4.6285,4.6249,4.6173,4.6068,4.5943,4.5805,4.566,4.5511
3.8021,3.8022,3.8027,3.8036,3.8051,3.8072,3.8099,3.8131,3.8171,3.8217,3.8269,3.8328,3.8394,3.8466,3.8544,3.863,3.8724,3.8827,3.8942,3.9072,3.9221,3.9393,3.9593,3.9827,4.0098,4.0409,4.0761,4.1153,4.1582,4.2042,4.2527,4.3029,4.3539,4.4045,4.4536,4.4999,4.5419,4.5782,4.6077,4.6294,4.6434,4.6499,4.6499,4.6446,4.6351,4.6228,4.6085,4.5931,4.5771,4.5609
3.796,3.7958,3.796,3.7968,3.7981,3.8,3.8025,3.8056,3.8095,3.814,3.8191,3.825,3.8315,3.8386,3.8464,3.8548,3.864,3.874,3.8852,3.8978,3.9123,3.9292,3.9491,3.9727,4.0003,4.0324,4.069,4.11,4.1551,4.2037,4.2549,4.3081,4.362,4.4157,4.4679,4.5171,4.5618,4.6003,4.6312,4.6536,4.6673,4.6728,4.6712,4.664,4.6526,4.6383,4.6222,4.6051,4.5876,4.5702
3.7897,3.7892,3.7893,3.7898,3.7909,3.7925,3.7949,3.7979,3.8016,3.806,3.8112,3.817,3.8235,3.8306,3.8383,3.8465,3.8555,3.8652,3.876,3.8881,3.9021,3.9186,3.9384,3.962,3.9901,4.0231,4.0611,4.1041,4.1515,4.2027,4.2569,4.313,4.37,4.4268,4.482,4.5342,4.5815,4.6222,4.6547,4.6777,4.691,4.6954,4.6922,4.683,4.6694,4.6531,4.6351,4.6164,4.5975,4.5788
3.7833,3.7826,3.7823,3.7826,3.7834,3.7849,3.7871,3.7899,3.7936,3.7979,3.803,3.8088,3.8153,3.8224,3.83,3.8382,3.8469,3.8563,3.8666,3.8782,3.8916,3.9076,3.927,3.9506,3.9791,4.013,4.0525,4.0975,4.1474,4.2015,4.2586,4.3177,4.3777,4.4375,4.4956,4.5507,4.6007,4.6437,4.6777,4.7013,4.7143,4.7174,4.7123,4.701,4.6853,4.6669,4.6471,4.6267,4.6065,4.5866
3.7768,3.7758,3.7752,3.7752,3.7758,3.7771,3.779,3.7818,3.7853,3.7896,3.7947,3.8005,3.807,3.8141,3.8217,3.8298,3.8383,3.8474,3.8572,3.8682,3.8809,3.8962,3.9151,3.9385,3.9673,4.0022,4.0433,4.0905,4.143,4.2,4.2601,4.3223,4.3852,4.4477,4.5086,4.5663,4.6189,4.6641,4.6996,4.7238,4.7363,4.7381,4.7311,4.7177,4.6998,4.6795,4.6579,4.636,4.6145,4.5936
3.7702,3.7688,3.768,3.7677,3.768,3.769,3.7708,3.7733,3.7767,3.781,3.7861,3.7919,3.7985,3.8057,3.8133,3.8214,3.8298,3.8385,3.8478,3.8581,3.87,3.8845,3.9026,3.9257,3.9548,3.9907,4.0334,4.0829,4.1383,4.1983,4.2617,4.3268,4.3924,4.4574,4.5206,4.5806,4.6355,4.6828,4.7197,4.7444,4.7564,4.7569,4.748,4.7325,4.7126,4.6904,4.6672,4.644,4.6213,4.5995
3.7635,3.7618,3.7606,3.76,3.76,3.7607,3.7623,3.7646,3.7679,3.7721,3.7772,3.7831,3.7898,3.7971,3.8049,3.813,3.8213,3.8298,3.8386,3.8481,3.859,3.8725,3.8898,3.9125,3.9417,3.9785,4.023,4.075,4.1335,4.1968,4.2634,4.3314,4.3995,4.4665,4.5315,4.5932,4.6499,4.6988,4.737,4.7622,4.7738,4.773,4.7624,4.7449,4.7233,4.6995,4.6749,4.6506,4.627,4.6044
3.7566,3.7546,3.753,3.7521,3.7517,3.7522,3.7535,3.7556,3.7588,3.7629,3.768,3.7741,3.7809,3.7884,3.7964,3.8046,3.813,3.8212,3.8296,3.8383,3.8482,3.8605,3.8767,3.8987,3.928,3.9657,4.0122,4.0669,4.1287,4.1957,4.2656,4.3365,4.4067,4.4752,4.5411,4.6038,4.6615,4.7116,4.7508,4.7764,4.7875,4.7857,4.7736,4.7546,4.7314,4.7064,4.6808,4.6555,4.6312,4.608
3.7497,3.7473,3.7453,3.744,3.7433,3.7434,3.7444,3.7463,3.7493,3.7534,3.7585,3.7647,3.7718,3.7796,3.7878,3.7963,3.8048,3.813,3.8209,3.8289,3.8377,3.8486,3.8635,3.8846,3.9139,3.9526,4.0011,4.0589,4.1243,4.1952,4.2687,4.3425,4.4145,4.4837,4.5497,4.6121,4.6698,4.7203,4.76,4.7858,4.7967,4.7941,4.781,4.7609,4.7367,4.7108,4.6846,4.6588,4.634,4.6105
3.7427,3.7398,3.7374,3.7357,3.7346,3.7343,3.735,3.7367,3.7395,3.7435,3.7487,3.755,3.7623,3.7705,3.7791,3.788,3.7968,3.805,3.8128,3.8201,3.8277,3.8371,3.8504,3.8704,3.8995,3.9392,3.99,4.0511,4.1207,4.1959,4.2733,4.3499,4.4234,4.4927,4.5576,4.6185,4.6748,4.7245,4.7641,4.7899,4.8007,4.7977,4.7841,4.7635,4.739,4.7128,4.6863,4.6603,4.6354,4.6117
3.7356,3.7323,3.7294,3.7272,3.7256,3.7249,3.7252,3.7266,3.7292,3.7331,3.7383,3.7448,3.7525,3.7611,3.7703,3.7797,3.7889,3.7975,3.8052,3.812,3.8185,3.8263,3.8379,3.8565,3.8852,3.9259,3.9791,4.0439,4.1181,4.1982,4.28,4.3596,4.4344,4.503,4.5657,4.6236,4.677,4.7245,4.7629,4.7883,4.7991,4.7962,4.7828,4.7625,4.7382,4.7121,4.6858,4.66,4.6352,4.6117
3.7284,3.7246,3.7212,3.7185,3.7164,3.7153,3.7151,3.7162,3.7185,3.7223,3.7275,3.7342,3.7422,3.7513,3.7611,3.7712,3.7811,3.7903,3.7983,3.8049,3.8106,3.8167,3.8263,3.8432,3.8713,3.913,3.9688,4.0377,4.1171,4.2027,4.2894,4.3725,4.4484,4.5158,4.5752,4.6285,4.6772,4.7209,4.7569,4.7813,4.7921,4.7898,4.7772,4.7578,4.7343,4.709,4.6833,4.6581,4.6337,4.6104
3.7212,3.7168,3.7129,3.7096,3.707,3.7053,3.7046,3.7053,3.7073,3.7109,3.7161,3.7229,3.7313,3.741,3.7515,3.7625,3.7733,3.7833,3.792,3.7989,3.8043,3.809,3.8162,3.8311,3.8584,3.9009,3.9594,4.0329,4.1181,4.2101,4.3025,4.3895,4.4668,4.5325,4.5877,4.635,4.6772,4.7153,4.7474,4.77,4.7806,4.7791,4.7679,4.7498,4.7277,4.7037,4.679,4.6545,4.6308,4.608
3.7139,3.709,3.7045,3.7005,3.6973,3.695,3.6938,3.6939,3.6956,3.6989,3.704,3.711,3.7197,3.73,3.7414,3.7534,3.7653,3.7764,3.7861,3.794,3.7998,3.8036,3.8085,3.8208,3.8469,3.8901,3.9515,4.0298,4.1216,4.2209,4.3201,4.4118,4.4909,4.5549,4.6052,4.6452,4.6793,4.7099,4.7365,4.7561,4.7659,4.7652,4.7555,4.7393,4.7189,4.6964,4.673,4.6495,4.6267,4.6046
3.7067,3.7011,3.696,3.6913,3.6874,3.6844,3.6825,3.6821,3.6832,3.6862,3.6912,3.6983,3.7074,3.7182,3.7305,3.7436,3.7568,3.7691,3.7802,3.7897,3.7971,3.8011,3.8036,3.8128,3.8372,3.8809,3.9452,4.0289,4.128,4.2357,4.3429,4.4405,4.522,4.5845,4.6294,4.6613,4.6858,4.7073,4.7267,4.742,4.7501,4.7497,4.7413,4.7269,4.7084,4.6876,4.6656,4.6434,4.6215,4.6002
3.6994,3.6932,3.6874,3.682,3.6773,3.6735,3.6709,3.6697,3.6703,3.6729,3.6776,3.6847,3.6941,3.7055,3.7187,3.733,3.7475,3.7612,3.7736,3.7851,3.7954,3.8014,3.8016,3.807,3.8294,3.8737,3.941,4.0304,4.1377,4.255,4.3715,4.4764,4.5613,4.6226,4.6619,4.6849,4.6988,4.7097,4.7204,4.7298,4.735,4.7339,4.7265,4.7136,4.6969,4.6777,4.6572,4.6362,4.6154,4.595
3.6922,3.6853,3.6787,3.6726,3.667,3.6623,3.6588,3.6569,3.6567,3.6588,3.6632,3.6702,3.6797,3.6917,3.7057,3.7212,3.737,3.752,3.7655,3.7782,3.7917,3.8016,3.8004,3.8019,3.8228,3.868,3.9388,4.0344,4.1506,4.2787,4.4062,4.5197,4.6091,4.6697,4.7035,4.717,4.7194,4.7186,4.7192,4.7212,4.7222,4.7195,4.712,4.7002,4.6848,4.6671,4.648,4.6283,4.6085,4.589
3.6851,3.6775,3.6701,3.6631,3.6566,3.6509,3.6465,3.6435,3.6425,3.6439,3.6479,3.6547,3.6642,3.6765,3.6913,3.708,3.7253,3.7415,3.7553,3.7673,3.7808,3.7936,3.793,3.7941,3.816,3.8636,3.9385,4.0409,4.1668,4.3068,4.4465,4.57,4.6648,4.7252,4.7533,4.7571,4.7473,4.7341,4.7237,4.7173,4.7127,4.7071,4.6988,4.6872,4.6728,4.6563,4.6384,4.6199,4.6011,4.5825
3.6781,3.6698,3.6615,3.6536,3.6461,3.6393,3.6337,3.6297,3.6277,3.6283,3.6317,3.6381,3.6476,3.6601,3.6755,3.6932,3.7119,3.7294,3.7431,3.752,3.7585,3.7657,3.7699,3.7796,3.8077,3.8598,3.9399,4.0495,4.1855,4.3381,4.4909,4.6254,4.7264,4.7868,4.8091,4.8028,4.7808,4.755,4.7333,4.7177,4.7067,4.6973,4.6872,4.6752,4.6612,4.6455,4.6286,4.6111,4.5933,4.5755
3.6712,3.6622,3.6531,3.6441,3.6355,3.6276,3.6207,3.6155,3.6123,3.6119,3.6146,3.6206,3.6299,3.6424,3.658,3.6765,3.6969,3.7161,3.7299,3.7348,3.7302,3.7235,3.734,3.7596,3.7979,3.8566,3.9428,4.06,4.206,4.3709,4.537,4.6826,4.7898,4.8501,4.8665,4.8503,4.8165,4.7787,4.746,4.7214,4.7037,4.6899,4.6773,4.6643,4.6502,4.6349,4.6188,4.6021,4.5851,4.5682
3.6646,3.6548,3.6448,3.6348,3.625,3.6158,3.6076,3.6008,3.5963,3.5948,3.5967,3.6023,3.6114,3.6236,3.639,3.6579,3.6799,3.7015,3.717,3.7201,3.7081,3.6925,3.7048,3.7413,3.7892,3.855,3.9475,4.0718,4.2269,4.403,4.5809,4.7367,4.8493,4.9092,4.9199,4.8946,4.8503,4.8021,4.7597,4.7268,4.7026,4.6842,4.6688,4.6544,4.6398,4.6247,4.609,4.5929,4.5767,4.5605
3.6583,3.6477,3.6368,3.6257,3.6147,3.6041,3.5943,3.586,3.5799,3.577,3.578,3.5833,3.5921,3.6039,3.6186,3.6374,3.6607,3.6855,3.7047,3.7099,3.6983,3.6831,3.6937,3.7316,3.7847,3.8561,3.9541,4.0843,4.2465,4.4312,4.6184,4.7818,4.8984,4.9574,4.9632,4.9306,4.8781,4.8218,4.7718,4.732,4.7022,4.6795,4.6613,4.6452,4.6299,4.6147,4.5993,4.5838,4.5682,4.5526
3.6523,3.6409,3.6291,3.617,3.6047,3.5926,3.5812,3.571,3.5631,3.5586,3.5587,3.5637,3.5727,3.5841,3.5976,3.6151,3.6391,3.6675,3.6922,3.7033,3.6977,3.6878,3.6972,3.7321,3.7862,3.8609,3.9626,4.0967,4.2632,4.4528,4.6449,4.8124,4.9308,4.9887,4.9911,4.954,4.8966,4.8352,4.7802,4.7355,4.7012,4.675,4.6542,4.6365,4.6204,4.6049,4.5897,4.5746,4.5595,4.5445
3.6468,3.6346,3.6219,3.6087,3.5952,3.5815,3.5683,3.556,3.546,3.5397,3.5386,3.5437,3.5535,3.5649,3.5767,3.5918,3.6153,3.647,3.6783,3.6975,3.7006,3.6981,3.7084,3.7405,3.7937,3.8694,3.9728,4.1082,4.2756,4.4654,4.6576,4.8247,4.9424,4.9994,5.0006,4.9623,4.9037,4.8407,4.7834,4.736,4.6988,4.6699,4.647,4.6279,4.611,4.5953,4.5801,4.5653,4.5507,4.5363
3.6417,3.6288,3.6153,3.601,3.5862,3.5711,3.5559,3.5415,3.529,3.5203,3.5178,3.5232,3.5348,3.5474,3.5573,3.5688,3.5904,3.6245,3.6622,3.6903,3.7031,3.7088,3.7222,3.7534,3.8054,3.8809,3.9839,4.1181,4.2826,4.4681,4.6553,4.8179,4.9326,4.9888,4.9912,4.9552,4.8989,4.8376,4.7806,4.7326,4.694,4.6636,4.6393,4.6191,4.6016,4.5856,4.5705,4.5559,4.5418,4.5279
3.6371,3.6236,3.6093,3.5941,3.5781,3.5614,3.5444,3.5276,3.5124,3.5008,3.4963,3.502,3.5169,3.5324,3.5409,3.548,3.5664,3.6015,3.6445,3.6807,3.7031,3.7174,3.7356,3.7678,3.8193,3.8938,3.9949,4.1255,4.284,4.4613,4.6391,4.7937,4.9037,4.9594,4.9649,4.9339,4.883,4.826,4.7718,4.725,4.6865,4.6555,4.6305,4.6098,4.5918,4.5757,4.5607,4.5465,4.5327,4.5193
3.6331,3.6191,3.6041,3.588,3.5709,3.5529,3.534,3.5149,3.4968,3.4819,3.4744,3.4798,3.4992,3.5204,3.5289,3.5315,3.5464,3.5812,3.6274,3.6699,3.7007,3.7231,3.7471,3.7818,3.8336,3.9068,4.005,4.1301,4.2801,4.4462,4.6119,4.7561,4.8602,4.9155,4.9253,4.9013,4.8578,4.807,4.7573,4.7132,4.6761,4.6456,4.6206,4.5997,4.5817,4.5656,4.5508,4.5369,4.5235,4.5106
3.6298,3.6153,3.5997,3.5829,3.565,3.5457,3.5253,3.5041,3.4831,3.4645,3.4531,3.4569,3.4813,3.5113,3.522,3.5212,3.533,3.5663,3.6132,3.6595,3.6968,3.7265,3.7562,3.7942,3.8467,3.9186,4.0132,4.1317,4.2717,4.4249,4.5769,4.7096,4.8072,4.8621,4.8767,4.8604,4.8252,4.7819,4.7379,4.6977,4.6629,4.6337,4.6093,4.5887,4.5709,4.5551,4.5406,4.5271,4.5141,4.5017
3.6271,3.6122,3.5962,3.579,3.5603,3.5402,3.5186,3.4957,3.4723,3.4504,3.4348,3.4356,3.4635,3.5038,3.5193,3.5178,3.5275,3.5585,3.604,3.6514,3.6929,3.7283,3.7631,3.8044,3.8581,3.9286,4.0191,4.1303,4.2597,4.3996,4.5376,4.6585,4.7494,4.8037,4.8228,4.8142,4.7876,4.7522,4.7146,4.6789,4.6472,4.62,4.5967,4.5769,4.5596,4.5442,4.5301,4.517,4.5046,4.4926
3.6251,3.6101,3.5938,3.5762,3.5571,3.5364,3.5141,3.4902,3.4654,3.4414,3.4228,3.4206,3.4493,3.4965,3.5185,3.5197,3.5292,3.5576,3.6001,3.6466,3.6901,3.7295,3.7685,3.8127,3.8673,3.9365,4.0227,4.1265,4.2452,4.3721,4.4966,4.6063,4.6905,4.7438,4.7669,4.7654,4.747,4.7193,4.6882,4.6575,4.6294,4.6045,4.5829,4.5641,4.5476,4.5328,4.5193,4.5067,4.4948,4.4834
3.6239,3.6088,3.5924,3.5746,3.5554,3.5346,3.5121,3.488,3.463,3.4386,3.4197,3.4166,3.4438,3.4908,3.5177,3.5244,3.5355,3.5618,3.6008,3.6453,3.6891,3.7309,3.7729,3.8194,3.8746,3.9421,4.024,4.1206,4.2291,4.3438,4.4558,4.5551,4.6331,4.6852,4.7114,4.716,4.705,4.6846,4.6598,4.6342,4.6098,4.5876,4.5679,4.5505,4.535,4.521,4.5082,4.4962,4.4849,4.474
3.6234,3.6083,3.592,3.5744,3.5553,3.5347,3.5126,3.4892,3.465,3.4422,3.4253,3.4237,3.4482,3.4894,3.5178,3.5302,3.5441,3.5691,3.6051,3.6469,3.6901,3.733,3.7768,3.8247,3.8801,3.9458,4.0235,4.1131,4.2122,4.3158,4.4167,4.5066,4.5787,4.6292,4.6578,4.6675,4.6629,4.649,4.6302,4.6094,4.5889,4.5696,4.552,4.5362,4.5219,4.5088,4.4967,4.4854,4.4747,4.4645
3.6237,3.6087,3.5926,3.5753,3.5567,3.5367,3.5155,3.4933,3.4711,3.451,3.4374,3.438,3.4592,3.493,3.5201,3.5368,3.5535,3.5781,3.6117,3.651,3.693,3.7359,3.7806,3.8292,3.8842,3.9479,4.0214,4.1046,4.1952,4.2889,4.3798,4.4614,4.5282,4.5769,4.6071,4.6208,4.6216,4.6135,4.6,4.5839,4.5671,4.5507,4.5354,4.5212,4.5082,4.4962,4.485,4.4744,4.4644,4.4548
3.6246,3.6099,3.5942,3.5774,3.5594,3.5404,3.5204,3.5,3.4802,3.4633,3.4532,3.4555,3.4733,3.5005,3.5253,3.5443,3.5633,3.588,3.6197,3.6569,3.6973,3.7398,3.7846,3.8331,3.8873,3.9487,4.0182,4.0954,4.1783,4.2633,4.3455,4.4199,4.4818,4.5286,4.5597,4.5766,4.5819,4.5787,4.5699,4.558,4.5448,4.5313,4.5182,4.5058,4.4941,4.4832,4.473,4.4633,4.4539,4.4449
3.6263,3.612,3.5967,3.5805,3.5634,3.5455,3.527,3.5086,3.4915,3.4777,3.4705,3.4737,3.4885,3.5107,3.5331,3.553,3.5734,3.5982,3.6286,3.664,3.7029,3.7444,3.7887,3.8367,3.8896,3.9486,4.0142,4.086,4.162,4.2393,4.3141,4.382,4.4395,4.4844,4.516,4.5352,4.544,4.5449,4.5403,4.5322,4.5222,4.5115,4.5006,4.49,4.4798,4.4701,4.4608,4.4519,4.4433,4.435
3.6285,3.6147,3.6001,3.5847,3.5685,3.5518,3.535,3.5187,3.5041,3.493,3.4881,3.4916,3.5041,3.5227,3.5429,3.5628,3.584,3.6087,3.638,3.6719,3.7093,3.7497,3.7931,3.84,3.8914,3.9479,4.0098,4.0765,4.1465,4.2171,4.2853,4.3476,4.4012,4.4441,4.4757,4.4966,4.5083,4.5126,4.5115,4.5068,4.4998,4.4915,4.4828,4.4739,4.4652,4.4567,4.4484,4.4404,4.4326,4.425
3.6314,3.6181,3.6042,3.5896,3.5745,3.5592,3.544,3.5297,3.5174,3.5086,3.5053,3.509,3.5198,3.5357,3.5541,3.5736,3.5949,3.6194,3.6479,3.6804,3.7164,3.7555,3.7977,3.8433,3.8929,3.9468,4.0052,4.0673,4.1319,4.1967,4.2591,4.3165,4.3665,4.4075,4.4389,4.4609,4.4748,4.4819,4.4837,4.4819,4.4776,4.4717,4.465,4.4578,4.4505,4.4432,4.436,4.4289,4.4218,4.4149
3.6348,3.6221,3.6089,3.5952,3.5813,3.5673,3.5537,3.5413,3.531,3.5241,3.522,3.5257,3.5352,3.5493,3.5662,3.5851,3.6062,3.6303,3.6579,3.6892,3.7239,3.7616,3.8025,3.8466,3.8942,3.9455,4.0005,4.0585,4.1182,4.1779,4.2354,4.2885,4.3352,4.3743,4.4052,4.428,4.4435,4.4528,4.4572,4.4578,4.4559,4.4522,4.4473,4.4418,4.4358,4.4297,4.4235,4.4172,4.411,4.4048
3.6386,3.6266,3.6142,3.6015,3.5886,3.576,3.5639,3.5532,3.5446,3.5392,3.538,3.5418,3.5505,3.5632,3.579,3.5972,3.6178,3.6413,3.6681,3.6982,3.7316,3.768,3.8074,3.8498,3.8954,3.9442,3.996,4.0501,4.1055,4.1607,4.2138,4.2631,4.307,4.3443,4.3745,4.3977,4.4144,4.4254,4.4318,4.4347,4.4348,4.433,4.4299,4.4258,4.4212,4.4162,4.411,4.4056,4.4002,4.3946
3.6429,3.6316,3.6199,3.6082,3.5964,3.585,3.5744,3.5652,3.5581,3.5539,3.5535,3.5573,3.5654,3.5772,3.592,3.6095,3.6295,3.6524,3.6783,3.7074,3.7395,3.7745,3.8123,3.853,3.8966,3.9429,3.9917,4.0423,4.0939,4.145,4.1943,4.2402,4.2814,4.317,4.3465,4.3698,4.3873,4.3997,4.4078,4.4125,4.4144,4.4143,4.4127,4.4101,4.4067,4.4029,4.3986,4.3941,4.3894,4.3845
3.6476,3.6369,3.6261,3.6152,3.6045,3.5943,3.585,3.5772,3.5713,3.5682,3.5684,3.5723,3.58,3.5911,3.6051,3.6219,3.6413,3.6635,3.6886,3.7165,3.7474,3.781,3.8173,3.8563,3.8978,3.9417,3.9877,4.0351,4.0832,4.1307,4.1766,4.2195,4.2583,4.2923,4.3209,4.3441,4.3622,4.3757,4.3852,4.3913,4.3948,4.3962,4.396,4.3947,4.3925,4.3896,4.3863,4.3826,4.3786,4.3745
3.6526,3.6426,3.6325,3.6226,3.6129,3.6038,3.5957,3.589,3.5843,3.582,3.5828,3.5868,3.5942,3.6047,3.6182,3.6343,3.6531,3.6745,3.6987,3.7256,3.7553,3.7875,3.8223,3.8595,3.899,3.9406,3.984,4.0285,4.0734,4.1178,4.1606,4.2007,4.2374,4.2698,4.2976,4.3206,4.339,4.3533,4.3638,4.3712,4.3759,4.3787,4.3798,4.3796,4.3785,4.3766,4.3741,4.3712,4.368,4.3645
3.6578,3.6485,3.6392,3.6301,3.6214,3.6133,3.6063,3.6007,3.5969,3.5954,3.5966,3.6008,3.608,3.6181,3.631,3.6466,3.6647,3.6854,3.7087,3.7346,3.7631,3.794,3.8272,3.8628,3.9003,3.9397,3.9806,4.0224,4.0645,4.106,4.146,4.1838,4.2184,4.2494,4.2762,4.2989,4.3175,4.3323,4.3437,4.3521,4.358,4.3618,4.364,4.3649,4.3648,4.3638,4.3622,4.36,4.3575,4.3546
