docs/data/wind_grid.json
[{"header":{"la1":42.85,"la2":41.18,"lo1":11.55,"lo2":14.05,"nx":36,"ny":24,"dx":0.07143,"dy":0.07261,"parameterCategory":2,"parameterNumber":2,"parameterNumberName":"eastward_wind","parameterUnit":"m.s-1"},"data":[2.6469,2.6511,2.6528,2.6509,2.6442,2.63,2.6048,2.5642,2.5043,2.4237,2.3244,2.2106,2.0874,1.9598,1.8321,1.7091,1.5966,1.5015,1.4303,1.3867,1.3697,1.3743,1.3947,1.4264,1.4662,1.5112,1.559,1.6075,1.6554,1.7017,1.7456,1.7871,1.8259,1.862,1.8955,1.9264,2.685,2.6947,2.7027,2.7083,2.7104,2.7065,2.6913,2.6567,2.5945,2.5016,2.3814,2.2421,2.0917,1.9365,1.7809,1.6294,1.4893,1.3713,1.2878,1.246,1.242,1.2636,1.2993,1.3438,1.3953,1.4516,1.5099,1.5678,1.6238,1.6769,1.7266,1.7727,1.8154,1.8547,1.8909,1.924,2.725,2.7412,2.7566,2.7712,2.7856,2.7985,2.803,2.7842,2.7237,2.6133,2.4617,2.2862,2.1003,1.9112,1.7214,1.5334,1.3543,1.2011,1.1001,1.0697,1.0994,1.1548,1.2104,1.2657,1.3269,1.394,1.4632,1.531,1.5954,1.6554,1.7107,1.7616,1.8081,1.8505,1.8891,1.9242,2.7666,2.7904,2.8138,2.838,2.8671,2.9054,2.9479,2.9674,2.9184,2.7782,2.5729,2.3432,2.1114,1.8824,1.6536,1.4204,1.1842,0.9688,0.833,0.8356,0.9549,1.0858,1.1581,1.2055,1.2666,1.3418,1.4214,1.4989,1.5715,1.6383,1.6991,1.7544,1.8044,1.8497,1.8906,1.9274,2.8094,2.8427,2.8747,2.9066,2.9484,3.0194,3.1309,3.2426,3.2318,3.0258,2.7174,2.4064,2.1184,1.8465,1.5778,1.2953,0.9797,0.6418,0.4029,0.4694,0.8219,1.1401,1.1904,1.1733,1.2168,1.297,1.3866,1.4734,1.5537,1.6267,1.6925,1.7518,1.8051,1.8529,1.8958,1.934,2.853,2.9002,2.9441,2.9789,3.0199,3.1158,3.3284,3.6433,3.7421,3.3664,2.8682,2.4548,2.1093,1.7953,1.4916,1.1716,0.7745,0.2238,-0.339,-0.2244,0.58,1.2255,1.2308,1.134,1.1691,1.2597,1.3603,1.4559,1.543,1.6213,1.6915,1.7544,1.8106,1.8606,1.905,1.9444,2.8944,2.9655,3.0359,3.0729,3.0804,3.1539,3.4246,3.9787,4.2567,3.6074,2.9304,2.4568,2.0711,1.7127,1.3741,1.0504,0.6532,-0.0363,-1.0673,-0.9692,0.1483,0.7914,0.9766,1.0192,1.1127,1.2298,1.3438,1.4471,1.5395,1.6223,1.6964,1.7625,1.8213,1.8732,1.9188,1.9589,2.9233,3.0306,3.1697,3.2401,3.1532,3.1204,3.2927,3.6741,3.8383,3.3588,2.8352,2.4129,2.0071,1.5733,1.1495,0.8461,0.6163,0.192,-0.4351,-0.4142,-0.0501,0.223,0.6053,0.8727,1.0618,1.2122,1.3376,1.4459,1.5423,1.629,1.707,1.7764,1.8376,1.8911,1.9375,1.9778,2.9188,3.0464,3.2844,3.4827,3.2075,3.0368,3.083,3.1896,3.1901,3.0079,2.7277,2.3858,1.9581,1.3654,0.6232,0.2583,0.4371,0.474,0.2746,0.0316,-0.4691,-0.3001,0.3782,0.8015,1.0481,1.2124,1.3388,1.4481,1.5481,1.6399,1.7229,1.7963,1.86,1.9148,1.9616,2.0014,2.8675,2.9411,3.0744,3.1623,2.919,2.882,2.9486,3.0027,3.0184,2.9601,2.7505,2.4381,2.0137,1.2445,-0.4486,-1.3472,0.0417,0.5768,0.5669,0.3124,-0.1438,-0.0341,0.4967,0.8665,1.082,1.2209,1.3339,1.4432,1.5513,1.653,1.7441,1.8228,1.8894,1.945,1.9914,2.03,2.7954,2.7772,2.6566,2.3019,2.3557,2.7224,2.9036,2.9858,3.0854,3.1369,2.8511,2.5621,2.2467,1.6985,-0.0261,-1.3158,0.2576,0.6521,0.6445,0.6158,0.5434,0.6048,0.8207,1.0097,1.1195,1.1946,1.2891,1.4129,1.5453,1.6676,1.7719,1.8577,1.9269,1.9826,2.0275,2.0638,2.7452,2.6922,2.5438,2.2921,2.3636,2.7309,2.9451,3.03,3.0523,3.0546,2.8894,2.7305,2.5513,2.436,1.9947,1.2664,0.9709,0.3634,0.1897,0.6098,0.867,0.9932,1.0835,1.1124,1.0637,1.0375,1.144,1.3368,1.5296,1.6884,1.811,1.9041,1.9746,2.0285,2.0701,2.1027,2.7296,2.6931,2.6259,2.5691,2.6442,2.8344,3.0007,3.095,3.0575,2.9961,2.9677,3.0211,2.8877,2.6148,2.4791,2.0434,1.3332,-0.9798,-1.1004,0.4777,1.0404,1.223,1.2518,1.1217,0.8006,0.5993,0.8437,1.2257,1.5252,1.7306,1.8701,1.9664,2.0343,2.0831,2.1191,2.1462,2.7346,2.7225,2.7094,2.719,2.7811,2.8858,2.9906,3.059,3.0492,3.0319,3.0845,3.3561,3.4106,2.8828,2.5764,2.3439,1.9775,0.4861,0.0394,0.8933,1.2861,1.4093,1.3902,1.1331,0.4731,0.0351,0.5708,1.1957,1.5875,1.8185,1.959,2.048,2.1062,2.1456,2.173,2.193,2.7454,2.7492,2.7588,2.784,2.8322,2.8972,2.9621,3.0097,3.0449,3.1164,3.2131,3.2506,3.1851,3.3485,2.6822,2.3936,2.265,1.8657,1.5083,1.5004,1.4877,1.509,1.5355,1.3437,0.7962,0.4272,0.869,1.4239,1.7722,1.9686,2.0806,2.1468,2.1871,2.2123,2.229,2.2406,2.755,2.7669,2.7846,2.8121,2.851,2.8986,2.9493,3.0035,3.0837,3.2498,3.5431,3.4591,3.2991,3.0958,2.794,2.5005,2.3465,2.2679,2.1167,1.7948,1.2257,1.3348,1.6596,1.6984,1.5343,1.4338,1.6167,1.8837,2.0673,2.169,2.2231,2.2518,2.2672,2.276,2.2816,2.2856,2.7614,2.7769,2.7971,2.8238,2.8576,2.8979,2.9452,3.0054,3.0984,3.2633,3.494,3.4038,3.343,3.3111,2.9923,2.7818,2.6726,2.718,2.7261,2.1942,1.2199,1.3908,1.875,2.075,2.1697,2.2738,2.3771,2.4157,2.4045,2.3807,2.3584,2.3405,2.329,2.3243,2.3234,2.3237,2.7648,2.7816,2.8022,2.8274,2.8579,2.8942,2.9381,2.994,3.0697,3.1668,3.2482,3.2639,3.3345,3.3511,3.2625,3.2236,3.0798,3.2935,3.6701,2.9956,2.3293,2.1513,2.2921,2.4773,2.735,3.0603,3.1614,2.9498,2.7149,2.5577,2.4534,2.3824,2.3471,2.3421,2.3478,2.3524,2.7656,2.7826,2.8026,2.8263,2.854,2.8867,2.9255,2.9721,3.0275,3.0868,3.1368,3.1753,3.2283,3.3336,3.7714,3.9794,3.4066,3.4329,3.6478,3.5263,3.0806,2.7708,2.7194,2.8434,3.2087,3.8916,4.0473,3.3842,2.9175,2.668,2.4959,2.3616,2.3069,2.3265,2.3567,2.3735,2.7645,2.7811,2.8001,2.822,2.8472,2.8761,2.9093,2.9472,2.9889,3.0318,3.0728,3.1165,3.1836,3.3389,3.704,3.8224,3.4646,3.4706,3.9414,4.1772,3.5031,3.164,3.0694,3.0966,3.3456,4.0169,4.1788,3.3144,2.9158,2.7144,2.5309,2.3484,2.2764,2.3196,2.3699,2.3958,2.7619,2.7777,2.7956,2.8157,2.8383,2.8637,2.892,2.9231,2.9565,2.9912,3.0276,3.0706,3.1335,3.2382,3.3741,3.4146,3.3587,3.4319,3.7054,3.8016,3.5662,3.4965,3.4662,3.3143,3.1958,3.0782,2.609,2.6382,2.7738,2.7472,2.617,2.4499,2.3638,2.3769,2.4094,2.4278,2.7581,2.7731,2.7896,2.808,2.8282,2.8505,2.8748,2.901,2.9289,2.9583,2.9904,3.0281,3.0767,3.1384,3.1999,3.2344,3.2568,3.3254,3.4438,3.5363,3.6797,4.0635,4.173,3.6676,3.1565,2.6481,2.0619,2.3682,2.7985,2.8597,2.75,2.6047,2.5072,2.4739,2.4697,2.4689,2.7535,2.7675,2.7828,2.7995,2.8176,2.8372,2.8584,2.8809,2.9047,2.9301,2.9578,2.9891,3.0255,3.0661,3.1057,3.1402,3.179,3.2407,3.3355,3.4883,3.8336,4.5127,4.7183,3.9509,3.2587,2.8019,2.562,2.7725,3.1172,3.0633,2.8831,2.7277,2.6213,2.5613,2.5301,2.5113,2.7482,2.7613,2.7754,2.7905,2.8068,2.8242,2.8428,2.8624,2.8831,2.9051,2.9288,2.9547,2.9833,3.0139,3.0455,3.079,3.1204,3.1801,3.2733,3.4346,3.733,4.147,4.2343,3.784,3.2898,2.9702,2.8527,2.9732,3.1649,3.1032,2.9334,2.7907,2.689,2.6215,2.5778,2.5481]},{"header":{"la1":42.85,"la2":41.18,"lo1":11.55,"lo2":14.05,"nx":36,"ny":24,"dx":0.07143,"dy":0.07261,"parameterCategory":2,"parameterNumber":3,"parameterNumberName":"northward_wind","parameterUnit":"m.s-1"},"data":[0.8868,0.8787,0.8675,0.8534,0.8371,0.8202,0.8048,0.7935,0.7875,0.7866,0.7881,0.7886,0.7852,0.7758,0.76,0.7391,0.7155,0.6929,0.675,0.6643,0.6606,0.6617,0.665,0.6687,0.6724,0.6764,0.6811,0.6867,0.693,0.7,0.7074,0.7152,0.7231,0.731,0.7386,0.7461,0.8975,0.8886,0.8751,0.8566,0.8339,0.8089,0.7858,0.7694,0.7634,0.7673,0.7766,0.7847,0.786,0.7776,0.7587,0.731,0.6985,0.6673,0.6444,0.6345,0.6366,0.6449,0.6531,0.6587,0.6626,0.6666,0.6717,0.6779,0.6852,0.6934,0.7021,0.7112,0.7203,0.7293,0.7381,0.7464,0.9118,0.9029,0.8872,0.8632,0.8306,0.7921,0.754,0.7265,0.7193,0.7331,0.7578,0.7799,0.7901,0.784,0.761,0.7231,0.6757,0.6294,0.5983,0.5927,0.6101,0.6344,0.65,0.6548,0.6556,0.6576,0.6622,0.6689,0.6773,0.6868,0.697,0.7075,0.7181,0.7284,0.7384,0.7477,0.9312,0.9242,0.9075,0.8772,0.8308,0.7694,0.7017,0.6484,0.6362,0.671,0.7273,0.7754,0.8004,0.7988,0.7706,0.7176,0.6455,0.5701,0.5212,0.5276,0.5849,0.6473,0.67,0.6622,0.652,0.649,0.6522,0.6595,0.6692,0.6804,0.6923,0.7046,0.7168,0.7286,0.7399,0.7504,0.957,0.9558,0.9419,0.9069,0.843,0.7461,0.621,0.5035,0.473,0.5591,0.6829,0.7756,0.8223,0.8274,0.7939,0.7211,0.6092,0.4744,0.3763,0.4045,0.5606,0.716,0.731,0.6795,0.6479,0.6384,0.6409,0.6493,0.6609,0.6741,0.6882,0.7025,0.7166,0.7302,0.7429,0.7546,0.9897,1.0013,0.9992,0.9657,0.8838,0.7413,0.5222,0.2535,0.1603,0.3816,0.6388,0.7932,0.8639,0.8771,0.8407,0.7481,0.5842,0.3395,0.0954,0.1386,0.4761,0.7732,0.7692,0.6739,0.6316,0.6221,0.6269,0.6381,0.6523,0.6683,0.6849,0.7017,0.7181,0.7337,0.7481,0.761,1.0265,1.0621,1.0908,1.0743,0.9754,0.7918,0.492,0.0238,-0.1935,0.257,0.6563,0.8498,0.9331,0.955,0.9237,0.8228,0.6203,0.2684,-0.2002,-0.1612,0.3068,0.5743,0.6356,0.6093,0.596,0.599,0.6103,0.6258,0.6438,0.6631,0.683,0.7028,0.7219,0.7397,0.7559,0.7702,1.0579,1.1275,1.2214,1.2584,1.1232,0.9059,0.646,0.2934,0.1459,0.4935,0.8011,0.9547,1.0301,1.0646,1.0571,0.9699,0.7632,0.4367,0.0905,0.0917,0.277,0.3779,0.476,0.5274,0.5532,0.5728,0.5923,0.6131,0.6355,0.659,0.6829,0.7064,0.7287,0.7492,0.7673,0.783,1.0666,1.1565,1.3272,1.4716,1.2391,0.9998,0.8576,0.7647,0.7797,0.9057,1.0126,1.0832,1.141,1.2002,1.262,1.2227,0.9829,0.6768,0.4345,0.3176,0.2231,0.2571,0.3923,0.4741,0.5185,0.5483,0.5742,0.6003,0.6279,0.6566,0.6856,0.7136,0.7398,0.7633,0.7836,0.8004,1.042,1.0999,1.2003,1.2642,1.0863,0.9922,0.9749,1.0299,1.1737,1.2545,1.2042,1.1993,1.2456,1.3304,1.5437,1.6532,1.1937,0.7965,0.5463,0.3928,0.2816,0.2965,0.3869,0.4522,0.4941,0.5258,0.5555,0.5871,0.6212,0.6567,0.6921,0.7259,0.7569,0.7839,0.8063,0.8241,1.0,1.0026,0.9533,0.7785,0.7957,0.9329,1.0025,1.1151,1.4403,1.6072,1.3303,1.2829,1.3395,1.4149,1.5633,1.6786,1.1561,0.7027,0.4579,0.3831,0.3593,0.3658,0.3999,0.438,0.4709,0.5008,0.5336,0.5722,0.6154,0.6603,0.7045,0.7457,0.7825,0.8134,0.8379,0.8558,0.9669,0.9469,0.8806,0.7651,0.7898,0.9203,0.9746,1.0045,1.2306,1.4191,1.3113,1.3377,1.4375,1.5668,1.4946,1.298,0.8881,0.2352,0.0037,0.1935,0.3024,0.3426,0.3736,0.4083,0.4397,0.4673,0.5043,0.5547,0.612,0.6701,0.7257,0.7766,0.8205,0.8557,0.8815,0.8984,0.9506,0.935,0.9037,0.8736,0.892,0.9391,0.943,0.891,0.974,1.1537,1.2652,1.4106,1.4996,1.6366,1.5459,1.275,0.7811,-0.7611,-0.8704,-0.0341,0.1878,0.2457,0.2978,0.36,0.4043,0.4239,0.4664,0.5375,0.6153,0.6906,0.761,0.8241,0.8767,0.9163,0.9421,0.9553,0.9447,0.938,0.9287,0.9252,0.9366,0.9526,0.9498,0.9268,0.9687,1.0882,1.2245,1.507,1.6078,1.5608,1.4297,1.4682,1.1452,0.0832,-0.286,0.0088,0.0308,0.0421,0.1534,0.2961,0.3843,0.3905,0.4386,0.5354,0.6352,0.7293,0.8176,0.8967,0.9605,1.004,1.0264,1.031,0.9422,0.9414,0.941,0.9442,0.9523,0.9615,0.9663,0.9718,0.9952,1.0252,1.0661,1.2005,1.3176,1.3119,1.3613,1.5141,1.2269,0.8166,0.3528,-0.0223,-0.4442,-0.4542,-0.113,0.1959,0.3643,0.4061,0.4666,0.5723,0.6836,0.7945,0.9051,1.0074,1.0869,1.1324,1.144,1.131,0.9397,0.9417,0.9446,0.9493,0.956,0.9633,0.9697,0.9744,0.9698,0.915,0.7344,0.9735,1.0781,1.1796,1.194,1.1969,1.1284,0.8515,0.4187,-0.384,-1.744,-1.4401,-0.4521,0.0869,0.3435,0.4614,0.5514,0.6521,0.7626,0.8897,1.0344,1.1771,1.2815,1.3229,1.3076,1.2598,0.9361,0.9392,0.943,0.9476,0.953,0.9583,0.9619,0.9605,0.9435,0.8814,0.7547,0.89,0.952,0.9428,0.9884,0.9659,0.9001,0.7465,0.488,-0.3057,-1.9358,-1.5555,-0.4668,0.1014,0.3967,0.5665,0.674,0.7581,0.8589,1.0085,1.2155,1.4389,1.5878,1.6059,1.5278,1.4164,0.9313,0.9345,0.9381,0.9419,0.9458,0.9489,0.9499,0.9461,0.9328,0.9069,0.887,0.9055,0.8985,0.8684,0.7361,0.6472,0.7057,0.7455,0.8191,0.3403,-0.3496,-0.4546,-0.0909,0.2632,0.5403,0.7454,0.8407,0.8716,0.9475,1.1294,1.4473,1.8339,2.0605,2.0014,1.7948,1.5834,0.9254,0.9282,0.9311,0.9338,0.9362,0.9374,0.9365,0.9322,0.9231,0.91,0.8974,0.8826,0.8415,0.7072,0.2711,0.087,0.5241,0.7084,0.7714,0.6174,0.3349,0.1694,0.2387,0.4377,0.7012,0.9704,1.0359,0.9635,1.0001,1.2104,1.671,2.3179,2.651,2.4272,2.0359,1.7154,0.9187,0.9209,0.9228,0.9244,0.9252,0.9248,0.9225,0.9173,0.9086,0.896,0.8779,0.8465,0.7799,0.6228,0.3041,0.2023,0.4926,0.6525,0.759,0.8027,0.5497,0.3807,0.3773,0.5156,0.757,1.0214,1.0772,0.9862,0.998,1.1953,1.7093,2.5055,2.8993,2.5798,2.1089,1.7517,0.9115,0.9129,0.9139,0.9143,0.9137,0.9119,0.9081,0.9016,0.8917,0.877,0.8547,0.8184,0.7563,0.6543,0.5313,0.4935,0.5629,0.6318,0.6873,0.6773,0.5089,0.3407,0.313,0.4616,0.7029,0.9174,1.024,0.9851,0.9336,1.0543,1.4553,2.0731,2.4242,2.2715,1.9488,1.6704,0.904,0.9046,0.9046,0.9039,0.9022,0.899,0.8939,0.8862,0.8749,0.8589,0.8357,0.8018,0.7537,0.6921,0.6329,0.6033,0.6053,0.6112,0.5979,0.5271,0.3397,0.0573,-0.0138,0.2731,0.6093,0.8855,1.0829,0.966,0.7534,0.7909,1.0813,1.4895,1.7712,1.7967,1.6707,1.5149,0.8964,0.8962,0.8954,0.8937,0.891,0.8867,0.8805,0.8718,0.8598,0.8434,0.8213,0.7921,0.7553,0.7135,0.674,0.6443,0.6227,0.597,0.5478,0.4399,0.2059,-0.1847,-0.2955,0.1152,0.5066,0.7553,0.8546,0.6871,0.3846,0.4766,0.7823,1.0988,1.3281,1.4224,1.4104,1.3478,0.8889,0.888,0.8864,0.884,0.8803,0.8752,0.8683,0.859,0.8467,0.8308,0.8105,0.7854,0.7559,0.7236,0.6915,0.6614,0.6309,0.5923,0.5318,0.4257,0.2425,0.0084,-0.041,0.199,0.469,0.6396,0.6776,0.5372,0.3333,0.4173,0.6663,0.905,1.0829,1.1837,1.2166,1.2054]}]