docs/data/wind_grid.json
[{"header":{"la1":42.85,"la2":41.18,"lo1":11.55,"lo2":14.05,"nx":36,"ny":24,"dx":0.07143,"dy":0.07261,"parameterCategory":2,"parameterNumber":2,"parameterNumberName":"eastward_wind","parameterUnit":"m.s-1"},"data":[1.294,1.2963,1.3002,1.3055,1.311,1.315,1.3154,1.3095,1.2952,1.2713,1.2375,1.1944,1.1428,1.0833,1.0164,0.9428,0.8636,0.7803,0.6956,0.614,0.5429,0.4925,0.4717,0.4813,0.5138,0.5585,0.6062,0.6517,0.6924,0.7278,0.758,0.7839,0.806,0.825,0.8416,0.8561,1.2907,1.294,1.3005,1.3101,1.3217,1.3329,1.3405,1.3401,1.3282,1.3029,1.2646,1.2148,1.155,1.086,1.0079,0.9209,0.8254,0.7228,0.615,0.5057,0.4045,0.3319,0.309,0.3379,0.4003,0.474,0.5448,0.6068,0.6588,0.7017,0.737,0.7663,0.7907,0.8114,0.8291,0.8446,1.2825,1.286,1.2949,1.3098,1.3299,1.3523,1.3718,1.3812,1.3735,1.3458,1.3002,1.241,1.1711,1.0912,1.0006,0.8983,0.7839,0.6585,0.5228,0.3745,0.2196,0.0995,0.0737,0.1459,0.2642,0.3832,0.4844,0.5654,0.629,0.679,0.7187,0.7507,0.7769,0.7987,0.8173,0.8334,1.2673,1.2691,1.2791,1.3,1.332,1.3719,1.412,1.4395,1.4393,1.4053,1.3461,1.2728,1.1904,1.0986,0.995,0.8762,0.74,0.5883,0.4244,0.2317,-0.0196,-0.2541,-0.2801,-0.1031,0.1166,0.2986,0.4341,0.5331,0.6062,0.6613,0.7038,0.7374,0.7646,0.787,0.806,0.8224,1.2432,1.239,1.2468,1.273,1.3208,1.3873,1.4635,1.5279,1.542,1.4897,1.4024,1.3079,1.2107,1.1068,0.9909,0.8563,0.6952,0.5099,0.324,0.1181,-0.2676,-0.7711,-0.7665,-0.3608,0.0007,0.2447,0.4058,0.5155,0.5929,0.6498,0.6928,0.7266,0.7537,0.7761,0.795,0.8115,1.2086,1.1908,1.1876,1.2147,1.2823,1.3867,1.5199,1.6595,1.7056,1.6001,1.4599,1.3395,1.2281,1.1124,0.9863,0.8413,0.6579,0.4207,0.195,0.0756,-0.3014,-1.0629,-1.0081,-0.4264,-0.0074,0.248,0.4088,0.5154,0.5897,0.6439,0.6851,0.7175,0.7437,0.7654,0.7839,0.8001,1.1653,1.1217,1.0885,1.1028,1.1957,1.3485,1.5403,1.7717,1.8678,1.6773,1.4906,1.3591,1.2385,1.1083,0.9699,0.8269,0.6504,0.3777,0.0551,0.0435,-0.046,-0.4263,-0.4714,-0.1679,0.1143,0.3095,0.4401,0.5296,0.5937,0.6417,0.6791,0.709,0.7336,0.7542,0.772,0.7879,1.1224,1.0415,0.9461,0.9125,1.0486,1.2664,1.4747,1.6674,1.7385,1.6086,1.4765,1.3688,1.2441,1.0821,0.9042,0.7705,0.6679,0.4874,0.2424,0.1783,0.1313,0.0601,0.0487,0.1438,0.2791,0.3958,0.4834,0.5486,0.599,0.6393,0.6722,0.6994,0.7222,0.7416,0.7586,0.774,1.0972,0.9888,0.8291,0.7131,0.9156,1.1933,1.3936,1.5072,1.5337,1.4999,1.4554,1.3893,1.2626,1.0267,0.6897,0.5219,0.6176,0.6338,0.5115,0.3254,0.0541,0.0912,0.2449,0.3371,0.409,0.4678,0.5161,0.5585,0.5971,0.6316,0.6615,0.6868,0.7081,0.7263,0.7426,0.7576,1.1018,0.9996,0.8734,0.806,0.937,1.1785,1.3799,1.4611,1.4376,1.4162,1.4514,1.4432,1.3382,1.0179,0.1884,-0.2626,0.4651,0.7474,0.7104,0.5072,0.2214,0.233,0.3879,0.4619,0.4864,0.4976,0.5152,0.5441,0.5793,0.614,0.6444,0.6694,0.6899,0.7072,0.7228,0.7377,1.1313,1.0422,0.9251,0.7716,0.8347,1.1919,1.4481,1.5145,1.3555,1.2585,1.4627,1.5387,1.5142,1.3152,0.4414,-0.2285,0.6447,0.9151,0.8994,0.7788,0.6249,0.5623,0.567,0.546,0.4935,0.4509,0.4515,0.4891,0.5389,0.5842,0.6199,0.6464,0.6664,0.6828,0.6978,0.7129,1.179,1.1039,0.9867,0.821,0.9038,1.3064,1.6042,1.7186,1.5541,1.4196,1.5672,1.6668,1.7281,1.8125,1.5722,1.193,1.1461,1.0586,0.9922,0.9646,0.8828,0.7906,0.6933,0.5534,0.3757,0.2607,0.2842,0.3816,0.4762,0.5447,0.5893,0.6174,0.6362,0.6511,0.6656,0.6814,1.241,1.1957,1.1406,1.1122,1.2253,1.4824,1.7329,1.8972,1.8053,1.6768,1.7091,1.8024,1.8507,1.9454,1.8607,1.6565,1.4477,0.9042,0.8545,1.0528,1.0244,0.9179,0.7517,0.4708,0.0642,-0.1702,-0.0099,0.2391,0.4088,0.5049,0.5558,0.5819,0.5967,0.6087,0.6227,0.6407,1.3068,1.2922,1.2882,1.3198,1.4182,1.5723,1.729,1.8352,1.8095,1.7562,1.7921,1.9041,1.9409,1.8961,1.8578,1.9073,1.7582,1.2854,1.1097,1.1748,1.111,0.9889,0.7928,0.4043,-0.2729,-0.6594,-0.2617,0.1517,0.3727,0.477,0.5214,0.5369,0.5423,0.5496,0.5643,0.5871,1.3659,1.3712,1.3902,1.4336,1.5076,1.6021,1.6921,1.7506,1.7698,1.7955,1.8412,1.8707,1.8816,1.8989,1.8819,1.9617,1.9348,1.681,1.4539,1.2885,1.1038,0.9922,0.8567,0.5237,-0.0434,-0.3745,-0.1,0.219,0.391,0.4636,0.4814,0.4731,0.4619,0.4635,0.4828,0.5163,1.4135,1.4289,1.4553,1.4965,1.5523,1.6161,1.6767,1.7264,1.7728,1.8414,1.94,1.8921,1.8817,1.8793,1.8731,1.8906,1.9031,1.784,1.6196,1.3028,0.8228,0.8507,0.92,0.736,0.4323,0.2362,0.2637,0.3654,0.4332,0.4493,0.4217,0.3726,0.335,0.3332,0.3679,0.4243,1.4497,1.4694,1.497,1.5336,1.5781,1.6269,1.6759,1.7239,1.7773,1.8477,1.927,1.9043,1.9247,1.9446,1.9024,1.8993,1.9019,1.931,1.9052,1.4994,0.8008,0.8703,1.0139,0.893,0.6812,0.5117,0.4419,0.4421,0.4487,0.4145,0.3246,0.2063,0.1273,0.1347,0.2103,0.311,1.4764,1.4974,1.5241,1.5565,1.594,1.6347,1.6771,1.7211,1.7685,1.8188,1.86,1.8848,1.9371,1.9625,1.9928,2.0285,2.031,2.2379,2.5076,2.0227,1.5093,1.2891,1.1838,0.9882,0.7159,0.4571,0.3548,0.3966,0.4243,0.3606,0.1835,-0.0593,-0.2035,-0.1484,0.0164,0.1888,1.4957,1.5166,1.5417,1.5708,1.6034,1.6386,1.6757,1.7144,1.7543,1.7938,1.8297,1.865,1.9105,1.9867,2.2136,2.3147,2.146,2.2988,2.4956,2.4201,2.0093,1.6329,1.3574,1.0514,0.633,0.1366,0.0206,0.2849,0.3992,0.32,0.0377,-0.3944,-0.6231,-0.4566,-0.1604,0.0919,1.5093,1.5295,1.5527,1.579,1.6078,1.6388,1.6714,1.7052,1.7396,1.774,1.8085,1.8466,1.8989,1.9952,2.1821,2.2497,2.1586,2.2986,2.7806,3.0091,2.3081,1.8432,1.5222,1.159,0.6696,0.0838,-0.042,0.3273,0.4346,0.3372,0.0093,-0.5266,-0.8001,-0.5678,-0.214,0.0661,1.5184,1.5375,1.559,1.5828,1.6085,1.636,1.6647,1.6944,1.7248,1.7558,1.7883,1.8255,1.874,1.9437,2.0278,2.0723,2.0981,2.2316,2.5171,2.5927,2.2485,1.9847,1.7655,1.3883,0.9122,0.5693,0.5654,0.5659,0.5195,0.4115,0.1604,-0.235,-0.4653,-0.3453,-0.0954,0.1291,1.5241,1.542,1.5618,1.5833,1.6064,1.6308,1.6562,1.6824,1.7094,1.7372,1.7667,1.7997,1.8389,1.8853,1.9329,1.9717,2.0152,2.0942,2.1922,2.21,2.1661,2.2655,2.2552,1.7524,1.1632,0.7846,0.6892,0.6502,0.5469,0.4718,0.3465,0.1386,-0.0144,-0.0048,0.1108,0.2491,1.527,1.5436,1.5617,1.5812,1.6019,1.6236,1.6461,1.6693,1.6931,1.7177,1.7434,1.7712,1.8017,1.8343,1.8669,1.8979,1.9321,1.9751,2.0188,2.0576,2.1729,2.5206,2.6418,2.0162,1.3525,0.9316,0.7369,0.6044,0.4467,0.4565,0.4513,0.3688,0.2849,0.2641,0.3064,0.3805,1.5276,1.543,1.5596,1.5772,1.5957,1.615,1.6349,1.6552,1.676,1.6973,1.7192,1.7419,1.7655,1.7894,1.8128,1.8355,1.8588,1.8843,1.9133,1.9603,2.075,2.2787,2.2957,1.9001,1.4138,1.0481,0.8052,0.5947,0.4334,0.4616,0.5081,0.494,0.4591,0.4433,0.4587,0.4975]},{"header":{"la1":42.85,"la2":41.18,"lo1":11.55,"lo2":14.05,"nx":36,"ny":24,"dx":0.07143,"dy":0.07261,"parameterCategory":2,"parameterNumber":3,"parameterNumberName":"northward_wind","parameterUnit":"m.s-1"},"data":[0.4579,0.4763,0.4957,0.5158,0.5353,0.5521,0.5624,0.5623,0.5487,0.521,0.4823,0.4368,0.3889,0.3411,0.2944,0.2482,0.2012,0.1516,0.0983,0.0423,-0.0115,-0.0549,-0.0803,-0.086,-0.0762,-0.0579,-0.0368,-0.0161,0.0025,0.0186,0.0322,0.0437,0.0534,0.0615,0.0685,0.0745,0.4737,0.4965,0.5217,0.5495,0.5791,0.608,0.6306,0.6388,0.6256,0.5896,0.5369,0.4763,0.4153,0.3577,0.3039,0.2524,0.2003,0.1436,0.078,0.0022,-0.0765,-0.1405,-0.1719,-0.168,-0.141,-0.1055,-0.0706,-0.0401,-0.0149,0.0057,0.0223,0.0359,0.0469,0.0561,0.0638,0.0703,0.4886,0.5161,0.5477,0.5846,0.6282,0.6768,0.7224,0.7488,0.7386,0.6875,0.6094,0.524,0.4443,0.3746,0.3138,0.2586,0.2042,0.1433,0.0648,-0.0412,-0.1676,-0.2747,-0.3143,-0.2843,-0.222,-0.1581,-0.1045,-0.0624,-0.03,-0.0052,0.0142,0.0294,0.0416,0.0516,0.0598,0.0667,0.5023,0.5345,0.5721,0.6185,0.6794,0.7587,0.8486,0.9174,0.9178,0.8348,0.7064,0.5789,0.4729,0.3894,0.3226,0.2668,0.216,0.1602,0.0769,-0.0698,-0.2922,-0.5007,-0.5454,-0.4434,-0.3132,-0.2084,-0.1329,-0.0794,-0.041,-0.0128,0.0084,0.0248,0.0377,0.0481,0.0566,0.0637,0.5144,0.5516,0.5942,0.6472,0.7241,0.8454,1.0187,1.1914,1.2266,1.0643,0.8295,0.6334,0.4947,0.3981,0.328,0.2756,0.2369,0.207,0.1526,-0.0247,-0.4219,-0.8686,-0.8846,-0.6148,-0.3865,-0.2405,-0.1482,-0.0876,-0.046,-0.0163,0.0056,0.0222,0.0352,0.0457,0.0542,0.0613,0.5253,0.5697,0.6172,0.6693,0.7485,0.9079,1.2106,1.6248,1.7695,1.3943,0.9513,0.666,0.4994,0.3961,0.3266,0.2803,0.2602,0.2848,0.3432,0.2059,-0.3706,-1.09,-1.0585,-0.6585,-0.3908,-0.2369,-0.1441,-0.0845,-0.0441,-0.0155,0.0056,0.0217,0.0342,0.0443,0.0525,0.0594,0.5341,0.5932,0.6553,0.7002,0.746,0.8929,1.2828,2.0071,2.3562,1.6226,0.9697,0.6439,0.4788,0.3808,0.3147,0.2733,0.2657,0.3347,0.5456,0.4868,-0.0958,-0.5868,-0.6695,-0.4824,-0.3113,-0.1964,-0.1214,-0.0711,-0.0361,-0.0108,0.0082,0.0228,0.0344,0.0437,0.0515,0.058,0.5345,0.62,0.7336,0.7949,0.7453,0.7816,1.0533,1.5803,1.8142,1.2651,0.7888,0.5579,0.4384,0.355,0.2867,0.2446,0.2379,0.2749,0.3615,0.2467,-0.1095,-0.2722,-0.3189,-0.28,-0.2065,-0.1397,-0.0889,-0.0518,-0.0243,-0.0036,0.0125,0.0251,0.0354,0.0438,0.0508,0.0568,0.5098,0.6119,0.8126,0.9836,0.7492,0.6222,0.6981,0.8264,0.8188,0.6467,0.5159,0.4529,0.404,0.3303,0.2247,0.1666,0.1861,0.1963,0.155,-0.0279,-0.3365,-0.3144,-0.2141,-0.1661,-0.1252,-0.0878,-0.0566,-0.0317,-0.0118,0.0043,0.0174,0.028,0.0367,0.044,0.0503,0.0557,0.4472,0.5016,0.6128,0.6883,0.4612,0.4145,0.4351,0.3867,0.2184,0.1385,0.2761,0.3837,0.4142,0.3449,0.0932,-0.0488,0.1296,0.1709,0.1141,-0.0345,-0.2398,-0.2393,-0.1466,-0.0976,-0.0699,-0.0491,-0.0313,-0.0154,-0.0011,0.0114,0.0219,0.0307,0.038,0.0442,0.0496,0.0545,0.3677,0.3386,0.2163,-0.1188,-0.0751,0.2214,0.3034,0.2161,-0.1707,-0.38,0.1231,0.3834,0.5031,0.5072,0.2061,-0.0317,0.172,0.1868,0.1339,0.0517,-0.04,-0.0745,-0.0608,-0.0447,-0.0346,-0.0267,-0.0172,-0.0058,0.006,0.0166,0.0256,0.0329,0.0388,0.0439,0.0484,0.0527,0.3093,0.2482,0.1012,-0.134,-0.081,0.1915,0.3007,0.2992,0.0672,-0.1099,0.2082,0.4456,0.6447,0.8698,0.7015,0.4121,0.2906,0.1834,0.1258,0.0948,0.048,0.0115,-0.0058,-0.0147,-0.0225,-0.0256,-0.0183,-0.0047,0.009,0.0201,0.0282,0.0342,0.0387,0.0425,0.0462,0.05,0.2829,0.2363,0.162,0.0962,0.1362,0.2509,0.3376,0.4017,0.3373,0.2483,0.3403,0.4977,0.6553,0.9939,0.8571,0.532,0.3445,0.0806,0.0519,0.0952,0.067,0.0335,0.0099,-0.0112,-0.0384,-0.0538,-0.0367,-0.01,0.0102,0.0229,0.0303,0.0345,0.0372,0.0396,0.0424,0.0459,0.2754,0.2494,0.2205,0.2074,0.2308,0.2796,0.3292,0.3682,0.343,0.2991,0.3517,0.5158,0.588,0.6716,0.6058,0.5905,0.417,0.173,0.1009,0.0864,0.0414,0.0095,-0.0032,-0.0202,-0.0639,-0.0942,-0.0559,-0.0116,0.0144,0.027,0.032,0.0332,0.0332,0.0339,0.0361,0.0398,0.2734,0.2601,0.249,0.2471,0.2585,0.2788,0.2983,0.3047,0.2801,0.2351,0.2231,0.3096,0.4194,0.4148,0.4863,0.5749,0.0304,0.1604,0.1185,0.0368,-0.0562,-0.075,-0.041,-0.0244,-0.0459,-0.0671,-0.0345,0.0051,0.0267,0.034,0.0331,0.0287,0.0246,0.0234,0.0256,0.0306,0.2711,0.2638,0.2585,0.2574,0.261,0.2663,0.2673,0.2548,0.2145,0.1185,-0.0762,0.0911,0.1972,0.3088,0.3278,0.2464,0.0471,0.1077,0.0673,-0.0633,-0.2831,-0.2381,-0.0924,-0.0239,-0.0034,0.0037,0.0226,0.0415,0.0479,0.043,0.0313,0.0175,0.0074,0.0047,0.0091,0.0177,0.2671,0.2622,0.2582,0.2557,0.2542,0.2512,0.2426,0.2217,0.1772,0.0865,-0.0548,0.0431,0.0522,0.0299,0.1533,0.1469,0.1046,0.0598,0.004,-0.0941,-0.3203,-0.2619,-0.0973,-0.0094,0.0415,0.0768,0.0954,0.0924,0.0754,0.0515,0.0226,-0.0067,-0.0257,-0.0272,-0.0156,0.0006,0.2616,0.2574,0.2533,0.2493,0.2445,0.2373,0.225,0.2037,0.1692,0.1212,0.0809,0.0732,0.0085,-0.0228,-0.028,-0.062,-0.007,-0.0245,-0.0764,-0.0581,-0.1109,-0.1109,-0.047,0.0236,0.1015,0.1817,0.2058,0.1599,0.1048,0.0565,0.0036,-0.0525,-0.0844,-0.0764,-0.0479,-0.0185,0.2552,0.251,0.2465,0.2413,0.2347,0.2257,0.2126,0.1939,0.169,0.1401,0.113,0.0852,0.0384,-0.0519,-0.3455,-0.4759,-0.1392,-0.0469,-0.0552,-0.0292,-0.0363,-0.0384,-0.0105,0.0506,0.1635,0.3403,0.3802,0.226,0.1221,0.0573,-0.0199,-0.1161,-0.1644,-0.133,-0.0782,-0.0335,0.2485,0.2441,0.2391,0.2331,0.2257,0.2161,0.2034,0.1872,0.1673,0.1446,0.1191,0.0864,0.0328,-0.0789,-0.3099,-0.3823,-0.1515,-0.0419,-0.0104,-0.0026,-0.0203,-0.0306,-0.0161,0.0386,0.1519,0.3552,0.4017,0.1803,0.1024,0.0612,-0.0188,-0.1406,-0.1998,-0.1532,-0.0857,-0.0354,0.2418,0.2372,0.2318,0.2254,0.2176,0.208,0.196,0.1815,0.1641,0.1438,0.1194,0.0872,0.0396,-0.0338,-0.1212,-0.1426,-0.0809,-0.0305,-0.0127,-0.0139,-0.0396,-0.0777,-0.0811,-0.0256,0.0477,0.0598,-0.0803,-0.04,0.0665,0.0913,0.0339,-0.0685,-0.1264,-0.1051,-0.0592,-0.0204,0.2353,0.2305,0.2249,0.2183,0.2105,0.201,0.1897,0.1764,0.1606,0.1421,0.1198,0.0918,0.0559,0.0126,-0.0265,-0.0408,-0.0297,-0.017,-0.0176,-0.0377,-0.0985,-0.2084,-0.2386,-0.1271,-0.0404,-0.0881,-0.2664,-0.1181,0.1431,0.1956,0.1295,0.0403,-0.0175,-0.0285,-0.0141,0.0056,0.2292,0.2243,0.2186,0.2119,0.2042,0.1951,0.1844,0.172,0.1576,0.1409,0.1213,0.0982,0.0716,0.0437,0.0199,0.0059,0.0006,-0.0045,-0.0194,-0.0575,-0.1492,-0.3139,-0.3619,-0.1952,-0.0708,-0.0493,-0.0541,0.1344,0.4155,0.3699,0.2305,0.1263,0.0634,0.0351,0.029,0.0333,0.2235,0.2185,0.2128,0.2063,0.1987,0.1899,0.1799,0.1684,0.1553,0.1403,0.1234,0.1045,0.084,0.0636,0.0455,0.0314,0.02,0.0069,-0.0147,-0.0554,-0.1304,-0.2303,-0.2527,-0.156,-0.0568,0.0054,0.082,0.2623,0.4543,0.4019,0.2668,0.1688,0.109,0.0761,0.0612,0.0567]}]