docs/data/wind_grid.json
[{"header":{"la1":42.85,"la2":41.18,"lo1":11.55,"lo2":14.05,"nx":36,"ny":24,"dx":0.07143,"dy":0.07261,"parameterCategory":2,"parameterNumber":2,"parameterNumberName":"eastward_wind","parameterUnit":"m.s-1"},"data":[-0.4272,-0.4379,-0.4497,-0.4625,-0.4756,-0.4881,-0.4985,-0.5056,-0.5087,-0.5084,-0.5068,-0.5068,-0.5107,-0.52,-0.5351,-0.5547,-0.5767,-0.5973,-0.6128,-0.6204,-0.6189,-0.6096,-0.5948,-0.5772,-0.5586,-0.5404,-0.5234,-0.508,-0.4941,-0.4818,-0.4709,-0.4612,-0.4527,-0.4451,-0.4384,-0.4324,-0.4291,-0.4416,-0.456,-0.4722,-0.4898,-0.5073,-0.5223,-0.5319,-0.5341,-0.5296,-0.5221,-0.5169,-0.5181,-0.5282,-0.5477,-0.5754,-0.6077,-0.6388,-0.6621,-0.6719,-0.6673,-0.651,-0.6279,-0.6024,-0.5772,-0.5538,-0.5329,-0.5146,-0.4986,-0.4848,-0.4728,-0.4624,-0.4533,-0.4453,-0.4383,-0.4322,-0.4301,-0.4445,-0.4619,-0.4826,-0.5067,-0.5325,-0.5563,-0.5718,-0.5733,-0.561,-0.5424,-0.5273,-0.5233,-0.5336,-0.5592,-0.5986,-0.6474,-0.6964,-0.7327,-0.7454,-0.7332,-0.7038,-0.6671,-0.63,-0.5961,-0.5665,-0.5413,-0.5199,-0.5019,-0.4867,-0.4737,-0.4627,-0.4532,-0.445,-0.4378,-0.4315,-0.4297,-0.4458,-0.4662,-0.4923,-0.5251,-0.5644,-0.6052,-0.635,-0.6377,-0.6102,-0.5696,-0.5369,-0.5238,-0.5336,-0.5668,-0.6229,-0.6979,-0.7782,-0.8382,-0.8535,-0.8237,-0.7695,-0.7109,-0.658,-0.6136,-0.5771,-0.5475,-0.5233,-0.5035,-0.4871,-0.4735,-0.462,-0.4523,-0.4439,-0.4367,-0.4303,-0.4274,-0.4446,-0.4674,-0.4984,-0.5413,-0.5999,-0.6722,-0.7365,-0.7476,-0.6881,-0.604,-0.5418,-0.5156,-0.5243,-0.5664,-0.6436,-0.757,-0.8922,-0.998,-1.0129,-0.9429,-0.8442,-0.7542,-0.6822,-0.6267,-0.5839,-0.5504,-0.5241,-0.503,-0.4859,-0.4719,-0.4603,-0.4505,-0.4422,-0.435,-0.4287,-0.4227,-0.44,-0.4635,-0.4971,-0.5477,-0.6268,-0.7461,-0.8843,-0.9258,-0.797,-0.6338,-0.5323,-0.4931,-0.5014,-0.5517,-0.6496,-0.8083,-1.0264,-1.2156,-1.221,-1.0728,-0.91,-0.7852,-0.6961,-0.632,-0.5848,-0.5491,-0.5216,-0.5,-0.4828,-0.4689,-0.4575,-0.4479,-0.4398,-0.4328,-0.4266,-0.4158,-0.4318,-0.4536,-0.4851,-0.5349,-0.6201,-0.7721,-0.9995,-1.0967,-0.8633,-0.617,-0.4921,-0.4504,-0.4614,-0.5175,-0.6266,-0.8118,-1.0949,-1.3713,-1.3623,-1.1376,-0.9309,-0.7892,-0.6936,-0.6269,-0.5786,-0.5427,-0.5155,-0.4945,-0.4779,-0.4646,-0.4537,-0.4446,-0.4368,-0.4301,-0.4242,-0.407,-0.4207,-0.4386,-0.4634,-0.5006,-0.5633,-0.6768,-0.8537,-0.9206,-0.7074,-0.5057,-0.4127,-0.3866,-0.4044,-0.4634,-0.571,-0.7417,-0.9862,-1.221,-1.2282,-1.0544,-0.8841,-0.7605,-0.6734,-0.6108,-0.5652,-0.5314,-0.506,-0.4865,-0.4713,-0.4592,-0.4491,-0.4406,-0.4333,-0.427,-0.4214,-0.3972,-0.4084,-0.4219,-0.4381,-0.4579,-0.4825,-0.5124,-0.534,-0.4949,-0.3967,-0.3337,-0.3107,-0.309,-0.3326,-0.394,-0.5008,-0.6489,-0.8165,-0.9494,-0.9752,-0.9034,-0.8033,-0.7128,-0.6409,-0.5862,-0.5457,-0.5158,-0.4936,-0.4768,-0.4636,-0.453,-0.444,-0.4363,-0.4296,-0.4236,-0.4183,-0.3875,-0.3968,-0.4071,-0.4178,-0.4265,-0.4267,-0.4025,-0.3209,-0.1652,-0.0911,-0.1666,-0.2166,-0.2276,-0.2453,-0.3097,-0.4364,-0.6056,-0.7656,-0.8594,-0.8686,-0.817,-0.7406,-0.6654,-0.6032,-0.5559,-0.5216,-0.497,-0.4793,-0.466,-0.4555,-0.4467,-0.4389,-0.4319,-0.4256,-0.42,-0.415,-0.3782,-0.3866,-0.3963,-0.4069,-0.417,-0.4213,-0.4016,-0.2895,0.0668,0.2319,-0.0589,-0.157,-0.1469,-0.1293,-0.1961,-0.3811,-0.6499,-0.9089,-1.0094,-0.9412,-0.8194,-0.7083,-0.6229,-0.5621,-0.5209,-0.494,-0.4764,-0.4645,-0.4556,-0.448,-0.441,-0.4342,-0.4277,-0.4216,-0.4162,-0.4113,-0.3692,-0.3776,-0.3884,-0.4028,-0.4234,-0.4546,-0.4996,-0.5092,-0.2136,0.0249,-0.1118,-0.142,-0.0767,0.0328,-0.04,-0.3376,-0.8099,-1.3805,-1.4864,-1.1543,-0.8602,-0.6779,-0.572,-0.5124,-0.4804,-0.464,-0.4558,-0.4511,-0.4472,-0.4426,-0.4369,-0.4305,-0.4238,-0.4175,-0.4119,-0.4072,-0.36,-0.3683,-0.3801,-0.398,-0.4276,-0.4805,-0.5765,-0.6993,-0.5671,-0.294,-0.1947,-0.1589,-0.0919,0.0936,0.0315,-0.3623,-0.9996,-2.1555,-2.1717,-1.314,-0.8303,-0.5974,-0.4906,-0.4469,-0.4335,-0.4337,-0.4383,-0.4424,-0.4435,-0.4409,-0.4353,-0.4279,-0.4201,-0.4128,-0.4069,-0.4022,-0.35,-0.3575,-0.3686,-0.386,-0.4147,-0.4632,-0.5394,-0.6197,-0.5407,-0.3232,-0.2059,-0.1784,-0.1681,-0.0966,-0.166,-0.5144,-0.9855,-1.6168,-1.6753,-1.0444,-0.6145,-0.4201,-0.3628,-0.3636,-0.384,-0.4084,-0.4293,-0.4428,-0.4477,-0.445,-0.4369,-0.4262,-0.4154,-0.4065,-0.4,-0.3956,-0.3389,-0.3446,-0.3531,-0.3659,-0.3853,-0.4129,-0.4438,-0.4495,-0.3738,-0.2451,-0.167,-0.1594,-0.1406,-0.0999,-0.2583,-0.825,-1.3501,-1.0254,-0.8512,-0.525,-0.2171,-0.1346,-0.1954,-0.2745,-0.3433,-0.3986,-0.4377,-0.459,-0.4642,-0.4567,-0.4413,-0.4234,-0.4075,-0.3962,-0.3897,-0.3867,-0.3269,-0.3302,-0.3349,-0.3415,-0.3495,-0.3569,-0.3556,-0.3291,-0.2612,-0.1606,-0.0543,-0.1688,-0.1575,-0.1461,-0.2734,-0.708,-1.0876,-0.7004,-0.3889,-0.0976,0.2444,0.1871,-0.0431,-0.2098,-0.3309,-0.4202,-0.4764,-0.4999,-0.4974,-0.4768,-0.4464,-0.4153,-0.3914,-0.3783,-0.3739,-0.3743,-0.3147,-0.3154,-0.3162,-0.3169,-0.316,-0.3108,-0.2956,-0.263,-0.2087,-0.1358,-0.0629,-0.1089,-0.0824,-0.0561,-0.1513,-0.2887,-0.3604,-0.1681,0.0389,0.1127,0.3152,0.2417,-0.0027,-0.203,-0.3683,-0.494,-0.5618,-0.5746,-0.5508,-0.5046,-0.447,-0.3933,-0.359,-0.3475,-0.3505,-0.3582,-0.3027,-0.3011,-0.2987,-0.295,-0.2886,-0.2773,-0.2582,-0.2287,-0.1892,-0.1458,-0.1135,-0.096,-0.0467,-0.0164,0.0567,0.0959,0.0465,0.2696,0.5267,0.27,0.1715,0.0993,-0.0539,-0.25,-0.4625,-0.6361,-0.7039,-0.6843,-0.6242,-0.538,-0.4364,-0.347,-0.302,-0.3017,-0.3207,-0.3404,-0.2916,-0.288,-0.2833,-0.2768,-0.2674,-0.2538,-0.2348,-0.2096,-0.1795,-0.148,-0.1183,-0.0852,-0.033,0.0821,0.4343,0.5754,0.261,0.3159,0.4446,0.3173,0.1884,0.0647,-0.0864,-0.3019,-0.5765,-0.8087,-0.857,-0.803,-0.7119,-0.5786,-0.4187,-0.282,-0.2308,-0.253,-0.2937,-0.3264,-0.2816,-0.2766,-0.2703,-0.2621,-0.2514,-0.2373,-0.2193,-0.1973,-0.172,-0.1442,-0.1132,-0.0726,-0.0057,0.1343,0.403,0.487,0.281,0.2557,0.3502,0.3856,0.2331,0.0974,-0.0543,-0.2968,-0.6218,-0.8648,-0.9059,-0.9244,-0.8196,-0.6368,-0.4274,-0.2569,-0.2023,-0.2364,-0.2862,-0.3231,-0.2729,-0.2669,-0.2596,-0.2506,-0.2394,-0.2255,-0.2086,-0.1888,-0.166,-0.1399,-0.1088,-0.0676,-0.0063,0.0881,0.1995,0.2384,0.2015,0.2091,0.2766,0.2973,0.2342,0.1967,0.1022,-0.1773,-0.5908,-0.9828,-1.301,-1.2224,-0.9611,-0.7122,-0.4883,-0.3229,-0.2594,-0.2725,-0.3059,-0.3335,-0.2654,-0.2589,-0.251,-0.2417,-0.2304,-0.217,-0.2012,-0.1829,-0.162,-0.1376,-0.1085,-0.0719,-0.0245,0.0336,0.089,0.1197,0.1305,0.1518,0.189,0.2219,0.2895,0.4615,0.4831,0.0906,-0.4858,-1.0923,-1.5561,-1.385,-1.0304,-0.7605,-0.5581,-0.4186,-0.3491,-0.3333,-0.3408,-0.3525,-0.2592,-0.2523,-0.2442,-0.2348,-0.2238,-0.211,-0.1963,-0.1794,-0.1602,-0.138,-0.1122,-0.0816,-0.0459,-0.0071,0.0287,0.0559,0.0774,0.103,0.14,0.2044,0.3624,0.6726,0.7628,0.3035,-0.3078,-0.8506,-1.1756,-1.1416,-0.9375,-0.7414,-0.5882,-0.4797,-0.4145,-0.384,-0.3736,-0.3718,-0.254,-0.247,-0.239,-0.2298,-0.2192,-0.2071,-0.1934,-0.1779,-0.1604,-0.1407,-0.1183,-0.0932,-0.0656,-0.0371,-0.0101,0.0139,0.0367,0.0636,0.1028,0.1728,0.3086,0.4977,0.522,0.2242,-0.201,-0.5755,-0.8034,-0.8494,-0.7781,-0.6731,-0.5755,-0.4987,-0.4456,-0.4132,-0.3954,-0.3861]},{"header":{"la1":42.85,"la2":41.18,"lo1":11.55,"lo2":14.05,"nx":36,"ny":24,"dx":0.07143,"dy":0.07261,"parameterCategory":2,"parameterNumber":3,"parameterNumberName":"northward_wind","parameterUnit":"m.s-1"},"data":[-0.7361,-0.7258,-0.7135,-0.6992,-0.6835,-0.6674,-0.6525,-0.6403,-0.6316,-0.6257,-0.6206,-0.6137,-0.6028,-0.5867,-0.5654,-0.5402,-0.5134,-0.4884,-0.4689,-0.4575,-0.4549,-0.4601,-0.4708,-0.4848,-0.5002,-0.516,-0.5315,-0.5466,-0.561,-0.5748,-0.588,-0.6005,-0.6124,-0.6237,-0.6342,-0.6441,-0.7426,-0.731,-0.7163,-0.6984,-0.6778,-0.6561,-0.6358,-0.6204,-0.6119,-0.6096,-0.6097,-0.6072,-0.5981,-0.5805,-0.5542,-0.5207,-0.4837,-0.4485,-0.4215,-0.4077,-0.408,-0.4196,-0.4377,-0.4587,-0.4801,-0.5005,-0.5197,-0.5377,-0.5545,-0.5703,-0.5852,-0.5993,-0.6125,-0.6249,-0.6365,-0.6472,-0.7511,-0.7381,-0.7207,-0.6981,-0.6704,-0.6391,-0.6087,-0.5862,-0.5778,-0.5831,-0.594,-0.6005,-0.5957,-0.5769,-0.5439,-0.4987,-0.4455,-0.3931,-0.3538,-0.3374,-0.3448,-0.3684,-0.399,-0.4303,-0.4593,-0.4853,-0.5086,-0.5296,-0.5489,-0.5668,-0.5835,-0.5991,-0.6138,-0.6274,-0.64,-0.6516,-0.7621,-0.7483,-0.7283,-0.7003,-0.6626,-0.6158,-0.5656,-0.5266,-0.5165,-0.5377,-0.571,-0.5946,-0.5976,-0.5782,-0.5371,-0.4754,-0.397,-0.3147,-0.253,-0.2345,-0.2588,-0.3056,-0.356,-0.4012,-0.4394,-0.4714,-0.4988,-0.5229,-0.5446,-0.5646,-0.5831,-0.6004,-0.6165,-0.6315,-0.6452,-0.6576,-0.7765,-0.7629,-0.7414,-0.7084,-0.6591,-0.5892,-0.5019,-0.423,-0.4038,-0.4606,-0.5403,-0.5933,-0.6078,-0.5881,-0.5376,-0.4555,-0.3403,-0.2056,-0.1004,-0.0831,-0.1462,-0.2347,-0.3137,-0.3755,-0.4229,-0.4603,-0.4913,-0.518,-0.542,-0.5639,-0.5843,-0.6034,-0.6211,-0.6374,-0.6523,-0.6656,-0.7947,-0.7831,-0.7627,-0.7278,-0.6695,-0.574,-0.4289,-0.2625,-0.2102,-0.3477,-0.5142,-0.6066,-0.6314,-0.61,-0.551,-0.4496,-0.2917,-0.0771,0.1086,0.1154,-0.0239,-0.1728,-0.2828,-0.3586,-0.4125,-0.4534,-0.4866,-0.5153,-0.5412,-0.5651,-0.5875,-0.6084,-0.6279,-0.6457,-0.6618,-0.676,-0.8168,-0.8096,-0.7941,-0.764,-0.7075,-0.6023,-0.412,-0.1332,-0.0168,-0.2795,-0.5386,-0.6513,-0.6734,-0.6461,-0.5816,-0.4719,-0.2911,-0.0133,0.2594,0.251,0.0358,-0.154,-0.277,-0.3557,-0.4099,-0.451,-0.4849,-0.5149,-0.5425,-0.5684,-0.5929,-0.616,-0.6374,-0.6569,-0.6742,-0.6894,-0.8418,-0.8414,-0.8351,-0.8179,-0.7798,-0.7015,-0.5505,-0.3187,-0.2281,-0.465,-0.6678,-0.7358,-0.7323,-0.6937,-0.6275,-0.5254,-0.3662,-0.1291,0.1064,0.1157,-0.0494,-0.2003,-0.3003,-0.3664,-0.4141,-0.4522,-0.4855,-0.5163,-0.5456,-0.5739,-0.601,-0.6266,-0.6503,-0.6717,-0.6905,-0.7064,-0.8681,-0.8761,-0.8822,-0.8838,-0.8761,-0.8513,-0.8024,-0.7468,-0.7596,-0.8396,-0.8679,-0.841,-0.7967,-0.7455,-0.6805,-0.5916,-0.4726,-0.3263,-0.1951,-0.1591,-0.2111,-0.2806,-0.3381,-0.3831,-0.4207,-0.4547,-0.4871,-0.5189,-0.5505,-0.5818,-0.6122,-0.641,-0.6676,-0.6913,-0.7115,-0.7282,-0.8934,-0.91,-0.9291,-0.9509,-0.975,-1.0011,-1.0315,-1.0833,-1.1814,-1.2057,-1.0653,-0.9309,-0.8502,-0.7955,-0.7336,-0.6486,-0.5489,-0.4523,-0.3755,-0.3338,-0.3282,-0.3438,-0.3678,-0.395,-0.4242,-0.4553,-0.4879,-0.522,-0.557,-0.5924,-0.6273,-0.6604,-0.6907,-0.717,-0.7388,-0.7559,-0.9151,-0.9393,-0.9697,-1.0086,-1.059,-1.1226,-1.1955,-1.2747,-1.4479,-1.5391,-1.195,-0.9718,-0.8832,-0.8495,-0.7928,-0.6884,-0.5755,-0.491,-0.4372,-0.399,-0.3753,-0.368,-0.3752,-0.3935,-0.4197,-0.4513,-0.4866,-0.5248,-0.5651,-0.6065,-0.6476,-0.6865,-0.7215,-0.7511,-0.7743,-0.7912,-0.9312,-0.9605,-0.9986,-1.0491,-1.1175,-1.2089,-1.319,-1.3979,-1.4089,-1.4038,-1.141,-0.9546,-0.8994,-0.9336,-0.8731,-0.7029,-0.5477,-0.4729,-0.4438,-0.4051,-0.3699,-0.3522,-0.3547,-0.374,-0.4042,-0.4411,-0.4823,-0.5271,-0.575,-0.6249,-0.6749,-0.722,-0.7633,-0.7967,-0.821,-0.8366,-0.9404,-0.9719,-1.0128,-1.0674,-1.1421,-1.2455,-1.3822,-1.5065,-1.42,-1.2208,-1.0316,-0.9269,-0.8867,-0.9577,-0.8945,-0.6339,-0.4462,-0.4617,-0.4595,-0.3791,-0.3198,-0.2928,-0.3011,-0.3336,-0.3771,-0.4246,-0.4748,-0.5287,-0.5871,-0.6492,-0.712,-0.7709,-0.8209,-0.8586,-0.8828,-0.8948,-0.9425,-0.9731,-1.0121,-1.0628,-1.1298,-1.2186,-1.3284,-1.4247,-1.3507,-1.1217,-0.9607,-0.9345,-0.9135,-0.636,-0.665,-0.3613,-0.0991,-0.2964,-0.366,-0.2873,-0.1974,-0.1644,-0.2033,-0.2719,-0.3406,-0.4031,-0.4638,-0.5287,-0.6013,-0.6811,-0.7632,-0.8398,-0.902,-0.9441,-0.9655,-0.9697,-0.9382,-0.9656,-0.9991,-1.0402,-1.0902,-1.1481,-1.2042,-1.2236,-1.146,-1.0034,-0.9027,-0.8471,-0.7235,-0.5068,-0.5181,0.1879,0.9553,0.1433,-0.1729,-0.1126,0.0794,0.0957,-0.0523,-0.1981,-0.3024,-0.3788,-0.4475,-0.524,-0.6158,-0.7222,-0.8349,-0.9392,-1.0187,-1.0638,-1.0762,-1.065,-0.9291,-0.9519,-0.9783,-1.0081,-1.04,-1.0698,-1.0864,-1.0708,-1.0092,-0.9273,-0.8836,-0.8243,-0.7998,-0.7017,-0.5368,0.068,0.6125,0.0683,-0.1735,0.0649,0.6163,0.5063,0.1003,-0.1463,-0.2751,-0.3497,-0.4167,-0.5054,-0.6256,-0.7738,-0.9365,-1.0863,-1.1904,-1.2328,-1.2229,-1.1828,-0.9168,-0.9348,-0.9542,-0.9741,-0.9923,-1.0046,-1.0042,-0.9841,-0.9446,-0.9026,-0.8834,-0.8743,-1.0186,-1.0812,-0.7365,-0.441,-0.2713,-0.3872,-0.4497,-0.0695,0.6699,0.5301,0.0789,-0.163,-0.2624,-0.2976,-0.3459,-0.4546,-0.6221,-0.8362,-1.0802,-1.3057,-1.4433,-1.466,-1.4085,-1.3196,-0.903,-0.9166,-0.9302,-0.9427,-0.9522,-0.9558,-0.9506,-0.9349,-0.9121,-0.8918,-0.8856,-0.917,-1.0772,-1.107,-0.8792,-0.7608,-0.6435,-0.7431,-0.9261,-0.518,-0.0816,0.0072,-0.1329,-0.239,-0.2415,-0.1728,-0.1824,-0.3509,-0.6016,-0.9065,-1.2705,-1.6159,-1.7916,-1.7585,-1.6165,-1.4586,-0.8888,-0.8987,-0.9079,-0.9154,-0.9199,-0.9198,-0.9141,-0.903,-0.8896,-0.8792,-0.8789,-0.8988,-0.9389,-0.9461,-1.0026,-1.0421,-0.8052,-0.7742,-0.829,-0.6261,-0.4506,-0.3445,-0.336,-0.3263,-0.2069,0.0582,0.1083,-0.2342,-0.5939,-0.9745,-1.4639,-1.9551,-2.1584,-2.0334,-1.7905,-1.5652,-0.875,-0.882,-0.888,-0.8923,-0.8939,-0.8923,-0.8872,-0.8791,-0.8702,-0.8633,-0.8618,-0.8678,-0.8793,-0.9004,-0.9754,-0.9912,-0.8194,-0.7103,-0.6309,-0.6007,-0.5626,-0.5109,-0.4842,-0.4332,-0.2801,0.0604,0.1328,-0.3537,-0.6727,-1.0188,-1.5332,-2.081,-2.2909,-2.1255,-1.8462,-1.5998,-0.862,-0.8668,-0.8705,-0.8727,-0.8728,-0.8705,-0.8658,-0.8594,-0.8523,-0.8462,-0.8424,-0.8417,-0.8442,-0.853,-0.8675,-0.847,-0.7697,-0.6919,-0.6365,-0.6151,-0.6143,-0.6276,-0.6264,-0.5784,-0.5154,-0.5466,-0.8441,-0.8471,-0.8328,-1.0286,-1.4204,-1.8555,-2.0528,-1.9609,-1.7526,-1.5496,-0.8499,-0.8531,-0.8552,-0.856,-0.8551,-0.8524,-0.8481,-0.8424,-0.836,-0.8298,-0.8243,-0.8197,-0.8161,-0.8126,-0.8045,-0.7802,-0.7373,-0.6919,-0.6603,-0.6536,-0.6878,-0.7676,-0.7917,-0.72,-0.7007,-0.879,-1.1733,-1.0627,-0.9342,-1.0153,-1.2526,-1.5277,-1.687,-1.6795,-1.573,-1.442,-0.8389,-0.8409,-0.8419,-0.8417,-0.8401,-0.8372,-0.8329,-0.8275,-0.8214,-0.8149,-0.8083,-0.8015,-0.794,-0.7849,-0.7713,-0.7502,-0.7228,-0.6965,-0.6814,-0.6904,-0.7453,-0.8498,-0.8784,-0.7924,-0.7655,-0.862,-0.9837,-0.975,-0.9369,-0.987,-1.1229,-1.2846,-1.3978,-1.4267,-1.3883,-1.3177,-0.8289,-0.8299,-0.8301,-0.8292,-0.8273,-0.8241,-0.8199,-0.8146,-0.8086,-0.8019,-0.7947,-0.7867,-0.7776,-0.7668,-0.753,-0.7361,-0.7175,-0.7018,-0.6958,-0.7084,-0.7498,-0.8094,-0.8257,-0.7878,-0.7739,-0.8137,-0.8674,-0.8909,-0.9049,-0.9502,-1.0337,-1.1309,-1.2076,-1.2426,-1.2368,-1.2041]}]