docs/data/wind_grid.json
[{"header":{"la1":42.85,"la2":41.18,"lo1":11.55,"lo2":14.05,"nx":36,"ny":24,"dx":0.07143,"dy":0.07261,"parameterCategory":2,"parameterNumber":2,"parameterNumberName":"eastward_wind","parameterUnit":"m.s-1"},"data":[-0.6933,-0.6966,-0.6993,-0.7013,-0.7027,-0.7031,-0.702,-0.6991,-0.6939,-0.6871,-0.68,-0.6744,-0.672,-0.6737,-0.6799,-0.6898,-0.7019,-0.7135,-0.7218,-0.7246,-0.7209,-0.7114,-0.6981,-0.6826,-0.6666,-0.6509,-0.6362,-0.6226,-0.6102,-0.599,-0.5889,-0.5797,-0.5714,-0.564,-0.5572,-0.5511,-0.705,-0.7092,-0.7128,-0.7158,-0.7184,-0.7202,-0.7205,-0.7178,-0.7111,-0.701,-0.6896,-0.6802,-0.6756,-0.6777,-0.6869,-0.7025,-0.7221,-0.7417,-0.7561,-0.7609,-0.7549,-0.7404,-0.7208,-0.6994,-0.6784,-0.6589,-0.6413,-0.6256,-0.6116,-0.5992,-0.5882,-0.5783,-0.5695,-0.5617,-0.5547,-0.5484,-0.7185,-0.7238,-0.7284,-0.7326,-0.7369,-0.7415,-0.7451,-0.7445,-0.7365,-0.7207,-0.7016,-0.6854,-0.6771,-0.6792,-0.6925,-0.7165,-0.7484,-0.7818,-0.8067,-0.8142,-0.8028,-0.7782,-0.7481,-0.718,-0.6905,-0.6664,-0.6456,-0.6276,-0.6121,-0.5985,-0.5867,-0.5762,-0.567,-0.5588,-0.5515,-0.5451,-0.7342,-0.7409,-0.7465,-0.7518,-0.7584,-0.7675,-0.7785,-0.785,-0.7769,-0.7511,-0.7174,-0.6893,-0.6746,-0.676,-0.6944,-0.7304,-0.7821,-0.8406,-0.8857,-0.8963,-0.871,-0.8265,-0.7792,-0.737,-0.7015,-0.6723,-0.6483,-0.6282,-0.6113,-0.5968,-0.5843,-0.5733,-0.5637,-0.5552,-0.5478,-0.5412,-0.753,-0.7614,-0.768,-0.7738,-0.7818,-0.7969,-0.8224,-0.8486,-0.8463,-0.7999,-0.7374,-0.6893,-0.6652,-0.6653,-0.6894,-0.7403,-0.8215,-0.926,-1.0132,-1.0255,-0.9654,-0.8832,-0.8103,-0.7531,-0.7093,-0.6754,-0.6486,-0.627,-0.6091,-0.5939,-0.5809,-0.5695,-0.5596,-0.5509,-0.5433,-0.5366,-0.7759,-0.7874,-0.7952,-0.7998,-0.8058,-0.8242,-0.8707,-0.9426,-0.9635,-0.8706,-0.7542,-0.6789,-0.645,-0.6439,-0.6728,-0.7375,-0.8536,-1.0322,-1.205,-1.2108,-1.0746,-0.9344,-0.8323,-0.7615,-0.7113,-0.6744,-0.6461,-0.6237,-0.6053,-0.5898,-0.5764,-0.5648,-0.5547,-0.5458,-0.5381,-0.5314,-0.8045,-0.822,-0.8331,-0.8353,-0.8321,-0.8403,-0.8932,-1.0186,-1.0829,-0.9156,-0.7407,-0.6474,-0.6099,-0.6093,-0.6407,-0.7107,-0.8451,-1.0847,-1.3584,-1.3496,-1.1308,-0.9494,-0.8331,-0.7575,-0.7058,-0.6686,-0.6406,-0.6184,-0.6002,-0.5846,-0.5711,-0.5593,-0.549,-0.54,-0.5321,-0.5254,-0.8399,-0.8696,-0.8911,-0.8936,-0.873,-0.8475,-0.856,-0.93,-0.9624,-0.811,-0.6647,-0.5886,-0.5586,-0.5622,-0.5953,-0.6594,-0.7764,-0.9774,-1.2017,-1.2129,-1.0537,-0.9087,-0.8088,-0.7407,-0.6932,-0.6588,-0.6328,-0.6119,-0.5942,-0.5787,-0.5651,-0.553,-0.5424,-0.5332,-0.5253,-0.5187,-0.8807,-0.933,-0.9824,-1.0014,-0.9592,-0.8744,-0.8009,-0.7528,-0.6916,-0.6054,-0.5461,-0.5112,-0.4933,-0.5052,-0.5494,-0.6054,-0.6934,-0.8273,-0.9498,-0.9807,-0.9239,-0.8428,-0.771,-0.716,-0.6761,-0.647,-0.6245,-0.6054,-0.5883,-0.5727,-0.5585,-0.546,-0.5349,-0.5255,-0.5175,-0.5109,-0.9194,-1.0046,-1.1113,-1.194,-1.1347,-0.9488,-0.7846,-0.6385,-0.4633,-0.3782,-0.4225,-0.4317,-0.4114,-0.4297,-0.5313,-0.5901,-0.6511,-0.7824,-0.8768,-0.8949,-0.8558,-0.7941,-0.7351,-0.6899,-0.6588,-0.6371,-0.6189,-0.6013,-0.5838,-0.5671,-0.5518,-0.5382,-0.5265,-0.5166,-0.5085,-0.502,-0.9411,-1.0534,-1.2248,-1.4234,-1.3695,-1.0341,-0.8134,-0.6342,-0.2566,-0.0818,-0.3364,-0.3692,-0.2984,-0.2662,-0.4412,-0.5737,-0.6739,-0.8962,-1.0076,-0.9617,-0.8614,-0.77,-0.7044,-0.6656,-0.6468,-0.6356,-0.6217,-0.6028,-0.5821,-0.5623,-0.5447,-0.5294,-0.5166,-0.5062,-0.498,-0.4918,-0.9319,-1.0402,-1.2028,-1.3857,-1.324,-1.0169,-0.8779,-0.8394,-0.5404,-0.291,-0.3885,-0.347,-0.1704,0.0765,-0.0814,-0.4362,-0.8151,-1.3335,-1.4533,-1.156,-0.8987,-0.7462,-0.6689,-0.6438,-0.6495,-0.6557,-0.6414,-0.6131,-0.5836,-0.558,-0.5366,-0.5191,-0.5048,-0.4937,-0.4854,-0.4797,-0.894,-0.9707,-1.0624,-1.1253,-1.0657,-0.9407,-0.93,-1.004,-0.9122,-0.6166,-0.4821,-0.3941,-0.2207,0.1918,0.0613,-0.4252,-1.0136,-2.138,-2.157,-1.3133,-0.8761,-0.6806,-0.6121,-0.6237,-0.6822,-0.7171,-0.6845,-0.6301,-0.5854,-0.552,-0.5263,-0.5059,-0.4899,-0.4781,-0.47,-0.4652,-0.843,-0.8874,-0.9271,-0.94,-0.9108,-0.8776,-0.9025,-0.9831,-0.9005,-0.6731,-0.5374,-0.4677,-0.4187,-0.1311,-0.2626,-0.5924,-1.0123,-1.6151,-1.673,-1.0765,-0.69,-0.5307,-0.5152,-0.5905,-0.7259,-0.7947,-0.7229,-0.6374,-0.5804,-0.5416,-0.5121,-0.4885,-0.4703,-0.4578,-0.4506,-0.4476,-0.7924,-0.8162,-0.8325,-0.8342,-0.8221,-0.8118,-0.8178,-0.8183,-0.7538,-0.6562,-0.6069,-0.5733,-0.4707,-0.4771,-0.4646,-0.8783,-1.2893,-1.0458,-0.9064,-0.6093,-0.3287,-0.2684,-0.3634,-0.5052,-0.6632,-0.7386,-0.6846,-0.6142,-0.5639,-0.5255,-0.4927,-0.4646,-0.4434,-0.4305,-0.4255,-0.4261,-0.7481,-0.7603,-0.7667,-0.7653,-0.7577,-0.7486,-0.7388,-0.7184,-0.6807,-0.6555,-0.6793,-0.8122,-0.7008,-0.5524,-0.562,-0.8147,-1.0804,-0.7615,-0.4924,-0.2125,0.136,0.0659,-0.1947,-0.3883,-0.5285,-0.6006,-0.6042,-0.5785,-0.5447,-0.507,-0.4674,-0.4308,-0.4042,-0.3921,-0.3924,-0.3997,-0.7105,-0.7162,-0.7177,-0.7144,-0.707,-0.6965,-0.6827,-0.6644,-0.6468,-0.6482,-0.6766,-0.7203,-0.8004,-0.816,-0.5559,-0.5044,-0.4985,-0.3157,-0.1256,-0.0181,0.2137,0.1334,-0.1222,-0.3159,-0.4578,-0.5487,-0.5846,-0.575,-0.5398,-0.4917,-0.4353,-0.3803,-0.3444,-0.3369,-0.3494,-0.369,-0.6786,-0.6804,-0.6791,-0.6743,-0.6662,-0.6554,-0.6422,-0.6282,-0.6182,-0.6197,-0.6336,-0.6621,-0.7802,-0.7608,-0.3105,-0.1049,-0.1228,0.0593,0.2481,0.1258,0.0829,0.0152,-0.129,-0.2994,-0.475,-0.6251,-0.676,-0.6277,-0.5567,-0.4826,-0.395,-0.3041,-0.253,-0.2612,-0.2986,-0.3373,-0.6513,-0.6506,-0.6473,-0.6413,-0.6327,-0.6219,-0.6095,-0.5969,-0.5864,-0.5799,-0.5756,-0.5683,-0.536,-0.3268,0.3016,0.5344,0.1321,0.1594,0.2868,0.3441,0.1949,0.0411,-0.1054,-0.2899,-0.5374,-0.8208,-0.8828,-0.7087,-0.58,-0.4815,-0.3565,-0.2094,-0.1392,-0.1808,-0.254,-0.3133,-0.6277,-0.6251,-0.6204,-0.6135,-0.6044,-0.5934,-0.5807,-0.5672,-0.553,-0.5373,-0.5152,-0.4743,-0.3803,-0.1497,0.2766,0.4171,0.1802,0.2213,0.5717,0.7313,0.3506,0.1369,-0.0149,-0.2216,-0.5109,-0.8477,-0.9171,-0.6862,-0.5801,-0.498,-0.3601,-0.1745,-0.0911,-0.1531,-0.2424,-0.3086,-0.6069,-0.603,-0.5972,-0.5895,-0.5798,-0.5682,-0.5548,-0.5393,-0.5213,-0.4983,-0.4653,-0.4117,-0.3185,-0.1658,0.017,0.1031,0.1047,0.1988,0.417,0.4949,0.3504,0.2869,0.2044,-0.0388,-0.3469,-0.5437,-0.5175,-0.5336,-0.5784,-0.5568,-0.4426,-0.279,-0.192,-0.2182,-0.2777,-0.3273,-0.5886,-0.5836,-0.5769,-0.5685,-0.5582,-0.5459,-0.5315,-0.5143,-0.4935,-0.4667,-0.43,-0.3773,-0.3022,-0.2045,-0.1038,-0.0293,0.0298,0.1162,0.2262,0.3025,0.3965,0.633,0.6816,0.272,-0.1695,-0.4037,-0.4133,-0.4972,-0.6862,-0.7044,-0.5844,-0.4386,-0.3457,-0.3238,-0.3386,-0.3611,-0.5722,-0.5664,-0.5591,-0.5501,-0.5392,-0.5263,-0.5111,-0.4928,-0.4706,-0.4427,-0.4067,-0.3597,-0.3003,-0.2309,-0.1597,-0.0939,-0.029,0.0461,0.1347,0.2503,0.4812,0.9172,1.0465,0.4974,-0.0412,-0.3438,-0.4813,-0.6923,-0.9985,-0.9304,-0.7258,-0.5622,-0.4601,-0.4113,-0.3961,-0.3965,-0.5577,-0.5513,-0.5434,-0.5339,-0.5226,-0.5093,-0.4936,-0.475,-0.4526,-0.4253,-0.3917,-0.3508,-0.3024,-0.2482,-0.1915,-0.1341,-0.0742,-0.0064,0.0771,0.1979,0.4013,0.6723,0.7192,0.3789,-0.0223,-0.3095,-0.5228,-0.7898,-1.0409,-0.9674,-0.7704,-0.618,-0.5208,-0.4651,-0.4369,-0.4249]},{"header":{"la1":42.85,"la2":41.18,"lo1":11.55,"lo2":14.05,"nx":36,"ny":24,"dx":0.07143,"dy":0.07261,"parameterCategory":2,"parameterNumber":3,"parameterNumberName":"northward_wind","parameterUnit":"m.s-1"},"data":[-0.4393,-0.4434,-0.4465,-0.4483,-0.4485,-0.4467,-0.4424,-0.435,-0.4242,-0.4096,-0.3916,-0.3707,-0.3477,-0.3233,-0.2981,-0.273,-0.2488,-0.2269,-0.2087,-0.195,-0.1861,-0.1811,-0.1789,-0.1786,-0.1793,-0.1806,-0.1824,-0.1845,-0.1869,-0.1897,-0.1927,-0.196,-0.1994,-0.203,-0.2066,-0.2102,-0.4535,-0.4591,-0.4637,-0.467,-0.4687,-0.4682,-0.4651,-0.4583,-0.447,-0.4307,-0.4098,-0.3851,-0.3578,-0.3288,-0.2986,-0.2679,-0.2378,-0.2104,-0.1882,-0.1732,-0.1653,-0.1628,-0.1635,-0.1658,-0.1686,-0.1716,-0.1746,-0.1778,-0.1811,-0.1847,-0.1885,-0.1926,-0.1968,-0.2011,-0.2054,-0.2095,-0.4689,-0.4762,-0.4826,-0.4876,-0.4911,-0.4927,-0.4915,-0.4861,-0.4749,-0.4566,-0.4318,-0.4023,-0.3699,-0.3356,-0.2994,-0.2614,-0.2227,-0.1866,-0.1581,-0.1417,-0.1369,-0.1396,-0.1455,-0.1518,-0.1574,-0.1623,-0.1667,-0.171,-0.1753,-0.1798,-0.1845,-0.1894,-0.1945,-0.1996,-0.2046,-0.2094,-0.4852,-0.4947,-0.5031,-0.5101,-0.5157,-0.5197,-0.5215,-0.519,-0.5088,-0.4882,-0.4583,-0.4226,-0.3842,-0.3442,-0.3015,-0.2546,-0.203,-0.1515,-0.1116,-0.0941,-0.0975,-0.111,-0.1255,-0.1373,-0.1462,-0.1531,-0.1589,-0.1642,-0.1695,-0.1749,-0.1806,-0.1865,-0.1925,-0.1986,-0.2045,-0.2101,-0.5028,-0.5147,-0.5254,-0.5345,-0.5421,-0.5484,-0.5536,-0.5558,-0.5487,-0.5258,-0.4888,-0.4452,-0.4005,-0.3555,-0.3074,-0.2506,-0.1803,-0.1005,-0.0366,-0.02,-0.0444,-0.0783,-0.1054,-0.1237,-0.1359,-0.1445,-0.1514,-0.1576,-0.1638,-0.1702,-0.177,-0.184,-0.1912,-0.1983,-0.2052,-0.2117,-0.5215,-0.5365,-0.55,-0.5613,-0.5704,-0.5776,-0.584,-0.5898,-0.5885,-0.565,-0.5207,-0.4688,-0.4182,-0.3707,-0.3209,-0.2571,-0.1646,-0.0375,0.0772,0.0861,0.0162,-0.0491,-0.0899,-0.1133,-0.1274,-0.1367,-0.1442,-0.1511,-0.1581,-0.1657,-0.1737,-0.1821,-0.1907,-0.1991,-0.2071,-0.2145,-0.5414,-0.5606,-0.5779,-0.5918,-0.602,-0.6085,-0.6107,-0.6075,-0.6059,-0.5938,-0.5507,-0.4918,-0.4364,-0.3911,-0.348,-0.2868,-0.1812,-0.0098,0.1697,0.166,0.0469,-0.0392,-0.0845,-0.1078,-0.121,-0.1298,-0.1371,-0.1445,-0.1525,-0.1613,-0.1709,-0.181,-0.1912,-0.2012,-0.2105,-0.219,-0.5621,-0.5874,-0.6105,-0.6284,-0.6401,-0.6476,-0.6491,-0.6368,-0.6278,-0.6314,-0.5895,-0.5163,-0.4531,-0.4173,-0.3976,-0.3551,-0.2545,-0.0933,0.0682,0.0833,0.0029,-0.0582,-0.0902,-0.1065,-0.1159,-0.123,-0.1298,-0.1376,-0.1467,-0.1572,-0.1688,-0.181,-0.1933,-0.2052,-0.2161,-0.2257,-0.5825,-0.6165,-0.6493,-0.6738,-0.6868,-0.6984,-0.7182,-0.7436,-0.7712,-0.7638,-0.6693,-0.5444,-0.4614,-0.447,-0.4899,-0.4906,-0.374,-0.2259,-0.1116,-0.0672,-0.0742,-0.0897,-0.0999,-0.1058,-0.1103,-0.1152,-0.1216,-0.1299,-0.1405,-0.1532,-0.1674,-0.1825,-0.1975,-0.2118,-0.2245,-0.2354,-0.5993,-0.6442,-0.6924,-0.7296,-0.7387,-0.7499,-0.8003,-0.9017,-1.0657,-1.0874,-0.8158,-0.5632,-0.4439,-0.4574,-0.6473,-0.7532,-0.4932,-0.3055,-0.2067,-0.1525,-0.1245,-0.1106,-0.1038,-0.1013,-0.102,-0.1055,-0.1118,-0.1212,-0.1338,-0.1495,-0.1674,-0.1863,-0.2049,-0.2221,-0.237,-0.2491,-0.6073,-0.661,-0.7254,-0.781,-0.7801,-0.7862,-0.8668,-1.0182,-1.4327,-1.6509,-0.948,-0.5274,-0.3822,-0.3921,-0.5932,-0.751,-0.4606,-0.3093,-0.2439,-0.1889,-0.1432,-0.1132,-0.0969,-0.0905,-0.0904,-0.094,-0.1007,-0.1112,-0.1265,-0.1463,-0.1693,-0.1935,-0.217,-0.238,-0.2553,-0.2683,-0.6014,-0.6551,-0.7191,-0.7739,-0.7776,-0.8088,-0.9243,-1.0351,-1.1968,-1.2984,-0.7624,-0.3961,-0.2954,-0.3423,-0.344,-0.3442,-0.2955,-0.3162,-0.31,-0.2163,-0.1397,-0.0967,-0.0777,-0.0739,-0.0779,-0.0836,-0.0898,-0.1006,-0.1188,-0.1442,-0.1745,-0.2064,-0.2364,-0.2621,-0.2817,-0.2952,-0.5815,-0.6266,-0.6758,-0.7168,-0.7445,-0.8128,-0.9596,-1.1094,-1.0155,-0.7858,-0.456,-0.2118,-0.1628,-0.3346,-0.2821,-0.1386,-0.1486,-0.4612,-0.4699,-0.224,-0.1056,-0.0566,-0.0448,-0.0541,-0.0724,-0.0831,-0.0833,-0.0899,-0.1107,-0.1441,-0.1852,-0.2282,-0.2674,-0.2987,-0.3202,-0.3324,-0.5521,-0.5863,-0.6218,-0.6553,-0.6931,-0.7613,-0.8765,-0.9911,-0.8867,-0.5447,-0.2462,-0.0877,-0.0364,0.2301,0.0362,0.1636,0.2437,-0.1509,-0.2663,-0.1136,-0.015,0.0202,0.0073,-0.0295,-0.0759,-0.0968,-0.0809,-0.0772,-0.1013,-0.1471,-0.2051,-0.265,-0.3171,-0.3547,-0.3762,-0.3837,-0.518,-0.5423,-0.5669,-0.5913,-0.6193,-0.6578,-0.7017,-0.7032,-0.5615,-0.2924,-0.0653,0.0639,0.1878,0.4629,0.244,0.6618,1.268,0.4451,0.072,0.0601,0.1538,0.1613,0.0881,0.016,-0.0452,-0.0737,-0.0556,-0.0513,-0.0868,-0.1549,-0.2408,-0.3275,-0.3979,-0.4413,-0.4574,-0.4535,-0.4824,-0.498,-0.5126,-0.5253,-0.5358,-0.5412,-0.5285,-0.4663,-0.319,-0.101,0.0797,0.3035,0.2614,0.2506,0.2569,0.5925,0.9743,0.4251,0.1122,0.1678,0.4434,0.3815,0.1786,0.0789,0.0377,0.0245,0.0282,0.0084,-0.0594,-0.1691,-0.3029,-0.4342,-0.531,-0.5753,-0.5736,-0.5453,-0.4475,-0.4556,-0.4613,-0.4629,-0.4579,-0.4412,-0.4022,-0.3258,-0.2018,-0.0446,0.0796,0.1721,0.2336,0.2412,0.1678,0.2097,0.225,0.0147,-0.1331,0.0644,0.4716,0.3989,0.1908,0.1259,0.1447,0.1882,0.1954,0.1262,-0.0093,-0.1918,-0.4067,-0.6152,-0.7504,-0.779,-0.7322,-0.6582,-0.4148,-0.4168,-0.4154,-0.4086,-0.3938,-0.3667,-0.3214,-0.2522,-0.1595,-0.0565,0.0316,0.1025,0.1945,0.1977,0.0146,-0.0675,-0.1005,-0.3547,-0.609,-0.2509,0.0525,0.1345,0.1164,0.1556,0.2905,0.4734,0.5088,0.3236,0.0639,-0.2244,-0.5629,-0.9047,-1.0933,-1.0632,-0.9243,-0.779,-0.3852,-0.3827,-0.3763,-0.3643,-0.3448,-0.315,-0.2723,-0.2156,-0.1479,-0.0777,-0.0158,0.0319,0.0554,-0.0109,-0.2519,-0.343,-0.2328,-0.3747,-0.5096,-0.3406,-0.1702,-0.0432,0.0408,0.1716,0.4517,0.9094,1.0051,0.5418,0.121,-0.261,-0.7336,-1.2639,-1.5125,-1.3628,-1.0959,-0.8744,-0.3592,-0.3536,-0.3441,-0.3296,-0.3088,-0.2802,-0.2432,-0.1982,-0.1484,-0.0992,-0.0578,-0.0324,-0.0379,-0.1064,-0.2554,-0.3081,-0.2476,-0.2935,-0.3691,-0.3892,-0.2518,-0.1303,-0.0282,0.1295,0.4365,0.9662,1.0821,0.4783,0.0808,-0.2823,-0.7821,-1.4044,-1.684,-1.4687,-1.1487,-0.9021,-0.337,-0.3294,-0.3184,-0.3031,-0.2829,-0.2572,-0.2261,-0.1908,-0.1537,-0.1188,-0.0913,-0.0775,-0.0859,-0.1242,-0.1811,-0.2121,-0.2203,-0.2545,-0.309,-0.3179,-0.2484,-0.1896,-0.1261,0.0073,0.204,0.3284,0.1523,0.0868,-0.0471,-0.2841,-0.6431,-1.1093,-1.3615,-1.2605,-1.0404,-0.8475,-0.3182,-0.3096,-0.298,-0.2831,-0.2645,-0.2421,-0.2163,-0.1885,-0.1604,-0.1351,-0.1161,-0.1071,-0.1118,-0.1306,-0.1565,-0.1784,-0.1968,-0.2205,-0.2443,-0.2502,-0.2489,-0.2847,-0.2837,-0.1468,0.0046,0.0239,-0.088,-0.08,-0.1865,-0.3034,-0.4777,-0.7365,-0.9238,-0.9397,-0.8514,-0.7416,-0.3025,-0.2935,-0.2822,-0.2681,-0.2514,-0.2321,-0.2109,-0.1887,-0.1671,-0.1481,-0.1341,-0.127,-0.1284,-0.1377,-0.1517,-0.1668,-0.1821,-0.1981,-0.2134,-0.2287,-0.2659,-0.357,-0.3865,-0.2413,-0.103,-0.0614,-0.094,-0.1981,-0.3565,-0.356,-0.395,-0.5203,-0.6409,-0.6914,-0.6761,-0.6284,-0.2896,-0.2807,-0.2698,-0.2569,-0.2421,-0.2256,-0.208,-0.1901,-0.1731,-0.1583,-0.1473,-0.1412,-0.1406,-0.145,-0.1531,-0.1631,-0.1742,-0.186,-0.1989,-0.217,-0.2519,-0.305,-0.3124,-0.2329,-0.1507,-0.1232,-0.1595,-0.269,-0.3784,-0.3655,-0.364,-0.4211,-0.4916,-0.5369,-0.5474,-0.5325]}]