docs/data/wind_grid.json
[{"header":{"la1":42.85,"la2":41.18,"lo1":11.55,"lo2":14.05,"nx":36,"ny":24,"dx":0.07143,"dy":0.07261,"parameterCategory":2,"parameterNumber":2,"parameterNumberName":"eastward_wind","parameterUnit":"m.s-1"},"data":[1.1593,1.1682,1.1799,1.1939,1.2089,1.2226,1.2317,1.2327,1.2228,1.201,1.1683,1.1269,1.0791,1.0268,0.9713,0.9139,0.856,0.8001,0.7489,0.7053,0.6725,0.6541,0.6529,0.6684,0.6961,0.7302,0.7659,0.8001,0.8315,0.8598,0.8851,0.9077,0.9278,0.9459,0.9622,0.977,1.1519,1.1629,1.1787,1.1991,1.2231,1.2474,1.2671,1.2757,1.2679,1.242,1.2004,1.1479,1.0885,1.0245,0.9569,0.8864,0.8143,0.7437,0.6785,0.6223,0.5786,0.5539,0.5557,0.5839,0.6291,0.68,0.7291,0.7732,0.8117,0.8449,0.8737,0.8988,0.921,0.9406,0.9581,0.9739,1.1391,1.1516,1.1716,1.2,1.2366,1.2778,1.3161,1.3394,1.336,1.3024,1.2456,1.176,1.101,1.0228,0.941,0.8544,0.7636,0.673,0.5898,0.5181,0.4574,0.4181,0.4236,0.4762,0.5517,0.6274,0.6937,0.7489,0.7944,0.8323,0.8643,0.8917,0.9155,0.9364,0.955,0.9716,1.1191,1.1312,1.1543,1.1916,1.2452,1.3131,1.3851,1.4386,1.4449,1.3945,1.3082,1.2113,1.1153,1.0208,0.9235,0.8183,0.7023,0.5816,0.4744,0.3904,0.3069,0.2298,0.2391,0.3434,0.4706,0.5796,0.6646,0.7301,0.7815,0.8229,0.8573,0.8864,0.9116,0.9336,0.953,0.9704,1.0898,1.0981,1.1209,1.1655,1.2395,1.3468,1.4802,1.6014,1.631,1.5372,1.3897,1.2495,1.1278,1.0164,0.9047,0.7806,0.6311,0.4572,0.3064,0.2348,0.1519,-0.0154,0.0026,0.2117,0.4086,0.5496,0.6483,0.7199,0.7742,0.8173,0.8529,0.8831,0.9092,0.932,0.9522,0.9701,1.0501,1.0488,1.064,1.1095,1.2026,1.3585,1.5892,1.8586,1.951,1.7389,1.4742,1.2784,1.1315,1.0054,0.8833,0.7473,0.5646,0.2976,0.0171,0.0048,0.0768,-0.1428,-0.1105,0.1791,0.4046,0.5512,0.6494,0.7194,0.7725,0.8151,0.8508,0.8814,0.9082,0.9317,0.9525,0.9709,1.0015,0.9835,0.9795,1.0118,1.1137,1.3097,1.6275,2.0847,2.2861,1.8821,1.5053,1.2795,1.1191,0.9798,0.8493,0.719,0.5417,0.2096,-0.2918,-0.255,0.1288,0.1262,0.1439,0.3115,0.4699,0.5844,0.6656,0.7262,0.7743,0.8148,0.8499,0.8809,0.9082,0.9324,0.9538,0.9727,0.9489,0.9105,0.8802,0.882,0.9751,1.1849,1.4867,1.8544,2.002,1.7179,1.4398,1.2509,1.0911,0.9273,0.768,0.6566,0.567,0.3668,0.0534,0.0893,0.3498,0.4078,0.4203,0.4803,0.5599,0.6299,0.6861,0.7333,0.7752,0.8136,0.8488,0.8806,0.909,0.9341,0.9562,0.9755,0.899,0.8432,0.8098,0.8094,0.8484,1.0384,1.2863,1.4847,1.552,1.4807,1.3586,1.2234,1.0647,0.8412,0.549,0.4181,0.5336,0.5772,0.5069,0.4866,0.4959,0.5082,0.5534,0.5936,0.63,0.6625,0.6948,0.7303,0.7688,0.8081,0.8457,0.88,0.9103,0.9367,0.9596,0.9794,0.8555,0.7707,0.7067,0.6862,0.6563,0.8941,1.1702,1.3444,1.4321,1.4354,1.3455,1.2258,1.0764,0.7861,0.0777,-0.3054,0.3975,0.7239,0.7632,0.6887,0.5781,0.5836,0.6432,0.6638,0.6611,0.6582,0.6715,0.704,0.7482,0.7954,0.8397,0.8789,0.9123,0.9405,0.9643,0.9844,0.8283,0.694,0.4595,0.0243,0.128,0.7615,1.1556,1.343,1.4944,1.5599,1.3731,1.2471,1.1493,0.9661,0.2669,-0.2807,0.5794,0.94,1.0,0.9244,0.8184,0.7657,0.7425,0.6953,0.6276,0.5804,0.5868,0.6388,0.7079,0.7747,0.8318,0.8784,0.9159,0.946,0.9706,0.9908,0.839,0.695,0.4396,0.0669,0.1963,0.8397,1.2489,1.427,1.4268,1.4588,1.3347,1.2495,1.2236,1.2078,1.1688,0.9821,1.1014,1.2609,1.2749,1.1513,1.0199,0.9136,0.807,0.6579,0.472,0.3567,0.3963,0.5222,0.6497,0.7508,0.8259,0.8812,0.9225,0.9541,0.9788,0.9987,0.8917,0.7914,0.6596,0.5653,0.7038,1.0347,1.3133,1.7365,1.245,1.3044,1.2694,1.1801,1.214,1.3495,1.4792,1.4271,1.4365,1.5297,1.5164,1.3014,1.1375,0.9961,0.8253,0.5428,0.1226,-0.1203,0.0715,0.3731,0.5944,0.7369,0.829,0.8908,0.9339,0.9653,0.9891,1.008,0.965,0.9141,0.8718,0.8784,0.9763,1.1282,1.2268,1.1209,1.1526,1.2707,1.2556,1.0491,1.0133,1.4678,1.53,1.7574,1.6575,1.5386,1.4829,1.3304,1.1665,1.0214,0.8359,0.4585,-0.2427,-0.659,-0.2041,0.2941,0.5868,0.7512,0.8486,0.9101,0.951,0.9798,1.0013,1.0183,1.0368,1.0177,1.0135,1.0394,1.1005,1.1746,1.222,1.2303,1.2619,1.3161,1.3331,1.2947,1.3348,1.4096,1.5763,1.8224,1.6288,1.5695,1.4652,1.2886,1.0655,0.9598,0.8697,0.5782,0.0115,-0.3352,0.001,0.4116,0.6618,0.8032,0.8867,0.9388,0.9728,0.9965,1.0144,1.029,1.0976,1.0949,1.1041,1.1299,1.1705,1.2156,1.2531,1.2841,1.3236,1.3791,1.45,1.4007,1.4009,1.4449,1.5448,1.6319,1.6177,1.6087,1.5222,1.2105,0.6687,0.7296,0.9057,0.8092,0.5614,0.4042,0.4916,0.6625,0.7944,0.8803,0.9358,0.9719,0.9958,1.0128,1.0265,1.0387,1.1463,1.1515,1.165,1.188,1.2187,1.2527,1.2862,1.32,1.3585,1.4048,1.4516,1.4307,1.4195,1.4392,1.5739,1.6656,1.7085,1.7817,1.7874,1.3841,0.6293,0.7378,1.0095,1.0144,0.9237,0.8625,0.8639,0.8919,0.9242,0.9553,0.9818,1.0011,1.014,1.0245,1.0351,1.0463,1.1849,1.1939,1.2087,1.2295,1.2552,1.2839,1.3142,1.346,1.3794,1.4125,1.4381,1.4532,1.4517,1.4937,1.7718,1.9231,1.912,2.1159,2.389,1.9126,1.413,1.2382,1.2369,1.194,1.1314,1.1047,1.0861,1.0414,1.0112,1.0065,1.0125,1.0175,1.0205,1.0272,1.0385,1.0513,1.2158,1.2266,1.2416,1.2609,1.2839,1.3096,1.3373,1.3668,1.3975,1.4286,1.4605,1.4995,1.5644,1.7496,2.2955,2.5191,2.1164,2.1911,2.3711,2.2905,1.9311,1.6347,1.4725,1.344,1.2395,1.2301,1.2275,1.1071,1.0394,1.0261,1.0252,1.018,1.0119,1.0208,1.038,1.055,1.2407,1.2524,1.2674,1.2856,1.3069,1.3306,1.3567,1.3847,1.4151,1.4485,1.4887,1.5453,1.6443,1.8541,2.2524,2.3887,2.1427,2.1988,2.6106,2.8087,2.231,1.8887,1.6876,1.4822,1.28,1.2272,1.2257,1.0266,0.9957,1.0197,1.0302,1.0167,1.0049,1.0182,1.041,1.0612,1.2611,1.2733,1.288,1.3055,1.3255,1.348,1.3728,1.4001,1.4306,1.4659,1.51,1.5709,1.6634,1.8052,1.974,2.0508,2.0459,2.144,2.3939,2.4741,2.2421,2.1184,1.9972,1.6929,1.3091,0.9604,0.5996,0.6846,0.9064,1.0118,1.0424,1.0355,1.0258,1.0356,1.0548,1.0731,1.278,1.2902,1.3047,1.3216,1.3407,1.3621,1.3859,1.4124,1.4426,1.4779,1.5212,1.5771,1.6506,1.7414,1.8328,1.8978,1.9483,2.0299,2.1396,2.207,2.291,2.5704,2.6255,2.0701,1.4176,0.8064,0.2621,0.5333,0.9387,1.0545,1.0735,1.0691,1.0628,1.0664,1.0775,1.0903,1.2919,1.3041,1.3183,1.3345,1.3528,1.3732,1.396,1.4216,1.4506,1.4842,1.5241,1.5722,1.6294,1.6933,1.7567,1.8133,1.8685,1.9348,2.0165,2.1304,2.3918,2.9485,3.1234,2.3676,1.5963,1.0457,0.7576,0.9087,1.1494,1.1453,1.1166,1.1038,1.0976,1.0974,1.1025,1.11,1.3034,1.3155,1.3293,1.3449,1.3623,1.3818,1.4034,1.4276,1.4548,1.4858,1.5214,1.5621,1.6079,1.6569,1.7064,1.7549,1.8052,1.8634,1.9397,2.0614,2.291,2.6247,2.6798,2.2204,1.6733,1.2775,1.0852,1.1035,1.1821,1.1701,1.1442,1.1319,1.1262,1.1245,1.126,1.1298]},{"header":{"la1":42.85,"la2":41.18,"lo1":11.55,"lo2":14.05,"nx":36,"ny":24,"dx":0.07143,"dy":0.07261,"parameterCategory":2,"parameterNumber":3,"parameterNumberName":"northward_wind","parameterUnit":"m.s-1"},"data":[0.2677,0.2821,0.2953,0.3069,0.3165,0.3232,0.3255,0.3209,0.3078,0.2865,0.2593,0.2295,0.2004,0.1736,0.1497,0.1285,0.1091,0.0904,0.0714,0.0517,0.0318,0.0132,-0.0032,-0.0172,-0.0294,-0.0404,-0.0505,-0.06,-0.0688,-0.0771,-0.0847,-0.0917,-0.0981,-0.104,-0.1093,-0.1141,0.2952,0.3135,0.3305,0.3463,0.361,0.3738,0.3823,0.3815,0.3672,0.3388,0.3011,0.2607,0.2231,0.1906,0.1636,0.1408,0.1208,0.1014,0.0805,0.057,0.0322,0.0092,-0.0095,-0.0239,-0.0358,-0.0465,-0.0565,-0.066,-0.075,-0.0833,-0.091,-0.0981,-0.1045,-0.1103,-0.1156,-0.1203,0.3264,0.3496,0.3712,0.3917,0.413,0.4359,0.4571,0.4665,0.4523,0.4118,0.3552,0.2973,0.2475,0.2082,0.1782,0.1549,0.1359,0.1176,0.0955,0.0659,0.0312,0.0001,-0.0211,-0.0342,-0.0443,-0.054,-0.0637,-0.0731,-0.0821,-0.0905,-0.0982,-0.1053,-0.1116,-0.1174,-0.1225,-0.1271,0.3623,0.3921,0.4189,0.4439,0.4721,0.5103,0.5574,0.5936,0.5849,0.5197,0.426,0.3385,0.2718,0.2253,0.1934,0.1713,0.1561,0.1436,0.1239,0.0844,0.0278,-0.0206,-0.0422,-0.049,-0.055,-0.063,-0.0722,-0.0815,-0.0904,-0.0987,-0.1064,-0.1133,-0.1196,-0.1251,-0.1301,-0.1345,0.4044,0.4443,0.4782,0.5053,0.536,0.5923,0.6895,0.7962,0.8113,0.6867,0.5145,0.3785,0.2918,0.2403,0.2094,0.1906,0.1827,0.1862,0.1838,0.1317,0.0247,-0.0616,-0.0744,-0.0661,-0.0667,-0.0734,-0.0821,-0.0912,-0.1,-0.1082,-0.1156,-0.1223,-0.1283,-0.1337,-0.1384,-0.1425,0.4538,0.512,0.5597,0.5855,0.6025,0.6634,0.8361,1.1124,1.2094,0.9268,0.5997,0.4013,0.3012,0.2532,0.2284,0.2137,0.213,0.247,0.3095,0.256,0.0505,-0.0888,-0.0915,-0.078,-0.0788,-0.0854,-0.0939,-0.1026,-0.1111,-0.1189,-0.126,-0.1324,-0.138,-0.143,-0.1474,-0.1511,0.5081,0.6007,0.6853,0.7148,0.6815,0.6915,0.8961,1.3895,1.6432,1.0905,0.6044,0.3816,0.2954,0.2677,0.2584,0.2468,0.239,0.286,0.4476,0.411,0.0848,-0.0625,-0.0878,-0.0911,-0.0945,-0.1004,-0.1079,-0.116,-0.1238,-0.131,-0.1376,-0.1434,-0.1486,-0.1532,-0.1571,-0.1605,0.5542,0.6999,0.8766,0.9565,0.8077,0.6665,0.7421,1.0719,1.2305,0.8053,0.4513,0.3103,0.2788,0.2951,0.3202,0.3137,0.2699,0.2491,0.2959,0.1958,-0.1022,-0.1821,-0.1452,-0.1226,-0.1164,-0.1186,-0.1244,-0.1313,-0.1382,-0.1446,-0.1504,-0.1555,-0.1602,-0.1642,-0.1676,-0.1705,0.5642,0.7466,1.0429,1.2722,0.9256,0.5965,0.488,0.4905,0.4375,0.2898,0.2102,0.2151,0.265,0.3498,0.4583,0.4798,0.3507,0.2163,0.1107,-0.0908,-0.428,-0.3874,-0.2212,-0.157,-0.1395,-0.1385,-0.143,-0.1487,-0.1543,-0.1595,-0.1643,-0.1686,-0.1726,-0.176,-0.1789,-0.1812,0.5179,0.6604,0.8617,0.9795,0.7029,0.454,0.2748,0.11,-0.1096,-0.1965,-0.0302,0.1338,0.2641,0.4169,0.7141,0.8672,0.4786,0.2159,0.0563,-0.1208,-0.3335,-0.3276,-0.2204,-0.1711,-0.1583,-0.1593,-0.1637,-0.168,-0.1719,-0.1755,-0.1791,-0.1826,-0.1858,-0.1886,-0.1909,-0.1926,0.4353,0.5069,0.536,0.4445,0.4202,0.3138,0.1334,-0.0717,-0.5195,-0.7486,-0.2035,0.1012,0.2897,0.4471,0.6932,0.8773,0.433,0.1671,0.0291,-0.0724,-0.1623,-0.1938,-0.1819,-0.1735,-0.1766,-0.1833,-0.1878,-0.1896,-0.1907,-0.1924,-0.1946,-0.1972,-0.1998,-0.2021,-0.2038,-0.2049,0.3496,0.3864,0.3997,0.3902,0.3587,0.2157,0.0593,-0.0529,-0.2694,-0.4606,-0.1312,0.1268,0.3586,0.6301,0.5184,0.4008,0.2247,0.0378,-0.045,-0.0761,-0.1164,-0.1484,-0.1674,-0.1841,-0.2025,-0.2153,-0.2167,-0.2129,-0.2099,-0.2093,-0.2104,-0.2124,-0.2146,-0.2164,-0.2176,-0.2179,0.2718,0.2922,0.3017,0.293,0.2389,0.1366,0.0516,-0.1513,0.1033,-0.0808,-0.0225,0.1674,0.3254,0.6582,0.4632,0.2689,0.1175,-0.1247,-0.1506,-0.1083,-0.1257,-0.1521,-0.1774,-0.2059,-0.2393,-0.2577,-0.2488,-0.2352,-0.2277,-0.2255,-0.2262,-0.2282,-0.2303,-0.2319,-0.2325,-0.232,0.2019,0.209,0.2057,0.1846,0.1396,0.0882,0.0839,0.2164,0.1404,-0.0751,-0.0806,0.2186,0.3231,0.1057,0.1994,0.3443,0.1404,-0.0868,-0.1329,-0.1344,-0.1533,-0.1746,-0.1969,-0.227,-0.2694,-0.2915,-0.2708,-0.2509,-0.2422,-0.2404,-0.2419,-0.2447,-0.2474,-0.2489,-0.2488,-0.2472,0.1405,0.1378,0.1259,0.1018,0.0669,0.0329,0.017,0.0056,-0.093,-0.2771,-0.3972,-0.3157,-0.237,-0.5425,0.0195,0.3308,-0.4528,-0.1952,-0.1608,-0.1727,-0.1893,-0.2021,-0.2172,-0.2385,-0.2658,-0.2803,-0.2696,-0.258,-0.2535,-0.2542,-0.258,-0.2629,-0.2667,-0.2683,-0.2671,-0.2639,0.0877,0.0787,0.0621,0.037,0.0044,-0.0325,-0.0752,-0.1441,-0.284,-0.5518,-0.9801,-0.9239,-0.6766,-0.4181,-0.2148,-0.1892,-0.4259,-0.2701,-0.219,-0.2156,-0.2095,-0.2165,-0.2361,-0.2514,-0.2623,-0.2675,-0.2661,-0.2632,-0.2633,-0.2677,-0.2753,-0.2838,-0.2898,-0.2911,-0.2879,-0.282,0.0429,0.03,0.0107,-0.0158,-0.0496,-0.0921,-0.1489,-0.2352,-0.3781,-0.619,-0.9371,-0.8514,-0.8623,-0.8718,-0.4572,-0.324,-0.3057,-0.2805,-0.264,-0.2566,-0.2185,-0.2311,-0.2632,-0.2751,-0.2765,-0.2742,-0.2711,-0.2692,-0.2717,-0.2805,-0.2945,-0.3093,-0.3186,-0.3186,-0.3114,-0.3012,0.0052,-0.0102,-0.0312,-0.0585,-0.0933,-0.1376,-0.1961,-0.2765,-0.3877,-0.5282,-0.6495,-0.7023,-0.8744,-0.9002,-0.6028,-0.5029,-0.3946,-0.3032,-0.2409,-0.3197,-0.319,-0.3098,-0.3156,-0.3111,-0.2972,-0.2848,-0.2768,-0.271,-0.275,-0.2912,-0.3156,-0.3412,-0.3549,-0.3505,-0.336,-0.3199,-0.0264,-0.0432,-0.0649,-0.0923,-0.1264,-0.1688,-0.222,-0.2884,-0.3683,-0.454,-0.5283,-0.5876,-0.6479,-0.6607,-0.736,-0.7919,-0.5187,-0.3831,-0.3596,-0.5162,-0.4707,-0.4196,-0.3927,-0.3582,-0.3134,-0.2899,-0.2844,-0.2614,-0.2678,-0.2978,-0.3361,-0.3746,-0.3922,-0.3798,-0.3566,-0.3351,-0.0528,-0.0702,-0.0918,-0.1183,-0.1503,-0.1888,-0.2346,-0.2877,-0.3464,-0.4057,-0.459,-0.5041,-0.5428,-0.5876,-0.6971,-0.7285,-0.5584,-0.5165,-0.7237,-0.8426,-0.6197,-0.5442,-0.5061,-0.4294,-0.3266,-0.2777,-0.2717,-0.2087,-0.244,-0.3034,-0.3507,-0.389,-0.4053,-0.3908,-0.3664,-0.3441,-0.0747,-0.0921,-0.113,-0.1379,-0.1672,-0.2012,-0.24,-0.2827,-0.3278,-0.3723,-0.4132,-0.4494,-0.4828,-0.5202,-0.5624,-0.5667,-0.531,-0.5491,-0.662,-0.7185,-0.6857,-0.7323,-0.729,-0.573,-0.356,-0.1524,0.0557,-0.0247,-0.2234,-0.3333,-0.3713,-0.3857,-0.3915,-0.3831,-0.3657,-0.3472,-0.0928,-0.1097,-0.1296,-0.1527,-0.1791,-0.2088,-0.2416,-0.2767,-0.3127,-0.348,-0.3811,-0.4112,-0.4391,-0.4656,-0.4877,-0.4977,-0.5044,-0.535,-0.5972,-0.6738,-0.8249,-1.1245,-1.2043,-0.8413,-0.4411,-0.0806,0.2585,0.0413,-0.346,-0.4536,-0.4331,-0.4046,-0.3892,-0.3774,-0.3632,-0.3478,-0.1078,-0.124,-0.1426,-0.1637,-0.1874,-0.2135,-0.2415,-0.2709,-0.3007,-0.3298,-0.3574,-0.3831,-0.4067,-0.4284,-0.4472,-0.4639,-0.4849,-0.522,-0.5862,-0.7035,-0.962,-1.4359,-1.5758,-1.0523,-0.566,-0.2501,-0.1103,-0.341,-0.7075,-0.6609,-0.5238,-0.4434,-0.4032,-0.3807,-0.3637,-0.3484,-0.1201,-0.1355,-0.1528,-0.1721,-0.1933,-0.2162,-0.2405,-0.2656,-0.2909,-0.3157,-0.3395,-0.362,-0.383,-0.4028,-0.422,-0.4427,-0.4696,-0.5106,-0.5779,-0.6962,-0.9088,-1.1935,-1.2536,-0.952,-0.619,-0.4119,-0.3688,-0.5392,-0.7591,-0.7013,-0.5591,-0.467,-0.416,-0.3861,-0.3656,-0.3492]}]