docs/data/wind_grid.json
[{"header":{"la1":42.85,"la2":41.18,"lo1":11.55,"lo2":14.05,"nx":36,"ny":24,"dx":0.07143,"dy":0.07261,"parameterCategory":2,"parameterNumber":2,"parameterNumberName":"eastward_wind","parameterUnit":"m.s-1"},"data":[2.3668,2.3836,2.4026,2.4229,2.4429,2.4594,2.4683,2.465,2.4464,2.4126,2.3673,2.3164,2.266,2.2212,2.1849,2.1584,2.1408,2.1296,2.1211,2.1119,2.1001,2.0854,2.0689,2.0522,2.0362,2.022,2.0097,1.9995,1.9914,1.9852,1.9806,1.9776,1.9757,1.9749,1.9749,1.9755,2.3761,2.3975,2.4232,2.4529,2.4849,2.5152,2.5371,2.5417,2.522,2.4771,2.4139,2.3432,2.2754,2.2178,2.1746,2.1469,2.1334,2.1292,2.1274,2.1216,2.1089,2.0902,2.0685,2.0466,2.0266,2.0093,1.9951,1.9838,1.9752,1.969,1.9648,1.9623,1.9611,1.9611,1.9619,1.9634,2.382,2.4081,2.4416,2.4832,2.5326,2.5856,2.6318,2.6542,2.6356,2.5722,2.4783,2.3759,2.2822,2.207,2.1553,2.1287,2.1248,2.1357,2.1475,2.1474,2.1309,2.1029,2.0712,2.0411,2.0152,1.9941,1.9775,1.9651,1.9562,1.9503,1.9467,1.9451,1.945,1.946,1.9479,1.9503,2.3827,2.4127,2.4537,2.5092,2.582,2.6708,2.7632,2.8264,2.8159,2.7176,2.5674,2.4131,2.2816,2.1828,2.1209,2.0988,2.1152,2.1576,2.1978,2.2056,2.1758,2.1268,2.0767,2.0341,2.0003,1.9747,1.9558,1.9424,1.9336,1.9284,1.9261,1.9259,1.9272,1.9296,1.9327,1.9363,2.3759,2.4074,2.4539,2.5226,2.6226,2.7629,2.9391,3.0973,3.1168,2.9426,2.6828,2.4467,2.2647,2.136,2.061,2.0472,2.1008,2.2086,2.3106,2.3262,2.2555,2.1612,2.081,2.0215,1.979,1.9489,1.9281,1.9145,1.9065,1.9029,1.9024,1.9042,1.9075,1.9117,1.9164,1.9215,2.3595,2.3884,2.4353,2.5113,2.634,2.8308,3.1331,3.4951,3.606,3.2545,2.7962,2.4545,2.2182,2.0538,1.9582,1.9517,2.061,2.2905,2.5269,2.5382,2.3631,2.1905,2.0727,1.9969,1.9471,1.9139,1.8923,1.8795,1.8736,1.8727,1.8752,1.88,1.8859,1.8924,1.899,1.9057,2.3324,2.3524,2.3908,2.4624,2.59,2.8135,3.2089,3.8151,4.0835,3.4603,2.8073,2.4033,2.1307,1.9216,1.7827,1.7675,1.9313,2.3038,2.7294,2.7184,2.4095,2.1722,2.0341,1.9523,1.9003,1.8664,1.8457,1.8355,1.8335,1.8371,1.8442,1.853,1.8624,1.8717,1.8807,1.8893,2.2949,2.2976,2.3152,2.3667,2.477,2.6721,2.9942,3.4614,3.6438,3.1369,2.6265,2.2898,2.0114,1.7282,1.4794,1.4125,1.6163,2.0282,2.451,2.4862,2.2554,2.0679,1.9549,1.8837,1.8352,1.8027,1.7847,1.7795,1.7843,1.7952,1.8091,1.8236,1.8374,1.8501,1.8616,1.8722,2.2507,2.2262,2.205,2.2166,2.3038,2.4642,2.646,2.7886,2.77,2.5766,2.3761,2.1773,1.9097,1.4878,0.9285,0.7105,1.086,1.5587,1.8919,2.0107,1.9745,1.9063,1.8464,1.7941,1.7491,1.7169,1.703,1.707,1.7237,1.7464,1.7702,1.7922,1.8114,1.8279,1.8421,1.8546,2.2086,2.1495,2.0656,1.9984,2.0734,2.2806,2.4252,2.4211,2.2685,2.1692,2.1996,2.1401,1.9196,1.3582,0.0216,-0.6523,0.5061,1.1987,1.499,1.6536,1.728,1.749,1.7322,1.6885,1.6354,1.5968,1.5891,1.611,1.6492,1.691,1.7288,1.7602,1.7854,1.8056,1.8223,1.8366,2.1828,2.0976,1.9506,1.7643,1.823,2.1826,2.3915,2.3572,1.9882,1.8016,2.1226,2.2013,2.1129,1.7618,0.3651,-0.6461,0.5859,1.0514,1.2069,1.3862,1.5451,1.6278,1.6299,1.5666,1.4752,1.4143,1.4216,1.4825,1.5605,1.6316,1.6879,1.7299,1.7607,1.7839,1.8023,1.818,2.1846,2.1044,1.9684,1.8015,1.8743,2.2512,2.5284,2.6332,2.2862,2.0374,2.2305,2.3331,2.3781,2.4472,2.152,1.3924,1.1242,0.7458,0.6931,1.0999,1.4176,1.5575,1.5512,1.4209,1.2263,1.1116,1.1672,1.3168,1.4645,1.5764,1.6532,1.7042,1.7386,1.763,1.782,1.7985,2.2108,2.1609,2.0963,2.0584,2.156,2.3879,2.6384,3.0397,2.569,2.3871,2.3926,2.4818,2.5311,2.7228,2.7189,2.0143,1.2891,-0.1246,-0.1502,0.9022,1.398,1.5609,1.5151,1.2605,0.843,0.6161,0.816,1.141,1.3867,1.5406,1.6321,1.6862,1.7193,1.742,1.7601,1.7769,2.2462,2.2262,2.2129,2.2308,2.3083,2.4331,2.5507,2.5403,2.5025,2.4558,2.4675,2.59,2.6271,2.4986,2.4529,2.1068,1.6204,0.6705,0.5096,1.1867,1.5522,1.6527,1.5563,1.188,0.5027,0.1284,0.5517,1.0608,1.3738,1.5426,1.6306,1.676,1.7009,1.7181,1.7342,1.7515,2.2784,2.2761,2.2836,2.3106,2.3619,2.427,2.4801,2.4939,2.4772,2.4638,2.4776,2.5122,2.5347,2.5977,2.404,2.0912,1.9048,1.7,1.5558,1.6815,1.7845,1.7934,1.6883,1.3597,0.7704,0.4341,0.7714,1.2011,1.4601,1.5891,1.6461,1.6678,1.6766,1.6856,1.7,1.7198,2.3029,2.3086,2.3218,2.3454,2.3788,2.4151,2.4436,2.4564,2.4588,2.4662,2.4812,2.5011,2.5006,2.4942,2.3973,2.177,2.012,2.0565,2.0592,1.9922,1.8594,1.8649,1.845,1.6665,1.3871,1.2265,1.3282,1.5057,1.6181,1.662,1.6639,1.6478,1.634,1.6351,1.6522,1.6794,2.3198,2.3285,2.3421,2.361,2.384,2.4074,2.4268,2.4402,2.4511,2.465,2.4793,2.4872,2.4878,2.4854,2.4719,2.4112,2.3659,2.4563,2.5221,2.2754,1.8936,1.9236,1.9912,1.932,1.8474,1.817,1.8297,1.8227,1.7846,1.7282,1.6607,1.5948,1.5546,1.5549,1.586,1.6298,2.3311,2.3405,2.353,2.3684,2.3857,2.4032,2.4191,2.433,2.4464,2.4607,2.4742,2.4871,2.4978,2.5212,2.6681,2.7404,2.6866,2.8722,3.1125,2.7397,2.3678,2.2217,2.1831,2.1478,2.1653,2.2584,2.2641,2.1,1.9135,1.7594,1.6177,1.4887,1.4211,1.4397,1.5047,1.5763,2.3384,2.3477,2.359,2.372,2.3863,2.4008,2.4151,2.4292,2.4437,2.4595,2.4777,2.5028,2.5481,2.6788,3.0911,3.2559,2.9108,2.9693,3.1269,3.1025,2.7919,2.5247,2.3823,2.315,2.3808,2.6719,2.7321,2.2994,1.9597,1.7423,1.5455,1.3478,1.2565,1.3177,1.4311,1.533,2.3429,2.3518,2.3621,2.3737,2.3861,2.3992,2.4127,2.4269,2.4425,2.4607,2.4844,2.521,2.5903,2.7473,3.0552,3.1555,2.9487,3.0098,3.417,3.6065,3.0639,2.7344,2.5567,2.4243,2.4058,2.7037,2.7794,2.1591,1.8496,1.6744,1.4974,1.2884,1.191,1.2735,1.4057,1.5178,2.3455,2.354,2.3635,2.3741,2.3855,2.3976,2.4107,2.425,2.4413,2.4613,2.488,2.5277,2.5926,2.698,2.8267,2.8813,2.8734,2.9703,3.2151,3.2899,3.0511,2.9063,2.7902,2.5478,2.2709,1.9995,1.5321,1.5359,1.5964,1.5523,1.4803,1.368,1.3004,1.3468,1.4435,1.5366,2.3468,2.3548,2.3637,2.3735,2.3842,2.3957,2.4084,2.4225,2.4391,2.4593,2.4857,2.5219,2.5723,2.6375,2.7041,2.7506,2.7895,2.8626,2.9627,3.0116,3.0493,3.2404,3.2698,2.81,2.2348,1.6285,1.0605,1.2379,1.3397,1.3566,1.4189,1.4353,1.4281,1.4536,1.511,1.5767,2.347,2.3546,2.363,2.3722,2.3822,2.3932,2.4053,2.4191,2.4351,2.4544,2.4784,2.5089,2.5468,2.5907,2.6348,2.6748,2.716,2.7691,2.8336,2.9159,3.1056,3.5199,3.6488,3.0311,2.329,1.767,1.4105,1.2588,1.0165,1.1027,1.318,1.4415,1.4948,1.5314,1.5741,1.6219,2.3463,2.3536,2.3615,2.3701,2.3796,2.3899,2.4014,2.4144,2.4293,2.4469,2.4679,2.4929,2.522,2.5541,2.587,2.62,2.6554,2.6977,2.7532,2.8419,3.013,3.2647,3.296,2.8911,2.3628,1.9173,1.5808,1.2617,0.9775,1.068,1.2981,1.4522,1.5348,1.5847,1.6253,1.6644]},{"header":{"la1":42.85,"la2":41.18,"lo1":11.55,"lo2":14.05,"nx":36,"ny":24,"dx":0.07143,"dy":0.07261,"parameterCategory":2,"parameterNumber":3,"parameterNumberName":"northward_wind","parameterUnit":"m.s-1"},"data":[0.4836,0.5142,0.5482,0.5846,0.6217,0.6558,0.6822,0.6958,0.6932,0.6747,0.6446,0.6091,0.5743,0.5441,0.5204,0.503,0.4902,0.4788,0.465,0.4452,0.4179,0.3841,0.3459,0.3063,0.2674,0.2307,0.1969,0.1665,0.1394,0.1154,0.0943,0.0757,0.0595,0.0453,0.033,0.0224,0.4937,0.53,0.5723,0.6203,0.6721,0.7234,0.7661,0.7903,0.7882,0.7596,0.7129,0.6602,0.6117,0.5731,0.5464,0.531,0.524,0.52,0.5119,0.4931,0.461,0.4181,0.3694,0.3197,0.2725,0.2294,0.191,0.1573,0.1279,0.1023,0.0803,0.0612,0.0447,0.0306,0.0185,0.0081,0.4993,0.5414,0.593,0.6554,0.7283,0.807,0.8793,0.9252,0.9257,0.8782,0.801,0.7192,0.65,0.6002,0.5708,0.5603,0.5648,0.5762,0.5806,0.5642,0.5227,0.4635,0.3977,0.3336,0.2756,0.2249,0.1815,0.1444,0.113,0.0862,0.0635,0.0442,0.0278,0.0139,0.0021,-0.0077,0.4984,0.5451,0.6058,0.6847,0.7856,0.9072,1.0347,1.1289,1.1389,1.0522,0.9154,0.7842,0.6852,0.6219,0.5909,0.5893,0.6145,0.6564,0.6878,0.6759,0.6135,0.5231,0.4294,0.3452,0.2741,0.2152,0.1669,0.127,0.094,0.0666,0.0437,0.0246,0.0086,-0.0048,-0.016,-0.0252,0.4886,0.5372,0.6041,0.6983,0.8312,1.0144,1.2422,1.4485,1.4909,1.3141,1.0563,0.8457,0.7097,0.6337,0.603,0.6138,0.6713,0.7719,0.8638,0.8575,0.7437,0.5938,0.4579,0.3488,0.2638,0.1976,0.1455,0.1039,0.0704,0.043,0.0206,0.0021,-0.0132,-0.0257,-0.0359,-0.0442,0.4679,0.5137,0.5806,0.6823,0.8409,1.091,1.4707,1.9204,2.0644,1.672,1.1896,0.8788,0.7126,0.6318,0.6044,0.6259,0.7189,0.915,1.1353,1.129,0.8989,0.6534,0.4674,0.3351,0.2399,0.1694,0.1159,0.0743,0.0415,0.0153,-0.006,-0.0233,-0.0374,-0.0487,-0.0578,-0.0649,0.4357,0.4719,0.5287,0.623,0.7837,1.0626,1.5547,2.3025,2.63,1.904,1.2004,0.8455,0.6862,0.6184,0.5981,0.6185,0.7176,0.9835,1.3581,1.3397,0.9706,0.6483,0.435,0.2945,0.1979,0.1286,0.0771,0.0379,0.0074,-0.0167,-0.0361,-0.0516,-0.0641,-0.0739,-0.0816,-0.0873,0.3933,0.4121,0.4461,0.5147,0.6474,0.8815,1.278,1.8604,2.0931,1.5066,0.9799,0.7361,0.6393,0.6067,0.6009,0.6061,0.6497,0.8242,1.1071,1.1011,0.8054,0.5334,0.3479,0.2236,0.1372,0.0753,0.0296,-0.0049,-0.0316,-0.0526,-0.0693,-0.0826,-0.0931,-0.1012,-0.1071,-0.1112,0.3451,0.3388,0.3351,0.3596,0.4534,0.6227,0.8266,0.9982,0.9841,0.7849,0.6461,0.6015,0.6,0.6182,0.6477,0.6439,0.5857,0.5764,0.6369,0.6249,0.495,0.344,0.2214,0.1298,0.0621,0.0121,-0.025,-0.0529,-0.0744,-0.0915,-0.1052,-0.1161,-0.1244,-0.1305,-0.1345,-0.1367,0.2992,0.264,0.2069,0.1599,0.2273,0.4054,0.5236,0.4864,0.2745,0.1735,0.3491,0.5055,0.5981,0.6632,0.7615,0.8071,0.5773,0.3834,0.2976,0.2599,0.2125,0.1497,0.0851,0.0274,-0.02,-0.0564,-0.0833,-0.1036,-0.1196,-0.1327,-0.1433,-0.1516,-0.1577,-0.1617,-0.1636,-0.1638,0.2667,0.2119,0.1072,-0.0329,0.0138,0.2945,0.4394,0.3451,-0.1707,-0.4363,0.1644,0.4924,0.6604,0.7514,0.7855,0.809,0.4693,0.1353,-0.0226,-0.0342,-0.016,-0.0184,-0.0403,-0.0706,-0.1003,-0.1239,-0.1408,-0.1538,-0.165,-0.1749,-0.1831,-0.1892,-0.1931,-0.1949,-0.1945,-0.1924,0.2544,0.2047,0.1122,-0.0075,0.049,0.3378,0.5368,0.5754,0.2164,-0.0843,0.2856,0.5756,0.789,1.0091,0.8753,0.5697,0.1595,-0.353,-0.4998,-0.3297,-0.2048,-0.1556,-0.1462,-0.1548,-0.1691,-0.181,-0.1899,-0.199,-0.2088,-0.2176,-0.2244,-0.2288,-0.2307,-0.2302,-0.2273,-0.2225,0.2579,0.2309,0.1931,0.1734,0.2543,0.4466,0.6575,0.7281,0.7495,0.4242,0.4716,0.7375,0.8704,1.1055,0.951,0.4241,-0.1505,-1.0363,-1.0661,-0.5502,-0.3376,-0.2637,-0.2334,-0.2189,-0.2116,-0.2099,-0.2192,-0.2355,-0.2506,-0.2615,-0.2681,-0.2711,-0.2709,-0.2678,-0.2622,-0.2542,0.2649,0.2583,0.2571,0.2795,0.3504,0.4751,0.6433,0.8509,0.7397,0.441,0.4431,0.9255,1.0799,0.69,0.5314,0.1087,-0.3482,-0.7551,-0.8134,-0.535,-0.4126,-0.3629,-0.3155,-0.2685,-0.2222,-0.1997,-0.2292,-0.2694,-0.2961,-0.3101,-0.316,-0.3169,-0.3143,-0.3084,-0.2993,-0.2876,0.2668,0.2702,0.2811,0.307,0.3546,0.423,0.4988,0.5324,0.4161,0.1927,0.0741,0.2154,0.3329,0.1218,0.1995,-0.3787,-0.9402,-0.5752,-0.4916,-0.4793,-0.531,-0.5124,-0.4168,-0.3326,-0.2647,-0.2331,-0.274,-0.3275,-0.3576,-0.3685,-0.3698,-0.3671,-0.3615,-0.3522,-0.3389,-0.3224,0.2611,0.2667,0.2771,0.2942,0.3177,0.3416,0.3487,0.3034,0.1574,-0.1305,-0.5718,-0.4318,-0.1992,0.0166,-0.0273,-0.3923,-0.7421,-0.4745,-0.3849,-0.5197,-0.8288,-0.7566,-0.5254,-0.4153,-0.3749,-0.3708,-0.4027,-0.4357,-0.4452,-0.4388,-0.4289,-0.4209,-0.4127,-0.3998,-0.3811,-0.3583,0.2493,0.2531,0.2586,0.2651,0.2698,0.2656,0.2389,0.1684,0.0269,-0.2191,-0.5361,-0.4195,-0.4202,-0.4554,-0.1871,-0.2108,-0.288,-0.2577,-0.2533,-0.4442,-0.862,-0.7778,-0.5458,-0.4804,-0.5098,-0.5702,-0.6091,-0.5985,-0.5577,-0.5157,-0.4878,-0.4757,-0.4679,-0.4517,-0.4253,-0.3939,0.2337,0.2344,0.2345,0.2325,0.2251,0.2068,0.169,0.1015,-0.0039,-0.1411,-0.2563,-0.297,-0.4445,-0.4688,-0.1911,-0.1205,-0.1373,-0.1298,-0.1167,-0.1991,-0.4068,-0.4843,-0.4728,-0.5278,-0.6749,-0.8592,-0.9176,-0.8118,-0.6796,-0.5846,-0.5359,-0.5266,-0.5268,-0.5068,-0.4686,-0.4261,0.2165,0.2142,0.21,0.2022,0.1885,0.165,0.1274,0.0722,-0.0002,-0.0801,-0.1477,-0.1971,-0.2397,-0.2024,-0.0618,-0.0209,-0.0672,-0.0598,-0.0272,0.0692,-0.1026,-0.2813,-0.4078,-0.5699,-0.8499,-1.2396,-1.3247,-1.0208,-0.7728,-0.6261,-0.5618,-0.5667,-0.583,-0.5556,-0.5022,-0.4487,0.1993,0.1945,0.1873,0.1764,0.16,0.1361,0.1028,0.0595,0.0086,-0.0438,-0.0894,-0.1225,-0.1356,-0.1099,-0.0494,-0.0282,-0.0357,0.0377,0.3212,0.4609,0.0698,-0.196,-0.3755,-0.5761,-0.8867,-1.3125,-1.4031,-1.0463,-0.7858,-0.6227,-0.5575,-0.5775,-0.6043,-0.5712,-0.5114,-0.455,0.1829,0.1764,0.1674,0.155,0.1382,0.1158,0.0874,0.0534,0.0158,-0.0215,-0.0539,-0.0772,-0.0869,-0.0796,-0.0615,-0.0477,-0.028,0.0429,0.1952,0.2291,-0.001,-0.2204,-0.368,-0.5324,-0.7731,-1.0057,-1.0689,-0.9554,-0.7141,-0.5518,-0.5074,-0.5336,-0.5578,-0.5356,-0.4896,-0.4427,0.1677,0.1601,0.1503,0.1375,0.1212,0.1011,0.077,0.0496,0.0206,-0.0077,-0.0325,-0.0512,-0.0618,-0.0639,-0.0599,-0.053,-0.0392,-0.01,0.021,-0.0147,-0.1565,-0.3108,-0.3774,-0.4692,-0.6602,-0.8878,-1.0882,-0.9019,-0.4912,-0.3613,-0.3925,-0.4453,-0.4759,-0.4732,-0.449,-0.4175,0.1539,0.1458,0.1356,0.123,0.1078,0.0897,0.0691,0.0465,0.0231,0.0004,-0.02,-0.0364,-0.0481,-0.055,-0.0583,-0.0593,-0.0587,-0.0592,-0.0747,-0.1324,-0.2462,-0.3648,-0.3873,-0.4254,-0.5576,-0.7086,-0.7656,-0.4729,-0.0271,-0.0843,-0.2534,-0.3537,-0.4007,-0.4137,-0.4061,-0.3881,0.1415,0.1331,0.123,0.1109,0.0968,0.0806,0.0626,0.0434,0.0237,0.0045,-0.0131,-0.0285,-0.041,-0.051,-0.0593,-0.0672,-0.0768,-0.0926,-0.1229,-0.1787,-0.2608,-0.3386,-0.3711,-0.4042,-0.4754,-0.5348,-0.491,-0.2407,0.0372,-0.0301,-0.1951,-0.298,-0.3487,-0.3684,-0.3696,-0.3602]}]