docs/data/wind_grid.json
[{"header":{"la1":42.85,"la2":41.18,"lo1":11.55,"lo2":14.05,"nx":36,"ny":24,"dx":0.07143,"dy":0.07261,"parameterCategory":2,"parameterNumber":2,"parameterNumberName":"eastward_wind","parameterUnit":"m.s-1"},"data":[1.4702,1.4755,1.4834,1.4935,1.5047,1.5149,1.5212,1.5207,1.5106,1.4899,1.4586,1.4179,1.369,1.3128,1.2503,1.1827,1.1122,1.042,0.9763,0.9191,0.8749,0.8486,0.8436,0.8593,0.8902,0.9293,0.9705,1.0102,1.0468,1.0798,1.1092,1.1355,1.1591,1.1803,1.1994,1.2167,1.462,1.4686,1.4796,1.4952,1.5141,1.5335,1.549,1.5554,1.5481,1.5253,1.4882,1.4393,1.3809,1.3138,1.2385,1.1555,1.0671,0.9779,0.8937,0.8198,0.761,0.7261,0.7243,0.7553,0.8074,0.8668,0.9243,0.976,1.0212,1.0602,1.094,1.1235,1.1495,1.1725,1.1932,1.2117,1.448,1.4549,1.469,1.4913,1.5211,1.5549,1.5861,1.605,1.6026,1.5758,1.5287,1.4679,1.3975,1.3179,1.2277,1.1256,1.0133,0.8977,0.7894,0.6943,0.6131,0.5594,0.5618,0.6226,0.7115,0.8011,0.8795,0.9447,0.9985,1.0432,1.081,1.1133,1.1414,1.1662,1.1881,1.2078,1.426,1.4309,1.4466,1.4765,1.5214,1.578,1.6367,1.6799,1.6864,1.6494,1.5829,1.5037,1.4185,1.3256,1.2195,1.0946,0.9491,0.7936,0.6531,0.5401,0.4284,0.3275,0.3351,0.4591,0.6108,0.7408,0.842,0.9198,0.9809,1.0301,1.0708,1.1053,1.1352,1.1613,1.1843,1.2049,1.3936,1.3919,1.4051,1.4414,1.5058,1.5971,1.7052,1.7999,1.8248,1.7588,1.6512,1.5438,1.4421,1.3371,1.217,1.0679,0.8768,0.6507,0.4533,0.3529,0.2376,0.0256,0.0454,0.2968,0.5329,0.7015,0.8195,0.9051,0.9699,1.0214,1.0638,1.0997,1.1307,1.1579,1.1819,1.2032,1.3497,1.3327,1.3335,1.3704,1.4575,1.5962,1.7829,1.9867,2.0563,1.908,1.7214,1.5791,1.4637,1.3514,1.2238,1.0579,0.8165,0.4652,0.1061,0.0788,0.1452,-0.131,-0.0929,0.254,0.524,0.6998,0.8178,0.9019,0.9657,1.0168,1.0595,1.096,1.1279,1.156,1.1807,1.2027,1.2962,1.2511,1.2189,1.2399,1.352,1.5448,1.8089,2.1499,2.2945,2.013,1.7533,1.5966,1.479,1.3652,1.2386,1.0776,0.8243,0.3691,-0.2679,-0.2294,0.202,0.1855,0.2058,0.4062,0.5969,0.7355,0.8341,0.9075,0.9658,1.0145,1.0567,1.0938,1.1264,1.1553,1.1808,1.2034,1.2433,1.1587,1.0611,1.029,1.179,1.4331,1.7052,1.9866,2.0956,1.9018,1.7175,1.5953,1.4883,1.3707,1.2415,1.1095,0.9284,0.5918,0.1538,0.1646,0.4227,0.4812,0.5133,0.5965,0.6981,0.7858,0.8559,0.914,0.9651,1.0116,1.0539,1.092,1.1259,1.1558,1.1821,1.2052,1.2087,1.0954,0.935,0.8214,1.0253,1.3258,1.5674,1.7266,1.7765,1.733,1.6675,1.5958,1.5018,1.3611,1.1754,1.0618,1.03,0.9032,0.7088,0.6005,0.5147,0.542,0.6483,0.7213,0.7765,0.8221,0.8647,0.9094,0.9566,1.004,1.049,1.0898,1.1259,1.1573,1.1845,1.2081,1.2044,1.0942,0.9643,0.8966,1.0185,1.2766,1.5078,1.6299,1.6609,1.6575,1.6515,1.618,1.5417,1.3681,0.9603,0.7404,1.0473,1.1134,1.0144,0.8398,0.6402,0.6491,0.7554,0.8024,0.8123,0.8172,0.8379,0.8788,0.9323,0.9885,1.0411,1.0873,1.1268,1.1601,1.1883,1.2123,1.2262,1.1231,0.9834,0.789,0.8582,1.2543,1.5296,1.6397,1.6351,1.6166,1.6619,1.6646,1.6267,1.5125,1.0881,0.7666,1.1808,1.2981,1.2489,1.1134,0.965,0.8994,0.8841,0.8432,0.7765,0.73,0.7422,0.8046,0.886,0.9643,1.0312,1.0856,1.1294,1.1647,1.1935,1.2177,1.2698,1.1785,1.036,0.838,0.9248,1.3449,1.622,1.7207,1.6903,1.6608,1.7056,1.7306,1.7265,1.7292,1.6235,1.4635,1.4709,1.4893,1.4498,1.3299,1.1921,1.0765,0.9631,0.804,0.6032,0.4794,0.5278,0.673,0.82,0.9369,1.0237,1.0876,1.1352,1.1716,1.2005,1.2242,1.3319,1.2728,1.201,1.1576,1.2648,1.5061,1.7032,1.7937,1.7671,1.7451,1.7752,1.8216,1.8091,1.781,1.7565,1.7035,1.6521,1.5966,1.5739,1.4493,1.3048,1.1608,0.9795,0.6739,0.213,-0.0541,0.1632,0.5051,0.7577,0.921,1.0266,1.0969,1.1457,1.1813,1.2089,1.2314,1.4006,1.3751,1.3595,1.38,1.4662,1.5977,1.7124,1.7728,1.7777,1.7952,1.8382,1.912,1.9191,1.7347,1.7945,1.8477,1.7771,1.6522,1.5869,1.4752,1.3207,1.1734,0.9809,0.5755,-0.1941,-0.6554,-0.1458,0.4166,0.7498,0.9376,1.0481,1.1165,1.1612,1.1929,1.2176,1.2384,1.4637,1.4601,1.4698,1.5033,1.5655,1.6434,1.7132,1.7608,1.7999,1.86,1.9169,1.9176,1.8774,1.8926,1.8344,1.8715,1.7379,1.7134,1.6142,1.4292,1.1869,1.0805,1.002,0.7002,0.0857,-0.2949,0.084,0.5498,0.8363,0.9977,1.0902,1.1447,1.1788,1.2034,1.2242,1.2435,1.5158,1.5237,1.5424,1.5753,1.622,1.6762,1.7292,1.7799,1.8425,1.9456,2.1071,1.9987,1.9418,1.8876,1.8576,1.817,1.7599,1.7636,1.6684,1.3219,0.7109,0.7909,1.0228,0.9462,0.691,0.5274,0.6337,0.8346,0.99,1.0876,1.1436,1.1734,1.1909,1.2066,1.2246,1.2444,1.5568,1.5701,1.5912,1.6212,1.6593,1.7026,1.7489,1.8,1.8653,1.9617,2.0841,2.0161,1.9708,1.967,1.9287,1.908,1.894,1.9277,1.9003,1.4767,0.6575,0.7902,1.1286,1.1676,1.089,1.0333,1.0472,1.0958,1.1449,1.1783,1.1907,1.1873,1.1836,1.1926,1.2137,1.2392,1.5886,1.6041,1.6253,1.6526,1.6853,1.7224,1.7634,1.8092,1.8622,1.9212,1.9655,1.9699,1.9811,2.0003,2.08,2.1267,2.079,2.2063,2.4087,1.9889,1.5034,1.3453,1.3801,1.3672,1.3152,1.2793,1.2679,1.2634,1.261,1.2491,1.216,1.1672,1.1377,1.1513,1.1893,1.229,1.613,1.6292,1.6497,1.6745,1.7034,1.7359,1.7716,1.8104,1.8517,1.8922,1.9255,1.9522,1.9906,2.0901,2.4221,2.5665,2.2478,2.2799,2.4105,2.3514,2.0291,1.7672,1.6391,1.5407,1.4339,1.3428,1.3226,1.3422,1.3376,1.3009,1.2212,1.1086,1.0504,1.0906,1.1615,1.2208,1.6317,1.6479,1.6673,1.69,1.7158,1.7444,1.7753,1.8082,1.8422,1.8759,1.9086,1.9454,2.0032,2.1279,2.3848,2.4708,2.2748,2.3078,2.6498,2.8202,2.3196,2.0285,1.8684,1.7082,1.5261,1.362,1.3301,1.3943,1.3982,1.3522,1.2439,1.0841,1.0068,1.0684,1.1587,1.2271,1.6461,1.6618,1.68,1.7007,1.7239,1.7492,1.7763,1.8049,1.8344,1.8647,1.897,1.9358,1.9909,2.0761,2.1803,2.2218,2.206,2.2752,2.4758,2.541,2.3483,2.2542,2.1676,1.9391,1.6727,1.5035,1.4705,1.4698,1.4596,1.4182,1.3209,1.1827,1.1062,1.1361,1.2005,1.2553,1.657,1.672,1.689,1.708,1.7289,1.7515,1.7755,1.8008,1.8271,1.8548,1.885,1.9203,1.9644,2.0182,2.0716,2.1071,2.1349,2.1912,2.2755,2.3311,2.4098,2.6596,2.717,2.2835,1.8416,1.5837,1.4904,1.5035,1.5202,1.4967,1.4223,1.3232,1.2553,1.2457,1.2692,1.2993,1.6652,1.6794,1.6952,1.7126,1.7315,1.7518,1.7733,1.7959,1.8195,1.8445,1.8716,1.9019,1.9363,1.9737,2.0101,2.0424,2.076,2.1219,2.1848,2.281,2.5087,2.9866,3.1354,2.5332,1.9833,1.6834,1.5662,1.5588,1.5857,1.5664,1.5003,1.424,1.366,1.3393,1.3372,1.3468,1.6713,1.6846,1.6993,1.7152,1.7324,1.7507,1.77,1.7902,1.8114,1.8337,1.8575,1.8832,1.9107,1.9395,1.9682,1.997,2.0289,2.0701,2.13,2.2329,2.431,2.7178,2.7713,2.4145,2.0186,1.7644,1.6382,1.5942,1.5949,1.5814,1.5348,1.4797,1.4338,1.4049,1.3919,1.3895]},{"header":{"la1":42.85,"la2":41.18,"lo1":11.55,"lo2":14.05,"nx":36,"ny":24,"dx":0.07143,"dy":0.07261,"parameterCategory":2,"parameterNumber":3,"parameterNumberName":"northward_wind","parameterUnit":"m.s-1"},"data":[0.3248,0.3373,0.349,0.3598,0.3692,0.3761,0.3787,0.3748,0.3625,0.3419,0.3152,0.2856,0.2562,0.2289,0.2044,0.1825,0.1625,0.1433,0.1241,0.1045,0.0852,0.0678,0.0535,0.0426,0.0344,0.0279,0.0224,0.0173,0.0126,0.0082,0.004,0.0002,-0.0034,-0.0066,-0.0095,-0.0121,0.3458,0.3618,0.3773,0.3922,0.4068,0.42,0.4291,0.4293,0.416,0.3887,0.3518,0.3117,0.2736,0.2403,0.2121,0.1884,0.1675,0.1476,0.1263,0.1027,0.0779,0.0559,0.0396,0.0292,0.0225,0.0176,0.0132,0.009,0.0048,0.0007,-0.0032,-0.0068,-0.0102,-0.0133,-0.016,-0.0185,0.3694,0.3898,0.4096,0.4294,0.4508,0.4744,0.4965,0.5071,0.4944,0.4554,0.4001,0.3425,0.2919,0.251,0.2193,0.1946,0.1746,0.1558,0.1334,0.1033,0.0681,0.037,0.0183,0.0107,0.0078,0.0057,0.003,-0.0002,-0.0038,-0.0074,-0.011,-0.0145,-0.0176,-0.0205,-0.023,-0.0252,0.3965,0.4226,0.4474,0.4718,0.5007,0.54,0.5884,0.6258,0.6188,0.5561,0.4645,0.3773,0.309,0.2596,0.2249,0.2011,0.1852,0.1725,0.1528,0.113,0.0547,0.0041,-0.0154,-0.0137,-0.0091,-0.0072,-0.0079,-0.01,-0.013,-0.0163,-0.0196,-0.0227,-0.0257,-0.0283,-0.0306,-0.0325,0.4281,0.4634,0.4946,0.5214,0.5537,0.6123,0.7112,0.8183,0.835,0.7147,0.5463,0.4106,0.3204,0.2635,0.2278,0.207,0.1998,0.2045,0.2027,0.1514,0.0424,-0.0516,-0.0626,-0.0401,-0.0257,-0.0201,-0.0191,-0.0205,-0.023,-0.0259,-0.0289,-0.0317,-0.0344,-0.0367,-0.0387,-0.0404,0.4654,0.5175,0.5618,0.5874,0.6072,0.6727,0.8485,1.1236,1.2204,0.9456,0.6254,0.4266,0.3191,0.2604,0.2269,0.2103,0.2144,0.2539,0.3174,0.2665,0.0636,-0.086,-0.0867,-0.0549,-0.0387,-0.0323,-0.0307,-0.0317,-0.0338,-0.0364,-0.039,-0.0415,-0.0438,-0.0458,-0.0475,-0.0488,0.5062,0.591,0.6718,0.7011,0.6709,0.6882,0.9005,1.3934,1.6439,1.1033,0.6267,0.4007,0.2995,0.2501,0.2228,0.2087,0.2162,0.282,0.4487,0.414,0.0981,-0.0485,-0.0704,-0.061,-0.0506,-0.0448,-0.0432,-0.0439,-0.0457,-0.0479,-0.0502,-0.0522,-0.0541,-0.0557,-0.0569,-0.0578,0.5375,0.6744,0.8517,0.9344,0.7811,0.6458,0.7366,1.0756,1.2369,0.8216,0.4739,0.3244,0.2655,0.2377,0.219,0.2046,0.1994,0.226,0.2962,0.2032,-0.0891,-0.1641,-0.1178,-0.084,-0.0666,-0.0592,-0.0572,-0.0577,-0.0591,-0.0608,-0.0624,-0.0639,-0.0652,-0.0663,-0.0671,-0.0675,0.5309,0.702,1.0131,1.269,0.8822,0.5471,0.4641,0.4879,0.4482,0.3109,0.2361,0.228,0.2346,0.2331,0.2204,0.2046,0.1848,0.1582,0.1055,-0.0794,-0.4243,-0.3784,-0.1911,-0.1118,-0.0838,-0.0751,-0.0733,-0.0737,-0.0744,-0.0751,-0.0759,-0.0766,-0.0773,-0.0778,-0.0781,-0.078,0.4658,0.5808,0.7729,0.8931,0.563,0.3496,0.2235,0.0919,-0.1064,-0.1791,0.0003,0.1538,0.2286,0.2485,0.2239,0.2047,0.1856,0.1336,0.0531,-0.1006,-0.3188,-0.3075,-0.1809,-0.1179,-0.0972,-0.093,-0.093,-0.0928,-0.092,-0.0912,-0.0906,-0.0904,-0.0903,-0.0902,-0.0899,-0.0892,0.3688,0.3849,0.3173,0.0434,0.0506,0.1428,0.0519,-0.1171,-0.5279,-0.7449,-0.1656,0.1397,0.2658,0.3067,0.2578,0.2133,0.1901,0.1199,0.0481,-0.0313,-0.1171,-0.1449,-0.1251,-0.1112,-0.1123,-0.1179,-0.1195,-0.1166,-0.1122,-0.1087,-0.1063,-0.1051,-0.1043,-0.1036,-0.1027,-0.1014,0.2856,0.2584,0.162,-0.0002,0.0055,0.0448,-0.0506,-0.1532,-0.3309,-0.4543,-0.0632,0.2001,0.3382,0.4339,0.384,0.2833,0.1904,0.0628,0.0012,-0.0117,-0.0449,-0.0759,-0.0959,-0.1165,-0.1421,-0.1592,-0.1573,-0.1454,-0.1343,-0.1269,-0.1227,-0.1205,-0.1193,-0.1182,-0.1167,-0.1146,0.231,0.2027,0.1488,0.0884,0.0582,0.0096,-0.0962,-0.1864,-0.1553,-0.0686,0.1162,0.2837,0.3745,0.4819,0.4406,0.3334,0.2063,-0.0899,-0.1187,-0.026,-0.034,-0.064,-0.0972,-0.1399,-0.1954,-0.2266,-0.2068,-0.176,-0.1554,-0.1444,-0.1391,-0.1368,-0.1356,-0.1344,-0.1324,-0.1293,0.1968,0.175,0.1432,0.1071,0.0686,0.0136,-0.064,-0.1326,-0.09,0.0586,0.208,0.3403,0.3846,0.4659,0.3992,0.4313,0.3064,0.0514,-0.0349,-0.0212,-0.0474,-0.0798,-0.1134,-0.1643,-0.2449,-0.2898,-0.2442,-0.1968,-0.1715,-0.1597,-0.1552,-0.1542,-0.154,-0.153,-0.1502,-0.1458,0.1741,0.1576,0.1355,0.1094,0.0791,0.0433,0.0071,-0.0058,0.0464,0.1545,0.2524,0.3186,0.3639,0.4022,0.3729,0.4425,0.177,0.1362,0.0362,-0.0354,-0.0918,-0.1182,-0.1356,-0.1709,-0.2283,-0.2615,-0.2332,-0.1996,-0.1808,-0.173,-0.1719,-0.174,-0.1761,-0.1755,-0.1715,-0.1647,0.1582,0.1456,0.1299,0.1119,0.093,0.0759,0.0677,0.082,0.1333,0.2171,0.295,0.3581,0.3392,0.3213,0.2855,0.235,0.1452,0.0872,-0.008,-0.0959,-0.1728,-0.1715,-0.1621,-0.176,-0.1995,-0.2138,-0.2085,-0.1962,-0.1875,-0.1857,-0.1905,-0.1987,-0.2047,-0.2044,-0.1974,-0.1864,0.1464,0.137,0.1261,0.1147,0.1047,0.0991,0.103,0.1231,0.1645,0.2251,0.2836,0.3002,0.2938,0.2748,0.176,0.1032,0.0472,-0.0352,-0.1133,-0.1573,-0.1936,-0.1924,-0.1895,-0.1954,-0.2036,-0.2087,-0.2069,-0.1999,-0.1949,-0.1986,-0.2128,-0.2323,-0.2452,-0.2432,-0.2293,-0.2108,0.137,0.1301,0.1227,0.1159,0.1111,0.1107,0.1177,0.1346,0.1622,0.1963,0.2237,0.2312,0.2446,0.2107,-0.0415,-0.174,-0.1405,-0.1775,-0.2171,-0.2418,-0.2416,-0.2338,-0.2325,-0.2303,-0.2287,-0.2313,-0.2272,-0.2103,-0.2004,-0.2093,-0.2389,-0.2798,-0.3039,-0.2942,-0.2657,-0.2354,0.1289,0.1238,0.1186,0.1144,0.1121,0.1131,0.1187,0.1296,0.1446,0.1593,0.1658,0.1546,0.1121,-0.046,-0.5257,-0.7207,-0.3379,-0.272,-0.3158,-0.4577,-0.3912,-0.3316,-0.3053,-0.2803,-0.2576,-0.2663,-0.2676,-0.2162,-0.1944,-0.2115,-0.2627,-0.3366,-0.375,-0.3473,-0.2977,-0.2548,0.1213,0.1173,0.1134,0.1103,0.1086,0.109,0.1118,0.1165,0.1214,0.1226,0.1136,0.0837,0.0106,-0.1636,-0.5011,-0.6153,-0.3907,-0.3904,-0.6832,-0.8322,-0.5525,-0.4585,-0.4217,-0.3559,-0.2773,-0.2632,-0.2646,-0.1709,-0.1627,-0.1984,-0.2653,-0.3588,-0.4044,-0.3664,-0.3083,-0.2616,0.1139,0.1104,0.107,0.1042,0.1021,0.1009,0.1005,0.1001,0.0976,0.0898,0.0715,0.0344,-0.0342,-0.1485,-0.2877,-0.3511,-0.3431,-0.4081,-0.583,-0.6621,-0.6103,-0.655,-0.6571,-0.5052,-0.3056,-0.1378,0.0281,-0.0087,-0.1105,-0.1754,-0.2373,-0.3103,-0.3499,-0.331,-0.2906,-0.2536,0.1064,0.1031,0.0998,0.0966,0.0936,0.0907,0.0876,0.0831,0.0756,0.0626,0.0404,0.0043,-0.0502,-0.1228,-0.1986,-0.2554,-0.3016,-0.3732,-0.4743,-0.5752,-0.745,-1.0763,-1.1675,-0.7851,-0.3857,-0.0702,0.1819,0.0641,-0.1093,-0.1683,-0.2068,-0.2498,-0.2782,-0.2779,-0.2597,-0.2369,0.0989,0.0955,0.0919,0.0882,0.0842,0.0797,0.0743,0.067,0.0564,0.0408,0.0179,-0.0146,-0.0579,-0.1101,-0.1653,-0.2186,-0.275,-0.3464,-0.4426,-0.5896,-0.8863,-1.4157,-1.5709,-1.004,-0.4941,-0.1837,-0.0362,-0.0901,-0.1806,-0.1847,-0.1941,-0.2157,-0.2334,-0.2382,-0.2316,-0.2189,0.0915,0.0878,0.0838,0.0794,0.0745,0.0688,0.0617,0.0525,0.0402,0.0236,0.0013,-0.0277,-0.0638,-0.1058,-0.1518,-0.2014,-0.2576,-0.3277,-0.4234,-0.5716,-0.8201,-1.1437,-1.2136,-0.8845,-0.5225,-0.2869,-0.1762,-0.1684,-0.192,-0.1906,-0.1922,-0.2017,-0.2108,-0.2143,-0.2113,-0.2037]}]