docs/data/wind_grid.json
[{"header":{"la1":42.85,"la2":41.18,"lo1":11.55,"lo2":14.05,"nx":36,"ny":24,"dx":0.07143,"dy":0.07261,"parameterCategory":2,"parameterNumber":2,"parameterNumberName":"eastward_wind","parameterUnit":"m.s-1"},"data":[0.2993,0.262,0.2148,0.1584,0.0951,0.0295,-0.0321,-0.0832,-0.1194,-0.1399,-0.1476,-0.1472,-0.1431,-0.1387,-0.1363,-0.138,-0.1465,-0.1646,-0.1946,-0.235,-0.2784,-0.3121,-0.3239,-0.3091,-0.2722,-0.2216,-0.165,-0.1072,-0.0511,0.0023,0.0525,0.0995,0.1432,0.1838,0.2214,0.2561,0.3358,0.2961,0.2419,0.1723,0.0898,0.0011,-0.0835,-0.1519,-0.1955,-0.2132,-0.2114,-0.1995,-0.185,-0.1718,-0.162,-0.1575,-0.1618,-0.181,-0.222,-0.2869,-0.3645,-0.4283,-0.4511,-0.4259,-0.3668,-0.2926,-0.2161,-0.143,-0.0753,-0.0132,0.0437,0.0959,0.1439,0.188,0.2284,0.2653,0.3878,0.3488,0.2883,0.2024,0.0925,-0.0329,-0.1565,-0.2551,-0.3094,-0.3175,-0.2953,-0.2629,-0.2324,-0.2073,-0.1872,-0.172,-0.1654,-0.1786,-0.2297,-0.3339,-0.4788,-0.6055,-0.6446,-0.5885,-0.4838,-0.3711,-0.2674,-0.176,-0.0959,-0.0249,0.0387,0.0961,0.1483,0.1957,0.2388,0.278,0.4607,0.429,0.3665,0.2627,0.1141,-0.0701,-0.2635,-0.4205,-0.4926,-0.4734,-0.4068,-0.3382,-0.2851,-0.2459,-0.2135,-0.1819,-0.1518,-0.1392,-0.1854,-0.3465,-0.6299,-0.9011,-0.9546,-0.8082,-0.615,-0.4467,-0.3114,-0.2017,-0.11,-0.0309,0.0387,0.1009,0.157,0.2076,0.2533,0.2944,0.5597,0.5488,0.4966,0.3783,0.1785,-0.0975,-0.4183,-0.7009,-0.8091,-0.7122,-0.5485,-0.4206,-0.3406,-0.2892,-0.2457,-0.1931,-0.1205,-0.0368,-0.0171,-0.2318,-0.782,-1.3835,-1.4054,-1.0442,-0.723,-0.4984,-0.3377,-0.2148,-0.1149,-0.0299,0.0446,0.1111,0.1708,0.2243,0.2724,0.3152,0.6871,0.7217,0.7095,0.5939,0.3326,-0.0731,-0.6017,-1.1563,-1.357,-1.0475,-0.6965,-0.4944,-0.3944,-0.3406,-0.2941,-0.2229,-0.0928,0.1347,0.3927,0.2041,-0.6894,-1.6754,-1.6363,-1.1127,-0.7406,-0.503,-0.3381,-0.2126,-0.11,-0.0216,0.0567,0.127,0.19,0.2464,0.2966,0.3409,0.8349,0.9534,1.0454,0.9821,0.646,0.0835,-0.657,-1.563,-1.9297,-1.289,-0.7679,-0.5362,-0.4436,-0.4069,-0.3747,-0.3011,-0.1328,0.2283,0.8499,0.7446,-0.3294,-1.0531,-1.1599,-0.905,-0.6516,-0.4604,-0.3152,-0.1979,-0.0971,-0.007,0.0746,0.1486,0.2152,0.2744,0.3266,0.3721,0.9713,1.2078,1.5165,1.629,1.1537,0.3954,-0.3783,-1.1535,-1.4602,-1.057,-0.7093,-0.5462,-0.4938,-0.4992,-0.5102,-0.4598,-0.2978,-0.0028,0.3652,0.1713,-0.5597,-0.8154,-0.7974,-0.6822,-0.5354,-0.4007,-0.2842,-0.1795,-0.0817,0.0107,0.097,0.176,0.2468,0.3092,0.3633,0.4096,1.0395,1.3506,1.8958,2.3385,1.5827,0.6625,-0.0122,-0.5249,-0.7976,-0.7996,-0.6669,-0.5619,-0.5542,-0.6271,-0.7385,-0.7435,-0.5504,-0.3288,-0.2361,-0.5201,-1.173,-1.0927,-0.7503,-0.5701,-0.4532,-0.3579,-0.2671,-0.172,-0.0722,0.0278,0.1229,0.2095,0.2859,0.3518,0.4076,0.4543,1.0049,1.2414,1.5955,1.8054,1.2669,0.6967,0.189,-0.3198,-0.8978,-1.1143,-0.7966,-0.5986,-0.6233,-0.7728,-1.0809,-1.2378,-0.7984,-0.5222,-0.4475,-0.6045,-0.9675,-0.9273,-0.6466,-0.4883,-0.4148,-0.3632,-0.2936,-0.1952,-0.0785,0.041,0.1524,0.2507,0.3343,0.4039,0.4609,0.507,0.9093,1.0178,1.0577,0.8936,0.8508,0.6743,0.37,-0.1385,-1.5349,-2.2338,-0.9705,-0.5942,-0.7087,-0.9301,-1.1319,-1.2729,-0.8181,-0.6035,-0.5242,-0.5002,-0.5468,-0.5331,-0.4513,-0.4215,-0.4545,-0.4748,-0.4134,-0.2758,-0.1093,0.0505,0.1889,0.3032,0.3951,0.4679,0.5249,0.5689,0.8155,0.8627,0.8663,0.8238,0.7959,0.7115,0.7092,0.6912,-0.4022,-1.2817,-0.602,-0.4547,-0.8199,-1.4481,-1.2302,-0.8515,-0.6823,-0.7518,-0.7278,-0.4839,-0.3274,-0.2684,-0.2888,-0.4311,-0.6768,-0.8274,-0.7126,-0.4397,-0.1617,0.0664,0.2416,0.3738,0.4729,0.5468,0.6012,0.641,0.7448,0.7705,0.7795,0.7716,0.7524,0.7762,0.9919,1.3919,0.9523,0.1506,-0.0433,-0.16,-0.5481,-1.663,-1.3345,-0.6305,-0.562,-1.2298,-1.2323,-0.4819,-0.1295,-0.0247,-0.1371,-0.5363,-1.2336,-1.6463,-1.2641,-0.66,-0.1973,0.1153,0.3264,0.4716,0.5728,0.6431,0.6913,0.7236,0.6955,0.711,0.7187,0.7203,0.7297,0.7905,0.958,1.1757,0.9969,0.5693,0.3523,0.0989,-0.0184,-0.1432,-0.4121,-0.4081,-0.3072,-0.6452,-0.718,-0.1561,0.2526,0.3627,0.1275,-0.5534,-1.8518,-2.6344,-1.7472,-0.7429,-0.1256,0.2376,0.4614,0.6049,0.6983,0.7582,0.7951,0.8162,0.6632,0.6744,0.6827,0.6918,0.7121,0.7601,0.8388,0.8978,0.8664,0.8731,0.9355,0.7335,0.4725,0.728,-0.0,-0.3246,0.4847,0.0584,0.0263,0.4596,1.0477,1.1008,0.6308,-0.1414,-1.3026,-1.9835,-1.2864,-0.4137,0.1385,0.4609,0.655,0.7751,0.8484,0.8901,0.9103,0.9165,0.644,0.654,0.6641,0.6774,0.6994,0.7356,0.7849,0.8443,0.9578,1.3051,2.0944,1.581,1.1432,0.6838,0.3721,0.265,0.4704,0.2433,0.3082,1.0949,2.5843,2.2869,1.2471,0.521,-0.0895,-0.3891,-0.1548,0.2554,0.5682,0.7682,0.8936,0.971,1.0141,1.0314,1.031,1.0198,0.6341,0.6443,0.6562,0.6721,0.6953,0.7297,0.7803,0.8627,1.028,1.3939,1.9852,1.6226,1.4487,1.4288,0.8366,0.577,0.3717,0.0192,-0.1061,0.9512,2.8132,2.4833,1.5068,1.0215,0.8019,0.7783,0.8768,0.9791,1.0519,1.1044,1.1418,1.1652,1.1737,1.1663,1.1463,1.119,0.6304,0.6415,0.6549,0.6727,0.6974,0.7328,0.7853,0.8673,1.0003,1.194,1.357,1.3521,1.4987,1.545,1.3491,1.2287,0.5728,-0.7289,-2.0407,-0.0125,1.3369,1.6207,1.447,1.3429,1.4236,1.645,1.7409,1.6258,1.4972,1.4132,1.3545,1.3123,1.2875,1.268,1.2408,1.2056,0.6309,0.6428,0.6575,0.6765,0.7019,0.7369,0.7857,0.8541,0.9457,1.0508,1.1379,1.2,1.2975,1.4922,2.3015,2.6721,1.1298,-0.2487,-0.9241,0.7071,1.1864,1.4033,1.5085,1.6212,1.8881,2.3457,2.4572,2.1121,1.8513,1.672,1.5068,1.3638,1.3067,1.3105,1.3039,1.2747,0.6341,0.6467,0.6621,0.6816,0.7067,0.7396,0.7824,0.837,0.9025,0.9733,1.042,1.1162,1.2342,1.5108,2.172,2.3522,1.3886,0.8929,1.7471,2.3295,1.6324,1.6409,1.7851,1.9087,2.1278,2.5089,2.5993,2.314,2.1136,1.9184,1.6572,1.383,1.283,1.3258,1.3504,1.3323,0.6388,0.6519,0.6677,0.6871,0.7113,0.7414,0.7785,0.8231,0.8742,0.9299,0.9901,1.0628,1.1698,1.3461,1.5649,1.5738,1.3223,1.2597,1.6534,1.9052,1.8819,2.1677,2.3654,2.2949,2.2673,2.3782,2.4478,2.4258,2.3842,2.2487,1.9392,1.587,1.4173,1.4122,1.4176,1.3917,0.6446,0.6579,0.6737,0.6927,0.7156,0.7431,0.7758,0.8136,0.8563,0.9037,0.9568,1.02,1.1005,1.1987,1.2848,1.3028,1.276,1.3325,1.5345,1.8164,2.3269,3.2208,3.5165,2.8873,2.4635,2.4229,2.485,2.5605,2.8562,2.8043,2.3889,1.9554,1.6904,1.5761,1.515,1.4582,0.6508,0.6642,0.68,0.6984,0.7201,0.7454,0.7747,0.8081,0.8454,0.887,0.9336,0.987,1.048,1.1131,1.1711,1.2143,1.2645,1.372,1.5829,1.9682,2.7441,4.0256,4.3852,3.3188,2.6258,2.4789,2.5769,3.0143,3.8055,3.5568,2.8482,2.2888,1.9387,1.7382,1.6148,1.5233,0.6573,0.6707,0.6863,0.7041,0.7248,0.7484,0.7752,0.8055,0.8392,0.8766,0.9182,0.9645,1.0154,1.0695,1.1249,1.1855,1.2675,1.4002,1.6236,2.0044,2.6404,3.4338,3.6437,3.0863,2.6192,2.5098,2.6918,3.2531,3.9324,3.6785,2.9921,2.4433,2.079,1.845,1.6884,1.5739]},{"header":{"la1":42.85,"la2":41.18,"lo1":11.55,"lo2":14.05,"nx":36,"ny":24,"dx":0.07143,"dy":0.07261,"parameterCategory":2,"parameterNumber":3,"parameterNumberName":"northward_wind","parameterUnit":"m.s-1"},"data":[-0.7368,-0.7517,-0.774,-0.8035,-0.8386,-0.8766,-0.9137,-0.9461,-0.9712,-0.9883,-0.999,-1.0054,-1.0099,-1.0141,-1.0198,-1.0286,-1.0434,-1.0673,-1.1031,-1.15,-1.2018,-1.2471,-1.2752,-1.2825,-1.273,-1.2542,-1.2323,-1.2111,-1.1922,-1.176,-1.1624,-1.151,-1.1416,-1.1337,-1.1269,-1.1212,-0.6969,-0.7117,-0.7372,-0.774,-0.8203,-0.8719,-0.9225,-0.9652,-0.995,-1.0113,-1.0174,-1.018,-1.0167,-1.0156,-1.0159,-1.0196,-1.0304,-1.0549,-1.1005,-1.1701,-1.254,-1.3277,-1.3668,-1.3657,-1.3383,-1.3012,-1.265,-1.2338,-1.2082,-1.1877,-1.1714,-1.1582,-1.1476,-1.139,-1.1317,-1.1257,-0.6454,-0.6579,-0.686,-0.7319,-0.7946,-0.8681,-0.9416,-1.0019,-1.0384,-1.0502,-1.046,-1.0359,-1.0257,-1.0171,-1.0096,-1.0039,-1.0045,-1.0225,-1.077,-1.1837,-1.3318,-1.4651,-1.5192,-1.4902,-1.4232,-1.3546,-1.298,-1.2546,-1.2221,-1.1975,-1.1787,-1.1642,-1.1528,-1.1436,-1.1361,-1.1299,-0.5786,-0.584,-0.6115,-0.668,-0.7546,-0.8639,-0.9786,-1.0723,-1.119,-1.1165,-1.0888,-1.0595,-1.0368,-1.0191,-1.0018,-0.9815,-0.96,-0.9529,-1.0016,-1.1632,-1.4462,-1.7186,-1.7844,-1.6691,-1.5214,-1.4058,-1.3253,-1.2702,-1.2317,-1.2042,-1.1839,-1.1687,-1.1569,-1.1476,-1.1401,-1.1339,-0.4927,-0.4811,-0.4998,-0.5651,-0.6851,-0.852,-1.0424,-1.2077,-1.2741,-1.2284,-1.1477,-1.0865,-1.0487,-1.0226,-0.9957,-0.9567,-0.8963,-0.8218,-0.8062,-1.0194,-1.5667,-2.1673,-2.1964,-1.8679,-1.5999,-1.4365,-1.3381,-1.2763,-1.2354,-1.2071,-1.1867,-1.1715,-1.1599,-1.151,-1.1438,-1.1379,-0.3859,-0.3394,-0.3285,-0.3923,-0.5557,-0.808,-1.125,-1.447,-1.5636,-1.3962,-1.2102,-1.1078,-1.0586,-1.0291,-0.9971,-0.942,-0.8328,-0.6277,-0.3866,-0.5685,-1.4455,-2.4493,-2.4126,-1.9117,-1.5956,-1.4259,-1.3297,-1.271,-1.2326,-1.2061,-1.187,-1.1729,-1.1622,-1.154,-1.1474,-1.142,-0.2642,-0.1545,-0.0682,-0.0979,-0.319,-0.6831,-1.1372,-1.6698,-1.8824,-1.5163,-1.2281,-1.1092,-1.0638,-1.0401,-1.0117,-0.955,-0.8238,-0.5114,0.0522,-0.0401,-1.0127,-1.7472,-1.8888,-1.6747,-1.4891,-1.3735,-1.3023,-1.2563,-1.2249,-1.2024,-1.1858,-1.1734,-1.1641,-1.157,-1.1514,-1.1467,-0.1514,0.0471,0.2883,0.3782,0.0505,-0.4618,-0.9523,-1.4165,-1.5965,-1.3528,-1.1605,-1.0879,-1.0671,-1.0579,-1.0399,-0.9992,-0.9029,-0.6829,-0.3585,-0.4774,-0.9657,-1.2188,-1.3768,-1.399,-1.3556,-1.3071,-1.2682,-1.2385,-1.2157,-1.1979,-1.1842,-1.1739,-1.1663,-1.1607,-1.1563,-1.1525,-0.0899,0.1675,0.5734,0.8835,0.3655,-0.2726,-0.7139,-1.0016,-1.1198,-1.1018,-1.068,-1.0636,-1.0784,-1.0862,-1.072,-1.0481,-1.008,-0.9249,-0.8486,-0.9289,-1.0782,-1.1035,-1.1911,-1.2506,-1.2642,-1.2567,-1.2422,-1.2256,-1.2092,-1.1949,-1.1835,-1.1752,-1.1695,-1.1657,-1.1628,-1.1602,-0.1064,0.1102,0.3968,0.5579,0.2052,-0.2385,-0.5949,-0.8202,-0.9537,-1.0053,-1.0166,-1.0544,-1.1117,-1.138,-1.0835,-1.0443,-1.0749,-1.0729,-1.0581,-1.0649,-1.0887,-1.108,-1.1544,-1.1986,-1.2261,-1.2378,-1.236,-1.2246,-1.2094,-1.1952,-1.1846,-1.178,-1.1746,-1.1731,-1.1721,-1.1707,-0.1764,-0.0303,0.1045,0.1702,0.1009,-0.2575,-0.5619,-0.7507,-0.9772,-1.0708,-0.9955,-1.0535,-1.1851,-1.2786,-1.1643,-1.0636,-1.1344,-1.194,-1.2096,-1.1715,-1.1392,-1.137,-1.159,-1.1956,-1.2351,-1.2606,-1.2608,-1.2419,-1.2182,-1.1991,-1.1876,-1.183,-1.1828,-1.1844,-1.1858,-1.1857,-0.2644,-0.1584,-0.0383,0.0954,0.0181,-0.3363,-0.5536,-0.6221,-0.8069,-0.9548,-0.9315,-1.0139,-1.2783,-1.6626,-1.4929,-1.2155,-1.211,-1.4169,-1.4704,-1.309,-1.1972,-1.1572,-1.1679,-1.2213,-1.3,-1.3503,-1.3335,-1.2814,-1.2339,-1.2043,-1.1917,-1.1908,-1.1959,-1.2022,-1.2066,-1.2074,-0.3574,-0.2874,-0.2181,-0.1828,-0.2734,-0.4573,-0.5504,-0.5159,-0.5967,-0.7585,-0.8133,-0.8079,-1.0665,-1.8058,-1.5952,-1.0937,-1.1532,-1.8807,-1.9201,-1.4122,-1.2054,-1.1365,-1.156,-1.2627,-1.4469,-1.5559,-1.4678,-1.3339,-1.246,-1.2049,-1.1952,-1.2032,-1.2178,-1.2311,-1.2387,-1.2393,-0.4469,-0.4089,-0.3842,-0.3936,-0.4548,-0.5358,-0.5721,-0.5554,-0.5967,-0.6879,-0.7036,-0.515,-0.4994,-0.9707,-1.0092,-0.5621,-0.7898,-1.4195,-1.588,-1.2998,-1.1012,-1.0311,-1.0879,-1.2693,-1.6038,-1.8023,-1.5839,-1.3507,-1.2319,-1.1923,-1.198,-1.2253,-1.2564,-1.2795,-1.2893,-1.2865,-0.5251,-0.5074,-0.5027,-0.5183,-0.5536,-0.5917,-0.6125,-0.6191,-0.6323,-0.622,-0.5828,-0.6116,-0.8963,-1.4391,-0.8624,-0.445,-0.7655,-1.0358,-1.2167,-1.079,-0.7966,-0.751,-0.9244,-1.1558,-1.4608,-1.6358,-1.4621,-1.2612,-1.1692,-1.1621,-1.2056,-1.2697,-1.3278,-1.3622,-1.3692,-1.3552,-0.5894,-0.5822,-0.5843,-0.5971,-0.6177,-0.6379,-0.6498,-0.6495,-0.6224,-0.5116,-0.253,-0.3571,-0.5956,-0.9211,-0.8895,-0.8374,-0.8941,-1.1509,-1.2987,-0.9163,-0.0493,-0.1995,-0.7108,-0.9741,-1.1356,-1.205,-1.1449,-1.0669,-1.0569,-1.1198,-1.2337,-1.3626,-1.4624,-1.5047,-1.4937,-1.4522,-0.6413,-0.6392,-0.6432,-0.6528,-0.6655,-0.6769,-0.6813,-0.6711,-0.6276,-0.5081,-0.3027,-0.4055,-0.4198,-0.4308,-0.8727,-1.0741,-1.2907,-1.7607,-2.0613,-1.2907,0.0319,-0.1505,-0.6757,-0.8493,-0.868,-0.826,-0.7876,-0.8102,-0.9077,-1.0774,-1.3087,-1.5516,-1.7141,-1.7439,-1.6781,-1.5794,-0.6834,-0.684,-0.6883,-0.6958,-0.7046,-0.7116,-0.7128,-0.7024,-0.6713,-0.6139,-0.5621,-0.5638,-0.4449,-0.4826,-1.0899,-1.4206,-1.7317,-2.8662,-4.1225,-2.3583,-1.1679,-0.8359,-0.8353,-0.7802,-0.6239,-0.4268,-0.365,-0.4996,-0.7305,-1.0416,-1.4547,-1.9003,-2.1543,-2.1097,-1.9177,-1.7224,-0.7183,-0.7203,-0.7249,-0.7314,-0.7385,-0.7444,-0.7466,-0.7424,-0.7302,-0.714,-0.7092,-0.728,-0.7791,-1.0255,-1.696,-1.9567,-1.8946,-2.7237,-3.3941,-2.2961,-1.6322,-1.1959,-0.9402,-0.7065,-0.3817,0.0177,0.1056,-0.1854,-0.5442,-0.9953,-1.6305,-2.3819,-2.747,-2.5256,-2.1427,-1.8374,-0.7478,-0.7508,-0.7558,-0.7621,-0.7692,-0.7758,-0.7811,-0.7845,-0.7874,-0.7947,-0.8164,-0.8676,-0.9809,-1.2368,-1.6831,-1.8563,-1.8066,-2.0397,-2.0078,-1.8931,-1.6371,-1.2382,-0.9277,-0.6347,-0.2582,0.1469,0.2296,0.0164,-0.3708,-0.8953,-1.6413,-2.5755,-3.0047,-2.6767,-2.2077,-1.8635,-0.7732,-0.7771,-0.7825,-0.7893,-0.797,-0.8052,-0.814,-0.8238,-0.8368,-0.8574,-0.8933,-0.9564,-1.0648,-1.2372,-1.4436,-1.5699,-1.6355,-1.7334,-1.7873,-1.7298,-1.4397,-1.0775,-0.8178,-0.5813,-0.2312,0.2055,0.6171,0.3766,-0.2154,-0.7511,-1.3714,-2.109,-2.5043,-2.3576,-2.0415,-1.7761,-0.7954,-0.7999,-0.806,-0.8133,-0.822,-0.8319,-0.8435,-0.8577,-0.8766,-0.9036,-0.9438,-1.0038,-1.09,-1.2016,-1.3188,-1.4111,-1.4764,-1.5233,-1.523,-1.4108,-1.1261,-0.7679,-0.6199,-0.545,-0.2439,0.3274,1.0191,0.5432,-0.3069,-0.6992,-1.0641,-1.5159,-1.829,-1.8719,-1.7593,-1.618,-0.8148,-0.82,-0.8266,-0.8346,-0.8441,-0.8554,-0.8688,-0.8855,-0.907,-0.9356,-0.9743,-1.0259,-1.0915,-1.1674,-1.243,-1.3058,-1.3475,-1.3593,-1.318,-1.1828,-0.9125,-0.5697,-0.4897,-0.5383,-0.3496,0.0055,0.2404,-0.1827,-0.7604,-0.791,-0.9092,-1.1662,-1.3929,-1.4984,-1.4999,-1.4515,-0.8319,-0.8376,-0.8447,-0.8532,-0.8633,-0.8753,-0.8897,-0.9073,-0.9291,-0.9567,-0.9913,-1.0338,-1.0834,-1.1367,-1.1873,-1.2273,-1.2486,-1.2407,-1.1879,-1.0698,-0.8772,-0.6685,-0.5903,-0.581,-0.4756,-0.3228,-0.2981,-0.5565,-0.8284,-0.8191,-0.8631,-1.0113,-1.1662,-1.2689,-1.3117,-1.3128]}]