docs/data/wind_grid.json
[{"header":{"la1":42.85,"la2":41.18,"lo1":11.55,"lo2":14.05,"nx":36,"ny":24,"dx":0.07143,"dy":0.07261,"parameterCategory":2,"parameterNumber":2,"parameterNumberName":"eastward_wind","parameterUnit":"m.s-1"},"data":[-0.2457,-0.26,-0.2758,-0.2926,-0.3098,-0.3262,-0.3401,-0.3498,-0.3545,-0.3553,-0.3546,-0.3561,-0.3627,-0.3763,-0.3972,-0.424,-0.4536,-0.4813,-0.5019,-0.5115,-0.509,-0.4958,-0.4754,-0.4512,-0.4261,-0.4017,-0.3792,-0.3589,-0.3409,-0.3251,-0.3112,-0.2991,-0.2886,-0.2793,-0.2711,-0.2638,-0.2486,-0.2652,-0.2842,-0.3054,-0.3282,-0.3508,-0.3704,-0.3832,-0.3869,-0.3825,-0.3747,-0.3699,-0.3735,-0.3885,-0.4157,-0.4533,-0.4968,-0.5386,-0.5695,-0.5822,-0.5751,-0.5522,-0.5202,-0.4852,-0.451,-0.4197,-0.392,-0.3679,-0.3472,-0.3295,-0.3144,-0.3014,-0.2903,-0.2806,-0.2722,-0.2647,-0.2504,-0.2695,-0.2923,-0.3191,-0.35,-0.383,-0.4134,-0.4335,-0.4364,-0.4223,-0.4007,-0.3841,-0.3815,-0.3974,-0.4329,-0.4864,-0.5522,-0.6182,-0.6667,-0.683,-0.6653,-0.6241,-0.5732,-0.5224,-0.4763,-0.4366,-0.4031,-0.3752,-0.352,-0.3326,-0.3164,-0.3028,-0.2912,-0.2813,-0.2727,-0.2652,-0.2505,-0.2719,-0.2985,-0.332,-0.3738,-0.4235,-0.475,-0.5127,-0.5168,-0.4839,-0.4353,-0.3972,-0.3839,-0.3998,-0.4457,-0.5214,-0.6224,-0.731,-0.812,-0.8317,-0.7894,-0.7136,-0.6325,-0.5599,-0.4995,-0.4506,-0.4114,-0.3799,-0.3545,-0.3339,-0.3169,-0.303,-0.2913,-0.2814,-0.2729,-0.2654,-0.2483,-0.2713,-0.301,-0.3407,-0.395,-0.4686,-0.5589,-0.6391,-0.6535,-0.5808,-0.4785,-0.4046,-0.3759,-0.391,-0.4485,-0.552,-0.7046,-0.8881,-1.0325,-1.0517,-0.9532,-0.8155,-0.6906,-0.5917,-0.5164,-0.4592,-0.4152,-0.3811,-0.3543,-0.333,-0.3159,-0.302,-0.2905,-0.2809,-0.2726,-0.2654,-0.2432,-0.2665,-0.2974,-0.3405,-0.4043,-0.503,-0.6512,-0.8229,-0.8746,-0.7157,-0.5158,-0.3943,-0.3507,-0.3659,-0.4337,-0.5635,-0.7761,-1.0731,-1.3339,-1.3405,-1.1324,-0.9046,-0.7313,-0.6091,-0.5225,-0.4597,-0.4132,-0.378,-0.351,-0.3299,-0.3133,-0.3,-0.289,-0.2799,-0.272,-0.2652,-0.2354,-0.2576,-0.2867,-0.3276,-0.3903,-0.4961,-0.6841,-0.9659,-1.0865,-0.7974,-0.4952,-0.3467,-0.3021,-0.3216,-0.3954,-0.5366,-0.7815,-1.1667,-1.5506,-1.5376,-1.2205,-0.9302,-0.7334,-0.6032,-0.514,-0.4507,-0.4046,-0.3704,-0.3445,-0.3247,-0.3093,-0.297,-0.287,-0.2787,-0.2714,-0.2651,-0.2254,-0.2453,-0.2703,-0.3033,-0.3509,-0.4283,-0.5673,-0.7848,-0.8672,-0.6023,-0.3568,-0.2518,-0.2309,-0.2606,-0.3357,-0.4682,-0.6853,-1.0119,-1.3368,-1.3454,-1.0979,-0.8586,-0.6889,-0.5724,-0.4907,-0.4323,-0.3898,-0.3586,-0.3353,-0.3178,-0.3043,-0.2936,-0.2849,-0.2775,-0.2711,-0.2652,-0.2142,-0.2317,-0.2522,-0.2761,-0.3033,-0.3341,-0.3675,-0.3872,-0.3308,-0.2067,-0.139,-0.1305,-0.1492,-0.1913,-0.2659,-0.3854,-0.5557,-0.7622,-0.937,-0.9706,-0.8702,-0.7349,-0.6166,-0.5249,-0.4565,-0.4064,-0.3699,-0.3435,-0.3242,-0.3099,-0.2989,-0.2903,-0.2831,-0.2769,-0.2713,-0.266,-0.2026,-0.2188,-0.2371,-0.2564,-0.273,-0.2768,-0.2433,-0.1239,0.1027,0.2066,0.0821,-0.0212,-0.075,-0.1227,-0.1967,-0.3195,-0.4871,-0.6557,-0.7627,-0.7783,-0.7212,-0.6328,-0.5451,-0.4721,-0.4163,-0.3757,-0.3469,-0.3267,-0.3124,-0.302,-0.2942,-0.2879,-0.2824,-0.2774,-0.2725,-0.2676,-0.191,-0.2072,-0.2266,-0.2491,-0.273,-0.2908,-0.2725,-0.1092,0.429,0.6773,0.2321,0.0417,-0.0206,-0.0592,-0.1275,-0.2778,-0.5194,-0.7705,-0.873,-0.8081,-0.6873,-0.5744,-0.4849,-0.4192,-0.3734,-0.3427,-0.3227,-0.3099,-0.3015,-0.2957,-0.2913,-0.2874,-0.2836,-0.2796,-0.2753,-0.2707,-0.1788,-0.1957,-0.218,-0.2485,-0.2923,-0.3573,-0.448,-0.4774,-0.0107,0.3642,0.1546,0.0595,0.0169,-0.0092,-0.0569,-0.2515,-0.6674,-1.232,-1.34,-1.0047,-0.7116,-0.5313,-0.425,-0.363,-0.3278,-0.3089,-0.2996,-0.2955,-0.2938,-0.2928,-0.2916,-0.2899,-0.2875,-0.2842,-0.2801,-0.2754,-0.1649,-0.1817,-0.2058,-0.2421,-0.3009,-0.4023,-0.5791,-0.7968,-0.5717,-0.109,0.0597,0.1005,0.0727,0.0055,-0.0253,-0.2489,-0.8247,-2.0205,-2.0399,-1.1602,-0.6784,-0.4508,-0.3443,-0.297,-0.2794,-0.2767,-0.2807,-0.2867,-0.2919,-0.2954,-0.297,-0.2968,-0.295,-0.2919,-0.2876,-0.2822,-0.1483,-0.1634,-0.1856,-0.2198,-0.2751,-0.3663,-0.5067,-0.6527,-0.5093,-0.1104,0.1036,0.1681,0.1645,0.0894,-0.0218,-0.2869,-0.7033,-1.4184,-1.5115,-0.8851,-0.4755,-0.2917,-0.2293,-0.2194,-0.2311,-0.2509,-0.2713,-0.2881,-0.2995,-0.306,-0.3089,-0.309,-0.3071,-0.3033,-0.2979,-0.2913,-0.129,-0.1403,-0.1568,-0.1812,-0.2173,-0.2677,-0.3226,-0.3278,-0.1723,0.1038,0.2822,0.2617,0.1646,0.0984,-0.0097,-0.4355,-0.8053,-0.6888,-0.638,-0.3824,-0.1337,-0.0591,-0.0896,-0.1401,-0.1922,-0.2407,-0.2798,-0.3062,-0.3208,-0.327,-0.3284,-0.3272,-0.324,-0.3187,-0.3115,-0.3027,-0.1077,-0.114,-0.1227,-0.1341,-0.1474,-0.1574,-0.148,-0.0835,0.079,0.3539,0.7151,0.4303,0.3138,0.1779,0.048,-0.3088,-0.608,-0.3747,-0.1966,-0.0122,0.2035,0.1712,0.0324,-0.0808,-0.1785,-0.2612,-0.3192,-0.3497,-0.36,-0.3596,-0.3554,-0.3506,-0.3452,-0.3379,-0.3279,-0.3161,-0.0859,-0.0869,-0.0877,-0.0873,-0.0826,-0.0672,-0.0286,0.0519,0.1936,0.412,0.6708,0.503,0.4072,0.3999,0.2336,0.0734,-0.0397,0.0317,0.1331,0.1695,0.2584,0.2203,0.082,-0.0624,-0.2088,-0.3344,-0.4077,-0.4281,-0.4198,-0.4024,-0.3866,-0.3763,-0.369,-0.3596,-0.3463,-0.3305,-0.0647,-0.0611,-0.0555,-0.0465,-0.031,-0.004,0.0417,0.1138,0.2154,0.3347,0.4191,0.4119,0.4303,0.4508,0.4912,0.5029,0.3354,0.3184,0.3838,0.3208,0.2627,0.2011,0.0902,-0.0798,-0.2938,-0.4842,-0.5613,-0.5434,-0.4975,-0.451,-0.4159,-0.3983,-0.391,-0.3809,-0.3641,-0.344,-0.0453,-0.0381,-0.0281,-0.0139,0.0068,0.037,0.0802,0.1381,0.2081,0.279,0.3323,0.3657,0.4122,0.534,0.9609,1.135,0.611,0.4321,0.4539,0.5331,0.416,0.2787,0.1299,-0.0932,-0.4013,-0.6809,-0.7403,-0.6673,-0.5837,-0.5006,-0.4371,-0.4093,-0.405,-0.3966,-0.3774,-0.3537,-0.0283,-0.0186,-0.0059,0.0108,0.0331,0.0626,0.1006,0.1467,0.1981,0.2495,0.2961,0.3433,0.4155,0.5766,0.9106,1.0076,0.6621,0.5409,0.7425,0.8554,0.5761,0.405,0.2421,-0.0353,-0.4241,-0.7372,-0.7919,-0.7768,-0.6792,-0.5526,-0.4548,-0.4122,-0.408,-0.4015,-0.3818,-0.3567,-0.0139,-0.0027,0.0113,0.0289,0.051,0.0783,0.1111,0.1488,0.1897,0.2318,0.2747,0.3238,0.3927,0.5003,0.6291,0.6573,0.5696,0.5489,0.6585,0.7066,0.6253,0.613,0.5226,0.1738,-0.3357,-0.7888,-1.1098,-1.0356,-0.7985,-0.6052,-0.4786,-0.4204,-0.4057,-0.3954,-0.3761,-0.352,-0.002,0.0099,0.0244,0.0418,0.0628,0.0875,0.116,0.1478,0.1821,0.2181,0.2565,0.3001,0.3534,0.4171,0.4745,0.4959,0.4885,0.5026,0.556,0.6199,0.7567,1.0622,1.1196,0.5783,-0.1611,-0.8607,-1.3472,-1.181,-0.8499,-0.6265,-0.4943,-0.428,-0.4,-0.3824,-0.3627,-0.3407,0.0075,0.0197,0.034,0.0508,0.0702,0.0925,0.1175,0.1449,0.1743,0.2054,0.2386,0.2748,0.3146,0.3557,0.3909,0.4136,0.4301,0.4586,0.515,0.628,0.8995,1.401,1.5428,0.8868,0.0767,-0.5809,-0.9505,-0.9305,-0.7461,-0.5851,-0.4795,-0.4189,-0.3858,-0.364,-0.3444,-0.3247,0.0149,0.027,0.0408,0.0566,0.0746,0.0946,0.1167,0.1406,0.166,0.1928,0.221,0.2507,0.2814,0.3115,0.3385,0.3618,0.386,0.4213,0.4833,0.6022,0.8298,1.1363,1.1852,0.7694,0.2019,-0.2701,-0.55,-0.6231,-0.5747,-0.4981,-0.4339,-0.3899,-0.3611,-0.3403,-0.3225,-0.3057]},{"header":{"la1":42.85,"la2":41.18,"lo1":11.55,"lo2":14.05,"nx":36,"ny":24,"dx":0.07143,"dy":0.07261,"parameterCategory":2,"parameterNumber":3,"parameterNumberName":"northward_wind","parameterUnit":"m.s-1"},"data":[0.0411,0.0637,0.09,0.1194,0.1504,0.1803,0.2052,0.2211,0.2252,0.2179,0.2025,0.1837,0.1657,0.151,0.1404,0.1336,0.1296,0.1268,0.1239,0.1196,0.1133,0.105,0.0951,0.0838,0.0718,0.0593,0.0465,0.0336,0.0207,0.0079,-0.0048,-0.0172,-0.0291,-0.0406,-0.0514,-0.0616,0.0382,0.0648,0.0973,0.1356,0.1784,0.222,0.26,0.2844,0.2889,0.2737,0.2455,0.2137,0.1856,0.1646,0.1511,0.144,0.1411,0.1402,0.1389,0.1352,0.1282,0.1182,0.1061,0.0926,0.0786,0.0642,0.0498,0.0353,0.0209,0.0067,-0.0072,-0.0208,-0.0339,-0.0464,-0.0581,-0.069,0.0314,0.0619,0.1014,0.1511,0.2108,0.2766,0.3385,0.3802,0.3865,0.3559,0.3036,0.2493,0.2057,0.1765,0.1602,0.1536,0.1536,0.1564,0.1581,0.1553,0.1469,0.1339,0.1184,0.1019,0.0853,0.0688,0.0525,0.0363,0.0204,0.0046,-0.0108,-0.0257,-0.04,-0.0536,-0.0663,-0.078,0.019,0.0526,0.0988,0.1615,0.2439,0.345,0.4517,0.5317,0.5447,0.482,0.3817,0.2887,0.223,0.1844,0.1662,0.162,0.1672,0.1769,0.1843,0.1828,0.1708,0.1522,0.1316,0.1111,0.0915,0.0727,0.0544,0.0365,0.0188,0.0014,-0.0156,-0.032,-0.0478,-0.0626,-0.0763,-0.0888,-0.0006,0.0337,0.0842,0.1588,0.2674,0.4192,0.6075,0.776,0.8125,0.6768,0.4791,0.3235,0.231,0.185,0.1678,0.1684,0.1818,0.2033,0.2214,0.2209,0.2006,0.1722,0.1442,0.1191,0.0964,0.0754,0.0552,0.0355,0.016,-0.0032,-0.022,-0.0402,-0.0575,-0.0737,-0.0886,-0.102,-0.0286,0.0024,0.0519,0.1314,0.2601,0.467,0.7788,1.1355,1.2465,0.9436,0.5659,0.3312,0.2196,0.1754,0.1643,0.1716,0.1944,0.2328,0.2698,0.269,0.232,0.1892,0.1533,0.1242,0.0993,0.0766,0.0547,0.0332,0.0118,-0.0095,-0.0303,-0.0506,-0.0697,-0.0875,-0.1036,-0.1179,-0.0653,-0.0424,-0.0023,0.0682,0.1936,0.4206,0.8263,1.418,1.665,1.1044,0.5423,0.2764,0.1807,0.156,0.1577,0.1711,0.1983,0.248,0.3037,0.3011,0.2471,0.1944,0.1552,0.1251,0.0996,0.076,0.0528,0.0295,0.006,-0.0177,-0.0411,-0.0637,-0.085,-0.1046,-0.1221,-0.1373,-0.1088,-0.0991,-0.0773,-0.033,0.0543,0.2242,0.5447,1.0323,1.2226,0.7264,0.2994,0.1453,0.121,0.1355,0.1543,0.1702,0.1901,0.2262,0.27,0.2691,0.2254,0.1818,0.1486,0.1219,0.0979,0.0741,0.0498,0.0245,-0.0016,-0.0282,-0.0546,-0.0802,-0.1042,-0.126,-0.145,-0.1609,-0.1558,-0.1625,-0.1654,-0.1594,-0.135,-0.0767,0.0296,0.1472,0.1218,-0.0391,-0.0849,-0.0171,0.0692,0.1321,0.1658,0.1777,0.1804,0.1874,0.2003,0.1999,0.1815,0.1588,0.1377,0.1171,0.0955,0.0719,0.0461,0.0183,-0.0111,-0.0415,-0.0718,-0.1012,-0.1285,-0.1528,-0.1734,-0.1901,-0.2014,-0.2252,-0.2541,-0.2886,-0.3291,-0.3758,-0.4348,-0.5446,-0.7575,-0.803,-0.4681,-0.1364,0.0655,0.1676,0.2046,0.202,0.1784,0.1526,0.1407,0.1409,0.1417,0.1382,0.1291,0.1146,0.0949,0.0706,0.0425,0.0112,-0.0227,-0.058,-0.0936,-0.128,-0.1595,-0.1868,-0.2092,-0.2262,-0.2409,-0.2793,-0.3304,-0.3993,-0.4927,-0.6155,-0.7621,-0.9331,-1.3357,-1.5478,-0.7189,-0.1401,0.1377,0.2533,0.2747,0.2441,0.1766,0.0973,0.0633,0.0822,0.1112,0.1277,0.1292,0.1184,0.0985,0.0718,0.0398,0.0034,-0.0365,-0.0787,-0.1215,-0.1626,-0.1996,-0.2306,-0.2546,-0.2714,-0.27,-0.3184,-0.3843,-0.476,-0.6051,-0.7838,-1.0049,-1.1677,-1.2125,-1.2092,-0.5389,-0.0023,0.2583,0.3596,0.354,0.2975,0.1601,-0.0558,-0.1062,0.0056,0.0939,0.1351,0.144,0.1325,0.1084,0.0765,0.0387,-0.0046,-0.0528,-0.1046,-0.1575,-0.208,-0.2525,-0.288,-0.3132,-0.3282,-0.2865,-0.3387,-0.4098,-0.5089,-0.6499,-0.8525,-1.1288,-1.3867,-1.1997,-0.7354,-0.2133,0.1907,0.3601,0.3974,0.3983,0.368,0.1798,-0.3472,-0.3657,-0.0394,0.1178,0.1763,0.1823,0.1605,0.1261,0.0856,0.0399,-0.0122,-0.0716,-0.1371,-0.2048,-0.2691,-0.3238,-0.3645,-0.3896,-0.4003,-0.29,-0.3401,-0.4066,-0.4969,-0.6213,-0.7926,-1.0123,-1.2104,-1.0398,-0.4906,-0.0198,0.3199,0.4309,0.7317,0.5158,0.5406,0.5105,0.0106,-0.1227,0.0869,0.2281,0.2772,0.2547,0.204,0.1505,0.0991,0.0451,-0.0176,-0.0922,-0.1777,-0.268,-0.3532,-0.4225,-0.4687,-0.4905,-0.4921,-0.2822,-0.3255,-0.3805,-0.4506,-0.5389,-0.6443,-0.7477,-0.7739,-0.5835,-0.2315,0.0518,0.272,0.4973,0.7782,0.5786,0.8978,1.4025,0.639,0.2753,0.3077,0.4643,0.4806,0.3673,0.2561,0.1771,0.1176,0.0584,-0.0156,-0.1116,-0.2279,-0.3543,-0.4728,-0.5633,-0.6135,-0.6248,-0.608,-0.2663,-0.3003,-0.3407,-0.3873,-0.4377,-0.4829,-0.4998,-0.4456,-0.2876,-0.0896,-0.0253,0.3043,0.3496,0.4425,0.4599,0.7708,1.1222,0.6015,0.316,0.461,0.8858,0.7982,0.4789,0.2903,0.1982,0.147,0.0923,0.0054,-0.123,-0.2885,-0.4747,-0.6483,-0.7691,-0.8168,-0.802,-0.7508,-0.2457,-0.2702,-0.2966,-0.323,-0.3449,-0.3532,-0.3328,-0.2672,-0.1569,-0.0464,-0.0141,0.1359,0.1387,0.0984,0.2035,0.2955,0.3394,0.1546,0.0371,0.3259,0.9227,0.8096,0.4497,0.2702,0.2153,0.2107,0.177,0.0671,-0.1158,-0.3592,-0.6435,-0.9095,-1.072,-1.0971,-1.0257,-0.9161,-0.2236,-0.2397,-0.2549,-0.2669,-0.2715,-0.2624,-0.2324,-0.1772,-0.1028,-0.0295,0.0273,0.0727,0.0494,0.0148,-0.0986,-0.1683,-0.0905,-0.2363,-0.4308,-0.0942,0.2741,0.3581,0.2571,0.2015,0.2523,0.3632,0.3692,0.1928,-0.0839,-0.4357,-0.8665,-1.2796,-1.4901,-1.4491,-1.2765,-1.0839,-0.2022,-0.2117,-0.2191,-0.222,-0.2177,-0.2026,-0.174,-0.1317,-0.0811,-0.0321,0.0049,0.0186,-0.0128,-0.1476,-0.5893,-0.7641,-0.3494,-0.3116,-0.3962,-0.3012,-0.1166,0.0119,0.0509,0.1138,0.3062,0.6321,0.6945,0.3376,-0.0567,-0.5033,-1.0925,-1.6863,-1.9322,-1.7808,-1.4862,-1.2124,-0.1829,-0.1878,-0.19,-0.188,-0.1799,-0.1643,-0.1403,-0.1092,-0.0751,-0.0448,-0.0265,-0.0326,-0.0859,-0.2421,-0.5616,-0.6598,-0.3917,-0.3172,-0.4222,-0.4742,-0.3002,-0.2031,-0.1457,-0.024,0.2322,0.647,0.7315,0.2512,-0.1062,-0.5335,-1.1679,-1.8371,-2.0925,-1.8918,-1.553,-1.2536,-0.1662,-0.168,-0.1673,-0.1629,-0.1541,-0.1401,-0.1212,-0.0991,-0.0768,-0.0594,-0.0535,-0.0681,-0.1167,-0.2136,-0.3365,-0.3756,-0.3196,-0.3082,-0.3719,-0.4014,-0.3807,-0.4265,-0.4223,-0.2618,-0.0356,0.0699,-0.1279,-0.1544,-0.2237,-0.5154,-1.0199,-1.56,-1.8025,-1.6913,-1.4386,-1.192,-0.1524,-0.1524,-0.1501,-0.145,-0.1367,-0.1251,-0.1109,-0.0955,-0.0815,-0.0724,-0.0728,-0.088,-0.1227,-0.1762,-0.2315,-0.2608,-0.2669,-0.2856,-0.3298,-0.3921,-0.5332,-0.8034,-0.8761,-0.5802,-0.2876,-0.2371,-0.3805,-0.3217,-0.3031,-0.479,-0.8053,-1.156,-1.3554,-1.3483,-1.2197,-1.0606,-0.1413,-0.1402,-0.1372,-0.1323,-0.1251,-0.116,-0.1056,-0.0952,-0.0868,-0.0827,-0.0858,-0.0988,-0.1227,-0.1552,-0.1887,-0.2159,-0.2398,-0.2733,-0.3302,-0.438,-0.6734,-1.0632,-1.1678,-0.7861,-0.4378,-0.3067,-0.3109,-0.3086,-0.3324,-0.4483,-0.6451,-0.8575,-1.0022,-1.0402,-0.9947,-0.9092,-0.1324,-0.1308,-0.1279,-0.1234,-0.1176,-0.1107,-0.1033,-0.0966,-0.0918,-0.0907,-0.0948,-0.1056,-0.1232,-0.146,-0.1712,-0.1973,-0.2269,-0.2676,-0.3324,-0.4453,-0.641,-0.8839,-0.9385,-0.7201,-0.4798,-0.3505,-0.3117,-0.3124,-0.345,-0.424,-0.5435,-0.6725,-0.7714,-0.8167,-0.8106,-0.7709]}]