docs/data/wind_grid.json
[{"header":{"la1":42.85,"la2":41.18,"lo1":11.55,"lo2":14.05,"nx":36,"ny":24,"dx":0.07143,"dy":0.07261,"parameterCategory":2,"parameterNumber":2,"parameterNumberName":"eastward_wind","parameterUnit":"m.s-1"},"data":[0.9064,0.902,0.8976,0.8938,0.8913,0.8913,0.8954,0.9056,0.9239,0.9518,0.9901,1.0388,1.0967,1.1598,1.2198,1.2646,1.284,1.2772,1.2525,1.2209,1.1897,1.1624,1.1397,1.1211,1.1058,1.093,1.0822,1.0728,1.0645,1.057,1.0503,1.0442,1.0385,1.0334,1.0286,1.0242,0.8995,0.8932,0.8864,0.8793,0.873,0.8686,0.8687,0.8763,0.8946,0.9264,0.973,1.0353,1.1135,1.2046,1.297,1.3667,1.3901,1.3659,1.3159,1.2622,1.2157,1.1789,1.1506,1.1286,1.1112,1.097,1.0852,1.0751,1.0661,1.0582,1.051,1.0444,1.0384,1.0329,1.0278,1.0232,0.8933,0.8849,0.8752,0.8641,0.8524,0.8414,0.8343,0.8361,0.8528,0.8884,0.9445,1.0222,1.1249,1.2552,1.4017,1.5187,1.546,1.4833,1.3878,1.3022,1.2377,1.1915,1.1583,1.1338,1.115,1.0999,1.0874,1.0767,1.0673,1.0588,1.0512,1.0442,1.0378,1.0319,1.0265,1.0216,0.8882,0.8778,0.865,0.8494,0.8308,0.81,0.7907,0.7811,0.7929,0.8333,0.901,0.9942,1.12,1.2932,1.5153,1.7138,1.7442,1.6097,1.449,1.3287,1.2493,1.1972,1.1618,1.1363,1.117,1.1016,1.0887,1.0776,1.0678,1.0589,1.0508,1.0434,1.0366,1.0303,1.0246,1.0195,0.8849,0.8729,0.8575,0.8373,0.8109,0.7772,0.7383,0.7065,0.7078,0.7581,0.8432,0.9497,1.0864,1.2801,1.5542,1.8291,1.8628,1.6627,1.4595,1.326,1.245,1.1944,1.1606,1.1363,1.1175,1.1023,1.0893,1.0779,1.0677,1.0585,1.0499,1.042,1.0348,1.0281,1.0221,1.0167,0.8839,0.8711,0.8541,0.8306,0.7977,0.7506,0.6856,0.6148,0.5955,0.6696,0.7822,0.8964,1.0239,1.1934,1.4268,1.6616,1.7032,1.5525,1.3945,1.2899,1.2259,1.1848,1.1562,1.1346,1.1171,1.1023,1.0894,1.0778,1.0672,1.0574,1.0484,1.0399,1.0322,1.0251,1.0186,1.0129,0.8857,0.8732,0.8562,0.8322,0.7969,0.7431,0.6602,0.5509,0.5069,0.6126,0.7424,0.8482,0.9507,1.0713,1.2176,1.3543,1.4031,1.359,1.2922,1.2393,1.2018,1.1739,1.1517,1.1329,1.1166,1.1022,1.0892,1.0772,1.0662,1.0558,1.0461,1.037,1.0286,1.021,1.0142,1.0082,0.8903,0.8794,0.8645,0.8432,0.8115,0.7633,0.691,0.6015,0.5685,0.6421,0.7318,0.8096,0.8836,0.9633,1.0525,1.138,1.195,1.2155,1.2136,1.2021,1.1862,1.1684,1.1503,1.133,1.117,1.1023,1.0889,1.0764,1.0647,1.0536,1.0431,1.0331,1.024,1.0157,1.0084,1.0021,0.8973,0.8892,0.8784,0.8629,0.8398,0.8042,0.7523,0.6925,0.6548,0.6623,0.7105,0.7705,0.8248,0.8794,0.9451,1.0218,1.0965,1.1544,1.1879,1.1975,1.19,1.1736,1.1545,1.1357,1.1185,1.1029,1.0886,1.0754,1.0627,1.0506,1.039,1.028,1.0178,1.0087,1.0009,0.9943,0.9061,0.9016,0.8962,0.889,0.8779,0.8575,0.8156,0.7301,0.5986,0.5504,0.6448,0.7269,0.7689,0.8038,0.8635,0.9581,1.0707,1.1699,1.2268,1.2368,1.2184,1.1911,1.1642,1.1407,1.1208,1.1036,1.0883,1.074,1.0603,1.0468,1.0337,1.0212,1.0097,0.9996,0.9911,0.9843,0.9154,0.9149,0.9156,0.9182,0.9229,0.9266,0.9112,0.8027,0.4465,0.2822,0.5779,0.6938,0.7095,0.7118,0.7726,0.9146,1.1046,1.2808,1.3572,1.3304,1.2705,1.2167,1.1761,1.1459,1.1227,1.104,1.0876,1.0723,1.0572,1.042,1.0268,1.0122,0.9988,0.9873,0.9781,0.9714,0.9243,0.9273,0.9335,0.9454,0.967,1.0043,1.0609,1.0781,0.7611,0.5054,0.6445,0.6756,0.6455,0.5796,0.6533,0.8852,1.2105,1.5667,1.6436,1.4772,1.3295,1.2388,1.1838,1.1481,1.123,1.1035,1.0867,1.0705,1.0537,1.036,1.0177,0.9999,0.9839,0.9707,0.9609,0.9545,0.9316,0.937,0.9468,0.9644,0.9962,1.0545,1.1592,1.291,1.1507,0.8577,0.7245,0.6123,0.5917,0.5408,0.612,0.9194,1.3461,2.0031,2.0176,1.5853,1.3512,1.2395,1.1806,1.1449,1.1207,1.1022,1.0859,1.0691,1.0501,1.0287,1.0056,0.9829,0.963,0.9476,0.9374,0.9323,0.9368,0.9431,0.9538,0.9718,1.0022,1.0531,1.1313,1.2124,1.1348,0.9149,0.7496,0.501,0.4498,0.7782,0.7987,1.0761,1.409,1.7422,1.7772,1.4819,1.2975,1.211,1.1653,1.1363,1.1163,1.101,1.0866,1.0695,1.0474,1.02,0.9891,0.9585,0.9326,0.9146,0.9052,0.903,0.9399,0.9458,0.955,0.9693,0.9906,1.0203,1.0533,1.0632,1.0014,0.896,0.8165,0.7382,0.7418,0.793,0.9126,1.3663,1.7764,1.5059,1.4008,1.2876,1.2089,1.1731,1.1463,1.1253,1.1116,1.1022,1.0914,1.0742,1.0472,1.0099,0.9656,0.9218,0.887,0.8666,0.8605,0.8647,0.9413,0.9459,0.9527,0.9619,0.9736,0.9856,0.9915,0.9785,0.9388,0.8947,0.8894,0.8271,0.8428,0.8844,0.9943,1.3247,1.6047,1.3537,1.1991,1.1583,1.1743,1.1639,1.1321,1.1141,1.1093,1.1094,1.1049,1.0878,1.0528,0.9988,0.9312,0.8646,0.8164,0.7959,0.799,0.8158,0.9416,0.9448,0.9491,0.9541,0.959,0.9616,0.9582,0.9448,0.9225,0.9027,0.8987,0.8914,1.0122,1.0881,1.0342,1.1158,1.1681,1.0618,0.9682,1.0444,1.1625,1.1505,1.1103,1.1014,1.1129,1.1285,1.133,1.1159,1.0692,0.9879,0.8799,0.7735,0.7065,0.6936,0.7184,0.7576,0.9414,0.9434,0.9457,0.9479,0.9492,0.9483,0.9436,0.9344,0.9231,0.9151,0.9175,0.95,1.0662,1.1015,1.0267,1.0194,0.9927,0.8179,0.6433,0.875,1.0269,1.0654,1.0679,1.0873,1.127,1.1634,1.1768,1.1621,1.1023,0.9818,0.8082,0.6355,0.5463,0.5597,0.6252,0.6972,0.9411,0.9423,0.9433,0.944,0.9438,0.9421,0.9385,0.9334,0.9288,0.9281,0.9366,0.9619,1.001,1.0129,0.9932,0.9866,0.9535,0.8252,0.7383,0.8869,0.9525,0.9876,1.0166,1.0712,1.1498,1.1979,1.2074,1.2205,1.1592,0.993,0.7348,0.4747,0.3687,0.4293,0.5457,0.6509,0.9411,0.9416,0.942,0.942,0.9414,0.94,0.9378,0.9356,0.9346,0.937,0.9452,0.9602,0.977,0.9854,0.9846,0.9808,0.9535,0.9117,0.9436,0.9739,0.9309,0.9151,0.9397,1.0336,1.1697,1.2278,1.2338,1.3313,1.2572,1.0433,0.7264,0.415,0.3021,0.3857,0.5221,0.6382,0.9413,0.9414,0.9415,0.9413,0.9408,0.9399,0.9389,0.9384,0.9391,0.9422,0.9485,0.9575,0.9667,0.9724,0.973,0.9667,0.9493,0.9311,0.9353,0.9314,0.8622,0.7677,0.7644,0.9254,1.18,1.44,1.716,1.6484,1.4046,1.1326,0.8237,0.5463,0.4293,0.4721,0.5721,0.6663,0.9417,0.9417,0.9416,0.9415,0.9411,0.9408,0.9405,0.9408,0.9422,0.945,0.9495,0.955,0.9601,0.9628,0.9616,0.9546,0.9408,0.9224,0.8994,0.8466,0.7006,0.4535,0.3959,0.7005,1.1237,1.5814,1.9646,1.8126,1.4865,1.2062,0.9511,0.7416,0.6306,0.6213,0.6656,0.7221,0.9423,0.9423,0.9422,0.9421,0.942,0.9419,0.9421,0.9428,0.9442,0.9464,0.9494,0.9526,0.955,0.9554,0.9524,0.9445,0.93,0.9062,0.8641,0.7737,0.568,0.2286,0.1375,0.5223,0.9946,1.4034,1.6524,1.6131,1.4212,1.2178,1.0335,0.884,0.7901,0.7551,0.7608,0.785,0.943,0.943,0.943,0.9429,0.943,0.9431,0.9435,0.9442,0.9454,0.947,0.9488,0.9504,0.951,0.9497,0.9454,0.9364,0.9206,0.8937,0.846,0.756,0.5938,0.3891,0.3514,0.5905,0.9175,1.1956,1.3601,1.3805,1.3005,1.1833,1.0643,0.9619,0.8889,0.8491,0.8365,0.8407]},{"header":{"la1":42.85,"la2":41.18,"lo1":11.55,"lo2":14.05,"nx":36,"ny":24,"dx":0.07143,"dy":0.07261,"parameterCategory":2,"parameterNumber":3,"parameterNumberName":"northward_wind","parameterUnit":"m.s-1"},"data":[0.4668,0.4426,0.416,0.3876,0.3588,0.3315,0.3087,0.2932,0.2866,0.2877,0.2934,0.299,0.3009,0.2977,0.2917,0.2888,0.2952,0.3135,0.3412,0.3734,0.4063,0.4377,0.4667,0.4933,0.5178,0.5403,0.5611,0.5804,0.5984,0.6151,0.6307,0.6452,0.6587,0.6711,0.6825,0.6929,0.4632,0.435,0.4029,0.367,0.3288,0.2911,0.2587,0.2374,0.2308,0.238,0.2526,0.2658,0.2703,0.2629,0.2469,0.2337,0.2375,0.2631,0.3032,0.3473,0.3892,0.4269,0.4603,0.49,0.5167,0.541,0.5632,0.5837,0.6028,0.6204,0.6368,0.652,0.666,0.6789,0.6906,0.7014,0.4625,0.4302,0.3917,0.3464,0.295,0.2407,0.191,0.1577,0.1508,0.17,0.2024,0.2306,0.2415,0.2284,0.1944,0.1604,0.1593,0.2004,0.2618,0.3226,0.3752,0.4193,0.4566,0.489,0.5176,0.5434,0.5669,0.5885,0.6085,0.627,0.6442,0.66,0.6746,0.6879,0.7001,0.711,0.466,0.4301,0.3852,0.329,0.2599,0.1795,0.0979,0.0379,0.0274,0.0709,0.1386,0.1948,0.2189,0.2018,0.1429,0.0735,0.0657,0.1356,0.2273,0.3062,0.3679,0.4167,0.4567,0.4908,0.5208,0.5477,0.5723,0.5949,0.6158,0.6351,0.653,0.6696,0.6847,0.6985,0.7109,0.7221,0.4752,0.4371,0.3872,0.3204,0.2309,0.1135,-0.0258,-0.147,-0.173,-0.0775,0.0599,0.1624,0.2082,0.1957,0.1233,0.0243,0.0116,0.1081,0.2196,0.3064,0.3706,0.4203,0.4609,0.4956,0.5263,0.554,0.5794,0.6029,0.6247,0.6449,0.6635,0.6807,0.6964,0.7106,0.7234,0.7347,0.4913,0.4536,0.4021,0.3292,0.223,0.0652,-0.1598,-0.4094,-0.4863,-0.2768,-0.016,0.145,0.2136,0.216,0.1646,0.0898,0.0802,0.1579,0.2506,0.3255,0.3832,0.4295,0.4686,0.503,0.5339,0.5621,0.5883,0.6126,0.6352,0.6563,0.6758,0.6937,0.71,0.7247,0.7377,0.7491,0.5148,0.4809,0.4333,0.3635,0.2557,0.0808,-0.2082,-0.6113,-0.7771,-0.4033,-0.0249,0.163,0.2353,0.2489,0.2302,0.2029,0.2034,0.2441,0.3004,0.3539,0.4007,0.4417,0.4786,0.5121,0.5431,0.5719,0.5988,0.624,0.6475,0.6696,0.69,0.7088,0.7258,0.7409,0.7542,0.7656,0.545,0.5184,0.481,0.4256,0.3387,0.196,-0.0415,-0.3733,-0.5008,-0.1907,0.094,0.2227,0.2657,0.273,0.2693,0.2677,0.278,0.3036,0.3391,0.3779,0.4164,0.4536,0.4888,0.5221,0.5534,0.5829,0.6107,0.637,0.6617,0.6849,0.7064,0.7262,0.744,0.7596,0.7731,0.7844,0.5801,0.5635,0.5408,0.508,0.4579,0.3795,0.2639,0.138,0.1063,0.1906,0.2667,0.2926,0.2851,0.2703,0.2665,0.2774,0.2981,0.3247,0.3555,0.3896,0.4258,0.4624,0.4981,0.5322,0.5645,0.595,0.624,0.6516,0.6777,0.7023,0.7253,0.7463,0.7651,0.7814,0.7951,0.8062,0.6174,0.6118,0.6055,0.5978,0.587,0.569,0.5367,0.4862,0.4362,0.4105,0.3852,0.3343,0.2694,0.2216,0.2162,0.2454,0.2837,0.3178,0.3504,0.387,0.4271,0.4674,0.5058,0.542,0.5759,0.6081,0.6386,0.6677,0.6956,0.7221,0.747,0.7698,0.7899,0.807,0.8208,0.8315,0.6538,0.6585,0.6673,0.6824,0.7065,0.7392,0.7637,0.7136,0.508,0.4208,0.4386,0.338,0.2014,0.0982,0.1055,0.1837,0.2526,0.2907,0.3228,0.369,0.4209,0.4692,0.5123,0.5514,0.5877,0.6218,0.6542,0.6854,0.7155,0.7446,0.7721,0.7973,0.8192,0.8373,0.8512,0.861,0.6868,0.6995,0.7198,0.752,0.8029,0.8813,0.988,1.0448,0.773,0.5421,0.4844,0.3216,0.1006,-0.1375,-0.0672,0.1209,0.2251,0.2372,0.2577,0.3356,0.4118,0.4702,0.5179,0.5603,0.5994,0.6359,0.6705,0.7041,0.7373,0.77,0.8014,0.83,0.8545,0.8738,0.8875,0.8958,0.7146,0.7325,0.7592,0.7999,0.8632,0.9633,1.1186,1.2899,1.1291,0.7766,0.5335,0.3045,0.1165,-0.2119,-0.1277,0.1295,0.2203,0.1549,0.1639,0.313,0.411,0.471,0.5204,0.567,0.6103,0.6497,0.6866,0.7231,0.7604,0.7985,0.8358,0.8698,0.8981,0.9189,0.9317,0.9373,0.7367,0.7566,0.7848,0.8252,0.884,0.9693,1.0848,1.1935,1.1043,0.8403,0.6094,0.2794,0.1601,0.1192,0.1604,0.2132,0.2173,0.2179,0.245,0.3581,0.4178,0.4565,0.5101,0.5686,0.6197,0.6621,0.7007,0.7404,0.7837,0.8302,0.877,0.9197,0.9535,0.9758,0.9863,0.9871,0.7535,0.7732,0.7993,0.8339,0.8791,0.9352,0.9937,1.0226,0.9751,0.9032,0.8552,0.7104,0.484,0.3982,0.3624,0.2066,-0.0154,0.2709,0.4074,0.4246,0.3582,0.3698,0.471,0.5652,0.6283,0.6709,0.7083,0.7516,0.8044,0.8651,0.9278,0.9845,1.0266,1.0497,1.0547,1.0468,0.7661,0.7842,0.8068,0.8345,0.8669,0.9015,0.9316,0.9479,0.9607,1.04,1.2622,1.2271,0.9997,0.6955,0.599,0.3719,0.1656,0.4533,0.6075,0.4561,0.0809,0.1539,0.4215,0.5726,0.6389,0.6687,0.6982,0.7473,0.8179,0.903,0.9925,1.0723,1.1264,1.1473,1.1403,1.117,0.7757,0.7919,0.8111,0.8333,0.8575,0.8823,0.9057,0.9305,0.9742,1.0791,1.2482,1.2026,1.3115,1.3728,0.9563,0.7766,0.7353,0.9081,1.0195,0.6896,0.0695,0.1678,0.482,0.6199,0.6468,0.6321,0.643,0.7108,0.8182,0.9444,1.0774,1.1949,1.2647,1.275,1.2436,1.1952,0.7832,0.7978,0.8145,0.8329,0.8529,0.874,0.8968,0.9253,0.9685,1.0338,1.1016,1.1622,1.3838,1.4401,1.2185,1.1731,1.1298,1.3681,1.6269,1.2285,0.7788,0.6386,0.6894,0.7024,0.6275,0.5066,0.488,0.6238,0.8066,0.9914,1.1851,1.3593,1.446,1.4283,1.3551,1.2725,0.7896,0.8028,0.8177,0.8339,0.8517,0.8711,0.8932,0.9206,0.9563,1.0008,1.0507,1.1141,1.2048,1.2812,1.5013,1.6082,1.3542,1.4692,1.6429,1.6222,1.2998,1.0284,0.9006,0.7911,0.5847,0.2575,0.1933,0.526,0.8174,1.0462,1.294,1.5316,1.6292,1.5676,1.4464,1.3315,0.7951,0.8074,0.8209,0.8358,0.8522,0.8704,0.8914,0.9163,0.9464,0.9821,1.0241,1.0763,1.1453,1.2557,1.4671,1.5377,1.3998,1.5109,1.9407,2.1303,1.585,1.2387,1.0616,0.9076,0.6668,0.2574,0.1724,0.6747,0.9281,1.107,1.3436,1.5955,1.6933,1.6141,1.4774,1.3533,0.8001,0.8116,0.8242,0.8381,0.8535,0.8707,0.8902,0.9129,0.9393,0.9703,1.007,1.0521,1.1113,1.1936,1.2907,1.3362,1.3506,1.4748,1.7358,1.8081,1.5306,1.319,1.2052,1.0743,0.9381,0.939,1.2652,1.244,1.1358,1.1666,1.3129,1.4972,1.5836,1.5381,1.4357,1.333,0.8045,0.8154,0.8274,0.8405,0.855,0.8712,0.8894,0.9102,0.9341,0.9616,0.9939,1.0327,1.0799,1.136,1.1925,1.2371,1.2841,1.367,1.4662,1.4834,1.4103,1.391,1.3792,1.2469,1.1556,1.3141,1.6426,1.4988,1.2684,1.2058,1.2608,1.3596,1.4205,1.4101,1.3538,1.2849,0.8085,0.8189,0.8303,0.8428,0.8565,0.8718,0.8888,0.9079,0.9296,0.9543,0.9827,1.0156,1.0532,1.0946,1.1366,1.1771,1.2212,1.2736,1.3219,1.3448,1.3673,1.4531,1.4835,1.3389,1.236,1.2956,1.4131,1.3763,1.2647,1.2084,1.2186,1.2615,1.2955,1.2975,1.2705,1.2289,0.8121,0.8221,0.8329,0.8448,0.8578,0.8722,0.8881,0.9058,0.9255,0.9477,0.9727,1.0007,1.0316,1.0646,1.0987,1.1334,1.1697,1.2074,1.2427,1.2748,1.3199,1.3861,1.398,1.3136,1.2392,1.2367,1.2646,1.2557,1.2153,1.1857,1.1832,1.1988,1.2143,1.2165,1.2027,1.1777]}]