docs/data/wind_grid.json
{"header": {"la1":42.1,"la2":41.55,"lo1":12.1,"lo2":12.95,"nx":50,"ny":50,"dx":0.01735,"dy":0.01122,"parameterCategory":2,"parameterNumber":2,"parameterNumberName":"eastward_wind","parameterUnit":"m.s-1"}, "data":
[rows 0 to 39 of 50, columns 0 to 49 of 50]
-0.4143,-0.4125,-0.4109,-0.4096,-0.4086,-0.4078,-0.4074,-0.4074,-0.4078,-0.4086,-0.41,-0.4121,-0.415,-0.4188,-0.4238,-0.4302,-0.4385,-0.449,-0.4621,-0.4786,-0.4989,-0.5237,-0.5536,-0.5894,-0.6314,-0.6803,-0.7362,-0.7993,-0.8697,-0.947,-1.0308,-1.12,-1.2135,-1.3095,-1.4057,-1.4992,-1.587,-1.6657,-1.7326,-1.7856,-1.8234,-1.8462,-1.8549,-1.8514,-1.8378,-1.8164,-1.7893,-1.7584,-1.7252,-1.6908
-0.408,-0.4059,-0.4041,-0.4024,-0.4011,-0.4,-0.3992,-0.3987,-0.3986,-0.399,-0.3998,-0.4013,-0.4034,-0.4064,-0.4106,-0.4161,-0.4234,-0.4329,-0.4451,-0.4607,-0.4803,-0.5046,-0.5344,-0.5705,-0.6133,-0.6635,-0.7214,-0.7872,-0.861,-0.9425,-1.0312,-1.1262,-1.2263,-1.3296,-1.4336,-1.535,-1.6303,-1.7156,-1.7875,-1.8436,-1.8825,-1.9043,-1.9104,-1.9031,-1.885,-1.8587,-1.8268,-1.7913,-1.7539,-1.7158
-0.4018,-0.3994,-0.3972,-0.3953,-0.3936,-0.3921,-0.3909,-0.39,-0.3895,-0.3893,-0.3896,-0.3904,-0.3918,-0.394,-0.3972,-0.4018,-0.408,-0.4164,-0.4275,-0.442,-0.4607,-0.4844,-0.514,-0.5501,-0.5937,-0.6451,-0.705,-0.7736,-0.8508,-0.9366,-1.0304,-1.1315,-1.2385,-1.3495,-1.4618,-1.5718,-1.6754,-1.768,-1.8455,-1.9049,-1.9447,-1.9652,-1.9681,-1.9563,-1.933,-1.9014,-1.8643,-1.8239,-1.782,-1.74
-0.3955,-0.3929,-0.3904,-0.3881,-0.3861,-0.3843,-0.3827,-0.3814,-0.3804,-0.3797,-0.3794,-0.3795,-0.3801,-0.3815,-0.3837,-0.3872,-0.3922,-0.3994,-0.4092,-0.4226,-0.4402,-0.4631,-0.4922,-0.5284,-0.5725,-0.6252,-0.6871,-0.7583,-0.8391,-0.9292,-1.0282,-1.1354,-1.2496,-1.3687,-1.4899,-1.6093,-1.722,-1.8227,-1.9064,-1.9694,-2.0099,-2.0286,-2.0277,-2.0108,-1.9816,-1.944,-1.9012,-1.8556,-1.8091,-1.7631
-0.3893,-0.3864,-0.3836,-0.3811,-0.3787,-0.3765,-0.3745,-0.3728,-0.3714,-0.3701,-0.3692,-0.3687,-0.3685,-0.369,-0.3702,-0.3725,-0.3762,-0.382,-0.3904,-0.4023,-0.4187,-0.4406,-0.4691,-0.5052,-0.5498,-0.6038,-0.6675,-0.7415,-0.8258,-0.9202,-1.0245,-1.1379,-1.2593,-1.3868,-1.5174,-1.6469,-1.7695,-1.8791,-1.9696,-2.0364,-2.0776,-2.094,-2.0886,-2.0657,-2.03,-1.986,-1.9371,-1.886,-1.8348,-1.7848
-0.3832,-0.38,-0.3769,-0.374,-0.3713,-0.3688,-0.3665,-0.3643,-0.3624,-0.3607,-0.3592,-0.3579,-0.357,-0.3565,-0.3566,-0.3576,-0.36,-0.3642,-0.3711,-0.3814,-0.3964,-0.417,-0.4447,-0.4805,-0.5256,-0.5807,-0.6464,-0.7231,-0.8108,-0.9096,-1.019,-1.1385,-1.2671,-1.4031,-1.5435,-1.6836,-1.817,-1.9364,-2.0343,-2.1052,-2.1469,-2.1605,-2.1498,-2.1202,-2.0774,-2.0265,-1.9712,-1.9146,-1.8587,-1.8046
-0.3771,-0.3736,-0.3702,-0.367,-0.364,-0.3611,-0.3585,-0.3559,-0.3536,-0.3514,-0.3493,-0.3473,-0.3456,-0.3441,-0.3431,-0.3428,-0.3437,-0.3463,-0.3513,-0.3599,-0.3731,-0.3923,-0.419,-0.4545,-0.4998,-0.556,-0.6237,-0.7031,-0.7943,-0.8973,-1.0116,-1.137,-1.2726,-1.417,-1.5672,-1.7183,-1.8633,-1.9933,-2.0993,-2.1747,-2.2167,-2.2268,-2.2102,-2.1733,-2.1229,-2.0646,-2.0029,-1.9407,-1.8801,-1.8222
-0.371,-0.3672,-0.3636,-0.3601,-0.3568,-0.3536,-0.3505,-0.3477,-0.3449,-0.3422,-0.3396,-0.337,-0.3344,-0.332,-0.3298,-0.3281,-0.3274,-0.3281,-0.3312,-0.3377,-0.349,-0.3666,-0.3921,-0.427,-0.4726,-0.5299,-0.5995,-0.6816,-0.7763,-0.8833,-1.0024,-1.1332,-1.2753,-1.4276,-1.5873,-1.7497,-1.9067,-2.0481,-2.1629,-2.2431,-2.2852,-2.2914,-2.2682,-2.2234,-2.165,-2.0994,-2.0313,-1.9637,-1.8987,-1.8372
-0.365,-0.361,-0.357,-0.3532,-0.3496,-0.3461,-0.3428,-0.3395,-0.3363,-0.3332,-0.3301,-0.3268,-0.3235,-0.3201,-0.3167,-0.3136,-0.3112,-0.31,-0.3109,-0.3151,-0.3242,-0.3399,-0.364,-0.3982,-0.444,-0.5024,-0.574,-0.659,-0.7571,-0.868,-0.9913,-1.127,-1.2747,-1.434,-1.6027,-1.7759,-1.9452,-2.0985,-2.2228,-2.308,-2.3501,-2.3521,-2.3218,-2.2689,-2.2025,-2.1297,-2.0554,-1.9829,-1.9138,-1.8491
-0.3591,-0.3548,-0.3505,-0.3465,-0.3425,-0.3387,-0.3351,-0.3315,-0.328,-0.3245,-0.3208,-0.317,-0.3129,-0.3086,-0.304,-0.2995,-0.2952,-0.2919,-0.2905,-0.2923,-0.2989,-0.3124,-0.3348,-0.3682,-0.4142,-0.4738,-0.5475,-0.6353,-0.7368,-0.8514,-0.9786,-1.1182,-1.2705,-1.4354,-1.6117,-1.795,-1.9762,-2.1416,-2.2758,-2.3664,-2.4085,-2.4061,-2.3687,-2.3078,-2.2337,-2.1542,-2.0744,-1.9975,-1.925,-1.8576
-0.3533,-0.3486,-0.3441,-0.3398,-0.3356,-0.3315,-0.3275,-0.3237,-0.3199,-0.3159,-0.3119,-0.3075,-0.3027,-0.2975,-0.2918,-0.2857,-0.2797,-0.2742,-0.2702,-0.2693,-0.2731,-0.2842,-0.3048,-0.3373,-0.3835,-0.4443,-0.5203,-0.6111,-0.716,-0.834,-0.9644,-1.107,-1.2624,-1.4312,-1.6132,-1.8048,-1.9968,-2.1741,-2.3183,-2.4144,-2.4568,-2.4502,-2.4061,-2.3379,-2.257,-2.1717,-2.0873,-2.0069,-1.9317,-1.8624
-0.3475,-0.3426,-0.3378,-0.3332,-0.3287,-0.3243,-0.3201,-0.316,-0.3119,-0.3077,-0.3033,-0.2984,-0.293,-0.2869,-0.2801,-0.2726,-0.2647,-0.2569,-0.2503,-0.2464,-0.2472,-0.2555,-0.2742,-0.3057,-0.3521,-0.4144,-0.4928,-0.5868,-0.6951,-0.8163,-0.9494,-1.0938,-1.2504,-1.4208,-1.6059,-1.8032,-2.0042,-2.1921,-2.3459,-2.4477,-2.4908,-2.4808,-2.4311,-2.3569,-2.2707,-2.1811,-2.0934,-2.0105,-1.9337,-1.8631
-0.3418,-0.3366,-0.3316,-0.3266,-0.3219,-0.3173,-0.3129,-0.3085,-0.3042,-0.2997,-0.295,-0.2898,-0.2839,-0.277,-0.2691,-0.2602,-0.2504,-0.2404,-0.231,-0.2239,-0.2215,-0.2268,-0.2433,-0.2739,-0.3206,-0.3845,-0.4656,-0.5629,-0.6747,-0.7991,-0.9341,-1.0791,-1.235,-1.4042,-1.589,-1.7887,-1.9954,-2.1918,-2.3542,-2.4617,-2.5063,-2.4943,-2.441,-2.3629,-2.2733,-2.1813,-2.0919,-2.008,-1.9305,-1.8597
-0.3362,-0.3307,-0.3254,-0.3202,-0.3152,-0.3104,-0.3057,-0.3012,-0.2967,-0.2921,-0.2871,-0.2816,-0.2753,-0.2678,-0.259,-0.2487,-0.2371,-0.2248,-0.2126,-0.2023,-0.1964,-0.1985,-0.2127,-0.2423,-0.2896,-0.3553,-0.4393,-0.5401,-0.6556,-0.783,-0.9195,-1.0639,-1.217,-1.382,-1.5626,-1.7603,-1.9687,-2.1703,-2.3392,-2.4521,-2.4993,-2.4876,-2.4333,-2.3542,-2.264,-2.1717,-2.0825,-1.999,-1.9221,-1.8519
-0.3307,-0.3249,-0.3193,-0.3139,-0.3086,-0.3036,-0.2987,-0.294,-0.2894,-0.2847,-0.2797,-0.274,-0.2673,-0.2594,-0.2497,-0.2382,-0.225,-0.2105,-0.1956,-0.182,-0.1726,-0.1713,-0.1831,-0.2119,-0.2599,-0.3276,-0.4146,-0.5192,-0.6386,-0.7689,-0.9066,-1.0493,-1.1975,-1.3552,-1.5276,-1.7184,-1.9232,-2.1256,-2.2985,-2.4161,-2.4672,-2.4585,-2.4067,-2.3299,-2.242,-2.1521,-2.0651,-1.9836,-1.9084,-1.8398
-0.3253,-0.3192,-0.3133,-0.3076,-0.3021,-0.2968,-0.2918,-0.287,-0.2823,-0.2776,-0.2726,-0.2669,-0.2601,-0.2518,-0.2415,-0.229,-0.2142,-0.1977,-0.1803,-0.1637,-0.1508,-0.1462,-0.1557,-0.1838,-0.2325,-0.3023,-0.3923,-0.5008,-0.6243,-0.7578,-0.8964,-1.0365,-1.1782,-1.3257,-1.4858,-1.6645,-1.8603,-2.0583,-2.2316,-2.3529,-2.4094,-2.4066,-2.361,-2.2901,-2.2077,-2.1226,-2.0398,-1.9619,-1.8897,-1.8236
-0.32,-0.3136,-0.3074,-0.3014,-0.2956,-0.2901,-0.285,-0.2801,-0.2754,-0.2707,-0.2658,-0.2603,-0.2535,-0.2451,-0.2344,-0.221,-0.2049,-0.1866,-0.1671,-0.148,-0.1321,-0.1244,-0.1317,-0.1593,-0.2088,-0.2803,-0.3732,-0.4857,-0.6135,-0.7506,-0.8901,-1.0272,-1.161,-1.2958,-1.4401,-1.602,-1.7833,-1.9716,-2.1413,-2.2647,-2.3277,-2.3337,-2.2977,-2.2361,-2.162,-2.0841,-2.0073,-1.9344,-1.8663,-1.8036
-0.3148,-0.3081,-0.3016,-0.2953,-0.2892,-0.2835,-0.2782,-0.2732,-0.2686,-0.2641,-0.2595,-0.2542,-0.2477,-0.2394,-0.2284,-0.2144,-0.1973,-0.1775,-0.1563,-0.1355,-0.1177,-0.1078,-0.1133,-0.1401,-0.1898,-0.2624,-0.358,-0.4744,-0.6069,-0.7479,-0.8888,-1.0227,-1.1478,-1.2683,-1.3939,-1.5354,-1.6974,-1.8711,-2.0333,-2.157,-2.2267,-2.2434,-2.2196,-2.1699,-2.1065,-2.0377,-1.9685,-1.9017,-1.8387,-1.7801
-0.3097,-0.3027,-0.2958,-0.2892,-0.2828,-0.2769,-0.2714,-0.2664,-0.2618,-0.2576,-0.2533,-0.2486,-0.2426,-0.2346,-0.2238,-0.2094,-0.1914,-0.1703,-0.1479,-0.1264,-0.1086,-0.0982,-0.1022,-0.1276,-0.1763,-0.2493,-0.3469,-0.4672,-0.6048,-0.7504,-0.8933,-1.0245,-1.1406,-1.2459,-1.3513,-1.4697,-1.6092,-1.7645,-1.9157,-2.0375,-2.1131,-2.1413,-2.131,-2.0947,-2.0434,-1.985,-1.9244,-1.8647,-1.8075,-1.7535
-0.3047,-0.2974,-0.2902,-0.2832,-0.2765,-0.2703,-0.2646,-0.2595,-0.2551,-0.2512,-0.2474,-0.2434,-0.2382,-0.2309,-0.2205,-0.206,-0.1872,-0.165,-0.1414,-0.12,-0.1042,-0.0961,-0.0992,-0.1215,-0.1679,-0.2405,-0.34,-0.4643,-0.6073,-0.7583,-0.9041,-1.0334,-1.141,-1.2311,-1.3157,-1.4101,-1.5255,-1.6601,-1.7975,-1.9147,-1.9947,-2.0334,-2.0365,-2.014,-1.9754,-1.9279,-1.8766,-1.8244,-1.7734,-1.7245
-0.2999,-0.2922,-0.2847,-0.2773,-0.2702,-0.2637,-0.2577,-0.2526,-0.2482,-0.2447,-0.2416,-0.2385,-0.2344,-0.2282,-0.2185,-0.2043,-0.185,-0.1614,-0.1362,-0.1141,-0.1002,-0.0964,-0.0994,-0.1183,-0.1627,-0.2353,-0.3368,-0.4654,-0.6142,-0.7713,-0.9212,-1.0495,-1.1497,-1.2253,-1.2899,-1.3608,-1.452,-1.5649,-1.6867,-1.7969,-1.8787,-1.9257,-1.9408,-1.9312,-1.9049,-1.8683,-1.8262,-1.7818,-1.7372,-1.6935
-0.2953,-0.2872,-0.2792,-0.2714,-0.264,-0.257,-0.2508,-0.2454,-0.2412,-0.238,-0.2358,-0.2338,-0.2312,-0.2265,-0.2181,-0.2044,-0.1848,-0.1596,-0.1317,-0.1059,-0.0885,-0.0836,-0.0892,-0.1111,-0.1576,-0.2324,-0.337,-0.4701,-0.6251,-0.7889,-0.9435,-1.0723,-1.1663,-1.229,-1.2751,-1.3244,-1.3926,-1.4842,-1.5893,-1.6902,-1.7709,-1.8234,-1.848,-1.8495,-1.8343,-1.8078,-1.7746,-1.7378,-1.6995,-1.6612
-0.2908,-0.2824,-0.2739,-0.2657,-0.2577,-0.2503,-0.2436,-0.238,-0.2338,-0.231,-0.2297,-0.2292,-0.2284,-0.2257,-0.2191,-0.2067,-0.187,-0.16,-0.1281,-0.0953,-0.0661,-0.0492,-0.0609,-0.0964,-0.1514,-0.2312,-0.34,-0.4779,-0.639,-0.8093,-0.9693,-1.0994,-1.1888,-1.2407,-1.271,-1.3011,-1.3487,-1.4201,-1.5083,-1.5982,-1.6748,-1.7297,-1.7609,-1.7713,-1.7655,-1.7481,-1.723,-1.6933,-1.6611,-1.6279
-0.2866,-0.2777,-0.2688,-0.26,-0.2515,-0.2435,-0.2363,-0.2303,-0.2259,-0.2235,-0.2231,-0.2243,-0.2258,-0.2258,-0.2218,-0.2112,-0.192,-0.1635,-0.1271,-0.0859,-0.0434,-0.0145,-0.0304,-0.0801,-0.1458,-0.2323,-0.3458,-0.4883,-0.6546,-0.8307,-0.9956,-1.1275,-1.2139,-1.2574,-1.2749,-1.2892,-1.3191,-1.3723,-1.4441,-1.5218,-1.5922,-1.6465,-1.6816,-1.6984,-1.7,-1.6902,-1.6723,-1.6491,-1.6226,-1.5943
-0.2826,-0.2732,-0.2639,-0.2545,-0.2454,-0.2367,-0.2289,-0.2223,-0.2175,-0.2152,-0.2157,-0.2188,-0.2233,-0.2268,-0.2261,-0.2182,-0.2003,-0.1709,-0.1309,-0.0831,-0.0332,-0.0011,-0.0174,-0.0722,-0.1451,-0.2372,-0.3547,-0.5006,-0.6704,-0.8504,-1.0189,-1.1524,-1.2368,-1.2746,-1.2829,-1.2852,-1.3008,-1.3383,-1.3948,-1.4602,-1.5228,-1.5743,-1.6106,-1.6315,-1.6388,-1.6352,-1.6234,-1.6058,-1.5845,-1.5608
-0.2788,-0.2691,-0.2592,-0.2493,-0.2394,-0.23,-0.2213,-0.2138,-0.2083,-0.2058,-0.2071,-0.2124,-0.2205,-0.2284,-0.2321,-0.2277,-0.212,-0.1829,-0.141,-0.0903,-0.0401,-0.0108,-0.0254,-0.078,-0.1526,-0.2473,-0.3669,-0.5141,-0.6849,-0.866,-1.0355,-1.1695,-1.2529,-1.2875,-1.2905,-1.2848,-1.2898,-1.3145,-1.3576,-1.4111,-1.4653,-1.5124,-1.5481,-1.5712,-1.5823,-1.5834,-1.5766,-1.564,-1.5472,-1.5276
-0.2754,-0.2652,-0.2548,-0.2443,-0.2337,-0.2233,-0.2135,-0.2049,-0.1984,-0.1952,-0.1969,-0.2045,-0.217,-0.2307,-0.2398,-0.2398,-0.2269,-0.1992,-0.1576,-0.1078,-0.0614,-0.0368,-0.0495,-0.0968,-0.1688,-0.263,-0.382,-0.5279,-0.6967,-0.8755,-1.043,-1.1757,-1.2584,-1.2923,-1.2935,-1.284,-1.282,-1.297,-1.3289,-1.3718,-1.4177,-1.4597,-1.4934,-1.5171,-1.5306,-1.5352,-1.5324,-1.5238,-1.511,-1.4951
-0.2722,-0.2617,-0.2508,-0.2396,-0.2283,-0.2169,-0.2059,-0.1958,-0.1877,-0.1831,-0.1845,-0.1942,-0.2122,-0.2333,-0.2493,-0.2539,-0.244,-0.2185,-0.179,-0.1328,-0.0921,-0.072,-0.0831,-0.125,-0.1923,-0.2833,-0.3994,-0.5414,-0.705,-0.878,-1.0402,-1.1696,-1.2515,-1.2867,-1.2893,-1.2795,-1.2742,-1.2825,-1.3057,-1.3396,-1.3779,-1.4146,-1.4456,-1.4688,-1.4836,-1.4906,-1.4909,-1.4856,-1.4762,-1.4635
-0.2695,-0.2586,-0.2472,-0.2354,-0.2233,-0.2109,-0.1986,-0.1867,-0.1765,-0.1696,-0.1695,-0.1807,-0.205,-0.2361,-0.2606,-0.2695,-0.2616,-0.238,-0.202,-0.161,-0.1266,-0.1106,-0.1208,-0.1581,-0.2204,-0.3067,-0.4179,-0.5536,-0.7094,-0.8736,-1.0278,-1.1519,-1.2329,-1.2704,-1.2769,-1.2696,-1.2639,-1.2685,-1.2855,-1.3122,-1.3439,-1.3755,-1.4035,-1.4256,-1.4408,-1.4494,-1.452,-1.4495,-1.4428,-1.433
-0.2672,-0.2559,-0.2441,-0.2318,-0.2189,-0.2055,-0.1918,-0.1781,-0.1652,-0.1552,-0.1521,-0.1629,-0.1941,-0.2382,-0.2728,-0.2849,-0.2773,-0.2551,-0.223,-0.1882,-0.1603,-0.1484,-0.1585,-0.1926,-0.2502,-0.3313,-0.4363,-0.5642,-0.7101,-0.8633,-1.0076,-1.1252,-1.2046,-1.2452,-1.2567,-1.254,-1.2501,-1.2533,-1.2663,-1.2877,-1.314,-1.3412,-1.3662,-1.3868,-1.4019,-1.4115,-1.4157,-1.4153,-1.411,-1.4036
-0.2654,-0.2538,-0.2416,-0.2288,-0.2152,-0.201,-0.186,-0.1704,-0.1548,-0.141,-0.1332,-0.1413,-0.1782,-0.2379,-0.2837,-0.2973,-0.2884,-0.2674,-0.2398,-0.2117,-0.1903,-0.1828,-0.1938,-0.2257,-0.2795,-0.3554,-0.4536,-0.5726,-0.7077,-0.8489,-0.9821,-1.0923,-1.1697,-1.2132,-1.2303,-1.233,-1.2325,-1.2362,-1.2471,-1.2647,-1.2868,-1.3104,-1.3326,-1.3516,-1.3664,-1.3764,-1.3818,-1.3831,-1.3807,-1.3754
-0.264,-0.2522,-0.2398,-0.2265,-0.2125,-0.1975,-0.1814,-0.1643,-0.1463,-0.1288,-0.1159,-0.1189,-0.1583,-0.2322,-0.2883,-0.3026,-0.293,-0.274,-0.2516,-0.2303,-0.2155,-0.2124,-0.2252,-0.2561,-0.3068,-0.3778,-0.4691,-0.579,-0.7028,-0.8317,-0.9537,-1.0563,-1.1312,-1.1771,-1.1995,-1.2079,-1.2115,-1.2168,-1.2271,-1.2424,-1.2615,-1.2821,-1.302,-1.3196,-1.3337,-1.3439,-1.3502,-1.3527,-1.352,-1.3484
-0.2632,-0.2512,-0.2386,-0.2251,-0.2107,-0.1952,-0.1785,-0.1603,-0.1408,-0.1208,-0.104,-0.1024,-0.1403,-0.2203,-0.2822,-0.2985,-0.291,-0.2757,-0.259,-0.2445,-0.236,-0.2374,-0.2523,-0.2831,-0.3313,-0.3978,-0.4824,-0.5834,-0.6963,-0.8133,-0.9245,-1.0196,-1.0916,-1.1391,-1.1662,-1.18,-1.1879,-1.1955,-1.2061,-1.2203,-1.2374,-1.2557,-1.2737,-1.29,-1.3035,-1.3137,-1.3206,-1.3241,-1.3247,-1.3226
-0.2629,-0.2509,-0.2382,-0.2246,-0.2101,-0.1944,-0.1774,-0.1589,-0.1389,-0.1183,-0.1008,-0.0979,-0.1325,-0.2066,-0.267,-0.2869,-0.2842,-0.2744,-0.2636,-0.2554,-0.2525,-0.2583,-0.2755,-0.3064,-0.3528,-0.4152,-0.4936,-0.5862,-0.6887,-0.7947,-0.8958,-0.9837,-1.0526,-1.1011,-1.1319,-1.1503,-1.1624,-1.1727,-1.1843,-1.1981,-1.2139,-1.2307,-1.2472,-1.2624,-1.2753,-1.2855,-1.2928,-1.2971,-1.2987,-1.2979
-0.2631,-0.2512,-0.2385,-0.225,-0.2106,-0.195,-0.1782,-0.1601,-0.1409,-0.1217,-0.1064,-0.1056,-0.1364,-0.1975,-0.2501,-0.2727,-0.2758,-0.2718,-0.2668,-0.2641,-0.2662,-0.2758,-0.2952,-0.3265,-0.3713,-0.4301,-0.5028,-0.5875,-0.6807,-0.7766,-0.8686,-0.9498,-1.0155,-1.0642,-1.0977,-1.1201,-1.1358,-1.1488,-1.1618,-1.1758,-1.1909,-1.2067,-1.2222,-1.2365,-1.2489,-1.2591,-1.2666,-1.2716,-1.274,-1.2743
-0.2639,-0.2521,-0.2396,-0.2263,-0.2121,-0.197,-0.1809,-0.1638,-0.1462,-0.1297,-0.1183,-0.1206,-0.1472,-0.1945,-0.2374,-0.2605,-0.2683,-0.2695,-0.2695,-0.2715,-0.2779,-0.2907,-0.3121,-0.3438,-0.3871,-0.4427,-0.5101,-0.5878,-0.6725,-0.7595,-0.8433,-0.9183,-0.9808,-1.0292,-1.0647,-1.0901,-1.1089,-1.1244,-1.1388,-1.1534,-1.1684,-1.1836,-1.1983,-1.212,-1.2241,-1.2341,-1.2419,-1.2473,-1.2506,-1.2517
-0.2652,-0.2536,-0.2414,-0.2284,-0.2148,-0.2003,-0.1852,-0.1695,-0.1542,-0.1408,-0.1332,-0.1378,-0.1602,-0.1961,-0.2302,-0.2521,-0.2629,-0.2683,-0.2725,-0.2784,-0.2882,-0.3037,-0.3267,-0.3586,-0.4007,-0.4532,-0.516,-0.5873,-0.6645,-0.7437,-0.8202,-0.8896,-0.9489,-0.9965,-1.0331,-1.0608,-1.0822,-1.0999,-1.1158,-1.1311,-1.1462,-1.1611,-1.1754,-1.1887,-1.2005,-1.2105,-1.2184,-1.2243,-1.2282,-1.2301
-0.267,-0.2557,-0.2438,-0.2314,-0.2183,-0.2048,-0.1908,-0.1768,-0.1638,-0.1534,-0.149,-0.1546,-0.1731,-0.2006,-0.2278,-0.2477,-0.2603,-0.2687,-0.2762,-0.2852,-0.2977,-0.3153,-0.3395,-0.3716,-0.4123,-0.4621,-0.5206,-0.5863,-0.6569,-0.7291,-0.7992,-0.8637,-0.9198,-0.9663,-1.0035,-1.0328,-1.0562,-1.0757,-1.093,-1.109,-1.1245,-1.1393,-1.1534,-1.1664,-1.178,-1.188,-1.1962,-1.2024,-1.2068,-1.2095
-0.2693,-0.2584,-0.2469,-0.2351,-0.2228,-0.2101,-0.1975,-0.1852,-0.1744,-0.1666,-0.1643,-0.1702,-0.1854,-0.2069,-0.2289,-0.2469,-0.2602,-0.2706,-0.2806,-0.2921,-0.3067,-0.3259,-0.351,-0.3829,-0.4224,-0.4696,-0.5242,-0.5849,-0.6498,-0.7159,-0.7804,-0.8403,-0.8934,-0.9386,-0.9758,-1.0062,-1.0311,-1.0521,-1.0705,-1.0874,-1.1032,-1.1181,-1.1321,-1.145,-1.1566,-1.1666,-1.1749,-1.1816,-1.1864,-1.1897
-0.272,-0.2615,-0.2506,-0.2394,-0.2279,-0.2163,-0.2049,-0.1943,-0.1854,-0.1796,-0.1787,-0.1844,-0.197,-0.2142,-0.2325,-0.2487,-0.2622,-0.2741,-0.2858,-0.2992,-0.3154,-0.3358,-0.3614,-0.393,-0.4312,-0.476,-0.5272,-0.5834,-0.6431,-0.704,-0.7635,-0.8193,-0.8696,-0.9133,-0.9503,-0.9812,-1.0071,-1.0292,-1.0487,-1.0662,-1.0825,-1.0976,-1.1116,-1.1245,-1.1361,-1.1461,-1.1547,-1.1616,-1.1669,-1.1707
