docs/data/wind_grid.json
[{"header":{"la1":42.85,"la2":41.18,"lo1":11.55,"lo2":14.05,"nx":36,"ny":24,"dx":0.07143,"dy":0.07261,"parameterCategory":2,"parameterNumber":2,"parameterNumberName":"eastward_wind","parameterUnit":"m.s-1"},"data":[-0.8793,-0.8705,-0.8602,-0.8483,-0.8347,-0.8194,-0.802,-0.7821,-0.7585,-0.7293,-0.6921,-0.6449,-0.5872,-0.5222,-0.4594,-0.4143,-0.4007,-0.421,-0.4649,-0.518,-0.57,-0.6156,-0.6535,-0.6841,-0.7085,-0.7277,-0.7428,-0.7546,-0.7639,-0.7711,-0.7768,-0.7812,-0.7847,-0.7875,-0.7898,-0.7918,-0.8862,-0.8772,-0.8664,-0.8538,-0.8393,-0.8228,-0.8046,-0.784,-0.7598,-0.7289,-0.687,-0.6294,-0.552,-0.4561,-0.3548,-0.2785,-0.2598,-0.303,-0.3815,-0.4656,-0.5396,-0.5993,-0.6456,-0.6809,-0.7079,-0.7284,-0.744,-0.7558,-0.7648,-0.7717,-0.7768,-0.7808,-0.7838,-0.7861,-0.788,-0.7897,-0.8943,-0.8852,-0.8741,-0.8606,-0.8446,-0.8265,-0.8069,-0.786,-0.7626,-0.7326,-0.6886,-0.6219,-0.5224,-0.3835,-0.217,-0.0802,-0.0544,-0.1472,-0.2871,-0.4161,-0.5166,-0.5905,-0.6439,-0.6827,-0.711,-0.7318,-0.7471,-0.7584,-0.7667,-0.7728,-0.7772,-0.7804,-0.7828,-0.7845,-0.7859,-0.7871,-0.904,-0.895,-0.8836,-0.869,-0.851,-0.8299,-0.8071,-0.7851,-0.7643,-0.7393,-0.6985,-0.6282,-0.5117,-0.3275,-0.0701,0.1715,0.2056,0.0204,-0.2083,-0.3872,-0.5107,-0.5941,-0.6511,-0.6906,-0.7184,-0.7382,-0.7523,-0.7624,-0.7695,-0.7744,-0.7777,-0.78,-0.7814,-0.7825,-0.7833,-0.784,-0.9154,-0.9071,-0.8956,-0.88,-0.8593,-0.833,-0.803,-0.7757,-0.7583,-0.7449,-0.7152,-0.6512,-0.5345,-0.3337,-0.018,0.3193,0.3612,0.0895,-0.2005,-0.4023,-0.5313,-0.614,-0.6684,-0.7049,-0.73,-0.7473,-0.7592,-0.7673,-0.7727,-0.7761,-0.7781,-0.7791,-0.7796,-0.7797,-0.7798,-0.78,-0.9288,-0.9218,-0.9112,-0.8954,-0.8721,-0.8389,-0.7953,-0.7512,-0.7341,-0.7433,-0.7345,-0.6863,-0.5905,-0.4264,-0.1699,0.107,0.1507,-0.0644,-0.3026,-0.4714,-0.5801,-0.6497,-0.695,-0.725,-0.7451,-0.7585,-0.7673,-0.7729,-0.7761,-0.7776,-0.7779,-0.7775,-0.7768,-0.7759,-0.7753,-0.7749,-0.9444,-0.9396,-0.9313,-0.9173,-0.8942,-0.8567,-0.7989,-0.7273,-0.7009,-0.7414,-0.7561,-0.7249,-0.6581,-0.5552,-0.4151,-0.2795,-0.2488,-0.3422,-0.47,-0.5746,-0.6476,-0.6961,-0.7279,-0.7487,-0.7622,-0.7708,-0.7759,-0.7784,-0.779,-0.7784,-0.7768,-0.7748,-0.7726,-0.7707,-0.7692,-0.7683,-0.9619,-0.9606,-0.9565,-0.9474,-0.9296,-0.8971,-0.8432,-0.7733,-0.7447,-0.7777,-0.787,-0.7598,-0.7124,-0.6545,-0.5932,-0.5444,-0.5348,-0.5708,-0.6278,-0.6807,-0.72,-0.7462,-0.763,-0.7734,-0.7795,-0.7828,-0.7837,-0.783,-0.7809,-0.7778,-0.7741,-0.7702,-0.7665,-0.7634,-0.7611,-0.7597,-0.9806,-0.9839,-0.986,-0.9853,-0.9786,-0.9609,-0.9276,-0.8844,-0.8552,-0.843,-0.8223,-0.7843,-0.7393,-0.7011,-0.6778,-0.6731,-0.6881,-0.7183,-0.7509,-0.775,-0.7884,-0.7942,-0.7961,-0.796,-0.795,-0.793,-0.79,-0.7859,-0.7809,-0.7752,-0.7691,-0.7632,-0.7578,-0.7534,-0.7502,-0.7485,-0.9996,-1.0081,-1.0178,-1.0283,-1.0377,-1.0411,-1.0284,-0.9861,-0.919,-0.8749,-0.8454,-0.7914,-0.732,-0.693,-0.6894,-0.7191,-0.7698,-0.8228,-0.8561,-0.8619,-0.8512,-0.8364,-0.8235,-0.8138,-0.8064,-0.7999,-0.7934,-0.7863,-0.7783,-0.7698,-0.7611,-0.7528,-0.7455,-0.7397,-0.7359,-0.734,-1.0173,-1.031,-1.0487,-1.0717,-1.1009,-1.1341,-1.1551,-1.1058,-0.912,-0.8288,-0.8553,-0.78,-0.6866,-0.6248,-0.6382,-0.7167,-0.8289,-0.9381,-0.983,-0.9567,-0.9088,-0.8685,-0.8411,-0.8235,-0.8117,-0.8024,-0.7932,-0.7834,-0.7725,-0.7608,-0.749,-0.7379,-0.7284,-0.7212,-0.7168,-0.7153,-1.0323,-1.0503,-1.0746,-1.1085,-1.1572,-1.2277,-1.3208,-1.3695,-1.1304,-0.9275,-0.8776,-0.7584,-0.6195,-0.4887,-0.5353,-0.6929,-0.9038,-1.1463,-1.1962,-1.0678,-0.9522,-0.8814,-0.8424,-0.8217,-0.8093,-0.7994,-0.7889,-0.7766,-0.7626,-0.7472,-0.7316,-0.7169,-0.7047,-0.696,-0.6915,-0.691,-1.0435,-1.0638,-1.0915,-1.1311,-1.1902,-1.2822,-1.4252,-1.5842,-1.4345,-1.1068,-0.8965,-0.7428,-0.6185,-0.442,-0.491,-0.6959,-0.9716,-1.4565,-1.4675,-1.1365,-0.9482,-0.8574,-0.8189,-0.805,-0.7984,-0.791,-0.7802,-0.7656,-0.7479,-0.7279,-0.7072,-0.6877,-0.672,-0.6618,-0.6579,-0.6597,-1.0502,-1.0707,-1.098,-1.136,-1.1906,-1.2704,-1.3806,-1.4866,-1.3932,-1.1176,-0.9092,-0.7369,-0.6663,-0.4482,-0.6016,-0.7351,-0.8929,-1.2136,-1.2672,-1.0272,-0.8509,-0.7725,-0.7617,-0.7729,-0.7807,-0.7784,-0.7674,-0.75,-0.7277,-0.7015,-0.6735,-0.6471,-0.6265,-0.6149,-0.6131,-0.6195,-1.053,-1.0717,-1.0956,-1.1266,-1.1669,-1.2172,-1.2692,-1.2881,-1.2133,-1.0859,-0.9877,-0.8607,-0.7156,-0.6111,-0.6971,-0.7565,-0.7267,-0.884,-0.9362,-0.8058,-0.6298,-0.5961,-0.669,-0.733,-0.7617,-0.7637,-0.7506,-0.7292,-0.7012,-0.6667,-0.6276,-0.5901,-0.5623,-0.5501,-0.5535,-0.5684,-1.0527,-1.0685,-1.0876,-1.1102,-1.1358,-1.1612,-1.1775,-1.169,-1.1314,-1.1133,-1.2013,-0.9467,-0.9041,-0.8429,-0.8534,-0.8249,-0.7708,-0.827,-0.7967,-0.6061,-0.2656,-0.3338,-0.5784,-0.7087,-0.7505,-0.7473,-0.7272,-0.7014,-0.6682,-0.6226,-0.5658,-0.5093,-0.4705,-0.4601,-0.4752,-0.5056,-1.0505,-1.0634,-1.0778,-1.0934,-1.1086,-1.1206,-1.1246,-1.1175,-1.1068,-1.1233,-1.192,-1.0878,-1.1985,-1.2913,-1.0887,-1.0111,-0.923,-0.8104,-0.7005,-0.5848,-0.2262,-0.3208,-0.6031,-0.7317,-0.7509,-0.7217,-0.6893,-0.6641,-0.63,-0.5707,-0.4846,-0.3944,-0.3389,-0.3376,-0.377,-0.433,-1.0474,-1.0578,-1.0687,-1.0794,-1.0889,-1.0955,-1.0975,-1.0956,-1.0952,-1.1046,-1.1195,-1.1441,-1.2998,-1.3631,-1.3437,-1.3416,-1.0888,-0.6944,-0.3927,-0.7006,-0.6896,-0.68,-0.7697,-0.8022,-0.7497,-0.6652,-0.6221,-0.6154,-0.5911,-0.5171,-0.3856,-0.2384,-0.1609,-0.1854,-0.2674,-0.3597,-1.0442,-1.0527,-1.0611,-1.0691,-1.076,-1.0809,-1.0839,-1.086,-1.0903,-1.1003,-1.1195,-1.1612,-1.244,-1.3796,-1.7852,-1.9485,-1.3437,-0.8805,-0.7173,-1.1541,-1.1057,-1.0146,-0.9765,-0.8988,-0.7394,-0.5685,-0.5295,-0.5654,-0.5588,-0.4751,-0.2922,-0.072,0.0251,-0.0425,-0.1762,-0.3044,-1.0414,-1.0485,-1.0555,-1.062,-1.0679,-1.0729,-1.0773,-1.0824,-1.0902,-1.1037,-1.1276,-1.1709,-1.25,-1.4121,-1.7339,-1.8207,-1.4346,-1.2553,-1.6108,-1.8288,-1.4364,-1.2963,-1.2206,-1.0497,-0.7806,-0.5478,-0.5058,-0.5311,-0.534,-0.4609,-0.2636,-0.0114,0.0926,0.0048,-0.1488,-0.2892,-1.039,-1.0452,-1.0514,-1.0573,-1.063,-1.0685,-1.0744,-1.0816,-1.0919,-1.1078,-1.133,-1.1738,-1.2398,-1.3436,-1.4644,-1.4827,-1.3823,-1.3659,-1.54,-1.6322,-1.5721,-1.6462,-1.634,-1.3415,-0.9236,-0.5985,-0.4243,-0.4481,-0.5096,-0.4786,-0.3287,-0.1284,-0.0325,-0.0855,-0.2037,-0.3219,-1.0371,-1.0428,-1.0485,-1.0543,-1.06,-1.0661,-1.0731,-1.0817,-1.0934,-1.1099,-1.1338,-1.1682,-1.216,-1.275,-1.3276,-1.3452,-1.3387,-1.3671,-1.4559,-1.575,-1.8176,-2.2833,-2.4005,-1.8268,-1.1386,-0.6134,-0.324,-0.3979,-0.5121,-0.5195,-0.4323,-0.308,-0.2333,-0.2444,-0.3096,-0.3891,-1.0356,-1.041,-1.0465,-1.0522,-1.0582,-1.0647,-1.0724,-1.0817,-1.0938,-1.1098,-1.1311,-1.1589,-1.1932,-1.2308,-1.2643,-1.2886,-1.3132,-1.3617,-1.4572,-1.643,-2.0504,-2.7359,-2.9216,-2.1792,-1.3708,-0.8192,-0.5499,-0.531,-0.5786,-0.5809,-0.53,-0.4569,-0.4043,-0.3953,-0.4231,-0.4687,-1.0344,-1.0396,-1.045,-1.0507,-1.0569,-1.0637,-1.0716,-1.0812,-1.0931,-1.108,-1.1266,-1.1493,-1.1756,-1.2038,-1.2318,-1.2604,-1.2968,-1.3555,-1.4585,-1.6468,-1.9817,-2.4055,-2.4901,-2.0362,-1.4632,-1.0353,-0.7953,-0.7049,-0.68,-0.6567,-0.6163,-0.5679,-0.5299,-0.5146,-0.5222,-0.5451]},{"header":{"la1":42.85,"la2":41.18,"lo1":11.55,"lo2":14.05,"nx":36,"ny":24,"dx":0.07143,"dy":0.07261,"parameterCategory":2,"parameterNumber":3,"parameterNumberName":"northward_wind","parameterUnit":"m.s-1"},"data":[-0.2,-0.2068,-0.2141,-0.2219,-0.2302,-0.2389,-0.2479,-0.2572,-0.2675,-0.2797,-0.2954,-0.3162,-0.3428,-0.3736,-0.4037,-0.4241,-0.4265,-0.4089,-0.3768,-0.3383,-0.2995,-0.2637,-0.2318,-0.204,-0.1796,-0.1583,-0.1395,-0.1227,-0.1078,-0.0943,-0.0822,-0.0713,-0.0614,-0.0525,-0.0445,-0.0373,-0.2015,-0.2088,-0.2169,-0.2256,-0.235,-0.2449,-0.2549,-0.2649,-0.2753,-0.2877,-0.305,-0.3304,-0.3669,-0.4143,-0.4657,-0.504,-0.5099,-0.4796,-0.4275,-0.3705,-0.3181,-0.2731,-0.2355,-0.2039,-0.1771,-0.1542,-0.1343,-0.1168,-0.1012,-0.0873,-0.0749,-0.0637,-0.0537,-0.0447,-0.0366,-0.0294,-0.2025,-0.2104,-0.2191,-0.2289,-0.2398,-0.2516,-0.2634,-0.2743,-0.2841,-0.295,-0.3117,-0.3405,-0.3877,-0.4581,-0.5457,-0.6186,-0.6297,-0.5718,-0.4844,-0.4007,-0.3319,-0.2777,-0.2348,-0.2002,-0.1717,-0.1476,-0.127,-0.109,-0.0931,-0.0789,-0.0663,-0.0549,-0.0448,-0.0357,-0.0277,-0.0206,-0.2029,-0.2112,-0.2206,-0.2316,-0.2445,-0.2592,-0.2746,-0.2879,-0.2966,-0.3029,-0.315,-0.3432,-0.398,-0.4922,-0.6297,-0.762,-0.7796,-0.6704,-0.5318,-0.4184,-0.3351,-0.2741,-0.228,-0.1919,-0.1627,-0.1383,-0.1174,-0.0993,-0.0833,-0.069,-0.0563,-0.0449,-0.0347,-0.0256,-0.0177,-0.0107,-0.2025,-0.211,-0.2209,-0.233,-0.2481,-0.2673,-0.2898,-0.3102,-0.3184,-0.3146,-0.3154,-0.3367,-0.39,-0.492,-0.6604,-0.8456,-0.8687,-0.7111,-0.5371,-0.4094,-0.3218,-0.26,-0.2142,-0.1787,-0.15,-0.1261,-0.1056,-0.0876,-0.0717,-0.0575,-0.0448,-0.0334,-0.0233,-0.0143,-0.0065,0.0003,-0.2013,-0.2097,-0.2197,-0.2321,-0.2488,-0.2727,-0.3066,-0.3447,-0.3576,-0.3331,-0.3128,-0.3221,-0.3637,-0.4454,-0.5795,-0.7281,-0.7499,-0.6231,-0.4776,-0.3678,-0.2907,-0.2352,-0.1935,-0.1607,-0.1339,-0.1112,-0.0915,-0.0741,-0.0585,-0.0445,-0.0319,-0.0206,-0.0105,-0.0016,0.006,0.0126,-0.1992,-0.2073,-0.2167,-0.2283,-0.2441,-0.2687,-0.3109,-0.3729,-0.399,-0.3436,-0.3008,-0.3016,-0.3309,-0.3813,-0.4507,-0.5175,-0.5268,-0.4649,-0.3799,-0.3053,-0.2472,-0.2026,-0.1676,-0.139,-0.1149,-0.094,-0.0755,-0.0588,-0.0437,-0.0299,-0.0174,-0.0062,0.0038,0.0125,0.02,0.0262,-0.1966,-0.2042,-0.2125,-0.2219,-0.2337,-0.2509,-0.2812,-0.3299,-0.3494,-0.2973,-0.2664,-0.2776,-0.3062,-0.3371,-0.3639,-0.3794,-0.3712,-0.3361,-0.2876,-0.2401,-0.1996,-0.1662,-0.1385,-0.1147,-0.0938,-0.0751,-0.0579,-0.0421,-0.0274,-0.0138,-0.0014,0.0098,0.0198,0.0284,0.0355,0.0414,-0.1936,-0.2007,-0.2081,-0.2154,-0.222,-0.2271,-0.2298,-0.2271,-0.2081,-0.1875,-0.2081,-0.2561,-0.3013,-0.3292,-0.3355,-0.3217,-0.2925,-0.2543,-0.2151,-0.181,-0.1528,-0.1291,-0.1082,-0.0892,-0.0715,-0.0549,-0.0391,-0.024,-0.0097,0.0038,0.0163,0.0276,0.0376,0.0461,0.053,0.0583,-0.1903,-0.1975,-0.2047,-0.2114,-0.2158,-0.2139,-0.1962,-0.1431,-0.0458,-0.0175,-0.1305,-0.2488,-0.3275,-0.365,-0.3582,-0.315,-0.2545,-0.1957,-0.1522,-0.1252,-0.1074,-0.0926,-0.0781,-0.0635,-0.0488,-0.0341,-0.0194,-0.0049,0.0093,0.0229,0.0358,0.0475,0.0577,0.0661,0.0726,0.0773,-0.1868,-0.1944,-0.2025,-0.2111,-0.2189,-0.2228,-0.2106,-0.136,0.1177,0.2387,-0.0702,-0.2753,-0.3944,-0.4555,-0.4318,-0.3391,-0.2251,-0.1284,-0.0779,-0.0652,-0.0626,-0.0576,-0.0492,-0.0384,-0.0262,-0.0131,0.0007,0.015,0.0294,0.0437,0.0573,0.0697,0.0804,0.0889,0.095,0.0987,-0.1828,-0.1909,-0.2005,-0.2124,-0.2277,-0.2486,-0.2759,-0.2794,-0.0854,0.0595,-0.155,-0.3423,-0.4852,-0.6083,-0.5502,-0.3692,-0.1733,-0.0107,0.0329,0.0014,-0.0206,-0.0259,-0.0224,-0.0145,-0.0043,0.0077,0.021,0.0354,0.0506,0.0661,0.0812,0.095,0.1065,0.1152,0.1207,0.1232,-0.1776,-0.186,-0.1966,-0.211,-0.2321,-0.2662,-0.3234,-0.3937,-0.3222,-0.2066,-0.2689,-0.4195,-0.5254,-0.6594,-0.5977,-0.3424,-0.0919,0.1421,0.1511,0.051,0.0103,0.0006,0.002,0.0079,0.0166,0.0277,0.0409,0.0559,0.0726,0.0904,0.1081,0.1242,0.1373,0.1463,0.1509,0.1514,-0.1709,-0.1789,-0.1892,-0.2033,-0.224,-0.2558,-0.3025,-0.3498,-0.3119,-0.229,-0.2689,-0.4748,-0.563,-0.6566,-0.462,-0.1934,0.0314,0.1073,0.1089,0.0512,0.027,0.0231,0.0244,0.0287,0.0361,0.0464,0.0595,0.0757,0.095,0.1166,0.1387,0.1589,0.1746,0.1839,0.1868,0.1841,-0.1627,-0.1695,-0.1779,-0.189,-0.2037,-0.2227,-0.243,-0.2476,-0.2034,-0.1259,-0.1013,-0.217,-0.4057,-0.5949,-0.3356,0.0855,0.415,0.1573,0.0612,0.0378,0.0437,0.0477,0.0459,0.0478,0.0535,0.0622,0.0748,0.0928,0.1165,0.1446,0.1744,0.2016,0.2213,0.2307,0.2301,0.2222,-0.1531,-0.1581,-0.1638,-0.1703,-0.1772,-0.1826,-0.1808,-0.1587,-0.0966,0.0322,0.2548,0.0286,-0.072,-0.2066,-0.1302,0.1075,0.3039,0.119,0.018,0.028,0.0785,0.0767,0.0649,0.0647,0.0674,0.0716,0.0822,0.1034,0.135,0.1744,0.2173,0.2562,0.2821,0.2901,0.2826,0.2658,-0.1427,-0.1456,-0.1483,-0.1503,-0.1505,-0.1463,-0.1324,-0.1001,-0.0361,0.0807,0.2408,0.1466,0.3288,0.4533,0.095,0.0422,0.0429,-0.049,-0.1157,-0.0227,0.0814,0.0825,0.0787,0.0809,0.0752,0.0654,0.0701,0.0998,0.1475,0.2056,0.2698,0.3284,0.3629,0.3652,0.3442,0.3133,-0.132,-0.1329,-0.133,-0.1315,-0.1272,-0.1178,-0.0997,-0.0683,-0.0189,0.048,0.1102,0.1714,0.4292,0.4855,0.1413,0.0304,-0.0345,-0.2293,-0.4296,-0.1275,0.0394,0.0839,0.1028,0.103,0.0713,0.0207,0.0136,0.0731,0.1536,0.2382,0.3324,0.421,0.4655,0.4532,0.4095,0.3594,-0.1214,-0.1207,-0.1187,-0.1149,-0.1081,-0.0967,-0.0787,-0.0522,-0.0166,0.0258,0.0705,0.1265,0.1975,0.1729,0.0409,0.0062,-0.0231,-0.1567,-0.2391,0.0511,0.1142,0.1417,0.1608,0.1449,0.0633,-0.0818,-0.1106,0.0386,0.168,0.2721,0.3929,0.5153,0.5669,0.5319,0.4622,0.3944,-0.1113,-0.1093,-0.106,-0.1007,-0.0928,-0.0812,-0.0649,-0.0434,-0.0169,0.013,0.0447,0.0764,0.0964,0.0785,0.0303,0.0132,0.0167,0.0443,0.259,0.3722,0.2428,0.2519,0.2735,0.2354,0.1207,-0.0766,-0.1173,0.1143,0.2266,0.3061,0.4205,0.55,0.6021,0.5581,0.4802,0.4075,-0.1018,-0.099,-0.0947,-0.0888,-0.0806,-0.0695,-0.0553,-0.0377,-0.0173,0.0049,0.0271,0.0464,0.0571,0.0537,0.042,0.0393,0.0583,0.1189,0.2384,0.3031,0.3338,0.4461,0.4967,0.4094,0.2868,0.2548,0.3999,0.3869,0.3293,0.3371,0.4054,0.4981,0.5425,0.5162,0.457,0.3963,-0.0931,-0.0896,-0.0849,-0.0786,-0.0706,-0.0603,-0.0479,-0.0332,-0.0169,0.0004,0.0172,0.0317,0.0419,0.0471,0.0511,0.0621,0.0904,0.1451,0.2242,0.3229,0.5091,0.8136,0.9036,0.6625,0.451,0.4449,0.5778,0.5094,0.3946,0.357,0.3785,0.4251,0.4541,0.4454,0.4111,0.3689,-0.0851,-0.0812,-0.0762,-0.0699,-0.0621,-0.0527,-0.0416,-0.0291,-0.0153,-0.0011,0.013,0.026,0.0375,0.048,0.0606,0.0805,0.1144,0.1692,0.253,0.3929,0.6625,1.0688,1.1733,0.8312,0.5469,0.4628,0.4812,0.4546,0.3937,0.3581,0.356,0.3725,0.3858,0.3827,0.3639,0.3367,-0.0778,-0.0737,-0.0685,-0.0623,-0.0548,-0.0461,-0.0361,-0.0249,-0.0129,-0.0002,0.0126,0.0253,0.0382,0.0523,0.0699,0.0948,0.1321,0.1882,0.2741,0.4122,0.6328,0.8907,0.9532,0.7589,0.5558,0.4562,0.425,0.4013,0.3698,0.3455,0.3363,0.3378,0.3406,0.3369,0.3249,0.3067]}]