docs/data/wind_grid.json
[{"header":{"la1":42.85,"la2":41.18,"lo1":11.55,"lo2":14.05,"nx":36,"ny":24,"dx":0.07143,"dy":0.07261,"parameterCategory":2,"parameterNumber":2,"parameterNumberName":"eastward_wind","parameterUnit":"m.s-1"},"data":[1.1645,1.1477,1.1279,1.105,1.0798,1.0535,1.0281,1.0056,0.9872,0.9724,0.959,0.9441,0.9254,0.9013,0.8719,0.8384,0.803,0.7691,0.7404,0.7195,0.7075,0.7044,0.7091,0.7203,0.736,0.7542,0.7732,0.7919,0.8097,0.8263,0.8418,0.8562,0.8696,0.8822,0.894,0.9052,1.173,1.1549,1.1323,1.105,1.0734,1.0393,1.0062,0.9783,0.9586,0.9466,0.938,0.9273,0.9101,0.8843,0.8497,0.8079,0.7623,0.7182,0.6819,0.658,0.647,0.6473,0.6571,0.6747,0.6973,0.7221,0.7465,0.7695,0.7906,0.8099,0.8274,0.8434,0.8583,0.872,0.8849,0.897,1.1846,1.1656,1.1404,1.1076,1.0668,1.02,0.9729,0.9345,0.9127,0.9076,0.9098,0.908,0.8949,0.8679,0.8269,0.7737,0.7126,0.6523,0.6051,0.5801,0.5752,0.5827,0.5994,0.6252,0.6569,0.6895,0.7201,0.7476,0.772,0.7937,0.8132,0.8308,0.847,0.8619,0.8758,0.8888,1.2002,1.1818,1.1549,1.1162,1.0629,0.9955,0.9217,0.8602,0.8336,0.8449,0.871,0.8867,0.8814,0.8536,0.8048,0.7364,0.6516,0.5626,0.4964,0.4773,0.4954,0.519,0.5421,0.5762,0.6178,0.6588,0.6954,0.727,0.7543,0.7781,0.7992,0.8183,0.8358,0.8519,0.8668,0.8808,1.2206,1.2054,1.18,1.137,1.0689,0.9704,0.846,0.7291,0.6878,0.7415,0.8197,0.8662,0.8717,0.843,0.7856,0.6992,0.5797,0.4352,0.3214,0.3234,0.4169,0.4835,0.5024,0.5364,0.5852,0.6328,0.6738,0.7083,0.7374,0.7628,0.7853,0.8057,0.8245,0.8417,0.8578,0.8727,1.2459,1.2385,1.2208,1.1796,1.0984,0.9617,0.7552,0.5104,0.4212,0.5868,0.7674,0.855,0.8692,0.8363,0.7701,0.6692,0.5118,0.2693,0.0134,0.0431,0.3181,0.4842,0.4918,0.5133,0.563,0.6132,0.6558,0.691,0.721,0.7473,0.771,0.7928,0.8128,0.8314,0.8487,0.8647,1.2741,1.2805,1.2824,1.2557,1.1684,1.0022,0.725,0.3126,0.13,0.4761,0.7586,0.8665,0.8754,0.8288,0.7512,0.6495,0.4875,0.1728,-0.2988,-0.2615,0.1755,0.3833,0.4488,0.4925,0.5476,0.5982,0.6395,0.6736,0.7033,0.7304,0.7555,0.7789,0.8006,0.8208,0.8394,0.8565,1.2996,1.3238,1.3624,1.373,1.2782,1.1014,0.8548,0.5281,0.3893,0.6306,0.8322,0.905,0.8873,0.8068,0.699,0.6096,0.5164,0.3083,-0.0015,-0.0145,0.1035,0.1969,0.3515,0.461,0.5335,0.5837,0.6209,0.6523,0.6817,0.7101,0.7376,0.7635,0.7875,0.8096,0.8298,0.8483,1.314,1.347,1.4224,1.4922,1.3636,1.1968,1.0394,0.8834,0.8069,0.8472,0.9236,0.9555,0.9029,0.7547,0.5361,0.4338,0.507,0.4988,0.3693,0.1945,-0.1215,-0.0413,0.2743,0.4433,0.5223,0.5633,0.5921,0.6205,0.6516,0.6842,0.7161,0.746,0.7733,0.7979,0.82,0.84,1.3141,1.3297,1.3669,1.3922,1.302,1.2386,1.1673,1.0482,0.8788,0.8225,0.9482,1.0094,0.9357,0.7058,0.1674,-0.1198,0.414,0.6363,0.598,0.3904,0.0732,0.1075,0.3416,0.4661,0.5085,0.5217,0.538,0.568,0.6078,0.6502,0.6905,0.7266,0.7582,0.7857,0.81,0.8316,1.3094,1.297,1.2556,1.1474,1.1624,1.2646,1.289,1.172,0.692,0.4417,0.9398,1.0912,0.9966,0.7728,0.2689,-0.1077,0.5568,0.8171,0.8207,0.6912,0.5232,0.4663,0.4946,0.4957,0.4564,0.4217,0.4309,0.4804,0.5452,0.6077,0.6615,0.706,0.7428,0.7736,0.7999,0.8231,1.3139,1.2917,1.2394,1.1537,1.1835,1.3413,1.472,1.5138,1.129,0.8239,1.1476,1.2534,1.0582,0.6862,0.7227,0.8121,0.962,1.0446,1.0262,0.9245,0.792,0.6837,0.5907,0.4629,0.2962,0.1906,0.2282,0.3462,0.4656,0.5608,0.6324,0.6864,0.7281,0.7617,0.7899,0.8145,1.3317,1.3178,1.2948,1.2797,1.3275,1.4516,1.615,1.7802,1.6383,1.4202,1.4664,1.557,1.3685,0.6213,0.8047,1.205,1.2541,1.1505,1.1251,1.0505,0.9124,0.7699,0.6064,0.3451,-0.0438,-0.2695,-0.0937,0.1832,0.3873,0.5205,0.6089,0.6703,0.7152,0.7503,0.7795,0.8053,1.3579,1.3566,1.3583,1.3753,1.426,1.5139,1.6231,1.7156,1.6836,1.6376,1.7043,1.8523,1.8992,1.9646,1.487,1.551,1.5021,1.3059,1.1998,1.092,0.9097,0.7495,0.581,0.2439,-0.3915,-0.7684,-0.3609,0.084,0.3483,0.5015,0.5965,0.6593,0.7038,0.7383,0.7678,0.7947,1.3859,1.3943,1.409,1.4362,1.4815,1.5436,1.611,1.6659,1.7125,1.8136,1.9435,1.9868,2.0018,2.2553,1.7348,1.6232,1.7269,1.5249,1.3209,1.0378,0.678,0.5512,0.5346,0.3135,-0.1822,-0.4892,-0.2038,0.1481,0.372,0.5089,0.5957,0.6523,0.6917,0.7234,0.7527,0.7816,1.4118,1.4264,1.4471,1.4771,1.5182,1.5693,1.6275,1.696,1.8025,2.0093,2.339,2.322,2.1704,2.0172,1.8281,1.7217,1.7294,1.6305,1.4305,0.8715,-0.0966,0.0413,0.4649,0.4674,0.2496,0.091,0.1438,0.2882,0.4242,0.5286,0.5996,0.6435,0.6729,0.7001,0.7308,0.7641,1.4341,1.4523,1.4759,1.5068,1.5459,1.5941,1.6534,1.7321,1.8518,2.0484,2.2997,2.2459,2.2258,2.2171,1.9622,1.8501,1.8173,1.857,1.8027,1.1137,-0.1874,0.0188,0.5474,0.6055,0.4594,0.3099,0.2673,0.3344,0.4449,0.5411,0.5997,0.6238,0.6363,0.6599,0.6979,0.7414,1.4526,1.4726,1.4976,1.5285,1.5665,1.613,1.6707,1.745,1.8435,1.9649,2.0693,2.1124,2.2151,2.239,2.1255,2.1011,2.0483,2.2942,2.6586,1.923,1.1198,0.8464,0.8508,0.7293,0.4519,0.1332,0.0361,0.2104,0.4157,0.5459,0.5941,0.5815,0.5655,0.5939,0.6533,0.7162,1.4672,1.4881,1.5133,1.5437,1.58,1.6237,1.6762,1.7396,1.8141,1.8933,1.963,2.0195,2.0816,2.1557,2.4252,2.558,2.2384,2.3738,2.6069,2.435,1.8951,1.438,1.1544,0.8369,0.3181,-0.4218,-0.5884,-0.004,0.3979,0.5712,0.5942,0.5148,0.4585,0.5126,0.6108,0.6982,1.4783,1.4994,1.5241,1.5532,1.5872,1.6269,1.673,1.7255,1.7832,1.8421,1.8978,1.9513,2.0146,2.1274,2.3715,2.4545,2.2579,2.3532,2.8504,3.0913,2.2936,1.762,1.4122,1.0093,0.3964,-0.4951,-0.6918,0.123,0.5157,0.6571,0.6349,0.492,0.407,0.4845,0.6054,0.7032,1.4862,1.5069,1.5307,1.558,1.5892,1.6247,1.6645,1.7083,1.7547,1.802,1.8489,1.8974,1.9555,2.0376,2.138,2.1765,2.1653,2.2742,2.5636,2.637,2.2542,1.968,1.737,1.3312,0.8106,0.466,0.6487,0.7065,0.7732,0.8243,0.761,0.6163,0.5298,0.5719,0.6605,0.74,1.4914,1.5113,1.5337,1.559,1.5873,1.6187,1.6531,1.6899,1.7284,1.7676,1.8073,1.8487,1.8948,1.9471,1.9975,2.0297,2.0577,2.1241,2.2174,2.2315,2.1884,2.3108,2.3092,1.7807,1.1998,0.9269,0.986,0.9672,1.0589,1.0712,0.9577,0.8174,0.7281,0.7182,0.7539,0.7998,1.4942,1.513,1.5339,1.5571,1.5825,1.6102,1.6399,1.6712,1.7035,1.7364,1.7696,1.8035,1.8386,1.874,1.9064,1.933,1.96,1.9966,2.0379,2.0803,2.2137,2.602,2.7354,2.0876,1.452,1.1235,1.0493,1.1652,1.4073,1.3386,1.1419,0.9854,0.8893,0.8498,0.8487,0.866,1.495,1.5126,1.5319,1.5529,1.5757,1.6,1.6257,1.6524,1.6797,1.7073,1.7348,1.762,1.7889,1.8145,1.8377,1.8582,1.8785,1.902,1.9323,1.9866,2.1188,2.3471,2.3748,1.986,1.5442,1.274,1.1926,1.2895,1.4537,1.3901,1.2189,1.0819,0.9934,0.9456,0.9272,0.9268]},{"header":{"la1":42.85,"la2":41.18,"lo1":11.55,"lo2":14.05,"nx":36,"ny":24,"dx":0.07143,"dy":0.07261,"parameterCategory":2,"parameterNumber":3,"parameterNumberName":"northward_wind","parameterUnit":"m.s-1"},"data":[-0.0807,-0.0703,-0.0615,-0.0544,-0.0494,-0.0472,-0.049,-0.0566,-0.0712,-0.0926,-0.1191,-0.1477,-0.1757,-0.2009,-0.2223,-0.2387,-0.2496,-0.2541,-0.2521,-0.2446,-0.2346,-0.2273,-0.2275,-0.237,-0.2541,-0.2753,-0.2974,-0.3187,-0.3381,-0.3555,-0.3709,-0.3844,-0.3963,-0.4067,-0.4158,-0.4238,-0.0569,-0.0433,-0.0313,-0.0211,-0.0124,-0.0059,-0.0034,-0.0086,-0.0248,-0.0526,-0.0883,-0.1268,-0.1633,-0.1952,-0.2213,-0.2409,-0.2532,-0.2565,-0.2495,-0.232,-0.2086,-0.1895,-0.1858,-0.2003,-0.2272,-0.2583,-0.2885,-0.3156,-0.339,-0.3591,-0.3763,-0.391,-0.4037,-0.4147,-0.4241,-0.4322,-0.0299,-0.012,0.0037,0.0176,0.031,0.0447,0.0564,0.0586,0.0419,0.0039,-0.0478,-0.1017,-0.1503,-0.1906,-0.2226,-0.2465,-0.2614,-0.2647,-0.2516,-0.2181,-0.1682,-0.1241,-0.1146,-0.1436,-0.1911,-0.2391,-0.2806,-0.3147,-0.3423,-0.365,-0.3838,-0.3996,-0.4129,-0.4242,-0.4338,-0.442,0.0013,0.0251,0.0455,0.0629,0.081,0.1054,0.1362,0.1584,0.1457,0.088,0.0062,-0.0731,-0.1381,-0.1882,-0.2266,-0.2557,-0.2758,-0.2828,-0.2667,-0.2109,-0.1078,-0.0041,0.0108,-0.0603,-0.149,-0.2222,-0.2771,-0.3181,-0.3495,-0.3741,-0.394,-0.4104,-0.424,-0.4355,-0.4451,-0.4532,0.0379,0.0712,0.0983,0.1175,0.1363,0.1726,0.2403,0.316,0.3219,0.2185,0.0746,-0.0452,-0.1299,-0.1891,-0.233,-0.268,-0.2966,-0.3161,-0.3109,-0.238,-0.0415,0.2047,0.2077,0.0327,-0.1185,-0.218,-0.2834,-0.3287,-0.3618,-0.3872,-0.4074,-0.4238,-0.4374,-0.4487,-0.4582,-0.466,0.0806,0.1314,0.1725,0.1914,0.1969,0.2327,0.3549,0.5596,0.6302,0.4061,0.141,-0.0306,-0.1311,-0.1946,-0.2409,-0.2804,-0.3194,-0.3626,-0.3992,-0.3471,-0.0775,0.3343,0.311,0.0452,-0.1345,-0.2391,-0.3042,-0.3483,-0.3803,-0.4048,-0.4242,-0.4401,-0.4533,-0.4642,-0.4732,-0.4806,0.1268,0.2106,0.2891,0.3144,0.2742,0.2619,0.4032,0.7719,0.9648,0.5338,0.1443,-0.0493,-0.1458,-0.204,-0.2484,-0.2891,-0.3341,-0.3954,-0.4772,-0.4627,-0.2733,-0.0213,0.0276,-0.0991,-0.2117,-0.2876,-0.3395,-0.3767,-0.4047,-0.4267,-0.4445,-0.4593,-0.4717,-0.482,-0.4905,-0.4972,0.1631,0.2981,0.4711,0.5512,0.3994,0.2511,0.2896,0.5303,0.646,0.3094,0.0225,-0.1078,-0.1698,-0.2136,-0.2547,-0.2939,-0.3359,-0.3894,-0.444,-0.4558,-0.4627,-0.4027,-0.3012,-0.283,-0.3125,-0.3503,-0.3839,-0.4115,-0.4339,-0.4524,-0.468,-0.4814,-0.4928,-0.5023,-0.5101,-0.5161,0.1615,0.3294,0.6299,0.8758,0.5085,0.1924,0.0998,0.087,0.0219,-0.1095,-0.173,-0.1803,-0.1862,-0.2145,-0.2645,-0.3054,-0.3357,-0.3803,-0.4315,-0.5066,-0.6577,-0.6188,-0.4685,-0.4038,-0.3964,-0.411,-0.4308,-0.4497,-0.4663,-0.4811,-0.4944,-0.5062,-0.5167,-0.5255,-0.5325,-0.5376,0.1027,0.2157,0.3996,0.5145,0.2089,0.0427,-0.0492,-0.1967,-0.4585,-0.5694,-0.3822,-0.229,-0.1691,-0.1872,-0.2946,-0.3572,-0.3423,-0.3882,-0.4453,-0.5138,-0.6075,-0.5916,-0.5071,-0.4637,-0.456,-0.4644,-0.4771,-0.4893,-0.5008,-0.512,-0.5232,-0.5339,-0.5437,-0.5519,-0.5582,-0.5623,0.0129,0.0303,-0.042,-0.3322,-0.3068,-0.1055,-0.0876,-0.2601,-0.8959,-1.2251,-0.536,-0.2126,-0.0914,-0.0762,-0.2282,-0.3458,-0.342,-0.4314,-0.4963,-0.5175,-0.5318,-0.5275,-0.5069,-0.4971,-0.503,-0.5147,-0.5238,-0.53,-0.5363,-0.5445,-0.5543,-0.5647,-0.5745,-0.5826,-0.5881,-0.5909,-0.0633,-0.085,-0.183,-0.3629,-0.3241,-0.1072,0.0338,0.0714,-0.4113,-0.7902,-0.3799,-0.1058,0.0408,0.1598,0.0413,-0.178,-0.3566,-0.5923,-0.6696,-0.5867,-0.5363,-0.5189,-0.5163,-0.5281,-0.5514,-0.5703,-0.5738,-0.5711,-0.5719,-0.578,-0.588,-0.5996,-0.6106,-0.619,-0.6239,-0.6248,-0.1129,-0.1298,-0.1711,-0.2109,-0.1702,-0.0373,0.1638,0.403,0.1817,-0.1862,-0.1542,0.0816,0.1748,0.2478,0.1417,-0.1279,-0.3753,-0.9616,-0.9989,-0.6647,-0.5546,-0.5264,-0.5312,-0.5606,-0.6087,-0.6376,-0.6256,-0.6094,-0.6057,-0.6124,-0.6253,-0.6406,-0.6545,-0.6641,-0.6679,-0.6658,-0.1463,-0.1523,-0.1617,-0.1594,-0.1221,-0.0353,0.1064,0.2584,0.1397,-0.1398,-0.145,0.2795,0.4399,0.3104,-0.0167,-0.0804,-0.2642,-0.6716,-0.7821,-0.6172,-0.5417,-0.5243,-0.5394,-0.5833,-0.6538,-0.6901,-0.6606,-0.6385,-0.6372,-0.6491,-0.6689,-0.6916,-0.7111,-0.7225,-0.724,-0.7166,-0.1739,-0.1746,-0.1741,-0.1659,-0.1421,-0.099,-0.0456,-0.03,-0.1448,-0.3462,-0.4477,-0.3132,-0.1787,-0.3675,-0.1623,-0.0928,-0.523,-0.486,-0.5421,-0.5295,-0.5016,-0.5032,-0.5349,-0.585,-0.6443,-0.6736,-0.665,-0.6612,-0.6703,-0.6915,-0.7236,-0.7598,-0.7891,-0.8025,-0.7981,-0.7803,-0.2002,-0.2004,-0.1999,-0.1965,-0.1893,-0.1815,-0.1867,-0.2359,-0.3703,-0.6277,-1.0388,-0.8736,-0.657,-0.4432,-0.3668,-0.3885,-0.5252,-0.4917,-0.4985,-0.4877,-0.4382,-0.4581,-0.5248,-0.585,-0.6363,-0.6693,-0.6868,-0.698,-0.7123,-0.7433,-0.7957,-0.8577,-0.9045,-0.9176,-0.8983,-0.8601,-0.226,-0.228,-0.2309,-0.2346,-0.2409,-0.2548,-0.2872,-0.356,-0.485,-0.7069,-1.0035,-0.8858,-0.9207,-0.9652,-0.6314,-0.547,-0.5296,-0.5108,-0.496,-0.4895,-0.4316,-0.4576,-0.5376,-0.6084,-0.6789,-0.7413,-0.7716,-0.7666,-0.7638,-0.8018,-0.8918,-1.0066,-1.0854,-1.0881,-1.0322,-0.9559,-0.2509,-0.2554,-0.262,-0.2717,-0.2865,-0.3108,-0.3514,-0.4169,-0.5144,-0.6402,-0.7485,-0.7991,-0.9782,-1.031,-0.8776,-0.844,-0.6775,-0.5202,-0.424,-0.5191,-0.5311,-0.5394,-0.5846,-0.6583,-0.7775,-0.9259,-0.9678,-0.8736,-0.8076,-0.8505,-1.0115,-1.2356,-1.3702,-1.3293,-1.1953,-1.0576,-0.274,-0.2809,-0.2906,-0.304,-0.3232,-0.3509,-0.3906,-0.4455,-0.5156,-0.5937,-0.6658,-0.734,-0.8229,-0.927,-1.2736,-1.4376,-0.8822,-0.6024,-0.5296,-0.6592,-0.6381,-0.6165,-0.6358,-0.7068,-0.8928,-1.2575,-1.3404,-0.9744,-0.794,-0.8528,-1.1214,-1.5259,-1.7365,-1.5936,-1.3432,-1.1369,-0.295,-0.3037,-0.3153,-0.3308,-0.3514,-0.3789,-0.4148,-0.4598,-0.5127,-0.5698,-0.6277,-0.6894,-0.7685,-0.9091,-1.2094,-1.2968,-0.9202,-0.729,-0.814,-0.8896,-0.7315,-0.6764,-0.675,-0.7107,-0.8564,-1.2724,-1.3732,-0.7878,-0.6404,-0.7624,-1.1111,-1.6373,-1.8942,-1.688,-1.385,-1.1553,-0.3137,-0.3236,-0.3362,-0.3524,-0.3729,-0.3986,-0.4301,-0.4675,-0.5098,-0.5554,-0.6037,-0.6573,-0.7241,-0.8178,-0.926,-0.9372,-0.825,-0.7493,-0.7786,-0.7991,-0.7461,-0.7342,-0.7281,-0.6868,-0.6308,-0.4815,-0.0131,-0.0942,-0.3595,-0.5773,-0.9048,-1.341,-1.5807,-1.4838,-1.2764,-1.0978,-0.33,-0.3405,-0.3535,-0.3695,-0.3891,-0.4126,-0.4402,-0.4719,-0.5069,-0.5446,-0.5848,-0.6286,-0.678,-0.7318,-0.7753,-0.7802,-0.7488,-0.7234,-0.7265,-0.7389,-0.7676,-0.8508,-0.8697,-0.7223,-0.4905,-0.0624,0.5293,0.2235,-0.1806,-0.3692,-0.6264,-0.9352,-1.1405,-1.1666,-1.0899,-0.9922,-0.344,-0.3548,-0.3677,-0.3831,-0.4014,-0.4227,-0.4469,-0.474,-0.5036,-0.5351,-0.5682,-0.6029,-0.6386,-0.672,-0.6961,-0.7036,-0.698,-0.6931,-0.6999,-0.7253,-0.7975,-0.9503,-0.9977,-0.7808,-0.503,-0.1904,0.0452,-0.0457,-0.1279,-0.2028,-0.4225,-0.6634,-0.838,-0.9141,-0.9148,-0.8794,-0.3561,-0.3667,-0.3793,-0.3939,-0.4108,-0.4299,-0.4513,-0.4747,-0.4999,-0.5263,-0.5536,-0.5812,-0.6078,-0.6314,-0.6488,-0.6584,-0.6624,-0.6669,-0.679,-0.7078,-0.7694,-0.8602,-0.8728,-0.7311,-0.5321,-0.341,-0.2136,-0.1706,-0.1258,-0.1799,-0.3527,-0.534,-0.6726,-0.7536,-0.7848,-0.7837]}]