docs/data/wind_grid.json
[{"header":{"la1":42.85,"la2":41.18,"lo1":11.55,"lo2":14.05,"nx":36,"ny":24,"dx":0.07143,"dy":0.07261,"parameterCategory":2,"parameterNumber":2,"parameterNumberName":"eastward_wind","parameterUnit":"m.s-1"},"data":[-0.6264,-0.6293,-0.6293,-0.6264,-0.621,-0.6135,-0.6039,-0.5923,-0.5787,-0.5639,-0.5494,-0.5374,-0.5295,-0.5265,-0.5279,-0.5321,-0.5364,-0.537,-0.5304,-0.5153,-0.4936,-0.4707,-0.4519,-0.4395,-0.4322,-0.4274,-0.4232,-0.4185,-0.4133,-0.4076,-0.4016,-0.3958,-0.3901,-0.3848,-0.3798,-0.3753,-0.6543,-0.659,-0.6599,-0.657,-0.6509,-0.6426,-0.6324,-0.6193,-0.6026,-0.5827,-0.5624,-0.5456,-0.5352,-0.5327,-0.5377,-0.5479,-0.5592,-0.5649,-0.558,-0.5341,-0.4971,-0.4594,-0.4333,-0.4219,-0.4198,-0.4201,-0.4193,-0.4163,-0.4117,-0.4061,-0.4,-0.3938,-0.3879,-0.3824,-0.3773,-0.3727,-0.6879,-0.6956,-0.6979,-0.6947,-0.6876,-0.6788,-0.6694,-0.6568,-0.637,-0.6091,-0.5785,-0.5532,-0.5385,-0.5365,-0.5468,-0.5669,-0.591,-0.6085,-0.6034,-0.5633,-0.4933,-0.4238,-0.3876,-0.3865,-0.3992,-0.4101,-0.4148,-0.4142,-0.4102,-0.4044,-0.3979,-0.3914,-0.3852,-0.3795,-0.3743,-0.3696,-0.7291,-0.7419,-0.7466,-0.7426,-0.7328,-0.7233,-0.7182,-0.7124,-0.6917,-0.6496,-0.5994,-0.5589,-0.5371,-0.5355,-0.5531,-0.5881,-0.6354,-0.6794,-0.6871,-0.6195,-0.4747,-0.3297,-0.2856,-0.3244,-0.3719,-0.4004,-0.4118,-0.413,-0.4089,-0.4026,-0.3955,-0.3885,-0.382,-0.3761,-0.3708,-0.3661,-0.7797,-0.8017,-0.8118,-0.8061,-0.7889,-0.7751,-0.7811,-0.8007,-0.7886,-0.7164,-0.6256,-0.5592,-0.5273,-0.5261,-0.5524,-0.6071,-0.6918,-0.7948,-0.8548,-0.7558,-0.4517,-0.1227,-0.0997,-0.2481,-0.3517,-0.3981,-0.4131,-0.4137,-0.4081,-0.4004,-0.3924,-0.3849,-0.378,-0.372,-0.3667,-0.3622,-0.841,-0.8804,-0.9036,-0.8968,-0.8614,-0.8294,-0.8499,-0.9387,-0.9677,-0.819,-0.6469,-0.5451,-0.504,-0.5044,-0.5389,-0.6127,-0.7441,-0.9549,-1.1781,-1.0868,-0.5602,0.0197,0.0035,-0.2432,-0.3684,-0.4118,-0.4206,-0.4161,-0.4071,-0.3974,-0.3883,-0.3802,-0.3732,-0.3672,-0.3621,-0.3577,-0.9105,-0.981,-1.0374,-1.0392,-0.966,-0.8791,-0.883,-1.0598,-1.1727,-0.8861,-0.6224,-0.5015,-0.4625,-0.4683,-0.5079,-0.5898,-0.7472,-1.05,-1.5037,-1.4534,-0.868,-0.4198,-0.3091,-0.3874,-0.433,-0.4404,-0.4316,-0.4181,-0.4046,-0.3928,-0.3827,-0.3744,-0.3674,-0.3616,-0.3568,-0.3527,-0.9773,-1.0918,-1.2175,-1.2648,-1.1241,-0.9262,-0.8317,-0.9072,-0.9562,-0.7081,-0.5003,-0.4195,-0.4037,-0.4203,-0.461,-0.5343,-0.6718,-0.9178,-1.2223,-1.2195,-1.0636,-0.9071,-0.6854,-0.5651,-0.5062,-0.4677,-0.4385,-0.4159,-0.3986,-0.3854,-0.3751,-0.367,-0.3605,-0.3553,-0.3509,-0.3473,-1.0209,-1.1679,-1.3623,-1.4928,-1.2728,-0.9626,-0.7386,-0.6028,-0.4779,-0.3444,-0.2986,-0.3117,-0.3364,-0.3684,-0.4102,-0.4645,-0.568,-0.7309,-0.9039,-1.0567,-1.3377,-1.2461,-0.8785,-0.6578,-0.5413,-0.4744,-0.4327,-0.4056,-0.3873,-0.3745,-0.3652,-0.3582,-0.3527,-0.3482,-0.3446,-0.3416,-1.0275,-1.1718,-1.3332,-1.415,-1.2824,-0.9761,-0.6597,-0.3582,-0.0012,0.1442,-0.0537,-0.2068,-0.2708,-0.3161,-0.3782,-0.4114,-0.4976,-0.638,-0.7752,-0.9405,-1.1773,-1.1194,-0.8406,-0.6403,-0.5214,-0.4511,-0.4096,-0.385,-0.37,-0.3603,-0.3534,-0.3482,-0.3441,-0.3407,-0.3379,-0.3356,-1.002,-1.1412,-1.3252,-1.5791,-1.4957,-1.0079,-0.6302,-0.2717,0.5076,0.8944,0.1433,-0.1484,-0.2091,-0.2328,-0.3314,-0.3986,-0.4975,-0.6662,-0.7719,-0.8118,-0.8466,-0.8048,-0.6758,-0.548,-0.456,-0.3995,-0.3696,-0.3551,-0.348,-0.3437,-0.3405,-0.3378,-0.3353,-0.333,-0.3311,-0.3294,-0.9484,-1.0754,-1.2659,-1.5217,-1.4218,-0.9419,-0.6655,-0.5393,-0.0218,0.4047,0.0033,-0.1668,-0.153,-0.0502,-0.182,-0.3573,-0.5764,-0.9308,-1.0263,-0.8328,-0.6947,-0.6052,-0.5179,-0.4338,-0.3664,-0.328,-0.3177,-0.3201,-0.3243,-0.3271,-0.3281,-0.3278,-0.3268,-0.3255,-0.3242,-0.3232,-0.8698,-0.958,-1.0625,-1.1325,-1.0286,-0.8071,-0.7202,-0.7042,-0.7032,-0.2905,-0.2131,-0.2247,-0.1768,-0.0313,-0.167,-0.3399,-0.6384,-1.5726,-1.6102,-0.9013,-0.5966,-0.4598,-0.3843,-0.3275,-0.276,-0.2504,-0.2644,-0.2876,-0.304,-0.3135,-0.318,-0.3194,-0.3191,-0.3182,-0.3174,-0.317,-0.781,-0.8283,-0.8655,-0.8636,-0.797,-0.7132,-0.714,-0.8501,-0.7293,-0.4131,-0.2855,-0.2681,-0.2563,-0.1257,-0.2362,-0.2825,-0.5069,-1.0578,-1.1576,-0.698,-0.4093,-0.2842,-0.2511,-0.2433,-0.222,-0.2036,-0.2319,-0.2685,-0.2927,-0.3061,-0.3119,-0.3131,-0.3122,-0.311,-0.3103,-0.3104,-0.6972,-0.7173,-0.7241,-0.7073,-0.6669,-0.626,-0.6128,-0.6053,-0.5092,-0.3621,-0.2869,-0.2773,-0.2563,-0.2827,-0.2802,-0.3071,-1.0255,-0.6958,-0.5601,-0.3164,-0.0728,-0.0182,-0.0928,-0.1679,-0.2061,-0.213,-0.2362,-0.2703,-0.2948,-0.3074,-0.3108,-0.3088,-0.3051,-0.3024,-0.3018,-0.3029,-0.6252,-0.6302,-0.6247,-0.6056,-0.5755,-0.5423,-0.51,-0.4651,-0.3888,-0.2992,-0.2311,-0.3454,-0.3019,-0.2541,-0.2896,-0.5082,-0.8399,-0.4918,-0.2237,0.0475,0.4121,0.3357,0.0744,-0.0872,-0.179,-0.2272,-0.2627,-0.294,-0.3133,-0.3192,-0.3143,-0.3039,-0.2942,-0.2896,-0.2903,-0.2938,-0.5653,-0.5623,-0.5513,-0.5317,-0.5047,-0.4726,-0.4352,-0.3883,-0.3307,-0.2723,-0.2306,-0.2632,-0.2308,-0.1948,-0.1693,-0.206,-0.2291,-0.0551,0.146,0.2629,0.5057,0.4173,0.152,-0.0367,-0.17,-0.2619,-0.318,-0.345,-0.3514,-0.3419,-0.3196,-0.292,-0.2721,-0.2672,-0.2731,-0.2824,-0.5159,-0.5083,-0.4947,-0.4748,-0.4491,-0.4183,-0.3824,-0.3412,-0.2971,-0.2572,-0.2294,-0.2064,-0.1731,-0.1213,0.1337,0.2623,0.195,0.362,0.5613,0.4621,0.4086,0.3196,0.1574,-0.0281,-0.2109,-0.3591,-0.4265,-0.4301,-0.4111,-0.3755,-0.3216,-0.2612,-0.2258,-0.2289,-0.2496,-0.2697,-0.4747,-0.4645,-0.4495,-0.4296,-0.405,-0.376,-0.3429,-0.3065,-0.2686,-0.2314,-0.194,-0.146,-0.0646,0.1503,0.8053,1.0792,0.5262,0.5263,0.6852,0.8584,0.6302,0.3968,0.1999,-0.0238,-0.2846,-0.5114,-0.5651,-0.5339,-0.4913,-0.4228,-0.322,-0.2068,-0.1524,-0.1804,-0.2268,-0.2604,-0.4402,-0.4284,-0.4127,-0.3931,-0.3695,-0.3421,-0.3114,-0.2776,-0.2414,-0.2019,-0.155,-0.0886,0.0278,0.2759,0.758,0.9222,0.605,0.6797,1.291,1.5919,0.9019,0.544,0.3158,0.0358,-0.3081,-0.5686,-0.6167,-0.6574,-0.6007,-0.4952,-0.351,-0.1864,-0.1168,-0.1633,-0.2235,-0.2619,-0.411,-0.3983,-0.3823,-0.363,-0.3403,-0.3143,-0.2852,-0.2528,-0.2168,-0.1754,-0.124,-0.0529,0.0556,0.2235,0.4254,0.5183,0.5186,0.6651,1.0255,1.1559,0.8824,0.7407,0.5977,0.2322,-0.2522,-0.6866,-1.0384,-0.9574,-0.7483,-0.6016,-0.4444,-0.2806,-0.1998,-0.2148,-0.2516,-0.2778,-0.3862,-0.3729,-0.3569,-0.338,-0.3161,-0.2912,-0.2633,-0.232,-0.1965,-0.1551,-0.1042,-0.0385,0.0483,0.1567,0.2675,0.3502,0.4225,0.5428,0.7037,0.8045,0.9038,1.2105,1.2673,0.6388,-0.1135,-0.7926,-1.3315,-1.1178,-0.8547,-0.7349,-0.5781,-0.4227,-0.3278,-0.2977,-0.2974,-0.3027,-0.3649,-0.3514,-0.3355,-0.317,-0.2959,-0.2721,-0.2453,-0.2151,-0.1809,-0.1411,-0.0939,-0.0366,0.0321,0.1099,0.189,0.2635,0.341,0.4366,0.5517,0.6979,0.9994,1.6217,1.8163,0.9647,0.0815,-0.553,-0.9026,-0.9204,-0.9555,-0.8846,-0.6935,-0.5276,-0.421,-0.365,-0.3392,-0.3271,-0.3467,-0.3332,-0.3175,-0.2996,-0.2792,-0.2564,-0.2308,-0.2021,-0.1696,-0.1326,-0.0899,-0.0406,0.0155,0.0766,0.1402,0.2052,0.2752,0.3569,0.4594,0.6105,0.8773,1.2549,1.3157,0.7912,0.1546,-0.3301,-0.6318,-0.8188,-0.9652,-0.9005,-0.7197,-0.5674,-0.4652,-0.4026,-0.3661,-0.3446]},{"header":{"la1":42.85,"la2":41.18,"lo1":11.55,"lo2":14.05,"nx":36,"ny":24,"dx":0.07143,"dy":0.07261,"parameterCategory":2,"parameterNumber":3,"parameterNumberName":"northward_wind","parameterUnit":"m.s-1"},"data":[-0.4716,-0.4582,-0.4419,-0.4227,-0.4013,-0.3792,-0.3588,-0.3429,-0.3335,-0.3301,-0.3304,-0.3307,-0.3281,-0.3207,-0.308,-0.2908,-0.2701,-0.2476,-0.2253,-0.205,-0.1886,-0.1785,-0.1764,-0.1824,-0.1947,-0.2108,-0.2285,-0.2466,-0.2642,-0.281,-0.2968,-0.3117,-0.3257,-0.3389,-0.3511,-0.3625,-0.4782,-0.4632,-0.444,-0.42,-0.3915,-0.3605,-0.3309,-0.3088,-0.2988,-0.3008,-0.3097,-0.3183,-0.3214,-0.3162,-0.3027,-0.2819,-0.256,-0.2272,-0.1981,-0.171,-0.1484,-0.1342,-0.1324,-0.1433,-0.1629,-0.1863,-0.2103,-0.2332,-0.2545,-0.2741,-0.2923,-0.309,-0.3246,-0.339,-0.3523,-0.3645,-0.4869,-0.4706,-0.4484,-0.4185,-0.3799,-0.3339,-0.2869,-0.2513,-0.2393,-0.2525,-0.279,-0.3033,-0.3161,-0.3146,-0.3,-0.2745,-0.2411,-0.2036,-0.1659,-0.13,-0.0972,-0.0745,-0.0731,-0.0939,-0.1263,-0.1607,-0.1926,-0.221,-0.2462,-0.2688,-0.2892,-0.3078,-0.3248,-0.3404,-0.3548,-0.3679,-0.4981,-0.4813,-0.4569,-0.4211,-0.3692,-0.2989,-0.2172,-0.1494,-0.1307,-0.1694,-0.2333,-0.2866,-0.3147,-0.3183,-0.3019,-0.2697,-0.2257,-0.1757,-0.1273,-0.0826,-0.0343,0.0084,0.009,-0.0336,-0.088,-0.1369,-0.1776,-0.2116,-0.2405,-0.2656,-0.2881,-0.3083,-0.3268,-0.3436,-0.359,-0.373,-0.5118,-0.4959,-0.4716,-0.4323,-0.3668,-0.2611,-0.1117,0.0377,0.0804,-0.0239,-0.1706,-0.2737,-0.3223,-0.3306,-0.3112,-0.2702,-0.2109,-0.1404,-0.0772,-0.0326,0.0296,0.1171,0.1128,0.0261,-0.0574,-0.1206,-0.1685,-0.2065,-0.2381,-0.2652,-0.2893,-0.311,-0.3308,-0.3488,-0.3651,-0.3799,-0.5272,-0.5135,-0.4926,-0.4567,-0.386,-0.2438,0.0152,0.3623,0.4877,0.2043,-0.1104,-0.2808,-0.3463,-0.3552,-0.3313,-0.2809,-0.2025,-0.0969,0.0016,0.0241,0.0545,0.1741,0.1622,0.0446,-0.0505,-0.1177,-0.1676,-0.2069,-0.2396,-0.268,-0.2933,-0.3162,-0.3372,-0.3563,-0.3735,-0.389,-0.5427,-0.5306,-0.5146,-0.491,-0.4367,-0.2922,0.0471,0.6625,0.9569,0.3605,-0.1335,-0.3344,-0.3935,-0.3941,-0.3656,-0.3099,-0.2173,-0.0762,0.0835,0.0815,0.0322,0.0719,0.0687,0.0001,-0.071,-0.1288,-0.1749,-0.2128,-0.2452,-0.274,-0.3001,-0.3241,-0.3462,-0.3665,-0.3847,-0.4009,-0.557,-0.5427,-0.5241,-0.5117,-0.4996,-0.4211,-0.1813,0.2753,0.4828,0.0255,-0.3292,-0.4462,-0.4605,-0.4444,-0.4174,-0.366,-0.2714,-0.1365,-0.0045,0.0202,0.0186,0.0183,-0.0083,-0.0517,-0.1016,-0.1479,-0.1881,-0.223,-0.2542,-0.2829,-0.3097,-0.3349,-0.3584,-0.3799,-0.3991,-0.416,-0.5718,-0.5527,-0.5186,-0.492,-0.5347,-0.5689,-0.5347,-0.4533,-0.4681,-0.5951,-0.6332,-0.5858,-0.5287,-0.4963,-0.4949,-0.4673,-0.356,-0.2233,-0.1145,-0.0287,0.0767,0.0571,-0.0263,-0.0837,-0.1294,-0.1691,-0.2041,-0.2358,-0.2656,-0.2943,-0.3221,-0.349,-0.3742,-0.3972,-0.4176,-0.435,-0.5907,-0.5734,-0.5439,-0.5268,-0.5836,-0.7023,-0.8355,-0.9752,-1.1736,-1.2202,-0.95,-0.7053,-0.5733,-0.5308,-0.6108,-0.6684,-0.439,-0.2695,-0.1654,-0.073,0.0236,0.0143,-0.0578,-0.1132,-0.1553,-0.1904,-0.2211,-0.2497,-0.2783,-0.3076,-0.3374,-0.3667,-0.3945,-0.4196,-0.4413,-0.4592,-0.6143,-0.6031,-0.5772,-0.5257,-0.5667,-0.8167,-1.0958,-1.3285,-1.7108,-1.9189,-1.1841,-0.7551,-0.5821,-0.5277,-0.5841,-0.664,-0.3965,-0.2459,-0.1759,-0.1246,-0.0826,-0.0778,-0.1071,-0.145,-0.1811,-0.2118,-0.2379,-0.2632,-0.2912,-0.3225,-0.3558,-0.3893,-0.4208,-0.4487,-0.4719,-0.4899,-0.6408,-0.6377,-0.6149,-0.5565,-0.6241,-0.9763,-1.3863,-1.6518,-1.6594,-1.627,-1.0848,-0.7148,-0.5761,-0.6129,-0.4365,-0.3222,-0.2159,-0.1709,-0.1579,-0.1357,-0.118,-0.1169,-0.1359,-0.1693,-0.2065,-0.2349,-0.254,-0.2748,-0.3032,-0.3388,-0.3784,-0.4186,-0.4558,-0.4874,-0.512,-0.5293,-0.6675,-0.679,-0.6892,-0.7155,-0.8439,-1.1521,-1.5911,-1.9835,-1.7446,-1.2746,-0.8863,-0.6757,-0.5582,-0.5413,-0.2753,-0.05,-0.0009,-0.1539,-0.1709,-0.1183,-0.1022,-0.1063,-0.1337,-0.1813,-0.2355,-0.2653,-0.2696,-0.2827,-0.3135,-0.3572,-0.4075,-0.4583,-0.5039,-0.5402,-0.5655,-0.5804,-0.6894,-0.7143,-0.7508,-0.8171,-0.9489,-1.1754,-1.4823,-1.757,-1.5859,-1.0832,-0.756,-0.7162,-0.6805,-0.1386,-0.0053,0.4602,0.3436,0.0224,-0.085,-0.0634,-0.0363,-0.0415,-0.0945,-0.1744,-0.2612,-0.2974,-0.279,-0.2845,-0.322,-0.3799,-0.4476,-0.5151,-0.5729,-0.6146,-0.6385,-0.6472,-0.7019,-0.7326,-0.7762,-0.8422,-0.9422,-1.078,-1.2231,-1.2886,-1.1365,-0.846,-0.6377,-0.5234,-0.3061,0.0663,0.1179,0.5978,0.7098,0.2507,0.0255,0.0305,0.1441,0.1331,-0.0027,-0.1321,-0.2307,-0.2724,-0.2626,-0.2754,-0.3282,-0.4098,-0.5061,-0.6005,-0.6762,-0.7225,-0.7392,-0.7342,-0.7041,-0.7338,-0.7725,-0.8232,-0.8863,-0.9534,-0.9993,-0.9791,-0.8605,-0.6916,-0.5936,-0.4384,-0.3959,-0.2451,-0.0647,0.263,0.4882,0.1509,-0.0266,0.1314,0.6097,0.49,0.117,-0.0732,-0.1568,-0.1893,-0.2021,-0.2409,-0.3261,-0.4498,-0.5946,-0.7346,-0.8371,-0.8828,-0.8785,-0.8457,-0.6981,-0.723,-0.7527,-0.7867,-0.8216,-0.8488,-0.8528,-0.8162,-0.736,-0.6417,-0.5901,-0.5371,-0.6701,-0.7318,-0.3762,-0.172,-0.0985,-0.2242,-0.3088,-0.0103,0.6651,0.5169,0.1088,-0.0536,-0.0794,-0.0564,-0.0641,-0.1507,-0.3038,-0.5012,-0.7293,-0.9504,-1.0939,-1.121,-1.0654,-0.9807,-0.6868,-0.706,-0.7268,-0.7475,-0.7647,-0.7722,-0.7627,-0.7308,-0.6803,-0.6276,-0.594,-0.6047,-0.7607,-0.8041,-0.6659,-0.6172,-0.494,-0.6087,-0.8188,-0.4488,-0.0652,0.0247,-0.0635,-0.0808,0.03,0.2162,0.2481,0.033,-0.2561,-0.5645,-0.9212,-1.2866,-1.4913,-1.452,-1.2908,-1.1249,-0.6728,-0.6868,-0.7005,-0.7122,-0.7194,-0.7185,-0.7064,-0.6823,-0.6505,-0.6202,-0.6038,-0.6169,-0.6705,-0.7547,-1.0782,-1.2344,-0.764,-0.7022,-0.7917,-0.6974,-0.4798,-0.3229,-0.2516,-0.1352,0.1647,0.7064,0.8241,0.2573,-0.2258,-0.6345,-1.129,-1.7016,-1.9809,-1.8039,-1.4943,-1.2413,-0.6582,-0.668,-0.6766,-0.6826,-0.6845,-0.6805,-0.6695,-0.6522,-0.6317,-0.614,-0.6066,-0.6181,-0.66,-0.7699,-1.0352,-1.1175,-0.8141,-0.7255,-0.868,-0.948,-0.6876,-0.5382,-0.4391,-0.2637,0.1011,0.7634,0.913,0.146,-0.3151,-0.6965,-1.2075,-1.8688,-2.1821,-1.9319,-1.5633,-1.2824,-0.6441,-0.6507,-0.6558,-0.6586,-0.658,-0.6532,-0.6441,-0.6317,-0.6184,-0.6079,-0.6051,-0.6156,-0.6478,-0.7135,-0.8021,-0.817,-0.7414,-0.719,-0.7938,-0.8247,-0.756,-0.7542,-0.7143,-0.5167,-0.2388,-0.0838,-0.3362,-0.4015,-0.5217,-0.754,-1.0991,-1.5635,-1.8238,-1.7043,-1.453,-1.2331,-0.6311,-0.6354,-0.6383,-0.6392,-0.6375,-0.6329,-0.6257,-0.6168,-0.6079,-0.6015,-0.6007,-0.6086,-0.6284,-0.6599,-0.6909,-0.6984,-0.686,-0.6902,-0.7247,-0.7717,-0.8816,-1.1331,-1.1976,-0.8602,-0.5477,-0.5029,-0.6838,-0.6467,-0.7475,-0.8533,-0.9836,-1.2038,-1.37,-1.3683,-1.2595,-1.1296,-0.6194,-0.6222,-0.6236,-0.6235,-0.6214,-0.6174,-0.6118,-0.6053,-0.5992,-0.5951,-0.5947,-0.5998,-0.6108,-0.6263,-0.6407,-0.6489,-0.6548,-0.6712,-0.7107,-0.7966,-1.0087,-1.4201,-1.5438,-1.0886,-0.7252,-0.615,-0.6565,-0.7957,-1.0357,-1.003,-0.9554,-1.016,-1.0967,-1.121,-1.085,-1.019,-0.6091,-0.6108,-0.6114,-0.6107,-0.6087,-0.6053,-0.6009,-0.5961,-0.5918,-0.5889,-0.5886,-0.5915,-0.5978,-0.6065,-0.6158,-0.6251,-0.6374,-0.6604,-0.7056,-0.7959,-0.9709,-1.2141,-1.2677,-1.0211,-0.7826,-0.6887,-0.7239,-0.8865,-1.0731,-1.0281,-0.9415,-0.9314,-0.957,-0.9717,-0.9595,-0.9262]}]