docs/data/wind_grid.json
[{"header":{"la1":42.85,"la2":41.18,"lo1":11.55,"lo2":14.05,"nx":36,"ny":24,"dx":0.07143,"dy":0.07261,"parameterCategory":2,"parameterNumber":2,"parameterNumberName":"eastward_wind","parameterUnit":"m.s-1"},"data":[0.2663,0.2466,0.2234,0.1969,0.1688,0.1416,0.1192,0.1058,0.1044,0.1152,0.1353,0.1603,0.1855,0.2076,0.2242,0.2337,0.2346,0.2255,0.206,0.1772,0.1439,0.1137,0.0933,0.0851,0.0868,0.0938,0.1028,0.1114,0.119,0.1254,0.1307,0.1352,0.139,0.1424,0.1455,0.1483,0.273,0.2501,0.2214,0.1867,0.1474,0.1067,0.0711,0.0487,0.046,0.064,0.097,0.1363,0.1746,0.2071,0.2316,0.2465,0.2503,0.2401,0.213,0.1688,0.1148,0.0663,0.0386,0.0347,0.0464,0.0637,0.0806,0.0947,0.1058,0.1144,0.1212,0.1267,0.1314,0.1354,0.1391,0.1424,0.2845,0.2588,0.2244,0.1795,0.1242,0.0617,0.0019,-0.0391,-0.0455,-0.0142,0.042,0.105,0.1624,0.209,0.2437,0.2665,0.2762,0.268,0.233,0.1638,0.0691,-0.0162,-0.0534,-0.0411,-0.0064,0.0289,0.0571,0.0778,0.0926,0.1034,0.1116,0.1181,0.1235,0.1282,0.1325,0.1364,0.3025,0.2755,0.2364,0.1805,0.1039,0.0069,-0.0986,-0.1807,-0.1976,-0.138,-0.0364,0.0663,0.1509,0.2149,0.2617,0.295,0.3163,0.3194,0.2837,0.178,-0.0002,-0.1695,-0.2133,-0.1498,-0.0682,-0.0059,0.0356,0.0626,0.0804,0.0928,0.102,0.1093,0.1154,0.1208,0.1256,0.1301,0.3286,0.3033,0.2628,0.1984,0.0979,-0.0497,-0.2403,-0.4192,-0.4668,-0.3371,-0.1411,0.0255,0.1448,0.2276,0.2864,0.3314,0.3716,0.4083,0.4052,0.2646,-0.0751,-0.4391,-0.4591,-0.2707,-0.1197,-0.0305,0.0206,0.0508,0.0698,0.0827,0.0923,0.1001,0.1069,0.1129,0.1185,0.1237,0.3633,0.3438,0.3087,0.2443,0.1263,-0.0792,-0.4047,-0.803,-0.9425,-0.6274,-0.2502,-0.0003,0.1524,0.2505,0.3183,0.3717,0.4325,0.5339,0.6572,0.5348,-0.0079,-0.6076,-0.5877,-0.3028,-0.1257,-0.0339,0.015,0.0429,0.0602,0.0724,0.082,0.0903,0.0978,0.1047,0.1112,0.1171,0.4055,0.3951,0.372,0.3232,0.21,-0.0271,-0.4641,-1.1435,-1.4505,-0.8342,-0.2797,0.0155,0.1813,0.2874,0.3606,0.4136,0.4741,0.6161,0.9162,0.8531,0.2285,-0.2201,-0.302,-0.1813,-0.0779,-0.0173,0.0165,0.0364,0.05,0.0608,0.0704,0.0794,0.088,0.096,0.1035,0.1105,0.4529,0.4499,0.4322,0.4068,0.3368,0.1275,-0.2539,-0.7857,-1.008,-0.5694,-0.1604,0.0778,0.2287,0.3402,0.425,0.4722,0.4941,0.5545,0.6821,0.5564,0.1481,-0.0203,-0.0627,-0.0501,-0.0206,0.0018,0.0159,0.0261,0.0356,0.0457,0.0563,0.0669,0.0772,0.0869,0.0958,0.1039,0.5064,0.5102,0.4651,0.4079,0.448,0.3169,0.0541,-0.1986,-0.2906,-0.1829,-0.0112,0.1456,0.2757,0.4039,0.5415,0.6007,0.5462,0.4907,0.4286,0.2175,-0.1379,-0.1134,-0.0108,0.0101,0.0091,0.0041,0.0015,0.0046,0.0131,0.0252,0.0388,0.0525,0.0656,0.0775,0.0882,0.0977,0.5682,0.6091,0.6153,0.6028,0.6992,0.5181,0.2593,0.0567,-0.0919,-0.1136,0.0317,0.1809,0.2957,0.4421,0.744,0.9025,0.6434,0.5023,0.3967,0.2108,-0.0322,-0.042,0.0281,0.0305,0.0023,-0.026,-0.0396,-0.0364,-0.0219,-0.0026,0.0176,0.0365,0.0535,0.0685,0.0813,0.0924,0.625,0.7315,0.9449,1.3828,1.2901,0.7102,0.3616,0.1419,-0.2155,-0.3883,0.0045,0.196,0.2716,0.357,0.6676,0.9013,0.6307,0.5431,0.4774,0.3458,0.1978,0.1192,0.0789,0.0193,-0.0546,-0.1104,-0.125,-0.1057,-0.0721,-0.0374,-0.0063,0.0201,0.0423,0.0607,0.0759,0.0885,0.6483,0.7732,1.0091,1.3612,1.25,0.6966,0.3842,0.2582,0.0482,-0.1274,0.1143,0.2229,0.2207,0.1657,0.2678,0.4587,0.5431,0.6677,0.6694,0.4931,0.3252,0.2003,0.0893,-0.0444,-0.1959,-0.2916,-0.2794,-0.2086,-0.135,-0.0755,-0.0298,0.0058,0.0337,0.0558,0.0732,0.0869,0.6317,0.7207,0.842,0.9342,0.8274,0.569,0.3882,0.2245,0.3783,0.2664,0.2691,0.2398,0.1947,0.0929,0.1489,0.3434,0.5191,0.9836,0.9954,0.595,0.3702,0.2152,0.0595,-0.1605,-0.4584,-0.6267,-0.5123,-0.33,-0.1965,-0.1083,-0.0475,-0.0031,0.0303,0.0557,0.0747,0.0889,0.5953,0.6437,0.6875,0.6928,0.6246,0.5146,0.4418,0.4771,0.4627,0.4212,0.3924,0.2276,0.1508,0.1261,0.2497,0.2733,0.4308,0.7376,0.7815,0.5268,0.3293,0.184,0.0239,-0.2511,-0.7122,-0.9738,-0.7006,-0.4057,-0.2301,-0.1246,-0.0539,-0.0026,0.0355,0.0632,0.0825,0.0957,0.5592,0.583,0.5967,0.588,0.5528,0.5075,0.4797,0.484,0.5144,0.5869,0.6397,0.5233,0.3259,0.1152,0.3141,0.2872,0.7755,0.6004,0.5207,0.3697,0.2056,0.1118,0.0088,-0.2123,-0.577,-0.7888,-0.6022,-0.371,-0.2198,-0.1195,-0.0456,0.0113,0.0535,0.082,0.0993,0.1089,0.5313,0.544,0.5494,0.5443,0.5303,0.5168,0.5167,0.5435,0.6208,0.8073,1.1716,0.838,0.6818,0.5002,0.4988,0.5678,0.73,0.5591,0.4011,0.2189,-0.0045,-0.0005,0.0018,-0.1217,-0.304,-0.4153,-0.3807,-0.284,-0.1874,-0.1003,-0.0224,0.0435,0.0913,0.1181,0.1285,0.13,0.512,0.5209,0.5257,0.5266,0.5261,0.5304,0.5481,0.5918,0.683,0.8634,1.1321,0.9639,1.0515,1.1427,0.7985,0.7036,0.6125,0.4311,0.2563,0.1453,-0.0414,-0.022,-0.0001,-0.0802,-0.1945,-0.2782,-0.294,-0.2489,-0.1709,-0.0798,0.0158,0.1031,0.1607,0.1797,0.1733,0.159,0.4992,0.5072,0.5138,0.5197,0.5275,0.5414,0.5674,0.6132,0.6872,0.7904,0.8827,0.9331,1.1561,1.2414,1.1678,1.14,0.7455,0.2553,-0.0402,0.0981,0.0784,0.0423,-0.0012,-0.0925,-0.2232,-0.3531,-0.3865,-0.3024,-0.1856,-0.0643,0.0703,0.2033,0.2783,0.2732,0.232,0.1923,0.4904,0.4988,0.5071,0.5164,0.5287,0.547,0.5747,0.6156,0.6713,0.738,0.8059,0.885,1.0114,1.2182,1.9324,2.2515,1.0649,0.3191,0.0403,0.0798,0.0868,0.0452,-0.0269,-0.1358,-0.3153,-0.581,-0.6392,-0.4001,-0.2087,-0.0552,0.1278,0.3348,0.4338,0.379,0.2871,0.219,0.4839,0.4926,0.5022,0.5134,0.5278,0.5471,0.5735,0.6084,0.6523,0.7037,0.7628,0.8391,0.9604,1.2169,1.7963,1.9493,1.0788,0.4349,0.0906,0.0159,0.0556,-0.0051,-0.0893,-0.1799,-0.3322,-0.6148,-0.6798,-0.3585,-0.1926,-0.0604,0.1342,0.3863,0.5011,0.4171,0.3023,0.2242,0.4782,0.4873,0.4974,0.5093,0.5241,0.5428,0.5665,0.5961,0.6317,0.6735,0.7233,0.7879,0.883,1.0336,1.2106,1.1751,0.8244,0.4399,0.1717,0.0713,-0.0004,-0.1451,-0.2376,-0.2433,-0.2558,-0.2568,-0.1075,-0.1161,-0.152,-0.0993,0.05,0.2557,0.3674,0.3334,0.2591,0.2016,0.4728,0.4818,0.4919,0.5037,0.5178,0.5349,0.5555,0.5801,0.6089,0.6421,0.6808,0.7275,0.785,0.8484,0.8824,0.8176,0.6368,0.4144,0.2228,0.0666,-0.1504,-0.4714,-0.5773,-0.3857,-0.2298,-0.0961,0.0812,-0.0301,-0.2046,-0.2054,-0.0836,0.0733,0.1787,0.2032,0.1857,0.1617,0.4672,0.4758,0.4855,0.4965,0.5094,0.5243,0.5417,0.5617,0.5842,0.609,0.6362,0.6651,0.6931,0.7111,0.6999,0.6365,0.518,0.3669,0.2045,0.0128,-0.2877,-0.7301,-0.8496,-0.5051,-0.2555,-0.1323,-0.0845,-0.2111,-0.4226,-0.3701,-0.2047,-0.0548,0.0482,0.1004,0.1182,0.1205,0.4611,0.4692,0.4781,0.488,0.4993,0.5119,0.5261,0.5416,0.5583,0.5756,0.5925,0.6074,0.6164,0.6127,0.5864,0.5286,0.438,0.3207,0.1796,0.0,-0.2484,-0.5303,-0.6049,-0.4206,-0.2487,-0.1703,-0.1779,-0.2995,-0.4533,-0.3983,-0.2447,-0.1129,-0.0197,0.0384,0.0708,0.0878]},{"header":{"la1":42.85,"la2":41.18,"lo1":11.55,"lo2":14.05,"nx":36,"ny":24,"dx":0.07143,"dy":0.07261,"parameterCategory":2,"parameterNumber":3,"parameterNumberName":"northward_wind","parameterUnit":"m.s-1"},"data":[-0.3643,-0.3787,-0.395,-0.4132,-0.4322,-0.4506,-0.4656,-0.4743,-0.4745,-0.466,-0.4506,-0.4312,-0.4108,-0.3911,-0.3733,-0.3579,-0.3454,-0.3365,-0.3319,-0.3312,-0.3332,-0.3352,-0.3345,-0.3301,-0.3222,-0.3121,-0.301,-0.2897,-0.2786,-0.2677,-0.2573,-0.2473,-0.2377,-0.2287,-0.2202,-0.2124,-0.366,-0.3828,-0.4029,-0.4265,-0.453,-0.4806,-0.5049,-0.5201,-0.5215,-0.5081,-0.4841,-0.4553,-0.4266,-0.4005,-0.3777,-0.3582,-0.3426,-0.3321,-0.3282,-0.3316,-0.3401,-0.3483,-0.3505,-0.3449,-0.3337,-0.3199,-0.3058,-0.2921,-0.2791,-0.2668,-0.2552,-0.2442,-0.2338,-0.2241,-0.215,-0.2066,-0.3656,-0.3848,-0.4088,-0.4389,-0.4759,-0.5182,-0.5596,-0.5884,-0.5927,-0.5698,-0.5295,-0.4849,-0.4442,-0.4098,-0.3809,-0.3564,-0.336,-0.322,-0.3185,-0.329,-0.3509,-0.3723,-0.3788,-0.3682,-0.3492,-0.3289,-0.3104,-0.2938,-0.2789,-0.2651,-0.2523,-0.2403,-0.229,-0.2184,-0.2087,-0.1998,-0.3627,-0.3836,-0.4109,-0.4477,-0.498,-0.5636,-0.6375,-0.6967,-0.7089,-0.6649,-0.5915,-0.5197,-0.4621,-0.4181,-0.3829,-0.3522,-0.3243,-0.3022,-0.2958,-0.3176,-0.3684,-0.4202,-0.4308,-0.4031,-0.3675,-0.3373,-0.3136,-0.2941,-0.2774,-0.2623,-0.2483,-0.2352,-0.223,-0.2116,-0.2012,-0.1917,-0.3569,-0.3786,-0.4074,-0.4487,-0.5124,-0.6109,-0.7461,-0.8787,-0.9144,-0.8162,-0.6717,-0.5551,-0.4768,-0.4243,-0.3844,-0.3474,-0.3077,-0.2671,-0.2447,-0.2783,-0.3869,-0.5108,-0.5157,-0.4429,-0.3814,-0.3411,-0.3134,-0.2922,-0.2743,-0.2581,-0.243,-0.2289,-0.2156,-0.2034,-0.1922,-0.1822,-0.3485,-0.3705,-0.3985,-0.4382,-0.5071,-0.6389,-0.8711,-1.174,-1.2824,-1.0367,-0.7523,-0.5776,-0.4826,-0.4272,-0.387,-0.3462,-0.2924,-0.2165,-0.1408,-0.1716,-0.3544,-0.5696,-0.5611,-0.4489,-0.3769,-0.3356,-0.3086,-0.2877,-0.2695,-0.2525,-0.2364,-0.221,-0.2067,-0.1934,-0.1815,-0.1709,-0.3383,-0.3625,-0.3909,-0.4211,-0.4734,-0.608,-0.9122,-1.4381,-1.6837,-1.1908,-0.7662,-0.5657,-0.4742,-0.427,-0.3936,-0.3554,-0.2946,-0.1874,-0.0343,-0.051,-0.2482,-0.4044,-0.4371,-0.3898,-0.3488,-0.321,-0.2999,-0.2814,-0.2636,-0.2459,-0.2284,-0.2116,-0.1958,-0.1814,-0.1686,-0.1575,-0.3253,-0.3571,-0.4007,-0.4274,-0.4287,-0.5033,-0.7348,-1.1354,-1.3133,-0.9565,-0.6533,-0.5137,-0.454,-0.4263,-0.4072,-0.3796,-0.327,-0.2365,-0.1299,-0.1312,-0.1891,-0.2384,-0.2976,-0.3179,-0.3149,-0.3046,-0.2913,-0.2755,-0.2577,-0.2386,-0.2191,-0.2003,-0.1827,-0.1669,-0.1532,-0.1416,-0.3039,-0.342,-0.4213,-0.4895,-0.3987,-0.3686,-0.4576,-0.599,-0.6545,-0.5786,-0.4948,-0.4494,-0.4326,-0.4295,-0.4299,-0.4183,-0.3759,-0.3094,-0.2425,-0.193,-0.12,-0.1427,-0.2317,-0.2783,-0.2948,-0.2961,-0.2881,-0.2732,-0.2536,-0.2313,-0.2085,-0.1866,-0.1666,-0.1491,-0.1344,-0.1224,-0.2684,-0.2878,-0.3341,-0.366,-0.2616,-0.2135,-0.2178,-0.2696,-0.3485,-0.3897,-0.3917,-0.4024,-0.4194,-0.4367,-0.4593,-0.4675,-0.4191,-0.3552,-0.2937,-0.2308,-0.1607,-0.1711,-0.2326,-0.274,-0.296,-0.3032,-0.2967,-0.2785,-0.2529,-0.2244,-0.196,-0.1697,-0.1465,-0.127,-0.1113,-0.0992,-0.2259,-0.2107,-0.1661,-0.0531,-0.0509,-0.0517,0.0207,-0.0076,-0.2986,-0.441,-0.3473,-0.3775,-0.4151,-0.4383,-0.466,-0.4766,-0.436,-0.365,-0.3062,-0.2696,-0.2418,-0.2401,-0.2638,-0.2946,-0.3227,-0.3364,-0.3263,-0.2962,-0.2571,-0.2171,-0.1802,-0.1479,-0.1208,-0.0991,-0.0826,-0.071,-0.1914,-0.1594,-0.1026,-0.0309,-0.0123,0.0934,0.3294,0.4756,0.0984,-0.2492,-0.285,-0.3691,-0.4167,-0.4034,-0.4624,-0.4991,-0.4495,-0.3,-0.2339,-0.2618,-0.2701,-0.2732,-0.2912,-0.3316,-0.3874,-0.4189,-0.3927,-0.3308,-0.2648,-0.2067,-0.1581,-0.1184,-0.0869,-0.0632,-0.0467,-0.0364,-0.1706,-0.1371,-0.0915,-0.0392,0.0355,0.2219,0.5721,0.8225,0.7349,0.0771,-0.2407,-0.3703,-0.4315,-0.4177,-0.5095,-0.6233,-0.5318,-0.0759,-0.0355,-0.2329,-0.2711,-0.2787,-0.3045,-0.3791,-0.5125,-0.5916,-0.5089,-0.376,-0.2673,-0.1863,-0.1248,-0.0773,-0.0415,-0.0164,-0.001,0.0062,-0.1613,-0.1296,-0.0879,-0.0312,0.0614,0.2337,0.5193,0.8778,0.665,0.0568,-0.271,-0.3607,-0.3942,-0.6642,-0.7009,-0.9423,-0.8012,-0.3677,-0.2097,-0.2641,-0.2642,-0.2626,-0.2932,-0.4016,-0.64,-0.7921,-0.6089,-0.3909,-0.2446,-0.1459,-0.0739,-0.0193,0.0203,0.0453,0.0573,0.0587,-0.1605,-0.1323,-0.0953,-0.0448,0.0293,0.1376,0.2698,0.3391,0.1732,-0.1321,-0.333,-0.4442,-0.6047,-0.885,-0.7921,-1.0266,-1.0147,-0.6556,-0.3906,-0.2778,-0.2317,-0.223,-0.2482,-0.3406,-0.5365,-0.6618,-0.5128,-0.3168,-0.1769,-0.0772,0.0003,0.0615,0.1047,0.1277,0.1321,0.1231,-0.1662,-0.1432,-0.1144,-0.078,-0.0331,0.0163,0.0497,0.0223,-0.1012,-0.2636,-0.3323,-0.4747,-0.5557,-0.685,-0.7202,-0.8183,-0.8777,-0.5772,-0.308,-0.1973,-0.1889,-0.1847,-0.1864,-0.2266,-0.3017,-0.3404,-0.2761,-0.1683,-0.0693,0.0184,0.1002,0.1723,0.2217,0.2389,0.2278,0.2004,-0.1762,-0.1593,-0.1397,-0.1182,-0.0973,-0.0837,-0.0912,-0.1366,-0.2226,-0.3152,-0.3512,-0.4538,-0.6323,-0.7083,-0.6561,-0.6353,-0.5207,-0.2111,0.0535,-0.0173,-0.1634,-0.1533,-0.1199,-0.1154,-0.1173,-0.1026,-0.0636,-0.0109,0.0517,0.129,0.2244,0.323,0.3863,0.3893,0.3473,0.289,-0.1882,-0.1772,-0.1659,-0.156,-0.1505,-0.1546,-0.1753,-0.218,-0.2797,-0.3461,-0.4083,-0.499,-0.6552,-0.7054,-0.6739,-0.6216,-0.3309,0.3013,0.84,0.3273,0.0493,-0.0247,-0.0252,-0.0083,0.0211,0.0573,0.0865,0.1168,0.1618,0.2379,0.3652,0.5233,0.6155,0.5832,0.4835,0.3794,-0.2005,-0.1943,-0.1894,-0.1873,-0.1904,-0.2019,-0.2252,-0.2617,-0.3092,-0.3626,-0.4207,-0.4905,-0.5705,-0.6498,-0.8751,-0.9695,-0.3778,0.2907,0.6704,0.4623,0.2447,0.1183,0.0847,0.0965,0.1257,0.1313,0.1361,0.2044,0.2558,0.3274,0.4921,0.7446,0.8795,0.7796,0.6019,0.4503,-0.2118,-0.2093,-0.2086,-0.2111,-0.2184,-0.2323,-0.2544,-0.2848,-0.3223,-0.3647,-0.4111,-0.4622,-0.5204,-0.6092,-0.8019,-0.833,-0.3695,0.1242,0.5319,0.6494,0.3619,0.2265,0.1958,0.2026,0.223,0.1798,0.168,0.3405,0.3569,0.3797,0.5351,0.8291,0.9851,0.8496,0.6416,0.4757,-0.2213,-0.2213,-0.2233,-0.2282,-0.237,-0.2508,-0.2702,-0.295,-0.3243,-0.3567,-0.3911,-0.4268,-0.4651,-0.5108,-0.5521,-0.4906,-0.2535,0.0601,0.355,0.4476,0.3499,0.3297,0.3399,0.327,0.3632,0.5102,0.8052,0.701,0.4548,0.3714,0.4593,0.6674,0.7946,0.7245,0.5792,0.4475,-0.2288,-0.2304,-0.2337,-0.2396,-0.2485,-0.261,-0.2772,-0.2967,-0.3189,-0.3424,-0.3659,-0.3877,-0.4059,-0.4156,-0.4003,-0.3275,-0.1819,0.0047,0.1745,0.2764,0.3632,0.5293,0.588,0.4702,0.4672,0.7154,1.1343,0.8462,0.3691,0.2526,0.3195,0.4481,0.5389,0.5338,0.467,0.3861,-0.2344,-0.2367,-0.2406,-0.2465,-0.2546,-0.2652,-0.2781,-0.293,-0.309,-0.3248,-0.339,-0.3494,-0.3529,-0.3437,-0.3121,-0.2467,-0.1451,-0.0209,0.1047,0.2301,0.4107,0.6937,0.7735,0.5554,0.473,0.5771,0.6796,0.4028,0.0043,0.0445,0.1845,0.2957,0.366,0.3846,0.3618,0.3186,-0.238,-0.2406,-0.2445,-0.2499,-0.2568,-0.2653,-0.2752,-0.2858,-0.2966,-0.3061,-0.313,-0.3151,-0.3094,-0.2918,-0.257,-0.2008,-0.123,-0.029,0.0761,0.199,0.3633,0.5531,0.6055,0.4922,0.4177,0.4177,0.3808,0.1754,-0.0494,0.0005,0.1266,0.2152,0.2676,0.2881,0.2824,0.2598]}]