docs/data/wind_grid.json
[{"header":{"la1":42.85,"la2":41.18,"lo1":11.55,"lo2":14.05,"nx":36,"ny":24,"dx":0.07143,"dy":0.07261,"parameterCategory":2,"parameterNumber":2,"parameterNumberName":"eastward_wind","parameterUnit":"m.s-1"},"data":[0.2176,0.1997,0.179,0.1558,0.1313,0.1075,0.0873,0.074,0.0696,0.0742,0.0857,0.1004,0.1149,0.1262,0.1321,0.1308,0.1207,0.1,0.068,0.0264,-0.0186,-0.0575,-0.0814,-0.0874,-0.0787,-0.0611,-0.0394,-0.017,0.0048,0.0253,0.0443,0.062,0.0784,0.0937,0.1079,0.1211,0.2233,0.2027,0.1776,0.148,0.1148,0.0808,0.0506,0.0304,0.025,0.035,0.0562,0.0819,0.1064,0.1259,0.138,0.141,0.1324,0.1087,0.0659,0.0039,-0.0681,-0.1303,-0.1634,-0.1636,-0.1411,-0.109,-0.0755,-0.0442,-0.0161,0.009,0.0316,0.052,0.0707,0.0878,0.1035,0.118,0.2329,0.2099,0.1801,0.1425,0.0971,0.0466,-0.0017,-0.0357,-0.044,-0.0241,0.0143,0.058,0.0974,0.1283,0.1492,0.1594,0.1563,0.1336,0.0796,-0.0149,-0.1387,-0.2474,-0.2926,-0.2722,-0.22,-0.1635,-0.1135,-0.0715,-0.0364,-0.0064,0.0196,0.0428,0.0636,0.0826,0.0998,0.1156,0.2477,0.2232,0.1894,0.1432,0.0817,0.0052,-0.0771,-0.1414,-0.1574,-0.1169,-0.045,0.0284,0.0892,0.1347,0.1667,0.1875,0.1975,0.1885,0.1332,-0.0084,-0.2376,-0.4504,-0.5041,-0.4214,-0.3105,-0.2184,-0.1489,-0.0962,-0.0546,-0.0204,0.0089,0.0346,0.0576,0.0783,0.0971,0.1142,0.269,0.2448,0.2092,0.1561,0.0766,-0.0375,-0.1826,-0.3175,-0.3555,-0.2646,-0.1244,-0.0034,0.0848,0.1468,0.1907,0.2246,0.2581,0.2928,0.281,0.0935,-0.3404,-0.7883,-0.8133,-0.5834,-0.3884,-0.2606,-0.1758,-0.1155,-0.0696,-0.0323,-0.0004,0.0276,0.0526,0.0752,0.0955,0.1139,0.2971,0.2755,0.2419,0.1883,0.0965,-0.0602,-0.3045,-0.5976,-0.7006,-0.4779,-0.2086,-0.0259,0.0902,0.1676,0.2219,0.2661,0.326,0.4485,0.612,0.4428,-0.27,-0.994,-0.9722,-0.6381,-0.4121,-0.2766,-0.1897,-0.1285,-0.0814,-0.0424,-0.0085,0.0217,0.0489,0.0733,0.0953,0.115,0.3319,0.3128,0.2824,0.2387,0.1553,-0.0225,-0.3501,-0.8444,-1.0631,-0.6317,-0.2395,-0.0211,0.1108,0.201,0.2646,0.3093,0.3683,0.5474,0.9706,0.8747,-0.0329,-0.5971,-0.6811,-0.5261,-0.3749,-0.2678,-0.1932,-0.1374,-0.0918,-0.0519,-0.016,0.0167,0.0463,0.0729,0.0966,0.1176,0.374,0.3528,0.3083,0.2716,0.2403,0.0939,-0.2011,-0.5977,-0.761,-0.4644,-0.1747,0.0119,0.1442,0.2511,0.3355,0.3753,0.3815,0.4411,0.6039,0.3666,-0.3719,-0.6002,-0.5294,-0.4251,-0.3283,-0.2533,-0.1961,-0.1484,-0.1046,-0.0631,-0.0239,0.0123,0.0451,0.0742,0.0998,0.1221,0.4291,0.4099,0.3131,0.2089,0.3214,0.2516,0.0185,-0.2114,-0.3151,-0.2554,-0.1109,0.0413,0.1751,0.3161,0.4767,0.5377,0.4403,0.3281,0.1795,-0.2852,-1.1344,-1.0279,-0.5882,-0.3929,-0.3043,-0.2533,-0.2128,-0.171,-0.1255,-0.0786,-0.0332,0.0085,0.0455,0.0777,0.1053,0.1289,0.5028,0.5343,0.5154,0.4847,0.6405,0.4572,0.165,-0.0855,-0.3095,-0.3606,-0.1544,0.0418,0.1783,0.3525,0.7368,0.9406,0.5642,0.3243,0.1116,-0.2849,-0.8517,-0.8257,-0.507,-0.3535,-0.3051,-0.2877,-0.2625,-0.2182,-0.161,-0.1007,-0.044,0.006,0.0486,0.0842,0.1138,0.1384,0.5752,0.6957,0.9525,1.5,1.387,0.6716,0.2318,-0.0668,-0.5861,-0.8434,-0.2432,0.0404,0.1357,0.2304,0.629,0.936,0.5271,0.3358,0.1958,-0.0178,-0.265,-0.353,-0.3183,-0.3151,-0.3602,-0.3973,-0.3779,-0.3069,-0.2162,-0.129,-0.0541,0.007,0.056,0.0951,0.1262,0.1512,0.6069,0.7537,1.0406,1.4759,1.3366,0.6379,0.2201,0.0333,-0.2401,-0.47,-0.0966,0.0792,0.073,-0.0251,0.0655,0.3201,0.3569,0.3537,0.3111,0.1784,0.0227,-0.0988,-0.202,-0.35,-0.5474,-0.6693,-0.6116,-0.4511,-0.2881,-0.1569,-0.058,0.0155,0.0703,0.1117,0.1432,0.1676,0.5887,0.6922,0.8367,0.9463,0.8067,0.4671,0.2058,-0.0618,0.1934,0.0809,0.1248,0.1201,0.0756,-0.1719,-0.1493,0.1762,0.297,0.4376,0.4348,0.2817,0.1461,0.0128,-0.1656,-0.4781,-0.9559,-1.2332,-0.999,-0.6293,-0.3515,-0.1678,-0.0461,0.0367,0.0943,0.1354,0.1654,0.1879,0.5455,0.599,0.6469,0.6465,0.5519,0.3991,0.2877,0.3269,0.3165,0.2868,0.2875,0.1086,0.0539,0.3493,0.1792,0.1139,0.2674,0.4044,0.3982,0.3013,0.1939,0.0715,-0.1332,-0.5689,-1.3813,-1.8674,-1.3252,-0.7191,-0.3518,-0.1382,-0.008,0.0749,0.1294,0.1665,0.1925,0.2116,0.5025,0.5256,0.5358,0.5173,0.4639,0.3957,0.3494,0.3486,0.3863,0.4761,0.5564,0.4933,0.4447,0.5865,0.3162,0.1347,0.7892,0.495,0.3808,0.2905,0.1997,0.1165,-0.0449,-0.4174,-1.0818,-1.4844,-1.0763,-0.5669,-0.2441,-0.0543,0.06,0.1304,0.1746,0.2032,0.2228,0.2372,0.4698,0.4792,0.479,0.4648,0.4387,0.4122,0.4025,0.4266,0.5074,0.6938,1.0235,0.8741,0.7376,0.5977,0.4831,0.5094,0.7274,0.5179,0.3798,0.2663,0.1454,0.1325,0.0657,-0.1381,-0.4346,-0.6037,-0.4763,-0.2418,-0.0537,0.0716,0.1499,0.1965,0.2236,0.2405,0.2528,0.2625,0.4482,0.4527,0.4519,0.4453,0.4363,0.4324,0.4442,0.4853,0.5759,0.7495,0.9925,0.9029,1.003,1.0673,0.6735,0.5569,0.5229,0.4408,0.3575,0.2726,0.14,0.1504,0.1549,0.0818,-0.0114,-0.0501,-0.0086,0.0718,0.1512,0.2101,0.2441,0.2582,0.2635,0.2689,0.2766,0.2845,0.435,0.4386,0.4398,0.4396,0.4409,0.4488,0.4699,0.5123,0.5837,0.6838,0.7761,0.8341,1.0493,1.0892,0.7661,0.6494,0.526,0.3847,0.3053,0.3118,0.2664,0.2494,0.2526,0.2414,0.2288,0.2325,0.2549,0.2948,0.3292,0.339,0.3228,0.2923,0.2724,0.2752,0.2887,0.3012,0.4273,0.4314,0.435,0.4391,0.446,0.459,0.4819,0.5182,0.569,0.6294,0.6875,0.7443,0.8094,0.8093,0.8201,0.8467,0.5906,0.4017,0.3258,0.3299,0.3372,0.3463,0.3618,0.3749,0.3689,0.3016,0.2901,0.431,0.49,0.4601,0.3788,0.2797,0.233,0.2552,0.291,0.3148,0.423,0.4279,0.4332,0.4399,0.4494,0.4638,0.485,0.5141,0.5506,0.5909,0.6305,0.6667,0.6955,0.7165,0.7783,0.7875,0.5968,0.4383,0.3327,0.3036,0.3774,0.4392,0.4837,0.511,0.5086,0.3653,0.3289,0.6592,0.6945,0.5976,0.445,0.2738,0.2035,0.2478,0.302,0.3331,0.4206,0.4262,0.4325,0.4403,0.4507,0.4646,0.483,0.5061,0.5329,0.5613,0.5886,0.6124,0.6311,0.6468,0.6609,0.637,0.5526,0.4597,0.387,0.3769,0.4657,0.5838,0.6525,0.6716,0.7349,0.9313,1.361,1.2512,0.9562,0.7614,0.5724,0.3848,0.2936,0.3071,0.3417,0.3632,0.4192,0.4251,0.4318,0.44,0.4502,0.463,0.4786,0.4968,0.517,0.5376,0.5569,0.5731,0.5852,0.5921,0.5898,0.5688,0.5284,0.4865,0.4656,0.4974,0.6244,0.8339,0.9095,0.8331,0.9016,1.2741,1.8401,1.527,1.0923,0.9131,0.7329,0.5557,0.4452,0.4078,0.4029,0.4029,0.4181,0.4241,0.431,0.439,0.4486,0.4599,0.473,0.4876,0.5031,0.5184,0.5324,0.5439,0.5517,0.5547,0.5507,0.5385,0.5211,0.5096,0.521,0.5835,0.7436,1.0067,1.0787,0.9195,0.9264,1.1371,1.341,1.2146,1.0875,1.0245,0.8553,0.6842,0.5643,0.4972,0.4629,0.4433,0.4172,0.4231,0.4298,0.4374,0.4461,0.456,0.4671,0.4789,0.4911,0.5029,0.5135,0.522,0.5277,0.5299,0.5283,0.5237,0.52,0.5248,0.5505,0.6157,0.7404,0.8996,0.9493,0.8836,0.8842,0.9751,1.0568,1.0637,1.0815,1.0351,0.8896,0.742,0.6303,0.5557,0.5081,0.4768]},{"header":{"la1":42.85,"la2":41.18,"lo1":11.55,"lo2":14.05,"nx":36,"ny":24,"dx":0.07143,"dy":0.07261,"parameterCategory":2,"parameterNumber":3,"parameterNumberName":"northward_wind","parameterUnit":"m.s-1"},"data":[-0.2082,-0.2238,-0.2428,-0.265,-0.2894,-0.3139,-0.3355,-0.351,-0.3577,-0.3551,-0.3446,-0.3284,-0.3087,-0.2871,-0.2645,-0.2421,-0.2214,-0.2045,-0.1938,-0.1903,-0.1928,-0.1979,-0.2023,-0.2039,-0.2027,-0.1998,-0.196,-0.1917,-0.1869,-0.1817,-0.1761,-0.1701,-0.1637,-0.1572,-0.1505,-0.1439,-0.1993,-0.2168,-0.2396,-0.2679,-0.301,-0.3362,-0.3687,-0.3922,-0.4017,-0.3962,-0.3788,-0.3546,-0.3273,-0.2986,-0.269,-0.2391,-0.2107,-0.1879,-0.1751,-0.1752,-0.186,-0.2,-0.2096,-0.212,-0.2092,-0.2043,-0.1991,-0.1938,-0.1885,-0.1828,-0.1766,-0.17,-0.1629,-0.1556,-0.1483,-0.141,-0.1855,-0.2042,-0.2307,-0.2665,-0.3118,-0.364,-0.4154,-0.454,-0.4683,-0.4558,-0.4251,-0.3875,-0.3494,-0.3119,-0.2737,-0.2336,-0.1933,-0.1595,-0.1424,-0.1504,-0.18,-0.2131,-0.2302,-0.229,-0.2198,-0.2103,-0.2027,-0.1963,-0.1904,-0.1841,-0.1773,-0.1699,-0.162,-0.1538,-0.1455,-0.1374,-0.1655,-0.1838,-0.2127,-0.2563,-0.3178,-0.3966,-0.483,-0.553,-0.5767,-0.5466,-0.4877,-0.4271,-0.3746,-0.3276,-0.28,-0.2266,-0.1671,-0.111,-0.0816,-0.1047,-0.1788,-0.2564,-0.2805,-0.2601,-0.2341,-0.2165,-0.206,-0.1988,-0.1926,-0.1859,-0.1783,-0.1699,-0.1609,-0.1516,-0.1422,-0.1331,-0.1381,-0.1526,-0.1804,-0.2297,-0.3098,-0.4279,-0.5789,-0.7209,-0.7672,-0.6887,-0.5678,-0.4697,-0.4007,-0.3464,-0.2913,-0.2227,-0.1331,-0.03,0.0397,-0.0039,-0.1779,-0.3633,-0.3775,-0.2993,-0.2449,-0.2194,-0.208,-0.2014,-0.1954,-0.1884,-0.1799,-0.1701,-0.1596,-0.1488,-0.1381,-0.1278,-0.103,-0.1088,-0.1286,-0.1761,-0.2712,-0.436,-0.6905,-0.9957,-1.1062,-0.8927,-0.6491,-0.5036,-0.4238,-0.3696,-0.3134,-0.2329,-0.1056,0.0848,0.2777,0.23,-0.1014,-0.4401,-0.4324,-0.3007,-0.2369,-0.2153,-0.2085,-0.2049,-0.1998,-0.1922,-0.1822,-0.1706,-0.158,-0.1452,-0.1328,-0.1212,-0.0624,-0.054,-0.0554,-0.0871,-0.1837,-0.379,-0.7225,-1.2426,-1.4735,-1.0357,-0.6727,-0.5107,-0.4405,-0.3999,-0.3545,-0.2748,-0.1248,0.1472,0.5246,0.4918,0.0905,-0.186,-0.2567,-0.222,-0.2056,-0.2066,-0.2108,-0.2118,-0.2075,-0.1985,-0.1859,-0.1713,-0.1558,-0.1405,-0.126,-0.1128,-0.0212,0.003,0.0271,0.0271,-0.0545,-0.2411,-0.5436,-0.9608,-1.1398,-0.836,-0.5889,-0.4874,-0.4536,-0.4419,-0.4228,-0.3626,-0.2244,0.0147,0.2915,0.3085,0.2157,0.1177,-0.0365,-0.1267,-0.1753,-0.2053,-0.222,-0.2266,-0.2211,-0.2084,-0.1912,-0.172,-0.1526,-0.134,-0.117,-0.102,0.0145,0.0486,0.0821,0.0991,0.0505,-0.0841,-0.2732,-0.4685,-0.5605,-0.523,-0.4726,-0.4581,-0.4717,-0.4987,-0.5272,-0.5044,-0.375,-0.1847,0.0046,0.1718,0.4336,0.3635,0.0804,-0.0867,-0.177,-0.2278,-0.2519,-0.2553,-0.2437,-0.2231,-0.1982,-0.1722,-0.1473,-0.1247,-0.1048,-0.088,0.043,0.0849,0.1196,0.133,0.1392,0.0598,-0.0499,-0.1786,-0.3249,-0.4014,-0.4107,-0.4458,-0.4999,-0.5606,-0.6635,-0.7119,-0.5141,-0.3204,-0.1505,0.0466,0.2884,0.2514,0.0316,-0.1283,-0.23,-0.2899,-0.3126,-0.3051,-0.2784,-0.2431,-0.2058,-0.1703,-0.1385,-0.111,-0.0881,-0.0696,0.0635,0.1209,0.2067,0.3459,0.3255,0.2045,0.1726,0.0673,-0.3386,-0.5308,-0.3952,-0.4525,-0.5429,-0.6122,-0.6854,-0.7333,-0.5443,-0.3703,-0.2396,-0.1257,-0.0258,-0.0241,-0.119,-0.2378,-0.3452,-0.4128,-0.4216,-0.3842,-0.3266,-0.2664,-0.2112,-0.1634,-0.1234,-0.0909,-0.0652,-0.0456,0.0705,0.133,0.2273,0.3443,0.3357,0.3157,0.4774,0.6068,0.1216,-0.2968,-0.3375,-0.4745,-0.605,-0.7071,-0.6811,-0.6333,-0.5116,-0.309,-0.2123,-0.2033,-0.1832,-0.1918,-0.2588,-0.3857,-0.5439,-0.6401,-0.6066,-0.4984,-0.3839,-0.287,-0.209,-0.1472,-0.0986,-0.0614,-0.0338,-0.0143,0.062,0.1144,0.1793,0.2403,0.279,0.393,0.7093,1.0964,0.7833,0.0814,-0.2962,-0.5233,-0.6422,-0.7356,-0.7096,-0.7102,-0.5601,-0.0806,-0.0354,-0.2108,-0.2449,-0.2725,-0.3552,-0.5475,-0.8595,-1.0417,-0.8832,-0.6298,-0.4318,-0.2919,-0.1907,-0.1155,-0.0596,-0.0192,0.0085,0.0261,0.0434,0.0831,0.1281,0.1757,0.2388,0.3684,0.6138,0.8988,0.6798,0.0723,-0.3122,-0.5822,-0.673,-0.8348,-0.7811,-1.0058,-0.802,-0.3445,-0.1953,-0.2539,-0.274,-0.3032,-0.3941,-0.6447,-1.1524,-1.4638,-1.107,-0.6967,-0.4329,-0.2637,-0.1465,-0.0617,-0.001,0.0399,0.0647,0.0772,0.0204,0.0499,0.083,0.1214,0.1738,0.2546,0.3579,0.4002,0.2218,-0.0908,-0.3022,-0.4286,-0.5635,-0.616,-0.7716,-1.0681,-0.7473,-0.5471,-0.3498,-0.2847,-0.289,-0.3074,-0.3688,-0.57,-0.9705,-1.2195,-0.9497,-0.6001,-0.357,-0.1908,-0.0695,0.0203,0.0829,0.1205,0.1376,0.1404,-0.0036,0.0174,0.0404,0.066,0.0956,0.1271,0.143,0.1016,-0.03,-0.1995,-0.2936,-0.2485,-0.3468,-0.4992,-0.593,-0.6787,-0.6372,-0.4489,-0.2669,-0.2417,-0.3429,-0.3302,-0.314,-0.4065,-0.574,-0.6687,-0.5722,-0.3918,-0.2223,-0.0791,0.0406,0.1353,0.1985,0.2276,0.2296,0.2158,-0.0271,-0.0132,0.0007,0.0139,0.0244,0.0268,0.0095,-0.0425,-0.1313,-0.2283,-0.2852,-0.2763,-0.2349,-0.2271,-0.3814,-0.42,-0.349,-0.121,0.0659,-0.0723,-0.333,-0.3077,-0.2456,-0.27,-0.3245,-0.3482,-0.3046,-0.2046,-0.0783,0.0528,0.1792,0.2872,0.3529,0.3652,0.3401,0.3007,-0.0487,-0.0406,-0.034,-0.03,-0.0311,-0.0415,-0.0665,-0.1099,-0.1674,-0.2232,-0.2569,-0.2562,-0.1969,-0.1783,-0.2103,-0.1752,-0.0765,0.3419,0.7658,0.2855,-0.0285,-0.127,-0.1439,-0.1666,-0.2062,-0.2506,-0.23,-0.1066,0.0453,0.1902,0.3362,0.4739,0.5474,0.528,0.4596,0.3862,-0.0677,-0.064,-0.0624,-0.0641,-0.0709,-0.085,-0.1086,-0.1414,-0.1792,-0.2134,-0.2343,-0.2348,-0.2125,-0.167,-0.0209,0.0505,0.0466,0.3691,0.6335,0.4397,0.1966,0.0282,-0.0454,-0.0845,-0.1635,-0.3693,-0.4081,-0.0803,0.172,0.3334,0.4873,0.6567,0.7404,0.6769,0.5605,0.4562,-0.0837,-0.083,-0.0845,-0.0891,-0.0979,-0.1119,-0.1314,-0.1554,-0.1807,-0.2021,-0.2142,-0.2118,-0.1896,-0.1323,-0.0184,0.0331,0.0637,0.2576,0.5418,0.6435,0.3071,0.0966,0.0145,-0.006,-0.0608,-0.3402,-0.4081,0.1481,0.393,0.5024,0.5988,0.7321,0.8061,0.7317,0.6061,0.4951,-0.0967,-0.0978,-0.1009,-0.1066,-0.1155,-0.1277,-0.1431,-0.1603,-0.1771,-0.1902,-0.1958,-0.1902,-0.1691,-0.1274,-0.0698,-0.0193,0.0498,0.1873,0.375,0.4188,0.2213,0.054,0.0032,0.0555,0.1708,0.3781,0.84,0.8244,0.742,0.7369,0.7115,0.7166,0.734,0.6866,0.5953,0.5022,-0.1068,-0.1089,-0.1127,-0.1185,-0.1264,-0.1364,-0.1481,-0.1602,-0.1711,-0.1784,-0.1798,-0.1725,-0.1544,-0.1243,-0.0849,-0.0386,0.022,0.1028,0.1761,0.1712,0.0552,-0.103,-0.1381,0.0289,0.3151,0.7849,1.3309,1.1699,1.1372,1.097,0.9125,0.7676,0.6957,0.638,0.5675,0.4925,-0.1144,-0.1169,-0.1207,-0.126,-0.1327,-0.1405,-0.1491,-0.1573,-0.164,-0.1674,-0.166,-0.1581,-0.1425,-0.1188,-0.0878,-0.0502,-0.0058,0.0402,0.0691,0.0499,-0.0473,-0.224,-0.2746,-0.0309,0.3128,0.7032,1.0271,1.2752,1.7163,1.5603,1.1492,0.8686,0.7152,0.6221,0.5476,0.4792,-0.1198,-0.1224,-0.1259,-0.1304,-0.1357,-0.1416,-0.1476,-0.1529,-0.1565,-0.1574,-0.1543,-0.1462,-0.1324,-0.1127,-0.0876,-0.058,-0.0259,0.0032,0.0187,0.0057,-0.05,-0.137,-0.1432,0.0282,0.298,0.6005,0.9154,1.342,1.7902,1.6308,1.2161,0.9127,0.7293,0.6147,0.5324,0.465]}]