docs/data/wind_grid.json
{"header": {"la1":42.1,"la2":41.55,"lo1":12.1,"lo2":12.95,"nx":50,"ny":50,"dx":0.01735,"dy":0.01122,"parameterCategory":2,"parameterNumber":2,"parameterNumberName":"eastward_wind","parameterUnit":"m.s-1"}, "data":
[rows 0 to 45 of 50, columns 0 to 49 of 50]
0.8366,0.783,0.7369,0.7062,0.695,0.701,0.7164,0.7326,0.7433,0.7459,0.7408,0.7297,0.7143,0.6962,0.6767,0.6561,0.6349,0.6132,0.5913,0.5703,0.552,0.5394,0.5358,0.5437,0.5645,0.5975,0.641,0.6928,0.7508,0.8137,0.8802,0.9496,1.0211,1.0938,1.1665,1.2378,1.3056,1.3677,1.4219,1.4662,1.4995,1.5215,1.5329,1.5352,1.5301,1.5195,1.5052,1.4886,1.4708,1.4526
0.8586,0.8,0.749,0.7147,0.7018,0.7071,0.7221,0.7373,0.7463,0.7467,0.7393,0.7258,0.7082,0.6882,0.6668,0.6444,0.6212,0.597,0.5718,0.5466,0.5236,0.5065,0.4996,0.5068,0.5294,0.5665,0.6152,0.6727,0.7365,0.8049,0.8769,0.9517,1.0288,1.1073,1.1861,1.2636,1.3374,1.405,1.4636,1.5108,1.5452,1.5665,1.5758,1.5748,1.5659,1.5513,1.5331,1.5128,1.4918,1.4708
0.8902,0.8273,0.7717,0.7336,0.7177,0.7207,0.7331,0.7453,0.751,0.7483,0.7378,0.7216,0.7017,0.6797,0.6565,0.6326,0.6075,0.5809,0.5524,0.5225,0.4937,0.4707,0.4598,0.466,0.4912,0.5332,0.5883,0.6524,0.7224,0.7967,0.8744,0.9548,1.0375,1.1221,1.2073,1.2915,1.372,1.4457,1.5092,1.5596,1.595,1.6153,1.6217,1.6168,1.6034,1.5841,1.5615,1.5373,1.5127,1.4888
0.9326,0.8661,0.8061,0.7636,0.7434,0.7416,0.749,0.7561,0.7571,0.7502,0.7362,0.717,0.6946,0.6707,0.6459,0.6206,0.5941,0.5653,0.5334,0.4983,0.4627,0.4325,0.4163,0.4214,0.4499,0.4984,0.561,0.6325,0.7092,0.7896,0.8729,0.9589,1.0474,1.1381,1.23,1.3213,1.4091,1.4896,1.5586,1.6124,1.6488,1.6676,1.6705,1.6609,1.6421,1.6176,1.5901,1.5616,1.5334,1.5063
0.9863,0.9168,0.8523,0.8043,0.7778,0.7689,0.7689,0.7691,0.7641,0.7522,0.7342,0.7118,0.6869,0.6611,0.635,0.6086,0.581,0.5507,0.5157,0.4752,0.4317,0.3925,0.3697,0.3736,0.4067,0.4632,0.5346,0.614,0.6977,0.7841,0.8728,0.9642,1.0584,1.1552,1.2539,1.3528,1.4485,1.5365,1.6117,1.6693,1.7064,1.7231,1.7218,1.7065,1.6817,1.6513,1.6185,1.5854,1.5534,1.5232
1.0507,0.9786,0.9088,0.8538,0.8189,0.8007,0.7914,0.7833,0.7713,0.7539,0.7316,0.7059,0.6785,0.6508,0.6235,0.5965,0.5686,0.5374,0.5,0.4544,0.4022,0.3523,0.3213,0.3241,0.3633,0.4295,0.5106,0.5983,0.6886,0.7807,0.8745,0.9709,1.0704,1.1732,1.2787,1.3853,1.4894,1.5857,1.6677,1.7295,1.7673,1.7813,1.7748,1.753,1.7214,1.6846,1.6462,1.6084,1.5724,1.5391
1.124,1.0492,0.9731,0.9093,0.864,0.8348,0.815,0.7976,0.7782,0.755,0.7282,0.6991,0.6692,0.6397,0.6114,0.5842,0.5566,0.5257,0.4873,0.4376,0.3767,0.3149,0.2743,0.2761,0.323,0.4003,0.4914,0.5868,0.6831,0.78,0.8784,0.9791,1.0834,1.1917,1.3038,1.4182,1.5311,1.6363,1.7258,1.792,1.8304,1.8411,1.8286,1.7994,1.7603,1.7168,1.6725,1.6299,1.5901,1.5537
1.2035,1.1253,1.0415,0.9673,0.9102,0.8691,0.8382,0.8113,0.7842,0.7552,0.7239,0.6914,0.6589,0.6276,0.5984,0.5714,0.545,0.5158,0.4783,0.4266,0.3587,0.2852,0.2344,0.2357,0.2913,0.3794,0.4794,0.5811,0.682,0.7827,0.8845,0.989,1.0972,1.2103,1.3285,1.4503,1.5721,1.6866,1.7842,1.8553,1.894,1.9008,1.8814,1.8442,1.7973,1.7467,1.6967,1.6495,1.6061,1.5668
1.285,1.2028,1.1102,1.0246,0.955,0.9016,0.8596,0.8235,0.7891,0.7543,0.7187,0.6828,0.6475,0.6143,0.5841,0.5575,0.5331,0.5072,0.4732,0.423,0.3519,0.2698,0.2104,0.2117,0.2749,0.3714,0.4771,0.5825,0.686,0.789,0.8933,1.0004,1.1118,1.2287,1.3519,1.4804,1.6106,1.7345,1.8405,1.9166,1.9556,1.9581,1.9313,1.8858,1.8309,1.7736,1.718,1.6665,1.6198,1.5781
1.3637,1.277,1.1753,1.0781,0.9961,0.931,0.8786,0.8337,0.7925,0.7524,0.7126,0.6732,0.6351,0.5995,0.5681,0.5418,0.52,0.499,0.4714,0.4273,0.3594,0.2757,0.2126,0.2138,0.2805,0.3796,0.4862,0.5916,0.6954,0.7992,0.9047,1.0134,1.1268,1.2463,1.3731,1.507,1.6445,1.7772,1.8914,1.9727,2.0119,2.0098,1.9757,1.922,1.8597,1.7961,1.7357,1.6805,1.631,1.5873
1.4342,1.3433,1.233,1.125,1.0318,0.956,0.8943,0.8417,0.7944,0.7496,0.7059,0.663,0.6217,0.5832,0.5497,0.5232,0.5043,0.4898,0.4715,0.4382,0.3812,0.306,0.2469,0.248,0.3112,0.405,0.5064,0.6081,0.7098,0.8129,0.9187,1.0281,1.1423,1.263,1.3916,1.5288,1.6717,1.8116,1.9332,2.0193,2.0587,2.0524,2.0116,1.9507,1.882,1.8133,1.749,1.6909,1.6394,1.5941
1.4914,1.3971,1.28,1.1631,1.0606,0.9759,0.9063,0.8473,0.7948,0.7459,0.6986,0.6525,0.6076,0.5654,0.5287,0.5008,0.4844,0.4773,0.4709,0.4526,0.4132,0.356,0.3091,0.3099,0.363,0.4443,0.5356,0.6306,0.7285,0.83,0.9351,1.0444,1.1583,1.2784,1.4067,1.5445,1.6899,1.8345,1.9617,2.0517,2.0914,2.082,2.036,1.9697,1.8963,1.8241,1.7572,1.6973,1.6446,1.5984
1.5309,1.435,1.3136,1.1908,1.0815,0.9902,0.9146,0.8505,0.794,0.7416,0.6914,0.642,0.5933,0.5465,0.5048,0.4736,0.4584,0.4594,0.4672,0.4669,0.4486,0.4146,0.3845,0.3858,0.4257,0.4912,0.57,0.6569,0.7505,0.8498,0.954,1.0625,1.1751,1.293,1.4185,1.5537,1.698,1.8436,1.9734,2.0658,2.1061,2.095,2.0463,1.9772,1.9016,1.8279,1.76,1.6996,1.6465,1.6002
1.5502,1.4547,1.3324,1.2071,1.0941,0.9985,0.9189,0.8514,0.792,0.7372,0.6846,0.6323,0.5796,0.5273,0.4788,0.4415,0.4252,0.4345,0.4587,0.4783,0.4815,0.47,0.4565,0.4591,0.4874,0.5382,0.6054,0.6849,0.7744,0.8718,0.9752,1.0827,1.1932,1.3074,1.4276,1.5568,1.6957,1.8377,1.9663,2.059,2.0999,2.0893,2.0409,1.9723,1.8974,1.8244,1.7573,1.6975,1.6451,1.5993
1.5488,1.4559,1.336,1.2117,1.0982,1.0011,0.9196,0.8503,0.7893,0.7331,0.6788,0.6242,0.5677,0.5094,0.4524,0.4057,0.3851,0.4022,0.4453,0.4863,0.5093,0.5159,0.5149,0.5188,0.5392,0.5797,0.6384,0.7125,0.7992,0.8957,0.9989,1.1055,1.2135,1.3227,1.4354,1.5553,1.6844,1.818,1.9409,2.0313,2.0728,2.0647,2.02,1.9552,1.8837,1.8137,1.7491,1.6914,1.6405,1.596
1.5287,1.44,1.3254,1.2054,1.0944,0.9983,0.9169,0.8474,0.7861,0.7296,0.6747,0.6186,0.5592,0.4953,0.4291,0.3707,0.342,0.3657,0.43,0.4931,0.5327,0.5512,0.5567,0.5612,0.5777,0.6128,0.667,0.7385,0.8244,0.9214,1.0253,1.1316,1.2371,1.3404,1.4438,1.5515,1.667,1.7876,1.9006,1.9858,2.0275,2.0236,1.9852,1.9271,1.8617,1.7967,1.7361,1.6815,1.6331,1.5905
1.4931,1.41,1.3029,1.1898,1.0838,0.9908,0.9113,0.8431,0.7828,0.7271,0.6727,0.6164,0.5554,0.4875,0.4139,0.3442,0.3062,0.3346,0.4189,0.5017,0.5535,0.5773,0.5837,0.5876,0.6034,0.6374,0.6908,0.7623,0.8495,0.9488,1.0549,1.1621,1.2654,1.3626,1.4553,1.5487,1.6475,1.7516,1.8509,1.9284,1.9692,1.9703,1.9398,1.8903,1.8328,1.7743,1.7189,1.6683,1.623,1.5829
1.4465,1.3697,1.2714,1.1668,1.0676,0.9795,0.9035,0.8379,0.7797,0.7259,0.673,0.618,0.5574,0.4887,0.4118,0.3363,0.2928,0.3241,0.4205,0.5143,0.5715,0.5954,0.5989,0.6018,0.6189,0.6549,0.7103,0.7843,0.8749,0.9782,1.0884,1.198,1.3002,1.3914,1.4728,1.5502,1.6304,1.7154,1.7986,1.866,1.9046,1.9102,1.888,1.8479,1.7991,1.748,1.6986,1.6526,1.611,1.5736
1.3933,1.323,1.234,1.1388,1.0475,0.9655,0.8941,0.832,0.7769,0.7259,0.6759,0.6236,0.5658,0.4997,0.4256,0.3532,0.3129,0.3454,0.4393,0.5294,0.5841,0.6056,0.6055,0.608,0.6279,0.6675,0.7266,0.8049,0.9007,1.01,1.1263,1.2403,1.343,1.4289,1.4988,1.5595,1.6197,1.6843,1.7498,1.8055,1.8402,1.8488,1.8341,1.803,1.7628,1.7193,1.676,1.6351,1.5973,1.563
1.3375,1.2735,1.1936,1.108,1.025,0.9497,0.8836,0.8259,0.7746,0.7272,0.6809,0.6328,0.5798,0.5199,0.4541,0.3927,0.3623,0.3929,0.4704,0.5433,0.5884,0.6077,0.6066,0.6102,0.6335,0.6773,0.7412,0.8249,0.9273,1.0445,1.169,1.2898,1.395,1.4768,1.5354,1.5789,1.6184,1.662,1.709,1.7519,1.7809,1.7907,1.7816,1.7582,1.7259,1.6896,1.6524,1.6164,1.5826,1.5514
1.2822,1.2241,1.1527,1.0761,1.0015,0.9331,0.8726,0.8196,0.7727,0.7295,0.6877,0.6448,0.5982,0.5467,0.4923,0.4448,0.4246,0.4492,0.5041,0.5539,0.5846,0.6009,0.6025,0.6096,0.6373,0.6859,0.755,0.8449,0.9549,1.0815,1.2165,1.3466,1.4568,1.536,1.5835,1.6094,1.628,1.6503,1.6788,1.708,1.7299,1.7386,1.7331,1.7156,1.6901,1.6601,1.6285,1.5972,1.5673,1.5393
1.2295,1.1767,1.1129,1.0448,0.978,0.9164,0.8616,0.8135,0.771,0.7325,0.6956,0.6585,0.6191,0.5768,0.5341,0.499,0.4853,0.501,0.534,0.5611,0.5744,0.5818,0.5885,0.6047,0.6394,0.6939,0.7688,0.8653,0.9834,1.1204,1.2677,1.4097,1.5272,1.6054,1.6422,1.6501,1.6476,1.6489,1.6591,1.6745,1.6881,1.6941,1.6901,1.6767,1.6564,1.6318,1.6052,1.5782,1.552,1.527
1.1807,1.1326,1.0757,1.0151,0.9554,0.9001,0.8507,0.8075,0.7696,0.7356,0.7039,0.6727,0.6405,0.6072,0.5748,0.5489,0.5376,0.5439,0.5584,0.5656,0.5587,0.5493,0.5618,0.5943,0.6402,0.7021,0.7832,0.8862,1.0124,1.16,1.3204,1.476,1.6029,1.6813,1.7079,1.698,1.6746,1.6558,1.6485,1.6504,1.6553,1.6573,1.6531,1.6422,1.6257,1.6054,1.583,1.5599,1.5369,1.5148
1.1366,1.0927,1.0416,0.9876,0.9343,0.8847,0.8404,0.8016,0.7681,0.7386,0.7118,0.6863,0.6609,0.6355,0.6115,0.592,0.581,0.579,0.5788,0.5689,0.5425,0.516,0.5333,0.5827,0.6415,0.7117,0.7988,0.9075,1.0408,1.198,1.371,1.5403,1.6774,1.757,1.774,1.7471,1.7044,1.6672,1.6441,1.6336,1.6299,1.6272,1.6218,1.612,1.5982,1.5812,1.5623,1.5425,1.5225,1.5029
1.0973,1.0571,1.0111,0.9627,0.9149,0.8704,0.8305,0.7959,0.7662,0.7409,0.7187,0.6984,0.6789,0.6602,0.6429,0.6282,0.6171,0.6088,0.5979,0.5752,0.5357,0.5018,0.5206,0.5789,0.6472,0.7242,0.8162,0.9291,1.0674,1.2319,1.4148,1.5956,1.7415,1.8223,1.8314,1.7903,1.7314,1.679,1.6427,1.6215,1.6101,1.6028,1.5955,1.586,1.5739,1.5595,1.5433,1.5263,1.5089,1.4916
1.0627,1.0257,0.9841,0.9405,0.8975,0.8573,0.8213,0.7901,0.7639,0.7422,0.724,0.7082,0.6938,0.6805,0.6686,0.6578,0.6475,0.6359,0.6186,0.589,0.5458,0.5138,0.5314,0.5893,0.6609,0.7414,0.8358,0.9506,1.0911,1.2589,1.447,1.6342,1.7853,1.8668,1.8704,1.8199,1.7502,1.6872,1.6411,1.6117,1.5941,1.5827,1.5734,1.5638,1.5528,1.5402,1.5263,1.5115,1.4963,1.4811
1.0326,0.9985,0.9606,0.9211,0.8821,0.8455,0.8127,0.7843,0.7609,0.7421,0.7273,0.7153,0.705,0.6958,0.6881,0.681,0.6729,0.6614,0.6426,0.6122,0.5729,0.5471,0.5627,0.6148,0.684,0.764,0.8579,0.9717,1.1107,1.2771,1.4641,1.6508,1.8016,1.8822,1.8841,1.8304,1.7566,1.6885,1.6369,1.6021,1.58,1.5655,1.5546,1.5447,1.5344,1.5232,1.5111,1.4983,1.485,1.4714
1.0067,0.9751,0.9404,0.9043,0.8687,0.8351,0.8048,0.7785,0.757,0.7404,0.7283,0.7195,0.7124,0.7062,0.7012,0.6973,0.6928,0.6848,0.6694,0.6437,0.6124,0.5939,0.6077,0.6525,0.7157,0.7917,0.882,0.9918,1.1258,1.2858,1.4652,1.6439,1.7885,1.8668,1.8703,1.82,1.7488,1.6813,1.6284,1.5913,1.5667,1.5503,1.5383,1.5283,1.5186,1.5086,1.4979,1.4866,1.4748,1.4627
0.9845,0.9552,0.9232,0.8901,0.8573,0.8261,0.7976,0.7728,0.7524,0.737,0.7267,0.7206,0.7164,0.7121,0.708,0.7059,0.7059,0.7047,0.6971,0.6803,0.6592,0.6479,0.6606,0.6983,0.754,0.8234,0.9077,1.0107,1.1364,1.2857,1.4521,1.6169,1.7505,1.825,1.8326,1.7908,1.7277,1.6656,1.6151,1.5785,1.5535,1.5364,1.5241,1.5141,1.5051,1.496,1.4865,1.4765,1.466,1.4551
0.9657,0.9384,0.9088,0.8782,0.8477,0.8185,0.7914,0.7674,0.7472,0.7319,0.7224,0.7186,0.7175,0.7146,0.7091,0.7065,0.7112,0.7197,0.7239,0.7194,0.7097,0.7055,0.7178,0.7492,0.7967,0.858,0.9341,1.0282,1.1431,1.2789,1.4286,1.5759,1.6959,1.7656,1.7784,1.7477,1.696,1.6426,1.5975,1.5637,1.5399,1.5234,1.5115,1.5021,1.4937,1.4855,1.477,1.4681,1.4586,1.4486
0.9499,0.9244,0.8969,0.8685,0.84,0.8124,0.7864,0.7626,0.742,0.7258,0.7158,0.7136,0.7164,0.7154,0.7069,0.7017,0.7109,0.7311,0.75,0.7602,0.7628,0.7658,0.7779,0.8033,0.8421,0.8941,0.9607,1.0445,1.1471,1.2676,1.3994,1.5281,1.6336,1.698,1.7158,1.6965,1.6576,1.6146,1.5767,1.5474,1.5262,1.5113,1.5005,1.4919,1.4844,1.4771,1.4694,1.4612,1.4525,1.4433
0.9367,0.9129,0.8873,0.8608,0.8341,0.8079,0.7827,0.7591,0.7376,0.7198,0.7081,0.7065,0.7139,0.7165,0.7057,0.6977,0.711,0.743,0.7781,0.8045,0.82,0.8296,0.8409,0.8598,0.8892,0.931,0.9872,1.0597,1.1494,1.2545,1.3685,1.4792,1.5709,1.6299,1.6517,1.6429,1.6162,1.5839,1.5542,1.5304,1.5128,1.5003,1.4911,1.4838,1.4772,1.4706,1.4636,1.456,1.4478,1.4391
0.9259,0.9036,0.8798,0.8551,0.83,0.8051,0.7807,0.7572,0.7351,0.7156,0.7019,0.6999,0.7113,0.7196,0.7105,0.7026,0.7197,0.7622,0.8131,0.8561,0.8842,0.8991,0.9079,0.9186,0.9374,0.9681,1.0132,1.0742,1.151,1.2412,1.3387,1.4334,1.5127,1.5665,1.5912,1.591,1.5751,1.553,1.5315,1.5137,1.5004,1.4908,1.4837,1.4778,1.4722,1.4662,1.4597,1.4525,1.4446,1.436
0.9171,0.8963,0.8741,0.8511,0.8276,0.804,0.7806,0.7576,0.7353,0.715,0.7002,0.6979,0.7116,0.7255,0.7232,0.7205,0.7426,0.7942,0.8601,0.9195,0.9592,0.9768,0.9799,0.9799,0.9864,1.0051,1.0388,1.0883,1.1527,1.2293,1.3121,1.3927,1.4614,1.5105,1.5369,1.5436,1.5368,1.5239,1.5101,1.4984,1.4897,1.4834,1.4785,1.4741,1.4694,1.464,1.4578,1.4506,1.4427,1.4342
0.9102,0.8907,0.8701,0.8487,0.8268,0.8047,0.7825,0.7604,0.7388,0.7191,0.7049,0.7031,0.7175,0.7351,0.742,0.7495,0.7798,0.8417,0.9229,0.9988,1.0482,1.0645,1.0573,1.0432,1.0356,1.0416,1.0637,1.102,1.155,1.2193,1.2894,1.3582,1.418,1.4628,1.4904,1.5022,1.503,1.4979,1.4913,1.4856,1.4815,1.4786,1.476,1.4731,1.4692,1.464,1.4577,1.4504,1.4422,1.4334
0.9048,0.8867,0.8676,0.8478,0.8275,0.8069,0.7862,0.7657,0.7457,0.7279,0.7158,0.7153,0.7294,0.7492,0.7654,0.7855,0.828,0.9033,1.0016,1.0944,1.1511,1.161,1.1385,1.107,1.0838,1.0767,1.0876,1.1155,1.1581,1.2115,1.2708,1.3298,1.3822,1.4235,1.4516,1.4675,1.4745,1.4762,1.4761,1.476,1.4764,1.4769,1.4766,1.4749,1.4715,1.4663,1.4596,1.4518,1.443,1.4337
0.9008,0.8841,0.8665,0.8482,0.8295,0.8106,0.7917,0.7731,0.7555,0.7404,0.7311,0.7324,0.7463,0.7679,0.7923,0.8256,0.8826,0.9739,1.0912,1.2008,1.262,1.2608,1.219,1.1683,1.1292,1.1096,1.11,1.1285,1.1618,1.206,1.2561,1.307,1.3535,1.3919,1.4204,1.4395,1.4516,1.4593,1.4652,1.4704,1.4751,1.4788,1.4805,1.4797,1.4764,1.4708,1.4634,1.4546,1.4451,1.435
0.8981,0.8826,0.8664,0.8497,0.8327,0.8156,0.7986,0.7823,0.7673,0.7553,0.7491,0.7524,0.7669,0.7905,0.822,0.8671,0.9384,1.0456,1.1804,1.3042,1.3669,1.3526,1.2914,1.2229,1.1697,1.139,1.1303,1.1406,1.166,1.2023,1.245,1.2893,1.331,1.367,1.3959,1.4178,1.4343,1.4474,1.4587,1.4689,1.4778,1.4844,1.4878,1.4876,1.4839,1.4774,1.4688,1.4588,1.4481,1.437
0.8964,0.8822,0.8674,0.8521,0.8368,0.8215,0.8067,0.7927,0.7805,0.7716,0.7685,0.7739,0.7896,0.8155,0.8528,0.9074,0.9901,1.1092,1.255,1.3863,1.4475,1.4226,1.3475,1.2663,1.2028,1.1638,1.148,1.1516,1.1705,1.2002,1.2367,1.2757,1.3136,1.3479,1.3773,1.4017,1.4222,1.4402,1.4567,1.4717,1.4845,1.4937,1.4984,1.4982,1.4936,1.4857,1.4755,1.4641,1.452,1.4397
0.8957,0.8826,0.8691,0.8554,0.8417,0.8283,0.8155,0.8039,0.7945,0.7885,0.7882,0.7958,0.8131,0.8413,0.883,0.9441,1.0335,1.157,1.3037,1.4326,1.4898,1.4606,1.3811,1.2951,1.227,1.1832,1.1626,1.1611,1.1748,1.1993,1.2307,1.2655,1.3006,1.3336,1.3636,1.3904,1.4146,1.4372,1.4586,1.4782,1.4946,1.5062,1.5117,1.511,1.5051,1.4954,1.4833,1.4701,1.4564,1.4428
0.8957,0.8838,0.8716,0.8594,0.8473,0.8356,0.8249,0.8156,0.8087,0.8054,0.8076,0.8173,0.8362,0.8664,0.9109,0.975,1.0657,1.1859,1.3233,1.4408,1.4924,1.4655,1.3911,1.3087,1.2416,1.1967,1.1736,1.1689,1.1786,1.199,1.2266,1.2581,1.2909,1.3232,1.3539,1.383,1.4108,1.4377,1.4637,1.4876,1.5074,1.5209,1.5268,1.5253,1.5176,1.5058,1.4916,1.4764,1.461,1.4461
0.8964,0.8856,0.8747,0.8638,0.8532,0.8433,0.8345,0.8273,0.8227,0.8219,0.8263,0.8378,0.8581,0.8896,0.9351,0.9993,1.0865,1.1972,1.3186,1.4197,1.4649,1.4442,1.3814,1.3088,1.2473,1.2046,1.1813,1.1748,1.1819,1.1992,1.2238,1.2527,1.2839,1.3157,1.3474,1.3786,1.4097,1.4407,1.471,1.4988,1.5215,1.5365,1.5425,1.5398,1.5303,1.5163,1.4999,1.4827,1.4656,1.4492
0.8977,0.8879,0.8782,0.8686,0.8595,0.8512,0.8441,0.8389,0.8364,0.8376,0.8438,0.8568,0.8782,0.9101,0.9552,1.0168,1.0974,1.1952,1.2981,1.3819,1.4208,1.4074,1.3585,1.2987,1.2457,1.2075,1.1857,1.1788,1.1844,1.1996,1.2219,1.2489,1.2789,1.3105,1.343,1.3763,1.4104,1.4449,1.479,1.5102,1.5354,1.5516,1.5574,1.5535,1.542,1.5259,1.5074,1.4883,1.4697,1.4521
0.8994,0.8907,0.8821,0.8737,0.866,0.8592,0.8537,0.8502,0.8494,0.8523,0.8601,0.8742,0.8961,0.9277,0.9711,1.0285,1.1007,1.1847,1.2699,1.3381,1.3713,1.3645,1.3288,1.2821,1.2388,1.2065,1.1874,1.1812,1.186,1.1999,1.2206,1.2462,1.2753,1.3069,1.3402,1.3752,1.4118,1.4494,1.4865,1.5204,1.5475,1.5645,1.57,1.5649,1.5518,1.5339,1.5136,1.493,1.473,1.4543
0.9015,0.8937,0.8862,0.879,0.8725,0.867,0.863,0.861,0.8618,0.8661,0.875,0.8897,0.9117,0.9423,0.9832,1.0354,1.0989,1.1699,1.2396,1.2949,1.3234,1.3217,1.2972,1.2624,1.2286,1.2026,1.187,1.1821,1.187,1.2,1.2196,1.2442,1.2727,1.3042,1.3382,1.3746,1.4131,1.4529,1.4922,1.528,1.5563,1.5737,1.579,1.573,1.5588,1.5396,1.5181,1.4962,1.4753,1.4556
0.9039,0.8971,0.8905,0.8844,0.879,0.8748,0.872,0.8713,0.8733,0.8787,0.8884,0.9035,0.9251,0.9542,0.992,1.0389,1.0939,1.1535,1.2105,1.2555,1.2803,1.2824,1.2667,1.242,1.2167,1.1968,1.1849,1.1818,1.1872,1.1999,1.2187,1.2426,1.2706,1.302,1.3365,1.3738,1.4135,1.4547,1.4953,1.532,1.5609,1.5785,1.5835,1.5772,1.5624,1.5425,1.5203,1.4978,1.4762,1.456
