docs/data/wind_grid.json
{"header": {"la1":42.1,"la2":41.55,"lo1":12.1,"lo2":12.95,"nx":50,"ny":50,"dx":0.01735,"dy":0.01122,"parameterCategory":2,"parameterNumber":2,"parameterNumberName":"eastward_wind","parameterUnit":"m.s-1"}, "data":
[rows 0 to 39 of 50, columns 0 to 49 of 50]
-1.0767,-1.0746,-1.0719,-1.0685,-1.0645,-1.0598,-1.0543,-1.048,-1.0409,-1.033,-1.0242,-1.0146,-1.0042,-0.993,-0.981,-0.9682,-0.9548,-0.9406,-0.9255,-0.9095,-0.8924,-0.8738,-0.8534,-0.8309,-0.8058,-0.7775,-0.7459,-0.7104,-0.671,-0.6276,-0.5804,-0.5298,-0.4764,-0.4212,-0.3656,-0.3112,-0.26,-0.214,-0.1748,-0.1438,-0.1218,-0.1088,-0.1042,-0.107,-0.1159,-0.1296,-0.1467,-0.1662,-0.1872,-0.2089
-1.0833,-1.0813,-1.0788,-1.0756,-1.0717,-1.0671,-1.0616,-1.0554,-1.0482,-1.0402,-1.0313,-1.0215,-1.0109,-0.9995,-0.9872,-0.9743,-0.9606,-0.9462,-0.931,-0.915,-0.8979,-0.8794,-0.8591,-0.8366,-0.8113,-0.7827,-0.7504,-0.7139,-0.6731,-0.6277,-0.578,-0.5243,-0.4673,-0.4081,-0.348,-0.2891,-0.2335,-0.1836,-0.1414,-0.1085,-0.0859,-0.0734,-0.0704,-0.0754,-0.0871,-0.1036,-0.1237,-0.146,-0.1695,-0.1934
-1.0899,-1.0882,-1.0858,-1.0828,-1.0791,-1.0746,-1.0692,-1.063,-1.0558,-1.0477,-1.0387,-1.0287,-1.0178,-1.0061,-0.9936,-0.9803,-0.9664,-0.9518,-0.9365,-0.9205,-0.9034,-0.8851,-0.865,-0.8426,-0.8173,-0.7884,-0.7555,-0.7181,-0.6758,-0.6285,-0.5763,-0.5195,-0.4587,-0.3951,-0.3303,-0.2664,-0.206,-0.1517,-0.1062,-0.0713,-0.0481,-0.0364,-0.0352,-0.043,-0.0577,-0.0775,-0.1007,-0.1259,-0.1521,-0.1785
-1.0968,-1.0953,-1.0931,-1.0903,-1.0868,-1.0824,-1.0771,-1.0709,-1.0637,-1.0555,-1.0463,-1.0361,-1.0249,-1.0129,-1.0,-0.9864,-0.9721,-0.9573,-0.9419,-0.9258,-0.9088,-0.8907,-0.8709,-0.8487,-0.8235,-0.7946,-0.7613,-0.723,-0.6794,-0.6301,-0.5754,-0.5154,-0.4508,-0.3827,-0.3128,-0.2434,-0.1776,-0.1186,-0.0694,-0.0323,-0.0086,0.0021,0.001,-0.0098,-0.028,-0.0514,-0.0781,-0.1064,-0.1354,-0.1642
-1.1038,-1.1025,-1.1006,-1.098,-1.0947,-1.0904,-1.0852,-1.0791,-1.0719,-1.0636,-1.0542,-1.0437,-1.0323,-1.0198,-1.0065,-0.9925,-0.9778,-0.9626,-0.947,-0.9309,-0.914,-0.8962,-0.8767,-0.855,-0.8301,-0.8012,-0.7676,-0.7286,-0.6837,-0.6326,-0.5754,-0.5123,-0.4437,-0.371,-0.2957,-0.2205,-0.1488,-0.0845,-0.0312,0.0082,0.0323,0.0417,0.0379,0.0236,0.0015,-0.0258,-0.0561,-0.0877,-0.1196,-0.1508
-1.111,-1.11,-1.1084,-1.106,-1.1028,-1.0988,-1.0937,-1.0876,-1.0804,-1.072,-1.0624,-1.0517,-1.0398,-1.0269,-1.0131,-0.9986,-0.9834,-0.9678,-0.9518,-0.9356,-0.9189,-0.9014,-0.8824,-0.8612,-0.8368,-0.8082,-0.7745,-0.7349,-0.6888,-0.6361,-0.5765,-0.5103,-0.4379,-0.3604,-0.2795,-0.1981,-0.1201,-0.05,0.0078,0.0497,0.0742,0.0819,0.075,0.0567,0.0303,-0.0011,-0.0352,-0.0702,-0.1049,-0.1386
-1.1183,-1.1177,-1.1163,-1.1143,-1.1113,-1.1074,-1.1025,-1.0965,-1.0892,-1.0808,-1.071,-1.0599,-1.0477,-1.0343,-1.0199,-1.0046,-0.9888,-0.9726,-0.9563,-0.9398,-0.9232,-0.9061,-0.8878,-0.8674,-0.8437,-0.8156,-0.7819,-0.7418,-0.6948,-0.6405,-0.5787,-0.5095,-0.4335,-0.3513,-0.2648,-0.177,-0.0922,-0.0157,0.0469,0.0915,0.1162,0.1219,0.1115,0.0889,0.0579,0.0222,-0.0158,-0.0542,-0.0917,-0.1277
-1.1258,-1.1255,-1.1245,-1.1227,-1.1201,-1.1164,-1.1117,-1.1057,-1.0985,-1.0899,-1.08,-1.0686,-1.0558,-1.0418,-1.0267,-1.0107,-0.9941,-0.9771,-0.9602,-0.9434,-0.9269,-0.9102,-0.8927,-0.8733,-0.8506,-0.8231,-0.7897,-0.7494,-0.7016,-0.6458,-0.582,-0.5103,-0.4308,-0.3443,-0.2523,-0.158,-0.0661,0.0171,0.085,0.1325,0.1574,0.1609,0.1466,0.1192,0.0836,0.0434,0.0015,-0.0401,-0.0803,-0.1185
-1.1335,-1.1336,-1.1329,-1.1315,-1.1292,-1.1258,-1.1213,-1.1154,-1.1083,-1.0996,-1.0894,-1.0777,-1.0644,-1.0497,-1.0338,-1.0168,-0.9992,-0.9812,-0.9634,-0.9462,-0.9296,-0.9134,-0.8968,-0.8787,-0.8572,-0.8308,-0.798,-0.7576,-0.709,-0.6521,-0.5866,-0.5126,-0.4302,-0.3398,-0.2428,-0.1421,-0.043,0.0474,0.1209,0.1715,0.1965,0.1974,0.179,0.1468,0.1063,0.0618,0.0163,-0.0284,-0.071,-0.1111
-1.1414,-1.1418,-1.1416,-1.1406,-1.1386,-1.1355,-1.1312,-1.1256,-1.1185,-1.1098,-1.0994,-1.0873,-1.0734,-1.058,-1.0411,-1.023,-1.0041,-0.9849,-0.966,-0.9479,-0.931,-0.9153,-0.8999,-0.8833,-0.8636,-0.8385,-0.8064,-0.7662,-0.7171,-0.6592,-0.5923,-0.5165,-0.4318,-0.3384,-0.237,-0.1305,-0.0243,0.0732,0.1527,0.2065,0.2315,0.2299,0.2072,0.1703,0.1253,0.0767,0.0279,-0.0194,-0.0641,-0.1058
-1.1494,-1.1503,-1.1505,-1.1499,-1.1483,-1.1456,-1.1416,-1.1362,-1.1292,-1.1205,-1.1099,-1.0974,-1.083,-1.0668,-1.0488,-1.0294,-1.009,-0.9882,-0.9677,-0.9484,-0.9309,-0.9156,-0.9016,-0.887,-0.8694,-0.8461,-0.8151,-0.7751,-0.7257,-0.6669,-0.599,-0.522,-0.4359,-0.3404,-0.2358,-0.1244,-0.0119,0.0926,0.1781,0.2352,0.2605,0.2564,0.2298,0.1885,0.1394,0.0874,0.0358,-0.0136,-0.06,-0.1029
-1.1575,-1.1589,-1.1596,-1.1595,-1.1584,-1.1561,-1.1525,-1.1474,-1.1406,-1.1319,-1.1211,-1.1083,-1.0933,-1.0761,-1.057,-1.0361,-1.0139,-0.991,-0.9684,-0.9473,-0.9289,-0.9138,-0.9013,-0.8893,-0.8744,-0.8534,-0.8238,-0.7843,-0.7346,-0.6751,-0.6065,-0.529,-0.4424,-0.3461,-0.2398,-0.1251,-0.0074,0.1034,0.1946,0.2552,0.2809,0.2748,0.2449,0.2,0.1477,0.0932,0.0396,-0.0113,-0.0587,-0.1024
-1.1658,-1.1678,-1.169,-1.1694,-1.1688,-1.167,-1.1639,-1.1591,-1.1525,-1.1439,-1.1331,-1.12,-1.1044,-1.0863,-1.0659,-1.0433,-1.019,-0.9936,-0.9683,-0.9447,-0.9245,-0.9093,-0.8987,-0.8898,-0.8785,-0.8604,-0.8325,-0.7936,-0.7436,-0.6835,-0.6144,-0.537,-0.451,-0.3556,-0.2495,-0.1335,-0.0124,0.1034,0.1996,0.2635,0.2901,0.2829,0.2508,0.2037,0.1494,0.0933,0.0387,-0.0128,-0.0606,-0.1045
-1.1743,-1.1768,-1.1786,-1.1796,-1.1796,-1.1784,-1.1757,-1.1714,-1.1652,-1.1568,-1.146,-1.1326,-1.1164,-1.0974,-1.0757,-1.0513,-1.0246,-0.9963,-0.9675,-0.9402,-0.9173,-0.9014,-0.8929,-0.8883,-0.8815,-0.867,-0.8411,-0.8028,-0.7525,-0.6918,-0.6224,-0.5456,-0.4614,-0.3685,-0.2648,-0.1501,-0.0281,0.0907,0.1907,0.2578,0.286,0.2789,0.2463,0.1985,0.1438,0.0876,0.0331,-0.0182,-0.0657,-0.1092
-1.1828,-1.1859,-1.1884,-1.19,-1.1907,-1.1902,-1.1881,-1.1844,-1.1786,-1.1705,-1.1598,-1.1462,-1.1296,-1.1098,-1.0867,-1.0604,-1.0313,-0.9996,-0.9664,-0.9342,-0.9069,-0.8894,-0.8835,-0.8843,-0.8835,-0.8733,-0.8498,-0.812,-0.7611,-0.6995,-0.6299,-0.5543,-0.4729,-0.3841,-0.2853,-0.1747,-0.0548,0.0643,0.1665,0.2363,0.2668,0.2615,0.2303,0.1839,0.1305,0.0757,0.0225,-0.0276,-0.074,-0.1166
-1.1914,-1.1952,-1.1983,-1.2007,-1.2022,-1.2023,-1.201,-1.1979,-1.1927,-1.185,-1.1746,-1.161,-1.144,-1.1235,-1.0992,-1.0711,-1.0394,-1.0041,-0.9659,-0.9271,-0.8932,-0.8726,-0.8696,-0.8781,-0.8849,-0.8799,-0.8587,-0.821,-0.7691,-0.7063,-0.6364,-0.5622,-0.4845,-0.4015,-0.3098,-0.2062,-0.0918,0.0246,0.1268,0.1987,0.2322,0.2304,0.2029,0.1599,0.1099,0.0579,0.0072,-0.0408,-0.0854,-0.1264
-1.2001,-1.2045,-1.2085,-1.2117,-1.2139,-1.215,-1.2145,-1.2122,-1.2076,-1.2005,-1.1904,-1.177,-1.1599,-1.1388,-1.1135,-1.0838,-1.0497,-1.011,-0.9674,-0.9206,-0.8769,-0.8505,-0.8514,-0.8701,-0.8866,-0.8873,-0.8681,-0.83,-0.7763,-0.7118,-0.6412,-0.5684,-0.495,-0.4192,-0.3366,-0.2429,-0.1371,-0.0267,0.0733,0.1462,0.1834,0.1868,0.1648,0.1274,0.0823,0.0346,-0.0125,-0.0575,-0.0996,-0.1387
-1.2088,-1.214,-1.2187,-1.2228,-1.226,-1.2279,-1.2284,-1.227,-1.2234,-1.217,-1.2075,-1.1944,-1.1774,-1.1559,-1.1299,-1.0989,-1.063,-1.0214,-0.9731,-0.9175,-0.8607,-0.8245,-0.8301,-0.863,-0.8907,-0.8966,-0.8784,-0.8388,-0.7826,-0.7154,-0.6436,-0.5722,-0.5033,-0.4354,-0.3636,-0.2819,-0.1876,-0.0859,0.0093,0.0822,0.1232,0.1327,0.118,0.0876,0.0488,0.0066,-0.0361,-0.0774,-0.1165,-0.1531
-1.2174,-1.2235,-1.2291,-1.2341,-1.2382,-1.2413,-1.2428,-1.2425,-1.2399,-1.2344,-1.2257,-1.2132,-1.1965,-1.1751,-1.1486,-1.1169,-1.0798,-1.0368,-0.9857,-0.9231,-0.8512,-0.8001,-0.8116,-0.862,-0.9003,-0.9092,-0.8901,-0.8476,-0.7876,-0.717,-0.6431,-0.5725,-0.5081,-0.4486,-0.3884,-0.3201,-0.2392,-0.1487,-0.0602,0.0112,0.0555,0.0716,0.0648,0.0424,0.0108,-0.0253,-0.0628,-0.0999,-0.1356,-0.1694
-1.2261,-1.2329,-1.2394,-1.2455,-1.2507,-1.2549,-1.2577,-1.2586,-1.2571,-1.2528,-1.2451,-1.2335,-1.2174,-1.1963,-1.1699,-1.1379,-1.1006,-1.0578,-1.0078,-0.9443,-0.8623,-0.7939,-0.811,-0.8769,-0.9197,-0.9266,-0.9034,-0.8563,-0.7913,-0.7161,-0.6393,-0.5687,-0.5085,-0.4573,-0.4088,-0.3546,-0.288,-0.21,-0.13,-0.0616,-0.015,0.0072,0.0082,-0.0062,-0.0303,-0.0598,-0.0918,-0.1244,-0.1564,-0.1872
-1.2346,-1.2423,-1.2498,-1.2569,-1.2633,-1.2688,-1.2729,-1.2752,-1.2751,-1.2721,-1.2656,-1.255,-1.2399,-1.2197,-1.1938,-1.1621,-1.1253,-1.0846,-1.0401,-0.9867,-0.9138,-0.842,-0.8582,-0.92,-0.9519,-0.949,-0.9183,-0.8647,-0.7935,-0.7127,-0.632,-0.5606,-0.5037,-0.4603,-0.4233,-0.3827,-0.3306,-0.2657,-0.1953,-0.1314,-0.0841,-0.0572,-0.0492,-0.056,-0.0729,-0.096,-0.1225,-0.1504,-0.1786,-0.2062
-1.243,-1.2516,-1.2601,-1.2683,-1.276,-1.2828,-1.2884,-1.2922,-1.2936,-1.2921,-1.287,-1.2778,-1.2641,-1.245,-1.2202,-1.1892,-1.1534,-1.1158,-1.0803,-1.0481,-1.0141,-0.9787,-0.9774,-0.9949,-0.9959,-0.9755,-0.934,-0.8723,-0.7941,-0.707,-0.6215,-0.5484,-0.494,-0.4574,-0.4308,-0.4031,-0.3646,-0.3127,-0.2525,-0.1946,-0.1482,-0.1183,-0.1049,-0.1052,-0.1155,-0.1327,-0.1539,-0.1773,-0.2017,-0.2261
-1.2511,-1.2606,-1.2702,-1.2795,-1.2885,-1.2968,-1.304,-1.3095,-1.3126,-1.3128,-1.3093,-1.3016,-1.2895,-1.2722,-1.249,-1.2192,-1.1844,-1.1495,-1.1229,-1.1145,-1.1318,-1.1567,-1.1306,-1.0831,-1.0443,-1.003,-0.9493,-0.8789,-0.7933,-0.6995,-0.6088,-0.5333,-0.4804,-0.4495,-0.4319,-0.4154,-0.3894,-0.3497,-0.3,-0.249,-0.2053,-0.1743,-0.1572,-0.1523,-0.1572,-0.1689,-0.1854,-0.2046,-0.2253,-0.2466
-1.259,-1.2694,-1.28,-1.2906,-1.3009,-1.3108,-1.3197,-1.327,-1.332,-1.3339,-1.3321,-1.3261,-1.3158,-1.3007,-1.2798,-1.2518,-1.2178,-1.1837,-1.1621,-1.1691,-1.2167,-1.2712,-1.2371,-1.1543,-1.0866,-1.0276,-0.9625,-0.8839,-0.7914,-0.6913,-0.5955,-0.5173,-0.465,-0.4383,-0.4281,-0.4211,-0.4058,-0.3772,-0.3376,-0.2941,-0.2545,-0.2241,-0.2049,-0.1964,-0.1969,-0.2042,-0.2163,-0.2317,-0.249,-0.2674
-1.2666,-1.2779,-1.2895,-1.3013,-1.3131,-1.3245,-1.3352,-1.3445,-1.3515,-1.3553,-1.3553,-1.3509,-1.3425,-1.33,-1.3122,-1.2867,-1.2532,-1.2178,-1.1952,-1.2041,-1.2529,-1.3021,-1.2741,-1.193,-1.1156,-1.046,-0.9726,-0.8873,-0.7891,-0.6838,-0.5837,-0.5029,-0.4507,-0.4269,-0.422,-0.4222,-0.4156,-0.3967,-0.3665,-0.3306,-0.2959,-0.2674,-0.2476,-0.2368,-0.2341,-0.2378,-0.2463,-0.2583,-0.2726,-0.2882
-1.2737,-1.2859,-1.2985,-1.3115,-1.3247,-1.3378,-1.3504,-1.3618,-1.3709,-1.3768,-1.3784,-1.3755,-1.3688,-1.3591,-1.3453,-1.3235,-1.2907,-1.252,-1.2232,-1.2234,-1.2569,-1.2894,-1.2689,-1.2036,-1.1299,-1.057,-0.9788,-0.8891,-0.787,-0.6785,-0.5757,-0.4931,-0.4406,-0.4182,-0.4165,-0.4215,-0.4216,-0.4105,-0.3885,-0.3599,-0.3304,-0.3047,-0.2855,-0.2735,-0.2685,-0.2695,-0.275,-0.2841,-0.2957,-0.3088
-1.2804,-1.2934,-1.307,-1.3212,-1.3358,-1.3505,-1.3651,-1.3786,-1.3901,-1.3981,-1.4014,-1.3995,-1.3939,-1.387,-1.3781,-1.3612,-1.3301,-1.2874,-1.2492,-1.2351,-1.2489,-1.2647,-1.2481,-1.1976,-1.1324,-1.061,-0.9813,-0.8898,-0.7862,-0.6766,-0.5731,-0.4901,-0.4373,-0.4151,-0.4143,-0.4218,-0.4261,-0.4209,-0.4057,-0.3836,-0.3592,-0.3367,-0.3187,-0.3066,-0.3002,-0.2991,-0.3023,-0.309,-0.3181,-0.3291
-1.2865,-1.3002,-1.3148,-1.3301,-1.346,-1.3624,-1.3789,-1.3947,-1.4086,-1.4191,-1.424,-1.4227,-1.4172,-1.4125,-1.409,-1.3985,-1.3702,-1.3239,-1.2757,-1.2464,-1.2412,-1.2423,-1.2256,-1.1848,-1.1276,-1.0597,-0.981,-0.8899,-0.7872,-0.6791,-0.5771,-0.495,-0.4421,-0.4189,-0.4173,-0.425,-0.4313,-0.43,-0.42,-0.4033,-0.3836,-0.3643,-0.3481,-0.3362,-0.3292,-0.3267,-0.3281,-0.3327,-0.3399,-0.3489
-1.292,-1.3064,-1.3218,-1.3381,-1.3553,-1.3732,-1.3915,-1.4096,-1.4262,-1.4392,-1.4461,-1.4448,-1.4381,-1.4342,-1.4363,-1.4329,-1.4082,-1.3596,-1.303,-1.2601,-1.2387,-1.2269,-1.207,-1.1708,-1.1193,-1.0553,-0.9791,-0.8902,-0.7904,-0.6858,-0.5874,-0.5075,-0.4548,-0.43,-0.4261,-0.4321,-0.4386,-0.4394,-0.433,-0.4205,-0.4047,-0.3885,-0.3741,-0.363,-0.3557,-0.3523,-0.3523,-0.3553,-0.3608,-0.3681
-1.2968,-1.3119,-1.328,-1.3452,-1.3634,-1.3827,-1.4027,-1.4229,-1.4421,-1.458,-1.4672,-1.4659,-1.4564,-1.4512,-1.458,-1.4612,-1.4401,-1.3907,-1.3287,-1.2759,-1.2416,-1.2186,-1.1938,-1.1585,-1.1104,-1.0497,-0.9765,-0.8911,-0.7957,-0.6964,-0.603,-0.5265,-0.4744,-0.4476,-0.4404,-0.4435,-0.4486,-0.4501,-0.4458,-0.4364,-0.4237,-0.4101,-0.3975,-0.3873,-0.38,-0.376,-0.3751,-0.3768,-0.3808,-0.3867
-1.301,-1.3165,-1.3332,-1.3511,-1.3702,-1.3906,-1.4121,-1.4342,-1.4558,-1.4746,-1.4866,-1.4859,-1.4724,-1.4631,-1.4722,-1.48,-1.4616,-1.4132,-1.3497,-1.2912,-1.2477,-1.2157,-1.1855,-1.149,-1.1023,-1.0442,-0.9742,-0.893,-0.8031,-0.71,-0.6225,-0.5499,-0.4987,-0.47,-0.4592,-0.4588,-0.4615,-0.4624,-0.4591,-0.4517,-0.4413,-0.4299,-0.4188,-0.4095,-0.4025,-0.3981,-0.3965,-0.3972,-0.4,-0.4046
-1.3043,-1.3202,-1.3373,-1.3558,-1.3756,-1.3968,-1.4193,-1.4428,-1.4663,-1.4877,-1.5025,-1.5033,-1.486,-1.4703,-1.4779,-1.4869,-1.4704,-1.4249,-1.3635,-1.3035,-1.2547,-1.2161,-1.1808,-1.1422,-1.0958,-1.0396,-0.9728,-0.8961,-0.812,-0.7256,-0.6443,-0.5759,-0.5261,-0.4957,-0.4813,-0.4771,-0.4769,-0.4764,-0.4732,-0.4668,-0.4581,-0.4483,-0.4385,-0.43,-0.4233,-0.4188,-0.4166,-0.4165,-0.4184,-0.4218
-1.3069,-1.3231,-1.3404,-1.3592,-1.3793,-1.401,-1.4241,-1.4484,-1.473,-1.4959,-1.5127,-1.515,-1.4959,-1.4739,-1.4761,-1.4826,-1.4673,-1.4262,-1.3696,-1.3114,-1.2605,-1.2176,-1.1784,-1.1376,-1.0909,-1.0362,-0.9725,-0.9003,-0.822,-0.7422,-0.667,-0.603,-0.5547,-0.523,-0.5055,-0.4976,-0.4944,-0.492,-0.4882,-0.4822,-0.4745,-0.4658,-0.457,-0.4492,-0.4428,-0.4382,-0.4356,-0.4349,-0.4359,-0.4384
-1.3087,-1.3249,-1.3424,-1.3612,-1.3815,-1.4032,-1.4264,-1.4508,-1.4754,-1.4984,-1.5154,-1.518,-1.4993,-1.4745,-1.4696,-1.471,-1.4561,-1.4198,-1.3691,-1.3146,-1.264,-1.219,-1.1771,-1.1345,-1.0876,-1.0341,-0.9732,-0.9054,-0.8328,-0.7592,-0.6898,-0.63,-0.5833,-0.5508,-0.5307,-0.5195,-0.5133,-0.5088,-0.504,-0.4979,-0.4906,-0.4826,-0.4746,-0.4673,-0.4612,-0.4566,-0.4536,-0.4524,-0.4527,-0.4544
-1.3097,-1.3259,-1.3433,-1.362,-1.382,-1.4035,-1.4263,-1.4499,-1.4736,-1.4953,-1.5106,-1.5124,-1.4954,-1.4718,-1.4611,-1.4566,-1.4411,-1.4089,-1.3639,-1.3138,-1.2649,-1.2194,-1.1761,-1.1324,-1.0853,-1.0332,-0.975,-0.9112,-0.8438,-0.776,-0.712,-0.656,-0.611,-0.5781,-0.556,-0.542,-0.5331,-0.5265,-0.5204,-0.5139,-0.5067,-0.499,-0.4915,-0.4845,-0.4786,-0.4739,-0.4707,-0.469,-0.4688,-0.4698
-1.31,-1.3259,-1.3431,-1.3614,-1.381,-1.4019,-1.4237,-1.4462,-1.4681,-1.4875,-1.5003,-1.5008,-1.4862,-1.4655,-1.4517,-1.442,-1.4252,-1.3958,-1.3556,-1.31,-1.2635,-1.2186,-1.1749,-1.1307,-1.0839,-1.0331,-0.9775,-0.9175,-0.8549,-0.7922,-0.733,-0.6806,-0.6375,-0.6045,-0.5808,-0.5645,-0.5533,-0.5447,-0.5373,-0.5301,-0.5226,-0.5151,-0.5078,-0.501,-0.4952,-0.4905,-0.487,-0.485,-0.4842,-0.4846
-1.3094,-1.3251,-1.3418,-1.3597,-1.3786,-1.3985,-1.4191,-1.4399,-1.4597,-1.4763,-1.4865,-1.4861,-1.4739,-1.4563,-1.4412,-1.428,-1.4097,-1.3821,-1.3457,-1.3039,-1.2601,-1.2165,-1.1731,-1.1291,-1.083,-1.0336,-0.9805,-0.9241,-0.8657,-0.8077,-0.7527,-0.7036,-0.6622,-0.6295,-0.6048,-0.5867,-0.5734,-0.5631,-0.5544,-0.5463,-0.5385,-0.5309,-0.5236,-0.517,-0.5111,-0.5063,-0.5027,-0.5002,-0.499,-0.4989
-1.3081,-1.3234,-1.3397,-1.3568,-1.3749,-1.3937,-1.4128,-1.4317,-1.4491,-1.4632,-1.4711,-1.4701,-1.4599,-1.4448,-1.4296,-1.4142,-1.3949,-1.3685,-1.3349,-1.2963,-1.2552,-1.2132,-1.1708,-1.1274,-1.0822,-1.0345,-0.9838,-0.9306,-0.8761,-0.8222,-0.7711,-0.7249,-0.6853,-0.6529,-0.6276,-0.6081,-0.5932,-0.5814,-0.5714,-0.5625,-0.5542,-0.5464,-0.539,-0.5323,-0.5264,-0.5215,-0.5176,-0.5149,-0.5132,-0.5126
-1.3062,-1.321,-1.3366,-1.353,-1.3701,-1.3876,-1.4052,-1.4221,-1.4373,-1.4489,-1.455,-1.4537,-1.4451,-1.4319,-1.417,-1.4006,-1.3806,-1.3551,-1.3238,-1.2879,-1.2491,-1.2089,-1.1678,-1.1255,-1.0816,-1.0355,-0.9872,-0.937,-0.8861,-0.8358,-0.788,-0.7445,-0.7066,-0.6748,-0.6491,-0.6287,-0.6125,-0.5994,-0.5883,-0.5786,-0.5698,-0.5616,-0.5541,-0.5472,-0.5412,-0.5361,-0.532,-0.529,-0.5269,-0.5259
-1.3036,-1.3179,-1.3328,-1.3483,-1.3643,-1.3805,-1.3965,-1.4115,-1.4246,-1.4342,-1.4389,-1.4374,-1.4299,-1.418,-1.4036,-1.3869,-1.3668,-1.3421,-1.3125,-1.2789,-1.2423,-1.204,-1.1643,-1.1233,-1.0808,-1.0366,-0.9905,-0.9432,-0.8954,-0.8483,-0.8036,-0.7625,-0.7261,-0.6951,-0.6693,-0.6482,-0.6311,-0.6169,-0.6049,-0.5944,-0.585,-0.5765,-0.5687,-0.5617,-0.5555,-0.5502,-0.5459,-0.5425,-0.5401,-0.5387
