docs/data/wind_grid.json
[{"header":{"la1":42.85,"la2":41.18,"lo1":11.55,"lo2":14.05,"nx":36,"ny":24,"dx":0.07143,"dy":0.07261,"parameterCategory":2,"parameterNumber":2,"parameterNumberName":"eastward_wind","parameterUnit":"m.s-1"},"data":[1.3305,1.3241,1.3157,1.3052,1.2929,1.279,1.2641,1.2482,1.2313,1.213,1.1926,1.1692,1.142,1.11,1.0716,1.0245,0.9657,0.8917,0.8006,0.696,0.5907,0.5065,0.4633,0.4668,0.507,0.5671,0.6331,0.6968,0.7547,0.8058,0.8505,0.8897,0.9243,0.9549,0.9822,1.0068,1.3436,1.3377,1.3291,1.3178,1.3039,1.2881,1.2714,1.2544,1.2371,1.2188,1.1984,1.175,1.1476,1.1151,1.0759,1.027,0.9629,0.8757,0.7567,0.6043,0.4374,0.3011,0.242,0.2692,0.3529,0.4562,0.5562,0.6439,0.7178,0.7797,0.8318,0.8762,0.9145,0.9479,0.9775,1.0037,1.3594,1.3545,1.346,1.3333,1.3169,1.2979,1.2783,1.2595,1.2418,1.2241,1.2044,1.1814,1.1543,1.1225,1.0848,1.038,0.9747,0.8804,0.7312,0.5049,0.2186,-0.0279,-0.1091,-0.0157,0.158,0.3331,0.4799,0.5959,0.6867,0.7588,0.8174,0.8661,0.9076,0.9434,0.9748,1.0026,1.3787,1.376,1.3682,1.3539,1.3332,1.3085,1.2834,1.2613,1.2436,1.2277,1.2098,1.1877,1.1612,1.1309,1.0971,1.0584,1.0086,0.9276,0.7654,0.4388,-0.0871,-0.595,-0.6926,-0.4124,-0.0621,0.2178,0.4184,0.5612,0.6657,0.7453,0.8085,0.8603,0.904,0.9417,0.9745,1.0035,1.4024,1.4043,1.3991,1.3832,1.3558,1.3207,1.285,1.2562,1.2388,1.2279,1.2139,1.1932,1.1669,1.1377,1.109,1.0845,1.0663,1.0435,0.9424,0.5435,-0.4101,-1.5394,-1.57,-0.8433,-0.2331,0.1516,0.3913,0.5486,0.6587,0.7409,0.8057,0.8589,0.9039,0.9428,0.9767,1.0066,1.431,1.442,1.4446,1.429,1.3909,1.3378,1.2827,1.2389,1.2219,1.2233,1.2166,1.1972,1.1695,1.1389,1.1131,1.1038,1.1302,1.2258,1.3577,1.0649,-0.2664,-2.1147,-2.0236,-0.9306,-0.2157,0.1809,0.4134,0.5621,0.6662,0.745,0.8083,0.8614,0.907,0.9467,0.9815,1.0121,1.4631,1.4907,1.5131,1.5056,1.4499,1.3669,1.2855,1.2197,1.1999,1.2186,1.2195,1.2003,1.1679,1.1293,1.0981,1.0952,1.1528,1.3474,1.7668,1.6639,0.5362,-0.6569,-0.8874,-0.3924,0.0353,0.306,0.4779,0.5953,0.6832,0.7542,0.8144,0.8667,0.9127,0.9531,0.9887,1.0199,1.4925,1.5438,1.6084,1.6326,1.5426,1.41,1.3064,1.2401,1.2188,1.2274,1.2255,1.2043,1.1624,1.1034,1.047,1.0344,1.096,1.2502,1.4761,1.3823,1.0242,0.6796,0.3214,0.2604,0.3529,0.4613,0.5533,0.6308,0.6997,0.7628,0.8207,0.8733,0.9203,0.9619,0.9984,1.0302,1.5082,1.5752,1.686,1.7728,1.6235,1.4385,1.3206,1.2604,1.2393,1.237,1.2347,1.2141,1.1595,1.059,0.9251,0.8766,0.9759,1.0997,1.1848,1.2057,1.3399,1.2393,0.8502,0.6365,0.5704,0.5699,0.5989,0.6455,0.7027,0.764,0.8241,0.8798,0.9296,0.9732,1.0109,1.0432,1.5029,1.558,1.6356,1.6798,1.5712,1.4195,1.2945,1.2328,1.2205,1.2291,1.2454,1.2371,1.1759,1.0271,0.691,0.515,0.839,1.0188,1.0936,1.1503,1.2539,1.1911,0.953,0.7613,0.6418,0.5822,0.5772,0.616,0.6801,0.7527,0.8231,0.8864,0.9411,0.9876,1.0266,1.0594,1.4839,1.5182,1.554,1.5812,1.5503,1.3783,1.215,1.1499,1.1875,1.2077,1.2602,1.2828,1.2269,1.0949,0.7571,0.5119,0.8638,1.0116,1.0621,1.0878,1.0968,1.0416,0.9042,0.7288,0.5601,0.4537,0.4474,0.5199,0.6241,0.7282,0.8193,0.895,0.9565,1.0062,1.0464,1.0791,1.4612,1.482,1.5109,1.5545,1.5114,1.2942,1.0637,0.9365,1.0769,1.2058,1.3132,1.3732,1.2989,1.155,1.0913,0.9928,1.0008,1.0311,1.0487,1.0624,1.0467,0.9771,0.8286,0.5829,0.2809,0.0953,0.1513,0.3427,0.5398,0.6992,0.8199,0.9105,0.9788,1.031,1.0713,1.1029,1.4398,1.4475,1.4539,1.4463,1.3727,1.195,0.9428,0.7027,0.8751,1.2129,1.4318,1.563,1.488,1.1634,1.1536,1.0534,1.0044,1.0182,1.0267,1.0607,1.0467,0.9627,0.7627,0.3557,-0.273,-0.6376,-0.3454,0.1168,0.461,0.6874,0.8373,0.9396,1.0116,1.0635,1.1019,1.131,1.4236,1.421,1.4104,1.3803,1.311,1.1875,1.0141,0.8497,0.9752,1.3391,1.5891,1.7742,1.8137,1.7373,1.2519,0.794,0.8523,0.9932,1.0443,1.0844,1.0757,0.9912,0.7622,0.2132,-0.8284,-1.4506,-0.7628,0.0002,0.4586,0.7234,0.8847,0.9883,1.0573,1.1047,1.1383,1.1631,1.4152,1.4086,1.3943,1.367,1.3211,1.2563,1.1874,1.171,1.314,1.5901,1.8103,1.8727,1.8984,2.2352,1.3159,0.7059,0.6354,0.9402,1.0898,1.137,1.1254,1.0623,0.8715,0.4,-0.4496,-0.9644,-0.4504,0.1876,0.5891,0.8246,0.9676,1.0574,1.1151,1.1529,1.1789,1.1977,1.4147,1.4091,1.3989,1.3832,1.3629,1.3446,1.3462,1.4041,1.5638,1.8486,2.2266,2.1587,2.0275,1.8675,1.4824,1.0491,0.8232,1.0549,1.1924,1.2036,1.1396,1.1251,1.0281,0.7601,0.3729,0.1492,0.3014,0.5886,0.8193,0.9752,1.0763,1.1399,1.1789,1.2033,1.2199,1.2324,1.42,1.4178,1.4143,1.4105,1.41,1.42,1.4542,1.5328,1.6783,1.91,2.1859,2.1176,2.1302,2.1296,1.7268,1.4529,1.3107,1.3287,1.3652,1.3056,1.1554,1.1671,1.1611,1.0493,0.9098,0.8426,0.8797,0.9681,1.061,1.1371,1.1895,1.2197,1.2355,1.246,1.2553,1.2637,1.4288,1.4305,1.4331,1.4385,1.4502,1.4739,1.5177,1.5911,1.6997,1.8348,1.9485,1.9997,2.1384,2.168,2.001,1.9096,1.6626,1.5242,1.4977,1.4801,1.3857,1.3355,1.3133,1.2631,1.2103,1.1919,1.2021,1.2272,1.2589,1.2811,1.2846,1.2726,1.2626,1.2668,1.2784,1.2892,1.4388,1.4439,1.4512,1.4625,1.4804,1.5086,1.5514,1.6119,1.6889,1.773,1.8475,1.9107,1.985,2.0828,2.4802,2.671,1.9719,1.6575,1.6091,1.7241,1.6313,1.5428,1.4948,1.444,1.3767,1.2906,1.2749,1.3682,1.4159,1.4062,1.3528,1.277,1.2392,1.2585,1.2893,1.31,1.4487,1.4564,1.4666,1.481,1.5012,1.5294,1.5675,1.6159,1.6725,1.7323,1.7898,1.847,1.9196,2.0641,2.4054,2.5027,2.0371,1.8158,1.9568,2.065,1.8312,1.7479,1.7107,1.6371,1.5219,1.3415,1.3026,1.5322,1.5854,1.5401,1.4265,1.2782,1.2146,1.2555,1.3054,1.3337,1.4577,1.4669,1.4788,1.4944,1.5147,1.541,1.5738,1.6129,1.6566,1.7026,1.7493,1.799,1.8616,1.9556,2.0699,2.0736,1.9351,1.854,1.9134,1.9578,1.9428,2.0268,2.0497,1.908,1.7536,1.734,1.9239,1.8947,1.8012,1.7157,1.567,1.3913,1.3028,1.3157,1.3488,1.3686,1.4652,1.4754,1.488,1.5036,1.523,1.5467,1.5748,1.6069,1.642,1.6788,1.7168,1.7572,1.8029,1.8539,1.895,1.8947,1.8587,1.8423,1.8769,1.9565,2.1567,2.5531,2.6709,2.2827,1.9789,1.9744,2.1671,2.0786,2.0228,1.9531,1.772,1.5814,1.4633,1.4226,1.4156,1.4138,1.4714,1.4819,1.4945,1.5096,1.5276,1.5487,1.5728,1.5996,1.6284,1.6585,1.6894,1.7211,1.7536,1.7843,1.8064,1.814,1.8146,1.8306,1.8868,2.0235,2.3523,2.953,3.1285,2.5408,2.1138,2.0075,2.0525,2.128,2.3142,2.222,1.9619,1.7423,1.6004,1.5232,1.4837,1.4608,1.4762,1.4866,1.4989,1.5131,1.5296,1.5483,1.5692,1.5919,1.6159,1.6408,1.6661,1.6913,1.7158,1.738,1.7561,1.7702,1.7869,1.8199,1.8895,2.0311,2.2991,2.6599,2.7462,2.4257,2.1277,2.0128,2.0311,2.1645,2.3514,2.2656,2.0262,1.8224,1.6823,1.5931,1.5375,1.5011]},{"header":{"la1":42.85,"la2":41.18,"lo1":11.55,"lo2":14.05,"nx":36,"ny":24,"dx":0.07143,"dy":0.07261,"parameterCategory":2,"parameterNumber":3,"parameterNumberName":"northward_wind","parameterUnit":"m.s-1"},"data":[-0.5621,-0.5492,-0.5386,-0.5307,-0.5257,-0.5245,-0.5287,-0.5405,-0.5617,-0.5922,-0.6298,-0.6712,-0.7133,-0.7548,-0.7958,-0.8377,-0.8828,-0.9338,-0.9927,-1.0583,-1.1245,-1.1804,-1.2164,-1.2296,-1.2251,-1.2106,-1.1926,-1.1748,-1.1587,-1.1446,-1.1323,-1.1215,-1.1119,-1.1033,-1.0954,-1.0881,-0.5267,-0.5092,-0.4944,-0.4824,-0.4728,-0.466,-0.4643,-0.4725,-0.4953,-0.5334,-0.5823,-0.6349,-0.686,-0.7334,-0.7779,-0.8219,-0.8698,-0.9272,-1.0001,-1.0905,-1.1888,-1.2722,-1.3176,-1.321,-1.2973,-1.2639,-1.2313,-1.2033,-1.1804,-1.1617,-1.1463,-1.1332,-1.1218,-1.1117,-1.1026,-1.0942,-0.4858,-0.4623,-0.4425,-0.4259,-0.4105,-0.3945,-0.3806,-0.3788,-0.4016,-0.4527,-0.5214,-0.5925,-0.6561,-0.71,-0.7565,-0.7999,-0.8463,-0.9057,-0.9931,-1.1222,-1.2831,-1.4235,-1.4812,-1.4543,-1.3894,-1.3239,-1.2708,-1.2307,-1.2007,-1.1777,-1.1593,-1.1441,-1.131,-1.1195,-1.1092,-1.0998,-0.438,-0.4059,-0.3796,-0.359,-0.3384,-0.3091,-0.27,-0.241,-0.2581,-0.3349,-0.4428,-0.5451,-0.626,-0.6861,-0.732,-0.7701,-0.8069,-0.8551,-0.9462,-1.1294,-1.4183,-1.6922,-1.7578,-1.6414,-1.4945,-1.3816,-1.305,-1.2535,-1.2177,-1.1914,-1.1709,-1.1539,-1.1394,-1.1266,-1.115,-1.1046,-0.381,-0.3346,-0.2986,-0.2764,-0.2572,-0.2142,-0.1266,-0.0249,-0.0163,-0.155,-0.3457,-0.4993,-0.6005,-0.6637,-0.7047,-0.7326,-0.749,-0.7575,-0.8058,-1.033,-1.5613,-2.1518,-2.1785,-1.8463,-1.5785,-1.4188,-1.3256,-1.2682,-1.2301,-1.2025,-1.1808,-1.1627,-1.1468,-1.1327,-1.12,-1.1085,-0.3133,-0.2403,-0.1833,-0.162,-0.1651,-0.1282,0.0307,0.3081,0.4051,0.1017,-0.2528,-0.4728,-0.5873,-0.6437,-0.673,-0.6888,-0.6813,-0.6133,-0.5009,-0.6801,-1.4658,-2.4358,-2.3972,-1.8921,-1.5785,-1.4155,-1.3267,-1.2736,-1.238,-1.2113,-1.1894,-1.1704,-1.1534,-1.1379,-1.124,-1.1114,-0.2388,-0.1152,-0.0016,0.0297,-0.0428,-0.0824,0.0966,0.5981,0.8622,0.2767,-0.2462,-0.4932,-0.5924,-0.6224,-0.6274,-0.6339,-0.6271,-0.515,-0.1938,-0.2703,-1.0505,-1.728,-1.8648,-1.6531,-1.4768,-1.3732,-1.3124,-1.273,-1.2438,-1.2195,-1.1977,-1.1776,-1.159,-1.142,-1.1266,-1.1128,-0.1769,0.0244,0.2782,0.3923,0.1567,-0.0889,-0.0613,0.2666,0.4291,-0.0222,-0.4069,-0.5717,-0.6137,-0.5871,-0.5371,-0.5314,-0.579,-0.5718,-0.4456,-0.5576,-0.9177,-1.1453,-1.3274,-1.374,-1.3527,-1.3229,-1.2974,-1.2746,-1.2522,-1.2294,-1.2067,-1.1846,-1.1638,-1.1448,-1.1276,-1.1125,-0.1688,0.0843,0.5214,0.8717,0.3356,-0.1657,-0.3359,-0.3448,-0.397,-0.5535,-0.6562,-0.6806,-0.645,-0.5259,-0.3245,-0.2619,-0.4592,-0.6384,-0.7244,-0.8349,-0.9142,-0.957,-1.1199,-1.2317,-1.2817,-1.2997,-1.3001,-1.2885,-1.2684,-1.2437,-1.2174,-1.1915,-1.1674,-1.1456,-1.1264,-1.1099,-0.2435,-0.0591,0.2233,0.3943,-0.0422,-0.381,-0.5935,-0.7557,-0.9436,-1.0181,-0.8902,-0.7824,-0.6972,-0.4929,0.1075,0.4388,-0.2639,-0.6721,-0.8412,-0.9233,-0.9453,-0.9858,-1.1036,-1.2104,-1.2835,-1.3248,-1.3365,-1.3243,-1.2974,-1.2641,-1.2299,-1.1976,-1.1687,-1.1434,-1.122,-1.1041,-0.3672,-0.304,-0.3286,-0.5817,-0.5965,-0.6187,-0.8019,-0.9899,-1.3183,-1.4859,-1.043,-0.8366,-0.7872,-0.6867,-0.0676,0.4241,-0.3972,-0.8053,-0.9604,-1.0165,-1.0439,-1.0892,-1.1718,-1.27,-1.3598,-1.4158,-1.4225,-1.3903,-1.3411,-1.2897,-1.2424,-1.201,-1.1658,-1.1367,-1.1129,-1.0941,-0.4832,-0.4765,-0.5339,-0.6518,-0.6741,-0.7681,-0.9646,-1.1028,-1.2079,-1.2722,-0.9592,-0.7824,-0.8583,-1.0768,-0.92,-0.7047,-0.85,-1.0643,-1.1434,-1.1358,-1.1485,-1.1919,-1.2701,-1.387,-1.5237,-1.6056,-1.579,-1.4901,-1.3958,-1.3155,-1.2504,-1.198,-1.156,-1.123,-1.0975,-1.0784,-0.5727,-0.5795,-0.6123,-0.6639,-0.7335,-0.8691,-1.0566,-1.1989,-1.1345,-0.9883,-0.7634,-0.5062,-0.6345,-1.181,-1.1223,-1.0501,-1.1251,-1.3147,-1.3289,-1.2396,-1.2443,-1.2891,-1.3736,-1.5375,-1.7937,-1.9425,-1.8132,-1.6066,-1.4451,-1.3305,-1.2468,-1.1835,-1.1352,-1.0992,-1.0733,-1.0555,-0.6409,-0.6526,-0.68,-0.7255,-0.7965,-0.9015,-1.027,-1.1263,-1.0715,-0.8794,-0.642,-0.1195,0.0033,-0.6247,-0.9881,-1.2453,-1.2908,-1.3142,-1.3174,-1.3091,-1.3491,-1.3955,-1.463,-1.6471,-2.0408,-2.2872,-2.0009,-1.6706,-1.4576,-1.3202,-1.2235,-1.1517,-1.0985,-1.0612,-1.0372,-1.0234,-0.6934,-0.7075,-0.7329,-0.7715,-0.8246,-0.8891,-0.9507,-0.9777,-0.9235,-0.8007,-0.6697,-0.5275,-0.5106,-0.4355,-0.9793,-1.3203,-1.7347,-1.4253,-1.3562,-1.4158,-1.5316,-1.5567,-1.536,-1.6318,-1.9113,-2.0971,-1.8823,-1.6038,-1.4096,-1.2753,-1.1744,-1.0965,-1.0397,-1.0039,-0.9858,-0.9801,-0.7338,-0.7479,-0.7697,-0.799,-0.834,-0.8693,-0.8934,-0.8898,-0.8438,-0.7635,-0.695,-0.621,-0.6568,-0.7372,-0.9878,-1.3291,-1.6144,-1.4434,-1.4203,-1.5705,-1.8945,-1.8197,-1.6024,-1.5564,-1.6285,-1.6777,-1.593,-1.4493,-1.3164,-1.2011,-1.0984,-1.0114,-0.95,-0.9198,-0.915,-0.9245,-0.765,-0.7779,-0.7953,-0.8165,-0.8388,-0.8577,-0.8661,-0.8564,-0.8237,-0.7706,-0.7172,-0.714,-0.8152,-0.8947,-1.0112,-1.1953,-1.3345,-1.4134,-1.4913,-1.6152,-1.9523,-1.8546,-1.5921,-1.4805,-1.4494,-1.4275,-1.3791,-1.3066,-1.2171,-1.113,-0.9974,-0.8874,-0.8159,-0.7997,-0.8221,-0.8578,-0.7897,-0.8008,-0.8146,-0.83,-0.8448,-0.8559,-0.8597,-0.8529,-0.835,-0.8104,-0.7952,-0.8182,-0.8877,-0.9366,-1.0682,-1.1897,-1.3038,-1.5063,-1.6747,-1.5757,-1.6177,-1.5978,-1.4881,-1.3982,-1.3412,-1.3027,-1.2694,-1.2179,-1.1384,-1.0271,-0.8774,-0.7149,-0.6224,-0.6403,-0.7132,-0.7874,-0.8098,-0.8194,-0.8306,-0.8423,-0.8532,-0.8614,-0.8652,-0.8637,-0.8582,-0.8534,-0.859,-0.8865,-0.9385,-1.028,-1.2008,-1.2658,-1.3015,-1.4829,-1.6076,-1.5424,-1.4966,-1.452,-1.3885,-1.3222,-1.2734,-1.2677,-1.2627,-1.1793,-1.0807,-0.9562,-0.7636,-0.5191,-0.3965,-0.4766,-0.6166,-0.7308,-0.8268,-0.8353,-0.8448,-0.8545,-0.8636,-0.8712,-0.8767,-0.8802,-0.8834,-0.8901,-0.9059,-0.9373,-0.9905,-1.0781,-1.2001,-1.2506,-1.2871,-1.4047,-1.5338,-1.5724,-1.4614,-1.3797,-1.3174,-1.2609,-1.2198,-1.2459,-1.2539,-1.1112,-1.0172,-0.9079,-0.7167,-0.4417,-0.3065,-0.4175,-0.5825,-0.709,-0.8416,-0.8493,-0.8578,-0.8666,-0.8751,-0.8831,-0.8905,-0.8978,-0.9066,-0.9196,-0.9402,-0.9724,-1.0198,-1.0839,-1.1541,-1.2077,-1.2645,-1.3513,-1.4496,-1.4742,-1.3929,-1.3139,-1.2614,-1.2121,-1.1494,-1.0695,-0.9401,-0.9381,-0.9345,-0.8741,-0.7529,-0.5686,-0.4614,-0.5159,-0.6288,-0.7281,-0.8547,-0.862,-0.87,-0.8783,-0.8869,-0.8955,-0.9045,-0.9144,-0.9265,-0.9425,-0.9646,-0.9949,-1.0346,-1.0824,-1.1332,-1.1822,-1.2339,-1.2914,-1.3396,-1.3461,-1.3026,-1.2502,-1.2259,-1.1874,-1.1019,-0.9624,-0.8129,-0.852,-0.8489,-0.8257,-0.7919,-0.7155,-0.654,-0.6603,-0.7117,-0.7716,-0.8666,-0.8736,-0.8813,-0.8896,-0.8983,-0.9075,-0.9176,-0.929,-0.9427,-0.9599,-0.9817,-1.0091,-1.0424,-1.0804,-1.1208,-1.1617,-1.2026,-1.2408,-1.2672,-1.2701,-1.2486,-1.226,-1.223,-1.183,-1.0943,-0.9829,-0.8927,-0.8294,-0.7276,-0.7507,-0.7953,-0.79,-0.7684,-0.7657,-0.7864,-0.8187,-0.8773,-0.8842,-0.8918,-0.9,-0.9089,-0.9185,-0.9292,-0.9414,-0.9557,-0.9729,-0.9935,-1.018,-1.0463,-1.0776,-1.1105,-1.1436,-1.1751,-1.2024,-1.2205,-1.2257,-1.2199,-1.2135,-1.2046,-1.1644,-1.092,-1.0065,-0.9204,-0.8143,-0.7122,-0.7403,-0.8017,-0.826,-0.8281,-0.83,-0.8407,-0.8586]}]