docs/data/wind_grid.json
[{"header":{"la1":42.85,"la2":41.18,"lo1":11.55,"lo2":14.05,"nx":36,"ny":24,"dx":0.07143,"dy":0.07261,"parameterCategory":2,"parameterNumber":2,"parameterNumberName":"eastward_wind","parameterUnit":"m.s-1"},"data":[1.2223,1.2174,1.2106,1.2017,1.1909,1.1784,1.1645,1.1493,1.1325,1.1138,1.0928,1.0691,1.0423,1.0116,0.9756,0.932,0.8775,0.8082,0.7219,0.6216,0.52,0.4381,0.3956,0.3984,0.4366,0.4939,0.5569,0.6175,0.6721,0.7202,0.762,0.7984,0.8303,0.8584,0.8834,0.9057,1.2358,1.2317,1.2251,1.2157,1.2038,1.19,1.1749,1.1588,1.1413,1.1218,1.0999,1.0751,1.0474,1.016,0.9795,0.9348,0.8763,0.7954,0.6827,0.5362,0.3742,0.241,0.1826,0.2081,0.2885,0.3878,0.4836,0.5672,0.6374,0.6957,0.7444,0.7856,0.821,0.8516,0.8786,0.9024,1.2521,1.2495,1.2433,1.2332,1.2194,1.2033,1.1863,1.1691,1.1511,1.131,1.1079,1.0818,1.0531,1.0218,0.9871,0.9457,0.8899,0.804,0.6632,0.4446,0.1651,-0.0769,-0.1575,-0.0676,0.1005,0.2697,0.4109,0.5218,0.6081,0.6761,0.7309,0.7761,0.8143,0.8471,0.8757,0.9008,1.272,1.2722,1.2673,1.2561,1.2389,1.2184,1.1981,1.1797,1.1618,1.1413,1.1165,1.0882,1.058,1.0273,0.9968,0.965,0.9253,0.8561,0.7051,0.3881,-0.1285,-0.6285,-0.7259,-0.453,-0.1123,0.1591,0.3526,0.4894,0.5886,0.6636,0.7225,0.7705,0.8107,0.8451,0.8749,0.9011,1.2966,1.3022,1.3009,1.2884,1.265,1.2359,1.2092,1.1895,1.1736,1.1531,1.1253,1.0932,1.0602,1.0291,1.0037,0.988,0.9841,0.979,0.8934,0.504,-0.4389,-1.5534,-1.5848,-0.873,-0.2772,0.0965,0.3278,0.4783,0.5827,0.6598,0.72,0.769,0.8103,0.8456,0.8764,0.9033,1.3262,1.3429,1.3509,1.339,1.3039,1.2576,1.218,1.1963,1.1868,1.1665,1.133,1.0951,1.0567,1.022,0.9989,1.0004,1.0469,1.1705,1.3284,1.0405,-0.2891,-2.1186,-2.0296,-0.9565,-0.2578,0.1271,0.3509,0.4926,0.5906,0.664,0.7225,0.7711,0.8127,0.8486,0.88,0.9075,1.3592,1.3962,1.4289,1.4261,1.3682,1.2879,1.2257,1.1983,1.1971,1.1751,1.1357,1.0923,1.0454,0.9995,0.9686,0.9772,1.0604,1.2955,1.759,1.6556,0.5123,-0.6765,-0.908,-0.4248,-0.0092,0.2515,0.4153,0.5259,0.6076,0.673,0.728,0.7756,0.8173,0.8538,0.8858,0.9138,1.3876,1.4547,1.5433,1.5801,1.4715,1.3266,1.2357,1.198,1.1888,1.1669,1.1316,1.0861,1.0265,0.9543,0.8913,0.8877,0.9797,1.1781,1.444,1.3583,1.0008,0.6559,0.2908,0.2212,0.3048,0.4052,0.49,0.561,0.6237,0.6809,0.7334,0.781,0.8234,0.8609,0.8936,0.9221,1.3963,1.4826,1.6393,1.7683,1.5595,1.3412,1.2323,1.1873,1.1704,1.1556,1.1297,1.084,1.0077,0.8845,0.7233,0.6733,0.8193,0.9971,1.1217,1.1702,1.334,1.2287,0.8196,0.5941,0.5198,0.5125,0.5351,0.5754,0.6263,0.6813,0.7355,0.7858,0.8307,0.8699,0.9037,0.9327,1.3754,1.4363,1.5352,1.5958,1.431,1.2878,1.1949,1.1556,1.1566,1.16,1.1399,1.095,1.0088,0.8301,0.4147,0.195,0.6375,0.8983,1.0171,1.105,1.2353,1.1712,0.9178,0.7161,0.59,0.525,0.5142,0.5464,0.6035,0.669,0.7327,0.7901,0.8396,0.8815,0.9166,0.946,1.3378,1.3545,1.3428,1.2556,1.2452,1.2082,1.1206,1.0892,1.156,1.1913,1.1577,1.1209,1.0441,0.9006,0.496,0.1915,0.6783,0.9038,0.9899,1.0344,1.0554,1.003,0.8616,0.6817,0.5096,0.3995,0.3875,0.4522,0.5477,0.6432,0.7267,0.7957,0.8517,0.8967,0.9331,0.9625,1.3046,1.2998,1.2737,1.2306,1.2151,1.1393,1.0017,0.9131,1.0461,1.1543,1.1724,1.1624,1.0876,0.9589,0.9307,0.8376,0.8897,0.9678,1.0033,1.0174,1.0028,0.9337,0.784,0.5376,0.2366,0.0503,0.0994,0.2791,0.4639,0.6123,0.724,0.8073,0.8699,0.9175,0.9541,0.9827,1.2832,1.273,1.2529,1.2254,1.1829,1.0854,0.915,0.7066,0.8851,1.1131,1.2158,1.2176,1.1844,1.0007,1.0528,0.967,0.9518,1.0046,1.0156,1.0314,1.0113,0.9241,0.7218,0.3163,-0.3036,-0.6624,-0.3829,0.0586,0.3846,0.597,0.7364,0.8313,0.8978,0.9456,0.9806,1.007,1.2726,1.2614,1.2434,1.2162,1.1717,1.094,0.978,0.8771,0.9637,1.1983,1.3171,1.2386,1.239,1.7493,1.1578,0.7753,0.8554,0.9937,1.0373,1.0686,1.0531,0.9623,0.7274,0.179,-0.8451,-1.452,-0.788,-0.0569,0.3776,0.6262,0.7768,0.8734,0.938,0.9822,1.0132,1.0354,1.2703,1.2606,1.246,1.2249,1.1945,1.1528,1.1082,1.1007,1.2037,1.3979,1.5413,1.5379,1.5688,1.7828,1.1987,0.7154,0.8332,1.0021,1.108,1.1414,1.1199,1.0468,0.8436,0.365,-0.4758,-0.981,-0.4886,0.1186,0.4963,0.716,0.8499,0.9354,0.991,1.0272,1.051,1.0672,1.2743,1.2677,1.2587,1.2473,1.2344,1.2241,1.2287,1.2743,1.396,1.6198,1.9398,1.8652,1.7378,1.5983,1.3442,1.0695,0.9726,1.1376,1.2516,1.2369,1.1447,1.1222,1.0067,0.7202,0.3241,0.0945,0.2307,0.4957,0.707,0.8506,0.9472,1.012,1.0534,1.0781,1.0923,1.1009,1.2824,1.2797,1.2768,1.2746,1.2759,1.2857,1.314,1.3759,1.4901,1.677,1.9085,1.8378,1.8177,1.8138,1.5671,1.4126,1.3574,1.4558,1.5453,1.4027,1.1668,1.1695,1.1411,1.0016,0.8415,0.7594,0.7804,0.8488,0.9241,0.9924,1.0493,1.0922,1.1186,1.1302,1.1334,1.1338,1.2927,1.2938,1.2961,1.3011,1.3115,1.3315,1.3672,1.4257,1.5122,1.6207,1.7118,1.747,1.8342,1.8688,1.8633,1.8688,1.7213,1.8191,2.0348,1.7084,1.4502,1.3462,1.2869,1.2019,1.1254,1.0985,1.0956,1.0879,1.0925,1.1108,1.1365,1.1615,1.1754,1.1752,1.169,1.1629,1.3036,1.3078,1.3141,1.3238,1.3392,1.3629,1.3981,1.4475,1.5104,1.5798,1.6426,1.6987,1.7736,1.9182,2.4313,2.6629,2.0213,1.9029,1.9885,1.8811,1.6953,1.5489,1.4543,1.363,1.2766,1.2258,1.2164,1.214,1.205,1.1974,1.1968,1.2034,1.2081,1.2031,1.194,1.1857,1.3142,1.3207,1.3296,1.3421,1.3595,1.3836,1.4158,1.4568,1.5053,1.5579,1.6118,1.6725,1.7624,1.9515,2.3614,2.4889,2.0593,1.9053,2.0101,2.0754,1.857,1.7351,1.6516,1.5298,1.3844,1.2614,1.2386,1.2909,1.2865,1.2623,1.2364,1.2175,1.2129,1.2126,1.2087,1.2028,1.3237,1.3319,1.3424,1.3561,1.374,1.397,1.4259,1.4605,1.5003,1.5441,1.5923,1.6501,1.7309,1.8555,2.0067,2.0403,1.9319,1.8799,1.9395,1.9723,1.9416,1.995,1.9801,1.7782,1.5403,1.4125,1.4221,1.4031,1.3572,1.3185,1.2779,1.2411,1.2245,1.223,1.2217,1.2177,1.332,1.3411,1.3524,1.3666,1.3841,1.4056,1.4313,1.4612,1.4951,1.5327,1.5748,1.6242,1.6851,1.7576,1.823,1.8463,1.8323,1.8332,1.8737,1.9468,2.133,2.5225,2.6276,2.1615,1.7193,1.5085,1.4819,1.4517,1.398,1.3652,1.3249,1.2836,1.2572,1.2456,1.2393,1.2335,1.339,1.3486,1.3602,1.3741,1.3909,1.4107,1.4337,1.4599,1.4892,1.5216,1.5574,1.5976,1.6424,1.6887,1.7282,1.7529,1.7686,1.7954,1.8553,1.9887,2.3155,2.937,3.1222,2.4406,1.8605,1.58,1.4837,1.4364,1.4046,1.3937,1.3608,1.3215,1.2911,1.2719,1.2595,1.2502,1.3446,1.3544,1.3659,1.3794,1.3952,1.4133,1.4339,1.4571,1.4826,1.5105,1.5407,1.5733,1.6075,1.6414,1.6719,1.6981,1.7249,1.7645,1.836,1.976,2.2447,2.6159,2.695,2.3012,1.8823,1.6298,1.5035,1.4343,1.405,1.3996,1.3767,1.3447,1.3159,1.2942,1.2784,1.2662]},{"header":{"la1":42.85,"la2":41.18,"lo1":11.55,"lo2":14.05,"nx":36,"ny":24,"dx":0.07143,"dy":0.07261,"parameterCategory":2,"parameterNumber":3,"parameterNumberName":"northward_wind","parameterUnit":"m.s-1"},"data":[-0.3796,-0.3689,-0.3607,-0.3553,-0.3529,-0.3543,-0.3609,-0.3747,-0.3972,-0.4287,-0.4672,-0.51,-0.5546,-0.5997,-0.6456,-0.6935,-0.7454,-0.8035,-0.8693,-0.9412,-1.0123,-1.0713,-1.108,-1.1198,-1.112,-1.0934,-1.0709,-1.0487,-1.0285,-1.0106,-0.995,-0.9811,-0.9688,-0.9577,-0.9476,-0.9383,-0.3446,-0.3297,-0.3178,-0.3088,-0.3024,-0.299,-0.3005,-0.3112,-0.3352,-0.3734,-0.4219,-0.475,-0.5279,-0.5791,-0.6292,-0.6806,-0.7371,-0.8036,-0.8854,-0.9839,-1.0889,-1.1763,-1.2222,-1.2226,-1.1935,-1.1538,-1.1149,-1.0812,-1.0532,-1.0301,-1.0108,-0.9943,-0.9798,-0.967,-0.9555,-0.945,-0.3045,-0.2842,-0.2678,-0.2548,-0.2434,-0.2322,-0.2231,-0.225,-0.249,-0.2985,-0.3645,-0.4339,-0.4983,-0.5559,-0.609,-0.6615,-0.7189,-0.7902,-0.8891,-1.0287,-1.1989,-1.3454,-1.4033,-1.3703,-1.2962,-1.2212,-1.1596,-1.1123,-1.0762,-1.048,-1.0253,-1.0063,-0.99,-0.9756,-0.9627,-0.951,-0.258,-0.23,-0.2078,-0.1913,-0.1757,-0.1531,-0.1223,-0.1005,-0.1192,-0.191,-0.2911,-0.3879,-0.4677,-0.5314,-0.585,-0.6346,-0.6858,-0.7499,-0.8558,-1.0516,-1.3534,-1.6386,-1.7039,-1.575,-1.4125,-1.2859,-1.1983,-1.1381,-1.0953,-1.0633,-1.0381,-1.0171,-0.9991,-0.9832,-0.969,-0.9561,-0.2031,-0.1625,-0.1317,-0.1139,-0.0997,-0.0659,0.0066,0.0917,0.096,-0.0292,-0.2016,-0.343,-0.4404,-0.5069,-0.5571,-0.5994,-0.6349,-0.6658,-0.734,-0.9732,-1.5161,-2.1294,-2.1544,-1.7974,-1.5055,-1.328,-1.2218,-1.1547,-1.1091,-1.0754,-1.0488,-1.0264,-1.007,-0.9897,-0.9742,-0.9602,-0.1387,-0.0747,-0.0256,-0.0086,-0.014,0.0137,0.1467,0.3845,0.467,0.1987,-0.1163,-0.3148,-0.4228,-0.4832,-0.5236,-0.5566,-0.5735,-0.539,-0.4593,-0.6436,-1.4303,-2.4294,-2.3873,-1.8488,-1.5077,-1.3258,-1.2237,-1.1607,-1.1175,-1.0847,-1.0578,-1.0344,-1.0137,-0.995,-0.9782,-0.9631,-0.0681,0.0395,0.137,0.1629,0.0982,0.059,0.207,0.6378,0.8672,0.353,-0.108,-0.3276,-0.42,-0.4563,-0.4759,-0.5015,-0.5207,-0.4503,-0.1832,-0.258,-1.0128,-1.6958,-1.8298,-1.5976,-1.4006,-1.2808,-1.208,-1.1595,-1.1231,-1.0929,-1.066,-1.0417,-1.0194,-0.9991,-0.9808,-0.9645,-0.0082,0.1658,0.381,0.4765,0.276,0.0611,0.0745,0.3496,0.4872,0.0882,-0.249,-0.3906,-0.4287,-0.4148,-0.3879,-0.4032,-0.4688,-0.4913,-0.4036,-0.5221,-0.8801,-1.1048,-1.2737,-1.3047,-1.2683,-1.226,-1.1907,-1.16,-1.131,-1.1026,-1.0749,-1.0486,-1.024,-1.0017,-0.9817,-0.964,0.0065,0.2248,0.5902,0.8782,0.4359,0.0075,-0.1559,-0.1854,-0.2505,-0.3957,-0.4743,-0.4786,-0.4402,-0.3466,-0.1967,-0.1646,-0.3546,-0.5371,-0.6431,-0.7808,-0.9043,-0.9379,-1.0636,-1.1534,-1.19,-1.1984,-1.1914,-1.1731,-1.1471,-1.1168,-1.0855,-1.0553,-1.0273,-1.0022,-0.9802,-0.9611,-0.0483,0.1168,0.3585,0.5019,0.1495,-0.1534,-0.3667,-0.5522,-0.7826,-0.8712,-0.7018,-0.5553,-0.4557,-0.2898,0.17,0.4232,-0.1805,-0.5583,-0.7371,-0.848,-0.9108,-0.9469,-1.0342,-1.1224,-1.186,-1.2214,-1.2278,-1.2098,-1.1768,-1.1376,-1.098,-1.0612,-1.0283,-0.9998,-0.9755,-0.9551,-0.1457,-0.0739,-0.064,-0.2208,-0.2429,-0.3256,-0.5255,-0.7476,-1.2066,-1.4458,-0.8596,-0.5766,-0.4743,-0.3753,0.058,0.4163,-0.2918,-0.6788,-0.8422,-0.9118,-0.9554,-1.0042,-1.0793,-1.1718,-1.2604,-1.3158,-1.3188,-1.2799,-1.2229,-1.1642,-1.1107,-1.0643,-1.0252,-0.9928,-0.9663,-0.9449,-0.2417,-0.2143,-0.228,-0.2812,-0.3094,-0.4379,-0.6387,-0.8055,-0.9552,-1.118,-0.7307,-0.4906,-0.4476,-0.4576,-0.5462,-0.4959,-0.6915,-0.9457,-1.0391,-1.0203,-1.0319,-1.079,-1.1611,-1.2851,-1.4327,-1.5213,-1.4894,-1.3882,-1.2815,-1.1913,-1.1188,-1.061,-1.0151,-0.9789,-0.9509,-0.9294,-0.3214,-0.3092,-0.3145,-0.3388,-0.3959,-0.5085,-0.6584,-1.1275,-0.5242,-0.6385,-0.4949,-0.232,-0.2651,-0.5966,-0.8201,-0.8298,-0.9622,-1.2629,-1.284,-1.1243,-1.1147,-1.1631,-1.2577,-1.441,-1.7286,-1.8958,-1.7496,-1.5163,-1.3346,-1.2068,-1.1147,-1.046,-0.9941,-0.9554,-0.9272,-0.9071,-0.3872,-0.3839,-0.3928,-0.4183,-0.4648,-0.5217,-0.5371,-0.3435,-0.3845,-0.5179,-0.3993,0.1028,0.2473,-0.1884,-0.7427,-1.1518,-1.1318,-1.1762,-1.209,-1.1713,-1.2108,-1.2658,-1.3452,-1.5563,-2.0046,-2.2846,-1.96,-1.5863,-1.347,-1.1946,-1.0897,-1.0135,-0.958,-0.9188,-0.8928,-0.8764,-0.4414,-0.4437,-0.4549,-0.4765,-0.506,-0.532,-0.5324,-0.5054,-0.5224,-0.5562,-0.5219,-0.3822,-0.3182,-0.3006,-0.7924,-1.2361,-1.2402,-1.1408,-1.1545,-1.2518,-1.4039,-1.4413,-1.4201,-1.5327,-1.8547,-2.0678,-1.824,-1.509,-1.2917,-1.1447,-1.0381,-0.9585,-0.9016,-0.8651,-0.845,-0.8362,-0.486,-0.491,-0.5021,-0.519,-0.5388,-0.5558,-0.5653,-0.5734,-0.5963,-0.6427,-0.7353,-0.6291,-0.5909,-0.5939,-0.8041,-1.0518,-1.171,-1.1239,-1.172,-1.4031,-1.8407,-1.7537,-1.4927,-1.4416,-1.5289,-1.5888,-1.4947,-1.3332,-1.1859,-1.0631,-0.9598,-0.8765,-0.8189,-0.7892,-0.7814,-0.7858,-0.5228,-0.5291,-0.5395,-0.5533,-0.569,-0.5842,-0.5985,-0.6152,-0.6405,-0.6826,-0.7425,-0.7069,-0.8069,-0.8887,-0.8744,-0.9785,-1.0521,-1.0851,-1.1464,-1.3946,-1.9067,-1.7913,-1.4753,-1.3514,-1.3247,-1.308,-1.2566,-1.1732,-1.0733,-0.9667,-0.8589,-0.7628,-0.7016,-0.6859,-0.701,-0.7268,-0.5536,-0.5606,-0.5704,-0.5828,-0.5967,-0.6116,-0.6276,-0.646,-0.6688,-0.6964,-0.7243,-0.7632,-0.8823,-0.9373,-0.9703,-1.0386,-1.0558,-1.0573,-1.0181,-1.2197,-1.4378,-1.4596,-1.347,-1.2563,-1.209,-1.1874,-1.1548,-1.0795,-0.9809,-0.8707,-0.7433,-0.6146,-0.5429,-0.5556,-0.61,-0.6659,-0.58,-0.5873,-0.5969,-0.6085,-0.6218,-0.6366,-0.653,-0.6716,-0.6931,-0.7181,-0.7488,-0.7944,-0.8628,-0.9529,-1.1491,-1.2305,-1.1095,-1.0984,-1.1159,-1.2883,-1.3076,-1.287,-1.2321,-1.171,-1.1439,-1.1993,-1.2073,-1.0418,-0.8997,-0.7814,-0.6342,-0.4577,-0.3701,-0.4285,-0.5312,-0.6163,-0.6028,-0.6104,-0.62,-0.6313,-0.6443,-0.6589,-0.6754,-0.6941,-0.7157,-0.7414,-0.7738,-0.8179,-0.8804,-0.9781,-1.1334,-1.1887,-1.1281,-1.1842,-1.428,-1.5471,-1.3273,-1.2256,-1.1617,-1.1006,-1.0696,-1.1717,-1.1989,-0.912,-0.7809,-0.6956,-0.5725,-0.3949,-0.3052,-0.3822,-0.5,-0.5932,-0.6229,-0.6307,-0.6402,-0.6514,-0.6642,-0.6788,-0.6952,-0.714,-0.7357,-0.7617,-0.7938,-0.835,-0.8893,-0.9603,-1.0376,-1.0816,-1.1063,-1.1824,-1.3289,-1.3807,-1.2683,-1.1841,-1.1272,-1.0492,-0.9419,-0.7937,-0.524,-0.5436,-0.6087,-0.5998,-0.5536,-0.4618,-0.4032,-0.4436,-0.5251,-0.5994,-0.6406,-0.6486,-0.6581,-0.6692,-0.6819,-0.6962,-0.7125,-0.7311,-0.7526,-0.7778,-0.8081,-0.8449,-0.8893,-0.9401,-0.9906,-1.0328,-1.0738,-1.1301,-1.1926,-1.214,-1.1872,-1.1743,-1.1584,-1.051,-0.864,-0.5737,-0.2442,-0.3631,-0.4495,-0.4722,-0.5138,-0.5189,-0.5091,-0.5282,-0.5728,-0.6222,-0.6563,-0.6644,-0.6739,-0.6849,-0.6973,-0.7115,-0.7274,-0.7455,-0.7663,-0.7902,-0.8179,-0.85,-0.8865,-0.9259,-0.9653,-1.0028,-1.0404,-1.0798,-1.1147,-1.1341,-1.1485,-1.1961,-1.2144,-1.0769,-0.8686,-0.6371,-0.4591,-0.3891,-0.2596,-0.3151,-0.4501,-0.5265,-0.5591,-0.5835,-0.6139,-0.6477,-0.6702,-0.6784,-0.6878,-0.6986,-0.7108,-0.7246,-0.74,-0.7574,-0.7771,-0.7992,-0.8243,-0.8523,-0.8829,-0.9151,-0.9477,-0.9796,-1.0107,-1.0403,-1.0657,-1.086,-1.1092,-1.1437,-1.1404,-1.037,-0.877,-0.7084,-0.5573,-0.3956,-0.2365,-0.293,-0.4356,-0.5316,-0.5836,-0.616,-0.6433,-0.6697]}]