docs/data/wind_grid.json
[{"header":{"la1":42.22,"la2":41.45,"lo1":11.9,"lo2":12.97,"nx":16,"ny":12,"dx":0.07133,"dy":0.07,"parameterCategory":2,"parameterNumber":2,"parameterNumberName":"eastward_wind","parameterUnit":"m.s-1"},"data":[2.932,2.9956,3.0934,3.206,3.2435,3.167,3.0875,3.0661,3.0864,3.1283,3.1944,3.2893,3.3906,3.4577,3.47,3.4402,2.8998,2.9675,3.1083,3.3522,3.4646,3.2499,3.0874,3.0665,3.107,3.1511,3.228,3.3786,3.5574,3.657,3.6388,3.5575,2.8433,2.8804,2.9902,3.3153,3.5197,3.208,3.0398,3.0686,3.1857,3.1987,3.2522,3.5043,3.8584,4.0014,3.8749,3.6881,2.7759,2.7567,2.7193,2.8372,3.0455,2.9842,2.9628,3.0421,3.3663,3.2446,3.2361,3.6357,4.3442,4.5103,4.1164,3.7824,2.7212,2.6807,2.6033,2.6241,2.7505,2.795,2.9547,3.0463,2.8742,2.9748,3.1581,3.5984,4.4426,4.6355,4.1235,3.7606,2.6825,2.6524,2.6214,2.607,2.5693,2.5565,2.7445,2.8387,2.6055,2.7448,3.1368,3.4835,3.7638,3.9752,3.8131,3.6108,2.6476,2.6145,2.5702,2.4898,2.3313,2.1428,2.1557,2.3297,2.4437,2.6635,3.1857,3.5893,3.4826,3.5081,3.4866,3.4216,2.6145,2.5698,2.5012,2.3805,2.1585,1.7876,1.9043,2.0562,2.2615,2.5464,2.9665,3.2712,3.2813,3.2628,3.2648,3.2644,2.5893,2.5382,2.4633,2.349,2.1824,2.0117,2.0285,1.9868,1.8704,2.3531,2.7543,3.0102,3.1059,3.1187,3.1376,3.1611,2.5758,2.526,2.4595,2.3726,2.2727,2.1934,2.1618,2.0971,2.0904,2.3668,2.6775,2.9159,3.0608,3.0984,3.097,3.1067,2.5734,2.5297,2.4763,2.4149,2.3533,2.306,2.2795,2.2694,2.3178,2.4724,2.6784,2.872,3.0142,3.0706,3.0721,3.0718,2.5793,2.5432,2.5025,2.4598,2.4207,2.3929,2.3822,2.3959,2.4503,2.5559,2.6948,2.8352,2.9463,3.007,3.0278,3.0353]},{"header":{"la1":42.22,"la2":41.45,"lo1":11.9,"lo2":12.97,"nx":16,"ny":12,"dx":0.07133,"dy":0.07,"parameterCategory":2,"parameterNumber":3,"parameterNumberName":"northward_wind","parameterUnit":"m.s-1"},"data":[2.587,2.6354,2.7083,2.7911,2.8072,2.7087,2.5834,2.4947,2.4375,2.3901,2.3359,2.2714,2.2084,2.1659,2.1527,2.1612,2.5809,2.6342,2.7404,2.9271,3.0126,2.8008,2.591,2.4849,2.4345,2.3914,2.3244,2.2269,2.1236,2.0651,2.0677,2.102,2.5568,2.5896,2.6722,2.9104,3.0632,2.7757,2.5496,2.4619,2.4417,2.4093,2.3202,2.1636,1.9701,1.8902,1.9491,2.0363,2.5236,2.518,2.4973,2.5772,2.7044,2.599,2.4772,2.433,2.4723,2.4324,2.321,2.1001,1.7196,1.6277,1.8278,1.9887,2.4982,2.4763,2.4229,2.4383,2.5215,2.4896,2.4267,2.401,2.3641,2.3769,2.3339,2.1582,1.6792,1.5644,1.8271,1.9979,2.4853,2.4727,2.4553,2.4637,2.4798,2.4619,2.4248,2.3855,2.298,2.3501,2.3995,2.4249,2.1514,1.942,1.9877,2.0646,2.478,2.4736,2.4701,2.472,2.4754,2.4779,2.4694,2.4212,2.3384,2.373,2.4647,2.6079,2.3963,2.1928,2.131,2.134,2.4714,2.47,2.4692,2.471,2.4789,2.5027,2.4959,2.4737,2.4292,2.4084,2.4259,2.4473,2.3403,2.2155,2.1673,2.1634,2.4649,2.4643,2.4644,2.4664,2.4728,2.4825,2.4778,2.4763,2.4874,2.4302,2.389,2.3312,2.2039,2.1009,2.1174,2.1542,2.4584,2.4581,2.4581,2.4591,2.4616,2.4633,2.4613,2.4632,2.4605,2.4213,2.3641,2.2711,2.112,2.0121,2.0725,2.1414,2.4521,2.4516,2.4511,2.4509,2.4508,2.4496,2.4466,2.442,2.4298,2.3993,2.3464,2.2612,2.1454,2.0768,2.1043,2.1548,2.4461,2.4452,2.4441,2.4428,2.4409,2.4379,2.4329,2.4245,2.4093,2.3822,2.339,2.2777,2.2087,2.165,2.165,2.187]}]