docs/data/wind_grid.json
[{"header":{"la1":42.85,"la2":41.18,"lo1":11.55,"lo2":14.05,"nx":36,"ny":24,"dx":0.07143,"dy":0.07261,"parameterCategory":2,"parameterNumber":2,"parameterNumberName":"eastward_wind","parameterUnit":"m.s-1"},"data":[0.3517,0.3854,0.4227,0.4629,0.5049,0.5468,0.5861,0.621,0.6519,0.6826,0.7206,0.7744,0.8493,0.9423,1.0372,1.1048,1.1173,1.0683,0.9753,0.8645,0.7553,0.6574,0.5733,0.5023,0.4427,0.3924,0.3496,0.313,0.2815,0.254,0.2299,0.2087,0.1898,0.1731,0.158,0.1445,0.3547,0.3929,0.4363,0.4848,0.537,0.5902,0.6395,0.6801,0.7101,0.7352,0.7688,0.8282,0.9279,1.0707,1.2336,1.3591,1.3826,1.2922,1.1354,0.9669,0.8162,0.6914,0.5909,0.51,0.4444,0.3904,0.3454,0.3075,0.2751,0.2471,0.2228,0.2014,0.1826,0.1659,0.151,0.1376,0.3546,0.3974,0.4479,0.5068,0.5736,0.645,0.7127,0.7647,0.7923,0.8016,0.8171,0.8716,0.9956,1.2079,1.488,1.7272,1.7672,1.5867,1.3161,1.0639,0.8636,0.7119,0.5971,0.5088,0.4391,0.3831,0.3371,0.2986,0.266,0.2381,0.2138,0.1927,0.1741,0.1576,0.1429,0.1298,0.3498,0.3968,0.4545,0.5257,0.6123,0.7128,0.816,0.8956,0.922,0.897,0.8678,0.8943,1.0271,1.3112,1.7562,2.1929,2.2532,1.9028,1.4674,1.1228,0.8799,0.71,0.5878,0.4966,0.4262,0.3701,0.3244,0.2865,0.2544,0.2269,0.2032,0.1825,0.1643,0.1482,0.1339,0.1212,0.3389,0.3885,0.4521,0.5351,0.6451,0.788,0.9572,1.1057,1.1436,1.0468,0.9242,0.8871,0.9931,1.297,1.8488,2.4666,2.544,2.0334,1.4855,1.1002,0.8484,0.6797,0.561,0.4732,0.4056,0.3518,0.3079,0.2713,0.2404,0.2139,0.191,0.171,0.1535,0.1379,0.1241,0.1118,0.3207,0.3703,0.4358,0.5258,0.6547,0.8441,1.1137,1.4136,1.5069,1.2616,0.9734,0.8422,0.886,1.1172,1.5615,2.0691,2.1494,1.7463,1.3,0.9806,0.7685,0.6235,0.5193,0.4406,0.379,0.3292,0.2882,0.2538,0.2246,0.1995,0.1776,0.1586,0.1417,0.1268,0.1136,0.1018,0.2948,0.3407,0.4023,0.489,0.619,0.827,1.1707,1.6546,1.8552,1.3995,0.9454,0.7472,0.7323,0.8538,1.088,1.3378,1.4,1.2334,1.0021,0.8077,0.6624,0.5536,0.4697,0.403,0.3487,0.3039,0.2664,0.2347,0.2075,0.184,0.1634,0.1453,0.1293,0.1151,0.1025,0.0913,0.2619,0.3008,0.3521,0.4233,0.5289,0.6966,0.9736,1.3654,1.5147,1.1235,0.76,0.6003,0.5703,0.6201,0.7195,0.8233,0.8674,0.8289,0.7435,0.6495,0.5626,0.4864,0.4209,0.3651,0.3179,0.2779,0.244,0.2149,0.1899,0.168,0.1488,0.1317,0.1165,0.103,0.0909,0.0802,0.224,0.2536,0.2908,0.3392,0.4049,0.4974,0.6233,0.7507,0.7589,0.6245,0.5015,0.4414,0.4334,0.4602,0.5064,0.5582,0.5973,0.6091,0.5908,0.5489,0.4938,0.4354,0.3803,0.3313,0.2889,0.2528,0.222,0.1955,0.1725,0.1523,0.1342,0.118,0.1035,0.0905,0.079,0.0688,0.1838,0.2037,0.2266,0.2525,0.2816,0.3127,0.3421,0.3555,0.3311,0.3069,0.3119,0.3223,0.3462,0.3783,0.4085,0.4437,0.4918,0.5379,0.5519,0.5226,0.4674,0.4068,0.3512,0.3035,0.2634,0.2298,0.2015,0.1774,0.1563,0.1375,0.1204,0.1048,0.0906,0.078,0.0668,0.057,0.1437,0.1552,0.1664,0.1757,0.1807,0.1786,0.171,0.1735,0.199,0.2084,0.2191,0.2563,0.3199,0.3817,0.3975,0.4113,0.4891,0.6064,0.6478,0.5816,0.483,0.398,0.3324,0.2817,0.2417,0.2098,0.1837,0.1617,0.1423,0.1245,0.1078,0.0922,0.078,0.0653,0.0542,0.0447,0.1054,0.1105,0.1138,0.1135,0.107,0.0916,0.0674,0.0538,0.1132,0.1628,0.1637,0.2207,0.3408,0.5017,0.4624,0.4058,0.5575,0.9002,0.9663,0.7262,0.5212,0.3974,0.3196,0.265,0.2243,0.1937,0.1699,0.15,0.1319,0.1144,0.0972,0.0807,0.0656,0.0523,0.0411,0.0318,0.0696,0.0702,0.0688,0.0641,0.0551,0.0406,0.0203,0.0007,0.0184,0.0554,0.0975,0.2037,0.3026,0.5415,0.4767,0.3446,0.5926,1.4348,1.4522,0.8355,0.5283,0.3917,0.3121,0.2542,0.212,0.1828,0.1619,0.1446,0.1272,0.1086,0.0892,0.0703,0.0531,0.0385,0.0269,0.0179,0.0364,0.0338,0.0293,0.0228,0.0144,0.0052,-0.0018,-0.0039,-0.0136,-0.0407,-0.0108,0.2237,0.2993,0.1142,0.1645,0.1576,0.3115,0.9182,1.0413,0.6592,0.4795,0.4012,0.3243,0.2539,0.2061,0.1795,0.1639,0.1496,0.1315,0.109,0.0842,0.0601,0.0392,0.0227,0.0107,0.0024,0.0054,0.0001,-0.0069,-0.0154,-0.0252,-0.0352,-0.0453,-0.0621,-0.1113,-0.2065,-0.2739,-0.2057,-0.1351,-0.2896,-0.0827,-0.0501,-0.0675,0.1634,0.3434,0.4098,0.5373,0.5295,0.3847,0.2645,0.2062,0.1886,0.1836,0.1726,0.1496,0.1174,0.0816,0.0482,0.0214,0.0027,-0.0089,-0.0153,-0.0237,-0.0316,-0.0413,-0.0529,-0.0669,-0.0843,-0.1091,-0.1531,-0.2414,-0.4093,-0.6592,-0.6395,-0.5064,-0.3593,-0.2872,-0.1977,-0.1355,-0.1315,-0.0332,0.3455,0.9879,0.8765,0.4659,0.2622,0.2096,0.2227,0.2388,0.2273,0.1884,0.1348,0.0787,0.0298,-0.0052,-0.025,-0.0336,-0.036,-0.051,-0.0614,-0.0739,-0.0893,-0.1084,-0.1338,-0.1706,-0.2288,-0.3245,-0.4764,-0.6546,-0.6386,-0.7808,-0.8668,-0.6021,-0.511,-0.4643,-0.528,-0.5188,0.033,1.0141,0.8593,0.3767,0.2018,0.2247,0.3165,0.3661,0.3349,0.2546,0.1598,0.069,-0.0038,-0.0477,-0.0642,-0.0646,-0.0594,-0.0765,-0.0891,-0.1043,-0.123,-0.1464,-0.1771,-0.2189,-0.2777,-0.3584,-0.4581,-0.5516,-0.642,-0.8694,-0.9605,-0.9924,-1.0574,-0.8889,-0.9844,-1.1991,-0.7041,-0.0706,0.1256,0.0538,0.087,0.2871,0.5393,0.6249,0.5124,0.3449,0.1858,0.0447,-0.0614,-0.1117,-0.1151,-0.0995,-0.0831,-0.1,-0.1145,-0.1319,-0.153,-0.1791,-0.2121,-0.2545,-0.3087,-0.3757,-0.4525,-0.5359,-0.6398,-0.7891,-1.0228,-1.688,-1.9573,-1.2548,-1.1259,-1.2403,-1.214,-0.8271,-0.495,-0.3054,-0.0528,0.3866,0.9032,1.0106,0.7068,0.427,0.2049,0.0104,-0.133,-0.1832,-0.164,-0.1292,-0.102,-0.1213,-0.1373,-0.1562,-0.1789,-0.2063,-0.2398,-0.2808,-0.3306,-0.3896,-0.4578,-0.538,-0.6415,-0.7953,-1.0804,-1.6117,-1.7719,-1.3148,-1.2227,-1.6035,-1.796,-1.2512,-0.924,-0.6857,-0.2921,0.3151,0.9576,1.0792,0.7205,0.4505,0.2168,-0.0007,-0.161,-0.2095,-0.1809,-0.1403,-0.1108,-0.1403,-0.1574,-0.1773,-0.2008,-0.2285,-0.2616,-0.3008,-0.347,-0.401,-0.4641,-0.54,-0.6372,-0.7724,-0.9679,-1.1911,-1.2624,-1.177,-1.2091,-1.4365,-1.5275,-1.3893,-1.4046,-1.3016,-0.7721,-0.0267,0.5289,0.6799,0.6143,0.4334,0.2237,0.0289,-0.1114,-0.1642,-0.1548,-0.1297,-0.1091,-0.1571,-0.1748,-0.1952,-0.2189,-0.2465,-0.2786,-0.3158,-0.359,-0.409,-0.4671,-0.5362,-0.6206,-0.7255,-0.8487,-0.9634,-1.0269,-1.0551,-1.1232,-1.2498,-1.39,-1.6805,-2.295,-2.4353,-1.5399,-0.4499,0.3332,0.6891,0.5996,0.3926,0.2073,0.0561,-0.0501,-0.1029,-0.1155,-0.1107,-0.1025,-0.1718,-0.1898,-0.2103,-0.2338,-0.2608,-0.2916,-0.3269,-0.3672,-0.4132,-0.466,-0.527,-0.5978,-0.6784,-0.7642,-0.8437,-0.9079,-0.9681,-1.0525,-1.187,-1.4297,-1.9764,-2.9391,-3.2054,-2.0863,-0.8445,-0.0087,0.3773,0.3916,0.2707,0.1469,0.0461,-0.0266,-0.0704,-0.0908,-0.0975,-0.0981,-0.1844,-0.2024,-0.2228,-0.2458,-0.2718,-0.3013,-0.3345,-0.3719,-0.414,-0.4614,-0.5147,-0.5741,-0.6387,-0.7055,-0.7708,-0.8342,-0.9037,-0.997,-1.1423,-1.3979,-1.8584,-2.4553,-2.5678,-1.8799,-1.0054,-0.3554,-0.0021,0.112,0.1022,0.0539,0.0027,-0.0394,-0.0688,-0.0865,-0.0955,-0.0993]},{"header":{"la1":42.85,"la2":41.18,"lo1":11.55,"lo2":14.05,"nx":36,"ny":24,"dx":0.07143,"dy":0.07261,"parameterCategory":2,"parameterNumber":3,"parameterNumberName":"northward_wind","parameterUnit":"m.s-1"},"data":[3.1248,3.1161,3.105,3.0908,3.0732,3.0515,3.0246,2.9912,2.9487,2.8941,2.8242,2.7366,2.6316,2.5156,2.4042,2.321,2.2861,2.3017,2.3515,2.4143,2.4752,2.5276,2.5699,2.6032,2.6291,2.6492,2.6649,2.6774,2.6874,2.6957,2.7026,2.7085,2.7137,2.7184,2.7228,2.7269,3.1431,3.1355,3.1251,3.1115,3.0943,3.0729,3.0464,3.0131,2.9698,2.9115,2.8319,2.7249,2.5863,2.42,2.2483,2.1179,2.076,2.1257,2.2252,2.3314,2.4224,2.4933,2.5465,2.586,2.6153,2.6374,2.6543,2.6674,2.6778,2.6863,2.6934,2.6995,2.7049,2.7098,2.7144,2.7187,3.1632,3.1567,3.1473,3.1344,3.1175,3.0963,3.0705,3.0388,2.9975,2.9391,2.8531,2.7276,2.5501,2.3138,2.0409,1.8204,1.7706,1.8946,2.0827,2.2514,2.3779,2.4671,2.5293,2.5731,2.6045,2.6274,2.6446,2.6579,2.6684,2.6769,2.684,2.6902,2.6957,2.7008,2.7055,2.7101,3.1849,3.18,3.1719,3.1596,3.1425,3.1204,3.094,3.0644,3.0288,2.9765,2.891,2.7543,2.5443,2.2326,1.8185,1.4427,1.3859,1.6476,1.962,2.1983,2.3542,2.4548,2.5208,2.5655,2.5967,2.6191,2.6359,2.6487,2.6589,2.6672,2.6742,2.6804,2.686,2.6912,2.6962,2.701,3.2083,3.2056,3.1991,3.1877,3.1696,3.1441,3.1125,3.0809,3.0539,3.0176,2.9437,2.81,2.5924,2.2481,1.7398,1.2209,1.1571,1.5437,1.9401,2.2028,2.362,2.4595,2.5215,2.5627,2.5913,2.6119,2.6274,2.6393,2.6489,2.6569,2.6638,2.6699,2.6756,2.681,2.6862,2.6914,3.2335,3.2336,3.2299,3.2202,3.2014,3.1698,3.1235,3.0739,3.052,3.0486,3.0023,2.8874,2.6955,2.3998,1.973,1.5365,1.4611,1.7541,2.0652,2.2734,2.4001,2.4782,2.5286,2.5627,2.5868,2.6047,2.6183,2.6292,2.6381,2.6457,2.6524,2.6585,2.6643,2.6699,2.6754,2.681,3.2603,3.2644,3.2649,3.2594,3.243,3.2082,3.144,3.0545,3.0196,3.0692,3.063,2.9727,2.8201,2.6104,2.3489,2.1057,2.0262,2.1232,2.2641,2.3749,2.4503,2.501,2.5362,2.5618,2.5809,2.5958,2.6077,2.6174,2.6257,2.633,2.6396,2.6458,2.6518,2.6578,2.6637,2.6698,3.288,3.2972,3.3042,3.3065,3.2995,3.2749,3.2196,3.1314,3.0932,3.1497,3.1461,3.0587,2.9279,2.7778,2.6216,2.4849,2.4069,2.3962,2.4219,2.4559,2.4877,2.5148,2.5373,2.5558,2.5709,2.5835,2.5942,2.6032,2.6112,2.6184,2.6252,2.6316,2.638,2.6444,2.6509,2.6576,3.3157,3.331,3.3462,3.3598,3.3692,3.3699,3.3573,3.3376,3.3387,3.341,3.2707,3.1406,2.9969,2.8653,2.7517,2.6538,2.5737,2.518,2.4893,2.4841,2.4937,2.5094,2.5259,2.5411,2.5546,2.5664,2.5768,2.5859,2.594,2.6015,2.6086,2.6156,2.6226,2.6296,2.6369,2.6444,3.3419,3.3635,3.3877,3.4144,3.4432,3.4733,3.5046,3.5476,3.619,3.6137,3.4263,3.202,3.0113,2.8687,2.7739,2.6956,2.6058,2.5153,2.458,2.4454,2.459,2.4794,2.4985,2.5153,2.5302,2.5432,2.5546,2.5646,2.5735,2.5817,2.5896,2.5974,2.6053,2.6133,2.6215,2.6301,3.365,3.3923,3.4247,3.4635,3.5108,3.567,3.6284,3.6937,3.8453,3.9261,3.5504,3.2181,2.9575,2.7709,2.7079,2.67,2.5519,2.3858,2.3023,2.3286,2.3834,2.4253,2.4543,2.477,2.4963,2.513,2.527,2.5388,2.5492,2.5587,2.5679,2.5769,2.586,2.5952,2.6047,2.6145,3.3835,3.4149,3.4532,3.5011,3.5621,3.6402,3.7315,3.7963,3.8077,3.798,3.509,3.2079,2.8719,2.5172,2.5608,2.6335,2.4373,2.0373,1.9377,2.1353,2.282,2.352,2.3919,2.4238,2.4519,2.4751,2.4934,2.508,2.5205,2.532,2.543,2.5538,2.5645,2.5753,2.5863,2.5977,3.3963,3.4298,3.4708,3.5221,3.5885,3.6759,3.7871,3.8857,3.8175,3.6503,3.4574,3.2944,3.0295,2.4403,2.5209,2.6766,2.3631,1.4685,1.4389,1.9805,2.1908,2.2559,2.3015,2.351,2.3956,2.4294,2.4535,2.4715,2.4869,2.5012,2.5149,2.5281,2.5409,2.5536,2.5665,2.5797,3.4031,3.4366,3.4767,3.5258,3.5869,3.6633,3.7525,3.8269,3.7776,3.6226,3.4955,3.4365,3.393,3.1036,2.9473,2.8387,2.5843,1.9547,1.801,2.0568,2.0854,2.0816,2.1543,2.2522,2.3289,2.3772,2.4067,2.4279,2.447,2.4657,2.4835,2.5001,2.5154,2.5303,2.5452,2.5606,3.4045,3.4361,3.4729,3.5158,3.5656,3.621,3.6743,3.7028,3.6783,3.6418,3.6313,3.5749,3.4631,3.5667,3.2123,2.9431,2.8058,2.6245,2.3712,2.0981,1.7165,1.6701,1.9153,2.1353,2.2607,2.3205,2.3504,2.3737,2.3988,2.4251,2.4496,2.4707,2.4889,2.5058,2.5229,2.5408,3.4015,3.4302,3.4626,3.4984,3.5371,3.5759,3.6093,3.6308,3.6508,3.7244,3.9039,3.8685,3.7251,3.5371,3.3497,3.0713,2.8956,2.874,2.6454,1.9126,0.7416,0.9336,1.6622,2.0538,2.2094,2.2569,2.2749,2.3009,2.339,2.38,2.4154,2.4422,2.4626,2.4809,2.5001,2.5208,3.395,3.4207,3.4487,3.4785,3.5093,3.5394,3.5673,3.5957,3.6402,3.7354,3.8813,3.8391,3.9028,3.9333,3.5628,3.3401,3.223,3.2471,3.1509,2.2415,0.651,0.906,1.7204,2.0862,2.1796,2.1641,2.1547,2.1958,2.2653,2.3335,2.3856,2.4187,2.439,2.4568,2.4776,2.5015,3.3862,3.409,3.4332,3.4584,3.4842,3.51,3.5364,3.567,3.6096,3.6704,3.7293,3.77,3.9295,3.9599,3.7299,3.6359,3.5296,3.7336,4.0595,3.2366,2.2502,1.9661,2.1252,2.2087,2.1345,1.9884,1.9453,2.0476,2.1833,2.2933,2.3671,2.4051,2.4208,2.4354,2.4575,2.4849,3.3757,3.3959,3.417,3.4388,3.4611,3.4839,3.5082,3.5359,3.5696,3.6088,3.6478,3.6901,3.7475,3.7831,3.9387,4.0218,3.718,3.7903,3.9658,3.7019,3.1512,2.6963,2.4845,2.3205,2.0584,1.7159,1.6455,1.8995,2.1221,2.2697,2.3626,2.4029,2.4102,2.42,2.4432,2.4736,3.3642,3.382,3.4004,3.4194,3.4389,3.459,3.4802,3.5034,3.5293,3.5572,3.5857,3.6165,3.6541,3.7216,3.8886,3.9365,3.7247,3.7232,4.0034,4.1385,3.5041,2.9851,2.6724,2.4137,2.0838,1.6803,1.6004,1.9223,2.1277,2.2677,2.3634,2.4041,2.4076,2.4155,2.4394,2.4709,3.3518,3.3675,3.3837,3.4002,3.417,3.4343,3.4522,3.4711,3.4909,3.5114,3.5323,3.5549,3.5835,3.6284,3.6863,3.6866,3.6221,3.6361,3.789,3.7952,3.3864,2.9796,2.7316,2.5149,2.251,2.0559,2.0923,2.1236,2.1868,2.283,2.3633,2.403,2.4131,2.4245,2.4478,2.4777,3.3389,3.3527,3.3668,3.381,3.3954,3.4099,3.4246,3.4395,3.4545,3.4693,3.484,3.4991,3.5161,3.5354,3.5488,3.538,3.5082,3.4948,3.4909,3.3867,3.1069,2.8184,2.7085,2.6018,2.3964,2.2295,2.1928,2.1975,2.2412,2.3112,2.3728,2.4096,2.4277,2.4439,2.466,2.4927,3.3256,3.3377,3.3498,3.3619,3.374,3.3859,3.3976,3.409,3.4199,3.43,3.4392,3.4473,3.4541,3.4578,3.4535,3.4357,3.4052,3.3653,3.3,3.1652,2.9377,2.7182,2.6788,2.6474,2.4976,2.3389,2.259,2.2606,2.3017,2.3533,2.3984,2.4299,2.4508,2.4691,2.4897,2.5128,3.3122,3.3225,3.3329,3.343,3.3529,3.3625,3.3715,3.3798,3.3871,3.3932,3.3976,3.3999,3.3992,3.3936,3.3804,3.3566,3.3204,3.2682,3.1891,3.0674,2.9055,2.763,2.7093,2.668,2.5677,2.4534,2.38,2.3611,2.3775,2.4072,2.4367,2.4609,2.4801,2.4976,2.516,2.5358]}]