docs/data/wind_grid.json
[{"header":{"la1":42.85,"la2":41.18,"lo1":11.55,"lo2":14.05,"nx":36,"ny":24,"dx":0.07143,"dy":0.07261,"parameterCategory":2,"parameterNumber":2,"parameterNumberName":"eastward_wind","parameterUnit":"m.s-1"},"data":[-0.8367,-0.8423,-0.848,-0.8534,-0.858,-0.8606,-0.8593,-0.852,-0.8373,-0.8152,-0.7874,-0.7566,-0.7255,-0.6961,-0.6696,-0.6465,-0.6274,-0.6126,-0.6028,-0.5983,-0.5986,-0.6027,-0.6091,-0.6166,-0.6241,-0.6311,-0.6372,-0.6425,-0.647,-0.6507,-0.6537,-0.6563,-0.6585,-0.6603,-0.6619,-0.6634,-0.8487,-0.8564,-0.8649,-0.8741,-0.8835,-0.8917,-0.8957,-0.8914,-0.8754,-0.847,-0.8096,-0.7683,-0.7277,-0.6905,-0.6577,-0.6295,-0.606,-0.5878,-0.5761,-0.5721,-0.5751,-0.5833,-0.5942,-0.6055,-0.6161,-0.6253,-0.633,-0.6393,-0.6444,-0.6485,-0.6518,-0.6545,-0.6567,-0.6586,-0.6602,-0.6616,-0.8613,-0.8713,-0.883,-0.8969,-0.9133,-0.931,-0.9456,-0.9491,-0.9328,-0.8945,-0.8411,-0.7835,-0.7294,-0.6822,-0.642,-0.6077,-0.5782,-0.5545,-0.5395,-0.5361,-0.5442,-0.5596,-0.5773,-0.5942,-0.6086,-0.6203,-0.6295,-0.6367,-0.6424,-0.6467,-0.6502,-0.6529,-0.6551,-0.6569,-0.6584,-0.6598,-0.8743,-0.8867,-0.9016,-0.9207,-0.9462,-0.979,-1.0145,-1.0373,-1.0244,-0.9677,-0.8851,-0.8012,-0.7286,-0.6694,-0.6213,-0.5803,-0.5431,-0.5096,-0.487,-0.4847,-0.5027,-0.5309,-0.5594,-0.5835,-0.6024,-0.6167,-0.6273,-0.6351,-0.641,-0.6455,-0.6488,-0.6514,-0.6535,-0.6551,-0.6565,-0.6578,-0.8879,-0.9024,-0.9198,-0.9432,-0.9782,-1.032,-1.1062,-1.1757,-1.1782,-1.082,-0.9423,-0.8169,-0.7207,-0.6491,-0.5941,-0.5477,-0.5013,-0.4503,-0.4095,-0.4086,-0.4479,-0.499,-0.5431,-0.5759,-0.599,-0.6152,-0.6266,-0.6347,-0.6404,-0.6447,-0.6478,-0.6501,-0.6519,-0.6533,-0.6545,-0.6556,-0.9026,-0.919,-0.9376,-0.9621,-1.0021,-1.0759,-1.2069,-1.3787,-1.4302,-1.2417,-0.9971,-0.818,-0.6988,-0.6166,-0.5574,-0.5106,-0.4592,-0.3825,-0.301,-0.3032,-0.3864,-0.4727,-0.5342,-0.5743,-0.6,-0.6167,-0.6278,-0.6353,-0.6406,-0.6443,-0.6469,-0.6488,-0.6502,-0.6513,-0.6523,-0.6532,-0.9195,-0.9388,-0.9579,-0.9787,-1.0115,-1.0841,-1.2492,-1.5419,-1.6788,-1.346,-0.9951,-0.7847,-0.6554,-0.5662,-0.5039,-0.4645,-0.4276,-0.3448,-0.218,-0.2251,-0.358,-0.4711,-0.5409,-0.5818,-0.6062,-0.6212,-0.6307,-0.6369,-0.6412,-0.6441,-0.646,-0.6473,-0.6482,-0.6489,-0.6495,-0.6502,-0.9399,-0.9656,-0.9884,-1.0032,-1.0139,-1.0464,-1.151,-1.359,-1.4439,-1.1639,-0.8838,-0.7109,-0.5911,-0.4922,-0.4149,-0.3853,-0.3977,-0.3799,-0.303,-0.31,-0.4169,-0.5101,-0.5668,-0.5989,-0.6171,-0.6279,-0.6345,-0.6389,-0.6418,-0.6438,-0.6449,-0.6455,-0.6458,-0.6459,-0.6461,-0.6465,-0.9637,-1.0032,-1.0418,-1.0609,-1.0419,-1.005,-0.9932,-1.0043,-0.9615,-0.8386,-0.7223,-0.6232,-0.5209,-0.396,-0.2506,-0.206,-0.3237,-0.4331,-0.465,-0.486,-0.5331,-0.5775,-0.6058,-0.6214,-0.6299,-0.6348,-0.6381,-0.6404,-0.6421,-0.643,-0.6433,-0.643,-0.6425,-0.642,-0.6418,-0.6419,-0.9866,-1.0481,-1.1257,-1.1863,-1.1438,-1.0109,-0.896,-0.7926,-0.6577,-0.582,-0.5906,-0.5552,-0.4694,-0.3154,0.0174,0.1812,-0.2131,-0.4972,-0.6153,-0.6468,-0.6508,-0.6489,-0.6456,-0.6424,-0.6402,-0.6393,-0.6395,-0.6405,-0.6413,-0.6415,-0.6408,-0.6396,-0.6381,-0.6368,-0.636,-0.6359,-0.9979,-1.0785,-1.2038,-1.3514,-1.3093,-1.0453,-0.8639,-0.7274,-0.4714,-0.3537,-0.5159,-0.5196,-0.4475,-0.3347,-0.0338,0.1812,-0.3187,-0.6912,-0.8393,-0.8238,-0.7616,-0.7089,-0.6745,-0.6542,-0.6431,-0.638,-0.6371,-0.6382,-0.6392,-0.639,-0.6374,-0.6348,-0.632,-0.6296,-0.6281,-0.6278,-0.9878,-1.0646,-1.1834,-1.3208,-1.2692,-1.0086,-0.8654,-0.8165,-0.6324,-0.4813,-0.5398,-0.511,-0.4312,-0.3497,-0.3394,-0.3861,-0.6911,-1.1524,-1.2672,-1.0466,-0.8554,-0.7427,-0.6821,-0.6509,-0.6348,-0.6284,-0.6295,-0.6335,-0.636,-0.6356,-0.6326,-0.628,-0.6232,-0.6193,-0.6172,-0.6171,-0.9576,-1.0097,-1.0733,-1.1147,-1.0558,-0.9283,-0.8725,-0.9058,-0.834,-0.673,-0.5861,-0.5161,-0.4395,-0.3317,-0.373,-0.5819,-0.9825,-1.8183,-1.8331,-1.2074,-0.8784,-0.7255,-0.6595,-0.6321,-0.6168,-0.6104,-0.6175,-0.6278,-0.633,-0.6318,-0.626,-0.618,-0.6102,-0.6044,-0.6018,-0.6023,-0.9191,-0.9462,-0.9686,-0.9681,-0.9291,-0.8757,-0.8548,-0.8707,-0.8271,-0.7069,-0.612,-0.5242,-0.4748,-0.2527,-0.4699,-0.7436,-1.0662,-1.4737,-1.5023,-1.06,-0.7573,-0.6255,-0.5989,-0.6052,-0.6023,-0.5948,-0.6087,-0.6258,-0.632,-0.6278,-0.6167,-0.6027,-0.5901,-0.582,-0.5796,-0.5821,-0.8829,-0.8941,-0.8983,-0.889,-0.8652,-0.8376,-0.8197,-0.8054,-0.7663,-0.7097,-0.6656,-0.604,-0.4975,-0.4053,-0.5735,-1.0156,-1.3995,-1.1449,-0.9958,-0.7274,-0.4539,-0.3987,-0.4904,-0.571,-0.6014,-0.6032,-0.6174,-0.6331,-0.635,-0.6233,-0.6021,-0.5779,-0.558,-0.5474,-0.5471,-0.5545,-0.8531,-0.8562,-0.8537,-0.8437,-0.8271,-0.8079,-0.7895,-0.7691,-0.744,-0.7313,-0.7658,-0.7015,-0.6534,-0.5945,-0.6982,-0.9975,-1.2421,-0.985,-0.7439,-0.4164,0.0577,-0.0374,-0.3635,-0.5373,-0.6073,-0.6313,-0.6458,-0.6522,-0.6429,-0.6169,-0.5781,-0.536,-0.5045,-0.493,-0.5,-0.5177,-0.8302,-0.8294,-0.8246,-0.8155,-0.8025,-0.7875,-0.7715,-0.7552,-0.7415,-0.742,-0.7661,-0.7376,-0.7813,-0.8204,-0.7938,-0.8674,-0.8804,-0.7263,-0.5491,-0.3447,0.1266,0.003,-0.3593,-0.5495,-0.6369,-0.6772,-0.6916,-0.684,-0.6562,-0.6076,-0.5385,-0.4638,-0.4143,-0.4082,-0.4343,-0.4719,-0.8129,-0.8104,-0.8051,-0.7971,-0.7868,-0.775,-0.7628,-0.7515,-0.7437,-0.7427,-0.7479,-0.7618,-0.8262,-0.8592,-0.8998,-0.9308,-0.8025,-0.5087,-0.2664,-0.4439,-0.3686,-0.3681,-0.5032,-0.6199,-0.6977,-0.7494,-0.7608,-0.7286,-0.6752,-0.5969,-0.4799,-0.3455,-0.2685,-0.2862,-0.3529,-0.4225,-0.8,-0.7968,-0.7919,-0.7852,-0.777,-0.7682,-0.7595,-0.7523,-0.7482,-0.7492,-0.7571,-0.7778,-0.8194,-0.8978,-1.1245,-1.2132,-0.8878,-0.5888,-0.457,-0.6986,-0.6675,-0.6279,-0.6559,-0.7061,-0.7628,-0.8361,-0.8505,-0.772,-0.6943,-0.5935,-0.4196,-0.1938,-0.0828,-0.1536,-0.2796,-0.3847,-0.7904,-0.7872,-0.7829,-0.7774,-0.7712,-0.7649,-0.7591,-0.755,-0.7539,-0.7575,-0.7681,-0.7902,-0.8326,-0.9212,-1.0945,-1.1405,-0.9237,-0.7957,-0.9474,-1.056,-0.8519,-0.7863,-0.7829,-0.7831,-0.7921,-0.8473,-0.8609,-0.758,-0.7036,-0.6171,-0.4215,-0.1368,-0.0039,-0.1074,-0.261,-0.3789,-0.7832,-0.7804,-0.7767,-0.7725,-0.7679,-0.7636,-0.7601,-0.7583,-0.7593,-0.7645,-0.7758,-0.7964,-0.831,-0.8858,-0.9486,-0.9544,-0.8891,-0.8561,-0.92,-0.9562,-0.9116,-0.9273,-0.9349,-0.8751,-0.7991,-0.7294,-0.6268,-0.6554,-0.7204,-0.692,-0.5352,-0.2973,-0.1668,-0.2152,-0.3215,-0.4134,-0.7779,-0.7755,-0.7726,-0.7693,-0.7661,-0.7633,-0.7615,-0.7613,-0.7636,-0.7693,-0.7798,-0.7964,-0.8202,-0.8496,-0.8743,-0.8776,-0.8625,-0.8589,-0.8831,-0.9192,-0.9931,-1.1472,-1.1903,-1.0174,-0.8355,-0.6767,-0.5196,-0.6295,-0.8334,-0.8469,-0.7123,-0.531,-0.4094,-0.3893,-0.426,-0.4746,-0.774,-0.772,-0.7697,-0.7674,-0.7652,-0.7636,-0.7629,-0.7637,-0.7665,-0.772,-0.7809,-0.7934,-0.8093,-0.8263,-0.8398,-0.8457,-0.8475,-0.8563,-0.8824,-0.9394,-1.0708,-1.3049,-1.3715,-1.1241,-0.8957,-0.7558,-0.7036,-0.8579,-1.1112,-1.0541,-0.8701,-0.702,-0.587,-0.5345,-0.5268,-0.5405,-0.771,-0.7694,-0.7677,-0.7661,-0.7648,-0.7639,-0.764,-0.7653,-0.7683,-0.7733,-0.7805,-0.79,-0.8011,-0.8125,-0.8224,-0.8302,-0.8387,-0.8537,-0.8835,-0.9419,-1.0494,-1.1906,-1.2206,-1.0778,-0.9224,-0.8351,-0.8397,-0.9783,-1.1496,-1.092,-0.9291,-0.7877,-0.6883,-0.6298,-0.6035,-0.5972]},{"header":{"la1":42.85,"la2":41.18,"lo1":11.55,"lo2":14.05,"nx":36,"ny":24,"dx":0.07143,"dy":0.07261,"parameterCategory":2,"parameterNumber":3,"parameterNumberName":"northward_wind","parameterUnit":"m.s-1"},"data":[-0.6496,-0.6537,-0.657,-0.6594,-0.6606,-0.6604,-0.6584,-0.6543,-0.6478,-0.6386,-0.6264,-0.6112,-0.593,-0.5719,-0.5485,-0.5235,-0.498,-0.4738,-0.4526,-0.4357,-0.4234,-0.4149,-0.4092,-0.405,-0.4018,-0.3991,-0.3967,-0.3947,-0.393,-0.3916,-0.3906,-0.3899,-0.3895,-0.3894,-0.3896,-0.3899,-0.6594,-0.6644,-0.6689,-0.6724,-0.6746,-0.6754,-0.6742,-0.6707,-0.6645,-0.6551,-0.6422,-0.6255,-0.6049,-0.5805,-0.5525,-0.5217,-0.4896,-0.4589,-0.433,-0.4141,-0.4025,-0.3964,-0.3935,-0.3919,-0.3906,-0.3892,-0.3878,-0.3865,-0.3854,-0.3846,-0.3841,-0.384,-0.3841,-0.3845,-0.3852,-0.386,-0.6691,-0.6754,-0.6811,-0.6859,-0.6894,-0.6911,-0.6907,-0.688,-0.6825,-0.6735,-0.6602,-0.6422,-0.6192,-0.5912,-0.5578,-0.5192,-0.4771,-0.436,-0.4023,-0.3814,-0.3729,-0.3723,-0.3747,-0.377,-0.3783,-0.3787,-0.3785,-0.378,-0.3775,-0.3773,-0.3774,-0.3779,-0.3786,-0.3796,-0.3808,-0.3821,-0.6787,-0.6863,-0.6934,-0.6997,-0.7045,-0.7071,-0.7071,-0.7048,-0.7003,-0.6927,-0.6802,-0.6616,-0.6367,-0.6053,-0.5659,-0.5172,-0.4597,-0.4001,-0.3526,-0.33,-0.3306,-0.3417,-0.3532,-0.3612,-0.3657,-0.3679,-0.3687,-0.369,-0.3693,-0.3697,-0.3705,-0.3716,-0.3731,-0.3747,-0.3765,-0.3784,-0.6877,-0.6967,-0.7055,-0.7135,-0.7198,-0.7228,-0.7215,-0.7171,-0.7135,-0.7103,-0.7015,-0.6839,-0.6582,-0.6245,-0.58,-0.5196,-0.4392,-0.3454,-0.2693,-0.2477,-0.272,-0.306,-0.3311,-0.3459,-0.3536,-0.3572,-0.3588,-0.3598,-0.3607,-0.3618,-0.3634,-0.3653,-0.3676,-0.37,-0.3725,-0.375,-0.6957,-0.706,-0.7165,-0.7268,-0.7353,-0.7387,-0.7326,-0.7176,-0.7111,-0.7211,-0.7236,-0.7096,-0.6845,-0.6514,-0.6056,-0.5356,-0.4268,-0.2754,-0.1393,-0.1273,-0.2042,-0.2734,-0.3134,-0.3333,-0.3426,-0.3468,-0.3488,-0.3502,-0.3517,-0.3536,-0.3561,-0.359,-0.3622,-0.3656,-0.369,-0.3722,-0.702,-0.7131,-0.7251,-0.7383,-0.7513,-0.7582,-0.7473,-0.7095,-0.6897,-0.7302,-0.7522,-0.7408,-0.7166,-0.6886,-0.6501,-0.5807,-0.4528,-0.2454,-0.0321,-0.0358,-0.1693,-0.2613,-0.3057,-0.3251,-0.3331,-0.3365,-0.3384,-0.3401,-0.3423,-0.3452,-0.3488,-0.3529,-0.3573,-0.3618,-0.3661,-0.3701,-0.7058,-0.7163,-0.7282,-0.744,-0.765,-0.7851,-0.7877,-0.7572,-0.7407,-0.7877,-0.8039,-0.7806,-0.7531,-0.7378,-0.7241,-0.6728,-0.5468,-0.3468,-0.151,-0.1302,-0.2173,-0.2796,-0.3085,-0.32,-0.3241,-0.3258,-0.3272,-0.3293,-0.3324,-0.3366,-0.3416,-0.3472,-0.353,-0.3588,-0.3643,-0.3692,-0.7065,-0.7138,-0.7205,-0.7338,-0.7654,-0.8135,-0.8576,-0.8876,-0.918,-0.9352,-0.8931,-0.8267,-0.7868,-0.7957,-0.8475,-0.8414,-0.6945,-0.5053,-0.3581,-0.2976,-0.2979,-0.3084,-0.3133,-0.314,-0.3135,-0.3135,-0.3148,-0.3177,-0.322,-0.3278,-0.3347,-0.3422,-0.3498,-0.3572,-0.3639,-0.3698,-0.7051,-0.706,-0.6979,-0.6905,-0.7282,-0.8266,-0.9324,-1.0386,-1.1705,-1.1963,-1.0213,-0.8647,-0.8007,-0.8365,-1.0357,-1.1429,-0.8373,-0.5927,-0.4535,-0.3784,-0.3405,-0.3207,-0.3092,-0.3025,-0.2995,-0.2993,-0.3013,-0.3054,-0.3114,-0.3193,-0.3285,-0.3384,-0.3484,-0.3577,-0.3659,-0.3726,-0.7038,-0.6994,-0.6727,-0.6216,-0.6494,-0.83,-1.0027,-1.1516,-1.4436,-1.5924,-1.1291,-0.8639,-0.7813,-0.8028,-0.9953,-1.1458,-0.7981,-0.5642,-0.4486,-0.3829,-0.3381,-0.3084,-0.291,-0.2834,-0.2823,-0.2843,-0.2878,-0.2932,-0.301,-0.3113,-0.3236,-0.3368,-0.3497,-0.3613,-0.3711,-0.3786,-0.7052,-0.7033,-0.681,-0.6364,-0.6754,-0.8833,-1.0875,-1.2077,-1.3065,-1.3663,-1.024,-0.8036,-0.7473,-0.7717,-0.7681,-0.7339,-0.5884,-0.4547,-0.398,-0.3506,-0.3048,-0.2729,-0.2585,-0.2587,-0.2665,-0.2737,-0.2777,-0.2824,-0.2913,-0.3046,-0.321,-0.3385,-0.3553,-0.3698,-0.381,-0.389,-0.7079,-0.7155,-0.7183,-0.7283,-0.7969,-0.9549,-1.1478,-1.2928,-1.2174,-1.0452,-0.8437,-0.7206,-0.7043,-0.7758,-0.7306,-0.5522,-0.4027,-0.3895,-0.3831,-0.3054,-0.2442,-0.2118,-0.2105,-0.2323,-0.263,-0.2791,-0.2761,-0.2742,-0.2826,-0.2996,-0.3219,-0.3457,-0.3677,-0.3855,-0.398,-0.4054,-0.7078,-0.7233,-0.7431,-0.7771,-0.8437,-0.9524,-1.0884,-1.202,-1.1267,-0.8877,-0.7151,-0.6702,-0.6743,-0.6776,-0.567,-0.288,-0.0665,-0.2313,-0.2873,-0.2105,-0.1337,-0.1065,-0.1376,-0.2006,-0.2716,-0.3009,-0.2792,-0.2653,-0.2735,-0.2969,-0.3285,-0.3619,-0.3913,-0.4128,-0.4253,-0.4301,-0.7018,-0.7198,-0.7433,-0.7767,-0.8252,-0.8883,-0.9518,-0.9734,-0.8817,-0.7024,-0.571,-0.5465,-0.553,-0.5032,-0.4147,0.211,0.8709,0.1725,-0.091,-0.0508,0.084,0.0898,-0.0233,-0.1406,-0.2355,-0.2751,-0.2569,-0.2457,-0.2614,-0.2974,-0.3447,-0.3933,-0.4332,-0.4581,-0.4676,-0.4658,-0.6897,-0.7061,-0.7259,-0.7502,-0.7784,-0.8057,-0.8181,-0.79,-0.6957,-0.5413,-0.3749,-0.4098,-0.4421,-0.4471,-0.3163,0.162,0.5972,0.1498,-0.053,0.101,0.4866,0.4003,0.1075,-0.0617,-0.1504,-0.1889,-0.196,-0.2079,-0.2437,-0.3028,-0.3768,-0.451,-0.5064,-0.5319,-0.5309,-0.5148,-0.6731,-0.6858,-0.6996,-0.7138,-0.726,-0.731,-0.7192,-0.6782,-0.5999,-0.4886,-0.3793,-0.3973,-0.3688,-0.3355,-0.3055,-0.1528,-0.0561,-0.1686,-0.234,0.0267,0.5344,0.4343,0.1323,-0.0163,-0.0755,-0.0942,-0.1098,-0.1495,-0.2185,-0.3148,-0.4339,-0.5532,-0.6316,-0.6479,-0.6201,-0.5768,-0.6539,-0.6625,-0.6704,-0.6764,-0.6782,-0.6717,-0.6517,-0.6136,-0.5571,-0.4914,-0.4381,-0.4056,-0.3484,-0.3241,-0.3144,-0.2753,-0.2708,-0.4317,-0.6226,-0.2693,0.052,0.1219,0.0481,-0.0074,-0.0118,0.0202,0.0154,-0.0668,-0.1855,-0.3326,-0.5213,-0.7209,-0.8327,-0.8141,-0.7306,-0.6442,-0.6339,-0.6386,-0.6418,-0.6421,-0.6378,-0.6263,-0.6052,-0.5732,-0.5322,-0.4879,-0.4474,-0.4109,-0.3738,-0.3428,-0.3104,-0.3009,-0.3128,-0.4159,-0.499,-0.2832,-0.1346,-0.0369,-0.0071,0.0019,0.0479,0.1687,0.1923,0.0179,-0.1578,-0.3475,-0.6156,-0.9332,-1.0845,-0.9928,-0.8304,-0.697,-0.6141,-0.6157,-0.6154,-0.6121,-0.6044,-0.5912,-0.5712,-0.5445,-0.5125,-0.4782,-0.4442,-0.4111,-0.3782,-0.3449,-0.3141,-0.3038,-0.3023,-0.3007,-0.2347,-0.1965,-0.1437,-0.0415,0.0161,0.0289,0.0591,0.1868,0.2172,-0.0068,-0.1632,-0.3406,-0.6315,-1.0151,-1.1894,-1.0557,-0.8586,-0.7091,-0.5952,-0.5945,-0.5917,-0.5861,-0.5769,-0.5632,-0.5448,-0.5219,-0.4953,-0.4667,-0.4372,-0.4073,-0.3773,-0.3478,-0.3223,-0.304,-0.2842,-0.2534,-0.21,-0.1698,-0.0644,0.0908,0.1581,0.1033,0.0271,-0.0349,-0.159,-0.1696,-0.1914,-0.299,-0.5186,-0.8199,-0.9837,-0.9218,-0.7866,-0.6703,-0.5776,-0.5751,-0.5707,-0.5637,-0.5538,-0.5404,-0.5234,-0.5031,-0.48,-0.455,-0.4288,-0.4017,-0.3743,-0.3472,-0.3215,-0.2961,-0.2655,-0.2244,-0.1688,-0.078,0.1165,0.416,0.5032,0.2707,0.0394,-0.1381,-0.2856,-0.2328,-0.1842,-0.2276,-0.3643,-0.5574,-0.6929,-0.7113,-0.6618,-0.599,-0.5614,-0.5577,-0.5521,-0.5444,-0.5342,-0.5212,-0.5054,-0.487,-0.4664,-0.4439,-0.4201,-0.3952,-0.3696,-0.3433,-0.3161,-0.286,-0.2489,-0.1988,-0.1245,0.0058,0.2626,0.6619,0.7693,0.4057,0.0863,-0.0976,-0.184,-0.1684,-0.1222,-0.1494,-0.2534,-0.3871,-0.4939,-0.5427,-0.5441,-0.5227,-0.5466,-0.542,-0.5357,-0.5276,-0.5173,-0.5048,-0.49,-0.4731,-0.4542,-0.4336,-0.4116,-0.3884,-0.3639,-0.3379,-0.3096,-0.2771,-0.2366,-0.1823,-0.1028,0.0246,0.2297,0.4763,0.5327,0.3196,0.0873,-0.0594,-0.1291,-0.1368,-0.1131,-0.1346,-0.2115,-0.3049,-0.3849,-0.4352,-0.4564,-0.4579]}]