docs/data/wind_grid.json
[{"header":{"la1":42.85,"la2":41.18,"lo1":11.55,"lo2":14.05,"nx":36,"ny":24,"dx":0.07143,"dy":0.07261,"parameterCategory":2,"parameterNumber":2,"parameterNumberName":"eastward_wind","parameterUnit":"m.s-1"},"data":[-0.1005,-0.1282,-0.159,-0.192,-0.2247,-0.2534,-0.2734,-0.2794,-0.2678,-0.2382,-0.1934,-0.1385,-0.0786,-0.0179,0.0409,0.0955,0.1442,0.1848,0.2155,0.235,0.2439,0.2441,0.2385,0.2296,0.2197,0.2101,0.2016,0.1949,0.19,0.1868,0.1854,0.1854,0.1866,0.1887,0.1915,0.1947,-0.1048,-0.1383,-0.1778,-0.2225,-0.27,-0.3154,-0.3509,-0.3671,-0.3565,-0.3178,-0.2567,-0.1827,-0.1043,-0.027,0.0464,0.1143,0.1749,0.2253,0.2619,0.2821,0.2867,0.2794,0.2652,0.2484,0.2318,0.2169,0.2047,0.1952,0.1886,0.1846,0.1828,0.1829,0.1845,0.1872,0.1906,0.1945,-0.1026,-0.1419,-0.1911,-0.2509,-0.3194,-0.391,-0.4539,-0.4903,-0.4833,-0.429,-0.3404,-0.237,-0.1329,-0.0345,0.0567,0.1411,0.218,0.2833,0.3293,0.3497,0.3453,0.3245,0.2966,0.2683,0.2428,0.2216,0.2049,0.1927,0.1845,0.1798,0.1782,0.1788,0.1812,0.1848,0.1892,0.194,-0.0905,-0.1344,-0.1935,-0.271,-0.3678,-0.48,-0.5923,-0.671,-0.6742,-0.5895,-0.4507,-0.3007,-0.1618,-0.0384,0.0727,0.1765,0.2758,0.366,0.4299,0.4493,0.4261,0.3806,0.3312,0.2871,0.2507,0.2221,0.2007,0.1858,0.1764,0.1718,0.1708,0.1726,0.1763,0.1814,0.1871,0.1931,-0.0647,-0.1097,-0.1762,-0.2717,-0.4029,-0.5734,-0.7724,-0.9438,-0.9761,-0.8238,-0.5879,-0.3667,-0.1849,-0.0351,0.0953,0.2187,0.3469,0.4804,0.5829,0.5988,0.5341,0.4445,0.3641,0.3004,0.2518,0.2156,0.1898,0.1728,0.1631,0.1593,0.16,0.1639,0.1699,0.1769,0.1845,0.1921,-0.0205,-0.0598,-0.1269,-0.2354,-0.4002,-0.6391,-0.9676,-1.3294,-1.442,-1.1326,-0.7251,-0.4153,-0.1921,-0.0193,0.1258,0.2623,0.417,0.6154,0.7991,0.8041,0.6557,0.5005,0.3845,0.3016,0.2417,0.1987,0.1693,0.1513,0.1427,0.1414,0.1453,0.1526,0.1617,0.1717,0.1816,0.1911,0.046,0.0244,-0.0294,-0.138,-0.3246,-0.614,-1.049,-1.6326,-1.8753,-1.3396,-0.7761,-0.4182,-0.1741,0.0152,0.1713,0.3063,0.4567,0.6904,0.9637,0.9533,0.7173,0.5145,0.3777,0.2832,0.2152,0.1668,0.1353,0.1183,0.1132,0.1168,0.1261,0.1385,0.1522,0.1659,0.1788,0.1906,0.1363,0.1518,0.1373,0.0524,-0.1413,-0.4489,-0.859,-1.338,-1.5165,-1.1126,-0.6814,-0.3748,-0.1351,0.0747,0.2552,0.3791,0.4683,0.6136,0.8088,0.8105,0.6322,0.4627,0.3365,0.2407,0.1672,0.1144,0.0824,0.0695,0.0717,0.0841,0.102,0.122,0.1418,0.1602,0.1767,0.1911,0.2444,0.3247,0.3985,0.3876,0.187,-0.1769,-0.5516,-0.8303,-0.9184,-0.7979,-0.577,-0.3353,-0.0994,0.1564,0.4337,0.5716,0.5293,0.5157,0.5603,0.5588,0.4798,0.3741,0.2697,0.1733,0.0913,0.0322,0.0018,-0.0014,0.0151,0.0424,0.0735,0.104,0.1317,0.1558,0.1762,0.1932,0.3494,0.5187,0.7561,0.9446,0.7343,0.136,-0.3669,-0.662,-0.8346,-0.8375,-0.6062,-0.3406,-0.1047,0.1996,0.7599,1.0313,0.6566,0.4843,0.4479,0.4249,0.3736,0.293,0.1915,0.0793,-0.0253,-0.0976,-0.122,-0.1036,-0.0601,-0.0081,0.0423,0.0866,0.1237,0.154,0.1784,0.1978,0.4134,0.6528,1.0659,1.5908,1.4207,0.3613,-0.3615,-0.7064,-1.0482,-1.2004,-0.7009,-0.3657,-0.175,0.0307,0.6161,1.0216,0.5966,0.4549,0.4246,0.3881,0.3266,0.2352,0.1083,-0.0509,-0.2104,-0.3108,-0.3159,-0.2487,-0.1548,-0.064,0.0126,0.0735,0.1207,0.1569,0.1846,0.2058,0.4043,0.6286,1.0104,1.4833,1.2727,0.1938,-0.5391,-0.8226,-0.9211,-0.9686,-0.6106,-0.3748,-0.2743,-0.2707,-0.1077,0.2566,0.3853,0.4729,0.4879,0.413,0.3182,0.1977,0.0213,-0.2324,-0.517,-0.6771,-0.6197,-0.4425,-0.2606,-0.1152,-0.0078,0.0699,0.1259,0.1665,0.1961,0.2179,0.3312,0.4685,0.6474,0.7513,0.4724,-0.1609,-0.7056,-0.9941,-0.8775,-0.6559,-0.4742,-0.4455,-0.3859,-0.3833,-0.3308,0.0634,0.35,0.6197,0.6256,0.453,0.3216,0.1769,-0.0528,-0.4519,-0.9946,-1.2778,-1.0425,-0.6522,-0.3467,-0.1421,-0.0075,0.0822,0.1429,0.1847,0.2139,0.2345,0.2367,0.2899,0.3231,0.2678,0.0464,-0.3012,-0.6379,-0.8566,-0.7688,-0.4966,-0.3731,-0.59,-0.6447,-0.1248,-0.0962,0.1851,0.4386,0.5541,0.5551,0.4338,0.3136,0.1766,-0.0661,-0.5736,-1.4152,-1.8614,-1.3614,-0.7507,-0.3557,-0.1201,0.024,0.115,0.1737,0.2122,0.2379,0.2554,0.1561,0.1606,0.1367,0.0575,-0.091,-0.2818,-0.4558,-0.5406,-0.4635,-0.2953,-0.1942,-0.198,-0.1676,-0.0961,0.0545,0.4725,0.8159,0.5832,0.4888,0.3944,0.2832,0.1912,0.0136,-0.4099,-1.1147,-1.5079,-1.1127,-0.5915,-0.2455,-0.0371,0.09,0.1685,0.2172,0.2475,0.2668,0.2794,0.1016,0.0861,0.0494,-0.0163,-0.1092,-0.2108,-0.2883,-0.3047,-0.2416,-0.1382,-0.0799,0.0575,0.0718,0.0999,0.2298,0.5166,0.7293,0.6051,0.516,0.3751,0.1787,0.1746,0.1274,-0.1035,-0.4396,-0.6271,-0.4991,-0.2528,-0.0492,0.0905,0.1804,0.2356,0.2677,0.2863,0.2974,0.3045,0.0715,0.0512,0.0181,-0.0286,-0.0839,-0.1355,-0.1657,-0.1585,-0.1126,-0.0554,-0.0377,0.0811,0.4118,0.5784,0.4638,0.5578,0.6298,0.6569,0.6461,0.4708,0.1781,0.2001,0.2319,0.1354,0.0062,-0.058,-0.0247,0.0624,0.1555,0.2289,0.2763,0.3019,0.314,0.3204,0.3247,0.3277,0.0595,0.0411,0.0161,-0.0142,-0.0452,-0.0689,-0.0762,-0.0604,-0.0229,0.0263,0.0898,0.2343,0.5448,0.6714,0.7693,0.8932,0.8008,0.8078,0.8733,0.7237,0.5056,0.4041,0.3632,0.3016,0.2346,0.1902,0.1989,0.2628,0.3249,0.3553,0.3582,0.3471,0.3383,0.3387,0.3432,0.3466,0.0596,0.0455,0.0286,0.0108,-0.0044,-0.012,-0.007,0.014,0.0516,0.1055,0.1849,0.3129,0.4961,0.7471,1.3577,1.5996,1.0353,0.8931,0.941,1.0044,0.796,0.6009,0.4948,0.426,0.3412,0.1776,0.1462,0.3677,0.4788,0.4731,0.4175,0.3534,0.3255,0.336,0.3523,0.3614,0.0672,0.0578,0.0478,0.0391,0.0343,0.0365,0.049,0.0741,0.1135,0.1698,0.2496,0.3642,0.5309,0.8101,1.2898,1.4373,1.0636,0.9787,1.2789,1.4388,0.9851,0.7095,0.5878,0.5363,0.4743,0.2338,0.1764,0.6273,0.6952,0.6037,0.4763,0.3543,0.3097,0.3346,0.363,0.3768,0.0791,0.0738,0.0694,0.0673,0.0694,0.0779,0.0951,0.1227,0.1629,0.2181,0.2928,0.394,0.5325,0.7218,0.9288,1.0,0.9314,0.9452,1.1139,1.1588,0.9048,0.6981,0.6196,0.6306,0.7238,0.9659,1.5031,1.3602,0.9716,0.7384,0.569,0.4288,0.3657,0.3715,0.3891,0.3978,0.0931,0.0914,0.0912,0.0938,0.1005,0.113,0.1328,0.1616,0.2008,0.2524,0.319,0.4034,0.5077,0.6266,0.7342,0.7915,0.8069,0.8351,0.8816,0.8609,0.7325,0.5988,0.5671,0.6503,0.8733,1.3866,2.1006,1.6769,1.0241,0.795,0.6599,0.5386,0.4628,0.4353,0.4284,0.424,0.1078,0.1089,0.1119,0.1178,0.1276,0.1424,0.1636,0.1921,0.2291,0.2758,0.3331,0.4014,0.4791,0.5596,0.6302,0.6795,0.7098,0.7326,0.7427,0.714,0.6331,0.5316,0.5083,0.6215,0.8448,1.1793,1.4264,1.1437,0.7732,0.7508,0.7009,0.6114,0.5373,0.4922,0.4668,0.4502,0.1224,0.1258,0.1311,0.1392,0.1509,0.167,0.1883,0.2157,0.2499,0.2912,0.3399,0.3951,0.4546,0.5138,0.5665,0.608,0.6377,0.6569,0.662,0.6457,0.6066,0.5616,0.5577,0.6343,0.7782,0.942,1.0097,0.8772,0.733,0.7328,0.7054,0.6403,0.5766,0.5287,0.4954,0.4714]},{"header":{"la1":42.85,"la2":41.18,"lo1":11.55,"lo2":14.05,"nx":36,"ny":24,"dx":0.07143,"dy":0.07261,"parameterCategory":2,"parameterNumber":3,"parameterNumberName":"northward_wind","parameterUnit":"m.s-1"},"data":[-0.4359,-0.454,-0.4745,-0.4968,-0.52,-0.5423,-0.5611,-0.5738,-0.5787,-0.5751,-0.5642,-0.5476,-0.5269,-0.503,-0.4767,-0.4485,-0.4198,-0.3926,-0.3694,-0.3518,-0.3402,-0.3334,-0.3296,-0.327,-0.3241,-0.3201,-0.3148,-0.3079,-0.2995,-0.29,-0.2795,-0.2684,-0.2569,-0.2452,-0.2336,-0.2224,-0.4341,-0.4549,-0.4797,-0.508,-0.539,-0.5701,-0.5975,-0.6165,-0.6234,-0.6174,-0.6011,-0.578,-0.5509,-0.5207,-0.4875,-0.4512,-0.4133,-0.3772,-0.3474,-0.3275,-0.3178,-0.3156,-0.3171,-0.3192,-0.3199,-0.3183,-0.3143,-0.3079,-0.2995,-0.2895,-0.2781,-0.2659,-0.2532,-0.2404,-0.2278,-0.2156,-0.4284,-0.4519,-0.4812,-0.517,-0.5587,-0.6035,-0.6454,-0.6756,-0.6857,-0.6742,-0.6477,-0.6143,-0.5786,-0.541,-0.4994,-0.4522,-0.4004,-0.3493,-0.3084,-0.2858,-0.2817,-0.2893,-0.3005,-0.3101,-0.3158,-0.3174,-0.315,-0.3091,-0.3004,-0.2895,-0.277,-0.2634,-0.2492,-0.235,-0.2211,-0.2078,-0.4174,-0.4427,-0.4765,-0.5207,-0.5766,-0.6423,-0.7099,-0.7621,-0.7781,-0.7537,-0.7066,-0.6564,-0.6099,-0.5646,-0.5143,-0.4531,-0.3793,-0.3009,-0.2389,-0.2139,-0.2249,-0.2526,-0.2804,-0.301,-0.3134,-0.3185,-0.3177,-0.3121,-0.3027,-0.2905,-0.2763,-0.2608,-0.2448,-0.2288,-0.2133,-0.1987,-0.3994,-0.4247,-0.4613,-0.5136,-0.5862,-0.6818,-0.7946,-0.8943,-0.9242,-0.8669,-0.7773,-0.701,-0.6433,-0.593,-0.536,-0.459,-0.3522,-0.2222,-0.1148,-0.0903,-0.1399,-0.2072,-0.2605,-0.2951,-0.3147,-0.3233,-0.3237,-0.3178,-0.3071,-0.2928,-0.2761,-0.2581,-0.2396,-0.2214,-0.2041,-0.1879,-0.3729,-0.3948,-0.4305,-0.4874,-0.575,-0.7052,-0.8869,-1.0859,-1.1526,-1.0142,-0.8466,-0.7396,-0.6764,-0.6283,-0.5717,-0.4828,-0.3355,-0.1178,0.0867,0.0997,-0.0364,-0.1664,-0.2497,-0.2975,-0.3229,-0.3339,-0.3346,-0.3275,-0.3143,-0.2969,-0.2767,-0.2552,-0.2335,-0.2125,-0.1929,-0.175,-0.337,-0.3504,-0.3785,-0.432,-0.5253,-0.6777,-0.9176,-1.2395,-1.37,-1.1118,-0.8753,-0.7607,-0.7078,-0.6744,-0.6308,-0.5444,-0.3732,-0.073,0.2568,0.2486,0.0141,-0.1625,-0.2607,-0.3134,-0.341,-0.3526,-0.3523,-0.3426,-0.3255,-0.3033,-0.2781,-0.2518,-0.226,-0.2015,-0.1792,-0.1594,-0.2923,-0.2904,-0.3009,-0.3389,-0.4235,-0.5701,-0.7918,-1.0692,-1.1799,-0.9974,-0.8373,-0.7647,-0.7405,-0.7358,-0.7231,-0.6609,-0.504,-0.2309,0.0616,0.0848,-0.0831,-0.2192,-0.2991,-0.3452,-0.3712,-0.3822,-0.3798,-0.3656,-0.3421,-0.3125,-0.2801,-0.2474,-0.2161,-0.1875,-0.1621,-0.1403,-0.2423,-0.2174,-0.1961,-0.2016,-0.2681,-0.401,-0.5735,-0.7466,-0.8442,-0.8401,-0.7965,-0.7705,-0.7792,-0.8142,-0.8601,-0.843,-0.6924,-0.4765,-0.2888,-0.2204,-0.2536,-0.3083,-0.3546,-0.3906,-0.4161,-0.4277,-0.4222,-0.4002,-0.366,-0.3251,-0.2822,-0.2407,-0.2027,-0.1691,-0.1404,-0.1166,-0.1947,-0.1423,-0.074,-0.0207,-0.0673,-0.2138,-0.3719,-0.5591,-0.7962,-0.9016,-0.8231,-0.7892,-0.8231,-0.8944,-1.0346,-1.1001,-0.8551,-0.6246,-0.4741,-0.3959,-0.3735,-0.3836,-0.4109,-0.4473,-0.4818,-0.4993,-0.4891,-0.4526,-0.3996,-0.3407,-0.2828,-0.2299,-0.1836,-0.1445,-0.1124,-0.087,-0.161,-0.0888,0.0211,0.1451,0.1168,-0.0546,-0.1591,-0.3597,-0.9811,-1.2718,-0.8748,-0.8048,-0.8745,-0.9594,-1.0571,-1.1192,-0.86,-0.6351,-0.5079,-0.4481,-0.4239,-0.4275,-0.4601,-0.5188,-0.5845,-0.6197,-0.5984,-0.531,-0.4441,-0.3571,-0.2787,-0.2116,-0.1559,-0.1111,-0.0762,-0.05,-0.1491,-0.0785,0.0238,0.1314,0.1125,0.041,0.1335,0.204,-0.3973,-0.8952,-0.7552,-0.7994,-0.9385,-1.0863,-1.072,-0.936,-0.74,-0.5113,-0.4223,-0.4256,-0.4268,-0.4429,-0.5004,-0.6144,-0.758,-0.8346,-0.778,-0.641,-0.4946,-0.3675,-0.2637,-0.1806,-0.1154,-0.0657,-0.0292,-0.0038,-0.1565,-0.1028,-0.0379,0.016,0.0327,0.0995,0.3454,0.6875,0.3604,-0.2976,-0.6089,-0.7945,-0.9385,-1.1785,-1.1644,-0.8991,-0.6621,-0.2983,-0.2722,-0.384,-0.4057,-0.4326,-0.5231,-0.7289,-1.0378,-1.2013,-1.0385,-0.7636,-0.5314,-0.3579,-0.2283,-0.1303,-0.0571,-0.0043,0.0314,0.0536,-0.1735,-0.1367,-0.0966,-0.0595,-0.0169,0.0775,0.2676,0.482,0.2956,-0.2229,-0.557,-0.8088,-0.898,-1.0665,-0.9552,-0.8662,-0.7595,-0.4617,-0.3599,-0.3773,-0.3673,-0.3899,-0.4998,-0.7839,-1.2903,-1.5683,-1.2391,-0.815,-0.5143,-0.3092,-0.1618,-0.0532,0.0251,0.0776,0.1088,0.1239,-0.1926,-0.1676,-0.1406,-0.1117,-0.0739,-0.0139,0.0645,0.0931,-0.0553,-0.3063,-0.475,-0.6103,-0.7567,-0.8057,-0.8208,-0.9424,-1.1828,-0.725,-0.4529,-0.3412,-0.2922,-0.3065,-0.4088,-0.6616,-1.0939,-1.3384,-1.0682,-0.6922,-0.4114,-0.2093,-0.0573,0.0572,0.1372,0.185,0.206,0.2084,-0.2106,-0.1938,-0.176,-0.157,-0.1356,-0.1127,-0.1017,-0.1349,-0.2335,-0.3389,-0.3387,-0.4129,-0.5068,-0.6344,-0.6598,-0.8128,-0.9933,-0.625,-0.3499,-0.2393,-0.2067,-0.2189,-0.2927,-0.4458,-0.6521,-0.7597,-0.6526,-0.4461,-0.2438,-0.0665,0.0851,0.2058,0.2861,0.3229,0.3249,0.3065,-0.2263,-0.2156,-0.2051,-0.1954,-0.1879,-0.1864,-0.1993,-0.2368,-0.2956,-0.3425,-0.337,-0.3802,-0.3459,-0.3139,-0.4195,-0.4555,-0.4379,-0.2455,-0.0802,-0.0986,-0.1786,-0.1794,-0.2011,-0.2747,-0.3601,-0.3984,-0.3509,-0.2294,-0.0707,0.0966,0.2584,0.3957,0.4785,0.4943,0.4636,0.414,-0.2391,-0.2329,-0.2278,-0.2247,-0.2252,-0.2322,-0.2493,-0.278,-0.3131,-0.3412,-0.3537,-0.3487,-0.2811,-0.2385,-0.1454,-0.06,-0.0762,0.0975,0.2568,0.1372,0.0046,-0.0639,-0.1023,-0.1554,-0.23,-0.3087,-0.2913,-0.1291,0.0724,0.2626,0.4503,0.6219,0.7116,0.69,0.609,0.5196,-0.2489,-0.2458,-0.2441,-0.2447,-0.2486,-0.2573,-0.2719,-0.2913,-0.3117,-0.3263,-0.3282,-0.3078,-0.2508,-0.1131,0.2939,0.4586,0.1577,0.2152,0.346,0.4679,0.274,0.098,0.0087,-0.0585,-0.1936,-0.4915,-0.5475,-0.1168,0.2198,0.4339,0.6311,0.8364,0.9334,0.8622,0.7283,0.6043,-0.2557,-0.2545,-0.2546,-0.2567,-0.2612,-0.2687,-0.279,-0.2907,-0.3006,-0.304,-0.2948,-0.2634,-0.1914,-0.0306,0.272,0.3749,0.2175,0.3252,0.7952,1.0114,0.4883,0.208,0.101,0.0521,-0.0616,-0.4591,-0.5514,0.1669,0.4902,0.6365,0.7619,0.9226,1.0067,0.924,0.7809,0.6502,-0.2597,-0.2594,-0.2602,-0.2624,-0.2662,-0.2714,-0.2774,-0.2829,-0.2851,-0.2806,-0.2641,-0.2283,-0.1621,-0.0528,0.0805,0.1498,0.1764,0.3127,0.5916,0.6758,0.4059,0.2037,0.1412,0.1685,0.258,0.4754,1.0382,1.0205,0.9176,0.9141,0.8912,0.9031,0.9255,0.8724,0.7674,0.6577,-0.2613,-0.2613,-0.2621,-0.2636,-0.266,-0.2687,-0.2711,-0.2717,-0.2687,-0.2591,-0.2394,-0.2052,-0.1524,-0.0813,-0.0048,0.0585,0.1213,0.2166,0.3238,0.3391,0.2291,0.1072,0.0851,0.2041,0.4726,1.0004,1.6427,1.442,1.3751,1.3252,1.12,0.959,0.8798,0.815,0.7335,0.6449,-0.2609,-0.2608,-0.261,-0.2617,-0.2624,-0.2629,-0.2623,-0.2595,-0.2529,-0.2405,-0.2202,-0.1896,-0.1477,-0.0962,-0.0405,0.0148,0.0726,0.1354,0.1862,0.1913,0.1348,0.0375,0.0115,0.1809,0.4958,0.9169,1.2799,1.5378,1.9996,1.8328,1.386,1.0738,0.9009,0.795,0.7086,0.6277,-0.2589,-0.2584,-0.258,-0.2576,-0.2568,-0.2553,-0.2524,-0.2472,-0.2384,-0.2248,-0.2049,-0.1778,-0.1432,-0.1023,-0.0574,-0.0105,0.0375,0.084,0.1201,0.1337,0.118,0.0824,0.0903,0.2272,0.4814,0.8009,1.1444,1.6039,2.0776,1.9093,1.4618,1.1249,0.9173,0.7857,0.6897,0.6097]}]