docs/data/wind_grid.json
[{"header":{"la1":42.85,"la2":41.18,"lo1":11.55,"lo2":14.05,"nx":36,"ny":24,"dx":0.07143,"dy":0.07261,"parameterCategory":2,"parameterNumber":2,"parameterNumberName":"eastward_wind","parameterUnit":"m.s-1"},"data":[0.3136,0.3079,0.3026,0.2979,0.2938,0.2905,0.2887,0.2891,0.2921,0.2971,0.3029,0.3074,0.309,0.3072,0.3024,0.2962,0.2916,0.2926,0.3028,0.3235,0.3515,0.3796,0.4009,0.4123,0.4154,0.4137,0.41,0.4061,0.4027,0.3999,0.3977,0.3961,0.3949,0.3939,0.3933,0.3929,0.3007,0.2937,0.2873,0.2812,0.2752,0.2696,0.2655,0.2647,0.2686,0.277,0.2871,0.2951,0.2983,0.2952,0.2863,0.2737,0.2619,0.2583,0.2709,0.3042,0.3526,0.4001,0.4309,0.4406,0.4364,0.4269,0.4172,0.4092,0.4032,0.3988,0.3957,0.3934,0.3917,0.3905,0.3896,0.3891,0.286,0.2777,0.2699,0.2621,0.2536,0.2438,0.2345,0.2298,0.2344,0.2488,0.2673,0.2822,0.2884,0.2839,0.2689,0.2457,0.2199,0.2039,0.2163,0.2721,0.3635,0.4516,0.4953,0.4923,0.4686,0.4439,0.4248,0.4116,0.4027,0.3967,0.3926,0.3897,0.3877,0.3862,0.3852,0.3846,0.2692,0.2593,0.2503,0.241,0.2293,0.2127,0.1921,0.1762,0.1795,0.206,0.2416,0.2694,0.2811,0.2752,0.2521,0.2126,0.1608,0.114,0.1125,0.2054,0.3925,0.5747,0.6289,0.5774,0.5098,0.4607,0.43,0.4114,0.3999,0.3927,0.388,0.3848,0.3826,0.381,0.3799,0.3792,0.2499,0.2382,0.2282,0.2185,0.2043,0.1783,0.1351,0.0884,0.0823,0.1372,0.2097,0.2597,0.2793,0.2718,0.2395,0.1791,0.0845,-0.0343,-0.1017,0.0344,0.4256,0.832,0.8608,0.6794,0.5425,0.4676,0.428,0.4064,0.3939,0.3863,0.3815,0.3783,0.3761,0.3745,0.3735,0.3728,0.2277,0.2136,0.2033,0.195,0.1822,0.1491,0.0707,-0.0517,-0.0942,0.0346,0.1803,0.2604,0.2865,0.2761,0.2356,0.1569,0.011,-0.2426,-0.5283,-0.3968,0.299,1.0054,0.9877,0.696,0.5306,0.453,0.415,0.395,0.3837,0.377,0.3728,0.37,0.3681,0.3667,0.3657,0.3652,0.2021,0.1854,0.176,0.1716,0.1652,0.139,0.0434,-0.1761,-0.2909,-0.0347,0.189,0.2834,0.305,0.2869,0.2411,0.1597,-0.0044,-0.3654,-0.9713,-0.8917,-0.0377,0.5299,0.6516,0.5456,0.4612,0.4155,0.391,0.3772,0.3693,0.3646,0.3616,0.3597,0.3582,0.3572,0.3564,0.3561,0.1733,0.1545,0.1539,0.1591,0.1503,0.1468,0.107,-0.0307,-0.0972,0.1075,0.2752,0.334,0.3323,0.2969,0.2425,0.1775,0.0666,-0.1834,-0.55,-0.4716,-0.0741,0.1373,0.3047,0.3693,0.3766,0.3691,0.3606,0.3543,0.3507,0.3488,0.3478,0.3471,0.3464,0.3458,0.3454,0.3453,0.1399,0.1151,0.1416,0.1929,0.1235,0.1373,0.2015,0.2388,0.2912,0.3751,0.4119,0.4004,0.3615,0.2942,0.2013,0.1481,0.1419,0.0706,-0.0409,-0.0535,-0.0715,-0.0214,0.1666,0.2767,0.3175,0.3271,0.327,0.3264,0.3275,0.3294,0.3311,0.332,0.3323,0.3322,0.3321,0.3324,0.1016,0.0424,0.0179,0.0204,-0.0729,0.0678,0.2642,0.4275,0.5967,0.6618,0.559,0.4625,0.3885,0.2876,0.0696,-0.0478,0.1558,0.2258,0.1965,0.1242,0.0176,0.0483,0.1805,0.2589,0.2846,0.2866,0.286,0.2904,0.2982,0.3059,0.3114,0.3144,0.3156,0.3159,0.3161,0.3168,0.0726,-0.0461,-0.2623,-0.6817,-0.5924,-0.0329,0.3135,0.5309,0.8615,1.0229,0.67,0.4968,0.4081,0.3256,0.1243,-0.0354,0.2406,0.3551,0.3616,0.3087,0.244,0.2331,0.2619,0.2705,0.2494,0.2253,0.2225,0.2391,0.2609,0.2783,0.289,0.2942,0.2959,0.2962,0.2965,0.2978,0.0793,-0.055,-0.296,-0.6481,-0.5337,0.0393,0.3905,0.5502,0.6838,0.8216,0.6204,0.4909,0.4014,0.295,0.3713,0.3701,0.4322,0.5068,0.5175,0.4625,0.409,0.3716,0.3337,0.2645,0.1642,0.0962,0.1097,0.1654,0.2162,0.2485,0.265,0.2712,0.2723,0.2719,0.2722,0.2743,0.1282,0.0324,-0.0943,-0.1877,-0.0693,0.2142,0.4262,0.7488,0.3686,0.5398,0.5412,0.4632,0.4139,0.3503,0.5094,0.5511,0.5614,0.6438,0.6476,0.5608,0.5181,0.4715,0.3866,0.223,-0.0246,-0.1692,-0.0714,0.0777,0.1739,0.2219,0.2409,0.245,0.2431,0.2408,0.2411,0.2447,0.1993,0.1491,0.1059,0.1064,0.1879,0.3106,0.3696,0.2366,0.3051,0.5174,0.559,0.4259,0.3773,0.4944,0.5978,0.8131,0.6205,0.5682,0.6134,0.6136,0.6147,0.5739,0.4553,0.2041,-0.2273,-0.4716,-0.2232,0.0291,0.1551,0.2049,0.2171,0.2128,0.2044,0.1991,0.2,0.2069,0.2712,0.2514,0.245,0.2657,0.3175,0.3788,0.4141,0.4256,0.5024,0.6397,0.7177,0.659,0.5675,0.5064,0.6381,0.8132,-0.2503,0.3501,0.5949,0.7013,0.7558,0.7205,0.5764,0.3166,-0.0682,-0.2863,-0.1122,0.0824,0.1738,0.1982,0.1894,0.1681,0.1489,0.1403,0.1444,0.1583,0.3343,0.3311,0.3392,0.3629,0.4011,0.4455,0.4891,0.5432,0.6393,0.8066,1.0637,0.9002,0.7831,0.6625,0.6367,0.4018,-0.0384,0.4328,0.729,0.8573,0.9505,0.9017,0.7211,0.5026,0.2739,0.139,0.1525,0.201,0.2136,0.1909,0.1471,0.0988,0.0641,0.0546,0.0687,0.0968,0.3867,0.3923,0.4063,0.4303,0.4637,0.5041,0.5519,0.6148,0.7078,0.852,1.0373,0.9352,0.891,0.8985,0.802,0.7218,0.6844,0.8805,1.0753,1.0448,1.001,0.9593,0.8137,0.6432,0.4954,0.4042,0.3561,0.3078,0.2444,0.167,0.0766,-0.0127,-0.0686,-0.0702,-0.0313,0.0229,0.4297,0.4399,0.4567,0.4807,0.5119,0.5501,0.5964,0.6541,0.7267,0.8108,0.8761,0.8899,0.9322,0.9733,1.1068,1.1903,1.1227,1.3452,1.6269,1.3433,1.1339,1.01,0.8786,0.7294,0.6122,0.5645,0.5132,0.387,0.2476,0.1164,-0.0295,-0.1825,-0.2674,-0.2392,-0.15,-0.0554,0.4648,0.4777,0.4958,0.5195,0.549,0.5846,0.6267,0.6761,0.7319,0.7894,0.8401,0.8875,0.9608,1.1404,1.7206,1.9719,1.437,1.4707,1.6521,1.6686,1.401,1.1543,0.967,0.7889,0.6653,0.721,0.7281,0.4294,0.1984,0.0386,-0.1491,-0.3826,-0.5017,-0.414,-0.2561,-0.1191,0.4937,0.508,0.5265,0.5496,0.5775,0.6103,0.6481,0.6907,0.7373,0.7862,0.8378,0.9011,1.0043,1.2241,1.6669,1.8165,1.4937,1.5302,1.994,2.219,1.6403,1.3126,1.0969,0.8536,0.6359,0.6961,0.7235,0.2279,0.0344,-0.0643,-0.2196,-0.4648,-0.594,-0.4779,-0.2948,-0.144,0.5176,0.5325,0.551,0.5733,0.5994,0.6296,0.6638,0.7018,0.7433,0.7888,0.8407,0.907,1.0041,1.154,1.3358,1.4119,1.3896,1.4888,1.7666,1.8635,1.6332,1.5144,1.3761,1.0135,0.5401,0.0664,-0.5328,-0.458,-0.2423,-0.1932,-0.234,-0.3596,-0.444,-0.3786,-0.2468,-0.1232,0.5372,0.5524,0.5705,0.5918,0.6164,0.6442,0.6755,0.71,0.7481,0.7906,0.8398,0.9002,0.9777,1.0731,1.1686,1.234,1.2831,1.3704,1.4944,1.5766,1.6807,1.9969,2.0528,1.395,0.5697,-0.2979,-1.112,-0.7907,-0.4491,-0.3522,-0.273,-0.2586,-0.2699,-0.2356,-0.1596,-0.0742,0.5534,0.5684,0.586,0.6063,0.6293,0.6551,0.6838,0.7155,0.7505,0.7895,0.834,0.8859,0.9464,1.0133,1.0792,1.1375,1.1953,1.2676,1.3598,1.4904,1.7871,2.4179,2.6165,1.7196,0.7439,-0.0296,-0.5022,-0.5449,-0.6274,-0.5424,-0.3434,-0.2258,-0.1733,-0.1316,-0.0786,-0.0187,0.5666,0.5814,0.5983,0.6175,0.639,0.663,0.6894,0.7184,0.7503,0.7855,0.8248,0.8687,0.9171,0.9685,1.0201,1.0708,1.1241,1.1874,1.2718,1.4077,1.665,2.0412,2.0958,1.5313,0.8193,0.2397,-0.1521,-0.4237,-0.6453,-0.561,-0.3455,-0.1969,-0.1144,-0.0609,-0.0139,0.0329]},{"header":{"la1":42.85,"la2":41.18,"lo1":11.55,"lo2":14.05,"nx":36,"ny":24,"dx":0.07143,"dy":0.07261,"parameterCategory":2,"parameterNumber":3,"parameterNumberName":"northward_wind","parameterUnit":"m.s-1"},"data":[-0.0496,-0.0407,-0.0326,-0.0258,-0.0205,-0.0176,-0.0187,-0.0258,-0.0403,-0.0626,-0.0911,-0.1236,-0.1578,-0.1922,-0.2257,-0.2576,-0.2865,-0.3108,-0.3287,-0.3394,-0.3435,-0.3434,-0.3413,-0.3389,-0.3372,-0.3364,-0.3366,-0.3379,-0.3402,-0.3434,-0.3473,-0.3518,-0.3566,-0.3617,-0.3668,-0.3718,-0.0308,-0.019,-0.008,0.0022,0.0117,0.0196,0.0235,0.0197,0.0043,-0.0236,-0.0609,-0.1031,-0.1463,-0.1887,-0.2298,-0.2693,-0.3057,-0.3362,-0.357,-0.366,-0.3649,-0.3585,-0.3516,-0.3462,-0.3426,-0.3407,-0.3403,-0.3413,-0.3436,-0.3471,-0.3513,-0.3563,-0.3617,-0.3673,-0.3729,-0.3784,-0.0099,0.0054,0.0199,0.0341,0.049,0.0651,0.0794,0.0838,0.0689,0.0318,-0.0206,-0.0777,-0.1331,-0.1852,-0.2353,-0.2847,-0.3324,-0.3734,-0.3991,-0.4034,-0.3902,-0.3717,-0.358,-0.3503,-0.3461,-0.3438,-0.3432,-0.3442,-0.3467,-0.3506,-0.3555,-0.3612,-0.3673,-0.3736,-0.3799,-0.386,0.0136,0.0336,0.0522,0.0701,0.091,0.1195,0.1545,0.1801,0.1702,0.1146,0.0336,-0.0479,-0.1193,-0.1821,-0.2418,-0.3035,-0.3688,-0.4303,-0.4679,-0.4609,-0.4171,-0.3729,-0.353,-0.3486,-0.3469,-0.3454,-0.3451,-0.3464,-0.3495,-0.354,-0.3598,-0.3664,-0.3735,-0.3808,-0.3879,-0.3946,0.0407,0.0679,0.0917,0.1116,0.1355,0.1791,0.2535,0.3339,0.3433,0.2434,0.1022,-0.018,-0.108,-0.18,-0.2474,-0.3223,-0.4143,-0.5195,-0.5949,-0.5667,-0.4447,-0.3422,-0.3277,-0.3408,-0.3456,-0.3458,-0.346,-0.3479,-0.3518,-0.3575,-0.3645,-0.3723,-0.3807,-0.3891,-0.3971,-0.4047,0.0721,0.1121,0.1459,0.1653,0.18,0.2293,0.3632,0.5746,0.6479,0.4286,0.1689,-0.0007,-0.1047,-0.1795,-0.249,-0.3329,-0.4557,-0.6429,-0.842,-0.7955,-0.5086,-0.3129,-0.3105,-0.3382,-0.3451,-0.3453,-0.3459,-0.3487,-0.3539,-0.361,-0.3696,-0.3792,-0.3891,-0.3989,-0.4081,-0.4166,0.1059,0.1706,0.2317,0.2539,0.2315,0.2449,0.4064,0.7857,0.9799,0.5546,0.1736,-0.016,-0.1143,-0.1813,-0.2446,-0.3246,-0.4568,-0.7116,-1.1068,-1.063,-0.6026,-0.392,-0.3488,-0.347,-0.3453,-0.3438,-0.3447,-0.3488,-0.3557,-0.3648,-0.3756,-0.3873,-0.3992,-0.4107,-0.4214,-0.4308,0.1325,0.2359,0.3679,0.4292,0.3167,0.2167,0.284,0.5407,0.6624,0.3338,0.0557,-0.0707,-0.1341,-0.1848,-0.239,-0.3013,-0.3975,-0.5818,-0.8284,-0.7704,-0.4823,-0.3838,-0.3593,-0.3476,-0.3416,-0.3397,-0.3419,-0.3479,-0.3573,-0.3692,-0.3829,-0.3973,-0.4118,-0.4254,-0.4377,-0.4482,0.1307,0.2595,0.4885,0.6749,0.3943,0.1488,0.0822,0.0884,0.0425,-0.0739,-0.1322,-0.14,-0.1498,-0.1868,-0.2516,-0.2999,-0.3312,-0.4046,-0.4818,-0.4403,-0.3105,-0.3146,-0.3364,-0.3355,-0.3323,-0.3325,-0.337,-0.346,-0.3587,-0.3744,-0.3919,-0.41,-0.4277,-0.4439,-0.458,-0.4696,0.0857,0.1744,0.3174,0.4059,0.1698,0.0147,-0.0853,-0.2124,-0.418,-0.4973,-0.3274,-0.1885,-0.1387,-0.1702,-0.3154,-0.3998,-0.3055,-0.3038,-0.3368,-0.3414,-0.3136,-0.3116,-0.3195,-0.3199,-0.3194,-0.3219,-0.3295,-0.3424,-0.3599,-0.3808,-0.4035,-0.4265,-0.4484,-0.4678,-0.4839,-0.4964,0.0165,0.0349,-0.0061,-0.1943,-0.1886,-0.1187,-0.1767,-0.337,-0.8061,-1.049,-0.4689,-0.1804,-0.0817,-0.084,-0.2474,-0.383,-0.2521,-0.249,-0.2786,-0.2954,-0.3007,-0.3022,-0.3032,-0.3031,-0.3032,-0.3068,-0.3176,-0.3362,-0.3607,-0.389,-0.419,-0.4486,-0.4759,-0.4992,-0.5174,-0.5303,-0.0442,-0.0565,-0.117,-0.2253,-0.2179,-0.1667,-0.1731,-0.1963,-0.5149,-0.7269,-0.3472,-0.095,0.0065,0.0252,0.0263,-0.0862,-0.1522,-0.2512,-0.2952,-0.28,-0.2772,-0.2817,-0.2854,-0.2853,-0.2817,-0.2826,-0.2978,-0.3261,-0.3615,-0.4005,-0.4406,-0.4792,-0.5136,-0.5414,-0.5615,-0.5739,-0.0861,-0.0996,-0.1306,-0.166,-0.176,-0.1761,-0.1599,0.0622,-0.2788,-0.3023,-0.1538,0.0392,0.1155,0.1229,0.1794,0.0462,-0.0746,-0.3865,-0.4135,-0.283,-0.2612,-0.2663,-0.2719,-0.2686,-0.2519,-0.2419,-0.2671,-0.313,-0.3644,-0.418,-0.472,-0.5229,-0.5667,-0.5997,-0.6207,-0.6303,-0.1149,-0.1248,-0.1411,-0.159,-0.174,-0.1892,-0.2127,-0.3048,-0.2984,-0.2122,-0.0866,0.1491,0.2499,0.4117,0.1656,0.1514,0.0708,-0.1919,-0.2898,-0.246,-0.2468,-0.259,-0.2662,-0.2591,-0.2257,-0.2,-0.2411,-0.3067,-0.3749,-0.4461,-0.5188,-0.5872,-0.6436,-0.682,-0.7011,-0.7039,-0.1364,-0.1439,-0.1549,-0.1679,-0.182,-0.1979,-0.2184,-0.2411,-0.237,-0.2066,-0.1605,-0.0561,0.1158,0.2889,0.1401,0.1778,0.2274,0.0072,-0.1423,-0.2075,-0.2474,-0.2651,-0.2698,-0.2632,-0.2384,-0.2216,-0.2553,-0.3188,-0.3976,-0.4898,-0.5896,-0.6844,-0.7585,-0.8011,-0.812,-0.7997,-0.1537,-0.16,-0.1685,-0.1788,-0.1903,-0.2027,-0.2153,-0.2255,-0.2319,-0.2536,-0.3326,-0.2771,-0.1808,-0.0327,-0.0062,0.0702,0.1421,-0.0054,-0.1218,-0.2115,-0.2853,-0.2878,-0.2804,-0.2733,-0.2598,-0.2544,-0.2759,-0.3331,-0.4268,-0.5513,-0.6953,-0.8347,-0.9357,-0.9768,-0.9647,-0.9218,-0.1682,-0.1737,-0.1808,-0.1893,-0.1987,-0.2086,-0.2186,-0.2289,-0.2435,-0.2765,-0.3357,-0.3217,-0.4959,-0.5846,-0.2707,-0.1588,-0.1008,-0.0872,-0.0974,-0.1976,-0.2931,-0.296,-0.2918,-0.2784,-0.2476,-0.2187,-0.2305,-0.3089,-0.4453,-0.6284,-0.85,-1.0713,-1.215,-1.2362,-1.1686,-1.0693,-0.1808,-0.1858,-0.192,-0.1993,-0.2075,-0.2163,-0.2259,-0.2373,-0.2532,-0.2774,-0.3096,-0.3719,-0.5922,-0.6608,-0.5354,-0.5015,-0.3047,-0.063,0.1374,-0.1419,-0.2777,-0.3099,-0.3136,-0.2795,-0.1864,-0.0589,-0.0445,-0.2088,-0.4409,-0.7146,-1.0606,-1.433,-1.644,-1.5953,-1.4139,-1.2263,-0.192,-0.1967,-0.2024,-0.209,-0.2166,-0.2251,-0.2349,-0.2469,-0.2629,-0.2852,-0.3188,-0.378,-0.4744,-0.5928,-0.9616,-1.1313,-0.5429,-0.1881,-0.0625,-0.3336,-0.3732,-0.3775,-0.3675,-0.2986,-0.1007,0.2681,0.3463,-0.068,-0.4399,-0.7956,-1.2802,-1.8752,-2.1713,-1.9768,-1.6349,-1.3522,-0.2021,-0.2066,-0.2121,-0.2184,-0.2258,-0.2342,-0.2443,-0.2567,-0.2728,-0.2951,-0.3274,-0.377,-0.4546,-0.5998,-0.9058,-0.9941,-0.6104,-0.4146,-0.5581,-0.6699,-0.5108,-0.4907,-0.4787,-0.3883,-0.1565,0.2991,0.4025,-0.1685,-0.518,-0.8475,-1.3545,-2.0515,-2.3886,-2.1149,-1.708,-1.3946,-0.2114,-0.2159,-0.2212,-0.2275,-0.2347,-0.2432,-0.2534,-0.266,-0.2821,-0.3035,-0.3331,-0.3751,-0.4369,-0.5294,-0.6377,-0.6509,-0.5449,-0.4841,-0.5429,-0.5907,-0.5986,-0.6807,-0.7046,-0.5862,-0.4145,-0.3446,-0.5777,-0.6112,-0.6737,-0.8673,-1.2163,-1.7137,-1.9958,-1.8626,-1.5829,-1.3364,-0.2201,-0.2246,-0.2299,-0.2361,-0.2433,-0.2518,-0.262,-0.2744,-0.29,-0.3099,-0.3358,-0.3698,-0.4137,-0.4656,-0.51,-0.5201,-0.5002,-0.4952,-0.5311,-0.6024,-0.7612,-1.0514,-1.1373,-0.8673,-0.6489,-0.672,-0.8774,-0.8067,-0.8142,-0.893,-1.047,-1.3006,-1.4876,-1.4856,-1.3633,-1.2165,-0.2281,-0.2327,-0.238,-0.2442,-0.2514,-0.2599,-0.2699,-0.2819,-0.2966,-0.3146,-0.3368,-0.3638,-0.3951,-0.4277,-0.4548,-0.4704,-0.4801,-0.5014,-0.5531,-0.6633,-0.9073,-1.3314,-1.4531,-1.0562,-0.7746,-0.7233,-0.7799,-0.8435,-0.96,-0.9487,-0.9632,-1.0664,-1.1703,-1.202,-1.1625,-1.0875,-0.2357,-0.2402,-0.2456,-0.2518,-0.2589,-0.2673,-0.277,-0.2886,-0.3022,-0.3184,-0.3374,-0.3593,-0.3833,-0.4076,-0.43,-0.45,-0.472,-0.5062,-0.5672,-0.679,-0.8769,-1.1328,-1.1962,-0.9874,-0.8008,-0.7424,-0.7741,-0.871,-0.9777,-0.9553,-0.9256,-0.9546,-1.0019,-1.026,-1.0148,-0.9775]}]