docs/data/wind_grid.json
{"header": {"la1":42.1,"la2":41.55,"lo1":12.1,"lo2":12.95,"nx":50,"ny":50,"dx":0.01735,"dy":0.01122,"parameterCategory":2,"parameterNumber":2,"parameterNumberName":"eastward_wind","parameterUnit":"m.s-1"}, "data":
[rows 0 to 45 of 50, columns 0 to 49 of 50]
1.8539,1.8429,1.8306,1.817,1.802,1.7857,1.7679,1.7487,1.7282,1.7064,1.6836,1.6601,1.6362,1.6124,1.5892,1.5673,1.5474,1.5302,1.5165,1.507,1.5023,1.5028,1.5089,1.5204,1.5373,1.5591,1.5852,1.6147,1.6469,1.6806,1.715,1.7492,1.7821,1.8132,1.8417,1.8671,1.8892,1.9078,1.9228,1.9346,1.9434,1.9496,1.9537,1.9561,1.9573,1.9574,1.9569,1.956,1.9547,1.9532
1.8597,1.8485,1.836,1.8221,1.8068,1.7898,1.7712,1.7511,1.7294,1.7062,1.6818,1.6564,1.6304,1.6043,1.5787,1.5543,1.532,1.5125,1.4968,1.4856,1.4798,1.4798,1.486,1.4984,1.5168,1.5406,1.5692,1.6015,1.6367,1.6736,1.7111,1.7481,1.7837,1.817,1.8474,1.8743,1.8975,1.9166,1.9319,1.9436,1.9521,1.9578,1.9614,1.9632,1.9637,1.9633,1.9623,1.9608,1.9591,1.9572
1.866,1.8548,1.8421,1.828,1.8122,1.7947,1.7754,1.7543,1.7313,1.7067,1.6805,1.6531,1.6249,1.5963,1.568,1.5408,1.5157,1.4936,1.4755,1.4625,1.4553,1.4547,1.461,1.4743,1.4943,1.5204,1.5518,1.5874,1.6259,1.6662,1.707,1.7472,1.7856,1.8213,1.8537,1.8821,1.9062,1.926,1.9414,1.953,1.961,1.9662,1.969,1.9702,1.9701,1.9691,1.9675,1.9656,1.9635,1.9612
1.8729,1.8617,1.849,1.8346,1.8185,1.8005,1.7804,1.7583,1.7342,1.708,1.68,1.6505,1.6198,1.5884,1.5572,1.5269,1.4986,1.4735,1.4527,1.4374,1.4286,1.4272,1.4337,1.448,1.4698,1.4985,1.533,1.5721,1.6145,1.6585,1.703,1.7464,1.7878,1.826,1.8604,1.8903,1.9154,1.9357,1.9512,1.9624,1.97,1.9745,1.9766,1.9771,1.9763,1.9747,1.9726,1.9702,1.9677,1.9651
1.8804,1.8693,1.8566,1.8421,1.8257,1.8072,1.7865,1.7634,1.7381,1.7104,1.6805,1.6486,1.6153,1.5809,1.5464,1.5126,1.4808,1.4521,1.4282,1.4102,1.3996,1.3972,1.4037,1.4191,1.4431,1.4747,1.5128,1.5559,1.6023,1.6505,1.6989,1.746,1.7904,1.8312,1.8676,1.8989,1.9249,1.9455,1.961,1.9719,1.9788,1.9826,1.984,1.9837,1.9823,1.9801,1.9775,1.9747,1.9718,1.9689
1.8887,1.8777,1.865,1.8505,1.8338,1.8149,1.7936,1.7697,1.7431,1.7138,1.6819,1.6477,1.6115,1.5739,1.5357,1.498,1.4621,1.4295,1.4019,1.3808,1.3679,1.3643,1.3708,1.3875,1.4138,1.4488,1.4909,1.5385,1.5896,1.6423,1.6949,1.7458,1.7935,1.8369,1.8752,1.9079,1.9346,1.9555,1.9708,1.9811,1.9874,1.9904,1.991,1.99,1.9879,1.9852,1.9822,1.979,1.9757,1.9725
1.8976,1.8868,1.8743,1.8598,1.8431,1.8239,1.802,1.7772,1.7495,1.7186,1.6847,1.6479,1.6087,1.5676,1.5254,1.4833,1.4428,1.4056,1.3736,1.3489,1.3333,1.3283,1.3348,1.3529,1.382,1.4207,1.4675,1.52,1.5763,1.634,1.6912,1.7461,1.7971,1.8431,1.8832,1.917,1.9443,1.9652,1.9801,1.9898,1.9953,1.9975,1.9974,1.9958,1.9932,1.99,1.9865,1.983,1.9794,1.9759
1.9072,1.8968,1.8845,1.8702,1.8534,1.834,1.8117,1.7862,1.7573,1.7249,1.6889,1.6496,1.6071,1.5622,1.5156,1.4687,1.423,1.3805,1.3435,1.3143,1.2955,1.2887,1.2951,1.3149,1.3472,1.3904,1.4424,1.5006,1.5625,1.6257,1.6879,1.7469,1.8013,1.8498,1.8916,1.9262,1.9538,1.9744,1.9888,1.9978,2.0024,2.0039,2.0031,2.0009,1.9978,1.9943,1.9905,1.9867,1.9829,1.9792
1.9176,1.9076,1.8957,1.8816,1.865,1.8455,1.8229,1.7967,1.7668,1.7329,1.6949,1.6529,1.6071,1.5581,1.5067,1.4544,1.4028,1.3542,1.3113,1.277,1.2541,1.2452,1.2516,1.2734,1.3095,1.3578,1.4157,1.4803,1.5486,1.6177,1.6852,1.7486,1.8063,1.8571,1.9002,1.9354,1.9628,1.9829,1.9965,2.0046,2.0084,2.0092,2.0079,2.0053,2.0019,1.9981,1.9941,1.9901,1.9861,1.9822
1.9287,1.9193,1.9079,1.8942,1.8778,1.8585,1.8357,1.8091,1.7783,1.7429,1.703,1.6582,1.6089,1.5556,1.4991,1.4407,1.3825,1.3269,1.2771,1.2366,1.209,1.1975,1.2037,1.2279,1.2685,1.3229,1.3877,1.4594,1.5347,1.6104,1.6834,1.7514,1.8124,1.8653,1.9093,1.9446,1.9713,1.9905,2.003,2.0101,2.0131,2.0133,2.0117,2.0088,2.0053,2.0014,1.9973,1.9932,1.9891,1.9851
1.9405,1.9318,1.9211,1.908,1.8921,1.873,1.8502,1.8233,1.7918,1.7552,1.7133,1.6659,1.613,1.5551,1.4931,1.4282,1.3626,1.299,1.2411,1.1932,1.1598,1.145,1.1512,1.1784,1.2245,1.2859,1.3585,1.4383,1.5213,1.604,1.6831,1.7558,1.82,1.8746,1.9191,1.9537,1.9793,1.9969,2.008,2.014,2.0163,2.0162,2.0144,2.0116,2.0081,2.0043,2.0002,1.996,1.9919,1.9878
1.9532,1.9453,1.9353,1.923,1.9077,1.8891,1.8666,1.8396,1.8076,1.7699,1.7263,1.6763,1.6198,1.5573,1.4893,1.4174,1.3436,1.2709,1.2036,1.1467,1.1063,1.0876,1.0938,1.1248,1.1775,1.2471,1.3287,1.4174,1.5089,1.5993,1.6847,1.7622,1.8296,1.8855,1.9299,1.9632,1.9868,2.0024,2.0116,2.0164,2.0181,2.0178,2.0161,2.0135,2.0103,2.0067,2.0027,1.9986,1.9945,1.9903
1.9666,1.9596,1.9507,1.9392,1.9248,1.9069,1.8849,1.8581,1.8259,1.7874,1.7423,1.6898,1.6299,1.5626,1.4885,1.409,1.3262,1.2433,1.1651,1.0976,1.0484,1.0248,1.0311,1.0671,1.128,1.2073,1.2989,1.3974,1.4982,1.5968,1.689,1.7715,1.8419,1.8988,1.9424,1.9737,1.9945,2.0072,2.0142,2.0175,2.0187,2.0184,2.0171,2.0149,2.0121,2.0088,2.005,2.001,1.9969,1.9927
1.9807,1.9749,1.967,1.9568,1.9435,1.9266,1.9054,1.8791,1.8469,1.808,1.7616,1.707,1.6438,1.5718,1.4914,1.404,1.3115,1.2174,1.1266,1.0464,0.9863,0.9565,0.9633,1.0058,1.0768,1.1674,1.2702,1.3793,1.49,1.5973,1.6968,1.7846,1.8578,1.9154,1.9576,1.986,2.0032,2.0123,2.0165,2.0181,2.0186,2.0185,2.0176,2.016,2.0137,2.0107,2.0071,2.0032,1.9991,1.995
1.9955,1.991,1.9845,1.9756,1.9637,1.948,1.928,1.9026,1.8709,1.8319,1.7847,1.7283,1.662,1.5855,1.499,1.4034,1.3008,1.1946,1.0897,0.9944,0.9207,0.883,0.8909,0.9422,1.0257,1.1291,1.2438,1.3641,1.4851,1.6017,1.709,1.8023,1.8785,1.9365,1.9769,2.0017,2.0143,2.019,2.0197,2.0192,2.0188,2.0187,2.0183,2.0172,2.0153,2.0126,2.0092,2.0054,2.0014,1.9971
2.011,2.0079,2.003,1.9957,1.9854,1.9714,1.9528,1.9287,1.8979,1.8594,1.8118,1.7541,1.6852,1.6046,1.5121,1.4085,1.2956,1.1768,1.0568,0.9441,0.8534,0.8054,0.8151,0.8785,0.9771,1.0945,1.2215,1.353,1.4845,1.6109,1.7264,1.8258,1.9053,1.9636,2.0016,2.0221,2.0295,2.0289,2.0253,2.0221,2.0205,2.02,2.0197,2.0188,2.0172,2.0146,2.0114,2.0076,2.0036,1.9993
2.0271,2.0256,2.0224,2.0169,2.0086,1.9966,1.9799,1.9575,1.9282,1.8906,1.8433,1.7849,1.7141,1.6299,1.5319,1.4206,1.2978,1.1664,1.0311,0.8994,0.7879,0.7262,0.7391,0.8187,0.935,1.0666,1.2051,1.3472,1.4892,1.6258,1.7502,1.8561,1.9393,1.998,2.0334,2.0492,2.0506,2.0439,2.0352,2.0284,2.0247,2.0231,2.0224,2.0214,2.0197,2.0171,2.0138,2.01,2.0058,2.0014
2.0438,2.044,2.0427,2.0394,2.0333,2.0236,2.0093,1.9892,1.9618,1.9258,1.8794,1.8211,1.7491,1.6622,1.5594,1.4411,1.309,1.1663,1.017,0.8666,0.7312,0.6514,0.6694,0.7698,0.9048,1.0487,1.1966,1.3478,1.4999,1.647,1.781,1.8943,1.9816,2.0409,2.0737,2.0843,2.0791,2.0655,2.0508,2.0393,2.0324,2.0289,2.0269,2.0252,2.023,2.02,2.0165,2.0125,2.0081,2.0036
2.0609,2.063,2.0639,2.0629,2.0593,2.0524,2.0408,2.0235,1.9988,1.965,1.9204,1.8629,1.7908,1.7021,1.5956,1.4713,1.3311,1.179,1.0191,0.8545,0.696,0.5941,0.619,0.7428,0.8928,1.0439,1.1973,1.3557,1.5172,1.6748,1.8193,1.9409,2.0331,2.0933,2.1233,2.1283,2.1158,2.0946,2.0728,2.0556,2.0443,2.0376,2.0336,2.0304,2.0272,2.0236,2.0195,2.0151,2.0105,2.0058
2.0783,2.0825,2.0857,2.0873,2.0866,2.0828,2.0745,2.0605,2.039,2.0083,1.9661,1.9105,1.8393,1.7502,1.6414,1.5124,1.3655,1.2061,1.0409,0.8722,0.7021,0.5806,0.6116,0.7515,0.9044,1.0539,1.208,1.3711,1.5409,1.7094,1.865,1.9958,2.0936,2.1549,2.1819,2.1808,2.1603,2.1307,2.1009,2.0769,2.0602,2.0494,2.0423,2.037,2.0323,2.0277,2.0229,2.018,2.013,2.008
2.0959,2.1024,2.1081,2.1125,2.115,2.1146,2.1101,2.1,2.0825,2.0554,2.0166,1.9639,1.8949,1.8069,1.6974,1.5652,1.4128,1.248,1.0822,0.9229,0.7686,0.6508,0.679,0.8057,0.9401,1.0777,1.2279,1.3934,1.5706,1.7498,1.9171,2.058,2.1618,2.2243,2.2479,2.24,2.2109,2.1722,2.1339,2.1023,2.0793,2.0636,2.0529,2.0449,2.0383,2.0324,2.0267,2.0211,2.0156,2.0102
2.1137,2.1224,2.1307,2.1382,2.1442,2.1477,2.1475,2.1419,2.1289,2.1062,2.0716,2.0227,1.9571,1.8719,1.7639,1.6305,1.4735,1.3034,1.1381,0.9965,0.8869,0.8167,0.8247,0.8955,0.9924,1.1118,1.2552,1.4215,1.6052,1.7947,1.9738,2.125,2.235,2.2984,2.318,2.3025,2.2643,2.2163,2.1693,2.13,2.1005,2.0795,2.0647,2.0537,2.045,2.0375,2.0307,2.0243,2.0182,2.0124
2.1314,2.1425,2.1536,2.1643,2.174,2.1817,2.1862,2.1857,2.1779,2.1604,2.1306,2.0863,2.0252,1.9448,1.8407,1.7086,1.5482,1.371,1.2017,1.0708,1.002,0.9871,0.9751,0.987,1.0483,1.1508,1.2876,1.454,1.6428,1.8416,2.0317,2.1927,2.3084,2.372,2.3869,2.3636,2.3164,2.2595,2.2044,2.1579,2.1222,2.0961,2.0771,2.063,2.052,2.0428,2.0348,2.0275,2.0209,2.0146
2.1488,2.1623,2.1763,2.1904,2.204,2.2163,2.2259,2.2311,2.2292,2.2175,2.1931,2.1537,2.0981,2.0241,1.9271,1.7995,1.6375,1.451,1.2691,1.1309,1.0663,1.0628,1.0526,1.0508,1.0976,1.1909,1.3232,1.4892,1.6816,1.8875,2.0865,2.2556,2.3756,2.4387,2.4486,2.4179,2.3626,2.2982,2.2364,2.184,2.1429,2.1121,2.0894,2.0723,2.0589,2.0481,2.0389,2.0308,2.0234,2.0167
2.1658,2.1818,2.1986,2.2162,2.2339,2.251,2.2662,2.2776,2.2823,2.277,2.2582,2.224,2.1739,2.1077,2.0209,1.9026,1.7424,1.5457,1.3436,1.1816,1.0931,1.0722,1.0734,1.0885,1.1395,1.231,1.3608,1.5257,1.7194,1.929,2.1335,2.3075,2.4299,2.4915,2.497,2.4603,2.3992,2.3296,2.2631,2.2064,2.1612,2.1267,2.1007,2.081,2.0656,2.0532,2.0428,2.0338,2.0259,2.0187
2.1823,2.2006,2.2203,2.2413,2.2632,2.2854,2.3065,2.3246,2.3366,2.3383,2.3255,2.2957,2.2503,2.1923,2.1189,2.0154,1.8624,1.6579,1.4332,1.2409,1.1219,1.0808,1.0876,1.1198,1.1797,1.2725,1.4003,1.5624,1.7541,1.9631,2.1682,2.343,2.4652,2.5249,2.5272,2.4873,2.4233,2.3514,2.2829,2.2239,2.1762,2.1391,2.1107,2.0888,2.0717,2.0579,2.0464,2.0367,2.0281,2.0205
2.1979,2.2185,2.2411,2.2655,2.2915,2.3188,2.3461,2.3714,2.3913,2.4009,2.3943,2.368,2.325,2.2739,2.2162,2.1333,1.9946,1.7877,1.5437,1.3239,1.1784,1.1191,1.1223,1.1604,1.2245,1.3171,1.4414,1.5983,1.7842,1.9877,2.188,2.3591,2.4784,2.5361,2.5373,2.4972,2.4339,2.363,2.295,2.2358,2.1872,2.1487,2.1187,2.0953,2.0768,2.0619,2.0496,2.0392,2.0301,2.0221
2.2126,2.2354,2.2605,2.2882,2.3183,2.3505,2.384,2.4169,2.4455,2.464,2.4643,2.4402,2.3959,2.348,2.3064,2.2486,2.1307,1.929,1.6735,1.4335,1.2674,1.1904,1.1822,1.2155,1.2771,1.3657,1.4839,1.6327,1.8091,2.0022,2.1927,2.3557,2.4698,2.5257,2.5279,2.4909,2.4316,2.3645,2.2995,2.242,2.1941,2.1554,2.1246,2.1004,2.081,2.0652,2.0522,2.0413,2.0318,2.0235
2.2261,2.2509,2.2784,2.3091,2.3429,2.3799,2.4195,2.46,2.4979,2.5265,2.5351,2.5127,2.462,2.4107,2.3827,2.3517,2.2579,2.0679,1.8108,1.5607,1.3798,1.2856,1.2616,1.2835,1.3368,1.4178,1.527,1.6651,1.8287,2.0076,2.1841,2.3357,2.443,2.4972,2.5022,2.4707,2.418,2.357,2.297,2.2428,2.1968,2.1589,2.1283,2.1038,2.0839,2.0677,2.0542,2.0429,2.0331,2.0245
2.2384,2.2648,2.2945,2.3277,2.3649,2.4062,2.4513,2.4991,2.5465,2.5863,2.6055,2.586,2.5239,2.4595,2.4391,2.4317,2.3609,2.1867,1.9385,1.6893,1.5007,1.3921,1.3517,1.3593,1.4011,1.4717,1.5699,1.6951,1.8436,2.0058,2.1658,2.3039,2.4032,2.4558,2.4646,2.4402,2.3956,2.3423,2.2884,2.2388,2.1957,2.1596,2.1298,2.1055,2.0856,2.0692,2.0556,2.044,2.034,2.0253
2.2492,2.277,2.3084,2.3438,2.3837,2.4285,2.4784,2.5326,2.5888,2.6402,2.6721,2.6591,2.5837,2.4952,2.4724,2.4805,2.4272,2.2715,2.0416,1.8043,1.6163,1.4984,1.4439,1.4374,1.4667,1.5255,1.6115,1.7226,1.8548,1.9991,2.1416,2.2654,2.3562,2.407,2.4198,2.4029,2.3671,2.3221,2.2751,2.2308,2.1914,2.1576,2.1292,2.1057,2.0861,2.0699,2.0562,2.0445,2.0345,2.0257
2.2584,2.2874,2.3201,2.357,2.399,2.4464,2.4998,2.5589,2.6219,2.6833,2.7282,2.7253,2.6405,2.5223,2.4855,2.4967,2.454,2.3179,2.1134,1.8969,1.7174,1.5963,1.5319,1.5134,1.5307,1.5777,1.651,1.7478,1.8635,1.9899,2.1149,2.2245,2.3068,2.3556,2.372,2.3622,2.3349,2.2981,2.2583,2.2196,2.1842,2.1532,2.1267,2.1043,2.0855,2.0696,2.0561,2.0445,2.0345,2.0257
2.2661,2.2957,2.3293,2.3672,2.4104,2.4593,2.5146,2.5764,2.6434,2.7107,2.7642,2.7707,2.6847,2.5457,2.4875,2.4884,2.4493,2.3324,2.1563,1.9653,1.8001,1.6816,1.6117,1.5841,1.591,1.6269,1.6879,1.7707,1.8705,1.9798,2.0884,2.1846,2.2585,2.3049,2.3241,2.3206,2.301,2.2721,2.2392,2.206,2.1749,2.147,2.1227,2.1017,2.0838,2.0684,2.0553,2.044,2.0341,2.0255
2.272,2.3021,2.336,2.3743,2.4178,2.467,2.5226,2.5847,2.6519,2.7195,2.7738,2.7827,2.702,2.5633,2.4871,2.4688,2.4272,2.3265,2.1774,2.0128,1.8649,1.7529,1.6816,1.6479,1.6463,1.6722,1.7219,1.7916,1.8766,1.9703,2.0638,2.1476,2.2137,2.2574,2.2784,2.28,2.2672,2.2452,2.2187,2.1909,2.1641,2.1394,2.1173,2.0979,2.0811,2.0666,2.0539,2.043,2.0334,2.0249
2.2763,2.3064,2.3402,2.3783,2.4213,2.4697,2.524,2.5838,2.6477,2.7102,2.7579,2.7621,2.69,2.5685,2.4855,2.4478,2.4,2.3111,2.1849,2.0443,1.9142,1.8112,1.7413,1.704,1.696,1.7135,1.7529,1.8107,1.8824,1.962,2.042,2.1147,2.1734,2.2142,2.2362,2.2418,2.2345,2.2186,2.1978,2.1749,2.1521,2.1305,2.1108,2.0932,2.0776,2.064,2.052,2.0415,2.0322,2.024
2.279,2.3087,2.342,2.3792,2.421,2.4676,2.5191,2.5749,2.6328,2.6867,2.7238,2.7213,2.6593,2.5598,2.4794,2.4285,2.3742,2.2931,2.1849,2.0648,1.9513,1.8579,1.7914,1.7527,1.74,1.7504,1.781,1.8283,1.8882,1.9553,2.0235,2.0863,2.1382,2.1758,2.1982,2.2066,2.2038,2.1929,2.177,2.1586,2.1396,2.121,2.1036,2.0878,2.0735,2.0608,2.0496,2.0396,2.0307,2.0228
2.2801,2.3092,2.3415,2.3775,2.4174,2.4613,2.5091,2.5596,2.6099,2.654,2.6805,2.6728,2.6207,2.5408,2.4674,2.41,2.3514,2.2757,2.1814,2.078,1.979,1.8953,1.8331,1.7944,1.7784,1.7833,1.8063,1.8445,1.894,1.9504,2.0082,2.0623,2.108,2.1424,2.1644,2.1748,2.1754,2.1686,2.1569,2.1425,2.1268,2.111,2.0959,2.0818,2.0689,2.0572,2.0467,2.0373,2.0289,2.0213
2.2797,2.3079,2.339,2.3732,2.4108,2.4516,2.4949,2.5395,2.582,2.6167,2.6344,2.6238,2.5802,2.5155,2.45,2.3913,2.3312,2.2601,2.1764,2.0865,1.9998,1.925,1.8676,1.8299,1.8119,1.8123,1.829,1.8593,1.9,1.947,1.9959,2.0423,2.0824,2.1136,2.1349,2.1464,2.1496,2.1461,2.1379,2.1267,2.114,2.1008,2.0878,2.0754,2.0638,2.0532,2.0435,2.0348,2.0268,2.0196
2.278,2.305,2.3346,2.3669,2.4018,2.439,2.4778,2.5163,2.5514,2.5781,2.5891,2.5772,2.5406,2.4871,2.429,2.372,2.3127,2.2459,2.1709,2.0918,2.0155,1.9487,1.896,1.8599,1.8408,1.8378,1.8493,1.873,1.9061,1.945,1.9862,2.026,2.061,2.0892,2.1093,2.1214,2.1263,2.1254,2.12,2.1117,2.1016,2.0907,2.0796,2.0688,2.0585,2.0489,2.0401,2.0319,2.0245,2.0177
2.2751,2.3008,2.3287,2.3588,2.3909,2.4245,2.4586,2.4914,2.52,2.5401,2.5463,2.5341,2.5027,2.4575,2.4058,2.3521,2.2952,2.233,2.1652,2.095,2.0275,1.9677,1.9195,1.8853,1.8656,1.8601,1.8674,1.8855,1.9122,1.9443,1.9789,2.0128,2.0433,2.0685,2.0874,2.0996,2.1057,2.1066,2.1035,2.0975,2.0897,2.0808,2.0715,2.0621,2.0531,2.0445,2.0364,2.0289,2.022,2.0157
2.2711,2.2954,2.3215,2.3493,2.3785,2.4085,2.4382,2.4659,2.4889,2.5038,2.5066,2.4944,2.4671,2.428,2.3819,2.332,2.2785,2.2209,2.1594,2.0967,2.0366,1.9829,1.939,1.9067,1.887,1.8796,1.8834,1.897,1.9182,1.9446,1.9735,2.0023,2.0288,2.0513,2.0686,2.0806,2.0874,2.0897,2.0884,2.0843,2.0784,2.0712,2.0634,2.0555,2.0475,2.0399,2.0326,2.0258,2.0194,2.0135
2.2662,2.289,2.3132,2.3387,2.365,2.3916,2.4172,2.4404,2.4588,2.4696,2.47,2.458,2.4337,2.3994,2.358,2.3121,2.2625,2.2094,2.1536,2.0973,2.0434,1.9951,1.955,1.9248,1.9054,1.8966,1.8977,1.9075,1.9241,1.9456,1.9696,1.9941,2.017,2.0368,2.0527,2.0642,2.0713,2.0746,2.0746,2.0721,2.0677,2.0621,2.0557,2.0489,2.0421,2.0353,2.0288,2.0226,2.0167,2.0112
2.2605,2.2818,2.3041,2.3273,2.3509,2.3743,2.3963,2.4155,2.43,2.4376,2.4363,2.4246,2.4027,2.3721,2.3348,2.2928,2.2471,2.1983,2.1477,2.097,2.0486,2.0049,1.9683,1.9401,1.9211,1.9114,1.9104,1.917,1.9299,1.9472,1.9671,1.9877,2.0074,2.0249,2.0393,2.0501,2.0573,2.0612,2.0622,2.0609,2.0578,2.0534,2.0482,2.0425,2.0366,2.0307,2.0249,2.0193,2.0139,2.0088
2.2542,2.2739,2.2944,2.3154,2.3365,2.3569,2.3756,2.3915,2.4028,2.408,2.4053,2.394,2.374,2.3464,2.3126,2.2743,2.2323,2.1878,2.1418,2.096,2.0523,2.0128,1.9792,1.9529,1.9346,1.9243,1.9216,1.9257,1.9354,1.9492,1.9655,1.9829,1.9998,2.0151,2.028,2.038,2.0451,2.0494,2.0511,2.0507,2.0486,2.0453,2.0412,2.0364,2.0314,2.0262,2.021,2.016,2.0111,2.0064
2.2474,2.2656,2.2843,2.3032,2.3219,2.3396,2.3555,2.3685,2.3773,2.3804,2.3768,2.3658,2.3474,2.3223,2.2917,2.2566,2.2183,2.1777,2.1359,2.0944,2.0549,2.019,1.9883,1.9638,1.9461,1.9354,1.9315,1.9336,1.9406,1.9515,1.9648,1.9793,1.9937,2.007,2.0185,2.0277,2.0345,2.0389,2.0411,2.0415,2.0402,2.0378,2.0345,2.0306,2.0263,2.0218,2.0172,2.0127,2.0083,2.004
2.2401,2.2569,2.2739,2.2908,2.3073,2.3227,2.3362,2.3467,2.3534,2.355,2.3506,2.3399,2.3228,2.2999,2.272,2.24,2.205,2.168,2.13,2.0924,2.0566,2.0239,1.9957,1.9729,1.956,1.9452,1.9402,1.9406,1.9455,1.9539,1.9647,1.9767,1.9889,2.0004,2.0106,2.019,2.0254,2.0298,2.0323,2.0331,2.0325,2.0308,2.0282,2.025,2.0214,2.0175,2.0135,2.0095,2.0055,2.0016
