docs/data/wind_grid.json
[{"header":{"la1":42.85,"la2":41.18,"lo1":11.55,"lo2":14.05,"nx":36,"ny":24,"dx":0.07143,"dy":0.07261,"parameterCategory":2,"parameterNumber":2,"parameterNumberName":"eastward_wind","parameterUnit":"m.s-1"},"data":[-1.1876,-1.1938,-1.198,-1.2,-1.1995,-1.1956,-1.187,-1.1718,-1.1488,-1.1181,-1.082,-1.0438,-1.0068,-0.973,-0.9433,-0.9173,-0.8937,-0.8711,-0.8479,-0.8237,-0.8005,-0.7822,-0.7727,-0.7728,-0.7801,-0.7905,-0.8012,-0.8103,-0.8176,-0.8229,-0.8267,-0.8293,-0.8311,-0.8323,-0.833,-0.8336,-1.2153,-1.2246,-1.2318,-1.2369,-1.2399,-1.2403,-1.2358,-1.2226,-1.1969,-1.1583,-1.1107,-1.0607,-1.0137,-0.9727,-0.9386,-0.9104,-0.8855,-0.861,-0.8333,-0.8007,-0.7658,-0.7374,-0.7256,-0.7319,-0.7495,-0.7696,-0.7873,-0.801,-0.8108,-0.8176,-0.8221,-0.8251,-0.8269,-0.8281,-0.8289,-0.8294,-1.2469,-1.2602,-1.271,-1.2797,-1.2877,-1.2956,-1.3007,-1.2948,-1.2678,-1.2166,-1.1499,-1.081,-1.0196,-0.9695,-0.931,-0.9016,-0.8775,-0.8529,-0.821,-0.775,-0.716,-0.6645,-0.649,-0.6718,-0.7107,-0.7469,-0.7743,-0.7932,-0.8054,-0.8132,-0.8181,-0.8211,-0.8229,-0.824,-0.8246,-0.8251,-1.2832,-1.3017,-1.3168,-1.3291,-1.3425,-1.3623,-1.3879,-1.4033,-1.3799,-1.306,-1.2037,-1.1038,-1.0218,-0.9607,-0.9181,-0.8899,-0.8701,-0.8504,-0.8181,-0.7544,-0.6459,-0.5357,-0.5173,-0.5861,-0.6674,-0.7274,-0.7656,-0.7887,-0.8023,-0.8102,-0.8148,-0.8174,-0.8189,-0.8197,-0.8201,-0.8204,-1.3252,-1.3516,-1.3722,-1.3865,-1.4023,-1.4365,-1.5021,-1.5753,-1.5725,-1.4479,-1.2738,-1.1236,-1.0148,-0.9416,-0.8964,-0.8728,-0.8632,-0.8569,-0.8368,-0.7647,-0.5713,-0.3137,-0.3102,-0.4919,-0.6376,-0.721,-0.7656,-0.7893,-0.8019,-0.8086,-0.812,-0.8138,-0.8146,-0.815,-0.8152,-0.8153,-1.3735,-1.4133,-1.4436,-1.4575,-1.4645,-1.5034,-1.6286,-1.84,-1.9096,-1.6551,-1.3429,-1.1259,-0.9898,-0.9059,-0.8597,-0.8447,-0.8531,-0.8713,-0.8812,-0.8417,-0.6088,-0.1758,-0.2016,-0.4854,-0.6571,-0.739,-0.7772,-0.7953,-0.8037,-0.8076,-0.8093,-0.8098,-0.8099,-0.8097,-0.8096,-0.8096,-1.4266,-1.4895,-1.5432,-1.5594,-1.5344,-1.5384,-1.6871,-2.0694,-2.2723,-1.799,-1.3438,-1.0869,-0.938,-0.8462,-0.7973,-0.793,-0.8289,-0.8814,-0.9107,-0.9124,-0.8462,-0.6023,-0.5369,-0.6549,-0.7404,-0.7809,-0.7978,-0.8041,-0.806,-0.8062,-0.8057,-0.8049,-0.8042,-0.8035,-0.8031,-0.803,-1.476,-1.5723,-1.6774,-1.7212,-1.6322,-1.5376,-1.5833,-1.8247,-1.9393,-1.5675,-1.2117,-0.9989,-0.8597,-0.7562,-0.6889,-0.6898,-0.7677,-0.8718,-0.9406,-1.027,-1.2364,-1.1926,-0.981,-0.8777,-0.8428,-0.8274,-0.8175,-0.8105,-0.8057,-0.8024,-0.8001,-0.7984,-0.7971,-0.7961,-0.7954,-0.7952,-1.5059,-1.627,-1.7871,-1.8939,-1.7267,-1.5209,-1.4164,-1.3938,-1.3326,-1.1757,-1.0221,-0.8927,-0.7709,-0.6378,-0.4929,-0.4672,-0.6413,-0.8416,-1.0089,-1.2748,-1.7799,-1.674,-1.2435,-1.0142,-0.9076,-0.8537,-0.8243,-0.8081,-0.7993,-0.7946,-0.7917,-0.7897,-0.7881,-0.7869,-0.7862,-0.7861,-1.505,-1.6214,-1.7531,-1.8207,-1.7128,-1.4926,-1.2919,-1.1389,-0.9816,-0.8899,-0.8724,-0.8073,-0.6989,-0.5313,-0.1721,0.0131,-0.4784,-0.8313,-1.0451,-1.2765,-1.5978,-1.5428,-1.2359,-1.0278,-0.9103,-0.8443,-0.8089,-0.7918,-0.7845,-0.7815,-0.7799,-0.7784,-0.777,-0.7757,-0.7751,-0.7751,-1.4779,-1.5859,-1.7243,-1.9069,-1.8438,-1.4791,-1.2081,-1.0266,-0.7747,-0.6606,-0.7897,-0.7575,-0.6558,-0.5222,-0.2098,0.023,-0.5589,-0.964,-1.1527,-1.2154,-1.2624,-1.2244,-1.0908,-0.9557,-0.8553,-0.7934,-0.7656,-0.759,-0.7607,-0.7635,-0.7649,-0.7646,-0.7633,-0.762,-0.7614,-0.7618,-1.4297,-1.5257,-1.6677,-1.8581,-1.778,-1.3896,-1.1424,-1.0456,-0.8907,-0.7644,-0.7974,-0.7427,-0.6228,-0.4864,-0.4923,-0.5728,-0.8905,-1.4066,-1.5562,-1.3236,-1.1588,-1.0562,-0.9558,-0.85,-0.7531,-0.6955,-0.6904,-0.7106,-0.7305,-0.7427,-0.7479,-0.7484,-0.7468,-0.745,-0.7444,-0.7454,-1.3637,-1.4286,-1.5042,-1.5511,-1.456,-1.2449,-1.1029,-1.0861,-1.0352,-0.9091,-0.8325,-0.7754,-0.6662,-0.4505,-0.5083,-0.6983,-1.0629,-2.2684,-2.3255,-1.4622,-1.1036,-0.9421,-0.8412,-0.7377,-0.6118,-0.542,-0.5871,-0.6566,-0.7015,-0.7233,-0.7304,-0.7298,-0.7262,-0.7232,-0.7225,-0.7246,-1.2915,-1.3238,-1.3461,-1.3339,-1.262,-1.1566,-1.0831,-1.0665,-1.0291,-0.9324,-0.8573,-0.8342,-0.8031,-0.5335,-0.6189,-0.608,-0.8735,-1.6143,-1.7824,-1.2592,-0.9314,-0.7831,-0.7236,-0.65,-0.4969,-0.4003,-0.5089,-0.6251,-0.6859,-0.7098,-0.7134,-0.7073,-0.699,-0.6937,-0.6934,-0.698,-1.225,-1.236,-1.2342,-1.2104,-1.1617,-1.1026,-1.0554,-1.024,-0.9843,-0.9367,-0.901,-0.8446,-0.7316,-0.6142,-0.6741,-0.6103,-1.2308,-1.116,-1.0977,-0.8577,-0.565,-0.4978,-0.5796,-0.6094,-0.5348,-0.471,-0.5505,-0.6442,-0.6918,-0.7039,-0.6948,-0.6765,-0.6596,-0.6512,-0.6531,-0.6631,-1.1697,-1.1694,-1.1591,-1.136,-1.1013,-1.0619,-1.0256,-0.9941,-0.9667,-0.9638,-1.0302,-0.9125,-0.8471,-0.7638,-0.7836,-0.9137,-1.1527,-0.9788,-0.8135,-0.4908,0.0778,-0.0426,-0.4244,-0.5919,-0.6263,-0.6277,-0.6612,-0.7005,-0.7151,-0.7022,-0.6689,-0.6281,-0.5969,-0.5867,-0.5964,-0.6178,-1.1256,-1.1199,-1.1073,-1.087,-1.0604,-1.0309,-1.0021,-0.9767,-0.9598,-0.9681,-1.0171,-0.9488,-0.9245,-0.9291,-0.8723,-0.8903,-0.8905,-0.766,-0.6022,-0.3848,0.178,0.0211,-0.4096,-0.6163,-0.7029,-0.7434,-0.7654,-0.7679,-0.7468,-0.6992,-0.6264,-0.5458,-0.4922,-0.4871,-0.5181,-0.562,-1.0908,-1.083,-1.0702,-1.0526,-1.0312,-1.008,-0.9851,-0.965,-0.9513,-0.9477,-0.947,-0.9327,-0.9464,-0.9549,-0.9468,-0.9408,-0.8261,-0.5413,-0.2707,-0.4662,-0.3889,-0.4001,-0.5609,-0.6976,-0.7896,-0.8512,-0.8693,-0.8409,-0.7836,-0.6936,-0.5606,-0.4085,-0.321,-0.3427,-0.4208,-0.5015,-1.0634,-1.0549,-1.0429,-1.0276,-1.01,-0.9911,-0.9727,-0.9563,-0.9437,-0.9354,-0.9295,-0.926,-0.9336,-0.9634,-1.09,-1.1454,-0.885,-0.6051,-0.4545,-0.6789,-0.6738,-0.6643,-0.7187,-0.7955,-0.8756,-0.9533,-0.9688,-0.9103,-0.8233,-0.6934,-0.4879,-0.2286,-0.0992,-0.1835,-0.3315,-0.4532,-1.0417,-1.0331,-1.0221,-1.0089,-0.9941,-0.9786,-0.9634,-0.9497,-0.9384,-0.93,-0.9247,-0.9242,-0.9343,-0.9718,-1.0691,-1.0923,-0.9187,-0.7944,-0.8846,-0.9662,-0.834,-0.816,-0.8456,-0.8833,-0.9314,-0.9844,-0.9949,-0.9567,-0.8625,-0.7142,-0.4764,-0.1568,-0.0046,-0.1259,-0.3044,-0.4404,-1.0242,-1.016,-1.0061,-0.9946,-0.982,-0.969,-0.9564,-0.9448,-0.9349,-0.9274,-0.9228,-0.9225,-0.9298,-0.9489,-0.9745,-0.9649,-0.904,-0.86,-0.8872,-0.9125,-0.9065,-0.9529,-0.987,-0.9759,-0.9784,-1.0236,-1.0955,-1.0395,-0.8974,-0.7528,-0.563,-0.3189,-0.1845,-0.2422,-0.3649,-0.4714,-1.01,-1.0024,-0.9934,-0.9834,-0.9726,-0.9616,-0.9508,-0.9409,-0.9323,-0.9256,-0.9211,-0.9197,-0.9221,-0.9277,-0.9306,-0.9203,-0.8974,-0.8825,-0.8919,-0.9239,-1.0049,-1.1589,-1.2095,-1.0938,-1.0243,-1.0648,-1.1804,-1.074,-0.867,-0.765,-0.6625,-0.5236,-0.425,-0.4189,-0.4689,-0.5301,-0.9984,-0.9913,-0.9833,-0.9744,-0.9651,-0.9556,-0.9464,-0.9378,-0.9302,-0.924,-0.9195,-0.9168,-0.9159,-0.9156,-0.9134,-0.907,-0.8989,-0.898,-0.915,-0.9653,-1.0879,-1.3052,-1.3675,-1.1734,-1.0439,-1.0222,-1.0265,-0.9005,-0.7306,-0.7293,-0.7112,-0.644,-0.5804,-0.5552,-0.5653,-0.5929,-0.9888,-0.9823,-0.975,-0.9672,-0.959,-0.9507,-0.9427,-0.9351,-0.9284,-0.9226,-0.918,-0.9146,-0.9121,-0.9099,-0.9073,-0.9042,-0.9031,-0.9093,-0.9309,-0.9806,-1.0767,-1.2049,-1.2368,-1.1297,-1.0279,-0.9739,-0.9221,-0.8131,-0.7108,-0.722,-0.7305,-0.7015,-0.6643,-0.6412,-0.6371,-0.6466]},{"header":{"la1":42.85,"la2":41.18,"lo1":11.55,"lo2":14.05,"nx":36,"ny":24,"dx":0.07143,"dy":0.07261,"parameterCategory":2,"parameterNumber":3,"parameterNumberName":"northward_wind","parameterUnit":"m.s-1"},"data":[-0.7092,-0.7064,-0.7005,-0.6913,-0.6791,-0.6649,-0.6499,-0.6357,-0.6229,-0.6114,-0.5999,-0.5867,-0.5705,-0.5507,-0.5275,-0.5017,-0.4748,-0.4489,-0.426,-0.4075,-0.3941,-0.3852,-0.3801,-0.3778,-0.3777,-0.3795,-0.383,-0.3877,-0.3934,-0.3998,-0.4065,-0.4134,-0.4203,-0.4272,-0.4339,-0.4403,-0.7275,-0.7255,-0.7191,-0.7078,-0.6919,-0.6727,-0.6528,-0.6351,-0.6215,-0.6117,-0.6031,-0.5923,-0.5768,-0.5557,-0.529,-0.4981,-0.4651,-0.4332,-0.4057,-0.3853,-0.3722,-0.3652,-0.3619,-0.3609,-0.3618,-0.3649,-0.3698,-0.3761,-0.3835,-0.3914,-0.3996,-0.4079,-0.4161,-0.4241,-0.4318,-0.4391,-0.7493,-0.7491,-0.7426,-0.7286,-0.7069,-0.6792,-0.6499,-0.6251,-0.6102,-0.6051,-0.6036,-0.5986,-0.5858,-0.5638,-0.5331,-0.4953,-0.4534,-0.4127,-0.3792,-0.3576,-0.3481,-0.3463,-0.346,-0.3454,-0.3461,-0.3497,-0.356,-0.3641,-0.3734,-0.3832,-0.3931,-0.403,-0.4126,-0.4218,-0.4305,-0.4387,-0.7759,-0.7794,-0.7743,-0.7572,-0.7266,-0.6841,-0.636,-0.5953,-0.5774,-0.584,-0.5991,-0.6064,-0.5991,-0.5771,-0.5418,-0.4948,-0.4399,-0.385,-0.3422,-0.3218,-0.3244,-0.3373,-0.3409,-0.3348,-0.3311,-0.3339,-0.3416,-0.3519,-0.3635,-0.3754,-0.3872,-0.3988,-0.4099,-0.4204,-0.4303,-0.4394,-0.8081,-0.8194,-0.8194,-0.8003,-0.7574,-0.6903,-0.605,-0.5246,-0.4967,-0.5347,-0.5882,-0.618,-0.6196,-0.5986,-0.5585,-0.5003,-0.426,-0.3462,-0.2855,-0.2697,-0.3034,-0.3585,-0.361,-0.3303,-0.3151,-0.3165,-0.3264,-0.3397,-0.354,-0.3684,-0.3823,-0.3957,-0.4084,-0.4204,-0.4314,-0.4415,-0.846,-0.8727,-0.8867,-0.8705,-0.812,-0.7103,-0.5612,-0.3838,-0.3195,-0.445,-0.5787,-0.641,-0.6518,-0.6323,-0.5891,-0.5195,-0.4198,-0.2974,-0.1959,-0.1842,-0.2569,-0.3827,-0.3769,-0.3117,-0.29,-0.2953,-0.3103,-0.3279,-0.3455,-0.3626,-0.3788,-0.3941,-0.4086,-0.422,-0.4343,-0.4454,-0.886,-0.9407,-0.9902,-0.9907,-0.9098,-0.7687,-0.5601,-0.2456,-0.1012,-0.384,-0.6084,-0.6881,-0.6997,-0.6821,-0.6416,-0.5666,-0.4433,-0.2727,-0.1171,-0.1097,-0.1303,-0.2132,-0.2519,-0.24,-0.2485,-0.2702,-0.2944,-0.3175,-0.3388,-0.3586,-0.3771,-0.3945,-0.4108,-0.4258,-0.4394,-0.4515,-0.916,-1.0115,-1.1411,-1.1997,-1.0598,-0.8696,-0.6864,-0.444,-0.3386,-0.5624,-0.7253,-0.7666,-0.7624,-0.7501,-0.7281,-0.6621,-0.5235,-0.3313,-0.1609,-0.0519,0.1637,0.1566,-0.0206,-0.1346,-0.201,-0.2468,-0.2816,-0.3101,-0.3347,-0.357,-0.3778,-0.3974,-0.4157,-0.4324,-0.4474,-0.4605,-0.9136,-1.0315,-1.2652,-1.4667,-1.17,-0.9379,-0.8648,-0.8275,-0.8472,-0.9119,-0.9097,-0.8624,-0.8282,-0.8321,-0.8721,-0.8464,-0.6656,-0.4364,-0.2094,0.1194,0.683,0.5789,0.156,-0.0642,-0.1724,-0.2345,-0.2759,-0.3073,-0.334,-0.3584,-0.3815,-0.4034,-0.424,-0.4427,-0.4591,-0.4731,-0.8648,-0.928,-1.0527,-1.1373,-0.8944,-0.8885,-0.9993,-1.1259,-1.2889,-1.3264,-1.121,-0.9469,-0.8765,-0.9018,-1.0945,-1.2059,-0.8263,-0.5244,-0.2836,0.039,0.4591,0.419,0.1153,-0.0751,-0.1782,-0.2389,-0.2792,-0.31,-0.337,-0.3629,-0.3885,-0.4133,-0.4367,-0.4577,-0.4756,-0.4903,-0.796,-0.7655,-0.6211,-0.2173,-0.2925,-0.7968,-1.1274,-1.3472,-1.6818,-1.8586,-1.2858,-0.982,-0.896,-0.9137,-1.0736,-1.2151,-0.7992,-0.5375,-0.3668,-0.1798,0.0038,0.0429,-0.0435,-0.1393,-0.2104,-0.2584,-0.2911,-0.3173,-0.3431,-0.3706,-0.3994,-0.4283,-0.4553,-0.4792,-0.4987,-0.5138,-0.751,-0.6882,-0.5165,-0.2206,-0.3283,-0.8885,-1.3259,-1.5592,-1.6022,-1.6075,-1.1929,-0.9461,-0.905,-0.9818,-0.9121,-0.7696,-0.5991,-0.4941,-0.4253,-0.3044,-0.1916,-0.1399,-0.1523,-0.1992,-0.2521,-0.2899,-0.3102,-0.3275,-0.351,-0.3811,-0.4153,-0.4501,-0.4825,-0.5098,-0.5309,-0.5455,-0.741,-0.703,-0.6335,-0.5844,-0.7243,-1.0777,-1.4844,-1.8001,-1.625,-1.2855,-1.0117,-0.8899,-0.8816,-1.0241,-0.8937,-0.5404,-0.411,-0.5179,-0.5144,-0.3339,-0.2259,-0.1774,-0.183,-0.231,-0.2989,-0.3379,-0.3355,-0.3376,-0.3591,-0.3948,-0.438,-0.4823,-0.5223,-0.5541,-0.5759,-0.5883,-0.7481,-0.7414,-0.74,-0.7774,-0.9023,-1.1223,-1.3941,-1.6217,-1.4891,-1.0993,-0.8656,-0.8746,-0.8983,-0.7831,-0.557,-0.2387,-0.1409,-0.2933,-0.3667,-0.2498,-0.1484,-0.1109,-0.1453,-0.2277,-0.338,-0.3897,-0.3545,-0.3411,-0.3655,-0.413,-0.4715,-0.5309,-0.5821,-0.6189,-0.6394,-0.6461,-0.7546,-0.7653,-0.7879,-0.837,-0.9254,-1.0487,-1.1761,-1.2318,-1.1026,-0.8495,-0.6709,-0.6306,-0.6446,-0.6106,-0.3882,-0.1071,0.8352,0.1149,-0.1352,-0.0829,0.08,0.0927,-0.0358,-0.1731,-0.2956,-0.3525,-0.3313,-0.3292,-0.3691,-0.4384,-0.5229,-0.607,-0.6748,-0.7158,-0.7295,-0.7233,-0.753,-0.769,-0.7939,-0.8324,-0.885,-0.9422,-0.9794,-0.9555,-0.836,-0.6415,-0.4519,-0.353,-0.4224,-0.468,-0.3135,0.0951,0.5909,0.1073,-0.1049,0.084,0.5942,0.4801,0.1103,-0.0904,-0.1961,-0.2456,-0.2624,-0.2952,-0.3675,-0.4748,-0.6034,-0.7297,-0.8226,-0.863,-0.8568,-0.8241,-0.7434,-0.7581,-0.7774,-0.8015,-0.8274,-0.8462,-0.8424,-0.7975,-0.7018,-0.5673,-0.4456,-0.3992,-0.2921,-0.2354,-0.2846,-0.1633,-0.0935,-0.2567,-0.3656,-0.022,0.664,0.5274,0.1358,-0.0432,-0.1074,-0.1232,-0.149,-0.2264,-0.3549,-0.5249,-0.7284,-0.9304,-1.0624,-1.0854,-1.0303,-0.9479,-0.7281,-0.7389,-0.7511,-0.7633,-0.772,-0.7711,-0.7522,-0.7082,-0.6385,-0.5547,-0.4783,-0.4037,-0.2639,-0.2226,-0.2955,-0.2899,-0.336,-0.661,-1.057,-0.4249,0.0347,0.1226,0.0252,-0.0381,-0.0154,0.0699,0.0674,-0.1004,-0.328,-0.5874,-0.907,-1.2464,-1.4385,-1.3986,-1.242,-1.0813,-0.7098,-0.7164,-0.7223,-0.726,-0.7247,-0.7147,-0.6917,-0.6535,-0.6017,-0.5424,-0.4822,-0.4194,-0.3549,-0.3237,-0.3131,-0.3091,-0.3728,-0.6001,-0.7676,-0.316,-0.1467,-0.0714,-0.0597,-0.0414,0.0825,0.3886,0.4524,0.0462,-0.3158,-0.6519,-1.0986,-1.6396,-1.9073,-1.7351,-1.4341,-1.1884,-0.6905,-0.6934,-0.6946,-0.6928,-0.686,-0.6721,-0.6492,-0.6166,-0.5758,-0.5299,-0.482,-0.434,-0.3898,-0.3549,-0.3257,-0.3185,-0.3427,-0.3398,-0.0881,0.0615,-0.0987,-0.0983,-0.0796,-0.0568,0.0585,0.4177,0.5033,-0.0588,-0.3916,-0.6962,-1.1618,-1.7969,-2.1019,-1.8571,-1.4966,-1.2228,-0.6716,-0.6716,-0.6694,-0.6642,-0.6546,-0.6394,-0.6178,-0.5897,-0.5562,-0.519,-0.4801,-0.4414,-0.4052,-0.3734,-0.3486,-0.3343,-0.3186,-0.2624,-0.1276,-0.0577,-0.0796,-0.0416,-0.0228,-0.0662,-0.1146,-0.2005,-0.515,-0.5316,-0.549,-0.7128,-1.0318,-1.4884,-1.7468,-1.6295,-1.3829,-1.1685,-0.6538,-0.6515,-0.6472,-0.6399,-0.629,-0.6137,-0.5938,-0.5693,-0.5409,-0.5098,-0.4773,-0.4448,-0.4137,-0.3854,-0.3607,-0.338,-0.3083,-0.2581,-0.1877,-0.1205,-0.0272,0.1379,0.1838,0.0029,-0.2177,-0.5125,-0.8645,-0.7417,-0.6707,-0.7259,-0.8697,-1.108,-1.2843,-1.2882,-1.1843,-1.0597,-0.6373,-0.6336,-0.6278,-0.6194,-0.608,-0.5932,-0.5749,-0.5532,-0.5286,-0.502,-0.4741,-0.446,-0.4186,-0.3923,-0.3669,-0.3403,-0.3076,-0.2631,-0.204,-0.1206,0.0327,0.2947,0.3706,0.0821,-0.2155,-0.4686,-0.6473,-0.6958,-0.7664,-0.7586,-0.7833,-0.8887,-0.9928,-1.0299,-1.0022,-0.9429,-0.6225,-0.6177,-0.611,-0.6021,-0.5907,-0.5766,-0.5598,-0.5403,-0.5187,-0.4954,-0.471,-0.4462,-0.4213,-0.3966,-0.3714,-0.3441,-0.3117,-0.2707,-0.216,-0.1359,-0.0083,0.1541,0.1863,0.0046,-0.2211,-0.4118,-0.5573,-0.6798,-0.7768,-0.7598,-0.7438,-0.7826,-0.837,-0.869,-0.8683,-0.8437]}]