docs/data/wind_grid.json
[{"header":{"la1":42.85,"la2":41.18,"lo1":11.55,"lo2":14.05,"nx":36,"ny":24,"dx":0.07143,"dy":0.07261,"parameterCategory":2,"parameterNumber":2,"parameterNumberName":"eastward_wind","parameterUnit":"m.s-1"},"data":[-0.4335,-0.4428,-0.4539,-0.4662,-0.4784,-0.4889,-0.4949,-0.494,-0.4839,-0.4643,-0.4362,-0.4018,-0.3635,-0.3233,-0.2827,-0.2434,-0.2074,-0.1775,-0.1568,-0.1475,-0.1497,-0.1615,-0.1796,-0.2008,-0.2226,-0.2433,-0.2621,-0.2788,-0.2932,-0.3054,-0.3158,-0.3246,-0.3319,-0.3381,-0.3433,-0.3477,-0.432,-0.4439,-0.459,-0.4769,-0.4964,-0.515,-0.5288,-0.5329,-0.5233,-0.4989,-0.462,-0.417,-0.3676,-0.3164,-0.2647,-0.2136,-0.1655,-0.1245,-0.0965,-0.0861,-0.0936,-0.1149,-0.1437,-0.1748,-0.2046,-0.2315,-0.2548,-0.2746,-0.2911,-0.3047,-0.3159,-0.3251,-0.3327,-0.3389,-0.344,-0.3483,-0.4271,-0.4415,-0.4611,-0.4863,-0.5161,-0.5478,-0.5754,-0.5898,-0.5822,-0.5499,-0.4987,-0.4377,-0.3734,-0.3085,-0.2429,-0.1764,-0.1104,-0.0511,-0.0102,0.0014,-0.017,-0.0555,-0.1017,-0.147,-0.1874,-0.2215,-0.2497,-0.2725,-0.291,-0.3057,-0.3175,-0.3269,-0.3344,-0.3404,-0.3453,-0.3493,-0.4171,-0.4333,-0.4575,-0.4913,-0.5352,-0.5872,-0.6398,-0.6759,-0.6739,-0.6266,-0.5497,-0.4639,-0.3798,-0.2987,-0.2175,-0.1319,-0.0394,0.0525,0.119,0.1316,0.0894,0.0186,-0.0553,-0.1202,-0.1732,-0.2152,-0.2481,-0.2737,-0.2935,-0.3089,-0.3208,-0.3299,-0.337,-0.3426,-0.347,-0.3506,-0.4,-0.4162,-0.4436,-0.4861,-0.5472,-0.6288,-0.7255,-0.8091,-0.8227,-0.7418,-0.6153,-0.4919,-0.3836,-0.2854,-0.1891,-0.0834,0.0452,0.1962,0.3187,0.3304,0.2336,0.1035,-0.0111,-0.0997,-0.1659,-0.215,-0.2516,-0.2789,-0.2994,-0.3146,-0.3259,-0.3344,-0.3407,-0.3455,-0.3492,-0.3521,-0.3734,-0.3859,-0.4131,-0.4618,-0.5399,-0.6565,-0.8195,-1.001,-1.0569,-0.8966,-0.6819,-0.5114,-0.3789,-0.2654,-0.1575,-0.0384,0.125,0.3673,0.6082,0.6104,0.3979,0.1773,0.0163,-0.0938,-0.1698,-0.2233,-0.2616,-0.2891,-0.3089,-0.3231,-0.3331,-0.3402,-0.3453,-0.3489,-0.3515,-0.3536,-0.3353,-0.3379,-0.3575,-0.4058,-0.4949,-0.6376,-0.8564,-1.1535,-1.2777,-1.0009,-0.7046,-0.5071,-0.3598,-0.2324,-0.1157,-0.0002,0.1601,0.458,0.8343,0.8185,0.4788,0.1912,0.0068,-0.1107,-0.1887,-0.2421,-0.2792,-0.3049,-0.3225,-0.3344,-0.3422,-0.3472,-0.3504,-0.3525,-0.3539,-0.3549,-0.2851,-0.2675,-0.266,-0.3015,-0.3937,-0.5456,-0.7529,-0.999,-1.0912,-0.8806,-0.6517,-0.4788,-0.3276,-0.1777,-0.0375,0.0617,0.1466,0.332,0.6057,0.6057,0.3455,0.11,-0.0482,-0.1524,-0.2231,-0.2717,-0.3047,-0.3264,-0.3402,-0.3484,-0.3529,-0.355,-0.3558,-0.3559,-0.3557,-0.3556,-0.2261,-0.1738,-0.1258,-0.1227,-0.2174,-0.3957,-0.5825,-0.7257,-0.7734,-0.7122,-0.5942,-0.4543,-0.2973,-0.0985,0.1385,0.2487,0.1788,0.1536,0.2117,0.2085,0.1009,-0.0272,-0.1327,-0.2121,-0.2704,-0.3113,-0.338,-0.3537,-0.3616,-0.3646,-0.3646,-0.363,-0.3608,-0.3585,-0.3566,-0.3553,-0.1696,-0.0699,0.0631,0.1675,0.0683,-0.222,-0.4655,-0.6166,-0.7189,-0.7301,-0.6092,-0.4584,-0.2979,-0.0467,0.4682,0.7218,0.2897,0.0498,-0.02,-0.0488,-0.0941,-0.1561,-0.2205,-0.279,-0.3268,-0.3604,-0.3795,-0.3867,-0.3864,-0.3822,-0.3764,-0.3702,-0.3644,-0.3595,-0.3557,-0.3532,-0.1362,0.0012,0.225,0.4979,0.4162,-0.0912,-0.4244,-0.5981,-0.8273,-0.9317,-0.6606,-0.4787,-0.3484,-0.173,0.3474,0.7134,0.1901,-0.0817,-0.1748,-0.2007,-0.22,-0.2523,-0.2963,-0.3458,-0.3912,-0.4212,-0.4309,-0.4256,-0.4135,-0.3999,-0.3869,-0.3753,-0.3655,-0.3578,-0.3522,-0.3486,-0.1435,-0.0126,0.1969,0.4446,0.3471,-0.1483,-0.4523,-0.5681,-0.679,-0.7801,-0.6146,-0.4963,-0.4139,-0.3776,-0.2634,-0.0635,-0.1295,-0.2771,-0.326,-0.3052,-0.2993,-0.3173,-0.3555,-0.4101,-0.4678,-0.5008,-0.4957,-0.4696,-0.4407,-0.4153,-0.394,-0.3764,-0.3623,-0.3518,-0.3446,-0.3406,-0.1877,-0.1009,0.0073,0.0766,-0.0381,-0.2951,-0.4745,-0.6644,-0.4596,-0.5603,-0.5626,-0.5576,-0.4865,-0.4277,-0.4061,-0.2859,-0.2875,-0.4431,-0.4512,-0.3653,-0.3423,-0.3549,-0.3957,-0.468,-0.5599,-0.6066,-0.572,-0.5125,-0.4627,-0.4248,-0.395,-0.3711,-0.3527,-0.3396,-0.3315,-0.3278,-0.247,-0.2041,-0.1694,-0.1759,-0.2548,-0.3698,-0.4363,-0.3782,-0.414,-0.5287,-0.5736,-0.663,-0.6481,-0.164,-0.3281,-0.2833,-0.2509,-0.3677,-0.4046,-0.3669,-0.3505,-0.3627,-0.41,-0.5001,-0.6311,-0.6965,-0.6253,-0.5357,-0.4712,-0.424,-0.3866,-0.3564,-0.3334,-0.3183,-0.3106,-0.3089,-0.3032,-0.2873,-0.2839,-0.3049,-0.3533,-0.4107,-0.4485,-0.4641,-0.5084,-0.5878,-0.6363,-0.5978,-0.4523,-0.3048,-0.3283,-0.1753,0.0336,-0.2273,-0.3417,-0.3445,-0.312,-0.3247,-0.3919,-0.4848,-0.595,-0.6501,-0.5974,-0.5221,-0.461,-0.4104,-0.3659,-0.3281,-0.3,-0.2839,-0.279,-0.2823,-0.3489,-0.3467,-0.3541,-0.3749,-0.4077,-0.4449,-0.4793,-0.5159,-0.5759,-0.6879,-0.88,-0.6471,-0.5574,-0.4419,-0.4037,-0.2482,-0.0876,-0.2739,-0.3674,-0.3247,-0.1825,-0.223,-0.3591,-0.4547,-0.5208,-0.5498,-0.5316,-0.4886,-0.4384,-0.3849,-0.3303,-0.2805,-0.2453,-0.2306,-0.2336,-0.2469,-0.3841,-0.3882,-0.3991,-0.4178,-0.4432,-0.4728,-0.5054,-0.5456,-0.605,-0.7054,-0.8476,-0.7115,-0.6021,-0.5822,-0.5433,-0.4889,-0.4302,-0.447,-0.459,-0.3808,-0.1727,-0.2241,-0.3756,-0.4569,-0.4974,-0.5125,-0.5019,-0.4672,-0.4155,-0.3515,-0.2773,-0.2049,-0.1583,-0.151,-0.1719,-0.2032,-0.4108,-0.4178,-0.4295,-0.4463,-0.4677,-0.4929,-0.5221,-0.5572,-0.6014,-0.6531,-0.6855,-0.6564,-0.621,-0.6324,-0.7587,-0.809,-0.6647,-0.5521,-0.5013,-0.5309,-0.4488,-0.4214,-0.4623,-0.495,-0.517,-0.5376,-0.5288,-0.472,-0.3982,-0.3143,-0.2074,-0.092,-0.0271,-0.0419,-0.0979,-0.1568,-0.4311,-0.4393,-0.4509,-0.4661,-0.4847,-0.5064,-0.5312,-0.5594,-0.5902,-0.6196,-0.6385,-0.6463,-0.6696,-0.7844,-1.1893,-1.3507,-0.8821,-0.6611,-0.6289,-0.7852,-0.6924,-0.5993,-0.5629,-0.5441,-0.5474,-0.614,-0.6258,-0.4867,-0.3749,-0.2785,-0.1377,0.0415,0.1297,0.0717,-0.0324,-0.1207,-0.4467,-0.4553,-0.4664,-0.4802,-0.4966,-0.5153,-0.5362,-0.5589,-0.5825,-0.6052,-0.6264,-0.6528,-0.7077,-0.8498,-1.1491,-1.2371,-0.9319,-0.8179,-1.0349,-1.164,-0.8713,-0.7306,-0.6631,-0.5929,-0.5393,-0.6049,-0.6243,-0.3957,-0.3144,-0.2542,-0.1176,0.0923,0.1934,0.1115,-0.0131,-0.1114,-0.4588,-0.4673,-0.4778,-0.4903,-0.5048,-0.5211,-0.539,-0.5581,-0.5781,-0.5989,-0.6222,-0.6541,-0.7073,-0.7983,-0.91,-0.9354,-0.8602,-0.8443,-0.9543,-1.0005,-0.8973,-0.859,-0.8173,-0.6772,-0.4917,-0.2966,-0.0216,-0.0789,-0.2291,-0.2591,-0.1757,-0.0192,0.0712,0.0304,-0.0571,-0.135,-0.4681,-0.4764,-0.4862,-0.4976,-0.5106,-0.5249,-0.5406,-0.5573,-0.5752,-0.5946,-0.6174,-0.6467,-0.687,-0.7384,-0.7863,-0.8041,-0.797,-0.8074,-0.8492,-0.8859,-0.9431,-1.0995,-1.1321,-0.8545,-0.5057,-0.1269,0.2565,0.0515,-0.2608,-0.3264,-0.2724,-0.1734,-0.1022,-0.0979,-0.1345,-0.18,-0.4754,-0.4833,-0.4925,-0.5029,-0.5146,-0.5274,-0.5413,-0.5562,-0.5723,-0.5901,-0.6106,-0.635,-0.6641,-0.6958,-0.7236,-0.741,-0.752,-0.7702,-0.8042,-0.8647,-1.0073,-1.2892,-1.3734,-1.0008,-0.5919,-0.2721,-0.0979,-0.2413,-0.4619,-0.4415,-0.3597,-0.2813,-0.2245,-0.2026,-0.2091,-0.2293,-0.4811,-0.4886,-0.4971,-0.5067,-0.5173,-0.5288,-0.5412,-0.5546,-0.5691,-0.585,-0.6026,-0.6225,-0.6442,-0.6664,-0.6866,-0.7033,-0.7192,-0.7405,-0.7756,-0.8395,-0.9616,-1.1319,-1.159,-0.9266,-0.6376,-0.422,-0.3298,-0.3919,-0.492,-0.4672,-0.3985,-0.339,-0.2959,-0.2724,-0.2667,-0.2728]},{"header":{"la1":42.85,"la2":41.18,"lo1":11.55,"lo2":14.05,"nx":36,"ny":24,"dx":0.07143,"dy":0.07261,"parameterCategory":2,"parameterNumber":3,"parameterNumberName":"northward_wind","parameterUnit":"m.s-1"},"data":[-0.0766,-0.0889,-0.103,-0.1186,-0.1348,-0.1503,-0.1632,-0.1713,-0.1735,-0.1692,-0.1594,-0.1456,-0.129,-0.1105,-0.0907,-0.0699,-0.0493,-0.0304,-0.0149,-0.0043,0.0012,0.0024,0.0005,-0.0029,-0.0068,-0.0104,-0.0134,-0.0156,-0.0169,-0.0174,-0.0172,-0.0163,-0.0149,-0.0131,-0.0111,-0.0088,-0.0737,-0.088,-0.1053,-0.1255,-0.1477,-0.17,-0.1894,-0.2022,-0.2056,-0.199,-0.1846,-0.1654,-0.1436,-0.1201,-0.0949,-0.068,-0.0406,-0.0149,0.0054,0.0178,0.0218,0.0193,0.0132,0.0057,-0.0014,-0.0076,-0.0124,-0.0158,-0.0179,-0.0188,-0.0187,-0.0178,-0.0162,-0.0142,-0.0118,-0.0092,-0.0677,-0.0838,-0.1047,-0.1307,-0.1612,-0.1941,-0.2248,-0.2461,-0.2516,-0.2403,-0.2174,-0.1896,-0.1608,-0.1314,-0.0998,-0.0648,-0.0269,0.0098,0.0385,0.0529,0.0527,0.0428,0.0291,0.0155,0.0037,-0.0056,-0.0125,-0.0172,-0.02,-0.0212,-0.0211,-0.0199,-0.018,-0.0156,-0.0128,-0.0098,-0.0572,-0.0746,-0.0989,-0.1316,-0.1734,-0.2227,-0.2734,-0.3119,-0.3218,-0.2996,-0.2597,-0.2179,-0.1802,-0.1448,-0.1067,-0.0613,-0.0074,0.0495,0.0938,0.1102,0.0991,0.0741,0.0477,0.0252,0.0077,-0.0052,-0.0143,-0.0203,-0.0237,-0.0249,-0.0246,-0.023,-0.0205,-0.0174,-0.014,-0.0105,-0.0407,-0.0578,-0.0844,-0.1237,-0.179,-0.2521,-0.3386,-0.4148,-0.4356,-0.3864,-0.3111,-0.2475,-0.2005,-0.1612,-0.1184,-0.0617,0.0163,0.1107,0.1883,0.2049,0.1658,0.1119,0.0662,0.0326,0.0088,-0.0078,-0.019,-0.026,-0.0296,-0.0305,-0.0295,-0.027,-0.0236,-0.0197,-0.0156,-0.0113,-0.0166,-0.0305,-0.0562,-0.0997,-0.1679,-0.2691,-0.4103,-0.5664,-0.6178,-0.5017,-0.3607,-0.2709,-0.2192,-0.1821,-0.1403,-0.0754,0.0318,0.1897,0.3375,0.3463,0.2453,0.1459,0.0779,0.0338,0.0045,-0.0151,-0.0278,-0.0352,-0.0384,-0.0384,-0.0361,-0.0323,-0.0276,-0.0225,-0.0173,-0.0122,0.0164,0.0107,-0.0084,-0.0502,-0.1253,-0.2461,-0.4338,-0.6891,-0.7948,-0.5768,-0.3742,-0.2771,-0.2346,-0.2105,-0.18,-0.1177,0.0072,0.2244,0.4611,0.4552,0.285,0.1527,0.0736,0.0248,-0.0072,-0.0287,-0.0422,-0.0492,-0.051,-0.0491,-0.0446,-0.0388,-0.0322,-0.0256,-0.0191,-0.013,0.0584,0.0683,0.0661,0.0361,-0.0376,-0.1602,-0.3338,-0.5481,-0.6317,-0.4658,-0.3229,-0.2639,-0.2487,-0.2507,-0.2472,-0.2038,-0.0864,0.114,0.3236,0.34,0.2191,0.1164,0.0496,0.0042,-0.0283,-0.0509,-0.0644,-0.0698,-0.0687,-0.0633,-0.0554,-0.0465,-0.0375,-0.0288,-0.0209,-0.0136,0.1066,0.1422,0.1747,0.1751,0.105,-0.0269,-0.1677,-0.2773,-0.3113,-0.276,-0.2464,-0.2449,-0.2653,-0.3048,-0.3566,-0.3508,-0.2266,-0.0561,0.0837,0.1325,0.1058,0.0591,0.0141,-0.0262,-0.0604,-0.0851,-0.098,-0.0996,-0.0929,-0.0815,-0.0684,-0.0552,-0.0429,-0.0319,-0.0222,-0.0138,0.1524,0.2219,0.315,0.3882,0.3192,0.1179,-0.0452,-0.1271,-0.1508,-0.1593,-0.1903,-0.2336,-0.2838,-0.3567,-0.5116,-0.5865,-0.3529,-0.1485,-0.0269,0.0281,0.0356,0.0151,-0.0208,-0.0648,-0.1079,-0.1385,-0.1495,-0.1427,-0.1252,-0.1039,-0.0829,-0.0641,-0.048,-0.0344,-0.0229,-0.0132,0.1815,0.2771,0.4324,0.6208,0.5654,0.2216,0.0021,-0.0801,-0.1031,-0.1088,-0.1608,-0.2355,-0.3041,-0.3695,-0.504,-0.5962,-0.333,-0.1191,-0.0105,0.0232,0.021,-0.0037,-0.05,-0.1147,-0.1825,-0.2266,-0.2307,-0.2043,-0.1663,-0.1292,-0.0976,-0.072,-0.0517,-0.0355,-0.0225,-0.0118,0.1819,0.2729,0.4172,0.5861,0.5219,0.1923,-0.0296,-0.1392,-0.072,-0.0957,-0.1592,-0.2507,-0.3328,-0.3773,-0.4075,-0.3517,-0.1787,0.0472,0.1237,0.0833,0.0434,-0.0013,-0.0733,-0.183,-0.3082,-0.38,-0.3589,-0.2872,-0.2131,-0.1537,-0.1095,-0.077,-0.053,-0.0349,-0.0207,-0.0094,0.1571,0.2182,0.294,0.3441,0.274,0.1138,-0.0225,-0.5163,0.1773,-0.0283,-0.164,-0.2587,-0.3522,-0.4335,-0.4605,-0.2883,-0.0612,0.2981,0.3164,0.15,0.0788,0.0189,-0.0841,-0.2663,-0.509,-0.6348,-0.5385,-0.3779,-0.2532,-0.1696,-0.1143,-0.0769,-0.0509,-0.032,-0.0176,-0.0061,0.1221,0.1541,0.1816,0.1838,0.1434,0.0914,0.1074,0.3645,0.2892,-0.0143,-0.1683,-0.2404,-0.3056,-0.8046,-0.4417,-0.2257,-0.0401,0.175,0.2286,0.1576,0.1211,0.0664,-0.0584,-0.3068,-0.689,-0.8836,-0.6748,-0.4242,-0.2638,-0.1677,-0.1083,-0.0704,-0.0453,-0.0275,-0.0138,-0.0024,0.0895,0.1036,0.1109,0.1047,0.0854,0.0703,0.0855,0.1197,0.0604,-0.0719,-0.1649,-0.2312,-0.3902,-0.5856,-0.3635,-0.1156,-0.0068,0.0581,0.1432,0.1843,0.2068,0.1648,0.0258,-0.2186,-0.5576,-0.7352,-0.577,-0.3691,-0.23,-0.1441,-0.091,-0.0585,-0.0379,-0.0232,-0.0107,0.0007,0.0637,0.0688,0.0689,0.0623,0.0508,0.0404,0.0338,0.0173,-0.0333,-0.1101,-0.1765,-0.1865,-0.1764,-0.2198,-0.1581,-0.052,0.011,0.1055,0.2146,0.2773,0.3514,0.3044,0.1322,-0.0705,-0.2733,-0.383,-0.3484,-0.2555,-0.1698,-0.1067,-0.0669,-0.0455,-0.0337,-0.0234,-0.0114,0.0017,0.0449,0.0458,0.0433,0.0369,0.0276,0.0166,0.0029,-0.0191,-0.0545,-0.1012,-0.1481,-0.0881,0.303,0.4953,0.0991,0.0418,0.122,0.3086,0.4538,0.3923,0.3809,0.3345,0.1809,0.0205,-0.1202,-0.208,-0.2223,-0.1793,-0.1173,-0.0674,-0.0429,-0.0401,-0.0424,-0.0356,-0.0196,-0.0009,0.0319,0.0308,0.0274,0.0215,0.0133,0.0032,-0.0094,-0.0255,-0.0442,-0.0586,-0.046,0.0684,0.4435,0.5323,0.154,0.0778,0.2218,0.6265,0.982,0.5708,0.3668,0.284,0.1786,0.0463,-0.1042,-0.2419,-0.2739,-0.1854,-0.0847,-0.028,-0.024,-0.0561,-0.0803,-0.0689,-0.0375,-0.0061,0.0232,0.0213,0.0179,0.0127,0.0061,-0.0017,-0.0106,-0.0195,-0.0256,-0.0218,0.0067,0.082,0.1888,0.1757,-0.0049,-0.0567,0.1882,0.5613,0.7741,0.4829,0.357,0.2726,0.1821,0.0537,-0.1549,-0.4588,-0.5222,-0.2392,-0.0402,0.029,-0.0042,-0.1008,-0.1545,-0.1189,-0.0571,-0.0081,0.0178,0.0158,0.0128,0.0087,0.0039,-0.0014,-0.0064,-0.0098,-0.009,0.0005,0.024,0.0622,0.0951,0.0791,-0.0011,-0.015,0.1586,0.3446,0.3532,0.3123,0.3239,0.2813,0.2157,0.102,-0.107,-0.4717,-0.5516,-0.1181,0.0902,0.1385,0.0542,-0.114,-0.1941,-0.1351,-0.053,0.0043,0.0148,0.0131,0.0107,0.0079,0.0047,0.0018,-0.0002,-0.0001,0.0038,0.0137,0.0307,0.0523,0.0694,0.071,0.0629,0.0868,0.1713,0.2671,0.3105,0.3145,0.3201,0.3268,0.303,0.2152,0.0965,0.0538,0.2469,0.2855,0.3315,0.3407,0.2144,0.02,-0.0829,-0.0593,-0.0035,0.0387,0.0136,0.0124,0.0108,0.009,0.0074,0.0063,0.0064,0.0086,0.0138,0.023,0.0362,0.0517,0.0663,0.0784,0.0932,0.1236,0.1754,0.2333,0.2767,0.3069,0.3565,0.4473,0.4692,0.357,0.2709,0.331,0.4857,0.4966,0.6763,0.6838,0.4812,0.2554,0.117,0.0752,0.0783,0.0899,0.0137,0.013,0.0122,0.0115,0.0111,0.0114,0.013,0.0164,0.0222,0.0308,0.0421,0.0555,0.0701,0.0861,0.1065,0.1354,0.1736,0.2163,0.2585,0.3081,0.3959,0.5417,0.5827,0.4435,0.3598,0.3976,0.5059,0.7794,1.2445,1.1173,0.75,0.4639,0.2893,0.2006,0.1614,0.1442,0.0148,0.0146,0.0144,0.0146,0.0152,0.0166,0.0192,0.0233,0.0294,0.0377,0.0482,0.0607,0.0752,0.0922,0.113,0.139,0.1706,0.2066,0.2473,0.2997,0.3775,0.4714,0.495,0.4291,0.3931,0.4431,0.5962,0.9385,1.3192,1.1904,0.8423,0.5683,0.3916,0.2861,0.2255,0.1902]}]