docs/data/wind_grid.json
[{"header":{"la1":42.85,"la2":41.18,"lo1":11.55,"lo2":14.05,"nx":36,"ny":24,"dx":0.07143,"dy":0.07261,"parameterCategory":2,"parameterNumber":2,"parameterNumberName":"eastward_wind","parameterUnit":"m.s-1"},"data":[-1.1329,-1.1372,-1.1392,-1.1388,-1.1358,-1.1298,-1.1198,-1.1046,-1.0832,-1.056,-1.025,-0.9931,-0.963,-0.9366,-0.9141,-0.8949,-0.8773,-0.8591,-0.8383,-0.8146,-0.7904,-0.7704,-0.7598,-0.7597,-0.7677,-0.7793,-0.7913,-0.8018,-0.8102,-0.8165,-0.8212,-0.8245,-0.8268,-0.8284,-0.8295,-0.8304,-1.1605,-1.1675,-1.1718,-1.1734,-1.1727,-1.1693,-1.162,-1.1476,-1.1233,-1.0888,-1.0477,-1.0057,-0.9675,-0.9358,-0.9108,-0.8912,-0.8739,-0.8548,-0.8296,-0.7959,-0.7573,-0.7247,-0.7104,-0.7167,-0.7358,-0.7581,-0.7779,-0.7934,-0.8047,-0.8126,-0.8181,-0.8218,-0.8243,-0.826,-0.8271,-0.8279,-1.1927,-1.2033,-1.2105,-1.2146,-1.2168,-1.2186,-1.2182,-1.2091,-1.1828,-1.1368,-1.0788,-1.0205,-0.9705,-0.932,-0.9049,-0.8866,-0.8725,-0.8555,-0.8263,-0.7763,-0.7081,-0.6469,-0.627,-0.6513,-0.6942,-0.7346,-0.7654,-0.7867,-0.8008,-0.81,-0.8159,-0.8197,-0.8221,-0.8236,-0.8247,-0.8254,-1.2307,-1.2465,-1.2574,-1.2636,-1.2687,-1.2784,-1.2938,-1.302,-1.2779,-1.2113,-1.1218,-1.0365,-0.9692,-0.9224,-0.894,-0.8801,-0.8744,-0.8666,-0.8389,-0.7664,-0.636,-0.5036,-0.479,-0.5556,-0.6468,-0.7144,-0.7575,-0.7838,-0.7995,-0.809,-0.8147,-0.8181,-0.8201,-0.8214,-0.8222,-0.8227,-1.2757,-1.3,-1.3163,-1.3232,-1.3276,-1.3461,-1.3932,-1.4503,-1.4437,-1.3316,-1.1781,-1.0486,-0.9585,-0.9025,-0.8742,-0.8685,-0.8792,-0.8946,-0.8874,-0.8005,-0.5585,-0.2486,-0.2418,-0.4488,-0.6141,-0.7086,-0.7594,-0.7867,-0.8015,-0.8097,-0.8143,-0.8168,-0.8182,-0.819,-0.8195,-0.8198,-1.3288,-1.3678,-1.3951,-1.4013,-1.3936,-1.4094,-1.5033,-1.6806,-1.7388,-1.5101,-1.2322,-1.0434,-0.9302,-0.8661,-0.8387,-0.8444,-0.8804,-0.9381,-0.9883,-0.9339,-0.6137,-0.0878,-0.1164,-0.4413,-0.637,-0.7304,-0.7746,-0.7959,-0.8065,-0.8117,-0.8143,-0.8156,-0.8161,-0.8164,-0.8164,-0.8165,-1.3881,-1.4531,-1.5071,-1.5177,-1.4755,-1.4489,-1.554,-1.8814,-2.0618,-1.6327,-1.2232,-0.9993,-0.8764,-0.8061,-0.7766,-0.7932,-0.8592,-0.9654,-1.0749,-1.0675,-0.8984,-0.5818,-0.5005,-0.6342,-0.7322,-0.7796,-0.8004,-0.8091,-0.8125,-0.8137,-0.814,-0.8138,-0.8135,-0.8131,-0.8128,-0.8127,-1.4443,-1.5466,-1.658,-1.7022,-1.5944,-1.4625,-1.462,-1.6569,-1.7541,-1.4087,-1.0877,-0.908,-0.7973,-0.7172,-0.6689,-0.6871,-0.7885,-0.9329,-1.0534,-1.1354,-1.3072,-1.2382,-0.9998,-0.8857,-0.8493,-0.8349,-0.8264,-0.8206,-0.8166,-0.814,-0.8122,-0.8108,-0.8098,-0.8089,-0.8084,-0.8081,-1.4802,-1.6103,-1.7805,-1.8932,-1.7091,-1.4621,-1.3104,-1.2471,-1.1621,-1.0076,-0.8849,-0.7963,-0.7091,-0.6022,-0.4768,-0.4633,-0.6494,-0.87,-1.0608,-1.3423,-1.8726,-1.7568,-1.2885,-1.0392,-0.9252,-0.8693,-0.8399,-0.8239,-0.8154,-0.8107,-0.8079,-0.8061,-0.8047,-0.8036,-0.8028,-0.8025,-1.4837,-1.6116,-1.7544,-1.8269,-1.7126,-1.448,-1.1904,-0.9772,-0.7479,-0.6376,-0.6958,-0.7028,-0.6391,-0.5005,-0.1657,0.0099,-0.48,-0.8393,-1.0665,-1.3205,-1.6718,-1.6124,-1.2803,-1.0576,-0.9347,-0.8674,-0.8317,-0.8143,-0.8063,-0.8028,-0.8008,-0.7993,-0.7979,-0.7967,-0.7959,-0.7956,-1.4587,-1.5822,-1.7478,-1.98,-1.9025,-1.4499,-1.1094,-0.8542,-0.4262,-0.2222,-0.5705,-0.6533,-0.6016,-0.4933,-0.2023,0.0193,-0.5566,-0.9548,-1.1461,-1.2268,-1.2935,-1.2614,-1.1236,-0.9856,-0.8859,-0.8257,-0.7978,-0.7895,-0.7892,-0.7906,-0.7911,-0.7906,-0.7894,-0.788,-0.7872,-0.787,-1.4084,-1.5201,-1.691,-1.925,-1.8273,-1.3533,-1.0517,-0.9264,-0.6611,-0.4521,-0.6234,-0.6557,-0.5773,-0.462,-0.4711,-0.5732,-0.8864,-1.3606,-1.4997,-1.3022,-1.1646,-1.0756,-0.9819,-0.8828,-0.7948,-0.743,-0.7364,-0.7512,-0.7665,-0.776,-0.78,-0.7803,-0.7788,-0.7771,-0.776,-0.7762,-1.336,-1.411,-1.5005,-1.5567,-1.4419,-1.1877,-1.0191,-1.007,-0.9322,-0.7697,-0.7231,-0.7017,-0.6176,-0.4163,-0.4777,-0.7353,-1.0853,-2.1309,-2.178,-1.42,-1.1023,-0.9584,-0.8683,-0.7786,-0.6738,-0.6166,-0.6524,-0.7084,-0.7448,-0.7628,-0.7689,-0.7685,-0.7655,-0.7627,-0.7614,-0.7623,-1.2557,-1.2922,-1.3174,-1.3021,-1.2156,-1.089,-1.0011,-0.9824,-0.9379,-0.8325,-0.7694,-0.7569,-0.7328,-0.5234,-0.6529,-0.7577,-0.9971,-1.5952,-1.714,-1.2421,-0.9445,-0.8099,-0.7572,-0.6986,-0.5786,-0.5024,-0.5895,-0.6841,-0.7348,-0.7554,-0.7591,-0.7544,-0.7476,-0.7426,-0.7414,-0.7439,-1.182,-1.1934,-1.1902,-1.1611,-1.1026,-1.0316,-0.975,-0.9379,-0.8929,-0.8396,-0.8041,-0.7643,-0.6652,-0.5065,-0.7261,-0.7979,-1.5304,-1.2358,-1.1287,-0.8843,-0.6181,-0.5553,-0.6245,-0.6566,-0.6057,-0.5583,-0.6239,-0.7026,-0.7442,-0.756,-0.7495,-0.7348,-0.7206,-0.7128,-0.7129,-0.7193,-1.1211,-1.1196,-1.1066,-1.0787,-1.0372,-0.9902,-0.9471,-0.9095,-0.8741,-0.8517,-0.8698,-0.8145,-0.7758,-0.7234,-0.8133,-1.0539,-1.3843,-1.0886,-0.8518,-0.5446,-0.0656,-0.164,-0.4824,-0.6314,-0.6734,-0.6845,-0.7187,-0.7563,-0.7717,-0.7627,-0.7357,-0.7021,-0.6756,-0.6657,-0.6715,-0.6865,-1.0732,-1.0658,-1.0503,-1.026,-0.9945,-0.9597,-0.9257,-0.8946,-0.8689,-0.8573,-0.8692,-0.8454,-0.8884,-0.9205,-0.8702,-0.9249,-0.9418,-0.7794,-0.5847,-0.4084,0.0259,-0.1013,-0.4555,-0.6418,-0.7352,-0.7886,-0.8198,-0.8277,-0.8116,-0.7716,-0.7102,-0.6424,-0.5967,-0.5903,-0.6127,-0.6452,-1.0359,-1.0262,-1.011,-0.9902,-0.9651,-0.938,-0.9111,-0.8868,-0.8674,-0.8563,-0.8538,-0.8615,-0.9202,-0.9389,-0.8949,-0.8806,-0.7796,-0.4735,-0.1852,-0.3928,-0.3744,-0.4077,-0.5579,-0.7005,-0.8165,-0.9053,-0.9379,-0.9142,-0.8618,-0.7813,-0.6658,-0.5366,-0.4623,-0.4776,-0.5381,-0.5999,-1.007,-0.9967,-0.9825,-0.9648,-0.9443,-0.9226,-0.9014,-0.8822,-0.8669,-0.8573,-0.8545,-0.8612,-0.8793,-0.8953,-0.9466,-0.9694,-0.7742,-0.4874,-0.3081,-0.4531,-0.514,-0.5666,-0.655,-0.7706,-0.9052,-1.0336,-1.062,-1.0031,-0.9191,-0.7976,-0.6147,-0.3921,-0.2828,-0.3507,-0.4686,-0.5637,-0.9844,-0.9742,-0.9614,-0.9462,-0.9292,-0.9116,-0.8944,-0.879,-0.8665,-0.8581,-0.8545,-0.8565,-0.8641,-0.8809,-0.9265,-0.9302,-0.7808,-0.6082,-0.5091,-0.4972,-0.5616,-0.6311,-0.7093,-0.8156,-0.9545,-1.0759,-1.0991,-1.0783,-0.9827,-0.8345,-0.6147,-0.3345,-0.2048,-0.3047,-0.4487,-0.5554,-0.9664,-0.9569,-0.9453,-0.9322,-0.9179,-0.9033,-0.8891,-0.8763,-0.8656,-0.8577,-0.8529,-0.8514,-0.8529,-0.8576,-0.8618,-0.8374,-0.7602,-0.6601,-0.5772,-0.559,-0.6097,-0.6636,-0.7213,-0.8211,-0.9717,-1.143,-1.3116,-1.2377,-1.0513,-0.89,-0.7021,-0.4776,-0.3574,-0.4024,-0.4997,-0.5821,-0.9521,-0.9432,-0.9329,-0.9214,-0.9092,-0.8968,-0.8848,-0.8737,-0.8642,-0.8564,-0.8505,-0.8462,-0.8426,-0.838,-0.8275,-0.8014,-0.7552,-0.6994,-0.6546,-0.6415,-0.6541,-0.656,-0.6702,-0.779,-0.9611,-1.2075,-1.4736,-1.3129,-1.0447,-0.9234,-0.8053,-0.6625,-0.5651,-0.5518,-0.5866,-0.6309,-0.9404,-0.9322,-0.9229,-0.9129,-0.9023,-0.8915,-0.8811,-0.8713,-0.8625,-0.8547,-0.8479,-0.8417,-0.8351,-0.8263,-0.8126,-0.7908,-0.7607,-0.7278,-0.7013,-0.6868,-0.6728,-0.629,-0.6125,-0.7343,-0.9116,-1.093,-1.2032,-1.0889,-0.9334,-0.9171,-0.8634,-0.7746,-0.7009,-0.6673,-0.6668,-0.6823,-0.9308,-0.9233,-0.9149,-0.906,-0.8966,-0.8872,-0.8779,-0.869,-0.8607,-0.853,-0.8458,-0.8385,-0.8305,-0.8206,-0.8074,-0.7901,-0.7694,-0.748,-0.7297,-0.7152,-0.6973,-0.6694,-0.672,-0.754,-0.8732,-0.979,-1.0237,-0.9747,-0.916,-0.9118,-0.8807,-0.8244,-0.7719,-0.7385,-0.725,-0.7252]},{"header":{"la1":42.85,"la2":41.18,"lo1":11.55,"lo2":14.05,"nx":36,"ny":24,"dx":0.07143,"dy":0.07261,"parameterCategory":2,"parameterNumber":3,"parameterNumberName":"northward_wind","parameterUnit":"m.s-1"},"data":[-0.7747,-0.773,-0.768,-0.7597,-0.7481,-0.7341,-0.7188,-0.7032,-0.688,-0.673,-0.6573,-0.6398,-0.6198,-0.5969,-0.5718,-0.5452,-0.5186,-0.4938,-0.4724,-0.4556,-0.4437,-0.4357,-0.4306,-0.4275,-0.426,-0.4261,-0.4279,-0.4311,-0.4356,-0.441,-0.4472,-0.4538,-0.4607,-0.4677,-0.4746,-0.4813,-0.7959,-0.7953,-0.7903,-0.7805,-0.7659,-0.7479,-0.7285,-0.7098,-0.6935,-0.6791,-0.6647,-0.648,-0.6273,-0.6022,-0.5733,-0.5417,-0.5095,-0.4796,-0.4547,-0.437,-0.4263,-0.4207,-0.4175,-0.415,-0.4135,-0.4139,-0.4162,-0.4205,-0.4262,-0.4331,-0.4406,-0.4486,-0.4567,-0.4649,-0.4729,-0.4806,-0.8209,-0.8223,-0.8177,-0.8058,-0.7866,-0.7616,-0.7344,-0.7099,-0.6922,-0.6808,-0.671,-0.6575,-0.6374,-0.6103,-0.5769,-0.5387,-0.4987,-0.4612,-0.4317,-0.4142,-0.4085,-0.4092,-0.4088,-0.4054,-0.4019,-0.4013,-0.404,-0.4094,-0.4167,-0.4251,-0.4343,-0.4438,-0.4534,-0.4629,-0.4721,-0.4808,-0.8505,-0.8558,-0.8528,-0.8388,-0.8122,-0.7749,-0.7323,-0.6951,-0.6749,-0.6723,-0.6744,-0.6688,-0.6515,-0.6228,-0.5843,-0.5376,-0.486,-0.4365,-0.3997,-0.3849,-0.3931,-0.4108,-0.4141,-0.4024,-0.3916,-0.3881,-0.3909,-0.3978,-0.4069,-0.4174,-0.4284,-0.4398,-0.451,-0.4619,-0.4724,-0.4821,-0.8855,-0.8983,-0.9004,-0.885,-0.8481,-0.7902,-0.7167,-0.6475,-0.6199,-0.6425,-0.6737,-0.6841,-0.6718,-0.6423,-0.5988,-0.5416,-0.473,-0.4023,-0.3506,-0.3408,-0.381,-0.4453,-0.4471,-0.4057,-0.3794,-0.3724,-0.3763,-0.3855,-0.3972,-0.4101,-0.4234,-0.4367,-0.4498,-0.4623,-0.4741,-0.4851,-0.926,-0.9529,-0.9678,-0.9551,-0.905,-0.8173,-0.6901,-0.541,-0.4856,-0.5804,-0.675,-0.7089,-0.7019,-0.6724,-0.6255,-0.558,-0.4668,-0.3597,-0.2743,-0.2662,-0.3403,-0.4763,-0.4691,-0.3901,-0.3556,-0.3513,-0.3596,-0.3729,-0.388,-0.4037,-0.4196,-0.4352,-0.4502,-0.4645,-0.4779,-0.49,-0.9685,-1.0204,-1.066,-1.0679,-0.9992,-0.8776,-0.6984,-0.4319,-0.3109,-0.539,-0.7078,-0.7533,-0.7449,-0.7166,-0.6726,-0.6001,-0.4869,-0.3378,-0.2094,-0.2025,-0.2188,-0.3032,-0.3381,-0.3154,-0.3119,-0.324,-0.3417,-0.3607,-0.3798,-0.3988,-0.4175,-0.4356,-0.4529,-0.4692,-0.4841,-0.4974,-1.0024,-1.0896,-1.2017,-1.2517,-1.1364,-0.9759,-0.8172,-0.6066,-0.5138,-0.6966,-0.8145,-0.8239,-0.7996,-0.7775,-0.7536,-0.69,-0.5587,-0.3846,-0.239,-0.1426,0.05,0.043,-0.112,-0.2075,-0.2603,-0.2966,-0.3254,-0.3506,-0.3738,-0.3961,-0.4177,-0.4386,-0.4585,-0.4769,-0.4935,-0.508,-1.0087,-1.1158,-1.3103,-1.4712,-1.2379,-1.0514,-0.9891,-0.9572,-0.9744,-1.0201,-0.9876,-0.91,-0.8549,-0.8518,-0.8974,-0.8759,-0.6923,-0.4704,-0.2653,0.0208,0.5061,0.4169,0.0544,-0.1335,-0.2252,-0.2782,-0.3149,-0.3444,-0.3709,-0.3962,-0.4211,-0.4451,-0.4679,-0.4887,-0.5071,-0.5228,-0.9758,-1.0424,-1.153,-1.2243,-1.043,-1.0378,-1.1316,-1.2524,-1.4189,-1.4481,-1.2014,-0.985,-0.889,-0.9108,-1.1345,-1.2659,-0.8496,-0.5374,-0.3125,-0.0342,0.3201,0.2863,0.0302,-0.1316,-0.2206,-0.2746,-0.3123,-0.3429,-0.3714,-0.3997,-0.4281,-0.456,-0.4823,-0.506,-0.5263,-0.543,-0.9238,-0.9215,-0.8366,-0.5605,-0.616,-0.9925,-1.2711,-1.4824,-1.8437,-2.0393,-1.3755,-1.0074,-0.8873,-0.8955,-1.0944,-1.27,-0.8023,-0.5222,-0.3588,-0.199,-0.0477,-0.0171,-0.0914,-0.1752,-0.2395,-0.2849,-0.3178,-0.3461,-0.3752,-0.4067,-0.4398,-0.4728,-0.5037,-0.5308,-0.553,-0.5702,-0.8853,-0.8593,-0.7565,-0.5611,-0.6441,-1.0816,-1.4738,-1.7066,-1.7482,-1.7482,-1.2582,-0.9524,-0.8731,-0.9174,-0.8612,-0.7372,-0.5579,-0.441,-0.3758,-0.2777,-0.1886,-0.151,-0.168,-0.2156,-0.2687,-0.3076,-0.3306,-0.3525,-0.3815,-0.4175,-0.4575,-0.4977,-0.5348,-0.566,-0.59,-0.6067,-0.8684,-0.8584,-0.827,-0.8089,-0.9297,-1.2355,-1.6316,-1.9695,-1.7694,-1.3709,-1.0397,-0.8827,-0.853,-0.9483,-0.8233,-0.4709,-0.3347,-0.4328,-0.432,-0.2785,-0.1923,-0.1597,-0.1771,-0.2341,-0.3078,-0.3493,-0.3508,-0.3596,-0.3891,-0.4329,-0.4837,-0.5348,-0.5805,-0.6166,-0.6415,-0.6557,-0.8607,-0.8703,-0.885,-0.9293,-1.0441,-1.2492,-1.5231,-1.7676,-1.6103,-1.1489,-0.8645,-0.8635,-0.8943,-0.8445,-0.4973,-0.1407,-0.0309,-0.1946,-0.281,-0.1809,-0.0954,-0.0729,-0.124,-0.2231,-0.3449,-0.3989,-0.367,-0.3623,-0.397,-0.4548,-0.523,-0.5909,-0.6487,-0.6902,-0.7135,-0.7213,-0.8504,-0.8693,-0.8978,-0.9472,-1.0295,-1.1455,-1.2694,-1.3187,-1.1577,-0.8504,-0.6318,-0.5816,-0.5917,-0.5024,-0.306,0.0065,1.0703,0.2554,-0.0366,-0.002,0.1532,0.1527,0.0002,-0.1608,-0.2996,-0.3617,-0.3451,-0.3528,-0.4049,-0.4869,-0.5834,-0.6778,-0.7533,-0.799,-0.8146,-0.8083,-0.8332,-0.8525,-0.8785,-0.9145,-0.9612,-1.0102,-1.0367,-0.9945,-0.8415,-0.5987,-0.3611,-0.2645,-0.331,-0.3678,-0.2093,0.2402,0.7965,0.251,0.0022,0.1776,0.6991,0.5708,0.1601,-0.0715,-0.1957,-0.2548,-0.2795,-0.3236,-0.4103,-0.5332,-0.6769,-0.8161,-0.9178,-0.9621,-0.9559,-0.9208,-0.81,-0.8251,-0.8428,-0.8628,-0.8817,-0.8906,-0.8728,-0.8073,-0.6819,-0.5097,-0.354,-0.2983,-0.1175,-0.024,-0.1547,-0.0414,0.0362,-0.1298,-0.2437,0.0806,0.7738,0.6211,0.1844,-0.0261,-0.1071,-0.1312,-0.1656,-0.2576,-0.4056,-0.5963,-0.8196,-1.0384,-1.1805,-1.2054,-1.1464,-1.0579,-0.7834,-0.7927,-0.8017,-0.8086,-0.8096,-0.798,-0.7649,-0.702,-0.6086,-0.4985,-0.3973,-0.2911,-0.0696,-0.0092,-0.1642,-0.1795,-0.2236,-0.5162,-0.8643,-0.3108,0.1117,0.179,0.0522,-0.0338,-0.0176,0.0746,0.0687,-0.1263,-0.3866,-0.6749,-1.0206,-1.3823,-1.5859,-1.5433,-1.3766,-1.2048,-0.7557,-0.7597,-0.7615,-0.7593,-0.7501,-0.7296,-0.6935,-0.6392,-0.5686,-0.489,-0.4078,-0.3202,-0.228,-0.1949,-0.2044,-0.2042,-0.2721,-0.4777,-0.6252,-0.2483,-0.1059,-0.054,-0.0662,-0.0603,0.0776,0.4337,0.5081,0.0314,-0.3874,-0.76,-1.2359,-1.8035,-2.0834,-1.9022,-1.5844,-1.3233,-0.7288,-0.7284,-0.7251,-0.7172,-0.7027,-0.6791,-0.6446,-0.5986,-0.5428,-0.481,-0.4168,-0.3528,-0.296,-0.2569,-0.2269,-0.2207,-0.2586,-0.2708,-0.0667,0.058,-0.0977,-0.1295,-0.1374,-0.1163,0.0284,0.4619,0.5647,-0.1047,-0.4974,-0.8343,-1.3199,-1.9729,-2.2873,-2.0326,-1.6547,-1.3646,-0.7038,-0.7001,-0.6933,-0.6822,-0.6654,-0.6416,-0.6101,-0.5708,-0.5253,-0.4757,-0.4248,-0.3753,-0.331,-0.2949,-0.2688,-0.2588,-0.2564,-0.2209,-0.114,-0.065,-0.1288,-0.1615,-0.1776,-0.1979,-0.2097,-0.2845,-0.6461,-0.6764,-0.7178,-0.9012,-1.2176,-1.6683,-1.9253,-1.801,-1.5414,-1.313,-0.6812,-0.6753,-0.6663,-0.6536,-0.6361,-0.6133,-0.5849,-0.5513,-0.5133,-0.4727,-0.4313,-0.3914,-0.355,-0.3243,-0.3008,-0.2844,-0.2678,-0.2378,-0.1949,-0.1713,-0.1711,-0.1549,-0.1564,-0.2351,-0.379,-0.6692,-1.0531,-0.9417,-0.9391,-1.0068,-1.1095,-1.3104,-1.4668,-1.4583,-1.3422,-1.205,-0.6611,-0.6538,-0.6436,-0.6302,-0.6131,-0.5918,-0.5664,-0.5372,-0.5051,-0.4712,-0.437,-0.4038,-0.3733,-0.3466,-0.3244,-0.3056,-0.2867,-0.2641,-0.2395,-0.218,-0.1889,-0.1261,-0.1053,-0.2304,-0.4196,-0.6518,-0.8538,-0.9907,-1.2132,-1.1672,-1.0876,-1.1229,-1.1888,-1.2041,-1.161,-1.0887,-0.6436,-0.6354,-0.6247,-0.6113,-0.5948,-0.5752,-0.5525,-0.5271,-0.4996,-0.4709,-0.442,-0.414,-0.3879,-0.3644,-0.3438,-0.3253,-0.3076,-0.2895,-0.2709,-0.2508,-0.2215,-0.1797,-0.1794,-0.2783,-0.4353,-0.6135,-0.797,-1.0267,-1.2474,-1.1897,-1.0688,-1.0325,-1.0421,-1.047,-1.0279,-0.9893]}]