docs/data/wind_grid.json
{"header": {"la1":42.1,"la2":41.55,"lo1":12.1,"lo2":12.95,"nx":50,"ny":50,"dx":0.01735,"dy":0.01122,"parameterCategory":2,"parameterNumber":3,"parameterNumberName":"northward_wind","parameterUnit":"m.s-1"}, "data":
[rows 0 to 39 of 50, columns 0 to 49 of 50]
-3.6739,-3.6801,-3.6872,-3.6954,-3.7046,-3.7149,-3.7264,-3.7391,-3.7529,-3.7678,-3.7837,-3.8005,-3.8179,-3.8358,-3.8538,-3.8717,-3.8891,-3.9057,-3.9212,-3.9353,-3.9477,-3.9585,-3.9674,-3.9745,-3.9798,-3.9833,-3.985,-3.9849,-3.9829,-3.9789,-3.9728,-3.9644,-3.9538,-3.9412,-3.9269,-3.9116,-3.8961,-3.8814,-3.8682,-3.8574,-3.8495,-3.8446,-3.8426,-3.8432,-3.8459,-3.8501,-3.8552,-3.861,-3.8669,-3.8728
-3.6669,-3.673,-3.6801,-3.6882,-3.6976,-3.7081,-3.7199,-3.733,-3.7474,-3.763,-3.7798,-3.7975,-3.8161,-3.8352,-3.8545,-3.8737,-3.8924,-3.9102,-3.9268,-3.9418,-3.955,-3.9662,-3.9755,-3.9827,-3.988,-3.9914,-3.993,-3.9926,-3.9903,-3.9858,-3.9789,-3.9696,-3.9577,-3.9434,-3.9272,-3.9097,-3.8919,-3.875,-3.8601,-3.848,-3.8394,-3.8345,-3.833,-3.8344,-3.8381,-3.8434,-3.8498,-3.8566,-3.8636,-3.8703
-3.6595,-3.6654,-3.6725,-3.6806,-3.69,-3.7007,-3.7128,-3.7264,-3.7413,-3.7577,-3.7753,-3.7941,-3.8139,-3.8343,-3.855,-3.8757,-3.8958,-3.915,-3.9328,-3.9489,-3.9629,-3.9747,-3.9843,-3.9916,-3.9969,-4.0002,-4.0015,-4.0009,-3.9982,-3.9932,-3.9856,-3.9753,-3.962,-3.9459,-3.9274,-3.9074,-3.8871,-3.8677,-3.8508,-3.8373,-3.8281,-3.8231,-3.8222,-3.8247,-3.8297,-3.8364,-3.8441,-3.8521,-3.8602,-3.8678
-3.6517,-3.6575,-3.6643,-3.6725,-3.6819,-3.6928,-3.7051,-3.7191,-3.7346,-3.7517,-3.7703,-3.7902,-3.8113,-3.8332,-3.8555,-3.8778,-3.8995,-3.9202,-3.9394,-3.9566,-3.9715,-3.9839,-3.9938,-4.0012,-4.0064,-4.0095,-4.0106,-4.0097,-4.0067,-4.0012,-3.993,-3.9816,-3.9669,-3.9488,-3.9279,-3.9051,-3.8817,-3.8595,-3.8402,-3.8252,-3.8153,-3.8105,-3.8105,-3.8142,-3.8207,-3.829,-3.8382,-3.8477,-3.8569,-3.8655
-3.6434,-3.649,-3.6557,-3.6637,-3.6731,-3.6841,-3.6967,-3.711,-3.7271,-3.745,-3.7646,-3.7857,-3.8082,-3.8317,-3.8557,-3.8798,-3.9034,-3.9259,-3.9466,-3.9651,-3.9809,-3.994,-4.0041,-4.0116,-4.0166,-4.0195,-4.0203,-4.0191,-4.0158,-4.0099,-4.001,-3.9887,-3.9725,-3.9523,-3.9287,-3.9027,-3.8759,-3.8505,-3.8285,-3.8117,-3.8011,-3.7967,-3.7977,-3.8031,-3.8114,-3.8215,-3.8324,-3.8433,-3.8537,-3.8634
-3.6347,-3.64,-3.6465,-3.6544,-3.6637,-3.6747,-3.6875,-3.7022,-3.7189,-3.7375,-3.7581,-3.7805,-3.8045,-3.8297,-3.8557,-3.8819,-3.9075,-3.932,-3.9545,-3.9744,-3.9913,-4.005,-4.0154,-4.0228,-4.0276,-4.03,-4.0305,-4.029,-4.0255,-4.0193,-4.01,-3.9967,-3.9791,-3.9567,-3.9302,-3.9006,-3.8699,-3.8407,-3.8156,-3.7969,-3.7856,-3.7817,-3.7841,-3.7914,-3.8018,-3.814,-3.8267,-3.8392,-3.8509,-3.8617
-3.6256,-3.6305,-3.6367,-3.6444,-3.6536,-3.6646,-3.6775,-3.6925,-3.7097,-3.7291,-3.7508,-3.7745,-3.8001,-3.8273,-3.8554,-3.8838,-3.9118,-3.9385,-3.9631,-3.9847,-4.0028,-4.0172,-4.0277,-4.0349,-4.0392,-4.0412,-4.0413,-4.0395,-4.0358,-4.0295,-4.0198,-4.0059,-3.9868,-3.9623,-3.9326,-3.899,-3.8639,-3.8304,-3.8018,-3.7809,-3.769,-3.7658,-3.77,-3.7795,-3.7923,-3.8067,-3.8213,-3.8355,-3.8486,-3.8603
-3.616,-3.6205,-3.6264,-3.6337,-3.6427,-3.6536,-3.6666,-3.6818,-3.6995,-3.7197,-3.7424,-3.7675,-3.7949,-3.8241,-3.8546,-3.8856,-3.9163,-3.9456,-3.9725,-3.996,-4.0155,-4.0305,-4.0412,-4.048,-4.0517,-4.053,-4.0526,-4.0506,-4.0467,-4.0405,-4.0307,-4.0163,-3.9961,-3.9694,-3.9364,-3.8985,-3.8584,-3.82,-3.7874,-3.7641,-3.7516,-3.7494,-3.7557,-3.7677,-3.7831,-3.7999,-3.8166,-3.8324,-3.8468,-3.8596
-3.6059,-3.61,-3.6154,-3.6223,-3.631,-3.6417,-3.6547,-3.6701,-3.6882,-3.7091,-3.7328,-3.7594,-3.7887,-3.8201,-3.8532,-3.8871,-3.9208,-3.9531,-3.9827,-4.0085,-4.0295,-4.0453,-4.056,-4.0622,-4.065,-4.0654,-4.0643,-4.062,-4.0583,-4.0523,-4.0429,-4.0283,-4.0072,-3.9785,-3.9422,-3.8997,-3.8541,-3.8102,-3.7732,-3.7472,-3.7341,-3.7331,-3.7417,-3.7566,-3.7748,-3.7941,-3.8128,-3.8302,-3.8458,-3.8595
-3.5954,-3.5989,-3.6038,-3.6102,-3.6185,-3.6289,-3.6417,-3.6572,-3.6756,-3.6972,-3.722,-3.75,-3.7812,-3.815,-3.851,-3.8881,-3.9253,-3.9611,-3.9939,-4.0223,-4.0452,-4.0617,-4.0722,-4.0775,-4.079,-4.0783,-4.0764,-4.0739,-4.0704,-4.0651,-4.0563,-4.0421,-4.0206,-3.9902,-3.9507,-3.9034,-3.8519,-3.8019,-3.7599,-3.731,-3.7173,-3.7178,-3.729,-3.7469,-3.7679,-3.7896,-3.8103,-3.8292,-3.8458,-3.8603
-3.5844,-3.5872,-3.5915,-3.5973,-3.6051,-3.6151,-3.6276,-3.643,-3.6617,-3.6838,-3.7095,-3.7391,-3.7722,-3.8087,-3.8478,-3.8885,-3.9296,-3.9693,-4.006,-4.0375,-4.0625,-4.08,-4.09,-4.094,-4.0938,-4.0916,-4.0887,-4.0859,-4.083,-4.0787,-4.0712,-4.0579,-4.0366,-4.0051,-3.9628,-3.9107,-3.8531,-3.7965,-3.749,-3.7169,-3.7026,-3.7046,-3.7184,-3.7392,-3.763,-3.7869,-3.8093,-3.8294,-3.847,-3.862
-3.5729,-3.575,-3.5785,-3.5837,-3.5908,-3.6002,-3.6123,-3.6275,-3.6462,-3.6687,-3.6954,-3.7263,-3.7615,-3.8007,-3.8432,-3.8879,-3.9334,-3.9778,-4.0189,-4.0542,-4.0818,-4.1002,-4.1096,-4.1118,-4.1093,-4.105,-4.101,-4.0981,-4.096,-4.0933,-4.0876,-4.0762,-4.0558,-4.024,-3.9793,-3.9229,-3.8591,-3.7957,-3.7423,-3.7067,-3.6916,-3.6949,-3.7112,-3.7347,-3.7608,-3.7866,-3.8103,-3.8313,-3.8494,-3.8647
-3.561,-3.5623,-3.5649,-3.5692,-3.5755,-3.5842,-3.5957,-3.6105,-3.6291,-3.6518,-3.6792,-3.7115,-3.7487,-3.7907,-3.8368,-3.8859,-3.9364,-3.9861,-4.0324,-4.0724,-4.1031,-4.1227,-4.1312,-4.1307,-4.1253,-4.1185,-4.1131,-4.1101,-4.1092,-4.1087,-4.1058,-4.097,-4.0787,-4.0475,-4.0015,-3.9414,-3.8717,-3.8015,-3.7421,-3.7026,-3.6864,-3.6906,-3.7087,-3.7342,-3.762,-3.789,-3.8135,-3.835,-3.8533,-3.8686
-3.5487,-3.549,-3.5507,-3.554,-3.5593,-3.5671,-3.5778,-3.5919,-3.6101,-3.6329,-3.6609,-3.6943,-3.7335,-3.7783,-3.8282,-3.8821,-3.9381,-3.9938,-4.0463,-4.0918,-4.1266,-4.1477,-4.1547,-4.1508,-4.1414,-4.1315,-4.1246,-4.1217,-4.1226,-4.1251,-4.1259,-4.1209,-4.1058,-4.0764,-4.0303,-3.9675,-3.8929,-3.8162,-3.7507,-3.707,-3.689,-3.6932,-3.7122,-3.7387,-3.7672,-3.7946,-3.8193,-3.8406,-3.8587,-3.8738
-3.536,-3.5353,-3.5358,-3.538,-3.5421,-3.5488,-3.5585,-3.5718,-3.5893,-3.6119,-3.6401,-3.6745,-3.7154,-3.7631,-3.8169,-3.8757,-3.9377,-4.0002,-4.0597,-4.1121,-4.1521,-4.1751,-4.1802,-4.1717,-4.1573,-4.1437,-4.1351,-4.1328,-4.136,-4.1423,-4.148,-4.1481,-4.1376,-4.1116,-4.0668,-4.0028,-3.9243,-3.842,-3.7706,-3.7223,-3.7016,-3.7045,-3.7228,-3.7489,-3.7769,-3.8037,-3.8277,-3.8484,-3.8658,-3.8801
-3.5229,-3.521,-3.5204,-3.5212,-3.5241,-3.5294,-3.5378,-3.5499,-3.5665,-3.5885,-3.6166,-3.6516,-3.6941,-3.7443,-3.802,-3.8661,-3.9345,-4.0043,-4.0718,-4.1321,-4.1788,-4.2048,-4.2073,-4.1926,-4.1721,-4.1544,-4.1443,-4.1429,-4.1493,-4.1606,-4.1724,-4.179,-4.1746,-4.1535,-4.1117,-4.0481,-3.9673,-3.8806,-3.8038,-3.7505,-3.7257,-3.7255,-3.7414,-3.7652,-3.7914,-3.8164,-3.8389,-3.8582,-3.8744,-3.8877
-3.5095,-3.5064,-3.5044,-3.5038,-3.5051,-3.5088,-3.5157,-3.5263,-3.5416,-3.5626,-3.5902,-3.6253,-3.6689,-3.7215,-3.783,-3.8523,-3.9273,-4.0048,-4.0808,-4.1503,-4.2055,-4.2357,-4.2349,-4.2124,-4.1846,-4.1628,-4.1517,-4.152,-4.1625,-4.18,-4.1993,-4.214,-4.2173,-4.2028,-4.1655,-4.1041,-4.0227,-3.9328,-3.8511,-3.7922,-3.762,-3.7567,-3.768,-3.7878,-3.8105,-3.8327,-3.8527,-3.87,-3.8845,-3.8965
-3.4959,-3.4914,-3.4879,-3.4857,-3.4853,-3.4872,-3.4922,-3.501,-3.5146,-3.5341,-3.5607,-3.5955,-3.6396,-3.694,-3.7589,-3.8333,-3.915,-4.0002,-4.0846,-4.1636,-4.2291,-4.2655,-4.2608,-4.2285,-4.1932,-4.1681,-4.1569,-4.1599,-4.1756,-4.2005,-4.2289,-4.2534,-4.266,-4.2595,-4.2283,-4.1705,-4.0898,-3.9979,-3.9118,-3.8469,-3.8097,-3.7973,-3.8021,-3.8162,-3.834,-3.8522,-3.869,-3.8836,-3.896,-3.9063
-3.4821,-3.4762,-3.4711,-3.4671,-3.4648,-3.4646,-3.4674,-3.4741,-3.4856,-3.5031,-3.528,-3.5618,-3.6057,-3.6613,-3.729,-3.8082,-3.8963,-3.9889,-4.0808,-4.1678,-4.2439,-4.2888,-4.2798,-4.2372,-4.1959,-4.1693,-4.1595,-4.1664,-4.1886,-4.2224,-4.2614,-4.2973,-4.3208,-4.3236,-4.2995,-4.246,-4.1669,-4.0737,-3.9835,-3.9121,-3.8668,-3.8458,-3.8424,-3.8493,-3.8611,-3.8744,-3.8873,-3.8988,-3.9087,-3.9169
-3.4682,-3.4608,-3.4539,-3.4481,-3.4436,-3.4412,-3.4415,-3.4456,-3.4545,-3.4695,-3.4922,-3.5241,-3.567,-3.6226,-3.6923,-3.7757,-3.8701,-3.9696,-4.0673,-4.1587,-4.241,-4.2943,-4.2825,-4.2331,-4.1907,-4.166,-4.1596,-4.1717,-4.2015,-4.2455,-4.2967,-4.3455,-4.3812,-4.3941,-4.3773,-4.3283,-4.2508,-4.1565,-4.0624,-3.9843,-3.9303,-3.8998,-3.8872,-3.886,-3.891,-3.8988,-3.9072,-3.9152,-3.9223,-3.9283
-3.4544,-3.4453,-3.4366,-3.4287,-3.422,-3.417,-3.4146,-3.4157,-3.4216,-3.4336,-3.4533,-3.4825,-3.5232,-3.5777,-3.6481,-3.7349,-3.8352,-3.9416,-4.044,-4.1346,-4.2122,-4.2653,-4.2558,-4.2121,-4.1771,-4.1583,-4.1573,-4.1759,-4.2145,-4.2698,-4.3345,-4.3974,-4.4459,-4.4691,-4.4592,-4.4138,-4.3374,-4.2417,-4.1437,-4.0591,-3.9965,-3.9564,-3.9343,-3.9247,-3.9225,-3.9245,-3.9282,-3.9325,-3.9366,-3.9402
-3.4406,-3.4299,-3.4193,-3.4092,-3.4,-3.3923,-3.3869,-3.3847,-3.3871,-3.3955,-3.4116,-3.4372,-3.4745,-3.5264,-3.5958,-3.6847,-3.7907,-3.9048,-4.0126,-4.1001,-4.1619,-4.1976,-4.198,-4.1772,-4.1574,-4.1475,-4.1532,-4.1791,-4.2272,-4.2948,-4.3738,-4.4513,-4.5128,-4.5455,-4.5412,-4.4981,-4.4214,-4.3239,-4.2224,-4.1321,-4.0617,-4.0126,-3.9816,-3.9638,-3.9546,-3.9507,-3.9497,-3.9501,-3.9512,-3.9523
-3.4271,-3.4147,-3.4021,-3.3898,-3.378,-3.3674,-3.3586,-3.3529,-3.3514,-3.3558,-3.3676,-3.3888,-3.4214,-3.4687,-3.535,-3.624,-3.7352,-3.8588,-3.9757,-4.0654,-4.1151,-4.1304,-4.1385,-4.1408,-4.1359,-4.1349,-4.1477,-4.1814,-4.2393,-4.3193,-4.4126,-4.5046,-4.5782,-4.6189,-4.6184,-4.5757,-4.4979,-4.3985,-4.2941,-4.1993,-4.1226,-4.066,-4.0271,-4.0019,-3.9861,-3.9766,-3.971,-3.9677,-3.9658,-3.9645
-3.4139,-3.3998,-3.3853,-3.3706,-3.3562,-3.3424,-3.3302,-3.3206,-3.315,-3.3149,-3.3221,-3.3381,-3.3648,-3.4054,-3.4656,-3.5519,-3.6671,-3.8021,-3.9341,-4.0364,-4.0912,-4.1039,-4.1084,-4.1147,-4.1166,-4.1221,-4.1415,-4.1828,-4.2502,-4.3419,-4.4485,-4.5533,-4.6371,-4.6838,-4.685,-4.6416,-4.5622,-4.4615,-4.3555,-4.258,-4.1769,-4.1146,-4.0693,-4.0377,-4.0161,-4.0016,-3.9917,-3.985,-3.9801,-3.9765
-3.4011,-3.3853,-3.3689,-3.3519,-3.3347,-3.3179,-3.302,-3.2884,-3.2783,-3.2736,-3.2759,-3.2863,-3.3062,-3.338,-3.3884,-3.4681,-3.5847,-3.7319,-3.8842,-4.0081,-4.0809,-4.1024,-4.1006,-4.0988,-4.1003,-4.1097,-4.1348,-4.1831,-4.259,-4.3607,-4.4782,-4.5931,-4.6842,-4.7344,-4.7359,-4.6912,-4.611,-4.5103,-4.4047,-4.3065,-4.2231,-4.157,-4.1069,-4.0703,-4.0439,-4.025,-4.0114,-4.0014,-3.9939,-3.988
-3.389,-3.3716,-3.3532,-3.3339,-3.3141,-3.294,-3.2745,-3.2566,-3.242,-3.2325,-3.2299,-3.235,-3.2475,-3.2685,-3.3053,-3.3732,-3.4871,-3.6452,-3.8197,-3.9691,-4.0629,-4.0961,-4.0933,-4.0856,-4.0854,-4.0974,-4.1274,-4.1818,-4.2646,-4.3738,-4.4986,-4.6198,-4.7147,-4.7662,-4.7672,-4.7221,-4.6426,-4.544,-4.4407,-4.344,-4.2605,-4.1925,-4.1394,-4.099,-4.0689,-4.0464,-4.0296,-4.0168,-4.0069,-3.999
-3.3775,-3.3586,-3.3384,-3.3169,-3.2944,-3.2713,-3.248,-3.2259,-3.2066,-3.1924,-3.1852,-3.1856,-3.1911,-3.1999,-3.2193,-3.2698,-3.3755,-3.5411,-3.7362,-3.9101,-4.024,-4.0707,-4.0745,-4.0682,-4.0693,-4.0845,-4.1191,-4.1786,-4.2662,-4.3796,-4.5076,-4.6305,-4.7259,-4.7768,-4.7775,-4.7335,-4.657,-4.5627,-4.464,-4.3707,-4.2889,-4.2208,-4.1663,-4.1236,-4.0907,-4.0655,-4.046,-4.0309,-4.0189,-4.0093
-3.3669,-3.3466,-3.3247,-3.3012,-3.2762,-3.25,-3.2232,-3.197,-3.1731,-3.1541,-3.1429,-3.1398,-3.1397,-3.1359,-3.1344,-3.1628,-3.2557,-3.4239,-3.6351,-3.8296,-3.9621,-4.0251,-4.0419,-4.0438,-4.0502,-4.0702,-4.1094,-4.1729,-4.2631,-4.3773,-4.5042,-4.6247,-4.7174,-4.7667,-4.7679,-4.7269,-4.6557,-4.5679,-4.4755,-4.3874,-4.3089,-4.2423,-4.1876,-4.1438,-4.1092,-4.082,-4.0606,-4.0435,-4.0298,-4.0187
-3.3573,-3.3357,-3.3122,-3.2869,-3.2597,-3.2308,-3.2007,-3.1704,-3.142,-3.1186,-3.1038,-3.0987,-3.0956,-3.0801,-3.056,-3.0602,-3.1383,-3.3051,-3.5254,-3.7344,-3.8835,-3.9643,-3.9981,-4.0127,-4.0278,-4.054,-4.098,-4.1643,-4.2551,-4.367,-4.4892,-4.604,-4.6918,-4.739,-4.7416,-4.7053,-4.6412,-4.5615,-4.4769,-4.3952,-4.3212,-4.2572,-4.2037,-4.1598,-4.1244,-4.0959,-4.073,-4.0546,-4.0395,-4.0271
-3.3488,-3.326,-3.3013,-3.2744,-3.2452,-3.2139,-3.1809,-3.1471,-3.1145,-3.0867,-3.0688,-3.0634,-3.0607,-3.0362,-2.9902,-2.9728,-3.0382,-3.2004,-3.4217,-3.6371,-3.7984,-3.8961,-3.9475,-3.9767,-4.0023,-4.0359,-4.0845,-4.1528,-4.2423,-4.3496,-4.4646,-4.5714,-4.6532,-4.698,-4.7027,-4.6723,-4.6164,-4.5459,-4.4699,-4.3954,-4.3268,-4.2664,-4.2148,-4.1718,-4.1363,-4.1072,-4.0834,-4.064,-4.0479,-4.0345
-3.3414,-3.3177,-3.2919,-3.2637,-3.233,-3.1998,-3.1644,-3.1276,-3.0915,-3.0598,-3.0388,-3.0341,-3.0356,-3.0069,-2.9442,-2.9127,-2.9701,-3.1245,-3.3378,-3.5499,-3.7169,-3.8277,-3.8949,-3.9384,-3.9749,-4.016,-4.0689,-4.1383,-4.2254,-4.3266,-4.433,-4.5308,-4.606,-4.6484,-4.6555,-4.6315,-4.5843,-4.5232,-4.4562,-4.3893,-4.3267,-4.2705,-4.2216,-4.18,-4.1451,-4.116,-4.0918,-4.0717,-4.0549,-4.0408
-3.3352,-3.3109,-3.2843,-3.2552,-3.2233,-3.1888,-3.1517,-3.1128,-3.0741,-3.0394,-3.0158,-3.0117,-3.0196,-2.994,-2.9255,-2.89,-2.9424,-3.0844,-3.2809,-3.481,-3.6464,-3.7648,-3.8442,-3.9001,-3.9467,-3.9948,-4.0516,-4.1213,-4.2051,-4.2995,-4.3968,-4.4856,-4.5541,-4.5944,-4.6039,-4.5861,-4.5475,-4.4957,-4.4375,-4.3783,-4.3218,-4.2701,-4.2244,-4.1848,-4.151,-4.1223,-4.0982,-4.0778,-4.0606,-4.046
-3.3302,-3.3055,-3.2784,-3.2488,-3.2163,-3.181,-3.1431,-3.1032,-3.0632,-3.0268,-3.0017,-2.9978,-3.0112,-2.9955,-2.9356,-2.9048,-2.952,-3.0771,-3.2509,-3.4327,-3.5902,-3.7109,-3.7983,-3.8637,-3.9187,-3.9728,-4.0327,-4.1022,-4.1822,-4.2698,-4.3583,-4.4385,-4.5009,-4.539,-4.5508,-4.5388,-4.5081,-4.465,-4.4152,-4.3634,-4.313,-4.2662,-4.2239,-4.1866,-4.1543,-4.1265,-4.1027,-4.0824,-4.065,-4.0501
-3.3266,-3.3017,-3.2744,-3.2446,-3.212,-3.1767,-3.1387,-3.0989,-3.0591,-3.023,-2.9981,-2.9942,-3.0098,-3.0058,-2.9654,-2.9448,-2.9867,-3.0931,-3.2424,-3.4031,-3.5488,-3.6671,-3.7586,-3.8305,-3.8918,-3.9507,-4.0128,-4.0816,-4.1577,-4.2387,-4.3192,-4.3916,-4.4484,-4.4846,-4.4983,-4.4913,-4.4677,-4.4325,-4.3905,-4.3458,-4.3014,-4.2592,-4.2205,-4.1859,-4.1553,-4.1286,-4.1055,-4.0855,-4.0682,-4.0532
-3.3243,-3.2994,-3.2722,-3.2426,-3.2104,-3.1756,-3.1385,-3.0998,-3.0616,-3.0276,-3.0045,-3.001,-3.0156,-3.0205,-3.0012,-2.9937,-3.0321,-3.1219,-3.2484,-3.3882,-3.5204,-3.6334,-3.7255,-3.8011,-3.8668,-3.9289,-3.9923,-4.06,-4.1323,-4.2073,-4.2805,-4.346,-4.3981,-4.4324,-4.4476,-4.445,-4.4276,-4.3994,-4.3645,-4.3262,-4.2874,-4.2499,-4.2148,-4.1828,-4.1542,-4.1289,-4.1066,-4.0872,-4.0702,-4.0553
-3.3232,-3.2986,-3.2718,-3.2428,-3.2113,-3.1776,-3.142,-3.1055,-3.0699,-3.0391,-3.019,-3.016,-3.0284,-3.0384,-3.0356,-3.0408,-3.0784,-3.1553,-3.2627,-3.3838,-3.5025,-3.6084,-3.6988,-3.7758,-3.8439,-3.908,-3.9719,-4.038,-4.1066,-4.1762,-4.2431,-4.3027,-4.3505,-4.3833,-4.3997,-4.4006,-4.3885,-4.3664,-4.3378,-4.3055,-4.2718,-4.2387,-4.2072,-4.178,-4.1514,-4.1276,-4.1064,-4.0876,-4.0711,-4.0565
-3.3233,-3.2992,-3.2731,-3.2449,-3.2146,-3.1824,-3.1489,-3.115,-3.0828,-3.0558,-3.0388,-3.0363,-3.0468,-3.0592,-3.0675,-3.0827,-3.1209,-3.1888,-3.2811,-3.3865,-3.4926,-3.5908,-3.6779,-3.7545,-3.8234,-3.8882,-3.9518,-4.0161,-4.0812,-4.1459,-4.2074,-4.262,-4.3062,-4.3374,-4.3547,-4.3586,-4.3509,-4.3341,-4.311,-4.284,-4.2552,-4.2261,-4.198,-4.1715,-4.1471,-4.1249,-4.1049,-4.0869,-4.071,-4.0568
-3.3246,-3.3011,-3.2759,-3.2488,-3.22,-3.1897,-3.1585,-3.1277,-3.0991,-3.0758,-3.0617,-3.0599,-3.069,-3.0827,-3.0976,-3.1196,-3.1588,-3.2202,-3.301,-3.3935,-3.4885,-3.5791,-3.662,-3.7368,-3.8053,-3.8698,-3.9324,-3.9946,-4.0565,-4.1169,-4.1736,-4.2239,-4.265,-4.295,-4.3129,-4.3192,-4.3152,-4.3029,-4.2846,-4.2623,-4.2378,-4.2125,-4.1877,-4.1638,-4.1415,-4.121,-4.1022,-4.0852,-4.0699,-4.0562
-3.327,-3.3043,-3.2801,-3.2543,-3.2271,-3.1989,-3.1704,-3.1427,-3.1176,-3.0979,-3.0864,-3.0853,-3.0937,-3.1081,-3.1267,-3.1528,-3.1925,-3.2491,-3.3211,-3.4031,-3.4886,-3.572,-3.6502,-3.7224,-3.7895,-3.8529,-3.9141,-3.974,-4.0327,-4.0893,-4.142,-4.1886,-4.2271,-4.2559,-4.2742,-4.2824,-4.2814,-4.273,-4.2588,-4.2406,-4.22,-4.1983,-4.1764,-4.1552,-4.1349,-4.116,-4.0986,-4.0826,-4.0681,-4.0549
-3.3303,-3.3086,-3.2855,-3.2612,-3.2358,-3.2098,-3.1839,-3.1593,-3.1376,-3.121,-3.1118,-3.1115,-3.1197,-3.1345,-3.1551,-3.1834,-3.2228,-3.2756,-3.3406,-3.4142,-3.4915,-3.5682,-3.6417,-3.7108,-3.7758,-3.8375,-3.8968,-3.9544,-4.0101,-4.0633,-4.1124,-4.1559,-4.1921,-4.2198,-4.2384,-4.2481,-4.2497,-4.2445,-4.2338,-4.2193,-4.2022,-4.1836,-4.1646,-4.1457,-4.1275,-4.1102,-4.0941,-4.0792,-4.0655,-4.0529
