docs/data/wind_grid.json
[{"header":{"la1":42.85,"la2":41.18,"lo1":11.55,"lo2":14.05,"nx":36,"ny":24,"dx":0.07143,"dy":0.07261,"parameterCategory":2,"parameterNumber":2,"parameterNumberName":"eastward_wind","parameterUnit":"m.s-1"},"data":[1.4398,1.428,1.4103,1.3873,1.3605,1.3332,1.3096,1.2936,1.2881,1.2941,1.3098,1.3326,1.3588,1.3851,1.4074,1.4209,1.4189,1.394,1.3401,1.2585,1.1626,1.0766,1.0236,1.0118,1.0327,1.0711,1.114,1.1542,1.1888,1.2174,1.2406,1.2594,1.2748,1.2874,1.298,1.3068,1.4659,1.4535,1.432,1.401,1.3627,1.3216,1.2845,1.2588,1.2499,1.259,1.2831,1.3171,1.3558,1.3952,1.4313,1.4583,1.4665,1.4415,1.3672,1.2375,1.0733,0.9263,0.8494,0.8547,0.9133,0.9895,1.0613,1.1209,1.1678,1.2038,1.2316,1.2533,1.2704,1.2843,1.2956,1.3051,1.5032,1.4926,1.4678,1.4267,1.3711,1.3077,1.2475,1.2044,1.1893,1.2048,1.2432,1.294,1.3498,1.4066,1.462,1.5113,1.5426,1.5309,1.4372,1.2282,0.9267,0.6511,0.5414,0.6076,0.7517,0.8946,1.008,1.0912,1.1508,1.1938,1.2253,1.2491,1.2675,1.2821,1.294,1.3039,1.556,1.5523,1.5273,1.4745,1.3936,1.2935,1.1922,1.1156,1.0897,1.1198,1.1851,1.2622,1.3402,1.4179,1.4977,1.5804,1.6582,1.6963,1.6105,1.2845,0.695,0.1169,-0.0185,0.2391,0.5605,0.8046,0.9671,1.0724,1.1418,1.189,1.2224,1.2471,1.266,1.281,1.2932,1.3033,1.6292,1.6432,1.6272,1.5638,1.4466,1.2873,1.1117,0.9657,0.9181,0.9872,1.1068,1.2235,1.3277,1.4269,1.5324,1.6577,1.8144,1.9825,2.0177,1.5854,0.4412,-0.8599,-0.9171,-0.1783,0.4132,0.7601,0.957,1.0724,1.1437,1.1905,1.2232,1.2473,1.2659,1.2807,1.2929,1.303,1.7253,1.7782,1.7949,1.7312,1.5633,1.313,1.0155,0.7261,0.6275,0.8016,1.0216,1.1872,1.3155,1.4315,1.5565,1.7197,1.9732,2.3864,2.8398,2.4861,0.7136,-1.4821,-1.3937,-0.2472,0.4538,0.8075,0.9917,1.0943,1.1564,1.1973,1.2266,1.2488,1.2665,1.281,1.293,1.3031,1.8386,1.9655,2.0716,2.0443,1.7989,1.4159,0.9826,0.5149,0.3329,0.6663,0.9759,1.1675,1.3074,1.4314,1.5623,1.7354,2.0337,2.6413,3.6557,3.4979,1.7414,0.1995,-0.1271,0.3488,0.7325,0.9469,1.0636,1.1312,1.1747,1.2059,1.2303,1.2504,1.2672,1.2813,1.2932,1.3033,1.941,2.1769,2.4813,2.6011,2.1966,1.6051,1.1087,0.7024,0.5572,0.7721,0.9973,1.1649,1.3031,1.4297,1.5563,1.7031,1.9396,2.3893,2.9972,2.8883,2.2977,1.8044,1.2624,1.0734,1.0744,1.1093,1.1401,1.1654,1.1885,1.2106,1.2314,1.2503,1.2669,1.2812,1.2932,1.3034,1.9787,2.2869,2.8238,3.257,2.5411,1.732,1.2404,0.9537,0.8404,0.8786,1.0054,1.1557,1.2957,1.431,1.5662,1.6751,1.807,2.0373,2.287,2.4311,2.7717,2.5943,1.8961,1.4827,1.2961,1.2135,1.1801,1.1747,1.1859,1.2052,1.2268,1.2473,1.2652,1.2803,1.2929,1.3033,1.9154,2.1504,2.505,2.716,2.1766,1.6323,1.2208,0.9484,0.758,0.7289,0.9241,1.1265,1.2764,1.4221,1.6294,1.7332,1.7437,1.8773,2.0385,2.2347,2.5414,2.4274,1.9452,1.575,1.3442,1.2106,1.1492,1.1387,1.1567,1.1856,1.2152,1.2411,1.2622,1.2789,1.2921,1.3028,1.7895,1.8943,1.9327,1.7716,1.7145,1.4555,1.0985,0.8369,0.491,0.3245,0.8163,1.1054,1.2409,1.3427,1.5668,1.7215,1.7301,1.8858,2.0031,2.0538,2.0895,1.9978,1.7501,1.4685,1.2254,1.0673,1.0156,1.0406,1.0959,1.1522,1.1985,1.2334,1.2587,1.2772,1.2909,1.3017,1.6627,1.7021,1.7041,1.6779,1.607,1.2832,0.9303,0.7347,0.6218,0.5577,0.8998,1.1256,1.2028,1.1834,1.3003,1.528,1.7732,2.1584,2.2706,2.0757,1.9211,1.7728,1.5563,1.2563,0.9246,0.7186,0.7367,0.8727,1.0103,1.1133,1.1827,1.2276,1.2565,1.2756,1.2891,1.2996,1.5568,1.5662,1.5567,1.5166,1.3853,1.1159,0.8113,0.6095,0.6918,0.852,1.0352,1.1637,1.2016,1.133,1.2206,1.4901,1.8314,2.8429,2.8924,2.1791,1.8736,1.6736,1.4173,0.9938,0.3946,0.0537,0.2925,0.6676,0.9313,1.0883,1.178,1.2283,1.2566,1.2736,1.2855,1.2954,1.4726,1.4617,1.4309,1.3654,1.2418,1.0577,0.855,0.7068,0.7657,0.9532,1.0925,1.1816,1.2095,1.2939,1.3619,1.5116,1.695,2.2851,2.4398,2.047,1.8185,1.642,1.3697,0.8322,-0.1119,-0.6603,-0.0721,0.562,0.9198,1.1031,1.1943,1.2377,1.2578,1.2686,1.2775,1.2869,1.4094,1.3872,1.3479,1.284,1.191,1.0765,0.9666,0.9062,0.9416,1.0236,1.0781,1.1342,1.2076,1.2172,1.3994,1.5376,1.9181,1.8454,1.8924,1.846,1.8038,1.7034,1.4519,0.9784,0.2127,-0.2402,0.1959,0.7222,1.0256,1.1722,1.2332,1.2513,1.253,1.2539,1.2599,1.2711,1.365,1.3394,1.3015,1.2494,1.1846,1.1154,1.0578,1.0309,1.0378,1.0352,0.9545,1.0135,1.1186,1.2531,1.3856,1.6021,1.8218,1.7141,1.6975,1.7774,1.9768,1.8934,1.6001,1.2785,0.9255,0.735,0.8643,1.0858,1.2276,1.2827,1.2814,1.2536,1.2263,1.2163,1.2249,1.2442,1.3358,1.3112,1.2787,1.2388,1.1941,1.1507,1.1166,1.0975,1.0869,1.0565,0.9822,1.0504,1.1672,1.2251,1.323,1.4427,1.5311,1.5316,1.5333,1.6839,1.9991,1.9158,1.6631,1.4988,1.4113,1.4128,1.4641,1.4872,1.4636,1.4026,1.3123,1.2143,1.1478,1.1358,1.1632,1.2037,1.3179,1.2961,1.2696,1.2395,1.2081,1.179,1.1561,1.1406,1.1287,1.1138,1.1062,1.1408,1.1949,1.215,1.2279,1.2624,1.364,1.3807,1.3217,1.4864,1.6567,1.6857,1.6306,1.6314,1.7492,1.9523,2.021,1.8783,1.69,1.5042,1.2992,1.0933,0.9776,0.994,1.0739,1.1544,1.3077,1.2892,1.268,1.2453,1.2226,1.2022,1.1859,1.1742,1.1664,1.1624,1.1668,1.184,1.2014,1.1866,1.0411,0.9719,1.2415,1.3444,1.3458,1.4152,1.487,1.5378,1.5825,1.7073,2.0117,2.4997,2.6122,2.2118,1.869,1.5807,1.2517,0.8927,0.7229,0.8198,0.9855,1.1143,1.3028,1.2874,1.2706,1.2532,1.2365,1.2217,1.21,1.2019,1.1974,1.1971,1.2017,1.2096,1.2109,1.1787,1.0656,1.0353,1.2237,1.34,1.389,1.3998,1.4116,1.4319,1.4983,1.6876,2.0637,2.6079,2.7278,2.2912,1.9611,1.6542,1.268,0.8104,0.6067,0.7561,0.9639,1.111,1.3013,1.2886,1.2753,1.2619,1.2494,1.2386,1.2302,1.2247,1.2223,1.223,1.2264,1.2303,1.2289,1.2131,1.1858,1.197,1.2677,1.3339,1.3704,1.3733,1.3275,1.2559,1.2871,1.5248,1.8999,2.237,2.3357,2.2315,1.9981,1.7457,1.4234,1.0444,0.8451,0.9077,1.0456,1.1569,1.302,1.2917,1.2811,1.2708,1.2613,1.2534,1.2474,1.2437,1.2424,1.2435,1.2463,1.2493,1.2504,1.2482,1.2481,1.263,1.2942,1.3229,1.3301,1.2928,1.1523,0.8781,0.8186,1.2194,1.7058,2.1037,2.3578,2.2293,1.9992,1.8434,1.6216,1.3567,1.1789,1.1422,1.1814,1.2342,1.3042,1.2957,1.2873,1.2793,1.2721,1.2663,1.262,1.2596,1.2592,1.2605,1.2632,1.2665,1.2698,1.2733,1.2794,1.2907,1.3048,1.3116,1.2941,1.2186,1.0044,0.5838,0.457,0.9875,1.5316,1.9068,2.0912,2.0445,1.9907,1.9352,1.7606,1.5571,1.4031,1.3262,1.3067,1.3141,1.3072,1.3003,1.2936,1.2874,1.282,1.2777,1.2747,1.2732,1.2734,1.2749,1.2777,1.2813,1.2856,1.2907,1.2971,1.3044,1.3097,1.3055,1.2783,1.2026,1.0383,0.8006,0.7598,1.0745,1.4535,1.7325,1.8851,1.9435,1.9874,1.9439,1.8006,1.644,1.5188,1.4383,1.3963,1.3792]},{"header":{"la1":42.85,"la2":41.18,"lo1":11.55,"lo2":14.05,"nx":36,"ny":24,"dx":0.07143,"dy":0.07261,"parameterCategory":2,"parameterNumber":3,"parameterNumberName":"northward_wind","parameterUnit":"m.s-1"},"data":[1.4179,1.3843,1.3407,1.2873,1.2257,1.1594,1.0936,1.0336,0.9828,0.9404,0.902,0.8618,0.8144,0.7563,0.686,0.6028,0.5068,0.3988,0.281,0.1599,0.0489,-0.0321,-0.0655,-0.0474,0.0108,0.0917,0.1802,0.2669,0.3474,0.42,0.4849,0.5425,0.5939,0.6396,0.6806,0.7174,1.4641,1.429,1.38,1.3161,1.2385,1.1525,1.067,0.9927,0.9373,0.9,0.8719,0.8414,0.7994,0.7415,0.666,0.5726,0.4607,0.3294,0.1775,0.0087,-0.1585,-0.2841,-0.3269,-0.2803,-0.1741,-0.0452,0.0821,0.1974,0.2981,0.385,0.4599,0.5248,0.5814,0.6311,0.6751,0.7142,1.5221,1.4876,1.4337,1.3565,1.2558,1.1376,1.0168,0.9157,0.8536,0.8306,0.8264,0.8165,0.7862,0.7312,0.6515,0.5481,0.4207,0.2657,0.0742,-0.1649,-0.4364,-0.6561,-0.7125,-0.5971,-0.3984,-0.1935,-0.0141,0.1347,0.2567,0.3574,0.4415,0.5127,0.5739,0.6269,0.6733,0.7142,1.5949,1.5657,1.5101,1.4187,1.2857,1.1147,0.927,0.7687,0.6935,0.7076,0.7572,0.7875,0.7772,0.7273,0.6442,0.5321,0.392,0.2204,-0.0023,-0.3296,-0.7998,-1.2417,-1.3071,-1.0149,-0.6445,-0.3323,-0.0934,0.0881,0.2287,0.3405,0.4317,0.5077,0.5721,0.6274,0.6756,0.7177,1.6857,1.6706,1.622,1.5202,1.3472,1.0948,0.7796,0.4857,0.375,0.4893,0.6602,0.7608,0.7773,0.7322,0.645,0.5257,0.3782,0.2069,-0.0028,-0.3803,-1.1748,-2.1345,-2.1442,-1.4536,-0.8395,-0.42,-0.1347,0.0682,0.2196,0.3373,0.432,0.5104,0.5766,0.6332,0.6823,0.7251,1.7947,1.8082,1.7856,1.6888,1.4772,1.1203,0.5942,-0.0173,-0.2421,0.1467,0.5624,0.7573,0.7944,0.7461,0.6517,0.5275,0.3784,0.2246,0.1134,-0.1474,-1.1491,-2.6524,-2.5651,-1.5675,-0.8535,-0.4107,-0.1211,0.0814,0.2315,0.3484,0.4428,0.5212,0.5875,0.6443,0.6935,0.7364,1.9155,1.9773,2.0146,1.9574,1.7219,1.2761,0.5575,-0.4872,-0.9459,-0.0938,0.5751,0.8116,0.8346,0.7642,0.6551,0.5299,0.3884,0.2486,0.2392,0.1591,-0.6142,-1.5138,-1.6388,-1.1316,-0.6482,-0.3006,-0.0551,0.1246,0.2622,0.3721,0.4627,0.5391,0.6044,0.6606,0.7093,0.7516,2.0302,2.1524,2.2934,2.3342,2.0779,1.5926,0.9376,0.0928,-0.2654,0.3487,0.8123,0.9377,0.8922,0.7713,0.6299,0.5079,0.3971,0.2669,0.1642,-0.0296,-0.5063,-0.7507,-0.7844,-0.6181,-0.3701,-0.143,0.0397,0.1852,0.3041,0.4039,0.4893,0.5629,0.6266,0.6816,0.7293,0.7706,2.1119,2.2715,2.4966,2.6578,2.3655,1.9162,1.4877,1.1232,0.9955,1.1034,1.1614,1.097,0.9505,0.7476,0.5197,0.3908,0.3701,0.2907,0.1105,-0.267,-0.8803,-0.8103,-0.5033,-0.3093,-0.1436,0.0041,0.1324,0.2454,0.3468,0.438,0.5194,0.5909,0.6532,0.707,0.7534,0.7933,2.1479,2.2962,2.4653,2.5531,2.4078,2.1365,1.8938,1.7431,1.6927,1.6472,1.467,1.2409,1.0014,0.7121,0.262,0.0397,0.2931,0.3148,0.1681,-0.1566,-0.6212,-0.59,-0.2889,-0.0994,0.0175,0.108,0.1948,0.2859,0.3792,0.4687,0.5502,0.622,0.6838,0.7366,0.7815,0.8197,2.1504,2.2836,2.441,2.6236,2.5746,2.3105,2.1949,2.1303,1.9962,1.957,1.6717,1.3431,1.0409,0.7506,0.3217,0.0363,0.3168,0.3144,0.224,0.1001,-0.0581,-0.0886,0.001,0.0752,0.1077,0.1351,0.1944,0.287,0.3921,0.4927,0.5812,0.6563,0.7188,0.7707,0.8137,0.8497,2.1302,2.2512,2.4097,2.5936,2.5565,2.4059,2.5029,2.6397,2.3057,2.0089,1.7458,1.4257,1.0569,0.6817,0.6214,0.5097,0.3844,0.1453,0.0732,0.1937,0.2347,0.2325,0.2227,0.1714,0.0717,0.0136,0.0831,0.2316,0.3842,0.5129,0.6153,0.6958,0.7593,0.8097,0.8501,0.883,2.0914,2.1866,2.2929,2.3789,2.3915,2.4435,2.7151,3.0943,2.7855,2.1874,1.8254,1.607,1.2923,0.6332,0.6526,0.5461,0.3179,-0.365,-0.3851,0.1903,0.3898,0.4218,0.3584,0.1669,-0.1716,-0.373,-0.1775,0.1323,0.3738,0.5416,0.6592,0.7441,0.8068,0.8541,0.8906,0.9195,2.044,2.1138,2.1831,2.2411,2.2944,2.4028,2.6239,2.8715,2.697,2.2255,1.9471,1.8314,1.7701,1.3914,0.857,0.1766,0.208,0.0343,0.0059,0.3809,0.5537,0.5741,0.4736,0.1622,-0.4753,-0.8673,-0.4193,0.0899,0.407,0.5987,0.7215,0.8044,0.8622,0.9038,0.9346,0.9583,1.9971,2.0499,2.1017,2.1521,2.21,2.2946,2.405,2.47,2.3773,2.239,2.1985,2.1192,2.0018,2.4851,1.0155,0.0563,-0.0023,0.3802,0.5646,0.6897,0.714,0.6971,0.6174,0.3402,-0.2054,-0.5422,-0.1945,0.2424,0.5248,0.6967,0.8057,0.8769,0.9244,0.9568,0.9801,0.9978,1.9544,1.9963,2.038,2.0806,2.1275,2.1811,2.2318,2.2558,2.2598,2.3611,2.6955,2.7457,2.4202,1.9958,1.3532,0.6634,0.3276,0.7366,0.998,0.9433,0.6493,0.6837,0.7605,0.6311,0.3794,0.2286,0.3352,0.5385,0.7072,0.8256,0.9049,0.9558,0.9876,1.0084,1.0234,1.0355,1.9163,1.9505,1.9848,2.0195,2.0552,2.0914,2.1246,2.1555,2.2111,2.3655,2.6414,2.577,2.5741,2.5318,1.8049,1.3645,1.23,1.4942,1.7294,1.352,0.6773,0.748,0.9242,0.8877,0.7829,0.7204,0.7407,0.8115,0.8922,0.9591,1.0038,1.0279,1.04,1.0492,1.0588,1.0682,1.8823,1.9108,1.9391,1.9675,1.9958,2.024,2.0529,2.0878,2.1438,2.2358,2.3298,2.3716,2.568,2.586,2.1924,2.0392,1.9097,2.3641,2.9812,2.1333,1.4632,1.2272,1.1759,1.1005,1.006,0.9333,0.9242,0.9786,1.0408,1.0786,1.0863,1.0724,1.0605,1.0657,1.0801,1.0938,1.8517,1.8757,1.8996,1.9232,1.9467,1.9707,1.9965,2.0279,2.0697,2.122,2.1726,2.2199,2.2861,2.3432,2.6853,2.8772,2.3168,2.5041,2.8492,2.5865,2.0588,1.6466,1.4265,1.2727,1.1076,0.8965,0.853,1.0483,1.1671,1.1902,1.1479,1.0704,1.0297,1.0522,1.089,1.1147,1.8241,1.8446,1.8649,1.885,1.9051,1.9257,1.948,1.9736,2.0038,2.0375,2.0719,2.109,2.1617,2.283,2.6124,2.7223,2.3759,2.4392,2.9489,3.1862,2.3904,1.8807,1.6159,1.429,1.2268,0.9234,0.8568,1.2162,1.3383,1.3251,1.2222,1.07,1.0019,1.0476,1.1051,1.1396,1.7989,1.8166,1.8341,1.8514,1.8686,1.8863,1.905,1.9255,1.948,1.9723,1.9983,2.0292,2.0755,2.1586,2.2753,2.306,2.2509,2.3394,2.6346,2.705,2.2828,1.9497,1.7692,1.6036,1.459,1.4405,1.6748,1.6586,1.5837,1.5167,1.372,1.1906,1.0976,1.1134,1.1524,1.1777,1.7759,1.7912,1.8064,1.8213,1.8362,1.8513,1.8668,1.8832,1.9006,1.9192,1.9395,1.964,1.9971,2.0418,2.0873,2.1081,2.1177,2.1697,2.2512,2.2314,2.0803,1.994,1.9554,1.7837,1.6504,1.7288,1.9704,1.8793,1.8464,1.7862,1.5965,1.3956,1.2715,1.2304,1.2261,1.2278,1.7546,1.768,1.7812,1.7941,1.8069,1.8197,1.8326,1.8459,1.8596,1.8741,1.8898,1.9079,1.9295,1.954,1.9765,1.9919,2.0055,2.0267,2.0427,2.0233,1.992,2.0502,2.0825,1.8889,1.7402,1.752,1.8448,1.9593,2.1995,2.0969,1.8085,1.5715,1.4211,1.341,1.3017,1.2804,1.7349,1.7466,1.7581,1.7693,1.7803,1.7911,1.8018,1.8126,1.8235,1.8348,1.8466,1.8594,1.8733,1.8875,1.9,1.9098,1.9178,1.9249,1.9266,1.9207,1.9273,1.9717,1.973,1.8595,1.7602,1.7525,1.8283,2.0139,2.245,2.1481,1.8815,1.6606,1.5117,1.4188,1.3621,1.3264]}]