docs/data/wind_grid.json
[{"header":{"la1":42.85,"la2":41.18,"lo1":11.55,"lo2":14.05,"nx":36,"ny":24,"dx":0.07143,"dy":0.07261,"parameterCategory":2,"parameterNumber":2,"parameterNumberName":"eastward_wind","parameterUnit":"m.s-1"},"data":[-0.257,-0.266,-0.2754,-0.2847,-0.2931,-0.2992,-0.3011,-0.2968,-0.2848,-0.2647,-0.2372,-0.2042,-0.1674,-0.1286,-0.089,-0.05,-0.0134,0.0185,0.0434,0.0599,0.0677,0.0685,0.0644,0.0575,0.0496,0.0417,0.0344,0.0279,0.0223,0.0176,0.0136,0.0103,0.0076,0.0053,0.0034,0.0016,-0.267,-0.2786,-0.2914,-0.3051,-0.3189,-0.3309,-0.3384,-0.3377,-0.3257,-0.3015,-0.2669,-0.2252,-0.1794,-0.1314,-0.0824,-0.0334,0.0133,0.0544,0.0853,0.1033,0.1082,0.1033,0.0927,0.0798,0.067,0.0552,0.0451,0.0365,0.0295,0.0238,0.0191,0.0153,0.0123,0.0098,0.0077,0.0058,-0.2762,-0.2906,-0.3074,-0.3266,-0.3477,-0.369,-0.3863,-0.3929,-0.3821,-0.3517,-0.3059,-0.2516,-0.1939,-0.1348,-0.0743,-0.0123,0.0491,0.1044,0.145,0.1642,0.1625,0.147,0.1257,0.1041,0.0847,0.0685,0.0552,0.0446,0.0361,0.0294,0.0242,0.0201,0.0168,0.0142,0.012,0.0101,-0.284,-0.3011,-0.3219,-0.3474,-0.3781,-0.4133,-0.4478,-0.4697,-0.4629,-0.4213,-0.3561,-0.283,-0.2104,-0.1388,-0.0655,0.0127,0.0955,0.1748,0.2324,0.2519,0.2354,0.2002,0.1622,0.1287,0.1016,0.0804,0.064,0.0514,0.0418,0.0344,0.0288,0.0245,0.0211,0.0185,0.0163,0.0145,-0.2896,-0.3089,-0.3332,-0.3648,-0.4063,-0.4602,-0.5238,-0.5778,-0.5822,-0.5175,-0.4167,-0.3164,-0.2268,-0.1435,-0.0581,0.038,0.1505,0.271,0.3618,0.3784,0.3294,0.2598,0.198,0.1505,0.1154,0.0897,0.0708,0.0567,0.0463,0.0386,0.0328,0.0286,0.0254,0.0229,0.0209,0.0191,-0.2924,-0.3128,-0.3392,-0.375,-0.4253,-0.4985,-0.6021,-0.7174,-0.7502,-0.6361,-0.4753,-0.343,-0.2394,-0.1487,-0.0558,0.0548,0.1999,0.382,0.5341,0.5404,0.4302,0.3119,0.2244,0.1647,0.1238,0.0952,0.0748,0.0601,0.0494,0.0418,0.0363,0.0324,0.0295,0.0274,0.0256,0.0241,-0.292,-0.3121,-0.3385,-0.3745,-0.4268,-0.5077,-0.638,-0.8182,-0.8926,-0.7111,-0.4978,-0.3505,-0.2444,-0.1542,-0.0619,0.0515,0.2114,0.4392,0.6556,0.6491,0.4804,0.3298,0.2307,0.1672,0.125,0.096,0.0756,0.0612,0.0511,0.0441,0.0393,0.036,0.0338,0.0322,0.0309,0.0296,-0.2885,-0.3071,-0.3309,-0.3629,-0.4081,-0.4761,-0.5819,-0.7236,-0.7754,-0.6287,-0.4614,-0.3378,-0.2427,-0.1604,-0.076,0.0264,0.166,0.3575,0.5399,0.5469,0.4184,0.297,0.2132,0.1573,0.1189,0.0922,0.0734,0.0604,0.0515,0.0456,0.042,0.0398,0.0385,0.0376,0.0368,0.0359,-0.2825,-0.2986,-0.3184,-0.3435,-0.3766,-0.4216,-0.4811,-0.5427,-0.5612,-0.5108,-0.4203,-0.3236,-0.2401,-0.168,-0.0941,-0.0054,0.1037,0.2263,0.3273,0.3506,0.3034,0.2386,0.1826,0.1396,0.1078,0.0849,0.0687,0.0578,0.0508,0.0468,0.0448,0.0441,0.044,0.0441,0.0439,0.0433,-0.2748,-0.2879,-0.3032,-0.3211,-0.3426,-0.3695,-0.4062,-0.4609,-0.533,-0.5424,-0.4356,-0.3212,-0.2402,-0.1796,-0.1152,-0.0289,0.0754,0.1733,0.2364,0.2526,0.2314,0.1932,0.1538,0.1202,0.0942,0.0752,0.0622,0.0541,0.0496,0.048,0.0481,0.0493,0.0508,0.052,0.0526,0.0523,-0.2661,-0.2765,-0.2876,-0.2993,-0.3114,-0.3246,-0.3466,-0.4152,-0.6306,-0.7329,-0.475,-0.3179,-0.2428,-0.2013,-0.1477,-0.0427,0.0997,0.2301,0.2856,0.2659,0.2191,0.172,0.1325,0.1019,0.0794,0.064,0.0545,0.0496,0.0484,0.0498,0.0527,0.0564,0.0598,0.0624,0.0636,0.0635,-0.2572,-0.2651,-0.273,-0.28,-0.2848,-0.2852,-0.279,-0.2864,-0.4497,-0.5751,-0.411,-0.3081,-0.2519,-0.2346,-0.2084,-0.0481,0.1858,0.4372,0.4857,0.3553,0.2377,0.1617,0.1137,0.0829,0.0632,0.0515,0.0458,0.0449,0.0476,0.0529,0.0595,0.0663,0.0721,0.0761,0.078,0.0776,-0.2485,-0.2545,-0.26,-0.264,-0.2648,-0.2586,-0.2378,-0.2032,-0.2483,-0.3337,-0.3348,-0.3587,-0.3028,-0.2668,-0.2509,-0.005,0.3049,0.7592,0.7643,0.4302,0.2366,0.1388,0.0877,0.0597,0.0445,0.0374,0.0365,0.0404,0.0481,0.0583,0.0697,0.0805,0.0892,0.0948,0.0969,0.0956,-0.2402,-0.2448,-0.2488,-0.2513,-0.2513,-0.2464,-0.2341,-0.218,-0.2343,-0.2732,-0.3049,-0.4733,-0.4867,0.039,-0.0592,0.1598,0.4275,0.602,0.593,0.3427,0.1701,0.0858,0.0482,0.0306,0.023,0.0221,0.0269,0.0366,0.0505,0.0671,0.0848,0.1011,0.1136,0.1206,0.1219,0.1184,-0.2324,-0.236,-0.2389,-0.2409,-0.2413,-0.2397,-0.2363,-0.2349,-0.2429,-0.2565,-0.2625,-0.2512,-0.1501,-0.0037,0.036,0.4792,0.9477,0.5248,0.3222,0.1648,0.0474,0.0055,-0.0012,-0.002,-0.0,0.0059,0.017,0.0336,0.0552,0.0806,0.1072,0.1313,0.1486,0.1565,0.1553,0.1473,-0.2251,-0.2279,-0.2301,-0.2317,-0.2324,-0.2323,-0.2321,-0.2336,-0.2405,-0.2638,-0.3294,-0.1431,-0.1063,-0.0419,0.0469,0.3978,0.7265,0.3791,0.1448,0.0164,-0.0727,-0.0697,-0.0455,-0.0324,-0.0224,-0.0108,0.006,0.0305,0.0624,0.0999,0.1398,0.1757,0.1994,0.2064,0.199,0.1828,-0.2183,-0.2204,-0.222,-0.2232,-0.2237,-0.2238,-0.2239,-0.2252,-0.2313,-0.2537,-0.3043,-0.1925,-0.0332,0.0247,-0.022,0.0618,0.1413,0.0528,-0.0452,-0.0744,-0.095,-0.0906,-0.0737,-0.0575,-0.0434,-0.0306,-0.0106,0.0244,0.0713,0.1258,0.1854,0.2401,0.2723,0.274,0.2534,0.2235,-0.212,-0.2135,-0.2146,-0.2153,-0.2154,-0.2151,-0.2146,-0.2144,-0.2156,-0.2181,-0.2078,-0.1467,-0.0231,-0.0079,-0.1952,-0.253,-0.1554,-0.1516,-0.1905,-0.1659,-0.1376,-0.119,-0.1021,-0.0799,-0.0637,-0.0634,-0.0475,0.0106,0.0829,0.1583,0.2442,0.3272,0.3693,0.3567,0.3135,0.2644,-0.2061,-0.2072,-0.2078,-0.2081,-0.2079,-0.2071,-0.2059,-0.2043,-0.2017,-0.1962,-0.1821,-0.1556,-0.1382,-0.2233,-0.5603,-0.6885,-0.348,-0.2295,-0.2374,-0.2929,-0.2388,-0.1832,-0.143,-0.101,-0.0777,-0.1224,-0.1292,0.0006,0.1108,0.1966,0.3031,0.4182,0.4681,0.433,0.3632,0.2956,-0.2007,-0.2014,-0.2018,-0.2017,-0.2012,-0.2002,-0.1987,-0.1965,-0.1933,-0.1886,-0.1824,-0.1806,-0.2054,-0.3096,-0.5403,-0.6086,-0.3876,-0.3043,-0.4132,-0.4763,-0.3306,-0.255,-0.2025,-0.1261,-0.0562,-0.1063,-0.1217,0.1045,0.1906,0.2385,0.331,0.4518,0.5029,0.4584,0.3793,0.3057,-0.1958,-0.1962,-0.1963,-0.1961,-0.1955,-0.1945,-0.193,-0.1912,-0.1891,-0.1872,-0.1876,-0.1962,-0.2249,-0.2881,-0.3713,-0.3914,-0.3357,-0.3163,-0.3721,-0.3981,-0.3566,-0.354,-0.3244,-0.1909,0.0031,0.2129,0.497,0.4605,0.3254,0.2788,0.3175,0.3997,0.4423,0.4145,0.3533,0.291,-0.1913,-0.1915,-0.1915,-0.1912,-0.1906,-0.1898,-0.1887,-0.1875,-0.1867,-0.1872,-0.1907,-0.2008,-0.2219,-0.2549,-0.288,-0.3001,-0.2932,-0.2967,-0.322,-0.3529,-0.4165,-0.5573,-0.5857,-0.3464,-0.0019,0.4023,0.7632,0.6315,0.401,0.2974,0.2878,0.3231,0.349,0.3386,0.3024,0.2589,-0.1871,-0.1873,-0.1872,-0.1869,-0.1865,-0.1858,-0.1852,-0.1847,-0.1849,-0.1865,-0.1908,-0.1994,-0.2134,-0.2316,-0.2488,-0.2595,-0.2659,-0.278,-0.3039,-0.3566,-0.4816,-0.7103,-0.7746,-0.4762,-0.0906,0.2631,0.4894,0.4714,0.3541,0.2759,0.2523,0.2605,0.2715,0.2676,0.2481,0.2205,-0.1834,-0.1835,-0.1834,-0.1832,-0.1828,-0.1824,-0.1821,-0.1821,-0.1829,-0.1849,-0.1889,-0.1955,-0.205,-0.2163,-0.2275,-0.2372,-0.2474,-0.2629,-0.2911,-0.3458,-0.4501,-0.5898,-0.6117,-0.4194,-0.1477,0.0941,0.2472,0.2863,0.2589,0.2257,0.2103,0.2102,0.2136,0.2111,0.2003,0.1833]},{"header":{"la1":42.85,"la2":41.18,"lo1":11.55,"lo2":14.05,"nx":36,"ny":24,"dx":0.07143,"dy":0.07261,"parameterCategory":2,"parameterNumber":3,"parameterNumberName":"northward_wind","parameterUnit":"m.s-1"},"data":[-0.0476,-0.0633,-0.0804,-0.0984,-0.1163,-0.1326,-0.145,-0.1514,-0.1501,-0.1411,-0.126,-0.1071,-0.0868,-0.0667,-0.0476,-0.03,-0.0141,-0.0001,0.0121,0.0225,0.0315,0.0397,0.0473,0.0547,0.0621,0.0695,0.077,0.0845,0.0919,0.0991,0.1062,0.1131,0.1196,0.1258,0.1317,0.1371,-0.0525,-0.0711,-0.0923,-0.1158,-0.1405,-0.1643,-0.1839,-0.1948,-0.1939,-0.1808,-0.1586,-0.1319,-0.1045,-0.0787,-0.0552,-0.0341,-0.0153,0.0008,0.0142,0.025,0.0338,0.0415,0.0488,0.056,0.0634,0.0711,0.0789,0.0867,0.0945,0.1022,0.1097,0.117,0.1239,0.1305,0.1366,0.1423,-0.0555,-0.0772,-0.1031,-0.1333,-0.1675,-0.2032,-0.2352,-0.2553,-0.2556,-0.235,-0.2003,-0.1611,-0.1238,-0.0909,-0.0621,-0.0368,-0.0145,0.0044,0.0193,0.0302,0.038,0.0446,0.0509,0.0578,0.0651,0.0729,0.0811,0.0893,0.0976,0.1058,0.1138,0.1216,0.1289,0.1359,0.1423,0.1482,-0.0557,-0.0802,-0.1108,-0.1489,-0.1955,-0.2494,-0.3038,-0.3429,-0.3472,-0.3117,-0.2537,-0.1942,-0.1435,-0.1024,-0.0681,-0.0381,-0.0112,0.012,0.0292,0.0394,0.0449,0.0489,0.0537,0.0598,0.0671,0.0751,0.0836,0.0924,0.1012,0.11,0.1186,0.1268,0.1347,0.142,0.1488,0.155,-0.052,-0.0784,-0.1128,-0.1584,-0.2193,-0.2985,-0.3919,-0.4726,-0.4889,-0.4211,-0.3179,-0.2274,-0.1608,-0.1122,-0.0735,-0.0388,-0.0056,0.0249,0.0465,0.0547,0.0547,0.0543,0.0568,0.0621,0.0693,0.0776,0.0867,0.096,0.1054,0.1149,0.1241,0.1329,0.1414,0.1492,0.1564,0.1628,-0.0436,-0.0701,-0.1061,-0.1563,-0.2288,-0.3352,-0.4851,-0.6496,-0.6998,-0.5607,-0.3786,-0.2505,-0.1716,-0.1196,-0.0793,-0.0412,-0.0006,0.0415,0.072,0.0761,0.0659,0.0593,0.0594,0.0642,0.0717,0.0805,0.0901,0.1001,0.1103,0.1205,0.1305,0.1401,0.1491,0.1575,0.1651,0.1718,-0.03,-0.0544,-0.0882,-0.137,-0.2112,-0.3293,-0.5207,-0.7823,-0.8884,-0.6479,-0.3927,-0.2491,-0.1724,-0.1253,-0.0878,-0.0493,-0.0038,0.0495,0.0913,0.0911,0.0716,0.0612,0.0609,0.0661,0.0742,0.0837,0.0941,0.1049,0.116,0.127,0.1379,0.1484,0.1582,0.1673,0.1753,0.1823,-0.0117,-0.0315,-0.0589,-0.0989,-0.1602,-0.2585,-0.4175,-0.6334,-0.7155,-0.5183,-0.3253,-0.2209,-0.1666,-0.1327,-0.1021,-0.0661,-0.0214,0.0301,0.0708,0.0759,0.064,0.0587,0.0611,0.0679,0.077,0.0874,0.0986,0.1104,0.1224,0.1346,0.1466,0.1582,0.169,0.1788,0.1873,0.1945,0.0103,-0.003,-0.021,-0.0466,-0.0848,-0.1433,-0.228,-0.3208,-0.3529,-0.3017,-0.2349,-0.1888,-0.165,-0.1491,-0.1266,-0.0919,-0.048,-0.0031,0.031,0.0463,0.0507,0.0547,0.0613,0.0701,0.0803,0.0916,0.1037,0.1165,0.1297,0.1433,0.1568,0.1697,0.1818,0.1925,0.2016,0.209,0.0343,0.0283,0.0211,0.0121,-0.0007,-0.0215,-0.0585,-0.1218,-0.2034,-0.2341,-0.1963,-0.1744,-0.1792,-0.1847,-0.1682,-0.1265,-0.0726,-0.0228,0.0124,0.0328,0.0445,0.0535,0.0627,0.0728,0.084,0.0961,0.1091,0.1231,0.1379,0.1533,0.1687,0.1836,0.1973,0.2091,0.2189,0.2263,0.0582,0.0592,0.0625,0.0692,0.0804,0.0942,0.0947,0.021,-0.2364,-0.353,-0.195,-0.174,-0.2163,-0.2537,-0.2373,-0.1699,-0.0865,-0.0151,0.025,0.0402,0.0482,0.0562,0.0654,0.076,0.0877,0.1005,0.1145,0.13,0.1468,0.1647,0.1829,0.2004,0.2163,0.2296,0.24,0.2472,0.0802,0.087,0.0987,0.1181,0.1497,0.1983,0.2608,0.2803,0.0338,-0.1846,-0.1306,-0.1743,-0.2689,-0.3627,-0.3368,-0.2137,-0.0789,0.0431,0.0807,0.0649,0.0572,0.06,0.0679,0.0785,0.0907,0.1041,0.1192,0.1365,0.1562,0.1777,0.2,0.2214,0.2403,0.2555,0.2663,0.2728,0.099,0.1097,0.1266,0.1532,0.1961,0.2657,0.3708,0.4078,0.4191,0.1111,-0.0512,-0.1817,-0.2865,-0.4143,-0.3923,-0.2262,-0.0647,0.152,0.1645,0.0859,0.0616,0.0597,0.0672,0.0789,0.0918,0.1058,0.1219,0.1415,0.1653,0.1924,0.2209,0.2482,0.2715,0.2889,0.2997,0.3045,0.1141,0.1266,0.145,0.1726,0.2145,0.2789,0.3762,0.5121,0.4308,0.1812,0.0089,-0.1952,-0.288,-0.5305,-0.3042,-0.2129,-0.1408,0.0468,0.1036,0.0687,0.0494,0.0468,0.0589,0.0753,0.09,0.1037,0.1202,0.1429,0.1729,0.2089,0.2475,0.2839,0.3135,0.3333,0.3429,0.344,0.1256,0.1381,0.1554,0.1793,0.2121,0.2554,0.3054,0.335,0.2865,0.2028,0.1527,0.0658,-0.1149,-0.2005,-0.1887,-0.2536,-0.4141,-0.1275,0.025,0.041,0.0042,0.0026,0.038,0.0679,0.0841,0.0943,0.1092,0.1361,0.1766,0.2274,0.2825,0.3335,0.3722,0.3938,0.3993,0.393,0.1341,0.1456,0.1605,0.1793,0.2021,0.2272,0.2487,0.2554,0.246,0.2617,0.3469,0.4221,0.2785,0.0632,0.0057,-0.143,-0.2865,-0.0586,0.081,0.0378,-0.1197,-0.0907,0.014,0.0629,0.0722,0.0689,0.0778,0.1127,0.1722,0.2484,0.3309,0.4056,0.4569,0.4776,0.4726,0.4525,0.1405,0.1507,0.1631,0.1775,0.1935,0.2094,0.2226,0.232,0.2458,0.2858,0.3531,0.3888,0.5869,0.6743,0.2904,0.1366,0.1001,0.212,0.294,0.1458,-0.1246,-0.0856,0.0354,0.0704,0.0466,0.0063,0.0022,0.058,0.155,0.273,0.3997,0.5126,0.5803,0.5917,0.564,0.5208,0.1456,0.1546,0.1649,0.1765,0.1888,0.2011,0.2132,0.2266,0.2465,0.2795,0.3252,0.408,0.6624,0.7211,0.4586,0.3841,0.3403,0.4772,0.6408,0.3941,0.1722,0.1074,0.1167,0.0883,-0.0093,-0.1373,-0.1623,-0.0419,0.1265,0.3034,0.4926,0.6634,0.7488,0.7334,0.6656,0.5896,0.1498,0.1578,0.1668,0.1767,0.1872,0.1984,0.2105,0.2253,0.2454,0.274,0.3147,0.3793,0.4678,0.506,0.5848,0.6342,0.466,0.5078,0.5909,0.4955,0.3661,0.2677,0.2083,0.1175,-0.0783,-0.3793,-0.4388,-0.1485,0.1165,0.3405,0.5898,0.8275,0.9245,0.8653,0.75,0.6424,0.1536,0.1609,0.169,0.1778,0.1875,0.1981,0.2102,0.2249,0.2438,0.2687,0.3017,0.3447,0.3941,0.4518,0.5572,0.5893,0.4803,0.4754,0.5506,0.5806,0.4586,0.3726,0.3075,0.1952,-0.0249,-0.3894,-0.4647,-0.0454,0.1888,0.3793,0.63,0.8888,0.9873,0.9096,0.7779,0.6607,0.157,0.1638,0.1713,0.1795,0.1886,0.1988,0.2105,0.2245,0.2417,0.263,0.2894,0.321,0.3576,0.4013,0.4484,0.4616,0.4413,0.4527,0.5036,0.5207,0.4851,0.4824,0.4588,0.3479,0.1997,0.1581,0.3891,0.3844,0.3378,0.4129,0.588,0.7865,0.877,0.8337,0.7356,0.6391,0.1601,0.1665,0.1736,0.1814,0.1901,0.1998,0.211,0.224,0.2394,0.2576,0.279,0.3037,0.3311,0.3601,0.3857,0.3996,0.4066,0.4243,0.4542,0.4844,0.5449,0.6754,0.7085,0.5415,0.3942,0.4537,0.6682,0.5727,0.4358,0.4333,0.5238,0.6415,0.711,0.7053,0.654,0.5908,0.1631,0.1692,0.1759,0.1833,0.1916,0.2008,0.2112,0.2232,0.2369,0.2527,0.2705,0.2902,0.3113,0.3324,0.3514,0.3669,0.382,0.4031,0.435,0.4893,0.6077,0.812,0.8681,0.6596,0.4858,0.4684,0.527,0.5039,0.4445,0.434,0.4755,0.5377,0.5829,0.5919,0.5709,0.535,0.1657,0.1716,0.178,0.1851,0.1929,0.2016,0.2114,0.2223,0.2346,0.2483,0.2635,0.2798,0.2969,0.314,0.3305,0.3466,0.3645,0.388,0.423,0.4817,0.5839,0.7132,0.742,0.6232,0.5015,0.4537,0.4514,0.4424,0.4242,0.4214,0.4416,0.4736,0.5004,0.5106,0.5034,0.4843]}]