docs/data/wind_grid.json
[{"header":{"la1":42.85,"la2":41.18,"lo1":11.55,"lo2":14.05,"nx":36,"ny":24,"dx":0.07143,"dy":0.07261,"parameterCategory":2,"parameterNumber":2,"parameterNumberName":"eastward_wind","parameterUnit":"m.s-1"},"data":[-0.5047,-0.5073,-0.5073,-0.5046,-0.4993,-0.4917,-0.4817,-0.469,-0.4534,-0.4353,-0.4158,-0.3968,-0.3799,-0.3659,-0.3553,-0.3476,-0.3419,-0.3372,-0.3323,-0.3266,-0.3208,-0.3162,-0.3146,-0.3164,-0.3206,-0.3253,-0.3294,-0.3322,-0.3337,-0.334,-0.3333,-0.3321,-0.3303,-0.3284,-0.3262,-0.3241,-0.5281,-0.5327,-0.5339,-0.5315,-0.5261,-0.5183,-0.508,-0.4943,-0.4759,-0.4528,-0.427,-0.4019,-0.38,-0.3629,-0.3509,-0.3431,-0.3381,-0.3338,-0.3282,-0.3199,-0.3096,-0.3009,-0.2986,-0.3034,-0.3124,-0.3214,-0.3284,-0.3328,-0.3349,-0.3353,-0.3345,-0.3329,-0.3308,-0.3285,-0.326,-0.3236,-0.5565,-0.5643,-0.5674,-0.5654,-0.5595,-0.5516,-0.5426,-0.5298,-0.5089,-0.4784,-0.4424,-0.4075,-0.3785,-0.3574,-0.344,-0.3369,-0.3336,-0.3308,-0.3248,-0.3118,-0.2915,-0.2726,-0.2687,-0.2816,-0.3008,-0.3173,-0.3284,-0.3345,-0.3371,-0.3374,-0.3361,-0.334,-0.3314,-0.3286,-0.3257,-0.3229,-0.5916,-0.6048,-0.611,-0.6089,-0.601,-0.5929,-0.5883,-0.5823,-0.5613,-0.5184,-0.464,-0.4131,-0.3738,-0.3475,-0.3331,-0.3279,-0.3284,-0.3292,-0.3242,-0.305,-0.2633,-0.2163,-0.2107,-0.2469,-0.2875,-0.3154,-0.331,-0.3383,-0.3407,-0.3402,-0.3381,-0.3352,-0.3319,-0.3285,-0.3252,-0.322,-0.635,-0.6583,-0.6708,-0.6678,-0.6531,-0.6412,-0.647,-0.6643,-0.6522,-0.5837,-0.4925,-0.4158,-0.3627,-0.3305,-0.3155,-0.3144,-0.3217,-0.3291,-0.3286,-0.3085,-0.2316,-0.1098,-0.1105,-0.2069,-0.2816,-0.3208,-0.3385,-0.345,-0.3457,-0.3437,-0.3404,-0.3364,-0.3323,-0.3282,-0.3243,-0.3207,-0.6879,-0.7304,-0.7585,-0.7554,-0.7223,-0.6921,-0.7106,-0.7892,-0.8144,-0.6816,-0.5193,-0.4077,-0.3402,-0.3021,-0.2869,-0.2922,-0.3114,-0.3291,-0.3299,-0.3279,-0.2555,-0.0409,-0.0564,-0.2135,-0.303,-0.3399,-0.3525,-0.3545,-0.3521,-0.3477,-0.3426,-0.3374,-0.3322,-0.3274,-0.3229,-0.3188,-0.7473,-0.8255,-0.8941,-0.9024,-0.8262,-0.7389,-0.7423,-0.8969,-0.9934,-0.7482,-0.5093,-0.3763,-0.3013,-0.2571,-0.2388,-0.2516,-0.2917,-0.3297,-0.3137,-0.3289,-0.4041,-0.3022,-0.2636,-0.325,-0.3621,-0.3727,-0.3714,-0.3657,-0.3587,-0.3514,-0.3444,-0.3377,-0.3316,-0.3259,-0.3208,-0.3163,-0.7998,-0.9308,-1.0926,-1.1614,-0.9911,-0.7793,-0.699,-0.7733,-0.8183,-0.6147,-0.4243,-0.3162,-0.2461,-0.1904,-0.1539,-0.1687,-0.2451,-0.3352,-0.3811,-0.4861,-0.7575,-0.7571,-0.5795,-0.4798,-0.4345,-0.4083,-0.39,-0.3757,-0.3641,-0.354,-0.3451,-0.3371,-0.3299,-0.3235,-0.3178,-0.3129,-0.8182,-0.9847,-1.2596,-1.4746,-1.1369,-0.785,-0.613,-0.5387,-0.4686,-0.368,-0.2954,-0.2439,-0.1859,-0.1027,0.0048,0.0174,-0.1429,-0.3269,-0.4891,-0.7722,-1.2997,-1.1997,-0.7925,-0.581,-0.4824,-0.4315,-0.4015,-0.3816,-0.3668,-0.3548,-0.3444,-0.3353,-0.3271,-0.3199,-0.3136,-0.3084,-0.7845,-0.9145,-1.0996,-1.208,-0.951,-0.7074,-0.5266,-0.3725,-0.1969,-0.1138,-0.1674,-0.1841,-0.1423,-0.0279,0.2745,0.4355,-0.0062,-0.3267,-0.532,-0.7749,-1.1133,-1.0655,-0.7745,-0.5872,-0.488,-0.4342,-0.4027,-0.382,-0.3664,-0.3534,-0.3421,-0.3319,-0.3227,-0.3147,-0.308,-0.3024,-0.7175,-0.7834,-0.8132,-0.7373,-0.7148,-0.6198,-0.4749,-0.3117,0.0398,0.211,-0.0778,-0.156,-0.1283,-0.045,0.2274,0.439,-0.0875,-0.4481,-0.6212,-0.6969,-0.7651,-0.7456,-0.6345,-0.5292,-0.46,-0.4196,-0.3952,-0.3779,-0.3634,-0.3503,-0.338,-0.3267,-0.3164,-0.3076,-0.3003,-0.2946,-0.6479,-0.6824,-0.6969,-0.6913,-0.6664,-0.5627,-0.4826,-0.4422,-0.191,0.0107,-0.1273,-0.1634,-0.1246,-0.0545,-0.0606,-0.1284,-0.4028,-0.8347,-0.9601,-0.7734,-0.6506,-0.5811,-0.5166,-0.4595,-0.4204,-0.3987,-0.3851,-0.3725,-0.3594,-0.3459,-0.3324,-0.3194,-0.3077,-0.2977,-0.29,-0.2843,-0.5859,-0.6056,-0.6166,-0.6127,-0.575,-0.5139,-0.5073,-0.5798,-0.4745,-0.2684,-0.2043,-0.1871,-0.1523,-0.0394,-0.0999,-0.302,-0.5986,-1.5603,-1.6024,-0.886,-0.5985,-0.4827,-0.4291,-0.4017,-0.3901,-0.3868,-0.3803,-0.3692,-0.3559,-0.3409,-0.3251,-0.3094,-0.2953,-0.284,-0.2759,-0.2708,-0.5317,-0.5403,-0.5408,-0.5282,-0.4996,-0.4718,-0.4789,-0.5201,-0.4576,-0.2987,-0.218,-0.2006,-0.2,-0.2009,-0.2554,-0.3957,-0.5325,-1.0379,-1.1534,-0.7192,-0.4648,-0.3627,-0.3427,-0.3563,-0.3806,-0.3921,-0.3818,-0.3682,-0.3534,-0.3356,-0.3154,-0.2951,-0.2774,-0.2643,-0.2563,-0.2528,-0.4853,-0.4862,-0.4803,-0.4659,-0.4447,-0.4253,-0.4159,-0.4024,-0.3402,-0.2424,-0.1823,-0.1847,-0.1993,-0.2075,-0.3045,-0.4288,-0.7329,-0.6146,-0.5723,-0.3954,-0.2105,-0.1715,-0.2345,-0.3059,-0.3611,-0.3823,-0.3776,-0.3685,-0.3532,-0.3302,-0.302,-0.2735,-0.25,-0.235,-0.2288,-0.229,-0.4467,-0.4429,-0.4338,-0.4192,-0.4003,-0.3796,-0.3566,-0.3218,-0.2611,-0.172,-0.0622,-0.1702,-0.1804,-0.1995,-0.2767,-0.4435,-0.619,-0.4388,-0.2875,-0.1111,0.154,0.0906,-0.1192,-0.2517,-0.3299,-0.3685,-0.3828,-0.3804,-0.3604,-0.3255,-0.2819,-0.2384,-0.2059,-0.1904,-0.1899,-0.198,-0.415,-0.4084,-0.3977,-0.3829,-0.3643,-0.3419,-0.3142,-0.2768,-0.2243,-0.1535,-0.0741,-0.1215,-0.0999,-0.0782,-0.1784,-0.2498,-0.2653,-0.1304,0.0182,0.0533,0.2203,0.1426,-0.0804,-0.2325,-0.337,-0.4058,-0.4352,-0.4238,-0.3828,-0.3225,-0.25,-0.1791,-0.1325,-0.1219,-0.1364,-0.1597,-0.3889,-0.3808,-0.3693,-0.3545,-0.3361,-0.3139,-0.287,-0.2538,-0.2139,-0.1709,-0.1383,-0.1228,-0.0711,-0.0482,-0.0404,-0.0212,-0.0232,0.2176,0.5107,0.1977,0.0792,0.0077,-0.1197,-0.26,-0.4024,-0.5284,-0.5687,-0.5125,-0.4231,-0.3206,-0.2011,-0.0812,-0.0144,-0.0239,-0.0705,-0.1182,-0.3675,-0.3586,-0.3469,-0.3324,-0.3148,-0.294,-0.2698,-0.2419,-0.2114,-0.1811,-0.1542,-0.1273,-0.0887,-0.0187,0.2053,0.3064,0.111,0.2302,0.3814,0.1945,0.0657,-0.041,-0.1559,-0.3016,-0.4982,-0.7305,-0.7816,-0.6224,-0.4682,-0.3201,-0.1452,0.0456,0.1358,0.0824,-0.0103,-0.0845,-0.35,-0.3407,-0.3292,-0.3152,-0.2989,-0.28,-0.2586,-0.2351,-0.2101,-0.1848,-0.1591,-0.1293,-0.085,0.0027,0.1806,0.2415,0.1131,0.122,0.1754,0.1862,0.0673,-0.0514,-0.1642,-0.3128,-0.5261,-0.7785,-0.8313,-0.6609,-0.4922,-0.3238,-0.1277,0.0974,0.1987,0.1214,0.01,-0.0728,-0.3357,-0.3264,-0.3152,-0.3021,-0.287,-0.2699,-0.2511,-0.2308,-0.2093,-0.1868,-0.1624,-0.1333,-0.0931,-0.0331,0.0392,0.0674,0.0496,0.0609,0.1038,0.1077,0.0279,-0.0501,-0.1297,-0.2691,-0.4708,-0.6686,-0.782,-0.6929,-0.4857,-0.3169,-0.1651,-0.0011,0.0859,0.0509,-0.0238,-0.0879,-0.3239,-0.3148,-0.3041,-0.2919,-0.2781,-0.2628,-0.2461,-0.2282,-0.2092,-0.189,-0.1669,-0.1412,-0.1099,-0.0726,-0.0368,-0.016,-0.0081,0.0035,0.0182,0.0132,-0.0094,-0.0015,-0.0158,-0.1714,-0.3972,-0.6417,-0.8703,-0.7016,-0.3704,-0.2437,-0.1856,-0.1104,-0.0545,-0.0518,-0.0822,-0.1187,-0.3142,-0.3055,-0.2954,-0.2841,-0.2715,-0.2577,-0.2428,-0.2269,-0.21,-0.1921,-0.1728,-0.1513,-0.1276,-0.1026,-0.08,-0.0636,-0.0527,-0.0439,-0.0377,-0.0358,-0.0193,0.0541,0.0817,-0.0925,-0.3119,-0.4971,-0.5824,-0.382,-0.0781,-0.1015,-0.1604,-0.1568,-0.1341,-0.1251,-0.1336,-0.1509,-0.3063,-0.298,-0.2886,-0.2781,-0.2666,-0.2542,-0.2408,-0.2267,-0.2118,-0.1961,-0.1795,-0.1619,-0.1435,-0.1254,-0.1092,-0.0963,-0.0868,-0.0799,-0.0748,-0.0682,-0.0476,-0.0049,-0.0054,-0.1147,-0.2569,-0.3595,-0.3652,-0.2137,-0.0365,-0.0725,-0.148,-0.1728,-0.1712,-0.1671,-0.1693,-0.1772]},{"header":{"la1":42.85,"la2":41.18,"lo1":11.55,"lo2":14.05,"nx":36,"ny":24,"dx":0.07143,"dy":0.07261,"parameterCategory":2,"parameterNumber":3,"parameterNumberName":"northward_wind","parameterUnit":"m.s-1"},"data":[-0.7841,-0.78,-0.7739,-0.7655,-0.7548,-0.7422,-0.7283,-0.7137,-0.6985,-0.6823,-0.6636,-0.641,-0.6134,-0.5802,-0.5418,-0.4992,-0.4544,-0.4104,-0.3702,-0.3366,-0.3116,-0.2967,-0.2924,-0.2978,-0.3102,-0.3265,-0.344,-0.3612,-0.3771,-0.3916,-0.4045,-0.416,-0.4263,-0.4355,-0.4437,-0.4511,-0.7969,-0.7932,-0.7869,-0.7775,-0.765,-0.7499,-0.7334,-0.717,-0.7019,-0.6871,-0.6701,-0.6482,-0.6192,-0.5821,-0.537,-0.4851,-0.4291,-0.3735,-0.3232,-0.2821,-0.2523,-0.2359,-0.2347,-0.2475,-0.2694,-0.2947,-0.3197,-0.3425,-0.3626,-0.38,-0.3952,-0.4084,-0.4199,-0.43,-0.439,-0.447,-0.8109,-0.8079,-0.8016,-0.791,-0.7756,-0.7559,-0.7339,-0.7137,-0.6986,-0.6877,-0.676,-0.6574,-0.6283,-0.5874,-0.5344,-0.4704,-0.3987,-0.3261,-0.2621,-0.2126,-0.1774,-0.1579,-0.1611,-0.1868,-0.2238,-0.2618,-0.296,-0.3252,-0.3496,-0.37,-0.3872,-0.4018,-0.4144,-0.4253,-0.4349,-0.4435,-0.8262,-0.8247,-0.8189,-0.8071,-0.7874,-0.7594,-0.7259,-0.6956,-0.6796,-0.6785,-0.6793,-0.669,-0.6422,-0.5981,-0.5365,-0.4571,-0.3622,-0.2625,-0.1785,-0.124,-0.0874,-0.0599,-0.0681,-0.1168,-0.1773,-0.2315,-0.2757,-0.311,-0.3392,-0.3621,-0.3809,-0.3966,-0.41,-0.4216,-0.4317,-0.4406,-0.8428,-0.8438,-0.84,-0.8279,-0.8032,-0.762,-0.7044,-0.6462,-0.6242,-0.6485,-0.6789,-0.685,-0.6632,-0.6173,-0.5475,-0.4502,-0.3217,-0.1724,-0.0491,-0.0056,0.0043,0.0481,0.0362,-0.051,-0.1402,-0.2098,-0.2621,-0.3018,-0.3325,-0.3569,-0.3767,-0.3931,-0.407,-0.4189,-0.4294,-0.4386,-0.86,-0.8655,-0.8663,-0.8565,-0.8284,-0.7718,-0.6726,-0.5421,-0.493,-0.587,-0.6801,-0.7104,-0.6943,-0.648,-0.5736,-0.4612,-0.2919,-0.0538,0.1786,0.1866,0.0734,0.0962,0.0825,-0.0271,-0.1278,-0.2027,-0.2577,-0.2987,-0.3301,-0.3548,-0.3747,-0.3913,-0.4053,-0.4174,-0.4279,-0.4373,-0.8762,-0.8884,-0.8986,-0.8962,-0.8689,-0.8059,-0.6737,-0.4377,-0.3249,-0.5454,-0.7113,-0.7546,-0.7377,-0.6922,-0.6213,-0.5074,-0.315,0.0065,0.4175,0.3965,0.1196,0.051,0.0184,-0.0596,-0.1431,-0.2112,-0.2629,-0.302,-0.3319,-0.3556,-0.3749,-0.3911,-0.4049,-0.4169,-0.4275,-0.4368,-0.8879,-0.9082,-0.9358,-0.9488,-0.9198,-0.869,-0.7756,-0.5986,-0.5162,-0.6932,-0.8118,-0.8232,-0.7912,-0.748,-0.6943,-0.6008,-0.4251,-0.1427,0.1693,0.1996,0.121,0.0743,-0.0136,-0.0972,-0.1707,-0.2301,-0.2756,-0.3103,-0.3372,-0.3589,-0.3769,-0.3922,-0.4056,-0.4174,-0.4279,-0.4372,-0.8904,-0.9127,-0.9612,-1.0051,-0.9491,-0.9277,-0.9309,-0.9194,-0.9385,-0.9864,-0.9699,-0.9061,-0.8448,-0.8078,-0.797,-0.7491,-0.5866,-0.3615,-0.1464,0.0253,0.2493,0.1992,-0.0043,-0.1268,-0.2024,-0.2548,-0.2931,-0.3219,-0.3447,-0.3637,-0.38,-0.3945,-0.4074,-0.4189,-0.4293,-0.4385,-0.8818,-0.8868,-0.904,-0.9186,-0.8755,-0.9521,-1.0707,-1.1831,-1.3155,-1.34,-1.1542,-0.9802,-0.8818,-0.852,-0.931,-0.9832,-0.7302,-0.5022,-0.3159,-0.1119,0.1181,0.0967,-0.0676,-0.1763,-0.2411,-0.2833,-0.3127,-0.3348,-0.353,-0.369,-0.3838,-0.3974,-0.4099,-0.4214,-0.4316,-0.4408,-0.871,-0.848,-0.7768,-0.6029,-0.6518,-0.9609,-1.2098,-1.3854,-1.6462,-1.7844,-1.3009,-1.0126,-0.8906,-0.8537,-0.9194,-0.9911,-0.7284,-0.5444,-0.4178,-0.2891,-0.17,-0.1413,-0.1881,-0.2424,-0.284,-0.3127,-0.3321,-0.3469,-0.3604,-0.3739,-0.3875,-0.4008,-0.4134,-0.4249,-0.4353,-0.4443,-0.8714,-0.8422,-0.7629,-0.6215,-0.6934,-1.0622,-1.3939,-1.5818,-1.6015,-1.5902,-1.2352,-0.9863,-0.8811,-0.8592,-0.8146,-0.7215,-0.6017,-0.5137,-0.4607,-0.3891,-0.3148,-0.2747,-0.2742,-0.2955,-0.3215,-0.3401,-0.3495,-0.3565,-0.3657,-0.3774,-0.3907,-0.4046,-0.4179,-0.4301,-0.4406,-0.4494,-0.8854,-0.8738,-0.8491,-0.8397,-0.9488,-1.2116,-1.5325,-1.7887,-1.6445,-1.3599,-1.1085,-0.9413,-0.8747,-0.8701,-0.7902,-0.5386,-0.4583,-0.4839,-0.48,-0.4161,-0.3512,-0.3109,-0.3032,-0.3209,-0.3502,-0.3671,-0.3644,-0.362,-0.3675,-0.3789,-0.3936,-0.4094,-0.4245,-0.4376,-0.4484,-0.4568,-0.9039,-0.9119,-0.9268,-0.9698,-1.0741,-1.2501,-1.4685,-1.6503,-1.5515,-1.2568,-1.0483,-0.9178,-0.8855,-0.8713,-0.5819,-0.1257,-0.2393,-0.4177,-0.4432,-0.3836,-0.3056,-0.2667,-0.2789,-0.3181,-0.368,-0.3913,-0.3731,-0.3609,-0.3644,-0.378,-0.3966,-0.4166,-0.4348,-0.4494,-0.4601,-0.4673,-0.918,-0.9369,-0.9663,-1.0159,-1.0951,-1.2016,-1.312,-1.3691,-1.2979,-1.1588,-1.0621,-0.9724,-0.897,-0.8847,-0.5144,-0.0308,-0.2613,-0.362,-0.3893,-0.2894,-0.1266,-0.1033,-0.1967,-0.2832,-0.3459,-0.3723,-0.3575,-0.3468,-0.3542,-0.3746,-0.4014,-0.4289,-0.4521,-0.4684,-0.4778,-0.4822,-0.9239,-0.9461,-0.9764,-1.018,-1.0718,-1.1313,-1.1797,-1.1916,-1.1585,-1.1346,-1.2146,-1.0387,-0.9824,-0.8771,-0.6517,-0.4081,-0.3523,-0.413,-0.3923,-0.151,0.3278,0.2307,-0.0827,-0.2311,-0.2906,-0.3096,-0.3081,-0.3118,-0.3334,-0.3689,-0.4112,-0.4519,-0.4829,-0.4997,-0.5045,-0.5028,-0.9224,-0.9435,-0.9695,-1.0008,-1.0358,-1.069,-1.0917,-1.0966,-1.091,-1.1108,-1.1892,-1.1039,-1.1825,-1.2213,-0.8322,-0.6234,-0.5416,-0.548,-0.5199,-0.216,0.3909,0.2681,-0.0721,-0.2064,-0.2342,-0.2227,-0.2186,-0.2466,-0.299,-0.3628,-0.4317,-0.4957,-0.538,-0.5504,-0.543,-0.5292,-0.9152,-0.9334,-0.9541,-0.9768,-0.9995,-1.019,-1.0316,-1.0363,-1.0388,-1.0499,-1.0647,-1.0752,-1.2175,-1.2285,-0.9024,-0.7579,-0.6733,-0.7133,-0.8367,-0.5143,-0.1876,-0.113,-0.1865,-0.2155,-0.1667,-0.0734,-0.0511,-0.1407,-0.2537,-0.3597,-0.4688,-0.5731,-0.6312,-0.6261,-0.592,-0.5585,-0.9045,-0.9194,-0.9352,-0.9514,-0.9664,-0.9785,-0.9861,-0.9895,-0.9912,-0.9939,-0.997,-1.0041,-1.019,-0.9686,-0.8762,-0.861,-0.7374,-0.7133,-0.7438,-0.5609,-0.4232,-0.3299,-0.2893,-0.2329,-0.0888,0.1697,0.2275,-0.024,-0.2203,-0.3625,-0.5138,-0.6767,-0.7536,-0.7105,-0.6375,-0.5821,-0.8917,-0.9035,-0.9154,-0.9268,-0.9367,-0.9442,-0.9485,-0.9497,-0.9488,-0.9463,-0.9418,-0.9341,-0.9167,-0.8791,-0.852,-0.8356,-0.7331,-0.6441,-0.5396,-0.496,-0.4772,-0.4134,-0.3538,-0.2695,-0.1029,0.2012,0.2708,-0.0654,-0.2417,-0.3665,-0.5242,-0.7183,-0.8061,-0.7412,-0.6513,-0.5885,-0.8779,-0.887,-0.8958,-0.9037,-0.91,-0.9142,-0.9159,-0.9149,-0.9113,-0.9052,-0.8957,-0.8813,-0.8594,-0.8305,-0.8017,-0.7638,-0.6975,-0.621,-0.5491,-0.5142,-0.489,-0.4496,-0.4062,-0.3361,-0.2359,-0.1803,-0.3065,-0.3112,-0.3037,-0.3587,-0.4727,-0.6238,-0.7057,-0.6787,-0.6201,-0.5733,-0.8639,-0.8707,-0.877,-0.8822,-0.8859,-0.8876,-0.8871,-0.8842,-0.8786,-0.87,-0.8579,-0.8413,-0.8194,-0.7926,-0.7613,-0.7221,-0.6716,-0.6157,-0.5652,-0.5271,-0.4952,-0.4748,-0.4605,-0.4057,-0.3428,-0.3616,-0.4814,-0.4071,-0.3118,-0.3197,-0.3961,-0.4989,-0.5696,-0.5836,-0.5668,-0.5451,-0.8499,-0.8549,-0.8591,-0.8623,-0.8639,-0.8638,-0.8616,-0.8571,-0.8501,-0.8401,-0.8268,-0.8096,-0.7883,-0.7626,-0.7324,-0.6966,-0.6552,-0.6111,-0.5688,-0.5309,-0.4989,-0.4869,-0.4881,-0.4441,-0.3908,-0.3771,-0.3864,-0.322,-0.2245,-0.2493,-0.3332,-0.4182,-0.4804,-0.5111,-0.5188,-0.516,-0.8364,-0.8398,-0.8424,-0.8439,-0.844,-0.8424,-0.8389,-0.8333,-0.8252,-0.8145,-0.8008,-0.7838,-0.7633,-0.7391,-0.7111,-0.6791,-0.6438,-0.6065,-0.5695,-0.5343,-0.504,-0.4863,-0.4765,-0.4484,-0.41,-0.3804,-0.3501,-0.2846,-0.2118,-0.2378,-0.3134,-0.3834,-0.4356,-0.4685,-0.4857,-0.4932]}]