docs/data/wind_grid.json
[{"header":{"la1":42.85,"la2":41.18,"lo1":11.55,"lo2":14.05,"nx":36,"ny":24,"dx":0.07143,"dy":0.07261,"parameterCategory":2,"parameterNumber":2,"parameterNumberName":"eastward_wind","parameterUnit":"m.s-1"},"data":[-0.7167,-0.7222,-0.7253,-0.7261,-0.7244,-0.7201,-0.7126,-0.701,-0.6848,-0.6647,-0.6426,-0.6215,-0.6037,-0.5908,-0.5829,-0.5784,-0.5743,-0.5667,-0.5517,-0.5282,-0.499,-0.4713,-0.452,-0.4439,-0.4447,-0.4499,-0.456,-0.4611,-0.4647,-0.4668,-0.4676,-0.4676,-0.4669,-0.466,-0.4648,-0.4635,-0.7432,-0.751,-0.7561,-0.7584,-0.7583,-0.7558,-0.7499,-0.7384,-0.7193,-0.6929,-0.6626,-0.6336,-0.6104,-0.5955,-0.5892,-0.5892,-0.5909,-0.587,-0.5692,-0.533,-0.4836,-0.4368,-0.4095,-0.4057,-0.4167,-0.432,-0.4455,-0.4552,-0.4614,-0.4647,-0.4662,-0.4664,-0.4659,-0.4649,-0.4637,-0.4624,-0.774,-0.7851,-0.7927,-0.7969,-0.7989,-0.8,-0.799,-0.791,-0.7696,-0.7331,-0.6886,-0.6466,-0.6149,-0.5972,-0.5938,-0.6023,-0.6161,-0.6228,-0.6045,-0.5462,-0.4538,-0.3658,-0.327,-0.3408,-0.3767,-0.4107,-0.4351,-0.4505,-0.4592,-0.4636,-0.4654,-0.4656,-0.465,-0.4639,-0.4626,-0.4612,-0.8103,-0.8262,-0.8371,-0.8429,-0.8468,-0.8534,-0.8642,-0.8692,-0.8486,-0.7945,-0.7237,-0.6593,-0.6143,-0.5925,-0.5938,-0.6163,-0.6534,-0.6872,-0.6804,-0.5873,-0.4004,-0.213,-0.1649,-0.2382,-0.3279,-0.3912,-0.4286,-0.4488,-0.4591,-0.4637,-0.4652,-0.4651,-0.4642,-0.4629,-0.4615,-0.46,-0.8533,-0.8769,-0.8927,-0.8991,-0.9016,-0.9141,-0.9488,-0.9918,-0.9844,-0.8928,-0.7689,-0.6675,-0.6038,-0.5764,-0.5834,-0.6254,-0.7022,-0.7981,-0.8467,-0.7192,-0.3411,0.0891,0.1113,-0.1182,-0.2926,-0.3856,-0.4311,-0.4524,-0.4617,-0.4651,-0.4657,-0.4649,-0.4635,-0.4619,-0.4603,-0.4587,-0.9037,-0.9405,-0.9661,-0.9722,-0.9642,-0.9726,-1.0421,-1.1787,-1.2227,-1.0377,-0.8122,-0.6606,-0.5765,-0.5427,-0.5539,-0.616,-0.7448,-0.9558,-1.1761,-1.0695,-0.4578,0.2886,0.2609,-0.1078,-0.3163,-0.408,-0.4465,-0.4618,-0.4668,-0.4675,-0.4664,-0.4646,-0.4626,-0.4607,-0.4589,-0.4572,-0.9597,-1.0193,-1.0677,-1.078,-1.0419,-1.0147,-1.0891,-1.3396,-1.4799,-1.1381,-0.8053,-0.6209,-0.5254,-0.4852,-0.4945,-0.5664,-0.7321,-1.0486,-1.505,-1.4552,-0.8475,-0.3111,-0.1825,-0.3197,-0.4167,-0.4581,-0.4719,-0.4744,-0.4727,-0.4697,-0.4667,-0.4639,-0.4614,-0.4592,-0.4572,-0.4555,-1.0133,-1.1046,-1.1997,-1.237,-1.1505,-1.0403,-1.0297,-1.1717,-1.2424,-0.9664,-0.6989,-0.5415,-0.4502,-0.4011,-0.3949,-0.4577,-0.6236,-0.9087,-1.2356,-1.2592,-1.1649,-0.9963,-0.7203,-0.5859,-0.5368,-0.5127,-0.4965,-0.4848,-0.4763,-0.4702,-0.4657,-0.4623,-0.4595,-0.4572,-0.4552,-0.4535,-1.0498,-1.1652,-1.3043,-1.3897,-1.2534,-1.0598,-0.9339,-0.8779,-0.8063,-0.6724,-0.5453,-0.443,-0.3611,-0.295,-0.2424,-0.2711,-0.4522,-0.7018,-0.938,-1.1721,-1.5912,-1.4738,-1.0033,-0.7373,-0.6094,-0.5439,-0.5076,-0.4868,-0.4747,-0.4674,-0.4628,-0.4595,-0.4569,-0.4547,-0.4528,-0.4512,-1.0592,-1.1779,-1.3015,-1.3617,-1.2899,-1.0781,-0.8728,-0.7107,-0.5441,-0.4454,-0.417,-0.3528,-0.2725,-0.1893,-0.0383,0.0348,-0.2931,-0.5921,-0.8164,-1.0604,-1.3876,-1.3215,-0.9803,-0.7446,-0.6115,-0.5373,-0.4971,-0.4764,-0.4661,-0.4609,-0.4579,-0.4557,-0.4537,-0.4518,-0.45,-0.4485,-1.0428,-1.1669,-1.3362,-1.5817,-1.5137,-1.1148,-0.853,-0.6707,-0.3729,-0.2398,-0.3396,-0.2814,-0.1844,-0.1051,-0.0135,0.0538,-0.3206,-0.6512,-0.8338,-0.9165,-0.984,-0.9486,-0.8038,-0.6591,-0.5552,-0.4927,-0.4629,-0.4526,-0.4509,-0.4514,-0.4517,-0.4512,-0.45,-0.4484,-0.4468,-0.4454,-0.9993,-1.1174,-1.2963,-1.5354,-1.453,-1.059,-0.8711,-0.8258,-0.5711,-0.357,-0.3307,-0.2275,-0.092,0.059,-0.0199,-0.2146,-0.5353,-1.017,-1.1618,-0.9598,-0.8235,-0.7372,-0.6445,-0.5468,-0.4621,-0.413,-0.4057,-0.4182,-0.432,-0.4413,-0.4459,-0.4471,-0.4463,-0.4447,-0.443,-0.4416,-0.9299,-1.014,-1.1148,-1.1859,-1.1049,-0.9315,-0.8932,-1.0063,-0.8513,-0.5217,-0.3223,-0.1981,-0.0868,0.1296,0.0265,-0.2905,-0.6799,-1.8123,-1.8659,-1.0639,-0.7442,-0.6076,-0.5235,-0.4415,-0.3492,-0.2998,-0.3316,-0.3819,-0.4163,-0.4347,-0.4426,-0.4442,-0.4427,-0.4402,-0.4381,-0.4368,-0.8481,-0.8947,-0.9335,-0.9384,-0.8874,-0.8239,-0.8299,-0.9018,-0.7905,-0.4862,-0.2816,-0.1904,-0.1579,-0.0153,-0.1604,-0.3324,-0.5663,-1.2091,-1.3519,-0.8684,-0.5898,-0.4702,-0.4192,-0.366,-0.2654,-0.2015,-0.2779,-0.3645,-0.414,-0.4368,-0.4438,-0.4426,-0.4382,-0.4338,-0.431,-0.4301,-0.7687,-0.7893,-0.7983,-0.7864,-0.753,-0.7175,-0.7,-0.6743,-0.5542,-0.3588,-0.2171,-0.1512,-0.0749,0.0811,-0.2153,-0.3761,-1.0389,-0.7677,-0.6949,-0.5103,-0.3298,-0.2824,-0.3139,-0.3285,-0.2878,-0.2505,-0.3127,-0.3905,-0.4349,-0.4511,-0.45,-0.4407,-0.4301,-0.4227,-0.4197,-0.4202,-0.6988,-0.704,-0.6993,-0.6816,-0.6521,-0.6163,-0.5743,-0.5089,-0.396,-0.2481,-0.1263,-0.1045,-0.0906,-0.077,-0.2191,-0.5175,-0.8608,-0.5652,-0.3684,-0.2104,-0.0118,-0.058,-0.2126,-0.3065,-0.349,-0.3726,-0.4168,-0.4616,-0.4818,-0.4779,-0.4583,-0.433,-0.4119,-0.4015,-0.4008,-0.4058,-0.6396,-0.6357,-0.624,-0.6029,-0.5725,-0.5332,-0.4824,-0.4127,-0.3193,-0.2118,-0.1275,-0.1052,-0.026,0.0076,-0.1144,-0.2356,-0.2988,-0.1598,-0.0035,-0.0065,0.0522,-0.003,-0.1687,-0.3065,-0.4181,-0.5061,-0.5603,-0.5723,-0.5528,-0.5137,-0.4616,-0.4078,-0.3712,-0.3616,-0.3707,-0.3859,-0.5901,-0.5809,-0.5651,-0.5419,-0.5107,-0.4709,-0.421,-0.3591,-0.2866,-0.2125,-0.1515,-0.0953,0.0033,0.0462,0.0976,0.1279,0.0578,0.2509,0.5176,0.2297,0.0624,-0.0388,-0.1729,-0.3389,-0.5292,-0.7094,-0.7782,-0.7261,-0.6428,-0.5532,-0.4507,-0.3477,-0.2895,-0.2947,-0.329,-0.3628,-0.549,-0.5366,-0.5186,-0.4945,-0.4638,-0.4259,-0.3804,-0.3275,-0.2696,-0.2109,-0.1543,-0.0931,-0.0142,0.1212,0.5376,0.7204,0.2997,0.3325,0.484,0.4179,0.2065,0.0112,-0.1633,-0.3761,-0.6647,-0.9936,-1.0691,-0.8907,-0.7352,-0.5949,-0.4302,-0.2521,-0.1688,-0.2134,-0.2884,-0.3444,-0.515,-0.5007,-0.4818,-0.4578,-0.4284,-0.3934,-0.3528,-0.3074,-0.2584,-0.2074,-0.1539,-0.0916,-0.0041,0.1612,0.4893,0.5973,0.3319,0.3281,0.6018,0.7337,0.3393,0.0807,-0.1149,-0.3618,-0.7007,-1.0632,-1.1381,-0.9685,-0.8109,-0.6489,-0.4465,-0.214,-0.1133,-0.184,-0.279,-0.3432,-0.4868,-0.4716,-0.4526,-0.4294,-0.4018,-0.3699,-0.3337,-0.294,-0.2512,-0.2056,-0.1558,-0.097,-0.0189,0.0938,0.2264,0.2742,0.2369,0.2783,0.4411,0.4893,0.2989,0.1595,0.0244,-0.2456,-0.6152,-0.9475,-1.1376,-1.062,-0.8829,-0.7252,-0.5404,-0.3353,-0.2306,-0.2572,-0.3179,-0.3645,-0.4636,-0.4482,-0.4295,-0.4074,-0.3818,-0.3528,-0.3205,-0.2853,-0.2474,-0.2067,-0.1621,-0.111,-0.0503,0.0202,0.0866,0.125,0.1436,0.1825,0.2428,0.2646,0.2656,0.3705,0.3722,-0.0053,-0.4904,-0.9353,-1.2667,-1.1263,-0.9276,-0.818,-0.6678,-0.5044,-0.3993,-0.3715,-0.3822,-0.3998,-0.4445,-0.4292,-0.4113,-0.3905,-0.3669,-0.3405,-0.3116,-0.2803,-0.2467,-0.2108,-0.172,-0.1295,-0.0832,-0.0353,0.0081,0.0412,0.0678,0.0983,0.1337,0.176,0.2858,0.5666,0.6604,0.1851,-0.3495,-0.7552,-0.9779,-0.9717,-0.9731,-0.9199,-0.7678,-0.6187,-0.5151,-0.4614,-0.4408,-0.4355,-0.4289,-0.414,-0.397,-0.3776,-0.3559,-0.332,-0.306,-0.2782,-0.2485,-0.2171,-0.1839,-0.149,-0.1129,-0.0773,-0.0448,-0.017,0.0077,0.033,0.0635,0.1121,0.2149,0.381,0.3976,0.0969,-0.2857,-0.5899,-0.7795,-0.8892,-0.9768,-0.93,-0.7922,-0.6643,-0.5718,-0.5135,-0.4805,-0.4629]},{"header":{"la1":42.85,"la2":41.18,"lo1":11.55,"lo2":14.05,"nx":36,"ny":24,"dx":0.07143,"dy":0.07261,"parameterCategory":2,"parameterNumber":3,"parameterNumberName":"northward_wind","parameterUnit":"m.s-1"},"data":[-0.6621,-0.661,-0.6584,-0.6542,-0.6483,-0.6408,-0.6322,-0.6229,-0.6128,-0.6017,-0.589,-0.574,-0.5562,-0.5356,-0.5127,-0.4882,-0.4633,-0.4396,-0.4185,-0.4012,-0.3884,-0.3801,-0.3762,-0.376,-0.3787,-0.3836,-0.3899,-0.3971,-0.405,-0.4133,-0.4218,-0.4302,-0.4387,-0.4469,-0.4549,-0.4625,-0.6727,-0.6722,-0.6699,-0.6653,-0.6584,-0.6496,-0.6395,-0.6291,-0.6189,-0.6084,-0.5963,-0.5812,-0.5623,-0.5392,-0.5125,-0.4831,-0.4527,-0.4236,-0.3982,-0.3783,-0.3645,-0.3566,-0.3541,-0.3559,-0.3609,-0.3681,-0.3767,-0.386,-0.3958,-0.4058,-0.4157,-0.4256,-0.4353,-0.4447,-0.4537,-0.4622,-0.6844,-0.6849,-0.683,-0.6779,-0.6695,-0.658,-0.6448,-0.6321,-0.6219,-0.6135,-0.6039,-0.5902,-0.5706,-0.545,-0.5138,-0.4781,-0.4401,-0.4035,-0.3725,-0.3503,-0.3368,-0.3304,-0.33,-0.3344,-0.3422,-0.3522,-0.3633,-0.3749,-0.3868,-0.3986,-0.4102,-0.4216,-0.4327,-0.4433,-0.4533,-0.4628,-0.6973,-0.6994,-0.6984,-0.693,-0.682,-0.6656,-0.6456,-0.627,-0.6163,-0.6135,-0.611,-0.6014,-0.5824,-0.5544,-0.5181,-0.4745,-0.4256,-0.3773,-0.3385,-0.3157,-0.3068,-0.3052,-0.3074,-0.3137,-0.3238,-0.3364,-0.3501,-0.3642,-0.3782,-0.392,-0.4054,-0.4184,-0.431,-0.4429,-0.4541,-0.4645,-0.7116,-0.7164,-0.7175,-0.7122,-0.6979,-0.6732,-0.6385,-0.6034,-0.5894,-0.6019,-0.6166,-0.616,-0.599,-0.5691,-0.5279,-0.4747,-0.4104,-0.3419,-0.2885,-0.2698,-0.2785,-0.2925,-0.2953,-0.2972,-0.3068,-0.3214,-0.3377,-0.3542,-0.3704,-0.3863,-0.4016,-0.4164,-0.4305,-0.4438,-0.4563,-0.4677,-0.7267,-0.7363,-0.742,-0.7385,-0.7211,-0.6856,-0.6249,-0.5453,-0.5151,-0.5712,-0.6242,-0.6373,-0.6227,-0.5917,-0.5469,-0.4849,-0.4008,-0.2975,-0.209,-0.1992,-0.2445,-0.2939,-0.2934,-0.2823,-0.2901,-0.307,-0.3261,-0.3452,-0.3637,-0.3817,-0.399,-0.4157,-0.4316,-0.4465,-0.4602,-0.4727,-0.7413,-0.7586,-0.7743,-0.7767,-0.7564,-0.7135,-0.631,-0.4839,-0.4129,-0.5517,-0.6518,-0.672,-0.6555,-0.6243,-0.5808,-0.5151,-0.4147,-0.2746,-0.1347,-0.1333,-0.1778,-0.2226,-0.2449,-0.2517,-0.2697,-0.2926,-0.3156,-0.3374,-0.3583,-0.3785,-0.398,-0.4168,-0.4347,-0.4513,-0.4665,-0.4801,-0.7516,-0.7793,-0.8159,-0.8336,-0.8023,-0.7593,-0.7012,-0.5917,-0.5401,-0.6569,-0.7281,-0.7248,-0.6969,-0.6684,-0.6374,-0.5791,-0.4713,-0.3241,-0.1905,-0.1307,-0.0341,-0.042,-0.1379,-0.2038,-0.2468,-0.2794,-0.3066,-0.3311,-0.3543,-0.3768,-0.3989,-0.4202,-0.4403,-0.4589,-0.4756,-0.4903,-0.7516,-0.7838,-0.8473,-0.9021,-0.8306,-0.797,-0.8075,-0.817,-0.8456,-0.8817,-0.8541,-0.7908,-0.7406,-0.7217,-0.7324,-0.7034,-0.5693,-0.4049,-0.2537,-0.067,0.2349,0.179,-0.0483,-0.1687,-0.2308,-0.2698,-0.2995,-0.3259,-0.3514,-0.3768,-0.402,-0.4263,-0.4492,-0.4701,-0.4885,-0.5042,-0.738,-0.7522,-0.782,-0.8036,-0.7456,-0.7992,-0.9036,-1.02,-1.1695,-1.2037,-1.0171,-0.8525,-0.7742,-0.7687,-0.8808,-0.9497,-0.6758,-0.4599,-0.3025,-0.116,0.1139,0.0932,-0.0691,-0.1714,-0.2282,-0.2646,-0.2936,-0.3211,-0.3494,-0.3785,-0.4078,-0.4361,-0.4626,-0.4862,-0.5064,-0.523,-0.7196,-0.7038,-0.6427,-0.4824,-0.5231,-0.7853,-0.9954,-1.1707,-1.4989,-1.672,-1.1535,-0.8782,-0.7918,-0.7882,-0.8701,-0.9532,-0.6423,-0.4498,-0.338,-0.2285,-0.126,-0.1029,-0.1471,-0.196,-0.2322,-0.2597,-0.2858,-0.3149,-0.3474,-0.3821,-0.4172,-0.4511,-0.4821,-0.5091,-0.5311,-0.5481,-0.7107,-0.6865,-0.6172,-0.4929,-0.5512,-0.8514,-1.1135,-1.2671,-1.3677,-1.4262,-1.0647,-0.8466,-0.8063,-0.8818,-0.7893,-0.6154,-0.4626,-0.393,-0.3555,-0.2819,-0.2161,-0.1858,-0.1901,-0.21,-0.2298,-0.2472,-0.2711,-0.305,-0.3454,-0.3886,-0.4322,-0.4736,-0.5107,-0.5414,-0.565,-0.5816,-0.7141,-0.7034,-0.6807,-0.6694,-0.7537,-0.9583,-1.2022,-1.388,-1.2954,-1.106,-0.9083,-0.8024,-0.7837,-0.929,-0.7771,-0.3617,-0.2502,-0.4101,-0.4188,-0.2804,-0.2097,-0.1806,-0.1838,-0.2024,-0.2156,-0.2217,-0.247,-0.2921,-0.345,-0.4004,-0.4557,-0.5077,-0.5526,-0.5877,-0.612,-0.6263,-0.7221,-0.7267,-0.7359,-0.7667,-0.8452,-0.979,-1.1447,-1.2822,-1.2049,-0.9693,-0.8111,-0.8014,-0.7976,-0.6096,-0.3652,0.1208,0.0998,-0.1784,-0.2799,-0.196,-0.1227,-0.1004,-0.1324,-0.1789,-0.2017,-0.1976,-0.2265,-0.2847,-0.3512,-0.4216,-0.4929,-0.5597,-0.6152,-0.6548,-0.6775,-0.6859,-0.7271,-0.7397,-0.7598,-0.795,-0.8524,-0.9303,-1.0106,-1.0475,-0.9743,-0.83,-0.7267,-0.6781,-0.5867,-0.4159,-0.1932,0.276,0.8053,0.1786,-0.0739,-0.0427,0.1014,0.1029,-0.0274,-0.139,-0.1937,-0.2056,-0.2337,-0.2918,-0.368,-0.4565,-0.551,-0.6402,-0.7108,-0.7536,-0.769,-0.7645,-0.7262,-0.7406,-0.7605,-0.7883,-0.8244,-0.8632,-0.8905,-0.8827,-0.8234,-0.7369,-0.6842,-0.6209,-0.5947,-0.4905,-0.2652,0.1666,0.5577,0.1369,-0.0579,0.1152,0.6139,0.4911,0.1053,-0.0919,-0.1738,-0.2076,-0.2407,-0.2998,-0.3902,-0.507,-0.6396,-0.767,-0.86,-0.9011,-0.8965,-0.8658,-0.7201,-0.7329,-0.7486,-0.7674,-0.7873,-0.8035,-0.8073,-0.7895,-0.7487,-0.7013,-0.6773,-0.6528,-0.7177,-0.733,-0.4393,-0.2061,-0.0959,-0.2022,-0.2715,0.0219,0.682,0.5311,0.108,-0.0845,-0.1493,-0.1658,-0.1956,-0.2752,-0.4032,-0.5711,-0.7709,-0.9684,-1.0972,-1.1204,-1.068,-0.9891,-0.7104,-0.7203,-0.7313,-0.7426,-0.7521,-0.7566,-0.7519,-0.735,-0.7083,-0.6807,-0.6625,-0.6639,-0.7476,-0.7539,-0.5722,-0.4766,-0.3972,-0.5181,-0.7186,-0.3444,0.0104,0.0722,-0.049,-0.1258,-0.1102,-0.0345,-0.0366,-0.1864,-0.3965,-0.6436,-0.9514,-1.2782,-1.4632,-1.4252,-1.2751,-1.1209,-0.6988,-0.7058,-0.7127,-0.7186,-0.7219,-0.7208,-0.7134,-0.6991,-0.6801,-0.6609,-0.6465,-0.6429,-0.6522,-0.6457,-0.6968,-0.7357,-0.5408,-0.5499,-0.6208,-0.4341,-0.2898,-0.2116,-0.2058,-0.1846,-0.0549,0.2325,0.2929,-0.0628,-0.3922,-0.7121,-1.1407,-1.6583,-1.9138,-1.7495,-1.462,-1.2269,-0.6865,-0.6911,-0.6948,-0.6971,-0.6968,-0.6931,-0.685,-0.6728,-0.6577,-0.6422,-0.6286,-0.6191,-0.6139,-0.6204,-0.6789,-0.6935,-0.5599,-0.4912,-0.4338,-0.4065,-0.3857,-0.3557,-0.3346,-0.2738,-0.1048,0.2586,0.3419,-0.1406,-0.4551,-0.7571,-1.2063,-1.8102,-2.0995,-1.8671,-1.5242,-1.263,-0.6745,-0.6769,-0.6784,-0.6783,-0.6761,-0.671,-0.663,-0.6521,-0.6392,-0.6256,-0.6125,-0.6011,-0.5927,-0.5914,-0.5982,-0.5825,-0.529,-0.479,-0.4414,-0.4286,-0.4479,-0.4857,-0.4891,-0.417,-0.3083,-0.2625,-0.4464,-0.4927,-0.5877,-0.7811,-1.0924,-1.5227,-1.7651,-1.6536,-1.4193,-1.2147,-0.663,-0.6639,-0.6638,-0.6622,-0.6588,-0.6532,-0.6453,-0.6354,-0.6239,-0.6116,-0.5992,-0.5873,-0.5768,-0.5681,-0.5587,-0.5407,-0.5129,-0.4861,-0.4714,-0.4831,-0.5507,-0.6848,-0.7234,-0.5888,-0.4841,-0.5256,-0.675,-0.6528,-0.7374,-0.8303,-0.9613,-1.1759,-1.3356,-1.3359,-1.2354,-1.1152,-0.6524,-0.6522,-0.651,-0.6484,-0.6443,-0.6385,-0.631,-0.6218,-0.6114,-0.6001,-0.5884,-0.5768,-0.5654,-0.5542,-0.5419,-0.527,-0.5106,-0.4986,-0.5005,-0.5334,-0.6338,-0.8229,-0.8783,-0.6962,-0.5761,-0.5793,-0.6437,-0.7588,-0.9433,-0.9241,-0.9094,-0.9854,-1.0709,-1.0988,-1.0682,-1.0086,-0.6427,-0.6417,-0.6397,-0.6366,-0.6322,-0.6263,-0.6191,-0.6107,-0.6011,-0.5908,-0.58,-0.569,-0.5579,-0.5468,-0.5354,-0.524,-0.5143,-0.5107,-0.5202,-0.5551,-0.6323,-0.7399,-0.7671,-0.6786,-0.6095,-0.6124,-0.6785,-0.8216,-0.9701,-0.9387,-0.8856,-0.8965,-0.9325,-0.9534,-0.9464,-0.9185]}]