docs/data/wind_grid.json
[{"header":{"la1":42.85,"la2":41.18,"lo1":11.55,"lo2":14.05,"nx":36,"ny":24,"dx":0.07143,"dy":0.07261,"parameterCategory":2,"parameterNumber":2,"parameterNumberName":"eastward_wind","parameterUnit":"m.s-1"},"data":[-1.0064,-1.0089,-1.0089,-1.0065,-1.0017,-0.9942,-0.9839,-0.9697,-0.9514,-0.9294,-0.9052,-0.8813,-0.8597,-0.8417,-0.8274,-0.8156,-0.8045,-0.7915,-0.7744,-0.7527,-0.729,-0.7087,-0.6975,-0.6971,-0.7049,-0.7165,-0.7286,-0.7391,-0.7475,-0.7538,-0.7584,-0.7616,-0.7638,-0.7653,-0.7663,-0.7669,-1.0315,-1.036,-1.0376,-1.0362,-1.0323,-1.0259,-1.0165,-1.0022,-0.981,-0.9529,-0.9208,-0.8893,-0.8619,-0.8407,-0.8257,-0.8152,-0.806,-0.7932,-0.772,-0.7395,-0.6999,-0.6654,-0.6495,-0.6551,-0.6741,-0.6966,-0.7165,-0.7321,-0.7435,-0.7514,-0.7567,-0.7603,-0.7627,-0.7642,-0.7651,-0.7656,-1.0613,-1.0688,-1.0724,-1.0722,-1.0694,-1.0655,-1.06,-1.0484,-1.0248,-0.9874,-0.9422,-0.8982,-0.8622,-0.8369,-0.822,-0.815,-0.8111,-0.8023,-0.7776,-0.7273,-0.6547,-0.5884,-0.5655,-0.5894,-0.633,-0.6742,-0.7054,-0.7269,-0.7411,-0.7503,-0.7561,-0.7597,-0.7619,-0.7632,-0.764,-0.7644,-1.0968,-1.1089,-1.1154,-1.1161,-1.1139,-1.114,-1.1182,-1.1181,-1.0952,-1.0415,-0.9718,-0.907,-0.8582,-0.8276,-0.8139,-0.8139,-0.8218,-0.8256,-0.8041,-0.7282,-0.5858,-0.4409,-0.4121,-0.4909,-0.5852,-0.6548,-0.6989,-0.7256,-0.7415,-0.7509,-0.7564,-0.7596,-0.7614,-0.7624,-0.7629,-0.7631,-1.1396,-1.1594,-1.1707,-1.1713,-1.1662,-1.1694,-1.1942,-1.2289,-1.2186,-1.1299,-1.0107,-0.9116,-0.8454,-0.8087,-0.7974,-0.8084,-0.8374,-0.8718,-0.8771,-0.7824,-0.5107,-0.1712,-0.1618,-0.3796,-0.5523,-0.6503,-0.7025,-0.7303,-0.7453,-0.7534,-0.7578,-0.7601,-0.7612,-0.7616,-0.7617,-0.7616,-1.1904,-1.224,-1.2456,-1.2456,-1.2283,-1.2239,-1.2782,-1.4004,-1.4396,-1.2626,-1.0472,-0.9016,-0.8171,-0.7744,-0.7656,-0.7901,-0.8494,-0.9396,-1.0233,-0.9591,-0.5794,0.0009,-0.0285,-0.3722,-0.5774,-0.6745,-0.72,-0.7417,-0.7523,-0.7574,-0.7597,-0.7606,-0.7608,-0.7606,-0.7603,-0.7599,-1.2476,-1.3052,-1.3516,-1.357,-1.3097,-1.2648,-1.3188,-1.5496,-1.6833,-1.3532,-1.0341,-0.8597,-0.7665,-0.7185,-0.7082,-0.7433,-0.8332,-0.9816,-1.1556,-1.1411,-0.893,-0.5288,-0.4369,-0.5763,-0.6784,-0.7274,-0.7487,-0.7574,-0.7607,-0.7615,-0.7614,-0.7608,-0.76,-0.7591,-0.7583,-0.7576,-1.3026,-1.394,-1.4915,-1.5285,-1.4277,-1.2927,-1.2574,-1.3818,-1.4473,-1.1747,-0.9201,-0.7782,-0.6934,-0.6361,-0.6089,-0.6435,-0.7602,-0.9324,-1.092,-1.1681,-1.3042,-1.2166,-0.9627,-0.8412,-0.8023,-0.7869,-0.7779,-0.7717,-0.7673,-0.7642,-0.7618,-0.7599,-0.7583,-0.7569,-0.7557,-0.7547,-1.3402,-1.4571,-1.6032,-1.6963,-1.5405,-1.3131,-1.1545,-1.0718,-0.9821,-0.8473,-0.7469,-0.6771,-0.6099,-0.5296,-0.4369,-0.4408,-0.6233,-0.8473,-1.0498,-1.3356,-1.8719,-1.751,-1.2631,-1.0022,-0.8831,-0.8253,-0.7949,-0.7782,-0.769,-0.7636,-0.7601,-0.7576,-0.7554,-0.7536,-0.7521,-0.751,-1.3498,-1.469,-1.5969,-1.6599,-1.5725,-1.3262,-1.0765,-0.8626,-0.6298,-0.5178,-0.5755,-0.5871,-0.5371,-0.4306,-0.168,-0.0304,-0.4661,-0.8053,-1.0339,-1.297,-1.6614,-1.5993,-1.2534,-1.0222,-0.8957,-0.827,-0.7906,-0.7723,-0.7634,-0.7588,-0.7558,-0.7534,-0.7511,-0.749,-0.7473,-0.7461,-1.3333,-1.4563,-1.6273,-1.8797,-1.8037,-1.3567,-1.0359,-0.7848,-0.3276,-0.1099,-0.4549,-0.5308,-0.4834,-0.397,-0.1847,-0.0194,-0.532,-0.9094,-1.0995,-1.1865,-1.2609,-1.2306,-1.0897,-0.9495,-0.8498,-0.7901,-0.7618,-0.7522,-0.7502,-0.75,-0.7492,-0.7475,-0.7452,-0.7428,-0.7409,-0.7397,-1.2903,-1.4054,-1.5844,-1.8297,-1.7362,-1.2851,-1.0299,-0.9357,-0.6136,-0.3548,-0.5025,-0.5127,-0.4321,-0.3088,-0.3614,-0.5115,-0.8323,-1.3022,-1.4414,-1.2505,-1.1196,-1.035,-0.9439,-0.848,-0.7644,-0.7156,-0.708,-0.7198,-0.732,-0.7391,-0.7413,-0.7402,-0.7375,-0.7345,-0.7323,-0.7313,-1.2226,-1.3018,-1.3977,-1.4623,-1.361,-1.1403,-1.0348,-1.0928,-0.9636,-0.6947,-0.5797,-0.5031,-0.4344,-0.2595,-0.3612,-0.6662,-1.0293,-2.0633,-2.11,-1.3636,-1.0538,-0.9156,-0.8307,-0.7483,-0.6539,-0.6028,-0.6344,-0.6834,-0.715,-0.7297,-0.7337,-0.7317,-0.7273,-0.7231,-0.7206,-0.72,-1.1445,-1.185,-1.2163,-1.2098,-1.1385,-1.0401,-0.9975,-1.0253,-0.944,-0.7335,-0.5947,-0.4768,-0.4444,-0.4961,-0.5856,-0.7383,-0.9669,-1.5402,-1.6537,-1.1895,-0.8999,-0.7708,-0.7229,-0.6729,-0.5687,-0.5018,-0.5794,-0.664,-0.7089,-0.726,-0.7275,-0.7211,-0.7129,-0.7065,-0.7038,-0.7045,-1.0712,-1.086,-1.0878,-1.0658,-1.018,-0.9626,-0.9238,-0.8911,-0.8072,-0.6805,-0.5916,-0.5511,-0.5312,-0.5059,-0.672,-0.7914,-1.5229,-1.1973,-1.0812,-0.8431,-0.5868,-0.5269,-0.5954,-0.6321,-0.5925,-0.552,-0.6122,-0.6845,-0.7217,-0.7304,-0.7218,-0.7055,-0.69,-0.6807,-0.679,-0.6831,-1.0093,-1.0101,-1.0003,-0.9764,-0.9397,-0.8971,-0.8534,-0.8006,-0.7232,-0.6243,-0.5304,-0.5845,-0.5849,-0.5951,-0.7114,-0.9963,-1.3554,-1.0479,-0.8165,-0.5208,-0.0596,-0.1535,-0.4597,-0.6077,-0.655,-0.6707,-0.7055,-0.7412,-0.7536,-0.7416,-0.7126,-0.6776,-0.65,-0.6384,-0.6419,-0.654,-0.9594,-0.9531,-0.9389,-0.9157,-0.8842,-0.8467,-0.8038,-0.7525,-0.6889,-0.6143,-0.5446,-0.5741,-0.5984,-0.6097,-0.6767,-0.7894,-0.8556,-0.7461,-0.5923,-0.4071,0.0262,-0.0945,-0.4355,-0.6203,-0.7203,-0.7816,-0.8166,-0.8221,-0.8008,-0.7561,-0.692,-0.6234,-0.5772,-0.569,-0.5881,-0.6167,-0.9199,-0.9102,-0.8945,-0.8725,-0.8445,-0.8114,-0.7734,-0.7303,-0.683,-0.6369,-0.606,-0.6021,-0.6028,-0.6016,-0.5925,-0.6008,-0.6305,-0.5005,-0.3375,-0.4332,-0.3694,-0.3911,-0.5357,-0.6824,-0.8137,-0.9227,-0.9618,-0.9264,-0.8603,-0.7713,-0.6526,-0.524,-0.4506,-0.4635,-0.5189,-0.5752,-0.8887,-0.8775,-0.8617,-0.8413,-0.8165,-0.7877,-0.7557,-0.7212,-0.6863,-0.6551,-0.6324,-0.6189,-0.6056,-0.5699,-0.4292,-0.3651,-0.5203,-0.4782,-0.4003,-0.4779,-0.5055,-0.5431,-0.6287,-0.7546,-0.9181,-1.093,-1.1321,-1.0354,-0.925,-0.7912,-0.605,-0.3858,-0.2794,-0.3435,-0.4541,-0.542,-0.8642,-0.8524,-0.8373,-0.8187,-0.7969,-0.7723,-0.7456,-0.718,-0.691,-0.6668,-0.6468,-0.6292,-0.6065,-0.5568,-0.4459,-0.4096,-0.5111,-0.5261,-0.5063,-0.5036,-0.5439,-0.5976,-0.6743,-0.7946,-0.9666,-1.1419,-1.1772,-1.1074,-0.9873,-0.8285,-0.6061,-0.3304,-0.2046,-0.3,-0.4357,-0.5347,-0.8447,-0.8332,-0.819,-0.8023,-0.7832,-0.7622,-0.74,-0.7174,-0.6955,-0.6754,-0.6571,-0.639,-0.6165,-0.5827,-0.541,-0.5289,-0.5508,-0.5558,-0.5396,-0.5377,-0.5719,-0.6109,-0.6677,-0.7839,-0.9619,-1.1541,-1.3141,-1.2371,-1.0476,-0.8818,-0.692,-0.4697,-0.3516,-0.3935,-0.4844,-0.5602,-0.8294,-0.8183,-0.8053,-0.7903,-0.7736,-0.7557,-0.7369,-0.7181,-0.6998,-0.6826,-0.6662,-0.6499,-0.6319,-0.6115,-0.5928,-0.5849,-0.5866,-0.586,-0.5812,-0.5829,-0.5887,-0.5725,-0.583,-0.7176,-0.9303,-1.1936,-1.4582,-1.3011,-1.0368,-0.9146,-0.7938,-0.6498,-0.5519,-0.5363,-0.5669,-0.6062,-0.8172,-0.8068,-0.7949,-0.7816,-0.767,-0.7515,-0.7356,-0.7196,-0.7041,-0.6892,-0.675,-0.6612,-0.6474,-0.634,-0.6229,-0.6166,-0.6142,-0.6127,-0.611,-0.6083,-0.5901,-0.5258,-0.5025,-0.6561,-0.8667,-1.0684,-1.1869,-1.0784,-0.9306,-0.912,-0.8521,-0.7589,-0.6827,-0.6465,-0.6427,-0.6544,-0.8075,-0.7979,-0.7871,-0.7752,-0.7624,-0.749,-0.7353,-0.7217,-0.7083,-0.6956,-0.6835,-0.672,-0.6612,-0.6515,-0.6438,-0.6387,-0.636,-0.6345,-0.6331,-0.6285,-0.6112,-0.5757,-0.5779,-0.6789,-0.8218,-0.9456,-1.0021,-0.9635,-0.9139,-0.9068,-0.8681,-0.8061,-0.7499,-0.7135,-0.6971,-0.6941]},{"header":{"la1":42.85,"la2":41.18,"lo1":11.55,"lo2":14.05,"nx":36,"ny":24,"dx":0.07143,"dy":0.07261,"parameterCategory":2,"parameterNumber":3,"parameterNumberName":"northward_wind","parameterUnit":"m.s-1"},"data":[-0.8339,-0.8316,-0.8262,-0.8175,-0.8058,-0.7918,-0.7762,-0.7601,-0.744,-0.7276,-0.7102,-0.6907,-0.6685,-0.6436,-0.6163,-0.5879,-0.56,-0.5347,-0.5138,-0.4985,-0.4887,-0.483,-0.4796,-0.4773,-0.4759,-0.4757,-0.4768,-0.4795,-0.4834,-0.4883,-0.4941,-0.5004,-0.507,-0.5139,-0.5207,-0.5274,-0.8547,-0.8533,-0.8478,-0.8378,-0.8235,-0.8059,-0.7866,-0.7678,-0.7506,-0.7347,-0.7182,-0.6989,-0.6755,-0.6477,-0.616,-0.582,-0.5479,-0.5171,-0.493,-0.4779,-0.4713,-0.4697,-0.4689,-0.4672,-0.4652,-0.4645,-0.4658,-0.469,-0.4739,-0.48,-0.4871,-0.4947,-0.5026,-0.5105,-0.5184,-0.5261,-0.8787,-0.879,-0.8739,-0.8622,-0.8438,-0.8199,-0.7938,-0.7698,-0.7514,-0.7381,-0.7254,-0.7086,-0.6851,-0.6545,-0.6175,-0.5759,-0.5327,-0.4935,-0.465,-0.4522,-0.4543,-0.4623,-0.4657,-0.462,-0.4565,-0.4536,-0.4542,-0.458,-0.4641,-0.4717,-0.4802,-0.4893,-0.4986,-0.5079,-0.5169,-0.5256,-0.9069,-0.9104,-0.9066,-0.893,-0.8682,-0.8335,-0.7937,-0.7583,-0.7379,-0.7326,-0.7306,-0.7204,-0.6986,-0.6656,-0.6226,-0.571,-0.5142,-0.4604,-0.4237,-0.417,-0.4412,-0.4739,-0.4818,-0.4662,-0.4499,-0.442,-0.4417,-0.4463,-0.454,-0.4633,-0.4737,-0.4845,-0.4954,-0.5061,-0.5165,-0.5263,-0.9396,-0.9493,-0.9495,-0.9347,-0.9013,-0.8487,-0.7812,-0.7168,-0.69,-0.708,-0.7324,-0.7363,-0.7183,-0.6837,-0.6346,-0.5708,-0.4936,-0.4126,-0.3555,-0.3581,-0.4318,-0.5287,-0.5329,-0.4781,-0.441,-0.4273,-0.4271,-0.4336,-0.4435,-0.4552,-0.4677,-0.4805,-0.4933,-0.5057,-0.5174,-0.5284,-0.9769,-0.9976,-1.0077,-0.9954,-0.9519,-0.8742,-0.7583,-0.6208,-0.5691,-0.6538,-0.7361,-0.761,-0.7474,-0.7121,-0.6591,-0.5837,-0.4799,-0.3511,-0.2406,-0.2454,-0.3816,-0.573,-0.5648,-0.4651,-0.4174,-0.4056,-0.4095,-0.4199,-0.4331,-0.4476,-0.4627,-0.4778,-0.4927,-0.5069,-0.5202,-0.5324,-1.0159,-1.0552,-1.0879,-1.0873,-1.0323,-0.9296,-0.7677,-0.5213,-0.4094,-0.618,-0.7686,-0.804,-0.7887,-0.7545,-0.7042,-0.624,-0.4973,-0.3178,-0.1346,-0.1364,-0.239,-0.3711,-0.414,-0.3824,-0.3701,-0.376,-0.3895,-0.4059,-0.4233,-0.4411,-0.4591,-0.4769,-0.4941,-0.5103,-0.5253,-0.5389,-1.0488,-1.1133,-1.1911,-1.2244,-1.1437,-1.021,-0.8809,-0.6847,-0.5977,-0.765,-0.8693,-0.8712,-0.8412,-0.8129,-0.7824,-0.7126,-0.573,-0.3805,-0.2061,-0.1271,0.0029,-0.0241,-0.1769,-0.2668,-0.3136,-0.3449,-0.3704,-0.3932,-0.415,-0.4364,-0.4576,-0.4783,-0.4982,-0.5168,-0.5336,-0.5484,-1.0626,-1.1414,-1.27,-1.3708,-1.2262,-1.1018,-1.0482,-1.0147,-1.0286,-1.0687,-1.033,-0.9534,-0.8947,-0.8844,-0.9199,-0.8927,-0.7094,-0.486,-0.2825,-0.0245,0.4046,0.3218,-0.0137,-0.1889,-0.2737,-0.3222,-0.3559,-0.3836,-0.4092,-0.4341,-0.4588,-0.483,-0.506,-0.5271,-0.5459,-0.562,-1.0497,-1.106,-1.1849,-1.2326,-1.1315,-1.1273,-1.1917,-1.2929,-1.4489,-1.4763,-1.2372,-1.0262,-0.9295,-0.9425,-1.1441,-1.2638,-0.8633,-0.5601,-0.3443,-0.087,0.2348,0.2031,-0.032,-0.1812,-0.2631,-0.3131,-0.3485,-0.3781,-0.4063,-0.4347,-0.4635,-0.4919,-0.5186,-0.5428,-0.5637,-0.5808,-1.0221,-1.0411,-1.0161,-0.887,-0.9179,-1.1305,-1.3229,-1.5011,-1.8535,-2.0465,-1.4046,-1.0494,-0.9332,-0.9369,-1.11,-1.2674,-0.8162,-0.547,-0.3923,-0.2415,-0.1006,-0.0716,-0.1389,-0.2152,-0.2739,-0.316,-0.3476,-0.3762,-0.4062,-0.4386,-0.4726,-0.5064,-0.538,-0.5658,-0.5888,-0.6066,-0.998,-1.0042,-0.9714,-0.8865,-0.9363,-1.2036,-1.4893,-1.6791,-1.7401,-1.7593,-1.2909,-0.9982,-0.9271,-0.9851,-0.9087,-0.7529,-0.5705,-0.4719,-0.4157,-0.3153,-0.2258,-0.1874,-0.2015,-0.2446,-0.293,-0.329,-0.3526,-0.3768,-0.4082,-0.4462,-0.4877,-0.5291,-0.5671,-0.5992,-0.6241,-0.6416,-0.9817,-0.9946,-0.9973,-1.0058,-1.0909,-1.3047,-1.6131,-1.8916,-1.725,-1.3857,-1.083,-0.9282,-0.9014,-1.0242,-0.8733,-0.4481,-0.319,-0.4878,-0.4933,-0.3146,-0.2189,-0.1823,-0.1981,-0.2525,-0.3207,-0.3588,-0.3638,-0.3781,-0.4118,-0.4584,-0.5112,-0.5638,-0.6106,-0.6478,-0.6737,-0.689,-0.9671,-0.988,-1.0127,-1.0549,-1.1421,-1.2978,-1.5174,-1.7205,-1.5851,-1.1855,-0.9285,-0.9048,-0.9209,-0.8561,-0.4725,0.0441,0.062,-0.2165,-0.3224,-0.205,-0.1042,-0.0761,-0.1305,-0.2324,-0.3499,-0.3993,-0.3737,-0.3767,-0.4165,-0.4775,-0.548,-0.6174,-0.6766,-0.7191,-0.7436,-0.7527,-0.9491,-0.9722,-1.0014,-1.0438,-1.1086,-1.1992,-1.2983,-1.3369,-1.1976,-0.934,-0.7449,-0.6911,-0.6791,-0.6013,-0.2775,0.2157,0.9716,0.2222,-0.0595,-0.0014,0.188,0.1901,0.0151,-0.1621,-0.3042,-0.3649,-0.3524,-0.3656,-0.4219,-0.5071,-0.6058,-0.7018,-0.7785,-0.8253,-0.8423,-0.8376,-0.9263,-0.9467,-0.9711,-1.0017,-1.0389,-1.0771,-1.0968,-1.0596,-0.9305,-0.7305,-0.5425,-0.4568,-0.5119,-0.5126,-0.28,0.2083,0.6942,0.1986,-0.0168,0.2132,0.8375,0.6851,0.2001,-0.0653,-0.1996,-0.2606,-0.287,-0.3341,-0.4244,-0.5507,-0.6967,-0.8371,-0.9396,-0.9851,-0.9807,-0.9476,-0.8999,-0.9151,-0.9316,-0.9488,-0.964,-0.9703,-0.9546,-0.9,-0.7977,-0.6609,-0.541,-0.5117,-0.5033,-0.485,-0.3578,-0.1542,-0.0445,-0.1735,-0.2509,0.1156,0.9265,0.7426,0.2232,-0.0203,-0.1085,-0.1309,-0.1648,-0.2611,-0.4153,-0.6108,-0.8365,-1.0557,-1.1979,-1.224,-1.1675,-1.082,-0.8718,-0.8815,-0.8903,-0.8966,-0.8975,-0.8878,-0.8606,-0.8099,-0.7364,-0.6532,-0.5848,-0.5414,-0.5081,-0.4892,-0.441,-0.3835,-0.3452,-0.5322,-0.7948,-0.3166,0.1238,0.2016,0.0565,-0.0373,-0.0134,0.0951,0.0933,-0.1157,-0.3906,-0.687,-1.0348,-1.3949,-1.5971,-1.5563,-1.3935,-1.2261,-0.8438,-0.8486,-0.8512,-0.85,-0.8428,-0.8264,-0.7976,-0.755,-0.7013,-0.644,-0.5927,-0.5507,-0.518,-0.4999,-0.534,-0.5572,-0.4585,-0.5433,-0.6487,-0.3879,-0.2062,-0.106,-0.0962,-0.0745,0.091,0.4945,0.5795,0.0581,-0.3892,-0.7722,-1.2484,-1.8105,-2.0868,-1.9091,-1.5977,-1.3425,-0.8171,-0.818,-0.8162,-0.8104,-0.7991,-0.7805,-0.7534,-0.7179,-0.6761,-0.6323,-0.5906,-0.5539,-0.5245,-0.51,-0.5318,-0.5372,-0.4666,-0.4334,-0.3532,-0.3071,-0.2813,-0.2201,-0.187,-0.1408,0.0357,0.5262,0.6421,-0.0928,-0.5093,-0.8507,-1.3331,-1.9779,-2.2875,-2.0374,-1.6669,-1.3833,-0.7926,-0.7906,-0.7858,-0.7773,-0.7641,-0.7455,-0.7208,-0.6907,-0.6566,-0.6208,-0.5859,-0.5538,-0.5265,-0.5074,-0.498,-0.4813,-0.4444,-0.4016,-0.3511,-0.3203,-0.2899,-0.2462,-0.2269,-0.2307,-0.2295,-0.3037,-0.7036,-0.7278,-0.7492,-0.9236,-1.2345,-1.6786,-1.9317,-1.8102,-1.5562,-1.3332,-0.7704,-0.7664,-0.7597,-0.7498,-0.7361,-0.7181,-0.6959,-0.6698,-0.641,-0.6108,-0.5807,-0.5522,-0.5264,-0.5043,-0.4847,-0.4623,-0.4329,-0.3981,-0.3614,-0.3247,-0.2726,-0.1987,-0.181,-0.2663,-0.4165,-0.73,-1.1592,-1.019,-0.9727,-1.0283,-1.1286,-1.3271,-1.4818,-1.4743,-1.3613,-1.2278,-0.7507,-0.7453,-0.7375,-0.7269,-0.7133,-0.6964,-0.6763,-0.6534,-0.6284,-0.6023,-0.576,-0.5504,-0.5262,-0.5035,-0.4815,-0.4582,-0.4318,-0.4019,-0.3684,-0.3258,-0.255,-0.1408,-0.1081,-0.2559,-0.4598,-0.7058,-0.9183,-1.0317,-1.2211,-1.1773,-1.1051,-1.1429,-1.2095,-1.2257,-1.1845,-1.1146,-0.7333,-0.727,-0.7186,-0.7079,-0.6947,-0.6789,-0.6607,-0.6404,-0.6184,-0.5954,-0.572,-0.549,-0.5265,-0.5047,-0.483,-0.4606,-0.4366,-0.4102,-0.3798,-0.3404,-0.2823,-0.2103,-0.2008,-0.31,-0.4758,-0.6584,-0.839,-1.0504,-1.2514,-1.1977,-1.0861,-1.0546,-1.0663,-1.0725,-1.055,-1.0181]}]