docs/data/wind_grid.json
[{"header":{"la1":42.85,"la2":41.18,"lo1":11.55,"lo2":14.05,"nx":36,"ny":24,"dx":0.07143,"dy":0.07261,"parameterCategory":2,"parameterNumber":2,"parameterNumberName":"eastward_wind","parameterUnit":"m.s-1"},"data":[-0.7683,-0.7735,-0.7768,-0.778,-0.7771,-0.7738,-0.7674,-0.7568,-0.7414,-0.7218,-0.6998,-0.6783,-0.6597,-0.6456,-0.6359,-0.6294,-0.6234,-0.6146,-0.5996,-0.5773,-0.5507,-0.5259,-0.5093,-0.5033,-0.5054,-0.5114,-0.518,-0.5232,-0.5266,-0.5284,-0.5287,-0.5281,-0.5269,-0.5253,-0.5234,-0.5215,-0.792,-0.7996,-0.8048,-0.8078,-0.8088,-0.8077,-0.8034,-0.7934,-0.7753,-0.7493,-0.719,-0.6894,-0.665,-0.6483,-0.6393,-0.6362,-0.6347,-0.6284,-0.6103,-0.5766,-0.5316,-0.4899,-0.4666,-0.4653,-0.4776,-0.4935,-0.5072,-0.5168,-0.5226,-0.5255,-0.5263,-0.5258,-0.5245,-0.5227,-0.5207,-0.5187,-0.8198,-0.8306,-0.8384,-0.8435,-0.8469,-0.85,-0.8515,-0.8458,-0.8257,-0.7896,-0.7447,-0.7016,-0.6681,-0.6478,-0.6407,-0.6443,-0.6525,-0.6546,-0.6352,-0.5814,-0.498,-0.4192,-0.3863,-0.4023,-0.4387,-0.4726,-0.4967,-0.5116,-0.5197,-0.5233,-0.5242,-0.5236,-0.522,-0.52,-0.5178,-0.5156,-0.8528,-0.8684,-0.8795,-0.8863,-0.8921,-0.9018,-0.9167,-0.9255,-0.9069,-0.8524,-0.78,-0.7137,-0.6663,-0.6411,-0.6372,-0.6522,-0.6796,-0.7036,-0.693,-0.6085,-0.4412,-0.2723,-0.2315,-0.3042,-0.3919,-0.4538,-0.4901,-0.5094,-0.5186,-0.5222,-0.5226,-0.5214,-0.5193,-0.5169,-0.5144,-0.5121,-0.8923,-0.9157,-0.9319,-0.9393,-0.9439,-0.9607,-1.0027,-1.0535,-1.0494,-0.9547,-0.8262,-0.7214,-0.6547,-0.6232,-0.6235,-0.6549,-0.7154,-0.7899,-0.824,-0.7115,-0.3784,0.0118,0.0294,-0.1905,-0.3587,-0.4486,-0.4923,-0.5121,-0.52,-0.522,-0.5212,-0.519,-0.5162,-0.5134,-0.5106,-0.508,-0.9391,-0.9764,-1.0031,-1.0099,-1.003,-1.0164,-1.0984,-1.2531,-1.3043,-1.1076,-0.8703,-0.7133,-0.626,-0.5876,-0.5911,-0.6402,-0.7452,-0.9131,-1.0833,-0.9947,-0.4771,0.1977,0.17,-0.182,-0.3825,-0.4706,-0.5068,-0.5201,-0.5234,-0.5223,-0.5195,-0.516,-0.5125,-0.5091,-0.506,-0.5032,-0.9914,-1.0536,-1.1062,-1.1176,-1.0781,-1.052,-1.1427,-1.4274,-1.5839,-1.213,-0.8603,-0.6708,-0.5731,-0.5278,-0.5283,-0.5874,-0.7284,-0.9859,-1.337,-1.3013,-0.8354,-0.3692,-0.2545,-0.3878,-0.4807,-0.5191,-0.5304,-0.5305,-0.5266,-0.5216,-0.5166,-0.5119,-0.5076,-0.5038,-0.5005,-0.4976,-1.0403,-1.1385,-1.2485,-1.2936,-1.1893,-1.0651,-1.0634,-1.2336,-1.3183,-1.02,-0.7416,-0.5866,-0.4963,-0.4399,-0.4198,-0.4715,-0.6266,-0.8783,-1.1463,-1.1923,-1.1896,-1.0527,-0.7831,-0.6493,-0.5983,-0.5713,-0.5521,-0.5376,-0.5265,-0.5181,-0.5115,-0.506,-0.5013,-0.4973,-0.4939,-0.491,-1.0684,-1.193,-1.3654,-1.485,-1.2947,-1.062,-0.9325,-0.8833,-0.8137,-0.6797,-0.5668,-0.4838,-0.4094,-0.3281,-0.2389,-0.2508,-0.4533,-0.714,-0.9477,-1.2063,-1.6739,-1.5541,-1.0714,-0.8005,-0.6685,-0.5986,-0.5584,-0.5344,-0.5197,-0.5101,-0.5033,-0.4979,-0.4933,-0.4893,-0.4859,-0.4831,-1.0636,-1.1801,-1.3168,-1.3888,-1.2624,-1.0364,-0.8301,-0.6612,-0.4783,-0.3839,-0.4094,-0.3949,-0.3347,-0.2264,0.0334,0.1681,-0.2741,-0.6311,-0.8726,-1.1267,-1.4674,-1.4008,-1.0507,-0.807,-0.666,-0.5849,-0.5396,-0.5159,-0.5037,-0.4968,-0.4918,-0.4874,-0.4833,-0.4795,-0.4763,-0.4737,-1.0321,-1.1338,-1.2581,-1.4088,-1.3511,-1.0221,-0.7678,-0.5714,-0.2351,-0.0772,-0.3076,-0.3386,-0.2823,-0.1964,0.0183,0.182,-0.331,-0.7271,-0.9285,-1.0079,-1.0686,-1.0268,-0.873,-0.7162,-0.5988,-0.5258,-0.491,-0.48,-0.4786,-0.4787,-0.4775,-0.4749,-0.4714,-0.4678,-0.4647,-0.4625,-0.9816,-1.0694,-1.1952,-1.3611,-1.2894,-0.9465,-0.7405,-0.6642,-0.4279,-0.2417,-0.3297,-0.3172,-0.2382,-0.1429,-0.1633,-0.2885,-0.6251,-1.1577,-1.3155,-1.0843,-0.923,-0.8192,-0.71,-0.5915,-0.4828,-0.4177,-0.4096,-0.4287,-0.4476,-0.4585,-0.4621,-0.461,-0.4576,-0.4537,-0.4507,-0.4489,-0.9162,-0.9752,-1.043,-1.0847,-1.001,-0.8222,-0.7292,-0.7935,-0.6544,-0.4644,-0.3764,-0.3272,-0.2464,-0.0926,-0.1464,-0.398,-0.797,-2.0425,-2.1015,-1.2132,-0.85,-0.6869,-0.5802,-0.4664,-0.329,-0.2532,-0.3002,-0.3729,-0.4193,-0.4411,-0.4477,-0.4461,-0.4412,-0.4363,-0.4331,-0.4321,-0.8459,-0.875,-0.8949,-0.8843,-0.822,-0.7361,-0.6895,-0.6868,-0.6279,-0.48,-0.3803,-0.355,-0.3259,-0.0522,-0.2668,-0.3794,-0.6413,-1.3737,-1.5391,-1.0023,-0.677,-0.5296,-0.4613,-0.3744,-0.2062,-0.1024,-0.2184,-0.3424,-0.407,-0.4321,-0.4359,-0.4295,-0.4204,-0.4133,-0.4102,-0.4109,-0.7811,-0.7902,-0.7878,-0.7658,-0.7222,-0.6713,-0.632,-0.5984,-0.5311,-0.4322,-0.3593,-0.3198,-0.2372,-0.1068,-0.3223,-0.4068,-1.077,-0.875,-0.8287,-0.6017,-0.3455,-0.28,-0.3324,-0.3387,-0.2496,-0.1796,-0.2668,-0.3695,-0.4213,-0.4343,-0.4255,-0.4078,-0.3908,-0.3807,-0.3788,-0.3834,-0.7265,-0.7247,-0.7135,-0.6905,-0.6565,-0.6172,-0.5769,-0.5303,-0.4658,-0.3866,-0.3199,-0.3068,-0.2982,-0.2809,-0.3866,-0.6301,-0.9424,-0.7019,-0.5159,-0.2536,0.1703,0.082,-0.2018,-0.3301,-0.3565,-0.3604,-0.4017,-0.4463,-0.4602,-0.445,-0.4115,-0.3731,-0.3436,-0.3313,-0.335,-0.348,-0.6824,-0.675,-0.6607,-0.6385,-0.6094,-0.5751,-0.5365,-0.4915,-0.4376,-0.3776,-0.3279,-0.3283,-0.3584,-0.3783,-0.3969,-0.4791,-0.5226,-0.4019,-0.2459,-0.109,0.2563,0.1423,-0.1774,-0.355,-0.455,-0.5211,-0.5573,-0.5532,-0.5163,-0.4577,-0.3845,-0.3114,-0.2636,-0.2551,-0.2747,-0.3045,-0.6473,-0.6372,-0.6219,-0.6011,-0.5753,-0.545,-0.5109,-0.4727,-0.4317,-0.3924,-0.3653,-0.36,-0.3777,-0.3821,-0.3561,-0.3517,-0.3294,-0.1136,0.1251,-0.0704,-0.076,-0.1204,-0.2705,-0.4265,-0.5809,-0.7246,-0.7686,-0.6921,-0.5823,-0.4661,-0.3355,-0.2047,-0.1322,-0.145,-0.2002,-0.2573,-0.6193,-0.6081,-0.593,-0.5738,-0.5508,-0.5245,-0.4955,-0.4645,-0.4335,-0.4057,-0.3855,-0.3747,-0.3686,-0.3469,-0.265,-0.2277,-0.2583,-0.1074,0.0269,-0.1005,-0.1786,-0.2538,-0.3609,-0.5073,-0.7181,-0.9952,-1.056,-0.835,-0.638,-0.4677,-0.2745,-0.0638,0.0365,-0.0248,-0.1318,-0.219,-0.5971,-0.5857,-0.5712,-0.5537,-0.5334,-0.5107,-0.4864,-0.4612,-0.4368,-0.4149,-0.3971,-0.3827,-0.3668,-0.3353,-0.2712,-0.2457,-0.2591,-0.196,-0.1233,-0.1064,-0.2098,-0.3141,-0.4167,-0.55,-0.7572,-1.0496,-1.1132,-0.8532,-0.6485,-0.4654,-0.2534,-0.0057,0.1072,0.0193,-0.109,-0.2061,-0.5794,-0.5682,-0.5547,-0.5389,-0.521,-0.5015,-0.481,-0.4602,-0.4401,-0.4217,-0.4052,-0.3899,-0.3725,-0.3483,-0.3183,-0.2996,-0.2849,-0.2462,-0.1922,-0.1864,-0.2739,-0.3725,-0.4519,-0.5474,-0.6922,-0.8351,-0.8663,-0.7864,-0.609,-0.4473,-0.2914,-0.1149,-0.0198,-0.0609,-0.1481,-0.2241,-0.5653,-0.5546,-0.5421,-0.5279,-0.5122,-0.4953,-0.4778,-0.4603,-0.4432,-0.4272,-0.4123,-0.3978,-0.3823,-0.3648,-0.3468,-0.3313,-0.3157,-0.2955,-0.2798,-0.2964,-0.362,-0.4413,-0.478,-0.5248,-0.6279,-0.7542,-0.8711,-0.7497,-0.4745,-0.3624,-0.3111,-0.2357,-0.1779,-0.1782,-0.2158,-0.2607,-0.5539,-0.5439,-0.5324,-0.5197,-0.5058,-0.4912,-0.4761,-0.4611,-0.4464,-0.4323,-0.419,-0.406,-0.393,-0.3797,-0.3668,-0.3552,-0.3448,-0.337,-0.3387,-0.3624,-0.4156,-0.4769,-0.4895,-0.5063,-0.5718,-0.6475,-0.6705,-0.475,-0.1784,-0.2088,-0.2827,-0.2877,-0.2686,-0.2629,-0.2762,-0.2994,-0.5448,-0.5354,-0.525,-0.5135,-0.5013,-0.4885,-0.4754,-0.4623,-0.4495,-0.4372,-0.4255,-0.4142,-0.4033,-0.3928,-0.3832,-0.3751,-0.3692,-0.3678,-0.3747,-0.3953,-0.4301,-0.4659,-0.4815,-0.4967,-0.5279,-0.5481,-0.5047,-0.3294,-0.1371,-0.1797,-0.2718,-0.3082,-0.313,-0.3131,-0.3194,-0.3318]},{"header":{"la1":42.85,"la2":41.18,"lo1":11.55,"lo2":14.05,"nx":36,"ny":24,"dx":0.07143,"dy":0.07261,"parameterCategory":2,"parameterNumber":3,"parameterNumberName":"northward_wind","parameterUnit":"m.s-1"},"data":[-0.626,-0.6256,-0.6237,-0.62,-0.6146,-0.6077,-0.5998,-0.5912,-0.5823,-0.5726,-0.5615,-0.5481,-0.5319,-0.5129,-0.4914,-0.4684,-0.4452,-0.4233,-0.4044,-0.3894,-0.3787,-0.3717,-0.3673,-0.3649,-0.3639,-0.3643,-0.366,-0.3688,-0.3727,-0.3774,-0.3827,-0.3886,-0.3947,-0.4011,-0.4075,-0.4138,-0.6357,-0.6361,-0.6344,-0.6304,-0.624,-0.6154,-0.6057,-0.5959,-0.5869,-0.5781,-0.5681,-0.5551,-0.5381,-0.5168,-0.4918,-0.4641,-0.4357,-0.409,-0.3867,-0.3707,-0.361,-0.3559,-0.3532,-0.3516,-0.3511,-0.3519,-0.3542,-0.3579,-0.3628,-0.3687,-0.3752,-0.3822,-0.3896,-0.3971,-0.4045,-0.4118,-0.6466,-0.6481,-0.647,-0.6425,-0.6341,-0.6223,-0.6088,-0.5963,-0.5872,-0.581,-0.5744,-0.5636,-0.5465,-0.523,-0.4936,-0.4598,-0.424,-0.3903,-0.3636,-0.3476,-0.3419,-0.3419,-0.342,-0.3403,-0.3388,-0.3392,-0.3418,-0.3464,-0.3524,-0.3596,-0.3675,-0.376,-0.3847,-0.3934,-0.402,-0.4104,-0.6587,-0.6622,-0.6624,-0.6573,-0.6459,-0.6281,-0.6063,-0.5866,-0.5767,-0.5773,-0.5794,-0.574,-0.5583,-0.5326,-0.4982,-0.4564,-0.4098,-0.3647,-0.331,-0.3175,-0.3239,-0.3376,-0.3409,-0.3339,-0.3275,-0.3259,-0.3285,-0.334,-0.3414,-0.3502,-0.3597,-0.3698,-0.3801,-0.3904,-0.4003,-0.4098,-0.6721,-0.6795,-0.6826,-0.6777,-0.6619,-0.6339,-0.5945,-0.5547,-0.5404,-0.5591,-0.5821,-0.5879,-0.575,-0.5476,-0.508,-0.4566,-0.3943,-0.3286,-0.28,-0.2722,-0.3084,-0.3593,-0.3616,-0.3331,-0.3153,-0.3106,-0.3136,-0.3205,-0.3297,-0.3404,-0.3519,-0.364,-0.3762,-0.3882,-0.3996,-0.4104,-0.6864,-0.7009,-0.711,-0.7085,-0.6876,-0.6456,-0.5752,-0.4826,-0.448,-0.5179,-0.5869,-0.6094,-0.5992,-0.5702,-0.5267,-0.466,-0.3837,-0.2828,-0.1967,-0.1934,-0.271,-0.3814,-0.3767,-0.3198,-0.2948,-0.2909,-0.2961,-0.3055,-0.3171,-0.3302,-0.3442,-0.3587,-0.3731,-0.3871,-0.4004,-0.4126,-0.6995,-0.7269,-0.7543,-0.7603,-0.7308,-0.6754,-0.5791,-0.4083,-0.3249,-0.4914,-0.6156,-0.6461,-0.6331,-0.6026,-0.5592,-0.4944,-0.3959,-0.2581,-0.1207,-0.1195,-0.1742,-0.2517,-0.28,-0.2633,-0.2589,-0.2651,-0.2757,-0.2886,-0.3034,-0.3196,-0.3368,-0.3542,-0.3714,-0.3878,-0.4031,-0.4169,-0.7053,-0.7517,-0.8207,-0.8557,-0.7942,-0.7238,-0.6562,-0.5324,-0.4735,-0.6124,-0.701,-0.7035,-0.6756,-0.645,-0.6118,-0.5539,-0.4493,-0.3047,-0.1715,-0.1045,0.0129,0.0007,-0.1135,-0.1808,-0.2145,-0.2355,-0.2526,-0.2698,-0.2884,-0.3086,-0.3297,-0.351,-0.3717,-0.391,-0.4085,-0.4239,-0.6917,-0.7463,-0.8764,-0.9969,-0.8318,-0.7495,-0.7705,-0.7901,-0.8236,-0.866,-0.8407,-0.7747,-0.7194,-0.6938,-0.6965,-0.6663,-0.5418,-0.3834,-0.2273,-0.0162,0.337,0.2718,0.0093,-0.1205,-0.177,-0.2059,-0.2268,-0.2479,-0.2714,-0.297,-0.3236,-0.3499,-0.3748,-0.3975,-0.4176,-0.4347,-0.6518,-0.6644,-0.7187,-0.7627,-0.6135,-0.701,-0.874,-1.0254,-1.1809,-1.2111,-1.0159,-0.8399,-0.7506,-0.734,-0.8242,-0.881,-0.6417,-0.4424,-0.2809,-0.0706,0.197,0.1749,-0.0047,-0.1064,-0.1512,-0.1742,-0.1948,-0.2205,-0.2513,-0.2849,-0.3191,-0.3519,-0.3822,-0.409,-0.4318,-0.4505,-0.6048,-0.546,-0.3845,0.0016,-0.0829,-0.6274,-0.9993,-1.2282,-1.529,-1.6852,-1.1603,-0.8652,-0.7603,-0.7437,-0.8146,-0.8858,-0.6206,-0.4469,-0.3324,-0.2072,-0.0839,-0.0488,-0.0832,-0.1124,-0.1215,-0.1274,-0.1472,-0.1828,-0.2269,-0.273,-0.3178,-0.3593,-0.3963,-0.4277,-0.4533,-0.473,-0.584,-0.5039,-0.3202,-0.0184,-0.1358,-0.7386,-1.2106,-1.4594,-1.4686,-1.4598,-1.0744,-0.828,-0.7582,-0.7862,-0.7422,-0.61,-0.4801,-0.4126,-0.3685,-0.282,-0.1975,-0.1458,-0.1209,-0.0957,-0.0591,-0.0399,-0.0691,-0.1307,-0.1991,-0.2639,-0.3229,-0.3754,-0.4204,-0.457,-0.4849,-0.5046,-0.5968,-0.5476,-0.4695,-0.4178,-0.5705,-0.9477,-1.372,-1.7758,-1.4692,-1.1704,-0.9122,-0.7698,-0.7384,-0.8369,-0.7575,-0.4231,-0.3207,-0.4356,-0.4375,-0.2954,-0.2063,-0.1494,-0.1066,-0.0448,0.0582,0.1186,0.0473,-0.0705,-0.1753,-0.2634,-0.3395,-0.4053,-0.4598,-0.5016,-0.5307,-0.5484,-0.625,-0.612,-0.607,-0.6461,-0.7789,-1.0061,-1.2678,-1.4366,-1.327,-1.0143,-0.7997,-0.7433,-0.7396,-0.6754,-0.4445,-0.093,-0.0588,-0.2424,-0.3161,-0.2242,-0.1348,-0.0832,-0.0581,0.0065,0.1713,0.2816,0.1417,-0.0354,-0.1707,-0.2799,-0.3747,-0.4567,-0.5226,-0.5692,-0.5966,-0.6081,-0.6503,-0.6583,-0.6806,-0.7324,-0.8258,-0.9524,-1.0762,-1.128,-1.0277,-0.8324,-0.692,-0.6345,-0.5902,-0.4977,-0.3039,0.0301,0.6725,0.0829,-0.1338,-0.0882,0.0621,0.0887,0.0212,0.0168,0.1193,0.1962,0.0906,-0.0621,-0.1965,-0.3197,-0.4365,-0.5409,-0.6218,-0.6713,-0.6908,-0.6885,-0.6653,-0.681,-0.7074,-0.7495,-0.8074,-0.8707,-0.9156,-0.9081,-0.8267,-0.7007,-0.6054,-0.5297,-0.5334,-0.4895,-0.3162,0.0595,0.4512,0.0503,-0.1267,0.0495,0.5214,0.423,0.1181,0.0091,0.0144,0.0287,-0.0196,-0.117,-0.2403,-0.3819,-0.5337,-0.6758,-0.779,-0.8258,-0.8235,-0.7932,-0.6701,-0.686,-0.7083,-0.7373,-0.77,-0.798,-0.8079,-0.7857,-0.7279,-0.6522,-0.5986,-0.564,-0.558,-0.5465,-0.4064,-0.2403,-0.1586,-0.2828,-0.3636,-0.058,0.5805,0.4551,0.1111,-0.0119,-0.0239,-0.0119,-0.0382,-0.1289,-0.2734,-0.4592,-0.677,-0.8908,-1.0305,-1.0571,-1.0033,-0.9215,-0.6672,-0.6806,-0.6968,-0.7149,-0.7317,-0.7418,-0.7384,-0.7166,-0.6779,-0.6331,-0.5962,-0.5698,-0.5663,-0.5577,-0.4992,-0.4548,-0.4288,-0.6315,-0.9048,-0.4443,-0.0467,0.0471,-0.023,-0.0496,0.004,0.1025,0.1052,-0.0545,-0.2789,-0.5424,-0.8711,-1.221,-1.4194,-1.3799,-1.2214,-1.0591,-0.6597,-0.6697,-0.6805,-0.6907,-0.6982,-0.6995,-0.6917,-0.6732,-0.6459,-0.6153,-0.5871,-0.5645,-0.5508,-0.5487,-0.6122,-0.6488,-0.5386,-0.6408,-0.7634,-0.5172,-0.3218,-0.1936,-0.1419,-0.0851,0.0718,0.3894,0.4556,0.068,-0.2822,-0.6177,-1.0725,-1.6261,-1.9,-1.7246,-1.4186,-1.1697,-0.6497,-0.6566,-0.6631,-0.6681,-0.6702,-0.6674,-0.6583,-0.6427,-0.622,-0.5989,-0.5765,-0.5574,-0.5454,-0.5515,-0.6031,-0.6195,-0.5421,-0.5293,-0.5066,-0.4868,-0.391,-0.2795,-0.2078,-0.1341,0.0318,0.4151,0.5041,-0.0338,-0.3574,-0.6631,-1.1378,-1.7872,-2.0989,-1.8494,-1.4831,-1.2058,-0.6387,-0.643,-0.6464,-0.648,-0.647,-0.6422,-0.6331,-0.6196,-0.6028,-0.5843,-0.5658,-0.5495,-0.5382,-0.5364,-0.5441,-0.5375,-0.5073,-0.4838,-0.4695,-0.4473,-0.3688,-0.2783,-0.2259,-0.1977,-0.1619,-0.1842,-0.4524,-0.4722,-0.5013,-0.6714,-1.0011,-1.4711,-1.7365,-1.6178,-1.3681,-1.1517,-0.6276,-0.6298,-0.631,-0.6305,-0.6277,-0.622,-0.6132,-0.6013,-0.5871,-0.5715,-0.5557,-0.541,-0.5289,-0.5202,-0.5127,-0.4997,-0.4788,-0.4555,-0.4299,-0.3882,-0.3077,-0.2047,-0.1717,-0.221,-0.2983,-0.4851,-0.7672,-0.6628,-0.6048,-0.6663,-0.8255,-1.0788,-1.2638,-1.2705,-1.167,-1.0423,-0.6168,-0.6176,-0.6172,-0.6153,-0.6115,-0.6054,-0.597,-0.5863,-0.5738,-0.5602,-0.5462,-0.5325,-0.5197,-0.5077,-0.4952,-0.4797,-0.4599,-0.4354,-0.4031,-0.3524,-0.264,-0.1388,-0.106,-0.2124,-0.3336,-0.4747,-0.5964,-0.6252,-0.6692,-0.6719,-0.7244,-0.8499,-0.9654,-1.0081,-0.9831,-0.9253,-0.6067,-0.6064,-0.6049,-0.6022,-0.5978,-0.5916,-0.5835,-0.5738,-0.5626,-0.5504,-0.5376,-0.5246,-0.5116,-0.4985,-0.4843,-0.468,-0.4483,-0.4239,-0.3916,-0.345,-0.2766,-0.1983,-0.1808,-0.2518,-0.349,-0.4477,-0.5354,-0.6139,-0.6758,-0.6698,-0.682,-0.7411,-0.8074,-0.846,-0.8489,-0.8264]}]