docs/data/wind_grid.json
{"header": {"la1":42.1,"la2":41.55,"lo1":12.1,"lo2":12.95,"nx":50,"ny":50,"dx":0.01735,"dy":0.01122,"parameterCategory":2,"parameterNumber":2,"parameterNumberName":"eastward_wind","parameterUnit":"m.s-1"}, "data":
[rows 0 to 39 of 50, columns 0 to 49 of 50]
-1.2047,-1.2019,-1.1986,-1.1945,-1.1898,-1.1844,-1.1781,-1.171,-1.1631,-1.1543,-1.1447,-1.1343,-1.1231,-1.1111,-1.0986,-1.0855,-1.072,-1.0581,-1.044,-1.0295,-1.0146,-0.9992,-0.9829,-0.9655,-0.9465,-0.9256,-0.9023,-0.8763,-0.8472,-0.8151,-0.7797,-0.7415,-0.7009,-0.6585,-0.6156,-0.5733,-0.5333,-0.4972,-0.4664,-0.442,-0.4248,-0.4147,-0.4113,-0.4139,-0.4214,-0.4327,-0.4469,-0.4629,-0.4802,-0.498
-1.2106,-1.208,-1.2047,-1.2008,-1.1962,-1.1907,-1.1845,-1.1773,-1.1693,-1.1603,-1.1504,-1.1396,-1.128,-1.1156,-1.1026,-1.089,-1.075,-1.0607,-1.0462,-1.0315,-1.0165,-1.001,-0.9848,-0.9675,-0.9487,-0.9277,-0.9042,-0.8776,-0.8477,-0.8143,-0.7772,-0.7368,-0.6935,-0.648,-0.6016,-0.5557,-0.5122,-0.473,-0.4397,-0.4138,-0.396,-0.3863,-0.3841,-0.3885,-0.3982,-0.4119,-0.4284,-0.4467,-0.4659,-0.4856
-1.2166,-1.2142,-1.2111,-1.2073,-1.2028,-1.1974,-1.1911,-1.1839,-1.1757,-1.1665,-1.1564,-1.1452,-1.1331,-1.1203,-1.1067,-1.0925,-1.0779,-1.0631,-1.0482,-1.0332,-1.018,-1.0026,-0.9866,-0.9695,-0.9508,-0.93,-0.9063,-0.8794,-0.8487,-0.814,-0.7753,-0.7326,-0.6865,-0.6377,-0.5876,-0.5377,-0.4903,-0.4475,-0.4115,-0.384,-0.3656,-0.3565,-0.3559,-0.3624,-0.3745,-0.3908,-0.4099,-0.4306,-0.452,-0.4736
-1.2229,-1.2206,-1.2177,-1.2141,-1.2097,-1.2043,-1.1981,-1.1908,-1.1825,-1.1731,-1.1626,-1.1511,-1.1385,-1.125,-1.1108,-1.096,-1.0807,-1.0653,-1.0499,-1.0345,-1.0192,-1.0039,-0.9881,-0.9713,-0.953,-0.9324,-0.9088,-0.8816,-0.8502,-0.8144,-0.774,-0.7291,-0.6801,-0.6278,-0.5737,-0.5195,-0.4678,-0.4211,-0.3821,-0.3527,-0.3339,-0.3255,-0.3267,-0.3357,-0.3507,-0.3698,-0.3917,-0.4149,-0.4386,-0.4622
-1.2293,-1.2273,-1.2246,-1.2211,-1.2168,-1.2116,-1.2054,-1.1981,-1.1897,-1.1801,-1.1692,-1.1572,-1.1441,-1.13,-1.115,-1.0994,-1.0833,-1.0672,-1.0511,-1.0353,-1.0199,-1.0046,-0.9891,-0.9729,-0.9551,-0.9349,-0.9115,-0.8842,-0.8523,-0.8155,-0.7735,-0.7263,-0.6744,-0.6186,-0.5602,-0.5014,-0.4449,-0.3939,-0.3516,-0.3202,-0.301,-0.2937,-0.2969,-0.3088,-0.3269,-0.3492,-0.374,-0.3999,-0.4259,-0.4515
-1.2359,-1.2341,-1.2317,-1.2284,-1.2243,-1.2192,-1.2131,-1.2058,-1.1972,-1.1874,-1.1762,-1.1638,-1.15,-1.1352,-1.1193,-1.1028,-1.0858,-1.0687,-1.0519,-1.0356,-1.0199,-1.0047,-0.9897,-0.9741,-0.957,-0.9375,-0.9146,-0.8873,-0.855,-0.8173,-0.7738,-0.7246,-0.6698,-0.6104,-0.5476,-0.4838,-0.4221,-0.3664,-0.3203,-0.2868,-0.2673,-0.2612,-0.267,-0.282,-0.3036,-0.3293,-0.3572,-0.3858,-0.4142,-0.4417
-1.2427,-1.2412,-1.239,-1.236,-1.2321,-1.2272,-1.2211,-1.2139,-1.2052,-1.1952,-1.1837,-1.1707,-1.1563,-1.1406,-1.1238,-1.1061,-1.088,-1.0698,-1.052,-1.035,-1.019,-1.004,-0.9894,-0.9747,-0.9586,-0.9401,-0.9178,-0.8908,-0.8584,-0.8199,-0.7751,-0.7239,-0.6665,-0.6034,-0.5362,-0.4672,-0.4,-0.3391,-0.289,-0.2532,-0.2333,-0.2289,-0.2375,-0.256,-0.2813,-0.3105,-0.3416,-0.3729,-0.4036,-0.4331
-1.2497,-1.2485,-1.2466,-1.2439,-1.2403,-1.2356,-1.2296,-1.2224,-1.2137,-1.2035,-1.1916,-1.1781,-1.163,-1.1464,-1.1285,-1.1095,-1.09,-1.0705,-1.0515,-1.0335,-1.017,-1.0021,-0.9883,-0.9746,-0.9598,-0.9425,-0.9212,-0.8947,-0.8623,-0.8233,-0.7774,-0.7245,-0.6646,-0.5982,-0.5267,-0.4524,-0.3794,-0.3129,-0.2583,-0.2201,-0.2,-0.1973,-0.2091,-0.2314,-0.2606,-0.2934,-0.3276,-0.3617,-0.3945,-0.4257
-1.2568,-1.256,-1.2545,-1.2521,-1.2488,-1.2443,-1.2386,-1.2314,-1.2227,-1.2123,-1.2001,-1.1861,-1.1702,-1.1526,-1.1334,-1.113,-1.0919,-1.0707,-1.0501,-1.0309,-1.0137,-0.9988,-0.9858,-0.9735,-0.9604,-0.9447,-0.9247,-0.899,-0.8668,-0.8275,-0.7808,-0.7265,-0.6645,-0.5952,-0.5196,-0.4401,-0.3612,-0.2888,-0.2295,-0.1886,-0.1684,-0.1677,-0.1828,-0.2091,-0.2422,-0.2786,-0.3158,-0.3523,-0.3871,-0.4199
-1.2642,-1.2638,-1.2627,-1.2607,-1.2577,-1.2535,-1.248,-1.241,-1.2323,-1.2218,-1.2093,-1.1947,-1.1781,-1.1594,-1.1388,-1.1167,-1.0937,-1.0703,-1.0477,-1.0269,-1.0088,-0.9938,-0.9817,-0.9712,-0.9602,-0.9466,-0.9282,-0.9036,-0.8718,-0.8325,-0.7852,-0.7299,-0.6664,-0.5947,-0.5156,-0.4314,-0.3466,-0.2682,-0.2039,-0.1603,-0.14,-0.1413,-0.1599,-0.19,-0.2269,-0.2666,-0.3065,-0.3452,-0.3817,-0.4158
-1.2717,-1.2718,-1.2711,-1.2695,-1.2669,-1.2631,-1.2579,-1.2511,-1.2426,-1.232,-1.2192,-1.2041,-1.1867,-1.1668,-1.1447,-1.1207,-1.0954,-1.0696,-1.0444,-1.0213,-1.0018,-0.9866,-0.9757,-0.9673,-0.9591,-0.948,-0.9317,-0.9085,-0.8774,-0.8381,-0.7906,-0.7348,-0.6704,-0.5972,-0.5155,-0.4272,-0.3371,-0.2527,-0.1835,-0.137,-0.1164,-0.1197,-0.1415,-0.1753,-0.2155,-0.258,-0.3002,-0.3406,-0.3785,-0.4136
-1.2794,-1.2799,-1.2797,-1.2787,-1.2765,-1.2732,-1.2684,-1.2619,-1.2535,-1.2429,-1.23,-1.2144,-1.1962,-1.1751,-1.1514,-1.1253,-1.0974,-1.0685,-1.0401,-1.014,-0.9923,-0.9767,-0.9671,-0.9616,-0.9568,-0.949,-0.9352,-0.9136,-0.8833,-0.8444,-0.7969,-0.7411,-0.6766,-0.6029,-0.5198,-0.4286,-0.334,-0.2443,-0.1702,-0.1208,-0.0998,-0.1047,-0.1292,-0.166,-0.2088,-0.2535,-0.2974,-0.339,-0.3778,-0.4134
-1.2873,-1.2883,-1.2886,-1.2881,-1.2865,-1.2837,-1.2794,-1.2733,-1.2652,-1.2547,-1.2417,-1.2258,-1.2067,-1.1845,-1.1591,-1.1307,-1.0998,-1.0673,-1.0348,-1.0047,-0.98,-0.9634,-0.9554,-0.9536,-0.9533,-0.9496,-0.9388,-0.919,-0.8896,-0.851,-0.8039,-0.7486,-0.6849,-0.6119,-0.5288,-0.4364,-0.3388,-0.2448,-0.1663,-0.114,-0.0922,-0.0981,-0.1244,-0.1631,-0.2076,-0.2535,-0.2982,-0.3404,-0.3795,-0.4154
-1.2953,-1.2969,-1.2978,-1.2979,-1.2969,-1.2947,-1.291,-1.2854,-1.2777,-1.2675,-1.2544,-1.2383,-1.2186,-1.1952,-1.1681,-1.1372,-1.1031,-1.0665,-1.029,-0.9935,-0.9644,-0.946,-0.9399,-0.943,-0.9485,-0.9498,-0.9425,-0.9246,-0.8962,-0.858,-0.8113,-0.757,-0.6949,-0.624,-0.5428,-0.4511,-0.3524,-0.2557,-0.1738,-0.1187,-0.0956,-0.1014,-0.1282,-0.1675,-0.2124,-0.2584,-0.3031,-0.3451,-0.3839,-0.4195
-1.3034,-1.3056,-1.3072,-1.3079,-1.3077,-1.3062,-1.3031,-1.2982,-1.291,-1.2812,-1.2683,-1.252,-1.2319,-1.2075,-1.1787,-1.1455,-1.1079,-1.0667,-1.0232,-0.9807,-0.9452,-0.9238,-0.9201,-0.9298,-0.9428,-0.9502,-0.9467,-0.9307,-0.9029,-0.8649,-0.8188,-0.7658,-0.7062,-0.6388,-0.5613,-0.4727,-0.3754,-0.2779,-0.194,-0.1365,-0.1114,-0.1158,-0.1415,-0.1796,-0.2234,-0.2684,-0.312,-0.353,-0.391,-0.4258
-1.3116,-1.3145,-1.3167,-1.3183,-1.3188,-1.3181,-1.3158,-1.3116,-1.3052,-1.2959,-1.2835,-1.2673,-1.2468,-1.2216,-1.1914,-1.1558,-1.1149,-1.0689,-1.0186,-0.9672,-0.9225,-0.8961,-0.8955,-0.9142,-0.937,-0.9514,-0.9518,-0.9374,-0.9098,-0.8717,-0.8259,-0.7746,-0.7182,-0.6554,-0.5836,-0.5004,-0.4071,-0.3115,-0.2271,-0.1677,-0.14,-0.1415,-0.1642,-0.1995,-0.2406,-0.2832,-0.3248,-0.3641,-0.4006,-0.4341
-1.3198,-1.3234,-1.3265,-1.3288,-1.3302,-1.3304,-1.329,-1.3258,-1.3202,-1.3117,-1.2999,-1.2841,-1.2636,-1.2379,-1.2065,-1.169,-1.125,-1.0744,-1.017,-0.955,-0.8974,-0.8628,-0.8662,-0.8976,-0.9325,-0.9545,-0.9585,-0.9449,-0.9169,-0.8781,-0.8323,-0.7826,-0.7299,-0.673,-0.6084,-0.5328,-0.4462,-0.3549,-0.272,-0.2114,-0.1805,-0.1777,-0.1957,-0.2265,-0.2635,-0.3026,-0.3412,-0.3781,-0.4125,-0.4444
-1.3281,-1.3325,-1.3363,-1.3395,-1.3419,-1.3431,-1.3428,-1.3406,-1.3361,-1.3286,-1.3176,-1.3025,-1.2824,-1.2565,-1.2244,-1.1854,-1.1391,-1.0848,-1.0213,-0.948,-0.8735,-0.826,-0.8347,-0.8834,-0.9323,-0.9613,-0.9673,-0.9534,-0.9239,-0.8837,-0.8375,-0.7893,-0.7406,-0.6901,-0.634,-0.5678,-0.49,-0.4054,-0.3259,-0.265,-0.2308,-0.2226,-0.2347,-0.2596,-0.2914,-0.326,-0.3609,-0.3947,-0.4266,-0.4565
-1.3364,-1.3415,-1.3462,-1.3504,-1.3538,-1.3561,-1.3569,-1.356,-1.3527,-1.3465,-1.3367,-1.3226,-1.3032,-1.2778,-1.2454,-1.2056,-1.158,-1.1018,-1.0347,-0.9527,-0.8593,-0.793,-0.8085,-0.8786,-0.9407,-0.9735,-0.9792,-0.9631,-0.9309,-0.8883,-0.841,-0.7939,-0.7491,-0.7054,-0.6586,-0.603,-0.5355,-0.4594,-0.3849,-0.3248,-0.2875,-0.2737,-0.279,-0.2973,-0.3231,-0.3526,-0.3832,-0.4135,-0.4426,-0.4701
-1.3446,-1.3505,-1.3561,-1.3613,-1.3658,-1.3693,-1.3715,-1.3719,-1.3701,-1.3654,-1.357,-1.3443,-1.3262,-1.3016,-1.2698,-1.2299,-1.1821,-1.1262,-1.0603,-0.9773,-0.872,-0.7849,-0.8071,-0.8957,-0.9626,-0.9929,-0.9942,-0.9738,-0.9376,-0.8916,-0.8424,-0.7958,-0.7546,-0.7178,-0.6803,-0.6357,-0.5794,-0.5129,-0.4447,-0.3865,-0.3469,-0.3278,-0.3264,-0.3379,-0.3574,-0.3814,-0.4075,-0.434,-0.46,-0.485
-1.3527,-1.3595,-1.366,-1.3722,-1.3779,-1.3827,-1.3863,-1.3883,-1.388,-1.385,-1.3785,-1.3675,-1.3512,-1.3282,-1.2975,-1.2584,-1.2114,-1.1581,-1.0989,-1.0286,-0.9351,-0.845,-0.866,-0.9487,-1.0015,-1.0197,-1.0124,-0.9854,-0.9437,-0.8933,-0.8414,-0.7947,-0.7566,-0.726,-0.6976,-0.6637,-0.6185,-0.5621,-0.5011,-0.4461,-0.4053,-0.3819,-0.3746,-0.3796,-0.393,-0.4116,-0.4331,-0.4557,-0.4786,-0.5009
-1.3607,-1.3683,-1.3758,-1.3831,-1.3899,-1.3961,-1.4012,-1.4048,-1.4064,-1.4053,-1.4008,-1.3921,-1.3781,-1.3574,-1.3286,-1.2909,-1.2454,-1.1958,-1.1474,-1.1028,-1.0571,-1.0121,-1.0122,-1.0404,-1.0552,-1.0522,-1.0324,-0.9971,-0.949,-0.8935,-0.8382,-0.7905,-0.7547,-0.7297,-0.7095,-0.6855,-0.6509,-0.6043,-0.5512,-0.5004,-0.4599,-0.4337,-0.4215,-0.4209,-0.4288,-0.4423,-0.4593,-0.4782,-0.4979,-0.5176
-1.3684,-1.3768,-1.3853,-1.3937,-1.4018,-1.4094,-1.4161,-1.4215,-1.425,-1.426,-1.4237,-1.4176,-1.4064,-1.3888,-1.363,-1.3274,-1.2834,-1.237,-1.1991,-1.1827,-1.1982,-1.2254,-1.1962,-1.1467,-1.1141,-1.0864,-1.0527,-1.0083,-0.9534,-0.8924,-0.8331,-0.7839,-0.7496,-0.7292,-0.7159,-0.7006,-0.6755,-0.6383,-0.5931,-0.5475,-0.5087,-0.4812,-0.4656,-0.4605,-0.4637,-0.4727,-0.4857,-0.501,-0.5176,-0.5347
-1.3758,-1.3851,-1.3946,-1.4041,-1.4135,-1.4225,-1.4309,-1.4381,-1.4435,-1.4466,-1.4468,-1.4435,-1.4357,-1.4221,-1.4002,-1.3676,-1.3249,-1.2796,-1.2471,-1.2481,-1.2983,-1.3595,-1.3212,-1.2313,-1.1656,-1.1176,-1.0714,-1.0184,-0.9568,-0.8904,-0.8272,-0.776,-0.7424,-0.7254,-0.7177,-0.7095,-0.6926,-0.6641,-0.6267,-0.5868,-0.551,-0.5235,-0.5059,-0.4976,-0.497,-0.5022,-0.5116,-0.5236,-0.5374,-0.5521
-1.383,-1.393,-1.4034,-1.414,-1.4247,-1.4352,-1.4452,-1.4542,-1.4617,-1.467,-1.4696,-1.4692,-1.4652,-1.4565,-1.4399,-1.4113,-1.3698,-1.3227,-1.2885,-1.2908,-1.3409,-1.3949,-1.364,-1.2775,-1.2016,-1.1421,-1.0868,-1.0268,-0.9596,-0.8886,-0.8217,-0.7685,-0.7349,-0.7201,-0.7165,-0.7138,-0.7037,-0.6827,-0.6526,-0.6187,-0.5866,-0.5605,-0.5422,-0.5318,-0.5283,-0.5304,-0.5367,-0.5459,-0.5571,-0.5695
-1.3897,-1.4005,-1.4118,-1.4235,-1.4354,-1.4474,-1.459,-1.4698,-1.4793,-1.4867,-1.4916,-1.4939,-1.494,-1.491,-1.4812,-1.4583,-1.4182,-1.3671,-1.3249,-1.316,-1.3474,-1.3814,-1.3596,-1.2922,-1.2214,-1.1588,-1.0983,-1.0335,-0.9622,-0.8877,-0.8182,-0.7634,-0.7294,-0.7156,-0.7143,-0.7154,-0.7105,-0.6958,-0.6724,-0.6443,-0.6163,-0.5923,-0.5742,-0.5627,-0.5573,-0.557,-0.5607,-0.5675,-0.5764,-0.5867
-1.3959,-1.4075,-1.4197,-1.4323,-1.4454,-1.4587,-1.4719,-1.4846,-1.4959,-1.5052,-1.5121,-1.5169,-1.5209,-1.5245,-1.5233,-1.5078,-1.47,-1.4139,-1.3601,-1.334,-1.3421,-1.3567,-1.3396,-1.2897,-1.229,-1.1682,-1.106,-1.0387,-0.9651,-0.8889,-0.8181,-0.7623,-0.7277,-0.7138,-0.7133,-0.7164,-0.7151,-0.7054,-0.6876,-0.6648,-0.641,-0.6195,-0.6024,-0.5905,-0.5839,-0.5818,-0.5836,-0.5882,-0.5951,-0.6036
-1.4017,-1.4139,-1.4269,-1.4404,-1.4546,-1.4692,-1.4839,-1.4981,-1.5112,-1.5223,-1.5306,-1.5371,-1.5447,-1.5554,-1.5644,-1.5581,-1.5238,-1.463,-1.397,-1.3529,-1.3392,-1.337,-1.3199,-1.2809,-1.2293,-1.1723,-1.1107,-1.0429,-0.9689,-0.8928,-0.8222,-0.7663,-0.7311,-0.7162,-0.715,-0.7185,-0.7192,-0.7131,-0.6998,-0.6817,-0.6617,-0.6429,-0.6271,-0.6155,-0.6082,-0.6049,-0.6051,-0.6081,-0.6133,-0.6201
-1.4068,-1.4197,-1.4333,-1.4477,-1.4628,-1.4786,-1.4946,-1.5103,-1.525,-1.5374,-1.5467,-1.554,-1.564,-1.5822,-1.6028,-1.6066,-1.576,-1.5115,-1.4352,-1.3754,-1.3433,-1.3266,-1.3059,-1.2719,-1.2265,-1.1733,-1.1135,-1.0467,-0.974,-0.8995,-0.8305,-0.7754,-0.7397,-0.7233,-0.7203,-0.723,-0.7243,-0.7204,-0.7105,-0.696,-0.6795,-0.6632,-0.649,-0.6379,-0.6304,-0.6263,-0.6253,-0.6269,-0.6307,-0.6361
-1.4114,-1.4247,-1.4389,-1.454,-1.47,-1.4866,-1.5038,-1.5208,-1.5368,-1.5504,-1.5601,-1.5669,-1.5779,-1.6032,-1.6358,-1.6486,-1.6208,-1.5541,-1.4712,-1.4002,-1.3538,-1.3248,-1.2984,-1.2653,-1.2232,-1.173,-1.1153,-1.0506,-0.9803,-0.9087,-0.8424,-0.7889,-0.753,-0.7347,-0.7294,-0.7301,-0.7309,-0.7281,-0.7205,-0.7089,-0.6952,-0.6812,-0.6685,-0.6582,-0.6507,-0.6461,-0.6443,-0.6448,-0.6474,-0.6515
-1.4153,-1.429,-1.4437,-1.4593,-1.4759,-1.4933,-1.5113,-1.5293,-1.5464,-1.5608,-1.5705,-1.5758,-1.5856,-1.6167,-1.6596,-1.6782,-1.6518,-1.585,-1.5004,-1.4236,-1.3675,-1.3287,-1.2963,-1.2616,-1.2207,-1.1725,-1.117,-1.0549,-0.9879,-0.92,-0.8571,-0.8057,-0.7698,-0.7497,-0.7417,-0.74,-0.7395,-0.7368,-0.7305,-0.721,-0.7095,-0.6974,-0.6861,-0.6766,-0.6693,-0.6645,-0.6621,-0.6618,-0.6633,-0.6664
-1.4185,-1.4325,-1.4475,-1.4635,-1.4805,-1.4985,-1.517,-1.5357,-1.5534,-1.5684,-1.5779,-1.5811,-1.588,-1.621,-1.6693,-1.6897,-1.6644,-1.6009,-1.5195,-1.4422,-1.3811,-1.3355,-1.2977,-1.2606,-1.2195,-1.1725,-1.1191,-1.0599,-0.9965,-0.9327,-0.8736,-0.8245,-0.7889,-0.7672,-0.7565,-0.7522,-0.75,-0.7467,-0.741,-0.7328,-0.7229,-0.7124,-0.7023,-0.6936,-0.6866,-0.6816,-0.6788,-0.6778,-0.6785,-0.6807
-1.421,-1.4352,-1.4504,-1.4666,-1.4839,-1.502,-1.5209,-1.5398,-1.5578,-1.5728,-1.5821,-1.5838,-1.5872,-1.6167,-1.6627,-1.6819,-1.6591,-1.6022,-1.528,-1.4544,-1.3922,-1.3426,-1.3009,-1.2612,-1.2195,-1.1733,-1.1218,-1.0655,-1.0059,-0.9462,-0.8909,-0.8443,-0.8093,-0.7863,-0.7731,-0.7662,-0.762,-0.7578,-0.7521,-0.7446,-0.7358,-0.7265,-0.7174,-0.7093,-0.7026,-0.6977,-0.6945,-0.693,-0.6931,-0.6945
-1.4228,-1.4371,-1.4523,-1.4686,-1.4858,-1.504,-1.5227,-1.5415,-1.5593,-1.5742,-1.5832,-1.5845,-1.5857,-1.6077,-1.6442,-1.66,-1.641,-1.5925,-1.5275,-1.4601,-1.3996,-1.3486,-1.3044,-1.2629,-1.2205,-1.1749,-1.1252,-1.0716,-1.0157,-0.96,-0.9084,-0.8642,-0.8299,-0.8059,-0.7907,-0.7814,-0.7752,-0.7698,-0.7637,-0.7566,-0.7485,-0.7399,-0.7316,-0.7241,-0.7177,-0.7127,-0.7093,-0.7074,-0.7069,-0.7077
-1.424,-1.4382,-1.4533,-1.4694,-1.4865,-1.5044,-1.5227,-1.541,-1.5582,-1.5724,-1.5811,-1.5829,-1.5836,-1.5976,-1.6219,-1.6326,-1.6167,-1.5763,-1.5206,-1.4603,-1.4033,-1.3527,-1.3074,-1.2648,-1.222,-1.1771,-1.1291,-1.0782,-1.0256,-0.9738,-0.9255,-0.8837,-0.8502,-0.8256,-0.8087,-0.7974,-0.7893,-0.7826,-0.7759,-0.7687,-0.7609,-0.753,-0.7452,-0.738,-0.7319,-0.727,-0.7234,-0.7212,-0.7202,-0.7204
-1.4244,-1.4384,-1.4534,-1.4692,-1.4859,-1.5033,-1.521,-1.5385,-1.5547,-1.568,-1.5764,-1.5788,-1.5796,-1.5875,-1.601,-1.6058,-1.5914,-1.5574,-1.5097,-1.4563,-1.4036,-1.3546,-1.3095,-1.2666,-1.2238,-1.1796,-1.1333,-1.0849,-1.0356,-0.9871,-0.9419,-0.9023,-0.8698,-0.8448,-0.8266,-0.8136,-0.8039,-0.7959,-0.7884,-0.781,-0.7733,-0.7656,-0.7582,-0.7514,-0.7454,-0.7405,-0.7368,-0.7343,-0.7329,-0.7326
-1.4242,-1.438,-1.4526,-1.468,-1.4841,-1.5008,-1.5177,-1.5342,-1.5492,-1.5615,-1.5694,-1.5723,-1.5731,-1.5767,-1.5825,-1.5819,-1.5676,-1.5381,-1.4969,-1.4496,-1.4012,-1.3546,-1.3104,-1.2678,-1.2255,-1.1824,-1.1377,-1.0917,-1.0452,-0.9999,-0.9575,-0.9199,-0.8884,-0.8633,-0.8442,-0.8297,-0.8186,-0.8094,-0.8012,-0.7933,-0.7856,-0.778,-0.7708,-0.7642,-0.7583,-0.7534,-0.7496,-0.7468,-0.7451,-0.7444
-1.4233,-1.4368,-1.451,-1.4659,-1.4813,-1.4972,-1.5131,-1.5284,-1.5422,-1.5533,-1.5606,-1.5637,-1.5642,-1.565,-1.5655,-1.5609,-1.5461,-1.5196,-1.4833,-1.4411,-1.3968,-1.3528,-1.3102,-1.2685,-1.2271,-1.1851,-1.1421,-1.0984,-1.0546,-1.012,-0.9721,-0.9364,-0.9059,-0.8809,-0.8611,-0.8456,-0.8332,-0.823,-0.814,-0.8057,-0.7978,-0.7902,-0.7831,-0.7765,-0.7707,-0.7658,-0.7618,-0.7588,-0.7567,-0.7557
-1.4219,-1.4349,-1.4486,-1.4629,-1.4776,-1.4925,-1.5073,-1.5214,-1.5339,-1.5439,-1.5505,-1.5534,-1.5536,-1.5525,-1.5496,-1.5421,-1.5267,-1.5023,-1.4697,-1.4317,-1.391,-1.3497,-1.3089,-1.2685,-1.2282,-1.1876,-1.1464,-1.1048,-1.0634,-1.0233,-0.9857,-0.9517,-0.9222,-0.8974,-0.8772,-0.8609,-0.8476,-0.8365,-0.8268,-0.818,-0.8098,-0.8021,-0.795,-0.7884,-0.7826,-0.7776,-0.7735,-0.7703,-0.768,-0.7666
-1.4199,-1.4324,-1.4456,-1.4592,-1.4731,-1.487,-1.5007,-1.5135,-1.5248,-1.5337,-1.5395,-1.5421,-1.5418,-1.5392,-1.5342,-1.5248,-1.5091,-1.4861,-1.4564,-1.4218,-1.3843,-1.3456,-1.3067,-1.2679,-1.229,-1.1899,-1.1504,-1.1108,-1.0717,-1.0338,-0.9982,-0.9658,-0.9373,-0.9129,-0.8925,-0.8757,-0.8616,-0.8498,-0.8394,-0.8301,-0.8216,-0.8138,-0.8066,-0.8,-0.7941,-0.789,-0.7848,-0.7814,-0.7788,-0.7771
