docs/data/wind_grid.json
[{"header":{"la1":42.85,"la2":41.18,"lo1":11.55,"lo2":14.05,"nx":36,"ny":24,"dx":0.07143,"dy":0.07261,"parameterCategory":2,"parameterNumber":2,"parameterNumberName":"eastward_wind","parameterUnit":"m.s-1"},"data":[-0.0326,-0.0439,-0.0566,-0.0703,-0.0846,-0.0986,-0.111,-0.1205,-0.1267,-0.1302,-0.1332,-0.1383,-0.1478,-0.163,-0.184,-0.2094,-0.2365,-0.2612,-0.2789,-0.2861,-0.282,-0.2679,-0.247,-0.2226,-0.1972,-0.1727,-0.1499,-0.1293,-0.1109,-0.0948,-0.0807,-0.0684,-0.0576,-0.0483,-0.0401,-0.0328,-0.0334,-0.0464,-0.0614,-0.0784,-0.097,-0.1158,-0.1326,-0.1447,-0.1502,-0.1501,-0.1481,-0.1492,-0.1574,-0.1749,-0.2021,-0.2376,-0.2774,-0.3147,-0.3415,-0.3513,-0.3426,-0.3194,-0.2876,-0.2529,-0.219,-0.1877,-0.1599,-0.1357,-0.1148,-0.0968,-0.0815,-0.0684,-0.0571,-0.0474,-0.0391,-0.0318,-0.0332,-0.0479,-0.0656,-0.0868,-0.1116,-0.1384,-0.1637,-0.1815,-0.1865,-0.1792,-0.1671,-0.1599,-0.1646,-0.1842,-0.2197,-0.2698,-0.3296,-0.3885,-0.4311,-0.4439,-0.4253,-0.385,-0.3355,-0.2859,-0.2408,-0.2015,-0.1682,-0.1402,-0.1168,-0.0972,-0.0809,-0.0672,-0.0556,-0.0458,-0.0374,-0.0302,-0.0314,-0.0475,-0.068,-0.0941,-0.1272,-0.1671,-0.209,-0.2406,-0.2465,-0.2246,-0.192,-0.1693,-0.1671,-0.1884,-0.2341,-0.3043,-0.3955,-0.4927,-0.5643,-0.58,-0.5388,-0.4665,-0.3889,-0.3189,-0.2601,-0.2121,-0.1733,-0.1418,-0.1163,-0.0956,-0.0786,-0.0646,-0.053,-0.0433,-0.0351,-0.0281,-0.0276,-0.0445,-0.0669,-0.0975,-0.1403,-0.1989,-0.2717,-0.337,-0.3506,-0.297,-0.2229,-0.1736,-0.1612,-0.1838,-0.2406,-0.3355,-0.4726,-0.6367,-0.7656,-0.7809,-0.6884,-0.5591,-0.4408,-0.3462,-0.2732,-0.2171,-0.1736,-0.1396,-0.1128,-0.0915,-0.0744,-0.0606,-0.0493,-0.04,-0.0322,-0.0256,-0.0214,-0.0379,-0.0606,-0.0932,-0.143,-0.2217,-0.3412,-0.4802,-0.5229,-0.3994,-0.2484,-0.1637,-0.142,-0.1666,-0.2329,-0.3504,-0.54,-0.8054,-1.0398,-1.0445,-0.8521,-0.6398,-0.4762,-0.3594,-0.2755,-0.214,-0.1679,-0.1328,-0.1057,-0.0847,-0.0682,-0.0551,-0.0446,-0.036,-0.0289,-0.0228,-0.0129,-0.0277,-0.0481,-0.078,-0.126,-0.2102,-0.3628,-0.5932,-0.6917,-0.4603,-0.2274,-0.1244,-0.1053,-0.1353,-0.2066,-0.3324,-0.5483,-0.891,-1.2366,-1.2244,-0.9321,-0.6612,-0.475,-0.35,-0.2632,-0.2009,-0.1551,-0.1209,-0.095,-0.0754,-0.0602,-0.0484,-0.0391,-0.0315,-0.0252,-0.0199,-0.0027,-0.0148,-0.0306,-0.0528,-0.0869,-0.1466,-0.2591,-0.4396,-0.5091,-0.2951,-0.1097,-0.0477,-0.053,-0.0934,-0.1646,-0.2796,-0.4663,-0.7524,-1.0423,-1.0478,-0.817,-0.5912,-0.4289,-0.3159,-0.2358,-0.1778,-0.1354,-0.1041,-0.0809,-0.0637,-0.0507,-0.0408,-0.033,-0.0268,-0.0216,-0.0171,0.0082,-0.001,-0.0118,-0.0243,-0.0392,-0.0572,-0.0786,-0.0905,-0.0411,0.0542,0.0813,0.0499,0.0031,-0.0501,-0.1188,-0.2172,-0.3557,-0.5276,-0.6759,-0.6996,-0.6009,-0.4697,-0.3543,-0.2641,-0.1962,-0.1461,-0.1096,-0.0832,-0.0641,-0.0503,-0.0402,-0.0328,-0.0271,-0.0225,-0.0185,-0.0149,0.0188,0.0117,0.0044,-0.0019,-0.0042,0.0057,0.0476,0.1646,0.379,0.4621,0.2909,0.1341,0.0446,-0.0158,-0.08,-0.1732,-0.2989,-0.4265,-0.5062,-0.5102,-0.4509,-0.3635,-0.2769,-0.2045,-0.1489,-0.1082,-0.0793,-0.0592,-0.0455,-0.0361,-0.0297,-0.0252,-0.0218,-0.019,-0.0163,-0.0136,0.0285,0.0222,0.0156,0.0094,0.0057,0.0113,0.0495,0.2111,0.723,0.9642,0.4388,0.1651,0.0575,0.0042,-0.0487,-0.153,-0.3267,-0.5104,-0.5788,-0.5131,-0.4003,-0.293,-0.2064,-0.1418,-0.0964,-0.0659,-0.0461,-0.0338,-0.0266,-0.0225,-0.0204,-0.0191,-0.0182,-0.0172,-0.0157,-0.0138,0.0375,0.0311,0.023,0.0123,-0.0034,-0.0284,-0.0671,-0.0641,0.3289,0.6356,0.3231,0.1315,0.0493,0.0081,-0.0195,-0.1447,-0.4457,-0.8724,-0.9446,-0.6573,-0.3984,-0.2324,-0.1317,-0.0724,-0.0386,-0.0205,-0.0119,-0.009,-0.0092,-0.0111,-0.0135,-0.0158,-0.0174,-0.018,-0.0175,-0.0159,0.0464,0.0397,0.03,0.0149,-0.0115,-0.0615,-0.1584,-0.2893,-0.1422,0.138,0.1561,0.0857,0.0518,0.011,-0.0031,-0.1461,-0.5702,-1.4954,-1.5045,-0.769,-0.3429,-0.1315,-0.0318,0.0106,0.0251,0.026,0.0207,0.0127,0.0041,-0.004,-0.0111,-0.0167,-0.0206,-0.0225,-0.0224,-0.0207,0.0559,0.0496,0.04,0.0244,-0.0024,-0.0494,-0.1257,-0.2078,-0.1296,0.0689,0.1271,0.0592,0.0414,0.168,0.0276,-0.1737,-0.4845,-1.0188,-1.0685,-0.5131,-0.1236,0.0567,0.11,0.1097,0.0918,0.0693,0.0472,0.0274,0.0105,-0.0035,-0.0149,-0.0236,-0.0293,-0.0319,-0.0315,-0.0288,0.0666,0.0616,0.054,0.0422,0.0238,-0.003,-0.0336,-0.0399,0.0336,0.1579,0.2203,0.1699,0.1242,0.0982,0.0352,-0.3023,-0.6166,-0.4474,-0.3287,-0.0295,0.2679,0.3485,0.2885,0.2139,0.1517,0.1013,0.0614,0.0305,0.0067,-0.012,-0.0269,-0.0382,-0.0453,-0.0476,-0.0456,-0.0406,0.0781,0.0752,0.0709,0.0649,0.0573,0.0504,0.0521,0.08,0.1547,0.2864,0.4805,0.2441,0.196,0.1483,0.0754,-0.1906,-0.4317,-0.1629,0.0841,0.3738,0.7318,0.6762,0.4505,0.2951,0.1882,0.1101,0.0546,0.0166,-0.0104,-0.0312,-0.0484,-0.0621,-0.0701,-0.0709,-0.0654,-0.0561,0.0902,0.0896,0.0889,0.0884,0.0895,0.095,0.1112,0.1471,0.2125,0.319,0.4562,0.3307,0.2652,0.2682,0.221,0.1494,0.1091,0.2497,0.4145,0.5489,0.8027,0.7342,0.5027,0.3236,0.185,0.0826,0.0185,-0.0185,-0.0423,-0.061,-0.0791,-0.0957,-0.1048,-0.1022,-0.0905,-0.0746,0.1022,0.1039,0.1062,0.1099,0.1164,0.128,0.1482,0.1807,0.2272,0.2827,0.3194,0.3048,0.2987,0.3218,0.4591,0.5336,0.4663,0.5637,0.6746,0.6505,0.6606,0.6103,0.4749,0.3071,0.1387,0.0122,-0.0472,-0.073,-0.0884,-0.0994,-0.1154,-0.1364,-0.1476,-0.1393,-0.1179,-0.0933,0.1137,0.1172,0.1218,0.1283,0.1377,0.1516,0.1714,0.1983,0.2311,0.2648,0.291,0.3112,0.3513,0.4839,0.9036,1.068,0.7066,0.6792,0.7644,0.8971,0.7731,0.6253,0.4763,0.2877,0.0734,-0.0716,-0.1033,-0.1366,-0.1508,-0.1443,-0.149,-0.1729,-0.1871,-0.1717,-0.1402,-0.1075,0.1243,0.1292,0.1354,0.1436,0.1544,0.1687,0.1872,0.2101,0.2363,0.2643,0.2936,0.3318,0.4026,0.5641,0.8748,0.9739,0.7624,0.7942,1.1611,1.3326,0.9386,0.7099,0.5411,0.314,0.0398,-0.1144,-0.1371,-0.2576,-0.25,-0.1966,-0.1712,-0.1859,-0.1998,-0.1824,-0.1475,-0.112,0.1339,0.1398,0.1471,0.1562,0.1676,0.1818,0.1991,0.2196,0.2432,0.2699,0.3019,0.3458,0.4149,0.5253,0.6579,0.7146,0.7059,0.7925,1.0127,1.0904,0.9269,0.8339,0.7273,0.4456,0.0472,-0.3268,-0.6682,-0.6061,-0.395,-0.2523,-0.1848,-0.1752,-0.1798,-0.1656,-0.1364,-0.1048,0.1424,0.149,0.157,0.1665,0.1781,0.192,0.2084,0.2276,0.2498,0.2758,0.3076,0.349,0.4049,0.4758,0.5478,0.5992,0.6421,0.717,0.8185,0.8811,0.942,1.1254,1.1524,0.7317,0.1369,-0.4778,-0.9526,-0.7854,-0.4689,-0.2799,-0.1889,-0.1575,-0.1485,-0.1353,-0.1136,-0.0888,0.1498,0.1569,0.1652,0.175,0.1865,0.2,0.2157,0.2339,0.255,0.2797,0.3093,0.3456,0.3898,0.4402,0.4913,0.5385,0.5874,0.6485,0.7226,0.8161,1.0038,1.3612,1.4646,0.9588,0.3101,-0.2477,-0.5787,-0.557,-0.3872,-0.2499,-0.1712,-0.1343,-0.1173,-0.1035,-0.0869,-0.0683,0.1563,0.1636,0.1721,0.1819,0.1933,0.2063,0.2213,0.2386,0.2584,0.2813,0.3081,0.3393,0.3752,0.4146,0.4556,0.4975,0.5427,0.5959,0.6632,0.7619,0.9314,1.1574,1.1904,0.8632,0.4072,0.0153,-0.2236,-0.2851,-0.2418,-0.1784,-0.1306,-0.1021,-0.0856,-0.0729,-0.0601,-0.0464]},{"header":{"la1":42.85,"la2":41.18,"lo1":11.55,"lo2":14.05,"nx":36,"ny":24,"dx":0.07143,"dy":0.07261,"parameterCategory":2,"parameterNumber":3,"parameterNumberName":"northward_wind","parameterUnit":"m.s-1"},"data":[-0.0408,-0.0211,0.0016,0.0269,0.0533,0.0785,0.0993,0.112,0.1143,0.1067,0.0918,0.0738,0.0564,0.0419,0.0311,0.0238,0.0191,0.0157,0.0122,0.0076,0.0012,-0.0069,-0.0165,-0.027,-0.038,-0.0492,-0.0604,-0.0715,-0.0825,-0.0932,-0.1037,-0.1139,-0.1237,-0.133,-0.1419,-0.1501,-0.0415,-0.0182,0.01,0.0429,0.0795,0.1165,0.1484,0.1684,0.171,0.1564,0.1303,0.1009,0.0745,0.0544,0.0409,0.0332,0.0296,0.028,0.026,0.0219,0.0148,0.0048,-0.0069,-0.0196,-0.0326,-0.0454,-0.0581,-0.0705,-0.0826,-0.0944,-0.1059,-0.117,-0.1277,-0.1378,-0.1474,-0.1562,-0.0454,-0.0186,0.0158,0.0586,0.1097,0.1657,0.2181,0.2529,0.257,0.2291,0.1821,0.1331,0.093,0.0654,0.0492,0.042,0.0411,0.0431,0.0442,0.041,0.0322,0.0191,0.0039,-0.0118,-0.0272,-0.042,-0.0562,-0.07,-0.0834,-0.0964,-0.109,-0.1211,-0.1328,-0.1438,-0.1541,-0.1635,-0.0539,-0.0243,0.016,0.0701,0.1407,0.2269,0.3176,0.3852,0.395,0.3395,0.2512,0.1687,0.1092,0.0731,0.055,0.0498,0.0539,0.0629,0.0698,0.0678,0.0553,0.0363,0.0157,-0.0041,-0.0224,-0.0393,-0.0552,-0.0703,-0.085,-0.0992,-0.1131,-0.1264,-0.1391,-0.1511,-0.1622,-0.1723,-0.0684,-0.0379,0.0064,0.0708,0.1638,0.2932,0.4534,0.5963,0.6265,0.5088,0.3371,0.2006,0.1175,0.0745,0.0568,0.0557,0.0678,0.0889,0.1073,0.1065,0.0849,0.0553,0.0268,0.0022,-0.019,-0.0378,-0.0552,-0.0717,-0.0876,-0.1032,-0.1184,-0.1331,-0.147,-0.1601,-0.1721,-0.1829,-0.09,-0.0618,-0.0181,0.0508,0.161,0.3371,0.602,0.9049,0.9988,0.7392,0.414,0.2095,0.1095,0.0672,0.0541,0.0585,0.0797,0.1188,0.1579,0.1569,0.117,0.0713,0.0342,0.0055,-0.0178,-0.0379,-0.0564,-0.0741,-0.0914,-0.1085,-0.1252,-0.1414,-0.1568,-0.1711,-0.1842,-0.1957,-0.1187,-0.0969,-0.0607,0.0009,0.1085,0.3014,0.645,1.1462,1.3557,0.8782,0.3966,0.1653,0.0784,0.052,0.0486,0.0572,0.082,0.1337,0.1943,0.1914,0.1319,0.0747,0.0337,0.004,-0.0194,-0.0398,-0.0589,-0.0776,-0.0964,-0.1152,-0.1338,-0.1518,-0.169,-0.1848,-0.199,-0.2113,-0.1532,-0.142,-0.1206,-0.0804,-0.0046,0.14,0.4104,0.8213,0.9813,0.5591,0.1928,0.0566,0.0303,0.0367,0.0464,0.0548,0.0705,0.1077,0.1561,0.155,0.1059,0.0581,0.0236,-0.0021,-0.0233,-0.0429,-0.0623,-0.0821,-0.1026,-0.1235,-0.1444,-0.1648,-0.1842,-0.2018,-0.2173,-0.2303,-0.1907,-0.1926,-0.1911,-0.1821,-0.1581,-0.1069,-0.0176,0.0791,0.0541,-0.0859,-0.1295,-0.0774,-0.0094,0.0383,0.059,0.06,0.0556,0.0607,0.0749,0.0744,0.0535,0.0289,0.0078,-0.0105,-0.0281,-0.0463,-0.066,-0.0872,-0.1099,-0.1336,-0.1576,-0.1812,-0.2033,-0.2231,-0.2401,-0.2538,-0.2273,-0.2427,-0.2618,-0.2853,-0.3137,-0.3484,-0.3968,-0.4939,-0.6835,-0.7288,-0.45,-0.1739,-0.005,0.0787,0.1001,0.0816,0.0469,0.0174,0.0053,0.0049,0.0047,0.0009,-0.0064,-0.0171,-0.0312,-0.0485,-0.069,-0.0923,-0.1182,-0.1458,-0.1742,-0.2019,-0.2277,-0.2503,-0.2688,-0.2831,-0.2591,-0.286,-0.3224,-0.3726,-0.442,-0.5355,-0.6517,-0.8017,-1.1718,-1.3636,-0.6592,-0.1723,0.0692,0.1756,0.1799,0.1211,0.0366,-0.0418,-0.0732,-0.0581,-0.0332,-0.0172,-0.0127,-0.0177,-0.0299,-0.0477,-0.0702,-0.097,-0.1274,-0.1607,-0.1951,-0.2287,-0.2594,-0.2854,-0.3056,-0.3198,-0.2831,-0.3176,-0.3653,-0.4325,-0.5281,-0.661,-0.8257,-0.9511,-1.0307,-1.0628,-0.5035,-0.0539,0.187,0.3197,0.2869,0.1665,0.0055,-0.1769,-0.2166,-0.13,-0.0569,-0.0183,-0.0051,-0.0084,-0.022,-0.0425,-0.0686,-0.1003,-0.1374,-0.1787,-0.222,-0.2641,-0.3016,-0.3318,-0.3534,-0.3665,-0.2974,-0.3348,-0.3863,-0.4586,-0.5619,-0.71,-0.9104,-1.0941,-0.9658,-0.6356,-0.2274,0.1057,0.2584,0.3672,0.3342,0.1887,-0.0235,-0.4026,-0.4135,-0.1735,-0.0447,0.011,0.0243,0.0146,-0.0056,-0.0314,-0.0628,-0.1013,-0.1478,-0.201,-0.2576,-0.3122,-0.3592,-0.3945,-0.4165,-0.4262,-0.3019,-0.3378,-0.3857,-0.451,-0.5411,-0.6652,-0.8239,-0.9665,-0.8411,-0.4309,-0.0672,0.2168,0.3038,0.4515,0.3036,0.2004,0.0836,-0.2005,-0.2589,-0.0875,0.0414,0.0939,0.0852,0.0531,0.0191,-0.0137,-0.0507,-0.0975,-0.1572,-0.2286,-0.3058,-0.3796,-0.4402,-0.481,-0.5008,-0.503,-0.2982,-0.3289,-0.3682,-0.4183,-0.4814,-0.5564,-0.6291,-0.6442,-0.4955,-0.216,0.009,0.1518,0.2898,0.475,0.2752,0.2469,0.346,0.0963,-0.0102,0.0841,0.244,0.269,0.1828,0.1014,0.0491,0.0124,-0.0272,-0.0836,-0.1629,-0.2626,-0.373,-0.4775,-0.5578,-0.6031,-0.6144,-0.601,-0.2884,-0.3124,-0.3409,-0.3737,-0.4086,-0.4388,-0.4468,-0.3991,-0.2648,-0.0725,0.0738,0.1617,0.1528,0.1814,0.1355,0.1709,0.2563,0.0945,0.0444,0.2355,0.6149,0.5432,0.281,0.1375,0.0793,0.0541,0.0201,-0.0484,-0.1583,-0.304,-0.4696,-0.6247,-0.7332,-0.7771,-0.766,-0.7228,-0.2754,-0.2926,-0.3109,-0.3289,-0.343,-0.3461,-0.3263,-0.2694,-0.1696,-0.0449,0.0539,0.0568,-0.1269,-0.2313,-0.096,-0.0634,-0.0369,-0.0671,-0.0582,0.1685,0.6509,0.5557,0.2618,0.1319,0.1132,0.1342,0.1194,0.028,-0.1341,-0.353,-0.6093,-0.8489,-0.9957,-1.0203,-0.9595,-0.8652,-0.2614,-0.2726,-0.2831,-0.2908,-0.2927,-0.2838,-0.2582,-0.2118,-0.1473,-0.0802,-0.0412,-0.0759,-0.2388,-0.3094,-0.3589,-0.4101,-0.2792,-0.2055,-0.1963,-0.112,0.1142,0.1781,0.1073,0.0903,0.1727,0.3011,0.3195,0.1646,-0.0855,-0.4066,-0.799,-1.1729,-1.3634,-1.329,-1.1782,-1.0104,-0.2481,-0.2548,-0.2598,-0.2615,-0.2576,-0.2455,-0.2231,-0.1905,-0.1523,-0.12,-0.1113,-0.1463,-0.2322,-0.3839,-0.8056,-0.9722,-0.5049,-0.3082,-0.2952,-0.398,-0.2556,-0.1232,-0.0604,0.0338,0.2484,0.5675,0.6293,0.3172,-0.0385,-0.4518,-0.9939,-1.5341,-1.7563,-1.6222,-1.362,-1.1219,-0.2364,-0.24,-0.2417,-0.2403,-0.2347,-0.2235,-0.2067,-0.1857,-0.1649,-0.1521,-0.1577,-0.1936,-0.2743,-0.4441,-0.7655,-0.8593,-0.5543,-0.4425,-0.6439,-0.7605,-0.4723,-0.3159,-0.2211,-0.0701,0.2037,0.5941,0.6721,0.2761,-0.0513,-0.4608,-1.0547,-1.6684,-1.8998,-1.7204,-1.42,-1.1568,-0.2266,-0.2283,-0.2283,-0.2258,-0.2203,-0.2116,-0.2001,-0.1877,-0.1778,-0.1758,-0.1881,-0.2223,-0.288,-0.3954,-0.5214,-0.5541,-0.4812,-0.4656,-0.5699,-0.6132,-0.5197,-0.4913,-0.4461,-0.2666,-0.0121,0.1484,0.0523,0.0105,-0.1129,-0.4241,-0.9117,-1.4149,-1.6381,-1.5404,-1.3172,-1.101,-0.2188,-0.2195,-0.2187,-0.2162,-0.2118,-0.2056,-0.1985,-0.192,-0.1888,-0.1922,-0.2063,-0.235,-0.2811,-0.3417,-0.3986,-0.4231,-0.4203,-0.4338,-0.478,-0.521,-0.5965,-0.7782,-0.8202,-0.5414,-0.2249,-0.0761,-0.099,-0.0897,-0.1603,-0.3784,-0.7091,-1.0449,-1.2335,-1.232,-1.1212,-0.9836,-0.2128,-0.213,-0.2121,-0.2101,-0.2069,-0.203,-0.1991,-0.1966,-0.1971,-0.203,-0.2164,-0.239,-0.2706,-0.3075,-0.3414,-0.3646,-0.3811,-0.4048,-0.4462,-0.5196,-0.6847,-0.9811,-1.0638,-0.7238,-0.371,-0.1785,-0.1227,-0.1328,-0.2045,-0.3539,-0.5624,-0.773,-0.9143,-0.9555,-0.9204,-0.8489,-0.2083,-0.2083,-0.2076,-0.2063,-0.2043,-0.2023,-0.2007,-0.2006,-0.2032,-0.2099,-0.2217,-0.2393,-0.262,-0.2874,-0.3121,-0.334,-0.3559,-0.3844,-0.4293,-0.508,-0.6498,-0.834,-0.8704,-0.6689,-0.4267,-0.2685,-0.2014,-0.2,-0.2501,-0.347,-0.4764,-0.6083,-0.708,-0.7563,-0.757,-0.7266]}]