docs/data/wind_grid.json
[{"header":{"la1":42.85,"la2":41.18,"lo1":11.55,"lo2":14.05,"nx":36,"ny":24,"dx":0.07143,"dy":0.07261,"parameterCategory":2,"parameterNumber":2,"parameterNumberName":"eastward_wind","parameterUnit":"m.s-1"},"data":[-0.5933,-0.5968,-0.5998,-0.6023,-0.6041,-0.6047,-0.6034,-0.5993,-0.5921,-0.5821,-0.571,-0.5609,-0.5539,-0.5515,-0.5541,-0.5613,-0.5716,-0.5826,-0.5912,-0.5954,-0.594,-0.5876,-0.5776,-0.5657,-0.5533,-0.5411,-0.5297,-0.5193,-0.5101,-0.5019,-0.4947,-0.4884,-0.4829,-0.4782,-0.474,-0.4704,-0.6048,-0.6095,-0.6138,-0.6177,-0.6214,-0.6242,-0.6249,-0.6215,-0.6126,-0.5983,-0.5814,-0.5658,-0.555,-0.5514,-0.5558,-0.5677,-0.5851,-0.6037,-0.6184,-0.625,-0.622,-0.6113,-0.5961,-0.5791,-0.5623,-0.5468,-0.5328,-0.5206,-0.51,-0.5008,-0.493,-0.4863,-0.4805,-0.4756,-0.4714,-0.4678,-0.618,-0.624,-0.6298,-0.6356,-0.6421,-0.649,-0.6544,-0.6543,-0.6439,-0.6227,-0.5957,-0.5706,-0.5535,-0.5477,-0.5545,-0.5738,-0.6028,-0.6349,-0.6602,-0.67,-0.6626,-0.6433,-0.6188,-0.5941,-0.5715,-0.5518,-0.5349,-0.5207,-0.5088,-0.4987,-0.4904,-0.4833,-0.4774,-0.4724,-0.4682,-0.4647,-0.6333,-0.641,-0.6482,-0.656,-0.666,-0.6796,-0.6954,-0.7049,-0.695,-0.6613,-0.6157,-0.5744,-0.5472,-0.5378,-0.5476,-0.5777,-0.6258,-0.6827,-0.728,-0.7416,-0.7221,-0.685,-0.6452,-0.6096,-0.5797,-0.5552,-0.5353,-0.5192,-0.506,-0.4953,-0.4866,-0.4794,-0.4735,-0.4685,-0.4644,-0.461,-0.6515,-0.6611,-0.6697,-0.6786,-0.6916,-0.7144,-0.75,-0.7854,-0.7834,-0.7242,-0.642,-0.5742,-0.5326,-0.5177,-0.5303,-0.5741,-0.6522,-0.7552,-0.8418,-0.8575,-0.8062,-0.7349,-0.6719,-0.6225,-0.5847,-0.5556,-0.533,-0.5153,-0.5013,-0.4903,-0.4815,-0.4744,-0.4686,-0.4639,-0.46,-0.4568,-0.6736,-0.6863,-0.6962,-0.7044,-0.7166,-0.7459,-0.8105,-0.9049,-0.9325,-0.8154,-0.6658,-0.5623,-0.5044,-0.4822,-0.495,-0.5519,-0.668,-0.8481,-1.019,-1.0278,-0.9051,-0.7805,-0.6907,-0.6285,-0.5842,-0.5516,-0.5271,-0.5085,-0.4943,-0.4834,-0.4749,-0.4682,-0.4628,-0.4585,-0.4549,-0.452,-0.7013,-0.7199,-0.733,-0.7383,-0.7411,-0.7612,-0.8377,-1.0017,-1.0833,-0.8743,-0.6532,-0.5259,-0.4577,-0.4261,-0.4317,-0.4922,-0.6361,-0.8898,-1.1642,-1.1571,-0.9563,-0.7941,-0.6909,-0.6232,-0.5759,-0.5417,-0.5165,-0.498,-0.4844,-0.4743,-0.4667,-0.4607,-0.456,-0.4523,-0.4492,-0.4467,-0.7357,-0.7666,-0.7897,-0.7944,-0.7777,-0.7606,-0.7869,-0.8903,-0.9343,-0.7494,-0.5666,-0.4599,-0.393,-0.3461,-0.3269,-0.3734,-0.5216,-0.7658,-1.0095,-1.028,-0.8862,-0.7584,-0.6689,-0.6054,-0.559,-0.5251,-0.5007,-0.4835,-0.4715,-0.4631,-0.4569,-0.4521,-0.4484,-0.4453,-0.4428,-0.4408,-0.7758,-0.8296,-0.8809,-0.9015,-0.8599,-0.7771,-0.7096,-0.6699,-0.6093,-0.5116,-0.4366,-0.3804,-0.3212,-0.2462,-0.1575,-0.1617,-0.346,-0.5833,-0.7586,-0.8128,-0.7723,-0.7026,-0.6351,-0.5783,-0.5337,-0.501,-0.4787,-0.4644,-0.4555,-0.4497,-0.4457,-0.4426,-0.4399,-0.4377,-0.4358,-0.4343,-0.8138,-0.9014,-1.0121,-1.0982,-1.0367,-0.8446,-0.6774,-0.5317,-0.3576,-0.2714,-0.3109,-0.3122,-0.2615,-0.1579,0.0859,0.2056,-0.1852,-0.5218,-0.6989,-0.7496,-0.7243,-0.6663,-0.6024,-0.5451,-0.4996,-0.4679,-0.4492,-0.4401,-0.4363,-0.4347,-0.4336,-0.4323,-0.4309,-0.4294,-0.4281,-0.4271,-0.8342,-0.9502,-1.1286,-1.3365,-1.2798,-0.9268,-0.6963,-0.5165,-0.1487,0.0202,-0.227,-0.2722,-0.2207,-0.1368,0.0659,0.2126,-0.2713,-0.6913,-0.8737,-0.8499,-0.7536,-0.6554,-0.5718,-0.5041,-0.4533,-0.4221,-0.4101,-0.4102,-0.4146,-0.4188,-0.4212,-0.4219,-0.4214,-0.4204,-0.4196,-0.4191,-0.8228,-0.9343,-1.1038,-1.2961,-1.2301,-0.9019,-0.7531,-0.7162,-0.4184,-0.1761,-0.2724,-0.2641,-0.1835,-0.0788,-0.1111,-0.2492,-0.6456,-1.2406,-1.3868,-1.0842,-0.8162,-0.6448,-0.5325,-0.4505,-0.3892,-0.3575,-0.3588,-0.3757,-0.3926,-0.4039,-0.4097,-0.4117,-0.4115,-0.4106,-0.4099,-0.4099,-0.7814,-0.8592,-0.9536,-1.0179,-0.9514,-0.8129,-0.7972,-0.9027,-0.762,-0.4688,-0.3394,-0.2779,-0.202,-0.0426,-0.1085,-0.4193,-0.9721,-2.1202,-2.1397,-1.2734,-0.8166,-0.5931,-0.472,-0.3857,-0.308,-0.2713,-0.2982,-0.3425,-0.3747,-0.3926,-0.4003,-0.402,-0.4008,-0.3991,-0.3983,-0.3989,-0.7264,-0.7697,-0.8079,-0.8173,-0.7806,-0.7374,-0.7537,-0.8182,-0.729,-0.4866,-0.3424,-0.2932,-0.271,-0.123,-0.2671,-0.6124,-1.0567,-1.6254,-1.6669,-1.0563,-0.6492,-0.4598,-0.3844,-0.3294,-0.2471,-0.2009,-0.2568,-0.326,-0.3682,-0.388,-0.3938,-0.3921,-0.3878,-0.3844,-0.3835,-0.3852,-0.6724,-0.6931,-0.7054,-0.7014,-0.681,-0.6605,-0.6549,-0.6406,-0.5487,-0.3976,-0.2978,-0.2769,-0.2458,-0.2019,-0.3723,-0.9713,-1.5439,-1.1432,-0.936,-0.6075,-0.296,-0.2126,-0.2636,-0.2935,-0.2644,-0.236,-0.282,-0.3425,-0.3785,-0.3916,-0.3894,-0.3795,-0.3691,-0.3631,-0.3629,-0.3673,-0.6256,-0.6335,-0.6344,-0.6259,-0.6089,-0.5876,-0.5614,-0.5153,-0.4284,-0.3028,-0.1655,-0.2701,-0.2845,-0.2955,-0.4298,-0.8765,-1.2735,-0.8726,-0.5554,-0.2228,0.203,0.1289,-0.133,-0.2647,-0.3081,-0.3232,-0.3535,-0.3874,-0.4047,-0.402,-0.3835,-0.3584,-0.3379,-0.3298,-0.3334,-0.344,-0.5867,-0.5874,-0.5827,-0.5715,-0.5536,-0.5293,-0.4959,-0.4467,-0.3755,-0.2817,-0.1843,-0.2482,-0.3353,-0.3663,-0.3722,-0.4934,-0.5774,-0.4292,-0.2473,-0.0802,0.2777,0.1822,-0.103,-0.2648,-0.3509,-0.4016,-0.4334,-0.4478,-0.4428,-0.4164,-0.3704,-0.318,-0.2823,-0.2761,-0.2916,-0.3148,-0.555,-0.5515,-0.5436,-0.5307,-0.5122,-0.4874,-0.455,-0.4131,-0.3622,-0.3093,-0.2763,-0.2904,-0.3421,-0.3405,-0.2027,-0.1585,-0.2307,-0.1118,0.0507,-0.0643,-0.0298,-0.0526,-0.1777,-0.3049,-0.4111,-0.4883,-0.5213,-0.5189,-0.4916,-0.4344,-0.3446,-0.2439,-0.1865,-0.196,-0.2388,-0.2831,-0.529,-0.5231,-0.5136,-0.4999,-0.4818,-0.4587,-0.4302,-0.3968,-0.3605,-0.3269,-0.3039,-0.2933,-0.2768,-0.1813,0.1551,0.2885,-0.0399,-0.0707,-0.006,-0.0858,-0.1222,-0.1612,-0.2388,-0.3508,-0.4777,-0.5714,-0.5923,-0.5917,-0.5529,-0.4622,-0.3148,-0.1406,-0.0585,-0.1062,-0.1904,-0.2587,-0.5079,-0.5006,-0.4903,-0.4768,-0.4597,-0.4389,-0.4146,-0.3876,-0.3596,-0.333,-0.3092,-0.2834,-0.2364,-0.1183,0.1261,0.2006,-0.0215,-0.105,-0.1011,-0.0988,-0.1345,-0.1759,-0.2445,-0.3656,-0.52,-0.6102,-0.6242,-0.6918,-0.6381,-0.514,-0.3269,-0.101,-0.0028,-0.0748,-0.1783,-0.2551,-0.4906,-0.4827,-0.4723,-0.4592,-0.4435,-0.4251,-0.4043,-0.3817,-0.3583,-0.3347,-0.31,-0.2798,-0.2332,-0.1565,-0.0632,-0.0384,-0.0957,-0.1316,-0.1258,-0.1207,-0.1271,-0.1203,-0.1623,-0.316,-0.5416,-0.776,-1.0222,-0.9467,-0.7462,-0.5886,-0.4145,-0.219,-0.1189,-0.1497,-0.2195,-0.278,-0.4766,-0.4684,-0.4582,-0.4459,-0.4316,-0.4152,-0.3971,-0.3776,-0.3572,-0.3358,-0.3124,-0.2845,-0.2485,-0.2039,-0.1626,-0.1465,-0.1548,-0.1609,-0.1525,-0.1318,-0.0719,0.0582,0.0787,-0.1701,-0.5115,-0.8912,-1.2557,-1.0661,-0.7748,-0.6488,-0.5228,-0.3812,-0.288,-0.2687,-0.2892,-0.3178,-0.4651,-0.457,-0.4472,-0.4358,-0.4227,-0.4081,-0.3922,-0.3751,-0.357,-0.3379,-0.317,-0.2936,-0.2669,-0.2387,-0.2146,-0.2002,-0.1941,-0.187,-0.1695,-0.1269,-0.0149,0.2074,0.2739,-0.0448,-0.4233,-0.7404,-0.9225,-0.8294,-0.7064,-0.6774,-0.5927,-0.4863,-0.4048,-0.3643,-0.3545,-0.3594,-0.4558,-0.4478,-0.4386,-0.428,-0.4161,-0.4031,-0.3889,-0.3738,-0.3578,-0.341,-0.323,-0.3037,-0.2835,-0.2635,-0.2461,-0.2328,-0.2222,-0.2095,-0.1873,-0.1419,-0.05,0.0811,0.098,-0.1054,-0.3727,-0.5888,-0.7039,-0.7085,-0.6943,-0.6764,-0.6108,-0.5311,-0.4654,-0.4231,-0.4015,-0.3936]},{"header":{"la1":42.85,"la2":41.18,"lo1":11.55,"lo2":14.05,"nx":36,"ny":24,"dx":0.07143,"dy":0.07261,"parameterCategory":2,"parameterNumber":3,"parameterNumberName":"northward_wind","parameterUnit":"m.s-1"},"data":[-0.7891,-0.7875,-0.7849,-0.7811,-0.7762,-0.7704,-0.7641,-0.7578,-0.7517,-0.7453,-0.7374,-0.7267,-0.712,-0.6927,-0.6691,-0.6422,-0.614,-0.5872,-0.5649,-0.5493,-0.5411,-0.5393,-0.5419,-0.547,-0.5531,-0.5595,-0.5658,-0.5717,-0.5773,-0.5827,-0.5878,-0.5927,-0.5974,-0.602,-0.6064,-0.6106,-0.794,-0.7924,-0.7895,-0.7851,-0.779,-0.7714,-0.7633,-0.7561,-0.7506,-0.7463,-0.7409,-0.7318,-0.7169,-0.695,-0.6662,-0.6317,-0.5941,-0.5578,-0.5285,-0.5104,-0.5042,-0.5074,-0.5159,-0.5264,-0.5369,-0.5466,-0.5553,-0.5631,-0.5701,-0.5766,-0.5827,-0.5885,-0.5941,-0.5993,-0.6044,-0.6091,-0.7986,-0.7971,-0.794,-0.7888,-0.7806,-0.7697,-0.7574,-0.7473,-0.7425,-0.7426,-0.7431,-0.7383,-0.7245,-0.7001,-0.6648,-0.6196,-0.5673,-0.5152,-0.474,-0.453,-0.4527,-0.4662,-0.4849,-0.5036,-0.5199,-0.5336,-0.545,-0.5547,-0.5632,-0.5709,-0.578,-0.5847,-0.5911,-0.5971,-0.6029,-0.6082,-0.8027,-0.8014,-0.7984,-0.7923,-0.7814,-0.7643,-0.7428,-0.7244,-0.7193,-0.7291,-0.7425,-0.7468,-0.7363,-0.7099,-0.6672,-0.6074,-0.5322,-0.4516,-0.3882,-0.3644,-0.3796,-0.414,-0.4499,-0.48,-0.5034,-0.5213,-0.5354,-0.547,-0.5568,-0.5657,-0.5738,-0.5814,-0.5887,-0.5955,-0.602,-0.608,-0.8057,-0.8048,-0.8024,-0.7964,-0.7828,-0.7565,-0.7157,-0.6739,-0.6635,-0.6963,-0.7382,-0.7594,-0.7549,-0.7275,-0.6775,-0.6005,-0.491,-0.3578,-0.2481,-0.2245,-0.2789,-0.3533,-0.4148,-0.4588,-0.4893,-0.511,-0.5272,-0.5402,-0.5512,-0.5611,-0.5702,-0.5788,-0.587,-0.5947,-0.602,-0.6087,-0.8066,-0.8058,-0.8047,-0.801,-0.7883,-0.7535,-0.6809,-0.5808,-0.547,-0.637,-0.7364,-0.7818,-0.7834,-0.7561,-0.702,-0.6105,-0.4604,-0.2404,-0.0341,-0.0218,-0.1625,-0.2987,-0.3889,-0.4445,-0.4798,-0.5035,-0.5209,-0.5347,-0.5465,-0.5572,-0.5673,-0.577,-0.5862,-0.5949,-0.6031,-0.6105,-0.8036,-0.8014,-0.8013,-0.8033,-0.8003,-0.7713,-0.6778,-0.4968,-0.4117,-0.6004,-0.7659,-0.8239,-0.8245,-0.7977,-0.7472,-0.6547,-0.4826,-0.1861,0.1398,0.1314,-0.1035,-0.2824,-0.3839,-0.4412,-0.4761,-0.4993,-0.5165,-0.5304,-0.5427,-0.5542,-0.5653,-0.5761,-0.5866,-0.5965,-0.6056,-0.6138,-0.795,-0.7869,-0.7831,-0.791,-0.8106,-0.819,-0.7698,-0.6337,-0.5722,-0.7402,-0.8658,-0.8914,-0.8758,-0.8511,-0.8175,-0.7453,-0.591,-0.329,-0.0479,-0.0264,-0.1908,-0.3243,-0.4026,-0.4484,-0.4774,-0.4978,-0.5136,-0.5271,-0.5397,-0.552,-0.5643,-0.5765,-0.5884,-0.5997,-0.6099,-0.619,-0.7803,-0.7574,-0.7345,-0.7346,-0.786,-0.8694,-0.9258,-0.9409,-0.9741,-1.0309,-1.0242,-0.9727,-0.9267,-0.9087,-0.9185,-0.8892,-0.7469,-0.5469,-0.3731,-0.3104,-0.3423,-0.3923,-0.4315,-0.4597,-0.4809,-0.4977,-0.5118,-0.5247,-0.5375,-0.5507,-0.5644,-0.5785,-0.5923,-0.6052,-0.6168,-0.6268,-0.7639,-0.7159,-0.6443,-0.5869,-0.6641,-0.8792,-1.0697,-1.209,-1.3504,-1.3799,-1.2053,-1.043,-0.9601,-0.9509,-1.0505,-1.1082,-0.8769,-0.6661,-0.5318,-0.4611,-0.4378,-0.4399,-0.4519,-0.4675,-0.4836,-0.4983,-0.5111,-0.5232,-0.5359,-0.5502,-0.566,-0.5826,-0.5989,-0.614,-0.6272,-0.638,-0.7571,-0.6874,-0.5548,-0.3744,-0.442,-0.8717,-1.2083,-1.4057,-1.6625,-1.7902,-1.3426,-1.0688,-0.9649,-0.9494,-1.0362,-1.1135,-0.8555,-0.6583,-0.5535,-0.4964,-0.4644,-0.4517,-0.4543,-0.4677,-0.4857,-0.5016,-0.5131,-0.523,-0.5351,-0.5507,-0.5695,-0.5897,-0.6095,-0.6274,-0.6424,-0.6538,-0.771,-0.7074,-0.5847,-0.4189,-0.5111,-0.9945,-1.394,-1.5873,-1.6117,-1.6062,-1.2673,-1.0332,-0.9529,-0.9607,-0.9294,-0.8474,-0.694,-0.5588,-0.5053,-0.4729,-0.4445,-0.4312,-0.4379,-0.4621,-0.4935,-0.5152,-0.522,-0.5252,-0.5348,-0.5523,-0.5756,-0.6013,-0.6262,-0.6478,-0.6645,-0.6761,-0.8032,-0.7716,-0.7251,-0.707,-0.8497,-1.1795,-1.5308,-1.775,-1.6418,-1.3665,-1.1228,-0.982,-0.934,-0.9713,-0.9171,-0.7022,-0.5183,-0.4778,-0.4731,-0.4273,-0.3907,-0.3789,-0.401,-0.4538,-0.5195,-0.5534,-0.5422,-0.5288,-0.5336,-0.5547,-0.5858,-0.6203,-0.6525,-0.6787,-0.6968,-0.7072,-0.8392,-0.8384,-0.8479,-0.8966,-1.0242,-1.2304,-1.4636,-1.6427,-1.5423,-1.2326,-1.0248,-0.9652,-0.9499,-0.8064,-0.7421,-0.414,-0.1387,-0.3176,-0.3887,-0.3407,-0.2854,-0.2764,-0.3319,-0.4315,-0.5515,-0.6043,-0.5602,-0.525,-0.5281,-0.5582,-0.603,-0.6516,-0.6946,-0.726,-0.744,-0.7503,-0.8665,-0.8824,-0.9122,-0.9682,-1.0595,-1.1784,-1.2943,-1.3463,-1.2516,-1.0626,-0.9336,-0.8906,-0.8195,-0.7016,-0.6008,0.1756,1.0067,0.1317,-0.2083,-0.1933,-0.0644,-0.0706,-0.2108,-0.3633,-0.4998,-0.5607,-0.5252,-0.4974,-0.5137,-0.5639,-0.6328,-0.7044,-0.7632,-0.7995,-0.8128,-0.8091,-0.8811,-0.9021,-0.9333,-0.9781,-1.0361,-1.0976,-1.141,-1.1347,-1.0567,-0.9344,-0.8328,-0.8802,-0.8474,-0.7501,-0.5565,0.0789,0.6473,0.0745,-0.1979,-0.0492,0.371,0.2702,-0.0683,-0.2684,-0.377,-0.4236,-0.4256,-0.4366,-0.487,-0.5745,-0.6848,-0.7949,-0.8768,-0.914,-0.9119,-0.887,-0.8846,-0.9045,-0.9302,-0.9616,-0.9955,-1.0242,-1.035,-1.015,-0.9609,-0.8889,-0.8324,-0.8527,-0.8973,-0.894,-0.6536,-0.3802,-0.2221,-0.3448,-0.4259,-0.1467,0.4207,0.303,-0.0483,-0.2146,-0.2672,-0.2697,-0.2794,-0.3373,-0.4448,-0.593,-0.7725,-0.9497,-1.0655,-1.0893,-1.048,-0.9833,-0.8801,-0.8966,-0.9156,-0.9359,-0.9545,-0.9662,-0.9648,-0.9458,-0.9116,-0.8733,-0.848,-0.8478,-0.8984,-0.8908,-0.7065,-0.5909,-0.5288,-0.6589,-0.8416,-0.4877,-0.146,-0.0756,-0.1632,-0.2073,-0.1614,-0.0601,-0.0477,-0.1881,-0.3875,-0.6199,-0.9047,-1.1992,-1.363,-1.3359,-1.2138,-1.0866,-0.8709,-0.8835,-0.8966,-0.9089,-0.9182,-0.9215,-0.9158,-0.9001,-0.8768,-0.8518,-0.8315,-0.8189,-0.8095,-0.7651,-0.6964,-0.6832,-0.6197,-0.6701,-0.7388,-0.5453,-0.3976,-0.3021,-0.2675,-0.2147,-0.0562,0.2396,0.3009,-0.0289,-0.3407,-0.6459,-1.0479,-1.5112,-1.7301,-1.5977,-1.3623,-1.1678,-0.8591,-0.868,-0.8765,-0.8834,-0.8872,-0.8861,-0.8789,-0.8655,-0.8473,-0.8269,-0.8066,-0.7858,-0.7596,-0.7209,-0.6886,-0.6747,-0.6246,-0.5894,-0.5258,-0.4939,-0.4574,-0.3878,-0.3304,-0.2479,-0.0678,0.2776,0.3543,-0.0703,-0.3588,-0.6485,-1.0801,-1.6323,-1.8817,-1.6901,-1.4064,-1.1893,-0.8461,-0.8521,-0.8572,-0.8604,-0.8607,-0.8573,-0.8494,-0.8372,-0.8213,-0.8028,-0.7824,-0.7594,-0.7322,-0.7012,-0.6727,-0.6455,-0.6074,-0.5646,-0.5215,-0.496,-0.462,-0.4152,-0.3734,-0.3135,-0.2195,-0.1644,-0.3052,-0.3451,-0.4296,-0.6161,-0.9357,-1.3607,-1.5907,-1.5016,-1.307,-1.1377,-0.833,-0.8366,-0.8391,-0.8398,-0.838,-0.8331,-0.8249,-0.8133,-0.7986,-0.7812,-0.7614,-0.739,-0.7138,-0.6865,-0.6586,-0.6293,-0.5956,-0.559,-0.5242,-0.492,-0.4534,-0.4158,-0.3987,-0.3726,-0.3394,-0.3747,-0.4851,-0.456,-0.481,-0.5679,-0.7483,-1.0054,-1.1874,-1.2083,-1.1339,-1.0402,-0.8201,-0.822,-0.8226,-0.8215,-0.8183,-0.8125,-0.804,-0.7928,-0.7789,-0.7626,-0.7439,-0.7229,-0.6996,-0.6746,-0.6482,-0.62,-0.5895,-0.5572,-0.5242,-0.4889,-0.4472,-0.408,-0.4004,-0.4003,-0.3937,-0.4118,-0.4472,-0.4741,-0.5041,-0.527,-0.6282,-0.7858,-0.9189,-0.9775,-0.9723,-0.9359,-0.8079,-0.8084,-0.8076,-0.8052,-0.8011,-0.7948,-0.7862,-0.7753,-0.7621,-0.7467,-0.7292,-0.7097,-0.6883,-0.6653,-0.6408,-0.6146,-0.5869,-0.5576,-0.5267,-0.4933,-0.4567,-0.425,-0.4147,-0.4184,-0.4231,-0.4359,-0.4594,-0.4896,-0.5064,-0.52,-0.5843,-0.6832,-0.7751,-0.8328,-0.8532,-0.8478]}]