docs/data/wind_grid.json
{"header": {"la1":42.1,"la2":41.55,"lo1":12.1,"lo2":12.95,"nx":50,"ny":50,"dx":0.01735,"dy":0.01122,"parameterCategory":2,"parameterNumber":2,"parameterNumberName":"eastward_wind","parameterUnit":"m.s-1"}, "data":
[rows 0 to 45 of 50, columns 0 to 49 of 50]
1.9439,1.9419,1.9398,1.9374,1.9349,1.9321,1.9292,1.926,1.9226,1.9191,1.9154,1.9117,1.9079,1.9041,1.9006,1.8972,1.8943,1.8918,1.89,1.889,1.8888,1.8895,1.8911,1.8936,1.8968,1.9006,1.9047,1.9089,1.9127,1.9159,1.9182,1.9192,1.9189,1.9171,1.914,1.9098,1.9049,1.8999,1.8952,1.8913,1.8886,1.8873,1.8874,1.8887,1.8911,1.8943,1.8981,1.9022,1.9066,1.9109
1.9445,1.9426,1.9404,1.938,1.9353,1.9325,1.9294,1.926,1.9225,1.9187,1.9147,1.9106,1.9065,1.9024,1.8984,1.8946,1.8913,1.8885,1.8864,1.8851,1.8848,1.8855,1.8873,1.8901,1.8937,1.898,1.9028,1.9076,1.912,1.9158,1.9184,1.9197,1.9192,1.9171,1.9134,1.9084,1.9025,1.8965,1.8909,1.8864,1.8834,1.8819,1.8822,1.8839,1.8868,1.8905,1.8949,1.8996,1.9045,1.9092
1.9453,1.9433,1.9411,1.9386,1.9359,1.9329,1.9297,1.9262,1.9224,1.9183,1.9141,1.9096,1.9051,1.9006,1.8961,1.8919,1.8881,1.8849,1.8824,1.8809,1.8804,1.8811,1.883,1.8861,1.8903,1.8952,1.9007,1.9062,1.9114,1.9158,1.9189,1.9204,1.9199,1.9174,1.9129,1.9069,1.9,1.8928,1.8862,1.8809,1.8775,1.876,1.8765,1.8786,1.8821,1.8866,1.8917,1.897,1.9024,1.9077
1.9462,1.9441,1.9419,1.9394,1.9366,1.9335,1.9301,1.9264,1.9224,1.9181,1.9135,1.9087,1.9038,1.8988,1.8938,1.8891,1.8848,1.881,1.8781,1.8762,1.8755,1.8762,1.8783,1.8817,1.8864,1.8921,1.8984,1.9048,1.9109,1.916,1.9197,1.9215,1.9209,1.918,1.9127,1.9056,1.8973,1.8887,1.881,1.8749,1.8709,1.8694,1.8703,1.873,1.8773,1.8825,1.8883,1.8944,1.9004,1.9062
1.9471,1.9451,1.9428,1.9403,1.9374,1.9342,1.9307,1.9268,1.9226,1.918,1.9131,1.9079,1.9025,1.897,1.8915,1.8862,1.8812,1.8769,1.8734,1.8711,1.8702,1.8708,1.873,1.8768,1.8822,1.8886,1.8958,1.9033,1.9104,1.9164,1.9208,1.923,1.9224,1.919,1.9128,1.9044,1.8945,1.8844,1.8752,1.8681,1.8638,1.8623,1.8636,1.8671,1.8722,1.8784,1.8851,1.8919,1.8985,1.9049
1.9482,1.9462,1.9439,1.9413,1.9384,1.9351,1.9315,1.9274,1.923,1.9181,1.9129,1.9073,1.9014,1.8953,1.8891,1.8831,1.8775,1.8725,1.8684,1.8655,1.8642,1.8647,1.8671,1.8714,1.8774,1.8848,1.8931,1.9017,1.91,1.9171,1.9224,1.925,1.9245,1.9206,1.9134,1.9034,1.8917,1.8797,1.869,1.8608,1.856,1.8547,1.8566,1.861,1.8671,1.8743,1.8819,1.8895,1.8969,1.9038
1.9493,1.9473,1.9451,1.9425,1.9395,1.9362,1.9324,1.9282,1.9235,1.9184,1.9128,1.9067,1.9003,1.8936,1.8868,1.88,1.8736,1.8678,1.8629,1.8594,1.8577,1.858,1.8605,1.8653,1.8721,1.8805,1.8901,1.9001,1.9098,1.9182,1.9244,1.9277,1.9273,1.9229,1.9145,1.9028,1.8891,1.8749,1.8623,1.8529,1.8476,1.8466,1.8492,1.8547,1.8621,1.8704,1.879,1.8874,1.8955,1.9029
1.9506,1.9487,1.9464,1.9438,1.9408,1.9374,1.9336,1.9292,1.9243,1.9189,1.9129,1.9064,1.8995,1.8921,1.8845,1.8769,1.8695,1.8628,1.857,1.8528,1.8505,1.8506,1.8532,1.8584,1.8661,1.8758,1.8868,1.8984,1.9097,1.9196,1.9271,1.9312,1.931,1.9261,1.9165,1.9029,1.8867,1.8701,1.8554,1.8447,1.8389,1.8382,1.8418,1.8486,1.8572,1.8667,1.8764,1.8857,1.8944,1.9024
1.952,1.9501,1.9479,1.9453,1.9423,1.9389,1.935,1.9305,1.9254,1.9197,1.9134,1.9064,1.8988,1.8908,1.8823,1.8738,1.8654,1.8575,1.8507,1.8456,1.8426,1.8423,1.845,1.8508,1.8595,1.8705,1.8832,1.8967,1.9098,1.9215,1.9304,1.9356,1.9358,1.9305,1.9196,1.9039,1.8851,1.8657,1.8486,1.8363,1.8301,1.8299,1.8347,1.8428,1.8528,1.8636,1.8743,1.8845,1.8939,1.9023
1.9535,1.9517,1.9495,1.947,1.944,1.9406,1.9366,1.932,1.9267,1.9208,1.9141,1.9066,1.8985,1.8897,1.8803,1.8707,1.8612,1.8521,1.844,1.8377,1.8338,1.833,1.8358,1.8423,1.8521,1.8648,1.8794,1.8949,1.9102,1.9239,1.9347,1.9411,1.9419,1.9363,1.9242,1.9063,1.8845,1.8619,1.8422,1.8283,1.8217,1.8221,1.8281,1.8377,1.8492,1.8612,1.873,1.8839,1.8938,1.9027
1.9552,1.9534,1.9513,1.9489,1.9459,1.9425,1.9385,1.9338,1.9284,1.9222,1.9152,1.9073,1.8985,1.8889,1.8786,1.8679,1.857,1.8464,1.8369,1.8292,1.8242,1.8228,1.8257,1.8328,1.844,1.8584,1.8752,1.8932,1.9109,1.927,1.9399,1.9479,1.9496,1.944,1.9307,1.9105,1.8856,1.8596,1.837,1.8213,1.8142,1.8153,1.8226,1.8337,1.8466,1.8598,1.8725,1.8841,1.8945,1.9037
1.957,1.9553,1.9533,1.9509,1.9481,1.9447,1.9407,1.936,1.9305,1.924,1.9167,1.9083,1.8989,1.8885,1.8772,1.8652,1.8529,1.8408,1.8295,1.8201,1.8137,1.8115,1.8144,1.8224,1.8351,1.8517,1.8709,1.8915,1.9121,1.9309,1.9463,1.9562,1.9592,1.9538,1.9396,1.9172,1.8891,1.8596,1.8338,1.8162,1.8087,1.8104,1.8189,1.8314,1.8455,1.8597,1.873,1.8851,1.8958,1.9052
1.9589,1.9573,1.9555,1.9532,1.9505,1.9472,1.9432,1.9385,1.9329,1.9263,1.9187,1.9098,1.8998,1.8886,1.8763,1.863,1.8491,1.8351,1.8219,1.8104,1.8023,1.7991,1.8019,1.811,1.8255,1.8445,1.8665,1.8901,1.9138,1.9358,1.9541,1.9665,1.971,1.9663,1.9515,1.9272,1.896,1.8629,1.8339,1.8142,1.806,1.8081,1.8176,1.8312,1.8462,1.861,1.8748,1.8872,1.898,1.9074
1.9609,1.9595,1.9578,1.9557,1.9531,1.95,1.9461,1.9414,1.9358,1.9291,1.9212,1.912,1.9014,1.8894,1.876,1.8614,1.8458,1.8298,1.8142,1.8004,1.7901,1.7856,1.7884,1.7987,1.8154,1.8371,1.8622,1.8891,1.9163,1.9419,1.9635,1.9788,1.9856,1.982,1.967,1.9412,1.9073,1.8707,1.8384,1.8165,1.8073,1.8095,1.8195,1.8336,1.849,1.8641,1.878,1.8903,1.9011,1.9103
1.963,1.9619,1.9604,1.9584,1.956,1.953,1.9493,1.9447,1.9391,1.9323,1.9243,1.9147,1.9036,1.8908,1.8764,1.8604,1.8432,1.825,1.8069,1.7902,1.7772,1.7709,1.7738,1.7857,1.8052,1.8299,1.8582,1.8887,1.9198,1.9493,1.9748,1.9936,2.0031,2.0013,1.9868,1.9601,1.9239,1.8842,1.8487,1.8244,1.8138,1.8154,1.8251,1.839,1.8543,1.8691,1.8826,1.8946,1.905,1.914
1.9653,1.9643,1.963,1.9614,1.9592,1.9564,1.9529,1.9485,1.943,1.9362,1.928,1.9182,1.9066,1.8932,1.8778,1.8605,1.8415,1.8212,1.8003,1.7803,1.7639,1.7555,1.7584,1.7727,1.7952,1.8232,1.855,1.8892,1.9244,1.9584,1.9883,2.0112,2.0242,2.0247,2.0115,1.9845,1.9467,1.9044,1.866,1.839,1.8264,1.8264,1.8349,1.8478,1.8621,1.876,1.8888,1.9001,1.9099,1.9183
1.9677,1.9669,1.9659,1.9645,1.9626,1.9601,1.9569,1.9527,1.9473,1.9407,1.9325,1.9225,1.9106,1.8965,1.8802,1.8617,1.8411,1.8187,1.7951,1.7715,1.7511,1.7398,1.7431,1.7603,1.7865,1.8179,1.8529,1.8909,1.9304,1.9693,2.0043,2.032,2.0491,2.0527,2.0414,2.0149,1.9763,1.9319,1.8907,1.8608,1.8454,1.8428,1.849,1.8599,1.8724,1.8849,1.8964,1.9067,1.9156,1.9233
1.9701,1.9697,1.9689,1.9679,1.9663,1.9641,1.9612,1.9573,1.9523,1.9458,1.9376,1.9276,1.9154,1.9009,1.8839,1.8643,1.8422,1.818,1.792,1.7651,1.7401,1.725,1.729,1.7502,1.7802,1.8145,1.8525,1.894,1.9381,1.9823,2.023,2.0562,2.0781,2.0855,2.0766,2.0513,2.0124,1.9664,1.9227,1.8895,1.8705,1.8644,1.8672,1.8751,1.8852,1.8956,1.9054,1.9143,1.9221,1.9289
1.9727,1.9725,1.9721,1.9714,1.9702,1.9685,1.9659,1.9625,1.9577,1.9515,1.9436,1.9336,1.9213,1.9065,1.8889,1.8684,1.8452,1.8196,1.792,1.7626,1.7332,1.7138,1.7188,1.7445,1.7776,1.8138,1.854,1.8988,1.9475,1.9974,2.0445,2.084,2.1114,2.1231,2.117,2.0931,2.0543,2.0071,1.9609,1.9241,1.9008,1.8902,1.8888,1.893,1.8999,1.9078,1.9156,1.9229,1.9293,1.935
1.9753,1.9755,1.9754,1.9751,1.9744,1.9731,1.9711,1.968,1.9638,1.958,1.9503,1.9405,1.9283,1.9133,1.8954,1.8743,1.8502,1.8237,1.7955,1.7657,1.7343,1.7111,1.7173,1.7461,1.7799,1.8163,1.8577,1.9054,1.9587,2.0147,2.0688,2.1152,2.1486,2.1649,2.1618,2.1392,2.1003,2.0518,2.0031,1.9626,1.9347,1.919,1.9129,1.9128,1.9162,1.9212,1.9267,1.9321,1.9371,1.9416
1.978,1.9785,1.9788,1.979,1.9787,1.978,1.9765,1.9741,1.9704,1.9651,1.9578,1.9483,1.9363,1.9214,1.9034,1.8819,1.8572,1.8303,1.8026,1.775,1.7469,1.7247,1.7305,1.7568,1.7871,1.8217,1.8634,1.9136,1.9715,2.0339,2.0954,2.1492,2.1889,2.2098,2.2092,2.1875,2.1482,2.0982,2.047,2.0027,1.9701,1.9494,1.9383,1.9338,1.9335,1.9354,1.9384,1.9419,1.9453,1.9485
1.9807,1.9816,1.9823,1.9829,1.9833,1.9831,1.9823,1.9806,1.9776,1.9729,1.9661,1.957,1.9453,1.9307,1.9128,1.8913,1.8663,1.8391,1.8122,1.7884,1.7693,1.7566,1.7589,1.7744,1.7976,1.8292,1.8708,1.9232,1.9855,2.0543,2.1234,2.1848,2.2308,2.2558,2.2571,2.2354,2.195,2.1434,2.0897,2.0421,2.0053,1.9798,1.964,1.9552,1.9511,1.95,1.9505,1.9519,1.9537,1.9556
1.9835,1.9847,1.9859,1.987,1.9879,1.9885,1.9884,1.9875,1.9852,1.9813,1.9751,1.9665,1.9552,1.9411,1.9237,1.9025,1.8773,1.8496,1.8229,1.8021,1.7912,1.7892,1.7877,1.7921,1.8088,1.8378,1.8793,1.9338,2.0002,2.0751,2.1515,2.2201,2.2718,2.3001,2.3022,2.2798,2.2379,2.1845,2.1289,2.0787,2.0383,2.0088,1.9888,1.9761,1.9686,1.9645,1.9626,1.962,1.9622,1.9628
1.9862,1.9878,1.9895,1.9911,1.9927,1.994,1.9948,1.9947,1.9934,1.9903,1.9848,1.9767,1.9658,1.9523,1.9357,1.9153,1.8902,1.8618,1.834,1.8129,1.8035,1.8037,1.8023,1.8042,1.8186,1.8466,1.8885,1.9449,2.0149,2.095,2.1777,2.2524,2.3087,2.3392,2.3413,2.3175,2.2741,2.2195,2.1627,2.1108,2.068,2.0354,2.0119,1.9959,1.9853,1.9785,1.9744,1.9719,1.9706,1.97
1.9889,1.9909,1.993,1.9952,1.9975,1.9996,2.0013,2.0023,2.0021,1.9999,1.9951,1.9874,1.9769,1.964,1.9485,1.9294,1.905,1.8758,1.8458,1.8216,1.8085,1.8056,1.8061,1.8113,1.8271,1.8556,1.8983,1.9561,2.0287,2.1126,2.1998,2.2789,2.3381,2.3696,2.3711,2.3461,2.3017,2.2468,2.1899,2.1375,2.0934,2.0587,2.0327,2.014,2.0009,1.9918,1.9857,1.9815,1.9788,1.977
1.9915,1.9939,1.9965,1.9993,2.0022,2.0052,2.008,2.0101,2.0111,2.01,2.0061,1.9987,1.9881,1.9756,1.9615,1.9444,1.9215,1.8919,1.8593,1.8312,1.8134,1.8071,1.8089,1.8176,1.8356,1.8652,1.9084,1.967,2.0408,2.1264,2.2158,2.2968,2.3571,2.3885,2.3893,2.3638,2.3196,2.2657,2.21,2.1583,2.1141,2.0784,2.0509,2.0302,2.0151,2.0041,1.9963,1.9906,1.9866,1.9837
1.994,1.9967,1.9998,2.0032,2.0069,2.0107,2.0146,2.018,2.0204,2.0208,2.0177,2.0104,1.9993,1.9865,1.9737,1.9592,1.9389,1.9099,1.8756,1.8441,1.8227,1.8138,1.8157,1.826,1.8454,1.8756,1.9189,1.9771,2.0505,2.1356,2.2244,2.3047,2.3642,2.3948,2.3953,2.3704,2.328,2.2765,2.2232,2.1734,2.1301,2.0944,2.0661,2.0442,2.0277,2.0153,2.006,1.9991,1.994,1.9901
1.9963,1.9995,2.003,2.0069,2.0113,2.016,2.021,2.0259,2.0299,2.0319,2.0301,2.0228,2.0103,1.9961,1.9841,1.9728,1.956,1.9289,1.8942,1.8608,1.8371,1.8263,1.8272,1.8375,1.857,1.8869,1.9295,1.9863,2.0575,2.1398,2.2253,2.3025,2.3596,2.389,2.3899,2.3669,2.3275,2.2797,2.2301,2.1831,2.1417,2.1068,2.0784,2.056,2.0385,2.0251,2.0148,2.0069,2.0008,1.9961
1.9985,2.002,2.0059,2.0104,2.0154,2.021,2.0271,2.0335,2.0393,2.0434,2.0433,2.0361,2.0212,2.0039,1.9917,1.9837,1.9711,1.947,1.9135,1.8798,1.855,1.8427,1.8421,1.8514,1.87,1.899,1.9399,1.9942,2.0617,2.1393,2.2194,2.2916,2.3451,2.3731,2.375,2.3549,2.3199,2.2768,2.2314,2.1881,2.1491,2.1157,2.088,2.0656,2.0477,2.0336,2.0225,2.0138,2.007,2.0016
2.0005,2.0043,2.0086,2.0135,2.0191,2.0255,2.0327,2.0405,2.0483,2.0548,2.0571,2.0507,2.0326,2.01,1.996,1.9908,1.9824,1.962,1.9311,1.8989,1.8742,1.8609,1.8588,1.8667,1.8839,1.9112,1.9498,2.0007,2.0635,2.1349,2.2083,2.2743,2.3235,2.3501,2.3533,2.3369,2.3067,2.2688,2.2284,2.1891,2.1531,2.1217,2.0951,2.0731,2.0552,2.0408,2.0292,2.02,2.0126,2.0066
2.0023,2.0063,2.0109,2.0162,2.0224,2.0294,2.0375,2.0466,2.0563,2.0654,2.0708,2.0663,2.0451,2.0149,1.9973,1.994,1.9891,1.9725,1.9453,1.916,1.8925,1.8789,1.8757,1.8821,1.8977,1.923,1.9588,2.0058,2.0631,2.1278,2.1938,2.253,2.2977,2.3227,2.3275,2.3149,2.2898,2.2573,2.2219,2.1868,2.1541,2.125,2.0999,2.0787,2.0611,2.0467,2.0349,2.0253,2.0175,2.0112
2.0039,2.0081,2.0129,2.0185,2.025,2.0326,2.0414,2.0515,2.0626,2.074,2.0826,2.0811,2.0584,2.0203,1.9976,1.9945,1.9917,1.9785,1.9555,1.9299,1.9086,1.8955,1.8917,1.8969,1.9109,1.934,1.9669,2.0096,2.0612,2.1189,2.1774,2.23,2.2701,2.2937,2.2998,2.2909,2.2706,2.2434,2.2129,2.182,2.1527,2.1261,2.1027,2.0826,2.0656,2.0513,2.0396,2.0298,2.0218,2.0151
2.0052,2.0095,2.0145,2.0203,2.027,2.0349,2.0441,2.0547,2.0668,2.0796,2.0904,2.0916,2.0695,2.0272,2.0,1.9948,1.9921,1.9812,1.9623,1.9406,1.922,1.9101,1.9062,1.9105,1.923,1.944,1.9738,2.0123,2.0583,2.1092,2.1606,2.2069,2.2427,2.2647,2.272,2.2663,2.2505,2.2281,2.2022,2.1754,2.1494,2.1254,2.1038,2.0849,2.0687,2.0549,2.0433,2.0336,2.0254,2.0186
2.0062,2.0106,2.0157,2.0215,2.0284,2.0363,2.0456,2.0563,2.0685,2.0814,2.0925,2.0943,2.0741,2.034,2.0052,1.9963,1.992,1.9824,1.9668,1.9488,1.933,1.9225,1.9189,1.9226,1.9339,1.9529,1.9797,2.014,2.0547,2.0994,2.1442,2.1847,2.2166,2.2371,2.2452,2.2422,2.2302,2.2121,2.1905,2.1675,2.1447,2.1232,2.1035,2.086,2.0707,2.0575,2.0462,2.0366,2.0285,2.0216
2.007,2.0114,2.0165,2.0223,2.029,2.0369,2.0459,2.0562,2.0678,2.0796,2.0891,2.0897,2.0718,2.0381,2.0111,1.9991,1.9923,1.9831,1.9699,1.955,1.9418,1.9329,1.9299,1.9332,1.9434,1.9605,1.9845,2.015,2.0508,2.0898,2.1289,2.1643,2.1926,2.2115,2.2201,2.2193,2.2106,2.1962,2.1784,2.1588,2.139,2.1199,2.1021,2.086,2.0717,2.0592,2.0484,2.039,2.031,2.0241
2.0076,2.0119,2.0169,2.0226,2.0291,2.0366,2.0451,2.0547,2.065,2.0749,2.0819,2.0807,2.0653,2.0388,2.0154,2.0019,1.9932,1.9839,1.9724,1.96,1.949,1.9417,1.9392,1.9424,1.9517,1.967,1.9884,2.0154,2.0468,2.0808,2.1148,2.1457,2.1708,2.1882,2.1971,2.1979,2.1919,2.1807,2.1661,2.1497,2.1326,2.1157,2.0998,2.0851,2.0719,2.0601,2.0498,2.0407,2.0329,2.0261
2.0079,2.0122,2.017,2.0224,2.0286,2.0356,2.0434,2.052,2.0607,2.0685,2.0731,2.0705,2.0575,2.037,2.0176,2.0041,1.9943,1.9849,1.9746,1.9641,1.9551,1.949,1.9472,1.9503,1.9587,1.9725,1.9916,2.0154,2.0429,2.0726,2.1021,2.1291,2.1514,2.1673,2.1762,2.1783,2.1744,2.1659,2.1541,2.1404,2.1257,2.111,2.0968,2.0835,2.0714,2.0604,2.0506,2.042,2.0344,2.0277
2.008,2.0121,2.0167,2.0219,2.0277,2.0341,2.0411,2.0484,2.0556,2.0614,2.064,2.0607,2.0499,2.034,2.018,2.0053,1.9952,1.986,1.9767,1.9677,1.9602,1.9553,1.954,1.9571,1.9648,1.9772,1.9941,2.0151,2.0392,2.065,2.0908,2.1144,2.1342,2.1488,2.1575,2.1605,2.1583,2.1519,2.1425,2.1311,2.1187,2.1059,2.0933,2.0814,2.0702,2.0601,2.0509,2.0427,2.0354,2.0289
2.0079,2.0118,2.0162,2.021,2.0263,2.0321,2.0382,2.0444,2.0501,2.0543,2.0554,2.0519,2.043,2.0304,2.0172,2.0056,1.9959,1.987,1.9786,1.9708,1.9645,1.9606,1.9599,1.9629,1.9699,1.981,1.9961,2.0146,2.0358,2.0583,2.0807,2.1015,2.1191,2.1324,2.1408,2.1444,2.1435,2.1389,2.1315,2.1221,2.1116,2.1005,2.0895,2.0788,2.0687,2.0593,2.0507,2.043,2.036,2.0298
2.0076,2.0113,2.0154,2.0198,2.0247,2.0298,2.0351,2.0402,2.0446,2.0475,2.0477,2.0442,2.0368,2.0266,2.0156,2.0053,1.9962,1.988,1.9804,1.9736,1.9683,1.9652,1.9649,1.9678,1.9743,1.9843,1.9977,2.014,2.0326,2.0523,2.0719,2.0901,2.1058,2.1179,2.126,2.1299,2.13,2.1269,2.1211,2.1135,2.1046,2.0951,2.0854,2.0758,2.0667,2.0581,2.0502,2.0429,2.0363,2.0304
2.0072,2.0107,2.0144,2.0185,2.0228,2.0273,2.0318,2.036,2.0394,2.0413,2.0409,2.0375,2.0313,2.0229,2.0136,2.0046,1.9964,1.9888,1.982,1.9761,1.9716,1.9692,1.9692,1.972,1.978,1.987,1.9989,2.0133,2.0296,2.0469,2.0641,2.0802,2.0941,2.1052,2.1128,2.117,2.1179,2.1158,2.1114,2.1052,2.0978,2.0896,2.0812,2.0727,2.0645,2.0566,2.0493,2.0425,2.0363,2.0306
2.0066,2.0098,2.0133,2.017,2.0209,2.0248,2.0286,2.0319,2.0344,2.0356,2.0348,2.0318,2.0264,2.0194,2.0115,2.0037,1.9963,1.9894,1.9834,1.9783,1.9745,1.9726,1.9729,1.9756,1.9811,1.9892,1.9998,2.0126,2.027,2.0421,2.0573,2.0715,2.0839,2.094,2.1012,2.1054,2.1068,2.1057,2.1024,2.0974,2.0912,2.0843,2.0769,2.0694,2.062,2.0549,2.0482,2.0419,2.036,2.0307
2.006,2.0089,2.0121,2.0154,2.0188,2.0222,2.0253,2.028,2.0299,2.0305,2.0296,2.0267,2.0221,2.0162,2.0095,2.0026,1.996,1.99,1.9846,1.9802,1.9771,1.9756,1.9761,1.9787,1.9837,1.9911,2.0006,2.0119,2.0245,2.0379,2.0513,2.0639,2.075,2.0841,2.0909,2.0951,2.0969,2.0964,2.094,2.0901,2.0849,2.079,2.0726,2.066,2.0594,2.053,2.0468,2.041,2.0355,2.0305
2.0052,2.0079,2.0108,2.0138,2.0168,2.0196,2.0223,2.0244,2.0257,2.026,2.0249,2.0223,2.0183,2.0132,2.0075,2.0015,1.9957,1.9904,1.9857,1.9819,1.9793,1.9782,1.9788,1.9814,1.986,1.9926,2.0011,2.0111,2.0223,2.0341,2.046,2.0571,2.0671,2.0754,2.0817,2.0859,2.0879,2.088,2.0863,2.0832,2.079,2.074,2.0685,2.0627,2.0568,2.051,2.0453,2.0399,2.0348,2.0301
2.0044,2.0069,2.0095,2.0121,2.0147,2.0172,2.0193,2.021,2.022,2.022,2.0208,2.0185,2.015,2.0106,2.0056,2.0004,1.9954,1.9907,1.9866,1.9834,1.9812,1.9804,1.9812,1.9836,1.9879,1.9939,2.0015,2.0104,2.0203,2.0308,2.0413,2.0512,2.0602,2.0677,2.0736,2.0776,2.0798,2.0803,2.0792,2.0768,2.0734,2.0691,2.0644,2.0593,2.0541,2.0488,2.0437,2.0387,2.034,2.0296
2.0035,2.0058,2.0082,2.0105,2.0127,2.0148,2.0166,2.0179,2.0186,2.0184,2.0173,2.0151,2.012,2.0082,2.0039,1.9994,1.995,1.991,1.9874,1.9847,1.9829,1.9824,1.9832,1.9856,1.9895,1.9949,2.0017,2.0097,2.0185,2.0278,2.0371,2.046,2.0541,2.0609,2.0664,2.0703,2.0725,2.0733,2.0727,2.0709,2.0681,2.0645,2.0604,2.056,2.0513,2.0466,2.042,2.0374,2.033,2.0289
