docs/data/wind_grid.json
[{"header":{"la1":42.85,"la2":41.18,"lo1":11.55,"lo2":14.05,"nx":36,"ny":24,"dx":0.07143,"dy":0.07261,"parameterCategory":2,"parameterNumber":2,"parameterNumberName":"eastward_wind","parameterUnit":"m.s-1"},"data":[3.5567,3.5643,3.5723,3.5805,3.5888,3.5967,3.6039,3.6098,3.6141,3.6169,3.6187,3.6197,3.6202,3.6203,3.6198,3.6183,3.6155,3.6111,3.6049,3.5963,3.5854,3.5719,3.5562,3.5387,3.5199,3.5002,3.48,3.4599,3.44,3.4207,3.4021,3.3844,3.3678,3.3522,3.3379,3.3248,3.5596,3.5681,3.5771,3.5868,3.5968,3.6068,3.6158,3.6231,3.6279,3.6305,3.6317,3.6324,3.633,3.6336,3.6338,3.6329,3.6307,3.6268,3.6207,3.6119,3.6,3.5849,3.5671,3.5471,3.5256,3.5032,3.4806,3.4581,3.436,3.4148,3.3945,3.3754,3.3575,3.341,3.3258,3.3122,3.5618,3.5711,3.5814,3.5927,3.6051,3.6179,3.6301,3.6396,3.645,3.6464,3.6459,3.6457,3.6464,3.6478,3.6488,3.6488,3.6472,3.6439,3.6381,3.6292,3.6163,3.5993,3.5787,3.5556,3.5309,3.5055,3.4799,3.4548,3.4304,3.407,3.3849,3.3642,3.3451,3.3275,3.3116,3.2974,3.5631,3.5731,3.5845,3.5977,3.613,3.6302,3.6477,3.6617,3.6678,3.666,3.6615,3.6593,3.6603,3.663,3.6654,3.6662,3.665,3.6619,3.6567,3.6481,3.6343,3.6149,3.5909,3.564,3.5355,3.5064,3.4776,3.4495,3.4226,3.397,3.3729,3.3506,3.3301,3.3116,3.2949,3.2802,3.5632,3.5737,3.5859,3.6007,3.6192,3.6424,3.6693,3.6933,3.7014,3.6913,3.6777,3.6721,3.6743,3.6797,3.6842,3.6856,3.6835,3.6792,3.6742,3.6668,3.6527,3.6306,3.6026,3.5713,3.5384,3.5053,3.4729,3.4417,3.412,3.384,3.358,3.334,3.3122,3.2926,3.2753,3.2603,3.5621,3.5726,3.585,3.6006,3.6212,3.6505,3.6916,3.7369,3.7521,3.7219,3.6908,3.6821,3.6885,3.6992,3.7071,3.7086,3.7029,3.6926,3.6847,3.6802,3.6685,3.6448,3.6126,3.5764,3.5387,3.5013,3.4651,3.4306,3.398,3.3676,3.3395,3.3138,3.2907,3.2702,3.2523,3.237,3.5597,3.5698,3.5816,3.5962,3.6161,3.6467,3.6977,3.7705,3.8006,3.7386,3.6901,3.6865,3.7044,3.7247,3.7377,3.7392,3.7276,3.7044,3.6846,3.6837,3.6789,3.6555,3.6195,3.5781,3.5353,3.4934,3.4532,3.4154,3.3799,3.347,3.3168,3.2894,3.265,3.2436,3.2252,3.21,3.5561,3.5655,3.576,3.588,3.6032,3.6253,3.6631,3.7214,3.745,3.6896,3.6625,3.6852,3.726,3.7617,3.782,3.7845,3.7694,3.737,3.7037,3.6962,3.691,3.6647,3.6231,3.5755,3.5271,3.4804,3.4363,3.3951,3.3568,3.3215,3.2891,3.26,3.2342,3.212,3.1934,3.1785,3.5519,3.5605,3.5695,3.5786,3.5873,3.5951,3.6012,3.6019,3.5847,3.5685,3.606,3.6832,3.7624,3.8203,3.8481,3.851,3.8384,3.8118,3.777,3.7494,3.7209,3.678,3.6243,3.5677,3.5127,3.4611,3.4133,3.369,3.328,3.2902,3.2556,3.2246,3.1974,3.1745,3.1559,3.1416,3.547,3.5553,3.5636,3.5712,3.5764,3.5748,3.5566,3.5008,3.3971,3.3732,3.5207,3.6917,3.8291,3.9183,3.9475,3.9406,3.9341,3.929,3.9008,3.8445,3.7731,3.6966,3.6217,3.5526,3.4903,3.4342,3.3833,3.3363,3.2927,3.2523,3.2152,3.1821,3.1534,3.1298,3.1115,3.0984,3.5417,3.55,3.5588,3.5675,3.575,3.5775,3.5625,3.4823,3.2088,3.0774,3.4487,3.733,3.9448,4.0905,4.0983,4.0451,4.0531,4.1143,4.1056,3.9878,3.8403,3.7115,3.6083,3.5256,3.4572,3.3982,3.3452,3.2963,3.2502,3.2069,3.1669,3.131,3.1005,3.0762,3.0586,3.0475,3.5357,3.5442,3.5541,3.5658,3.5802,3.5989,3.6215,3.6193,3.4228,3.2763,3.5419,3.809,4.0833,4.3987,4.311,4.1265,4.188,4.4776,4.5016,4.1857,3.8955,3.7002,3.571,3.4804,3.4108,3.3521,3.299,3.2488,3.2003,3.1534,3.1092,3.0694,3.0362,3.0112,2.995,2.9873,3.5284,3.537,3.5476,3.5617,3.582,3.6146,3.6681,3.7139,3.678,3.5635,3.6599,3.8869,4.0513,4.4817,4.3644,4.0846,4.2554,5.0449,5.044,4.3095,3.8639,3.6258,3.4934,3.411,3.3496,3.2961,3.2452,3.1944,3.1429,3.0909,3.0403,2.9944,2.9571,2.9313,2.9177,2.9154,3.5196,3.5276,3.5376,3.5513,3.5714,3.6032,3.6523,3.713,3.6704,3.5721,3.6269,3.9773,4.0527,3.4295,3.8224,3.8868,4.0421,4.557,4.6088,4.0551,3.6559,3.4547,3.3666,3.3181,3.2766,3.2331,3.1861,3.135,3.0791,3.0189,2.9577,2.9016,2.8576,2.831,2.8225,2.8293,3.5092,3.5157,3.5236,3.5339,3.5478,3.5663,3.5868,3.5907,3.5348,3.4304,3.3693,3.439,3.454,3.2164,3.5438,3.7596,3.8676,3.8972,3.8545,3.5734,3.2789,3.1833,3.2026,3.2144,3.2002,3.1685,3.126,3.0739,3.011,2.9374,2.8579,2.7836,2.7288,2.7024,2.7041,2.7265,3.4974,3.5018,3.5066,3.5119,3.5171,3.5202,3.5145,3.4842,3.4036,3.2434,3.0021,2.9104,3.0961,3.2965,3.4399,3.6381,3.7604,3.6165,3.4359,3.1771,2.8401,2.8842,3.0547,3.1255,3.1325,3.11,3.0714,3.0173,2.9434,2.8474,2.7356,2.629,2.5564,2.5343,2.5568,2.6059,3.4848,3.4869,3.4883,3.4886,3.4863,3.4782,3.4582,3.4151,3.3331,3.192,3.017,3.0232,3.0415,3.0594,3.2917,3.4136,3.4218,3.2513,3.0712,2.9959,2.7752,2.8337,3.0021,3.0721,3.0825,3.0674,3.0345,2.9759,2.8838,2.7519,2.5851,2.4211,2.3216,2.316,2.3795,2.4716,3.472,3.4718,3.4704,3.4668,3.4595,3.4457,3.4211,3.3801,3.3173,3.2352,3.1627,3.1298,3.0533,3.046,3.1998,3.2399,3.1938,2.8889,2.5945,2.8863,2.9545,2.969,3.0175,3.0441,3.0523,3.0591,3.0399,2.9637,2.8395,2.6582,2.4075,2.1491,2.0156,2.0539,2.1879,2.3392,3.4594,3.4575,3.4539,3.4478,3.4379,3.4222,3.3986,3.3648,3.3208,3.2716,3.2282,3.1952,3.1657,3.1642,3.148,3.1277,3.1239,2.9118,2.759,2.9873,3.0294,3.0215,3.0152,3.0131,3.0334,3.1079,3.1192,2.9712,2.8009,2.5794,2.2399,1.8657,1.7045,1.8142,2.0309,2.2391,3.4475,3.4443,3.4392,3.4317,3.4209,3.4055,3.3847,3.3579,3.3262,3.293,3.2624,3.2368,3.2159,3.1955,3.1559,3.1377,3.1309,3.0698,3.1235,3.177,3.0751,3.0097,2.9699,2.955,2.9762,3.0901,3.1151,2.8765,2.7287,2.5334,2.1789,1.7621,1.594,1.7345,1.98,2.2052,3.4364,3.4322,3.4263,3.4183,3.4074,3.3932,3.3753,3.3538,3.3296,3.3047,3.2809,3.2592,3.2387,3.2163,3.1905,3.1706,3.1481,3.1184,3.1215,3.1179,3.0308,2.919,2.8587,2.8568,2.8446,2.7615,2.545,2.5622,2.618,2.5248,2.2644,1.9419,1.7903,1.8734,2.0599,2.2478,3.4262,3.4214,3.4151,3.4069,3.3964,3.3835,3.368,3.3501,3.3306,3.3104,3.2903,3.2707,3.251,3.2301,3.2079,3.1847,3.1573,3.1253,3.0929,3.0379,2.909,2.7186,2.6554,2.7352,2.7382,2.5652,2.3227,2.4177,2.5565,2.5432,2.3986,2.2063,2.0929,2.112,2.2153,2.3424,3.4168,3.4116,3.4051,3.397,3.3871,3.3753,3.3616,3.3463,3.3296,3.3121,3.2943,3.276,3.2571,3.2368,3.2146,3.1892,3.1586,3.1202,3.0679,2.9799,2.8134,2.5805,2.5232,2.6637,2.7117,2.617,2.5031,2.5197,2.5831,2.5839,2.5118,2.4089,2.3366,2.3292,2.3774,2.4535,3.4082,3.4028,3.3962,3.3883,3.379,3.3681,3.3557,3.342,3.3272,3.3115,3.295,3.2776,3.2591,3.2389,3.2161,3.1894,3.1566,3.1142,3.0551,2.9647,2.8271,2.6745,2.6309,2.6998,2.7357,2.6999,2.6488,2.6364,2.6471,2.6397,2.601,2.5464,2.5036,2.4922,2.5136,2.5574]},{"header":{"la1":42.85,"la2":41.18,"lo1":11.55,"lo2":14.05,"nx":36,"ny":24,"dx":0.07143,"dy":0.07261,"parameterCategory":2,"parameterNumber":3,"parameterNumberName":"northward_wind","parameterUnit":"m.s-1"},"data":[1.661,1.6426,1.6219,1.5994,1.5759,1.5533,1.5339,1.5201,1.5128,1.5107,1.5096,1.5043,1.4895,1.4621,1.4209,1.3682,1.3101,1.2562,1.2175,1.2029,1.2149,1.2495,1.2989,1.3548,1.4109,1.4631,1.5097,1.55,1.5843,1.6132,1.6373,1.6575,1.6743,1.6885,1.7004,1.7105,1.6582,1.6368,1.6116,1.5829,1.5516,1.52,1.4925,1.4741,1.4682,1.4733,1.4822,1.4853,1.4738,1.4418,1.387,1.3113,1.2228,1.1375,1.0761,1.0554,1.079,1.1372,1.214,1.295,1.3714,1.4387,1.4959,1.5434,1.5823,1.6141,1.6399,1.661,1.6783,1.6926,1.7044,1.7143,1.6573,1.6326,1.6023,1.5657,1.5228,1.4765,1.4333,1.4044,1.3996,1.4182,1.4466,1.4665,1.4631,1.4276,1.3551,1.2454,1.1077,0.9675,0.8653,0.8367,0.8866,0.9894,1.1117,1.23,1.3331,1.4185,1.4871,1.5415,1.5845,1.6185,1.6454,1.6668,1.6841,1.6981,1.7095,1.719,1.6592,1.6317,1.5962,1.5503,1.4918,1.4216,1.3483,1.2943,1.2873,1.3323,1.3991,1.4499,1.4623,1.4256,1.3322,1.1752,0.9584,0.7181,0.5377,0.5011,0.612,0.8004,0.9967,1.1668,1.3025,1.407,1.4864,1.5466,1.5923,1.6272,1.6541,1.6751,1.6917,1.7049,1.7156,1.7245,1.6649,1.6358,1.5964,1.5418,1.4653,1.3606,1.2319,1.1176,1.0961,1.1965,1.3389,1.4417,1.4782,1.4443,1.3307,1.1166,0.7819,0.3603,0.0212,-0.0162,0.2363,0.5817,0.8874,1.1205,1.2895,1.4105,1.4974,1.5604,1.6065,1.6406,1.6663,1.6858,1.701,1.713,1.7226,1.7305,1.6752,1.6467,1.6065,1.5474,1.457,1.3156,1.1038,0.8606,0.7869,1.007,1.2853,1.4572,1.5201,1.4926,1.368,1.1057,0.6344,-0.0704,-0.7137,-0.724,-0.186,0.3956,0.8258,1.1146,1.3063,1.435,1.5231,1.5843,1.6276,1.6587,1.6815,1.6986,1.7117,1.7219,1.7302,1.7369,1.6902,1.6648,1.6286,1.5736,1.4845,1.3309,1.0597,0.6606,0.4919,0.8905,1.3091,1.5219,1.595,1.5746,1.458,1.1919,0.6576,-0.2753,-1.2604,-1.2242,-0.3807,0.3782,0.8699,1.1728,1.3624,1.4842,1.5644,1.6182,1.655,1.6808,1.6992,1.7128,1.7231,1.7313,1.7379,1.7434,1.7089,1.6891,1.6614,1.6201,1.5537,1.4382,1.2298,0.913,0.7924,1.1497,1.4874,1.6464,1.6985,1.6829,1.595,1.3883,0.9592,0.1868,-0.6621,-0.6774,0.0068,0.6382,1.0496,1.302,1.4582,1.5565,1.6194,1.6601,1.687,1.7052,1.718,1.7273,1.7346,1.7404,1.7454,1.7496,1.7294,1.7164,1.6997,1.677,1.6449,1.5974,1.53,1.4669,1.5061,1.653,1.7553,1.7971,1.8093,1.7969,1.748,1.6333,1.4016,1.012,0.5994,0.5147,0.7719,1.0851,1.3229,1.481,1.5815,1.6442,1.6828,1.7063,1.7207,1.7298,1.7361,1.7409,1.745,1.7486,1.752,1.7552,1.7497,1.743,1.7361,1.7299,1.7264,1.7313,1.7593,1.8469,2.0219,2.1025,1.9973,1.9214,1.899,1.8919,1.8781,1.8465,1.7838,1.6729,1.5303,1.4403,1.4547,1.53,1.6108,1.6732,1.7136,1.7364,1.7473,1.7513,1.7519,1.7516,1.7514,1.752,1.7533,1.7551,1.7574,1.7597,1.7679,1.7658,1.7654,1.7685,1.7785,1.8017,1.8519,1.9783,2.3389,2.5119,2.1436,1.9843,1.9511,1.9506,1.9586,1.9887,2.0649,2.1575,2.1531,2.0412,1.9353,1.8813,1.8605,1.8496,1.8373,1.8218,1.805,1.7892,1.7763,1.7671,1.7615,1.7589,1.7584,1.7594,1.7611,1.7631,1.7831,1.7835,1.7858,1.7912,1.8011,1.8169,1.8404,1.8829,2.0983,2.2873,2.0804,1.9883,1.9721,1.9689,1.9813,2.0582,2.2939,2.6828,2.7494,2.4795,2.2606,2.137,2.0597,1.998,1.942,1.8913,1.8479,1.8136,1.7889,1.7729,1.7641,1.7603,1.7598,1.7611,1.7631,1.7654,1.7953,1.7965,1.7989,1.8024,1.806,1.8063,1.7996,1.8732,1.766,1.9347,1.9678,1.9915,1.9971,1.9707,1.9809,2.0773,2.4337,3.3135,3.3356,2.7431,2.4599,2.3252,2.2219,2.1201,2.0227,1.9369,1.8678,1.8173,1.7842,1.7655,1.7572,1.7555,1.7573,1.7605,1.7639,1.767,1.805,1.8061,1.8075,1.8083,1.8065,1.7968,1.7665,1.6801,1.7186,1.8388,1.9029,2.014,2.0535,2.0537,1.997,2.038,2.2353,2.855,3.0011,2.7086,2.5868,2.5079,2.3796,2.2236,2.0742,1.9487,1.8542,1.7916,1.7566,1.742,1.7402,1.7451,1.7522,1.759,1.7645,1.7686,1.813,1.8138,1.8142,1.8133,1.8095,1.7999,1.7816,1.7628,1.7721,1.7821,1.7825,1.8504,1.9269,1.9228,1.964,1.9185,1.8038,2.2142,2.5177,2.6715,2.8396,2.8064,2.5685,2.3064,2.0828,1.9095,1.791,1.725,1.7,1.7009,1.7147,1.7321,1.7478,1.7594,1.7668,1.7714,1.82,1.8205,1.8204,1.819,1.8154,1.8085,1.7984,1.7868,1.7659,1.6948,1.5261,1.6806,1.7786,1.8859,1.9304,1.9239,1.8812,2.1444,2.4394,2.8341,3.4173,3.2766,2.7475,2.3307,2.0175,1.7888,1.652,1.6016,1.6092,1.6442,1.6862,1.7235,1.7503,1.766,1.7736,1.7767,1.8264,1.8269,1.8267,1.8254,1.8225,1.8172,1.8088,1.7943,1.7623,1.6846,1.5554,1.6611,1.7395,1.7606,1.9061,1.9982,2.0937,2.2803,2.4811,2.8169,3.488,3.3122,2.7102,2.2298,1.837,1.5392,1.3958,1.4026,1.484,1.5801,1.6661,1.7309,1.7691,1.7844,1.7871,1.7855,1.8325,1.8331,1.8332,1.8323,1.8302,1.8261,1.819,1.8064,1.7832,1.7471,1.7218,1.7487,1.7538,1.7735,1.9448,2.0552,2.1827,2.4224,2.5737,2.6,2.797,2.7593,2.4329,2.0074,1.5298,1.1038,0.9675,1.123,1.3411,1.5245,1.668,1.767,1.8124,1.8174,1.8072,1.7966,1.8383,1.8392,1.8397,1.8396,1.8385,1.836,1.8314,1.8239,1.8129,1.8017,1.8008,1.8176,1.8452,1.9142,2.0499,2.0937,2.1895,2.4079,2.5324,2.5195,2.4971,2.4058,2.1725,1.7841,1.2068,0.535,0.3986,0.8539,1.2386,1.4959,1.6914,1.8248,1.87,1.8544,1.8266,1.8062,1.8439,1.8453,1.8464,1.847,1.8472,1.8465,1.845,1.8427,1.8406,1.8415,1.8503,1.8713,1.9093,1.9757,2.0595,2.0972,2.1817,2.344,2.5152,2.5674,2.4115,2.2393,2.0197,1.6861,1.1564,0.4586,0.3188,0.9152,1.2653,1.5005,1.7026,1.8489,1.8928,1.8675,1.8327,1.809,1.8494,1.8512,1.8529,1.8545,1.8559,1.8571,1.8584,1.8602,1.8636,1.8708,1.8846,1.9078,1.9437,1.9933,2.048,2.0991,2.1742,2.2877,2.4119,2.4352,2.2891,2.106,1.9405,1.7187,1.3921,1.1648,1.3319,1.363,1.4003,1.5281,1.6813,1.8033,1.851,1.8424,1.8201,1.803,1.8545,1.8568,1.8591,1.8616,1.8641,1.867,1.8704,1.8751,1.8819,1.8922,1.9079,1.9306,1.9615,2.0,2.0431,2.0901,2.1466,2.2112,2.2591,2.2385,2.1186,1.9701,1.9002,1.7933,1.5922,1.4979,1.5948,1.5434,1.5048,1.5637,1.6597,1.7446,1.7908,1.8021,1.798,1.7917,1.8593,1.862,1.8649,1.8681,1.8716,1.8757,1.8807,1.8871,1.8957,1.9074,1.9232,1.9439,1.9701,2.0009,2.0352,2.0718,2.1095,2.1416,2.151,2.1127,2.0144,1.9088,1.8896,1.8384,1.6988,1.5913,1.5674,1.5582,1.5615,1.5998,1.658,1.7136,1.7518,1.7711,1.7785,1.7808,1.8636,1.8667,1.8701,1.8739,1.8781,1.8831,1.889,1.8964,1.9057,1.9176,1.9325,1.9509,1.9727,1.9974,2.0238,2.0501,2.0734,2.0876,2.0825,2.0475,1.9831,1.9204,1.8912,1.8446,1.7536,1.6671,1.6199,1.6053,1.6121,1.6367,1.6719,1.7076,1.7362,1.7554,1.7668,1.7736]}]