docs/data/wind_grid.json
{"header": {"la1":42.2,"la2":41.6,"lo1":11.9,"lo2":12.95,"nx":50,"ny":50,"dx":0.02143,"dy":0.01224,"parameterCategory":2,"parameterNumber":2,"parameterNumberName":"eastward_wind","parameterUnit":"m.s-1"}, "data":
[rows 0 to 45 of 50, columns 0 to 49 of 50]
4.5933,4.5922,4.5895,4.5848,4.5779,4.5685,4.5566,4.5425,4.5269,4.5107,4.4954,4.4825,4.473,4.4672,4.4643,4.4628,4.4613,4.4586,4.4543,4.4485,4.4416,4.4339,4.426,4.4183,4.4111,4.4047,4.3993,4.395,4.3919,4.39,4.3891,4.3892,4.3899,4.3913,4.393,4.395,4.397,4.3991,4.401,4.4027,4.4044,4.4058,4.4072,4.4085,4.4097,4.4109,4.4121,4.4133,4.4144,4.4155
4.6001,4.5995,4.5971,4.5925,4.5854,4.5755,4.5625,4.5467,4.5288,4.5101,4.4924,4.4775,4.4671,4.4615,4.4597,4.4597,4.4594,4.4576,4.4537,4.4479,4.4406,4.4324,4.424,4.4158,4.4081,4.4013,4.3956,4.3912,4.3881,4.3862,4.3856,4.3859,4.3871,4.3888,4.3909,4.3932,4.3956,4.3979,4.4,4.4019,4.4036,4.4052,4.4066,4.4079,4.4091,4.4104,4.4116,4.4128,4.414,4.4152
4.6074,4.6073,4.6054,4.6012,4.594,4.5835,4.5694,4.5518,4.5314,4.5096,4.4889,4.4716,4.46,4.4547,4.4543,4.4561,4.4575,4.4567,4.4532,4.4472,4.4396,4.4309,4.4219,4.4131,4.4049,4.3976,4.3916,4.387,4.3839,4.3822,4.3818,4.3825,4.384,4.3862,4.3887,4.3915,4.3942,4.3967,4.399,4.4011,4.4029,4.4045,4.4059,4.4073,4.4086,4.4098,4.4111,4.4124,4.4136,4.4149
4.6152,4.6159,4.6146,4.6108,4.6038,4.5929,4.5776,4.5581,4.5348,4.5095,4.4851,4.4648,4.4518,4.4468,4.4482,4.4523,4.4555,4.4559,4.4528,4.4467,4.4386,4.4294,4.4197,4.4102,4.4014,4.3936,4.3873,4.3825,4.3793,4.3778,4.3778,4.3789,4.3809,4.3836,4.3866,4.3897,4.3928,4.3956,4.3982,4.4004,4.4023,4.4039,4.4053,4.4067,4.408,4.4093,4.4106,4.4119,4.4132,4.4145
4.6235,4.6251,4.6247,4.6216,4.6149,4.6038,4.5876,4.566,4.5396,4.5103,4.4814,4.4574,4.4425,4.438,4.4416,4.4484,4.4538,4.4553,4.4526,4.4463,4.4378,4.4278,4.4175,4.4072,4.3977,4.3894,4.3826,4.3776,4.3745,4.3732,4.3735,4.3751,4.3776,4.3809,4.3844,4.388,4.3915,4.3947,4.3974,4.3997,4.4017,4.4033,4.4047,4.4061,4.4074,4.4087,4.4101,4.4115,4.4129,4.4142
4.6323,4.6351,4.6358,4.6337,4.6277,4.6167,4.5998,4.5763,4.5465,4.5126,4.4785,4.4501,4.4329,4.4289,4.435,4.4448,4.4525,4.4552,4.4527,4.4461,4.4369,4.4263,4.4151,4.4041,4.3938,4.3848,4.3775,4.3723,4.3692,4.3681,4.3689,4.3711,4.3743,4.3781,4.3823,4.3864,4.3903,4.3938,4.3967,4.3992,4.4011,4.4027,4.4041,4.4054,4.4068,4.4081,4.4096,4.411,4.4125,4.4139
4.6417,4.6458,4.6479,4.6471,4.6423,4.6319,4.6146,4.5895,4.5564,4.5175,4.4775,4.444,4.424,4.4205,4.4293,4.4422,4.452,4.4556,4.4531,4.4461,4.4362,4.4247,4.4127,4.4008,4.3897,4.3799,4.3721,4.3665,4.3635,4.3628,4.364,4.3669,4.3708,4.3753,4.3801,4.3849,4.3892,4.3931,4.3962,4.3987,4.4006,4.4022,4.4035,4.4048,4.4061,4.4075,4.409,4.4106,4.4121,4.4137
4.6515,4.6572,4.6611,4.6621,4.6588,4.6496,4.6327,4.6064,4.5702,4.5263,4.48,4.4407,4.4176,4.4144,4.4257,4.4412,4.4527,4.4567,4.4539,4.4462,4.4355,4.4233,4.4103,4.3975,4.3854,4.3747,4.3662,4.3604,4.3574,4.357,4.3589,4.3625,4.3672,4.3725,4.3781,4.3835,4.3883,4.3925,4.3958,4.3983,4.4002,4.4016,4.4028,4.404,4.4054,4.4068,4.4084,4.4101,4.4118,4.4134
4.6618,4.6693,4.6752,4.6785,4.6775,4.6703,4.6545,4.6279,4.5893,4.5406,4.488,4.4427,4.4161,4.4126,4.4256,4.4428,4.4549,4.4587,4.4552,4.4466,4.4351,4.4219,4.408,4.3941,4.381,4.3693,4.36,4.3538,4.3508,4.351,4.3536,4.358,4.3636,4.3698,4.3761,4.3822,4.3876,4.3921,4.3955,4.398,4.3998,4.401,4.4021,4.4032,4.4045,4.4061,4.4078,4.4096,4.4114,4.4131
4.6724,4.682,4.6904,4.6965,4.6985,4.6942,4.6807,4.6549,4.6151,4.5623,4.5038,4.4524,4.4221,4.4174,4.4305,4.4477,4.459,4.4616,4.4569,4.4473,4.4348,4.4207,4.4059,4.3909,4.3765,4.3636,4.3534,4.3467,4.3439,4.3446,4.348,4.3534,4.36,4.3671,4.3743,4.3811,4.3871,4.3919,4.3954,4.3978,4.3993,4.4003,4.4012,4.4023,4.4036,4.4053,4.4071,4.4091,4.4111,4.4129
4.6832,4.6952,4.7064,4.7158,4.7217,4.7214,4.7115,4.6883,4.6486,4.5932,4.5295,4.4726,4.4379,4.4305,4.4414,4.4561,4.465,4.4655,4.459,4.4481,4.4347,4.4198,4.4041,4.3879,4.3721,4.3578,4.3465,4.3393,4.3366,4.338,4.3424,4.3488,4.3564,4.3645,4.3727,4.3803,4.3868,4.3919,4.3955,4.3977,4.3989,4.3995,4.4002,4.4011,4.4025,4.4044,4.4064,4.4086,4.4107,4.4127
4.6941,4.7087,4.7231,4.7364,4.7469,4.7518,4.7473,4.7285,4.6911,4.6347,4.5669,4.5046,4.4647,4.4524,4.4581,4.4679,4.4726,4.47,4.4615,4.4493,4.435,4.4194,4.4027,4.3853,4.368,4.352,4.3394,4.3317,4.3293,4.3314,4.3368,4.3442,4.3529,4.3622,4.3713,4.3797,4.3868,4.3922,4.3958,4.3977,4.3984,4.3986,4.3989,4.3998,4.4013,4.4033,4.4057,4.4081,4.4104,4.4126
4.705,4.7222,4.7402,4.758,4.7739,4.7853,4.7878,4.7756,4.7428,4.6873,4.6166,4.5487,4.502,4.4821,4.4798,4.4824,4.4816,4.4751,4.4643,4.4507,4.4357,4.4196,4.4021,4.3835,4.3643,4.3465,4.3324,4.3241,4.3221,4.325,4.3314,4.3399,4.3496,4.36,4.3702,4.3795,4.3872,4.3928,4.3963,4.3977,4.3978,4.3974,4.3974,4.3982,4.3999,4.4022,4.4049,4.4076,4.4102,4.4125
4.7155,4.7356,4.7573,4.7799,4.8021,4.8211,4.8324,4.8291,4.8033,4.7506,4.6774,4.6031,4.5476,4.5174,4.5048,4.4985,4.4911,4.4804,4.4671,4.4525,4.437,4.4206,4.4025,4.3826,4.3615,4.3416,4.3259,4.3172,4.3156,4.3193,4.3264,4.3358,4.3466,4.3581,4.3694,4.3796,4.388,4.3938,4.397,4.3978,4.397,4.3959,4.3955,4.3963,4.3983,4.401,4.4041,4.4071,4.41,4.4125
4.7255,4.7485,4.774,4.8018,4.8306,4.8583,4.8799,4.8876,4.871,4.8225,4.747,4.6646,4.598,4.5554,4.531,4.515,4.5006,4.4856,4.4701,4.4546,4.4391,4.4228,4.4044,4.3831,4.3598,4.3376,4.3205,4.3115,4.3105,4.3146,4.3221,4.3321,4.3439,4.3566,4.3691,4.3803,4.3892,4.3952,4.398,4.3979,4.3961,4.3941,4.3932,4.3941,4.3965,4.3998,4.4033,4.4068,4.4099,4.4126
4.7348,4.7606,4.7899,4.8228,4.8586,4.8954,4.9284,4.9487,4.943,4.8997,4.8212,4.7293,4.6497,4.5935,4.5566,4.5307,4.5095,4.4905,4.473,4.4571,4.4421,4.4265,4.4081,4.3855,4.3597,4.3348,4.3165,4.308,4.3074,4.3113,4.3185,4.3289,4.3416,4.3555,4.3693,4.3815,4.3911,4.3971,4.3993,4.3981,4.3949,4.3919,4.3906,4.3917,4.3946,4.3986,4.4027,4.4065,4.4099,4.4128
4.743,4.7714,4.8043,4.8422,4.8849,4.9308,4.9755,5.0089,5.0149,4.977,4.895,4.7925,4.6992,4.629,4.58,4.5448,4.5174,4.4947,4.4758,4.46,4.4463,4.4321,4.4143,4.3903,4.3614,4.3335,4.3143,4.3068,4.3065,4.3092,4.3154,4.3259,4.3396,4.3549,4.37,4.3834,4.3936,4.3996,4.401,4.3984,4.3937,4.3894,4.3877,4.3892,4.3928,4.3975,4.4022,4.4065,4.4101,4.4132
4.75,4.7807,4.8168,4.8592,4.9081,4.9625,5.0181,5.0642,5.0813,5.0487,4.963,4.8499,4.7433,4.6601,4.6001,4.5566,4.5238,4.4982,4.4784,4.4634,4.4518,4.4402,4.4239,4.3986,4.3654,4.3332,4.3128,4.3066,4.3061,4.3069,4.3122,4.323,4.338,4.3548,4.3715,4.3862,4.397,4.4029,4.4034,4.3991,4.3925,4.3869,4.3848,4.3867,4.3912,4.3967,4.402,4.4067,4.4105,4.4137
4.7556,4.7882,4.8269,4.8729,4.927,4.9885,5.0534,5.11,5.1367,5.1084,5.0196,4.8976,4.7796,4.6854,4.6162,4.5658,4.5285,4.5008,4.4807,4.4672,4.4587,4.4514,4.438,4.4113,4.3719,4.3328,4.3093,4.3033,4.3026,4.3025,4.3078,4.3198,4.3365,4.3554,4.3739,4.39,4.4016,4.4073,4.4066,4.4005,4.3918,4.3847,4.3824,4.3848,4.3902,4.3964,4.4022,4.4072,4.4112,4.4144
4.7595,4.7934,4.8341,4.8827,4.9405,5.0072,5.0785,5.1425,5.1757,5.1506,5.0601,4.9322,4.8063,4.7039,4.6276,4.572,4.5316,4.5024,4.4827,4.4714,4.4671,4.4658,4.4577,4.4299,4.3813,4.3308,4.2999,4.2916,4.2916,4.2935,4.3014,4.316,4.3353,4.3566,4.3774,4.3951,4.4075,4.413,4.4111,4.403,4.3921,4.3836,4.3809,4.3839,4.39,4.3968,4.403,4.4081,4.4122,4.4154
4.7616,4.7964,4.8381,4.8882,4.948,5.0172,5.0916,5.1589,5.1949,5.1716,5.0814,4.9518,4.8222,4.7151,4.6343,4.5753,4.5329,4.5031,4.4841,4.4754,4.4765,4.4836,4.484,4.4561,4.3936,4.3248,4.2808,4.2675,4.2704,4.2788,4.2925,4.3116,4.3344,4.3588,4.3822,4.4018,4.4152,4.4206,4.4175,4.4073,4.3943,4.3844,4.3812,4.3845,4.391,4.3981,4.4044,4.4095,4.4135,4.4165
4.7619,4.7968,4.8387,4.8891,4.949,5.0181,5.0919,5.1582,5.1933,5.1705,5.0828,4.9558,4.827,4.7188,4.6363,4.5758,4.5325,4.5027,4.4849,4.479,4.4859,4.5035,4.5166,4.4903,4.4084,4.3125,4.2488,4.2292,4.2391,4.2588,4.2815,4.3067,4.3341,4.3622,4.3886,4.4106,4.4252,4.4306,4.4263,4.4142,4.3992,4.3878,4.384,4.3871,4.3935,4.4004,4.4065,4.4114,4.4151,4.4179
4.7604,4.7949,4.8361,4.8854,4.9436,5.01,5.08,5.1414,5.1724,5.1491,5.0657,4.9453,4.8214,4.7156,4.6339,4.5737,4.5306,4.5014,4.4847,4.4812,4.4935,4.5222,4.5514,4.5294,4.4227,4.2913,4.2021,4.1777,4.2007,4.2359,4.2696,4.302,4.3346,4.367,4.3972,4.4219,4.4381,4.4436,4.4382,4.4243,4.4074,4.3946,4.3898,4.3919,4.3976,4.4038,4.4093,4.4137,4.417,4.4195
4.7571,4.7905,4.8303,4.8774,4.9323,4.994,5.0575,5.1112,5.1359,5.1115,5.0338,4.9226,4.8068,4.7065,4.6278,4.5693,4.5274,4.4991,4.4834,4.4815,4.4974,4.5344,4.5781,4.5613,4.4291,4.2599,4.1422,4.1173,4.1603,4.2135,4.2586,4.2983,4.3364,4.3737,4.4082,4.4364,4.4546,4.4604,4.4538,4.4381,4.4194,4.405,4.3985,4.3991,4.4033,4.4083,4.4129,4.4165,4.4192,4.4213
4.7521,4.784,4.8216,4.8656,4.916,4.9714,5.0266,5.0711,5.0885,5.0628,4.9915,4.891,4.7855,4.6926,4.6186,4.563,4.523,4.496,4.4809,4.4794,4.4957,4.5347,4.5827,4.566,4.418,4.2231,4.0802,4.0589,4.1263,4.1958,4.2502,4.2964,4.34,4.3825,4.4222,4.4547,4.4754,4.4815,4.4736,4.4559,4.4351,4.4186,4.4099,4.4082,4.4103,4.4137,4.417,4.4197,4.4217,4.4232
4.7456,4.7756,4.8105,4.8506,4.8958,4.9439,4.9901,5.0249,5.0349,5.0081,4.9433,4.8539,4.7596,4.6753,4.6072,4.5554,4.5178,4.4921,4.4773,4.4747,4.488,4.5207,4.5583,4.5331,4.3879,4.195,4.0407,4.0227,4.1085,4.1867,4.246,4.2969,4.3456,4.3938,4.4394,4.4772,4.5011,4.5076,4.4979,4.4773,4.4539,4.4348,4.4233,4.4188,4.4184,4.4197,4.4215,4.4231,4.4243,4.4252
4.7378,4.7655,4.7973,4.8332,4.8726,4.9132,4.9504,4.9759,4.9792,4.9517,4.8932,4.8145,4.7314,4.656,4.5944,4.5469,4.512,4.4877,4.4728,4.4681,4.4757,4.4964,4.5143,4.4777,4.3511,4.1883,4.05,4.0316,4.1142,4.1878,4.2467,4.3001,4.3532,4.4075,4.46,4.5042,4.532,4.5387,4.5262,4.5019,4.4749,4.4524,4.4378,4.4301,4.4269,4.4261,4.4262,4.4266,4.427,4.4273
4.7289,4.7542,4.7826,4.8141,4.8476,4.8809,4.9096,4.9268,4.9245,4.8967,4.8441,4.7753,4.7025,4.636,4.5809,4.538,4.506,4.4831,4.468,4.4606,4.4615,4.4688,4.4677,4.424,4.3211,4.1997,4.1051,4.0876,4.1401,4.1973,4.2516,4.3059,4.3628,4.4232,4.4837,4.5355,4.5677,4.5741,4.5576,4.5282,4.4967,4.4705,4.4523,4.4414,4.4355,4.4325,4.431,4.4302,4.4297,4.4293
4.7191,4.7418,4.7669,4.794,4.8219,4.8483,4.8694,4.8796,4.8729,4.8453,4.7979,4.7378,4.6745,4.6162,4.5674,4.529,4.5001,4.4787,4.4634,4.4533,4.448,4.4442,4.43,4.3847,4.302,4.2144,4.1639,4.1529,4.1713,4.2108,4.2595,4.3137,4.3738,4.4404,4.5094,4.5698,4.6068,4.6121,4.5903,4.5546,4.5179,4.4877,4.4661,4.4522,4.4437,4.4386,4.4355,4.4336,4.4322,4.4312
4.7087,4.7288,4.7506,4.7734,4.796,4.8163,4.8309,4.8354,4.8254,4.7984,4.7558,4.7032,4.6482,4.5973,4.5544,4.5205,4.4945,4.4748,4.4595,4.4473,4.4372,4.4259,4.4047,4.361,4.2923,4.2228,4.1899,4.1857,4.1935,4.2243,4.2692,4.3229,4.3856,4.4577,4.535,4.6041,4.6459,4.6493,4.6213,4.579,4.5371,4.503,4.4784,4.4618,4.4511,4.4442,4.4397,4.4367,4.4346,4.433
4.6979,4.7155,4.734,4.7529,4.7708,4.7858,4.795,4.7949,4.7826,4.7565,4.7181,4.672,4.6242,4.5799,4.5425,4.5127,4.4898,4.4719,4.4569,4.4432,4.4299,4.4145,4.3908,4.3501,4.2903,4.2276,4.1922,4.191,4.2062,4.2368,4.2798,4.3329,4.3971,4.4734,4.5576,4.6342,4.6799,4.6812,4.6472,4.5989,4.5527,4.5156,4.4885,4.4699,4.4574,4.449,4.4433,4.4394,4.4366,4.4346
4.6868,4.702,4.7176,4.7328,4.7466,4.757,4.7619,4.7584,4.7446,4.7196,4.685,4.6445,4.6028,4.5643,4.5317,4.5059,4.4862,4.4704,4.456,4.4413,4.426,4.4091,4.386,4.3491,4.2955,4.2365,4.1975,4.1958,4.217,4.2494,4.2912,4.3432,4.4075,4.4858,4.574,4.6553,4.7032,4.7026,4.6645,4.6126,4.5638,4.5249,4.4962,4.4762,4.4623,4.4528,4.4463,4.4416,4.4383,4.4359
4.6757,4.6886,4.7015,4.7135,4.7237,4.7304,4.7318,4.7259,4.7112,4.6875,4.6562,4.6205,4.5841,4.5506,4.5225,4.5004,4.4839,4.4706,4.4573,4.4417,4.4248,4.4079,4.3875,4.3552,4.3072,4.2532,4.2152,4.2113,4.232,4.2636,4.3035,4.3533,4.416,4.4935,4.5817,4.6634,4.7113,4.71,4.6712,4.6188,4.5697,4.5304,4.5013,4.4805,4.4659,4.4556,4.4484,4.4433,4.4396,4.4369
4.6647,4.6755,4.6859,4.6951,4.7023,4.706,4.7047,4.697,4.682,4.6597,4.6314,4.5998,4.568,4.5389,4.5147,4.4963,4.4832,4.4729,4.4611,4.4444,4.4252,4.4089,4.3927,4.3655,4.3233,4.2757,4.2415,4.2351,4.2515,4.2796,4.3163,4.3629,4.4223,4.4961,4.5801,4.6578,4.7035,4.7029,4.6668,4.6174,4.5704,4.5323,4.5036,4.4827,4.4679,4.4573,4.4498,4.4444,4.4405,4.4376
4.6539,4.6628,4.671,4.6778,4.6824,4.6837,4.6804,4.6716,4.6566,4.6357,4.6102,4.5821,4.5543,4.529,4.5084,4.4935,4.4841,4.4775,4.468,4.4495,4.4262,4.4099,4.3988,4.3771,4.3406,4.2999,4.2704,4.2623,4.2735,4.2968,4.3292,4.3716,4.4262,4.4941,4.5706,4.6407,4.6826,4.6838,4.6531,4.6092,4.5663,4.5306,4.5032,4.483,4.4684,4.4579,4.4503,4.4449,4.4409,4.4379
4.6434,4.6506,4.6569,4.6617,4.6642,4.6636,4.6588,4.6493,4.6346,4.6151,4.592,4.5672,4.5427,4.5209,4.5035,4.4919,4.4862,4.4842,4.4783,4.4575,4.427,4.4094,4.4034,4.3872,4.3564,4.3225,4.2976,4.2889,4.2957,4.314,4.3417,4.3792,4.4281,4.4885,4.5556,4.6165,4.6536,4.657,4.6327,4.5958,4.5581,4.5259,4.5005,4.4815,4.4675,4.4573,4.45,4.4447,4.4408,4.4379
4.6332,4.6389,4.6436,4.6467,4.6475,4.6454,4.6397,4.6298,4.6156,4.5975,4.5766,4.5545,4.533,4.5142,4.4997,4.4911,4.4891,4.4921,4.4912,4.4686,4.4285,4.4076,4.4055,4.3939,4.3688,4.3415,4.3213,4.3128,4.3163,4.3301,4.3531,4.3856,4.4283,4.4807,4.538,4.5895,4.6216,4.6267,4.6088,4.579,4.5471,4.5187,4.4958,4.4782,4.4652,4.4558,4.4489,4.4439,4.4402,4.4376
4.6235,4.6278,4.6311,4.6328,4.6323,4.6291,4.6227,4.6127,4.5991,4.5824,4.5635,4.5438,4.5249,4.5087,4.4967,4.4906,4.4917,4.4991,4.5036,4.4812,4.4326,4.4075,4.406,4.3974,4.3775,4.3564,4.3408,4.3332,4.3345,4.3445,4.3632,4.3908,4.4275,4.4721,4.5201,4.5628,4.5902,4.5964,4.5839,4.5605,4.534,4.5096,4.4893,4.4736,4.4618,4.4532,4.447,4.4425,4.4393,4.4369
4.6142,4.6174,4.6195,4.62,4.6185,4.6145,4.6076,4.5977,4.5848,4.5694,4.5523,4.5347,4.5182,4.5041,4.4942,4.49,4.493,4.5027,4.5102,4.4895,4.4395,4.4114,4.4068,4.3991,4.3836,4.3679,4.3564,4.35,4.3498,4.3568,4.3717,4.3949,4.426,4.4635,4.5033,4.5384,4.5615,4.5681,4.5597,4.5416,4.52,4.4992,4.4816,4.4677,4.4573,4.4498,4.4445,4.4407,4.4379,4.4359
4.6054,4.6076,4.6087,4.6082,4.6059,4.6013,4.5943,4.5846,4.5724,4.5582,4.5427,4.527,4.5124,4.5002,4.4918,4.4888,4.4924,4.5018,4.5082,4.4893,4.4457,4.4176,4.4087,4.4001,4.3877,4.3765,4.3685,4.3634,4.3622,4.3669,4.3787,4.398,4.4242,4.4555,4.4883,4.5172,4.5364,4.5429,4.5373,4.5234,4.5057,4.4881,4.4729,4.4609,4.452,4.4457,4.4414,4.4383,4.4362,4.4346
4.597,4.5984,4.5987,4.5975,4.5945,4.5896,4.5824,4.573,4.5616,4.5485,4.5345,4.5204,4.5075,4.4967,4.4895,4.487,4.4899,4.4969,4.4997,4.4827,4.4485,4.423,4.4108,4.4009,4.3906,4.3828,4.3776,4.3736,4.3719,4.375,4.3844,4.4004,4.4223,4.4484,4.4755,4.4991,4.5151,4.5211,4.5173,4.5063,4.4917,4.4768,4.4636,4.4534,4.446,4.4411,4.4378,4.4356,4.4342,4.4331
4.5892,4.5898,4.5894,4.5876,4.5842,4.579,4.5719,4.5629,4.5521,4.5401,4.5273,4.5147,4.5031,4.4936,4.4871,4.4845,4.4861,4.4898,4.4891,4.4742,4.448,4.4259,4.4122,4.4014,4.3923,4.3868,4.3838,4.3809,4.379,4.3811,4.3887,4.4021,4.4206,4.4423,4.4647,4.4841,4.4974,4.5026,4.4998,4.4908,4.4784,4.4655,4.4541,4.4455,4.4396,4.436,4.4339,4.4327,4.432,4.4315
4.5818,4.5818,4.5808,4.5786,4.5749,4.5695,4.5625,4.5539,4.5438,4.5327,4.5211,4.5097,4.4993,4.4906,4.4845,4.4816,4.4815,4.4824,4.479,4.466,4.4456,4.4267,4.4127,4.4014,4.393,4.3889,4.3874,4.3854,4.3839,4.3856,4.3921,4.4035,4.419,4.4372,4.4557,4.4717,4.4827,4.487,4.4847,4.477,4.4661,4.4547,4.4447,4.4375,4.433,4.4307,4.4298,4.4296,4.4296,4.4298
4.5748,4.5744,4.5729,4.5703,4.5664,4.561,4.5542,4.5459,4.5365,4.5263,4.5157,4.5053,4.4958,4.4878,4.4819,4.4784,4.4769,4.4754,4.4704,4.4589,4.4425,4.4261,4.4125,4.4011,4.3929,4.3894,4.3887,4.3878,4.3871,4.3889,4.3946,4.4045,4.4177,4.433,4.4484,4.4616,4.4706,4.4741,4.4719,4.4649,4.455,4.4446,4.4357,4.4296,4.4264,4.4254,4.4257,4.4264,4.4272,4.428
4.5683,4.5674,4.5656,4.5627,4.5587,4.5533,4.5467,4.5389,4.53,4.5206,4.5108,4.5013,4.4925,4.4851,4.4793,4.4753,4.4725,4.4693,4.4634,4.453,4.4392,4.4249,4.412,4.4008,4.3928,4.3893,4.389,4.389,4.3892,4.3914,4.3967,4.4053,4.4166,4.4296,4.4425,4.4534,4.4608,4.4634,4.4611,4.4545,4.4452,4.4354,4.4273,4.4222,4.4202,4.4204,4.4217,4.4234,4.4249,4.4262
4.5622,4.561,4.5589,4.5558,4.5516,4.5464,4.5399,4.5325,4.5243,4.5155,4.5065,4.4977,4.4896,4.4825,4.4767,4.4722,4.4684,4.4642,4.4578,4.4483,4.4363,4.4236,4.4115,4.4009,4.3931,4.3894,4.3891,4.3897,4.3907,4.3933,4.3983,4.406,4.4158,4.4268,4.4377,4.4467,4.4527,4.4546,4.4521,4.4457,4.4368,4.4275,4.42,4.4157,4.4146,4.4158,4.4181,4.4205,4.4227,4.4245
