docs/data/wind_grid.json
[{"header":{"la1":42.85,"la2":41.18,"lo1":11.55,"lo2":14.05,"nx":36,"ny":24,"dx":0.07143,"dy":0.07261,"parameterCategory":2,"parameterNumber":2,"parameterNumberName":"eastward_wind","parameterUnit":"m.s-1"},"data":[-1.122,-1.1295,-1.1355,-1.1395,-1.1411,-1.139,-1.1315,-1.1162,-1.0915,-1.0571,-1.0153,-0.9694,-0.9226,-0.8775,-0.8354,-0.7971,-0.763,-0.7335,-0.7091,-0.69,-0.6766,-0.6692,-0.6684,-0.6733,-0.6819,-0.6916,-0.7007,-0.7082,-0.714,-0.7181,-0.721,-0.723,-0.7242,-0.7251,-0.7257,-0.7262,-1.1474,-1.1582,-1.1678,-1.1758,-1.1822,-1.1858,-1.1838,-1.1715,-1.1447,-1.1024,-1.0485,-0.9892,-0.9302,-0.8749,-0.8244,-0.7791,-0.7388,-0.704,-0.6754,-0.6535,-0.6379,-0.6299,-0.6317,-0.6429,-0.6591,-0.6754,-0.6892,-0.6997,-0.707,-0.712,-0.7153,-0.7174,-0.7187,-0.7196,-0.7201,-0.7206,-1.1752,-1.1902,-1.204,-1.2169,-1.23,-1.2431,-1.2527,-1.2494,-1.2222,-1.1675,-1.0937,-1.014,-0.9381,-0.8699,-0.8097,-0.7561,-0.7078,-0.6656,-0.6317,-0.6067,-0.5876,-0.5759,-0.5809,-0.6037,-0.6333,-0.6596,-0.6792,-0.6926,-0.7013,-0.7067,-0.71,-0.7119,-0.7131,-0.7138,-0.7143,-0.7147,-1.2059,-1.2261,-1.2447,-1.2626,-1.2834,-1.3113,-1.3445,-1.3651,-1.343,-1.2658,-1.1556,-1.0431,-0.9438,-0.8604,-0.7898,-0.7272,-0.6684,-0.6137,-0.5714,-0.5468,-0.5242,-0.498,-0.5058,-0.554,-0.6074,-0.6472,-0.6727,-0.6881,-0.6971,-0.7022,-0.705,-0.7065,-0.7073,-0.7077,-0.7081,-0.7084,-1.24,-1.2675,-1.2918,-1.3131,-1.3392,-1.3859,-1.464,-1.5461,-1.5466,-1.4187,-1.2358,-1.0712,-0.9424,-0.8428,-0.763,-0.6926,-0.6201,-0.5398,-0.4748,-0.4647,-0.458,-0.3883,-0.3996,-0.5043,-0.5923,-0.6443,-0.6724,-0.6871,-0.6946,-0.6983,-0.7,-0.7007,-0.7009,-0.7011,-0.7012,-0.7015,-1.2778,-1.3173,-1.3508,-1.3725,-1.393,-1.4506,-1.5957,-1.8215,-1.8957,-1.6378,-1.3162,-1.0836,-0.9252,-0.8117,-0.7259,-0.6536,-0.5707,-0.4416,-0.2903,-0.3158,-0.4317,-0.3276,-0.3468,-0.5064,-0.6083,-0.6574,-0.6796,-0.6893,-0.6931,-0.6943,-0.6944,-0.6942,-0.6938,-0.6936,-0.6936,-0.6938,-1.3174,-1.378,-1.434,-1.4574,-1.4477,-1.4779,-1.6563,-2.0584,-2.2648,-1.7907,-1.3294,-1.0568,-0.8834,-0.7592,-0.6688,-0.606,-0.5398,-0.3859,-0.0797,-0.1249,-0.5179,-0.5514,-0.5425,-0.616,-0.6651,-0.6856,-0.6919,-0.6923,-0.6909,-0.6891,-0.6875,-0.6863,-0.6854,-0.6849,-0.6848,-0.6851,-1.3504,-1.4429,-1.5539,-1.6055,-1.5236,-1.4603,-1.5487,-1.816,-1.9371,-1.5727,-1.2143,-0.9845,-0.8171,-0.6768,-0.5663,-0.5183,-0.5212,-0.4784,-0.3452,-0.4863,-0.9492,-1.0147,-0.8587,-0.7725,-0.736,-0.7157,-0.7017,-0.6919,-0.6853,-0.681,-0.6783,-0.6765,-0.6754,-0.6748,-0.6747,-0.6752,-1.3598,-1.4733,-1.6554,-1.7954,-1.5914,-1.4144,-1.378,-1.4027,-1.3652,-1.2171,-1.0534,-0.8997,-0.7435,-0.5629,-0.3596,-0.294,-0.4422,-0.5865,-0.6966,-0.9976,-1.5902,-1.4914,-1.0839,-0.8772,-0.7801,-0.7287,-0.6992,-0.6824,-0.6733,-0.6684,-0.6657,-0.6641,-0.6632,-0.6628,-0.663,-0.6638,-1.334,-1.4209,-1.5423,-1.6135,-1.4513,-1.3315,-1.2604,-1.1885,-1.0769,-0.9942,-0.9445,-0.8412,-0.6937,-0.4657,0.0117,0.2584,-0.2938,-0.6487,-0.844,-1.0758,-1.4129,-1.3662,-1.0756,-0.8828,-0.7734,-0.7103,-0.6757,-0.6591,-0.6525,-0.6502,-0.6494,-0.649,-0.6487,-0.6487,-0.6493,-0.6506,-1.2867,-1.3278,-1.335,-1.2528,-1.2498,-1.257,-1.2129,-1.1327,-0.9354,-0.8394,-0.8998,-0.819,-0.6859,-0.5088,-0.0641,0.2618,-0.4009,-0.816,-0.9953,-1.0522,-1.0991,-1.0663,-0.9411,-0.8123,-0.7138,-0.6518,-0.6241,-0.6187,-0.6221,-0.6267,-0.6297,-0.6311,-0.6316,-0.6321,-0.6331,-0.6351,-1.2397,-1.2599,-1.2567,-1.2267,-1.2258,-1.2325,-1.2326,-1.2193,-1.0809,-0.9344,-0.9192,-0.8306,-0.6958,-0.5759,-0.503,-0.494,-0.7765,-1.2651,-1.4049,-1.1781,-1.0175,-0.9172,-0.8176,-0.7088,-0.6054,-0.5425,-0.5378,-0.5614,-0.5848,-0.5999,-0.6077,-0.6108,-0.6117,-0.6124,-0.6139,-0.6168,-1.1998,-1.2142,-1.2199,-1.2182,-1.2179,-1.233,-1.2824,-1.2201,-1.3588,-1.0989,-0.9661,-0.91,-0.7787,-0.5471,-0.534,-0.6429,-0.952,-2.0919,-2.146,-1.321,-0.9772,-0.8186,-0.7126,-0.5959,-0.4502,-0.369,-0.4195,-0.4976,-0.5484,-0.5743,-0.5851,-0.5881,-0.5882,-0.5884,-0.5905,-0.5949,-1.1656,-1.1766,-1.1837,-1.188,-1.1954,-1.222,-1.2952,-1.4529,-1.371,-1.1221,-0.9979,-1.0339,-1.0114,-0.5328,-0.596,-0.5159,-0.7391,-1.4517,-1.6247,-1.1326,-0.8231,-0.6773,-0.6062,-0.5083,-0.3202,-0.2063,-0.3292,-0.4582,-0.5257,-0.5543,-0.5628,-0.562,-0.559,-0.558,-0.561,-0.5679,-1.1355,-1.1437,-1.1498,-1.1551,-1.1639,-1.1836,-1.2189,-1.2451,-1.1914,-1.0982,-1.0398,-0.9575,-0.7958,-0.6131,-0.6291,-0.4923,-0.863,-0.9184,-0.9651,-0.7589,-0.4888,-0.4201,-0.4793,-0.477,-0.3675,-0.287,-0.3727,-0.4724,-0.5239,-0.541,-0.5391,-0.5291,-0.5199,-0.5172,-0.5227,-0.5345,-1.1088,-1.1146,-1.119,-1.123,-1.1282,-1.1362,-1.1437,-1.1388,-1.1168,-1.1263,-1.2576,-0.9648,-0.9001,-0.8029,-0.757,-0.7559,-0.8543,-0.8035,-0.7101,-0.4264,0.101,-0.0067,-0.3438,-0.4718,-0.4747,-0.4577,-0.4833,-0.5193,-0.5352,-0.5296,-0.5087,-0.4822,-0.4628,-0.4594,-0.4716,-0.493,-1.0851,-1.0888,-1.0914,-1.0932,-1.0946,-1.0952,-1.0932,-1.087,-1.0851,-1.1216,-1.2268,-1.0827,-1.0887,-1.1219,-0.9095,-0.8339,-0.7874,-0.6832,-0.5488,-0.3434,0.1913,0.049,-0.334,-0.4974,-0.548,-0.5628,-0.5692,-0.5648,-0.5467,-0.5135,-0.4643,-0.4097,-0.3745,-0.3756,-0.4045,-0.4438,-1.064,-1.0661,-1.067,-1.0669,-1.0657,-1.0632,-1.059,-1.0544,-1.0548,-1.0673,-1.078,-1.0631,-1.137,-1.1537,-1.0172,-0.9542,-0.8021,-0.522,-0.2755,-0.4437,-0.3535,-0.3482,-0.4745,-0.566,-0.6127,-0.6418,-0.642,-0.6033,-0.5522,-0.49,-0.4019,-0.2985,-0.2392,-0.26,-0.3244,-0.392,-1.0453,-1.046,-1.0457,-1.0443,-1.0417,-1.038,-1.0333,-1.0289,-1.0267,-1.0273,-1.0272,-1.0286,-1.0453,-1.0604,-1.1613,-1.2152,-0.8983,-0.6001,-0.4557,-0.6697,-0.6435,-0.6069,-0.6229,-0.645,-0.6668,-0.7238,-0.7341,-0.6301,-0.5445,-0.4634,-0.3357,-0.1622,-0.0723,-0.137,-0.2524,-0.351,-1.0286,-1.0284,-1.0272,-1.0249,-1.0216,-1.0175,-1.0127,-1.0079,-1.004,-1.0009,-0.9986,-0.999,-1.0065,-1.0352,-1.1308,-1.1511,-0.9382,-0.7927,-0.8896,-0.9775,-0.8156,-0.7674,-0.7538,-0.7195,-0.6824,-0.7244,-0.7373,-0.5724,-0.5044,-0.4436,-0.3138,-0.1081,-0.0033,-0.0927,-0.2294,-0.3382,-1.0138,-1.0128,-1.011,-1.0082,-1.0046,-1.0003,-0.9954,-0.9904,-0.9856,-0.9813,-0.9778,-0.9763,-0.9796,-0.9927,-1.0128,-0.9932,-0.914,-0.8573,-0.8852,-0.911,-0.8958,-0.9363,-0.9374,-0.8268,-0.6729,-0.5195,-0.321,-0.3538,-0.4385,-0.4396,-0.3599,-0.2158,-0.1301,-0.1765,-0.2728,-0.36,-1.0005,-0.999,-0.9968,-0.9937,-0.99,-0.9855,-0.9806,-0.9755,-0.9703,-0.9653,-0.9609,-0.9575,-0.9559,-0.9559,-0.9519,-0.9324,-0.8986,-0.8756,-0.883,-0.919,-1.0219,-1.234,-1.2889,-1.0196,-0.71,-0.4088,-0.1255,-0.2561,-0.4277,-0.4585,-0.4254,-0.353,-0.2983,-0.3038,-0.3493,-0.4037,-0.9886,-0.9868,-0.9843,-0.981,-0.9772,-0.9727,-0.9678,-0.9626,-0.9573,-0.9519,-0.9466,-0.9417,-0.9369,-0.9313,-0.9226,-0.9085,-0.8928,-0.8865,-0.9032,-0.9652,-1.1334,-1.4597,-1.5573,-1.1728,-0.7925,-0.5185,-0.3662,-0.4125,-0.4863,-0.4876,-0.4715,-0.4387,-0.409,-0.4033,-0.4215,-0.4516,-0.9779,-0.9758,-0.9731,-0.9698,-0.9659,-0.9615,-0.9566,-0.9514,-0.946,-0.9403,-0.9346,-0.9287,-0.9225,-0.9155,-0.907,-0.8975,-0.8904,-0.8925,-0.9147,-0.976,-1.1066,-1.2935,-1.3288,-1.1001,-0.8289,-0.6284,-0.5184,-0.4935,-0.4966,-0.498,-0.4968,-0.486,-0.4732,-0.4692,-0.4773,-0.4943]},{"header":{"la1":42.85,"la2":41.18,"lo1":11.55,"lo2":14.05,"nx":36,"ny":24,"dx":0.07143,"dy":0.07261,"parameterCategory":2,"parameterNumber":3,"parameterNumberName":"northward_wind","parameterUnit":"m.s-1"},"data":[-0.6375,-0.6359,-0.6321,-0.6258,-0.6173,-0.607,-0.5956,-0.5839,-0.5722,-0.56,-0.5462,-0.5293,-0.5085,-0.483,-0.4534,-0.4208,-0.3872,-0.3554,-0.3283,-0.308,-0.2948,-0.2879,-0.2855,-0.2863,-0.2892,-0.2936,-0.299,-0.3048,-0.3109,-0.3169,-0.3227,-0.3282,-0.3334,-0.3382,-0.3427,-0.3469,-0.6516,-0.6506,-0.6467,-0.6394,-0.6288,-0.6157,-0.6014,-0.5878,-0.5759,-0.5652,-0.5533,-0.5376,-0.516,-0.4875,-0.4525,-0.4123,-0.3698,-0.3295,-0.2965,-0.2744,-0.2634,-0.2603,-0.2617,-0.2654,-0.2707,-0.2774,-0.285,-0.2929,-0.3008,-0.3083,-0.3154,-0.322,-0.3281,-0.3337,-0.3389,-0.3436,-0.6676,-0.6678,-0.6641,-0.6554,-0.6414,-0.6231,-0.6031,-0.5853,-0.5732,-0.5662,-0.5595,-0.5475,-0.5266,-0.4954,-0.4538,-0.4033,-0.3475,-0.2938,-0.2523,-0.2304,-0.2269,-0.233,-0.24,-0.2459,-0.2527,-0.2612,-0.2709,-0.281,-0.2909,-0.3001,-0.3086,-0.3163,-0.3233,-0.3297,-0.3355,-0.3408,-0.686,-0.6887,-0.686,-0.6757,-0.6565,-0.6289,-0.5967,-0.5686,-0.5553,-0.5575,-0.5632,-0.5599,-0.542,-0.5087,-0.4597,-0.3955,-0.3193,-0.2424,-0.186,-0.1691,-0.1886,-0.2174,-0.2304,-0.2322,-0.2362,-0.2452,-0.2571,-0.2697,-0.2816,-0.2926,-0.3025,-0.3113,-0.3192,-0.3264,-0.3328,-0.3386,-0.7073,-0.7146,-0.715,-0.7039,-0.6777,-0.6348,-0.5776,-0.522,-0.5023,-0.5286,-0.5631,-0.5765,-0.5647,-0.5306,-0.4745,-0.3938,-0.2869,-0.1658,-0.0741,-0.0704,-0.1517,-0.24,-0.2498,-0.2262,-0.2203,-0.2292,-0.2438,-0.2592,-0.2734,-0.2862,-0.2974,-0.3072,-0.316,-0.3238,-0.3308,-0.3371,-0.7311,-0.7472,-0.7558,-0.7469,-0.7126,-0.649,-0.5485,-0.4229,-0.3769,-0.4691,-0.5644,-0.6027,-0.5982,-0.5651,-0.505,-0.4093,-0.2639,-0.0636,0.1255,0.116,-0.0786,-0.2694,-0.2668,-0.2093,-0.1987,-0.2119,-0.2313,-0.2502,-0.2669,-0.2812,-0.2936,-0.3043,-0.3139,-0.3223,-0.3299,-0.3366,-0.7553,-0.7868,-0.8152,-0.8164,-0.772,-0.6886,-0.5501,-0.3234,-0.2165,-0.4289,-0.5951,-0.6482,-0.6456,-0.6155,-0.5593,-0.4597,-0.2877,-0.0097,0.3249,0.3111,0.0762,-0.0914,-0.1476,-0.1471,-0.1655,-0.1937,-0.2208,-0.2438,-0.2626,-0.2782,-0.2914,-0.3029,-0.313,-0.322,-0.33,-0.3371,-0.773,-0.8263,-0.8981,-0.9313,-0.8581,-0.7571,-0.6459,-0.475,-0.3983,-0.571,-0.6939,-0.7189,-0.7057,-0.6824,-0.6456,-0.5622,-0.3932,-0.1293,0.1481,0.2226,0.2876,0.2352,0.0568,-0.0599,-0.131,-0.1799,-0.2153,-0.2415,-0.2615,-0.2776,-0.2911,-0.303,-0.3136,-0.3231,-0.3316,-0.3391,-0.7717,-0.8363,-0.9647,-1.0757,-0.9177,-0.808,-0.7854,-0.7748,-0.8007,-0.8552,-0.8496,-0.8049,-0.7691,-0.7603,-0.7762,-0.7373,-0.5602,-0.3171,-0.0703,0.2199,0.6934,0.5961,0.203,-0.0094,-0.1172,-0.1792,-0.2184,-0.2449,-0.2642,-0.2795,-0.2928,-0.3048,-0.3159,-0.326,-0.335,-0.3428,-0.7443,-0.7765,-0.842,-0.8876,-0.7583,-0.7907,-0.8991,-1.0187,-1.1706,-1.2091,-1.0322,-0.8827,-0.8192,-0.8272,-0.9564,-1.0316,-0.725,-0.4552,-0.2204,0.0873,0.4777,0.4378,0.1482,-0.0367,-0.1383,-0.1972,-0.2326,-0.2549,-0.2707,-0.284,-0.2964,-0.3086,-0.3203,-0.3312,-0.3408,-0.3488,-0.7063,-0.6836,-0.5885,-0.3311,-0.3858,-0.7465,-1.0078,-1.1992,-1.5137,-1.6807,-1.1763,-0.919,-0.847,-0.8532,-0.9534,-1.0453,-0.7281,-0.5092,-0.3477,-0.1608,0.022,0.0619,-0.0218,-0.1164,-0.1879,-0.2341,-0.259,-0.2716,-0.2805,-0.2902,-0.3016,-0.3143,-0.3273,-0.3393,-0.3497,-0.3579,-0.6834,-0.6431,-0.5322,-0.339,-0.417,-0.8226,-1.1662,-1.3701,-1.4094,-1.4431,-1.0926,-0.8932,-0.8645,-0.9196,-0.8615,-0.7386,-0.5982,-0.508,-0.4393,-0.3143,-0.1945,-0.1367,-0.1459,-0.1941,-0.2529,-0.2922,-0.2999,-0.2942,-0.2917,-0.2967,-0.3079,-0.3226,-0.3379,-0.3519,-0.3632,-0.3714,-0.682,-0.6597,-0.6174,-0.5901,-0.6952,-0.9566,-1.2736,-1.6703,-1.3067,-1.1203,-0.9324,-0.8365,-0.8518,-0.96,-0.8617,-0.5751,-0.4687,-0.5425,-0.5341,-0.3662,-0.2496,-0.1909,-0.191,-0.2442,-0.3327,-0.3847,-0.3573,-0.3177,-0.2998,-0.3015,-0.3152,-0.3346,-0.3546,-0.3715,-0.3837,-0.391,-0.69,-0.6893,-0.6933,-0.7249,-0.8182,-0.9774,-1.16,-1.238,-1.1625,-0.9612,-0.8156,-0.7926,-0.8239,-1.0197,-0.6397,-0.2935,-0.2683,-0.3949,-0.4289,-0.3063,-0.1879,-0.1356,-0.162,-0.252,-0.4011,-0.4834,-0.4022,-0.325,-0.2973,-0.302,-0.3244,-0.3537,-0.3817,-0.4028,-0.415,-0.4193,-0.6958,-0.707,-0.727,-0.7656,-0.8311,-0.9184,-1.0008,-1.0259,-0.9421,-0.7842,-0.673,-0.672,-0.7638,-0.8861,-0.5199,-0.1942,0.2251,-0.1593,-0.2692,-0.1598,0.0369,0.0659,-0.0538,-0.192,-0.3399,-0.4173,-0.3553,-0.2916,-0.2766,-0.2977,-0.3393,-0.3872,-0.4282,-0.4538,-0.463,-0.4599,-0.695,-0.7095,-0.7304,-0.7606,-0.8001,-0.8412,-0.866,-0.8479,-0.7663,-0.6276,-0.4679,-0.5067,-0.5558,-0.6037,-0.4594,-0.1847,0.0802,-0.1767,-0.2518,0.0104,0.5756,0.464,0.0959,-0.0946,-0.1966,-0.24,-0.2276,-0.2147,-0.2363,-0.2914,-0.3684,-0.4491,-0.5105,-0.5382,-0.5356,-0.516,-0.6877,-0.7009,-0.7174,-0.7372,-0.7576,-0.7723,-0.7704,-0.7395,-0.672,-0.5709,-0.4659,-0.4681,-0.3124,-0.2227,-0.3853,-0.3422,-0.3146,-0.4332,-0.4881,-0.0985,0.6485,0.5114,0.1244,-0.0323,-0.0739,-0.068,-0.0653,-0.102,-0.1786,-0.2881,-0.425,-0.5645,-0.6575,-0.6758,-0.6409,-0.5883,-0.6759,-0.6861,-0.6973,-0.7083,-0.7166,-0.7177,-0.7058,-0.6757,-0.6265,-0.5648,-0.5063,-0.4384,-0.2504,-0.2035,-0.3862,-0.4302,-0.4843,-0.7828,-1.1482,-0.5305,-0.0368,0.0831,0.0165,-0.0101,0.0438,0.1468,0.1675,0.0519,-0.1079,-0.2908,-0.5201,-0.7663,-0.9071,-0.8821,-0.7757,-0.6686,-0.6615,-0.6686,-0.6751,-0.6799,-0.6811,-0.6757,-0.661,-0.6351,-0.5988,-0.5558,-0.5093,-0.454,-0.3915,-0.3895,-0.4623,-0.4876,-0.5162,-0.733,-0.9056,-0.5141,-0.2817,-0.1317,-0.0607,0.0087,0.1623,0.4421,0.5035,0.2099,-0.0472,-0.2919,-0.6278,-1.0367,-1.2383,-1.1145,-0.9012,-0.7324,-0.6462,-0.6504,-0.6533,-0.6541,-0.6512,-0.6431,-0.6284,-0.6065,-0.5782,-0.5455,-0.5101,-0.4741,-0.4457,-0.4429,-0.4688,-0.4811,-0.4854,-0.51,-0.3982,-0.3215,-0.2865,-0.1602,-0.0618,0.0238,0.1772,0.4856,0.5571,0.1836,-0.0395,-0.265,-0.6367,-1.1434,-1.3819,-1.1982,-0.9363,-0.7459,-0.6308,-0.6327,-0.6331,-0.6312,-0.6262,-0.617,-0.6032,-0.5845,-0.5616,-0.5358,-0.5087,-0.4829,-0.4629,-0.4539,-0.4548,-0.4542,-0.4455,-0.4219,-0.3648,-0.313,-0.2149,-0.0638,0.0275,0.0494,0.0803,0.0907,-0.0674,-0.0672,-0.0579,-0.1782,-0.4683,-0.8746,-1.0983,-1.0166,-0.8408,-0.6952,-0.616,-0.6161,-0.6147,-0.6112,-0.605,-0.5956,-0.5828,-0.5665,-0.5473,-0.5261,-0.5043,-0.4834,-0.4657,-0.4525,-0.4424,-0.4304,-0.4101,-0.3756,-0.3217,-0.2357,-0.0666,0.1826,0.266,0.1367,0.0307,-0.0864,-0.2669,-0.1506,0.0303,-0.002,-0.2196,-0.5072,-0.7024,-0.7352,-0.6778,-0.6039,-0.602,-0.6008,-0.5982,-0.5936,-0.5869,-0.5776,-0.5656,-0.5512,-0.5346,-0.5164,-0.4977,-0.4792,-0.4619,-0.4458,-0.4296,-0.4098,-0.3817,-0.3393,-0.2734,-0.1602,0.0524,0.3737,0.4601,0.2167,0.0404,-0.0546,-0.0925,0.0576,0.314,0.2367,-0.0125,-0.2572,-0.4312,-0.5125,-0.5259,-0.5076,-0.5889,-0.5868,-0.5832,-0.5781,-0.5711,-0.562,-0.5508,-0.5377,-0.5229,-0.5067,-0.4897,-0.4724,-0.455,-0.437,-0.4171,-0.3928,-0.3603,-0.314,-0.2451,-0.1367,0.0325,0.2322,0.2858,0.1556,0.035,-0.0164,0.009,0.1613,0.3537,0.2784,0.0605,-0.139,-0.285,-0.3734,-0.4152,-0.4276]}]