docs/data/wind_grid.json
[{"header":{"la1":42.85,"la2":41.18,"lo1":11.55,"lo2":14.05,"nx":36,"ny":24,"dx":0.07143,"dy":0.07261,"parameterCategory":2,"parameterNumber":2,"parameterNumberName":"eastward_wind","parameterUnit":"m.s-1"},"data":[2.7912,2.7953,2.7998,2.8043,2.8085,2.8119,2.8138,2.8137,2.8107,2.8041,2.7931,2.777,2.7551,2.7267,2.6908,2.6463,2.5916,2.5252,2.4469,2.3602,2.2751,2.2079,2.1735,2.1753,2.2045,2.2471,2.2919,2.3326,2.3669,2.3946,2.4167,2.4342,2.4482,2.4595,2.4688,2.4766,2.7908,2.7959,2.8017,2.8079,2.8141,2.8195,2.8235,2.8254,2.8242,2.8191,2.809,2.7928,2.7699,2.7395,2.7003,2.6506,2.5874,2.5066,2.4039,2.2795,2.1474,2.0415,1.9973,2.0208,2.0867,2.1646,2.2361,2.2946,2.3401,2.3745,2.4006,2.4205,2.436,2.4482,2.4582,2.4666,2.7886,2.7948,2.8021,2.8102,2.8185,2.8264,2.8329,2.8371,2.8383,2.8354,2.8268,2.8112,2.7876,2.7555,2.7138,2.6603,2.5905,2.4965,2.3654,2.1835,1.9612,1.7718,1.7141,1.7952,1.9367,2.0734,2.1817,2.261,2.3175,2.3578,2.3868,2.4083,2.4245,2.4373,2.4476,2.4563,2.7843,2.7916,2.8006,2.8107,2.8215,2.832,2.841,2.8473,2.8511,2.8518,2.8464,2.8321,2.8079,2.7743,2.7311,2.6762,2.6042,2.5049,2.3534,2.0973,1.6975,1.3052,1.2384,1.478,1.7678,1.9903,2.1403,2.2382,2.3025,2.3457,2.3758,2.3974,2.4137,2.4265,2.4369,2.4458,2.7773,2.7862,2.7971,2.8092,2.8224,2.8358,2.8465,2.8524,2.8576,2.8654,2.8673,2.8557,2.8306,2.795,2.7509,2.6974,2.63,2.5408,2.4053,2.1085,1.4137,0.5274,0.514,1.1327,1.6428,1.9502,2.1279,2.2329,2.2974,2.339,2.3673,2.3877,2.4031,2.4154,2.4257,2.4345,2.7673,2.7789,2.7934,2.8073,2.8212,2.8372,2.849,2.8454,2.8444,2.8709,2.8908,2.8836,2.8552,2.8149,2.7693,2.7201,2.6633,2.5961,2.5297,2.3447,1.5037,0.0542,0.1386,1.0824,1.6817,1.9922,2.1559,2.2471,2.3013,2.336,2.36,2.3778,2.3918,2.4034,2.4134,2.4223,2.7531,2.7715,2.7967,2.8137,2.8197,2.8355,2.8535,2.8319,2.8082,2.8786,2.9277,2.9205,2.8814,2.8292,2.7772,2.7345,2.6969,2.6489,2.6051,2.5802,2.1976,1.3632,1.1756,1.594,1.9283,2.1156,2.2167,2.2737,2.3087,2.3329,2.3511,2.366,2.3786,2.3896,2.3995,2.4086,2.7305,2.7622,2.8247,2.8628,2.8248,2.823,2.8695,2.8826,2.8812,2.9647,3.0051,2.9738,2.9086,2.829,2.7533,2.7144,2.7171,2.7194,2.7023,2.7933,3.0759,2.8924,2.4207,2.2442,2.2366,2.2599,2.2798,2.2953,2.3094,2.3234,2.3371,2.3501,2.3621,2.3731,2.3834,2.393,2.6889,2.7243,2.8581,2.9967,2.8122,2.7698,2.8861,3.0133,3.1236,3.1909,3.1488,3.0481,2.9384,2.807,2.6476,2.5858,2.6837,2.7912,2.9085,3.2665,4.1017,3.8982,3.0775,2.6366,2.4409,2.3494,2.3059,2.29,2.291,2.3009,2.3142,2.3281,2.3412,2.3533,2.3645,2.3751,2.6211,2.5992,2.6378,2.6812,2.4819,2.6174,2.8828,3.1704,3.522,3.6441,3.3738,3.1323,2.9796,2.7975,2.3962,2.1824,2.5929,2.838,2.9992,3.294,3.8012,3.6915,3.1298,2.7259,2.4799,2.3339,2.26,2.2369,2.2426,2.2603,2.2805,2.2992,2.3154,2.3295,2.3423,2.3544,2.5515,2.4301,2.1662,1.596,1.7068,2.4164,2.8519,3.2273,4.049,4.4601,3.5788,3.1785,3.0378,2.9252,2.5189,2.1982,2.6906,2.9444,3.0573,3.1431,3.2398,3.1722,2.9117,2.6116,2.351,2.1765,2.109,2.1183,2.1584,2.201,2.2365,2.2638,2.2848,2.3018,2.3166,2.3305,2.525,2.3724,2.0728,1.6194,1.7572,2.443,2.8009,2.9424,3.4938,3.9185,3.4092,3.1444,3.0799,3.0902,3.1243,2.9167,2.985,3.189,3.2454,3.1384,3.0487,2.9259,2.7074,2.3901,2.0365,1.8112,1.8112,1.9269,2.0442,2.13,2.187,2.2245,2.2503,2.2699,2.2867,2.3028,2.5532,2.4443,2.2909,2.1715,2.3035,2.613,2.7662,2.7012,2.8674,3.168,3.1562,3.0967,3.0718,3.2978,3.4452,3.1088,3.1333,3.5757,3.5915,3.1992,3.0061,2.8345,2.5694,2.1181,1.4907,1.1346,1.3529,1.6959,1.929,2.0636,2.1399,2.1842,2.2122,2.233,2.2516,2.2703,2.6104,2.5548,2.5034,2.4999,2.5881,2.72,2.7873,2.7674,2.846,3.018,3.069,3.1085,3.0702,2.4777,3.0351,3.1776,3.0913,3.2738,3.3502,3.1373,2.9913,2.8278,2.5301,1.9479,0.9737,0.4284,0.9811,1.5546,1.8657,2.0222,2.1019,2.144,2.169,2.1887,2.209,2.2315,2.67,2.6488,2.6408,2.662,2.7181,2.7871,2.837,2.8717,2.9413,3.0367,3.0839,3.0429,2.8806,2.7002,2.9528,3.1597,2.5212,2.8948,3.0441,3.055,3.0401,2.9278,2.6275,2.0847,1.2755,0.8175,1.1937,1.6367,1.887,2.0124,2.0724,2.0997,2.1152,2.1318,2.155,2.1842,2.7199,2.7166,2.7243,2.7484,2.7882,2.835,2.8805,2.9291,2.998,3.1071,3.2863,3.1033,2.9844,2.8564,2.8993,2.8317,2.5986,2.8291,2.9673,3.0736,3.2564,3.1562,2.7921,2.3597,1.9048,1.6397,1.6866,1.838,1.9529,2.0161,2.0396,2.0403,2.0392,2.0528,2.0842,2.1264,2.7581,2.7632,2.7762,2.7988,2.83,2.8667,2.9067,2.9526,3.0132,3.1079,3.2443,3.1072,2.8794,2.7957,2.8766,2.8752,2.8579,2.9044,2.9625,3.069,3.294,3.1952,2.8555,2.5174,2.219,2.0266,1.9599,1.9672,1.9938,2.006,1.9879,1.9481,1.922,1.9386,1.9916,2.0582,2.7861,2.7948,2.8091,2.8294,2.8551,2.8848,2.9177,2.9542,2.9957,3.0399,3.0584,2.9901,2.8362,2.7959,2.8794,2.902,2.9182,2.9367,2.9219,3.0185,3.0795,3.014,2.8113,2.5429,2.2689,2.062,1.9745,1.9677,1.9801,1.9719,1.9108,1.8054,1.7408,1.7799,1.8805,1.9868,2.8062,2.8162,2.83,2.8479,2.8692,2.8931,2.9188,2.9452,2.9703,2.9881,2.9857,2.9516,2.902,2.886,2.8993,2.9028,2.94,2.982,3.0126,3.1502,3.0884,2.9674,2.7853,2.5201,2.1922,1.9101,1.8444,1.8822,1.9243,1.9295,1.8313,1.6294,1.5136,1.609,1.781,1.9315,2.8202,2.8303,2.8431,2.8585,2.8761,2.8952,2.9148,2.9334,2.9488,2.9573,2.9543,2.9391,2.9206,2.9113,2.9089,2.9136,2.9625,3.0672,3.3303,3.4567,3.1855,3.0177,2.8349,2.5406,2.1465,1.8373,1.78,1.7406,1.8425,1.9113,1.8181,1.5623,1.4175,1.5484,1.7527,1.9188,2.8297,2.8393,2.8509,2.8641,2.8786,2.8938,2.9087,2.9222,2.9326,2.9381,2.9374,2.9316,2.9247,2.9216,2.9248,2.94,2.9843,3.0787,3.2347,3.2929,3.203,3.1616,3.0437,2.6907,2.1754,1.6464,1.152,1.3375,1.7722,1.968,1.9246,1.731,1.6072,1.6782,1.825,1.959,2.8359,2.8448,2.8549,2.8662,2.8782,2.8904,2.902,2.9123,2.9201,2.9248,2.9261,2.925,2.9239,2.9257,2.9332,2.9512,2.9873,3.048,3.1236,3.1854,3.2901,3.546,3.5829,3.0352,2.3005,1.4919,0.6961,1.1746,1.9826,2.1964,2.1256,1.9814,1.8817,1.8844,1.9519,2.0345,2.8395,2.8476,2.8565,2.8661,2.8761,2.886,2.8953,2.9034,2.9099,2.9143,2.9168,2.9183,2.9203,2.9246,2.9336,2.9504,2.9786,3.0211,3.0797,3.1741,3.3997,3.8749,4.0242,3.3223,2.5261,1.8752,1.532,1.9621,2.6278,2.561,2.338,2.1795,2.0862,2.0574,2.0762,2.1182,2.8413,2.8485,2.8563,2.8645,2.8729,2.881,2.8886,2.8954,2.9009,2.9051,2.9083,2.911,2.9143,2.9195,2.9283,2.9426,2.9649,2.9982,3.0499,3.1426,3.3271,3.6005,3.6366,3.2058,2.6624,2.2529,2.1163,2.3744,2.7221,2.6396,2.4341,2.2943,2.2137,2.178,2.1756,2.194]},{"header":{"la1":42.85,"la2":41.18,"lo1":11.55,"lo2":14.05,"nx":36,"ny":24,"dx":0.07143,"dy":0.07261,"parameterCategory":2,"parameterNumber":3,"parameterNumberName":"northward_wind","parameterUnit":"m.s-1"},"data":[0.2489,0.2715,0.2955,0.3206,0.3454,0.3677,0.3834,0.3877,0.3771,0.3512,0.3132,0.2679,0.2198,0.1713,0.1232,0.0752,0.027,-0.0212,-0.0683,-0.1125,-0.1503,-0.1765,-0.1864,-0.1799,-0.1616,-0.1378,-0.1138,-0.0922,-0.0742,-0.0598,-0.0485,-0.0398,-0.0333,-0.0284,-0.0248,-0.0222,0.2655,0.293,0.3234,0.357,0.3932,0.4294,0.4592,0.4731,0.4631,0.4276,0.3735,0.3112,0.2484,0.1881,0.1301,0.0725,0.0138,-0.0461,-0.1066,-0.1661,-0.2202,-0.2583,-0.2684,-0.2495,-0.2129,-0.1721,-0.1351,-0.1048,-0.0812,-0.0634,-0.0501,-0.0403,-0.0331,-0.0279,-0.0242,-0.0216,0.2819,0.3147,0.3521,0.3959,0.4477,0.5065,0.5631,0.5984,0.5917,0.5383,0.4548,0.3644,0.2807,0.2064,0.1376,0.0692,-0.0023,-0.0775,-0.1551,-0.2362,-0.3201,-0.3852,-0.3957,-0.3487,-0.277,-0.2088,-0.1543,-0.114,-0.085,-0.0643,-0.0496,-0.0391,-0.0317,-0.0265,-0.0228,-0.0204,0.298,0.3365,0.3807,0.4346,0.5055,0.5996,0.7085,0.7943,0.7998,0.7076,0.5646,0.4262,0.3141,0.2248,0.1463,0.0668,-0.0214,-0.1181,-0.2162,-0.3207,-0.4574,-0.5923,-0.602,-0.4852,-0.3473,-0.2398,-0.1659,-0.1165,-0.0836,-0.0615,-0.0463,-0.0359,-0.0288,-0.0239,-0.0207,-0.0186,0.3142,0.3594,0.4093,0.4696,0.5574,0.6994,0.9079,1.1195,1.1662,0.9761,0.7049,0.4875,0.3417,0.2414,0.158,0.0691,-0.0416,-0.1758,-0.3039,-0.4074,-0.6062,-0.9173,-0.9087,-0.6308,-0.3953,-0.249,-0.1618,-0.1088,-0.0756,-0.0542,-0.0401,-0.0307,-0.0244,-0.0203,-0.0177,-0.0162,0.3316,0.3874,0.4444,0.5022,0.5882,0.7711,1.1349,1.6441,1.8245,1.3679,0.8414,0.522,0.3526,0.2545,0.1771,0.0858,-0.0507,-0.2576,-0.4781,-0.513,-0.6166,-1.1082,-1.0654,-0.6437,-0.3662,-0.2175,-0.136,-0.089,-0.0606,-0.0427,-0.0311,-0.0236,-0.0188,-0.0157,-0.014,-0.0132,0.3493,0.427,0.5058,0.5555,0.5939,0.75,1.2141,2.1121,2.5496,1.6361,0.8474,0.4878,0.3371,0.2653,0.2099,0.1315,-0.012,-0.2874,-0.702,-0.6659,-0.3592,-0.543,-0.5945,-0.3955,-0.2363,-0.1436,-0.0907,-0.0594,-0.0401,-0.028,-0.0201,-0.0152,-0.0121,-0.0104,-0.0097,-0.0097,0.3587,0.4749,0.6246,0.7007,0.6147,0.6142,0.9136,1.5604,1.8547,1.1622,0.5955,0.3703,0.301,0.2816,0.2636,0.2147,0.1027,-0.1044,-0.3639,-0.2366,0.2634,0.2805,0.0355,-0.0631,-0.069,-0.0533,-0.0377,-0.0259,-0.0176,-0.0119,-0.0082,-0.0059,-0.0048,-0.0045,-0.0049,-0.0059,0.3374,0.4802,0.7414,0.9564,0.6462,0.421,0.4419,0.5541,0.5177,0.3041,0.1995,0.2174,0.2698,0.3164,0.3448,0.3308,0.249,0.1394,0.1031,0.3856,1.0819,0.9497,0.4156,0.1562,0.0566,0.0205,0.008,0.0042,0.0034,0.0035,0.0036,0.0034,0.0028,0.0017,0.0001,-0.0018,0.2675,0.3605,0.521,0.6229,0.3372,0.171,0.0674,-0.0975,-0.4066,-0.5176,-0.1985,0.0959,0.275,0.3783,0.4446,0.4649,0.3638,0.2779,0.2763,0.4692,0.8627,0.8013,0.443,0.2203,0.1119,0.0611,0.0372,0.0258,0.0201,0.0168,0.0146,0.0126,0.0105,0.0082,0.0056,0.0027,0.1713,0.1756,0.1009,-0.1649,-0.1553,-0.0594,-0.1656,-0.4139,-1.102,-1.4682,-0.4854,0.0678,0.3466,0.4892,0.503,0.4909,0.4099,0.3313,0.3021,0.3491,0.4434,0.4319,0.3075,0.1885,0.112,0.0699,0.0487,0.0379,0.0318,0.0278,0.0246,0.0215,0.0184,0.015,0.0114,0.0075,0.0891,0.0548,-0.045,-0.2055,-0.2004,-0.1675,-0.2755,-0.4026,-0.741,-0.9812,-0.3305,0.1516,0.4771,0.7544,0.6707,0.5337,0.4399,0.3335,0.2816,0.2728,0.2718,0.2497,0.1956,0.133,0.0838,0.0563,0.0458,0.0422,0.04,0.0374,0.0343,0.0308,0.0269,0.0226,0.0179,0.013,0.0337,-0.0004,-0.0583,-0.121,-0.1551,-0.21,-0.3129,-0.378,-0.3883,-0.3553,-0.08,0.2503,0.4883,0.8459,0.7563,0.6409,0.5241,0.2675,0.2321,0.2344,0.1984,0.1632,0.1259,0.0851,0.0467,0.0282,0.0338,0.0431,0.0476,0.0477,0.0452,0.0413,0.0367,0.0314,0.0256,0.0193,-0.0033,-0.0311,-0.0686,-0.1105,-0.156,-0.2178,-0.2934,-0.3482,-0.3329,-0.2402,-0.0486,0.3059,0.445,0.5722,0.636,0.9626,0.7601,0.3919,0.2631,0.2,0.1411,0.1047,0.0793,0.0541,0.0207,0.0015,0.024,0.0486,0.06,0.0619,0.0591,0.0544,0.0489,0.0425,0.0351,0.027,-0.0301,-0.0538,-0.0837,-0.1188,-0.16,-0.208,-0.2564,-0.2893,-0.2974,-0.3061,-0.2932,-0.1274,0.0761,-0.0507,0.5242,1.0367,0.7311,0.4666,0.2398,0.1232,0.0764,0.0577,0.0446,0.0393,0.0288,0.0191,0.0438,0.0728,0.0846,0.0837,0.0779,0.0715,0.0651,0.0574,0.0477,0.0366,-0.0507,-0.0719,-0.0976,-0.1277,-0.162,-0.1994,-0.2369,-0.2746,-0.3335,-0.492,-0.8615,-0.6646,-0.3873,-0.0568,0.2218,0.492,0.5418,0.2826,0.0569,-0.0011,0.0684,0.053,0.0167,0.0297,0.0585,0.0843,0.1138,0.1326,0.1298,0.1156,0.1021,0.0939,0.0877,0.0786,0.065,0.049,-0.067,-0.0863,-0.1091,-0.1353,-0.1646,-0.1969,-0.2329,-0.2794,-0.3599,-0.5313,-0.812,-0.6528,-0.5903,-0.5783,-0.1799,0.0035,0.0244,-0.1708,-0.349,-0.218,0.0451,0.0217,-0.0272,0.0226,0.1168,0.2108,0.2604,0.2472,0.2004,0.1552,0.1296,0.1235,0.1221,0.1108,0.0891,0.0642,-0.0802,-0.0979,-0.1185,-0.1418,-0.1679,-0.1974,-0.2321,-0.2775,-0.3437,-0.4369,-0.5172,-0.5265,-0.6359,-0.6744,-0.5984,-0.6031,-0.4757,-0.6929,-1.0117,-0.6211,-0.3111,-0.1847,-0.1124,0.0226,0.2379,0.4769,0.5555,0.4362,0.2887,0.1905,0.1532,0.164,0.1782,0.1598,0.1201,0.0802,-0.0909,-0.1073,-0.1261,-0.1473,-0.1711,-0.1981,-0.2298,-0.2687,-0.3169,-0.3712,-0.4196,-0.4639,-0.5396,-0.6955,-1.2779,-1.5481,-0.8579,-0.8258,-0.9984,-0.9404,-0.6533,-0.4072,-0.2241,0.0128,0.3982,0.9205,1.0382,0.652,0.3532,0.1964,0.1596,0.2152,0.2587,0.2186,0.1485,0.09,-0.0997,-0.115,-0.1324,-0.1518,-0.1736,-0.1982,-0.2264,-0.2591,-0.2965,-0.3373,-0.3806,-0.4348,-0.5275,-0.7385,-1.2073,-1.3603,-0.9233,-0.866,-1.2261,-1.4084,-0.896,-0.5923,-0.3778,-0.0789,0.3906,1.0047,1.1365,0.6582,0.3205,0.1368,0.1189,0.2289,0.2981,0.2377,0.1487,0.0824,-0.1069,-0.1214,-0.1375,-0.1555,-0.1755,-0.1978,-0.2229,-0.2512,-0.2828,-0.3183,-0.3597,-0.4146,-0.4999,-0.6404,-0.8178,-0.8732,-0.7956,-0.8278,-1.0361,-1.1087,-0.9062,-0.7988,-0.671,-0.3281,0.1528,0.564,0.6963,0.5238,0.1594,-0.0456,-0.0257,0.1096,0.1926,0.1636,0.1011,0.0503,-0.113,-0.1266,-0.1416,-0.1583,-0.1767,-0.1971,-0.2197,-0.2448,-0.273,-0.3051,-0.3433,-0.392,-0.4572,-0.5404,-0.6219,-0.6653,-0.6807,-0.7279,-0.8155,-0.8773,-0.9635,-1.2317,-1.2824,-0.7479,-0.1246,0.3757,0.751,0.4257,-0.2847,-0.4651,-0.3091,-0.1154,0.0021,0.0326,0.0206,-0.0,-0.118,-0.1308,-0.1449,-0.1604,-0.1774,-0.1961,-0.2167,-0.2395,-0.2649,-0.2939,-0.3277,-0.3682,-0.4168,-0.471,-0.5222,-0.5621,-0.5971,-0.6445,-0.713,-0.8194,-1.0684,-1.5914,-1.7547,-1.0603,-0.3788,0.0483,0.1814,-0.3541,-1.2233,-1.0712,-0.6318,-0.3343,-0.1692,-0.0919,-0.0627,-0.055,-0.1221,-0.1342,-0.1474,-0.1618,-0.1776,-0.1949,-0.2137,-0.2345,-0.2575,-0.2834,-0.3127,-0.3462,-0.3837,-0.4235,-0.4623,-0.4987,-0.5363,-0.5832,-0.651,-0.7657,-0.9834,-1.2967,-1.3527,-0.9506,-0.5033,-0.2498,-0.2892,-0.7711,-1.3537,-1.1843,-0.7544,-0.4538,-0.278,-0.1809,-0.1297,-0.1036]}]