docs/data/wind_grid.json
[{"header":{"la1":42.85,"la2":41.18,"lo1":11.55,"lo2":14.05,"nx":36,"ny":24,"dx":0.07143,"dy":0.07261,"parameterCategory":2,"parameterNumber":2,"parameterNumberName":"eastward_wind","parameterUnit":"m.s-1"},"data":[1.3496,1.3546,1.3614,1.3695,1.378,1.385,1.3879,1.3837,1.3698,1.3453,1.3112,1.269,1.2208,1.1681,1.1122,1.0548,0.999,0.9487,0.9085,0.8812,0.8673,0.8649,0.8714,0.8844,0.9014,0.9204,0.9395,0.9578,0.9748,0.9904,1.0045,1.0173,1.0289,1.0396,1.0495,1.0586,1.3497,1.3565,1.3664,1.3796,1.3952,1.4108,1.4223,1.4242,1.4118,1.3833,1.341,1.2887,1.2296,1.1653,1.0964,1.0242,0.9523,0.8873,0.8373,0.8079,0.7983,0.8031,0.8177,0.8388,0.8637,0.8895,0.9143,0.937,0.9573,0.9753,0.9913,1.0056,1.0184,1.0301,1.0408,1.0506,1.3464,1.3543,1.3674,1.3868,1.4124,1.4419,1.4689,1.4832,1.4743,1.4388,1.3827,1.3153,1.2421,1.1641,1.0796,0.9879,0.8922,0.8035,0.739,0.7112,0.7153,0.7349,0.7605,0.7912,0.8254,0.8592,0.8901,0.9172,0.9406,0.9608,0.9785,0.9941,1.008,1.0206,1.0321,1.0426,1.3382,1.3457,1.361,1.3871,1.4262,1.4776,1.5335,1.5744,1.5739,1.5227,1.44,1.3487,1.2578,1.1651,1.0637,0.9472,0.8151,0.6832,0.5912,0.5763,0.6225,0.6738,0.7096,0.7472,0.7901,0.8318,0.8683,0.8992,0.9251,0.9471,0.9661,0.9828,0.9977,1.0111,1.0233,1.0345,1.3237,1.3277,1.3421,1.3734,1.4286,1.5124,1.6215,1.7236,1.7446,1.6526,1.5135,1.3849,1.2743,1.1688,1.0526,0.9087,0.7226,0.5038,0.3376,0.3576,0.5293,0.6569,0.6852,0.7151,0.7628,0.8101,0.8505,0.8836,0.9109,0.934,0.954,0.9716,0.9873,1.0014,1.0143,1.0261,1.3021,1.2973,1.304,1.335,1.4051,1.5282,1.7215,1.9609,2.0429,1.8371,1.587,1.4116,1.286,1.175,1.0522,0.8885,0.6402,0.2625,-0.134,-0.0723,0.3947,0.6738,0.6842,0.6986,0.7469,0.7959,0.8369,0.87,0.8975,0.9209,0.9415,0.9599,0.9764,0.9914,1.0049,1.0174,1.275,1.2538,1.2397,1.258,1.3377,1.492,1.7555,2.171,2.3635,1.9641,1.6035,1.4096,1.2875,1.1818,1.0647,0.906,0.638,0.1288,-0.6298,-0.5597,0.2139,0.555,0.6416,0.6873,0.7404,0.7878,0.8258,0.8567,0.8831,0.9066,0.9279,0.9473,0.9648,0.9806,0.995,1.0081,1.2485,1.2044,1.1506,1.1332,1.2258,1.3946,1.6223,1.9362,2.068,1.7701,1.5098,1.3735,1.2799,1.1851,1.0773,0.952,0.7549,0.377,-0.1223,-0.0767,0.3039,0.4654,0.5911,0.6787,0.7387,0.7809,0.8125,0.8394,0.8647,0.889,0.9119,0.933,0.952,0.9689,0.9842,0.9981,1.2332,1.1735,1.0801,1.0092,1.1327,1.2987,1.4311,1.523,1.516,1.4214,1.3605,1.3276,1.2762,1.1813,1.0471,0.9526,0.8884,0.7262,0.5156,0.422,0.3351,0.3845,0.5724,0.6841,0.7385,0.7669,0.7882,0.8114,0.8379,0.8657,0.8923,0.9164,0.9376,0.956,0.9723,0.987,1.236,1.1829,1.1144,1.0765,1.1531,1.2558,1.3155,1.2817,1.1385,1.0782,1.2134,1.3045,1.3002,1.1932,0.9128,0.7597,0.9441,0.9491,0.8366,0.6676,0.4683,0.4912,0.6373,0.7109,0.7282,0.728,0.7367,0.7617,0.797,0.8344,0.8685,0.8974,0.9214,0.9415,0.9588,0.9744,1.2525,1.2121,1.1683,1.1298,1.1491,1.2467,1.2878,1.2032,0.8258,0.6201,1.1139,1.3339,1.3724,1.3042,1.0068,0.7819,1.0521,1.1159,1.061,0.9356,0.8004,0.7504,0.7547,0.7304,0.6722,0.6255,0.6288,0.6756,0.7374,0.7947,0.8411,0.8766,0.9037,0.9251,0.9433,0.9596,1.2763,1.2441,1.2017,1.1498,1.1727,1.2777,1.3317,1.3201,1.0899,0.9147,1.2457,1.4351,1.4717,1.4639,1.3829,1.2572,1.2538,1.2738,1.245,1.1412,1.0242,0.928,0.832,0.6886,0.5013,0.3819,0.4186,0.5408,0.6611,0.7514,0.8136,0.8554,0.8844,0.9062,0.9246,0.9417,1.3051,1.2839,1.2601,1.2458,1.2738,1.3346,1.3801,1.4115,1.3739,1.3414,1.463,1.6013,1.5909,1.503,1.475,1.3978,1.3592,1.3785,1.3682,1.2554,1.1412,1.0215,0.8571,0.5699,0.1375,-0.1138,0.0778,0.3767,0.5886,0.7167,0.7914,0.8354,0.8628,0.8828,0.9007,0.9189,1.336,1.3261,1.3194,1.3238,1.3467,1.3797,1.404,1.4138,1.4274,1.4949,1.6046,1.7654,1.7888,1.5185,1.4835,1.4035,1.3756,1.3728,1.3623,1.2916,1.1868,1.0663,0.8793,0.4854,-0.2388,-0.6648,-0.207,0.2854,0.5633,0.7067,0.7794,0.8157,0.8355,0.8509,0.8681,0.8886,1.3655,1.3639,1.3666,1.377,1.3962,1.4198,1.4416,1.4657,1.52,1.6275,1.7312,1.7538,1.6917,1.6925,1.5091,1.3884,1.2177,1.3585,1.38,1.295,1.1472,1.0566,0.9383,0.613,0.0186,-0.3391,-0.0084,0.3878,0.6161,0.7279,0.7751,0.7897,0.7939,0.8023,0.8206,0.8473,1.3918,1.3956,1.4034,1.4166,1.4357,1.4599,1.49,1.5348,1.6163,1.7651,1.9889,1.8947,1.7917,1.6732,1.5745,1.4333,1.3112,1.4456,1.4778,1.2831,0.8902,0.925,1.0077,0.8532,0.5694,0.3908,0.461,0.6127,0.7187,0.7649,0.7653,0.7417,0.7211,0.7232,0.7498,0.7911,1.4144,1.4217,1.4326,1.448,1.4685,1.4952,1.531,1.5832,1.6648,1.7947,1.9593,1.8819,1.7955,1.7682,1.705,1.6502,1.6302,1.7237,1.7735,1.466,0.8729,0.9472,1.1142,1.0518,0.91,0.8079,0.7847,0.8017,0.8137,0.7929,0.73,0.6452,0.5879,0.593,0.6472,0.7191,1.4336,1.4432,1.456,1.4728,1.4945,1.5223,1.5585,1.6067,1.6704,1.7459,1.8038,1.8051,1.7985,1.8165,1.9365,2.0002,1.9326,2.091,2.3222,1.9451,1.5246,1.3547,1.3076,1.2055,1.0671,0.9553,0.9077,0.8971,0.8736,0.801,0.656,0.4679,0.3569,0.3955,0.515,0.6391,1.4496,1.4607,1.4746,1.4922,1.514,1.541,1.5745,1.6155,1.6631,1.7123,1.7528,1.7832,1.8277,1.9625,2.428,2.6303,2.1835,2.2063,2.3656,2.374,2.0206,1.7081,1.5133,1.3295,1.1156,0.9119,0.8641,0.9176,0.9092,0.8063,0.5681,0.2251,0.0466,0.1713,0.3916,0.576,1.4628,1.4746,1.4891,1.5067,1.5279,1.5533,1.5833,1.618,1.6562,1.6957,1.7352,1.7806,1.8557,2.0257,2.381,2.5006,2.2312,2.2795,2.7698,3.0146,2.3403,1.9446,1.709,1.4655,1.1761,0.9032,0.8485,0.9401,0.9484,0.8454,0.5663,0.1292,-0.0888,0.0906,0.3581,0.5646,1.4734,1.4856,1.5001,1.5173,1.5375,1.5609,1.5878,1.6179,1.6508,1.6862,1.7253,1.7741,1.8465,1.9618,2.1046,2.1624,2.1428,2.2421,2.5258,2.6152,2.3205,2.1339,1.9846,1.687,1.3245,1.0557,0.9513,0.9742,1.0063,0.9401,0.7192,0.376,0.1802,0.2689,0.4561,0.6199,1.4817,1.494,1.5082,1.5247,1.5437,1.5652,1.5894,1.6162,1.6456,1.6778,1.7144,1.759,1.8164,1.8882,1.9605,2.0089,2.0465,2.1219,2.2301,2.2788,2.3025,2.4924,2.5219,2.0409,1.5051,1.1245,0.916,0.9914,1.105,1.0828,0.9314,0.7109,0.5569,0.547,0.624,0.7189,1.4881,1.5002,1.5139,1.5296,1.5473,1.567,1.5889,1.613,1.6394,1.6684,1.7011,1.739,1.7831,1.832,1.88,1.922,1.964,2.0181,2.084,2.1654,2.3562,2.7986,2.9418,2.3034,1.6722,1.2808,1.109,1.1532,1.2651,1.2278,1.0934,0.9373,0.8185,0.7718,0.7846,0.8261,1.4928,1.5045,1.5176,1.5324,1.5488,1.5669,1.5867,1.6084,1.632,1.6578,1.6862,1.7177,1.7523,1.7888,1.8251,1.8604,1.8972,1.9406,1.997,2.0863,2.2616,2.528,2.5691,2.1804,1.728,1.4173,1.2644,1.2456,1.288,1.2591,1.1637,1.057,0.9706,0.9216,0.9089,0.9206]},{"header":{"la1":42.85,"la2":41.18,"lo1":11.55,"lo2":14.05,"nx":36,"ny":24,"dx":0.07143,"dy":0.07261,"parameterCategory":2,"parameterNumber":3,"parameterNumberName":"northward_wind","parameterUnit":"m.s-1"},"data":[0.3665,0.3763,0.3851,0.3926,0.3985,0.4022,0.4023,0.3975,0.3865,0.369,0.3459,0.3188,0.2892,0.2583,0.2269,0.1956,0.1651,0.1365,0.1106,0.0882,0.0696,0.0549,0.0433,0.0342,0.0266,0.02,0.0139,0.0082,0.003,-0.002,-0.0065,-0.0106,-0.0143,-0.0176,-0.0205,-0.023,0.3847,0.3971,0.4085,0.419,0.4284,0.436,0.4403,0.4382,0.4271,0.4062,0.3773,0.3436,0.3076,0.2708,0.2338,0.197,0.1612,0.1277,0.0979,0.073,0.0534,0.0388,0.0284,0.0206,0.0143,0.0085,0.003,-0.0022,-0.0072,-0.0118,-0.0161,-0.0199,-0.0234,-0.0264,-0.029,-0.0312,0.4043,0.4198,0.4344,0.4483,0.462,0.4758,0.4876,0.4918,0.4818,0.4553,0.4167,0.3729,0.3284,0.2847,0.2414,0.1981,0.1554,0.1153,0.0807,0.0534,0.0336,0.0204,0.0121,0.0063,0.0012,-0.0038,-0.0087,-0.0136,-0.0182,-0.0226,-0.0265,-0.0301,-0.0332,-0.0358,-0.0381,-0.0399,0.4257,0.4453,0.4635,0.4805,0.4988,0.5215,0.5477,0.5668,0.5609,0.5231,0.4663,0.4066,0.3513,0.3,0.2501,0.1992,0.1474,0.098,0.0572,0.0288,0.0114,0.0022,-0.0027,-0.0071,-0.0119,-0.0167,-0.0214,-0.026,-0.0303,-0.0343,-0.038,-0.0411,-0.0438,-0.0461,-0.0479,-0.0493,0.4494,0.4752,0.4979,0.5169,0.5373,0.5702,0.6227,0.678,0.6855,0.6207,0.5263,0.4421,0.3744,0.3166,0.2611,0.2023,0.1382,0.0734,0.0224,-0.0033,-0.0102,-0.0071,-0.0085,-0.0174,-0.0252,-0.0308,-0.0355,-0.0398,-0.0438,-0.0474,-0.0505,-0.0532,-0.0553,-0.057,-0.0583,-0.0592,0.4757,0.5123,0.5436,0.5627,0.5763,0.6122,0.703,0.8409,0.8889,0.7519,0.5861,0.4717,0.3949,0.3346,0.2768,0.2117,0.1327,0.0417,-0.0325,-0.0493,-0.0354,-0.0059,-0.0083,-0.0303,-0.0419,-0.0476,-0.0517,-0.0554,-0.0588,-0.0619,-0.0643,-0.0663,-0.0678,-0.0689,-0.0695,-0.0698,0.5029,0.5598,0.6139,0.636,0.6214,0.6311,0.7391,0.9785,1.0975,0.8426,0.6097,0.4845,0.4109,0.3549,0.2998,0.2337,0.1446,0.026,-0.0832,-0.0892,-0.0901,-0.0704,-0.0578,-0.0645,-0.0672,-0.0686,-0.0708,-0.0735,-0.076,-0.0781,-0.0797,-0.0807,-0.0813,-0.0815,-0.0815,-0.0811,0.5226,0.6114,0.7249,0.7794,0.6917,0.6196,0.6723,0.84,0.918,0.7348,0.5693,0.4798,0.425,0.3794,0.3311,0.2716,0.1861,0.0668,-0.0467,-0.1143,-0.2413,-0.2487,-0.1659,-0.1184,-0.0992,-0.0934,-0.0931,-0.0945,-0.0958,-0.0965,-0.0966,-0.0963,-0.0958,-0.0951,-0.0941,-0.0929,0.5167,0.6256,0.8228,0.985,0.7502,0.572,0.5574,0.602,0.6141,0.5652,0.5118,0.4748,0.4461,0.4107,0.3637,0.3155,0.2465,0.1372,0.0016,-0.1991,-0.5265,-0.4724,-0.2571,-0.1614,-0.1288,-0.1202,-0.1193,-0.1194,-0.1187,-0.1172,-0.1152,-0.1132,-0.1113,-0.1094,-0.1075,-0.1054,0.4728,0.5429,0.6608,0.7359,0.5336,0.4553,0.4568,0.474,0.4854,0.4864,0.4841,0.4862,0.4865,0.4583,0.3743,0.3259,0.3004,0.2045,0.0666,-0.1401,-0.3975,-0.3854,-0.2418,-0.1723,-0.1526,-0.151,-0.1519,-0.1499,-0.1455,-0.1403,-0.1354,-0.1312,-0.1276,-0.1245,-0.1215,-0.1185,0.4088,0.4113,0.3456,0.1193,0.1435,0.3234,0.3828,0.4104,0.4612,0.4839,0.4814,0.5166,0.56,0.5662,0.4428,0.3471,0.3453,0.2578,0.1445,0.0048,-0.1329,-0.1853,-0.1758,-0.1716,-0.1829,-0.1951,-0.1968,-0.1885,-0.1766,-0.1654,-0.1565,-0.1497,-0.1445,-0.1402,-0.1362,-0.1323,0.3563,0.3314,0.2468,0.0995,0.1294,0.2853,0.3378,0.3452,0.4035,0.4561,0.4861,0.562,0.6596,0.7753,0.6836,0.5172,0.4031,0.2817,0.1936,0.0909,-0.0202,-0.0997,-0.1497,-0.1939,-0.2406,-0.2692,-0.2623,-0.2362,-0.2103,-0.1908,-0.1773,-0.1682,-0.1617,-0.1565,-0.1517,-0.1469,0.3244,0.3053,0.2659,0.227,0.2458,0.2996,0.318,0.3013,0.3308,0.4065,0.496,0.6302,0.7183,0.851,0.7814,0.6235,0.4699,0.2423,0.2004,0.1095,-0.0117,-0.105,-0.1745,-0.247,-0.3379,-0.3886,-0.3491,-0.2868,-0.2415,-0.2133,-0.1963,-0.1859,-0.1791,-0.1737,-0.1684,-0.1625,0.3049,0.2963,0.2834,0.2764,0.2865,0.3053,0.3145,0.3115,0.3269,0.3805,0.4754,0.7086,0.8002,0.8401,0.7085,0.8352,0.617,0.3053,0.1873,0.0522,-0.0907,-0.1815,-0.2344,-0.3021,-0.4253,-0.5004,-0.4148,-0.3187,-0.261,-0.2292,-0.2121,-0.203,-0.1975,-0.1927,-0.1869,-0.1798,0.2895,0.2871,0.2842,0.2846,0.2905,0.2995,0.3069,0.3119,0.3188,0.3288,0.3535,0.4384,0.5136,0.4167,0.6207,0.8584,0.293,0.2647,0.0899,-0.1091,-0.2928,-0.3462,-0.3233,-0.3314,-0.3993,-0.4484,-0.3883,-0.312,-0.2633,-0.237,-0.2249,-0.2206,-0.2188,-0.2154,-0.2088,-0.1995,0.2746,0.2747,0.2749,0.2764,0.2799,0.2842,0.2876,0.2878,0.2803,0.2497,0.1682,0.2134,0.2781,0.3516,0.3938,0.376,0.2129,0.0974,-0.1116,-0.3513,-0.6468,-0.5963,-0.4275,-0.3573,-0.3481,-0.3488,-0.3215,-0.2826,-0.2533,-0.2386,-0.2367,-0.2422,-0.247,-0.2453,-0.2361,-0.2224,0.2589,0.2596,0.2601,0.2609,0.2619,0.2625,0.2611,0.2555,0.2411,0.2091,0.1586,0.1741,0.089,0.031,0.1041,0.0672,-0.0261,-0.2368,-0.4468,-0.5343,-0.7193,-0.656,-0.4792,-0.3815,-0.3322,-0.3032,-0.278,-0.2542,-0.2381,-0.2366,-0.2511,-0.2742,-0.2901,-0.2878,-0.271,-0.2486,0.2425,0.2427,0.2423,0.2416,0.2401,0.2373,0.2319,0.2223,0.2066,0.1838,0.1563,0.1116,-0.003,-0.0814,-0.3025,-0.4644,-0.4251,-0.6662,-0.9458,-0.7386,-0.6511,-0.586,-0.4885,-0.3968,-0.3265,-0.2834,-0.257,-0.2303,-0.2169,-0.2299,-0.2708,-0.3261,-0.3589,-0.3477,-0.3126,-0.2757,0.2256,0.2248,0.2231,0.2205,0.2166,0.2106,0.2018,0.1887,0.1701,0.1442,0.106,0.0412,-0.0741,-0.3307,-1.095,-1.4194,-0.7756,-0.7915,-0.9719,-1.0115,-0.8157,-0.6471,-0.5285,-0.4172,-0.3179,-0.2801,-0.2705,-0.2031,-0.1793,-0.2117,-0.2902,-0.396,-0.4494,-0.4136,-0.3502,-0.2968,0.2086,0.2065,0.2033,0.1988,0.1925,0.1839,0.1718,0.1552,0.1323,0.0998,0.0511,-0.0282,-0.1703,-0.466,-1.0367,-1.2303,-0.8397,-0.8533,-1.2946,-1.5061,-1.0078,-0.7585,-0.6201,-0.4669,-0.3065,-0.2558,-0.2522,-0.1034,-0.1024,-0.1713,-0.2819,-0.4232,-0.4889,-0.4372,-0.3611,-0.3023,0.1916,0.1883,0.1836,0.1773,0.169,0.1578,0.143,0.1233,0.0964,0.0591,0.0052,-0.0763,-0.2047,-0.4034,-0.641,-0.7445,-0.7195,-0.8155,-1.0853,-1.1849,-0.9938,-0.9107,-0.8316,-0.6013,-0.3028,-0.0237,0.2741,0.2017,0.0081,-0.1153,-0.2272,-0.3476,-0.4102,-0.3865,-0.3346,-0.2889,0.1751,0.1705,0.1645,0.1566,0.1464,0.1333,0.1164,0.0942,0.0651,0.026,-0.0275,-0.1013,-0.202,-0.3284,-0.4558,-0.5446,-0.6077,-0.7045,-0.835,-0.9232,-1.0187,-1.2751,-1.3325,-0.8878,-0.3705,0.1171,0.5572,0.3421,0.0284,-0.0835,-0.1645,-0.2482,-0.3018,-0.3089,-0.2895,-0.2639,0.1593,0.1535,0.1463,0.1371,0.1255,0.1109,0.0924,0.069,0.0391,0.0005,-0.0492,-0.1126,-0.1909,-0.28,-0.3692,-0.4487,-0.5242,-0.6112,-0.7138,-0.8436,-1.0975,-1.5927,-1.7443,-1.1211,-0.5003,-0.062,0.1711,0.0743,-0.0716,-0.0885,-0.1305,-0.1878,-0.2308,-0.2491,-0.2482,-0.2375,0.1442,0.1375,0.1292,0.119,0.1063,0.0907,0.0715,0.0477,0.0182,-0.0184,-0.0633,-0.1175,-0.1806,-0.2498,-0.3209,-0.3911,-0.4628,-0.5426,-0.6391,-0.7753,-1.0022,-1.3095,-1.3664,-0.9899,-0.5487,-0.2327,-0.0728,-0.061,-0.0884,-0.0953,-0.1246,-0.1637,-0.1953,-0.2132,-0.2187,-0.2158]}]