docs/data/wind_grid.json
[{"header":{"la1":42.85,"la2":41.18,"lo1":11.55,"lo2":14.05,"nx":36,"ny":24,"dx":0.07143,"dy":0.07261,"parameterCategory":2,"parameterNumber":2,"parameterNumberName":"eastward_wind","parameterUnit":"m.s-1"},"data":[-0.2006,-0.205,-0.2107,-0.2173,-0.2243,-0.2303,-0.234,-0.2337,-0.228,-0.2167,-0.2001,-0.1794,-0.1559,-0.1309,-0.1052,-0.0801,-0.057,-0.0381,-0.0254,-0.0205,-0.0237,-0.0335,-0.0478,-0.0644,-0.0812,-0.0973,-0.1119,-0.1248,-0.1357,-0.145,-0.1526,-0.1588,-0.1639,-0.168,-0.1712,-0.1739,-0.197,-0.2028,-0.2107,-0.2206,-0.2318,-0.2428,-0.2512,-0.2541,-0.2489,-0.235,-0.2134,-0.1865,-0.1563,-0.1242,-0.0911,-0.0581,-0.0268,-0.0003,0.0174,0.0229,0.0159,-0.0006,-0.0226,-0.0462,-0.069,-0.0897,-0.1076,-0.1228,-0.1353,-0.1455,-0.1536,-0.1601,-0.1651,-0.169,-0.172,-0.1744,-0.1911,-0.198,-0.2085,-0.2226,-0.24,-0.2588,-0.2755,-0.2847,-0.2811,-0.2629,-0.2332,-0.197,-0.1577,-0.1167,-0.0745,-0.0309,0.0127,0.0517,0.078,0.0842,0.0698,0.0412,0.0069,-0.027,-0.0575,-0.0836,-0.1052,-0.1228,-0.1367,-0.1476,-0.156,-0.1623,-0.1671,-0.1706,-0.1732,-0.1752,-0.1817,-0.1893,-0.2022,-0.2214,-0.2471,-0.2782,-0.31,-0.3322,-0.3323,-0.3058,-0.2615,-0.2109,-0.1595,-0.1082,-0.0552,0.0016,0.0632,0.1242,0.1678,0.1747,0.144,0.0932,0.0395,-0.0085,-0.0484,-0.0805,-0.1058,-0.1255,-0.1405,-0.1517,-0.1599,-0.1657,-0.1698,-0.1727,-0.1746,-0.176,-0.1675,-0.1746,-0.189,-0.2132,-0.2493,-0.2983,-0.3567,-0.4074,-0.417,-0.3713,-0.2987,-0.2264,-0.1602,-0.0974,-0.0335,0.0375,0.1235,0.224,0.305,0.3114,0.2439,0.1527,0.0706,0.0055,-0.0444,-0.0823,-0.1107,-0.1319,-0.1472,-0.1581,-0.1655,-0.1704,-0.1734,-0.1752,-0.1762,-0.1768,-0.1471,-0.1512,-0.1648,-0.1924,-0.2389,-0.3095,-0.4085,-0.518,-0.5524,-0.4603,-0.3369,-0.2375,-0.1564,-0.0823,-0.0088,0.0726,0.1819,0.3419,0.5009,0.5014,0.3571,0.2046,0.0901,0.009,-0.0491,-0.0911,-0.1214,-0.1429,-0.1576,-0.1672,-0.173,-0.1762,-0.1777,-0.178,-0.1778,-0.1774,-0.1192,-0.1161,-0.1242,-0.1509,-0.2039,-0.2912,-0.4259,-0.6071,-0.6819,-0.5202,-0.3503,-0.2361,-0.1449,-0.0583,0.0254,0.1069,0.2133,0.4066,0.6518,0.6411,0.4137,0.2162,0.0844,-0.004,-0.0655,-0.109,-0.1393,-0.1596,-0.1722,-0.1793,-0.1825,-0.1831,-0.1823,-0.1808,-0.179,-0.1774,-0.0835,-0.0666,-0.0602,-0.0778,-0.1321,-0.2253,-0.3552,-0.5101,-0.5693,-0.4483,-0.3209,-0.2233,-0.1277,-0.0191,0.0907,0.167,0.2206,0.3337,0.5057,0.5034,0.3288,0.1644,0.0472,-0.0356,-0.0952,-0.1375,-0.1658,-0.183,-0.1917,-0.1945,-0.1936,-0.1907,-0.1869,-0.1829,-0.1793,-0.1763,-0.0425,-0.0024,0.0346,0.0426,-0.0113,-0.1182,-0.2343,-0.3293,-0.3688,-0.345,-0.2904,-0.218,-0.1175,0.0369,0.2388,0.3357,0.2737,0.2387,0.2654,0.2553,0.1754,0.0767,-0.011,-0.0827,-0.1385,-0.1783,-0.2028,-0.2143,-0.2164,-0.2127,-0.206,-0.1983,-0.1906,-0.1838,-0.1781,-0.1737,-0.0039,0.0675,0.159,0.2305,0.1758,0.0083,-0.1326,-0.2327,-0.3178,-0.3471,-0.303,-0.2385,-0.1415,0.063,0.5208,0.7496,0.3883,0.2011,0.1466,0.1135,0.0627,-0.0034,-0.0736,-0.1402,-0.1962,-0.235,-0.2537,-0.2555,-0.2467,-0.2332,-0.2185,-0.2046,-0.1924,-0.1822,-0.1743,-0.1686,0.0186,0.1148,0.2637,0.4369,0.3912,0.1111,-0.0537,-0.1614,-0.37,-0.4613,-0.3388,-0.2822,-0.222,-0.0827,0.4001,0.7414,0.326,0.1597,0.1085,0.0614,0.0039,-0.0612,-0.1325,-0.2069,-0.274,-0.3163,-0.325,-0.3089,-0.2822,-0.2544,-0.2292,-0.2078,-0.1904,-0.1768,-0.1669,-0.1602,0.0132,0.1062,0.2472,0.4056,0.3553,0.1103,0.025,0.0233,-0.1857,-0.3569,-0.3381,-0.345,-0.3271,-0.3252,-0.1875,0.0566,0.1115,0.161,0.1594,0.069,-0.0214,-0.1016,-0.1865,-0.2854,-0.3849,-0.44,-0.4264,-0.3749,-0.3196,-0.2726,-0.2349,-0.2053,-0.1825,-0.1657,-0.1543,-0.1473,-0.0182,0.0474,0.1274,0.1839,0.1393,0.0506,0.0752,0.1925,0.0624,-0.2117,-0.3674,-0.4702,-0.4346,-0.3795,-0.3265,-0.1382,0.0426,0.3069,0.3081,0.09,-0.0414,-0.1333,-0.2321,-0.3701,-0.5397,-0.6256,-0.5579,-0.443,-0.3492,-0.2811,-0.2311,-0.1935,-0.1657,-0.1464,-0.1345,-0.1285,-0.0621,-0.0247,0.0097,0.0227,0.0027,-0.0147,0.0246,0.1015,0.0073,-0.2625,-0.4502,-0.6308,-0.6358,-0.1581,-0.2618,-0.1208,0.0476,0.1813,0.1838,0.0273,-0.0785,-0.1556,-0.2543,-0.4202,-0.6686,-0.7961,-0.654,-0.4763,-0.3539,-0.2717,-0.2125,-0.1683,-0.1363,-0.1157,-0.1051,-0.1023,-0.1064,-0.0881,-0.0756,-0.0752,-0.0862,-0.095,-0.0919,-0.1072,-0.2234,-0.4331,-0.5914,-0.6054,-0.4716,-0.3933,-0.2724,0.0233,0.3148,0.0834,-0.0087,-0.0711,-0.1055,-0.1488,-0.2393,-0.386,-0.5903,-0.699,-0.5877,-0.4342,-0.3211,-0.2392,-0.1754,-0.1251,-0.0893,-0.0691,-0.063,-0.0669,-0.146,-0.1391,-0.1375,-0.1437,-0.1572,-0.1763,-0.2057,-0.2683,-0.4002,-0.6276,-0.9391,-0.7947,-0.6308,-0.4315,-0.3168,-0.0538,0.17,-0.0234,-0.127,-0.1279,-0.0528,-0.088,-0.2072,-0.318,-0.4189,-0.466,-0.4228,-0.3402,-0.2597,-0.1864,-0.1181,-0.0586,-0.0175,-0.0008,-0.0051,-0.0215,-0.1797,-0.1798,-0.1847,-0.1958,-0.2143,-0.2421,-0.2857,-0.3581,-0.4773,-0.6639,-0.8925,-0.7644,-0.5702,-0.4937,-0.4148,-0.3009,-0.2119,-0.2276,-0.2504,-0.2006,-0.053,-0.094,-0.2168,-0.2878,-0.3219,-0.3241,-0.297,-0.2504,-0.1919,-0.1222,-0.0411,0.0389,0.0902,0.0968,0.0708,0.0328,-0.2077,-0.2123,-0.2212,-0.2357,-0.2572,-0.2881,-0.3324,-0.3955,-0.481,-0.5812,-0.6491,-0.615,-0.534,-0.5141,-0.5523,-0.5468,-0.4255,-0.3419,-0.3067,-0.3339,-0.2748,-0.2564,-0.2875,-0.299,-0.2845,-0.2615,-0.2344,-0.1893,-0.1316,-0.0566,0.051,0.1747,0.2452,0.2261,0.1595,0.0893,-0.2308,-0.2381,-0.2493,-0.2654,-0.2875,-0.3172,-0.3561,-0.4051,-0.462,-0.5166,-0.5496,-0.5501,-0.5429,-0.5876,-0.8128,-0.9071,-0.5918,-0.4371,-0.4164,-0.5536,-0.4873,-0.4191,-0.383,-0.3327,-0.2694,-0.255,-0.248,-0.1485,-0.0729,0.0004,0.1365,0.3278,0.425,0.3579,0.2368,0.1329,-0.2496,-0.2585,-0.2707,-0.287,-0.308,-0.3345,-0.3667,-0.4039,-0.4432,-0.4786,-0.5038,-0.5196,-0.5426,-0.6142,-0.7863,-0.8363,-0.638,-0.5741,-0.7624,-0.8694,-0.6557,-0.5707,-0.512,-0.3952,-0.2499,-0.2238,-0.2252,-0.0219,0.0135,0.036,0.1613,0.385,0.4971,0.4036,0.2597,0.1447,-0.2647,-0.2743,-0.2867,-0.3023,-0.3215,-0.3444,-0.3708,-0.3996,-0.4287,-0.4554,-0.4779,-0.4987,-0.5266,-0.5748,-0.637,-0.6491,-0.6042,-0.6099,-0.7106,-0.7617,-0.7372,-0.7908,-0.7694,-0.5467,-0.2283,0.093,0.4661,0.3656,0.113,0.025,0.0935,0.2597,0.3589,0.3111,0.2093,0.1177,-0.2767,-0.2865,-0.2985,-0.313,-0.3301,-0.3498,-0.3716,-0.3947,-0.4178,-0.4396,-0.4599,-0.4801,-0.5037,-0.5326,-0.56,-0.5719,-0.5749,-0.5998,-0.6577,-0.7368,-0.9075,-1.2427,-1.3208,-0.8611,-0.296,0.2786,0.8291,0.5235,0.0323,-0.0873,-0.0312,0.0803,0.16,0.1635,0.1197,0.0655,-0.2862,-0.2957,-0.3071,-0.3204,-0.3356,-0.3526,-0.3709,-0.39,-0.4091,-0.4276,-0.4455,-0.4635,-0.4826,-0.5027,-0.5215,-0.5372,-0.5558,-0.5902,-0.6546,-0.7809,-1.0686,-1.5893,-1.7394,-1.1148,-0.4525,0.0413,0.296,0.057,-0.3116,-0.2784,-0.1549,-0.0525,0.0159,0.0411,0.0327,0.0079,-0.2936,-0.3027,-0.3133,-0.3254,-0.3389,-0.3536,-0.3693,-0.3855,-0.4017,-0.4178,-0.4335,-0.4493,-0.4655,-0.482,-0.4987,-0.517,-0.5413,-0.5806,-0.6491,-0.7758,-1.0091,-1.3202,-1.3755,-0.9944,-0.5307,-0.197,-0.0663,-0.1852,-0.3621,-0.3204,-0.2105,-0.1261,-0.0705,-0.0419,-0.0355,-0.0434]},{"header":{"la1":42.85,"la2":41.18,"lo1":11.55,"lo2":14.05,"nx":36,"ny":24,"dx":0.07143,"dy":0.07261,"parameterCategory":2,"parameterNumber":3,"parameterNumberName":"northward_wind","parameterUnit":"m.s-1"},"data":[-0.1251,-0.136,-0.1477,-0.16,-0.1723,-0.1836,-0.1924,-0.197,-0.1964,-0.1903,-0.1797,-0.166,-0.1507,-0.1345,-0.1178,-0.1008,-0.0841,-0.0683,-0.0542,-0.0424,-0.0331,-0.0256,-0.0192,-0.0133,-0.0074,-0.0012,0.0055,0.0126,0.0201,0.028,0.0361,0.0443,0.0526,0.0608,0.0687,0.0763,-0.1308,-0.1436,-0.1579,-0.1737,-0.1906,-0.2071,-0.221,-0.2292,-0.2291,-0.2205,-0.2054,-0.1868,-0.167,-0.1469,-0.1265,-0.1057,-0.0849,-0.0653,-0.0484,-0.0355,-0.0266,-0.0205,-0.0158,-0.0114,-0.0065,-0.001,0.0054,0.0125,0.0203,0.0286,0.0373,0.0462,0.0551,0.0639,0.0725,0.0806,-0.1356,-0.1502,-0.1674,-0.1875,-0.2106,-0.2353,-0.2582,-0.2733,-0.2746,-0.2611,-0.2377,-0.2111,-0.1852,-0.1605,-0.1359,-0.1102,-0.0834,-0.0575,-0.0361,-0.022,-0.015,-0.0123,-0.0109,-0.0089,-0.0057,-0.0011,0.0049,0.012,0.0201,0.029,0.0385,0.0482,0.0579,0.0675,0.0768,0.0856,-0.1389,-0.1551,-0.1749,-0.1998,-0.2309,-0.2683,-0.3076,-0.3373,-0.342,-0.3179,-0.2784,-0.2386,-0.2047,-0.1754,-0.1468,-0.1151,-0.079,-0.0418,-0.0119,0.0031,0.0044,-0.0002,-0.0046,-0.0064,-0.0054,-0.002,0.0035,0.0107,0.0193,0.029,0.0394,0.0502,0.061,0.0716,0.0818,0.0913,-0.1403,-0.1575,-0.1792,-0.2081,-0.248,-0.3029,-0.3717,-0.4345,-0.4491,-0.3998,-0.3269,-0.2665,-0.2242,-0.1923,-0.1613,-0.1231,-0.0728,-0.014,0.0339,0.0482,0.0346,0.0154,0.0018,-0.0049,-0.0065,-0.0043,0.0007,0.0082,0.0175,0.0283,0.0401,0.0523,0.0645,0.0763,0.0875,0.0979,-0.1399,-0.1571,-0.1789,-0.2091,-0.255,-0.3282,-0.441,-0.5749,-0.6188,-0.508,-0.3732,-0.2879,-0.2412,-0.2122,-0.1836,-0.141,-0.0723,0.0245,0.1113,0.1194,0.0721,0.0297,0.0054,-0.0062,-0.0102,-0.0092,-0.0044,0.0036,0.0141,0.0266,0.0403,0.0544,0.0684,0.0818,0.0943,0.1057,-0.1381,-0.1545,-0.1744,-0.2013,-0.2444,-0.3225,-0.4667,-0.6873,-0.7829,-0.5782,-0.3851,-0.2923,-0.2542,-0.2381,-0.221,-0.1811,-0.0982,0.0388,0.1783,0.1761,0.0907,0.0314,0.0017,-0.0122,-0.0178,-0.0178,-0.0131,-0.0041,0.0084,0.0234,0.0399,0.0567,0.0731,0.0885,0.1025,0.115,-0.136,-0.1519,-0.1691,-0.1883,-0.2166,-0.2725,-0.3848,-0.5594,-0.6316,-0.4741,-0.3361,-0.2777,-0.2649,-0.2749,-0.2851,-0.2601,-0.1739,-0.0346,0.0988,0.1133,0.0558,0.0125,-0.0111,-0.0242,-0.0312,-0.0325,-0.0276,-0.0167,-0.0009,0.0182,0.0388,0.0593,0.0788,0.0967,0.1125,0.1261,-0.1345,-0.1526,-0.1709,-0.1838,-0.1891,-0.202,-0.2448,-0.3087,-0.3341,-0.3006,-0.266,-0.257,-0.276,-0.3252,-0.3969,-0.407,-0.295,-0.1513,-0.0437,-0.0007,-0.0028,-0.0161,-0.0297,-0.0425,-0.0528,-0.0569,-0.0517,-0.037,-0.0151,0.0106,0.0373,0.0629,0.0864,0.1072,0.1249,0.1398,-0.1332,-0.1576,-0.1882,-0.2119,-0.195,-0.1467,-0.1246,-0.147,-0.1961,-0.2229,-0.2242,-0.2422,-0.2834,-0.368,-0.5688,-0.6689,-0.4166,-0.218,-0.1089,-0.0562,-0.0373,-0.0373,-0.049,-0.0684,-0.0883,-0.0987,-0.0922,-0.0693,-0.0363,0.0003,0.036,0.0686,0.097,0.121,0.1408,0.1566,-0.1284,-0.1597,-0.2106,-0.2749,-0.2521,-0.1069,-0.0044,-0.0141,-0.1885,-0.2709,-0.2098,-0.2355,-0.2832,-0.3478,-0.5379,-0.6745,-0.3898,-0.1881,-0.0898,-0.0518,-0.0404,-0.0454,-0.0677,-0.1064,-0.1498,-0.1737,-0.1613,-0.1193,-0.0652,-0.0114,0.0369,0.0781,0.1122,0.1397,0.1612,0.1776,-0.1158,-0.1448,-0.1935,-0.256,-0.22,-0.0237,0.1643,0.251,0.0277,-0.1639,-0.1787,-0.2395,-0.2903,-0.3095,-0.3351,-0.3513,-0.231,-0.0559,0.0084,-0.0082,-0.0231,-0.0432,-0.0863,-0.1641,-0.2604,-0.3123,-0.2775,-0.1911,-0.0993,-0.0203,0.0437,0.0946,0.1345,0.165,0.1876,0.2036,-0.0955,-0.1123,-0.1326,-0.139,-0.0762,0.0809,0.2887,0.4825,0.3277,0.0154,-0.1581,-0.2629,-0.3182,-0.3133,-0.312,-0.2718,-0.1393,0.1254,0.142,0.0362,-0.002,-0.0342,-0.1004,-0.2386,-0.4434,-0.5518,-0.4475,-0.2721,-0.1257,-0.0179,0.0619,0.1219,0.1668,0.1993,0.2217,0.236,-0.0729,-0.0774,-0.0757,-0.055,0.0042,0.1095,0.249,0.3746,0.2812,0.0107,-0.1707,-0.2872,-0.3434,-0.6147,-0.3649,-0.2744,-0.1902,0.0134,0.0766,0.0372,0.0112,-0.0207,-0.0935,-0.2774,-0.6095,-0.7918,-0.5788,-0.3082,-0.1194,0.0076,0.098,0.1645,0.2126,0.2453,0.2652,0.2756,-0.0528,-0.0505,-0.041,-0.0184,0.0225,0.0803,0.141,0.1636,0.0808,-0.0737,-0.1867,-0.2491,-0.3568,-0.4895,-0.3433,-0.3188,-0.4307,-0.1487,0.0142,0.0399,0.003,-0.0188,-0.0561,-0.2027,-0.4822,-0.6429,-0.4711,-0.2351,-0.0614,0.0626,0.1557,0.2261,0.2757,0.3059,0.3202,0.3233,-0.0372,-0.0327,-0.0232,-0.0069,0.0161,0.0409,0.0549,0.0366,-0.0328,-0.1422,-0.2514,-0.2082,-0.2078,-0.2455,-0.2023,-0.2293,-0.3087,-0.0536,0.1194,0.0794,-0.1017,-0.0758,-0.0093,-0.0658,-0.1965,-0.2736,-0.2139,-0.0906,0.0321,0.1408,0.2345,0.3097,0.3604,0.3846,0.3879,0.3789,-0.0252,-0.021,-0.0141,-0.0044,0.0062,0.0132,0.0089,-0.016,-0.0673,-0.1427,-0.2234,-0.1662,0.0373,0.1363,0.0146,0.0203,0.0867,0.3005,0.4499,0.2597,-0.0962,-0.0512,0.0667,0.0558,-0.0106,-0.0591,-0.0471,0.0222,0.121,0.2271,0.3303,0.4182,0.4719,0.4841,0.4677,0.4403,-0.0155,-0.0124,-0.008,-0.003,0.0008,0.0006,-0.0077,-0.0271,-0.0574,-0.0913,-0.1037,-0.0429,0.1342,0.203,0.2245,0.3038,0.3798,0.7141,1.0138,0.6537,0.3318,0.2223,0.2099,0.1608,0.0623,-0.0467,-0.0626,0.0454,0.1832,0.3116,0.4372,0.5513,0.6114,0.6003,0.5526,0.5008,-0.007,-0.0047,-0.002,0.0005,0.0015,-0.0003,-0.0066,-0.0176,-0.0307,-0.0384,-0.0259,0.025,0.1147,0.2366,0.5149,0.6289,0.5337,0.7765,0.9889,0.9388,0.6866,0.4849,0.3756,0.2624,0.0665,-0.2393,-0.3024,0.0068,0.244,0.3962,0.5381,0.6832,0.7505,0.7057,0.6229,0.549,0.0013,0.0031,0.005,0.0066,0.0073,0.0065,0.0039,0.0006,-0.0007,0.0057,0.028,0.0748,0.154,0.2886,0.5052,0.5866,0.5672,0.7659,1.1707,1.3335,0.9112,0.6769,0.5526,0.4059,0.1652,-0.2376,-0.3252,0.1544,0.3789,0.4932,0.6029,0.7354,0.799,0.7432,0.6522,0.5737,0.0096,0.0113,0.0132,0.015,0.0165,0.0177,0.0189,0.0215,0.0279,0.0419,0.0686,0.1134,0.1821,0.2801,0.3926,0.4703,0.5498,0.727,0.9923,1.0795,0.9233,0.8611,0.8089,0.6396,0.4432,0.3865,0.6385,0.6365,0.5973,0.6174,0.6457,0.699,0.7339,0.7025,0.6381,0.5741,0.0181,0.0201,0.0224,0.025,0.0278,0.0311,0.0356,0.0424,0.0535,0.0715,0.0997,0.141,0.1978,0.2694,0.3477,0.4253,0.5177,0.6456,0.7852,0.8743,0.9695,1.1975,1.2573,0.9488,0.6929,0.722,0.9607,0.8589,0.8026,0.7833,0.7217,0.6862,0.6741,0.65,0.6085,0.5616,0.0268,0.0294,0.0323,0.0358,0.04,0.0452,0.0522,0.0619,0.0758,0.0958,0.1237,0.1613,0.2093,0.2669,0.3316,0.403,0.4864,0.5856,0.6953,0.8242,1.0542,1.4586,1.5752,1.1503,0.824,0.7609,0.8244,0.8861,1.0303,0.9705,0.8154,0.7124,0.6582,0.6214,0.585,0.5471,0.0356,0.0387,0.0424,0.0469,0.0523,0.0591,0.0679,0.0795,0.095,0.1157,0.1426,0.1769,0.2189,0.2683,0.3246,0.3884,0.4617,0.5467,0.6476,0.782,0.9892,1.2483,1.3061,1.0679,0.8434,0.7659,0.7961,0.9116,1.0582,0.9997,0.844,0.7269,0.6548,0.6072,0.5691,0.5343]}]