docs/data/wind_grid.json
[{"header":{"la1":42.85,"la2":41.18,"lo1":11.55,"lo2":14.05,"nx":36,"ny":24,"dx":0.07143,"dy":0.07261,"parameterCategory":2,"parameterNumber":2,"parameterNumberName":"eastward_wind","parameterUnit":"m.s-1"},"data":[1.1765,1.17,1.1615,1.1511,1.1394,1.1274,1.1164,1.1075,1.1017,1.0994,1.1002,1.1036,1.1092,1.1165,1.1252,1.1348,1.1441,1.1514,1.1547,1.1523,1.1437,1.1294,1.1111,1.0904,1.0688,1.0476,1.0276,1.0091,0.9925,0.9779,0.9652,0.9543,0.9451,0.9374,0.9311,0.9258,1.1887,1.1813,1.1708,1.1575,1.1418,1.1253,1.1099,1.0977,1.0906,1.0888,1.0916,1.0977,1.1063,1.117,1.1301,1.1451,1.1607,1.1743,1.1821,1.181,1.17,1.1507,1.1262,1.0992,1.0722,1.0463,1.0226,1.0014,0.9828,0.9669,0.9535,0.9423,0.9331,0.9256,0.9196,0.9148,1.2042,1.196,1.1833,1.1661,1.1448,1.1213,1.0986,1.0809,1.0718,1.0717,1.0782,1.0885,1.101,1.116,1.1344,1.1569,1.1824,1.2068,1.2228,1.2235,1.2075,1.1791,1.1446,1.1086,1.0742,1.0427,1.0147,0.9905,0.97,0.953,0.9391,0.9279,0.919,0.912,0.9066,0.9025,1.224,1.2156,1.2009,1.179,1.1498,1.1153,1.08,1.052,1.0398,1.0444,1.0588,1.0757,1.0931,1.1125,1.1369,1.1692,1.21,1.2539,1.2859,1.2891,1.2616,1.216,1.1655,1.117,1.0732,1.035,1.0023,0.9751,0.9529,0.9352,0.9213,0.9106,0.9025,0.8964,0.8919,0.8888,1.2496,1.2426,1.2267,1.1998,1.1605,1.1095,1.0519,1.0026,0.9845,1.0021,1.0329,1.0601,1.0825,1.1053,1.1349,1.1785,1.242,1.3218,1.3873,1.3926,1.3373,1.2598,1.1854,1.121,1.0665,1.0209,0.9836,0.9536,0.9303,0.9126,0.8995,0.89,0.8833,0.8787,0.8756,0.8737,1.2829,1.2799,1.2654,1.2348,1.1843,1.1118,1.019,0.926,0.894,0.9444,1.0053,1.0444,1.0697,1.0927,1.1243,1.177,1.2671,1.4052,1.5393,1.5414,1.4256,1.2987,1.1961,1.1152,1.05,0.9974,0.9558,0.9239,0.9006,0.8841,0.873,0.8658,0.8613,0.8587,0.8575,0.8573,1.3252,1.3314,1.3238,1.2937,1.2339,1.1407,1.0119,0.8624,0.8071,0.9043,0.99,1.0324,1.0546,1.0726,1.0997,1.153,1.2579,1.4458,1.6608,1.6531,1.4705,1.3064,1.1859,1.0934,1.0194,0.9604,0.9155,0.8833,0.8618,0.8486,0.8412,0.8376,0.8365,0.8367,0.8379,0.8396,1.377,1.4004,1.4104,1.3903,1.3254,1.2168,1.0772,0.9334,0.8785,0.9379,0.9928,1.0224,1.0356,1.042,1.0555,1.0978,1.1941,1.3584,1.5363,1.5425,1.4045,1.2644,1.1487,1.0514,0.9698,0.9049,0.858,0.828,0.8117,0.8048,0.8037,0.8057,0.809,0.8129,0.8169,0.8209,1.435,1.4874,1.535,1.5455,1.478,1.3422,1.1912,1.06,0.9775,0.9561,0.9805,1.0067,1.011,0.9994,0.9846,1.0053,1.102,1.2324,1.3352,1.3543,1.2929,1.1966,1.0914,0.988,0.8953,0.8229,0.7759,0.753,0.7476,0.752,0.7608,0.7705,0.7796,0.7878,0.795,0.8015,1.4896,1.5804,1.6947,1.783,1.7149,1.5023,1.3041,1.1173,0.8995,0.8121,0.9179,0.9859,0.9816,0.9477,0.8891,0.8646,1.0288,1.1904,1.276,1.2838,1.2316,1.14,1.0251,0.9005,0.7848,0.6995,0.6569,0.6512,0.667,0.6904,0.7136,0.7334,0.7493,0.7621,0.7726,0.7815,1.5239,1.6449,1.8278,2.0375,1.9829,1.6446,1.4273,1.212,0.6765,0.4248,0.8533,0.9855,0.9452,0.8745,0.8563,0.855,1.0675,1.2833,1.3716,1.3328,1.2332,1.1051,0.9523,0.7795,0.6146,0.506,0.4801,0.5142,0.5699,0.623,0.6654,0.6969,0.7198,0.7368,0.7502,0.7613,1.5238,1.6409,1.8132,2.0026,1.9458,1.6704,1.5902,1.5846,1.129,0.7636,0.9892,1.0452,0.9103,0.6912,0.7218,0.9683,1.2534,1.5971,1.6708,1.4749,1.2705,1.0818,0.8705,0.6115,0.3422,0.1882,0.2164,0.3395,0.4638,0.5577,0.6219,0.6644,0.6928,0.7127,0.728,0.7408,1.4924,1.5776,1.6784,1.7508,1.7098,1.632,1.7052,1.8961,1.6886,1.2921,1.1907,1.2016,1.0558,0.552,0.5695,1.0615,1.4697,2.0969,2.1021,1.6002,1.2885,1.0564,0.7917,0.4089,-0.0678,-0.3118,-0.1355,0.1558,0.3734,0.5094,0.5908,0.6394,0.6694,0.6897,0.7055,0.7196,1.4461,1.4994,1.5496,1.5764,1.5704,1.577,1.6568,1.7748,1.6661,1.3897,1.2846,1.3676,1.3907,1.2516,1.0776,1.3443,1.6719,1.8891,1.8662,1.5073,1.2404,1.032,0.7597,0.2886,-0.4211,-0.7821,-0.3956,0.0615,0.3419,0.4956,0.5787,0.6235,0.6489,0.6662,0.6812,0.6963,1.3987,1.4315,1.4588,1.4748,1.4824,1.4985,1.5323,1.5474,1.4707,1.3559,1.3087,1.3028,1.3075,1.3884,1.3092,1.7938,2.3917,1.8014,1.5185,1.3138,1.1678,1.0406,0.8119,0.4019,-0.1919,-0.5096,-0.2154,0.1626,0.3976,0.523,0.585,0.6132,0.6267,0.6378,0.6518,0.6693,1.3559,1.3767,1.3933,1.4042,1.4113,1.4182,1.4219,1.4067,1.3642,1.3341,1.3716,1.2991,1.2783,1.2789,1.317,1.6931,2.0933,1.611,1.2955,1.1712,1.1718,1.1119,0.8988,0.6164,0.3121,0.1499,0.2314,0.3941,0.5142,0.5779,0.5996,0.5981,0.5927,0.5967,0.6127,0.6363,1.3183,1.3319,1.3422,1.3487,1.3517,1.351,1.3444,1.3284,1.3086,1.3093,1.3498,1.2946,1.2264,1.1982,1.1642,1.2292,1.3005,1.1614,1.0257,1.0397,1.1617,1.1054,0.9139,0.7414,0.6137,0.5613,0.5775,0.6143,0.6387,0.6365,0.6057,0.5606,0.5295,0.5312,0.5589,0.5967,1.2853,1.2939,1.2999,1.3027,1.3021,1.2976,1.2885,1.2752,1.2621,1.2562,1.25,1.2136,1.1733,1.1218,0.8389,0.7109,0.8551,0.8553,0.7915,0.8459,0.9221,0.9188,0.8388,0.7695,0.7484,0.7709,0.7882,0.7769,0.7453,0.6854,0.5897,0.4791,0.4164,0.4329,0.4916,0.5543,1.256,1.2611,1.2638,1.2638,1.2606,1.254,1.2439,1.2308,1.2161,1.1997,1.1746,1.1283,1.0455,0.8228,0.1634,-0.0907,0.5302,0.7291,0.7156,0.6254,0.6902,0.7286,0.7237,0.7411,0.8068,0.8779,0.8958,0.8907,0.8391,0.7305,0.5601,0.3586,0.263,0.3226,0.43,0.5215,1.2298,1.2322,1.2324,1.2301,1.2251,1.2169,1.2055,1.1909,1.1726,1.1482,1.1117,1.0502,0.9347,0.684,0.2103,0.0659,0.4647,0.6058,0.4384,0.3415,0.509,0.5368,0.5515,0.6531,0.8202,0.9201,0.9355,1.0186,0.9453,0.7911,0.5723,0.3111,0.1962,0.2836,0.4137,0.5153,1.2061,1.2063,1.2046,1.2006,1.194,1.1844,1.1717,1.1551,1.1336,1.1046,1.0625,0.9978,0.8937,0.7307,0.5406,0.4784,0.5576,0.5759,0.4793,0.4168,0.3734,0.2222,0.1942,0.4358,0.789,1.1193,1.4435,1.3392,1.0652,0.8624,0.663,0.4447,0.3324,0.3727,0.4628,0.5424,1.1845,1.1831,1.1798,1.1744,1.1664,1.1557,1.1417,1.1237,1.1004,1.0696,1.0275,0.9691,0.8892,0.7898,0.6946,0.6416,0.6235,0.5861,0.5048,0.3761,0.0884,-0.4259,-0.5598,0.0131,0.666,1.2463,1.7473,1.4812,1.0513,0.8848,0.7604,0.6198,0.5256,0.5125,0.5463,0.5908,1.1649,1.1621,1.1576,1.151,1.142,1.1303,1.1154,1.0966,1.0728,1.0423,1.0032,0.9534,0.8923,0.824,0.7587,0.7051,0.6566,0.5911,0.4826,0.2781,-0.1629,-0.9147,-1.1257,-0.3172,0.4786,1.0129,1.2755,1.1066,0.8559,0.8429,0.8049,0.724,0.6545,0.6232,0.6244,0.6421,1.147,1.1431,1.1376,1.1301,1.1203,1.108,1.0926,1.0736,1.0501,1.0212,0.9858,0.9433,0.8941,0.8407,0.7866,0.733,0.674,0.5959,0.4753,0.2687,-0.0888,-0.5445,-0.6365,-0.1548,0.4056,0.789,0.9571,0.9141,0.8259,0.8285,0.814,0.768,0.7214,0.6919,0.6817,0.6852]},{"header":{"la1":42.85,"la2":41.18,"lo1":11.55,"lo2":14.05,"nx":36,"ny":24,"dx":0.07143,"dy":0.07261,"parameterCategory":2,"parameterNumber":3,"parameterNumberName":"northward_wind","parameterUnit":"m.s-1"},"data":[0.6744,0.6475,0.6175,0.5849,0.5512,0.5191,0.4923,0.4746,0.4685,0.4735,0.486,0.5008,0.5133,0.5204,0.521,0.516,0.5071,0.4975,0.4907,0.4893,0.4946,0.5056,0.5205,0.5373,0.5547,0.5718,0.5882,0.604,0.6192,0.634,0.6484,0.6626,0.6764,0.6899,0.7029,0.7154,0.671,0.6396,0.6031,0.5616,0.5163,0.4708,0.4311,0.4052,0.3989,0.412,0.4373,0.465,0.487,0.4988,0.4996,0.4905,0.4747,0.4573,0.4444,0.4412,0.4491,0.4658,0.4874,0.5103,0.5324,0.5531,0.5722,0.59,0.607,0.6234,0.6393,0.655,0.6702,0.685,0.6993,0.7129,0.6706,0.6348,0.5911,0.5382,0.4764,0.4092,0.3461,0.3032,0.2952,0.3238,0.3734,0.4235,0.4605,0.4791,0.4793,0.4634,0.4356,0.404,0.3801,0.3742,0.3885,0.4163,0.449,0.4806,0.5089,0.5336,0.5554,0.5753,0.594,0.6121,0.6297,0.647,0.6638,0.6802,0.6959,0.7109,0.6747,0.6352,0.5844,0.5188,0.435,0.3335,0.2263,0.1451,0.1303,0.1911,0.2887,0.3778,0.4371,0.4642,0.4625,0.4359,0.3883,0.3304,0.2848,0.2759,0.3058,0.3555,0.4063,0.4499,0.4852,0.5139,0.538,0.5597,0.58,0.5998,0.6193,0.6385,0.6573,0.6755,0.6929,0.7093,0.6845,0.6432,0.5877,0.5105,0.4017,0.2512,0.0631,-0.1083,-0.1478,-0.0131,0.1825,0.3351,0.423,0.4578,0.4524,0.4115,0.3344,0.2281,0.137,0.1264,0.1952,0.2863,0.3639,0.4214,0.4629,0.4942,0.5197,0.5424,0.5642,0.5859,0.6077,0.6294,0.6506,0.671,0.6903,0.7084,0.7008,0.6609,0.6053,0.5232,0.3956,0.1922,-0.119,-0.4875,-0.6072,-0.2966,0.0809,0.3151,0.427,0.4635,0.4515,0.3973,0.2873,0.105,-0.0795,-0.0836,0.0701,0.2246,0.3314,0.3994,0.4433,0.4742,0.4991,0.5222,0.5455,0.5698,0.5946,0.6194,0.6437,0.6668,0.6885,0.7085,0.7231,0.6881,0.6393,0.5646,0.4398,0.2172,-0.185,-0.7967,-1.0627,-0.4828,0.0738,0.3474,0.4559,0.48,0.4576,0.3987,0.279,0.042,-0.25,-0.2393,0.0066,0.2047,0.3213,0.3871,0.4256,0.4515,0.4735,0.4965,0.522,0.55,0.5792,0.6085,0.6368,0.6634,0.6878,0.7099,0.7491,0.7213,0.6849,0.6312,0.5385,0.3645,0.0438,-0.4392,-0.6349,-0.1751,0.2437,0.4402,0.505,0.4981,0.456,0.4026,0.3206,0.1488,-0.0765,-0.0837,0.0959,0.2474,0.3357,0.3815,0.4048,0.4203,0.4375,0.4609,0.4908,0.5251,0.5611,0.5967,0.6303,0.6611,0.6887,0.7132,0.7756,0.7537,0.7291,0.7007,0.6571,0.5711,0.4228,0.2516,0.2093,0.3407,0.4806,0.5547,0.5585,0.5031,0.4127,0.3588,0.3511,0.3,0.2153,0.1956,0.2536,0.3191,0.358,0.3708,0.3697,0.3695,0.3814,0.4086,0.448,0.4936,0.5402,0.5846,0.6251,0.6609,0.6921,0.719,0.8002,0.7787,0.7537,0.7341,0.7344,0.7385,0.7144,0.6617,0.6091,0.6007,0.6378,0.6505,0.6071,0.5005,0.2959,0.1971,0.3294,0.3698,0.355,0.3472,0.3592,0.3718,0.3661,0.3385,0.3021,0.28,0.2894,0.33,0.3895,0.4548,0.5175,0.5739,0.6228,0.6642,0.6991,0.7282,0.8246,0.799,0.7579,0.7069,0.7252,0.8431,0.928,0.8997,0.6648,0.5513,0.7112,0.7276,0.651,0.5323,0.3275,0.1971,0.3506,0.3799,0.3733,0.3871,0.4011,0.3926,0.3483,0.2669,0.1729,0.1175,0.1358,0.2131,0.3132,0.4109,0.4963,0.5675,0.6258,0.673,0.711,0.7417,0.8536,0.8295,0.7864,0.7289,0.7645,0.959,1.1495,1.2341,0.966,0.7446,0.8351,0.8161,0.683,0.5278,0.4566,0.4413,0.4038,0.289,0.2641,0.3547,0.4071,0.3927,0.3069,0.1411,-0.065,-0.1792,-0.1154,0.0514,0.2252,0.3701,0.4832,0.5704,0.6376,0.6894,0.7295,0.7606,0.8892,0.877,0.8603,0.8569,0.9257,1.0917,1.2995,1.4816,1.3425,1.089,1.005,0.954,0.8024,0.4481,0.4,0.517,0.3931,0.0453,0.0418,0.3152,0.4121,0.3897,0.2603,-0.0272,-0.4534,-0.6799,-0.4729,-0.1278,0.1516,0.349,0.4881,0.5883,0.6618,0.7159,0.7559,0.7857,0.9276,0.9297,0.9381,0.9669,1.0372,1.1532,1.2916,1.4029,1.3523,1.2241,1.1617,1.0889,1.0283,0.7262,0.6988,0.549,0.3543,0.2108,0.2134,0.3891,0.4301,0.3845,0.245,-0.1255,-0.8009,-1.1702,-0.7453,-0.2153,0.1414,0.3689,0.521,0.6269,0.7017,0.7545,0.7915,0.8176,0.9636,0.9756,0.9964,1.0327,1.0907,1.1674,1.2471,1.3023,1.3203,1.3646,1.4272,1.3642,1.1966,1.2748,0.9055,0.3711,-0.1499,0.3344,0.5094,0.5011,0.3672,0.3148,0.2728,0.0003,-0.5539,-0.8753,-0.5403,-0.0888,0.2286,0.4398,0.5857,0.6883,0.7591,0.8061,0.8364,0.8559,0.9942,1.0116,1.0366,1.072,1.1192,1.1752,1.2337,1.2928,1.3777,1.5654,1.9096,1.8426,1.6052,1.308,1.0691,0.5662,0.1555,0.6095,0.8202,0.5597,-0.0197,0.0627,0.307,0.2421,-0.0047,-0.1585,-0.0511,0.1707,0.3786,0.5467,0.6765,0.7709,0.8334,0.87,0.8895,0.8994,1.0193,1.0389,1.0647,1.0977,1.1384,1.1859,1.2405,1.3091,1.4158,1.6072,1.8707,1.7864,1.7918,1.7995,1.3616,1.0942,1.0256,1.3138,1.4965,0.9289,-0.0372,0.0881,0.4321,0.455,0.338,0.2441,0.2575,0.3673,0.517,0.6615,0.7816,0.8694,0.9213,0.9429,0.9473,0.9451,1.0392,1.0596,1.0849,1.1156,1.1524,1.1956,1.2471,1.3126,1.4013,1.5158,1.6154,1.6561,1.8101,1.8353,1.5692,1.4934,1.5339,2.0961,2.6957,1.7754,0.9725,0.7191,0.7124,0.6343,0.4606,0.2681,0.2341,0.4036,0.6081,0.7698,0.8901,0.9732,1.0125,1.0151,1.0024,0.9884,1.0549,1.0752,1.0994,1.1281,1.1617,1.2009,1.2471,1.3025,1.3683,1.4393,1.5014,1.5529,1.6113,1.638,1.7518,1.8242,1.7321,2.1318,2.4858,2.1111,1.6018,1.2088,0.9914,0.7857,0.4515,-0.0627,-0.1697,0.3358,0.7001,0.8852,0.9903,1.0556,1.0793,1.0673,1.0446,1.024,1.0671,1.0868,1.1098,1.1364,1.1669,1.2019,1.2418,1.2871,1.3367,1.3871,1.4338,1.4767,1.5207,1.5847,1.723,1.7778,1.7408,1.9471,2.3088,2.4403,1.8814,1.4659,1.2149,0.9684,0.5892,-0.065,-0.2087,0.5786,0.9199,1.0395,1.0788,1.0898,1.094,1.0866,1.0696,1.0508,1.0764,1.0953,1.1168,1.1412,1.1688,1.1996,1.2338,1.271,1.3102,1.3495,1.3876,1.425,1.4663,1.5214,1.5908,1.635,1.6815,1.8298,2.071,2.1205,1.8271,1.5964,1.4442,1.2313,0.9996,0.9589,1.399,1.3837,1.2798,1.2554,1.1991,1.1356,1.1076,1.1003,1.0893,1.0731,1.0834,1.1012,1.1212,1.1436,1.1683,1.1954,1.2247,1.2559,1.2882,1.3207,1.3529,1.3858,1.4216,1.4629,1.5074,1.5499,1.6044,1.6918,1.7848,1.7954,1.7358,1.769,1.7642,1.52,1.3349,1.5013,1.9477,1.7522,1.5986,1.5322,1.3841,1.249,1.1732,1.1388,1.1169,1.0966,1.0884,1.1051,1.1237,1.144,1.1662,1.1901,1.2155,1.2421,1.2695,1.2972,1.325,1.3536,1.3838,1.4164,1.4509,1.4877,1.5311,1.5826,1.6293,1.6591,1.7217,1.9095,1.9734,1.6869,1.4803,1.5236,1.6715,1.7399,1.9167,1.8224,1.5679,1.3716,1.2548,1.19,1.1504,1.1214,1.0919,1.1075,1.1246,1.1431,1.163,1.1842,1.2064,1.2295,1.2532,1.2772,1.3014,1.3262,1.3519,1.3789,1.4072,1.4374,1.4705,1.506,1.5417,1.5839,1.6616,1.7842,1.8057,1.6455,1.5091,1.5025,1.5877,1.7538,1.9552,1.8684,1.6297,1.4362,1.31,1.2313,1.1801,1.1437]}]