docs/data/wind_grid.json
[{"header":{"la1":42.22,"la2":41.45,"lo1":11.9,"lo2":12.97,"nx":16,"ny":12,"dx":0.07133,"dy":0.07,"parameterCategory":2,"parameterNumber":2,"parameterNumberName":"eastward_wind","parameterUnit":"m.s-1"},"data":[3.2674,3.3378,3.4426,3.5615,3.5966,3.5008,3.3952,3.352,3.3578,3.3925,3.4563,3.551,3.6522,3.7184,3.7287,3.696,3.2425,3.3195,3.4701,3.7278,3.8464,3.5989,3.3953,3.3442,3.3653,3.4039,3.4836,3.638,3.8195,3.9193,3.8984,3.8128,3.1932,3.2436,3.3637,3.6968,3.9085,3.5556,3.3417,3.3338,3.4169,3.4316,3.5012,3.7633,4.1249,4.2696,4.1376,3.943,3.1315,3.1342,3.12,3.2293,3.4068,3.3109,3.2611,3.3086,3.5553,3.4591,3.4836,3.8962,4.6213,4.7911,4.3829,4.0354,3.0762,3.0629,3.0244,3.0369,3.0979,3.107,3.2625,3.355,3.1396,3.2275,3.4119,3.8551,4.7207,4.919,4.3858,4.0057,3.0272,3.0155,3.0025,2.9724,2.888,2.8514,3.0463,3.1437,2.893,3.0206,3.3897,3.7226,4.0116,4.2276,4.0529,3.8374,2.9765,2.9496,2.9041,2.8047,2.6133,2.4005,2.4423,2.6272,2.7392,2.9404,3.4309,3.8167,3.7077,3.7199,3.6866,3.6168,2.9283,2.8827,2.8065,2.6681,2.416,1.9931,2.1743,2.3577,2.5471,2.8172,3.2108,3.4921,3.4678,3.4055,3.3988,3.4138,2.8914,2.8368,2.754,2.6264,2.4414,2.2541,2.2911,2.2724,2.1596,2.6216,2.9894,3.1934,3.1931,3.1241,3.1756,3.2576,2.8695,2.8158,2.7429,2.6476,2.5389,2.4558,2.4306,2.3752,2.369,2.6261,2.8974,3.0605,3.0676,3.0113,3.0761,3.1705,2.861,2.8138,2.7557,2.6888,2.6224,2.5729,2.5473,2.538,2.5813,2.718,2.8865,3.0116,3.0533,3.048,3.0819,3.1416,2.8624,2.8233,2.7789,2.7322,2.6897,2.6592,2.6465,2.6568,2.7031,2.7915,2.8995,2.9918,3.0456,3.0705,3.0972,3.1335]},{"header":{"la1":42.22,"la2":41.45,"lo1":11.9,"lo2":12.97,"nx":16,"ny":12,"dx":0.07133,"dy":0.07,"parameterCategory":2,"parameterNumber":3,"parameterNumberName":"northward_wind","parameterUnit":"m.s-1"},"data":[2.5595,2.6303,2.7395,2.8649,2.8938,2.7601,2.5924,2.4788,2.4098,2.3545,2.2924,2.2204,2.1516,2.1058,2.0919,2.1014,2.5415,2.6178,2.777,3.0588,3.188,2.8889,2.6029,2.4682,2.4107,2.3607,2.2821,2.1731,2.0611,1.9986,2.0019,2.0392,2.4952,2.5359,2.6577,3.0264,3.2606,2.8507,2.5453,2.4419,2.4337,2.3925,2.2798,2.1048,1.8973,1.8126,1.8763,1.9705,2.4359,2.409,2.3574,2.4912,2.7207,2.5944,2.4445,2.4036,2.4988,2.4306,2.2774,2.0346,1.6308,1.5338,1.748,1.9217,2.3938,2.3373,2.2225,2.2536,2.4396,2.4336,2.3786,2.3582,2.309,2.3282,2.2771,2.0926,1.5878,1.4666,1.7492,1.9352,2.3786,2.3434,2.3016,2.3247,2.382,2.3798,2.356,2.3189,2.205,2.2651,2.3358,2.3751,2.0894,1.8723,1.9273,2.0148,2.3758,2.3613,2.3524,2.361,2.3736,2.3759,2.3593,2.3078,2.2159,2.2713,2.4025,2.5736,2.3541,2.1542,2.0997,2.1062,2.3735,2.367,2.3636,2.3655,2.3731,2.3981,2.376,2.3311,2.2606,2.2795,2.3468,2.4018,2.3194,2.2247,2.1824,2.1676,2.3693,2.3649,2.3618,2.3606,2.3629,2.3675,2.3413,2.2455,2.1903,2.2586,2.2953,2.298,2.2491,2.2082,2.2011,2.1957,2.3641,2.3601,2.3562,2.3525,2.3484,2.3392,2.3118,2.2583,2.2331,2.2589,2.274,2.2605,2.2153,2.1879,2.1989,2.2058,2.3587,2.3546,2.35,2.3447,2.3375,2.3259,2.3064,2.2822,2.2686,2.2696,2.2684,2.2524,2.2222,2.2033,2.2072,2.2138,2.3535,2.3493,2.3444,2.3384,2.3307,2.3203,2.3069,2.2929,2.2827,2.2768,2.2695,2.2559,2.2378,2.225,2.2224,2.2242]}]