docs/data/wind_grid.json
[{"header":{"la1":42.22,"la2":41.45,"lo1":11.9,"lo2":12.97,"nx":16,"ny":12,"dx":0.07133,"dy":0.07,"parameterCategory":2,"parameterNumber":2,"parameterNumberName":"eastward_wind","parameterUnit":"m.s-1"},"data":[0.8246,0.8804,0.9677,1.0691,1.1074,1.0538,0.9996,0.9873,0.9964,1.0045,1.0109,1.0246,1.044,1.0563,1.0533,1.0376,0.7904,0.8476,0.9726,1.1891,1.2889,1.125,1.0153,1.0139,1.0455,1.0509,1.0433,1.0623,1.1018,1.124,1.1111,1.0785,0.7323,0.7562,0.8508,1.1497,1.3336,1.0977,1.0006,1.0512,1.1576,1.1351,1.0736,1.1062,1.1991,1.2372,1.1904,1.1233,0.6645,0.6255,0.5655,0.6893,0.9298,0.9347,0.9773,1.0706,1.3445,1.2137,1.0689,1.143,1.3528,1.4031,1.271,1.1559,0.6147,0.5493,0.4323,0.4636,0.6777,0.7992,1.0261,1.1467,0.9898,0.9989,1.0035,1.1252,1.3845,1.4441,1.2742,1.1499,0.5899,0.5449,0.498,0.5083,0.5445,0.593,0.8249,0.9514,0.8239,0.8085,0.9638,1.1161,1.1824,1.2336,1.1746,1.1029,0.5739,0.5406,0.5051,0.4578,0.3537,0.2108,0.242,0.4205,0.5453,0.6825,0.9684,1.2021,1.109,1.0891,1.0748,1.0472,0.5575,0.5214,0.4704,0.3817,0.2053,-0.1153,0.0005,0.1326,0.2912,0.5247,0.8123,1.0071,1.0222,1.0255,1.0243,1.0106,0.5438,0.5041,0.447,0.3583,0.2228,0.0782,0.089,-0.0028,-0.148,0.322,0.656,0.8614,0.9834,1.0454,1.0305,0.9994,0.5364,0.4977,0.446,0.3772,0.2953,0.2266,0.1884,0.0996,0.076,0.3314,0.6034,0.8221,1.0109,1.0999,1.0514,0.9953,0.536,0.5018,0.4598,0.4104,0.3591,0.3164,0.2856,0.2635,0.2969,0.4311,0.6127,0.7957,0.9588,1.0375,1.0154,0.9724,0.5412,0.5128,0.4803,0.4456,0.4124,0.3865,0.3724,0.3776,0.4194,0.5086,0.6305,0.7611,0.8744,0.9384,0.9474,0.9319]},{"header":{"la1":42.22,"la2":41.45,"lo1":11.9,"lo2":12.97,"nx":16,"ny":12,"dx":0.07133,"dy":0.07,"parameterCategory":2,"parameterNumber":3,"parameterNumberName":"northward_wind","parameterUnit":"m.s-1"},"data":[1.6924,1.7126,1.747,1.788,1.8044,1.7839,1.757,1.7348,1.7049,1.6499,1.5587,1.4383,1.3179,1.2356,1.2075,1.2195,1.6777,1.6959,1.745,1.8335,1.8741,1.8188,1.7801,1.7683,1.7519,1.6929,1.5637,1.3705,1.1701,1.0563,1.0558,1.1137,1.6506,1.6475,1.6802,1.8124,1.8905,1.8179,1.7944,1.8077,1.8267,1.7694,1.5802,1.2609,0.8921,0.7415,0.842,0.9946,1.6198,1.5742,1.5133,1.5852,1.7425,1.7808,1.804,1.8379,1.9011,1.8419,1.597,1.1337,0.4374,0.2742,0.6228,0.9062,1.606,1.5386,1.4218,1.452,1.6697,1.7712,1.8091,1.8299,1.9377,1.8429,1.6071,1.1775,0.3499,0.1597,0.6135,0.917,1.6193,1.5774,1.5314,1.5775,1.7092,1.7873,1.8163,1.8549,2.033,1.8557,1.6072,1.4117,1.0497,0.7738,0.8802,1.0306,1.6463,1.6365,1.6426,1.6917,1.771,1.8288,1.8243,1.8377,1.8858,1.7941,1.5816,1.489,1.3654,1.178,1.1298,1.1583,1.6706,1.6776,1.6989,1.7422,1.8056,1.8859,1.8375,1.7999,1.7761,1.728,1.5995,1.4893,1.3859,1.275,1.2306,1.2323,1.6861,1.6986,1.7204,1.7535,1.795,1.8303,1.8091,1.7442,1.7136,1.6958,1.5995,1.4687,1.3059,1.1929,1.2092,1.2484,1.6934,1.706,1.7237,1.7459,1.7682,1.7795,1.7665,1.7348,1.7128,1.673,1.5801,1.431,1.2207,1.0999,1.1693,1.2478,1.6947,1.7053,1.7182,1.7321,1.7433,1.7466,1.7376,1.7187,1.6925,1.6457,1.5615,1.4315,1.2707,1.1804,1.2125,1.2722,1.6921,1.7002,1.709,1.7171,1.7221,1.7214,1.7127,1.6956,1.6679,1.6232,1.5541,1.4601,1.3595,1.2972,1.2937,1.3189]}]