docs/data/wind_grid.json
{"header": {"la1":42.1,"la2":41.55,"lo1":12.1,"lo2":12.95,"nx":50,"ny":50,"dx":0.01735,"dy":0.01122,"parameterCategory":2,"parameterNumber":3,"parameterNumberName":"northward_wind","parameterUnit":"m.s-1"}, "data":
[rows 0 to 40 of 50, columns 0 to 49 of 50]
-0.381,-0.5736,-0.742,-0.8564,-0.8992,-0.8749,-0.808,-0.7291,-0.662,-0.6181,-0.5994,-0.6027,-0.6232,-0.6566,-0.6996,-0.75,-0.8062,-0.8667,-0.9293,-0.991,-1.0478,-1.095,-1.1288,-1.1473,-1.1518,-1.1457,-1.1335,-1.1193,-1.1061,-1.0954,-1.0883,-1.0846,-1.0841,-1.0863,-1.0905,-1.0961,-1.1021,-1.108,-1.1129,-1.1161,-1.117,-1.1153,-1.1107,-1.1034,-1.0937,-1.0818,-1.0682,-1.0534,-1.0376,-1.0213
-0.3,-0.5105,-0.6964,-0.8236,-0.8725,-0.8496,-0.7825,-0.7045,-0.6397,-0.5994,-0.5848,-0.592,-0.616,-0.6527,-0.699,-0.753,-0.8136,-0.8796,-0.9491,-1.0187,-1.0835,-1.1372,-1.1743,-1.1922,-1.1927,-1.1806,-1.1621,-1.1423,-1.1248,-1.1112,-1.1021,-1.0975,-1.0967,-1.0991,-1.1038,-1.1099,-1.1168,-1.1234,-1.1289,-1.1326,-1.1337,-1.1318,-1.1268,-1.1188,-1.108,-1.0949,-1.0801,-1.064,-1.047,-1.0295
-0.1845,-0.4099,-0.6114,-0.7514,-0.8094,-0.7937,-0.734,-0.664,-0.6075,-0.5748,-0.5666,-0.5791,-0.6073,-0.6474,-0.6968,-0.7543,-0.8193,-0.8912,-0.9684,-1.0474,-1.1221,-1.1841,-1.2255,-1.2425,-1.2375,-1.2177,-1.1915,-1.1653,-1.143,-1.1263,-1.1155,-1.1101,-1.1092,-1.1118,-1.117,-1.1239,-1.1316,-1.139,-1.1453,-1.1495,-1.1508,-1.1488,-1.1433,-1.1343,-1.1224,-1.1081,-1.0919,-1.0744,-1.0561,-1.0373
-0.0304,-0.2672,-0.4827,-0.6366,-0.7083,-0.7072,-0.6633,-0.6088,-0.5662,-0.5449,-0.5454,-0.5643,-0.5971,-0.6406,-0.6929,-0.7534,-0.8225,-0.9004,-0.9862,-1.0762,-1.1631,-1.2358,-1.2828,-1.2984,-1.2861,-1.2565,-1.2209,-1.1874,-1.1602,-1.1405,-1.1282,-1.1222,-1.1214,-1.1245,-1.1304,-1.1381,-1.1466,-1.1549,-1.1619,-1.1667,-1.1682,-1.166,-1.1599,-1.15,-1.1369,-1.1212,-1.1035,-1.0846,-1.0649,-1.0448
0.1636,-0.0817,-0.3109,-0.4814,-0.5727,-0.5942,-0.574,-0.5418,-0.5179,-0.5111,-0.5221,-0.5481,-0.5856,-0.6322,-0.6867,-0.7497,-0.8224,-0.9062,-1.0009,-1.1034,-1.2052,-1.2915,-1.3458,-1.3593,-1.3375,-1.2957,-1.2493,-1.208,-1.1758,-1.1534,-1.14,-1.1338,-1.1334,-1.1371,-1.1438,-1.1523,-1.1616,-1.1707,-1.1785,-1.1839,-1.1857,-1.1833,-1.1765,-1.1656,-1.1512,-1.134,-1.1148,-1.0944,-1.0732,-1.0518
0.395,0.1427,-0.1018,-0.2936,-0.4112,-0.4625,-0.4724,-0.4674,-0.4654,-0.475,-0.4975,-0.5309,-0.5729,-0.6219,-0.678,-0.7425,-0.8179,-0.9069,-1.0106,-1.1268,-1.246,-1.3493,-1.413,-1.4236,-1.3895,-1.3332,-1.275,-1.2258,-1.1892,-1.1648,-1.1508,-1.145,-1.1453,-1.1499,-1.1574,-1.1666,-1.1766,-1.1864,-1.1949,-1.2008,-1.2028,-1.2003,-1.1928,-1.1808,-1.165,-1.1463,-1.1256,-1.1036,-1.081,-1.0583
0.6571,0.3974,0.134,-0.0848,-0.2349,-0.3213,-0.3653,-0.39,-0.4117,-0.4385,-0.4726,-0.5132,-0.5591,-0.6098,-0.6662,-0.7309,-0.8078,-0.9009,-1.013,-1.143,-1.2814,-1.4047,-1.4799,-1.4868,-1.4381,-1.3658,-1.2957,-1.2396,-1.1997,-1.1743,-1.1607,-1.1558,-1.1573,-1.1629,-1.1712,-1.181,-1.1915,-1.2017,-1.2107,-1.217,-1.2193,-1.2166,-1.2085,-1.1954,-1.1783,-1.158,-1.1357,-1.1121,-1.088,-1.064
0.9391,0.67,0.3831,0.132,-0.0551,-0.1796,-0.2592,-0.3142,-0.3594,-0.4031,-0.4483,-0.4955,-0.5445,-0.5956,-0.651,-0.7144,-0.7911,-0.8866,-1.0053,-1.1477,-1.305,-1.4498,-1.5381,-1.541,-1.4768,-1.3891,-1.3091,-1.2481,-1.2068,-1.1819,-1.1696,-1.1664,-1.1695,-1.1764,-1.1854,-1.1955,-1.2059,-1.2162,-1.2254,-1.232,-1.2346,-1.2317,-1.2231,-1.209,-1.1905,-1.1687,-1.1448,-1.1197,-1.0942,-1.0688
1.2262,0.9454,0.6313,0.3443,0.118,-0.045,-0.1595,-0.2434,-0.3107,-0.3701,-0.4254,-0.4782,-0.529,-0.5794,-0.6321,-0.6924,-0.7667,-0.8625,-0.9853,-1.1367,-1.309,-1.4727,-1.5737,-1.5736,-1.4967,-1.3981,-1.3127,-1.2505,-1.2103,-1.1875,-1.1778,-1.1772,-1.1823,-1.1906,-1.2002,-1.2101,-1.22,-1.2296,-1.2385,-1.2452,-1.248,-1.2451,-1.2361,-1.2211,-1.2014,-1.1782,-1.1528,-1.1263,-1.0994,-1.0727
1.5014,1.2071,0.8643,0.541,0.2763,0.0767,-0.0699,-0.1801,-0.2673,-0.3406,-0.4045,-0.4616,-0.5131,-0.5612,-0.6094,-0.6642,-0.734,-0.8277,-0.9516,-1.107,-1.2862,-1.4604,-1.5703,-1.5705,-1.4894,-1.389,-1.3052,-1.2465,-1.2102,-1.1915,-1.1857,-1.1885,-1.1962,-1.206,-1.216,-1.2251,-1.2335,-1.2417,-1.2495,-1.2559,-1.2588,-1.2562,-1.2469,-1.2314,-1.2106,-1.1862,-1.1594,-1.1315,-1.1033,-1.0755
1.7462,1.4389,1.0694,0.7127,0.4135,0.1815,0.0068,-0.1259,-0.2301,-0.315,-0.3859,-0.4459,-0.4969,-0.5411,-0.5828,-0.6296,-0.6923,-0.7819,-0.9046,-1.0588,-1.2348,-1.4059,-1.5171,-1.523,-1.4508,-1.361,-1.2871,-1.2366,-1.2073,-1.1946,-1.1939,-1.201,-1.2118,-1.2233,-1.2333,-1.241,-1.2469,-1.2523,-1.2582,-1.2637,-1.2667,-1.2644,-1.2553,-1.2394,-1.2179,-1.1924,-1.1645,-1.1353,-1.106,-1.077
1.9434,1.6261,1.2357,0.8523,0.5251,0.2668,0.0693,-0.0818,-0.1996,-0.2936,-0.3698,-0.4315,-0.4807,-0.5196,-0.5526,-0.5886,-0.6415,-0.7256,-0.8467,-0.9972,-1.1617,-1.3168,-1.4204,-1.4368,-1.3862,-1.3179,-1.2607,-1.2225,-1.2025,-1.1974,-1.2031,-1.2154,-1.23,-1.2433,-1.253,-1.2584,-1.2607,-1.262,-1.2646,-1.2685,-1.2713,-1.2694,-1.2608,-1.2449,-1.2229,-1.1967,-1.1677,-1.1375,-1.1071,-1.0772
2.079,1.7574,1.3551,0.9548,0.6083,0.331,0.1167,-0.048,-0.1758,-0.2765,-0.3561,-0.4184,-0.4649,-0.4973,-0.5195,-0.5414,-0.5814,-0.6596,-0.7818,-0.9309,-1.082,-1.2146,-1.305,-1.3323,-1.3087,-1.2671,-1.2301,-1.2064,-1.1972,-1.2009,-1.2142,-1.2326,-1.2517,-1.2672,-1.2764,-1.2787,-1.2759,-1.2717,-1.2696,-1.2709,-1.2729,-1.2715,-1.2634,-1.2478,-1.2257,-1.1989,-1.1691,-1.138,-1.1067,-1.0759
2.1452,1.8263,1.4232,1.0175,0.662,0.374,0.1493,-0.024,-0.1583,-0.2632,-0.3448,-0.4066,-0.45,-0.4752,-0.4848,-0.4893,-0.5126,-0.5853,-0.7146,-0.87,-1.0129,-1.1248,-1.2001,-1.2344,-1.234,-1.217,-1.1996,-1.1905,-1.1929,-1.2063,-1.2281,-1.2539,-1.2782,-1.2963,-1.3049,-1.3034,-1.2945,-1.2831,-1.2748,-1.2721,-1.2726,-1.2712,-1.2636,-1.2484,-1.2262,-1.1989,-1.1686,-1.1367,-1.1046,-1.073
2.1415,1.8327,1.4401,1.0408,0.6866,0.3963,0.1678,-0.0094,-0.1466,-0.2532,-0.3354,-0.3963,-0.4364,-0.4546,-0.451,-0.4352,-0.4377,-0.5051,-0.6501,-0.8231,-0.9672,-1.0646,-1.1252,-1.1597,-1.1732,-1.1742,-1.1728,-1.1769,-1.1907,-1.2146,-1.2461,-1.2804,-1.3112,-1.3326,-1.3406,-1.3348,-1.3186,-1.2987,-1.2826,-1.2744,-1.2721,-1.2698,-1.2622,-1.247,-1.2246,-1.197,-1.166,-1.1334,-1.1006,-1.0685
2.0747,1.7823,1.4099,1.0277,0.6844,0.3998,0.1736,-0.0029,-0.1398,-0.2461,-0.3276,-0.3872,-0.4247,-0.4372,-0.4217,-0.3851,-0.3639,-0.4259,-0.5947,-0.7967,-0.9515,-1.0403,-1.086,-1.1134,-1.1309,-1.1416,-1.1515,-1.1668,-1.1916,-1.2266,-1.2692,-1.3137,-1.3525,-1.3782,-1.3861,-1.3756,-1.3511,-1.3214,-1.2959,-1.2804,-1.2735,-1.2688,-1.26,-1.2441,-1.2213,-1.193,-1.1614,-1.1283,-1.0949,-1.0622
1.9571,1.6855,1.3406,0.9838,0.6593,0.3869,0.1684,-0.0032,-0.137,-0.241,-0.3209,-0.3792,-0.4153,-0.4246,-0.4014,-0.3488,-0.3064,-0.3635,-0.5589,-0.794,-0.9647,-1.0484,-1.0777,-1.092,-1.1056,-1.1195,-1.1364,-1.1608,-1.1961,-1.2432,-1.2986,-1.3555,-1.4042,-1.4357,-1.4439,-1.4284,-1.3949,-1.354,-1.3175,-1.2927,-1.2789,-1.2696,-1.258,-1.2405,-1.2164,-1.1873,-1.1549,-1.1211,-1.0872,-1.054
1.8036,1.5553,1.2421,0.916,0.616,0.3611,0.1544,-0.0091,-0.1372,-0.2373,-0.3147,-0.3719,-0.4078,-0.4177,-0.3939,-0.3368,-0.2859,-0.3424,-0.5557,-0.8138,-0.9973,-1.0767,-1.0884,-1.0871,-1.0931,-1.1062,-1.1269,-1.1588,-1.2046,-1.2649,-1.3354,-1.4074,-1.4689,-1.508,-1.5173,-1.4963,-1.4525,-1.3988,-1.3493,-1.3129,-1.2897,-1.2735,-1.2572,-1.2365,-1.2104,-1.1798,-1.1465,-1.1119,-1.0774,-1.044
1.6293,1.405,1.1249,0.832,0.5597,0.3257,0.134,-0.0188,-0.1394,-0.2343,-0.3085,-0.3645,-0.4018,-0.4158,-0.3995,-0.3533,-0.3144,-0.3779,-0.5905,-0.8465,-1.0301,-1.1045,-1.1025,-1.0896,-1.0887,-1.0992,-1.122,-1.1603,-1.217,-1.2921,-1.3805,-1.4712,-1.5488,-1.5979,-1.6089,-1.5816,-1.5256,-1.4569,-1.3922,-1.3416,-1.3064,-1.2808,-1.2576,-1.2323,-1.2032,-1.1707,-1.136,-1.1006,-1.0656,-1.0319
1.4473,1.2463,0.9986,0.7389,0.4955,0.2841,0.1093,-0.0311,-0.1427,-0.2312,-0.3015,-0.3563,-0.3957,-0.4166,-0.4142,-0.391,-0.38,-0.4556,-0.6502,-0.8793,-1.0451,-1.1116,-1.1072,-1.0931,-1.0886,-1.0965,-1.1205,-1.1648,-1.2329,-1.3247,-1.4344,-1.5481,-1.646,-1.7078,-1.7209,-1.6855,-1.6145,-1.528,-1.4451,-1.3779,-1.3283,-1.291,-1.2592,-1.2279,-1.1948,-1.1597,-1.1235,-1.0871,-1.0516,-1.0177
1.2677,1.0884,0.8709,0.6431,0.428,0.2396,0.0825,-0.0445,-0.1461,-0.2275,-0.2932,-0.3464,-0.388,-0.4167,-0.4306,-0.4343,-0.4546,-0.5418,-0.7134,-0.9077,-1.0465,-1.1018,-1.1057,-1.0981,-1.0917,-1.0966,-1.121,-1.1713,-1.2516,-1.3623,-1.4969,-1.6385,-1.7614,-1.8386,-1.8535,-1.8073,-1.7176,-1.6095,-1.5058,-1.4196,-1.3536,-1.303,-1.2612,-1.2228,-1.1849,-1.1467,-1.1086,-1.0712,-1.0353,-1.0013
1.0973,0.9379,0.7478,0.5491,0.3608,0.1947,0.0554,-0.0579,-0.1489,-0.2224,-0.2829,-0.3338,-0.3769,-0.4124,-0.4411,-0.4687,-0.515,-0.6113,-0.7663,-0.9371,-1.0621,-1.1156,-1.123,-1.1116,-1.0979,-1.0979,-1.1223,-1.1786,-1.2718,-1.4034,-1.5663,-1.7405,-1.8931,-1.9882,-2.0039,-1.9434,-1.8306,-1.6974,-1.5702,-1.4634,-1.3798,-1.315,-1.2623,-1.216,-1.1728,-1.1313,-1.0911,-1.0527,-1.0163,-0.9824
0.9403,0.7987,0.6329,0.4604,0.2965,0.1514,0.0293,-0.0703,-0.1504,-0.2155,-0.2701,-0.3177,-0.3609,-0.401,-0.4405,-0.4856,-0.5505,-0.6547,-0.8039,-0.9709,-1.1106,-1.1855,-1.1773,-1.1366,-1.1061,-1.0989,-1.123,-1.1853,-1.292,-1.4455,-1.6391,-1.8494,-2.0352,-2.1496,-2.1645,-2.0858,-1.9462,-1.7854,-1.6333,-1.5054,-1.4041,-1.3249,-1.2611,-1.2067,-1.158,-1.1129,-1.0707,-1.0312,-0.9947,-0.9611
0.7988,0.6731,0.5285,0.379,0.2372,0.1113,0.0054,-0.0808,-0.1499,-0.2062,-0.2542,-0.2977,-0.3392,-0.381,-0.4264,-0.482,-0.5589,-0.6706,-0.8226,-1.0002,-1.1709,-1.2736,-1.2419,-1.1632,-1.1121,-1.0973,-1.1214,-1.19,-1.3098,-1.4849,-1.7091,-1.9562,-2.176,-2.3094,-2.3214,-2.2221,-2.0543,-1.8657,-1.6896,-1.5415,-1.4233,-1.3304,-1.2558,-1.1936,-1.1394,-1.0909,-1.0468,-1.0066,-0.97,-0.9369
0.6732,0.5616,0.4355,0.3062,0.1838,0.0754,-0.0155,-0.0889,-0.1471,-0.1943,-0.2352,-0.2736,-0.3119,-0.3523,-0.3985,-0.4579,-0.5413,-0.6596,-0.8178,-1.0079,-1.1997,-1.3127,-1.2715,-1.1743,-1.1101,-1.0905,-1.1159,-1.1908,-1.3227,-1.5169,-1.7683,-2.0482,-2.2983,-2.4478,-2.4557,-2.3366,-2.1433,-1.9303,-1.7333,-1.5675,-1.4345,-1.3293,-1.2449,-1.1754,-1.1162,-1.0647,-1.019,-0.9783,-0.9421,-0.9099
0.563,0.4639,0.3539,0.2421,0.1368,0.044,-0.033,-0.0942,-0.1417,-0.1796,-0.2129,-0.2456,-0.2799,-0.3164,-0.3585,-0.4155,-0.5001,-0.6226,-0.7859,-0.981,-1.1733,-1.2814,-1.2489,-1.1591,-1.0952,-1.0763,-1.105,-1.1862,-1.3278,-1.5365,-1.8077,-2.111,-2.3823,-2.5426,-2.5467,-2.4132,-2.2018,-1.9715,-1.7592,-1.5799,-1.4349,-1.3194,-1.2267,-1.1509,-1.0875,-1.0335,-0.9867,-0.9461,-0.9107,-0.8799
0.4673,0.3793,0.2833,0.1866,0.0963,0.0175,-0.047,-0.0966,-0.1335,-0.1619,-0.1873,-0.2145,-0.2445,-0.2757,-0.3097,-0.3583,-0.4388,-0.5623,-0.7272,-0.9183,-1.0977,-1.1976,-1.1839,-1.1172,-1.0653,-1.053,-1.0873,-1.1744,-1.3228,-1.5395,-1.8198,-2.1327,-2.4119,-2.5758,-2.5785,-2.4399,-2.2216,-1.9838,-1.7635,-1.5757,-1.4223,-1.299,-1.1998,-1.119,-1.0524,-0.9966,-0.9495,-0.9096,-0.8755,-0.8465
0.3847,0.3066,0.2227,0.1393,0.062,-0.0044,-0.0574,-0.0963,-0.1229,-0.1415,-0.1588,-0.1808,-0.2079,-0.2339,-0.2568,-0.2916,-0.3635,-0.4849,-0.6473,-0.8283,-0.9908,-1.0851,-1.0924,-1.0539,-1.0211,-1.0201,-1.0618,-1.1542,-1.306,-1.5234,-1.8011,-2.1083,-2.3808,-2.5411,-2.5453,-2.412,-2.1993,-1.9645,-1.7439,-1.5531,-1.395,-1.2666,-1.1628,-1.0786,-1.0099,-0.9535,-0.9069,-0.8684,-0.8364,-0.8098
0.3137,0.2444,0.1712,0.0992,0.0334,-0.0221,-0.0648,-0.0937,-0.1103,-0.1189,-0.1276,-0.145,-0.1718,-0.1951,-0.206,-0.2236,-0.2838,-0.4006,-0.5567,-0.7239,-0.8697,-0.9606,-0.9868,-0.9755,-0.9643,-0.9776,-1.0281,-1.125,-1.2767,-1.488,-1.7527,-2.041,-2.2946,-2.4449,-2.453,-2.3335,-2.1366,-1.914,-1.7001,-1.5112,-1.352,-1.2211,-1.1147,-1.0287,-0.9593,-0.9034,-0.8584,-0.8222,-0.7931,-0.7697
0.2528,0.1914,0.1276,0.0656,0.0098,-0.0361,-0.0696,-0.0894,-0.0965,-0.095,-0.0945,-0.1076,-0.1373,-0.1627,-0.1638,-0.1644,-0.2129,-0.3225,-0.4676,-0.6173,-0.7461,-0.8335,-0.8745,-0.8868,-0.897,-0.9257,-0.9857,-1.0865,-1.2353,-1.4356,-1.6797,-1.9403,-2.1672,-2.3033,-2.3157,-2.2144,-2.0396,-1.8352,-1.6331,-1.4501,-1.2929,-1.1618,-1.0548,-0.9686,-0.9,-0.8459,-0.8036,-0.7708,-0.7455,-0.726
0.2007,0.1464,0.0908,0.0376,-0.0095,-0.0471,-0.0726,-0.0844,-0.083,-0.0718,-0.0614,-0.0694,-0.1048,-0.1386,-0.1361,-0.1252,-0.1637,-0.2621,-0.3893,-0.5162,-0.6259,-0.7073,-0.7586,-0.7905,-0.8208,-0.8652,-0.9351,-1.0391,-1.1833,-1.3695,-1.5892,-1.8182,-2.0152,-2.1348,-2.1503,-2.0675,-1.9164,-1.7329,-1.5452,-1.3707,-1.2176,-1.0883,-0.9823,-0.8976,-0.8313,-0.7805,-0.7423,-0.7141,-0.6936,-0.6789
0.1561,0.1082,0.0598,0.0141,-0.0254,-0.0558,-0.0745,-0.0798,-0.0713,-0.052,-0.0323,-0.0342,-0.0749,-0.1218,-0.1245,-0.1116,-0.1423,-0.2233,-0.3245,-0.4227,-0.5093,-0.5816,-0.6393,-0.6878,-0.7368,-0.7968,-0.8768,-0.9838,-1.1226,-1.2936,-1.4882,-1.6857,-1.853,-1.9554,-1.9718,-1.9046,-1.7753,-1.6121,-1.4395,-1.2744,-1.1265,-1.0003,-0.897,-0.8153,-0.753,-0.7071,-0.6745,-0.6521,-0.6375,-0.6285
0.1178,0.0756,0.0335,-0.0055,-0.0386,-0.063,-0.0763,-0.0766,-0.0634,-0.0388,-0.013,-0.0096,-0.0522,-0.1096,-0.1239,-0.118,-0.1419,-0.2001,-0.2686,-0.3327,-0.3928,-0.4533,-0.5154,-0.579,-0.6462,-0.7219,-0.812,-0.9221,-1.0556,-1.2117,-1.3827,-1.551,-1.6911,-1.7767,-1.7914,-1.7355,-1.6238,-1.4779,-1.3188,-1.1626,-1.0203,-0.8981,-0.7986,-0.7215,-0.6649,-0.6255,-0.6,-0.5849,-0.5774,-0.575
0.0849,0.0477,0.0112,-0.0221,-0.0497,-0.0692,-0.0784,-0.0756,-0.0601,-0.0343,-0.0077,-0.003,-0.0431,-0.1012,-0.1258,-0.1296,-0.1471,-0.1802,-0.2123,-0.2386,-0.2698,-0.3181,-0.385,-0.4643,-0.5501,-0.6418,-0.7424,-0.8558,-0.9845,-1.1272,-1.277,-1.4197,-1.5357,-1.6053,-1.616,-1.5667,-1.4675,-1.3348,-1.1862,-1.0374,-0.9001,-0.7821,-0.6874,-0.6163,-0.5671,-0.5361,-0.5193,-0.513,-0.5136,-0.5187
0.0565,0.0238,-0.0079,-0.0364,-0.0595,-0.0751,-0.0814,-0.077,-0.0617,-0.0383,-0.0159,-0.0137,-0.0481,-0.0977,-0.1254,-0.135,-0.1443,-0.1516,-0.1458,-0.1321,-0.1339,-0.1722,-0.2474,-0.3449,-0.4507,-0.559,-0.6701,-0.7871,-0.9117,-1.0427,-1.1742,-1.295,-1.3901,-1.445,-1.4496,-1.4026,-1.3106,-1.1862,-1.0445,-0.9006,-0.767,-0.653,-0.5638,-0.5002,-0.4601,-0.4393,-0.433,-0.4367,-0.4468,-0.4603
0.0319,0.0031,-0.0245,-0.0489,-0.0683,-0.0809,-0.0853,-0.0807,-0.0673,-0.0484,-0.0324,-0.0335,-0.0608,-0.0984,-0.1224,-0.1306,-0.1281,-0.1083,-0.0634,-0.0086,0.0174,-0.0158,-0.1048,-0.2241,-0.3511,-0.476,-0.5976,-0.7181,-0.8393,-0.9603,-1.0763,-1.1786,-1.2558,-1.2969,-1.2941,-1.2456,-1.156,-1.0351,-0.8963,-0.7542,-0.6226,-0.5122,-0.429,-0.3743,-0.3451,-0.3362,-0.342,-0.3572,-0.3776,-0.4003
0.0103,-0.0151,-0.039,-0.06,-0.0764,-0.0868,-0.0903,-0.0862,-0.0756,-0.0618,-0.0516,-0.0548,-0.0751,-0.1011,-0.1174,-0.1181,-0.0998,-0.0514,0.033,0.1282,0.1782,0.1437,0.0357,-0.1076,-0.256,-0.3965,-0.5274,-0.651,-0.7692,-0.8815,-0.9844,-1.0711,-1.1329,-1.1612,-1.1499,-1.097,-1.0057,-0.884,-0.744,-0.6008,-0.4692,-0.3615,-0.2849,-0.2402,-0.2235,-0.2284,-0.2477,-0.2755,-0.3071,-0.3396
-0.0088,-0.0311,-0.052,-0.0701,-0.0841,-0.093,-0.0959,-0.093,-0.0852,-0.0758,-0.07,-0.0736,-0.0876,-0.1036,-0.1105,-0.1005,-0.0643,0.012,0.1325,0.2627,0.3307,0.2901,0.1618,-0.0039,-0.1706,-0.324,-0.4623,-0.5879,-0.703,-0.8077,-0.8993,-0.9726,-1.021,-1.0375,-1.017,-0.9576,-0.8613,-0.735,-0.5905,-0.4431,-0.3096,-0.2039,-0.1341,-0.1006,-0.0979,-0.1178,-0.1518,-0.193,-0.2365,-0.279
-0.0257,-0.0454,-0.0637,-0.0794,-0.0916,-0.0993,-0.1021,-0.1003,-0.0951,-0.089,-0.0858,-0.0888,-0.0972,-0.1047,-0.1023,-0.0808,-0.0279,0.0711,0.218,0.3711,0.4488,0.4021,0.2593,0.0786,-0.1003,-0.262,-0.4046,-0.5305,-0.642,-0.7396,-0.8213,-0.8831,-0.9195,-0.9251,-0.8952,-0.8278,-0.7242,-0.5907,-0.4387,-0.2848,-0.1477,-0.0434,0.0194,0.041,0.0287,-0.0071,-0.0565,-0.1116,-0.1671,-0.2198
-0.0408,-0.0583,-0.0744,-0.0882,-0.0988,-0.1057,-0.1086,-0.1079,-0.1046,-0.1008,-0.0989,-0.1005,-0.1042,-0.1046,-0.0938,-0.0621,0.0033,0.116,0.274,0.433,0.5117,0.4633,0.3175,0.1333,-0.0488,-0.2127,-0.3558,-0.4798,-0.5869,-0.6776,-0.7504,-0.802,-0.8279,-0.8233,-0.7841,-0.708,-0.5958,-0.4533,-0.2922,-0.1303,0.0114,0.1149,0.1706,0.1799,0.1523,0.1003,0.0356,-0.0332,-0.1004,-0.163
-0.0546,-0.0701,-0.0843,-0.0965,-0.1059,-0.1122,-0.1152,-0.1153,-0.1134,-0.1109,-0.1095,-0.1095,-0.1091,-0.1037,-0.0862,-0.0471,0.0251,0.1409,0.2945,0.4432,0.5154,0.4707,0.3342,0.1587,-0.0175,-0.1774,-0.3169,-0.4367,-0.5383,-0.6221,-0.6866,-0.729,-0.7455,-0.7317,-0.6835,-0.5986,-0.4775,-0.3255,-0.1548,0.0154,0.1619,0.2647,0.3135,0.3109,0.2684,0.201,0.1218,0.0401,-0.038,-0.1097
