docs/data/wind_grid.json
[{"header":{"la1":42.85,"la2":41.18,"lo1":11.55,"lo2":14.05,"nx":36,"ny":24,"dx":0.07143,"dy":0.07261,"parameterCategory":2,"parameterNumber":2,"parameterNumberName":"eastward_wind","parameterUnit":"m.s-1"},"data":[-0.6732,-0.6803,-0.6856,-0.6888,-0.6899,-0.6886,-0.6839,-0.6748,-0.6605,-0.6416,-0.6202,-0.5993,-0.5815,-0.5685,-0.5606,-0.5567,-0.5549,-0.5522,-0.546,-0.5349,-0.5203,-0.5059,-0.4956,-0.491,-0.4906,-0.492,-0.4932,-0.4935,-0.4925,-0.4904,-0.4877,-0.4845,-0.481,-0.4775,-0.4741,-0.4708,-0.6973,-0.7071,-0.7146,-0.7199,-0.7232,-0.7245,-0.7224,-0.7141,-0.6971,-0.6715,-0.6411,-0.6115,-0.5873,-0.5711,-0.5633,-0.5621,-0.5642,-0.5647,-0.5579,-0.5406,-0.5151,-0.4903,-0.4756,-0.4735,-0.479,-0.4859,-0.4909,-0.4932,-0.4931,-0.4912,-0.4883,-0.4848,-0.481,-0.4772,-0.4735,-0.4699,-0.7256,-0.739,-0.7494,-0.7571,-0.7635,-0.7696,-0.774,-0.7707,-0.7517,-0.7153,-0.6694,-0.6252,-0.5912,-0.5706,-0.5636,-0.5676,-0.5777,-0.5856,-0.5798,-0.5511,-0.5018,-0.4534,-0.4324,-0.4408,-0.4609,-0.4784,-0.4891,-0.4938,-0.4944,-0.4925,-0.4891,-0.4851,-0.4809,-0.4767,-0.4726,-0.4688,-0.7593,-0.778,-0.7922,-0.8021,-0.8112,-0.8249,-0.8443,-0.857,-0.8398,-0.7837,-0.7083,-0.6394,-0.5905,-0.5641,-0.5589,-0.5718,-0.5969,-0.6219,-0.6241,-0.577,-0.4741,-0.3675,-0.341,-0.3857,-0.438,-0.4723,-0.4898,-0.4964,-0.4969,-0.4942,-0.4901,-0.4853,-0.4805,-0.4759,-0.4715,-0.4674,-0.7998,-0.8271,-0.847,-0.8577,-0.8659,-0.8879,-0.9374,-0.9959,-0.9943,-0.8948,-0.7593,-0.6496,-0.5803,-0.5472,-0.5449,-0.5708,-0.6211,-0.683,-0.7169,-0.6525,-0.442,-0.1893,-0.1777,-0.3193,-0.4237,-0.4751,-0.496,-0.5019,-0.5007,-0.4964,-0.491,-0.4853,-0.4798,-0.4746,-0.4699,-0.4656,-0.848,-0.891,-0.9228,-0.9329,-0.9284,-0.9471,-1.0412,-1.2128,-1.2703,-1.0604,-0.8085,-0.6436,-0.5534,-0.514,-0.5149,-0.5554,-0.64,-0.7684,-0.8924,-0.8431,-0.5154,-0.0694,-0.088,-0.321,-0.4468,-0.4955,-0.51,-0.5104,-0.5054,-0.4986,-0.4915,-0.4847,-0.4785,-0.4728,-0.4678,-0.4633,-0.9019,-0.9731,-1.035,-1.0504,-1.0086,-0.9836,-1.0887,-1.4023,-1.5723,-1.1749,-0.8001,-0.6017,-0.5026,-0.459,-0.4594,-0.51,-0.6245,-0.8188,-1.0588,-1.0416,-0.7741,-0.47,-0.3873,-0.4699,-0.5201,-0.533,-0.5293,-0.5201,-0.5097,-0.4999,-0.491,-0.4832,-0.4763,-0.4703,-0.465,-0.4604,-0.9509,-1.0639,-1.1947,-1.2502,-1.1299,-0.9936,-1.0005,-1.1929,-1.2876,-0.9711,-0.6769,-0.516,-0.4279,-0.3791,-0.3666,-0.4148,-0.5457,-0.7466,-0.9473,-1.0137,-1.1004,-1.0172,-0.7891,-0.6647,-0.6071,-0.5721,-0.5466,-0.527,-0.5115,-0.4991,-0.489,-0.4804,-0.4732,-0.4669,-0.4615,-0.4569,-0.9743,-1.1172,-1.328,-1.4814,-1.2431,-0.9799,-0.8542,-0.8174,-0.7544,-0.617,-0.4966,-0.41,-0.3417,-0.2785,-0.2159,-0.2356,-0.4105,-0.6343,-0.8415,-1.1057,-1.5855,-1.475,-1.0278,-0.7807,-0.659,-0.5928,-0.553,-0.527,-0.5089,-0.4955,-0.4849,-0.4762,-0.4688,-0.4626,-0.4572,-0.4526,-0.9575,-1.0826,-1.2396,-1.3259,-1.1553,-0.9271,-0.7383,-0.5868,-0.4207,-0.3299,-0.3394,-0.3154,-0.2621,-0.1832,0.0044,0.1013,-0.2698,-0.5827,-0.8033,-1.0498,-1.3864,-1.3269,-1.0006,-0.7795,-0.6553,-0.5847,-0.5434,-0.5179,-0.501,-0.4886,-0.4787,-0.4704,-0.4633,-0.4571,-0.4519,-0.4475,-0.9107,-1.0043,-1.1004,-1.1773,-1.1314,-0.8813,-0.6688,-0.4972,-0.2012,-0.0636,-0.2392,-0.2467,-0.1935,-0.1321,0.0039,0.1128,-0.3282,-0.6889,-0.8742,-0.9462,-1.0052,-0.9702,-0.8332,-0.6995,-0.6063,-0.5498,-0.5182,-0.5003,-0.4884,-0.4791,-0.4709,-0.4634,-0.4566,-0.4506,-0.4455,-0.4414,-0.8496,-0.9231,-1.0158,-1.1284,-1.0717,-0.8066,-0.6453,-0.5862,-0.3709,-0.1949,-0.2374,-0.2001,-0.1243,-0.0269,-0.1006,-0.2683,-0.6045,-1.1172,-1.2639,-1.0305,-0.8707,-0.7754,-0.6855,-0.6006,-0.5347,-0.4968,-0.4826,-0.4777,-0.4738,-0.4686,-0.4623,-0.4555,-0.4488,-0.4428,-0.4379,-0.4341,-0.7802,-0.8288,-0.8806,-0.9094,-0.8406,-0.7012,-0.6427,-0.7067,-0.5908,-0.3673,-0.2416,-0.1585,-0.0984,0.0132,-0.0976,-0.3965,-0.7979,-1.9873,-2.0392,-1.1625,-0.8045,-0.6527,-0.5714,-0.5121,-0.4625,-0.4386,-0.4454,-0.4564,-0.4607,-0.4592,-0.454,-0.447,-0.4397,-0.4333,-0.4285,-0.4252,-0.7092,-0.7329,-0.7478,-0.737,-0.6857,-0.6205,-0.5994,-0.6276,-0.552,-0.3479,-0.205,-0.1198,-0.0919,-0.0258,-0.2543,-0.5002,-0.7227,-1.3604,-1.4939,-0.9582,-0.6417,-0.5068,-0.4625,-0.4441,-0.4194,-0.4034,-0.4229,-0.4441,-0.4533,-0.453,-0.4467,-0.4376,-0.4284,-0.4211,-0.4163,-0.414,-0.6441,-0.6507,-0.6469,-0.6265,-0.5889,-0.5474,-0.518,-0.4869,-0.3953,-0.2456,-0.1313,-0.0922,-0.0578,0.0741,-0.3083,-0.5616,-1.2313,-0.9075,-0.7961,-0.5672,-0.3439,-0.287,-0.3364,-0.3865,-0.409,-0.4112,-0.427,-0.4464,-0.4548,-0.4515,-0.4403,-0.4258,-0.4126,-0.4038,-0.3999,-0.3997,-0.5885,-0.585,-0.573,-0.5503,-0.5178,-0.4797,-0.4372,-0.3782,-0.281,-0.1372,0.0306,-0.009,-0.0502,-0.1035,-0.2987,-0.6548,-1.0266,-0.6867,-0.4439,-0.2269,0.0556,-0.0041,-0.2062,-0.3281,-0.3944,-0.4276,-0.4508,-0.4667,-0.4684,-0.4558,-0.4332,-0.4076,-0.3873,-0.3773,-0.3766,-0.3812,-0.5424,-0.5333,-0.5174,-0.4939,-0.4628,-0.4247,-0.3776,-0.3153,-0.229,-0.1131,0.0107,-0.0234,-0.0476,-0.0615,-0.1984,-0.3476,-0.4127,-0.2447,-0.0538,-0.0145,0.1321,0.0596,-0.1504,-0.2972,-0.3986,-0.4668,-0.5043,-0.5125,-0.4981,-0.4662,-0.4215,-0.3748,-0.3431,-0.3352,-0.3439,-0.3583,-0.5047,-0.4925,-0.4749,-0.4512,-0.4212,-0.3845,-0.3398,-0.2849,-0.219,-0.1477,-0.0935,-0.0766,-0.0495,-0.0385,-0.0335,-0.0315,-0.0601,0.1971,0.5098,0.1991,0.0572,-0.0297,-0.161,-0.3055,-0.4468,-0.5632,-0.6101,-0.5916,-0.5461,-0.4824,-0.4003,-0.315,-0.2667,-0.272,-0.3025,-0.3331,-0.4741,-0.4603,-0.442,-0.4189,-0.3906,-0.3569,-0.3174,-0.2721,-0.2228,-0.1745,-0.1351,-0.105,-0.0699,0.0035,0.268,0.3893,0.1359,0.2598,0.4392,0.3319,0.1467,-0.0148,-0.1593,-0.3252,-0.5228,-0.7081,-0.7504,-0.6884,-0.6082,-0.5064,-0.3746,-0.2303,-0.1627,-0.2001,-0.2639,-0.313,-0.4492,-0.4348,-0.4167,-0.3947,-0.3686,-0.3384,-0.3044,-0.2671,-0.2282,-0.1903,-0.1554,-0.1202,-0.0719,0.0279,0.2394,0.3127,0.1627,0.2167,0.4538,0.5559,0.2428,0.0359,-0.1205,-0.3133,-0.5566,-0.7591,-0.7974,-0.7839,-0.6821,-0.5442,-0.3791,-0.1962,-0.1171,-0.174,-0.2525,-0.3078,-0.4291,-0.4146,-0.3972,-0.3766,-0.3529,-0.3262,-0.2968,-0.2654,-0.2331,-0.2009,-0.1686,-0.1331,-0.0865,-0.0163,0.0705,0.108,0.103,0.1659,0.3144,0.3581,0.2101,0.1063,0.0003,-0.2241,-0.5344,-0.841,-1.1097,-1.0092,-0.7617,-0.5862,-0.4347,-0.2831,-0.2064,-0.2292,-0.2801,-0.3212,-0.4128,-0.3987,-0.3822,-0.3632,-0.3418,-0.3181,-0.2925,-0.2656,-0.2378,-0.2095,-0.1802,-0.1481,-0.11,-0.0645,-0.0188,0.0133,0.0399,0.087,0.1488,0.1768,0.1932,0.3024,0.3104,-0.0214,-0.4593,-0.9208,-1.3516,-1.1137,-0.7291,-0.584,-0.4896,-0.3911,-0.3257,-0.3122,-0.3264,-0.3457,-0.3998,-0.3862,-0.3707,-0.3533,-0.3339,-0.3129,-0.2905,-0.2669,-0.2427,-0.2177,-0.1918,-0.1641,-0.1338,-0.1014,-0.0698,-0.0417,-0.0136,0.0208,0.0604,0.1081,0.2197,0.4831,0.5692,0.1461,-0.3334,-0.7186,-0.9289,-0.7715,-0.5404,-0.531,-0.5071,-0.4496,-0.3993,-0.3734,-0.3672,-0.3704,-0.3893,-0.3765,-0.3621,-0.3461,-0.3286,-0.3098,-0.29,-0.2692,-0.2479,-0.2259,-0.2033,-0.1797,-0.1551,-0.13,-0.1053,-0.0815,-0.057,-0.0294,0.0045,0.0566,0.1586,0.3155,0.334,0.0697,-0.2644,-0.5226,-0.6421,-0.5941,-0.5112,-0.5142,-0.5043,-0.4688,-0.4325,-0.4073,-0.3942,-0.3893]},{"header":{"la1":42.85,"la2":41.18,"lo1":11.55,"lo2":14.05,"nx":36,"ny":24,"dx":0.07143,"dy":0.07261,"parameterCategory":2,"parameterNumber":3,"parameterNumberName":"northward_wind","parameterUnit":"m.s-1"},"data":[-0.7335,-0.7297,-0.7239,-0.7161,-0.7065,-0.6956,-0.6842,-0.6734,-0.6635,-0.6544,-0.6449,-0.6336,-0.6193,-0.6016,-0.5807,-0.5579,-0.5348,-0.514,-0.4977,-0.4873,-0.4828,-0.4823,-0.4839,-0.4862,-0.4892,-0.493,-0.4979,-0.5039,-0.5108,-0.5183,-0.5263,-0.5346,-0.5429,-0.5511,-0.5592,-0.5669,-0.7434,-0.7397,-0.7335,-0.7243,-0.7122,-0.6979,-0.6832,-0.6701,-0.66,-0.6527,-0.6457,-0.6363,-0.6222,-0.6027,-0.578,-0.5494,-0.5198,-0.4929,-0.4734,-0.4638,-0.4635,-0.4682,-0.4732,-0.4767,-0.4796,-0.4833,-0.4886,-0.4955,-0.5035,-0.5123,-0.5216,-0.5311,-0.5406,-0.5499,-0.5588,-0.5674,-0.7549,-0.7518,-0.7452,-0.7341,-0.7182,-0.6983,-0.6769,-0.6588,-0.6483,-0.6452,-0.6445,-0.6399,-0.6277,-0.6066,-0.577,-0.5405,-0.5007,-0.464,-0.4393,-0.4331,-0.4438,-0.4602,-0.4703,-0.4723,-0.4721,-0.4741,-0.4793,-0.4869,-0.4963,-0.5065,-0.5173,-0.5282,-0.539,-0.5494,-0.5594,-0.5689,-0.7683,-0.7666,-0.7603,-0.7474,-0.7261,-0.6962,-0.6612,-0.631,-0.6186,-0.6258,-0.6394,-0.6451,-0.6373,-0.6154,-0.5802,-0.5327,-0.4766,-0.4216,-0.3862,-0.3885,-0.4274,-0.4725,-0.4874,-0.4776,-0.4673,-0.465,-0.4696,-0.4783,-0.4892,-0.5012,-0.5137,-0.5261,-0.5383,-0.5501,-0.5612,-0.5715,-0.7837,-0.785,-0.7808,-0.7669,-0.7391,-0.6936,-0.6312,-0.5694,-0.549,-0.583,-0.6292,-0.6542,-0.6537,-0.6321,-0.5913,-0.5303,-0.449,-0.3577,-0.2931,-0.3089,-0.4137,-0.5313,-0.5403,-0.4909,-0.4611,-0.4538,-0.4587,-0.4693,-0.4824,-0.4966,-0.511,-0.5252,-0.539,-0.5521,-0.5644,-0.5757,-0.8008,-0.8078,-0.8092,-0.7975,-0.7642,-0.6999,-0.5912,-0.4502,-0.3985,-0.5064,-0.6209,-0.6735,-0.681,-0.6607,-0.6167,-0.5429,-0.4291,-0.2722,-0.1242,-0.1453,-0.3528,-0.5793,-0.5733,-0.4815,-0.4425,-0.4373,-0.4461,-0.4603,-0.4764,-0.493,-0.5096,-0.5258,-0.5413,-0.5559,-0.5695,-0.5818,-0.8178,-0.8342,-0.8485,-0.8454,-0.8096,-0.7338,-0.5875,-0.3344,-0.2139,-0.4545,-0.6461,-0.7136,-0.7224,-0.7052,-0.6653,-0.5872,-0.4485,-0.2262,0.0436,0.0279,-0.2039,-0.3838,-0.4347,-0.4105,-0.4045,-0.4153,-0.4326,-0.4519,-0.4716,-0.491,-0.51,-0.5283,-0.5458,-0.5621,-0.5769,-0.5902,-0.8302,-0.8592,-0.8995,-0.918,-0.8724,-0.7997,-0.6906,-0.5014,-0.4153,-0.6066,-0.7456,-0.7803,-0.7767,-0.7678,-0.7498,-0.6848,-0.5388,-0.3203,-0.101,-0.0559,-0.0428,-0.0985,-0.2342,-0.3153,-0.3607,-0.3935,-0.421,-0.4457,-0.4689,-0.4912,-0.5127,-0.5334,-0.553,-0.5711,-0.5874,-0.6016,-0.8309,-0.8652,-0.938,-1.0029,-0.9129,-0.8577,-0.8453,-0.828,-0.8482,-0.904,-0.9022,-0.861,-0.8325,-0.8443,-0.8966,-0.8773,-0.6929,-0.4661,-0.2702,-0.075,0.2302,0.1634,-0.1068,-0.2559,-0.3331,-0.3804,-0.4147,-0.4432,-0.4692,-0.4941,-0.5183,-0.5417,-0.5638,-0.5839,-0.6016,-0.6168,-0.8162,-0.829,-0.8611,-0.8854,-0.8139,-0.8697,-0.9769,-1.0862,-1.2226,-1.2535,-1.0804,-0.9302,-0.8688,-0.9052,-1.1343,-1.2671,-0.8573,-0.5583,-0.3617,-0.1536,0.0945,0.0661,-0.1275,-0.2564,-0.3318,-0.3803,-0.4156,-0.4451,-0.4727,-0.5,-0.5274,-0.554,-0.5791,-0.6016,-0.6209,-0.6368,-0.7967,-0.7737,-0.6968,-0.5019,-0.5503,-0.8615,-1.1012,-1.2751,-1.5504,-1.6956,-1.2196,-0.9567,-0.8728,-0.89,-1.0919,-1.2696,-0.809,-0.5483,-0.411,-0.288,-0.178,-0.16,-0.2218,-0.293,-0.3502,-0.3921,-0.4234,-0.4508,-0.479,-0.5092,-0.5406,-0.5716,-0.6006,-0.626,-0.6469,-0.663,-0.7895,-0.7566,-0.6693,-0.5162,-0.5868,-0.9504,-1.2646,-1.4393,-1.4854,-1.4927,-1.1475,-0.925,-0.8657,-0.909,-0.8489,-0.7196,-0.5531,-0.471,-0.4294,-0.3506,-0.284,-0.2608,-0.2816,-0.3275,-0.3777,-0.4144,-0.4371,-0.459,-0.4873,-0.5216,-0.5591,-0.5965,-0.6308,-0.6597,-0.682,-0.6976,-0.798,-0.7822,-0.7519,-0.7366,-0.8397,-1.0911,-1.3911,-1.5974,-1.5138,-1.2445,-1.0115,-0.8787,-0.8438,-0.9375,-0.7979,-0.3898,-0.286,-0.4864,-0.4994,-0.3499,-0.2815,-0.2627,-0.2871,-0.3447,-0.4138,-0.452,-0.4557,-0.467,-0.4965,-0.538,-0.5851,-0.632,-0.6738,-0.7068,-0.7297,-0.7431,-0.8127,-0.8163,-0.8262,-0.8634,-0.9605,-1.1269,-1.3362,-1.5254,-1.4263,-1.1265,-0.931,-0.8672,-0.8545,-0.7769,-0.4053,0.1799,0.1297,-0.2179,-0.3426,-0.2594,-0.1919,-0.1816,-0.2387,-0.3362,-0.4473,-0.4939,-0.4696,-0.4711,-0.5062,-0.5603,-0.6227,-0.6843,-0.7367,-0.7742,-0.7955,-0.8031,-0.8238,-0.8383,-0.8625,-0.9061,-0.9783,-1.077,-1.1809,-1.2341,-1.1543,-0.9975,-0.8893,-0.8176,-0.7251,-0.6076,-0.2359,0.3582,0.8763,0.1802,-0.1151,-0.0987,0.0417,0.033,-0.124,-0.2828,-0.41,-0.4641,-0.4537,-0.4663,-0.5164,-0.5917,-0.6789,-0.7637,-0.8314,-0.8724,-0.8868,-0.8817,-0.8278,-0.8452,-0.8701,-0.9056,-0.9524,-1.0042,-1.0443,-1.0455,-0.9934,-0.931,-0.9442,-0.8247,-0.7658,-0.627,-0.334,0.1723,0.5953,0.1257,-0.1047,0.0613,0.5792,0.4454,0.024,-0.2087,-0.3264,-0.3796,-0.4033,-0.4452,-0.5246,-0.6354,-0.764,-0.8879,-0.9783,-1.018,-1.0131,-0.9826,-0.825,-0.8412,-0.8616,-0.8867,-0.9145,-0.9394,-0.9519,-0.9428,-0.9148,-0.8967,-0.9245,-0.8603,-0.8944,-0.8978,-0.5351,-0.2555,-0.132,-0.2565,-0.3439,-0.0448,0.6494,0.4871,0.0306,-0.1834,-0.2598,-0.2782,-0.3065,-0.389,-0.5223,-0.693,-0.8916,-1.0854,-1.211,-1.2334,-1.1821,-1.1047,-0.8175,-0.8306,-0.8457,-0.862,-0.8774,-0.8883,-0.8903,-0.8809,-0.8643,-0.8511,-0.8433,-0.8353,-0.9167,-0.9139,-0.6649,-0.5384,-0.4637,-0.6059,-0.8178,-0.4441,-0.074,-0.0072,-0.1362,-0.2166,-0.1912,-0.0927,-0.0909,-0.2682,-0.5046,-0.7631,-1.0697,-1.3888,-1.5681,-1.5311,-1.3853,-1.235,-0.8071,-0.817,-0.8273,-0.8372,-0.8451,-0.8488,-0.8464,-0.8375,-0.8244,-0.8107,-0.7977,-0.7887,-0.7877,-0.7537,-0.7388,-0.7544,-0.6104,-0.655,-0.7459,-0.5962,-0.4239,-0.3198,-0.3037,-0.2731,-0.1123,0.2488,0.3254,-0.1183,-0.5029,-0.8383,-1.2598,-1.759,-2.0046,-1.8461,-1.5683,-1.34,-0.7954,-0.8024,-0.809,-0.8145,-0.8177,-0.8174,-0.8129,-0.8041,-0.792,-0.7779,-0.7629,-0.7472,-0.7294,-0.7106,-0.7262,-0.7286,-0.6389,-0.6215,-0.6607,-0.6779,-0.5572,-0.4769,-0.437,-0.3674,-0.1726,0.2775,0.3819,-0.2375,-0.5997,-0.9042,-1.3343,-1.9079,-2.1831,-1.9606,-1.6306,-1.3774,-0.7835,-0.7881,-0.7919,-0.7943,-0.7946,-0.7921,-0.7864,-0.7775,-0.7658,-0.7519,-0.7362,-0.719,-0.7006,-0.6843,-0.6754,-0.6583,-0.6255,-0.613,-0.6307,-0.6339,-0.5991,-0.5918,-0.5799,-0.5166,-0.4266,-0.4207,-0.7127,-0.7454,-0.7951,-0.9637,-1.2452,-1.6417,-1.867,-1.7588,-1.5326,-1.3336,-0.7719,-0.7746,-0.7763,-0.7766,-0.7751,-0.7713,-0.765,-0.756,-0.7448,-0.7315,-0.7164,-0.6999,-0.6828,-0.6664,-0.6512,-0.6344,-0.6174,-0.6091,-0.6126,-0.6223,-0.6563,-0.743,-0.7692,-0.6752,-0.6325,-0.7784,-1.0626,-0.978,-0.9907,-1.0553,-1.1502,-1.3293,-1.4674,-1.4609,-1.3601,-1.2408,-0.7609,-0.7622,-0.7624,-0.7614,-0.7587,-0.7541,-0.7475,-0.7388,-0.7281,-0.7157,-0.7018,-0.6868,-0.6713,-0.656,-0.6414,-0.6277,-0.6167,-0.6122,-0.618,-0.642,-0.7105,-0.8447,-0.8845,-0.7644,-0.7198,-0.8033,-0.9281,-1.0386,-1.227,-1.1905,-1.1298,-1.1663,-1.2264,-1.241,-1.2039,-1.1411,-0.7509,-0.751,-0.7502,-0.7482,-0.7449,-0.7399,-0.7332,-0.7248,-0.7149,-0.7035,-0.691,-0.6777,-0.664,-0.6507,-0.6382,-0.6275,-0.6202,-0.6189,-0.6275,-0.6536,-0.7093,-0.7872,-0.8093,-0.7602,-0.7463,-0.8026,-0.9092,-1.0807,-1.2567,-1.2104,-1.115,-1.0895,-1.1008,-1.1063,-1.0901,-1.0565]}]