docs/data/wind_grid.json
[{"header":{"la1":42.85,"la2":41.18,"lo1":11.55,"lo2":14.05,"nx":36,"ny":24,"dx":0.07143,"dy":0.07261,"parameterCategory":2,"parameterNumber":2,"parameterNumberName":"eastward_wind","parameterUnit":"m.s-1"},"data":[3.583,3.6094,3.6373,3.6659,3.6933,3.7164,3.731,3.7325,3.7178,3.687,3.6437,3.5931,3.5409,3.491,3.4458,3.4061,3.3715,3.3408,3.3119,3.2826,3.2514,3.2177,3.1819,3.1447,3.1071,3.0697,3.033,2.9974,2.9631,2.9303,2.8992,2.8699,2.8426,2.8173,2.7943,2.7736,3.6043,3.6365,3.6724,3.7113,3.7516,3.7891,3.817,3.8268,3.8118,3.7712,3.7117,3.6436,3.5759,3.5143,3.4615,3.4179,3.3826,3.3532,3.3261,3.2975,3.2646,3.2273,3.1866,3.1442,3.1017,3.06,3.0195,2.9805,2.9433,2.9079,2.8744,2.843,2.814,2.7873,2.7631,2.7416,3.6232,3.6616,3.7065,3.7585,3.8166,3.8768,3.9288,3.9561,3.9426,3.8852,3.798,3.7019,3.6121,3.5357,3.4743,3.4274,3.3935,3.3688,3.3469,3.3204,3.2849,3.2413,3.193,3.1434,3.0946,3.0477,3.0029,2.9603,2.9198,2.8816,2.8456,2.812,2.7811,2.7529,2.7276,2.7053,3.6381,3.6824,3.7365,3.8033,3.885,3.9799,4.0755,4.1406,4.1346,4.0454,3.9077,3.7666,3.6464,3.5522,3.4821,3.4335,3.4046,3.3908,3.3806,3.3584,3.3168,3.2611,3.2005,3.1408,3.0843,3.0316,2.9821,2.9357,2.8919,2.8507,2.812,2.7761,2.7431,2.7133,2.6869,2.664,3.6475,3.696,3.7578,3.8387,3.9468,4.0896,4.2611,4.4099,4.4295,4.2734,4.039,3.8288,3.6715,3.5598,3.4825,3.4343,3.4153,3.4234,3.4381,3.4225,3.3646,3.2856,3.206,3.1334,3.0685,3.0098,2.9559,2.9058,2.8586,2.8143,2.7728,2.7343,2.6992,2.6677,2.6402,2.6167,3.6499,3.7001,3.7655,3.8549,3.9837,4.1761,4.4558,4.7726,4.8657,4.5644,4.1612,3.8659,3.6768,3.5543,3.4737,3.4272,3.4211,3.4647,3.5271,3.518,3.422,3.3048,3.2017,3.1162,3.0439,2.9804,2.9228,2.8693,2.819,2.7715,2.7269,2.6857,2.6481,2.6148,2.5862,2.5623,3.645,3.6934,3.7564,3.8435,3.9735,4.1831,4.536,5.0425,5.2549,4.7445,4.1805,3.8443,3.6529,3.5342,3.4554,3.4088,3.4081,3.4812,3.5979,3.5899,3.4452,3.2936,3.175,3.0829,3.0074,2.9416,2.8817,2.8255,2.772,2.7212,2.6732,2.6287,2.5884,2.5531,2.5234,2.4994,3.6335,3.6769,3.7317,3.8049,3.9102,4.0754,4.3504,4.7467,4.8951,4.4576,4.0135,3.7552,3.6042,3.5048,3.4315,3.3788,3.3621,3.412,3.5079,3.4983,3.3661,3.2269,3.1169,3.0302,2.9574,2.8924,2.8317,2.7734,2.7168,2.6621,2.6101,2.5617,2.5182,2.4806,2.4498,2.4262,3.6173,3.654,3.6977,3.751,3.8185,3.9072,4.0215,4.1295,4.111,3.9398,3.77,3.6447,3.5523,3.4791,3.4114,3.3449,3.2925,3.2779,3.2946,3.2773,3.203,3.1131,3.0314,2.9598,2.8948,2.8332,2.7728,2.7126,2.6524,2.593,2.5358,2.4824,2.4348,2.3945,2.3628,2.3401,3.5986,3.6288,3.6621,3.6981,3.7351,3.7684,3.7857,3.759,3.6661,3.601,3.5973,3.5669,3.5222,3.4747,3.4105,3.3197,3.2163,3.132,3.087,3.0624,3.0295,2.9838,2.9317,2.8777,2.8224,2.7653,2.7054,2.6428,2.5778,2.5121,2.4478,2.3877,2.3347,2.2912,2.2589,2.2381,3.5792,3.6043,3.6305,3.6566,3.6799,3.6951,3.6921,3.6437,3.4892,3.4172,3.52,3.5378,3.5272,3.5113,3.4487,3.313,3.1273,2.9501,2.8642,2.8624,2.8703,2.8576,2.8282,2.7891,2.743,2.6901,2.6301,2.5636,2.4919,2.4172,2.3429,2.2733,2.2128,2.1653,2.1329,2.116,3.5599,3.5816,3.6042,3.6272,3.6501,3.6731,3.6969,3.7026,3.5845,3.4882,3.5319,3.5518,3.5615,3.6076,3.537,3.3188,2.9992,2.6337,2.5379,2.6552,2.7263,2.7376,2.7225,2.6955,2.658,2.6087,2.5473,2.4748,2.3931,2.3053,2.2163,2.1327,2.0616,2.0091,1.9781,1.9682,3.541,3.5603,3.581,3.6037,3.6303,3.6659,3.7191,3.7808,3.7193,3.5956,3.5698,3.6293,3.6045,3.6337,3.5649,3.2835,2.8705,2.1908,2.1634,2.5017,2.6056,2.6133,2.606,2.5939,2.5676,2.5218,2.4571,2.3755,2.2795,2.1725,2.0613,1.9562,1.8696,1.8111,1.7845,1.7874,3.5219,3.5392,3.558,3.5795,3.606,3.6415,3.6897,3.7367,3.6958,3.5876,3.5666,3.7546,3.773,3.1735,3.3441,3.1734,2.8912,2.4731,2.368,2.4958,2.4739,2.4405,2.4579,2.4805,2.473,2.4303,2.3592,2.265,2.1495,2.0144,1.8684,1.7291,1.6188,1.5539,1.5384,1.5649,3.5024,3.5174,3.5336,3.5517,3.5728,3.5973,3.6221,3.6301,3.5907,3.5262,3.4932,3.4929,3.4092,3.2882,3.2581,3.0313,2.8334,2.8001,2.648,2.4414,2.1612,2.1153,2.2576,2.3616,2.3795,2.3342,2.2517,2.1426,2.0029,1.8268,1.6244,1.4278,1.2801,1.2111,1.2217,1.2913,3.4825,3.4949,3.5079,3.5214,3.5351,3.5475,3.5536,3.544,3.5131,3.4781,3.475,3.349,3.3432,3.3109,3.2448,3.0562,2.899,2.8943,2.7276,2.2408,1.4689,1.5957,2.0617,2.2721,2.2957,2.2277,2.1275,2.0081,1.8443,1.6094,1.3118,1.0142,0.8075,0.746,0.8149,0.9614,3.4624,3.4722,3.4819,3.4909,3.4985,3.5026,3.5003,3.4881,3.4676,3.4515,3.4583,3.3915,3.326,3.3028,3.2707,3.1805,3.0825,3.0196,2.8951,2.3708,1.3967,1.5655,2.0794,2.2592,2.2173,2.0862,1.9672,1.8632,1.6899,1.3723,0.9119,0.433,0.1365,0.1198,0.3103,0.5854,3.4424,3.4499,3.4566,3.4621,3.4654,3.4653,3.4602,3.4495,3.435,3.4209,3.4047,3.3689,3.3214,3.3105,3.3365,3.317,3.2105,3.1532,3.1796,2.8863,2.3869,2.2392,2.3308,2.3094,2.1137,1.8532,1.7304,1.7161,1.5726,1.1491,0.4276,-0.3589,-0.7716,-0.6566,-0.2493,0.2081,3.4229,3.4283,3.4327,3.4356,3.4364,3.4342,3.4285,3.4192,3.4073,3.3937,3.3771,3.356,3.3402,3.3596,3.4864,3.5387,3.32,3.2196,3.2271,3.2188,2.9635,2.7304,2.5906,2.3845,1.9977,1.5108,1.4002,1.6094,1.5406,1.01,-0.0285,-1.2145,-1.727,-1.3853,-0.7143,-0.0772,3.4041,3.4078,3.4104,3.4116,3.4108,3.4076,3.4018,3.3935,3.3832,3.3712,3.3581,3.346,3.3436,3.3733,3.4675,3.4913,3.3459,3.2953,3.4611,3.5563,3.2387,3.0134,2.8293,2.5356,2.0618,1.4825,1.3652,1.7203,1.6437,1.0471,-0.1464,-1.5272,-2.075,-1.6277,-0.8573,-0.1619,3.386,3.3884,3.3897,3.3896,3.3878,3.3841,3.3784,3.3707,3.3615,3.3512,3.3407,3.3324,3.3312,3.3445,3.3687,3.3616,3.3137,3.3071,3.3899,3.418,3.3155,3.2745,3.1737,2.839,2.3793,2.0959,2.2211,2.1647,1.8696,1.267,0.2343,-0.909,-1.4304,-1.1719,-0.5875,-0.0085,3.3688,3.3701,3.3703,3.3693,3.3668,3.3628,3.3571,3.3499,3.3415,3.3323,3.323,3.3153,3.3109,3.311,3.3107,3.2999,3.2823,3.2827,3.3112,3.3484,3.452,3.7186,3.7686,3.2819,2.7046,2.4192,2.4758,2.3695,2.0425,1.5286,0.7913,0.0231,-0.4097,-0.3792,-0.0707,0.3109,3.3524,3.3528,3.3522,3.3504,3.3475,3.3431,3.3375,3.3305,3.3226,3.3139,3.305,3.2966,3.2894,3.2832,3.2759,3.2661,3.2577,3.2615,3.2892,3.3679,3.5922,4.0351,4.1627,3.5816,2.9353,2.5566,2.4284,2.3261,2.0976,1.7276,1.242,0.7536,0.4304,0.3543,0.472,0.6838,3.3367,3.3363,3.3351,3.3328,3.3294,3.3248,3.3191,3.3122,3.3044,3.2959,3.287,3.2779,3.269,3.2601,3.2509,3.2421,3.2372,3.2436,3.2742,3.3567,3.5399,3.8027,3.8446,3.4814,3.0161,2.675,2.4762,2.3292,2.1411,1.8784,1.5582,1.2419,1.0095,0.9086,0.9304,1.0328]},{"header":{"la1":42.85,"la2":41.18,"lo1":11.55,"lo2":14.05,"nx":36,"ny":24,"dx":0.07143,"dy":0.07261,"parameterCategory":2,"parameterNumber":3,"parameterNumberName":"northward_wind","parameterUnit":"m.s-1"},"data":[1.1696,1.1834,1.198,1.2131,1.2281,1.2422,1.2545,1.264,1.2703,1.2738,1.2757,1.2774,1.2807,1.2863,1.2948,1.3055,1.3167,1.3255,1.3285,1.3229,1.3078,1.2841,1.2546,1.222,1.1886,1.156,1.125,1.0963,1.0698,1.0456,1.0237,1.0039,0.986,0.9699,0.9555,0.9427,1.1742,1.19,1.207,1.2252,1.2438,1.2619,1.2778,1.2896,1.2963,1.2982,1.2976,1.2973,1.2998,1.3068,1.3191,1.3363,1.3561,1.374,1.3834,1.3791,1.3595,1.3274,1.2878,1.2455,1.2038,1.1645,1.1284,1.0957,1.0662,1.0398,1.0162,0.9951,0.9763,0.9595,0.9447,0.9316,1.1776,1.1954,1.2153,1.2373,1.2609,1.2848,1.3066,1.3225,1.3297,1.3284,1.3228,1.3182,1.3187,1.3269,1.3441,1.3708,1.4047,1.4385,1.4601,1.4578,1.4294,1.3822,1.3265,1.2705,1.2181,1.1709,1.1292,1.0923,1.0599,1.0314,1.0062,0.984,0.9644,0.9471,0.932,0.9188,1.1793,1.1991,1.2219,1.2483,1.2783,1.311,1.343,1.3671,1.3754,1.3674,1.3519,1.3397,1.3366,1.3453,1.3683,1.4079,1.464,1.527,1.572,1.5725,1.5251,1.4501,1.3693,1.2944,1.2291,1.1734,1.1258,1.0852,1.0501,1.0197,0.9933,0.9702,0.95,0.9324,0.9172,0.904,1.1787,1.2001,1.2255,1.2562,1.2935,1.3383,1.3876,1.4291,1.4414,1.4189,1.3848,1.3605,1.3521,1.3606,1.3887,1.4432,1.5316,1.6466,1.7393,1.7416,1.6516,1.527,1.4096,1.312,1.2332,1.1694,1.1169,1.0731,1.036,1.0043,0.977,0.9533,0.9329,0.9152,0.9,0.887,1.1753,1.1974,1.2245,1.2583,1.302,1.3596,1.4335,1.5091,1.5331,1.4809,1.416,1.3774,1.3643,1.3719,1.4021,1.4675,1.5909,1.7843,1.9666,1.9645,1.7905,1.5925,1.4338,1.3152,1.2257,1.1563,1.1007,1.0551,1.017,0.9846,0.957,0.9331,0.9126,0.8951,0.8802,0.8677,1.1686,1.1905,1.2176,1.252,1.2979,1.362,1.4537,1.567,1.6103,1.5204,1.4307,1.3871,1.374,1.3806,1.4074,1.4696,1.6036,1.8534,2.1302,2.1181,1.8561,1.6034,1.4224,1.2955,1.2028,1.1322,1.0762,1.0306,0.9926,0.9604,0.9329,0.9093,0.8891,0.8719,0.8575,0.8457,1.1586,1.1792,1.2043,1.2362,1.2783,1.3362,1.4169,1.5127,1.5488,1.484,1.4218,1.3922,1.3859,1.3932,1.411,1.4515,1.5472,1.7392,1.9635,1.9601,1.744,1.5269,1.366,1.2499,1.1634,1.0966,1.0433,0.9995,0.9628,0.9316,0.9047,0.8816,0.8619,0.8453,0.8317,0.8207,1.1456,1.1638,1.1856,1.2125,1.2466,1.2914,1.349,1.4104,1.4473,1.4446,1.4196,1.4037,1.4089,1.4217,1.4287,1.4363,1.4685,1.5446,1.6315,1.6302,1.5255,1.3935,1.2774,1.1842,1.1103,1.0511,1.0027,0.9622,0.9278,0.8981,0.8723,0.8499,0.8308,0.815,0.8022,0.7925,1.1301,1.1454,1.163,1.1836,1.2086,1.241,1.2883,1.3656,1.4755,1.5175,1.4543,1.4265,1.4537,1.4867,1.4831,1.4498,1.4238,1.4218,1.426,1.4039,1.3435,1.2621,1.1803,1.1082,1.0479,0.9978,0.9557,0.9197,0.8882,0.8603,0.8355,0.8139,0.7954,0.7803,0.7687,0.7604,1.1129,1.1249,1.1381,1.1523,1.1677,1.1858,1.2175,1.3136,1.5992,1.7324,1.4921,1.4452,1.5318,1.6274,1.6043,1.4992,1.4177,1.3852,1.3577,1.3031,1.2308,1.1556,1.0869,1.0284,0.9798,0.9391,0.904,0.8729,0.8446,0.8185,0.7945,0.7731,0.7549,0.7404,0.7301,0.7238,1.0944,1.1033,1.1124,1.1209,1.1274,1.129,1.122,1.1331,1.3576,1.5392,1.4081,1.4324,1.6273,1.9111,1.8107,1.552,1.4206,1.4351,1.414,1.285,1.1572,1.0613,0.9932,0.9445,0.9074,0.8767,0.8491,0.8232,0.7979,0.773,0.7489,0.7269,0.7082,0.6941,0.6854,0.6817,1.0753,1.0813,1.0869,1.0912,1.0922,1.0853,1.0605,1.0158,1.0788,1.2105,1.2687,1.3836,1.558,1.9976,1.8756,1.4969,1.38,1.5847,1.575,1.2735,1.0666,0.9482,0.8857,0.8526,0.8309,0.8121,0.7928,0.7719,0.7491,0.7242,0.6983,0.6738,0.6533,0.6392,0.6325,0.6326,1.0559,1.0592,1.0618,1.0629,1.0615,1.0557,1.0433,1.0286,1.0389,1.0613,1.1181,1.357,1.4452,1.3787,1.4109,1.2684,1.1956,1.3701,1.3763,1.1066,0.8882,0.7794,0.7509,0.7512,0.7525,0.7478,0.737,0.7209,0.6994,0.6725,0.6417,0.6113,0.5866,0.572,0.5686,0.5748,1.0364,1.0372,1.0368,1.0349,1.0309,1.024,1.0137,0.9973,0.9562,0.8633,0.7956,0.9083,1.0272,0.8524,1.0983,1.0279,0.9365,1.0215,0.9929,0.7993,0.5782,0.5249,0.5886,0.6481,0.6784,0.6874,0.684,0.6721,0.6509,0.6185,0.5771,0.5347,0.502,0.4868,0.4897,0.5062,1.0171,1.0154,1.0121,1.0067,0.9982,0.9848,0.9624,0.9189,0.8221,0.606,0.2226,0.4304,0.6444,0.854,0.915,0.9174,0.9031,0.8555,0.7426,0.5085,0.1608,0.2201,0.4431,0.5665,0.6181,0.6339,0.6347,0.6275,0.6063,0.5638,0.5016,0.4357,0.3889,0.3751,0.3914,0.4258,0.9984,0.9943,0.9882,0.9792,0.9658,0.9453,0.9119,0.8533,0.7448,0.5438,0.2653,0.4283,0.5773,0.6088,0.7151,0.7353,0.7285,0.6461,0.5402,0.4113,0.1036,0.178,0.408,0.53,0.576,0.5836,0.5849,0.5882,0.5714,0.5122,0.4113,0.301,0.2315,0.2273,0.2717,0.3358,0.9805,0.9744,0.9658,0.9539,0.937,0.9125,0.8757,0.8197,0.7364,0.628,0.5456,0.5612,0.5681,0.5503,0.466,0.402,0.4971,0.4411,0.3194,0.4283,0.3868,0.3853,0.4647,0.5279,0.5437,0.5187,0.5161,0.5546,0.557,0.4734,0.3058,0.1181,0.0189,0.045,0.1399,0.2463,0.964,0.9562,0.9458,0.932,0.9134,0.888,0.8533,0.8068,0.7485,0.6864,0.6387,0.6107,0.5689,0.4412,0.0088,-0.1647,0.2988,0.4252,0.4032,0.5259,0.5137,0.489,0.502,0.53,0.5193,0.4178,0.3962,0.5421,0.586,0.4676,0.2093,-0.0823,-0.2069,-0.1265,0.0307,0.179,0.9488,0.9399,0.9284,0.9137,0.8947,0.8704,0.8395,0.8017,0.7583,0.7134,0.671,0.626,0.553,0.3881,0.0562,-0.0408,0.2922,0.4851,0.6247,0.6808,0.5619,0.489,0.4768,0.5198,0.5511,0.4349,0.4045,0.683,0.7012,0.5217,0.1961,-0.1554,-0.29,-0.1835,-0.0026,0.1588,0.9353,0.9256,0.9135,0.8986,0.8801,0.8575,0.8303,0.7986,0.7632,0.7255,0.6852,0.6367,0.5662,0.4561,0.3266,0.2998,0.4053,0.5113,0.589,0.6003,0.4951,0.3655,0.3352,0.4551,0.6468,0.8729,1.2264,1.1617,0.9041,0.6325,0.3096,0.0009,-0.1334,-0.0744,0.0611,0.1941,0.9232,0.9131,0.9009,0.8862,0.8686,0.8478,0.8236,0.7961,0.7656,0.7323,0.6953,0.6515,0.5967,0.5313,0.4737,0.4571,0.4839,0.5176,0.5286,0.4827,0.3215,0.0569,-0.0099,0.2706,0.6599,1.1292,1.5758,1.3951,1.0274,0.7318,0.4636,0.2362,0.1152,0.1146,0.1822,0.2675,0.9126,0.9023,0.8902,0.876,0.8594,0.8402,0.8184,0.794,0.7671,0.7376,0.7049,0.6681,0.6269,0.5844,0.5495,0.5312,0.5275,0.5222,0.4927,0.4024,0.1847,-0.1684,-0.2618,0.1125,0.5639,0.9689,1.2305,1.1853,0.9777,0.7643,0.5719,0.414,0.3161,0.2868,0.3074,0.3519,0.9033,0.8931,0.8812,0.8676,0.852,0.8343,0.8145,0.7926,0.7687,0.7425,0.7142,0.6835,0.6513,0.6198,0.5925,0.5717,0.5542,0.5303,0.4836,0.3887,0.2151,-0.0019,-0.0449,0.1885,0.5042,0.7739,0.9359,0.9535,0.8689,0.7479,0.6254,0.5201,0.4469,0.4121,0.41,0.4289]}]