docs/data/wind_grid.json
{"header": {"la1":42.1,"la2":41.55,"lo1":12.1,"lo2":12.95,"nx":50,"ny":50,"dx":0.01735,"dy":0.01122,"parameterCategory":2,"parameterNumber":3,"parameterNumberName":"northward_wind","parameterUnit":"m.s-1"}, "data":
[rows 0 to 40 of 50, columns 0 to 49 of 50]
-1.998,-2.0563,-2.1201,-2.1753,-2.2012,-2.1798,-2.105,-1.9859,-1.84,-1.6856,-1.5365,-1.4009,-1.2823,-1.1813,-1.0967,-1.0266,-0.9691,-0.9221,-0.8841,-0.8537,-0.8297,-0.8107,-0.7952,-0.7815,-0.7681,-0.7537,-0.7377,-0.72,-0.7011,-0.6815,-0.6619,-0.6431,-0.6258,-0.6105,-0.5979,-0.588,-0.5808,-0.576,-0.5731,-0.5716,-0.5708,-0.5705,-0.5703,-0.5701,-0.5701,-0.5703,-0.5708,-0.5717,-0.5731,-0.575
-1.9978,-2.0493,-2.1078,-2.1595,-2.1834,-2.1604,-2.0843,-1.9639,-1.817,-1.662,-1.5127,-1.3774,-1.2596,-1.1598,-1.0767,-1.0083,-0.9525,-0.9072,-0.8709,-0.8422,-0.82,-0.803,-0.7895,-0.7774,-0.765,-0.7509,-0.7346,-0.7161,-0.6959,-0.6749,-0.654,-0.634,-0.6158,-0.6002,-0.5875,-0.5781,-0.5718,-0.5682,-0.5666,-0.5662,-0.5664,-0.5666,-0.5667,-0.5666,-0.5664,-0.5664,-0.5667,-0.5675,-0.5688,-0.5707
-1.9954,-2.0358,-2.084,-2.1274,-2.1458,-2.1201,-2.044,-1.9252,-1.7807,-1.6283,-1.4816,-1.3487,-1.2333,-1.1359,-1.0552,-0.9891,-0.9354,-0.8922,-0.8579,-0.8312,-0.8111,-0.7963,-0.785,-0.7747,-0.7633,-0.7493,-0.7323,-0.7125,-0.6908,-0.6682,-0.6457,-0.6244,-0.6053,-0.5892,-0.5767,-0.568,-0.5629,-0.5608,-0.5608,-0.5619,-0.5631,-0.564,-0.5642,-0.564,-0.5635,-0.5631,-0.563,-0.5635,-0.5647,-0.5665
-1.9942,-2.0198,-2.053,-2.0836,-2.0928,-2.0632,-1.9876,-1.8727,-1.7334,-1.5863,-1.4443,-1.3157,-1.204,-1.1099,-1.0323,-0.9691,-0.9182,-0.8774,-0.8454,-0.8209,-0.8032,-0.7909,-0.782,-0.7736,-0.7631,-0.7489,-0.7308,-0.7093,-0.6857,-0.6612,-0.6368,-0.614,-0.5939,-0.5774,-0.5652,-0.5575,-0.5541,-0.554,-0.5561,-0.5589,-0.5613,-0.5628,-0.563,-0.5624,-0.5613,-0.5603,-0.5598,-0.5598,-0.5607,-0.5624
-1.9987,-2.0067,-2.0211,-2.0347,-2.0317,-1.9962,-1.9211,-1.8109,-1.6783,-1.5382,-1.4025,-1.2793,-1.1723,-1.0824,-1.0085,-0.9488,-0.9009,-0.863,-0.8336,-0.8116,-0.7964,-0.787,-0.7808,-0.7744,-0.7645,-0.7496,-0.7298,-0.7063,-0.6804,-0.6535,-0.6272,-0.6027,-0.5815,-0.5646,-0.553,-0.5468,-0.5455,-0.5481,-0.5527,-0.5576,-0.5614,-0.5633,-0.5633,-0.562,-0.5601,-0.5582,-0.5569,-0.5564,-0.557,-0.5584
-2.0133,-2.0019,-1.9948,-1.9883,-1.9702,-1.9266,-1.8506,-1.7446,-1.6191,-1.4864,-1.3578,-1.2408,-1.1391,-1.0538,-0.9841,-0.9282,-0.8839,-0.8491,-0.8225,-0.8032,-0.7909,-0.7847,-0.7815,-0.7771,-0.7674,-0.7512,-0.7292,-0.703,-0.6745,-0.6451,-0.6164,-0.5901,-0.5677,-0.5507,-0.5399,-0.5356,-0.5371,-0.543,-0.5509,-0.5584,-0.5636,-0.5659,-0.5653,-0.5629,-0.5597,-0.5566,-0.5544,-0.5532,-0.5533,-0.5546
-2.0413,-2.01,-1.9796,-1.9506,-1.9149,-1.8609,-1.7818,-1.6785,-1.5589,-1.4335,-1.312,-1.2012,-1.105,-1.0246,-0.9594,-0.9075,-0.867,-0.8356,-0.8121,-0.7958,-0.7866,-0.7839,-0.7841,-0.7814,-0.7713,-0.753,-0.7282,-0.6991,-0.6676,-0.6354,-0.6043,-0.576,-0.5524,-0.5352,-0.5256,-0.5238,-0.529,-0.5391,-0.551,-0.5615,-0.5683,-0.5706,-0.569,-0.565,-0.5601,-0.5555,-0.5521,-0.5502,-0.5498,-0.5508
-2.0843,-2.0332,-1.9784,-1.9254,-1.8699,-1.803,-1.7184,-1.6157,-1.5006,-1.3814,-1.2663,-1.1616,-1.0709,-0.9953,-0.9345,-0.8869,-0.8503,-0.8225,-0.8023,-0.789,-0.7831,-0.784,-0.7876,-0.7863,-0.775,-0.754,-0.7261,-0.6939,-0.6593,-0.6242,-0.5904,-0.56,-0.5351,-0.5179,-0.5097,-0.511,-0.5208,-0.5361,-0.553,-0.5672,-0.5756,-0.5776,-0.5744,-0.5682,-0.5611,-0.5548,-0.55,-0.5472,-0.5462,-0.547
-2.1409,-2.0707,-1.9913,-1.9131,-1.8363,-1.7547,-1.6623,-1.5581,-1.4456,-1.3314,-1.222,-1.1229,-1.0372,-0.9663,-0.9097,-0.8662,-0.8336,-0.8096,-0.7926,-0.7824,-0.7795,-0.7839,-0.7903,-0.7898,-0.7767,-0.7528,-0.7219,-0.6867,-0.6492,-0.6111,-0.5744,-0.5416,-0.5153,-0.4982,-0.4918,-0.497,-0.5122,-0.5339,-0.5568,-0.5752,-0.5853,-0.5866,-0.5811,-0.5722,-0.5625,-0.5541,-0.5479,-0.5441,-0.5426,-0.5431
-2.2068,-2.1187,-2.0151,-1.9116,-1.8128,-1.7152,-1.6136,-1.5061,-1.3948,-1.2843,-1.1798,-1.0856,-1.0045,-0.9377,-0.8851,-0.8455,-0.8168,-0.7965,-0.7828,-0.7752,-0.7748,-0.7815,-0.7898,-0.7892,-0.7743,-0.748,-0.7147,-0.6771,-0.6368,-0.5956,-0.5558,-0.5203,-0.4925,-0.4753,-0.4712,-0.4807,-0.5025,-0.5318,-0.5618,-0.585,-0.5968,-0.5968,-0.5886,-0.5763,-0.5638,-0.5531,-0.5454,-0.5407,-0.5388,-0.5391
-2.2751,-2.1708,-2.0445,-1.9167,-1.7964,-1.6826,-1.5711,-1.4594,-1.3483,-1.2407,-1.1403,-1.0503,-0.9732,-0.91,-0.8608,-0.8247,-0.7998,-0.7831,-0.7724,-0.767,-0.7678,-0.775,-0.7832,-0.7818,-0.7658,-0.7386,-0.7041,-0.6646,-0.6218,-0.5773,-0.5341,-0.4956,-0.4658,-0.4486,-0.4467,-0.4613,-0.4904,-0.5285,-0.5666,-0.5952,-0.6086,-0.6072,-0.5956,-0.5798,-0.5642,-0.5514,-0.5423,-0.5368,-0.5346,-0.535
-2.3368,-2.219,-2.0728,-1.9231,-1.7832,-1.6542,-1.5331,-1.4171,-1.3057,-1.2004,-1.1036,-1.0174,-0.9437,-0.8835,-0.8371,-0.804,-0.7825,-0.7694,-0.7616,-0.7575,-0.7582,-0.7638,-0.7699,-0.7673,-0.7514,-0.7247,-0.6901,-0.6494,-0.604,-0.5561,-0.5089,-0.4667,-0.4345,-0.4167,-0.4171,-0.4371,-0.4743,-0.5219,-0.5689,-0.6035,-0.6187,-0.6156,-0.6007,-0.5815,-0.5631,-0.5485,-0.5383,-0.5324,-0.53,-0.5306
-2.3828,-2.2549,-2.093,-1.9256,-1.7691,-1.6272,-1.4979,-1.3781,-1.2665,-1.1634,-1.0699,-0.9873,-0.9165,-0.8587,-0.8143,-0.7836,-0.7652,-0.7556,-0.7505,-0.7473,-0.7467,-0.7492,-0.7519,-0.7478,-0.7329,-0.7078,-0.6737,-0.6319,-0.5836,-0.5316,-0.4795,-0.4328,-0.3972,-0.3785,-0.3809,-0.4061,-0.4517,-0.5094,-0.5658,-0.6066,-0.624,-0.6197,-0.6021,-0.58,-0.5597,-0.5438,-0.533,-0.527,-0.525,-0.5259
-2.4057,-2.2714,-2.0991,-1.9192,-1.7506,-1.5991,-1.4636,-1.3413,-1.2302,-1.1296,-1.0394,-0.9601,-0.8921,-0.8362,-0.7931,-0.7639,-0.7482,-0.7422,-0.7399,-0.7372,-0.7347,-0.7337,-0.7328,-0.7275,-0.7137,-0.6899,-0.6561,-0.6125,-0.5607,-0.5035,-0.4454,-0.3928,-0.3528,-0.3321,-0.3359,-0.3662,-0.42,-0.4877,-0.5535,-0.6009,-0.621,-0.6166,-0.5976,-0.5743,-0.553,-0.5369,-0.5263,-0.5208,-0.5193,-0.5209
-2.4006,-2.264,-2.0873,-1.9009,-1.7252,-1.5679,-1.4289,-1.3058,-1.1962,-1.0986,-1.0121,-0.9363,-0.871,-0.8167,-0.7745,-0.746,-0.7324,-0.73,-0.7305,-0.7281,-0.7235,-0.7195,-0.7161,-0.7099,-0.6966,-0.6732,-0.6384,-0.5921,-0.5355,-0.4716,-0.4059,-0.3456,-0.2995,-0.2755,-0.2798,-0.3146,-0.3761,-0.4532,-0.528,-0.5823,-0.6065,-0.6039,-0.5858,-0.563,-0.5426,-0.5274,-0.5179,-0.5135,-0.5131,-0.5157
-2.3667,-2.2316,-2.0559,-1.869,-1.6915,-1.5325,-1.393,-1.271,-1.1641,-1.0702,-0.9878,-0.9158,-0.8536,-0.8011,-0.7595,-0.7313,-0.719,-0.7199,-0.7231,-0.7205,-0.7138,-0.7078,-0.7034,-0.697,-0.6833,-0.6588,-0.6216,-0.5711,-0.508,-0.4356,-0.3599,-0.2898,-0.2354,-0.2065,-0.2102,-0.2486,-0.3171,-0.4029,-0.4864,-0.548,-0.5779,-0.5798,-0.5653,-0.5457,-0.528,-0.5152,-0.5079,-0.5053,-0.5064,-0.5103
-2.3069,-2.176,-2.006,-1.8238,-1.6495,-1.4926,-1.3554,-1.2365,-1.1335,-1.0441,-0.9664,-0.8987,-0.84,-0.79,-0.7495,-0.7216,-0.7101,-0.7133,-0.7181,-0.7145,-0.706,-0.6991,-0.6953,-0.689,-0.6741,-0.6472,-0.6061,-0.5496,-0.4782,-0.395,-0.3067,-0.2237,-0.1583,-0.1224,-0.1241,-0.1655,-0.2406,-0.3349,-0.427,-0.4969,-0.5346,-0.544,-0.5362,-0.5224,-0.5095,-0.5006,-0.4963,-0.4962,-0.4993,-0.5048
-2.2263,-2.1016,-1.9407,-1.7673,-1.6,-1.4486,-1.3162,-1.2021,-1.1042,-1.0201,-0.9475,-0.8847,-0.8302,-0.7834,-0.745,-0.7181,-0.7073,-0.711,-0.7154,-0.7101,-0.7001,-0.6936,-0.6913,-0.685,-0.6682,-0.6379,-0.5917,-0.5278,-0.4461,-0.3494,-0.2453,-0.1458,-0.066,-0.0205,-0.019,-0.0632,-0.1453,-0.2485,-0.3501,-0.4297,-0.4777,-0.4975,-0.4994,-0.4938,-0.4875,-0.4838,-0.4835,-0.4865,-0.4921,-0.4994
-2.1315,-2.0141,-1.8643,-1.7022,-1.5447,-1.4013,-1.2757,-1.1678,-1.0759,-0.9976,-0.9307,-0.8733,-0.8235,-0.7808,-0.7457,-0.7209,-0.7106,-0.7127,-0.7143,-0.7069,-0.6964,-0.691,-0.6901,-0.6833,-0.6642,-0.63,-0.5779,-0.5054,-0.4114,-0.2985,-0.1747,-0.0543,0.0439,0.1017,0.1075,0.0598,-0.0309,-0.1449,-0.2578,-0.3494,-0.4101,-0.4427,-0.4565,-0.4611,-0.4629,-0.4655,-0.47,-0.4766,-0.4849,-0.4943
-2.0287,-1.9191,-1.7811,-1.6318,-1.4857,-1.352,-1.2345,-1.1337,-1.0483,-0.9763,-0.9155,-0.8636,-0.8191,-0.781,-0.7498,-0.7277,-0.7175,-0.7163,-0.7139,-0.7051,-0.6951,-0.6905,-0.6898,-0.6817,-0.6604,-0.6225,-0.5643,-0.4823,-0.3743,-0.2422,-0.0946,0.0516,0.1729,0.2461,0.2564,0.2034,0.1009,-0.0271,-0.1543,-0.2601,-0.3356,-0.3829,-0.4101,-0.4261,-0.437,-0.4466,-0.4564,-0.4669,-0.4782,-0.4898
-1.9234,-1.8215,-1.6954,-1.5591,-1.4251,-1.3017,-1.193,-1.0999,-1.0214,-0.9559,-0.9011,-0.855,-0.8159,-0.7826,-0.7555,-0.7359,-0.725,-0.7201,-0.714,-0.7043,-0.6954,-0.691,-0.6888,-0.6793,-0.6562,-0.6149,-0.5506,-0.4584,-0.3349,-0.181,-0.0055,0.1717,0.3212,0.4126,0.4269,0.3651,0.2464,0.1001,-0.0446,-0.1671,-0.2587,-0.3216,-0.3629,-0.3907,-0.4111,-0.428,-0.4433,-0.458,-0.4722,-0.486
-1.82,-1.7254,-1.6104,-1.4866,-1.3646,-1.2516,-1.1519,-1.0665,-0.995,-0.9359,-0.8872,-0.8467,-0.8129,-0.7844,-0.761,-0.7433,-0.7315,-0.7232,-0.7143,-0.7041,-0.6962,-0.6918,-0.6876,-0.6767,-0.6519,-0.6072,-0.5366,-0.4339,-0.2942,-0.1165,0.0904,0.3036,0.4859,0.5976,0.6143,0.5392,0.3991,0.2302,0.0651,-0.0755,-0.1839,-0.2622,-0.3174,-0.3568,-0.3866,-0.4108,-0.4316,-0.4502,-0.4674,-0.4834
-1.7213,-1.6335,-1.5288,-1.4165,-1.3057,-1.2028,-1.1117,-1.0338,-0.969,-0.9161,-0.8731,-0.8382,-0.8095,-0.7854,-0.7654,-0.7493,-0.7368,-0.7259,-0.7148,-0.7041,-0.6967,-0.6934,-0.6887,-0.6757,-0.6482,-0.5996,-0.5225,-0.4095,-0.2535,-0.0514,0.1888,0.441,0.6592,0.792,0.8087,0.7157,0.5497,0.3554,0.1686,0.0096,-0.1151,-0.208,-0.276,-0.3264,-0.3649,-0.3959,-0.4218,-0.4443,-0.4642,-0.4821
-1.6292,-1.5476,-1.452,-1.3502,-1.2496,-1.1559,-1.0728,-1.0019,-0.9433,-0.8962,-0.8587,-0.8291,-0.8052,-0.7855,-0.7688,-0.7543,-0.7413,-0.7288,-0.7158,-0.7041,-0.6969,-0.6955,-0.6917,-0.6764,-0.6453,-0.592,-0.5087,-0.3861,-0.2149,0.0102,0.2826,0.5735,0.8274,0.98,0.9938,0.8801,0.6868,0.467,0.2594,0.0835,-0.0557,-0.1616,-0.2409,-0.3008,-0.3472,-0.3842,-0.4148,-0.4406,-0.463,-0.4826
-1.5447,-1.4686,-1.3811,-1.2885,-1.197,-1.1116,-1.0357,-0.971,-0.918,-0.8761,-0.8438,-0.8192,-0.8001,-0.7847,-0.7714,-0.7589,-0.746,-0.7322,-0.7177,-0.7047,-0.6971,-0.6966,-0.6935,-0.6764,-0.6418,-0.5843,-0.4954,-0.3646,-0.181,0.0631,0.3627,0.6865,0.9708,1.1394,1.1485,1.0151,0.7976,0.5564,0.3318,0.1423,-0.0087,-0.125,-0.2137,-0.2816,-0.3345,-0.3766,-0.411,-0.4397,-0.464,-0.4849
-1.468,-1.397,-1.3166,-1.2321,-1.1485,-1.0704,-1.0007,-0.9413,-0.8931,-0.8557,-0.8281,-0.8084,-0.7941,-0.7832,-0.7736,-0.7636,-0.7515,-0.7369,-0.7209,-0.7063,-0.6975,-0.6957,-0.6917,-0.6736,-0.6366,-0.5758,-0.4828,-0.3464,-0.1545,0.1021,0.4192,0.7645,1.0684,1.2464,1.2511,1.1041,0.8711,0.6166,0.3815,0.183,0.024,-0.0999,-0.1956,-0.2697,-0.3277,-0.3738,-0.4112,-0.442,-0.4677,-0.4895
-1.3991,-1.3327,-1.2585,-1.181,-1.1043,-1.0324,-0.968,-0.9131,-0.8687,-0.8352,-0.8117,-0.7967,-0.7875,-0.7814,-0.7761,-0.7691,-0.7583,-0.7432,-0.7257,-0.7094,-0.6985,-0.6938,-0.6872,-0.6678,-0.6295,-0.5668,-0.4716,-0.3327,-0.1377,0.1228,0.4449,0.7957,1.104,1.2835,1.2864,1.1362,0.9002,0.6433,0.4057,0.2041,0.0411,-0.0874,-0.1876,-0.2659,-0.3274,-0.3763,-0.4157,-0.4478,-0.4743,-0.4964
-1.3376,-1.2754,-1.2068,-1.1353,-1.0646,-0.998,-0.938,-0.8866,-0.8451,-0.8144,-0.7944,-0.784,-0.7802,-0.7797,-0.7794,-0.776,-0.7667,-0.751,-0.732,-0.714,-0.7006,-0.692,-0.6817,-0.6605,-0.6213,-0.558,-0.4626,-0.3246,-0.132,0.1234,0.4371,0.7764,1.0733,1.2464,1.2512,1.1092,0.8836,0.6355,0.4037,0.2048,0.042,-0.0878,-0.1902,-0.2707,-0.3341,-0.3845,-0.4248,-0.4574,-0.4839,-0.5058
-1.2832,-1.2248,-1.161,-1.0949,-1.0294,-0.9673,-0.911,-0.8622,-0.8226,-0.7936,-0.7761,-0.7699,-0.7722,-0.7784,-0.7838,-0.7843,-0.7763,-0.7599,-0.7394,-0.7197,-0.7038,-0.6913,-0.6772,-0.6536,-0.6136,-0.5506,-0.4569,-0.3227,-0.1377,0.1047,0.3983,0.7121,0.985,1.1456,1.1548,1.03,0.8254,0.5957,0.3767,0.1856,0.0269,-0.1015,-0.2036,-0.2844,-0.3483,-0.3988,-0.4389,-0.471,-0.4968,-0.5178
-1.2351,-1.1803,-1.1209,-1.0596,-0.9986,-0.9405,-0.8872,-0.8405,-0.8019,-0.7733,-0.7568,-0.754,-0.763,-0.7773,-0.7894,-0.7935,-0.786,-0.7685,-0.7468,-0.7259,-0.708,-0.6923,-0.6746,-0.6487,-0.608,-0.546,-0.4553,-0.3274,-0.1538,0.0696,0.3354,0.615,0.8562,1.0003,1.0147,0.9116,0.7342,0.5286,0.3276,0.1482,-0.0036,-0.1279,-0.2279,-0.3072,-0.3699,-0.4192,-0.458,-0.4886,-0.513,-0.5325
-1.1928,-1.1413,-1.086,-1.029,-0.9722,-0.9177,-0.8671,-0.822,-0.7838,-0.7547,-0.7376,-0.7365,-0.752,-0.7757,-0.7949,-0.8016,-0.7938,-0.7753,-0.7531,-0.732,-0.7131,-0.6952,-0.6748,-0.6469,-0.6057,-0.545,-0.4583,-0.3383,-0.1787,0.0225,0.2568,0.4988,0.7058,0.8316,0.8501,0.7688,0.6198,0.4406,0.2599,0.0945,-0.0481,-0.1666,-0.2626,-0.339,-0.399,-0.4458,-0.4822,-0.5104,-0.5325,-0.5498
-1.1557,-1.1074,-1.0559,-1.0027,-0.9498,-0.8987,-0.8507,-0.8072,-0.7695,-0.7393,-0.7205,-0.7191,-0.7395,-0.7723,-0.7973,-0.8053,-0.7971,-0.7788,-0.7576,-0.7374,-0.7188,-0.7,-0.678,-0.6487,-0.6072,-0.5482,-0.466,-0.3547,-0.2101,-0.0321,0.1704,0.3756,0.5496,0.6571,0.6775,0.6147,0.4918,0.3379,0.1777,0.0271,-0.1054,-0.2168,-0.3075,-0.3795,-0.4356,-0.4786,-0.5113,-0.5362,-0.5551,-0.5697
-1.1233,-1.078,-1.03,-0.9806,-0.9313,-0.8834,-0.8382,-0.7966,-0.7598,-0.7293,-0.709,-0.7063,-0.7287,-0.7662,-0.794,-0.8024,-0.7952,-0.7789,-0.7601,-0.7423,-0.7253,-0.7069,-0.6843,-0.6542,-0.6127,-0.5555,-0.478,-0.3756,-0.2459,-0.0903,0.0825,0.2542,0.3983,0.4882,0.5081,0.4594,0.3581,0.2264,0.0848,-0.0516,-0.1737,-0.2775,-0.362,-0.4284,-0.4792,-0.5172,-0.5453,-0.5658,-0.5808,-0.5919
-1.0951,-1.0526,-1.0079,-0.962,-0.9162,-0.8716,-0.8293,-0.7902,-0.7551,-0.7258,-0.7058,-0.7028,-0.7241,-0.7597,-0.7859,-0.7945,-0.7893,-0.7764,-0.7613,-0.7471,-0.7329,-0.7161,-0.6938,-0.6633,-0.622,-0.5665,-0.4934,-0.3997,-0.2841,-0.1491,-0.0028,0.1397,0.2577,0.3315,0.3488,0.3094,0.2244,0.1106,-0.0152,-0.1391,-0.2516,-0.3476,-0.4251,-0.485,-0.5295,-0.5614,-0.5836,-0.5989,-0.6092,-0.6162
-1.0705,-1.0308,-0.9891,-0.9466,-0.9042,-0.8629,-0.8237,-0.7875,-0.7552,-0.7284,-0.7108,-0.7087,-0.7268,-0.7556,-0.7773,-0.7853,-0.7824,-0.7732,-0.7625,-0.7527,-0.7424,-0.7279,-0.7063,-0.6755,-0.6342,-0.5803,-0.5114,-0.4257,-0.323,-0.2062,-0.0828,0.0347,0.1306,0.1897,0.2027,0.1685,0.0948,-0.006,-0.1195,-0.2332,-0.3373,-0.4258,-0.4961,-0.5487,-0.5858,-0.6104,-0.6259,-0.635,-0.64,-0.6423
-1.049,-1.0119,-0.9733,-0.9339,-0.8948,-0.8568,-0.8209,-0.7879,-0.7588,-0.7355,-0.721,-0.7198,-0.7336,-0.7546,-0.7709,-0.7777,-0.7764,-0.7707,-0.7646,-0.7599,-0.754,-0.7422,-0.7211,-0.69,-0.6485,-0.5959,-0.5309,-0.4525,-0.3612,-0.2604,-0.1565,-0.0598,0.0173,0.0633,0.0708,0.0384,-0.0286,-0.1206,-0.2256,-0.3317,-0.429,-0.5107,-0.5738,-0.6184,-0.6471,-0.6636,-0.6714,-0.6736,-0.6725,-0.6698
-1.0303,-0.9958,-0.9599,-0.9235,-0.8875,-0.8528,-0.8201,-0.7903,-0.7647,-0.7447,-0.7329,-0.7319,-0.7415,-0.7558,-0.7672,-0.7725,-0.7724,-0.7698,-0.7682,-0.7688,-0.7674,-0.758,-0.7371,-0.7053,-0.6636,-0.6122,-0.5506,-0.4788,-0.3978,-0.3106,-0.2232,-0.1441,-0.0828,-0.0485,-0.0472,-0.0803,-0.1443,-0.2315,-0.3314,-0.4327,-0.5249,-0.6007,-0.6566,-0.6927,-0.7124,-0.7198,-0.7192,-0.7139,-0.7064,-0.6982
-1.0141,-0.9818,-0.9486,-0.9151,-0.882,-0.8503,-0.8207,-0.7941,-0.7715,-0.7544,-0.7445,-0.743,-0.7489,-0.758,-0.7657,-0.7696,-0.7703,-0.7704,-0.773,-0.7784,-0.781,-0.7734,-0.7524,-0.7198,-0.6779,-0.6278,-0.5697,-0.504,-0.4319,-0.3566,-0.2832,-0.2186,-0.1708,-0.147,-0.1522,-0.1879,-0.2517,-0.3372,-0.435,-0.5339,-0.6229,-0.6937,-0.7425,-0.7699,-0.7799,-0.7777,-0.7681,-0.7549,-0.7407,-0.7269
-0.9999,-0.9698,-0.939,-0.9081,-0.8779,-0.8489,-0.8222,-0.7983,-0.7784,-0.7635,-0.7547,-0.7524,-0.7553,-0.7606,-0.7654,-0.7682,-0.7696,-0.7718,-0.7777,-0.7867,-0.7921,-0.7856,-0.7646,-0.7318,-0.6903,-0.6419,-0.5873,-0.5272,-0.4632,-0.3981,-0.3366,-0.2844,-0.2481,-0.2336,-0.2453,-0.2848,-0.3503,-0.4366,-0.5347,-0.6332,-0.7204,-0.7871,-0.8292,-0.8478,-0.8479,-0.8358,-0.817,-0.7958,-0.7748,-0.7554
-0.9874,-0.9594,-0.9309,-0.9025,-0.8747,-0.8483,-0.8241,-0.8027,-0.7849,-0.7716,-0.7633,-0.76,-0.7607,-0.7633,-0.766,-0.7678,-0.7695,-0.7732,-0.7809,-0.7916,-0.7983,-0.7925,-0.7721,-0.74,-0.6999,-0.6538,-0.6029,-0.5483,-0.4915,-0.4354,-0.3841,-0.3424,-0.3159,-0.3097,-0.3276,-0.3714,-0.4399,-0.5284,-0.6284,-0.728,-0.8145,-0.8779,-0.9136,-0.9237,-0.914,-0.8921,-0.8644,-0.8354,-0.8078,-0.7829
-0.9765,-0.9504,-0.924,-0.8977,-0.8723,-0.8482,-0.8261,-0.8067,-0.7906,-0.7784,-0.7704,-0.7663,-0.7652,-0.7658,-0.7668,-0.7678,-0.7696,-0.7738,-0.7819,-0.7923,-0.7986,-0.7933,-0.7742,-0.744,-0.7062,-0.6631,-0.6162,-0.5669,-0.5168,-0.4687,-0.4261,-0.3933,-0.3753,-0.3763,-0.4001,-0.4483,-0.5202,-0.6117,-0.7141,-0.8155,-0.902,-0.9626,-0.9926,-0.9946,-0.9759,-0.9449,-0.9088,-0.8725,-0.8388,-0.809
