docs/data/wind_grid.json
[{"header":{"la1":42.85,"la2":41.18,"lo1":11.55,"lo2":14.05,"nx":36,"ny":24,"dx":0.07143,"dy":0.07261,"parameterCategory":2,"parameterNumber":2,"parameterNumberName":"eastward_wind","parameterUnit":"m.s-1"},"data":[-0.2857,-0.2973,-0.31,-0.3235,-0.3373,-0.3501,-0.3607,-0.3674,-0.3695,-0.3677,-0.364,-0.3611,-0.3614,-0.3666,-0.3769,-0.3915,-0.4084,-0.4245,-0.4367,-0.4423,-0.4407,-0.4326,-0.42,-0.405,-0.3891,-0.3735,-0.3588,-0.3453,-0.3331,-0.3221,-0.3123,-0.3036,-0.2957,-0.2887,-0.2824,-0.2768,-0.2886,-0.3022,-0.3177,-0.335,-0.3535,-0.3717,-0.387,-0.3965,-0.3978,-0.3917,-0.3818,-0.3731,-0.3701,-0.3751,-0.3886,-0.4094,-0.4347,-0.4594,-0.4779,-0.4856,-0.4814,-0.4677,-0.4483,-0.4267,-0.4054,-0.3854,-0.3675,-0.3515,-0.3375,-0.3252,-0.3144,-0.3049,-0.2965,-0.2891,-0.2825,-0.2766,-0.2905,-0.3062,-0.325,-0.3472,-0.3725,-0.3995,-0.4241,-0.4398,-0.4406,-0.4266,-0.4051,-0.3861,-0.377,-0.3811,-0.399,-0.4293,-0.468,-0.5074,-0.5366,-0.5467,-0.5365,-0.5121,-0.4815,-0.4505,-0.422,-0.3969,-0.3752,-0.3567,-0.3409,-0.3273,-0.3156,-0.3055,-0.2967,-0.289,-0.2821,-0.2761,-0.291,-0.3087,-0.3308,-0.3586,-0.3933,-0.4343,-0.4765,-0.507,-0.5093,-0.48,-0.4361,-0.399,-0.38,-0.3824,-0.406,-0.4498,-0.5099,-0.575,-0.6237,-0.636,-0.6116,-0.5671,-0.5188,-0.4748,-0.4376,-0.4068,-0.3814,-0.3604,-0.3429,-0.3283,-0.3159,-0.3053,-0.2962,-0.2882,-0.2813,-0.2751,-0.2893,-0.3085,-0.3333,-0.3665,-0.4118,-0.4728,-0.5473,-0.613,-0.6242,-0.5628,-0.4749,-0.4077,-0.3751,-0.3754,-0.406,-0.4672,-0.5589,-0.6687,-0.7547,-0.7668,-0.7099,-0.6295,-0.5556,-0.4962,-0.4498,-0.4135,-0.3849,-0.3619,-0.3432,-0.3278,-0.315,-0.3042,-0.2949,-0.2868,-0.2798,-0.2737,-0.2852,-0.3047,-0.3306,-0.3669,-0.4204,-0.5025,-0.6247,-0.7652,-0.8072,-0.6764,-0.5093,-0.4026,-0.3568,-0.3563,-0.3941,-0.4727,-0.6016,-0.7786,-0.9319,-0.9363,-0.8166,-0.6847,-0.5828,-0.5094,-0.4558,-0.4157,-0.3849,-0.3608,-0.3415,-0.3259,-0.3129,-0.3021,-0.2928,-0.2848,-0.2779,-0.2718,-0.2786,-0.2971,-0.3216,-0.3563,-0.4095,-0.4982,-0.6533,-0.8826,-0.9801,-0.746,-0.497,-0.3674,-0.3195,-0.3222,-0.3659,-0.4548,-0.606,-0.8353,-1.0578,-1.0507,-0.8704,-0.7039,-0.5885,-0.5096,-0.4536,-0.4123,-0.381,-0.3568,-0.3377,-0.3223,-0.3097,-0.2991,-0.29,-0.2822,-0.2754,-0.2694,-0.2698,-0.2862,-0.3073,-0.3356,-0.3769,-0.4437,-0.5608,-0.739,-0.8062,-0.595,-0.392,-0.2943,-0.2626,-0.2734,-0.3216,-0.4112,-0.5522,-0.7507,-0.9388,-0.9448,-0.8066,-0.6697,-0.5686,-0.496,-0.4428,-0.4031,-0.3731,-0.35,-0.3319,-0.3174,-0.3054,-0.2953,-0.2866,-0.279,-0.2724,-0.2666,-0.2597,-0.2738,-0.2907,-0.311,-0.3356,-0.3658,-0.4016,-0.4294,-0.3962,-0.3006,-0.2316,-0.2004,-0.1936,-0.2129,-0.2658,-0.3574,-0.4831,-0.6225,-0.7305,-0.751,-0.6929,-0.6106,-0.5347,-0.473,-0.4253,-0.3891,-0.3617,-0.3408,-0.3245,-0.3113,-0.3004,-0.2909,-0.2827,-0.2754,-0.269,-0.2633,-0.2492,-0.2615,-0.2756,-0.2908,-0.3051,-0.3124,-0.2979,-0.2318,-0.0999,-0.0325,-0.083,-0.1145,-0.1229,-0.1425,-0.2007,-0.3107,-0.4588,-0.5994,-0.6799,-0.6848,-0.6374,-0.5691,-0.5022,-0.4463,-0.4032,-0.3713,-0.3477,-0.33,-0.3162,-0.3048,-0.295,-0.2863,-0.2784,-0.2713,-0.265,-0.2595,-0.2386,-0.2501,-0.2636,-0.279,-0.2953,-0.3076,-0.2988,-0.2074,0.0911,0.228,0.0106,-0.0566,-0.0555,-0.0568,-0.1179,-0.2738,-0.5123,-0.7504,-0.8423,-0.7748,-0.6582,-0.5537,-0.4739,-0.4168,-0.3773,-0.3505,-0.332,-0.3186,-0.308,-0.2987,-0.29,-0.2817,-0.2739,-0.2668,-0.2605,-0.2551,-0.2278,-0.239,-0.2535,-0.2728,-0.2999,-0.3393,-0.3938,-0.4127,-0.1491,0.0658,-0.0171,-0.0271,0.0027,0.0476,-0.0135,-0.2452,-0.6679,-1.2083,-1.3095,-0.9907,-0.7106,-0.5384,-0.4377,-0.3795,-0.3463,-0.3273,-0.3161,-0.3082,-0.3013,-0.2939,-0.2859,-0.2774,-0.2691,-0.2615,-0.2551,-0.2498,-0.2162,-0.227,-0.242,-0.2643,-0.3001,-0.3614,-0.4678,-0.5983,-0.4637,-0.1798,-0.0541,-0.0051,0.0255,0.0802,0.0308,-0.2571,-0.8396,-1.9555,-1.9726,-1.1514,-0.6952,-0.477,-0.3743,-0.3282,-0.3095,-0.3036,-0.3024,-0.3014,-0.2982,-0.292,-0.2833,-0.2734,-0.2636,-0.255,-0.2481,-0.243,-0.2033,-0.2126,-0.2262,-0.247,-0.2806,-0.336,-0.4214,-0.5101,-0.4215,-0.1701,-0.0235,0.014,0.0218,0.0856,-0.0311,-0.3515,-0.7929,-1.4245,-1.4943,-0.9043,-0.5106,-0.3317,-0.2715,-0.2616,-0.27,-0.2836,-0.2957,-0.3022,-0.3016,-0.2945,-0.2827,-0.2691,-0.2562,-0.2458,-0.2386,-0.2342,-0.1889,-0.1957,-0.2056,-0.2202,-0.2421,-0.2727,-0.3061,-0.3092,-0.2137,-0.0453,0.0695,0.0907,0.1015,0.1889,-0.0492,-0.5961,-1.0695,-0.8255,-0.7094,-0.437,-0.1771,-0.1012,-0.1377,-0.1898,-0.237,-0.2761,-0.3034,-0.3163,-0.3153,-0.303,-0.2836,-0.2623,-0.2441,-0.2315,-0.2248,-0.2222,-0.1736,-0.1771,-0.1819,-0.1884,-0.1962,-0.202,-0.1963,-0.1577,-0.0633,0.0831,0.242,0.1965,0.1584,0.1117,-0.0438,-0.477,-0.8375,-0.5328,-0.3027,-0.0776,0.1874,0.1477,-0.0171,-0.1367,-0.2263,-0.2943,-0.3367,-0.3517,-0.3435,-0.3183,-0.2835,-0.2485,-0.2221,-0.208,-0.2042,-0.206,-0.158,-0.1581,-0.1579,-0.157,-0.1535,-0.1436,-0.12,-0.0722,0.0077,0.1186,0.2303,0.2019,0.2155,0.2271,0.0925,-0.0757,-0.1971,-0.1091,0.0123,0.0837,0.2431,0.1927,0.0203,-0.127,-0.2552,-0.356,-0.4101,-0.4168,-0.3898,-0.3399,-0.2775,-0.219,-0.1816,-0.17,-0.175,-0.1856,-0.1431,-0.1401,-0.1358,-0.1294,-0.1189,-0.1015,-0.073,-0.0293,0.0301,0.0974,0.1506,0.1789,0.2374,0.2679,0.326,0.3399,0.1799,0.1816,0.2674,0.1854,0.1542,0.107,-0.0045,-0.157,-0.3308,-0.4761,-0.5328,-0.5136,-0.455,-0.3669,-0.2598,-0.1633,-0.1145,-0.1156,-0.1389,-0.1635,-0.1294,-0.124,-0.1168,-0.1069,-0.0929,-0.073,-0.0451,-0.0083,0.0361,0.0829,0.126,0.1688,0.2295,0.3584,0.7768,0.945,0.4385,0.2688,0.2884,0.2996,0.2134,0.1128,-0.0095,-0.1895,-0.4243,-0.6226,-0.6638,-0.6199,-0.5352,-0.4022,-0.2359,-0.0892,-0.0334,-0.0592,-0.1069,-0.1462,-0.1173,-0.1103,-0.1012,-0.0895,-0.0742,-0.0542,-0.0286,0.0025,0.0381,0.0764,0.1168,0.1654,0.2416,0.4027,0.7274,0.82,0.4759,0.324,0.4144,0.4745,0.2979,0.1719,0.0412,-0.1725,-0.4615,-0.6727,-0.708,-0.7354,-0.6376,-0.457,-0.242,-0.0609,-0.0015,-0.04,-0.0977,-0.1419,-0.1071,-0.0989,-0.0889,-0.0764,-0.061,-0.0419,-0.0189,0.008,0.0383,0.0717,0.1095,0.1567,0.2249,0.3299,0.4532,0.4753,0.3748,0.3173,0.3606,0.3808,0.317,0.2879,0.2067,-0.051,-0.4334,-0.7975,-1.1006,-1.0257,-0.7747,-0.531,-0.3047,-0.132,-0.0646,-0.0804,-0.1199,-0.1536,-0.0986,-0.0899,-0.0794,-0.0669,-0.0519,-0.0342,-0.0135,0.0101,0.0365,0.0659,0.0995,0.1397,0.1901,0.2497,0.3012,0.3137,0.2903,0.2759,0.2913,0.317,0.3849,0.5588,0.5839,0.2098,-0.3344,-0.9063,-1.3468,-1.1831,-0.8427,-0.5801,-0.3782,-0.2353,-0.1634,-0.1487,-0.1598,-0.1756,-0.0917,-0.0828,-0.0724,-0.0602,-0.046,-0.0297,-0.0111,0.0097,0.0328,0.0583,0.0867,0.1188,0.1544,0.1905,0.2187,0.231,0.2313,0.2351,0.2559,0.3115,0.4647,0.7683,0.8563,0.4157,-0.1651,-0.6781,-0.9851,-0.9517,-0.7552,-0.5644,-0.4125,-0.3028,-0.2365,-0.2063,-0.1979,-0.1987,-0.0864,-0.0775,-0.0674,-0.0558,-0.0425,-0.0276,-0.011,0.0074,0.0274,0.0492,0.0727,0.0978,0.1237,0.148,0.1673,0.1797,0.1881,0.2003,0.2272,0.2884,0.4175,0.6004,0.6247,0.3406,-0.0633,-0.4174,-0.6322,-0.6742,-0.6042,-0.5012,-0.4043,-0.3271,-0.2734,-0.2411,-0.2242,-0.2165]},{"header":{"la1":42.85,"la2":41.18,"lo1":11.55,"lo2":14.05,"nx":36,"ny":24,"dx":0.07143,"dy":0.07261,"parameterCategory":2,"parameterNumber":3,"parameterNumberName":"northward_wind","parameterUnit":"m.s-1"},"data":[-0.6633,-0.6523,-0.6391,-0.6239,-0.6073,-0.5903,-0.5746,-0.5617,-0.5525,-0.5463,-0.5409,-0.5336,-0.5222,-0.5052,-0.4827,-0.4559,-0.4275,-0.401,-0.3804,-0.3687,-0.3666,-0.373,-0.3852,-0.4007,-0.4173,-0.4339,-0.4497,-0.4646,-0.4784,-0.4913,-0.5032,-0.5144,-0.5248,-0.5344,-0.5434,-0.5517,-0.6699,-0.6574,-0.6417,-0.6227,-0.601,-0.578,-0.5567,-0.5403,-0.5313,-0.5289,-0.5289,-0.5262,-0.5166,-0.4979,-0.47,-0.4343,-0.3946,-0.3569,-0.3282,-0.314,-0.3154,-0.3291,-0.3499,-0.3733,-0.3965,-0.4182,-0.4379,-0.4557,-0.4719,-0.4866,-0.5,-0.5124,-0.5238,-0.5344,-0.5442,-0.5531,-0.6785,-0.6646,-0.646,-0.6221,-0.5928,-0.5599,-0.5279,-0.5042,-0.4952,-0.5005,-0.5117,-0.5183,-0.5131,-0.4932,-0.4581,-0.4096,-0.3522,-0.2955,-0.2531,-0.2362,-0.2458,-0.2734,-0.3083,-0.3434,-0.3752,-0.403,-0.427,-0.4479,-0.4663,-0.4828,-0.4977,-0.5114,-0.5239,-0.5354,-0.546,-0.5556,-0.6899,-0.675,-0.6537,-0.6239,-0.5842,-0.535,-0.4824,-0.4416,-0.4307,-0.4525,-0.4869,-0.5112,-0.5142,-0.4936,-0.4497,-0.3833,-0.2982,-0.2081,-0.1405,-0.1213,-0.1502,-0.2043,-0.2621,-0.3131,-0.3553,-0.3896,-0.4178,-0.4416,-0.4622,-0.4803,-0.4967,-0.5115,-0.5252,-0.5376,-0.5489,-0.5592,-0.7047,-0.69,-0.667,-0.632,-0.5801,-0.5069,-0.4157,-0.3335,-0.3132,-0.3717,-0.454,-0.5086,-0.5235,-0.5027,-0.4491,-0.3607,-0.2348,-0.0858,0.0311,0.0491,-0.0242,-0.1262,-0.2169,-0.287,-0.3396,-0.3797,-0.4114,-0.4375,-0.4598,-0.4794,-0.497,-0.5131,-0.5278,-0.5412,-0.5534,-0.5643,-0.7237,-0.711,-0.689,-0.652,-0.5905,-0.4906,-0.3395,-0.1668,-0.1124,-0.2541,-0.4256,-0.5208,-0.5465,-0.5243,-0.4622,-0.3534,-0.1805,0.0586,0.2676,0.2743,0.1137,-0.0584,-0.1852,-0.2716,-0.3314,-0.3749,-0.4085,-0.4359,-0.4593,-0.4801,-0.499,-0.5163,-0.5321,-0.5465,-0.5596,-0.5711,-0.7467,-0.7385,-0.7216,-0.6894,-0.6296,-0.5194,-0.3214,-0.0329,0.0873,-0.1829,-0.4489,-0.5647,-0.5877,-0.56,-0.4933,-0.3772,-0.1802,0.1299,0.4391,0.4291,0.1803,-0.0404,-0.1831,-0.273,-0.3329,-0.3759,-0.4092,-0.4368,-0.4608,-0.4826,-0.5027,-0.5213,-0.5384,-0.5539,-0.5679,-0.5801,-0.7729,-0.7718,-0.7644,-0.7455,-0.7046,-0.6219,-0.4639,-0.2236,-0.1296,-0.3718,-0.5789,-0.6484,-0.645,-0.6063,-0.5399,-0.4351,-0.2652,-0.0032,0.2628,0.2719,0.0784,-0.0992,-0.2162,-0.2916,-0.3433,-0.3817,-0.4128,-0.4396,-0.464,-0.4868,-0.5082,-0.5284,-0.547,-0.5639,-0.5788,-0.5917,-0.8006,-0.8082,-0.8138,-0.8144,-0.805,-0.7773,-0.7237,-0.6626,-0.6717,-0.751,-0.7793,-0.7513,-0.7055,-0.6541,-0.5915,-0.5058,-0.3862,-0.2314,-0.0883,-0.0518,-0.1167,-0.2011,-0.269,-0.3194,-0.358,-0.3898,-0.4176,-0.4435,-0.4683,-0.4924,-0.5158,-0.538,-0.5586,-0.5771,-0.5932,-0.6066,-0.8273,-0.8441,-0.8633,-0.8851,-0.909,-0.9341,-0.9616,-1.0069,-1.0951,-1.1142,-0.9742,-0.8368,-0.7509,-0.6941,-0.6376,-0.564,-0.4746,-0.3824,-0.306,-0.266,-0.2659,-0.2881,-0.3165,-0.3445,-0.371,-0.3966,-0.4218,-0.4472,-0.4731,-0.4995,-0.5256,-0.5508,-0.5741,-0.5946,-0.6119,-0.6258,-0.8505,-0.8752,-0.9065,-0.9466,-0.9985,-1.0639,-1.1371,-1.2084,-1.3551,-1.4345,-1.1006,-0.8713,-0.7695,-0.7258,-0.6789,-0.6007,-0.5111,-0.4382,-0.3896,-0.3568,-0.3386,-0.3353,-0.3431,-0.3579,-0.377,-0.3989,-0.4231,-0.4495,-0.4779,-0.5079,-0.5384,-0.5679,-0.5949,-0.618,-0.6367,-0.6506,-0.8678,-0.8981,-0.9376,-0.9904,-1.0622,-1.1589,-1.2766,-1.3588,-1.342,-1.3132,-1.0479,-0.8461,-0.7671,-0.7667,-0.7261,-0.6137,-0.4979,-0.4277,-0.4011,-0.378,-0.356,-0.3441,-0.3446,-0.3554,-0.3729,-0.3947,-0.4201,-0.4492,-0.4821,-0.518,-0.5552,-0.5911,-0.6233,-0.6497,-0.6695,-0.6828,-0.878,-0.9107,-0.9535,-1.0108,-1.09,-1.2008,-1.35,-1.4892,-1.3875,-1.1539,-0.9384,-0.8028,-0.7507,-0.7768,-0.7367,-0.5717,-0.4323,-0.4004,-0.3971,-0.3659,-0.3347,-0.3174,-0.3196,-0.3354,-0.3574,-0.3826,-0.4112,-0.4452,-0.4852,-0.5303,-0.5778,-0.6235,-0.663,-0.6935,-0.7138,-0.7248,-0.8807,-0.9126,-0.9534,-1.0068,-1.078,-1.1732,-1.2925,-1.3982,-1.3149,-1.0577,-0.869,-0.7853,-0.756,-0.6133,-0.6017,-0.4012,-0.22,-0.3166,-0.3541,-0.3173,-0.2658,-0.244,-0.2632,-0.298,-0.3315,-0.362,-0.3947,-0.4351,-0.4859,-0.5456,-0.6094,-0.6702,-0.7203,-0.7552,-0.774,-0.7795,-0.8767,-0.9053,-0.9404,-0.9836,-1.0366,-1.0983,-1.1585,-1.179,-1.0935,-0.9372,-0.8272,-0.7654,-0.6422,-0.4163,-0.5018,-0.0518,0.445,-0.0642,-0.2566,-0.2189,-0.0996,-0.0869,-0.1715,-0.2494,-0.2985,-0.3314,-0.3657,-0.4143,-0.4816,-0.5648,-0.6553,-0.7399,-0.8052,-0.8435,-0.8561,-0.8501,-0.8676,-0.8915,-0.919,-0.9503,-0.984,-1.0154,-1.0328,-1.0154,-0.9485,-0.8593,-0.8078,-0.8023,-0.7585,-0.643,-0.5354,-0.1357,0.2235,-0.1161,-0.2613,-0.1112,0.231,0.1646,-0.0773,-0.2101,-0.263,-0.284,-0.3127,-0.3727,-0.4674,-0.5892,-0.7236,-0.8473,-0.9339,-0.971,-0.9667,-0.9387,-0.8553,-0.874,-0.8943,-0.9151,-0.9341,-0.9469,-0.9461,-0.9241,-0.8813,-0.8349,-0.8103,-0.82,-0.9527,-1.0061,-0.7028,-0.4756,-0.3442,-0.3935,-0.4174,-0.1895,0.2641,0.1788,-0.0881,-0.2065,-0.2209,-0.1969,-0.208,-0.2922,-0.4362,-0.6202,-0.8261,-1.0138,-1.1284,-1.1504,-1.1089,-1.0427,-0.8413,-0.8554,-0.8696,-0.8826,-0.8924,-0.8961,-0.8902,-0.8732,-0.8485,-0.8265,-0.8199,-0.8515,-0.9999,-1.0244,-0.7961,-0.6823,-0.5789,-0.5876,-0.6578,-0.4556,-0.2047,-0.1472,-0.2152,-0.2328,-0.152,-0.0215,-0.0021,-0.156,-0.3873,-0.6582,-0.9691,-1.2567,-1.4021,-1.3789,-1.27,-1.1494,-0.8268,-0.8371,-0.8467,-0.8545,-0.8591,-0.8589,-0.8526,-0.8406,-0.826,-0.8144,-0.8129,-0.8298,-0.8622,-0.8506,-0.8408,-0.8524,-0.6871,-0.623,-0.6328,-0.5555,-0.4531,-0.3789,-0.3462,-0.2722,-0.0698,0.257,0.3209,-0.0105,-0.3518,-0.6976,-1.1192,-1.5279,-1.6944,-1.596,-1.4058,-1.2315,-0.8128,-0.8201,-0.8264,-0.8308,-0.8325,-0.8307,-0.8251,-0.8164,-0.8065,-0.7984,-0.7949,-0.7969,-0.7992,-0.7969,-0.8209,-0.8217,-0.7044,-0.6234,-0.5958,-0.5926,-0.5505,-0.5124,-0.4688,-0.3582,-0.1179,0.2774,0.3586,-0.0885,-0.3966,-0.7215,-1.171,-1.6292,-1.8008,-1.6689,-1.449,-1.2578,-0.7995,-0.8046,-0.8086,-0.8108,-0.8109,-0.8085,-0.8034,-0.7964,-0.7886,-0.7812,-0.7753,-0.7706,-0.7654,-0.7604,-0.7575,-0.7359,-0.6806,-0.6293,-0.6035,-0.5987,-0.6134,-0.6511,-0.6412,-0.5223,-0.3451,-0.2609,-0.4499,-0.4706,-0.5118,-0.7205,-1.0739,-1.4439,-1.6085,-1.5372,-1.3746,-1.2181,-0.7873,-0.7907,-0.793,-0.7939,-0.793,-0.7902,-0.7855,-0.7794,-0.7724,-0.765,-0.7577,-0.7502,-0.7419,-0.7323,-0.7196,-0.6981,-0.6674,-0.6401,-0.6288,-0.6461,-0.7244,-0.8755,-0.9129,-0.7321,-0.5481,-0.5424,-0.689,-0.6297,-0.5915,-0.7084,-0.9347,-1.176,-1.3134,-1.3128,-1.2328,-1.1339,-0.7761,-0.7782,-0.7794,-0.7793,-0.7778,-0.7748,-0.7703,-0.7646,-0.758,-0.7507,-0.7428,-0.7342,-0.7246,-0.7134,-0.6997,-0.6828,-0.6647,-0.6525,-0.6571,-0.6979,-0.8161,-1.0242,-1.081,-0.8627,-0.6593,-0.5938,-0.615,-0.6118,-0.62,-0.6974,-0.834,-0.9815,-1.0828,-1.1129,-1.0881,-1.0375,-0.7659,-0.7671,-0.7675,-0.7667,-0.7648,-0.7617,-0.7573,-0.7519,-0.7455,-0.7384,-0.7305,-0.7217,-0.712,-0.7012,-0.6892,-0.6767,-0.6661,-0.6626,-0.6749,-0.7173,-0.8089,-0.9313,-0.9572,-0.8338,-0.6964,-0.6248,-0.6076,-0.6112,-0.6339,-0.6892,-0.7734,-0.8644,-0.9351,-0.9701,-0.9712,-0.9504]}]