docs/data/wind_grid.json
{"header": {"la1":42.1,"la2":41.55,"lo1":12.1,"lo2":12.95,"nx":50,"ny":50,"dx":0.01735,"dy":0.01122,"parameterCategory":2,"parameterNumber":3,"parameterNumberName":"northward_wind","parameterUnit":"m.s-1"}, "data":
[rows 0 to 39 of 50, columns 0 to 49 of 50]
-3.6102,-3.6136,-3.6176,-3.622,-3.6271,-3.6326,-3.6388,-3.6455,-3.6527,-3.6604,-3.6684,-3.6768,-3.6853,-3.6939,-3.7024,-3.7107,-3.7187,-3.7262,-3.7332,-3.7396,-3.7453,-3.7504,-3.7547,-3.7583,-3.761,-3.7628,-3.7634,-3.7627,-3.7605,-3.7566,-3.7509,-3.7431,-3.7334,-3.722,-3.7092,-3.6955,-3.6817,-3.6687,-3.6571,-3.6478,-3.641,-3.6369,-3.6355,-3.6363,-3.6391,-3.6433,-3.6485,-3.6543,-3.6603,-3.6664
-3.6062,-3.6096,-3.6136,-3.6181,-3.6232,-3.6289,-3.6353,-3.6422,-3.6498,-3.6578,-3.6663,-3.6752,-3.6842,-3.6934,-3.7024,-3.7112,-3.7197,-3.7276,-3.735,-3.7417,-3.7478,-3.7531,-3.7577,-3.7615,-3.7645,-3.7665,-3.7672,-3.7666,-3.7644,-3.7603,-3.7541,-3.7457,-3.735,-3.7223,-3.7078,-3.6924,-3.6767,-3.6619,-3.6489,-3.6385,-3.6312,-3.6271,-3.6261,-3.6277,-3.6314,-3.6367,-3.6429,-3.6496,-3.6565,-3.6634
-3.602,-3.6054,-3.6093,-3.6138,-3.619,-3.6249,-3.6314,-3.6387,-3.6465,-3.655,-3.664,-3.6733,-3.683,-3.6927,-3.7023,-3.7117,-3.7207,-3.7291,-3.7369,-3.744,-3.7503,-3.7559,-3.7608,-3.7649,-3.7681,-3.7703,-3.7713,-3.7708,-3.7687,-3.7644,-3.7578,-3.7487,-3.737,-3.7228,-3.7065,-3.689,-3.6713,-3.6545,-3.6398,-3.6283,-3.6204,-3.6164,-3.6159,-3.6185,-3.6233,-3.6297,-3.6371,-3.6449,-3.6528,-3.6604
-3.5976,-3.6008,-3.6047,-3.6093,-3.6145,-3.6205,-3.6272,-3.6347,-3.6429,-3.6518,-3.6613,-3.6712,-3.6815,-3.6919,-3.7022,-3.7122,-3.7217,-3.7307,-3.7389,-3.7463,-3.7529,-3.7588,-3.7639,-3.7682,-3.7717,-3.7742,-3.7755,-3.7753,-3.7733,-3.769,-3.7621,-3.7523,-3.7394,-3.7237,-3.7054,-3.6856,-3.6654,-3.6463,-3.6298,-3.617,-3.6086,-3.6047,-3.605,-3.6086,-3.6147,-3.6225,-3.6312,-3.6402,-3.6491,-3.6577
-3.5928,-3.596,-3.5998,-3.6043,-3.6096,-3.6157,-3.6226,-3.6304,-3.639,-3.6483,-3.6583,-3.6689,-3.6798,-3.6909,-3.7019,-3.7126,-3.7228,-3.7323,-3.7409,-3.7487,-3.7556,-3.7617,-3.767,-3.7717,-3.7755,-3.7784,-3.78,-3.7801,-3.7783,-3.774,-3.7669,-3.7564,-3.7425,-3.725,-3.7046,-3.6822,-3.6593,-3.6375,-3.6188,-3.6046,-3.5956,-3.5921,-3.5933,-3.5983,-3.6059,-3.6153,-3.6254,-3.6357,-3.6457,-3.6551
-3.5878,-3.5909,-3.5946,-3.5991,-3.6044,-3.6105,-3.6176,-3.6256,-3.6346,-3.6444,-3.655,-3.6662,-3.6779,-3.6897,-3.7015,-3.713,-3.7239,-3.7339,-3.743,-3.7511,-3.7582,-3.7646,-3.7701,-3.7751,-3.7793,-3.7825,-3.7847,-3.7852,-3.7837,-3.7796,-3.7723,-3.7613,-3.7463,-3.7271,-3.7044,-3.6791,-3.6529,-3.6282,-3.607,-3.5912,-3.5818,-3.5786,-3.581,-3.5876,-3.597,-3.6081,-3.6198,-3.6314,-3.6425,-3.6529
-3.5825,-3.5854,-3.589,-3.5934,-3.5987,-3.6049,-3.6121,-3.6204,-3.6297,-3.64,-3.6512,-3.6631,-3.6756,-3.6883,-3.701,-3.7134,-3.725,-3.7356,-3.7451,-3.7535,-3.7609,-3.7674,-3.7732,-3.7784,-3.783,-3.7868,-3.7895,-3.7906,-3.7896,-3.7858,-3.7786,-3.7671,-3.7511,-3.7302,-3.7049,-3.6764,-3.6467,-3.6185,-3.5945,-3.577,-3.5671,-3.5646,-3.5684,-3.5769,-3.5883,-3.6012,-3.6145,-3.6275,-3.6398,-3.6511
-3.5769,-3.5796,-3.583,-3.5873,-3.5925,-3.5987,-3.6061,-3.6146,-3.6242,-3.635,-3.6469,-3.6596,-3.673,-3.6867,-3.7004,-3.7136,-3.726,-3.7373,-3.7473,-3.7559,-3.7634,-3.77,-3.776,-3.7815,-3.7866,-3.791,-3.7944,-3.7963,-3.796,-3.7927,-3.7857,-3.774,-3.7571,-3.7345,-3.7066,-3.6747,-3.641,-3.6089,-3.5818,-3.5623,-3.552,-3.5503,-3.5558,-3.5664,-3.5799,-3.5948,-3.6099,-3.6243,-3.6377,-3.6498
-3.571,-3.5735,-3.5767,-3.5808,-3.5859,-3.5921,-3.5995,-3.6082,-3.6182,-3.6295,-3.642,-3.6556,-3.6699,-3.6847,-3.6995,-3.7138,-3.7271,-3.7391,-3.7495,-3.7583,-3.7658,-3.7724,-3.7785,-3.7844,-3.79,-3.7952,-3.7995,-3.8022,-3.8028,-3.8003,-3.7938,-3.7822,-3.7645,-3.7404,-3.7099,-3.6743,-3.6364,-3.5999,-3.5692,-3.5477,-3.5369,-3.5363,-3.5437,-3.5565,-3.5724,-3.5893,-3.6061,-3.6218,-3.6362,-3.6491
-3.5648,-3.5669,-3.5699,-3.5737,-3.5787,-3.5848,-3.5923,-3.6011,-3.6114,-3.6232,-3.6365,-3.6509,-3.6663,-3.6823,-3.6984,-3.7139,-3.7283,-3.741,-3.7517,-3.7606,-3.768,-3.7744,-3.7806,-3.7869,-3.7932,-3.7992,-3.8046,-3.8085,-3.8102,-3.8087,-3.803,-3.7917,-3.7738,-3.7483,-3.7153,-3.6761,-3.6335,-3.5923,-3.5577,-3.5339,-3.5227,-3.5232,-3.5327,-3.548,-3.5661,-3.585,-3.6034,-3.6204,-3.6357,-3.6492
-3.5583,-3.5601,-3.5627,-3.5662,-3.571,-3.5769,-3.5844,-3.5933,-3.6039,-3.6162,-3.6301,-3.6455,-3.6621,-3.6795,-3.6969,-3.7138,-3.7294,-3.7429,-3.754,-3.7627,-3.7697,-3.7759,-3.7821,-3.7887,-3.7959,-3.8031,-3.8097,-3.8149,-3.8181,-3.818,-3.8135,-3.803,-3.7852,-3.7588,-3.7236,-3.6807,-3.6334,-3.5872,-3.5483,-3.522,-3.5104,-3.5121,-3.5237,-3.5413,-3.5616,-3.5823,-3.6021,-3.6201,-3.6361,-3.6502
-3.5514,-3.5528,-3.555,-3.5582,-3.5626,-3.5684,-3.5757,-3.5847,-3.5956,-3.6083,-3.623,-3.6393,-3.6572,-3.676,-3.6951,-3.7136,-3.7305,-3.7449,-3.7562,-3.7647,-3.771,-3.7765,-3.7825,-3.7898,-3.798,-3.8066,-3.8147,-3.8217,-3.8265,-3.8282,-3.8253,-3.8161,-3.7989,-3.7722,-3.7353,-3.6891,-3.6372,-3.5858,-3.5425,-3.5135,-3.5013,-3.504,-3.5175,-3.5372,-3.5594,-3.5816,-3.6024,-3.6212,-3.6377,-3.6521
-3.5443,-3.5451,-3.5469,-3.5497,-3.5537,-3.5591,-3.5662,-3.5752,-3.5862,-3.5994,-3.6147,-3.6321,-3.6514,-3.6718,-3.6927,-3.7131,-3.7315,-3.747,-3.7585,-3.7663,-3.7714,-3.7759,-3.7817,-3.7897,-3.7995,-3.8099,-3.8199,-3.8287,-3.8356,-3.8393,-3.8386,-3.8313,-3.8155,-3.7892,-3.7512,-3.7024,-3.6462,-3.5898,-3.5419,-3.51,-3.4969,-3.5004,-3.5153,-3.5366,-3.5601,-3.5833,-3.6047,-3.6238,-3.6405,-3.6549
-3.5368,-3.5371,-3.5383,-3.5405,-3.5441,-3.5491,-3.5559,-3.5647,-3.5758,-3.5893,-3.6053,-3.6238,-3.6444,-3.6667,-3.6897,-3.7122,-3.7326,-3.7492,-3.7609,-3.7675,-3.7706,-3.7735,-3.7791,-3.7884,-3.8002,-3.8129,-3.8251,-3.8361,-3.8453,-3.8516,-3.8534,-3.8488,-3.8352,-3.8102,-3.7722,-3.7215,-3.6619,-3.6008,-3.5485,-3.5135,-3.499,-3.5025,-3.5181,-3.5401,-3.5641,-3.5876,-3.6091,-3.6282,-3.6447,-3.6589
-3.529,-3.5287,-3.5292,-3.5309,-3.5338,-3.5383,-3.5446,-3.5532,-3.5642,-3.5779,-3.5945,-3.614,-3.6362,-3.6604,-3.6858,-3.7109,-3.7336,-3.7517,-3.7634,-3.7683,-3.7685,-3.7688,-3.7741,-3.7854,-3.8003,-3.8159,-3.8306,-3.844,-3.8557,-3.8649,-3.8701,-3.8688,-3.8583,-3.8356,-3.7987,-3.7475,-3.6853,-3.6204,-3.564,-3.5257,-3.5092,-3.5116,-3.5266,-3.5482,-3.5718,-3.5948,-3.6158,-3.6343,-3.6502,-3.6639
-3.5209,-3.5199,-3.5197,-3.5206,-3.5228,-3.5266,-3.5324,-3.5405,-3.5513,-3.5651,-3.5822,-3.6027,-3.6263,-3.6527,-3.6808,-3.7089,-3.7345,-3.7546,-3.7665,-3.7688,-3.7645,-3.761,-3.7661,-3.7809,-3.8002,-3.8194,-3.8368,-3.8526,-3.867,-3.8795,-3.8885,-3.8915,-3.885,-3.8658,-3.8313,-3.7808,-3.7175,-3.6497,-3.5897,-3.5478,-3.5284,-3.5284,-3.5415,-3.5614,-3.5834,-3.605,-3.6247,-3.6421,-3.6571,-3.67
-3.5125,-3.5108,-3.5098,-3.5098,-3.5111,-3.5141,-3.5191,-3.5266,-3.537,-3.5507,-3.5682,-3.5895,-3.6146,-3.6432,-3.6742,-3.7058,-3.7351,-3.7581,-3.7705,-3.7698,-3.7587,-3.7492,-3.7547,-3.7752,-3.8007,-3.824,-3.844,-3.862,-3.8792,-3.8954,-3.909,-3.9169,-3.9156,-3.901,-3.8701,-3.8217,-3.7586,-3.6892,-3.626,-3.5804,-3.5569,-3.5531,-3.5627,-3.5794,-3.5988,-3.618,-3.6358,-3.6516,-3.6653,-3.677
-3.504,-3.5013,-3.4994,-3.4984,-3.4987,-3.5007,-3.5047,-3.5114,-3.5212,-3.5346,-3.5522,-3.5742,-3.6007,-3.6315,-3.6657,-3.7014,-3.7353,-3.7623,-3.7765,-3.7725,-3.7523,-3.7337,-3.7404,-3.7702,-3.8037,-3.831,-3.8529,-3.8726,-3.8925,-3.9126,-3.9314,-3.9453,-3.95,-3.9412,-3.9149,-3.8697,-3.808,-3.738,-3.6723,-3.6226,-3.5942,-3.5852,-3.5898,-3.602,-3.6176,-3.6337,-3.6489,-3.6626,-3.6746,-3.685
-3.4952,-3.4916,-3.4887,-3.4866,-3.4857,-3.4864,-3.4893,-3.4949,-3.5038,-3.5167,-3.5341,-3.5565,-3.5842,-3.6171,-3.6546,-3.6949,-3.7345,-3.7674,-3.7856,-3.7802,-3.7493,-3.7175,-3.7272,-3.7704,-3.812,-3.8416,-3.8639,-3.8845,-3.9067,-3.9312,-3.9558,-3.9765,-3.9882,-3.9858,-3.965,-3.9238,-3.8642,-3.7942,-3.7264,-3.6726,-3.6385,-3.6232,-3.6216,-3.6284,-3.6392,-3.6515,-3.6637,-3.675,-3.685,-3.6937
-3.4862,-3.4817,-3.4776,-3.4743,-3.472,-3.4714,-3.4728,-3.4771,-3.4848,-3.4968,-3.5137,-3.5362,-3.5648,-3.5996,-3.6403,-3.6856,-3.732,-3.773,-3.799,-3.7976,-3.76,-3.7134,-3.7275,-3.7843,-3.8294,-3.8572,-3.8773,-3.8975,-3.9219,-3.9508,-3.9818,-4.0102,-4.0296,-4.0343,-4.0191,-3.9819,-3.9247,-3.8551,-3.7854,-3.7274,-3.6873,-3.6651,-3.6567,-3.6574,-3.663,-3.6711,-3.6798,-3.6883,-3.6961,-3.7031
-3.4772,-3.4716,-3.4662,-3.4615,-3.4578,-3.4555,-3.4553,-3.4579,-3.4641,-3.4749,-3.491,-3.5132,-3.5422,-3.5783,-3.622,-3.6723,-3.7265,-3.7783,-3.8173,-3.8299,-3.802,-3.7528,-3.7682,-3.8231,-3.8587,-3.8778,-3.8928,-3.9115,-3.9375,-3.9712,-4.0092,-4.0457,-4.0733,-4.085,-4.0752,-4.0416,-3.9862,-3.9169,-3.8456,-3.7837,-3.7378,-3.7088,-3.6935,-3.6878,-3.6881,-3.6917,-3.6967,-3.7023,-3.7078,-3.7129
-3.4682,-3.4614,-3.4547,-3.4485,-3.4431,-3.439,-3.4369,-3.4375,-3.4418,-3.4509,-3.4659,-3.4874,-3.5163,-3.5532,-3.5989,-3.6539,-3.7165,-3.7811,-3.8385,-3.8777,-3.8883,-3.8735,-3.8755,-3.8914,-3.8988,-3.9023,-3.9096,-3.9257,-3.9532,-3.9917,-4.0369,-4.0819,-4.1176,-4.1359,-4.1306,-4.0995,-4.0453,-3.976,-3.9033,-3.8381,-3.7872,-3.752,-3.7303,-3.7186,-3.7136,-3.7127,-3.7141,-3.7167,-3.7198,-3.723
-3.4592,-3.4511,-3.4431,-3.4353,-3.4281,-3.4219,-3.4175,-3.4158,-3.4179,-3.425,-3.4384,-3.4589,-3.4871,-3.5238,-3.5706,-3.6291,-3.6996,-3.7783,-3.8578,-3.9314,-3.9987,-4.0444,-4.0215,-3.9738,-3.9428,-3.9275,-3.9261,-3.9393,-3.9682,-4.0114,-4.0638,-4.1169,-4.1602,-4.184,-4.1819,-4.1522,-4.0984,-4.0291,-3.9554,-3.888,-3.8332,-3.7929,-3.7656,-3.7485,-3.7386,-3.7335,-3.7314,-3.7312,-3.7319,-3.7332
-3.4503,-3.441,-3.4316,-3.422,-3.4128,-3.4044,-3.3975,-3.3931,-3.3925,-3.3973,-3.4087,-3.4279,-3.455,-3.4907,-3.5368,-3.5968,-3.6736,-3.7661,-3.868,-3.9745,-4.086,-4.1662,-4.1294,-4.0413,-3.9807,-3.9494,-3.9405,-3.9514,-3.9817,-4.0293,-4.0882,-4.1485,-4.198,-4.2258,-4.2256,-4.1963,-4.1426,-4.0735,-3.9998,-3.9313,-3.874,-3.83,-3.7982,-3.7766,-3.7624,-3.7536,-3.7483,-3.7453,-3.7439,-3.7433
-3.4417,-3.4311,-3.4202,-3.4089,-3.3976,-3.3867,-3.377,-3.3695,-3.3658,-3.3677,-3.377,-3.3947,-3.4207,-3.4545,-3.498,-3.5566,-3.6368,-3.7406,-3.8621,-3.9929,-4.1226,-4.2035,-4.1685,-4.0764,-4.0048,-3.9649,-3.9513,-3.9611,-3.9929,-4.0441,-4.1082,-4.1739,-4.2278,-4.258,-4.2585,-4.2292,-4.1758,-4.1078,-4.0353,-3.9671,-3.9088,-3.8624,-3.8275,-3.8023,-3.7846,-3.7725,-3.7644,-3.759,-3.7554,-3.7531
-3.4333,-3.4216,-3.4091,-3.396,-3.3825,-3.369,-3.3562,-3.3453,-3.338,-3.3366,-3.3434,-3.3599,-3.385,-3.4167,-3.4557,-3.5092,-3.5885,-3.6995,-3.8357,-3.981,-4.1117,-4.1826,-4.1569,-4.0804,-4.0129,-3.9722,-3.9578,-3.9677,-4.001,-4.0549,-4.1222,-4.191,-4.2469,-4.278,-4.2785,-4.2494,-4.1973,-4.1315,-4.0614,-3.995,-3.937,-3.8897,-3.8528,-3.825,-3.8047,-3.7899,-3.7794,-3.7718,-3.7664,-3.7626
-3.4255,-3.4125,-3.3985,-3.3836,-3.3679,-3.3517,-3.3356,-3.3209,-3.3095,-3.3041,-3.3081,-3.3237,-3.3491,-3.3793,-3.4124,-3.4571,-3.5304,-3.6434,-3.7883,-3.9405,-4.0669,-4.1308,-4.1178,-4.0621,-4.0071,-3.9716,-3.9595,-3.971,-4.0057,-4.0607,-4.129,-4.1982,-4.2539,-4.2846,-4.285,-4.257,-4.2074,-4.145,-4.0787,-4.0151,-3.9589,-3.9118,-3.874,-3.8447,-3.8224,-3.8056,-3.7931,-3.7838,-3.7768,-3.7715
-3.4181,-3.404,-3.3886,-3.3719,-3.354,-3.3351,-3.3157,-3.2968,-3.2806,-3.2705,-3.2711,-3.2862,-3.3139,-3.3446,-3.3714,-3.4043,-3.4671,-3.5767,-3.7245,-3.8786,-4.0012,-4.0644,-4.0654,-4.0306,-3.991,-3.9643,-3.9569,-3.9709,-4.0065,-4.0614,-4.1283,-4.1954,-4.2491,-4.2785,-4.2791,-4.2531,-4.2072,-4.1496,-4.0879,-4.0283,-3.9747,-3.9289,-3.8913,-3.8612,-3.8377,-3.8195,-3.8054,-3.7946,-3.7863,-3.7798
-3.4114,-3.3962,-3.3795,-3.3612,-3.3412,-3.3197,-3.2969,-3.2737,-3.2523,-3.2365,-3.2325,-3.2471,-3.2798,-3.3148,-3.3365,-3.3563,-3.4061,-3.5082,-3.6534,-3.8056,-3.926,-3.9929,-4.0081,-3.9923,-3.9684,-3.952,-3.9505,-3.9674,-4.0037,-4.057,-4.1207,-4.1839,-4.2342,-4.2617,-4.2629,-4.2399,-4.1986,-4.1466,-4.0904,-4.0355,-3.9852,-3.9414,-3.9047,-3.8747,-3.8505,-3.8314,-3.8163,-3.8043,-3.7949,-3.7874
-3.4053,-3.3892,-3.3714,-3.3517,-3.3298,-3.3058,-3.2798,-3.2525,-3.2256,-3.2032,-3.193,-3.206,-3.2462,-3.2913,-3.3113,-3.3189,-3.3558,-3.4483,-3.5862,-3.7327,-3.851,-3.9228,-3.9511,-3.9516,-3.9423,-3.9361,-3.941,-3.961,-3.9974,-4.0482,-4.1075,-4.1656,-4.2116,-4.2372,-4.2393,-4.2197,-4.1837,-4.1376,-4.0874,-4.0375,-3.9911,-3.9499,-3.9147,-3.8852,-3.861,-3.8414,-3.8256,-3.8129,-3.8026,-3.7943
-3.4001,-3.3832,-3.3645,-3.3435,-3.3201,-3.2941,-3.2653,-3.2342,-3.202,-3.1727,-3.1547,-3.1636,-3.212,-3.2733,-3.297,-3.2963,-3.3232,-3.4051,-3.5316,-3.6686,-3.7828,-3.8585,-3.8975,-3.9116,-3.9148,-3.9182,-3.9291,-3.9519,-3.9881,-4.0359,-4.0902,-4.1426,-4.1842,-4.2078,-4.2109,-4.195,-4.1644,-4.1244,-4.08,-4.0353,-3.993,-3.9548,-3.9215,-3.8931,-3.8693,-3.8496,-3.8335,-3.8202,-3.8093,-3.8004
-3.3958,-3.3783,-3.3588,-3.3369,-3.3123,-3.2848,-3.2539,-3.2198,-3.1834,-3.1479,-3.1218,-3.1242,-3.178,-3.2581,-3.2914,-3.289,-3.31,-3.3813,-3.4937,-3.6179,-3.7256,-3.8026,-3.8493,-3.874,-3.8875,-3.8991,-3.9155,-3.9408,-3.9764,-4.021,-4.0701,-4.117,-4.1542,-4.176,-4.1801,-4.1677,-4.1423,-4.1081,-4.0695,-4.0299,-3.9918,-3.9568,-3.9256,-3.8986,-3.8755,-3.8561,-3.8399,-3.8264,-3.8151,-3.8058
-3.3923,-3.3745,-3.3545,-3.332,-3.3067,-3.2782,-3.2461,-3.2102,-3.1713,-3.132,-3.1004,-3.0967,-3.1508,-3.2432,-3.289,-3.2925,-3.3122,-3.374,-3.4713,-3.581,-3.6802,-3.7561,-3.8074,-3.8398,-3.8615,-3.8799,-3.9008,-3.928,-3.9628,-4.0042,-4.0486,-4.0903,-4.1235,-4.1436,-4.1486,-4.1394,-4.1187,-4.09,-4.0568,-4.0221,-3.9881,-3.9562,-3.9274,-3.902,-3.8799,-3.861,-3.845,-3.8314,-3.82,-3.8103
-3.3899,-3.3718,-3.3516,-3.3289,-3.3033,-3.2745,-3.2421,-3.206,-3.1668,-3.127,-3.0947,-3.0894,-3.14,-3.2309,-3.2858,-3.3005,-3.323,-3.3774,-3.4607,-3.5562,-3.6458,-3.7185,-3.7719,-3.8096,-3.8372,-3.8609,-3.8855,-3.9141,-3.948,-3.9864,-4.0264,-4.0636,-4.0932,-4.1118,-4.1176,-4.1113,-4.0948,-4.071,-4.0427,-4.0125,-3.9824,-3.9537,-3.9273,-3.9036,-3.8827,-3.8645,-3.8488,-3.8354,-3.8239,-3.8141
-3.3883,-3.3703,-3.3501,-3.3275,-3.3022,-3.2738,-3.2421,-3.2071,-3.1696,-3.1327,-3.1043,-3.102,-3.1474,-3.2262,-3.283,-3.3089,-3.3363,-3.3858,-3.4577,-3.5404,-3.6205,-3.6889,-3.7425,-3.7832,-3.8151,-3.8427,-3.8699,-3.8995,-3.9324,-3.9682,-4.0044,-4.0376,-4.0642,-4.0815,-4.0879,-4.084,-4.0711,-4.0516,-4.0277,-4.0017,-3.9752,-3.9495,-3.9255,-3.9036,-3.884,-3.8667,-3.8515,-3.8384,-3.8271,-3.8173
-3.3878,-3.3699,-3.35,-3.3279,-3.3033,-3.2759,-3.2456,-3.2129,-3.1789,-3.147,-3.1251,-3.1271,-3.1663,-3.2304,-3.2837,-3.317,-3.3493,-3.3959,-3.4589,-3.531,-3.6025,-3.666,-3.7185,-3.7607,-3.7952,-3.8254,-3.8545,-3.8846,-3.9165,-3.9499,-3.9828,-4.0128,-4.0369,-4.0529,-4.0599,-4.0579,-4.0481,-4.0323,-4.0124,-3.9901,-3.9669,-3.9441,-3.9224,-3.9023,-3.884,-3.8677,-3.8532,-3.8405,-3.8294,-3.8197
-3.3881,-3.3706,-3.3513,-3.3299,-3.3063,-3.2804,-3.2523,-3.2226,-3.193,-3.167,-3.1515,-3.1568,-3.1899,-3.2412,-3.2889,-3.3257,-3.3612,-3.406,-3.4624,-3.5259,-3.5899,-3.6485,-3.6991,-3.7415,-3.7774,-3.8093,-3.8395,-3.8697,-3.9006,-3.9318,-3.9621,-3.9893,-4.0113,-4.0264,-4.0337,-4.0333,-4.0262,-4.0135,-3.997,-3.978,-3.9579,-3.9378,-3.9183,-3.9,-3.8831,-3.8677,-3.854,-3.8418,-3.831,-3.8215
-3.3893,-3.3723,-3.3537,-3.3333,-3.311,-3.287,-3.2614,-3.2352,-3.2101,-3.1897,-3.1797,-3.1869,-3.2147,-3.2561,-3.2982,-3.3355,-3.3725,-3.4157,-3.4669,-3.5237,-3.5813,-3.6353,-3.6835,-3.7253,-3.7617,-3.7944,-3.8251,-3.8551,-3.8849,-3.9144,-3.9423,-3.9672,-3.9874,-4.0017,-4.0094,-4.0103,-4.0053,-3.9954,-3.9818,-3.9658,-3.9485,-3.9308,-3.9133,-3.8967,-3.8812,-3.8669,-3.854,-3.8423,-3.8319,-3.8227
-3.3913,-3.375,-3.3573,-3.338,-3.3173,-3.2952,-3.2724,-3.2497,-3.229,-3.2135,-3.2075,-3.2155,-3.239,-3.2733,-3.3104,-3.3465,-3.3835,-3.4249,-3.4721,-3.5233,-3.5755,-3.6254,-3.671,-3.7117,-3.7479,-3.7807,-3.8115,-3.841,-3.8698,-3.8976,-3.9235,-3.9466,-3.9654,-3.979,-3.9868,-3.9889,-3.9857,-3.9781,-3.967,-3.9536,-3.9387,-3.9232,-3.9078,-3.8928,-3.8786,-3.8654,-3.8532,-3.8422,-3.8323,-3.8233
-3.394,-3.3785,-3.3618,-3.3438,-3.3247,-3.3048,-3.2846,-3.2653,-3.2485,-3.2369,-3.2339,-3.2422,-3.2624,-3.2914,-3.3244,-3.3586,-3.3945,-3.4339,-3.4776,-3.5243,-3.572,-3.6181,-3.6611,-3.7003,-3.7357,-3.7683,-3.7987,-3.8276,-3.8553,-3.8816,-3.9059,-3.9274,-3.945,-3.958,-3.966,-3.969,-3.9673,-3.9616,-3.9527,-3.9415,-3.9289,-3.9154,-3.9017,-3.8883,-3.8754,-3.8632,-3.8519,-3.8415,-3.8321,-3.8235
