docs/data/wind_grid.json
[{"header":{"la1":42.85,"la2":41.18,"lo1":11.55,"lo2":14.05,"nx":36,"ny":24,"dx":0.07143,"dy":0.07261,"parameterCategory":2,"parameterNumber":2,"parameterNumberName":"eastward_wind","parameterUnit":"m.s-1"},"data":[-0.6421,-0.6463,-0.6502,-0.6537,-0.6568,-0.6589,-0.6596,-0.6582,-0.6543,-0.6486,-0.6424,-0.6377,-0.6363,-0.6393,-0.6469,-0.6585,-0.6724,-0.6858,-0.6958,-0.7001,-0.6979,-0.6898,-0.6778,-0.6637,-0.6491,-0.635,-0.6219,-0.6099,-0.5992,-0.5896,-0.5811,-0.5735,-0.5667,-0.5607,-0.5553,-0.5505,-0.6519,-0.6571,-0.6621,-0.667,-0.6717,-0.6759,-0.6784,-0.6776,-0.6724,-0.6631,-0.6523,-0.6435,-0.6399,-0.6432,-0.654,-0.6715,-0.6932,-0.7149,-0.7312,-0.7376,-0.733,-0.7197,-0.7013,-0.6812,-0.6617,-0.6438,-0.6279,-0.6139,-0.6017,-0.591,-0.5817,-0.5735,-0.5663,-0.56,-0.5543,-0.5493,-0.663,-0.6694,-0.6757,-0.6823,-0.6895,-0.6974,-0.7041,-0.706,-0.6995,-0.6843,-0.6652,-0.6491,-0.6414,-0.6446,-0.6596,-0.6859,-0.7204,-0.7565,-0.7837,-0.7928,-0.7825,-0.7587,-0.7296,-0.7007,-0.6746,-0.6521,-0.6331,-0.617,-0.6033,-0.5917,-0.5817,-0.573,-0.5654,-0.5588,-0.5529,-0.5478,-0.6757,-0.6835,-0.6911,-0.6995,-0.71,-0.7238,-0.7396,-0.7499,-0.7436,-0.7175,-0.6825,-0.6535,-0.6388,-0.6413,-0.6617,-0.7004,-0.7554,-0.8175,-0.8656,-0.8778,-0.853,-0.8087,-0.7619,-0.7206,-0.6865,-0.659,-0.6369,-0.6188,-0.604,-0.5915,-0.5809,-0.5718,-0.564,-0.5571,-0.5511,-0.5459,-0.6907,-0.7001,-0.7089,-0.7184,-0.7317,-0.7539,-0.7871,-0.82,-0.82,-0.7711,-0.7047,-0.654,-0.6293,-0.6303,-0.6566,-0.7108,-0.7966,-0.9064,-0.9979,-1.0116,-0.9506,-0.8673,-0.7941,-0.7376,-0.6952,-0.6632,-0.6385,-0.619,-0.6033,-0.5903,-0.5794,-0.57,-0.5619,-0.5549,-0.5488,-0.5435,-0.7088,-0.7208,-0.7306,-0.7395,-0.7525,-0.7808,-0.8399,-0.9246,-0.9498,-0.8492,-0.724,-0.6438,-0.6086,-0.6084,-0.6397,-0.7083,-0.8302,-1.0169,-1.1972,-1.2037,-1.0635,-0.9202,-0.8171,-0.7469,-0.6983,-0.6634,-0.6374,-0.6173,-0.6013,-0.5882,-0.5771,-0.5675,-0.5593,-0.5522,-0.546,-0.5407,-0.7314,-0.748,-0.7602,-0.7667,-0.772,-0.793,-0.8634,-1.0096,-1.0819,-0.8993,-0.7107,-0.6114,-0.5724,-0.5732,-0.6075,-0.6815,-0.822,-1.0718,-1.3567,-1.3476,-1.1216,-0.9358,-0.8184,-0.7437,-0.6939,-0.659,-0.6335,-0.6139,-0.5983,-0.5852,-0.5741,-0.5645,-0.5562,-0.549,-0.5428,-0.5374,-0.7593,-0.7856,-0.8057,-0.8112,-0.8003,-0.7902,-0.8174,-0.9106,-0.9499,-0.7875,-0.631,-0.5503,-0.5197,-0.5258,-0.5627,-0.6305,-0.7517,-0.9603,-1.1937,-1.2057,-1.0418,-0.8941,-0.7941,-0.7276,-0.6824,-0.6508,-0.6276,-0.6095,-0.5947,-0.5819,-0.5708,-0.5611,-0.5526,-0.5452,-0.5389,-0.5336,-0.7916,-0.8361,-0.8784,-0.8961,-0.8649,-0.8011,-0.7482,-0.7149,-0.66,-0.5724,-0.5085,-0.4702,-0.4529,-0.4694,-0.5205,-0.5805,-0.6684,-0.8045,-0.9312,-0.9642,-0.9073,-0.8266,-0.7563,-0.7038,-0.6669,-0.6409,-0.6215,-0.6056,-0.5915,-0.5787,-0.5673,-0.5572,-0.5484,-0.5409,-0.5345,-0.5291,-0.8224,-0.8937,-0.9825,-1.0512,-1.0045,-0.8556,-0.722,-0.5944,-0.4318,-0.3496,-0.3852,-0.3884,-0.369,-0.3947,-0.5116,-0.5779,-0.6285,-0.7568,-0.8531,-0.8736,-0.8365,-0.7771,-0.721,-0.6791,-0.6516,-0.6333,-0.6185,-0.6042,-0.5899,-0.5764,-0.564,-0.5531,-0.5437,-0.5357,-0.5291,-0.5239,-0.8391,-0.9329,-1.0747,-1.2377,-1.1945,-0.9255,-0.7492,-0.5918,-0.2385,-0.0749,-0.3012,-0.3221,-0.2537,-0.2307,-0.4195,-0.5613,-0.649,-0.8697,-0.9836,-0.9397,-0.8416,-0.7533,-0.6915,-0.6569,-0.6421,-0.6345,-0.6239,-0.6085,-0.5914,-0.5752,-0.5609,-0.5485,-0.5381,-0.5295,-0.5227,-0.5175,-0.8304,-0.921,-1.0562,-1.2069,-1.1581,-0.9171,-0.8226,-0.8034,-0.5087,-0.266,-0.343,-0.2928,-0.124,0.0989,-0.0536,-0.402,-0.7835,-1.3113,-1.4352,-1.1364,-0.88,-0.7308,-0.658,-0.6377,-0.6476,-0.6569,-0.6457,-0.6213,-0.5962,-0.5749,-0.5573,-0.5428,-0.531,-0.5216,-0.5146,-0.5097,-0.7977,-0.8624,-0.9398,-0.9937,-0.9495,-0.8603,-0.8804,-0.9982,-0.8563,-0.5612,-0.421,-0.336,-0.1604,0.2117,0.0925,-0.3767,-0.979,-2.1302,-2.1508,-1.2967,-0.8591,-0.6671,-0.6036,-0.6204,-0.6825,-0.7191,-0.6894,-0.6405,-0.6017,-0.5737,-0.5523,-0.5351,-0.5213,-0.511,-0.5039,-0.4997,-0.7537,-0.7917,-0.8263,-0.8398,-0.8209,-0.8039,-0.8408,-0.9138,-0.8299,-0.6017,-0.4618,-0.4202,-0.3652,0.1221,-0.1532,-0.5286,-0.9762,-1.5971,-1.6593,-1.0592,-0.675,-0.5199,-0.5095,-0.5898,-0.7271,-0.7949,-0.7276,-0.6506,-0.6018,-0.5694,-0.5445,-0.5239,-0.5075,-0.496,-0.4893,-0.4866,-0.7097,-0.7302,-0.745,-0.7485,-0.7417,-0.7382,-0.7483,-0.7475,-0.6778,-0.5704,-0.5086,-0.4625,-0.328,-0.2899,-0.3353,-0.8269,-1.2804,-1.0216,-0.8841,-0.5923,-0.3179,-0.2616,-0.3606,-0.5073,-0.667,-0.7419,-0.6942,-0.6341,-0.5932,-0.5615,-0.5328,-0.5067,-0.4861,-0.4735,-0.4686,-0.4693,-0.6706,-0.681,-0.6868,-0.6863,-0.6809,-0.6739,-0.6643,-0.6409,-0.596,-0.56,-0.5796,-0.6416,-0.5389,-0.402,-0.4473,-0.7589,-1.0597,-0.7351,-0.4706,-0.1999,0.1391,0.0682,-0.195,-0.3948,-0.54,-0.6161,-0.6266,-0.6105,-0.5854,-0.5536,-0.5163,-0.4792,-0.4513,-0.4383,-0.4387,-0.4464,-0.6369,-0.6414,-0.6423,-0.639,-0.6317,-0.621,-0.6054,-0.5828,-0.5576,-0.5497,-0.5738,-0.5847,-0.6308,-0.641,-0.4436,-0.4369,-0.4573,-0.2896,-0.1097,-0.0086,0.2154,0.1343,-0.126,-0.3287,-0.4792,-0.5776,-0.6214,-0.6214,-0.5949,-0.5511,-0.493,-0.4323,-0.3913,-0.3824,-0.3964,-0.4179,-0.6082,-0.6088,-0.6066,-0.6011,-0.5923,-0.58,-0.5641,-0.5455,-0.5287,-0.5215,-0.5247,-0.5348,-0.6165,-0.5957,-0.2206,-0.0539,-0.0875,0.0743,0.2505,0.1325,0.0867,0.0141,-0.1385,-0.3207,-0.5065,-0.6614,-0.719,-0.6862,-0.6288,-0.5576,-0.4601,-0.352,-0.2898,-0.2989,-0.3429,-0.3873,-0.5835,-0.5816,-0.5772,-0.5702,-0.5603,-0.5476,-0.5323,-0.5156,-0.4997,-0.4865,-0.4744,-0.4582,-0.4202,-0.2319,0.3331,0.5445,0.1573,0.1729,0.2912,0.3483,0.1967,0.0357,-0.1227,-0.3219,-0.5777,-0.8472,-0.9072,-0.7761,-0.676,-0.5787,-0.429,-0.2426,-0.1529,-0.2046,-0.2943,-0.3647,-0.5622,-0.5585,-0.5526,-0.5445,-0.534,-0.521,-0.5059,-0.4891,-0.4711,-0.4511,-0.4252,-0.3827,-0.2938,-0.084,0.3057,0.4331,0.2029,0.2362,0.5753,0.7319,0.3498,0.1268,-0.0399,-0.266,-0.5686,-0.8813,-0.9443,-0.7935,-0.7208,-0.634,-0.4534,-0.2034,-0.0918,-0.1724,-0.2851,-0.3649,-0.5437,-0.5386,-0.5318,-0.5229,-0.5118,-0.4986,-0.4832,-0.4655,-0.445,-0.42,-0.3861,-0.3341,-0.2476,-0.1081,0.0581,0.1337,0.1291,0.2141,0.423,0.4964,0.3467,0.2733,0.1761,-0.0933,-0.4386,-0.6806,-0.7271,-0.7487,-0.795,-0.7628,-0.5934,-0.3552,-0.2302,-0.262,-0.3362,-0.3948,-0.5275,-0.5215,-0.5139,-0.5045,-0.493,-0.4795,-0.4636,-0.4451,-0.4231,-0.3958,-0.3598,-0.31,-0.2407,-0.152,-0.0615,0.0036,0.0541,0.1315,0.2332,0.3026,0.3896,0.6222,0.6648,0.221,-0.2828,-0.6038,-0.6929,-0.7754,-1.0187,-1.0324,-0.8316,-0.5982,-0.4519,-0.4115,-0.4228,-0.4442,-0.5134,-0.5068,-0.4986,-0.4887,-0.477,-0.4633,-0.4472,-0.4284,-0.4059,-0.3785,-0.344,-0.3003,-0.246,-0.1835,-0.1203,-0.0628,-0.0065,0.0599,0.1399,0.2473,0.4721,0.912,1.0441,0.4552,-0.1545,-0.538,-0.7447,-1.0588,-1.536,-1.4183,-1.0709,-0.7955,-0.6248,-0.5397,-0.506,-0.4957,-0.5011,-0.494,-0.4855,-0.4754,-0.4636,-0.4498,-0.4338,-0.4152,-0.3932,-0.367,-0.3355,-0.2979,-0.2542,-0.2059,-0.1561,-0.1063,-0.0545,0.0047,0.0794,0.1914,0.3883,0.6582,0.6998,0.3259,-0.135,-0.4949,-0.7955,-1.2047,-1.6053,-1.4811,-1.1468,-0.886,-0.7185,-0.6199,-0.5656,-0.5368]},{"header":{"la1":42.85,"la2":41.18,"lo1":11.55,"lo2":14.05,"nx":36,"ny":24,"dx":0.07143,"dy":0.07261,"parameterCategory":2,"parameterNumber":3,"parameterNumberName":"northward_wind","parameterUnit":"m.s-1"},"data":[-0.4009,-0.4054,-0.4087,-0.4106,-0.4106,-0.4084,-0.4035,-0.3952,-0.383,-0.3669,-0.3471,-0.3244,-0.2998,-0.2742,-0.2484,-0.223,-0.1991,-0.1776,-0.1599,-0.1465,-0.1375,-0.1321,-0.1294,-0.1283,-0.1283,-0.129,-0.1301,-0.1316,-0.1334,-0.1356,-0.1381,-0.1409,-0.1438,-0.1469,-0.1501,-0.1532,-0.4173,-0.4235,-0.4284,-0.4318,-0.4334,-0.4328,-0.4291,-0.4213,-0.4084,-0.39,-0.3667,-0.3396,-0.3102,-0.2797,-0.2487,-0.218,-0.1887,-0.1624,-0.1412,-0.1267,-0.1186,-0.1155,-0.1154,-0.1167,-0.1185,-0.1206,-0.1229,-0.1253,-0.128,-0.1309,-0.1342,-0.1377,-0.1413,-0.1451,-0.1489,-0.1526,-0.4351,-0.4432,-0.4501,-0.4554,-0.459,-0.4605,-0.459,-0.4528,-0.4398,-0.4188,-0.3906,-0.3577,-0.3224,-0.286,-0.2491,-0.2116,-0.1744,-0.1404,-0.1139,-0.0983,-0.0931,-0.0947,-0.0991,-0.1039,-0.1082,-0.112,-0.1155,-0.119,-0.1225,-0.1263,-0.1304,-0.1347,-0.1391,-0.1437,-0.1482,-0.1525,-0.4544,-0.4649,-0.4739,-0.4814,-0.4872,-0.4914,-0.4934,-0.4907,-0.4788,-0.4545,-0.4195,-0.3788,-0.3363,-0.2936,-0.2501,-0.2043,-0.1558,-0.1085,-0.0722,-0.056,-0.0582,-0.0692,-0.081,-0.0907,-0.098,-0.1036,-0.1083,-0.1127,-0.1171,-0.1218,-0.1268,-0.132,-0.1374,-0.1428,-0.1481,-0.1532,-0.4754,-0.4888,-0.5004,-0.51,-0.5177,-0.5245,-0.531,-0.5346,-0.5265,-0.498,-0.4532,-0.4022,-0.3517,-0.303,-0.2537,-0.1989,-0.1341,-0.0626,-0.0059,0.009,-0.0115,-0.0403,-0.0631,-0.0784,-0.0885,-0.0956,-0.1013,-0.1066,-0.1119,-0.1175,-0.1235,-0.1298,-0.1362,-0.1426,-0.1489,-0.1548,-0.4985,-0.5156,-0.5304,-0.542,-0.5507,-0.5583,-0.5671,-0.5778,-0.5775,-0.5451,-0.4882,-0.4258,-0.3674,-0.3147,-0.263,-0.2018,-0.1182,-0.0065,0.0934,0.1013,0.0414,-0.0145,-0.0491,-0.0689,-0.0806,-0.0885,-0.0947,-0.1006,-0.1068,-0.1134,-0.1206,-0.1281,-0.1358,-0.1435,-0.1508,-0.1576,-0.5237,-0.5464,-0.5658,-0.5799,-0.5885,-0.5935,-0.5974,-0.6022,-0.6051,-0.5793,-0.5191,-0.4475,-0.3822,-0.3294,-0.2824,-0.2236,-0.1298,0.0189,0.1735,0.1704,0.0682,-0.0055,-0.044,-0.0637,-0.0748,-0.0822,-0.0885,-0.0948,-0.1018,-0.1096,-0.1182,-0.1273,-0.1366,-0.1457,-0.1543,-0.1621,-0.5511,-0.5822,-0.6097,-0.6283,-0.6362,-0.6379,-0.6364,-0.6269,-0.6194,-0.6115,-0.555,-0.4692,-0.3944,-0.3473,-0.3186,-0.276,-0.1886,-0.0512,0.0866,0.0995,0.0307,-0.0214,-0.0485,-0.0622,-0.0702,-0.0763,-0.0822,-0.0889,-0.0969,-0.1061,-0.1164,-0.1275,-0.1388,-0.1497,-0.1598,-0.1687,-0.5789,-0.623,-0.6656,-0.6944,-0.7006,-0.6983,-0.7071,-0.7275,-0.7515,-0.7372,-0.6322,-0.4952,-0.3989,-0.3665,-0.3864,-0.3799,-0.2841,-0.1624,-0.067,-0.0296,-0.0355,-0.0483,-0.0566,-0.0615,-0.0656,-0.07,-0.0756,-0.0828,-0.0919,-0.1029,-0.1156,-0.1293,-0.1432,-0.1564,-0.1683,-0.1784,-0.6026,-0.6639,-0.7328,-0.786,-0.7851,-0.7653,-0.7936,-0.8859,-1.0477,-1.0658,-0.7811,-0.5143,-0.3818,-0.3714,-0.5039,-0.5809,-0.3781,-0.2302,-0.1506,-0.1048,-0.0797,-0.0665,-0.06,-0.058,-0.0594,-0.063,-0.0685,-0.0762,-0.0868,-0.1002,-0.1161,-0.1334,-0.1507,-0.1668,-0.1807,-0.192,-0.614,-0.6893,-0.7866,-0.88,-0.8693,-0.8155,-0.8633,-1.0055,-1.4236,-1.646,-0.9173,-0.48,-0.3283,-0.3257,-0.4657,-0.5794,-0.3542,-0.2414,-0.192,-0.1423,-0.0983,-0.0692,-0.0543,-0.0498,-0.0517,-0.0563,-0.0618,-0.0696,-0.0815,-0.0982,-0.1186,-0.1408,-0.1628,-0.1826,-0.1989,-0.2112,-0.6056,-0.6801,-0.7755,-0.8655,-0.8575,-0.8308,-0.9203,-1.0282,-1.1855,-1.2823,-0.7244,-0.3479,-0.2533,-0.3187,-0.2998,-0.267,-0.2281,-0.2741,-0.2764,-0.1779,-0.0983,-0.055,-0.0377,-0.0375,-0.0464,-0.0545,-0.0582,-0.0635,-0.0761,-0.097,-0.124,-0.1536,-0.1821,-0.2066,-0.2254,-0.2381,-0.5774,-0.6371,-0.7039,-0.7569,-0.7726,-0.8148,-0.9543,-1.1097,-1.0103,-0.7508,-0.4032,-0.164,-0.1218,-0.3223,-0.2577,-0.0868,-0.1032,-0.4498,-0.4599,-0.1935,-0.068,-0.018,-0.008,-0.0234,-0.052,-0.0683,-0.062,-0.0577,-0.0697,-0.097,-0.1343,-0.175,-0.2129,-0.2433,-0.2641,-0.2755,-0.537,-0.5792,-0.6218,-0.6568,-0.6874,-0.7464,-0.8623,-0.988,-0.8691,-0.4853,-0.1689,-0.0464,-0.0063,0.3263,0.1005,0.2167,0.2822,-0.1279,-0.2459,-0.0828,0.0191,0.0549,0.0411,-0.0025,-0.0652,-0.0961,-0.0674,-0.047,-0.0598,-0.0988,-0.1532,-0.2113,-0.2625,-0.2997,-0.3206,-0.3274,-0.4918,-0.5197,-0.5461,-0.5691,-0.5923,-0.6253,-0.6661,-0.6621,-0.4965,-0.1836,0.0741,0.1882,0.2911,0.5654,0.3298,0.7059,1.2773,0.4749,0.1048,0.0911,0.1804,0.1884,0.119,0.045,-0.0279,-0.0643,-0.0354,-0.0161,-0.0412,-0.1035,-0.187,-0.2733,-0.344,-0.3875,-0.4032,-0.3983,-0.4465,-0.463,-0.4769,-0.4868,-0.4922,-0.4909,-0.4691,-0.3906,-0.2104,0.0678,0.3382,0.5107,0.4375,0.3896,0.365,0.6492,0.9976,0.4592,0.1458,0.1926,0.4524,0.395,0.2064,0.1126,0.0702,0.0559,0.0653,0.0543,-0.0067,-0.113,-0.2471,-0.3806,-0.4797,-0.5248,-0.5222,-0.4922,-0.4035,-0.4108,-0.4143,-0.412,-0.4012,-0.3761,-0.3248,-0.2287,-0.072,0.1383,0.3293,0.3955,0.4942,0.5249,0.3175,0.293,0.2772,0.0513,-0.1065,0.0857,0.4777,0.4108,0.22,0.1653,0.1884,0.2343,0.2457,0.1827,0.052,-0.1301,-0.3497,-0.5653,-0.7057,-0.7351,-0.6859,-0.6084,-0.3641,-0.3643,-0.3598,-0.3485,-0.3273,-0.2913,-0.2334,-0.1463,-0.0286,0.1056,0.2204,0.308,0.4669,0.4768,0.1491,0.0033,-0.0508,-0.3315,-0.6045,-0.2328,0.0741,0.1608,0.1531,0.2019,0.341,0.5221,0.5601,0.3869,0.1352,-0.1559,-0.5067,-0.8645,-1.0625,-1.031,-0.8852,-0.733,-0.3291,-0.3242,-0.3143,-0.2977,-0.2717,-0.2334,-0.1796,-0.1087,-0.0237,0.0651,0.1428,0.2038,0.2377,0.1381,-0.2042,-0.328,-0.194,-0.3511,-0.4999,-0.3259,-0.1459,-0.0092,0.0853,0.2261,0.5068,0.9415,1.0324,0.6105,0.2081,-0.182,-0.6789,-1.2396,-1.5025,-1.3447,-1.064,-0.8314,-0.2989,-0.2906,-0.2776,-0.2585,-0.2317,-0.1958,-0.1496,-0.0939,-0.0324,0.028,0.0782,0.1075,0.0949,-0.0053,-0.2105,-0.2829,-0.2091,-0.2639,-0.3593,-0.3864,-0.2295,-0.0936,0.0213,0.1939,0.5085,1.0059,1.1131,0.5888,0.2006,-0.1855,-0.722,-1.3862,-1.6835,-1.4557,-1.1181,-0.8589,-0.2735,-0.2632,-0.2487,-0.2292,-0.2038,-0.1719,-0.1337,-0.0906,-0.0457,-0.0041,0.0274,0.0404,0.0233,-0.0341,-0.1152,-0.1604,-0.1742,-0.2188,-0.288,-0.301,-0.221,-0.1534,-0.079,0.0786,0.313,0.4943,0.4198,0.3271,0.1185,-0.1661,-0.5645,-1.069,-1.3401,-1.2339,-1.0021,-0.7996,-0.2523,-0.2411,-0.2264,-0.2077,-0.1846,-0.1572,-0.1261,-0.0926,-0.0595,-0.0304,-0.0099,-0.0031,-0.0147,-0.0449,-0.0841,-0.117,-0.1441,-0.1766,-0.2085,-0.2179,-0.2178,-0.2611,-0.2588,-0.0852,0.1324,0.2626,0.289,0.2162,-0.0172,-0.1791,-0.3805,-0.6665,-0.8716,-0.8916,-0.8004,-0.6862,-0.2349,-0.2235,-0.2093,-0.1921,-0.1717,-0.1484,-0.1231,-0.097,-0.0721,-0.0511,-0.0368,-0.0321,-0.0386,-0.0555,-0.0782,-0.1017,-0.1245,-0.1475,-0.1686,-0.1891,-0.2353,-0.3471,-0.3832,-0.1941,0.0124,0.1325,0.1517,-0.0084,-0.2429,-0.2453,-0.2907,-0.4325,-0.5676,-0.6259,-0.6131,-0.5652,-0.2208,-0.2097,-0.1964,-0.1807,-0.163,-0.1434,-0.1227,-0.1021,-0.083,-0.0671,-0.0565,-0.0524,-0.0557,-0.0656,-0.0798,-0.0962,-0.1132,-0.1305,-0.1483,-0.1717,-0.215,-0.2804,-0.2876,-0.1779,-0.0495,0.0215,0.003,-0.1329,-0.2735,-0.2591,-0.259,-0.3261,-0.4076,-0.4607,-0.4757,-0.463]}]