docs/data/wind_grid.json
[{"header":{"la1":42.85,"la2":41.18,"lo1":11.55,"lo2":14.05,"nx":36,"ny":24,"dx":0.07143,"dy":0.07261,"parameterCategory":2,"parameterNumber":2,"parameterNumberName":"eastward_wind","parameterUnit":"m.s-1"},"data":[0.8909,0.8899,0.8893,0.8887,0.8876,0.8852,0.8803,0.872,0.8592,0.8415,0.8189,0.792,0.7619,0.7299,0.6976,0.6675,0.643,0.6282,0.6268,0.64,0.6642,0.6921,0.7164,0.7337,0.7449,0.7523,0.7581,0.7635,0.7688,0.7742,0.7794,0.7845,0.7893,0.7938,0.7981,0.802,0.8908,0.8906,0.8913,0.8926,0.894,0.8943,0.8921,0.8854,0.8726,0.8528,0.8259,0.7931,0.7556,0.715,0.6728,0.6319,0.5969,0.5751,0.5749,0.6004,0.6455,0.6937,0.7292,0.7477,0.7549,0.7577,0.7602,0.7636,0.768,0.7729,0.7779,0.783,0.7878,0.7924,0.7966,0.8006,0.8891,0.8893,0.8914,0.8952,0.9003,0.9052,0.9076,0.9044,0.8926,0.8703,0.8378,0.7972,0.7504,0.699,0.644,0.5873,0.5343,0.4972,0.4955,0.544,0.633,0.7223,0.7727,0.7827,0.7755,0.7676,0.764,0.7644,0.7674,0.7718,0.7767,0.7817,0.7865,0.791,0.7952,0.7991,0.8847,0.8848,0.888,0.8948,0.9051,0.9171,0.9277,0.9317,0.9227,0.8969,0.8561,0.8049,0.7466,0.6824,0.6118,0.5334,0.4496,0.3771,0.3594,0.4478,0.6358,0.8181,0.88,0.8489,0.8058,0.7792,0.7675,0.7648,0.7667,0.7707,0.7755,0.7804,0.7852,0.7896,0.7937,0.7976,0.8766,0.8751,0.8783,0.8881,0.9054,0.9283,0.9528,0.9711,0.9687,0.9363,0.8816,0.8158,0.7436,0.6654,0.5783,0.4743,0.3423,0.1889,0.0978,0.2374,0.6437,1.0446,1.0802,0.9335,0.8322,0.7854,0.7678,0.7635,0.7652,0.7694,0.7743,0.7792,0.7839,0.7882,0.7922,0.7959,0.864,0.858,0.8581,0.8696,0.8959,0.9343,0.9799,1.0243,1.0358,0.9878,0.9108,0.827,0.7393,0.6466,0.5456,0.4213,0.2352,-0.0684,-0.4084,-0.2618,0.5003,1.2037,1.1925,0.9495,0.8254,0.7776,0.7621,0.7599,0.7629,0.7678,0.773,0.778,0.7825,0.7866,0.7903,0.7938,0.8471,0.8321,0.8223,0.8304,0.8678,0.9275,0.9958,1.066,1.0932,1.0269,0.933,0.8347,0.7302,0.6204,0.5081,0.3838,0.1891,-0.2237,-0.9327,-0.8356,0.1731,0.7785,0.9073,0.8312,0.7765,0.7556,0.7517,0.7546,0.7601,0.7661,0.7717,0.7766,0.7809,0.7846,0.788,0.7912,0.8286,0.8003,0.7705,0.7628,0.8148,0.9049,0.9904,1.0516,1.0685,1.0278,0.9478,0.8407,0.7146,0.5748,0.4383,0.3336,0.223,-0.0298,-0.4288,-0.2969,0.265,0.5115,0.6466,0.7032,0.7217,0.7319,0.7408,0.7495,0.7574,0.7644,0.7702,0.775,0.7788,0.782,0.7849,0.7876,0.8139,0.7743,0.7276,0.6996,0.7608,0.882,0.9929,1.063,1.0918,1.0723,0.9872,0.8562,0.6976,0.4992,0.2666,0.1586,0.2207,0.2228,0.1699,0.2785,0.4728,0.495,0.5733,0.649,0.693,0.7178,0.7337,0.7456,0.7551,0.7627,0.7685,0.7728,0.7758,0.7782,0.7804,0.7828,0.8074,0.7609,0.7126,0.6904,0.7219,0.8698,1.029,1.1439,1.2358,1.2374,1.0781,0.8875,0.6965,0.4337,-0.0852,-0.355,0.1219,0.3459,0.4058,0.451,0.4932,0.522,0.5893,0.6515,0.691,0.7142,0.7297,0.7423,0.7527,0.7607,0.7662,0.7695,0.7714,0.7727,0.7741,0.776,0.8112,0.7543,0.6596,0.4932,0.546,0.863,1.1033,1.2491,1.4317,1.5236,1.1754,0.9164,0.7205,0.5059,0.0126,-0.3501,0.2171,0.4499,0.5187,0.5509,0.5735,0.6028,0.6453,0.6809,0.7005,0.7111,0.7224,0.7361,0.7488,0.7578,0.7628,0.7646,0.7647,0.7644,0.7647,0.7662,0.83,0.775,0.6751,0.5228,0.5937,0.9487,1.2286,1.3674,1.3926,1.3912,1.1424,0.9314,0.743,0.5655,0.5084,0.442,0.5078,0.5396,0.559,0.616,0.6592,0.6879,0.7078,0.7118,0.6984,0.6877,0.6992,0.7226,0.7425,0.7539,0.7578,0.757,0.7542,0.7517,0.7508,0.7522,0.8636,0.8304,0.7861,0.762,0.8587,1.0868,1.328,1.4953,1.4103,1.243,1.0905,0.9955,0.8598,0.5589,0.6017,0.6961,0.6724,0.4816,0.4777,0.6538,0.7346,0.7663,0.7662,0.7299,0.6566,0.6113,0.6481,0.7026,0.7362,0.7498,0.7506,0.7448,0.7374,0.7318,0.73,0.7322,0.9025,0.8926,0.8905,0.9176,1.002,1.1409,1.2959,1.413,1.3582,1.1928,1.0871,1.0941,1.0932,1.0389,0.8117,0.8501,0.7993,0.648,0.621,0.7514,0.8303,0.8538,0.8305,0.7502,0.5967,0.5067,0.6001,0.6941,0.7371,0.7471,0.7395,0.7245,0.7097,0.7003,0.6985,0.7035,0.9374,0.9417,0.9567,0.9914,1.0523,1.133,1.2122,1.2544,1.2207,1.1508,1.1119,1.0808,0.9191,0.5507,0.8457,0.8722,0.7627,0.8089,0.8384,0.9034,0.9588,0.9617,0.9139,0.8174,0.6674,0.581,0.6498,0.7235,0.7506,0.7447,0.7202,0.6891,0.663,0.6497,0.6509,0.663,0.9645,0.9749,0.9936,1.0235,1.0645,1.1104,1.1488,1.1644,1.1536,1.1463,1.1856,1.2471,1.1023,0.8925,0.9054,0.8775,0.8232,0.9194,1.0007,1.0478,1.0775,1.063,1.0028,0.918,0.8226,0.7641,0.7665,0.7799,0.7714,0.7375,0.6844,0.6261,0.5827,0.568,0.5801,0.6077,0.9839,0.9961,1.0135,1.0368,1.0645,1.0922,1.1138,1.1246,1.1281,1.1414,1.1773,1.1722,1.1075,1.0711,1.0454,1.0407,1.0505,1.1367,1.2197,1.1888,1.1113,1.1059,1.074,1.0063,0.9366,0.8883,0.8603,0.8325,0.7887,0.7191,0.6213,0.5149,0.4444,0.438,0.4794,0.5374,0.9976,1.0094,1.0244,1.0425,1.0621,1.0808,1.0959,1.1061,1.114,1.1241,1.1339,1.1296,1.1132,1.1267,1.2594,1.3358,1.2936,1.3804,1.4797,1.4138,1.2964,1.2173,1.1556,1.0781,1.003,0.9533,0.9196,0.8703,0.7985,0.6901,0.5248,0.3302,0.2171,0.2474,0.3523,0.4601,1.0072,1.018,1.0309,1.0453,1.0603,1.0746,1.0869,1.0972,1.1063,1.1158,1.1257,1.1383,1.1689,1.286,1.6854,1.8564,1.5107,1.5133,1.6219,1.8104,1.5992,1.3937,1.2618,1.1437,1.0335,0.9779,0.9625,0.8897,0.7994,0.6645,0.4216,0.0917,-0.0772,0.0363,0.2351,0.3987,1.0141,1.0239,1.0351,1.0471,1.0595,1.0716,1.0828,1.0934,1.1041,1.1163,1.1327,1.1602,1.2188,1.3622,1.6576,1.7606,1.5753,1.673,2.2269,2.5021,1.8737,1.5586,1.3917,1.2254,1.0526,0.9687,0.9565,0.8458,0.7827,0.6691,0.4042,-0.0021,-0.203,-0.0397,0.2013,0.3846,1.0193,1.0283,1.0382,1.0487,1.0596,1.0706,1.0816,1.0928,1.1052,1.1204,1.1415,1.1749,1.2327,1.3302,1.4534,1.5151,1.5332,1.6748,1.9963,2.11,1.8546,1.7154,1.6113,1.3786,1.091,0.8454,0.6267,0.6684,0.762,0.726,0.5311,0.2193,0.0407,0.1198,0.2864,0.4305,1.0232,1.0316,1.0406,1.0503,1.0603,1.0708,1.0817,1.0936,1.1072,1.1242,1.147,1.1795,1.2266,1.2897,1.3581,1.415,1.4751,1.5793,1.7155,1.7909,1.8415,2.0406,2.08,1.6619,1.1844,0.7722,0.4377,0.5971,0.8327,0.8487,0.7172,0.5178,0.3775,0.3666,0.4332,0.5149,1.0264,1.0342,1.0427,1.0517,1.0613,1.0715,1.0824,1.0946,1.1089,1.1263,1.1486,1.1779,1.2156,1.2613,1.3109,1.362,1.4209,1.4968,1.5861,1.6904,1.8956,2.3229,2.4571,1.8843,1.3146,0.9309,0.7431,0.8497,1.0412,1.0036,0.8666,0.7187,0.6084,0.5637,0.5722,0.6061,1.0289,1.0363,1.0444,1.053,1.0622,1.0721,1.0831,1.0953,1.1096,1.1266,1.1475,1.1732,1.2044,1.2406,1.2808,1.325,1.3758,1.4369,1.5128,1.6207,1.8072,2.0701,2.1153,1.7678,1.3624,1.08,0.9512,0.9828,1.0718,1.0366,0.9299,0.823,0.74,0.6926,0.6781,0.6854]},{"header":{"la1":42.85,"la2":41.18,"lo1":11.55,"lo2":14.05,"nx":36,"ny":24,"dx":0.07143,"dy":0.07261,"parameterCategory":2,"parameterNumber":3,"parameterNumberName":"northward_wind","parameterUnit":"m.s-1"},"data":[0.3296,0.3479,0.3687,0.3919,0.4165,0.4409,0.4619,0.4765,0.4822,0.4788,0.4685,0.4545,0.4398,0.426,0.4142,0.4048,0.3985,0.396,0.3981,0.4042,0.4118,0.4161,0.4126,0.3993,0.378,0.3518,0.3238,0.2959,0.2693,0.2444,0.2212,0.1999,0.1802,0.1622,0.1458,0.1308,0.3295,0.3504,0.3754,0.4047,0.4379,0.4727,0.5044,0.5266,0.534,0.5258,0.5069,0.4838,0.4616,0.4424,0.4266,0.4141,0.4058,0.4032,0.4087,0.4231,0.4426,0.4576,0.4576,0.4396,0.4087,0.3725,0.336,0.3018,0.2704,0.242,0.2162,0.1929,0.1717,0.1526,0.1352,0.1196,0.3266,0.35,0.3793,0.4159,0.4609,0.5125,0.5637,0.6013,0.6122,0.5939,0.5579,0.5189,0.4855,0.4593,0.4387,0.422,0.4096,0.4047,0.4135,0.4414,0.485,0.5233,0.5291,0.4979,0.4476,0.395,0.347,0.3051,0.2686,0.2367,0.2084,0.1833,0.1607,0.1405,0.1224,0.1062,0.3202,0.3453,0.3782,0.4223,0.4823,0.5604,0.6488,0.721,0.7405,0.6983,0.6261,0.5591,0.5102,0.4766,0.4512,0.4289,0.4085,0.3954,0.4029,0.45,0.5431,0.6371,0.649,0.5798,0.4915,0.4147,0.3532,0.3035,0.2624,0.2274,0.1971,0.1704,0.1468,0.1257,0.107,0.0904,0.3099,0.3356,0.3701,0.4191,0.4943,0.61,0.7687,0.9249,0.9704,0.8649,0.7128,0.5991,0.5322,0.4939,0.4662,0.4375,0.4032,0.368,0.3565,0.4193,0.6033,0.8295,0.8319,0.6694,0.5238,0.4219,0.3492,0.2941,0.25,0.2131,0.1815,0.1538,0.1293,0.1077,0.0886,0.0718,0.296,0.3219,0.3555,0.4025,0.4832,0.6367,0.9074,1.262,1.3902,1.1096,0.7966,0.6229,0.546,0.5123,0.4886,0.4552,0.4009,0.3221,0.2468,0.2946,0.5672,0.9479,0.927,0.6841,0.5125,0.4046,0.3304,0.2748,0.2302,0.193,0.161,0.1329,0.1081,0.0861,0.0668,0.05,0.2789,0.308,0.3437,0.3802,0.4396,0.5942,0.9479,1.5668,1.8583,1.2761,0.7974,0.605,0.5474,0.5363,0.5278,0.4956,0.4231,0.2977,0.1328,0.1515,0.3909,0.634,0.677,0.5578,0.4446,0.3602,0.296,0.245,0.2029,0.1669,0.1354,0.1074,0.0826,0.0605,0.0412,0.0246,0.2568,0.2963,0.3569,0.3945,0.3861,0.4649,0.7285,1.1935,1.4007,0.9639,0.6324,0.5357,0.5416,0.5759,0.6002,0.5793,0.495,0.3623,0.23,0.2193,0.2586,0.3191,0.3974,0.3983,0.3539,0.3003,0.2502,0.2064,0.1683,0.1348,0.1046,0.0772,0.0524,0.0304,0.0113,-0.005,0.2213,0.2669,0.3842,0.4945,0.3466,0.2973,0.3906,0.5055,0.4976,0.3795,0.3631,0.4428,0.5439,0.643,0.7334,0.7418,0.6188,0.4657,0.3441,0.2508,0.1245,0.1538,0.2621,0.2935,0.2747,0.2373,0.1974,0.1607,0.1276,0.0972,0.0686,0.0419,0.0172,-0.0048,-0.0238,-0.0394,0.1646,0.1722,0.2245,0.2668,0.1003,0.0997,0.1285,0.0507,-0.1803,-0.2494,0.0661,0.3687,0.5699,0.7269,0.9415,1.0424,0.7569,0.5376,0.3982,0.2839,0.1747,0.1786,0.2289,0.2351,0.2095,0.1731,0.1385,0.1086,0.0814,0.0547,0.0278,0.0013,-0.0237,-0.0461,-0.0649,-0.0797,0.1023,0.0425,-0.1017,-0.4308,-0.3837,-0.0803,-0.0108,-0.1555,-0.7477,-1.0733,-0.1613,0.3677,0.638,0.7976,0.9583,1.0632,0.7554,0.5328,0.4049,0.3258,0.2658,0.2373,0.2214,0.1892,0.1424,0.0986,0.069,0.0495,0.0308,0.0084,-0.0176,-0.0452,-0.0717,-0.095,-0.1137,-0.1272,0.0644,-0.0193,-0.1858,-0.4335,-0.3783,-0.1037,-0.0265,-0.072,-0.3855,-0.6099,0.0098,0.4687,0.7522,0.9575,0.9195,0.8161,0.6451,0.4171,0.3172,0.3136,0.2882,0.2497,0.2012,0.1333,0.0531,-0.0038,-0.018,-0.0159,-0.0218,-0.0404,-0.0678,-0.0989,-0.1289,-0.1542,-0.1727,-0.184,0.0592,-0.0047,-0.0952,-0.1722,-0.1355,-0.0352,-0.0006,-0.0004,-0.0227,0.0056,0.279,0.5927,0.7992,1.0335,0.9695,0.8136,0.6267,0.1664,0.1226,0.2794,0.2849,0.2437,0.1745,0.0667,-0.0739,-0.1537,-0.1224,-0.0798,-0.071,-0.0898,-0.1238,-0.163,-0.1995,-0.2279,-0.2457,-0.2531,0.0727,0.0346,-0.0051,-0.0263,-0.0106,0.0192,0.0264,0.016,0.0386,0.1496,0.3554,0.6658,0.8011,1.1043,0.8875,0.9702,0.7932,0.3932,0.2578,0.3,0.2904,0.2465,0.1629,0.0224,-0.1848,-0.2931,-0.1978,-0.1207,-0.1099,-0.1396,-0.1892,-0.2437,-0.2911,-0.3236,-0.3385,-0.3381,0.0907,0.0697,0.0519,0.0447,0.0504,0.0604,0.0652,0.071,0.0995,0.1498,0.2169,0.3793,0.6143,0.7067,0.8011,1.0015,0.7451,0.5602,0.3838,0.3272,0.3298,0.2912,0.185,0.0421,-0.1309,-0.2228,-0.1664,-0.1218,-0.1368,-0.1933,-0.2716,-0.3524,-0.417,-0.4529,-0.4593,-0.4436,0.1065,0.0948,0.0863,0.0833,0.086,0.0915,0.0974,0.1045,0.1064,0.0547,-0.145,0.0211,0.2236,0.4761,0.5676,0.6505,0.632,0.4613,0.3115,0.3158,0.4859,0.4223,0.2244,0.0847,-0.0162,-0.0704,-0.0775,-0.0951,-0.1561,-0.2573,-0.3836,-0.5091,-0.5999,-0.6345,-0.6186,-0.5732,0.1182,0.1115,0.1072,0.1059,0.1077,0.1113,0.1149,0.1152,0.0991,0.0291,-0.12,-0.0034,0.0229,0.0138,0.2445,0.3157,0.3048,0.1791,0.0749,0.1842,0.4935,0.4154,0.1954,0.0881,0.0507,0.0467,0.0289,-0.0422,-0.1668,-0.3357,-0.5406,-0.7451,-0.8766,-0.8927,-0.8245,-0.7255,0.1261,0.122,0.1195,0.1189,0.1198,0.1215,0.1223,0.1186,0.1038,0.0712,0.0394,0.0384,-0.0414,-0.0838,-0.1165,-0.1688,-0.0604,-0.1337,-0.2577,-0.1194,0.0672,0.1166,0.0637,0.0473,0.1091,0.2229,0.2331,0.067,-0.1632,-0.4266,-0.7506,-1.0949,-1.2883,-1.24,-1.0663,-0.8849,0.1306,0.1279,0.1261,0.1254,0.1253,0.1253,0.1238,0.1187,0.1076,0.0899,0.0691,0.0395,-0.0265,-0.1856,-0.7333,-0.9769,-0.3824,-0.2795,-0.3619,-0.4827,-0.3026,-0.16,-0.103,-0.0257,0.1756,0.5502,0.6295,0.2081,-0.1711,-0.5199,-0.9706,-1.5124,-1.7811,-1.6009,-1.2816,-1.013,0.1326,0.1303,0.1287,0.1274,0.1263,0.1246,0.1213,0.1151,0.1045,0.0882,0.0637,0.0216,-0.0636,-0.2621,-0.6833,-0.8219,-0.4613,-0.426,-0.8216,-1.028,-0.5752,-0.3842,-0.3003,-0.1677,0.1002,0.581,0.6886,0.1075,-0.2683,-0.6022,-1.0642,-1.6807,-1.9799,-1.7321,-1.3574,-1.0621,0.1324,0.1303,0.1283,0.1264,0.1241,0.1209,0.116,0.1083,0.0964,0.0785,0.0507,0.0053,-0.073,-0.2041,-0.368,-0.4287,-0.3833,-0.4427,-0.6694,-0.7645,-0.6381,-0.6355,-0.6158,-0.4314,-0.1874,-0.0578,-0.2396,-0.3144,-0.4697,-0.6948,-0.9932,-1.4029,-1.6373,-1.5126,-1.253,-1.0184,0.1307,0.1284,0.1259,0.1232,0.1198,0.1153,0.1089,0.0997,0.0865,0.0672,0.039,-0.0028,-0.0635,-0.1437,-0.2257,-0.2792,-0.3157,-0.3876,-0.5018,-0.6052,-0.7642,-1.1043,-1.2016,-0.8098,-0.466,-0.3866,-0.4865,-0.5225,-0.7622,-0.8832,-0.9467,-1.0952,-1.2171,-1.1929,-1.067,-0.9192,0.1279,0.1251,0.1221,0.1186,0.1142,0.1086,0.101,0.0906,0.0764,0.0568,0.03,-0.0063,-0.0532,-0.1088,-0.1658,-0.218,-0.2725,-0.3455,-0.4475,-0.6013,-0.9117,-1.4708,-1.6351,-1.0705,-0.6423,-0.5115,-0.557,-0.8182,-1.2568,-1.178,-0.9968,-0.9566,-0.975,-0.962,-0.8998,-0.8116,0.1242,0.121,0.1174,0.1132,0.1079,0.1013,0.0927,0.0816,0.0669,0.0477,0.0228,-0.0087,-0.047,-0.091,-0.1383,-0.1884,-0.2458,-0.3191,-0.4214,-0.5802,-0.8461,-1.1913,-1.2737,-0.971,-0.692,-0.5999,-0.6835,-0.9812,-1.3226,-1.2267,-1.0055,-0.8921,-0.8504,-0.8211,-0.7775,-0.7192]}]