docs/data/wind_grid.json
[{"header":{"la1":42.85,"la2":41.18,"lo1":11.55,"lo2":14.05,"nx":36,"ny":24,"dx":0.07143,"dy":0.07261,"parameterCategory":2,"parameterNumber":2,"parameterNumberName":"eastward_wind","parameterUnit":"m.s-1"},"data":[-0.3889,-0.4018,-0.4158,-0.4305,-0.4451,-0.4584,-0.4686,-0.4739,-0.4732,-0.4671,-0.4577,-0.4483,-0.4414,-0.439,-0.4416,-0.4485,-0.4582,-0.4679,-0.475,-0.4772,-0.4737,-0.465,-0.4527,-0.4383,-0.4233,-0.4086,-0.3947,-0.3818,-0.37,-0.3595,-0.3499,-0.3414,-0.3337,-0.3268,-0.3207,-0.3151,-0.3944,-0.4097,-0.427,-0.4462,-0.4664,-0.486,-0.5019,-0.5104,-0.5089,-0.4977,-0.4808,-0.4641,-0.4521,-0.4478,-0.4518,-0.4632,-0.4794,-0.4961,-0.5084,-0.5123,-0.5068,-0.4936,-0.4756,-0.4559,-0.4363,-0.4179,-0.4011,-0.3861,-0.3727,-0.361,-0.3506,-0.3414,-0.3333,-0.326,-0.3196,-0.3139,-0.3989,-0.4168,-0.4381,-0.4629,-0.4912,-0.521,-0.5477,-0.5637,-0.5617,-0.5415,-0.511,-0.4816,-0.4615,-0.4543,-0.4606,-0.479,-0.5059,-0.5346,-0.5558,-0.562,-0.5517,-0.5298,-0.5027,-0.4752,-0.4495,-0.4267,-0.4067,-0.3894,-0.3745,-0.3616,-0.3504,-0.3407,-0.3322,-0.3247,-0.3181,-0.3122,-0.4018,-0.4222,-0.4474,-0.4789,-0.518,-0.564,-0.6112,-0.6445,-0.6446,-0.6071,-0.5508,-0.4998,-0.4671,-0.4559,-0.4657,-0.4947,-0.539,-0.5888,-0.6262,-0.6346,-0.6131,-0.5749,-0.5332,-0.4949,-0.4618,-0.4341,-0.4109,-0.3914,-0.375,-0.3612,-0.3493,-0.3392,-0.3304,-0.3227,-0.316,-0.3101,-0.4024,-0.4246,-0.4532,-0.491,-0.5423,-0.6113,-0.6953,-0.7693,-0.7803,-0.7066,-0.5999,-0.5139,-0.4646,-0.4493,-0.464,-0.5072,-0.5775,-0.664,-0.7322,-0.741,-0.6935,-0.6261,-0.5635,-0.5121,-0.4713,-0.4388,-0.4127,-0.3914,-0.3739,-0.3594,-0.3471,-0.3367,-0.3278,-0.3201,-0.3133,-0.3075,-0.4003,-0.4231,-0.4531,-0.4946,-0.5554,-0.6482,-0.7864,-0.9456,-0.9927,-0.8409,-0.644,-0.5126,-0.4475,-0.4303,-0.4511,-0.5094,-0.6108,-0.7525,-0.8757,-0.8789,-0.7808,-0.6717,-0.5859,-0.5227,-0.4756,-0.4396,-0.4114,-0.389,-0.3709,-0.3561,-0.3437,-0.3333,-0.3244,-0.3168,-0.3101,-0.3043,-0.3953,-0.4173,-0.446,-0.486,-0.5464,-0.6467,-0.8216,-1.0804,-1.1908,-0.9233,-0.6343,-0.4771,-0.4094,-0.3959,-0.4232,-0.492,-0.6134,-0.7984,-0.9776,-0.9717,-0.8252,-0.688,-0.5907,-0.5225,-0.4728,-0.4354,-0.4066,-0.384,-0.3659,-0.3513,-0.3392,-0.329,-0.3203,-0.3128,-0.3063,-0.3007,-0.3879,-0.4079,-0.433,-0.4662,-0.5136,-0.5891,-0.7205,-0.9202,-0.995,-0.7549,-0.5194,-0.3986,-0.3495,-0.3457,-0.3799,-0.4528,-0.5695,-0.7315,-0.8827,-0.8872,-0.775,-0.6613,-0.5748,-0.5107,-0.4626,-0.4261,-0.398,-0.3762,-0.359,-0.345,-0.3335,-0.3238,-0.3155,-0.3082,-0.302,-0.2965,-0.3791,-0.3968,-0.4177,-0.4423,-0.4715,-0.5063,-0.5469,-0.5776,-0.5394,-0.4293,-0.3443,-0.2973,-0.2757,-0.2822,-0.3241,-0.4041,-0.5144,-0.6334,-0.7219,-0.7373,-0.6874,-0.6156,-0.5474,-0.4908,-0.4462,-0.4121,-0.3861,-0.3661,-0.3504,-0.3377,-0.3271,-0.318,-0.31,-0.3031,-0.297,-0.2918,-0.3696,-0.3857,-0.4039,-0.4235,-0.442,-0.4523,-0.4376,-0.3646,-0.2177,-0.1398,-0.1855,-0.2052,-0.1984,-0.2053,-0.2555,-0.3593,-0.4994,-0.6297,-0.7004,-0.6998,-0.6517,-0.5854,-0.5208,-0.4668,-0.4251,-0.3941,-0.3712,-0.3541,-0.3407,-0.3297,-0.3202,-0.3117,-0.3041,-0.2974,-0.2915,-0.2865,-0.3598,-0.3754,-0.3936,-0.4142,-0.4359,-0.4533,-0.4465,-0.3456,-0.0126,0.1397,-0.0881,-0.1433,-0.1218,-0.1061,-0.1633,-0.3205,-0.5561,-0.7876,-0.8734,-0.8016,-0.6821,-0.5762,-0.4958,-0.4385,-0.3992,-0.3726,-0.3544,-0.3412,-0.3308,-0.3218,-0.3133,-0.3053,-0.2979,-0.2911,-0.2853,-0.2805,-0.3495,-0.3652,-0.3849,-0.4105,-0.4453,-0.4945,-0.5608,-0.5851,-0.2857,-0.0406,-0.1213,-0.1137,-0.0536,0.0258,-0.0416,-0.289,-0.712,-1.243,-1.3395,-1.0196,-0.7372,-0.5623,-0.4598,-0.4007,-0.367,-0.3479,-0.3367,-0.329,-0.3222,-0.3151,-0.3073,-0.2991,-0.2911,-0.284,-0.2781,-0.2734,-0.3379,-0.3534,-0.3741,-0.4035,-0.4485,-0.5229,-0.6483,-0.7996,-0.6454,-0.3197,-0.169,-0.0999,-0.0437,0.0665,0.0077,-0.3061,-0.8867,-1.9798,-1.9949,-1.1787,-0.7201,-0.4987,-0.394,-0.3469,-0.3278,-0.3219,-0.3208,-0.32,-0.317,-0.311,-0.3026,-0.2929,-0.2835,-0.2754,-0.2691,-0.2648,-0.3243,-0.3384,-0.3577,-0.3856,-0.4283,-0.4958,-0.5966,-0.6995,-0.6007,-0.3206,-0.1522,-0.0908,-0.0743,-0.0054,-0.0988,-0.4202,-0.8583,-1.4633,-1.5227,-0.9296,-0.5302,-0.3476,-0.2863,-0.2762,-0.2849,-0.2989,-0.3113,-0.3182,-0.3179,-0.3111,-0.2996,-0.2863,-0.2737,-0.2639,-0.2574,-0.2539,-0.3087,-0.32,-0.3351,-0.3562,-0.3857,-0.4254,-0.4681,-0.4768,-0.379,-0.2102,-0.0972,-0.0542,-0.0136,0.0825,-0.1388,-0.6876,-1.1803,-0.8894,-0.7414,-0.4534,-0.186,-0.1083,-0.1458,-0.1995,-0.2479,-0.2879,-0.3159,-0.3295,-0.329,-0.3171,-0.298,-0.2769,-0.259,-0.247,-0.2411,-0.2397,-0.2915,-0.299,-0.3086,-0.3205,-0.3343,-0.3467,-0.3472,-0.3143,-0.229,-0.1119,-0.021,-0.0066,-0.0006,0.0005,-0.137,-0.5645,-0.9313,-0.581,-0.312,-0.0755,0.1881,0.1478,-0.0191,-0.1415,-0.2332,-0.3026,-0.346,-0.3619,-0.3545,-0.3298,-0.2953,-0.2603,-0.234,-0.2206,-0.2179,-0.2212,-0.2735,-0.2771,-0.281,-0.2845,-0.2858,-0.281,-0.2628,-0.2222,-0.1559,-0.0769,-0.0182,0.0007,0.08,0.117,0.0053,-0.1391,-0.2338,-0.0926,0.0686,0.1176,0.2478,0.1966,0.0236,-0.1274,-0.2586,-0.3611,-0.4162,-0.4241,-0.3982,-0.3491,-0.2867,-0.2277,-0.1902,-0.1792,-0.1858,-0.1985,-0.2558,-0.2558,-0.2549,-0.2521,-0.2454,-0.2321,-0.2082,-0.1708,-0.1213,-0.0683,-0.023,0.0265,0.1195,0.1656,0.2607,0.3058,0.1841,0.2838,0.4509,0.2776,0.1902,0.1247,0.005,-0.1539,-0.3316,-0.4785,-0.5359,-0.5182,-0.4612,-0.374,-0.2665,-0.1688,-0.1192,-0.1212,-0.1468,-0.1742,-0.2391,-0.2362,-0.2317,-0.2246,-0.2136,-0.1967,-0.1722,-0.1394,-0.0997,-0.0566,-0.011,0.0454,0.1269,0.2845,0.7538,0.9398,0.4531,0.3648,0.4371,0.399,0.2723,0.1433,0.0049,-0.1843,-0.4239,-0.6232,-0.6646,-0.6224,-0.5398,-0.4078,-0.2407,-0.0917,-0.0346,-0.0618,-0.1126,-0.1553,-0.2239,-0.2188,-0.2118,-0.2022,-0.1889,-0.1709,-0.1474,-0.118,-0.0834,-0.0441,0.0019,0.0622,0.1569,0.3457,0.7058,0.8129,0.4874,0.3825,0.5111,0.5792,0.3635,0.205,0.0563,-0.167,-0.4608,-0.6731,-0.7083,-0.7373,-0.6412,-0.4619,-0.2461,-0.0624,-0.0015,-0.0417,-0.1027,-0.1504,-0.2104,-0.2037,-0.1952,-0.1841,-0.1699,-0.1519,-0.1296,-0.1027,-0.0713,-0.0346,0.0097,0.0677,0.1514,0.2767,0.4215,0.4609,0.3818,0.356,0.4308,0.4572,0.3664,0.3116,0.2173,-0.0468,-0.4328,-0.7981,-1.1012,-1.027,-0.7778,-0.5357,-0.3093,-0.1351,-0.0666,-0.0837,-0.1258,-0.1627,-0.1986,-0.191,-0.1815,-0.1698,-0.1554,-0.1378,-0.1168,-0.0921,-0.0633,-0.0296,0.0106,0.0605,0.1235,0.1984,0.2661,0.2949,0.2897,0.2958,0.3275,0.3551,0.4091,0.5674,0.5872,0.2119,-0.3344,-0.9071,-1.3469,-1.184,-0.8459,-0.5851,-0.384,-0.2407,-0.1685,-0.1547,-0.1678,-0.186,-0.1886,-0.1803,-0.1704,-0.1585,-0.1443,-0.1275,-0.1079,-0.0852,-0.059,-0.029,0.0059,0.0465,0.0926,0.1409,0.1822,0.2083,0.2229,0.2402,0.2705,0.3276,0.4743,0.77,0.8565,0.4162,-0.166,-0.6798,-0.9868,-0.9542,-0.7594,-0.5703,-0.4196,-0.3104,-0.2445,-0.2151,-0.2081,-0.2108,-0.1801,-0.1716,-0.1616,-0.1498,-0.1361,-0.1203,-0.1021,-0.0814,-0.058,-0.0316,-0.0021,0.0305,0.0653,0.0997,0.1298,0.1535,0.173,0.195,0.2289,0.2929,0.4209,0.6016,0.6249,0.3398,-0.0656,-0.4207,-0.636,-0.6789,-0.6102,-0.5086,-0.4128,-0.3365,-0.2835,-0.2521,-0.2365,-0.2303]},{"header":{"la1":42.85,"la2":41.18,"lo1":11.55,"lo2":14.05,"nx":36,"ny":24,"dx":0.07143,"dy":0.07261,"parameterCategory":2,"parameterNumber":3,"parameterNumberName":"northward_wind","parameterUnit":"m.s-1"},"data":[-0.6717,-0.6649,-0.6564,-0.6462,-0.6346,-0.6221,-0.6098,-0.5984,-0.5884,-0.5789,-0.5687,-0.556,-0.5392,-0.5177,-0.4918,-0.4629,-0.4331,-0.4059,-0.3847,-0.3721,-0.3687,-0.3732,-0.3834,-0.3967,-0.4112,-0.426,-0.4402,-0.4537,-0.4664,-0.4783,-0.4895,-0.5,-0.5098,-0.5191,-0.5277,-0.5357,-0.6795,-0.6721,-0.6623,-0.65,-0.6354,-0.6194,-0.6037,-0.5903,-0.5803,-0.573,-0.5656,-0.5546,-0.5373,-0.5127,-0.4807,-0.4428,-0.4024,-0.3647,-0.336,-0.3212,-0.321,-0.3322,-0.3501,-0.3706,-0.3912,-0.4107,-0.4285,-0.4448,-0.4597,-0.4734,-0.486,-0.4978,-0.5087,-0.5189,-0.5283,-0.537,-0.6889,-0.681,-0.6697,-0.6546,-0.6355,-0.6134,-0.5912,-0.5733,-0.5635,-0.5611,-0.5602,-0.5539,-0.5378,-0.5098,-0.4699,-0.4195,-0.3625,-0.3074,-0.2663,-0.2491,-0.2564,-0.2803,-0.3111,-0.3422,-0.3707,-0.3957,-0.4176,-0.4367,-0.4539,-0.4693,-0.4835,-0.4965,-0.5085,-0.5197,-0.5299,-0.5393,-0.7002,-0.6922,-0.6796,-0.6612,-0.6358,-0.6035,-0.5682,-0.5396,-0.5291,-0.5375,-0.5511,-0.5549,-0.5421,-0.511,-0.4617,-0.3942,-0.3116,-0.2262,-0.1625,-0.1436,-0.1685,-0.2164,-0.2678,-0.3135,-0.3513,-0.3823,-0.4081,-0.4301,-0.4493,-0.4664,-0.482,-0.4963,-0.5095,-0.5216,-0.5327,-0.5428,-0.714,-0.7066,-0.6936,-0.6723,-0.6392,-0.5915,-0.5311,-0.4759,-0.4601,-0.4932,-0.5376,-0.5599,-0.5529,-0.5191,-0.4597,-0.3716,-0.2519,-0.1134,-0.0056,0.0119,-0.0533,-0.1444,-0.2255,-0.2883,-0.3356,-0.372,-0.4011,-0.4253,-0.4463,-0.465,-0.482,-0.4975,-0.5119,-0.525,-0.537,-0.5477,-0.7305,-0.7251,-0.7135,-0.6915,-0.6527,-0.5873,-0.4868,-0.3713,-0.3341,-0.4239,-0.5275,-0.5753,-0.5736,-0.537,-0.4693,-0.3625,-0.2003,0.0191,0.2091,0.2157,0.072,-0.0818,-0.1951,-0.2726,-0.3265,-0.3662,-0.3972,-0.4228,-0.4451,-0.4651,-0.4834,-0.5003,-0.5159,-0.5301,-0.543,-0.5544,-0.7497,-0.7481,-0.7407,-0.7229,-0.6859,-0.6138,-0.4807,-0.2846,-0.2029,-0.3828,-0.5514,-0.6122,-0.6072,-0.5658,-0.4943,-0.3812,-0.1976,0.0851,0.3639,0.3551,0.133,-0.0637,-0.191,-0.2717,-0.326,-0.3654,-0.3965,-0.4226,-0.4457,-0.4669,-0.4866,-0.5049,-0.5219,-0.5373,-0.5512,-0.5633,-0.7709,-0.7749,-0.7751,-0.7674,-0.7445,-0.6921,-0.586,-0.4201,-0.3543,-0.5189,-0.6492,-0.6767,-0.652,-0.6029,-0.5328,-0.4303,-0.2713,-0.0324,0.2069,0.2156,0.044,-0.1136,-0.218,-0.2859,-0.3331,-0.3689,-0.3983,-0.4242,-0.448,-0.4704,-0.4917,-0.5117,-0.5303,-0.5472,-0.5621,-0.5749,-0.7927,-0.8036,-0.8138,-0.8211,-0.8218,-0.8097,-0.7789,-0.7415,-0.7518,-0.8036,-0.8036,-0.7563,-0.6987,-0.6411,-0.5758,-0.4906,-0.376,-0.2323,-0.1022,-0.0686,-0.1256,-0.2006,-0.2617,-0.3079,-0.344,-0.3742,-0.4013,-0.4267,-0.4514,-0.4754,-0.4988,-0.5211,-0.5418,-0.5604,-0.5765,-0.59,-0.8133,-0.8314,-0.8522,-0.8758,-0.9022,-0.9305,-0.9619,-1.01,-1.0957,-1.1105,-0.9668,-0.8237,-0.7334,-0.6741,-0.6155,-0.5399,-0.4495,-0.3589,-0.2867,-0.2504,-0.2514,-0.2727,-0.2999,-0.3271,-0.3531,-0.3785,-0.4037,-0.4293,-0.4554,-0.482,-0.5084,-0.5338,-0.5573,-0.578,-0.5955,-0.6094,-0.8306,-0.8549,-0.8851,-0.9233,-0.9719,-1.0323,-1.1004,-1.1729,-1.3333,-1.4183,-1.079,-0.8476,-0.7465,-0.7048,-0.6558,-0.5713,-0.4738,-0.3939,-0.3447,-0.3181,-0.3069,-0.3084,-0.3191,-0.3357,-0.356,-0.3788,-0.4037,-0.4307,-0.4598,-0.4903,-0.5212,-0.5511,-0.5783,-0.6017,-0.6205,-0.6345,-0.8428,-0.8714,-0.908,-0.9564,-1.0212,-1.1076,-1.2116,-1.2859,-1.2934,-1.2843,-1.0165,-0.8161,-0.7433,-0.7554,-0.7093,-0.582,-0.4489,-0.3567,-0.327,-0.3205,-0.313,-0.3101,-0.316,-0.3301,-0.3498,-0.3732,-0.3999,-0.4301,-0.4639,-0.5005,-0.5383,-0.5747,-0.6072,-0.634,-0.6539,-0.6672,-0.8489,-0.879,-0.918,-0.9698,-1.0406,-1.139,-1.2703,-1.3913,-1.3048,-1.101,-0.8984,-0.7709,-0.7215,-0.768,-0.721,-0.5357,-0.3748,-0.295,-0.291,-0.2974,-0.2877,-0.2815,-0.2897,-0.3092,-0.3338,-0.3608,-0.3911,-0.4263,-0.4673,-0.5134,-0.5615,-0.6078,-0.6478,-0.6785,-0.6989,-0.7099,-0.8485,-0.8775,-0.9144,-0.9623,-1.0258,-1.1106,-1.2165,-1.3103,-1.2353,-1.001,-0.8246,-0.7585,-0.7292,-0.5213,-0.5504,-0.3593,-0.1739,-0.2378,-0.2694,-0.2579,-0.2243,-0.2117,-0.2354,-0.2729,-0.3085,-0.3409,-0.3753,-0.4171,-0.4689,-0.5296,-0.5942,-0.6556,-0.7062,-0.7413,-0.7601,-0.7655,-0.8424,-0.8681,-0.8996,-0.9382,-0.9853,-1.0401,-1.0934,-1.1108,-1.0315,-0.8864,-0.7801,-0.7092,-0.5705,-0.3136,-0.4359,-0.0182,0.4572,-0.0247,-0.2062,-0.1778,-0.0717,-0.0639,-0.1484,-0.2267,-0.2772,-0.3119,-0.3479,-0.3978,-0.4662,-0.5503,-0.6415,-0.7269,-0.7927,-0.8312,-0.8436,-0.8372,-0.832,-0.8532,-0.8777,-0.9053,-0.9349,-0.9622,-0.9767,-0.9594,-0.8972,-0.8185,-0.7885,-0.7106,-0.6702,-0.5624,-0.4715,-0.0985,0.2443,-0.0806,-0.2203,-0.0823,0.2395,0.1748,-0.0593,-0.1901,-0.244,-0.2669,-0.2972,-0.3583,-0.4539,-0.5765,-0.7118,-0.8363,-0.9234,-0.9606,-0.956,-0.9272,-0.8189,-0.8353,-0.853,-0.871,-0.8872,-0.8975,-0.8953,-0.8737,-0.8339,-0.7952,-0.7852,-0.7591,-0.8601,-0.9085,-0.6372,-0.4291,-0.3035,-0.3461,-0.3662,-0.1568,0.2704,0.1875,-0.0714,-0.1884,-0.2047,-0.1832,-0.1961,-0.2808,-0.425,-0.6094,-0.8164,-1.0053,-1.1206,-1.1425,-1.1001,-1.0328,-0.8045,-0.8166,-0.8287,-0.8395,-0.8473,-0.8492,-0.8423,-0.825,-0.8011,-0.7802,-0.7709,-0.7876,-0.9095,-0.9314,-0.742,-0.6448,-0.5363,-0.5234,-0.5714,-0.4064,-0.1801,-0.1287,-0.197,-0.2163,-0.1393,-0.0128,0.0051,-0.1481,-0.3784,-0.6494,-0.9616,-1.2512,-1.3977,-1.374,-1.2635,-1.141,-0.7899,-0.7986,-0.8064,-0.8124,-0.8153,-0.8137,-0.8064,-0.7936,-0.7784,-0.7654,-0.7602,-0.7704,-0.7969,-0.795,-0.8209,-0.8446,-0.6544,-0.5687,-0.5686,-0.5256,-0.4303,-0.3586,-0.3283,-0.2578,-0.0607,0.2602,0.3229,-0.0057,-0.3449,-0.6903,-1.1137,-1.5253,-1.6933,-1.5936,-1.4009,-1.2243,-0.7759,-0.7818,-0.7866,-0.7896,-0.7899,-0.7869,-0.7802,-0.7705,-0.7595,-0.7499,-0.7443,-0.7443,-0.7479,-0.756,-0.8011,-0.8085,-0.677,-0.5928,-0.5906,-0.6014,-0.5386,-0.4957,-0.4533,-0.3458,-0.1104,0.2794,0.3596,-0.0849,-0.3909,-0.7151,-1.1662,-1.6276,-1.8008,-1.6673,-1.4448,-1.251,-0.7629,-0.7667,-0.7694,-0.7704,-0.7693,-0.7658,-0.7598,-0.7518,-0.743,-0.7346,-0.7279,-0.7232,-0.7206,-0.7218,-0.7271,-0.7091,-0.6528,-0.6055,-0.593,-0.5942,-0.6021,-0.6383,-0.6297,-0.5121,-0.3377,-0.2571,-0.4483,-0.4681,-0.5069,-0.7143,-1.0684,-1.4407,-1.6065,-1.5343,-1.3695,-1.2108,-0.7509,-0.7533,-0.7545,-0.7543,-0.7524,-0.7486,-0.7431,-0.7362,-0.7285,-0.7207,-0.7132,-0.7064,-0.7002,-0.6943,-0.6857,-0.6673,-0.639,-0.6157,-0.6104,-0.6318,-0.7126,-0.8686,-0.9079,-0.7247,-0.5409,-0.5387,-0.6887,-0.628,-0.5868,-0.7019,-0.928,-1.1703,-1.3084,-1.3073,-1.226,-1.1254,-0.7401,-0.7413,-0.7415,-0.7405,-0.7382,-0.7344,-0.7292,-0.7229,-0.7159,-0.7084,-0.7007,-0.693,-0.6851,-0.6763,-0.6654,-0.6512,-0.636,-0.6273,-0.6361,-0.6814,-0.8055,-1.0216,-1.0804,-0.8572,-0.6518,-0.5881,-0.6114,-0.6077,-0.6139,-0.6899,-0.826,-0.9737,-1.0752,-1.105,-1.0794,-1.0277,-0.7303,-0.7307,-0.7303,-0.7287,-0.7261,-0.7223,-0.7174,-0.7116,-0.705,-0.6979,-0.6903,-0.6825,-0.6742,-0.6652,-0.6554,-0.6453,-0.6374,-0.6371,-0.653,-0.6998,-0.7969,-0.9251,-0.9527,-0.8266,-0.6877,-0.6166,-0.6004,-0.604,-0.6259,-0.6803,-0.764,-0.8549,-0.9256,-0.9602,-0.9609,-0.9393]}]