docs/data/wind_grid.json
{"header": {"la1":42.1,"la2":41.55,"lo1":12.1,"lo2":12.95,"nx":50,"ny":50,"dx":0.01735,"dy":0.01122,"parameterCategory":2,"parameterNumber":3,"parameterNumberName":"northward_wind","parameterUnit":"m.s-1"}, "data":
[rows 0 to 39 of 50, columns 0 to 49 of 50]
-2.2294,-2.2371,-2.2456,-2.2551,-2.2656,-2.2772,-2.2899,-2.3038,-2.3188,-2.3349,-2.3521,-2.37,-2.3885,-2.4072,-2.4257,-2.4434,-2.4598,-2.474,-2.4854,-2.4934,-2.4972,-2.4963,-2.4906,-2.4797,-2.4637,-2.443,-2.4178,-2.3885,-2.3559,-2.3203,-2.2823,-2.2427,-2.202,-2.1611,-2.121,-2.0825,-2.0469,-2.0152,-1.9885,-1.9672,-1.9517,-1.9419,-1.9372,-1.9369,-1.9402,-1.9461,-1.954,-1.9632,-1.973,-1.9832
-2.2258,-2.2335,-2.2421,-2.2518,-2.2625,-2.2745,-2.2877,-2.3023,-2.3182,-2.3353,-2.3537,-2.3731,-2.3933,-2.4139,-2.4344,-2.4543,-2.4729,-2.4892,-2.5026,-2.5122,-2.5172,-2.517,-2.5113,-2.4999,-2.4828,-2.4605,-2.4333,-2.4017,-2.3664,-2.328,-2.2871,-2.2443,-2.2004,-2.1562,-2.1126,-2.0709,-2.0323,-1.9981,-1.9694,-1.947,-1.9312,-1.9217,-1.9181,-1.9192,-1.9242,-1.9319,-1.9415,-1.9523,-1.9636,-1.9751
-2.2218,-2.2295,-2.2382,-2.248,-2.259,-2.2713,-2.285,-2.3002,-2.3169,-2.3351,-2.3548,-2.3758,-2.3978,-2.4204,-2.4433,-2.4656,-2.4866,-2.5054,-2.5211,-2.5325,-2.5389,-2.5396,-2.534,-2.522,-2.5037,-2.4796,-2.4501,-2.416,-2.3779,-2.3365,-2.2924,-2.2463,-2.1989,-2.1511,-2.1039,-2.0587,-2.0167,-1.9797,-1.949,-1.9254,-1.9093,-1.9004,-1.898,-1.9008,-1.9077,-1.9174,-1.929,-1.9415,-1.9544,-1.9672
-2.2175,-2.2251,-2.2338,-2.2437,-2.2549,-2.2675,-2.2816,-2.2974,-2.315,-2.3343,-2.3553,-2.3779,-2.4018,-2.4267,-2.4521,-2.4772,-2.501,-2.5227,-2.5409,-2.5547,-2.5627,-2.5643,-2.5589,-2.5462,-2.5266,-2.5004,-2.4684,-2.4315,-2.3903,-2.3457,-2.2983,-2.2487,-2.1977,-2.1462,-2.0951,-2.046,-2.0005,-1.9604,-1.9274,-1.9025,-1.8862,-1.8781,-1.8772,-1.882,-1.891,-1.9029,-1.9165,-1.9309,-1.9454,-1.9597
-2.2127,-2.2202,-2.2289,-2.2388,-2.2501,-2.2629,-2.2775,-2.2939,-2.3122,-2.3326,-2.355,-2.3793,-2.4053,-2.4327,-2.4608,-2.489,-2.5161,-2.541,-2.5623,-2.5787,-2.5888,-2.5915,-2.5862,-2.5728,-2.5515,-2.523,-2.4882,-2.4481,-2.4037,-2.3556,-2.3047,-2.2516,-2.1969,-2.1415,-2.0864,-2.0331,-1.9837,-1.9402,-1.9047,-1.8785,-1.8621,-1.8549,-1.8558,-1.8628,-1.8743,-1.8886,-1.9044,-1.9207,-1.9369,-1.9526
-2.2075,-2.2149,-2.2234,-2.2333,-2.2447,-2.2577,-2.2726,-2.2895,-2.3086,-2.33,-2.3538,-2.3799,-2.4081,-2.4381,-2.4693,-2.5009,-2.5317,-2.5604,-2.5854,-2.6049,-2.6173,-2.6214,-2.6164,-2.602,-2.5788,-2.5476,-2.5096,-2.466,-2.4179,-2.3663,-2.3118,-2.2551,-2.1967,-2.1373,-2.078,-2.0204,-1.9667,-1.9195,-1.8813,-1.8536,-1.8372,-1.8312,-1.8341,-1.8437,-1.8578,-1.8746,-1.8927,-1.9111,-1.929,-1.9461
-2.2019,-2.209,-2.2174,-2.2272,-2.2385,-2.2516,-2.2668,-2.2841,-2.3039,-2.3264,-2.3516,-2.3795,-2.41,-2.4429,-2.4775,-2.5129,-2.5479,-2.581,-2.6102,-2.6334,-2.6487,-2.6545,-2.6497,-2.6342,-2.6086,-2.5743,-2.5326,-2.4851,-2.4331,-2.3777,-2.3196,-2.2593,-2.1972,-2.1339,-2.0703,-2.0082,-1.9501,-1.8988,-1.8576,-1.8284,-1.812,-1.8074,-1.8126,-1.825,-1.842,-1.8615,-1.882,-1.9023,-1.9219,-1.9403
-2.1958,-2.2027,-2.2108,-2.2204,-2.2316,-2.2447,-2.26,-2.2777,-2.2982,-2.3215,-2.3481,-2.3778,-2.4108,-2.4467,-2.4849,-2.5246,-2.5645,-2.6026,-2.6368,-2.6646,-2.6833,-2.691,-2.6865,-2.6696,-2.6412,-2.603,-2.5571,-2.5052,-2.449,-2.3897,-2.3279,-2.2641,-2.1985,-2.1315,-2.0638,-1.9972,-1.9343,-1.8787,-1.8342,-1.8034,-1.7871,-1.7842,-1.7919,-1.8073,-1.8272,-1.8495,-1.8723,-1.8946,-1.9157,-1.9354
-2.1893,-2.1958,-2.2036,-2.2129,-2.2239,-2.2369,-2.2522,-2.2702,-2.2911,-2.3154,-2.3432,-2.3748,-2.4102,-2.4493,-2.4915,-2.5359,-2.5812,-2.6252,-2.6654,-2.6986,-2.7216,-2.7317,-2.7274,-2.7086,-2.6767,-2.634,-2.5831,-2.5263,-2.4655,-2.4021,-2.3367,-2.2697,-2.2009,-2.1306,-2.059,-1.988,-1.9203,-1.8602,-1.8122,-1.7796,-1.7634,-1.7622,-1.7727,-1.7911,-1.8141,-1.839,-1.864,-1.8881,-1.9107,-1.9315
-2.1823,-2.1885,-2.1959,-2.2047,-2.2154,-2.2282,-2.2434,-2.2614,-2.2827,-2.3076,-2.3366,-2.37,-2.4079,-2.4503,-2.4968,-2.5464,-2.5978,-2.6487,-2.6959,-2.7357,-2.7639,-2.777,-2.7728,-2.7515,-2.7152,-2.667,-2.6102,-2.5479,-2.4823,-2.4147,-2.3458,-2.2759,-2.2045,-2.1313,-2.0565,-1.9814,-1.909,-1.8442,-1.7925,-1.758,-1.742,-1.7426,-1.7559,-1.7773,-1.8032,-1.8305,-1.8575,-1.8832,-1.907,-1.9287
-2.175,-2.1806,-2.1875,-2.1959,-2.2061,-2.2184,-2.2334,-2.2513,-2.2728,-2.2982,-2.3283,-2.3633,-2.4036,-2.4494,-2.5003,-2.5556,-2.6139,-2.6726,-2.7283,-2.7762,-2.8109,-2.8275,-2.8235,-2.7989,-2.7569,-2.7019,-2.6383,-2.5698,-2.4989,-2.4271,-2.355,-2.2826,-2.2093,-2.1341,-2.0568,-1.9782,-1.9015,-1.8322,-1.7768,-1.7403,-1.7243,-1.7265,-1.7424,-1.7666,-1.795,-1.8245,-1.8532,-1.8801,-1.9048,-1.9272
-2.1672,-2.1722,-2.1785,-2.1862,-2.1959,-2.2077,-2.2221,-2.2398,-2.2612,-2.287,-2.3178,-2.3543,-2.3969,-2.446,-2.5016,-2.563,-2.6288,-2.6966,-2.7623,-2.8201,-2.863,-2.8843,-2.8801,-2.851,-2.8016,-2.7382,-2.6667,-2.5913,-2.5148,-2.4389,-2.3639,-2.2897,-2.2152,-2.1391,-2.0604,-1.9794,-1.8992,-1.8257,-1.7665,-1.7279,-1.7117,-1.7154,-1.7333,-1.7598,-1.7902,-1.8213,-1.8512,-1.879,-1.9043,-1.9271
-2.159,-2.1633,-2.1689,-2.1759,-2.1848,-2.1959,-2.2097,-2.2268,-2.2479,-2.2737,-2.305,-2.3427,-2.3874,-2.4398,-2.5,-2.5677,-2.6418,-2.7198,-2.7973,-2.8674,-2.9208,-2.948,-2.9433,-2.908,-2.849,-2.7754,-2.6946,-2.6117,-2.5295,-2.4495,-2.372,-2.2967,-2.2221,-2.1463,-2.0676,-1.9856,-1.9029,-1.826,-1.7635,-1.7227,-1.706,-1.7104,-1.7298,-1.7578,-1.7894,-1.8213,-1.8518,-1.88,-1.9055,-1.9284
-2.1504,-2.154,-2.1588,-2.165,-2.1729,-2.1831,-2.196,-2.2123,-2.2328,-2.2583,-2.2897,-2.3282,-2.3747,-2.43,-2.4947,-2.5689,-2.6517,-2.7409,-2.8323,-2.9176,-2.9846,-3.0196,-3.0139,-2.9698,-2.8982,-2.8121,-2.7209,-2.63,-2.542,-2.4583,-2.3789,-2.3033,-2.2297,-2.1556,-2.0784,-1.9971,-1.9137,-1.8346,-1.7693,-1.7263,-1.7086,-1.7129,-1.7326,-1.761,-1.7928,-1.8248,-1.8552,-1.8832,-1.9085,-1.9311
-2.1416,-2.1443,-2.1481,-2.1533,-2.1602,-2.1693,-2.1811,-2.1963,-2.2158,-2.2406,-2.2717,-2.3105,-2.3582,-2.416,-2.4849,-2.5653,-2.657,-2.7584,-2.8654,-2.9694,-3.0544,-3.1,-3.0924,-3.0356,-2.9476,-2.8467,-2.7441,-2.645,-2.5516,-2.4646,-2.3839,-2.3089,-2.2374,-2.1664,-2.0927,-2.014,-1.9317,-1.852,-1.785,-1.7399,-1.7206,-1.7236,-1.7424,-1.7699,-1.8008,-1.8319,-1.8615,-1.8887,-1.9133,-1.9353
-2.1324,-2.1342,-2.137,-2.1411,-2.1468,-2.1546,-2.165,-2.1788,-2.197,-2.2205,-2.2508,-2.2893,-2.3376,-2.3973,-2.4698,-2.5559,-2.6561,-2.7697,-2.8939,-3.0202,-3.1289,-3.1893,-3.1784,-3.1035,-2.9943,-2.8763,-2.7621,-2.6556,-2.5574,-2.4678,-2.3865,-2.3129,-2.2446,-2.1782,-2.1096,-2.0357,-1.9567,-1.8782,-1.8106,-1.7639,-1.7422,-1.7428,-1.7592,-1.7844,-1.8132,-1.8425,-1.8705,-1.8963,-1.9198,-1.9408
-2.123,-2.1239,-2.1256,-2.1284,-2.1327,-2.139,-2.1478,-2.1599,-2.1762,-2.1981,-2.2269,-2.2644,-2.3125,-2.3732,-2.4483,-2.5393,-2.647,-2.7719,-2.9133,-3.0649,-3.2044,-3.286,-3.2696,-3.1689,-3.0334,-2.8975,-2.7729,-2.6603,-2.5586,-2.4673,-2.3862,-2.3147,-2.2506,-2.1901,-2.1282,-2.061,-1.9874,-1.9122,-1.8454,-1.7973,-1.7729,-1.7699,-1.7825,-1.8041,-1.8297,-1.8563,-1.882,-1.906,-1.9279,-1.9477
-2.1134,-2.1132,-2.1138,-2.1152,-2.118,-2.1226,-2.1295,-2.1396,-2.1538,-2.1734,-2.2001,-2.2357,-2.2827,-2.3433,-2.4198,-2.5142,-2.6276,-2.7615,-2.9175,-3.0946,-3.2721,-3.3841,-3.3588,-3.2226,-3.0574,-2.9058,-2.774,-2.658,-2.5546,-2.4627,-2.3826,-2.314,-2.2548,-2.2011,-2.1473,-2.0882,-2.0218,-1.9518,-1.8872,-1.8384,-1.8109,-1.8035,-1.8112,-1.8282,-1.8498,-1.8729,-1.8957,-1.9174,-1.9374,-1.9556
-2.1037,-2.1025,-2.1017,-2.1018,-2.103,-2.1057,-2.1105,-2.1182,-2.1298,-2.1466,-2.1704,-2.2032,-2.2478,-2.307,-2.3835,-2.4795,-2.5964,-2.7352,-2.8996,-3.0957,-3.3129,-3.4654,-3.4276,-3.2479,-3.0564,-2.8965,-2.7636,-2.6481,-2.5452,-2.4541,-2.3756,-2.3104,-2.2567,-2.2104,-2.1654,-2.1156,-2.0577,-1.9941,-1.933,-1.8843,-1.8538,-1.8417,-1.844,-1.8556,-1.8725,-1.8916,-1.9112,-1.9302,-1.9481,-1.9646
-2.094,-2.0916,-2.0896,-2.0881,-2.0876,-2.0883,-2.0908,-2.0959,-2.1045,-2.1179,-2.138,-2.1671,-2.208,-2.2642,-2.339,-2.4347,-2.5522,-2.691,-2.8537,-3.0512,-3.2913,-3.4851,-3.4343,-3.2192,-3.0202,-2.8667,-2.7411,-2.6307,-2.5307,-2.4415,-2.3654,-2.3039,-2.256,-2.2174,-2.1814,-2.1412,-2.0924,-2.0361,-1.9795,-1.9316,-1.8987,-1.8821,-1.8789,-1.8851,-1.897,-1.9119,-1.928,-1.9442,-1.9597,-1.9744
-2.0844,-2.0808,-2.0775,-2.0745,-2.0721,-2.0707,-2.0708,-2.073,-2.0782,-2.0878,-2.1035,-2.1277,-2.1635,-2.215,-2.2861,-2.3796,-2.4952,-2.6294,-2.7789,-2.9501,-3.1624,-3.3574,-3.309,-3.1105,-2.9441,-2.8166,-2.7074,-2.6065,-2.5118,-2.4258,-2.3524,-2.2948,-2.2526,-2.2215,-2.1944,-2.1635,-2.1237,-2.075,-2.0234,-1.9773,-1.9429,-1.9224,-1.9142,-1.9152,-1.9224,-1.9331,-1.9457,-1.9589,-1.972,-1.9847
-2.0748,-2.0701,-2.0654,-2.0609,-2.0567,-2.0532,-2.0507,-2.0499,-2.0516,-2.0569,-2.0674,-2.0856,-2.1149,-2.1596,-2.2248,-2.3141,-2.4264,-2.5537,-2.6826,-2.8029,-2.9176,-3.0176,-3.0104,-2.9243,-2.8363,-2.7516,-2.6656,-2.5774,-2.4897,-2.4077,-2.3376,-2.2839,-2.247,-2.2229,-2.2039,-2.1815,-2.15,-2.1087,-2.0625,-2.0189,-1.9841,-1.9608,-1.9485,-1.945,-1.9477,-1.9545,-1.9636,-1.9739,-1.9847,-1.9955
-2.0655,-2.0597,-2.0537,-2.0476,-2.0416,-2.036,-2.031,-2.0271,-2.0251,-2.0258,-2.0307,-2.0419,-2.0629,-2.0987,-2.1555,-2.2385,-2.3469,-2.4685,-2.5788,-2.6463,-2.6443,-2.6047,-2.6528,-2.7158,-2.719,-2.681,-2.6197,-2.5454,-2.4658,-2.3887,-2.3221,-2.2721,-2.2401,-2.222,-2.2098,-2.1947,-2.1705,-2.1361,-2.0954,-2.055,-2.0209,-1.9959,-1.9805,-1.9733,-1.9722,-1.9754,-1.9814,-1.9891,-1.9976,-2.0064
-2.0565,-2.0496,-2.0423,-2.0348,-2.027,-2.0193,-2.0119,-2.0051,-1.9994,-1.9955,-1.9944,-1.9978,-2.0088,-2.0332,-2.0787,-2.1532,-2.2576,-2.3777,-2.4802,-2.5192,-2.4579,-2.36,-2.4228,-2.5555,-2.6166,-2.6139,-2.574,-2.5129,-2.4416,-2.3699,-2.3073,-2.2609,-2.233,-2.2197,-2.2129,-2.2036,-2.1854,-2.157,-2.1216,-2.085,-2.0524,-2.027,-2.0096,-1.9995,-1.9954,-1.9956,-1.9988,-2.004,-2.0103,-2.0174
-2.0478,-2.0399,-2.0315,-2.0225,-2.0132,-2.0036,-1.9939,-1.9844,-1.9753,-1.967,-1.9599,-1.9549,-1.9546,-1.9647,-1.9953,-2.0582,-2.1584,-2.2821,-2.3908,-2.4331,-2.3794,-2.3002,-2.3471,-2.4669,-2.5412,-2.5565,-2.5313,-2.4814,-2.4184,-2.3526,-2.2943,-2.2514,-2.2268,-2.217,-2.214,-2.2088,-2.1953,-2.1721,-2.1417,-2.109,-2.0787,-2.0537,-2.0353,-2.0234,-2.0168,-2.0145,-2.0154,-2.0184,-2.0228,-2.0282
-2.0396,-2.0308,-2.0212,-2.011,-2.0002,-1.9889,-1.9773,-1.9654,-1.9535,-1.9415,-1.929,-1.9155,-1.9023,-1.895,-1.9065,-1.9539,-2.0485,-2.1795,-2.3058,-2.3733,-2.3586,-2.318,-2.3474,-2.4292,-2.4908,-2.5098,-2.4932,-2.4522,-2.3969,-2.3375,-2.284,-2.2447,-2.2227,-2.215,-2.214,-2.2114,-2.2014,-2.1824,-2.1566,-2.1278,-2.1,-2.0762,-2.0576,-2.0446,-2.0363,-2.0321,-2.031,-2.0322,-2.0349,-2.0387
-2.032,-2.0222,-2.0117,-2.0004,-1.9884,-1.9757,-1.9624,-1.9488,-1.9348,-1.92,-1.9032,-1.8819,-1.8549,-1.8269,-1.8142,-1.8417,-1.9285,-2.068,-2.217,-2.3184,-2.3472,-2.3417,-2.3627,-2.4131,-2.4562,-2.4719,-2.4595,-2.4255,-2.3777,-2.325,-2.2768,-2.241,-2.221,-2.2142,-2.2139,-2.2125,-2.2047,-2.1892,-2.1672,-2.1421,-2.1171,-2.0949,-2.0767,-2.0632,-2.0538,-2.0482,-2.0455,-2.0451,-2.0464,-2.0488
-2.0249,-2.0144,-2.003,-1.9908,-1.9777,-1.9639,-1.9495,-1.9348,-1.9197,-1.9037,-1.8844,-1.857,-1.8156,-1.7631,-1.7211,-1.7249,-1.802,-1.9491,-2.1205,-2.2545,-2.3217,-2.3453,-2.3672,-2.4,-2.4287,-2.4397,-2.4297,-2.4014,-2.3606,-2.3148,-2.2723,-2.2402,-2.2217,-2.215,-2.2142,-2.2129,-2.2065,-2.1934,-2.1748,-2.1529,-2.1307,-2.1102,-2.0929,-2.0793,-2.0694,-2.0628,-2.0589,-2.0572,-2.0573,-2.0585
-2.0184,-2.0073,-1.9952,-1.9823,-1.9684,-1.9538,-1.9387,-1.9235,-1.9084,-1.893,-1.8741,-1.8435,-1.7882,-1.7071,-1.6309,-1.6097,-1.6779,-1.831,-2.0199,-2.1799,-2.2777,-2.3259,-2.3553,-2.3819,-2.4027,-2.4107,-2.4026,-2.3796,-2.3455,-2.3066,-2.2698,-2.2414,-2.2242,-2.217,-2.2151,-2.2132,-2.2073,-2.1961,-2.1801,-2.1611,-2.1414,-2.1228,-2.1065,-2.0933,-2.0831,-2.0758,-2.0711,-2.0684,-2.0674,-2.0677
-2.0125,-2.0009,-1.9884,-1.9749,-1.9605,-1.9454,-1.9301,-1.9151,-1.901,-1.888,-1.8728,-1.8436,-1.7769,-1.6633,-1.5496,-1.5069,-1.5703,-1.7273,-1.9257,-2.102,-2.2216,-2.2899,-2.3298,-2.3573,-2.376,-2.3834,-2.3777,-2.3596,-2.3319,-2.2996,-2.2684,-2.2435,-2.2276,-2.2198,-2.2165,-2.2136,-2.2078,-2.1978,-2.1839,-2.1673,-2.1499,-2.133,-2.1179,-2.1052,-2.0951,-2.0875,-2.0821,-2.0787,-2.0769,-2.0763
-2.0074,-1.9954,-1.9825,-1.9686,-1.9539,-1.9386,-1.9234,-1.9091,-1.8969,-1.8877,-1.8792,-1.8571,-1.7845,-1.6378,-1.488,-1.4321,-1.4953,-1.6521,-1.8497,-2.0308,-2.1627,-2.2457,-2.296,-2.3281,-2.3482,-2.3571,-2.3545,-2.3411,-2.3194,-2.2932,-2.2673,-2.2458,-2.2312,-2.2228,-2.2182,-2.2142,-2.2082,-2.199,-2.1866,-2.1721,-2.1566,-2.1414,-2.1275,-2.1154,-2.1055,-2.0978,-2.0921,-2.0881,-2.0856,-2.0844
-2.0029,-1.9907,-1.9775,-1.9634,-1.9486,-1.9334,-1.9186,-1.9052,-1.895,-1.89,-1.8895,-1.8786,-1.8086,-1.6377,-1.4624,-1.402,-1.4647,-1.6133,-1.7992,-1.9741,-2.1091,-2.2006,-2.2593,-2.2968,-2.3201,-2.3317,-2.3325,-2.3237,-2.3075,-2.2869,-2.2658,-2.2476,-2.2342,-2.2255,-2.2199,-2.2149,-2.2086,-2.1999,-2.1888,-2.1758,-2.162,-2.1483,-2.1355,-2.1242,-2.1146,-2.1069,-2.101,-2.0966,-2.0937,-2.0919
-1.9992,-1.9868,-1.9735,-1.9594,-1.9446,-1.9296,-1.9152,-1.9028,-1.8944,-1.8926,-1.898,-1.8969,-1.836,-1.6632,-1.4841,-1.4232,-1.4781,-1.6093,-1.7746,-1.935,-2.0653,-2.1596,-2.2235,-2.2658,-2.2927,-2.3074,-2.3119,-2.3074,-2.296,-2.2804,-2.2635,-2.2483,-2.2363,-2.2276,-2.2213,-2.2155,-2.2089,-2.2006,-2.1904,-2.1788,-2.1664,-2.154,-2.1423,-2.1317,-2.1226,-2.115,-2.1089,-2.1043,-2.101,-2.0988
-1.9961,-1.9837,-1.9704,-1.9563,-1.9417,-1.927,-1.9131,-1.9014,-1.894,-1.8936,-1.9005,-1.902,-1.8502,-1.7007,-1.5424,-1.4827,-1.5233,-1.631,-1.7712,-1.9123,-2.0329,-2.1252,-2.1912,-2.2367,-2.2667,-2.2846,-2.2924,-2.2919,-2.2848,-2.2735,-2.2604,-2.2479,-2.2373,-2.2289,-2.2222,-2.216,-2.2092,-2.2012,-2.1917,-2.1812,-2.17,-2.1587,-2.1479,-2.1381,-2.1294,-2.1221,-2.1161,-2.1113,-2.1077,-2.1052
-1.9937,-1.9813,-1.9681,-1.9542,-1.9399,-1.9256,-1.9121,-1.9008,-1.8936,-1.8924,-1.8966,-1.8942,-1.8488,-1.7338,-1.6104,-1.5568,-1.5831,-1.6672,-1.7822,-1.9029,-2.011,-2.0981,-2.1636,-2.2106,-2.2429,-2.2635,-2.2743,-2.2772,-2.2738,-2.2662,-2.2564,-2.2463,-2.2372,-2.2293,-2.2225,-2.2161,-2.2093,-2.2015,-2.1927,-2.1831,-2.1729,-2.1626,-2.1527,-2.1436,-2.1354,-2.1283,-2.1224,-2.1176,-2.1138,-2.111
-1.9919,-1.9797,-1.9667,-1.9531,-1.939,-1.9251,-1.912,-1.9009,-1.8931,-1.8898,-1.8893,-1.881,-1.8414,-1.7583,-1.67,-1.6273,-1.644,-1.7086,-1.8014,-1.9029,-1.9979,-2.078,-2.141,-2.188,-2.2217,-2.2442,-2.2575,-2.2632,-2.2631,-2.2586,-2.2517,-2.2438,-2.236,-2.2289,-2.2223,-2.2159,-2.2091,-2.2017,-2.1935,-2.1846,-2.1753,-2.1659,-2.1568,-2.1483,-2.1406,-2.1338,-2.128,-2.1232,-2.1194,-2.1164
-1.9907,-1.9787,-1.966,-1.9527,-1.9391,-1.9256,-1.9128,-1.9016,-1.8929,-1.8872,-1.8821,-1.8696,-1.8361,-1.7775,-1.7173,-1.6868,-1.6991,-1.7493,-1.8241,-1.909,-1.9915,-2.0638,-2.123,-2.1689,-2.203,-2.2268,-2.2421,-2.2502,-2.2526,-2.2508,-2.2463,-2.2404,-2.234,-2.2276,-2.2215,-2.2153,-2.2087,-2.2017,-2.194,-2.1858,-2.1772,-2.1686,-2.1602,-2.1523,-2.1451,-2.1386,-2.133,-2.1283,-2.1244,-2.1213
-1.9901,-1.9784,-1.966,-1.9531,-1.9399,-1.9268,-1.9143,-1.903,-1.8936,-1.8857,-1.8774,-1.8631,-1.8355,-1.7946,-1.7546,-1.7351,-1.7462,-1.7865,-1.8475,-1.9185,-1.9898,-2.0545,-2.1092,-2.1532,-2.1869,-2.2114,-2.228,-2.2379,-2.2425,-2.2429,-2.2405,-2.2363,-2.2312,-2.2258,-2.2201,-2.2143,-2.2081,-2.2014,-2.1942,-2.1866,-2.1788,-2.1709,-2.1631,-2.1557,-2.1489,-2.1428,-2.1374,-2.1328,-2.1289,-2.1257
-1.9901,-1.9786,-1.9666,-1.9541,-1.9414,-1.9288,-1.9166,-1.9054,-1.8953,-1.886,-1.876,-1.8616,-1.8395,-1.811,-1.7853,-1.7744,-1.7857,-1.8193,-1.8699,-1.9298,-1.9913,-2.0488,-2.0989,-2.1404,-2.1731,-2.1978,-2.2153,-2.2266,-2.2329,-2.2351,-2.2344,-2.2318,-2.2279,-2.2233,-2.2183,-2.2129,-2.2071,-2.2009,-2.1942,-2.1872,-2.18,-2.1727,-2.1655,-2.1587,-2.1523,-2.1465,-2.1413,-2.1368,-2.133,-2.1298
-1.9905,-1.9794,-1.9678,-1.9558,-1.9436,-1.9315,-1.9197,-1.9086,-1.8982,-1.8883,-1.8777,-1.8644,-1.847,-1.8274,-1.8114,-1.8069,-1.8189,-1.8479,-1.8907,-1.9416,-1.9949,-2.0459,-2.0915,-2.1302,-2.1616,-2.1859,-2.2039,-2.2162,-2.2237,-2.2274,-2.2282,-2.2269,-2.2241,-2.2204,-2.2161,-2.2112,-2.2059,-2.2001,-2.194,-2.1875,-2.1809,-2.1741,-2.1675,-2.1612,-2.1552,-2.1497,-2.1447,-2.1404,-2.1366,-2.1334
