docs/data/wind_grid.json
[{"header":{"la1":42.22,"la2":41.45,"lo1":11.9,"lo2":12.97,"nx":16,"ny":12,"dx":0.07133,"dy":0.07,"parameterCategory":2,"parameterNumber":2,"parameterNumberName":"eastward_wind","parameterUnit":"m.s-1"},"data":[0.6484,0.7696,0.9489,1.151,1.1766,0.8876,0.5095,0.2244,0.0412,-0.0772,-0.1735,-0.2735,-0.3677,-0.4264,-0.4348,-0.4052,0.6503,0.7877,1.0515,1.5157,1.7279,1.1385,0.511,0.1407,-0.0619,-0.162,-0.2482,-0.3817,-0.5321,-0.6123,-0.5908,-0.5143,0.6106,0.7074,0.9166,1.4899,1.8644,1.0729,0.38,0.0012,-0.2365,-0.2719,-0.3135,-0.516,-0.8021,-0.914,-0.7993,-0.631,0.5481,0.5693,0.5589,0.7276,0.9577,0.6022,0.1827,-0.0837,-0.4555,-0.3551,-0.3385,-0.6476,-1.212,-1.3433,-1.0065,-0.712,0.4941,0.4855,0.4216,0.4435,0.5168,0.3261,0.0464,-0.0644,-0.1153,-0.1897,-0.3133,-0.6407,-1.2971,-1.4478,-1.0109,-0.687,0.456,0.4563,0.4442,0.4465,0.4252,0.315,0.1074,-0.0079,-0.0038,-0.0814,-0.3299,-0.5823,-0.7663,-0.8995,-0.734,-0.5382,0.425,0.431,0.4345,0.4441,0.4804,0.5405,0.3591,0.1644,0.0159,-0.0589,-0.3816,-0.691,-0.5414,-0.4725,-0.4019,-0.3262,0.3972,0.4053,0.4172,0.4505,0.5607,0.8797,0.5344,0.2655,0.1036,-0.0095,-0.2178,-0.3836,-0.2725,-0.1138,-0.0746,-0.0991,0.372,0.3804,0.3951,0.4293,0.5063,0.6034,0.4526,0.1807,0.1007,0.0546,-0.0479,-0.0646,0.138,0.3531,0.263,0.1083,0.3483,0.3549,0.3656,0.3841,0.4081,0.4048,0.3178,0.1865,0.1238,0.0872,0.052,0.1171,0.389,0.6076,0.4427,0.2306,0.3258,0.3293,0.3336,0.3381,0.3367,0.315,0.2619,0.1953,0.1451,0.1121,0.1049,0.1721,0.343,0.4649,0.3863,0.2441,0.3048,0.3051,0.3042,0.3006,0.2903,0.268,0.2324,0.1908,0.1544,0.1301,0.1286,0.168,0.245,0.2985,0.2748,0.2053]},{"header":{"la1":42.22,"la2":41.45,"lo1":11.9,"lo2":12.97,"nx":16,"ny":12,"dx":0.07133,"dy":0.07,"parameterCategory":2,"parameterNumber":3,"parameterNumberName":"northward_wind","parameterUnit":"m.s-1"},"data":[-0.4459,-0.5781,-0.7452,-0.9188,-0.9058,-0.5445,-0.0819,0.2548,0.4487,0.5461,0.5888,0.6013,0.5977,0.5889,0.5812,0.5749,-0.5218,-0.6905,-0.9331,-1.3321,-1.5131,-0.826,-0.0618,0.3723,0.5729,0.6461,0.6621,0.649,0.62,0.5965,0.5871,0.5832,-0.578,-0.7706,-0.9919,-1.3812,-1.6647,-0.7442,0.1332,0.5574,0.724,0.7516,0.7377,0.6884,0.6081,0.5661,0.5738,0.5843,-0.6085,-0.8597,-1.1173,-1.0973,-0.8338,-0.1725,0.4544,0.7368,0.8037,0.8192,0.8173,0.7299,0.5278,0.4725,0.5472,0.5841,-0.5746,-0.872,-1.283,-1.1927,-0.4172,0.239,0.7271,0.8952,1.0214,0.9508,0.9413,0.8789,0.5374,0.4503,0.5617,0.5951,-0.442,-0.6429,-0.836,-0.6477,-0.0619,0.4019,0.7399,0.9315,1.2239,1.0567,1.1531,1.3634,0.9889,0.699,0.6389,0.609,-0.2553,-0.322,-0.3103,-0.1118,0.1884,0.3707,0.632,0.8378,1.0497,1.013,1.3085,1.8021,1.2749,0.8303,0.6506,0.5821,-0.0819,-0.0739,-0.0042,0.1385,0.2684,0.1802,0.5246,0.7339,0.7788,0.8749,1.0727,1.2462,0.9637,0.6162,0.4893,0.4796,0.0508,0.0854,0.1555,0.2511,0.3267,0.349,0.495,0.6237,0.6163,0.7329,0.8191,0.7667,0.4243,0.1093,0.1853,0.3286,0.1453,0.1854,0.2451,0.316,0.3825,0.4458,0.532,0.6044,0.631,0.6693,0.6669,0.5109,0.0965,-0.1974,-0.0032,0.2261,0.2119,0.2504,0.3004,0.3575,0.4157,0.4744,0.5345,0.5842,0.613,0.6217,0.5825,0.4355,0.1641,-0.0135,0.0735,0.2296,0.2593,0.2941,0.3364,0.3835,0.4321,0.4802,0.525,0.5608,0.5813,0.5796,0.5399,0.4428,0.3033,0.2089,0.2213,0.2905]}]