docs/data/wind_grid.json
[{"header":{"la1":42.22,"la2":41.45,"lo1":11.9,"lo2":12.97,"nx":16,"ny":12,"dx":0.07133,"dy":0.07,"parameterCategory":2,"parameterNumber":2,"parameterNumberName":"eastward_wind","parameterUnit":"m.s-1"},"data":[2.7836,2.865,2.9881,3.1288,3.1721,3.0646,2.9479,2.9041,2.9137,2.9484,3.0076,3.0961,3.1924,3.2555,3.2643,3.231,2.7504,2.8384,3.0156,3.3208,3.4614,3.1771,2.95,2.9038,2.9384,2.9766,3.0437,3.1858,3.3592,3.4552,3.4332,3.3478,2.6877,2.7407,2.8802,3.2802,3.5332,3.1253,2.8876,2.9026,3.0322,3.0378,3.0711,3.3112,3.6608,3.8013,3.6704,3.4778,2.6106,2.6001,2.568,2.706,2.9394,2.8375,2.782,2.8653,3.245,3.0983,3.0534,3.4409,4.1487,4.3147,3.9132,3.5706,2.5454,2.5118,2.4391,2.4598,2.576,2.5985,2.7505,2.8452,2.6831,2.7897,2.9642,3.4015,4.2475,4.4409,3.9179,3.5439,2.4946,2.4691,2.4417,2.4176,2.3507,2.318,2.5174,2.6248,2.3913,2.5346,2.9368,3.295,3.5655,3.7683,3.5954,3.3829,2.4457,2.4112,2.36,2.2588,2.0617,1.8354,1.8696,2.0771,2.2236,2.4413,2.9852,3.4189,3.2819,3.2803,3.245,3.174,2.3994,2.3482,2.2665,2.1206,1.8534,1.4051,1.5798,1.7716,1.9923,2.2986,2.7414,3.059,3.0423,2.9885,2.9814,2.9879,2.3638,2.3042,2.2153,2.0792,1.8813,1.68,1.7126,1.68,1.5508,2.0774,2.4996,2.7475,2.7929,2.7578,2.7951,2.8516,2.3432,2.285,2.2065,2.104,1.9868,1.896,1.8648,1.7979,1.7901,2.0855,2.4045,2.6204,2.697,2.6836,2.7192,2.7765,2.3364,2.2852,2.2225,2.1503,2.0784,2.0242,1.9951,1.9838,2.0339,2.1939,2.3979,2.5691,2.665,2.6903,2.71,2.7432,2.3398,2.2975,2.2495,2.1992,2.1533,2.1203,2.1069,2.1195,2.1742,2.28,2.4139,2.5388,2.626,2.6709,2.6964,2.7205]},{"header":{"la1":42.22,"la2":41.45,"lo1":11.9,"lo2":12.97,"nx":16,"ny":12,"dx":0.07133,"dy":0.07,"parameterCategory":2,"parameterNumber":3,"parameterNumberName":"northward_wind","parameterUnit":"m.s-1"},"data":[2.8771,2.9215,2.9892,3.0666,3.0811,2.9869,2.8652,2.7763,2.7177,2.6715,2.6215,2.5621,2.5033,2.464,2.4532,2.4637,2.8707,2.9192,3.0184,3.194,3.2745,3.074,2.871,2.7611,2.704,2.6627,2.6048,2.5162,2.4187,2.3637,2.3687,2.405,2.847,2.8751,2.9515,3.1774,3.3222,3.051,2.8315,2.731,2.6865,2.661,2.595,2.4529,2.2669,2.19,2.2508,2.3401,2.815,2.8042,2.7786,2.8568,2.9848,2.8877,2.7667,2.7046,2.6751,2.6651,2.5966,2.3918,2.0193,1.9291,2.1303,2.2936,2.792,2.7641,2.7026,2.7197,2.8169,2.7926,2.7242,2.6923,2.6475,2.6556,2.622,2.4509,1.9792,1.8661,2.1306,2.3049,2.7837,2.7673,2.7461,2.76,2.7925,2.784,2.7391,2.6958,2.6134,2.6653,2.6941,2.7057,2.4436,2.2436,2.2947,2.3761,2.7824,2.778,2.7771,2.7888,2.8099,2.8303,2.8266,2.7713,2.7026,2.7019,2.7566,2.8709,2.6836,2.5003,2.4476,2.4542,2.7816,2.7827,2.7876,2.8005,2.8275,2.8791,2.87,2.8331,2.7606,2.7313,2.7313,2.7408,2.6499,2.5463,2.5042,2.4975,2.7794,2.7824,2.7884,2.7998,2.8192,2.8414,2.8318,2.7992,2.7924,2.7485,2.7069,2.6545,2.5544,2.477,2.4845,2.5049,2.7757,2.7789,2.7839,2.7914,2.8008,2.8064,2.7994,2.7864,2.7759,2.7415,2.6897,2.6118,2.4894,2.4163,2.4576,2.5025,2.771,2.7735,2.7768,2.7808,2.7842,2.7843,2.7787,2.7686,2.753,2.7238,2.6766,2.6059,2.5152,2.4631,2.4814,2.5151,2.7657,2.7673,2.7689,2.7704,2.7706,2.7683,2.7622,2.7518,2.7354,2.7094,2.671,2.6194,2.5637,2.5287,2.5265,2.5403]}]