docs/data/wind_grid.json
[{"header":{"la1":42.85,"la2":41.18,"lo1":11.55,"lo2":14.05,"nx":36,"ny":24,"dx":0.07143,"dy":0.07261,"parameterCategory":2,"parameterNumber":2,"parameterNumberName":"eastward_wind","parameterUnit":"m.s-1"},"data":[2.6986,2.6905,2.677,2.6581,2.6348,2.6085,2.5811,2.554,2.5285,2.5047,2.4828,2.4625,2.4433,2.4242,2.4035,2.3783,2.3445,2.2975,2.2336,2.1543,2.0701,1.9992,1.9586,1.9538,1.9767,2.0138,2.0542,2.0913,2.1227,2.148,2.1678,2.1831,2.1948,2.2038,2.2107,2.2162,2.7347,2.7278,2.7132,2.6909,2.6619,2.6288,2.5946,2.5621,2.5325,2.5061,2.4827,2.4618,2.4432,2.4261,2.4087,2.3871,2.355,2.3026,2.2197,2.1024,1.9663,1.8504,1.7948,1.8078,1.8647,1.9354,2.0015,2.056,2.0983,2.1302,2.1539,2.1714,2.1844,2.194,2.2012,2.2067,2.7799,2.7759,2.761,2.7341,2.6966,2.6529,2.6086,2.5685,2.5342,2.505,2.4799,2.4585,2.4409,2.4272,2.4158,2.4032,2.3806,2.3311,2.2288,2.0505,1.8114,1.5994,1.5228,1.5892,1.7192,1.8472,1.9494,2.0246,2.0781,2.1159,2.1425,2.1614,2.1748,2.1845,2.1916,2.197,2.837,2.8397,2.8267,2.7941,2.7434,2.6822,2.6217,2.5707,2.5316,2.5004,2.4735,2.451,2.4344,2.4248,2.4227,2.4264,2.4283,2.4046,2.3009,2.0366,1.5854,1.1445,1.0518,1.2753,1.5519,1.765,1.9091,2.0035,2.0655,2.1066,2.1342,2.1531,2.1661,2.1752,2.1818,2.1867,2.9091,2.9261,2.921,2.883,2.8113,2.7198,2.631,2.5641,2.5225,2.4918,2.4626,2.4377,2.4209,2.415,2.4235,2.4507,2.4987,2.5507,2.5194,2.1869,1.3433,0.3535,0.3201,0.9275,1.4241,1.7228,1.8965,1.9997,2.0631,2.1032,2.1292,2.1464,2.1579,2.1658,2.1713,2.1755,2.9981,3.0437,3.062,3.0241,2.9188,2.7738,2.6353,2.5431,2.5074,2.4816,2.446,2.4159,2.3971,2.392,2.408,2.4595,2.5694,2.7675,2.9885,2.7361,1.5079,-0.1388,-0.063,0.8672,1.4534,1.7593,1.9234,2.016,2.071,2.1049,2.1264,2.1403,2.1494,2.1554,2.1595,2.1627,3.0992,3.197,3.2759,3.2611,3.1003,2.8622,2.6476,2.5201,2.4997,2.4688,2.4168,2.3814,2.3596,2.349,2.3618,2.4247,2.5792,2.9054,3.4501,3.3542,2.2628,1.1679,0.9423,1.347,1.681,1.8753,1.9843,2.0472,2.085,2.1086,2.1237,2.1333,2.1393,2.143,2.1455,2.1476,3.1934,3.3654,3.5725,3.6513,3.3854,2.9925,2.6906,2.5256,2.476,2.4115,2.3555,2.3298,2.3081,2.28,2.2648,2.3156,2.4778,2.7641,3.1072,3.0592,2.7652,2.4416,2.0521,1.9365,1.9663,2.0155,2.0532,2.0789,2.0969,2.1095,2.118,2.1232,2.1261,2.1275,2.1282,2.1292,3.2449,3.4674,3.8128,4.0739,3.6368,3.093,2.722,2.4838,2.3295,2.2414,2.2411,2.2643,2.2514,2.1854,2.0793,2.0793,2.2916,2.5543,2.7599,2.9007,3.2021,3.074,2.5684,2.2818,2.1624,2.1149,2.0971,2.0935,2.0967,2.1019,2.1061,2.1081,2.1082,2.1072,2.1063,2.1062,3.2308,3.4215,3.6703,3.8086,3.5074,3.0872,2.7034,2.3627,1.9945,1.8545,2.0606,2.2044,2.2124,2.1018,1.7673,1.5873,2.0966,2.4616,2.6642,2.8285,3.0508,2.9735,2.6407,2.3862,2.2279,2.1349,2.0888,2.0743,2.0758,2.0816,2.0856,2.0861,2.0839,2.0806,2.078,2.0772,3.1706,3.3061,3.4438,3.5465,3.472,3.0661,2.6917,2.3192,1.5126,1.1139,1.9002,2.1946,2.2072,2.1079,1.8106,1.5793,2.1703,2.5544,2.7227,2.77,2.7852,2.7159,2.5427,2.3437,2.1683,2.0502,2.0042,2.0085,2.0296,2.0475,2.056,2.0562,2.0514,2.0454,2.041,2.0399,3.092,3.1939,3.321,3.476,3.3903,2.9918,2.7405,2.6244,2.0693,1.6359,2.0862,2.2751,2.2162,2.049,2.0875,2.2116,2.5052,2.9096,3.0278,2.8664,2.732,2.61,2.4444,2.2194,1.9708,1.8123,1.8122,1.8901,1.9621,2.0041,2.0195,2.0178,2.0083,1.9982,1.9918,1.9913,3.0058,3.0716,3.1405,3.1766,3.0763,2.8757,2.7933,2.8898,2.7094,2.381,2.3724,2.4351,2.3381,2.002,2.1119,2.4213,2.7215,3.5352,3.5745,3.002,2.7487,2.5813,2.3756,2.0486,1.5968,1.3397,1.4989,1.7426,1.8946,1.9627,1.9792,1.9691,1.9499,1.9331,1.925,1.927,2.9218,2.9545,2.9744,2.9592,2.8892,2.8005,2.7716,2.8132,2.7323,2.5554,2.5132,2.5861,2.5872,2.3217,2.4061,2.5376,2.7015,3.1447,3.2486,2.935,2.7409,2.5879,2.3641,1.9431,1.23,0.8254,1.24,1.6619,1.8676,1.9374,1.9364,1.9038,1.866,1.8397,1.8317,1.8412,2.8492,2.861,2.8593,2.8364,2.7923,2.7454,2.718,2.701,2.6507,2.5962,2.5873,2.5856,2.544,2.5793,2.5349,2.5833,3.0527,2.8911,2.8771,2.8084,2.7436,2.6483,2.4417,2.0628,1.4723,1.1292,1.4262,1.7602,1.9111,1.9326,1.8829,1.8057,1.7368,1.6995,1.6987,1.726,2.7911,2.7924,2.7838,2.7634,2.7338,2.7026,2.6762,2.6521,2.6284,2.6278,2.675,2.6727,2.6266,2.5828,2.6077,2.7544,2.9726,2.8297,2.7687,2.7689,2.8418,2.7797,2.5628,2.2965,2.002,1.8327,1.8904,1.9925,2.0089,1.9342,1.797,1.6422,1.5252,1.4822,1.5083,1.5744,2.7462,2.743,2.7331,2.7165,2.695,2.6724,2.6515,2.6341,2.6248,2.636,2.6709,2.6591,2.6576,2.6627,2.6514,2.7021,2.7455,2.7224,2.6979,2.7366,2.8576,2.802,2.6224,2.4685,2.361,2.3204,2.3095,2.2535,2.1249,1.9203,1.6461,1.3581,1.1687,1.1452,1.2439,1.3858,2.7117,2.7069,2.6977,2.6844,2.6685,2.6519,2.6369,2.6257,2.6213,2.6267,2.6368,2.6433,2.6657,2.6784,2.6982,2.724,2.7047,2.659,2.6167,2.6753,2.7167,2.694,2.6209,2.5726,2.6074,2.7195,2.7269,2.5294,2.2419,1.8821,1.4073,0.8863,0.5895,0.6589,0.9158,1.1809,2.6851,2.6801,2.6721,2.6616,2.6497,2.6377,2.6273,2.62,2.6174,2.6201,2.6268,2.6373,2.656,2.6926,2.8045,2.8526,2.7276,2.6653,2.6485,2.6947,2.6779,2.6429,2.6121,2.6332,2.7958,3.1566,3.2326,2.7857,2.3333,1.8405,1.1398,0.2769,-0.1517,0.1268,0.615,1.0165,2.6642,2.6595,2.6528,2.6447,2.6358,2.6271,2.6199,2.6151,2.6137,2.6161,2.6225,2.6339,2.6547,2.6984,2.787,2.8145,2.726,2.6911,2.7462,2.782,2.6801,2.6124,2.5869,2.6303,2.8147,3.2255,3.3198,2.7777,2.339,1.8418,1.0718,0.0326,-0.4645,-0.0663,0.5209,0.9687,2.6474,2.6433,2.6378,2.6315,2.6248,2.6186,2.6135,2.6104,2.6098,2.6123,2.6182,2.6287,2.6462,2.6742,2.7077,2.7149,2.6902,2.6795,2.7057,2.7086,2.6291,2.5485,2.5192,2.5581,2.6579,2.7436,2.6317,2.5221,2.2648,1.8897,1.3189,0.5489,0.1192,0.3101,0.7134,1.0651,2.6336,2.6301,2.6257,2.6208,2.6157,2.6111,2.6075,2.6054,2.6053,2.6075,2.6124,2.6205,2.6324,2.6473,2.6602,2.6624,2.6539,2.6458,2.64,2.6122,2.5348,2.4292,2.3971,2.4589,2.5191,2.5231,2.4926,2.4054,2.1082,1.8935,1.6106,1.192,0.8893,0.878,1.0467,1.2513,2.622,2.619,2.6155,2.6116,2.6077,2.6042,2.6016,2.6,2.6,2.6017,2.6052,2.6106,2.6175,2.6248,2.6295,2.6288,2.6219,2.6104,2.5906,2.5492,2.4669,2.3491,2.3187,2.3961,2.4382,2.4267,2.3696,2.1351,1.7975,1.8028,1.757,1.5656,1.3805,1.3121,1.3543,1.4508,2.612,2.6095,2.6065,2.6034,2.6003,2.5976,2.5955,2.5942,2.594,2.5949,2.5969,2.5999,2.6033,2.606,2.6065,2.6031,2.5949,2.5807,2.5572,2.5178,2.4564,2.3874,2.3661,2.3904,2.3923,2.3477,2.2343,1.9916,1.7554,1.7882,1.8186,1.7446,1.6444,1.5846,1.5821,1.6214]},{"header":{"la1":42.85,"la2":41.18,"lo1":11.55,"lo2":14.05,"nx":36,"ny":24,"dx":0.07143,"dy":0.07261,"parameterCategory":2,"parameterNumber":3,"parameterNumberName":"northward_wind","parameterUnit":"m.s-1"},"data":[0.9112,0.9065,0.9046,0.9059,0.9106,0.9194,0.9333,0.954,0.9831,1.0209,1.0661,1.117,1.1715,1.2284,1.2874,1.3483,1.4105,1.4731,1.5344,1.5917,1.6407,1.6757,1.6916,1.6886,1.672,1.649,1.6253,1.6042,1.5869,1.5734,1.5633,1.5559,1.5506,1.5469,1.5443,1.5425,0.8761,0.8684,0.8638,0.8626,0.8645,0.8699,0.8804,0.8994,0.9302,0.9741,1.0288,1.0901,1.1546,1.2211,1.2896,1.361,1.4353,1.5116,1.5882,1.6628,1.7298,1.7776,1.7934,1.7765,1.7398,1.698,1.6601,1.6294,1.606,1.5888,1.5766,1.568,1.5621,1.558,1.5553,1.5533,0.8367,0.8251,0.8174,0.8133,0.8116,0.8114,0.8144,0.8271,0.8583,0.9115,0.981,1.0576,1.1351,1.2124,1.2913,1.3746,1.4638,1.5577,1.6538,1.7523,1.8515,1.9278,1.9433,1.8961,1.8216,1.7502,1.6934,1.6518,1.6225,1.6023,1.5885,1.5793,1.5732,1.5692,1.5666,1.5647,0.7921,0.7755,0.7641,0.7574,0.7522,0.7436,0.731,0.7264,0.7534,0.8232,0.9197,1.0202,1.1142,1.2027,1.2917,1.388,1.4962,1.6139,1.7326,1.8568,2.0123,2.1609,2.1743,2.0537,1.9098,1.797,1.7194,1.6681,1.6347,1.6129,1.5989,1.5899,1.5843,1.5807,1.5784,1.5768,0.7414,0.7173,0.7011,0.6933,0.6878,0.6701,0.6278,0.5777,0.5864,0.6938,0.8447,0.9823,1.0953,1.193,1.289,1.3972,1.5303,1.6877,1.8368,1.9607,2.1824,2.5091,2.5017,2.2179,1.9748,1.8218,1.7301,1.6749,1.6412,1.6204,1.6077,1.6,1.5954,1.5927,1.5911,1.59,0.6838,0.6478,0.6234,0.6164,0.6196,0.6021,0.5177,0.3614,0.3109,0.5162,0.7716,0.9564,1.0845,1.1851,1.2809,1.3943,1.5539,1.784,2.0208,2.0732,2.2091,2.7081,2.666,2.246,1.9623,1.8063,1.7199,1.6708,1.6422,1.6255,1.6157,1.6103,1.6073,1.6059,1.6051,1.6046,0.6207,0.5657,0.524,0.5154,0.5428,0.5566,0.4623,0.1797,0.0247,0.3945,0.7539,0.9609,1.0879,1.1814,1.2671,1.3694,1.5312,1.8247,2.2412,2.2169,1.9917,2.1888,2.2294,2.0238,1.8526,1.75,1.6918,1.6589,1.6403,1.6298,1.6243,1.6217,1.6209,1.6209,1.6212,1.6212,0.5582,0.478,0.4069,0.3829,0.4451,0.532,0.5275,0.362,0.2789,0.5651,0.839,1.0014,1.1056,1.185,1.2553,1.3283,1.4404,1.6533,1.9314,1.8713,1.5519,1.5526,1.7005,1.7359,1.7098,1.6797,1.6591,1.6468,1.6399,1.6365,1.6354,1.6358,1.6372,1.6387,1.64,1.6405,0.5062,0.4045,0.3186,0.2888,0.347,0.5049,0.6369,0.6835,0.7333,0.8489,0.9642,1.0551,1.1287,1.1975,1.2681,1.3121,1.3396,1.4154,1.495,1.3974,1.0777,1.1436,1.4134,1.5506,1.6053,1.6281,1.639,1.6443,1.6469,1.6488,1.6511,1.654,1.6573,1.6604,1.6625,1.6634,0.4715,0.3447,0.2365,0.1934,0.1883,0.4515,0.7268,0.8862,0.9782,1.0259,1.0543,1.0972,1.1452,1.2085,1.3355,1.4025,1.2847,1.2465,1.263,1.2441,1.1381,1.1779,1.35,1.4811,1.565,1.6174,1.6469,1.6606,1.6662,1.6694,1.6731,1.6777,1.6827,1.6871,1.6901,1.691,0.4622,0.2921,0.0194,-0.4548,-0.3362,0.3832,0.8399,1.0345,1.09,1.0984,1.1009,1.1239,1.1508,1.1863,1.299,1.3875,1.1886,1.074,1.0679,1.1359,1.1977,1.2665,1.373,1.4897,1.5924,1.6636,1.6964,1.703,1.7007,1.6995,1.7021,1.7078,1.7147,1.7206,1.7241,1.7246,0.4966,0.3225,0.0283,-0.393,-0.2381,0.5334,1.0376,1.2323,1.179,1.1261,1.1308,1.1466,1.1571,1.1708,1.1589,1.115,0.9834,0.7686,0.7483,0.965,1.1469,1.2787,1.4062,1.5508,1.6983,1.7925,1.803,1.7742,1.7485,1.7372,1.7379,1.7455,1.7551,1.763,1.767,1.7662,0.5773,0.4569,0.3053,0.2031,0.3847,0.8188,1.1976,1.4072,1.3173,1.1849,1.1579,1.1908,1.1799,1.1732,1.1235,0.9606,0.8093,0.2738,0.2705,0.8261,1.1113,1.2853,1.4451,1.6487,1.9005,2.04,1.9693,1.861,1.7992,1.7777,1.7796,1.7925,1.8074,1.8183,1.8221,1.8184,0.679,0.6186,0.5733,0.5929,0.7339,0.9651,1.1869,1.3267,1.2868,1.1738,1.153,1.2555,1.2727,1.0114,0.9702,0.7117,0.7375,0.5797,0.5678,0.9203,1.1559,1.3114,1.4743,1.7215,2.0956,2.2971,2.1039,1.9173,1.8351,1.8157,1.8281,1.8533,1.8779,1.8929,1.8949,1.8849,0.776,0.7538,0.7537,0.7955,0.8889,1.0133,1.1263,1.1866,1.1652,1.0977,1.067,1.1339,1.1532,1.1943,0.9391,0.6547,0.7277,0.8589,0.9772,1.1316,1.2438,1.3323,1.4703,1.6876,1.9911,2.1594,2.0336,1.8984,1.8463,1.8517,1.8891,1.9378,1.9784,1.9977,1.993,1.9699,0.8568,0.8537,0.8677,0.9052,0.9648,1.0336,1.0901,1.1134,1.0875,0.9922,0.7852,1.1186,1.1549,1.1403,1.0388,0.9033,0.8557,1.0655,1.2613,1.318,1.2429,1.29,1.4478,1.6125,1.7766,1.8734,1.8668,1.8389,1.8455,1.8937,1.9742,2.0642,2.1306,2.1506,2.1269,2.0775,0.9208,0.9257,0.9421,0.9712,1.01,1.0503,1.0807,1.0895,1.0645,0.982,0.831,1.0227,1.2269,1.276,1.1712,1.1411,1.2225,1.5091,1.7529,1.5806,1.2649,1.3127,1.4735,1.5875,1.6764,1.7331,1.762,1.7919,1.8486,1.9496,2.0984,2.2626,2.3705,2.3765,2.3057,2.2071,0.9711,0.9788,0.994,1.0162,1.0427,1.0685,1.0875,1.0937,1.0826,1.0556,1.0464,1.1243,1.2634,1.3033,1.2821,1.3337,1.5202,2.1236,2.7099,2.0676,1.6602,1.5473,1.5665,1.6106,1.6544,1.6826,1.7077,1.7601,1.8543,2.0149,2.2683,2.5689,2.7428,2.6917,2.5216,2.3448,1.0112,1.0197,1.033,1.0503,1.0698,1.0884,1.1032,1.1115,1.1136,1.1152,1.132,1.178,1.2402,1.2949,1.3752,1.4148,1.61,2.1484,2.5381,2.2971,1.9628,1.7366,1.6531,1.6427,1.6571,1.6559,1.6598,1.7332,1.8553,2.0659,2.4424,2.9487,3.2075,3.03,2.7165,2.4541,1.0441,1.0525,1.0641,1.0784,1.0939,1.1092,1.1227,1.1338,1.1438,1.1566,1.1788,1.2146,1.2623,1.3224,1.3915,1.4373,1.6215,1.9899,2.4602,2.628,2.1175,1.8085,1.6853,1.6569,1.6654,1.656,1.6541,1.7411,1.856,2.0672,2.4842,3.0985,3.4017,3.152,2.7779,2.487,1.0717,1.0799,1.0903,1.1027,1.1162,1.1299,1.1433,1.1565,1.1706,1.1881,1.2122,1.2451,1.288,1.3414,1.4031,1.4818,1.6333,1.8864,2.2005,2.2782,1.984,1.7381,1.64,1.6388,1.6752,1.7175,1.7689,1.7895,1.8564,2.012,2.3233,2.7796,3.0392,2.9158,2.6564,2.4266,1.0956,1.1035,1.1132,1.1244,1.1368,1.1499,1.1635,1.178,1.1942,1.2138,1.2385,1.27,1.3096,1.3582,1.4178,1.4965,1.6097,1.7562,1.8867,1.8944,1.7443,1.5579,1.5027,1.5786,1.6675,1.7494,1.8082,1.8107,1.8613,1.943,2.114,2.3717,2.5557,2.5573,2.4445,2.3077,1.1165,1.1243,1.1335,1.1441,1.1559,1.1687,1.1825,1.1977,1.215,1.2354,1.26,1.2902,1.3269,1.3713,1.4251,1.4914,1.5716,1.6557,1.7137,1.7035,1.6021,1.442,1.4007,1.5267,1.6458,1.7322,1.7867,1.8333,1.8885,1.9038,1.9823,2.1216,2.2403,2.2797,2.2472,2.1791,1.1353,1.1429,1.1519,1.1621,1.1735,1.1862,1.2001,1.2156,1.2332,1.2536,1.2777,1.3063,1.3401,1.3799,1.4263,1.4795,1.537,1.5903,1.6235,1.6189,1.568,1.4929,1.4757,1.5476,1.6371,1.7128,1.7757,1.842,1.8916,1.8937,1.9258,1.9968,2.0663,2.1025,2.0991,2.0678]}]