docs/data/wind_grid.json
[{"header":{"la1":42.85,"la2":41.18,"lo1":11.55,"lo2":14.05,"nx":36,"ny":24,"dx":0.07143,"dy":0.07261,"parameterCategory":2,"parameterNumber":2,"parameterNumberName":"eastward_wind","parameterUnit":"m.s-1"},"data":[2.4135,2.4066,2.3988,2.3902,2.3809,2.3711,2.3611,2.351,2.3408,2.3303,2.3192,2.3073,2.2944,2.2803,2.2653,2.2495,2.2341,2.2205,2.2103,2.2049,2.2044,2.2077,2.2131,2.2189,2.2238,2.2271,2.2286,2.2282,2.2261,2.2226,2.2182,2.213,2.2074,2.2017,2.1961,2.1908,2.4192,2.4118,2.4032,2.3934,2.3828,2.3717,2.3604,2.3493,2.3383,2.3272,2.3154,2.3023,2.2878,2.2715,2.2532,2.2331,2.2125,2.1937,2.1801,2.1743,2.1767,2.1849,2.1956,2.206,2.2144,2.2199,2.2225,2.2225,2.2202,2.2162,2.2109,2.2048,2.1983,2.1917,2.1854,2.1795,2.4259,2.418,2.4085,2.3974,2.3851,2.372,2.3589,2.3466,2.3351,2.3236,2.3111,2.297,2.2807,2.2619,2.2397,2.2137,2.1848,2.1569,2.1368,2.1306,2.1387,2.1558,2.1752,2.1925,2.2053,2.2134,2.2171,2.2172,2.2144,2.2094,2.203,2.1957,2.188,2.1803,2.1731,2.1665,2.4341,2.4257,2.4153,2.4026,2.388,2.372,2.3562,2.3422,2.3304,2.3192,2.3063,2.291,2.273,2.2517,2.2254,2.1917,2.1498,2.1051,2.072,2.0654,2.0858,2.1195,2.153,2.1797,2.1979,2.2085,2.2129,2.2125,2.2086,2.2022,2.1941,2.1852,2.176,2.1671,2.1587,2.1513,2.4441,2.4356,2.4244,2.41,2.3924,2.3722,2.3518,2.3351,2.3238,2.314,2.3007,2.2838,2.264,2.241,2.2115,2.1697,2.1093,2.0338,1.9729,1.9672,2.0149,2.0786,2.1326,2.1705,2.1939,2.2062,2.2103,2.2086,2.2028,2.1942,2.184,2.173,2.1619,2.1514,2.1418,2.1336,2.4563,2.4483,2.4369,2.4211,2.4002,2.3744,2.3467,2.325,2.3158,2.3088,2.2936,2.2736,2.2521,2.2288,2.1994,2.1534,2.0737,1.9507,1.8351,1.8344,1.936,2.0446,2.1219,2.1693,2.1956,2.2075,2.2097,2.2053,2.1966,2.185,2.1719,2.1583,2.1449,2.1326,2.1216,2.1125,2.4712,2.4646,2.4542,2.4382,2.415,2.3835,2.3466,2.3173,2.3112,2.3038,2.2814,2.2569,2.234,2.2124,2.1885,2.1495,2.0679,1.9106,1.7337,1.741,1.9007,2.0434,2.1319,2.1807,2.2045,2.2127,2.2108,2.2022,2.1893,2.1738,2.157,2.1402,2.1241,2.1096,2.0972,2.0872,2.4889,2.485,2.4774,2.4639,2.4413,2.4068,2.362,2.323,2.307,2.2834,2.2532,2.2281,2.2049,2.1856,2.1725,2.156,2.1078,1.9914,1.8452,1.8455,1.9777,2.0969,2.1689,2.2058,2.2206,2.2213,2.2128,2.1983,2.18,2.1595,2.1382,2.1174,2.0982,2.0813,2.0673,2.0567,2.509,2.5095,2.5072,2.5,2.4835,2.4516,2.3985,2.3292,2.2596,2.209,2.1948,2.1842,2.1589,2.1369,2.1371,2.1561,2.1674,2.141,2.0887,2.0826,2.1345,2.1904,2.2255,2.2406,2.241,2.2311,2.2141,2.1922,2.1672,2.1406,2.1138,2.0884,2.0653,2.0458,2.0304,2.0194,2.5308,2.5369,2.5428,2.5467,2.5448,2.527,2.4705,2.3345,2.1119,2.01,2.0991,2.1325,2.0896,2.0453,2.0588,2.1301,2.2181,2.2803,2.2982,2.2925,2.2892,2.2895,2.2868,2.2776,2.2615,2.2395,2.2125,2.1819,2.149,2.1151,2.0819,2.0508,2.0234,2.001,1.9843,1.9736,2.5527,2.5653,2.5808,2.6002,2.6229,2.6428,2.6279,2.4541,1.8759,1.6111,2.0229,2.1017,1.9882,1.8682,1.9021,2.0689,2.2723,2.4431,2.5077,2.4748,2.419,2.3743,2.34,2.3094,2.2777,2.2432,2.2055,2.1652,2.1232,2.0808,2.0397,2.0018,1.9692,1.9437,1.9263,1.9169,2.5728,2.5913,2.6162,2.6513,2.7028,2.7805,2.8885,2.9254,2.3987,1.9709,2.1626,2.1331,1.8779,1.5363,1.6486,1.9967,2.3717,2.7457,2.827,2.6624,2.5215,2.4353,2.3778,2.3309,2.2859,2.2394,2.1905,2.1397,2.0874,2.0348,1.9839,1.9374,1.8985,1.8698,1.8526,1.8464,2.5895,2.6121,2.6432,2.6882,2.7576,2.8714,3.0612,3.2898,3.0542,2.5702,2.3781,2.2706,2.0069,1.4293,1.5538,2.0155,2.4807,3.1964,3.2179,2.7881,2.5694,2.463,2.3961,2.3398,2.2838,2.2254,2.1648,2.1025,2.0387,1.9738,1.9102,1.8521,1.805,1.7731,1.758,1.7583,2.6016,2.6259,2.6586,2.7044,2.7717,2.8729,3.0171,3.1593,3.0389,2.7119,2.5215,2.4322,2.3501,1.7831,1.9484,2.141,2.3789,2.8587,2.9597,2.6979,2.5384,2.4559,2.3967,2.3366,2.2698,2.1981,2.1246,2.0506,1.9743,1.8944,1.8132,1.7382,1.6795,1.6447,1.6356,1.648,2.609,2.6327,2.6631,2.7029,2.7554,2.8219,2.8932,2.9273,2.86,2.7628,2.7185,2.6143,2.3931,2.3631,2.2239,2.1922,2.0879,2.3959,2.5624,2.532,2.4703,2.4319,2.3889,2.3241,2.2416,2.1521,2.0645,1.9802,1.8922,1.7935,1.6859,1.5836,1.5073,1.4715,1.4763,1.511,2.6125,2.6342,2.6605,2.6922,2.7292,2.7686,2.8014,2.8135,2.8119,2.871,3.0744,2.9659,2.7803,2.5387,2.4576,2.3178,2.1892,2.3553,2.4445,2.449,2.422,2.4158,2.3823,2.3025,2.1923,2.0758,1.9744,1.8876,1.7937,1.6712,1.5202,1.3701,1.266,1.2353,1.2704,1.3447,2.6132,2.6324,2.6545,2.6793,2.706,2.7321,2.7543,2.7733,2.8062,2.8964,3.0536,2.9737,3.0136,3.0533,2.769,2.6265,2.5041,2.4269,2.3816,2.4137,2.4169,2.4144,2.3742,2.2659,2.1072,1.9459,1.8358,1.7701,1.6867,1.5344,1.3088,1.0715,0.9242,0.9172,1.0146,1.1545,2.6119,2.6288,2.6475,2.6677,2.6887,2.7095,2.73,2.7536,2.789,2.8441,2.8987,2.932,3.078,3.1351,3.1125,3.1002,2.7676,2.3798,2.1522,2.3731,2.4464,2.4323,2.3671,2.2146,1.973,1.7248,1.6199,1.6321,1.5918,1.4036,1.0565,0.6687,0.4641,0.5238,0.731,0.9636,2.6096,2.6246,2.6408,2.658,2.6759,2.6944,2.7143,2.7378,2.7682,2.8061,2.8479,2.902,2.9949,3.1642,3.7272,3.9572,3.0892,2.5101,2.3234,2.5346,2.5422,2.4911,2.3907,2.1835,1.8309,1.4239,1.3345,1.5148,1.5435,1.3186,0.8224,0.2377,-0.0176,0.1554,0.4956,0.8192,2.6065,2.62,2.6344,2.6497,2.6657,2.6829,2.7018,2.7238,2.7504,2.7827,2.8228,2.8799,2.9783,3.192,3.642,3.7582,3.1455,2.7336,2.7252,2.7865,2.6609,2.5931,2.486,2.2454,1.846,1.3854,1.2944,1.555,1.579,1.3272,0.7601,0.0807,-0.1925,0.0331,0.4233,0.7766,2.6029,2.6152,2.6282,2.6421,2.6569,2.6728,2.6905,2.7108,2.7348,2.764,2.8014,2.854,2.9363,3.0687,3.2236,3.2183,2.9925,2.7904,2.7404,2.7463,2.7417,2.7825,2.731,2.4581,2.0603,1.7798,1.7924,1.7828,1.6859,1.4321,0.9471,0.3889,0.1311,0.2631,0.56,0.855,2.5989,2.6101,2.6221,2.6348,2.6484,2.6631,2.6795,2.698,2.7195,2.7453,2.7774,2.8194,2.8747,2.9404,2.9888,2.9692,2.8788,2.7885,2.753,2.7777,2.9041,3.1695,3.2239,2.8117,2.2992,1.9733,1.904,1.8789,1.7765,1.5658,1.2258,0.8557,0.6449,0.6639,0.8226,1.0181,2.5945,2.6049,2.6159,2.6275,2.64,2.6534,2.6682,2.6848,2.7036,2.7254,2.7511,2.7815,2.8156,2.8474,2.8633,2.8492,2.8099,2.773,2.7698,2.8354,3.0478,3.4483,3.561,3.0613,2.4923,2.1207,1.9645,1.913,1.8338,1.6806,1.4589,1.2264,1.0709,1.0369,1.0995,1.2092,2.5898,2.5993,2.6094,2.62,2.6314,2.6435,2.6567,2.6711,2.6871,2.7049,2.7245,2.7456,2.7663,2.7825,2.7884,2.7805,2.7638,2.7527,2.7681,2.8397,3.008,3.2453,3.2853,2.9734,2.5684,2.2615,2.0842,1.9868,1.8984,1.78,1.6311,1.4803,1.3687,1.3215,1.3352,1.389]},{"header":{"la1":42.85,"la2":41.18,"lo1":11.55,"lo2":14.05,"nx":36,"ny":24,"dx":0.07143,"dy":0.07261,"parameterCategory":2,"parameterNumber":3,"parameterNumberName":"northward_wind","parameterUnit":"m.s-1"},"data":[-0.4433,-0.4532,-0.4648,-0.4783,-0.4934,-0.5096,-0.5265,-0.5435,-0.5606,-0.5781,-0.5965,-0.6163,-0.638,-0.6612,-0.6854,-0.7096,-0.7319,-0.75,-0.7614,-0.7643,-0.7581,-0.7438,-0.7233,-0.6985,-0.6714,-0.643,-0.6142,-0.5855,-0.5575,-0.5303,-0.5041,-0.4792,-0.4556,-0.4335,-0.413,-0.3942,-0.4333,-0.4436,-0.4563,-0.4714,-0.4888,-0.5078,-0.5273,-0.5464,-0.5648,-0.583,-0.6024,-0.6241,-0.6488,-0.6765,-0.7066,-0.738,-0.7683,-0.794,-0.8107,-0.8147,-0.8054,-0.7851,-0.7572,-0.7253,-0.6915,-0.6573,-0.6236,-0.5907,-0.559,-0.5285,-0.4995,-0.4721,-0.4465,-0.4227,-0.4007,-0.3807,-0.4208,-0.4314,-0.4451,-0.4624,-0.483,-0.5061,-0.5298,-0.552,-0.5714,-0.5892,-0.6083,-0.6312,-0.659,-0.6917,-0.7291,-0.7701,-0.8124,-0.8505,-0.8758,-0.8812,-0.8657,-0.8349,-0.7958,-0.7538,-0.7117,-0.6708,-0.6315,-0.594,-0.5582,-0.5243,-0.4924,-0.4624,-0.4346,-0.4089,-0.3856,-0.3645,-0.4055,-0.4158,-0.4304,-0.4501,-0.4753,-0.5049,-0.536,-0.5636,-0.5837,-0.5984,-0.6146,-0.6375,-0.6681,-0.7063,-0.7519,-0.8054,-0.8653,-0.9241,-0.9651,-0.9717,-0.9432,-0.8937,-0.8376,-0.7823,-0.7304,-0.6821,-0.6369,-0.5945,-0.5545,-0.517,-0.4819,-0.4493,-0.4192,-0.3918,-0.367,-0.3449,-0.3865,-0.3958,-0.4106,-0.4326,-0.4633,-0.503,-0.548,-0.5875,-0.6085,-0.6138,-0.6217,-0.6427,-0.676,-0.7195,-0.7734,-0.8406,-0.9246,-1.0184,-1.0895,-1.0958,-1.0393,-0.958,-0.8783,-0.8075,-0.7452,-0.6894,-0.6385,-0.5912,-0.5471,-0.5059,-0.4676,-0.4322,-0.3998,-0.3705,-0.3444,-0.3214,-0.3633,-0.3701,-0.3834,-0.4062,-0.4422,-0.4948,-0.5631,-0.6296,-0.6545,-0.6368,-0.6285,-0.6465,-0.6829,-0.7312,-0.7912,-0.8694,-0.9783,-1.1221,-1.247,-1.248,-1.1395,-1.014,-0.909,-0.8243,-0.7534,-0.6913,-0.6351,-0.5833,-0.5351,-0.4901,-0.4485,-0.4102,-0.3755,-0.3444,-0.317,-0.2933,-0.3357,-0.3378,-0.3465,-0.3664,-0.4034,-0.4657,-0.5589,-0.6658,-0.7024,-0.6521,-0.6296,-0.6493,-0.6905,-0.7429,-0.805,-0.8847,-1.0016,-1.1774,-1.3538,-1.347,-1.1901,-1.036,-0.919,-0.8282,-0.7527,-0.6864,-0.626,-0.57,-0.5176,-0.4689,-0.4237,-0.3825,-0.3453,-0.3124,-0.284,-0.2599,-0.3038,-0.2984,-0.2984,-0.3088,-0.3377,-0.3958,-0.4914,-0.6051,-0.6517,-0.625,-0.6232,-0.6534,-0.7018,-0.7585,-0.8192,-0.8893,-0.9843,-1.1215,-1.26,-1.2602,-1.1382,-1.0099,-0.9053,-0.8188,-0.7433,-0.6746,-0.6107,-0.5506,-0.494,-0.4412,-0.3923,-0.3478,-0.3081,-0.2735,-0.2442,-0.22,-0.2689,-0.2531,-0.2392,-0.2318,-0.2394,-0.2753,-0.3523,-0.46,-0.553,-0.6057,-0.6297,-0.664,-0.721,-0.7848,-0.8436,-0.9003,-0.9639,-1.037,-1.0981,-1.1012,-1.0428,-0.9615,-0.8792,-0.8012,-0.7272,-0.6566,-0.5891,-0.5247,-0.4635,-0.4061,-0.353,-0.3049,-0.2625,-0.2262,-0.1962,-0.1725,-0.2336,-0.2051,-0.1727,-0.1386,-0.1092,-0.1013,-0.1517,-0.3169,-0.5958,-0.7376,-0.6784,-0.6796,-0.7515,-0.8317,-0.8893,-0.9335,-0.9796,-1.0226,-1.0446,-1.0335,-0.9908,-0.9282,-0.8567,-0.7822,-0.7075,-0.6336,-0.5614,-0.4917,-0.4251,-0.3622,-0.3041,-0.2518,-0.2064,-0.1684,-0.1383,-0.1159,-0.2015,-0.1598,-0.1068,-0.0395,0.0433,0.1322,0.1722,-0.0343,-0.8064,-1.1514,-0.725,-0.6772,-0.7963,-0.9187,-0.9666,-0.99,-1.0375,-1.09,-1.1005,-1.0597,-0.9944,-0.9214,-0.8448,-0.766,-0.686,-0.606,-0.5274,-0.451,-0.3776,-0.3081,-0.2438,-0.1864,-0.1373,-0.0977,-0.0681,-0.0481,-0.1766,-0.1241,-0.0532,0.0454,0.1862,0.3888,0.6557,0.7837,-0.0318,-0.6985,-0.5567,-0.6168,-0.8357,-1.0846,-1.0752,-1.0537,-1.1316,-1.2482,-1.2555,-1.144,-1.0289,-0.9318,-0.842,-0.7527,-0.6628,-0.5736,-0.4862,-0.4014,-0.3197,-0.2418,-0.1695,-0.1052,-0.0515,-0.0104,0.0175,0.0331,-0.1625,-0.1044,-0.0239,0.0917,0.2656,0.539,0.9682,1.4504,0.9945,0.0573,-0.3392,-0.4338,-0.6618,-1.1348,-1.1146,-1.1096,-1.2528,-1.4494,-1.4408,-1.2181,-1.0597,-0.9482,-0.8462,-0.7418,-0.6369,-0.5347,-0.4365,-0.3418,-0.25,-0.1612,-0.0778,-0.0038,0.056,0.0984,0.1227,0.1309,-0.1611,-0.1038,-0.0254,0.0855,0.2474,0.4882,0.8246,1.151,0.8724,0.099,-0.2955,-0.2079,-0.205,-0.8053,-0.9802,-1.2654,-1.5238,-1.4531,-1.3717,-1.197,-1.076,-0.9818,-0.8651,-0.7339,-0.6055,-0.4868,-0.3767,-0.2715,-0.1677,-0.0642,0.0356,0.1243,0.1932,0.2362,0.2532,0.2487,-0.1716,-0.1211,-0.0546,0.0339,0.1517,0.3012,0.458,0.5113,0.2659,-0.1495,-0.3893,-0.4528,-0.6376,-0.9038,-0.9911,-1.7445,-2.5277,-1.6766,-1.2719,-1.1486,-1.1599,-1.0984,-0.917,-0.7252,-0.5622,-0.4261,-0.3067,-0.1922,-0.0741,0.0505,0.1763,0.2892,0.3719,0.4136,0.416,0.3897,-0.1914,-0.1512,-0.1016,-0.0415,0.0272,0.0941,0.1287,0.0731,-0.1129,-0.3503,-0.4885,-0.4558,-0.5767,-0.7982,-0.9903,-1.6009,-2.1462,-1.4929,-1.0913,-1.125,-1.4796,-1.368,-0.9769,-0.6896,-0.494,-0.3513,-0.232,-0.1115,0.0252,0.1823,0.3515,0.5063,0.6106,0.6446,0.6178,0.5549,-0.2166,-0.1876,-0.1549,-0.1202,-0.0888,-0.0718,-0.0884,-0.1602,-0.2874,-0.4252,-0.5019,-0.5333,-0.6916,-0.7936,-0.8984,-1.097,-1.162,-0.8998,-0.6973,-0.8985,-1.4925,-1.3481,-0.8803,-0.5777,-0.3928,-0.276,-0.1762,-0.0484,0.1192,0.3273,0.5685,0.7961,0.9325,0.942,0.8591,0.7381,-0.2438,-0.2249,-0.2061,-0.1901,-0.1818,-0.1889,-0.2208,-0.2833,-0.3698,-0.458,-0.5281,-0.6074,-0.7399,-0.7992,-0.8799,-0.9241,-0.7765,-0.4574,-0.3044,-0.3597,-0.6543,-0.7341,-0.5645,-0.3886,-0.2827,-0.2568,-0.2041,-0.0328,0.1997,0.4779,0.824,1.1687,1.345,1.2946,1.1179,0.9182,-0.2701,-0.2594,-0.2509,-0.2469,-0.2512,-0.2682,-0.3018,-0.353,-0.4167,-0.4838,-0.5501,-0.6239,-0.7091,-0.8092,-1.0335,-1.1123,-0.6868,-0.2433,0.006,0.4625,0.129,-0.1693,-0.2248,-0.1838,-0.1959,-0.3796,-0.411,-0.0438,0.2973,0.6223,1.0661,1.5483,1.7564,1.6128,1.3286,1.0546,-0.294,-0.2893,-0.2876,-0.2908,-0.3012,-0.3211,-0.3523,-0.3942,-0.444,-0.4979,-0.5542,-0.6149,-0.685,-0.787,-0.9676,-0.9934,-0.5646,0.0795,1.2332,1.7235,0.6803,0.1781,0.037,0.0192,-0.029,-0.3272,-0.395,0.2286,0.5118,0.7469,1.1703,1.6872,1.9,1.7186,1.3989,1.1034,-0.3145,-0.3139,-0.3164,-0.3234,-0.3362,-0.356,-0.3834,-0.4177,-0.4572,-0.4999,-0.5442,-0.5901,-0.639,-0.6935,-0.7362,-0.6657,-0.3739,0.1416,0.8443,1.0705,0.6044,0.3112,0.2329,0.2258,0.3113,0.5789,1.1982,1.1244,0.8536,0.8416,1.0954,1.4693,1.6523,1.5429,1.2994,1.0523,-0.3313,-0.3334,-0.3383,-0.3469,-0.36,-0.3781,-0.4014,-0.4291,-0.46,-0.4924,-0.5247,-0.5549,-0.5804,-0.5941,-0.5749,-0.4811,-0.2762,0.0301,0.3433,0.4654,0.3986,0.392,0.4064,0.3789,0.5483,1.1184,1.8335,1.5442,1.0525,0.8803,0.9611,1.1544,1.277,1.2429,1.1035,0.9337,-0.3447,-0.3482,-0.3542,-0.3631,-0.3754,-0.3912,-0.4103,-0.4321,-0.4554,-0.4787,-0.4999,-0.5164,-0.5238,-0.5144,-0.4746,-0.387,-0.2422,-0.056,0.1223,0.2407,0.3287,0.4586,0.4957,0.4334,0.5617,0.9415,1.2946,1.2306,0.9792,0.8353,0.8355,0.9137,0.9777,0.9714,0.8994,0.7936,-0.3548,-0.359,-0.3652,-0.3736,-0.3845,-0.3977,-0.4129,-0.4295,-0.4462,-0.4616,-0.4737,-0.4796,-0.4753,-0.4549,-0.4108,-0.3359,-0.2293,-0.1012,0.0282,0.1462,0.2649,0.3823,0.4212,0.4079,0.4912,0.686,0.8587,0.8815,0.8015,0.7315,0.7172,0.7432,0.77,0.7669,0.7273,0.6618]}]