docs/data/wind_grid.json
[{"header":{"la1":42.85,"la2":41.18,"lo1":11.55,"lo2":14.05,"nx":36,"ny":24,"dx":0.07143,"dy":0.07261,"parameterCategory":2,"parameterNumber":2,"parameterNumberName":"eastward_wind","parameterUnit":"m.s-1"},"data":[-0.8312,-0.8345,-0.8376,-0.8406,-0.8431,-0.8443,-0.8431,-0.8382,-0.8287,-0.8148,-0.7982,-0.7814,-0.7668,-0.7559,-0.7495,-0.7474,-0.7487,-0.7519,-0.7554,-0.7578,-0.7584,-0.7572,-0.7545,-0.7509,-0.7468,-0.7427,-0.7387,-0.735,-0.7317,-0.7287,-0.7261,-0.7238,-0.7219,-0.7203,-0.719,-0.7179,-0.8412,-0.8457,-0.8506,-0.8558,-0.8613,-0.8661,-0.8684,-0.8651,-0.854,-0.8349,-0.811,-0.7868,-0.7663,-0.7519,-0.7446,-0.7439,-0.7483,-0.7554,-0.7622,-0.7664,-0.7671,-0.7647,-0.7603,-0.7549,-0.7492,-0.7438,-0.7388,-0.7343,-0.7303,-0.7269,-0.724,-0.7216,-0.7195,-0.7179,-0.7165,-0.7154,-0.8523,-0.8584,-0.8652,-0.8732,-0.8832,-0.8944,-0.9041,-0.9061,-0.894,-0.8664,-0.8297,-0.7932,-0.7636,-0.7444,-0.7363,-0.7383,-0.7484,-0.7623,-0.7748,-0.7815,-0.7812,-0.7758,-0.7681,-0.7598,-0.7519,-0.7447,-0.7385,-0.733,-0.7284,-0.7246,-0.7214,-0.7188,-0.7167,-0.715,-0.7136,-0.7126,-0.8649,-0.8726,-0.8813,-0.8924,-0.9081,-0.9299,-0.9548,-0.9712,-0.9608,-0.9175,-0.8569,-0.7996,-0.7567,-0.731,-0.7222,-0.7292,-0.7492,-0.7758,-0.7985,-0.8079,-0.8034,-0.7914,-0.7779,-0.7653,-0.7544,-0.7451,-0.7374,-0.731,-0.7257,-0.7215,-0.7181,-0.7154,-0.7133,-0.7116,-0.7103,-0.7094,-0.8796,-0.889,-0.8991,-0.9122,-0.9335,-0.9699,-1.0242,-1.0773,-1.0783,-1.0015,-0.8934,-0.8023,-0.7412,-0.7078,-0.6988,-0.7133,-0.7497,-0.8001,-0.8428,-0.8539,-0.8366,-0.8112,-0.7884,-0.7703,-0.7558,-0.7443,-0.735,-0.7277,-0.7219,-0.7174,-0.7139,-0.7112,-0.7092,-0.7076,-0.7065,-0.7056,-0.8974,-0.9091,-0.92,-0.9324,-0.9547,-1.0036,-1.1017,-1.2382,-1.2793,-1.1239,-0.9269,-0.7908,-0.7109,-0.6696,-0.6598,-0.6832,-0.7433,-0.8349,-0.9172,-0.9244,-0.8771,-0.8302,-0.7968,-0.773,-0.7552,-0.7414,-0.7308,-0.7226,-0.7165,-0.712,-0.7087,-0.7062,-0.7044,-0.703,-0.702,-0.7014,-0.92,-0.9362,-0.9486,-0.9568,-0.9689,-1.0108,-1.1325,-1.3701,-1.4847,-1.2028,-0.9117,-0.7483,-0.6597,-0.6109,-0.5958,-0.6248,-0.7092,-0.8475,-0.9807,-0.9789,-0.8993,-0.8381,-0.799,-0.7718,-0.7513,-0.7356,-0.7238,-0.7153,-0.7093,-0.7051,-0.7022,-0.7002,-0.6987,-0.6976,-0.6969,-0.6965,-0.9489,-0.9753,-0.9953,-0.9997,-0.9878,-0.9857,-1.0469,-1.2094,-1.2782,-1.0325,-0.798,-0.6681,-0.5881,-0.5276,-0.4909,-0.5142,-0.6204,-0.778,-0.9111,-0.9267,-0.8758,-0.8293,-0.794,-0.7657,-0.7431,-0.7256,-0.7131,-0.7048,-0.6995,-0.6964,-0.6944,-0.6931,-0.6922,-0.6915,-0.6911,-0.691,-0.9835,-1.0306,-1.076,-1.0923,-1.049,-0.9682,-0.9098,-0.8836,-0.8219,-0.7069,-0.6256,-0.5714,-0.5103,-0.4235,-0.3147,-0.3032,-0.4735,-0.6756,-0.8062,-0.8519,-0.8452,-0.8182,-0.7859,-0.7551,-0.7292,-0.7097,-0.6971,-0.6901,-0.6868,-0.6856,-0.6852,-0.685,-0.6847,-0.6844,-0.6843,-0.6845,-1.0171,-1.096,-1.1986,-1.2787,-1.2109,-1.0058,-0.8227,-0.6619,-0.467,-0.379,-0.4575,-0.4908,-0.4497,-0.3338,-0.0501,0.0907,-0.322,-0.6563,-0.8211,-0.8697,-0.8575,-0.8208,-0.7783,-0.7388,-0.7067,-0.6847,-0.6733,-0.6699,-0.6708,-0.673,-0.6749,-0.6759,-0.6763,-0.6764,-0.6765,-0.677,-1.0351,-1.1408,-1.3106,-1.516,-1.4543,-1.0665,-0.7914,-0.5829,-0.1856,0.0011,-0.3446,-0.4505,-0.4162,-0.3255,-0.0814,0.096,-0.4173,-0.837,-1.0153,-0.9988,-0.9169,-0.8352,-0.7671,-0.712,-0.6701,-0.6451,-0.6381,-0.643,-0.6516,-0.6591,-0.6639,-0.6662,-0.6669,-0.6671,-0.6673,-0.6681,-1.024,-1.1244,-1.2843,-1.4735,-1.3979,-1.014,-0.7856,-0.6976,-0.4353,-0.2278,-0.411,-0.4577,-0.3895,-0.2835,-0.3071,-0.4257,-0.8032,-1.3608,-1.5002,-1.2301,-0.9912,-0.8399,-0.7415,-0.6685,-0.6114,-0.582,-0.5873,-0.6096,-0.6311,-0.6455,-0.6531,-0.656,-0.6562,-0.6558,-0.6559,-0.6571,-0.986,-1.0523,-1.1348,-1.1869,-1.0963,-0.8983,-0.7853,-0.7962,-0.7226,-0.5661,-0.5253,-0.4914,-0.4116,-0.2483,-0.3144,-0.6141,-1.1248,-2.1671,-2.186,-1.4096,-0.9993,-0.7987,-0.6906,-0.6096,-0.5288,-0.489,-0.5221,-0.5756,-0.6142,-0.6352,-0.6437,-0.645,-0.6433,-0.6415,-0.6412,-0.6431,-0.9376,-0.9699,-0.9953,-0.9882,-0.9246,-0.8333,-0.7775,-0.7729,-0.7371,-0.6502,-0.5907,-0.5196,-0.4719,-0.2535,-0.4775,-0.8063,-1.2047,-1.7251,-1.7661,-1.2175,-0.8443,-0.6721,-0.6092,-0.5573,-0.4629,-0.4071,-0.4756,-0.5597,-0.6094,-0.6313,-0.636,-0.6321,-0.6258,-0.6215,-0.6212,-0.6247,-0.893,-0.9044,-0.9057,-0.8877,-0.8477,-0.8,-0.7645,-0.7432,-0.7169,-0.6894,-0.6727,-0.6307,-0.5384,-0.4935,-0.6248,-1.1287,-1.5808,-1.2886,-1.1196,-0.8053,-0.4904,-0.4156,-0.4892,-0.5295,-0.4904,-0.4525,-0.5098,-0.5828,-0.6233,-0.6349,-0.6282,-0.6132,-0.599,-0.5915,-0.5925,-0.6,-0.8577,-0.859,-0.8526,-0.8358,-0.8097,-0.7807,-0.756,-0.7376,-0.7261,-0.7339,-0.7766,-0.7754,-0.7263,-0.6661,-0.7669,-1.1023,-1.3887,-1.0772,-0.7925,-0.4335,0.0652,-0.0298,-0.3556,-0.5152,-0.5605,-0.5718,-0.6042,-0.6398,-0.6536,-0.6433,-0.6153,-0.5806,-0.5537,-0.5441,-0.5509,-0.5672,-0.8318,-0.8289,-0.8209,-0.8072,-0.7893,-0.7704,-0.754,-0.7427,-0.7405,-0.7544,-0.783,-0.791,-0.9004,-0.9637,-0.8726,-0.9298,-0.9327,-0.7383,-0.5256,-0.3197,0.1438,0.0196,-0.3456,-0.5404,-0.633,-0.6822,-0.7089,-0.7126,-0.6936,-0.6519,-0.5893,-0.5205,-0.4747,-0.4687,-0.4922,-0.5262,-0.8133,-0.809,-0.8015,-0.791,-0.7785,-0.766,-0.7557,-0.7501,-0.7516,-0.7624,-0.7821,-0.8249,-0.9533,-0.9981,-0.9617,-0.9589,-0.8021,-0.4494,-0.1709,-0.3617,-0.3116,-0.3293,-0.4799,-0.6183,-0.7237,-0.8022,-0.8267,-0.7948,-0.7385,-0.6586,-0.5441,-0.4158,-0.3429,-0.3582,-0.4187,-0.4818,-0.8002,-0.7958,-0.7895,-0.7816,-0.7729,-0.7649,-0.759,-0.757,-0.7606,-0.7715,-0.7923,-0.8306,-0.8904,-0.9592,-1.1427,-1.2172,-0.8645,-0.5009,-0.3247,-0.5107,-0.5338,-0.55,-0.617,-0.7083,-0.8138,-0.9283,-0.9521,-0.8701,-0.782,-0.6698,-0.4938,-0.2764,-0.1716,-0.2365,-0.3519,-0.4476,-0.791,-0.7871,-0.782,-0.7762,-0.7703,-0.7654,-0.7624,-0.7628,-0.7677,-0.7786,-0.7976,-0.8277,-0.8731,-0.9514,-1.1046,-1.1393,-0.8848,-0.6708,-0.6512,-0.6855,-0.6481,-0.6725,-0.7216,-0.7793,-0.8564,-0.9556,-0.9765,-0.8942,-0.817,-0.703,-0.4984,-0.2233,-0.0981,-0.1939,-0.335,-0.4424,-0.7845,-0.7812,-0.7773,-0.7732,-0.7693,-0.7664,-0.7654,-0.7671,-0.7724,-0.7824,-0.7983,-0.8217,-0.8549,-0.9018,-0.9515,-0.9388,-0.8355,-0.7303,-0.6891,-0.6915,-0.7207,-0.7845,-0.8288,-0.8418,-0.8658,-0.8993,-0.903,-0.8909,-0.8558,-0.7732,-0.6031,-0.373,-0.2495,-0.2933,-0.3904,-0.4738,-0.7798,-0.7772,-0.7743,-0.7714,-0.7689,-0.7675,-0.7676,-0.7698,-0.7749,-0.7834,-0.7959,-0.8125,-0.8333,-0.8553,-0.8677,-0.8519,-0.806,-0.7576,-0.7345,-0.7493,-0.8197,-0.9405,-0.9814,-0.9171,-0.8827,-0.8891,-0.8978,-0.9035,-0.9242,-0.8842,-0.7533,-0.5851,-0.4722,-0.4528,-0.4857,-0.5294,-0.7765,-0.7744,-0.7723,-0.7703,-0.7689,-0.7683,-0.769,-0.7714,-0.7758,-0.7826,-0.7917,-0.8029,-0.8148,-0.8245,-0.8266,-0.816,-0.7947,-0.775,-0.7723,-0.8034,-0.8931,-1.0411,-1.0808,-0.9683,-0.8991,-0.8903,-0.9048,-0.9569,-1.0559,-1.0129,-0.8746,-0.7332,-0.6315,-0.584,-0.5768,-0.5888,-0.7741,-0.7725,-0.7709,-0.7696,-0.7688,-0.7687,-0.7697,-0.7719,-0.7756,-0.7807,-0.7872,-0.7944,-0.8013,-0.8058,-0.8057,-0.8,-0.7912,-0.7859,-0.7937,-0.826,-0.8936,-0.9807,-1.0039,-0.946,-0.8989,-0.8913,-0.9158,-0.9862,-1.0734,-1.0346,-0.9176,-0.8048,-0.7202,-0.6688,-0.6452,-0.6393]},{"header":{"la1":42.85,"la2":41.18,"lo1":11.55,"lo2":14.05,"nx":36,"ny":24,"dx":0.07143,"dy":0.07261,"parameterCategory":2,"parameterNumber":3,"parameterNumberName":"northward_wind","parameterUnit":"m.s-1"},"data":[-0.7031,-0.7033,-0.7024,-0.7002,-0.6967,-0.6921,-0.6867,-0.681,-0.6751,-0.6687,-0.661,-0.651,-0.6378,-0.6212,-0.6013,-0.579,-0.5557,-0.5335,-0.5144,-0.5,-0.4909,-0.4862,-0.4847,-0.4851,-0.4866,-0.4886,-0.4908,-0.493,-0.4954,-0.4978,-0.5003,-0.5029,-0.5055,-0.5081,-0.5107,-0.5132,-0.7109,-0.7115,-0.7106,-0.7081,-0.7036,-0.6976,-0.6907,-0.6841,-0.6785,-0.6736,-0.6677,-0.6588,-0.6453,-0.6266,-0.6027,-0.5747,-0.5445,-0.5153,-0.491,-0.4746,-0.4665,-0.4649,-0.4671,-0.4709,-0.4752,-0.4792,-0.483,-0.4866,-0.4899,-0.4932,-0.4965,-0.4998,-0.503,-0.5062,-0.5093,-0.5123,-0.7191,-0.7201,-0.7194,-0.7163,-0.7102,-0.7013,-0.6909,-0.6818,-0.6766,-0.6751,-0.6736,-0.6679,-0.6551,-0.6345,-0.6058,-0.5698,-0.5289,-0.4882,-0.4554,-0.4366,-0.4322,-0.4373,-0.4461,-0.4551,-0.4631,-0.4697,-0.4753,-0.4802,-0.4847,-0.4889,-0.493,-0.497,-0.5009,-0.5047,-0.5084,-0.5119,-0.7275,-0.7292,-0.7288,-0.7251,-0.7167,-0.7025,-0.6842,-0.6681,-0.6625,-0.6688,-0.6775,-0.6789,-0.6687,-0.6465,-0.6123,-0.5656,-0.5078,-0.4467,-0.3982,-0.3774,-0.3834,-0.4022,-0.4222,-0.4386,-0.4511,-0.4606,-0.468,-0.4742,-0.4798,-0.4849,-0.4899,-0.4947,-0.4994,-0.5039,-0.5082,-0.5122,-0.7357,-0.7385,-0.7391,-0.7355,-0.7246,-0.7022,-0.6672,-0.6312,-0.6212,-0.6465,-0.6785,-0.6934,-0.688,-0.6653,-0.6258,-0.5662,-0.4833,-0.3843,-0.3033,-0.283,-0.3157,-0.3613,-0.398,-0.4233,-0.4405,-0.4525,-0.4616,-0.469,-0.4755,-0.4816,-0.4874,-0.493,-0.4985,-0.5038,-0.5088,-0.5134,-0.7432,-0.7471,-0.7496,-0.7482,-0.7373,-0.7065,-0.6432,-0.5569,-0.5273,-0.6015,-0.6817,-0.7163,-0.7159,-0.6938,-0.6517,-0.5812,-0.4673,-0.305,-0.1565,-0.1453,-0.2374,-0.3242,-0.3794,-0.4123,-0.4326,-0.4463,-0.4564,-0.4648,-0.4721,-0.479,-0.4857,-0.4922,-0.4986,-0.5047,-0.5105,-0.5157,-0.7486,-0.7534,-0.7581,-0.7619,-0.7583,-0.7302,-0.6461,-0.4875,-0.4135,-0.5744,-0.7115,-0.756,-0.7546,-0.7345,-0.6973,-0.6259,-0.4922,-0.2701,-0.036,-0.0409,-0.1974,-0.3119,-0.374,-0.408,-0.4284,-0.4423,-0.4529,-0.4618,-0.4698,-0.4774,-0.485,-0.4925,-0.4999,-0.507,-0.5136,-0.5195,-0.7506,-0.7538,-0.7586,-0.7688,-0.7831,-0.7839,-0.7346,-0.6112,-0.5557,-0.7008,-0.8033,-0.8176,-0.8022,-0.7877,-0.7708,-0.7165,-0.5876,-0.3789,-0.1684,-0.1487,-0.2546,-0.337,-0.3832,-0.4099,-0.4276,-0.4407,-0.4514,-0.4605,-0.4689,-0.4772,-0.4856,-0.4943,-0.5028,-0.5111,-0.5186,-0.5251,-0.7483,-0.7445,-0.7401,-0.7484,-0.7877,-0.8466,-0.8857,-0.896,-0.9261,-0.9726,-0.9517,-0.8909,-0.8476,-0.8479,-0.8881,-0.8767,-0.7343,-0.5479,-0.3994,-0.3415,-0.3522,-0.377,-0.3975,-0.4142,-0.4289,-0.4417,-0.4524,-0.4615,-0.4699,-0.4785,-0.4879,-0.4978,-0.5078,-0.5175,-0.5261,-0.5334,-0.7434,-0.7262,-0.6934,-0.6664,-0.7243,-0.8799,-1.0294,-1.1555,-1.3001,-1.3271,-1.1303,-0.9518,-0.8714,-0.8899,-1.0606,-1.1545,-0.8715,-0.6421,-0.5098,-0.4395,-0.4088,-0.4004,-0.4045,-0.4166,-0.4323,-0.4471,-0.4581,-0.466,-0.4732,-0.4817,-0.492,-0.5036,-0.5157,-0.5271,-0.537,-0.545,-0.7419,-0.7128,-0.6427,-0.5348,-0.5831,-0.8938,-1.1637,-1.3474,-1.6314,-1.7768,-1.2687,-0.9643,-0.8597,-0.8656,-1.027,-1.1576,-0.8376,-0.6246,-0.5195,-0.4563,-0.4155,-0.3965,-0.398,-0.416,-0.4417,-0.4628,-0.473,-0.4762,-0.4795,-0.4868,-0.4983,-0.5126,-0.5275,-0.5413,-0.5527,-0.5612,-0.7497,-0.7252,-0.6622,-0.5644,-0.6327,-0.9961,-1.3343,-1.5168,-1.5533,-1.5566,-1.1679,-0.9083,-0.8311,-0.8513,-0.8343,-0.7812,-0.6443,-0.5433,-0.4974,-0.4366,-0.3866,-0.3652,-0.3762,-0.4162,-0.469,-0.5034,-0.5052,-0.4937,-0.4881,-0.4933,-0.5072,-0.5258,-0.5452,-0.5622,-0.5753,-0.5837,-0.765,-0.7602,-0.7466,-0.7504,-0.8659,-1.1357,-1.4574,-1.7045,-1.5607,-1.2557,-0.9813,-0.8369,-0.7992,-0.8584,-0.802,-0.5953,-0.4566,-0.5313,-0.5289,-0.3977,-0.3222,-0.3007,-0.3339,-0.419,-0.5319,-0.5908,-0.5604,-0.5151,-0.4952,-0.4997,-0.5194,-0.5458,-0.5721,-0.5935,-0.6078,-0.6149,-0.7789,-0.7922,-0.8138,-0.8632,-0.9724,-1.1526,-1.3744,-1.5584,-1.4393,-1.0738,-0.8334,-0.8107,-0.8166,-0.686,-0.5923,-0.282,-0.0465,-0.3037,-0.3876,-0.2806,-0.1923,-0.1778,-0.2527,-0.4012,-0.5991,-0.6915,-0.6056,-0.5212,-0.4931,-0.5046,-0.5372,-0.5773,-0.6142,-0.6409,-0.655,-0.6581,-0.7843,-0.8058,-0.8376,-0.8885,-0.9669,-1.0704,-1.1744,-1.2135,-1.0819,-0.826,-0.6437,-0.6065,-0.5726,-0.4187,-0.3995,0.3173,1.1074,0.2306,-0.1162,-0.0816,0.0696,0.0615,-0.1074,-0.3118,-0.5199,-0.618,-0.5519,-0.4846,-0.4749,-0.5086,-0.5661,-0.6296,-0.6824,-0.7142,-0.7238,-0.7169,-0.7797,-0.8012,-0.8297,-0.8674,-0.9137,-0.9603,-0.9854,-0.9511,-0.8218,-0.611,-0.3913,-0.4178,-0.4504,-0.4367,-0.3025,0.251,0.7699,0.2044,-0.0665,0.0997,0.5563,0.4444,0.063,-0.1836,-0.3384,-0.4114,-0.4104,-0.4064,-0.4419,-0.5166,-0.6166,-0.719,-0.7953,-0.8284,-0.8228,-0.7948,-0.7671,-0.7846,-0.8051,-0.828,-0.8497,-0.862,-0.8506,-0.7977,-0.6922,-0.5424,-0.3976,-0.4136,-0.381,-0.3444,-0.3165,-0.148,-0.0442,-0.1943,-0.2866,0.0071,0.6129,0.4845,0.0954,-0.1091,-0.199,-0.2288,-0.2488,-0.3025,-0.3988,-0.5345,-0.703,-0.8723,-0.983,-1.0033,-0.9589,-0.8911,-0.7495,-0.7617,-0.7742,-0.7851,-0.791,-0.7859,-0.7621,-0.7126,-0.6375,-0.5493,-0.4778,-0.4356,-0.3665,-0.3411,-0.3542,-0.3253,-0.3259,-0.5158,-0.7252,-0.3559,0.0081,0.0846,-0.0174,-0.0937,-0.0948,-0.0395,-0.0438,-0.1706,-0.3492,-0.5633,-0.8341,-1.1195,-1.279,-1.2496,-1.1248,-0.9944,-0.7296,-0.7369,-0.7427,-0.7454,-0.7422,-0.7295,-0.7036,-0.6626,-0.609,-0.5509,-0.4986,-0.454,-0.413,-0.3905,-0.3897,-0.3922,-0.3982,-0.5256,-0.6308,-0.4544,-0.2686,-0.1407,-0.1049,-0.0891,-0.0059,0.2002,0.2414,-0.0412,-0.3139,-0.5923,-0.9756,-1.4286,-1.6448,-1.5113,-1.2735,-1.0754,-0.7092,-0.7125,-0.7135,-0.711,-0.703,-0.6876,-0.6632,-0.6295,-0.589,-0.5457,-0.5042,-0.4664,-0.4337,-0.4093,-0.397,-0.3949,-0.4024,-0.4435,-0.483,-0.4924,-0.3351,-0.1834,-0.1085,-0.0794,-0.0057,0.2256,0.2795,-0.0934,-0.3388,-0.5962,-1.0068,-1.5483,-1.7959,-1.6035,-1.3171,-1.0962,-0.6896,-0.6897,-0.6875,-0.6819,-0.6716,-0.6557,-0.6335,-0.6055,-0.573,-0.5385,-0.5043,-0.4722,-0.4434,-0.4198,-0.4036,-0.3953,-0.3935,-0.4021,-0.4211,-0.4016,-0.2517,-0.0697,0.0075,-0.0349,-0.0965,-0.1651,-0.3663,-0.382,-0.41,-0.5603,-0.861,-1.277,-1.5045,-1.4136,-1.2157,-1.0427,-0.6713,-0.6692,-0.6648,-0.6574,-0.6462,-0.6307,-0.6108,-0.5868,-0.5596,-0.5309,-0.5019,-0.474,-0.4482,-0.4257,-0.4073,-0.3923,-0.3784,-0.3622,-0.3338,-0.2544,-0.0566,0.2377,0.3227,0.1034,-0.1298,-0.3553,-0.582,-0.5006,-0.4383,-0.496,-0.667,-0.919,-1.0982,-1.1167,-1.0393,-0.9421,-0.6545,-0.6509,-0.6452,-0.6368,-0.6254,-0.6107,-0.5927,-0.5716,-0.5483,-0.5236,-0.4984,-0.4736,-0.4498,-0.4277,-0.407,-0.3864,-0.3624,-0.3286,-0.2704,-0.1524,0.0918,0.4704,0.5718,0.2241,-0.098,-0.3127,-0.4333,-0.431,-0.4077,-0.4312,-0.5366,-0.6933,-0.8244,-0.8809,-0.8732,-0.834,-0.6395,-0.6348,-0.6282,-0.6194,-0.6082,-0.5943,-0.5778,-0.5591,-0.5386,-0.5168,-0.4943,-0.4718,-0.4495,-0.4274,-0.405,-0.3806,-0.3505,-0.3082,-0.2412,-0.1264,0.0643,0.2954,0.3469,0.1387,-0.0991,-0.2657,-0.361,-0.3986,-0.4021,-0.4176,-0.4852,-0.5839,-0.6745,-0.7306,-0.7491,-0.7416]}]