docs/data/wind_grid.json
[{"header":{"la1":42.85,"la2":41.18,"lo1":11.55,"lo2":14.05,"nx":36,"ny":24,"dx":0.07143,"dy":0.07261,"parameterCategory":2,"parameterNumber":2,"parameterNumberName":"eastward_wind","parameterUnit":"m.s-1"},"data":[1.4403,1.4503,1.4636,1.4795,1.4967,1.5125,1.5232,1.5248,1.514,1.489,1.4501,1.399,1.3371,1.2659,1.1871,1.104,1.0222,0.9497,0.8953,0.8641,0.8561,0.8667,0.8901,0.9215,0.9569,0.9927,1.0265,1.0569,1.0835,1.1064,1.126,1.1429,1.1574,1.17,1.181,1.1907,1.4334,1.4454,1.4629,1.4859,1.5131,1.5409,1.5638,1.5745,1.567,1.5387,1.4914,1.4284,1.3525,1.2645,1.1649,1.0562,0.9456,0.8466,0.776,0.7441,0.7479,0.7751,0.8151,0.8621,0.9117,0.9594,1.0023,1.0393,1.0703,1.0962,1.1178,1.1359,1.1512,1.1644,1.1759,1.1859,1.42,1.433,1.4546,1.4863,1.5275,1.5744,1.6181,1.6457,1.6444,1.6099,1.5483,1.4686,1.3753,1.2677,1.1425,0.9985,0.8429,0.6987,0.6016,0.5772,0.6131,0.6723,0.7346,0.8004,0.8675,0.9293,0.9821,1.0254,1.0602,1.0884,1.1113,1.1302,1.146,1.1595,1.1712,1.1814,1.3979,1.4091,1.433,1.4742,1.5347,1.6114,1.6926,1.7536,1.7642,1.7144,1.6251,1.52,1.4064,1.2784,1.1246,0.9339,0.7061,0.4744,0.322,0.3287,0.4563,0.58,0.6619,0.7439,0.8305,0.9074,0.9691,1.0171,1.0542,1.0834,1.1067,1.1258,1.1417,1.1551,1.1668,1.177,1.3645,1.3685,1.3897,1.4385,1.523,1.6446,1.7933,1.9271,1.9634,1.8706,1.7224,1.5791,1.4447,1.3004,1.1212,0.8766,0.5375,0.1221,-0.1904,-0.1059,0.2918,0.5562,0.62,0.7057,0.8118,0.9005,0.9669,1.016,1.0529,1.0814,1.104,1.1225,1.1379,1.151,1.1624,1.1725,1.3186,1.3056,1.3121,1.3607,1.471,1.6516,1.9074,2.1988,2.3003,2.0849,1.8221,1.6329,1.4858,1.3372,1.1472,0.8619,0.3905,-0.3701,-1.2001,-1.0234,0.0476,0.5843,0.6148,0.7108,0.8272,0.9153,0.9776,1.0223,1.0556,1.0815,1.1024,1.1197,1.1343,1.1469,1.1579,1.1677,1.2631,1.2183,1.1859,1.2137,1.3495,1.5905,1.9455,2.4372,2.6515,2.2344,1.8647,1.6629,1.5253,1.3893,1.213,0.9352,0.4163,-0.6352,-2.3047,-2.1153,-0.1859,0.5488,0.6927,0.7968,0.8869,0.9524,0.9989,1.0332,1.06,1.082,1.1006,1.1164,1.1301,1.142,1.1526,1.1621,1.2096,1.1204,1.0098,0.9721,1.1492,1.4493,1.7923,2.1873,2.3477,2.0586,1.805,1.6666,1.5648,1.4517,1.3046,1.0931,0.7066,-0.0567,-1.0862,-0.7785,0.609,1.004,0.9652,0.9537,0.9739,0.9991,1.022,1.0427,1.0621,1.0802,1.0969,1.1117,1.1246,1.136,1.1461,1.1554,1.179,1.0599,0.8691,0.7218,0.9781,1.3162,1.5793,1.7699,1.8333,1.7771,1.7152,1.6712,1.6161,1.5161,1.3664,1.229,1.0545,0.7302,0.4577,0.8136,1.7355,1.6429,1.247,1.0969,1.0484,1.0332,1.0327,1.0416,1.0562,1.073,1.0895,1.1043,1.117,1.128,1.1378,1.1469,1.1845,1.0823,0.9462,0.8698,1.038,1.2674,1.4563,1.5651,1.601,1.6157,1.6631,1.7038,1.703,1.6027,1.3097,1.1455,1.2504,1.1781,1.0954,1.2293,1.5876,1.5597,1.3081,1.157,1.0747,1.0296,1.0131,1.0187,1.0364,1.0576,1.0772,1.0935,1.1066,1.1174,1.1269,1.1359,1.2155,1.1434,1.0698,1.0167,1.0546,1.2526,1.4031,1.4774,1.5172,1.5205,1.6483,1.774,1.8546,1.8292,1.4686,1.1921,1.4102,1.4224,1.3755,1.356,1.3869,1.3646,1.2611,1.1394,1.0299,0.9577,0.9395,0.9617,0.9984,1.033,1.0599,1.0792,1.0928,1.1033,1.1124,1.1215,1.2567,1.2027,1.1349,1.0533,1.0947,1.2808,1.3723,1.3838,1.4664,1.5456,1.6992,1.8802,2.0475,2.2445,2.0511,1.7309,1.6287,1.5929,1.5515,1.4726,1.4044,1.3329,1.2242,1.0651,0.8803,0.7639,0.7787,0.8623,0.9443,1.003,1.04,1.0619,1.075,1.0841,1.0926,1.1021,1.3026,1.2676,1.2299,1.2081,1.2533,1.3391,1.3548,1.2926,1.3735,1.5713,1.7847,2.0313,2.1511,2.3782,2.2281,1.8788,1.734,1.681,1.662,1.5505,1.454,1.3532,1.2031,0.9462,0.5783,0.3676,0.5121,0.7372,0.8908,0.9771,1.0213,1.0418,1.0512,1.0574,1.0649,1.0755,1.3481,1.331,1.3193,1.3242,1.3544,1.3883,1.3853,1.3479,1.4102,1.6013,1.8151,2.2004,2.3095,2.0004,1.9575,1.8722,1.7656,1.6738,1.6418,1.5687,1.4891,1.3899,1.2167,0.8716,0.2725,-0.0713,0.2887,0.6679,0.8726,0.9682,1.0066,1.0168,1.0167,1.0175,1.0246,1.0385,1.3884,1.3831,1.3841,1.3951,1.4156,1.4358,1.4459,1.4593,1.5198,1.6182,1.707,1.8254,1.8878,1.8069,1.8446,1.8471,1.4766,1.6082,1.6077,1.568,1.5234,1.4521,1.2924,0.9796,0.4797,0.1882,0.4468,0.7509,0.915,0.9812,0.9927,0.9786,0.961,0.9547,0.9645,0.9868,1.4216,1.4231,1.4294,1.4417,1.459,1.4781,1.4982,1.526,1.5665,1.5913,1.5399,1.5319,1.6359,1.7432,1.7486,1.666,1.5116,1.5861,1.5927,1.5728,1.5732,1.5357,1.3942,1.1789,0.9232,0.7737,0.8255,0.9357,0.9991,1.0047,0.9666,0.9091,0.8635,0.852,0.8742,0.9161,1.448,1.453,1.4617,1.4744,1.4907,1.5096,1.5313,1.5563,1.5798,1.5815,1.542,1.559,1.5383,1.5289,1.6653,1.6707,1.6301,1.6011,1.5787,1.5746,1.5832,1.5571,1.4543,1.3217,1.1969,1.125,1.1097,1.1079,1.0846,1.0199,0.9082,0.7769,0.6885,0.6842,0.7436,0.8253,1.4687,1.4756,1.4852,1.4978,1.5132,1.5309,1.5504,1.5705,1.587,1.5932,1.59,1.5845,1.5251,1.5225,1.6724,1.7108,1.6604,1.5791,1.516,1.574,1.5778,1.5476,1.4853,1.4032,1.3328,1.2996,1.2785,1.2314,1.1534,1.0208,0.8042,0.542,0.3886,0.4312,0.5759,0.7246,1.4847,1.4924,1.5023,1.5145,1.5286,1.5445,1.5613,1.5779,1.592,1.6015,1.6065,1.6077,1.6083,1.6541,1.8025,1.8572,1.7075,1.6096,1.5748,1.6476,1.6244,1.5796,1.5253,1.4578,1.3962,1.3765,1.3704,1.3081,1.2085,1.0271,0.6869,0.224,-0.0126,0.1448,0.4199,0.6453,1.4969,1.5049,1.5147,1.5261,1.539,1.553,1.5676,1.5818,1.5947,1.6054,1.6145,1.6244,1.6432,1.6919,1.7899,1.8187,1.719,1.6718,1.7362,1.7808,1.6851,1.6353,1.588,1.514,1.4303,1.3884,1.3822,1.3301,1.2592,1.0835,0.6888,0.0994,-0.1878,0.0418,0.3778,0.6309,1.5062,1.5142,1.5235,1.534,1.5456,1.5581,1.5708,1.5834,1.5952,1.6062,1.617,1.6297,1.6486,1.6788,1.7144,1.7218,1.6955,1.6849,1.716,1.7333,1.7171,1.7308,1.7118,1.6071,1.473,1.3664,1.2851,1.3057,1.3338,1.228,0.907,0.4302,0.1633,0.2715,0.5024,0.6999,1.513,1.5208,1.5295,1.5392,1.5497,1.5607,1.572,1.5831,1.594,1.6045,1.6153,1.6272,1.6418,1.659,1.6742,1.679,1.6752,1.6773,1.6934,1.7208,1.7892,1.9362,1.9715,1.7648,1.5398,1.3623,1.2198,1.3196,1.5121,1.4805,1.2274,0.8891,0.6601,0.6305,0.7154,0.8229,1.518,1.5254,1.5335,1.5423,1.5518,1.5616,1.5716,1.5815,1.5913,1.601,1.6107,1.6209,1.6318,1.6427,1.6516,1.6568,1.6604,1.6686,1.689,1.7369,1.8592,2.0998,2.1727,1.8851,1.6166,1.4555,1.4019,1.575,1.882,1.7895,1.4945,1.2084,1.0076,0.92,0.9172,0.9547,1.5215,1.5284,1.5359,1.544,1.5524,1.5612,1.57,1.5789,1.5876,1.5962,1.6047,1.6132,1.6215,1.6294,1.6361,1.6418,1.6483,1.6596,1.6829,1.732,1.8311,1.9725,1.9999,1.8325,1.649,1.5438,1.5468,1.7125,1.9332,1.8463,1.5958,1.3679,1.2031,1.1076,1.0694,1.0678]},{"header":{"la1":42.85,"la2":41.18,"lo1":11.55,"lo2":14.05,"nx":36,"ny":24,"dx":0.07143,"dy":0.07261,"parameterCategory":2,"parameterNumber":3,"parameterNumberName":"northward_wind","parameterUnit":"m.s-1"},"data":[0.8128,0.828,0.8446,0.862,0.8792,0.8939,0.9029,0.9022,0.8889,0.862,0.8235,0.7767,0.7249,0.6703,0.6146,0.5598,0.5091,0.4666,0.4368,0.4221,0.4209,0.4283,0.4392,0.4501,0.4599,0.4684,0.4759,0.4826,0.4886,0.4939,0.4988,0.5033,0.5075,0.5113,0.515,0.5184,0.8222,0.8414,0.8631,0.8875,0.9139,0.9397,0.96,0.9672,0.9548,0.921,0.8701,0.8089,0.7428,0.6745,0.6047,0.5345,0.4678,0.4119,0.3758,0.3651,0.3761,0.3976,0.4187,0.435,0.4471,0.457,0.4654,0.4729,0.4796,0.4856,0.4911,0.4961,0.5007,0.505,0.5091,0.5129,0.8303,0.8536,0.8811,0.9138,0.9528,0.9965,1.0376,1.0615,1.0527,1.0066,0.9339,0.8503,0.7652,0.6804,0.5935,0.5026,0.4112,0.3316,0.2844,0.2848,0.3247,0.3747,0.41,0.4285,0.4392,0.4479,0.4561,0.4637,0.4708,0.4772,0.4832,0.4887,0.4938,0.4986,0.5031,0.5073,0.8365,0.8641,0.8971,0.9385,0.993,1.0642,1.1449,1.2068,1.2085,1.136,1.0208,0.9009,0.7912,0.6886,0.5832,0.4657,0.3346,0.2081,0.1336,0.1599,0.2723,0.3853,0.4333,0.4381,0.4376,0.4413,0.4477,0.4549,0.462,0.4687,0.475,0.481,0.4866,0.4919,0.4969,0.5016,0.8408,0.8731,0.9111,0.9585,1.0272,1.1357,1.2902,1.4439,1.477,1.3375,1.1323,0.9545,0.8169,0.6998,0.5793,0.4322,0.2399,0.0133,-0.1483,-0.0755,0.2195,0.4784,0.5114,0.4627,0.4388,0.4353,0.4395,0.4459,0.4528,0.4596,0.4663,0.4728,0.479,0.4849,0.4904,0.4956,0.8433,0.8835,0.9275,0.9744,1.0439,1.1852,1.4543,1.8197,1.9482,1.626,1.2438,0.9926,0.8347,0.7148,0.5911,0.423,0.1575,-0.2575,-0.6999,-0.5919,0.0729,0.5595,0.5618,0.4663,0.4322,0.4266,0.4298,0.4356,0.4423,0.4494,0.4566,0.4638,0.4708,0.4775,0.4837,0.4895,0.8432,0.9003,0.9635,1.006,1.0396,1.1652,1.5129,2.1517,2.4561,1.8261,1.2674,0.9859,0.837,0.7345,0.6282,0.4678,0.1722,-0.4053,-1.2905,-1.1937,-0.1645,0.3314,0.4341,0.4214,0.4133,0.4137,0.4174,0.4228,0.4295,0.4372,0.4455,0.4538,0.4619,0.4696,0.4766,0.4831,0.8328,0.921,1.0507,1.1211,1.046,1.0551,1.3024,1.7788,1.9903,1.5267,1.1232,0.9253,0.8251,0.7604,0.6938,0.5785,0.3419,-0.1031,-0.6722,-0.557,0.0556,0.2769,0.3517,0.3829,0.3936,0.3974,0.4002,0.405,0.4124,0.4218,0.4321,0.4425,0.4522,0.4612,0.4693,0.4766,0.7919,0.8981,1.1419,1.3627,1.0512,0.8814,0.9682,1.1201,1.1509,1.0244,0.9089,0.8447,0.8098,0.7923,0.7841,0.7358,0.5736,0.3192,0.0987,0.148,0.373,0.374,0.3636,0.3753,0.378,0.3748,0.3736,0.3783,0.3886,0.402,0.4162,0.4297,0.4418,0.4524,0.4617,0.4699,0.7056,0.7437,0.8638,0.953,0.6436,0.6135,0.6937,0.7332,0.6994,0.6785,0.7392,0.7821,0.7995,0.82,0.8884,0.9234,0.7492,0.5649,0.4259,0.3714,0.3866,0.3904,0.3857,0.3742,0.3531,0.3335,0.3271,0.3361,0.3548,0.3767,0.3976,0.4158,0.4309,0.4435,0.454,0.4631,0.6033,0.5219,0.3012,-0.2312,-0.1578,0.3326,0.5051,0.5309,0.485,0.445,0.6427,0.7543,0.7938,0.8158,0.889,0.9416,0.7986,0.6618,0.5608,0.495,0.4543,0.4312,0.4034,0.3547,0.2927,0.2471,0.2415,0.2689,0.3086,0.3464,0.3776,0.4018,0.4204,0.4348,0.4465,0.4562,0.5392,0.4131,0.1525,-0.2416,-0.1557,0.2739,0.3888,0.3602,0.4339,0.5001,0.6581,0.7612,0.7907,0.7665,0.8088,0.8557,0.7924,0.6391,0.5625,0.5554,0.5246,0.4768,0.4064,0.2949,0.1542,0.0649,0.087,0.1698,0.2522,0.3151,0.3592,0.3897,0.4111,0.4268,0.439,0.4492,0.5292,0.4314,0.2896,0.1664,0.2178,0.3523,0.3361,0.2095,0.3266,0.5625,0.7159,0.7649,0.7951,0.7524,0.8105,0.9342,0.8515,0.4549,0.418,0.572,0.5682,0.507,0.3955,0.1925,-0.1104,-0.2855,-0.1537,0.0528,0.2007,0.2919,0.3473,0.3816,0.4038,0.4194,0.4315,0.4418,0.5518,0.4933,0.4306,0.3946,0.4108,0.434,0.3922,0.3066,0.397,0.6479,0.7916,0.7337,0.7253,1.0641,1.0163,1.1777,1.0617,0.7094,0.5827,0.6311,0.6023,0.531,0.3991,0.1234,-0.3743,-0.6659,-0.3515,-0.0109,0.1847,0.2894,0.3466,0.3789,0.3984,0.4119,0.423,0.4333,0.5846,0.5528,0.5254,0.5129,0.5175,0.5228,0.5147,0.5226,0.6256,0.8069,0.941,0.9737,1.0223,1.1941,1.1017,1.2376,1.1749,0.9617,0.7864,0.6915,0.6116,0.5478,0.4408,0.2039,-0.202,-0.4437,-0.2146,0.063,0.2273,0.3135,0.3577,0.3801,0.3926,0.4021,0.4119,0.4227,0.6164,0.6005,0.5894,0.5872,0.5941,0.6073,0.6297,0.6807,0.7882,0.9563,1.1435,1.2306,1.1553,1.0974,1.0712,1.0965,1.1112,0.973,0.8329,0.6922,0.5429,0.5334,0.495,0.358,0.168,0.058,0.1176,0.2313,0.3125,0.3559,0.3743,0.3793,0.381,0.3859,0.3957,0.4088,0.644,0.6374,0.6354,0.6399,0.6521,0.6735,0.7088,0.7681,0.8622,0.9944,1.1308,1.1513,1.1831,1.188,1.0386,0.9901,0.9679,0.9209,0.8622,0.7259,0.5351,0.5398,0.5364,0.4698,0.3997,0.3695,0.3793,0.3958,0.4031,0.3994,0.3854,0.3666,0.3545,0.3571,0.3717,0.391,0.6666,0.6659,0.6692,0.6781,0.6939,0.7186,0.7553,0.8079,0.8782,0.9599,1.0296,1.0726,1.1571,1.1551,0.9344,0.8472,0.8748,0.9239,0.9821,0.8362,0.6865,0.6144,0.5709,0.5327,0.5265,0.5586,0.5688,0.5274,0.4773,0.4308,0.3809,0.3302,0.3024,0.3113,0.3401,0.371,0.6846,0.6875,0.6939,0.7051,0.7221,0.7462,0.7789,0.8209,0.8705,0.9219,0.965,0.9942,1.0047,0.9294,0.6788,0.5837,0.7848,0.8958,0.9487,0.8849,0.7624,0.647,0.5747,0.5518,0.5961,0.7073,0.7333,0.6225,0.5255,0.4471,0.3633,0.2728,0.2295,0.2583,0.31,0.3545,0.6984,0.7034,0.7114,0.7233,0.7397,0.7613,0.7883,0.8203,0.8551,0.8882,0.9138,0.9249,0.9083,0.8337,0.6794,0.63,0.7575,0.8458,0.9357,0.9736,0.7744,0.5989,0.508,0.5103,0.5936,0.7328,0.7636,0.6404,0.5394,0.4517,0.3568,0.2481,0.1979,0.2386,0.3003,0.3497,0.7087,0.7147,0.7231,0.7346,0.7494,0.7678,0.7894,0.8132,0.8374,0.8587,0.8729,0.8749,0.8575,0.8146,0.7586,0.7384,0.7655,0.8024,0.8499,0.8353,0.637,0.3971,0.296,0.3737,0.5142,0.6267,0.6646,0.6207,0.5215,0.4398,0.3711,0.2961,0.2555,0.2761,0.3197,0.3597,0.7159,0.7222,0.7304,0.7409,0.7537,0.7688,0.7856,0.8031,0.8198,0.8333,0.8408,0.8394,0.8264,0.8025,0.7754,0.7578,0.751,0.7436,0.7176,0.6183,0.3535,-0.0543,-0.1776,0.1198,0.403,0.5771,0.6824,0.6058,0.4418,0.3831,0.3696,0.346,0.3263,0.331,0.3529,0.3789,0.7206,0.7267,0.7343,0.7435,0.7542,0.7663,0.7791,0.7918,0.8031,0.8114,0.8149,0.812,0.8019,0.7854,0.7656,0.7452,0.722,0.6865,0.6171,0.4647,0.1367,-0.3937,-0.5406,-0.0734,0.3009,0.4861,0.5445,0.4369,0.2598,0.2826,0.3423,0.3633,0.366,0.3708,0.3831,0.3995,0.7232,0.7288,0.7356,0.7434,0.7522,0.7616,0.7712,0.7802,0.7876,0.7924,0.7933,0.7893,0.7801,0.7659,0.7472,0.7238,0.6921,0.6435,0.5608,0.4124,0.1586,-0.1576,-0.2356,0.0183,0.274,0.4098,0.435,0.3479,0.2344,0.2641,0.3332,0.3706,0.3864,0.3958,0.4058,0.4177]}]