docs/data/wind_grid.json
[{"header":{"la1":42.85,"la2":41.18,"lo1":11.55,"lo2":14.05,"nx":36,"ny":24,"dx":0.07143,"dy":0.07261,"parameterCategory":2,"parameterNumber":2,"parameterNumberName":"eastward_wind","parameterUnit":"m.s-1"},"data":[1.7046,1.7223,1.7416,1.7617,1.781,1.7966,1.8048,1.8014,1.7831,1.7488,1.6999,1.6393,1.5699,1.4942,1.4141,1.3322,1.253,1.1833,1.1308,1.1013,1.0959,1.1104,1.1378,1.1713,1.2056,1.2375,1.2655,1.2893,1.3089,1.3249,1.3377,1.348,1.3562,1.3627,1.368,1.3723,1.7146,1.7369,1.7626,1.7913,1.8215,1.8495,1.8695,1.8741,1.8566,1.8152,1.753,1.676,1.5889,1.4943,1.3929,1.2862,1.1791,1.0826,1.0113,0.9771,0.9816,1.0156,1.0652,1.1186,1.1688,1.2123,1.2484,1.2776,1.3007,1.3188,1.3329,1.3438,1.3523,1.3588,1.364,1.3682,1.7217,1.7486,1.7815,1.821,1.8663,1.9138,1.9548,1.9753,1.9612,1.908,1.8243,1.7234,1.6137,1.4965,1.3691,1.2289,1.0794,0.9372,0.8326,0.7928,0.8201,0.8913,0.9781,1.0613,1.1325,1.1898,1.2346,1.269,1.2951,1.3148,1.3296,1.3408,1.3491,1.3554,1.3602,1.364,1.724,1.7548,1.795,1.8468,1.9122,1.9894,2.0681,2.122,2.117,2.0411,1.9188,1.7816,1.6435,1.5018,1.3459,1.1631,0.9482,0.7232,0.5527,0.5072,0.5882,0.7324,0.8803,1.005,1.1015,1.1735,1.2264,1.265,1.2931,1.3135,1.3282,1.3389,1.3466,1.3522,1.3564,1.3597,1.7196,1.7527,1.7983,1.8619,1.9503,2.0694,2.2138,2.3411,2.361,2.2334,2.036,1.8449,1.6749,1.5115,1.3306,1.1013,0.7922,0.4127,0.0986,0.0532,0.2644,0.5467,0.7861,0.9613,1.0835,1.1679,1.2263,1.2669,1.2952,1.3149,1.3286,1.3381,1.3447,1.3492,1.3524,1.3548,1.707,1.7388,1.7857,1.8565,1.9645,2.1294,2.3706,2.6482,2.7345,2.4842,2.1532,1.8966,1.7005,1.5254,1.3332,1.0722,0.66,0.0296,-0.5905,-0.6091,-0.1131,0.3848,0.7288,0.948,1.0873,1.1771,1.2361,1.2753,1.3016,1.3191,1.3306,1.3381,1.3428,1.3457,1.3476,1.3491,1.6851,1.7108,1.7519,1.8201,1.9339,2.1229,2.4371,2.8886,3.081,2.6517,2.2005,1.9135,1.7127,1.5407,1.3584,1.1097,0.67,-0.1558,-1.1483,-1.1137,-0.2962,0.3613,0.7538,0.9824,1.119,1.2031,1.2561,1.2899,1.3116,1.3253,1.3336,1.3382,1.3405,1.3414,1.3417,1.3419,1.6545,1.6679,1.6936,1.7462,1.8469,2.0192,2.2909,2.6525,2.7932,2.4718,2.132,1.8947,1.7128,1.55,1.3871,1.2008,0.8861,0.2549,-0.5423,-0.5726,0.0395,0.5612,0.8802,1.0666,1.1769,1.2432,1.2838,1.3087,1.3239,1.3325,1.3365,1.3376,1.3369,1.3353,1.3336,1.3325,1.6182,1.613,1.6112,1.6325,1.71,1.8557,2.0463,2.234,2.3135,2.2322,2.0611,1.8783,1.7142,1.5464,1.3633,1.2391,1.1362,0.8807,0.5445,0.4562,0.6521,0.8915,1.0681,1.1809,1.2494,1.29,1.3142,1.3283,1.336,1.3389,1.3382,1.3351,1.3308,1.3263,1.3225,1.32,1.5823,1.5552,1.5136,1.4809,1.5351,1.6906,1.8633,2.0524,2.2754,2.3321,2.1099,1.8915,1.7381,1.5587,1.2219,1.0565,1.2536,1.288,1.2067,1.1383,1.145,1.1977,1.2536,1.2946,1.3191,1.3324,1.34,1.3443,1.3453,1.3429,1.3372,1.3294,1.3208,1.3129,1.3068,1.303,1.5554,1.5129,1.437,1.3396,1.3706,1.5643,1.7176,1.9339,2.5382,2.8313,2.2058,1.9039,1.7994,1.7012,1.3386,1.0846,1.4139,1.5983,1.6279,1.5505,1.468,1.4215,1.399,1.3832,1.3681,1.3569,1.3525,1.3518,1.3496,1.343,1.3321,1.3186,1.3049,1.293,1.2844,1.2798,1.5431,1.5023,1.434,1.3523,1.3805,1.5131,1.5472,1.564,2.036,2.4088,2.0447,1.8769,1.8767,1.9688,1.8381,1.636,1.7334,2.0245,2.0807,1.8615,1.6791,1.5701,1.497,1.4343,1.3788,1.346,1.3416,1.3476,1.348,1.3386,1.3215,1.3006,1.2802,1.2635,1.2526,1.2479,1.5427,1.5152,1.4793,1.4525,1.4702,1.4945,1.4289,1.2857,1.453,1.7644,1.8206,1.8749,1.9038,2.0396,1.9636,1.7911,1.9281,2.5739,2.5834,2.0564,1.7962,1.6637,1.5606,1.4497,1.336,1.2805,1.3024,1.3345,1.3433,1.3302,1.3036,1.2717,1.2418,1.2193,1.2067,1.204,1.5467,1.5309,1.5149,1.5057,1.5053,1.4919,1.4366,1.3611,1.4271,1.5884,1.6878,1.941,2.0043,1.6409,1.7344,1.7274,1.8253,2.2258,2.2965,1.995,1.8355,1.7388,1.6214,1.4632,1.2772,1.1952,1.2658,1.3294,1.3417,1.318,1.2746,1.2251,1.1815,1.1523,1.1404,1.1437,1.5498,1.5403,1.5314,1.5244,1.5171,1.502,1.476,1.4574,1.4737,1.4835,1.4731,1.5374,1.5651,1.4079,1.5826,1.6285,1.6268,1.7635,1.8597,1.8721,1.9149,1.8711,1.7167,1.531,1.3438,1.2569,1.3083,1.3549,1.3483,1.3002,1.2274,1.1489,1.0849,1.0494,1.0443,1.0618,1.5505,1.5438,1.5369,1.5298,1.5211,1.5085,1.4925,1.4751,1.4455,1.3581,1.1794,1.1573,1.2858,1.4197,1.4936,1.5649,1.5985,1.6102,1.663,1.8584,2.2081,2.1234,1.8291,1.6261,1.4908,1.4233,1.4165,1.4087,1.3618,1.272,1.1496,1.0216,0.9265,0.8897,0.9062,0.9536,1.5493,1.5435,1.5371,1.5297,1.5204,1.508,1.4912,1.4659,1.4191,1.325,1.1914,1.209,1.1813,1.1669,1.3736,1.459,1.4751,1.4137,1.3989,1.7101,2.2372,2.1409,1.8388,1.6738,1.5925,1.5577,1.5322,1.4788,1.3813,1.2304,1.0253,0.808,0.6644,0.6447,0.7159,0.8199,1.5469,1.5414,1.535,1.5273,1.5174,1.5044,1.4864,1.4599,1.4192,1.3618,1.3068,1.2726,1.1721,1.1539,1.3033,1.3464,1.3434,1.1422,0.8987,1.339,1.7195,1.8081,1.7359,1.6726,1.6584,1.6857,1.6738,1.57,1.4105,1.182,0.8471,0.466,0.2485,0.2971,0.4829,0.677,1.544,1.5386,1.5321,1.5242,1.5142,1.5012,1.4839,1.4606,1.43,1.394,1.3591,1.3261,1.2899,1.2813,1.2517,1.2273,1.2898,1.1623,1.0393,1.2823,1.4825,1.6149,1.6554,1.6637,1.7101,1.849,1.8759,1.6606,1.4408,1.1544,0.6662,0.0356,-0.2737,-0.0769,0.2741,0.5669,1.5411,1.5357,1.5292,1.5214,1.5117,1.4995,1.4841,1.4649,1.442,1.417,1.3922,1.3688,1.3473,1.3238,1.2721,1.2551,1.3081,1.2968,1.2958,1.3061,1.4373,1.5785,1.6472,1.6637,1.6975,1.8566,1.8949,1.6036,1.4461,1.2021,0.6602,-0.1264,-0.4937,-0.2071,0.2189,0.5462,1.5383,1.5331,1.5268,1.5193,1.5102,1.4992,1.4861,1.4706,1.4531,1.4347,1.4165,1.3992,1.3826,1.3637,1.3424,1.3397,1.3582,1.3655,1.3601,1.3832,1.5154,1.6729,1.7385,1.6975,1.6165,1.493,1.23,1.3045,1.4718,1.3886,0.9602,0.3108,-0.0461,0.088,0.3824,0.6375,1.536,1.5309,1.525,1.518,1.5098,1.5002,1.4891,1.4766,1.4631,1.4492,1.4357,1.423,1.4112,1.4004,1.3932,1.3955,1.4079,1.4246,1.4507,1.5192,1.6834,1.9178,1.9847,1.8121,1.5986,1.3127,0.938,1.2238,1.7546,1.7871,1.428,0.9413,0.6141,0.5622,0.6657,0.8018,1.534,1.5293,1.5238,1.5175,1.5102,1.5019,1.4927,1.4826,1.4721,1.4616,1.4516,1.4427,1.4353,1.4302,1.4295,1.4356,1.4504,1.4761,1.5227,1.6178,1.8098,2.0986,2.1748,1.916,1.6638,1.4686,1.3922,1.8088,2.4762,2.3262,1.842,1.3971,1.0921,0.9542,0.9375,0.9787,1.5325,1.5281,1.5231,1.5175,1.5111,1.5041,1.4965,1.4885,1.4803,1.4724,1.4653,1.4594,1.4553,1.4541,1.457,1.4661,1.4835,1.5134,1.5646,1.6537,1.7999,1.9735,2.0137,1.869,1.7118,1.6348,1.7189,2.1145,2.576,2.424,1.9949,1.623,1.3617,1.2093,1.1425,1.1298]},{"header":{"la1":42.85,"la2":41.18,"lo1":11.55,"lo2":14.05,"nx":36,"ny":24,"dx":0.07143,"dy":0.07261,"parameterCategory":2,"parameterNumber":3,"parameterNumberName":"northward_wind","parameterUnit":"m.s-1"},"data":[1.6994,1.7141,1.7322,1.7535,1.7775,1.8032,1.8296,1.8558,1.8814,1.9066,1.9317,1.9571,1.9825,2.0074,2.0308,2.0514,2.0674,2.0762,2.0751,2.0618,2.0361,1.9997,1.956,1.9083,1.8597,1.8125,1.7679,1.7267,1.6892,1.6556,1.6256,1.599,1.5756,1.5551,1.5371,1.5214,1.6805,1.6958,1.7158,1.7404,1.7689,1.7998,1.8313,1.8619,1.8907,1.9186,1.9469,1.9765,2.0075,2.039,2.0699,2.0988,2.1236,2.1406,2.1443,2.1302,2.0974,2.0494,1.9922,1.9317,1.872,1.8156,1.7639,1.7174,1.676,1.6397,1.6079,1.5803,1.5564,1.5357,1.5179,1.5025,1.6553,1.6707,1.6927,1.7214,1.7561,1.7946,1.8337,1.87,1.9019,1.9313,1.9619,1.996,2.0337,2.0734,2.1139,2.1541,2.1925,2.2238,2.2377,2.2232,2.1782,2.111,2.0334,1.955,1.8811,1.8139,1.7544,1.7024,1.6573,1.6187,1.5856,1.5574,1.5334,1.5131,1.4957,1.481,1.6219,1.6361,1.6596,1.6934,1.737,1.7873,1.839,1.8844,1.9187,1.9461,1.9762,2.0149,2.061,2.1112,2.1632,2.2177,2.2763,2.334,2.3698,2.356,2.2874,2.1863,2.0775,1.9749,1.8837,1.8046,1.737,1.6797,1.6316,1.5913,1.5577,1.5297,1.5064,1.4868,1.4706,1.4569,1.5774,1.5879,1.6114,1.6508,1.7067,1.7759,1.8503,1.9143,1.9503,1.9656,1.9888,2.0322,2.0902,2.1538,2.2187,2.288,2.3729,2.4781,2.564,2.552,2.4325,2.2711,2.1169,1.9846,1.8745,1.7835,1.7086,1.6472,1.5971,1.5565,1.5235,1.4967,1.4748,1.4569,1.4422,1.4302,1.5187,1.5202,1.5396,1.5836,1.655,1.7514,1.8655,1.9722,2.0134,1.9921,1.9959,2.0467,2.1231,2.2057,2.2842,2.3623,2.4678,2.6423,2.8333,2.8211,2.5958,2.3425,2.1351,1.9737,1.8469,1.746,1.6658,1.6022,1.5521,1.5129,1.4822,1.4579,1.4385,1.4231,1.4107,1.4008,1.4421,1.4249,1.4305,1.4738,1.5623,1.6912,1.8523,2.0269,2.0895,2.0041,1.9863,2.0563,2.1639,2.2768,2.3737,2.447,2.534,2.7344,3.0371,3.0183,2.6746,2.3488,2.1087,1.9306,1.7938,1.6873,1.6048,1.542,1.4948,1.4596,1.4332,1.4131,1.3976,1.3856,1.3761,1.3688,1.3462,1.2927,1.2626,1.29,1.3975,1.5644,1.7478,1.9209,1.987,1.9206,1.9391,2.0581,2.2174,2.3833,2.5235,2.5863,2.5861,2.6563,2.8411,2.8183,2.536,2.249,2.0239,1.8486,1.7102,1.6024,1.5215,1.4635,1.4233,1.3957,1.3764,1.3626,1.3523,1.3446,1.3389,1.3347,1.2361,1.1191,1.0067,0.9742,1.11,1.3626,1.5746,1.6782,1.6869,1.6951,1.829,2.0474,2.2824,2.5363,2.8063,2.8969,2.7178,2.5534,2.5046,2.4372,2.274,2.0778,1.893,1.73,1.5928,1.4858,1.4106,1.3634,1.3361,1.321,1.3124,1.3071,1.3035,1.301,1.2993,1.2986,1.1325,0.9265,0.6549,0.4398,0.6111,1.1116,1.4491,1.4864,1.2868,1.2451,1.6287,2.0325,2.3471,2.6814,3.2664,3.5456,2.9252,2.4877,2.2821,2.1634,2.0427,1.899,1.7405,1.5804,1.4363,1.3276,1.2635,1.2369,1.2323,1.2366,1.2428,1.2482,1.2523,1.2555,1.2583,1.2612,1.0748,0.7972,0.3486,-0.1938,-0.0356,0.9352,1.4932,1.4967,0.8122,0.4417,1.445,2.0722,2.4158,2.6808,3.1981,3.5558,2.8115,2.299,2.0576,1.9521,1.8615,1.7397,1.5822,1.4006,1.2265,1.1071,1.0657,1.0797,1.1134,1.146,1.1709,1.1883,1.2004,1.2093,1.2164,1.2229,1.0977,0.8355,0.4155,-0.0819,0.1169,1.1326,1.7692,1.9374,1.4174,1.017,1.703,2.224,2.5204,2.707,2.7309,2.6979,2.3571,1.8914,1.7218,1.7496,1.7149,1.6034,1.4262,1.1873,0.9339,0.7847,0.7979,0.8932,0.988,1.0568,1.1019,1.1308,1.15,1.1636,1.1746,1.1844,1.1933,1.0226,0.8096,0.6779,0.9332,1.5216,2.0122,2.2994,2.1144,1.867,2.0817,2.4409,2.6106,2.7495,2.6866,2.4407,2.0644,1.39,1.3487,1.6007,1.6045,1.4911,1.2878,0.9587,0.5395,0.3232,0.4681,0.7057,0.8777,0.9816,1.0424,1.0791,1.1027,1.1196,1.1334,1.146,1.3172,1.2379,1.1785,1.2099,1.407,1.7192,2.0093,2.1922,2.141,2.0549,2.2092,2.6242,2.7658,2.7341,2.5139,2.3071,2.0631,1.6375,1.5099,1.5778,1.5192,1.3991,1.1989,0.8152,0.2197,-0.0828,0.2335,0.5989,0.8162,0.9331,0.9974,1.0351,1.0595,1.0777,1.0934,1.1083,1.4309,1.4079,1.4141,1.4769,1.6091,1.7812,1.9373,2.0285,2.0358,2.0338,2.0916,2.2401,2.3932,2.4123,2.3495,2.2284,2.2482,1.9479,1.7017,1.5464,1.4003,1.3071,1.1736,0.8698,0.3921,0.1334,0.3605,0.6463,0.8197,0.9137,0.9664,0.9985,1.0205,1.0383,1.0549,1.0716,1.5193,1.5236,1.5505,1.6089,1.6975,1.7995,1.8893,1.9462,1.966,1.9516,1.8737,1.9234,2.0306,2.1651,2.1318,2.114,2.1487,1.9079,1.667,1.4371,1.2019,1.1988,1.1737,1.0021,0.7643,0.6254,0.6712,0.7779,0.8586,0.9097,0.9432,0.9671,0.9858,1.0023,1.019,1.0369,1.5822,1.5976,1.6282,1.6759,1.7375,1.8036,1.8616,1.902,1.9199,1.9084,1.8632,1.8841,1.7656,1.6894,1.8491,1.854,1.8225,1.7035,1.5731,1.3989,1.1702,1.1775,1.1708,1.0704,0.9562,0.8895,0.8752,0.8796,0.8879,0.9011,0.9199,0.9406,0.9583,0.9729,0.9879,1.0056,1.6246,1.6433,1.6716,1.7094,1.7539,1.7995,1.8396,1.8688,1.8838,1.8829,1.8677,1.8243,1.6697,1.6022,1.5618,1.49,1.5599,1.5637,1.5666,1.4295,1.2847,1.2129,1.1483,1.0677,1.0097,0.9983,0.9841,0.9311,0.8861,0.8744,0.8933,0.9257,0.9484,0.957,0.9649,0.9791,1.6517,1.67,1.6944,1.7241,1.7568,1.7892,1.8172,1.8375,1.8473,1.8443,1.8244,1.7753,1.6844,1.5313,1.1143,0.9457,1.3398,1.4664,1.4683,1.3062,1.2394,1.1593,1.0724,1.0068,1.0008,1.0889,1.1069,0.9497,0.8419,0.818,0.8609,0.9342,0.9695,0.96,0.9508,0.9572,1.6676,1.6841,1.7043,1.7273,1.7514,1.7743,1.7934,1.8059,1.8095,1.8012,1.7762,1.7261,1.6355,1.4604,1.143,1.0426,1.2789,1.3349,1.184,1.1071,1.1287,1.0165,0.911,0.8769,0.9198,1.0751,1.1106,0.8465,0.7212,0.7082,0.7964,0.9329,0.9886,0.9598,0.9351,0.9357,1.6755,1.6896,1.7058,1.7233,1.7407,1.7564,1.7684,1.7745,1.7725,1.7596,1.7318,1.6832,1.6045,1.4856,1.3486,1.2911,1.3117,1.2818,1.1837,1.1096,0.9681,0.7113,0.5759,0.6378,0.7287,0.7308,0.5777,0.5456,0.4997,0.5021,0.6373,0.8208,0.9121,0.9108,0.9007,0.9086,1.6777,1.6892,1.7018,1.7147,1.7268,1.7368,1.7432,1.7441,1.7378,1.7218,1.6935,1.6496,1.5872,1.5086,1.4289,1.3701,1.3232,1.2534,1.1474,0.9832,0.6399,0.1004,-0.0696,0.2775,0.526,0.5194,0.4046,0.3664,0.1366,0.1283,0.36,0.6064,0.7554,0.8171,0.8473,0.8753,1.6757,1.6848,1.6941,1.7032,1.711,1.7165,1.7184,1.7154,1.7059,1.6881,1.6605,1.6213,1.5704,1.5102,1.4465,1.383,1.3125,1.2184,1.0778,0.8362,0.3692,-0.3411,-0.5294,0.0269,0.3948,0.4485,0.3529,0.0311,-0.5225,-0.3704,0.0671,0.4038,0.6093,0.7239,0.7923,0.8422,1.6709,1.6776,1.6842,1.69,1.6943,1.6962,1.6946,1.6886,1.6767,1.658,1.6312,1.5955,1.5511,1.4988,1.4401,1.3738,1.2939,1.188,1.0343,0.793,0.4134,-0.0319,-0.1484,0.1402,0.3764,0.4049,0.2519,-0.151,-0.6093,-0.4519,-0.0265,0.3085,0.5263,0.6632,0.7529,0.8175]}]