docs/data/wind_grid.json
[{"header":{"la1":42.85,"la2":41.18,"lo1":11.55,"lo2":14.05,"nx":36,"ny":24,"dx":0.07143,"dy":0.07261,"parameterCategory":2,"parameterNumber":2,"parameterNumberName":"eastward_wind","parameterUnit":"m.s-1"},"data":[0.8124,0.7831,0.751,0.7169,0.683,0.6527,0.6305,0.6212,0.6282,0.6517,0.6889,0.7349,0.7849,0.8355,0.8842,0.9295,0.9701,1.0045,1.0313,1.05,1.0608,1.0651,1.0647,1.0612,1.0559,1.0496,1.0429,1.0362,1.0296,1.0232,1.0171,1.0114,1.0061,1.0012,0.9967,0.9926,0.8045,0.7691,0.7284,0.6831,0.6352,0.5893,0.5524,0.5335,0.5397,0.572,0.6245,0.688,0.7545,0.8195,0.8807,0.9372,0.9877,1.0302,1.0622,1.0823,1.0912,1.0915,1.0863,1.0783,1.0691,1.0597,1.0505,1.0416,1.0333,1.0255,1.0183,1.0116,1.0054,0.9998,0.9948,0.9903,0.8003,0.7585,0.7082,0.6486,0.5811,0.5106,0.448,0.4104,0.4137,0.4612,0.5397,0.6304,0.7199,0.803,0.8792,0.9495,1.0133,1.0675,1.1068,1.1278,1.1319,1.1246,1.1118,1.0973,1.0831,1.0698,1.0576,1.0465,1.0363,1.027,1.0185,1.0108,1.0038,0.9976,0.992,0.9871,0.802,0.7544,0.694,0.618,0.5246,0.4167,0.3082,0.2314,0.226,0.303,0.4293,0.563,0.6831,0.7871,0.8798,0.9663,1.0483,1.1209,1.1723,1.1929,1.1861,1.1649,1.1402,1.117,1.0967,1.0791,1.0638,1.0502,1.0382,1.0274,1.0177,1.009,1.0012,0.9943,0.9882,0.983,0.8117,0.7601,0.6915,0.5994,0.4763,0.3162,0.1287,-0.0323,-0.063,0.0772,0.2941,0.4928,0.6492,0.7735,0.8813,0.985,1.0911,1.1941,1.2679,1.285,1.255,1.2099,1.1687,1.1353,1.1085,1.0866,1.0682,1.0524,1.0385,1.0263,1.0154,1.0057,0.9971,0.9896,0.9831,0.9775,0.8315,0.7795,0.7074,0.6049,0.4566,0.2402,-0.0612,-0.3883,-0.4873,-0.2096,0.1629,0.4399,0.6269,0.7639,0.8807,0.9981,1.1306,1.2781,1.3924,1.3996,1.3276,1.2502,1.1915,1.1488,1.1167,1.0912,1.0702,1.0524,1.0369,1.0233,1.0113,1.0008,0.9914,0.9834,0.9764,0.9707,0.8624,0.815,0.747,0.6463,0.4923,0.249,-0.1372,-0.653,-0.8595,-0.3921,0.1194,0.4322,0.6229,0.7574,0.8735,0.9953,1.1421,1.3229,1.4779,1.4743,1.3655,1.2684,1.2017,1.1549,1.1199,1.0921,1.0692,1.0497,1.0329,1.0182,1.0052,0.9938,0.9838,0.9752,0.968,0.962,0.9039,0.8666,0.8118,0.7285,0.5979,0.3884,0.0575,-0.3746,-0.5375,-0.1682,0.2211,0.471,0.6318,0.7489,0.8554,0.9729,1.1119,1.2718,1.404,1.412,1.3339,1.2566,1.1979,1.1531,1.1177,1.0888,1.0647,1.0441,1.0262,1.0105,0.9966,0.9844,0.9738,0.9647,0.9572,0.9513,0.9539,0.9313,0.8975,0.8448,0.7603,0.6241,0.4201,0.1867,0.0688,0.1443,0.3279,0.5086,0.6349,0.7265,0.8208,0.9378,1.0719,1.1995,1.2874,1.3099,1.2813,1.2345,1.1874,1.1459,1.1107,1.0812,1.0564,1.0351,1.0164,0.9999,0.9852,0.9722,0.9609,0.9515,0.9439,0.9381,1.0083,1.0033,0.9953,0.9812,0.9538,0.8957,0.7691,0.5118,0.1276,-0.0075,0.2719,0.5118,0.6164,0.6707,0.7544,0.8949,1.0642,1.2099,1.2902,1.3031,1.2737,1.2269,1.1784,1.1352,1.099,1.0691,1.044,1.0223,1.0032,0.986,0.9705,0.9566,0.9446,0.9348,0.9271,0.9218,1.0625,1.0752,1.0937,1.1206,1.1572,1.194,1.1714,0.8497,-0.2512,-0.7575,0.1572,0.5249,0.5697,0.5453,0.6216,0.8388,1.1169,1.3571,1.4518,1.4069,1.3175,1.2348,1.1692,1.1193,1.0814,1.0515,1.027,1.0057,0.9864,0.9686,0.952,0.937,0.9241,0.9137,0.9062,0.9017,1.1115,1.1393,1.1805,1.2434,1.3413,1.4939,1.7078,1.7836,0.7749,-0.0333,0.4457,0.5932,0.5004,0.3175,0.3839,0.7825,1.2653,1.7496,1.8434,1.5988,1.377,1.2348,1.1472,1.0921,1.0551,1.0276,1.005,0.9849,0.9658,0.9472,0.9291,0.9123,0.898,0.887,0.8799,0.8767,1.1516,1.1895,1.2449,1.3289,1.462,1.6821,2.0472,2.4825,2.0389,1.1442,0.8179,0.6161,0.4973,0.1859,0.2384,0.8433,1.4631,2.3513,2.3652,1.7385,1.3729,1.1869,1.0939,1.0461,1.0177,0.9968,0.9783,0.9603,0.9415,0.9216,0.901,0.8811,0.8643,0.8525,0.8463,0.8455,1.1806,1.2227,1.282,1.368,1.4962,1.6904,1.9658,2.2363,2.011,1.3981,1.0097,0.5342,0.4148,0.8468,0.7561,1.1279,1.5691,2.0019,2.0275,1.5583,1.2156,1.0495,0.9934,0.9782,0.9701,0.9602,0.9475,0.9324,0.914,0.8917,0.8663,0.8409,0.8199,0.8069,0.8028,0.8064,1.1986,1.2398,1.2947,1.3685,1.4673,1.5936,1.729,1.7927,1.6599,1.4572,1.3387,1.1141,0.9374,0.9135,1.0283,1.5526,2.0507,1.6901,1.4874,1.1826,0.8787,0.7934,0.847,0.8973,0.9185,0.9205,0.9136,0.9019,0.8842,0.8577,0.8233,0.7874,0.7592,0.7451,0.7458,0.7575,1.2074,1.2445,1.2908,1.348,1.4157,1.4878,1.5461,1.5611,1.5396,1.6132,1.9492,1.6031,1.3749,1.1466,1.2043,1.5388,1.8473,1.5046,1.2025,0.8476,0.3939,0.4573,0.7055,0.8303,0.873,0.8791,0.8749,0.8688,0.8539,0.8207,0.7693,0.7133,0.6726,0.6592,0.6709,0.6974,1.2093,1.241,1.2784,1.3209,1.3665,1.4099,1.4432,1.4646,1.5015,1.6339,1.8959,1.6677,1.5343,1.5251,1.3268,1.3352,1.3455,1.1771,0.9854,0.7628,0.331,0.4174,0.6837,0.8071,0.8376,0.8277,0.8217,0.8311,0.8277,0.7846,0.701,0.6065,0.5458,0.5404,0.5759,0.6276,1.2067,1.2332,1.2628,1.2946,1.3269,1.3567,1.3824,1.4077,1.4465,1.5127,1.5645,1.5223,1.5435,1.5366,1.3278,1.2475,1.1654,0.9421,0.7639,0.842,0.7292,0.6983,0.7732,0.8194,0.8005,0.7368,0.7237,0.7853,0.8174,0.7601,0.6185,0.455,0.3678,0.3888,0.4684,0.5567,1.2013,1.2232,1.2468,1.2712,1.2953,1.3179,1.3389,1.3604,1.3861,1.4139,1.4275,1.4177,1.4045,1.3508,1.2479,1.2206,1.1387,0.9618,0.8657,0.9827,0.9298,0.8635,0.8466,0.8376,0.7645,0.5782,0.5395,0.7558,0.8539,0.7689,0.5429,0.2837,0.1732,0.2427,0.3778,0.5032,1.1944,1.2125,1.2314,1.2506,1.2693,1.2868,1.3033,1.3191,1.3344,1.3463,1.3492,1.3399,1.3175,1.2754,1.2297,1.2085,1.1405,1.0639,1.122,1.1746,1.0153,0.9033,0.8584,0.8567,0.8164,0.5952,0.5433,0.9322,0.9977,0.84,0.5409,0.2212,0.1002,0.1941,0.3513,0.4891,1.1867,1.2017,1.217,1.2322,1.2469,1.2605,1.2729,1.2838,1.2924,1.2971,1.2951,1.2848,1.265,1.2368,1.207,1.1749,1.1264,1.0843,1.093,1.0856,0.9601,0.8174,0.7695,0.8442,0.9814,1.1912,1.6122,1.5405,1.2507,0.9694,0.6554,0.3657,0.2413,0.2922,0.4096,0.5229,1.1786,1.191,1.2035,1.2157,1.2272,1.2376,1.2466,1.2537,1.2583,1.259,1.2547,1.2443,1.2275,1.2051,1.1786,1.1465,1.107,1.0673,1.0315,0.9649,0.8045,0.5705,0.5097,0.7266,1.0558,1.5348,2.0457,1.8322,1.4063,1.0828,0.8084,0.5858,0.4686,0.4634,0.5193,0.5901,1.1704,1.1807,1.1909,1.2006,1.2096,1.2174,1.2237,1.2281,1.23,1.2285,1.2229,1.2127,1.1975,1.1776,1.153,1.1228,1.0862,1.0427,0.9848,0.8838,0.6845,0.3885,0.3127,0.61,0.9904,1.3788,1.6539,1.5961,1.3569,1.1196,0.9155,0.7541,0.6546,0.6208,0.6332,0.667,1.1624,1.1709,1.1792,1.1869,1.1938,1.1995,1.2038,1.2062,1.2062,1.2033,1.1971,1.187,1.1729,1.1544,1.1314,1.103,1.0679,1.0232,0.9606,0.862,0.7051,0.522,0.485,0.6714,0.9351,1.1785,1.3323,1.3394,1.2379,1.1004,0.9664,0.8543,0.7762,0.736,0.7269,0.7373]},{"header":{"la1":42.85,"la2":41.18,"lo1":11.55,"lo2":14.05,"nx":36,"ny":24,"dx":0.07143,"dy":0.07261,"parameterCategory":2,"parameterNumber":3,"parameterNumberName":"northward_wind","parameterUnit":"m.s-1"},"data":[0.3143,0.2778,0.2382,0.1965,0.1549,0.1168,0.0869,0.07,0.0692,0.0841,0.1108,0.1432,0.1758,0.2045,0.2275,0.2447,0.2574,0.268,0.2797,0.2951,0.3156,0.3409,0.3697,0.4001,0.4306,0.4602,0.4881,0.514,0.5379,0.5598,0.5797,0.5979,0.6144,0.6293,0.6429,0.6551,0.3031,0.26,0.2113,0.1576,0.1011,0.0464,0.0011,-0.0256,-0.0267,-0.0022,0.0402,0.0894,0.1356,0.1734,0.2007,0.2179,0.2273,0.2331,0.2407,0.2552,0.2786,0.3098,0.3457,0.383,0.4195,0.4539,0.4855,0.5143,0.5404,0.5639,0.5851,0.6041,0.6213,0.6367,0.6505,0.663,0.2958,0.2458,0.1868,0.118,0.0407,-0.0401,-0.1127,-0.159,-0.1621,-0.1202,-0.0495,0.0271,0.0938,0.1436,0.1755,0.1908,0.1931,0.1889,0.1882,0.2006,0.2295,0.2709,0.3178,0.3649,0.4091,0.4492,0.4849,0.5167,0.5449,0.5699,0.5922,0.612,0.6296,0.6454,0.6594,0.6719,0.2946,0.2382,0.1686,0.0825,-0.0223,-0.1432,-0.2651,-0.3531,-0.364,-0.2876,-0.1639,-0.0418,0.0537,0.118,0.154,0.1648,0.1539,0.1303,0.1127,0.1218,0.1626,0.2228,0.2873,0.3477,0.4011,0.4474,0.4873,0.5219,0.5519,0.5782,0.6013,0.6216,0.6396,0.6555,0.6696,0.6821,0.3016,0.2409,0.1626,0.0597,-0.0766,-0.2535,-0.4617,-0.6417,-0.6782,-0.528,-0.3016,-0.1088,0.0222,0.1008,0.1392,0.1426,0.1113,0.0525,0.0006,0.0059,0.0744,0.1685,0.2585,0.3351,0.3981,0.4502,0.4937,0.5304,0.5618,0.589,0.6126,0.6332,0.6513,0.6672,0.6812,0.6935,0.3188,0.2573,0.1753,0.0621,-0.1,-0.3368,-0.6702,-1.0365,-1.1481,-0.8369,-0.4314,-0.1516,0.0094,0.0957,0.1335,0.1294,0.0749,-0.0369,-0.1518,-0.1471,-0.0226,0.1221,0.2413,0.3327,0.4034,0.4595,0.5051,0.543,0.575,0.6025,0.6262,0.6468,0.6648,0.6806,0.6943,0.7062,0.3469,0.2897,0.212,0.1014,-0.0643,-0.3265,-0.7509,-1.3328,-1.5696,-1.0301,-0.4568,-0.1375,0.023,0.1026,0.1364,0.1306,0.0678,-0.0817,-0.2617,-0.2526,-0.0684,0.1144,0.2493,0.3466,0.4195,0.4763,0.522,0.5598,0.5916,0.6187,0.6421,0.6625,0.6801,0.6955,0.7088,0.7203,0.3854,0.3373,0.2726,0.1807,0.0431,-0.1744,-0.5247,-1.0017,-1.1824,-0.7366,-0.2979,-0.0607,0.0563,0.1134,0.1405,0.1429,0.1032,-0.0072,-0.1495,-0.1439,0.01,0.1684,0.2891,0.3785,0.4468,0.5006,0.5443,0.5806,0.6113,0.6375,0.6603,0.68,0.6972,0.712,0.7248,0.7357,0.4317,0.3967,0.3512,0.2894,0.2012,0.0712,-0.1125,-0.3097,-0.3697,-0.2439,-0.0839,0.0282,0.0846,0.1103,0.13,0.1482,0.1497,0.1184,0.0732,0.0827,0.1624,0.2618,0.3506,0.4236,0.4827,0.531,0.571,0.6047,0.6335,0.6585,0.6803,0.6993,0.7159,0.7302,0.7423,0.7525,0.4824,0.4618,0.438,0.4094,0.3733,0.3228,0.2441,0.1209,-0.0287,-0.0764,0.0154,0.0791,0.0813,0.0685,0.083,0.1261,0.1697,0.1951,0.2101,0.2372,0.2876,0.3515,0.4157,0.4734,0.5229,0.5648,0.6004,0.6309,0.6575,0.681,0.7018,0.7201,0.7362,0.7499,0.7613,0.7707,0.5335,0.5267,0.5229,0.5246,0.5345,0.5509,0.5465,0.4049,-0.0847,-0.306,0.0269,0.0989,0.0304,-0.0448,-0.0268,0.0693,0.1611,0.2167,0.2567,0.3051,0.3615,0.419,0.473,0.5214,0.5634,0.5994,0.6304,0.6576,0.6819,0.704,0.7242,0.7422,0.7579,0.7712,0.782,0.7904,0.5818,0.5861,0.598,0.6226,0.6684,0.7469,0.862,0.9088,0.42,0.0212,0.1666,0.1176,-0.0554,-0.25,-0.2137,0.0004,0.1471,0.1935,0.229,0.3168,0.4023,0.4682,0.5205,0.5643,0.6012,0.6322,0.6589,0.6828,0.7052,0.7266,0.7469,0.7653,0.7813,0.7943,0.8045,0.8119,0.6249,0.6369,0.6583,0.6954,0.7587,0.8673,1.0491,1.2652,1.0448,0.583,0.3451,0.1124,-0.0724,-0.3595,-0.3268,0.0012,0.1499,0.128,0.1444,0.3194,0.4382,0.5072,0.5577,0.6,0.634,0.6607,0.6828,0.7037,0.7252,0.7474,0.7693,0.7895,0.8066,0.8198,0.8292,0.8352,0.662,0.6782,0.7034,0.7423,0.8025,0.8947,1.0248,1.1515,1.0473,0.7533,0.504,0.0713,-0.1019,-0.229,-0.0342,0.084,0.1247,0.1876,0.2464,0.4009,0.4808,0.523,0.5747,0.6247,0.6597,0.6814,0.6979,0.7161,0.7388,0.7648,0.7913,0.8154,0.8348,0.8486,0.8569,0.8609,0.6935,0.7112,0.7361,0.7709,0.8181,0.8786,0.9442,0.9809,0.9447,0.9018,0.8833,0.7098,0.3402,0.1001,0.2017,0.0578,-0.2546,0.2303,0.4847,0.5321,0.4392,0.4406,0.5504,0.6375,0.6767,0.6882,0.6954,0.7125,0.7415,0.7772,0.8134,0.8447,0.868,0.8822,0.8885,0.8892,0.7204,0.7382,0.7613,0.7907,0.8266,0.8671,0.9064,0.9387,0.9838,1.1271,1.4394,1.5502,1.1734,0.6575,0.5721,0.3106,0.0358,0.5511,0.8619,0.6446,0.0745,0.1659,0.5046,0.6563,0.6842,0.6663,0.6567,0.6792,0.7273,0.7843,0.838,0.8811,0.9093,0.9226,0.9246,0.92,0.7437,0.7612,0.7827,0.8084,0.8383,0.8716,0.9085,0.9553,1.0359,1.1986,1.4304,1.4315,1.5801,1.6492,1.1231,0.9448,0.9866,1.4244,1.7179,1.1077,0.0715,0.1976,0.5983,0.7148,0.6688,0.5762,0.5402,0.5938,0.6916,0.789,0.8702,0.9296,0.9626,0.9714,0.9649,0.9523,0.7645,0.7817,0.8021,0.826,0.8536,0.8856,0.9241,0.9754,1.0505,1.1558,1.2643,1.3693,1.676,1.7638,1.5558,1.5829,1.6725,2.4265,3.1659,2.1238,1.1956,0.893,0.884,0.804,0.5928,0.336,0.2678,0.4359,0.6434,0.8013,0.9153,0.9928,1.0276,1.0254,1.0056,0.9827,0.7833,0.8004,0.8203,0.8434,0.8703,0.902,0.9405,0.9894,1.0522,1.1286,1.2142,1.3211,1.4694,1.629,2.0578,2.2526,1.9987,2.5041,2.9679,2.6112,1.9726,1.4544,1.162,0.8926,0.4764,-0.0897,-0.204,0.2705,0.6381,0.8384,0.9677,1.0558,1.0874,1.0707,1.0377,1.0064,0.8004,0.8175,0.8372,0.86,0.8865,0.9176,0.9549,1.0,1.0546,1.1193,1.1955,1.2909,1.4206,1.6337,2.0133,2.15,2.0276,2.3267,2.9466,3.1815,2.3402,1.7208,1.3552,1.0273,0.5678,-0.1077,-0.246,0.465,0.7847,0.9153,1.0068,1.0802,1.1062,1.086,1.0512,1.0189,0.8159,0.833,0.8527,0.8752,0.9012,0.9316,0.9671,1.0091,1.0586,1.117,1.1867,1.2738,1.3894,1.5501,1.7375,1.8458,1.923,2.1697,2.5796,2.6704,2.1827,1.7578,1.506,1.2431,0.9529,0.8648,1.273,1.2435,1.0758,1.0239,1.0338,1.0659,1.0826,1.0716,1.0469,1.021,0.8299,0.847,0.8665,0.8887,0.9142,0.9435,0.9774,1.0167,1.0625,1.1159,1.1793,1.2562,1.3509,1.464,1.581,1.6814,1.7878,1.9422,2.0984,2.0923,1.8931,1.747,1.6838,1.473,1.2668,1.3858,1.7773,1.5901,1.2687,1.1172,1.0656,1.0578,1.0589,1.0519,1.0365,1.0178,0.8425,0.8595,0.8787,0.9005,0.9252,0.9534,0.9856,1.0225,1.0648,1.1136,1.1703,1.2366,1.3131,1.3982,1.4856,1.5708,1.6584,1.7495,1.8143,1.8071,1.7525,1.7739,1.7962,1.5976,1.3978,1.3983,1.5069,1.4465,1.2812,1.1583,1.0932,1.0647,1.0519,1.0416,1.029,1.0144,0.8536,0.8704,0.8893,0.9105,0.9344,0.9614,0.9918,1.0262,1.0652,1.1095,1.1597,1.2163,1.2792,1.3467,1.4159,1.4844,1.5509,1.6101,1.6494,1.6606,1.6659,1.7,1.6946,1.5648,1.4199,1.3597,1.3538,1.3166,1.2388,1.1622,1.1076,1.0742,1.054,1.0394,1.0262,1.0129]}]