docs/data/wind_grid.json
[{"header":{"la1":42.85,"la2":41.18,"lo1":11.55,"lo2":14.05,"nx":36,"ny":24,"dx":0.07143,"dy":0.07261,"parameterCategory":2,"parameterNumber":2,"parameterNumberName":"eastward_wind","parameterUnit":"m.s-1"},"data":[3.6122,3.619,3.626,3.6332,3.6404,3.6472,3.6534,3.6586,3.6626,3.6655,3.6677,3.6698,3.672,3.6745,3.6772,3.6799,3.6818,3.682,3.6792,3.6726,3.6616,3.6467,3.6288,3.6089,3.5879,3.5667,3.5456,3.525,3.5051,3.486,3.4679,3.4507,3.4346,3.4197,3.4059,3.3933,3.6152,3.6227,3.6307,3.6391,3.6477,3.6561,3.6639,3.6701,3.6745,3.6772,3.679,3.6809,3.6836,3.6871,3.6916,3.6967,3.7016,3.7049,3.7042,3.6978,3.685,3.6665,3.6443,3.62,3.5951,3.5705,3.5464,3.5233,3.5013,3.4803,3.4606,3.442,3.4248,3.4088,3.3942,3.381,3.6177,3.6259,3.6349,3.6447,3.6552,3.666,3.6761,3.6841,3.6888,3.6906,3.6912,3.6924,3.6954,3.7002,3.707,3.7155,3.7251,3.7336,3.7369,3.7311,3.7149,3.6906,3.6619,3.6317,3.6019,3.5731,3.5458,3.52,3.4957,3.4728,3.4513,3.4313,3.4128,3.3959,3.3805,3.3667,3.6194,3.6283,3.6383,3.6496,3.6625,3.6766,3.6908,3.7022,3.7075,3.7067,3.7042,3.7039,3.7071,3.7135,3.723,3.7359,3.7526,3.7704,3.7815,3.7767,3.7538,3.7194,3.6808,3.6428,3.607,3.5739,3.5431,3.5145,3.4878,3.4629,3.4397,3.4183,3.3985,3.3805,3.3643,3.35,3.6202,3.6296,3.6404,3.6531,3.6684,3.6872,3.7086,3.7274,3.7341,3.7269,3.7175,3.7146,3.7186,3.7271,3.7393,3.7569,3.783,3.8168,3.8436,3.84,3.8031,3.751,3.6987,3.6512,3.6091,3.5715,3.5374,3.5061,3.4772,3.4503,3.4254,3.4024,3.3813,3.3623,3.3453,3.3305,3.6199,3.6296,3.6407,3.6541,3.6712,3.6946,3.7266,3.7613,3.773,3.7508,3.7285,3.7233,3.73,3.7417,3.7561,3.7763,3.8111,3.8672,3.9225,3.9192,3.8553,3.7779,3.71,3.6536,3.6061,3.5648,3.5279,3.4943,3.4633,3.4345,3.4078,3.3832,3.3608,3.3407,3.323,3.3078,3.6186,3.6282,3.639,3.6519,3.6686,3.693,3.7321,3.7868,3.8092,3.7638,3.7294,3.7285,3.7431,3.7601,3.7752,3.7927,3.8262,3.8942,3.9764,3.9717,3.8806,3.7845,3.7076,3.6467,3.5963,3.5528,3.514,3.4786,3.4457,3.4151,3.3865,3.3602,3.3363,3.315,3.2966,3.2811,3.6164,3.6256,3.6357,3.6469,3.6602,3.6783,3.7073,3.7509,3.7686,3.7288,3.7113,3.7309,3.7622,3.7879,3.8022,3.8101,3.826,3.8687,3.9273,3.9221,3.8451,3.7597,3.688,3.629,3.5791,3.5352,3.4954,3.4586,3.4241,3.3915,3.3609,3.3326,3.307,3.2845,3.2654,3.2498,3.6134,3.6223,3.6316,3.6411,3.6501,3.6578,3.6633,3.6638,3.6509,3.6406,3.673,3.7353,3.7961,3.8358,3.8476,3.8395,3.8285,3.8293,3.8375,3.8236,3.776,3.715,3.6558,3.6025,3.5551,3.5121,3.4722,3.4344,3.3981,3.3633,3.3302,3.2995,3.2718,3.2479,3.2281,3.2127,3.6097,3.6186,3.6279,3.6368,3.644,3.6458,3.6337,3.5909,3.5093,3.4917,3.6124,3.7515,3.8592,3.9212,3.9259,3.8903,3.8487,3.8185,3.7948,3.7645,3.7215,3.6705,3.6188,3.5703,3.5258,3.4843,3.4447,3.406,3.3678,3.3302,3.2938,3.2598,3.2294,3.2037,3.1834,3.1686,3.6054,3.6145,3.6245,3.6351,3.6454,3.6522,3.6449,3.5829,3.3619,3.2558,3.562,3.7993,3.9683,4.0741,4.0568,3.9618,3.8802,3.8357,3.7998,3.7492,3.6902,3.6325,3.5803,3.534,3.4922,3.4528,3.4138,3.3741,3.3332,3.2915,3.2504,3.2117,3.1776,3.1497,3.1289,3.1155,3.5999,3.6094,3.6206,3.6341,3.6509,3.6729,3.7,3.7052,3.5392,3.4203,3.6511,3.8895,4.1046,4.3364,4.2476,4.0257,3.9026,3.8841,3.8573,3.7634,3.6674,3.5925,3.5365,3.4927,3.4549,3.4186,3.3806,3.3394,3.2945,3.2467,3.1984,3.1528,3.1132,3.0824,3.0617,3.051,3.593,3.6025,3.6143,3.6297,3.6516,3.6855,3.7399,3.8039,3.7425,3.6572,3.771,4.0291,4.151,4.4103,4.303,3.9969,3.8924,3.9711,3.9594,3.7685,3.6235,3.5336,3.4798,3.4443,3.4145,3.3834,3.3472,3.3037,3.2525,3.1952,3.1354,3.0787,3.0311,2.9968,2.9775,2.972,3.5844,3.593,3.604,3.6186,3.6396,3.6711,3.7166,3.7621,3.727,3.6568,3.7452,4.1987,4.3113,3.7397,3.8792,3.8586,3.8504,3.8824,3.8531,3.6717,3.5181,3.4356,3.4036,3.389,3.3738,3.351,3.3172,3.27,3.2088,3.1359,3.0575,2.9831,2.9232,2.8851,2.8701,2.8745,3.5739,3.5809,3.5895,3.6005,3.6148,3.6331,3.6522,3.6546,3.6047,3.5135,3.4677,3.5583,3.551,3.1567,3.5975,3.8062,3.9562,3.7781,3.6428,3.4805,3.3276,3.2844,3.3098,3.3329,3.3391,3.3281,3.2976,3.2443,3.1667,3.0682,2.9585,2.8547,2.7763,2.7354,2.7314,2.7544,3.562,3.5668,3.572,3.5777,3.5833,3.5866,3.5812,3.5523,3.4762,3.3239,3.0925,2.9907,3.1554,3.3165,3.472,3.6922,3.8389,3.6447,3.4633,3.2851,3.0785,3.1082,3.2254,3.291,3.3212,3.3264,3.3011,3.2371,3.1325,2.9916,2.829,2.6752,2.5691,2.5313,2.5529,2.6095,3.5493,3.5515,3.5533,3.5538,3.5517,3.5439,3.5244,3.4825,3.403,3.2667,3.0998,3.0869,3.0259,3.0055,3.3022,3.455,3.4946,3.3826,3.2593,3.1895,3.0408,3.0792,3.2006,3.2788,3.3337,3.3676,3.3522,3.2662,3.1153,2.9072,2.6567,2.418,2.2727,2.256,2.3315,2.4442,3.5363,3.5363,3.5349,3.5314,3.5241,3.5103,3.4858,3.4449,3.3822,3.2994,3.2213,3.1623,3.0145,2.9891,3.2016,3.2724,3.2934,3.1573,3.0168,3.1323,3.1509,3.1666,3.2218,3.2916,3.3859,3.4887,3.4938,3.3494,3.1201,2.8194,2.4378,2.063,1.8712,1.9154,2.0864,2.2783,3.5237,3.5217,3.5181,3.5118,3.5017,3.4857,3.4616,3.4269,3.3811,3.3281,3.2762,3.2254,3.1718,3.1632,3.1428,3.119,3.2043,3.1376,3.062,3.123,3.1633,3.1912,3.228,3.2988,3.4512,3.7023,3.7485,3.4497,3.1217,2.7424,2.221,1.6792,1.4516,1.5974,1.8829,2.152,3.5119,3.5084,3.5032,3.4954,3.4842,3.4682,3.4465,3.4182,3.3841,3.3466,3.309,3.2734,3.2422,3.214,3.1605,3.1428,3.1935,3.1729,3.1223,3.1085,3.1502,3.1742,3.1986,3.2594,3.4074,3.7076,3.7704,3.3465,3.0541,2.7019,2.1464,1.5375,1.3003,1.4912,1.818,2.1112,3.5009,3.4965,3.4904,3.4819,3.4705,3.4556,3.4366,3.4135,3.387,3.3586,3.3301,3.3028,3.2771,3.2507,3.2231,3.2121,3.2134,3.1913,3.1514,3.1361,3.141,3.1258,3.1242,3.1646,3.217,3.185,2.9223,2.9188,2.9204,2.7077,2.2787,1.7944,1.573,1.6817,1.9276,2.1707,3.491,3.486,3.4793,3.4707,3.4598,3.4461,3.4296,3.4103,3.3889,3.3663,3.3435,3.3211,3.2995,3.2786,3.2596,3.2456,3.2318,3.2093,3.1804,3.1525,3.1058,3.0239,2.9985,3.0588,3.068,2.9002,2.634,2.7322,2.8391,2.7397,2.4765,2.171,1.9947,2.0089,2.1386,2.2986,3.482,3.4767,3.4699,3.4614,3.451,3.4386,3.4241,3.4078,3.3899,3.3711,3.352,3.333,3.3144,3.2964,3.2794,3.2631,3.2448,3.2213,3.191,3.1476,3.069,2.9515,2.9213,3.0031,3.0231,2.9268,2.8106,2.8165,2.8457,2.7844,2.6333,2.455,2.3319,2.3055,2.3573,2.4472,3.474,3.4684,3.4616,3.4535,3.4438,3.4325,3.4196,3.4054,3.39,3.3738,3.3573,3.3406,3.324,3.3075,3.2909,3.2735,3.2536,3.2291,3.1969,3.1506,3.0813,3.0025,2.9803,3.0178,3.0287,2.9857,2.9304,2.905,2.8874,2.8364,2.7451,2.6396,2.5581,2.5247,2.5389,2.5848]},{"header":{"la1":42.85,"la2":41.18,"lo1":11.55,"lo2":14.05,"nx":36,"ny":24,"dx":0.07143,"dy":0.07261,"parameterCategory":2,"parameterNumber":3,"parameterNumberName":"northward_wind","parameterUnit":"m.s-1"},"data":[1.5176,1.4987,1.4776,1.4546,1.4308,1.4078,1.3879,1.3734,1.3655,1.3631,1.3629,1.3607,1.3527,1.3364,1.3114,1.2794,1.2444,1.2122,1.1896,1.1816,1.1899,1.2124,1.2445,1.2816,1.3199,1.3569,1.3913,1.4223,1.4499,1.4742,1.4955,1.5141,1.5303,1.5444,1.5568,1.5677,1.516,1.4941,1.4687,1.4398,1.4083,1.3767,1.3489,1.3297,1.3225,1.3261,1.3346,1.34,1.3356,1.3175,1.2846,1.2389,1.1861,1.1358,1.1001,1.0885,1.1033,1.1392,1.1872,1.2394,1.2903,1.3371,1.3787,1.4151,1.4465,1.4734,1.4966,1.5164,1.5334,1.548,1.5607,1.5716,1.5165,1.4915,1.4611,1.4245,1.3821,1.3364,1.2938,1.2645,1.2576,1.2728,1.2982,1.3182,1.3213,1.3021,1.2588,1.193,1.1117,1.0302,0.9715,0.9554,0.9847,1.0455,1.1194,1.1934,1.2608,1.3193,1.3691,1.4109,1.446,1.4753,1.5,1.5207,1.5382,1.553,1.5657,1.5766,1.5199,1.4922,1.4568,1.4114,1.3542,1.286,1.2152,1.1623,1.153,1.1915,1.2505,1.2971,1.3135,1.2943,1.238,1.1441,1.0176,0.8806,0.7792,0.7586,0.8208,0.9284,1.0437,1.1477,1.235,1.3064,1.3643,1.4112,1.4493,1.4805,1.5061,1.5272,1.5448,1.5595,1.572,1.5825,1.5274,1.4982,1.459,1.4053,1.331,1.2305,1.108,0.9995,0.9767,1.0652,1.1913,1.2823,1.3177,1.2996,1.2292,1.1006,0.9078,0.6727,0.4871,0.4664,0.6035,0.7948,0.9701,1.1104,1.2187,1.302,1.3667,1.4173,1.4574,1.4894,1.5152,1.5362,1.5534,1.5676,1.5795,1.5895,1.5397,1.5111,1.4711,1.413,1.3254,1.1902,0.9904,0.7631,0.6934,0.8914,1.1389,1.2881,1.3417,1.3239,1.2417,1.0812,0.8121,0.4284,0.0869,0.081,0.3648,0.6787,0.9209,1.0942,1.2186,1.3099,1.3784,1.4306,1.4709,1.5025,1.5276,1.5476,1.5638,1.5771,1.5881,1.5973,1.5569,1.5314,1.4953,1.441,1.3542,1.2069,0.9509,0.5792,0.4234,0.785,1.1572,1.3377,1.392,1.3697,1.2822,1.1105,0.8029,0.305,-0.2013,-0.1831,0.2486,0.6497,0.926,1.1117,1.2405,1.3329,1.4008,1.4516,1.4902,1.5199,1.543,1.5613,1.576,1.5878,1.5976,1.6058,1.5782,1.5583,1.5305,1.4892,1.4234,1.3109,1.1114,0.8131,0.699,1.0205,1.3156,1.4409,1.4659,1.4322,1.3466,1.1915,0.9264,0.5106,0.0854,0.0781,0.4206,0.7565,0.9984,1.1666,1.2855,1.3712,1.4338,1.4801,1.5147,1.5409,1.5611,1.5769,1.5894,1.5995,1.6078,1.6148,1.6018,1.5889,1.572,1.5488,1.5156,1.4662,1.3962,1.3286,1.355,1.479,1.5565,1.569,1.5463,1.498,1.4175,1.2877,1.0932,0.8443,0.6275,0.5947,0.7436,0.9411,1.1143,1.249,1.3493,1.4228,1.4762,1.5151,1.5437,1.565,1.5811,1.5937,1.6036,1.6116,1.6183,1.6239,1.6257,1.6196,1.6129,1.6063,1.6012,1.6018,1.62,1.6864,1.8261,1.8859,1.7774,1.6766,1.6096,1.5505,1.4765,1.3576,1.1821,0.9944,0.8766,0.8753,0.9699,1.1053,1.2368,1.3446,1.4258,1.4843,1.5256,1.5547,1.5754,1.5906,1.6019,1.6107,1.6178,1.6236,1.6284,1.6327,1.648,1.6472,1.648,1.6519,1.6618,1.6823,1.7232,1.8222,2.1049,2.2408,1.9153,1.7327,1.6386,1.5722,1.5145,1.3929,1.1472,0.8585,0.7489,0.8618,1.0485,1.2198,1.3529,1.4478,1.5116,1.553,1.5794,1.5964,1.6078,1.6159,1.622,1.6269,1.631,1.6346,1.6378,1.6408,1.6677,1.6702,1.675,1.6832,1.696,1.7137,1.7327,1.76,1.9344,2.0689,1.8752,1.7436,1.6411,1.5312,1.5243,1.4206,0.9844,0.2567,0.1255,0.6221,1.0584,1.3277,1.4817,1.5649,1.6068,1.6262,1.6341,1.637,1.638,1.6386,1.6396,1.6408,1.6423,1.6439,1.6458,1.6477,1.6843,1.6886,1.6948,1.7033,1.7134,1.722,1.7192,1.6961,1.7396,1.8223,1.8045,1.7648,1.7065,1.5201,1.5438,1.4983,0.879,-0.8335,-0.8618,0.4459,1.1709,1.5135,1.6597,1.7075,1.7117,1.6999,1.6847,1.6716,1.6621,1.656,1.6526,1.6509,1.6505,1.6508,1.6517,1.653,1.6982,1.7033,1.7096,1.717,1.7242,1.7283,1.7243,1.7128,1.7321,1.7779,1.795,1.7905,1.7993,1.9304,1.7713,1.7412,1.4459,0.2021,-0.0178,0.9282,1.5793,1.8649,1.9187,1.8792,1.8194,1.7648,1.7227,1.6937,1.6755,1.665,1.6592,1.6561,1.6547,1.6544,1.655,1.6563,1.71,1.7153,1.7215,1.728,1.734,1.7381,1.7395,1.7421,1.7561,1.7738,1.7942,1.8494,1.9224,2.0802,1.9318,2.1528,2.5263,1.7337,1.4177,1.8041,2.3224,2.4382,2.2562,2.058,1.9087,1.8039,1.7351,1.6945,1.6734,1.6632,1.6583,1.6555,1.6542,1.6541,1.6552,1.6572,1.7202,1.7257,1.7317,1.738,1.7441,1.7496,1.7548,1.7613,1.7673,1.7534,1.676,1.947,1.9603,1.9748,1.9792,2.1721,2.3942,2.0849,2.0389,2.4914,3.3042,3.1503,2.5655,2.1809,1.9432,1.7916,1.7037,1.6637,1.6514,1.6499,1.65,1.6493,1.6486,1.6495,1.6521,1.6557,1.7291,1.7348,1.741,1.7475,1.7541,1.7609,1.768,1.7751,1.7781,1.7602,1.7027,1.8482,1.9981,2.0391,1.9918,2.0425,2.1143,2.162,2.2755,2.6325,3.4305,3.236,2.6001,2.1727,1.8867,1.6968,1.6043,1.5904,1.6091,1.6282,1.6374,1.6385,1.6379,1.6401,1.6455,1.652,1.7372,1.743,1.7494,1.7563,1.7635,1.7714,1.7798,1.7884,1.7957,1.8005,1.8178,1.8895,2.0087,2.0383,1.9855,2.0032,2.0965,2.2768,2.3959,2.4565,2.6882,2.668,2.3745,2.0459,1.7366,1.4896,1.4075,1.472,1.556,1.607,1.6257,1.6251,1.6221,1.6265,1.6364,1.6472,1.7443,1.7504,1.7571,1.7643,1.7722,1.7808,1.7903,1.8009,1.8129,1.8286,1.8551,1.8995,1.9494,1.9684,1.9505,1.9466,2.0803,2.2862,2.4071,2.4685,2.4375,2.3505,2.1688,1.9072,1.5671,1.1995,1.125,1.3542,1.5236,1.5998,1.6204,1.6121,1.6046,1.6126,1.6283,1.6436,1.7508,1.7571,1.764,1.7715,1.7798,1.789,1.7994,1.8113,1.8255,1.8436,1.8678,1.8984,1.929,1.95,1.9532,1.9645,2.0806,2.2775,2.5555,2.6598,2.4107,2.2229,2.0524,1.842,1.5437,1.1648,1.0893,1.4101,1.5622,1.6172,1.6253,1.6081,1.5978,1.6081,1.6269,1.6442,1.7565,1.7629,1.77,1.7778,1.7864,1.796,1.8068,1.8193,1.8339,1.8516,1.8729,1.8974,1.9229,1.9469,1.9698,2.0069,2.0924,2.2381,2.4223,2.4689,2.2913,2.1076,1.9792,1.8482,1.677,1.5757,1.7014,1.7015,1.6643,1.656,1.6439,1.6238,1.6132,1.6203,1.6356,1.6508,1.7615,1.768,1.7752,1.7831,1.7918,1.8015,1.8125,1.8249,1.8393,1.8559,1.875,1.8964,1.9197,1.9446,1.9735,2.0137,2.0756,2.1584,2.2316,2.2261,2.1119,1.9741,1.9188,1.8718,1.7844,1.7767,1.8807,1.8258,1.7369,1.6957,1.6718,1.6525,1.6421,1.6435,1.6521,1.6623,1.7658,1.7724,1.7796,1.7875,1.7962,1.8058,1.8166,1.8287,1.8424,1.8579,1.8753,1.8946,1.9159,1.9396,1.9671,2.0011,2.0429,2.086,2.1108,2.0881,2.0058,1.9114,1.8933,1.8831,1.8305,1.8044,1.8176,1.7989,1.7557,1.7219,1.6983,1.681,1.6707,1.668,1.6709,1.6762,1.7695,1.7761,1.7832,1.791,1.7996,1.809,1.8194,1.831,1.8439,1.8582,1.874,1.8914,1.9105,1.9316,1.9552,1.9814,2.0087,2.0314,2.0388,2.0191,1.9718,1.9225,1.9023,1.8842,1.8474,1.8161,1.8,1.7837,1.7609,1.7382,1.7191,1.7043,1.6944,1.6894,1.6886,1.6902]}]