docs/data/wind_grid.json
[{"header":{"la1":42.85,"la2":41.18,"lo1":11.55,"lo2":14.05,"nx":36,"ny":24,"dx":0.07143,"dy":0.07261,"parameterCategory":2,"parameterNumber":2,"parameterNumberName":"eastward_wind","parameterUnit":"m.s-1"},"data":[1.5925,1.5729,1.5482,1.5187,1.4857,1.4516,1.4198,1.3942,1.3771,1.3686,1.3661,1.366,1.3644,1.3588,1.3473,1.3289,1.3025,1.2674,1.2235,1.1729,1.1216,1.0788,1.0525,1.0449,1.0517,1.0662,1.0829,1.0985,1.112,1.1231,1.1321,1.1396,1.1459,1.1514,1.1563,1.1608,1.6138,1.5921,1.563,1.5262,1.4827,1.4359,1.3918,1.3573,1.3379,1.334,1.3404,1.3501,1.3568,1.357,1.3488,1.3313,1.3031,1.262,1.2058,1.1348,1.0575,0.993,0.9599,0.9615,0.9852,1.0162,1.0454,1.0696,1.0886,1.1032,1.1146,1.1236,1.1311,1.1374,1.1431,1.1483,1.6413,1.6185,1.585,1.539,1.4804,1.4133,1.3468,1.2953,1.2717,1.2777,1.3016,1.3285,1.3483,1.357,1.3539,1.3389,1.311,1.266,1.1961,1.0935,0.9665,0.8569,0.8151,0.8432,0.9022,0.9606,1.0072,1.0414,1.066,1.0837,1.097,1.1074,1.1158,1.123,1.1294,1.1353,1.677,1.6553,1.6188,1.5627,1.4837,1.3838,1.2757,1.1881,1.1552,1.1841,1.2439,1.301,1.3402,1.36,1.3633,1.353,1.3297,1.2885,1.2114,1.0661,0.84,0.6249,0.5777,0.6806,0.8087,0.9071,0.9733,1.0166,1.0454,1.0652,1.0797,1.0908,1.1,1.1079,1.115,1.1216,1.7228,1.7064,1.6713,1.6073,1.5037,1.3545,1.1689,0.9977,0.9404,1.028,1.1643,1.2712,1.3356,1.3674,1.3772,1.3728,1.3603,1.3402,1.2868,1.1099,0.7066,0.2423,0.2255,0.5051,0.7337,0.8709,0.9505,0.9979,1.0276,1.0476,1.0622,1.0737,1.0834,1.092,1.0998,1.1072,1.779,1.7747,1.7503,1.6872,1.5616,1.3512,1.0403,0.6804,0.5514,0.7956,1.0792,1.2517,1.3403,1.3807,1.3943,1.3948,1.3961,1.4198,1.4636,1.3303,0.7619,0.0106,0.0443,0.4635,0.7294,0.8687,0.9432,0.9856,1.0118,1.0299,1.0438,1.0554,1.0656,1.0749,1.0836,1.0919,1.8431,1.8588,1.8592,1.8155,1.6824,1.4244,1.0002,0.3941,0.132,0.627,1.0535,1.2626,1.3593,1.4,1.4121,1.413,1.4204,1.4752,1.6396,1.5887,1.069,0.5689,0.4731,0.6565,0.8094,0.898,0.947,0.9757,0.995,1.01,1.023,1.0348,1.0459,1.0562,1.066,1.0754,1.9083,1.9469,1.982,1.9807,1.8609,1.5942,1.1963,0.6982,0.4922,0.828,1.1372,1.3074,1.3911,1.4222,1.4257,1.422,1.4239,1.448,1.5079,1.4237,1.1681,1.0074,0.896,0.8807,0.9072,0.9314,0.9473,0.9596,0.9716,0.9845,0.9979,1.0111,1.0238,1.0357,1.047,1.0577,1.9666,2.0205,2.0655,2.0828,2.0129,1.7873,1.4809,1.1866,1.0335,1.0762,1.2217,1.3568,1.4279,1.4417,1.4233,1.411,1.4184,1.4162,1.3823,1.2673,1.1168,1.1039,1.0533,0.9958,0.9592,0.9363,0.9251,0.9255,0.9351,0.95,0.9668,0.9833,0.9988,1.0131,1.0262,1.0386,2.0157,2.0875,2.1442,2.164,2.1732,1.9692,1.6901,1.3844,1.0256,0.9086,1.1756,1.3925,1.4688,1.458,1.3862,1.3476,1.412,1.4273,1.3838,1.2782,1.1575,1.1304,1.0924,1.019,0.9438,0.8871,0.8599,0.8608,0.8789,0.9038,0.9288,0.9515,0.9712,0.9883,1.0037,1.018,2.0518,2.1574,2.3313,2.6419,2.5738,2.1549,1.8807,1.543,0.6157,0.1488,1.0788,1.4574,1.5236,1.4843,1.3983,1.3493,1.4407,1.4798,1.4524,1.3621,1.2559,1.1752,1.0879,0.97,0.8429,0.7514,0.7259,0.7524,0.7993,0.846,0.8853,0.9165,0.9413,0.9617,0.9794,0.9957,2.0617,2.1753,2.3634,2.6235,2.5537,2.2219,2.1332,2.115,1.3865,0.8128,1.3632,1.6128,1.5946,1.5136,1.3988,1.4471,1.5104,1.5945,1.5869,1.4579,1.3178,1.1881,1.0406,0.8427,0.6134,0.4683,0.4871,0.5934,0.7007,0.7825,0.8402,0.8807,0.9102,0.9333,0.9531,0.9713,2.0428,2.1294,2.2382,2.3254,2.2881,2.2129,2.3202,2.5863,2.2978,1.8041,1.7777,1.8583,1.7473,1.3796,1.2439,1.4478,1.5418,1.786,1.7842,1.5217,1.3288,1.1618,0.9622,0.6493,0.2069,-0.046,0.1304,0.408,0.605,0.7261,0.8001,0.8468,0.8785,0.9026,0.9238,0.9442,2.0091,2.0663,2.1226,2.158,2.162,2.1834,2.2897,2.44,2.3278,2.0825,2.0368,2.0931,2.0639,1.6365,1.5144,1.2854,1.4793,1.6882,1.6733,1.4647,1.2621,1.0939,0.8911,0.5051,-0.1797,-0.5766,-0.1563,0.2949,0.5532,0.6929,0.7706,0.8158,0.8449,0.8678,0.8898,0.9129,1.9743,2.0135,2.049,2.0758,2.0979,2.133,2.1915,2.2389,2.2259,2.2453,2.33,2.305,2.1127,2.1624,1.6535,1.2836,2.1128,1.7317,1.5301,1.3063,1.0726,0.9587,0.8526,0.5608,0.0284,-0.2902,0.0014,0.356,0.5707,0.6887,0.7518,0.7848,0.805,0.8241,0.8476,0.8755,1.9438,1.9736,2.0015,2.027,2.0534,2.0865,2.1278,2.1739,2.2496,2.4548,2.8689,2.8868,2.5518,2.1414,1.8748,1.8016,2.0269,1.691,1.3973,1.0899,0.6869,0.7254,0.8253,0.7027,0.4596,0.3054,0.3669,0.5099,0.6275,0.7008,0.7352,0.7444,0.7483,0.7629,0.7919,0.8298,1.9177,1.9426,1.9671,1.9917,2.0188,2.0512,2.0928,2.1527,2.2607,2.4797,2.8063,2.7227,2.6644,2.6166,2.0844,1.8452,1.696,1.4109,1.1354,0.9793,0.6227,0.6927,0.8392,0.7918,0.6661,0.5691,0.5554,0.6067,0.6717,0.7105,0.7086,0.6785,0.6564,0.6709,0.7171,0.7752,1.8949,1.9167,1.939,1.9625,1.9889,2.0208,2.0621,2.1209,2.2103,2.3366,2.45,2.4793,2.6205,2.6087,2.141,1.9043,1.5999,1.0268,0.5327,0.9399,0.9587,0.9169,0.9035,0.8248,0.6866,0.5408,0.504,0.5953,0.6876,0.7151,0.6658,0.5664,0.5039,0.5367,0.6247,0.7173,1.8738,1.8933,1.9137,1.9356,1.9602,1.9896,2.0263,2.0739,2.1348,2.2027,2.2566,2.2848,2.299,2.22,2.1216,2.1129,1.6757,1.1296,0.8451,1.2229,1.1766,1.0479,0.9409,0.8187,0.616,0.2884,0.2162,0.5275,0.7147,0.7375,0.6233,0.414,0.2993,0.3857,0.5401,0.6728,1.8538,1.8712,1.8894,1.909,1.9309,1.956,1.9856,2.0204,2.059,2.0957,2.1209,2.1269,2.1072,2.0601,2.0576,2.0313,1.7102,1.4365,1.5776,1.7281,1.3253,1.0595,0.9035,0.7979,0.634,0.2687,0.1824,0.6622,0.8323,0.8137,0.6449,0.3558,0.2088,0.332,0.5184,0.6655,1.8342,1.8494,1.8654,1.8823,1.9006,1.9208,1.9429,1.9665,1.9894,2.0076,2.0156,2.0084,1.9833,1.945,1.9041,1.8202,1.65,1.5035,1.5101,1.4929,1.1945,0.8636,0.7052,0.7275,0.7794,0.867,1.1827,1.1579,1.0441,0.955,0.7828,0.5347,0.3962,0.4576,0.5888,0.7055,1.8147,1.8278,1.8413,1.8554,1.87,1.8851,1.9005,1.9151,1.927,1.9334,1.9308,1.9161,1.8877,1.8459,1.7884,1.7025,1.585,1.4674,1.3699,1.2145,0.8621,0.348,0.1875,0.5137,0.8366,1.1682,1.5482,1.3866,1.2167,1.132,0.9763,0.7896,0.6678,0.6562,0.7091,0.7767,1.7954,1.8064,1.8174,1.8285,1.8395,1.8501,1.8598,1.8675,1.8716,1.8701,1.8606,1.8411,1.8098,1.7655,1.7054,1.6257,1.5259,1.4106,1.269,1.0421,0.6103,-0.0539,-0.2347,0.3249,0.7937,1.1006,1.2874,1.3057,1.3582,1.2996,1.1314,0.9709,0.8627,0.8195,0.8248,0.8538,1.7762,1.7851,1.7938,1.8021,1.8098,1.8165,1.8215,1.8239,1.8224,1.8155,1.8015,1.7787,1.7457,1.701,1.6426,1.5684,1.4768,1.364,1.2156,0.995,0.6533,0.246,0.1447,0.4602,0.7986,1.0287,1.1722,1.2769,1.3747,1.3269,1.1884,1.0626,0.9749,0.9278,0.9139,0.9214]},{"header":{"la1":42.85,"la2":41.18,"lo1":11.55,"lo2":14.05,"nx":36,"ny":24,"dx":0.07143,"dy":0.07261,"parameterCategory":2,"parameterNumber":3,"parameterNumberName":"northward_wind","parameterUnit":"m.s-1"},"data":[0.6025,0.5819,0.557,0.5281,0.4962,0.4634,0.4329,0.4079,0.3904,0.3799,0.3736,0.367,0.3561,0.3377,0.31,0.2718,0.223,0.1639,0.0964,0.0253,-0.04,-0.0857,-0.0996,-0.0787,-0.0303,0.0337,0.1028,0.1706,0.2335,0.2904,0.341,0.3857,0.4251,0.4598,0.4904,0.5173,0.6141,0.5916,0.5628,0.5273,0.486,0.4417,0.3999,0.367,0.3481,0.3428,0.3454,0.348,0.3438,0.3285,0.2997,0.2563,0.1975,0.1227,0.0319,-0.0719,-0.1755,-0.2516,-0.2721,-0.2318,-0.1504,-0.0529,0.0439,0.1324,0.2101,0.2773,0.3352,0.385,0.4279,0.465,0.4973,0.5254,0.6309,0.6073,0.5747,0.531,0.4761,0.4131,0.3505,0.3021,0.2801,0.2856,0.3062,0.3257,0.3331,0.3234,0.2949,0.2466,0.1777,0.0862,-0.0327,-0.1849,-0.3594,-0.4993,-0.5294,-0.4427,-0.2977,-0.147,-0.0129,0.1,0.1935,0.271,0.3356,0.3897,0.4354,0.4744,0.5078,0.5365,0.6545,0.6321,0.5971,0.5447,0.4711,0.3776,0.2757,0.1928,0.1631,0.1929,0.2505,0.3003,0.326,0.3249,0.2978,0.2454,0.1675,0.0625,-0.0803,-0.2938,-0.6021,-0.8914,-0.9288,-0.7233,-0.4606,-0.2343,-0.0568,0.0807,0.1885,0.2745,0.344,0.4011,0.4486,0.4885,0.5223,0.5511,0.6866,0.6695,0.6367,0.5777,0.4819,0.3423,0.1659,0.0011,-0.052,0.0391,0.1754,0.2759,0.3265,0.3357,0.311,0.2554,0.1702,0.0602,-0.0798,-0.3303,-0.8549,-1.4893,-1.4921,-1.0195,-0.5891,-0.2854,-0.0722,0.0829,0.1998,0.2904,0.3622,0.4203,0.4681,0.5077,0.5411,0.5693,0.7274,0.7227,0.7016,0.6447,0.5288,0.3323,0.0352,-0.3181,-0.4446,-0.1913,0.098,0.2658,0.3407,0.3588,0.3369,0.2793,0.1873,0.078,-0.007,-0.1834,-0.8453,-1.8353,-1.7755,-1.097,-0.5931,-0.2667,-0.0452,0.113,0.2305,0.3205,0.3911,0.4478,0.4941,0.5323,0.5643,0.5912,0.7742,0.7912,0.7989,0.7626,0.6369,0.396,-0.006,-0.6065,-0.874,-0.3552,0.0871,0.2917,0.3743,0.3956,0.3772,0.321,0.223,0.1032,0.0692,0.0125,-0.5134,-1.1012,-1.1675,-0.8038,-0.4429,-0.1713,0.0265,0.172,0.2811,0.3649,0.4307,0.4835,0.5266,0.5621,0.5918,0.6166,0.8188,0.8636,0.9226,0.9379,0.8046,0.5487,0.1893,-0.2861,-0.4864,-0.1174,0.2037,0.3588,0.4244,0.4439,0.4329,0.3856,0.2875,0.1475,0.0309,-0.1352,-0.5333,-0.6915,-0.6366,-0.4568,-0.2315,-0.029,0.1321,0.2553,0.3494,0.4223,0.48,0.5266,0.5649,0.5967,0.6233,0.6455,0.849,0.9101,1.0146,1.0992,0.9399,0.704,0.471,0.2554,0.1672,0.2421,0.3551,0.4368,0.4785,0.496,0.5047,0.4797,0.3798,0.2271,0.0255,-0.346,-0.9749,-0.8823,-0.4837,-0.2284,-0.0313,0.1308,0.2587,0.3564,0.4311,0.4897,0.5368,0.5757,0.6082,0.6355,0.6583,0.6774,0.8587,0.9081,0.9765,1.0154,0.922,0.7982,0.6709,0.5341,0.3876,0.3391,0.4253,0.4964,0.5245,0.5383,0.5895,0.6194,0.4688,0.3134,0.1251,-0.2143,-0.6978,-0.6493,-0.2806,-0.0166,0.1666,0.3017,0.3995,0.4695,0.5218,0.5636,0.5988,0.6291,0.6553,0.6777,0.6965,0.7121,0.8564,0.8872,0.912,0.9121,0.904,0.8714,0.8399,0.7239,0.3081,0.102,0.4337,0.5462,0.5647,0.5616,0.5841,0.6226,0.4704,0.3607,0.2592,0.1016,-0.0802,-0.0957,0.0553,0.2311,0.3803,0.4881,0.5529,0.5901,0.6163,0.6398,0.6627,0.6847,0.7048,0.7225,0.7373,0.7493,0.8519,0.8741,0.8938,0.9061,0.91,0.949,1.0626,1.1343,0.7279,0.3964,0.5605,0.6106,0.6093,0.6634,0.4968,0.4372,0.3844,0.3512,0.335,0.3085,0.2686,0.2735,0.3501,0.4742,0.6071,0.6953,0.7177,0.7114,0.7077,0.7134,0.7257,0.7408,0.756,0.7695,0.7805,0.7887,0.8485,0.8668,0.8853,0.9033,0.9334,1.0248,1.23,1.49,1.2628,0.8524,0.722,0.6975,0.6311,0.5674,0.3264,0.2541,0.2551,0.3103,0.3282,0.4081,0.4523,0.4901,0.5567,0.674,0.8326,0.9225,0.8811,0.8188,0.7869,0.7794,0.785,0.7962,0.8083,0.8186,0.8261,0.8304,0.8466,0.8629,0.8817,0.9063,0.9495,1.037,1.1871,1.3465,1.2332,0.9427,0.8073,0.7981,0.7472,0.2037,0.2217,-0.1991,0.0164,0.3017,0.3938,0.5122,0.5871,0.6328,0.6912,0.8004,0.9835,1.0859,0.9851,0.8873,0.8445,0.8345,0.8399,0.8512,0.8625,0.8707,0.8746,0.8746,0.8456,0.8607,0.879,0.9037,0.9412,0.9979,1.0673,1.1047,1.0398,0.9351,0.8926,0.8613,0.6759,0.5741,0.2293,-0.2895,0.1991,0.3723,0.5701,0.6771,0.6968,0.7161,0.7702,0.8485,0.9619,1.028,0.9696,0.9057,0.8798,0.8796,0.8919,0.9078,0.9209,0.9275,0.9272,0.9215,0.8451,0.8587,0.875,0.8956,0.922,0.9531,0.9801,0.9851,0.9622,0.9514,0.9931,1.1745,1.0078,0.7322,0.5134,0.3237,0.3742,0.6404,0.9001,0.8813,0.6322,0.6744,0.8152,0.878,0.9139,0.9292,0.9138,0.8978,0.9008,0.9191,0.9446,0.9698,0.987,0.9916,0.9848,0.9711,0.8449,0.8567,0.8705,0.8864,0.9043,0.922,0.9351,0.9397,0.9415,0.9602,1.0004,1.0772,1.2767,1.3322,0.8591,0.7208,0.8534,1.3181,1.6934,1.3103,0.6621,0.723,0.9028,0.9326,0.9078,0.8722,0.8555,0.8734,0.9125,0.9572,1.0023,1.0427,1.0664,1.066,1.0477,1.0222,0.845,0.8553,0.8667,0.8792,0.8921,0.9042,0.9143,0.9226,0.9337,0.9557,0.9939,1.0765,1.332,1.3721,1.0074,0.9674,1.2924,2.344,3.3759,2.1793,1.3929,1.1399,1.0819,1.0078,0.8901,0.7549,0.7185,0.811,0.9174,0.9984,1.0673,1.1294,1.1618,1.1493,1.1117,1.0706,0.8455,0.8546,0.8644,0.8747,0.8852,0.8954,0.9052,0.9157,0.9296,0.9507,0.9836,1.0373,1.1035,1.0742,0.9103,0.8717,1.3726,2.351,3.0283,2.5294,1.9276,1.4972,1.2669,1.0869,0.8445,0.491,0.4131,0.7284,0.942,1.0504,1.1321,1.2151,1.2558,1.2237,1.1639,1.1089,0.8466,0.8549,0.8636,0.8728,0.8822,0.8919,0.9021,0.9136,0.928,0.9472,0.9727,1.0033,1.0266,1.0137,0.9427,0.9587,1.3746,2.0268,2.7512,2.9932,2.2007,1.6895,1.4174,1.1975,0.9145,0.4749,0.3769,0.8543,1.0504,1.1235,1.1789,1.25,1.2882,1.2506,1.187,1.13,0.8483,0.856,0.8642,0.8728,0.8819,0.8916,0.9021,0.9142,0.9288,0.9467,0.9683,0.9923,1.0149,1.0327,1.0572,1.1552,1.4217,1.848,2.3454,2.4723,2.0626,1.7532,1.5772,1.3738,1.1646,1.0943,1.341,1.3211,1.2389,1.2205,1.2169,1.234,1.249,1.2263,1.181,1.1343,0.8504,0.8578,0.8658,0.8742,0.8833,0.8931,0.9041,0.9167,0.9315,0.9491,0.9701,0.9946,1.0233,1.06,1.1178,1.2244,1.4065,1.6512,1.8778,1.9423,1.861,1.8633,1.849,1.5974,1.3792,1.4149,1.6716,1.5308,1.3804,1.3307,1.2744,1.2371,1.2191,1.1977,1.1659,1.1301,0.8529,0.8602,0.8681,0.8765,0.8857,0.8958,0.9072,0.9202,0.9355,0.9535,0.9751,1.0013,1.0341,1.0778,1.1405,1.2327,1.3593,1.506,1.6339,1.7105,1.7883,1.9899,2.0606,1.74,1.4799,1.429,1.4801,1.4585,1.475,1.4351,1.3355,1.261,1.2166,1.1852,1.1553,1.1247,0.8556,0.8629,0.8708,0.8793,0.8887,0.8991,0.9108,0.9243,0.9399,0.9584,0.9806,1.0077,1.0416,1.0855,1.1433,1.2186,1.3103,1.4097,1.5025,1.5866,1.6924,1.8372,1.8622,1.6727,1.4872,1.4103,1.405,1.4312,1.485,1.4501,1.3536,1.2735,1.2192,1.1807,1.1491,1.12]}]