docs/data/wind_grid.json
[{"header":{"la1":42.22,"la2":41.45,"lo1":11.9,"lo2":12.97,"nx":16,"ny":12,"dx":0.07133,"dy":0.07,"parameterCategory":2,"parameterNumber":2,"parameterNumberName":"eastward_wind","parameterUnit":"m.s-1"},"data":[4.4043,4.4388,4.4774,4.5148,4.5112,4.4345,4.3458,4.296,4.277,4.264,4.2511,4.2465,4.2504,4.2531,4.2467,4.2326,4.4308,4.4765,4.5302,4.61,4.6462,4.4961,4.3467,4.2995,4.3073,4.2955,4.2661,4.2612,4.2807,4.2926,4.2797,4.2529,4.4562,4.5175,4.5716,4.6311,4.6799,4.4741,4.3014,4.3003,4.4142,4.3781,4.2796,4.2778,4.3431,4.3719,4.332,4.2769,4.475,4.5714,4.6746,4.6415,4.5088,4.3305,4.2006,4.2403,4.6465,4.4645,4.2488,4.2812,4.4607,4.5062,4.3893,4.2911,4.467,4.5869,4.7602,4.7215,4.4104,4.2021,4.101,4.0767,4.0293,4.1285,4.1308,4.2155,4.4759,4.5387,4.3794,4.2703,4.4165,4.497,4.5763,4.5004,4.2697,4.1076,4.036,3.9722,3.7259,3.8932,4.0219,4.067,4.205,4.307,4.2641,4.2065,4.3421,4.3669,4.36,4.275,4.142,4.05,3.937,3.8652,3.7502,3.8712,3.9866,4.0063,4.0599,4.1213,4.1316,4.1231,4.2716,4.2645,4.2305,4.1616,4.0858,4.0826,3.9356,3.8451,3.8311,3.8842,3.9605,3.9989,4.0074,4.0051,4.017,4.0405,4.2169,4.1977,4.1615,4.1101,4.0594,4.0276,3.9486,3.8014,3.7285,3.858,3.9334,3.9576,3.9223,3.8743,3.91,3.97,4.1778,4.1558,4.1235,4.0833,4.041,3.9971,3.9341,3.8441,3.8093,3.8724,3.9234,3.9269,3.862,3.8003,3.8541,3.9304,4.1506,4.1293,4.1015,4.0687,4.0329,3.9941,3.95,3.9071,3.8911,3.9095,3.9301,3.9242,3.8808,3.8462,3.8752,3.9291,4.1318,4.1124,4.0886,4.0615,4.0323,4.0018,3.9717,3.9473,3.9364,3.9394,3.9446,3.9386,3.919,3.9055,3.9178,3.9475]},{"header":{"la1":42.22,"la2":41.45,"lo1":11.9,"lo2":12.97,"nx":16,"ny":12,"dx":0.07133,"dy":0.07,"parameterCategory":2,"parameterNumber":3,"parameterNumberName":"northward_wind","parameterUnit":"m.s-1"},"data":[-0.3053,-0.3681,-0.4675,-0.5827,-0.593,-0.4088,-0.1579,0.0444,0.1721,0.2265,0.2321,0.2226,0.2143,0.2064,0.1944,0.1782,-0.3008,-0.3703,-0.5203,-0.7961,-0.9221,-0.5573,-0.1393,0.1493,0.3232,0.3585,0.3127,0.272,0.2564,0.2472,0.2291,0.2041,-0.2702,-0.3075,-0.4214,-0.7744,-1.004,-0.5175,-0.0427,0.3088,0.6091,0.5729,0.3944,0.3105,0.3018,0.2993,0.2688,0.229,-0.2278,-0.2023,-0.1541,-0.2734,-0.4587,-0.2435,0.0727,0.3814,1.0051,0.7637,0.4143,0.3228,0.3547,0.3651,0.3053,0.2459,-0.2026,-0.1474,-0.0339,-0.063,-0.2209,-0.1231,0.1334,0.2745,0.4706,0.451,0.3272,0.3072,0.3655,0.381,0.3072,0.2433,-0.2073,-0.175,-0.1342,-0.1733,-0.2671,-0.2398,-0.0181,0.1518,0.3594,0.2019,0.2518,0.3303,0.3149,0.3034,0.2636,0.2197,-0.2292,-0.2293,-0.2462,-0.316,-0.4546,-0.6055,-0.5099,-0.2832,-0.1396,0.0112,0.2287,0.4172,0.305,0.2428,0.2139,0.1886,-0.2522,-0.2733,-0.3183,-0.4141,-0.6095,-0.9886,-0.7606,-0.5473,-0.3553,-0.1511,0.0822,0.2346,0.2202,0.192,0.1776,0.163,-0.2678,-0.2978,-0.349,-0.4368,-0.5772,-0.7287,-0.6579,-0.6073,-0.6783,-0.3267,-0.0649,0.0862,0.1524,0.1767,0.1677,0.1494,-0.274,-0.3041,-0.3484,-0.4107,-0.4848,-0.536,-0.5279,-0.5364,-0.5277,-0.3321,-0.1235,0.0336,0.15,0.1992,0.173,0.1413,-0.272,-0.2979,-0.3314,-0.3714,-0.4104,-0.4339,-0.4347,-0.4231,-0.3787,-0.2687,-0.1287,0.004,0.1126,0.1619,0.1492,0.1235,-0.2644,-0.2848,-0.3085,-0.3334,-0.3544,-0.3649,-0.3609,-0.3403,-0.2951,-0.2191,-0.1233,-0.0264,0.0535,0.0971,0.1039,0.0945]}]