docs/data/wind_grid.json
[{"header":{"la1":42.85,"la2":41.18,"lo1":11.55,"lo2":14.05,"nx":36,"ny":24,"dx":0.07143,"dy":0.07261,"parameterCategory":2,"parameterNumber":2,"parameterNumberName":"eastward_wind","parameterUnit":"m.s-1"},"data":[-0.9576,-0.964,-0.971,-0.9787,-0.9867,-0.9946,-1.0019,-1.0081,-1.0134,-1.0191,-1.0276,-1.0415,-1.0627,-1.0902,-1.1189,-1.1397,-1.1438,-1.1292,-1.1011,-1.0671,-1.0331,-1.0018,-0.974,-0.9495,-0.9278,-0.9086,-0.8913,-0.8759,-0.8619,-0.8494,-0.838,-0.8278,-0.8187,-0.8106,-0.8034,-0.797,-0.9607,-0.9681,-0.9765,-0.986,-0.9964,-1.007,-1.0166,-1.0238,-1.0283,-1.0318,-1.0386,-1.0541,-1.083,-1.1262,-1.1764,-1.2155,-1.2235,-1.1967,-1.1495,-1.0983,-1.0518,-1.0123,-0.9792,-0.9511,-0.927,-0.906,-0.8874,-0.8708,-0.856,-0.8428,-0.8309,-0.8203,-0.8109,-0.8026,-0.7953,-0.7889,-0.9634,-0.9718,-0.9818,-0.9937,-1.0076,-1.0228,-1.0371,-1.0472,-1.0503,-1.0484,-1.0491,-1.0627,-1.0992,-1.1646,-1.2519,-1.3269,-1.3403,-1.2861,-1.2045,-1.1282,-1.0669,-1.0191,-0.9812,-0.9502,-0.9241,-0.9015,-0.8817,-0.8642,-0.8486,-0.8347,-0.8224,-0.8115,-0.8018,-0.7934,-0.7861,-0.7797,-0.9655,-0.9748,-0.9864,-1.0012,-1.02,-1.0427,-1.0667,-1.0845,-1.0868,-1.0736,-1.0595,-1.0637,-1.1031,-1.192,-1.3324,-1.4698,-1.4894,-1.3826,-1.251,-1.1472,-1.0733,-1.0199,-0.979,-0.9462,-0.9186,-0.8948,-0.874,-0.8557,-0.8394,-0.825,-0.8123,-0.8011,-0.7913,-0.7828,-0.7756,-0.7694,-0.9667,-0.9766,-0.9894,-1.0069,-1.0313,-1.0652,-1.1079,-1.1462,-1.1521,-1.116,-1.0709,-1.0536,-1.0844,-1.1811,-1.3582,-1.5546,-1.5792,-1.4226,-1.2576,-1.1427,-1.0666,-1.0131,-0.9722,-0.9388,-0.9105,-0.8858,-0.8642,-0.8451,-0.8283,-0.8135,-0.8005,-0.7891,-0.7793,-0.7708,-0.7637,-0.7577,-0.967,-0.9768,-0.99,-1.0087,-1.0372,-1.0829,-1.154,-1.2387,-1.2637,-1.1801,-1.0789,-1.0285,-1.0384,-1.1137,-1.261,-1.4276,-1.4559,-1.335,-1.2041,-1.1114,-1.0477,-1.0002,-0.9617,-0.9287,-0.8998,-0.8744,-0.852,-0.8323,-0.815,-0.7999,-0.7867,-0.7752,-0.7654,-0.7571,-0.7502,-0.7446,-0.9663,-0.9756,-0.9877,-1.005,-1.0324,-1.0809,-1.1711,-1.3122,-1.3742,-1.2203,-1.0584,-0.9815,-0.97,-1.0108,-1.0955,-1.1881,-1.2201,-1.1808,-1.1215,-1.0693,-1.0252,-0.9858,-0.9497,-0.9166,-0.8868,-0.8604,-0.8372,-0.817,-0.7993,-0.784,-0.7707,-0.7593,-0.7496,-0.7415,-0.735,-0.7299,-0.9652,-0.9735,-0.9836,-0.9969,-1.0164,-1.05,-1.1141,-1.2199,-1.2595,-1.1158,-0.9761,-0.9075,-0.8872,-0.9035,-0.9498,-1.0083,-1.0516,-1.0673,-1.0615,-1.0416,-1.0116,-0.9758,-0.9387,-0.9033,-0.8714,-0.8435,-0.8194,-0.7987,-0.7808,-0.7655,-0.7522,-0.7409,-0.7315,-0.7238,-0.7177,-0.7132,-0.9641,-0.9715,-0.9798,-0.9887,-0.9983,-1.0082,-1.0181,-1.0201,-0.9827,-0.9067,-0.8509,-0.8164,-0.7955,-0.7983,-0.8342,-0.8978,-0.9693,-1.0265,-1.0542,-1.0485,-1.0176,-0.9744,-0.9293,-0.888,-0.8524,-0.8226,-0.7978,-0.7769,-0.7592,-0.744,-0.731,-0.72,-0.7108,-0.7036,-0.6982,-0.6945,-0.9635,-0.9708,-0.9785,-0.9859,-0.9909,-0.988,-0.9639,-0.8921,-0.7618,-0.694,-0.7286,-0.7288,-0.6963,-0.6807,-0.7212,-0.8215,-0.9516,-1.0669,-1.1223,-1.1073,-1.0498,-0.9812,-0.9188,-0.8677,-0.8277,-0.7964,-0.7716,-0.7512,-0.7341,-0.7194,-0.7068,-0.696,-0.6872,-0.6805,-0.6759,-0.6733,-0.9635,-0.9714,-0.9805,-0.9905,-1.0005,-1.0065,-0.9922,-0.8966,-0.594,-0.4553,-0.6502,-0.6622,-0.5836,-0.5183,-0.5733,-0.7536,-1.0008,-1.2337,-1.3185,-1.2392,-1.1058,-0.9869,-0.8984,-0.8365,-0.7936,-0.763,-0.7398,-0.7211,-0.7053,-0.6914,-0.6792,-0.6687,-0.6602,-0.654,-0.6503,-0.6491,-0.9636,-0.9728,-0.9842,-0.9994,-1.0207,-1.0527,-1.0983,-1.1108,-0.8449,-0.6245,-0.6856,-0.6238,-0.4699,-0.2678,-0.3696,-0.6959,-1.1435,-1.6677,-1.7642,-1.4496,-1.1564,-0.9657,-0.8517,-0.7856,-0.7462,-0.7207,-0.702,-0.6865,-0.6727,-0.6599,-0.6479,-0.6373,-0.6288,-0.6232,-0.6207,-0.6213,-0.9632,-0.9734,-0.9868,-1.0061,-1.036,-1.0869,-1.1763,-1.289,-1.1672,-0.901,-0.7459,-0.5962,-0.4734,-0.1942,-0.2982,-0.7183,-1.3015,-2.3624,-2.3787,-1.5868,-1.1136,-0.8715,-0.7566,-0.7062,-0.6832,-0.6696,-0.6586,-0.6479,-0.6368,-0.6248,-0.6125,-0.6011,-0.592,-0.5867,-0.5858,-0.5891,-0.9618,-0.9722,-0.9861,-1.0057,-1.0353,-1.0817,-1.1507,-1.2211,-1.1541,-0.9599,-0.7961,-0.5546,-0.4868,-0.6618,-0.612,-0.845,-1.2017,-1.837,-1.912,-1.3108,-0.8627,-0.6494,-0.5931,-0.5961,-0.6072,-0.6125,-0.6116,-0.6065,-0.5981,-0.5865,-0.5726,-0.5585,-0.5476,-0.5425,-0.544,-0.5514,-0.959,-0.9688,-0.9815,-0.9984,-1.0212,-1.0511,-1.0837,-1.0972,-1.0553,-0.9913,-0.9443,-0.8399,-0.736,-0.6911,-0.7694,-0.9927,-1.1652,-1.184,-1.1308,-0.7703,-0.356,-0.2519,-0.3629,-0.4703,-0.5298,-0.5551,-0.5631,-0.5632,-0.5577,-0.5454,-0.5271,-0.5071,-0.4921,-0.4871,-0.493,-0.5071,-0.9551,-0.9638,-0.9744,-0.9874,-1.0028,-1.0194,-1.0325,-1.035,-1.0313,-1.0679,-1.2048,-1.0982,-0.9932,-0.8703,-0.8891,-0.9982,-1.0918,-0.9674,-0.7541,-0.2975,0.3806,0.2721,-0.1441,-0.3726,-0.469,-0.5023,-0.5128,-0.518,-0.5168,-0.5028,-0.475,-0.4425,-0.4195,-0.4157,-0.43,-0.4554,-0.9503,-0.9576,-0.9662,-0.9758,-0.9862,-0.9963,-1.0045,-1.0118,-1.0292,-1.0861,-1.1912,-1.1273,-1.1737,-1.2151,-1.0193,-0.9666,-0.9097,-0.7467,-0.5468,-0.2128,0.4722,0.3281,-0.123,-0.353,-0.4351,-0.4485,-0.4521,-0.468,-0.4782,-0.4617,-0.4151,-0.3575,-0.3209,-0.3227,-0.3541,-0.3981,-0.945,-0.9511,-0.9579,-0.9653,-0.9729,-0.9804,-0.988,-0.998,-1.0163,-1.0486,-1.0812,-1.1013,-1.2125,-1.239,-1.0942,-1.027,-0.8573,-0.5535,-0.3445,-0.3916,-0.1868,-0.1479,-0.2938,-0.3994,-0.4129,-0.3666,-0.3558,-0.4094,-0.4498,-0.43,-0.3488,-0.2458,-0.1902,-0.2093,-0.2714,-0.3416,-0.9394,-0.9445,-0.95,-0.9558,-0.9618,-0.9681,-0.9752,-0.9847,-0.9985,-1.017,-1.0369,-1.0611,-1.0979,-1.1166,-1.1927,-1.2313,-0.9247,-0.6044,-0.4631,-0.5815,-0.5162,-0.4492,-0.4527,-0.4582,-0.3914,-0.2331,-0.1995,-0.3624,-0.4532,-0.4226,-0.2913,-0.1258,-0.0528,-0.1033,-0.2032,-0.2994,-0.9339,-0.9381,-0.9425,-0.9472,-0.9521,-0.9575,-0.9636,-0.9713,-0.9811,-0.9931,-1.0065,-1.0221,-1.041,-1.0723,-1.1569,-1.1691,-0.9421,-0.7437,-0.7408,-0.781,-0.656,-0.5795,-0.5487,-0.52,-0.4361,-0.2363,-0.1923,-0.4572,-0.528,-0.4576,-0.2851,-0.0827,-0.0023,-0.0683,-0.1829,-0.2875,-0.9283,-0.9317,-0.9354,-0.9392,-0.9431,-0.9475,-0.9523,-0.9581,-0.9648,-0.9725,-0.9807,-0.9897,-1.0002,-1.0157,-1.0324,-1.0018,-0.8933,-0.7847,-0.7476,-0.7369,-0.6772,-0.6262,-0.6019,-0.5867,-0.5759,-0.6241,-0.8382,-0.8082,-0.671,-0.5321,-0.356,-0.1778,-0.0986,-0.1369,-0.2243,-0.3115,-0.9227,-0.9255,-0.9284,-0.9314,-0.9345,-0.9378,-0.9414,-0.9453,-0.9495,-0.9538,-0.9579,-0.9613,-0.9638,-0.9637,-0.9538,-0.9192,-0.8568,-0.7906,-0.7446,-0.71,-0.6659,-0.6259,-0.6145,-0.6256,-0.6749,-0.8416,-1.0765,-0.9716,-0.7644,-0.6036,-0.455,-0.3243,-0.2543,-0.2573,-0.3031,-0.3607,-0.9172,-0.9194,-0.9217,-0.9239,-0.9262,-0.9285,-0.9307,-0.933,-0.9351,-0.9367,-0.9374,-0.9365,-0.9331,-0.9249,-0.9077,-0.8771,-0.834,-0.787,-0.7443,-0.7036,-0.6574,-0.6129,-0.6039,-0.6329,-0.6925,-0.8027,-0.9044,-0.8718,-0.7568,-0.6391,-0.5311,-0.4405,-0.3844,-0.3699,-0.3864,-0.4181,-0.9118,-0.9135,-0.9151,-0.9167,-0.9181,-0.9194,-0.9206,-0.9214,-0.9217,-0.9211,-0.9193,-0.9154,-0.9085,-0.8969,-0.8787,-0.8524,-0.8192,-0.7823,-0.7449,-0.7069,-0.667,-0.633,-0.6251,-0.6469,-0.6879,-0.7423,-0.7826,-0.7728,-0.719,-0.6485,-0.5776,-0.5163,-0.474,-0.4552,-0.4569,-0.4719]},{"header":{"la1":42.85,"la2":41.18,"lo1":11.55,"lo2":14.05,"nx":36,"ny":24,"dx":0.07143,"dy":0.07261,"parameterCategory":2,"parameterNumber":3,"parameterNumberName":"northward_wind","parameterUnit":"m.s-1"},"data":[-0.3054,-0.2849,-0.2616,-0.2361,-0.21,-0.1861,-0.1677,-0.1588,-0.1616,-0.1754,-0.1968,-0.2204,-0.2417,-0.2578,-0.2687,-0.2762,-0.2835,-0.2923,-0.3026,-0.3132,-0.3232,-0.3319,-0.3395,-0.346,-0.3519,-0.3573,-0.3625,-0.3675,-0.3725,-0.3776,-0.3826,-0.3877,-0.3927,-0.3977,-0.4024,-0.407,-0.3039,-0.2791,-0.2497,-0.2157,-0.1788,-0.1424,-0.1126,-0.0969,-0.1005,-0.1233,-0.1583,-0.1955,-0.2268,-0.2476,-0.2582,-0.2631,-0.2692,-0.2799,-0.2938,-0.3079,-0.3202,-0.3303,-0.3386,-0.3455,-0.3515,-0.357,-0.3623,-0.3676,-0.3729,-0.3782,-0.3837,-0.3892,-0.3947,-0.4001,-0.4053,-0.4102,-0.3054,-0.2764,-0.2398,-0.1949,-0.1423,-0.0857,-0.0346,-0.0039,-0.0073,-0.0461,-0.1056,-0.166,-0.2127,-0.2395,-0.2471,-0.2449,-0.248,-0.2632,-0.284,-0.3032,-0.3184,-0.3298,-0.3385,-0.3455,-0.3514,-0.3569,-0.3622,-0.3677,-0.3732,-0.379,-0.385,-0.391,-0.3971,-0.403,-0.4087,-0.4141,-0.3115,-0.2789,-0.2352,-0.1776,-0.1036,-0.015,0.0763,0.1411,0.1429,0.0733,-0.0328,-0.1321,-0.2018,-0.2361,-0.2372,-0.2207,-0.2194,-0.2445,-0.2763,-0.3015,-0.319,-0.3309,-0.3394,-0.3459,-0.3515,-0.3568,-0.3621,-0.3677,-0.3736,-0.3799,-0.3865,-0.3932,-0.4,-0.4066,-0.4129,-0.4188,-0.324,-0.2895,-0.2405,-0.1707,-0.072,0.0627,0.2269,0.3708,0.3945,0.2591,0.0621,-0.0991,-0.1986,-0.242,-0.2372,-0.2054,-0.2008,-0.2378,-0.2782,-0.306,-0.3231,-0.3339,-0.3412,-0.3467,-0.3516,-0.3565,-0.3618,-0.3676,-0.374,-0.3809,-0.3883,-0.3959,-0.4035,-0.411,-0.418,-0.4246,-0.344,-0.3109,-0.261,-0.1846,-0.066,0.1189,0.392,0.7022,0.7954,0.5144,0.1546,-0.0854,-0.2125,-0.2642,-0.2632,-0.2355,-0.2313,-0.2627,-0.296,-0.318,-0.3309,-0.3385,-0.3435,-0.3475,-0.3514,-0.3558,-0.361,-0.3671,-0.3742,-0.382,-0.3904,-0.3991,-0.4079,-0.4164,-0.4244,-0.4316,-0.3721,-0.3446,-0.3009,-0.2296,-0.1102,0.0955,0.4501,0.959,1.1717,0.6768,0.1571,-0.1238,-0.2557,-0.3082,-0.3154,-0.3027,-0.2982,-0.3098,-0.3246,-0.3348,-0.3404,-0.3434,-0.3454,-0.3475,-0.3503,-0.3542,-0.3595,-0.3661,-0.3741,-0.3831,-0.3929,-0.4032,-0.4135,-0.4233,-0.4324,-0.4404,-0.4072,-0.3899,-0.3601,-0.3082,-0.2168,-0.0533,0.2345,0.6507,0.8097,0.3899,-0.0163,-0.2299,-0.331,-0.3723,-0.3792,-0.3696,-0.359,-0.354,-0.3524,-0.3511,-0.3493,-0.3473,-0.346,-0.3461,-0.3478,-0.3513,-0.3568,-0.3643,-0.3735,-0.3843,-0.3961,-0.4084,-0.4206,-0.4321,-0.4425,-0.4515,-0.4467,-0.4428,-0.4329,-0.4114,-0.3686,-0.2893,-0.1602,-0.0149,0.0093,-0.1252,-0.2678,-0.3659,-0.4244,-0.4497,-0.4471,-0.4272,-0.4042,-0.3863,-0.3739,-0.3641,-0.3556,-0.3487,-0.3442,-0.3424,-0.3431,-0.3465,-0.3526,-0.3613,-0.3724,-0.3856,-0.4001,-0.4152,-0.43,-0.4437,-0.4556,-0.4655,-0.4867,-0.4976,-0.5098,-0.5224,-0.5328,-0.5345,-0.5165,-0.4734,-0.4307,-0.421,-0.4428,-0.4808,-0.5192,-0.5391,-0.5229,-0.4792,-0.436,-0.4083,-0.3908,-0.3745,-0.359,-0.3468,-0.339,-0.3354,-0.3356,-0.3392,-0.3462,-0.3567,-0.3705,-0.3871,-0.4055,-0.4244,-0.4427,-0.4591,-0.4729,-0.4837,-0.5231,-0.5474,-0.5801,-0.6244,-0.6838,-0.7571,-0.8187,-0.7775,-0.5317,-0.4275,-0.5201,-0.561,-0.6132,-0.6586,-0.6232,-0.527,-0.452,-0.4271,-0.4147,-0.3881,-0.36,-0.3403,-0.3291,-0.3243,-0.3242,-0.3283,-0.3368,-0.3499,-0.3675,-0.389,-0.4128,-0.4372,-0.4602,-0.4801,-0.4959,-0.5073,-0.5521,-0.5864,-0.6343,-0.7025,-0.8015,-0.9437,-1.127,-1.2306,-0.8741,-0.5846,-0.5971,-0.6144,-0.6982,-0.8529,-0.7671,-0.55,-0.4366,-0.4763,-0.4856,-0.4125,-0.3555,-0.3259,-0.3123,-0.3076,-0.308,-0.313,-0.3231,-0.3396,-0.3627,-0.3914,-0.4234,-0.4556,-0.4851,-0.5093,-0.5271,-0.5384,-0.571,-0.6105,-0.6655,-0.7447,-0.8621,-1.0406,-1.3066,-1.5872,-1.3435,-0.8521,-0.648,-0.6506,-0.6906,-0.9067,-0.8033,-0.4502,-0.3277,-0.6129,-0.6254,-0.4205,-0.3309,-0.2971,-0.286,-0.2841,-0.2859,-0.2912,-0.303,-0.324,-0.3551,-0.3947,-0.439,-0.4829,-0.5214,-0.5508,-0.57,-0.5795,-0.5791,-0.6184,-0.6719,-0.7467,-0.8536,-1.0076,-1.2156,-1.4116,-1.2509,-0.8005,-0.5854,-0.6968,-0.7243,-0.3372,-0.4085,-0.0633,0.1748,-0.276,-0.4304,-0.3257,-0.2677,-0.2462,-0.2474,-0.2534,-0.2564,-0.26,-0.272,-0.299,-0.3425,-0.3994,-0.4631,-0.5247,-0.5758,-0.611,-0.6295,-0.634,-0.5773,-0.612,-0.6572,-0.7163,-0.793,-0.8878,-0.9842,-1.0133,-0.8494,-0.5553,-0.3707,-0.3711,-0.3273,-0.1156,-0.1464,0.6617,1.5859,0.4518,-0.0985,-0.2013,-0.1661,-0.1609,-0.1963,-0.2176,-0.2177,-0.2124,-0.2212,-0.2568,-0.3208,-0.4063,-0.5013,-0.5905,-0.6592,-0.6993,-0.7121,-0.7053,-0.5679,-0.5956,-0.6292,-0.6689,-0.7127,-0.753,-0.7688,-0.719,-0.5629,-0.3113,-0.0303,-0.1093,-0.1708,-0.1785,-0.0664,0.5523,1.1575,0.3674,-0.1299,-0.1771,0.0009,-0.0333,-0.1494,-0.1844,-0.1641,-0.1324,-0.1312,-0.1831,-0.2837,-0.4171,-0.5634,-0.6965,-0.7892,-0.829,-0.825,-0.7957,-0.5538,-0.574,-0.5961,-0.6185,-0.6372,-0.6438,-0.6235,-0.5568,-0.4299,-0.2446,-0.0504,-0.106,-0.1072,-0.085,-0.1393,-0.0161,0.0391,-0.2738,-0.5234,-0.3451,0.0057,-0.036,-0.1594,-0.1601,-0.0786,0.0171,0.0377,-0.0541,-0.2239,-0.435,-0.6633,-0.8665,-0.9894,-1.014,-0.9714,-0.9027,-0.5377,-0.551,-0.5637,-0.5736,-0.5769,-0.5674,-0.537,-0.4784,-0.3906,-0.2869,-0.2069,-0.1808,-0.1178,-0.1182,-0.3147,-0.3966,-0.442,-0.8232,-1.1894,-0.7258,-0.3704,-0.2586,-0.2308,-0.1363,0.0652,0.3032,0.3534,0.1497,-0.1454,-0.4649,-0.81,-1.1194,-1.274,-1.2511,-1.1383,-1.0129,-0.5216,-0.5295,-0.5354,-0.5374,-0.5327,-0.5176,-0.4884,-0.4435,-0.3858,-0.3261,-0.2803,-0.2561,-0.2536,-0.3413,-0.6304,-0.739,-0.6204,-0.8484,-1.048,-0.8185,-0.5995,-0.4293,-0.3036,-0.1217,0.2268,0.7335,0.8331,0.3574,-0.0974,-0.5067,-0.9693,-1.4038,-1.5787,-1.4767,-1.2791,-1.0978,-0.5067,-0.5106,-0.5122,-0.5098,-0.5018,-0.4863,-0.4618,-0.429,-0.3912,-0.3551,-0.3292,-0.3217,-0.3472,-0.4427,-0.631,-0.6975,-0.6366,-0.7237,-0.8405,-0.8688,-0.6836,-0.5123,-0.3725,-0.1764,0.1829,0.7658,0.8857,0.2269,-0.1789,-0.5471,-1.0286,-1.5105,-1.6895,-1.5525,-1.324,-1.1249,-0.4936,-0.4949,-0.4939,-0.4895,-0.4808,-0.4669,-0.4477,-0.4242,-0.3993,-0.3775,-0.3642,-0.3663,-0.3927,-0.4523,-0.5316,-0.5766,-0.5978,-0.66,-0.7482,-0.7626,-0.6535,-0.5524,-0.4658,-0.3197,-0.1199,-0.0488,-0.374,-0.3859,-0.3763,-0.5728,-0.9349,-1.3189,-1.4899,-1.4158,-1.2466,-1.0832,-0.4826,-0.4823,-0.4799,-0.4748,-0.4666,-0.4551,-0.4404,-0.4238,-0.4075,-0.3945,-0.3885,-0.3936,-0.4135,-0.4485,-0.4903,-0.5258,-0.5584,-0.5997,-0.6383,-0.6409,-0.6114,-0.6126,-0.6019,-0.481,-0.3656,-0.4736,-0.7677,-0.6481,-0.5092,-0.5828,-0.7991,-1.0434,-1.1842,-1.1827,-1.0988,-0.995,-0.4734,-0.4722,-0.4693,-0.4643,-0.4572,-0.4479,-0.437,-0.4253,-0.4147,-0.407,-0.4048,-0.4101,-0.4244,-0.4468,-0.4736,-0.5006,-0.5275,-0.5544,-0.5755,-0.5853,-0.6019,-0.6617,-0.6824,-0.5681,-0.4679,-0.4973,-0.5898,-0.5746,-0.5334,-0.5772,-0.6997,-0.8441,-0.9456,-0.975,-0.9479,-0.894,-0.466,-0.4644,-0.4614,-0.4569,-0.4509,-0.4436,-0.4355,-0.4274,-0.4205,-0.4161,-0.4157,-0.4205,-0.431,-0.4464,-0.4652,-0.4853,-0.5054,-0.5245,-0.5407,-0.5556,-0.5803,-0.6198,-0.6246,-0.5599,-0.4957,-0.4852,-0.5071,-0.5165,-0.5237,-0.5622,-0.6362,-0.7229,-0.7922,-0.826,-0.8255,-0.8024]}]