docs/data/wind_grid.json
[{"header":{"la1":42.85,"la2":41.18,"lo1":11.55,"lo2":14.05,"nx":36,"ny":24,"dx":0.07143,"dy":0.07261,"parameterCategory":2,"parameterNumber":2,"parameterNumberName":"eastward_wind","parameterUnit":"m.s-1"},"data":[-0.644,-0.6457,-0.6444,-0.6401,-0.6332,-0.6239,-0.6127,-0.5997,-0.5849,-0.5692,-0.5541,-0.5413,-0.5325,-0.5286,-0.5292,-0.533,-0.5375,-0.5395,-0.5358,-0.5249,-0.5085,-0.4908,-0.4764,-0.4672,-0.462,-0.4588,-0.4559,-0.4524,-0.4482,-0.4436,-0.4388,-0.434,-0.4294,-0.425,-0.421,-0.4173,-0.671,-0.6745,-0.6739,-0.6693,-0.6613,-0.6509,-0.6384,-0.6234,-0.6054,-0.5848,-0.564,-0.5464,-0.535,-0.5311,-0.5346,-0.5437,-0.5546,-0.5615,-0.558,-0.5404,-0.5115,-0.4815,-0.4611,-0.4529,-0.4523,-0.4535,-0.4533,-0.4512,-0.4475,-0.4429,-0.4378,-0.4327,-0.4278,-0.4233,-0.4191,-0.4154,-0.7038,-0.7101,-0.7108,-0.7057,-0.6962,-0.6844,-0.6715,-0.6561,-0.6347,-0.6067,-0.5764,-0.5507,-0.5348,-0.5308,-0.5386,-0.5563,-0.5787,-0.5962,-0.5952,-0.5645,-0.5083,-0.4516,-0.4228,-0.4235,-0.4358,-0.4461,-0.4506,-0.4503,-0.4469,-0.442,-0.4365,-0.431,-0.4258,-0.4211,-0.4168,-0.413,-0.7439,-0.7552,-0.7583,-0.7523,-0.7395,-0.7255,-0.7149,-0.704,-0.6811,-0.6406,-0.5928,-0.5531,-0.5298,-0.5252,-0.5389,-0.5697,-0.6125,-0.6535,-0.6641,-0.6113,-0.4924,-0.3716,-0.3359,-0.3713,-0.4138,-0.4392,-0.4493,-0.4502,-0.4466,-0.4409,-0.4348,-0.4288,-0.4233,-0.4184,-0.4141,-0.4103,-0.7933,-0.8136,-0.8221,-0.8144,-0.7939,-0.774,-0.7698,-0.7783,-0.7624,-0.6967,-0.6138,-0.5503,-0.5165,-0.5106,-0.5313,-0.5794,-0.6554,-0.7472,-0.8021,-0.7243,-0.4728,-0.1938,-0.1755,-0.3068,-0.3985,-0.4391,-0.4519,-0.4518,-0.4465,-0.4395,-0.4324,-0.4259,-0.4202,-0.4152,-0.4109,-0.4072,-0.8528,-0.8903,-0.9119,-0.9037,-0.8657,-0.8264,-0.8294,-0.8917,-0.9105,-0.783,-0.631,-0.5348,-0.4898,-0.4827,-0.5093,-0.5749,-0.6932,-0.8775,-1.0668,-0.9966,-0.5662,-0.0711,-0.0862,-0.3056,-0.4163,-0.4535,-0.4598,-0.4547,-0.446,-0.4371,-0.429,-0.422,-0.4162,-0.4112,-0.4071,-0.4037,-0.9201,-0.9879,-1.0424,-1.0437,-0.9705,-0.8788,-0.8612,-0.9896,-1.0779,-0.8401,-0.6101,-0.4933,-0.4448,-0.4376,-0.466,-0.5401,-0.6865,-0.9541,-1.3306,-1.2939,-0.8403,-0.4666,-0.3704,-0.4397,-0.4777,-0.4811,-0.4705,-0.4567,-0.4437,-0.4327,-0.4239,-0.4168,-0.4111,-0.4066,-0.4028,-0.3997,-0.9842,-1.0948,-1.2173,-1.2639,-1.1274,-0.934,-0.8307,-0.8731,-0.905,-0.6961,-0.5083,-0.4181,-0.3812,-0.3748,-0.3969,-0.4642,-0.6051,-0.8409,-1.1111,-1.1353,-1.0701,-0.9461,-0.7296,-0.6086,-0.5472,-0.5066,-0.4764,-0.4539,-0.4374,-0.4254,-0.4166,-0.4101,-0.4051,-0.4011,-0.3979,-0.3953,-1.0251,-1.1667,-1.3572,-1.487,-1.2718,-0.9789,-0.7717,-0.6448,-0.5316,-0.4083,-0.3445,-0.3208,-0.3062,-0.2987,-0.3006,-0.3449,-0.4828,-0.677,-0.8682,-1.0625,-1.41,-1.314,-0.9267,-0.6996,-0.5802,-0.5113,-0.4688,-0.442,-0.4251,-0.4142,-0.407,-0.4019,-0.3981,-0.3951,-0.3927,-0.3907,-1.0295,-1.1658,-1.3204,-1.3999,-1.2692,-0.9974,-0.7262,-0.4712,-0.1724,-0.0381,-0.1541,-0.2252,-0.2295,-0.219,-0.1884,-0.1754,-0.3793,-0.5964,-0.7719,-0.9686,-1.2384,-1.1811,-0.8894,-0.6817,-0.5578,-0.4841,-0.4415,-0.4181,-0.4057,-0.399,-0.3951,-0.3925,-0.3905,-0.3887,-0.3872,-0.3859,-1.0032,-1.1303,-1.2918,-1.5019,-1.4324,-1.0312,-0.7305,-0.439,0.209,0.5245,-0.005,-0.1626,-0.15,-0.1217,-0.145,-0.1597,-0.4,-0.6557,-0.799,-0.8531,-0.8963,-0.8563,-0.7228,-0.5872,-0.4862,-0.4232,-0.3924,-0.3818,-0.3801,-0.381,-0.3822,-0.3828,-0.3828,-0.3824,-0.3818,-0.3812,-0.9522,-1.0667,-1.2331,-1.4509,-1.37,-0.9889,-0.8117,-0.7579,-0.2549,0.1452,-0.0991,-0.1544,-0.0675,0.0927,-0.0304,-0.2657,-0.5601,-0.9916,-1.1125,-0.9038,-0.7569,-0.6628,-0.5675,-0.4681,-0.3806,-0.3291,-0.3217,-0.3358,-0.3515,-0.3629,-0.37,-0.374,-0.3758,-0.3765,-0.3766,-0.3766,-0.8797,-0.9604,-1.0547,-1.1195,-1.0413,-0.8839,-0.8852,-1.0901,-0.8189,-0.3902,-0.2417,-0.1814,-0.0883,0.1643,0.0236,-0.3229,-0.689,-1.7349,-1.7795,-1.0024,-0.6781,-0.5324,-0.4415,-0.3538,-0.2556,-0.2032,-0.2362,-0.2892,-0.3267,-0.3489,-0.3612,-0.3674,-0.3701,-0.3712,-0.3717,-0.372,-0.7981,-0.843,-0.8798,-0.8844,-0.8383,-0.7879,-0.8162,-0.9014,-0.7744,-0.4548,-0.2782,-0.2023,-0.1778,-0.1045,-0.2218,-0.4108,-0.6031,-1.1701,-1.2881,-0.8049,-0.513,-0.3821,-0.3256,-0.2685,-0.1644,-0.0995,-0.1759,-0.2633,-0.3158,-0.344,-0.358,-0.3639,-0.3658,-0.3663,-0.3666,-0.3672,-0.7205,-0.741,-0.7505,-0.7407,-0.7126,-0.6862,-0.6799,-0.6625,-0.5491,-0.3758,-0.2688,-0.2294,-0.2,-0.2004,-0.3091,-0.4595,-1.0039,-0.7458,-0.6493,-0.435,-0.2222,-0.1649,-0.2016,-0.2192,-0.1805,-0.145,-0.2032,-0.2785,-0.3267,-0.3515,-0.3615,-0.3633,-0.3618,-0.3605,-0.3605,-0.3617,-0.6529,-0.6592,-0.6564,-0.6421,-0.618,-0.5898,-0.5575,-0.5042,-0.4113,-0.3,-0.222,-0.2696,-0.2381,-0.2141,-0.2968,-0.5382,-0.8288,-0.5351,-0.3152,-0.1073,0.1647,0.1092,-0.0775,-0.1801,-0.2223,-0.2437,-0.2838,-0.3295,-0.3594,-0.3715,-0.3705,-0.3626,-0.3546,-0.3507,-0.3514,-0.3546,-0.596,-0.594,-0.585,-0.5679,-0.5431,-0.5115,-0.471,-0.4158,-0.3446,-0.2705,-0.2206,-0.2238,-0.1677,-0.1327,-0.1682,-0.2372,-0.2745,-0.1218,0.0514,0.099,0.2403,0.1738,-0.0211,-0.1598,-0.2582,-0.3304,-0.3794,-0.4047,-0.4107,-0.4016,-0.3806,-0.355,-0.3365,-0.3318,-0.3369,-0.3451,-0.5484,-0.5416,-0.529,-0.51,-0.4846,-0.4524,-0.4125,-0.3642,-0.31,-0.2584,-0.219,-0.1811,-0.1196,-0.0696,0.1132,0.2045,0.1208,0.2923,0.5342,0.3099,0.1942,0.1095,-0.0193,-0.1677,-0.3203,-0.4506,-0.509,-0.504,-0.478,-0.439,-0.3856,-0.3283,-0.2952,-0.2976,-0.3162,-0.3342,-0.5087,-0.4988,-0.4842,-0.4644,-0.4391,-0.4081,-0.3715,-0.3296,-0.2847,-0.2399,-0.1952,-0.141,-0.0579,0.1339,0.727,0.9787,0.4211,0.4006,0.5402,0.5352,0.3425,0.1632,0.0068,-0.1776,-0.4019,-0.6079,-0.6566,-0.6123,-0.558,-0.4848,-0.3863,-0.2783,-0.2281,-0.2534,-0.2956,-0.3259,-0.4754,-0.4638,-0.4481,-0.4281,-0.4036,-0.3745,-0.341,-0.3036,-0.2631,-0.2196,-0.1702,-0.1045,0.0035,0.228,0.6729,0.8195,0.4701,0.4415,0.764,0.9245,0.5052,0.2633,0.0885,-0.1406,-0.4322,-0.6634,-0.7068,-0.7256,-0.6569,-0.5483,-0.4106,-0.2589,-0.1954,-0.2377,-0.2923,-0.3272,-0.4475,-0.4348,-0.4187,-0.399,-0.3755,-0.3483,-0.3174,-0.2831,-0.2451,-0.2026,-0.1521,-0.0854,0.0126,0.1622,0.3408,0.4078,0.3605,0.4059,0.5978,0.6662,0.4992,0.4126,0.3028,0.0082,-0.3925,-0.7642,-1.073,-0.9902,-0.7809,-0.6342,-0.489,-0.3422,-0.27,-0.2838,-0.3174,-0.3414,-0.424,-0.4108,-0.3947,-0.3755,-0.3532,-0.3277,-0.2991,-0.2671,-0.2315,-0.1911,-0.1433,-0.0838,-0.0076,0.0852,0.1751,0.2297,0.2586,0.3129,0.3986,0.4585,0.5391,0.7794,0.8217,0.3257,-0.2834,-0.8581,-1.336,-1.1277,-0.847,-0.7266,-0.5944,-0.4634,-0.3824,-0.3573,-0.3581,-0.3636,-0.4042,-0.3909,-0.375,-0.3566,-0.3354,-0.3116,-0.2849,-0.2552,-0.2222,-0.1849,-0.142,-0.0917,-0.0335,0.0298,0.0897,0.1383,0.1808,0.232,0.2991,0.3974,0.6226,1.098,1.2472,0.5824,-0.1218,-0.6438,-0.9337,-0.9042,-0.869,-0.8172,-0.6782,-0.5486,-0.462,-0.4159,-0.3949,-0.3853,-0.3875,-0.3743,-0.3589,-0.3413,-0.3213,-0.299,-0.2742,-0.2468,-0.2166,-0.1829,-0.1453,-0.1033,-0.0574,-0.0097,0.0365,0.0792,0.1212,0.1694,0.2336,0.3376,0.5335,0.8179,0.8615,0.4509,-0.0535,-0.4417,-0.6746,-0.7889,-0.8683,-0.8239,-0.6953,-0.58,-0.4992,-0.4485,-0.4186,-0.401]},{"header":{"la1":42.85,"la2":41.18,"lo1":11.55,"lo2":14.05,"nx":36,"ny":24,"dx":0.07143,"dy":0.07261,"parameterCategory":2,"parameterNumber":3,"parameterNumberName":"northward_wind","parameterUnit":"m.s-1"},"data":[-0.6626,-0.6517,-0.6376,-0.6204,-0.6006,-0.5797,-0.5599,-0.5437,-0.5327,-0.5267,-0.5235,-0.5198,-0.5132,-0.5021,-0.4865,-0.4672,-0.4459,-0.4248,-0.4063,-0.3921,-0.3827,-0.3782,-0.3779,-0.3811,-0.387,-0.3948,-0.4038,-0.4135,-0.4236,-0.4339,-0.4441,-0.4542,-0.4641,-0.4736,-0.4828,-0.4916,-0.6736,-0.6616,-0.6452,-0.6237,-0.5975,-0.5684,-0.5403,-0.5184,-0.5067,-0.5051,-0.509,-0.5121,-0.5098,-0.4998,-0.4821,-0.4583,-0.4311,-0.404,-0.3809,-0.3645,-0.3554,-0.3524,-0.3543,-0.3601,-0.3688,-0.3792,-0.3907,-0.4027,-0.4147,-0.4267,-0.4385,-0.45,-0.4612,-0.4719,-0.4821,-0.4917,-0.6874,-0.6749,-0.6561,-0.6293,-0.5937,-0.5509,-0.507,-0.473,-0.4594,-0.4674,-0.4864,-0.5027,-0.5082,-0.5004,-0.4801,-0.4499,-0.4136,-0.3771,-0.3475,-0.3298,-0.3234,-0.3242,-0.3294,-0.3382,-0.35,-0.3636,-0.3778,-0.3922,-0.4063,-0.4202,-0.4336,-0.4466,-0.4591,-0.471,-0.4823,-0.4928,-0.7045,-0.6928,-0.6727,-0.6405,-0.5922,-0.5268,-0.4516,-0.3891,-0.3697,-0.3999,-0.4513,-0.4926,-0.511,-0.5065,-0.4828,-0.4433,-0.3928,-0.3401,-0.2999,-0.284,-0.2887,-0.2989,-0.3074,-0.318,-0.3322,-0.3486,-0.3656,-0.3824,-0.3987,-0.4145,-0.4296,-0.4442,-0.4581,-0.4713,-0.4837,-0.4952,-0.7256,-0.7168,-0.6981,-0.6625,-0.6002,-0.5011,-0.3648,-0.2305,-0.1906,-0.2781,-0.4017,-0.4866,-0.5228,-0.5219,-0.4936,-0.4421,-0.3699,-0.2867,-0.2226,-0.2154,-0.2552,-0.2908,-0.2979,-0.3028,-0.3168,-0.3353,-0.3548,-0.3739,-0.3923,-0.4099,-0.4268,-0.4431,-0.4585,-0.473,-0.4866,-0.4991,-0.7498,-0.7472,-0.7351,-0.7026,-0.6314,-0.4946,-0.2584,0.0495,0.1608,-0.0838,-0.3544,-0.4987,-0.5507,-0.5509,-0.5177,-0.4537,-0.3538,-0.2161,-0.0857,-0.0914,-0.2094,-0.2966,-0.298,-0.2908,-0.3035,-0.3239,-0.3457,-0.3669,-0.3872,-0.4067,-0.4255,-0.4434,-0.4605,-0.4765,-0.4914,-0.5049,-0.7752,-0.782,-0.7835,-0.7648,-0.6992,-0.5482,-0.2342,0.3106,0.5685,0.0496,-0.3791,-0.5524,-0.6013,-0.5967,-0.5608,-0.4904,-0.3698,-0.1788,0.0531,0.0408,-0.1343,-0.2283,-0.2578,-0.2687,-0.2893,-0.314,-0.3384,-0.3616,-0.3838,-0.4051,-0.4258,-0.4457,-0.4646,-0.4823,-0.4985,-0.513,-0.7975,-0.8142,-0.8355,-0.8411,-0.7916,-0.6742,-0.4381,-0.0292,0.1541,-0.2449,-0.5548,-0.6581,-0.6721,-0.6582,-0.6294,-0.5654,-0.4416,-0.2598,-0.0765,-0.0497,-0.0707,-0.1065,-0.1828,-0.2366,-0.2747,-0.3058,-0.333,-0.358,-0.3819,-0.4052,-0.4281,-0.4502,-0.4713,-0.4908,-0.5085,-0.5241,-0.8118,-0.8319,-0.8677,-0.8981,-0.8533,-0.8072,-0.7475,-0.6673,-0.6789,-0.7909,-0.8265,-0.7899,-0.7473,-0.7279,-0.7355,-0.7013,-0.5565,-0.3792,-0.23,-0.1057,0.066,0.0281,-0.1259,-0.2147,-0.2656,-0.3008,-0.3295,-0.3557,-0.3813,-0.4069,-0.4325,-0.4575,-0.4812,-0.503,-0.5224,-0.539,-0.817,-0.8272,-0.8418,-0.8521,-0.8357,-0.9009,-1.0026,-1.1219,-1.2994,-1.3438,-1.1098,-0.905,-0.8045,-0.7859,-0.8908,-0.9577,-0.6705,-0.4458,-0.2994,-0.1629,-0.0144,-0.0302,-0.1423,-0.2187,-0.2658,-0.2993,-0.3272,-0.3539,-0.3815,-0.4103,-0.4396,-0.4684,-0.4956,-0.5201,-0.5413,-0.5588,-0.8194,-0.8147,-0.7795,-0.6781,-0.7176,-0.9695,-1.2188,-1.426,-1.7754,-1.9652,-1.3186,-0.9584,-0.8341,-0.813,-0.8817,-0.9606,-0.6298,-0.4225,-0.3159,-0.2359,-0.1701,-0.1592,-0.1949,-0.2366,-0.2709,-0.2986,-0.324,-0.3513,-0.382,-0.4154,-0.4501,-0.4842,-0.516,-0.5439,-0.567,-0.585,-0.8266,-0.8206,-0.7823,-0.6975,-0.7617,-1.0982,-1.4639,-1.6973,-1.717,-1.701,-1.2305,-0.9284,-0.851,-0.9255,-0.8046,-0.6019,-0.4233,-0.323,-0.2852,-0.2493,-0.2172,-0.2063,-0.2195,-0.246,-0.2732,-0.2953,-0.3174,-0.3462,-0.3821,-0.4228,-0.4655,-0.5073,-0.5453,-0.5773,-0.6022,-0.6199,-0.8394,-0.8464,-0.847,-0.8609,-0.975,-1.2524,-1.6384,-1.9809,-1.7735,-1.377,-1.0498,-0.8791,-0.8253,-0.9664,-0.7773,-0.311,-0.1752,-0.267,-0.2767,-0.2211,-0.1924,-0.1857,-0.2046,-0.2396,-0.2729,-0.2901,-0.3067,-0.3386,-0.3828,-0.4343,-0.4887,-0.5415,-0.588,-0.6249,-0.6507,-0.6663,-0.8515,-0.8719,-0.9009,-0.9565,-1.0723,-1.2723,-1.5413,-1.7793,-1.6326,-1.2026,-0.9267,-0.8848,-0.8633,-0.5145,-0.3012,0.2666,0.2108,-0.0764,-0.1805,-0.1466,-0.1029,-0.0983,-0.1478,-0.2174,-0.2746,-0.2903,-0.2974,-0.332,-0.3865,-0.4529,-0.5244,-0.5934,-0.6518,-0.6938,-0.7184,-0.728,-0.8569,-0.8834,-0.9206,-0.9777,-1.0653,-1.1848,-1.3124,-1.3701,-1.238,-0.9855,-0.81,-0.7338,-0.5811,-0.3172,-0.1136,0.4385,0.8524,0.2295,-0.0347,-0.0166,0.1252,0.1178,-0.0336,-0.1689,-0.2528,-0.2814,-0.2911,-0.3279,-0.3944,-0.482,-0.58,-0.6743,-0.7495,-0.7958,-0.8133,-0.8097,-0.854,-0.8799,-0.9135,-0.9577,-1.013,-1.072,-1.1123,-1.0944,-0.9887,-0.8321,-0.7158,-0.693,-0.6451,-0.4884,-0.2419,0.2106,0.5837,0.1503,-0.0581,0.1282,0.6783,0.5404,0.1106,-0.1081,-0.2003,-0.2361,-0.2595,-0.3096,-0.4,-0.5238,-0.6663,-0.8033,-0.9036,-0.9488,-0.9459,-0.9153,-0.8441,-0.866,-0.8918,-0.9214,-0.9518,-0.9754,-0.9784,-0.9453,-0.872,-0.7807,-0.7161,-0.7152,-0.8305,-0.8613,-0.494,-0.2356,-0.1223,-0.2438,-0.3243,0.0009,0.7484,0.5786,0.1081,-0.0924,-0.1432,-0.1388,-0.1568,-0.2428,-0.389,-0.578,-0.7977,-1.0116,-1.1509,-1.1777,-1.1248,-1.044,-0.8298,-0.8466,-0.8646,-0.8823,-0.8969,-0.9028,-0.8934,-0.8638,-0.8171,-0.7677,-0.737,-0.7502,-0.8817,-0.9024,-0.6993,-0.6027,-0.4963,-0.6155,-0.8196,-0.4431,-0.0439,0.0397,-0.0783,-0.1311,-0.0617,0.0818,0.1005,-0.0919,-0.354,-0.6424,-0.9835,-1.3365,-1.5349,-1.4971,-1.3415,-1.1818,-0.8133,-0.8253,-0.8369,-0.8465,-0.8519,-0.8499,-0.8378,-0.8146,-0.784,-0.7542,-0.7357,-0.7395,-0.768,-0.7899,-0.9321,-1.0131,-0.7076,-0.693,-0.7801,-0.6677,-0.4619,-0.3216,-0.2735,-0.1944,0.0421,0.4909,0.5877,0.0984,-0.3301,-0.7094,-1.1832,-1.7379,-2.0092,-1.8375,-1.5375,-1.2931,-0.7964,-0.8045,-0.8113,-0.8157,-0.8161,-0.8109,-0.7991,-0.7811,-0.7595,-0.739,-0.7248,-0.7214,-0.7319,-0.7729,-0.9049,-0.944,-0.75,-0.6992,-0.8053,-0.8627,-0.6524,-0.5281,-0.4507,-0.3136,-0.0168,0.5377,0.6633,0.0044,-0.4053,-0.7622,-1.2553,-1.8992,-2.2046,-1.9612,-1.6033,-1.3316,-0.7801,-0.7852,-0.7887,-0.7898,-0.7876,-0.7814,-0.7707,-0.7563,-0.74,-0.7243,-0.7123,-0.7068,-0.7111,-0.7323,-0.768,-0.7647,-0.7109,-0.6963,-0.7502,-0.771,-0.7178,-0.7184,-0.6882,-0.5303,-0.3061,-0.1812,-0.3963,-0.4584,-0.5788,-0.8035,-1.142,-1.5986,-1.8544,-1.7385,-1.4947,-1.2824,-0.7649,-0.7678,-0.7691,-0.7683,-0.7648,-0.7583,-0.7489,-0.737,-0.7239,-0.7112,-0.7007,-0.694,-0.6929,-0.6977,-0.7031,-0.6969,-0.6821,-0.6819,-0.705,-0.74,-0.8289,-1.0331,-1.086,-0.8156,-0.5672,-0.5372,-0.6882,-0.6658,-0.7735,-0.8803,-1.0168,-1.2404,-1.4076,-1.4086,-1.3046,-1.1802,-0.7511,-0.7524,-0.7522,-0.7503,-0.7462,-0.7399,-0.7315,-0.7215,-0.7106,-0.6999,-0.6904,-0.6832,-0.6787,-0.6766,-0.6747,-0.6708,-0.6682,-0.6758,-0.703,-0.7689,-0.9375,-1.2667,-1.3656,-1.0033,-0.7171,-0.6352,-0.676,-0.8088,-1.0305,-1.0053,-0.9766,-1.0491,-1.1359,-1.1645,-1.1328,-1.0712,-0.7387,-0.7389,-0.7378,-0.7352,-0.7309,-0.725,-0.7175,-0.7088,-0.6995,-0.6903,-0.6817,-0.6745,-0.6688,-0.6647,-0.6616,-0.6599,-0.6625,-0.675,-0.7065,-0.7752,-0.9124,-1.1048,-1.1475,-0.9539,-0.7691,-0.7019,-0.7422,-0.8945,-1.0641,-1.0263,-0.9585,-0.9623,-0.9963,-1.0165,-1.0088,-0.9798]}]