docs/data/wind_grid.json
{"header": {"la1":42.1,"la2":41.55,"lo1":12.1,"lo2":12.95,"nx":50,"ny":50,"dx":0.01735,"dy":0.01122,"parameterCategory":2,"parameterNumber":2,"parameterNumberName":"eastward_wind","parameterUnit":"m.s-1"}, "data":
[rows 0 to 45 of 50, columns 0 to 49 of 50]
0.9891,0.9875,0.9853,0.9826,0.9793,0.9753,0.9706,0.9653,0.9592,0.9523,0.9447,0.9364,0.9273,0.9175,0.9069,0.8955,0.8833,0.8701,0.8558,0.8401,0.8228,0.8036,0.7821,0.7578,0.7304,0.6995,0.6647,0.626,0.5833,0.5366,0.4862,0.4326,0.3766,0.3192,0.2619,0.2061,0.154,0.1072,0.0675,0.0362,0.014,0.0007,-0.0042,-0.0017,0.0068,0.0201,0.0368,0.0559,0.0765,0.0978
0.9957,0.9943,0.9923,0.9898,0.9866,0.9827,0.9781,0.9728,0.9668,0.9599,0.9523,0.944,0.9348,0.9249,0.9143,0.9029,0.8907,0.8775,0.8633,0.8478,0.8307,0.8116,0.7901,0.7657,0.738,0.7064,0.6707,0.6306,0.5861,0.5371,0.4839,0.427,0.3672,0.3057,0.2438,0.1836,0.1271,0.0765,0.034,0.0009,-0.0219,-0.0346,-0.0379,-0.0332,-0.0219,-0.0058,0.0138,0.0356,0.0586,0.0822
1.0025,1.0013,0.9995,0.9971,0.9941,0.9904,0.9859,0.9806,0.9746,0.9678,0.9601,0.9517,0.9425,0.9325,0.9218,0.9104,0.8982,0.8851,0.871,0.8557,0.8388,0.8199,0.7986,0.7741,0.7461,0.714,0.6774,0.636,0.5896,0.5383,0.4822,0.422,0.3583,0.2923,0.2256,0.1604,0.0991,0.0444,-0.0014,-0.0363,-0.0596,-0.0715,-0.0729,-0.0655,-0.0512,-0.0319,-0.0092,0.0155,0.0412,0.0671
1.0094,1.0084,1.0069,1.0047,1.0018,0.9982,0.9939,0.9887,0.9827,0.9758,0.9681,0.9596,0.9503,0.9402,0.9294,0.9179,0.9057,0.8927,0.8788,0.8637,0.8471,0.8285,0.8074,0.7831,0.7549,0.7224,0.6849,0.6421,0.5939,0.5403,0.4814,0.4176,0.3499,0.2792,0.2074,0.1369,0.0703,0.011,-0.0382,-0.0752,-0.099,-0.1097,-0.1089,-0.0984,-0.0807,-0.0579,-0.0318,-0.004,0.0244,0.0527
1.0165,1.0157,1.0144,1.0125,1.0098,1.0064,1.0021,0.997,0.991,0.9841,0.9764,0.9677,0.9583,0.9481,0.9371,0.9255,0.9133,0.9004,0.8866,0.8718,0.8555,0.8373,0.8165,0.7924,0.7643,0.7313,0.6931,0.6491,0.5991,0.5431,0.4814,0.4141,0.3422,0.2668,0.1897,0.1134,0.0412,-0.0233,-0.0764,-0.1155,-0.1396,-0.149,-0.1454,-0.1315,-0.11,-0.0834,-0.0538,-0.0228,0.0085,0.0391
1.0237,1.0232,1.0222,1.0205,1.018,1.0147,1.0106,1.0056,0.9996,0.9927,0.9849,0.9761,0.9665,0.956,0.9449,0.9332,0.9209,0.9079,0.8943,0.8798,0.864,0.8463,0.826,0.8022,0.7742,0.741,0.702,0.6568,0.6051,0.5469,0.4823,0.4117,0.3357,0.2554,0.1728,0.0904,0.012,-0.0579,-0.1152,-0.1567,-0.181,-0.1887,-0.1821,-0.1643,-0.1386,-0.1079,-0.0746,-0.0403,-0.0063,0.0267
1.0311,1.0309,1.0302,1.0287,1.0265,1.0234,1.0194,1.0145,1.0085,1.0016,0.9936,0.9847,0.9748,0.9642,0.9528,0.9408,0.9283,0.9154,0.9019,0.8877,0.8724,0.8553,0.8356,0.8123,0.7845,0.7512,0.7117,0.6654,0.612,0.5516,0.4843,0.4104,0.3304,0.2455,0.1572,0.0686,-0.0163,-0.0922,-0.1541,-0.1981,-0.2225,-0.2282,-0.2181,-0.1961,-0.1659,-0.131,-0.0939,-0.0564,-0.0196,0.0157
1.0386,1.0388,1.0383,1.0372,1.0352,1.0324,1.0286,1.0237,1.0178,1.0108,1.0027,0.9935,0.9834,0.9724,0.9607,0.9484,0.9357,0.9227,0.9093,0.8954,0.8805,0.8641,0.8452,0.8227,0.7953,0.762,0.722,0.6746,0.6197,0.5572,0.4873,0.4104,0.3268,0.2374,0.1437,0.0488,-0.0428,-0.1251,-0.192,-0.2386,-0.263,-0.2665,-0.2526,-0.226,-0.1913,-0.1521,-0.1112,-0.0706,-0.0312,0.0062
1.0463,1.0469,1.0468,1.0459,1.0442,1.0416,1.038,1.0333,1.0274,1.0204,1.0121,1.0027,0.9923,0.9809,0.9687,0.956,0.943,0.9297,0.9163,0.9026,0.8884,0.8728,0.8548,0.8332,0.8064,0.7733,0.7328,0.6845,0.628,0.5635,0.4913,0.4117,0.3249,0.2316,0.133,0.032,-0.0664,-0.1554,-0.2275,-0.2769,-0.3013,-0.3023,-0.2844,-0.2531,-0.2137,-0.1704,-0.126,-0.0824,-0.0407,-0.0014
1.0542,1.0551,1.0554,1.0549,1.0536,1.0512,1.0478,1.0433,1.0374,1.0303,1.0219,1.0122,1.0014,0.9896,0.9769,0.9636,0.9501,0.9364,0.9228,0.9094,0.8956,0.8809,0.8641,0.8436,0.8177,0.7849,0.7441,0.6948,0.6369,0.5706,0.4963,0.4144,0.3251,0.2286,0.1258,0.0194,-0.0856,-0.1813,-0.2588,-0.3112,-0.3355,-0.334,-0.312,-0.2762,-0.2324,-0.1853,-0.1377,-0.0915,-0.0478,-0.0069
1.0622,1.0636,1.0642,1.0642,1.0632,1.0612,1.0581,1.0537,1.0479,1.0408,1.0322,1.0222,1.0109,0.9985,0.9852,0.9712,0.957,0.9428,0.9288,0.9154,0.9021,0.8884,0.8729,0.8538,0.829,0.7967,0.7557,0.7055,0.6461,0.578,0.502,0.4184,0.3273,0.2287,0.1229,0.012,-0.0988,-0.2009,-0.2839,-0.3393,-0.3637,-0.3598,-0.334,-0.294,-0.2464,-0.196,-0.1458,-0.0976,-0.0523,-0.0102
1.0704,1.0722,1.0733,1.0737,1.0732,1.0715,1.0687,1.0645,1.0589,1.0517,1.043,1.0327,1.0209,1.0078,0.9937,0.9789,0.9638,0.9487,0.9342,0.9205,0.9076,0.8949,0.8809,0.8635,0.8401,0.8085,0.7674,0.7163,0.6554,0.5857,0.5081,0.4233,0.3315,0.2321,0.1247,0.011,-0.1044,-0.2121,-0.3002,-0.3586,-0.3834,-0.3776,-0.3487,-0.3054,-0.2548,-0.2019,-0.1498,-0.1002,-0.0539,-0.0112
1.0787,1.081,1.0827,1.0835,1.0835,1.0823,1.0798,1.0759,1.0704,1.0632,1.0543,1.0437,1.0314,1.0176,1.0026,0.9867,0.9705,0.9543,0.9388,0.9245,0.9117,0.8999,0.8877,0.8724,0.8508,0.8202,0.779,0.7269,0.6645,0.5931,0.5142,0.4289,0.3374,0.2387,0.1318,0.0171,-0.1009,-0.2129,-0.3054,-0.3668,-0.3923,-0.3854,-0.3546,-0.3091,-0.2567,-0.2024,-0.1494,-0.0992,-0.0525,-0.0096
1.0871,1.09,1.0922,1.0937,1.0941,1.0934,1.0914,1.0878,1.0825,1.0754,1.0664,1.0554,1.0425,1.028,1.012,0.9949,0.9773,0.9597,0.9428,0.9273,0.9141,0.9032,0.893,0.8802,0.8608,0.8315,0.7904,0.7372,0.673,0.5999,0.5198,0.4346,0.3443,0.248,0.1437,0.0308,-0.0875,-0.2016,-0.2973,-0.3615,-0.3884,-0.3816,-0.3503,-0.3043,-0.2516,-0.1972,-0.1443,-0.0944,-0.048,-0.0054
1.0957,1.0992,1.102,1.1041,1.1051,1.105,1.1035,1.1003,1.0953,1.0883,1.0792,1.0679,1.0545,1.0391,1.022,1.0036,0.9844,0.965,0.9461,0.9289,0.9146,0.904,0.8961,0.8866,0.8701,0.8423,0.8012,0.7468,0.6807,0.6055,0.5244,0.4395,0.3516,0.2593,0.16,0.0516,-0.0639,-0.1776,-0.2748,-0.3412,-0.3701,-0.365,-0.3351,-0.2906,-0.2392,-0.1862,-0.1346,-0.0858,-0.0405,0.0013
1.1044,1.1085,1.112,1.1147,1.1165,1.117,1.1161,1.1134,1.1088,1.102,1.0929,1.0813,1.0673,1.0511,1.0328,1.013,0.992,0.9706,0.9493,0.9294,0.9128,0.902,0.8966,0.8912,0.8783,0.8525,0.8114,0.7555,0.6871,0.6095,0.5271,0.4428,0.3581,0.2714,0.1792,0.0783,-0.0312,-0.1414,-0.238,-0.3058,-0.3374,-0.3356,-0.3092,-0.268,-0.2197,-0.1695,-0.1203,-0.0735,-0.0299,0.0104
1.1131,1.1179,1.1222,1.1257,1.1282,1.1295,1.1293,1.1272,1.1231,1.1166,1.1075,1.0958,1.0813,1.0642,1.0448,1.0234,1.0007,0.977,0.9529,0.9293,0.9089,0.8966,0.8941,0.8941,0.8857,0.862,0.8209,0.7631,0.6918,0.6114,0.5272,0.4436,0.3625,0.2826,0.1996,0.1087,0.0085,-0.0951,-0.1886,-0.2569,-0.2916,-0.2944,-0.2733,-0.2373,-0.1938,-0.1476,-0.1018,-0.0579,-0.0166,0.0218
1.1219,1.1275,1.1325,1.1369,1.1403,1.1424,1.143,1.1417,1.1382,1.1321,1.1232,1.1114,1.0965,1.0786,1.0581,1.0353,1.0108,0.985,0.9581,0.9303,0.9041,0.8881,0.8888,0.8959,0.8928,0.8712,0.8295,0.7695,0.6946,0.6107,0.5242,0.4409,0.3637,0.2912,0.2188,0.1402,0.0519,-0.0422,-0.1302,-0.1976,-0.2354,-0.2439,-0.2293,-0.1999,-0.1623,-0.1213,-0.0797,-0.0393,-0.0008,0.0352
1.1307,1.1371,1.143,1.1483,1.1527,1.1558,1.1574,1.157,1.1542,1.1486,1.1401,1.1282,1.113,1.0946,1.073,1.0488,1.0227,0.9953,0.9663,0.9346,0.9013,0.8789,0.883,0.8986,0.9007,0.8804,0.8375,0.7743,0.6953,0.6069,0.5174,0.4338,0.3602,0.2956,0.2346,0.1696,0.0952,0.0129,-0.0676,-0.1326,-0.1728,-0.187,-0.1797,-0.1576,-0.1267,-0.0914,-0.0546,-0.0182,0.0171,0.0505
1.1395,1.1467,1.1536,1.1599,1.1653,1.1696,1.1723,1.1729,1.171,1.1662,1.1581,1.1464,1.1311,1.1121,1.0897,1.0644,1.0369,1.0085,0.9789,0.946,0.9072,0.8765,0.8834,0.9067,0.9115,0.8904,0.8449,0.7778,0.6936,0.6,0.5064,0.4217,0.3512,0.2943,0.245,0.1942,0.1346,0.0655,-0.0056,-0.0666,-0.1082,-0.1273,-0.127,-0.1122,-0.0882,-0.059,-0.0273,0.0049,0.0366,0.0673
1.1482,1.1564,1.1642,1.1716,1.1782,1.1837,1.1877,1.1895,1.1888,1.1848,1.1773,1.1659,1.1506,1.1314,1.1083,1.082,1.0536,1.0247,0.9965,0.9673,0.9317,0.8983,0.9044,0.9265,0.927,0.9015,0.8518,0.7797,0.6897,0.59,0.4913,0.4046,0.3364,0.2866,0.2485,0.2117,0.1671,0.1119,0.0513,-0.0042,-0.0454,-0.0683,-0.0739,-0.0659,-0.0485,-0.0252,0.0014,0.0294,0.0575,0.0852
1.1568,1.1659,1.1748,1.1834,1.1913,1.1982,1.2036,1.2069,1.2074,1.2045,1.1978,1.1868,1.1716,1.1523,1.129,1.102,1.0726,1.0435,1.0182,0.9978,0.9797,0.9622,0.9595,0.9611,0.9475,0.9138,0.858,0.7802,0.6838,0.5772,0.4727,0.383,0.3162,0.2727,0.245,0.2214,0.1912,0.1496,0.1002,0.0515,0.0124,-0.0125,-0.0226,-0.0203,-0.0087,0.0091,0.0308,0.0546,0.0793,0.104
1.1653,1.1753,1.1853,1.1951,1.2045,1.2129,1.2199,1.2248,1.2269,1.2253,1.2194,1.209,1.1941,1.1749,1.1516,1.1242,1.0939,1.0643,1.0413,1.031,1.0366,1.0477,1.033,1.0033,0.9704,0.926,0.8633,0.7793,0.6763,0.5628,0.4521,0.3586,0.2924,0.254,0.2355,0.2237,0.2067,0.1781,0.1398,0.0989,0.0634,0.0383,0.0253,0.0232,0.03,0.043,0.0603,0.0802,0.1015,0.1233
1.1735,1.1845,1.1956,1.2068,1.2176,1.2277,1.2366,1.2434,1.2472,1.2471,1.2422,1.2323,1.2176,1.1988,1.1759,1.1486,1.1174,1.0863,1.0634,1.0586,1.078,1.1039,1.0857,1.0384,0.9905,0.9365,0.8669,0.777,0.668,0.548,0.4314,0.3342,0.2678,0.2335,0.2225,0.2207,0.215,0.1982,0.1706,0.1378,0.107,0.0833,0.0689,0.0639,0.0668,0.0759,0.0894,0.1057,0.1239,0.143
1.1813,1.1933,1.2057,1.2182,1.2306,1.2425,1.2534,1.2624,1.2683,1.27,1.2662,1.2566,1.2419,1.2233,1.2014,1.1749,1.143,1.1094,1.0835,1.0772,1.0959,1.1193,1.1044,1.0574,1.0038,0.9434,0.8684,0.7737,0.6599,0.5348,0.4134,0.3131,0.2463,0.2147,0.2094,0.2153,0.2187,0.2119,0.1939,0.1691,0.1436,0.1223,0.108,0.1012,0.1014,0.1073,0.1175,0.1308,0.1461,0.1627
1.1888,1.2018,1.2153,1.2292,1.2432,1.2571,1.2702,1.2816,1.29,1.2938,1.2912,1.2817,1.2664,1.2478,1.2272,1.2026,1.1709,1.1341,1.1024,1.089,1.0985,1.1129,1.1012,1.0615,1.0089,0.9459,0.8676,0.7697,0.6529,0.5249,0.4009,0.2986,0.2315,0.2015,0.1996,0.2106,0.2206,0.2216,0.2117,0.1943,0.1742,0.156,0.1426,0.1351,0.1335,0.137,0.1445,0.1552,0.168,0.1822
1.1958,1.2097,1.2244,1.2396,1.2554,1.2713,1.2868,1.3009,1.3122,1.3186,1.3175,1.3077,1.2907,1.2711,1.252,1.2305,1.2003,1.1609,1.1222,1.0989,1.0962,1.1005,1.0894,1.0562,1.007,0.9441,0.8645,0.7655,0.6481,0.5199,0.3958,0.2935,0.2264,0.1968,0.196,0.2093,0.2233,0.2297,0.2263,0.215,0.2,0.1851,0.1732,0.1657,0.163,0.1648,0.1702,0.1787,0.1893,0.2015
1.2023,1.2171,1.2328,1.2494,1.2668,1.2847,1.3027,1.3199,1.3346,1.3441,1.3451,1.3347,1.3145,1.2921,1.2741,1.2568,1.23,1.1891,1.1438,1.1103,1.0955,1.0898,1.0764,1.0466,1.0006,0.9391,0.8601,0.7619,0.6462,0.5206,0.3991,0.2988,0.2323,0.2021,0.2002,0.2133,0.2287,0.2383,0.2393,0.2329,0.2222,0.2105,0.2004,0.1934,0.1902,0.1907,0.1946,0.2012,0.21,0.2204
1.2081,1.2237,1.2404,1.2583,1.2772,1.2972,1.3177,1.338,1.3565,1.3702,1.3741,1.3633,1.3379,1.3096,1.2915,1.2793,1.2572,1.2167,1.1667,1.1244,1.0986,1.0833,1.0656,1.0363,0.9922,0.9323,0.855,0.7593,0.6475,0.5268,0.4105,0.3138,0.2484,0.217,0.2125,0.2233,0.2378,0.2485,0.2523,0.2494,0.2421,0.2332,0.2248,0.2186,0.2152,0.215,0.2176,0.2228,0.23,0.2388
1.2132,1.2296,1.2472,1.2661,1.2865,1.3082,1.3312,1.3547,1.3773,1.3958,1.4043,1.3941,1.3618,1.3234,1.3027,1.2957,1.279,1.2406,1.1884,1.1398,1.1051,1.0812,1.058,1.027,0.9835,0.9251,0.8502,0.7582,0.6518,0.538,0.4284,0.3367,0.273,0.24,0.2319,0.2389,0.251,0.2611,0.266,0.2653,0.2606,0.2539,0.2471,0.2417,0.2384,0.2376,0.2394,0.2433,0.2492,0.2566
1.2176,1.2345,1.2529,1.2727,1.2943,1.3176,1.3427,1.3691,1.3956,1.4195,1.4339,1.4267,1.3874,1.3344,1.3079,1.3046,1.2929,1.2577,1.2061,1.1545,1.1134,1.0821,1.0535,1.0198,0.9758,0.9186,0.8463,0.7589,0.6589,0.5528,0.451,0.365,0.3035,0.2689,0.2569,0.2594,0.2679,0.2762,0.2809,0.2814,0.2783,0.2732,0.2678,0.2631,0.26,0.2589,0.26,0.263,0.2677,0.2739
1.2211,1.2385,1.2574,1.278,1.3004,1.3249,1.3516,1.3803,1.4102,1.4388,1.4595,1.4576,1.4138,1.3451,1.3098,1.3071,1.2985,1.2669,1.2181,1.1663,1.1215,1.0848,1.0512,1.0145,0.9696,0.9133,0.8438,0.7612,0.6681,0.5702,0.4764,0.3963,0.3372,0.3014,0.2856,0.2834,0.2879,0.2936,0.2973,0.2979,0.2957,0.2918,0.2872,0.2831,0.2803,0.279,0.2795,0.2817,0.2855,0.2906
1.2238,1.2415,1.2607,1.2817,1.3047,1.33,1.3576,1.3877,1.4196,1.4512,1.4764,1.4793,1.4355,1.3573,1.3129,1.3063,1.2976,1.2691,1.2242,1.1743,1.1281,1.0878,1.0503,1.0108,0.9649,0.9095,0.8428,0.7652,0.6788,0.589,0.503,0.4287,0.3722,0.3355,0.3163,0.3098,0.3102,0.3129,0.3149,0.315,0.3131,0.3098,0.3058,0.3022,0.2994,0.298,0.298,0.2996,0.3026,0.3068
1.2256,1.2434,1.2628,1.284,1.3072,1.3326,1.3605,1.3908,1.423,1.4551,1.4809,1.4851,1.4442,1.3684,1.3189,1.3049,1.2931,1.2664,1.2254,1.1783,1.1324,1.0902,1.0501,1.0084,0.9617,0.9071,0.8433,0.7704,0.6906,0.6082,0.5295,0.4608,0.4069,0.3698,0.3478,0.3374,0.3339,0.3336,0.3336,0.3328,0.3306,0.3274,0.3238,0.3204,0.3177,0.3161,0.3158,0.3168,0.319,0.3225
1.2266,1.2443,1.2636,1.2847,1.3077,1.3328,1.3601,1.3896,1.4205,1.4504,1.4732,1.475,1.4384,1.3734,1.3249,1.3036,1.2872,1.2608,1.2231,1.1791,1.1344,1.0916,1.0499,1.0068,0.9596,0.9061,0.845,0.7766,0.7028,0.6273,0.5552,0.4916,0.4404,0.4032,0.3791,0.3653,0.3584,0.3551,0.3531,0.351,0.3482,0.3449,0.3413,0.338,0.3353,0.3335,0.3328,0.3333,0.3349,0.3376
1.2266,1.2442,1.2632,1.2839,1.3063,1.3306,1.3568,1.3845,1.4127,1.4388,1.4565,1.455,1.4234,1.3712,1.3273,1.3015,1.2807,1.2539,1.2184,1.1773,1.1343,1.0917,1.0493,1.0056,0.9584,0.906,0.8476,0.7834,0.7151,0.6458,0.5796,0.5206,0.4719,0.4351,0.4094,0.393,0.3831,0.3771,0.373,0.3695,0.366,0.3622,0.3585,0.355,0.3522,0.3501,0.3491,0.3491,0.3502,0.3523
1.2258,1.2431,1.2616,1.2817,1.3032,1.3264,1.3509,1.3762,1.4011,1.4226,1.4353,1.4311,1.4046,1.3633,1.3252,1.2975,1.2737,1.2462,1.2123,1.1736,1.1324,1.0906,1.0482,1.0044,0.9577,0.9067,0.8509,0.7906,0.7273,0.6635,0.6025,0.5476,0.5014,0.465,0.4384,0.4199,0.4075,0.3991,0.3931,0.3882,0.3837,0.3794,0.3753,0.3716,0.3686,0.3662,0.3649,0.3644,0.365,0.3665
1.2242,1.241,1.2589,1.2782,1.2987,1.3203,1.3428,1.3655,1.3867,1.4039,1.4124,1.4069,1.3848,1.352,1.3191,1.2913,1.2659,1.2379,1.2053,1.1685,1.1291,1.0883,1.0466,1.0032,0.9573,0.9079,0.8546,0.7979,0.739,0.6801,0.6236,0.5725,0.5285,0.493,0.4657,0.4456,0.4312,0.4209,0.4131,0.4068,0.4013,0.3963,0.3918,0.3878,0.3844,0.3818,0.3801,0.3792,0.3793,0.3803
1.2219,1.2381,1.2553,1.2735,1.2928,1.3128,1.3332,1.353,1.3709,1.3843,1.3897,1.3837,1.3653,1.3385,1.3099,1.2831,1.2572,1.2292,1.1976,1.1624,1.1247,1.0852,1.0444,1.0019,0.957,0.9093,0.8586,0.8052,0.7502,0.6955,0.6432,0.5953,0.5535,0.5188,0.4913,0.4701,0.4541,0.4421,0.4327,0.4251,0.4187,0.413,0.408,0.4036,0.3999,0.3969,0.3948,0.3936,0.3932,0.3936
1.2188,1.2343,1.2507,1.2679,1.2858,1.3041,1.3223,1.3396,1.3544,1.3647,1.3679,1.3619,1.3462,1.3238,1.2987,1.2733,1.2476,1.22,1.1893,1.1556,1.1194,1.0814,1.0417,1.0002,0.9567,0.9108,0.8625,0.8122,0.7608,0.7099,0.6611,0.6161,0.5764,0.5427,0.5151,0.4932,0.476,0.4626,0.4519,0.4432,0.4358,0.4294,0.4238,0.419,0.4149,0.4116,0.4091,0.4074,0.4066,0.4066
1.2152,1.2299,1.2454,1.2615,1.278,1.2946,1.3107,1.3255,1.3377,1.3456,1.3473,1.3414,1.3278,1.3086,1.2861,1.2623,1.2373,1.2103,1.1807,1.1483,1.1136,1.0769,1.0385,0.9984,0.9564,0.9123,0.8663,0.8188,0.7707,0.7231,0.6774,0.6351,0.5973,0.5646,0.5373,0.5149,0.4968,0.4823,0.4705,0.4608,0.4525,0.4455,0.4393,0.434,0.4295,0.4258,0.423,0.4209,0.4196,0.4192
1.2109,1.2249,1.2395,1.2544,1.2695,1.2844,1.2986,1.3113,1.3213,1.3272,1.3278,1.322,1.3101,1.2931,1.2729,1.2505,1.2264,1.2003,1.1717,1.1406,1.1073,1.072,1.035,0.9963,0.9559,0.9137,0.8699,0.8251,0.7798,0.7352,0.6924,0.6525,0.6164,0.5848,0.5578,0.5352,0.5165,0.5011,0.4885,0.4778,0.4688,0.4611,0.4544,0.4486,0.4437,0.4397,0.4364,0.434,0.4323,0.4314
1.2062,1.2194,1.233,1.2467,1.2605,1.2739,1.2863,1.297,1.3052,1.3096,1.3094,1.3038,1.293,1.2777,1.2592,1.2382,1.2152,1.19,1.1625,1.1327,1.1007,1.0668,1.0312,0.994,0.9552,0.9149,0.8733,0.8309,0.7882,0.7463,0.706,0.6683,0.6338,0.6033,0.5767,0.5541,0.535,0.5191,0.5056,0.4943,0.4846,0.4763,0.4691,0.4628,0.4575,0.4531,0.4495,0.4466,0.4446,0.4433
1.2011,1.2135,1.2261,1.2387,1.2512,1.2631,1.2739,1.283,1.2896,1.2928,1.2919,1.2864,1.2765,1.2625,1.2454,1.2257,1.2037,1.1795,1.1531,1.1245,1.0939,1.0614,1.0272,0.9915,0.9543,0.9158,0.8763,0.8362,0.796,0.7564,0.7184,0.6826,0.6498,0.6202,0.5943,0.5717,0.5525,0.536,0.522,0.5101,0.4998,0.491,0.4833,0.4766,0.4709,0.4661,0.4621,0.4589,0.4565,0.4548
1.1956,1.2072,1.2188,1.2304,1.2416,1.2522,1.2616,1.2693,1.2745,1.2768,1.2753,1.2699,1.2606,1.2477,1.2317,1.2131,1.1921,1.169,1.1437,1.1163,1.0869,1.0558,1.023,0.9888,0.9533,0.9166,0.879,0.841,0.803,0.7657,0.7297,0.6957,0.6643,0.6358,0.6104,0.5881,0.5688,0.5521,0.5377,0.5252,0.5145,0.5051,0.497,0.49,0.4839,0.4787,0.4744,0.4709,0.4681,0.466
1.1898,1.2006,1.2113,1.2219,1.232,1.2413,1.2494,1.2558,1.26,1.2614,1.2595,1.2542,1.2453,1.2332,1.2182,1.2005,1.1806,1.1584,1.1342,1.108,1.0799,1.0501,1.0187,0.986,0.952,0.9171,0.8814,0.8453,0.8093,0.774,0.74,0.7076,0.6776,0.6501,0.6254,0.6034,0.5841,0.5672,0.5525,0.5397,0.5285,0.5188,0.5103,0.5029,0.4965,0.491,0.4863,0.4824,0.4793,0.4769
