docs/data/wind_grid.json
[{"header":{"la1":42.85,"la2":41.18,"lo1":11.55,"lo2":14.05,"nx":36,"ny":24,"dx":0.07143,"dy":0.07261,"parameterCategory":2,"parameterNumber":2,"parameterNumberName":"eastward_wind","parameterUnit":"m.s-1"},"data":[-0.6348,-0.635,-0.6327,-0.6279,-0.6209,-0.6121,-0.602,-0.5908,-0.5787,-0.5664,-0.5547,-0.545,-0.5383,-0.535,-0.5346,-0.536,-0.5369,-0.5344,-0.5259,-0.5107,-0.4909,-0.4718,-0.4585,-0.4531,-0.4537,-0.457,-0.4603,-0.4624,-0.4629,-0.462,-0.4601,-0.4576,-0.4546,-0.4515,-0.4484,-0.4453,-0.6557,-0.6571,-0.6551,-0.6497,-0.6414,-0.6311,-0.6193,-0.6062,-0.5914,-0.5755,-0.5599,-0.547,-0.5387,-0.5357,-0.5378,-0.5433,-0.5488,-0.5491,-0.5386,-0.5142,-0.4797,-0.4467,-0.4278,-0.426,-0.4345,-0.4454,-0.454,-0.4592,-0.4612,-0.4608,-0.459,-0.4562,-0.453,-0.4496,-0.4463,-0.443,-0.6813,-0.6847,-0.6834,-0.6772,-0.667,-0.6546,-0.6414,-0.627,-0.6094,-0.5882,-0.5662,-0.5478,-0.5365,-0.5339,-0.5397,-0.5521,-0.5666,-0.5743,-0.5631,-0.5226,-0.4567,-0.3933,-0.3664,-0.3786,-0.4064,-0.4315,-0.448,-0.4569,-0.4602,-0.4601,-0.4579,-0.4548,-0.4512,-0.4474,-0.4438,-0.4404,-0.7127,-0.7198,-0.7202,-0.7127,-0.6991,-0.6835,-0.6698,-0.6569,-0.6376,-0.608,-0.5743,-0.5465,-0.5302,-0.5274,-0.5383,-0.5615,-0.5925,-0.6184,-0.6144,-0.5488,-0.4144,-0.2769,-0.2434,-0.3022,-0.3719,-0.4192,-0.4451,-0.4568,-0.4605,-0.4599,-0.457,-0.4531,-0.449,-0.4448,-0.4409,-0.4372,-0.7513,-0.7655,-0.7699,-0.7609,-0.7404,-0.7179,-0.7052,-0.7026,-0.6872,-0.6414,-0.5846,-0.5406,-0.5167,-0.5129,-0.5294,-0.5673,-0.6257,-0.6926,-0.7241,-0.6358,-0.3661,-0.0453,-0.0309,-0.2122,-0.3483,-0.4181,-0.4491,-0.4605,-0.4625,-0.4601,-0.4559,-0.451,-0.4462,-0.4416,-0.4373,-0.4335,-0.798,-0.8254,-0.8402,-0.8309,-0.7964,-0.7566,-0.7432,-0.7714,-0.7786,-0.6941,-0.5919,-0.5251,-0.4921,-0.4859,-0.5063,-0.5594,-0.6544,-0.7957,-0.9336,-0.8653,-0.4506,0.1079,0.0845,-0.2091,-0.372,-0.4392,-0.4628,-0.4679,-0.4654,-0.4602,-0.4541,-0.4481,-0.4425,-0.4375,-0.433,-0.4291,-0.8508,-0.9016,-0.9419,-0.9407,-0.88,-0.7992,-0.765,-0.8304,-0.8834,-0.7282,-0.5733,-0.4908,-0.4522,-0.4413,-0.4596,-0.521,-0.6458,-0.8582,-1.1324,-1.1075,-0.7586,-0.3779,-0.2794,-0.3875,-0.4581,-0.4817,-0.4832,-0.4765,-0.4676,-0.4588,-0.4508,-0.4438,-0.4376,-0.4323,-0.4277,-0.4238,-0.9012,-0.9848,-1.077,-1.1115,-1.0048,-0.8488,-0.7523,-0.7583,-0.7711,-0.6287,-0.4987,-0.4324,-0.3967,-0.3754,-0.376,-0.4312,-0.569,-0.7811,-0.9978,-1.0543,-1.1069,-0.9988,-0.7485,-0.6172,-0.5601,-0.526,-0.5007,-0.4811,-0.4661,-0.4544,-0.4452,-0.4376,-0.4313,-0.4259,-0.4214,-0.4176,-0.9341,-1.0411,-1.1844,-1.2817,-1.1189,-0.8924,-0.724,-0.6123,-0.5156,-0.4211,-0.377,-0.3586,-0.3335,-0.29,-0.2319,-0.2529,-0.4337,-0.6629,-0.8709,-1.126,-1.598,-1.4825,-1.0148,-0.7514,-0.6197,-0.5471,-0.5034,-0.4759,-0.4579,-0.4456,-0.4364,-0.4292,-0.4232,-0.4181,-0.4137,-0.4102,-0.9394,-1.0429,-1.1593,-1.2189,-1.1225,-0.9167,-0.7054,-0.4948,-0.2384,-0.1237,-0.228,-0.2895,-0.2785,-0.2104,-0.0084,0.0986,-0.2921,-0.614,-0.8329,-1.0703,-1.399,-1.3336,-0.9917,-0.7524,-0.6125,-0.5305,-0.4831,-0.4565,-0.4412,-0.4316,-0.4245,-0.4186,-0.4133,-0.4087,-0.4048,-0.4016,-0.9216,-1.019,-1.143,-1.3049,-1.2532,-0.9546,-0.7314,-0.4916,0.0834,0.3655,-0.108,-0.2514,-0.2395,-0.1812,-0.0202,0.1076,-0.3596,-0.7328,-0.917,-0.9764,-1.0209,-0.9726,-0.8181,-0.662,-0.5458,-0.4729,-0.4362,-0.4216,-0.4163,-0.4133,-0.41,-0.4061,-0.4018,-0.3977,-0.3942,-0.3915,-0.8848,-0.9734,-1.1016,-1.2679,-1.2098,-0.9386,-0.832,-0.8043,-0.3484,0.0195,-0.2009,-0.259,-0.2039,-0.1012,-0.1558,-0.3138,-0.656,-1.1909,-1.3391,-1.0775,-0.8915,-0.7739,-0.6588,-0.5403,-0.4357,-0.3733,-0.3618,-0.3737,-0.3864,-0.3931,-0.3946,-0.3925,-0.3888,-0.3849,-0.3817,-0.3797,-0.8311,-0.8946,-0.969,-1.0219,-0.9717,-0.8763,-0.9208,-1.1066,-0.8892,-0.474,-0.3333,-0.287,-0.2236,-0.0564,-0.1491,-0.4472,-0.8537,-2.1167,-2.1702,-1.2224,-0.8252,-0.6449,-0.5304,-0.4194,-0.2964,-0.2306,-0.2665,-0.3231,-0.3588,-0.3755,-0.3801,-0.3784,-0.374,-0.3695,-0.3665,-0.3653,-0.77,-0.8067,-0.8383,-0.8475,-0.8235,-0.8063,-0.8634,-0.975,-0.8502,-0.5289,-0.36,-0.3028,-0.2853,-0.2101,-0.3407,-0.5215,-0.7463,-1.4348,-1.5812,-1.001,-0.6498,-0.4881,-0.4107,-0.3284,-0.1896,-0.1071,-0.1974,-0.2938,-0.3447,-0.365,-0.3684,-0.3634,-0.356,-0.35,-0.3472,-0.3475,-0.7113,-0.7295,-0.7403,-0.7383,-0.7254,-0.7181,-0.7291,-0.7237,-0.6141,-0.4387,-0.3291,-0.2959,-0.2643,-0.2056,-0.4056,-0.5686,-1.179,-0.9169,-0.8237,-0.5763,-0.3248,-0.2515,-0.2815,-0.2825,-0.2158,-0.1642,-0.2303,-0.3099,-0.3521,-0.3644,-0.3588,-0.345,-0.3313,-0.3228,-0.3211,-0.3247,-0.6594,-0.6664,-0.6672,-0.6602,-0.6467,-0.6306,-0.6088,-0.5624,-0.4702,-0.3481,-0.2417,-0.2929,-0.2805,-0.276,-0.396,-0.674,-0.9954,-0.6856,-0.4483,-0.2071,0.1197,0.0569,-0.1518,-0.2518,-0.2795,-0.289,-0.3245,-0.3636,-0.3802,-0.3727,-0.348,-0.317,-0.2923,-0.2818,-0.2848,-0.2956,-0.6151,-0.6153,-0.6104,-0.5995,-0.5827,-0.5594,-0.5261,-0.4753,-0.4033,-0.3183,-0.2461,-0.2588,-0.207,-0.1783,-0.2816,-0.3857,-0.425,-0.249,-0.05,0.0124,0.2035,0.1243,-0.1,-0.2415,-0.3307,-0.3922,-0.4307,-0.4411,-0.4253,-0.3864,-0.3289,-0.2669,-0.2252,-0.2174,-0.2343,-0.2596,-0.5777,-0.5736,-0.5651,-0.5516,-0.5324,-0.5066,-0.4724,-0.4278,-0.3743,-0.3195,-0.2767,-0.2423,-0.1721,-0.1371,-0.0797,-0.0405,-0.0647,0.1981,0.5119,0.2189,0.0962,0.0142,-0.1192,-0.2627,-0.4038,-0.5241,-0.5714,-0.5444,-0.4856,-0.4034,-0.2942,-0.1775,-0.1112,-0.1221,-0.1708,-0.2205,-0.5461,-0.5393,-0.5286,-0.5136,-0.4937,-0.4683,-0.4367,-0.3991,-0.3573,-0.3151,-0.275,-0.2309,-0.1695,-0.0524,0.3094,0.4683,0.1556,0.2708,0.4559,0.3728,0.1862,0.0227,-0.1225,-0.2899,-0.4938,-0.6931,-0.7382,-0.6582,-0.5565,-0.4271,-0.2527,-0.054,0.0411,-0.015,-0.1121,-0.1892,-0.5195,-0.511,-0.4991,-0.4836,-0.464,-0.44,-0.4117,-0.3793,-0.344,-0.3069,-0.2671,-0.2188,-0.1462,-0.004,0.2764,0.3731,0.188,0.2428,0.5214,0.6441,0.2947,0.076,-0.083,-0.2794,-0.5314,-0.7487,-0.7903,-0.7589,-0.6351,-0.4671,-0.2536,-0.0042,0.1073,0.0239,-0.0944,-0.1808,-0.4971,-0.4876,-0.4752,-0.4597,-0.4409,-0.4187,-0.3932,-0.3645,-0.3332,-0.2991,-0.2605,-0.2129,-0.1467,-0.0485,0.0692,0.122,0.1182,0.1922,0.3663,0.4205,0.2598,0.1524,0.0457,-0.1851,-0.5053,-0.8219,-1.0961,-0.9863,-0.7154,-0.5135,-0.3254,-0.1247,-0.0205,-0.0564,-0.1351,-0.2009,-0.4783,-0.4682,-0.4557,-0.4407,-0.4229,-0.4024,-0.3791,-0.3533,-0.3249,-0.2936,-0.2579,-0.2154,-0.1626,-0.0989,-0.0353,0.0102,0.0465,0.1054,0.181,0.2181,0.2413,0.3644,0.3767,0.0294,-0.4242,-0.8988,-1.3438,-1.0906,-0.6716,-0.5092,-0.398,-0.2742,-0.1905,-0.1773,-0.2039,-0.2383,-0.4624,-0.4521,-0.4399,-0.4254,-0.4087,-0.3897,-0.3685,-0.345,-0.3192,-0.2908,-0.2589,-0.2225,-0.181,-0.1357,-0.0911,-0.0513,-0.0125,0.0327,0.0835,0.1427,0.2705,0.5594,0.6528,0.2062,-0.2919,-0.6867,-0.8985,-0.7173,-0.451,-0.4438,-0.4225,-0.3563,-0.2963,-0.2677,-0.2657,-0.2769,-0.449,-0.4388,-0.4269,-0.4131,-0.3975,-0.3799,-0.3605,-0.3391,-0.3158,-0.2903,-0.2622,-0.2314,-0.1979,-0.1627,-0.1277,-0.0936,-0.0592,-0.0216,0.0229,0.0868,0.2043,0.3786,0.4016,0.1249,-0.2204,-0.4819,-0.5948,-0.5241,-0.4174,-0.4249,-0.4232,-0.3873,-0.3473,-0.3202,-0.3086,-0.3078]},{"header":{"la1":42.85,"la2":41.18,"lo1":11.55,"lo2":14.05,"nx":36,"ny":24,"dx":0.07143,"dy":0.07261,"parameterCategory":2,"parameterNumber":3,"parameterNumberName":"northward_wind","parameterUnit":"m.s-1"},"data":[-0.694,-0.6863,-0.6759,-0.6625,-0.6466,-0.6294,-0.6123,-0.5972,-0.5851,-0.5756,-0.567,-0.5568,-0.543,-0.5245,-0.5011,-0.4734,-0.4431,-0.412,-0.3826,-0.3569,-0.3368,-0.3238,-0.3191,-0.3221,-0.331,-0.3436,-0.3578,-0.3724,-0.3868,-0.4006,-0.4138,-0.4262,-0.438,-0.449,-0.4594,-0.4692,-0.707,-0.699,-0.6871,-0.6707,-0.6502,-0.627,-0.6039,-0.5847,-0.5721,-0.5657,-0.562,-0.5562,-0.5447,-0.5257,-0.4991,-0.4658,-0.428,-0.3888,-0.3517,-0.3195,-0.2943,-0.2787,-0.2752,-0.2832,-0.2989,-0.3181,-0.338,-0.357,-0.3748,-0.3914,-0.4067,-0.4209,-0.4342,-0.4466,-0.4581,-0.4687,-0.7228,-0.7149,-0.7016,-0.6815,-0.654,-0.6207,-0.5861,-0.5582,-0.5444,-0.545,-0.552,-0.5554,-0.5489,-0.5304,-0.5,-0.4592,-0.411,-0.3603,-0.313,-0.2729,-0.2407,-0.2203,-0.2187,-0.2358,-0.2627,-0.2915,-0.3183,-0.3424,-0.3639,-0.3832,-0.4007,-0.4167,-0.4315,-0.4452,-0.4578,-0.4694,-0.7418,-0.7354,-0.7216,-0.6975,-0.6603,-0.61,-0.5524,-0.504,-0.4864,-0.5034,-0.5339,-0.5551,-0.5576,-0.5407,-0.5061,-0.4554,-0.392,-0.3237,-0.2627,-0.2159,-0.1761,-0.1445,-0.1456,-0.1805,-0.2253,-0.2663,-0.3008,-0.3299,-0.3548,-0.3766,-0.3962,-0.4139,-0.4302,-0.4452,-0.4589,-0.4714,-0.7646,-0.7618,-0.75,-0.7234,-0.6749,-0.5985,-0.4956,-0.3954,-0.3637,-0.4228,-0.5058,-0.5588,-0.5745,-0.5601,-0.5209,-0.4582,-0.3727,-0.2737,-0.1897,-0.1465,-0.1108,-0.056,-0.0614,-0.1278,-0.1945,-0.247,-0.2878,-0.3206,-0.3482,-0.3721,-0.3935,-0.4128,-0.4306,-0.4468,-0.4616,-0.4751,-0.7909,-0.7952,-0.7904,-0.7662,-0.7088,-0.6016,-0.4237,-0.197,-0.1149,-0.2889,-0.4792,-0.5764,-0.6048,-0.5924,-0.55,-0.4758,-0.3623,-0.2092,-0.0668,-0.0474,-0.0699,-0.0142,-0.0233,-0.107,-0.1817,-0.2379,-0.281,-0.3156,-0.3446,-0.37,-0.3928,-0.4137,-0.4328,-0.4504,-0.4663,-0.4807,-0.8186,-0.8345,-0.845,-0.8326,-0.7742,-0.6496,-0.4105,-0.0093,0.179,-0.1969,-0.5044,-0.6247,-0.6535,-0.6411,-0.6,-0.5216,-0.3873,-0.1787,0.0604,0.0555,-0.0488,-0.0558,-0.0715,-0.127,-0.1878,-0.2391,-0.2804,-0.3145,-0.3439,-0.3702,-0.3943,-0.4167,-0.4374,-0.4563,-0.4734,-0.4887,-0.8428,-0.8728,-0.9095,-0.9227,-0.8652,-0.7519,-0.5639,-0.2597,-0.1248,-0.4163,-0.6404,-0.7121,-0.7191,-0.7061,-0.6786,-0.6107,-0.4742,-0.2717,-0.0697,-0.0238,-0.0032,-0.0142,-0.0818,-0.1452,-0.2002,-0.2461,-0.284,-0.3164,-0.3455,-0.3725,-0.398,-0.4221,-0.4445,-0.4651,-0.4835,-0.4996,-0.8565,-0.8934,-0.9547,-1.0039,-0.9297,-0.8543,-0.7931,-0.7315,-0.7436,-0.828,-0.8507,-0.8199,-0.7889,-0.7817,-0.7999,-0.7677,-0.6111,-0.4131,-0.2364,-0.07,0.1609,0.1182,-0.0563,-0.1546,-0.2131,-0.255,-0.289,-0.3194,-0.3482,-0.3764,-0.4039,-0.4303,-0.455,-0.4775,-0.4973,-0.5143,-0.8567,-0.8817,-0.9164,-0.9377,-0.8948,-0.9147,-0.9759,-1.0685,-1.2207,-1.2631,-1.0754,-0.9154,-0.8442,-0.8466,-0.9751,-1.0524,-0.7485,-0.508,-0.3359,-0.1527,0.0525,0.038,-0.0946,-0.1791,-0.2287,-0.2633,-0.2926,-0.3212,-0.3508,-0.3814,-0.4121,-0.4419,-0.4697,-0.4946,-0.516,-0.5337,-0.8503,-0.8565,-0.8361,-0.7547,-0.7804,-0.9508,-1.1193,-1.2819,-1.6042,-1.778,-1.2436,-0.9625,-0.8769,-0.876,-0.9675,-1.0594,-0.7247,-0.5225,-0.4032,-0.2829,-0.174,-0.1433,-0.1749,-0.2129,-0.2423,-0.2662,-0.2907,-0.3194,-0.3521,-0.3874,-0.4233,-0.4582,-0.4902,-0.5182,-0.5412,-0.5593,-0.8467,-0.848,-0.8235,-0.7627,-0.8051,-1.0287,-1.2696,-1.4287,-1.5026,-1.5396,-1.1683,-0.9439,-0.9016,-0.9786,-0.8803,-0.6969,-0.5443,-0.4994,-0.465,-0.3606,-0.2716,-0.2269,-0.2199,-0.2302,-0.2428,-0.2561,-0.2782,-0.3114,-0.3516,-0.3951,-0.4392,-0.4814,-0.5193,-0.551,-0.5756,-0.5931,-0.848,-0.8566,-0.8591,-0.8685,-0.9432,-1.1247,-1.3743,-1.5864,-1.4702,-1.2383,-1.0218,-0.9102,-0.8868,-1.0291,-0.8675,-0.4226,-0.3204,-0.5873,-0.6008,-0.3776,-0.2705,-0.2233,-0.2141,-0.222,-0.226,-0.2278,-0.2529,-0.2982,-0.3512,-0.4069,-0.4628,-0.5156,-0.5614,-0.5975,-0.6227,-0.638,-0.8496,-0.8664,-0.8879,-0.9258,-1.0024,-1.134,-1.3097,-1.464,-1.3737,-1.1052,-0.9321,-0.9177,-0.9112,-0.6989,-0.4333,0.1094,0.0843,-0.2746,-0.4041,-0.2765,-0.1771,-0.1402,-0.1612,-0.1963,-0.2077,-0.1994,-0.2303,-0.2892,-0.356,-0.427,-0.4993,-0.5671,-0.6238,-0.6644,-0.6881,-0.6975,-0.8474,-0.8677,-0.8946,-0.9339,-0.993,-1.0731,-1.1586,-1.199,-1.118,-0.962,-0.8567,-0.8133,-0.7261,-0.6091,-0.2595,0.2852,0.9272,0.1814,-0.1237,-0.0942,0.0616,0.0707,-0.0531,-0.1553,-0.2005,-0.2085,-0.2361,-0.2935,-0.3699,-0.4598,-0.5559,-0.6468,-0.7187,-0.7628,-0.7794,-0.776,-0.8401,-0.8598,-0.8842,-0.9153,-0.9536,-0.9947,-1.0241,-1.0166,-0.9548,-0.8666,-0.8127,-0.8005,-0.7616,-0.6333,-0.3469,0.1721,0.6384,0.1425,-0.0936,0.0771,0.5922,0.469,0.0831,-0.1061,-0.1789,-0.2067,-0.2362,-0.2944,-0.3867,-0.5069,-0.6427,-0.7724,-0.8671,-0.9096,-0.9064,-0.877,-0.8286,-0.8453,-0.8644,-0.8859,-0.908,-0.926,-0.9314,-0.9145,-0.8747,-0.8298,-0.8079,-0.8084,-0.9178,-0.9432,-0.5529,-0.2605,-0.1238,-0.2428,-0.3263,-0.0218,0.6622,0.5107,0.0889,-0.0925,-0.1429,-0.1468,-0.1713,-0.2548,-0.3913,-0.5672,-0.7724,-0.9729,-1.1033,-1.1279,-1.077,-0.9998,-0.8143,-0.8273,-0.841,-0.8546,-0.8662,-0.8724,-0.8693,-0.8542,-0.8301,-0.8071,-0.7969,-0.8166,-0.9505,-0.962,-0.6953,-0.5619,-0.4647,-0.5934,-0.8116,-0.4094,-0.0299,0.0451,-0.0635,-0.1221,-0.0806,0.0242,0.0296,-0.1413,-0.3749,-0.6371,-0.9525,-1.2821,-1.4676,-1.431,-1.283,-1.1311,-0.7988,-0.8083,-0.8175,-0.8253,-0.8305,-0.8311,-0.8253,-0.8131,-0.7969,-0.7819,-0.7739,-0.7802,-0.8001,-0.7821,-0.8014,-0.8324,-0.6221,-0.6303,-0.709,-0.5106,-0.3413,-0.2377,-0.2103,-0.1657,0.0027,0.3557,0.4305,0.0084,-0.367,-0.7076,-1.1438,-1.6613,-1.9155,-1.7531,-1.469,-1.2369,-0.783,-0.7896,-0.7953,-0.7993,-0.8006,-0.7984,-0.7919,-0.7815,-0.7687,-0.756,-0.7459,-0.7394,-0.7338,-0.7314,-0.7782,-0.7876,-0.6416,-0.568,-0.5234,-0.504,-0.4381,-0.366,-0.3176,-0.24,-0.0431,0.3891,0.4888,-0.0895,-0.446,-0.7626,-1.2141,-1.8134,-2.0996,-1.8701,-1.5315,-1.2736,-0.7677,-0.772,-0.775,-0.7764,-0.7755,-0.7718,-0.765,-0.7555,-0.7441,-0.7319,-0.72,-0.7084,-0.6974,-0.6902,-0.69,-0.667,-0.6043,-0.5483,-0.5139,-0.4953,-0.4668,-0.4444,-0.4196,-0.3589,-0.2678,-0.2426,-0.4862,-0.531,-0.6137,-0.8052,-1.1109,-1.5327,-1.7706,-1.6604,-1.4292,-1.2272,-0.7533,-0.7557,-0.7569,-0.7566,-0.7542,-0.7496,-0.7427,-0.7336,-0.7228,-0.7108,-0.6981,-0.6848,-0.6711,-0.6575,-0.6418,-0.6162,-0.5791,-0.5425,-0.5158,-0.5,-0.4996,-0.5283,-0.5346,-0.4766,-0.4479,-0.5599,-0.7816,-0.7324,-0.7939,-0.8794,-0.9968,-1.1986,-1.3513,-1.3496,-1.2496,-1.1305,-0.7399,-0.7409,-0.7408,-0.7392,-0.7359,-0.7308,-0.7238,-0.715,-0.7046,-0.6929,-0.6801,-0.6663,-0.6515,-0.6355,-0.6169,-0.594,-0.5675,-0.5419,-0.5225,-0.5143,-0.5288,-0.5786,-0.5952,-0.5389,-0.5265,-0.5985,-0.7031,-0.8277,-1.0287,-1.0002,-0.9616,-1.0201,-1.0958,-1.1192,-1.0868,-1.0269,-0.7276,-0.7276,-0.7264,-0.724,-0.7202,-0.7148,-0.7077,-0.6992,-0.6892,-0.6779,-0.6654,-0.6518,-0.6371,-0.6211,-0.6033,-0.5837,-0.5631,-0.5442,-0.5301,-0.5251,-0.5353,-0.5595,-0.5667,-0.5498,-0.5591,-0.6159,-0.7166,-0.8868,-1.0588,-1.0188,-0.943,-0.937,-0.963,-0.9783,-0.9686,-0.9394]}]