docs/data/wind_grid.json
[{"header":{"la1":42.85,"la2":41.18,"lo1":11.55,"lo2":14.05,"nx":36,"ny":24,"dx":0.07143,"dy":0.07261,"parameterCategory":2,"parameterNumber":2,"parameterNumberName":"eastward_wind","parameterUnit":"m.s-1"},"data":[-0.188,-0.1979,-0.2087,-0.2203,-0.2321,-0.2433,-0.2528,-0.2592,-0.2623,-0.2626,-0.2623,-0.2639,-0.2699,-0.2816,-0.2993,-0.3219,-0.3467,-0.3698,-0.387,-0.395,-0.3928,-0.3818,-0.3646,-0.3442,-0.323,-0.3024,-0.2833,-0.2661,-0.2509,-0.2377,-0.2262,-0.2162,-0.2076,-0.2002,-0.1937,-0.188,-0.1906,-0.2021,-0.2152,-0.2299,-0.2456,-0.2612,-0.2746,-0.2831,-0.2852,-0.2816,-0.2759,-0.273,-0.277,-0.2902,-0.3134,-0.3451,-0.3816,-0.4167,-0.4425,-0.4531,-0.4472,-0.428,-0.4013,-0.3718,-0.3429,-0.3164,-0.2929,-0.2726,-0.2551,-0.2403,-0.2277,-0.217,-0.208,-0.2003,-0.1937,-0.188,-0.1926,-0.2059,-0.2216,-0.2403,-0.2617,-0.2846,-0.3056,-0.3193,-0.3205,-0.3097,-0.2937,-0.282,-0.2816,-0.296,-0.3263,-0.3714,-0.4267,-0.4819,-0.5225,-0.5363,-0.5216,-0.4873,-0.4447,-0.402,-0.3632,-0.3296,-0.3012,-0.2775,-0.2578,-0.2415,-0.2281,-0.2169,-0.2076,-0.1998,-0.1932,-0.1876,-0.1935,-0.2084,-0.2269,-0.2502,-0.2793,-0.3141,-0.3501,-0.3763,-0.3783,-0.3535,-0.3175,-0.2897,-0.2813,-0.2961,-0.3354,-0.3993,-0.4841,-0.5749,-0.6426,-0.6592,-0.6242,-0.5612,-0.4935,-0.4325,-0.3815,-0.3401,-0.3068,-0.28,-0.2585,-0.2411,-0.2271,-0.2157,-0.2064,-0.1988,-0.1923,-0.1869,-0.1928,-0.2089,-0.2296,-0.2573,-0.2953,-0.3471,-0.4108,-0.4675,-0.4768,-0.423,-0.3474,-0.2927,-0.2724,-0.2867,-0.3358,-0.4233,-0.5515,-0.7048,-0.825,-0.8412,-0.7599,-0.6456,-0.5414,-0.4584,-0.3947,-0.3459,-0.3084,-0.2793,-0.2565,-0.2387,-0.2246,-0.2134,-0.2044,-0.1971,-0.1911,-0.186,-0.1904,-0.2067,-0.2282,-0.2583,-0.303,-0.3726,-0.4777,-0.6,-0.6365,-0.5204,-0.3731,-0.2821,-0.2493,-0.2632,-0.321,-0.4309,-0.61,-0.858,-1.0745,-1.0801,-0.9083,-0.7196,-0.575,-0.4721,-0.3986,-0.3448,-0.3048,-0.2746,-0.2517,-0.2341,-0.2205,-0.21,-0.2017,-0.195,-0.1896,-0.1849,-0.1861,-0.2016,-0.222,-0.2505,-0.2944,-0.3689,-0.5022,-0.703,-0.7893,-0.5798,-0.3569,-0.2433,-0.2068,-0.2222,-0.2848,-0.4058,-0.6136,-0.9358,-1.2536,-1.243,-0.9818,-0.7414,-0.5768,-0.4664,-0.3899,-0.3352,-0.2952,-0.2657,-0.2437,-0.2273,-0.215,-0.2056,-0.1984,-0.1927,-0.188,-0.184,-0.1805,-0.1945,-0.212,-0.235,-0.2681,-0.3223,-0.4204,-0.5745,-0.6325,-0.44,-0.2553,-0.1681,-0.1438,-0.1638,-0.2274,-0.3441,-0.5327,-0.8088,-1.0785,-1.0859,-0.8824,-0.6835,-0.5399,-0.4396,-0.3682,-0.3168,-0.2795,-0.2525,-0.2328,-0.2186,-0.2083,-0.2006,-0.1949,-0.1904,-0.1867,-0.1834,-0.1743,-0.1868,-0.2013,-0.2178,-0.2364,-0.2575,-0.2809,-0.2952,-0.2549,-0.1615,-0.0983,-0.0711,-0.0664,-0.0904,-0.1548,-0.2669,-0.4245,-0.6076,-0.7565,-0.7844,-0.6998,-0.5836,-0.4797,-0.3977,-0.3361,-0.2909,-0.2585,-0.2356,-0.2196,-0.2085,-0.2009,-0.1955,-0.1917,-0.1886,-0.186,-0.1835,-0.1681,-0.1799,-0.193,-0.2064,-0.2172,-0.2186,-0.1947,-0.1143,0.0375,0.1134,0.0541,0.0207,0.0171,-0.002,-0.0706,-0.1993,-0.3706,-0.5352,-0.6337,-0.6435,-0.5867,-0.502,-0.4185,-0.3493,-0.2968,-0.2592,-0.2333,-0.216,-0.2048,-0.1979,-0.1937,-0.1911,-0.1894,-0.188,-0.1865,-0.1847,-0.162,-0.1743,-0.1885,-0.2043,-0.2198,-0.2287,-0.2107,-0.1009,0.248,0.4109,0.1528,0.0852,0.1049,0.1135,0.0326,-0.1488,-0.4113,-0.6697,-0.7704,-0.6995,-0.5722,-0.4547,-0.3629,-0.2968,-0.2518,-0.2228,-0.205,-0.1949,-0.1899,-0.1879,-0.1878,-0.1883,-0.1889,-0.1892,-0.1887,-0.1876,-0.1557,-0.1689,-0.1859,-0.2081,-0.2377,-0.2763,-0.3154,-0.3068,-0.0454,0.2052,0.1084,0.1173,0.1926,0.3015,0.1388,-0.1191,-0.5704,-1.1443,-1.2501,-0.9075,-0.6025,-0.4116,-0.2992,-0.2351,-0.2,-0.1825,-0.1753,-0.1741,-0.1764,-0.1802,-0.1845,-0.1884,-0.1914,-0.1932,-0.1935,-0.1926,-0.1481,-0.1621,-0.1813,-0.209,-0.2518,-0.3202,-0.4184,-0.3421,-0.5229,-0.1336,0.0444,0.1295,0.2108,0.2758,0.0962,-0.1353,-0.7525,-1.9347,-1.9508,-1.065,-0.5618,-0.317,-0.2035,-0.1559,-0.1403,-0.1399,-0.1466,-0.1562,-0.1666,-0.1766,-0.1855,-0.1929,-0.1981,-0.201,-0.2017,-0.2004,-0.1386,-0.152,-0.1709,-0.1991,-0.2435,-0.3165,-0.441,-0.6631,-0.5426,-0.1588,0.0507,0.1273,0.1737,0.5251,0.1693,-0.2286,-0.7153,-1.3737,-1.4358,-0.7796,-0.3265,-0.1192,-0.0575,-0.0566,-0.0755,-0.0994,-0.123,-0.1444,-0.1633,-0.1794,-0.1929,-0.2034,-0.2105,-0.2141,-0.2142,-0.2116,-0.1268,-0.1381,-0.1538,-0.1765,-0.2097,-0.2578,-0.3191,-0.3526,-0.2462,-0.0482,0.0845,0.1617,0.2891,0.4764,0.1489,-0.5174,-1.0603,-0.7515,-0.5805,-0.2319,0.1072,0.1991,0.1324,0.0504,-0.0164,-0.0692,-0.1107,-0.1434,-0.1695,-0.1908,-0.2083,-0.2218,-0.2305,-0.2336,-0.2319,-0.2267,-0.1131,-0.1211,-0.1318,-0.1458,-0.1633,-0.1818,-0.1906,-0.1638,-0.0775,0.0372,0.1012,0.1786,0.2093,0.2513,0.0752,-0.41,-0.8023,-0.4279,-0.1127,0.2213,0.6276,0.5636,0.3062,0.1328,0.0188,-0.0611,-0.1174,-0.1575,-0.1878,-0.2124,-0.2332,-0.2498,-0.2596,-0.2611,-0.2555,-0.2456,-0.0984,-0.1028,-0.1081,-0.1137,-0.1181,-0.1174,-0.1037,-0.0668,-0.0041,0.0654,0.1043,0.1463,0.1808,0.183,0.1156,-0.0328,-0.1093,0.0709,0.278,0.4188,0.7058,0.6243,0.3547,0.1561,0.0134,-0.0859,-0.1486,-0.1891,-0.2191,-0.2441,-0.2675,-0.288,-0.2992,-0.297,-0.2845,-0.2673,-0.0836,-0.0847,-0.0852,-0.0844,-0.0805,-0.0704,-0.0502,-0.0168,0.0278,0.0737,0.1105,0.1446,0.1788,0.1937,0.2367,0.2529,0.2438,0.4521,0.6469,0.5334,0.5153,0.4558,0.3021,0.1261,-0.0341,-0.144,-0.1981,-0.2345,-0.2632,-0.2844,-0.3077,-0.3337,-0.3471,-0.3384,-0.3155,-0.289,-0.0695,-0.0678,-0.0649,-0.0599,-0.0514,-0.0377,-0.0169,0.0114,0.0453,0.0804,0.1137,0.1472,0.1853,0.2549,0.4593,0.5421,0.408,0.5321,0.6715,0.7152,0.5758,0.4226,0.267,0.0852,-0.0991,-0.2001,-0.2224,-0.2868,-0.3252,-0.332,-0.3452,-0.3746,-0.3907,-0.3742,-0.3404,-0.3055,-0.0567,-0.0529,-0.0477,-0.0401,-0.0295,-0.0147,0.0048,0.0291,0.057,0.0868,0.1178,0.1527,0.2002,0.2879,0.4465,0.502,0.4449,0.5687,0.9094,1.0529,0.6898,0.4525,0.2774,0.073,-0.1501,-0.2418,-0.2524,-0.4176,-0.4321,-0.3891,-0.3703,-0.3893,-0.4046,-0.386,-0.349,-0.3113,-0.0453,-0.0401,-0.0334,-0.0245,-0.013,0.0016,0.0197,0.0412,0.0654,0.0919,0.1211,0.1554,0.2008,0.2652,0.3412,0.3857,0.4218,0.5423,0.7554,0.819,0.6322,0.4853,0.36,0.1298,-0.1928,-0.5202,-0.8662,-0.8049,-0.5924,-0.4516,-0.3862,-0.3783,-0.3836,-0.3688,-0.3382,-0.3049,-0.0355,-0.0294,-0.0218,-0.0123,-0.0007,0.0135,0.0302,0.0495,0.0712,0.0952,0.1221,0.1534,0.1915,0.2371,0.2851,0.3286,0.3796,0.4597,0.5503,0.5806,0.5595,0.6039,0.592,0.2978,-0.1635,-0.7081,-1.1703,-1.0,-0.678,-0.4863,-0.3938,-0.3617,-0.3522,-0.3383,-0.3156,-0.2894,-0.0272,-0.0205,-0.0124,-0.0028,0.0086,0.022,0.0375,0.0551,0.0747,0.0964,0.1207,0.1482,0.1796,0.2146,0.2517,0.2902,0.334,0.3862,0.4372,0.4777,0.5481,0.7197,0.7745,0.4419,-0.0401,-0.5081,-0.8074,-0.7784,-0.6041,-0.4627,-0.3806,-0.3413,-0.3226,-0.3075,-0.2896,-0.2696,-0.0202,-0.0132,-0.0051,0.0044,0.0155,0.0281,0.0424,0.0585,0.0762,0.0958,0.1173,0.1412,0.1675,0.196,0.2262,0.2583,0.293,0.3304,0.3689,0.4136,0.4887,0.5995,0.6064,0.3812,0.0436,-0.2716,-0.473,-0.5185,-0.4667,-0.3972,-0.3446,-0.3125,-0.2932,-0.2786,-0.264,-0.2487]},{"header":{"la1":42.85,"la2":41.18,"lo1":11.55,"lo2":14.05,"nx":36,"ny":24,"dx":0.07143,"dy":0.07261,"parameterCategory":2,"parameterNumber":3,"parameterNumberName":"northward_wind","parameterUnit":"m.s-1"},"data":[-0.1758,-0.1478,-0.1163,-0.0819,-0.0467,-0.0138,0.0121,0.0261,0.0253,0.0102,-0.0148,-0.0435,-0.07,-0.0906,-0.1039,-0.1102,-0.1115,-0.1105,-0.1103,-0.1135,-0.1213,-0.1335,-0.1489,-0.1661,-0.1839,-0.2017,-0.2191,-0.2358,-0.2519,-0.2673,-0.2819,-0.2959,-0.3092,-0.3218,-0.3335,-0.3445,-0.1716,-0.1382,-0.0988,-0.0535,-0.0041,0.0448,0.0858,0.1093,0.108,0.0821,0.0401,-0.0059,-0.0459,-0.0746,-0.0907,-0.0954,-0.0919,-0.0849,-0.08,-0.0815,-0.091,-0.1074,-0.1279,-0.1501,-0.1722,-0.1935,-0.2136,-0.2326,-0.2505,-0.2675,-0.2836,-0.2989,-0.3133,-0.3268,-0.3395,-0.3511,-0.1711,-0.1321,-0.0837,-0.0244,0.0451,0.1202,0.1891,0.2325,0.2323,0.1866,0.1137,0.0384,-0.0223,-0.0618,-0.0804,-0.081,-0.0686,-0.0507,-0.037,-0.036,-0.0498,-0.0742,-0.1033,-0.1327,-0.1603,-0.1857,-0.2089,-0.2302,-0.2501,-0.2688,-0.2864,-0.303,-0.3187,-0.3333,-0.3468,-0.3593,-0.1761,-0.1324,-0.0749,0.0005,0.0971,0.2135,0.3345,0.4225,0.4296,0.3445,0.212,0.087,-0.0034,-0.056,-0.0758,-0.0686,-0.0406,-0.0023,0.0277,0.0315,0.0072,-0.0329,-0.0758,-0.1152,-0.1495,-0.1793,-0.2055,-0.2292,-0.251,-0.2714,-0.2906,-0.3086,-0.3256,-0.3414,-0.3559,-0.3692,-0.1885,-0.1423,-0.0781,0.0123,0.1399,0.3151,0.5304,0.7211,0.7562,0.5851,0.3344,0.1298,0.002,-0.0626,-0.0806,-0.0612,-0.0087,0.0658,0.1274,0.133,0.0831,0.0142,-0.049,-0.1004,-0.1415,-0.1753,-0.2042,-0.2299,-0.2535,-0.2755,-0.2963,-0.316,-0.3344,-0.3515,-0.3671,-0.3812,-0.2098,-0.165,-0.0998,-0.0018,0.1499,0.3881,0.7435,1.1498,1.2733,0.9101,0.4454,0.1396,-0.0192,-0.0874,-0.0987,-0.0649,0.0174,0.1473,0.2671,0.2687,0.1669,0.0551,-0.0308,-0.0925,-0.1384,-0.1747,-0.2053,-0.2325,-0.2576,-0.2814,-0.3039,-0.3253,-0.3454,-0.364,-0.3808,-0.3957,-0.2403,-0.2019,-0.1442,-0.0534,0.0966,0.3572,0.8146,1.4813,1.7609,1.1087,0.4275,0.0737,-0.0788,-0.1325,-0.1319,-0.0877,0.0123,0.187,0.3697,0.363,0.207,0.0646,-0.0314,-0.0955,-0.1416,-0.1779,-0.2089,-0.237,-0.2636,-0.2891,-0.3137,-0.3372,-0.3592,-0.3795,-0.3976,-0.4135,-0.2784,-0.2512,-0.2098,-0.1436,-0.0319,0.1664,0.5243,1.0613,1.2672,0.6918,0.1586,-0.0848,-0.1726,-0.1918,-0.1757,-0.1299,-0.0423,0.1051,0.2618,0.2651,0.1415,0.0252,-0.0548,-0.1096,-0.1505,-0.1842,-0.2144,-0.243,-0.2711,-0.2987,-0.3258,-0.3519,-0.3765,-0.3988,-0.4184,-0.4352,-0.3208,-0.3077,-0.288,-0.257,-0.2065,-0.1234,0.0028,0.1307,0.0926,-0.1202,-0.2538,-0.2831,-0.2725,-0.2492,-0.2181,-0.1765,-0.1175,-0.0362,0.043,0.0602,0.0152,-0.0426,-0.0908,-0.1293,-0.1618,-0.1916,-0.2206,-0.2498,-0.2798,-0.3103,-0.3408,-0.3704,-0.3981,-0.423,-0.4444,-0.4619,-0.3634,-0.3645,-0.3664,-0.3698,-0.3761,-0.3896,-0.4254,-0.5309,-0.7529,-0.8387,-0.6296,-0.4425,-0.3423,-0.2867,-0.2458,-0.2084,-0.1719,-0.1355,-0.1019,-0.0829,-0.0853,-0.1015,-0.123,-0.1463,-0.1709,-0.1972,-0.2256,-0.2563,-0.2893,-0.324,-0.3594,-0.3938,-0.4257,-0.4538,-0.477,-0.4952,-0.4021,-0.415,-0.4341,-0.4628,-0.5063,-0.571,-0.6646,-0.8255,-1.2505,-1.4604,-0.8609,-0.5067,-0.3623,-0.3009,-0.2533,-0.2154,-0.1948,-0.1896,-0.1799,-0.158,-0.14,-0.1342,-0.1397,-0.1536,-0.1736,-0.1983,-0.2276,-0.2612,-0.2991,-0.3401,-0.3824,-0.4237,-0.4614,-0.4935,-0.5188,-0.537,-0.4342,-0.455,-0.4848,-0.5276,-0.5887,-0.6718,-0.7671,-0.8462,-1.0463,-1.1785,-0.7637,-0.4714,-0.3505,-0.3517,-0.2338,-0.1924,-0.1917,-0.2428,-0.2514,-0.2004,-0.1581,-0.1377,-0.1356,-0.1466,-0.1664,-0.1924,-0.2245,-0.2632,-0.3085,-0.359,-0.4118,-0.4631,-0.5088,-0.546,-0.573,-0.5901,-0.4581,-0.483,-0.5169,-0.5638,-0.628,-0.7124,-0.8059,-0.8134,-0.8848,-0.7856,-0.5852,-0.4253,-0.3254,-0.2718,-0.1208,-0.1289,-0.1418,-0.3394,-0.347,-0.2116,-0.1381,-0.1065,-0.1052,-0.1221,-0.1472,-0.1773,-0.214,-0.2601,-0.3165,-0.3815,-0.4503,-0.5166,-0.5736,-0.6167,-0.6444,-0.6579,-0.4741,-0.4994,-0.5326,-0.576,-0.6327,-0.7045,-0.7905,-0.8866,-0.8403,-0.6662,-0.5122,-0.4353,-0.3774,0.0387,-0.0843,0.0365,0.1355,-0.1442,-0.2318,-0.14,-0.0552,-0.0201,-0.0394,-0.0782,-0.1153,-0.1504,-0.1919,-0.2477,-0.321,-0.4086,-0.5027,-0.5919,-0.6649,-0.7145,-0.7398,-0.7449,-0.4833,-0.5067,-0.5358,-0.5716,-0.6146,-0.6637,-0.7123,-0.7364,-0.6886,-0.5909,-0.515,-0.4406,-0.2259,0.0761,-0.0451,0.4113,0.9914,0.2729,-0.0399,-0.0077,0.1496,0.1716,0.0698,-0.0204,-0.0725,-0.1066,-0.149,-0.2177,-0.3175,-0.4419,-0.5767,-0.702,-0.7977,-0.8524,-0.8681,-0.8557,-0.4872,-0.5075,-0.5313,-0.5585,-0.5879,-0.6164,-0.6362,-0.6345,-0.6035,-0.5692,-0.5808,-0.5823,-0.4795,-0.2769,-0.1731,0.2653,0.687,0.1695,-0.0934,0.099,0.5757,0.4918,0.183,0.0278,-0.0201,-0.0308,-0.0639,-0.1528,-0.2979,-0.4831,-0.6848,-0.8685,-0.9957,-1.0485,-1.0389,-0.9932,-0.4875,-0.5044,-0.5232,-0.543,-0.5624,-0.5784,-0.5866,-0.583,-0.5705,-0.5658,-0.5835,-0.5927,-0.754,-0.8253,-0.4712,-0.2463,-0.1545,-0.3547,-0.4815,-0.092,0.6108,0.5025,0.1612,0.0354,0.0544,0.1193,0.1123,-0.0227,-0.2519,-0.5354,-0.8446,-1.1228,-1.291,-1.3211,-1.2559,-1.1533,-0.4858,-0.4997,-0.5142,-0.5288,-0.542,-0.5521,-0.5572,-0.5572,-0.5556,-0.5599,-0.5766,-0.6309,-0.8311,-0.8827,-0.7087,-0.6553,-0.5896,-0.8529,-1.1829,-0.6132,-0.0964,0.0409,-0.0114,0.0124,0.1855,0.4312,0.4701,0.2014,-0.1822,-0.6024,-1.0657,-1.4887,-1.7013,-1.6648,-1.5,-1.3163,-0.483,-0.4943,-0.5059,-0.5169,-0.5267,-0.5343,-0.5393,-0.5425,-0.5465,-0.5558,-0.5768,-0.6227,-0.6988,-0.7696,-0.9848,-1.086,-0.7942,-0.8718,-1.0163,-0.7144,-0.4619,-0.2824,-0.1822,-0.0267,0.3398,0.9359,1.0525,0.4362,-0.1505,-0.6816,-1.2981,-1.8921,-2.1346,-1.9884,-1.7045,-1.4418,-0.4798,-0.4892,-0.4986,-0.5074,-0.5153,-0.5219,-0.5274,-0.5326,-0.5395,-0.5509,-0.5712,-0.6054,-0.6585,-0.7532,-0.9485,-1.0065,-0.8008,-0.7349,-0.7068,-0.6867,-0.5742,-0.4412,-0.3274,-0.1417,0.2492,0.9592,1.1077,0.2286,-0.2902,-0.7552,-1.3881,-2.0428,-2.291,-2.097,-1.7706,-1.4832,-0.4766,-0.4845,-0.4924,-0.4998,-0.5066,-0.5128,-0.5187,-0.5249,-0.5329,-0.5446,-0.5626,-0.5898,-0.6308,-0.6931,-0.7672,-0.7799,-0.7171,-0.6738,-0.6636,-0.65,-0.5972,-0.5572,-0.5023,-0.3603,-0.169,-0.1566,-0.6626,-0.6597,-0.5884,-0.806,-1.2674,-1.7801,-2.0123,-1.9052,-1.6625,-1.426,-0.4735,-0.4804,-0.4871,-0.4936,-0.4998,-0.5057,-0.5116,-0.5182,-0.5264,-0.5373,-0.5525,-0.5734,-0.6014,-0.6353,-0.6645,-0.6695,-0.6507,-0.6321,-0.6241,-0.6208,-0.6408,-0.7219,-0.7387,-0.5925,-0.5023,-0.7552,-1.2476,-1.0484,-0.7826,-0.8268,-1.0868,-1.4029,-1.5877,-1.5789,-1.4549,-1.3022,-0.4706,-0.4767,-0.4826,-0.4885,-0.4941,-0.4997,-0.5056,-0.512,-0.5197,-0.5294,-0.5417,-0.5571,-0.5755,-0.5944,-0.6086,-0.6126,-0.6076,-0.6018,-0.6026,-0.6204,-0.6882,-0.8309,-0.8725,-0.7146,-0.6247,-0.7432,-0.9269,-0.8961,-0.7943,-0.8118,-0.9492,-1.1282,-1.256,-1.288,-1.2424,-1.1597,-0.468,-0.4734,-0.4788,-0.484,-0.4893,-0.4946,-0.5001,-0.5062,-0.5131,-0.5214,-0.5311,-0.5425,-0.5547,-0.5663,-0.5749,-0.579,-0.5796,-0.5809,-0.589,-0.6146,-0.6747,-0.7615,-0.7812,-0.7005,-0.6434,-0.6746,-0.7382,-0.7544,-0.7453,-0.7735,-0.8537,-0.9567,-1.0404,-1.0779,-1.0692,-1.0298]}]