docs/data/wind_grid.json
[{"header":{"la1":42.85,"la2":41.18,"lo1":11.55,"lo2":14.05,"nx":36,"ny":24,"dx":0.07143,"dy":0.07261,"parameterCategory":2,"parameterNumber":2,"parameterNumberName":"eastward_wind","parameterUnit":"m.s-1"},"data":[2.6664,2.6323,2.5948,2.5553,2.5168,2.4839,2.4631,2.4613,2.4834,2.5295,2.5951,2.6725,2.7542,2.8346,2.9101,2.9786,3.0383,3.087,3.1226,3.1438,3.1513,3.1473,3.135,3.1175,3.0973,3.0759,3.0543,3.0332,3.0129,2.9935,2.9752,2.9581,2.9421,2.9272,2.9136,2.9012,2.6495,2.607,2.5579,2.503,2.4452,2.3906,2.3497,2.3354,2.3581,2.4194,2.51,2.6155,2.7235,2.8263,2.9208,3.0061,3.0807,3.1416,3.1848,3.2074,3.2103,3.198,3.176,3.1494,3.1213,3.0934,3.0666,3.0413,3.0175,2.9952,2.9745,2.9554,2.9377,2.9216,2.9069,2.8936,2.6365,2.5851,2.5225,2.448,2.3629,2.2738,2.1964,2.1557,2.1759,2.2623,2.395,2.5442,2.6886,2.8196,2.9368,3.0425,3.1371,3.2161,3.2709,3.2943,3.2876,3.2603,3.2232,3.1837,3.1455,3.11,3.0773,3.0474,3.02,2.9948,2.9717,2.9505,2.9312,2.9138,2.898,2.884,2.6299,2.5701,2.4937,2.3964,2.2751,2.1328,1.989,1.8909,1.8993,2.0329,2.2418,2.4603,2.6538,2.8173,2.9587,3.0876,3.2094,3.3179,3.3933,3.4159,3.3891,3.3352,3.2748,3.2181,3.1679,3.124,3.0853,3.0508,3.0198,2.9917,2.9662,2.9431,2.9222,2.9034,2.8867,2.8721,2.6325,2.5668,2.4789,2.3594,2.1966,1.9801,1.7206,1.4963,1.4658,1.6983,2.0518,2.376,2.6287,2.8239,2.9858,3.1373,3.2942,3.4523,3.5681,3.5865,3.5172,3.4176,3.3248,3.2479,3.1853,3.1334,3.0891,3.0504,3.016,2.9852,2.9574,2.9324,2.91,2.8901,2.8726,2.8573,2.6465,2.5794,2.4863,2.3529,2.1561,1.8608,1.4351,0.9589,0.8189,1.2651,1.8696,2.3249,2.6303,2.8449,3.0159,3.1806,3.3722,3.6026,3.794,3.7998,3.6524,3.489,3.3612,3.2665,3.1941,3.136,3.0873,3.0452,3.008,2.9747,2.9448,2.9181,2.8942,2.8732,2.855,2.8394,2.6731,2.6107,2.5221,2.3915,2.1894,1.8611,1.3179,0.5574,0.2433,0.9915,1.8329,2.3578,2.6751,2.885,3.0465,3.2038,3.4028,3.6813,3.9498,3.9408,3.7194,3.5136,3.3693,3.2677,3.1915,3.1305,3.0792,3.0346,2.9951,2.9596,2.9278,2.8994,2.8742,2.8523,2.8335,2.8177,2.7114,2.6597,2.5865,2.4783,2.3111,2.0405,1.5973,0.9856,0.7577,1.3827,2.053,2.4878,2.7636,2.9451,3.0793,3.2065,3.3657,3.5874,3.8059,3.8105,3.6389,3.4694,3.3437,3.2504,3.1772,3.1166,3.0644,3.0182,2.9768,2.9394,2.9057,2.8756,2.8492,2.8264,2.8073,2.7917,2.7582,2.7218,2.6716,2.5996,2.4927,2.3312,2.1002,1.8522,1.7881,2.0029,2.3352,2.6487,2.877,3.0217,3.1186,3.2066,3.3108,3.4349,3.542,3.5591,3.4868,3.3887,3.2982,3.2205,3.1538,3.0954,3.0432,2.9959,2.9527,2.9134,2.8777,2.8459,2.8182,2.7947,2.7755,2.7605,2.8092,2.79,2.7653,2.7328,2.6878,2.6206,2.5124,2.3353,2.1031,2.0762,2.4216,2.7821,3.0044,3.1113,3.1616,3.2153,3.2914,3.3701,3.421,3.4247,3.3851,3.3219,3.253,3.1866,3.1251,3.0684,3.016,2.9675,2.9225,2.8809,2.8431,2.8093,2.7801,2.756,2.737,2.7231,2.8597,2.8566,2.8557,2.8588,2.8674,2.8768,2.8504,2.6314,1.8602,1.4959,2.3912,2.9352,3.1612,3.2177,3.1856,3.2176,3.3156,3.415,3.4516,3.418,3.3543,3.2847,3.217,3.1531,3.0931,3.0366,2.9833,2.933,2.8856,2.8413,2.8005,2.7642,2.7333,2.7085,2.6902,2.6782,2.9054,2.9156,2.9333,2.9638,3.0147,3.0959,3.2058,3.2283,2.59,2.0965,2.7373,3.1944,3.3573,3.4751,3.0778,3.183,3.384,3.5981,3.6318,3.4939,3.3613,3.2629,3.1857,3.1191,3.0579,3.0,2.9447,2.8919,2.8413,2.7933,2.7486,2.7087,2.6754,2.65,2.6331,2.6242,2.9437,2.9627,2.9921,3.0382,3.1119,3.2322,3.4227,3.5834,3.4599,3.0594,3.2168,3.6099,3.605,3.1593,2.6284,3.1825,3.4772,3.8917,3.8934,3.5593,3.3525,3.2323,3.1497,3.0814,3.0182,2.9578,2.8996,2.8435,2.789,2.7359,2.6853,2.6399,2.603,2.577,2.5627,2.5589,2.973,2.9965,3.0303,3.0796,3.1528,3.2622,3.4186,3.6002,3.4994,3.2789,3.4004,4.0343,4.197,3.6156,3.227,3.3504,3.5516,3.7248,3.7182,3.4647,3.2824,3.178,3.1051,3.0387,2.9729,2.9085,2.8468,2.7872,2.728,2.6677,2.608,2.5535,2.5106,2.4842,2.4749,2.4799,2.9935,3.0179,3.0505,3.0944,3.1527,3.2272,3.3097,3.3594,3.3083,3.2314,3.2506,3.3915,3.4088,3.1384,3.3171,3.5815,3.9037,3.5933,3.4294,3.2823,3.1726,3.1146,3.0595,2.9924,2.9203,2.8499,2.7846,2.7227,2.6587,2.5883,2.513,2.4425,2.3898,2.3639,2.3645,2.3846,3.0065,3.0293,3.0577,3.0928,3.1341,3.1783,3.2148,3.224,3.1921,3.1289,3.0357,2.9573,3.0638,3.1672,3.2471,3.4956,3.7285,3.441,3.2346,3.1372,3.1046,3.0858,3.0232,2.9415,2.8564,2.7777,2.711,2.6511,2.5841,2.4986,2.3962,2.2962,2.227,2.2054,2.2261,2.2718,3.0135,3.0335,3.057,3.0836,3.1117,3.1376,3.1545,3.1544,3.1323,3.0867,3.0272,3.0059,2.9462,2.9227,3.0896,3.1985,3.2405,3.1166,2.9998,3.0201,3.0868,3.064,2.9744,2.8748,2.7739,2.6858,2.6241,2.5767,2.5115,2.4038,2.2532,2.0988,2.0035,1.9977,2.0581,2.1455,3.0161,3.0331,3.052,3.0719,3.0912,3.1072,3.1162,3.1147,3.1012,3.077,3.0484,3.0114,2.9151,2.8866,2.938,2.9434,2.9763,2.8602,2.7328,2.8642,2.9498,2.9496,2.883,2.7853,2.6719,2.5712,2.525,2.5092,2.454,2.3156,2.0869,1.8392,1.7095,1.7462,1.8753,2.0204,3.0157,3.0299,3.0448,3.0598,3.0734,3.0839,3.0893,3.088,3.0793,3.0639,3.042,3.0096,2.9625,2.9045,2.74,2.669,2.8379,2.8142,2.7513,2.7833,2.8252,2.8253,2.7743,2.69,2.5766,2.4571,2.43,2.4652,2.425,2.2556,1.9337,1.5662,1.407,1.5141,1.7249,1.9258,3.0132,3.0249,3.0367,3.048,3.0579,3.065,3.0684,3.0669,3.0602,3.048,3.0294,3.0021,2.961,2.8883,2.7533,2.7102,2.8091,2.8098,2.7421,2.7168,2.7455,2.7118,2.6551,2.6019,2.5323,2.4375,2.4171,2.4727,2.4317,2.2497,1.8883,1.4667,1.2984,1.4371,1.6772,1.8952,3.0094,3.0189,3.0283,3.0369,3.044,3.0489,3.0507,3.0488,3.0428,3.0319,3.0154,2.9913,2.9563,2.9054,2.8465,2.8213,2.8267,2.8041,2.7545,2.7229,2.6642,2.5426,2.4716,2.4914,2.5154,2.5206,2.556,2.5428,2.4683,2.2983,1.9948,1.6525,1.4954,1.576,1.7577,1.9389,3.0046,3.0124,3.0197,3.0262,3.0313,3.0345,3.0351,3.0327,3.0267,3.0167,3.0018,2.981,2.9533,2.9192,2.8846,2.8582,2.8348,2.7988,2.7464,2.668,2.5001,2.2324,2.1484,2.3219,2.4735,2.552,2.6019,2.577,2.4977,2.3609,2.1525,1.9293,1.8031,1.8157,1.9132,2.0337,2.9993,3.0055,3.0113,3.0161,3.0196,3.0214,3.021,3.018,3.012,3.0025,2.989,2.971,2.9485,2.9221,2.8941,2.8653,2.8318,2.786,2.717,2.5973,2.364,2.0197,1.9325,2.2008,2.424,2.5278,2.5644,2.553,2.5009,2.4079,2.2776,2.142,2.0522,2.0347,2.0752,2.1442,2.9936,2.9986,3.003,3.0064,3.0087,3.0094,3.0081,3.0046,2.9985,2.9893,2.9769,2.9609,2.9412,2.9182,2.8921,2.8619,2.8243,2.7732,2.6977,2.5769,2.386,2.1663,2.1108,2.2616,2.4198,2.5058,2.5369,2.5331,2.5013,2.4426,2.3634,2.2814,2.2211,2.198,2.2106,2.247]},{"header":{"la1":42.85,"la2":41.18,"lo1":11.55,"lo2":14.05,"nx":36,"ny":24,"dx":0.07143,"dy":0.07261,"parameterCategory":2,"parameterNumber":3,"parameterNumberName":"northward_wind","parameterUnit":"m.s-1"},"data":[1.2663,1.2386,1.2073,1.1729,1.137,1.1027,1.0739,1.0549,1.0479,1.052,1.0623,1.0725,1.0767,1.0716,1.0563,1.0324,1.0037,0.9759,0.9551,0.9458,0.9499,0.9655,0.9892,1.0171,1.0462,1.0745,1.101,1.1253,1.1471,1.1668,1.1844,1.2002,1.2144,1.2272,1.2388,1.2494,1.2654,1.2329,1.1945,1.1502,1.1016,1.0526,1.0101,0.9828,0.9767,0.9909,1.0164,1.0409,1.0545,1.052,1.0321,0.9975,0.954,0.9106,0.8783,0.8656,0.8747,0.9011,0.9375,0.9774,1.0165,1.0527,1.0851,1.1136,1.1387,1.1607,1.1801,1.1972,1.2124,1.226,1.2382,1.2492,1.2679,1.2305,1.1839,1.1269,1.0598,0.9867,0.9187,0.8735,0.8672,0.9006,0.9549,1.0053,1.0347,1.0364,1.0101,0.959,0.8911,0.8209,0.7689,0.752,0.7726,0.8192,0.8766,0.934,0.9863,1.0317,1.0706,1.1037,1.1319,1.1561,1.1771,1.1953,1.2114,1.2256,1.2383,1.2497,1.2754,1.2338,1.1791,1.1074,1.0153,0.9039,0.7872,0.7008,0.6891,0.7612,0.8722,0.9681,1.0221,1.0298,0.9941,0.919,0.8121,0.6945,0.6061,0.5853,0.633,0.7178,0.8086,0.8901,0.9582,1.0138,1.0591,1.0964,1.1273,1.1534,1.1756,1.1948,1.2116,1.2263,1.2394,1.2511,1.2895,1.2458,1.1853,1.0999,0.979,0.8125,0.6069,0.4237,0.3874,0.5438,0.7684,0.939,1.0254,1.0386,0.9906,0.8844,0.72,0.5191,0.3603,0.3397,0.4494,0.6028,0.7418,0.8521,0.9365,1.0014,1.0522,1.0927,1.1256,1.1529,1.176,1.1958,1.2129,1.228,1.2413,1.2532,1.3116,1.2694,1.2082,1.1162,0.9733,0.7476,0.4086,0.0189,-0.1004,0.2442,0.6765,0.9436,1.0571,1.0694,1.0074,0.8705,0.6395,0.3132,0.0254,0.0184,0.2493,0.5019,0.6941,0.8298,0.9264,0.9973,1.0511,1.0932,1.127,1.1548,1.1782,1.1982,1.2156,1.2308,1.2442,1.2562,1.3416,1.3055,1.2515,1.167,1.0268,0.7812,0.3451,-0.2972,-0.568,0.0625,0.7091,1.0228,1.1282,1.1244,1.0488,0.8969,0.6306,0.2083,-0.2147,-0.2003,0.1504,0.4713,0.6885,0.8324,0.9314,1.0029,1.0565,1.0982,1.1315,1.159,1.1821,1.202,1.2193,1.2346,1.2481,1.2601,1.378,1.3521,1.3133,1.2522,1.1498,0.9667,0.6306,0.1161,-0.082,0.4832,0.9909,1.1946,1.233,1.1946,1.1072,0.9634,0.7305,0.3762,0.0204,0.0113,0.2842,0.5473,0.7333,0.861,0.9513,1.0175,1.0677,1.1069,1.1386,1.165,1.1875,1.207,1.2242,1.2394,1.2529,1.2648,1.4178,1.4042,1.3848,1.3559,1.3115,1.2416,1.1385,1.0412,1.1066,1.327,1.4321,1.4098,1.3408,1.2572,1.1604,1.0347,0.8611,0.6447,0.4574,0.4217,0.5314,0.6783,0.8061,0.9055,0.9809,1.0383,1.0828,1.1182,1.1474,1.1721,1.1937,1.2128,1.2299,1.2451,1.2586,1.2706,1.457,1.4552,1.4539,1.4542,1.4596,1.4793,1.5397,1.7079,2.0342,2.1586,1.867,1.5876,1.4074,1.2813,1.1807,1.0698,0.9185,0.7527,0.6421,0.6267,0.688,0.7815,0.8739,0.9518,1.0135,1.0615,1.0993,1.1302,1.1563,1.1793,1.2001,1.2191,1.2363,1.2517,1.2654,1.2774,1.4925,1.4998,1.5111,1.5295,1.56,1.6122,1.7099,1.9526,2.6585,2.9972,2.1556,1.6604,1.4029,1.2358,1.1415,1.057,0.8673,0.6157,0.5057,0.5809,0.7128,0.8306,0.9226,0.9919,1.0439,1.0834,1.1145,1.1405,1.1636,1.1853,1.206,1.2255,1.2434,1.2595,1.2735,1.2855,1.5222,1.5351,1.5529,1.5778,1.6113,1.6521,1.6887,1.7459,2.2036,2.5435,2.0129,1.6362,1.3648,1.1443,0.9879,1.0267,0.7168,0.0774,-0.0568,0.3409,0.6668,0.8527,0.9596,1.0261,1.0702,1.1012,1.1252,1.1463,1.1672,1.1887,1.2106,1.2318,1.2515,1.2687,1.2833,1.2953,1.5457,1.5612,1.5808,1.6051,1.6326,1.6547,1.6437,1.5327,1.7205,1.8863,1.793,1.6632,1.4838,0.9375,0.7623,1.11,0.6533,-0.8896,-0.9275,0.1507,0.6736,0.8934,0.9985,1.0565,1.0906,1.1115,1.1273,1.1439,1.164,1.1877,1.2133,1.2386,1.2614,1.2806,1.2958,1.3075,1.5636,1.5796,1.5986,1.6201,1.642,1.6584,1.6616,1.6712,1.7024,1.7501,1.7421,1.7427,1.7534,1.8745,1.4685,1.4905,1.2684,0.07,-0.1985,0.4708,0.8217,0.962,1.0365,1.0807,1.1015,1.1087,1.1144,1.1272,1.15,1.1806,1.2145,1.2471,1.2751,1.2968,1.3124,1.3231,1.5769,1.5924,1.61,1.6289,1.6475,1.6635,1.6756,1.6886,1.7081,1.7259,1.7446,1.7971,1.8672,2.0722,1.8009,2.0354,2.4915,1.5465,1.014,0.9683,0.9546,0.9769,1.0481,1.0924,1.0969,1.0826,1.0741,1.0863,1.1196,1.1661,1.2158,1.261,1.2965,1.3207,1.3352,1.343,1.5867,1.6014,1.6175,1.6344,1.6511,1.6668,1.6813,1.6955,1.7089,1.7089,1.6605,1.936,1.9255,1.9116,1.8746,2.0669,2.318,1.8657,1.5125,1.1846,0.7797,0.8329,1.0325,1.0957,1.0672,1.0114,0.9825,1.0045,1.0663,1.1448,1.2224,1.287,1.3318,1.3564,1.3663,1.3682,1.5938,1.6077,1.6225,1.638,1.6536,1.669,1.6841,1.699,1.7119,1.712,1.6809,1.8207,1.9684,2.0061,1.9019,1.9213,1.9682,1.9658,1.9062,1.4611,0.7792,0.8566,1.0893,1.1057,0.9903,0.8474,0.7909,0.8561,0.9853,1.1222,1.2432,1.3356,1.3896,1.4086,1.4069,1.3979,1.599,1.6121,1.626,1.6404,1.6553,1.6704,1.6858,1.7018,1.7181,1.7346,1.7624,1.8376,1.9734,2.0033,1.9069,1.904,1.9828,2.2497,2.5129,2.028,1.4967,1.2987,1.2551,1.115,0.8304,0.5036,0.4154,0.6215,0.8889,1.1111,1.288,1.4152,1.4744,1.476,1.4532,1.4286,1.6027,1.6151,1.6281,1.6418,1.656,1.6708,1.6864,1.7032,1.722,1.7446,1.7768,1.8251,1.879,1.8965,1.892,1.8982,1.9964,2.2738,2.4779,2.3785,2.0011,1.6558,1.4161,1.1264,0.6353,-0.0342,-0.1694,0.3858,0.8421,1.1302,1.3489,1.5076,1.5645,1.5393,1.4925,1.4534,1.6052,1.6169,1.6292,1.6422,1.6558,1.6702,1.6856,1.7023,1.7212,1.7436,1.771,1.8036,1.8357,1.8612,1.8848,1.9027,1.9953,2.2328,2.657,2.8298,2.2584,1.8308,1.5396,1.2136,0.697,-0.0741,-0.232,0.5618,0.9651,1.1904,1.3864,1.5439,1.5961,1.5611,1.5072,1.4644,1.6066,1.6177,1.6294,1.6417,1.6547,1.6684,1.6831,1.6992,1.717,1.7372,1.7601,1.7854,1.8117,1.8387,1.8677,1.9048,1.9881,2.1651,2.4328,2.4913,2.1608,1.8604,1.6575,1.4068,1.0911,0.959,1.3534,1.3463,1.243,1.2804,1.388,1.4983,1.5459,1.5302,1.4936,1.4605,1.6071,1.6176,1.6286,1.6403,1.6525,1.6655,1.6794,1.6943,1.7106,1.7285,1.7481,1.7693,1.7921,1.817,1.8458,1.8843,1.9467,2.0414,2.1333,2.1183,1.9724,1.8605,1.8059,1.6201,1.414,1.498,1.8528,1.6878,1.4334,1.3616,1.3894,1.4447,1.4797,1.4823,1.467,1.4482,1.6069,1.6168,1.6271,1.6381,1.6495,1.6617,1.6745,1.6882,1.7029,1.7187,1.7357,1.7539,1.7735,1.7951,1.8201,1.851,1.8907,1.9348,1.961,1.9385,1.882,1.8814,1.8945,1.7358,1.5566,1.5406,1.6282,1.5836,1.4677,1.4056,1.4001,1.4205,1.4402,1.4474,1.444,1.4356,1.606,1.6152,1.625,1.6352,1.6458,1.657,1.6688,1.6812,1.6944,1.7082,1.7229,1.7385,1.7551,1.7729,1.7926,1.8146,1.8379,1.8577,1.864,1.8503,1.8317,1.8372,1.8254,1.7228,1.5992,1.5393,1.5296,1.5049,1.4588,1.424,1.4123,1.4164,1.4248,1.43,1.4302,1.427]}]