docs/data/wind_grid.json
{"header": {"la1":42.1,"la2":41.55,"lo1":12.1,"lo2":12.95,"nx":50,"ny":50,"dx":0.01735,"dy":0.01122,"parameterCategory":2,"parameterNumber":2,"parameterNumberName":"eastward_wind","parameterUnit":"m.s-1"}, "data":
[rows 0 to 45 of 50, columns 0 to 49 of 50]
0.4905,0.3864,0.2924,0.2256,0.1993,0.2159,0.2651,0.3305,0.3968,0.4542,0.4987,0.5302,0.5503,0.5613,0.5653,0.5637,0.5579,0.5487,0.537,0.5242,0.5124,0.5047,0.5043,0.514,0.5353,0.5679,0.6103,0.6607,0.7173,0.7787,0.844,0.9125,0.9833,1.0557,1.1284,1.2,1.2682,1.3309,1.3855,1.4301,1.4632,1.4845,1.4947,1.4953,1.4879,1.4747,1.4574,1.4375,1.4163,1.3947
0.5269,0.4166,0.3161,0.2445,0.216,0.2322,0.2814,0.346,0.4104,0.4652,0.5067,0.5351,0.5522,0.5605,0.562,0.558,0.5497,0.5376,0.5224,0.5054,0.4888,0.4764,0.4727,0.4813,0.504,0.5401,0.5873,0.643,0.705,0.7717,0.8423,0.916,0.9923,1.0705,1.1494,1.2273,1.3018,1.3702,1.4295,1.4771,1.5115,1.5322,1.5402,1.5373,1.5259,1.5083,1.4868,1.463,1.4383,1.4136
0.5797,0.4655,0.3606,0.2853,0.254,0.2673,0.3126,0.3724,0.4314,0.4808,0.5174,0.5415,0.5549,0.56,0.5588,0.5524,0.5416,0.5266,0.5077,0.4859,0.4635,0.4454,0.4375,0.4449,0.4696,0.5102,0.5632,0.625,0.6929,0.7652,0.8412,0.9204,1.0024,1.0866,1.172,1.2567,1.3381,1.4129,1.4775,1.5285,1.5641,1.5837,1.5889,1.5818,1.5656,1.5431,1.5168,1.4887,1.4602,1.4322
0.6498,0.5342,0.4266,0.3483,0.3128,0.32,0.3574,0.4082,0.4585,0.5002,0.5302,0.5489,0.558,0.5596,0.5555,0.5468,0.5337,0.516,0.4934,0.4662,0.4371,0.4118,0.3986,0.4046,0.4323,0.4787,0.5387,0.6073,0.6815,0.7596,0.8411,0.9257,1.0134,1.1038,1.196,1.2881,1.3771,1.4591,1.5294,1.5842,1.6209,1.6391,1.6406,1.6286,1.6067,1.5786,1.5471,1.5143,1.4817,1.4503
0.7365,0.6215,0.5124,0.4305,0.3888,0.3866,0.4124,0.4509,0.49,0.522,0.5442,0.5568,0.5611,0.559,0.5521,0.5411,0.5261,0.5061,0.48,0.4473,0.4104,0.3763,0.3565,0.3611,0.3928,0.4466,0.5147,0.5909,0.6716,0.7555,0.8423,0.9321,1.0254,1.122,1.2212,1.3211,1.4183,1.5082,1.5852,1.6441,1.6818,1.698,1.695,1.6771,1.6488,1.6144,1.5771,1.5393,1.5026,1.4677
0.8378,0.7244,0.6134,0.5265,0.4761,0.4617,0.4731,0.4973,0.5234,0.5448,0.5585,0.5644,0.5637,0.5579,0.5482,0.5353,0.5189,0.4973,0.4683,0.4302,0.3847,0.3403,0.3124,0.3156,0.3528,0.4157,0.493,0.577,0.6641,0.7533,0.845,0.9399,1.0384,1.141,1.2472,1.3551,1.4612,1.5598,1.6441,1.7076,1.7462,1.7597,1.7514,1.7265,1.691,1.6497,1.6063,1.5633,1.5223,1.4839
0.9498,0.8378,0.7238,0.6296,0.5682,0.5396,0.5353,0.5442,0.5569,0.5671,0.5722,0.5714,0.5655,0.5559,0.5436,0.5292,0.512,0.4898,0.4591,0.4166,0.3625,0.3064,0.2692,0.2712,0.3156,0.3888,0.4755,0.5669,0.6598,0.7538,0.8498,0.949,1.0523,1.1605,1.2734,1.3894,1.5047,1.6127,1.7051,1.7735,1.8129,1.8231,1.8085,1.7759,1.7324,1.6837,1.634,1.5858,1.5405,1.4987
1.0673,0.9558,0.8367,0.7332,0.659,0.6153,0.5951,0.589,0.5885,0.588,0.5845,0.5771,0.5661,0.5528,0.538,0.5224,0.5052,0.4836,0.4531,0.4081,0.3469,0.2793,0.2322,0.2335,0.286,0.3696,0.4649,0.5624,0.6596,0.7573,0.8568,0.9595,1.0669,1.1799,1.299,1.4228,1.5474,1.6654,1.7664,1.8403,1.8803,1.8866,1.8649,1.8237,1.7718,1.7156,1.6595,1.6062,1.5568,1.5118
1.184,1.0716,0.9457,0.8314,0.7438,0.6852,0.6499,0.6298,0.6171,0.6066,0.595,0.5812,0.5653,0.5481,0.5309,0.5144,0.498,0.4786,0.4505,0.4063,0.3415,0.2653,0.2098,0.211,0.2708,0.3626,0.4635,0.5645,0.6643,0.7643,0.8662,0.9716,1.0821,1.199,1.3232,1.454,1.5875,1.7154,1.8256,1.9051,1.9457,1.9476,1.9181,1.8681,1.8076,1.744,1.6818,1.6237,1.5706,1.5228
1.2931,1.1788,1.0454,0.92,0.8193,0.7469,0.6981,0.6655,0.642,0.6224,0.6034,0.5836,0.5627,0.5416,0.5218,0.5044,0.4894,0.4739,0.451,0.4119,0.3495,0.2713,0.2118,0.2131,0.2765,0.371,0.4728,0.574,0.6742,0.7749,0.8781,0.9851,1.0976,1.2172,1.3452,1.4816,1.6228,1.7601,1.8792,1.9644,2.0055,2.0028,1.9656,1.9069,1.8382,1.7677,1.7002,1.6379,1.5816,1.5313
1.3881,1.2716,1.1311,0.9957,0.8835,0.7992,0.7389,0.6956,0.6628,0.6353,0.6098,0.5843,0.5584,0.5331,0.5101,0.4915,0.4783,0.4679,0.4532,0.4237,0.3711,0.3005,0.2445,0.2457,0.3061,0.3957,0.4928,0.5906,0.6889,0.789,0.8924,1.0002,1.1136,1.2343,1.3642,1.504,1.6509,1.796,1.9232,2.0137,2.0553,2.0483,2.004,1.9376,1.8619,1.7857,1.7137,1.648,1.5893,1.5372
1.4631,1.3452,1.1995,1.0564,0.9354,0.8416,0.772,0.7201,0.6797,0.6456,0.6142,0.5834,0.5526,0.5225,0.4954,0.4747,0.4629,0.4588,0.4548,0.4391,0.4027,0.3489,0.3043,0.3052,0.3561,0.434,0.5216,0.613,0.7077,0.8063,0.9092,1.0168,1.1299,1.2501,1.3796,1.5201,1.6698,1.8199,1.9531,2.0481,2.0903,2.08,2.0302,1.9578,1.8769,1.7966,1.7216,1.6538,1.5934,1.5402
1.5139,1.3963,1.2484,1.1013,0.9745,0.8742,0.7977,0.7393,0.6929,0.6534,0.6171,0.5816,0.5457,0.5102,0.4776,0.4529,0.4416,0.4445,0.4534,0.4544,0.438,0.4061,0.3775,0.3788,0.417,0.4798,0.5554,0.6392,0.7297,0.8263,0.9283,1.0351,1.1469,1.2649,1.3915,1.5293,1.6779,1.8291,1.9653,2.063,2.1059,2.094,2.0411,1.9656,1.8821,1.7999,1.7235,1.6547,1.5938,1.5402
1.5387,1.4235,1.2773,1.1299,1.0011,0.8972,0.8165,0.7536,0.7029,0.6594,0.6191,0.5793,0.5385,0.4968,0.4571,0.426,0.4131,0.4231,0.4472,0.4671,0.4714,0.4611,0.4483,0.4506,0.4774,0.5259,0.5904,0.667,0.7536,0.8484,0.9497,1.0556,1.1652,1.2793,1.4006,1.5322,1.675,1.8226,1.9575,2.0557,2.0993,2.0878,2.0351,1.9598,1.8767,1.7949,1.7191,1.6508,1.5903,1.5371
1.538,1.4277,1.2868,1.1433,1.0159,0.9115,0.829,0.7638,0.7104,0.6641,0.6209,0.5775,0.532,0.4838,0.4354,0.3951,0.3774,0.3943,0.4362,0.4766,0.5003,0.5076,0.5067,0.5099,0.5288,0.5671,0.6231,0.6944,0.7784,0.8724,0.9735,1.0786,1.1857,1.2947,1.4082,1.5301,1.6627,1.8014,1.9303,2.0259,2.0701,2.0611,2.0121,1.9405,1.8609,1.782,1.7085,1.6421,1.5831,1.531
1.5151,1.4116,1.2791,1.1429,1.0202,0.9181,0.8361,0.7703,0.7159,0.6681,0.623,0.5772,0.5278,0.4735,0.4159,0.364,0.3383,0.3611,0.4228,0.4849,0.5252,0.5444,0.5498,0.553,0.5675,0.6002,0.6517,0.7203,0.8036,0.8981,1.0001,1.105,1.2096,1.3126,1.4164,1.5256,1.6439,1.7689,1.8871,1.977,2.0211,2.0164,1.9737,1.909,1.8355,1.7617,1.6922,1.6289,1.5723,1.5221
1.4748,1.3793,1.2576,1.1312,1.0158,0.9183,0.8387,0.774,0.7199,0.672,0.6263,0.5792,0.5274,0.4686,0.4032,0.3402,0.3052,0.3322,0.4132,0.4948,0.5476,0.5727,0.5787,0.5807,0.5939,0.6251,0.6756,0.7442,0.8288,0.9257,1.03,1.1359,1.2384,1.3352,1.428,1.5221,1.6229,1.7301,1.8337,1.915,1.9578,1.9579,1.9235,1.8676,1.8022,1.7351,1.6709,1.6117,1.5583,1.5106
1.4227,1.3358,1.2258,1.1109,1.0045,0.9133,0.8378,0.7756,0.723,0.6761,0.6311,0.5842,0.5319,0.4714,0.4023,0.3331,0.2927,0.3225,0.4154,0.5083,0.5672,0.5931,0.596,0.5963,0.6102,0.643,0.6953,0.7663,0.8542,0.9552,1.0637,1.1723,1.2738,1.3646,1.4458,1.5233,1.6042,1.6911,1.7771,1.8473,1.8872,1.8917,1.8657,1.8195,1.7631,1.7037,1.6456,1.5913,1.5416,1.4968
1.364,1.2857,1.1878,1.0848,0.9884,0.9045,0.8341,0.7755,0.7256,0.6808,0.6376,0.5925,0.542,0.4832,0.416,0.3493,0.3117,0.3429,0.4341,0.524,0.581,0.605,0.6042,0.6036,0.6199,0.656,0.7118,0.787,0.88,0.9872,1.102,1.2153,1.3176,1.4032,1.4726,1.5326,1.5924,1.6573,1.7241,1.7812,1.8163,1.8234,1.8049,1.7679,1.7205,1.669,1.6174,1.5682,1.5225,1.481
1.3032,1.2332,1.1467,1.0555,0.9693,0.8932,0.8287,0.7745,0.728,0.6862,0.6459,0.6039,0.5572,0.5035,0.4435,0.3868,0.3587,0.3886,0.4647,0.538,0.5856,0.6074,0.6057,0.6061,0.6258,0.666,0.7264,0.807,0.9066,1.0219,1.1453,1.2658,1.3711,1.4529,1.5108,1.5528,1.5907,1.6329,1.6794,1.722,1.7503,1.7579,1.7449,1.7158,1.6766,1.6324,1.5872,1.5432,1.5018,1.4636
1.2438,1.1813,1.1053,1.0252,0.9488,0.8806,0.8222,0.7727,0.7302,0.6921,0.6556,0.6179,0.5766,0.5302,0.4805,0.4367,0.4185,0.4431,0.4977,0.5485,0.5814,0.5996,0.6006,0.6052,0.6295,0.6746,0.7402,0.8269,0.9342,1.0591,1.1934,1.324,1.4349,1.5145,1.5613,1.5849,1.6004,1.6197,1.6457,1.6729,1.6927,1.6984,1.6885,1.6653,1.6329,1.5953,1.556,1.517,1.4797,1.445
1.188,1.1322,1.0656,0.9954,0.9281,0.8675,0.8152,0.7706,0.7324,0.6984,0.6661,0.6334,0.5984,0.5603,0.5212,0.489,0.477,0.4934,0.5269,0.5555,0.5707,0.5793,0.5855,0.5998,0.6315,0.6825,0.7538,0.847,0.9626,1.0982,1.2454,1.3887,1.508,1.5872,1.6233,1.6283,1.6212,1.6176,1.6231,1.6346,1.6445,1.6464,1.6373,1.618,1.5907,1.5587,1.5245,1.4901,1.4568,1.4254
1.137,1.0872,1.0287,0.9673,0.9081,0.8546,0.808,0.7684,0.7345,0.7047,0.6769,0.6495,0.6209,0.5909,0.5613,0.5377,0.528,0.5353,0.551,0.56,0.5552,0.5469,0.5589,0.5893,0.6321,0.6905,0.7679,0.8675,0.9913,1.1379,1.299,1.457,1.5869,1.6673,1.6932,1.6795,1.65,1.6242,1.6101,1.606,1.6054,1.6019,1.5918,1.5744,1.5508,1.5232,1.4934,1.4631,1.4335,1.4053
1.0914,1.0468,0.9953,0.9415,0.8895,0.8423,0.801,0.766,0.7363,0.7106,0.6874,0.6651,0.6426,0.6198,0.598,0.5803,0.5707,0.5698,0.5711,0.5635,0.5398,0.5151,0.5315,0.578,0.6332,0.6996,0.783,0.8884,1.0194,1.176,1.3504,1.5233,1.6648,1.7474,1.764,1.7325,1.6821,1.6357,1.6036,1.5848,1.5737,1.564,1.5516,1.5346,1.5134,1.489,1.4629,1.4362,1.4099,1.3847
1.0514,1.0113,0.9657,0.9184,0.8726,0.8309,0.7944,0.7635,0.7377,0.7159,0.6969,0.6793,0.6623,0.6457,0.6301,0.6167,0.6067,0.5994,0.5901,0.5697,0.5334,0.5017,0.5194,0.5743,0.6386,0.7116,0.7997,0.9093,1.0455,1.2097,1.3949,1.5804,1.7321,1.8171,1.8259,1.7794,1.7111,1.6475,1.5998,1.5682,1.5473,1.5313,1.5158,1.4983,1.4784,1.4564,1.4332,1.4096,1.3863,1.3639
1.0166,0.9804,0.9399,0.8981,0.8576,0.8205,0.7882,0.7609,0.7384,0.7201,0.7048,0.6914,0.6789,0.6674,0.6569,0.6471,0.6375,0.6266,0.6106,0.5831,0.5429,0.5129,0.5296,0.584,0.6515,0.7279,0.8184,0.9299,1.0684,1.2362,1.4272,1.6201,1.7782,1.8647,1.8684,1.8116,1.731,1.6548,1.5952,1.5531,1.524,1.5021,1.4833,1.4648,1.4455,1.4252,1.4043,1.3834,1.3628,1.3431
0.9867,0.9539,0.9177,0.8805,0.8444,0.8114,0.7824,0.7581,0.7384,0.723,0.7109,0.7009,0.6922,0.6846,0.6781,0.6717,0.6638,0.6523,0.6343,0.6056,0.5686,0.5444,0.5591,0.6081,0.6734,0.7493,0.8393,0.9498,1.087,1.2535,1.4437,1.6366,1.7951,1.8814,1.8832,1.8228,1.7369,1.6539,1.5868,1.5372,1.5015,1.4748,1.453,1.4332,1.4141,1.3951,1.3762,1.3576,1.3396,1.3222
0.9612,0.9314,0.8988,0.8655,0.8332,0.8033,0.7771,0.7551,0.7375,0.7242,0.7146,0.7075,0.7017,0.6969,0.6932,0.6899,0.6851,0.6764,0.6609,0.6361,0.6063,0.5887,0.6017,0.6438,0.7035,0.7756,0.8621,0.9686,1.1006,1.2607,1.4433,1.6283,1.7806,1.8644,1.8678,1.8104,1.7263,1.6425,1.5723,1.5185,1.4784,1.448,1.4237,1.4028,1.3838,1.3659,1.3488,1.3323,1.3165,1.3014
0.9396,0.9124,0.883,0.8529,0.8236,0.7965,0.7724,0.752,0.7357,0.7238,0.7159,0.7111,0.7078,0.7047,0.7022,0.7007,0.6999,0.6971,0.6885,0.6718,0.6512,0.6403,0.6521,0.6875,0.74,0.8057,0.8862,0.9859,1.1095,1.2587,1.4277,1.5981,1.7388,1.8183,1.8254,1.7762,1.6996,1.6201,1.551,1.4958,1.4533,1.4205,1.3945,1.3729,1.3541,1.3372,1.3217,1.3072,1.2936,1.2807
0.9215,0.8965,0.8698,0.8425,0.8158,0.7909,0.7684,0.749,0.7332,0.7216,0.7145,0.7116,0.7108,0.7089,0.7054,0.7038,0.7072,0.7132,0.7155,0.7101,0.7002,0.6958,0.707,0.7363,0.7807,0.8385,0.9109,1.0016,1.1141,1.2492,1.4009,1.5527,1.6782,1.7517,1.7634,1.7249,1.6593,1.5878,1.5226,1.4685,1.4255,1.3917,1.3647,1.3429,1.3246,1.3088,1.2949,1.2824,1.2709,1.2602
0.9064,0.8835,0.8591,0.8342,0.8097,0.7864,0.7651,0.7462,0.7303,0.7181,0.7107,0.7091,0.7113,0.7109,0.7047,0.7008,0.7085,0.7255,0.7418,0.7504,0.7522,0.7544,0.7652,0.7884,0.8243,0.8728,0.9357,1.0158,1.1157,1.2349,1.3675,1.4991,1.6083,1.6749,1.6904,1.6627,1.6093,1.5474,1.4882,1.4369,1.3947,1.3609,1.3339,1.3123,1.2948,1.2804,1.2682,1.2577,1.2483,1.2398
0.8939,0.8728,0.8505,0.8277,0.805,0.7833,0.7629,0.7443,0.7277,0.7142,0.7054,0.7043,0.7102,0.7127,0.7043,0.6977,0.7092,0.7379,0.7699,0.7944,0.8086,0.817,0.8268,0.8434,0.8698,0.908,0.9603,1.0289,1.1152,1.2181,1.3316,1.4435,1.5368,1.5959,1.6138,1.5955,1.5536,1.5014,1.4488,1.4013,1.361,1.328,1.3016,1.2808,1.2645,1.2517,1.2415,1.2331,1.226,1.2196
0.8837,0.8643,0.8438,0.8228,0.8019,0.7815,0.762,0.7435,0.7264,0.7114,0.7008,0.6992,0.7086,0.7159,0.7087,0.702,0.7175,0.7568,0.8047,0.8457,0.8724,0.8859,0.8929,0.9011,0.9167,0.9436,0.9845,1.0411,1.1139,1.201,1.2965,1.3902,1.4688,1.5204,1.5392,1.528,1.4955,1.452,1.4059,1.3625,1.3245,1.2929,1.2677,1.2483,1.2336,1.2228,1.2148,1.2087,1.2038,1.1996
0.8755,0.8577,0.8389,0.8196,0.8002,0.7811,0.7625,0.7444,0.727,0.7112,0.6995,0.6976,0.7092,0.7216,0.7201,0.7183,0.739,0.788,0.8514,0.9092,0.9476,0.9637,0.9646,0.9618,0.9648,0.9793,1.0083,1.0529,1.1125,1.1847,1.264,1.3416,1.4071,1.4513,1.4695,1.4631,1.4378,1.4014,1.3609,1.3213,1.2858,1.256,1.2324,1.2147,1.2021,1.1935,1.188,1.1843,1.1818,1.1799
0.869,0.8526,0.8354,0.8176,0.7998,0.782,0.7645,0.7472,0.7303,0.7148,0.7034,0.7021,0.7145,0.7305,0.7375,0.7452,0.7744,0.8345,0.9139,0.9888,1.0373,1.0521,1.0425,1.0251,1.0134,1.0147,1.0315,1.0643,1.1116,1.1703,1.2351,1.2987,1.3528,1.39,1.4065,1.4026,1.3823,1.3512,1.3151,1.2786,1.2454,1.2174,1.1957,1.1801,1.17,1.1641,1.1612,1.1602,1.1602,1.1606
0.864,0.849,0.8332,0.817,0.8006,0.7842,0.768,0.7519,0.7363,0.7223,0.7126,0.7125,0.7251,0.7435,0.7593,0.7793,0.821,0.8951,0.9927,1.0853,1.1417,1.1502,1.1249,1.0895,1.0615,1.0489,1.0538,1.0753,1.1112,1.1579,1.2102,1.2618,1.3059,1.3366,1.3505,1.3475,1.3301,1.3025,1.2694,1.2353,1.2039,1.1778,1.1581,1.1449,1.1376,1.1346,1.1347,1.1365,1.1391,1.1418
0.8603,0.8465,0.8321,0.8174,0.8025,0.7876,0.7729,0.7584,0.7447,0.7329,0.7257,0.7275,0.7404,0.7609,0.7847,0.8177,0.8742,0.9651,1.0827,1.1933,1.2548,1.2523,1.2072,1.1518,1.1071,1.0811,1.0748,1.0859,1.1115,1.1475,1.189,1.2303,1.2658,1.2905,1.3014,1.298,1.2819,1.2561,1.2248,1.1922,1.1621,1.1375,1.1199,1.1095,1.1052,1.1054,1.1087,1.1134,1.1186,1.1236
0.8577,0.8451,0.8321,0.8187,0.8053,0.792,0.7789,0.7664,0.7549,0.7457,0.7414,0.7452,0.7591,0.7819,0.8128,0.8577,0.9289,1.0366,1.1728,1.2987,1.3625,1.3468,1.2818,1.2076,1.1479,1.11,1.0936,1.0957,1.1123,1.139,1.1712,1.2038,1.2317,1.2509,1.2586,1.254,1.2379,1.2128,1.1821,1.1501,1.1208,1.0976,1.0821,1.0744,1.0734,1.077,1.0834,1.0911,1.099,1.1062
0.856,0.8446,0.8328,0.8209,0.8089,0.7972,0.7859,0.7754,0.7663,0.7599,0.7584,0.7643,0.7798,0.8052,0.8422,0.8968,0.9798,1.1,1.2484,1.3827,1.4456,1.4193,1.3397,1.2521,1.1812,1.1342,1.1098,1.1042,1.1131,1.132,1.1562,1.1813,1.2028,1.217,1.2215,1.2151,1.1982,1.1728,1.142,1.1099,1.0809,1.0588,1.0453,1.0405,1.0427,1.0498,1.0595,1.0701,1.0804,1.0898
0.8551,0.8449,0.8343,0.8237,0.8132,0.8031,0.7935,0.7851,0.7783,0.7746,0.7758,0.784,0.8013,0.8294,0.8709,0.9322,1.0224,1.1477,1.2977,1.4303,1.4896,1.4589,1.3744,1.2815,1.2052,1.1527,1.1226,1.1111,1.1137,1.126,1.1436,1.1623,1.1783,1.1881,1.1894,1.181,1.1629,1.1366,1.105,1.0724,1.0435,1.0222,1.0107,1.0086,1.0141,1.0244,1.0371,1.0505,1.0631,1.0745
0.855,0.8458,0.8364,0.827,0.818,0.8094,0.8016,0.7951,0.7907,0.7894,0.793,0.8033,0.8225,0.8527,0.8973,0.962,1.0538,1.1762,1.3172,1.4386,1.4922,1.4638,1.3844,1.2948,1.2191,1.1649,1.1317,1.1161,1.1138,1.1207,1.1328,1.1462,1.1574,1.1633,1.1617,1.1513,1.1317,1.1044,1.0719,1.0386,1.0096,0.9891,0.9792,0.9797,0.9881,1.0014,1.0169,1.0327,1.0474,1.0605
0.8554,0.8472,0.8389,0.8308,0.8231,0.8159,0.8098,0.8052,0.8029,0.8038,0.8095,0.8218,0.8425,0.8742,0.9201,0.9849,1.0736,1.1867,1.3116,1.4163,1.4632,1.4411,1.3734,1.2936,1.2234,1.171,1.137,1.1189,1.113,1.1157,1.1233,1.1323,1.1395,1.1421,1.1379,1.1256,1.1048,1.0764,1.0431,1.0093,0.9802,0.9604,0.9522,0.9548,0.9657,0.9815,0.9993,1.017,1.0334,1.048
0.8563,0.849,0.8418,0.8349,0.8284,0.8227,0.8181,0.8152,0.8147,0.8175,0.825,0.8388,0.8607,0.893,0.9386,1.0011,1.0832,1.1833,1.2894,1.3763,1.4165,1.4016,1.3481,1.2813,1.2196,1.1716,1.1387,1.1196,1.1114,1.1109,1.1149,1.1202,1.1241,1.1239,1.1176,1.1037,1.0818,1.0528,1.0191,0.9852,0.9563,0.9373,0.9303,0.9346,0.9474,0.965,0.9844,1.0036,1.0213,1.037
0.8576,0.8512,0.845,0.8391,0.8338,0.8294,0.8263,0.8249,0.8259,0.8304,0.8393,0.8542,0.8768,0.9089,0.9529,1.0112,1.0849,1.1711,1.2589,1.3294,1.3636,1.3551,1.3151,1.2617,1.2099,1.1676,1.1373,1.1184,1.1088,1.106,1.1072,1.1096,1.1108,1.1083,1.1002,1.0852,1.0627,1.0335,1.0001,0.9666,0.9384,0.9201,0.9142,0.9196,0.9335,0.9522,0.9726,0.9927,1.0112,1.0275
0.8592,0.8537,0.8484,0.8435,0.8393,0.836,0.8342,0.8341,0.8365,0.8423,0.8523,0.8679,0.8905,0.9217,0.9632,1.0164,1.0812,1.154,1.2259,1.2828,1.3117,1.3083,1.2796,1.2384,1.1963,1.1604,1.1334,1.1155,1.1053,1.1009,1.1,1.1002,1.0992,1.0949,1.0856,1.0699,1.0473,1.0185,0.9859,0.9535,0.9264,0.9092,0.904,0.91,0.9242,0.9432,0.9639,0.9842,1.003,1.0197
0.8611,0.8563,0.8518,0.8479,0.8447,0.8425,0.8417,0.8428,0.8463,0.8531,0.8639,0.8798,0.9021,0.9318,0.9703,1.018,1.0742,1.1352,1.1938,1.2398,1.2645,1.2646,1.2448,1.2139,1.1806,1.1508,1.1275,1.1111,1.101,1.0957,1.0933,1.0917,1.0891,1.0835,1.0733,1.0573,1.0352,1.0074,0.9763,0.9456,0.9202,0.9041,0.8994,0.9054,0.9193,0.9378,0.9581,0.9782,0.9968,1.0134
