docs/data/wind_grid.json
[{"header":{"la1":42.85,"la2":41.18,"lo1":11.55,"lo2":14.05,"nx":36,"ny":24,"dx":0.07143,"dy":0.07261,"parameterCategory":2,"parameterNumber":2,"parameterNumberName":"eastward_wind","parameterUnit":"m.s-1"},"data":[-0.5203,-0.5265,-0.5329,-0.5393,-0.5453,-0.55,-0.5521,-0.5502,-0.5434,-0.5315,-0.5159,-0.4986,-0.4817,-0.4669,-0.455,-0.4467,-0.4423,-0.4416,-0.4447,-0.4506,-0.4581,-0.4655,-0.4715,-0.4752,-0.4767,-0.476,-0.4735,-0.4695,-0.4645,-0.4588,-0.4527,-0.4465,-0.4403,-0.4342,-0.4283,-0.4228,-0.5259,-0.5337,-0.5423,-0.5514,-0.5609,-0.5696,-0.5757,-0.5763,-0.5687,-0.5528,-0.5307,-0.5063,-0.4829,-0.463,-0.4475,-0.4369,-0.4314,-0.431,-0.4359,-0.4456,-0.4578,-0.4693,-0.4779,-0.4829,-0.4846,-0.4835,-0.48,-0.4748,-0.4685,-0.4615,-0.4542,-0.4469,-0.4397,-0.4328,-0.4262,-0.4201,-0.5313,-0.5411,-0.5521,-0.5646,-0.5789,-0.5945,-0.6084,-0.6149,-0.6076,-0.5849,-0.5519,-0.5161,-0.4833,-0.4564,-0.4363,-0.4227,-0.4152,-0.4142,-0.4212,-0.4369,-0.4573,-0.4752,-0.4869,-0.493,-0.4947,-0.4927,-0.4878,-0.4809,-0.4729,-0.4642,-0.4555,-0.4468,-0.4385,-0.4307,-0.4233,-0.4166,-0.5364,-0.5483,-0.5619,-0.578,-0.5985,-0.6247,-0.654,-0.675,-0.671,-0.6357,-0.5823,-0.5279,-0.4814,-0.4455,-0.4198,-0.4027,-0.3918,-0.3869,-0.3936,-0.4193,-0.4565,-0.4846,-0.4982,-0.5051,-0.5071,-0.5039,-0.4969,-0.4876,-0.4773,-0.4667,-0.4562,-0.4461,-0.4365,-0.4277,-0.4195,-0.4122,-0.5411,-0.5557,-0.5719,-0.5907,-0.6168,-0.6575,-0.7158,-0.7732,-0.7816,-0.7176,-0.6234,-0.5391,-0.4744,-0.4277,-0.3959,-0.3754,-0.3596,-0.3421,-0.3353,-0.3766,-0.4543,-0.4968,-0.5064,-0.5178,-0.5223,-0.5175,-0.5072,-0.4947,-0.4815,-0.4685,-0.456,-0.4443,-0.4334,-0.4235,-0.4145,-0.4065,-0.5454,-0.5644,-0.5842,-0.6034,-0.6296,-0.6827,-0.7857,-0.9271,-0.9749,-0.8374,-0.6661,-0.5422,-0.4574,-0.3984,-0.3601,-0.3391,-0.3216,-0.2779,-0.2073,-0.2606,-0.4437,-0.503,-0.5095,-0.5375,-0.544,-0.5342,-0.5184,-0.5014,-0.4848,-0.4691,-0.4546,-0.4411,-0.4288,-0.4178,-0.4079,-0.3993,-0.5486,-0.5762,-0.6061,-0.6248,-0.636,-0.6819,-0.8147,-1.0616,-1.1802,-0.9227,-0.6748,-0.5253,-0.4253,-0.3512,-0.3022,-0.2851,-0.2852,-0.2372,-0.057,-0.1026,-0.4819,-0.5889,-0.5876,-0.5923,-0.5777,-0.5538,-0.5292,-0.5066,-0.4863,-0.468,-0.4513,-0.4361,-0.4223,-0.4101,-0.3994,-0.3902,-0.5466,-0.5892,-0.6507,-0.6839,-0.6482,-0.6468,-0.7422,-0.9237,-1.0018,-0.8111,-0.6192,-0.4866,-0.3787,-0.2781,-0.1973,-0.1807,-0.2347,-0.2793,-0.2474,-0.4095,-0.8764,-0.9546,-0.7945,-0.6844,-0.6178,-0.5717,-0.5369,-0.509,-0.4853,-0.4644,-0.4456,-0.4287,-0.4135,-0.4001,-0.3886,-0.3789,-0.5298,-0.5806,-0.6946,-0.797,-0.6557,-0.5849,-0.629,-0.6959,-0.7099,-0.6459,-0.551,-0.4475,-0.3311,-0.1777,0.0118,0.0659,-0.1112,-0.3092,-0.489,-0.8636,-1.5519,-1.4404,-0.9827,-0.7527,-0.642,-0.5794,-0.5382,-0.5071,-0.4811,-0.4581,-0.4373,-0.4184,-0.4016,-0.387,-0.3747,-0.3648,-0.4914,-0.51,-0.5653,-0.6065,-0.4693,-0.4794,-0.5473,-0.5954,-0.6164,-0.6011,-0.5294,-0.4305,-0.3102,-0.1008,0.3865,0.6433,0.0752,-0.3019,-0.5474,-0.8714,-1.3183,-1.2733,-0.9432,-0.7393,-0.6326,-0.5721,-0.5322,-0.5012,-0.4739,-0.4489,-0.4257,-0.4046,-0.386,-0.3701,-0.3572,-0.3471,-0.4455,-0.408,-0.3013,-0.0399,-0.0832,-0.3683,-0.5117,-0.5742,-0.6376,-0.6672,-0.5422,-0.4333,-0.3363,-0.1886,0.2881,0.6465,-0.0031,-0.3856,-0.5821,-0.7243,-0.8644,-0.8776,-0.7714,-0.6669,-0.5979,-0.5548,-0.5229,-0.4936,-0.4648,-0.4368,-0.4105,-0.3865,-0.3656,-0.3482,-0.3348,-0.325,-0.4177,-0.3604,-0.2357,-0.0401,-0.0952,-0.3755,-0.5284,-0.5816,-0.6049,-0.6139,-0.5225,-0.4415,-0.3803,-0.3553,-0.2546,-0.1426,-0.3259,-0.6562,-0.7774,-0.712,-0.6889,-0.675,-0.6375,-0.5943,-0.5635,-0.5431,-0.5195,-0.4887,-0.455,-0.4217,-0.3905,-0.3624,-0.3386,-0.3197,-0.306,-0.2973,-0.415,-0.3736,-0.3115,-0.2613,-0.3147,-0.4508,-0.5569,-0.6077,-0.5894,-0.55,-0.5022,-0.4728,-0.4216,-0.3881,-0.3494,-0.2818,-0.4553,-1.1297,-1.1711,-0.7621,-0.6244,-0.5785,-0.5569,-0.5471,-0.5534,-0.5591,-0.5329,-0.4885,-0.4435,-0.4018,-0.3637,-0.3301,-0.3024,-0.2818,-0.2687,-0.2623,-0.4264,-0.4055,-0.3853,-0.384,-0.4223,-0.4885,-0.5496,-0.5865,-0.5748,-0.5351,-0.5063,-0.5289,-0.5128,-0.2322,-0.2581,-0.077,-0.3047,-0.7868,-0.8992,-0.6685,-0.5462,-0.5025,-0.498,-0.5171,-0.5655,-0.599,-0.551,-0.4835,-0.4252,-0.3736,-0.3267,-0.2854,-0.2526,-0.2306,-0.2197,-0.2179,-0.4404,-0.4325,-0.4294,-0.4382,-0.4629,-0.4975,-0.5293,-0.547,-0.545,-0.5381,-0.5353,-0.5089,-0.4063,-0.2949,-0.252,-0.0542,-0.7218,-0.5735,-0.5729,-0.5029,-0.4239,-0.4079,-0.4371,-0.4783,-0.5334,-0.5649,-0.5218,-0.4556,-0.3932,-0.3331,-0.2748,-0.2221,-0.1822,-0.1598,-0.1545,-0.1619,-0.4521,-0.4506,-0.4532,-0.4623,-0.4783,-0.4978,-0.5154,-0.5275,-0.5375,-0.5656,-0.641,-0.5941,-0.5094,-0.3964,-0.3711,-0.447,-0.6728,-0.5258,-0.4446,-0.3737,-0.2647,-0.2915,-0.3778,-0.4316,-0.4676,-0.4807,-0.4575,-0.4097,-0.3491,-0.279,-0.2027,-0.1307,-0.0794,-0.0596,-0.0679,-0.0923,-0.4602,-0.4615,-0.4656,-0.4732,-0.484,-0.4964,-0.5082,-0.5193,-0.5343,-0.5673,-0.626,-0.5799,-0.5129,-0.4875,-0.4693,-0.4818,-0.4791,-0.3871,-0.296,-0.2966,-0.2366,-0.269,-0.3548,-0.4026,-0.428,-0.4359,-0.4191,-0.3735,-0.3042,-0.2142,-0.1054,0.0042,0.0749,0.0828,0.0446,-0.0102,-0.4655,-0.4678,-0.4719,-0.478,-0.4858,-0.4945,-0.5035,-0.5129,-0.525,-0.5413,-0.5525,-0.5381,-0.5144,-0.5188,-0.5941,-0.6167,-0.4785,-0.2118,0.0243,-0.2199,-0.3053,-0.331,-0.3667,-0.3954,-0.4233,-0.4548,-0.4461,-0.3701,-0.2676,-0.1447,0.0177,0.199,0.3024,0.2741,0.1768,0.0757,-0.4685,-0.4711,-0.4748,-0.4798,-0.4857,-0.4923,-0.4993,-0.5067,-0.5149,-0.5232,-0.5285,-0.5302,-0.5419,-0.6106,-0.8786,-0.992,-0.5884,-0.2703,-0.1219,-0.3116,-0.3578,-0.3716,-0.3832,-0.3955,-0.4372,-0.557,-0.5801,-0.3884,-0.2284,-0.08,0.14,0.4278,0.5746,0.4733,0.2942,0.1441,-0.4701,-0.4726,-0.4758,-0.4799,-0.4846,-0.4897,-0.4953,-0.5011,-0.5072,-0.5135,-0.5203,-0.5313,-0.5602,-0.6447,-0.8429,-0.8968,-0.6172,-0.424,-0.4327,-0.4764,-0.4159,-0.4068,-0.402,-0.3878,-0.4013,-0.548,-0.5848,-0.2787,-0.1452,-0.0325,0.1851,0.518,0.6852,0.5451,0.3335,0.1679,-0.4706,-0.4728,-0.4757,-0.479,-0.4828,-0.487,-0.4914,-0.4962,-0.5013,-0.5072,-0.5149,-0.528,-0.5539,-0.6026,-0.6638,-0.6589,-0.5597,-0.4689,-0.4477,-0.4522,-0.4448,-0.456,-0.4474,-0.387,-0.2924,-0.1486,0.1382,0.0939,-0.0232,-0.013,0.1201,0.351,0.4872,0.4165,0.2697,0.1385,-0.4703,-0.4723,-0.4748,-0.4776,-0.4807,-0.4841,-0.4877,-0.4916,-0.496,-0.5013,-0.5084,-0.519,-0.5354,-0.5567,-0.5721,-0.5603,-0.5189,-0.4764,-0.4561,-0.4579,-0.4876,-0.5581,-0.5708,-0.4393,-0.2377,0.0705,0.4468,0.2572,0.0087,-0.0323,0.0246,0.1415,0.2293,0.2234,0.1563,0.0763,-0.4695,-0.4713,-0.4734,-0.4757,-0.4782,-0.481,-0.484,-0.4872,-0.4909,-0.4952,-0.5006,-0.5077,-0.5163,-0.5244,-0.5264,-0.5164,-0.4956,-0.4742,-0.4637,-0.4736,-0.5247,-0.6404,-0.6767,-0.4983,-0.2697,-0.0349,0.1255,0.0418,-0.0767,-0.0755,-0.0425,0.0144,0.0642,0.076,0.0513,0.0084,-0.4683,-0.4699,-0.4716,-0.4735,-0.4756,-0.4778,-0.4802,-0.4828,-0.4856,-0.4887,-0.4924,-0.4964,-0.5003,-0.5024,-0.5004,-0.4927,-0.4805,-0.4688,-0.464,-0.4743,-0.5117,-0.5741,-0.58,-0.4638,-0.3009,-0.1516,-0.0636,-0.066,-0.0916,-0.0893,-0.076,-0.0516,-0.0274,-0.018,-0.0275,-0.0504]},{"header":{"la1":42.85,"la2":41.18,"lo1":11.55,"lo2":14.05,"nx":36,"ny":24,"dx":0.07143,"dy":0.07261,"parameterCategory":2,"parameterNumber":3,"parameterNumberName":"northward_wind","parameterUnit":"m.s-1"},"data":[-0.6521,-0.6549,-0.656,-0.6549,-0.6518,-0.6463,-0.6384,-0.6273,-0.6127,-0.5942,-0.5717,-0.5458,-0.517,-0.4858,-0.4528,-0.419,-0.3857,-0.3549,-0.3285,-0.3077,-0.2928,-0.2831,-0.2773,-0.2741,-0.2727,-0.2725,-0.2731,-0.2741,-0.2752,-0.2761,-0.2767,-0.277,-0.277,-0.2768,-0.2763,-0.2758,-0.671,-0.6755,-0.6779,-0.6778,-0.6753,-0.6706,-0.6634,-0.6528,-0.6377,-0.6173,-0.5918,-0.562,-0.5287,-0.4925,-0.4536,-0.4131,-0.3727,-0.3353,-0.3043,-0.2819,-0.2684,-0.2615,-0.2584,-0.2573,-0.2575,-0.2588,-0.261,-0.2634,-0.2658,-0.2677,-0.2691,-0.27,-0.2704,-0.2704,-0.2701,-0.2696,-0.6922,-0.699,-0.703,-0.7039,-0.702,-0.6982,-0.6925,-0.6834,-0.6684,-0.6458,-0.6162,-0.5815,-0.543,-0.5011,-0.4555,-0.4064,-0.356,-0.309,-0.2717,-0.2491,-0.2407,-0.2406,-0.2418,-0.2419,-0.2426,-0.245,-0.2487,-0.2528,-0.2566,-0.2596,-0.2618,-0.2631,-0.2638,-0.2639,-0.2637,-0.2632,-0.7162,-0.7264,-0.7327,-0.7342,-0.7322,-0.7289,-0.726,-0.7211,-0.7078,-0.6818,-0.6457,-0.6044,-0.5602,-0.5127,-0.4598,-0.4001,-0.3353,-0.2725,-0.2252,-0.2056,-0.2128,-0.2301,-0.2361,-0.2316,-0.2288,-0.231,-0.2363,-0.2423,-0.2478,-0.252,-0.2549,-0.2566,-0.2574,-0.2575,-0.2572,-0.2566,-0.7437,-0.7594,-0.7695,-0.7714,-0.7667,-0.7618,-0.7632,-0.7685,-0.7609,-0.7279,-0.6798,-0.6297,-0.5803,-0.5285,-0.4693,-0.3977,-0.3119,-0.2206,-0.1519,-0.1399,-0.1872,-0.2519,-0.2566,-0.2277,-0.2144,-0.2161,-0.2239,-0.2326,-0.2399,-0.2452,-0.2487,-0.2505,-0.2512,-0.2511,-0.2506,-0.2498,-0.7748,-0.8006,-0.8188,-0.8213,-0.8084,-0.795,-0.7996,-0.8261,-0.8338,-0.783,-0.7141,-0.6546,-0.6025,-0.5502,-0.4887,-0.407,-0.2952,-0.1544,-0.0315,-0.0264,-0.133,-0.2777,-0.273,-0.2103,-0.1922,-0.1987,-0.2119,-0.2242,-0.2337,-0.2399,-0.2435,-0.2451,-0.2453,-0.2447,-0.2437,-0.2426,-0.8078,-0.8514,-0.8901,-0.8984,-0.8654,-0.8264,-0.8222,-0.8687,-0.8979,-0.8211,-0.7365,-0.6753,-0.6265,-0.5802,-0.5243,-0.441,-0.3099,-0.1185,0.0791,0.0807,0.0032,-0.1043,-0.1494,-0.1427,-0.1561,-0.1799,-0.2021,-0.219,-0.2302,-0.2367,-0.2397,-0.2404,-0.2396,-0.2382,-0.2364,-0.2348,-0.8355,-0.9053,-0.9906,-1.0284,-0.9488,-0.855,-0.8222,-0.8431,-0.8564,-0.8045,-0.7429,-0.6923,-0.6526,-0.6204,-0.5838,-0.5138,-0.3804,-0.1851,0.004,0.1028,0.2811,0.2598,0.0755,-0.0456,-0.1181,-0.1666,-0.1991,-0.2195,-0.2311,-0.2363,-0.2376,-0.2364,-0.234,-0.2312,-0.2285,-0.2262,-0.8441,-0.9307,-1.0738,-1.186,-1.0176,-0.8625,-0.8101,-0.8084,-0.8141,-0.798,-0.7568,-0.7112,-0.6795,-0.6696,-0.6792,-0.6452,-0.4992,-0.2976,-0.0807,0.2342,0.7812,0.6751,0.2437,0.0124,-0.1048,-0.1707,-0.2088,-0.2291,-0.2378,-0.2394,-0.237,-0.2328,-0.2279,-0.2233,-0.2193,-0.2163,-0.8247,-0.8892,-0.9822,-1.0375,-0.9064,-0.8187,-0.7881,-0.8046,-0.8589,-0.8726,-0.7983,-0.7317,-0.7009,-0.7121,-0.8171,-0.8766,-0.623,-0.3844,-0.1642,0.1441,0.5549,0.509,0.1901,-0.0179,-0.1353,-0.2025,-0.2375,-0.251,-0.2517,-0.2459,-0.2376,-0.2288,-0.2206,-0.2137,-0.2084,-0.2046,-0.7886,-0.815,-0.8114,-0.7312,-0.7316,-0.7571,-0.7522,-0.7902,-0.9612,-1.0523,-0.8433,-0.7427,-0.7103,-0.7147,-0.808,-0.8875,-0.6183,-0.3955,-0.2309,-0.0678,0.0925,0.1141,0.0066,-0.1145,-0.2098,-0.2695,-0.292,-0.2883,-0.273,-0.2549,-0.2379,-0.2231,-0.2109,-0.2015,-0.1948,-0.1905,-0.7539,-0.7632,-0.7498,-0.7117,-0.7124,-0.7204,-0.6997,-0.6933,-0.8233,-0.9255,-0.8049,-0.7368,-0.7144,-0.7035,-0.6993,-0.6574,-0.5058,-0.2888,-0.1852,-0.1565,-0.1087,-0.0934,-0.1373,-0.2243,-0.3244,-0.3868,-0.3826,-0.3424,-0.2991,-0.2633,-0.2352,-0.2135,-0.197,-0.1852,-0.1774,-0.173,-0.7264,-0.7326,-0.7295,-0.7203,-0.713,-0.698,-0.6615,-0.611,-0.6631,-0.7535,-0.7534,-0.7206,-0.7248,-0.711,-0.6994,-0.6257,-0.4524,-0.0483,-0.0114,-0.1533,-0.1636,-0.1656,-0.21,-0.3196,-0.4873,-0.5838,-0.5147,-0.4042,-0.3213,-0.265,-0.2256,-0.1971,-0.1767,-0.163,-0.1549,-0.1514,-0.7044,-0.71,-0.7111,-0.7082,-0.7019,-0.6894,-0.6668,-0.64,-0.6683,-0.7402,-0.762,-0.6966,-0.6971,-1.0145,-0.7422,-0.7046,-0.5115,-0.2051,-0.1193,-0.1618,-0.152,-0.1562,-0.2162,-0.3651,-0.6323,-0.7871,-0.6205,-0.436,-0.3225,-0.2522,-0.2046,-0.1708,-0.1473,-0.1327,-0.1256,-0.1245,-0.6858,-0.6912,-0.694,-0.6944,-0.6929,-0.6899,-0.6869,-0.6925,-0.7293,-0.8009,-0.8589,-0.8463,-0.8407,-0.8934,-0.723,-0.685,-0.0106,-0.225,-0.202,-0.1348,-0.0568,-0.0611,-0.155,-0.3115,-0.5397,-0.6699,-0.548,-0.3936,-0.2896,-0.2198,-0.1689,-0.1312,-0.1055,-0.0916,-0.0879,-0.0914,-0.6693,-0.6747,-0.6788,-0.6819,-0.6851,-0.6901,-0.7003,-0.7239,-0.7779,-0.893,-1.0928,-1.054,-0.9267,-0.7875,-0.6431,-0.3929,-0.08,-0.1924,-0.1641,-0.0356,0.1784,0.1251,-0.0595,-0.2084,-0.3395,-0.4081,-0.3763,-0.3028,-0.2319,-0.1707,-0.118,-0.0754,-0.0473,-0.0365,-0.04,-0.0519,-0.6542,-0.6596,-0.6645,-0.6695,-0.6756,-0.685,-0.7009,-0.7303,-0.7863,-0.8939,-1.0515,-0.9765,-0.8337,-0.7566,-0.5888,-0.4134,-0.272,-0.17,-0.0786,0.0174,0.2218,0.1617,-0.0172,-0.1381,-0.2222,-0.2669,-0.2651,-0.2274,-0.1728,-0.1133,-0.0532,0.0002,0.0327,0.0362,0.0186,-0.0072,-0.6397,-0.6449,-0.6501,-0.6558,-0.663,-0.6732,-0.6891,-0.7143,-0.7538,-0.8077,-0.8464,-0.8134,-0.759,-0.7053,-0.4673,-0.3091,-0.2186,-0.0491,0.0746,0.0444,0.0698,0.0492,-0.0266,-0.1071,-0.1843,-0.2501,-0.2597,-0.2008,-0.126,-0.0543,0.0217,0.0973,0.1384,0.1255,0.0835,0.0382,-0.6255,-0.6302,-0.635,-0.6404,-0.647,-0.6558,-0.668,-0.6846,-0.7054,-0.7247,-0.7271,-0.6974,-0.6363,-0.5002,-0.1855,-0.0655,-0.1428,-0.011,0.1042,0.1713,0.1043,0.0406,-0.014,-0.0808,-0.1861,-0.3536,-0.3886,-0.2096,-0.0783,0.0058,0.094,0.1979,0.2503,0.2109,0.139,0.0749,-0.6113,-0.6153,-0.6193,-0.6236,-0.6285,-0.6345,-0.6417,-0.6498,-0.6567,-0.6575,-0.6438,-0.6067,-0.5345,-0.3988,-0.1853,-0.1035,-0.1194,0.0185,0.3179,0.4456,0.1937,0.0888,0.0403,-0.0216,-0.1322,-0.3486,-0.3978,-0.1076,0.0148,0.0727,0.1398,0.2386,0.2913,0.242,0.1617,0.0928,-0.5971,-0.6,-0.6029,-0.6057,-0.6085,-0.6114,-0.6138,-0.615,-0.6126,-0.6031,-0.5814,-0.5414,-0.4764,-0.3814,-0.2732,-0.198,-0.1295,0.0036,0.1989,0.2716,0.188,0.1689,0.1583,0.0923,0.0234,0.0373,0.2311,0.2162,0.1613,0.1559,0.1668,0.2056,0.2336,0.2047,0.147,0.0902,-0.5829,-0.5847,-0.5863,-0.5874,-0.588,-0.5879,-0.5864,-0.5824,-0.5742,-0.5592,-0.5341,-0.4958,-0.4418,-0.3733,-0.2989,-0.2271,-0.1479,-0.0467,0.0612,0.1341,0.2056,0.3509,0.3958,0.2476,0.1574,0.2492,0.4647,0.3703,0.2945,0.2663,0.2151,0.1869,0.1769,0.1551,0.1178,0.076,-0.5688,-0.5695,-0.5697,-0.5692,-0.5678,-0.5651,-0.5605,-0.553,-0.5412,-0.5234,-0.4977,-0.4624,-0.4168,-0.3621,-0.3016,-0.2367,-0.165,-0.0839,0.0025,0.098,0.2504,0.5036,0.5766,0.3486,0.2141,0.2392,0.3185,0.3535,0.4432,0.3962,0.277,0.1976,0.155,0.1243,0.0927,0.0593,-0.555,-0.5546,-0.5535,-0.5516,-0.5484,-0.5437,-0.5368,-0.527,-0.5132,-0.4942,-0.469,-0.4366,-0.3968,-0.3503,-0.2981,-0.2408,-0.1775,-0.1073,-0.0284,0.0692,0.2079,0.3745,0.4177,0.2989,0.2089,0.2077,0.2584,0.3505,0.4611,0.4146,0.2923,0.2007,0.144,0.1055,0.0735,0.0437]}]