docs/data/wind_grid.json
[{"header":{"la1":42.85,"la2":41.18,"lo1":11.55,"lo2":14.05,"nx":36,"ny":24,"dx":0.07143,"dy":0.07261,"parameterCategory":2,"parameterNumber":2,"parameterNumberName":"eastward_wind","parameterUnit":"m.s-1"},"data":[1.1758,1.175,1.1733,1.1714,1.1699,1.1703,1.1744,1.1845,1.2022,1.2284,1.2628,1.3042,1.3513,1.4027,1.457,1.5121,1.564,1.6071,1.6347,1.6418,1.6271,1.5936,1.547,1.4933,1.4374,1.3826,1.331,1.2838,1.2413,1.2035,1.1702,1.1412,1.1158,1.0938,1.0748,1.0583,1.1755,1.1729,1.1685,1.1627,1.1563,1.1511,1.1499,1.1565,1.1742,1.2046,1.2466,1.298,1.3567,1.4214,1.4916,1.5657,1.6393,1.7034,1.7456,1.7559,1.7321,1.6811,1.6138,1.5404,1.4676,1.3993,1.3375,1.2825,1.2345,1.1929,1.1571,1.1265,1.1003,1.0779,1.0589,1.0426,1.1768,1.1724,1.1649,1.1541,1.1405,1.1262,1.1152,1.1142,1.1304,1.1668,1.2203,1.2854,1.3584,1.4389,1.5285,1.6285,1.7352,1.8351,1.9036,1.9183,1.8758,1.793,1.6924,1.5905,1.4957,1.4113,1.3378,1.2748,1.2214,1.1764,1.1387,1.1071,1.0806,1.0585,1.0399,1.0243,1.1809,1.1751,1.1643,1.1475,1.1242,1.0956,1.0668,1.0498,1.0611,1.108,1.181,1.2659,1.3562,1.4537,1.5648,1.6978,1.8554,2.0199,2.1404,2.1605,2.0758,1.9333,1.7798,1.6387,1.5168,1.4142,1.3287,1.258,1.2,1.1526,1.1138,1.0822,1.0564,1.0352,1.0177,1.0033,1.1891,1.1829,1.1696,1.1467,1.1116,1.0627,1.0027,0.9508,0.949,1.019,1.1285,1.2421,1.3516,1.4641,1.5944,1.7636,1.994,2.2771,2.5091,2.5319,2.3478,2.0952,1.8636,1.6743,1.523,1.4023,1.3059,1.229,1.168,1.1197,1.0815,1.0513,1.0271,1.0078,0.9921,0.9794,1.2028,1.1984,1.1848,1.1575,1.111,1.0385,0.9325,0.8105,0.7749,0.8999,1.0742,1.2229,1.3484,1.4692,1.6083,1.803,2.1128,2.5851,3.0487,3.0563,2.659,2.2379,1.9165,1.681,1.5045,1.3691,1.2646,1.1843,1.1229,1.0762,1.0408,1.0136,0.9926,0.9761,0.9631,0.9528,1.2234,1.2248,1.2153,1.1878,1.1341,1.0448,0.9021,0.7004,0.6137,0.8192,1.053,1.2211,1.3519,1.47,1.6,1.7872,2.1229,2.7403,3.4736,3.4461,2.816,2.2712,1.9007,1.642,1.4515,1.3079,1.1998,1.12,1.0621,1.0206,0.9908,0.969,0.9528,0.9404,0.9309,0.9235,1.2513,1.2648,1.2679,1.2478,1.1921,1.098,0.9657,0.8037,0.744,0.9021,1.0884,1.2395,1.3644,1.4706,1.5726,1.7124,1.9749,2.4628,3.0428,3.0581,2.5841,2.1334,1.7998,1.55,1.3581,1.2122,1.1056,1.0318,0.9831,0.9517,0.9313,0.9177,0.9081,0.9011,0.8958,0.8919,1.2847,1.3193,1.3506,1.3537,1.2963,1.1867,1.0693,0.9771,0.9484,1.0053,1.1233,1.262,1.3857,1.4773,1.5346,1.6051,1.7812,2.0621,2.3301,2.3739,2.1777,1.9049,1.6429,1.4125,1.2208,1.074,0.9739,0.9142,0.8832,0.869,0.8632,0.8608,0.8597,0.8589,0.8584,0.8583,1.3166,1.3805,1.4641,1.5291,1.4685,1.2893,1.1348,1.0275,0.9372,0.9364,1.0944,1.2783,1.4206,1.5015,1.4846,1.4633,1.6672,1.898,2.0385,2.04,1.9131,1.7088,1.4739,1.2387,1.0309,0.8776,0.791,0.7597,0.7605,0.7738,0.7885,0.8004,0.8089,0.8149,0.8193,0.8231,1.3342,1.4218,1.5621,1.7316,1.6812,1.367,1.1567,1.0268,0.7955,0.6842,1.039,1.3074,1.4829,1.5764,1.5286,1.4709,1.7323,2.0203,2.1338,2.0323,1.8268,1.5815,1.3106,1.0248,0.7629,0.5886,0.5325,0.5596,0.6165,0.6708,0.7119,0.7399,0.7582,0.7702,0.779,0.7865,1.3261,1.4103,1.5427,1.6979,1.6373,1.3296,1.1459,1.0791,0.9457,0.8579,1.1176,1.3608,1.5627,1.7147,1.7274,1.7292,2.0117,2.5666,2.6741,2.2521,1.8404,1.4959,1.1489,0.7558,0.3646,0.1403,0.1639,0.3132,0.4625,0.5713,0.6413,0.6839,0.7095,0.7258,0.7378,0.7483,1.294,1.351,1.4208,1.4654,1.3938,1.233,1.1284,1.107,1.0909,1.0887,1.2129,1.3826,1.5587,1.8008,1.831,1.831,2.2734,3.545,3.5535,2.456,1.8248,1.4124,0.9997,0.4508,-0.205,-0.5371,-0.3117,0.06,0.3317,0.4949,0.5868,0.6368,0.6642,0.6811,0.6945,0.7077,1.2511,1.2806,1.3043,1.3012,1.2514,1.1763,1.1231,1.1059,1.0998,1.1101,1.192,1.3528,1.4564,1.9136,1.7237,1.8737,2.2377,2.8998,2.9439,2.1844,1.6764,1.3293,0.9218,0.2665,-0.6832,-1.1588,-0.6576,-0.0718,0.2795,0.464,0.5562,0.5996,0.6202,0.6333,0.6467,0.6628,1.2089,1.221,1.2247,1.2122,1.1809,1.1417,1.1102,1.0897,1.0652,1.0243,1.0047,1.1016,1.3422,1.4146,1.5871,2.0679,2.6227,2.1871,1.9735,1.6991,1.5123,1.3258,0.9724,0.3974,-0.3911,-0.8065,-0.429,0.0516,0.3419,0.4867,0.5481,0.5668,0.5702,0.5754,0.5892,0.6108,1.1721,1.175,1.1713,1.1583,1.1364,1.11,1.0829,1.0514,0.9965,0.8742,0.6404,0.6587,0.904,1.2265,1.3728,1.8233,2.259,1.7293,1.3917,1.3801,1.6289,1.5081,1.0847,0.6571,0.2505,0.0416,0.1461,0.3481,0.4863,0.5455,0.5481,0.5224,0.498,0.4948,0.5147,0.5488,1.1409,1.1391,1.1323,1.1198,1.1016,1.0789,1.0512,1.0129,0.9491,0.8305,0.6605,0.7244,0.8058,0.8348,0.9899,1.1261,1.1879,0.9039,0.6754,0.9894,1.6125,1.4804,1.0558,0.7831,0.6283,0.5843,0.6145,0.6473,0.6489,0.6105,0.5327,0.4392,0.3766,0.3736,0.4163,0.4761,1.1142,1.1096,1.1014,1.0888,1.0718,1.0502,1.0226,0.9855,0.9335,0.8655,0.8075,0.7948,0.7628,0.7119,0.458,0.3072,0.4439,0.1425,-0.2512,0.293,0.8029,0.9304,0.8301,0.7682,0.8106,0.9237,0.9702,0.9034,0.7977,0.6637,0.4829,0.285,0.1737,0.1995,0.2967,0.3999,1.0908,1.0845,1.0752,1.0623,1.0456,1.0246,0.9981,0.9647,0.9233,0.8762,0.8294,0.7767,0.6793,0.3971,-0.51,-0.8755,-0.0569,-0.0373,-0.2539,-0.1988,0.1664,0.4368,0.5514,0.6792,0.9156,1.2154,1.2837,1.1097,0.9248,0.7117,0.416,0.0719,-0.091,0.0093,0.1893,0.3411,1.07,1.0625,1.0523,1.039,1.0222,1.0015,0.976,0.945,0.9078,0.8638,0.8096,0.7298,0.5792,0.2365,-0.4387,-0.6541,-0.145,-0.1094,-0.5824,-0.8055,-0.2317,0.0564,0.2242,0.4949,0.896,1.2821,1.3571,1.2233,1.0319,0.7825,0.426,-0.0108,-0.2043,-0.0575,0.1598,0.328,1.0513,1.0427,1.0317,1.018,1.001,0.9803,0.9554,0.9252,0.8887,0.8434,0.7837,0.6959,0.5537,0.3241,0.0465,-0.0609,0.0006,-0.0833,-0.3766,-0.4962,-0.3655,-0.4157,-0.354,0.0992,0.7148,1.2162,1.5253,1.4162,1.1375,0.887,0.579,0.2148,0.025,0.0916,0.2406,0.371,1.0342,1.0248,1.0132,0.9989,0.9817,0.961,0.9361,0.9061,0.8696,0.8239,0.7644,0.683,0.5707,0.4272,0.283,0.1886,0.1263,0.0155,-0.1556,-0.333,-0.6686,-1.3564,-1.5233,-0.6001,0.4305,1.2194,1.7529,1.5208,1.1639,0.9876,0.7737,0.5209,0.3534,0.3264,0.379,0.4495,1.0185,1.0085,0.9963,0.9817,0.9642,0.9434,0.9186,0.8889,0.8529,0.8085,0.7528,0.6821,0.5946,0.494,0.393,0.3025,0.2112,0.0911,-0.0816,-0.367,-0.9798,-2.0804,-2.3973,-1.1272,0.123,0.9132,1.2843,1.22,1.1154,1.0634,0.9051,0.7175,0.577,0.5131,0.5081,0.5322,1.0043,0.9937,0.9811,0.9661,0.9485,0.9277,0.9031,0.874,0.8391,0.7972,0.7465,0.6856,0.6143,0.5352,0.4522,0.3665,0.2703,0.1468,-0.0318,-0.3255,-0.8381,-1.5092,-1.637,-0.8709,0.0227,0.6372,0.9548,1.0616,1.1053,1.0674,0.9408,0.802,0.693,0.6277,0.6013,0.6007]},{"header":{"la1":42.85,"la2":41.18,"lo1":11.55,"lo2":14.05,"nx":36,"ny":24,"dx":0.07143,"dy":0.07261,"parameterCategory":2,"parameterNumber":3,"parameterNumberName":"northward_wind","parameterUnit":"m.s-1"},"data":[1.5869,1.5462,1.4997,1.4479,1.393,1.3386,1.2898,1.2521,1.2282,1.2165,1.2109,1.2031,1.1857,1.1541,1.1074,1.0482,0.9827,0.9208,0.8734,0.8492,0.8508,0.8744,0.9125,0.9578,1.0045,1.0493,1.0908,1.1287,1.1634,1.1953,1.2249,1.2525,1.2785,1.303,1.3261,1.3479,1.5949,1.5485,1.493,1.4284,1.3567,1.2828,1.2156,1.1661,1.1419,1.1415,1.153,1.1608,1.1518,1.1189,1.0603,0.9792,0.8845,0.792,0.7221,0.6912,0.7031,0.748,0.8108,0.8783,0.9427,1.0006,1.0515,1.0962,1.1359,1.1718,1.2047,1.2352,1.2638,1.2906,1.3159,1.3395,1.609,1.5569,1.4913,1.4104,1.3144,1.2086,1.1074,1.0336,1.0079,1.0304,1.0763,1.1139,1.1213,1.089,1.0149,0.9016,0.7594,0.6134,0.5031,0.4637,0.5,0.5865,0.6908,0.7913,0.8787,0.9518,1.0126,1.064,1.1085,1.1482,1.1844,1.2179,1.2493,1.2786,1.3061,1.3318,1.6314,1.5751,1.4999,1.4001,1.2711,1.1144,0.9483,0.8193,0.7854,0.8565,0.9727,1.0651,1.1003,1.0712,0.9778,0.8195,0.6015,0.3574,0.168,0.1192,0.2152,0.3837,0.5563,0.7024,0.8172,0.906,0.9757,1.0326,1.0812,1.1243,1.1638,1.2005,1.2348,1.2669,1.2969,1.3248,1.6648,1.6077,1.5262,1.4091,1.2418,1.0107,0.7239,0.4627,0.3954,0.5788,0.8403,1.025,1.0987,1.0741,0.96,0.7476,0.4176,-0.0082,-0.3663,-0.4179,-0.1747,0.1495,0.4237,0.6242,0.7654,0.8663,0.9417,1.0019,1.0533,1.0995,1.1423,1.1825,1.2203,1.2556,1.2885,1.3189,1.711,1.659,1.5791,1.4541,1.256,0.9422,0.4684,-0.0869,-0.2692,0.1811,0.7153,1.0215,1.1301,1.1056,0.9744,0.7171,0.2618,-0.4559,-1.1659,-1.1882,-0.6231,-0.0582,0.3297,0.5749,0.7308,0.8346,0.9098,0.97,1.023,1.0722,1.1191,1.1636,1.2057,1.2449,1.2811,1.3142,1.7703,1.7312,1.6654,1.5514,1.3524,1.002,0.384,-0.5419,-0.9423,-0.0795,0.7302,1.0986,1.2042,1.1641,1.0229,0.7625,0.2652,-0.6773,-1.8061,-1.7675,-0.847,-0.1113,0.3225,0.57,0.7156,0.8082,0.8754,0.9325,0.9867,1.0402,1.0928,1.1434,1.191,1.235,1.275,1.3112,1.8399,1.8222,1.7847,1.7051,1.5461,1.2543,0.7476,0.0075,-0.2908,0.403,1.0155,1.2715,1.3135,1.2308,1.0738,0.8604,0.4936,-0.2309,-1.1323,-1.1702,-0.4951,0.0756,0.4163,0.6053,0.7105,0.7758,0.8281,0.8811,0.939,1.0004,1.0622,1.1215,1.1766,1.2265,1.2711,1.3105,1.9136,1.9234,1.9273,1.9011,1.8026,1.6107,1.3455,1.0826,1.0358,1.2422,1.4246,1.4866,1.4344,1.2752,1.043,0.8747,0.7399,0.4255,0.0305,-0.0773,0.1313,0.3843,0.5575,0.649,0.69,0.7151,0.7495,0.803,0.8724,0.9495,1.0265,1.0987,1.1636,1.2207,1.2703,1.3131,1.9816,2.019,2.0704,2.1106,2.0615,1.9211,1.7964,1.7341,1.7563,1.7844,1.7454,1.6804,1.5575,1.3132,0.8383,0.604,0.8175,0.7783,0.6301,0.5512,0.576,0.6372,0.67,0.6556,0.6145,0.5885,0.6096,0.6796,0.7787,0.8857,0.987,1.0769,1.1541,1.2193,1.274,1.3199,2.0343,2.0875,2.1699,2.2646,2.2425,2.1144,2.0687,2.053,2.003,1.9875,1.9304,1.8355,1.6883,1.4643,0.964,0.6262,0.9148,0.8777,0.7835,0.7709,0.7873,0.7792,0.7139,0.583,0.4267,0.3328,0.3619,0.4893,0.6534,0.8118,0.9484,1.0608,1.1518,1.2251,1.2842,1.3323,2.0677,2.1183,2.1888,2.2609,2.2496,2.2057,2.2596,2.3161,2.1789,2.0658,2.0551,1.9844,1.8018,1.5858,1.4608,1.2714,1.0606,0.652,0.5322,0.7399,0.8608,0.8432,0.693,0.4019,0.0412,-0.1608,-0.0575,0.2197,0.5063,0.7412,0.9214,1.0577,1.1615,1.2411,1.3029,1.3515,2.0874,2.1266,2.1708,2.2068,2.2223,2.2614,2.3665,2.4829,2.3987,2.2558,2.2185,2.2088,2.032,1.56,1.5388,1.5316,1.0917,-0.0364,-0.0709,0.6614,0.9106,0.884,0.6489,0.1338,-0.6172,-1.0149,-0.6644,-0.0823,0.3816,0.7019,0.9219,1.0768,1.1886,1.2706,1.3319,1.3785,2.1017,2.1328,2.1654,2.1967,2.2318,2.2874,2.3676,2.4377,2.4179,2.3818,2.3985,2.4311,2.4059,2.0966,1.9557,1.7356,1.3706,0.6068,0.4509,0.8829,1.0044,0.926,0.6565,-0.0208,-1.2158,-1.8608,-1.1296,-0.2293,0.3631,0.7292,0.9657,1.1258,1.2371,1.3158,1.3722,1.4137,2.115,2.1431,2.1734,2.2067,2.2466,2.2968,2.353,2.4012,2.4474,2.5461,2.6647,2.6791,2.6139,2.9336,2.2797,1.8124,1.5293,1.4595,1.3037,1.2006,0.9908,0.8854,0.7482,0.217,-0.779,-1.3472,-0.7723,-0.0092,0.5097,0.8395,1.0578,1.2067,1.3084,1.3771,1.4236,1.4563,2.1281,2.1555,2.186,2.2206,2.2611,2.3088,2.3635,2.4305,2.539,2.7511,3.0742,3.19,2.9746,2.7202,2.4358,2.0065,1.7211,1.8706,1.824,1.329,0.4855,0.581,0.8524,0.6562,0.1937,-0.0858,0.0894,0.4473,0.7639,1.006,1.1857,1.3143,1.3998,1.4524,1.484,1.5045,2.1402,2.1677,2.1986,2.2339,2.2751,2.3238,2.3838,2.4652,2.5913,2.7966,3.0458,3.0513,3.1053,3.1156,2.6969,2.4432,2.356,2.5613,2.6437,1.818,0.4627,0.6251,1.0545,1.0245,0.8151,0.6682,0.6844,0.8213,1.0027,1.1785,1.327,1.4376,1.5051,1.5365,1.5486,1.5544,2.1507,2.1782,2.2093,2.2449,2.2862,2.3356,2.3967,2.4763,2.5832,2.7167,2.8382,2.9186,3.1091,3.1519,2.953,2.9046,2.8766,3.4152,4.0584,2.9378,1.8637,1.4947,1.4501,1.3115,1.0796,0.8642,0.8202,0.9682,1.1603,1.3262,1.4616,1.5617,1.6115,1.6182,1.6091,1.6008,2.1591,2.1864,2.2172,2.2523,2.2928,2.3405,2.3979,2.4677,2.5512,2.6428,2.7296,2.8125,2.9092,3.0048,3.3232,3.4767,3.1519,3.4857,3.8704,3.4811,2.7651,2.174,1.8302,1.5295,1.1296,0.6055,0.4968,0.9496,1.2787,1.4569,1.574,1.6579,1.6901,1.6769,1.6545,1.6385,2.1651,2.1919,2.2219,2.2557,2.2943,2.3388,2.3903,2.4496,2.5159,2.5859,2.656,2.7283,2.815,2.9613,3.261,3.3625,3.1618,3.329,3.8675,4.0965,3.1883,2.5147,2.1068,1.7459,1.2807,0.6064,0.4622,1.1738,1.4841,1.602,1.6592,1.6953,1.709,1.6979,1.6804,1.6664,2.1689,2.1947,2.2234,2.2555,2.2914,2.3319,2.3772,2.4275,2.4819,2.5389,2.5978,2.6613,2.7386,2.8469,2.9779,3.0328,3.0329,3.1789,3.5117,3.5732,3.0612,2.6235,2.3459,2.0279,1.6855,1.5468,1.8889,1.878,1.7946,1.7827,1.7552,1.7249,1.7124,1.7072,1.6991,1.6897,2.1704,2.195,2.2222,2.252,2.285,2.3213,2.361,2.404,2.4496,2.4972,2.5469,2.6004,2.6611,2.7308,2.7984,2.8431,2.8819,2.9616,3.0564,3.018,2.821,2.7178,2.6576,2.3399,2.0243,2.0361,2.3531,2.1903,2.0441,1.9904,1.8926,1.806,1.7584,1.7374,1.725,1.7145,2.1699,2.1932,2.2185,2.246,2.276,2.3083,2.3431,2.38,2.4186,2.4586,2.5,2.5433,2.589,2.6357,2.6784,2.7125,2.7431,2.7762,2.7927,2.7595,2.719,2.8162,2.8658,2.5263,2.1943,2.1014,2.1549,2.164,2.2442,2.1841,2.0238,1.898,1.8228,1.7818,1.758,1.7418,2.1677,2.1895,2.2129,2.2381,2.265,2.2938,2.3241,2.3559,2.3887,2.4222,2.4563,2.4908,2.5251,2.5579,2.5869,2.6103,2.6284,2.64,2.6388,2.625,2.6318,2.6965,2.6904,2.477,2.2421,2.1265,2.1142,2.1709,2.2679,2.2166,2.0733,1.9527,1.8724,1.8222,1.7903,1.7687]}]