docs/data/wind_grid.json
[{"header":{"la1":42.85,"la2":41.18,"lo1":11.55,"lo2":14.05,"nx":36,"ny":24,"dx":0.07143,"dy":0.07261,"parameterCategory":2,"parameterNumber":2,"parameterNumberName":"eastward_wind","parameterUnit":"m.s-1"},"data":[1.8374,1.844,1.8524,1.8621,1.8721,1.8805,1.8849,1.8824,1.8707,1.8493,1.8192,1.7826,1.7417,1.6986,1.6545,1.6109,1.5693,1.5316,1.5001,1.4763,1.4612,1.4549,1.4575,1.4678,1.4834,1.5015,1.5199,1.5373,1.553,1.5669,1.5792,1.59,1.5995,1.608,1.6156,1.6225,1.837,1.8455,1.8572,1.8719,1.8889,1.9057,1.9183,1.9215,1.9109,1.8852,1.8468,1.8001,1.749,1.6958,1.6418,1.588,1.536,1.4888,1.45,1.422,1.4053,1.3999,1.4066,1.4242,1.4487,1.475,1.4999,1.522,1.541,1.5572,1.5711,1.583,1.5934,1.6024,1.6105,1.6178,1.8332,1.843,1.858,1.8791,1.906,1.9362,1.9636,1.9783,1.9707,1.9378,1.8855,1.8235,1.7584,1.6928,1.6269,1.5603,1.4941,1.4328,1.3841,1.3526,1.3357,1.3307,1.3427,1.3724,1.4106,1.4482,1.481,1.5082,1.5304,1.5487,1.5639,1.5767,1.5876,1.5972,1.6056,1.6131,1.8244,1.8341,1.8515,1.8796,1.92,1.9714,2.0261,2.0656,2.0655,2.0174,1.9391,1.8527,1.7689,1.6889,1.6098,1.5277,1.4412,1.3565,1.292,1.2624,1.2531,1.2458,1.2626,1.3131,1.3728,1.4247,1.4656,1.4973,1.522,1.5416,1.5577,1.571,1.5823,1.5921,1.6008,1.6085,1.809,1.8156,1.8326,1.8664,1.923,2.0061,2.1108,2.2064,2.2259,2.1404,2.0087,1.8841,1.7774,1.6824,1.5906,1.4924,1.3778,1.2479,1.1453,1.1341,1.1693,1.1545,1.1712,1.2583,1.3451,1.4101,1.4566,1.4906,1.5162,1.5363,1.5524,1.5659,1.5773,1.5872,1.5959,1.6038,1.7862,1.7845,1.7945,1.8286,1.901,2.0232,2.2067,2.4258,2.4998,2.314,2.0808,1.9072,1.778,1.6699,1.5689,1.46,1.3165,1.1056,0.8813,0.906,1.1015,1.1146,1.1306,1.2455,1.3434,1.4102,1.4558,1.4884,1.5129,1.5322,1.5479,1.561,1.5723,1.5821,1.5909,1.5988,1.7572,1.7398,1.7303,1.7526,1.8359,1.9921,2.2439,2.6171,2.7853,2.437,2.1063,1.9058,1.7647,1.6459,1.5381,1.4326,1.291,1.0237,0.6019,0.6443,1.0766,1.1951,1.2262,1.3015,1.3725,1.4247,1.4619,1.4894,1.5108,1.5284,1.5432,1.556,1.567,1.5767,1.5853,1.5932,1.7276,1.6886,1.6425,1.6306,1.7252,1.9033,2.1359,2.4261,2.5435,2.294,2.0469,1.878,1.7383,1.602,1.4744,1.3834,1.3069,1.1469,0.8994,0.9628,1.2649,1.3492,1.3549,1.3796,1.4141,1.4448,1.4694,1.4897,1.5075,1.5234,1.5375,1.5499,1.5608,1.5703,1.5789,1.5868,1.7066,1.6522,1.5735,1.5166,1.6284,1.8124,1.9854,2.1191,2.156,2.0833,1.9719,1.8506,1.713,1.5342,1.3164,1.2151,1.2813,1.3044,1.2715,1.333,1.4776,1.4707,1.4377,1.4372,1.4469,1.458,1.4701,1.484,1.4995,1.5151,1.5296,1.5423,1.5532,1.5626,1.5712,1.5791,1.7004,1.646,1.5817,1.5485,1.6111,1.7609,1.9062,1.9959,2.035,2.025,1.9542,1.8503,1.7169,1.4882,0.9903,0.7276,1.179,1.3885,1.4365,1.4567,1.4835,1.4859,1.4782,1.4696,1.4589,1.4512,1.453,1.4651,1.483,1.5018,1.5185,1.5324,1.5436,1.5531,1.5615,1.5695,1.7071,1.6538,1.5772,1.463,1.5025,1.7304,1.8915,1.9755,2.0558,2.0898,1.9769,1.8758,1.7704,1.603,1.1065,0.7367,1.2714,1.486,1.5386,1.5421,1.5333,1.5248,1.5098,1.478,1.4354,1.4041,1.4022,1.4246,1.455,1.4827,1.5043,1.5201,1.5316,1.5408,1.5491,1.5573,1.7257,1.6776,1.5992,1.4876,1.5358,1.7687,1.9194,1.9763,2.0166,2.0419,1.9779,1.9197,1.8443,1.7779,1.6699,1.5154,1.5505,1.601,1.6156,1.616,1.6035,1.5791,1.5338,1.4528,1.3457,1.2766,1.2932,1.3557,1.4163,1.4601,1.4882,1.5055,1.5164,1.5247,1.5326,1.5413,1.7548,1.7239,1.6851,1.6611,1.7188,1.8482,1.9495,1.9885,1.9868,1.9914,1.9938,2.0197,1.9578,1.814,1.7906,1.7231,1.6835,1.6317,1.6302,1.6656,1.6637,1.6298,1.5507,1.392,1.1494,1.0082,1.1104,1.269,1.378,1.44,1.4724,1.4882,1.4963,1.5024,1.5098,1.5196,1.7877,1.7747,1.7665,1.7773,1.8229,1.8919,1.9508,1.98,1.9843,1.9957,2.0267,2.1487,2.1706,1.9175,1.8298,1.7329,1.7196,1.6889,1.6847,1.7214,1.7243,1.6862,1.5842,1.3556,0.9439,0.7053,0.956,1.2201,1.3631,1.4305,1.4582,1.4662,1.4674,1.4697,1.4771,1.4898,1.8179,1.8163,1.8214,1.8389,1.8713,1.9117,1.9475,1.9713,1.9901,2.0195,2.0529,2.0692,2.0416,2.0757,1.8587,1.7219,1.6612,1.7443,1.7819,1.7992,1.7917,1.7554,1.6573,1.4438,1.0922,0.8866,1.0652,1.2745,1.3877,1.434,1.4424,1.4329,1.4214,1.4189,1.4288,1.4485,1.8425,1.8467,1.8564,1.8733,1.8972,1.9246,1.9511,1.9757,2.0057,2.0571,2.1409,2.0992,2.0543,1.997,1.9089,1.8004,1.7303,1.8277,1.891,1.8798,1.8204,1.8077,1.7455,1.5984,1.4081,1.2924,1.32,1.3919,1.4356,1.441,1.4152,1.3746,1.3428,1.3369,1.3571,1.3924,1.8616,1.8684,1.8792,1.8943,1.9133,1.9348,1.9573,1.9818,2.0133,2.0618,2.1259,2.0881,2.0258,2.0004,1.9873,1.9559,1.9491,2.0226,2.0858,2.0024,1.8393,1.8413,1.8189,1.7174,1.5981,1.5153,1.486,1.4841,1.4761,1.4385,1.3626,1.2681,1.2041,1.2043,1.2539,1.3208,1.8761,1.884,1.8947,1.9082,1.9244,1.9424,1.9621,1.984,2.0094,2.0379,2.058,2.0502,2.0235,2.0301,2.136,2.1872,2.1546,2.2505,2.3668,2.2377,2.0724,1.9775,1.9037,1.7953,1.6708,1.5697,1.526,1.5188,1.4975,1.4248,1.2768,1.084,0.9695,1.0058,1.1222,1.2419,1.8872,1.8954,1.9056,1.9179,1.9321,1.9478,1.965,1.9837,2.0035,2.0228,2.0378,2.0482,2.0684,2.1541,2.4531,2.5813,2.3233,2.3502,2.4554,2.5617,2.3528,2.1501,2.0058,1.8554,1.6753,1.5001,1.459,1.5103,1.5119,1.4204,1.1853,0.8381,0.6566,0.7813,0.9999,1.1801,1.8956,1.9038,1.9135,1.9247,1.9375,1.9515,1.9667,1.9829,1.9998,2.017,2.0347,2.0576,2.1015,2.2084,2.4305,2.5081,2.3696,2.4542,2.8921,3.108,2.583,2.2973,2.1262,1.9375,1.7034,1.4817,1.4374,1.51,1.5425,1.4651,1.1906,0.7431,0.5198,0.7011,0.9679,1.1702,1.9021,1.9101,1.9192,1.9297,1.9413,1.954,1.9677,1.9824,1.9981,2.0151,2.0351,2.0625,2.1066,2.1798,2.2725,2.3186,2.333,2.4454,2.7,2.7861,2.565,2.4328,2.3251,2.0961,1.804,1.563,1.4264,1.4892,1.6144,1.5975,1.3727,1.0061,0.7975,0.8843,1.0689,1.2272,1.9071,1.9147,1.9234,1.9332,1.9439,1.9556,1.9682,1.9819,1.9969,2.0137,2.034,2.0604,2.0966,2.1442,2.1953,2.2375,2.2826,2.3625,2.4669,2.5205,2.552,2.7087,2.7351,2.3654,1.9404,1.5941,1.3317,1.5017,1.8258,1.8549,1.6546,1.3812,1.1972,1.1735,1.2416,1.3281,1.9108,1.9182,1.9264,1.9356,1.9455,1.9564,1.9682,1.9811,1.9953,2.0115,2.0307,2.0541,2.0832,2.1175,2.1543,2.1918,2.2351,2.2914,2.3576,2.4352,2.5962,2.9468,3.0584,2.5697,2.084,1.7709,1.647,1.8797,2.2781,2.1883,1.9057,1.6537,1.484,1.4105,1.4071,1.4368,1.9136,1.9207,1.9285,1.9371,1.9464,1.9566,1.9676,1.9797,1.9931,2.0082,2.0257,2.0461,2.07,2.097,2.1264,2.1585,2.1952,2.2396,2.2954,2.377,2.524,2.7374,2.7728,2.4807,2.1463,1.9341,1.8931,2.0825,2.3414,2.2518,2.0041,1.7942,1.6493,1.567,1.5336,1.531]},{"header":{"la1":42.85,"la2":41.18,"lo1":11.55,"lo2":14.05,"nx":36,"ny":24,"dx":0.07143,"dy":0.07261,"parameterCategory":2,"parameterNumber":3,"parameterNumberName":"northward_wind","parameterUnit":"m.s-1"},"data":[0.4277,0.4439,0.4617,0.4809,0.5009,0.5203,0.5371,0.5486,0.5531,0.5505,0.5426,0.5318,0.5205,0.5098,0.4998,0.4902,0.4799,0.4679,0.4532,0.4357,0.4162,0.3962,0.3771,0.3592,0.3421,0.3254,0.3089,0.2927,0.2769,0.2616,0.2469,0.233,0.2199,0.2077,0.1963,0.1858,0.4323,0.451,0.4722,0.4963,0.5229,0.5504,0.5753,0.5928,0.5987,0.5925,0.5782,0.561,0.5449,0.5315,0.5205,0.5109,0.5011,0.4891,0.4727,0.4509,0.4254,0.4002,0.378,0.3589,0.3412,0.3238,0.3063,0.289,0.2721,0.2557,0.2402,0.2255,0.2117,0.1989,0.1871,0.1763,0.4355,0.4565,0.4814,0.5112,0.5468,0.5871,0.6271,0.6565,0.6651,0.6511,0.6237,0.5948,0.5714,0.5546,0.5431,0.5348,0.5272,0.5171,0.4994,0.4705,0.4335,0.3986,0.3732,0.3548,0.338,0.3204,0.3021,0.2837,0.2657,0.2483,0.2319,0.2164,0.202,0.1886,0.1764,0.1653,0.4368,0.46,0.4881,0.5236,0.5703,0.6307,0.6992,0.7554,0.7707,0.7379,0.6825,0.6326,0.5986,0.5787,0.5678,0.5623,0.56,0.5569,0.542,0.5011,0.4382,0.3831,0.3568,0.3451,0.332,0.315,0.296,0.2765,0.2573,0.239,0.2217,0.2055,0.1904,0.1766,0.164,0.1527,0.4362,0.4614,0.4915,0.5307,0.5879,0.676,0.7984,0.9201,0.9556,0.8731,0.7554,0.6699,0.6237,0.6029,0.595,0.5938,0.6005,0.6162,0.6208,0.5643,0.4416,0.3408,0.3251,0.3315,0.3238,0.3072,0.2872,0.2667,0.2466,0.2274,0.2093,0.1924,0.1768,0.1626,0.1497,0.1382,0.434,0.4621,0.4937,0.5311,0.5901,0.7042,0.9117,1.1877,1.2879,1.0683,0.8252,0.6942,0.6424,0.6282,0.627,0.6298,0.6445,0.6952,0.7736,0.7146,0.4777,0.31,0.3068,0.322,0.3141,0.2962,0.2753,0.2538,0.233,0.2131,0.1944,0.177,0.1609,0.1463,0.1332,0.1216,0.4303,0.4656,0.5039,0.5346,0.5719,0.6799,0.9474,1.4278,1.6553,1.201,0.83,0.6863,0.6524,0.6591,0.6721,0.6755,0.6811,0.7464,0.9348,0.8949,0.5316,0.3571,0.3223,0.3136,0.2998,0.2807,0.2592,0.2374,0.2161,0.1959,0.1767,0.1588,0.1423,0.1274,0.1141,0.1026,0.4218,0.472,0.5406,0.579,0.5534,0.5897,0.781,1.1387,1.2996,0.9611,0.7065,0.6391,0.6585,0.707,0.7503,0.7543,0.7194,0.7094,0.7694,0.6675,0.3598,0.2674,0.2832,0.2878,0.2777,0.2597,0.2387,0.2171,0.196,0.1756,0.1561,0.1378,0.1208,0.1055,0.092,0.0806,0.3984,0.4582,0.5834,0.693,0.5426,0.4667,0.5222,0.6082,0.6048,0.5159,0.5045,0.5739,0.6725,0.7848,0.9019,0.9267,0.8065,0.6782,0.5747,0.3763,0.0572,0.089,0.2185,0.2545,0.2509,0.2343,0.214,0.1932,0.1726,0.1523,0.1324,0.1135,0.0958,0.08,0.0664,0.0552,0.3518,0.3795,0.4459,0.4928,0.3396,0.3114,0.3191,0.2616,0.0993,0.0528,0.2847,0.5216,0.703,0.8767,1.1561,1.2933,0.9394,0.6882,0.5246,0.344,0.1398,0.1367,0.2112,0.232,0.2232,0.2052,0.1856,0.1662,0.1465,0.1262,0.1056,0.0855,0.0668,0.0502,0.0364,0.0257,0.2955,0.2662,0.1711,-0.072,-0.0409,0.1667,0.2067,0.1031,-0.3075,-0.5327,0.1166,0.5212,0.7644,0.94,1.1601,1.3123,0.9185,0.6609,0.5098,0.39,0.2855,0.2376,0.2261,0.212,0.1919,0.1719,0.1544,0.1374,0.1187,0.0978,0.0755,0.0533,0.0326,0.0148,0.0008,-0.0092,0.2551,0.2045,0.0922,-0.0816,-0.0454,0.1375,0.186,0.1548,-0.0623,-0.2149,0.2292,0.5909,0.8665,1.1196,1.0687,0.9477,0.7671,0.5601,0.4532,0.3885,0.3127,0.2522,0.2111,0.1797,0.1537,0.1354,0.1232,0.1097,0.091,0.0677,0.0416,0.0154,-0.0085,-0.0282,-0.0423,-0.0509,0.2379,0.1989,0.1397,0.0871,0.1089,0.173,0.1992,0.2084,0.1853,0.1955,0.402,0.6776,0.8747,1.2031,1.1071,0.9026,0.7262,0.403,0.3585,0.3525,0.2742,0.207,0.164,0.1358,0.1151,0.1046,0.0994,0.0869,0.0648,0.0355,0.0024,-0.0307,-0.0599,-0.082,-0.0958,-0.1015,0.234,0.2108,0.1851,0.17,0.178,0.1967,0.206,0.208,0.2122,0.2607,0.4123,0.748,0.8711,0.8635,0.8941,1.0879,0.8583,0.5031,0.3792,0.2886,0.1753,0.1076,0.0888,0.0897,0.094,0.0964,0.0892,0.0696,0.039,-0.0005,-0.0454,-0.0897,-0.127,-0.1522,-0.1639,-0.1639,0.2336,0.2203,0.2081,0.2014,0.2023,0.2062,0.2078,0.2062,0.2012,0.189,0.2002,0.3311,0.4719,0.3303,0.7522,1.1126,0.5172,0.4913,0.3249,0.1398,-0.0368,-0.0772,-0.0211,0.0352,0.0736,0.0873,0.0766,0.0513,0.0111,-0.0435,-0.1071,-0.17,-0.2196,-0.2474,-0.2528,-0.2415,0.2323,0.2239,0.2164,0.2113,0.2084,0.2058,0.2002,0.1863,0.1483,0.0361,-0.221,-0.1308,0.0738,0.3106,0.4803,0.564,0.431,0.3411,0.1588,-0.0862,-0.4145,-0.3546,-0.1476,-0.0304,0.033,0.0605,0.0607,0.0357,-0.0168,-0.0949,-0.1906,-0.2857,-0.3549,-0.3818,-0.3706,-0.3371,0.229,0.2227,0.2167,0.2112,0.2058,0.1986,0.1865,0.1624,0.1099,-0.0073,-0.1971,-0.1137,-0.1229,-0.139,0.1502,0.2363,0.212,0.0818,-0.0702,-0.2183,-0.4869,-0.4162,-0.2068,-0.0745,0.0145,0.0712,0.0852,0.0485,-0.0329,-0.153,-0.3053,-0.4603,-0.561,-0.5743,-0.5236,-0.4498,0.2239,0.2183,0.2125,0.2062,0.1987,0.1885,0.1728,0.1468,0.1031,0.038,-0.0236,-0.0529,-0.1778,-0.2256,-0.194,-0.2257,-0.1262,-0.1923,-0.284,-0.3112,-0.3498,-0.3151,-0.212,-0.0892,0.047,0.1746,0.2071,0.1185,-0.0256,-0.2121,-0.4565,-0.7214,-0.8712,-0.8356,-0.7044,-0.5679,0.2175,0.212,0.2058,0.1986,0.1897,0.1778,0.1611,0.1371,0.1039,0.0627,0.0197,-0.0302,-0.1117,-0.2608,-0.76,-0.9864,-0.4325,-0.3416,-0.4227,-0.6228,-0.5014,-0.3706,-0.2581,-0.1097,0.1118,0.3932,0.4535,0.2276,-0.0055,-0.2606,-0.6124,-1.0379,-1.2482,-1.11,-0.866,-0.6627,0.2103,0.2046,0.1979,0.1899,0.18,0.1673,0.1507,0.1288,0.101,0.0672,0.0264,-0.0289,-0.1204,-0.3114,-0.7085,-0.8406,-0.5117,-0.5116,-0.9695,-1.2038,-0.7197,-0.5066,-0.3807,-0.1947,0.0895,0.4353,0.5072,0.2391,-0.0109,-0.2849,-0.6672,-1.1648,-1.4024,-1.2096,-0.9214,-0.6973,0.2027,0.1965,0.1893,0.1807,0.1702,0.1572,0.1407,0.1202,0.0947,0.0632,0.0233,-0.0317,-0.115,-0.2454,-0.4053,-0.4687,-0.4397,-0.5273,-0.7929,-0.9016,-0.7484,-0.7152,-0.6574,-0.4082,-0.069,0.2049,0.309,0.2,-0.0592,-0.3061,-0.5843,-0.9348,-1.1297,-1.0355,-0.8375,-0.6607,0.1949,0.1883,0.1807,0.1716,0.1607,0.1474,0.1312,0.1114,0.0871,0.0571,0.0193,-0.0302,-0.0962,-0.1792,-0.2635,-0.3222,-0.3693,-0.457,-0.5871,-0.6939,-0.8414,-1.1742,-1.2573,-0.7802,-0.2676,0.1065,0.367,0.1716,-0.2435,-0.4141,-0.5149,-0.6705,-0.7878,-0.7798,-0.6895,-0.5816,0.1871,0.1802,0.1722,0.1627,0.1516,0.1382,0.1222,0.1029,0.0796,0.0514,0.0167,-0.0262,-0.0784,-0.138,-0.1988,-0.256,-0.3172,-0.3981,-0.5061,-0.6607,-0.9718,-1.5529,-1.727,-1.0601,-0.4528,-0.101,0.0225,-0.2428,-0.6655,-0.6242,-0.53,-0.543,-0.5863,-0.5933,-0.5564,-0.4966,0.1795,0.1723,0.164,0.1543,0.143,0.1296,0.1138,0.0951,0.073,0.0465,0.0151,-0.0222,-0.0653,-0.1133,-0.1643,-0.2182,-0.2795,-0.3563,-0.4602,-0.6186,-0.8867,-1.2434,-1.3178,-0.9354,-0.5228,-0.2839,-0.2497,-0.4615,-0.7245,-0.664,-0.5348,-0.4876,-0.4844,-0.4809,-0.4602,-0.4248]}]