docs/data/wind_grid.json
[{"header":{"la1":42.22,"la2":41.45,"lo1":11.9,"lo2":12.97,"nx":16,"ny":12,"dx":0.07133,"dy":0.07,"parameterCategory":2,"parameterNumber":2,"parameterNumberName":"eastward_wind","parameterUnit":"m.s-1"},"data":[2.3485,2.4321,2.5619,2.7118,2.7614,2.6574,2.5441,2.5016,2.5091,2.5387,2.59,2.6688,2.7557,2.8121,2.8175,2.7835,2.3058,2.3936,2.5807,2.9064,3.0565,2.7724,2.5511,2.5071,2.5383,2.57,2.6262,2.7536,2.9128,3.0004,2.9767,2.8929,2.2294,2.2726,2.4162,2.8552,3.1296,2.7227,2.4978,2.5139,2.6348,2.6341,2.6536,2.8707,3.1973,3.3285,3.2009,3.0145,2.1384,2.0983,2.0302,2.1983,2.5056,2.4415,2.4128,2.4932,2.8421,2.6959,2.6344,2.9886,3.6603,3.8186,3.4311,3.1001,2.0691,1.995,1.8571,1.8938,2.1296,2.2191,2.4179,2.5263,2.3032,2.3938,2.5384,2.9374,3.7513,3.9388,3.4318,3.0695,2.0299,1.9783,1.9237,1.9266,1.9386,1.9571,2.1847,2.291,2.0107,2.1408,2.4878,2.7939,3.0714,3.2787,3.1123,2.9066,2.0006,1.9592,1.9114,1.8406,1.6936,1.5058,1.5422,1.7287,1.8442,2.0429,2.5114,2.8737,2.7753,2.7903,2.7594,2.6932,1.9724,1.9248,1.8559,1.7371,1.5104,1.1124,1.2694,1.435,1.6177,1.8987,2.2909,2.5649,2.544,2.4862,2.4809,2.4963,1.9497,1.8971,1.8215,1.7059,1.5343,1.3556,1.3789,1.3117,1.1682,1.6804,2.0663,2.2745,2.2791,2.2145,2.2647,2.3445,1.9368,1.8858,1.818,1.7293,1.6263,1.5436,1.5069,1.4246,1.4065,1.6855,1.9731,2.1442,2.1584,2.1062,2.1684,2.2598,1.9339,1.8889,1.8341,1.7707,1.7065,1.6555,1.6233,1.604,1.6436,1.787,1.9642,2.0961,2.1431,2.1405,2.1734,2.2313,1.9388,1.9013,1.859,1.8142,1.7724,1.7407,1.7247,1.7312,1.7763,1.8673,1.9798,2.0763,2.1335,2.1602,2.1871,2.2228]},{"header":{"la1":42.22,"la2":41.45,"lo1":11.9,"lo2":12.97,"nx":16,"ny":12,"dx":0.07133,"dy":0.07,"parameterCategory":2,"parameterNumber":3,"parameterNumberName":"northward_wind","parameterUnit":"m.s-1"},"data":[3.059,3.1012,3.173,3.2588,3.2813,3.1968,3.0865,3.0058,2.9537,2.9169,2.8805,2.8358,2.7893,2.7587,2.7533,2.7672,3.0349,3.0769,3.1836,3.3807,3.4714,3.2785,3.0891,2.9842,2.9272,2.8962,2.8601,2.7936,2.7124,2.6666,2.6761,2.7147,2.9884,2.9951,3.071,3.3467,3.5182,3.2537,3.0506,2.9457,2.8782,2.8685,2.8461,2.7383,2.5723,2.5031,2.566,2.6564,2.9344,2.8715,2.7859,2.9071,3.1426,3.0941,2.9934,2.9213,2.8117,2.8465,2.8548,2.6918,2.3375,2.25,2.452,2.6164,2.906,2.8089,2.6414,2.6826,2.9582,3.0151,2.9569,2.9205,2.9006,2.9061,2.9128,2.7755,2.3044,2.1893,2.4584,2.6351,2.9185,2.8559,2.7879,2.8412,2.9897,3.0425,2.9958,2.9513,2.9171,2.9627,3.032,3.0901,2.8031,2.585,2.6351,2.7171,2.9524,2.9326,2.933,2.9881,3.0809,3.1524,3.1376,3.0716,3.0052,3.0171,3.129,3.3071,3.0758,2.8674,2.8083,2.8108,2.9853,2.9882,3.0094,3.0602,3.1428,3.2629,3.209,3.1535,3.0993,3.0686,3.0935,3.1327,3.0419,2.9399,2.8934,2.8751,3.0089,3.0201,3.0438,3.0837,3.1387,3.1907,3.1775,3.1702,3.1925,3.1072,3.0663,3.0358,2.9702,2.9221,2.9134,2.9055,3.0234,3.036,3.0561,3.0837,3.1145,3.1367,3.1407,3.149,3.15,3.1016,3.0522,3.0009,2.9334,2.899,2.9113,2.917,3.0312,3.0425,3.0579,3.0763,3.0945,3.1074,3.1131,3.1144,3.1055,3.0777,3.0392,2.9933,2.9438,2.9176,2.9207,2.9259,3.0345,3.0438,3.0552,3.0676,3.079,3.087,3.0902,3.088,3.0779,3.0579,3.0297,2.9964,2.9641,2.9438,2.9378,2.937]}]