docs/data/wind_grid.json
[{"header":{"la1":42.85,"la2":41.18,"lo1":11.55,"lo2":14.05,"nx":36,"ny":24,"dx":0.07143,"dy":0.07261,"parameterCategory":2,"parameterNumber":2,"parameterNumberName":"eastward_wind","parameterUnit":"m.s-1"},"data":[1.453,1.405,1.346,1.2766,1.1997,1.121,1.0488,0.9918,0.9557,0.9403,0.9392,0.9429,0.9424,0.9311,0.9047,0.8608,0.7976,0.7141,0.6115,0.4963,0.3838,0.2975,0.2585,0.2726,0.3288,0.4088,0.497,0.5838,0.6648,0.7385,0.8051,0.8651,0.9192,0.9683,1.0129,1.0534,1.4874,1.4347,1.3655,1.2788,1.1771,1.0685,0.9667,0.8888,0.8476,0.8436,0.8641,0.891,0.9093,0.9102,0.8892,0.8442,0.7724,0.6703,0.5338,0.3658,0.1881,0.0481,-0.0058,0.0354,0.1402,0.269,0.3965,0.5121,0.6134,0.7014,0.7783,0.8459,0.9058,0.9594,1.0076,1.0511,1.5363,1.4814,1.4022,1.294,1.1567,0.9994,0.8445,0.726,0.6752,0.6955,0.7584,0.8265,0.8749,0.894,0.8819,0.8386,0.7617,0.6435,0.4682,0.2201,-0.0806,-0.3323,-0.407,-0.2946,-0.0927,0.1153,0.2962,0.4457,0.5683,0.6703,0.7568,0.8313,0.8966,0.9543,1.0058,1.0519,1.6048,1.5536,1.4685,1.3369,1.1506,0.9148,0.66,0.4548,0.3822,0.4588,0.6091,0.7493,0.8425,0.8853,0.8847,0.8469,0.7731,0.6533,0.4523,0.0987,-0.4415,-0.9542,-1.0438,-0.7389,-0.3521,-0.0308,0.2114,0.3937,0.5348,0.6482,0.7423,0.8226,0.8923,0.9536,1.008,1.0564,1.6974,1.6621,1.5831,1.4335,1.1873,0.8323,0.3909,-0.016,-0.1478,0.0729,0.4095,0.6692,0.8201,0.8875,0.898,0.8687,0.8098,0.7226,0.5612,0.1348,-0.8177,-1.938,-1.9619,-1.2122,-0.5597,-0.1255,0.1633,0.366,0.5174,0.6371,0.7359,0.8201,0.8933,0.9576,1.0144,1.0648,1.8157,1.8168,1.771,1.6251,1.3208,0.8145,0.0714,-0.7926,-1.1009,-0.4956,0.2022,0.618,0.8211,0.9031,0.9181,0.8964,0.8608,0.8499,0.8782,0.5634,-0.7339,-2.5206,-2.4286,-1.3332,-0.5747,-0.1208,0.1678,0.3674,0.517,0.6368,0.7372,0.8239,0.8997,0.9666,1.0256,1.0777,1.9522,2.0184,2.0567,1.9649,1.6206,0.9813,-0.0326,-1.4906,-2.1297,-0.9021,0.15,0.6467,0.857,0.9292,0.9352,0.9153,0.8963,0.9432,1.2044,1.0886,-0.0648,-1.2052,-1.3842,-0.8516,-0.3581,-0.0168,0.2186,0.3916,0.5286,0.6438,0.7441,0.8328,0.9113,0.9807,1.0417,1.0953,2.0826,2.2348,2.4292,2.4849,2.0928,1.3706,0.4289,-0.7414,-1.2266,-0.3707,0.3887,0.7665,0.9213,0.952,0.9263,0.9009,0.8944,0.9033,0.9563,0.7115,0.016,-0.3292,-0.4219,-0.2934,-0.0764,0.122,0.2837,0.4198,0.5409,0.6519,0.7535,0.8456,0.9278,1.0002,1.0633,1.1181,2.1682,2.3733,2.7128,2.9821,2.4827,1.7575,1.0814,0.4882,0.2252,0.3822,0.6819,0.9084,0.9905,0.9498,0.8396,0.7924,0.8558,0.867,0.7323,0.2886,-0.4557,-0.3911,-0.1123,0.0203,0.1238,0.221,0.3194,0.4256,0.5389,0.6531,0.7621,0.8614,0.9494,1.0257,1.0911,1.1468,2.1885,2.3595,2.5904,2.72,2.4136,1.9699,1.514,1.0452,0.5332,0.376,0.7446,1.0184,1.0534,0.9244,0.6121,0.4484,0.7931,0.9293,0.8147,0.4147,-0.1616,-0.1591,0.0929,0.1895,0.2077,0.2231,0.2774,0.3776,0.5061,0.6411,0.7684,0.8811,0.9776,1.0587,1.1262,1.1822,2.1674,2.283,2.3934,2.4546,2.4016,2.1266,1.8613,1.4072,0.049,-0.6347,0.6815,1.1571,1.1089,0.8961,0.6333,0.4498,0.9005,1.1166,1.0836,0.8324,0.5145,0.3696,0.3406,0.2619,0.1331,0.0497,0.0911,0.2399,0.4305,0.6155,0.7759,0.9085,1.0157,1.1016,1.1703,1.2254,2.1343,2.2206,2.3167,2.4154,2.3808,2.2538,2.3247,2.3744,1.2519,0.3631,1.1549,1.4596,1.1566,0.5025,0.7031,0.9674,1.1995,1.4777,1.5011,1.2168,0.923,0.6952,0.4784,0.17,-0.2245,-0.462,-0.3417,-0.0155,0.3179,0.5891,0.796,0.9515,1.0687,1.1575,1.2252,1.2773,2.1,2.1637,2.2295,2.2793,2.2881,2.3574,2.6749,3.1694,2.6885,1.8772,1.8472,2.0496,1.7127,0.3998,0.7298,1.1692,1.3643,2.0107,2.0298,1.4542,1.1097,0.8364,0.4968,-0.0994,-1.0243,-1.5624,-1.0903,-0.3448,0.2197,0.5964,0.8483,1.0212,1.1427,1.2294,1.2922,1.3383,2.0694,2.1166,2.1626,2.2039,2.2546,2.3735,2.6213,2.9084,2.7143,2.2852,2.2604,2.6451,2.7742,2.6522,1.5628,1.1863,1.2128,1.6214,1.7367,1.4064,1.1131,0.8607,0.505,-0.2924,-1.8589,-2.8164,-1.7278,-0.5003,0.2488,0.6865,0.9548,1.1274,1.2417,1.3188,1.3714,1.4079,2.0455,2.0835,2.1225,2.1652,2.2233,2.3158,2.441,2.5276,2.4783,2.4424,2.5328,2.594,2.698,3.2908,1.8376,1.1187,0.5844,1.186,1.3899,1.2203,0.8993,0.7448,0.5844,-0.0137,-1.2601,-2.0444,-1.2068,-0.1599,0.5027,0.8904,1.1248,1.2716,1.3648,1.4236,1.4605,1.4838,2.028,2.0611,2.0968,2.1376,2.1887,2.2533,2.3234,2.381,2.4443,2.6317,3.0418,2.8046,2.6916,2.5673,1.9959,1.3243,0.8658,1.2708,1.4015,1.0389,0.2369,0.3579,0.6854,0.5315,0.0606,-0.2216,0.0704,0.5608,0.9386,1.1848,1.3422,1.442,1.5025,1.5362,1.5536,1.5619,2.0149,2.0449,2.0779,2.1153,2.1591,2.2099,2.2666,2.3333,2.439,2.6517,2.9741,2.8152,2.7882,2.7794,2.2531,1.8588,1.6568,1.7237,1.7457,1.2451,0.1652,0.3701,0.9044,1.0345,1.0108,1.0429,1.1723,1.31,1.4199,1.5052,1.5686,1.6108,1.6336,1.6416,1.6407,1.6357,2.0045,2.0322,2.0626,2.0967,2.1356,2.1802,2.2324,2.2983,2.3907,2.5163,2.6251,2.6502,2.7873,2.8076,2.5535,2.4157,2.1604,2.169,2.3313,1.9176,1.3488,1.195,1.349,1.5021,1.684,1.9237,2.0274,1.9403,1.8449,1.7909,1.7585,1.7357,1.7228,1.7162,1.7089,1.6986,1.9957,2.0214,2.0495,2.0808,2.1159,2.1561,2.2029,2.2595,2.3281,2.4036,2.4682,2.5179,2.5815,2.6624,3.0573,3.2572,2.5398,2.3507,2.4313,2.4771,2.1106,1.84,1.8047,1.9112,2.1707,2.5822,2.682,2.3898,2.1676,2.0183,1.8881,1.7766,1.7312,1.7411,1.7519,1.7486,1.9878,2.0116,2.0376,2.0662,2.098,2.1338,2.1744,2.2206,2.2718,2.3244,2.3733,2.4206,2.4834,2.6219,2.976,3.0816,2.6231,2.5135,2.9473,3.192,2.5463,2.2425,2.1763,2.223,2.4096,2.7353,2.8117,2.582,2.3942,2.2161,2.0044,1.7894,1.7091,1.7495,1.7859,1.7925,1.9802,2.0024,2.0263,2.0524,2.0809,2.1124,2.147,2.1848,2.2247,2.2652,2.3051,2.3476,2.4041,2.496,2.6157,2.6284,2.5171,2.5254,2.7543,2.8417,2.6211,2.5586,2.5581,2.4993,2.5259,2.6662,2.7791,2.7232,2.6001,2.4474,2.2057,1.9439,1.8176,1.822,1.8423,1.842,1.9729,1.9934,2.0153,2.039,2.0645,2.092,2.1216,2.1528,2.1852,2.218,2.2511,2.2865,2.3284,2.3786,2.4233,2.4328,2.42,2.4495,2.5364,2.6089,2.7208,3.029,3.1318,2.8216,2.6467,2.7202,2.8714,2.8365,2.871,2.7838,2.5023,2.2087,2.0275,1.9551,1.9251,1.9002,1.9656,1.9845,2.0046,2.026,2.0487,2.0729,2.0982,2.1246,2.1515,2.1787,2.2061,2.2346,2.2647,2.2951,2.3203,2.3354,2.3501,2.3858,2.455,2.5764,2.8525,3.3818,3.5396,3.0373,2.7258,2.7078,2.8017,2.9869,3.3526,3.2057,2.7861,2.437,2.2119,2.0841,2.0099,1.9588,1.9583,1.9757,1.9941,2.0134,2.0337,2.055,2.077,2.0996,2.1224,2.1453,2.1682,2.1912,2.2143,2.2366,2.2568,2.2758,2.3002,2.3412,2.4132,2.5442,2.7857,3.114,3.1976,2.9313,2.7165,2.6851,2.7915,3.0704,3.416,3.2728,2.8767,2.5457,2.319,2.1722,2.0757,2.0076]},{"header":{"la1":42.85,"la2":41.18,"lo1":11.55,"lo2":14.05,"nx":36,"ny":24,"dx":0.07143,"dy":0.07261,"parameterCategory":2,"parameterNumber":3,"parameterNumberName":"northward_wind","parameterUnit":"m.s-1"},"data":[0.1353,0.1037,0.0613,0.0084,-0.0529,-0.1184,-0.1818,-0.2371,-0.28,-0.3105,-0.3321,-0.3501,-0.3692,-0.3922,-0.4203,-0.4542,-0.4944,-0.5415,-0.5957,-0.6546,-0.7111,-0.7546,-0.7752,-0.7703,-0.7449,-0.7076,-0.6657,-0.6238,-0.584,-0.5471,-0.5133,-0.4822,-0.4538,-0.4276,-0.4034,-0.3811,0.1837,0.1508,0.1023,0.0372,-0.0424,-0.1304,-0.2163,-0.2883,-0.3376,-0.3642,-0.3759,-0.3836,-0.395,-0.4139,-0.4408,-0.4756,-0.5191,-0.5735,-0.6419,-0.7242,-0.8106,-0.8788,-0.9064,-0.889,-0.8412,-0.7812,-0.7208,-0.665,-0.6153,-0.5712,-0.532,-0.4969,-0.4651,-0.4363,-0.4099,-0.3858,0.2471,0.2158,0.1621,0.0817,-0.0247,-0.1491,-0.2743,-0.3763,-0.435,-0.4493,-0.4383,-0.4254,-0.4238,-0.4364,-0.461,-0.495,-0.5387,-0.5971,-0.6803,-0.7983,-0.9415,-1.0617,-1.0992,-1.0497,-0.9578,-0.8614,-0.7761,-0.7043,-0.644,-0.5928,-0.5485,-0.5094,-0.4745,-0.4431,-0.4147,-0.3888,0.3301,0.307,0.2523,0.1551,0.0108,-0.1731,-0.3709,-0.5342,-0.6092,-0.5895,-0.5272,-0.4755,-0.454,-0.4594,-0.4817,-0.5127,-0.5501,-0.6011,-0.6895,-0.8549,-1.1109,-1.3518,-1.3967,-1.2611,-1.0862,-0.9385,-0.8248,-0.7373,-0.6677,-0.6105,-0.5618,-0.5193,-0.4817,-0.4479,-0.4175,-0.3899,0.4377,0.4356,0.3918,0.2814,0.0874,-0.1899,-0.5236,-0.8256,-0.9387,-0.824,-0.6458,-0.5274,-0.4819,-0.4837,-0.507,-0.5334,-0.5534,-0.5705,-0.6234,-0.8241,-1.2821,-1.8011,-1.8155,-1.4834,-1.1913,-0.9929,-0.8575,-0.7596,-0.6844,-0.6233,-0.5716,-0.5264,-0.4863,-0.4503,-0.418,-0.3889,0.5713,0.6135,0.6088,0.5027,0.2512,-0.1548,-0.7127,-1.3297,-1.5539,-1.177,-0.7661,-0.5604,-0.5005,-0.5127,-0.5472,-0.5704,-0.561,-0.5016,-0.4152,-0.5718,-1.2401,-2.0649,-2.0266,-1.5492,-1.2122,-1.0041,-0.8672,-0.7694,-0.6938,-0.6316,-0.578,-0.5306,-0.4882,-0.4501,-0.416,-0.3853,0.7225,0.8446,0.9385,0.8837,0.5685,0.0204,-0.7562,-1.7945,-2.2373,-1.4259,-0.781,-0.5405,-0.5045,-0.5568,-0.6253,-0.6536,-0.6108,-0.4671,-0.1748,-0.2463,-0.958,-1.5175,-1.5967,-1.3615,-1.1353,-0.9729,-0.8572,-0.7697,-0.6984,-0.6369,-0.5819,-0.5323,-0.4875,-0.4472,-0.4111,-0.379,0.8606,1.0932,1.387,1.4951,1.0629,0.3613,-0.4009,-1.2555,-1.6049,-1.0351,-0.5894,-0.4541,-0.4971,-0.637,-0.7922,-0.8462,-0.7573,-0.5965,-0.4304,-0.5851,-1.1007,-1.2875,-1.2611,-1.1577,-1.0341,-0.9276,-0.8418,-0.7691,-0.7035,-0.6423,-0.5851,-0.5322,-0.4842,-0.4411,-0.4029,-0.3693,0.9324,1.2344,1.7419,2.1452,1.4707,0.6627,0.0845,-0.3381,-0.4984,-0.4048,-0.312,-0.3319,-0.481,-0.7719,-1.1659,-1.3103,-1.0397,-0.7854,-0.7358,-1.0091,-1.5934,-1.5185,-1.2073,-1.0544,-0.9654,-0.8997,-0.8409,-0.7805,-0.7166,-0.6517,-0.5889,-0.5305,-0.4778,-0.4312,-0.3907,-0.3557,0.9059,1.1417,1.4769,1.6726,1.2049,0.7362,0.383,0.1394,-0.0191,-0.0806,-0.1037,-0.2022,-0.4299,-0.8833,-1.8846,-2.4113,-1.3952,-0.8722,-0.7773,-0.9809,-1.3765,-1.3515,-1.1058,-0.9838,-0.9399,-0.9157,-0.8786,-0.8198,-0.7461,-0.6683,-0.5939,-0.5264,-0.4673,-0.4165,-0.3734,-0.3372,0.8192,0.942,1.0024,0.8772,0.8444,0.7277,0.5711,0.4078,0.0386,-0.1291,0.025,-0.0561,-0.3171,-0.7296,-1.6958,-2.4111,-1.25,-0.7586,-0.6587,-0.7438,-0.9039,-0.9618,-0.9334,-0.938,-0.9853,-1.0192,-0.991,-0.9064,-0.7988,-0.6927,-0.5982,-0.5176,-0.4503,-0.3947,-0.3494,-0.3127,0.7279,0.7969,0.828,0.8129,0.794,0.7455,0.7865,0.8441,0.4484,0.1283,0.2276,0.1777,-0.1822,-0.7044,-0.7238,-0.8317,-0.6706,-0.5302,-0.506,-0.5518,-0.6436,-0.7339,-0.8272,-0.9756,-1.1776,-1.3009,-1.2342,-1.0563,-0.872,-0.7179,-0.5956,-0.4992,-0.4231,-0.3633,-0.3167,-0.2806,0.6505,0.698,0.7304,0.7429,0.7379,0.7705,0.946,1.2139,0.9779,0.5749,0.5346,0.7357,0.3755,-0.673,-0.4671,-0.3619,-0.3592,-0.4455,-0.4564,-0.4426,-0.5164,-0.6288,-0.7986,-1.1133,-1.6072,-1.8951,-1.6445,-1.2462,-0.9393,-0.7264,-0.5753,-0.464,-0.3807,-0.3185,-0.2727,-0.2394,0.5864,0.6209,0.6472,0.6646,0.685,0.747,0.89,1.0593,0.9447,0.6861,0.7309,1.4415,1.5947,0.3621,-0.067,-0.2874,-0.2175,-0.2823,-0.3473,-0.368,-0.4703,-0.5963,-0.7868,-1.2174,-2.0556,-2.5634,-1.992,-1.3463,-0.9428,-0.6927,-0.5246,-0.4045,-0.3177,-0.2563,-0.2146,-0.1875,0.5335,0.5597,0.5817,0.6017,0.6283,0.6757,0.7448,0.788,0.731,0.6591,0.7016,0.842,0.7111,0.5767,0.0879,-0.2674,0.2449,-0.0104,-0.1595,-0.3332,-0.5686,-0.6723,-0.7525,-1.0783,-1.7488,-2.1649,-1.7376,-1.197,-0.8371,-0.602,-0.4362,-0.3146,-0.2281,-0.1719,-0.1396,-0.1234,0.4898,0.5105,0.5293,0.5479,0.5699,0.5979,0.6257,0.6353,0.6226,0.6321,0.6881,0.8314,0.6996,0.47,0.2375,0.1275,0.2509,0.1369,0.0067,-0.3769,-1.0554,-0.9699,-0.7204,-0.8094,-1.091,-1.2673,-1.1377,-0.8837,-0.6547,-0.4675,-0.3131,-0.1902,-0.1053,-0.0599,-0.0449,-0.0471,0.4531,0.47,0.4857,0.501,0.5171,0.5337,0.5476,0.5559,0.566,0.6008,0.6625,0.6879,0.6478,0.59,0.3543,0.2469,0.2671,0.3819,0.414,-0.1223,-1.1029,-0.962,-0.6007,-0.5758,-0.6795,-0.7511,-0.7229,-0.6183,-0.4766,-0.3213,-0.1649,-0.0275,0.0601,0.0855,0.0694,0.0387,0.4217,0.4356,0.4485,0.4608,0.4727,0.4838,0.4937,0.5031,0.5171,0.5413,0.567,0.5728,0.5993,0.576,0.372,0.3086,0.418,0.8577,1.3327,0.5892,-0.1031,-0.3333,-0.3307,-0.3813,-0.4858,-0.5806,-0.5902,-0.4957,-0.3528,-0.1887,-0.0037,0.176,0.2749,0.2617,0.1944,0.1253,0.3945,0.406,0.4166,0.4264,0.4355,0.4439,0.4517,0.4599,0.4701,0.482,0.4902,0.4885,0.4752,0.4117,0.2663,0.2243,0.4484,0.8861,1.2141,0.9893,0.5091,0.1278,-0.0738,-0.2303,-0.4269,-0.682,-0.7338,-0.4913,-0.2697,-0.0762,0.1443,0.3859,0.5014,0.4287,0.3009,0.1956,0.3706,0.3801,0.3888,0.3968,0.404,0.4105,0.4165,0.4224,0.4282,0.4327,0.4329,0.4247,0.4024,0.3536,0.2747,0.2651,0.4521,0.7806,1.2971,1.5095,0.8133,0.3569,0.1059,-0.0965,-0.3434,-0.6856,-0.7588,-0.3971,-0.1573,0.0289,0.2305,0.4704,0.5844,0.4896,0.3456,0.232,0.3494,0.3573,0.3645,0.371,0.3767,0.3817,0.3861,0.3899,0.3926,0.3934,0.3905,0.382,0.3663,0.3442,0.3278,0.3545,0.4695,0.6916,1.0124,1.0875,0.7206,0.4236,0.2486,0.0614,-0.1472,-0.2809,-0.2099,-0.1343,0.0244,0.1691,0.274,0.3963,0.4679,0.4199,0.3225,0.2329,0.3303,0.337,0.343,0.3482,0.3528,0.3566,0.3597,0.3619,0.3629,0.3621,0.3589,0.3528,0.3448,0.3385,0.3431,0.3738,0.4457,0.5595,0.6721,0.6717,0.5447,0.4689,0.4287,0.2394,0.0305,-0.0738,-0.0949,0.0101,0.3336,0.4322,0.3805,0.3569,0.358,0.331,0.276,0.2153,0.3131,0.3187,0.3237,0.328,0.3316,0.3345,0.3366,0.3378,0.3379,0.3368,0.3342,0.3307,0.3275,0.3279,0.3369,0.3606,0.4024,0.4552,0.4948,0.4917,0.4695,0.5234,0.5528,0.3527,0.1518,0.0607,0.0854,0.3959,0.9069,0.8068,0.5403,0.3915,0.3254,0.2835,0.2408,0.1962,0.2975,0.3022,0.3064,0.3099,0.3127,0.3149,0.3163,0.3169,0.3167,0.3156,0.3138,0.3119,0.3111,0.3134,0.3213,0.337,0.3599,0.3848,0.4017,0.4059,0.4149,0.4535,0.4513,0.3345,0.2139,0.1782,0.2771,0.6065,0.9848,0.8729,0.5959,0.4163,0.3201,0.2631,0.22,0.1816]}]