docs/data/wind_grid.json
{"header": {"la1":42.1,"la2":41.55,"lo1":12.1,"lo2":12.95,"nx":50,"ny":50,"dx":0.01735,"dy":0.01122,"parameterCategory":2,"parameterNumber":3,"parameterNumberName":"northward_wind","parameterUnit":"m.s-1"}, "data":
[rows 0 to 39 of 50, columns 0 to 49 of 50]
-3.3913,-3.3912,-3.391,-3.3906,-3.39,-3.3892,-3.3883,-3.3871,-3.3857,-3.384,-3.3821,-3.38,-3.3775,-3.3747,-3.3714,-3.3677,-3.3633,-3.3582,-3.352,-3.3446,-3.3357,-3.325,-3.3122,-3.2968,-3.2785,-3.257,-3.2319,-3.2028,-3.1695,-3.1319,-3.0899,-3.0438,-2.9939,-2.9413,-2.8872,-2.8334,-2.782,-2.7351,-2.6948,-2.6628,-2.6399,-2.6264,-2.6217,-2.6247,-2.6342,-2.6486,-2.6665,-2.6869,-2.7085,-2.7308
-3.3942,-3.3943,-3.3942,-3.3939,-3.3934,-3.3928,-3.3919,-3.3908,-3.3895,-3.388,-3.3863,-3.3843,-3.382,-3.3795,-3.3765,-3.3731,-3.3691,-3.3643,-3.3585,-3.3516,-3.3431,-3.3327,-3.3201,-3.3048,-3.2865,-3.2647,-3.239,-3.2091,-3.1745,-3.1351,-3.0908,-3.0417,-2.9882,-2.9313,-2.8724,-2.8135,-2.7571,-2.7057,-2.6618,-2.6274,-2.6036,-2.5905,-2.5873,-2.5928,-2.6051,-2.6227,-2.6438,-2.6671,-2.6915,-2.7162
-3.3973,-3.3974,-3.3974,-3.3972,-3.3969,-3.3963,-3.3955,-3.3946,-3.3934,-3.392,-3.3904,-3.3886,-3.3866,-3.3842,-3.3816,-3.3785,-3.3749,-3.3705,-3.3652,-3.3587,-3.3507,-3.3407,-3.3284,-3.3134,-3.2951,-3.273,-3.2469,-3.2161,-3.1803,-3.1392,-3.0926,-3.0404,-2.9831,-2.9217,-2.8576,-2.7931,-2.731,-2.6745,-2.6266,-2.5897,-2.5649,-2.5524,-2.5512,-2.5595,-2.5753,-2.5963,-2.6209,-2.6474,-2.6748,-2.702
-3.4003,-3.4006,-3.4007,-3.4006,-3.4003,-3.3999,-3.3992,-3.3984,-3.3973,-3.396,-3.3946,-3.393,-3.3911,-3.389,-3.3866,-3.3839,-3.3807,-3.3768,-3.3721,-3.3661,-3.3586,-3.3491,-3.3372,-3.3224,-3.3042,-3.2821,-3.2555,-3.224,-3.1871,-3.1443,-3.0954,-3.0402,-2.979,-2.9128,-2.843,-2.7723,-2.704,-2.6418,-2.5894,-2.5496,-2.524,-2.5124,-2.5136,-2.5253,-2.5448,-2.5699,-2.5983,-2.6283,-2.6587,-2.6886
-3.4034,-3.4037,-3.404,-3.404,-3.4038,-3.4035,-3.4029,-3.4022,-3.4012,-3.4001,-3.3987,-3.3973,-3.3956,-3.3938,-3.3917,-3.3893,-3.3866,-3.3832,-3.379,-3.3737,-3.3667,-3.3578,-3.3464,-3.332,-3.3139,-3.2918,-3.2649,-3.2328,-3.1949,-3.1506,-3.0994,-3.0412,-2.9761,-2.9049,-2.8291,-2.7517,-2.6764,-2.6078,-2.5503,-2.5074,-2.481,-2.4707,-2.4748,-2.4903,-2.5143,-2.5437,-2.5762,-2.6098,-2.6434,-2.676
-3.4065,-3.4069,-3.4073,-3.4074,-3.4074,-3.4071,-3.4066,-3.406,-3.4051,-3.4041,-3.4029,-3.4015,-3.4001,-3.3985,-3.3967,-3.3947,-3.3924,-3.3896,-3.386,-3.3814,-3.3751,-3.3669,-3.356,-3.342,-3.3242,-3.3021,-3.275,-3.2424,-3.2036,-3.158,-3.1048,-3.0438,-2.9748,-2.8985,-2.8165,-2.7317,-2.6487,-2.573,-2.5098,-2.4636,-2.4364,-2.4278,-2.4353,-2.4553,-2.4841,-2.5183,-2.5551,-2.5926,-2.6293,-2.6646
-3.4096,-3.4102,-3.4106,-3.4109,-3.4109,-3.4108,-3.4104,-3.4098,-3.409,-3.4081,-3.407,-3.4058,-3.4045,-3.4031,-3.4016,-3.4,-3.3982,-3.396,-3.3931,-3.3892,-3.3837,-3.3762,-3.3659,-3.3524,-3.335,-3.313,-3.2859,-3.2529,-3.2134,-3.1666,-3.1118,-3.0482,-2.9756,-2.8942,-2.8057,-2.7132,-2.6219,-2.5381,-2.4687,-2.4188,-2.391,-2.3844,-2.3959,-2.421,-2.4551,-2.4943,-2.5355,-2.5768,-2.6168,-2.6547
-3.4127,-3.4134,-3.414,-3.4144,-3.4145,-3.4144,-3.4141,-3.4136,-3.4129,-3.4121,-3.411,-3.4099,-3.4088,-3.4076,-3.4064,-3.4052,-3.4039,-3.4023,-3.4002,-3.3971,-3.3924,-3.3857,-3.3762,-3.3632,-3.3462,-3.3244,-3.2973,-3.2641,-3.2241,-3.1765,-3.1203,-3.0546,-2.9787,-2.8926,-2.7976,-2.6971,-2.5968,-2.5044,-2.428,-2.3742,-2.3458,-2.3417,-2.3577,-2.3882,-2.4279,-2.4723,-2.5181,-2.5631,-2.6062,-2.6465
-3.4159,-3.4167,-3.4174,-3.4179,-3.4181,-3.4182,-3.4179,-3.4175,-3.4169,-3.416,-3.4151,-3.414,-3.413,-3.412,-3.4111,-3.4103,-3.4095,-3.4086,-3.4072,-3.405,-3.4013,-3.3954,-3.3867,-3.3744,-3.3577,-3.3362,-3.3092,-3.276,-3.2358,-3.1877,-3.1306,-3.0633,-2.9847,-2.8944,-2.7933,-2.6848,-2.5751,-2.4733,-2.3893,-2.3312,-2.3023,-2.301,-2.3219,-2.3583,-2.4037,-2.4532,-2.5034,-2.5519,-2.5978,-2.6403
-3.419,-3.42,-3.4208,-3.4214,-3.4218,-3.4219,-3.4218,-3.4214,-3.4208,-3.42,-3.4191,-3.4181,-3.4171,-3.4163,-3.4156,-3.4152,-3.4149,-3.4146,-3.4141,-3.4129,-3.4102,-3.4054,-3.3974,-3.3857,-3.3695,-3.3483,-3.3215,-3.2883,-3.2482,-3.2001,-3.1427,-3.0745,-2.9941,-2.9005,-2.7939,-2.6776,-2.5584,-2.4467,-2.3547,-2.2919,-2.2626,-2.2643,-2.2903,-2.3325,-2.3835,-2.4379,-2.4921,-2.5438,-2.592,-2.6364
-3.4222,-3.4234,-3.4243,-3.4251,-3.4255,-3.4257,-3.4257,-3.4253,-3.4248,-3.424,-3.423,-3.4221,-3.4211,-3.4204,-3.4199,-3.4198,-3.42,-3.4205,-3.4209,-3.4207,-3.4192,-3.4154,-3.4083,-3.3973,-3.3815,-3.3605,-3.3339,-3.301,-3.2613,-3.2135,-3.1565,-3.0884,-3.0073,-2.9114,-2.8006,-2.6774,-2.549,-2.4273,-2.3268,-2.2592,-2.2292,-2.2339,-2.2648,-2.3125,-2.3687,-2.4274,-2.4849,-2.5392,-2.5893,-2.635
-3.4255,-3.4268,-3.4279,-3.4287,-3.4293,-3.4296,-3.4296,-3.4293,-3.4288,-3.4279,-3.427,-3.426,-3.425,-3.4243,-3.424,-3.4241,-3.4248,-3.426,-3.4274,-3.4284,-3.4281,-3.4255,-3.4193,-3.4088,-3.3934,-3.3726,-3.3463,-3.3138,-3.2747,-3.2279,-3.172,-3.105,-3.0245,-2.9281,-2.8146,-2.6859,-2.5492,-2.418,-2.3089,-2.2362,-2.2053,-2.2125,-2.2477,-2.3001,-2.3604,-2.4224,-2.4824,-2.5385,-2.5899,-2.6364
-3.4287,-3.4302,-3.4314,-3.4325,-3.4332,-3.4336,-3.4337,-3.4334,-3.4328,-3.4319,-3.4309,-3.4298,-3.4288,-3.428,-3.4278,-3.4281,-3.4293,-3.4312,-3.4336,-3.4359,-3.437,-3.4356,-3.4303,-3.4203,-3.405,-3.3844,-3.3583,-3.3265,-3.2883,-3.243,-3.189,-3.1243,-3.046,-2.9509,-2.8369,-2.7047,-2.5616,-2.4218,-2.3047,-2.2266,-2.1943,-2.2029,-2.2412,-2.2967,-2.3598,-2.4238,-2.4852,-2.5421,-2.594,-2.6407
-3.432,-3.4337,-3.4351,-3.4362,-3.4371,-3.4376,-3.4378,-3.4375,-3.4369,-3.436,-3.4348,-3.4336,-3.4324,-3.4316,-3.4313,-3.4318,-3.4333,-3.4359,-3.4393,-3.443,-3.4457,-3.4457,-3.4413,-3.4315,-3.4162,-3.3956,-3.3698,-3.3387,-3.3018,-3.2585,-3.2074,-3.1462,-3.0718,-2.9803,-2.8682,-2.7354,-2.5883,-2.4419,-2.3176,-2.2342,-2.1994,-2.208,-2.2473,-2.304,-2.3678,-2.4323,-2.4936,-2.5503,-2.6017,-2.648
-3.4353,-3.4372,-3.4388,-3.4401,-3.4411,-3.4418,-3.442,-3.4418,-3.4412,-3.4401,-3.4388,-3.4374,-3.436,-3.4349,-3.4345,-3.435,-3.4368,-3.4399,-3.4445,-3.4497,-3.4542,-3.4558,-3.4521,-3.4423,-3.4266,-3.4059,-3.3804,-3.3501,-3.3149,-3.2742,-3.2268,-3.1705,-3.1018,-3.016,-2.9089,-2.7787,-2.6308,-2.4804,-2.3504,-2.2619,-2.2234,-2.2297,-2.2674,-2.3227,-2.3851,-2.448,-2.5079,-2.5631,-2.6132,-2.6583
-3.4387,-3.4407,-3.4425,-3.4441,-3.4453,-3.4461,-3.4464,-3.4462,-3.4456,-3.4444,-3.4429,-3.4412,-3.4395,-3.4381,-3.4374,-3.4378,-3.4397,-3.4433,-3.4488,-3.4557,-3.4623,-3.4656,-3.4626,-3.4523,-3.4359,-3.4149,-3.3897,-3.3606,-3.3275,-3.2899,-3.247,-3.1968,-3.1355,-3.0579,-2.9586,-2.8344,-2.6894,-2.5382,-2.4047,-2.3111,-2.2675,-2.2689,-2.3021,-2.3531,-2.4116,-2.471,-2.5279,-2.5805,-2.6283,-2.6715
-3.442,-3.4443,-3.4463,-3.4481,-3.4495,-3.4505,-3.4509,-3.4508,-3.4501,-3.4488,-3.4471,-3.445,-3.4429,-3.4411,-3.44,-3.4401,-3.4419,-3.4458,-3.4521,-3.4607,-3.4698,-3.4752,-3.4725,-3.461,-3.4436,-3.4222,-3.3977,-3.3699,-3.3391,-3.3053,-3.2678,-3.2248,-3.1724,-3.1051,-3.0163,-2.9014,-2.7629,-2.6145,-2.4796,-2.3815,-2.3313,-2.3252,-2.3508,-2.3947,-2.4469,-2.5009,-2.5532,-2.6021,-2.6468,-2.6874
-3.4454,-3.4479,-3.4502,-3.4522,-3.4539,-3.455,-3.4557,-3.4556,-3.4549,-3.4535,-3.4514,-3.449,-3.4464,-3.444,-3.4424,-3.442,-3.4434,-3.4472,-3.4541,-3.4641,-3.4759,-3.4839,-3.4812,-3.4678,-3.449,-3.4276,-3.4039,-3.3779,-3.3499,-3.3202,-3.2888,-3.2539,-3.2119,-3.1565,-3.0803,-2.9774,-2.8486,-2.7059,-2.5719,-2.4699,-2.4121,-2.3963,-2.4116,-2.4461,-2.4899,-2.5369,-2.5834,-2.6275,-2.6683,-2.7058
-3.4488,-3.4515,-3.4541,-3.4564,-3.4584,-3.4598,-3.4606,-3.4607,-3.46,-3.4584,-3.456,-3.4531,-3.4499,-3.4469,-3.4445,-3.4434,-3.4443,-3.4476,-3.4543,-3.4652,-3.4795,-3.4905,-3.4873,-3.4714,-3.4515,-3.4306,-3.4084,-3.3845,-3.3596,-3.3346,-3.3097,-3.2838,-3.253,-3.2106,-3.1484,-3.0591,-2.9421,-2.8074,-2.6761,-2.571,-2.5052,-2.4783,-2.4819,-2.5051,-2.5391,-2.5778,-2.6175,-2.6561,-2.6925,-2.7263
-3.4521,-3.4552,-3.4581,-3.4608,-3.463,-3.4648,-3.4658,-3.4661,-3.4654,-3.4637,-3.461,-3.4575,-3.4535,-3.4497,-3.4465,-3.4446,-3.4445,-3.4469,-3.4526,-3.4629,-3.4784,-3.4921,-3.4881,-3.4702,-3.4506,-3.4314,-3.4112,-3.3899,-3.3684,-3.3482,-3.3304,-3.3139,-3.2947,-3.2658,-3.2178,-3.1426,-3.038,-2.9126,-2.7855,-2.6783,-2.6049,-2.5668,-2.5579,-2.5692,-2.5926,-2.6224,-2.6547,-2.6872,-2.7188,-2.7486
-3.4555,-3.4589,-3.4621,-3.4652,-3.4678,-3.4699,-3.4713,-3.4718,-3.4712,-3.4694,-3.4663,-3.4622,-3.4574,-3.4526,-3.4484,-3.4454,-3.4442,-3.4452,-3.4491,-3.4568,-3.4697,-3.4829,-3.479,-3.4627,-3.4464,-3.4301,-3.4125,-3.394,-3.3762,-3.3611,-3.3504,-3.3434,-3.3358,-3.3198,-3.2853,-3.2233,-3.1307,-3.0148,-2.8928,-2.785,-2.7052,-2.6569,-2.6362,-2.6357,-2.6485,-2.6691,-2.6938,-2.7201,-2.7466,-2.7722
-3.4588,-3.4626,-3.4662,-3.4696,-3.4727,-3.4753,-3.4772,-3.478,-3.4776,-3.4757,-3.4722,-3.4673,-3.4616,-3.4556,-3.4503,-3.4461,-3.4436,-3.443,-3.4443,-3.4476,-3.453,-3.459,-3.4577,-3.4498,-3.4397,-3.4274,-3.4128,-3.3973,-3.3831,-3.3731,-3.3694,-3.3715,-3.3746,-3.3703,-3.3476,-3.297,-3.2151,-3.1082,-2.992,-2.885,-2.8009,-2.7443,-2.7132,-2.702,-2.7048,-2.7167,-2.7339,-2.7541,-2.7754,-2.7968
-3.4621,-3.4662,-3.4702,-3.4742,-3.4778,-3.4809,-3.4833,-3.4846,-3.4845,-3.4826,-3.4787,-3.473,-3.466,-3.4587,-3.4521,-3.4467,-3.4429,-3.4406,-3.4393,-3.4377,-3.4342,-3.4301,-3.4328,-3.4356,-3.4323,-3.4241,-3.4125,-3.3998,-3.3892,-3.384,-3.3868,-3.397,-3.4095,-3.4149,-3.4016,-3.36,-3.287,-3.1884,-3.0786,-2.9743,-2.8881,-2.8256,-2.7862,-2.7659,-2.7599,-2.7638,-2.7741,-2.7883,-2.8046,-2.8219
-3.4653,-3.4698,-3.4743,-3.4787,-3.4829,-3.4867,-3.4898,-3.4917,-3.4921,-3.4903,-3.486,-3.4793,-3.4709,-3.4619,-3.4537,-3.4471,-3.4422,-3.4385,-3.435,-3.4299,-3.4211,-3.4127,-3.4168,-3.4249,-3.4261,-3.4208,-3.4118,-3.4018,-3.3944,-3.3935,-3.4019,-3.4189,-3.4387,-3.4511,-3.4445,-3.4096,-3.3438,-3.2532,-3.1504,-3.0503,-2.9645,-2.8987,-2.8533,-2.8259,-2.8125,-2.8094,-2.8134,-2.8221,-2.8338,-2.8471
-3.4684,-3.4733,-3.4782,-3.4832,-3.4881,-3.4927,-3.4966,-3.4994,-3.5004,-3.499,-3.4944,-3.4866,-3.4762,-3.4651,-3.4551,-3.4473,-3.4415,-3.4369,-3.432,-3.4253,-3.4157,-3.4082,-3.4116,-3.4192,-3.4216,-3.4181,-3.411,-3.4033,-3.3987,-3.4014,-3.4141,-3.4359,-3.4605,-3.4772,-3.4746,-3.4445,-3.385,-3.302,-3.2069,-3.1126,-3.0292,-2.9624,-2.9135,-2.8808,-2.8616,-2.8527,-2.8513,-2.8551,-2.8625,-2.8721
-3.4713,-3.4766,-3.4821,-3.4877,-3.4933,-3.4987,-3.5036,-3.5075,-3.5096,-3.5088,-3.5041,-3.4949,-3.482,-3.4679,-3.4556,-3.4467,-3.4406,-3.4357,-3.4305,-3.4235,-3.4153,-3.4099,-3.4119,-3.417,-3.4188,-3.416,-3.4103,-3.4044,-3.4021,-3.4074,-3.4229,-3.4473,-3.4739,-3.4924,-3.4919,-3.4651,-3.4113,-3.336,-3.2491,-3.1616,-3.0824,-3.0166,-2.9661,-2.9302,-2.9066,-2.8931,-2.8871,-2.8867,-2.8903,-2.8966
-3.4741,-3.4798,-3.4858,-3.492,-3.4984,-3.5048,-3.5108,-3.5161,-3.5196,-3.52,-3.5155,-3.5048,-3.4885,-3.4703,-3.4549,-3.4448,-3.4391,-3.4349,-3.43,-3.4237,-3.4171,-3.4131,-3.4139,-3.4165,-3.4171,-3.4144,-3.4096,-3.4051,-3.4045,-3.4114,-3.428,-3.4528,-3.4792,-3.4973,-3.4972,-3.4732,-3.4248,-3.3572,-3.2789,-3.1989,-3.125,-3.0618,-3.0114,-2.9737,-2.9473,-2.9303,-2.9207,-2.9168,-2.917,-2.9203
-3.4767,-3.4828,-3.4893,-3.4961,-3.5033,-3.5107,-3.5181,-3.5249,-3.5303,-3.5325,-3.5289,-3.5169,-3.4962,-3.4719,-3.4521,-3.441,-3.4364,-3.4338,-3.4301,-3.4248,-3.4195,-3.4162,-3.4159,-3.4166,-3.416,-3.4131,-3.4089,-3.4055,-3.4059,-3.4134,-3.4296,-3.453,-3.4772,-3.4934,-3.493,-3.4713,-3.4282,-3.3682,-3.2984,-3.2264,-3.1584,-3.0989,-3.0499,-3.0118,-2.9836,-2.9642,-2.9518,-2.945,-2.9424,-2.9431
-3.4791,-3.4855,-3.4925,-3.4999,-3.5079,-3.5163,-3.5251,-3.5338,-3.5415,-3.5464,-3.5448,-3.532,-3.5057,-3.4727,-3.4468,-3.4347,-3.4323,-3.4322,-3.4303,-3.4263,-3.4218,-3.4187,-3.4174,-3.4168,-3.4152,-3.4121,-3.4083,-3.4054,-3.4063,-3.4135,-3.4283,-3.4489,-3.4697,-3.4831,-3.482,-3.4624,-3.4244,-3.3717,-3.3101,-3.2458,-3.1842,-3.1289,-3.0822,-3.0446,-3.0158,-2.9947,-2.9803,-2.9712,-2.9664,-2.9648
-3.4811,-3.4879,-3.4953,-3.5033,-3.512,-3.5214,-3.5316,-3.5423,-3.5527,-3.561,-3.5629,-3.551,-3.5184,-3.4733,-3.439,-3.4265,-3.4272,-3.4303,-3.4305,-3.4277,-3.4238,-3.4206,-3.4186,-3.4169,-3.4145,-3.4112,-3.4075,-3.405,-3.4059,-3.4121,-3.4247,-3.4418,-3.4587,-3.469,-3.4669,-3.4492,-3.4159,-3.37,-3.316,-3.2591,-3.2037,-3.153,-3.1091,-3.0728,-3.044,-3.0221,-3.0062,-2.9954,-2.9887,-2.9853
-3.4829,-3.49,-3.4977,-3.5062,-3.5155,-3.5259,-3.5373,-3.5498,-3.563,-3.5752,-3.5821,-3.5734,-3.5356,-3.4754,-3.4309,-3.4184,-3.4226,-3.4287,-3.4307,-3.4289,-3.4255,-3.4222,-3.4195,-3.4169,-3.414,-3.4104,-3.4068,-3.4043,-3.4048,-3.4097,-3.4197,-3.4331,-3.446,-3.4532,-3.4501,-3.4339,-3.4048,-3.365,-3.318,-3.2678,-3.2183,-3.1722,-3.1314,-3.0968,-3.0686,-3.0464,-3.0297,-3.0177,-3.0096,-3.0046
-3.4843,-3.4916,-3.4996,-3.5085,-3.5183,-3.5294,-3.5418,-3.5559,-3.5714,-3.5873,-3.5995,-3.5962,-3.5563,-3.4821,-3.4274,-3.4144,-3.4207,-3.4282,-3.4313,-3.4301,-3.4269,-3.4234,-3.4201,-3.4169,-3.4134,-3.4096,-3.4059,-3.4033,-3.4031,-3.4066,-3.414,-3.4238,-3.4329,-3.4373,-3.4331,-3.4183,-3.3928,-3.3582,-3.3173,-3.2733,-3.2292,-3.1875,-3.1499,-3.1173,-3.09,-3.0681,-3.0509,-3.0381,-3.0289,-3.0227
-3.4854,-3.4929,-3.5011,-3.5101,-3.5203,-3.5318,-3.5449,-3.56,-3.577,-3.5953,-3.6113,-3.6128,-3.5747,-3.4945,-3.4334,-3.4179,-3.4228,-3.4297,-3.4325,-3.4314,-3.4282,-3.4244,-3.4206,-3.4169,-3.413,-3.4088,-3.4049,-3.4021,-3.4012,-3.4031,-3.408,-3.4146,-3.4204,-3.4222,-3.4171,-3.4034,-3.3809,-3.3507,-3.315,-3.2764,-3.2372,-3.1996,-3.1652,-3.1347,-3.1087,-3.0872,-3.07,-3.0567,-3.0467,-3.0396
-3.4861,-3.4937,-3.5019,-3.5111,-3.5214,-3.5331,-3.5464,-3.5617,-3.5791,-3.5978,-3.6144,-3.6172,-3.5828,-3.5085,-3.4483,-3.4284,-3.4289,-3.4329,-3.4344,-3.4328,-3.4294,-3.4253,-3.4211,-3.4168,-3.4125,-3.4081,-3.4039,-3.4007,-3.399,-3.3995,-3.4021,-3.4059,-3.4089,-3.4085,-3.4027,-3.3898,-3.3697,-3.3433,-3.312,-3.278,-3.2432,-3.2094,-3.1779,-3.1496,-3.125,-3.1042,-3.0872,-3.0736,-3.0631,-3.0553
-3.4865,-3.494,-3.5022,-3.5114,-3.5216,-3.5331,-3.5462,-3.5611,-3.5776,-3.5949,-3.6091,-3.6097,-3.5791,-3.5181,-3.4652,-3.442,-3.4372,-3.4374,-3.4369,-3.4344,-3.4305,-3.426,-3.4214,-3.4167,-3.412,-3.4073,-3.4029,-3.3992,-3.3968,-3.3959,-3.3967,-3.3981,-3.3987,-3.3965,-3.3899,-3.3777,-3.3596,-3.3362,-3.3087,-3.2787,-3.2477,-3.2173,-3.1885,-3.1623,-3.1392,-3.1193,-3.1026,-3.089,-3.0781,-3.0698
-3.4865,-3.4939,-3.502,-3.511,-3.5209,-3.5321,-3.5445,-3.5583,-3.5731,-3.5876,-3.5979,-3.5953,-3.5689,-3.5217,-3.4785,-3.4547,-3.4456,-3.4422,-3.4396,-3.436,-3.4316,-3.4267,-3.4216,-3.4166,-3.4115,-3.4065,-3.4018,-3.3977,-3.3945,-3.3925,-3.3916,-3.3911,-3.3898,-3.3862,-3.379,-3.3673,-3.3508,-3.3299,-3.3055,-3.2788,-3.2512,-3.2237,-3.1975,-3.1733,-3.1516,-3.1326,-3.1164,-3.1029,-3.092,-3.0833
-3.4861,-3.4933,-3.5012,-3.5099,-3.5195,-3.53,-3.5414,-3.5538,-3.5664,-3.5778,-3.5841,-3.5792,-3.5569,-3.5212,-3.4868,-3.4645,-3.4529,-3.4468,-3.4422,-3.4375,-3.4325,-3.4272,-3.4218,-3.4164,-3.411,-3.4057,-3.4007,-3.3961,-3.3923,-3.3894,-3.3871,-3.385,-3.3821,-3.3774,-3.3697,-3.3584,-3.3432,-3.3244,-3.3026,-3.2787,-3.2539,-3.2291,-3.2052,-3.1828,-3.1625,-3.1445,-3.1289,-3.1156,-3.1047,-3.0958
-3.4853,-3.4924,-3.5,-3.5083,-3.5173,-3.527,-3.5373,-3.5481,-3.5584,-3.5668,-3.57,-3.5639,-3.5455,-3.5182,-3.491,-3.471,-3.4584,-3.4505,-3.4444,-3.4388,-3.4332,-3.4275,-3.4218,-3.4161,-3.4104,-3.4049,-3.3996,-3.3946,-3.3902,-3.3864,-3.383,-3.3797,-3.3756,-3.3699,-3.3619,-3.3509,-3.3368,-3.3196,-3.3,-3.2785,-3.2561,-3.2336,-3.2118,-3.1911,-3.1721,-3.1551,-3.1401,-3.1272,-3.1163,-3.1073
-3.4843,-3.4911,-3.4983,-3.5061,-3.5145,-3.5233,-3.5325,-3.5416,-3.5498,-3.5557,-3.5567,-3.5503,-3.5352,-3.514,-3.4923,-3.4747,-3.4622,-3.4532,-3.4462,-3.4398,-3.4337,-3.4276,-3.4216,-3.4157,-3.4098,-3.404,-3.3984,-3.3931,-3.3882,-3.3837,-3.3795,-3.3751,-3.3701,-3.3637,-3.3554,-3.3447,-3.3314,-3.3157,-3.2978,-3.2784,-3.2581,-3.2376,-3.2175,-3.1984,-3.1807,-3.1646,-3.1502,-3.1377,-3.127,-3.118
-3.4829,-3.4894,-3.4963,-3.5036,-3.5112,-3.5192,-3.5272,-3.5348,-3.5411,-3.545,-3.5447,-3.5385,-3.526,-3.5092,-3.4916,-3.4763,-3.4643,-3.455,-3.4473,-3.4404,-3.4339,-3.4276,-3.4214,-3.4152,-3.4091,-3.4031,-3.3973,-3.3917,-3.3864,-3.3813,-3.3763,-3.3712,-3.3654,-3.3585,-3.3501,-3.3396,-3.327,-3.3124,-3.296,-3.2783,-3.2598,-3.241,-3.2226,-3.2049,-3.1883,-3.1731,-3.1595,-3.1474,-3.1369,-3.1279
