docs/data/wind_grid.json
[{"header":{"la1":42.85,"la2":41.18,"lo1":11.55,"lo2":14.05,"nx":36,"ny":24,"dx":0.07143,"dy":0.07261,"parameterCategory":2,"parameterNumber":2,"parameterNumberName":"eastward_wind","parameterUnit":"m.s-1"},"data":[-0.1016,-0.1066,-0.1104,-0.1129,-0.1142,-0.1143,-0.113,-0.1098,-0.1045,-0.0973,-0.0889,-0.0806,-0.0735,-0.0687,-0.0667,-0.0681,-0.0734,-0.083,-0.0971,-0.1148,-0.1337,-0.1503,-0.1612,-0.1654,-0.1639,-0.1585,-0.1511,-0.1427,-0.134,-0.1253,-0.1168,-0.1087,-0.1009,-0.0934,-0.0864,-0.0797,-0.1126,-0.1192,-0.1243,-0.1275,-0.1293,-0.1299,-0.1291,-0.1259,-0.1193,-0.1089,-0.0963,-0.0835,-0.0725,-0.0646,-0.0604,-0.0606,-0.0657,-0.0768,-0.0953,-0.1211,-0.1504,-0.1758,-0.1906,-0.1934,-0.1877,-0.1776,-0.1661,-0.1544,-0.1431,-0.1324,-0.1223,-0.1128,-0.1039,-0.0955,-0.0876,-0.0803,-0.1266,-0.1358,-0.1425,-0.1465,-0.1486,-0.1502,-0.1513,-0.1496,-0.1419,-0.1267,-0.1071,-0.0873,-0.0705,-0.0582,-0.051,-0.0488,-0.0522,-0.0632,-0.0863,-0.1247,-0.1735,-0.216,-0.2357,-0.2325,-0.2174,-0.1994,-0.1822,-0.1664,-0.1523,-0.1394,-0.1275,-0.1166,-0.1064,-0.097,-0.0883,-0.0802,-0.1447,-0.1583,-0.1678,-0.1722,-0.1735,-0.1759,-0.1817,-0.1861,-0.1789,-0.1555,-0.1231,-0.0919,-0.0667,-0.0488,-0.0374,-0.0316,-0.0304,-0.0361,-0.0596,-0.1167,-0.2051,-0.2841,-0.3071,-0.2847,-0.2516,-0.2221,-0.198,-0.1779,-0.1608,-0.1457,-0.1321,-0.1197,-0.1083,-0.0978,-0.0882,-0.0795,-0.1683,-0.1902,-0.2052,-0.2093,-0.2059,-0.2065,-0.2219,-0.2449,-0.2444,-0.203,-0.1454,-0.0959,-0.0597,-0.0347,-0.0186,-0.0085,0.0011,0.0136,0.0095,-0.0679,-0.2369,-0.395,-0.407,-0.3408,-0.2828,-0.2418,-0.2116,-0.1879,-0.1682,-0.1511,-0.1359,-0.122,-0.1094,-0.0979,-0.0873,-0.0778,-0.1985,-0.237,-0.266,-0.2702,-0.2511,-0.2381,-0.2661,-0.3364,-0.3614,-0.2742,-0.1684,-0.095,-0.0466,-0.0133,0.0082,0.0209,0.0379,0.0876,0.1653,0.0894,-0.2104,-0.4617,-0.4578,-0.3663,-0.2999,-0.2547,-0.2216,-0.1958,-0.1743,-0.1555,-0.1387,-0.1234,-0.1095,-0.0968,-0.0854,-0.0751,-0.2326,-0.304,-0.3721,-0.3865,-0.3256,-0.2636,-0.2847,-0.4162,-0.4892,-0.3245,-0.1701,-0.0821,-0.0247,0.0196,0.0505,0.0617,0.0681,0.1346,0.3397,0.2907,-0.1506,-0.372,-0.399,-0.3546,-0.3032,-0.2612,-0.2283,-0.2017,-0.1791,-0.159,-0.1406,-0.1238,-0.1084,-0.0945,-0.0821,-0.0711,-0.2575,-0.3805,-0.5479,-0.6249,-0.4576,-0.2754,-0.2382,-0.3236,-0.3704,-0.2468,-0.1306,-0.0571,0.0042,0.07,0.1294,0.1415,0.1011,0.0834,0.1434,0.0043,-0.411,-0.5147,-0.4345,-0.3618,-0.3068,-0.2654,-0.2334,-0.207,-0.1835,-0.1618,-0.1416,-0.1229,-0.1059,-0.0906,-0.0771,-0.0654,-0.245,-0.4006,-0.7047,-0.9636,-0.569,-0.2329,-0.1418,-0.1509,-0.1595,-0.1277,-0.0828,-0.0357,0.028,0.1385,0.2976,0.3454,0.1927,0.0321,-0.1015,-0.3889,-0.9035,-0.8304,-0.5281,-0.3819,-0.3112,-0.2697,-0.2398,-0.2137,-0.1889,-0.1648,-0.1419,-0.1207,-0.1016,-0.0847,-0.0701,-0.0577,-0.1751,-0.2691,-0.4464,-0.5621,-0.224,-0.0606,-0.02,-0.0315,-0.0733,-0.092,-0.0666,-0.0353,0.0198,0.1781,0.6197,0.8593,0.3415,0.0132,-0.1804,-0.4184,-0.7406,-0.7141,-0.4955,-0.3692,-0.3096,-0.2774,-0.252,-0.2254,-0.197,-0.1684,-0.1413,-0.1166,-0.0949,-0.0761,-0.0604,-0.0475,-0.0765,-0.0617,0.0558,0.4192,0.3894,0.153,0.1124,0.0764,-0.0879,-0.1692,-0.0738,-0.0563,-0.0448,0.0471,0.5008,0.8518,0.2464,-0.0918,-0.2476,-0.3411,-0.4333,-0.4453,-0.3837,-0.3332,-0.3117,-0.3004,-0.28,-0.2475,-0.2097,-0.1727,-0.139,-0.1097,-0.0847,-0.0639,-0.0472,-0.0341,0.0008,0.0609,0.2121,0.4527,0.4188,0.2396,0.2498,0.2928,0.1002,-0.0621,-0.0504,-0.0875,-0.1372,-0.2001,-0.0862,0.0573,-0.0895,-0.3731,-0.4648,-0.3722,-0.3273,-0.3138,-0.305,-0.3145,-0.3469,-0.3672,-0.3411,-0.2854,-0.227,-0.176,-0.1333,-0.0981,-0.0694,-0.0466,-0.0293,-0.0165,0.0413,0.0933,0.1767,0.2579,0.2602,0.2481,0.3389,0.4853,0.3561,0.1072,-0.0293,-0.1342,-0.1878,-0.2659,-0.2197,-0.1496,-0.2626,-0.8337,-0.8607,-0.4372,-0.2887,-0.2502,-0.2623,-0.3269,-0.4471,-0.519,-0.4482,-0.3345,-0.2423,-0.1735,-0.1207,-0.0791,-0.0467,-0.0223,-0.0051,0.0063,0.0575,0.0929,0.1362,0.1734,0.1955,0.2291,0.3068,0.3987,0.3262,0.1257,-0.0203,-0.1887,-0.242,-0.1914,-0.1763,-0.1823,-0.214,-0.5029,-0.5839,-0.3407,-0.2191,-0.1891,-0.2219,-0.3349,-0.56,-0.6966,-0.5409,-0.3602,-0.2401,-0.1581,-0.0969,-0.0493,-0.0134,0.0117,0.0274,0.0356,0.0629,0.0869,0.1134,0.1381,0.1612,0.1901,0.2265,0.2443,0.1957,0.1125,0.0471,-0.0494,-0.1505,-0.2846,-0.1565,-0.1785,-0.1242,-0.1862,-0.2206,-0.1654,-0.1114,-0.1094,-0.1607,-0.2769,-0.4726,-0.5885,-0.4723,-0.3197,-0.2083,-0.1251,-0.0582,-0.0045,0.035,0.0595,0.0707,0.0727,0.0641,0.0814,0.0997,0.1176,0.135,0.152,0.1649,0.1632,0.1437,0.1422,0.2256,0.0389,-0.0055,-0.0662,-0.0655,-0.0835,-0.087,-0.0696,-0.0518,-0.0365,-0.0159,-0.0315,-0.0936,-0.1843,-0.2913,-0.3515,-0.3191,-0.2413,-0.1578,-0.0775,-0.003,0.0607,0.1053,0.1264,0.128,0.1186,0.0637,0.0767,0.0902,0.1033,0.1154,0.1253,0.1308,0.1303,0.1294,0.1512,0.2157,0.1346,0.1948,0.2501,0.111,0.0722,0.0549,0.0857,0.1177,0.0629,0.0062,-0.0058,-0.0504,-0.1205,-0.1961,-0.2474,-0.2468,-0.1942,-0.1136,-0.0233,0.0699,0.1546,0.2083,0.2195,0.2011,0.1722,0.0627,0.0729,0.0833,0.0931,0.1019,0.1089,0.1134,0.1162,0.1212,0.1338,0.149,0.1648,0.2669,0.3165,0.3496,0.3836,0.2623,0.2665,0.3628,0.1958,0.0806,0.0289,-0.0193,-0.0909,-0.1924,-0.3031,-0.3221,-0.2172,-0.0878,0.0327,0.1596,0.2854,0.3554,0.3414,0.2854,0.2277,0.0617,0.07,0.0782,0.0861,0.0932,0.0993,0.1044,0.1096,0.1168,0.1281,0.1455,0.1784,0.2453,0.3799,0.818,1.0102,0.473,0.3109,0.3257,0.2443,0.1546,0.0791,0.0153,-0.0711,-0.2369,-0.5295,-0.5925,-0.2794,-0.0542,0.0909,0.2488,0.4339,0.5254,0.4652,0.3595,0.2722,0.0607,0.0677,0.0747,0.0814,0.0878,0.0937,0.0997,0.1065,0.1155,0.129,0.1505,0.1884,0.2607,0.4207,0.761,0.8641,0.4904,0.3038,0.2782,0.2851,0.1946,0.1165,0.0566,-0.021,-0.1802,-0.5352,-0.6182,-0.1361,0.0545,0.1507,0.2902,0.4925,0.5928,0.5099,0.3859,0.2898,0.0599,0.066,0.0721,0.0782,0.0843,0.0904,0.097,0.1048,0.1152,0.13,0.1527,0.189,0.2497,0.3492,0.4697,0.4882,0.374,0.2785,0.2521,0.2408,0.1867,0.1401,0.1075,0.0669,0.0311,0.0964,0.4396,0.3855,0.2269,0.1985,0.2658,0.3982,0.4774,0.4365,0.3517,0.2764,0.0592,0.0647,0.0703,0.076,0.0818,0.088,0.095,0.1034,0.1142,0.1289,0.1496,0.1795,0.2213,0.2737,0.3185,0.3231,0.2848,0.2415,0.2155,0.1953,0.172,0.1667,0.1646,0.1427,0.1833,0.4284,0.8492,0.6078,0.2726,0.1958,0.2179,0.2822,0.3318,0.3282,0.2899,0.2444,0.0587,0.0637,0.0689,0.0743,0.08,0.0861,0.0931,0.1015,0.1119,0.1253,0.1427,0.1652,0.1924,0.2205,0.2408,0.2431,0.228,0.2066,0.188,0.1735,0.1682,0.1856,0.1934,0.1727,0.2115,0.3502,0.4777,0.3315,0.1346,0.139,0.1751,0.2125,0.2416,0.2482,0.234,0.2097,0.0581,0.0628,0.0677,0.0728,0.0783,0.0843,0.0911,0.099,0.1085,0.12,0.134,0.1504,0.1682,0.1846,0.1954,0.1973,0.1906,0.1795,0.1683,0.1605,0.161,0.1722,0.1764,0.1717,0.195,0.2486,0.2721,0.1976,0.1121,0.1242,0.1549,0.1779,0.1939,0.1994,0.1938,0.1805]},{"header":{"la1":42.85,"la2":41.18,"lo1":11.55,"lo2":14.05,"nx":36,"ny":24,"dx":0.07143,"dy":0.07261,"parameterCategory":2,"parameterNumber":3,"parameterNumberName":"northward_wind","parameterUnit":"m.s-1"},"data":[-0.6299,-0.6313,-0.6319,-0.6314,-0.6299,-0.627,-0.6225,-0.6158,-0.6063,-0.5933,-0.5765,-0.5556,-0.5306,-0.5015,-0.4686,-0.4327,-0.3957,-0.36,-0.3284,-0.3032,-0.2854,-0.2749,-0.2711,-0.2724,-0.2773,-0.2837,-0.2903,-0.2962,-0.301,-0.3044,-0.3067,-0.3079,-0.3082,-0.3079,-0.3072,-0.3061,-0.6406,-0.6429,-0.6443,-0.6446,-0.6438,-0.642,-0.6386,-0.633,-0.6239,-0.6105,-0.5923,-0.5692,-0.5409,-0.5071,-0.4678,-0.4236,-0.3768,-0.3315,-0.2924,-0.2631,-0.2446,-0.2358,-0.2357,-0.2422,-0.2526,-0.2642,-0.2749,-0.2839,-0.2908,-0.2956,-0.2987,-0.3004,-0.3009,-0.3007,-0.2998,-0.2987,-0.6522,-0.6557,-0.658,-0.659,-0.659,-0.6584,-0.6569,-0.6532,-0.6453,-0.6315,-0.6116,-0.5859,-0.5542,-0.5155,-0.4686,-0.4135,-0.3525,-0.2923,-0.2425,-0.2098,-0.1934,-0.1886,-0.1938,-0.2078,-0.2261,-0.2444,-0.26,-0.2723,-0.2813,-0.2874,-0.2912,-0.2931,-0.2936,-0.2932,-0.2922,-0.2909,-0.665,-0.6701,-0.6735,-0.6749,-0.6753,-0.6759,-0.6775,-0.6777,-0.672,-0.6573,-0.6347,-0.6061,-0.5712,-0.528,-0.473,-0.4038,-0.3215,-0.2361,-0.1688,-0.1371,-0.1332,-0.1371,-0.1483,-0.1717,-0.2,-0.226,-0.2469,-0.2624,-0.2733,-0.2803,-0.2843,-0.2862,-0.2864,-0.2856,-0.2842,-0.2826,-0.6794,-0.6871,-0.692,-0.6935,-0.6928,-0.6938,-0.7,-0.7083,-0.7073,-0.6894,-0.6612,-0.6292,-0.5925,-0.5467,-0.485,-0.3997,-0.2855,-0.1519,-0.0455,-0.0272,-0.0716,-0.0987,-0.1101,-0.1408,-0.1787,-0.2118,-0.2372,-0.2553,-0.2673,-0.2746,-0.2783,-0.2796,-0.2791,-0.2777,-0.2757,-0.2736,-0.6957,-0.708,-0.7165,-0.7176,-0.7125,-0.7101,-0.7214,-0.7464,-0.7553,-0.7264,-0.6879,-0.6535,-0.6182,-0.5741,-0.5105,-0.4123,-0.259,-0.0381,0.18,0.173,-0.0012,-0.0907,-0.0969,-0.1247,-0.1668,-0.2043,-0.2325,-0.2518,-0.2639,-0.2705,-0.2732,-0.2732,-0.2717,-0.2692,-0.2664,-0.2636,-0.7133,-0.7341,-0.7517,-0.7546,-0.7382,-0.7223,-0.732,-0.7752,-0.7977,-0.7519,-0.7081,-0.6772,-0.6483,-0.6122,-0.5565,-0.4587,-0.2831,0.0204,0.4161,0.3933,0.0927,-0.0364,-0.0798,-0.1181,-0.1645,-0.2046,-0.2338,-0.2526,-0.2634,-0.2681,-0.2688,-0.2669,-0.2636,-0.2597,-0.2558,-0.2523,-0.7293,-0.7626,-0.8011,-0.8167,-0.7769,-0.729,-0.7202,-0.7511,-0.7695,-0.7465,-0.7224,-0.7017,-0.6825,-0.6616,-0.6276,-0.551,-0.3918,-0.1244,0.1775,0.2119,0.1515,0.0934,-0.0211,-0.1076,-0.1696,-0.2133,-0.2419,-0.2585,-0.266,-0.2674,-0.2649,-0.2602,-0.2546,-0.2489,-0.2437,-0.2393,-0.7376,-0.7803,-0.8426,-0.8876,-0.8128,-0.723,-0.6879,-0.7065,-0.7431,-0.7615,-0.7503,-0.7305,-0.7181,-0.7176,-0.7272,-0.6933,-0.551,-0.3404,-0.1265,0.0663,0.3426,0.2808,0.0313,-0.1104,-0.1876,-0.2329,-0.2584,-0.2699,-0.272,-0.2681,-0.2609,-0.2524,-0.2437,-0.2358,-0.2292,-0.224,-0.7341,-0.773,-0.8222,-0.8486,-0.7921,-0.6892,-0.623,-0.6618,-0.8041,-0.8779,-0.81,-0.7609,-0.7467,-0.7623,-0.8511,-0.8998,-0.6934,-0.4889,-0.3004,-0.0749,0.1913,0.1651,-0.0292,-0.1557,-0.2271,-0.267,-0.2853,-0.2881,-0.2812,-0.2694,-0.2558,-0.2422,-0.2299,-0.2195,-0.2114,-0.2056,-0.7209,-0.7529,-0.7971,-0.8611,-0.8272,-0.63,-0.4747,-0.519,-0.9593,-1.1847,-0.8711,-0.7805,-0.7596,-0.7601,-0.8448,-0.9138,-0.7175,-0.5503,-0.414,-0.2726,-0.1397,-0.109,-0.1664,-0.2345,-0.2883,-0.3203,-0.327,-0.3147,-0.2935,-0.2701,-0.2479,-0.2282,-0.2117,-0.1987,-0.1893,-0.1832,-0.7016,-0.7256,-0.7671,-0.835,-0.7813,-0.4993,-0.1824,-0.0173,-0.4988,-0.9026,-0.8062,-0.7882,-0.7623,-0.6946,-0.7331,-0.7506,-0.6649,-0.523,-0.4386,-0.3799,-0.3065,-0.265,-0.2718,-0.3139,-0.3706,-0.4049,-0.392,-0.3511,-0.3066,-0.2674,-0.2346,-0.2079,-0.1869,-0.1716,-0.1614,-0.1558,-0.6791,-0.6888,-0.6989,-0.6914,-0.5934,-0.3414,0.0545,0.4757,0.1372,-0.4917,-0.7509,-0.8083,-0.8069,-0.6899,-0.7337,-0.7373,-0.6544,-0.394,-0.3611,-0.406,-0.3562,-0.3154,-0.3178,-0.3754,-0.4829,-0.5466,-0.4875,-0.3918,-0.314,-0.256,-0.2119,-0.1781,-0.153,-0.1358,-0.1259,-0.1221,-0.6589,-0.6559,-0.6424,-0.6021,-0.5046,-0.3209,-0.0459,0.2276,0.0208,-0.5411,-0.8351,-0.8231,-0.8167,-1.144,-0.8608,-0.692,-0.7204,-0.5576,-0.4473,-0.4071,-0.3268,-0.2838,-0.3032,-0.396,-0.5836,-0.6982,-0.5649,-0.4076,-0.3013,-0.2286,-0.1751,-0.1349,-0.1064,-0.0888,-0.0809,-0.0809,-0.6456,-0.6373,-0.6182,-0.5801,-0.5132,-0.4141,-0.3026,-0.266,-0.4628,-0.8244,-1.0832,-1.1437,-1.1628,-1.3804,-0.9396,-0.7043,-1.1569,-0.7785,-0.5229,-0.3362,-0.1793,-0.1504,-0.2235,-0.3394,-0.507,-0.6042,-0.4992,-0.3589,-0.2553,-0.1791,-0.1198,-0.0742,-0.0429,-0.0268,-0.0241,-0.0311,-0.64,-0.6327,-0.6186,-0.5955,-0.5639,-0.5316,-0.5237,-0.5902,-0.7852,-1.1078,-1.4759,-1.5915,-1.4445,-1.2666,-1.0458,-0.9502,-1.0595,-0.7259,-0.4148,-0.1529,0.1492,0.0909,-0.1096,-0.2396,-0.337,-0.3813,-0.3409,-0.2612,-0.181,-0.1083,-0.044,0.0086,0.0426,0.0542,0.0466,0.0276,-0.6403,-0.637,-0.6312,-0.624,-0.6192,-0.6265,-0.6637,-0.7562,-0.9263,-1.1803,-1.4518,-1.4921,-1.7228,-1.8028,-1.1784,-0.9031,-0.7149,-0.3817,-0.0797,0.0077,0.2146,0.1417,-0.0572,-0.1657,-0.2234,-0.2437,-0.2231,-0.1686,-0.0976,-0.0229,0.0516,0.1176,0.1567,0.158,0.1312,0.0932,-0.6436,-0.6449,-0.6468,-0.6513,-0.6627,-0.6884,-0.7388,-0.825,-0.9525,-1.1105,-1.2562,-1.3856,-1.7344,-1.7705,-1.1281,-0.8211,-0.5151,0.1093,0.6432,0.2007,0.063,0.013,-0.0654,-0.1259,-0.1718,-0.2126,-0.2026,-0.1174,-0.0184,0.0708,0.1619,0.2527,0.3015,0.2816,0.2229,0.159,-0.6474,-0.6526,-0.6599,-0.6715,-0.6906,-0.722,-0.7708,-0.8408,-0.9308,-1.031,-1.1257,-1.2143,-1.2898,-1.1829,-0.883,-0.7908,-0.4879,0.0884,0.4466,0.2174,0.067,-0.0136,-0.0573,-0.0896,-0.1533,-0.3145,-0.3458,-0.0995,0.0745,0.1729,0.269,0.3863,0.4473,0.396,0.3004,0.2124,-0.6501,-0.6578,-0.6683,-0.6831,-0.7044,-0.7348,-0.7764,-0.8297,-0.8917,-0.9555,-1.0112,-1.0477,-1.0408,-0.9507,-0.8211,-0.7467,-0.4849,-0.1042,0.1967,0.2677,0.0896,0.0018,-0.0212,-0.0267,-0.0694,-0.2882,-0.3415,0.0885,0.2458,0.2949,0.3465,0.4409,0.498,0.4378,0.334,0.2402,-0.6508,-0.6599,-0.6715,-0.6869,-0.7072,-0.7337,-0.7668,-0.8056,-0.847,-0.8856,-0.914,-0.9222,-0.8979,-0.8344,-0.7471,-0.6349,-0.4418,-0.1867,0.0482,0.1203,0.0498,0.0269,0.0394,0.064,0.1324,0.3045,0.7052,0.6571,0.5094,0.4538,0.4176,0.4216,0.4371,0.3975,0.3205,0.2413,-0.6493,-0.6586,-0.6701,-0.6845,-0.7023,-0.7238,-0.7487,-0.7757,-0.802,-0.8234,-0.8344,-0.8285,-0.7999,-0.746,-0.6686,-0.5626,-0.419,-0.2526,-0.1076,-0.0272,0.0197,0.0943,0.1297,0.1385,0.274,0.6445,1.1415,0.9355,0.746,0.6664,0.5356,0.4397,0.3923,0.3484,0.2904,0.2273,-0.6456,-0.6545,-0.665,-0.6774,-0.692,-0.7086,-0.7264,-0.7442,-0.7595,-0.7691,-0.7693,-0.756,-0.7256,-0.6764,-0.6075,-0.5177,-0.408,-0.2887,-0.1777,-0.0819,0.0239,0.1554,0.1887,0.1651,0.2851,0.5465,0.7863,0.8548,1.0152,0.9186,0.6693,0.4908,0.389,0.3227,0.2651,0.2093,-0.64,-0.6479,-0.657,-0.6672,-0.6785,-0.6906,-0.7025,-0.7131,-0.7205,-0.7223,-0.7157,-0.6982,-0.6675,-0.6222,-0.5618,-0.4865,-0.3986,-0.3039,-0.2084,-0.1116,-0.0049,0.0989,0.1384,0.1538,0.2507,0.4231,0.6088,0.821,1.0471,0.9527,0.7014,0.5082,0.3862,0.3057,0.2441,0.1908]}]