docs/data/wind_grid.json
[{"header":{"la1":42.85,"la2":41.18,"lo1":11.55,"lo2":14.05,"nx":36,"ny":24,"dx":0.07143,"dy":0.07261,"parameterCategory":2,"parameterNumber":2,"parameterNumberName":"eastward_wind","parameterUnit":"m.s-1"},"data":[-0.8053,-0.8188,-0.8332,-0.8478,-0.8618,-0.873,-0.8786,-0.8755,-0.8613,-0.8364,-0.8035,-0.767,-0.7312,-0.6991,-0.6722,-0.6509,-0.6349,-0.6231,-0.6146,-0.6082,-0.603,-0.5984,-0.594,-0.5895,-0.585,-0.5804,-0.5758,-0.5714,-0.5671,-0.563,-0.5592,-0.5557,-0.5524,-0.5494,-0.5468,-0.5444,-0.8204,-0.8374,-0.8565,-0.8775,-0.8995,-0.9202,-0.9348,-0.937,-0.9214,-0.8877,-0.8413,-0.7904,-0.7422,-0.7011,-0.6685,-0.6444,-0.6276,-0.6164,-0.6091,-0.604,-0.5999,-0.5961,-0.592,-0.5877,-0.583,-0.5782,-0.5733,-0.5686,-0.564,-0.5597,-0.5557,-0.552,-0.5487,-0.5457,-0.5429,-0.5405,-0.8354,-0.8561,-0.8805,-0.9094,-0.9432,-0.9796,-1.0116,-1.0264,-1.0109,-0.9624,-0.8926,-0.8185,-0.7523,-0.6993,-0.6602,-0.6337,-0.6172,-0.6079,-0.603,-0.6,-0.5974,-0.5943,-0.5906,-0.5862,-0.5812,-0.576,-0.5707,-0.5655,-0.5606,-0.556,-0.5518,-0.548,-0.5446,-0.5415,-0.5388,-0.5364,-0.8496,-0.8738,-0.9035,-0.9413,-0.9905,-1.0518,-1.1174,-1.1625,-1.1524,-1.0759,-0.9625,-0.85,-0.7582,-0.6907,-0.645,-0.6173,-0.6033,-0.5982,-0.5974,-0.5972,-0.5961,-0.5937,-0.59,-0.5852,-0.5797,-0.5737,-0.5678,-0.5621,-0.5568,-0.5519,-0.5475,-0.5436,-0.54,-0.5369,-0.5342,-0.5318,-0.8629,-0.8899,-0.9235,-0.9689,-1.0347,-1.131,-1.2584,-1.3766,-1.3891,-1.2514,-1.0515,-0.8781,-0.7534,-0.6704,-0.6193,-0.5932,-0.5857,-0.5891,-0.5949,-0.5977,-0.5972,-0.5947,-0.5905,-0.5848,-0.5782,-0.5713,-0.5645,-0.5581,-0.5524,-0.5472,-0.5426,-0.5385,-0.535,-0.5318,-0.5291,-0.5268,-0.8756,-0.9043,-0.9393,-0.9872,-1.063,-1.1941,-1.4136,-1.6913,-1.7767,-1.4954,-1.1365,-0.8842,-0.7278,-0.632,-0.5778,-0.5571,-0.5629,-0.583,-0.5998,-0.6032,-0.6008,-0.5973,-0.5921,-0.5849,-0.5767,-0.5684,-0.5605,-0.5533,-0.5471,-0.5417,-0.537,-0.5329,-0.5293,-0.5262,-0.5235,-0.5212,-0.889,-0.9195,-0.9532,-0.9953,-1.0629,-1.1976,-1.4765,-1.945,-2.1591,-1.6547,-1.1363,-0.8399,-0.6718,-0.5689,-0.511,-0.4982,-0.5267,-0.5751,-0.608,-0.609,-0.6047,-0.6013,-0.5948,-0.5854,-0.5747,-0.5644,-0.5552,-0.5474,-0.5408,-0.5353,-0.5306,-0.5266,-0.523,-0.5199,-0.5173,-0.5151,-0.9049,-0.9402,-0.9745,-1.0049,-1.0411,-1.1209,-1.314,-1.6584,-1.7984,-1.3806,-0.9733,-0.7367,-0.5877,-0.4772,-0.4009,-0.3906,-0.4558,-0.5445,-0.5964,-0.6072,-0.6107,-0.6088,-0.5993,-0.5857,-0.5714,-0.5585,-0.548,-0.5397,-0.5331,-0.5278,-0.5234,-0.5194,-0.516,-0.5129,-0.5104,-0.5083,-0.9241,-0.9721,-1.0195,-1.0475,-1.0403,-1.0253,-1.0505,-1.1028,-1.0632,-0.8961,-0.7383,-0.6139,-0.4969,-0.3624,-0.21,-0.1725,-0.3282,-0.5005,-0.5935,-0.6264,-0.6336,-0.6248,-0.6062,-0.5848,-0.5651,-0.5494,-0.5378,-0.5297,-0.5238,-0.5192,-0.5152,-0.5115,-0.5081,-0.5051,-0.5026,-0.5006,-0.9425,-1.013,-1.1002,-1.1678,-1.1255,-0.9902,-0.8764,-0.7711,-0.6212,-0.5355,-0.552,-0.5201,-0.4315,-0.2689,0.0866,0.2609,-0.1816,-0.5171,-0.6675,-0.7034,-0.6867,-0.6515,-0.6134,-0.5797,-0.5532,-0.5348,-0.5234,-0.5169,-0.5128,-0.5095,-0.5062,-0.5028,-0.4994,-0.4963,-0.4937,-0.4919,-0.949,-1.04,-1.1794,-1.3424,-1.2959,-1.003,-0.7988,-0.6496,-0.38,-0.255,-0.4502,-0.4739,-0.4062,-0.2877,0.034,0.2626,-0.2932,-0.7242,-0.8965,-0.8653,-0.7701,-0.6819,-0.6142,-0.5652,-0.5318,-0.5121,-0.5035,-0.501,-0.5004,-0.4992,-0.4968,-0.4934,-0.4896,-0.4862,-0.4835,-0.4818,-0.9321,-1.0191,-1.1524,-1.3065,-1.2471,-0.9443,-0.7668,-0.704,-0.5247,-0.3862,-0.4736,-0.4718,-0.3974,-0.3087,-0.2883,-0.3502,-0.7141,-1.283,-1.4192,-1.12,-0.8573,-0.6947,-0.597,-0.536,-0.4974,-0.4788,-0.4774,-0.4831,-0.4879,-0.4892,-0.4872,-0.4831,-0.4784,-0.4741,-0.4711,-0.4697,-0.8927,-0.9519,-1.0234,-1.0687,-0.9967,-0.8377,-0.7503,-0.795,-0.6847,-0.5728,-0.5304,-0.5089,-0.4367,-0.2821,-0.3116,-0.5606,-1.0494,-2.1358,-2.1523,-1.3116,-0.8676,-0.6551,-0.5508,-0.4931,-0.4534,-0.4364,-0.448,-0.4665,-0.4778,-0.4808,-0.4778,-0.4716,-0.4647,-0.4591,-0.4558,-0.4549,-0.8436,-0.8742,-0.8985,-0.8952,-0.8442,-0.7701,-0.7232,-0.7023,-0.6724,-0.6033,-0.557,-0.5583,-0.5396,-0.3216,-0.4542,-0.7321,-1.1087,-1.6532,-1.693,-1.0998,-0.7058,-0.5278,-0.4694,-0.4487,-0.4224,-0.4053,-0.429,-0.4586,-0.4737,-0.4754,-0.4684,-0.4575,-0.4467,-0.439,-0.4357,-0.4363,-0.797,-0.8093,-0.8127,-0.7991,-0.7666,-0.7267,-0.6951,-0.6713,-0.6389,-0.5986,-0.573,-0.553,-0.4849,-0.407,-0.5518,-1.0185,-1.4645,-1.1534,-0.9705,-0.6546,-0.3598,-0.2856,-0.3468,-0.4047,-0.4218,-0.4187,-0.4405,-0.4678,-0.4789,-0.4736,-0.4576,-0.4377,-0.4204,-0.4104,-0.4083,-0.4123,-0.7576,-0.7604,-0.7561,-0.7423,-0.7198,-0.6935,-0.6683,-0.644,-0.6178,-0.5964,-0.5949,-0.5974,-0.5681,-0.5293,-0.6234,-0.9517,-1.2438,-0.8816,-0.5686,-0.2617,0.1138,0.0423,-0.2112,-0.3583,-0.4271,-0.457,-0.4809,-0.4974,-0.4954,-0.4751,-0.442,-0.4061,-0.3788,-0.3673,-0.3703,-0.3818,-0.7258,-0.724,-0.7173,-0.7049,-0.6876,-0.6677,-0.6472,-0.6269,-0.6081,-0.5961,-0.5961,-0.5974,-0.6305,-0.6509,-0.6303,-0.6885,-0.6701,-0.4111,-0.1597,-0.0614,0.1909,0.1007,-0.1704,-0.3452,-0.4521,-0.518,-0.5507,-0.5511,-0.5252,-0.4785,-0.416,-0.352,-0.3098,-0.302,-0.3188,-0.3448,-0.7004,-0.6965,-0.6891,-0.6781,-0.6641,-0.6482,-0.6318,-0.6159,-0.6026,-0.5944,-0.5932,-0.6023,-0.6439,-0.6554,-0.6169,-0.5824,-0.4165,0.0358,0.4063,0.0951,-0.0059,-0.0781,-0.2252,-0.3783,-0.5182,-0.6301,-0.6687,-0.6335,-0.5683,-0.4831,-0.3745,-0.2619,-0.1994,-0.2096,-0.2563,-0.3053,-0.6799,-0.675,-0.6677,-0.6579,-0.6461,-0.6331,-0.6198,-0.6074,-0.5971,-0.5905,-0.5888,-0.5935,-0.6046,-0.61,-0.6415,-0.6533,-0.3927,0.0355,0.2911,0.1496,-0.006,-0.1389,-0.2699,-0.422,-0.6032,-0.7843,-0.823,-0.7258,-0.6168,-0.4918,-0.3278,-0.1454,-0.0606,-0.1107,-0.2001,-0.2744,-0.663,-0.6578,-0.6507,-0.642,-0.6318,-0.6209,-0.6098,-0.5994,-0.5905,-0.5839,-0.58,-0.5787,-0.5789,-0.5834,-0.6142,-0.6054,-0.3887,-0.0872,0.1932,0.2752,0.0321,-0.1423,-0.2755,-0.4327,-0.6332,-0.8251,-0.8622,-0.7796,-0.6588,-0.5119,-0.3215,-0.0997,-0.0028,-0.0757,-0.1833,-0.2659,-0.649,-0.6436,-0.6369,-0.629,-0.62,-0.6104,-0.6007,-0.5914,-0.5829,-0.5755,-0.569,-0.5628,-0.5561,-0.5484,-0.5365,-0.4861,-0.3507,-0.1532,0.0497,0.1031,-0.0283,-0.1337,-0.2242,-0.383,-0.6002,-0.8048,-0.95,-0.8749,-0.6896,-0.5351,-0.3787,-0.2045,-0.114,-0.1472,-0.2207,-0.285,-0.6371,-0.6317,-0.6253,-0.618,-0.6098,-0.6012,-0.5923,-0.5834,-0.5747,-0.5662,-0.5574,-0.5475,-0.535,-0.5173,-0.4882,-0.4337,-0.3425,-0.226,-0.1225,-0.0835,-0.0908,-0.0544,-0.0613,-0.262,-0.5383,-0.8214,-1.0719,-0.9164,-0.6332,-0.517,-0.4352,-0.3351,-0.2653,-0.2571,-0.2852,-0.3211,-0.6268,-0.6215,-0.6154,-0.6085,-0.6009,-0.5928,-0.5843,-0.5756,-0.5666,-0.557,-0.5465,-0.534,-0.518,-0.496,-0.464,-0.4168,-0.3528,-0.2799,-0.215,-0.1672,-0.104,0.0322,0.0761,-0.1634,-0.453,-0.685,-0.8003,-0.6579,-0.4482,-0.4501,-0.4501,-0.4065,-0.3616,-0.3414,-0.3445,-0.3593,-0.6178,-0.6127,-0.6068,-0.6002,-0.5929,-0.5852,-0.5769,-0.5682,-0.5589,-0.5487,-0.5371,-0.5232,-0.5059,-0.4833,-0.4535,-0.4147,-0.3677,-0.3167,-0.2675,-0.2183,-0.1515,-0.0622,-0.0535,-0.207,-0.4053,-0.5537,-0.6032,-0.5227,-0.4214,-0.4343,-0.4515,-0.4357,-0.4102,-0.3926,-0.3873,-0.3911]},{"header":{"la1":42.85,"la2":41.18,"lo1":11.55,"lo2":14.05,"nx":36,"ny":24,"dx":0.07143,"dy":0.07261,"parameterCategory":2,"parameterNumber":3,"parameterNumberName":"northward_wind","parameterUnit":"m.s-1"},"data":[-0.7979,-0.7935,-0.7878,-0.7809,-0.7729,-0.7645,-0.7567,-0.7507,-0.7471,-0.7457,-0.7445,-0.7416,-0.7349,-0.7236,-0.7076,-0.6877,-0.6657,-0.6442,-0.626,-0.6129,-0.6058,-0.6039,-0.6056,-0.6094,-0.6143,-0.6194,-0.6246,-0.6297,-0.6348,-0.6397,-0.6447,-0.6496,-0.6544,-0.6592,-0.6638,-0.6683,-0.8001,-0.795,-0.7881,-0.7792,-0.7683,-0.7561,-0.7445,-0.7363,-0.7335,-0.7357,-0.7397,-0.7412,-0.7368,-0.725,-0.7056,-0.6797,-0.65,-0.6206,-0.5962,-0.5808,-0.5752,-0.5771,-0.5835,-0.5916,-0.5999,-0.6077,-0.6149,-0.6216,-0.6278,-0.6339,-0.6397,-0.6455,-0.6511,-0.6567,-0.662,-0.6671,-0.8021,-0.7964,-0.7883,-0.7769,-0.7615,-0.7425,-0.7231,-0.7092,-0.7069,-0.7164,-0.7307,-0.7409,-0.7411,-0.7294,-0.7056,-0.6711,-0.6291,-0.5861,-0.5516,-0.5335,-0.5324,-0.5426,-0.5572,-0.5718,-0.5848,-0.5957,-0.6051,-0.6134,-0.621,-0.6281,-0.635,-0.6417,-0.6482,-0.6546,-0.6607,-0.6665,-0.8038,-0.7977,-0.7886,-0.7746,-0.7532,-0.7229,-0.687,-0.6583,-0.6544,-0.6791,-0.715,-0.7416,-0.7499,-0.739,-0.7098,-0.6633,-0.6017,-0.5345,-0.481,-0.4603,-0.4717,-0.4989,-0.5273,-0.5512,-0.5697,-0.5841,-0.5957,-0.6055,-0.6143,-0.6226,-0.6305,-0.6382,-0.6458,-0.653,-0.66,-0.6665,-0.8048,-0.7986,-0.7894,-0.774,-0.7465,-0.6995,-0.6312,-0.5635,-0.5495,-0.6099,-0.6917,-0.7468,-0.7666,-0.7571,-0.7222,-0.6607,-0.5697,-0.4578,-0.3652,-0.3444,-0.3881,-0.448,-0.4973,-0.5322,-0.5563,-0.5737,-0.587,-0.5981,-0.6081,-0.6174,-0.6265,-0.6353,-0.6439,-0.6522,-0.6601,-0.6674,-0.8038,-0.7975,-0.7895,-0.7761,-0.7475,-0.6846,-0.5646,-0.4043,-0.3515,-0.5001,-0.6722,-0.766,-0.7962,-0.7874,-0.7485,-0.6736,-0.547,-0.3612,-0.1876,-0.1764,-0.2915,-0.4021,-0.4743,-0.5184,-0.5461,-0.5651,-0.5794,-0.5914,-0.6022,-0.6127,-0.6229,-0.633,-0.6429,-0.6524,-0.6613,-0.6695,-0.7989,-0.7911,-0.7846,-0.7783,-0.7615,-0.7039,-0.5499,-0.2665,-0.1345,-0.4312,-0.7026,-0.8152,-0.8428,-0.8321,-0.7947,-0.7174,-0.5697,-0.3171,-0.0429,-0.0495,-0.2422,-0.3871,-0.4679,-0.5129,-0.54,-0.5585,-0.5727,-0.5851,-0.5968,-0.6083,-0.62,-0.6316,-0.643,-0.6539,-0.664,-0.6732,-0.7878,-0.7733,-0.7634,-0.7659,-0.7788,-0.7711,-0.6807,-0.4688,-0.3759,-0.6342,-0.8398,-0.902,-0.903,-0.889,-0.8656,-0.8045,-0.6677,-0.4392,-0.1995,-0.1796,-0.3125,-0.4188,-0.4798,-0.5149,-0.5371,-0.5532,-0.5666,-0.5791,-0.5915,-0.6044,-0.6178,-0.6313,-0.6445,-0.6571,-0.6687,-0.6789,-0.7698,-0.7382,-0.7069,-0.7025,-0.7569,-0.8457,-0.9002,-0.9086,-0.955,-1.0463,-1.0571,-1.0073,-0.9617,-0.949,-0.9691,-0.9479,-0.8117,-0.6257,-0.4697,-0.4116,-0.433,-0.4698,-0.4983,-0.5188,-0.5345,-0.5479,-0.5604,-0.573,-0.5864,-0.601,-0.6165,-0.6325,-0.6481,-0.6629,-0.6761,-0.6874,-0.7501,-0.6892,-0.6012,-0.5313,-0.6187,-0.8657,-1.0887,-1.2669,-1.4678,-1.52,-1.2978,-1.0952,-0.9954,-0.9879,-1.1095,-1.1792,-0.9366,-0.7254,-0.5962,-0.5289,-0.5041,-0.5015,-0.5078,-0.518,-0.5298,-0.5418,-0.5538,-0.5667,-0.5813,-0.5981,-0.6166,-0.6359,-0.6547,-0.672,-0.6871,-0.6996,-0.7422,-0.6554,-0.4961,-0.2835,-0.3613,-0.8561,-1.2468,-1.5,-1.8868,-2.0792,-1.4763,-1.1219,-0.9869,-0.9657,-1.0831,-1.1823,-0.9075,-0.7044,-0.5998,-0.5456,-0.5152,-0.5013,-0.5006,-0.5094,-0.5229,-0.5362,-0.548,-0.5605,-0.5763,-0.5961,-0.6187,-0.6425,-0.6656,-0.6863,-0.7034,-0.7167,-0.7593,-0.6794,-0.5312,-0.3352,-0.4402,-0.9903,-1.4388,-1.6622,-1.7528,-1.806,-1.3664,-1.0652,-0.9504,-0.9252,-0.927,-0.8785,-0.7322,-0.5898,-0.5346,-0.5096,-0.4854,-0.472,-0.4756,-0.4945,-0.5193,-0.5375,-0.5464,-0.5555,-0.5715,-0.5951,-0.6238,-0.6543,-0.6832,-0.708,-0.7273,-0.7408,-0.7988,-0.7563,-0.6966,-0.6703,-0.8286,-1.1933,-1.5709,-1.8746,-1.6659,-1.4335,-1.166,-0.9772,-0.9173,-0.9342,-0.9153,-0.7304,-0.5556,-0.4888,-0.4831,-0.4566,-0.4248,-0.4121,-0.4309,-0.4766,-0.5311,-0.559,-0.5541,-0.5514,-0.5661,-0.5956,-0.6338,-0.6741,-0.7112,-0.7411,-0.762,-0.7744,-0.8439,-0.8376,-0.843,-0.8929,-1.0309,-1.251,-1.4864,-1.632,-1.5442,-1.2708,-1.0503,-0.9204,-0.8937,-0.8883,-0.7818,-0.4687,-0.2059,-0.3537,-0.414,-0.3712,-0.3118,-0.2993,-0.3537,-0.4474,-0.5523,-0.5961,-0.5629,-0.5427,-0.5581,-0.5985,-0.6519,-0.7077,-0.7563,-0.7918,-0.8126,-0.8207,-0.8796,-0.8935,-0.923,-0.9818,-1.0791,-1.204,-1.3209,-1.3704,-1.2855,-1.115,-0.9878,-0.914,-0.8569,-0.7956,-0.6628,0.0762,0.8541,0.0456,-0.2585,-0.2209,-0.0678,-0.0707,-0.2217,-0.3768,-0.5041,-0.5585,-0.5304,-0.5146,-0.543,-0.605,-0.6844,-0.7645,-0.8297,-0.8702,-0.886,-0.8836,-0.9013,-0.922,-0.9541,-1.0016,-1.0636,-1.1292,-1.1762,-1.1753,-1.1107,-1.0191,-0.982,-0.9095,-0.8714,-0.7935,-0.6101,-0.015,0.5168,-0.0162,-0.2553,-0.0616,0.4279,0.3139,-0.0668,-0.2809,-0.3867,-0.4289,-0.4323,-0.4515,-0.5152,-0.6174,-0.741,-0.8616,-0.9505,-0.9915,-0.991,-0.9665,-0.9104,-0.9308,-0.9578,-0.9916,-1.0287,-1.061,-1.0764,-1.0634,-1.0224,-0.9779,-0.9679,-0.9191,-0.8754,-0.8477,-0.6821,-0.4466,-0.3055,-0.4251,-0.4941,-0.1726,0.4837,0.3483,-0.0509,-0.2283,-0.2708,-0.2589,-0.2655,-0.3377,-0.4683,-0.6388,-0.8362,-1.0262,-1.1493,-1.1757,-1.1342,-1.0683,-0.9105,-0.9277,-0.9482,-0.9706,-0.9919,-1.0069,-1.0096,-0.9964,-0.9702,-0.9419,-0.9177,-0.8854,-0.8661,-0.8465,-0.7411,-0.6595,-0.6091,-0.7438,-0.9225,-0.5667,-0.1861,-0.0999,-0.1919,-0.2248,-0.1426,0.0084,0.0313,-0.1542,-0.404,-0.6716,-0.9795,-1.2888,-1.4594,-1.4324,-1.3075,-1.1772,-0.9048,-0.9183,-0.9328,-0.9471,-0.9587,-0.9647,-0.9623,-0.9504,-0.931,-0.908,-0.8831,-0.8555,-0.8285,-0.7947,-0.774,-0.7765,-0.71,-0.7735,-0.8548,-0.7082,-0.5211,-0.3852,-0.3265,-0.2403,-0.0073,0.4211,0.5106,0.0443,-0.362,-0.7113,-1.1363,-1.6137,-1.8379,-1.7028,-1.4623,-1.2631,-0.8959,-0.9059,-0.9157,-0.9243,-0.93,-0.9312,-0.9265,-0.9154,-0.8991,-0.8789,-0.856,-0.8305,-0.8032,-0.7768,-0.7697,-0.7661,-0.7241,-0.7281,-0.7709,-0.7886,-0.6387,-0.5087,-0.4194,-0.2989,-0.0414,0.464,0.5768,-0.0544,-0.4254,-0.74,-1.1817,-1.7404,-1.9927,-1.7983,-1.5097,-1.2878,-0.8855,-0.8925,-0.8988,-0.9035,-0.9055,-0.9039,-0.8979,-0.8874,-0.8728,-0.8548,-0.834,-0.811,-0.7869,-0.7646,-0.7487,-0.7331,-0.7125,-0.7075,-0.7273,-0.7219,-0.6377,-0.5578,-0.4978,-0.4109,-0.2877,-0.2464,-0.5205,-0.5454,-0.5763,-0.744,-1.0534,-1.4724,-1.7007,-1.6097,-1.4115,-1.2382,-0.8745,-0.8791,-0.8828,-0.8848,-0.8845,-0.8812,-0.8746,-0.8644,-0.851,-0.8348,-0.8161,-0.7957,-0.7744,-0.7539,-0.7354,-0.7175,-0.7002,-0.6879,-0.6795,-0.6575,-0.6145,-0.5856,-0.5704,-0.517,-0.4797,-0.5977,-0.8601,-0.7504,-0.6727,-0.7284,-0.887,-1.1281,-1.3017,-1.3181,-1.2398,-1.1422,-0.8635,-0.8663,-0.868,-0.8682,-0.8663,-0.862,-0.855,-0.8453,-0.8329,-0.8181,-0.8014,-0.7831,-0.7641,-0.7451,-0.7266,-0.7085,-0.6909,-0.6743,-0.6567,-0.6333,-0.6071,-0.599,-0.6011,-0.5681,-0.5546,-0.6161,-0.7002,-0.6966,-0.6949,-0.7075,-0.7843,-0.9205,-1.0402,-1.091,-1.0803,-1.0394,-0.853,-0.8543,-0.8546,-0.8535,-0.8506,-0.8457,-0.8386,-0.8292,-0.8177,-0.8042,-0.7891,-0.7727,-0.7554,-0.7378,-0.7202,-0.7026,-0.6851,-0.6673,-0.6484,-0.6276,-0.6082,-0.5981,-0.5933,-0.5813,-0.5814,-0.6104,-0.6501,-0.679,-0.6958,-0.7023,-0.7451,-0.8236,-0.9011,-0.9493,-0.9631,-0.9527]}]