docs/data/wind_grid.json
[{"header":{"la1":42.85,"la2":41.18,"lo1":11.55,"lo2":14.05,"nx":36,"ny":24,"dx":0.07143,"dy":0.07261,"parameterCategory":2,"parameterNumber":2,"parameterNumberName":"eastward_wind","parameterUnit":"m.s-1"},"data":[1.8154,1.81,1.8035,1.7964,1.7895,1.7848,1.7848,1.7922,1.8091,1.8359,1.8708,1.9108,1.953,1.9952,2.0357,2.0731,2.1054,2.1297,2.1424,2.1408,2.1245,2.0953,2.0569,2.0132,1.9675,1.9225,1.8798,1.8405,1.805,1.7737,1.7463,1.7226,1.7024,1.6852,1.6707,1.6584,1.8112,1.8032,1.7929,1.7804,1.7668,1.7541,1.7466,1.7494,1.7673,1.8011,1.8475,1.9007,1.9558,2.01,2.0624,2.1122,2.1574,2.1937,2.2143,2.2138,2.191,2.15,2.0974,2.0398,1.9819,1.9267,1.876,1.8306,1.7908,1.7565,1.7273,1.7028,1.6823,1.6653,1.6512,1.6397,1.8079,1.7972,1.7825,1.7633,1.7396,1.7137,1.6917,1.6839,1.701,1.7461,1.8112,1.8842,1.9567,2.0258,2.0923,2.1581,2.2226,2.279,2.3143,2.3155,2.2805,2.2191,2.1446,2.0673,1.9934,1.9258,1.8659,1.814,1.7699,1.7331,1.7027,1.6779,1.6578,1.6416,1.6286,1.6182,1.8066,1.7935,1.7743,1.7471,1.71,1.6631,1.6135,1.581,1.5928,1.6586,1.7576,1.8619,1.9572,2.0428,2.1243,2.2095,2.3026,2.3953,2.4599,2.4638,2.4034,2.305,2.1963,2.0921,1.9983,1.9164,1.8465,1.7881,1.7403,1.7018,1.6713,1.6473,1.6285,1.614,1.6027,1.594,1.808,1.7935,1.7711,1.7365,1.6838,1.6069,1.5074,1.4171,1.4097,1.5208,1.686,1.8385,1.9612,2.0618,2.1556,2.2604,2.3932,2.5521,2.6801,2.6862,2.5682,2.4034,2.2448,2.107,1.9906,1.8935,1.8137,1.7496,1.6994,1.6608,1.6317,1.61,1.5939,1.582,1.5733,1.567,1.8129,1.7989,1.7757,1.7373,1.6725,1.5635,1.3893,1.176,1.1116,1.3287,1.6144,1.8289,1.9762,2.0846,2.1811,2.2968,2.4715,2.7352,2.9942,2.9943,2.755,2.4897,2.2728,2.1007,1.9623,1.8506,1.7622,1.6943,1.6439,1.6078,1.5826,1.5652,1.5535,1.5456,1.5404,1.5372,1.8214,1.8101,1.7903,1.7548,1.6897,1.5682,1.3406,0.9822,0.8223,1.2002,1.6048,1.8562,2.0108,2.1126,2.1946,2.2992,2.4861,2.8289,3.2369,3.2201,2.8502,2.5098,2.2561,2.0604,1.9041,1.7799,1.685,1.6166,1.5702,1.5406,1.5228,1.5127,1.5074,1.505,1.5043,1.5049,1.8326,1.8263,1.8138,1.7889,1.739,1.642,1.4618,1.1874,1.0799,1.3847,1.7101,1.929,2.0689,2.1465,2.1884,2.2532,2.4048,2.6818,3.0005,3.0036,2.7198,2.4264,2.1823,1.9775,1.8066,1.6711,1.5729,1.5093,1.4736,1.4569,1.4517,1.4526,1.4561,1.4607,1.4655,1.4705,1.845,1.8448,1.8421,1.8322,1.8049,1.7486,1.6597,1.5633,1.5494,1.6658,1.8445,2.0234,2.1522,2.1897,2.1358,2.1279,2.2742,2.4726,2.6264,2.636,2.4949,2.2876,2.0655,1.8499,1.6582,1.5084,1.411,1.3624,1.3489,1.3551,1.3697,1.386,1.4009,1.4138,1.4248,1.4344,1.8564,1.8618,1.868,1.8721,1.8634,1.8365,1.7982,1.7476,1.6891,1.7097,1.8944,2.1184,2.2808,2.2826,1.9831,1.8112,2.1647,2.4165,2.5163,2.49,2.3631,2.1669,1.9285,1.673,1.4366,1.2625,1.1747,1.1615,1.1914,1.2361,1.2796,1.3158,1.3441,1.3658,1.3829,1.3972,1.8648,1.8735,1.884,1.8933,1.8929,1.8912,1.8894,1.8352,1.6007,1.4809,1.8825,2.2284,2.4976,2.5956,2.1742,1.8427,2.2893,2.5875,2.6719,2.5578,2.3466,2.0865,1.7784,1.4294,1.0951,0.8746,0.8215,0.8899,1.001,1.1057,1.1878,1.2471,1.2888,1.3185,1.3409,1.3592,1.8695,1.8792,1.8893,1.8956,1.9006,1.9313,1.9819,2.0009,1.8209,1.6926,2.0027,2.3502,2.7619,3.2545,3.0029,2.5814,2.6781,3.1002,3.1704,2.7868,2.3954,2.0316,1.6145,1.0934,0.5469,0.2336,0.2914,0.5421,0.7932,0.9805,1.106,1.1866,1.2384,1.2732,1.2989,1.3202,1.8706,1.8807,1.8911,1.9016,1.9201,1.9664,2.0448,2.1079,2.073,1.988,2.1307,2.4077,2.7098,3.4541,3.253,2.7684,2.9252,3.924,3.9251,2.9844,2.4165,1.9871,1.4679,0.6921,-0.2835,-0.7837,-0.4213,0.1757,0.6186,0.8911,1.0501,1.1414,1.1951,1.2296,1.2558,1.2791,1.8684,1.8785,1.8902,1.9048,1.9283,1.9698,2.033,2.1033,2.0689,2.0009,2.0897,2.4307,2.5363,2.2586,2.557,2.6093,2.8055,3.3637,3.4102,2.7801,2.3484,1.9847,1.4389,0.4654,-1.0027,-1.7499,-0.9497,-0.006,0.5666,0.8736,1.0329,1.114,1.1566,1.184,1.208,1.2332,1.8629,1.8724,1.8835,1.8973,1.9163,1.9425,1.9722,1.9856,1.9436,1.8593,1.8146,1.9031,1.9626,1.6384,2.1596,2.5628,2.8974,2.6883,2.5917,2.4325,2.3478,2.1395,1.619,0.7324,-0.5148,-1.1788,-0.5632,0.2221,0.6994,0.9424,1.0533,1.0965,1.1128,1.1268,1.1487,1.1787,1.8545,1.8623,1.871,1.8809,1.8917,1.9018,1.9044,1.8838,1.8146,1.661,1.404,1.329,1.5354,1.7616,1.963,2.3399,2.6429,2.3029,2.115,2.2623,2.726,2.5454,1.8911,1.2218,0.5717,0.2356,0.4105,0.7415,0.967,1.0691,1.088,1.0658,1.0416,1.0412,1.0678,1.111,1.8435,1.8491,1.8546,1.8595,1.8625,1.8606,1.8476,1.8122,1.7372,1.5982,1.4146,1.4253,1.4121,1.4071,1.6545,1.8112,1.8642,1.6372,1.4806,1.9164,2.7504,2.5596,1.9396,1.5175,1.2685,1.1979,1.241,1.2758,1.2617,1.201,1.0991,0.9831,0.9069,0.9035,0.9557,1.0289,1.8309,1.834,1.8362,1.8366,1.8336,1.8245,1.8047,1.768,1.7081,1.6255,1.5468,1.4951,1.3772,1.324,1.2663,1.2001,1.2892,0.9617,0.5443,1.1983,1.789,1.9016,1.7244,1.6043,1.66,1.8555,1.9177,1.7416,1.5177,1.2993,1.054,0.8042,0.6666,0.6971,0.8151,0.9406,1.8173,1.818,1.8173,1.8141,1.8071,1.7942,1.7726,1.7394,1.6933,1.6371,1.5776,1.5099,1.4095,1.2138,0.6026,0.3484,0.9251,0.8616,0.6498,0.8655,1.1918,1.3988,1.4629,1.577,1.9067,2.4607,2.5841,2.1026,1.6943,1.3591,0.9714,0.5449,0.3456,0.4674,0.6864,0.8717,1.8032,1.8019,1.7988,1.793,1.7835,1.7687,1.7471,1.7172,1.6785,1.6315,1.5753,1.5008,1.3811,1.1369,0.661,0.5092,0.8759,0.9094,0.6748,0.5739,0.89,1.0508,1.1608,1.4113,1.8862,2.5539,2.6963,2.1276,1.7456,1.4091,0.9709,0.4419,0.2077,0.3861,0.6513,0.8573,1.7893,1.7862,1.7812,1.7736,1.7624,1.7467,1.7255,1.6977,1.6627,1.6194,1.5649,1.4912,1.382,1.2152,1.0169,0.9418,0.9911,0.95,0.7901,0.7178,0.7307,0.605,0.6234,1.0138,1.5655,1.9642,1.9751,1.8933,1.7154,1.4764,1.1335,0.7086,0.4841,0.5666,0.7497,0.9109,1.7757,1.7712,1.7648,1.7558,1.7436,1.7275,1.7066,1.6801,1.6473,1.6067,1.5557,1.4899,1.4037,1.2974,1.1925,1.1247,1.0816,1.0069,0.8872,0.7306,0.3867,-0.2698,-0.4357,0.3574,1.1985,1.698,1.8705,1.814,1.6817,1.5558,1.3417,1.0647,0.8759,0.8499,0.9183,1.0078,1.7627,1.757,1.7495,1.7396,1.7267,1.7104,1.6899,1.6645,1.6335,1.5957,1.5495,1.493,1.4252,1.3491,1.2734,1.2054,1.1358,1.0419,0.8977,0.6377,0.0692,-0.9283,-1.2119,-0.1178,0.9066,1.4723,1.691,1.6938,1.6799,1.6358,1.4827,1.2905,1.1413,1.0752,1.0763,1.1107,1.7503,1.7438,1.7355,1.7249,1.7116,1.6952,1.6752,1.6509,1.6217,1.5868,1.5453,1.4966,1.4406,1.3793,1.315,1.2477,1.1702,1.0668,0.9102,0.6436,0.1763,-0.4288,-0.5505,0.0961,0.8245,1.2923,1.5232,1.6229,1.6789,1.6447,1.527,1.3921,1.2819,1.216,1.1923,1.1972]},{"header":{"la1":42.85,"la2":41.18,"lo1":11.55,"lo2":14.05,"nx":36,"ny":24,"dx":0.07143,"dy":0.07261,"parameterCategory":2,"parameterNumber":3,"parameterNumberName":"northward_wind","parameterUnit":"m.s-1"},"data":[1.6342,1.5876,1.5339,1.4739,1.41,1.3466,1.2901,1.2471,1.2214,1.2109,1.2078,1.2016,1.1833,1.1476,1.0938,1.0255,0.9503,0.8799,0.827,0.8016,0.8066,0.8375,0.8856,0.9421,1.0004,1.0564,1.1084,1.1559,1.1994,1.2393,1.2761,1.3103,1.3422,1.3721,1.4002,1.4264,1.6406,1.5872,1.5229,1.4476,1.3632,1.2757,1.1963,1.1389,1.1133,1.1176,1.1365,1.15,1.1422,1.1048,1.0366,0.9424,0.8331,0.7274,0.6488,0.6162,0.6337,0.69,0.7674,0.8505,0.93,1.0018,1.0652,1.1211,1.1708,1.2155,1.2563,1.294,1.3289,1.3615,1.3919,1.4203,1.6534,1.5933,1.5172,1.4222,1.3082,1.1812,1.0589,0.9707,0.9436,0.9779,1.0414,1.0929,1.1052,1.0678,0.9803,0.8478,0.6834,0.5162,0.3916,0.3498,0.3963,0.5017,0.6281,0.7503,0.8575,0.9478,1.0234,1.0874,1.143,1.1924,1.2371,1.2783,1.3164,1.3518,1.3848,1.4153,1.675,1.61,1.5226,1.4054,1.2512,1.0605,0.8553,0.6956,0.6583,0.757,0.9125,1.0341,1.0799,1.0444,0.9319,0.7457,0.4937,0.2144,-0.0003,-0.0519,0.0644,0.2656,0.4722,0.6486,0.7886,0.898,0.9847,1.0557,1.1163,1.1698,1.2183,1.2631,1.3046,1.3431,1.3788,1.4117,1.708,1.642,1.5478,1.4108,1.2107,0.927,0.5661,0.2326,0.1511,0.3997,0.7479,0.9884,1.0794,1.0441,0.9023,0.651,0.2709,-0.2146,-0.6212,-0.6753,-0.3887,-0.0067,0.319,0.56,0.732,0.8566,0.9506,1.026,1.0901,1.1472,1.1995,1.2482,1.2935,1.3355,1.3742,1.4097,1.7537,1.6934,1.6019,1.4578,1.2236,0.8386,0.2357,-0.4897,-0.7276,-0.118,0.5976,0.9949,1.1213,1.0741,0.9019,0.5949,0.0747,-0.7377,-1.5437,-1.5652,-0.9087,-0.2476,0.2115,0.5062,0.6969,0.8263,0.9208,0.9967,1.0626,1.1231,1.1798,1.2332,1.2831,1.3292,1.3715,1.4098,1.8114,1.7645,1.6897,1.5626,1.3356,0.9156,0.1323,-1.0926,-1.6331,-0.4513,0.6451,1.116,1.2189,1.1284,0.9232,0.6055,0.048,-1.003,-2.2779,-2.2321,-1.1683,-0.3085,0.2064,0.5061,0.687,0.8045,0.8907,0.9631,1.0303,1.0952,1.158,1.2177,1.2735,1.3247,1.3711,1.4126,1.8767,1.85,1.805,1.7211,1.5568,1.2367,0.6285,-0.329,-0.72,0.2592,1.0878,1.3799,1.3635,1.1763,0.9063,0.6262,0.2434,-0.5227,-1.5158,-1.5488,-0.7624,-0.089,0.3212,0.556,0.6923,0.7798,0.8492,0.9165,0.9871,1.0601,1.1325,1.2015,1.2653,1.3228,1.3738,1.4187,1.9428,1.9379,1.9281,1.8995,1.8231,1.671,1.4407,1.2109,1.2596,1.5928,1.7675,1.7227,1.5293,1.1779,0.7018,0.4242,0.3928,0.1697,-0.2085,-0.2985,-0.0368,0.2753,0.4954,0.6205,0.6851,0.7276,0.7763,0.843,0.925,1.0142,1.1027,1.1853,1.2595,1.3247,1.381,1.4293,2.0016,2.013,2.0297,2.0436,2.031,2.0042,2.0349,2.2233,2.6478,2.8199,2.4313,2.0491,1.7177,1.2022,0.1509,-0.3716,0.3138,0.5349,0.4715,0.4283,0.4857,0.5802,0.6415,0.6481,0.6218,0.6074,0.6399,0.7224,0.835,0.9555,1.0698,1.1714,1.2589,1.3328,1.3945,1.4457,2.0487,2.0657,2.0866,2.103,2.1087,2.1657,2.3167,2.6422,3.5612,4.0264,2.8891,2.272,1.9477,1.5589,0.4451,-0.3344,0.5015,0.6995,0.6754,0.6993,0.7453,0.7613,0.7133,0.5922,0.4403,0.3509,0.3893,0.531,0.7118,0.8869,1.0389,1.165,1.2675,1.3502,1.4165,1.4697,2.0858,2.1015,2.1139,2.1148,2.1343,2.2448,2.3919,2.5358,3.0376,3.4418,2.7758,2.359,2.1509,2.0456,1.7631,1.2245,0.9614,0.5407,0.4253,0.6858,0.8494,0.8556,0.7145,0.42,0.0482,-0.159,-0.0447,0.2546,0.5653,0.8224,1.0217,1.1742,1.2912,1.3809,1.4499,1.5031,2.1176,2.1338,2.1484,2.1646,2.2092,2.299,2.3805,2.4905,2.4053,2.6408,2.5556,2.4186,2.3197,2.1537,2.0953,1.7686,1.142,-0.2232,-0.2652,0.6132,0.929,0.926,0.6903,0.1528,-0.6371,-1.0558,-0.6812,-0.0579,0.4425,0.792,1.0357,1.2098,1.3366,1.4294,1.4975,1.5475,2.1471,2.1667,2.1889,2.2189,2.2653,2.3222,2.3492,2.2789,2.3438,2.516,2.5491,2.4769,2.4612,2.5837,2.322,2.0136,1.5631,0.5826,0.3738,0.8991,1.0711,1.0059,0.7224,0.0026,-1.2665,-1.952,-1.1718,-0.2069,0.4335,0.8347,1.099,1.2815,1.4099,1.4997,1.5617,1.6042,2.1738,2.1969,2.2241,2.258,2.2999,2.3433,2.3744,2.3976,2.4726,2.6025,2.7033,2.7227,2.7508,3.0719,2.5326,2.1532,2.0017,1.693,1.4178,1.3118,1.1233,1.0154,0.849,0.2691,-0.7965,-1.4025,-0.7849,0.0381,0.6032,0.9692,1.2185,1.3939,1.5152,1.5949,1.6441,1.6734,2.1971,2.2224,2.2519,2.2865,2.3264,2.3693,2.4147,2.4736,2.5731,2.738,2.9466,3.0917,2.9645,2.8268,2.6112,2.3044,2.1216,2.1362,2.0078,1.4998,0.6853,0.766,0.989,0.7507,0.2517,-0.0435,0.151,0.5428,0.8928,1.1683,1.3833,1.5453,1.6548,1.7167,1.7447,1.7539,2.2164,2.243,2.2733,2.3082,2.348,2.3931,2.4467,2.5174,2.6204,2.7702,2.9322,2.9706,3.0197,3.027,2.7845,2.6301,2.5873,2.786,2.857,2.0123,0.6723,0.8194,1.2055,1.1491,0.9304,0.7887,0.8176,0.9684,1.1695,1.3773,1.5712,1.7304,1.8298,1.8651,1.8602,1.8412,2.232,2.259,2.2896,2.3243,2.364,2.4098,2.4646,2.5331,2.6202,2.7229,2.8157,2.8863,3.0202,3.0628,3.0291,3.0556,3.0631,3.6514,4.3443,3.1481,2.0413,1.6583,1.5952,1.4506,1.2346,1.0499,1.0197,1.1602,1.3575,1.5581,1.76,1.9399,2.0355,2.0304,1.979,1.9258,2.244,2.2709,2.3011,2.3352,2.3739,2.4183,2.47,2.531,2.6014,2.6772,2.7508,2.8257,2.918,3.0522,3.4684,3.6511,3.3242,3.6971,4.1074,3.647,2.9121,2.3106,1.9605,1.6702,1.3122,0.8611,0.7699,1.1718,1.4899,1.7094,1.9218,2.1336,2.2293,2.1738,2.0748,1.9931,2.2527,2.2791,2.3085,2.3413,2.3782,2.4198,2.4668,2.5199,2.5785,2.6407,2.7054,2.7778,2.8755,3.0554,3.4078,3.5275,3.3194,3.4862,3.9861,4.1922,3.3025,2.6194,2.2076,1.8675,1.4548,0.8679,0.7433,1.3774,1.6852,1.8544,2.0195,2.2083,2.2942,2.2244,2.1168,2.0305,2.2586,2.2841,2.3122,2.3433,2.3778,2.416,2.4583,2.5046,2.5548,2.6084,2.6663,2.7334,2.8218,2.9502,3.1044,3.1717,3.1724,3.3118,3.6263,3.6745,3.1447,2.6708,2.3823,2.1001,1.808,1.6887,1.982,1.9922,1.9721,2.0216,2.0784,2.1617,2.2122,2.1775,2.1063,2.0394,2.2618,2.2862,2.3128,2.3419,2.3737,2.4085,2.4462,2.4869,2.5305,2.5771,2.6278,2.6854,2.7543,2.8357,2.9151,2.9671,3.0066,3.0801,3.1612,3.0984,2.8465,2.6514,2.566,2.3346,2.0971,2.1164,2.3748,2.2713,2.2392,2.2338,2.1752,2.1472,2.1426,2.1212,2.0804,2.035,2.2628,2.2858,2.3108,2.3378,2.3669,2.3983,2.4318,2.4676,2.5055,2.5457,2.5887,2.6356,2.6869,2.7405,2.7895,2.8272,2.8566,2.8821,2.8817,2.8132,2.6963,2.6668,2.6814,2.4673,2.2413,2.1888,2.2539,2.3418,2.5297,2.4635,2.2923,2.1848,2.1322,2.0981,2.0647,2.0304,2.2618,2.2834,2.3066,2.3315,2.358,2.3861,2.4159,2.4472,2.48,2.5142,2.55,2.5872,2.6253,2.6621,2.6943,2.7187,2.734,2.737,2.7181,2.6706,2.6178,2.6068,2.5845,2.4452,2.2912,2.2286,2.2623,2.3967,2.5662,2.5022,2.3347,2.2126,2.1406,2.0952,2.0603,2.0295]}]