docs/data/wind_grid.json
[{"header":{"la1":42.85,"la2":41.18,"lo1":11.55,"lo2":14.05,"nx":36,"ny":24,"dx":0.07143,"dy":0.07261,"parameterCategory":2,"parameterNumber":2,"parameterNumberName":"eastward_wind","parameterUnit":"m.s-1"},"data":[-0.6721,-0.6748,-0.6747,-0.6717,-0.6662,-0.6583,-0.648,-0.6353,-0.6201,-0.6031,-0.5859,-0.5707,-0.5592,-0.5526,-0.5506,-0.5518,-0.5537,-0.5527,-0.5455,-0.5307,-0.5103,-0.4894,-0.4733,-0.4642,-0.4605,-0.4596,-0.4592,-0.4581,-0.4561,-0.4534,-0.4502,-0.4468,-0.4433,-0.44,-0.4369,-0.434,-0.6988,-0.7033,-0.7043,-0.7016,-0.6957,-0.6874,-0.6767,-0.6627,-0.6443,-0.622,-0.5984,-0.5775,-0.5625,-0.5554,-0.5559,-0.5622,-0.5703,-0.5739,-0.5661,-0.5427,-0.5075,-0.4723,-0.4496,-0.4424,-0.4449,-0.45,-0.4537,-0.4549,-0.454,-0.4516,-0.4484,-0.4449,-0.4413,-0.4379,-0.4346,-0.4317,-0.7308,-0.7384,-0.7409,-0.7383,-0.7319,-0.7236,-0.7141,-0.7007,-0.6793,-0.6488,-0.6144,-0.5839,-0.5633,-0.5551,-0.5596,-0.5745,-0.5944,-0.6087,-0.6025,-0.5635,-0.4962,-0.4301,-0.398,-0.4022,-0.421,-0.4378,-0.4479,-0.452,-0.4521,-0.4498,-0.4465,-0.4427,-0.4389,-0.4353,-0.432,-0.4291,-0.7697,-0.7822,-0.7874,-0.7846,-0.7763,-0.768,-0.7633,-0.7569,-0.7347,-0.6902,-0.6358,-0.5888,-0.559,-0.5492,-0.5592,-0.5875,-0.6289,-0.668,-0.6735,-0.6085,-0.4693,-0.3288,-0.2891,-0.3349,-0.3905,-0.4264,-0.4442,-0.4506,-0.4509,-0.4482,-0.4443,-0.4401,-0.4361,-0.4324,-0.429,-0.4261,-0.817,-0.8384,-0.849,-0.8451,-0.8308,-0.8197,-0.8264,-0.8446,-0.8312,-0.7581,-0.6633,-0.5888,-0.5459,-0.5333,-0.5497,-0.5962,-0.673,-0.767,-0.8207,-0.7278,-0.4382,-0.1154,-0.0956,-0.254,-0.3685,-0.4237,-0.4456,-0.4516,-0.4504,-0.4465,-0.4417,-0.437,-0.4327,-0.4289,-0.4256,-0.4227,-0.8739,-0.9117,-0.9348,-0.9304,-0.9003,-0.8737,-0.8953,-0.9787,-1.0048,-0.8609,-0.6878,-0.5752,-0.5181,-0.5024,-0.5238,-0.5886,-0.7114,-0.9062,-1.1075,-1.0255,-0.538,0.0291,0.0108,-0.2491,-0.3866,-0.4389,-0.4543,-0.4549,-0.4502,-0.4441,-0.4382,-0.433,-0.4285,-0.4247,-0.4215,-0.4189,-0.938,-1.0047,-1.0588,-1.0628,-0.9984,-0.9231,-0.9311,-1.0945,-1.1978,-0.9303,-0.6708,-0.5339,-0.4703,-0.4515,-0.4726,-0.5461,-0.7007,-0.9875,-1.395,-1.3531,-0.8421,-0.4193,-0.3143,-0.4022,-0.4568,-0.4709,-0.4673,-0.4581,-0.4484,-0.44,-0.4331,-0.4277,-0.4233,-0.4198,-0.4169,-0.4146,-0.9988,-1.1065,-1.2253,-1.2714,-1.1442,-0.9695,-0.8914,-0.9628,-1.0063,-0.7785,-0.5679,-0.4573,-0.402,-0.3787,-0.3878,-0.453,-0.6059,-0.8623,-1.1535,-1.1716,-1.0788,-0.9394,-0.7138,-0.5936,-0.5375,-0.5021,-0.476,-0.4566,-0.4427,-0.4328,-0.4259,-0.4208,-0.417,-0.414,-0.4117,-0.4098,-1.0372,-1.1746,-1.359,-1.4844,-1.2789,-1.0047,-0.8194,-0.7144,-0.6152,-0.4901,-0.4079,-0.36,-0.3222,-0.2886,-0.26,-0.295,-0.4587,-0.6805,-0.8858,-1.0767,-1.4117,-1.3152,-0.9262,-0.6975,-0.5785,-0.5109,-0.47,-0.4452,-0.4303,-0.4214,-0.4159,-0.4123,-0.4096,-0.4076,-0.4059,-0.4046,-1.0401,-1.1722,-1.322,-1.3991,-1.2731,-1.0154,-0.7647,-0.5404,-0.2864,-0.1657,-0.2376,-0.2673,-0.2437,-0.1986,-0.0909,-0.0371,-0.3255,-0.5916,-0.7846,-0.9817,-1.244,-1.1859,-0.8948,-0.6855,-0.5594,-0.4844,-0.4419,-0.4201,-0.4099,-0.4055,-0.4035,-0.4024,-0.4015,-0.4006,-0.3998,-0.3991,-1.0133,-1.1359,-1.2913,-1.4925,-1.4255,-1.0399,-0.7544,-0.4995,0.0284,0.2821,-0.111,-0.2034,-0.1677,-0.119,-0.0654,-0.0219,-0.3593,-0.6632,-0.8222,-0.8758,-0.9134,-0.8696,-0.733,-0.5926,-0.4857,-0.4186,-0.3875,-0.3797,-0.3817,-0.386,-0.3897,-0.3919,-0.393,-0.3933,-0.3933,-0.3932,-0.9625,-1.0728,-1.2328,-1.4423,-1.3633,-0.9896,-0.8054,-0.7471,-0.3405,-0.0104,-0.1706,-0.1789,-0.0886,0.0502,-0.0439,-0.2574,-0.5717,-1.0335,-1.1626,-0.9423,-0.7851,-0.6835,-0.5805,-0.4703,-0.3691,-0.3091,-0.3039,-0.3259,-0.3493,-0.3661,-0.3764,-0.3821,-0.3849,-0.3861,-0.3866,-0.3871,-0.8911,-0.9684,-1.0586,-1.1199,-1.041,-0.8791,-0.8574,-0.9971,-0.8072,-0.4236,-0.2612,-0.1703,-0.0852,0.1212,0.0012,-0.3546,-0.7329,-1.821,-1.8672,-1.0542,-0.7136,-0.5578,-0.4555,-0.3479,-0.2197,-0.1496,-0.196,-0.2695,-0.3209,-0.3507,-0.3667,-0.3743,-0.3775,-0.3788,-0.3795,-0.3803,-0.8111,-0.8535,-0.8877,-0.8899,-0.8412,-0.7846,-0.8012,-0.8854,-0.768,-0.4609,-0.2742,-0.1533,-0.1172,-0.1025,-0.2463,-0.481,-0.6619,-1.2353,-1.3572,-0.8545,-0.5498,-0.4099,-0.3413,-0.2575,-0.1026,-0.0074,-0.1165,-0.2385,-0.3096,-0.346,-0.3629,-0.3692,-0.3707,-0.3707,-0.3711,-0.3725,-0.7352,-0.7538,-0.7613,-0.7494,-0.7187,-0.6882,-0.6773,-0.6588,-0.5493,-0.378,-0.2655,-0.2133,-0.1637,-0.1039,-0.3271,-0.5363,-1.0265,-0.7869,-0.696,-0.4759,-0.2536,-0.1916,-0.2223,-0.2189,-0.1384,-0.077,-0.1596,-0.2632,-0.3259,-0.3558,-0.366,-0.3658,-0.3622,-0.3597,-0.36,-0.3626,-0.6692,-0.674,-0.6696,-0.6535,-0.6273,-0.5968,-0.5624,-0.5083,-0.4154,-0.303,-0.2239,-0.2786,-0.229,-0.1859,-0.3049,-0.5703,-0.8525,-0.5721,-0.3572,-0.142,0.1516,0.0918,-0.105,-0.2004,-0.2241,-0.2332,-0.2787,-0.3341,-0.3682,-0.3789,-0.3732,-0.3595,-0.3471,-0.3417,-0.3435,-0.3494,-0.6138,-0.6106,-0.6003,-0.5818,-0.5555,-0.5224,-0.4804,-0.4241,-0.3515,-0.2749,-0.2228,-0.2224,-0.1299,-0.0802,-0.1749,-0.2718,-0.3161,-0.165,0.0088,0.0594,0.2282,0.1534,-0.0605,-0.201,-0.2933,-0.3606,-0.4076,-0.4296,-0.4292,-0.4108,-0.3782,-0.341,-0.3151,-0.3095,-0.3185,-0.3324,-0.5678,-0.56,-0.5464,-0.5263,-0.4998,-0.4664,-0.4254,-0.3758,-0.3199,-0.2657,-0.2225,-0.1749,-0.0784,-0.0272,0.0747,0.1314,0.0564,0.2488,0.5175,0.2507,0.1323,0.05,-0.0834,-0.2313,-0.3802,-0.5093,-0.5638,-0.5461,-0.5037,-0.4469,-0.3732,-0.2955,-0.2513,-0.2563,-0.2847,-0.313,-0.5297,-0.519,-0.5036,-0.483,-0.4569,-0.4252,-0.3877,-0.3449,-0.2988,-0.2523,-0.2054,-0.1479,-0.0641,0.0985,0.596,0.8109,0.3216,0.3284,0.4718,0.3944,0.217,0.0562,-0.0919,-0.2665,-0.4805,-0.6876,-0.7357,-0.6666,-0.586,-0.4879,-0.3611,-0.2217,-0.1564,-0.1919,-0.252,-0.2978,-0.4979,-0.4857,-0.4695,-0.449,-0.424,-0.3945,-0.3606,-0.3228,-0.282,-0.2386,-0.1898,-0.1274,-0.0306,0.1618,0.5441,0.6691,0.3549,0.3152,0.5368,0.6444,0.3179,0.1046,-0.0583,-0.2627,-0.5243,-0.7461,-0.7887,-0.7743,-0.6769,-0.5428,-0.3771,-0.1921,-0.1127,-0.1686,-0.2443,-0.2962,-0.4716,-0.4585,-0.4422,-0.4222,-0.3986,-0.3713,-0.3405,-0.3064,-0.2692,-0.2281,-0.1805,-0.1199,-0.0339,0.0944,0.2465,0.2993,0.2467,0.2656,0.3986,0.4397,0.2848,0.1764,0.0644,-0.1738,-0.5038,-0.8276,-1.105,-1.0112,-0.7788,-0.6101,-0.4504,-0.2868,-0.2047,-0.2259,-0.2746,-0.3126,-0.4496,-0.4363,-0.4201,-0.401,-0.3788,-0.3537,-0.3255,-0.2945,-0.2604,-0.2224,-0.1787,-0.1258,-0.0598,0.0187,0.093,0.1337,0.1474,0.1772,0.2289,0.2524,0.2675,0.3816,0.3892,0.037,-0.4281,-0.9119,-1.3493,-1.1284,-0.7939,-0.6572,-0.5378,-0.4142,-0.3348,-0.3147,-0.3246,-0.3401,-0.4314,-0.4181,-0.4024,-0.3842,-0.3635,-0.3403,-0.3146,-0.2863,-0.2553,-0.2211,-0.1826,-0.1387,-0.0891,-0.0368,0.0107,0.0456,0.0715,0.0997,0.1341,0.1796,0.2945,0.5715,0.6623,0.2121,-0.3008,-0.7133,-0.946,-0.8458,-0.7062,-0.6756,-0.5926,-0.4943,-0.4214,-0.3833,-0.3698,-0.3677,-0.4162,-0.4032,-0.3881,-0.371,-0.3517,-0.3303,-0.3068,-0.2812,-0.2534,-0.2231,-0.1899,-0.1539,-0.1156,-0.0772,-0.0421,-0.0124,0.0133,0.0394,0.0715,0.1232,0.2286,0.3933,0.4118,0.1279,-0.2343,-0.5219,-0.6789,-0.6998,-0.6908,-0.6708,-0.6019,-0.5241,-0.4626,-0.4226,-0.4002,-0.3889]},{"header":{"la1":42.85,"la2":41.18,"lo1":11.55,"lo2":14.05,"nx":36,"ny":24,"dx":0.07143,"dy":0.07261,"parameterCategory":2,"parameterNumber":3,"parameterNumberName":"northward_wind","parameterUnit":"m.s-1"},"data":[-0.7125,-0.7032,-0.6911,-0.6759,-0.6584,-0.6397,-0.6217,-0.6067,-0.596,-0.5894,-0.5849,-0.5797,-0.5714,-0.5588,-0.5415,-0.5199,-0.4953,-0.469,-0.4427,-0.4182,-0.3976,-0.3833,-0.3774,-0.3798,-0.3888,-0.4018,-0.4167,-0.432,-0.4472,-0.4617,-0.4755,-0.4885,-0.5008,-0.5124,-0.5232,-0.5333,-0.7233,-0.7133,-0.6992,-0.6804,-0.6573,-0.6314,-0.6062,-0.5863,-0.575,-0.5723,-0.574,-0.5747,-0.5702,-0.5586,-0.5396,-0.5143,-0.4842,-0.4514,-0.418,-0.3861,-0.3583,-0.3391,-0.3329,-0.34,-0.356,-0.3762,-0.397,-0.4171,-0.4358,-0.4532,-0.4692,-0.4841,-0.4979,-0.5108,-0.5227,-0.5337,-0.7367,-0.7265,-0.7105,-0.6872,-0.6559,-0.618,-0.5789,-0.5484,-0.5355,-0.5413,-0.5562,-0.5685,-0.5709,-0.5614,-0.5406,-0.5103,-0.473,-0.4318,-0.3896,-0.3477,-0.308,-0.2791,-0.2728,-0.2896,-0.3182,-0.3489,-0.3775,-0.403,-0.4256,-0.4459,-0.4642,-0.4809,-0.4962,-0.5104,-0.5234,-0.5353,-0.7533,-0.7442,-0.7274,-0.6993,-0.6567,-0.5988,-0.5322,-0.4767,-0.4589,-0.4842,-0.5276,-0.5617,-0.5755,-0.5692,-0.5461,-0.5094,-0.4624,-0.41,-0.3577,-0.3051,-0.246,-0.1949,-0.1894,-0.228,-0.2781,-0.323,-0.3603,-0.3912,-0.4174,-0.4403,-0.4607,-0.4792,-0.496,-0.5114,-0.5255,-0.5383,-0.7735,-0.7677,-0.7528,-0.7219,-0.6666,-0.5785,-0.4579,-0.3394,-0.3037,-0.3795,-0.4863,-0.5585,-0.5879,-0.585,-0.559,-0.5141,-0.4536,-0.3846,-0.3215,-0.2661,-0.1834,-0.0831,-0.0844,-0.1667,-0.245,-0.3037,-0.348,-0.383,-0.4121,-0.4371,-0.4593,-0.4793,-0.4976,-0.5142,-0.5293,-0.543,-0.7968,-0.798,-0.7903,-0.7623,-0.698,-0.5753,-0.3661,-0.0947,0.0034,-0.2109,-0.447,-0.5712,-0.6142,-0.6123,-0.5827,-0.5293,-0.4515,-0.3551,-0.2726,-0.2377,-0.1628,-0.024,-0.0343,-0.1446,-0.2335,-0.2963,-0.3429,-0.3796,-0.4101,-0.4365,-0.4602,-0.4816,-0.5012,-0.5191,-0.5352,-0.5497,-0.8211,-0.8336,-0.8418,-0.8273,-0.7643,-0.6252,-0.3462,0.1344,0.3618,-0.0954,-0.4712,-0.6204,-0.6599,-0.6535,-0.6217,-0.5632,-0.4705,-0.343,-0.225,-0.2173,-0.1828,-0.1145,-0.1145,-0.1782,-0.2458,-0.301,-0.3448,-0.3807,-0.4114,-0.4386,-0.4635,-0.4863,-0.5073,-0.5264,-0.5436,-0.5589,-0.8411,-0.8673,-0.9033,-0.917,-0.8574,-0.7384,-0.5268,-0.1668,-0.0053,-0.3582,-0.6294,-0.7156,-0.723,-0.7075,-0.6814,-0.6274,-0.5272,-0.3919,-0.2721,-0.216,-0.1245,-0.1053,-0.1549,-0.2113,-0.2654,-0.3122,-0.3515,-0.3852,-0.4154,-0.4432,-0.4692,-0.4936,-0.5161,-0.5367,-0.555,-0.571,-0.8497,-0.8813,-0.9462,-1.0036,-0.9197,-0.8508,-0.7991,-0.7348,-0.7502,-0.8503,-0.8757,-0.8341,-0.7887,-0.7675,-0.7737,-0.7449,-0.62,-0.4688,-0.3334,-0.177,0.057,0.019,-0.1388,-0.2275,-0.283,-0.3249,-0.3599,-0.3913,-0.421,-0.4497,-0.4774,-0.5038,-0.5284,-0.5507,-0.5702,-0.5868,-0.8439,-0.8572,-0.8855,-0.9062,-0.8507,-0.9112,-1.0214,-1.145,-1.3197,-1.3631,-1.1376,-0.9376,-0.8367,-0.815,-0.9106,-0.9726,-0.7181,-0.5204,-0.381,-0.2239,-0.0389,-0.0522,-0.1734,-0.2524,-0.3011,-0.3368,-0.3674,-0.397,-0.427,-0.4577,-0.4883,-0.5177,-0.545,-0.5694,-0.5902,-0.6074,-0.8336,-0.817,-0.7525,-0.5829,-0.6314,-0.9437,-1.2116,-1.4214,-1.7697,-1.9563,-1.3336,-0.9838,-0.8561,-0.8292,-0.8972,-0.9741,-0.6834,-0.5104,-0.4141,-0.3199,-0.2327,-0.2112,-0.2447,-0.2848,-0.3174,-0.3444,-0.3706,-0.3998,-0.4324,-0.4672,-0.5024,-0.5364,-0.5675,-0.5945,-0.6167,-0.634,-0.8333,-0.8097,-0.737,-0.6011,-0.6758,-1.0633,-1.4351,-1.6566,-1.6995,-1.6981,-1.247,-0.9522,-0.8611,-0.901,-0.8101,-0.6438,-0.5059,-0.4637,-0.4399,-0.3686,-0.3078,-0.2806,-0.2845,-0.3035,-0.3239,-0.3421,-0.3653,-0.3976,-0.4366,-0.4787,-0.5213,-0.5619,-0.5983,-0.6286,-0.6519,-0.6685,-0.8456,-0.8388,-0.82,-0.8171,-0.9364,-1.2269,-1.6002,-1.8842,-1.7476,-1.3833,-1.0749,-0.9041,-0.8429,-0.9378,-0.7877,-0.3704,-0.2796,-0.5122,-0.5285,-0.3697,-0.2997,-0.2742,-0.2799,-0.3009,-0.3175,-0.3256,-0.3488,-0.3909,-0.4411,-0.4945,-0.5479,-0.5982,-0.6417,-0.6757,-0.6994,-0.7135,-0.8615,-0.8733,-0.8932,-0.9431,-1.0596,-1.2603,-1.5223,-1.7617,-1.6269,-1.2242,-0.9653,-0.9048,-0.8819,-0.6151,-0.3694,0.1824,0.1213,-0.2398,-0.3687,-0.2838,-0.2157,-0.1979,-0.2328,-0.2818,-0.3084,-0.3065,-0.3328,-0.3874,-0.451,-0.5187,-0.5872,-0.6512,-0.7044,-0.7423,-0.7642,-0.7725,-0.8721,-0.8936,-0.9265,-0.9811,-1.0684,-1.1878,-1.3147,-1.376,-1.2593,-1.0319,-0.8756,-0.8036,-0.6775,-0.4984,-0.2046,0.3535,0.8214,0.1483,-0.1453,-0.134,0.0005,-0.0015,-0.1332,-0.2457,-0.3014,-0.3139,-0.3409,-0.397,-0.4705,-0.5556,-0.6459,-0.7309,-0.7979,-0.8385,-0.8533,-0.8492,-0.8743,-0.8975,-0.929,-0.9724,-1.0281,-1.0886,-1.1324,-1.1226,-1.0332,-0.9026,-0.8177,-0.7999,-0.747,-0.595,-0.3268,0.1483,0.5446,0.084,-0.1477,0.0086,0.5049,0.381,-0.0064,-0.2034,-0.2845,-0.3176,-0.3501,-0.4078,-0.4953,-0.6073,-0.7333,-0.8537,-0.9413,-0.98,-0.9758,-0.9469,-0.8689,-0.8894,-0.9146,-0.9443,-0.9761,-1.0026,-1.0109,-0.9866,-0.9277,-0.857,-0.815,-0.8121,-0.92,-0.9466,-0.5681,-0.2988,-0.1827,-0.3135,-0.4073,-0.1095,0.5688,0.4163,-0.0107,-0.2021,-0.265,-0.2801,-0.309,-0.3871,-0.5114,-0.672,-0.8608,-1.0459,-1.1664,-1.1879,-1.1388,-1.0648,-0.8585,-0.8747,-0.8928,-0.9115,-0.928,-0.9374,-0.9332,-0.9114,-0.875,-0.8376,-0.8165,-0.8318,-0.9634,-0.9808,-0.7567,-0.6498,-0.5508,-0.6891,-0.9141,-0.5201,-0.1398,-0.0638,-0.1782,-0.2496,-0.2302,-0.1519,-0.1531,-0.303,-0.5092,-0.7453,-1.0339,-1.3381,-1.5097,-1.4741,-1.3342,-1.1902,-0.8452,-0.8572,-0.8694,-0.8803,-0.8878,-0.8892,-0.8816,-0.8643,-0.8407,-0.8179,-0.8044,-0.8098,-0.8361,-0.8462,-0.9536,-1.0209,-0.7449,-0.7476,-0.8391,-0.6806,-0.4918,-0.3721,-0.3445,-0.3127,-0.1772,0.1177,0.1797,-0.1841,-0.5121,-0.817,-1.2154,-1.6931,-1.9287,-1.7766,-1.5099,-1.2911,-0.8308,-0.8393,-0.8469,-0.8527,-0.8552,-0.8529,-0.8448,-0.8311,-0.8141,-0.7977,-0.7861,-0.7827,-0.7891,-0.8181,-0.9268,-0.9579,-0.7764,-0.7155,-0.7561,-0.7791,-0.6289,-0.5255,-0.4727,-0.4017,-0.2307,0.1414,0.2269,-0.2759,-0.5884,-0.8717,-1.2833,-1.8353,-2.1002,-1.8863,-1.5695,-1.3268,-0.8166,-0.8222,-0.8266,-0.8291,-0.8287,-0.8248,-0.8169,-0.8056,-0.7923,-0.7791,-0.7682,-0.7616,-0.7621,-0.7755,-0.8012,-0.7917,-0.7326,-0.6994,-0.7151,-0.7161,-0.6587,-0.6285,-0.6036,-0.5345,-0.4402,-0.4136,-0.6272,-0.6668,-0.7417,-0.914,-1.191,-1.5768,-1.7953,-1.6918,-1.475,-1.2846,-0.8029,-0.8064,-0.8086,-0.809,-0.807,-0.8024,-0.795,-0.7853,-0.7741,-0.7626,-0.7523,-0.7443,-0.7399,-0.7394,-0.7382,-0.7248,-0.6999,-0.6821,-0.6793,-0.6798,-0.6948,-0.7594,-0.7769,-0.6787,-0.6139,-0.6962,-0.887,-0.8467,-0.9101,-0.9878,-1.0902,-1.2708,-1.4082,-1.404,-1.3086,-1.1951,-0.7903,-0.7922,-0.7928,-0.7919,-0.7891,-0.7842,-0.7773,-0.7686,-0.7588,-0.7486,-0.7387,-0.7299,-0.7225,-0.716,-0.7081,-0.6964,-0.6823,-0.672,-0.6705,-0.6836,-0.7347,-0.849,-0.8846,-0.7628,-0.6959,-0.7366,-0.8241,-0.9426,-1.1371,-1.1076,-1.0627,-1.1089,-1.1734,-1.1911,-1.1579,-1.0992,-0.7788,-0.7795,-0.7791,-0.7773,-0.774,-0.7691,-0.7626,-0.7548,-0.746,-0.7367,-0.7274,-0.7184,-0.7099,-0.7016,-0.6926,-0.6829,-0.6736,-0.668,-0.67,-0.6866,-0.7296,-0.7953,-0.8121,-0.7569,-0.7256,-0.7564,-0.8415,-1.0009,-1.1663,-1.1262,-1.0469,-1.0332,-1.0512,-1.061,-1.0483,-1.0181]}]