docs/data/wind_grid.json
[{"header":{"la1":42.85,"la2":41.18,"lo1":11.55,"lo2":14.05,"nx":36,"ny":24,"dx":0.07143,"dy":0.07261,"parameterCategory":2,"parameterNumber":2,"parameterNumberName":"eastward_wind","parameterUnit":"m.s-1"},"data":[-0.8477,-0.85,-0.852,-0.8539,-0.8552,-0.8556,-0.8542,-0.8501,-0.8426,-0.8321,-0.8202,-0.8089,-0.8003,-0.7956,-0.7955,-0.7994,-0.8061,-0.8136,-0.8196,-0.8221,-0.8203,-0.8145,-0.8059,-0.7957,-0.7849,-0.7742,-0.7641,-0.7548,-0.7464,-0.739,-0.7324,-0.7267,-0.7218,-0.7175,-0.7139,-0.7108,-0.8572,-0.8605,-0.8637,-0.8671,-0.8705,-0.8734,-0.8745,-0.8714,-0.8624,-0.8477,-0.8299,-0.8129,-0.8002,-0.7939,-0.7948,-0.8023,-0.8145,-0.8281,-0.8389,-0.8435,-0.8406,-0.8316,-0.8189,-0.8046,-0.7903,-0.7768,-0.7645,-0.7536,-0.7441,-0.7358,-0.7287,-0.7226,-0.7174,-0.7131,-0.7094,-0.7063,-0.868,-0.8724,-0.877,-0.8823,-0.8889,-0.8965,-0.9031,-0.9038,-0.8937,-0.8719,-0.8436,-0.8169,-0.7977,-0.7888,-0.7912,-0.8045,-0.8259,-0.8502,-0.8695,-0.8768,-0.8707,-0.855,-0.8351,-0.8147,-0.7956,-0.7787,-0.7639,-0.7512,-0.7405,-0.7314,-0.7238,-0.7175,-0.7122,-0.7078,-0.7042,-0.7012,-0.8806,-0.8862,-0.8921,-0.8994,-0.91,-0.9254,-0.9438,-0.9556,-0.9465,-0.9115,-0.8636,-0.8201,-0.7906,-0.7778,-0.7824,-0.8042,-0.841,-0.885,-0.9202,-0.9308,-0.9154,-0.8861,-0.8542,-0.825,-0.7999,-0.7789,-0.7615,-0.747,-0.7352,-0.7255,-0.7176,-0.7111,-0.7059,-0.7016,-0.6982,-0.6954,-0.8955,-0.9026,-0.9094,-0.9178,-0.9319,-0.9582,-0.9995,-1.0408,-1.0406,-0.9776,-0.8903,-0.8191,-0.7752,-0.7573,-0.7641,-0.7973,-0.8583,-0.9391,-1.0068,-1.0193,-0.9795,-0.9237,-0.8735,-0.8332,-0.8015,-0.7764,-0.7564,-0.7404,-0.7278,-0.7178,-0.7098,-0.7035,-0.6985,-0.6945,-0.6914,-0.6889,-0.9139,-0.9232,-0.9307,-0.9378,-0.9515,-0.9862,-1.0619,-1.1712,-1.2041,-1.0754,-0.9138,-0.8053,-0.7463,-0.7224,-0.7299,-0.7744,-0.8669,-1.0093,-1.1433,-1.1505,-1.0555,-0.9582,-0.8867,-0.8358,-0.7981,-0.7695,-0.7475,-0.7306,-0.7177,-0.7078,-0.7002,-0.6944,-0.6898,-0.6863,-0.6836,-0.6816,-0.9374,-0.9514,-0.9607,-0.9639,-0.9675,-0.9937,-1.0862,-1.2788,-1.3736,-1.1376,-0.8957,-0.7645,-0.6984,-0.6682,-0.6707,-0.7197,-0.8369,-1.0401,-1.256,-1.2506,-1.095,-0.9681,-0.8853,-0.8288,-0.7877,-0.757,-0.7339,-0.7168,-0.7044,-0.6953,-0.6886,-0.6836,-0.6798,-0.677,-0.6749,-0.6734,-0.9673,-0.9917,-1.0092,-1.0099,-0.9918,-0.9776,-1.0157,-1.1431,-1.1979,-0.9879,-0.7919,-0.69,-0.6323,-0.592,-0.5739,-0.6128,-0.7384,-0.94,-1.1351,-1.1507,-1.0409,-0.9398,-0.866,-0.811,-0.769,-0.7373,-0.7142,-0.6981,-0.6872,-0.6799,-0.6749,-0.6712,-0.6686,-0.6666,-0.6652,-0.6644,-1.003,-1.048,-1.0909,-1.105,-1.0592,-0.9732,-0.9034,-0.8622,-0.7946,-0.6903,-0.63,-0.5989,-0.5598,-0.4976,-0.4172,-0.4195,-0.5849,-0.7925,-0.9406,-0.9861,-0.9541,-0.8957,-0.8363,-0.7838,-0.7409,-0.7087,-0.6869,-0.6735,-0.6659,-0.6616,-0.6591,-0.6574,-0.656,-0.6551,-0.6545,-0.6544,-1.0376,-1.1137,-1.2125,-1.2895,-1.223,-1.0213,-0.8356,-0.662,-0.4456,-0.3528,-0.4585,-0.5199,-0.5008,-0.4142,-0.1904,-0.0793,-0.4402,-0.7457,-0.9023,-0.9452,-0.9208,-0.8667,-0.8055,-0.7484,-0.7015,-0.6683,-0.6494,-0.6416,-0.64,-0.6407,-0.6417,-0.6423,-0.6424,-0.6424,-0.6426,-0.6433,-1.0569,-1.1591,-1.3224,-1.5194,-1.4604,-1.0898,-0.823,-0.5998,-0.1362,0.0838,-0.3361,-0.4805,-0.4625,-0.3887,-0.2061,-0.0724,-0.5196,-0.9008,-1.0633,-1.0398,-0.9498,-0.856,-0.7729,-0.7018,-0.6453,-0.6101,-0.5982,-0.6016,-0.6102,-0.6181,-0.6235,-0.6264,-0.6278,-0.6286,-0.6295,-0.6309,-1.0481,-1.1453,-1.299,-1.4797,-1.4088,-1.0503,-0.8442,-0.7629,-0.4461,-0.1953,-0.4226,-0.4913,-0.4276,-0.3081,-0.3521,-0.4991,-0.861,-1.3901,-1.5187,-1.2478,-1.0033,-0.8411,-0.7282,-0.638,-0.5641,-0.5247,-0.5287,-0.554,-0.5789,-0.596,-0.6057,-0.6103,-0.6122,-0.6132,-0.6145,-0.6167,-1.0133,-1.0784,-1.1586,-1.2101,-1.1283,-0.9512,-0.8639,-0.8984,-0.8044,-0.6118,-0.5635,-0.5134,-0.4449,-0.2662,-0.3449,-0.662,-1.1538,-2.1661,-2.1828,-1.412,-0.9954,-0.7835,-0.6607,-0.5599,-0.4568,-0.406,-0.4444,-0.5069,-0.5521,-0.5777,-0.5898,-0.5941,-0.5949,-0.5953,-0.5968,-0.6,-0.9684,-1.0015,-1.0283,-1.0251,-0.9706,-0.894,-0.8557,-0.8651,-0.8232,-0.7217,-0.6495,-0.5067,-0.456,-0.5047,-0.5772,-0.8464,-1.2063,-1.7214,-1.7617,-1.209,-0.8246,-0.6406,-0.5652,-0.4941,-0.3738,-0.306,-0.3855,-0.4817,-0.5393,-0.5668,-0.5764,-0.5768,-0.5742,-0.5728,-0.5746,-0.5797,-0.9267,-0.9403,-0.9448,-0.9319,-0.8998,-0.8623,-0.8376,-0.8242,-0.8026,-0.7858,-0.7816,-0.7328,-0.6679,-0.6883,-0.7368,-1.1235,-1.4949,-1.2611,-1.1066,-0.7816,-0.4477,-0.364,-0.4327,-0.4606,-0.4037,-0.3571,-0.4196,-0.4998,-0.5466,-0.5644,-0.5642,-0.5552,-0.5459,-0.5421,-0.5453,-0.5542,-0.8935,-0.8976,-0.895,-0.8833,-0.8639,-0.843,-0.827,-0.8181,-0.8214,-0.8609,-0.9575,-0.9724,-0.8896,-0.799,-0.8502,-1.0992,-1.3287,-1.0517,-0.7768,-0.3942,0.1437,0.0466,-0.2873,-0.4407,-0.4756,-0.4803,-0.5114,-0.5495,-0.5692,-0.5673,-0.5485,-0.5227,-0.5025,-0.4968,-0.5052,-0.5221,-0.8685,-0.8687,-0.8645,-0.8557,-0.8438,-0.8319,-0.8237,-0.8235,-0.8389,-0.8843,-0.9553,-0.9545,-1.0275,-1.0683,-0.9312,-0.9404,-0.9232,-0.7397,-0.5331,-0.2886,0.2271,0.1008,-0.2688,-0.4547,-0.5353,-0.5752,-0.5989,-0.6074,-0.5987,-0.5705,-0.5227,-0.4676,-0.4308,-0.428,-0.4509,-0.4833,-0.85,-0.8488,-0.845,-0.8389,-0.8316,-0.8253,-0.8226,-0.8267,-0.8418,-0.8701,-0.9032,-0.9404,-1.0549,-1.083,-0.965,-0.9172,-0.7825,-0.4829,-0.2537,-0.3635,-0.2579,-0.255,-0.3915,-0.5139,-0.6014,-0.6628,-0.684,-0.667,-0.6313,-0.573,-0.4818,-0.3755,-0.3146,-0.3297,-0.3845,-0.4422,-0.8362,-0.8347,-0.8317,-0.8276,-0.8234,-0.8205,-0.8207,-0.8259,-0.8377,-0.8563,-0.8797,-0.9107,-0.9513,-0.969,-1.0179,-1.0434,-0.8027,-0.5107,-0.3626,-0.4799,-0.4703,-0.4588,-0.5028,-0.5768,-0.6636,-0.7489,-0.767,-0.7201,-0.6648,-0.5815,-0.4384,-0.2552,-0.1656,-0.2227,-0.3249,-0.4108,-0.8256,-0.8242,-0.822,-0.8195,-0.8172,-0.8161,-0.8175,-0.8222,-0.8311,-0.8439,-0.8601,-0.8793,-0.8999,-0.9254,-0.9862,-0.9927,-0.8088,-0.6284,-0.5834,-0.5997,-0.5529,-0.536,-0.5558,-0.6092,-0.6881,-0.7687,-0.7847,-0.7457,-0.6987,-0.6124,-0.4436,-0.2097,-0.102,-0.1855,-0.3096,-0.4054,-0.8172,-0.8161,-0.8145,-0.8129,-0.8117,-0.8115,-0.813,-0.8168,-0.8231,-0.8317,-0.8419,-0.8532,-0.8646,-0.8774,-0.8884,-0.8609,-0.7685,-0.6659,-0.6096,-0.5932,-0.5682,-0.5441,-0.5504,-0.6022,-0.6796,-0.7457,-0.7778,-0.7706,-0.7443,-0.68,-0.5369,-0.3396,-0.2333,-0.2721,-0.358,-0.4327,-0.8103,-0.8094,-0.8082,-0.8072,-0.8065,-0.8065,-0.8078,-0.8104,-0.8145,-0.8197,-0.8254,-0.8307,-0.8345,-0.8349,-0.8259,-0.7957,-0.7408,-0.6787,-0.6303,-0.5954,-0.5499,-0.4847,-0.4712,-0.5555,-0.6608,-0.747,-0.7955,-0.7958,-0.8209,-0.7901,-0.6737,-0.5258,-0.4275,-0.4113,-0.4413,-0.4812,-0.8044,-0.8036,-0.8027,-0.8019,-0.8014,-0.8014,-0.8021,-0.8036,-0.8057,-0.8082,-0.8104,-0.8114,-0.8099,-0.8037,-0.7894,-0.7631,-0.7251,-0.6818,-0.6399,-0.5955,-0.5287,-0.4272,-0.3993,-0.5151,-0.6395,-0.7284,-0.7827,-0.8506,-0.9646,-0.9218,-0.7877,-0.6579,-0.5674,-0.5263,-0.5211,-0.5332,-0.7993,-0.7985,-0.7977,-0.797,-0.7964,-0.7961,-0.7962,-0.7966,-0.7972,-0.7976,-0.7973,-0.7954,-0.7907,-0.7818,-0.7669,-0.7447,-0.7157,-0.6823,-0.6461,-0.6037,-0.5469,-0.4815,-0.4697,-0.5434,-0.6368,-0.7144,-0.7832,-0.8808,-0.9836,-0.9437,-0.8277,-0.7217,-0.6455,-0.6006,-0.581,-0.5776]},{"header":{"la1":42.85,"la2":41.18,"lo1":11.55,"lo2":14.05,"nx":36,"ny":24,"dx":0.07143,"dy":0.07261,"parameterCategory":2,"parameterNumber":3,"parameterNumberName":"northward_wind","parameterUnit":"m.s-1"},"data":[-0.6245,-0.6252,-0.6248,-0.6232,-0.6201,-0.6158,-0.6103,-0.604,-0.5967,-0.5882,-0.5777,-0.5644,-0.5477,-0.5274,-0.5038,-0.4779,-0.4513,-0.4263,-0.4051,-0.3897,-0.3805,-0.3766,-0.3765,-0.3786,-0.3819,-0.3856,-0.3895,-0.3934,-0.3974,-0.4014,-0.4054,-0.4095,-0.4135,-0.4175,-0.4215,-0.4253,-0.6333,-0.6345,-0.6345,-0.6328,-0.6292,-0.624,-0.6175,-0.6106,-0.6037,-0.5962,-0.5867,-0.5735,-0.5555,-0.5321,-0.5036,-0.471,-0.4364,-0.4033,-0.3763,-0.3587,-0.351,-0.3509,-0.3553,-0.3616,-0.3682,-0.3744,-0.3803,-0.3857,-0.3909,-0.3959,-0.4009,-0.4058,-0.4107,-0.4155,-0.42,-0.4244,-0.6424,-0.6443,-0.6447,-0.6428,-0.6384,-0.6312,-0.6222,-0.6136,-0.6071,-0.6022,-0.5958,-0.5844,-0.5659,-0.5394,-0.5048,-0.4629,-0.4159,-0.3697,-0.3329,-0.3128,-0.3097,-0.3177,-0.3301,-0.3426,-0.3537,-0.363,-0.371,-0.378,-0.3845,-0.3907,-0.3967,-0.4025,-0.4083,-0.4139,-0.4192,-0.4242,-0.6518,-0.6546,-0.6556,-0.6537,-0.6477,-0.6366,-0.6217,-0.6077,-0.6013,-0.6028,-0.6043,-0.5977,-0.58,-0.5507,-0.5093,-0.4549,-0.3887,-0.319,-0.2642,-0.2419,-0.2512,-0.2757,-0.3015,-0.3229,-0.3394,-0.352,-0.3622,-0.3708,-0.3785,-0.3858,-0.3928,-0.3997,-0.4064,-0.4129,-0.4191,-0.4248,-0.6611,-0.6651,-0.6673,-0.666,-0.6583,-0.6409,-0.6127,-0.5829,-0.5735,-0.5909,-0.6112,-0.6149,-0.5998,-0.5686,-0.5207,-0.4516,-0.3569,-0.2439,-0.1515,-0.1297,-0.1706,-0.2269,-0.2727,-0.3048,-0.3267,-0.3423,-0.3542,-0.3641,-0.373,-0.3814,-0.3895,-0.3975,-0.4053,-0.4128,-0.4199,-0.4264,-0.6697,-0.6753,-0.6794,-0.6803,-0.6731,-0.649,-0.5974,-0.526,-0.501,-0.5601,-0.6204,-0.6395,-0.6276,-0.5958,-0.5446,-0.4634,-0.3344,-0.1495,0.0213,0.033,-0.0775,-0.1829,-0.251,-0.2919,-0.3173,-0.3344,-0.3473,-0.3582,-0.368,-0.3775,-0.3869,-0.3962,-0.4052,-0.4139,-0.422,-0.4293,-0.6767,-0.6834,-0.69,-0.6956,-0.6949,-0.6735,-0.6041,-0.4702,-0.4074,-0.5425,-0.6521,-0.6789,-0.6651,-0.6346,-0.5877,-0.5061,-0.3571,-0.1068,0.1623,0.1561,-0.0303,-0.169,-0.2452,-0.287,-0.3119,-0.3287,-0.3417,-0.353,-0.3637,-0.3744,-0.3852,-0.3959,-0.4065,-0.4165,-0.4257,-0.4339,-0.6808,-0.6868,-0.6941,-0.7056,-0.7202,-0.7237,-0.6845,-0.5799,-0.5322,-0.6578,-0.7391,-0.7382,-0.7107,-0.6847,-0.6567,-0.5937,-0.4558,-0.2282,0.0087,0.029,-0.0993,-0.2005,-0.2575,-0.2896,-0.3099,-0.3246,-0.3369,-0.3485,-0.3601,-0.3721,-0.3845,-0.3971,-0.4094,-0.4211,-0.4316,-0.4408,-0.681,-0.6821,-0.6827,-0.6931,-0.7288,-0.782,-0.8214,-0.8387,-0.8735,-0.9155,-0.8834,-0.81,-0.7549,-0.7407,-0.7626,-0.742,-0.6032,-0.4156,-0.2594,-0.2001,-0.2185,-0.2514,-0.2765,-0.2945,-0.3086,-0.321,-0.3326,-0.3444,-0.357,-0.3706,-0.3852,-0.4001,-0.4148,-0.4284,-0.4405,-0.4507,-0.6787,-0.6697,-0.648,-0.6299,-0.6801,-0.814,-0.9514,-1.0832,-1.2475,-1.2818,-1.0668,-0.872,-0.7809,-0.7825,-0.9117,-0.9845,-0.7343,-0.5212,-0.392,-0.3219,-0.2923,-0.2847,-0.2873,-0.2953,-0.306,-0.3175,-0.3289,-0.341,-0.3546,-0.3703,-0.3877,-0.4058,-0.4234,-0.4396,-0.4534,-0.4645,-0.678,-0.6599,-0.6089,-0.5253,-0.5655,-0.826,-1.0646,-1.2543,-1.6026,-1.7802,-1.2131,-0.8854,-0.7778,-0.7786,-0.8932,-0.9895,-0.7099,-0.5156,-0.4157,-0.3529,-0.3106,-0.2879,-0.2821,-0.289,-0.3023,-0.3159,-0.3273,-0.3387,-0.3531,-0.3714,-0.3927,-0.4152,-0.437,-0.4563,-0.472,-0.4837,-0.6835,-0.6692,-0.624,-0.5489,-0.6057,-0.9085,-1.1969,-1.3605,-1.4595,-1.514,-1.0952,-0.826,-0.7608,-0.8141,-0.7736,-0.6824,-0.5436,-0.4481,-0.4039,-0.3429,-0.2904,-0.2623,-0.2596,-0.2772,-0.3037,-0.3233,-0.3316,-0.3386,-0.3525,-0.3742,-0.4013,-0.4303,-0.4577,-0.481,-0.4986,-0.5103,-0.6937,-0.6947,-0.6887,-0.6959,-0.7933,-1.0195,-1.2904,-1.4941,-1.3841,-1.1412,-0.887,-0.7551,-0.7195,-0.8331,-0.758,-0.5132,-0.3727,-0.4408,-0.438,-0.3112,-0.2345,-0.2046,-0.2172,-0.2631,-0.3223,-0.3531,-0.3461,-0.34,-0.3519,-0.3793,-0.4155,-0.4543,-0.4898,-0.518,-0.5369,-0.547,-0.7017,-0.7164,-0.7378,-0.7816,-0.8743,-1.0265,-1.2146,-1.3704,-1.2686,-0.9495,-0.7314,-0.7452,-0.7447,-0.4252,-0.4544,-0.2003,0.0056,-0.2312,-0.3069,-0.2041,-0.1169,-0.0941,-0.1431,-0.2372,-0.3488,-0.3964,-0.36,-0.3365,-0.3494,-0.3875,-0.439,-0.4931,-0.5401,-0.5738,-0.5921,-0.5973,-0.7022,-0.7225,-0.7512,-0.7952,-0.8618,-0.9491,-1.0368,-1.0681,-0.9493,-0.7171,-0.5423,-0.4821,-0.3683,-0.0347,-0.2212,0.3517,1.048,0.2563,-0.0565,-0.0209,0.1216,0.1205,-0.0178,-0.1687,-0.3005,-0.358,-0.3304,-0.3148,-0.3418,-0.4011,-0.4781,-0.5567,-0.6205,-0.659,-0.6717,-0.6652,-0.6944,-0.7138,-0.7386,-0.7707,-0.8094,-0.8476,-0.8666,-0.8328,-0.7146,-0.5272,-0.3513,-0.2493,-0.2767,-0.2435,-0.1689,0.2884,0.7442,0.2326,-0.0103,0.146,0.5658,0.4657,0.1276,-0.0754,-0.1869,-0.2368,-0.2462,-0.2668,-0.3265,-0.4231,-0.5432,-0.6628,-0.7513,-0.7901,-0.7849,-0.7545,-0.6801,-0.6953,-0.7128,-0.7317,-0.7488,-0.7571,-0.744,-0.6937,-0.5972,-0.466,-0.3514,-0.3154,-0.3057,-0.2994,-0.2399,-0.0915,0.0014,-0.1319,-0.2116,0.0626,0.6177,0.5011,0.1504,-0.0239,-0.0881,-0.1021,-0.1209,-0.1854,-0.2989,-0.4557,-0.648,-0.8399,-0.9652,-0.9887,-0.9394,-0.864,-0.6619,-0.6722,-0.6824,-0.6907,-0.694,-0.6871,-0.6632,-0.6163,-0.5468,-0.4666,-0.4002,-0.3584,-0.3246,-0.3152,-0.3216,-0.3001,-0.2743,-0.4283,-0.6217,-0.2623,0.0717,0.1353,0.0399,-0.0202,0.0029,0.0823,0.0843,-0.0572,-0.2575,-0.4972,-0.8003,-1.1202,-1.299,-1.2662,-1.1266,-0.9809,-0.6422,-0.648,-0.6522,-0.6533,-0.6487,-0.6354,-0.61,-0.5711,-0.5211,-0.4674,-0.4198,-0.383,-0.3585,-0.3604,-0.4249,-0.4541,-0.3664,-0.4285,-0.504,-0.2936,-0.156,-0.0753,-0.0574,-0.0308,0.0911,0.354,0.4076,0.0814,-0.2258,-0.5346,-0.9612,-1.4673,-1.7091,-1.5598,-1.2937,-1.0724,-0.6226,-0.6247,-0.6247,-0.6212,-0.6126,-0.5972,-0.5736,-0.5419,-0.5041,-0.4647,-0.4283,-0.3988,-0.3804,-0.3831,-0.4227,-0.4337,-0.3677,-0.3303,-0.2482,-0.205,-0.1959,-0.144,-0.1068,-0.06,0.0707,0.3804,0.4507,0.0148,-0.2586,-0.54,-0.9956,-1.6011,-1.8782,-1.663,-1.3428,-1.0961,-0.6039,-0.6034,-0.6005,-0.5944,-0.584,-0.5685,-0.5474,-0.5211,-0.4913,-0.4604,-0.4314,-0.4068,-0.3894,-0.3826,-0.3846,-0.3749,-0.341,-0.2983,-0.2479,-0.2189,-0.1912,-0.1448,-0.1162,-0.1036,-0.0809,-0.1017,-0.32,-0.3283,-0.3378,-0.4924,-0.8273,-1.2955,-1.5516,-1.4503,-1.2295,-1.0367,-0.5868,-0.5843,-0.5796,-0.5721,-0.5611,-0.5463,-0.5275,-0.5053,-0.4808,-0.4555,-0.4313,-0.4096,-0.3919,-0.3785,-0.3669,-0.3503,-0.324,-0.2904,-0.254,-0.217,-0.1625,-0.0879,-0.0652,-0.1138,-0.1847,-0.3402,-0.5741,-0.4635,-0.3417,-0.3919,-0.5944,-0.8876,-1.0939,-1.1171,-1.032,-0.9246,-0.5713,-0.5675,-0.5617,-0.5535,-0.5426,-0.5287,-0.512,-0.4928,-0.472,-0.4505,-0.4295,-0.4098,-0.3919,-0.3757,-0.3595,-0.3405,-0.3165,-0.2873,-0.253,-0.2083,-0.1368,-0.0353,-0.0088,-0.1011,-0.2051,-0.3163,-0.398,-0.3361,-0.23,-0.27,-0.4265,-0.6254,-0.7835,-0.852,-0.8462,-0.8042,-0.5575,-0.5529,-0.5464,-0.538,-0.5274,-0.5145,-0.4995,-0.4826,-0.4645,-0.4457,-0.427,-0.4088,-0.3913,-0.3743,-0.3568,-0.3373,-0.3147,-0.288,-0.2556,-0.213,-0.1535,-0.0867,-0.0722,-0.1332,-0.2118,-0.2786,-0.3101,-0.2751,-0.2132,-0.2468,-0.3628,-0.4993,-0.6141,-0.6837,-0.708,-0.7019]}]