docs/data/wind_grid.json
[{"header":{"la1":42.85,"la2":41.18,"lo1":11.55,"lo2":14.05,"nx":36,"ny":24,"dx":0.07143,"dy":0.07261,"parameterCategory":2,"parameterNumber":2,"parameterNumberName":"eastward_wind","parameterUnit":"m.s-1"},"data":[5.2733,5.2766,5.2792,5.2809,5.2812,5.2794,5.2744,5.2651,5.2503,5.2295,5.2028,5.1708,5.1343,5.0938,5.0492,5.0004,4.9472,4.8896,4.8281,4.7651,4.7062,4.6592,4.631,4.6226,4.6291,4.6433,4.6595,4.6744,4.6868,4.6964,4.7036,4.7089,4.7128,4.7158,4.7182,4.7203,5.2849,5.2899,5.2946,5.2987,5.3018,5.3032,5.3015,5.2945,5.2801,5.2573,5.2268,5.1901,5.1486,5.1028,5.0527,4.9975,4.9364,4.8681,4.7916,4.7082,4.6254,4.5598,4.5273,4.5297,4.554,4.5853,4.6147,4.6386,4.6567,4.6699,4.6794,4.6861,4.691,4.6947,4.6977,4.7003,5.2964,5.3034,5.3103,5.3172,5.324,5.3302,5.3341,5.3317,5.3187,5.293,5.2565,5.2129,5.1651,5.1137,5.058,4.9967,4.9279,4.849,4.7554,4.6419,4.5153,4.4109,4.3733,4.403,4.4627,4.5217,4.5688,4.6029,4.6268,4.6432,4.6545,4.6623,4.6679,4.6721,4.6756,4.6786,5.3073,5.3166,5.3261,5.3359,5.3469,5.36,5.3737,5.3813,5.3719,5.3403,5.2929,5.2389,5.1832,5.1259,5.0654,4.9989,4.9242,4.838,4.731,4.5797,4.3693,4.1744,4.1351,4.2361,4.3619,4.4599,4.5266,4.57,4.5982,4.6165,4.6288,4.6371,4.6431,4.6477,4.6515,4.655,5.3175,5.3297,5.342,5.3543,5.3688,5.3904,5.4213,5.451,5.451,5.4053,5.3359,5.266,5.201,5.1385,5.0745,5.0048,4.9268,4.841,4.7407,4.5671,4.2175,3.8115,3.8004,4.0608,4.2792,4.4145,4.4945,4.5421,4.5712,4.5896,4.6016,4.6099,4.616,4.6208,4.625,4.629,5.3266,5.3434,5.36,5.3736,5.3877,5.4155,5.4709,5.5476,5.5721,5.4886,5.3785,5.2888,5.2154,5.1495,5.0844,5.0146,4.9361,4.8577,4.8039,4.6803,4.2306,3.6005,3.632,4.0102,4.262,4.4002,4.4761,4.5191,4.5446,4.5608,4.5717,4.5796,4.5857,4.5907,4.5953,4.5999,5.3332,5.3587,5.3863,5.4017,5.4042,5.4251,5.4955,5.6263,5.6893,5.5466,5.3996,5.2999,5.2234,5.1559,5.0919,5.0268,4.9526,4.8764,4.8699,4.8278,4.4428,4.0458,3.9844,4.1633,4.3194,4.4137,4.4662,4.4959,4.5143,4.5271,4.5369,4.5446,4.551,4.5565,4.5617,4.567,5.3331,5.3725,5.432,5.4646,5.4269,5.414,5.4667,5.5612,5.5995,5.4969,5.3851,5.2989,5.2244,5.1538,5.0877,5.0324,4.9763,4.8993,4.8304,4.7074,4.4061,4.2781,4.2792,4.3318,4.3906,4.4288,4.4494,4.4623,4.4734,4.4843,4.4944,4.5032,4.5106,4.517,4.5231,4.5295,5.3167,5.3618,5.4738,5.5788,5.4369,5.3771,5.4211,5.4661,5.4694,5.4275,5.3657,5.2965,5.2232,5.14,5.0476,4.9978,4.9948,4.9483,4.8227,4.5472,4.0918,4.1434,4.3474,4.4139,4.423,4.4128,4.403,4.4031,4.4128,4.4271,4.4415,4.4537,4.4633,4.4711,4.4783,4.4861,5.2783,5.2854,5.3308,5.3685,5.2304,5.2904,5.4046,5.4562,5.4443,5.4134,5.3681,5.3019,5.2287,5.1297,4.9389,4.8402,4.9962,5.0341,4.9325,4.6609,4.2838,4.2835,4.4309,4.4491,4.3942,4.3306,4.2966,4.2987,4.3224,4.3515,4.3767,4.3951,4.4079,4.4173,4.4259,4.4355,5.2349,5.1776,5.0299,4.6854,4.7549,5.1992,5.4558,5.5309,5.4523,5.406,5.3837,5.312,5.2471,5.1769,4.9873,4.8498,5.0745,5.1847,5.1492,4.964,4.7347,4.6165,4.5544,4.4313,4.258,4.1202,4.0822,4.1253,4.1952,4.2573,4.3008,4.3277,4.3434,4.3539,4.3636,4.3753,5.2164,5.1392,4.9704,4.7008,4.7959,5.2797,5.6141,5.7476,5.6074,5.4621,5.3996,5.3197,5.2657,5.2611,5.2067,5.1503,5.2524,5.4687,5.493,5.2655,5.0323,4.8356,4.6185,4.3026,3.9108,3.6551,3.6862,3.866,4.037,4.1526,4.2189,4.2523,4.2681,4.2775,4.2878,4.3024,5.2299,5.1795,5.1027,5.0482,5.166,5.4591,5.7639,5.9045,5.8961,5.5766,5.4116,5.3416,5.2736,5.2733,5.2363,5.178,5.3302,5.9255,5.9488,5.4801,5.2112,4.9716,4.6331,4.0566,3.2269,2.7496,3.0675,3.5586,3.8845,4.0582,4.1387,4.169,4.1774,4.1819,4.1923,4.2119,5.2596,5.2416,5.2293,5.2536,5.3556,5.5333,5.7479,5.9655,5.8643,5.5637,5.4048,5.3918,5.3507,4.8093,5.0899,4.972,5.1939,5.6348,5.7314,5.5068,5.3308,5.11,4.7025,3.9008,2.5371,1.7637,2.5586,3.3812,3.8108,3.9994,4.0646,4.0715,4.0602,4.0551,4.0672,4.097,5.2891,5.291,5.3045,5.3428,5.416,5.5185,5.6259,5.6867,5.6199,5.4841,5.3944,5.3278,5.2,5.1033,5.0961,4.9554,5.6109,5.4956,5.5371,5.5324,5.5082,5.3474,4.9249,4.1587,2.9998,2.337,2.8932,3.5346,3.8644,3.9827,3.9867,3.9407,3.8932,3.8756,3.8969,3.9488,5.3111,5.3218,5.3417,5.3753,5.4234,5.4787,5.5241,5.5344,5.496,5.4453,5.454,5.3266,5.2864,5.228,5.2434,5.3568,5.5985,5.5548,5.6012,5.6714,5.8391,5.703,5.2187,4.6221,3.9827,3.6109,3.6902,3.8939,3.9962,3.9788,3.8749,3.7374,3.633,3.6081,3.6608,3.759,5.3252,5.3384,5.3574,5.3832,5.4139,5.444,5.4639,5.4646,5.4468,5.431,5.4452,5.3817,5.3604,5.3711,5.3835,5.4577,5.5648,5.7124,5.8364,5.8176,5.9087,5.7856,5.3689,4.9344,4.5633,4.3416,4.2593,4.209,4.1164,3.9456,3.6872,3.3975,3.2075,3.2031,3.3397,3.5274,5.3328,5.3458,5.3621,5.3813,5.4017,5.4195,5.4304,5.4314,5.4245,5.4165,5.4092,5.3962,5.3987,5.4228,5.5529,5.6592,5.7329,6.0272,6.3172,6.0336,5.8432,5.6698,5.3936,5.0752,4.8136,4.6795,4.5877,4.4167,4.1861,3.8684,3.3988,2.8473,2.5291,2.6271,2.9465,3.2788,5.3362,5.348,5.3616,5.3763,5.3908,5.4031,5.4112,5.4143,5.4138,5.4126,5.4136,5.4223,5.4536,5.5567,5.8673,5.9994,5.8652,6.0868,6.3108,6.2995,6.0126,5.7144,5.4322,5.1354,4.8931,4.8578,4.8425,4.5295,4.197,3.7807,3.0841,2.1491,1.67,2.0018,2.5886,3.0811,5.3366,5.3472,5.3587,5.3706,5.382,5.392,5.3996,5.405,5.4094,5.4151,5.4259,5.4492,5.5016,5.6222,5.8516,5.9402,5.8884,6.0858,6.5929,6.8189,6.2072,5.8146,5.5206,5.1915,4.8781,4.8397,4.846,4.3865,4.1148,3.7508,3.003,1.872,1.3087,1.7759,2.478,3.0251,5.3353,5.3449,5.3549,5.365,5.3748,5.3838,5.3919,5.3993,5.4074,5.4181,5.4352,5.4646,5.5163,5.6016,5.709,5.7796,5.8433,6.0215,6.336,6.4312,6.1465,5.9462,5.7461,5.3411,4.8195,4.3134,3.7375,3.8071,3.9687,3.8183,3.296,2.4662,1.9869,2.2206,2.71,3.1442,5.3329,5.3415,5.3505,5.3596,5.3685,5.3772,5.3858,5.3948,5.4051,5.4187,5.4382,5.4674,5.5104,5.5686,5.6347,5.6983,5.7739,5.8892,6.022,6.0807,6.1098,6.3136,6.327,5.6966,4.8751,4.0065,3.2032,3.549,3.9705,3.9704,3.6947,3.2325,2.8968,2.8988,3.1142,3.3742,5.3296,5.3376,5.3458,5.3541,5.3626,5.3712,5.3801,5.3899,5.4014,5.4159,5.4353,5.4616,5.4962,5.539,5.5875,5.6401,5.7014,5.776,5.8567,5.9473,6.1557,6.6553,6.8197,5.9993,5.0637,4.3073,3.8659,3.969,4.1566,4.1302,3.9694,3.714,3.4984,3.4291,3.4935,3.6239,5.3257,5.3331,5.3407,5.3486,5.3566,5.365,5.374,5.384,5.3956,5.4099,5.4278,5.4505,5.4784,5.5113,5.5484,5.5895,5.6357,5.6887,5.752,5.8466,6.0347,6.33,6.3604,5.8345,5.1577,4.6091,4.2836,4.1887,4.1881,4.1746,4.098,3.9651,3.8386,3.774,3.7823,3.8422]},{"header":{"la1":42.85,"la2":41.18,"lo1":11.55,"lo2":14.05,"nx":36,"ny":24,"dx":0.07143,"dy":0.07261,"parameterCategory":2,"parameterNumber":3,"parameterNumberName":"northward_wind","parameterUnit":"m.s-1"},"data":[0.5215,0.5278,0.5332,0.5375,0.5405,0.5419,0.5408,0.5361,0.5268,0.5124,0.4932,0.4695,0.4418,0.4099,0.3738,0.3334,0.2892,0.2424,0.195,0.1495,0.1098,0.0804,0.065,0.0637,0.0733,0.089,0.1071,0.1252,0.1419,0.157,0.1703,0.1819,0.1921,0.201,0.2088,0.2156,0.5365,0.5448,0.552,0.5582,0.5635,0.5676,0.5695,0.5671,0.5582,0.5421,0.5194,0.4919,0.4601,0.4238,0.3821,0.3343,0.2808,0.2229,0.1627,0.103,0.049,0.0094,-0.0072,-0.0005,0.0214,0.0494,0.0774,0.1029,0.1251,0.144,0.16,0.1737,0.1853,0.1953,0.2039,0.2114,0.5533,0.564,0.5734,0.5817,0.5896,0.5978,0.6052,0.6077,0.6001,0.5806,0.5521,0.5188,0.4825,0.4418,0.3943,0.338,0.2729,0.2011,0.125,0.0457,-0.0327,-0.0923,-0.1098,-0.0855,-0.0407,0.0061,0.0474,0.0816,0.1095,0.1322,0.1509,0.1664,0.1793,0.1903,0.1996,0.2076,0.5724,0.5865,0.5985,0.6085,0.6187,0.6325,0.6503,0.6643,0.6603,0.633,0.5924,0.5501,0.509,0.465,0.4124,0.3467,0.267,0.1776,0.0841,-0.0179,-0.138,-0.2431,-0.2594,-0.1934,-0.1085,-0.0358,0.0205,0.0634,0.0966,0.1226,0.1435,0.1604,0.1744,0.1861,0.1959,0.2043,0.5947,0.6143,0.6299,0.6404,0.6503,0.6698,0.7068,0.7494,0.7562,0.7075,0.6397,0.5834,0.539,0.4953,0.4402,0.3648,0.2657,0.1515,0.042,-0.0697,-0.2475,-0.4541,-0.4555,-0.3039,-0.165,-0.0669,0.0016,0.0509,0.0876,0.1158,0.1381,0.156,0.1706,0.1827,0.1929,0.2014,0.6208,0.6504,0.6737,0.6836,0.6848,0.7022,0.7672,0.8777,0.9178,0.8077,0.6841,0.612,0.5715,0.5357,0.4843,0.4013,0.2772,0.1212,-0.0108,-0.0867,-0.2748,-0.5692,-0.5509,-0.3429,-0.1831,-0.0774,-0.0056,0.0454,0.0831,0.112,0.1348,0.1532,0.168,0.1803,0.1904,0.199,0.6492,0.6979,0.7423,0.7555,0.7297,0.7176,0.7906,0.9887,1.0921,0.8732,0.6942,0.6266,0.6065,0.5916,0.5546,0.472,0.3252,0.1162,-0.0652,-0.0873,-0.2241,-0.3886,-0.3955,-0.278,-0.1579,-0.0669,-0.0014,0.0464,0.0826,0.1109,0.1335,0.1517,0.1665,0.1786,0.1885,0.1968,0.6727,0.7508,0.848,0.8918,0.8034,0.7114,0.7236,0.8537,0.9199,0.7529,0.6384,0.6245,0.6485,0.6711,0.6655,0.5977,0.4406,0.2101,-0.001,-0.1302,-0.3752,-0.4304,-0.325,-0.215,-0.1198,-0.046,0.0091,0.051,0.0843,0.1113,0.1334,0.1513,0.1658,0.1774,0.1868,0.1947,0.6755,0.7734,0.9401,1.0728,0.8702,0.679,0.6075,0.5905,0.5564,0.5073,0.5331,0.6161,0.7056,0.781,0.8357,0.805,0.622,0.369,0.1042,-0.2525,-0.8116,-0.7239,-0.3652,-0.1823,-0.0857,-0.025,0.0189,0.0546,0.0855,0.112,0.134,0.1517,0.1656,0.1764,0.185,0.1922,0.6466,0.7187,0.8271,0.8923,0.7276,0.5976,0.5017,0.3898,0.2218,0.1785,0.3923,0.6184,0.7886,0.9139,1.0586,1.1207,0.8114,0.5117,0.2353,-0.1294,-0.5779,-0.5513,-0.2796,-0.1258,-0.0533,-0.013,0.0191,0.0512,0.083,0.1115,0.1348,0.1525,0.1656,0.1752,0.1826,0.1888,0.5985,0.6252,0.6181,0.5229,0.5185,0.5151,0.4391,0.296,-0.1144,-0.3298,0.2701,0.6629,0.922,1.0848,1.1342,1.1573,0.8481,0.5783,0.3655,0.1391,-0.0809,-0.1495,-0.099,-0.0534,-0.0373,-0.0285,-0.0053,0.033,0.0743,0.1097,0.136,0.1539,0.1654,0.1729,0.1784,0.1834,0.5524,0.5584,0.5398,0.4969,0.4917,0.4756,0.4367,0.3967,0.1482,-0.024,0.3912,0.7616,1.1053,1.4858,1.3216,1.0141,0.7729,0.5455,0.414,0.2949,0.1599,0.0683,0.022,-0.0207,-0.0784,-0.1111,-0.0779,-0.007,0.0603,0.1091,0.1394,0.156,0.1641,0.1681,0.171,0.1746,0.5149,0.5161,0.5079,0.4932,0.4767,0.4545,0.4502,0.509,0.4148,0.3695,0.555,0.8602,1.1099,1.6416,1.4368,0.9737,0.7397,0.4147,0.3671,0.3399,0.2345,0.1415,0.0619,-0.0481,-0.219,-0.3191,-0.2174,-0.0609,0.0518,0.1166,0.1478,0.1588,0.1598,0.1579,0.1574,0.1599,0.4838,0.4827,0.4764,0.4651,0.4492,0.4338,0.4308,0.4339,0.4133,0.4025,0.5333,0.9459,1.0882,0.9105,0.9524,0.952,0.8209,0.5359,0.4102,0.324,0.2089,0.1261,0.0577,-0.0806,-0.379,-0.5724,-0.3396,-0.0758,0.0744,0.1427,0.1635,0.1596,0.1471,0.1365,0.1326,0.136,0.457,0.4536,0.4465,0.4354,0.4211,0.4066,0.3948,0.3792,0.337,0.2633,0.232,0.3774,0.5003,0.2301,0.7233,0.9516,0.8181,0.6145,0.4056,0.2253,0.0637,0.0194,0.0346,-0.0298,-0.2487,-0.4022,-0.2078,0.0279,0.1547,0.1947,0.1837,0.1496,0.1147,0.0932,0.0888,0.0978,0.4335,0.4282,0.4198,0.4079,0.3927,0.3744,0.3504,0.3101,0.2251,0.0314,-0.3478,-0.215,0.0315,0.2907,0.4871,0.6526,0.6902,0.4876,0.267,0.04,-0.2587,-0.1973,-0.0002,0.077,0.0576,0.0458,0.1419,0.2534,0.2956,0.2685,0.1961,0.109,0.0401,0.0095,0.0146,0.0403,0.4127,0.4059,0.3961,0.3829,0.3657,0.3429,0.3102,0.2567,0.159,-0.0295,-0.3097,-0.1909,-0.1755,-0.1872,0.1569,0.2927,0.3119,0.1728,0.0125,-0.0788,-0.3174,-0.2307,0.0249,0.205,0.3475,0.4746,0.5584,0.5579,0.4815,0.3494,0.1769,0.0005,-0.1172,-0.1423,-0.1017,-0.0386,0.3945,0.3864,0.3754,0.361,0.3421,0.3169,0.2815,0.2295,0.1515,0.0452,-0.0491,-0.0838,-0.2237,-0.275,-0.2173,-0.228,-0.0727,-0.1704,-0.3787,-0.1652,-0.1065,-0.0372,0.1341,0.3667,0.6665,0.9813,1.088,0.9326,0.6938,0.4226,0.1014,-0.2265,-0.411,-0.3853,-0.2584,-0.1299,0.3786,0.3695,0.3576,0.3425,0.3229,0.2975,0.2639,0.2193,0.162,0.0963,0.034,-0.0277,-0.1207,-0.2877,-0.8732,-1.1405,-0.3981,-0.2369,-0.3049,-0.1831,-0.0717,0.0492,0.2273,0.5189,0.9889,1.5955,1.7322,1.3068,0.8944,0.4887,-0.0077,-0.5584,-0.8199,-0.6686,-0.4084,-0.2041,0.3648,0.3551,0.3428,0.3274,0.3081,0.2839,0.2536,0.2161,0.1715,0.1216,0.0676,0.002,-0.1008,-0.3182,-0.7906,-0.9367,-0.4271,-0.2057,-0.208,-0.2261,-0.0879,0.0551,0.2433,0.569,1.0968,1.7429,1.8798,1.4648,1.0341,0.5724,-0.0087,-0.6937,-1.0002,-0.7721,-0.4507,-0.219,0.353,0.343,0.3306,0.3154,0.297,0.2745,0.2475,0.2155,0.1785,0.1364,0.0878,0.0261,-0.0638,-0.2049,-0.3763,-0.4082,-0.2633,-0.1579,-0.1522,-0.1494,-0.0774,-0.0125,0.1208,0.4584,0.9821,1.5143,1.846,1.6295,1.119,0.6683,0.1855,-0.3601,-0.6472,-0.5488,-0.3345,-0.1575,0.343,0.3329,0.3207,0.3062,0.2888,0.2683,0.2442,0.2164,0.1846,0.1484,0.1062,0.0546,-0.0108,-0.0893,-0.1578,-0.1726,-0.1328,-0.0929,-0.0807,-0.0807,-0.1143,-0.25,-0.2509,0.1839,0.8079,1.4873,2.1092,1.715,1.0032,0.6797,0.398,0.0605,-0.1718,-0.21,-0.139,-0.0483,0.3347,0.3247,0.313,0.2992,0.283,0.2644,0.243,0.2186,0.1911,0.1602,0.125,0.0846,0.0393,-0.0067,-0.0419,-0.0539,-0.045,-0.0321,-0.0307,-0.0568,-0.1711,-0.4633,-0.5599,-0.0416,0.5916,1.1315,1.4172,1.0833,0.607,0.5836,0.4964,0.303,0.1319,0.0485,0.0391,0.0652,0.3278,0.3181,0.3069,0.294,0.2792,0.2623,0.2433,0.222,0.1983,0.1722,0.1436,0.1127,0.0808,0.0512,0.0291,0.0183,0.0173,0.0185,0.0114,-0.0219,-0.1171,-0.2795,-0.2911,0.0318,0.4571,0.7926,0.9173,0.7522,0.5478,0.5543,0.5186,0.4041,0.285,0.2039,0.1661,0.1582]}]