docs/data/wind_grid.json
{"header": {"la1":42.1,"la2":41.55,"lo1":12.1,"lo2":12.95,"nx":50,"ny":50,"dx":0.01735,"dy":0.01122,"parameterCategory":2,"parameterNumber":3,"parameterNumberName":"northward_wind","parameterUnit":"m.s-1"}, "data":
[rows 0 to 40 of 50, columns 0 to 49 of 50]
-1.0678,-1.0671,-1.066,-1.0644,-1.0624,-1.0598,-1.0566,-1.0529,-1.0486,-1.0436,-1.038,-1.0318,-1.025,-1.0174,-1.0092,-1.0001,-0.9902,-0.9793,-0.9673,-0.9539,-0.9389,-0.9221,-0.9033,-0.8824,-0.8593,-0.8341,-0.8069,-0.7782,-0.7484,-0.7183,-0.6885,-0.6598,-0.6329,-0.6084,-0.5868,-0.5683,-0.553,-0.5408,-0.5313,-0.5243,-0.5193,-0.516,-0.5139,-0.513,-0.5128,-0.5134,-0.5146,-0.5164,-0.5187,-0.5213
-1.0737,-1.0732,-1.0723,-1.0709,-1.069,-1.0665,-1.0635,-1.0599,-1.0556,-1.0507,-1.0452,-1.0391,-1.0322,-1.0247,-1.0165,-1.0076,-0.9978,-0.987,-0.975,-0.9616,-0.9466,-0.9297,-0.9106,-0.889,-0.865,-0.8386,-0.81,-0.7795,-0.7479,-0.7158,-0.6841,-0.6537,-0.6253,-0.5997,-0.5774,-0.5586,-0.5433,-0.5314,-0.5225,-0.516,-0.5116,-0.5088,-0.5072,-0.5066,-0.5067,-0.5075,-0.5089,-0.5109,-0.5133,-0.5161
-1.0797,-1.0794,-1.0787,-1.0775,-1.0758,-1.0735,-1.0706,-1.0671,-1.0629,-1.0581,-1.0526,-1.0465,-1.0397,-1.0323,-1.0241,-1.0153,-1.0056,-0.9949,-0.9831,-0.9698,-0.9549,-0.9378,-0.9184,-0.8963,-0.8714,-0.8437,-0.8135,-0.7812,-0.7475,-0.7133,-0.6795,-0.6472,-0.6173,-0.5905,-0.5675,-0.5485,-0.5335,-0.5221,-0.5139,-0.5082,-0.5045,-0.5022,-0.501,-0.5007,-0.501,-0.502,-0.5035,-0.5056,-0.5081,-0.5111
-1.0859,-1.0858,-1.0853,-1.0843,-1.0828,-1.0806,-1.0779,-1.0745,-1.0704,-1.0656,-1.0602,-1.0541,-1.0474,-1.04,-1.0319,-1.0231,-1.0136,-1.0031,-0.9915,-0.9785,-0.9636,-0.9465,-0.9269,-0.9042,-0.8784,-0.8494,-0.8175,-0.7832,-0.7472,-0.7106,-0.6746,-0.6402,-0.6087,-0.5808,-0.5573,-0.5383,-0.5237,-0.5131,-0.5058,-0.501,-0.498,-0.4963,-0.4955,-0.4954,-0.4959,-0.4969,-0.4984,-0.5005,-0.5031,-0.5062
-1.0921,-1.0923,-1.0921,-1.0913,-1.0899,-1.088,-1.0854,-1.0821,-1.0781,-1.0734,-1.068,-1.062,-1.0553,-1.0479,-1.0399,-1.0312,-1.0218,-1.0116,-1.0002,-0.9875,-0.9728,-0.9559,-0.936,-0.9129,-0.8862,-0.8558,-0.822,-0.7855,-0.747,-0.7078,-0.6693,-0.6327,-0.5995,-0.5706,-0.5466,-0.5278,-0.514,-0.5044,-0.4983,-0.4946,-0.4925,-0.4913,-0.4908,-0.4908,-0.4913,-0.4922,-0.4937,-0.4958,-0.4984,-0.5015
-1.0985,-1.099,-1.099,-1.0985,-1.0973,-1.0956,-1.0931,-1.09,-1.0861,-1.0815,-1.0761,-1.07,-1.0633,-1.056,-1.048,-1.0395,-1.0303,-1.0203,-1.0093,-0.9969,-0.9826,-0.9658,-0.9459,-0.9223,-0.8947,-0.8629,-0.8271,-0.7881,-0.7469,-0.7048,-0.6635,-0.6246,-0.5895,-0.5596,-0.5354,-0.5172,-0.5044,-0.4963,-0.4917,-0.4892,-0.488,-0.4874,-0.4871,-0.487,-0.4873,-0.488,-0.4893,-0.4913,-0.4938,-0.497
-1.1051,-1.1059,-1.1061,-1.1058,-1.1049,-1.1034,-1.1011,-1.0981,-1.0943,-1.0897,-1.0844,-1.0783,-1.0716,-1.0642,-1.0563,-1.0479,-1.0388,-1.0291,-1.0185,-1.0066,-0.9927,-0.9763,-0.9565,-0.9326,-0.9041,-0.8707,-0.8328,-0.7911,-0.7467,-0.7014,-0.657,-0.6155,-0.5787,-0.5477,-0.5236,-0.5063,-0.4951,-0.4889,-0.4861,-0.4852,-0.4849,-0.4847,-0.4844,-0.484,-0.4839,-0.4843,-0.4853,-0.487,-0.4895,-0.4926
-1.1118,-1.1128,-1.1134,-1.1134,-1.1128,-1.1114,-1.1094,-1.1065,-1.1028,-1.0983,-1.093,-1.0869,-1.0801,-1.0727,-1.0647,-1.0563,-1.0475,-1.0381,-1.028,-1.0166,-1.0034,-0.9874,-0.9679,-0.9437,-0.9143,-0.8794,-0.8391,-0.7943,-0.7465,-0.6976,-0.6498,-0.6054,-0.5666,-0.5348,-0.511,-0.495,-0.486,-0.4823,-0.4818,-0.4826,-0.4833,-0.4834,-0.4828,-0.4819,-0.4812,-0.481,-0.4816,-0.483,-0.4853,-0.4883
-1.1186,-1.12,-1.1209,-1.1212,-1.1208,-1.1198,-1.1179,-1.1152,-1.1116,-1.1071,-1.1018,-1.0956,-1.0888,-1.0813,-1.0733,-1.0649,-1.0562,-1.0472,-1.0375,-1.0268,-1.0143,-0.9991,-0.98,-0.9557,-0.9255,-0.8888,-0.8459,-0.7978,-0.7461,-0.6931,-0.6415,-0.594,-0.5531,-0.5205,-0.4973,-0.4833,-0.4771,-0.4765,-0.4787,-0.4815,-0.4832,-0.4833,-0.4822,-0.4806,-0.479,-0.4781,-0.4781,-0.4791,-0.4812,-0.4841
-1.1255,-1.1273,-1.1285,-1.1292,-1.1291,-1.1283,-1.1267,-1.1242,-1.1207,-1.1163,-1.1109,-1.1047,-1.0977,-1.0901,-1.082,-1.0735,-1.0649,-1.0562,-1.0471,-1.0371,-1.0256,-1.0113,-0.9928,-0.9686,-0.9376,-0.8991,-0.8534,-0.8015,-0.7453,-0.6877,-0.6317,-0.5807,-0.5376,-0.5044,-0.4822,-0.4706,-0.468,-0.4712,-0.4768,-0.4818,-0.4844,-0.4844,-0.4825,-0.4798,-0.4772,-0.4754,-0.4747,-0.4753,-0.4771,-0.4799
-1.1326,-1.1347,-1.1364,-1.1374,-1.1377,-1.1372,-1.1359,-1.1335,-1.1302,-1.1258,-1.1204,-1.1141,-1.1069,-1.099,-1.0907,-1.0822,-1.0736,-1.0651,-1.0565,-1.0474,-1.037,-1.0238,-1.0062,-0.9823,-0.9506,-0.9102,-0.8613,-0.8052,-0.744,-0.6811,-0.6202,-0.5652,-0.5195,-0.4857,-0.4648,-0.4564,-0.4581,-0.466,-0.4756,-0.4831,-0.4866,-0.4863,-0.4833,-0.4792,-0.4754,-0.4727,-0.4713,-0.4715,-0.473,-0.4758
-1.1398,-1.1424,-1.1444,-1.1458,-1.1465,-1.1464,-1.1453,-1.1432,-1.1401,-1.1357,-1.1303,-1.1238,-1.1164,-1.1083,-1.0996,-1.0909,-1.0822,-1.0738,-1.0657,-1.0575,-1.0483,-1.0365,-1.0201,-0.9967,-0.9643,-0.922,-0.8697,-0.8088,-0.7419,-0.6729,-0.6063,-0.5467,-0.4982,-0.4636,-0.4444,-0.4398,-0.4466,-0.46,-0.4742,-0.4846,-0.4891,-0.4882,-0.484,-0.4785,-0.4734,-0.4697,-0.4677,-0.4675,-0.4688,-0.4716
-1.1471,-1.1501,-1.1526,-1.1545,-1.1556,-1.1559,-1.1552,-1.1534,-1.1503,-1.1461,-1.1406,-1.134,-1.1263,-1.1177,-1.1087,-1.0996,-1.0907,-1.0823,-1.0745,-1.0672,-1.0593,-1.0491,-1.0342,-1.0115,-0.9788,-0.9344,-0.8783,-0.812,-0.7387,-0.6627,-0.5894,-0.5244,-0.4725,-0.4371,-0.4197,-0.4192,-0.432,-0.4518,-0.4713,-0.485,-0.4906,-0.4893,-0.4838,-0.4769,-0.4707,-0.4662,-0.4636,-0.4632,-0.4644,-0.4672
-1.1545,-1.158,-1.161,-1.1634,-1.165,-1.1657,-1.1654,-1.1639,-1.1611,-1.157,-1.1514,-1.1446,-1.1366,-1.1276,-1.118,-1.1084,-1.099,-1.0904,-1.0829,-1.0762,-1.0697,-1.0613,-1.0482,-1.0266,-0.9935,-0.947,-0.8868,-0.8146,-0.7339,-0.6499,-0.5689,-0.4975,-0.4414,-0.4047,-0.389,-0.3931,-0.4124,-0.4393,-0.4649,-0.4824,-0.4896,-0.4881,-0.4817,-0.4738,-0.4668,-0.4617,-0.4589,-0.4584,-0.4597,-0.4627
-1.162,-1.166,-1.1696,-1.1725,-1.1746,-1.1759,-1.176,-1.1749,-1.1724,-1.1684,-1.1628,-1.1558,-1.1474,-1.1379,-1.1277,-1.1173,-1.1073,-1.0983,-1.0906,-1.0844,-1.079,-1.0726,-1.0616,-1.0415,-1.0082,-0.9595,-0.895,-0.8162,-0.7271,-0.6338,-0.5437,-0.4647,-0.4035,-0.3648,-0.3506,-0.3593,-0.3855,-0.4201,-0.4525,-0.4746,-0.4841,-0.4832,-0.4767,-0.4685,-0.4612,-0.456,-0.4534,-0.453,-0.4546,-0.4579
-1.1695,-1.1741,-1.1783,-1.1818,-1.1846,-1.1864,-1.1871,-1.1864,-1.1842,-1.1804,-1.1749,-1.1676,-1.1588,-1.1487,-1.1378,-1.1265,-1.1156,-1.1058,-1.0977,-1.0915,-1.0869,-1.0823,-1.0737,-1.0554,-1.0223,-0.9715,-0.9022,-0.8162,-0.7177,-0.6137,-0.513,-0.4248,-0.3572,-0.3157,-0.3024,-0.3155,-0.3487,-0.3915,-0.4314,-0.4592,-0.4721,-0.4732,-0.4677,-0.4602,-0.4535,-0.4489,-0.4467,-0.4469,-0.4491,-0.4529
-1.1771,-1.1824,-1.1872,-1.1914,-1.1948,-1.1973,-1.1985,-1.1984,-1.1966,-1.1931,-1.1876,-1.1802,-1.1711,-1.1603,-1.1485,-1.1362,-1.1242,-1.1134,-1.1043,-1.0974,-1.0928,-1.0896,-1.0837,-1.0676,-1.035,-0.9822,-0.9081,-0.8143,-0.7053,-0.589,-0.4758,-0.3767,-0.3012,-0.2556,-0.2425,-0.2597,-0.2999,-0.3511,-0.3993,-0.4339,-0.452,-0.4568,-0.454,-0.4485,-0.4433,-0.44,-0.439,-0.4401,-0.4431,-0.4476
-1.1848,-1.1907,-1.1961,-1.2011,-1.2053,-1.2085,-1.2105,-1.211,-1.2097,-1.2065,-1.2012,-1.1937,-1.1842,-1.1727,-1.16,-1.1465,-1.1332,-1.1211,-1.1108,-1.1025,-1.0967,-1.0938,-1.0905,-1.0774,-1.0457,-0.9911,-0.9121,-0.8099,-0.6892,-0.559,-0.4312,-0.3191,-0.2339,-0.1831,-0.1694,-0.1902,-0.2374,-0.2974,-0.3548,-0.3978,-0.423,-0.4334,-0.4351,-0.4331,-0.4306,-0.4295,-0.4301,-0.4326,-0.4366,-0.442
-1.1924,-1.199,-1.2052,-1.211,-1.216,-1.22,-1.2228,-1.2241,-1.2235,-1.2207,-1.2157,-1.2082,-1.1983,-1.1862,-1.1725,-1.1577,-1.1431,-1.1296,-1.1179,-1.1078,-1.0993,-1.0948,-1.0939,-1.0843,-1.0541,-0.9979,-0.9138,-0.8027,-0.6692,-0.5231,-0.3786,-0.2512,-0.1545,-0.0973,-0.0824,-0.1069,-0.1612,-0.2306,-0.2981,-0.3511,-0.3852,-0.4033,-0.4112,-0.4141,-0.4155,-0.4172,-0.4201,-0.4243,-0.4297,-0.4362
-1.2,-1.2073,-1.2144,-1.221,-1.2269,-1.2319,-1.2356,-1.2378,-1.2379,-1.2358,-1.231,-1.2236,-1.2135,-1.2009,-1.1862,-1.1702,-1.154,-1.1391,-1.1263,-1.1148,-1.1032,-1.0949,-1.0954,-1.0895,-1.0605,-1.0024,-0.9131,-0.7924,-0.645,-0.4814,-0.318,-0.1731,-0.0632,0.0015,0.0175,-0.011,-0.0731,-0.1526,-0.2312,-0.2954,-0.3401,-0.3675,-0.3832,-0.3922,-0.3983,-0.4036,-0.4092,-0.4155,-0.4225,-0.4302
-1.2075,-1.2156,-1.2235,-1.2311,-1.238,-1.2441,-1.2489,-1.252,-1.2531,-1.2517,-1.2474,-1.2402,-1.23,-1.217,-1.2014,-1.1841,-1.1663,-1.15,-1.1367,-1.1258,-1.1137,-1.1021,-1.1018,-1.0966,-1.0664,-1.0053,-0.91,-0.7792,-0.6169,-0.4344,-0.2501,-0.0859,0.0385,0.1108,0.1276,0.094,0.023,-0.0674,-0.1578,-0.234,-0.2901,-0.3278,-0.3521,-0.368,-0.3795,-0.3889,-0.3977,-0.4063,-0.4151,-0.4242
-1.2149,-1.2238,-1.2326,-1.2412,-1.2492,-1.2565,-1.2625,-1.2668,-1.269,-1.2684,-1.2648,-1.2579,-1.2478,-1.2345,-1.2183,-1.1997,-1.1802,-1.1625,-1.1491,-1.1411,-1.1356,-1.1289,-1.1237,-1.11,-1.0737,-1.0072,-0.9048,-0.7633,-0.5857,-0.3835,-0.1773,0.0073,0.1467,0.2262,0.2424,0.2023,0.1212,0.0194,-0.0828,-0.1708,-0.2383,-0.2864,-0.3196,-0.3428,-0.3599,-0.3737,-0.3858,-0.3969,-0.4077,-0.4182
-1.2221,-1.2319,-1.2416,-1.2512,-1.2605,-1.269,-1.2764,-1.2821,-1.2855,-1.286,-1.2831,-1.2766,-1.2667,-1.2534,-1.2369,-1.2173,-1.196,-1.1763,-1.1625,-1.1584,-1.1643,-1.1716,-1.1598,-1.1297,-1.0824,-1.0082,-0.8976,-0.7454,-0.5527,-0.3311,-0.1033,0.1013,0.2549,0.3402,0.3542,0.3063,0.2147,0.1019,-0.0112,-0.1098,-0.1878,-0.2456,-0.2872,-0.3175,-0.3403,-0.3585,-0.3739,-0.3877,-0.4004,-0.4124
-1.2291,-1.2397,-1.2504,-1.2612,-1.2717,-1.2816,-1.2905,-1.2978,-1.3027,-1.3044,-1.3023,-1.2963,-1.2866,-1.2736,-1.2572,-1.237,-1.2139,-1.1914,-1.1757,-1.1735,-1.1872,-1.2042,-1.1905,-1.1485,-1.0903,-1.0074,-0.8886,-0.7261,-0.5198,-0.2808,-0.0336,0.1887,0.3541,0.4432,0.4536,0.3974,0.2962,0.1741,0.0524,-0.0548,-0.1413,-0.2074,-0.2566,-0.2934,-0.3214,-0.3438,-0.3625,-0.3788,-0.3934,-0.4069
-1.2358,-1.2473,-1.259,-1.2709,-1.2827,-1.2942,-1.3048,-1.3138,-1.3204,-1.3235,-1.3224,-1.3168,-1.3073,-1.2947,-1.2789,-1.2589,-1.2342,-1.208,-1.1883,-1.1838,-1.1974,-1.2145,-1.2024,-1.1582,-1.0936,-1.0036,-0.8773,-0.7063,-0.4892,-0.2368,0.0253,0.2608,0.4344,0.5251,0.5312,0.4681,0.3598,0.2315,0.1042,-0.0087,-0.1013,-0.1738,-0.2291,-0.2713,-0.304,-0.3302,-0.3519,-0.3705,-0.387,-0.4019
-1.2422,-1.2544,-1.2671,-1.2802,-1.2934,-1.3065,-1.3189,-1.33,-1.3386,-1.3434,-1.3433,-1.338,-1.3283,-1.316,-1.3015,-1.2827,-1.2571,-1.2269,-1.2011,-1.1902,-1.1976,-1.209,-1.1981,-1.1565,-1.0899,-0.9954,-0.864,-0.6871,-0.4633,-0.2031,0.0672,0.3096,0.4868,0.577,0.5799,0.5128,0.4014,0.2711,0.1421,0.0268,-0.0692,-0.1459,-0.2056,-0.2521,-0.2887,-0.3181,-0.3424,-0.3631,-0.3812,-0.3975
-1.2481,-1.2611,-1.2748,-1.2891,-1.3037,-1.3184,-1.3328,-1.3461,-1.357,-1.3639,-1.365,-1.3596,-1.349,-1.3367,-1.3241,-1.3078,-1.2825,-1.2485,-1.2153,-1.1955,-1.1933,-1.1966,-1.1843,-1.1454,-1.0793,-0.9829,-0.8488,-0.6696,-0.4441,-0.1828,0.0879,0.3299,0.506,0.5945,0.5961,0.5292,0.4195,0.2918,0.1651,0.0508,-0.0458,-0.1244,-0.1869,-0.2364,-0.2758,-0.3078,-0.3343,-0.3568,-0.3764,-0.3937
-1.2535,-1.2673,-1.2819,-1.2973,-1.3133,-1.3297,-1.3462,-1.3619,-1.3754,-1.3849,-1.3876,-1.3818,-1.3692,-1.3557,-1.3451,-1.3326,-1.3093,-1.2725,-1.2319,-1.2022,-1.189,-1.183,-1.1669,-1.1285,-1.0633,-0.9669,-0.8327,-0.6549,-0.4328,-0.1774,0.0861,0.3209,0.4915,0.5777,0.5807,0.5183,0.4152,0.2945,0.1737,0.0635,-0.0313,-0.1097,-0.1733,-0.2245,-0.2658,-0.2996,-0.3278,-0.3517,-0.3725,-0.3908
-1.2583,-1.2728,-1.2883,-1.3047,-1.322,-1.3401,-1.3586,-1.3769,-1.3934,-1.406,-1.4109,-1.4048,-1.3887,-1.372,-1.3629,-1.3553,-1.3352,-1.297,-1.2503,-1.2113,-1.1872,-1.1713,-1.1494,-1.1095,-1.0446,-0.9491,-0.8171,-0.6439,-0.4299,-0.1861,0.0637,0.2857,0.4478,0.5315,0.5382,0.484,0.3913,0.2811,0.1692,0.0654,-0.0253,-0.1017,-0.1649,-0.2165,-0.2588,-0.2938,-0.3231,-0.348,-0.3697,-0.3888
-1.2625,-1.2776,-1.2939,-1.3112,-1.3297,-1.3493,-1.3698,-1.3905,-1.4103,-1.4266,-1.4347,-1.4289,-1.4079,-1.385,-1.376,-1.3733,-1.357,-1.3189,-1.2683,-1.2219,-1.1881,-1.1626,-1.1339,-1.0909,-1.0255,-0.9314,-0.8032,-0.6371,-0.4348,-0.2068,0.0249,0.2306,0.382,0.4633,0.4752,0.4316,0.3518,0.2543,0.1533,0.058,-0.027,-0.1,-0.1614,-0.2124,-0.2548,-0.2903,-0.3202,-0.3458,-0.3681,-0.3877
-1.266,-1.2817,-1.2985,-1.3166,-1.3361,-1.357,-1.3792,-1.4023,-1.4252,-1.4455,-1.4579,-1.4538,-1.4273,-1.3949,-1.3836,-1.3846,-1.3716,-1.3349,-1.2832,-1.2321,-1.1906,-1.1566,-1.1211,-1.0742,-1.0077,-0.9153,-0.7918,-0.6348,-0.4463,-0.2366,-0.0252,0.1624,0.3024,0.3812,0.3989,0.3667,0.3009,0.2173,0.1284,0.0425,-0.0356,-0.104,-0.1626,-0.2121,-0.2538,-0.2891,-0.3192,-0.3451,-0.3676,-0.3876
-1.2688,-1.2848,-1.3021,-1.3209,-1.3411,-1.363,-1.3865,-1.4114,-1.4369,-1.4608,-1.4778,-1.477,-1.4466,-1.4031,-1.3866,-1.3885,-1.3776,-1.3432,-1.2928,-1.24,-1.1934,-1.1526,-1.111,-1.06,-0.9923,-0.9017,-0.7837,-0.6366,-0.4629,-0.2724,-0.0817,0.0877,0.2162,0.2923,0.3155,0.2945,0.2426,0.1729,0.0964,0.0206,-0.0499,-0.113,-0.168,-0.2152,-0.2557,-0.2903,-0.32,-0.3458,-0.3684,-0.3884
-1.2708,-1.2871,-1.3047,-1.3238,-1.3445,-1.367,-1.3913,-1.4173,-1.4444,-1.4706,-1.4908,-1.4933,-1.4621,-1.4109,-1.3875,-1.3863,-1.3757,-1.344,-1.2966,-1.2445,-1.1952,-1.1495,-1.1029,-1.0484,-0.9797,-0.8911,-0.7789,-0.642,-0.4832,-0.3113,-0.1405,0.0115,0.1289,0.202,0.23,0.2192,0.1802,0.1238,0.0594,-0.0063,-0.069,-0.1262,-0.177,-0.2215,-0.2601,-0.2936,-0.3226,-0.348,-0.3704,-0.3903
-1.2721,-1.2884,-1.3062,-1.3254,-1.3462,-1.3689,-1.3934,-1.4196,-1.447,-1.4736,-1.4943,-1.4976,-1.468,-1.417,-1.388,-1.3809,-1.3685,-1.3391,-1.2953,-1.2452,-1.1951,-1.1464,-1.0962,-1.0391,-0.9698,-0.8835,-0.7772,-0.6503,-0.5058,-0.3514,-0.1989,-0.0627,0.0443,0.1142,0.1459,0.144,0.1165,0.0723,0.0192,-0.0368,-0.0916,-0.1428,-0.1892,-0.2305,-0.2669,-0.2988,-0.3269,-0.3516,-0.3735,-0.3931
-1.2725,-1.2888,-1.3065,-1.3256,-1.3463,-1.3687,-1.3928,-1.4184,-1.4447,-1.4697,-1.4882,-1.4899,-1.4632,-1.4184,-1.3877,-1.3742,-1.3587,-1.3306,-1.2901,-1.2426,-1.193,-1.1428,-1.0903,-1.0316,-0.9622,-0.8786,-0.7782,-0.6609,-0.5296,-0.391,-0.255,-0.133,-0.0354,0.0312,0.0656,0.071,0.0534,0.0199,-0.0229,-0.0698,-0.117,-0.1621,-0.204,-0.2418,-0.2757,-0.3059,-0.3327,-0.3565,-0.3778,-0.3969
-1.2721,-1.2883,-1.3057,-1.3245,-1.3447,-1.3664,-1.3896,-1.4138,-1.4381,-1.4601,-1.4749,-1.4742,-1.4511,-1.4143,-1.3848,-1.3666,-1.3479,-1.3202,-1.2822,-1.2373,-1.1889,-1.1384,-1.0848,-1.0253,-0.9567,-0.8759,-0.7813,-0.6729,-0.5537,-0.4293,-0.3077,-0.1982,-0.1091,-0.0458,-0.0096,0.0015,-0.0078,-0.0319,-0.0655,-0.1041,-0.1442,-0.1836,-0.2208,-0.2551,-0.2864,-0.3145,-0.3398,-0.3625,-0.383,-0.4015
-1.271,-1.2868,-1.3039,-1.3221,-1.3416,-1.3624,-1.3842,-1.4064,-1.428,-1.4465,-1.4576,-1.4551,-1.4357,-1.4059,-1.3788,-1.3579,-1.3366,-1.3088,-1.2728,-1.2301,-1.1832,-1.1332,-1.0794,-1.0201,-0.9526,-0.875,-0.7859,-0.6859,-0.5775,-0.4655,-0.3564,-0.2579,-0.1764,-0.1164,-0.0793,-0.0637,-0.0662,-0.0824,-0.108,-0.139,-0.1726,-0.2064,-0.2392,-0.27,-0.2984,-0.3245,-0.3482,-0.3696,-0.3891,-0.4069
-1.2691,-1.2846,-1.301,-1.3186,-1.3372,-1.3567,-1.3768,-1.3969,-1.4156,-1.4307,-1.4386,-1.4351,-1.4188,-1.3945,-1.3699,-1.3479,-1.325,-1.297,-1.2623,-1.2216,-1.1762,-1.1272,-1.074,-1.0154,-0.9497,-0.8754,-0.7917,-0.6993,-0.6005,-0.4993,-0.4012,-0.3121,-0.2373,-0.1806,-0.1431,-0.1242,-0.1212,-0.1308,-0.1495,-0.174,-0.2015,-0.2303,-0.2587,-0.2861,-0.3117,-0.3356,-0.3575,-0.3777,-0.3961,-0.413
-1.2666,-1.2815,-1.2973,-1.314,-1.3315,-1.3497,-1.368,-1.3858,-1.4018,-1.4138,-1.4192,-1.4153,-1.4015,-1.3811,-1.3588,-1.3366,-1.3128,-1.2848,-1.2512,-1.2121,-1.1684,-1.1205,-1.0684,-1.0112,-0.9476,-0.8767,-0.7982,-0.7127,-0.6224,-0.5307,-0.442,-0.3611,-0.2923,-0.2387,-0.2014,-0.18,-0.1727,-0.1769,-0.1897,-0.2084,-0.2306,-0.2546,-0.2791,-0.303,-0.326,-0.3476,-0.3678,-0.3865,-0.4038,-0.4198
-1.2634,-1.2777,-1.2927,-1.3085,-1.3249,-1.3415,-1.358,-1.3736,-1.3871,-1.3967,-1.4002,-1.3961,-1.3842,-1.3666,-1.3462,-1.3243,-1.3003,-1.2724,-1.2397,-1.2021,-1.1599,-1.1135,-1.0628,-1.0072,-0.946,-0.8786,-0.805,-0.7258,-0.6431,-0.5596,-0.4791,-0.4053,-0.3418,-0.2911,-0.2543,-0.2313,-0.2206,-0.2204,-0.2282,-0.2419,-0.2594,-0.2791,-0.2998,-0.3206,-0.341,-0.3604,-0.3788,-0.396,-0.4122,-0.4272
-1.2596,-1.2732,-1.2875,-1.3023,-1.3174,-1.3326,-1.3473,-1.3608,-1.3721,-1.3796,-1.3818,-1.3776,-1.367,-1.3513,-1.3324,-1.3112,-1.2873,-1.2599,-1.228,-1.1917,-1.151,-1.1062,-1.0571,-1.0035,-0.9448,-0.8809,-0.8118,-0.7385,-0.6624,-0.5862,-0.5127,-0.4451,-0.3864,-0.3385,-0.3024,-0.2783,-0.265,-0.2612,-0.2649,-0.2742,-0.2876,-0.3035,-0.3208,-0.3386,-0.3564,-0.3738,-0.3904,-0.4061,-0.421,-0.435
