docs/data/wind_grid.json
{"header": {"la1":42.1,"la2":41.55,"lo1":12.1,"lo2":12.95,"nx":50,"ny":50,"dx":0.01735,"dy":0.01122,"parameterCategory":2,"parameterNumber":3,"parameterNumberName":"northward_wind","parameterUnit":"m.s-1"}, "data":
[rows 0 to 40 of 50, columns 0 to 49 of 50]
0.2078,0.1597,0.1239,0.1053,0.101,0.1002,0.0903,0.0636,0.0192,-0.0382,-0.1025,-0.168,-0.2307,-0.2882,-0.3395,-0.3842,-0.4229,-0.4561,-0.4843,-0.5079,-0.5266,-0.5402,-0.548,-0.5497,-0.5454,-0.5359,-0.5221,-0.505,-0.4852,-0.4633,-0.4395,-0.4139,-0.3867,-0.3581,-0.3284,-0.2984,-0.2691,-0.2414,-0.2168,-0.1961,-0.1802,-0.1692,-0.1628,-0.1605,-0.1612,-0.1643,-0.1687,-0.1739,-0.1794,-0.1848
0.2387,0.1805,0.1355,0.1105,0.1028,0.1006,0.0897,0.0614,0.0148,-0.0454,-0.1124,-0.1803,-0.2449,-0.3038,-0.3559,-0.4011,-0.4401,-0.4734,-0.502,-0.5262,-0.5457,-0.5601,-0.5682,-0.5693,-0.5638,-0.5524,-0.5364,-0.5171,-0.4952,-0.4713,-0.4455,-0.4178,-0.3883,-0.357,-0.3245,-0.2914,-0.2589,-0.2283,-0.2011,-0.1787,-0.162,-0.1511,-0.1456,-0.1447,-0.1472,-0.152,-0.1583,-0.1651,-0.172,-0.1786
0.282,0.2128,0.1569,0.123,0.109,0.1025,0.0883,0.057,0.0074,-0.0555,-0.125,-0.195,-0.2611,-0.321,-0.3736,-0.4189,-0.4577,-0.491,-0.5197,-0.5444,-0.565,-0.5803,-0.5889,-0.5897,-0.5826,-0.5691,-0.5507,-0.5291,-0.505,-0.4791,-0.4513,-0.4215,-0.3896,-0.3557,-0.3201,-0.2835,-0.2474,-0.2134,-0.1834,-0.159,-0.1414,-0.1308,-0.1265,-0.1274,-0.1321,-0.1391,-0.1474,-0.156,-0.1645,-0.1723
0.3409,0.2602,0.1917,0.1461,0.1224,0.1079,0.0873,0.051,-0.0024,-0.0684,-0.1403,-0.212,-0.2794,-0.3399,-0.3926,-0.4376,-0.4759,-0.5086,-0.5371,-0.5623,-0.5839,-0.6006,-0.6101,-0.6104,-0.6017,-0.5857,-0.5647,-0.5406,-0.5144,-0.4865,-0.4568,-0.4249,-0.3907,-0.354,-0.3151,-0.2748,-0.2347,-0.1967,-0.1634,-0.1369,-0.1184,-0.1083,-0.1057,-0.1089,-0.1161,-0.1257,-0.1363,-0.1469,-0.157,-0.1662
0.418,0.3255,0.2425,0.1821,0.1446,0.1181,0.0879,0.0443,-0.0142,-0.0836,-0.1578,-0.2312,-0.2995,-0.3603,-0.4128,-0.4572,-0.4944,-0.5261,-0.5539,-0.5792,-0.602,-0.6205,-0.6311,-0.6311,-0.6205,-0.6017,-0.5779,-0.5514,-0.5231,-0.4934,-0.4619,-0.4282,-0.3917,-0.3522,-0.3098,-0.2654,-0.2207,-0.1784,-0.1413,-0.1122,-0.093,-0.0837,-0.0831,-0.0891,-0.0994,-0.1119,-0.125,-0.1378,-0.1496,-0.1602
0.5146,0.41,0.3104,0.2317,0.1762,0.1337,0.0906,0.0377,-0.0271,-0.1005,-0.1773,-0.2521,-0.3213,-0.3823,-0.4344,-0.4777,-0.5134,-0.5433,-0.5698,-0.5947,-0.6185,-0.639,-0.6512,-0.6511,-0.6383,-0.6165,-0.5898,-0.561,-0.5309,-0.4997,-0.4667,-0.4313,-0.3927,-0.3504,-0.3044,-0.2556,-0.2059,-0.1585,-0.117,-0.0852,-0.0652,-0.0571,-0.0591,-0.0685,-0.0823,-0.098,-0.114,-0.129,-0.1426,-0.1546
0.6297,0.5123,0.3938,0.2934,0.2161,0.1542,0.0955,0.0314,-0.0407,-0.1187,-0.1982,-0.2747,-0.3446,-0.4059,-0.4574,-0.4993,-0.5329,-0.5604,-0.5846,-0.6083,-0.6325,-0.655,-0.6692,-0.6689,-0.6538,-0.629,-0.5997,-0.569,-0.5376,-0.5052,-0.4712,-0.4344,-0.3939,-0.349,-0.2994,-0.2459,-0.1907,-0.1375,-0.0911,-0.0561,-0.0354,-0.0288,-0.0341,-0.0474,-0.0652,-0.0845,-0.1034,-0.1207,-0.1361,-0.1494
0.7598,0.629,0.4893,0.364,0.2621,0.1783,0.1023,0.0256,-0.0548,-0.1378,-0.2203,-0.2985,-0.3694,-0.4309,-0.4819,-0.5224,-0.5535,-0.5776,-0.5984,-0.6195,-0.6431,-0.6671,-0.6832,-0.6828,-0.6655,-0.6381,-0.6069,-0.575,-0.5429,-0.51,-0.4752,-0.4375,-0.3955,-0.3482,-0.2951,-0.2368,-0.1757,-0.1161,-0.0641,-0.0257,-0.0043,0.0003,-0.0088,-0.0266,-0.0487,-0.0717,-0.0936,-0.1132,-0.1303,-0.1448
0.8987,0.7539,0.5912,0.4392,0.3109,0.2041,0.1097,0.0199,-0.0691,-0.1575,-0.2432,-0.3234,-0.3955,-0.4576,-0.5084,-0.5475,-0.5757,-0.5957,-0.6117,-0.6286,-0.6497,-0.6736,-0.6909,-0.6905,-0.6718,-0.6429,-0.611,-0.5789,-0.5468,-0.5139,-0.479,-0.4408,-0.3978,-0.3485,-0.2922,-0.2292,-0.1619,-0.0955,-0.0374,0.0049,0.027,0.0291,0.0158,-0.0069,-0.0335,-0.0602,-0.085,-0.1068,-0.1254,-0.141
1.0378,0.8788,0.6928,0.5136,0.3589,0.229,0.1165,0.0138,-0.0839,-0.1776,-0.2665,-0.3488,-0.4226,-0.4859,-0.5371,-0.5751,-0.6004,-0.6154,-0.6253,-0.6361,-0.6524,-0.6738,-0.6906,-0.6901,-0.6713,-0.6429,-0.6118,-0.5807,-0.5494,-0.5172,-0.4828,-0.4446,-0.401,-0.3504,-0.2914,-0.224,-0.1507,-0.0772,-0.0125,0.0339,0.0565,0.056,0.0382,0.0106,-0.0204,-0.0507,-0.0781,-0.1018,-0.1216,-0.138
1.1664,0.9943,0.7863,0.5816,0.4021,0.2507,0.1214,0.0065,-0.0991,-0.1978,-0.2899,-0.3745,-0.4504,-0.5156,-0.5682,-0.6061,-0.6286,-0.6381,-0.6404,-0.6433,-0.6524,-0.6683,-0.6822,-0.6815,-0.6644,-0.6384,-0.6098,-0.5807,-0.551,-0.52,-0.4866,-0.4491,-0.4057,-0.3544,-0.2934,-0.2224,-0.1434,-0.0631,0.0082,0.0588,0.082,0.0789,0.0567,0.0245,-0.0105,-0.0438,-0.0733,-0.0983,-0.1191,-0.136
1.2734,1.0907,0.8643,0.6379,0.4369,0.2669,0.1229,-0.0025,-0.1151,-0.2181,-0.3129,-0.3999,-0.4783,-0.5465,-0.6019,-0.6411,-0.6616,-0.6649,-0.6583,-0.6515,-0.6517,-0.6598,-0.6686,-0.6672,-0.653,-0.631,-0.606,-0.5795,-0.552,-0.5227,-0.4907,-0.4545,-0.412,-0.3609,-0.299,-0.2254,-0.1419,-0.0554,0.0219,0.0766,0.1006,0.0952,0.0694,0.0335,-0.0045,-0.04,-0.0709,-0.0968,-0.1179,-0.135
1.3489,1.1593,0.9202,0.6778,0.4603,0.2757,0.1199,-0.0138,-0.1317,-0.238,-0.3351,-0.4243,-0.5056,-0.5779,-0.6379,-0.6805,-0.7002,-0.697,-0.6795,-0.6615,-0.652,-0.6515,-0.6542,-0.6516,-0.6404,-0.6227,-0.6014,-0.578,-0.5528,-0.5255,-0.4955,-0.4611,-0.4204,-0.3705,-0.3089,-0.2341,-0.1476,-0.0565,0.0259,0.0842,0.1092,0.1026,0.0745,0.0363,-0.0034,-0.0398,-0.0712,-0.0972,-0.1183,-0.1351
1.3859,1.194,0.949,0.6978,0.47,0.2755,0.1118,-0.0276,-0.149,-0.2573,-0.3558,-0.4468,-0.5312,-0.6084,-0.675,-0.7238,-0.745,-0.7347,-0.704,-0.673,-0.6534,-0.6452,-0.6425,-0.6385,-0.6295,-0.6154,-0.5974,-0.5766,-0.5538,-0.5288,-0.5011,-0.4693,-0.4311,-0.3836,-0.3237,-0.2493,-0.1618,-0.0681,0.0176,0.0788,0.1053,0.0989,0.0705,0.0321,-0.0075,-0.0436,-0.0744,-0.0997,-0.1201,-0.1363
1.3818,1.1924,0.9488,0.6963,0.4649,0.2658,0.0981,-0.0441,-0.1668,-0.2756,-0.3744,-0.4664,-0.5535,-0.6361,-0.7109,-0.7689,-0.7946,-0.7771,-0.7303,-0.684,-0.6545,-0.6404,-0.6342,-0.6295,-0.622,-0.6102,-0.5946,-0.576,-0.5553,-0.5327,-0.5077,-0.4791,-0.4444,-0.4004,-0.3436,-0.2716,-0.1851,-0.0912,-0.0041,0.059,0.0874,0.0831,0.0567,0.0205,-0.0171,-0.0512,-0.0803,-0.1041,-0.1232,-0.1384
1.3387,1.156,0.9204,0.6736,0.445,0.2467,0.0789,-0.063,-0.185,-0.2925,-0.3903,-0.4821,-0.5709,-0.6582,-0.7416,-0.811,-0.8441,-0.8202,-0.7548,-0.6919,-0.6534,-0.6355,-0.6284,-0.6242,-0.6178,-0.6074,-0.5932,-0.5763,-0.5575,-0.5374,-0.5156,-0.4908,-0.4605,-0.4211,-0.3689,-0.3008,-0.2175,-0.1256,-0.0392,0.0249,0.056,0.0555,0.0337,0.0019,-0.0317,-0.0625,-0.0888,-0.1103,-0.1276,-0.1413
1.2625,1.0897,0.8672,0.6321,0.4119,0.2189,0.0548,-0.084,-0.2031,-0.3077,-0.4029,-0.4931,-0.5819,-0.6719,-0.7619,-0.8416,-0.8832,-0.8546,-0.7719,-0.6941,-0.6485,-0.629,-0.6237,-0.6217,-0.6165,-0.6068,-0.5934,-0.5775,-0.5605,-0.543,-0.5248,-0.5047,-0.4797,-0.4461,-0.3995,-0.3367,-0.258,-0.1699,-0.0857,-0.0214,0.013,0.0181,0.0028,-0.0226,-0.0506,-0.0767,-0.0993,-0.1179,-0.1329,-0.1448
1.1618,1.0007,0.7945,0.5754,0.3677,0.1839,0.0266,-0.1068,-0.221,-0.3211,-0.4122,-0.4989,-0.5854,-0.6748,-0.7669,-0.8512,-0.8973,-0.8663,-0.7747,-0.6899,-0.6408,-0.6208,-0.6189,-0.6208,-0.6173,-0.6079,-0.5946,-0.5795,-0.5641,-0.5494,-0.5355,-0.5208,-0.5023,-0.4754,-0.4354,-0.3786,-0.3054,-0.2218,-0.1405,-0.0762,-0.0382,-0.0264,-0.0338,-0.0514,-0.0726,-0.0932,-0.1114,-0.1266,-0.1389,-0.1488
1.0455,0.8969,0.7087,0.5077,0.3154,0.1435,-0.0047,-0.1306,-0.2384,-0.3327,-0.4182,-0.4997,-0.5813,-0.6663,-0.7542,-0.8344,-0.8771,-0.8465,-0.7605,-0.6818,-0.6341,-0.6129,-0.6148,-0.6216,-0.6199,-0.6103,-0.5966,-0.5819,-0.5681,-0.5566,-0.5475,-0.5393,-0.5283,-0.5091,-0.4763,-0.4257,-0.3578,-0.2786,-0.2001,-0.1355,-0.0935,-0.0745,-0.0733,-0.0826,-0.0963,-0.1109,-0.1243,-0.1357,-0.1452,-0.1528
0.922,0.7858,0.6157,0.4337,0.258,0.0995,-0.0379,-0.1552,-0.2553,-0.3426,-0.4214,-0.496,-0.5706,-0.6477,-0.7261,-0.7951,-0.8289,-0.8026,-0.7355,-0.6748,-0.6342,-0.6109,-0.6149,-0.6257,-0.6245,-0.6137,-0.5991,-0.5845,-0.5724,-0.5644,-0.561,-0.5603,-0.5579,-0.5473,-0.5218,-0.4769,-0.4132,-0.3374,-0.2607,-0.1953,-0.149,-0.123,-0.1133,-0.1142,-0.1205,-0.1288,-0.1373,-0.1449,-0.1514,-0.1567
0.7979,0.6735,0.5206,0.3571,0.1983,0.0539,-0.0722,-0.1799,-0.2717,-0.3512,-0.4223,-0.4891,-0.555,-0.6219,-0.6881,-0.7436,-0.7692,-0.7519,-0.7092,-0.6722,-0.6458,-0.6246,-0.6274,-0.6364,-0.6317,-0.618,-0.6017,-0.5869,-0.5766,-0.5727,-0.5756,-0.5836,-0.591,-0.5896,-0.5712,-0.5308,-0.4697,-0.3953,-0.3191,-0.2521,-0.2016,-0.1691,-0.1515,-0.1445,-0.1437,-0.1461,-0.1497,-0.1535,-0.157,-0.1601
0.6782,0.5646,0.4276,0.2813,0.1386,0.008,-0.1065,-0.2044,-0.2875,-0.3589,-0.4219,-0.4801,-0.5365,-0.5927,-0.6466,-0.6905,-0.7121,-0.7063,-0.6874,-0.675,-0.6705,-0.6643,-0.6613,-0.6561,-0.6418,-0.6227,-0.6038,-0.5888,-0.5804,-0.5809,-0.5911,-0.6087,-0.6269,-0.6352,-0.6231,-0.5855,-0.5248,-0.45,-0.3727,-0.3036,-0.2491,-0.2106,-0.1861,-0.1721,-0.1649,-0.1617,-0.1608,-0.1611,-0.1618,-0.1628
0.5659,0.4621,0.3392,0.2086,0.0808,-0.0367,-0.1401,-0.2285,-0.303,-0.3662,-0.4209,-0.4704,-0.5173,-0.5629,-0.6059,-0.6414,-0.6626,-0.6688,-0.6707,-0.6817,-0.705,-0.7252,-0.7125,-0.6822,-0.653,-0.6268,-0.605,-0.5897,-0.5834,-0.5887,-0.6066,-0.6346,-0.6641,-0.6819,-0.675,-0.6382,-0.5759,-0.4989,-0.4196,-0.3481,-0.2898,-0.2463,-0.216,-0.1959,-0.1831,-0.1751,-0.1701,-0.1671,-0.1653,-0.1644
0.4628,0.3679,0.2573,0.1405,0.0261,-0.0795,-0.1726,-0.252,-0.3184,-0.3736,-0.4203,-0.4612,-0.4989,-0.5346,-0.5683,-0.5978,-0.6205,-0.6374,-0.6563,-0.688,-0.7371,-0.7788,-0.7579,-0.7057,-0.6621,-0.6289,-0.6044,-0.5891,-0.5851,-0.5953,-0.621,-0.6593,-0.6999,-0.7263,-0.7232,-0.6856,-0.6202,-0.5401,-0.4584,-0.3844,-0.323,-0.2754,-0.2402,-0.2152,-0.1977,-0.1855,-0.177,-0.1712,-0.1672,-0.1646
0.3698,0.2826,0.1828,0.078,-0.0246,-0.1196,-0.2034,-0.2747,-0.3336,-0.3815,-0.4206,-0.4535,-0.4825,-0.5092,-0.5346,-0.5591,-0.5831,-0.6083,-0.6404,-0.6874,-0.7512,-0.7992,-0.7767,-0.7167,-0.6651,-0.6273,-0.6011,-0.5864,-0.585,-0.5999,-0.6327,-0.6802,-0.7304,-0.7637,-0.7628,-0.7234,-0.6547,-0.5717,-0.4879,-0.4119,-0.3481,-0.2973,-0.2584,-0.2294,-0.2081,-0.1925,-0.1812,-0.1731,-0.1673,-0.1634
0.2867,0.2064,0.116,0.0216,-0.0709,-0.1567,-0.2325,-0.2967,-0.349,-0.3904,-0.4226,-0.448,-0.4689,-0.4872,-0.5047,-0.5241,-0.5479,-0.5785,-0.6192,-0.6745,-0.7407,-0.7846,-0.766,-0.711,-0.6593,-0.6206,-0.5946,-0.5813,-0.5826,-0.6015,-0.6398,-0.6941,-0.751,-0.7888,-0.7889,-0.7479,-0.677,-0.5924,-0.5075,-0.4304,-0.365,-0.312,-0.2703,-0.2382,-0.214,-0.1957,-0.1822,-0.1723,-0.1652,-0.1604
0.2132,0.1391,0.0568,-0.0288,-0.1125,-0.1904,-0.2594,-0.3177,-0.3646,-0.4005,-0.4267,-0.4452,-0.4586,-0.4688,-0.4785,-0.4919,-0.5138,-0.5465,-0.5912,-0.6481,-0.7091,-0.7462,-0.734,-0.6901,-0.6443,-0.6084,-0.5844,-0.5733,-0.5773,-0.5993,-0.641,-0.6986,-0.7583,-0.7975,-0.7979,-0.7566,-0.6857,-0.6015,-0.517,-0.4399,-0.3738,-0.3193,-0.2757,-0.2415,-0.215,-0.1949,-0.1799,-0.1688,-0.1608,-0.1554
0.1487,0.0801,0.0048,-0.0731,-0.1494,-0.2206,-0.284,-0.3376,-0.3805,-0.4122,-0.4334,-0.4457,-0.4519,-0.4543,-0.456,-0.4627,-0.4809,-0.513,-0.5575,-0.611,-0.664,-0.6953,-0.6896,-0.6579,-0.6211,-0.5906,-0.5704,-0.5624,-0.5688,-0.5926,-0.6352,-0.6925,-0.7507,-0.7885,-0.7888,-0.749,-0.6806,-0.599,-0.5165,-0.4405,-0.3745,-0.3193,-0.2745,-0.2389,-0.2111,-0.1899,-0.1739,-0.1622,-0.154,-0.1484
0.0924,0.0287,-0.0405,-0.1117,-0.1817,-0.2473,-0.3061,-0.3562,-0.3963,-0.4254,-0.443,-0.4502,-0.4492,-0.4435,-0.4373,-0.4375,-0.4514,-0.4805,-0.5212,-0.5681,-0.6123,-0.639,-0.6389,-0.6183,-0.5914,-0.568,-0.5528,-0.5483,-0.557,-0.5815,-0.6226,-0.6762,-0.7295,-0.7637,-0.7635,-0.7267,-0.6628,-0.5856,-0.5064,-0.4325,-0.3673,-0.3121,-0.2668,-0.2305,-0.2021,-0.1803,-0.1642,-0.1525,-0.1445,-0.1393
0.0434,-0.0157,-0.0795,-0.145,-0.2094,-0.2703,-0.3254,-0.373,-0.4116,-0.4398,-0.4559,-0.459,-0.4507,-0.4363,-0.4228,-0.4181,-0.4282,-0.4525,-0.486,-0.5236,-0.5586,-0.5811,-0.5851,-0.5739,-0.5568,-0.5412,-0.5318,-0.5311,-0.5419,-0.566,-0.604,-0.6517,-0.6979,-0.7268,-0.7259,-0.6926,-0.6343,-0.5626,-0.4876,-0.4163,-0.3524,-0.2977,-0.2524,-0.2161,-0.1877,-0.1662,-0.1505,-0.1395,-0.1323,-0.128
0.0011,-0.0539,-0.1128,-0.1732,-0.2328,-0.2896,-0.3416,-0.3874,-0.4256,-0.4544,-0.4711,-0.4721,-0.4567,-0.4328,-0.4132,-0.4064,-0.4137,-0.4312,-0.4543,-0.48,-0.5047,-0.5226,-0.5294,-0.5263,-0.5184,-0.511,-0.5077,-0.5112,-0.5237,-0.5469,-0.5808,-0.6214,-0.6595,-0.6825,-0.6803,-0.6502,-0.5975,-0.5314,-0.4608,-0.3923,-0.33,-0.2761,-0.2314,-0.1955,-0.1679,-0.1474,-0.1329,-0.1232,-0.1174,-0.1145
-0.0353,-0.0865,-0.141,-0.1969,-0.2522,-0.3051,-0.3544,-0.3987,-0.437,-0.4674,-0.4864,-0.4877,-0.4664,-0.4329,-0.4092,-0.4028,-0.4074,-0.4157,-0.4253,-0.4368,-0.4502,-0.4629,-0.4718,-0.4759,-0.477,-0.4779,-0.481,-0.4886,-0.5028,-0.5248,-0.5542,-0.5876,-0.6177,-0.6346,-0.6304,-0.6025,-0.5545,-0.4934,-0.4268,-0.3609,-0.3002,-0.2474,-0.2035,-0.1688,-0.1425,-0.1238,-0.1112,-0.1036,-0.0998,-0.0988
-0.0666,-0.1143,-0.1647,-0.2164,-0.2676,-0.3171,-0.3637,-0.4064,-0.4444,-0.4761,-0.4977,-0.5005,-0.4758,-0.4359,-0.4101,-0.4039,-0.4042,-0.4016,-0.3958,-0.3914,-0.3926,-0.4001,-0.4113,-0.4229,-0.4331,-0.4424,-0.4522,-0.4641,-0.4798,-0.5005,-0.5256,-0.5523,-0.5748,-0.5858,-0.579,-0.5521,-0.5074,-0.45,-0.3864,-0.3226,-0.2632,-0.2114,-0.1688,-0.1357,-0.1116,-0.0954,-0.0856,-0.0807,-0.0796,-0.0811
-0.0933,-0.1376,-0.1844,-0.2321,-0.2796,-0.3257,-0.3694,-0.4101,-0.447,-0.4786,-0.5008,-0.5042,-0.4791,-0.4385,-0.4122,-0.4037,-0.3976,-0.3831,-0.361,-0.3397,-0.3287,-0.332,-0.347,-0.3671,-0.3872,-0.4054,-0.4218,-0.438,-0.4553,-0.4748,-0.496,-0.5166,-0.5323,-0.5377,-0.5278,-0.5006,-0.4574,-0.4021,-0.3404,-0.2778,-0.2192,-0.1683,-0.1272,-0.0963,-0.0752,-0.0623,-0.0561,-0.0548,-0.0569,-0.0614
-0.116,-0.1573,-0.2005,-0.2445,-0.2884,-0.3311,-0.3718,-0.4098,-0.4445,-0.4741,-0.4944,-0.4967,-0.4736,-0.4371,-0.411,-0.3977,-0.383,-0.3557,-0.3166,-0.278,-0.2555,-0.257,-0.2785,-0.3092,-0.3402,-0.3675,-0.3907,-0.411,-0.4299,-0.4484,-0.4662,-0.4815,-0.4913,-0.4912,-0.4777,-0.449,-0.4056,-0.3508,-0.2894,-0.2268,-0.1684,-0.1182,-0.0788,-0.0508,-0.0334,-0.0248,-0.023,-0.026,-0.0321,-0.0401
-0.1353,-0.1736,-0.2135,-0.2541,-0.2944,-0.3337,-0.3711,-0.4061,-0.4376,-0.4638,-0.4807,-0.4813,-0.4613,-0.4303,-0.4043,-0.3846,-0.3595,-0.3181,-0.2611,-0.2048,-0.1723,-0.1755,-0.2071,-0.2507,-0.2935,-0.33,-0.3598,-0.384,-0.4044,-0.422,-0.4368,-0.4476,-0.4519,-0.4468,-0.4293,-0.3978,-0.3528,-0.2967,-0.234,-0.1702,-0.1111,-0.0614,-0.024,0.0005,0.0133,0.0167,0.0132,0.0052,-0.0055,-0.0175
-0.1516,-0.1871,-0.2239,-0.2612,-0.2982,-0.334,-0.3681,-0.3996,-0.4274,-0.4497,-0.4629,-0.462,-0.4451,-0.4187,-0.3922,-0.3655,-0.3291,-0.2725,-0.1971,-0.1236,-0.0834,-0.092,-0.1367,-0.1944,-0.249,-0.2943,-0.33,-0.3577,-0.3793,-0.396,-0.4082,-0.415,-0.4146,-0.4046,-0.3827,-0.3477,-0.2995,-0.2406,-0.175,-0.1087,-0.0481,0.0014,0.0365,0.0569,0.0643,0.0616,0.052,0.0383,0.0226,0.0062
-0.1652,-0.1981,-0.232,-0.2662,-0.2999,-0.3325,-0.3632,-0.3912,-0.4153,-0.4338,-0.4436,-0.4417,-0.427,-0.4036,-0.3759,-0.3426,-0.2952,-0.2245,-0.1324,-0.0443,0.0007,-0.0153,-0.0735,-0.1442,-0.2091,-0.2618,-0.3024,-0.3328,-0.3552,-0.3711,-0.3809,-0.3841,-0.3793,-0.3646,-0.3382,-0.2988,-0.2464,-0.1832,-0.1134,-0.0435,0.0195,0.069,0.1018,0.1174,0.1185,0.1089,0.0925,0.0726,0.0514,0.0303
-0.1767,-0.2071,-0.2382,-0.2695,-0.3002,-0.3296,-0.3571,-0.3816,-0.4023,-0.4173,-0.4245,-0.4217,-0.4083,-0.3863,-0.3572,-0.3184,-0.2623,-0.1809,-0.0777,0.019,0.0653,0.0431,-0.0246,-0.1044,-0.1763,-0.234,-0.2778,-0.3099,-0.3327,-0.3475,-0.3551,-0.355,-0.3461,-0.327,-0.2959,-0.2516,-0.1942,-0.1256,-0.0505,0.0241,0.09,0.1399,0.1699,0.1802,0.1744,0.1573,0.1337,0.1072,0.0803,0.0544
-0.1863,-0.2143,-0.2429,-0.2714,-0.2993,-0.3257,-0.3501,-0.3716,-0.389,-0.4011,-0.4061,-0.4025,-0.3898,-0.3683,-0.3379,-0.2954,-0.234,-0.1477,-0.0419,0.0548,0.0994,0.0748,0.0046,-0.0777,-0.152,-0.2117,-0.2569,-0.2896,-0.312,-0.3256,-0.3309,-0.3277,-0.3151,-0.2917,-0.2558,-0.2065,-0.1435,-0.069,0.0121,0.092,0.1612,0.2115,0.2386,0.2433,0.2302,0.2053,0.1743,0.1411,0.1085,0.078
-0.1942,-0.2201,-0.2463,-0.2723,-0.2975,-0.3212,-0.3428,-0.3614,-0.3761,-0.3858,-0.389,-0.3847,-0.3721,-0.3508,-0.3197,-0.2754,-0.2127,-0.1279,-0.0277,0.0611,0.1014,0.0788,0.0133,-0.0649,-0.1369,-0.1954,-0.24,-0.2721,-0.2934,-0.3054,-0.3084,-0.3024,-0.2863,-0.2588,-0.2184,-0.164,-0.0955,-0.0149,0.0724,0.1576,0.2302,0.2809,0.3049,0.3039,0.2836,0.2511,0.2129,0.1733,0.1353,0.1003
