docs/data/wind_grid.json
[{"header":{"la1":42.85,"la2":41.18,"lo1":11.55,"lo2":14.05,"nx":36,"ny":24,"dx":0.07143,"dy":0.07261,"parameterCategory":2,"parameterNumber":2,"parameterNumberName":"eastward_wind","parameterUnit":"m.s-1"},"data":[-0.507,-0.5103,-0.5119,-0.5119,-0.5103,-0.5071,-0.5019,-0.4945,-0.4844,-0.4721,-0.4585,-0.4455,-0.4343,-0.4257,-0.4201,-0.4167,-0.4146,-0.4125,-0.4092,-0.404,-0.3976,-0.3916,-0.3878,-0.3869,-0.3879,-0.3893,-0.39,-0.3895,-0.3879,-0.3854,-0.3823,-0.3789,-0.3753,-0.3717,-0.3683,-0.3649,-0.5234,-0.5283,-0.5311,-0.5318,-0.5307,-0.5281,-0.5236,-0.516,-0.504,-0.4875,-0.4688,-0.4506,-0.4356,-0.425,-0.4189,-0.4164,-0.4157,-0.4146,-0.4108,-0.4028,-0.3914,-0.3807,-0.3755,-0.3769,-0.3818,-0.3866,-0.3894,-0.3899,-0.3885,-0.3858,-0.3822,-0.3783,-0.3743,-0.3703,-0.3665,-0.363,-0.5432,-0.5505,-0.5549,-0.5564,-0.5559,-0.5547,-0.5527,-0.547,-0.5332,-0.5105,-0.4827,-0.4563,-0.4355,-0.4221,-0.4158,-0.4151,-0.4173,-0.4188,-0.4148,-0.4016,-0.3791,-0.3573,-0.3499,-0.3583,-0.3723,-0.3834,-0.3894,-0.3909,-0.3894,-0.3862,-0.382,-0.3775,-0.3729,-0.3685,-0.3643,-0.3605,-0.5675,-0.5786,-0.5854,-0.5874,-0.5868,-0.5877,-0.5922,-0.5941,-0.5809,-0.5468,-0.5023,-0.4618,-0.4325,-0.4154,-0.4094,-0.4121,-0.4197,-0.4266,-0.4248,-0.4039,-0.3573,-0.306,-0.2966,-0.3271,-0.3607,-0.3817,-0.3911,-0.3931,-0.3909,-0.3867,-0.3815,-0.3762,-0.371,-0.3661,-0.3616,-0.3575,-0.5974,-0.6154,-0.6266,-0.6284,-0.6244,-0.626,-0.6441,-0.6702,-0.6653,-0.6067,-0.5282,-0.4645,-0.4235,-0.4023,-0.3972,-0.4054,-0.4222,-0.4399,-0.4461,-0.4214,-0.3317,-0.2032,-0.201,-0.2899,-0.3553,-0.3861,-0.3965,-0.3969,-0.3928,-0.3869,-0.3805,-0.3742,-0.3683,-0.3629,-0.3581,-0.3538,-0.6338,-0.665,-0.6865,-0.688,-0.6718,-0.6643,-0.7016,-0.7893,-0.8185,-0.6975,-0.5526,-0.4574,-0.4043,-0.3791,-0.3752,-0.3907,-0.4216,-0.4568,-0.4779,-0.4685,-0.3627,-0.1351,-0.1488,-0.2958,-0.3743,-0.4018,-0.4065,-0.4021,-0.3946,-0.3863,-0.3784,-0.3711,-0.3646,-0.3588,-0.3537,-0.3492,-0.6748,-0.7303,-0.7792,-0.7872,-0.7401,-0.6936,-0.7278,-0.8937,-0.9891,-0.7595,-0.5428,-0.4287,-0.3703,-0.3413,-0.3361,-0.359,-0.4093,-0.4683,-0.4935,-0.5019,-0.5147,-0.3902,-0.3466,-0.3995,-0.4268,-0.4282,-0.4189,-0.4067,-0.3947,-0.384,-0.3747,-0.3666,-0.3595,-0.3534,-0.3482,-0.3437,-0.7112,-0.8031,-0.9153,-0.9632,-0.8488,-0.7114,-0.6779,-0.7715,-0.8216,-0.6339,-0.4635,-0.3735,-0.3216,-0.2853,-0.2667,-0.2912,-0.3696,-0.466,-0.5285,-0.616,-0.8305,-0.8149,-0.6422,-0.5411,-0.4888,-0.454,-0.4277,-0.4073,-0.3914,-0.3788,-0.3686,-0.3601,-0.3528,-0.3467,-0.3414,-0.337,-0.7245,-0.8412,-1.0303,-1.1765,-0.947,-0.7053,-0.5886,-0.5421,-0.4889,-0.4028,-0.3431,-0.306,-0.2675,-0.2119,-0.1386,-0.1404,-0.2843,-0.4519,-0.6006,-0.8476,-1.3115,-1.2183,-0.8374,-0.6295,-0.524,-0.4634,-0.4253,-0.4,-0.3825,-0.3697,-0.3597,-0.3514,-0.3443,-0.3383,-0.3332,-0.329,-0.702,-0.7953,-0.9253,-1.0005,-0.8264,-0.6474,-0.5073,-0.3833,-0.2368,-0.169,-0.2231,-0.2482,-0.2254,-0.1475,0.0754,0.1945,-0.1751,-0.458,-0.6411,-0.85,-1.1442,-1.0949,-0.8161,-0.6247,-0.5126,-0.4457,-0.4056,-0.3818,-0.3668,-0.3562,-0.3478,-0.3404,-0.3338,-0.3281,-0.3233,-0.3195,-0.6559,-0.708,-0.7408,-0.7121,-0.6905,-0.587,-0.4582,-0.3197,-0.0251,0.1193,-0.1383,-0.2174,-0.2052,-0.1498,0.0446,0.1978,-0.2519,-0.5889,-0.749,-0.7986,-0.8373,-0.8007,-0.6769,-0.5514,-0.4573,-0.3972,-0.3657,-0.3515,-0.3444,-0.3389,-0.3332,-0.3272,-0.3213,-0.3159,-0.3115,-0.3082,-0.6061,-0.637,-0.6606,-0.6773,-0.6518,-0.5386,-0.4542,-0.4117,-0.2102,-0.0497,-0.1772,-0.218,-0.1924,-0.1412,-0.1596,-0.2503,-0.5392,-1.0063,-1.1361,-0.9082,-0.747,-0.6476,-0.5525,-0.4549,-0.3684,-0.3159,-0.3043,-0.3111,-0.3178,-0.3196,-0.3172,-0.3123,-0.3066,-0.3013,-0.2972,-0.2946,-0.5592,-0.5773,-0.5912,-0.5925,-0.556,-0.4897,-0.4659,-0.5103,-0.4331,-0.281,-0.2406,-0.2366,-0.2048,-0.1216,-0.1768,-0.3793,-0.7196,-1.8175,-1.8651,-1.0469,-0.7054,-0.5507,-0.453,-0.3588,-0.2552,-0.1996,-0.2265,-0.2684,-0.2925,-0.3012,-0.3007,-0.2956,-0.2891,-0.2834,-0.2797,-0.2782,-0.5166,-0.5241,-0.5252,-0.5139,-0.4852,-0.4524,-0.4456,-0.469,-0.4225,-0.3053,-0.248,-0.2558,-0.2502,-0.1222,-0.2794,-0.4212,-0.6164,-1.2254,-1.3607,-0.8672,-0.5665,-0.4264,-0.3583,-0.2859,-0.1676,-0.0994,-0.1701,-0.2419,-0.2764,-0.2869,-0.2846,-0.2764,-0.2673,-0.2606,-0.2574,-0.2578,-0.4798,-0.4799,-0.4742,-0.4602,-0.4386,-0.4165,-0.4019,-0.3862,-0.3358,-0.2556,-0.2034,-0.2069,-0.1858,-0.1062,-0.3184,-0.4545,-0.9469,-0.7735,-0.7232,-0.5174,-0.2923,-0.2255,-0.2523,-0.2495,-0.1888,-0.1443,-0.1926,-0.2482,-0.2743,-0.2778,-0.2678,-0.2521,-0.2378,-0.2295,-0.2281,-0.2322,-0.4493,-0.4451,-0.4364,-0.4223,-0.4036,-0.3827,-0.3598,-0.3278,-0.2738,-0.1883,-0.0695,-0.1772,-0.1904,-0.2044,-0.3237,-0.558,-0.8174,-0.608,-0.444,-0.2216,0.1197,0.0581,-0.1436,-0.226,-0.2379,-0.2355,-0.2544,-0.2769,-0.2836,-0.2721,-0.247,-0.2171,-0.1938,-0.1846,-0.1885,-0.2002,-0.4245,-0.418,-0.408,-0.3941,-0.3765,-0.3555,-0.33,-0.2958,-0.2469,-0.1751,-0.0868,-0.1433,-0.1567,-0.1553,-0.2643,-0.3731,-0.429,-0.34,-0.2167,-0.0991,0.1891,0.1089,-0.1119,-0.2203,-0.2688,-0.2939,-0.3094,-0.3135,-0.3007,-0.2677,-0.2167,-0.161,-0.1236,-0.118,-0.1357,-0.1617,-0.4044,-0.3968,-0.3864,-0.3729,-0.3562,-0.3362,-0.3121,-0.2822,-0.2455,-0.2043,-0.1744,-0.1718,-0.1491,-0.143,-0.1746,-0.1931,-0.2256,-0.1056,0.0514,-0.069,-0.0536,-0.0708,-0.1588,-0.2406,-0.3035,-0.3461,-0.3634,-0.3577,-0.3267,-0.2651,-0.1728,-0.0705,-0.0121,-0.0241,-0.0716,-0.1206,-0.3883,-0.3803,-0.3699,-0.357,-0.3416,-0.3235,-0.3025,-0.2783,-0.2519,-0.2263,-0.2068,-0.1936,-0.1772,-0.1468,-0.0232,0.036,-0.1177,-0.0809,-0.0068,-0.0842,-0.1173,-0.1445,-0.1947,-0.2657,-0.3432,-0.3917,-0.402,-0.4094,-0.3661,-0.2701,-0.1249,0.0462,0.1292,0.0774,-0.0132,-0.0875,-0.3754,-0.3673,-0.3573,-0.3453,-0.3314,-0.3155,-0.2976,-0.2783,-0.2584,-0.2396,-0.2232,-0.2078,-0.187,-0.1424,-0.0399,-0.0064,-0.1054,-0.1206,-0.1012,-0.0983,-0.123,-0.1469,-0.1894,-0.2711,-0.3768,-0.424,-0.4293,-0.5022,-0.4274,-0.2898,-0.1137,0.0938,0.1884,0.1145,0.0062,-0.0761,-0.365,-0.3571,-0.3477,-0.3367,-0.3243,-0.3104,-0.2954,-0.2796,-0.2636,-0.2483,-0.2337,-0.2184,-0.1986,-0.168,-0.1295,-0.1184,-0.1382,-0.1405,-0.1228,-0.1138,-0.1096,-0.0904,-0.113,-0.2283,-0.407,-0.6182,-0.8796,-0.7689,-0.4917,-0.3011,-0.152,0.001,0.0816,0.0471,-0.0265,-0.0909,-0.3567,-0.3491,-0.3403,-0.3304,-0.3193,-0.3073,-0.2945,-0.2812,-0.2679,-0.2548,-0.2419,-0.2282,-0.2123,-0.1935,-0.1757,-0.1667,-0.1646,-0.1572,-0.1406,-0.1147,-0.0515,0.0753,0.101,-0.1044,-0.3857,-0.7414,-1.151,-0.8745,-0.3862,-0.2206,-0.1651,-0.0996,-0.0508,-0.0512,-0.0831,-0.1212,-0.3499,-0.3428,-0.3347,-0.3258,-0.3159,-0.3054,-0.2943,-0.283,-0.2716,-0.2602,-0.2488,-0.2371,-0.2246,-0.2117,-0.1998,-0.1905,-0.182,-0.1694,-0.1471,-0.1021,0.0059,0.2149,0.278,0.0051,-0.2993,-0.5619,-0.7005,-0.4222,-0.007,-0.0381,-0.1247,-0.138,-0.1249,-0.1213,-0.1331,-0.1532,-0.3445,-0.3379,-0.3305,-0.3223,-0.3136,-0.3043,-0.2946,-0.2847,-0.2748,-0.2649,-0.2549,-0.2449,-0.2346,-0.2244,-0.2146,-0.2051,-0.1944,-0.1794,-0.1546,-0.1084,-0.0206,0.1021,0.1229,-0.0396,-0.2391,-0.3808,-0.393,-0.1899,0.0479,-0.0008,-0.1067,-0.1506,-0.1598,-0.1621,-0.1685,-0.1797]},{"header":{"la1":42.85,"la2":41.18,"lo1":11.55,"lo2":14.05,"nx":36,"ny":24,"dx":0.07143,"dy":0.07261,"parameterCategory":2,"parameterNumber":3,"parameterNumberName":"northward_wind","parameterUnit":"m.s-1"},"data":[-0.6586,-0.6563,-0.6521,-0.6456,-0.6368,-0.626,-0.6135,-0.5996,-0.5842,-0.5668,-0.5467,-0.5227,-0.4942,-0.4611,-0.4235,-0.3823,-0.3393,-0.2967,-0.2572,-0.2235,-0.1978,-0.182,-0.1775,-0.1837,-0.1977,-0.2162,-0.2363,-0.2562,-0.275,-0.2923,-0.308,-0.3223,-0.3352,-0.3469,-0.3575,-0.3672,-0.6732,-0.6719,-0.6679,-0.661,-0.6512,-0.6388,-0.6246,-0.6096,-0.5939,-0.577,-0.557,-0.5323,-0.5015,-0.464,-0.4199,-0.37,-0.3165,-0.2629,-0.2132,-0.171,-0.1387,-0.1197,-0.1174,-0.1311,-0.1554,-0.1838,-0.212,-0.2381,-0.2615,-0.2822,-0.3004,-0.3166,-0.331,-0.3439,-0.3555,-0.3659,-0.6897,-0.6896,-0.6862,-0.6788,-0.667,-0.6516,-0.634,-0.6167,-0.6011,-0.5861,-0.5684,-0.5444,-0.512,-0.4702,-0.4187,-0.3577,-0.2897,-0.2205,-0.1573,-0.1048,-0.0633,-0.0376,-0.0384,-0.0661,-0.1073,-0.15,-0.1885,-0.2217,-0.2498,-0.2738,-0.2945,-0.3125,-0.3282,-0.3422,-0.3546,-0.3656,-0.7082,-0.7103,-0.7081,-0.7,-0.6851,-0.664,-0.6392,-0.6161,-0.6003,-0.591,-0.5799,-0.5596,-0.5271,-0.4816,-0.4219,-0.3471,-0.2586,-0.165,-0.0832,-0.0227,0.0287,0.0711,0.0665,0.0114,-0.0575,-0.1188,-0.1687,-0.2087,-0.2412,-0.2681,-0.2907,-0.3102,-0.327,-0.3418,-0.3549,-0.3666,-0.7289,-0.7348,-0.7353,-0.7271,-0.7077,-0.6767,-0.6364,-0.5971,-0.579,-0.5849,-0.5904,-0.5787,-0.5483,-0.5005,-0.4337,-0.3431,-0.2249,-0.0883,0.0271,0.0804,0.1228,0.2025,0.1925,0.0864,-0.0181,-0.0974,-0.1564,-0.2015,-0.2369,-0.2656,-0.2896,-0.31,-0.3277,-0.3431,-0.3568,-0.3688,-0.7515,-0.7641,-0.7707,-0.7644,-0.7399,-0.6949,-0.6264,-0.5434,-0.5115,-0.5601,-0.6023,-0.6045,-0.5775,-0.53,-0.46,-0.3564,-0.2022,0.0117,0.2182,0.2357,0.1798,0.2665,0.2507,0.1108,-0.0083,-0.0932,-0.1549,-0.2013,-0.2375,-0.2669,-0.2913,-0.3122,-0.3304,-0.3463,-0.3603,-0.3726,-0.7744,-0.7979,-0.8182,-0.8192,-0.7884,-0.73,-0.635,-0.4848,-0.4156,-0.5438,-0.6313,-0.6422,-0.6165,-0.5726,-0.508,-0.4037,-0.2276,0.0608,0.4203,0.4046,0.1915,0.1715,0.1502,0.0606,-0.0326,-0.1073,-0.1643,-0.2082,-0.2431,-0.2717,-0.296,-0.3169,-0.3352,-0.3513,-0.3656,-0.378,-0.7925,-0.8308,-0.8791,-0.9009,-0.8535,-0.7853,-0.7072,-0.5892,-0.5355,-0.6416,-0.7038,-0.6961,-0.664,-0.6285,-0.5847,-0.4997,-0.334,-0.0744,0.2042,0.2334,0.1684,0.1376,0.0737,0.0006,-0.0713,-0.1327,-0.1817,-0.2209,-0.2528,-0.2798,-0.3032,-0.3238,-0.3422,-0.3585,-0.3728,-0.3854,-0.7978,-0.8436,-0.9255,-0.993,-0.8988,-0.8312,-0.8141,-0.804,-0.8183,-0.8456,-0.8195,-0.7611,-0.7129,-0.6933,-0.7018,-0.6623,-0.4944,-0.273,-0.0735,0.0766,0.2595,0.2204,0.0595,-0.0419,-0.1106,-0.1627,-0.2037,-0.237,-0.2653,-0.2901,-0.3126,-0.333,-0.3515,-0.3679,-0.3824,-0.3949,-0.786,-0.8133,-0.858,-0.8871,-0.8159,-0.8379,-0.9083,-0.9913,-1.1018,-1.1223,-0.9637,-0.8209,-0.75,-0.7475,-0.8687,-0.942,-0.6447,-0.4,-0.2211,-0.0417,0.151,0.1343,-0.0004,-0.0928,-0.1522,-0.1946,-0.2273,-0.2545,-0.2789,-0.3019,-0.3238,-0.3443,-0.3632,-0.38,-0.3947,-0.407,-0.7666,-0.7632,-0.719,-0.5825,-0.615,-0.829,-0.9999,-1.1357,-1.3743,-1.5022,-1.0827,-0.8488,-0.7682,-0.7623,-0.8572,-0.95,-0.6306,-0.4285,-0.3064,-0.1903,-0.0876,-0.0635,-0.1044,-0.1541,-0.1949,-0.2258,-0.2497,-0.2708,-0.2921,-0.3142,-0.3364,-0.358,-0.3779,-0.3955,-0.4103,-0.4223,-0.7541,-0.7412,-0.6889,-0.588,-0.6366,-0.8897,-1.1221,-1.2609,-1.3041,-1.3188,-1.0192,-0.8301,-0.7807,-0.8223,-0.7506,-0.61,-0.4671,-0.3955,-0.3538,-0.2754,-0.2061,-0.1742,-0.1789,-0.2033,-0.2316,-0.2531,-0.2682,-0.2839,-0.3037,-0.3266,-0.3509,-0.3748,-0.3967,-0.4154,-0.4305,-0.4418,-0.7521,-0.7491,-0.7353,-0.7298,-0.8035,-0.9847,-1.2148,-1.4038,-1.2982,-1.0882,-0.9021,-0.8071,-0.7782,-0.8568,-0.733,-0.381,-0.2783,-0.418,-0.4249,-0.2969,-0.2313,-0.2034,-0.2056,-0.2287,-0.2586,-0.2753,-0.2806,-0.2922,-0.3129,-0.3393,-0.368,-0.3963,-0.4215,-0.4419,-0.4569,-0.4667,-0.754,-0.7627,-0.775,-0.8051,-0.8765,-0.9996,-1.1586,-1.2956,-1.2154,-0.9782,-0.8283,-0.8193,-0.819,-0.6772,-0.4085,0.0465,0.0372,-0.2103,-0.3053,-0.2402,-0.186,-0.1677,-0.1893,-0.2306,-0.2738,-0.2898,-0.2857,-0.296,-0.3207,-0.3537,-0.3902,-0.4257,-0.456,-0.4783,-0.4921,-0.4987,-0.7536,-0.7683,-0.7891,-0.8229,-0.8764,-0.9494,-1.0263,-1.0623,-0.9905,-0.8522,-0.7594,-0.7266,-0.672,-0.6022,-0.2742,0.1895,0.7253,0.1187,-0.1327,-0.1357,-0.0438,-0.0421,-0.1283,-0.2076,-0.2609,-0.281,-0.2818,-0.2962,-0.328,-0.3717,-0.4209,-0.4682,-0.5062,-0.5301,-0.5401,-0.54,-0.7486,-0.7642,-0.7843,-0.8112,-0.8455,-0.8825,-0.909,-0.9022,-0.8465,-0.7644,-0.7057,-0.6965,-0.6824,-0.5959,-0.3465,0.0945,0.4845,0.0727,-0.136,-0.0417,0.2964,0.2139,-0.0442,-0.1738,-0.2288,-0.2502,-0.262,-0.2867,-0.3324,-0.3947,-0.4655,-0.5331,-0.5827,-0.6056,-0.6055,-0.5922,-0.7395,-0.7531,-0.7692,-0.7878,-0.8074,-0.8235,-0.8282,-0.8129,-0.7764,-0.7324,-0.7045,-0.7131,-0.8379,-0.8736,-0.5178,-0.2632,-0.1495,-0.2552,-0.3391,-0.132,0.3388,0.237,-0.0463,-0.1657,-0.1969,-0.1955,-0.2053,-0.2513,-0.3276,-0.4232,-0.5314,-0.6354,-0.7028,-0.7165,-0.6924,-0.6551,-0.7276,-0.7384,-0.75,-0.7617,-0.7718,-0.7773,-0.7744,-0.7608,-0.7387,-0.717,-0.7081,-0.7331,-0.8716,-0.8848,-0.6187,-0.4926,-0.4269,-0.5494,-0.7317,-0.4293,-0.1506,-0.0895,-0.1563,-0.1884,-0.1521,-0.0731,-0.0633,-0.1707,-0.3112,-0.4573,-0.6233,-0.7921,-0.8866,-0.8692,-0.7964,-0.7218,-0.7142,-0.7222,-0.7299,-0.7367,-0.7411,-0.7416,-0.7365,-0.7256,-0.7111,-0.698,-0.6922,-0.701,-0.7211,-0.6917,-0.6503,-0.6536,-0.5432,-0.5858,-0.6652,-0.5347,-0.3921,-0.2977,-0.2643,-0.2217,-0.0945,0.1576,0.2121,-0.0705,-0.305,-0.4953,-0.7218,-0.9835,-1.1111,-1.0305,-0.8899,-0.7756,-0.7005,-0.7061,-0.7108,-0.7142,-0.7154,-0.7134,-0.7076,-0.6985,-0.6873,-0.6764,-0.668,-0.6623,-0.6536,-0.6352,-0.6361,-0.6335,-0.5623,-0.5486,-0.5788,-0.5918,-0.4823,-0.3974,-0.3458,-0.2779,-0.129,0.1796,0.2506,-0.1433,-0.3617,-0.5312,-0.7605,-1.0604,-1.2029,-1.0891,-0.9218,-0.7949,-0.6871,-0.6907,-0.6933,-0.6944,-0.6936,-0.6903,-0.6844,-0.6761,-0.6661,-0.6555,-0.6449,-0.6338,-0.6203,-0.6054,-0.5939,-0.5763,-0.5467,-0.5336,-0.5463,-0.5444,-0.4939,-0.4564,-0.4264,-0.3688,-0.2916,-0.271,-0.4503,-0.4644,-0.4778,-0.5634,-0.713,-0.9221,-1.0401,-0.986,-0.8723,-0.7733,-0.6744,-0.6764,-0.6774,-0.677,-0.675,-0.671,-0.6649,-0.657,-0.6476,-0.6371,-0.6257,-0.6132,-0.5992,-0.5843,-0.569,-0.5516,-0.5332,-0.521,-0.5164,-0.5094,-0.5032,-0.524,-0.5271,-0.4644,-0.4227,-0.4981,-0.6735,-0.6067,-0.5761,-0.6023,-0.6582,-0.7582,-0.834,-0.8337,-0.785,-0.727,-0.6624,-0.6633,-0.6631,-0.6617,-0.6589,-0.6545,-0.6484,-0.6408,-0.6317,-0.6215,-0.6102,-0.5977,-0.5842,-0.5698,-0.5549,-0.5395,-0.5249,-0.5134,-0.5061,-0.504,-0.519,-0.5697,-0.587,-0.5175,-0.4786,-0.5134,-0.5756,-0.6056,-0.6633,-0.6509,-0.6389,-0.6708,-0.7094,-0.7217,-0.7064,-0.6776,-0.6514,-0.6514,-0.6504,-0.6483,-0.645,-0.6403,-0.6342,-0.6268,-0.6182,-0.6084,-0.5976,-0.5857,-0.5731,-0.5598,-0.5462,-0.5327,-0.5202,-0.51,-0.5035,-0.5034,-0.5164,-0.5434,-0.5491,-0.5165,-0.4965,-0.5126,-0.5526,-0.6124,-0.6736,-0.6579,-0.6295,-0.631,-0.6457,-0.6542,-0.6501,-0.6364]}]