docs/data/wind_grid.json
[{"header":{"la1":42.85,"la2":41.18,"lo1":11.55,"lo2":14.05,"nx":36,"ny":24,"dx":0.07143,"dy":0.07261,"parameterCategory":2,"parameterNumber":2,"parameterNumberName":"eastward_wind","parameterUnit":"m.s-1"},"data":[2.4979,2.5281,2.5613,2.5967,2.6325,2.6656,2.6918,2.7067,2.7075,2.6943,2.6705,2.6413,2.6119,2.5856,2.5642,2.5478,2.5348,2.5224,2.5067,2.4847,2.4545,2.4167,2.3733,2.3267,2.2795,2.2336,2.1903,2.1505,2.1147,2.083,2.0553,2.0315,2.0111,1.9938,1.9793,1.9671,2.5058,2.5413,2.5821,2.6279,2.6768,2.7248,2.7651,2.7894,2.7911,2.7699,2.7326,2.689,2.6478,2.614,2.5899,2.5752,2.5674,2.5616,2.5513,2.5303,2.4959,2.4496,2.3955,2.3382,2.2812,2.2269,2.177,2.1322,2.0928,2.0588,2.0299,2.0056,1.9853,1.9686,1.9548,1.9435,2.5092,2.55,2.5993,2.658,2.7254,2.797,2.8624,2.9051,2.9095,2.8733,2.8112,2.7434,2.6842,2.6402,2.6132,2.6025,2.6049,2.6128,2.6138,2.5955,2.5534,2.4926,2.4221,2.3494,2.2795,2.215,2.1574,2.1071,2.0643,2.0284,1.9988,1.9747,1.9551,1.9395,1.9271,1.9172,2.506,2.5512,2.6088,2.6824,2.7742,2.8825,2.9938,3.0761,3.0887,3.0218,2.9119,2.8031,2.7177,2.6604,2.6306,2.6273,2.648,2.6827,2.7075,2.6943,2.6356,2.5482,2.4516,2.3576,2.2714,2.1948,2.1287,2.0729,2.0271,1.9901,1.9608,1.9378,1.92,1.9063,1.8958,1.888,2.494,2.541,2.6048,2.6924,2.8127,2.973,3.1665,3.3384,3.377,3.2403,3.0351,2.8612,2.7417,2.6694,2.637,2.644,2.6938,2.7796,2.8556,2.8491,2.7506,2.6138,2.4785,2.3572,2.2517,2.1618,2.087,2.0263,1.9786,1.942,1.9145,1.8942,1.8793,1.8686,1.861,1.8558,2.471,2.5155,2.5798,2.6754,2.8198,3.0382,3.355,3.7172,3.8335,3.5327,3.1553,2.899,2.7471,2.6614,2.6252,2.6415,2.7272,2.8966,3.0769,3.0723,2.8851,2.6714,2.4892,2.3387,2.2134,2.11,2.027,1.963,1.9155,1.8818,1.8586,1.843,1.8328,1.8263,1.8225,1.8206,2.4361,2.4716,2.5272,2.6183,2.7688,3.0173,3.4291,4.0195,4.2702,3.7267,3.1877,2.8898,2.727,2.6322,2.5866,2.6022,2.7099,2.9521,3.2539,3.2404,2.9527,2.6783,2.4638,2.2908,2.1476,2.0315,1.9418,1.8772,1.8339,1.8071,1.7917,1.7838,1.7804,1.7797,1.7806,1.7827,2.3901,2.4086,2.4429,2.5122,2.6445,2.8692,3.223,3.6983,3.8854,3.4698,3.0666,2.8326,2.6888,2.583,2.5079,2.5038,2.6086,2.8245,3.0707,3.0716,2.8457,2.603,2.3908,2.2046,2.0443,1.9151,1.8211,1.7612,1.7288,1.7155,1.7133,1.7167,1.7225,1.7291,1.7357,1.7424,2.3373,2.3304,2.3272,2.3545,2.4562,2.6442,2.8817,3.1058,3.1854,3.0788,2.9157,2.7748,2.6602,2.5264,2.3555,2.2972,2.4442,2.6371,2.7728,2.7814,2.6628,2.4819,2.2796,2.0757,1.89,1.7435,1.6489,1.6039,1.5945,1.605,1.6234,1.6429,1.6605,1.6756,1.6885,1.7001,2.2859,2.2494,2.192,2.1461,2.2194,2.4253,2.6309,2.809,2.974,3.0134,2.8779,2.7593,2.6834,2.525,2.0863,1.8612,2.2866,2.5744,2.6846,2.6675,2.5552,2.3747,2.1474,1.8963,1.6595,1.4843,1.398,1.3895,1.4256,1.4763,1.525,1.5652,1.5964,1.6205,1.6398,1.6561,2.2473,2.1906,2.0862,1.9497,1.9943,2.2707,2.4696,2.6594,3.1042,3.3152,2.9079,2.7691,2.796,2.7651,2.2565,1.881,2.3993,2.7294,2.8287,2.7352,2.5459,2.3018,1.9998,1.6463,1.3015,1.0734,1.022,1.0995,1.2215,1.3356,1.4246,1.4886,1.5334,1.5656,1.5902,1.6107,2.2287,2.1758,2.0833,1.9692,2.0141,2.2337,2.3359,2.3737,2.7234,3.0026,2.7735,2.7525,2.9586,3.3195,3.0764,2.683,2.7956,3.2061,3.2831,2.9468,2.5967,2.2544,1.8384,1.2981,0.7215,0.3898,0.4551,0.7271,0.9986,1.2003,1.3345,1.4202,1.4748,1.5117,1.5395,1.5632,2.2254,2.1924,2.1481,2.1177,2.1602,2.2447,2.2543,2.1818,2.2895,2.5,2.5719,2.7163,2.8984,3.4804,3.2982,2.8719,3.034,3.959,3.9647,3.1326,2.6305,2.2271,1.6997,0.8803,-0.1647,-0.7026,-0.3105,0.3341,0.811,1.1027,1.2712,1.3667,1.4221,1.458,1.486,1.512,2.2263,2.2104,2.1959,2.1946,2.2161,2.2415,2.2388,2.2126,2.2396,2.2991,2.3778,2.7398,2.8338,2.2815,2.6374,2.715,2.9102,3.4472,3.5082,2.9708,2.6048,2.262,1.6942,0.6502,-0.9366,-1.7455,-0.8796,0.1396,0.7549,1.0814,1.2478,1.3301,1.372,1.3994,1.4251,1.4539,2.2238,2.2164,2.2114,2.2123,2.2187,2.2231,2.2173,2.2013,2.1657,2.0753,1.9896,2.0632,2.0761,1.6459,2.2496,2.6494,2.9255,2.8199,2.7965,2.7113,2.686,2.4835,1.9211,0.956,-0.4023,-1.1252,-0.4594,0.387,0.8965,1.1509,1.2617,1.3002,1.312,1.3245,1.3487,1.3842,2.216,2.211,2.2069,2.2038,2.1999,2.1908,2.1701,2.1261,2.0273,1.8092,1.4478,1.3543,1.5972,1.8477,2.0889,2.4646,2.7296,2.5033,2.4131,2.6337,3.1704,2.9724,2.2486,1.5082,0.7892,0.4151,0.5976,0.9477,1.1811,1.2793,1.2866,1.2504,1.2162,1.2134,1.245,1.2978,2.2039,2.1985,2.1923,2.1845,2.1728,2.1532,2.1187,2.0564,1.9415,1.736,1.4708,1.4874,1.4729,1.4726,1.8367,2.0545,2.1384,1.9886,1.9004,2.3523,3.2155,3.0075,2.3287,1.8513,1.5591,1.4641,1.4965,1.5209,1.4912,1.4089,1.2798,1.1363,1.0428,1.0389,1.1031,1.1935,2.1894,2.1825,2.1738,2.1619,2.1448,2.119,2.079,2.0168,1.9233,1.799,1.6851,1.6206,1.4671,1.4318,1.5967,1.6431,1.7205,1.4546,1.103,1.7095,2.2641,2.3474,2.1306,1.9671,1.9906,2.1734,2.2234,2.0164,1.7555,1.4981,1.2067,0.9086,0.7446,0.783,0.9276,1.082,2.1738,2.1653,2.1544,2.1398,2.1198,2.0918,2.0526,1.9987,1.929,1.8493,1.7737,1.704,1.6236,1.5401,1.2615,1.1309,1.4828,1.4026,1.2356,1.4875,1.7444,1.8829,1.8954,1.9613,2.2569,2.8187,2.9425,2.3949,1.9277,1.5426,1.0923,0.5913,0.3557,0.5028,0.7682,0.9948,2.1581,2.1484,2.1359,2.1198,2.0988,2.0712,2.0353,1.9903,1.9367,1.878,1.8184,1.7569,1.6831,1.5588,1.3072,1.2283,1.458,1.4895,1.4093,1.3823,1.5206,1.5835,1.6339,1.82,2.237,2.9092,3.0557,2.3838,1.9492,1.5733,1.0761,0.4652,0.1911,0.4035,0.7227,0.9739,2.1431,2.1324,2.1191,2.1024,2.0815,2.0554,2.0233,1.9852,1.9417,1.8944,1.8443,1.7896,1.7233,1.6325,1.5269,1.4925,1.5324,1.523,1.4562,1.4169,1.3582,1.1961,1.178,1.4737,1.9069,2.2009,2.0953,2.0196,1.8641,1.6155,1.2434,0.7684,0.5139,0.615,0.8372,1.0354,2.129,2.1177,2.104,2.0873,2.0671,2.0428,2.0142,1.9812,1.9443,1.9042,1.861,1.8136,1.7597,1.6988,1.6415,1.6065,1.5851,1.543,1.467,1.338,1.0232,0.4523,0.3021,0.9245,1.5583,1.8667,1.8853,1.876,1.7765,1.6555,1.4495,1.1638,0.964,0.9449,1.0347,1.1491,2.116,2.1044,2.0906,2.0743,2.055,2.0325,2.0067,1.9775,1.9453,1.9103,1.8726,1.8317,1.7875,1.7412,1.6965,1.656,1.6117,1.5462,1.4352,1.2171,0.7336,-0.0965,-0.3297,0.5356,1.3111,1.6936,1.8066,1.7728,1.7043,1.6803,1.5752,1.4061,1.2642,1.2056,1.2199,1.2708,2.104,2.0924,2.0788,2.0629,2.0447,2.0238,2.0002,1.974,1.9452,1.9141,1.8806,1.8447,1.8065,1.7665,1.7252,1.6806,1.626,1.5478,1.4216,1.1989,0.8072,0.3052,0.1989,0.6994,1.2436,1.5652,1.695,1.7099,1.6951,1.6826,1.6193,1.5185,1.4254,1.3704,1.3576,1.3746]},{"header":{"la1":42.85,"la2":41.18,"lo1":11.55,"lo2":14.05,"nx":36,"ny":24,"dx":0.07143,"dy":0.07261,"parameterCategory":2,"parameterNumber":3,"parameterNumberName":"northward_wind","parameterUnit":"m.s-1"},"data":[1.5965,1.5515,1.5003,1.4436,1.3836,1.3244,1.2718,1.2317,1.2074,1.197,1.1933,1.1867,1.1689,1.135,1.0841,1.0195,0.9488,0.8833,0.8357,0.8158,0.8268,0.8641,0.9191,0.9829,1.0487,1.1124,1.1722,1.2275,1.2786,1.3258,1.3696,1.4105,1.4487,1.4844,1.5177,1.5486,1.5996,1.5481,1.4869,1.4159,1.3372,1.2562,1.1829,1.1297,1.1055,1.1082,1.124,1.1349,1.126,1.0896,1.0243,0.9341,0.8296,0.7292,0.656,0.6291,0.6528,0.716,0.8009,0.892,0.9798,1.0601,1.132,1.1964,1.2543,1.307,1.3554,1.4002,1.4419,1.4806,1.5165,1.5497,1.6087,1.5507,1.4783,1.3892,1.2835,1.1667,1.0549,0.9743,0.9486,0.978,1.0335,1.0781,1.0869,1.0496,0.965,0.837,0.678,0.5164,0.3973,0.3613,0.4142,0.5268,0.6615,0.7926,0.909,1.0087,1.0936,1.167,1.2315,1.2896,1.3425,1.3914,1.4366,1.4786,1.5173,1.5529,1.626,1.5631,1.4801,1.3703,1.228,1.054,0.8683,0.7243,0.6896,0.7759,0.9129,1.0199,1.0585,1.0222,0.9132,0.7325,0.4867,0.2133,0.004,-0.0422,0.0806,0.2897,0.5056,0.692,0.8423,0.9621,1.0591,1.1403,1.2107,1.2736,1.3311,1.3841,1.4333,1.4787,1.5204,1.5585,1.6542,1.59,1.5001,1.3717,1.1873,0.9299,0.6063,0.3094,0.2359,0.4538,0.7605,0.9731,1.0525,1.0164,0.8795,0.6352,0.2626,-0.2164,-0.6183,-0.6681,-0.375,0.0162,0.3526,0.605,0.7887,0.9248,1.0302,1.1166,1.1914,1.2587,1.3208,1.3784,1.4319,1.4812,1.5262,1.5671,1.6949,1.6354,1.5472,1.4111,1.1946,0.8458,0.3088,-0.3306,-0.54,-0.0077,0.6199,0.9716,1.0844,1.039,0.8745,0.5768,0.0657,-0.7396,-1.5424,-1.5614,-0.8978,-0.2256,0.2462,0.5539,0.7575,0.8995,1.0065,1.0944,1.172,1.2436,1.3109,1.374,1.4327,1.4866,1.5354,1.5792,1.7475,1.7003,1.6267,1.5042,1.2911,0.9076,0.2105,-0.8613,-1.3309,-0.307,0.6495,1.0692,1.1658,1.0845,0.8917,0.5856,0.0383,-1.0047,-2.2775,-2.231,-1.1585,-0.2853,0.244,0.5581,0.7529,0.8841,0.9836,1.069,1.1489,1.2261,1.3004,1.3708,1.4361,1.4956,1.5488,1.5957,1.8089,1.781,1.7351,1.6504,1.4883,1.1847,0.6325,-0.2094,-0.5507,0.288,1.0137,1.2888,1.2898,1.1251,0.8735,0.6063,0.2333,-0.5248,-1.514,-1.5442,-0.7484,-0.061,0.3643,0.6141,0.765,0.8667,0.9503,1.0317,1.1163,1.2028,1.2881,1.369,1.4431,1.5094,1.5675,1.6177,1.8727,1.8676,1.8578,1.8256,1.7365,1.5656,1.3219,1.0827,1.0913,1.3697,1.5597,1.5749,1.4375,1.1255,0.6743,0.4087,0.3838,0.1679,-0.2035,-0.2865,-0.0145,0.3112,0.5463,0.6865,0.7658,0.8227,0.8861,0.9681,1.0658,1.1705,1.2737,1.3696,1.4553,1.5299,1.5935,1.6468,1.9309,1.9454,1.9698,1.9898,1.9561,1.8697,1.8206,1.8905,2.1294,2.2451,2.0536,1.8523,1.6206,1.1568,0.1363,-0.3764,0.3076,0.5345,0.4799,0.4468,0.5165,0.6253,0.7018,0.723,0.7104,0.7097,0.7574,0.8572,0.9882,1.1272,1.2587,1.3758,1.4761,1.5601,1.6291,1.685,1.9774,2.001,2.0409,2.0886,2.0785,2.0291,2.0605,2.2183,2.6989,2.9426,2.3762,2.0704,1.8677,1.5258,0.4335,-0.3379,0.4969,0.7013,0.6866,0.7227,0.7841,0.8166,0.7842,0.6759,0.5343,0.4561,0.5104,0.6734,0.8778,1.0763,1.2495,1.3937,1.5108,1.6044,1.6778,1.7346,2.0119,2.0333,2.063,2.092,2.0909,2.0916,2.1317,2.1897,2.4625,2.678,2.3929,2.2213,2.1082,2.0352,1.7542,1.2165,0.9583,0.5443,0.4365,0.7128,0.8972,0.9235,0.7977,0.5109,0.1396,-0.0637,0.0698,0.4005,0.7452,1.0333,1.2592,1.4334,1.567,1.6682,1.7436,1.7986,2.0397,2.0563,2.0743,2.0898,2.1037,2.1266,2.139,2.1056,2.1843,2.3507,2.3792,2.3746,2.3157,2.1517,2.0914,1.7626,1.1411,-0.2212,-0.2599,0.6449,0.9915,1.013,0.7902,0.2487,-0.5655,-0.9983,-0.5907,0.0887,0.6407,1.0318,1.3083,1.5081,1.6537,1.7583,1.8311,1.8799,2.0657,2.0811,2.0975,2.1154,2.137,2.1597,2.166,2.1475,2.2055,2.3669,2.4713,2.502,2.5109,2.5834,2.317,2.0088,1.5637,0.589,0.3902,0.9509,1.1652,1.1267,0.8492,0.11,-1.2203,-1.9484,-1.1037,-0.0463,0.6647,1.1165,1.4191,1.6312,1.7807,1.8818,1.9454,1.9814,2.0915,2.1083,2.1273,2.1494,2.1752,2.2022,2.2262,2.2588,2.3511,2.5164,2.6629,2.7155,2.7527,3.0716,2.5265,2.1492,2.0019,1.704,1.4575,1.4079,1.287,1.1992,1.0195,0.4162,-0.7045,-1.3485,-0.6615,0.2596,0.8963,1.3125,1.6024,1.812,1.9574,2.0468,2.0912,2.105,2.1164,2.1355,2.1576,2.1836,2.2142,2.2502,2.2953,2.3643,2.4872,2.6902,2.9366,3.0881,2.9581,2.818,2.5987,2.2956,2.1204,2.1491,2.0623,1.6513,0.9812,1.0445,1.2095,0.9626,0.4664,0.1854,0.4343,0.8884,1.282,1.5933,1.8491,2.0542,2.1944,2.2624,2.2729,2.2505,2.1395,2.1608,2.1855,2.2148,2.25,2.2934,2.3505,2.4323,2.5554,2.733,2.9201,2.9598,3.0104,3.0169,2.7563,2.5992,2.5715,2.7928,2.8976,2.1509,0.9842,1.1096,1.4498,1.4308,1.2965,1.2494,1.3385,1.4936,1.6793,1.8946,2.1344,2.3611,2.5067,2.5383,2.4898,2.4121,2.1601,2.183,2.2096,2.2411,2.2789,2.3256,2.385,2.463,2.5641,2.6828,2.7879,2.8636,3.0039,3.0405,2.9493,2.955,3.0113,3.6438,4.3462,3.2026,2.1933,1.8597,1.84,1.8077,1.7957,1.854,1.9014,1.9149,1.9864,2.1557,2.4267,2.733,2.9066,2.8698,2.7247,2.5721,2.1778,2.2017,2.2293,2.2616,2.3,2.3461,2.4022,2.4702,2.5497,2.6346,2.7147,2.7908,2.8758,2.972,3.259,3.3917,3.2196,3.6717,4.096,3.638,2.9705,2.4515,2.2002,2.0879,2.0755,2.1517,2.1769,2.1402,2.1792,2.3403,2.6702,3.1107,3.329,3.1834,2.9208,2.6963,2.1924,2.2166,2.2444,2.2764,2.3137,2.3571,2.4078,2.4659,2.5302,2.5975,2.6647,2.7342,2.8175,2.9543,3.2136,3.3077,3.2106,3.4402,3.9187,4.1034,3.3117,2.7233,2.4205,2.2678,2.2099,2.2169,2.2237,2.2441,2.2932,2.4371,2.7635,3.2518,3.4881,3.2927,2.9905,2.747,2.204,2.228,2.2552,2.2861,2.3213,2.3613,2.4063,2.4563,2.5101,2.5665,2.6249,2.688,2.7644,2.8685,2.9919,3.0586,3.0993,3.2702,3.5811,3.6321,3.157,2.7395,2.5232,2.3871,2.3058,2.2993,2.3477,2.3493,2.3742,2.4715,2.6879,3.0236,3.216,3.1175,2.9084,2.7166,2.2129,2.2363,2.2624,2.2917,2.3244,2.3607,2.4006,2.4439,2.4901,2.5384,2.5891,2.644,2.7062,2.7776,2.8493,2.9062,2.9639,3.0559,3.1477,3.0975,2.8601,2.6501,2.5745,2.4753,2.3804,2.3661,2.4036,2.403,2.4534,2.5023,2.5879,2.7459,2.8654,2.8546,2.7566,2.6383,2.2193,2.2418,2.2666,2.2939,2.324,2.3568,2.3922,2.4301,2.47,2.5117,2.5552,2.6012,2.6503,2.7015,2.7508,2.7948,2.8363,2.8757,2.8876,2.8275,2.6997,2.6099,2.6022,2.521,2.4244,2.391,2.4053,2.467,2.5743,2.5599,2.546,2.5944,2.65,2.6592,2.6188,2.5526,2.2235,2.2449,2.2682,2.2936,2.321,2.3506,2.3821,2.4153,2.45,2.4859,2.5228,2.5609,2.5996,2.6379,2.6738,2.7052,2.7306,2.7453,2.7372,2.6955,2.633,2.5916,2.5696,2.5086,2.4398,2.4107,2.429,2.5038,2.5899,2.5682,2.5265,2.5242,2.5387,2.5407,2.5195,2.4804]}]