docs/data/wind_grid.json
{"header": {"la1":42.1,"la2":41.55,"lo1":12.1,"lo2":12.95,"nx":50,"ny":50,"dx":0.01735,"dy":0.01122,"parameterCategory":2,"parameterNumber":3,"parameterNumberName":"northward_wind","parameterUnit":"m.s-1"}, "data":
[rows 0 to 45 of 50, columns 0 to 49 of 50]
1.5275,1.5282,1.5287,1.5293,1.5298,1.5303,1.5307,1.5311,1.5315,1.5317,1.5319,1.5319,1.5317,1.5312,1.5304,1.5291,1.5271,1.5242,1.5203,1.5149,1.5078,1.4986,1.4869,1.4721,1.4539,1.4316,1.4046,1.3724,1.3344,1.2902,1.2395,1.1823,1.1191,1.051,0.9797,0.9078,0.8381,0.774,0.7185,0.6742,0.6426,0.624,0.6179,0.6226,0.6364,0.6571,0.6828,0.7118,0.7425,0.7739
1.5294,1.5301,1.5308,1.5314,1.5321,1.5327,1.5333,1.5338,1.5343,1.5348,1.5352,1.5355,1.5357,1.5356,1.5353,1.5344,1.533,1.5308,1.5274,1.5227,1.5162,1.5075,1.4963,1.4819,1.4639,1.4415,1.4143,1.3814,1.3421,1.296,1.2425,1.1816,1.1136,1.0397,0.9616,0.8823,0.8053,0.7345,0.6736,0.6257,0.5924,0.5743,0.5702,0.5783,0.5962,0.6215,0.6517,0.6849,0.7196,0.7545
1.5312,1.532,1.5328,1.5335,1.5343,1.535,1.5357,1.5364,1.5372,1.5379,1.5385,1.5391,1.5396,1.54,1.5401,1.5398,1.539,1.5374,1.5347,1.5307,1.5249,1.5169,1.5062,1.4923,1.4745,1.4523,1.4249,1.3914,1.3511,1.3032,1.247,1.1823,1.1093,1.0291,0.9436,0.8562,0.7709,0.6924,0.6254,0.5734,0.5386,0.5211,0.5198,0.5319,0.5547,0.5851,0.6203,0.6582,0.6971,0.7357
1.533,1.5339,1.5347,1.5355,1.5364,1.5372,1.5381,1.539,1.5399,1.5408,1.5417,1.5426,1.5435,1.5443,1.5449,1.5451,1.5449,1.544,1.5421,1.5388,1.5338,1.5265,1.5165,1.5032,1.4859,1.4639,1.4364,1.4026,1.3614,1.3118,1.2531,1.1847,1.1065,1.0196,0.9261,0.8296,0.735,0.6479,0.574,0.5176,0.4812,0.4649,0.4668,0.4839,0.5122,0.5484,0.5891,0.6321,0.6754,0.7179
1.5347,1.5357,1.5366,1.5375,1.5384,1.5394,1.5404,1.5414,1.5425,1.5436,1.5447,1.546,1.5472,1.5484,1.5495,1.5504,1.5509,1.5507,1.5496,1.5472,1.543,1.5365,1.5273,1.5146,1.4978,1.4762,1.4489,1.4149,1.3731,1.3222,1.2611,1.1891,1.1058,1.0119,0.9098,0.8033,0.6983,0.6014,0.5196,0.4584,0.4205,0.4058,0.4119,0.4346,0.4693,0.5119,0.5587,0.607,0.655,0.7013
1.5364,1.5374,1.5384,1.5394,1.5404,1.5415,1.5426,1.5437,1.5449,1.5462,1.5477,1.5492,1.5508,1.5524,1.5541,1.5556,1.5568,1.5574,1.5572,1.5557,1.5524,1.5468,1.5384,1.5265,1.5103,1.4893,1.4623,1.4284,1.3862,1.3343,1.2713,1.196,1.1076,1.0067,0.8954,0.7781,0.6614,0.5536,0.463,0.3964,0.357,0.3446,0.3556,0.3849,0.4268,0.4763,0.5295,0.5834,0.6361,0.6864
1.538,1.5391,1.5402,1.5412,1.5423,1.5435,1.5447,1.5459,1.5473,1.5488,1.5504,1.5522,1.5541,1.5562,1.5584,1.5606,1.5625,1.5641,1.5648,1.5643,1.562,1.5574,1.5499,1.5387,1.5233,1.5029,1.4766,1.443,1.4009,1.3484,1.284,1.2057,1.1127,1.0048,0.884,0.7551,0.6255,0.5054,0.405,0.3325,0.2918,0.2823,0.2992,0.3358,0.3856,0.4426,0.5024,0.562,0.6194,0.6735
1.5396,1.5407,1.5418,1.543,1.5441,1.5454,1.5466,1.548,1.5495,1.5511,1.5529,1.555,1.5573,1.5598,1.5625,1.5654,1.5682,1.5706,1.5724,1.573,1.5718,1.5682,1.5616,1.5513,1.5367,1.5171,1.4915,1.4586,1.4169,1.3646,1.2993,1.2189,1.1217,1.0072,0.8769,0.7357,0.5923,0.4585,0.3471,0.2682,0.2264,0.2204,0.2439,0.2888,0.347,0.4118,0.4783,0.5435,0.6054,0.6631
1.5411,1.5423,1.5435,1.5447,1.5459,1.5471,1.5485,1.5499,1.5515,1.5533,1.5553,1.5576,1.5602,1.5631,1.5664,1.5699,1.5736,1.5771,1.58,1.5817,1.5817,1.5792,1.5736,1.5641,1.5504,1.5316,1.5069,1.4751,1.4344,1.3827,1.3175,1.2359,1.1355,1.0151,0.8756,0.7219,0.5638,0.4152,0.2917,0.2058,0.163,0.161,0.1919,0.2456,0.3124,0.385,0.4581,0.5286,0.5947,0.6556
1.5426,1.5438,1.545,1.5463,1.5475,1.5488,1.5502,1.5517,1.5534,1.5553,1.5574,1.5599,1.5628,1.5661,1.57,1.5742,1.5787,1.5833,1.5874,1.5905,1.5918,1.5904,1.5857,1.5771,1.5641,1.5462,1.5227,1.4923,1.4532,1.403,1.3388,1.2572,1.155,1.0298,0.882,0.7161,0.5428,0.3784,0.2418,0.1484,0.1045,0.107,0.1457,0.2083,0.2837,0.3637,0.4429,0.5181,0.5878,0.6514
1.544,1.5453,1.5465,1.5478,1.5491,1.5504,1.5518,1.5534,1.5551,1.557,1.5593,1.5619,1.5651,1.5688,1.5731,1.5781,1.5835,1.5892,1.5947,1.5993,1.602,1.6018,1.5981,1.5901,1.5778,1.5608,1.5386,1.5099,1.473,1.4252,1.3633,1.2832,1.1808,1.0527,0.8981,0.7209,0.5326,0.352,0.2016,0.1,0.055,0.0619,0.1082,0.1793,0.2626,0.3493,0.4336,0.5128,0.5853,0.651
1.5454,1.5467,1.5479,1.5492,1.5505,1.5519,1.5533,1.5549,1.5566,1.5586,1.5609,1.5637,1.567,1.5711,1.5759,1.5815,1.5879,1.5948,1.6018,1.608,1.6123,1.6134,1.6105,1.6031,1.5912,1.575,1.5542,1.5277,1.4937,1.4494,1.3911,1.3142,1.2138,1.0851,0.9259,0.7394,0.5371,0.3405,0.176,0.0659,0.0192,0.03,0.083,0.1614,0.2512,0.3431,0.4314,0.5133,0.5877,0.6545
1.5467,1.548,1.5493,1.5506,1.5519,1.5533,1.5547,1.5562,1.5579,1.5599,1.5623,1.5651,1.5686,1.5729,1.5781,1.5844,1.5917,1.6,1.6086,1.6167,1.6228,1.6253,1.6231,1.6158,1.6041,1.5886,1.5693,1.5453,1.5149,1.4752,1.4222,1.3506,1.2546,1.1281,0.9675,0.7745,0.5605,0.3491,0.1708,0.0518,0.0026,0.0157,0.0735,0.1571,0.2514,0.3465,0.4369,0.5202,0.5953,0.6624
1.548,1.5493,1.5506,1.5519,1.5532,1.5546,1.556,1.5575,1.5591,1.561,1.5633,1.5662,1.5697,1.5742,1.5797,1.5866,1.5949,1.6045,1.6149,1.6252,1.6335,1.6376,1.6359,1.6283,1.6163,1.6011,1.5834,1.5625,1.5366,1.5027,1.4565,1.3924,1.3036,1.1828,1.0245,0.8288,0.6067,0.383,0.192,0.0638,0.0104,0.0235,0.0831,0.1688,0.2645,0.3604,0.451,0.5339,0.6083,0.6747
1.5492,1.5505,1.5519,1.5532,1.5545,1.5558,1.5571,1.5586,1.5601,1.5619,1.5641,1.5669,1.5704,1.5749,1.5807,1.5881,1.5972,1.6081,1.6206,1.6335,1.6445,1.6504,1.6489,1.6403,1.6274,1.6123,1.5963,1.5789,1.5583,1.5315,1.4941,1.4398,1.3611,1.2496,1.0979,0.9043,0.6785,0.4462,0.2445,0.1071,0.0474,0.0569,0.1143,0.198,0.2918,0.3855,0.4738,0.5545,0.627,0.6914
1.5504,1.5517,1.5531,1.5544,1.5557,1.557,1.5582,1.5596,1.561,1.5627,1.5647,1.5673,1.5706,1.5751,1.581,1.5887,1.5985,1.6106,1.6251,1.6411,1.6555,1.6638,1.6621,1.6517,1.6369,1.6217,1.6077,1.5943,1.58,1.5617,1.5347,1.4927,1.4272,1.3286,1.188,1.0017,0.7776,0.5411,0.3315,0.1847,0.1163,0.1179,0.1682,0.2455,0.3333,0.4217,0.5054,0.582,0.651,0.7125
1.5515,1.5529,1.5543,1.5556,1.5568,1.5581,1.5593,1.5605,1.5617,1.5632,1.565,1.5673,1.5704,1.5747,1.5806,1.5883,1.5985,1.6117,1.6281,1.6474,1.6663,1.6778,1.6755,1.6618,1.6444,1.6289,1.6171,1.6086,1.6015,1.5931,1.5785,1.551,1.5015,1.4194,1.2941,1.1199,0.9028,0.6672,0.4525,0.2966,0.2168,0.2061,0.2444,0.3105,0.3885,0.4686,0.5452,0.616,0.6802,0.7376
1.5526,1.554,1.5554,1.5567,1.5579,1.5591,1.5602,1.5613,1.5624,1.5636,1.565,1.567,1.5698,1.5737,1.5793,1.5869,1.5972,1.6108,1.6287,1.6513,1.6758,1.6919,1.6883,1.6696,1.6489,1.6335,1.6246,1.6216,1.6228,1.6256,1.6252,1.6145,1.5836,1.5208,1.4142,1.2562,1.0507,0.8203,0.6036,0.4389,0.3452,0.3183,0.3401,0.3911,0.4559,0.5249,0.5925,0.6559,0.7139,0.7665
1.5537,1.5551,1.5565,1.5578,1.559,1.5602,1.5612,1.5621,1.563,1.5639,1.565,1.5665,1.5687,1.5722,1.5772,1.5844,1.5943,1.6077,1.626,1.6509,1.6813,1.7037,1.6981,1.6729,1.6493,1.635,1.63,1.6335,1.644,1.6594,1.6748,1.6827,1.6725,1.6311,1.5454,1.4059,1.215,0.9929,0.7765,0.6036,0.495,0.4491,0.4514,0.4842,0.5333,0.5891,0.6459,0.7006,0.7517,0.7986
1.5547,1.5562,1.5576,1.5589,1.5601,1.5612,1.5622,1.5629,1.5636,1.5641,1.5648,1.5657,1.5673,1.5701,1.5744,1.5808,1.5899,1.6021,1.6191,1.6435,1.6774,1.7065,1.6989,1.6681,1.6443,1.6332,1.6336,1.6444,1.6652,1.6942,1.7268,1.7549,1.7666,1.7475,1.6831,1.5628,1.3872,1.175,0.9606,0.7807,0.657,0.5914,0.5727,0.5857,0.6177,0.6591,0.7041,0.7493,0.7926,0.8333
1.5557,1.5572,1.5587,1.56,1.5612,1.5623,1.5632,1.5638,1.5642,1.5644,1.5645,1.5648,1.5657,1.5675,1.5709,1.5764,1.5841,1.5944,1.608,1.6273,1.6565,1.6863,1.679,1.6509,1.6332,1.6285,1.6355,1.6545,1.6862,1.7297,1.7805,1.8295,1.8634,1.8662,1.8218,1.719,1.5577,1.3553,1.1441,0.9588,0.8217,0.7374,0.6982,0.6916,0.706,0.7327,0.7655,0.8006,0.8359,0.87
1.5567,1.5582,1.5597,1.5611,1.5624,1.5634,1.5643,1.5648,1.565,1.5648,1.5644,1.5639,1.5638,1.5646,1.5669,1.5711,1.5773,1.5851,1.5938,1.6034,1.6158,1.6298,1.6296,1.6206,1.617,1.6217,1.6365,1.6642,1.7071,1.7654,1.8345,1.9043,1.9595,1.982,1.9547,1.8661,1.7167,1.5234,1.3163,1.128,0.9803,0.8801,0.8225,0.7976,0.7954,0.8076,0.8283,0.8535,0.8806,0.908
1.5576,1.5592,1.5608,1.5622,1.5635,1.5646,1.5655,1.5659,1.5659,1.5654,1.5644,1.563,1.5618,1.5613,1.5624,1.5653,1.57,1.5753,1.5788,1.5774,1.568,1.5569,1.567,1.5852,1.599,1.6142,1.6371,1.6735,1.7274,1.7999,1.8866,1.9757,2.0498,2.0886,2.0742,1.996,1.8558,1.6706,1.469,1.2805,1.1261,1.0137,0.9409,0.9002,0.883,0.8819,0.8912,0.9068,0.9259,0.9467
1.5585,1.5602,1.5618,1.5633,1.5647,1.5659,1.5668,1.5673,1.5672,1.5664,1.5647,1.5624,1.5599,1.5579,1.5574,1.559,1.5624,1.5659,1.5656,1.5564,1.5334,1.51,1.5238,1.5569,1.5835,1.6076,1.638,1.6825,1.7465,1.8318,1.9338,2.0394,2.1284,2.179,2.1731,2.1016,1.9686,1.7916,1.597,1.4116,1.2546,1.1343,1.0501,0.9965,0.9666,0.9538,0.9528,0.9595,0.971,0.9855
1.5594,1.5611,1.5628,1.5644,1.566,1.5673,1.5683,1.5689,1.5688,1.5678,1.5656,1.5622,1.5581,1.5543,1.552,1.5523,1.5548,1.5574,1.5556,1.5436,1.5188,1.4972,1.5088,1.5419,1.5733,1.6033,1.6398,1.6911,1.7634,1.8591,1.9729,2.0904,2.1895,2.247,2.2455,2.1784,2.0519,1.8838,1.6984,1.5193,1.3636,1.2396,1.1479,1.0847,1.0446,1.0219,1.0119,1.0106,1.0152,1.0238
1.5602,1.562,1.5638,1.5656,1.5672,1.5688,1.57,1.5708,1.5709,1.5698,1.5672,1.5627,1.5567,1.5506,1.5462,1.545,1.547,1.5499,1.5487,1.5382,1.5182,1.5027,1.5113,1.5384,1.5692,1.6019,1.6427,1.699,1.7774,1.8799,2.0009,2.1247,2.2283,2.2881,2.2883,2.2248,2.1055,1.9479,1.7738,1.6039,1.453,1.3289,1.2333,1.1637,1.1159,1.0853,1.0677,1.0594,1.0579,1.0611
1.561,1.5629,1.5648,1.5667,1.5685,1.5703,1.5718,1.573,1.5734,1.5726,1.5697,1.5641,1.556,1.5469,1.5397,1.5369,1.5388,1.5429,1.544,1.5373,1.5239,1.5144,1.5209,1.542,1.57,1.6034,1.6465,1.7059,1.7875,1.8928,2.0157,2.1401,2.2429,2.3016,2.3021,2.2425,2.1318,1.9864,1.8257,1.6671,1.5237,1.4027,1.3062,1.233,1.18,1.1434,1.1196,1.1055,1.0987,1.097
1.5617,1.5637,1.5657,1.5678,1.5698,1.5719,1.5738,1.5755,1.5765,1.5762,1.5735,1.567,1.5562,1.5431,1.5324,1.5279,1.5301,1.536,1.5402,1.5383,1.5311,1.5264,1.5321,1.5491,1.5742,1.607,1.6509,1.7114,1.7932,1.8974,2.0173,2.137,2.2347,2.2898,2.2903,2.2358,2.1352,2.0035,1.8573,1.7117,1.5778,1.4622,1.3673,1.2928,1.2366,1.1957,1.1672,1.1484,1.1371,1.1313
1.5624,1.5644,1.5666,1.5688,1.5711,1.5734,1.5758,1.5781,1.58,1.5807,1.5788,1.5718,1.5579,1.5397,1.5244,1.518,1.5209,1.5291,1.5367,1.5392,1.5374,1.5366,1.5426,1.5573,1.5802,1.6118,1.6553,1.715,1.7946,1.8942,2.007,2.1181,2.2077,2.2579,2.2587,2.2102,2.1208,2.0036,1.8727,1.7408,1.6175,1.5088,1.4175,1.3436,1.286,1.2424,1.2105,1.188,1.173,1.1637
1.563,1.5651,1.5673,1.5697,1.5722,1.5749,1.5778,1.5808,1.5837,1.5859,1.5855,1.579,1.562,1.5369,1.5159,1.5081,1.5123,1.5228,1.5333,1.5397,1.5421,1.5446,1.5515,1.5652,1.5865,1.617,1.6591,1.7166,1.7919,1.8845,1.9875,2.0876,2.1676,2.2124,2.2137,2.1717,2.0939,1.9912,1.8755,1.7574,1.6453,1.5446,1.4579,1.3862,1.3285,1.2835,1.2494,1.2242,1.2062,1.194
1.5635,1.5657,1.568,1.5705,1.5732,1.5762,1.5795,1.5833,1.5873,1.5912,1.5932,1.5883,1.569,1.536,1.5086,1.5,1.5058,1.5181,1.5306,1.5397,1.5453,1.5505,1.5586,1.5721,1.5925,1.6217,1.6619,1.7161,1.7859,1.8699,1.9617,2.0499,2.1199,2.1592,2.1611,2.1258,2.0591,1.9703,1.8691,1.7644,1.6635,1.5711,1.49,1.4213,1.3648,1.3195,1.284,1.2569,1.2367,1.2221
1.5639,1.5661,1.5685,1.5711,1.574,1.5772,1.581,1.5853,1.5904,1.5959,1.6004,1.5984,1.5785,1.5386,1.5055,1.4964,1.5031,1.516,1.5292,1.5397,1.5476,1.5548,1.5641,1.5778,1.5976,1.6255,1.6635,1.7138,1.7772,1.8521,1.9326,2.0089,2.0692,2.1034,2.1058,2.0765,2.0202,1.9441,1.8563,1.7643,1.674,1.59,1.5149,1.45,1.3954,1.3505,1.3146,1.2863,1.2645,1.2481
1.5642,1.5665,1.5689,1.5716,1.5746,1.578,1.582,1.5867,1.5924,1.5991,1.6054,1.6058,1.5874,1.5451,1.5094,1.4992,1.505,1.5168,1.5294,1.5403,1.5494,1.5581,1.5683,1.5823,1.6016,1.6282,1.6637,1.7098,1.7667,1.8325,1.9022,1.9674,2.0188,2.0482,2.0511,2.0271,1.9799,1.9152,1.8395,1.7589,1.6788,1.6029,1.5339,1.473,1.4209,1.3772,1.3414,1.3125,1.2897,1.272
1.5644,1.5667,1.5692,1.5719,1.5749,1.5784,1.5825,1.5873,1.5932,1.6001,1.6067,1.6078,1.5914,1.5531,1.5193,1.5075,1.5107,1.5202,1.5312,1.5417,1.5512,1.5607,1.5716,1.5857,1.6045,1.6297,1.6627,1.7045,1.7551,1.8124,1.8721,1.9275,1.971,1.9961,1.9991,1.9796,1.9402,1.8853,1.8202,1.75,1.6791,1.6109,1.5479,1.4914,1.4421,1.4,1.3648,1.3358,1.3124,1.2938
1.5645,1.5668,1.5693,1.572,1.575,1.5784,1.5824,1.5871,1.5927,1.599,1.6045,1.6045,1.59,1.5592,1.5306,1.5182,1.5185,1.5251,1.5342,1.5437,1.5531,1.5629,1.5742,1.5882,1.6065,1.6302,1.6606,1.6983,1.7428,1.7925,1.8434,1.8901,1.9268,1.9481,1.951,1.9351,1.9023,1.8558,1.8,1.7389,1.6763,1.6152,1.5579,1.5058,1.4595,1.4193,1.3851,1.3564,1.3328,1.3136
1.5645,1.5668,1.5692,1.5719,1.5748,1.5781,1.5819,1.5862,1.5911,1.5962,1.5999,1.5984,1.5858,1.5625,1.5402,1.5284,1.5266,1.5308,1.5379,1.5462,1.5552,1.5649,1.5762,1.5901,1.6076,1.6299,1.6577,1.6914,1.7305,1.7733,1.8166,1.8559,1.8866,1.9046,1.9074,1.8944,1.8668,1.8275,1.7795,1.7264,1.6713,1.6167,1.5648,1.5168,1.4736,1.4355,1.4026,1.3745,1.351,1.3315
1.5644,1.5666,1.569,1.5716,1.5744,1.5774,1.5809,1.5847,1.5887,1.5925,1.5944,1.5917,1.5812,1.5639,1.5471,1.5369,1.5341,1.5365,1.5419,1.5491,1.5574,1.5668,1.5779,1.5914,1.608,1.6287,1.654,1.6841,1.7184,1.7552,1.7919,1.825,1.8507,1.8658,1.8682,1.8574,1.8343,1.8008,1.7595,1.7133,1.6647,1.6161,1.5691,1.5252,1.485,1.4491,1.4176,1.3904,1.3672,1.3476
1.5642,1.5664,1.5687,1.5711,1.5737,1.5766,1.5796,1.5828,1.586,1.5885,1.5891,1.5858,1.5772,1.5644,1.5518,1.5435,1.5404,1.5417,1.5459,1.552,1.5596,1.5686,1.5793,1.5922,1.6079,1.627,1.65,1.6767,1.7066,1.7382,1.7693,1.7971,1.8186,1.8312,1.8333,1.8242,1.8046,1.776,1.7404,1.7001,1.6573,1.6139,1.5715,1.5313,1.4941,1.4604,1.4305,1.4042,1.3815,1.3622
1.5639,1.566,1.5682,1.5705,1.5729,1.5755,1.5781,1.5807,1.5831,1.5846,1.5843,1.581,1.5741,1.5645,1.5551,1.5484,1.5456,1.5462,1.5496,1.5549,1.5618,1.5703,1.5804,1.5926,1.6073,1.6249,1.6456,1.6693,1.6954,1.7225,1.7489,1.7723,1.7902,1.8007,1.8023,1.7945,1.7778,1.7532,1.7224,1.6872,1.6494,1.6106,1.5723,1.5356,1.5013,1.4698,1.4414,1.4163,1.3943,1.3752
1.5636,1.5656,1.5676,1.5698,1.572,1.5743,1.5765,1.5786,1.5803,1.5811,1.5803,1.5772,1.5716,1.5644,1.5573,1.5521,1.5497,1.5501,1.5529,1.5576,1.5639,1.5718,1.5813,1.5928,1.6064,1.6225,1.6411,1.6621,1.6848,1.7081,1.7305,1.7501,1.7651,1.7737,1.7748,1.7681,1.7536,1.7324,1.7056,1.6747,1.6412,1.6066,1.572,1.5385,1.5069,1.4775,1.4508,1.4267,1.4055,1.3869
1.5632,1.5651,1.567,1.569,1.571,1.573,1.5749,1.5766,1.5777,1.578,1.577,1.5743,1.5698,1.5643,1.559,1.555,1.5531,1.5534,1.5558,1.56,1.5658,1.5731,1.582,1.5926,1.6052,1.6199,1.6366,1.6551,1.6748,1.6949,1.7139,1.7304,1.7428,1.7498,1.7506,1.7445,1.732,1.7135,1.69,1.6628,1.6331,1.6021,1.5709,1.5403,1.5111,1.4838,1.4586,1.4358,1.4154,1.3973
1.5627,1.5645,1.5663,1.5681,1.57,1.5717,1.5733,1.5746,1.5754,1.5754,1.5743,1.572,1.5684,1.5642,1.5602,1.5572,1.5558,1.5561,1.5583,1.5621,1.5674,1.5742,1.5824,1.5923,1.6038,1.6171,1.632,1.6484,1.6655,1.6827,1.6989,1.7127,1.723,1.7287,1.729,1.7236,1.7125,1.6963,1.6756,1.6516,1.6251,1.5973,1.5691,1.5412,1.5143,1.4889,1.4653,1.4436,1.4241,1.4066
1.5621,1.5639,1.5656,1.5673,1.5689,1.5704,1.5718,1.5728,1.5733,1.5732,1.5722,1.5702,1.5674,1.5641,1.5611,1.5589,1.5579,1.5584,1.5604,1.5639,1.5688,1.5751,1.5827,1.5917,1.6023,1.6142,1.6276,1.6419,1.6569,1.6716,1.6853,1.697,1.7055,1.71,1.71,1.705,1.6951,1.6807,1.6625,1.6411,1.6175,1.5924,1.5668,1.5414,1.5166,1.493,1.4709,1.4504,1.4317,1.4149
1.5616,1.5632,1.5648,1.5663,1.5678,1.5692,1.5703,1.5711,1.5715,1.5713,1.5704,1.5687,1.5665,1.564,1.5618,1.5602,1.5596,1.5602,1.5622,1.5654,1.5699,1.5757,1.5827,1.591,1.6006,1.6114,1.6232,1.6358,1.6488,1.6615,1.6731,1.6828,1.6899,1.6934,1.693,1.6884,1.6795,1.6667,1.6504,1.6313,1.6101,1.5876,1.5643,1.541,1.5182,1.4963,1.4755,1.4562,1.4384,1.4222
1.561,1.5625,1.564,1.5654,1.5668,1.5679,1.5689,1.5696,1.5699,1.5697,1.5689,1.5676,1.5658,1.564,1.5623,1.5612,1.5609,1.5617,1.5636,1.5666,1.5708,1.5761,1.5826,1.5901,1.5988,1.6085,1.619,1.63,1.6413,1.6522,1.662,1.6702,1.6759,1.6786,1.6779,1.6735,1.6655,1.654,1.6394,1.6223,1.6032,1.5828,1.5616,1.5403,1.5192,1.4988,1.4794,1.4612,1.4443,1.4288
1.5603,1.5618,1.5632,1.5645,1.5657,1.5668,1.5676,1.5682,1.5684,1.5682,1.5676,1.5666,1.5653,1.5639,1.5627,1.562,1.562,1.5629,1.5647,1.5676,1.5714,1.5763,1.5822,1.5891,1.5969,1.6056,1.6149,1.6246,1.6343,1.6436,1.652,1.6587,1.6634,1.6654,1.6644,1.6603,1.6529,1.6425,1.6293,1.6139,1.5966,1.5781,1.5588,1.5392,1.5198,1.5008,1.4827,1.4655,1.4494,1.4346
