docs/data/wind_grid.json
[{"header":{"la1":42.85,"la2":41.18,"lo1":11.55,"lo2":14.05,"nx":36,"ny":24,"dx":0.07143,"dy":0.07261,"parameterCategory":2,"parameterNumber":2,"parameterNumberName":"eastward_wind","parameterUnit":"m.s-1"},"data":[-0.588,-0.5909,-0.5945,-0.5988,-0.6038,-0.6096,-0.6162,-0.6238,-0.6333,-0.6463,-0.6653,-0.6926,-0.7296,-0.7743,-0.8192,-0.8519,-0.8608,-0.8433,-0.8074,-0.7642,-0.7219,-0.6844,-0.6526,-0.6263,-0.6045,-0.5865,-0.5715,-0.5589,-0.5484,-0.5395,-0.532,-0.5257,-0.5204,-0.5159,-0.5122,-0.5091,-0.5881,-0.5912,-0.5951,-0.6,-0.6058,-0.6125,-0.6198,-0.6275,-0.6364,-0.6487,-0.6688,-0.702,-0.7527,-0.8212,-0.8971,-0.9555,-0.9692,-0.9339,-0.8706,-0.8029,-0.7432,-0.6946,-0.6561,-0.6257,-0.6016,-0.5821,-0.5663,-0.5532,-0.5424,-0.5334,-0.5259,-0.5197,-0.5145,-0.5102,-0.5067,-0.5039,-0.5881,-0.5914,-0.5957,-0.6013,-0.6085,-0.617,-0.626,-0.6343,-0.6414,-0.6504,-0.6681,-0.7047,-0.7705,-0.8727,-1.002,-1.1107,-1.1311,-1.056,-0.9433,-0.8397,-0.759,-0.6991,-0.6548,-0.6214,-0.5956,-0.5753,-0.559,-0.5458,-0.535,-0.5261,-0.5188,-0.5128,-0.5078,-0.5038,-0.5006,-0.4981,-0.5879,-0.5912,-0.596,-0.6026,-0.6117,-0.6236,-0.637,-0.6483,-0.6532,-0.6541,-0.6627,-0.6958,-0.7715,-0.9099,-1.1152,-1.3124,-1.3405,-1.1895,-1.0042,-0.8605,-0.7616,-0.6941,-0.6468,-0.6122,-0.5861,-0.5657,-0.5496,-0.5366,-0.5261,-0.5175,-0.5105,-0.5049,-0.5003,-0.4967,-0.4939,-0.4917,-0.5875,-0.5908,-0.5956,-0.6031,-0.6147,-0.6321,-0.6551,-0.6767,-0.6815,-0.6662,-0.6537,-0.6715,-0.7421,-0.8938,-1.1515,-1.4328,-1.4678,-1.2437,-1.0079,-0.8464,-0.7438,-0.677,-0.6312,-0.598,-0.5729,-0.5534,-0.538,-0.5256,-0.5156,-0.5075,-0.5011,-0.4959,-0.4919,-0.4888,-0.4865,-0.4848,-0.5869,-0.5898,-0.5944,-0.6019,-0.6151,-0.6384,-0.6773,-0.7254,-0.7399,-0.6928,-0.6414,-0.6316,-0.678,-0.799,-1.0126,-1.2502,-1.2896,-1.1132,-0.9223,-0.79,-0.705,-0.6486,-0.6088,-0.5793,-0.5565,-0.5385,-0.5242,-0.5127,-0.5035,-0.4962,-0.4905,-0.486,-0.4826,-0.4801,-0.4784,-0.4773,-0.5863,-0.5886,-0.5922,-0.5983,-0.6101,-0.6343,-0.6841,-0.7666,-0.8039,-0.7099,-0.6132,-0.5754,-0.5905,-0.6584,-0.7776,-0.904,-0.9426,-0.8775,-0.7853,-0.7098,-0.6548,-0.614,-0.5825,-0.5575,-0.5375,-0.5213,-0.5083,-0.498,-0.4899,-0.4835,-0.4787,-0.4751,-0.4725,-0.4708,-0.4697,-0.4693,-0.5861,-0.5877,-0.5898,-0.5931,-0.5996,-0.614,-0.6472,-0.7082,-0.731,-0.6374,-0.5456,-0.5011,-0.493,-0.5184,-0.5744,-0.6405,-0.6819,-0.6848,-0.6642,-0.6362,-0.6074,-0.5801,-0.5555,-0.5342,-0.5164,-0.502,-0.4905,-0.4815,-0.4746,-0.4695,-0.4657,-0.4631,-0.4615,-0.4606,-0.4604,-0.4608,-0.5867,-0.5877,-0.5886,-0.5893,-0.5895,-0.5887,-0.5867,-0.5791,-0.5467,-0.4903,-0.4472,-0.4152,-0.3912,-0.3889,-0.4191,-0.4743,-0.5322,-0.5736,-0.5918,-0.5897,-0.574,-0.5523,-0.5299,-0.51,-0.4935,-0.4805,-0.4706,-0.4631,-0.4577,-0.4539,-0.4515,-0.4501,-0.4496,-0.4498,-0.4506,-0.4518,-0.5882,-0.5893,-0.5902,-0.5902,-0.5879,-0.5793,-0.5543,-0.4931,-0.3877,-0.3318,-0.3506,-0.3326,-0.2828,-0.2511,-0.2772,-0.3573,-0.4552,-0.5355,-0.5773,-0.5802,-0.5598,-0.5318,-0.5053,-0.4838,-0.4677,-0.4562,-0.4481,-0.4426,-0.439,-0.437,-0.4361,-0.4362,-0.437,-0.4383,-0.4402,-0.4424,-0.5908,-0.5927,-0.5949,-0.5972,-0.599,-0.5976,-0.5807,-0.501,-0.2584,-0.1473,-0.2898,-0.2671,-0.1578,-0.0662,-0.1059,-0.2579,-0.4363,-0.5807,-0.6386,-0.6152,-0.5629,-0.5136,-0.4769,-0.4524,-0.4372,-0.428,-0.4225,-0.4196,-0.4183,-0.4184,-0.4195,-0.4213,-0.4236,-0.4263,-0.4293,-0.4326,-0.5941,-0.5973,-0.6016,-0.6079,-0.6182,-0.6358,-0.6637,-0.6682,-0.4587,-0.283,-0.3197,-0.2306,-0.0312,0.2181,0.1176,-0.1817,-0.4895,-0.767,-0.8226,-0.6934,-0.5675,-0.4833,-0.4347,-0.4102,-0.3992,-0.3947,-0.3934,-0.3939,-0.3956,-0.3984,-0.4018,-0.4056,-0.4096,-0.4137,-0.418,-0.4225,-0.5977,-0.602,-0.6083,-0.6181,-0.6347,-0.6657,-0.7242,-0.802,-0.713,-0.5131,-0.3813,-0.2288,-0.0553,0.305,0.1952,-0.2084,-0.586,-1.0762,-1.0849,-0.7451,-0.5279,-0.4122,-0.3633,-0.3504,-0.3515,-0.3558,-0.3603,-0.3651,-0.3707,-0.3768,-0.3831,-0.3893,-0.3952,-0.4008,-0.4065,-0.4123,-0.6011,-0.6063,-0.6136,-0.6245,-0.6417,-0.67,-0.7133,-0.7584,-0.7149,-0.5872,-0.459,-0.2315,-0.1389,-0.0348,-0.1473,-0.3805,-0.6214,-0.879,-0.896,-0.6129,-0.372,-0.256,-0.2437,-0.2695,-0.2951,-0.312,-0.3231,-0.3329,-0.3431,-0.3538,-0.3639,-0.3728,-0.3806,-0.3878,-0.3948,-0.4019,-0.604,-0.6096,-0.6171,-0.6274,-0.6417,-0.6608,-0.6825,-0.6947,-0.6814,-0.6701,-0.6632,-0.5667,-0.4257,-0.477,-0.3942,-0.5957,-0.7652,-0.6817,-0.5883,-0.3305,-0.0178,0.0493,-0.0677,-0.1763,-0.2369,-0.2652,-0.2806,-0.2953,-0.3122,-0.3296,-0.3449,-0.3569,-0.3665,-0.3748,-0.3831,-0.3915,-0.6064,-0.6121,-0.6194,-0.6286,-0.6402,-0.6539,-0.6684,-0.6832,-0.711,-0.7991,-0.9906,-0.9593,-0.8004,-0.6105,-0.5841,-0.6529,-0.7252,-0.6316,-0.4615,-0.0419,0.6048,0.5012,0.1057,-0.1059,-0.189,-0.2142,-0.2267,-0.2476,-0.2766,-0.3052,-0.3276,-0.3427,-0.3531,-0.362,-0.3713,-0.3813,-0.6083,-0.6141,-0.6211,-0.6297,-0.6401,-0.6526,-0.6683,-0.6918,-0.7375,-0.8346,-0.978,-0.9408,-1.0164,-1.0634,-0.7876,-0.7104,-0.6771,-0.62,-0.5064,-0.0952,0.6727,0.5345,0.099,-0.1028,-0.1543,-0.1438,-0.1431,-0.1806,-0.2355,-0.2833,-0.3149,-0.3317,-0.3408,-0.3491,-0.3596,-0.3716,-0.6098,-0.6155,-0.6224,-0.6308,-0.641,-0.6537,-0.6708,-0.6962,-0.7365,-0.7952,-0.8531,-0.8988,-1.0603,-1.0988,-0.9161,-0.858,-0.7487,-0.6773,-0.6815,-0.4678,-0.0901,0.0116,-0.0956,-0.1546,-0.1119,-0.0135,0.0084,-0.085,-0.1951,-0.2704,-0.3102,-0.3246,-0.329,-0.3361,-0.3485,-0.3631,-0.6108,-0.6165,-0.6233,-0.6315,-0.6416,-0.6543,-0.671,-0.6937,-0.7245,-0.7622,-0.802,-0.8479,-0.9092,-0.9467,-1.0624,-1.1215,-0.853,-0.7237,-0.7166,-0.708,-0.5125,-0.3432,-0.2763,-0.2135,-0.0593,0.198,0.2504,0.0057,-0.1837,-0.2768,-0.3145,-0.32,-0.3176,-0.3247,-0.3401,-0.3575,-0.6113,-0.617,-0.6236,-0.6316,-0.6413,-0.6533,-0.6684,-0.6876,-0.7112,-0.7385,-0.7685,-0.8022,-0.8417,-0.9,-1.0248,-1.0563,-0.8666,-0.7773,-0.8883,-0.96,-0.6926,-0.497,-0.3869,-0.2841,-0.1059,0.2055,0.271,-0.093,-0.2559,-0.3116,-0.3266,-0.3195,-0.313,-0.3213,-0.3386,-0.3571,-0.6114,-0.6169,-0.6233,-0.6308,-0.6398,-0.6507,-0.6639,-0.6797,-0.6982,-0.719,-0.7418,-0.767,-0.7967,-0.8359,-0.8798,-0.8746,-0.8065,-0.7702,-0.818,-0.8233,-0.6709,-0.5321,-0.4513,-0.3756,-0.29,-0.2853,-0.5105,-0.4954,-0.4057,-0.3693,-0.3499,-0.333,-0.3252,-0.3318,-0.3465,-0.3629,-0.611,-0.6162,-0.6222,-0.6292,-0.6374,-0.647,-0.6582,-0.6712,-0.6858,-0.7017,-0.7189,-0.7371,-0.7565,-0.7762,-0.7884,-0.7789,-0.7493,-0.7255,-0.716,-0.6803,-0.5921,-0.5128,-0.4838,-0.4488,-0.4302,-0.5499,-0.7748,-0.6755,-0.5056,-0.4217,-0.3817,-0.3596,-0.3501,-0.3522,-0.3616,-0.3736,-0.6101,-0.6149,-0.6205,-0.6268,-0.6341,-0.6424,-0.6518,-0.6623,-0.6738,-0.6859,-0.6983,-0.7107,-0.7222,-0.7307,-0.7323,-0.7228,-0.7036,-0.6811,-0.6547,-0.6118,-0.5482,-0.4969,-0.4895,-0.4784,-0.4765,-0.5398,-0.622,-0.5958,-0.5113,-0.447,-0.4087,-0.3868,-0.3763,-0.3747,-0.3791,-0.3868,-0.6087,-0.6132,-0.6182,-0.6239,-0.6302,-0.6373,-0.6451,-0.6535,-0.6623,-0.6713,-0.68,-0.6879,-0.694,-0.6967,-0.6941,-0.6847,-0.6686,-0.6473,-0.6196,-0.5827,-0.5392,-0.5054,-0.4936,-0.4869,-0.4863,-0.5068,-0.5307,-0.5235,-0.4895,-0.4534,-0.426,-0.4081,-0.3982,-0.3946,-0.3959,-0.4002]},{"header":{"la1":42.85,"la2":41.18,"lo1":11.55,"lo2":14.05,"nx":36,"ny":24,"dx":0.07143,"dy":0.07261,"parameterCategory":2,"parameterNumber":3,"parameterNumberName":"northward_wind","parameterUnit":"m.s-1"},"data":[0.0731,0.0893,0.1076,0.1273,0.1474,0.1656,0.1789,0.1843,0.1799,0.1661,0.1457,0.1231,0.102,0.085,0.0726,0.0636,0.0559,0.0479,0.0394,0.0307,0.0225,0.015,0.0083,0.0021,-0.0037,-0.0093,-0.0148,-0.0203,-0.026,-0.0318,-0.0376,-0.0434,-0.0492,-0.0549,-0.0603,-0.0655,0.0761,0.0956,0.1189,0.1456,0.1744,0.2026,0.2252,0.2361,0.2308,0.2095,0.1777,0.1434,0.1133,0.0912,0.0778,0.07,0.0633,0.0545,0.0439,0.0331,0.0234,0.0151,0.0079,0.0015,-0.0044,-0.0101,-0.0158,-0.0216,-0.0277,-0.0339,-0.0402,-0.0466,-0.053,-0.0592,-0.0651,-0.0707,0.0766,0.0998,0.1288,0.1643,0.2059,0.2504,0.2902,0.3132,0.3081,0.2737,0.2216,0.1678,0.124,0.0955,0.0823,0.0788,0.0746,0.0636,0.0489,0.035,0.0235,0.0144,0.0069,0.0006,-0.0053,-0.011,-0.0169,-0.023,-0.0295,-0.0362,-0.0432,-0.0503,-0.0573,-0.0642,-0.0707,-0.0768,0.0736,0.0998,0.1346,0.1805,0.2392,0.3096,0.3819,0.4327,0.432,0.3725,0.2823,0.1963,0.1328,0.0963,0.0857,0.0911,0.0908,0.0742,0.0526,0.0347,0.0217,0.0124,0.0052,-0.0008,-0.0064,-0.0121,-0.0181,-0.0245,-0.0315,-0.0389,-0.0467,-0.0546,-0.0624,-0.0701,-0.0773,-0.084,0.0657,0.0936,0.1328,0.1885,0.2671,0.3745,0.5057,0.6207,0.6381,0.5255,0.3613,0.2246,0.1363,0.0915,0.0838,0.0993,0.1018,0.0776,0.05,0.0302,0.0174,0.0089,0.0027,-0.0025,-0.0076,-0.013,-0.0191,-0.026,-0.0336,-0.0419,-0.0507,-0.0596,-0.0686,-0.0772,-0.0852,-0.0925,0.0519,0.0789,0.1191,0.18,0.2746,0.4222,0.6409,0.8903,0.9647,0.7347,0.4383,0.2375,0.127,0.0761,0.0666,0.0801,0.0817,0.0598,0.036,0.0199,0.0101,0.0041,-0.0002,-0.0041,-0.0084,-0.0136,-0.0199,-0.0273,-0.0358,-0.0453,-0.0553,-0.0657,-0.0759,-0.0857,-0.0948,-0.1029,0.0319,0.0547,0.0902,0.1473,0.2423,0.406,0.6894,1.0987,1.2705,0.8675,0.4415,0.2077,0.0939,0.0436,0.0299,0.0339,0.0346,0.025,0.0135,0.0055,0.0012,-0.0012,-0.003,-0.0052,-0.0086,-0.0135,-0.02,-0.0283,-0.0381,-0.0491,-0.0609,-0.073,-0.085,-0.0963,-0.1065,-0.1154,0.0065,0.0216,0.0465,0.0884,0.1611,0.2903,0.5183,0.8503,0.977,0.6339,0.3003,0.1221,0.0338,-0.0068,-0.0193,-0.0172,-0.0124,-0.0106,-0.0104,-0.0096,-0.0079,-0.0059,-0.0047,-0.005,-0.0074,-0.0122,-0.0193,-0.0288,-0.0403,-0.0534,-0.0676,-0.0821,-0.0963,-0.1095,-0.1211,-0.1309,-0.0223,-0.0173,-0.0075,0.0111,0.0456,0.1074,0.2061,0.3151,0.3258,0.2106,0.0932,0.0114,-0.0419,-0.0704,-0.0759,-0.066,-0.0518,-0.0403,-0.0315,-0.0235,-0.0156,-0.0089,-0.0043,-0.0027,-0.0043,-0.0091,-0.0172,-0.0284,-0.0424,-0.0585,-0.0759,-0.0937,-0.1107,-0.1263,-0.1395,-0.1502,-0.0515,-0.0574,-0.0641,-0.0712,-0.077,-0.078,-0.0687,-0.0508,-0.0456,-0.0511,-0.056,-0.0814,-0.1196,-0.1472,-0.1432,-0.1143,-0.0843,-0.0648,-0.0511,-0.0366,-0.0216,-0.0091,-0.0008,0.0028,0.0018,-0.0036,-0.0132,-0.027,-0.0443,-0.0646,-0.0865,-0.1086,-0.1296,-0.148,-0.1632,-0.1746,-0.0781,-0.0938,-0.1154,-0.1454,-0.1866,-0.2389,-0.2869,-0.2755,-0.1568,-0.1091,-0.124,-0.1406,-0.1971,-0.2559,-0.2368,-0.163,-0.1075,-0.089,-0.0773,-0.0527,-0.0254,-0.0048,0.0077,0.0129,0.0119,0.0053,-0.0066,-0.0239,-0.0461,-0.0721,-0.1004,-0.1286,-0.1547,-0.1768,-0.1939,-0.2057,-0.0992,-0.1222,-0.1546,-0.2014,-0.2697,-0.3679,-0.4944,-0.5687,-0.3573,-0.1843,-0.1596,-0.1623,-0.2633,-0.4477,-0.375,-0.1942,-0.1101,-0.1353,-0.1371,-0.0764,-0.0238,0.0079,0.0239,0.0293,0.0272,0.0188,0.0038,-0.0183,-0.0473,-0.0818,-0.1192,-0.1561,-0.1891,-0.2157,-0.2346,-0.2458,-0.1132,-0.1398,-0.1773,-0.2314,-0.3116,-0.4332,-0.6123,-0.7986,-0.6399,-0.3155,-0.1607,-0.1361,-0.1961,-0.4983,-0.4081,-0.1304,-0.056,-0.2347,-0.2393,-0.0861,-0.0029,0.0366,0.0519,0.0541,0.0492,0.0383,0.0196,-0.0089,-0.0475,-0.0944,-0.1453,-0.1949,-0.2375,-0.2695,-0.2892,-0.2977,-0.1195,-0.146,-0.1823,-0.2333,-0.306,-0.4103,-0.5503,-0.6814,-0.5736,-0.2659,-0.0988,-0.1136,-0.1047,0.2306,-0.0113,0.1088,0.1995,-0.0445,-0.1166,-0.0164,0.0586,0.0936,0.0966,0.0884,0.079,0.0665,0.0445,0.0078,-0.0451,-0.111,-0.1829,-0.2514,-0.3075,-0.3451,-0.3633,-0.3653,-0.1187,-0.1421,-0.1727,-0.2128,-0.2649,-0.3289,-0.3938,-0.413,-0.3015,-0.0996,0.0348,0.0623,0.15,0.381,0.1964,0.4636,0.8502,0.3325,0.0896,0.0935,0.1781,0.1976,0.1597,0.1298,0.1175,0.1086,0.086,0.0381,-0.037,-0.1331,-0.2383,-0.3364,-0.4112,-0.4532,-0.464,-0.4523,-0.1127,-0.1313,-0.1539,-0.1806,-0.2102,-0.2373,-0.2477,-0.2138,-0.1087,0.0564,0.228,0.1917,0.184,0.2204,0.2188,0.4265,0.664,0.296,0.0795,0.1529,0.3881,0.353,0.2211,0.1686,0.1678,0.178,0.1608,0.0951,-0.0173,-0.1626,-0.322,-0.4673,-0.5677,-0.6086,-0.5993,-0.561,-0.1033,-0.1167,-0.1314,-0.1463,-0.1587,-0.1628,-0.1487,-0.1035,-0.0189,0.1004,0.2178,0.1964,0.2201,0.2416,0.18,0.1901,0.1617,-0.0533,-0.1988,0.0271,0.4033,0.3594,0.2211,0.1951,0.2434,0.3069,0.3054,0.201,0.0213,-0.2025,-0.448,-0.6693,-0.803,-0.826,-0.7722,-0.6881,-0.0925,-0.1011,-0.1093,-0.1156,-0.1174,-0.1104,-0.0893,-0.0493,0.01,0.079,0.1335,0.1607,0.2173,0.2246,0.1176,0.0554,-0.0599,-0.4389,-0.7864,-0.301,0.0546,0.1543,0.1617,0.218,0.367,0.558,0.586,0.3761,0.0758,-0.2556,-0.6239,-0.9614,-1.131,-1.1009,-0.9673,-0.818,-0.0816,-0.0865,-0.09,-0.0908,-0.0869,-0.0759,-0.0553,-0.0239,0.0162,0.0585,0.0935,0.1185,0.1348,0.1105,0.0305,0.0018,-0.0941,-0.3926,-0.5822,-0.2657,-0.0879,0.0312,0.1132,0.2349,0.5041,0.9472,1.0327,0.5547,0.0977,-0.3195,-0.8093,-1.2839,-1.4779,-1.3602,-1.1308,-0.9177,-0.0715,-0.0736,-0.074,-0.0718,-0.0655,-0.054,-0.0363,-0.0125,0.0152,0.0428,0.0658,0.0805,0.0814,0.0586,0.0177,-0.0046,-0.0734,-0.185,-0.1579,-0.1121,-0.0853,0.0038,0.0873,0.201,0.4523,0.9633,1.0717,0.383,-0.0179,-0.3789,-0.8804,-1.4042,-1.6032,-1.447,-1.183,-0.9495,-0.0627,-0.0629,-0.0615,-0.0577,-0.0508,-0.0402,-0.0258,-0.008,0.0115,0.0301,0.0449,0.0528,0.0507,0.0362,0.0132,-0.0142,-0.0581,-0.1054,-0.1146,-0.0977,-0.0454,0.032,0.0848,0.1216,0.1645,0.0924,-0.3519,-0.3421,-0.2617,-0.4193,-0.7819,-1.1919,-1.3783,-1.2913,-1.0939,-0.9011,-0.0553,-0.0543,-0.0519,-0.0476,-0.0409,-0.0318,-0.0202,-0.0069,0.007,0.0197,0.0292,0.0336,0.0312,0.0214,0.0053,-0.0161,-0.042,-0.064,-0.068,-0.0438,0.0212,0.1096,0.1367,0.0857,-0.0355,-0.3759,-0.8406,-0.663,-0.4162,-0.4322,-0.6327,-0.8847,-1.0329,-1.0248,-0.9231,-0.798,-0.0492,-0.0476,-0.0447,-0.0404,-0.0344,-0.0267,-0.0176,-0.0076,0.0024,0.0112,0.0175,0.0201,0.018,0.0111,-0.0001,-0.0141,-0.0283,-0.0368,-0.0311,-0.0007,0.0681,0.1659,0.1898,0.0951,-0.0651,-0.3104,-0.5273,-0.5065,-0.4081,-0.4096,-0.5144,-0.6568,-0.7595,-0.7847,-0.7468,-0.6787,-0.0443,-0.0424,-0.0395,-0.0354,-0.0302,-0.0238,-0.0166,-0.009,-0.0017,0.0045,0.0087,0.0103,0.0087,0.004,-0.0033,-0.0117,-0.0188,-0.0205,-0.0113,0.0152,0.0645,0.1229,0.1335,0.065,-0.0538,-0.1974,-0.3123,-0.3475,-0.3428,-0.3635,-0.4269,-0.5101,-0.5781,-0.6086,-0.6014,-0.569]}]