docs/data/wind_grid.json
[{"header":{"la1":42.85,"la2":41.18,"lo1":11.55,"lo2":14.05,"nx":36,"ny":24,"dx":0.07143,"dy":0.07261,"parameterCategory":2,"parameterNumber":2,"parameterNumberName":"eastward_wind","parameterUnit":"m.s-1"},"data":[-0.6083,-0.6101,-0.6116,-0.6128,-0.6136,-0.6136,-0.6121,-0.6084,-0.6019,-0.5934,-0.5842,-0.5768,-0.5731,-0.5745,-0.5817,-0.594,-0.6097,-0.6263,-0.6406,-0.6503,-0.6543,-0.6533,-0.6488,-0.6424,-0.6353,-0.6284,-0.6219,-0.6162,-0.6111,-0.6067,-0.6029,-0.5995,-0.5966,-0.5941,-0.5918,-0.5898,-0.6163,-0.6189,-0.6213,-0.6238,-0.6263,-0.6284,-0.6287,-0.6255,-0.6173,-0.6043,-0.5894,-0.5765,-0.5692,-0.5698,-0.5793,-0.5972,-0.6208,-0.646,-0.6671,-0.6797,-0.6825,-0.6776,-0.6681,-0.657,-0.6462,-0.6363,-0.6278,-0.6205,-0.6143,-0.6091,-0.6047,-0.6009,-0.5977,-0.5948,-0.5924,-0.5902,-0.6257,-0.6293,-0.6329,-0.6371,-0.6422,-0.6482,-0.6532,-0.6531,-0.6432,-0.6231,-0.598,-0.5756,-0.5621,-0.5609,-0.5735,-0.5997,-0.6364,-0.6764,-0.7091,-0.7254,-0.7238,-0.7103,-0.692,-0.6737,-0.6576,-0.6442,-0.6332,-0.6243,-0.6171,-0.6112,-0.6062,-0.602,-0.5985,-0.5954,-0.5927,-0.5904,-0.637,-0.6418,-0.6466,-0.6524,-0.6611,-0.6739,-0.6893,-0.6989,-0.6893,-0.6563,-0.612,-0.5732,-0.5495,-0.5448,-0.5612,-0.5995,-0.6575,-0.7246,-0.7789,-0.7991,-0.7849,-0.7534,-0.72,-0.6913,-0.6687,-0.6513,-0.6378,-0.6274,-0.6192,-0.6126,-0.6072,-0.6027,-0.5989,-0.5956,-0.5928,-0.5903,-0.6508,-0.6571,-0.6628,-0.6697,-0.6814,-0.7038,-0.7397,-0.7759,-0.7741,-0.7145,-0.6324,-0.5661,-0.5275,-0.5172,-0.5368,-0.5906,-0.6819,-0.7997,-0.8982,-0.92,-0.8719,-0.8051,-0.7486,-0.7071,-0.6776,-0.6564,-0.6409,-0.6293,-0.6204,-0.6134,-0.6077,-0.603,-0.599,-0.5955,-0.5925,-0.5899,-0.6682,-0.6768,-0.6834,-0.6893,-0.7004,-0.7302,-0.797,-0.8952,-0.9241,-0.8033,-0.6503,-0.5464,-0.4905,-0.4721,-0.4916,-0.5601,-0.6943,-0.8974,-1.0868,-1.0993,-0.9746,-0.8527,-0.77,-0.717,-0.6823,-0.6586,-0.642,-0.6298,-0.6206,-0.6134,-0.6076,-0.6027,-0.5986,-0.595,-0.5919,-0.5892,-0.6906,-0.7039,-0.7127,-0.7154,-0.7176,-0.7391,-0.8204,-0.994,-1.0805,-0.8603,-0.63,-0.5006,-0.4331,-0.4031,-0.4133,-0.4857,-0.6526,-0.9398,-1.2429,-1.2362,-1.028,-0.868,-0.7736,-0.7171,-0.6812,-0.6572,-0.6406,-0.6286,-0.6197,-0.6127,-0.6069,-0.602,-0.5978,-0.594,-0.5908,-0.588,-0.7192,-0.7428,-0.7598,-0.761,-0.7441,-0.729,-0.7595,-0.8713,-0.9188,-0.7205,-0.5293,-0.4224,-0.3556,-0.3062,-0.285,-0.3404,-0.5151,-0.7978,-1.0734,-1.0981,-0.9553,-0.8341,-0.7567,-0.7072,-0.6744,-0.6523,-0.6369,-0.626,-0.6178,-0.6112,-0.6057,-0.6008,-0.5964,-0.5925,-0.5891,-0.5862,-0.7531,-0.7964,-0.8378,-0.8524,-0.8117,-0.7328,-0.6657,-0.6212,-0.5507,-0.4446,-0.3752,-0.3286,-0.271,-0.1855,-0.0772,-0.0802,-0.3021,-0.5858,-0.7949,-0.8669,-0.838,-0.7819,-0.7308,-0.6916,-0.6637,-0.6445,-0.6314,-0.6222,-0.6152,-0.6093,-0.6041,-0.5991,-0.5946,-0.5904,-0.5867,-0.5836,-0.7859,-0.8585,-0.9518,-1.0245,-0.9667,-0.7878,-0.6203,-0.4527,-0.2349,-0.134,-0.2152,-0.2479,-0.2024,-0.0798,0.2228,0.3725,-0.1021,-0.5062,-0.7226,-0.7977,-0.7913,-0.7525,-0.7098,-0.675,-0.6505,-0.6347,-0.6247,-0.6178,-0.6124,-0.6073,-0.6022,-0.5971,-0.592,-0.5873,-0.5833,-0.5801,-0.8042,-0.9013,-1.0539,-1.2345,-1.1833,-0.8632,-0.6395,-0.429,0.0498,0.2751,-0.103,-0.2056,-0.1593,-0.0585,0.1967,0.382,-0.1965,-0.6848,-0.9036,-0.9024,-0.8266,-0.7514,-0.6948,-0.6574,-0.6353,-0.6236,-0.6174,-0.6136,-0.6099,-0.6056,-0.6003,-0.5944,-0.5884,-0.583,-0.5784,-0.575,-0.7956,-0.8888,-1.0332,-1.1995,-1.1404,-0.8477,-0.7132,-0.671,-0.301,-0.0022,-0.1817,-0.2115,-0.1222,0.0078,-0.0272,-0.1801,-0.6221,-1.2694,-1.4382,-1.147,-0.8978,-0.7523,-0.674,-0.6351,-0.6182,-0.6123,-0.6109,-0.6104,-0.6086,-0.6046,-0.5984,-0.5909,-0.5832,-0.5764,-0.5712,-0.5677,-0.7621,-0.8261,-0.9048,-0.9585,-0.8988,-0.7777,-0.7729,-0.8869,-0.7325,-0.4177,-0.3032,-0.2509,-0.155,0.0517,-0.0261,-0.3819,-0.9824,-2.1888,-2.2138,-1.3457,-0.9069,-0.7115,-0.6314,-0.6065,-0.6033,-0.6045,-0.6068,-0.6095,-0.6094,-0.6049,-0.5964,-0.5857,-0.5751,-0.5662,-0.5603,-0.5572,-0.7178,-0.7521,-0.7823,-0.7882,-0.7549,-0.718,-0.7375,-0.8028,-0.7147,-0.4804,-0.3445,-0.289,-0.2538,-0.0348,-0.216,-0.5995,-1.0761,-1.6812,-1.7364,-1.1354,-0.7481,-0.5858,-0.5535,-0.573,-0.5975,-0.6035,-0.6061,-0.6125,-0.6139,-0.607,-0.5935,-0.5769,-0.5613,-0.5497,-0.5434,-0.5418,-0.6751,-0.6904,-0.6987,-0.6932,-0.6744,-0.6566,-0.6532,-0.6423,-0.5623,-0.4354,-0.3531,-0.3135,-0.2246,-0.1053,-0.3467,-0.9796,-1.5485,-1.1848,-1.0044,-0.6951,-0.4016,-0.3389,-0.4288,-0.5259,-0.5861,-0.6031,-0.6125,-0.6242,-0.625,-0.6117,-0.588,-0.5606,-0.5369,-0.5222,-0.5173,-0.5198,-0.6393,-0.6441,-0.6431,-0.6345,-0.6191,-0.6008,-0.5795,-0.5429,-0.4763,-0.3908,-0.3194,-0.3748,-0.3471,-0.3056,-0.4629,-0.9194,-1.3012,-0.9291,-0.6303,-0.3166,0.0976,0.0123,-0.2887,-0.4747,-0.5727,-0.6178,-0.6433,-0.6559,-0.6481,-0.6196,-0.576,-0.5287,-0.4922,-0.4756,-0.4771,-0.489,-0.6108,-0.61,-0.6048,-0.5946,-0.5793,-0.5594,-0.5332,-0.4963,-0.4459,-0.3866,-0.334,-0.3676,-0.4316,-0.4653,-0.5018,-0.6403,-0.6954,-0.5067,-0.3005,-0.1649,0.1724,0.0647,-0.262,-0.4719,-0.6017,-0.6816,-0.7202,-0.7199,-0.6883,-0.6304,-0.5506,-0.4669,-0.4106,-0.3987,-0.4185,-0.4491,-0.5887,-0.5849,-0.5778,-0.5668,-0.5518,-0.5327,-0.5085,-0.4787,-0.4444,-0.4116,-0.3944,-0.4117,-0.4637,-0.489,-0.5289,-0.5609,-0.4748,-0.1575,0.1266,-0.1178,-0.1476,-0.1979,-0.3597,-0.5316,-0.6888,-0.8151,-0.8588,-0.8198,-0.7461,-0.6442,-0.5053,-0.3554,-0.2705,-0.283,-0.3433,-0.405,-0.5717,-0.5664,-0.5586,-0.5478,-0.534,-0.5171,-0.4972,-0.475,-0.4528,-0.4352,-0.4291,-0.4404,-0.4675,-0.5114,-0.6168,-0.654,-0.4662,-0.182,-0.0143,-0.2003,-0.2755,-0.344,-0.4553,-0.6074,-0.7973,-0.9927,-1.0349,-0.9287,-0.8124,-0.6676,-0.4545,-0.2034,-0.0847,-0.1535,-0.2742,-0.3711,-0.5589,-0.553,-0.5451,-0.5351,-0.5229,-0.5088,-0.4932,-0.4772,-0.4627,-0.4528,-0.4509,-0.4598,-0.4814,-0.5237,-0.6005,-0.6157,-0.4773,-0.3269,-0.2854,-0.2993,-0.3333,-0.4089,-0.5091,-0.6506,-0.8426,-1.038,-1.0768,-0.9882,-0.8776,-0.7195,-0.4662,-0.1455,-0.004,-0.1082,-0.2575,-0.367,-0.5493,-0.5433,-0.5359,-0.5269,-0.5165,-0.505,-0.493,-0.4814,-0.4717,-0.4657,-0.4654,-0.472,-0.4866,-0.5095,-0.5327,-0.5229,-0.4608,-0.3848,-0.3372,-0.3348,-0.381,-0.4438,-0.5179,-0.6435,-0.8254,-1.0014,-1.1137,-1.0696,-0.954,-0.8146,-0.5936,-0.3175,-0.1729,-0.2175,-0.3181,-0.4013,-0.5422,-0.5365,-0.5297,-0.5219,-0.5132,-0.5039,-0.4946,-0.4861,-0.4793,-0.4753,-0.4751,-0.4791,-0.487,-0.4962,-0.5003,-0.4887,-0.4583,-0.4217,-0.3975,-0.3997,-0.425,-0.4405,-0.4624,-0.5871,-0.7905,-1.0158,-1.1972,-1.1258,-1.0356,-0.9493,-0.7736,-0.5626,-0.4232,-0.393,-0.4211,-0.4605,-0.5371,-0.5319,-0.5258,-0.5191,-0.5118,-0.5043,-0.4971,-0.4907,-0.4857,-0.4827,-0.4822,-0.484,-0.4874,-0.4904,-0.4894,-0.4811,-0.4658,-0.4492,-0.4397,-0.442,-0.4457,-0.4178,-0.4047,-0.5359,-0.7379,-0.9308,-1.0531,-1.0861,-1.1586,-1.0994,-0.9176,-0.7333,-0.6019,-0.5368,-0.5187,-0.5227,-0.5336,-0.5288,-0.5235,-0.5177,-0.5117,-0.5057,-0.4999,-0.495,-0.4911,-0.4887,-0.4878,-0.4883,-0.4895,-0.4901,-0.4885,-0.4837,-0.4766,-0.47,-0.4675,-0.4696,-0.4685,-0.4542,-0.4634,-0.5585,-0.7056,-0.8487,-0.9602,-1.0659,-1.1735,-1.1211,-0.963,-0.811,-0.6976,-0.6268,-0.5899,-0.5741]},{"header":{"la1":42.85,"la2":41.18,"lo1":11.55,"lo2":14.05,"nx":36,"ny":24,"dx":0.07143,"dy":0.07261,"parameterCategory":2,"parameterNumber":3,"parameterNumberName":"northward_wind","parameterUnit":"m.s-1"},"data":[-0.8021,-0.7979,-0.792,-0.7846,-0.7757,-0.7658,-0.756,-0.7472,-0.7399,-0.7337,-0.7269,-0.7176,-0.7041,-0.6856,-0.6622,-0.635,-0.6059,-0.5779,-0.5541,-0.5368,-0.5267,-0.5227,-0.5229,-0.5256,-0.5293,-0.5332,-0.5372,-0.5411,-0.545,-0.5489,-0.5529,-0.557,-0.5613,-0.5656,-0.5699,-0.5742,-0.8086,-0.804,-0.7973,-0.7881,-0.7765,-0.7631,-0.7498,-0.7389,-0.7321,-0.7289,-0.7262,-0.7202,-0.7077,-0.6874,-0.6593,-0.6245,-0.586,-0.5485,-0.5176,-0.4976,-0.4893,-0.4901,-0.4959,-0.5035,-0.5111,-0.518,-0.5241,-0.5296,-0.5347,-0.5397,-0.5448,-0.5499,-0.555,-0.5602,-0.5654,-0.5704,-0.8156,-0.8106,-0.8029,-0.7914,-0.7757,-0.7561,-0.7356,-0.7195,-0.7131,-0.7162,-0.7223,-0.7233,-0.7138,-0.6921,-0.658,-0.6126,-0.5593,-0.5058,-0.4629,-0.4399,-0.4374,-0.4481,-0.4637,-0.479,-0.4918,-0.5021,-0.5105,-0.5176,-0.5241,-0.5303,-0.5364,-0.5426,-0.5488,-0.555,-0.5611,-0.567,-0.8228,-0.8179,-0.8094,-0.7955,-0.774,-0.7438,-0.7082,-0.6787,-0.6711,-0.6879,-0.7129,-0.7278,-0.7245,-0.7021,-0.6608,-0.6008,-0.5244,-0.442,-0.3769,-0.3512,-0.364,-0.3953,-0.4274,-0.4534,-0.4725,-0.4864,-0.4969,-0.5055,-0.5132,-0.5206,-0.5279,-0.5353,-0.5427,-0.55,-0.5572,-0.564,-0.83,-0.8255,-0.8172,-0.802,-0.7745,-0.7284,-0.6625,-0.5977,-0.5815,-0.6309,-0.6969,-0.7367,-0.7429,-0.7205,-0.672,-0.5945,-0.4833,-0.348,-0.2364,-0.2111,-0.2632,-0.334,-0.3908,-0.4295,-0.4547,-0.4714,-0.4835,-0.4932,-0.502,-0.5105,-0.5192,-0.528,-0.5368,-0.5455,-0.5539,-0.5618,-0.8363,-0.8327,-0.826,-0.8126,-0.7832,-0.721,-0.6064,-0.4566,-0.4064,-0.5366,-0.6841,-0.7583,-0.7734,-0.7511,-0.6979,-0.6052,-0.4528,-0.2301,-0.0218,-0.0085,-0.147,-0.2788,-0.3629,-0.4117,-0.4401,-0.4577,-0.4701,-0.4804,-0.4901,-0.5,-0.5102,-0.5207,-0.5313,-0.5416,-0.5514,-0.5606,-0.8401,-0.8365,-0.8324,-0.8258,-0.8062,-0.7464,-0.5973,-0.3323,-0.2108,-0.4772,-0.715,-0.8065,-0.8194,-0.7958,-0.7446,-0.6501,-0.4753,-0.1756,0.1526,0.1446,-0.088,-0.2611,-0.3547,-0.4032,-0.4293,-0.4449,-0.4562,-0.4665,-0.4772,-0.4887,-0.501,-0.5137,-0.5264,-0.5387,-0.5502,-0.5607,-0.8392,-0.832,-0.8272,-0.8299,-0.8368,-0.82,-0.725,-0.5207,-0.4314,-0.6619,-0.841,-0.8882,-0.8781,-0.8522,-0.8153,-0.7403,-0.584,-0.3194,-0.0358,-0.013,-0.174,-0.3003,-0.3685,-0.4026,-0.4201,-0.4308,-0.44,-0.4502,-0.4624,-0.4764,-0.4915,-0.5072,-0.5226,-0.5373,-0.5508,-0.5628,-0.8324,-0.8135,-0.7939,-0.7941,-0.8388,-0.9071,-0.9409,-0.9321,-0.9601,-1.0332,-1.0377,-0.987,-0.9364,-0.9114,-0.9135,-0.8804,-0.7388,-0.5386,-0.3627,-0.2969,-0.3232,-0.3639,-0.3898,-0.4022,-0.4077,-0.4119,-0.4188,-0.4299,-0.4449,-0.4627,-0.482,-0.5016,-0.5206,-0.5382,-0.554,-0.5676,-0.8233,-0.7824,-0.7188,-0.6675,-0.7428,-0.9503,-1.1349,-1.271,-1.4149,-1.443,-1.2513,-1.0712,-0.9749,-0.9535,-1.0373,-1.0878,-0.866,-0.659,-0.5235,-0.4484,-0.4173,-0.4064,-0.3999,-0.3925,-0.3856,-0.3833,-0.3892,-0.4034,-0.4237,-0.4476,-0.4729,-0.4979,-0.5214,-0.5426,-0.5609,-0.5761,-0.8216,-0.7609,-0.6397,-0.4693,-0.5366,-0.966,-1.3125,-1.5139,-1.7634,-1.8898,-1.4082,-1.1038,-0.9814,-0.9536,-1.0252,-1.0932,-0.8469,-0.6544,-0.5489,-0.4865,-0.444,-0.4137,-0.3892,-0.3666,-0.3474,-0.3388,-0.3466,-0.3687,-0.3987,-0.4319,-0.4655,-0.4976,-0.5269,-0.5523,-0.5732,-0.5897,-0.838,-0.7835,-0.6714,-0.514,-0.6083,-1.1064,-1.5391,-1.7552,-1.744,-1.7063,-1.333,-1.0668,-0.9672,-0.9619,-0.9291,-0.8447,-0.6924,-0.5614,-0.5079,-0.4684,-0.4272,-0.3909,-0.358,-0.3229,-0.2874,-0.2705,-0.2868,-0.3255,-0.3714,-0.4177,-0.4622,-0.5034,-0.5397,-0.5699,-0.5933,-0.6103,-0.8702,-0.8466,-0.8089,-0.7988,-0.9513,-1.3058,-1.7034,-1.996,-1.8258,-1.4747,-1.1801,-1.008,-0.9497,-0.9714,-0.9188,-0.7037,-0.5179,-0.4891,-0.4848,-0.4288,-0.3801,-0.3424,-0.3108,-0.2678,-0.2073,-0.1758,-0.2132,-0.2803,-0.3469,-0.4089,-0.4667,-0.5192,-0.5641,-0.5994,-0.6246,-0.6405,-0.9046,-0.9108,-0.9281,-0.9857,-1.1261,-1.3548,-1.6226,-1.8351,-1.7105,-1.3301,-1.0736,-0.9806,-0.9625,-0.8789,-0.76,-0.4089,-0.1218,-0.3173,-0.3955,-0.3483,-0.2914,-0.2591,-0.2502,-0.2214,-0.1457,-0.0993,-0.1608,-0.2511,-0.3334,-0.4103,-0.4838,-0.5509,-0.6066,-0.647,-0.6717,-0.6834,-0.9293,-0.9512,-0.9879,-1.0519,-1.1539,-1.2874,-1.4196,-1.4788,-1.3636,-1.1379,-0.982,-0.9155,-0.8373,-0.6991,-0.6114,0.2091,1.085,0.1584,-0.2109,-0.2204,-0.1161,-0.104,-0.1691,-0.1947,-0.1593,-0.1305,-0.1745,-0.2499,-0.3336,-0.4248,-0.5194,-0.6077,-0.6778,-0.722,-0.7414,-0.7427,-0.9405,-0.9666,-1.0032,-1.0543,-1.1194,-1.1881,-1.2365,-1.2274,-1.136,-1.001,-0.9104,-0.8892,-0.855,-0.7592,-0.5604,0.1066,0.7053,0.0971,-0.2075,-0.1109,0.2213,0.15,-0.0792,-0.1705,-0.178,-0.1715,-0.1914,-0.2465,-0.3355,-0.4512,-0.5814,-0.7048,-0.7954,-0.8388,-0.8417,-0.8214,-0.9403,-0.9642,-0.994,-1.0296,-1.0675,-1.0991,-1.1102,-1.0861,-1.0245,-0.9494,-0.9035,-0.8879,-0.9015,-0.8917,-0.6612,-0.3811,-0.2138,-0.3403,-0.4342,-0.2047,0.258,0.1721,-0.0737,-0.1557,-0.1462,-0.1155,-0.121,-0.1923,-0.3193,-0.4861,-0.68,-0.8666,-0.988,-1.016,-0.9788,-0.9184,-0.9319,-0.9514,-0.9733,-0.9962,-1.0168,-1.0292,-1.0265,-1.004,-0.9648,-0.9223,-0.8915,-0.8754,-0.9032,-0.8922,-0.7318,-0.6221,-0.5427,-0.6553,-0.8275,-0.5029,-0.2,-0.1236,-0.1622,-0.1514,-0.0588,0.0733,0.0933,-0.0594,-0.2773,-0.5262,-0.8221,-1.1213,-1.2868,-1.2624,-1.1447,-1.0224,-0.9188,-0.9335,-0.9485,-0.9624,-0.9725,-0.9755,-0.9682,-0.9495,-0.9222,-0.8926,-0.8662,-0.8455,-0.8297,-0.7933,-0.7649,-0.7674,-0.6524,-0.6717,-0.7312,-0.5485,-0.4053,-0.3004,-0.2379,-0.147,0.0559,0.3991,0.4698,0.1034,-0.2399,-0.5643,-0.9736,-1.4343,-1.6502,-1.5214,-1.2928,-1.1045,-0.9031,-0.9136,-0.9233,-0.931,-0.9349,-0.9331,-0.9243,-0.9083,-0.8867,-0.8625,-0.8378,-0.8132,-0.7866,-0.7579,-0.7529,-0.7463,-0.6587,-0.5983,-0.5313,-0.5016,-0.4502,-0.3589,-0.2772,-0.1687,0.0464,0.4416,0.5287,0.0515,-0.2742,-0.584,-1.0169,-1.5565,-1.7985,-1.613,-1.3386,-1.1286,-0.8866,-0.8937,-0.8994,-0.9029,-0.903,-0.8987,-0.8892,-0.8748,-0.8561,-0.8346,-0.8111,-0.786,-0.7591,-0.7328,-0.7118,-0.683,-0.6292,-0.5712,-0.5221,-0.4915,-0.4332,-0.3514,-0.2878,-0.2217,-0.1179,-0.0503,-0.1972,-0.255,-0.3765,-0.5843,-0.8968,-1.3014,-1.5201,-1.4338,-1.2459,-1.0822,-0.8702,-0.8745,-0.8773,-0.878,-0.8757,-0.8699,-0.8601,-0.8465,-0.8295,-0.8097,-0.7876,-0.7634,-0.7375,-0.7107,-0.683,-0.6495,-0.6064,-0.5586,-0.5124,-0.4626,-0.3848,-0.2885,-0.2523,-0.2571,-0.2448,-0.2837,-0.385,-0.3872,-0.4955,-0.602,-0.7543,-0.9795,-1.1427,-1.158,-1.084,-0.9921,-0.8543,-0.8565,-0.8572,-0.8559,-0.852,-0.8453,-0.8354,-0.8224,-0.8065,-0.788,-0.7671,-0.7442,-0.7193,-0.6927,-0.6636,-0.6304,-0.5918,-0.5485,-0.5004,-0.4395,-0.3485,-0.2358,-0.209,-0.2663,-0.3032,-0.3409,-0.3935,-0.5001,-0.6538,-0.6527,-0.6843,-0.7934,-0.8993,-0.9449,-0.9343,-0.896,-0.8393,-0.8399,-0.839,-0.8363,-0.8314,-0.824,-0.8141,-0.8016,-0.7865,-0.7691,-0.7495,-0.7278,-0.7041,-0.6783,-0.65,-0.6183,-0.5826,-0.5424,-0.4957,-0.4375,-0.3621,-0.285,-0.2636,-0.3013,-0.3431,-0.3857,-0.4501,-0.5667,-0.6745,-0.6619,-0.6583,-0.7084,-0.7714,-0.813,-0.8249,-0.815]}]