docs/data/wind_grid.json
[{"header":{"la1":42.85,"la2":41.18,"lo1":11.55,"lo2":14.05,"nx":36,"ny":24,"dx":0.07143,"dy":0.07261,"parameterCategory":2,"parameterNumber":2,"parameterNumberName":"eastward_wind","parameterUnit":"m.s-1"},"data":[-0.5701,-0.5753,-0.5801,-0.5846,-0.5886,-0.5918,-0.5931,-0.5916,-0.5866,-0.5789,-0.5708,-0.5652,-0.5645,-0.5704,-0.5832,-0.6016,-0.6233,-0.6442,-0.6602,-0.6678,-0.6659,-0.6557,-0.6399,-0.6213,-0.602,-0.5835,-0.5665,-0.5513,-0.5377,-0.5258,-0.5154,-0.5061,-0.498,-0.4909,-0.4845,-0.4788,-0.5837,-0.5901,-0.5963,-0.6026,-0.6091,-0.6153,-0.6195,-0.6191,-0.6121,-0.5991,-0.5841,-0.5723,-0.5684,-0.5749,-0.5923,-0.6194,-0.6525,-0.6855,-0.7105,-0.7211,-0.7157,-0.6977,-0.6727,-0.6454,-0.6191,-0.5953,-0.5743,-0.5563,-0.5408,-0.5275,-0.516,-0.5061,-0.4975,-0.49,-0.4834,-0.4775,-0.5997,-0.6076,-0.6154,-0.6239,-0.6341,-0.6459,-0.6569,-0.6611,-0.6524,-0.6301,-0.6021,-0.5793,-0.5693,-0.5757,-0.5995,-0.6393,-0.6911,-0.7449,-0.7858,-0.8002,-0.7862,-0.7529,-0.7122,-0.6721,-0.6364,-0.6061,-0.5808,-0.5599,-0.5425,-0.528,-0.5157,-0.5053,-0.4963,-0.4885,-0.4817,-0.4758,-0.6189,-0.6287,-0.638,-0.6486,-0.6633,-0.6846,-0.7104,-0.7287,-0.7206,-0.6806,-0.6274,-0.5846,-0.5644,-0.5699,-0.6016,-0.6595,-0.7412,-0.8331,-0.9044,-0.9232,-0.8876,-0.8239,-0.7572,-0.6991,-0.6519,-0.6145,-0.585,-0.5615,-0.5426,-0.5271,-0.5143,-0.5035,-0.4943,-0.4864,-0.4795,-0.4735,-0.6427,-0.6549,-0.6654,-0.6766,-0.6948,-0.729,-0.7842,-0.8408,-0.8433,-0.7653,-0.6606,-0.584,-0.5493,-0.5533,-0.5937,-0.674,-0.8003,-0.9625,-1.0981,-1.1186,-1.0289,-0.9073,-0.8018,-0.7215,-0.6624,-0.6186,-0.5857,-0.5604,-0.5405,-0.5246,-0.5115,-0.5006,-0.4914,-0.4835,-0.4767,-0.4707,-0.6732,-0.6895,-0.7012,-0.7099,-0.725,-0.7679,-0.8672,-1.0139,-1.0592,-0.8916,-0.6887,-0.5664,-0.518,-0.5216,-0.5691,-0.6694,-0.848,-1.1241,-1.3925,-1.4022,-1.1935,-0.982,-0.832,-0.7319,-0.664,-0.6164,-0.5818,-0.556,-0.5361,-0.5203,-0.5075,-0.4968,-0.4877,-0.4799,-0.4732,-0.4673,-0.7132,-0.7384,-0.7542,-0.7569,-0.7549,-0.7813,-0.8995,-1.1575,-1.2855,-0.9711,-0.6612,-0.5134,-0.465,-0.4727,-0.5232,-0.6284,-0.8322,-1.2026,-1.6302,-1.6165,-1.2766,-1.0004,-0.8294,-0.7233,-0.654,-0.6067,-0.5731,-0.5483,-0.5294,-0.5144,-0.5022,-0.492,-0.4832,-0.4757,-0.4691,-0.4634,-0.7652,-0.8099,-0.8417,-0.842,-0.8054,-0.7678,-0.8047,-0.972,-1.0464,-0.7656,-0.5175,-0.4149,-0.3919,-0.4107,-0.4599,-0.5494,-0.7205,-1.0277,-1.3799,-1.3978,-1.1494,-0.9307,-0.7873,-0.6945,-0.6326,-0.59,-0.5599,-0.5378,-0.5208,-0.5073,-0.496,-0.4864,-0.4781,-0.4708,-0.4645,-0.459,-0.8274,-0.9104,-0.9896,-1.0163,-0.9345,-0.7797,-0.6541,-0.584,-0.4888,-0.3519,-0.2894,-0.289,-0.3095,-0.3458,-0.3966,-0.4603,-0.581,-0.773,-0.9583,-1.0093,-0.9288,-0.8174,-0.7234,-0.6534,-0.6034,-0.5684,-0.5436,-0.5253,-0.5111,-0.4994,-0.4893,-0.4803,-0.4724,-0.4654,-0.4592,-0.4539,-0.8876,-1.0278,-1.2094,-1.3513,-1.2332,-0.8756,-0.5614,-0.2989,0.0023,0.125,-0.0391,-0.1694,-0.2285,-0.2812,-0.3622,-0.4035,-0.4977,-0.6586,-0.7808,-0.8199,-0.7891,-0.7268,-0.6627,-0.61,-0.5713,-0.5446,-0.5261,-0.5124,-0.5013,-0.4914,-0.4824,-0.474,-0.4662,-0.4593,-0.4533,-0.4481,-0.9195,-1.1078,-1.4081,-1.7691,-1.6624,-0.9947,-0.5318,-0.196,0.4345,0.7306,0.1466,-0.0947,-0.1499,-0.1799,-0.3018,-0.3887,-0.5076,-0.7257,-0.8436,-0.8236,-0.7505,-0.6759,-0.6147,-0.5698,-0.54,-0.5217,-0.5099,-0.5009,-0.4926,-0.4843,-0.4758,-0.4675,-0.4596,-0.4525,-0.4464,-0.4414,-0.8989,-1.0786,-1.3624,-1.6952,-1.5658,-0.91,-0.5275,-0.3822,0.0289,0.3616,0.0499,-0.081,-0.0806,-0.0322,-0.0732,-0.3166,-0.6343,-1.0903,-1.2052,-0.9677,-0.7648,-0.643,-0.5724,-0.5329,-0.5126,-0.5034,-0.498,-0.4927,-0.4863,-0.4786,-0.4699,-0.4609,-0.4522,-0.4446,-0.4383,-0.4335,-0.8297,-0.9499,-1.0988,-1.1945,-1.0435,-0.7134,-0.5335,-0.4979,-0.4716,-0.1754,-0.1015,-0.0651,-0.0444,0.075,0.0829,-0.3017,-0.7945,-1.7808,-1.8024,-1.0972,-0.7469,-0.591,-0.5234,-0.4989,-0.4949,-0.4957,-0.4935,-0.4891,-0.483,-0.4747,-0.4646,-0.4537,-0.4434,-0.4347,-0.4281,-0.4237,-0.7402,-0.8005,-0.8495,-0.8428,-0.7401,-0.5961,-0.5265,-0.5752,-0.4923,-0.2693,-0.1443,-0.0145,0.0109,-0.1787,-0.1597,-0.3982,-0.7439,-1.3091,-1.3855,-0.9072,-0.612,-0.4885,-0.4573,-0.4674,-0.4906,-0.5,-0.4945,-0.4893,-0.483,-0.473,-0.4596,-0.445,-0.4317,-0.4214,-0.4147,-0.4113,-0.6557,-0.6784,-0.684,-0.6566,-0.5926,-0.5183,-0.4688,-0.4371,-0.3555,-0.2313,-0.1511,-0.1274,-0.1517,-0.2008,-0.2608,-0.5648,-0.8368,-0.7643,-0.7353,-0.5492,-0.3682,-0.3237,-0.3676,-0.427,-0.4758,-0.4938,-0.4942,-0.494,-0.4881,-0.474,-0.4539,-0.4324,-0.4141,-0.4019,-0.3961,-0.3951,-0.5862,-0.5896,-0.5795,-0.5511,-0.5064,-0.4554,-0.4068,-0.3534,-0.2767,-0.1742,-0.0606,-0.172,-0.1984,-0.2307,-0.2986,-0.5169,-0.7082,-0.5491,-0.421,-0.2762,-0.0898,-0.1288,-0.2735,-0.3804,-0.4515,-0.4894,-0.5083,-0.514,-0.5036,-0.4788,-0.4453,-0.4111,-0.3851,-0.3718,-0.3698,-0.3742,-0.532,-0.5262,-0.511,-0.4848,-0.4493,-0.408,-0.3631,-0.3116,-0.248,-0.1688,-0.084,-0.1573,-0.2829,-0.3314,-0.2861,-0.3304,-0.3623,-0.2729,-0.1741,-0.1388,-0.0424,-0.0873,-0.2345,-0.3604,-0.4616,-0.5343,-0.5699,-0.5668,-0.536,-0.4879,-0.4294,-0.3726,-0.3351,-0.3249,-0.3334,-0.3485,-0.4905,-0.4806,-0.4639,-0.4403,-0.4103,-0.3756,-0.3372,-0.2948,-0.2491,-0.2054,-0.1833,-0.2155,-0.3056,-0.3208,-0.2041,-0.1607,-0.1641,-0.0462,0.0698,-0.0193,-0.0766,-0.1366,-0.2413,-0.3755,-0.5257,-0.6605,-0.7076,-0.6621,-0.5865,-0.5001,-0.4012,-0.3051,-0.2523,-0.2569,-0.2884,-0.3208,-0.4587,-0.4471,-0.4307,-0.4094,-0.3837,-0.3546,-0.323,-0.29,-0.258,-0.232,-0.2203,-0.2274,-0.2384,-0.1942,-0.02,0.0479,-0.0565,0.0136,0.1037,0.1497,0.0271,-0.1051,-0.2328,-0.3965,-0.6168,-0.8565,-0.9087,-0.7735,-0.642,-0.515,-0.3675,-0.2147,-0.1459,-0.1829,-0.2475,-0.2989,-0.4343,-0.4223,-0.4067,-0.3876,-0.3656,-0.3411,-0.3153,-0.2894,-0.2653,-0.2458,-0.2328,-0.2237,-0.2051,-0.1468,-0.0262,0.0167,-0.0291,0.0567,0.3249,0.4445,0.1436,-0.0433,-0.1859,-0.3751,-0.6353,-0.9032,-0.9563,-0.8241,-0.6836,-0.537,-0.3655,-0.1791,-0.101,-0.1567,-0.2356,-0.2931,-0.4154,-0.4036,-0.3891,-0.3722,-0.3531,-0.3324,-0.311,-0.2899,-0.2701,-0.2528,-0.2377,-0.2218,-0.1975,-0.1558,-0.1019,-0.0697,-0.0444,0.0437,0.2072,0.2592,0.1252,0.036,-0.0582,-0.2695,-0.5606,-0.8184,-0.9685,-0.8927,-0.7101,-0.5605,-0.4161,-0.2649,-0.1886,-0.2116,-0.2637,-0.3071,-0.4007,-0.3894,-0.3761,-0.361,-0.3444,-0.3267,-0.3086,-0.2906,-0.2734,-0.2573,-0.2415,-0.2241,-0.2018,-0.1726,-0.14,-0.1093,-0.0723,-0.0125,0.0592,0.0953,0.1196,0.2281,0.2379,-0.0635,-0.4519,-0.8052,-1.0777,-0.9275,-0.6631,-0.5523,-0.4685,-0.3732,-0.3086,-0.2959,-0.3117,-0.3329,-0.3893,-0.3786,-0.3665,-0.353,-0.3383,-0.323,-0.3072,-0.2915,-0.2761,-0.261,-0.2457,-0.229,-0.2096,-0.187,-0.1619,-0.1347,-0.1021,-0.0608,-0.0142,0.0396,0.152,0.3932,0.4684,0.0957,-0.3285,-0.6425,-0.7964,-0.6847,-0.5173,-0.5103,-0.4874,-0.433,-0.3844,-0.3596,-0.3547,-0.3595,-0.3803,-0.3703,-0.3593,-0.3471,-0.3341,-0.3206,-0.3067,-0.2927,-0.2788,-0.2648,-0.2505,-0.2352,-0.2183,-0.1995,-0.1788,-0.1557,-0.129,-0.0972,-0.0583,-0.002,0.0997,0.246,0.2638,0.0288,-0.2681,-0.4891,-0.5881,-0.5556,-0.4956,-0.4974,-0.487,-0.454,-0.4197,-0.3959,-0.3839,-0.3801]},{"header":{"la1":42.85,"la2":41.18,"lo1":11.55,"lo2":14.05,"nx":36,"ny":24,"dx":0.07143,"dy":0.07261,"parameterCategory":2,"parameterNumber":3,"parameterNumberName":"northward_wind","parameterUnit":"m.s-1"},"data":[-0.5918,-0.5878,-0.5825,-0.5759,-0.5683,-0.5604,-0.5536,-0.5491,-0.5478,-0.5498,-0.5539,-0.5588,-0.563,-0.566,-0.5674,-0.5675,-0.5664,-0.5642,-0.561,-0.5566,-0.5512,-0.5451,-0.5388,-0.5328,-0.5275,-0.5232,-0.5199,-0.5177,-0.5164,-0.516,-0.5164,-0.5173,-0.5188,-0.5206,-0.5226,-0.5248,-0.5963,-0.5916,-0.5849,-0.576,-0.5651,-0.5532,-0.5422,-0.5351,-0.5338,-0.5385,-0.5471,-0.5565,-0.5643,-0.5696,-0.5724,-0.5733,-0.5728,-0.5711,-0.5679,-0.563,-0.5563,-0.5485,-0.5404,-0.5328,-0.5263,-0.5212,-0.5175,-0.5151,-0.514,-0.5138,-0.5146,-0.516,-0.518,-0.5203,-0.5228,-0.5254,-0.6018,-0.5966,-0.5884,-0.5766,-0.5608,-0.5419,-0.5231,-0.51,-0.5082,-0.5185,-0.5356,-0.5529,-0.5662,-0.5747,-0.5792,-0.581,-0.5813,-0.5805,-0.578,-0.5726,-0.564,-0.5533,-0.5424,-0.5325,-0.5245,-0.5185,-0.5144,-0.512,-0.5112,-0.5115,-0.5128,-0.5148,-0.5174,-0.5203,-0.5234,-0.5266,-0.6087,-0.6032,-0.5938,-0.5788,-0.5564,-0.5261,-0.4916,-0.4646,-0.4603,-0.4825,-0.5173,-0.5486,-0.5701,-0.5824,-0.5883,-0.5908,-0.5922,-0.5936,-0.5933,-0.5876,-0.5755,-0.56,-0.5446,-0.5317,-0.5218,-0.5149,-0.5106,-0.5084,-0.508,-0.509,-0.511,-0.5138,-0.5172,-0.5208,-0.5246,-0.5284,-0.617,-0.6121,-0.6025,-0.585,-0.5553,-0.5081,-0.4437,-0.382,-0.3681,-0.4192,-0.4916,-0.5466,-0.5784,-0.5942,-0.6009,-0.6032,-0.6056,-0.6114,-0.6171,-0.6118,-0.5925,-0.5679,-0.546,-0.5292,-0.5174,-0.51,-0.5058,-0.5042,-0.5046,-0.5064,-0.5094,-0.5131,-0.5174,-0.522,-0.5267,-0.5311,-0.6266,-0.6233,-0.6152,-0.5982,-0.5642,-0.4992,-0.3871,-0.2455,-0.1988,-0.3225,-0.4686,-0.5548,-0.5953,-0.6125,-0.6184,-0.6188,-0.6201,-0.632,-0.6518,-0.6477,-0.6129,-0.574,-0.544,-0.5236,-0.5108,-0.5035,-0.5001,-0.4996,-0.5011,-0.504,-0.5082,-0.5131,-0.5185,-0.5242,-0.5297,-0.535,-0.6367,-0.6357,-0.6313,-0.6197,-0.5911,-0.5234,-0.3759,-0.1281,-0.0164,-0.2614,-0.4866,-0.5867,-0.6244,-0.6394,-0.6446,-0.6412,-0.6344,-0.6442,-0.679,-0.6755,-0.6214,-0.5699,-0.5349,-0.5133,-0.5013,-0.4955,-0.4939,-0.4949,-0.4978,-0.5022,-0.5077,-0.514,-0.5208,-0.5276,-0.5343,-0.5404,-0.6458,-0.6466,-0.6461,-0.6442,-0.6348,-0.5973,-0.4921,-0.2976,-0.2148,-0.4229,-0.5902,-0.6477,-0.6638,-0.6757,-0.6878,-0.6827,-0.6557,-0.6378,-0.6506,-0.643,-0.5945,-0.5474,-0.5157,-0.4976,-0.4891,-0.4868,-0.4879,-0.491,-0.4955,-0.5013,-0.5083,-0.5162,-0.5246,-0.5329,-0.5409,-0.5479,-0.6524,-0.6519,-0.6503,-0.6544,-0.6724,-0.6932,-0.6893,-0.6635,-0.6818,-0.7455,-0.7535,-0.7215,-0.7022,-0.7188,-0.7672,-0.7769,-0.7035,-0.6309,-0.597,-0.5741,-0.5414,-0.5093,-0.4877,-0.4776,-0.4762,-0.4795,-0.4844,-0.4895,-0.4951,-0.502,-0.5105,-0.5202,-0.5305,-0.5407,-0.5501,-0.5582,-0.6565,-0.6501,-0.6338,-0.6203,-0.6591,-0.7615,-0.8631,-0.9566,-1.0779,-1.1017,-0.9294,-0.7791,-0.7215,-0.7504,-0.9003,-0.9811,-0.7699,-0.6199,-0.5497,-0.5125,-0.485,-0.4643,-0.4545,-0.4566,-0.4667,-0.4784,-0.487,-0.4926,-0.4978,-0.5049,-0.5148,-0.5267,-0.5395,-0.552,-0.5631,-0.5721,-0.661,-0.6482,-0.6089,-0.5417,-0.5761,-0.8002,-1.0088,-1.1559,-1.3868,-1.5078,-1.0556,-0.7859,-0.7115,-0.7396,-0.8737,-0.9801,-0.7244,-0.565,-0.4942,-0.4555,-0.4289,-0.4151,-0.4184,-0.4392,-0.469,-0.4931,-0.503,-0.5037,-0.5044,-0.5101,-0.5214,-0.5364,-0.5528,-0.5682,-0.5813,-0.5911,-0.6695,-0.6601,-0.6252,-0.5634,-0.6151,-0.8946,-1.1764,-1.3345,-1.3436,-1.3212,-0.9605,-0.7175,-0.6855,-0.8048,-0.7406,-0.6637,-0.556,-0.4778,-0.4438,-0.403,-0.368,-0.3563,-0.3774,-0.4313,-0.4998,-0.5435,-0.5437,-0.5255,-0.5142,-0.5168,-0.5306,-0.5507,-0.5723,-0.5918,-0.6069,-0.617,-0.6809,-0.6847,-0.6834,-0.6943,-0.7887,-1.0122,-1.297,-1.5038,-1.3998,-1.0705,-0.779,-0.6136,-0.5754,-0.8018,-0.6848,-0.4892,-0.4058,-0.4553,-0.4518,-0.3519,-0.2858,-0.2714,-0.3203,-0.4334,-0.5816,-0.6586,-0.6166,-0.5529,-0.5219,-0.5225,-0.5428,-0.572,-0.6017,-0.6264,-0.6434,-0.6525,-0.6897,-0.7053,-0.7281,-0.7727,-0.8655,-1.0223,-1.2268,-1.4167,-1.2931,-0.907,-0.6357,-0.5725,-0.5127,0.1613,-0.2768,-0.2341,-0.1496,-0.3099,-0.3489,-0.2388,-0.1358,-0.1209,-0.2186,-0.4115,-0.6706,-0.7927,-0.6768,-0.5596,-0.5162,-0.5245,-0.56,-0.6052,-0.6474,-0.6784,-0.6957,-0.7008,-0.6913,-0.7116,-0.7403,-0.7847,-0.8522,-0.9429,-1.0376,-1.0738,-0.9426,-0.6889,-0.4932,-0.3804,-0.15,0.2663,-0.0785,0.0993,0.4655,0.0059,-0.1465,-0.0283,0.1821,0.1761,-0.0366,-0.297,-0.566,-0.6941,-0.6025,-0.5065,-0.4865,-0.5226,-0.5882,-0.6606,-0.7209,-0.758,-0.771,-0.7659,-0.6852,-0.7041,-0.7287,-0.7608,-0.8,-0.8396,-0.8602,-0.8262,-0.7064,-0.5288,-0.3965,-0.2479,-0.2237,-0.1242,-0.1427,0.0493,0.2897,-0.0048,-0.0914,0.2023,0.7977,0.6581,0.1779,-0.1316,-0.324,-0.412,-0.403,-0.3914,-0.4329,-0.5226,-0.6394,-0.756,-0.8421,-0.8809,-0.8782,-0.8513,-0.673,-0.6877,-0.7048,-0.7235,-0.7409,-0.7497,-0.7372,-0.688,-0.5956,-0.4798,-0.3961,-0.3394,-0.3766,-0.4063,-0.2969,-0.2135,-0.1687,-0.2582,-0.275,0.1158,0.8726,0.71,0.2179,-0.0345,-0.1299,-0.1449,-0.1581,-0.2306,-0.3619,-0.5333,-0.7309,-0.92,-1.0417,-1.0669,-1.0239,-0.956,-0.6574,-0.6673,-0.6771,-0.6853,-0.6888,-0.6824,-0.6595,-0.6148,-0.55,-0.4789,-0.4235,-0.3982,-0.4319,-0.4461,-0.4231,-0.4158,-0.3824,-0.5196,-0.7172,-0.282,0.1402,0.2108,0.0681,-0.0163,0.0318,0.1702,0.1858,-0.0154,-0.2822,-0.5617,-0.8745,-1.1832,-1.3521,-1.3247,-1.1995,-1.0677,-0.6406,-0.6461,-0.6501,-0.6513,-0.6471,-0.6346,-0.6108,-0.5746,-0.5291,-0.4824,-0.4452,-0.4261,-0.4302,-0.4593,-0.5809,-0.6344,-0.4766,-0.5027,-0.5657,-0.294,-0.1509,-0.0809,-0.0766,-0.033,0.177,0.6085,0.6985,0.2015,-0.2367,-0.6064,-1.0366,-1.5078,-1.7275,-1.5943,-1.3561,-1.1567,-0.624,-0.626,-0.6261,-0.6229,-0.615,-0.6008,-0.5792,-0.5505,-0.5173,-0.4846,-0.4581,-0.4431,-0.4452,-0.4783,-0.5682,-0.5932,-0.4698,-0.3758,-0.2015,-0.1175,-0.2006,-0.2066,-0.1876,-0.1043,0.139,0.6544,0.7701,0.1007,-0.3133,-0.6552,-1.0963,-1.6363,-1.8792,-1.6902,-1.4065,-1.1851,-0.6086,-0.6081,-0.6055,-0.6,-0.5906,-0.5766,-0.5578,-0.5348,-0.5097,-0.4853,-0.4651,-0.4526,-0.4512,-0.4649,-0.4878,-0.481,-0.424,-0.3442,-0.2427,-0.2053,-0.2625,-0.3133,-0.3162,-0.2455,-0.1238,-0.0764,-0.3434,-0.401,-0.5048,-0.7111,-1.007,-1.392,-1.6024,-1.5115,-1.3153,-1.1407,-0.5947,-0.5925,-0.5883,-0.5816,-0.5719,-0.5589,-0.5427,-0.524,-0.504,-0.4848,-0.4684,-0.4566,-0.4508,-0.4503,-0.449,-0.4348,-0.4017,-0.3569,-0.3158,-0.3108,-0.3658,-0.4621,-0.4879,-0.3996,-0.3397,-0.4422,-0.668,-0.6278,-0.7218,-0.8164,-0.9198,-1.1002,-1.2385,-1.2404,-1.1552,-1.0515,-0.5824,-0.5791,-0.5741,-0.567,-0.5575,-0.5457,-0.5316,-0.516,-0.4996,-0.4838,-0.4696,-0.4581,-0.4494,-0.4425,-0.434,-0.4198,-0.3988,-0.3757,-0.3617,-0.375,-0.4387,-0.5534,-0.5852,-0.486,-0.4393,-0.4999,-0.6079,-0.7633,-1.0107,-0.9745,-0.9101,-0.9484,-1.0131,-1.035,-1.0079,-0.9557,-0.5718,-0.5678,-0.5623,-0.5552,-0.5463,-0.5356,-0.5233,-0.5099,-0.4961,-0.4826,-0.47,-0.4588,-0.4491,-0.4399,-0.4299,-0.4179,-0.4043,-0.3925,-0.3897,-0.4057,-0.4504,-0.5124,-0.5294,-0.4911,-0.4805,-0.5324,-0.6437,-0.8453,-1.0477,-1.0,-0.9018,-0.8786,-0.8951,-0.9076,-0.8994,-0.874]}]