docs/data/wind_grid.json
[{"header":{"la1":42.85,"la2":41.18,"lo1":11.55,"lo2":14.05,"nx":36,"ny":24,"dx":0.07143,"dy":0.07261,"parameterCategory":2,"parameterNumber":2,"parameterNumberName":"eastward_wind","parameterUnit":"m.s-1"},"data":[2.027,2.0369,2.046,2.0538,2.059,2.0595,2.0524,2.0342,2.0015,1.9534,1.8908,1.8165,1.7336,1.6446,1.5518,1.458,1.3673,1.2853,1.218,1.1696,1.1419,1.1341,1.145,1.1714,1.2084,1.2504,1.2932,1.3339,1.3711,1.4045,1.4342,1.4604,1.4837,1.5043,1.5227,1.5392,2.0486,2.063,2.0775,2.0917,2.1049,2.1147,2.1168,2.1047,2.0721,2.0164,1.9403,1.8493,1.7483,1.6403,1.5268,1.4099,1.2946,1.1895,1.1054,1.0494,1.0217,1.0193,1.041,1.0836,1.1391,1.1983,1.2549,1.3059,1.3507,1.3894,1.4229,1.4519,1.4772,1.4993,1.5187,1.536,2.0704,2.09,2.1106,2.1327,2.1565,2.181,2.2002,2.202,2.1722,2.1051,2.0078,1.8928,1.7687,1.638,1.4997,1.353,1.2022,1.0616,0.9536,0.8928,0.8722,0.8785,0.9145,0.9815,1.0645,1.1468,1.22,1.2822,1.3343,1.378,1.4148,1.446,1.4728,1.496,1.5162,1.534,2.0922,2.1177,2.145,2.1751,2.2117,2.258,2.3092,2.3426,2.3228,2.2341,2.0988,1.9475,1.7943,1.6386,1.4729,1.2888,1.0851,0.8822,0.7328,0.6818,0.6962,0.7153,0.7639,0.8687,0.9921,1.1028,1.1934,1.2658,1.3241,1.3714,1.4105,1.4432,1.4709,1.4947,1.5154,1.5334,2.1137,2.1469,2.1813,2.2178,2.2652,2.3396,2.4485,2.5561,2.5653,2.4254,2.2145,2.0083,1.8216,1.6422,1.4513,1.2263,0.9453,0.6191,0.3653,0.3625,0.5168,0.5611,0.6048,0.768,0.941,1.078,1.1814,1.2602,1.3215,1.3705,1.4105,1.4436,1.4716,1.4955,1.5161,1.5341,2.1347,2.1803,2.2254,2.2638,2.3095,2.4055,2.5999,2.8717,2.9623,2.6867,2.3339,2.0594,1.8431,1.6474,1.4416,1.1868,0.8187,0.2667,-0.3162,-0.238,0.3418,0.5047,0.538,0.7461,0.9412,1.0845,1.1888,1.267,1.3275,1.3756,1.4147,1.4473,1.4747,1.4981,1.5183,1.536,2.1528,2.222,2.2948,2.3353,2.3457,2.4202,2.6683,3.1387,3.3649,2.8714,2.3863,2.0777,1.8507,1.6494,1.4437,1.1947,0.8041,0.0712,-1.0448,-0.9328,0.2292,0.607,0.699,0.8524,1.004,1.1239,1.2151,1.2854,1.3408,1.3856,1.4226,1.4536,1.4799,1.5024,1.5218,1.5388,2.1574,2.2653,2.4184,2.4992,2.4007,2.3677,2.5422,2.8873,3.0362,2.6846,2.3218,2.0612,1.8454,1.6386,1.4328,1.2284,0.9491,0.4295,-0.2649,-0.1077,0.6867,0.9204,0.9466,1.0099,1.0983,1.1823,1.2529,1.3108,1.3587,1.399,1.433,1.4619,1.4866,1.5078,1.5261,1.5423,2.1243,2.2533,2.5339,2.7834,2.4369,2.2505,2.3379,2.4866,2.5381,2.4337,2.2497,2.0479,1.843,1.6076,1.3374,1.1676,1.0919,0.9048,0.7033,0.8395,1.2435,1.2214,1.1267,1.1381,1.1868,1.241,1.2914,1.3367,1.3772,1.413,1.4443,1.4712,1.4942,1.5138,1.5309,1.546,2.0371,2.0894,2.229,2.3307,2.0023,2.0188,2.1854,2.3369,2.4641,2.4705,2.2812,2.0688,1.8728,1.6001,1.0645,0.7828,1.1045,1.1454,1.0832,1.1091,1.2242,1.2337,1.2109,1.2246,1.253,1.2849,1.319,1.3552,1.3915,1.4254,1.4552,1.4805,1.5018,1.5199,1.5355,1.5494,1.9301,1.8495,1.6074,1.0037,1.1029,1.7619,2.1097,2.3124,2.6395,2.8033,2.3629,2.1044,1.9565,1.7749,1.2202,0.8088,1.2098,1.2321,1.1787,1.1915,1.2307,1.2563,1.2714,1.2821,1.2883,1.2981,1.3219,1.3581,1.3979,1.4344,1.4648,1.4893,1.509,1.5252,1.5392,1.5518,1.8641,1.7357,1.4509,1.0017,1.1274,1.7686,2.1287,2.2827,2.4272,2.5589,2.2877,2.1253,2.0601,2.0779,1.9037,1.6066,1.4224,1.0871,0.9796,1.1542,1.267,1.3119,1.3234,1.3085,1.2726,1.252,1.2804,1.3383,1.3955,1.4407,1.4737,1.4974,1.5149,1.5288,1.5409,1.5522,1.8561,1.7626,1.6206,1.5044,1.6222,1.9217,2.1525,2.4431,2.1293,2.2143,2.1856,2.1845,2.1392,2.1546,2.0811,1.8921,1.5572,0.466,0.4007,1.0777,1.2984,1.3577,1.3572,1.2993,1.1763,1.1002,1.179,1.3009,1.3915,1.4487,1.4835,1.5046,1.5184,1.529,1.5389,1.5494,1.881,1.8335,1.7862,1.78,1.8593,1.9905,2.0799,2.0156,2.0394,2.1226,2.1498,2.2977,2.3098,1.7892,2.0241,2.1588,1.9023,1.1278,0.8986,1.2334,1.3545,1.3814,1.3766,1.2898,1.0573,0.9042,1.0843,1.2861,1.4039,1.4653,1.4955,1.5096,1.5167,1.5228,1.5308,1.5414,1.9128,1.8944,1.8856,1.9016,1.9496,2.0116,2.0547,2.0646,2.0794,2.1033,2.114,2.112,2.0275,1.9058,2.0351,2.2065,1.8179,1.7073,1.5244,1.4388,1.3209,1.3103,1.3762,1.3458,1.1643,1.0362,1.1787,1.3508,1.4492,1.4939,1.5082,1.5078,1.5043,1.505,1.5126,1.5257,1.9399,1.936,1.9402,1.9575,1.9876,2.0221,2.0498,2.0679,2.0844,2.109,2.1567,2.0284,2.0157,1.9943,2.0197,1.9859,1.8537,1.8714,1.7851,1.4796,0.9103,1.0185,1.3539,1.451,1.4063,1.3619,1.4072,1.4783,1.5197,1.5283,1.514,1.4897,1.4705,1.4669,1.4787,1.4998,1.96,1.9625,1.9705,1.9854,2.006,2.0285,2.0486,2.0654,2.0819,2.1057,2.143,2.0795,2.0305,2.0271,2.0697,2.0769,2.0691,2.1352,2.1439,1.7137,0.8707,1.0242,1.4441,1.5862,1.6053,1.6023,1.6076,1.6076,1.5918,1.5563,1.5009,1.4385,1.3973,1.3957,1.4239,1.4629,1.974,1.9792,1.9879,2.0004,2.0159,2.0324,2.0482,2.0625,2.076,2.0889,2.0942,2.0788,2.0513,2.0681,2.2313,2.3154,2.304,2.515,2.7886,2.3143,1.7924,1.6372,1.7123,1.7568,1.7625,1.767,1.7571,1.7114,1.649,1.5695,1.4592,1.3337,1.2617,1.2815,1.3493,1.4196,1.9836,1.9898,1.9983,2.0091,2.0216,2.0348,2.0479,2.0604,2.0722,2.0826,2.0906,2.0995,2.1262,2.2391,2.6086,2.7643,2.4932,2.6138,2.8057,2.7718,2.4025,2.1142,1.9953,1.9272,1.873,1.8686,1.8652,1.777,1.6825,1.5722,1.4029,1.1855,1.0759,1.1491,1.2778,1.3845,1.9902,1.9966,2.0047,2.0143,2.025,2.0364,2.0481,2.0598,2.0716,2.0841,2.0995,2.1248,2.1795,2.3133,2.5835,2.6796,2.5353,2.66,3.1559,3.3913,2.7577,2.4161,2.2486,2.0941,1.9429,1.8824,1.8752,1.7626,1.6822,1.5797,1.3932,1.1254,0.9948,1.1009,1.2582,1.3787,1.9945,2.001,2.0087,2.0174,2.0271,2.0375,2.0485,2.0601,2.0728,2.0877,2.1079,2.1393,2.1933,2.2842,2.399,2.4598,2.4865,2.6278,2.925,3.0248,2.7866,2.6795,2.5882,2.3307,2.027,1.8021,1.6344,1.6397,1.655,1.5998,1.4662,1.2666,1.1526,1.2051,1.3153,1.4114,1.9974,2.0038,2.0111,2.0193,2.0284,2.0382,2.0488,2.0605,2.0739,2.0902,2.1118,2.1424,2.1865,2.2455,2.3101,2.3654,2.4259,2.5283,2.6613,2.7475,2.8532,3.1638,3.2371,2.7154,2.1631,1.7628,1.5079,1.5793,1.6366,1.6197,1.5561,1.4479,1.3676,1.3657,1.4129,1.4695,1.9992,2.0055,2.0125,2.0203,2.0289,2.0383,2.0487,2.0604,2.074,2.0905,2.1115,2.1388,2.1741,2.2168,2.2639,2.3134,2.3718,2.4491,2.5464,2.6803,2.9701,3.5592,3.7411,3.0056,2.3139,1.8913,1.6869,1.6466,1.6141,1.6189,1.6095,1.5609,1.512,1.4939,1.5059,1.5325,2.0002,2.0063,2.013,2.0205,2.0288,2.0379,2.048,2.0595,2.0728,2.0887,2.1082,2.1321,2.1611,2.195,2.2331,2.2761,2.3273,2.3924,2.4805,2.6195,2.8721,3.2283,3.2947,2.8541,2.3519,2.0052,1.8042,1.6845,1.6125,1.6239,1.6388,1.6227,1.5964,1.5799,1.5786,1.5887]},{"header":{"la1":42.85,"la2":41.18,"lo1":11.55,"lo2":14.05,"nx":36,"ny":24,"dx":0.07143,"dy":0.07261,"parameterCategory":2,"parameterNumber":3,"parameterNumberName":"northward_wind","parameterUnit":"m.s-1"},"data":[0.6515,0.6629,0.672,0.6781,0.6808,0.6793,0.6722,0.6575,0.6334,0.5991,0.555,0.5025,0.443,0.3774,0.3063,0.2302,0.15,0.0677,-0.0143,-0.092,-0.1598,-0.2101,-0.2368,-0.2399,-0.2256,-0.2021,-0.1764,-0.1522,-0.1313,-0.1139,-0.0997,-0.0882,-0.0788,-0.0711,-0.0646,-0.0591,0.6837,0.6993,0.7122,0.722,0.7287,0.7318,0.7294,0.7181,0.6939,0.6552,0.6034,0.5415,0.4722,0.3962,0.3136,0.2241,0.1282,0.0279,-0.0743,-0.1749,-0.2662,-0.3331,-0.3609,-0.3488,-0.3119,-0.267,-0.2244,-0.1885,-0.1597,-0.137,-0.1194,-0.1056,-0.0946,-0.0857,-0.0783,-0.072,0.7193,0.7402,0.7577,0.7716,0.7829,0.7927,0.7991,0.7955,0.7729,0.7275,0.6634,0.5883,0.5068,0.4193,0.3241,0.2191,0.1041,-0.0185,-0.1458,-0.2778,-0.4101,-0.5121,-0.5405,-0.4947,-0.4154,-0.3368,-0.2721,-0.2227,-0.1858,-0.1584,-0.1378,-0.1221,-0.1099,-0.1001,-0.092,-0.0851,0.7593,0.7877,0.811,0.8286,0.8437,0.8621,0.8847,0.8992,0.8827,0.8243,0.7379,0.6426,0.5464,0.4473,0.3395,0.2173,0.0786,-0.0722,-0.2267,-0.3939,-0.5979,-0.7844,-0.8102,-0.6835,-0.5276,-0.4024,-0.313,-0.2509,-0.2076,-0.1768,-0.1544,-0.1376,-0.1246,-0.1143,-0.1057,-0.0983,0.8051,0.8454,0.8774,0.8971,0.9109,0.9367,0.9879,1.0462,1.048,0.9581,0.8264,0.7009,0.589,0.4806,0.3628,0.2235,0.0543,-0.1379,-0.3205,-0.4958,-0.7946,-1.1807,-1.1795,-0.8783,-0.6163,-0.4458,-0.3384,-0.2693,-0.2234,-0.1917,-0.169,-0.1521,-0.1389,-0.1284,-0.1195,-0.1118,0.8572,0.9196,0.9697,0.9902,0.9874,1.0053,1.0952,1.2523,1.3065,1.1319,0.9146,0.7533,0.6309,0.5196,0.3983,0.2471,0.0437,-0.2195,-0.4633,-0.5636,-0.8293,-1.4032,-1.3624,-0.929,-0.6253,-0.4478,-0.342,-0.2761,-0.233,-0.2034,-0.182,-0.1659,-0.1532,-0.1427,-0.1338,-0.1258,0.912,1.016,1.1143,1.1454,1.0895,1.0506,1.1471,1.4217,1.5634,1.2519,0.958,0.7865,0.6694,0.5644,0.4488,0.3006,0.0829,-0.2503,-0.6266,-0.633,-0.6426,-0.9214,-0.9585,-0.7379,-0.5393,-0.4087,-0.3265,-0.2739,-0.2385,-0.2135,-0.1947,-0.18,-0.168,-0.1577,-0.1487,-0.1405,0.9525,1.1209,1.3409,1.4442,1.2519,1.0621,1.0755,1.2612,1.3521,1.1335,0.9274,0.8016,0.7083,0.6146,0.5073,0.3805,0.1983,-0.0887,-0.405,-0.4752,-0.497,-0.5529,-0.5681,-0.5091,-0.424,-0.3537,-0.3043,-0.2698,-0.2445,-0.2248,-0.2088,-0.1954,-0.184,-0.1739,-0.1648,-0.1563,0.9428,1.1513,1.5388,1.8615,1.385,1.0044,0.9372,0.9885,1.0153,0.964,0.8887,0.8235,0.7612,0.6704,0.5416,0.4363,0.3369,0.1526,-0.0798,-0.3039,-0.5627,-0.535,-0.4231,-0.3719,-0.3379,-0.312,-0.2915,-0.2735,-0.2565,-0.2406,-0.2262,-0.2134,-0.2021,-0.1919,-0.1824,-0.1734,0.8584,0.9897,1.2186,1.3657,0.9597,0.7954,0.7944,0.8476,0.9258,0.9534,0.9036,0.8722,0.8523,0.7597,0.4851,0.331,0.4296,0.3519,0.1616,-0.1149,-0.4138,-0.4216,-0.3217,-0.2916,-0.2948,-0.3028,-0.3035,-0.2947,-0.28,-0.2637,-0.2483,-0.2346,-0.2227,-0.212,-0.202,-0.1922,0.7357,0.7319,0.5945,0.1409,0.1879,0.543,0.6695,0.7626,0.9964,1.1161,0.9432,0.9415,1.0132,1.0124,0.6521,0.3746,0.5598,0.5431,0.4079,0.1754,-0.0557,-0.1671,-0.206,-0.251,-0.3056,-0.3461,-0.3563,-0.3421,-0.3185,-0.2951,-0.2754,-0.2594,-0.2463,-0.2347,-0.2239,-0.2132,0.6372,0.5783,0.4013,0.1025,0.1602,0.4657,0.5819,0.6353,0.7799,0.9529,0.9145,1.0127,1.2209,1.5441,1.2964,0.8941,0.779,0.7936,0.7124,0.4286,0.1613,-0.0225,-0.153,-0.2757,-0.3987,-0.4743,-0.4684,-0.42,-0.3706,-0.333,-0.3063,-0.2874,-0.2729,-0.2606,-0.2488,-0.2368,0.5818,0.5342,0.4464,0.361,0.3896,0.4795,0.5078,0.7532,0.3774,0.6791,0.8754,1.1132,1.2626,1.7174,1.4989,1.037,0.9033,1.1248,1.092,0.5628,0.2147,-0.0113,-0.1833,-0.3701,-0.5978,-0.7239,-0.6431,-0.5153,-0.4257,-0.3713,-0.3385,-0.3177,-0.303,-0.2904,-0.2776,-0.2638,0.5534,0.527,0.4918,0.4673,0.4719,0.4785,0.426,0.2122,0.299,0.5997,0.8256,1.2728,1.3684,0.6174,1.0084,1.1207,0.9309,0.8862,0.8302,0.4247,0.081,-0.1315,-0.2743,-0.4683,-0.7922,-0.9773,-0.7845,-0.58,-0.4645,-0.4031,-0.3697,-0.3507,-0.3379,-0.3259,-0.3119,-0.2953,0.5353,0.5223,0.5075,0.4972,0.4931,0.484,0.4546,0.4207,0.4675,0.5627,0.6368,0.7557,0.7214,0.4342,0.8245,1.1078,0.3899,0.5404,0.4136,0.0776,-0.3019,-0.4284,-0.4141,-0.4949,-0.7137,-0.8523,-0.725,-0.5708,-0.4773,-0.4264,-0.4008,-0.3889,-0.3812,-0.3706,-0.3541,-0.3326,0.5197,0.5134,0.5064,0.5008,0.4964,0.4905,0.4826,0.4817,0.4951,0.4851,0.3854,0.4175,0.4943,0.5471,0.6242,0.587,0.3529,0.3337,0.1232,-0.3314,-1.0404,-0.9313,-0.5805,-0.5,-0.5624,-0.6201,-0.595,-0.534,-0.4808,-0.4478,-0.436,-0.4378,-0.4398,-0.4305,-0.4079,-0.3771,0.5042,0.501,0.4973,0.4938,0.4906,0.4874,0.4847,0.4835,0.4788,0.4491,0.3818,0.4115,0.4001,0.3785,0.4056,0.3573,0.2613,0.088,-0.1292,-0.4668,-1.1629,-1.0149,-0.6252,-0.5086,-0.5249,-0.5671,-0.5752,-0.5418,-0.4979,-0.4736,-0.4801,-0.5072,-0.526,-0.5144,-0.4765,-0.4284,0.4882,0.4862,0.4837,0.481,0.4781,0.4751,0.4717,0.467,0.4576,0.4393,0.4167,0.3958,0.3455,0.2939,0.0894,-0.0508,-0.0293,-0.1974,-0.3731,-0.3921,-0.5916,-0.6313,-0.5399,-0.5122,-0.5736,-0.6793,-0.705,-0.6161,-0.5284,-0.4986,-0.5331,-0.6087,-0.6562,-0.6289,-0.5574,-0.4814,0.4716,0.4699,0.4675,0.4646,0.4612,0.4569,0.4513,0.4434,0.4314,0.4133,0.3872,0.3449,0.2662,0.0672,-0.5347,-0.7883,-0.2945,-0.2829,-0.3895,-0.4522,-0.4623,-0.4813,-0.4904,-0.5271,-0.6604,-0.9347,-0.9965,-0.7114,-0.5357,-0.502,-0.5794,-0.7334,-0.8194,-0.7516,-0.6294,-0.5224,0.4546,0.4526,0.4498,0.4461,0.4415,0.4354,0.4274,0.4163,0.4006,0.3776,0.3427,0.2849,0.1775,-0.0522,-0.4951,-0.6457,-0.3459,-0.3267,-0.5462,-0.6462,-0.5009,-0.4919,-0.5171,-0.5467,-0.653,-0.958,-1.032,-0.609,-0.4564,-0.4593,-0.5742,-0.7809,-0.8888,-0.7953,-0.6505,-0.5331,0.4375,0.4348,0.4312,0.4265,0.4204,0.4125,0.4021,0.388,0.3686,0.3412,0.3008,0.2387,0.1393,-0.0158,-0.2012,-0.2839,-0.2645,-0.3167,-0.4621,-0.5333,-0.5326,-0.614,-0.6575,-0.5986,-0.5298,-0.4393,-0.1565,-0.1852,-0.2991,-0.3723,-0.4883,-0.6567,-0.7523,-0.7036,-0.6009,-0.5067,0.4204,0.417,0.4124,0.4065,0.399,0.3893,0.3768,0.3603,0.3383,0.3084,0.267,0.2092,0.1297,0.0291,-0.0733,-0.1467,-0.1994,-0.2727,-0.3723,-0.4755,-0.6443,-0.9407,-1.0302,-0.7599,-0.4792,-0.1795,0.1683,0.0028,-0.2052,-0.2826,-0.3744,-0.4869,-0.5613,-0.5611,-0.5145,-0.4565,0.4035,0.3993,0.3938,0.3868,0.3779,0.3668,0.3526,0.3345,0.311,0.2806,0.2409,0.1897,0.126,0.0526,-0.0224,-0.0916,-0.1595,-0.2392,-0.3407,-0.4871,-0.7597,-1.2134,-1.3425,-0.9043,-0.517,-0.2524,-0.097,-0.1424,-0.1993,-0.2241,-0.294,-0.3732,-0.4293,-0.4467,-0.4323,-0.4016,0.3871,0.382,0.3756,0.3676,0.3577,0.3454,0.3301,0.311,0.2871,0.2572,0.2202,0.175,0.1217,0.0621,-0.0008,-0.0655,-0.1347,-0.2153,-0.3185,-0.4668,-0.6982,-0.9844,-1.0512,-0.7965,-0.518,-0.3294,-0.2302,-0.2071,-0.2009,-0.2155,-0.2633,-0.3153,-0.3537,-0.3711,-0.3688,-0.3531]}]