docs/data/wind_grid.json
{"header": {"la1":42.1,"la2":41.55,"lo1":12.1,"lo2":12.95,"nx":50,"ny":50,"dx":0.01735,"dy":0.01122,"parameterCategory":2,"parameterNumber":3,"parameterNumberName":"northward_wind","parameterUnit":"m.s-1"}, "data":
[rows 0 to 45 of 50, columns 0 to 49 of 50]
2.7539,2.7578,2.7627,2.7684,2.7752,2.783,2.7919,2.802,2.8131,2.8254,2.8388,2.8532,2.8686,2.8849,2.902,2.9198,2.9383,2.9576,2.9776,2.9985,3.0205,3.0438,3.0689,3.0961,3.1259,3.1584,3.1941,3.233,3.275,3.32,3.3676,3.4171,3.4678,3.5188,3.5687,3.6164,3.6604,3.6992,3.7319,3.7574,3.7755,3.7863,3.7903,3.7884,3.7817,3.771,3.7576,3.7421,3.7252,3.7077
2.7446,2.7483,2.7529,2.7585,2.7652,2.7729,2.7819,2.792,2.8034,2.8159,2.8296,2.8444,2.8603,2.877,2.8946,2.9129,2.9318,2.9514,2.9717,2.9928,3.0149,3.0383,3.0635,3.091,3.1211,3.1544,3.191,3.2313,3.2751,3.3223,3.3724,3.4248,3.4787,3.533,3.5864,3.6375,3.6846,3.7261,3.7606,3.7873,3.8056,3.8157,3.8184,3.8147,3.8058,3.793,3.7773,3.7597,3.741,3.7216
2.7349,2.7383,2.7427,2.7482,2.7547,2.7624,2.7714,2.7816,2.7932,2.806,2.8201,2.8353,2.8516,2.8689,2.887,2.9059,2.9253,2.9453,2.9658,2.9871,3.0092,3.0327,3.0579,3.0855,3.116,3.1498,3.1875,3.2291,3.2747,3.3241,3.3768,3.4322,3.4894,3.5472,3.6043,3.6591,3.7095,3.7539,3.7905,3.8183,3.8367,3.846,3.8472,3.8414,3.8302,3.8149,3.7969,3.777,3.7563,3.7351
2.7249,2.728,2.7322,2.7374,2.7438,2.7515,2.7604,2.7708,2.7825,2.7956,2.8101,2.8258,2.8427,2.8606,2.8793,2.8988,2.9188,2.9392,2.9601,2.9815,3.0037,3.0271,3.0522,3.0798,3.1104,3.1448,3.1833,3.2263,3.2737,3.3254,3.3808,3.4393,3.4999,3.5614,3.6224,3.6809,3.735,3.7825,3.8214,3.8503,3.8687,3.8771,3.8764,3.8683,3.8545,3.8366,3.816,3.7939,3.771,3.748
2.7146,2.7174,2.7212,2.7262,2.7324,2.74,2.7489,2.7594,2.7713,2.7847,2.7996,2.8159,2.8334,2.852,2.8715,2.8916,2.9123,2.9332,2.9545,2.976,2.9982,3.0214,3.0464,3.0738,3.1045,3.1393,3.1787,3.223,3.2722,3.3262,3.3843,3.4459,3.5099,3.5752,3.6402,3.7028,3.7608,3.8116,3.8528,3.8829,3.9013,3.9084,3.9057,3.895,3.8784,3.8577,3.8345,3.8099,3.785,3.7602
2.7039,2.7064,2.7099,2.7146,2.7206,2.728,2.7369,2.7474,2.7595,2.7733,2.7887,2.8055,2.8237,2.8431,2.8635,2.8845,2.9059,2.9275,2.9491,2.9709,2.993,3.016,3.0406,3.0677,3.0983,3.1333,3.1734,3.219,3.2701,3.3264,3.3873,3.452,3.5195,3.5886,3.6576,3.7243,3.7863,3.8406,3.8844,3.9158,3.934,3.9397,3.9346,3.9211,3.9015,3.8778,3.8519,3.825,3.798,3.7714
2.6929,2.6949,2.6981,2.7024,2.7082,2.7154,2.7243,2.7348,2.7471,2.7612,2.7771,2.7946,2.8136,2.8339,2.8552,2.8772,2.8996,2.922,2.9442,2.9662,2.9883,3.0109,3.0349,3.0615,3.0918,3.1269,3.1677,3.2145,3.2675,3.3261,3.3898,3.4576,3.5285,3.6012,3.6741,3.745,3.8112,3.8691,3.9156,3.9482,3.9662,3.9703,3.9627,3.9461,3.9233,3.8967,3.8681,3.8389,3.8098,3.7816
2.6816,2.6831,2.6858,2.6898,2.6952,2.7022,2.7109,2.7215,2.734,2.7485,2.7649,2.7831,2.803,2.8243,2.8468,2.87,2.8934,2.9168,2.9397,2.9621,2.9841,3.0062,3.0296,3.0553,3.0851,3.1201,3.1614,3.2095,3.2643,3.3254,3.3918,3.4626,3.5366,3.6127,3.6894,3.7643,3.8345,3.8962,3.9455,3.9794,3.997,3.9994,3.9891,3.9694,3.9434,3.9139,3.8827,3.8512,3.8203,3.7905
2.6699,2.6709,2.6731,2.6766,2.6816,2.6884,2.6969,2.7075,2.7201,2.735,2.7519,2.7709,2.7918,2.8143,2.8381,2.8626,2.8874,2.912,2.9359,2.9588,2.9807,3.0023,3.0247,3.0494,3.0783,3.113,3.1547,3.204,3.2608,3.3243,3.3935,3.4671,3.544,3.6231,3.703,3.7816,3.8556,3.921,3.973,4.0083,4.0256,4.0261,4.013,3.9902,3.9612,3.9288,3.8952,3.8617,3.8291,3.7979
2.6578,2.6582,2.6598,2.6628,2.6674,2.6738,2.6821,2.6926,2.7054,2.7205,2.7381,2.7579,2.7799,2.8037,2.8289,2.8551,2.8816,2.9077,2.9328,2.9564,2.9785,2.9994,3.0206,3.0439,3.0715,3.1057,3.1477,3.1982,3.257,3.323,3.3949,3.4712,3.5506,3.6322,3.7146,3.7961,3.8735,3.9423,3.997,4.0336,4.0505,4.0493,4.0336,4.0078,3.9759,3.9411,3.9054,3.8701,3.8361,3.8038
2.6454,2.6451,2.6461,2.6485,2.6525,2.6585,2.6665,2.6769,2.6897,2.7052,2.7233,2.744,2.7671,2.7923,2.8193,2.8474,2.8758,2.9038,2.9306,2.9553,2.9776,2.9979,3.0175,3.039,3.065,3.0982,3.1404,3.1922,3.2531,3.3218,3.3964,3.4752,3.5567,3.6398,3.7238,3.8073,3.8873,3.9588,4.016,4.0539,4.0706,4.0677,4.0497,4.0214,3.9871,3.9502,3.9128,3.8762,3.8412,3.808
2.6326,2.6316,2.6318,2.6335,2.637,2.6424,2.65,2.6601,2.673,2.6887,2.7073,2.7289,2.7533,2.7801,2.809,2.8392,2.87,2.9004,2.9293,2.9555,2.9785,2.9981,3.0159,3.035,3.0588,3.0907,3.1329,3.186,3.2493,3.3209,3.3985,3.4796,3.5625,3.6464,3.7308,3.8148,3.896,3.9695,4.0287,4.0677,4.0842,4.0802,4.0604,4.0302,3.9942,3.9558,3.9173,3.8798,3.8441,3.8104
2.6195,2.6177,2.6171,2.618,2.6206,2.6254,2.6325,2.6423,2.655,2.6709,2.6901,2.7126,2.7383,2.7668,2.7978,2.8305,2.864,2.8973,2.9289,2.9575,2.9815,3.0006,3.0163,3.0322,3.053,3.0832,3.1253,3.1799,3.2459,3.3208,3.4015,3.4848,3.5687,3.6523,3.7356,3.8185,3.8994,3.9734,4.0337,4.0736,4.0903,4.0857,4.0648,4.0336,3.9967,3.9577,3.9186,3.8808,3.8448,3.8109
2.606,2.6033,2.6018,2.6018,2.6036,2.6075,2.614,2.6233,2.6358,2.6518,2.6715,2.6948,2.7218,2.7521,2.7854,2.8208,2.8575,2.8942,2.9294,2.9611,2.9871,3.006,3.0191,3.031,3.048,3.0758,3.1177,3.174,3.2432,3.3219,3.4061,3.4917,3.5761,3.6584,3.7391,3.8189,3.8973,3.9702,4.0303,4.0707,4.0877,4.0833,4.0625,4.0312,3.9945,3.9556,3.9167,3.8791,3.8433,3.8096
2.5922,2.5885,2.586,2.5849,2.5857,2.5887,2.5944,2.6031,2.6153,2.6312,2.6512,2.6753,2.7036,2.7358,2.7714,2.8098,2.85,2.8906,2.9302,2.9664,2.9957,3.015,3.025,3.0316,3.0437,3.0686,3.1101,3.1686,3.2416,3.3248,3.413,3.5012,3.5859,3.666,3.7425,3.8172,3.8907,3.9601,4.0187,4.0588,4.0764,4.0729,4.0532,4.0231,3.9874,3.9496,3.9116,3.8748,3.8396,3.8064
2.5782,2.5733,2.5697,2.5674,2.5671,2.569,2.5736,2.5815,2.5932,2.6089,2.6291,2.6539,2.6835,2.7175,2.7556,2.797,2.8408,2.8859,2.9307,2.9727,3.0072,3.0283,3.0346,3.0342,3.0399,3.0613,3.1026,3.1637,3.2413,3.33,3.4232,3.5144,3.5994,3.6766,3.7475,3.815,3.8813,3.9449,3.9999,4.0387,4.0569,4.055,4.0374,4.0095,3.976,3.9399,3.9035,3.868,3.8339,3.8016
2.5639,2.5578,2.5529,2.5493,2.5476,2.5482,2.5517,2.5586,2.5694,2.5848,2.605,2.6304,2.6611,2.6968,2.7373,2.7818,2.8294,2.879,2.9295,2.9788,3.0211,3.046,3.048,3.0383,3.036,3.0536,3.0951,3.1596,3.2428,3.3381,3.4374,3.5326,3.6181,3.6921,3.7563,3.8149,3.8716,3.9269,3.9762,4.0126,4.0309,4.031,4.0162,3.9913,3.9606,3.9271,3.8928,3.8589,3.8262,3.795
2.5494,2.542,2.5357,2.5306,2.5274,2.5265,2.5285,2.5341,2.544,2.5587,2.5787,2.6045,2.6361,2.6735,2.7162,2.7637,2.8148,2.8686,2.9246,2.9819,3.0351,3.0671,3.0641,3.0422,3.0308,3.0449,3.0874,3.1563,3.2464,3.3498,3.4565,3.5568,3.6436,3.7143,3.7712,3.8194,3.8645,3.9092,3.9508,3.9831,4.0008,4.0027,3.991,3.9696,3.9421,3.9115,3.8797,3.8479,3.8169,3.7871
2.5348,2.526,2.5181,2.5114,2.5064,2.5038,2.5041,2.5082,2.5167,2.5305,2.5502,2.576,2.6084,2.6471,2.6919,2.742,2.7962,2.8534,2.9134,2.9777,3.0434,3.087,3.0784,3.0419,3.022,3.0343,3.0794,3.1541,3.2524,3.3654,3.4812,3.588,3.677,3.7449,3.794,3.8309,3.863,3.8953,3.9271,3.9536,3.9694,3.9724,3.9635,3.9455,3.9215,3.894,3.8648,3.8353,3.8061,3.7778
2.52,2.5098,2.5002,2.4917,2.4848,2.4801,2.4785,2.4806,2.4876,2.5002,2.5191,2.5449,2.5776,2.6174,2.6639,2.7163,2.7731,2.8325,2.8937,2.9599,3.0345,3.092,3.0787,3.0298,3.0062,3.0207,3.0709,3.1529,3.2611,3.3852,3.5119,3.6268,3.7192,3.7847,3.826,3.851,3.8692,3.8876,3.9081,3.927,3.9394,3.9423,3.9354,3.9204,3.8996,3.8751,3.8486,3.8214,3.7941,3.7675
2.5053,2.4934,2.4821,2.4716,2.4625,2.4556,2.4516,2.4516,2.4566,2.4676,2.4856,2.5109,2.5439,2.5844,2.6321,2.6863,2.7452,2.8056,2.8646,2.9243,2.9923,3.0532,3.0413,2.9959,2.981,3.0038,3.0619,3.1531,3.2722,3.4091,3.5482,3.6728,3.7697,3.8335,3.8671,3.8799,3.8836,3.8874,3.8953,3.9053,3.9128,3.9142,3.9082,3.8954,3.8772,3.8555,3.8316,3.8066,3.7813,3.7563
2.4907,2.4772,2.4638,2.4512,2.4398,2.4303,2.4236,2.421,2.4236,2.4327,2.4494,2.4742,2.5071,2.5479,2.5964,2.652,2.7126,2.7735,2.8282,2.873,2.911,2.9438,2.9469,2.937,2.9467,2.9842,3.0529,3.1545,3.2857,3.4362,3.589,3.7245,3.8268,3.8892,3.9153,3.916,3.9051,3.8943,3.8892,3.8893,3.8906,3.8892,3.8829,3.8713,3.8552,3.8358,3.8141,3.7912,3.7678,3.7444
2.4764,2.461,2.4457,2.4307,2.4167,2.4043,2.3946,2.3889,2.3887,2.3955,2.4108,2.4349,2.4677,2.5085,2.557,2.6133,2.6755,2.7375,2.7889,2.818,2.8175,2.8034,2.8258,2.8672,2.9088,2.964,3.0448,3.1574,3.3007,3.465,3.6318,3.7786,3.8867,3.948,3.9667,3.9557,3.9311,3.9062,3.8885,3.8785,3.8729,3.8677,3.86,3.8488,3.834,3.8163,3.7965,3.7755,3.7538,3.7319
2.4623,2.4451,2.4277,2.4103,2.3935,2.3779,2.3648,2.3555,2.3519,2.356,2.3695,2.3931,2.4259,2.4666,2.5145,2.5705,2.634,2.6988,2.7509,2.7725,2.7516,2.715,2.7422,2.8105,2.8754,2.9461,3.0384,3.1615,3.3163,3.4933,3.673,3.8303,3.9437,4.004,4.016,3.9944,3.9576,3.9203,3.8911,3.8715,3.8589,3.8493,3.8396,3.8279,3.8138,3.7974,3.7791,3.7597,3.7395,3.7191
2.4487,2.4297,2.4101,2.3902,2.3704,2.3514,2.3343,2.3209,2.3133,2.3141,2.3257,2.349,2.3825,2.4234,2.47,2.5244,2.5884,2.6574,2.7153,2.741,2.7233,2.6919,2.7132,2.7795,2.8526,2.9333,3.0348,3.1667,3.3308,3.5181,3.7081,3.8737,3.9913,4.0504,4.0567,4.0268,3.9803,3.9331,3.8945,3.8667,3.8476,3.8335,3.8213,3.8087,3.7947,3.7791,3.762,3.7439,3.7251,3.7061
2.4357,2.4149,2.3931,2.3706,2.3476,2.3249,2.3036,2.2854,2.273,2.2698,2.2791,2.3028,2.3384,2.3805,2.4255,2.4763,2.5391,2.6124,2.68,2.7182,2.7167,2.7003,2.7164,2.7706,2.8418,2.9268,3.0343,3.1723,3.3427,3.5364,3.7327,3.9031,4.0229,4.0809,4.0835,4.0482,3.9955,3.9417,3.8963,3.8621,3.8375,3.8194,3.8046,3.7908,3.7766,3.7614,3.7453,3.7283,3.7107,3.6928
2.4235,2.4009,2.377,2.3518,2.3257,2.2991,2.2731,2.2496,2.2314,2.223,2.2295,2.2542,2.2942,2.34,2.3835,2.4287,2.4873,2.5635,2.6419,2.6963,2.7144,2.7142,2.73,2.7745,2.8406,2.9262,3.0364,3.1776,3.3504,3.546,3.7434,3.9145,4.0341,4.0914,4.0927,4.0557,4.0007,3.9438,3.8945,3.856,3.8274,3.8061,3.789,3.7739,3.7593,3.7444,3.7289,3.7129,3.6963,3.6795
2.4121,2.3879,2.3619,2.3342,2.3049,2.2744,2.2435,2.214,2.1891,2.1741,2.1764,2.2025,2.2502,2.3039,2.3477,2.3852,2.4363,2.5123,2.5996,2.6697,2.7068,2.7226,2.7428,2.7831,2.8453,2.9297,3.0403,3.1815,3.353,3.5455,3.739,3.9064,4.0238,4.0807,4.0833,4.0482,3.9948,3.9383,3.888,3.8474,3.8163,3.7926,3.7738,3.7576,3.7426,3.7279,3.7129,3.6976,3.682,3.6662
2.4018,2.376,2.3482,2.3181,2.2858,2.2514,2.2155,2.1796,2.147,2.1236,2.1194,2.1463,2.2057,2.2742,2.3215,2.3502,2.3907,2.4629,2.5553,2.6379,2.6916,2.7225,2.7507,2.7917,2.8522,2.9353,3.0447,3.1833,3.3499,3.5352,3.7204,3.8805,3.9939,4.051,4.0569,4.0268,3.9781,3.9249,3.8762,3.8356,3.8035,3.7785,3.7585,3.7415,3.7262,3.7116,3.6971,3.6825,3.6677,3.6528
2.3927,2.3656,2.336,2.3038,2.2687,2.2308,2.1901,2.1479,2.1068,2.0732,2.0594,2.0842,2.1584,2.2509,2.3074,2.3274,2.3557,2.421,2.5138,2.604,2.6707,2.7153,2.7529,2.7979,2.859,2.9412,3.0483,3.1823,3.3414,3.5164,3.6901,3.8406,3.9487,4.0061,4.0167,3.9936,3.9519,3.9043,3.8591,3.8202,3.7885,3.7632,3.7427,3.7254,3.71,3.6956,3.6815,3.6675,3.6535,3.6394
2.3848,2.3566,2.3257,2.2917,2.2543,2.2132,2.1684,2.1203,2.071,2.0262,1.9994,2.0172,2.1058,2.2314,2.3037,2.3173,2.3345,2.3912,2.48,2.5725,2.6478,2.7035,2.7504,2.8009,2.8641,2.9459,3.0501,3.1784,3.3282,3.491,3.6516,3.7911,3.8933,3.9509,3.9668,3.9516,3.9182,3.8775,3.8372,3.8014,3.7712,3.7466,3.7262,3.709,3.6937,3.6796,3.666,3.6526,3.6393,3.626
2.3784,2.3493,2.3173,2.282,2.2428,2.1994,2.1513,2.0986,2.0425,1.9876,1.9471,1.9527,2.0495,2.2095,2.3028,2.3155,2.326,2.3747,2.4565,2.5469,2.6263,2.6901,2.745,2.8012,2.867,2.9486,3.0497,3.1715,3.3112,3.4612,3.6081,3.7363,3.8324,3.8899,3.911,3.9038,3.8789,3.8459,3.8114,3.7795,3.7518,3.7285,3.7089,3.6921,3.6772,3.6635,3.6505,3.6377,3.6251,3.6125
2.3734,2.3438,2.3111,2.2749,2.2346,2.1898,2.1397,2.0842,2.0239,1.9626,1.9125,1.907,2.0024,2.1814,2.2937,2.3147,2.3259,2.3692,2.4431,2.5285,2.6085,2.6772,2.7383,2.7994,2.8678,2.9492,3.0469,3.1619,3.2916,3.4288,3.5625,3.6798,3.7698,3.8269,3.8525,3.8528,3.8362,3.8107,3.7824,3.755,3.7303,3.709,3.6906,3.6746,3.6604,3.6473,3.6349,3.6228,3.6109,3.5991
2.37,2.3401,2.3071,2.2705,2.2299,2.1846,2.1341,2.078,2.017,1.9547,1.9032,1.8948,1.9829,2.1541,2.274,2.31,2.3289,2.3706,2.4377,2.5171,2.5953,2.6662,2.7314,2.7963,2.8667,2.9476,3.0419,3.1503,3.2701,3.3954,3.5169,3.6241,3.7081,3.7645,3.7937,3.8006,3.7916,3.7734,3.7512,3.7285,3.7073,3.6882,3.6715,3.6566,3.6433,3.6309,3.6192,3.6079,3.5967,3.5857
2.3681,2.3382,2.3053,2.2689,2.2287,2.184,2.1344,2.08,2.0217,1.9639,1.9189,1.9158,1.9945,2.1393,2.2527,2.3026,2.3325,2.3755,2.4378,2.5115,2.5866,2.6578,2.7253,2.7926,2.8643,2.9443,3.0351,3.137,3.2478,3.3621,3.4725,3.5706,3.6491,3.7043,3.7364,3.7488,3.7466,3.735,3.7186,3.7006,3.6829,3.6665,3.6516,3.6381,3.6258,3.6144,3.6035,3.5929,3.5825,3.5722
2.3677,2.3381,2.3057,2.27,2.2308,2.1876,2.1403,2.0894,2.0365,1.9868,1.9524,1.9569,2.0249,2.1399,2.2392,2.2969,2.3365,2.3822,2.4413,2.5102,2.5819,2.6521,2.7204,2.7889,2.861,2.9397,3.0269,3.1228,3.2252,3.3298,3.4304,3.5202,3.5937,3.6476,3.6817,3.6985,3.702,3.6963,3.6853,3.6718,3.6577,3.6439,3.6311,3.6192,3.6081,3.5977,3.5877,3.5779,3.5683,3.5587
2.3688,2.3398,2.3082,2.2737,2.236,2.1951,2.1511,2.1049,2.0588,2.0185,1.9949,2.0051,2.0623,2.152,2.2361,2.2957,2.3417,2.3899,2.4471,2.512,2.5804,2.649,2.7169,2.7855,2.8572,2.9342,3.0178,3.108,3.2028,3.2988,3.3908,3.4735,3.5423,3.5946,3.6301,3.6505,3.6586,3.6581,3.6519,3.6426,3.6319,3.6208,3.6101,3.5999,3.5901,3.5808,3.5717,3.5629,3.554,3.5452
2.3712,2.3431,2.3126,2.2796,2.244,2.2058,2.1657,2.1248,2.086,2.0545,2.0397,2.053,2.1005,2.1713,2.2421,2.2999,2.349,2.3987,2.4545,2.5163,2.5815,2.648,2.7148,2.7827,2.8534,2.9282,3.0082,3.093,3.1812,3.2695,3.354,3.4304,3.495,3.5456,3.5819,3.6049,3.617,3.6208,3.6188,3.6133,3.6058,3.5975,3.5889,3.5803,3.572,3.5638,3.5558,3.5478,3.5398,3.5318
2.375,2.3479,2.3187,2.2875,2.2542,2.2192,2.1832,2.1478,2.1157,2.0919,2.0835,2.0978,2.1374,2.1944,2.2545,2.3089,2.3586,2.4088,2.4631,2.5222,2.5846,2.6488,2.714,2.7806,2.8496,2.922,2.9984,3.0784,3.1604,3.242,3.32,3.3908,3.4517,3.5006,3.5372,3.5622,3.5773,3.5847,3.5864,3.5843,3.5798,3.574,3.5675,3.5607,3.5537,3.5468,3.5397,3.5327,3.5255,3.5183
2.3799,2.354,2.3264,2.2971,2.2664,2.2346,2.2028,2.1724,2.1464,2.1288,2.1248,2.1391,2.1725,2.2195,2.2713,2.3217,2.3704,2.42,2.4728,2.5295,2.5892,2.651,2.7143,2.7791,2.8462,2.916,2.9888,3.0641,3.1407,3.2165,3.2887,3.3547,3.4121,3.4593,3.4958,3.5223,3.5398,3.5502,3.555,3.5559,3.5541,3.5507,3.5461,3.541,3.5355,3.5297,3.5238,3.5176,3.5113,3.5049
2.3859,2.3613,2.3354,2.3082,2.28,2.2515,2.2236,2.1979,2.177,2.1641,2.1631,2.1769,2.2056,2.2455,2.2908,2.3373,2.3841,2.4324,2.4835,2.5379,2.5951,2.6545,2.7156,2.7783,2.8431,2.9102,2.9795,3.0506,3.1223,3.1928,3.26,3.3217,3.3759,3.4214,3.4577,3.4851,3.5045,3.5173,3.5247,3.5282,3.5289,3.5276,3.525,3.5214,3.5173,3.5127,3.5078,3.5026,3.4972,3.4915
2.3928,2.3696,2.3454,2.3203,2.2947,2.2693,2.2451,2.2235,2.2068,2.1977,2.1987,2.2119,2.237,2.2716,2.3117,2.3546,2.3991,2.4457,2.4949,2.547,2.6018,2.6588,2.7176,2.7782,2.8405,2.9047,2.9707,3.0378,3.105,3.1709,3.2337,3.2916,3.343,3.3868,3.4226,3.4505,3.4714,3.4861,3.4957,3.5015,3.5043,3.5049,3.5041,3.5021,3.4993,3.4959,3.492,3.4877,3.4831,3.4782
2.4005,2.3788,2.3563,2.3333,2.3102,2.2877,2.2668,2.2488,2.2356,2.2293,2.2318,2.2444,2.2668,2.2973,2.3335,2.3731,2.4152,2.4597,2.5069,2.5569,2.6093,2.6639,2.7204,2.7786,2.8384,2.8997,2.9624,3.0258,3.089,3.1508,3.2097,3.2641,3.3129,3.3551,3.3902,3.4185,3.4403,3.4566,3.468,3.4757,3.4804,3.4828,3.4835,3.483,3.4815,3.4792,3.4763,3.473,3.4692,3.4651
2.4089,2.3887,2.3679,2.3469,2.3262,2.3064,2.2884,2.2735,2.2632,2.2591,2.2626,2.2747,2.295,2.3225,2.3554,2.3921,2.4319,2.4743,2.5194,2.5672,2.6173,2.6696,2.7237,2.7795,2.8367,2.8953,2.9548,3.0148,3.0743,3.1323,3.1877,3.2391,3.2854,3.326,3.3605,3.3888,3.4114,3.4287,3.4417,3.451,3.4573,3.4613,3.4635,3.4642,3.4639,3.4627,3.4608,3.4584,3.4554,3.452
2.4179,2.3991,2.38,2.3609,2.3424,2.3251,2.3097,2.2974,2.2895,2.2871,2.2915,2.3031,2.3219,2.347,2.3772,2.4114,2.4489,2.4892,2.5322,2.5778,2.6257,2.6757,2.7275,2.7808,2.8355,2.8913,2.9478,3.0046,3.0607,3.1154,3.1676,3.2162,3.2603,3.2994,3.3331,3.3613,3.3843,3.4026,3.4167,3.4273,3.4351,3.4404,3.4439,3.4459,3.4467,3.4465,3.4456,3.444,3.4418,3.4391
2.4273,2.4099,2.3924,2.3752,2.3588,2.3436,2.3306,2.3205,2.3145,2.3136,2.3186,2.3299,2.3474,2.3706,2.3986,2.4306,2.4659,2.5042,2.5452,2.5886,2.6344,2.6821,2.7316,2.7825,2.8347,2.8879,2.9415,2.9953,3.0483,3.0999,3.1492,3.1953,3.2374,3.275,3.3079,3.3358,3.3591,3.378,3.3931,3.4048,3.4137,3.4203,3.425,3.4281,3.4299,3.4307,3.4306,3.4298,3.4283,3.4264
