docs/data/wind_grid.json
[{"header":{"la1":42.85,"la2":41.18,"lo1":11.55,"lo2":14.05,"nx":36,"ny":24,"dx":0.07143,"dy":0.07261,"parameterCategory":2,"parameterNumber":2,"parameterNumberName":"eastward_wind","parameterUnit":"m.s-1"},"data":[-0.987,-0.9899,-0.9906,-0.9888,-0.9847,-0.9781,-0.9685,-0.9552,-0.9377,-0.9164,-0.8929,-0.8698,-0.849,-0.8318,-0.8182,-0.8071,-0.7967,-0.7843,-0.7676,-0.7463,-0.7228,-0.7027,-0.6915,-0.691,-0.6986,-0.7101,-0.7219,-0.7322,-0.7404,-0.7466,-0.751,-0.7542,-0.7563,-0.7578,-0.7587,-0.7593,-1.0115,-1.0166,-1.0188,-1.0182,-1.0151,-1.0098,-1.0014,-0.988,-0.9676,-0.9402,-0.9089,-0.8782,-0.8516,-0.8313,-0.8172,-0.8075,-0.7989,-0.7868,-0.7661,-0.734,-0.6947,-0.6604,-0.6445,-0.6499,-0.6685,-0.6906,-0.7103,-0.7256,-0.7367,-0.7444,-0.7497,-0.7531,-0.7554,-0.7569,-0.7578,-0.7583,-1.0407,-1.0488,-1.0531,-1.0538,-1.0521,-1.0494,-1.0451,-1.0347,-1.012,-0.9754,-0.9308,-0.8876,-0.8525,-0.8281,-0.8142,-0.8082,-0.8051,-0.7969,-0.7727,-0.7228,-0.6506,-0.5845,-0.5616,-0.585,-0.6281,-0.6688,-0.6996,-0.7207,-0.7346,-0.7436,-0.7492,-0.7527,-0.7549,-0.7562,-0.7569,-0.7573,-1.0755,-1.0883,-1.0956,-1.0973,-1.0964,-1.098,-1.104,-1.1054,-1.0836,-1.0304,-0.961,-0.8969,-0.8491,-0.8197,-0.8072,-0.8083,-0.8169,-0.8214,-0.8004,-0.7248,-0.5828,-0.4384,-0.4095,-0.4876,-0.5811,-0.6499,-0.6935,-0.7197,-0.7353,-0.7444,-0.7498,-0.7529,-0.7547,-0.7556,-0.7561,-0.7562,-1.1175,-1.1381,-1.1504,-1.1521,-1.1485,-1.1537,-1.181,-1.2182,-1.2091,-1.1203,-1.0008,-0.9022,-0.8371,-0.8019,-0.7921,-0.8043,-0.8341,-0.869,-0.8747,-0.7802,-0.5088,-0.1702,-0.1606,-0.3772,-0.5487,-0.6457,-0.6973,-0.7247,-0.7393,-0.7472,-0.7514,-0.7536,-0.7546,-0.755,-0.7551,-0.755,-1.1675,-1.2022,-1.2251,-1.2262,-1.2102,-1.2081,-1.2663,-1.3934,-1.4344,-1.2553,-1.0382,-0.8927,-0.8098,-0.7693,-0.7625,-0.7883,-0.8479,-0.9383,-1.0223,-0.9579,-0.5781,0.0012,-0.0281,-0.3702,-0.5739,-0.6701,-0.7149,-0.7362,-0.7464,-0.7513,-0.7535,-0.7544,-0.7545,-0.7543,-0.7539,-0.7536,-1.2237,-1.2832,-1.3319,-1.3386,-1.2913,-1.2481,-1.3071,-1.5459,-1.6829,-1.3475,-1.0253,-0.8511,-0.7604,-0.7159,-0.7088,-0.7453,-0.8345,-0.9817,-1.1555,-1.1408,-0.8917,-0.5276,-0.4354,-0.5738,-0.6748,-0.723,-0.7436,-0.752,-0.755,-0.7557,-0.7554,-0.7548,-0.7539,-0.7531,-0.7523,-0.7516,-1.2773,-1.372,-1.4751,-1.5153,-1.4103,-1.2736,-1.2426,-1.374,-1.4425,-1.1667,-0.9103,-0.7695,-0.6887,-0.6376,-0.6168,-0.6536,-0.767,-0.9346,-1.092,-1.1675,-1.3031,-1.2151,-0.9604,-0.8381,-0.7984,-0.7824,-0.7729,-0.7664,-0.7618,-0.7585,-0.7561,-0.7542,-0.7526,-0.7512,-0.75,-0.7491,-1.312,-1.4328,-1.5906,-1.6951,-1.5233,-1.2886,-1.1345,-1.0575,-0.9706,-0.8361,-0.7356,-0.6677,-0.6061,-0.5371,-0.4603,-0.47,-0.641,-0.8536,-1.0507,-1.3348,-1.8716,-1.7503,-1.2608,-0.9987,-0.8789,-0.8206,-0.7898,-0.773,-0.7636,-0.7581,-0.7546,-0.7521,-0.75,-0.7482,-0.7468,-0.7457,-1.3165,-1.4356,-1.568,-1.635,-1.5314,-1.29,-1.0521,-0.8463,-0.6185,-0.5079,-0.5636,-0.5758,-0.5321,-0.4423,-0.221,-0.1055,-0.4986,-0.8147,-1.0351,-1.2958,-1.6604,-1.5978,-1.2505,-1.0183,-0.8912,-0.8223,-0.7857,-0.7672,-0.7582,-0.7536,-0.7506,-0.7482,-0.746,-0.744,-0.7424,-0.7413,-1.2945,-1.4102,-1.5644,-1.779,-1.7099,-1.3073,-1.0108,-0.7704,-0.3216,-0.1074,-0.4426,-0.5159,-0.4733,-0.4001,-0.2287,-0.0944,-0.5588,-0.9156,-1.0991,-1.184,-1.2578,-1.2271,-1.0857,-0.9451,-0.8452,-0.7855,-0.7572,-0.7474,-0.7454,-0.7451,-0.7443,-0.7427,-0.7405,-0.7383,-0.7365,-0.7354,-1.2487,-1.3542,-1.514,-1.73,-1.6454,-1.2393,-1.011,-0.9272,-0.6057,-0.3464,-0.4853,-0.4922,-0.4158,-0.3028,-0.3608,-0.5194,-0.8362,-1.3015,-1.4389,-1.2466,-1.1149,-1.0301,-0.939,-0.8433,-0.7602,-0.7118,-0.7041,-0.7155,-0.7275,-0.7346,-0.7368,-0.7359,-0.7334,-0.7306,-0.7286,-0.7276,-1.1818,-1.254,-1.3403,-1.3974,-1.3052,-1.1077,-1.0225,-1.0925,-0.9573,-0.6771,-0.5544,-0.4777,-0.4092,-0.2515,-0.3503,-0.6556,-1.023,-2.0614,-2.1083,-1.3589,-1.0482,-0.9099,-0.8253,-0.7438,-0.6509,-0.6007,-0.6316,-0.6798,-0.7109,-0.7256,-0.7297,-0.7279,-0.7238,-0.7199,-0.7175,-0.717,-1.1064,-1.1432,-1.1711,-1.1646,-1.0999,-1.0131,-0.9824,-1.0187,-0.9324,-0.7066,-0.559,-0.453,-0.4197,-0.41,-0.5494,-0.7308,-0.9607,-1.5353,-1.6493,-1.1836,-0.8937,-0.7649,-0.7174,-0.6686,-0.5671,-0.5016,-0.5777,-0.6608,-0.7051,-0.7223,-0.724,-0.7181,-0.7102,-0.7041,-0.7015,-0.7023,-1.036,-1.0491,-1.05,-1.0292,-0.9852,-0.9353,-0.9014,-0.8702,-0.7795,-0.6385,-0.5366,-0.4901,-0.4418,-0.3193,-0.6221,-0.787,-1.5243,-1.1912,-1.0738,-0.8364,-0.5813,-0.5217,-0.59,-0.6275,-0.5899,-0.5507,-0.6098,-0.681,-0.718,-0.727,-0.719,-0.7033,-0.6882,-0.6793,-0.6777,-0.6819,-0.9764,-0.9764,-0.9664,-0.9434,-0.9084,-0.8677,-0.8246,-0.7692,-0.6831,-0.5674,-0.45,-0.488,-0.4989,-0.5115,-0.6642,-0.9795,-1.3513,-1.04,-0.8085,-0.5149,-0.0576,-0.1507,-0.4548,-0.6024,-0.6504,-0.6668,-0.7015,-0.737,-0.7498,-0.7387,-0.7106,-0.6764,-0.6494,-0.6381,-0.6418,-0.6539,-0.9282,-0.9215,-0.9071,-0.8841,-0.8531,-0.8156,-0.7713,-0.716,-0.6442,-0.5556,-0.4682,-0.4998,-0.5565,-0.5861,-0.6445,-0.7677,-0.842,-0.7366,-0.5854,-0.4019,0.0277,-0.0921,-0.4304,-0.6143,-0.7143,-0.776,-0.8112,-0.8172,-0.7969,-0.7538,-0.6912,-0.6236,-0.5779,-0.5699,-0.5891,-0.6177,-0.89,-0.8798,-0.8639,-0.8417,-0.8134,-0.7794,-0.7395,-0.6928,-0.6398,-0.5863,-0.5504,-0.5526,-0.5776,-0.5853,-0.5714,-0.5845,-0.6178,-0.4942,-0.3362,-0.4289,-0.3648,-0.386,-0.5296,-0.6754,-0.8067,-0.9164,-0.9558,-0.9206,-0.8562,-0.7699,-0.6533,-0.5255,-0.4521,-0.4652,-0.5209,-0.5772,-0.8598,-0.8481,-0.8319,-0.8111,-0.7856,-0.7558,-0.722,-0.6849,-0.6467,-0.6123,-0.5889,-0.5798,-0.5755,-0.5481,-0.4202,-0.3615,-0.5106,-0.4721,-0.3978,-0.4744,-0.5005,-0.537,-0.6216,-0.7466,-0.91,-1.0882,-1.1282,-1.028,-0.9201,-0.7915,-0.6079,-0.3878,-0.2804,-0.3452,-0.4568,-0.5451,-0.836,-0.8239,-0.8083,-0.7891,-0.7666,-0.741,-0.7131,-0.6837,-0.655,-0.6297,-0.6102,-0.5958,-0.5785,-0.5365,-0.4361,-0.4035,-0.5016,-0.5187,-0.5039,-0.5029,-0.5395,-0.5914,-0.6668,-0.7851,-0.9552,-1.1348,-1.1715,-1.0915,-0.9809,-0.8331,-0.6133,-0.3332,-0.2047,-0.3018,-0.4395,-0.5392,-0.8173,-0.8053,-0.7907,-0.7735,-0.7538,-0.732,-0.7089,-0.6853,-0.6627,-0.6424,-0.625,-0.6094,-0.5908,-0.5621,-0.5257,-0.5166,-0.5397,-0.5474,-0.5347,-0.5342,-0.5669,-0.6052,-0.6609,-0.7736,-0.9436,-1.1196,-1.2502,-1.1913,-1.0447,-0.9011,-0.7113,-0.4799,-0.3566,-0.3988,-0.4907,-0.5667,-0.8026,-0.7912,-0.7778,-0.7623,-0.7452,-0.7267,-0.7074,-0.6881,-0.6696,-0.6526,-0.6374,-0.623,-0.6079,-0.5908,-0.5755,-0.5703,-0.5742,-0.576,-0.5735,-0.5767,-0.5834,-0.569,-0.5796,-0.7094,-0.9101,-1.1439,-1.3596,-1.2482,-1.0758,-0.9766,-0.8399,-0.6772,-0.5684,-0.5485,-0.5774,-0.6153,-0.7911,-0.7804,-0.7682,-0.7545,-0.7396,-0.7237,-0.7075,-0.6914,-0.676,-0.6616,-0.6485,-0.6363,-0.6246,-0.6137,-0.6052,-0.6013,-0.6011,-0.6017,-0.602,-0.6012,-0.5853,-0.5245,-0.5021,-0.651,-0.8535,-1.0423,-1.1575,-1.119,-1.0795,-1.043,-0.9317,-0.8053,-0.7113,-0.6661,-0.6575,-0.6661,-0.7821,-0.7723,-0.7612,-0.749,-0.736,-0.7224,-0.7086,-0.695,-0.682,-0.6699,-0.6587,-0.6486,-0.6395,-0.6318,-0.6262,-0.6232,-0.6225,-0.6231,-0.6236,-0.621,-0.606,-0.5729,-0.5757,-0.6751,-0.8169,-0.9442,-1.0231,-1.0526,-1.0782,-1.0502,-0.9595,-0.8622,-0.7859,-0.7383,-0.7152,-0.7079]},{"header":{"la1":42.85,"la2":41.18,"lo1":11.55,"lo2":14.05,"nx":36,"ny":24,"dx":0.07143,"dy":0.07261,"parameterCategory":2,"parameterNumber":3,"parameterNumberName":"northward_wind","parameterUnit":"m.s-1"},"data":[-0.8482,-0.8454,-0.8393,-0.8299,-0.8173,-0.8022,-0.7856,-0.7686,-0.7515,-0.7344,-0.7162,-0.6961,-0.6734,-0.6479,-0.6203,-0.5916,-0.5634,-0.5378,-0.5167,-0.5013,-0.4914,-0.4857,-0.4822,-0.48,-0.4786,-0.4785,-0.4798,-0.4825,-0.4865,-0.4916,-0.4974,-0.5038,-0.5105,-0.5174,-0.5242,-0.531,-0.8701,-0.8682,-0.862,-0.8511,-0.8357,-0.8168,-0.7963,-0.7763,-0.758,-0.7412,-0.7239,-0.704,-0.68,-0.6517,-0.6197,-0.5853,-0.5509,-0.5199,-0.4956,-0.4804,-0.4736,-0.4719,-0.4712,-0.4695,-0.4677,-0.4672,-0.4686,-0.472,-0.477,-0.4832,-0.4903,-0.498,-0.5059,-0.514,-0.5219,-0.5296,-0.8955,-0.8953,-0.8893,-0.8765,-0.8567,-0.8313,-0.8036,-0.7782,-0.7586,-0.7443,-0.7309,-0.7134,-0.6892,-0.6581,-0.6208,-0.5788,-0.5354,-0.496,-0.4672,-0.4543,-0.4561,-0.4641,-0.4675,-0.464,-0.4587,-0.456,-0.4569,-0.4609,-0.4671,-0.4748,-0.4834,-0.4925,-0.5019,-0.5112,-0.5204,-0.5291,-0.9253,-0.9283,-0.9236,-0.9087,-0.8822,-0.8456,-0.8036,-0.7663,-0.7445,-0.7383,-0.7355,-0.7248,-0.7023,-0.6689,-0.6255,-0.5736,-0.5165,-0.4625,-0.4255,-0.4187,-0.4426,-0.4751,-0.483,-0.4678,-0.4518,-0.4443,-0.4442,-0.4491,-0.4569,-0.4664,-0.4768,-0.4877,-0.4986,-0.5094,-0.5199,-0.5297,-0.96,-0.969,-0.9682,-0.9521,-0.9167,-0.8614,-0.7908,-0.7238,-0.6954,-0.7128,-0.7367,-0.74,-0.7216,-0.6864,-0.6371,-0.5731,-0.4956,-0.4143,-0.3569,-0.3593,-0.4328,-0.5292,-0.5335,-0.4792,-0.4428,-0.4295,-0.4296,-0.4363,-0.4464,-0.4582,-0.4708,-0.4837,-0.4965,-0.5089,-0.5207,-0.5318,-0.9995,-1.0194,-1.0284,-1.0146,-0.969,-0.888,-0.7676,-0.6256,-0.5721,-0.6573,-0.7397,-0.7641,-0.75,-0.7143,-0.6611,-0.5857,-0.4816,-0.3524,-0.2414,-0.2462,-0.3823,-0.5732,-0.565,-0.4661,-0.4191,-0.4077,-0.4119,-0.4225,-0.4359,-0.4506,-0.4657,-0.4809,-0.4958,-0.5101,-0.5234,-0.5357,-1.0411,-1.0792,-1.1097,-1.1075,-1.0515,-0.9457,-0.7775,-0.5239,-0.4096,-0.6205,-0.7716,-0.8063,-0.7905,-0.756,-0.7059,-0.6258,-0.499,-0.319,-0.1348,-0.1367,-0.2398,-0.3719,-0.4149,-0.3837,-0.3719,-0.3782,-0.392,-0.4085,-0.4261,-0.4441,-0.4621,-0.4799,-0.4972,-0.5135,-0.5285,-0.5421,-1.0774,-1.1393,-1.211,-1.2405,-1.1641,-1.0415,-0.8945,-0.6904,-0.6003,-0.768,-0.8717,-0.8725,-0.8419,-0.8138,-0.7839,-0.7146,-0.575,-0.3821,-0.207,-0.1279,0.002,-0.0251,-0.1783,-0.2685,-0.3157,-0.3473,-0.3729,-0.3959,-0.4178,-0.4393,-0.4606,-0.4813,-0.5013,-0.5198,-0.5367,-0.5516,-1.0963,-1.1722,-1.2868,-1.3724,-1.2488,-1.1311,-1.0681,-1.0256,-1.0345,-1.072,-1.0343,-0.9532,-0.8938,-0.8843,-0.9219,-0.8959,-0.7123,-0.4883,-0.2844,-0.0259,0.4044,0.3213,-0.0152,-0.191,-0.2761,-0.3248,-0.3586,-0.3864,-0.412,-0.437,-0.4617,-0.4859,-0.5089,-0.5301,-0.5489,-0.5651,-1.0912,-1.151,-1.2264,-1.2697,-1.1916,-1.175,-1.2177,-1.3052,-1.454,-1.4783,-1.2371,-1.0238,-0.9262,-0.9411,-1.1486,-1.2715,-0.8674,-0.5632,-0.3471,-0.0891,0.2337,0.2019,-0.034,-0.1837,-0.2658,-0.3157,-0.3511,-0.3808,-0.409,-0.4375,-0.4664,-0.4947,-0.5215,-0.5457,-0.5666,-0.5838,-1.0713,-1.1049,-1.1105,-1.0461,-1.0647,-1.1996,-1.3502,-1.5114,-1.8557,-2.0467,-1.4027,-1.0438,-0.926,-0.932,-1.1123,-1.2748,-0.82,-0.5507,-0.3961,-0.2452,-0.1037,-0.0744,-0.1418,-0.2181,-0.2767,-0.3186,-0.3502,-0.3788,-0.4088,-0.4413,-0.4754,-0.5092,-0.5408,-0.5687,-0.5917,-0.6095,-1.0499,-1.0741,-1.0759,-1.0426,-1.0769,-1.2657,-1.5083,-1.6844,-1.7422,-1.7593,-1.2867,-0.988,-0.9148,-0.9786,-0.9033,-0.7518,-0.5737,-0.4764,-0.4204,-0.3205,-0.2307,-0.1917,-0.2052,-0.2478,-0.2956,-0.3313,-0.3548,-0.3791,-0.4107,-0.4488,-0.4903,-0.5317,-0.5698,-0.6019,-0.6269,-0.6444,-1.0299,-1.0558,-1.0763,-1.0985,-1.1678,-1.3429,-1.6234,-1.8918,-1.7262,-1.3849,-1.0763,-0.9141,-0.8779,-1.015,-0.8633,-0.4459,-0.3262,-0.4913,-0.4963,-0.3213,-0.2253,-0.1876,-0.2023,-0.2556,-0.3226,-0.36,-0.3653,-0.3801,-0.414,-0.4609,-0.5137,-0.5663,-0.6132,-0.6504,-0.6763,-0.6916,-1.0084,-1.036,-1.0668,-1.1093,-1.1852,-1.3224,-1.5268,-1.7228,-1.5867,-1.185,-0.9226,-0.894,-0.8949,-0.6937,-0.4398,0.0408,0.0406,-0.2343,-0.3329,-0.2149,-0.1118,-0.0819,-0.1349,-0.2353,-0.3509,-0.3994,-0.3747,-0.3784,-0.4186,-0.4798,-0.5503,-0.6198,-0.6789,-0.7215,-0.746,-0.7552,-0.9832,-1.009,-1.0394,-1.0792,-1.1367,-1.2178,-1.3086,-1.3424,-1.2012,-0.9367,-0.7477,-0.6903,-0.6341,-0.5075,-0.2518,0.2021,0.8397,0.1684,-0.0828,-0.0138,0.1809,0.185,0.0108,-0.1652,-0.3057,-0.3656,-0.3536,-0.3673,-0.4239,-0.5092,-0.6079,-0.7039,-0.7806,-0.8274,-0.8445,-0.8399,-0.9543,-0.9754,-0.9992,-1.027,-1.0596,-1.0922,-1.107,-1.0665,-0.936,-0.737,-0.5517,-0.5174,-0.5326,-0.482,-0.2723,0.1628,0.5883,0.1452,-0.0401,0.203,0.835,0.6825,0.1964,-0.0686,-0.2021,-0.2625,-0.2887,-0.3359,-0.4263,-0.5526,-0.6986,-0.8389,-0.9414,-0.987,-0.9826,-0.9497,-0.9231,-0.9382,-0.9535,-0.9684,-0.9804,-0.9831,-0.9642,-0.9074,-0.8042,-0.6686,-0.5509,-0.5359,-0.514,-0.4841,-0.3602,-0.1748,-0.0781,-0.198,-0.2639,0.1084,0.9249,0.7405,0.2198,-0.0235,-0.1111,-0.133,-0.1665,-0.2627,-0.4169,-0.6124,-0.8381,-1.0572,-1.1993,-1.2255,-1.1691,-1.0838,-0.8914,-0.9005,-0.9081,-0.9126,-0.9112,-0.8991,-0.8696,-0.8173,-0.7432,-0.6605,-0.5937,-0.5509,-0.512,-0.4906,-0.4446,-0.3918,-0.3578,-0.54,-0.7963,-0.3211,0.1198,0.1981,0.0531,-0.0403,-0.0155,0.0936,0.0922,-0.1168,-0.3918,-0.6883,-1.036,-1.3958,-1.5979,-1.5572,-1.3948,-1.2276,-0.8607,-0.8648,-0.8663,-0.8637,-0.8548,-0.8365,-0.8061,-0.7622,-0.7078,-0.6505,-0.5992,-0.5565,-0.5221,-0.5028,-0.5358,-0.5585,-0.4642,-0.5479,-0.6507,-0.3906,-0.2097,-0.1095,-0.0994,-0.077,0.0895,0.494,0.5793,0.0576,-0.3901,-0.7731,-1.2492,-1.811,-2.087,-1.9096,-1.5987,-1.3438,-0.832,-0.8322,-0.8294,-0.8224,-0.8097,-0.7898,-0.7614,-0.7248,-0.6824,-0.6381,-0.5961,-0.5587,-0.5285,-0.5132,-0.5339,-0.539,-0.4707,-0.4373,-0.3546,-0.3075,-0.2837,-0.2231,-0.1897,-0.1428,0.0347,0.526,0.6421,-0.0927,-0.5097,-0.8514,-1.3338,-1.9782,-2.2875,-2.0377,-1.6677,-1.3846,-0.8059,-0.8032,-0.7976,-0.7881,-0.7739,-0.7541,-0.7284,-0.6974,-0.6626,-0.6264,-0.591,-0.5583,-0.5306,-0.5111,-0.5013,-0.4848,-0.4483,-0.4052,-0.3534,-0.322,-0.2922,-0.2485,-0.2288,-0.2322,-0.2302,-0.3032,-0.7017,-0.7265,-0.749,-0.9242,-1.2352,-1.6791,-1.9321,-1.8107,-1.5571,-1.3345,-0.7826,-0.7779,-0.7705,-0.7597,-0.7451,-0.7263,-0.7032,-0.6764,-0.6469,-0.6162,-0.5857,-0.5568,-0.5307,-0.5083,-0.4886,-0.4663,-0.4369,-0.4018,-0.3645,-0.3274,-0.2748,-0.2,-0.1819,-0.2673,-0.4169,-0.7288,-1.1561,-1.017,-0.9726,-1.0289,-1.1294,-1.328,-1.4826,-1.4753,-1.3625,-1.2293,-0.7619,-0.7559,-0.7475,-0.7362,-0.7218,-0.7042,-0.6834,-0.6598,-0.6343,-0.6077,-0.581,-0.555,-0.5305,-0.5077,-0.4856,-0.4623,-0.4357,-0.4056,-0.3717,-0.3286,-0.2569,-0.1413,-0.1082,-0.2567,-0.4604,-0.7055,-0.9171,-1.0314,-1.2219,-1.1782,-1.106,-1.144,-1.2106,-1.227,-1.1859,-1.1162,-0.7437,-0.7369,-0.728,-0.7167,-0.7028,-0.6864,-0.6676,-0.6467,-0.6242,-0.6008,-0.5771,-0.5537,-0.531,-0.509,-0.4872,-0.4647,-0.4406,-0.4139,-0.3831,-0.3432,-0.2843,-0.2114,-0.2016,-0.311,-0.4768,-0.6589,-0.8392,-1.051,-1.2524,-1.1987,-1.0872,-1.0558,-1.0676,-1.074,-1.0566,-1.0199]}]