docs/data/wind_grid.json
[{"header":{"la1":42.85,"la2":41.18,"lo1":11.55,"lo2":14.05,"nx":36,"ny":24,"dx":0.07143,"dy":0.07261,"parameterCategory":2,"parameterNumber":2,"parameterNumberName":"eastward_wind","parameterUnit":"m.s-1"},"data":[1.309,1.3434,1.3812,1.4215,1.4627,1.5021,1.5364,1.5621,1.5782,1.5871,1.5947,1.6084,1.6339,1.6714,1.7126,1.7412,1.7407,1.7062,1.647,1.5777,1.5091,1.4468,1.3923,1.3453,1.3047,1.2692,1.2379,1.21,1.1848,1.1618,1.1407,1.1213,1.1034,1.0869,1.0718,1.0579,1.3142,1.354,1.3992,1.4495,1.503,1.5561,1.6026,1.6356,1.651,1.652,1.6494,1.658,1.6902,1.7503,1.8268,1.887,1.893,1.8357,1.7407,1.6384,1.546,1.4682,1.4041,1.3512,1.3068,1.2689,1.2359,1.2067,1.1803,1.1564,1.1345,1.1143,1.0958,1.0787,1.063,1.0487,1.3157,1.3612,1.415,1.4779,1.549,1.6238,1.6926,1.7405,1.7551,1.739,1.7131,1.7056,1.7407,1.8326,1.9708,2.0941,2.1108,2.0042,1.8454,1.6957,1.5749,1.4817,1.4093,1.3519,1.305,1.2656,1.2315,1.2013,1.1742,1.1495,1.1268,1.1059,1.0866,1.0689,1.0527,1.038,1.3118,1.3625,1.4253,1.503,1.5975,1.7066,1.8172,1.899,1.9162,1.8654,1.7903,1.7461,1.7717,1.8946,2.1198,2.3531,2.3839,2.184,1.9328,1.7308,1.5857,1.4821,1.4055,1.3464,1.2989,1.259,1.2246,1.194,1.1663,1.1409,1.1175,1.0958,1.0759,1.0575,1.0408,1.0257,1.3007,1.3549,1.4249,1.517,1.6391,1.7972,1.9833,2.1448,2.1802,2.0566,1.884,1.7726,1.7666,1.8919,2.1718,2.5044,2.5466,2.2582,1.9439,1.7189,1.5689,1.4662,1.3918,1.3347,1.2886,1.2497,1.2156,1.1849,1.1568,1.1308,1.1066,1.0841,1.0633,1.0442,1.0269,1.0114,1.2807,1.3352,1.4082,1.5093,1.6541,1.8658,2.1643,2.4936,2.5945,2.3175,1.974,1.7724,1.7186,1.7994,2.0176,2.2861,2.3268,2.0969,1.8392,1.6515,1.5243,1.4355,1.3698,1.3182,1.2754,1.2383,1.2051,1.1745,1.146,1.1193,1.0941,1.0705,1.0487,1.0287,1.0108,0.9948,1.2511,1.3015,1.3706,1.4692,1.6174,1.8524,2.234,2.7614,2.9779,2.4856,1.9789,1.7233,1.6369,1.6601,1.7632,1.8856,1.9103,1.8089,1.6706,1.5534,1.4648,1.3974,1.3441,1.2997,1.2611,1.2263,1.1939,1.1634,1.1342,1.1063,1.0798,1.0549,1.0317,1.0107,0.9919,0.9755,1.2124,1.2545,1.3119,1.3939,1.5173,1.7126,2.0279,2.4594,2.6231,2.216,1.8215,1.6202,1.5425,1.536,1.5683,1.6075,1.6167,1.5822,1.524,1.4635,1.4092,1.3619,1.3203,1.2828,1.248,1.215,1.1831,1.152,1.1217,1.0921,1.0637,1.0368,1.0119,0.9894,0.9696,0.9528,1.167,1.1973,1.2375,1.2929,1.3726,1.49,1.6554,1.8324,1.8843,1.7649,1.6118,1.5065,1.4629,1.4587,1.4669,1.4733,1.4717,1.4589,1.4358,1.4055,1.3716,1.3372,1.3036,1.2708,1.2383,1.206,1.1736,1.1412,1.1087,1.0766,1.0454,1.0157,0.9884,0.964,0.9431,0.9259,1.1178,1.1352,1.1562,1.1824,1.2167,1.2646,1.3375,1.4487,1.5839,1.6195,1.5092,1.4284,1.4231,1.4464,1.4505,1.4336,1.4197,1.4155,1.4078,1.3876,1.3591,1.3285,1.2977,1.2665,1.2342,1.2008,1.1665,1.1313,1.0955,1.0596,1.0243,0.9907,0.96,0.9332,0.9109,0.8935,1.0685,1.0734,1.0767,1.0768,1.0721,1.0645,1.0771,1.2075,1.6542,1.8608,1.4894,1.3741,1.4375,1.5334,1.527,1.4541,1.4202,1.4391,1.4466,1.4148,1.3732,1.3375,1.3053,1.2724,1.2375,1.2007,1.1626,1.1231,1.0823,1.0406,0.9994,0.9601,0.9248,0.8948,0.8712,0.854,1.0218,1.0164,1.0058,0.9861,0.9517,0.8954,0.8184,0.799,1.2011,1.5336,1.3171,1.2953,1.488,1.7873,1.7141,1.4881,1.4398,1.5658,1.5942,1.4875,1.4083,1.3651,1.3303,1.292,1.2502,1.2068,1.1626,1.1169,1.069,1.0192,0.9692,0.9217,0.8798,0.8459,0.8211,0.8051,0.9797,0.967,0.9472,0.9161,0.8664,0.7858,0.6601,0.5719,0.6306,0.967,1.0757,1.1797,1.3666,1.8849,1.788,1.4135,1.4094,1.8173,1.8298,1.5506,1.4518,1.421,1.3836,1.3309,1.2741,1.2198,1.1675,1.1138,1.0561,0.9944,0.9313,0.8715,0.8203,0.7815,0.7564,0.7439,0.9431,0.9258,0.9015,0.8668,0.8167,0.7439,0.6415,0.5159,0.5819,0.7627,0.875,1.1088,1.1879,1.0506,1.2279,1.1464,1.1601,1.5168,1.6178,1.506,1.5364,1.5557,1.4915,1.3952,1.3088,1.2394,1.1786,1.1159,1.045,0.9654,0.8819,0.8031,0.7385,0.6944,0.6715,0.6665,0.9119,0.8923,0.8665,0.8328,0.7892,0.7347,0.6735,0.6258,0.6143,0.5745,0.5237,0.6376,0.7732,0.6551,0.8858,0.8653,0.7725,1.0268,1.2582,1.5153,1.8608,1.9033,1.684,1.478,1.3464,1.2649,1.2003,1.1288,1.0392,0.9315,0.8148,0.7056,0.6216,0.5731,0.5587,0.5688,0.8856,0.8648,0.839,0.8073,0.7691,0.7248,0.6761,0.6209,0.5307,0.3198,-0.0745,0.1117,0.3295,0.5669,0.6688,0.7342,0.75,0.8283,1.0443,1.6864,2.7092,2.5397,1.8928,1.5313,1.371,1.3004,1.2457,1.1652,1.0459,0.8922,0.7202,0.5606,0.4488,0.4018,0.4093,0.4485,0.8634,0.8422,0.8166,0.7863,0.7505,0.7085,0.6575,0.5875,0.4713,0.2579,-0.0361,0.0962,0.0824,0.0411,0.3815,0.5093,0.5563,0.509,0.5783,1.3869,2.7861,2.5591,1.8272,1.4821,1.3783,1.3716,1.3477,1.2482,1.0763,0.8478,0.5842,0.3406,0.1914,0.1636,0.2198,0.3088,0.8448,0.8234,0.7982,0.7686,0.7339,0.6924,0.6406,0.5715,0.4744,0.3482,0.2404,0.198,0.0311,-0.0208,0.1114,0.1296,0.2424,0.037,-0.2988,0.4957,1.3784,1.6115,1.4432,1.3451,1.404,1.5402,1.5634,1.3999,1.1357,0.8009,0.3994,0.0225,-0.1685,-0.1377,0.0065,0.1668,0.8292,0.8079,0.7832,0.7545,0.721,0.6811,0.6326,0.5724,0.4992,0.4187,0.3456,0.2775,0.1858,0.0691,-0.3047,-0.4691,0.0044,-0.0021,-0.1561,0.1636,0.6052,0.9374,1.0729,1.2005,1.4613,1.8292,1.9016,1.5732,1.1971,0.7638,0.2088,-0.3324,-0.5525,-0.423,-0.1724,0.0579,0.8164,0.7955,0.7716,0.744,0.7122,0.6751,0.6317,0.581,0.5239,0.4632,0.4022,0.3362,0.2481,0.0867,-0.2398,-0.3358,-0.0001,0.1036,0.0016,-0.051,0.3072,0.6009,0.7931,1.0301,1.3996,1.8634,1.9539,1.553,1.2021,0.7637,0.1512,-0.4644,-0.6926,-0.5186,-0.229,0.0231,0.8061,0.7859,0.7629,0.7368,0.7071,0.6734,0.6351,0.5922,0.5453,0.4954,0.4426,0.3829,0.3056,0.1943,0.0649,0.0394,0.1358,0.1782,0.1158,0.1087,0.2649,0.3662,0.4774,0.7609,1.1488,1.4226,1.403,1.3435,1.1645,0.8091,0.296,-0.2141,-0.437,-0.3441,-0.1304,0.0756,0.7981,0.7786,0.7568,0.7324,0.7051,0.6747,0.641,0.6042,0.5645,0.5224,0.4773,0.4272,0.369,0.3032,0.247,0.232,0.2535,0.2644,0.2485,0.239,0.197,0.0139,-0.017,0.3877,0.886,1.2097,1.3066,1.2758,1.1258,0.8557,0.4968,0.1497,-0.0428,-0.0461,0.0574,0.1867,0.792,0.7735,0.753,0.7304,0.7055,0.6782,0.6485,0.6166,0.5827,0.5469,0.5092,0.4691,0.4269,0.3858,0.3542,0.3401,0.3394,0.3363,0.3187,0.2686,0.1077,-0.2363,-0.3377,0.1359,0.6775,1.0339,1.1833,1.169,1.0528,0.8656,0.6341,0.412,0.2648,0.2187,0.2481,0.3133,0.7876,0.7701,0.751,0.7302,0.7075,0.6831,0.6569,0.6291,0.6,0.5697,0.5385,0.5068,0.4755,0.4471,0.425,0.4113,0.4028,0.3915,0.3656,0.3024,0.1599,-0.0488,-0.0821,0.2096,0.5845,0.8605,0.9998,1.0211,0.9604,0.8464,0.7035,0.5632,0.4583,0.4059,0.4009,0.4266]},{"header":{"la1":42.85,"la2":41.18,"lo1":11.55,"lo2":14.05,"nx":36,"ny":24,"dx":0.07143,"dy":0.07261,"parameterCategory":2,"parameterNumber":3,"parameterNumberName":"northward_wind","parameterUnit":"m.s-1"},"data":[4.7068,4.6966,4.684,4.6689,4.6517,4.6331,4.6139,4.5947,4.5751,4.5525,4.5228,4.4817,4.4266,4.3601,4.2929,4.2433,4.2279,4.2499,4.2972,4.3531,4.4056,4.4489,4.4818,4.5051,4.5205,4.5295,4.5337,4.5343,4.5322,4.5284,4.5233,4.5174,4.5113,4.5051,4.4991,4.4935,4.7144,4.7031,4.6885,4.6704,4.6491,4.6256,4.602,4.5804,4.5612,4.5408,4.5117,4.4643,4.391,4.291,4.1797,4.0936,4.0722,4.1213,4.2092,4.3011,4.3786,4.4372,4.4784,4.5058,4.5226,4.5316,4.5349,4.5341,4.5306,4.5253,4.5188,4.5117,4.5044,4.4973,4.4906,4.4844,4.7237,4.7114,4.6946,4.6725,4.6449,4.6131,4.5809,4.5541,4.5365,4.5241,4.503,4.4548,4.3623,4.2148,4.0267,3.8681,3.838,3.9463,4.1075,4.2524,4.3604,4.4343,4.4823,4.5118,4.5284,4.536,4.5374,4.5345,4.5289,4.5216,4.5134,4.5048,4.4963,4.4882,4.4806,4.4739,4.7352,4.7224,4.7035,4.6767,4.6402,4.5944,4.5445,4.5039,4.4878,4.4941,4.4961,4.4603,4.3571,4.1591,3.8612,3.5741,3.5332,3.754,4.0231,4.2279,4.3624,4.4461,4.4963,4.5245,4.5384,4.5428,4.541,4.5351,4.5268,4.5171,4.5068,4.4964,4.4865,4.4772,4.4689,4.4615,4.7497,4.7373,4.7173,4.6862,4.6391,4.5718,4.487,4.4097,4.3885,4.4353,4.4887,4.4867,4.3956,4.1801,3.8075,3.3982,3.3471,3.6768,4.0232,4.2563,4.3963,4.4772,4.5219,4.5442,4.5523,4.5515,4.5451,4.5353,4.5236,4.511,4.4983,4.486,4.4745,4.4641,4.4549,4.4471,4.7674,4.7571,4.7384,4.706,4.6507,4.5592,4.4184,4.2552,4.2035,4.3371,4.4862,4.5383,4.4839,4.3132,4.0073,3.6648,3.6097,3.8732,4.1585,4.3513,4.4649,4.5273,4.5581,4.5695,4.5689,4.561,4.5487,4.5341,4.5184,4.5025,4.4872,4.4728,4.4597,4.4482,4.4383,4.4301,4.7882,4.7823,4.7686,4.741,4.6881,4.5877,4.403,4.1271,4.0102,4.2754,4.5284,4.6215,4.6043,4.5063,4.3402,4.1681,4.1245,4.2338,4.3801,4.4911,4.5577,4.5907,4.6012,4.5978,4.5859,4.5694,4.5503,4.5302,4.5102,4.4908,4.4727,4.4562,4.4415,4.4289,4.4184,4.41,4.8113,4.8119,4.8071,4.7921,4.7575,4.6844,4.5399,4.3131,4.2244,4.466,4.6717,4.7393,4.7312,4.6833,4.612,4.5436,4.5184,4.5473,4.5983,4.6391,4.6585,4.6587,4.6458,4.6252,4.6006,4.5745,4.548,4.5223,4.4977,4.4748,4.4538,4.4351,4.419,4.4054,4.3946,4.3863,4.835,4.8433,4.8501,4.8532,4.8482,4.8283,4.7867,4.7404,4.7627,4.8511,4.8864,4.8698,4.8417,4.814,4.7865,4.7646,4.7587,4.7689,4.78,4.7767,4.7561,4.7237,4.686,4.6472,4.6095,4.5736,4.54,4.5086,4.4796,4.4531,4.4294,4.4087,4.3912,4.377,4.3661,4.3583,4.857,4.8732,4.8918,4.9134,4.9385,4.9678,5.0062,5.075,5.2,5.2389,5.0968,4.9737,4.918,4.8988,4.8915,4.8945,4.9148,4.9414,4.9444,4.9089,4.8479,4.7801,4.716,4.659,4.6087,4.5641,4.5238,4.4874,4.4543,4.4246,4.3983,4.3757,4.357,4.3424,4.3319,4.3253,4.8751,4.8977,4.9261,4.9627,5.0109,5.0739,5.1516,5.2525,5.4926,5.6155,5.2319,5.0156,4.9536,4.9521,4.9535,4.9731,5.0411,5.128,5.1413,5.0549,4.9326,4.8199,4.728,4.6546,4.5943,4.5429,4.4976,4.457,4.4205,4.3879,4.3592,4.3348,4.3152,4.3006,4.2911,4.2863,4.8875,4.9141,4.9485,4.9942,5.0565,5.1413,5.2488,5.3363,5.3888,5.4341,5.1571,4.9876,4.9596,5.0156,4.9901,5.0148,5.1746,5.4294,5.4562,5.2244,4.9938,4.8263,4.7102,4.627,4.5623,4.5077,4.4595,4.416,4.3768,4.3416,4.3106,4.2844,4.2639,4.2498,4.2421,4.2403,4.8931,4.9209,4.9568,5.0044,5.0694,5.1598,5.2848,5.478,5.2778,5.1587,5.0125,4.948,4.9241,5.0086,4.9705,5.0294,5.2934,5.8452,5.8422,5.3274,4.9759,4.7683,4.6472,4.5698,4.5101,4.4571,4.4082,4.3632,4.322,4.2845,4.251,4.2226,4.2011,4.1878,4.1831,4.186,4.8922,4.9184,4.9513,4.9937,5.049,5.1209,5.2026,5.2333,5.1768,5.0132,4.8946,4.9562,4.9499,4.474,4.819,5.0808,5.3485,5.5992,5.58,5.1549,4.7997,4.6056,4.5248,4.4814,4.4387,4.3912,4.3428,4.2973,4.2552,4.2156,4.1788,4.1468,4.1235,4.1117,4.1119,4.122,4.8855,4.9081,4.9351,4.9675,5.0058,5.0478,5.0828,5.0803,4.9934,4.8309,4.71,4.7121,4.6616,4.4969,4.7812,5.3207,5.7712,5.3951,5.1458,4.788,4.4114,4.2962,4.3448,4.3731,4.3545,4.3107,4.2618,4.217,4.1759,4.1347,4.0924,4.0537,4.0267,4.0172,4.0256,4.0471,4.8746,4.8926,4.9125,4.9339,4.9548,4.9705,4.9695,4.9312,4.8296,4.6492,4.4109,4.5067,4.577,4.6395,4.8192,5.2419,5.5685,5.2398,4.9142,4.4358,3.7991,3.8734,4.1691,4.276,4.2662,4.2137,4.1607,4.1206,4.0854,4.0434,3.991,3.9383,3.9035,3.8987,3.9215,3.9614,4.8613,4.8745,4.8878,4.8997,4.9077,4.9067,4.8882,4.8405,4.7504,4.6064,4.4367,4.5108,4.5623,4.5821,4.7849,4.9862,5.0862,5.0056,4.8472,4.4346,3.7273,3.83,4.1396,4.2209,4.1731,4.0886,4.0298,4.0063,3.9881,3.947,3.8753,3.7943,3.7451,3.751,3.8002,3.8681,4.8469,4.8561,4.864,4.8692,4.8694,4.8607,4.8383,4.7971,4.7346,4.6579,4.601,4.6025,4.5843,4.6042,4.818,4.9366,4.9558,4.9547,4.9816,4.7384,4.3603,4.226,4.2394,4.1899,4.0603,3.9171,3.8588,3.8795,3.8949,3.8566,3.7518,3.6198,3.5492,3.5802,3.6724,3.7779,4.8325,4.8385,4.8427,4.8438,4.8402,4.8295,4.8096,4.7793,4.7406,4.7013,4.6761,4.6738,4.6915,4.7748,4.9873,5.0586,4.9517,4.9409,4.967,4.8955,4.6723,4.4518,4.3007,4.1471,3.9408,3.7242,3.6778,3.7702,3.8226,3.7885,3.6456,3.4485,3.3574,3.428,3.5697,3.7105,4.8189,4.8225,4.8243,4.8233,4.8183,4.8084,4.7929,4.7721,4.7488,4.7282,4.7177,4.7238,4.7554,4.8355,4.9737,5.0162,4.9307,4.9158,5.02,5.077,4.7717,4.4789,4.2701,4.0946,3.8894,3.6815,3.6413,3.7281,3.7811,3.7568,3.6078,3.3873,3.2906,3.3779,3.5365,3.6877,4.8061,4.8082,4.8085,4.8065,4.8016,4.7934,4.7819,4.768,4.754,4.7432,4.74,4.7489,4.7749,4.8222,4.8774,4.8945,4.8687,4.8628,4.9135,4.8959,4.6314,4.3137,4.1214,4.0213,3.8907,3.7448,3.6627,3.6916,3.7574,3.7604,3.6565,3.4915,3.4088,3.4643,3.5876,3.7156,4.7943,4.7954,4.7949,4.7926,4.7882,4.7816,4.7732,4.7638,4.7551,4.7491,4.7485,4.7553,4.771,4.7936,4.8136,4.8162,4.7989,4.7749,4.7394,4.624,4.3342,3.9506,3.8185,3.9021,3.8818,3.7431,3.6138,3.6632,3.7573,3.7874,3.7393,3.6491,3.5938,3.6147,3.6885,3.7788,4.7835,4.7838,4.7829,4.7806,4.7767,4.7714,4.7651,4.7584,4.7524,4.7483,4.7474,4.7505,4.7571,4.7646,4.7672,4.7579,4.7326,4.6873,4.6051,4.4388,4.1222,3.712,3.6165,3.8189,3.8903,3.8158,3.7341,3.7475,3.8043,3.8333,3.8182,3.7776,3.7484,3.7554,3.796,3.8543,4.7734,4.7732,4.772,4.7697,4.7663,4.7619,4.7568,4.7515,4.7466,4.7427,4.7404,4.7396,4.7393,4.7371,4.7291,4.7107,4.6766,4.6194,4.5239,4.364,4.1198,3.8585,3.7816,3.8786,3.9345,3.908,3.8658,3.8589,3.8783,3.8932,3.8897,3.8736,3.8611,3.8656,3.8894,3.927]}]