docs/data/wind_grid.json
[{"header":{"la1":42.85,"la2":41.18,"lo1":11.55,"lo2":14.05,"nx":36,"ny":24,"dx":0.07143,"dy":0.07261,"parameterCategory":2,"parameterNumber":2,"parameterNumberName":"eastward_wind","parameterUnit":"m.s-1"},"data":[-0.6081,-0.6076,-0.6042,-0.598,-0.5895,-0.5793,-0.5681,-0.5565,-0.545,-0.5344,-0.5255,-0.5194,-0.5171,-0.5187,-0.5237,-0.5305,-0.5364,-0.5381,-0.5325,-0.5184,-0.4981,-0.4775,-0.4622,-0.4544,-0.4526,-0.4535,-0.4546,-0.4545,-0.453,-0.4504,-0.4469,-0.443,-0.4388,-0.4347,-0.4306,-0.4267,-0.6305,-0.6311,-0.6276,-0.6202,-0.6095,-0.5967,-0.5829,-0.5686,-0.5542,-0.5401,-0.5279,-0.5195,-0.5166,-0.5199,-0.5288,-0.5414,-0.5537,-0.5597,-0.5527,-0.5291,-0.4928,-0.4569,-0.4348,-0.4299,-0.4354,-0.4434,-0.4493,-0.452,-0.4517,-0.4494,-0.4458,-0.4416,-0.4371,-0.4327,-0.4284,-0.4243,-0.6583,-0.6609,-0.6579,-0.6489,-0.635,-0.6185,-0.6016,-0.5848,-0.567,-0.5479,-0.5302,-0.5176,-0.5131,-0.5182,-0.5327,-0.5546,-0.5786,-0.5946,-0.5882,-0.5473,-0.4768,-0.4076,-0.3759,-0.3844,-0.4088,-0.4306,-0.4441,-0.4501,-0.4509,-0.4486,-0.4447,-0.44,-0.4351,-0.4302,-0.4257,-0.4214,-0.693,-0.6998,-0.6984,-0.6873,-0.6681,-0.6458,-0.6256,-0.608,-0.5875,-0.5608,-0.5329,-0.5126,-0.5048,-0.5116,-0.5332,-0.5689,-0.6139,-0.6533,-0.657,-0.5884,-0.4417,-0.2922,-0.2527,-0.3085,-0.3752,-0.4191,-0.4414,-0.45,-0.451,-0.4481,-0.4433,-0.4379,-0.4324,-0.4272,-0.4224,-0.418,-0.7366,-0.7516,-0.7547,-0.7412,-0.7125,-0.6792,-0.6551,-0.6434,-0.6253,-0.5843,-0.5364,-0.5024,-0.4889,-0.4963,-0.5257,-0.5796,-0.6587,-0.75,-0.7987,-0.7021,-0.4006,-0.0534,-0.0349,-0.2176,-0.3518,-0.418,-0.4452,-0.4532,-0.4523,-0.4476,-0.4415,-0.4351,-0.429,-0.4234,-0.4184,-0.4139,-0.7899,-0.8209,-0.8366,-0.8226,-0.7761,-0.719,-0.6863,-0.6973,-0.699,-0.6242,-0.536,-0.4822,-0.4615,-0.4679,-0.5026,-0.5745,-0.698,-0.8838,-1.0694,-0.9888,-0.5015,0.1069,0.0844,-0.2141,-0.3753,-0.4384,-0.4579,-0.4594,-0.454,-0.4464,-0.4386,-0.4312,-0.4246,-0.4187,-0.4135,-0.409,-0.8507,-0.9104,-0.9579,-0.9544,-0.8758,-0.7678,-0.705,-0.7441,-0.788,-0.6486,-0.5112,-0.4437,-0.419,-0.4214,-0.4539,-0.5341,-0.6902,-0.9637,-1.3333,-1.2975,-0.8338,-0.3992,-0.2888,-0.3941,-0.4604,-0.4792,-0.4763,-0.466,-0.4543,-0.4434,-0.4339,-0.4257,-0.4187,-0.4128,-0.4076,-0.4032,-0.9085,-1.0087,-1.1224,-1.1651,-1.0288,-0.8291,-0.6971,-0.6783,-0.6831,-0.5481,-0.4314,-0.3811,-0.3612,-0.354,-0.3675,-0.4376,-0.5995,-0.8562,-1.1316,-1.1729,-1.1535,-1.0197,-0.7606,-0.6229,-0.5598,-0.5202,-0.4904,-0.4675,-0.4501,-0.4368,-0.4264,-0.4181,-0.4113,-0.4055,-0.4006,-0.3965,-0.9442,-1.0732,-1.2544,-1.3823,-1.1678,-0.8802,-0.6715,-0.5335,-0.4218,-0.326,-0.2975,-0.3017,-0.2963,-0.2685,-0.2223,-0.2527,-0.4469,-0.6974,-0.9232,-1.1652,-1.603,-1.4877,-1.0216,-0.7527,-0.6145,-0.5363,-0.4883,-0.458,-0.4384,-0.4252,-0.4157,-0.4082,-0.402,-0.3968,-0.3924,-0.3887,-0.9455,-1.0659,-1.2077,-1.2822,-1.1471,-0.8971,-0.6461,-0.398,-0.0992,0.0264,-0.1222,-0.2259,-0.2414,-0.1906,-0.0019,0.0999,-0.2961,-0.6291,-0.8554,-1.0886,-1.4056,-1.3377,-0.993,-0.747,-0.5999,-0.5121,-0.4612,-0.433,-0.4174,-0.4081,-0.4015,-0.396,-0.3911,-0.3867,-0.3829,-0.3797,-0.9191,-1.0248,-1.1535,-1.3081,-1.2509,-0.9242,-0.663,-0.3799,0.2931,0.6259,0.0245,-0.1866,-0.2057,-0.1639,-0.0135,0.1091,-0.3625,-0.7465,-0.9357,-0.9907,-1.0278,-0.9733,-0.8118,-0.6471,-0.5224,-0.4435,-0.4046,-0.3908,-0.3875,-0.3865,-0.3849,-0.3822,-0.3787,-0.3752,-0.372,-0.3695,-0.8735,-0.966,-1.0964,-1.2643,-1.1995,-0.8974,-0.7572,-0.7044,-0.2009,0.2077,-0.0936,-0.202,-0.1756,-0.0925,-0.1485,-0.3097,-0.6643,-1.2247,-1.3786,-1.0977,-0.8959,-0.7676,-0.6428,-0.5131,-0.3965,-0.3268,-0.3163,-0.3339,-0.3522,-0.3633,-0.3677,-0.3677,-0.3653,-0.3622,-0.3595,-0.3576,-0.8123,-0.8772,-0.9519,-1.0028,-0.9423,-0.8258,-0.8471,-0.9848,-0.8226,-0.3879,-0.2627,-0.2284,-0.1851,-0.0518,-0.1436,-0.4424,-0.8665,-2.2023,-2.2583,-1.2497,-0.8246,-0.6296,-0.5038,-0.3781,-0.2346,-0.1572,-0.2025,-0.2738,-0.3204,-0.3438,-0.3527,-0.3535,-0.3507,-0.3472,-0.3447,-0.3436,-0.745,-0.7815,-0.8114,-0.8164,-0.7839,-0.7554,-0.8055,-0.9329,-0.8047,-0.4729,-0.3068,-0.2276,-0.2073,-0.2054,-0.3312,-0.5166,-0.7479,-1.4752,-1.6304,-1.0115,-0.6349,-0.4601,-0.3739,-0.2768,-0.1085,-0.0077,-0.1193,-0.2399,-0.3053,-0.3338,-0.3418,-0.3395,-0.3337,-0.3286,-0.3261,-0.3265,-0.6816,-0.6986,-0.7072,-0.7013,-0.683,-0.6701,-0.6784,-0.6751,-0.5681,-0.3983,-0.2958,-0.2615,-0.2393,-0.2041,-0.3945,-0.5636,-1.1766,-0.9156,-0.8212,-0.5558,-0.2829,-0.2031,-0.2348,-0.2301,-0.144,-0.0791,-0.1618,-0.2621,-0.3172,-0.3366,-0.335,-0.3234,-0.3109,-0.3031,-0.3015,-0.3048,-0.6263,-0.632,-0.6307,-0.6208,-0.6041,-0.5852,-0.5626,-0.518,-0.4311,-0.3209,-0.2332,-0.2877,-0.2678,-0.2593,-0.3758,-0.6577,-0.9848,-0.6682,-0.4228,-0.16,0.2038,0.1345,-0.0956,-0.2035,-0.2297,-0.2381,-0.2816,-0.3312,-0.3547,-0.3509,-0.3284,-0.2988,-0.2748,-0.2644,-0.267,-0.2771,-0.5797,-0.5786,-0.572,-0.5592,-0.5404,-0.5159,-0.4827,-0.4343,-0.3678,-0.2932,-0.2351,-0.246,-0.1935,-0.1627,-0.2407,-0.338,-0.3843,-0.2155,-0.0177,0.0649,0.2944,0.207,-0.0422,-0.1987,-0.299,-0.3706,-0.4163,-0.4289,-0.4122,-0.3721,-0.3143,-0.2527,-0.2113,-0.2031,-0.2188,-0.2428,-0.5407,-0.5354,-0.5256,-0.5107,-0.4904,-0.4641,-0.4302,-0.3875,-0.3376,-0.2881,-0.2496,-0.2152,-0.1496,-0.1055,0.0249,0.0924,0.0215,0.2334,0.5165,0.2595,0.1588,0.0779,-0.0671,-0.2277,-0.392,-0.5376,-0.594,-0.5565,-0.4856,-0.3962,-0.2842,-0.1674,-0.1015,-0.1113,-0.1579,-0.2054,-0.5079,-0.5001,-0.4884,-0.4724,-0.4516,-0.4258,-0.3944,-0.3577,-0.3173,-0.2764,-0.2358,-0.1871,-0.1125,0.0539,0.5774,0.8027,0.3059,0.3278,0.4857,0.4334,0.2507,0.0835,-0.0718,-0.2603,-0.5021,-0.7545,-0.812,-0.6939,-0.5662,-0.4245,-0.2455,-0.0471,0.0469,-0.0075,-0.1013,-0.1754,-0.4805,-0.471,-0.4583,-0.4419,-0.4215,-0.397,-0.3684,-0.3359,-0.3003,-0.2618,-0.2182,-0.1605,-0.0658,0.1318,0.5284,0.6598,0.3485,0.332,0.6093,0.7421,0.373,0.1466,-0.023,-0.2441,-0.5398,-0.8182,-0.8732,-0.7934,-0.6449,-0.4655,-0.2473,0.0017,0.1117,0.0303,-0.0844,-0.1675,-0.4574,-0.447,-0.4338,-0.4175,-0.3979,-0.3749,-0.3486,-0.319,-0.2861,-0.2491,-0.2051,-0.147,-0.0613,0.0705,0.2289,0.2884,0.2463,0.2875,0.4547,0.5102,0.3478,0.2461,0.1347,-0.1259,-0.4889,-0.8372,-1.1093,-0.9953,-0.7183,-0.5103,-0.3188,-0.1175,-0.0137,-0.0482,-0.124,-0.187,-0.4379,-0.427,-0.4138,-0.3979,-0.3792,-0.3577,-0.3334,-0.306,-0.2754,-0.2405,-0.1992,-0.1476,-0.0813,-0.0001,0.079,0.1266,0.1512,0.1973,0.2684,0.3092,0.3495,0.5099,0.5309,0.1305,-0.3809,-0.8901,-1.3437,-1.0903,-0.6694,-0.5047,-0.3907,-0.2652,-0.1807,-0.1662,-0.1909,-0.223,-0.4215,-0.4105,-0.3974,-0.382,-0.3643,-0.3442,-0.3217,-0.2964,-0.2682,-0.2362,-0.1993,-0.1559,-0.1055,-0.0506,0.0013,0.0429,0.0785,0.1199,0.1711,0.2397,0.3972,0.7461,0.8576,0.3383,-0.2284,-0.6621,-0.8896,-0.7125,-0.4495,-0.4407,-0.4152,-0.346,-0.2842,-0.2541,-0.2506,-0.2601,-0.4076,-0.3967,-0.3839,-0.3692,-0.3526,-0.3338,-0.3129,-0.2897,-0.2639,-0.2352,-0.203,-0.167,-0.1275,-0.0866,-0.0471,-0.0112,0.0232,0.061,0.1087,0.1832,0.3244,0.5336,0.563,0.2434,-0.1507,-0.4451,-0.576,-0.5159,-0.416,-0.4215,-0.4148,-0.3753,-0.3331,-0.3045,-0.2915,-0.2894]},{"header":{"la1":42.85,"la2":41.18,"lo1":11.55,"lo2":14.05,"nx":36,"ny":24,"dx":0.07143,"dy":0.07261,"parameterCategory":2,"parameterNumber":3,"parameterNumberName":"northward_wind","parameterUnit":"m.s-1"},"data":[-0.6308,-0.6192,-0.6047,-0.5873,-0.5676,-0.5471,-0.5283,-0.5136,-0.5048,-0.5016,-0.5014,-0.5008,-0.4969,-0.4877,-0.4729,-0.4531,-0.4298,-0.4054,-0.3821,-0.3621,-0.347,-0.338,-0.3356,-0.3394,-0.348,-0.3597,-0.3729,-0.3866,-0.4002,-0.4135,-0.4263,-0.4386,-0.4503,-0.4613,-0.4718,-0.4816,-0.6396,-0.6267,-0.6094,-0.5874,-0.561,-0.5321,-0.5048,-0.4844,-0.4752,-0.477,-0.4851,-0.4924,-0.4938,-0.4865,-0.4701,-0.4458,-0.416,-0.3843,-0.3543,-0.3292,-0.3106,-0.3001,-0.2991,-0.307,-0.321,-0.338,-0.3558,-0.3732,-0.3898,-0.4055,-0.4204,-0.4343,-0.4475,-0.4598,-0.4713,-0.4821,-0.6509,-0.6371,-0.6171,-0.5895,-0.5532,-0.5102,-0.4665,-0.4337,-0.4229,-0.4353,-0.4598,-0.4821,-0.4928,-0.4888,-0.4705,-0.4398,-0.4004,-0.358,-0.3189,-0.2878,-0.2653,-0.2526,-0.2537,-0.2686,-0.291,-0.3154,-0.3388,-0.3604,-0.3803,-0.3985,-0.4154,-0.4311,-0.4457,-0.4593,-0.472,-0.4836,-0.6655,-0.6519,-0.6301,-0.5965,-0.5471,-0.4807,-0.4047,-0.3425,-0.3257,-0.3617,-0.4211,-0.4708,-0.4966,-0.4975,-0.4766,-0.437,-0.383,-0.3233,-0.2713,-0.236,-0.2116,-0.1943,-0.1981,-0.2252,-0.2604,-0.2939,-0.3235,-0.3493,-0.3722,-0.3928,-0.4117,-0.4291,-0.4452,-0.4602,-0.474,-0.4866,-0.6838,-0.6724,-0.6514,-0.614,-0.5501,-0.4491,-0.3102,-0.1737,-0.1354,-0.2309,-0.3665,-0.4635,-0.51,-0.5167,-0.4924,-0.4411,-0.3651,-0.2746,-0.199,-0.1682,-0.1575,-0.133,-0.1391,-0.1851,-0.2348,-0.2768,-0.3115,-0.3408,-0.3663,-0.389,-0.4097,-0.4288,-0.4464,-0.4627,-0.4776,-0.4912,-0.7053,-0.6989,-0.6835,-0.6486,-0.576,-0.4369,-0.1957,0.1195,0.2323,-0.0246,-0.3135,-0.4749,-0.5409,-0.5512,-0.5236,-0.4602,-0.3558,-0.2107,-0.074,-0.0625,-0.1151,-0.1072,-0.1137,-0.167,-0.2218,-0.2672,-0.3044,-0.3357,-0.3629,-0.3873,-0.4096,-0.4303,-0.4495,-0.4672,-0.4833,-0.4978,-0.7282,-0.7294,-0.7252,-0.7035,-0.6379,-0.4856,-0.1656,0.3905,0.6541,0.118,-0.3345,-0.5292,-0.5961,-0.6049,-0.5769,-0.5076,-0.3811,-0.1799,0.0551,0.0483,-0.0746,-0.1098,-0.1309,-0.1723,-0.2211,-0.265,-0.3021,-0.3338,-0.362,-0.3877,-0.4117,-0.4341,-0.4549,-0.4741,-0.4914,-0.5068,-0.7493,-0.7576,-0.7674,-0.7669,-0.7233,-0.6084,-0.3667,0.049,0.234,-0.177,-0.5089,-0.637,-0.6736,-0.6774,-0.6599,-0.5986,-0.4674,-0.2709,-0.0736,-0.0304,-0.0137,-0.0321,-0.1081,-0.1724,-0.2245,-0.2673,-0.3032,-0.3345,-0.3632,-0.3901,-0.4159,-0.4402,-0.463,-0.4839,-0.5026,-0.519,-0.7654,-0.7759,-0.7916,-0.8042,-0.7814,-0.7411,-0.6705,-0.5813,-0.591,-0.7126,-0.774,-0.7703,-0.757,-0.7611,-0.7869,-0.7586,-0.6039,-0.4092,-0.2365,-0.0728,0.1598,0.115,-0.068,-0.1709,-0.2305,-0.2722,-0.306,-0.3363,-0.3655,-0.3942,-0.4223,-0.4493,-0.4746,-0.4975,-0.5177,-0.535,-0.7767,-0.7835,-0.7893,-0.7926,-0.7962,-0.842,-0.9117,-1.0083,-1.1701,-1.2214,-1.0377,-0.8859,-0.8234,-0.8328,-0.9684,-1.049,-0.7413,-0.5012,-0.3323,-0.1527,0.0511,0.0349,-0.1024,-0.1905,-0.242,-0.2776,-0.3077,-0.3373,-0.3679,-0.3996,-0.4313,-0.4621,-0.4906,-0.5161,-0.538,-0.5559,-0.7862,-0.7888,-0.7771,-0.7347,-0.7595,-0.9176,-1.0985,-1.2703,-1.5906,-1.764,-1.2252,-0.9456,-0.864,-0.8663,-0.9613,-1.0559,-0.7151,-0.5122,-0.3957,-0.2797,-0.1747,-0.147,-0.1818,-0.2224,-0.2534,-0.2784,-0.3043,-0.3346,-0.3692,-0.4062,-0.4437,-0.4798,-0.5129,-0.5415,-0.5651,-0.5833,-0.797,-0.8011,-0.7892,-0.7502,-0.7931,-1.0192,-1.2875,-1.4698,-1.5144,-1.5328,-1.1588,-0.9343,-0.894,-0.9743,-0.8725,-0.683,-0.5275,-0.4835,-0.4523,-0.354,-0.2709,-0.2307,-0.2269,-0.239,-0.2521,-0.2657,-0.2897,-0.3258,-0.369,-0.415,-0.4612,-0.505,-0.5441,-0.5766,-0.6017,-0.6193,-0.8087,-0.8208,-0.8305,-0.8488,-0.9312,-1.1292,-1.413,-1.6939,-1.5018,-1.2444,-1.0182,-0.9051,-0.8819,-1.027,-0.8587,-0.3939,-0.2914,-0.567,-0.5829,-0.3692,-0.2702,-0.2284,-0.2223,-0.2307,-0.2322,-0.232,-0.2607,-0.3118,-0.3694,-0.4286,-0.4871,-0.5417,-0.5889,-0.6259,-0.6515,-0.6668,-0.818,-0.8379,-0.8644,-0.909,-0.9948,-1.1405,-1.3335,-1.4877,-1.3908,-1.1112,-0.9305,-0.9153,-0.9091,-0.6967,-0.4052,0.1827,0.1359,-0.251,-0.389,-0.2714,-0.1804,-0.1485,-0.172,-0.2061,-0.2102,-0.1963,-0.2348,-0.3032,-0.3763,-0.4515,-0.5267,-0.5967,-0.6549,-0.6963,-0.7202,-0.7293,-0.8217,-0.8449,-0.8759,-0.9208,-0.9871,-1.076,-1.1694,-1.212,-1.1268,-0.9645,-0.8556,-0.8109,-0.7229,-0.6082,-0.2261,0.3668,0.9475,0.1998,-0.1172,-0.0977,0.0519,0.0578,-0.0681,-0.1695,-0.2081,-0.2113,-0.2457,-0.3122,-0.3946,-0.4885,-0.5877,-0.6809,-0.7545,-0.7992,-0.8156,-0.8114,-0.819,-0.8412,-0.8691,-0.9046,-0.9481,-0.9944,-1.0279,-1.0216,-0.9581,-0.8673,-0.8125,-0.8001,-0.7598,-0.6277,-0.3296,0.1972,0.6503,0.1464,-0.1027,0.0623,0.5794,0.4543,0.0634,-0.1277,-0.1992,-0.2262,-0.2591,-0.322,-0.418,-0.5411,-0.6798,-0.8124,-0.9091,-0.952,-0.9478,-0.9166,-0.8111,-0.8301,-0.8521,-0.877,-0.9028,-0.9242,-0.932,-0.9162,-0.8761,-0.8304,-0.808,-0.8084,-0.9178,-0.9431,-0.5526,-0.261,-0.1309,-0.2672,-0.3655,-0.0532,0.6472,0.4928,0.0623,-0.1236,-0.1766,-0.183,-0.2094,-0.2934,-0.4301,-0.6073,-0.8159,-1.0206,-1.1539,-1.1782,-1.1248,-1.0442,-0.7998,-0.8149,-0.831,-0.8472,-0.8615,-0.8702,-0.869,-0.8551,-0.8315,-0.8086,-0.7986,-0.8191,-0.9534,-0.9677,-0.719,-0.5965,-0.5008,-0.6562,-0.9042,-0.4696,-0.0698,0.0095,-0.1025,-0.165,-0.1283,-0.0296,-0.0257,-0.1912,-0.4201,-0.6822,-1.0026,-1.3399,-1.5302,-1.4917,-1.3381,-1.1803,-0.7867,-0.7981,-0.8093,-0.8193,-0.8267,-0.8293,-0.8253,-0.8144,-0.7993,-0.7852,-0.7785,-0.7871,-0.8117,-0.8079,-0.8716,-0.9214,-0.6795,-0.6992,-0.7949,-0.5865,-0.4038,-0.2935,-0.2657,-0.2221,-0.0577,0.2829,0.3549,-0.0501,-0.415,-0.755,-1.1991,-1.7306,-1.9925,-1.8244,-1.5304,-1.2898,-0.7731,-0.7813,-0.7888,-0.7946,-0.7979,-0.7975,-0.7927,-0.7838,-0.7725,-0.7615,-0.7537,-0.7511,-0.7529,-0.7672,-0.8462,-0.8669,-0.703,-0.634,-0.6088,-0.5969,-0.517,-0.4436,-0.3958,-0.3125,-0.11,0.3139,0.411,-0.1426,-0.4897,-0.8074,-1.2694,-1.887,-2.1826,-1.9452,-1.5948,-1.3277,-0.7597,-0.7654,-0.7701,-0.7732,-0.7741,-0.7721,-0.767,-0.7592,-0.7496,-0.7397,-0.7307,-0.7237,-0.7199,-0.7242,-0.7379,-0.7221,-0.6608,-0.6127,-0.5926,-0.5818,-0.5615,-0.5603,-0.5422,-0.4591,-0.339,-0.2917,-0.5114,-0.5573,-0.6461,-0.8422,-1.1583,-1.5954,-1.8419,-1.7279,-1.4886,-1.2794,-0.747,-0.7508,-0.7535,-0.7547,-0.754,-0.7512,-0.746,-0.7388,-0.7301,-0.7206,-0.7112,-0.7023,-0.6948,-0.6889,-0.6815,-0.6627,-0.6322,-0.605,-0.591,-0.5927,-0.6302,-0.7265,-0.7521,-0.6272,-0.5319,-0.5964,-0.7847,-0.7453,-0.8145,-0.9042,-1.032,-1.2459,-1.4063,-1.4054,-1.3022,-1.1789,-0.7352,-0.7375,-0.7388,-0.7387,-0.7371,-0.7337,-0.7285,-0.7216,-0.7135,-0.7045,-0.6949,-0.6853,-0.6757,-0.6657,-0.6537,-0.6377,-0.6191,-0.6041,-0.6001,-0.619,-0.6911,-0.8414,-0.8871,-0.7286,-0.6273,-0.6481,-0.7276,-0.8441,-1.0339,-1.0105,-0.9861,-1.0564,-1.1395,-1.1657,-1.133,-1.0713,-0.7243,-0.7255,-0.7258,-0.7248,-0.7226,-0.7189,-0.7137,-0.7072,-0.6995,-0.6909,-0.6817,-0.6719,-0.6618,-0.651,-0.6392,-0.6263,-0.6141,-0.6062,-0.6085,-0.6306,-0.6875,-0.7725,-0.7932,-0.7174,-0.6623,-0.6769,-0.7526,-0.9046,-1.0622,-1.027,-0.9641,-0.9682,-1.0005,-1.019,-1.0102,-0.9804]}]