docs/data/wind_grid.json
{"header": {"la1":42.1,"la2":41.55,"lo1":12.1,"lo2":12.95,"nx":50,"ny":50,"dx":0.01735,"dy":0.01122,"parameterCategory":2,"parameterNumber":3,"parameterNumberName":"northward_wind","parameterUnit":"m.s-1"}, "data":
[rows 0 to 39 of 50, columns 0 to 49 of 50]
-1.1743,-1.1728,-1.1708,-1.1682,-1.1651,-1.1613,-1.1568,-1.1517,-1.1459,-1.1393,-1.1321,-1.1242,-1.1156,-1.1063,-1.0963,-1.0856,-1.0742,-1.0619,-1.0486,-1.0342,-1.0185,-1.0012,-0.9822,-0.9612,-0.9382,-0.9132,-0.8862,-0.8576,-0.8277,-0.7972,-0.7666,-0.7366,-0.7079,-0.6812,-0.6569,-0.6354,-0.6171,-0.6019,-0.5898,-0.5807,-0.5742,-0.5701,-0.5679,-0.5674,-0.5683,-0.5703,-0.5732,-0.5768,-0.581,-0.5857
-1.1807,-1.1794,-1.1776,-1.1752,-1.1722,-1.1685,-1.1641,-1.159,-1.1532,-1.1466,-1.1393,-1.1313,-1.1226,-1.1133,-1.1032,-1.0924,-1.0809,-1.0686,-1.0553,-1.0409,-1.0251,-1.0076,-0.9883,-0.9668,-0.9431,-0.917,-0.8888,-0.8586,-0.827,-0.7946,-0.7622,-0.7304,-0.7001,-0.672,-0.6467,-0.6245,-0.6058,-0.5905,-0.5786,-0.5699,-0.5638,-0.5602,-0.5586,-0.5586,-0.56,-0.5625,-0.5658,-0.5699,-0.5745,-0.5795
-1.1873,-1.1862,-1.1846,-1.1824,-1.1795,-1.1759,-1.1716,-1.1666,-1.1607,-1.1542,-1.1468,-1.1387,-1.1299,-1.1204,-1.1103,-1.0994,-1.0879,-1.0755,-1.0623,-1.0479,-1.032,-1.0145,-0.9949,-0.973,-0.9485,-0.9214,-0.8917,-0.8599,-0.8264,-0.792,-0.7576,-0.7239,-0.6919,-0.6624,-0.6361,-0.6133,-0.5943,-0.5791,-0.5675,-0.5592,-0.5537,-0.5507,-0.5496,-0.5501,-0.552,-0.5549,-0.5587,-0.5631,-0.5681,-0.5735
-1.1941,-1.1932,-1.1918,-1.1898,-1.187,-1.1836,-1.1794,-1.1744,-1.1686,-1.162,-1.1545,-1.1464,-1.1374,-1.1278,-1.1175,-1.1066,-1.095,-1.0827,-1.0694,-1.0551,-1.0393,-1.0218,-1.002,-0.9797,-0.9544,-0.9262,-0.8951,-0.8615,-0.826,-0.7894,-0.7528,-0.7171,-0.6833,-0.6525,-0.6252,-0.6019,-0.5828,-0.5678,-0.5567,-0.5489,-0.5441,-0.5416,-0.5411,-0.5421,-0.5444,-0.5478,-0.5519,-0.5567,-0.562,-0.5677
-1.201,-1.2004,-1.1993,-1.1974,-1.1949,-1.1916,-1.1875,-1.1825,-1.1767,-1.1701,-1.1626,-1.1542,-1.1452,-1.1354,-1.125,-1.1139,-1.1023,-1.09,-1.0768,-1.0626,-1.047,-1.0295,-1.0096,-0.9869,-0.961,-0.9316,-0.899,-0.8635,-0.8257,-0.7868,-0.7477,-0.7099,-0.6743,-0.6421,-0.614,-0.5903,-0.5713,-0.5568,-0.5463,-0.5393,-0.5351,-0.5332,-0.5333,-0.5347,-0.5374,-0.541,-0.5455,-0.5506,-0.5562,-0.5622
-1.2082,-1.2079,-1.2069,-1.2053,-1.203,-1.1998,-1.1959,-1.191,-1.1852,-1.1785,-1.1709,-1.1624,-1.1531,-1.1432,-1.1326,-1.1214,-1.1097,-1.0974,-1.0843,-1.0703,-1.0549,-1.0376,-1.0177,-0.9947,-0.9681,-0.9377,-0.9034,-0.8657,-0.8255,-0.784,-0.7424,-0.7022,-0.6647,-0.6312,-0.6024,-0.5786,-0.56,-0.5462,-0.5366,-0.5304,-0.527,-0.5258,-0.5262,-0.5281,-0.531,-0.5349,-0.5395,-0.5448,-0.5506,-0.5569
-1.2155,-1.2155,-1.2148,-1.2135,-1.2114,-1.2084,-1.2046,-1.1998,-1.194,-1.1872,-1.1795,-1.1708,-1.1614,-1.1512,-1.1403,-1.129,-1.1171,-1.1048,-1.0919,-1.0782,-1.0631,-1.046,-1.0263,-1.0032,-0.976,-0.9443,-0.9083,-0.8683,-0.8254,-0.781,-0.7365,-0.6939,-0.6545,-0.6197,-0.5904,-0.5669,-0.549,-0.5363,-0.5278,-0.5227,-0.5201,-0.5194,-0.5202,-0.5222,-0.5253,-0.5292,-0.534,-0.5394,-0.5454,-0.5519
-1.223,-1.2233,-1.223,-1.2219,-1.2201,-1.2173,-1.2136,-1.2089,-1.2031,-1.1963,-1.1885,-1.1796,-1.1699,-1.1594,-1.1482,-1.1366,-1.1246,-1.1123,-1.0995,-1.0861,-1.0714,-1.0548,-1.0354,-1.0122,-0.9845,-0.9516,-0.9137,-0.8712,-0.8253,-0.7776,-0.7301,-0.6848,-0.6434,-0.6075,-0.578,-0.5551,-0.5384,-0.5272,-0.5202,-0.5164,-0.5146,-0.5144,-0.5153,-0.5173,-0.5203,-0.5242,-0.5289,-0.5344,-0.5406,-0.5472
-1.2307,-1.2314,-1.2314,-1.2307,-1.2291,-1.2266,-1.2231,-1.2185,-1.2127,-1.2058,-1.1978,-1.1887,-1.1787,-1.1678,-1.1563,-1.1444,-1.1322,-1.1197,-1.1071,-1.094,-1.0798,-1.0638,-1.0449,-1.0219,-0.9937,-0.9596,-0.9196,-0.8743,-0.8251,-0.7738,-0.7229,-0.6746,-0.6312,-0.5943,-0.5649,-0.5431,-0.5282,-0.5191,-0.514,-0.5116,-0.5107,-0.5107,-0.5116,-0.5134,-0.5161,-0.5198,-0.5244,-0.5298,-0.536,-0.5427
-1.2386,-1.2397,-1.2401,-1.2397,-1.2385,-1.2362,-1.2329,-1.2285,-1.2228,-1.2158,-1.2076,-1.1982,-1.1878,-1.1765,-1.1646,-1.1522,-1.1397,-1.1271,-1.1145,-1.1017,-1.0882,-1.073,-1.0548,-1.0321,-1.0035,-0.9682,-0.926,-0.8776,-0.8246,-0.7693,-0.7145,-0.663,-0.6175,-0.5798,-0.5508,-0.5307,-0.5183,-0.5119,-0.5092,-0.5084,-0.5084,-0.5085,-0.5091,-0.5103,-0.5126,-0.5159,-0.5202,-0.5256,-0.5317,-0.5385
-1.2467,-1.2482,-1.249,-1.2491,-1.2482,-1.2463,-1.2432,-1.2389,-1.2333,-1.2263,-1.2179,-1.2082,-1.1974,-1.1856,-1.173,-1.1601,-1.1471,-1.1342,-1.1216,-1.1092,-1.0963,-1.0821,-1.0648,-1.0427,-1.014,-0.9775,-0.9329,-0.881,-0.8237,-0.7638,-0.7047,-0.6496,-0.6018,-0.5633,-0.5353,-0.5175,-0.5084,-0.5054,-0.5057,-0.5068,-0.5075,-0.5076,-0.5076,-0.5081,-0.5096,-0.5124,-0.5164,-0.5216,-0.5277,-0.5345
-1.2549,-1.2569,-1.2582,-1.2587,-1.2583,-1.2568,-1.254,-1.2499,-1.2443,-1.2373,-1.2287,-1.2187,-1.2074,-1.195,-1.1818,-1.1682,-1.1545,-1.1412,-1.1284,-1.1162,-1.104,-1.0909,-1.0749,-1.0537,-1.025,-0.9873,-0.9401,-0.8843,-0.8222,-0.757,-0.6928,-0.6338,-0.5834,-0.5443,-0.5176,-0.5028,-0.4977,-0.499,-0.5029,-0.5062,-0.5077,-0.5075,-0.5067,-0.5063,-0.507,-0.5092,-0.5128,-0.5178,-0.5238,-0.5307
-1.2634,-1.2659,-1.2677,-1.2687,-1.2688,-1.2677,-1.2653,-1.2614,-1.256,-1.2489,-1.2402,-1.2298,-1.218,-1.2049,-1.1909,-1.1764,-1.1619,-1.1479,-1.1347,-1.1225,-1.111,-1.0991,-1.0847,-1.0647,-1.0364,-0.9975,-0.9475,-0.8874,-0.8197,-0.7485,-0.6785,-0.6147,-0.5614,-0.5216,-0.4966,-0.4854,-0.4853,-0.4917,-0.4998,-0.5057,-0.5081,-0.5076,-0.5059,-0.5045,-0.5044,-0.506,-0.5093,-0.5141,-0.5201,-0.5271
-1.2719,-1.275,-1.2775,-1.279,-1.2796,-1.279,-1.2771,-1.2736,-1.2683,-1.2613,-1.2524,-1.2416,-1.2292,-1.2153,-1.2004,-1.1849,-1.1693,-1.1543,-1.1404,-1.128,-1.1169,-1.1064,-1.0938,-1.0756,-1.0479,-1.008,-0.955,-0.8899,-0.8159,-0.7376,-0.6609,-0.5916,-0.5349,-0.4942,-0.4709,-0.4638,-0.4694,-0.4819,-0.495,-0.504,-0.5076,-0.507,-0.5045,-0.5023,-0.5015,-0.5026,-0.5057,-0.5104,-0.5164,-0.5235
-1.2807,-1.2844,-1.2875,-1.2897,-1.2909,-1.2909,-1.2895,-1.2863,-1.2814,-1.2744,-1.2654,-1.2543,-1.2412,-1.2265,-1.2105,-1.1938,-1.177,-1.1607,-1.1456,-1.1324,-1.1214,-1.1121,-1.1018,-1.0859,-1.0593,-1.0184,-0.9621,-0.8916,-0.8104,-0.724,-0.6392,-0.5634,-0.5024,-0.4604,-0.4388,-0.4363,-0.4482,-0.4674,-0.4863,-0.4992,-0.5046,-0.5044,-0.5017,-0.499,-0.4979,-0.4988,-0.5018,-0.5066,-0.5128,-0.52
-1.2896,-1.294,-1.2977,-1.3007,-1.3026,-1.3033,-1.3024,-1.2998,-1.2952,-1.2884,-1.2793,-1.2678,-1.2542,-1.2386,-1.2214,-1.2034,-1.185,-1.1672,-1.1506,-1.1359,-1.1241,-1.1157,-1.108,-1.0951,-1.0701,-1.0285,-0.9687,-0.8922,-0.8027,-0.7068,-0.6127,-0.5289,-0.4626,-0.4186,-0.3985,-0.4005,-0.4192,-0.4459,-0.4715,-0.4891,-0.4974,-0.4985,-0.4964,-0.494,-0.4931,-0.4942,-0.4975,-0.5025,-0.509,-0.5166
-1.2985,-1.3037,-1.3082,-1.312,-1.3147,-1.3162,-1.3161,-1.314,-1.3099,-1.3033,-1.2942,-1.2825,-1.2682,-1.2517,-1.2333,-1.2138,-1.1938,-1.1742,-1.1556,-1.1386,-1.1249,-1.1165,-1.1118,-1.1028,-1.08,-1.0378,-0.9744,-0.8911,-0.7923,-0.6855,-0.5803,-0.4869,-0.414,-0.3671,-0.3481,-0.3546,-0.3803,-0.4151,-0.4482,-0.4719,-0.4843,-0.4883,-0.488,-0.4868,-0.4868,-0.4887,-0.4926,-0.4981,-0.5051,-0.5131
-1.3076,-1.3135,-1.3189,-1.3236,-1.3272,-1.3296,-1.3303,-1.3291,-1.3255,-1.3193,-1.3102,-1.2983,-1.2835,-1.2661,-1.2465,-1.2254,-1.2037,-1.1822,-1.1614,-1.1415,-1.1243,-1.1142,-1.1126,-1.1087,-1.0889,-1.0462,-0.9788,-0.8881,-0.7788,-0.6594,-0.5412,-0.4365,-0.3554,-0.3046,-0.286,-0.2969,-0.3298,-0.3733,-0.415,-0.4462,-0.4645,-0.4729,-0.4759,-0.4771,-0.4789,-0.4821,-0.487,-0.4934,-0.5011,-0.5096
-1.3167,-1.3235,-1.3298,-1.3355,-1.3401,-1.3435,-1.3452,-1.3449,-1.342,-1.3363,-1.3275,-1.3154,-1.3001,-1.2819,-1.2611,-1.2385,-1.2151,-1.1919,-1.1692,-1.1464,-1.1241,-1.1099,-1.1114,-1.1138,-1.0971,-1.0536,-0.9817,-0.8828,-0.7618,-0.6281,-0.4949,-0.3767,-0.2857,-0.23,-0.2115,-0.2268,-0.2673,-0.3202,-0.3716,-0.4117,-0.4377,-0.4522,-0.46,-0.4648,-0.4693,-0.4745,-0.4809,-0.4884,-0.4969,-0.5061
-1.3258,-1.3335,-1.3408,-1.3476,-1.3534,-1.3579,-1.3608,-1.3615,-1.3596,-1.3545,-1.346,-1.334,-1.3183,-1.2993,-1.2774,-1.2534,-1.2284,-1.2038,-1.1801,-1.156,-1.1291,-1.1087,-1.1125,-1.1207,-1.1056,-1.0601,-0.983,-0.8751,-0.7412,-0.5915,-0.4412,-0.3074,-0.2051,-0.1435,-0.125,-0.1452,-0.1941,-0.2571,-0.3191,-0.3695,-0.4046,-0.4269,-0.4407,-0.4502,-0.4581,-0.4658,-0.4741,-0.4831,-0.4926,-0.5026
-1.3349,-1.3435,-1.3519,-1.3598,-1.3669,-1.3728,-1.377,-1.379,-1.3782,-1.374,-1.366,-1.354,-1.3381,-1.3185,-1.2956,-1.2702,-1.2437,-1.218,-1.1948,-1.1728,-1.1474,-1.1238,-1.1266,-1.1344,-1.1163,-1.0663,-0.9827,-0.8649,-0.7172,-0.5501,-0.3808,-0.2298,-0.1149,-0.0471,-0.029,-0.055,-0.1131,-0.1871,-0.2605,-0.3219,-0.3671,-0.398,-0.4188,-0.4337,-0.4457,-0.4565,-0.4669,-0.4775,-0.4883,-0.4992
-1.3438,-1.3535,-1.3631,-1.3722,-1.3807,-1.3881,-1.3939,-1.3973,-1.3978,-1.3946,-1.3873,-1.3755,-1.3595,-1.3395,-1.3158,-1.2892,-1.2611,-1.2345,-1.2127,-1.1968,-1.1839,-1.1711,-1.1665,-1.1591,-1.1302,-1.0725,-0.9809,-0.8526,-0.6903,-0.505,-0.3158,-0.1464,-0.0184,0.0552,0.0718,0.0389,-0.0294,-0.1147,-0.1996,-0.272,-0.3275,-0.3673,-0.3955,-0.4162,-0.4326,-0.4467,-0.4596,-0.4719,-0.484,-0.496
-1.3526,-1.3634,-1.3741,-1.3846,-1.3947,-1.4037,-1.4112,-1.4165,-1.4185,-1.4166,-1.41,-1.3985,-1.3824,-1.3621,-1.338,-1.3105,-1.2808,-1.2528,-1.2319,-1.2232,-1.2287,-1.2381,-1.2238,-1.1912,-1.1462,-1.0782,-0.9775,-0.8383,-0.6618,-0.4585,-0.2495,-0.0621,0.0785,0.1567,0.1707,0.1297,0.051,-0.0452,-0.1407,-0.2233,-0.2883,-0.3366,-0.372,-0.3985,-0.4194,-0.4368,-0.4522,-0.4665,-0.48,-0.4929
-1.3612,-1.373,-1.385,-1.397,-1.4086,-1.4195,-1.429,-1.4363,-1.4403,-1.4398,-1.4341,-1.4229,-1.4066,-1.3861,-1.362,-1.3339,-1.3028,-1.2724,-1.2505,-1.2455,-1.2623,-1.2847,-1.2676,-1.2193,-1.1603,-1.082,-0.9722,-0.8228,-0.6332,-0.4138,-0.1869,0.0166,0.1676,0.2489,0.259,0.2099,0.1216,0.0161,-0.0881,-0.1791,-0.252,-0.3078,-0.3497,-0.3815,-0.4066,-0.4273,-0.4453,-0.4613,-0.4762,-0.4902
-1.3694,-1.3823,-1.3956,-1.4091,-1.4225,-1.4354,-1.4471,-1.4567,-1.463,-1.4644,-1.4597,-1.4485,-1.4317,-1.411,-1.3872,-1.3595,-1.3271,-1.2935,-1.2677,-1.2606,-1.277,-1.2983,-1.2838,-1.2343,-1.1683,-1.0823,-0.9647,-0.8067,-0.6067,-0.3746,-0.134,0.0815,0.24,0.3224,0.3284,0.2724,0.1769,0.065,-0.0451,-0.1418,-0.2207,-0.2823,-0.3295,-0.366,-0.3949,-0.4186,-0.4389,-0.4567,-0.4729,-0.4879
-1.3772,-1.3912,-1.4058,-1.4208,-1.436,-1.4511,-1.4653,-1.4776,-1.4866,-1.4902,-1.4867,-1.4753,-1.4573,-1.4358,-1.4128,-1.3864,-1.3538,-1.3165,-1.2845,-1.2703,-1.2784,-1.2919,-1.2797,-1.2351,-1.1682,-1.0778,-0.9548,-0.7909,-0.5844,-0.3448,-0.0965,0.1255,0.2873,0.3693,0.372,0.312,0.2132,0.0987,-0.0137,-0.1132,-0.1957,-0.2612,-0.3125,-0.3527,-0.3848,-0.4111,-0.4334,-0.4528,-0.4702,-0.4861
-1.3846,-1.3996,-1.4155,-1.432,-1.4491,-1.4664,-1.4833,-1.4987,-1.5109,-1.5173,-1.5154,-1.5033,-1.4829,-1.4596,-1.4373,-1.4136,-1.3822,-1.3419,-1.3025,-1.2784,-1.275,-1.2787,-1.2657,-1.2257,-1.1605,-1.0685,-0.9429,-0.7765,-0.568,-0.3272,-0.0782,0.1437,0.3045,0.385,0.3866,0.3265,0.2288,0.116,0.005,-0.0943,-0.1778,-0.2455,-0.2993,-0.3421,-0.3766,-0.405,-0.429,-0.4498,-0.4682,-0.4849
-1.3914,-1.4074,-1.4244,-1.4425,-1.4614,-1.481,-1.5008,-1.5195,-1.5355,-1.5457,-1.546,-1.533,-1.5084,-1.4809,-1.4588,-1.4392,-1.411,-1.3691,-1.3228,-1.2882,-1.2724,-1.2655,-1.2489,-1.2107,-1.1473,-1.0556,-0.9299,-0.7645,-0.5589,-0.323,-0.0805,0.1351,0.2912,0.3698,0.3726,0.3165,0.2244,0.1174,0.0112,-0.0851,-0.1674,-0.2353,-0.2902,-0.3346,-0.3707,-0.4006,-0.4259,-0.4477,-0.467,-0.4843
-1.3975,-1.4144,-1.4326,-1.452,-1.4727,-1.4946,-1.5172,-1.5396,-1.56,-1.5748,-1.5786,-1.5651,-1.534,-1.4988,-1.4753,-1.4606,-1.4375,-1.3961,-1.3446,-1.3005,-1.2731,-1.2556,-1.2332,-1.194,-1.1314,-1.0409,-0.9171,-0.7558,-0.5573,-0.3319,-0.1016,0.1026,0.2512,0.3278,0.3341,0.2854,0.2025,0.1045,0.0058,-0.0852,-0.1642,-0.2306,-0.2854,-0.3302,-0.3672,-0.398,-0.4242,-0.4468,-0.4667,-0.4845
-1.4028,-1.4206,-1.4397,-1.4604,-1.4827,-1.5067,-1.532,-1.5581,-1.5832,-1.6038,-1.6128,-1.6001,-1.5608,-1.5129,-1.4853,-1.4757,-1.4586,-1.4195,-1.3655,-1.3145,-1.277,-1.2495,-1.2202,-1.1781,-1.1152,-1.0261,-0.9058,-0.7509,-0.5629,-0.3518,-0.1377,0.0517,0.1909,0.2656,0.2768,0.2377,0.1664,0.0797,-0.0096,-0.0935,-0.1678,-0.2314,-0.2847,-0.3292,-0.3662,-0.3974,-0.424,-0.4471,-0.4674,-0.4855
-1.4073,-1.4258,-1.4457,-1.4675,-1.4912,-1.5169,-1.5447,-1.5741,-1.6039,-1.6307,-1.6468,-1.6378,-1.5902,-1.5245,-1.4891,-1.4835,-1.472,-1.4364,-1.3827,-1.3278,-1.2828,-1.2466,-1.2104,-1.1643,-1.1004,-1.0128,-0.8968,-0.75,-0.5745,-0.38,-0.1844,-0.0111,0.1179,0.1905,0.2072,0.1786,0.1199,0.0455,-0.0332,-0.1088,-0.1773,-0.237,-0.288,-0.3312,-0.3677,-0.3987,-0.4254,-0.4486,-0.469,-0.4873
-1.411,-1.4299,-1.4505,-1.4731,-1.4978,-1.5249,-1.5546,-1.5867,-1.6203,-1.6528,-1.6765,-1.6738,-1.6213,-1.5367,-1.4904,-1.4854,-1.4774,-1.4454,-1.3942,-1.3385,-1.2888,-1.2458,-1.2033,-1.1531,-1.0879,-1.0018,-0.8907,-0.7528,-0.5909,-0.4137,-0.2369,-0.0801,0.0386,0.1089,0.1309,0.1126,0.0665,0.0046,-0.0631,-0.1299,-0.1918,-0.2469,-0.2949,-0.3361,-0.3715,-0.4019,-0.4283,-0.4513,-0.4717,-0.4899
-1.4137,-1.433,-1.454,-1.4771,-1.5024,-1.5304,-1.5612,-1.5949,-1.631,-1.6671,-1.6961,-1.6994,-1.647,-1.5515,-1.4946,-1.4851,-1.4767,-1.4475,-1.3999,-1.3454,-1.2934,-1.2457,-1.1982,-1.1445,-1.078,-0.9936,-0.8876,-0.7591,-0.6107,-0.4505,-0.2918,-0.1507,-0.0419,0.026,0.0525,0.0437,0.0093,-0.0406,-0.0976,-0.1555,-0.2104,-0.2605,-0.3049,-0.3438,-0.3775,-0.4069,-0.4326,-0.4552,-0.4753,-0.4934
-1.4155,-1.4349,-1.4561,-1.4793,-1.5049,-1.5331,-1.5643,-1.5983,-1.6348,-1.6715,-1.7013,-1.7062,-1.6575,-1.5653,-1.5033,-1.4852,-1.4727,-1.4446,-1.4005,-1.3484,-1.2959,-1.2454,-1.1944,-1.1379,-1.0706,-0.9881,-0.8874,-0.768,-0.6326,-0.4883,-0.3463,-0.2196,-0.1201,-0.0548,-0.0248,-0.0254,-0.0493,-0.0882,-0.135,-0.1843,-0.2323,-0.2771,-0.3176,-0.3537,-0.3855,-0.4136,-0.4383,-0.4603,-0.4799,-0.4976
-1.4163,-1.4356,-1.4568,-1.4799,-1.5053,-1.5332,-1.5637,-1.5969,-1.6319,-1.6661,-1.6923,-1.6943,-1.6507,-1.5721,-1.5122,-1.4858,-1.4675,-1.4389,-1.3974,-1.348,-1.2962,-1.2444,-1.1911,-1.1328,-1.0653,-0.9851,-0.8896,-0.7789,-0.6556,-0.5258,-0.3987,-0.2849,-0.1938,-0.1314,-0.0988,-0.0927,-0.1075,-0.1367,-0.1742,-0.2153,-0.2566,-0.2961,-0.3326,-0.3656,-0.3953,-0.4217,-0.4453,-0.4664,-0.4854,-0.5026
-1.4161,-1.4353,-1.4561,-1.4788,-1.5036,-1.5306,-1.5598,-1.591,-1.6229,-1.6526,-1.6729,-1.6708,-1.6331,-1.5702,-1.5167,-1.4853,-1.4614,-1.4315,-1.3918,-1.3448,-1.2943,-1.2423,-1.188,-1.1289,-1.0618,-0.984,-0.8938,-0.7912,-0.6789,-0.562,-0.4481,-0.3456,-0.2622,-0.2027,-0.1683,-0.1569,-0.1641,-0.1847,-0.2139,-0.2476,-0.2825,-0.3169,-0.3493,-0.3792,-0.4065,-0.4312,-0.4534,-0.4735,-0.4917,-0.5083
-1.415,-1.4338,-1.4541,-1.4761,-1.5,-1.5256,-1.553,-1.5814,-1.6095,-1.6338,-1.6482,-1.6429,-1.6112,-1.5616,-1.5155,-1.4822,-1.4545,-1.4232,-1.3846,-1.3397,-1.2907,-1.2392,-1.1847,-1.1256,-1.0596,-0.9846,-0.8994,-0.8044,-0.7019,-0.5963,-0.4939,-0.4014,-0.3248,-0.2682,-0.2328,-0.2172,-0.2182,-0.2316,-0.2535,-0.2804,-0.3095,-0.3389,-0.3674,-0.3942,-0.419,-0.4418,-0.4625,-0.4815,-0.4988,-0.5146
-1.413,-1.4313,-1.4509,-1.472,-1.4946,-1.5187,-1.5437,-1.5691,-1.593,-1.6122,-1.6217,-1.6147,-1.5883,-1.5488,-1.5093,-1.4762,-1.4464,-1.4141,-1.3763,-1.3331,-1.2857,-1.2351,-1.1812,-1.1228,-1.0583,-0.9863,-0.9059,-0.8179,-0.7242,-0.6285,-0.536,-0.4521,-0.3817,-0.3279,-0.2921,-0.2734,-0.2693,-0.2767,-0.2924,-0.3133,-0.337,-0.3619,-0.3865,-0.4102,-0.4325,-0.4533,-0.4725,-0.4902,-0.5066,-0.5216
-1.4102,-1.4278,-1.4466,-1.4667,-1.4879,-1.51,-1.5326,-1.5548,-1.5748,-1.5896,-1.5954,-1.5878,-1.5657,-1.5336,-1.4993,-1.4675,-1.4369,-1.4043,-1.3672,-1.3254,-1.2796,-1.2303,-1.1774,-1.1202,-1.0576,-0.9887,-0.9131,-0.8313,-0.7454,-0.6585,-0.5746,-0.4981,-0.4331,-0.3821,-0.3464,-0.3253,-0.3173,-0.3197,-0.33,-0.3457,-0.3646,-0.3852,-0.4063,-0.427,-0.4469,-0.4657,-0.4833,-0.4997,-0.5149,-0.5291
-1.4066,-1.4235,-1.4413,-1.4602,-1.4799,-1.5001,-1.5202,-1.5393,-1.5558,-1.5671,-1.5703,-1.5626,-1.5438,-1.5169,-1.4868,-1.4567,-1.4263,-1.3937,-1.3575,-1.317,-1.2727,-1.2248,-1.1733,-1.1177,-1.0574,-0.9916,-0.9204,-0.8445,-0.7655,-0.6861,-0.6097,-0.5397,-0.4795,-0.4312,-0.3958,-0.3732,-0.362,-0.3604,-0.3661,-0.3773,-0.392,-0.4087,-0.4264,-0.4443,-0.4618,-0.4786,-0.4946,-0.5097,-0.5238,-0.5371
