docs/data/wind_grid.json
[{"header":{"la1":42.85,"la2":41.18,"lo1":11.55,"lo2":14.05,"nx":36,"ny":24,"dx":0.07143,"dy":0.07261,"parameterCategory":2,"parameterNumber":2,"parameterNumberName":"eastward_wind","parameterUnit":"m.s-1"},"data":[-0.5643,-0.5727,-0.5811,-0.5895,-0.5973,-0.6034,-0.6064,-0.6046,-0.597,-0.5843,-0.5685,-0.5531,-0.5409,-0.5342,-0.5338,-0.5393,-0.5488,-0.5596,-0.5682,-0.5719,-0.5696,-0.5619,-0.5505,-0.5372,-0.5235,-0.5104,-0.4983,-0.4875,-0.4779,-0.4695,-0.4622,-0.4557,-0.4501,-0.4451,-0.4407,-0.4368,-0.5764,-0.5868,-0.5979,-0.6096,-0.6217,-0.6328,-0.6404,-0.641,-0.6317,-0.6129,-0.5886,-0.5647,-0.5464,-0.537,-0.5377,-0.548,-0.5652,-0.5846,-0.6,-0.6064,-0.6023,-0.5896,-0.5721,-0.553,-0.5346,-0.5178,-0.5031,-0.4904,-0.4796,-0.4703,-0.4623,-0.4554,-0.4495,-0.4443,-0.4398,-0.4358,-0.5893,-0.602,-0.6161,-0.6321,-0.6505,-0.6702,-0.6873,-0.6945,-0.6841,-0.6552,-0.6157,-0.5775,-0.5493,-0.5357,-0.5383,-0.5564,-0.5866,-0.6213,-0.6488,-0.6589,-0.6495,-0.6266,-0.5985,-0.5708,-0.5459,-0.5248,-0.5071,-0.4925,-0.4803,-0.4702,-0.4618,-0.4546,-0.4485,-0.4432,-0.4386,-0.4345,-0.6031,-0.6181,-0.6352,-0.6559,-0.6825,-0.7161,-0.7524,-0.7769,-0.7686,-0.7208,-0.6529,-0.5902,-0.5469,-0.5272,-0.5324,-0.5623,-0.6143,-0.6774,-0.7281,-0.7424,-0.7186,-0.6751,-0.6292,-0.589,-0.5562,-0.5302,-0.5095,-0.4931,-0.4799,-0.4693,-0.4605,-0.4531,-0.4469,-0.4416,-0.437,-0.433,-0.6179,-0.6351,-0.6546,-0.6792,-0.7144,-0.7673,-0.8397,-0.908,-0.9125,-0.8248,-0.7008,-0.5984,-0.5342,-0.5068,-0.5147,-0.5601,-0.6461,-0.7624,-0.8611,-0.8779,-0.8166,-0.7328,-0.66,-0.6044,-0.5633,-0.5327,-0.5096,-0.4919,-0.4781,-0.4672,-0.4583,-0.451,-0.4449,-0.4397,-0.4351,-0.4312,-0.6344,-0.654,-0.6749,-0.7003,-0.7395,-0.8104,-0.9364,-1.1022,-1.1525,-0.9729,-0.7453,-0.5902,-0.5042,-0.4686,-0.4774,-0.5378,-0.6665,-0.8712,-1.0685,-1.0777,-0.9321,-0.7853,-0.6815,-0.6119,-0.5644,-0.5309,-0.5065,-0.4884,-0.4747,-0.4639,-0.4554,-0.4483,-0.4424,-0.4373,-0.433,-0.4291,-0.6539,-0.6772,-0.6992,-0.7211,-0.7525,-0.8204,-0.9773,-1.2595,-1.3924,-1.069,-0.7342,-0.5467,-0.4502,-0.4073,-0.4111,-0.4762,-0.634,-0.9206,-1.2389,-1.23,-0.9911,-0.7994,-0.6809,-0.6067,-0.5577,-0.5239,-0.4999,-0.4825,-0.4696,-0.4596,-0.4516,-0.4451,-0.4395,-0.4347,-0.4305,-0.4268,-0.6776,-0.7088,-0.7358,-0.7528,-0.7623,-0.7894,-0.8839,-1.0804,-1.1607,-0.8835,-0.6132,-0.4605,-0.3729,-0.3211,-0.3058,-0.3575,-0.5123,-0.778,-1.0556,-1.0749,-0.9042,-0.754,-0.6541,-0.5879,-0.5429,-0.5117,-0.4899,-0.4744,-0.463,-0.4543,-0.4474,-0.4415,-0.4364,-0.4319,-0.4278,-0.4243,-0.7052,-0.7523,-0.7976,-0.821,-0.8022,-0.7607,-0.7378,-0.7319,-0.672,-0.5408,-0.4331,-0.355,-0.2857,-0.2163,-0.1479,-0.1621,-0.3347,-0.5674,-0.7512,-0.8077,-0.7591,-0.6823,-0.6137,-0.5607,-0.5222,-0.4954,-0.4771,-0.4645,-0.4556,-0.4486,-0.4429,-0.4378,-0.4331,-0.4289,-0.425,-0.4215,-0.7313,-0.8031,-0.8909,-0.9587,-0.9186,-0.7857,-0.6627,-0.5269,-0.3314,-0.2281,-0.2685,-0.2633,-0.207,-0.1189,0.0604,0.1454,-0.1824,-0.4836,-0.6525,-0.7052,-0.6837,-0.6314,-0.5764,-0.5309,-0.4979,-0.4759,-0.4622,-0.4537,-0.4478,-0.4431,-0.4387,-0.4343,-0.4299,-0.4257,-0.4219,-0.4184,-0.7442,-0.8374,-0.9757,-1.132,-1.0921,-0.8434,-0.678,-0.5045,-0.0805,0.1176,-0.1639,-0.2058,-0.1397,-0.0583,0.068,0.1569,-0.2459,-0.6215,-0.7917,-0.7748,-0.6924,-0.6106,-0.5461,-0.5003,-0.4709,-0.4543,-0.4463,-0.4429,-0.4408,-0.4385,-0.4353,-0.4313,-0.4269,-0.4225,-0.4184,-0.4149,-0.7325,-0.823,-0.9559,-1.1021,-1.0573,-0.8388,-0.7689,-0.7596,-0.4041,-0.1115,-0.2128,-0.1878,-0.0746,0.0745,0.0123,-0.175,-0.5589,-1.1179,-1.2574,-0.9802,-0.7406,-0.5961,-0.5132,-0.4665,-0.4417,-0.4315,-0.4307,-0.4336,-0.4359,-0.4358,-0.4333,-0.429,-0.4239,-0.4188,-0.4143,-0.4106,-0.6971,-0.7626,-0.8405,-0.8959,-0.8592,-0.7902,-0.845,-1.0027,-0.8245,-0.4574,-0.2887,-0.1985,-0.0988,0.1304,0.0461,-0.3054,-0.8466,-1.9395,-1.9595,-1.1504,-0.7367,-0.5481,-0.4642,-0.4294,-0.4149,-0.4108,-0.4173,-0.4277,-0.4348,-0.4365,-0.4334,-0.4275,-0.4205,-0.414,-0.4087,-0.405,-0.6499,-0.6891,-0.7255,-0.7423,-0.7308,-0.7289,-0.7911,-0.8913,-0.7817,-0.4811,-0.2988,-0.2095,-0.1826,-0.1057,-0.1818,-0.4947,-0.9134,-1.4621,-1.5081,-0.9444,-0.585,-0.4308,-0.3893,-0.3929,-0.401,-0.3998,-0.4108,-0.4293,-0.4406,-0.442,-0.436,-0.4259,-0.4154,-0.4066,-0.4006,-0.3972,-0.6022,-0.6235,-0.6395,-0.6452,-0.6425,-0.6457,-0.6636,-0.6617,-0.559,-0.3896,-0.281,-0.2411,-0.2273,-0.2851,-0.3151,-0.8272,-1.353,-0.9841,-0.8046,-0.5298,-0.2862,-0.2263,-0.2818,-0.3504,-0.394,-0.4051,-0.4225,-0.4468,-0.4582,-0.4545,-0.4404,-0.4221,-0.4055,-0.3939,-0.3878,-0.386,-0.5588,-0.5691,-0.5748,-0.5743,-0.5686,-0.5603,-0.5451,-0.5041,-0.4179,-0.3083,-0.2293,-0.2736,-0.2528,-0.2443,-0.3304,-0.7206,-1.0897,-0.7055,-0.4227,-0.1862,0.0813,0.0292,-0.1657,-0.3044,-0.3908,-0.4375,-0.4715,-0.4939,-0.4943,-0.4751,-0.4441,-0.4109,-0.3848,-0.3709,-0.3675,-0.3702,-0.5208,-0.5241,-0.5234,-0.5178,-0.5068,-0.4894,-0.4614,-0.4156,-0.3501,-0.2783,-0.2285,-0.2329,-0.1783,-0.1444,-0.1942,-0.3006,-0.3788,-0.2354,-0.0745,-0.0059,0.1444,0.0823,-0.1213,-0.2918,-0.4283,-0.5289,-0.5824,-0.5856,-0.554,-0.5028,-0.4412,-0.3819,-0.3426,-0.3305,-0.3368,-0.3493,-0.4881,-0.4866,-0.4815,-0.472,-0.4572,-0.4358,-0.4056,-0.365,-0.3162,-0.268,-0.2309,-0.1952,-0.1333,-0.0878,0.0746,0.1515,0.0378,0.1204,0.2574,0.1471,0.0807,0.0032,-0.1399,-0.3241,-0.5318,-0.7204,-0.7883,-0.7294,-0.6347,-0.5335,-0.4239,-0.321,-0.2649,-0.2674,-0.2964,-0.3257,-0.4599,-0.4552,-0.4472,-0.4352,-0.4185,-0.3961,-0.3673,-0.3321,-0.2925,-0.2519,-0.2109,-0.1606,-0.0834,0.0919,0.6176,0.826,0.3199,0.2306,0.3081,0.3655,0.2075,0.0344,-0.138,-0.3621,-0.666,-0.9991,-1.0723,-0.8878,-0.7173,-0.5642,-0.3972,-0.2318,-0.1589,-0.1955,-0.2586,-0.3069,-0.4358,-0.4289,-0.4191,-0.4057,-0.3883,-0.3663,-0.3395,-0.308,-0.2728,-0.234,-0.1892,-0.1291,-0.0298,0.1758,0.5692,0.6908,0.3671,0.3107,0.5956,0.7403,0.3556,0.1096,-0.0832,-0.3405,-0.6957,-1.0644,-1.138,-0.9569,-0.7772,-0.5995,-0.4019,-0.1963,-0.1128,-0.1699,-0.2485,-0.3033,-0.4152,-0.4069,-0.396,-0.382,-0.3646,-0.3435,-0.3185,-0.2896,-0.2569,-0.2193,-0.1739,-0.1135,-0.024,0.1123,0.2719,0.325,0.267,0.291,0.4544,0.508,0.3308,0.2081,0.0785,-0.2052,-0.5962,-0.9411,-1.1357,-1.0416,-0.8171,-0.6359,-0.4646,-0.2916,-0.2061,-0.2279,-0.2787,-0.319,-0.3978,-0.3886,-0.3771,-0.363,-0.346,-0.3259,-0.3025,-0.2757,-0.2452,-0.2098,-0.1674,-0.1142,-0.0457,0.0372,0.1153,0.1572,0.1714,0.2067,0.2695,0.3,0.3204,0.4514,0.4597,0.0627,-0.4528,-0.92,-1.2719,-1.0882,-0.7742,-0.6404,-0.5324,-0.4148,-0.3367,-0.3177,-0.3292,-0.3464,-0.383,-0.3734,-0.3618,-0.3478,-0.3314,-0.3124,-0.2906,-0.2658,-0.2377,-0.2054,-0.1679,-0.1238,-0.0727,-0.0179,0.0318,0.0685,0.0965,0.1291,0.1704,0.2252,0.3583,0.6618,0.7578,0.27,-0.2917,-0.7107,-0.9198,-0.8031,-0.6286,-0.6122,-0.5639,-0.4855,-0.4207,-0.386,-0.3745,-0.3739,-0.3706,-0.3608,-0.3493,-0.3357,-0.3201,-0.3023,-0.282,-0.2593,-0.2337,-0.205,-0.1727,-0.1367,-0.0976,-0.0578,-0.021,0.0105,0.0385,0.0684,0.1064,0.1678,0.2894,0.4721,0.492,0.182,-0.2138,-0.5139,-0.6603,-0.651,-0.6063,-0.5998,-0.5649,-0.5094,-0.4589,-0.4241,-0.4043,-0.3946]},{"header":{"la1":42.85,"la2":41.18,"lo1":11.55,"lo2":14.05,"nx":36,"ny":24,"dx":0.07143,"dy":0.07261,"parameterCategory":2,"parameterNumber":3,"parameterNumberName":"northward_wind","parameterUnit":"m.s-1"},"data":[-0.7632,-0.7599,-0.7552,-0.7492,-0.7418,-0.7335,-0.725,-0.7171,-0.71,-0.7032,-0.6956,-0.6855,-0.6717,-0.6535,-0.6311,-0.6055,-0.5785,-0.5529,-0.5317,-0.5169,-0.5094,-0.5081,-0.5111,-0.5167,-0.5234,-0.5306,-0.5377,-0.5448,-0.5518,-0.5587,-0.5656,-0.5724,-0.5791,-0.5857,-0.5921,-0.5983,-0.7697,-0.7662,-0.7609,-0.7536,-0.7442,-0.7333,-0.7222,-0.7127,-0.7059,-0.7014,-0.6966,-0.6886,-0.6749,-0.6545,-0.6272,-0.5943,-0.5583,-0.5236,-0.4955,-0.4783,-0.4727,-0.4761,-0.4848,-0.4955,-0.5064,-0.5167,-0.5263,-0.5352,-0.5437,-0.552,-0.56,-0.568,-0.5757,-0.5833,-0.5906,-0.5975,-0.7769,-0.7733,-0.7673,-0.7583,-0.7457,-0.73,-0.7135,-0.7001,-0.6937,-0.694,-0.6958,-0.6927,-0.6807,-0.6582,-0.6249,-0.5816,-0.5315,-0.4814,-0.4419,-0.4218,-0.4218,-0.4351,-0.4536,-0.4721,-0.4885,-0.5026,-0.5148,-0.5257,-0.5358,-0.5454,-0.5547,-0.5639,-0.5728,-0.5814,-0.5897,-0.5975,-0.7846,-0.7812,-0.7748,-0.7639,-0.7469,-0.7231,-0.6949,-0.6714,-0.6643,-0.6752,-0.6914,-0.6986,-0.6907,-0.6666,-0.6262,-0.569,-0.4967,-0.4191,-0.358,-0.3352,-0.3502,-0.3836,-0.4185,-0.4478,-0.4708,-0.4889,-0.5036,-0.5164,-0.528,-0.5391,-0.5498,-0.5602,-0.5704,-0.5803,-0.5896,-0.5984,-0.7929,-0.7902,-0.7841,-0.7721,-0.7503,-0.7139,-0.6624,-0.6117,-0.5984,-0.6348,-0.6826,-0.7086,-0.7074,-0.6826,-0.6352,-0.5614,-0.4561,-0.3276,-0.2217,-0.199,-0.2518,-0.3238,-0.3833,-0.4256,-0.4551,-0.4765,-0.4933,-0.5075,-0.5206,-0.533,-0.5452,-0.5572,-0.5689,-0.5801,-0.5906,-0.6004,-0.8012,-0.7997,-0.7952,-0.7845,-0.7607,-0.7112,-0.6215,-0.5049,-0.4656,-0.5655,-0.6767,-0.7292,-0.7345,-0.7095,-0.6578,-0.5699,-0.4256,-0.2136,-0.0141,-0.0023,-0.1386,-0.2702,-0.3568,-0.4097,-0.4432,-0.4662,-0.4839,-0.4991,-0.5134,-0.5273,-0.5412,-0.555,-0.5683,-0.5811,-0.593,-0.6039,-0.8085,-0.8083,-0.8066,-0.8011,-0.7837,-0.7347,-0.6169,-0.4095,-0.3143,-0.5226,-0.7056,-0.7713,-0.7746,-0.749,-0.6998,-0.6109,-0.446,-0.1607,0.1544,0.1463,-0.0813,-0.2536,-0.3501,-0.4037,-0.4358,-0.4577,-0.475,-0.4907,-0.5062,-0.5219,-0.5378,-0.5537,-0.5692,-0.5838,-0.5973,-0.6095,-0.8134,-0.8128,-0.8127,-0.815,-0.8161,-0.7972,-0.7201,-0.5598,-0.4902,-0.6738,-0.8118,-0.8412,-0.8256,-0.7992,-0.7643,-0.6945,-0.5485,-0.2986,-0.0276,-0.007,-0.1659,-0.2933,-0.3658,-0.4064,-0.4314,-0.4496,-0.4655,-0.4815,-0.4985,-0.5165,-0.5351,-0.5538,-0.5719,-0.5888,-0.6041,-0.6176,-0.8147,-0.8095,-0.8035,-0.8073,-0.8339,-0.8728,-0.8929,-0.8918,-0.9258,-0.9893,-0.9825,-0.9267,-0.8765,-0.8528,-0.8541,-0.8236,-0.6944,-0.5096,-0.345,-0.2845,-0.3135,-0.3578,-0.3899,-0.4108,-0.4258,-0.4393,-0.4537,-0.4705,-0.4898,-0.5111,-0.5334,-0.5558,-0.5772,-0.5969,-0.6143,-0.6291,-0.8137,-0.798,-0.7701,-0.7474,-0.7925,-0.9159,-1.0414,-1.1678,-1.3354,-1.3786,-1.181,-1.0011,-0.9111,-0.893,-0.9669,-1.0112,-0.8137,-0.629,-0.5062,-0.4366,-0.4084,-0.4019,-0.4034,-0.4077,-0.414,-0.4234,-0.4374,-0.4563,-0.4796,-0.5059,-0.5334,-0.5607,-0.5864,-0.6095,-0.6292,-0.6453,-0.8151,-0.7896,-0.7313,-0.6436,-0.682,-0.9302,-1.1524,-1.3363,-1.6893,-1.8677,-1.3326,-1.0269,-0.9194,-0.9026,-0.9614,-1.0174,-0.8024,-0.6386,-0.5461,-0.4832,-0.438,-0.4102,-0.3962,-0.3913,-0.3922,-0.3992,-0.4144,-0.4379,-0.4678,-0.5013,-0.5361,-0.5701,-0.6013,-0.6285,-0.6506,-0.6675,-0.8242,-0.802,-0.7486,-0.6678,-0.7217,-1.0069,-1.2634,-1.4057,-1.5323,-1.6124,-1.2317,-0.9835,-0.9117,-0.9443,-0.9006,-0.8046,-0.6762,-0.5867,-0.5426,-0.4803,-0.422,-0.384,-0.3661,-0.3606,-0.3599,-0.3651,-0.3836,-0.4153,-0.4553,-0.4991,-0.5438,-0.5866,-0.6249,-0.6567,-0.681,-0.698,-0.84,-0.8339,-0.82,-0.8201,-0.909,-1.1126,-1.3386,-1.4927,-1.4218,-1.2604,-1.0545,-0.9273,-0.8821,-0.9616,-0.8965,-0.6732,-0.5306,-0.5782,-0.5735,-0.4499,-0.3639,-0.32,-0.3123,-0.3208,-0.3243,-0.3257,-0.3484,-0.392,-0.445,-0.5021,-0.5599,-0.6144,-0.6618,-0.6988,-0.7244,-0.7396,-0.8556,-0.8646,-0.8797,-0.9166,-0.9993,-1.1319,-1.2855,-1.4046,-1.3366,-1.1157,-0.9482,-0.9207,-0.9009,-0.6273,-0.6498,-0.393,-0.1765,-0.387,-0.4516,-0.3397,-0.2324,-0.1938,-0.2264,-0.2775,-0.3032,-0.3017,-0.3245,-0.3767,-0.442,-0.5145,-0.5894,-0.6601,-0.7192,-0.7614,-0.786,-0.7957,-0.8649,-0.8814,-0.9059,-0.9455,-1.0059,-1.0838,-1.1603,-1.1932,-1.1218,-0.9789,-0.8684,-0.7952,-0.6433,-0.3247,-0.4671,0.1357,0.8478,0.0725,-0.2114,-0.1364,0.0526,0.0605,-0.0887,-0.2198,-0.2869,-0.3036,-0.324,-0.3741,-0.4484,-0.5398,-0.6394,-0.7341,-0.8092,-0.8554,-0.8733,-0.8706,-0.8665,-0.8842,-0.9076,-0.9386,-0.977,-1.0167,-1.0435,-1.0351,-0.9765,-0.8958,-0.8658,-0.7279,-0.6916,-0.5831,-0.4663,0.0465,0.5351,0.0428,-0.1583,0.0718,0.6074,0.4834,0.0706,-0.1521,-0.2458,-0.2822,-0.3109,-0.3657,-0.4569,-0.5792,-0.7193,-0.8535,-0.9516,-0.9965,-0.9952,-0.9672,-0.8617,-0.8772,-0.8957,-0.917,-0.939,-0.9563,-0.9606,-0.9432,-0.9038,-0.8628,-0.8547,-0.7942,-0.8328,-0.8554,-0.6211,-0.3867,-0.2349,-0.3072,-0.3343,-0.0094,0.6729,0.523,0.0799,-0.1296,-0.1974,-0.2102,-0.2367,-0.3177,-0.4525,-0.6307,-0.8409,-1.0454,-1.1779,-1.2053,-1.1583,-1.0842,-0.8525,-0.8648,-0.878,-0.8914,-0.9027,-0.9084,-0.9045,-0.8884,-0.8627,-0.8368,-0.8176,-0.8074,-0.8703,-0.8795,-0.7476,-0.6624,-0.5404,-0.5543,-0.6463,-0.3708,-0.0245,0.0421,-0.0838,-0.1601,-0.1349,-0.0474,-0.0461,-0.2031,-0.4269,-0.6897,-1.0102,-1.3393,-1.5217,-1.4906,-1.3526,-1.208,-0.841,-0.85,-0.8588,-0.8664,-0.8713,-0.8714,-0.865,-0.8515,-0.8331,-0.8141,-0.7985,-0.7918,-0.8001,-0.8064,-0.8897,-0.9351,-0.6889,-0.6016,-0.6162,-0.5162,-0.3663,-0.2635,-0.241,-0.2057,-0.0593,0.2381,0.2984,-0.0605,-0.4061,-0.7455,-1.1874,-1.6942,-1.9337,-1.7869,-1.5247,-1.3057,-0.8284,-0.8346,-0.84,-0.8438,-0.8449,-0.8423,-0.8351,-0.8236,-0.8092,-0.7939,-0.7804,-0.7714,-0.7699,-0.788,-0.8667,-0.8837,-0.7106,-0.6029,-0.5857,-0.5918,-0.4886,-0.4026,-0.3507,-0.275,-0.0954,0.2684,0.3491,-0.1268,-0.4562,-0.779,-1.243,-1.8326,-2.1004,-1.8917,-1.5791,-1.3361,-0.8158,-0.8197,-0.8226,-0.8238,-0.8227,-0.8186,-0.8114,-0.8012,-0.7889,-0.7757,-0.7632,-0.753,-0.7475,-0.7518,-0.7644,-0.7439,-0.6691,-0.6016,-0.5751,-0.5617,-0.5155,-0.4785,-0.4466,-0.3812,-0.282,-0.2317,-0.3968,-0.4543,-0.5774,-0.7933,-1.1216,-1.5551,-1.7919,-1.6922,-1.4766,-1.2858,-0.8036,-0.8057,-0.8068,-0.8062,-0.8038,-0.799,-0.7918,-0.7825,-0.7714,-0.7594,-0.7473,-0.736,-0.7264,-0.7186,-0.7078,-0.6824,-0.6401,-0.5977,-0.5686,-0.5487,-0.5357,-0.5476,-0.5472,-0.4872,-0.4353,-0.4795,-0.599,-0.601,-0.7261,-0.8369,-0.9827,-1.2102,-1.378,-1.3867,-1.2965,-1.1856,-0.792,-0.7929,-0.7926,-0.7909,-0.7876,-0.7824,-0.7753,-0.7665,-0.7562,-0.7449,-0.733,-0.7209,-0.7086,-0.6954,-0.6786,-0.6551,-0.6253,-0.5953,-0.571,-0.5553,-0.5559,-0.5858,-0.597,-0.5448,-0.5121,-0.5393,-0.6036,-0.7384,-0.9415,-0.9275,-0.9255,-1.0161,-1.1139,-1.1518,-1.1298,-1.0779,-0.7813,-0.7811,-0.7799,-0.7774,-0.7736,-0.7681,-0.7612,-0.7527,-0.743,-0.7322,-0.7205,-0.7081,-0.6948,-0.68,-0.6626,-0.6419,-0.6187,-0.5957,-0.5762,-0.5635,-0.5624,-0.5737,-0.5758,-0.5566,-0.5513,-0.5834,-0.6623,-0.8177,-0.9696,-0.9425,-0.9016,-0.9261,-0.9745,-1.0056,-1.0072,-0.9864]}]