docs/data/wind_grid.json
[{"header":{"la1":42.85,"la2":41.18,"lo1":11.55,"lo2":14.05,"nx":36,"ny":24,"dx":0.07143,"dy":0.07261,"parameterCategory":2,"parameterNumber":2,"parameterNumberName":"eastward_wind","parameterUnit":"m.s-1"},"data":[2.5346,2.5419,2.5468,2.5485,2.5456,2.5357,2.5153,2.48,2.4259,2.3519,2.2598,2.1539,2.0391,1.9195,1.7989,1.6815,1.5728,1.4798,1.4092,1.3653,1.3471,1.3498,1.3678,1.3965,1.4328,1.4741,1.5181,1.563,1.6075,1.6506,1.6917,1.7306,1.767,1.801,1.8326,1.8618,2.5733,2.5863,2.5977,2.6069,2.613,2.6137,2.6036,2.5746,2.5187,2.4327,2.3208,2.1908,2.0507,1.9054,1.7583,1.6132,1.4769,1.3602,1.2763,1.233,1.227,1.2461,1.2788,1.3197,1.3668,1.4185,1.4723,1.526,1.5781,1.6277,1.6742,1.7176,1.7578,1.7949,1.829,1.8603,2.6145,2.6344,2.6533,2.6716,2.69,2.7078,2.718,2.7054,2.6514,2.5481,2.4054,2.241,2.068,1.8917,1.7127,1.5319,1.3558,1.2024,1.099,1.0653,1.0918,1.1442,1.1965,1.2473,1.3033,1.3648,1.4286,1.4915,1.5515,1.6077,1.6597,1.7076,1.7515,1.7916,1.8281,1.8614,2.6583,2.6862,2.7134,2.7411,2.7742,2.8178,2.8673,2.8944,2.852,2.7179,2.5213,2.3048,2.0899,1.8783,1.6637,1.4384,1.2034,0.984,0.8422,0.839,0.9535,1.0812,1.1504,1.1927,1.2473,1.3158,1.3892,1.4613,1.5291,1.5918,1.6491,1.7013,1.7487,1.7916,1.8304,1.8654,2.7046,2.7432,2.7795,2.8144,2.8592,2.9357,3.057,3.1804,3.1766,2.9726,2.6703,2.3752,2.1107,1.8641,1.6152,1.3413,1.0217,0.6718,0.4206,0.4784,0.8243,1.1394,1.1878,1.1649,1.2007,1.2733,1.356,1.437,1.5123,1.581,1.6432,1.6994,1.7501,1.7955,1.8363,1.8727,2.7534,2.8083,2.858,2.8951,2.9363,3.036,3.2627,3.6011,3.7103,3.3237,2.8241,2.4302,2.1195,1.8452,1.5725,1.2618,0.8489,0.2676,-0.3209,-0.2143,0.5848,1.2256,1.23,1.1274,1.1542,1.2367,1.3303,1.4199,1.5019,1.576,1.6427,1.7025,1.7561,1.8038,1.8462,1.8838,2.8018,2.8852,2.966,3.0055,3.0065,3.0758,3.361,3.9557,4.2539,3.5711,2.8835,2.4367,2.1049,1.8138,1.5311,1.2207,0.7844,0.0266,-1.0602,-0.9641,0.1561,0.7931,0.9745,1.0112,1.0969,1.2061,1.3132,1.4107,1.4983,1.5771,1.6478,1.711,1.7672,1.817,1.8607,1.899,2.8379,2.9648,3.1249,3.2037,3.0975,3.0415,3.2134,3.623,3.8031,3.2994,2.7737,2.3909,2.0686,1.7569,1.4537,1.1822,0.8658,0.316,-0.3957,-0.3953,-0.0404,0.2259,0.6023,0.8624,1.0437,1.1867,1.3057,1.4087,1.5006,1.5836,1.6584,1.7251,1.784,1.8354,1.88,1.9186,2.8374,2.9909,3.2617,3.4807,3.1718,2.9549,2.9774,3.0849,3.0913,2.9085,2.6387,2.3465,2.0373,1.6678,1.2372,0.9814,0.9181,0.7047,0.369,0.0634,-0.4665,-0.299,0.3738,0.7884,1.0269,1.1843,1.3052,1.4098,1.5058,1.5943,1.6744,1.7452,1.8069,1.8597,1.9048,1.9431,2.7841,2.8851,3.0488,3.1519,2.8876,2.793,2.8144,2.86,2.8976,2.8505,2.6287,2.3524,2.0604,1.6239,0.7492,0.2873,0.8253,0.8847,0.6873,0.352,-0.1369,-0.0339,0.4884,0.8487,1.0569,1.1903,1.2988,1.4042,1.5087,1.6073,1.6957,1.7721,1.8368,1.8908,1.9356,1.9727,2.7034,2.7139,2.6362,2.348,2.3804,2.6249,2.7317,2.8068,2.9952,3.1021,2.6933,2.3901,2.1726,1.8781,0.9832,0.3153,0.9315,0.8974,0.7402,0.6503,0.5498,0.5979,0.804,0.9854,1.0906,1.1626,1.2539,1.3742,1.503,1.6221,1.7239,1.8076,1.8752,1.9294,1.9729,2.0078,2.6374,2.6106,2.5071,2.3217,2.3633,2.5881,2.7238,2.8106,2.8504,2.9057,2.6253,2.4137,2.3118,2.3085,2.0646,1.574,1.1867,0.4485,0.2221,0.6178,0.8572,0.9723,1.0559,1.0819,1.0339,1.0084,1.1121,1.3001,1.4884,1.6436,1.7638,1.855,1.9241,1.9768,2.0171,2.0484,2.599,2.5778,2.5309,2.4851,2.517,2.6124,2.7156,3.0455,2.61,2.6319,2.5319,2.427,2.3824,2.4457,2.3739,2.0043,1.3344,-0.9796,-1.1036,0.4592,1.0101,1.1865,1.2139,1.0878,0.777,0.5821,0.8202,1.1927,1.4854,1.6868,1.8239,1.9187,1.9856,2.0335,2.0683,2.0941,2.5786,2.5696,2.5555,2.55,2.5691,2.604,2.6174,2.4972,2.5093,2.5711,2.528,2.4407,2.4053,2.3312,2.3239,2.2927,1.9372,0.455,0.0102,0.8496,1.2371,1.3602,1.344,1.097,0.4588,0.0341,0.5554,1.165,1.5484,1.7754,1.9141,2.0023,2.0602,2.0989,2.1253,2.1438,2.5662,2.5646,2.5628,2.5656,2.576,2.5885,2.5889,2.5719,2.58,2.6148,2.6315,2.5771,2.4861,2.4814,2.3702,2.3613,2.2633,1.8079,1.4366,1.4315,1.4309,1.457,1.4839,1.3007,0.7727,0.4156,0.8471,1.3901,1.7323,1.9262,2.0378,2.1043,2.1449,2.1699,2.1853,2.1951,2.5569,2.5589,2.5613,2.5658,2.5729,2.5804,2.5862,2.5948,2.6248,2.709,2.8855,2.7883,2.672,2.534,2.4487,2.3589,2.2937,2.1703,2.0032,1.7101,1.1981,1.3014,1.6064,1.6459,1.4918,1.3987,1.5808,1.8444,2.0261,2.128,2.1835,2.2142,2.2309,2.2395,2.2434,2.2448,2.5495,2.5531,2.5572,2.5624,2.569,2.5771,2.5877,2.6063,2.6458,2.7307,2.8635,2.7928,2.7767,2.7835,2.6371,2.5609,2.5074,2.5386,2.5313,2.0688,1.1942,1.3564,1.8155,2.0145,2.1168,2.2283,2.3351,2.3743,2.3638,2.3424,2.3241,2.3105,2.3014,2.2961,2.2923,2.2885,2.5433,2.5478,2.5528,2.5587,2.566,2.5755,2.5887,2.6094,2.6429,2.6914,2.7354,2.7511,2.8152,2.8589,2.9636,3.0259,2.8838,3.0198,3.2917,2.7866,2.2239,2.0736,2.2188,2.4114,2.6813,3.0194,3.1256,2.9116,2.6766,2.5238,2.4265,2.3628,2.3313,2.3244,2.3247,2.323,2.5382,2.5433,2.549,2.5557,2.5638,2.5742,2.5883,2.608,2.6348,2.6677,2.7024,2.7441,2.82,3.0083,3.6507,3.9325,3.2432,3.1877,3.3587,3.3738,2.9671,2.6766,2.6389,2.776,3.1598,3.8695,4.0316,3.3507,2.8813,2.6395,2.4776,2.3531,2.303,2.3185,2.3405,2.3492,2.534,2.5396,2.5459,2.5532,2.562,2.573,2.5873,2.6059,2.6296,2.659,2.6962,2.7512,2.8531,3.0864,3.5813,3.7433,3.3185,3.3105,3.8723,4.1612,3.4207,3.0763,2.9917,3.0297,3.2938,3.9947,4.1638,3.2685,2.8785,2.6945,2.5214,2.3452,2.2763,2.3154,2.3573,2.3747,2.5306,2.5366,2.5433,2.5511,2.5604,2.5718,2.5861,2.6041,2.6268,2.6557,2.6944,2.7516,2.8449,2.9987,3.1906,3.259,3.2043,3.2948,3.6181,3.7387,3.4883,3.4237,3.4023,3.2513,3.13,2.9973,2.483,2.5397,2.7424,2.7517,2.6249,2.4514,2.3622,2.3716,2.3974,2.4078,2.5277,2.534,2.5411,2.5492,2.5589,2.5705,2.5848,2.6024,2.6244,2.6525,2.6897,2.7408,2.8123,2.9048,2.9981,3.0565,3.0964,3.1861,3.331,3.4443,3.6073,4.022,4.1424,3.6185,3.0869,2.5381,1.8788,2.2581,2.8375,2.9359,2.7994,2.6253,2.5121,2.47,2.4579,2.4492,2.5251,2.5317,2.5391,2.5475,2.5573,2.5691,2.5832,2.6003,2.6215,2.648,2.6816,2.7246,2.7784,2.8406,2.9028,2.9582,3.0165,3.0986,3.2155,3.3925,3.7713,4.4967,4.7145,3.915,3.1996,2.7257,2.4859,2.8147,3.3432,3.2576,2.9872,2.7745,2.638,2.5615,2.5192,2.4915,2.5229,2.5296,2.5371,2.5457,2.5556,2.5673,2.5811,2.5977,2.6177,2.642,2.6718,2.7078,2.7502,2.7974,2.847,2.8988,2.9585,3.0373,3.1512,3.3365,3.665,4.1107,4.2072,3.743,3.2405,2.9289,2.8537,3.0936,3.4168,3.3181,3.0555,2.85,2.7126,2.6244,2.5672,2.5274]},{"header":{"la1":42.85,"la2":41.18,"lo1":11.55,"lo2":14.05,"nx":36,"ny":24,"dx":0.07143,"dy":0.07261,"parameterCategory":2,"parameterNumber":3,"parameterNumberName":"northward_wind","parameterUnit":"m.s-1"},"data":[0.4561,0.4513,0.4428,0.4304,0.4146,0.3967,0.3786,0.3619,0.3479,0.3366,0.3269,0.3175,0.3076,0.297,0.2863,0.2769,0.2705,0.269,0.2739,0.2851,0.3004,0.315,0.3249,0.3284,0.3268,0.323,0.3191,0.3164,0.3154,0.3161,0.3182,0.3214,0.3255,0.33,0.3348,0.3396,0.4762,0.4721,0.4626,0.4471,0.4262,0.4017,0.3769,0.3553,0.3391,0.3283,0.3204,0.3125,0.3026,0.2904,0.277,0.2643,0.255,0.2527,0.2609,0.2809,0.3088,0.335,0.3497,0.3506,0.3429,0.3328,0.3243,0.3188,0.3164,0.3166,0.3189,0.3226,0.3273,0.3326,0.3381,0.3436,0.5018,0.4997,0.4897,0.4703,0.4415,0.4062,0.3697,0.3391,0.32,0.3124,0.3102,0.3065,0.2977,0.2836,0.2662,0.2481,0.2331,0.2272,0.2386,0.2735,0.3273,0.3774,0.3986,0.3892,0.3666,0.3451,0.3297,0.3206,0.3168,0.3168,0.3195,0.324,0.3296,0.3359,0.3423,0.3486,0.5345,0.5372,0.5286,0.5047,0.4643,0.4105,0.3519,0.303,0.2794,0.282,0.2944,0.3003,0.2941,0.2776,0.2543,0.2279,0.2023,0.1857,0.1952,0.253,0.3614,0.4674,0.4937,0.4504,0.3964,0.3569,0.333,0.3206,0.3159,0.3163,0.32,0.3258,0.3328,0.3402,0.3477,0.3549,0.5763,0.5894,0.5871,0.5598,0.5026,0.4185,0.3175,0.2262,0.1917,0.2245,0.2723,0.2966,0.2941,0.2734,0.2421,0.2045,0.1617,0.1185,0.1043,0.1851,0.4009,0.6396,0.6513,0.522,0.4194,0.361,0.3309,0.3172,0.3133,0.3152,0.3207,0.3283,0.337,0.346,0.3548,0.363,0.6277,0.6617,0.678,0.6531,0.5732,0.4438,0.2708,0.08,0.0108,0.1296,0.2528,0.3029,0.3009,0.2716,0.2296,0.1804,0.1179,0.0264,-0.0718,-0.001,0.3469,0.751,0.736,0.5338,0.4099,0.3489,0.3206,0.3097,0.3088,0.3136,0.3219,0.332,0.3429,0.3538,0.3642,0.3735,0.6845,0.7573,0.8214,0.8175,0.7028,0.5141,0.2682,-0.061,-0.2052,0.0657,0.2722,0.3318,0.3175,0.2703,0.2123,0.1549,0.0877,-0.0347,-0.246,-0.2104,0.1662,0.4607,0.5177,0.4301,0.358,0.3192,0.3024,0.2989,0.3033,0.3125,0.3244,0.3378,0.3514,0.3645,0.3765,0.387,0.7312,0.8605,1.0316,1.1053,0.9079,0.6338,0.3935,0.1307,0.0223,0.2315,0.3761,0.3923,0.3442,0.263,0.1726,0.1081,0.069,0.0019,-0.1046,-0.0553,0.1345,0.2347,0.2958,0.3047,0.2917,0.2821,0.2811,0.2872,0.2985,0.313,0.3294,0.3465,0.3634,0.379,0.3929,0.4045,0.7378,0.9014,1.206,1.4602,1.0701,0.7127,0.5592,0.4886,0.5001,0.56,0.5487,0.4778,0.3815,0.2442,0.0625,-0.0309,0.0122,0.0364,0.0352,0.0907,0.1855,0.19,0.2052,0.2259,0.2385,0.2492,0.2622,0.278,0.2964,0.3167,0.3383,0.3598,0.3804,0.3989,0.4146,0.4272,0.6851,0.7907,0.9708,1.0855,0.7766,0.6474,0.6536,0.7396,0.915,0.9676,0.7575,0.5693,0.4404,0.2528,-0.1854,-0.4245,-0.0931,0.0192,0.0382,0.0842,0.1544,0.1633,0.1613,0.1786,0.2023,0.2267,0.2505,0.2742,0.2991,0.3255,0.3527,0.3794,0.4043,0.426,0.4437,0.4568,0.6016,0.6064,0.5117,0.1778,0.2186,0.5252,0.6959,0.8712,1.3076,1.5406,0.9238,0.6256,0.533,0.4341,-0.0323,-0.404,-0.0449,-0.029,-0.0627,-0.0173,0.0486,0.0853,0.1086,0.1413,0.1815,0.2192,0.2504,0.2787,0.3085,0.3408,0.3746,0.4077,0.4378,0.4631,0.4825,0.4955,0.5348,0.4994,0.3757,0.1552,0.2139,0.5292,0.7396,0.8612,1.0667,1.2129,0.8069,0.5984,0.6182,0.7233,0.684,0.3526,0.1245,-0.2589,-0.3854,-0.207,-0.0807,-0.0125,0.0437,0.1108,0.1834,0.2376,0.2677,0.293,0.3254,0.3645,0.4068,0.4482,0.485,0.5143,0.5347,0.5461,0.4983,0.4726,0.4191,0.3717,0.4334,0.6016,0.7747,0.8858,0.8516,0.7572,0.5837,0.4711,0.5663,0.9496,1.0475,0.694,0.2741,-0.9269,-1.0133,-0.3953,-0.2096,-0.1305,-0.0384,0.0892,0.2278,0.3017,0.3053,0.3154,0.3499,0.3987,0.4532,0.5063,0.552,0.5858,0.6057,0.6126,0.4794,0.4703,0.4592,0.4654,0.5153,0.6092,0.7228,0.8162,0.757,0.5632,0.4126,0.3123,0.3308,0.6833,0.8367,1.2268,0.7343,-0.2893,-0.5927,-0.3887,-0.3672,-0.3256,-0.1728,0.0523,0.2905,0.384,0.3402,0.339,0.3832,0.4479,0.5204,0.5908,0.6491,0.6873,0.7033,0.7004,0.4654,0.4653,0.4684,0.4824,0.5138,0.5604,0.6073,0.6183,0.5276,0.3421,0.1949,0.2032,0.3162,0.2494,0.7417,1.3041,0.1407,0.122,-0.1795,-0.467,-0.7922,-0.7661,-0.4197,-0.0578,0.2254,0.3373,0.3355,0.366,0.4324,0.5194,0.6187,0.7166,0.7935,0.8347,0.8389,0.8157,0.4508,0.4532,0.4577,0.4668,0.4806,0.4938,0.493,0.4523,0.336,0.1102,-0.2332,-0.0795,0.0846,0.2802,0.456,0.4547,0.1077,0.0676,-0.2132,-0.8151,-1.8835,-1.6107,-0.7294,-0.1915,0.1147,0.2685,0.3487,0.4211,0.5074,0.6203,0.7616,0.9078,1.0154,1.0534,1.0271,0.9639,0.4348,0.4362,0.4379,0.4399,0.4402,0.4333,0.4092,0.3521,0.2421,0.0535,-0.1936,-0.079,-0.0279,-0.0191,0.217,0.2507,0.1386,-0.0717,-0.3376,-0.8402,-2.049,-1.7126,-0.7483,-0.1928,0.1333,0.3336,0.4502,0.5228,0.6066,0.7478,0.9623,1.2042,1.3664,1.3796,1.2813,1.1444,0.418,0.4173,0.4155,0.4117,0.4036,0.387,0.3559,0.3028,0.2224,0.1199,0.0381,0.0261,-0.0403,-0.0501,0.0877,0.0944,0.0156,-0.3041,-0.6297,-0.4794,-0.7804,-0.7856,-0.4147,-0.0359,0.2918,0.553,0.665,0.6652,0.7068,0.8781,1.2199,1.6553,1.913,1.8388,1.5909,1.3369,0.4017,0.3988,0.3941,0.3864,0.374,0.3543,0.3242,0.2814,0.2267,0.1682,0.1217,0.0926,0.0649,0.0524,-0.0029,-0.0408,-0.0131,-0.1992,-0.3286,0.0315,-0.1124,-0.2149,-0.1007,0.149,0.4943,0.8799,0.9712,0.802,0.7661,0.9574,1.4656,2.2135,2.6036,2.3372,1.871,1.4878,0.3864,0.3818,0.3751,0.3654,0.3514,0.3318,0.3054,0.2719,0.2332,0.1942,0.1605,0.1336,0.1095,0.0776,0.0117,-0.0134,0.0333,0.0924,0.5045,0.7422,0.232,0.0318,0.06,0.2439,0.5632,0.9524,1.036,0.8206,0.7406,0.9089,1.4879,2.4278,2.897,2.5151,1.9521,1.5249,0.3726,0.3668,0.359,0.3485,0.3345,0.3163,0.2937,0.2671,0.2379,0.2088,0.182,0.1579,0.1345,0.1072,0.0768,0.0671,0.0928,0.176,0.3798,0.4471,0.2142,0.0556,0.0562,0.2146,0.4864,0.7532,0.881,0.7809,0.6034,0.6732,1.1411,1.8936,2.322,2.1397,1.7533,1.4205,0.3605,0.354,0.3457,0.335,0.3217,0.3054,0.2861,0.2643,0.2411,0.2178,0.1955,0.1745,0.1542,0.1342,0.1174,0.1119,0.1248,0.1625,0.2125,0.1977,0.0689,-0.1049,-0.1374,0.0772,0.3772,0.683,0.9603,0.721,0.2234,0.2032,0.6024,1.1459,1.5125,1.5547,1.409,1.2258,0.35,0.3432,0.3348,0.3245,0.3121,0.2975,0.2808,0.2626,0.2434,0.224,0.2052,0.1871,0.17,0.1544,0.1422,0.1361,0.1382,0.1458,0.1444,0.1006,-0.0267,-0.2476,-0.311,-0.041,0.2562,0.478,0.5461,0.1247,-0.5768,-0.4054,0.1315,0.6173,0.9461,1.0851,1.0839,1.0165,0.3411,0.3342,0.3259,0.3161,0.3047,0.2917,0.2772,0.2616,0.2453,0.2288,0.2127,0.1971,0.1825,0.1694,0.1587,0.1511,0.1461,0.1401,0.1233,0.0787,-0.0131,-0.138,-0.1597,-0.0024,0.1823,0.285,0.2112,-0.194,-0.6876,-0.5178,-0.0472,0.3528,0.6284,0.7826,0.8405,0.8378]}]