docs/data/wind_grid.json
[{"header":{"la1":42.85,"la2":41.18,"lo1":11.55,"lo2":14.05,"nx":36,"ny":24,"dx":0.07143,"dy":0.07261,"parameterCategory":2,"parameterNumber":2,"parameterNumberName":"eastward_wind","parameterUnit":"m.s-1"},"data":[2.1889,2.189,2.1879,2.1854,2.1814,2.1753,2.1665,2.1538,2.1366,2.1149,2.0898,2.0633,2.0373,2.0131,1.9916,1.9729,1.9572,1.9446,1.9352,1.929,1.9257,1.9253,1.9277,1.9324,1.9383,1.9439,1.9484,1.9515,1.9532,1.9537,1.9534,1.9526,1.9515,1.9503,1.9492,1.9482,2.2033,2.205,2.2054,2.2044,2.202,2.198,2.1911,2.1792,2.16,2.1332,2.1009,2.0667,2.0337,2.0039,1.978,1.9559,1.9375,1.9228,1.9122,1.9057,1.9026,1.9029,1.9074,1.9158,1.9258,1.9348,1.9414,1.9454,1.9473,1.9477,1.9471,1.9459,1.9445,1.943,1.9416,1.9404,2.22,2.2239,2.2262,2.227,2.227,2.2267,2.2248,2.2167,2.1964,2.1619,2.1178,2.0716,2.0288,1.9919,1.9609,1.9348,1.9126,1.8945,1.8821,1.876,1.8732,1.873,1.8799,1.895,1.9123,1.9262,1.9352,1.9399,1.9416,1.9414,1.9402,1.9384,1.9365,1.9346,1.933,1.9317,2.2396,2.2466,2.2513,2.2538,2.2563,2.2621,2.2713,2.275,2.2567,2.2086,2.1431,2.0774,2.0209,1.9752,1.9388,1.9085,1.881,1.8562,1.8397,1.8368,1.8368,1.8309,1.8395,1.869,1.8993,1.9199,1.9308,1.9352,1.9359,1.9345,1.9323,1.9297,1.9272,1.925,1.9231,1.9217,2.2626,2.2746,2.2829,2.2865,2.2894,2.3021,2.3334,2.3703,2.3642,2.2866,2.1779,2.081,2.0065,1.9511,1.9099,1.8764,1.8421,1.8012,1.7691,1.7788,1.7989,1.7717,1.7809,1.8434,1.8932,1.919,1.9292,1.9312,1.9295,1.9263,1.9227,1.9193,1.9162,1.9136,1.9116,1.9101,2.2896,2.3107,2.3263,2.3299,2.3259,2.3387,2.4029,2.5203,2.5581,2.4042,2.2122,2.0731,1.9795,1.9149,1.8704,1.8381,1.8004,1.7281,1.6311,1.6633,1.7817,1.7388,1.7516,1.8495,1.9061,1.9266,1.93,1.9266,1.9211,1.9156,1.9106,1.9064,1.9029,1.9001,1.8979,1.8965,2.3192,2.3571,2.3913,2.3985,2.3715,2.3581,2.4332,2.6521,2.7712,2.4856,2.2048,2.0385,1.9332,1.8596,1.8114,1.7878,1.7676,1.6845,1.473,1.5123,1.8438,1.8928,1.8859,1.9259,1.9434,1.9406,1.9299,1.9183,1.9083,1.9006,1.8947,1.8902,1.8866,1.8838,1.8818,1.8806,2.3451,2.4079,2.4865,2.5206,2.4418,2.3562,2.3673,2.5033,2.5684,2.3376,2.1132,1.9709,1.8658,1.7768,1.7115,1.6987,1.7337,1.7412,1.6721,1.8046,2.2087,2.2686,2.1271,2.0375,1.9862,1.949,1.9208,1.9007,1.8874,1.8791,1.8736,1.8697,1.8666,1.8642,1.8625,1.8618,2.3545,2.4339,2.5671,2.6722,2.5062,2.3345,2.2579,2.2326,2.1813,2.0757,1.979,1.889,1.7865,1.6628,1.5262,1.4978,1.6436,1.7972,1.929,2.2261,2.782,2.6905,2.3103,2.1084,2.0005,1.9334,1.8908,1.8663,1.8542,1.8488,1.8462,1.8442,1.8424,1.8406,1.8395,1.8394,2.3391,2.3999,2.4888,2.5412,2.4114,2.2792,2.1688,2.0583,1.915,1.8389,1.8593,1.82,1.713,1.5465,1.2199,1.0538,1.4996,1.8117,2.0116,2.2627,2.6055,2.5652,2.2869,2.0888,1.9587,1.8728,1.8248,1.8062,1.8042,1.808,1.8118,1.8134,1.8133,1.8124,1.8119,1.8126,2.3084,2.3372,2.3497,2.3142,2.2992,2.2264,2.1168,1.9865,1.7067,1.5674,1.7874,1.7829,1.647,1.4789,1.2238,1.0382,1.5577,1.8946,2.0675,2.1803,2.2784,2.2691,2.1453,1.9892,1.8426,1.7399,1.7014,1.7102,1.7352,1.7575,1.7713,1.7775,1.7788,1.7783,1.7783,1.7801,2.278,2.2904,2.294,2.2909,2.2726,2.1885,2.1023,2.0458,1.8749,1.7352,1.8448,1.7994,1.5752,1.2582,1.3475,1.5498,1.8208,2.1302,2.2436,2.2056,2.1806,2.134,2.0235,1.8412,1.6226,1.4809,1.4888,1.5725,1.6514,1.702,1.7276,1.7369,1.7378,1.7365,1.7366,1.7401,2.2535,2.2581,2.2579,2.2498,2.2189,2.1584,2.105,2.0959,2.0642,1.9929,1.9694,1.9153,1.6984,1.1521,1.3137,1.7153,1.982,2.5065,2.5441,2.2802,2.1816,2.0986,1.9499,1.6683,1.2529,1.0127,1.171,1.4143,1.5725,1.6525,1.6847,1.6913,1.6876,1.6832,1.6833,1.6895,2.2354,2.2352,2.2301,2.2167,2.1907,2.154,2.1202,2.1024,2.1027,2.1129,2.1042,2.0651,2.004,1.6406,1.7164,1.782,1.9662,2.3072,2.3966,2.2774,2.2058,2.1206,1.9445,1.5677,0.9008,0.5174,0.9147,1.3249,1.5353,1.6218,1.6442,1.6369,1.6215,1.6113,1.6123,1.6244,2.2237,2.2216,2.2156,2.2046,2.1884,2.1699,2.1556,2.1555,2.1898,2.2725,2.3404,2.27,2.069,1.9866,1.906,1.8184,2.362,2.2437,2.273,2.2769,2.2645,2.2019,2.0295,1.6838,1.128,0.8035,1.0837,1.4048,1.5646,1.6129,1.6003,1.5622,1.5256,1.5082,1.5146,1.5396,2.2177,2.2159,2.212,2.2061,2.1996,2.1959,2.2013,2.2284,2.3033,2.4788,2.8051,2.6586,2.4493,2.2005,2.136,2.1812,2.3631,2.3078,2.3183,2.3358,2.3687,2.3248,2.1564,1.9101,1.6201,1.4478,1.494,1.5957,1.6375,1.611,1.5361,1.4441,1.3743,1.3529,1.3779,1.43,2.2161,2.2158,2.2149,2.2143,2.2159,2.223,2.2419,2.2837,2.3687,2.5335,2.7724,2.6665,2.6865,2.72,2.4381,2.3826,2.388,2.4131,2.4387,2.4137,2.3959,2.3636,2.2402,2.0807,1.9317,1.8426,1.8095,1.7777,1.7112,1.5946,1.4271,1.2448,1.125,1.1164,1.1911,1.2956,2.2173,2.219,2.2212,2.2249,2.2322,2.2458,2.2705,2.3129,2.3807,2.4744,2.5585,2.5984,2.7495,2.8086,2.7749,2.8,2.6284,2.5639,2.589,2.536,2.4584,2.3899,2.2998,2.189,2.1,2.0651,2.0272,1.9208,1.7665,1.5555,1.2578,0.9198,0.7262,0.7793,0.9614,1.1506,2.2202,2.2237,2.2284,2.2353,2.246,2.2627,2.2883,2.3256,2.3761,2.4359,2.4953,2.5593,2.6569,2.8257,3.3898,3.6437,2.9181,2.6652,2.6613,2.7347,2.6148,2.4881,2.3816,2.2715,2.1913,2.2144,2.2144,2.0222,1.7957,1.5108,1.07,0.5058,0.2214,0.4133,0.7519,1.0344,2.2238,2.2288,2.2353,2.2443,2.2568,2.2745,2.2988,2.331,2.3712,2.4181,2.4711,2.5378,2.6421,2.8561,3.3101,3.4497,2.9638,2.7708,2.9465,3.0635,2.7696,2.6141,2.5042,2.3616,2.2273,2.2297,2.2366,1.9928,1.7754,1.493,1.0144,0.3396,0.01,0.2805,0.6854,0.9996,2.2274,2.2335,2.2413,2.2514,2.2648,2.2822,2.3048,2.3331,2.3673,2.4077,2.4559,2.5183,2.609,2.7488,2.9168,2.9522,2.8271,2.7682,2.857,2.9003,2.8135,2.805,2.7507,2.5254,2.2503,2.0405,1.8492,1.8063,1.7023,1.4992,1.1596,0.6755,0.3996,0.5341,0.8155,1.0648,2.2307,2.2376,2.2461,2.2567,2.2702,2.287,2.3077,2.3329,2.3629,2.3983,2.4406,2.493,2.5598,2.6399,2.7114,2.7347,2.7145,2.7103,2.7489,2.8032,2.9288,3.229,3.2986,2.8361,2.3289,1.9416,1.7028,1.7042,1.5662,1.4554,1.3197,1.0855,0.9085,0.9158,1.0421,1.1928,2.2334,2.2407,2.2496,2.2604,2.2735,2.2893,2.3084,2.3309,2.3573,2.3879,2.4236,2.4653,2.5129,2.5623,2.6035,2.6265,2.6367,2.6547,2.6993,2.799,3.056,3.5784,3.7386,3.0805,2.4384,2.0197,1.7845,1.5756,1.284,1.321,1.3788,1.3164,1.2309,1.2079,1.2526,1.3314,2.2354,2.243,2.2519,2.2624,2.275,2.2898,2.3071,2.3272,2.3502,2.3765,2.406,2.4388,2.4736,2.5079,2.5374,2.56,2.5798,2.6074,2.6588,2.764,2.9774,3.2866,3.3408,2.936,2.4547,2.0884,1.8116,1.5106,1.2471,1.3039,1.4158,1.4346,1.4094,1.3955,1.4119,1.4523]},{"header":{"la1":42.85,"la2":41.18,"lo1":11.55,"lo2":14.05,"nx":36,"ny":24,"dx":0.07143,"dy":0.07261,"parameterCategory":2,"parameterNumber":3,"parameterNumberName":"northward_wind","parameterUnit":"m.s-1"},"data":[0.3194,0.32,0.3189,0.3156,0.31,0.3019,0.2911,0.2772,0.2599,0.2387,0.2129,0.1825,0.1472,0.1074,0.063,0.0143,-0.0385,-0.0952,-0.1547,-0.2145,-0.269,-0.3099,-0.3303,-0.3285,-0.3094,-0.2802,-0.2469,-0.2132,-0.1811,-0.1511,-0.1234,-0.0978,-0.0742,-0.0524,-0.0322,-0.0136,0.3351,0.3373,0.3375,0.3352,0.3301,0.3223,0.3116,0.2979,0.2806,0.2587,0.2315,0.1985,0.1596,0.115,0.0649,0.0092,-0.0525,-0.1205,-0.1956,-0.2763,-0.3551,-0.4152,-0.4399,-0.4268,-0.3885,-0.3401,-0.2912,-0.2459,-0.2054,-0.1692,-0.1368,-0.1076,-0.081,-0.0568,-0.0346,-0.0143,0.3521,0.3564,0.3582,0.357,0.3523,0.3444,0.3335,0.32,0.3032,0.2816,0.2535,0.218,0.1754,0.126,0.07,0.0071,-0.0633,-0.1429,-0.2359,-0.3472,-0.4704,-0.57,-0.6005,-0.5596,-0.4841,-0.4053,-0.3356,-0.2768,-0.2273,-0.1849,-0.148,-0.1153,-0.0859,-0.0593,-0.0352,-0.0133,0.3705,0.3776,0.3818,0.3816,0.3767,0.3676,0.3553,0.3413,0.3258,0.3062,0.2787,0.2414,0.1951,0.1409,0.0792,0.0095,-0.0686,-0.1567,-0.2636,-0.4132,-0.6209,-0.8127,-0.8463,-0.7334,-0.589,-0.4675,-0.3742,-0.3021,-0.2447,-0.197,-0.1562,-0.1203,-0.0883,-0.0595,-0.0336,-0.0101,0.3901,0.4016,0.4094,0.4107,0.4044,0.3916,0.3742,0.3558,0.342,0.3295,0.3064,0.2686,0.2189,0.1603,0.0937,0.0181,-0.066,-0.1553,-0.2557,-0.4279,-0.7756,-1.1812,-1.1892,-0.9151,-0.6739,-0.5105,-0.399,-0.3183,-0.2558,-0.2046,-0.1608,-0.1223,-0.088,-0.0571,-0.0294,-0.0045,0.4105,0.4293,0.4439,0.4477,0.4381,0.4181,0.3882,0.3515,0.3351,0.3447,0.3366,0.3003,0.2471,0.1848,0.1148,0.0349,-0.0547,-0.1388,-0.1908,-0.3135,-0.7631,-1.3945,-1.3612,-0.9666,-0.6882,-0.517,-0.4043,-0.3233,-0.2601,-0.2075,-0.1618,-0.1211,-0.0845,-0.0516,-0.0222,0.0041,0.4296,0.4608,0.4907,0.501,0.4828,0.452,0.4085,0.3343,0.2983,0.3579,0.3757,0.3392,0.2801,0.2145,0.1445,0.0637,-0.0322,-0.1205,-0.1198,-0.162,-0.5481,-0.9425,-0.9998,-0.8049,-0.6198,-0.4873,-0.3922,-0.3194,-0.2593,-0.2068,-0.1596,-0.1167,-0.0778,-0.0428,-0.0115,0.016,0.4417,0.4904,0.5558,0.5889,0.5411,0.4935,0.4641,0.4072,0.3771,0.4385,0.446,0.3905,0.3175,0.2489,0.1852,0.1108,0.0091,-0.1032,-0.1727,-0.2879,-0.5653,-0.6868,-0.6902,-0.6228,-0.5294,-0.4449,-0.3743,-0.3131,-0.2571,-0.2045,-0.1551,-0.1093,-0.0674,-0.0299,0.0032,0.032,0.4362,0.4931,0.6084,0.7086,0.5766,0.516,0.5477,0.5848,0.6227,0.639,0.5695,0.4561,0.3561,0.2852,0.2417,0.1892,0.0741,-0.0697,-0.2204,-0.4576,-0.8189,-0.7795,-0.612,-0.5264,-0.4668,-0.4155,-0.3657,-0.3138,-0.259,-0.2033,-0.1492,-0.0987,-0.0528,-0.0122,0.0229,0.0528,0.4068,0.4313,0.4866,0.5268,0.4125,0.4833,0.6344,0.7888,0.9679,0.9993,0.7539,0.5242,0.3895,0.3188,0.3165,0.3272,0.1433,-0.0369,-0.1986,-0.4161,-0.685,-0.6774,-0.5401,-0.4712,-0.4416,-0.4184,-0.3836,-0.3326,-0.2707,-0.2053,-0.142,-0.0839,-0.0325,0.0117,0.0489,0.0796,0.3689,0.3387,0.2309,-0.0485,0.0157,0.4316,0.7388,0.9684,1.3612,1.5677,0.9205,0.5581,0.4154,0.3582,0.3282,0.3312,0.1188,-0.0538,-0.1715,-0.2893,-0.4093,-0.4529,-0.4405,-0.4439,-0.4688,-0.4814,-0.4515,-0.3826,-0.2966,-0.2103,-0.1315,-0.0626,-0.0042,0.044,0.083,0.1137,0.3478,0.3011,0.1779,-0.0357,0.0544,0.5186,0.9022,1.116,1.2174,1.2694,0.8168,0.5372,0.4445,0.4785,0.3621,0.1546,-0.0179,-0.1466,-0.201,-0.2355,-0.2884,-0.3383,-0.3898,-0.4748,-0.5933,-0.6617,-0.606,-0.4742,-0.3348,-0.2133,-0.1126,-0.0304,0.0357,0.0878,0.1276,0.157,0.3495,0.3242,0.2779,0.2499,0.3733,0.677,1.0313,1.3021,1.1611,0.8829,0.6385,0.5574,0.4881,0.5269,0.3732,-0.0369,-0.1956,-0.2621,-0.2639,-0.2371,-0.256,-0.3024,-0.3884,-0.5689,-0.8694,-1.0459,-0.8719,-0.5926,-0.367,-0.2012,-0.0766,0.0192,0.0926,0.1471,0.1857,0.2115,0.3608,0.3601,0.3658,0.4046,0.5162,0.7091,0.9476,1.1468,1.0321,0.6933,0.5085,0.6695,0.7027,0.1382,-0.0251,-0.4452,-0.4541,-0.3337,-0.2743,-0.2479,-0.2637,-0.3047,-0.3935,-0.6386,-1.1561,-1.4805,-1.0984,-0.6499,-0.3525,-0.1546,-0.0123,0.0942,0.1728,0.2271,0.261,0.2794,0.3687,0.3812,0.4046,0.4506,0.5297,0.6385,0.7505,0.7988,0.6826,0.4566,0.3063,0.2943,0.1821,-0.0859,-0.2002,-0.5774,-1.0415,-0.5186,-0.294,-0.2648,-0.3335,-0.3589,-0.3784,-0.5523,-0.9577,-1.2177,-0.9219,-0.5337,-0.2565,-0.0601,0.0886,0.2026,0.2841,0.3342,0.3577,0.3627,0.3686,0.3843,0.4079,0.443,0.4897,0.5397,0.5711,0.5474,0.4369,0.2562,0.0698,0.0964,0.0746,-0.0286,-0.1816,-0.5095,-0.8256,-0.4298,-0.2031,-0.2758,-0.5934,-0.5304,-0.3579,-0.3795,-0.5276,-0.617,-0.5035,-0.2964,-0.0975,0.0766,0.2281,0.352,0.4367,0.4764,0.4796,0.462,0.361,0.3747,0.3924,0.4138,0.4362,0.4515,0.4458,0.4025,0.3125,0.1851,0.0655,0.0604,-0.0497,-0.1273,-0.1385,-0.2397,-0.2488,-0.0348,0.1322,-0.0983,-0.6134,-0.521,-0.2769,-0.2207,-0.2478,-0.262,-0.2069,-0.0862,0.0687,0.235,0.4025,0.5512,0.6439,0.6618,0.6276,0.574,0.3486,0.3584,0.3691,0.3794,0.386,0.3834,0.3641,0.3214,0.255,0.1757,0.1052,0.0394,-0.0871,-0.1369,-0.1396,-0.1479,-0.0005,0.4123,0.7842,0.3523,-0.0248,-0.1341,-0.0935,-0.0764,-0.1066,-0.1598,-0.1364,0.0163,0.2071,0.3972,0.6018,0.8038,0.9144,0.8877,0.7901,0.6873,0.3339,0.3395,0.3444,0.3469,0.3445,0.3337,0.3108,0.2736,0.2236,0.1666,0.1086,0.046,-0.0258,-0.098,-0.2618,-0.327,0.027,0.4644,0.7406,0.6671,0.3795,0.1675,0.0899,0.0512,-0.0513,-0.318,-0.37,0.0333,0.3453,0.56,0.7925,1.0633,1.1982,1.1019,0.9287,0.7791,0.3187,0.3209,0.3214,0.319,0.3118,0.2978,0.2753,0.2437,0.2042,0.1596,0.112,0.0612,0.0046,-0.0727,-0.2123,-0.2375,0.0594,0.4312,0.9217,1.1156,0.6044,0.3241,0.2203,0.1793,0.0825,-0.2857,-0.3741,0.2981,0.5893,0.7375,0.914,1.1682,1.3013,1.18,0.9865,0.8252,0.3042,0.3038,0.3015,0.2962,0.2868,0.2721,0.2514,0.2247,0.1927,0.1572,0.1193,0.0798,0.0379,-0.0083,-0.048,-0.0145,0.1455,0.3962,0.7034,0.7888,0.5349,0.3467,0.2865,0.3051,0.3848,0.5946,1.1396,1.1024,0.9655,0.9587,0.9898,1.0885,1.1592,1.0904,0.9537,0.8225,0.291,0.2889,0.2848,0.278,0.2679,0.2538,0.2354,0.2129,0.1871,0.1589,0.1298,0.1009,0.0742,0.0538,0.0521,0.0922,0.1879,0.3235,0.4503,0.4762,0.3834,0.2816,0.2627,0.3562,0.5887,1.0879,1.7362,1.4949,1.3258,1.2635,1.1272,1.0505,1.0247,0.9737,0.8875,0.7927,0.2795,0.2763,0.2712,0.2639,0.2539,0.2409,0.225,0.2063,0.1855,0.1636,0.1419,0.122,0.1065,0.0997,0.1089,0.1423,0.2015,0.2747,0.3346,0.3485,0.3062,0.2293,0.2085,0.3457,0.6112,0.9886,1.3176,1.4689,1.7657,1.6348,1.3032,1.0889,0.9787,0.9048,0.8322,0.758,0.2697,0.2658,0.2603,0.253,0.2436,0.2321,0.2185,0.2031,0.1866,0.1699,0.1541,0.141,0.1326,0.1322,0.1434,0.1689,0.2074,0.2514,0.2878,0.3037,0.2935,0.2661,0.2729,0.3844,0.5937,0.8606,1.1359,1.4703,1.8197,1.6885,1.3485,1.1035,0.9583,0.8652,0.7921,0.7265]}]