docs/data/wind_grid.json
[{"header":{"la1":42.85,"la2":41.18,"lo1":11.55,"lo2":14.05,"nx":36,"ny":24,"dx":0.07143,"dy":0.07261,"parameterCategory":2,"parameterNumber":2,"parameterNumberName":"eastward_wind","parameterUnit":"m.s-1"},"data":[-0.457,-0.4607,-0.4616,-0.4595,-0.4547,-0.4473,-0.4374,-0.4248,-0.4093,-0.3915,-0.3728,-0.3551,-0.3399,-0.328,-0.319,-0.3114,-0.3026,-0.2892,-0.2684,-0.2395,-0.2062,-0.1761,-0.1565,-0.15,-0.1537,-0.1624,-0.1719,-0.1801,-0.186,-0.1898,-0.1918,-0.1924,-0.1921,-0.1911,-0.1896,-0.1878,-0.4851,-0.491,-0.493,-0.4913,-0.4862,-0.4786,-0.4684,-0.4547,-0.4363,-0.4136,-0.3889,-0.3658,-0.3471,-0.3343,-0.3268,-0.3226,-0.3174,-0.3052,-0.279,-0.2355,-0.1804,-0.1306,-0.1036,-0.1032,-0.1195,-0.1406,-0.1592,-0.1732,-0.1825,-0.1881,-0.191,-0.192,-0.1917,-0.1906,-0.189,-0.1872,-0.5186,-0.5276,-0.5314,-0.5299,-0.5244,-0.5168,-0.5078,-0.495,-0.4739,-0.4437,-0.4089,-0.3768,-0.3527,-0.3386,-0.3341,-0.3366,-0.3402,-0.3345,-0.3042,-0.236,-0.136,-0.0435,-0.0059,-0.0265,-0.0719,-0.1151,-0.1471,-0.168,-0.1807,-0.1878,-0.1912,-0.1922,-0.1918,-0.1905,-0.1887,-0.1865,-0.559,-0.5731,-0.5797,-0.578,-0.5706,-0.5629,-0.5586,-0.5526,-0.5312,-0.4879,-0.4343,-0.3869,-0.3545,-0.3387,-0.3389,-0.3526,-0.3742,-0.3885,-0.364,-0.259,-0.0628,0.1329,0.1788,0.0915,-0.015,-0.0922,-0.1398,-0.1671,-0.1821,-0.1896,-0.1927,-0.1933,-0.1924,-0.1906,-0.1884,-0.186,-0.6079,-0.631,-0.6431,-0.6403,-0.6268,-0.616,-0.6224,-0.6403,-0.6276,-0.5571,-0.4657,-0.3929,-0.3488,-0.331,-0.337,-0.3667,-0.4192,-0.482,-0.5015,-0.3642,0.0184,0.4662,0.4851,0.2271,0.0259,-0.0859,-0.1438,-0.1732,-0.1875,-0.1938,-0.1957,-0.1952,-0.1934,-0.1909,-0.1882,-0.1854,-0.6663,-0.706,-0.7308,-0.7275,-0.6979,-0.6711,-0.6911,-0.7716,-0.797,-0.6589,-0.4936,-0.3863,-0.3304,-0.3107,-0.3219,-0.3681,-0.4613,-0.6136,-0.7725,-0.6657,-0.0846,0.6818,0.6493,0.2401,-0.0003,-0.1126,-0.1641,-0.1874,-0.1971,-0.2001,-0.1997,-0.1976,-0.1946,-0.1913,-0.188,-0.1847,-0.7317,-0.8008,-0.8569,-0.862,-0.7978,-0.7219,-0.7272,-0.8838,-0.9832,-0.7269,-0.4811,-0.3539,-0.2947,-0.2737,-0.2853,-0.3403,-0.4627,-0.6952,-1.034,-0.9926,-0.4778,0.0453,0.1689,0.0065,-0.1145,-0.1731,-0.1984,-0.2077,-0.2095,-0.2077,-0.2043,-0.2001,-0.1958,-0.1916,-0.1876,-0.1838,-0.7937,-0.9043,-1.0256,-1.0728,-0.9456,-0.7705,-0.6905,-0.7571,-0.7988,-0.5816,-0.3862,-0.2893,-0.2423,-0.2186,-0.2183,-0.2668,-0.3927,-0.6052,-0.846,-0.8751,-0.8419,-0.6882,-0.414,-0.2897,-0.2547,-0.2433,-0.236,-0.2291,-0.2221,-0.2152,-0.2085,-0.2023,-0.1967,-0.1915,-0.1868,-0.1827,-0.8326,-0.9733,-1.1607,-1.2873,-1.0815,-0.808,-0.6228,-0.5161,-0.4168,-0.2991,-0.2343,-0.2075,-0.1841,-0.15,-0.1057,-0.1242,-0.2725,-0.4703,-0.6582,-0.8788,-1.3071,-1.1902,-0.7229,-0.4657,-0.3494,-0.2944,-0.2648,-0.246,-0.2322,-0.2211,-0.2118,-0.2038,-0.1969,-0.1909,-0.1857,-0.1811,-0.8353,-0.9708,-1.1232,-1.2015,-1.0763,-0.8212,-0.5725,-0.3442,-0.0781,0.0413,-0.0646,-0.1341,-0.1379,-0.0914,0.0654,0.1496,-0.1554,-0.411,-0.5934,-0.8061,-1.1145,-1.0489,-0.7183,-0.4959,-0.3774,-0.3149,-0.2793,-0.256,-0.2386,-0.2249,-0.2136,-0.2042,-0.1963,-0.1896,-0.1839,-0.1791,-0.8074,-0.9335,-1.0917,-1.2941,-1.2283,-0.8493,-0.5711,-0.3101,0.2641,0.5429,0.0659,-0.0973,-0.1149,-0.0832,0.048,0.1544,-0.2089,-0.4978,-0.6418,-0.6942,-0.7414,-0.701,-0.5646,-0.4385,-0.3582,-0.3126,-0.2836,-0.2611,-0.2422,-0.2266,-0.2139,-0.2034,-0.1948,-0.1875,-0.1815,-0.1765,-0.7547,-0.8688,-1.0323,-1.2439,-1.1671,-0.8053,-0.6408,-0.5938,-0.1479,0.2084,-0.019,-0.1091,-0.1049,-0.0567,-0.0894,-0.1933,-0.4496,-0.866,-0.9757,-0.753,-0.5995,-0.5078,-0.4272,-0.363,-0.327,-0.3091,-0.2897,-0.2663,-0.2446,-0.227,-0.213,-0.2016,-0.1923,-0.1846,-0.1783,-0.1733,-0.6803,-0.7614,-0.8556,-0.9208,-0.8477,-0.7006,-0.7074,-0.8804,-0.6652,-0.2559,-0.1354,-0.139,-0.1322,-0.0386,-0.1055,-0.3308,-0.6238,-1.6231,-1.6598,-0.8554,-0.5206,-0.3813,-0.3191,-0.3011,-0.319,-0.3352,-0.3112,-0.2748,-0.2465,-0.2263,-0.211,-0.1987,-0.1887,-0.1806,-0.1742,-0.1692,-0.5961,-0.6419,-0.6798,-0.6864,-0.6442,-0.6003,-0.6383,-0.7447,-0.6114,-0.2716,-0.1181,-0.1517,-0.1894,-0.2634,-0.2811,-0.5135,-0.5733,-1.0399,-1.1473,-0.6457,-0.3503,-0.2302,-0.2093,-0.2485,-0.3371,-0.389,-0.3356,-0.2791,-0.2456,-0.2243,-0.2082,-0.1948,-0.1837,-0.175,-0.1685,-0.164,-0.5148,-0.536,-0.5463,-0.5376,-0.511,-0.4866,-0.4827,-0.4631,-0.3244,-0.095,0.0497,0.0197,-0.1047,-0.2003,-0.3078,-0.5539,-0.559,-0.5052,-0.4561,-0.2547,-0.059,-0.0129,-0.0729,-0.1692,-0.2852,-0.3448,-0.3085,-0.2669,-0.2413,-0.2224,-0.2053,-0.1895,-0.1763,-0.1668,-0.1607,-0.1572,-0.4427,-0.449,-0.4458,-0.4307,-0.405,-0.3732,-0.3328,-0.2589,-0.1142,0.119,0.4329,0.2828,0.1349,-0.0468,-0.1553,-0.3208,-0.4179,-0.2458,-0.0803,0.0848,0.2866,0.24,0.0713,-0.0673,-0.1794,-0.244,-0.2592,-0.2545,-0.2425,-0.2246,-0.2029,-0.1811,-0.1639,-0.1536,-0.1493,-0.1483,-0.3807,-0.3778,-0.3671,-0.3473,-0.3179,-0.2782,-0.2228,-0.1387,-0.0101,0.1786,0.4025,0.3021,0.2611,0.2655,0.1189,0.0439,0.0267,0.171,0.3279,0.3275,0.3611,0.3128,0.1576,0.0071,-0.1231,-0.2172,-0.2662,-0.2768,-0.2634,-0.2359,-0.2004,-0.1649,-0.1405,-0.1315,-0.1327,-0.137,-0.328,-0.3192,-0.3038,-0.2806,-0.2486,-0.2059,-0.1493,-0.0736,0.0236,0.1344,0.2205,0.2471,0.311,0.3645,0.5318,0.6327,0.4901,0.6171,0.8346,0.6256,0.46,0.3471,0.213,0.0437,-0.1411,-0.2986,-0.3656,-0.3524,-0.3118,-0.2585,-0.1945,-0.1317,-0.0963,-0.0961,-0.1107,-0.1245,-0.2832,-0.2707,-0.2524,-0.2274,-0.1945,-0.1527,-0.1004,-0.0366,0.0369,0.1128,0.1804,0.2449,0.343,0.5807,1.3626,1.7011,0.898,0.7855,0.9228,1.0201,0.7559,0.5029,0.3027,0.0739,-0.2075,-0.472,-0.5336,-0.4615,-0.3829,-0.2931,-0.1869,-0.0795,-0.0315,-0.0536,-0.0897,-0.1146,-0.2453,-0.2305,-0.2106,-0.1849,-0.1527,-0.1134,-0.0664,-0.0119,0.0485,0.1122,0.1796,0.2624,0.3975,0.6883,1.2844,1.4792,0.9766,0.9191,1.4254,1.6889,1.0395,0.688,0.4555,0.1598,-0.2176,-0.5315,-0.5913,-0.5745,-0.4737,-0.3444,-0.2022,-0.059,-0.0015,-0.0383,-0.0846,-0.113,-0.2132,-0.197,-0.1764,-0.151,-0.1201,-0.0836,-0.0412,0.0067,0.0598,0.1181,0.1848,0.2699,0.395,0.5894,0.8246,0.9079,0.8333,0.8963,1.1873,1.295,1.0449,0.9234,0.7819,0.3924,-0.129,-0.5952,-0.9531,-0.8465,-0.5829,-0.4076,-0.2622,-0.1289,-0.0653,-0.0761,-0.1033,-0.1221,-0.186,-0.1692,-0.1485,-0.1238,-0.0946,-0.0607,-0.0222,0.0211,0.0691,0.1228,0.1851,0.2614,0.3591,0.4788,0.595,0.6636,0.6988,0.7746,0.9007,0.9903,1.1081,1.4549,1.5221,0.8471,0.0446,-0.673,-1.2485,-0.9838,-0.5975,-0.4502,-0.3337,-0.2237,-0.1557,-0.1341,-0.1337,-0.137,-0.1631,-0.146,-0.1257,-0.1019,-0.0744,-0.043,-0.0077,0.0316,0.0753,0.1241,0.1797,0.2443,0.319,0.4004,0.4774,0.5399,0.5961,0.6676,0.7647,0.9081,1.2326,1.9081,2.1188,1.2065,0.2704,-0.3913,-0.7379,-0.6467,-0.5059,-0.4702,-0.3791,-0.2822,-0.2141,-0.1769,-0.1593,-0.1508,-0.1437,-0.1268,-0.1071,-0.0844,-0.0585,-0.0295,0.0029,0.0388,0.0783,0.1221,0.1707,0.2247,0.2838,0.3452,0.405,0.4611,0.5179,0.5855,0.6783,0.8295,1.1117,1.5172,1.584,1.0282,0.3618,-0.1287,-0.3955,-0.4705,-0.4892,-0.4628,-0.3802,-0.2976,-0.2365,-0.1971,-0.1733,-0.159]},{"header":{"la1":42.85,"la2":41.18,"lo1":11.55,"lo2":14.05,"nx":36,"ny":24,"dx":0.07143,"dy":0.07261,"parameterCategory":2,"parameterNumber":3,"parameterNumberName":"northward_wind","parameterUnit":"m.s-1"},"data":[-0.7045,-0.6972,-0.6881,-0.6773,-0.6648,-0.6514,-0.638,-0.6258,-0.6155,-0.6067,-0.5979,-0.5872,-0.5732,-0.5549,-0.5321,-0.5055,-0.4762,-0.4458,-0.4162,-0.3895,-0.3681,-0.3543,-0.3503,-0.356,-0.3691,-0.3865,-0.4056,-0.4248,-0.4431,-0.4602,-0.476,-0.4906,-0.5039,-0.5162,-0.5274,-0.5377,-0.7113,-0.7034,-0.6932,-0.6804,-0.6649,-0.6475,-0.63,-0.6151,-0.6047,-0.5983,-0.5933,-0.5857,-0.573,-0.5537,-0.5278,-0.4958,-0.4595,-0.4212,-0.3834,-0.3485,-0.3195,-0.301,-0.2975,-0.3092,-0.3312,-0.3574,-0.384,-0.4088,-0.4314,-0.4516,-0.4698,-0.4862,-0.501,-0.5144,-0.5266,-0.5377,-0.719,-0.7108,-0.6994,-0.6841,-0.6641,-0.64,-0.6146,-0.5937,-0.5828,-0.582,-0.5851,-0.5843,-0.5749,-0.5553,-0.5257,-0.487,-0.4414,-0.3923,-0.3439,-0.2984,-0.2573,-0.2288,-0.226,-0.2499,-0.2874,-0.3268,-0.3628,-0.3941,-0.4212,-0.4446,-0.4651,-0.4833,-0.4994,-0.514,-0.527,-0.5388,-0.7278,-0.7195,-0.7075,-0.6897,-0.6638,-0.6285,-0.5869,-0.5511,-0.5377,-0.5498,-0.5709,-0.5835,-0.5804,-0.5613,-0.5276,-0.4804,-0.4219,-0.3576,-0.2962,-0.2401,-0.1805,-0.1285,-0.1272,-0.1774,-0.2413,-0.2983,-0.3448,-0.3826,-0.4137,-0.4399,-0.4624,-0.4821,-0.4994,-0.5149,-0.5288,-0.5412,-0.7375,-0.7296,-0.7177,-0.6988,-0.667,-0.6153,-0.5414,-0.4667,-0.4429,-0.4879,-0.5495,-0.5859,-0.592,-0.5741,-0.5363,-0.4791,-0.4026,-0.3134,-0.2339,-0.178,-0.1023,0.0022,-0.0028,-0.1054,-0.2043,-0.2785,-0.3336,-0.3761,-0.4101,-0.4382,-0.4622,-0.4829,-0.5013,-0.5175,-0.532,-0.545,-0.7474,-0.7402,-0.7296,-0.7126,-0.6797,-0.6115,-0.4846,-0.3132,-0.2502,-0.385,-0.5296,-0.5991,-0.6137,-0.5963,-0.5555,-0.4894,-0.3909,-0.2589,-0.1361,-0.107,-0.0698,0.0703,0.0564,-0.0821,-0.1951,-0.2744,-0.332,-0.3759,-0.4109,-0.4399,-0.4646,-0.4861,-0.5051,-0.522,-0.537,-0.5504,-0.7568,-0.7487,-0.7385,-0.7272,-0.7052,-0.6395,-0.474,-0.168,-0.0213,-0.3147,-0.5503,-0.6358,-0.6486,-0.6297,-0.5896,-0.5212,-0.408,-0.2332,-0.0352,-0.0363,-0.0884,-0.0422,-0.0487,-0.1316,-0.2179,-0.287,-0.3403,-0.3821,-0.4162,-0.4448,-0.4696,-0.4916,-0.5111,-0.5285,-0.544,-0.5577,-0.7656,-0.7534,-0.7356,-0.7256,-0.7316,-0.7071,-0.5944,-0.3664,-0.2614,-0.4891,-0.6578,-0.7022,-0.6948,-0.6732,-0.6429,-0.5843,-0.4735,-0.3084,-0.1416,-0.1005,-0.074,-0.073,-0.1237,-0.1877,-0.2528,-0.3093,-0.3555,-0.3932,-0.425,-0.4526,-0.4772,-0.4994,-0.5194,-0.5374,-0.5533,-0.5672,-0.7763,-0.7596,-0.7245,-0.6944,-0.7437,-0.7876,-0.7827,-0.7476,-0.7583,-0.8199,-0.8253,-0.7836,-0.7417,-0.7211,-0.7237,-0.6942,-0.5744,-0.4199,-0.2778,-0.1393,0.0571,0.0207,-0.1307,-0.2235,-0.2864,-0.3349,-0.374,-0.407,-0.436,-0.4625,-0.4869,-0.5096,-0.5302,-0.5488,-0.5651,-0.5792,-0.7921,-0.7804,-0.7558,-0.7403,-0.7943,-0.8706,-0.95,-1.034,-1.152,-1.1766,-1.0074,-0.8538,-0.7735,-0.7574,-0.8411,-0.8943,-0.6714,-0.4888,-0.3548,-0.209,-0.0382,-0.0546,-0.1797,-0.2655,-0.3208,-0.3608,-0.3928,-0.4211,-0.4477,-0.4735,-0.4985,-0.5221,-0.5439,-0.5634,-0.5803,-0.5944,-0.8117,-0.8105,-0.8088,-0.8103,-0.83,-0.9469,-1.0983,-1.2336,-1.4692,-1.5978,-1.1453,-0.8815,-0.7807,-0.7612,-0.8274,-0.8965,-0.6461,-0.4827,-0.3897,-0.3106,-0.2381,-0.2262,-0.2686,-0.3165,-0.3547,-0.3839,-0.4086,-0.4328,-0.4584,-0.485,-0.5118,-0.5376,-0.5613,-0.5821,-0.5995,-0.6135,-0.8307,-0.8369,-0.8392,-0.8286,-0.8624,-1.038,-1.2616,-1.4119,-1.4264,-1.4144,-1.0798,-0.8509,-0.7738,-0.8048,-0.7408,-0.6211,-0.4961,-0.4016,-0.3651,-0.3491,-0.3264,-0.3177,-0.3313,-0.3563,-0.3804,-0.399,-0.417,-0.4397,-0.4669,-0.4968,-0.5274,-0.557,-0.5838,-0.6065,-0.6245,-0.6378,-0.8468,-0.8598,-0.8741,-0.8963,-0.9662,-1.1318,-1.3759,-1.5965,-1.4626,-1.1919,-0.9531,-0.8091,-0.7429,-0.825,-0.7148,-0.4159,-0.328,-0.3094,-0.3121,-0.3424,-0.3427,-0.3416,-0.3537,-0.3746,-0.3921,-0.4006,-0.4147,-0.4407,-0.4735,-0.5097,-0.5469,-0.5826,-0.614,-0.6391,-0.6572,-0.6688,-0.8585,-0.8769,-0.9019,-0.9421,-1.016,-1.1418,-1.3142,-1.4697,-1.3724,-1.083,-0.8792,-0.8132,-0.7682,-0.3603,-0.3729,-0.0006,-0.0959,-0.2636,-0.3101,-0.3261,-0.3129,-0.3119,-0.3396,-0.3741,-0.3932,-0.3933,-0.4078,-0.4401,-0.4805,-0.5259,-0.5732,-0.6183,-0.6564,-0.6842,-0.7012,-0.7089,-0.8644,-0.8848,-0.9122,-0.9514,-1.0086,-1.0857,-1.1684,-1.2069,-1.1245,-0.9676,-0.8488,-0.747,-0.5688,-0.3157,-0.2695,0.0987,0.0312,-0.1988,-0.3071,-0.2839,-0.1897,-0.1921,-0.2842,-0.3579,-0.3905,-0.397,-0.411,-0.4432,-0.4899,-0.5476,-0.6106,-0.6707,-0.7188,-0.7488,-0.7612,-0.7607,-0.8647,-0.884,-0.9082,-0.9388,-0.9761,-1.0159,-1.0445,-1.0381,-0.9828,-0.9185,-0.9355,-0.7384,-0.6874,-0.5654,-0.437,-0.2236,-0.1113,-0.2846,-0.3573,-0.2104,0.1676,0.0761,-0.206,-0.337,-0.38,-0.3917,-0.4046,-0.4377,-0.4964,-0.5754,-0.6654,-0.7514,-0.8145,-0.8437,-0.8435,-0.8265,-0.8606,-0.877,-0.8961,-0.9176,-0.9398,-0.9582,-0.9649,-0.9518,-0.9215,-0.9003,-0.9244,-0.8433,-0.9321,-0.9883,-0.717,-0.5679,-0.4893,-0.512,-0.5138,-0.3002,0.2107,0.0934,-0.2237,-0.3438,-0.3587,-0.34,-0.3428,-0.3953,-0.4886,-0.6085,-0.7463,-0.8793,-0.9659,-0.9838,-0.9532,-0.9058,-0.8538,-0.867,-0.8812,-0.8955,-0.9082,-0.9164,-0.9164,-0.9065,-0.8905,-0.8785,-0.8748,-0.8873,-1.0181,-1.0691,-1.0392,-1.0282,-0.8179,-0.7052,-0.6952,-0.5973,-0.3676,-0.3039,-0.3711,-0.384,-0.3088,-0.1871,-0.1624,-0.2886,-0.4608,-0.6457,-0.8593,-1.0773,-1.1995,-1.1778,-1.0851,-0.9901,-0.8457,-0.8559,-0.8662,-0.8758,-0.8832,-0.8871,-0.8859,-0.8801,-0.8724,-0.8678,-0.8725,-0.8997,-0.9691,-1.1105,-1.6149,-1.8419,-1.1311,-0.8396,-0.8095,-0.9137,-0.7482,-0.6023,-0.5326,-0.4403,-0.2346,0.1102,0.1857,-0.1501,-0.4379,-0.6837,-0.9804,-1.3215,-1.4872,-1.3839,-1.204,-1.0581,-0.8372,-0.8451,-0.8527,-0.8592,-0.8639,-0.8662,-0.8657,-0.8633,-0.8611,-0.8628,-0.8744,-0.9059,-0.9778,-1.1523,-1.5483,-1.6662,-1.1968,-0.9975,-1.2032,-1.3435,-0.9819,-0.7945,-0.6882,-0.5413,-0.2776,0.1486,0.2433,-0.2025,-0.4796,-0.7136,-1.0236,-1.4196,-1.6056,-1.4588,-1.2441,-1.0822,-0.8289,-0.8351,-0.8408,-0.8455,-0.8489,-0.8508,-0.8513,-0.8513,-0.8527,-0.8583,-0.8727,-0.9033,-0.9624,-1.0683,-1.2022,-1.2188,-1.0875,-1.0216,-1.1127,-1.1523,-1.0218,-0.9634,-0.904,-0.7287,-0.4923,-0.3383,-0.4388,-0.4875,-0.5844,-0.7369,-0.9531,-1.2364,-1.3935,-1.3248,-1.1796,-1.0538,-0.8211,-0.8261,-0.8305,-0.8342,-0.837,-0.8389,-0.8403,-0.8419,-0.8452,-0.8523,-0.8662,-0.8907,-0.9299,-0.9826,-1.0295,-1.0341,-0.9996,-0.9813,-1.0039,-1.029,-1.0799,-1.2469,-1.2849,-0.994,-0.6989,-0.5738,-0.6047,-0.6114,-0.7045,-0.7807,-0.8741,-1.0178,-1.1235,-1.1268,-1.0666,-0.9939,-0.814,-0.818,-0.8216,-0.8247,-0.8272,-0.8292,-0.8311,-0.8336,-0.8377,-0.8447,-0.8562,-0.8739,-0.8978,-0.9246,-0.9451,-0.9499,-0.9434,-0.9429,-0.962,-1.0133,-1.1575,-1.4668,-1.5631,-1.1767,-0.8345,-0.676,-0.6488,-0.7259,-0.8597,-0.8499,-0.8464,-0.9012,-0.9602,-0.9814,-0.9652,-0.9306,-0.8075,-0.8109,-0.8139,-0.8165,-0.8188,-0.8209,-0.8231,-0.8259,-0.8299,-0.8361,-0.845,-0.8572,-0.8719,-0.8868,-0.8981,-0.9037,-0.9066,-0.9146,-0.9384,-0.9953,-1.1179,-1.2997,-1.3348,-1.115,-0.8816,-0.7537,-0.7282,-0.7938,-0.8803,-0.8631,-0.8372,-0.8509,-0.8784,-0.895,-0.8934,-0.8782]}]