docs/data/wind_grid.json
[{"header":{"la1":42.85,"la2":41.18,"lo1":11.55,"lo2":14.05,"nx":36,"ny":24,"dx":0.07143,"dy":0.07261,"parameterCategory":2,"parameterNumber":2,"parameterNumberName":"eastward_wind","parameterUnit":"m.s-1"},"data":[-0.6314,-0.6368,-0.6399,-0.6408,-0.6394,-0.6358,-0.6297,-0.6207,-0.6083,-0.5933,-0.5774,-0.5628,-0.5515,-0.5446,-0.542,-0.5422,-0.5426,-0.5396,-0.53,-0.5125,-0.4894,-0.4663,-0.4492,-0.4401,-0.4374,-0.4379,-0.439,-0.4395,-0.4389,-0.4375,-0.4354,-0.4329,-0.4303,-0.4277,-0.4252,-0.4228,-0.6553,-0.6628,-0.6676,-0.6694,-0.6688,-0.6661,-0.6608,-0.6514,-0.6364,-0.6162,-0.5936,-0.573,-0.5579,-0.5502,-0.5498,-0.5548,-0.5609,-0.5619,-0.5506,-0.5232,-0.4837,-0.4451,-0.4209,-0.4143,-0.4188,-0.4264,-0.4325,-0.4359,-0.4368,-0.436,-0.4341,-0.4317,-0.429,-0.4264,-0.4238,-0.4214,-0.6837,-0.6946,-0.7015,-0.7044,-0.7046,-0.7038,-0.7016,-0.6945,-0.6772,-0.6486,-0.6146,-0.5837,-0.5624,-0.5534,-0.5566,-0.5698,-0.5872,-0.5981,-0.5873,-0.5421,-0.4677,-0.3955,-0.3615,-0.3679,-0.3909,-0.4121,-0.4258,-0.4328,-0.4352,-0.4348,-0.4329,-0.4303,-0.4276,-0.4248,-0.4222,-0.4198,-0.7181,-0.7341,-0.7442,-0.7479,-0.748,-0.7499,-0.756,-0.7587,-0.7417,-0.6982,-0.6424,-0.5937,-0.5625,-0.5514,-0.5599,-0.5862,-0.6245,-0.6596,-0.6595,-0.5857,-0.4336,-0.281,-0.2391,-0.2917,-0.3558,-0.3987,-0.4215,-0.4316,-0.4346,-0.434,-0.4318,-0.4289,-0.4259,-0.423,-0.4203,-0.418,-0.76,-0.7849,-0.8007,-0.8042,-0.8002,-0.8031,-0.8266,-0.86,-0.8535,-0.7781,-0.6781,-0.5996,-0.5544,-0.5404,-0.5553,-0.5993,-0.6725,-0.762,-0.81,-0.7064,-0.3945,-0.0451,-0.0248,-0.2007,-0.3303,-0.3952,-0.4234,-0.4335,-0.4354,-0.4336,-0.4305,-0.4271,-0.4238,-0.4208,-0.4182,-0.4159,-0.8103,-0.8518,-0.8806,-0.8837,-0.8648,-0.8564,-0.9042,-1.0155,-1.0523,-0.8971,-0.7115,-0.5922,-0.5323,-0.5154,-0.5358,-0.5978,-0.7159,-0.9052,-1.1029,-1.0132,-0.4969,0.1131,0.0924,-0.194,-0.3494,-0.4122,-0.434,-0.4388,-0.437,-0.4331,-0.4288,-0.4248,-0.4213,-0.4183,-0.4158,-0.4136,-0.8666,-0.9384,-1.0002,-1.0112,-0.9549,-0.8989,-0.9423,-1.1502,-1.2701,-0.9788,-0.7015,-0.5568,-0.4907,-0.4723,-0.494,-0.5649,-0.7125,-0.9907,-1.3945,-1.3504,-0.8188,-0.3695,-0.2598,-0.3606,-0.4267,-0.4488,-0.4505,-0.445,-0.4379,-0.4314,-0.4259,-0.4216,-0.4181,-0.4153,-0.4129,-0.411,-0.9177,-1.0338,-1.1702,-1.2276,-1.0931,-0.9285,-0.8872,-1.0016,-1.0625,-0.8254,-0.6046,-0.4867,-0.4296,-0.4102,-0.425,-0.4892,-0.631,-0.8729,-1.1547,-1.1677,-1.0664,-0.9195,-0.6879,-0.5686,-0.517,-0.4863,-0.464,-0.4475,-0.4356,-0.4272,-0.4214,-0.4172,-0.4141,-0.4117,-0.4098,-0.4083,-0.9414,-1.0883,-1.3114,-1.477,-1.2182,-0.9341,-0.7897,-0.7318,-0.6665,-0.5538,-0.4606,-0.3979,-0.3566,-0.334,-0.3268,-0.3677,-0.5074,-0.7042,-0.8938,-1.074,-1.4014,-1.3041,-0.9127,-0.6835,-0.5666,-0.5021,-0.464,-0.4412,-0.4276,-0.4195,-0.4146,-0.4115,-0.4093,-0.4077,-0.4065,-0.4054,-0.9223,-1.0476,-1.209,-1.299,-1.1128,-0.8886,-0.7086,-0.5617,-0.4011,-0.315,-0.3278,-0.3135,-0.2811,-0.2553,-0.2094,-0.1897,-0.4038,-0.628,-0.8019,-0.985,-1.2372,-1.1775,-0.8868,-0.6786,-0.5554,-0.4836,-0.4433,-0.4224,-0.4123,-0.4078,-0.4058,-0.4048,-0.4041,-0.4036,-0.403,-0.4025,-0.873,-0.9599,-1.0396,-1.0786,-1.0411,-0.8446,-0.6673,-0.5089,-0.206,-0.0642,-0.2389,-0.2467,-0.2012,-0.1709,-0.1739,-0.1751,-0.4312,-0.7056,-0.8534,-0.892,-0.9168,-0.8673,-0.73,-0.5925,-0.4911,-0.4288,-0.3993,-0.3903,-0.3904,-0.3931,-0.3959,-0.3979,-0.399,-0.3996,-0.3997,-0.3997,-0.812,-0.8771,-0.951,-1.0329,-0.9889,-0.7886,-0.6795,-0.6448,-0.4052,-0.2065,-0.2434,-0.1984,-0.1159,-0.0146,-0.0992,-0.2973,-0.6063,-1.0973,-1.2323,-0.978,-0.7966,-0.6848,-0.5811,-0.4781,-0.3894,-0.3381,-0.3317,-0.3473,-0.3649,-0.3781,-0.3867,-0.3919,-0.3947,-0.396,-0.3967,-0.397,-0.7462,-0.7899,-0.834,-0.8582,-0.8076,-0.7125,-0.7043,-0.8006,-0.6717,-0.4024,-0.2544,-0.1578,-0.0861,0.0479,-0.0418,-0.3288,-0.7294,-1.9661,-2.02,-1.1049,-0.7245,-0.556,-0.4559,-0.3648,-0.2651,-0.2122,-0.247,-0.3028,-0.343,-0.3673,-0.381,-0.3882,-0.3917,-0.3932,-0.3939,-0.3944,-0.6804,-0.7035,-0.7189,-0.7141,-0.6799,-0.6439,-0.6578,-0.7174,-0.6295,-0.3904,-0.2276,-0.1241,-0.0891,-0.0188,-0.1799,-0.3403,-0.5783,-1.2836,-1.4383,-0.8789,-0.5436,-0.3951,-0.3346,-0.2778,-0.1728,-0.1062,-0.1863,-0.2788,-0.3353,-0.3658,-0.3812,-0.3878,-0.39,-0.3906,-0.3909,-0.3916,-0.62,-0.6286,-0.6289,-0.6165,-0.5924,-0.5694,-0.5597,-0.5416,-0.4492,-0.2983,-0.1868,-0.1287,-0.0647,0.0759,-0.2209,-0.3751,-0.9866,-0.7575,-0.6867,-0.4549,-0.2149,-0.152,-0.199,-0.226,-0.1904,-0.1544,-0.2171,-0.2986,-0.3508,-0.3777,-0.3884,-0.3902,-0.3884,-0.3867,-0.3865,-0.3877,-0.5677,-0.5674,-0.5603,-0.5449,-0.5225,-0.4965,-0.4658,-0.4167,-0.3306,-0.2167,-0.1207,-0.1045,-0.1007,-0.097,-0.2297,-0.503,-0.8165,-0.5315,-0.3146,-0.0868,0.2318,0.1642,-0.061,-0.1851,-0.2371,-0.263,-0.3078,-0.358,-0.3904,-0.403,-0.4013,-0.392,-0.3827,-0.3781,-0.3785,-0.3818,-0.5233,-0.5177,-0.5065,-0.4891,-0.4655,-0.4359,-0.3978,-0.3452,-0.2744,-0.192,-0.1252,-0.1176,-0.1094,-0.1089,-0.1541,-0.2418,-0.2788,-0.113,0.0756,0.1337,0.3168,0.2346,-0.0043,-0.169,-0.2825,-0.3641,-0.4185,-0.4452,-0.4504,-0.4391,-0.4147,-0.3852,-0.364,-0.3584,-0.364,-0.3729,-0.4861,-0.4771,-0.4635,-0.4448,-0.4205,-0.3902,-0.3524,-0.3057,-0.2513,-0.1962,-0.1537,-0.1264,-0.1006,-0.077,0.0288,0.0826,0.065,0.3189,0.615,0.348,0.2243,0.1311,-0.0197,-0.1893,-0.36,-0.5053,-0.5689,-0.5593,-0.5273,-0.4824,-0.4215,-0.3558,-0.3177,-0.3204,-0.3416,-0.362,-0.455,-0.444,-0.429,-0.4097,-0.3857,-0.3566,-0.322,-0.2822,-0.2389,-0.1961,-0.1571,-0.1189,-0.0686,0.048,0.4155,0.5742,0.2802,0.4033,0.5922,0.5564,0.3493,0.1576,-0.0142,-0.2152,-0.4585,-0.6878,-0.7418,-0.6811,-0.6158,-0.534,-0.4229,-0.2986,-0.2404,-0.27,-0.3189,-0.3539,-0.4289,-0.4168,-0.4013,-0.3821,-0.3591,-0.332,-0.3009,-0.2663,-0.2295,-0.1916,-0.1523,-0.1061,-0.0362,0.1059,0.3853,0.4832,0.3173,0.4051,0.7682,0.9323,0.4969,0.2352,0.0449,-0.1944,-0.4971,-0.7479,-0.7959,-0.7947,-0.7202,-0.6059,-0.4523,-0.2767,-0.2024,-0.2521,-0.3162,-0.3567,-0.4072,-0.3945,-0.3789,-0.3603,-0.3385,-0.3136,-0.2855,-0.2548,-0.2218,-0.1867,-0.1478,-0.1003,-0.0341,0.0651,0.1847,0.2432,0.2546,0.359,0.583,0.6558,0.4661,0.3482,0.2227,-0.0672,-0.4601,-0.8249,-1.1173,-1.0424,-0.8522,-0.7091,-0.5479,-0.3764,-0.2911,-0.3074,-0.3469,-0.3747,-0.389,-0.3762,-0.3609,-0.3431,-0.3227,-0.2997,-0.2742,-0.2464,-0.2163,-0.1836,-0.147,-0.1035,-0.0495,0.0161,0.0833,0.1354,0.1839,0.2623,0.3614,0.416,0.4639,0.6485,0.6729,0.2154,-0.3602,-0.9103,-1.3603,-1.1781,-0.9515,-0.8395,-0.6837,-0.5253,-0.4272,-0.3964,-0.3966,-0.4024,-0.3739,-0.3612,-0.3464,-0.3295,-0.3104,-0.2892,-0.2659,-0.2405,-0.2131,-0.1831,-0.1499,-0.1121,-0.0688,-0.0209,0.0276,0.0735,0.1218,0.1805,0.2485,0.3326,0.516,0.9191,1.0479,0.4457,-0.2115,-0.7118,-0.9981,-1.0146,-1.0545,-0.9864,-0.7999,-0.6346,-0.5264,-0.469,-0.4424,-0.4298,-0.3614,-0.349,-0.3348,-0.3188,-0.301,-0.2814,-0.2601,-0.2369,-0.2119,-0.1849,-0.1553,-0.1228,-0.0873,-0.0495,-0.0108,0.0285,0.0703,0.1182,0.1774,0.2657,0.4294,0.671,0.7037,0.3261,-0.1479,-0.5249,-0.7691,-0.9304,-1.065,-1.003,-0.8281,-0.6778,-0.5748,-0.5108,-0.4728,-0.4501]},{"header":{"la1":42.85,"la2":41.18,"lo1":11.55,"lo2":14.05,"nx":36,"ny":24,"dx":0.07143,"dy":0.07261,"parameterCategory":2,"parameterNumber":3,"parameterNumberName":"northward_wind","parameterUnit":"m.s-1"},"data":[-0.6077,-0.6048,-0.6008,-0.5956,-0.5892,-0.5819,-0.5739,-0.5658,-0.5578,-0.5494,-0.5397,-0.5275,-0.512,-0.4928,-0.4703,-0.4454,-0.4198,-0.3957,-0.3752,-0.3599,-0.3503,-0.3459,-0.3455,-0.3484,-0.3536,-0.3605,-0.3683,-0.3768,-0.3855,-0.3944,-0.4031,-0.4117,-0.4201,-0.4282,-0.436,-0.4434,-0.6133,-0.6104,-0.6061,-0.6003,-0.5928,-0.5837,-0.574,-0.5648,-0.557,-0.5503,-0.5425,-0.5315,-0.5156,-0.4941,-0.4674,-0.4366,-0.4041,-0.3733,-0.3481,-0.3312,-0.3226,-0.3205,-0.323,-0.3286,-0.3364,-0.3457,-0.3558,-0.3663,-0.3769,-0.3873,-0.3975,-0.4074,-0.4169,-0.426,-0.4347,-0.4428,-0.6189,-0.6161,-0.6117,-0.6051,-0.5957,-0.5835,-0.5698,-0.5578,-0.5503,-0.5472,-0.5444,-0.5368,-0.5216,-0.498,-0.466,-0.4272,-0.3844,-0.3434,-0.3115,-0.2941,-0.2902,-0.2938,-0.3002,-0.3086,-0.319,-0.3309,-0.3435,-0.3562,-0.3687,-0.3808,-0.3925,-0.4037,-0.4144,-0.4246,-0.4342,-0.4431,-0.6245,-0.6219,-0.6175,-0.6101,-0.5983,-0.5805,-0.5582,-0.5382,-0.5301,-0.5355,-0.5438,-0.544,-0.5315,-0.506,-0.4681,-0.4185,-0.3601,-0.3012,-0.2578,-0.2439,-0.2553,-0.2724,-0.283,-0.2915,-0.3028,-0.3168,-0.3317,-0.3466,-0.3611,-0.3749,-0.3882,-0.4008,-0.4128,-0.4241,-0.4347,-0.4445,-0.6296,-0.6273,-0.6233,-0.616,-0.602,-0.576,-0.5355,-0.4925,-0.4788,-0.5057,-0.5399,-0.5548,-0.5472,-0.5206,-0.4767,-0.4142,-0.3322,-0.2392,-0.1685,-0.1656,-0.2215,-0.2738,-0.2822,-0.2801,-0.2887,-0.3039,-0.321,-0.3381,-0.3545,-0.3701,-0.3849,-0.399,-0.4123,-0.4248,-0.4364,-0.4471,-0.6336,-0.6313,-0.628,-0.6226,-0.6094,-0.5761,-0.5049,-0.4018,-0.3635,-0.4492,-0.5379,-0.5743,-0.5717,-0.5447,-0.4967,-0.4225,-0.3112,-0.1568,-0.0083,-0.0189,-0.1685,-0.2864,-0.2871,-0.2684,-0.2748,-0.292,-0.3116,-0.3308,-0.349,-0.3663,-0.3828,-0.3984,-0.4132,-0.427,-0.4397,-0.4513,-0.6358,-0.6323,-0.6288,-0.6265,-0.6215,-0.5938,-0.5024,-0.3128,-0.2182,-0.4115,-0.5633,-0.6111,-0.6077,-0.5806,-0.5339,-0.4563,-0.3258,-0.1129,0.1549,0.1391,-0.0758,-0.1956,-0.2317,-0.2395,-0.2578,-0.2809,-0.3036,-0.325,-0.3449,-0.3639,-0.3821,-0.3995,-0.4159,-0.4311,-0.445,-0.4574,-0.636,-0.6292,-0.6217,-0.6196,-0.6298,-0.6329,-0.5834,-0.4478,-0.3823,-0.5397,-0.6507,-0.6708,-0.6542,-0.6283,-0.5939,-0.5277,-0.4011,-0.2061,0.0009,0.0289,-0.0004,-0.0454,-0.1372,-0.1992,-0.2401,-0.2714,-0.2974,-0.3205,-0.3421,-0.3629,-0.383,-0.4024,-0.4206,-0.4375,-0.4527,-0.4661,-0.6354,-0.624,-0.6112,-0.6043,-0.6258,-0.6756,-0.7113,-0.7188,-0.7459,-0.7954,-0.7894,-0.7445,-0.7032,-0.6833,-0.6859,-0.6522,-0.519,-0.3455,-0.1867,-0.0445,0.1618,0.1157,-0.0701,-0.1741,-0.23,-0.2657,-0.2931,-0.3172,-0.3403,-0.3631,-0.3857,-0.4076,-0.4282,-0.447,-0.4637,-0.4779,-0.6358,-0.619,-0.6003,-0.5921,-0.6095,-0.7102,-0.8314,-0.9442,-1.0762,-1.1079,-0.9521,-0.8126,-0.742,-0.7302,-0.8171,-0.8718,-0.632,-0.4341,-0.2867,-0.1262,0.0595,0.0411,-0.0945,-0.1821,-0.2316,-0.2638,-0.2894,-0.3138,-0.3388,-0.3646,-0.3905,-0.4158,-0.4395,-0.4607,-0.4789,-0.4939,-0.6399,-0.6153,-0.5636,-0.4586,-0.4977,-0.7367,-0.948,-1.1106,-1.3733,-1.5105,-1.082,-0.8471,-0.7645,-0.7503,-0.8109,-0.8771,-0.6145,-0.4497,-0.349,-0.2465,-0.153,-0.1308,-0.167,-0.2078,-0.238,-0.2609,-0.2831,-0.3083,-0.3367,-0.3672,-0.3982,-0.4282,-0.4559,-0.48,-0.4999,-0.5154,-0.6516,-0.6286,-0.5746,-0.48,-0.5366,-0.8239,-1.0908,-1.2451,-1.2998,-1.3232,-1.0235,-0.8341,-0.7817,-0.8206,-0.743,-0.5972,-0.471,-0.427,-0.3964,-0.3146,-0.2439,-0.2102,-0.2091,-0.2226,-0.2365,-0.2494,-0.2693,-0.2987,-0.3338,-0.3718,-0.4102,-0.4469,-0.48,-0.5076,-0.529,-0.5442,-0.6706,-0.6623,-0.647,-0.6451,-0.7336,-0.9425,-1.195,-1.3896,-1.2888,-1.0924,-0.9139,-0.8179,-0.7832,-0.8567,-0.7315,-0.3788,-0.2886,-0.4836,-0.4937,-0.3274,-0.2457,-0.2102,-0.2061,-0.2161,-0.2216,-0.2238,-0.2458,-0.2855,-0.3316,-0.3802,-0.4291,-0.4753,-0.5156,-0.5473,-0.5694,-0.5827,-0.6905,-0.6975,-0.7112,-0.7477,-0.8323,-0.9727,-1.1445,-1.285,-1.2126,-0.9964,-0.8574,-0.8379,-0.8285,-0.6794,-0.4027,0.0501,0.0418,-0.2378,-0.3427,-0.2471,-0.1682,-0.1397,-0.1611,-0.1943,-0.2059,-0.1992,-0.2256,-0.2764,-0.3341,-0.396,-0.4594,-0.5192,-0.5693,-0.6052,-0.6262,-0.6344,-0.7052,-0.7206,-0.7448,-0.7854,-0.8493,-0.9342,-1.0216,-1.0667,-1.0118,-0.9033,-0.8352,-0.7929,-0.6756,-0.501,-0.2593,0.1973,0.7875,0.1367,-0.1252,-0.0994,0.0383,0.0453,-0.0668,-0.1587,-0.1993,-0.2066,-0.2297,-0.2784,-0.3442,-0.4226,-0.5074,-0.588,-0.6521,-0.6914,-0.7062,-0.703,-0.7126,-0.7302,-0.7545,-0.7879,-0.8309,-0.878,-0.9157,-0.9237,-0.8931,-0.8592,-0.8811,-0.8827,-0.7824,-0.5913,-0.3385,0.1171,0.533,0.0944,-0.1136,0.0439,0.5135,0.402,0.053,-0.1162,-0.1797,-0.2028,-0.2268,-0.2758,-0.3557,-0.4613,-0.5819,-0.6979,-0.783,-0.8212,-0.8184,-0.7921,-0.7133,-0.7297,-0.7502,-0.7749,-0.8022,-0.8278,-0.8442,-0.8449,-0.8336,-0.8331,-0.8661,-0.8501,-0.8923,-0.8869,-0.5248,-0.2607,-0.1435,-0.2596,-0.3413,-0.0577,0.5749,0.4371,0.0543,-0.1064,-0.1474,-0.1467,-0.1648,-0.2357,-0.3548,-0.5106,-0.6946,-0.8755,-0.9937,-1.0161,-0.9704,-0.9009,-0.7093,-0.7231,-0.739,-0.7564,-0.7735,-0.7876,-0.7954,-0.7954,-0.7916,-0.7922,-0.7983,-0.8072,-0.9014,-0.8984,-0.6335,-0.5047,-0.4416,-0.5932,-0.8135,-0.431,-0.0716,0.0037,-0.0901,-0.1362,-0.0911,0.009,0.0185,-0.1288,-0.3334,-0.5672,-0.8525,-1.1525,-1.322,-1.289,-1.155,-1.0177,-0.7022,-0.7133,-0.7251,-0.7369,-0.7476,-0.7554,-0.7591,-0.7584,-0.7552,-0.7523,-0.75,-0.7505,-0.7549,-0.7146,-0.6694,-0.6725,-0.564,-0.627,-0.7231,-0.5498,-0.3783,-0.2684,-0.2325,-0.1796,-0.0151,0.306,0.3746,0.011,-0.3163,-0.6217,-1.0203,-1.4958,-1.7295,-1.5811,-1.3222,-1.1117,-0.6935,-0.702,-0.7105,-0.7184,-0.7248,-0.7289,-0.73,-0.728,-0.7237,-0.7178,-0.7104,-0.7005,-0.6844,-0.6592,-0.6562,-0.6528,-0.5824,-0.5705,-0.5872,-0.5912,-0.4877,-0.4023,-0.3451,-0.2545,-0.0537,0.34,0.4296,-0.0582,-0.3686,-0.6565,-1.0758,-1.633,-1.8982,-1.6871,-1.3772,-1.1429,-0.684,-0.6903,-0.6962,-0.7013,-0.7049,-0.7065,-0.7058,-0.7025,-0.6969,-0.6892,-0.679,-0.6656,-0.6483,-0.6293,-0.6151,-0.5965,-0.5665,-0.552,-0.5588,-0.5556,-0.5195,-0.5016,-0.4729,-0.3828,-0.2531,-0.1861,-0.3581,-0.4018,-0.4886,-0.6701,-0.9643,-1.3665,-1.5918,-1.4918,-1.2809,-1.098,-0.6744,-0.679,-0.6829,-0.6859,-0.6875,-0.6874,-0.6853,-0.681,-0.6746,-0.666,-0.6549,-0.6413,-0.6252,-0.6081,-0.5912,-0.5731,-0.5546,-0.5429,-0.5402,-0.5428,-0.5674,-0.6436,-0.6611,-0.5355,-0.4237,-0.4454,-0.5813,-0.5531,-0.6118,-0.6966,-0.8309,-1.0411,-1.1955,-1.2004,-1.1126,-1.0069,-0.6651,-0.6682,-0.6706,-0.672,-0.6722,-0.6709,-0.6679,-0.663,-0.6561,-0.6473,-0.6364,-0.6236,-0.6091,-0.5937,-0.578,-0.5626,-0.549,-0.5403,-0.5399,-0.5556,-0.6144,-0.7443,-0.7847,-0.6298,-0.5127,-0.5004,-0.5474,-0.6291,-0.76,-0.7526,-0.7678,-0.8584,-0.9491,-0.9822,-0.9596,-0.9098,-0.6561,-0.6581,-0.6593,-0.6596,-0.6588,-0.6567,-0.6531,-0.6478,-0.6409,-0.6323,-0.622,-0.6103,-0.5974,-0.5838,-0.5703,-0.5576,-0.5471,-0.5411,-0.5433,-0.5611,-0.6081,-0.6808,-0.6964,-0.6171,-0.5471,-0.5354,-0.5771,-0.6766,-0.779,-0.7614,-0.742,-0.7739,-0.8208,-0.8487,-0.8487,-0.8281]}]