docs/data/wind_grid.json
[{"header":{"la1":42.85,"la2":41.18,"lo1":11.55,"lo2":14.05,"nx":36,"ny":24,"dx":0.07143,"dy":0.07261,"parameterCategory":2,"parameterNumber":2,"parameterNumberName":"eastward_wind","parameterUnit":"m.s-1"},"data":[1.3747,1.36,1.3428,1.323,1.3011,1.278,1.2552,1.2341,1.2152,1.1974,1.1778,1.1532,1.1206,1.0789,1.0282,0.971,0.9119,0.8578,0.8164,0.7933,0.7901,0.8036,0.828,0.8575,0.8878,0.9165,0.9423,0.9651,0.9851,1.0028,1.0184,1.0324,1.0451,1.0567,1.0674,1.0773,1.3813,1.3652,1.3456,1.3222,1.2953,1.2661,1.2373,1.2126,1.1939,1.1798,1.1651,1.1433,1.1093,1.0607,0.9973,0.9216,0.8397,0.7628,0.7049,0.6774,0.6824,0.7122,0.7551,0.8013,0.8448,0.8831,0.9157,0.9433,0.9666,0.9866,1.004,1.0195,1.0334,1.046,1.0576,1.0684,1.3891,1.3716,1.3495,1.3215,1.2871,1.2476,1.2075,1.1747,1.1563,1.1509,1.1478,1.1341,1.1011,1.0453,0.9657,0.8636,0.7458,0.6295,0.5426,0.5098,0.5337,0.5949,0.669,0.7399,0.8007,0.8503,0.89,0.9221,0.9485,0.9706,0.9897,1.0065,1.0216,1.0352,1.0477,1.0593,1.3983,1.38,1.3555,1.3224,1.278,1.2213,1.1584,1.1062,1.0862,1.1004,1.1232,1.127,1.0989,1.036,0.937,0.7996,0.6255,0.4377,0.2938,0.2556,0.3248,0.4474,0.5726,0.6778,0.7591,0.8203,0.8665,0.9023,0.9309,0.9548,0.9752,0.9933,1.0095,1.0242,1.0376,1.05,1.4089,1.3906,1.3651,1.3281,1.2725,1.1907,1.0834,0.9814,0.9507,1.011,1.09,1.126,1.1066,1.0369,0.918,0.7393,0.4836,0.164,-0.1021,-0.1407,0.0384,0.277,0.4782,0.6243,0.7257,0.796,0.8462,0.8839,0.9137,0.9386,0.9603,0.9796,0.9969,1.0127,1.0271,1.0404,1.4203,1.4029,1.3789,1.3423,1.2806,1.1724,0.9943,0.7754,0.7011,0.8727,1.0614,1.1416,1.1289,1.0509,0.9158,0.7044,0.3597,-0.1706,-0.693,-0.7087,-0.2911,0.1268,0.4133,0.5935,0.7064,0.7792,0.829,0.8659,0.8957,0.9213,0.9442,0.9649,0.9836,1.0007,1.0162,1.0304,1.4307,1.4144,1.3943,1.3655,1.313,1.202,0.9722,0.5986,0.4332,0.7837,1.0894,1.1911,1.1686,1.0741,0.9284,0.7164,0.3485,-0.3382,-1.1649,-1.1359,-0.4545,0.0917,0.4142,0.5976,0.7039,0.7687,0.8122,0.8458,0.8748,0.9014,0.926,0.9487,0.9693,0.9879,1.0047,1.0199,1.4376,1.4195,1.4015,1.3862,1.365,1.3024,1.1365,0.8415,0.7159,1.0065,1.2346,1.2837,1.2223,1.0918,0.9247,0.747,0.4901,-0.019,-0.6695,-0.6935,-0.1897,0.2375,0.4931,0.6348,0.7124,0.7575,0.7895,0.8183,0.8473,0.8766,0.9047,0.9305,0.9537,0.9742,0.9924,1.0087,1.4392,1.4113,1.3823,1.3709,1.396,1.4296,1.4126,1.3474,1.3417,1.4207,1.4523,1.4036,1.2852,1.0861,0.8245,0.6658,0.6201,0.4491,0.19,0.1241,0.2866,0.4798,0.6124,0.6835,0.7151,0.7311,0.7488,0.7751,0.8086,0.8447,0.8793,0.9102,0.9369,0.9597,0.9794,0.9968,1.4383,1.3893,1.3191,1.263,1.3288,1.5119,1.6555,1.7226,1.7662,1.7636,1.6576,1.5255,1.3683,1.0964,0.542,0.2673,0.6141,0.7121,0.6576,0.6178,0.6412,0.6891,0.7173,0.7118,0.6854,0.665,0.671,0.7045,0.7532,0.8042,0.8501,0.8882,0.9191,0.9442,0.9653,0.9837,1.445,1.3757,1.2469,1.073,1.1388,1.5593,1.8895,2.0111,1.9846,1.9802,1.7973,1.6274,1.4882,1.2874,0.6993,0.2896,0.732,0.8546,0.8464,0.8378,0.8367,0.8243,0.7784,0.6905,0.5852,0.518,0.5261,0.5926,0.6781,0.7566,0.8191,0.8662,0.9012,0.928,0.9499,0.969,1.4709,1.407,1.2851,1.1205,1.2153,1.7258,2.2149,2.4952,2.1732,1.9844,1.8367,1.7028,1.6062,1.5592,1.3999,1.1064,1.0002,0.8718,0.8334,0.9046,0.9387,0.9074,0.7982,0.5994,0.3575,0.2188,0.2727,0.4314,0.5893,0.7093,0.7918,0.8466,0.8837,0.9104,0.932,0.9515,1.5152,1.4831,1.4365,1.4197,1.5716,1.934,2.3959,3.2982,2.2265,2.0055,1.8596,1.7853,1.712,1.6197,1.5733,1.3712,1.1043,0.6482,0.6348,0.9206,1.018,0.9806,0.8081,0.4512,-0.0516,-0.3164,-0.1018,0.2495,0.5139,0.6787,0.7757,0.832,0.866,0.8896,0.9096,0.9294,1.5643,1.5642,1.5751,1.627,1.7612,1.9722,2.1697,2.0609,2.0152,1.9863,1.904,1.8649,1.8458,1.7074,1.6152,1.4223,1.2012,0.8999,0.8505,1.0536,1.1371,1.087,0.871,0.3787,-0.4323,-0.8582,-0.391,0.165,0.5041,0.685,0.7769,0.8216,0.8445,0.8608,0.8785,0.8998,1.6056,1.624,1.6572,1.7178,1.8134,1.9296,2.0199,2.0346,2.0186,2.0275,2.0404,1.9569,1.8542,1.8871,1.6604,1.3551,1.1369,1.2041,1.211,1.2702,1.3073,1.2487,1.0323,0.5773,-0.1305,-0.5183,-0.1508,0.3166,0.5978,0.736,0.7923,0.8073,0.8089,0.8149,0.8319,0.8586,1.6344,1.6599,1.6968,1.7488,1.8149,1.8847,1.9407,1.9753,2.0176,2.1497,2.4635,2.1348,1.9639,1.7921,1.6521,1.4117,1.2415,1.3635,1.435,1.4476,1.4602,1.4147,1.2248,0.9171,0.5494,0.3458,0.4456,0.6381,0.7649,0.8129,0.8048,0.7699,0.7398,0.7361,0.7604,0.8016,1.6516,1.6781,1.7119,1.7537,1.8013,1.8494,1.8929,1.9351,2.0004,2.1458,2.3919,2.1508,1.8069,1.6769,1.6486,1.556,1.5229,1.6225,1.7059,1.6037,1.4951,1.466,1.3488,1.1755,1.0176,0.9428,0.9442,0.9542,0.9374,0.8827,0.7881,0.6777,0.6047,0.6027,0.6551,0.728,1.6601,1.6847,1.714,1.7474,1.7835,1.8198,1.8552,1.8932,1.943,2.0094,2.043,1.9333,1.7275,1.6574,1.6311,1.6008,1.6608,1.8971,2.1193,1.8353,1.6284,1.531,1.4416,1.3435,1.2888,1.3051,1.2969,1.1998,1.0742,0.925,0.7222,0.4947,0.366,0.3998,0.5196,0.6464,1.6623,1.6843,1.709,1.736,1.7641,1.7922,1.8198,1.8476,1.8757,1.897,1.8883,1.8281,1.7402,1.6641,1.5623,1.5298,1.6743,1.9034,2.0507,1.9408,1.7803,1.6439,1.5432,1.4613,1.4429,1.5509,1.5731,1.3591,1.1585,0.9479,0.6328,0.2401,0.0489,0.1724,0.3946,0.5831,1.6604,1.6796,1.7003,1.7221,1.7442,1.7658,1.7862,1.8044,1.8184,1.8224,1.8077,1.7702,1.7169,1.6539,1.5767,1.5615,1.678,1.8385,2.0129,2.0709,1.8815,1.7524,1.6588,1.5551,1.4892,1.5783,1.6045,1.3348,1.1753,0.9874,0.6346,0.1415,-0.0877,0.0926,0.3632,0.5746,1.6558,1.6722,1.6895,1.7072,1.7246,1.741,1.7556,1.7671,1.7735,1.7716,1.7584,1.7333,1.6995,1.6627,1.6336,1.6401,1.7025,1.8066,1.928,1.9654,1.9072,1.8979,1.8535,1.6839,1.4783,1.2985,1.0625,1.0905,1.1617,1.0812,0.8108,0.4118,0.1924,0.2793,0.4693,0.6366,1.6494,1.6635,1.6779,1.6922,1.7059,1.7183,1.7287,1.7359,1.7386,1.7354,1.7252,1.7086,1.6884,1.6696,1.6604,1.6717,1.7102,1.7719,1.8396,1.8943,1.991,2.2063,2.2533,1.9168,1.5244,1.1613,0.833,1.0012,1.2574,1.2569,1.0648,0.7911,0.6024,0.5788,0.6518,0.7456,1.642,1.654,1.666,1.6776,1.6884,1.6978,1.7053,1.71,1.7112,1.7082,1.7009,1.6904,1.6788,1.6698,1.6684,1.6797,1.7067,1.749,1.8053,1.8924,2.0851,2.4496,2.5571,2.1001,1.6273,1.2983,1.1384,1.2831,1.533,1.4751,1.2709,1.0553,0.8964,0.8271,0.8282,0.8636,1.634,1.6442,1.6542,1.6637,1.6723,1.6796,1.6851,1.6883,1.6889,1.6867,1.6818,1.6753,1.669,1.6652,1.6669,1.6772,1.6982,1.7318,1.7834,1.871,2.0319,2.2517,2.2892,2.0077,1.671,1.4371,1.3475,1.4318,1.5724,1.5182,1.3535,1.1908,1.066,0.9923,0.9644,0.9668]},{"header":{"la1":42.85,"la2":41.18,"lo1":11.55,"lo2":14.05,"nx":36,"ny":24,"dx":0.07143,"dy":0.07261,"parameterCategory":2,"parameterNumber":3,"parameterNumberName":"northward_wind","parameterUnit":"m.s-1"},"data":[-0.461,-0.5006,-0.5431,-0.587,-0.6291,-0.664,-0.6841,-0.6809,-0.6487,-0.5879,-0.5053,-0.4119,-0.3181,-0.2317,-0.157,-0.0952,-0.0459,-0.0073,0.0228,0.047,0.0672,0.0844,0.0993,0.112,0.1226,0.1312,0.1381,0.1433,0.1473,0.1501,0.1521,0.1533,0.154,0.1543,0.1543,0.154,-0.495,-0.5444,-0.6003,-0.6619,-0.7266,-0.7872,-0.8315,-0.843,-0.8087,-0.7273,-0.6119,-0.4829,-0.3582,-0.2485,-0.1583,-0.0876,-0.0345,0.0046,0.0335,0.0563,0.0758,0.0932,0.1087,0.1219,0.1327,0.1412,0.1477,0.1524,0.1557,0.1578,0.1591,0.1597,0.1598,0.1595,0.159,0.1582,-0.5263,-0.5861,-0.6571,-0.7412,-0.838,-0.9405,-1.0301,-1.0748,-1.0423,-0.9262,-0.7546,-0.5689,-0.3996,-0.2599,-0.1521,-0.0732,-0.0184,0.018,0.0428,0.0626,0.0815,0.1002,0.1174,0.1318,0.1432,0.1517,0.1577,0.1618,0.1643,0.1656,0.1661,0.166,0.1654,0.1645,0.1634,0.1621,-0.5526,-0.6219,-0.7082,-0.8178,-0.957,-1.1251,-1.3003,-1.421,-1.4034,-1.2213,-0.9453,-0.6672,-0.4356,-0.2601,-0.1348,-0.0503,0.0018,0.03,0.0453,0.0602,0.0806,0.1038,0.1251,0.1421,0.1545,0.1629,0.1682,0.1713,0.1728,0.1732,0.1729,0.1719,0.1706,0.1691,0.1674,0.1657,-0.5716,-0.6477,-0.746,-0.879,-1.0655,-1.3259,-1.6554,-1.9534,-1.9911,-1.6658,-1.1858,-0.7624,-0.4522,-0.2405,-0.102,-0.0175,0.025,0.0347,0.0299,0.0382,0.0678,0.1033,0.1327,0.1535,0.1668,0.1748,0.179,0.1809,0.1812,0.1805,0.1791,0.1774,0.1753,0.1731,0.1709,0.1687,-0.5821,-0.6607,-0.7632,-0.9078,-1.1293,-1.4857,-2.0434,-2.7185,-2.9262,-2.2697,-1.4212,-0.8117,-0.4273,-0.1909,-0.0501,0.0261,0.0514,0.0277,-0.0189,-0.0154,0.0434,0.103,0.1436,0.1678,0.181,0.1875,0.19,0.1902,0.189,0.1871,0.1847,0.1821,0.1793,0.1764,0.1736,0.171,-0.5849,-0.6614,-0.7578,-0.893,-1.1099,-1.4967,-2.2108,-3.3264,-3.8216,-2.6715,-1.4667,-0.7501,-0.3396,-0.1052,0.021,0.0804,0.0885,0.0305,-0.0721,-0.0669,0.0351,0.1173,0.1637,0.187,0.1973,0.2006,0.2004,0.1984,0.1957,0.1925,0.1892,0.1857,0.1823,0.1788,0.1755,0.1724,-0.5832,-0.6562,-0.7399,-0.8447,-1.0059,-1.3013,-1.8543,-2.7013,-3.0359,-2.1213,-1.1701,-0.5607,-0.1894,0.013,0.0998,0.1327,0.1418,0.0988,0.01,0.0095,0.0936,0.1613,0.1967,0.2113,0.2147,0.2128,0.209,0.2046,0.2004,0.1963,0.1922,0.1881,0.184,0.18,0.1763,0.1728,-0.5804,-0.6552,-0.7326,-0.8046,-0.8829,-1.0238,-1.2749,-1.5667,-1.6178,-1.2864,-0.7936,-0.3269,0.0027,0.1517,0.1421,0.1213,0.1783,0.2064,0.184,0.1766,0.2023,0.2273,0.238,0.2371,0.2301,0.2214,0.2135,0.2073,0.2023,0.1979,0.1934,0.1889,0.1843,0.1798,0.1756,0.1719,-0.5759,-0.6635,-0.761,-0.8365,-0.8402,-0.8271,-0.8905,-1.0315,-1.2093,-1.1625,-0.6678,-0.1216,0.2401,0.3328,0.0605,-0.1128,0.1697,0.3085,0.3316,0.3202,0.3068,0.2938,0.2775,0.258,0.2381,0.2217,0.2107,0.2044,0.2004,0.1967,0.1926,0.1879,0.1828,0.1778,0.1733,0.1693,-0.561,-0.6645,-0.8049,-0.9519,-0.9202,-0.7263,-0.6573,-0.8085,-1.4861,-1.8381,-0.7102,0.1034,0.5721,0.7251,0.2879,-0.0671,0.3014,0.4489,0.4701,0.4375,0.3912,0.3473,0.3062,0.2665,0.2312,0.2067,0.1958,0.1937,0.1939,0.1928,0.1896,0.1848,0.1792,0.1737,0.1688,0.1647,-0.5235,-0.6231,-0.7626,-0.9127,-0.8621,-0.597,-0.4336,-0.4175,-0.885,-1.2125,-0.344,0.4068,0.9568,1.4228,1.1745,0.7072,0.6052,0.6345,0.6241,0.54,0.4538,0.3826,0.3194,0.2567,0.1989,0.1651,0.1626,0.1741,0.1837,0.187,0.1849,0.1796,0.1731,0.1667,0.1614,0.1575,-0.4622,-0.5338,-0.6155,-0.6672,-0.5981,-0.4305,-0.2877,-0.1833,-0.2747,-0.2959,0.1331,0.6809,1.0681,1.6407,1.4697,0.9681,0.7701,0.7709,0.7556,0.6042,0.4842,0.3966,0.3186,0.2299,0.1333,0.0853,0.1102,0.1499,0.1734,0.1811,0.1789,0.1719,0.1634,0.1557,0.1502,0.1469,-0.3892,-0.4295,-0.4617,-0.4623,-0.4088,-0.3214,-0.2466,-0.2071,-0.1893,-0.0529,0.2862,0.8335,1.0392,1.3012,1.0899,0.9416,0.8712,0.7783,0.7175,0.5867,0.469,0.3869,0.313,0.2105,0.0713,0.0045,0.0691,0.1374,0.1697,0.1773,0.1716,0.1601,0.1481,0.1387,0.1333,0.1317,-0.3174,-0.3359,-0.3434,-0.3305,-0.2939,-0.2452,-0.2021,-0.1682,-0.1208,-0.0448,0.0691,0.3463,0.6562,0.6457,0.8307,0.9757,1.2023,0.8582,0.656,0.5152,0.4009,0.3488,0.3098,0.2313,0.1148,0.0533,0.1007,0.1549,0.1774,0.1762,0.1614,0.1414,0.1234,0.1122,0.1085,0.1105,-0.2533,-0.259,-0.2556,-0.24,-0.2126,-0.179,-0.1458,-0.1163,-0.1041,-0.1929,-0.5431,-0.1783,0.1422,0.5062,0.6306,0.8505,1.046,0.7832,0.5843,0.4297,0.2715,0.2792,0.3063,0.2707,0.2102,0.173,0.1786,0.1933,0.1932,0.1752,0.1442,0.1095,0.0825,0.0706,0.0724,0.0822,-0.1983,-0.1967,-0.1884,-0.1722,-0.149,-0.1219,-0.0951,-0.0763,-0.0901,-0.2072,-0.4748,-0.1976,0.1065,0.2084,0.4163,0.5627,0.6368,0.5784,0.5002,0.4155,0.2561,0.2748,0.3167,0.2998,0.2691,0.2492,0.2411,0.2321,0.2109,0.1714,0.1148,0.0544,0.014,0.0064,0.0224,0.0469,-0.1516,-0.1458,-0.1349,-0.1186,-0.0977,-0.0742,-0.0515,-0.0362,-0.0408,-0.0765,-0.0966,0.0104,0.1314,0.1748,0.2706,0.3318,0.4413,0.4627,0.4105,0.4839,0.4256,0.3721,0.3456,0.3166,0.2959,0.2878,0.2824,0.2665,0.2301,0.1656,0.0699,-0.0356,-0.0952,-0.0846,-0.0388,0.0089,-0.1119,-0.1037,-0.0914,-0.0752,-0.0557,-0.0341,-0.0129,0.0046,0.0153,0.0229,0.0475,0.1053,0.166,0.1946,0.1134,0.0676,0.3343,0.4883,0.5442,0.7419,0.6056,0.4481,0.3575,0.3148,0.3043,0.3038,0.3035,0.2984,0.255,0.1654,0.0217,-0.1498,-0.2314,-0.1819,-0.0939,-0.0212,-0.0782,-0.0684,-0.0555,-0.0395,-0.0208,-0.0004,0.0206,0.0408,0.0602,0.0819,0.1121,0.1519,0.1889,0.197,0.1322,0.1221,0.3364,0.59,1.0354,1.2345,0.7432,0.4427,0.3085,0.2795,0.3035,0.3156,0.3164,0.3463,0.2916,0.1822,0.0147,-0.1943,-0.2879,-0.2163,-0.1103,-0.0291,-0.0494,-0.0388,-0.0256,-0.0098,0.0082,0.0279,0.0487,0.0702,0.0927,0.1177,0.1466,0.1783,0.2067,0.2225,0.2259,0.2639,0.3839,0.5754,0.8399,0.901,0.5746,0.2559,0.1266,0.1758,0.2884,0.4052,0.5357,0.4802,0.3334,0.2089,0.0707,-0.0926,-0.1792,-0.146,-0.0732,-0.0099,-0.0247,-0.0137,-0.0004,0.0149,0.0322,0.0512,0.0715,0.093,0.1158,0.1405,0.167,0.1945,0.2205,0.2436,0.2686,0.3111,0.3834,0.4784,0.5548,0.5006,0.227,-0.16,-0.2729,-0.0294,0.23,0.4563,0.6674,0.5351,0.2994,0.2027,0.1294,0.0358,-0.0304,-0.0374,-0.0092,0.0261,-0.0036,0.0076,0.0207,0.0356,0.0521,0.0702,0.0897,0.1103,0.1322,0.1553,0.1795,0.2042,0.2285,0.2528,0.2795,0.3126,0.3524,0.3863,0.3804,0.2731,-0.0101,-0.4476,-0.5624,-0.1898,0.1432,0.3508,0.4446,0.3253,0.1504,0.1518,0.1497,0.1081,0.0656,0.0467,0.0501,0.0645,0.0145,0.0257,0.0384,0.0527,0.0685,0.0856,0.1039,0.1234,0.1437,0.165,0.1869,0.2089,0.2309,0.2529,0.2751,0.2975,0.3162,0.3198,0.2864,0.1833,-0.0188,-0.27,-0.3294,-0.1213,0.1065,0.2475,0.2881,0.2167,0.1287,0.1401,0.1549,0.1397,0.1155,0.0987,0.0934,0.0967]}]