docs/data/wind_grid.json
[{"header":{"la1":42.85,"la2":41.18,"lo1":11.55,"lo2":14.05,"nx":36,"ny":24,"dx":0.07143,"dy":0.07261,"parameterCategory":2,"parameterNumber":2,"parameterNumberName":"eastward_wind","parameterUnit":"m.s-1"},"data":[4.0566,4.0432,4.0278,4.0106,3.992,3.9727,3.9537,3.9357,3.9189,3.9025,3.885,3.8646,3.8398,3.8099,3.7751,3.7367,3.6974,3.6614,3.633,3.6153,3.6091,3.6125,3.6221,3.6345,3.6473,3.6589,3.6684,3.6758,3.6809,3.6842,3.6859,3.6864,3.686,3.6851,3.6838,3.6826,4.066,4.0513,4.0338,4.0136,3.9914,3.9681,3.9454,3.9251,3.908,3.893,3.8773,3.8577,3.8316,3.7974,3.7549,3.7055,3.653,3.604,3.5665,3.5466,3.545,3.5575,3.5774,3.5993,3.6197,3.6368,3.6501,3.6599,3.6665,3.6705,3.6725,3.6729,3.6723,3.671,3.6695,3.6679,4.0774,4.0612,4.0413,4.0174,3.9898,3.9601,3.931,3.9066,3.8893,3.878,3.8672,3.8508,3.8245,3.7859,3.7338,3.6691,3.5961,3.5253,3.4723,3.4499,3.4588,3.4883,3.5254,3.5611,3.5913,3.615,3.6324,3.6445,3.6523,3.6568,3.6587,3.6587,3.6576,3.6558,3.6537,3.6518,4.0913,4.074,4.0516,4.0231,3.9882,3.9482,3.9074,3.874,3.8563,3.8532,3.8532,3.8442,3.8198,3.7772,3.7141,3.6289,3.5241,3.415,3.3334,3.3094,3.3419,3.4034,3.4677,3.5223,3.5644,3.595,3.6162,3.6302,3.6387,3.643,3.6444,3.6436,3.6416,3.639,3.6363,3.6339,4.1087,4.0909,4.0664,4.0333,3.9895,3.9343,3.8719,3.8182,3.7975,3.8127,3.8346,3.8389,3.819,3.7738,3.7,3.5907,3.4402,3.2638,3.1257,3.1041,3.1896,3.3079,3.4112,3.4882,3.5421,3.5787,3.6026,3.6175,3.6257,3.6292,3.6294,3.6273,3.624,3.6202,3.6166,3.6136,4.1302,4.1133,4.0884,4.0521,3.9999,3.9267,3.831,3.7341,3.7016,3.7554,3.8155,3.8375,3.8233,3.7776,3.6971,3.5677,3.3661,3.088,2.8448,2.8371,3.0244,3.2245,3.3702,3.4662,3.5282,3.5678,3.5923,3.6065,3.6134,3.615,3.6132,3.6092,3.6041,3.5988,3.594,3.5903,4.1564,4.1424,4.1199,4.0844,4.0292,3.9444,3.8191,3.6678,3.612,3.7169,3.8113,3.8439,3.8327,3.7883,3.7089,3.5767,3.3529,2.9988,2.6442,2.6559,2.9433,3.1987,3.3629,3.4634,3.5251,3.563,3.5854,3.597,3.6011,3.5999,3.5952,3.5885,3.581,3.5738,3.5676,3.5631,4.1872,4.1785,4.1622,4.1336,4.0852,4.0063,3.8871,3.7457,3.6909,3.7642,3.8312,3.8562,3.8437,3.8009,3.7299,3.6176,3.4317,3.14,2.8419,2.8327,3.0544,3.2598,3.3952,3.4796,3.5318,3.5633,3.5807,3.588,3.588,3.5829,3.5743,3.564,3.5535,3.544,3.5362,3.531,4.2217,4.2208,4.2148,4.1997,4.1685,4.1108,4.0176,3.9027,3.8173,3.798,3.8342,3.8634,3.8492,3.8037,3.7428,3.6609,3.5387,3.3723,3.2181,3.183,3.2627,3.3656,3.448,3.5055,3.5431,3.5656,3.5765,3.5783,3.5731,3.5627,3.5492,3.5344,3.5201,3.5077,3.4983,3.4925,4.2581,4.2668,4.2745,4.2789,4.2747,4.2491,4.1738,3.9996,3.7213,3.6085,3.7672,3.8642,3.8414,3.7752,3.7224,3.6727,3.593,3.4904,3.4083,3.3807,3.4032,3.4479,3.4923,3.5278,3.5524,3.5664,3.5707,3.5663,3.5547,3.5379,3.5181,3.4974,3.4783,3.4626,3.4515,3.4456,4.2939,4.3128,4.3356,4.3634,4.3959,4.4252,4.4098,4.1873,3.4277,3.0771,3.6985,3.8971,3.8114,3.6672,3.634,3.6431,3.5751,3.4512,3.3835,3.3988,3.4407,3.4797,3.5117,3.5368,3.5542,3.5626,3.5612,3.5504,3.5316,3.5067,3.4786,3.4504,3.4252,3.4056,3.3931,3.388,4.3262,4.3541,4.3907,4.4406,4.5121,4.6167,4.7584,4.8061,4.1255,3.5831,3.9405,4.0308,3.779,3.371,3.4457,3.6056,3.5029,3.1988,3.1249,3.2902,3.4105,3.4687,3.5025,3.5279,3.5456,3.5526,3.5474,3.53,3.5022,3.4668,3.4277,3.3893,3.3563,3.3322,3.3189,3.3165,4.3526,4.3867,4.4322,4.4958,4.5905,4.7407,4.9836,5.2701,4.9813,4.422,4.3038,4.338,4.0698,3.2819,3.3952,3.6698,3.4685,2.7343,2.7125,3.1832,3.3657,3.4221,3.4598,3.4975,3.5258,3.5371,3.5297,3.5049,3.4656,3.4159,3.3612,3.3084,3.2649,3.2359,3.2236,3.2268,4.3716,4.4083,4.4563,4.5213,4.6135,4.7477,4.9329,5.1118,4.9742,4.6263,4.5152,4.6563,4.6678,4.2574,3.9728,3.8824,3.6873,3.1606,3.0363,3.2698,3.3002,3.2985,3.3611,3.4418,3.498,3.5197,3.5105,3.4761,3.4212,3.351,3.2733,3.1992,3.1408,3.1069,3.0994,3.1142,4.3833,4.4193,4.4644,4.5218,4.5953,4.6861,4.7821,4.832,4.7631,4.6692,4.6622,4.6551,4.5699,4.6619,4.2854,4.0149,3.8829,3.7601,3.5667,3.3366,2.9951,2.9534,3.1746,3.3696,3.4739,3.5079,3.4944,3.4462,3.3694,3.2692,3.1558,3.0481,2.9684,2.9314,2.9368,2.9737,4.3885,4.4218,4.4614,4.5082,4.562,4.6186,4.6667,4.6884,4.6889,4.7392,4.8984,4.8686,4.7503,4.5937,4.4149,4.1534,3.9887,4.0308,3.8776,3.2104,2.1108,2.2899,2.9681,3.3313,3.4768,3.5122,3.4874,3.4199,3.313,3.1681,2.9975,2.8342,2.7231,2.6899,2.7257,2.8026,4.3889,4.4187,4.4525,4.49,4.5299,4.5688,4.6021,4.6287,4.6643,4.7465,4.8772,4.8397,4.8827,4.9041,4.61,4.4383,4.379,4.5046,4.4918,3.589,2.0351,2.2756,3.0486,3.4057,3.5249,3.5395,3.4985,3.4061,3.2583,3.0489,2.786,2.5284,2.3723,2.3634,2.4626,2.6065,4.3858,4.4122,4.441,4.4718,4.5033,4.5342,4.5634,4.5935,4.6326,4.688,4.7419,4.7769,4.9042,4.9333,4.7854,4.7472,4.7338,5.1373,5.6206,4.6454,3.605,3.3113,3.4654,3.577,3.599,3.5924,3.5478,3.4162,3.2112,2.9198,2.5211,2.1113,1.8997,1.9598,2.171,2.4093,4.3805,4.4038,4.4287,4.4547,4.4813,4.5078,4.5345,4.5632,4.5966,4.6349,4.6731,4.7143,4.7708,4.8262,5.0198,5.1141,4.914,5.1692,5.4441,5.0728,4.4976,4.0477,3.8509,3.7354,3.6484,3.6761,3.674,3.4298,3.1528,2.8018,2.2628,1.6662,1.4087,1.5837,1.929,2.2595,4.3736,4.3943,4.4162,4.4387,4.4618,4.4853,4.5094,4.535,4.5628,4.5928,4.6245,4.6604,4.7082,4.7955,4.9808,5.0427,4.9129,5.015,5.3144,5.4343,4.851,4.3828,4.0959,3.8458,3.6272,3.6429,3.6564,3.2444,3.0166,2.7253,2.1692,1.5026,1.2322,1.4585,1.8529,2.2133,4.3656,4.3842,4.4035,4.4234,4.4437,4.4645,4.4859,4.5083,4.5319,4.5569,4.584,4.6154,4.6574,4.7207,4.7997,4.83,4.8225,4.9038,5.0954,5.1242,4.8033,4.528,4.318,3.985,3.5462,3.0965,2.5532,2.6089,2.7948,2.7042,2.3102,1.7958,1.5509,1.6857,1.9873,2.2895,4.3569,4.3735,4.3907,4.4083,4.4264,4.4447,4.4635,4.4829,4.5031,4.5242,4.5471,4.573,4.6047,4.643,4.6806,4.7029,4.7199,4.7622,4.816,4.7949,4.7039,4.7226,4.6908,4.253,3.5738,2.7638,2.0654,2.3045,2.6806,2.7386,2.5361,2.2325,2.0492,2.0799,2.2471,2.4514,4.3475,4.3624,4.3777,4.3934,4.4093,4.4255,4.4419,4.4586,4.4756,4.4933,4.5119,4.5321,4.5543,4.5776,4.5983,4.6133,4.6258,4.641,4.6509,4.6455,4.684,4.8859,4.958,4.4717,3.7536,3.0496,2.5939,2.6093,2.7843,2.8363,2.7409,2.5788,2.4599,2.4458,2.5216,2.6423,4.3376,4.351,4.3647,4.3785,4.3925,4.4066,4.4208,4.435,4.4492,4.4636,4.4782,4.4932,4.5081,4.5222,4.5337,4.5415,4.5462,4.5485,4.5484,4.5552,4.6079,4.7272,4.7233,4.3895,3.8807,3.3971,3.077,2.974,2.9836,2.979,2.9186,2.8267,2.7517,2.7275,2.7572,2.8235]},{"header":{"la1":42.85,"la2":41.18,"lo1":11.55,"lo2":14.05,"nx":36,"ny":24,"dx":0.07143,"dy":0.07261,"parameterCategory":2,"parameterNumber":3,"parameterNumberName":"northward_wind","parameterUnit":"m.s-1"},"data":[-0.5366,-0.5512,-0.5675,-0.5853,-0.6041,-0.6231,-0.6412,-0.6577,-0.6724,-0.6861,-0.7006,-0.7181,-0.7405,-0.7687,-0.8026,-0.8405,-0.879,-0.9131,-0.9374,-0.9479,-0.9431,-0.9246,-0.8956,-0.8597,-0.8198,-0.7779,-0.7354,-0.6931,-0.6517,-0.6114,-0.5727,-0.5358,-0.501,-0.4683,-0.4379,-0.41,-0.5322,-0.5483,-0.5669,-0.5878,-0.6105,-0.6338,-0.6557,-0.6745,-0.6892,-0.7009,-0.7128,-0.7289,-0.7525,-0.7856,-0.8285,-0.8794,-0.9337,-0.9834,-1.019,-1.0332,-1.024,-0.9955,-0.9542,-0.9061,-0.8553,-0.804,-0.7536,-0.7045,-0.6571,-0.6117,-0.5685,-0.5277,-0.4895,-0.454,-0.4213,-0.3915,-0.5257,-0.5434,-0.5647,-0.5896,-0.6179,-0.648,-0.6767,-0.6998,-0.7142,-0.7213,-0.7269,-0.7385,-0.7616,-0.7996,-0.8538,-0.9229,-1.0014,-1.0768,-1.1311,-1.1495,-1.13,-1.083,-1.0221,-0.9568,-0.892,-0.8296,-0.7701,-0.7134,-0.6596,-0.6087,-0.5607,-0.5157,-0.4739,-0.4354,-0.4004,-0.3688,-0.5165,-0.5356,-0.5596,-0.5894,-0.6254,-0.6662,-0.7074,-0.7399,-0.7546,-0.752,-0.7444,-0.7461,-0.7658,-0.808,-0.8754,-0.9691,-1.0847,-1.2039,-1.2913,-1.3134,-1.2699,-1.1888,-1.0973,-1.0088,-0.9273,-0.8525,-0.7833,-0.7187,-0.6581,-0.6013,-0.5482,-0.4988,-0.4533,-0.4118,-0.3744,-0.3411,-0.5039,-0.5235,-0.5498,-0.5845,-0.6299,-0.6866,-0.7502,-0.8044,-0.8227,-0.7998,-0.7663,-0.7503,-0.7625,-0.8069,-0.8877,-1.011,-1.1798,-1.3742,-1.5239,-1.5455,-1.4476,-1.3066,-1.1721,-1.0564,-0.9573,-0.8702,-0.7914,-0.7188,-0.6514,-0.5884,-0.53,-0.476,-0.4266,-0.3821,-0.3424,-0.3076,-0.4869,-0.5058,-0.5327,-0.5708,-0.6249,-0.7002,-0.7982,-0.8975,-0.9296,-0.866,-0.7879,-0.7468,-0.7481,-0.7916,-0.8824,-1.0333,-1.2632,-1.5688,-1.8296,-1.8377,-1.6363,-1.4113,-1.2309,-1.0911,-0.9776,-0.88,-0.7927,-0.7125,-0.638,-0.5688,-0.5047,-0.4459,-0.3926,-0.345,-0.3031,-0.267,-0.465,-0.4812,-0.5058,-0.5434,-0.6009,-0.6882,-0.8158,-0.9692,-1.0261,-0.9112,-0.7918,-0.7297,-0.7188,-0.7577,-0.8519,-1.016,-1.2804,-1.6702,-2.0424,-2.0308,-1.7332,-1.4554,-1.2549,-1.1057,-0.9851,-0.8806,-0.786,-0.6985,-0.6169,-0.541,-0.4709,-0.407,-0.3495,-0.2989,-0.2551,-0.2182,-0.4385,-0.4494,-0.4678,-0.4988,-0.5501,-0.6325,-0.7547,-0.8961,-0.9491,-0.8678,-0.7688,-0.6974,-0.6717,-0.7023,-0.7941,-0.9551,-1.1998,-1.5359,-1.8487,-1.8605,-1.6383,-1.4149,-1.2408,-1.1009,-0.9807,-0.8719,-0.7708,-0.6759,-0.5867,-0.5035,-0.4269,-0.3574,-0.2956,-0.2419,-0.1966,-0.1593,-0.4081,-0.4111,-0.4191,-0.4366,-0.4713,-0.5348,-0.6371,-0.7639,-0.8597,-0.8677,-0.7726,-0.6589,-0.6029,-0.6218,-0.7136,-0.8753,-1.0937,-1.333,-1.5179,-1.5595,-1.474,-1.3443,-1.2126,-1.0876,-0.9691,-0.8558,-0.7473,-0.6438,-0.5458,-0.4544,-0.3703,-0.2946,-0.2282,-0.1717,-0.1252,-0.0886,-0.3757,-0.3688,-0.3628,-0.3601,-0.3672,-0.3997,-0.4926,-0.709,-1.061,-1.1798,-0.8776,-0.6099,-0.5011,-0.5096,-0.6119,-0.8048,-1.0594,-1.3007,-1.447,-1.4756,-1.4189,-1.3186,-1.2016,-1.0794,-0.9562,-0.8343,-0.7153,-0.6009,-0.4924,-0.3911,-0.2984,-0.2156,-0.1442,-0.0849,-0.0381,-0.0034,-0.344,-0.3266,-0.3046,-0.2768,-0.2442,-0.217,-0.2455,-0.528,-1.498,-1.9511,-0.9858,-0.4917,-0.3517,-0.3632,-0.4823,-0.7502,-1.1471,-1.5347,-1.7026,-1.6411,-1.5017,-1.3587,-1.2206,-1.0832,-0.9451,-0.8077,-0.6737,-0.5451,-0.4236,-0.3105,-0.2074,-0.1163,-0.0392,0.0225,0.0684,0.0992,-0.3161,-0.2895,-0.2528,-0.2007,-0.1242,-0.0103,0.145,0.1905,-0.6346,-1.2733,-0.634,-0.227,-0.1646,-0.2294,-0.3356,-0.714,-1.3948,-2.207,-2.3827,-1.9962,-1.6617,-1.4399,-1.2644,-1.099,-0.935,-0.7739,-0.6192,-0.4728,-0.3357,-0.2084,-0.0927,0.0088,0.0927,0.1564,0.1995,0.2233,-0.2947,-0.262,-0.2162,-0.1491,-0.0457,0.1226,0.3996,0.7292,0.3989,-0.1915,-0.1278,0.2459,0.192,-0.1856,-0.2704,-0.757,-1.6965,-3.2535,-3.2904,-2.2922,-1.7898,-1.533,-1.3296,-1.1259,-0.9223,-0.7274,-0.5462,-0.3791,-0.2242,-0.0801,0.0519,0.1672,0.2597,0.3248,0.3617,0.3735,-0.2814,-0.247,-0.1995,-0.1317,-0.0317,0.119,0.3326,0.5422,0.3831,0.0129,0.0554,0.738,0.9182,0.2243,-0.2901,-1.0132,-1.823,-2.6312,-2.741,-2.1464,-1.8533,-1.676,-1.4407,-1.1663,-0.8989,-0.6579,-0.446,-0.2577,-0.0846,0.0794,0.2336,0.3693,0.4742,0.5393,0.564,0.5555,-0.2761,-0.2439,-0.2013,-0.1444,-0.0684,0.0288,0.1329,0.1797,0.0661,-0.1105,-0.1407,0.0322,0.055,-0.1509,-0.4364,-1.6723,-2.7438,-2.0749,-1.9219,-1.9379,-2.1329,-2.0528,-1.6451,-1.2101,-0.8438,-0.5473,-0.3067,-0.1031,0.0851,0.2732,0.4609,0.6303,0.7547,0.8165,0.8175,0.7743,-0.2776,-0.25,-0.2158,-0.174,-0.1253,-0.0754,-0.0415,-0.0562,-0.1446,-0.2927,-0.4931,-0.3454,-0.2634,-0.2655,-0.5821,-1.517,-2.288,-1.692,-1.4958,-1.9949,-3.0587,-2.8061,-1.8717,-1.1896,-0.7147,-0.3696,-0.116,0.0858,0.2806,0.4996,0.7433,0.973,1.1296,1.1787,1.1332,1.0316,-0.2837,-0.2617,-0.2364,-0.2085,-0.1807,-0.1591,-0.155,-0.1817,-0.2472,-0.3532,-0.4839,-0.3907,-0.3071,-0.3161,-0.5333,-0.8918,-1.1069,-0.9191,-0.8383,-1.6067,-3.1382,-2.8151,-1.7299,-0.9857,-0.4677,-0.1041,0.1294,0.2979,0.4853,0.7472,1.0877,1.4283,1.6363,1.6471,1.5124,1.3181,-0.2923,-0.2757,-0.258,-0.2406,-0.226,-0.2187,-0.2243,-0.2476,-0.2888,-0.3399,-0.3743,-0.3592,-0.3201,-0.3314,-0.4701,-0.5757,-0.5885,-0.2603,0.0849,-0.5841,-1.4341,-1.5775,-1.1315,-0.6031,-0.1216,0.2314,0.4005,0.5013,0.6716,0.99,1.4831,2.0127,2.2891,2.2059,1.9212,1.6004,-0.3018,-0.2898,-0.2779,-0.2675,-0.2606,-0.2597,-0.2674,-0.2849,-0.3103,-0.3373,-0.3564,-0.3633,-0.3696,-0.4029,-0.4529,-0.4591,-0.4094,-0.1301,0.1018,0.0399,-0.3962,-0.6614,-0.5502,-0.2159,0.2031,0.5156,0.5877,0.6554,0.8245,1.1858,1.8455,2.6116,2.947,2.7144,2.2549,1.8136,-0.3111,-0.3026,-0.2949,-0.289,-0.2863,-0.2881,-0.2955,-0.3085,-0.3256,-0.3437,-0.3596,-0.3734,-0.3902,-0.4156,-0.4404,-0.438,-0.3416,-0.0724,0.4608,0.6839,0.0818,-0.2035,-0.1715,0.0574,0.3971,0.6148,0.6515,0.8453,0.9799,1.2901,1.9768,2.8293,3.1796,2.8831,2.3633,1.886,-0.3195,-0.3136,-0.3087,-0.3056,-0.3051,-0.3079,-0.3144,-0.3244,-0.337,-0.3506,-0.364,-0.3771,-0.3908,-0.4037,-0.4078,-0.3827,-0.2859,-0.0713,0.2537,0.3536,0.1147,0.0089,0.0585,0.2212,0.5414,0.9435,1.3786,1.3191,1.1617,1.2975,1.7988,2.4543,2.7674,2.5903,2.1947,1.7961,-0.3266,-0.3226,-0.3196,-0.3181,-0.3186,-0.3216,-0.3271,-0.3349,-0.3444,-0.3546,-0.3649,-0.3743,-0.3819,-0.3844,-0.3748,-0.34,-0.2616,-0.1316,0.0122,0.0775,0.0824,0.1513,0.204,0.2879,0.6121,1.1953,1.7517,1.5539,1.2452,1.2385,1.5122,1.8992,2.13,2.0861,1.8654,1.5954,-0.3324,-0.3296,-0.3278,-0.3272,-0.3282,-0.3309,-0.3353,-0.3412,-0.3482,-0.3554,-0.3622,-0.3674,-0.3692,-0.3646,-0.3484,-0.3134,-0.253,-0.1691,-0.0791,0.0007,0.0969,0.2256,0.2567,0.289,0.5484,0.9824,1.3186,1.2956,1.1483,1.1271,1.2617,1.4669,1.613,1.6249,1.521,1.3592,-0.3369,-0.3349,-0.3338,-0.3336,-0.3346,-0.3368,-0.3401,-0.3443,-0.349,-0.3534,-0.3569,-0.3582,-0.3556,-0.3466,-0.3277,-0.295,-0.2461,-0.1823,-0.1081,-0.0239,0.0787,0.1812,0.2257,0.2796,0.4558,0.7157,0.9222,0.9848,0.9688,0.9807,1.0567,1.167,1.254,1.2763,1.2302,1.1374]}]