docs/data/wind_grid.json
[{"header":{"la1":42.85,"la2":41.18,"lo1":11.55,"lo2":14.05,"nx":36,"ny":24,"dx":0.07143,"dy":0.07261,"parameterCategory":2,"parameterNumber":2,"parameterNumberName":"eastward_wind","parameterUnit":"m.s-1"},"data":[1.8555,1.8599,1.8665,1.8751,1.8847,1.8937,1.8997,1.8999,1.8919,1.8748,1.8488,1.8152,1.7749,1.7286,1.6768,1.6208,1.563,1.5075,1.4587,1.4203,1.3944,1.3816,1.3814,1.3918,1.4095,1.4304,1.4517,1.4716,1.4895,1.5054,1.5193,1.5318,1.5429,1.5531,1.5625,1.5713,1.8504,1.856,1.8652,1.8782,1.8943,1.9114,1.9256,1.932,1.9262,1.9067,1.875,1.8339,1.7854,1.7297,1.6665,1.5962,1.5218,1.4495,1.3874,1.3412,1.3126,1.3013,1.3072,1.3281,1.3578,1.3896,1.4193,1.4453,1.4674,1.4861,1.5022,1.5162,1.5286,1.5399,1.5502,1.5599,1.8413,1.8474,1.8591,1.8776,1.9029,1.9328,1.9615,1.9797,1.978,1.9534,1.9112,1.8589,1.8,1.7337,1.657,1.568,1.4694,1.3713,1.29,1.2368,1.2088,1.2004,1.2151,1.2528,1.3011,1.3477,1.3875,1.4197,1.4457,1.467,1.4849,1.5003,1.5139,1.5262,1.5375,1.5479,1.827,1.832,1.8452,1.8695,1.9071,1.9572,2.0127,2.0555,2.0619,2.0243,1.9603,1.8898,1.8186,1.7417,1.6509,1.5384,1.4031,1.2601,1.1471,1.0952,1.0839,1.0792,1.1031,1.1686,1.2444,1.3091,1.3589,1.3964,1.4253,1.4483,1.4675,1.484,1.4986,1.5119,1.5241,1.5354,1.8062,1.8071,1.8186,1.8473,1.8995,1.9798,2.0848,2.1841,2.2098,2.1351,2.0225,1.923,1.8391,1.7552,1.6533,1.5149,1.3251,1.0942,0.9068,0.8826,0.9547,0.9584,0.9832,1.0919,1.2007,1.2808,1.3366,1.3763,1.406,1.4296,1.4494,1.4668,1.4824,1.4967,1.5099,1.5222,1.7783,1.7701,1.7737,1.8013,1.8668,1.9837,2.1681,2.3964,2.4769,2.2946,2.0827,1.9469,1.8573,1.7754,1.6717,1.5151,1.2612,0.8683,0.4556,0.4883,0.8345,0.9112,0.9322,1.0688,1.1884,1.2687,1.3217,1.3586,1.3865,1.4096,1.4298,1.448,1.4648,1.4803,1.4946,1.508,1.7453,1.721,1.7052,1.7204,1.793,1.9374,2.189,2.5886,2.7736,2.4018,2.0878,1.944,1.8691,1.8025,1.7116,1.5619,1.2843,0.7507,-0.0319,0.0336,0.751,0.9718,1.0285,1.1233,1.21,1.2701,1.3102,1.3395,1.3638,1.386,1.4069,1.4267,1.4451,1.4622,1.478,1.4927,1.7128,1.6674,1.6176,1.602,1.6805,1.8308,2.0444,2.3496,2.4806,2.1987,1.9825,1.9073,1.8758,1.8351,1.7663,1.6541,1.4416,1.0314,0.5018,0.5501,0.9593,1.0891,1.1438,1.1961,1.2403,1.2704,1.2917,1.3113,1.3325,1.3555,1.379,1.4017,1.4228,1.4421,1.4597,1.476,1.6905,1.6303,1.5518,1.4996,1.5885,1.7206,1.8314,1.9035,1.8813,1.7979,1.8,1.8557,1.8892,1.8709,1.8043,1.7338,1.636,1.4312,1.195,1.1193,1.1201,1.1408,1.2102,1.2442,1.2513,1.2483,1.2495,1.2622,1.2854,1.3143,1.3442,1.3723,1.3975,1.4198,1.4396,1.4576,1.6842,1.6237,1.5581,1.525,1.5654,1.6494,1.6837,1.5964,1.3632,1.2903,1.5758,1.821,1.9302,1.9214,1.7708,1.6782,1.759,1.7015,1.5573,1.3842,1.2209,1.2202,1.2735,1.2642,1.2181,1.1738,1.1583,1.176,1.2144,1.2593,1.3018,1.3386,1.3694,1.3952,1.4174,1.4373,1.6922,1.632,1.5545,1.4521,1.4769,1.6103,1.6309,1.4697,0.8505,0.5136,1.3953,1.8511,2.0205,2.0437,1.8618,1.7102,1.885,1.9066,1.8212,1.6601,1.496,1.4058,1.3405,1.2325,1.0949,0.993,0.9773,1.0325,1.1136,1.1907,1.2536,1.302,1.339,1.3683,1.3927,1.4145,1.7138,1.6571,1.5755,1.4723,1.5012,1.6344,1.6663,1.6145,1.2636,1.0042,1.5974,1.974,2.1383,2.2259,2.1695,2.0787,2.0886,2.1228,2.0741,1.894,1.7005,1.5332,1.3534,1.1022,0.7953,0.601,0.6447,0.8169,0.9877,1.1164,1.2052,1.2655,1.3074,1.3388,1.3648,1.3883,1.7484,1.7067,1.6575,1.621,1.6457,1.7019,1.7144,1.7115,1.6839,1.6916,1.9146,2.1169,2.2025,2.2774,2.2629,2.243,2.2417,2.3238,2.3009,2.0312,1.7938,1.5758,1.3079,0.8684,0.2227,-0.1504,0.1272,0.5609,0.8685,1.0552,1.1658,1.2322,1.2746,1.3053,1.3316,1.357,1.7903,1.7659,1.744,1.736,1.7503,1.7689,1.7637,1.7419,1.7793,1.9259,2.0965,2.2027,2.2211,2.2152,2.2903,2.3644,2.3503,2.3081,2.2408,2.0183,1.7636,1.5388,1.2603,0.6969,-0.3442,-0.9585,-0.2974,0.4148,0.8193,1.0317,1.1433,1.2028,1.2374,1.2634,1.2893,1.3177,1.833,1.8216,1.815,1.8172,1.8287,1.842,1.8507,1.8706,1.9531,2.1098,2.2484,2.298,2.2899,2.3013,2.333,2.4012,2.5183,2.3529,2.1785,1.8889,1.5256,1.3649,1.2484,0.8312,0.0079,-0.4956,-0.0215,0.5496,0.8843,1.0554,1.1361,1.1701,1.1865,1.2043,1.2312,1.2666,1.8729,1.8705,1.8727,1.8813,1.8966,1.9177,1.9478,2.0018,2.1042,2.2649,2.444,2.4621,2.4143,2.3694,2.3832,2.4328,2.492,2.3874,2.1936,1.6883,0.8318,0.9374,1.2431,1.1208,0.7612,0.5249,0.6327,0.8573,1.0215,1.1053,1.1276,1.1159,1.1028,1.1123,1.1479,1.1995,1.9086,1.9125,1.9207,1.9346,1.9553,1.9844,2.0265,2.0903,2.1858,2.3144,2.44,2.4514,2.5359,2.5852,2.4994,2.5023,2.5041,2.5116,2.4325,1.8575,0.7491,0.9237,1.3569,1.3698,1.2157,1.0918,1.0713,1.1104,1.148,1.1461,1.0925,1.0095,0.9533,0.9643,1.0297,1.1151,1.94,1.9483,1.9608,1.9787,2.0033,2.0366,2.0816,2.1421,2.2193,2.3062,2.3827,2.4501,2.5785,2.6384,2.7151,2.7813,2.6984,2.8029,3.0094,2.5063,1.8711,1.6472,1.6589,1.5803,1.4217,1.2767,1.2193,1.2275,1.2246,1.1616,1.0138,0.8144,0.6964,0.7426,0.8793,1.0224,1.967,1.9784,1.9938,2.0143,2.0409,2.0751,2.1185,2.1721,2.235,2.3027,2.371,2.4471,2.5476,2.7141,3.2026,3.4143,2.9221,2.9016,3.0426,3.0031,2.5656,2.1869,1.9673,1.7562,1.4834,1.1891,1.1203,1.2418,1.2695,1.1708,0.9178,0.5474,0.3535,0.4925,0.7395,0.9491,1.99,2.0034,2.0206,2.0423,2.0693,2.1026,2.1429,2.1903,2.2441,2.3029,2.3672,2.4439,2.5522,2.752,3.1396,3.2663,2.954,2.9632,3.4326,3.6755,2.9534,2.5114,2.2397,1.9453,1.574,1.18,1.0982,1.2963,1.3277,1.2134,0.9119,0.441,0.2047,0.4021,0.7002,0.9341,2.009,2.0237,2.0418,2.0637,2.0903,2.1218,2.1588,2.2011,2.2486,2.3013,2.3607,2.4324,2.528,2.6644,2.8234,2.8811,2.8414,2.9167,3.1855,3.2678,2.9608,2.7716,2.6037,2.2411,1.7986,1.4937,1.4481,1.4447,1.4061,1.3005,1.0626,0.7023,0.4959,0.5961,0.8064,0.9934,2.0246,2.0399,2.0582,2.0798,2.1052,2.1347,2.1684,2.2064,2.2488,2.2958,2.3487,2.4102,2.4841,2.5696,2.6501,2.6977,2.7256,2.7884,2.888,2.9372,2.9862,3.2449,3.2892,2.6945,2.0483,1.644,1.5052,1.4989,1.4529,1.3879,1.2526,1.0454,0.8966,0.8961,0.9889,1.1012,2.0371,2.0525,2.0705,2.0914,2.1153,2.1426,2.1733,2.2074,2.245,2.2863,2.3319,2.3826,2.4384,2.4965,2.5494,2.5912,2.6285,2.6768,2.7412,2.8351,3.0776,3.6371,3.8171,3.0242,2.2522,1.7954,1.5951,1.5101,1.4316,1.4243,1.3735,1.265,1.1689,1.1365,1.163,1.2187,2.0468,2.062,2.0794,2.0993,2.1216,2.1467,2.1744,2.2049,2.238,2.2739,2.3125,2.3538,2.3969,2.4398,2.4796,2.5151,2.55,2.5914,2.65,2.754,2.9701,3.302,3.3537,2.8712,2.3099,1.9183,1.686,1.5279,1.4293,1.4373,1.4327,1.3837,1.3283,1.2977,1.2989,1.3231]},{"header":{"la1":42.85,"la2":41.18,"lo1":11.55,"lo2":14.05,"nx":36,"ny":24,"dx":0.07143,"dy":0.07261,"parameterCategory":2,"parameterNumber":3,"parameterNumberName":"northward_wind","parameterUnit":"m.s-1"},"data":[0.5026,0.5108,0.516,0.518,0.5171,0.5134,0.5071,0.4981,0.4864,0.4722,0.4564,0.4404,0.4255,0.4124,0.4017,0.3928,0.3847,0.3756,0.3636,0.3474,0.3274,0.3049,0.2813,0.257,0.2325,0.2079,0.1839,0.1611,0.1397,0.12,0.1022,0.0861,0.0718,0.059,0.0478,0.038,0.532,0.5429,0.5498,0.5525,0.5515,0.5475,0.5409,0.5313,0.5178,0.5005,0.4808,0.4611,0.4435,0.4294,0.4193,0.4129,0.4086,0.4031,0.3924,0.3738,0.3486,0.3205,0.2925,0.2647,0.2366,0.2085,0.1813,0.1556,0.132,0.1107,0.0916,0.0748,0.0599,0.047,0.0357,0.0259,0.5664,0.5813,0.5906,0.5938,0.592,0.5873,0.581,0.5718,0.5569,0.535,0.509,0.4835,0.4621,0.4466,0.438,0.4361,0.4392,0.4418,0.4348,0.411,0.3741,0.3358,0.3028,0.2718,0.2399,0.2076,0.1764,0.1477,0.1218,0.0988,0.0787,0.0612,0.0461,0.033,0.0219,0.0124,0.6075,0.629,0.6422,0.6453,0.6405,0.6334,0.6285,0.6232,0.6084,0.5791,0.542,0.5072,0.4803,0.4632,0.4567,0.4619,0.4787,0.5,0.5047,0.4695,0.4025,0.343,0.3075,0.2768,0.241,0.2036,0.1681,0.1361,0.108,0.0838,0.0629,0.0451,0.0299,0.0171,0.0063,-0.0028,0.657,0.6904,0.7113,0.7137,0.7005,0.6855,0.6832,0.6912,0.6824,0.6382,0.5797,0.5306,0.4971,0.4782,0.4739,0.488,0.5274,0.5912,0.637,0.5811,0.433,0.3252,0.3016,0.2779,0.2373,0.1939,0.1542,0.1195,0.0898,0.0647,0.0436,0.0259,0.0112,-0.0011,-0.0113,-0.0196,0.7159,0.7721,0.8119,0.8149,0.7804,0.7414,0.738,0.7794,0.7934,0.7136,0.6163,0.5497,0.5109,0.4913,0.4882,0.5083,0.5735,0.7181,0.9007,0.831,0.4982,0.3043,0.295,0.2705,0.2229,0.1748,0.1323,0.0962,0.066,0.0411,0.0204,0.0035,-0.0104,-0.0217,-0.0308,-0.0381,0.7802,0.8791,0.9682,0.9855,0.9018,0.7994,0.7708,0.8481,0.901,0.7652,0.6324,0.5592,0.5217,0.5045,0.5012,0.5169,0.5843,0.7896,1.1881,1.1308,0.5756,0.3381,0.2834,0.2407,0.191,0.1429,0.1006,0.0651,0.0359,0.0122,-0.0069,-0.0224,-0.0348,-0.0447,-0.0525,-0.0585,0.833,0.9958,1.2021,1.2941,1.0938,0.8564,0.762,0.7905,0.8141,0.7127,0.6146,0.5595,0.5331,0.5241,0.5232,0.5239,0.5462,0.6599,0.8738,0.7649,0.3586,0.2284,0.2118,0.1832,0.1415,0.0977,0.0583,0.0254,-0.001,-0.022,-0.0387,-0.0518,-0.0622,-0.0702,-0.0762,-0.0806,0.84,1.0437,1.4005,1.6891,1.2538,0.8618,0.7234,0.6923,0.6761,0.6361,0.5912,0.5609,0.5512,0.5586,0.5771,0.5696,0.516,0.487,0.4734,0.3211,0.0449,0.061,0.1263,0.1168,0.0808,0.0407,0.0053,-0.023,-0.0448,-0.0616,-0.0746,-0.0847,-0.0923,-0.098,-0.102,-0.1043,0.7782,0.9207,1.1432,1.2803,0.9312,0.7358,0.6678,0.6456,0.6383,0.6247,0.5902,0.5715,0.5817,0.6095,0.6792,0.7157,0.5301,0.3846,0.2949,0.1939,0.0744,0.0632,0.0756,0.0507,0.0106,-0.0283,-0.0587,-0.0802,-0.0951,-0.1059,-0.1142,-0.1205,-0.125,-0.128,-0.1296,-0.1297,0.6774,0.7131,0.6528,0.3558,0.3784,0.5765,0.6301,0.6446,0.6605,0.674,0.6011,0.5883,0.6357,0.6875,0.7061,0.7228,0.4785,0.2724,0.1625,0.1137,0.0769,0.0482,0.0169,-0.0265,-0.074,-0.1124,-0.135,-0.1454,-0.1505,-0.1539,-0.1566,-0.1587,-0.1599,-0.1601,-0.159,-0.1567,0.588,0.5787,0.4903,0.3158,0.3494,0.5404,0.6496,0.703,0.6692,0.6392,0.5819,0.6005,0.7173,0.913,0.7937,0.5622,0.3271,0.0514,-0.0517,-0.0133,-0.0062,-0.0288,-0.0676,-0.1198,-0.1768,-0.2152,-0.2228,-0.2158,-0.2083,-0.2036,-0.2008,-0.1988,-0.1967,-0.1939,-0.1901,-0.1851,0.5248,0.5167,0.482,0.4437,0.4717,0.5658,0.6833,0.7945,0.718,0.5808,0.5367,0.6159,0.7161,1.0055,0.8579,0.496,0.2259,-0.3095,-0.3538,-0.1346,-0.1039,-0.1262,-0.1632,-0.2179,-0.2896,-0.3301,-0.312,-0.283,-0.2642,-0.2531,-0.2459,-0.2404,-0.2354,-0.2297,-0.223,-0.215,0.4779,0.4775,0.4709,0.4701,0.4936,0.5487,0.6328,0.7171,0.6534,0.4833,0.4401,0.659,0.7428,0.5769,0.5254,0.4955,0.2807,-0.1076,-0.2272,-0.1813,-0.2109,-0.2445,-0.2641,-0.2993,-0.3662,-0.4033,-0.3694,-0.3359,-0.3159,-0.3022,-0.2918,-0.2835,-0.276,-0.2678,-0.2579,-0.2464,0.4375,0.4403,0.4416,0.4465,0.4608,0.487,0.5188,0.5246,0.4422,0.29,0.1922,0.2439,0.2958,0.1117,0.3464,0.4682,-0.1503,-0.0532,-0.1506,-0.2686,-0.396,-0.4225,-0.3805,-0.3648,-0.3829,-0.3967,-0.392,-0.3829,-0.3692,-0.3531,-0.3391,-0.3286,-0.3195,-0.309,-0.2956,-0.2797,0.3996,0.4017,0.4027,0.404,0.4068,0.4088,0.4006,0.3602,0.2584,0.0753,-0.1829,-0.1668,-0.0428,0.0793,0.132,0.0626,-0.1581,-0.1464,-0.2538,-0.4445,-0.7325,-0.6772,-0.504,-0.442,-0.4392,-0.4515,-0.464,-0.4604,-0.437,-0.4087,-0.3877,-0.376,-0.3674,-0.3551,-0.3369,-0.3148,0.3631,0.3628,0.3605,0.3562,0.3488,0.3347,0.3061,0.2504,0.1529,0.0005,-0.1786,-0.1639,-0.2919,-0.3666,-0.1363,-0.1284,-0.1947,-0.3151,-0.4451,-0.5522,-0.7952,-0.7309,-0.5666,-0.5248,-0.5601,-0.6199,-0.6422,-0.5983,-0.525,-0.4651,-0.4339,-0.4262,-0.4233,-0.4091,-0.3826,-0.351,0.3283,0.325,0.3191,0.3096,0.2951,0.2724,0.2366,0.1818,0.1041,0.0082,-0.0814,-0.1645,-0.3704,-0.449,-0.4362,-0.4973,-0.4392,-0.5642,-0.729,-0.6261,-0.6296,-0.6176,-0.5817,-0.6098,-0.7435,-0.9465,-0.9928,-0.8093,-0.6164,-0.5061,-0.4699,-0.4806,-0.493,-0.4732,-0.4309,-0.3853,0.2955,0.2895,0.2803,0.2671,0.2484,0.222,0.1853,0.136,0.074,0.0029,-0.0728,-0.1632,-0.2873,-0.4634,-0.9632,-1.1852,-0.6807,-0.6374,-0.7324,-0.7452,-0.6684,-0.6198,-0.616,-0.6874,-0.942,-1.4731,-1.5918,-1.0199,-0.6464,-0.5043,-0.4855,-0.5365,-0.5726,-0.5369,-0.4711,-0.4107,0.2652,0.2568,0.2453,0.2296,0.2087,0.1813,0.1458,0.1016,0.0486,-0.0123,-0.0822,-0.1685,-0.2894,-0.5021,-0.9053,-1.0382,-0.7168,-0.6662,-0.8729,-0.9749,-0.7572,-0.6804,-0.6744,-0.7153,-0.9206,-1.5164,-1.6604,-0.8167,-0.5021,-0.4368,-0.4667,-0.5555,-0.606,-0.5589,-0.483,-0.4184,0.2373,0.2273,0.214,0.1969,0.1751,0.1478,0.1142,0.0738,0.0263,-0.0287,-0.0932,-0.1727,-0.2785,-0.4263,-0.5956,-0.6601,-0.6159,-0.6414,-0.7724,-0.8299,-0.7745,-0.7968,-0.8055,-0.7284,-0.6418,-0.4642,0.1276,0.0485,-0.2149,-0.3258,-0.404,-0.4909,-0.5379,-0.5123,-0.4577,-0.4058,0.212,0.2007,0.1864,0.1685,0.1466,0.12,0.0882,0.0508,0.0074,-0.0426,-0.1008,-0.17,-0.2535,-0.35,-0.4414,-0.4984,-0.5295,-0.579,-0.6555,-0.7283,-0.8456,-1.0852,-1.1509,-0.8566,-0.484,0.0728,0.8118,0.4228,-0.1055,-0.2591,-0.3343,-0.4004,-0.4399,-0.4391,-0.4132,-0.3802,0.1892,0.177,0.1621,0.144,0.1223,0.0966,0.0666,0.0319,-0.0078,-0.0531,-0.1047,-0.1635,-0.2294,-0.2992,-0.3649,-0.4197,-0.4685,-0.5254,-0.5999,-0.7102,-0.9314,-1.3318,-1.4498,-0.9949,-0.5189,-0.0915,0.1928,0.0019,-0.2601,-0.2754,-0.2997,-0.3413,-0.3714,-0.3799,-0.3707,-0.3521,0.1687,0.156,0.1407,0.1227,0.1015,0.0769,0.0487,0.0165,-0.0199,-0.0607,-0.1062,-0.1564,-0.2105,-0.2663,-0.3207,-0.3723,-0.4242,-0.4834,-0.5599,-0.6746,-0.8651,-1.1142,-1.1644,-0.8859,-0.547,-0.2796,-0.147,-0.1994,-0.287,-0.2848,-0.2909,-0.3135,-0.3329,-0.3411,-0.3381,-0.3274]}]