docs/data/wind_grid.json
[{"header":{"la1":42.85,"la2":41.18,"lo1":11.55,"lo2":14.05,"nx":36,"ny":24,"dx":0.07143,"dy":0.07261,"parameterCategory":2,"parameterNumber":2,"parameterNumberName":"eastward_wind","parameterUnit":"m.s-1"},"data":[-0.1441,-0.1467,-0.1472,-0.1457,-0.1428,-0.1393,-0.136,-0.1338,-0.1333,-0.1354,-0.141,-0.1509,-0.1656,-0.1847,-0.2073,-0.2311,-0.253,-0.269,-0.2751,-0.2698,-0.2553,-0.2369,-0.2205,-0.2087,-0.2007,-0.1944,-0.1882,-0.1814,-0.1738,-0.1658,-0.1577,-0.1498,-0.1422,-0.1351,-0.1284,-0.1222,-0.1601,-0.1636,-0.1638,-0.161,-0.1558,-0.1496,-0.1437,-0.1391,-0.1363,-0.1364,-0.1407,-0.1509,-0.1679,-0.1919,-0.2216,-0.2546,-0.2862,-0.3094,-0.3164,-0.3029,-0.2727,-0.2388,-0.214,-0.2021,-0.198,-0.1957,-0.1918,-0.1857,-0.1781,-0.1695,-0.1607,-0.1521,-0.144,-0.1363,-0.1293,-0.1228,-0.1811,-0.1865,-0.1869,-0.1822,-0.1735,-0.1634,-0.1542,-0.1468,-0.1411,-0.1376,-0.139,-0.1483,-0.1676,-0.1972,-0.2364,-0.2828,-0.3305,-0.368,-0.3784,-0.3485,-0.2841,-0.2169,-0.1807,-0.1776,-0.1872,-0.1942,-0.1948,-0.1901,-0.1822,-0.1729,-0.1633,-0.1539,-0.1451,-0.137,-0.1297,-0.123,-0.2089,-0.2183,-0.2201,-0.2129,-0.1985,-0.182,-0.1687,-0.1596,-0.1509,-0.1412,-0.136,-0.1422,-0.1629,-0.1988,-0.2498,-0.315,-0.3897,-0.4574,-0.4823,-0.4235,-0.2807,-0.1346,-0.0889,-0.1254,-0.169,-0.1926,-0.1989,-0.1951,-0.1864,-0.1759,-0.1652,-0.155,-0.1456,-0.1371,-0.1295,-0.1226,-0.2454,-0.2633,-0.2698,-0.2597,-0.2348,-0.2064,-0.188,-0.1823,-0.1739,-0.1518,-0.1319,-0.1308,-0.152,-0.1942,-0.2577,-0.3462,-0.463,-0.5953,-0.6763,-0.5828,-0.2708,0.0689,0.0935,-0.0562,-0.1571,-0.198,-0.2069,-0.2015,-0.1906,-0.1783,-0.1663,-0.1552,-0.1453,-0.1365,-0.1287,-0.1218,-0.2921,-0.3274,-0.3476,-0.3366,-0.2917,-0.2375,-0.2093,-0.2225,-0.228,-0.1751,-0.1236,-0.111,-0.1326,-0.1807,-0.2547,-0.3644,-0.532,-0.781,-1.0355,-0.9458,-0.3955,0.2138,0.1972,-0.0583,-0.1821,-0.2192,-0.2205,-0.2091,-0.1942,-0.1794,-0.166,-0.1542,-0.1439,-0.135,-0.1273,-0.1205,-0.3465,-0.4145,-0.472,-0.4723,-0.3886,-0.2776,-0.2193,-0.2602,-0.3011,-0.1878,-0.0955,-0.0766,-0.103,-0.1574,-0.2368,-0.3539,-0.5474,-0.8934,-1.3894,-1.3394,-0.7367,-0.2639,-0.142,-0.2188,-0.2573,-0.2551,-0.2371,-0.2157,-0.1957,-0.1784,-0.1638,-0.1517,-0.1414,-0.1327,-0.1252,-0.1186,-0.3966,-0.5129,-0.6544,-0.7115,-0.5487,-0.3275,-0.1997,-0.1926,-0.2046,-0.0951,-0.0208,-0.0218,-0.0636,-0.1277,-0.2085,-0.3136,-0.48,-0.7605,-1.0981,-1.1153,-0.9987,-0.836,-0.571,-0.4207,-0.342,-0.2888,-0.2484,-0.2171,-0.1929,-0.1742,-0.1594,-0.1475,-0.1377,-0.1295,-0.1225,-0.1164,-0.4181,-0.5681,-0.8072,-0.9904,-0.6935,-0.3528,-0.1504,-0.0371,0.047,0.1131,0.1064,0.0514,-0.0178,-0.0983,-0.1878,-0.2713,-0.3892,-0.5755,-0.7814,-0.9926,-1.385,-1.2698,-0.8059,-0.5305,-0.3845,-0.2993,-0.2452,-0.2091,-0.1841,-0.166,-0.1524,-0.1417,-0.133,-0.1258,-0.1195,-0.1139,-0.3946,-0.5192,-0.688,-0.7839,-0.5671,-0.3082,-0.0852,0.1185,0.3536,0.4399,0.2779,0.1296,0.0319,-0.0658,-0.2021,-0.2712,-0.3397,-0.4983,-0.6657,-0.8762,-1.1829,-1.1117,-0.7616,-0.5119,-0.3638,-0.2756,-0.2224,-0.1896,-0.1685,-0.154,-0.1433,-0.1348,-0.1277,-0.1217,-0.1163,-0.1114,-0.34,-0.4191,-0.4861,-0.4996,-0.4605,-0.2576,-0.0458,0.1833,0.7012,0.9585,0.4262,0.1825,0.0862,0.0105,-0.1519,-0.2621,-0.357,-0.5706,-0.7049,-0.7452,-0.7809,-0.7261,-0.5648,-0.4056,-0.291,-0.2199,-0.1807,-0.1599,-0.1478,-0.1395,-0.1331,-0.1275,-0.1224,-0.1177,-0.1133,-0.1091,-0.2762,-0.3304,-0.3885,-0.4518,-0.4061,-0.1991,-0.0654,-0.0015,0.3567,0.6361,0.3476,0.1916,0.1378,0.1409,0.0398,-0.177,-0.4748,-0.97,-1.1006,-0.8174,-0.6189,-0.497,-0.3838,-0.2764,-0.191,-0.1417,-0.1257,-0.1243,-0.1252,-0.125,-0.1236,-0.1211,-0.118,-0.1145,-0.1109,-0.1072,-0.2108,-0.2444,-0.2768,-0.2902,-0.2324,-0.1247,-0.097,-0.1838,-0.0481,0.2044,0.2357,0.1981,0.1717,0.1844,0.104,-0.179,-0.5888,-1.8997,-1.9525,-0.9441,-0.5249,-0.3421,-0.2389,-0.1593,-0.0896,-0.0558,-0.0689,-0.0913,-0.1061,-0.1139,-0.1169,-0.1169,-0.1151,-0.1124,-0.1092,-0.106,-0.1478,-0.1624,-0.1688,-0.1552,-0.1119,-0.0632,-0.0611,-0.1086,-0.0275,0.1722,0.2514,0.2226,0.2017,0.187,-0.0074,-0.2686,-0.4559,-1.1518,-1.3071,-0.6877,-0.3237,-0.1649,-0.1042,-0.0703,-0.0277,-0.002,-0.0339,-0.0724,-0.0968,-0.1099,-0.1154,-0.1162,-0.1144,-0.1115,-0.1084,-0.1053,-0.0914,-0.0928,-0.0855,-0.0652,-0.0325,0.0009,0.0218,0.0478,0.1428,0.3018,0.4078,0.368,0.2773,0.2867,-0.0258,-0.3162,-0.7437,-0.5356,-0.46,-0.2213,0.0095,0.0759,0.0415,0.0012,-0.0153,-0.0148,-0.04,-0.0763,-0.1024,-0.1162,-0.1206,-0.1193,-0.1154,-0.1112,-0.1077,-0.1048,-0.0433,-0.0368,-0.0231,-0.0007,0.0294,0.0641,0.1047,0.1668,0.2817,0.4866,0.8104,0.6084,0.4524,0.2699,0.0751,-0.2466,-0.5379,-0.2458,-0.0248,0.1668,0.3872,0.3437,0.1862,0.0759,0.0051,-0.0363,-0.0716,-0.1049,-0.1267,-0.1351,-0.1328,-0.1245,-0.1156,-0.1094,-0.1059,-0.1038,-0.0033,0.0079,0.0249,0.0486,0.0791,0.1169,0.166,0.2367,0.3469,0.5258,0.7645,0.6198,0.4822,0.4402,0.3013,0.1651,0.0989,0.2515,0.4271,0.4371,0.4688,0.4224,0.2734,0.1322,0.0138,-0.0752,-0.133,-0.1634,-0.1735,-0.1677,-0.1495,-0.1264,-0.1086,-0.1013,-0.1007,-0.1017,0.0297,0.0436,0.0624,0.0869,0.1176,0.1559,0.2046,0.2684,0.352,0.4514,0.5244,0.5121,0.4956,0.518,0.6731,0.7445,0.6022,0.7327,0.9393,0.7678,0.6002,0.4749,0.3324,0.1586,-0.0239,-0.1748,-0.2464,-0.2576,-0.245,-0.2136,-0.1653,-0.113,-0.0822,-0.0805,-0.0904,-0.0983,0.0568,0.0722,0.0919,0.1163,0.1463,0.1827,0.2268,0.2798,0.3407,0.4024,0.4508,0.4845,0.5414,0.7339,1.4251,1.7268,1.0085,0.9345,1.0916,1.2789,0.9649,0.6554,0.4223,0.1775,-0.0983,-0.3241,-0.3781,-0.3723,-0.3419,-0.2753,-0.1791,-0.0761,-0.0296,-0.0489,-0.0789,-0.0964,0.0789,0.0951,0.1149,0.1388,0.1672,0.2007,0.2396,0.2838,0.3319,0.3809,0.4294,0.4869,0.5895,0.8343,1.3588,1.5327,1.1025,1.1277,1.817,2.1694,1.3125,0.8457,0.5588,0.24,-0.1332,-0.3902,-0.4359,-0.5325,-0.4804,-0.3643,-0.2169,-0.0626,-0.0016,-0.0379,-0.0797,-0.101,0.097,0.1133,0.1328,0.1556,0.1822,0.2127,0.2472,0.2854,0.3267,0.3709,0.4205,0.4845,0.584,0.7476,0.9528,1.031,0.9875,1.1118,1.5034,1.6376,1.2645,1.0304,0.8344,0.4301,-0.1028,-0.6021,-1.0488,-0.9421,-0.6677,-0.487,-0.3153,-0.1511,-0.0733,-0.081,-0.1036,-0.115,0.1115,0.1277,0.1465,0.1682,0.1928,0.2206,0.2516,0.2856,0.3226,0.3635,0.4108,0.4698,0.5483,0.6484,0.7495,0.815,0.8627,0.964,1.115,1.1878,1.2181,1.4483,1.4753,0.83,0.0217,-0.7665,-1.4399,-1.1526,-0.782,-0.6266,-0.4524,-0.2875,-0.1882,-0.1516,-0.1411,-0.1348,0.1232,0.139,0.1569,0.1773,0.2002,0.2256,0.2536,0.2843,0.3179,0.3552,0.3978,0.4482,0.5081,0.5756,0.642,0.6998,0.7573,0.832,0.9233,1.0317,1.2712,1.8239,2.0033,1.155,0.2288,-0.4804,-0.8857,-0.865,-0.85,-0.7728,-0.5686,-0.3893,-0.2732,-0.2092,-0.1745,-0.153,0.1324,0.1476,0.1647,0.1838,0.2049,0.2282,0.2537,0.2815,0.3118,0.3453,0.3826,0.4247,0.4717,0.5219,0.5722,0.6212,0.6725,0.7326,0.8087,0.9241,1.1439,1.4762,1.5196,0.9874,0.3208,-0.2064,-0.5352,-0.7171,-0.8539,-0.7853,-0.5912,-0.4243,-0.3107,-0.239,-0.194,-0.1641]},{"header":{"la1":42.85,"la2":41.18,"lo1":11.55,"lo2":14.05,"nx":36,"ny":24,"dx":0.07143,"dy":0.07261,"parameterCategory":2,"parameterNumber":3,"parameterNumberName":"northward_wind","parameterUnit":"m.s-1"},"data":[-0.4998,-0.4851,-0.4682,-0.4491,-0.4283,-0.4076,-0.3892,-0.376,-0.3699,-0.3706,-0.3754,-0.3804,-0.3825,-0.3795,-0.3711,-0.3579,-0.3419,-0.3255,-0.3112,-0.3009,-0.2955,-0.2951,-0.2993,-0.3073,-0.3184,-0.3315,-0.3457,-0.3604,-0.3752,-0.3896,-0.4036,-0.417,-0.4297,-0.4418,-0.4532,-0.4638,-0.5011,-0.4843,-0.464,-0.4398,-0.412,-0.3824,-0.355,-0.3358,-0.3295,-0.3361,-0.3504,-0.3647,-0.3731,-0.3727,-0.3633,-0.3462,-0.3243,-0.3016,-0.2824,-0.2699,-0.2648,-0.266,-0.2727,-0.2839,-0.2986,-0.3154,-0.333,-0.3506,-0.3679,-0.3844,-0.4002,-0.4152,-0.4293,-0.4425,-0.4548,-0.4662,-0.5038,-0.4848,-0.461,-0.4307,-0.3928,-0.3483,-0.3036,-0.271,-0.2631,-0.2818,-0.3147,-0.346,-0.3652,-0.369,-0.3581,-0.3349,-0.3036,-0.2706,-0.2442,-0.2303,-0.2283,-0.2335,-0.2437,-0.2588,-0.278,-0.2992,-0.3207,-0.3417,-0.3616,-0.3804,-0.398,-0.4146,-0.43,-0.4444,-0.4576,-0.4699,-0.5079,-0.4872,-0.4604,-0.4239,-0.3731,-0.3048,-0.2256,-0.1607,-0.1461,-0.1912,-0.2633,-0.3254,-0.3615,-0.3711,-0.3578,-0.3255,-0.2789,-0.2278,-0.1891,-0.1774,-0.1879,-0.2028,-0.2161,-0.2344,-0.2583,-0.2843,-0.3099,-0.3342,-0.3569,-0.3779,-0.3974,-0.4155,-0.4322,-0.4477,-0.462,-0.475,-0.5134,-0.4915,-0.4632,-0.423,-0.3597,-0.2575,-0.1113,0.0358,0.0749,-0.0365,-0.1938,-0.3086,-0.3675,-0.383,-0.3662,-0.3216,-0.2515,-0.1654,-0.098,-0.0963,-0.1482,-0.1895,-0.1999,-0.2151,-0.2419,-0.2723,-0.3018,-0.3292,-0.3543,-0.3773,-0.3986,-0.4182,-0.4363,-0.4529,-0.4681,-0.4819,-0.5194,-0.4958,-0.4675,-0.4301,-0.3643,-0.2296,0.024,0.3688,0.4926,0.2018,-0.1264,-0.3121,-0.3913,-0.4096,-0.3885,-0.3313,-0.2312,-0.0822,0.0662,0.0538,-0.0947,-0.1934,-0.1968,-0.2028,-0.2308,-0.2646,-0.2973,-0.3273,-0.3544,-0.3792,-0.402,-0.4231,-0.4425,-0.4602,-0.4763,-0.4908,-0.5252,-0.4961,-0.464,-0.4361,-0.3939,-0.2655,0.0635,0.6733,0.9665,0.3662,-0.1422,-0.3626,-0.4401,-0.4537,-0.4299,-0.3668,-0.2464,-0.0381,0.2351,0.2171,-0.0123,-0.1275,-0.1647,-0.1883,-0.2237,-0.2617,-0.2971,-0.3289,-0.3576,-0.3838,-0.408,-0.4304,-0.4511,-0.4701,-0.4871,-0.5022,-0.5325,-0.4905,-0.4354,-0.4056,-0.4251,-0.3807,-0.1546,0.2951,0.4994,0.0422,-0.3276,-0.4709,-0.5109,-0.5132,-0.4946,-0.439,-0.3216,-0.1336,0.072,0.0908,0.0379,-0.0118,-0.1002,-0.1677,-0.22,-0.2639,-0.3015,-0.3344,-0.3639,-0.3912,-0.4167,-0.4406,-0.4627,-0.4829,-0.5009,-0.5166,-0.549,-0.4961,-0.3977,-0.317,-0.4367,-0.5249,-0.4947,-0.4043,-0.4096,-0.5395,-0.6084,-0.6049,-0.5857,-0.5789,-0.5896,-0.5619,-0.4368,-0.2739,-0.1273,-0.0063,0.1676,0.1245,-0.0511,-0.1588,-0.225,-0.2727,-0.3107,-0.3434,-0.3732,-0.4014,-0.4284,-0.454,-0.4779,-0.4995,-0.5185,-0.5348,-0.5824,-0.5456,-0.4801,-0.4393,-0.5608,-0.6819,-0.7831,-0.8817,-1.0266,-1.0659,-0.8791,-0.7176,-0.6412,-0.6314,-0.7212,-0.7772,-0.5448,-0.3588,-0.2268,-0.0885,0.0733,0.0521,-0.0837,-0.1805,-0.2435,-0.2886,-0.3242,-0.3552,-0.3848,-0.414,-0.4431,-0.4711,-0.4973,-0.5208,-0.541,-0.5575,-0.6265,-0.6203,-0.6285,-0.6779,-0.7009,-0.8286,-1.0268,-1.1941,-1.4462,-1.585,-1.0668,-0.7693,-0.6669,-0.6549,-0.7154,-0.7812,-0.5228,-0.3657,-0.2783,-0.197,-0.1241,-0.1155,-0.1648,-0.2229,-0.272,-0.3101,-0.3404,-0.3683,-0.3976,-0.4289,-0.4612,-0.493,-0.5225,-0.5484,-0.5697,-0.5863,-0.6678,-0.6786,-0.6967,-0.71,-0.7527,-0.9744,-1.2846,-1.494,-1.4566,-1.397,-1.0067,-0.7424,-0.6733,-0.7519,-0.6584,-0.4955,-0.3711,-0.3217,-0.2987,-0.2507,-0.2098,-0.1988,-0.2201,-0.2602,-0.3028,-0.3347,-0.3568,-0.3805,-0.4104,-0.4458,-0.4838,-0.5214,-0.5558,-0.5847,-0.6071,-0.6229,-0.7009,-0.721,-0.7476,-0.7863,-0.8838,-1.1129,-1.4619,-1.7852,-1.5822,-1.1832,-0.869,-0.691,-0.6193,-0.7887,-0.6379,-0.256,-0.1815,-0.3317,-0.3441,-0.2549,-0.2147,-0.2072,-0.2319,-0.2803,-0.3339,-0.3627,-0.371,-0.3893,-0.4226,-0.4655,-0.5129,-0.5596,-0.6011,-0.6339,-0.6566,-0.6699,-0.725,-0.7516,-0.7891,-0.848,-0.9532,-1.1317,-1.3785,-1.6027,-1.4642,-1.0585,-0.7832,-0.6953,-0.6265,-0.0098,-0.1591,0.2129,0.1329,-0.1507,-0.2464,-0.1976,-0.149,-0.1445,-0.197,-0.2774,-0.3577,-0.3875,-0.3786,-0.3941,-0.4347,-0.4902,-0.5525,-0.6134,-0.6651,-0.7022,-0.7233,-0.7308,-0.7396,-0.7685,-0.808,-0.8646,-0.9467,-1.0572,-1.1764,-1.2338,-1.1226,-0.9123,-0.7565,-0.6127,-0.3143,0.1627,-0.0024,0.3409,0.5651,0.0957,-0.1142,-0.0845,0.0541,0.0464,-0.1017,-0.2398,-0.335,-0.3712,-0.3714,-0.3942,-0.4477,-0.523,-0.6091,-0.6928,-0.7596,-0.8002,-0.8146,-0.8096,-0.7454,-0.7725,-0.8072,-0.8514,-0.9055,-0.9636,-1.0068,-1.0022,-0.9322,-0.8568,-0.9029,-0.655,-0.5376,-0.3115,-0.1853,0.1037,0.3503,0.014,-0.1444,0.0455,0.578,0.4438,0.0252,-0.1898,-0.2831,-0.3195,-0.3389,-0.3798,-0.4573,-0.566,-0.6926,-0.8152,-0.9049,-0.9444,-0.9398,-0.9099,-0.7445,-0.7676,-0.7948,-0.826,-0.8586,-0.8865,-0.8988,-0.8848,-0.8493,-0.8318,-0.8824,-0.7662,-0.8458,-0.8992,-0.5287,-0.3297,-0.2424,-0.3326,-0.3838,-0.0808,0.6422,0.4735,0.0088,-0.1887,-0.2392,-0.2351,-0.2491,-0.3233,-0.4516,-0.6191,-0.816,-1.0089,-1.1344,-1.1573,-1.1069,-1.0307,-0.7392,-0.7577,-0.7779,-0.7988,-0.8179,-0.8309,-0.8331,-0.8221,-0.8036,-0.7912,-0.7871,-0.7915,-0.9413,-0.9884,-0.8684,-0.828,-0.6514,-0.6571,-0.7613,-0.5146,-0.1619,-0.0807,-0.1963,-0.2465,-0.1791,-0.0432,-0.0217,-0.191,-0.423,-0.6801,-0.9874,-1.3077,-1.488,-1.4521,-1.3078,-1.1593,-0.7315,-0.7458,-0.7605,-0.7744,-0.7857,-0.792,-0.7915,-0.7843,-0.774,-0.7663,-0.7663,-0.7872,-0.8498,-0.9627,-1.3899,-1.5905,-0.9723,-0.795,-0.8343,-0.8755,-0.6554,-0.4854,-0.4221,-0.3333,-0.0978,0.3253,0.4173,-0.0203,-0.4017,-0.7408,-1.1694,-1.6753,-1.9234,-1.7653,-1.4888,-1.2627,-0.7229,-0.7339,-0.7446,-0.754,-0.761,-0.7644,-0.7638,-0.7597,-0.7547,-0.7525,-0.7585,-0.7822,-0.8411,-0.9884,-1.3337,-1.4395,-1.0437,-0.9198,-1.1746,-1.3248,-0.9373,-0.7463,-0.6437,-0.4812,-0.1663,0.3675,0.4868,-0.1007,-0.4647,-0.7845,-1.2329,-1.8225,-2.1027,-1.8789,-1.5494,-1.2986,-0.7144,-0.7229,-0.7307,-0.7373,-0.7421,-0.7444,-0.7443,-0.7427,-0.7413,-0.7431,-0.7523,-0.7757,-0.8244,-0.9151,-1.0333,-1.0542,-0.9583,-0.9389,-1.0691,-1.1254,-1.0155,-1.0034,-0.9622,-0.7479,-0.458,-0.2845,-0.4463,-0.501,-0.6093,-0.8109,-1.1224,-1.5442,-1.7803,-1.6738,-1.4495,-1.2536,-0.7063,-0.713,-0.719,-0.7239,-0.7274,-0.7294,-0.7301,-0.7302,-0.7312,-0.7351,-0.7448,-0.7642,-0.7972,-0.8439,-0.8885,-0.9016,-0.8896,-0.9024,-0.9579,-1.022,-1.1515,-1.4541,-1.5331,-1.127,-0.739,-0.6072,-0.6916,-0.6757,-0.7616,-0.8563,-0.9932,-1.2085,-1.3668,-1.3693,-1.2742,-1.1597,-0.699,-0.7044,-0.7091,-0.713,-0.7159,-0.7179,-0.7192,-0.7204,-0.7227,-0.7274,-0.7362,-0.7509,-0.7723,-0.7981,-0.8216,-0.8362,-0.8478,-0.8735,-0.9281,-1.037,-1.2967,-1.7998,-1.9511,-1.3883,-0.9184,-0.7248,-0.7057,-0.7908,-0.944,-0.9329,-0.9384,-1.0245,-1.1134,-1.1435,-1.1158,-1.0596,-0.6925,-0.6969,-0.7008,-0.704,-0.7067,-0.7087,-0.7104,-0.7124,-0.7153,-0.7201,-0.7276,-0.7387,-0.7533,-0.7701,-0.7868,-0.8027,-0.8221,-0.8545,-0.9139,-1.0273,-1.2434,-1.5427,-1.607,-1.293,-0.9718,-0.8078,-0.78,-0.8612,-0.9677,-0.9464,-0.9171,-0.9416,-0.9834,-1.0069,-1.002,-0.9759]}]