docs/data/wind_grid.json
{"header": {"la1":42.1,"la2":41.55,"lo1":12.1,"lo2":12.95,"nx":50,"ny":50,"dx":0.01735,"dy":0.01122,"parameterCategory":2,"parameterNumber":3,"parameterNumberName":"northward_wind","parameterUnit":"m.s-1"}, "data":
[rows 0 to 39 of 50, columns 0 to 49 of 50]
-3.6785,-3.6789,-3.6793,-3.6799,-3.6805,-3.6813,-3.6821,-3.6829,-3.6839,-3.6849,-3.6859,-3.687,-3.688,-3.6891,-3.6902,-3.6913,-3.6925,-3.6937,-3.695,-3.6964,-3.698,-3.6999,-3.7019,-3.704,-3.7062,-3.7084,-3.7104,-3.712,-3.7129,-3.7131,-3.7123,-3.7103,-3.7071,-3.7028,-3.6974,-3.6913,-3.6849,-3.6786,-3.6729,-3.6683,-3.665,-3.6632,-3.6627,-3.6636,-3.6655,-3.6683,-3.6715,-3.6752,-3.679,-3.6828
-3.6775,-3.6778,-3.6783,-3.6788,-3.6794,-3.6802,-3.681,-3.6819,-3.6829,-3.6839,-3.685,-3.686,-3.6871,-3.6882,-3.6893,-3.6904,-3.6915,-3.6926,-3.6939,-3.6954,-3.697,-3.6989,-3.701,-3.7034,-3.7059,-3.7083,-3.7106,-3.7125,-3.7138,-3.7142,-3.7134,-3.7113,-3.7078,-3.7028,-3.6967,-3.6897,-3.6822,-3.675,-3.6685,-3.6633,-3.6596,-3.6577,-3.6575,-3.6588,-3.6612,-3.6645,-3.6684,-3.6726,-3.6768,-3.6811
-3.6764,-3.6767,-3.6771,-3.6777,-3.6783,-3.6791,-3.6799,-3.6808,-3.6818,-3.6829,-3.684,-3.6851,-3.6862,-3.6873,-3.6883,-3.6894,-3.6904,-3.6915,-3.6928,-3.6942,-3.6958,-3.6978,-3.7,-3.7026,-3.7054,-3.7082,-3.7109,-3.7132,-3.7148,-3.7154,-3.7147,-3.7125,-3.7086,-3.7031,-3.6961,-3.688,-3.6794,-3.671,-3.6636,-3.6577,-3.6537,-3.6518,-3.6518,-3.6536,-3.6566,-3.6606,-3.6651,-3.6699,-3.6747,-3.6795
-3.6752,-3.6755,-3.6759,-3.6765,-3.6771,-3.6779,-3.6787,-3.6797,-3.6807,-3.6818,-3.6829,-3.6841,-3.6852,-3.6863,-3.6873,-3.6883,-3.6893,-3.6903,-3.6914,-3.6928,-3.6944,-3.6964,-3.6988,-3.7016,-3.7048,-3.708,-3.7112,-3.7139,-3.7159,-3.7168,-3.7163,-3.714,-3.7098,-3.7036,-3.6956,-3.6863,-3.6763,-3.6667,-3.6581,-3.6514,-3.6471,-3.6453,-3.6457,-3.6481,-3.6518,-3.6566,-3.6618,-3.6673,-3.6727,-3.6779
-3.674,-3.6743,-3.6747,-3.6752,-3.6758,-3.6766,-3.6775,-3.6785,-3.6796,-3.6807,-3.6819,-3.683,-3.6842,-3.6853,-3.6863,-3.6872,-3.6881,-3.689,-3.69,-3.6912,-3.6928,-3.6948,-3.6974,-3.7005,-3.7039,-3.7077,-3.7114,-3.7147,-3.7172,-3.7186,-3.7182,-3.7159,-3.7113,-3.7044,-3.6953,-3.6847,-3.6732,-3.662,-3.6522,-3.6446,-3.6399,-3.6382,-3.6391,-3.6422,-3.6469,-3.6525,-3.6586,-3.6648,-3.6708,-3.6766
-3.6727,-3.673,-3.6734,-3.6739,-3.6745,-3.6753,-3.6762,-3.6772,-3.6783,-3.6795,-3.6808,-3.682,-3.6831,-3.6842,-3.6852,-3.686,-3.6868,-3.6875,-3.6884,-3.6894,-3.6909,-3.693,-3.6956,-3.699,-3.7029,-3.7072,-3.7115,-3.7155,-3.7187,-3.7205,-3.7206,-3.7183,-3.7134,-3.7057,-3.6955,-3.6832,-3.67,-3.657,-3.6457,-3.6372,-3.6322,-3.6306,-3.6322,-3.6362,-3.6419,-3.6484,-3.6554,-3.6624,-3.6691,-3.6754
-3.6714,-3.6716,-3.672,-3.6725,-3.6731,-3.6739,-3.6748,-3.6759,-3.677,-3.6783,-3.6796,-3.6809,-3.6821,-3.6832,-3.6841,-3.6848,-3.6854,-3.686,-3.6866,-3.6874,-3.6887,-3.6907,-3.6935,-3.6972,-3.7016,-3.7065,-3.7116,-3.7164,-3.7203,-3.7229,-3.7234,-3.7212,-3.7161,-3.7076,-3.6961,-3.6821,-3.6669,-3.6519,-3.6389,-3.6294,-3.624,-3.6227,-3.6251,-3.6301,-3.6369,-3.6446,-3.6525,-3.6603,-3.6676,-3.6744
-3.67,-3.6702,-3.6705,-3.671,-3.6716,-3.6724,-3.6733,-3.6744,-3.6757,-3.677,-3.6784,-3.6797,-3.681,-3.6821,-3.683,-3.6836,-3.684,-3.6843,-3.6846,-3.6851,-3.6862,-3.6881,-3.691,-3.695,-3.6999,-3.7056,-3.7116,-3.7173,-3.7222,-3.7256,-3.7267,-3.7249,-3.7195,-3.7103,-3.6975,-3.6816,-3.664,-3.6468,-3.6319,-3.6212,-3.6154,-3.6146,-3.6179,-3.6242,-3.6322,-3.641,-3.6499,-3.6585,-3.6665,-3.6738
-3.6686,-3.6687,-3.6689,-3.6694,-3.67,-3.6708,-3.6718,-3.6729,-3.6742,-3.6756,-3.6771,-3.6785,-3.6799,-3.681,-3.6819,-3.6824,-3.6826,-3.6825,-3.6824,-3.6825,-3.6833,-3.685,-3.6879,-3.6923,-3.6979,-3.7044,-3.7114,-3.7183,-3.7243,-3.7287,-3.7306,-3.7293,-3.7239,-3.7141,-3.6998,-3.6819,-3.6618,-3.642,-3.625,-3.613,-3.6069,-3.6066,-3.611,-3.6186,-3.6279,-3.6379,-3.6478,-3.6572,-3.6658,-3.6735
-3.667,-3.6671,-3.6673,-3.6677,-3.6683,-3.6691,-3.6701,-3.6713,-3.6727,-3.6742,-3.6757,-3.6773,-3.6787,-3.6799,-3.6808,-3.6812,-3.6811,-3.6807,-3.6801,-3.6796,-3.6798,-3.6813,-3.6843,-3.689,-3.6954,-3.703,-3.7112,-3.7193,-3.7267,-3.7323,-3.7353,-3.7346,-3.7294,-3.719,-3.7035,-3.6834,-3.6607,-3.638,-3.6186,-3.6052,-3.5988,-3.5991,-3.6047,-3.6137,-3.6243,-3.6355,-3.6463,-3.6564,-3.6656,-3.6737
-3.6654,-3.6654,-3.6656,-3.6659,-3.6665,-3.6672,-3.6683,-3.6695,-3.671,-3.6726,-3.6743,-3.676,-3.6776,-3.6789,-3.6797,-3.68,-3.6797,-3.6788,-3.6775,-3.6763,-3.6759,-3.6769,-3.6799,-3.6852,-3.6924,-3.7012,-3.7108,-3.7205,-3.7294,-3.7365,-3.7407,-3.741,-3.7362,-3.7256,-3.7088,-3.6866,-3.6611,-3.6354,-3.6134,-3.5984,-3.5917,-3.5927,-3.5995,-3.6098,-3.6218,-3.634,-3.6457,-3.6564,-3.666,-3.6744
-3.6637,-3.6636,-3.6637,-3.664,-3.6645,-3.6653,-3.6663,-3.6676,-3.6692,-3.6709,-3.6728,-3.6747,-3.6764,-3.6778,-3.6788,-3.679,-3.6783,-3.6769,-3.6748,-3.6726,-3.6713,-3.6717,-3.6747,-3.6805,-3.6889,-3.6991,-3.7103,-3.7217,-3.7324,-3.7413,-3.7472,-3.7487,-3.7446,-3.734,-3.7163,-3.6922,-3.6638,-3.6349,-3.6102,-3.5935,-3.5864,-3.588,-3.596,-3.6076,-3.6206,-3.6337,-3.6461,-3.6572,-3.6671,-3.6757
-3.662,-3.6618,-3.6618,-3.662,-3.6624,-3.6632,-3.6642,-3.6656,-3.6672,-3.6691,-3.6712,-3.6733,-3.6752,-3.6769,-3.6779,-3.6781,-3.6771,-3.6751,-3.672,-3.6686,-3.6659,-3.6655,-3.6685,-3.6751,-3.6848,-3.6967,-3.7098,-3.7232,-3.7359,-3.7468,-3.7546,-3.7578,-3.7549,-3.7446,-3.7264,-3.7006,-3.6696,-3.6376,-3.6101,-3.5916,-3.5839,-3.5859,-3.5947,-3.6073,-3.6211,-3.6348,-3.6475,-3.6589,-3.6689,-3.6775
-3.6602,-3.6598,-3.6597,-3.6598,-3.6602,-3.6609,-3.6619,-3.6633,-3.665,-3.6671,-3.6694,-3.6718,-3.674,-3.6759,-3.6771,-3.6773,-3.6762,-3.6734,-3.6692,-3.6641,-3.6598,-3.6583,-3.6611,-3.6688,-3.6802,-3.6942,-3.7094,-3.725,-3.74,-3.7532,-3.7633,-3.7686,-3.7673,-3.7579,-3.7396,-3.7126,-3.6793,-3.6444,-3.6141,-3.5936,-3.5852,-3.5872,-3.5964,-3.6094,-3.6236,-3.6375,-3.6503,-3.6617,-3.6715,-3.68
-3.6582,-3.6578,-3.6575,-3.6575,-3.6578,-3.6584,-3.6594,-3.6608,-3.6627,-3.6649,-3.6674,-3.6701,-3.6727,-3.675,-3.6765,-3.6769,-3.6756,-3.6722,-3.6666,-3.6595,-3.6529,-3.6497,-3.6525,-3.6616,-3.6754,-3.6917,-3.7092,-3.7272,-3.7447,-3.7606,-3.7734,-3.7812,-3.782,-3.7742,-3.7564,-3.7288,-3.6938,-3.6563,-3.6234,-3.6009,-3.5911,-3.5926,-3.6015,-3.6143,-3.6283,-3.6419,-3.6544,-3.6654,-3.675,-3.6832
-3.6562,-3.6556,-3.6552,-3.655,-3.6552,-3.6557,-3.6567,-3.6581,-3.66,-3.6624,-3.6653,-3.6683,-3.6714,-3.6741,-3.6761,-3.6767,-3.6754,-3.6715,-3.6645,-3.6549,-3.6451,-3.6396,-3.6425,-3.6539,-3.6706,-3.6897,-3.7096,-3.73,-3.7501,-3.769,-3.785,-3.7958,-3.7994,-3.7937,-3.7772,-3.7497,-3.7136,-3.6742,-3.6388,-3.6141,-3.6026,-3.6026,-3.6104,-3.6222,-3.6353,-3.6481,-3.6599,-3.6702,-3.6792,-3.6869
-3.6542,-3.6534,-3.6528,-3.6524,-3.6524,-3.6528,-3.6537,-3.6551,-3.6571,-3.6597,-3.6628,-3.6663,-3.6699,-3.6732,-3.6758,-3.6769,-3.6759,-3.6717,-3.6634,-3.651,-3.6369,-3.6281,-3.6313,-3.6461,-3.6666,-3.6886,-3.7109,-3.7336,-3.7566,-3.7787,-3.7982,-3.8127,-3.8197,-3.8167,-3.8021,-3.7756,-3.7392,-3.6984,-3.6609,-3.6337,-3.6197,-3.6174,-3.6231,-3.6331,-3.6446,-3.656,-3.6666,-3.6761,-3.6843,-3.6913
-3.652,-3.651,-3.6502,-3.6496,-3.6494,-3.6496,-3.6504,-3.6517,-3.6538,-3.6566,-3.66,-3.664,-3.6681,-3.6722,-3.6755,-3.6775,-3.6772,-3.6732,-3.664,-3.6487,-3.6294,-3.6158,-3.6198,-3.6396,-3.6645,-3.6892,-3.7135,-3.7383,-3.7641,-3.7897,-3.8133,-3.832,-3.8429,-3.8433,-3.8313,-3.8062,-3.7702,-3.7285,-3.6891,-3.6593,-3.6422,-3.6368,-3.6394,-3.6467,-3.656,-3.6656,-3.6746,-3.6828,-3.69,-3.6962
-3.6498,-3.6485,-3.6475,-3.6467,-3.6462,-3.6462,-3.6467,-3.648,-3.6501,-3.653,-3.6568,-3.6613,-3.6661,-3.671,-3.6753,-3.6784,-3.6792,-3.6761,-3.6672,-3.65,-3.6251,-3.6051,-3.6106,-3.6369,-3.666,-3.6923,-3.7177,-3.7442,-3.7727,-3.8021,-3.8302,-3.8537,-3.8691,-3.8734,-3.8642,-3.841,-3.8057,-3.7636,-3.7225,-3.6898,-3.6691,-3.6598,-3.6587,-3.6627,-3.6691,-3.6764,-3.6837,-3.6904,-3.6964,-3.7016
-3.6475,-3.646,-3.6447,-3.6435,-3.6428,-3.6425,-3.6428,-3.6439,-3.6459,-3.649,-3.6531,-3.6581,-3.6638,-3.6696,-3.6751,-3.6795,-3.6818,-3.6807,-3.6737,-3.6573,-3.629,-3.6025,-3.61,-3.6421,-3.6727,-3.6985,-3.7237,-3.7513,-3.7823,-3.8157,-3.8488,-3.8776,-3.898,-3.9064,-3.9003,-3.879,-3.8444,-3.8018,-3.7591,-3.7235,-3.699,-3.6854,-3.6801,-3.6803,-3.6836,-3.6884,-3.6935,-3.6986,-3.7032,-3.7074
-3.6452,-3.6434,-3.6417,-3.6403,-3.6391,-3.6385,-3.6384,-3.6393,-3.6412,-3.6444,-3.6488,-3.6544,-3.6609,-3.6678,-3.6745,-3.6805,-3.6849,-3.6866,-3.6836,-3.6724,-3.6487,-3.6218,-3.6295,-3.6598,-3.6855,-3.7077,-3.7313,-3.7594,-3.7929,-3.8305,-3.8688,-3.9033,-3.9289,-3.9414,-3.9381,-3.9183,-3.8841,-3.841,-3.7968,-3.7584,-3.7301,-3.7121,-3.7026,-3.699,-3.699,-3.701,-3.7039,-3.7072,-3.7104,-3.7135
-3.6428,-3.6407,-3.6387,-3.6368,-3.6353,-3.6341,-3.6337,-3.6342,-3.6359,-3.639,-3.6438,-3.6501,-3.6575,-3.6656,-3.6736,-3.6813,-3.688,-3.6931,-3.6959,-3.6947,-3.6874,-3.6759,-3.6776,-3.6902,-3.7035,-3.7191,-3.7401,-3.7683,-3.804,-3.8458,-3.8896,-3.9299,-3.9607,-3.977,-3.9759,-3.9569,-3.9227,-3.8789,-3.8332,-3.7924,-3.7607,-3.7388,-3.7252,-3.7178,-3.7145,-3.7138,-3.7146,-3.7161,-3.7179,-3.7197
-3.6404,-3.638,-3.6356,-3.6333,-3.6312,-3.6295,-3.6285,-3.6285,-3.6299,-3.6329,-3.638,-3.645,-3.6535,-3.6628,-3.6723,-3.6815,-3.6905,-3.6993,-3.7083,-3.7189,-3.7333,-3.7461,-3.738,-3.725,-3.723,-3.7313,-3.7494,-3.7774,-3.8153,-3.861,-3.9101,-3.9559,-3.9915,-4.0109,-4.0112,-3.9923,-3.9576,-3.9131,-3.8663,-3.8237,-3.7893,-3.7641,-3.747,-3.7362,-3.7299,-3.7266,-3.7252,-3.725,-3.7253,-3.7261
-3.6381,-3.6353,-3.6324,-3.6296,-3.627,-3.6246,-3.6229,-3.6223,-3.6231,-3.6259,-3.6312,-3.639,-3.6488,-3.6596,-3.6705,-3.6811,-3.692,-3.704,-3.7185,-3.7384,-3.7669,-3.7915,-3.7792,-3.7523,-3.7399,-3.7427,-3.7583,-3.7863,-3.826,-3.8752,-3.929,-3.9796,-4.019,-4.0407,-4.0415,-4.0222,-3.9869,-3.942,-3.8947,-3.8511,-3.8149,-3.7871,-3.7672,-3.7535,-3.7446,-3.739,-3.7356,-3.7337,-3.7327,-3.7323
-3.6358,-3.6326,-3.6293,-3.6259,-3.6226,-3.6195,-3.617,-3.6154,-3.6155,-3.6178,-3.6233,-3.632,-3.6434,-3.656,-3.6684,-3.6801,-3.6921,-3.7063,-3.7246,-3.7494,-3.781,-3.804,-3.7933,-3.7671,-3.7518,-3.752,-3.7664,-3.7945,-3.8357,-3.8875,-3.9447,-3.9989,-4.0409,-4.0637,-4.0644,-4.0446,-4.0091,-3.9644,-3.9174,-3.8737,-3.8367,-3.8073,-3.7853,-3.7694,-3.7583,-3.7507,-3.7456,-3.7421,-3.7399,-3.7385
-3.6335,-3.6299,-3.6261,-3.6222,-3.6182,-3.6142,-3.6107,-3.608,-3.607,-3.6086,-3.614,-3.6238,-3.6373,-3.6523,-3.6664,-3.6788,-3.691,-3.706,-3.7259,-3.7518,-3.7805,-3.7984,-3.7913,-3.7716,-3.7587,-3.7591,-3.7734,-3.8017,-3.8437,-3.897,-3.956,-4.0119,-4.0549,-4.078,-4.0785,-4.0585,-4.0235,-3.9799,-3.9342,-3.8914,-3.8544,-3.8244,-3.8011,-3.7836,-3.7707,-3.7615,-3.7549,-3.7501,-3.7468,-3.7443
-3.6313,-3.6274,-3.6231,-3.6185,-3.6137,-3.6089,-3.6041,-3.6001,-3.5976,-3.5979,-3.6029,-3.6139,-3.6304,-3.6489,-3.6653,-3.6779,-3.6893,-3.7035,-3.7233,-3.748,-3.7724,-3.7863,-3.7829,-3.7704,-3.7619,-3.7641,-3.779,-3.8075,-3.8496,-3.9029,-3.9619,-4.0175,-4.0601,-4.0827,-4.083,-4.0637,-4.0302,-3.9888,-3.9453,-3.9042,-3.8682,-3.8382,-3.8143,-3.7958,-3.7818,-3.7712,-3.7634,-3.7576,-3.7532,-3.7499
-3.6293,-3.6249,-3.6202,-3.615,-3.6095,-3.6036,-3.5975,-3.5919,-3.5874,-3.5859,-3.5899,-3.6019,-3.6223,-3.6462,-3.6659,-3.6785,-3.6878,-3.6998,-3.7179,-3.7403,-3.7613,-3.7731,-3.773,-3.7666,-3.7628,-3.7674,-3.7833,-3.8118,-3.8531,-3.9051,-3.9622,-4.0158,-4.0567,-4.0783,-4.0789,-4.061,-4.03,-3.9916,-3.9512,-3.9126,-3.8781,-3.8489,-3.8251,-3.8061,-3.7913,-3.7798,-3.7711,-3.7643,-3.7592,-3.7552
-3.6274,-3.6227,-3.6175,-3.6118,-3.6054,-3.5985,-3.5911,-3.5836,-3.5768,-3.5726,-3.5745,-3.587,-3.6125,-3.6442,-3.6689,-3.6813,-3.6874,-3.6961,-3.7114,-3.7313,-3.7496,-3.7608,-3.7637,-3.7621,-3.7625,-3.7696,-3.7864,-3.8146,-3.8544,-3.9037,-3.9575,-4.0077,-4.0459,-4.0664,-4.0675,-4.0518,-4.0241,-3.9895,-3.9526,-3.917,-3.8847,-3.8567,-3.8334,-3.8145,-3.7993,-3.7873,-3.7778,-3.7704,-3.7646,-3.76
-3.6258,-3.6207,-3.6151,-3.6088,-3.6017,-3.5938,-3.585,-3.5756,-3.5662,-3.5586,-3.557,-3.5686,-3.5998,-3.6426,-3.6745,-3.6863,-3.6885,-3.6931,-3.7053,-3.7225,-3.7389,-3.7501,-3.7554,-3.7577,-3.7615,-3.7707,-3.7883,-3.8158,-3.8535,-3.8994,-3.9488,-3.9947,-4.0298,-4.049,-4.051,-4.0379,-4.0139,-3.9834,-3.9505,-3.9181,-3.8883,-3.862,-3.8396,-3.821,-3.8058,-3.7936,-3.7837,-3.7758,-3.7694,-3.7643
-3.6244,-3.619,-3.6131,-3.6063,-3.5986,-3.5897,-3.5797,-3.5685,-3.5564,-3.5449,-3.5385,-3.5469,-3.583,-3.6399,-3.681,-3.6921,-3.6903,-3.6912,-3.7003,-3.7148,-3.7297,-3.7411,-3.7483,-3.7536,-3.7601,-3.7711,-3.7891,-3.8157,-3.8509,-3.8928,-3.9374,-3.9787,-4.0104,-4.0283,-4.0313,-4.0209,-4.0007,-3.9744,-3.9455,-3.9166,-3.8894,-3.8651,-3.8439,-3.826,-3.811,-3.7987,-3.7886,-3.7804,-3.7737,-3.7682
-3.6232,-3.6177,-3.6114,-3.6042,-3.596,-3.5865,-3.5755,-3.5627,-3.5483,-3.5333,-3.5217,-3.5249,-3.563,-3.6332,-3.6838,-3.6952,-3.6911,-3.6897,-3.6963,-3.7087,-3.7222,-3.7337,-3.7424,-3.7498,-3.7584,-3.7708,-3.789,-3.8143,-3.8468,-3.8847,-3.9244,-3.9611,-3.9895,-4.0062,-4.01,-4.0023,-3.9857,-3.9635,-3.9385,-3.9129,-3.8885,-3.8662,-3.8465,-3.8294,-3.815,-3.8028,-3.7927,-3.7844,-3.7774,-3.7717
-3.6223,-3.6166,-3.6102,-3.6028,-3.5942,-3.5843,-3.5726,-3.5589,-3.543,-3.5257,-3.5104,-3.509,-3.5453,-3.6214,-3.6783,-3.6923,-3.6893,-3.6878,-3.6932,-3.7039,-3.7163,-3.7277,-3.7374,-3.7464,-3.7566,-3.7699,-3.788,-3.812,-3.8417,-3.8757,-3.9108,-3.9431,-3.9684,-3.9839,-3.9885,-3.9831,-3.9699,-3.9514,-3.93,-3.9078,-3.886,-3.8658,-3.8476,-3.8316,-3.8178,-3.806,-3.796,-3.7876,-3.7806,-3.7746
-3.6217,-3.616,-3.6094,-3.6019,-3.5932,-3.5831,-3.5712,-3.5572,-3.541,-3.5232,-3.5074,-3.5047,-3.5377,-3.6083,-3.6649,-3.6835,-3.6846,-3.685,-3.6903,-3.7,-3.7115,-3.7228,-3.7333,-3.7434,-3.7546,-3.7685,-3.7863,-3.8088,-3.8359,-3.8662,-3.8972,-3.9256,-3.9481,-3.9624,-3.9676,-3.9642,-3.9539,-3.9388,-3.9207,-3.9015,-3.8824,-3.8642,-3.8475,-3.8326,-3.8196,-3.8082,-3.7985,-3.7902,-3.7832,-3.7772
-3.6215,-3.6157,-3.6092,-3.6017,-3.593,-3.583,-3.5713,-3.5578,-3.5424,-3.526,-3.5125,-3.5119,-3.5412,-3.5995,-3.6497,-3.6718,-3.678,-3.6814,-3.6875,-3.6968,-3.7078,-3.719,-3.7298,-3.7406,-3.7525,-3.7667,-3.784,-3.8051,-3.8298,-3.8568,-3.8841,-3.9091,-3.9291,-3.9423,-3.9478,-3.9461,-3.9383,-3.9261,-3.911,-3.8945,-3.8778,-3.8616,-3.8465,-3.8327,-3.8205,-3.8097,-3.8004,-3.7922,-3.7853,-3.7793
-3.6215,-3.6158,-3.6094,-3.602,-3.5936,-3.584,-3.5729,-3.5604,-3.5466,-3.5329,-3.5232,-3.5257,-3.5511,-3.5963,-3.6377,-3.6609,-3.6712,-3.6776,-3.6849,-3.6942,-3.7048,-3.7158,-3.7268,-3.7381,-3.7504,-3.7646,-3.7813,-3.801,-3.8235,-3.8476,-3.8717,-3.8937,-3.9115,-3.9237,-3.9294,-3.929,-3.9233,-3.9136,-3.9011,-3.8871,-3.8725,-3.8582,-3.8446,-3.832,-3.8207,-3.8105,-3.8016,-3.7937,-3.7869,-3.7809
-3.6219,-3.6163,-3.61,-3.6029,-3.5949,-3.5859,-3.5757,-3.5646,-3.5529,-3.5424,-3.5364,-3.5413,-3.5627,-3.5972,-3.6304,-3.6525,-3.6652,-3.6739,-3.6824,-3.6919,-3.7024,-3.7133,-3.7244,-3.7359,-3.7483,-3.7623,-3.7784,-3.7967,-3.8171,-3.8387,-3.8601,-3.8795,-3.8955,-3.9067,-3.9126,-3.9132,-3.9092,-3.9015,-3.8913,-3.8795,-3.8669,-3.8543,-3.8421,-3.8307,-3.8202,-3.8107,-3.8022,-3.7947,-3.7881,-3.7822
-3.6225,-3.6171,-3.6111,-3.6044,-3.5969,-3.5886,-3.5795,-3.5699,-3.5605,-3.5528,-3.55,-3.556,-3.5738,-3.6004,-3.6269,-3.647,-3.6607,-3.6709,-3.6802,-3.69,-3.7004,-3.7112,-3.7223,-3.7338,-3.7462,-3.7599,-3.7752,-3.7924,-3.811,-3.8303,-3.8493,-3.8667,-3.881,-3.8913,-3.8972,-3.8986,-3.896,-3.8901,-3.8817,-3.8718,-3.861,-3.85,-3.8392,-3.8289,-3.8192,-3.8104,-3.8024,-3.7952,-3.7889,-3.7832
-3.6234,-3.6182,-3.6125,-3.6062,-3.5994,-3.5919,-3.5839,-3.5759,-3.5686,-3.5634,-3.5626,-3.569,-3.5838,-3.6047,-3.6261,-3.644,-3.6577,-3.6686,-3.6786,-3.6885,-3.6988,-3.7095,-3.7205,-3.7319,-3.7441,-3.7574,-3.772,-3.788,-3.805,-3.8225,-3.8395,-3.8549,-3.8679,-3.8775,-3.8833,-3.8852,-3.8837,-3.8793,-3.8725,-3.8643,-3.8551,-3.8455,-3.8359,-3.8266,-3.8178,-3.8097,-3.8022,-3.7954,-3.7893,-3.7838
-3.6245,-3.6196,-3.6143,-3.6085,-3.6022,-3.5956,-3.5888,-3.5823,-3.5767,-3.5734,-3.5741,-3.5804,-3.5927,-3.6094,-3.6271,-3.6429,-3.656,-3.6671,-3.6773,-3.6874,-3.6976,-3.7081,-3.7189,-3.7302,-3.7422,-3.755,-3.7688,-3.7837,-3.7993,-3.8151,-3.8304,-3.8443,-3.8561,-3.8649,-3.8706,-3.873,-3.8724,-3.8691,-3.8638,-3.8569,-3.8491,-3.8408,-3.8323,-3.824,-3.816,-3.8085,-3.8016,-3.7952,-3.7894,-3.7842
