docs/data/wind_grid.json
[{"header":{"la1":42.85,"la2":41.18,"lo1":11.55,"lo2":14.05,"nx":36,"ny":24,"dx":0.07143,"dy":0.07261,"parameterCategory":2,"parameterNumber":2,"parameterNumberName":"eastward_wind","parameterUnit":"m.s-1"},"data":[3.2843,3.2772,3.2689,3.2596,3.25,3.2414,3.2359,3.2354,3.2415,3.2538,3.27,3.2866,3.3006,3.3099,3.3135,3.3115,3.3048,3.2948,3.2831,3.2708,3.2582,3.245,3.2306,3.2146,3.1968,3.1776,3.1573,3.1365,3.1156,3.095,3.0751,3.0562,3.0383,3.0216,3.0063,2.9924,3.2815,3.2723,3.2609,3.2474,3.2322,3.217,3.2051,3.2011,3.2085,3.2272,3.253,3.2795,3.3013,3.3153,3.3207,3.3179,3.3085,3.2952,3.2806,3.2669,3.2545,3.2422,3.2283,3.2121,3.1933,3.1724,3.1501,3.1272,3.1043,3.0819,3.0604,3.04,3.021,3.0035,2.9875,2.9731,3.2786,3.267,3.2522,3.2332,3.2096,3.1831,3.1588,3.1458,3.1535,3.1833,3.2261,3.2689,3.3024,3.3229,3.33,3.3249,3.3104,3.2905,3.2708,3.2558,3.2453,3.236,3.2243,3.2085,3.1886,3.1657,3.141,3.1156,3.0904,3.066,3.0428,3.021,3.0009,2.9825,2.966,2.9512,3.2758,3.2621,3.2438,3.2185,3.1839,3.139,3.0899,3.0547,3.059,3.1101,3.1852,3.2555,3.3062,3.3346,3.3427,3.3331,3.3089,3.2763,3.2467,3.2306,3.2269,3.2256,3.2187,3.204,3.1827,3.1571,3.1294,3.1011,3.0733,3.0467,3.0218,2.9986,2.9774,2.9583,2.9412,2.9262,3.2732,3.2579,3.2369,3.2064,3.1596,3.0886,2.993,2.9034,2.8917,2.9895,3.1294,3.2442,3.317,3.3532,3.3607,3.3439,3.304,3.2464,3.1947,3.1796,3.1952,3.2114,3.2127,3.1992,3.1754,3.146,3.1143,3.0826,3.052,3.0232,2.9966,2.9722,2.95,2.9302,2.9128,2.8977,3.2703,3.2539,3.2322,3.2002,3.1461,3.0487,2.883,2.6728,2.6072,2.8146,3.0749,3.2483,3.3415,3.3814,3.3856,3.3606,3.3014,3.2011,3.1001,3.0923,3.1534,3.1991,3.2097,3.195,3.1663,3.1311,3.0944,3.0587,3.0252,2.9945,2.9664,2.9409,2.918,2.8977,2.8801,2.8652,3.2657,3.2478,3.2272,3.2001,3.153,3.053,2.8405,2.4835,2.3212,2.6988,3.0819,3.2894,3.3862,3.4194,3.4147,3.3848,3.3188,3.1826,3.015,3.0192,3.136,3.2038,3.2142,3.1916,3.1534,3.11,3.0671,3.0273,2.9915,2.9593,2.9303,2.9041,2.8807,2.8601,2.8425,2.8279,3.2577,3.2351,3.213,3.195,3.1741,3.118,2.9694,2.702,2.5925,2.9038,3.2084,3.3762,3.451,3.4613,3.4334,3.4013,3.3637,3.267,3.1255,3.1142,3.1978,3.2389,3.2275,3.1863,3.133,3.0785,3.0288,2.9858,2.9488,2.9164,2.8873,2.861,2.8373,2.8166,2.7991,2.7852,3.2455,3.2104,3.1741,3.1555,3.1726,3.1982,3.1796,3.1225,3.1285,3.2452,3.382,3.4859,3.5316,3.4988,3.3981,3.346,3.3918,3.4032,3.3533,3.3206,3.3168,3.2945,3.2425,3.1722,3.0978,3.03,2.9743,2.9306,2.8953,2.8648,2.8369,2.8108,2.787,2.7661,2.749,2.736,3.2329,3.1756,3.0979,3.0356,3.086,3.2325,3.3348,3.3703,3.3792,3.4079,3.4967,3.5942,3.637,3.5573,3.2476,3.0839,3.375,3.5377,3.5594,3.5117,3.4381,3.3491,3.247,3.1388,3.0367,2.9538,2.8958,2.8575,2.8294,2.8041,2.7786,2.7529,2.7286,2.7074,2.6906,2.679,3.2305,3.153,3.0209,2.8546,2.9077,3.2379,3.4546,3.51,3.4084,3.3473,3.5492,3.706,3.7916,3.7592,3.383,3.1097,3.5119,3.7623,3.8163,3.7111,3.5507,3.3883,3.2291,3.0727,2.9324,2.8328,2.7825,2.7632,2.7515,2.7353,2.7127,2.6866,2.6606,2.6383,2.6218,2.6122,3.2494,3.1771,3.052,2.8952,2.9678,3.3413,3.5983,3.6789,3.581,3.4893,3.666,3.8384,3.9708,4.1146,3.9355,3.7361,3.8727,4.2239,4.2739,3.9545,3.6436,3.3985,3.1809,2.9628,2.7609,2.6402,2.6231,2.6491,2.6661,2.6614,2.6399,2.6102,2.5801,2.5554,2.5393,2.5329,3.2884,3.2462,3.1894,3.1585,3.2649,3.5052,3.7137,3.7145,3.8408,3.73,3.8155,4.0051,4.0778,4.1657,4.0337,3.9387,4.1229,4.8946,4.8896,4.1248,3.6583,3.3614,3.1073,2.8198,2.51,2.3556,2.4252,2.533,2.5854,2.5875,2.5599,2.5203,2.4817,2.4529,2.4381,2.4374,3.3338,3.3224,3.3188,3.3484,3.442,3.5888,3.7441,3.9058,3.8745,3.7905,3.8717,4.17,4.2487,3.9148,3.9528,3.9659,4.1012,4.4851,4.4878,3.9319,3.5259,3.2686,3.0363,2.7191,2.3014,2.1058,2.2849,2.4609,2.5254,2.5162,2.4689,2.409,2.3555,2.3212,2.3105,2.3207,3.3731,3.3809,3.4003,3.4421,3.513,3.605,3.6976,3.7631,3.7682,3.7618,3.7985,3.8849,3.9425,3.9886,3.9038,4.0229,4.2294,4.0109,3.8328,3.5398,3.2791,3.1384,2.9927,2.7436,2.4069,2.2345,2.3499,2.4677,2.4902,2.4428,2.3567,2.261,2.184,2.1447,2.1456,2.1771,3.4014,3.4179,3.4438,3.4829,3.5353,3.595,3.6506,3.6892,3.7071,3.7163,3.7133,3.7071,3.7452,3.802,3.7887,3.9009,4.0496,3.7254,3.4313,3.2127,3.0406,3.0241,2.9645,2.8112,2.6293,2.5188,2.512,2.5139,2.4635,2.3558,2.2064,2.0506,1.9376,1.8994,1.9303,2.0021,3.4185,3.4378,3.4635,3.4966,3.5359,3.5773,3.6151,3.6444,3.6653,3.6819,3.6939,3.6779,3.5749,3.5173,3.5816,3.5754,3.5029,3.2166,2.965,2.9781,2.9917,2.9836,2.9259,2.827,2.7322,2.6709,2.6263,2.5555,2.4337,2.248,1.9991,1.7383,1.5697,1.555,1.6551,1.799,3.4266,3.4456,3.4687,3.4958,3.5258,3.556,3.5836,3.6063,3.6237,3.6357,3.6356,3.5997,3.4996,3.4475,3.3478,3.2374,3.1325,2.6946,2.2958,2.6909,2.8764,2.8964,2.8509,2.7901,2.7579,2.7679,2.74,2.6084,2.4081,2.128,1.7298,1.2832,1.0318,1.0992,1.3366,1.5899,3.4276,3.4449,3.4647,3.4867,3.5096,3.5319,3.5518,3.5677,3.5782,3.5807,3.5685,3.5306,3.4604,3.3299,3.0034,2.8735,2.9645,2.6705,2.4371,2.6286,2.7403,2.767,2.7382,2.7136,2.7568,2.918,2.9473,2.6727,2.381,2.0249,1.462,0.749,0.3991,0.6335,1.059,1.4272,3.4235,3.4385,3.455,3.4723,3.4895,3.5056,3.519,3.5283,3.5315,3.5257,3.5055,3.4634,3.3866,3.2421,3.0047,2.9156,2.9393,2.7885,2.6395,2.6112,2.6522,2.618,2.571,2.5784,2.6701,2.9113,2.965,2.571,2.3065,1.9801,1.3849,0.5437,0.1447,0.4701,0.9716,1.3762,3.4156,3.4282,3.4414,3.4546,3.4671,3.4779,3.4857,3.4891,3.4862,3.4742,3.449,3.4051,3.3348,3.2307,3.1099,3.0271,2.9537,2.827,2.6945,2.6315,2.5393,2.3525,2.2609,2.3422,2.446,2.4366,2.2062,2.2028,2.1898,2.0043,1.5858,0.9661,0.6186,0.7827,1.1354,1.4578,3.405,3.4152,3.4253,3.4349,3.4433,3.4496,3.4528,3.4513,3.4436,3.4275,3.3999,3.3577,3.2979,3.221,3.1361,3.0524,2.9591,2.8433,2.7165,2.5676,2.2808,1.8181,1.675,2.0027,2.2331,2.1725,1.9385,2.0439,2.123,2.0579,1.8495,1.5108,1.2654,1.2666,1.4259,1.6225,3.3925,3.4004,3.4078,3.4142,3.4191,3.4217,3.4209,3.4156,3.4045,3.3857,3.3573,3.3175,3.2653,3.2014,3.1284,3.0468,2.9518,2.8365,2.6905,2.4697,2.0584,1.4261,1.2567,1.773,2.1216,2.1689,2.1056,2.1112,2.1027,2.0935,2.0116,1.8429,1.6928,1.6468,1.6993,1.8024,3.3789,3.3846,3.3895,3.3932,3.3951,3.3945,3.3906,3.3824,3.3687,3.3483,3.3198,3.2821,3.2346,3.1772,3.11,3.0318,2.9388,2.8239,2.6722,2.45,2.1094,1.7099,1.6081,1.8838,2.125,2.1983,2.1825,2.1431,2.1025,2.1057,2.083,2.0086,1.9296,1.8916,1.9061,1.9591]},{"header":{"la1":42.85,"la2":41.18,"lo1":11.55,"lo2":14.05,"nx":36,"ny":24,"dx":0.07143,"dy":0.07261,"parameterCategory":2,"parameterNumber":3,"parameterNumberName":"northward_wind","parameterUnit":"m.s-1"},"data":[1.1571,1.1314,1.1035,1.074,1.0444,1.0177,0.9983,0.9909,0.9984,1.0196,1.0491,1.0789,1.1017,1.1124,1.1089,1.0926,1.0681,1.0432,1.0271,1.0274,1.0469,1.0834,1.1313,1.1846,1.2387,1.2905,1.3384,1.3821,1.4214,1.4566,1.4881,1.5163,1.5415,1.564,1.5841,1.6019,1.138,1.1071,1.072,1.0325,0.9899,0.948,0.9141,0.8982,0.9077,0.942,0.991,1.04,1.0762,1.0916,1.0834,1.0529,1.007,0.9584,0.9242,0.9186,0.946,0.9998,1.0683,1.1409,1.2107,1.2746,1.3315,1.3815,1.4254,1.4639,1.4979,1.5278,1.5544,1.5778,1.5986,1.6169,1.1199,1.0836,1.0403,0.9882,0.9269,0.8597,0.798,0.762,0.7717,0.8296,0.9145,0.9969,1.0552,1.0786,1.0634,1.0107,0.9284,0.8369,0.769,0.7549,0.8011,0.8884,0.9916,1.0928,1.1836,1.2619,1.3285,1.385,1.4333,1.4748,1.5109,1.5424,1.57,1.5943,1.6155,1.6341,1.1037,1.0624,1.0112,0.9452,0.8591,0.7515,0.6353,0.5509,0.5534,0.6576,0.812,0.9524,1.0451,1.0805,1.0563,0.9709,0.8281,0.6559,0.5212,0.4965,0.5892,0.7434,0.9041,1.0455,1.1618,1.2558,1.3318,1.3942,1.4461,1.49,1.5277,1.5603,1.5887,1.6136,1.6352,1.6539,1.0898,1.0451,0.9884,0.9107,0.7977,0.6326,0.4151,0.2124,0.181,0.3875,0.6818,0.9174,1.057,1.1077,1.0742,0.9475,0.7121,0.3877,0.1099,0.0777,0.2884,0.5713,0.8192,1.01,1.1529,1.2608,1.3442,1.4104,1.4645,1.5098,1.5485,1.5818,1.6108,1.636,1.6577,1.6764,1.0776,1.0314,0.9739,0.8931,0.7639,0.541,0.1702,-0.2952,-0.4418,0.0056,0.5599,0.9206,1.1065,1.1714,1.1333,0.971,0.6253,0.0498,-0.5276,-0.5422,-0.0667,0.4196,0.7683,1.0036,1.1655,1.2811,1.3675,1.4347,1.4891,1.5346,1.5735,1.6071,1.6364,1.6618,1.6835,1.702,1.0648,1.0177,0.9642,0.8948,0.78,0.5504,0.0779,-0.7093,-1.0668,-0.2427,0.5769,1.0068,1.2063,1.2783,1.2484,1.0835,0.683,-0.1068,-1.0509,-1.0182,-0.2406,0.3976,0.7953,1.0433,1.206,1.3191,1.4022,1.4667,1.5193,1.5638,1.6024,1.6362,1.6657,1.6912,1.7129,1.731,1.0481,0.9957,0.9442,0.8967,0.8361,0.6987,0.3677,-0.2196,-0.4605,0.2248,0.8636,1.1912,1.3504,1.4227,1.4219,1.3029,0.9685,0.3087,-0.4752,-0.5086,0.0732,0.5853,0.9185,1.1317,1.2734,1.3724,1.4459,1.5043,1.5535,1.5966,1.6349,1.669,1.699,1.7248,1.7464,1.7641,1.0256,0.9555,0.8863,0.8466,0.8612,0.8859,0.8416,0.7495,0.8101,1.0716,1.2852,1.4145,1.5062,1.5822,1.6444,1.6053,1.3514,0.9394,0.5408,0.4383,0.633,0.8901,1.0996,1.2508,1.3571,1.4337,1.493,1.5435,1.5891,1.6314,1.6703,1.7056,1.7366,1.7631,1.7848,1.8018,1.0029,0.8991,0.7687,0.6677,0.7427,0.9747,1.1775,1.3663,1.6328,1.7625,1.6486,1.5989,1.6362,1.7172,1.8844,1.9627,1.634,1.2999,1.0759,0.9963,1.048,1.1626,1.2798,1.3733,1.4405,1.4905,1.5341,1.5778,1.6224,1.6666,1.7084,1.7464,1.7797,1.8073,1.8292,1.8452,0.9967,0.8614,0.6482,0.3912,0.4711,0.9798,1.3634,1.6416,2.125,2.3583,1.8673,1.7013,1.7317,1.8063,1.9107,1.9881,1.6536,1.3478,1.1997,1.1993,1.2692,1.3562,1.4305,1.4787,1.5042,1.5242,1.5548,1.5989,1.6498,1.7013,1.7496,1.7929,1.8298,1.8594,1.8813,1.896,1.0251,0.8966,0.6933,0.4508,0.5565,1.1066,1.5013,1.6874,1.9029,2.0827,1.803,1.7151,1.8083,2.0012,1.8756,1.7327,1.4691,1.0681,0.9703,1.1883,1.3848,1.5051,1.5589,1.557,1.5226,1.5036,1.5342,1.5985,1.67,1.7369,1.7965,1.8479,1.8902,1.9223,1.944,1.9561,1.0863,1.0019,0.8989,0.8388,0.9798,1.3027,1.5742,1.7828,1.6343,1.6787,1.6522,1.6922,1.7717,2.0022,1.8308,1.6585,1.3301,0.4809,0.4687,1.1527,1.52,1.6762,1.6941,1.608,1.4615,1.3839,1.4557,1.5799,1.6898,1.7793,1.854,1.9164,1.9659,2.0009,2.0212,2.0284,1.1602,1.1202,1.0924,1.1128,1.2201,1.3859,1.5255,1.5555,1.5478,1.5227,1.5213,1.6993,1.7512,1.5147,1.6206,1.6371,1.5152,0.976,0.9095,1.4444,1.8208,1.9525,1.8827,1.6727,1.3683,1.2189,1.3796,1.5819,1.7286,1.8387,1.9297,2.0061,2.065,2.1027,2.1187,2.1168,1.2281,1.2149,1.2175,1.2497,1.3165,1.3998,1.4653,1.485,1.4461,1.3453,1.2627,1.3291,1.3583,1.1069,1.4797,1.7431,1.9376,1.679,1.6679,2.0061,2.4,2.4349,2.1731,1.8435,1.5046,1.3455,1.479,1.6632,1.8058,1.9237,2.0317,2.128,2.2004,2.2391,2.2445,2.2253,1.283,1.282,1.2924,1.3179,1.3561,1.3955,1.4182,1.4042,1.3263,1.1319,0.7843,0.9463,1.1158,1.2786,1.4672,1.7364,1.9065,1.9191,2.1014,2.5588,3.3025,3.1219,2.4973,2.0737,1.803,1.6827,1.7132,1.8065,1.9125,2.0321,2.1669,2.2986,2.3931,2.4279,2.4085,2.3573,1.3257,1.3289,1.339,1.356,1.3762,1.392,1.3918,1.3606,1.2752,1.0958,0.835,0.9737,1.0909,1.1349,1.446,1.6988,1.9158,2.1961,2.4705,2.7496,3.4363,3.2254,2.5889,2.2001,1.9918,1.904,1.8953,1.9332,2.0141,2.1496,2.3402,2.5443,2.6781,2.6924,2.6179,2.5103,1.3589,1.3631,1.371,1.3815,1.3915,1.3958,1.3872,1.357,1.2963,1.2058,1.1343,1.1554,1.1386,1.1746,1.5269,1.762,2.0391,2.5926,3.0134,2.747,2.7894,2.7181,2.4424,2.1984,2.0512,1.9921,1.9817,2.0004,2.0787,2.254,2.5489,2.8962,3.0949,3.0439,2.861,2.6675,1.3859,1.3899,1.3958,1.4024,1.4074,1.4076,1.399,1.3784,1.3451,1.3076,1.2877,1.3011,1.3403,1.4702,1.731,1.8162,2.049,2.5636,2.8735,2.7294,2.5921,2.4603,2.3013,2.1491,2.0448,2.0078,2.0047,2.011,2.0932,2.3137,2.7431,3.3106,3.591,3.4061,3.073,2.7886,1.4087,1.4125,1.4172,1.4219,1.4253,1.4253,1.4206,1.4104,1.3969,1.3868,1.3907,1.419,1.483,1.6051,1.7589,1.8337,2.0375,2.3972,2.748,2.8499,2.5601,2.3499,2.2086,2.1006,2.0232,1.9999,1.9994,1.9815,2.0594,2.2884,2.773,3.467,3.7936,3.5324,3.1358,2.822,1.4288,1.4326,1.4369,1.4412,1.4447,1.4465,1.4464,1.4449,1.4444,1.4497,1.4672,1.504,1.567,1.659,1.7636,1.8719,2.043,2.2922,2.5524,2.6163,2.4171,2.2297,2.1245,2.0574,1.9932,1.9322,1.8622,1.887,1.9811,2.1668,2.5523,3.0998,3.401,3.2739,2.9976,2.7504,1.4471,1.4511,1.4556,1.4603,1.4649,1.469,1.4731,1.478,1.4859,1.4999,1.5244,1.5634,1.6202,1.6946,1.7824,1.8858,2.0175,2.1712,2.2985,2.3187,2.2145,2.0862,2.039,2.0225,1.9693,1.8825,1.7907,1.8294,1.8811,1.9844,2.2442,2.6003,2.8453,2.867,2.7547,2.6121,1.464,1.4684,1.4735,1.479,1.4849,1.4913,1.4987,1.5081,1.5211,1.54,1.5675,1.6058,1.6566,1.7199,1.7946,1.8809,1.9778,2.0742,2.143,2.1528,2.0967,2.0191,2.0028,2.0051,1.9643,1.9012,1.8502,1.8171,1.739,1.802,2.0176,2.2709,2.4627,2.5403,2.5244,2.4621,1.4798,1.4848,1.4905,1.4969,1.5041,1.5124,1.5223,1.5346,1.5507,1.5719,1.6,1.6364,1.6819,1.7363,1.7989,1.8682,1.9402,2.0063,2.0527,2.0672,2.0498,2.0215,2.0085,1.9955,1.9628,1.9192,1.8733,1.8052,1.7205,1.7701,1.9324,2.1099,2.2506,2.3301,2.3512,2.333]}]