docs/data/wind_grid.json
{"header": {"la1":42.1,"la2":41.55,"lo1":12.1,"lo2":12.95,"nx":50,"ny":50,"dx":0.01735,"dy":0.01122,"parameterCategory":2,"parameterNumber":3,"parameterNumberName":"northward_wind","parameterUnit":"m.s-1"}, "data":
[rows 0 to 45 of 50, columns 0 to 49 of 50]
3.1327,3.135,3.138,3.1417,3.1461,3.1513,3.1575,3.1645,3.1726,3.1817,3.1919,3.2031,3.2153,3.2285,3.2426,3.2574,3.2728,3.2886,3.3049,3.3214,3.3382,3.3555,3.3733,3.3921,3.4121,3.4337,3.4572,3.4828,3.5107,3.5408,3.573,3.6069,3.6419,3.6774,3.7125,3.7462,3.7774,3.8051,3.8284,3.8467,3.8596,3.8672,3.8699,3.8683,3.8631,3.8551,3.845,3.8334,3.8208,3.8077
3.1266,3.1287,3.1315,3.135,3.1393,3.1444,3.1505,3.1576,3.1657,3.175,3.1854,3.197,3.2097,3.2234,3.2381,3.2535,3.2696,3.2861,3.3029,3.3199,3.337,3.3545,3.3724,3.3912,3.4113,3.433,3.4569,3.4831,3.5119,3.5433,3.5771,3.6128,3.65,3.6878,3.7253,3.7615,3.795,3.8246,3.8494,3.8685,3.8816,3.8888,3.8905,3.8876,3.8808,3.8712,3.8595,3.8463,3.8323,3.8179
3.1203,3.1223,3.1248,3.1281,3.1322,3.1372,3.1432,3.1503,3.1585,3.1679,3.1786,3.1906,3.2038,3.2181,3.2334,3.2497,3.2665,3.2838,3.3012,3.3187,3.3363,3.3539,3.3718,3.3905,3.4105,3.4323,3.4564,3.4832,3.5129,3.5455,3.5808,3.6185,3.6579,3.6982,3.7383,3.7771,3.8131,3.8449,3.8712,3.8911,3.9043,3.9109,3.9116,3.9071,3.8987,3.8873,3.8738,3.859,3.8435,3.8278
3.1139,3.1156,3.1179,3.121,3.1249,3.1297,3.1356,3.1427,3.1509,3.1605,3.1715,3.1838,3.1975,3.2125,3.2287,3.2458,3.2635,3.2817,3.3,3.3181,3.336,3.3537,3.3716,3.3901,3.4099,3.4315,3.4557,3.483,3.5135,3.5473,3.5843,3.6239,3.6656,3.7085,3.7514,3.7929,3.8316,3.8657,3.8936,3.9145,3.9278,3.9337,3.933,3.9268,3.9165,3.9032,3.8878,3.8713,3.8543,3.8372
3.1074,3.1087,3.1108,3.1136,3.1173,3.1219,3.1277,3.1347,3.1429,3.1527,3.1639,3.1767,3.191,3.2067,3.2238,3.2419,3.2607,3.28,3.2992,3.318,3.3364,3.3543,3.372,3.3901,3.4094,3.4308,3.455,3.4825,3.5138,3.5488,3.5874,3.629,3.673,3.7185,3.7642,3.8088,3.8502,3.8868,3.9166,3.9384,3.9516,3.9567,3.9545,3.9464,3.934,3.9186,3.9014,3.8831,3.8645,3.8461
3.1006,3.1017,3.1035,3.106,3.1094,3.1138,3.1194,3.1262,3.1345,3.1444,3.1559,3.1691,3.184,3.2006,3.2187,3.238,3.2581,3.2786,3.299,3.3188,3.3377,3.3557,3.3731,3.3907,3.4094,3.4302,3.4541,3.4818,3.5137,3.5499,3.59,3.6336,3.68,3.7281,3.7767,3.8243,3.8688,3.9079,3.9396,3.9624,3.9756,3.9796,3.9757,3.9656,3.951,3.9334,3.9142,3.8942,3.8741,3.8543
3.0938,3.0945,3.0959,3.0981,3.1012,3.1053,3.1107,3.1174,3.1256,3.1355,3.1473,3.1609,3.1766,3.1941,3.2133,3.234,3.2556,3.2777,3.2995,3.3205,3.3401,3.3583,3.3753,3.3921,3.4097,3.4297,3.4531,3.4808,3.5133,3.5506,3.5923,3.6378,3.6864,3.7371,3.7886,3.8392,3.8867,3.9286,3.9624,3.9861,3.9992,4.0021,3.9963,3.984,3.9671,3.9473,3.9261,3.9043,3.8827,3.8617
3.0868,3.0872,3.0882,3.09,3.0927,3.0965,3.1015,3.108,3.1162,3.1261,3.1381,3.1522,3.1685,3.187,3.2076,3.2298,3.2533,3.2773,3.301,3.3234,3.344,3.3623,3.3788,3.3944,3.4107,3.4294,3.452,3.4796,3.5125,3.5509,3.5941,3.6415,3.6922,3.7453,3.7995,3.8531,3.9036,3.9483,3.9842,4.009,4.0218,4.0235,4.0158,4.0011,3.9819,3.9599,3.9367,3.9133,3.8903,3.8681
3.0797,3.0796,3.0802,3.0816,3.0839,3.0873,3.092,3.0982,3.1062,3.1161,3.1283,3.1428,3.1598,3.1794,3.2014,3.2255,3.2511,3.2775,3.3035,3.3279,3.3496,3.3683,3.384,3.3981,3.4126,3.4295,3.451,3.4781,3.5114,3.5508,3.5955,3.6447,3.6974,3.7526,3.8092,3.8654,3.9189,3.9664,4.0043,4.0302,4.0428,4.0431,4.0334,4.0165,3.9949,3.9709,3.9459,3.921,3.8968,3.8736
3.0725,3.072,3.0721,3.073,3.0748,3.0778,3.082,3.0879,3.0956,3.1054,3.1177,3.1325,3.1503,3.171,3.1946,3.2208,3.249,3.2782,3.3071,3.334,3.3575,3.3766,3.3914,3.4035,3.4154,3.4301,3.4499,3.4764,3.51,3.5504,3.5966,3.6475,3.7019,3.7588,3.8173,3.8758,3.9318,3.9819,4.0219,4.0488,4.0612,4.0602,4.0486,4.0294,4.0058,3.9799,3.9533,3.9271,3.9018,3.8778
3.0651,3.0642,3.0638,3.0642,3.0655,3.0679,3.0716,3.077,3.0844,3.094,3.1062,3.1214,3.1398,3.1617,3.187,3.2155,3.2466,3.2793,3.3119,3.3423,3.3682,3.388,3.4016,3.4109,3.4195,3.4311,3.4488,3.4745,3.5084,3.5499,3.5976,3.65,3.7058,3.764,3.8237,3.8837,3.9417,3.9939,4.0358,4.0637,4.0759,4.0738,4.0605,4.0394,4.014,3.9866,3.9588,3.9315,3.9055,3.8808
3.0578,3.0563,3.0553,3.0551,3.0558,3.0576,3.0608,3.0656,3.0725,3.0817,3.0938,3.1091,3.1282,3.1512,3.1783,3.2093,3.2439,3.2808,3.3181,3.353,3.3823,3.4032,3.4152,3.4209,3.425,3.4325,3.4476,3.4722,3.5065,3.5493,3.5987,3.6526,3.7095,3.7683,3.8283,3.8889,3.9479,4.0017,4.0451,4.0738,4.086,4.0831,4.0684,4.0459,4.0192,3.9907,3.962,3.9341,3.9075,3.8824
3.0503,3.0483,3.0468,3.046,3.046,3.0471,3.0495,3.0537,3.0599,3.0686,3.0804,3.0957,3.1152,3.1392,3.1681,3.2019,3.2403,3.2821,3.3253,3.3663,3.4004,3.4232,3.4333,3.434,3.432,3.4343,3.4461,3.4695,3.5044,3.5488,3.6001,3.6556,3.7133,3.772,3.8314,3.8913,3.9502,4.0044,4.0487,4.0782,4.0905,4.0871,4.0716,4.0484,4.021,3.992,3.9629,3.9347,3.9079,3.8827
3.0429,3.0403,3.0381,3.0366,3.0359,3.0363,3.0379,3.0412,3.0466,3.0546,3.0658,3.0809,3.1006,3.1255,3.1561,3.1927,3.2352,3.2827,3.3332,3.3823,3.4233,3.4492,3.4568,3.4506,3.4405,3.4362,3.4441,3.4663,3.5021,3.5487,3.6024,3.6596,3.7178,3.7758,3.8335,3.8912,3.9484,4.0018,4.0462,4.076,4.0886,4.0853,4.0698,4.0466,4.0193,3.9903,3.9614,3.9333,3.9067,3.8816
3.0354,3.0322,3.0295,3.0272,3.0257,3.0252,3.0259,3.0282,3.0326,3.0397,3.0501,3.0647,3.0843,3.1097,3.1418,3.1811,3.2279,3.2817,3.3408,3.4005,3.4516,3.4824,3.4868,3.471,3.45,3.4374,3.4409,3.4623,3.4997,3.5492,3.6059,3.6652,3.7239,3.7805,3.8354,3.8895,3.9433,3.9943,4.0375,4.0671,4.0802,4.0776,4.0629,4.0405,4.014,3.9858,3.9575,3.93,3.9038,3.8791
3.0281,3.0243,3.0208,3.0178,3.0155,3.014,3.0136,3.0148,3.018,3.0238,3.0331,3.0468,3.0659,3.0916,3.1248,3.1664,3.2172,3.2775,3.3465,3.4196,3.4851,3.5241,3.5242,3.4948,3.4593,3.4369,3.436,3.4572,3.4972,3.5506,3.6112,3.6732,3.7325,3.7874,3.8384,3.8875,3.936,3.9828,4.0235,4.0522,4.0657,4.0643,4.0512,4.0304,4.0054,3.9785,3.9514,3.9248,3.8994,3.8753
3.0208,3.0164,3.0122,3.0084,3.0052,3.0027,3.0012,3.001,3.0028,3.0072,3.015,3.0273,3.0454,3.0707,3.1044,3.1478,3.202,3.2682,3.3474,3.4367,3.5224,3.5745,3.5688,3.5199,3.4661,3.4329,3.4283,3.4506,3.4947,3.5534,3.6191,3.6846,3.7449,3.7979,3.8443,3.8869,3.9285,3.9693,4.0058,4.0327,4.0463,4.0463,4.0353,4.0168,3.9938,3.9688,3.9432,3.9179,3.8936,3.8703
3.0136,3.0086,3.0037,2.9991,2.9949,2.9914,2.9886,2.9871,2.9873,2.9898,2.9957,3.0062,3.0227,3.0468,3.0803,3.1245,3.1809,3.2515,3.3394,3.4458,3.5581,3.6309,3.6172,3.5413,3.4659,3.423,3.4168,3.4424,3.4923,3.5579,3.6301,3.7003,3.7622,3.8133,3.8546,3.8898,3.923,3.956,3.9868,4.0107,4.0238,4.0252,4.0164,4.0004,3.9799,3.9571,3.9333,3.9096,3.8865,3.8642
3.0067,3.001,2.9954,2.99,2.9849,2.9802,2.9762,2.9731,2.9715,2.9719,2.9754,2.9834,2.9976,3.0198,3.0521,3.0959,3.1529,3.2251,3.3173,3.4369,3.5789,3.682,3.6576,3.5478,3.4521,3.4041,3.4005,3.4323,3.4902,3.5647,3.6451,3.7211,3.7854,3.8349,3.8708,3.8979,3.9215,3.9454,3.9689,3.9886,4.0003,4.0025,3.9958,3.9823,3.9644,3.9438,3.9221,3.9,3.8783,3.8572
2.9999,2.9937,2.9874,2.9812,2.9752,2.9694,2.964,2.9594,2.9557,2.9537,2.9544,2.9593,2.9702,2.9895,3.0195,3.0618,3.1173,3.1873,3.2764,3.3967,3.558,3.6947,3.6595,3.5199,3.4168,3.374,3.379,3.4205,3.4889,3.5741,3.6643,3.7476,3.8153,3.8636,3.8941,3.9124,3.9258,3.9394,3.9545,3.9685,3.9778,3.9799,3.9747,3.9635,3.9479,3.9296,3.9098,3.8895,3.8692,3.8493
2.9935,2.9866,2.9797,2.9728,2.9659,2.959,2.9524,2.946,2.9403,2.9357,2.9331,2.934,2.9408,2.956,2.9824,3.0219,3.0743,3.1385,3.2152,3.3145,3.4566,3.5986,3.565,3.4344,3.3542,3.332,3.3528,3.4075,3.4886,3.5863,3.6878,3.7798,3.8517,3.8992,3.9242,3.9337,3.9363,3.939,3.9448,3.9521,3.9577,3.9587,3.9542,3.9446,3.931,3.9148,3.8969,3.8783,3.8594,3.8408
2.9873,2.9799,2.9724,2.9648,2.9571,2.9493,2.9414,2.9335,2.9257,2.9182,2.9119,2.9082,2.9096,2.9193,2.9409,2.9764,3.0249,3.0812,3.1387,3.1951,3.2593,3.3281,3.3282,3.286,3.2679,3.281,3.3236,3.3944,3.4897,3.601,3.715,3.8165,3.8935,3.9404,3.96,3.9605,3.9522,3.9439,3.9399,3.9399,3.9409,3.9398,3.9351,3.9264,3.9144,3.8999,3.8837,3.8666,3.8491,3.8317
2.9815,2.9737,2.9657,2.9574,2.949,2.9404,2.9315,2.9222,2.9123,2.902,2.8917,2.8826,2.8773,2.8799,2.895,2.9256,2.97,3.0193,3.0576,3.0658,3.0283,2.9783,3.027,3.1126,3.1731,3.2275,3.2943,3.3822,3.4922,3.6174,3.7442,3.8557,3.9377,3.9843,3.9985,3.9902,3.9715,3.9527,3.9392,3.9316,3.9274,3.9234,3.9177,3.9093,3.8983,3.8851,3.8704,3.8547,3.8385,3.8222
2.9761,2.9679,2.9594,2.9507,2.9418,2.9325,2.9228,2.9123,2.9008,2.8879,2.8734,2.8581,2.8447,2.8381,2.8446,2.8692,2.9106,2.9565,2.9833,2.9598,2.8621,2.7545,2.8196,2.9739,3.0902,3.1792,3.268,3.372,3.4957,3.634,3.7728,3.8936,3.9804,4.0265,4.0356,4.0193,3.9913,3.9631,3.941,3.9262,3.9167,3.9095,3.9022,3.8935,3.8829,3.8707,3.8571,3.8426,3.8276,3.8124
2.9712,2.9626,2.9538,2.9447,2.9354,2.9257,2.9155,2.9044,2.8918,2.8766,2.8581,2.8361,2.8129,2.7945,2.7899,2.807,2.8463,2.8942,2.9213,2.8923,2.7914,2.6943,2.7479,2.8987,3.0332,3.1422,3.2472,3.3643,3.4996,3.6488,3.7974,3.9257,4.0163,4.0617,4.0665,4.0438,4.0084,3.9726,3.9433,3.9223,3.9079,3.8974,3.8882,3.8788,3.8684,3.8568,3.8441,3.8306,3.8167,3.8025
2.9667,2.9578,2.9487,2.9394,2.93,2.9202,2.9099,2.8988,2.8857,2.8693,2.8474,2.8183,2.7835,2.75,2.7306,2.738,2.7762,2.8311,2.8699,2.8565,2.7841,2.7189,2.7573,2.877,3.0039,3.1189,3.2332,3.3592,3.5028,3.6593,3.8144,3.9475,4.0402,4.0849,4.0869,4.06,4.0198,3.9789,3.9445,3.9186,3.9001,3.8865,3.8754,3.8651,3.8546,3.8433,3.8313,3.8187,3.8057,3.7924
2.9626,2.9536,2.9443,2.935,2.9255,2.916,2.9061,2.8956,2.8833,2.8669,2.8429,2.8071,2.7586,2.7057,2.6668,2.6617,2.699,2.7647,2.823,2.8365,2.801,2.7669,2.7963,2.8863,2.9964,3.1084,3.2257,3.3563,3.5039,3.6637,3.8211,3.9555,4.0486,4.0929,4.0939,4.0656,4.0236,3.9803,3.9429,3.9138,3.8922,3.8762,3.8634,3.8522,3.8413,3.8303,3.8188,3.8069,3.7947,3.7822
2.959,2.9499,2.9406,2.9313,2.9221,2.913,2.9041,2.895,2.8846,2.8703,2.8466,2.8053,2.7411,2.663,2.5987,2.5785,2.6152,2.694,2.775,2.8186,2.8186,2.8109,2.8384,2.9084,3.0023,3.1075,3.2234,3.3545,3.5022,3.6609,3.8163,3.9486,4.0404,4.0847,4.0867,4.0598,4.0189,3.9759,3.9377,3.907,3.8835,3.8658,3.8517,3.8397,3.8285,3.8176,3.8066,3.7953,3.7837,3.772
2.9559,2.9467,2.9375,2.9283,2.9195,2.9112,2.9036,2.8967,2.8896,2.8797,2.8597,2.816,2.7348,2.6244,2.5279,2.4913,2.5293,2.6219,2.7249,2.7963,2.8269,2.8419,2.8732,2.9327,3.0147,3.1124,3.2245,3.3528,3.497,3.6508,3.8005,3.9278,4.017,4.0616,4.0663,4.0432,4.006,3.9654,3.9284,3.8977,3.8735,3.8548,3.8399,3.8273,3.816,3.8052,3.7945,3.7837,3.7728,3.7618
2.9533,2.9441,2.9349,2.926,2.9177,2.9103,2.9043,2.9001,2.8976,2.8944,2.8824,2.8419,2.7446,2.5939,2.4589,2.408,2.4508,2.5565,2.6768,2.7703,2.8255,2.8599,2.8982,2.954,3.0287,3.1199,3.227,3.3504,3.4884,3.6344,3.7757,3.896,3.9815,4.0266,4.0351,4.0175,3.9857,3.9494,3.9151,3.8857,3.8619,3.843,3.8277,3.8149,3.8035,3.7929,3.7825,3.7723,3.7619,3.7516
2.9511,2.9419,2.9329,2.9243,2.9165,2.9101,2.9058,2.9045,2.9069,2.912,2.9122,2.8823,2.7744,2.5787,2.4028,2.3433,2.3935,2.5081,2.6379,2.7451,2.8179,2.868,2.9145,2.9707,3.0415,3.1278,3.2295,3.3466,3.4767,3.6131,3.7444,3.8566,3.938,3.9835,3.9963,3.985,3.9595,3.9286,3.8982,3.8711,3.8485,3.8301,3.815,3.8022,3.791,3.7806,3.7706,3.7608,3.7511,3.7413
2.9493,2.9403,2.9314,2.9231,2.9158,2.9103,2.9075,2.9088,2.9159,2.929,2.9425,2.9291,2.8214,2.5885,2.3792,2.3158,2.3699,2.4846,2.6139,2.7259,2.809,2.8705,2.9245,2.983,3.0522,3.1346,3.2311,3.3414,3.4627,3.5887,3.7094,3.8131,3.89,3.9358,3.9529,3.9478,3.9291,3.9041,3.8781,3.8542,3.8334,3.8161,3.8016,3.7892,3.7783,3.7683,3.7587,3.7494,3.7402,3.7311
2.948,2.939,2.9303,2.9223,2.9154,2.9106,2.9089,2.9122,2.9224,2.9411,2.9641,2.9648,2.8674,2.6257,2.4045,2.3365,2.3838,2.4876,2.6071,2.7157,2.8025,2.8708,2.9307,2.9917,3.0603,3.1398,3.2314,3.3347,3.447,3.5625,3.6729,3.7682,3.8406,3.8865,3.9072,3.9081,3.896,3.8769,3.8557,3.8352,3.8169,3.801,3.7875,3.7758,3.7654,3.7559,3.7468,3.738,3.7294,3.7208
2.947,2.9381,2.9296,2.9217,2.9152,2.9108,2.9097,2.9138,2.9251,2.9452,2.9701,2.9746,2.8894,2.6743,2.4701,2.3966,2.4273,2.5119,2.6155,2.7152,2.8005,2.8717,2.9351,2.9981,3.0664,3.1433,3.2302,3.3267,3.4303,3.5359,3.6365,3.724,3.792,3.8375,3.8614,3.8675,3.8614,3.848,3.8316,3.8148,3.799,3.785,3.7728,3.7619,3.7522,3.7433,3.7348,3.7266,3.7185,3.7105
2.9464,2.9376,2.9292,2.9215,2.9151,2.9108,2.9098,2.9135,2.9237,2.9411,2.9606,2.9591,2.8842,2.714,2.5467,2.4733,2.4862,2.5497,2.6352,2.7232,2.8035,2.8744,2.9392,3.0032,3.0709,3.1453,3.2277,3.3178,3.4132,3.5097,3.6014,3.6817,3.7456,3.7904,3.8166,3.8273,3.8264,3.8183,3.8064,3.7932,3.7803,3.7683,3.7574,3.7477,3.7389,3.7306,3.7228,3.7152,3.7077,3.7002
2.9462,2.9374,2.9291,2.9215,2.9151,2.9106,2.9091,2.9116,2.9191,2.9312,2.9418,2.9314,2.8663,2.7397,2.6129,2.5474,2.5478,2.5931,2.6616,2.7374,2.8111,2.8794,2.9439,3.0077,3.0743,3.1461,3.2243,3.3083,3.3963,3.4846,3.5682,3.6421,3.7021,3.746,3.7739,3.7882,3.7918,3.7883,3.7806,3.771,3.7608,3.7509,3.7417,3.7332,3.7252,3.7178,3.7107,3.7037,3.6968,3.69
2.9463,2.9376,2.9293,2.9217,2.9152,2.9104,2.9079,2.9086,2.9127,2.9187,2.9205,2.9035,2.8486,2.7562,2.6638,2.6102,2.6047,2.6367,2.6912,2.7559,2.8223,2.8868,2.9495,3.0122,3.0772,3.1462,3.2202,3.2987,3.3799,3.4608,3.5373,3.6055,3.6618,3.7046,3.7337,3.7508,3.7582,3.7587,3.7548,3.7484,3.7409,3.7332,3.7256,3.7183,3.7115,3.7049,3.6985,3.6922,3.6859,3.6797
2.9467,2.9381,2.9299,2.9222,2.9155,2.9101,2.9066,2.9053,2.9059,2.9065,2.9017,2.8815,2.8361,2.7688,2.7022,2.661,2.6543,2.6776,2.7214,2.7765,2.8359,2.8961,2.9562,3.0169,3.0798,3.1459,3.2159,3.2891,3.3642,3.4385,3.5089,3.5719,3.6249,3.6664,3.6963,3.7155,3.726,3.7299,3.7293,3.7259,3.7209,3.7152,3.7093,3.7034,3.6976,3.6919,3.6863,3.6807,3.6751,3.6694
2.9474,2.9389,2.9307,2.923,2.916,2.9101,2.9055,2.9023,2.8998,2.8962,2.8872,2.8666,2.8296,2.7802,2.7324,2.702,2.6964,2.7146,2.7507,2.798,2.8512,2.9069,2.9638,3.022,3.0823,3.1454,3.2114,3.2799,3.3495,3.418,3.4828,3.5413,3.5913,3.6315,3.6616,3.6824,3.6953,3.7021,3.7043,3.7036,3.7009,3.6972,3.6929,3.6883,3.6836,3.6789,3.6741,3.6692,3.6642,3.6592
2.9485,2.9401,2.9319,2.9241,2.9169,2.9104,2.9049,2.9,2.8952,2.8888,2.8776,2.858,2.8282,2.7916,2.7573,2.7357,2.7324,2.7477,2.7783,2.8195,2.8672,2.9185,2.9721,3.0275,3.085,3.1449,3.2072,3.2712,3.3358,3.3992,3.4591,3.5136,3.5608,3.5995,3.6296,3.6515,3.6664,3.6755,3.6802,3.6818,3.6812,3.6793,3.6766,3.6733,3.6697,3.6659,3.6619,3.6577,3.6534,3.649
2.9499,2.9416,2.9334,2.9256,2.9182,2.9113,2.9049,2.8988,2.8924,2.8842,2.8723,2.8546,2.8307,2.8034,2.7789,2.7641,2.7632,2.7771,2.8038,2.8403,2.8834,2.9307,2.9809,3.0333,3.0879,3.1446,3.2032,3.2631,3.3232,3.382,3.4377,3.4885,3.5331,3.5704,3.6003,3.6229,3.6392,3.6502,3.6569,3.6606,3.6619,3.6617,3.6604,3.6584,3.6558,3.6529,3.6497,3.6463,3.6427,3.6388
2.9515,2.9434,2.9353,2.9274,2.9199,2.9127,2.9057,2.8988,2.8914,2.8825,2.8707,2.8551,2.836,2.8157,2.7984,2.7889,2.7902,2.8034,2.8275,2.8602,2.8994,2.9431,2.99,3.0394,3.091,3.1445,3.1996,3.2557,3.3117,3.3663,3.4182,3.4658,3.508,3.5439,3.5733,3.5964,3.6138,3.6263,3.6347,3.6401,3.6431,3.6444,3.6444,3.6436,3.6421,3.6401,3.6377,3.635,3.632,3.6287
2.9535,2.9455,2.9375,2.9297,2.9221,2.9147,2.9074,2.9001,2.8921,2.883,2.872,2.8586,2.8434,2.8283,2.8164,2.8109,2.8142,2.8271,2.8492,2.879,2.9149,2.9553,2.9992,3.0456,3.0943,3.1447,3.1965,3.249,3.3012,3.3522,3.4006,3.4453,3.4853,3.5198,3.5487,3.572,3.5901,3.6037,3.6136,3.6204,3.6249,3.6275,3.6288,3.6291,3.6286,3.6274,3.6258,3.6238,3.6214,3.6188
2.9558,2.9479,2.9401,2.9324,2.9248,2.9173,2.9099,2.9024,2.8944,2.8856,2.8755,2.8642,2.8522,2.8411,2.8333,2.8309,2.8357,2.8486,2.8692,2.8967,2.9299,2.9674,3.0083,3.052,3.0977,3.1452,3.1938,3.243,3.2918,3.3395,3.3848,3.4269,3.4648,3.498,3.5262,3.5494,3.5681,3.5826,3.5936,3.6016,3.6073,3.6112,3.6136,3.6149,3.6153,3.615,3.6141,3.6127,3.611,3.6089
2.9584,2.9507,2.943,2.9354,2.928,2.9206,2.9132,2.9057,2.898,2.8897,2.8807,2.8713,2.862,2.8541,2.8493,2.8493,2.8554,2.8682,2.8878,2.9134,2.9441,2.9791,3.0174,3.0583,3.1013,3.1459,3.1916,3.2377,3.2834,3.328,3.3706,3.4102,3.4462,3.478,3.5055,3.5286,3.5476,3.5627,3.5746,3.5837,3.5905,3.5954,3.5988,3.601,3.6022,3.6027,3.6025,3.6018,3.6007,3.5991
2.9612,2.9537,2.9463,2.9389,2.9316,2.9244,2.9172,2.91,2.9026,2.895,2.8872,2.8794,2.8723,2.867,2.8645,2.8664,2.8734,2.8863,2.905,2.929,2.9577,2.9904,3.0262,3.0646,3.105,3.1469,3.1898,3.233,3.2759,3.3177,3.3577,3.3951,3.4294,3.4599,3.4867,3.5095,3.5286,3.5442,3.5567,3.5667,3.5743,3.5801,3.5844,3.5875,3.5895,3.5907,3.5912,3.5911,3.5905,3.5895
