docs/data/wind_grid.json
[{"header":{"la1":42.85,"la2":41.18,"lo1":11.55,"lo2":14.05,"nx":36,"ny":24,"dx":0.07143,"dy":0.07261,"parameterCategory":2,"parameterNumber":2,"parameterNumberName":"eastward_wind","parameterUnit":"m.s-1"},"data":[0.3707,0.3671,0.3619,0.3547,0.3453,0.3332,0.3178,0.2983,0.2739,0.2434,0.2058,0.1606,0.1077,0.0478,-0.0175,-0.0854,-0.1514,-0.2091,-0.2516,-0.274,-0.2753,-0.2589,-0.2303,-0.1954,-0.1585,-0.1227,-0.0895,-0.0596,-0.0331,-0.0098,0.0104,0.028,0.0434,0.0568,0.0686,0.079,0.3851,0.3827,0.3786,0.3725,0.364,0.3525,0.3376,0.3186,0.2939,0.2619,0.2207,0.1691,0.1068,0.0341,-0.0478,-0.1363,-0.2254,-0.305,-0.3626,-0.3885,-0.3816,-0.3491,-0.302,-0.2497,-0.1985,-0.1516,-0.1102,-0.0743,-0.0436,-0.0173,0.005,0.024,0.0403,0.0543,0.0665,0.0771,0.4006,0.3997,0.3971,0.3922,0.3846,0.3737,0.3594,0.3412,0.3174,0.2852,0.2411,0.1829,0.1101,0.0224,-0.0803,-0.1969,-0.3211,-0.4371,-0.5201,-0.5498,-0.525,-0.463,-0.3857,-0.3084,-0.2386,-0.1785,-0.1281,-0.0861,-0.0513,-0.0224,0.0016,0.0216,0.0385,0.0529,0.0652,0.0759,0.4172,0.4181,0.4173,0.4138,0.407,0.396,0.3812,0.3634,0.3422,0.3126,0.2674,0.2029,0.1188,0.0148,-0.112,-0.2653,-0.4427,-0.6217,-0.7521,-0.7845,-0.7198,-0.6031,-0.4782,-0.3668,-0.2745,-0.2003,-0.1409,-0.0935,-0.0553,-0.0245,0.0006,0.0212,0.0383,0.0526,0.0647,0.0752,0.4347,0.438,0.4394,0.4379,0.4316,0.4189,0.3997,0.3783,0.3609,0.3403,0.299,0.2292,0.1337,0.0137,-0.1369,-0.3321,-0.5848,-0.8744,-1.0985,-1.1277,-0.9746,-0.7608,-0.5676,-0.4154,-0.3001,-0.2129,-0.1464,-0.0949,-0.0547,-0.0229,0.0024,0.0229,0.0396,0.0534,0.065,0.0751,0.4529,0.4591,0.4638,0.4652,0.4604,0.4444,0.413,0.3731,0.3556,0.3607,0.3348,0.2614,0.154,0.0207,-0.1468,-0.3759,-0.7112,-1.1669,-1.5665,-1.5751,-1.2513,-0.897,-0.6283,-0.44,-0.3077,-0.2125,-0.1422,-0.0893,-0.0488,-0.0175,0.0071,0.0265,0.0422,0.055,0.0658,0.0751,0.4714,0.4812,0.4904,0.497,0.4971,0.482,0.4367,0.3566,0.3219,0.3792,0.3815,0.3003,0.1768,0.033,-0.1371,-0.3697,-0.7375,-1.3153,-1.9007,-1.8799,-1.3852,-0.932,-0.6267,-0.4269,-0.2916,-0.1964,-0.1274,-0.0761,-0.0376,-0.0083,0.0143,0.0319,0.0459,0.0573,0.0668,0.0752,0.4893,0.5033,0.5182,0.533,0.5444,0.5447,0.5163,0.4432,0.4093,0.4816,0.4698,0.3506,0.1951,0.0401,-0.118,-0.3141,-0.6128,-1.081,-1.5682,-1.5769,-1.1853,-0.8101,-0.5488,-0.373,-0.2515,-0.1651,-0.1023,-0.056,-0.0216,0.0041,0.0235,0.0384,0.05,0.0594,0.0675,0.0747,0.5058,0.5239,0.5451,0.5696,0.5977,0.6287,0.6614,0.6981,0.7559,0.7776,0.6417,0.4115,0.1927,0.0206,-0.1166,-0.2556,-0.44,-0.6888,-0.9229,-0.9619,-0.8019,-0.5963,-0.4229,-0.2913,-0.1939,-0.1221,-0.0692,-0.0304,-0.002,0.0188,0.0339,0.0452,0.0538,0.0609,0.0671,0.073,0.5195,0.5412,0.5676,0.6006,0.6434,0.7033,0.8002,0.9851,1.2905,1.3535,0.9165,0.4553,0.1384,-0.0553,-0.1634,-0.2439,-0.3448,-0.4651,-0.5585,-0.5748,-0.5093,-0.4027,-0.2942,-0.2014,-0.128,-0.0722,-0.031,-0.0013,0.0197,0.0342,0.0441,0.051,0.0561,0.0605,0.0648,0.0694,0.5295,0.5533,0.5828,0.6202,0.669,0.7364,0.8446,1.1005,1.8707,2.2461,1.1494,0.4072,-0.0007,-0.2218,-0.279,-0.2868,-0.3504,-0.4525,-0.4959,-0.4509,-0.3647,-0.2714,-0.1864,-0.1159,-0.0609,-0.0199,0.0092,0.0289,0.0415,0.0488,0.0526,0.0544,0.0555,0.0569,0.0593,0.0629,0.5354,0.5597,0.5895,0.6266,0.6724,0.7264,0.7814,0.8576,1.3295,1.6675,0.8749,0.236,-0.184,-0.5063,-0.4564,-0.3446,-0.4256,-0.6677,-0.7034,-0.4963,-0.3081,-0.181,-0.0954,-0.0363,0.0046,0.0319,0.0489,0.0579,0.0611,0.0603,0.0571,0.0532,0.0499,0.0484,0.0492,0.0523,0.5371,0.5604,0.5883,0.6219,0.6608,0.7007,0.7237,0.7029,0.7703,0.8159,0.4798,0.068,-0.196,-0.5897,-0.5143,-0.3329,-0.4817,-1.0833,-1.085,-0.5521,-0.2444,-0.0886,-0.0054,0.0416,0.0681,0.0815,0.0855,0.083,0.0761,0.0664,0.0554,0.045,0.0369,0.0326,0.0324,0.0362,0.5353,0.5564,0.5811,0.6096,0.6413,0.6728,0.6962,0.7034,0.6999,0.6174,0.3716,-0.024,-0.1434,-0.0432,-0.2092,-0.2345,-0.36,-0.7237,-0.7566,-0.3558,-0.0912,0.0349,0.0929,0.1197,0.1289,0.1263,0.1162,0.1014,0.0837,0.0642,0.0443,0.0264,0.013,0.0063,0.0066,0.0128,0.5309,0.5493,0.5701,0.5932,0.6178,0.6418,0.6612,0.6706,0.6662,0.6558,0.5931,0.3205,0.0411,-0.176,-0.0797,-0.2048,-0.3646,-0.2575,-0.1815,-0.014,0.117,0.1691,0.1898,0.1941,0.1834,0.1624,0.1367,0.1094,0.081,0.051,0.0205,-0.0071,-0.0266,-0.0345,-0.0311,-0.0193,0.5248,0.5404,0.5574,0.5756,0.5943,0.6123,0.6286,0.6463,0.6908,0.8623,1.3295,0.6131,0.3428,0.0664,0.0456,-0.0728,-0.2149,0.0086,0.181,0.2444,0.226,0.2381,0.2661,0.2595,0.2264,0.1827,0.1404,0.1026,0.0654,0.0247,-0.0198,-0.0611,-0.0885,-0.0953,-0.0836,-0.061,0.5178,0.5309,0.5447,0.559,0.5735,0.5881,0.6045,0.6312,0.6976,0.8831,1.2322,0.7756,0.2264,0.0645,0.2214,0.2622,0.2798,0.4407,0.5745,0.4772,0.2618,0.2848,0.3438,0.3192,0.2502,0.1753,0.1184,0.0769,0.0362,-0.0149,-0.079,-0.1428,-0.1811,-0.1809,-0.1519,-0.1109,0.5107,0.5216,0.5328,0.5443,0.5559,0.5681,0.5831,0.6067,0.6503,0.7184,0.7381,0.5441,0.1958,0.1451,0.5469,0.7342,0.6916,0.8299,0.9667,0.8464,0.6324,0.522,0.4722,0.3778,0.2435,0.1244,0.064,0.0325,-0.0047,-0.0638,-0.1548,-0.2549,-0.3074,-0.2888,-0.2294,-0.1622,0.5039,0.513,0.5223,0.5317,0.5411,0.5511,0.5627,0.5779,0.5969,0.6098,0.5872,0.5087,0.4395,0.5875,1.1994,1.4314,1.0011,1.0063,1.1399,1.3712,1.0965,0.8169,0.632,0.4386,0.211,0.0422,0.0044,-0.0226,-0.0574,-0.1138,-0.2285,-0.373,-0.4384,-0.3901,-0.2943,-0.2012,0.4976,0.5054,0.5133,0.5211,0.5289,0.5369,0.5454,0.5544,0.5623,0.5639,0.554,0.5425,0.5799,0.7704,1.1818,1.3195,1.0902,1.2149,1.8771,2.1844,1.4632,1.0566,0.8151,0.5381,0.21,0.0046,-0.0279,-0.127,-0.1391,-0.1564,-0.2591,-0.4162,-0.4853,-0.4238,-0.314,-0.2119,0.4919,0.4988,0.5056,0.5124,0.5191,0.5258,0.5326,0.5391,0.5448,0.5491,0.5543,0.5726,0.6302,0.7569,0.9277,1.0145,1.0408,1.2247,1.6193,1.7529,1.448,1.2681,1.1163,0.7573,0.2725,-0.1497,-0.4877,-0.4339,-0.2582,-0.1855,-0.2308,-0.3416,-0.4003,-0.3611,-0.2751,-0.188,0.487,0.4931,0.4993,0.5054,0.5115,0.5176,0.5239,0.5304,0.5373,0.5461,0.5602,0.5875,0.6387,0.7186,0.8111,0.8891,0.971,1.109,1.2839,1.3777,1.4378,1.6714,1.7089,1.1594,0.4242,-0.2653,-0.751,-0.5934,-0.3127,-0.1833,-0.1748,-0.2269,-0.2646,-0.2503,-0.1996,-0.1389,0.4827,0.4884,0.4941,0.4998,0.5057,0.5118,0.5183,0.5255,0.5343,0.5462,0.564,0.5921,0.6343,0.6911,0.7566,0.8257,0.9055,1.0072,1.1245,1.2575,1.5089,1.9912,2.1315,1.4647,0.6478,-0.0057,-0.3718,-0.3657,-0.2235,-0.1306,-0.1082,-0.1267,-0.1464,-0.1432,-0.1172,-0.0798,0.4789,0.4843,0.4897,0.4954,0.5012,0.5075,0.5145,0.5226,0.5328,0.5462,0.565,0.5912,0.6266,0.6712,0.7234,0.7824,0.851,0.9334,1.0341,1.1742,1.4072,1.7158,1.7639,1.337,0.7594,0.2838,0.0,-0.0879,-0.0713,-0.0418,-0.0333,-0.0426,-0.054,-0.0551,-0.043,-0.0216]},{"header":{"la1":42.85,"la2":41.18,"lo1":11.55,"lo2":14.05,"nx":36,"ny":24,"dx":0.07143,"dy":0.07261,"parameterCategory":2,"parameterNumber":3,"parameterNumberName":"northward_wind","parameterUnit":"m.s-1"},"data":[0.2575,0.2812,0.3086,0.3391,0.371,0.4015,0.4263,0.441,0.4426,0.431,0.409,0.3811,0.351,0.3209,0.2916,0.2635,0.237,0.2136,0.1949,0.1821,0.1754,0.1732,0.1738,0.1751,0.1757,0.1749,0.1724,0.1682,0.1624,0.1553,0.1472,0.1385,0.1294,0.1201,0.111,0.1022,0.2559,0.284,0.318,0.358,0.4024,0.4474,0.4862,0.5102,0.5127,0.4931,0.4579,0.4159,0.3738,0.334,0.2964,0.26,0.2252,0.194,0.1699,0.1557,0.1515,0.1543,0.1603,0.1664,0.1706,0.172,0.1707,0.1668,0.1608,0.153,0.1441,0.1344,0.1242,0.114,0.104,0.0944,0.2503,0.2826,0.324,0.376,0.4382,0.5067,0.5708,0.6134,0.6184,0.5834,0.5236,0.4582,0.3988,0.3471,0.2999,0.2532,0.2059,0.1618,0.1286,0.113,0.1147,0.1273,0.143,0.1564,0.1655,0.1697,0.1696,0.1659,0.1593,0.1507,0.1405,0.1295,0.1181,0.1066,0.0955,0.085,0.2388,0.2743,0.3229,0.3885,0.4746,0.5801,0.6914,0.7746,0.7873,0.7197,0.6109,0.5062,0.4235,0.3594,0.3028,0.2436,0.1775,0.1103,0.0596,0.043,0.0592,0.091,0.1225,0.1466,0.1617,0.1689,0.1697,0.1658,0.1582,0.1481,0.1364,0.1237,0.1106,0.0977,0.0853,0.0738,0.2198,0.2561,0.3093,0.3873,0.5007,0.6591,0.8558,1.0321,1.0701,0.9274,0.7186,0.5509,0.4422,0.3697,0.3076,0.2356,0.1418,0.032,-0.0547,-0.0697,-0.0201,0.0474,0.1029,0.14,0.1613,0.1707,0.1717,0.1666,0.1574,0.1452,0.1313,0.1165,0.1014,0.0868,0.0729,0.0603,0.1919,0.2252,0.2773,0.3603,0.4942,0.7098,1.0357,1.4095,1.5259,1.2087,0.8143,0.5687,0.4451,0.3775,0.3195,0.2396,0.1131,-0.0653,-0.2228,-0.2287,-0.1114,0.01,0.0929,0.1415,0.1667,0.1764,0.176,0.1687,0.1567,0.1417,0.125,0.1074,0.0899,0.0732,0.0577,0.0439,0.1552,0.1802,0.2226,0.296,0.426,0.6616,1.0848,1.7055,1.9653,1.3766,0.7923,0.5222,0.4249,0.386,0.3464,0.2714,0.128,-0.11,-0.3506,-0.343,-0.1533,0.0088,0.1053,0.1563,0.1799,0.1867,0.1827,0.1717,0.1559,0.1371,0.1167,0.0958,0.0754,0.0562,0.0388,0.0237,0.1114,0.1231,0.1468,0.193,0.2825,0.4565,0.7874,1.2967,1.4963,0.9732,0.5365,0.3975,0.3901,0.4056,0.3968,0.341,0.2176,0.0092,-0.2066,-0.2152,-0.0639,0.0685,0.1465,0.1858,0.2011,0.2012,0.1915,0.1751,0.1543,0.1307,0.1057,0.0806,0.0566,0.0346,0.0152,-0.0011,0.0641,0.0593,0.0582,0.0653,0.0893,0.1446,0.244,0.35,0.3056,0.1342,0.1195,0.2416,0.3734,0.4569,0.4788,0.4421,0.3529,0.2223,0.098,0.0627,0.1101,0.1689,0.2079,0.2259,0.228,0.2188,0.2014,0.1783,0.1511,0.1215,0.0908,0.0606,0.0323,0.0069,-0.0147,-0.032,0.018,-0.0035,-0.0301,-0.0631,-0.1043,-0.1574,-0.2376,-0.4011,-0.7084,-0.7779,-0.3234,0.1356,0.423,0.5668,0.6012,0.5611,0.4807,0.3885,0.3108,0.2682,0.2602,0.2672,0.2724,0.2694,0.2574,0.2375,0.2113,0.1802,0.1453,0.1082,0.0705,0.0339,0.0003,-0.0289,-0.0527,-0.0707,-0.022,-0.0576,-0.1053,-0.1704,-0.2604,-0.3831,-0.5442,-0.7897,-1.4435,-1.7755,-0.6263,0.1724,0.5764,0.7566,0.7694,0.6865,0.574,0.4711,0.4058,0.3733,0.356,0.3438,0.3302,0.3114,0.2865,0.2558,0.22,0.1798,0.1359,0.0896,0.0428,-0.0019,-0.0421,-0.0758,-0.1016,-0.1195,-0.0523,-0.0971,-0.1582,-0.243,-0.3618,-0.5245,-0.7228,-0.8845,-1.1185,-1.2542,-0.3516,0.3934,0.7944,1.0026,0.9569,0.7978,0.62,0.4457,0.3885,0.4076,0.414,0.4038,0.3821,0.3515,0.3145,0.2729,0.227,0.1766,0.1218,0.0638,0.0052,-0.0504,-0.0991,-0.1379,-0.1652,-0.1814,-0.0707,-0.1192,-0.1846,-0.2747,-0.4005,-0.5754,-0.8015,-0.9953,-0.8748,-0.5117,0.1014,0.7083,0.9695,1.0834,1.0382,0.8663,0.6557,0.2986,0.2781,0.4202,0.4663,0.4652,0.4368,0.3926,0.342,0.2888,0.2324,0.1709,0.1027,0.0292,-0.0461,-0.1169,-0.177,-0.2214,-0.2486,-0.2602,-0.0774,-0.124,-0.1854,-0.2673,-0.3773,-0.5237,-0.7039,-0.8598,-0.7258,-0.2533,0.2835,0.9551,1.1812,1.3907,1.0296,0.9535,0.8965,0.5295,0.4176,0.5028,0.5561,0.5577,0.5083,0.4382,0.3689,0.3039,0.2379,0.1643,0.0793,-0.0162,-0.116,-0.2096,-0.2854,-0.3356,-0.3592,-0.3606,-0.0738,-0.1148,-0.1663,-0.2311,-0.311,-0.4042,-0.4942,-0.5221,-0.3843,-0.1306,0.1043,0.446,0.8365,1.0874,0.9521,1.1858,1.6133,0.9625,0.6451,0.6377,0.7402,0.732,0.6085,0.4852,0.3925,0.3197,0.2483,0.1625,0.0547,-0.0739,-0.2125,-0.3417,-0.4401,-0.4944,-0.5064,-0.4876,-0.0628,-0.0961,-0.1356,-0.1811,-0.2307,-0.2772,-0.3039,-0.2828,-0.209,-0.1927,-0.4421,-0.0271,0.2568,0.6236,0.699,1.0154,1.3489,0.8887,0.6339,0.741,1.0996,1.0133,0.7056,0.5112,0.4072,0.3437,0.2774,0.1784,0.0364,-0.1445,-0.3468,-0.5351,-0.6658,-0.717,-0.7003,-0.6439,-0.0475,-0.0729,-0.1009,-0.1302,-0.1574,-0.1764,-0.1784,-0.1583,-0.1371,-0.1937,-0.394,-0.1378,-0.032,-0.0358,0.3098,0.5057,0.6024,0.484,0.4038,0.6227,1.1298,1.0193,0.6692,0.4824,0.4161,0.4016,0.3583,0.2359,0.0365,-0.227,-0.5341,-0.8213,-0.9966,-1.023,-0.9446,-0.8248,-0.0304,-0.0488,-0.0677,-0.0852,-0.0988,-0.1047,-0.1,-0.0866,-0.0779,-0.0927,-0.1051,-0.0509,-0.1029,-0.1232,-0.012,0.0223,0.1798,0.1869,0.126,0.2744,0.5317,0.585,0.4712,0.4029,0.4446,0.5532,0.5541,0.3612,0.062,-0.3164,-0.7797,-1.2245,-1.4513,-1.4061,-1.218,-1.0081,-0.0134,-0.0263,-0.0384,-0.0483,-0.0543,-0.0545,-0.0485,-0.0382,-0.0289,-0.0236,-0.0153,-0.0056,-0.0279,-0.1031,-0.4264,-0.5691,-0.101,0.0631,0.0475,-0.0241,0.1181,0.2268,0.249,0.2994,0.4906,0.834,0.8995,0.5077,0.0807,-0.3969,-1.0274,-1.6654,-1.9302,-1.7661,-1.4463,-1.1484,0.0024,-0.0064,-0.0139,-0.0191,-0.0211,-0.019,-0.013,-0.0043,0.0046,0.0124,0.0176,0.0134,-0.0199,-0.1295,-0.3902,-0.466,-0.1681,-0.0654,-0.2574,-0.3649,-0.1214,-0.021,0.0233,0.1376,0.3987,0.8439,0.9353,0.3966,0.0118,-0.4383,-1.1122,-1.8288,-2.1035,-1.8865,-1.5192,-1.1938,0.0164,0.0105,0.006,0.0035,0.0036,0.0064,0.0118,0.0188,0.0259,0.0313,0.0322,0.0225,-0.0092,-0.0779,-0.1704,-0.1874,-0.1138,-0.1013,-0.2023,-0.2538,-0.2254,-0.2897,-0.3011,-0.1368,0.0924,0.1811,-0.0703,-0.0906,-0.1369,-0.4289,-0.9574,-1.5319,-1.7912,-1.6703,-1.3959,-1.1275,0.0283,0.0245,0.0219,0.0209,0.0219,0.0247,0.0291,0.0344,0.0393,0.0421,0.0404,0.0305,0.008,-0.028,-0.0647,-0.0782,-0.0744,-0.0942,-0.153,-0.2355,-0.4108,-0.739,-0.831,-0.501,-0.1932,-0.1778,-0.3798,-0.2959,-0.2348,-0.3965,-0.7309,-1.0996,-1.3104,-1.3004,-1.1595,-0.9855,0.0384,0.0359,0.0344,0.0342,0.0354,0.0379,0.0412,0.0449,0.0478,0.0487,0.0459,0.0375,0.0221,0.001,-0.0206,-0.0379,-0.0567,-0.0928,-0.162,-0.2954,-0.5815,-1.0467,-1.1704,-0.7351,-0.3564,-0.2382,-0.2662,-0.2572,-0.259,-0.3627,-0.56,-0.7797,-0.9304,-0.9681,-0.9164,-0.8216,0.0467,0.045,0.0442,0.0443,0.0454,0.0473,0.0496,0.0519,0.0533,0.0529,0.0496,0.0424,0.0308,0.0154,-0.0024,-0.0228,-0.0505,-0.0953,-0.1724,-0.3096,-0.546,-0.8365,-0.9039,-0.6576,-0.3952,-0.2654,-0.2336,-0.2333,-0.2578,-0.3302,-0.4484,-0.5799,-0.6813,-0.7264,-0.717,-0.6717]}]