docs/data/wind_grid.json
[{"header":{"la1":42.85,"la2":41.18,"lo1":11.55,"lo2":14.05,"nx":36,"ny":24,"dx":0.07143,"dy":0.07261,"parameterCategory":2,"parameterNumber":2,"parameterNumberName":"eastward_wind","parameterUnit":"m.s-1"},"data":[1.0564,1.029,0.9978,0.9634,0.9272,0.8921,0.862,0.8411,0.8319,0.8331,0.8398,0.8453,0.8438,0.8314,0.8072,0.7731,0.7335,0.6954,0.6663,0.6524,0.6556,0.6734,0.7006,0.732,0.7638,0.7936,0.8204,0.8441,0.865,0.8833,0.8996,0.9142,0.9274,0.9394,0.9504,0.9606,1.0552,1.0232,0.9853,0.9414,0.8926,0.8429,0.7988,0.7693,0.7607,0.772,0.7938,0.8134,0.8204,0.8091,0.778,0.7296,0.6702,0.6112,0.5668,0.5484,0.5588,0.5915,0.6358,0.6827,0.7267,0.7655,0.7985,0.8266,0.8504,0.8709,0.8888,0.9046,0.9189,0.9318,0.9436,0.9544,1.0568,1.0204,0.9749,0.9188,0.8519,0.7779,0.7076,0.6593,0.6501,0.6809,0.732,0.7775,0.7997,0.7911,0.7505,0.6804,0.5887,0.4929,0.4205,0.3963,0.4237,0.4854,0.5587,0.6287,0.6887,0.7379,0.7776,0.8098,0.8363,0.8587,0.8781,0.8951,0.9104,0.9241,0.9367,0.9482,1.0628,1.0226,0.9699,0.9001,0.8087,0.6958,0.5746,0.4821,0.4665,0.5378,0.6477,0.7398,0.7864,0.7825,0.7295,0.6286,0.4845,0.3207,0.1935,0.1627,0.2318,0.3508,0.472,0.574,0.6533,0.7132,0.7588,0.7943,0.8229,0.8468,0.8674,0.8855,0.9017,0.9163,0.9297,0.9419,1.0743,1.0325,0.975,0.893,0.774,0.6048,0.3885,0.1888,0.1449,0.3084,0.5397,0.7095,0.7891,0.79,0.7224,0.5835,0.3617,0.072,-0.1727,-0.2058,-0.034,0.1941,0.387,0.5276,0.6256,0.694,0.7432,0.7803,0.8099,0.8347,0.8563,0.8754,0.8927,0.9082,0.9224,0.9354,1.0917,1.0517,0.9947,0.9083,0.7695,0.5401,0.1776,-0.2617,-0.4039,-0.0208,0.4388,0.7111,0.8195,0.8193,0.7374,0.5658,0.2569,-0.2353,-0.726,-0.7397,-0.3423,0.0559,0.3298,0.5026,0.6113,0.682,0.7306,0.7669,0.7962,0.8216,0.8442,0.8646,0.883,0.8997,0.9148,0.9286,1.1142,1.0794,1.0302,0.9536,0.8211,0.5736,0.1051,-0.6341,-0.9617,-0.235,0.4585,0.7833,0.8868,0.8692,0.7732,0.596,0.2594,-0.3872,-1.1716,-1.1439,-0.4944,0.0268,0.3351,0.5108,0.6131,0.6759,0.7184,0.7513,0.7798,0.806,0.8302,0.8524,0.8725,0.8906,0.9068,0.9214,1.1389,1.1107,1.0744,1.022,0.9306,0.7494,0.3913,-0.1813,-0.4146,0.1828,0.7146,0.9418,0.9866,0.924,0.8004,0.6487,0.4098,-0.0752,-0.6971,-0.72,-0.2382,0.1703,0.4149,0.5507,0.6254,0.6693,0.7006,0.7288,0.7573,0.7858,0.8132,0.8384,0.8609,0.8807,0.8981,0.9137,1.1623,1.1378,1.1107,1.0838,1.0512,0.9852,0.8593,0.7144,0.7288,0.9343,1.0929,1.1438,1.1022,0.9608,0.7409,0.6004,0.5539,0.3849,0.1332,0.0682,0.2228,0.4071,0.5337,0.6016,0.6322,0.6481,0.6656,0.6913,0.7239,0.759,0.7925,0.8224,0.8482,0.8701,0.8889,0.9053,1.1828,1.1545,1.1194,1.0919,1.1061,1.1543,1.2002,1.2759,1.4335,1.5142,1.4217,1.3335,1.2327,1.0096,0.5037,0.2483,0.5671,0.6511,0.5929,0.5504,0.5695,0.613,0.6386,0.6329,0.6078,0.5888,0.5951,0.6277,0.6747,0.724,0.7682,0.805,0.8347,0.8588,0.8788,0.8961,1.2038,1.1678,1.1077,1.0318,1.0585,1.2331,1.3867,1.5256,1.7965,1.9293,1.6288,1.4809,1.3929,1.2291,0.6696,0.2753,0.6901,0.8002,0.7867,0.7714,0.7639,0.7476,0.7013,0.6164,0.5158,0.452,0.4602,0.5244,0.6066,0.6822,0.7424,0.7877,0.8213,0.8469,0.8675,0.8853,1.232,1.1978,1.1368,1.0574,1.0996,1.3208,1.4969,1.5865,1.7091,1.8041,1.6628,1.589,1.5481,1.5385,1.3744,1.0691,0.9556,0.8313,0.7907,0.8458,0.8674,0.8312,0.7237,0.5325,0.3012,0.1691,0.2211,0.3735,0.5253,0.6408,0.7203,0.7731,0.8086,0.834,0.8542,0.8721,1.2691,1.2504,1.2238,1.2117,1.2794,1.4281,1.5533,1.5988,1.6146,1.6683,1.687,1.7107,1.6775,1.6128,1.5585,1.3335,1.0627,0.6347,0.6198,0.8673,0.9459,0.9038,0.7359,0.3933,-0.0878,-0.3409,-0.1349,0.2025,0.4568,0.6156,0.7092,0.7635,0.796,0.8183,0.8368,0.8548,1.3097,1.3085,1.3124,1.3364,1.3988,1.4891,1.5659,1.6001,1.6266,1.7032,1.7685,1.8298,1.8347,1.7023,1.5895,1.3834,1.1598,0.8662,0.8124,0.9873,1.0593,1.009,0.7994,0.3261,-0.4512,-0.8594,-0.4106,0.1245,0.4515,0.6263,0.7152,0.7584,0.7802,0.7953,0.8113,0.8304,1.3471,1.358,1.3768,1.41,1.4615,1.524,1.5821,1.6314,1.7042,1.837,1.9497,1.914,1.8316,1.8851,1.6303,1.3223,1.1251,1.1459,1.1257,1.1792,1.2298,1.1767,0.9605,0.5194,-0.1603,-0.5323,-0.1774,0.2746,0.5469,0.6809,0.7356,0.7501,0.7514,0.7563,0.7712,0.7951,1.378,1.3954,1.4199,1.4542,1.4989,1.5514,1.6095,1.6814,1.801,2.0365,2.4396,2.1247,1.9436,1.7644,1.6094,1.364,1.2018,1.2571,1.2833,1.3303,1.4241,1.3711,1.154,0.8488,0.4967,0.3041,0.4036,0.5918,0.7154,0.7618,0.7541,0.7202,0.6908,0.6861,0.7076,0.7448,1.4018,1.4222,1.4483,1.4816,1.5225,1.5713,1.6303,1.7098,1.835,2.0542,2.3622,2.1247,1.7857,1.657,1.5958,1.4729,1.3871,1.3714,1.3793,1.4,1.4582,1.4189,1.269,1.0983,0.9545,0.8918,0.8988,0.9094,0.8916,0.8371,0.7447,0.638,0.5672,0.5637,0.6115,0.6784,1.4193,1.4406,1.4665,1.498,1.5356,1.5802,1.6345,1.7039,1.7959,1.9075,1.9756,1.8836,1.6994,1.6324,1.5754,1.511,1.4627,1.425,1.3981,1.4485,1.4504,1.413,1.3404,1.2614,1.229,1.2644,1.2638,1.1641,1.0352,0.8859,0.6877,0.4678,0.3435,0.3741,0.486,0.6039,1.4315,1.4524,1.4771,1.506,1.5397,1.5787,1.624,1.6765,1.7343,1.7852,1.8007,1.7577,1.6819,1.6102,1.5293,1.5055,1.4999,1.4826,1.4875,1.6105,1.5596,1.4902,1.4306,1.3808,1.3948,1.5335,1.5626,1.3356,1.1269,0.915,0.6064,0.2266,0.0425,0.1596,0.3694,0.5461,1.4393,1.4591,1.4819,1.5079,1.5372,1.5698,1.6055,1.6429,1.6783,1.7032,1.7064,1.6822,1.6381,1.584,1.5301,1.514,1.5281,1.5818,1.7811,1.879,1.6871,1.6051,1.5526,1.4811,1.4472,1.5669,1.5993,1.3168,1.1493,0.9591,0.612,0.1331,-0.088,0.0842,0.341,0.5398,1.4435,1.462,1.4826,1.5053,1.5302,1.5568,1.5842,1.6107,1.6331,1.6467,1.6468,1.6318,1.605,1.5732,1.5463,1.5369,1.5526,1.6113,1.726,1.7759,1.7463,1.7839,1.772,1.6209,1.4363,1.2777,1.0535,1.0776,1.1407,1.0567,0.7876,0.3961,0.1819,0.2638,0.4434,0.6001,1.4451,1.4618,1.4802,1.4999,1.5207,1.5421,1.5632,1.5823,1.5974,1.6058,1.6056,1.5966,1.5811,1.5637,1.5505,1.5484,1.5646,1.6063,1.6692,1.7395,1.8777,2.1504,2.2181,1.8713,1.4842,1.141,0.8312,0.9927,1.2421,1.2383,1.042,0.7675,0.5792,0.5525,0.6189,0.7049,1.4445,1.4596,1.4757,1.4927,1.51,1.5274,1.5437,1.558,1.5689,1.5749,1.5753,1.5705,1.5621,1.5533,1.5481,1.5512,1.5678,1.6029,1.6623,1.7693,2.006,2.431,2.5531,2.0669,1.5869,1.2697,1.1215,1.2704,1.5287,1.4663,1.2509,1.0281,0.8654,0.7924,0.7886,0.8181,1.4425,1.4559,1.47,1.4845,1.4991,1.5132,1.5262,1.5373,1.5456,1.5505,1.5518,1.5498,1.546,1.5425,1.5422,1.5486,1.5657,1.5988,1.6571,1.7631,1.9562,2.2124,2.2612,1.9674,1.6263,1.3995,1.3202,1.4165,1.5694,1.5103,1.333,1.1608,1.03,0.9517,0.9192,0.9168]},{"header":{"la1":42.85,"la2":41.18,"lo1":11.55,"lo2":14.05,"nx":36,"ny":24,"dx":0.07143,"dy":0.07261,"parameterCategory":2,"parameterNumber":3,"parameterNumberName":"northward_wind","parameterUnit":"m.s-1"},"data":[-0.156,-0.171,-0.1858,-0.1997,-0.2116,-0.2194,-0.22,-0.2104,-0.1882,-0.1537,-0.11,-0.062,-0.0144,0.0288,0.0656,0.0951,0.1178,0.1351,0.1486,0.1601,0.1708,0.1809,0.1903,0.1986,0.2055,0.211,0.2151,0.218,0.2198,0.2208,0.2211,0.2209,0.2204,0.2196,0.2186,0.2175,-0.1815,-0.2009,-0.2212,-0.2421,-0.2625,-0.2798,-0.2892,-0.2844,-0.2602,-0.2161,-0.1574,-0.0931,-0.0313,0.0226,0.0661,0.0986,0.1215,0.137,0.1484,0.1587,0.1696,0.1811,0.1922,0.202,0.2099,0.2159,0.2201,0.2227,0.2242,0.2247,0.2246,0.2239,0.2229,0.2217,0.2204,0.219,-0.2079,-0.2322,-0.2589,-0.2885,-0.321,-0.3538,-0.3801,-0.3874,-0.3629,-0.3035,-0.2202,-0.1305,-0.0483,0.0194,0.0704,0.105,0.1257,0.1364,0.143,0.1512,0.1634,0.1781,0.1927,0.2051,0.2145,0.2211,0.2253,0.2276,0.2286,0.2285,0.2278,0.2267,0.2252,0.2236,0.2219,0.2201,-0.2346,-0.264,-0.2973,-0.3368,-0.3849,-0.4419,-0.5001,-0.5362,-0.517,-0.4305,-0.3034,-0.1732,-0.0624,0.0221,0.0805,0.1153,0.1298,0.1297,0.1259,0.1309,0.1479,0.1705,0.1918,0.2083,0.2197,0.2268,0.2308,0.2326,0.2329,0.2321,0.2308,0.229,0.227,0.225,0.2228,0.2208,-0.2615,-0.2956,-0.3349,-0.3834,-0.4483,-0.5382,-0.6531,-0.7562,-0.7593,-0.6177,-0.4079,-0.215,-0.0676,0.035,0.0992,0.1309,0.1332,0.1111,0.0849,0.0862,0.1184,0.1585,0.1909,0.2128,0.2261,0.2334,0.2367,0.2375,0.2368,0.2353,0.2332,0.2308,0.2283,0.2257,0.2232,0.2209,-0.2887,-0.3273,-0.3706,-0.4239,-0.5,-0.622,-0.8174,-1.0592,-1.1299,-0.8667,-0.5123,-0.2387,-0.0539,0.0631,0.129,0.1543,0.1394,0.0794,0.0058,0.0064,0.0776,0.148,0.1945,0.221,0.2348,0.2409,0.2427,0.242,0.2402,0.2376,0.2348,0.2318,0.2287,0.2257,0.2229,0.2202,-0.3174,-0.3614,-0.4072,-0.4585,-0.5299,-0.6568,-0.9006,-1.293,-1.47,-1.0358,-0.5459,-0.2184,-0.0111,0.1104,0.1697,0.1863,0.1609,0.0676,-0.0673,-0.0616,0.0603,0.1563,0.2092,0.235,0.2459,0.2489,0.2481,0.2455,0.2423,0.2388,0.2352,0.2317,0.2281,0.2248,0.2216,0.2187,-0.3488,-0.4022,-0.4537,-0.4986,-0.5456,-0.6304,-0.8081,-1.0923,-1.2022,-0.8638,-0.4602,-0.1479,0.0645,0.1764,0.2103,0.2131,0.2026,0.1384,0.0282,0.026,0.1221,0.1988,0.2386,0.2548,0.2583,0.256,0.2516,0.2469,0.2424,0.2382,0.2342,0.2302,0.2263,0.2226,0.2191,0.2161,-0.3824,-0.4544,-0.5257,-0.5739,-0.5837,-0.594,-0.6622,-0.7741,-0.8139,-0.6773,-0.384,-0.0592,0.1746,0.26,0.209,0.1699,0.2241,0.2479,0.2183,0.2084,0.2367,0.2647,0.277,0.2763,0.2687,0.2592,0.2508,0.2444,0.2395,0.2354,0.2313,0.2272,0.223,0.219,0.2153,0.2121,-0.4122,-0.5133,-0.6336,-0.7276,-0.6985,-0.5971,-0.5863,-0.7102,-0.9495,-0.9586,-0.4744,0.0323,0.345,0.3969,0.0873,-0.1002,0.1987,0.3439,0.3668,0.3548,0.3417,0.3292,0.3128,0.2923,0.2711,0.2536,0.2422,0.2361,0.2327,0.2298,0.2264,0.2224,0.218,0.2137,0.2098,0.2066,-0.4235,-0.5502,-0.7324,-0.932,-0.886,-0.6099,-0.5133,-0.6832,-1.4276,-1.8168,-0.6229,0.1884,0.6302,0.7608,0.3057,-0.0589,0.3242,0.4767,0.4988,0.4676,0.4226,0.3789,0.337,0.2954,0.2578,0.2318,0.2208,0.2197,0.2213,0.2215,0.2195,0.2157,0.211,0.2063,0.2022,0.199,-0.4022,-0.5239,-0.6991,-0.8896,-0.8293,-0.5229,-0.3718,-0.3839,-0.849,-1.1781,-0.2888,0.4542,0.9845,1.4333,1.1875,0.7257,0.6261,0.6524,0.6418,0.5631,0.4804,0.41,0.3454,0.2796,0.218,0.1821,0.1804,0.1942,0.2063,0.2116,0.211,0.207,0.2014,0.196,0.1917,0.1889,-0.3495,-0.4367,-0.5382,-0.6059,-0.5369,-0.3722,-0.2612,-0.1988,-0.2624,-0.2591,0.1712,0.7047,1.0814,1.6437,1.4761,0.984,0.7867,0.776,0.7609,0.622,0.507,0.4199,0.3401,0.2469,0.1441,0.0927,0.1204,0.1647,0.1918,0.202,0.2016,0.1958,0.1884,0.1818,0.1774,0.1753,-0.2818,-0.3326,-0.3762,-0.3865,-0.341,-0.2676,-0.2166,-0.1969,-0.1727,-0.0228,0.312,0.8429,1.0428,1.303,1.0994,0.9556,0.8853,0.7891,0.7288,0.6053,0.4895,0.4065,0.3306,0.2234,0.076,0.0048,0.0743,0.1488,0.1851,0.1952,0.1912,0.1809,0.1698,0.1615,0.1574,0.1571,-0.2147,-0.241,-0.257,-0.2528,-0.2259,-0.1898,-0.161,-0.1376,-0.0923,-0.0192,0.0867,0.3571,0.6628,0.6463,0.8403,0.9859,1.2058,0.8745,0.6784,0.5373,0.4179,0.3633,0.3237,0.2426,0.1208,0.0564,0.1069,0.1653,0.1908,0.1916,0.178,0.1589,0.1418,0.1316,0.1293,0.1329,-0.1552,-0.1676,-0.1715,-0.1638,-0.1454,-0.1219,-0.0988,-0.078,-0.0737,-0.1737,-0.5381,-0.1758,0.1478,0.5141,0.6426,0.8635,1.0566,0.8117,0.6236,0.4564,0.2781,0.2858,0.3161,0.2804,0.2184,0.1803,0.1868,0.2033,0.2048,0.1882,0.158,0.1237,0.0973,0.0864,0.0897,0.1015,-0.1047,-0.1091,-0.1074,-0.0984,-0.0833,-0.0647,-0.0466,-0.0366,-0.0599,-0.1889,-0.4682,-0.1911,0.112,0.2135,0.4293,0.5829,0.6719,0.6518,0.5983,0.4638,0.2614,0.2789,0.3224,0.3062,0.2757,0.2559,0.2483,0.2404,0.2204,0.182,0.1257,0.0651,0.0247,0.0181,0.0362,0.0631,-0.0622,-0.062,-0.0571,-0.0475,-0.0337,-0.0178,-0.003,0.0041,-0.0092,-0.0538,-0.0808,0.0224,0.1381,0.1805,0.2825,0.3507,0.4898,0.6178,0.6856,0.5728,0.4332,0.3696,0.344,0.3179,0.2991,0.2914,0.2866,0.272,0.2373,0.1738,0.0779,-0.0288,-0.0891,-0.0773,-0.0286,0.0223,-0.0264,-0.0232,-0.0166,-0.0065,0.0066,0.0213,0.0353,0.0455,0.0489,0.0496,0.0685,0.1219,0.1789,0.2053,0.1191,0.0714,0.3635,0.5857,0.6788,0.6696,0.54,0.4161,0.3435,0.3104,0.3044,0.3047,0.3045,0.3015,0.2602,0.1717,0.0274,-0.1466,-0.2297,-0.1783,-0.0866,-0.0099,0.004,0.0089,0.0167,0.0271,0.0399,0.0541,0.0687,0.0825,0.0955,0.1114,0.1365,0.1719,0.205,0.209,0.1382,0.1258,0.3381,0.5475,0.7713,0.8559,0.5846,0.3827,0.2847,0.2711,0.302,0.3158,0.3168,0.3484,0.2954,0.1872,0.0193,-0.1924,-0.2878,-0.214,-0.104,-0.0187,0.0298,0.036,0.0444,0.055,0.0676,0.0816,0.0967,0.1125,0.1294,0.1492,0.1732,0.2004,0.2245,0.2356,0.2338,0.2652,0.3668,0.5002,0.6444,0.6641,0.444,0.2029,0.1048,0.1666,0.2859,0.4053,0.5362,0.4815,0.3363,0.213,0.0752,-0.0892,-0.1767,-0.142,-0.0661,0.0007,0.0519,0.0588,0.0675,0.0782,0.0905,0.1044,0.1195,0.1358,0.1536,0.1733,0.1952,0.2182,0.2396,0.2576,0.2763,0.3091,0.3627,0.423,0.4576,0.3958,0.163,-0.182,-0.2817,-0.0359,0.2275,0.4563,0.6675,0.5359,0.3014,0.2057,0.1337,0.0408,-0.025,-0.0308,-0.0003,0.0377,0.0708,0.0781,0.087,0.0975,0.1095,0.1229,0.1376,0.1535,0.1707,0.1893,0.2089,0.2291,0.2487,0.2675,0.2875,0.3113,0.3371,0.3525,0.331,0.2239,-0.0391,-0.4529,-0.5631,-0.1936,0.1412,0.351,0.4455,0.3265,0.151,0.1532,0.1534,0.1138,0.0727,0.0553,0.0606,0.0773,0.087,0.0945,0.1033,0.1136,0.1251,0.1379,0.1519,0.1669,0.1829,0.1998,0.2173,0.2349,0.2522,0.2688,0.2847,0.2992,0.3081,0.3013,0.2606,0.1576,-0.0361,-0.2774,-0.3331,-0.1245,0.1054,0.2483,0.2898,0.2182,0.1291,0.1413,0.1587,0.146,0.1237,0.1087,0.1053,0.1106]}]