docs/data/wind_grid.json
[{"header":{"la1":42.85,"la2":41.18,"lo1":11.55,"lo2":14.05,"nx":36,"ny":24,"dx":0.07143,"dy":0.07261,"parameterCategory":2,"parameterNumber":2,"parameterNumberName":"eastward_wind","parameterUnit":"m.s-1"},"data":[0.4004,0.3964,0.392,0.3871,0.3816,0.3753,0.368,0.3593,0.3485,0.3348,0.3169,0.2937,0.2643,0.2282,0.186,0.1395,0.0923,0.0502,0.0192,0.0041,0.0062,0.0229,0.0495,0.0813,0.1144,0.1465,0.1762,0.2031,0.227,0.2482,0.2668,0.2833,0.2978,0.3106,0.322,0.3321,0.4025,0.3987,0.3945,0.3897,0.3843,0.3782,0.3712,0.363,0.3529,0.3397,0.3213,0.296,0.262,0.2181,0.1639,0.1012,0.0347,-0.0265,-0.071,-0.0898,-0.0811,-0.0509,-0.0085,0.038,0.0832,0.1246,0.1612,0.1931,0.2206,0.2443,0.2647,0.2824,0.2978,0.3112,0.323,0.3334,0.4047,0.401,0.397,0.3923,0.387,0.3809,0.374,0.3664,0.3577,0.346,0.3285,0.302,0.2635,0.2108,0.1417,0.0562,-0.0404,-0.1338,-0.2016,-0.2246,-0.2009,-0.1454,-0.0771,-0.0092,0.0519,0.1044,0.1486,0.1855,0.2164,0.2424,0.2644,0.2831,0.2991,0.313,0.325,0.3356,0.4069,0.4034,0.3995,0.395,0.3895,0.3828,0.3752,0.3676,0.3608,0.3527,0.3383,0.3123,0.2705,0.2089,0.1226,0.0068,-0.1365,-0.2868,-0.3981,-0.4249,-0.3668,-0.2635,-0.1536,-0.0562,0.024,0.0885,0.1401,0.1816,0.2154,0.2431,0.2662,0.2855,0.3019,0.3159,0.328,0.3386,0.409,0.4057,0.4021,0.3977,0.392,0.384,0.3734,0.3629,0.3577,0.3571,0.3502,0.3274,0.2843,0.2159,0.1131,-0.0381,-0.2493,-0.5006,-0.6983,-0.7238,-0.5874,-0.3979,-0.2278,-0.0949,0.005,0.0802,0.1377,0.1826,0.2181,0.2468,0.2703,0.2898,0.3062,0.3201,0.332,0.3423,0.4109,0.4079,0.4046,0.4008,0.3952,0.3857,0.3692,0.3482,0.3408,0.3555,0.364,0.3481,0.3063,0.2354,0.1226,-0.0583,-0.3466,-0.7526,-1.1128,-1.121,-0.8301,-0.514,-0.2769,-0.1128,0.0012,0.0829,0.1433,0.1893,0.2252,0.2538,0.2769,0.296,0.3119,0.3254,0.3369,0.3469,0.4125,0.4095,0.4067,0.4039,0.3999,0.3915,0.371,0.3331,0.3154,0.3563,0.386,0.3766,0.3369,0.2686,0.1587,-0.0266,-0.3504,-0.877,-1.4141,-1.3953,-0.9463,-0.5399,-0.2707,-0.0977,0.0177,0.0985,0.1574,0.2019,0.2364,0.2638,0.2859,0.304,0.319,0.3317,0.3426,0.352,0.4134,0.4103,0.4077,0.406,0.4053,0.4037,0.3944,0.3677,0.3568,0.4045,0.4321,0.416,0.3745,0.3127,0.2186,0.0628,-0.2074,-0.6455,-1.103,-1.1138,-0.7582,-0.4237,-0.1967,-0.0475,0.054,0.1261,0.1794,0.2199,0.2514,0.2765,0.2967,0.3133,0.3272,0.3389,0.3489,0.3576,0.4137,0.4097,0.4064,0.4047,0.4065,0.4143,0.4307,0.4565,0.4959,0.5293,0.5128,0.4651,0.4138,0.3595,0.2873,0.1746,-0.0023,-0.2484,-0.4821,-0.531,-0.3963,-0.2232,-0.0807,0.0253,0.1035,0.1621,0.2068,0.2416,0.2691,0.291,0.3089,0.3237,0.336,0.3464,0.3555,0.3633,0.4133,0.4077,0.4021,0.3975,0.3966,0.406,0.4413,0.5325,0.6894,0.7483,0.6251,0.5104,0.4437,0.3988,0.3487,0.2676,0.1484,0.0116,-0.1004,-0.1436,-0.1123,-0.042,0.034,0.1012,0.1566,0.2012,0.2367,0.2651,0.288,0.3065,0.3216,0.3343,0.3449,0.354,0.362,0.3691,0.4128,0.405,0.3956,0.3845,0.3727,0.3649,0.3816,0.5032,0.9068,1.0948,0.7148,0.5257,0.4526,0.4205,0.399,0.3304,0.2123,0.0897,0.0204,0.0113,0.0358,0.0763,0.122,0.1661,0.2053,0.2386,0.266,0.2884,0.3066,0.3216,0.334,0.3445,0.3534,0.3612,0.3681,0.3744,0.4132,0.403,0.3894,0.3704,0.3426,0.3007,0.242,0.2265,0.567,0.8359,0.6226,0.5025,0.4412,0.3745,0.4607,0.3747,0.1976,-0.0148,-0.0666,0.019,0.0925,0.1418,0.1808,0.2153,0.2456,0.2714,0.2924,0.3095,0.3235,0.3351,0.345,0.3534,0.3608,0.3673,0.3733,0.379,0.4153,0.4036,0.3872,0.3627,0.3238,0.2581,0.1449,0.0056,0.1507,0.4353,0.4996,0.4871,0.4643,0.4602,0.5895,0.3911,0.1524,-0.2681,-0.2787,-0.01,0.1188,0.1772,0.2161,0.249,0.2766,0.2981,0.3143,0.3268,0.337,0.3458,0.3535,0.3602,0.3662,0.3718,0.3771,0.3824,0.4199,0.4081,0.3915,0.367,0.3292,0.2695,0.1809,0.0908,0.1709,0.3828,0.4767,0.4934,0.4925,0.4939,0.4715,0.3488,0.1754,-0.0667,-0.1045,0.0682,0.1481,0.1854,0.2272,0.2684,0.299,0.3182,0.3299,0.3382,0.3454,0.3522,0.3585,0.364,0.3691,0.3739,0.3789,0.3841,0.4272,0.4169,0.4027,0.383,0.3555,0.3189,0.2792,0.2665,0.3359,0.4528,0.5163,0.5079,0.4738,0.4091,0.4334,0.249,0.0533,0.1671,0.1827,0.1732,0.1113,0.1199,0.2045,0.2767,0.3156,0.331,0.3363,0.3404,0.3462,0.3528,0.359,0.364,0.3684,0.3729,0.3781,0.3839,0.4368,0.4289,0.4186,0.4058,0.3905,0.3755,0.3691,0.3878,0.4461,0.535,0.6348,0.5247,0.5037,0.4792,0.4644,0.322,0.1701,0.318,0.3611,0.1982,-0.1368,-0.0705,0.1667,0.2908,0.331,0.3323,0.3262,0.3276,0.3363,0.3467,0.3547,0.3596,0.3633,0.3678,0.374,0.3814,0.448,0.4428,0.4368,0.4304,0.4248,0.4232,0.4311,0.4555,0.4999,0.5616,0.6267,0.5704,0.5262,0.5262,0.5813,0.5772,0.5434,0.5963,0.6128,0.362,-0.15,-0.0576,0.2262,0.3401,0.344,0.3063,0.2822,0.29,0.3132,0.3344,0.3465,0.3507,0.3527,0.3576,0.3663,0.3767,0.4599,0.4574,0.4551,0.4537,0.4544,0.4596,0.4721,0.4942,0.5251,0.5589,0.5808,0.5777,0.5577,0.5887,0.847,0.9707,0.8558,0.8409,0.88,0.755,0.4703,0.374,0.4266,0.4252,0.3361,0.2168,0.1736,0.219,0.2792,0.3199,0.3373,0.3378,0.336,0.3424,0.3557,0.3709,0.4719,0.4717,0.4724,0.4745,0.479,0.4875,0.5011,0.5205,0.5443,0.5694,0.5929,0.6192,0.672,0.8555,1.4159,1.6282,1.1297,0.9869,1.0281,1.2005,0.9768,0.7648,0.6549,0.5259,0.3065,0.0495,-0.0047,0.1377,0.2506,0.3107,0.3311,0.324,0.3166,0.3264,0.3462,0.3667,0.4835,0.4853,0.4881,0.4926,0.4995,0.5096,0.5236,0.5418,0.5638,0.5893,0.6209,0.6687,0.7619,0.9751,1.3784,1.5027,1.1988,1.1747,1.5987,1.8123,1.3105,1.0454,0.892,0.6767,0.3588,0.0277,-0.035,0.1438,0.2531,0.3133,0.3323,0.3195,0.309,0.3212,0.3448,0.368,0.4945,0.4977,0.5022,0.5084,0.5168,0.5279,0.5423,0.5604,0.5825,0.6101,0.6467,0.7011,0.7896,0.9314,1.0993,1.1632,1.128,1.1995,1.4436,1.5371,1.3725,1.3262,1.2533,0.9563,0.553,0.265,0.1994,0.2229,0.2795,0.328,0.3449,0.335,0.3263,0.336,0.3563,0.3773,0.5046,0.509,0.5147,0.5221,0.5314,0.5433,0.5581,0.5763,0.5988,0.6271,0.6642,0.7148,0.7847,0.8732,0.961,1.0179,1.0576,1.134,1.2515,1.3476,1.4923,1.8267,1.9043,1.3949,0.7911,0.3799,0.2114,0.2443,0.3115,0.3545,0.3694,0.3651,0.3598,0.3648,0.378,0.3934,0.5139,0.5192,0.5257,0.5339,0.5439,0.5562,0.5712,0.5895,0.6118,0.6394,0.6741,0.7179,0.772,0.8336,0.8947,0.949,1.0038,1.0765,1.1765,1.327,1.6403,2.1933,2.3473,1.7052,1.0075,0.5555,0.3549,0.3366,0.3706,0.3954,0.4033,0.4003,0.3962,0.3974,0.4042,0.4136,0.5222,0.5282,0.5354,0.544,0.5545,0.567,0.582,0.5999,0.6215,0.6475,0.6788,0.7163,0.7599,0.8078,0.8573,0.9077,0.9635,1.034,1.1329,1.2906,1.5621,1.9103,1.9771,1.5828,1.0889,0.7298,0.5361,0.4647,0.4493,0.4469,0.443,0.4366,0.4309,0.4288,0.4305,0.4348]},{"header":{"la1":42.85,"la2":41.18,"lo1":11.55,"lo2":14.05,"nx":36,"ny":24,"dx":0.07143,"dy":0.07261,"parameterCategory":2,"parameterNumber":3,"parameterNumberName":"northward_wind","parameterUnit":"m.s-1"},"data":[0.1648,0.1859,0.2095,0.2348,0.2605,0.2841,0.3021,0.3109,0.3081,0.2936,0.2704,0.2427,0.2143,0.1878,0.1644,0.1444,0.1275,0.1133,0.1011,0.0903,0.0804,0.0709,0.0615,0.0524,0.0434,0.0346,0.0261,0.0179,0.01,0.0025,-0.0046,-0.0113,-0.0176,-0.0234,-0.0289,-0.0339,0.1704,0.1957,0.2252,0.2588,0.295,0.3306,0.3599,0.3759,0.3731,0.3512,0.3159,0.2753,0.236,0.2015,0.1728,0.1494,0.1305,0.1152,0.1026,0.0918,0.0817,0.0719,0.0621,0.0524,0.0428,0.0334,0.0243,0.0156,0.0072,-0.0007,-0.0082,-0.0153,-0.0219,-0.028,-0.0336,-0.0387,0.1733,0.2028,0.2391,0.2831,0.3341,0.389,0.4389,0.4698,0.4685,0.433,0.3757,0.3139,0.2589,0.2143,0.1795,0.1527,0.1319,0.1159,0.1034,0.093,0.0831,0.073,0.0626,0.0521,0.0417,0.0316,0.0219,0.0127,0.0038,-0.0046,-0.0125,-0.0199,-0.0268,-0.0332,-0.039,-0.0443,0.1721,0.2053,0.2483,0.3041,0.375,0.4599,0.5479,0.6115,0.6162,0.5533,0.4542,0.3573,0.2804,0.2243,0.1839,0.154,0.1316,0.1152,0.1036,0.0943,0.0848,0.0743,0.0629,0.0514,0.0401,0.0293,0.0189,0.0091,-0.0003,-0.0091,-0.0174,-0.0253,-0.0325,-0.0391,-0.0452,-0.0506,0.1653,0.2006,0.2487,0.3155,0.4089,0.5362,0.6922,0.8302,0.8558,0.7324,0.5502,0.398,0.2951,0.2292,0.1853,0.1537,0.1299,0.1134,0.1034,0.0963,0.0873,0.0757,0.0628,0.05,0.0377,0.0261,0.0151,0.0047,-0.0051,-0.0145,-0.0233,-0.0315,-0.0391,-0.046,-0.0522,-0.0577,0.152,0.1865,0.2355,0.3078,0.4186,0.5911,0.8477,1.1404,1.2296,0.9699,0.6375,0.4166,0.2945,0.2267,0.1843,0.1531,0.1281,0.1108,0.1036,0.0999,0.0905,0.0763,0.0614,0.0472,0.0341,0.0219,0.0104,-0.0005,-0.0109,-0.0207,-0.03,-0.0387,-0.0467,-0.0539,-0.0603,-0.066,0.132,0.162,0.2056,0.2728,0.3822,0.5705,0.8999,1.3789,1.5796,1.1142,0.6319,0.3833,0.2716,0.2176,0.1837,0.1549,0.1285,0.1093,0.1042,0.1031,0.0911,0.0739,0.0573,0.0425,0.029,0.0165,0.0047,-0.0067,-0.0175,-0.0279,-0.0378,-0.047,-0.0555,-0.0631,-0.0697,-0.0754,0.1062,0.1283,0.1604,0.2098,0.2913,0.4343,0.6913,1.077,1.2256,0.8171,0.4474,0.2879,0.2321,0.2091,0.1889,0.1628,0.1333,0.1099,0.1013,0.0968,0.0828,0.0654,0.0495,0.0354,0.0224,0.01,-0.002,-0.0138,-0.0252,-0.0363,-0.0469,-0.0567,-0.0658,-0.0738,-0.0807,-0.0864,0.0771,0.0893,0.1059,0.1301,0.1673,0.2265,0.3151,0.4035,0.3739,0.2284,0.158,0.1698,0.2,0.2166,0.2096,0.1809,0.1419,0.1079,0.0883,0.0767,0.064,0.0507,0.0383,0.0264,0.0146,0.0026,-0.0095,-0.0218,-0.0339,-0.0459,-0.0573,-0.0681,-0.0778,-0.0864,-0.0935,-0.0992,0.0476,0.0498,0.0512,0.0508,0.0472,0.0361,0.0048,-0.0851,-0.2701,-0.3305,-0.1179,0.0872,0.2074,0.2606,0.2581,0.2133,0.1498,0.0932,0.0593,0.0449,0.0383,0.0328,0.0259,0.0172,0.0068,-0.005,-0.0175,-0.0305,-0.0437,-0.0568,-0.0695,-0.0815,-0.0922,-0.1014,-0.1088,-0.1143,0.0205,0.0146,0.0041,-0.014,-0.044,-0.0919,-0.1659,-0.303,-0.6849,-0.875,-0.2922,0.0895,0.2769,0.3585,0.3468,0.2611,0.1457,0.0446,-0.003,-0.0034,0.0085,0.0158,0.0158,0.0099,0.0001,-0.0122,-0.0257,-0.04,-0.0546,-0.0694,-0.0839,-0.0975,-0.1096,-0.1197,-0.1273,-0.1324,-0.0023,-0.0135,-0.0311,-0.0585,-0.1001,-0.16,-0.2341,-0.3024,-0.4781,-0.5963,-0.1612,0.1905,0.3864,0.4926,0.4735,0.3122,0.1098,-0.0865,-0.135,-0.0707,-0.0185,0.0064,0.0126,0.0073,-0.0041,-0.0184,-0.0339,-0.05,-0.0667,-0.0838,-0.1009,-0.1171,-0.1312,-0.1423,-0.15,-0.1543,-0.0198,-0.0335,-0.0536,-0.083,-0.1253,-0.1835,-0.2536,-0.3043,-0.2862,-0.1958,0.0566,0.3355,0.475,0.5671,0.5574,0.3216,0.0573,-0.2978,-0.3102,-0.1181,-0.0213,0.0169,0.0229,0.0122,-0.005,-0.0236,-0.0421,-0.0607,-0.0801,-0.1006,-0.1216,-0.1416,-0.1587,-0.1713,-0.1787,-0.1813,-0.0324,-0.0462,-0.0653,-0.0915,-0.1268,-0.1726,-0.2257,-0.2686,-0.2315,-0.0813,0.1338,0.4432,0.5646,0.8078,0.4804,0.2618,0.0759,-0.1523,-0.1956,-0.0645,0.0304,0.0663,0.0554,0.0263,-0.0034,-0.0289,-0.051,-0.0721,-0.0946,-0.1199,-0.1471,-0.1734,-0.1951,-0.2093,-0.2155,-0.2147,-0.0409,-0.0534,-0.0696,-0.09,-0.1151,-0.1434,-0.1696,-0.1769,-0.1356,-0.0537,0.0381,0.1932,0.3869,0.4972,0.3609,0.165,0.1045,0.0175,-0.0271,0.05,0.1707,0.187,0.1158,0.0453,-0.0038,-0.0368,-0.0611,-0.0836,-0.1095,-0.1419,-0.1795,-0.2165,-0.2454,-0.2611,-0.2636,-0.2564,-0.0466,-0.0571,-0.0698,-0.0845,-0.1003,-0.115,-0.1237,-0.1187,-0.0997,-0.1025,-0.1991,-0.0215,0.0673,0.1885,0.1424,0.0798,0.0697,0.0032,-0.0047,0.1518,0.4494,0.3918,0.1791,0.0515,-0.0148,-0.0506,-0.0729,-0.0934,-0.1224,-0.1659,-0.2216,-0.2776,-0.3179,-0.3332,-0.3267,-0.3073,-0.0506,-0.0592,-0.0689,-0.0791,-0.089,-0.0967,-0.0999,-0.0979,-0.0979,-0.1248,-0.1967,-0.1243,-0.2606,-0.36,-0.1456,-0.1139,-0.101,-0.1139,-0.0976,0.0865,0.4745,0.3964,0.1492,0.0174,-0.0436,-0.0722,-0.0858,-0.0983,-0.1284,-0.1892,-0.2773,-0.3678,-0.4249,-0.4332,-0.4066,-0.3662,-0.0538,-0.0608,-0.0684,-0.076,-0.0828,-0.0882,-0.0915,-0.0941,-0.1006,-0.1176,-0.1415,-0.184,-0.3707,-0.4446,-0.4289,-0.464,-0.3199,-0.228,-0.2073,-0.1514,0.0292,0.0778,0.0039,-0.0552,-0.0842,-0.102,-0.104,-0.0945,-0.1189,-0.2053,-0.3481,-0.4977,-0.5757,-0.5607,-0.4969,-0.4261,-0.0567,-0.0628,-0.0691,-0.0753,-0.0811,-0.0863,-0.0912,-0.0973,-0.1071,-0.124,-0.1524,-0.2075,-0.307,-0.4585,-0.8836,-1.056,-0.5502,-0.3287,-0.3072,-0.4164,-0.2962,-0.188,-0.154,-0.1334,-0.1153,-0.1432,-0.1488,-0.0748,-0.0793,-0.1998,-0.4163,-0.645,-0.7399,-0.683,-0.5728,-0.4716,-0.0597,-0.0652,-0.0709,-0.0766,-0.0824,-0.0883,-0.095,-0.1038,-0.1166,-0.1366,-0.169,-0.2235,-0.3165,-0.4956,-0.8341,-0.9321,-0.597,-0.4634,-0.6495,-0.7608,-0.4982,-0.3693,-0.3035,-0.2124,-0.1125,-0.124,-0.1327,0.0428,0.0195,-0.1515,-0.4236,-0.6992,-0.8011,-0.7239,-0.5959,-0.4849,-0.0629,-0.0681,-0.0736,-0.0793,-0.0855,-0.0923,-0.1006,-0.1113,-0.1264,-0.1483,-0.1813,-0.2317,-0.3097,-0.4276,-0.5627,-0.5956,-0.5117,-0.4852,-0.5819,-0.6264,-0.5551,-0.5567,-0.5271,-0.3472,-0.0884,0.1722,0.4823,0.4192,0.1825,-0.0626,-0.3348,-0.5807,-0.6851,-0.6445,-0.5501,-0.4597,-0.0662,-0.0713,-0.0768,-0.0828,-0.0894,-0.0971,-0.1065,-0.1185,-0.1345,-0.1566,-0.1873,-0.23,-0.2874,-0.3569,-0.4199,-0.4458,-0.4408,-0.4522,-0.4982,-0.5524,-0.6601,-0.8935,-0.9475,-0.6022,-0.1391,0.3528,0.7698,0.608,0.276,0.0114,-0.2182,-0.4041,-0.5019,-0.5077,-0.464,-0.4083,-0.0696,-0.0747,-0.0803,-0.0865,-0.0936,-0.1018,-0.1118,-0.1244,-0.1404,-0.1613,-0.1885,-0.223,-0.2645,-0.3093,-0.3488,-0.3752,-0.3937,-0.4205,-0.4695,-0.5616,-0.7701,-1.1384,-1.2404,-0.8015,-0.2737,0.171,0.4397,0.4036,0.2149,0.0238,-0.1427,-0.2749,-0.3567,-0.385,-0.3762,-0.3501,-0.0729,-0.0781,-0.0838,-0.0902,-0.0976,-0.1061,-0.1164,-0.1289,-0.1443,-0.1634,-0.1868,-0.2147,-0.2461,-0.2787,-0.309,-0.3353,-0.3612,-0.3953,-0.4499,-0.5473,-0.7234,-0.9517,-0.9932,-0.7186,-0.3495,-0.0421,0.1392,0.1687,0.0968,-0.0091,-0.1147,-0.2039,-0.2663,-0.2986,-0.3062,-0.2983]}]