docs/data/wind_grid.json
[{"header":{"la1":42.85,"la2":41.18,"lo1":11.55,"lo2":14.05,"nx":36,"ny":24,"dx":0.07143,"dy":0.07261,"parameterCategory":2,"parameterNumber":2,"parameterNumberName":"eastward_wind","parameterUnit":"m.s-1"},"data":[-0.7308,-0.7416,-0.7536,-0.7665,-0.7797,-0.7921,-0.8019,-0.8075,-0.8079,-0.8039,-0.7975,-0.7917,-0.7892,-0.7916,-0.7994,-0.8118,-0.8266,-0.841,-0.8515,-0.8557,-0.8526,-0.8431,-0.8289,-0.8122,-0.7945,-0.777,-0.7604,-0.7449,-0.7307,-0.7178,-0.7062,-0.6956,-0.6862,-0.6777,-0.67,-0.6632,-0.7338,-0.7466,-0.7615,-0.7784,-0.7967,-0.8149,-0.83,-0.8386,-0.8382,-0.8294,-0.8161,-0.8038,-0.7972,-0.7989,-0.8095,-0.8279,-0.8511,-0.8741,-0.891,-0.8973,-0.8918,-0.8766,-0.8556,-0.8323,-0.809,-0.787,-0.7669,-0.7488,-0.7326,-0.7182,-0.7054,-0.694,-0.6839,-0.6749,-0.6669,-0.6598,-0.7358,-0.7507,-0.769,-0.791,-0.8167,-0.8445,-0.8697,-0.8854,-0.8845,-0.867,-0.8408,-0.8169,-0.8032,-0.8033,-0.818,-0.8456,-0.8823,-0.92,-0.9479,-0.9567,-0.9453,-0.9195,-0.8873,-0.8544,-0.8237,-0.7964,-0.7723,-0.7514,-0.7332,-0.7173,-0.7034,-0.6913,-0.6806,-0.6712,-0.6629,-0.6557,-0.7362,-0.753,-0.7746,-0.8026,-0.8384,-0.8815,-0.9264,-0.9586,-0.9596,-0.9252,-0.8742,-0.8297,-0.8046,-0.8023,-0.8224,-0.8636,-0.9218,-0.9854,-1.0331,-1.0445,-1.0189,-0.973,-0.9229,-0.8768,-0.8372,-0.8038,-0.7758,-0.7521,-0.732,-0.7148,-0.7,-0.6872,-0.6761,-0.6664,-0.658,-0.6506,-0.7343,-0.7522,-0.7765,-0.81,-0.8573,-0.9224,-1.0032,-1.075,-1.0862,-1.0163,-0.9161,-0.8379,-0.7972,-0.7919,-0.8188,-0.8777,-0.968,-1.0771,-1.1626,-1.1742,-1.1162,-1.0341,-0.9581,-0.8961,-0.8469,-0.8078,-0.7762,-0.7502,-0.7286,-0.7104,-0.695,-0.6817,-0.6703,-0.6605,-0.652,-0.6446,-0.7297,-0.7475,-0.7724,-0.8088,-0.8648,-0.9533,-1.0874,-1.2433,-1.2897,-1.1423,-0.953,-0.8302,-0.7743,-0.7676,-0.8019,-0.879,-1.0078,-1.1854,-1.3395,-1.3438,-1.2224,-1.0881,-0.9834,-0.9069,-0.8501,-0.8067,-0.7725,-0.7451,-0.7226,-0.7039,-0.6881,-0.6746,-0.6631,-0.6532,-0.6448,-0.6375,-0.7224,-0.7385,-0.7612,-0.7952,-0.8501,-0.9458,-1.1172,-1.3738,-1.4834,-1.2193,-0.9371,-0.788,-0.7291,-0.7256,-0.7666,-0.8554,-1.0084,-1.2408,-1.4662,-1.4589,-1.2756,-1.1055,-0.9865,-0.9039,-0.8442,-0.7992,-0.7642,-0.7363,-0.7137,-0.6949,-0.6792,-0.6658,-0.6544,-0.6446,-0.6363,-0.6293,-0.713,-0.7261,-0.7439,-0.7697,-0.8104,-0.8808,-1.0098,-1.2101,-1.2859,-1.0462,-0.8153,-0.7017,-0.6601,-0.6649,-0.7114,-0.8032,-0.9485,-1.1522,-1.3444,-1.3505,-1.2089,-1.0679,-0.9628,-0.8861,-0.8288,-0.785,-0.7509,-0.7238,-0.7019,-0.6837,-0.6683,-0.6553,-0.6441,-0.6345,-0.6265,-0.6197,-0.7027,-0.7123,-0.7242,-0.7393,-0.7593,-0.7864,-0.8224,-0.852,-0.8138,-0.7058,-0.6285,-0.5903,-0.5743,-0.5863,-0.6385,-0.7359,-0.8696,-1.0157,-1.1277,-1.1491,-1.0889,-1.0032,-0.9233,-0.8574,-0.8053,-0.7647,-0.733,-0.7078,-0.6873,-0.6702,-0.6556,-0.643,-0.6321,-0.6228,-0.6151,-0.6088,-0.6925,-0.6991,-0.7063,-0.7134,-0.7183,-0.7154,-0.6905,-0.612,-0.4618,-0.3881,-0.4535,-0.4871,-0.4808,-0.4857,-0.545,-0.6697,-0.8329,-0.9825,-1.0669,-1.0732,-1.0249,-0.954,-0.8833,-0.8232,-0.7757,-0.7392,-0.711,-0.6888,-0.6705,-0.6549,-0.6411,-0.629,-0.6184,-0.6093,-0.6019,-0.5962,-0.6833,-0.6882,-0.6931,-0.6975,-0.6995,-0.6944,-0.6669,-0.5584,-0.2291,-0.0756,-0.3441,-0.4182,-0.3814,-0.3442,-0.4127,-0.6073,-0.8751,-1.1226,-1.2164,-1.1517,-1.0357,-0.9289,-0.8452,-0.7838,-0.74,-0.7088,-0.6858,-0.6676,-0.6522,-0.6383,-0.6253,-0.6134,-0.6027,-0.5937,-0.5867,-0.5815,-0.6754,-0.6796,-0.6844,-0.6905,-0.699,-0.7132,-0.7367,-0.7339,-0.4755,-0.2658,-0.3899,-0.394,-0.2879,-0.1315,-0.2294,-0.5577,-1.028,-1.5623,-1.6598,-1.3529,-1.0764,-0.9007,-0.7956,-0.7336,-0.6969,-0.6741,-0.6584,-0.6457,-0.6336,-0.6212,-0.6084,-0.5959,-0.5847,-0.5754,-0.5686,-0.5643,-0.6684,-0.6724,-0.6779,-0.6865,-0.702,-0.7331,-0.7964,-0.885,-0.7814,-0.5623,-0.472,-0.4066,-0.3014,-0.0646,-0.1595,-0.5933,-1.2214,-2.2729,-2.2861,-1.5014,-1.0461,-0.8197,-0.7122,-0.6647,-0.6449,-0.6365,-0.6314,-0.6254,-0.6166,-0.6048,-0.5908,-0.5763,-0.5632,-0.5531,-0.5467,-0.5438,-0.6618,-0.6656,-0.6712,-0.6803,-0.6964,-0.7258,-0.7751,-0.8294,-0.7727,-0.6152,-0.5114,-0.4259,-0.3814,-0.2278,-0.3872,-0.7909,-1.2696,-1.8104,-1.8446,-1.2526,-0.8326,-0.6367,-0.5778,-0.5749,-0.5874,-0.6007,-0.6092,-0.6105,-0.6039,-0.5903,-0.5722,-0.553,-0.5364,-0.5249,-0.5193,-0.5188,-0.6553,-0.6585,-0.6631,-0.6703,-0.6817,-0.6987,-0.7187,-0.7235,-0.6787,-0.6065,-0.5609,-0.5207,-0.4207,-0.3084,-0.5353,-1.1786,-1.7535,-1.3453,-1.1129,-0.7574,-0.4197,-0.3292,-0.3969,-0.476,-0.5353,-0.5759,-0.5993,-0.6065,-0.5988,-0.579,-0.5517,-0.5232,-0.5003,-0.4871,-0.4839,-0.488,-0.6488,-0.651,-0.6541,-0.6585,-0.6642,-0.6702,-0.6723,-0.662,-0.6344,-0.6059,-0.5989,-0.663,-0.611,-0.5342,-0.6628,-1.1049,-1.4879,-1.0546,-0.6855,-0.3234,0.1047,0.0379,-0.2284,-0.4008,-0.5077,-0.5756,-0.6122,-0.6207,-0.6056,-0.5718,-0.5265,-0.4809,-0.448,-0.4344,-0.4376,-0.4505,-0.6423,-0.6435,-0.6451,-0.6469,-0.6485,-0.6486,-0.6451,-0.6354,-0.6214,-0.611,-0.6087,-0.6486,-0.7817,-0.8439,-0.7157,-0.7762,-0.7894,-0.5346,-0.2739,-0.1277,0.1826,0.0953,-0.1876,-0.3856,-0.5235,-0.6164,-0.661,-0.6614,-0.6285,-0.569,-0.4916,-0.4162,-0.3691,-0.3605,-0.3786,-0.4071,-0.6361,-0.6364,-0.6367,-0.6367,-0.6361,-0.6341,-0.63,-0.6239,-0.6181,-0.6175,-0.6292,-0.6757,-0.8186,-0.8468,-0.6654,-0.5906,-0.4754,-0.0956,0.2148,-0.013,-0.0554,-0.1071,-0.2553,-0.4242,-0.5864,-0.7103,-0.7548,-0.7315,-0.6691,-0.5712,-0.4427,-0.3188,-0.2554,-0.2649,-0.3114,-0.3628,-0.6302,-0.6298,-0.6292,-0.6282,-0.6265,-0.624,-0.6206,-0.617,-0.615,-0.6178,-0.6294,-0.6559,-0.6891,-0.6597,-0.5445,-0.5047,-0.3946,-0.0727,0.136,0.0443,-0.0725,-0.1796,-0.3039,-0.4681,-0.6656,-0.8313,-0.8647,-0.8124,-0.7234,-0.5835,-0.3915,-0.205,-0.1297,-0.1724,-0.2545,-0.3289,-0.6248,-0.6238,-0.6225,-0.6209,-0.6188,-0.6162,-0.6134,-0.6108,-0.6096,-0.611,-0.616,-0.6225,-0.6191,-0.5844,-0.5245,-0.491,-0.3782,-0.152,0.0951,0.1705,-0.0301,-0.1706,-0.2936,-0.468,-0.6941,-0.868,-0.8975,-0.8869,-0.7912,-0.6185,-0.3849,-0.1625,-0.0826,-0.1413,-0.2372,-0.3189,-0.6197,-0.6183,-0.6166,-0.6146,-0.6122,-0.6095,-0.6067,-0.604,-0.6019,-0.6006,-0.5992,-0.5948,-0.5813,-0.5526,-0.5119,-0.4594,-0.3597,-0.1991,-0.0207,0.0323,-0.0584,-0.1164,-0.1919,-0.3859,-0.6648,-0.9211,-1.1165,-1.0628,-0.8808,-0.6766,-0.4518,-0.2543,-0.1717,-0.2015,-0.2714,-0.3375,-0.615,-0.6133,-0.6113,-0.609,-0.6063,-0.6033,-0.6001,-0.5968,-0.5933,-0.5892,-0.5835,-0.5739,-0.5572,-0.5306,-0.493,-0.4398,-0.3609,-0.2578,-0.1588,-0.1043,-0.0598,0.0554,0.0704,-0.2009,-0.5882,-0.9796,-1.27,-1.1616,-0.9259,-0.7215,-0.5377,-0.3892,-0.3111,-0.3045,-0.3354,-0.3752,-0.6107,-0.6087,-0.6064,-0.6038,-0.6008,-0.5975,-0.5938,-0.5896,-0.5848,-0.5787,-0.5703,-0.5582,-0.5403,-0.5149,-0.4801,-0.4334,-0.3726,-0.301,-0.2286,-0.1537,-0.0269,0.2015,0.2671,-0.0547,-0.4693,-0.8237,-1.0302,-1.0064,-0.8676,-0.7211,-0.59,-0.485,-0.4196,-0.3956,-0.3999,-0.4174,-0.6067,-0.6044,-0.6019,-0.599,-0.5957,-0.592,-0.5878,-0.5829,-0.5769,-0.5695,-0.5597,-0.5465,-0.5286,-0.5047,-0.4736,-0.4342,-0.3862,-0.331,-0.2694,-0.1928,-0.0765,0.0709,0.0927,-0.1145,-0.4032,-0.6494,-0.7953,-0.8217,-0.7688,-0.6876,-0.6051,-0.5347,-0.4849,-0.4582,-0.4504,-0.4545]},{"header":{"la1":42.85,"la2":41.18,"lo1":11.55,"lo2":14.05,"nx":36,"ny":24,"dx":0.07143,"dy":0.07261,"parameterCategory":2,"parameterNumber":3,"parameterNumberName":"northward_wind","parameterUnit":"m.s-1"},"data":[-0.7581,-0.7535,-0.7472,-0.739,-0.7292,-0.7184,-0.7075,-0.6973,-0.6882,-0.6798,-0.6707,-0.6594,-0.6447,-0.6261,-0.6041,-0.5796,-0.5547,-0.5317,-0.5129,-0.5002,-0.4939,-0.4931,-0.4963,-0.5021,-0.5092,-0.5171,-0.5253,-0.5337,-0.5421,-0.5506,-0.5591,-0.5675,-0.5757,-0.5837,-0.5914,-0.5987,-0.7676,-0.7628,-0.7555,-0.7454,-0.7329,-0.7187,-0.7045,-0.6922,-0.6832,-0.6768,-0.6705,-0.6611,-0.6463,-0.6253,-0.5985,-0.5674,-0.5347,-0.5042,-0.4803,-0.4658,-0.4612,-0.4644,-0.4723,-0.4824,-0.4933,-0.5041,-0.5147,-0.525,-0.5352,-0.5452,-0.5551,-0.5648,-0.5742,-0.5833,-0.5919,-0.6001,-0.7788,-0.7738,-0.7653,-0.7528,-0.7361,-0.7159,-0.6952,-0.6784,-0.6695,-0.6679,-0.6681,-0.6634,-0.6499,-0.6264,-0.5935,-0.5532,-0.5087,-0.4662,-0.4338,-0.4177,-0.4177,-0.4286,-0.4443,-0.4609,-0.4765,-0.4908,-0.5041,-0.5166,-0.5286,-0.5402,-0.5516,-0.5627,-0.5735,-0.5838,-0.5935,-0.6026,-0.7919,-0.7871,-0.7778,-0.7624,-0.7396,-0.7093,-0.6753,-0.6476,-0.6378,-0.6471,-0.6618,-0.6672,-0.657,-0.6311,-0.5908,-0.5377,-0.4753,-0.4124,-0.3654,-0.3483,-0.3595,-0.3852,-0.4134,-0.4386,-0.4599,-0.4779,-0.4939,-0.5086,-0.5225,-0.5359,-0.5489,-0.5616,-0.5738,-0.5855,-0.5964,-0.6064,-0.8073,-0.8037,-0.7945,-0.7767,-0.7466,-0.7007,-0.641,-0.5856,-0.5701,-0.6047,-0.6511,-0.6751,-0.6704,-0.6417,-0.5929,-0.5242,-0.4359,-0.3379,-0.2631,-0.2478,-0.2846,-0.3368,-0.3827,-0.4179,-0.4448,-0.4663,-0.4846,-0.5013,-0.5171,-0.5323,-0.5472,-0.5617,-0.5756,-0.5887,-0.6009,-0.6119,-0.8254,-0.8245,-0.8173,-0.7995,-0.7641,-0.7004,-0.5989,-0.4798,-0.4414,-0.5358,-0.6442,-0.694,-0.6936,-0.6608,-0.6036,-0.5199,-0.4016,-0.2508,-0.1249,-0.1184,-0.2043,-0.2942,-0.3587,-0.4021,-0.4327,-0.4564,-0.4765,-0.4949,-0.5125,-0.5298,-0.5467,-0.5632,-0.579,-0.5939,-0.6075,-0.6197,-0.8459,-0.8495,-0.8474,-0.8348,-0.8022,-0.7322,-0.5962,-0.3906,-0.304,-0.4958,-0.6741,-0.7363,-0.73,-0.6897,-0.6259,-0.5345,-0.3994,-0.2069,-0.0264,-0.0312,-0.1643,-0.2781,-0.3494,-0.3938,-0.4244,-0.4483,-0.4694,-0.4893,-0.5089,-0.5284,-0.5478,-0.5668,-0.5848,-0.6016,-0.6168,-0.6301,-0.8681,-0.878,-0.8846,-0.8836,-0.867,-0.819,-0.7125,-0.5385,-0.4689,-0.648,-0.786,-0.8097,-0.7788,-0.7263,-0.6587,-0.57,-0.4474,-0.2805,-0.1235,-0.1149,-0.2133,-0.3004,-0.3561,-0.3921,-0.4187,-0.4413,-0.4627,-0.4841,-0.5061,-0.5285,-0.5509,-0.5728,-0.5936,-0.6127,-0.6297,-0.6442,-0.8903,-0.9079,-0.9257,-0.9415,-0.9514,-0.9485,-0.9262,-0.8968,-0.9176,-0.977,-0.9672,-0.902,-0.8308,-0.7653,-0.6963,-0.6139,-0.5147,-0.4039,-0.3099,-0.2799,-0.3046,-0.3398,-0.3685,-0.3917,-0.4126,-0.4335,-0.4555,-0.4791,-0.5041,-0.5301,-0.5565,-0.5822,-0.6064,-0.6283,-0.6472,-0.6628,-0.9103,-0.9359,-0.9655,-0.9997,-1.0383,-1.0812,-1.1312,-1.208,-1.3374,-1.3637,-1.1699,-0.9827,-0.8717,-0.8031,-0.736,-0.6519,-0.5597,-0.4764,-0.4132,-0.3761,-0.363,-0.3641,-0.3724,-0.3852,-0.4021,-0.4226,-0.4466,-0.4735,-0.5029,-0.5339,-0.5655,-0.5963,-0.6248,-0.65,-0.671,-0.6874,-0.926,-0.9582,-0.9982,-1.0486,-1.1122,-1.1911,-1.2826,-1.3937,-1.6557,-1.7906,-1.3142,-1.0109,-0.8923,-0.8488,-0.7874,-0.68,-0.5679,-0.4881,-0.4386,-0.4015,-0.3745,-0.3602,-0.3583,-0.367,-0.3839,-0.407,-0.4349,-0.467,-0.5025,-0.5405,-0.5793,-0.6168,-0.651,-0.6801,-0.7032,-0.7199,-0.9351,-0.9718,-1.0186,-1.0799,-1.1616,-1.2692,-1.3974,-1.4927,-1.5513,-1.5799,-1.2167,-0.9695,-0.8997,-0.9332,-0.8674,-0.6886,-0.5312,-0.4643,-0.4374,-0.3919,-0.3502,-0.3261,-0.3217,-0.3334,-0.3559,-0.3852,-0.4198,-0.4593,-0.5034,-0.551,-0.5998,-0.6467,-0.6883,-0.7222,-0.747,-0.7629,-0.9366,-0.9743,-1.023,-1.0875,-1.1754,-1.2966,-1.456,-1.5989,-1.5033,-1.2755,-1.0393,-0.9164,-0.8867,-0.9599,-0.8899,-0.6131,-0.4222,-0.4669,-0.4653,-0.3606,-0.289,-0.2548,-0.2565,-0.2817,-0.3173,-0.3572,-0.4009,-0.4501,-0.5057,-0.5669,-0.6302,-0.6904,-0.7421,-0.7814,-0.8068,-0.8195,-0.9301,-0.9656,-1.0107,-1.0694,-1.1475,-1.2518,-1.3824,-1.498,-1.4038,-1.1092,-0.9073,-0.9064,-0.9159,-0.7917,-0.6678,-0.3215,-0.0514,-0.2755,-0.3513,-0.256,-0.1577,-0.1194,-0.1513,-0.211,-0.27,-0.3237,-0.3774,-0.438,-0.5091,-0.5899,-0.6749,-0.7551,-0.8208,-0.8657,-0.8889,-0.894,-0.9167,-0.9472,-0.9846,-1.0306,-1.0868,-1.1525,-1.2157,-1.2314,-1.1153,-0.8988,-0.7442,-0.7065,-0.6475,-0.4241,-0.4671,0.2617,1.0358,0.2076,-0.1219,-0.0665,0.1204,0.139,0.002,-0.1299,-0.2206,-0.2854,-0.346,-0.4188,-0.5113,-0.6219,-0.7411,-0.8525,-0.938,-0.9871,-1.0014,-0.9906,-0.8982,-0.9222,-0.9499,-0.9808,-1.0133,-1.0415,-1.0505,-1.0119,-0.8979,-0.7228,-0.5541,-0.5319,-0.5587,-0.5304,-0.3976,0.1742,0.7013,0.1508,-0.1043,0.1139,0.6388,0.5349,0.1535,-0.0703,-0.1793,-0.2382,-0.2958,-0.3823,-0.5068,-0.6644,-0.8395,-1.0016,-1.115,-1.1621,-1.1532,-1.1119,-0.8766,-0.894,-0.9122,-0.9298,-0.9436,-0.9475,-0.931,-0.8809,-0.79,-0.6682,-0.5585,-0.56,-0.5805,-0.5776,-0.4751,-0.2761,-0.1495,-0.2889,-0.3676,-0.0135,0.6901,0.5585,0.1384,-0.0741,-0.1467,-0.1612,-0.1993,-0.3089,-0.4865,-0.718,-0.9841,-1.2306,-1.3815,-1.408,-1.3481,-1.2546,-0.854,-0.8654,-0.8758,-0.8834,-0.8853,-0.8771,-0.8532,-0.8089,-0.7453,-0.6743,-0.6202,-0.5989,-0.595,-0.5915,-0.5767,-0.5415,-0.4906,-0.6384,-0.8284,-0.4503,-0.0329,0.0614,-0.0553,-0.1301,-0.099,-0.0039,-0.004,-0.1782,-0.4463,-0.78,-1.1811,-1.5613,-1.7548,-1.7206,-1.569,-1.4007,-0.8319,-0.8384,-0.843,-0.8441,-0.8394,-0.8265,-0.8027,-0.7674,-0.7232,-0.6779,-0.6412,-0.6182,-0.6084,-0.6213,-0.7144,-0.7561,-0.624,-0.6742,-0.7581,-0.6043,-0.4116,-0.2775,-0.2396,-0.195,-0.037,0.2566,0.3122,-0.0354,-0.4162,-0.8379,-1.3841,-1.9286,-2.1528,-2.0173,-1.7548,-1.513,-0.8111,-0.814,-0.8146,-0.8117,-0.804,-0.7899,-0.7687,-0.7408,-0.7086,-0.6763,-0.6488,-0.6295,-0.6226,-0.641,-0.708,-0.7276,-0.6427,-0.6291,-0.666,-0.6809,-0.5464,-0.4346,-0.3691,-0.2823,-0.0905,0.2711,0.3465,-0.1237,-0.4663,-0.8657,-1.4519,-2.0652,-2.2977,-2.1168,-1.8135,-1.5482,-0.7923,-0.7926,-0.7906,-0.7855,-0.7764,-0.7628,-0.7445,-0.722,-0.6972,-0.6726,-0.6509,-0.6347,-0.6272,-0.6327,-0.6485,-0.6463,-0.6195,-0.61,-0.6288,-0.6275,-0.5667,-0.5215,-0.4854,-0.41,-0.3064,-0.2845,-0.5182,-0.5394,-0.5879,-0.8519,-1.3162,-1.8122,-2.0346,-1.9354,-1.7099,-1.4918,-0.7755,-0.774,-0.7704,-0.7641,-0.7549,-0.7422,-0.7263,-0.7078,-0.6879,-0.6681,-0.6501,-0.6357,-0.6263,-0.6224,-0.6206,-0.6136,-0.6013,-0.5936,-0.5928,-0.5871,-0.5824,-0.6108,-0.6156,-0.538,-0.4804,-0.5782,-0.7877,-0.7144,-0.6679,-0.82,-1.1195,-1.4432,-1.6281,-1.6248,-1.5121,-1.3731,-0.7606,-0.7579,-0.7534,-0.7467,-0.7377,-0.7261,-0.7122,-0.6966,-0.68,-0.6635,-0.6481,-0.6348,-0.6242,-0.6161,-0.6089,-0.6006,-0.5916,-0.5844,-0.5806,-0.5823,-0.6045,-0.6646,-0.6832,-0.6054,-0.5532,-0.5937,-0.6694,-0.6741,-0.686,-0.7888,-0.9715,-1.17,-1.3064,-1.3455,-1.3089,-1.2367,-0.7476,-0.7442,-0.7392,-0.7324,-0.7237,-0.7132,-0.701,-0.6875,-0.6733,-0.6591,-0.6455,-0.6332,-0.6224,-0.6129,-0.6041,-0.5956,-0.5876,-0.5813,-0.5785,-0.583,-0.6026,-0.6362,-0.6432,-0.6051,-0.5758,-0.5865,-0.618,-0.6445,-0.6829,-0.7607,-0.876,-1.0001,-1.0962,-1.1428,-1.1427,-1.1123]}]