docs/data/wind_grid.json
[{"header":{"la1":42.85,"la2":41.18,"lo1":11.55,"lo2":14.05,"nx":36,"ny":24,"dx":0.07143,"dy":0.07261,"parameterCategory":2,"parameterNumber":2,"parameterNumberName":"eastward_wind","parameterUnit":"m.s-1"},"data":[0.168,0.1632,0.1574,0.1505,0.1422,0.1328,0.122,0.1097,0.0955,0.0783,0.0571,0.0305,-0.0023,-0.0415,-0.0864,-0.135,-0.1837,-0.2269,-0.2589,-0.2751,-0.2745,-0.2597,-0.2353,-0.206,-0.1754,-0.146,-0.1191,-0.0951,-0.0742,-0.0561,-0.0407,-0.0275,-0.0163,-0.0067,0.0016,0.0087,0.1747,0.1701,0.1643,0.1571,0.1484,0.1383,0.1269,0.1145,0.1006,0.0838,0.062,0.0331,-0.0045,-0.0519,-0.1088,-0.1734,-0.2409,-0.3024,-0.3472,-0.3666,-0.3594,-0.3314,-0.2916,-0.248,-0.2056,-0.1672,-0.1336,-0.1049,-0.0807,-0.0604,-0.0435,-0.0293,-0.0175,-0.0076,0.0008,0.0079,0.1821,0.1778,0.172,0.1643,0.1547,0.1432,0.1306,0.1176,0.1047,0.0897,0.0692,0.0391,-0.0033,-0.0599,-0.1319,-0.2188,-0.3153,-0.4075,-0.4742,-0.4974,-0.4755,-0.423,-0.3581,-0.2936,-0.2357,-0.1865,-0.1456,-0.1121,-0.0848,-0.0626,-0.0445,-0.0298,-0.0177,-0.0077,0.0006,0.0076,0.1903,0.1864,0.1807,0.1725,0.1614,0.1471,0.1309,0.1157,0.1042,0.0941,0.0782,0.0491,0.003,-0.063,-0.1526,-0.2692,-0.4105,-0.5567,-0.6643,-0.6905,-0.6354,-0.5369,-0.4319,-0.3389,-0.2624,-0.2014,-0.1534,-0.1155,-0.0857,-0.0622,-0.0435,-0.0286,-0.0167,-0.007,0.001,0.0077,0.1993,0.1961,0.1909,0.1824,0.1693,0.1502,0.1257,0.1022,0.0914,0.0928,0.0884,0.064,0.0159,-0.0583,-0.1651,-0.3164,-0.5222,-0.7638,-0.9524,-0.9769,-0.847,-0.6662,-0.5034,-0.3759,-0.2801,-0.2086,-0.1547,-0.1139,-0.0827,-0.0588,-0.0402,-0.0258,-0.0145,-0.0055,0.0019,0.008,0.2092,0.2072,0.2031,0.1952,0.1808,0.1558,0.1163,0.07,0.0537,0.0811,0.101,0.0852,0.0366,-0.0426,-0.1609,-0.3414,-0.62,-1.0064,-1.3472,-1.3548,-1.079,-0.778,-0.5506,-0.3926,-0.2826,-0.2045,-0.1479,-0.1063,-0.0753,-0.0522,-0.0347,-0.0215,-0.0113,-0.0034,0.003,0.0083,0.2197,0.2196,0.2176,0.2121,0.1997,0.1732,0.1206,0.0393,0.0049,0.0759,0.1267,0.1162,0.0654,-0.0154,-0.1339,-0.3195,-0.6309,-1.1279,-1.6322,-1.6144,-1.1906,-0.8039,-0.5449,-0.3769,-0.2646,-0.1869,-0.1319,-0.0922,-0.0634,-0.0424,-0.0271,-0.0158,-0.0074,-0.001,0.0041,0.0084,0.2305,0.2327,0.2339,0.2332,0.2277,0.2115,0.1728,0.1041,0.0757,0.1484,0.1875,0.1608,0.0997,0.0188,-0.0884,-0.2477,-0.5075,-0.9181,-1.3433,-1.3521,-1.0159,-0.6953,-0.4736,-0.326,-0.2258,-0.1561,-0.1069,-0.0721,-0.0474,-0.03,-0.0179,-0.0094,-0.0034,0.0011,0.0047,0.0078,0.241,0.2456,0.2506,0.2557,0.2605,0.2641,0.2654,0.2687,0.2936,0.322,0.291,0.2157,0.132,0.0492,-0.0418,-0.162,-0.3345,-0.5646,-0.7773,-0.816,-0.6808,-0.5063,-0.3599,-0.2504,-0.1712,-0.1146,-0.0748,-0.0471,-0.0283,-0.0159,-0.0079,-0.003,0.0001,0.0023,0.0041,0.006,0.2505,0.2572,0.2653,0.2755,0.289,0.3093,0.3451,0.4189,0.5448,0.579,0.4259,0.2649,0.1483,0.0622,-0.0128,-0.1035,-0.224,-0.3553,-0.4525,-0.4748,-0.4222,-0.3327,-0.242,-0.166,-0.1082,-0.0665,-0.0378,-0.019,-0.0075,-0.0012,0.0016,0.0023,0.002,0.0015,0.0015,0.0022,0.2584,0.2665,0.2765,0.2893,0.3062,0.3304,0.3715,0.4738,0.7779,0.9245,0.5332,0.281,0.1359,0.0429,-0.0113,-0.0837,-0.2069,-0.3393,-0.3968,-0.3643,-0.2907,-0.2102,-0.1387,-0.0826,-0.0422,-0.0151,0.0015,0.0103,0.0133,0.0125,0.0093,0.005,0.0009,-0.0024,-0.0042,-0.0045,0.2644,0.2731,0.2836,0.2963,0.3115,0.3283,0.3433,0.3689,0.5661,0.714,0.4587,0.2659,0.1103,-0.0292,-0.0371,-0.087,-0.2742,-0.5433,-0.5878,-0.4046,-0.2331,-0.117,-0.0436,0.0006,0.0254,0.0375,0.041,0.0386,0.0322,0.0233,0.0132,0.0034,-0.0049,-0.011,-0.0143,-0.015,0.2686,0.2772,0.2872,0.2985,0.3102,0.3191,0.3157,0.292,0.3356,0.4071,0.3582,0.3059,0.1917,-0.0507,-0.0429,-0.0935,-0.3645,-0.9306,-0.9321,-0.4526,-0.1584,-0.0066,0.0636,0.0899,0.0948,0.0893,0.0783,0.0638,0.047,0.029,0.0113,-0.0048,-0.0177,-0.0264,-0.0306,-0.0307,0.2713,0.2794,0.2884,0.298,0.3072,0.3135,0.3126,0.3044,0.3184,0.3436,0.3408,0.3947,0.3954,0.1893,0.0658,-0.1371,-0.3899,-0.6624,-0.6576,-0.2638,0.0314,0.1697,0.2019,0.1895,0.1646,0.1376,0.1105,0.0832,0.0554,0.0275,0.0007,-0.0228,-0.0406,-0.0514,-0.0551,-0.053,0.2728,0.2802,0.2882,0.2964,0.3042,0.3105,0.3144,0.3181,0.3291,0.3467,0.3588,0.3501,0.298,0.2926,0.1088,-0.3463,-0.7722,-0.4055,-0.1836,0.1033,0.3769,0.4444,0.3733,0.2918,0.2275,0.1771,0.1343,0.0947,0.0555,0.0162,-0.0216,-0.0544,-0.0779,-0.0897,-0.0904,-0.0832,0.2735,0.2802,0.2873,0.2945,0.3016,0.3082,0.3147,0.3232,0.3395,0.376,0.4466,0.3995,0.3415,0.2574,0.1292,-0.2347,-0.5476,-0.1855,0.1253,0.4464,0.8319,0.7717,0.53,0.371,0.2706,0.2012,0.147,0.0971,0.0463,-0.0064,-0.0591,-0.105,-0.1355,-0.1457,-0.1388,-0.1218,0.2736,0.2798,0.2862,0.2928,0.2994,0.3061,0.3137,0.3242,0.3424,0.3781,0.4326,0.3892,0.3204,0.289,0.2303,0.1183,0.063,0.2167,0.3982,0.5803,0.899,0.8236,0.5723,0.3982,0.2832,0.2075,0.1508,0.093,0.0288,-0.041,-0.1147,-0.181,-0.2202,-0.2234,-0.2007,-0.1674,0.2735,0.2792,0.2851,0.2911,0.2974,0.3041,0.3118,0.3217,0.3355,0.3535,0.3647,0.3484,0.3166,0.3157,0.3834,0.412,0.3823,0.4968,0.5944,0.6193,0.6828,0.6516,0.5227,0.3814,0.2688,0.2074,0.1639,0.0897,0.0028,-0.0863,-0.1871,-0.2844,-0.3337,-0.3195,-0.2699,-0.2139,0.2731,0.2784,0.2839,0.2897,0.2956,0.3021,0.3092,0.3177,0.3274,0.3371,0.3428,0.3434,0.3517,0.4145,0.6421,0.7336,0.5555,0.5976,0.6862,0.8331,0.7394,0.6187,0.495,0.3561,0.2414,0.2335,0.2292,0.0803,-0.0452,-0.1401,-0.2597,-0.3913,-0.4489,-0.4081,-0.3274,-0.2496,0.2727,0.2777,0.2829,0.2883,0.2941,0.3002,0.3069,0.3143,0.3223,0.3306,0.3391,0.3518,0.3822,0.4645,0.6318,0.689,0.6064,0.7053,1.0749,1.2406,0.8717,0.6592,0.5148,0.3494,0.1914,0.2006,0.2107,-0.0655,-0.1588,-0.2,-0.296,-0.4308,-0.4892,-0.4377,-0.3461,-0.2611,0.2722,0.2769,0.2819,0.2872,0.2927,0.2986,0.305,0.3121,0.3199,0.3289,0.3406,0.3587,0.3915,0.4491,0.523,0.5642,0.5917,0.7071,0.93,1.004,0.8321,0.7139,0.6119,0.402,0.1083,-0.2043,-0.5957,-0.541,-0.3433,-0.2591,-0.2857,-0.3725,-0.4197,-0.3872,-0.3162,-0.244,0.2716,0.2762,0.281,0.2861,0.2914,0.2972,0.3036,0.3107,0.3188,0.3287,0.3417,0.3605,0.3884,0.4271,0.4707,0.5108,0.5589,0.6393,0.7362,0.7803,0.7869,0.8691,0.871,0.5708,0.1083,-0.4546,-0.9555,-0.7723,-0.4457,-0.2882,-0.2563,-0.2871,-0.3132,-0.2998,-0.2573,-0.2066,0.2709,0.2753,0.28,0.285,0.2903,0.296,0.3024,0.3095,0.3179,0.3281,0.3413,0.3587,0.3818,0.4107,0.4435,0.4794,0.5227,0.5776,0.6367,0.6941,0.796,1.0084,1.0727,0.7191,0.2224,-0.2595,-0.5731,-0.5464,-0.378,-0.2601,-0.2158,-0.216,-0.2243,-0.2176,-0.194,-0.1618,0.2701,0.2745,0.279,0.2839,0.2891,0.2948,0.3011,0.3083,0.3167,0.3268,0.3393,0.3549,0.3744,0.3976,0.4243,0.4547,0.49,0.5311,0.578,0.638,0.7371,0.8735,0.8877,0.6507,0.3008,-0.0239,-0.2333,-0.2853,-0.2433,-0.1913,-0.163,-0.1561,-0.1563,-0.1515,-0.138,-0.118]},{"header":{"la1":42.85,"la2":41.18,"lo1":11.55,"lo2":14.05,"nx":36,"ny":24,"dx":0.07143,"dy":0.07261,"parameterCategory":2,"parameterNumber":3,"parameterNumberName":"northward_wind","parameterUnit":"m.s-1"},"data":[0.2193,0.2416,0.2664,0.2929,0.3196,0.3438,0.3619,0.3698,0.3648,0.3473,0.3205,0.289,0.2573,0.2283,0.2032,0.1823,0.165,0.1505,0.1375,0.1252,0.1127,0.0996,0.0858,0.0713,0.0563,0.0411,0.0258,0.0105,-0.0047,-0.0196,-0.0341,-0.0482,-0.0617,-0.0745,-0.0865,-0.0977,0.2277,0.2546,0.2858,0.3211,0.359,0.3962,0.4264,0.4419,0.4367,0.4107,0.3702,0.3243,0.2807,0.2432,0.2129,0.1893,0.1709,0.1564,0.144,0.132,0.1193,0.1054,0.0903,0.0743,0.0579,0.0412,0.0244,0.0078,-0.0087,-0.0249,-0.0407,-0.0559,-0.0704,-0.0841,-0.0969,-0.1087,0.2335,0.265,0.3035,0.3499,0.4039,0.4618,0.5143,0.5459,0.542,0.5004,0.4353,0.3658,0.3047,0.2565,0.2205,0.1944,0.1758,0.1623,0.1514,0.1404,0.1275,0.1123,0.0954,0.0775,0.0592,0.0407,0.0224,0.0042,-0.0138,-0.0314,-0.0485,-0.0649,-0.0806,-0.0954,-0.109,-0.1215,0.2352,0.2707,0.3164,0.3756,0.4509,0.5414,0.6352,0.7025,0.705,0.6327,0.5206,0.4117,0.3264,0.2659,0.2248,0.1973,0.1796,0.1688,0.1611,0.1519,0.1383,0.1207,0.1009,0.0804,0.0598,0.0395,0.0193,-0.0005,-0.02,-0.0392,-0.0578,-0.0757,-0.0927,-0.1086,-0.1232,-0.1364,0.2313,0.2692,0.3204,0.3913,0.4907,0.6271,0.7952,0.9442,0.9697,0.8299,0.6247,0.4536,0.3392,0.2682,0.2246,0.1977,0.1825,0.1765,0.1747,0.1682,0.1522,0.13,0.106,0.0823,0.0593,0.037,0.0151,-0.0065,-0.0278,-0.0487,-0.069,-0.0885,-0.107,-0.1241,-0.1398,-0.1537,0.221,0.2582,0.3104,0.3871,0.5048,0.6897,0.9674,1.2872,1.384,1.0925,0.7185,0.4694,0.333,0.2604,0.2199,0.1963,0.1846,0.1852,0.1931,0.1897,0.1675,0.1379,0.1089,0.0821,0.057,0.0329,0.0093,-0.014,-0.0372,-0.06,-0.0823,-0.1038,-0.124,-0.1426,-0.1593,-0.174,0.2039,0.2368,0.2837,0.3547,0.4702,0.6706,1.0261,1.551,1.773,1.2512,0.7068,0.4249,0.2994,0.2423,0.2126,0.1943,0.185,0.1896,0.2063,0.2044,0.1746,0.1391,0.1071,0.0787,0.0523,0.0269,0.0018,-0.0233,-0.0485,-0.0736,-0.0983,-0.122,-0.1443,-0.1646,-0.1826,-0.1981,0.1815,0.2068,0.242,0.2944,0.3792,0.5279,0.7995,1.2163,1.3763,0.9122,0.49,0.3069,0.2434,0.221,0.208,0.195,0.1841,0.1829,0.1928,0.189,0.1619,0.1293,0.0993,0.0717,0.0453,0.0192,-0.0072,-0.0343,-0.0619,-0.0898,-0.1174,-0.1439,-0.1687,-0.1911,-0.2105,-0.2267,0.1561,0.1722,0.1925,0.2195,0.2576,0.3142,0.3949,0.4686,0.4098,0.2284,0.1448,0.1577,0.1907,0.2122,0.2154,0.2037,0.186,0.172,0.1652,0.1558,0.1366,0.1125,0.0875,0.0624,0.0368,0.0103,-0.0176,-0.0469,-0.0775,-0.1089,-0.1403,-0.1705,-0.1986,-0.2234,-0.2443,-0.261,0.1307,0.1381,0.1448,0.1494,0.1483,0.1329,0.0797,-0.0698,-0.3584,-0.4651,-0.1995,0.0446,0.1769,0.2362,0.2464,0.2259,0.1934,0.1639,0.1437,0.1292,0.114,0.0961,0.0756,0.053,0.0282,0.0011,-0.0286,-0.0608,-0.0954,-0.1315,-0.1679,-0.2031,-0.2354,-0.2633,-0.2859,-0.3028,0.1077,0.1088,0.1064,0.0978,0.0782,0.0384,-0.0438,-0.2597,-0.9017,-1.2114,-0.4255,0.0294,0.2269,0.3098,0.3103,0.262,0.2013,0.1502,0.1212,0.1083,0.0979,0.0844,0.067,0.0458,0.0211,-0.0072,-0.0393,-0.0755,-0.1154,-0.1581,-0.2017,-0.2438,-0.2817,-0.3134,-0.3376,-0.354,0.0886,0.086,0.0796,0.0673,0.0474,0.0197,-0.0096,-0.0636,-0.4701,-0.7751,-0.2465,0.1267,0.3176,0.4291,0.3994,0.3009,0.1978,0.1089,0.0805,0.0872,0.0878,0.0795,0.0642,0.043,0.0172,-0.0131,-0.0485,-0.0899,-0.1373,-0.1895,-0.2435,-0.2955,-0.3412,-0.3776,-0.403,-0.4175,0.0733,0.0695,0.0626,0.0522,0.0392,0.0296,0.0418,0.0916,0.0048,-0.1233,0.0339,0.2495,0.3678,0.4694,0.4378,0.3141,0.1889,0.0358,0.0262,0.0735,0.0883,0.0862,0.0711,0.0471,0.0184,-0.0146,-0.0539,-0.1022,-0.1604,-0.2267,-0.2965,-0.3632,-0.42,-0.4619,-0.4872,-0.4972,0.0614,0.0576,0.052,0.0448,0.0378,0.0356,0.0459,0.0669,0.0459,0.0331,0.1356,0.321,0.3957,0.5581,0.3903,0.3071,0.2421,0.1044,0.0626,0.0876,0.1138,0.1187,0.0951,0.0606,0.0263,-0.0088,-0.0516,-0.1088,-0.1827,-0.2708,-0.3653,-0.4548,-0.5275,-0.5754,-0.5973,-0.5975,0.0517,0.0486,0.0445,0.04,0.0362,0.0353,0.0385,0.0422,0.0409,0.0527,0.0961,0.19,0.3128,0.398,0.325,0.3339,0.443,0.2152,0.1,0.1209,0.2069,0.2137,0.1449,0.0822,0.0419,0.0099,-0.0331,-0.1016,-0.1999,-0.3229,-0.4576,-0.5836,-0.6792,-0.7317,-0.7426,-0.7232,0.0435,0.041,0.0381,0.0351,0.0329,0.032,0.0326,0.0332,0.0317,0.0182,-0.0397,0.0807,0.1273,0.1976,0.1856,0.2436,0.334,0.127,0.0153,0.1481,0.4539,0.3997,0.2003,0.0991,0.067,0.0557,0.0209,-0.0649,-0.2039,-0.3844,-0.5856,-0.7714,-0.8998,-0.9498,-0.9331,-0.8773,0.0359,0.0339,0.0316,0.0295,0.0277,0.0265,0.0257,0.0242,0.0189,0.0001,-0.0402,0.0053,-0.0856,-0.1518,-0.0257,-0.0036,-0.0302,-0.1882,-0.2823,-0.0119,0.4692,0.3971,0.1703,0.0915,0.1137,0.1649,0.1526,0.029,-0.1834,-0.4565,-0.7658,-1.0504,-1.2229,-1.2491,-1.1725,-1.055,0.0286,0.0267,0.0248,0.0227,0.0208,0.019,0.0169,0.0135,0.0073,-0.004,-0.0183,-0.0466,-0.1638,-0.2154,-0.2453,-0.3068,-0.3112,-0.5529,-0.8126,-0.4098,-0.0404,0.0628,0.0334,0.0636,0.21,0.4118,0.4401,0.2074,-0.1371,-0.5387,-1.0057,-1.4446,-1.6669,-1.6232,-1.4398,-1.2347,0.0213,0.0194,0.0173,0.0151,0.0126,0.0098,0.0062,0.0011,-0.0067,-0.0188,-0.0387,-0.0774,-0.1476,-0.265,-0.5809,-0.7084,-0.4765,-0.5818,-0.7222,-0.5575,-0.3526,-0.2012,-0.1159,0.018,0.3278,0.8249,0.9213,0.402,-0.1142,-0.6225,-1.2515,-1.8758,-2.1337,-1.9741,-1.6629,-1.3724,0.0139,0.0118,0.0094,0.0067,0.0035,-0.0005,-0.0056,-0.0126,-0.0228,-0.0382,-0.0629,-0.1043,-0.1757,-0.3125,-0.5571,-0.637,-0.4911,-0.5113,-0.6282,-0.6695,-0.4914,-0.3637,-0.2692,-0.103,0.2414,0.843,0.9678,0.2329,-0.2264,-0.6845,-1.3418,-2.0361,-2.3021,-2.0916,-1.7347,-1.4175,0.0065,0.0041,0.0012,-0.0021,-0.0062,-0.0113,-0.0178,-0.0267,-0.039,-0.0568,-0.0835,-0.1242,-0.187,-0.2811,-0.3899,-0.438,-0.431,-0.4685,-0.554,-0.5813,-0.5292,-0.5248,-0.4928,-0.3372,-0.1273,-0.0841,-0.4869,-0.4916,-0.4638,-0.7097,-1.2035,-1.7517,-2.0005,-1.8828,-1.6159,-1.3541,-0.0009,-0.0037,-0.0071,-0.0111,-0.0159,-0.022,-0.0298,-0.04,-0.0537,-0.0726,-0.0988,-0.1353,-0.1846,-0.2458,-0.3067,-0.3494,-0.3798,-0.4221,-0.4763,-0.5249,-0.6136,-0.8004,-0.8492,-0.6219,-0.4383,-0.5829,-0.9605,-0.8059,-0.6176,-0.7061,-0.9978,-1.3401,-1.5383,-1.5261,-1.3877,-1.217,-0.0082,-0.0114,-0.0153,-0.0199,-0.0255,-0.0324,-0.041,-0.0521,-0.0665,-0.0852,-0.1096,-0.1411,-0.1798,-0.2238,-0.2678,-0.3074,-0.3455,-0.3897,-0.4458,-0.5303,-0.7031,-0.9938,-1.0728,-0.7902,-0.5745,-0.596,-0.7184,-0.6946,-0.6303,-0.6791,-0.8399,-1.0365,-1.1741,-1.2061,-1.153,-1.0585,-0.0153,-0.0189,-0.0232,-0.0284,-0.0346,-0.0421,-0.0513,-0.0628,-0.0772,-0.0952,-0.1175,-0.1446,-0.1763,-0.2113,-0.2476,-0.2842,-0.323,-0.3684,-0.4282,-0.5196,-0.6703,-0.8561,-0.8994,-0.7434,-0.5959,-0.5596,-0.5845,-0.5926,-0.5942,-0.6374,-0.7311,-0.8448,-0.9347,-0.9731,-0.9603,-0.9132]}]