docs/data/wind_grid.json
[{"header":{"la1":42.85,"la2":41.18,"lo1":11.55,"lo2":14.05,"nx":36,"ny":24,"dx":0.07143,"dy":0.07261,"parameterCategory":2,"parameterNumber":2,"parameterNumberName":"eastward_wind","parameterUnit":"m.s-1"},"data":[-0.6137,-0.6205,-0.6282,-0.6364,-0.6444,-0.6505,-0.6529,-0.6493,-0.6379,-0.6188,-0.5936,-0.5649,-0.5356,-0.5075,-0.4821,-0.4599,-0.4415,-0.4275,-0.4187,-0.4152,-0.4169,-0.4227,-0.431,-0.4404,-0.4499,-0.4589,-0.467,-0.4741,-0.4802,-0.4853,-0.4896,-0.4932,-0.4963,-0.4988,-0.5009,-0.5027,-0.6191,-0.6281,-0.6389,-0.6515,-0.6651,-0.6779,-0.6865,-0.6866,-0.6745,-0.6496,-0.6151,-0.5761,-0.5373,-0.5013,-0.4694,-0.4418,-0.4189,-0.4013,-0.3906,-0.3877,-0.3922,-0.4024,-0.4154,-0.4291,-0.4421,-0.4537,-0.4636,-0.4719,-0.4788,-0.4845,-0.4891,-0.4929,-0.496,-0.4985,-0.5006,-0.5024,-0.6234,-0.6346,-0.649,-0.6672,-0.689,-0.7128,-0.7334,-0.7423,-0.7305,-0.6961,-0.6459,-0.5909,-0.5386,-0.4924,-0.4527,-0.4187,-0.3895,-0.3663,-0.352,-0.3499,-0.3597,-0.3773,-0.3978,-0.4175,-0.4348,-0.4493,-0.4612,-0.4707,-0.4784,-0.4845,-0.4893,-0.4931,-0.4961,-0.4985,-0.5005,-0.5021,-0.6258,-0.6389,-0.6569,-0.6815,-0.7145,-0.7557,-0.7993,-0.8288,-0.8211,-0.7686,-0.6896,-0.6084,-0.5374,-0.4789,-0.4307,-0.3895,-0.3522,-0.3191,-0.2972,-0.2961,-0.3161,-0.3471,-0.3789,-0.4066,-0.4291,-0.4467,-0.4604,-0.4709,-0.479,-0.4853,-0.4901,-0.4938,-0.4966,-0.4988,-0.5005,-0.5019,-0.6257,-0.6397,-0.6602,-0.6907,-0.7363,-0.8025,-0.8883,-0.9667,-0.9745,-0.8823,-0.7466,-0.6242,-0.5294,-0.4575,-0.4015,-0.3543,-0.3076,-0.257,-0.2169,-0.2172,-0.2589,-0.3135,-0.3618,-0.399,-0.4265,-0.4468,-0.4617,-0.4728,-0.481,-0.4871,-0.4916,-0.4949,-0.4974,-0.4992,-0.5006,-0.5017,-0.6223,-0.6356,-0.6563,-0.6896,-0.7449,-0.8377,-0.9871,-1.1714,-1.2277,-1.0419,-0.8016,-0.6259,-0.5075,-0.4235,-0.3615,-0.3127,-0.2614,-0.1864,-0.1064,-0.1094,-0.195,-0.2855,-0.3523,-0.3979,-0.429,-0.4505,-0.4658,-0.4766,-0.4844,-0.49,-0.4939,-0.4966,-0.4985,-0.4997,-0.5007,-0.5014,-0.6156,-0.6261,-0.6434,-0.6738,-0.7285,-0.8308,-1.025,-1.3374,-1.4785,-1.1462,-0.8005,-0.5943,-0.4645,-0.3704,-0.3016,-0.2585,-0.2232,-0.1457,-0.0232,-0.0305,-0.165,-0.2828,-0.3589,-0.4068,-0.4377,-0.4585,-0.4727,-0.4826,-0.4893,-0.4939,-0.4968,-0.4986,-0.4997,-0.5002,-0.5006,-0.5008,-0.6061,-0.6115,-0.6216,-0.6425,-0.6844,-0.7639,-0.9122,-1.1474,-1.2406,-0.9641,-0.6914,-0.5239,-0.4018,-0.2916,-0.1989,-0.1617,-0.1792,-0.1725,-0.1043,-0.1134,-0.2223,-0.3211,-0.3857,-0.4264,-0.4528,-0.4704,-0.4824,-0.4904,-0.4955,-0.4986,-0.5003,-0.5009,-0.5008,-0.5005,-0.5001,-0.4997,-0.5951,-0.5936,-0.593,-0.5998,-0.6248,-0.671,-0.7299,-0.7785,-0.7499,-0.6358,-0.5322,-0.4425,-0.3363,-0.1882,-0.0039,0.0589,-0.0777,-0.2085,-0.2533,-0.2813,-0.3347,-0.3878,-0.4266,-0.4534,-0.4722,-0.4854,-0.4943,-0.4998,-0.5029,-0.504,-0.5039,-0.503,-0.5016,-0.5002,-0.4989,-0.4979,-0.5851,-0.5759,-0.5614,-0.5494,-0.5644,-0.6023,-0.6144,-0.5622,-0.4318,-0.3595,-0.3982,-0.3858,-0.2988,-0.1081,0.3228,0.5367,0.068,-0.2535,-0.3856,-0.4285,-0.4453,-0.4578,-0.4697,-0.4818,-0.493,-0.5021,-0.5079,-0.5107,-0.5111,-0.5099,-0.5076,-0.5047,-0.5017,-0.4988,-0.4965,-0.4949,-0.5789,-0.5644,-0.5377,-0.5029,-0.5138,-0.5768,-0.595,-0.5151,-0.2202,-0.0741,-0.3216,-0.3714,-0.3063,-0.1666,0.2429,0.5352,-0.0415,-0.4295,-0.5809,-0.5837,-0.5458,-0.5166,-0.5044,-0.5054,-0.5129,-0.5202,-0.5234,-0.5228,-0.5199,-0.5157,-0.5107,-0.5054,-0.5003,-0.4958,-0.4924,-0.4902,-0.5784,-0.5649,-0.5406,-0.5099,-0.5241,-0.5982,-0.6567,-0.6662,-0.442,-0.2576,-0.3834,-0.3989,-0.3267,-0.2385,-0.1964,-0.1783,-0.4391,-0.8374,-0.9409,-0.772,-0.6289,-0.5519,-0.5214,-0.52,-0.5318,-0.5414,-0.5416,-0.5361,-0.5289,-0.5211,-0.5127,-0.5043,-0.4965,-0.4901,-0.4856,-0.4831,-0.5828,-0.5751,-0.5647,-0.5594,-0.5819,-0.639,-0.7172,-0.8036,-0.7154,-0.5429,-0.4885,-0.4541,-0.3773,-0.2356,-0.2668,-0.4182,-0.7227,-1.387,-1.3995,-0.9058,-0.6518,-0.543,-0.5117,-0.5239,-0.5533,-0.5694,-0.5625,-0.5495,-0.5373,-0.5253,-0.5126,-0.5001,-0.4889,-0.4803,-0.4748,-0.4725,-0.5892,-0.5874,-0.5872,-0.5941,-0.6156,-0.6547,-0.708,-0.7587,-0.7205,-0.621,-0.5616,-0.5041,-0.4629,-0.2499,-0.394,-0.573,-0.8005,-1.1174,-1.1398,-0.7912,-0.5558,-0.4625,-0.4651,-0.5133,-0.5716,-0.5945,-0.5776,-0.5593,-0.5441,-0.5276,-0.5092,-0.4907,-0.4748,-0.4637,-0.458,-0.457,-0.5952,-0.5969,-0.6012,-0.6105,-0.6272,-0.6511,-0.6776,-0.6935,-0.6832,-0.6746,-0.6763,-0.6214,-0.5174,-0.4927,-0.5156,-0.7771,-1.0254,-0.8523,-0.7387,-0.5242,-0.307,-0.2723,-0.3704,-0.4771,-0.5548,-0.5824,-0.576,-0.5654,-0.5501,-0.5278,-0.5003,-0.4726,-0.4501,-0.4366,-0.4324,-0.4351,-0.5999,-0.6033,-0.6088,-0.6175,-0.6299,-0.6451,-0.6606,-0.6741,-0.6939,-0.7571,-0.9041,-0.7957,-0.7015,-0.5972,-0.6216,-0.7766,-0.9196,-0.7261,-0.5312,-0.2666,0.1158,0.0326,-0.2565,-0.4342,-0.5284,-0.5698,-0.5835,-0.5806,-0.5607,-0.5263,-0.4828,-0.4392,-0.407,-0.3927,-0.3944,-0.4053,-0.6031,-0.6071,-0.6128,-0.6204,-0.6303,-0.6419,-0.6553,-0.6728,-0.7046,-0.7744,-0.8853,-0.814,-0.7946,-0.805,-0.7103,-0.7059,-0.67,-0.5122,-0.3491,-0.1928,0.1749,0.0693,-0.2483,-0.4395,-0.5493,-0.6116,-0.6348,-0.6218,-0.582,-0.5234,-0.4512,-0.3797,-0.3331,-0.3237,-0.3409,-0.3677,-0.6052,-0.6094,-0.6148,-0.6216,-0.6301,-0.6403,-0.653,-0.6704,-0.697,-0.7352,-0.7674,-0.77,-0.8128,-0.8283,-0.7909,-0.769,-0.6117,-0.3017,-0.0634,-0.2373,-0.2055,-0.2268,-0.3656,-0.5049,-0.6255,-0.7226,-0.7488,-0.6959,-0.6146,-0.5187,-0.4014,-0.2808,-0.214,-0.225,-0.2748,-0.327,-0.6064,-0.6105,-0.6156,-0.6218,-0.6294,-0.6385,-0.6499,-0.6646,-0.6835,-0.7051,-0.7236,-0.739,-0.7633,-0.8031,-0.9528,-1.0159,-0.6886,-0.3618,-0.2101,-0.3898,-0.4073,-0.421,-0.487,-0.5861,-0.7187,-0.8833,-0.9173,-0.7781,-0.6452,-0.5146,-0.346,-0.1547,-0.0649,-0.1189,-0.2151,-0.2949,-0.6069,-0.6109,-0.6157,-0.6213,-0.6281,-0.6361,-0.6458,-0.6575,-0.6712,-0.6858,-0.7003,-0.7161,-0.7403,-0.794,-0.9193,-0.9465,-0.714,-0.5265,-0.5356,-0.5794,-0.5196,-0.5321,-0.5788,-0.6447,-0.7503,-0.9124,-0.9473,-0.7783,-0.6498,-0.5187,-0.3344,-0.1055,-0.003,-0.0814,-0.1977,-0.2869,-0.607,-0.6107,-0.6151,-0.6202,-0.6262,-0.6331,-0.6412,-0.6505,-0.6608,-0.6718,-0.6835,-0.6971,-0.7164,-0.7475,-0.7835,-0.7672,-0.6726,-0.5829,-0.5601,-0.5672,-0.5811,-0.6314,-0.6711,-0.6881,-0.7229,-0.7614,-0.7346,-0.7026,-0.6301,-0.5315,-0.3926,-0.2166,-0.1222,-0.1588,-0.2389,-0.3088,-0.6066,-0.6101,-0.6141,-0.6187,-0.6239,-0.6298,-0.6365,-0.6439,-0.6519,-0.6603,-0.6692,-0.6792,-0.6908,-0.7032,-0.7081,-0.6896,-0.6466,-0.6048,-0.5882,-0.6026,-0.6628,-0.7705,-0.8071,-0.7454,-0.7087,-0.7004,-0.6957,-0.6707,-0.5904,-0.5335,-0.4611,-0.3594,-0.2867,-0.2791,-0.3103,-0.3496,-0.606,-0.6092,-0.6127,-0.6168,-0.6213,-0.6263,-0.6318,-0.6376,-0.6438,-0.6502,-0.6567,-0.6631,-0.669,-0.6725,-0.6697,-0.6566,-0.6355,-0.6175,-0.6158,-0.6439,-0.7252,-0.8623,-0.8996,-0.7873,-0.7072,-0.6766,-0.6588,-0.5987,-0.5173,-0.5154,-0.4966,-0.4443,-0.3951,-0.3736,-0.3772,-0.3933,-0.6051,-0.6079,-0.6111,-0.6147,-0.6185,-0.6227,-0.6272,-0.6319,-0.6366,-0.6413,-0.6458,-0.6497,-0.6523,-0.6525,-0.6489,-0.6407,-0.6307,-0.6247,-0.6311,-0.66,-0.7217,-0.8027,-0.8229,-0.7589,-0.6946,-0.6551,-0.6192,-0.5598,-0.5074,-0.5119,-0.51,-0.484,-0.4535,-0.4334,-0.427,-0.4306]},{"header":{"la1":42.85,"la2":41.18,"lo1":11.55,"lo2":14.05,"nx":36,"ny":24,"dx":0.07143,"dy":0.07261,"parameterCategory":2,"parameterNumber":3,"parameterNumberName":"northward_wind","parameterUnit":"m.s-1"},"data":[-0.5998,-0.6003,-0.6002,-0.5994,-0.5976,-0.595,-0.5917,-0.5878,-0.5835,-0.5782,-0.5708,-0.5603,-0.5456,-0.5263,-0.5029,-0.4765,-0.4488,-0.4226,-0.4007,-0.3851,-0.3765,-0.3737,-0.3751,-0.3787,-0.3833,-0.388,-0.3925,-0.3966,-0.4003,-0.4038,-0.407,-0.41,-0.4128,-0.4155,-0.418,-0.4204,-0.6021,-0.6028,-0.603,-0.6022,-0.6002,-0.5968,-0.5926,-0.5885,-0.5851,-0.5817,-0.5765,-0.5671,-0.5517,-0.5296,-0.5009,-0.467,-0.4303,-0.3951,-0.3666,-0.3487,-0.3421,-0.344,-0.3509,-0.3596,-0.3682,-0.376,-0.3827,-0.3885,-0.3935,-0.3979,-0.402,-0.4057,-0.4091,-0.4124,-0.4154,-0.4183,-0.6033,-0.6042,-0.6047,-0.604,-0.6013,-0.5961,-0.5894,-0.5835,-0.5811,-0.5818,-0.5815,-0.5754,-0.5604,-0.5352,-0.5,-0.4556,-0.405,-0.3549,-0.3155,-0.2949,-0.2939,-0.3055,-0.3221,-0.3384,-0.3525,-0.3639,-0.3731,-0.3806,-0.3869,-0.3924,-0.3973,-0.4017,-0.4058,-0.4096,-0.4132,-0.4165,-0.6027,-0.6039,-0.6048,-0.6045,-0.6008,-0.592,-0.5787,-0.5666,-0.5644,-0.5738,-0.5846,-0.586,-0.5731,-0.5451,-0.5021,-0.4436,-0.3713,-0.2947,-0.2347,-0.2119,-0.2255,-0.2567,-0.2894,-0.3164,-0.3371,-0.3525,-0.3642,-0.3734,-0.3809,-0.3873,-0.3929,-0.3981,-0.4029,-0.4074,-0.4115,-0.4153,-0.5992,-0.6004,-0.6022,-0.6032,-0.5994,-0.5851,-0.5573,-0.5261,-0.5197,-0.5492,-0.585,-0.6008,-0.592,-0.5617,-0.5108,-0.4355,-0.3312,-0.2059,-0.1032,-0.0809,-0.1312,-0.1999,-0.2565,-0.2966,-0.324,-0.343,-0.3567,-0.3671,-0.3756,-0.3828,-0.3892,-0.3951,-0.4006,-0.4057,-0.4104,-0.4147,-0.5913,-0.5914,-0.5942,-0.5986,-0.5986,-0.581,-0.529,-0.4483,-0.4211,-0.5012,-0.5882,-0.6247,-0.6199,-0.5876,-0.5311,-0.4415,-0.2998,-0.095,0.0966,0.108,-0.0224,-0.1487,-0.232,-0.2831,-0.3151,-0.3361,-0.3509,-0.3621,-0.3711,-0.379,-0.3861,-0.3928,-0.399,-0.4049,-0.4102,-0.4151,-0.5768,-0.5728,-0.5746,-0.5848,-0.5977,-0.5917,-0.5271,-0.377,-0.3028,-0.4724,-0.6201,-0.6672,-0.659,-0.624,-0.5675,-0.4758,-0.3153,-0.0423,0.2581,0.2503,0.033,-0.1327,-0.2268,-0.2798,-0.3117,-0.3325,-0.3471,-0.3584,-0.3677,-0.376,-0.3838,-0.3913,-0.3984,-0.4051,-0.4112,-0.4166,-0.5535,-0.5381,-0.531,-0.5446,-0.5832,-0.6213,-0.6057,-0.4999,-0.4493,-0.6052,-0.7186,-0.7345,-0.7078,-0.6682,-0.62,-0.5445,-0.4046,-0.1692,0.0864,0.1055,-0.0465,-0.1704,-0.2435,-0.2863,-0.3133,-0.3317,-0.3452,-0.356,-0.3653,-0.374,-0.3825,-0.3909,-0.3991,-0.4068,-0.4137,-0.4198,-0.5218,-0.4821,-0.4434,-0.4401,-0.5142,-0.6408,-0.7388,-0.7827,-0.8301,-0.8891,-0.8778,-0.8178,-0.7577,-0.7132,-0.6842,-0.64,-0.526,-0.3593,-0.207,-0.1523,-0.1834,-0.2313,-0.2694,-0.2969,-0.3174,-0.3331,-0.3452,-0.3551,-0.3641,-0.373,-0.3823,-0.3919,-0.4014,-0.4104,-0.4183,-0.4251,-0.4893,-0.4112,-0.3001,-0.2117,-0.3154,-0.6092,-0.864,-1.0426,-1.2123,-1.2518,-1.067,-0.8941,-0.7972,-0.7499,-0.7502,-0.7566,-0.6161,-0.4568,-0.3422,-0.2822,-0.2659,-0.2724,-0.2873,-0.3049,-0.3221,-0.3367,-0.3477,-0.3562,-0.3642,-0.3731,-0.3835,-0.3947,-0.4061,-0.4168,-0.4259,-0.4333,-0.473,-0.3626,-0.1648,0.0941,0.0036,-0.5676,-0.9945,-1.2372,-1.548,-1.6985,-1.2138,-0.9277,-0.8193,-0.7815,-0.7643,-0.7641,-0.6059,-0.4384,-0.3392,-0.2972,-0.2813,-0.2795,-0.289,-0.3073,-0.3288,-0.3459,-0.3553,-0.3602,-0.3657,-0.3744,-0.3863,-0.4001,-0.4143,-0.4272,-0.4378,-0.4456,-0.4892,-0.3869,-0.2031,0.0342,-0.0852,-0.7067,-1.1847,-1.4017,-1.4635,-1.487,-1.1307,-0.8957,-0.827,-0.8441,-0.7928,-0.671,-0.497,-0.2957,-0.2243,-0.2431,-0.2521,-0.2571,-0.2739,-0.3064,-0.3454,-0.3705,-0.3737,-0.3686,-0.3684,-0.3765,-0.3912,-0.4093,-0.4277,-0.4437,-0.4558,-0.4636,-0.5343,-0.4767,-0.3983,-0.3595,-0.5339,-0.9343,-1.3282,-1.5772,-1.455,-1.2053,-0.9711,-0.8339,-0.8118,-0.869,-0.8186,-0.6118,-0.3725,-0.0793,-0.0638,-0.1755,-0.1984,-0.2067,-0.2397,-0.3046,-0.3856,-0.4271,-0.4077,-0.3793,-0.3698,-0.3787,-0.3992,-0.4247,-0.4497,-0.4698,-0.4832,-0.4897,-0.5875,-0.5735,-0.5723,-0.622,-0.7713,-1.0095,-1.2639,-1.4481,-1.3543,-1.06,-0.8608,-0.7913,-0.7927,-0.8592,-0.7037,-0.4573,-0.2203,-0.1243,-0.1091,-0.1361,-0.1086,-0.108,-0.1716,-0.2862,-0.4302,-0.4956,-0.4362,-0.3796,-0.3647,-0.3801,-0.4125,-0.451,-0.4861,-0.5114,-0.5246,-0.5272,-0.6309,-0.6415,-0.6696,-0.7307,-0.8352,-0.9701,-1.0981,-1.1568,-1.0675,-0.8823,-0.7516,-0.711,-0.6972,-0.6085,-0.5873,-0.151,0.2724,-0.0618,-0.1344,-0.0481,0.104,0.1015,-0.0463,-0.2136,-0.3709,-0.4426,-0.3956,-0.3492,-0.3475,-0.3814,-0.4364,-0.4971,-0.5479,-0.5783,-0.5872,-0.58,-0.6584,-0.6781,-0.7105,-0.7604,-0.8267,-0.8974,-0.9486,-0.9473,-0.8712,-0.7446,-0.6324,-0.6159,-0.63,-0.6174,-0.519,-0.1843,0.1078,-0.1092,-0.1459,0.0981,0.5627,0.4592,0.1044,-0.1107,-0.2337,-0.2879,-0.2863,-0.2846,-0.3171,-0.3858,-0.4803,-0.5795,-0.6542,-0.6864,-0.68,-0.6517,-0.6716,-0.6919,-0.7198,-0.7553,-0.7949,-0.8295,-0.8454,-0.8284,-0.7737,-0.6956,-0.6299,-0.6233,-0.6135,-0.599,-0.5273,-0.39,-0.2867,-0.3036,-0.2822,0.0272,0.6187,0.4963,0.1287,-0.0539,-0.1245,-0.1414,-0.152,-0.1933,-0.2743,-0.3966,-0.5578,-0.7258,-0.8375,-0.8576,-0.8115,-0.7424,-0.6743,-0.6919,-0.7132,-0.7368,-0.7595,-0.7753,-0.7772,-0.7599,-0.7245,-0.6813,-0.6462,-0.6239,-0.6057,-0.5928,-0.5476,-0.4943,-0.4315,-0.4659,-0.563,-0.2758,0.0454,0.1119,0.015,-0.049,-0.0387,0.0208,0.0259,-0.0733,-0.2199,-0.4119,-0.6771,-0.9706,-1.1375,-1.1064,-0.9756,-0.8407,-0.6703,-0.6842,-0.6994,-0.7145,-0.7269,-0.7332,-0.7299,-0.7153,-0.6914,-0.6633,-0.6368,-0.6136,-0.5933,-0.5743,-0.577,-0.5834,-0.4858,-0.4665,-0.4902,-0.3362,-0.2001,-0.107,-0.0804,-0.0559,0.0367,0.229,0.2693,0.0456,-0.1681,-0.4143,-0.8024,-1.2874,-1.5223,-1.3784,-1.1242,-0.9164,-0.6622,-0.6726,-0.683,-0.6922,-0.6984,-0.6997,-0.6944,-0.6821,-0.6639,-0.6425,-0.6202,-0.5983,-0.5773,-0.5609,-0.5663,-0.5626,-0.4808,-0.4082,-0.3325,-0.304,-0.2535,-0.1713,-0.1167,-0.0685,0.0319,0.2517,0.3019,0.0161,-0.1465,-0.3621,-0.797,-1.4067,-1.6863,-1.4731,-1.1617,-0.928,-0.6519,-0.6593,-0.6661,-0.6712,-0.6736,-0.6721,-0.6659,-0.6549,-0.6397,-0.6217,-0.6019,-0.5812,-0.5605,-0.5419,-0.5274,-0.5021,-0.4484,-0.384,-0.3277,-0.2943,-0.2324,-0.1467,-0.0961,-0.0791,-0.0616,-0.0844,-0.2587,-0.2145,-0.1135,-0.2014,-0.5537,-1.068,-1.3469,-1.2509,-1.0382,-0.8583,-0.6407,-0.6456,-0.6496,-0.652,-0.6519,-0.6487,-0.642,-0.6317,-0.6181,-0.6019,-0.5837,-0.5639,-0.5431,-0.5217,-0.4982,-0.4668,-0.4227,-0.3705,-0.3181,-0.2602,-0.1655,-0.0398,0.0015,-0.053,-0.1129,-0.2414,-0.4727,-0.2693,0.1235,0.1334,-0.1731,-0.574,-0.8411,-0.8923,-0.8257,-0.7356,-0.6291,-0.6322,-0.6341,-0.6344,-0.6327,-0.6284,-0.6213,-0.6113,-0.5986,-0.5835,-0.5663,-0.5472,-0.5263,-0.5034,-0.4769,-0.4446,-0.4045,-0.357,-0.3017,-0.228,-0.1108,0.0453,0.0843,-0.0192,-0.0993,-0.1604,-0.1684,0.1733,0.7227,0.5898,0.1684,-0.2128,-0.4722,-0.595,-0.6222,-0.6047,-0.6177,-0.6192,-0.6196,-0.6185,-0.6155,-0.6105,-0.6031,-0.5933,-0.5811,-0.5668,-0.5503,-0.5317,-0.511,-0.4877,-0.4608,-0.4291,-0.3914,-0.3467,-0.2922,-0.2207,-0.1237,-0.0206,0.0081,-0.0431,-0.0816,-0.0695,0.0482,0.4027,0.8049,0.6698,0.2896,-0.0377,-0.2668,-0.4037,-0.4707,-0.4944]}]