docs/data/wind_grid.json
{"header": {"la1":42.1,"la2":41.55,"lo1":12.1,"lo2":12.95,"nx":50,"ny":50,"dx":0.01735,"dy":0.01122,"parameterCategory":2,"parameterNumber":2,"parameterNumberName":"eastward_wind","parameterUnit":"m.s-1"}, "data":
[rows 0 to 43 of 50, columns 0 to 49 of 50]
0.7527,0.7438,0.7333,0.7211,0.7072,0.6915,0.6738,0.6542,0.6328,0.6095,0.5845,0.5579,0.53,0.501,0.4711,0.4408,0.4101,0.3794,0.3487,0.318,0.2873,0.256,0.2238,0.1901,0.1542,0.1153,0.0727,0.0259,-0.0257,-0.0822,-0.1437,-0.2097,-0.2796,-0.3521,-0.4254,-0.4973,-0.5652,-0.6265,-0.6786,-0.7198,-0.7488,-0.7657,-0.771,-0.7662,-0.753,-0.7331,-0.7084,-0.6804,-0.6503,-0.6191
0.767,0.7584,0.7481,0.736,0.7221,0.7062,0.6883,0.6682,0.6462,0.6221,0.5961,0.5684,0.5393,0.509,0.4778,0.4461,0.4143,0.3825,0.351,0.3198,0.2887,0.2573,0.2252,0.1916,0.1557,0.1167,0.0737,0.026,-0.027,-0.0857,-0.15,-0.2197,-0.294,-0.3716,-0.4506,-0.5285,-0.6022,-0.6687,-0.7249,-0.7686,-0.7985,-0.8147,-0.8179,-0.81,-0.7931,-0.7693,-0.7406,-0.7088,-0.6752,-0.6409
0.782,0.7736,0.7636,0.7517,0.7378,0.7218,0.7035,0.6831,0.6603,0.6354,0.6084,0.5795,0.5491,0.5173,0.4846,0.4515,0.4183,0.3853,0.3529,0.321,0.2895,0.2582,0.2262,0.193,0.1574,0.1184,0.0752,0.0267,-0.0276,-0.0883,-0.1554,-0.2288,-0.3076,-0.3907,-0.4759,-0.5603,-0.6405,-0.7128,-0.7735,-0.82,-0.8507,-0.8659,-0.8666,-0.8551,-0.834,-0.8057,-0.7727,-0.7368,-0.6995,-0.6619
0.7975,0.7896,0.7798,0.7681,0.7543,0.7382,0.7197,0.6988,0.6754,0.6496,0.6215,0.5913,0.5593,0.5259,0.4916,0.4567,0.4219,0.3876,0.3541,0.3215,0.2898,0.2584,0.2269,0.1941,0.159,0.1204,0.0771,0.0282,-0.0273,-0.0898,-0.1597,-0.2368,-0.3204,-0.4091,-0.5009,-0.5924,-0.6798,-0.7585,-0.8242,-0.8736,-0.9052,-0.9189,-0.9166,-0.901,-0.8751,-0.842,-0.8043,-0.7641,-0.7229,-0.682
0.8137,0.8062,0.7968,0.7854,0.7717,0.7556,0.7369,0.7156,0.6915,0.6648,0.6355,0.6038,0.5702,0.535,0.4987,0.4619,0.4253,0.3894,0.3546,0.3212,0.2891,0.2579,0.2268,0.1948,0.1605,0.1225,0.0795,0.0303,-0.0261,-0.0904,-0.1628,-0.2435,-0.3318,-0.4265,-0.5251,-0.6243,-0.7195,-0.8053,-0.8765,-0.9292,-0.9614,-0.9735,-0.9676,-0.9472,-0.916,-0.8776,-0.8349,-0.7902,-0.7451,-0.7007
0.8305,0.8236,0.8147,0.8036,0.7901,0.774,0.7552,0.7334,0.7087,0.681,0.6504,0.6173,0.5818,0.5445,0.506,0.467,0.4283,0.3905,0.3542,0.3198,0.2874,0.2564,0.226,0.195,0.1618,0.1248,0.0824,0.0331,-0.0239,-0.0897,-0.1646,-0.2487,-0.3416,-0.4421,-0.548,-0.6553,-0.759,-0.8526,-0.9299,-0.9861,-1.0189,-1.0287,-1.0187,-0.9929,-0.9559,-0.9119,-0.8639,-0.8146,-0.7656,-0.7179
0.8481,0.8417,0.8334,0.8227,0.8096,0.7936,0.7746,0.7525,0.7271,0.6984,0.6666,0.6317,0.5942,0.5546,0.5136,0.4721,0.4308,0.3908,0.3528,0.3172,0.2843,0.2536,0.2242,0.1945,0.1627,0.127,0.0855,0.0366,-0.0209,-0.0878,-0.1648,-0.2521,-0.3494,-0.4556,-0.5686,-0.6845,-0.7972,-0.8993,-0.9833,-1.0433,-1.0765,-1.0838,-1.069,-1.0373,-0.9941,-0.9441,-0.8909,-0.8369,-0.784,-0.7331
0.8663,0.8607,0.853,0.8429,0.8301,0.8144,0.7954,0.773,0.747,0.7173,0.684,0.6473,0.6076,0.5655,0.5216,0.4771,0.433,0.3903,0.3501,0.3131,0.2796,0.2493,0.221,0.193,0.1631,0.1291,0.0889,0.0407,-0.0169,-0.0847,-0.1635,-0.2534,-0.3546,-0.4662,-0.5863,-0.7107,-0.8328,-0.9442,-1.0354,-1.0994,-1.1329,-1.1372,-1.1172,-1.0792,-1.0295,-0.9735,-0.9149,-0.8566,-0.8,-0.7461
0.8852,0.8805,0.8736,0.8641,0.8519,0.8365,0.8176,0.7949,0.7683,0.7377,0.7029,0.6643,0.6222,0.5772,0.5302,0.4823,0.4347,0.3889,0.346,0.3072,0.273,0.243,0.2161,0.1902,0.1628,0.131,0.0925,0.0453,-0.012,-0.0804,-0.1605,-0.2526,-0.357,-0.4733,-0.5998,-0.7325,-0.8643,-0.9853,-1.0843,-1.1526,-1.1863,-1.1873,-1.1617,-1.1171,-1.0609,-0.999,-0.9354,-0.8729,-0.8129,-0.7564
0.9049,0.9011,0.8951,0.8865,0.8749,0.86,0.8413,0.8186,0.7915,0.7598,0.7236,0.683,0.6383,0.5902,0.5396,0.4878,0.4362,0.3865,0.3405,0.2994,0.2641,0.2345,0.2093,0.186,0.1615,0.1324,0.0961,0.0503,-0.0065,-0.075,-0.1559,-0.2495,-0.3562,-0.4761,-0.6081,-0.7484,-0.8896,-1.0204,-1.1275,-1.2003,-1.2343,-1.2318,-1.2005,-1.1495,-1.0871,-1.0196,-0.9515,-0.8853,-0.8225,-0.7637
0.9253,0.9226,0.9176,0.91,0.8993,0.885,0.8667,0.844,0.8165,0.784,0.7464,0.7036,0.6562,0.6046,0.55,0.4937,0.4375,0.3833,0.3332,0.2892,0.2525,0.2233,0.2,0.1799,0.159,0.1334,0.0997,0.0555,-0.0004,-0.0687,-0.1498,-0.244,-0.3519,-0.4741,-0.61,-0.7567,-0.9065,-1.0467,-1.162,-1.2395,-1.2738,-1.2682,-1.2315,-1.1745,-1.1066,-1.0344,-0.9625,-0.8934,-0.8284,-0.7679
0.9464,0.9449,0.9412,0.9347,0.925,0.9116,0.8939,0.8714,0.8438,0.8105,0.7714,0.7266,0.6762,0.6209,0.5619,0.5006,0.439,0.3794,0.3244,0.2766,0.2379,0.2088,0.188,0.1718,0.1553,0.1337,0.1031,0.061,0.0062,-0.0617,-0.1425,-0.2365,-0.3442,-0.4668,-0.6048,-0.7558,-0.9126,-1.0613,-1.1844,-1.2667,-1.3017,-1.2933,-1.2522,-1.1904,-1.118,-1.0423,-0.9677,-0.8966,-0.8301,-0.7686
0.9682,0.9682,0.9658,0.9607,0.9522,0.9399,0.923,0.901,0.8733,0.8395,0.7991,0.7522,0.6988,0.6396,0.5757,0.5088,0.441,0.375,0.3141,0.2614,0.2198,0.1907,0.1727,0.1613,0.1501,0.1333,0.1063,0.0665,0.0129,-0.0542,-0.1344,-0.2272,-0.3333,-0.4543,-0.5917,-0.7444,-0.9057,-1.0612,-1.1912,-1.278,-1.3143,-1.3045,-1.2604,-1.1954,-1.1203,-1.0426,-0.9665,-0.8945,-0.8274,-0.7656
0.9907,0.9922,0.9915,0.9879,0.981,0.97,0.9542,0.933,0.9055,0.8713,0.8299,0.7809,0.7245,0.6612,0.5921,0.5189,0.4442,0.3708,0.3026,0.2437,0.1981,0.1685,0.1538,0.1483,0.1437,0.1324,0.1094,0.072,0.0197,-0.0467,-0.1258,-0.2166,-0.3197,-0.4369,-0.5707,-0.7217,-0.8842,-1.0438,-1.1791,-1.2703,-1.3086,-1.2989,-1.2541,-1.1882,-1.1125,-1.0346,-0.9586,-0.8869,-0.8203,-0.759
1.0139,1.0171,1.0182,1.0165,1.0113,1.0019,0.9876,0.9674,0.9406,0.9063,0.864,0.8131,0.7538,0.6863,0.6117,0.5319,0.4494,0.3677,0.2909,0.224,0.1728,0.1419,0.1311,0.1329,0.1362,0.1313,0.1125,0.0774,0.0262,-0.0395,-0.1173,-0.2055,-0.3041,-0.4152,-0.5425,-0.6879,-0.8476,-1.0077,-1.146,-1.2409,-1.2824,-1.275,-1.2321,-1.1681,-1.0943,-1.0182,-0.944,-0.8739,-0.8088,-0.7487
1.0376,1.0428,1.0459,1.0463,1.0432,1.0358,1.0232,1.0045,0.9787,0.9447,0.9019,0.8495,0.7873,0.7157,0.6355,0.5486,0.4578,0.3668,0.2801,0.2035,0.1445,0.1109,0.1047,0.1157,0.1283,0.1305,0.1159,0.0829,0.0324,-0.033,-0.1097,-0.1948,-0.2877,-0.3908,-0.5083,-0.6443,-0.7968,-0.9534,-1.0918,-1.1894,-1.2351,-1.2324,-1.1944,-1.1351,-1.0657,-0.9935,-0.9227,-0.8556,-0.7929,-0.7349
1.0619,1.0692,1.0746,1.0773,1.0766,1.0716,1.0612,1.0445,1.02,0.9869,0.9439,0.8904,0.8258,0.7502,0.6644,0.5702,0.4707,0.3699,0.2725,0.1845,0.1148,0.0766,0.0756,0.098,0.1214,0.1307,0.1201,0.0885,0.038,-0.0276,-0.1035,-0.1854,-0.272,-0.3652,-0.4705,-0.5934,-0.7344,-0.8831,-1.0185,-1.1176,-1.1682,-1.1725,-1.1421,-1.0902,-1.0276,-0.9612,-0.8954,-0.8323,-0.7729,-0.7177
1.0866,1.0963,1.1041,1.1095,1.1115,1.1093,1.1017,1.0873,1.0649,1.033,0.9905,0.9363,0.8697,0.7906,0.6994,0.5979,0.4896,0.379,0.2709,0.1707,0.0877,0.0416,0.0466,0.0829,0.1176,0.1333,0.1254,0.0943,0.0429,-0.0238,-0.0995,-0.1785,-0.2583,-0.3406,-0.4317,-0.5387,-0.6645,-0.8016,-0.9307,-1.0298,-1.0855,-1.0982,-1.0776,-1.0353,-0.9813,-0.9223,-0.8626,-0.8046,-0.7494,-0.6976
1.1117,1.1238,1.1344,1.1427,1.1479,1.1489,1.1445,1.1331,1.1132,1.0833,1.0419,0.9877,0.9198,0.8376,0.7415,0.6332,0.5162,0.3961,0.2786,0.1678,0.0707,0.0131,0.0242,0.0755,0.1197,0.1394,0.1324,0.1004,0.047,-0.0218,-0.0983,-0.175,-0.2482,-0.3193,-0.395,-0.4843,-0.5925,-0.7149,-0.835,-0.9321,-0.9924,-1.0141,-1.0043,-0.9728,-0.9286,-0.8781,-0.8255,-0.7732,-0.7227,-0.6748
1.1369,1.1518,1.1654,1.177,1.1857,1.1904,1.1896,1.1819,1.1653,1.138,1.0983,1.0448,0.9763,0.8921,0.7919,0.6771,0.5519,0.4231,0.2984,0.1821,0.076,0.0062,0.0215,0.0835,0.1309,0.1501,0.1415,0.1069,0.0502,-0.022,-0.1004,-0.1758,-0.243,-0.3031,-0.3634,-0.4344,-0.5238,-0.6296,-0.7386,-0.8318,-0.8953,-0.9252,-0.9261,-0.9057,-0.8717,-0.8301,-0.785,-0.7389,-0.6936,-0.6498
1.1623,1.18,1.1968,1.2119,1.2245,1.2334,1.2371,1.2336,1.2209,1.197,1.1598,1.1078,1.0397,0.9544,0.8513,0.731,0.5978,0.4606,0.3309,0.2165,0.1164,0.0457,0.0581,0.1138,0.1527,0.1656,0.1525,0.1138,0.0524,-0.0244,-0.106,-0.1813,-0.2437,-0.2936,-0.3392,-0.3925,-0.4631,-0.5517,-0.648,-0.7353,-0.7999,-0.8364,-0.8467,-0.8367,-0.8127,-0.7799,-0.7423,-0.7026,-0.6625,-0.623
1.1875,1.2082,1.2284,1.2474,1.2644,1.2779,1.2865,1.2881,1.2802,1.2604,1.2264,1.1766,1.1097,1.0247,0.9202,0.7958,0.655,0.5086,0.3736,0.2653,0.1884,0.1422,0.1407,0.1646,0.1829,0.1848,0.1651,0.1209,0.0538,-0.0287,-0.1148,-0.1914,-0.2503,-0.2915,-0.3239,-0.3608,-0.4136,-0.4854,-0.5682,-0.6478,-0.7111,-0.7518,-0.7696,-0.7685,-0.7534,-0.7289,-0.6985,-0.665,-0.6301,-0.595
1.2124,1.2362,1.26,1.2832,1.3048,1.3236,1.3378,1.3452,1.3429,1.328,1.2979,1.2508,1.1859,1.1026,0.9988,0.8723,0.7245,0.5672,0.4226,0.315,0.2591,0.2446,0.2309,0.2194,0.2157,0.2059,0.1786,0.128,0.0546,-0.0344,-0.1259,-0.2051,-0.2619,-0.2962,-0.3173,-0.3399,-0.3768,-0.4325,-0.5016,-0.572,-0.6319,-0.6741,-0.6971,-0.703,-0.6955,-0.6783,-0.6545,-0.6268,-0.5969,-0.5661
1.2368,1.2638,1.2914,1.3188,1.3455,1.37,1.3906,1.4046,1.4088,1.3997,1.374,1.3298,1.2673,1.1869,1.0864,0.9608,0.8077,0.6375,0.4763,0.3563,0.2987,0.2917,0.2811,0.2603,0.2452,0.2265,0.1922,0.1352,0.0553,-0.0404,-0.1377,-0.2202,-0.2765,-0.3057,-0.3178,-0.3286,-0.3517,-0.3929,-0.4486,-0.5089,-0.5634,-0.6049,-0.6308,-0.6417,-0.6402,-0.6291,-0.6112,-0.5888,-0.5636,-0.5368
1.2605,1.2907,1.322,1.354,1.386,1.4167,1.4442,1.4658,1.4777,1.4753,1.4544,1.4129,1.3523,1.2754,1.1809,1.0606,0.9057,0.722,0.5382,0.3939,0.3158,0.2979,0.2958,0.2845,0.269,0.2455,0.2054,0.1426,0.0565,-0.0452,-0.148,-0.2341,-0.2907,-0.3168,-0.3225,-0.3242,-0.336,-0.3645,-0.4077,-0.4577,-0.5056,-0.5445,-0.5712,-0.5853,-0.5882,-0.5821,-0.5692,-0.5514,-0.5304,-0.5074
1.2832,1.3166,1.3517,1.3883,1.4257,1.4629,1.4981,1.5282,1.5489,1.5544,1.5389,1.4993,1.4389,1.3647,1.2788,1.1694,1.0184,0.8238,0.6154,0.4414,0.3372,0.3034,0.3033,0.3015,0.2891,0.2631,0.2184,0.1504,0.0593,-0.0473,-0.1543,-0.2433,-0.301,-0.3257,-0.3278,-0.3233,-0.3264,-0.3443,-0.3764,-0.4166,-0.4573,-0.4925,-0.5184,-0.5341,-0.54,-0.5377,-0.5288,-0.515,-0.4978,-0.4782
1.3046,1.3411,1.3799,1.4211,1.4641,1.5081,1.5514,1.5909,1.6218,1.6367,1.6275,1.5887,1.5249,1.4507,1.3747,1.282,1.1425,0.943,0.713,0.5106,0.3809,0.329,0.3218,0.3208,0.3087,0.2803,0.2315,0.1592,0.0645,-0.045,-0.1544,-0.2453,-0.3042,-0.3292,-0.33,-0.3222,-0.3194,-0.3292,-0.3519,-0.3832,-0.4169,-0.4477,-0.4718,-0.4878,-0.4955,-0.496,-0.4903,-0.4799,-0.4659,-0.4494
1.3245,1.3639,1.4063,1.4519,1.5003,1.5512,1.6029,1.6527,1.6953,1.7218,1.7204,1.6813,1.6089,1.5285,1.4613,1.3905,1.2703,1.0738,0.8294,0.604,0.4511,0.3785,0.3561,0.3472,0.3307,0.2981,0.2452,0.1697,0.0729,-0.0375,-0.147,-0.2382,-0.2982,-0.3247,-0.3266,-0.3181,-0.3122,-0.3163,-0.3316,-0.3554,-0.3826,-0.4088,-0.4305,-0.446,-0.4547,-0.4571,-0.4539,-0.4463,-0.4351,-0.4212
1.3427,1.3847,1.4304,1.4801,1.5337,1.5912,1.6514,1.7119,1.7675,1.8082,1.8179,1.7788,1.691,1.5939,1.5311,1.4845,1.3888,1.2032,0.9542,0.714,0.5412,0.4465,0.4043,0.3815,0.3562,0.3176,0.2603,0.1821,0.0847,-0.0244,-0.132,-0.2221,-0.2827,-0.3115,-0.3162,-0.3093,-0.3026,-0.3033,-0.3133,-0.331,-0.3528,-0.3747,-0.3938,-0.4083,-0.4173,-0.4209,-0.4196,-0.4141,-0.4053,-0.3938
1.3589,1.4032,1.4518,1.5051,1.5634,1.6269,1.6951,1.7662,1.8356,1.893,1.9185,1.8828,1.7736,1.6451,1.5779,1.5539,1.4836,1.3144,1.0712,0.8265,0.6396,0.5245,0.4613,0.422,0.3852,0.339,0.2771,0.1969,0.1002,-0.0062,-0.1102,-0.1979,-0.2586,-0.2902,-0.2988,-0.2951,-0.2895,-0.2888,-0.2954,-0.3086,-0.3259,-0.3441,-0.3607,-0.3739,-0.3827,-0.3871,-0.3872,-0.3835,-0.3766,-0.3672
1.3729,1.4192,1.4702,1.5265,1.5887,1.6573,1.7325,1.8132,1.8959,1.9711,2.0168,1.9919,1.8604,1.6851,1.6011,1.5928,1.5438,1.3939,1.1661,0.9277,0.7346,0.6037,0.5217,0.4658,0.4167,0.3623,0.2957,0.2142,0.119,0.0165,-0.083,-0.1675,-0.2279,-0.2622,-0.2751,-0.2756,-0.2725,-0.272,-0.2768,-0.287,-0.3008,-0.316,-0.3303,-0.3422,-0.3507,-0.3555,-0.3566,-0.3543,-0.3491,-0.3414
1.3845,1.4323,1.4851,1.5437,1.6089,1.6814,1.7618,1.85,1.9436,2.0347,2.1015,2.0944,1.9492,1.7224,1.6098,1.6043,1.568,1.4375,1.232,1.0089,0.8179,0.6776,0.5808,0.5102,0.4495,0.3871,0.3162,0.2336,0.1407,0.0425,-0.0519,-0.1328,-0.1926,-0.2293,-0.2466,-0.2517,-0.2519,-0.2527,-0.257,-0.2654,-0.2769,-0.2897,-0.3021,-0.3128,-0.3209,-0.3259,-0.3277,-0.3265,-0.3227,-0.3165
1.3937,1.4425,1.4965,1.5565,1.6235,1.6983,1.7819,1.8745,1.9746,2.0756,2.1571,2.1664,2.0216,1.7637,1.6196,1.6,1.5651,1.4512,1.2703,1.0679,0.8855,0.7419,0.6351,0.5529,0.4823,0.4128,0.338,0.255,0.1645,0.0709,-0.0185,-0.0957,-0.1545,-0.1933,-0.2147,-0.2243,-0.2281,-0.231,-0.2358,-0.2434,-0.2534,-0.2645,-0.2755,-0.2852,-0.2928,-0.2979,-0.3003,-0.3,-0.2973,-0.2924
1.4003,1.4496,1.5041,1.5646,1.6322,1.7077,1.7919,1.8853,1.9863,2.0885,2.1719,2.1855,2.0508,1.8005,1.6382,1.5923,1.5483,1.4456,1.2876,1.107,0.937,0.7951,0.6828,0.5924,0.5139,0.4387,0.3609,0.2777,0.1898,0.1006,0.016,-0.0576,-0.1153,-0.1557,-0.1806,-0.1944,-0.202,-0.2074,-0.2133,-0.2208,-0.23,-0.24,-0.25,-0.2589,-0.2662,-0.2713,-0.2741,-0.2746,-0.2729,-0.2692
1.4044,1.4536,1.5079,1.5682,1.6351,1.7095,1.792,1.8825,1.9789,2.0738,2.1468,2.1525,2.0322,1.8177,1.6573,1.5861,1.5275,1.4304,1.291,1.1306,0.9742,0.8373,0.7232,0.6278,0.5437,0.4641,0.3841,0.3014,0.216,0.131,0.0508,-0.0195,-0.0761,-0.1177,-0.1455,-0.163,-0.1741,-0.1821,-0.1896,-0.1976,-0.2066,-0.216,-0.2253,-0.2338,-0.2408,-0.246,-0.2492,-0.2503,-0.2494,-0.2467
1.4059,1.4546,1.5081,1.5672,1.6324,1.7042,1.7829,1.8675,1.9551,2.0369,2.0932,2.0875,1.9836,1.8114,1.6661,1.579,1.5069,1.4118,1.2862,1.1429,0.9998,0.8695,0.7564,0.6585,0.571,0.4886,0.4074,0.3253,0.2426,0.1613,0.085,0.0177,-0.0377,-0.08,-0.1103,-0.1309,-0.1452,-0.1558,-0.165,-0.1739,-0.1831,-0.1923,-0.2013,-0.2095,-0.2164,-0.2217,-0.2252,-0.2269,-0.2267,-0.2249
1.405,1.4527,1.5049,1.562,1.6245,1.6925,1.7657,1.8426,1.919,1.9857,2.0252,2.0107,1.9233,1.7874,1.6609,1.5678,1.4867,1.3923,1.2768,1.1474,1.0163,0.8934,0.783,0.6848,0.5956,0.5117,0.4301,0.3491,0.2689,0.191,0.1183,0.0537,-0.0004,-0.0433,-0.0754,-0.0987,-0.1158,-0.1288,-0.1398,-0.1498,-0.1595,-0.1689,-0.1778,-0.1859,-0.1928,-0.1983,-0.2021,-0.2043,-0.2049,-0.2038
1.4019,1.4481,1.4984,1.553,1.6121,1.6754,1.7422,1.8103,1.8749,1.9273,1.9529,1.9336,1.8609,1.7525,1.6436,1.5511,1.4659,1.3725,1.2649,1.1466,1.026,0.9104,0.8038,0.7068,0.6174,0.5333,0.452,0.3724,0.2946,0.2199,0.1503,0.0881,0.0352,-0.0078,-0.0414,-0.0669,-0.0863,-0.1016,-0.1143,-0.1255,-0.1359,-0.1457,-0.1548,-0.1629,-0.17,-0.1757,-0.1799,-0.1826,-0.1837,-0.1834
1.3965,1.441,1.4891,1.5407,1.5959,1.654,1.7139,1.773,1.8265,1.8666,1.8819,1.8609,1.8,1.7117,1.6175,1.5292,1.4437,1.3524,1.2512,1.1421,1.0305,0.9219,0.8197,0.7249,0.6365,0.553,0.4727,0.3949,0.3195,0.2476,0.1808,0.1209,0.0691,0.0261,-0.0085,-0.0357,-0.0572,-0.0744,-0.0887,-0.1012,-0.1124,-0.1227,-0.1321,-0.1405,-0.1478,-0.1537,-0.1583,-0.1615,-0.1632,-0.1636
1.3892,1.4318,1.4772,1.5256,1.5765,1.6293,1.6823,1.7329,1.7766,1.8067,1.8147,1.7935,1.7418,1.6681,1.5858,1.5031,1.4198,1.3317,1.2363,1.1348,1.0311,0.929,0.8315,0.7396,0.653,0.5709,0.4921,0.4162,0.3432,0.274,0.2098,0.1518,0.1012,0.0584,0.023,-0.0056,-0.0286,-0.0475,-0.0633,-0.077,-0.0891,-0.1,-0.1099,-0.1186,-0.1261,-0.1325,-0.1374,-0.1411,-0.1433,-0.1443
1.3802,1.4205,1.4633,1.5082,1.5548,1.6022,1.6486,1.6915,1.7268,1.749,1.7521,1.7313,1.6866,1.6236,1.5508,1.4741,1.3945,1.3103,1.2203,1.1256,1.0287,0.9326,0.8398,0.7512,0.6671,0.5869,0.51,0.4362,0.3657,0.299,0.237,0.1809,0.1315,0.0889,0.0532,0.0235,-0.0009,-0.0212,-0.0383,-0.0531,-0.0661,-0.0777,-0.088,-0.0972,-0.1051,-0.1117,-0.1171,-0.1212,-0.124,-0.1256
1.3697,1.4077,1.4476,1.489,1.5313,1.5735,1.6139,1.6499,1.6782,1.6943,1.6938,1.6738,1.6343,1.5793,1.5142,1.4434,1.3682,1.2883,1.2035,1.1147,1.024,0.9336,0.8453,0.7603,0.679,0.6011,0.5265,0.4549,0.3867,0.3224,0.2626,0.2083,0.1599,0.1178,0.0818,0.0514,0.0259,0.0045,-0.0138,-0.0296,-0.0435,-0.0557,-0.0666,-0.0762,-0.0845,-0.0916,-0.0974,-0.102,-0.1053,-0.1074
1.3578,1.3934,1.4304,1.4684,1.5066,1.5439,1.5788,1.6089,1.6314,1.6427,1.6397,1.6204,1.5849,1.5359,1.4772,1.4117,1.3411,1.2658,1.186,1.1027,1.0175,0.9323,0.8485,0.7672,0.6889,0.6136,0.5414,0.4722,0.4064,0.3443,0.2866,0.2339,0.1866,0.145,0.109,0.0781,0.0518,0.0293,0.01,-0.0067,-0.0213,-0.0342,-0.0457,-0.0557,-0.0645,-0.072,-0.0782,-0.0832,-0.087,-0.0897
1.3448,1.3781,1.4122,1.4468,1.481,1.5139,1.5439,1.5689,1.5866,1.5941,1.5893,1.5706,1.5383,1.494,1.4405,1.3799,1.3138,1.243,1.1679,1.0898,1.0097,0.9293,0.8498,0.7722,0.697,0.6245,0.5548,0.488,0.4245,0.3646,0.3089,0.2577,0.2116,0.1706,0.1346,0.1034,0.0765,0.0533,0.0332,0.0157,0.0003,-0.0132,-0.0252,-0.0358,-0.045,-0.0529,-0.0595,-0.065,-0.0693,-0.0725
