docs/data/wind_grid.json
{"header": {"la1":42.1,"la2":41.55,"lo1":12.1,"lo2":12.95,"nx":50,"ny":50,"dx":0.01735,"dy":0.01122,"parameterCategory":2,"parameterNumber":2,"parameterNumberName":"eastward_wind","parameterUnit":"m.s-1"}, "data":
[rows 0 to 39 of 50, columns 0 to 49 of 50]
-0.411,-0.4081,-0.4053,-0.4024,-0.3994,-0.3965,-0.3935,-0.3906,-0.3877,-0.3848,-0.3822,-0.3797,-0.3777,-0.3762,-0.3756,-0.3762,-0.3784,-0.3827,-0.3896,-0.3997,-0.4137,-0.4321,-0.4556,-0.4846,-0.5194,-0.5604,-0.6078,-0.6614,-0.7212,-0.7868,-0.8577,-0.9332,-1.0122,-1.0932,-1.1742,-1.2529,-1.3268,-1.3931,-1.4494,-1.494,-1.5259,-1.5452,-1.5528,-1.5501,-1.5391,-1.5215,-1.4992,-1.4738,-1.4465,-1.4183
-0.407,-0.4039,-0.4008,-0.3977,-0.3944,-0.3912,-0.3878,-0.3844,-0.381,-0.3776,-0.3742,-0.371,-0.368,-0.3656,-0.3639,-0.3632,-0.3642,-0.3672,-0.3728,-0.3819,-0.395,-0.4129,-0.4363,-0.4656,-0.5013,-0.5437,-0.593,-0.6492,-0.7121,-0.7815,-0.8568,-0.9373,-1.022,-1.1092,-1.1968,-1.2822,-1.3625,-1.4343,-1.4949,-1.5421,-1.5749,-1.5934,-1.5988,-1.593,-1.5781,-1.5565,-1.5302,-1.501,-1.4701,-1.4388
-0.4031,-0.3998,-0.3965,-0.3931,-0.3896,-0.386,-0.3823,-0.3784,-0.3745,-0.3705,-0.3664,-0.3623,-0.3584,-0.3549,-0.3519,-0.35,-0.3494,-0.351,-0.3553,-0.3631,-0.3752,-0.3924,-0.4155,-0.445,-0.4816,-0.5254,-0.5767,-0.6355,-0.7017,-0.7749,-0.8548,-0.9406,-1.0312,-1.125,-1.2197,-1.3125,-1.3997,-1.4777,-1.5431,-1.5931,-1.6267,-1.6441,-1.6468,-1.6372,-1.618,-1.5919,-1.5612,-1.5278,-1.4933,-1.4587
-0.3993,-0.3958,-0.3923,-0.3886,-0.3848,-0.3809,-0.3768,-0.3726,-0.3681,-0.3635,-0.3587,-0.3538,-0.3489,-0.3442,-0.3399,-0.3364,-0.3343,-0.3342,-0.3369,-0.3431,-0.354,-0.3704,-0.3931,-0.4228,-0.4602,-0.5055,-0.5589,-0.6204,-0.6899,-0.7671,-0.8516,-0.9428,-1.0395,-1.1402,-1.2426,-1.3433,-1.4383,-1.5231,-1.5937,-1.6468,-1.681,-1.6969,-1.6964,-1.6825,-1.6584,-1.6272,-1.5917,-1.554,-1.5156,-1.4777
-0.3956,-0.3919,-0.3882,-0.3843,-0.3802,-0.376,-0.3716,-0.3669,-0.362,-0.3568,-0.3513,-0.3455,-0.3395,-0.3335,-0.3278,-0.3227,-0.3189,-0.3168,-0.3176,-0.3221,-0.3315,-0.3468,-0.369,-0.3989,-0.4371,-0.484,-0.5395,-0.6038,-0.6767,-0.7579,-0.8471,-0.9436,-1.0466,-1.1546,-1.2649,-1.3742,-1.4776,-1.57,-1.6463,-1.7027,-1.7375,-1.7515,-1.7472,-1.7282,-1.6986,-1.662,-1.6214,-1.5792,-1.5368,-1.4954
-0.392,-0.3881,-0.3842,-0.3801,-0.3758,-0.3713,-0.3666,-0.3615,-0.3561,-0.3503,-0.3441,-0.3374,-0.3304,-0.3231,-0.3158,-0.309,-0.3031,-0.2989,-0.2975,-0.3,-0.3076,-0.3216,-0.3432,-0.3732,-0.4123,-0.4607,-0.5185,-0.5858,-0.6621,-0.7473,-0.8411,-0.943,-1.0522,-1.1674,-1.2861,-1.4044,-1.517,-1.6177,-1.7003,-1.7602,-1.7955,-1.807,-1.7983,-1.7737,-1.7381,-1.6957,-1.6497,-1.6028,-1.5564,-1.5117
-0.3885,-0.3845,-0.3804,-0.3761,-0.3716,-0.3669,-0.3618,-0.3564,-0.3506,-0.3442,-0.3373,-0.3297,-0.3216,-0.3129,-0.304,-0.2952,-0.2871,-0.2805,-0.2766,-0.2767,-0.2822,-0.2947,-0.3155,-0.3456,-0.3856,-0.4357,-0.496,-0.5662,-0.6461,-0.7353,-0.8336,-0.9406,-1.0559,-1.1782,-1.3052,-1.433,-1.5554,-1.6652,-1.7547,-1.8184,-1.8539,-1.8626,-1.8487,-1.818,-1.7759,-1.7274,-1.676,-1.6244,-1.5741,-1.5262
-0.3851,-0.381,-0.3767,-0.3722,-0.3675,-0.3626,-0.3573,-0.3516,-0.3453,-0.3385,-0.3308,-0.3224,-0.3132,-0.3031,-0.2925,-0.2816,-0.271,-0.2617,-0.2549,-0.2522,-0.2553,-0.266,-0.2858,-0.316,-0.357,-0.4091,-0.472,-0.5453,-0.6288,-0.7219,-0.8244,-0.9363,-1.0571,-1.1862,-1.3214,-1.4587,-1.5914,-1.7109,-1.808,-1.8757,-1.9113,-1.9168,-1.8973,-1.8599,-1.8111,-1.7563,-1.6995,-1.6433,-1.5893,-1.5384
-0.3819,-0.3776,-0.3732,-0.3686,-0.3637,-0.3586,-0.3531,-0.3471,-0.3405,-0.3331,-0.3249,-0.3157,-0.3053,-0.2939,-0.2814,-0.2682,-0.255,-0.2426,-0.2325,-0.2264,-0.2266,-0.2352,-0.254,-0.2843,-0.3266,-0.3808,-0.4466,-0.5233,-0.6104,-0.7073,-0.8138,-0.9298,-1.0555,-1.1906,-1.3334,-1.4801,-1.6233,-1.753,-1.8582,-1.9303,-1.9659,-1.9677,-1.9423,-1.8979,-1.8423,-1.7814,-1.7195,-1.6591,-1.6017,-1.5481
-0.3788,-0.3743,-0.3698,-0.3651,-0.3601,-0.3548,-0.3491,-0.3429,-0.336,-0.3283,-0.3195,-0.3095,-0.2981,-0.2852,-0.2709,-0.2554,-0.2392,-0.2233,-0.2094,-0.1995,-0.1963,-0.2023,-0.2199,-0.2504,-0.2943,-0.3511,-0.4202,-0.5005,-0.5913,-0.6918,-0.8017,-0.9213,-1.0509,-1.1908,-1.3402,-1.4954,-1.6489,-1.789,-1.9027,-1.9794,-2.0151,-2.0131,-1.9816,-1.9305,-1.8684,-1.8018,-1.7352,-1.6711,-1.6108,-1.555
-0.3757,-0.3712,-0.3666,-0.3618,-0.3567,-0.3513,-0.3455,-0.3392,-0.3321,-0.324,-0.3148,-0.3041,-0.2917,-0.2775,-0.2612,-0.2432,-0.2238,-0.2041,-0.1858,-0.1714,-0.1641,-0.1671,-0.1834,-0.2145,-0.2604,-0.3203,-0.393,-0.4772,-0.5717,-0.6757,-0.7886,-0.9107,-1.0428,-1.1861,-1.3404,-1.5028,-1.6657,-1.8161,-1.9384,-2.0199,-2.0558,-2.0502,-2.0131,-1.9557,-1.8877,-1.8163,-1.7458,-1.6787,-1.6162,-1.5588
-0.3729,-0.3683,-0.3635,-0.3586,-0.3535,-0.3481,-0.3422,-0.3358,-0.3285,-0.3203,-0.3107,-0.2995,-0.2862,-0.2707,-0.2526,-0.232,-0.2093,-0.1853,-0.162,-0.1422,-0.1299,-0.1295,-0.1444,-0.1764,-0.225,-0.2887,-0.3656,-0.454,-0.5524,-0.6595,-0.7748,-0.8984,-1.0315,-1.176,-1.333,-1.5005,-1.6712,-1.8309,-1.9615,-2.048,-2.0845,-2.0761,-2.0341,-1.9716,-1.8991,-1.824,-1.7507,-1.6815,-1.6176,-1.5591
-0.3701,-0.3654,-0.3606,-0.3557,-0.3505,-0.3451,-0.3392,-0.3328,-0.3255,-0.3172,-0.3074,-0.2958,-0.2818,-0.2651,-0.2453,-0.2222,-0.1959,-0.1673,-0.1383,-0.1121,-0.0939,-0.0892,-0.1028,-0.1363,-0.1886,-0.2569,-0.3387,-0.4316,-0.5339,-0.644,-0.7609,-0.8848,-1.0172,-1.1605,-1.3173,-1.487,-1.663,-1.8302,-1.9683,-2.0598,-2.0976,-2.0875,-2.0424,-1.9765,-1.9012,-1.8239,-1.7492,-1.6792,-1.6147,-1.556
-0.3674,-0.3627,-0.3579,-0.3529,-0.3477,-0.3423,-0.3365,-0.3302,-0.323,-0.3147,-0.3049,-0.293,-0.2786,-0.2609,-0.2396,-0.214,-0.1842,-0.1507,-0.1152,-0.0816,-0.0559,-0.0461,-0.0584,-0.0946,-0.1518,-0.2258,-0.313,-0.4107,-0.5169,-0.6297,-0.7477,-0.8707,-1.0004,-1.14,-1.2933,-1.4615,-1.6392,-1.8112,-1.9554,-2.0516,-2.0917,-2.0817,-2.0358,-1.969,-1.8931,-1.8156,-1.741,-1.6714,-1.6074,-1.5492
-0.3649,-0.3601,-0.3552,-0.3502,-0.3451,-0.3398,-0.3341,-0.3279,-0.321,-0.3129,-0.3032,-0.2914,-0.2767,-0.2584,-0.2357,-0.208,-0.1748,-0.1362,-0.0938,-0.0513,-0.0165,-0.0002,-0.0116,-0.0519,-0.1158,-0.1965,-0.2896,-0.3922,-0.5023,-0.6176,-0.736,-0.857,-0.9821,-1.1152,-1.2615,-1.4241,-1.5992,-1.7724,-1.9203,-2.0207,-2.0644,-2.057,-2.0132,-1.9483,-1.8744,-1.7989,-1.7261,-1.6581,-1.5957,-1.5389
-0.3625,-0.3576,-0.3527,-0.3477,-0.3427,-0.3374,-0.3319,-0.326,-0.3194,-0.3116,-0.3023,-0.2908,-0.2761,-0.2575,-0.234,-0.2045,-0.1683,-0.125,-0.0752,-0.0226,0.0238,0.0482,0.0372,-0.0097,-0.0823,-0.1707,-0.2697,-0.3771,-0.4909,-0.6084,-0.7268,-0.8447,-0.9635,-1.0876,-1.2233,-1.376,-1.5438,-1.7139,-1.8626,-1.9666,-2.015,-2.0128,-1.9743,-1.9145,-1.8451,-1.7737,-1.7046,-1.6396,-1.5798,-1.5251
-0.3601,-0.3552,-0.3503,-0.3453,-0.3403,-0.3353,-0.33,-0.3244,-0.3182,-0.311,-0.3023,-0.2913,-0.2771,-0.2586,-0.2346,-0.204,-0.1655,-0.1181,-0.0614,0.0023,0.0628,0.0981,0.0864,0.0295,-0.0541,-0.1504,-0.2548,-0.3664,-0.4834,-0.6028,-0.7208,-0.835,-0.9462,-1.059,-1.1811,-1.3198,-1.4758,-1.6382,-1.7845,-1.8908,-1.945,-1.9506,-1.9203,-1.8684,-1.8062,-1.7409,-1.6769,-1.6163,-1.5599,-1.5081
-0.3579,-0.3529,-0.348,-0.343,-0.3381,-0.3332,-0.3282,-0.323,-0.3173,-0.3108,-0.3029,-0.2928,-0.2795,-0.2616,-0.2379,-0.2069,-0.1671,-0.1169,-0.0548,0.0194,0.0966,0.1462,0.1323,0.0611,-0.0347,-0.1378,-0.2461,-0.3606,-0.4804,-0.6015,-0.719,-0.829,-0.9316,-1.0316,-1.1377,-1.2591,-1.3994,-1.5501,-1.6908,-1.7979,-1.8583,-1.8733,-1.8536,-1.812,-1.7589,-1.7015,-1.6439,-1.5885,-1.5365,-1.4882
-0.3557,-0.3507,-0.3457,-0.3408,-0.3359,-0.3311,-0.3264,-0.3217,-0.3167,-0.311,-0.3042,-0.2954,-0.2833,-0.2667,-0.2438,-0.2133,-0.1735,-0.1226,-0.0581,0.0233,0.1169,0.1844,0.1663,0.0775,-0.0288,-0.1352,-0.2445,-0.3605,-0.4822,-0.6049,-0.7219,-0.8277,-0.9213,-1.0076,-1.0962,-1.1983,-1.32,-1.4559,-1.5881,-1.6943,-1.7605,-1.7855,-1.7777,-1.7478,-1.7052,-1.6567,-1.6065,-1.5572,-1.51,-1.4657
-0.3536,-0.3485,-0.3435,-0.3385,-0.3337,-0.3291,-0.3247,-0.3204,-0.3161,-0.3115,-0.306,-0.2987,-0.2884,-0.2736,-0.2524,-0.2233,-0.1848,-0.1356,-0.0734,0.0072,0.1093,0.1935,0.1703,0.0675,-0.0407,-0.1438,-0.2504,-0.3658,-0.4887,-0.6129,-0.7297,-0.8317,-0.9165,-0.9889,-1.0596,-1.1417,-1.2436,-1.3628,-1.4842,-1.5875,-1.6581,-1.6927,-1.6966,-1.6787,-1.6471,-1.6081,-1.5658,-1.523,-1.4812,-1.4412
-0.3516,-0.3464,-0.3413,-0.3363,-0.3315,-0.327,-0.3228,-0.319,-0.3155,-0.312,-0.308,-0.3027,-0.2947,-0.2823,-0.2635,-0.2367,-0.2008,-0.1555,-0.1007,-0.0328,0.0558,0.1386,0.116,0.0215,-0.0715,-0.1628,-0.263,-0.3761,-0.4995,-0.6253,-0.7423,-0.8411,-0.9178,-0.9769,-1.0305,-1.093,-1.1751,-1.2769,-1.3861,-1.4844,-1.5574,-1.5998,-1.6144,-1.6078,-1.5869,-1.5573,-1.523,-1.4869,-1.4505,-1.4151
-0.3497,-0.3444,-0.3391,-0.334,-0.3292,-0.3247,-0.3208,-0.3173,-0.3145,-0.3122,-0.31,-0.307,-0.3018,-0.2925,-0.2769,-0.2532,-0.2206,-0.1806,-0.1365,-0.0915,-0.0451,-0.004,-0.0103,-0.057,-0.1163,-0.1895,-0.2807,-0.3904,-0.5138,-0.6411,-0.7588,-0.8552,-0.9249,-0.9722,-1.0101,-1.0547,-1.1183,-1.203,-1.2991,-1.3905,-1.4634,-1.5112,-1.5345,-1.5378,-1.5266,-1.5058,-1.4792,-1.4496,-1.4187,-1.3878
-0.3478,-0.3423,-0.337,-0.3318,-0.3268,-0.3223,-0.3184,-0.3153,-0.3131,-0.312,-0.3116,-0.3112,-0.3094,-0.3039,-0.2923,-0.2722,-0.2433,-0.2084,-0.1748,-0.1536,-0.1563,-0.1728,-0.1568,-0.1426,-0.1647,-0.2193,-0.3015,-0.4074,-0.5305,-0.659,-0.7778,-0.8726,-0.9367,-0.974,-0.9985,-1.0276,-1.0746,-1.1433,-1.2261,-1.3091,-1.3794,-1.43,-1.4595,-1.4708,-1.4679,-1.455,-1.4354,-1.4119,-1.3863,-1.3598
-0.346,-0.3404,-0.3348,-0.3294,-0.3243,-0.3196,-0.3156,-0.3126,-0.3109,-0.3108,-0.3124,-0.315,-0.3171,-0.3163,-0.3094,-0.2936,-0.2682,-0.2371,-0.2102,-0.2034,-0.2311,-0.2703,-0.2478,-0.2066,-0.2068,-0.2483,-0.3233,-0.4258,-0.548,-0.6774,-0.797,-0.8909,-0.9508,-0.9805,-0.9944,-1.0108,-1.0438,-1.098,-1.1677,-1.2412,-1.307,-1.3578,-1.3911,-1.4082,-1.412,-1.4058,-1.3925,-1.3746,-1.3539,-1.3316
-0.3443,-0.3385,-0.3327,-0.3271,-0.3216,-0.3166,-0.3124,-0.3092,-0.3077,-0.3084,-0.3118,-0.3176,-0.3244,-0.3292,-0.3281,-0.3171,-0.295,-0.2657,-0.2406,-0.236,-0.2622,-0.2934,-0.277,-0.242,-0.2385,-0.2745,-0.3449,-0.4445,-0.5652,-0.6943,-0.8141,-0.9072,-0.9642,-0.9887,-0.9952,-1.0021,-1.0238,-1.0654,-1.1228,-1.1864,-1.2462,-1.2951,-1.33,-1.3509,-1.3598,-1.359,-1.3511,-1.3381,-1.3218,-1.3034
-0.3427,-0.3367,-0.3307,-0.3247,-0.3188,-0.3134,-0.3086,-0.305,-0.3033,-0.3044,-0.3092,-0.3184,-0.3306,-0.3423,-0.3481,-0.3427,-0.3237,-0.2946,-0.2671,-0.2568,-0.2701,-0.287,-0.2783,-0.2592,-0.262,-0.2977,-0.3658,-0.4625,-0.5807,-0.7079,-0.8265,-0.9185,-0.9738,-0.9955,-0.9977,-0.9984,-1.0115,-1.0426,-1.0889,-1.1429,-1.196,-1.2416,-1.2763,-1.2994,-1.3117,-1.3152,-1.3116,-1.3029,-1.2905,-1.2757
-0.3413,-0.335,-0.3287,-0.3223,-0.316,-0.3099,-0.3044,-0.3,-0.2974,-0.2982,-0.304,-0.3164,-0.3349,-0.3552,-0.3695,-0.3704,-0.3542,-0.3243,-0.2924,-0.2736,-0.2734,-0.2793,-0.2759,-0.2703,-0.2812,-0.319,-0.3856,-0.4792,-0.5936,-0.7171,-0.8326,-0.9227,-0.9771,-0.9981,-0.999,-0.9965,-1.0038,-1.0266,-1.0635,-1.1085,-1.1547,-1.1962,-1.2295,-1.2533,-1.2679,-1.2744,-1.2744,-1.2692,-1.2602,-1.2486
-0.34,-0.3335,-0.3268,-0.32,-0.3131,-0.3063,-0.2998,-0.2941,-0.2901,-0.2896,-0.2953,-0.3105,-0.3364,-0.3675,-0.3923,-0.4,-0.3861,-0.3547,-0.3181,-0.2915,-0.2809,-0.2795,-0.2788,-0.2819,-0.2993,-0.3391,-0.4043,-0.4941,-0.6034,-0.7212,-0.8319,-0.919,-0.9728,-0.9948,-0.9968,-0.9937,-0.9977,-1.0145,-1.0438,-1.081,-1.1207,-1.1577,-1.1888,-1.2124,-1.2282,-1.2369,-1.2395,-1.2373,-1.2312,-1.2223
-0.3389,-0.3321,-0.3251,-0.3179,-0.3104,-0.3028,-0.2951,-0.2877,-0.2816,-0.2786,-0.2826,-0.2994,-0.3335,-0.3785,-0.4161,-0.4304,-0.4176,-0.3841,-0.3438,-0.3115,-0.294,-0.2879,-0.2883,-0.2962,-0.3176,-0.3585,-0.4217,-0.507,-0.6099,-0.7205,-0.8248,-0.908,-0.9612,-0.9853,-0.99,-0.9885,-0.9913,-1.0042,-1.0276,-1.0584,-1.0922,-1.1249,-1.1534,-1.1761,-1.1924,-1.2025,-1.2071,-1.2071,-1.2035,-1.197
-0.338,-0.331,-0.3237,-0.316,-0.3079,-0.2994,-0.2904,-0.2812,-0.2723,-0.2657,-0.2659,-0.282,-0.3243,-0.387,-0.4398,-0.4592,-0.4454,-0.4097,-0.3673,-0.3321,-0.3107,-0.3018,-0.3024,-0.3127,-0.3362,-0.3771,-0.4377,-0.5178,-0.6134,-0.7157,-0.8126,-0.8912,-0.9436,-0.9702,-0.9787,-0.98,-0.9834,-0.9941,-1.0133,-1.039,-1.0678,-1.0965,-1.1224,-1.1438,-1.16,-1.1709,-1.177,-1.1788,-1.1772,-1.1727
-0.3374,-0.3302,-0.3226,-0.3145,-0.3058,-0.2964,-0.2862,-0.275,-0.2632,-0.2522,-0.2466,-0.2585,-0.3071,-0.3902,-0.4594,-0.4815,-0.4651,-0.4281,-0.386,-0.3508,-0.3282,-0.3181,-0.3188,-0.3302,-0.3546,-0.3946,-0.4521,-0.5266,-0.6144,-0.7081,-0.7971,-0.8706,-0.9219,-0.9509,-0.9634,-0.9683,-0.9733,-0.9833,-0.9997,-1.0215,-1.0464,-1.0716,-1.095,-1.1149,-1.1307,-1.142,-1.149,-1.1523,-1.1522,-1.1495
-0.337,-0.3297,-0.3218,-0.3134,-0.3043,-0.2941,-0.2828,-0.27,-0.2555,-0.2401,-0.2281,-0.233,-0.2834,-0.3843,-0.4677,-0.491,-0.4732,-0.4375,-0.3985,-0.3658,-0.3443,-0.3345,-0.3356,-0.3476,-0.372,-0.4107,-0.4647,-0.5334,-0.6136,-0.6986,-0.7798,-0.8482,-0.8981,-0.929,-0.9453,-0.9539,-0.9611,-0.9713,-0.9861,-1.0052,-1.0269,-1.0492,-1.0703,-1.0889,-1.104,-1.1154,-1.1231,-1.1274,-1.1287,-1.1274
-0.3369,-0.3295,-0.3215,-0.3128,-0.3033,-0.2927,-0.2806,-0.2666,-0.2503,-0.232,-0.2152,-0.2139,-0.2611,-0.3682,-0.4582,-0.4838,-0.469,-0.4382,-0.4048,-0.3767,-0.3579,-0.3496,-0.3515,-0.364,-0.3881,-0.425,-0.4755,-0.5386,-0.6114,-0.6883,-0.762,-0.8253,-0.8735,-0.9059,-0.9254,-0.9375,-0.9472,-0.9582,-0.9722,-0.9895,-1.0088,-1.0288,-1.048,-1.0651,-1.0796,-1.0909,-1.099,-1.1041,-1.1064,-1.1064
-0.3372,-0.3297,-0.3216,-0.3129,-0.3032,-0.2923,-0.2799,-0.2654,-0.2485,-0.2294,-0.2117,-0.2086,-0.251,-0.3486,-0.4339,-0.4634,-0.4556,-0.4326,-0.4064,-0.3839,-0.3688,-0.3627,-0.3659,-0.3789,-0.4025,-0.4377,-0.4846,-0.5425,-0.6084,-0.6777,-0.7446,-0.8032,-0.8494,-0.8826,-0.9048,-0.9198,-0.9319,-0.944,-0.9579,-0.974,-0.9916,-1.0098,-1.0274,-1.0434,-1.0571,-1.0682,-1.0766,-1.0823,-1.0854,-1.0864
-0.3377,-0.3303,-0.3222,-0.3135,-0.3038,-0.293,-0.2807,-0.2666,-0.2503,-0.2328,-0.2177,-0.2174,-0.255,-0.3341,-0.4064,-0.4379,-0.438,-0.4235,-0.4048,-0.3883,-0.3773,-0.3738,-0.3785,-0.392,-0.4152,-0.4486,-0.4923,-0.5452,-0.6049,-0.6675,-0.7282,-0.7823,-0.8265,-0.86,-0.8841,-0.9016,-0.9158,-0.9292,-0.9433,-0.9587,-0.9751,-0.9919,-1.0082,-1.0232,-1.0363,-1.0472,-1.0557,-1.0617,-1.0656,-1.0674
-0.3387,-0.3313,-0.3233,-0.3147,-0.3053,-0.2948,-0.283,-0.2698,-0.2553,-0.2407,-0.2302,-0.234,-0.2667,-0.3269,-0.384,-0.4143,-0.4206,-0.4135,-0.4018,-0.3908,-0.384,-0.3831,-0.3894,-0.4035,-0.4263,-0.458,-0.4985,-0.547,-0.6012,-0.6578,-0.7131,-0.7631,-0.8052,-0.8385,-0.8639,-0.8833,-0.8993,-0.9139,-0.9284,-0.9435,-0.9592,-0.9749,-0.9902,-1.0043,-1.0169,-1.0275,-1.0361,-1.0425,-1.0468,-1.0493
-0.3399,-0.3327,-0.3249,-0.3165,-0.3075,-0.2975,-0.2867,-0.2749,-0.2626,-0.2515,-0.2455,-0.2523,-0.2799,-0.325,-0.3688,-0.396,-0.4058,-0.4045,-0.3985,-0.3924,-0.3892,-0.391,-0.3988,-0.4135,-0.4358,-0.4659,-0.5037,-0.5482,-0.5975,-0.6489,-0.6993,-0.7456,-0.7856,-0.8184,-0.8445,-0.8654,-0.8828,-0.8984,-0.9134,-0.9285,-0.9436,-0.9587,-0.9731,-0.9866,-0.9987,-1.0091,-1.0176,-1.0243,-1.0291,-1.0321
-0.3415,-0.3344,-0.3269,-0.3189,-0.3103,-0.3011,-0.2913,-0.2811,-0.2713,-0.2635,-0.2611,-0.2693,-0.2921,-0.3261,-0.3597,-0.3831,-0.3945,-0.3972,-0.3956,-0.3936,-0.3937,-0.3977,-0.407,-0.4222,-0.4441,-0.4727,-0.508,-0.5489,-0.5939,-0.6408,-0.6869,-0.7298,-0.7678,-0.7998,-0.8263,-0.8481,-0.8666,-0.8831,-0.8986,-0.9137,-0.9285,-0.943,-0.9569,-0.9699,-0.9816,-0.9917,-1.0003,-1.0071,-1.0122,-1.0158
-0.3433,-0.3365,-0.3294,-0.3218,-0.3138,-0.3054,-0.2968,-0.2882,-0.2806,-0.2754,-0.2755,-0.284,-0.3028,-0.3288,-0.3549,-0.3748,-0.3865,-0.3918,-0.3936,-0.3948,-0.3976,-0.4036,-0.4141,-0.4298,-0.4512,-0.4785,-0.5115,-0.5493,-0.5905,-0.6334,-0.6758,-0.7157,-0.7517,-0.7828,-0.8092,-0.8316,-0.8509,-0.868,-0.884,-0.8992,-0.9138,-0.928,-0.9415,-0.954,-0.9654,-0.9754,-0.9839,-0.9909,-0.9963,-1.0002
-0.3455,-0.339,-0.3322,-0.3251,-0.3177,-0.3102,-0.3027,-0.2957,-0.2899,-0.2869,-0.2884,-0.2966,-0.312,-0.3323,-0.3531,-0.37,-0.3815,-0.3884,-0.3926,-0.3963,-0.4013,-0.409,-0.4205,-0.4365,-0.4574,-0.4835,-0.5144,-0.5494,-0.5874,-0.6268,-0.6659,-0.7031,-0.7371,-0.7673,-0.7934,-0.816,-0.8358,-0.8534,-0.8697,-0.885,-0.8996,-0.9135,-0.9267,-0.9389,-0.95,-0.9599,-0.9683,-0.9754,-0.9811,-0.9854
