docs/data/wind_grid.json
[{"header":{"la1":42.85,"la2":41.18,"lo1":11.55,"lo2":14.05,"nx":36,"ny":24,"dx":0.07143,"dy":0.07261,"parameterCategory":2,"parameterNumber":2,"parameterNumberName":"eastward_wind","parameterUnit":"m.s-1"},"data":[0.5037,0.4946,0.4819,0.4661,0.4479,0.4292,0.412,0.3984,0.3899,0.3869,0.389,0.3951,0.4037,0.4134,0.4225,0.4291,0.4309,0.4252,0.4101,0.386,0.3573,0.3317,0.3168,0.3152,0.3242,0.339,0.3554,0.3709,0.3846,0.3963,0.4063,0.4148,0.4222,0.4286,0.4342,0.4392,0.5209,0.5114,0.4965,0.4763,0.4518,0.4256,0.4012,0.3821,0.3708,0.3681,0.3728,0.3828,0.3961,0.4108,0.4253,0.4371,0.4427,0.4375,0.4161,0.3768,0.3263,0.2812,0.2587,0.2627,0.2841,0.3112,0.3371,0.3591,0.3769,0.3913,0.4029,0.4125,0.4206,0.4276,0.4336,0.439,0.5449,0.5362,0.5194,0.4936,0.46,0.4221,0.3859,0.3577,0.3425,0.341,0.3504,0.3665,0.3863,0.4079,0.4299,0.4499,0.4637,0.4631,0.4356,0.371,0.2768,0.1907,0.1576,0.1812,0.2303,0.2791,0.3186,0.3484,0.3706,0.3874,0.4004,0.4109,0.4196,0.4269,0.4333,0.439,0.578,0.5728,0.5556,0.5234,0.4764,0.4199,0.3635,0.3195,0.2984,0.3014,0.32,0.3456,0.3739,0.404,0.4356,0.4679,0.4974,0.5128,0.4876,0.3858,0.2,0.0175,-0.024,0.0609,0.167,0.2486,0.3042,0.3413,0.3668,0.3851,0.399,0.41,0.419,0.4267,0.4334,0.4392,0.6229,0.6266,0.6136,0.5755,0.5095,0.4229,0.3312,0.2571,0.2269,0.2434,0.2806,0.3201,0.3588,0.3982,0.4405,0.4886,0.5445,0.6009,0.613,0.4773,0.1164,-0.2959,-0.3131,-0.0748,0.118,0.2329,0.2996,0.3402,0.3665,0.3849,0.3987,0.4097,0.4189,0.4268,0.4337,0.4398,0.681,0.7041,0.7069,0.668,0.5758,0.4425,0.2928,0.1603,0.1138,0.1671,0.2366,0.2925,0.3414,0.3895,0.4416,0.5048,0.5933,0.7266,0.8678,0.7565,0.1995,-0.4945,-0.466,-0.0983,0.1294,0.2467,0.3095,0.346,0.3694,0.3861,0.3991,0.4099,0.4191,0.4272,0.4343,0.4406,0.7498,0.8086,0.8532,0.8318,0.7024,0.5003,0.2805,0.0765,0.008,0.1095,0.201,0.2654,0.3217,0.3774,0.4365,0.5073,0.6127,0.807,1.1204,1.0708,0.5195,0.0347,-0.0655,0.09,0.2171,0.2899,0.3309,0.3561,0.3737,0.3876,0.3994,0.4099,0.4193,0.4276,0.435,0.4415,0.8166,0.9261,1.0566,1.1016,0.909,0.6043,0.3338,0.136,0.069,0.1132,0.1724,0.2348,0.298,0.3623,0.4282,0.4967,0.5867,0.7338,0.9197,0.8793,0.6779,0.5228,0.3667,0.3178,0.3247,0.34,0.3529,0.3643,0.3756,0.3871,0.3985,0.4093,0.4192,0.428,0.4359,0.4427,0.8582,1.0038,1.2211,1.381,1.0958,0.6941,0.3868,0.1865,0.0804,0.0566,0.1089,0.1894,0.2659,0.3447,0.4302,0.4955,0.5542,0.6382,0.7137,0.7331,0.784,0.7385,0.5589,0.4465,0.3937,0.3697,0.361,0.3625,0.3707,0.3824,0.3951,0.4075,0.4186,0.4284,0.4368,0.4441,0.8593,0.9943,1.1625,1.2524,1.0669,0.7132,0.3719,0.1091,-0.1224,-0.1905,-0.0215,0.1288,0.2177,0.3098,0.4665,0.5471,0.5494,0.6166,0.6725,0.7017,0.7427,0.7086,0.5852,0.479,0.4057,0.3608,0.3415,0.3422,0.3546,0.3717,0.389,0.4046,0.4178,0.4288,0.438,0.4456,0.8283,0.9438,1.0954,1.2949,1.2086,0.7131,0.3072,0.0137,-0.4464,-0.6696,-0.1521,0.081,0.142,0.1886,0.3936,0.5379,0.5636,0.6805,0.7396,0.7204,0.6836,0.6317,0.5466,0.4474,0.3564,0.296,0.2793,0.2956,0.3251,0.3552,0.3808,0.4013,0.4173,0.4297,0.4395,0.4475,0.7757,0.8716,1.0211,1.2332,1.1246,0.5969,0.207,0.0222,-0.2097,-0.3789,-0.0666,0.0732,0.0464,-0.0935,0.0795,0.393,0.634,0.9204,0.9904,0.83,0.698,0.6011,0.4988,0.3701,0.2288,0.1416,0.1534,0.2181,0.2846,0.3363,0.3734,0.3995,0.4179,0.4313,0.4414,0.4494,0.7076,0.7655,0.835,0.8706,0.7286,0.4116,0.1312,0.0021,0.0106,0.0143,0.0744,0.0597,0.0228,-0.1931,-0.0198,0.4397,0.7497,1.4165,1.4431,0.9449,0.7164,0.5833,0.4521,0.2605,-0.0043,-0.1544,-0.0468,0.1234,0.2463,0.3234,0.3711,0.4011,0.4204,0.4336,0.4434,0.4512,0.6374,0.6582,0.6654,0.6288,0.5117,0.3315,0.1591,0.055,0.0745,0.1478,0.165,-0.0018,-0.0474,0.2658,0.3593,0.6501,0.7845,1.1066,1.166,0.8693,0.6774,0.5552,0.4229,0.1854,-0.2299,-0.4713,-0.2116,0.0714,0.2366,0.3275,0.3785,0.4076,0.4247,0.4359,0.4445,0.4521,0.5782,0.5765,0.5585,0.5119,0.4303,0.3276,0.2347,0.1856,0.2072,0.2731,0.3102,0.2642,0.2621,0.3052,0.503,0.7305,1.2191,0.9361,0.8383,0.7082,0.5833,0.5122,0.4268,0.2373,-0.0925,-0.2896,-0.1004,0.1325,0.2757,0.3548,0.3968,0.4178,0.4285,0.4357,0.4429,0.4508,0.5345,0.5232,0.4997,0.4606,0.407,0.3489,0.3031,0.2878,0.3163,0.3925,0.5147,0.412,0.4033,0.4304,0.5521,0.808,1.0845,0.8519,0.7039,0.585,0.452,0.453,0.4466,0.3506,0.2014,0.1129,0.1646,0.268,0.3501,0.3993,0.4213,0.4262,0.4254,0.4277,0.4351,0.4455,0.5052,0.4914,0.47,0.4407,0.4064,0.3737,0.3521,0.3512,0.3781,0.4371,0.5159,0.4826,0.5865,0.662,0.5944,0.6689,0.7253,0.6631,0.5834,0.5327,0.4312,0.4468,0.4722,0.4356,0.3752,0.3371,0.3465,0.3876,0.429,0.4489,0.4429,0.4211,0.4034,0.4031,0.4168,0.4349,0.4868,0.4739,0.4566,0.4358,0.414,0.3957,0.386,0.3898,0.4094,0.4422,0.4765,0.5163,0.6409,0.6808,0.6046,0.6092,0.6081,0.5272,0.4323,0.5177,0.5194,0.5123,0.5137,0.4936,0.4492,0.3964,0.3926,0.4521,0.4994,0.4987,0.4529,0.3851,0.3435,0.3523,0.3865,0.4204,0.4762,0.4653,0.4521,0.4377,0.4241,0.4139,0.4102,0.4153,0.4298,0.4519,0.4795,0.5169,0.5655,0.5898,0.5992,0.6052,0.584,0.5314,0.4933,0.5773,0.5781,0.5679,0.5633,0.5458,0.4748,0.2974,0.259,0.4805,0.5847,0.56,0.4551,0.3132,0.2429,0.2842,0.3547,0.4091,0.4707,0.462,0.4524,0.4426,0.4342,0.4289,0.4284,0.4339,0.4456,0.4629,0.4851,0.5122,0.5412,0.5662,0.5899,0.5971,0.5847,0.5845,0.6471,0.6845,0.6263,0.6148,0.6198,0.6182,0.5648,0.3275,0.2686,0.68,0.7466,0.654,0.4886,0.2846,0.1938,0.2596,0.35,0.4129,0.4686,0.462,0.4551,0.4487,0.4437,0.4414,0.4427,0.4482,0.4582,0.4724,0.4902,0.5108,0.5325,0.5531,0.5702,0.5791,0.5839,0.599,0.6345,0.6522,0.6468,0.6654,0.6882,0.7127,0.7776,0.9636,1.4132,1.2961,0.9761,0.7719,0.5887,0.3998,0.3039,0.3307,0.3908,0.438,0.4686,0.4637,0.459,0.4549,0.4523,0.4519,0.4542,0.4597,0.4685,0.4804,0.4949,0.5113,0.5285,0.545,0.5594,0.5708,0.5822,0.5984,0.6199,0.6422,0.6776,0.7374,0.7652,0.7815,0.9193,1.3236,1.9245,1.5685,1.035,0.8399,0.7001,0.5578,0.4655,0.4433,0.4573,0.4774,0.47,0.4665,0.4634,0.461,0.46,0.4608,0.4637,0.469,0.4769,0.4871,0.4993,0.5128,0.5271,0.5412,0.5545,0.5672,0.581,0.5979,0.6197,0.6512,0.7058,0.7847,0.8051,0.8004,0.9143,1.1616,1.3623,1.1411,0.855,0.8287,0.7615,0.6595,0.5779,0.5347,0.5198,0.5183,0.472,0.4697,0.4678,0.4667,0.4668,0.4683,0.4716,0.4768,0.4839,0.4928,0.5033,0.5149,0.5273,0.5399,0.5526,0.5658,0.5804,0.5981,0.6212,0.6539,0.702,0.7559,0.7782,0.7925,0.8636,0.975,1.0272,0.9299,0.8251,0.8185,0.7762,0.7035,0.6374,0.592,0.5657,0.5521]},{"header":{"la1":42.85,"la2":41.18,"lo1":11.55,"lo2":14.05,"nx":36,"ny":24,"dx":0.07143,"dy":0.07261,"parameterCategory":2,"parameterNumber":3,"parameterNumberName":"northward_wind","parameterUnit":"m.s-1"},"data":[0.7734,0.7504,0.723,0.6915,0.6574,0.6233,0.5936,0.5728,0.5645,0.5685,0.5818,0.5993,0.6167,0.6311,0.6414,0.6474,0.6494,0.6477,0.6426,0.6348,0.6259,0.6182,0.6138,0.6134,0.6165,0.622,0.6288,0.6363,0.6442,0.6522,0.6602,0.6682,0.6762,0.684,0.6917,0.6992,0.781,0.7546,0.7216,0.6814,0.6349,0.5857,0.5407,0.5093,0.499,0.5105,0.5369,0.5683,0.5969,0.6191,0.6342,0.643,0.6464,0.6447,0.6376,0.6257,0.6111,0.5985,0.5919,0.5925,0.5982,0.6066,0.6159,0.6254,0.6349,0.6442,0.6534,0.6625,0.6715,0.6803,0.6888,0.697,0.7932,0.7641,0.7253,0.6743,0.6104,0.5365,0.4635,0.4103,0.3955,0.4222,0.4741,0.5296,0.5754,0.6079,0.6287,0.6408,0.6464,0.6457,0.637,0.6184,0.5931,0.5706,0.5612,0.5654,0.5766,0.5897,0.6023,0.6142,0.6254,0.6362,0.6467,0.6569,0.667,0.6767,0.6862,0.6952,0.8115,0.7814,0.7381,0.6759,0.5889,0.4757,0.349,0.2469,0.2201,0.2813,0.3861,0.4841,0.5548,0.5993,0.6255,0.641,0.6505,0.6543,0.6466,0.6185,0.571,0.5274,0.5157,0.5311,0.553,0.5725,0.5889,0.603,0.6159,0.6281,0.6399,0.6514,0.6626,0.6735,0.684,0.694,0.837,0.809,0.7652,0.6951,0.583,0.4124,0.1841,-0.0365,-0.0995,0.0506,0.2701,0.4391,0.5408,0.5957,0.6247,0.6425,0.6585,0.6755,0.6808,0.6424,0.5503,0.4606,0.4545,0.4957,0.5318,0.5573,0.5764,0.5923,0.6065,0.6199,0.6331,0.646,0.6586,0.6707,0.6823,0.6933,0.8695,0.8475,0.8103,0.7429,0.6153,0.3816,-0.0094,-0.5067,-0.6845,-0.2928,0.1544,0.4165,0.5431,0.5994,0.6245,0.6412,0.6654,0.7107,0.7662,0.7287,0.5647,0.4212,0.424,0.48,0.5196,0.5459,0.5654,0.5817,0.5968,0.6115,0.6262,0.6407,0.6549,0.6685,0.6814,0.6935,0.9069,0.8935,0.8698,0.8219,0.7071,0.4493,-0.0696,-0.9317,-1.3313,-0.532,0.1474,0.4517,0.5699,0.6095,0.6205,0.63,0.6572,0.7285,0.866,0.841,0.6027,0.4797,0.4632,0.4882,0.5152,0.5368,0.5543,0.5702,0.586,0.6023,0.6188,0.6354,0.6516,0.667,0.6815,0.6948,0.9462,0.9386,0.9229,0.9024,0.8384,0.6384,0.2231,-0.4352,-0.7225,-0.1337,0.3544,0.5565,0.6174,0.6191,0.6034,0.599,0.6209,0.6733,0.7473,0.6866,0.4791,0.4239,0.4554,0.4854,0.5081,0.5253,0.5403,0.5558,0.5729,0.5914,0.6108,0.6302,0.649,0.6666,0.6828,0.6975,0.9874,0.9822,0.948,0.9114,0.9385,0.8588,0.664,0.4453,0.3938,0.5426,0.6595,0.6895,0.6675,0.6168,0.5546,0.5298,0.5621,0.5968,0.5945,0.482,0.2477,0.28,0.4117,0.47,0.4939,0.5068,0.5192,0.5352,0.5553,0.5781,0.6019,0.6254,0.6475,0.6678,0.686,0.7021,1.0335,1.047,1.0374,1.0239,1.0982,1.0657,1.002,0.9733,1.0147,1.0278,0.9152,0.7999,0.7041,0.6041,0.4563,0.3854,0.4998,0.553,0.5451,0.4628,0.3203,0.3298,0.4187,0.4603,0.4711,0.4743,0.4838,0.5036,0.531,0.5616,0.5924,0.6215,0.6479,0.6714,0.6918,0.7092,1.0791,1.1278,1.2212,1.4104,1.3886,1.2504,1.2502,1.2796,1.3133,1.3454,1.0742,0.8621,0.7188,0.6072,0.4668,0.378,0.4946,0.5405,0.5428,0.5105,0.4599,0.4423,0.4512,0.4467,0.4264,0.4119,0.422,0.4549,0.4981,0.5423,0.5833,0.6198,0.6515,0.6785,0.701,0.7196,1.1096,1.172,1.2778,1.4193,1.4069,1.3575,1.4787,1.6006,1.4526,1.3139,1.0917,0.8812,0.7091,0.5674,0.5444,0.5123,0.514,0.5406,0.5507,0.5371,0.5121,0.4866,0.4567,0.4047,0.3317,0.2874,0.3142,0.3839,0.458,0.523,0.5775,0.6228,0.6603,0.6908,0.7152,0.7343,1.1205,1.174,1.2429,1.3076,1.3391,1.4151,1.6271,1.8799,1.6936,1.3319,1.0823,0.9065,0.7613,0.544,0.5365,0.4623,0.4557,0.5572,0.5693,0.5423,0.5183,0.4863,0.4351,0.3307,0.1586,0.0573,0.1502,0.2999,0.4205,0.5103,0.5793,0.6338,0.677,0.7105,0.7358,0.7545,1.1189,1.1606,1.2078,1.2554,1.3098,1.4059,1.5694,1.7369,1.6283,1.324,1.1173,0.9448,0.8753,0.71,0.5355,0.1773,0.2678,0.4735,0.5369,0.5256,0.4894,0.4528,0.4046,0.2723,-0.0095,-0.1842,0.0163,0.2494,0.4055,0.5132,0.594,0.6568,0.705,0.7403,0.7649,0.7813,1.1116,1.1451,1.1823,1.2236,1.2745,1.3441,1.4272,1.4749,1.4145,1.315,1.2681,1.185,1.0511,1.1732,0.5772,0.095,0.0992,0.3772,0.5109,0.4867,0.3764,0.3489,0.3703,0.2948,0.083,-0.0533,0.0902,0.2813,0.4256,0.5364,0.6256,0.6962,0.7485,0.7836,0.8046,0.8159,1.1019,1.1295,1.1599,1.1938,1.2326,1.2757,1.3146,1.3319,1.3298,1.3819,1.5815,1.6106,1.3779,1.0744,0.7641,0.4266,0.265,0.485,0.5942,0.4374,0.0293,0.1056,0.3299,0.356,0.2707,0.2071,0.2467,0.3468,0.4624,0.5752,0.6757,0.7569,0.8133,0.8446,0.857,0.8587,1.091,1.1139,1.1386,1.1652,1.1934,1.2212,1.2451,1.2639,1.2936,1.3814,1.5472,1.4996,1.4741,1.4381,1.0086,0.7671,0.6951,0.8061,0.8815,0.5945,-0.0062,0.099,0.3705,0.4123,0.3427,0.2657,0.2604,0.347,0.4818,0.6211,0.7462,0.8457,0.9066,0.9272,0.9224,0.9082,1.0795,1.0985,1.1185,1.1393,1.1602,1.1803,1.199,1.2188,1.2487,1.2987,1.3487,1.3615,1.4611,1.456,1.1532,1.0306,0.983,1.1728,1.4171,1.0342,0.6422,0.5148,0.5257,0.4633,0.2886,0.0611,0.0146,0.2242,0.4743,0.6758,0.8389,0.9667,1.0318,1.0288,0.995,0.9594,1.068,1.0837,1.0999,1.1163,1.1324,1.148,1.1633,1.1799,1.2007,1.2254,1.2461,1.2589,1.272,1.2401,1.2335,1.2583,1.1336,1.2501,1.404,1.3402,1.0579,0.8246,0.6861,0.5146,0.1637,-0.4472,-0.5806,0.0423,0.4986,0.7568,0.9422,1.0952,1.1611,1.1237,1.0576,1.0026,1.0568,1.0698,1.083,1.0961,1.1089,1.1211,1.1331,1.1454,1.1585,1.171,1.1801,1.1835,1.1804,1.1759,1.2139,1.2291,1.1696,1.2647,1.5929,1.7471,1.2843,0.9966,0.8247,0.6258,0.2491,-0.4886,-0.658,0.254,0.6871,0.89,1.0269,1.1506,1.2055,1.1595,1.0876,1.0287,1.046,1.0569,1.0677,1.0782,1.0884,1.098,1.1071,1.1157,1.1237,1.1301,1.1337,1.1336,1.1311,1.1319,1.1424,1.146,1.1536,1.2383,1.426,1.4764,1.2514,1.0811,0.9729,0.8234,0.6399,0.6059,1.0604,1.078,1.048,1.0977,1.1184,1.1421,1.1601,1.1349,1.0858,1.0379,1.0358,1.0449,1.0537,1.0623,1.0704,1.0778,1.0846,1.0906,1.0954,1.0987,1.0999,1.099,1.0972,1.097,1.0999,1.1052,1.1223,1.1679,1.2281,1.2332,1.1781,1.1741,1.1643,1.0294,0.9518,1.1675,1.6249,1.4653,1.4188,1.4014,1.2815,1.1893,1.1461,1.1145,1.0776,1.0396,1.0262,1.0338,1.0411,1.0481,1.0545,1.0603,1.0653,1.0694,1.0724,1.074,1.0741,1.0731,1.0716,1.071,1.0725,1.0775,1.0898,1.1114,1.1334,1.1425,1.1613,1.2486,1.2816,1.1404,1.0781,1.1988,1.3892,1.5552,1.8738,1.7613,1.4693,1.2765,1.1756,1.1188,1.077,1.0411,1.0172,1.0236,1.0297,1.0353,1.0404,1.0449,1.0487,1.0515,1.0534,1.0541,1.0539,1.0528,1.0516,1.051,1.0519,1.0556,1.063,1.0743,1.0869,1.1017,1.1327,1.189,1.2009,1.1366,1.1137,1.1896,1.3465,1.6218,1.9315,1.8196,1.5306,1.3231,1.2013,1.1289,1.0802,1.043]}]