docs/data/wind_grid.json
[{"header":{"la1":42.85,"la2":41.18,"lo1":11.55,"lo2":14.05,"nx":36,"ny":24,"dx":0.07143,"dy":0.07261,"parameterCategory":2,"parameterNumber":2,"parameterNumberName":"eastward_wind","parameterUnit":"m.s-1"},"data":[0.4755,0.465,0.452,0.4369,0.4207,0.4052,0.3926,0.3851,0.3843,0.3908,0.4034,0.4203,0.4398,0.4604,0.4813,0.5015,0.5197,0.5345,0.5439,0.5466,0.5423,0.5321,0.5175,0.5006,0.4829,0.4654,0.4489,0.4339,0.4205,0.4087,0.3986,0.3899,0.3826,0.3765,0.3715,0.3672,0.4848,0.4723,0.4557,0.4354,0.4125,0.3893,0.3693,0.3567,0.3547,0.3642,0.3827,0.4068,0.4334,0.4609,0.4885,0.5156,0.5411,0.5624,0.5763,0.5799,0.5729,0.5573,0.5365,0.5134,0.4903,0.4685,0.4487,0.4311,0.4159,0.403,0.3921,0.3831,0.3758,0.3698,0.3649,0.361,0.4983,0.4838,0.4633,0.4363,0.4038,0.3683,0.3355,0.3133,0.309,0.3242,0.3532,0.3885,0.425,0.461,0.4968,0.5331,0.5692,0.6013,0.6228,0.6277,0.615,0.5899,0.559,0.5271,0.4969,0.4698,0.4461,0.4258,0.4089,0.3949,0.3836,0.3746,0.3674,0.3618,0.3573,0.3539,0.5176,0.5021,0.4777,0.4427,0.3968,0.3422,0.2864,0.2448,0.2355,0.263,0.3122,0.3655,0.4151,0.4609,0.5059,0.5535,0.6052,0.6562,0.6926,0.6988,0.6737,0.631,0.584,0.5399,0.501,0.4678,0.4399,0.417,0.3986,0.384,0.3727,0.364,0.3573,0.3524,0.3486,0.3459,0.5449,0.5304,0.5035,0.4603,0.3978,0.315,0.2182,0.1343,0.1124,0.1694,0.2591,0.3404,0.4057,0.461,0.5145,0.5743,0.6476,0.7326,0.8005,0.807,0.7533,0.6784,0.6081,0.5488,0.5001,0.4605,0.4286,0.4035,0.3841,0.3695,0.3588,0.351,0.3454,0.3415,0.3388,0.337,0.5827,0.5731,0.5475,0.4986,0.419,0.3016,0.1416,-0.0308,-0.0868,0.0419,0.2053,0.3213,0.4002,0.4619,0.5206,0.5893,0.6858,0.8238,0.9562,0.9581,0.844,0.7205,0.623,0.5486,0.4907,0.4453,0.4101,0.3836,0.3643,0.3507,0.3415,0.3354,0.3316,0.3293,0.328,0.3274,0.633,0.6354,0.6189,0.5709,0.4795,0.3338,0.117,-0.1649,-0.2789,-0.0438,0.1874,0.3197,0.4015,0.4641,0.5231,0.5917,0.6951,0.8716,1.077,1.0692,0.8905,0.7313,0.6176,0.5337,0.4692,0.4193,0.382,0.3555,0.3377,0.3267,0.3204,0.3172,0.3159,0.3157,0.3163,0.3172,0.6964,0.7219,0.7295,0.6959,0.6004,0.4412,0.2276,-0.0174,-0.1107,0.0627,0.2321,0.3359,0.4071,0.4674,0.5257,0.5852,0.6657,0.8014,0.9599,0.963,0.8281,0.6934,0.5866,0.501,0.4321,0.3789,0.341,0.3166,0.303,0.2969,0.2954,0.2964,0.2986,0.3012,0.304,0.3066,0.7688,0.8335,0.8928,0.9019,0.8038,0.6143,0.413,0.2536,0.185,0.2136,0.282,0.3496,0.4074,0.4691,0.54,0.5925,0.6361,0.7065,0.7763,0.7835,0.7209,0.6304,0.5372,0.4505,0.376,0.319,0.2822,0.2637,0.2585,0.2608,0.2667,0.2736,0.2803,0.2863,0.2914,0.2959,0.8373,0.9547,1.1071,1.2261,1.1242,0.8191,0.56,0.383,0.2398,0.1947,0.2735,0.3451,0.3895,0.4523,0.582,0.6477,0.6377,0.6852,0.7226,0.7134,0.6595,0.5769,0.4805,0.3819,0.2937,0.23,0.1978,0.1924,0.2026,0.2189,0.2355,0.2501,0.262,0.2716,0.2793,0.2856,0.879,1.0379,1.2883,1.5855,1.5015,0.9815,0.6501,0.4518,0.1244,-0.0241,0.2377,0.3348,0.3419,0.3583,0.5225,0.6414,0.6546,0.7552,0.7989,0.7491,0.6538,0.5419,0.4191,0.2893,0.1702,0.0931,0.0742,0.0972,0.1358,0.1734,0.2042,0.2277,0.2451,0.2582,0.2681,0.276,0.8744,1.0268,1.2615,1.5308,1.4348,0.9525,0.6981,0.6142,0.3843,0.1782,0.3095,0.3425,0.2796,0.1527,0.2397,0.501,0.7321,1.0023,1.0514,0.8662,0.6767,0.5135,0.3494,0.1636,-0.0221,-0.1267,-0.1073,-0.0228,0.0635,0.1301,0.177,0.2092,0.2313,0.2469,0.2584,0.2673,0.8279,0.9332,1.0611,1.1472,1.0477,0.8298,0.7333,0.6314,0.7667,0.4975,0.4036,0.3626,0.3078,0.0543,0.1093,0.5229,0.8937,1.4288,1.4283,0.968,0.675,0.4733,0.2755,0.0139,-0.304,-0.4657,-0.3463,-0.1481,0.0026,0.0995,0.1598,0.1977,0.222,0.2385,0.2503,0.2597,0.7631,0.8215,0.8726,0.8831,0.8268,0.7521,0.7508,0.8774,0.7946,0.5477,0.4303,0.3592,0.3645,0.6303,0.4774,0.7847,1.131,1.2708,1.2189,0.864,0.5926,0.41,0.2221,-0.0818,-0.5427,-0.7797,-0.5216,-0.2119,-0.0172,0.094,0.1578,0.1951,0.2177,0.2326,0.2436,0.2528,0.6999,0.729,0.7467,0.7417,0.7137,0.6846,0.6798,0.6824,0.6104,0.4874,0.4166,0.4119,0.4876,0.5977,0.6439,1.2972,2.0464,1.282,0.9037,0.6368,0.4328,0.3259,0.2078,-0.028,-0.3977,-0.6005,-0.4021,-0.1429,0.0242,0.1192,0.1719,0.2006,0.2169,0.2278,0.237,0.2459,0.6462,0.6597,0.6643,0.6569,0.6394,0.619,0.5994,0.568,0.5058,0.4196,0.3334,0.3948,0.4371,0.5169,0.6374,1.1648,1.6783,1.0793,0.6676,0.4262,0.2507,0.2409,0.2097,0.0885,-0.0779,-0.1683,-0.1035,0.0165,0.1099,0.1669,0.1965,0.2093,0.215,0.2206,0.2284,0.2378,0.6025,0.6078,0.6068,0.5985,0.5838,0.5645,0.5402,0.506,0.4579,0.3985,0.341,0.3772,0.4113,0.4216,0.4688,0.616,0.7273,0.5672,0.3901,0.2988,0.2157,0.2153,0.2036,0.1595,0.1155,0.1045,0.1316,0.1719,0.2048,0.2215,0.2216,0.2118,0.2039,0.2054,0.215,0.2277,0.567,0.5677,0.5639,0.5549,0.5411,0.5228,0.4995,0.4704,0.4361,0.4018,0.3793,0.3775,0.384,0.359,0.1704,0.0993,0.2491,0.2468,0.1909,0.1823,0.1781,0.1794,0.177,0.184,0.2106,0.2483,0.2752,0.29,0.2912,0.273,0.2373,0.1961,0.1728,0.1773,0.1962,0.2164,0.5379,0.5359,0.5304,0.5211,0.5079,0.4909,0.4702,0.446,0.4197,0.394,0.3711,0.346,0.2973,0.132,-0.4082,-0.6215,-0.0659,0.1119,0.0941,-0.0353,0.023,0.0782,0.1143,0.175,0.2617,0.3142,0.3282,0.3776,0.3763,0.3232,0.2429,0.1588,0.1213,0.1416,0.1776,0.2074,0.5135,0.5099,0.5034,0.4939,0.4813,0.4657,0.4471,0.426,0.4028,0.3779,0.3487,0.3061,0.2228,0.0264,-0.3667,-0.4862,-0.1353,-0.0285,-0.2464,-0.3662,-0.1409,-0.0643,-0.0103,0.1177,0.2916,0.3578,0.3645,0.5247,0.4892,0.3808,0.2598,0.1431,0.0971,0.1287,0.1734,0.2068,0.4929,0.4882,0.4812,0.4716,0.4596,0.4449,0.4278,0.4082,0.3861,0.3602,0.3273,0.2795,0.2013,0.0736,-0.0801,-0.1278,-0.0587,-0.0584,-0.1808,-0.2454,-0.2309,-0.3105,-0.2991,-0.0532,0.3033,0.659,1.052,0.9323,0.6214,0.43,0.3023,0.1977,0.1491,0.1616,0.1915,0.2169,0.4752,0.4698,0.4624,0.4529,0.4413,0.4274,0.4112,0.3925,0.3709,0.345,0.3122,0.2681,0.2075,0.1307,0.0564,0.0159,0.0014,-0.0362,-0.1145,-0.2182,-0.4326,-0.8381,-0.9362,-0.4141,0.2176,0.8436,1.4326,1.1063,0.5769,0.4,0.327,0.2627,0.2211,0.2122,0.221,0.2336,0.4599,0.454,0.4464,0.437,0.4257,0.4123,0.3968,0.3789,0.358,0.3331,0.3027,0.2648,0.2185,0.1665,0.1165,0.0754,0.0368,-0.0178,-0.1073,-0.27,-0.6233,-1.2449,-1.4221,-0.7044,0.0419,0.5861,0.8661,0.6312,0.2818,0.2865,0.3105,0.2905,0.2642,0.2498,0.2471,0.2504,0.4465,0.4403,0.4326,0.4233,0.4123,0.3994,0.3846,0.3674,0.3475,0.3243,0.2968,0.2644,0.2273,0.187,0.1461,0.1052,0.0593,-0.0026,-0.0984,-0.2629,-0.5519,-0.9276,-0.998,-0.5632,-0.0408,0.3312,0.4843,0.3865,0.2376,0.2581,0.2953,0.2954,0.282,0.2704,0.2645,0.2634]},{"header":{"la1":42.85,"la2":41.18,"lo1":11.55,"lo2":14.05,"nx":36,"ny":24,"dx":0.07143,"dy":0.07261,"parameterCategory":2,"parameterNumber":3,"parameterNumberName":"northward_wind","parameterUnit":"m.s-1"},"data":[0.4007,0.3778,0.3525,0.3254,0.2978,0.2718,0.2507,0.2379,0.2357,0.2438,0.2593,0.278,0.2963,0.3115,0.3228,0.3302,0.3348,0.3381,0.3418,0.3474,0.3555,0.366,0.3781,0.3912,0.4044,0.4175,0.4303,0.4428,0.455,0.467,0.4788,0.4903,0.5016,0.5125,0.5231,0.5332,0.3948,0.3679,0.3371,0.3023,0.2647,0.2272,0.1952,0.1753,0.1728,0.1876,0.2141,0.2442,0.2715,0.2924,0.3062,0.3135,0.3162,0.3168,0.3183,0.3232,0.3326,0.3458,0.361,0.377,0.3926,0.4075,0.4218,0.4356,0.4489,0.462,0.4748,0.4874,0.4996,0.5115,0.5229,0.5338,0.3912,0.3604,0.3233,0.2788,0.2272,0.1714,0.1195,0.085,0.0808,0.1083,0.1553,0.2047,0.2456,0.274,0.2903,0.2964,0.2951,0.2903,0.2873,0.2911,0.3032,0.3213,0.3416,0.3616,0.3802,0.3972,0.413,0.4279,0.4424,0.4566,0.4706,0.4843,0.4977,0.5107,0.5231,0.5349,0.3912,0.357,0.3138,0.2585,0.1883,0.1037,0.0147,-0.0523,-0.0628,-0.0087,0.0783,0.1606,0.2211,0.2583,0.2764,0.2795,0.271,0.2558,0.2437,0.246,0.2645,0.292,0.3204,0.3458,0.3676,0.3866,0.4036,0.4197,0.4353,0.4507,0.466,0.4812,0.496,0.5102,0.5238,0.5365,0.3957,0.3596,0.3121,0.2471,0.1561,0.0306,-0.1261,-0.2687,-0.3006,-0.1855,-0.0172,0.1181,0.2027,0.2477,0.2656,0.2637,0.2442,0.2102,0.1793,0.1799,0.2142,0.2593,0.2993,0.3309,0.3555,0.3757,0.3936,0.4104,0.4271,0.444,0.461,0.4778,0.4943,0.5101,0.525,0.5389,0.4053,0.3698,0.3219,0.2527,0.1464,-0.0228,-0.2818,-0.5886,-0.688,-0.4276,-0.109,0.0934,0.1976,0.2441,0.258,0.2504,0.2194,0.1573,0.0887,0.09,0.1585,0.2303,0.2828,0.3188,0.3443,0.3643,0.3819,0.3992,0.4172,0.4359,0.4551,0.4742,0.4928,0.5105,0.527,0.5422,0.4193,0.387,0.3442,0.2812,0.1777,-0.0064,-0.3399,-0.8475,-1.0681,-0.5866,-0.1219,0.1113,0.2113,0.2461,0.2499,0.2384,0.2066,0.1284,0.0194,0.0246,0.13,0.2198,0.2763,0.3107,0.3333,0.3505,0.3668,0.3845,0.4042,0.4257,0.448,0.4703,0.4917,0.5117,0.5301,0.5468,0.4359,0.408,0.3741,0.328,0.2524,0.1107,-0.1538,-0.5537,-0.7159,-0.3374,0.0099,0.1774,0.2393,0.246,0.2295,0.2154,0.2038,0.1607,0.0858,0.0875,0.1666,0.2367,0.2802,0.3047,0.3192,0.3309,0.345,0.3635,0.3865,0.4125,0.4395,0.4661,0.4912,0.5141,0.5347,0.5529,0.4525,0.4268,0.3992,0.3722,0.3395,0.2753,0.1555,0.0109,-0.0303,0.0739,0.1916,0.2583,0.2683,0.2329,0.1724,0.1473,0.1809,0.2019,0.1939,0.1993,0.2319,0.2659,0.2866,0.2944,0.2957,0.2988,0.3104,0.332,0.3616,0.3953,0.4296,0.4622,0.492,0.5184,0.5414,0.5612,0.4682,0.4388,0.4039,0.3766,0.3834,0.4065,0.3956,0.3427,0.2741,0.2557,0.3011,0.3213,0.2893,0.2107,0.0609,-0.0107,0.131,0.2155,0.2452,0.2606,0.276,0.2865,0.285,0.2707,0.2518,0.2423,0.2531,0.2839,0.3269,0.3738,0.4189,0.4597,0.4953,0.5256,0.551,0.5722,0.4861,0.45,0.3937,0.3254,0.3477,0.4896,0.5826,0.5471,0.2852,0.1574,0.3439,0.3691,0.2987,0.201,0.0679,-0.0161,0.1453,0.2273,0.2585,0.2805,0.2944,0.2927,0.2692,0.2232,0.1694,0.1398,0.1567,0.2114,0.281,0.3494,0.4098,0.4608,0.5028,0.537,0.5646,0.5867,0.5119,0.4779,0.4211,0.3493,0.3885,0.6004,0.7927,0.8699,0.5948,0.3608,0.4533,0.427,0.2913,0.1213,0.1108,0.1687,0.214,0.2197,0.2302,0.2736,0.2977,0.2882,0.239,0.1419,0.019,-0.0477,-0.002,0.11,0.2277,0.3273,0.4065,0.4686,0.5169,0.5544,0.5833,0.6055,0.547,0.5274,0.5025,0.4932,0.5639,0.7354,0.9424,1.0929,0.9979,0.7151,0.6017,0.5118,0.3713,0.0465,0.0546,0.2292,0.2358,0.1515,0.1559,0.2614,0.2964,0.2774,0.203,0.0336,-0.2257,-0.3645,-0.2291,-0.0028,0.1837,0.3186,0.4159,0.4873,0.5403,0.5795,0.6083,0.6293,0.5861,0.5828,0.5861,0.6116,0.6814,0.7985,0.9412,1.0726,1.0105,0.8387,0.7353,0.5802,0.5093,0.4117,0.3528,0.2743,0.1833,0.1918,0.2188,0.2872,0.2841,0.2504,0.1789,-0.0324,-0.4442,-0.6752,-0.4026,-0.0571,0.1811,0.3374,0.4447,0.5211,0.5757,0.6141,0.6405,0.6584,0.6228,0.6304,0.6471,0.6802,0.7358,0.8108,0.8897,0.9428,0.9427,0.9492,0.9799,0.9134,0.7553,0.7791,0.5434,0.1462,-0.2642,0.1724,0.3406,0.3133,0.1774,0.1457,0.1673,0.038,-0.2901,-0.4879,-0.2704,0.027,0.2424,0.3907,0.4963,0.572,0.6245,0.659,0.6803,0.6929,0.654,0.6673,0.6883,0.7199,0.7631,0.8146,0.8668,0.914,0.9734,1.1099,1.3691,1.4101,1.1895,0.9003,0.7131,0.315,-0.0142,0.3681,0.544,0.3085,-0.2221,-0.1309,0.1532,0.1823,0.0545,-0.0327,0.0431,0.1962,0.3448,0.4692,0.5673,0.6396,0.6872,0.7142,0.727,0.7317,0.6795,0.6953,0.7169,0.7455,0.7811,0.8223,0.8679,0.922,1.0033,1.1496,1.3488,1.3311,1.4221,1.4586,1.0053,0.7608,0.6983,0.9221,1.0594,0.593,-0.2478,-0.119,0.2447,0.327,0.2734,0.216,0.2301,0.3183,0.4388,0.5548,0.6508,0.7209,0.7618,0.7773,0.7778,0.7724,0.7,0.7166,0.7376,0.7637,0.7949,0.8312,0.8736,0.9262,0.9969,1.0897,1.1782,1.2457,1.4559,1.4934,1.184,1.0911,1.1112,1.5244,1.9588,1.2869,0.6533,0.4629,0.4985,0.4724,0.3503,0.1939,0.1682,0.3213,0.5015,0.6397,0.7398,0.8082,0.8401,0.8404,0.8266,0.8109,0.7166,0.7331,0.7532,0.7772,0.8054,0.8381,0.8763,0.9219,0.9766,1.038,1.0983,1.1603,1.2323,1.2485,1.2987,1.3449,1.2788,1.5804,1.8509,1.6384,1.232,0.9179,0.7608,0.611,0.3378,-0.1106,-0.2044,0.2509,0.5758,0.7364,0.8244,0.8785,0.8984,0.8868,0.8642,0.8426,0.7299,0.746,0.765,0.7872,0.8127,0.842,0.8755,0.9137,0.9564,1.0017,1.0471,1.0918,1.1349,1.1817,1.2754,1.3143,1.3013,1.4957,1.8788,2.0302,1.5157,1.1751,0.9845,0.7884,0.4662,-0.1113,-0.2389,0.4704,0.7717,0.8717,0.9012,0.908,0.9115,0.9039,0.8862,0.8658,0.7407,0.7561,0.774,0.7944,0.8176,0.8437,0.8727,0.9048,0.9393,0.9751,1.0113,1.0473,1.0846,1.1286,1.1813,1.2195,1.2726,1.4247,1.6717,1.7366,1.4998,1.3428,1.2379,1.0507,0.8446,0.8178,1.2274,1.2064,1.0955,1.0625,1.0067,0.948,0.9225,0.9147,0.9022,0.8844,0.7494,0.7641,0.7808,0.7996,0.8206,0.8438,0.8691,0.8964,0.9253,0.9551,0.9854,1.0163,1.0489,1.0848,1.1238,1.1653,1.2244,1.3199,1.4266,1.4681,1.4746,1.5927,1.6175,1.3538,1.1595,1.3135,1.7353,1.5425,1.3727,1.3027,1.1682,1.0466,0.9783,0.9462,0.9243,0.9032,0.7564,0.7704,0.7859,0.8032,0.8222,0.8429,0.8652,0.889,0.9138,0.9394,0.9657,0.9929,1.0215,1.0523,1.0862,1.1253,1.1753,1.2387,1.3063,1.3749,1.5073,1.7859,1.8717,1.5353,1.2982,1.3263,1.4602,1.5016,1.6331,1.5501,1.3271,1.1527,1.0478,0.9886,0.9512,0.9227,0.762,0.7752,0.7897,0.8056,0.8229,0.8415,0.8614,0.8823,0.9041,0.9267,0.95,0.9742,0.9997,1.0271,1.0575,1.0923,1.1338,1.1831,1.2411,1.3187,1.4489,1.6276,1.665,1.4792,1.3189,1.297,1.3649,1.4981,1.6639,1.5884,1.3793,1.2074,1.094,1.0223,0.9747,0.9399]}]