docs/data/wind_grid.json
[{"header":{"la1":42.85,"la2":41.18,"lo1":11.55,"lo2":14.05,"nx":36,"ny":24,"dx":0.07143,"dy":0.07261,"parameterCategory":2,"parameterNumber":2,"parameterNumberName":"eastward_wind","parameterUnit":"m.s-1"},"data":[1.5624,1.5538,1.5415,1.5251,1.5048,1.4809,1.4536,1.4227,1.3877,1.3483,1.3046,1.2571,1.2067,1.1541,1.1004,1.0471,0.9969,0.9536,0.9209,0.9013,0.8947,0.8989,0.9112,0.9293,0.9513,0.9758,1.0012,1.0267,1.0516,1.0756,1.0986,1.1206,1.1414,1.1612,1.1799,1.1975,1.5888,1.5819,1.5703,1.5533,1.5314,1.5056,1.4763,1.4432,1.405,1.3607,1.3103,1.2549,1.1958,1.1335,1.0688,1.003,0.9394,0.884,0.8443,0.825,0.8248,0.8375,0.8579,0.8833,0.9121,0.9428,0.9737,1.0039,1.0327,1.06,1.0859,1.1103,1.1333,1.155,1.1753,1.1944,1.6207,1.617,1.6067,1.5889,1.5645,1.5359,1.5048,1.4706,1.4299,1.3796,1.3203,1.2547,1.185,1.1115,1.0337,0.9513,0.8677,0.7928,0.7424,0.7281,0.7448,0.7746,0.8057,0.8381,0.8736,0.9107,0.9473,0.9821,1.0148,1.0454,1.0741,1.1009,1.1262,1.1498,1.1719,1.1924,1.6597,1.6617,1.6544,1.6355,1.6063,1.5726,1.5403,1.5086,1.4679,1.4093,1.3359,1.2559,1.1736,1.088,0.9957,0.8924,0.7782,0.6668,0.5943,0.5966,0.6605,0.7279,0.7681,0.8004,0.839,0.8814,0.923,0.9621,0.9984,1.032,1.0634,1.0928,1.1203,1.146,1.1698,1.1919,1.7076,1.7206,1.7206,1.7003,1.6609,1.616,1.5825,1.5634,1.531,1.457,1.357,1.2558,1.1592,1.0621,0.9565,0.8307,0.6718,0.4859,0.3483,0.386,0.5797,0.7395,0.7685,0.7768,0.8112,0.8566,0.9021,0.9444,0.9835,1.0199,1.0539,1.0858,1.1157,1.1436,1.1694,1.1931,1.7649,1.7997,1.8185,1.7997,1.7385,1.6653,1.6254,1.6423,1.6424,1.5275,1.3748,1.2463,1.1367,1.0311,0.9173,0.7766,0.5698,0.2499,-0.0935,-0.0242,0.4455,0.7745,0.781,0.758,0.7889,0.8366,0.8843,0.9286,0.9698,1.0086,1.0453,1.08,1.1126,1.143,1.1708,1.1962,1.8277,1.9031,1.9712,1.9699,1.8621,1.7215,1.6484,1.7083,1.7689,1.5712,1.357,1.2139,1.0997,0.9878,0.8709,0.7373,0.5285,0.1112,-0.5444,-0.4793,0.2344,0.5919,0.6872,0.7191,0.7672,0.8195,0.8681,0.913,0.9557,0.9971,1.0371,1.0753,1.1112,1.1444,1.1747,1.2019,1.8798,2.015,2.1977,2.2763,2.0609,1.7833,1.6287,1.6182,1.626,1.4372,1.261,1.1507,1.0458,0.9195,0.7861,0.6803,0.5636,0.296,-0.1102,-0.0719,0.236,0.396,0.5604,0.6717,0.7464,0.8024,0.8494,0.8937,0.9384,0.9837,1.0285,1.0715,1.1118,1.1485,1.1815,1.2106,1.8898,2.0607,2.388,2.6652,2.2272,1.7997,1.5762,1.4188,1.2613,1.1234,1.0869,1.0694,0.9856,0.8152,0.5841,0.4806,0.5605,0.5492,0.4217,0.3233,0.1517,0.2211,0.491,0.6498,0.7309,0.7794,0.8199,0.8638,0.9134,0.9662,1.0189,1.0691,1.1151,1.1562,1.1922,1.2232,1.8381,1.9445,2.1344,2.2562,1.9043,1.6976,1.5345,1.2418,0.7565,0.5493,0.8372,1.004,0.9477,0.7131,0.1765,-0.1075,0.4601,0.7091,0.6968,0.5475,0.3128,0.3489,0.5529,0.668,0.712,0.7328,0.7627,0.8118,0.8748,0.9427,1.0085,1.069,1.1226,1.1689,1.2082,1.241,1.7565,1.7527,1.6434,1.281,1.3183,1.5964,1.6316,1.3061,0.0724,-0.5585,0.6287,1.02,0.9469,0.7054,0.2398,-0.1028,0.6052,0.8899,0.9116,0.8209,0.6964,0.6588,0.6882,0.6882,0.6491,0.62,0.6453,0.7209,0.8174,0.9133,0.9996,1.0741,1.1369,1.1891,1.2315,1.2655,1.6975,1.6498,1.5069,1.2616,1.3256,1.6841,1.995,2.1363,1.0686,0.2838,0.9566,1.1916,0.9589,0.4963,0.529,0.8194,1.0426,1.0829,1.0541,1.0164,0.9353,0.8546,0.7723,0.6422,0.4643,0.3557,0.4163,0.5766,0.7433,0.8842,0.9979,1.0892,1.1623,1.2201,1.2648,1.2986,1.6764,1.6413,1.5766,1.5231,1.6059,1.8568,2.2732,3.2034,2.0686,1.4953,1.4621,1.54,1.2873,0.2631,0.4413,1.3584,1.4481,1.049,1.0049,1.1146,1.0504,0.9392,0.7851,0.5086,0.0737,-0.1804,0.0431,0.3989,0.6755,0.871,1.0136,1.1216,1.2044,1.2665,1.3115,1.3429,1.6792,1.6665,1.6541,1.6676,1.745,1.8987,2.0924,2.0783,1.9627,1.7929,1.7599,1.8623,1.8955,1.9551,1.6539,2.2452,1.9826,1.4069,1.2145,1.1992,1.0675,0.9306,0.7674,0.4018,-0.3279,-0.7736,-0.2698,0.3019,0.6642,0.8958,1.0585,1.18,1.2705,1.3345,1.3764,1.4012,1.6905,1.6927,1.702,1.73,1.7872,1.8706,1.9497,1.9697,1.9374,1.9409,2.0039,2.02,2.0287,2.2622,2.0537,2.4224,1.9337,1.7538,1.493,1.209,0.8636,0.7485,0.7394,0.5013,-0.0664,-0.4267,-0.0534,0.4221,0.7472,0.9712,1.1407,1.2731,1.3704,1.4327,1.4651,1.4766,1.7024,1.7122,1.7286,1.7563,1.7973,1.8468,1.8922,1.9249,1.9696,2.0996,2.3609,2.3338,2.2064,2.1041,2.054,2.0354,1.9163,1.8508,1.6391,1.0705,0.0963,0.2421,0.6906,0.7105,0.4914,0.3398,0.4499,0.6746,0.891,1.0848,1.2609,1.4116,1.519,1.5735,1.5845,1.5712,1.7125,1.7255,1.7437,1.7688,1.8009,1.8378,1.877,1.9225,1.9951,2.1346,2.3328,2.2828,2.2674,2.2729,2.134,2.0866,2.0534,2.0808,2.0165,1.3222,0.007,0.2253,0.7987,0.9113,0.8285,0.7474,0.7603,0.8624,1.0188,1.2076,1.4162,1.6128,1.7412,1.7735,1.7397,1.6832,1.7203,1.7347,1.753,1.776,1.8039,1.8363,1.874,1.9213,1.9868,2.074,2.1537,2.19,2.2742,2.311,2.3249,2.3589,2.2924,2.5114,2.8589,2.1372,1.3424,1.0885,1.1421,1.1065,0.9652,0.8092,0.774,0.8943,1.0835,1.3151,1.6013,1.8987,2.0667,2.0411,1.9216,1.8006,1.7262,1.7411,1.759,1.7806,1.8062,1.8361,1.8714,1.9144,1.9668,2.0262,2.0831,2.1375,2.2097,2.3376,2.7561,2.9446,2.5141,2.5984,2.8152,2.6534,2.1329,1.709,1.4839,1.2765,0.9739,0.5818,0.4971,0.8098,1.1019,1.3928,1.7784,2.2334,2.4553,2.319,2.0831,1.8946,1.7304,1.7453,1.7628,1.7833,1.8071,1.8348,1.867,1.9047,1.9479,1.9954,2.0458,2.1038,2.1876,2.3534,2.6955,2.8097,2.5378,2.5902,3.066,3.3009,2.5385,2.0533,1.7638,1.4625,1.0547,0.5471,0.4398,0.8492,1.1411,1.4289,1.8368,2.3653,2.6132,2.4194,2.1386,1.9297,1.7333,1.7479,1.7648,1.7841,1.8064,1.8318,1.861,1.894,1.9312,1.9722,2.0181,2.0735,2.1497,2.2641,2.4028,2.4547,2.4264,2.5172,2.7945,2.8701,2.5232,2.2864,2.1001,1.7498,1.3111,0.9891,0.9576,1.0355,1.2133,1.4312,1.7314,2.1186,2.3317,2.2434,2.056,1.8957,1.7349,1.7491,1.7652,1.7835,1.8041,1.8274,1.8536,1.8829,1.9155,1.9515,1.9922,2.0402,2.0993,2.1701,2.2389,2.2809,2.3094,2.3741,2.4702,2.5001,2.4973,2.6748,2.696,2.1688,1.5809,1.1912,1.0153,1.1074,1.3155,1.4433,1.6006,1.8175,1.9713,1.9833,1.9104,1.8212,1.7354,1.749,1.7643,1.7814,1.8005,1.8218,1.8453,1.8713,1.8999,1.9314,1.9664,2.0057,2.05,2.0973,2.1414,2.177,2.2103,2.2537,2.3065,2.3722,2.55,2.9979,3.146,2.4682,1.7972,1.3931,1.2325,1.3182,1.4662,1.4778,1.5346,1.6504,1.7521,1.7934,1.7811,1.7429,1.7349,1.7479,1.7623,1.7782,1.7958,1.8151,1.8362,1.8593,1.8843,1.9114,1.9409,1.9727,2.0065,2.0407,2.073,2.1022,2.1311,2.1648,2.2098,2.2873,2.4542,2.7203,2.7591,2.3514,1.88,1.5656,1.4277,1.4375,1.4878,1.4892,1.518,1.5823,1.6459,1.6839,1.6923,1.6801]},{"header":{"la1":42.85,"la2":41.18,"lo1":11.55,"lo2":14.05,"nx":36,"ny":24,"dx":0.07143,"dy":0.07261,"parameterCategory":2,"parameterNumber":3,"parameterNumberName":"northward_wind","parameterUnit":"m.s-1"},"data":[-0.4676,-0.4803,-0.4986,-0.5222,-0.5497,-0.5781,-0.6035,-0.6217,-0.6295,-0.6264,-0.6139,-0.5951,-0.5725,-0.5476,-0.521,-0.4924,-0.4616,-0.4286,-0.3943,-0.3606,-0.3319,-0.3145,-0.3141,-0.3319,-0.3633,-0.4013,-0.4402,-0.4766,-0.5088,-0.5367,-0.5604,-0.5805,-0.5976,-0.612,-0.6241,-0.6344,-0.444,-0.4577,-0.4799,-0.5112,-0.5501,-0.5925,-0.6317,-0.66,-0.6713,-0.6647,-0.6441,-0.6157,-0.5844,-0.5521,-0.5188,-0.4832,-0.444,-0.4008,-0.3536,-0.3038,-0.2567,-0.2252,-0.2237,-0.2546,-0.3063,-0.364,-0.4184,-0.4657,-0.5053,-0.5379,-0.5647,-0.5867,-0.6048,-0.6199,-0.6324,-0.6428,-0.4116,-0.4245,-0.4503,-0.4912,-0.5467,-0.6116,-0.6751,-0.7221,-0.7393,-0.7243,-0.6876,-0.6429,-0.5989,-0.5575,-0.5168,-0.4734,-0.4244,-0.3684,-0.3048,-0.2315,-0.1504,-0.0873,-0.0834,-0.1441,-0.2348,-0.324,-0.3994,-0.4594,-0.5065,-0.5434,-0.5726,-0.5959,-0.6148,-0.6301,-0.6426,-0.6529,-0.3673,-0.3754,-0.402,-0.4537,-0.5328,-0.6344,-0.7426,-0.8279,-0.8563,-0.8204,-0.7496,-0.6765,-0.6144,-0.5627,-0.515,-0.4638,-0.4029,-0.3303,-0.2484,-0.1482,-0.0052,0.138,0.1439,0.0082,-0.1559,-0.2904,-0.3897,-0.4619,-0.5149,-0.5547,-0.5851,-0.6089,-0.6277,-0.6428,-0.6549,-0.6648,-0.3079,-0.3028,-0.3229,-0.3833,-0.4938,-0.6528,-0.8439,-1.015,-1.0695,-0.9771,-0.8322,-0.7115,-0.6267,-0.5657,-0.5137,-0.4565,-0.3807,-0.2813,-0.1771,-0.0727,0.1512,0.4915,0.4808,0.1714,-0.1012,-0.2819,-0.3991,-0.4779,-0.533,-0.573,-0.6029,-0.6259,-0.6438,-0.6581,-0.6695,-0.6786,-0.232,-0.1985,-0.1937,-0.2525,-0.4006,-0.6397,-0.9662,-1.3279,-1.4552,-1.2079,-0.9172,-0.7336,-0.6285,-0.5636,-0.5133,-0.4561,-0.366,-0.2163,-0.0459,-0.0045,0.1572,0.6993,0.6528,0.1898,-0.1323,-0.3206,-0.4357,-0.5107,-0.5621,-0.5989,-0.6262,-0.647,-0.6632,-0.6761,-0.6862,-0.6943,-0.145,-0.0586,0.0115,-0.0158,-0.2102,-0.5426,-1.0013,-1.6114,-1.8732,-1.3722,-0.937,-0.7202,-0.6122,-0.553,-0.5129,-0.4682,-0.3833,-0.1923,0.1253,0.0983,-0.1078,0.1152,0.1606,-0.0728,-0.2764,-0.411,-0.4994,-0.5594,-0.6014,-0.6318,-0.6545,-0.672,-0.6857,-0.6966,-0.7053,-0.712,-0.0674,0.0944,0.304,0.3858,0.0978,-0.3486,-0.805,-1.3031,-1.5033,-1.151,-0.8336,-0.6645,-0.5767,-0.5313,-0.5071,-0.4878,-0.446,-0.3304,-0.1467,-0.2529,-0.6483,-0.6541,-0.4646,-0.4221,-0.4679,-0.5282,-0.5798,-0.6192,-0.6483,-0.6701,-0.6869,-0.7002,-0.7109,-0.7197,-0.7266,-0.7319,-0.0372,0.172,0.5418,0.8436,0.3521,-0.1899,-0.5422,-0.796,-0.8969,-0.8259,-0.6998,-0.5933,-0.5281,-0.4976,-0.4857,-0.4903,-0.51,-0.5136,-0.5359,-0.7721,-1.3011,-1.2057,-0.8255,-0.6641,-0.6301,-0.6419,-0.6638,-0.6838,-0.6995,-0.7118,-0.722,-0.7308,-0.7385,-0.7451,-0.7503,-0.754,-0.0779,0.0736,0.3066,0.4478,0.0852,-0.1967,-0.39,-0.5588,-0.7275,-0.7757,-0.6489,-0.5293,-0.4688,-0.453,-0.4448,-0.4408,-0.5387,-0.6338,-0.7193,-0.8867,-1.1641,-1.1282,-0.9041,-0.7828,-0.7436,-0.7399,-0.7452,-0.7495,-0.7522,-0.7548,-0.7584,-0.763,-0.7681,-0.7729,-0.7766,-0.7787,-0.1594,-0.1075,-0.1337,-0.3628,-0.3562,-0.254,-0.2688,-0.3971,-0.8522,-1.0785,-0.6524,-0.4528,-0.3838,-0.3839,-0.4283,-0.4423,-0.5975,-0.7652,-0.8603,-0.9042,-0.9535,-0.9481,-0.8873,-0.8425,-0.8297,-0.8304,-0.8264,-0.8156,-0.8042,-0.797,-0.7948,-0.7964,-0.8,-0.8037,-0.8063,-0.8069,-0.2339,-0.2248,-0.2778,-0.4008,-0.3763,-0.2188,-0.0634,0.0185,-0.4103,-0.75,-0.4936,-0.3208,-0.2556,-0.195,-0.4126,-0.541,-0.7385,-1.0508,-1.1485,-1.0237,-0.9514,-0.9213,-0.9013,-0.8985,-0.918,-0.9329,-0.9162,-0.8823,-0.8532,-0.8362,-0.8299,-0.8308,-0.8349,-0.839,-0.841,-0.8399,-0.2869,-0.2808,-0.2948,-0.3123,-0.2733,-0.1404,0.1039,0.3955,0.1511,-0.2651,-0.2868,-0.0769,-0.0609,-0.2714,-0.5408,-0.5933,-0.84,-1.5881,-1.6319,-1.1574,-1.0047,-0.9587,-0.9442,-0.9624,-1.026,-1.0686,-1.0182,-0.9436,-0.8934,-0.8692,-0.8633,-0.8676,-0.8755,-0.8817,-0.8834,-0.8798,-0.3258,-0.316,-0.3093,-0.2943,-0.2479,-0.1433,0.0351,0.226,0.0902,-0.2382,-0.264,0.2042,0.3805,0.2428,-0.4174,-0.6603,-0.7604,-1.1883,-1.3319,-1.1229,-1.0524,-1.0266,-1.0007,-1.013,-1.1136,-1.191,-1.0909,-0.9773,-0.9156,-0.8935,-0.8959,-0.9107,-0.9272,-0.9376,-0.9382,-0.9298,-0.3585,-0.3477,-0.3358,-0.3167,-0.2812,-0.2217,-0.1471,-0.1166,-0.2367,-0.4464,-0.5411,-0.3995,-0.2652,-0.3827,-0.4936,-0.6832,-0.7072,-0.8445,-0.995,-1.0811,-1.1811,-1.1736,-1.0782,-1.0298,-1.0774,-1.1277,-1.0516,-0.9601,-0.9143,-0.9095,-0.9328,-0.969,-1.0011,-1.0169,-1.0131,-0.9944,-0.3889,-0.38,-0.3702,-0.3572,-0.3394,-0.3194,-0.312,-0.3516,-0.4778,-0.7115,-1.068,-0.8936,-0.7199,-0.5681,-0.6127,-0.6866,-0.7237,-0.812,-0.9427,-1.1686,-1.5604,-1.4657,-1.1691,-1.0264,-0.9902,-0.9832,-0.9472,-0.9062,-0.8945,-0.922,-0.9838,-1.0596,-1.1181,-1.1372,-1.1184,-1.0778,-0.4177,-0.4122,-0.4072,-0.4026,-0.4,-0.4044,-0.4271,-0.4858,-0.6001,-0.7924,-1.0431,-0.9349,-0.9753,-1.0305,-0.8095,-0.7883,-0.8075,-0.8599,-0.9408,-1.152,-1.6171,-1.4979,-1.1611,-0.9907,-0.9152,-0.8791,-0.8543,-0.8423,-0.8626,-0.9351,-1.0632,-1.2133,-1.3153,-1.3248,-1.2649,-1.1809,-0.445,-0.4431,-0.443,-0.4455,-0.4528,-0.4692,-0.5013,-0.557,-0.6415,-0.7492,-0.8408,-0.8858,-1.0391,-1.0919,-1.0041,-1.0099,-0.9285,-0.9056,-0.9187,-0.9866,-1.1464,-1.1564,-1.0287,-0.9132,-0.8414,-0.8101,-0.7927,-0.7778,-0.8138,-0.9425,-1.1808,-1.4723,-1.6434,-1.6009,-1.4486,-1.2928,-0.4702,-0.4715,-0.4753,-0.4826,-0.4954,-0.5163,-0.5488,-0.5955,-0.656,-0.7237,-0.7869,-0.8488,-0.9299,-1.0283,-1.3199,-1.4542,-1.064,-0.9198,-0.899,-0.8847,-0.9321,-0.9482,-0.8986,-0.8238,-0.7736,-0.8089,-0.8177,-0.7114,-0.7283,-0.917,-1.3027,-1.8183,-2.0787,-1.9107,-1.6181,-1.3806,-0.4929,-0.4968,-0.5033,-0.5134,-0.5286,-0.5503,-0.5801,-0.6187,-0.6649,-0.7154,-0.7676,-0.8247,-0.8981,-1.0226,-1.2705,-1.3451,-1.0679,-0.9101,-0.825,-0.7969,-0.8479,-0.8507,-0.8095,-0.74,-0.682,-0.7637,-0.7891,-0.5273,-0.5648,-0.8122,-1.2897,-1.9534,-2.2686,-2.0219,-1.6647,-1.3986,-0.5131,-0.5187,-0.5269,-0.5385,-0.5543,-0.5752,-0.6018,-0.6342,-0.6716,-0.7126,-0.757,-0.8069,-0.8689,-0.9529,-1.0471,-1.0622,-0.9747,-0.8889,-0.8348,-0.8173,-0.8192,-0.8005,-0.7581,-0.6735,-0.5278,-0.2958,0.1033,-0.0078,-0.323,-0.6179,-1.0438,-1.5915,-1.8889,-1.7764,-1.5338,-1.3283,-0.5308,-0.5375,-0.5467,-0.5587,-0.5742,-0.5937,-0.6173,-0.645,-0.6763,-0.7106,-0.7478,-0.7889,-0.835,-0.8847,-0.9248,-0.9314,-0.902,-0.8633,-0.8336,-0.8147,-0.7979,-0.7827,-0.7624,-0.6632,-0.438,-0.0111,0.5352,0.2422,-0.1752,-0.3989,-0.7164,-1.1002,-1.3569,-1.3954,-1.3107,-1.2018,-0.5461,-0.5535,-0.563,-0.575,-0.5898,-0.6076,-0.6285,-0.6524,-0.6789,-0.7077,-0.7385,-0.771,-0.8044,-0.8355,-0.8576,-0.8634,-0.8528,-0.8342,-0.815,-0.7972,-0.7827,-0.7881,-0.7938,-0.6868,-0.4674,-0.1684,0.0581,-0.0415,-0.1301,-0.2169,-0.4793,-0.7752,-0.9937,-1.0932,-1.102,-1.0676,-0.5593,-0.5669,-0.5764,-0.588,-0.6018,-0.618,-0.6366,-0.6573,-0.6799,-0.704,-0.7292,-0.7548,-0.7794,-0.8008,-0.8156,-0.821,-0.8172,-0.807,-0.7935,-0.7789,-0.7672,-0.7655,-0.7521,-0.6679,-0.515,-0.3402,-0.2185,-0.1781,-0.1288,-0.1926,-0.4,-0.6232,-0.7973,-0.9028,-0.9482,-0.9547]}]