docs/data/wind_grid.json
[{"header":{"la1":42.85,"la2":41.18,"lo1":11.55,"lo2":14.05,"nx":36,"ny":24,"dx":0.07143,"dy":0.07261,"parameterCategory":2,"parameterNumber":2,"parameterNumberName":"eastward_wind","parameterUnit":"m.s-1"},"data":[1.9434,1.9434,1.9442,1.9451,1.9455,1.944,1.939,1.9286,1.9114,1.8859,1.8517,1.8088,1.7576,1.6991,1.6348,1.5674,1.5008,1.4404,1.3916,1.3582,1.3412,1.339,1.3494,1.3695,1.3959,1.4252,1.4544,1.4818,1.5065,1.5282,1.5471,1.5634,1.5775,1.5897,1.6003,1.6096,1.9435,1.9444,1.9471,1.9512,1.9557,1.959,1.9585,1.9517,1.936,1.9095,1.8714,1.822,1.7619,1.6916,1.6127,1.5275,1.4413,1.3627,1.3016,1.2645,1.2509,1.2562,1.2764,1.3082,1.3469,1.3874,1.4258,1.4601,1.4899,1.5151,1.5364,1.5543,1.5694,1.5823,1.5934,1.603,1.9398,1.9411,1.9457,1.9537,1.9641,1.9745,1.9815,1.9807,1.9681,1.9407,1.8981,1.8409,1.7702,1.6862,1.5891,1.4802,1.3651,1.2576,1.1783,1.1413,1.1407,1.1599,1.1931,1.2405,1.2959,1.3506,1.3997,1.4414,1.476,1.5043,1.5276,1.5467,1.5625,1.5757,1.587,1.5967,1.9308,1.9311,1.9369,1.9494,1.968,1.9894,2.0084,2.0179,2.0107,1.9821,1.9329,1.8661,1.7834,1.6843,1.5664,1.4267,1.2674,1.1081,0.9954,0.9718,1.0144,1.0614,1.1061,1.1716,1.2479,1.3192,1.3791,1.4275,1.4661,1.4967,1.5211,1.5407,1.5567,1.5698,1.5809,1.5905,1.9146,1.9108,1.9155,1.9325,1.9625,2.0008,2.039,2.0663,2.068,2.0356,1.9758,1.8971,1.8015,1.6873,1.5484,1.3737,1.1492,0.8866,0.6859,0.7045,0.8867,0.9981,1.0348,1.1151,1.2135,1.2995,1.3679,1.4207,1.4614,1.4929,1.5173,1.5366,1.552,1.5646,1.5751,1.5843,1.8897,1.8761,1.8735,1.8925,1.9383,2.0023,2.0698,2.126,2.1414,2.0977,2.0223,1.9309,1.8229,1.6948,1.5398,1.3372,1.0394,0.5893,0.1133,0.1885,0.7294,0.9918,1.0114,1.0974,1.2064,1.2983,1.3691,1.4224,1.4626,1.4929,1.516,1.5339,1.5481,1.5595,1.5692,1.5777,1.8569,1.824,1.7999,1.8115,1.8799,1.9837,2.0868,2.1702,2.1965,2.1431,2.0625,1.9648,1.8451,1.7019,1.5362,1.3327,1.0171,0.4206,-0.4902,-0.4002,0.5588,0.9402,1.0381,1.1309,1.2316,1.3172,1.3832,1.4325,1.4691,1.4963,1.5167,1.5322,1.5444,1.5542,1.5626,1.5702,1.8223,1.7611,1.692,1.67,1.7742,1.9411,2.0803,2.1619,2.1828,2.1606,2.1012,2.0034,1.8681,1.6958,1.5053,1.3289,1.1141,0.7017,0.1318,0.227,0.7814,0.9841,1.0916,1.1888,1.2778,1.3513,1.4076,1.4491,1.4795,1.5018,1.5182,1.5305,1.54,1.5478,1.5546,1.5612,1.7985,1.7145,1.602,1.5263,1.6703,1.903,2.0871,2.1902,2.2318,2.2284,2.1688,2.0597,1.901,1.6642,1.357,1.1833,1.1829,1.0773,0.9003,0.9061,1.0007,1.0307,1.146,1.2528,1.3338,1.3938,1.4375,1.4689,1.4915,1.5077,1.5192,1.5276,1.5339,1.5391,1.5442,1.5497,1.7949,1.706,1.6047,1.5541,1.6407,1.895,2.1433,2.2934,2.376,2.3802,2.2765,2.1409,1.9724,1.6623,0.9715,0.6029,1.1239,1.2832,1.2375,1.1624,1.0848,1.114,1.235,1.3316,1.3958,1.4383,1.4671,1.4875,1.5018,1.5116,1.5179,1.5217,1.5244,1.5269,1.5302,1.5347,1.812,1.7175,1.5705,1.3313,1.4138,1.9006,2.2635,2.4398,2.531,2.5671,2.3805,2.2325,2.1102,1.8971,1.1736,0.6319,1.2667,1.4204,1.3965,1.3536,1.3108,1.317,1.3703,1.4219,1.4555,1.4754,1.489,1.4999,1.5075,1.5114,1.5122,1.5111,1.5096,1.5091,1.5107,1.5147,1.852,1.7657,1.6133,1.3838,1.4949,2.045,2.4712,2.666,2.6051,2.5377,2.4124,2.3171,2.2675,2.2788,2.0682,1.7251,1.6144,1.434,1.3635,1.4384,1.4699,1.4785,1.4899,1.4971,1.4937,1.4889,1.4932,1.5015,1.5061,1.5052,1.5001,1.4932,1.4869,1.4832,1.4834,1.4878,1.9131,1.8627,1.7961,1.7614,1.915,2.2708,2.636,2.8814,2.7571,2.5482,2.442,2.4152,2.3819,2.3789,2.2927,2.0558,1.7989,1.0945,1.0482,1.452,1.5655,1.5829,1.5713,1.5391,1.488,1.4572,1.472,1.4919,1.4977,1.4918,1.4792,1.4648,1.4524,1.4453,1.445,1.4514,1.9807,1.9684,1.9688,2.0152,2.1516,2.3703,2.6053,2.7741,2.717,2.558,2.4901,2.5141,2.5167,2.3807,2.2558,2.1659,2.0341,1.5445,1.3828,1.5877,1.6555,1.655,1.6261,1.5613,1.455,1.399,1.4455,1.4807,1.484,1.4693,1.4457,1.4204,1.3999,1.3894,1.3907,1.4023,2.0404,2.0518,2.0807,2.1415,2.2441,2.3777,2.5088,2.5902,2.5908,2.5832,2.6016,2.5453,2.4396,2.3875,2.2578,2.1847,2.1595,1.9765,1.8138,1.7597,1.7089,1.6842,1.6649,1.6003,1.4952,1.4375,1.4612,1.4757,1.4634,1.4336,1.3933,1.3512,1.3192,1.3062,1.3137,1.3367,2.0858,2.1082,2.1445,2.1998,2.2746,2.3603,2.4403,2.5005,2.5549,2.6825,2.9825,2.7088,2.5346,2.356,2.2624,2.1897,2.1582,2.0818,1.9825,1.8293,1.5988,1.6217,1.6882,1.6505,1.5703,1.5096,1.4813,1.4585,1.4268,1.3787,1.3132,1.2429,1.1926,1.1807,1.2053,1.2512,2.1173,2.143,2.1784,2.2248,2.2808,2.3412,2.3998,2.4564,2.5297,2.6728,2.911,2.699,2.3839,2.2632,2.2559,2.2095,2.1796,2.1713,2.1453,1.9518,1.5942,1.6378,1.7339,1.6902,1.5922,1.4989,1.4376,1.4031,1.3675,1.3028,1.197,1.0728,0.9906,0.992,1.0576,1.1463,2.1375,2.1629,2.1947,2.2331,2.2764,2.3223,2.3685,2.4164,2.4731,2.5429,2.5816,2.4898,2.3082,2.2475,2.2461,2.2263,2.2334,2.3049,2.3817,2.2334,1.9996,1.8873,1.8325,1.7172,1.5466,1.3784,1.3007,1.302,1.2924,1.2173,1.0457,0.8142,0.6762,0.7258,0.8772,1.034,2.1493,2.1729,2.2006,2.2322,2.2667,2.3025,2.3384,2.3743,2.4095,2.4373,2.4373,2.3911,2.3209,2.2692,2.2253,2.2129,2.267,2.3737,2.4709,2.5693,2.3425,2.1176,1.947,1.7405,1.4579,1.1642,1.0938,1.1822,1.2221,1.1524,0.9005,0.4969,0.2804,0.4371,0.7138,0.9461,2.1551,2.1762,2.2,2.2262,2.2538,2.2819,2.3092,2.3345,2.3555,2.367,2.3616,2.3363,2.2997,2.2634,2.2311,2.2276,2.296,2.4656,2.8992,3.1068,2.5911,2.2942,2.0841,1.8085,1.4365,1.0965,1.0292,1.0824,1.174,1.1534,0.881,0.3754,0.1128,0.3341,0.6671,0.9258,2.1565,2.1752,2.1955,2.2172,2.2394,2.2614,2.282,2.2998,2.3129,2.3184,2.3139,2.2994,2.2792,2.2602,2.2499,2.2618,2.321,2.4657,2.7191,2.803,2.5978,2.4786,2.3409,1.9977,1.5186,1.0576,0.6875,0.8391,1.1744,1.2692,1.0712,0.6756,0.4416,0.5526,0.7853,0.99,2.155,2.1713,2.1886,2.2066,2.2245,2.2418,2.2575,2.2704,2.2792,2.2827,2.28,2.2721,2.2618,2.2538,2.2541,2.271,2.3169,2.4021,2.5079,2.5699,2.6378,2.87,2.9041,2.3638,1.6788,0.9943,0.3669,0.7545,1.4332,1.5721,1.3874,1.1031,0.9086,0.8955,0.991,1.1093,2.1514,2.1655,2.1802,2.1952,2.2098,2.2235,2.2356,2.2453,2.2518,2.2546,2.2536,2.2498,2.2453,2.2433,2.2478,2.2638,2.2968,2.3492,2.4168,2.51,2.7263,3.2012,3.3524,2.655,1.9007,1.3308,1.0553,1.4568,2.1016,2.0034,1.6842,1.4172,1.243,1.1758,1.1886,1.2394,2.1463,2.1586,2.1711,2.1836,2.1955,2.2065,2.2161,2.2237,2.2288,2.2314,2.2316,2.2302,2.2288,2.2296,2.2351,2.2485,2.2725,2.3097,2.3648,2.4587,2.644,2.9217,2.961,2.5375,2.0218,1.656,1.5541,1.8279,2.1974,2.091,1.8082,1.5855,1.4395,1.3631,1.3413,1.3538]},{"header":{"la1":42.85,"la2":41.18,"lo1":11.55,"lo2":14.05,"nx":36,"ny":24,"dx":0.07143,"dy":0.07261,"parameterCategory":2,"parameterNumber":3,"parameterNumberName":"northward_wind","parameterUnit":"m.s-1"},"data":[1.0596,1.0733,1.0852,1.0949,1.1021,1.1062,1.1058,1.0991,1.0843,1.0613,1.0315,0.9971,0.9601,0.9219,0.8833,0.8455,0.8103,0.7804,0.7585,0.7459,0.7408,0.7394,0.7371,0.7313,0.7214,0.7083,0.6932,0.677,0.6602,0.6434,0.6268,0.6107,0.5952,0.5804,0.5666,0.5537,1.0895,1.107,1.1223,1.1354,1.1466,1.1556,1.1601,1.1565,1.141,1.1126,1.0742,1.0303,0.9845,0.938,0.8908,0.8436,0.7986,0.7606,0.7356,0.727,0.7317,0.7409,0.7454,0.7411,0.7295,0.7135,0.6954,0.6765,0.6574,0.6386,0.6203,0.6027,0.586,0.5702,0.5554,0.5418,1.1234,1.1455,1.1649,1.1819,1.198,1.2145,1.229,1.2336,1.2188,1.1813,1.1283,1.0701,1.0127,0.9565,0.8992,0.8391,0.7784,0.7256,0.6944,0.6947,0.7214,0.7525,0.7669,0.7607,0.7428,0.7208,0.698,0.6755,0.6537,0.6326,0.6124,0.5932,0.5751,0.5581,0.5425,0.5282,1.1622,1.1908,1.215,1.2354,1.2561,1.2835,1.3177,1.3436,1.3339,1.2782,1.1972,1.1162,1.0445,0.9787,0.9108,0.8339,0.7472,0.6638,0.6153,0.6342,0.7128,0.7925,0.8169,0.795,0.761,0.7287,0.6997,0.6732,0.6483,0.6249,0.6026,0.5817,0.5621,0.544,0.5274,0.5124,1.2076,1.2464,1.2776,1.2993,1.3199,1.3588,1.4303,1.5108,1.5208,1.4211,1.2813,1.1645,1.0781,1.0066,0.9311,0.8348,0.7066,0.5564,0.4509,0.5,0.7022,0.8917,0.9083,0.838,0.7775,0.7335,0.6985,0.6682,0.6405,0.6147,0.5904,0.5678,0.5467,0.5274,0.5098,0.4942,1.2606,1.3181,1.3633,1.3839,1.3896,1.4263,1.5521,1.7621,1.8363,1.6181,1.3633,1.2026,1.1098,1.0434,0.9702,0.8593,0.6776,0.3987,0.1086,0.1785,0.6185,0.9632,0.9596,0.8507,0.7785,0.7302,0.6923,0.6594,0.6295,0.6015,0.5753,0.5509,0.5283,0.5077,0.4892,0.473,1.3189,1.4109,1.4932,1.519,1.4771,1.4624,1.6053,1.9779,2.1707,1.7526,1.3844,1.2119,1.1369,1.0951,1.0426,0.9355,0.7209,0.3191,-0.2691,-0.2061,0.4702,0.7977,0.8535,0.8097,0.7602,0.7177,0.6804,0.6465,0.6149,0.5851,0.5569,0.5306,0.5063,0.4844,0.4651,0.4484,1.3693,1.5139,1.6862,1.7625,1.6135,1.4598,1.4947,1.7416,1.8641,1.5525,1.2922,1.1869,1.1628,1.1705,1.1677,1.0928,0.8912,0.5449,0.145,0.2243,0.6559,0.7938,0.7983,0.7736,0.7377,0.7003,0.6642,0.6299,0.5968,0.565,0.5347,0.5062,0.4801,0.4568,0.4366,0.4195,1.3846,1.5661,1.8515,2.0679,1.7389,1.4146,1.3023,1.3128,1.3001,1.21,1.1491,1.1489,1.1943,1.276,1.3779,1.3697,1.15,0.8693,0.6717,0.7184,0.9575,0.9326,0.8212,0.7615,0.719,0.6813,0.6455,0.6105,0.5758,0.5415,0.5083,0.4772,0.4488,0.4239,0.4028,0.3856,1.3451,1.4929,1.6934,1.8083,1.5522,1.292,1.1188,1.0314,0.9769,0.9648,1.0284,1.1204,1.2325,1.3866,1.6931,1.8487,1.4001,1.0682,0.8905,0.8483,0.9165,0.899,0.8093,0.7442,0.6987,0.6616,0.6266,0.5904,0.5527,0.5145,0.4773,0.4424,0.4111,0.3843,0.3623,0.3455,1.2683,1.3557,1.4175,1.3954,1.3553,1.154,0.9398,0.8368,0.8189,0.8149,0.9501,1.1128,1.2844,1.4525,1.6997,1.8773,1.4116,1.1166,0.9611,0.879,0.8449,0.8128,0.7613,0.7128,0.6761,0.6458,0.6127,0.5732,0.5292,0.4841,0.4405,0.4003,0.3651,0.336,0.3135,0.2975,1.1826,1.2374,1.2866,1.334,1.2773,1.0037,0.7373,0.6041,0.7039,0.8046,0.9328,1.1199,1.3632,1.6524,1.5883,1.4476,1.257,1.0581,0.9524,0.8789,0.8103,0.7555,0.7102,0.6782,0.6627,0.6493,0.616,0.5641,0.506,0.449,0.3957,0.3481,0.3077,0.276,0.2535,0.2397,1.0982,1.1295,1.1536,1.1515,1.055,0.8401,0.5955,0.4115,0.5222,0.7366,0.9131,1.1138,1.3096,1.7431,1.6234,1.3794,1.2179,0.9517,0.9082,0.8557,0.7638,0.6948,0.6553,0.6491,0.6818,0.7047,0.6519,0.564,0.4798,0.4051,0.3388,0.2812,0.2343,0.2,0.1787,0.1692,1.019,1.0291,1.0247,0.9892,0.9,0.7594,0.604,0.4885,0.5361,0.6819,0.8283,1.1177,1.2192,1.1274,1.3123,1.5339,1.3538,1.0356,0.9081,0.7926,0.6738,0.604,0.584,0.6154,0.7224,0.799,0.6928,0.5512,0.4382,0.3449,0.2632,0.1927,0.1374,0.1009,0.0838,0.0828,0.9491,0.9452,0.9268,0.8862,0.8187,0.7315,0.6458,0.591,0.5836,0.5735,0.5617,0.6729,0.7828,0.5559,1.1454,1.5715,1.2589,1.0562,0.8317,0.6486,0.5065,0.4627,0.484,0.5403,0.65,0.7202,0.6233,0.4844,0.366,0.2604,0.1611,0.0723,0.0053,-0.0315,-0.0385,-0.0236,0.8904,0.8791,0.8566,0.8199,0.7696,0.7109,0.6535,0.6022,0.5378,0.3892,0.0768,0.159,0.3785,0.6301,0.8729,1.0864,1.0987,0.8726,0.6283,0.4405,0.2781,0.296,0.3719,0.4285,0.4844,0.5074,0.4575,0.3675,0.2652,0.1507,0.0249,-0.0954,-0.1811,-0.2131,-0.1969,-0.1526,0.8418,0.8273,0.8045,0.7726,0.7324,0.6866,0.6373,0.5803,0.4959,0.3392,0.1059,0.1909,0.1782,0.1631,0.5076,0.6491,0.6516,0.4697,0.28,0.2453,0.222,0.2378,0.2848,0.3209,0.3421,0.3392,0.3083,0.2509,0.1598,0.025,-0.1514,-0.3342,-0.4528,-0.4648,-0.3979,-0.3021,0.8014,0.7857,0.7638,0.7354,0.7011,0.6616,0.6165,0.5621,0.4903,0.3969,0.3124,0.2699,0.1233,0.0677,0.0998,0.0678,0.1861,0.039,-0.1616,-0.0225,0.091,0.1531,0.1917,0.2229,0.239,0.2344,0.2171,0.1756,0.0778,-0.0984,-0.3654,-0.6704,-0.8444,-0.796,-0.6304,-0.4569,0.7675,0.7514,0.7305,0.7047,0.674,0.6386,0.5979,0.5502,0.4938,0.4311,0.3694,0.3031,0.2024,0.0206,-0.5882,-0.8644,-0.1964,-0.1357,-0.2771,-0.4283,-0.2114,-0.0257,0.0677,0.1287,0.1747,0.1951,0.1941,0.1563,0.0335,-0.1954,-0.5735,-1.0592,-1.3041,-1.1354,-0.8353,-0.5809,0.7384,0.7224,0.7024,0.6785,0.6505,0.6184,0.5817,0.54,0.4929,0.4409,0.3831,0.3104,0.1961,-0.038,-0.5236,-0.6852,-0.2858,-0.294,-0.8416,-1.1179,-0.4932,-0.204,-0.0815,0.0235,0.1316,0.1962,0.2043,0.1791,0.0152,-0.2488,-0.657,-1.2145,-1.488,-1.2585,-0.9085,-0.6298,0.7132,0.6974,0.6783,0.6559,0.6299,0.6004,0.5671,0.5296,0.4876,0.4401,0.3843,0.3124,0.208,0.0475,-0.1482,-0.2248,-0.1872,-0.2902,-0.6073,-0.7259,-0.4852,-0.3767,-0.3131,-0.1417,0.0698,0.2606,0.4461,0.3132,-0.0226,-0.3051,-0.5928,-0.9633,-1.1744,-1.0571,-0.8137,-0.5915,0.6911,0.6756,0.6572,0.636,0.6117,0.5843,0.5536,0.5191,0.4804,0.4362,0.384,0.3193,0.2363,0.1339,0.0316,-0.0375,-0.0894,-0.1864,-0.3267,-0.4151,-0.4889,-0.7121,-0.7706,-0.4166,-0.0404,0.2933,0.6424,0.3368,-0.2975,-0.5173,-0.5741,-0.6939,-0.7946,-0.7656,-0.6438,-0.5013,0.6715,0.6563,0.6386,0.6184,0.5955,0.5698,0.5411,0.5091,0.473,0.4321,0.3847,0.3287,0.263,0.1898,0.1171,0.0514,-0.0152,-0.0988,-0.2011,-0.3254,-0.5556,-0.9938,-1.1266,-0.6264,-0.1812,0.0843,0.1622,-0.2941,-1.0072,-0.9119,-0.6669,-0.5864,-0.5814,-0.5572,-0.4915,-0.4031,0.654,0.6391,0.6221,0.6028,0.5811,0.5568,0.5299,0.4999,0.4664,0.4287,0.386,0.3375,0.2833,0.2248,0.1648,0.104,0.0387,-0.0377,-0.1325,-0.2641,-0.4755,-0.7537,-0.8147,-0.5345,-0.248,-0.114,-0.1956,-0.6207,-1.1061,-0.9821,-0.6932,-0.538,-0.4727,-0.4303,-0.3799,-0.3183]}]