docs/data/wind_grid.json
[{"header":{"la1":42.85,"la2":41.18,"lo1":11.55,"lo2":14.05,"nx":36,"ny":24,"dx":0.07143,"dy":0.07261,"parameterCategory":2,"parameterNumber":2,"parameterNumberName":"eastward_wind","parameterUnit":"m.s-1"},"data":[4.3908,4.3914,4.3904,4.3875,4.3822,4.374,4.3619,4.3448,4.3218,4.2927,4.2584,4.2207,4.1814,4.1419,4.1028,4.0641,4.0246,3.9831,3.9385,3.8915,3.8463,3.8102,3.7901,3.7874,3.7977,3.8143,3.8319,3.8474,3.8595,3.8682,3.8738,3.877,3.8783,3.8782,3.8773,3.8759,4.4104,4.4129,4.4137,4.4128,4.4097,4.404,4.3942,4.3781,4.3535,4.3198,4.2786,4.2331,4.1864,4.1407,4.097,4.0547,4.0118,3.965,3.9106,3.847,3.7804,3.7266,3.7021,3.7096,3.737,3.7701,3.8002,3.824,3.8412,3.8527,3.8598,3.8635,3.8649,3.8646,3.8634,3.8617,4.4313,4.4361,4.4393,4.4408,4.4408,4.4392,4.4344,4.4221,4.397,4.3568,4.3049,4.2477,4.1909,4.1377,4.0892,4.0446,4.0007,3.9513,3.8868,3.7979,3.6894,3.5967,3.5659,3.5997,3.6618,3.722,3.7691,3.8025,3.8247,3.8385,3.8464,3.8501,3.8511,3.8502,3.8484,3.8462,4.4537,4.4613,4.4671,4.4712,4.4748,4.4797,4.485,4.4832,4.4606,4.4097,4.3393,4.2639,4.1929,4.1303,4.0771,4.0327,3.993,3.949,3.8815,3.7592,3.566,3.3786,3.3435,3.449,3.5782,3.6776,3.744,3.786,3.8115,3.8263,3.8338,3.8367,3.8366,3.8347,3.8319,3.8289,4.4774,4.4887,4.4976,4.5038,4.5102,4.523,4.547,4.5721,4.5608,4.4881,4.3826,4.2788,4.1888,4.1144,4.0565,4.0154,3.9885,3.967,3.9228,3.7799,3.4375,3.0216,3.012,3.2868,3.5143,3.6524,3.732,3.7775,3.8029,3.8162,3.8218,3.8228,3.8209,3.8175,3.8134,3.8095,4.5021,4.5187,4.5319,4.5394,4.5448,4.5623,4.6129,4.6978,4.7218,4.5957,4.4261,4.2848,4.1726,4.0836,4.0192,3.9841,3.98,4.0056,4.0409,3.9429,3.484,2.8058,2.8414,3.2559,3.5227,3.6637,3.7384,3.7781,3.7985,3.8075,3.8097,3.8076,3.8032,3.7977,3.792,3.7869,4.5266,4.5512,4.573,4.5822,4.5785,4.5873,4.6492,4.8011,4.8832,4.6712,4.4383,4.2706,4.1384,4.0287,3.9495,3.9192,3.9455,4.027,4.1601,4.1312,3.7849,3.3632,3.279,3.4657,3.6209,3.7114,3.7603,3.7852,3.796,3.7985,3.7958,3.7899,3.7823,3.7743,3.7668,3.7604,4.5473,4.5825,4.6219,4.6403,4.6158,4.5969,4.6248,4.7146,4.7521,4.5846,4.3933,4.2347,4.0862,3.9385,3.8156,3.779,3.8489,3.9693,4.0785,4.079,4.0285,3.9174,3.7635,3.7251,3.7459,3.7706,3.7856,3.7916,3.7913,3.7864,3.7782,3.7679,3.7567,3.7458,3.7362,3.7286,4.5586,4.5996,4.6586,4.7011,4.6446,4.6008,4.5908,4.5837,4.5421,4.4493,4.3341,4.1978,4.0302,3.8102,3.5474,3.4596,3.6559,3.868,3.997,4.0897,4.2494,4.1977,3.9918,3.8791,3.8325,3.8114,3.7987,3.7888,3.7791,3.7678,3.7545,3.7396,3.7244,3.7103,3.6984,3.6898,4.5577,4.5897,4.6282,4.6498,4.6122,4.6032,4.5997,4.5532,4.4482,4.3663,4.3054,4.1839,4.0037,3.7057,3.07,2.7387,3.4083,3.8018,3.9738,4.0804,4.1891,4.1622,4.0321,3.93,3.8613,3.8152,3.7862,3.7685,3.7548,3.7401,3.7226,3.703,3.6831,3.6653,3.6511,3.6418,4.5499,4.5682,4.5704,4.5343,4.5457,4.6218,4.6791,4.636,4.3782,4.2522,4.3075,4.1979,4.0287,3.7935,3.1824,2.7315,3.4849,3.8618,4.0087,4.0663,4.0917,4.0718,4.0039,3.9168,3.8314,3.7674,3.7352,3.7237,3.7158,3.702,3.6809,3.6555,3.6297,3.6073,3.5909,3.5817,4.5424,4.5563,4.5565,4.5354,4.5587,4.687,4.8575,4.9557,4.6557,4.3959,4.3597,4.2381,4.0696,3.9187,3.8138,3.6904,3.8337,4.0515,4.1334,4.1122,4.0868,4.0473,3.9751,3.8632,3.7305,3.6402,3.629,3.6518,3.6638,3.6542,3.6281,3.5937,3.5593,3.5311,3.5127,3.5052,4.5368,4.5529,4.5659,4.5813,4.6332,4.7689,5.0062,5.2717,5.0553,4.6424,4.435,4.3382,4.1832,3.9269,3.9167,3.8802,3.9677,4.2872,4.3142,4.1738,4.1146,4.056,3.9576,3.7824,3.5332,3.3887,3.4616,3.5654,3.6085,3.6001,3.5619,3.5119,3.4641,3.4283,3.4092,3.4069,4.5313,4.5502,4.5721,4.6042,4.664,4.7752,4.947,5.1192,4.9974,4.6683,4.486,4.4683,4.4315,3.9672,3.9434,3.6842,3.863,4.1652,4.2428,4.1898,4.1422,4.0798,3.9663,3.7336,3.3366,3.1159,3.3247,3.5113,3.5669,3.5419,3.4765,3.3986,3.3299,3.2852,3.2695,3.2793,4.5242,4.5438,4.5677,4.6004,4.6491,4.7188,4.7994,4.8398,4.76,4.6263,4.5539,4.4906,4.3606,4.3839,4.0084,3.6482,4.1367,4.1422,4.2128,4.2108,4.1578,4.106,4.0147,3.8076,3.4704,3.2753,3.4119,3.538,3.5468,3.4743,3.3581,3.2328,3.1323,3.0796,3.0776,3.1136,4.5149,4.5332,4.5548,4.5816,4.6147,4.6518,4.6817,4.683,4.6492,4.636,4.7271,4.6684,4.5455,4.3756,4.2149,4.1161,4.2106,4.2676,4.334,4.267,4.0876,4.0895,4.0793,3.9489,3.763,3.6395,3.6277,3.6159,3.5347,3.3833,3.1831,2.9777,2.8286,2.7765,2.8134,2.9021,4.5039,4.5199,4.5377,4.5577,4.5789,4.5984,4.6104,4.61,4.6054,4.6302,4.7091,4.6559,4.6522,4.6523,4.4556,4.3854,4.4115,4.5546,4.662,4.4532,4.0971,4.1181,4.1526,4.0692,3.9627,3.8851,3.8164,3.7011,3.5171,3.257,2.9221,2.5744,2.3486,2.3282,2.4599,2.6463,4.492,4.5055,4.5198,4.5345,4.5486,4.5603,4.5675,4.5706,4.5753,4.5907,4.6101,4.6174,4.6841,4.713,4.7175,4.7541,4.7196,4.9752,5.3024,4.8578,4.4929,4.3408,4.2611,4.1637,4.0961,4.0956,4.0361,3.8077,3.4948,3.1,2.5623,1.9566,1.6102,1.7061,2.0336,2.3739,4.4799,4.4913,4.5027,4.5139,4.5242,4.5328,4.5392,4.5444,4.5513,4.5624,4.5773,4.6009,4.6511,4.7649,5.1661,5.3488,4.9548,5.0502,5.2471,5.1319,4.8213,4.5561,4.3772,4.2322,4.1844,4.3839,4.4178,3.9133,3.4414,2.9442,2.187,1.2017,0.701,1.0438,1.6494,2.1563,4.4681,4.4777,4.4872,4.4963,4.5046,4.512,4.5185,4.5251,4.5334,4.5452,4.5632,4.5944,4.657,4.8038,5.1213,5.2295,4.9853,5.026,5.3723,5.5348,5.0329,4.7109,4.495,4.2769,4.1346,4.37,4.437,3.6716,3.263,2.8418,2.0608,0.9018,0.3257,0.8044,1.5245,2.0865,4.4568,4.4651,4.4732,4.481,4.4883,4.4952,4.502,4.5095,4.519,4.5322,4.5523,4.5851,4.6423,4.74,4.8651,4.9144,4.8911,4.9631,5.1725,5.235,5.0115,4.8674,4.7156,4.3777,3.9388,3.4558,2.722,2.7898,2.9712,2.8153,2.3034,1.4851,1.0092,1.2494,1.7503,2.1962,4.4461,4.4533,4.4605,4.4674,4.4741,4.4807,4.4878,4.4958,4.5059,4.5195,4.5392,4.5684,4.6114,4.6693,4.7291,4.7676,4.7943,4.8503,4.9329,4.9751,5.0219,5.2424,5.2671,4.6779,3.8872,2.9492,1.986,2.3887,2.8259,2.8385,2.6225,2.2121,1.9038,1.92,2.1471,2.418,4.4358,4.4423,4.4487,4.455,4.4612,4.4677,4.4747,4.4827,4.4927,4.5057,4.5233,4.5469,4.5778,4.6144,4.651,4.6822,4.7126,4.7529,4.8057,4.8832,5.0891,5.5778,5.737,4.9514,4.0336,3.2373,2.7298,2.7683,2.8294,2.8496,2.8125,2.6444,2.4773,2.4346,2.516,2.6592,4.4259,4.4317,4.4375,4.4433,4.4492,4.4553,4.462,4.4697,4.479,4.4906,4.5054,4.5238,4.546,4.5708,4.5959,4.6199,4.6451,4.6762,4.721,4.8033,4.9824,5.2668,5.2962,4.7872,4.1157,3.541,3.1592,2.9594,2.8377,2.8696,2.9125,2.869,2.7971,2.7654,2.7948,2.8696]},{"header":{"la1":42.85,"la2":41.18,"lo1":11.55,"lo2":14.05,"nx":36,"ny":24,"dx":0.07143,"dy":0.07261,"parameterCategory":2,"parameterNumber":3,"parameterNumberName":"northward_wind","parameterUnit":"m.s-1"},"data":[0.3989,0.4047,0.4101,0.4149,0.4187,0.4208,0.4204,0.416,0.4066,0.3917,0.3711,0.3453,0.3146,0.2792,0.239,0.1938,0.1438,0.0893,0.0317,-0.026,-0.0783,-0.1166,-0.1338,-0.1284,-0.1051,-0.0712,-0.033,0.0056,0.0426,0.0774,0.1095,0.1392,0.1665,0.1916,0.2145,0.2355,0.4081,0.4158,0.4234,0.4307,0.4374,0.4429,0.4459,0.4443,0.4358,0.4196,0.3961,0.3665,0.3316,0.2913,0.2452,0.1926,0.1329,0.0661,-0.008,-0.0875,-0.1643,-0.2219,-0.2434,-0.2262,-0.183,-0.1291,-0.0744,-0.0233,0.023,0.0646,0.1019,0.1356,0.1661,0.1938,0.2189,0.2415,0.4175,0.4275,0.4376,0.4477,0.4581,0.4685,0.4774,0.4808,0.4743,0.456,0.4278,0.3929,0.353,0.3078,0.2558,0.1954,0.1255,0.0451,-0.0486,-0.1594,-0.281,-0.3782,-0.4053,-0.3595,-0.2779,-0.1921,-0.1153,-0.0495,0.0066,0.0551,0.0976,0.1352,0.1688,0.1989,0.226,0.2502,0.4273,0.4401,0.453,0.4659,0.4802,0.4975,0.5166,0.5304,0.5279,0.5045,0.4671,0.4244,0.3792,0.3297,0.2724,0.2043,0.124,0.0313,-0.0794,-0.2293,-0.4346,-0.6242,-0.6545,-0.5351,-0.3823,-0.2518,-0.1496,-0.0692,-0.004,0.0506,0.0976,0.1387,0.1751,0.2076,0.2364,0.2621,0.4374,0.4543,0.4706,0.4856,0.5025,0.5276,0.5643,0.6013,0.6082,0.5707,0.5138,0.4594,0.4096,0.3581,0.2976,0.2224,0.1312,0.0294,-0.0819,-0.2538,-0.5941,-0.9979,-1.0034,-0.7193,-0.466,-0.2909,-0.1686,-0.0779,-0.0065,0.0525,0.1029,0.1469,0.1858,0.2203,0.2508,0.2776,0.4479,0.4719,0.4944,0.5103,0.5238,0.5527,0.6145,0.7014,0.7321,0.6548,0.5606,0.4936,0.4435,0.3952,0.3359,0.2553,0.1506,0.0379,-0.0441,-0.1638,-0.5869,-1.2138,-1.1785,-0.7695,-0.4758,-0.2906,-0.1652,-0.0727,0.0005,0.0615,0.1141,0.1605,0.2015,0.2378,0.2697,0.2975,0.4574,0.4952,0.5344,0.5531,0.5478,0.5617,0.6373,0.7841,0.8534,0.7127,0.5873,0.5213,0.4815,0.4452,0.3951,0.3137,0.1929,0.0554,-0.0075,-0.0443,-0.3713,-0.7496,-0.8031,-0.5966,-0.3973,-0.2498,-0.1403,-0.0546,0.0163,0.0774,0.1315,0.1797,0.2227,0.2607,0.2938,0.3224,0.4595,0.52,0.6061,0.6506,0.5881,0.5481,0.5977,0.7078,0.7566,0.6632,0.5821,0.5437,0.5264,0.5143,0.4888,0.4167,0.278,0.1071,-0.0153,-0.1231,-0.3503,-0.4601,-0.4691,-0.3976,-0.2916,-0.1906,-0.1036,-0.0285,0.0384,0.0992,0.1547,0.2051,0.2502,0.2899,0.3241,0.3531,0.4405,0.5134,0.6726,0.8147,0.6155,0.5008,0.5294,0.5845,0.6072,0.5913,0.5728,0.5698,0.5823,0.6077,0.641,0.6024,0.4159,0.1906,-0.006,-0.2365,-0.5474,-0.5153,-0.3727,-0.2853,-0.2092,-0.1365,-0.0674,-0.001,0.0634,0.1253,0.1836,0.2371,0.2849,0.3266,0.3618,0.3909,0.3906,0.42,0.4986,0.556,0.3701,0.3844,0.4762,0.5394,0.5675,0.5747,0.58,0.6053,0.6511,0.7139,0.8623,0.939,0.5669,0.2479,0.0225,-0.1985,-0.4339,-0.4264,-0.2993,-0.2154,-0.1551,-0.1002,-0.0425,0.0206,0.0875,0.1545,0.2185,0.2771,0.3287,0.3726,0.4086,0.437,0.3293,0.2831,0.1425,-0.2094,-0.1484,0.2532,0.4685,0.5552,0.5819,0.5884,0.5939,0.6504,0.7461,0.8315,0.9002,0.9589,0.5306,0.1889,-0.0063,-0.1249,-0.2186,-0.2423,-0.2066,-0.1652,-0.1309,-0.0939,-0.0411,0.0289,0.108,0.1873,0.2614,0.3275,0.3841,0.4304,0.4666,0.4934,0.2911,0.2188,0.0548,-0.2077,-0.1275,0.2824,0.5364,0.6373,0.61,0.5879,0.6073,0.7018,0.8769,1.136,0.9679,0.6373,0.2979,-0.0711,-0.209,-0.1709,-0.1659,-0.1713,-0.1631,-0.1534,-0.1547,-0.1432,-0.0823,0.0173,0.1257,0.2271,0.3165,0.3928,0.4554,0.504,0.5392,0.5625,0.2852,0.2346,0.1566,0.0956,0.1818,0.4009,0.6062,0.7385,0.6726,0.5805,0.6102,0.7755,0.9073,1.2623,1.0379,0.4585,0.0985,-0.5317,-0.577,-0.2726,-0.2047,-0.1922,-0.1785,-0.1846,-0.2482,-0.2906,-0.1834,-0.0087,0.1512,0.2833,0.3917,0.4799,0.5488,0.5987,0.6306,0.6474,0.2962,0.2729,0.2518,0.2587,0.3254,0.4433,0.5717,0.6684,0.6223,0.5062,0.5355,0.8856,0.9999,0.6847,0.5113,0.2009,0.0167,-0.3105,-0.4028,-0.2987,-0.3054,-0.2996,-0.2436,-0.2238,-0.354,-0.4792,-0.277,-0.0009,0.2118,0.3718,0.4979,0.5981,0.6731,0.722,0.7465,0.7514,0.3087,0.3016,0.3019,0.3198,0.3623,0.4225,0.4806,0.5034,0.4427,0.3173,0.2493,0.3674,0.439,0.2562,0.273,0.1016,-0.6105,-0.269,-0.2557,-0.3862,-0.6053,-0.5908,-0.3727,-0.2245,-0.2657,-0.3441,-0.1511,0.1228,0.3401,0.5082,0.6464,0.7593,0.8406,0.8847,0.894,0.8783,0.3164,0.3157,0.3206,0.3342,0.3563,0.3802,0.3918,0.3679,0.2772,0.0755,-0.2844,-0.0706,0.0965,0.2145,0.1468,-0.1221,-0.4782,-0.2486,-0.244,-0.6096,-1.3975,-1.1916,-0.5399,-0.1829,-0.0406,0.0322,0.1804,0.3699,0.5411,0.6958,0.8442,0.9775,1.0696,1.1018,1.0813,1.03,0.3186,0.3191,0.3225,0.329,0.3363,0.3388,0.3263,0.2839,0.1906,0.0116,-0.2463,-0.0975,0.0012,0.0023,0.0406,-0.0476,-0.1175,-0.0876,-0.1184,-0.532,-1.5085,-1.2488,-0.4949,-0.0525,0.2203,0.417,0.5674,0.6796,0.7857,0.9187,1.0905,1.2711,1.3874,1.392,1.3128,1.2029,0.3168,0.3164,0.3167,0.317,0.315,0.3062,0.2845,0.2422,0.1723,0.0773,0.001,0.0031,-0.0171,-0.0415,-0.097,-0.1519,-0.0704,0.0575,0.153,-0.0896,-0.4718,-0.4913,-0.1726,0.1868,0.5396,0.8498,0.9953,1.0049,1.0326,1.1455,1.369,1.6546,1.8216,1.7602,1.574,1.3789,0.3127,0.3107,0.3082,0.3042,0.2969,0.2833,0.2601,0.2244,0.176,0.1216,0.0767,0.0459,0.0041,-0.092,-0.4093,-0.5456,-0.1415,0.0924,0.1918,0.2135,0.0491,-0.0125,0.1355,0.4363,0.8567,1.2946,1.402,1.2837,1.2458,1.3368,1.6214,2.0691,2.3096,2.1271,1.8001,1.5182,0.3078,0.3043,0.2997,0.2931,0.2831,0.2682,0.2465,0.2174,0.1818,0.1433,0.1058,0.0667,0.0095,-0.1096,-0.3582,-0.4294,-0.1189,0.1338,0.4231,0.5433,0.2736,0.1978,0.3096,0.589,1.0174,1.426,1.5097,1.4855,1.4268,1.4644,1.7291,2.2302,2.5003,2.2587,1.8808,1.5735,0.3029,0.2983,0.2924,0.2844,0.2735,0.2587,0.2394,0.2152,0.1871,0.1563,0.1235,0.0858,0.0349,-0.041,-0.1281,-0.1298,-0.0059,0.1566,0.3307,0.3847,0.2794,0.2367,0.3259,0.6025,1.0527,1.5449,1.9728,1.8565,1.5999,1.5333,1.6651,1.9785,2.177,2.0461,1.7791,1.5318,0.2985,0.2933,0.2866,0.2781,0.2672,0.2534,0.2364,0.2161,0.193,0.1676,0.14,0.109,0.0726,0.0327,0.0039,0.0148,0.0743,0.1581,0.2334,0.2559,0.2085,0.1144,0.1268,0.4621,1.0116,1.6939,2.3382,2.0471,1.6704,1.5708,1.5735,1.6795,1.7724,1.7318,1.5929,1.4313,0.295,0.2894,0.2826,0.2741,0.2637,0.2512,0.2363,0.2191,0.2,0.1793,0.1573,0.1339,0.1103,0.0898,0.0806,0.092,0.1257,0.1708,0.2089,0.2166,0.1585,-0.0134,-0.0721,0.3189,0.8776,1.4287,1.7835,1.7285,1.6661,1.619,1.5329,1.5132,1.5229,1.4962,1.4205,1.319,0.2925,0.2868,0.28,0.272,0.2624,0.2512,0.2384,0.224,0.2084,0.1919,0.1749,0.1583,0.1435,0.1332,0.1316,0.142,0.1643,0.1928,0.2175,0.2239,0.1893,0.1067,0.1169,0.3849,0.7848,1.1658,1.427,1.5621,1.66,1.6119,1.4921,1.4175,1.3799,1.3429,1.2886,1.2189]}]