docs/data/wind_grid.json
[{"header":{"la1":42.85,"la2":41.18,"lo1":11.55,"lo2":14.05,"nx":36,"ny":24,"dx":0.07143,"dy":0.07261,"parameterCategory":2,"parameterNumber":2,"parameterNumberName":"eastward_wind","parameterUnit":"m.s-1"},"data":[-0.4935,-0.4961,-0.4961,-0.4934,-0.4881,-0.4805,-0.4705,-0.4577,-0.4421,-0.424,-0.4046,-0.3857,-0.3689,-0.3551,-0.3445,-0.3366,-0.3304,-0.3243,-0.3173,-0.3086,-0.2994,-0.2917,-0.2879,-0.2888,-0.293,-0.2985,-0.3035,-0.3073,-0.3097,-0.3108,-0.311,-0.3104,-0.3093,-0.3079,-0.3063,-0.3046,-0.5173,-0.522,-0.5232,-0.5208,-0.5154,-0.5075,-0.4971,-0.4834,-0.4649,-0.4418,-0.4161,-0.3911,-0.3696,-0.3529,-0.3412,-0.3336,-0.3283,-0.3227,-0.3143,-0.3016,-0.2858,-0.2722,-0.2669,-0.2712,-0.281,-0.2917,-0.3004,-0.3064,-0.3098,-0.3114,-0.3115,-0.3108,-0.3095,-0.3078,-0.3059,-0.304,-0.5462,-0.5542,-0.5573,-0.5552,-0.5492,-0.5413,-0.5322,-0.5193,-0.4984,-0.4678,-0.4318,-0.3971,-0.3686,-0.3482,-0.3356,-0.3294,-0.3266,-0.323,-0.3136,-0.2938,-0.264,-0.2364,-0.2285,-0.2423,-0.2645,-0.2843,-0.2982,-0.3066,-0.311,-0.3126,-0.3126,-0.3115,-0.3097,-0.3077,-0.3055,-0.3033,-0.582,-0.5955,-0.6017,-0.5994,-0.5913,-0.5831,-0.5785,-0.5726,-0.5515,-0.5083,-0.4536,-0.4029,-0.3642,-0.3391,-0.3261,-0.323,-0.3255,-0.3274,-0.3196,-0.2899,-0.2301,-0.1661,-0.1559,-0.1974,-0.2452,-0.279,-0.2987,-0.309,-0.3136,-0.3148,-0.3141,-0.3123,-0.31,-0.3075,-0.3049,-0.3024,-0.6263,-0.65,-0.6626,-0.6594,-0.6443,-0.6321,-0.638,-0.656,-0.6439,-0.5744,-0.4823,-0.4055,-0.3532,-0.3226,-0.31,-0.3122,-0.3245,-0.3381,-0.3395,-0.3049,-0.1924,-0.0349,-0.0331,-0.146,-0.2341,-0.2818,-0.3048,-0.3147,-0.318,-0.3178,-0.3159,-0.3133,-0.3102,-0.3071,-0.3041,-0.3012,-0.6803,-0.7236,-0.752,-0.7488,-0.7147,-0.6837,-0.7027,-0.7834,-0.8094,-0.6738,-0.509,-0.3969,-0.3305,-0.2945,-0.2823,-0.2922,-0.3199,-0.3536,-0.374,-0.3582,-0.2239,0.0497,0.0328,-0.1488,-0.2542,-0.3001,-0.3182,-0.3238,-0.3238,-0.3214,-0.3179,-0.314,-0.3101,-0.3063,-0.3028,-0.2996,-0.741,-0.8207,-0.8905,-0.8988,-0.8206,-0.7311,-0.7345,-0.8936,-0.9929,-0.7412,-0.4976,-0.3641,-0.291,-0.2495,-0.2345,-0.2521,-0.3019,-0.3636,-0.3938,-0.4005,-0.3931,-0.2429,-0.1966,-0.2689,-0.3164,-0.3341,-0.3374,-0.3349,-0.3302,-0.3248,-0.3195,-0.3143,-0.3095,-0.305,-0.301,-0.2974,-0.7947,-0.9283,-1.0933,-1.1633,-0.9891,-0.7719,-0.689,-0.7652,-0.8117,-0.6018,-0.4082,-0.3016,-0.2349,-0.1827,-0.1497,-0.1682,-0.251,-0.3555,-0.424,-0.5102,-0.7178,-0.6973,-0.524,-0.4314,-0.3926,-0.3714,-0.3565,-0.3448,-0.3353,-0.3272,-0.3201,-0.3137,-0.308,-0.3029,-0.2984,-0.2945,-0.8137,-0.9836,-1.2638,-1.483,-1.1382,-0.7775,-0.599,-0.5199,-0.445,-0.3411,-0.2712,-0.2257,-0.1736,-0.0952,0.0084,0.0186,-0.1442,-0.3306,-0.4884,-0.7373,-1.1985,-1.1065,-0.7324,-0.5353,-0.4432,-0.3957,-0.3682,-0.3503,-0.3375,-0.3275,-0.3192,-0.3119,-0.3055,-0.2998,-0.2949,-0.2907,-0.7796,-0.9125,-1.1014,-1.212,-0.9499,-0.6988,-0.5092,-0.3431,-0.1497,-0.0608,-0.1307,-0.1622,-0.1293,-0.0211,0.2765,0.4358,-0.0067,-0.3261,-0.5221,-0.7375,-1.0334,-0.9875,-0.7208,-0.5454,-0.4505,-0.3984,-0.3682,-0.3492,-0.3359,-0.3255,-0.3166,-0.3087,-0.3016,-0.2955,-0.2902,-0.2859,-0.7115,-0.7795,-0.8112,-0.7366,-0.7128,-0.6108,-0.4573,-0.2789,0.1163,0.3101,-0.0296,-0.1326,-0.1155,-0.0384,0.2292,0.4387,-0.0904,-0.4508,-0.6177,-0.6792,-0.7295,-0.7037,-0.5959,-0.4926,-0.4225,-0.3808,-0.3569,-0.342,-0.3309,-0.3213,-0.3123,-0.304,-0.2963,-0.2896,-0.284,-0.2796,-0.6406,-0.6766,-0.6929,-0.6895,-0.6633,-0.5536,-0.4701,-0.4268,-0.1457,0.0791,-0.0891,-0.1426,-0.1123,-0.05,-0.0586,-0.1326,-0.4128,-0.8433,-0.9644,-0.7709,-0.6376,-0.5594,-0.4887,-0.4247,-0.3774,-0.3505,-0.3385,-0.3313,-0.3241,-0.3158,-0.3068,-0.2977,-0.2891,-0.2817,-0.2758,-0.2714,-0.5772,-0.5979,-0.6099,-0.6065,-0.5676,-0.5045,-0.4998,-0.5794,-0.4647,-0.2427,-0.181,-0.17,-0.1354,-0.034,-0.0969,-0.3145,-0.6231,-1.5667,-1.6056,-0.8928,-0.5967,-0.4707,-0.4059,-0.3636,-0.3324,-0.3183,-0.3196,-0.3211,-0.3178,-0.3103,-0.3004,-0.2896,-0.2794,-0.271,-0.2648,-0.2609,-0.5216,-0.5307,-0.5317,-0.519,-0.4897,-0.4617,-0.4707,-0.5156,-0.4494,-0.2826,-0.2006,-0.1886,-0.1825,-0.1118,-0.2443,-0.4141,-0.5917,-1.0823,-1.1756,-0.735,-0.4692,-0.3557,-0.3222,-0.3148,-0.3071,-0.301,-0.309,-0.3159,-0.3144,-0.3058,-0.293,-0.2787,-0.2658,-0.2559,-0.2498,-0.247,-0.4741,-0.4751,-0.4693,-0.4548,-0.4333,-0.4139,-0.4052,-0.3921,-0.3284,-0.229,-0.1686,-0.1671,-0.1536,-0.1043,-0.2999,-0.4678,-1.0663,-0.7494,-0.6254,-0.4173,-0.2166,-0.1675,-0.2176,-0.2692,-0.2974,-0.3037,-0.3118,-0.3192,-0.3163,-0.3032,-0.2838,-0.2629,-0.2452,-0.2338,-0.2289,-0.2288,-0.4344,-0.4306,-0.4215,-0.4068,-0.3877,-0.3669,-0.3439,-0.3091,-0.2485,-0.1615,-0.0581,-0.1666,-0.1627,-0.1654,-0.2865,-0.5648,-0.8847,-0.568,-0.3372,-0.1275,0.1512,0.0922,-0.1059,-0.2226,-0.2851,-0.3151,-0.332,-0.3377,-0.3273,-0.3031,-0.2705,-0.2373,-0.2122,-0.2001,-0.1993,-0.2051,-0.4017,-0.3951,-0.3844,-0.3694,-0.3505,-0.328,-0.3003,-0.2628,-0.2111,-0.1428,-0.0686,-0.1138,-0.0906,-0.0695,-0.174,-0.2833,-0.332,-0.1774,-0.0025,0.0459,0.219,0.1449,-0.0664,-0.2053,-0.2983,-0.3602,-0.389,-0.3833,-0.3524,-0.3054,-0.2487,-0.1934,-0.1569,-0.1482,-0.1587,-0.1759,-0.3749,-0.3666,-0.355,-0.34,-0.3214,-0.299,-0.2718,-0.2385,-0.1989,-0.1568,-0.1248,-0.1079,-0.0581,-0.0299,0.0213,0.049,-0.0002,0.2177,0.5104,0.1987,0.084,0.0183,-0.0992,-0.2279,-0.3584,-0.4737,-0.5125,-0.4667,-0.3928,-0.3091,-0.2135,-0.1193,-0.067,-0.0737,-0.1086,-0.1443,-0.3528,-0.3436,-0.3318,-0.3169,-0.2991,-0.278,-0.2533,-0.225,-0.1941,-0.163,-0.1343,-0.1032,-0.0546,0.0518,0.4037,0.5588,0.2024,0.2501,0.3859,0.2007,0.0781,-0.0198,-0.1252,-0.2608,-0.4438,-0.6544,-0.7011,-0.5675,-0.4373,-0.3134,-0.1719,-0.0221,0.0478,0.0074,-0.0626,-0.1184,-0.3346,-0.3251,-0.3132,-0.299,-0.2822,-0.2628,-0.2408,-0.2165,-0.1904,-0.1631,-0.1338,-0.0967,-0.0359,0.0943,0.3656,0.4539,0.2151,0.1572,0.1832,0.1883,0.0865,-0.0156,-0.1176,-0.2614,-0.468,-0.6994,-0.7472,-0.6117,-0.4654,-0.3194,-0.1588,0.0179,0.0959,0.0372,-0.047,-0.1092,-0.3196,-0.31,-0.2985,-0.285,-0.2694,-0.2517,-0.2321,-0.2106,-0.1874,-0.1623,-0.1335,-0.0964,-0.0418,0.0436,0.1473,0.1784,0.1249,0.1013,0.1241,0.1257,0.0668,0.0167,-0.0507,-0.2,-0.4155,-0.6245,-0.7586,-0.6714,-0.4677,-0.3122,-0.1855,-0.0568,0.0102,-0.0159,-0.072,-0.1199,-0.3072,-0.2978,-0.2867,-0.274,-0.2596,-0.2435,-0.2259,-0.2066,-0.1857,-0.1627,-0.1362,-0.1039,-0.0627,-0.0126,0.0341,0.0545,0.05,0.0476,0.0556,0.0582,0.0674,0.1295,0.1315,-0.0685,-0.3373,-0.6139,-0.8679,-0.6925,-0.3598,-0.2388,-0.1927,-0.1364,-0.0944,-0.0923,-0.115,-0.1423,-0.297,-0.2879,-0.2774,-0.2655,-0.2522,-0.2376,-0.2216,-0.2043,-0.1855,-0.1649,-0.1418,-0.1154,-0.0853,-0.0536,-0.0263,-0.0096,-0.0025,0.0026,0.011,0.0284,0.0865,0.2332,0.2817,0.037,-0.2423,-0.4622,-0.5654,-0.3715,-0.0755,-0.0986,-0.1601,-0.1654,-0.1513,-0.1456,-0.1523,-0.1655,-0.2886,-0.2799,-0.27,-0.2589,-0.2467,-0.2334,-0.219,-0.2034,-0.1866,-0.1686,-0.1489,-0.1276,-0.1051,-0.0829,-0.0639,-0.0499,-0.0404,-0.0323,-0.0212,0.0014,0.0541,0.1398,0.1492,-0.0005,-0.1865,-0.318,-0.3413,-0.2028,-0.0348,-0.0696,-0.1443,-0.1728,-0.1761,-0.175,-0.1775,-0.184]},{"header":{"la1":42.85,"la2":41.18,"lo1":11.55,"lo2":14.05,"nx":36,"ny":24,"dx":0.07143,"dy":0.07261,"parameterCategory":2,"parameterNumber":3,"parameterNumberName":"northward_wind","parameterUnit":"m.s-1"},"data":[-0.7541,-0.7502,-0.744,-0.7351,-0.7238,-0.7104,-0.6955,-0.6799,-0.6638,-0.6467,-0.6275,-0.6048,-0.5776,-0.5456,-0.5091,-0.469,-0.4272,-0.3863,-0.3488,-0.3173,-0.2937,-0.2793,-0.2748,-0.2793,-0.2904,-0.3053,-0.3214,-0.3374,-0.3523,-0.3659,-0.3781,-0.389,-0.3987,-0.4074,-0.4153,-0.4223,-0.7693,-0.766,-0.7596,-0.7497,-0.7364,-0.7202,-0.7025,-0.6849,-0.6684,-0.6523,-0.6344,-0.612,-0.5833,-0.5476,-0.5049,-0.4564,-0.4045,-0.3531,-0.3065,-0.268,-0.2397,-0.2236,-0.2217,-0.2329,-0.2527,-0.2759,-0.2989,-0.3201,-0.3389,-0.3554,-0.3697,-0.3821,-0.393,-0.4027,-0.4112,-0.4188,-0.7863,-0.784,-0.7778,-0.7666,-0.75,-0.7288,-0.7054,-0.6838,-0.6669,-0.6542,-0.6407,-0.621,-0.592,-0.5526,-0.5027,-0.4434,-0.3775,-0.3111,-0.2521,-0.2057,-0.1717,-0.1522,-0.154,-0.1769,-0.2106,-0.2455,-0.2771,-0.3042,-0.3271,-0.3463,-0.3626,-0.3764,-0.3884,-0.3987,-0.4079,-0.416,-0.8055,-0.8052,-0.7998,-0.7872,-0.7658,-0.7358,-0.7007,-0.669,-0.651,-0.6471,-0.6448,-0.6324,-0.6052,-0.5627,-0.5049,-0.4318,-0.3455,-0.2554,-0.1789,-0.1274,-0.0903,-0.062,-0.0682,-0.1123,-0.1675,-0.2174,-0.2584,-0.2913,-0.3178,-0.3394,-0.3572,-0.3721,-0.3849,-0.3958,-0.4054,-0.4139,-0.827,-0.8305,-0.8278,-0.8146,-0.7871,-0.7428,-0.6833,-0.6248,-0.6012,-0.6208,-0.6456,-0.6478,-0.6249,-0.5804,-0.5152,-0.4261,-0.3104,-0.1777,-0.068,-0.0252,-0.0077,0.0385,0.0286,-0.0513,-0.1331,-0.1972,-0.2459,-0.2831,-0.3121,-0.3352,-0.354,-0.3696,-0.3827,-0.394,-0.4039,-0.4125,-0.8504,-0.8606,-0.8644,-0.8536,-0.8203,-0.7576,-0.656,-0.5284,-0.4803,-0.5652,-0.6478,-0.6719,-0.6538,-0.6089,-0.5394,-0.4367,-0.2852,-0.0764,0.1242,0.1356,0.0521,0.0839,0.0717,-0.0287,-0.1211,-0.1906,-0.2421,-0.2808,-0.3107,-0.3341,-0.3531,-0.3688,-0.382,-0.3934,-0.4033,-0.412,-0.8737,-0.8948,-0.9128,-0.9109,-0.8736,-0.7976,-0.6597,-0.4307,-0.3238,-0.5277,-0.6775,-0.7132,-0.6942,-0.6501,-0.5839,-0.4794,-0.3063,-0.025,0.3242,0.3086,0.091,0.0417,0.014,-0.0572,-0.1345,-0.1984,-0.2476,-0.2849,-0.3136,-0.3362,-0.3545,-0.3698,-0.3827,-0.3939,-0.4038,-0.4124,-0.8917,-0.9272,-0.9734,-0.9943,-0.9449,-0.8676,-0.7601,-0.5838,-0.5032,-0.6656,-0.7712,-0.777,-0.7443,-0.7033,-0.6541,-0.5673,-0.4047,-0.1517,0.1193,0.154,0.1091,0.0734,-0.0097,-0.0891,-0.1593,-0.2166,-0.2609,-0.2946,-0.3206,-0.3412,-0.3581,-0.3724,-0.3848,-0.3956,-0.4052,-0.4137,-0.8966,-0.9384,-1.0184,-1.0869,-0.9922,-0.9295,-0.9111,-0.889,-0.9003,-0.9399,-0.9189,-0.8543,-0.7947,-0.7622,-0.7586,-0.7149,-0.5532,-0.338,-0.139,0.027,0.2499,0.2018,0.005,-0.1143,-0.1892,-0.2419,-0.2803,-0.3089,-0.3307,-0.3484,-0.3633,-0.3763,-0.3879,-0.3984,-0.4077,-0.416,-0.8846,-0.905,-0.9439,-0.9709,-0.8992,-0.9475,-1.0453,-1.1409,-1.2555,-1.2718,-1.092,-0.9235,-0.8299,-0.8076,-0.9049,-0.9673,-0.6905,-0.4548,-0.2757,-0.0861,0.1284,0.1068,-0.0522,-0.161,-0.2288,-0.274,-0.3049,-0.3266,-0.3431,-0.357,-0.3695,-0.3812,-0.3921,-0.4022,-0.4112,-0.4193,-0.8662,-0.8518,-0.7858,-0.6062,-0.6521,-0.9486,-1.182,-1.3409,-1.5653,-1.6861,-1.2302,-0.9538,-0.8396,-0.8108,-0.89,-0.9732,-0.6735,-0.473,-0.3494,-0.2353,-0.1327,-0.1132,-0.1657,-0.2276,-0.2781,-0.3134,-0.3344,-0.3468,-0.3564,-0.3659,-0.3761,-0.3867,-0.3972,-0.4071,-0.416,-0.4238,-0.8585,-0.8344,-0.7588,-0.6194,-0.6882,-1.0447,-1.371,-1.5582,-1.5473,-1.5114,-1.1687,-0.9288,-0.8356,-0.8348,-0.7765,-0.657,-0.5128,-0.4124,-0.3634,-0.3092,-0.2563,-0.2344,-0.2496,-0.2881,-0.3326,-0.3626,-0.3703,-0.3686,-0.3689,-0.3738,-0.3823,-0.3926,-0.4034,-0.4135,-0.4224,-0.4299,-0.8648,-0.8564,-0.8342,-0.8257,-0.931,-1.1888,-1.5153,-1.7879,-1.6258,-1.3071,-1.0471,-0.89,-0.8291,-0.8546,-0.7531,-0.4469,-0.3323,-0.3646,-0.3662,-0.3186,-0.2836,-0.2693,-0.2841,-0.3289,-0.3934,-0.4301,-0.4132,-0.3885,-0.3779,-0.3791,-0.3875,-0.3991,-0.4112,-0.4222,-0.4313,-0.4383,-0.8763,-0.8858,-0.9013,-0.9435,-1.0452,-1.2202,-1.4441,-1.6365,-1.5249,-1.1971,-0.9789,-0.8792,-0.8528,-0.7793,-0.4911,-0.0517,-0.0559,-0.233,-0.3037,-0.2806,-0.2478,-0.2395,-0.2721,-0.3404,-0.4422,-0.4962,-0.4446,-0.396,-0.3783,-0.38,-0.3917,-0.4072,-0.4224,-0.435,-0.4439,-0.4497,-0.8841,-0.9033,-0.932,-0.9801,-1.0569,-1.1616,-1.2716,-1.3258,-1.2373,-1.0676,-0.9554,-0.891,-0.7926,-0.6894,-0.3828,0.0799,0.5541,0.0116,-0.2052,-0.2062,-0.1205,-0.1209,-0.2101,-0.3073,-0.4052,-0.4548,-0.4163,-0.3763,-0.3657,-0.3757,-0.3963,-0.4198,-0.4404,-0.4547,-0.4625,-0.4656,-0.8847,-0.9062,-0.9351,-0.9745,-1.0252,-1.081,-1.1239,-1.1251,-1.0687,-0.9965,-0.9828,-0.9862,-0.9142,-0.7547,-0.4881,-0.0472,0.3228,-0.05,-0.2304,-0.1273,0.2033,0.1254,-0.1218,-0.2519,-0.3186,-0.3449,-0.3361,-0.3272,-0.3386,-0.3673,-0.4049,-0.4427,-0.4716,-0.4867,-0.4901,-0.487,-0.8788,-0.8986,-0.9226,-0.9512,-0.9825,-1.0106,-1.0256,-1.0178,-0.9896,-0.9664,-0.9764,-0.9815,-1.1309,-1.1753,-0.7125,-0.4206,-0.2875,-0.369,-0.4337,-0.2175,0.2444,0.1494,-0.1149,-0.2222,-0.2448,-0.2327,-0.2261,-0.2501,-0.2982,-0.3583,-0.4242,-0.4862,-0.5271,-0.5383,-0.5295,-0.5142,-0.8681,-0.8846,-0.9031,-0.9227,-0.9414,-0.9556,-0.9607,-0.9546,-0.9419,-0.9343,-0.9409,-0.9802,-1.1723,-1.1944,-0.8467,-0.6875,-0.5739,-0.654,-0.8269,-0.502,-0.2175,-0.1529,-0.207,-0.2226,-0.1682,-0.0722,-0.0486,-0.1375,-0.2492,-0.3533,-0.4605,-0.5636,-0.621,-0.615,-0.5795,-0.5444,-0.8547,-0.8677,-0.8812,-0.8943,-0.9055,-0.9126,-0.9141,-0.9099,-0.9031,-0.8991,-0.9032,-0.9238,-0.9595,-0.9331,-0.9169,-0.9371,-0.7128,-0.6802,-0.7303,-0.5484,-0.4187,-0.334,-0.2937,-0.234,-0.0862,0.1757,0.2343,-0.0183,-0.2143,-0.3553,-0.5052,-0.6674,-0.7442,-0.7005,-0.6259,-0.5687,-0.8399,-0.8498,-0.8594,-0.868,-0.8745,-0.8778,-0.8774,-0.8737,-0.8683,-0.8636,-0.8616,-0.8625,-0.8604,-0.8516,-0.8855,-0.8882,-0.7242,-0.6184,-0.5302,-0.494,-0.4703,-0.4125,-0.3572,-0.2716,-0.1008,0.2076,0.278,-0.06,-0.236,-0.3594,-0.5158,-0.7091,-0.797,-0.7315,-0.64,-0.5753,-0.8247,-0.832,-0.8387,-0.844,-0.8475,-0.8485,-0.8468,-0.8426,-0.8368,-0.8303,-0.8235,-0.8156,-0.8052,-0.7944,-0.7877,-0.7558,-0.6769,-0.5968,-0.5347,-0.5064,-0.4875,-0.4625,-0.426,-0.3488,-0.2387,-0.1782,-0.3045,-0.3085,-0.2993,-0.3527,-0.4648,-0.6147,-0.6962,-0.6684,-0.6084,-0.5599,-0.8097,-0.815,-0.8193,-0.8224,-0.8237,-0.8231,-0.8203,-0.8154,-0.8087,-0.8006,-0.7909,-0.7793,-0.7652,-0.7486,-0.7272,-0.6928,-0.6428,-0.59,-0.5474,-0.5208,-0.5109,-0.5269,-0.5238,-0.4407,-0.3536,-0.3625,-0.4812,-0.4059,-0.3089,-0.3155,-0.3896,-0.4903,-0.5597,-0.5726,-0.5545,-0.5312,-0.7953,-0.7988,-0.8014,-0.8028,-0.8026,-0.8007,-0.7969,-0.7913,-0.7838,-0.7746,-0.7635,-0.7501,-0.7341,-0.7149,-0.6908,-0.6599,-0.6228,-0.5846,-0.552,-0.5305,-0.5306,-0.5706,-0.5864,-0.4964,-0.4083,-0.3803,-0.3858,-0.3205,-0.2238,-0.2474,-0.3281,-0.4102,-0.4703,-0.4995,-0.5058,-0.5015,-0.7816,-0.7837,-0.785,-0.785,-0.7837,-0.7808,-0.7763,-0.77,-0.762,-0.7522,-0.7403,-0.7263,-0.7098,-0.6902,-0.6671,-0.64,-0.6101,-0.5799,-0.5532,-0.5344,-0.5305,-0.5453,-0.5435,-0.49,-0.4268,-0.3845,-0.3493,-0.2828,-0.2113,-0.2361,-0.3085,-0.3754,-0.4253,-0.4564,-0.4721,-0.478]}]