docs/data/wind_grid.json
[{"header":{"la1":42.85,"la2":41.18,"lo1":11.55,"lo2":14.05,"nx":36,"ny":24,"dx":0.07143,"dy":0.07261,"parameterCategory":2,"parameterNumber":2,"parameterNumberName":"eastward_wind","parameterUnit":"m.s-1"},"data":[1.0047,0.9969,0.9874,0.9763,0.9638,0.95,0.9352,0.919,0.9013,0.8819,0.8611,0.8392,0.8168,0.7941,0.7712,0.7485,0.7264,0.7059,0.688,0.6739,0.6647,0.6618,0.6659,0.6772,0.6943,0.7153,0.7386,0.7628,0.787,0.8109,0.8341,0.8565,0.8779,0.8982,0.9174,0.9353,1.0158,1.0083,0.9986,0.9868,0.9733,0.9586,0.9428,0.9257,0.9062,0.8841,0.8596,0.8339,0.8077,0.7813,0.7546,0.7275,0.7006,0.675,0.6525,0.6344,0.6221,0.6175,0.6228,0.6382,0.6613,0.6886,0.7176,0.7466,0.775,0.8023,0.8285,0.8534,0.877,0.8992,0.92,0.9393,1.0299,1.0232,1.0135,1.0009,0.986,0.9702,0.9543,0.9372,0.9164,0.8904,0.8605,0.8293,0.7984,0.7678,0.7368,0.7047,0.6716,0.6394,0.611,0.5884,0.5719,0.564,0.5705,0.5927,0.625,0.6609,0.6968,0.7313,0.7641,0.795,0.8243,0.8518,0.8777,0.9019,0.9243,0.9451,1.048,1.0431,1.034,1.0201,1.0028,0.9855,0.971,0.9574,0.9368,0.9043,0.8645,0.8248,0.788,0.7532,0.718,0.6803,0.6393,0.5975,0.5616,0.536,0.5158,0.5006,0.5079,0.5421,0.5879,0.6344,0.6779,0.718,0.7551,0.7896,0.8219,0.8522,0.8804,0.9066,0.9308,0.9529,1.071,1.07,1.0629,1.0475,1.0253,1.0043,0.9943,0.9942,0.9798,0.9326,0.8717,0.8183,0.775,0.7368,0.6985,0.6555,0.6044,0.5469,0.4984,0.4762,0.4622,0.4357,0.4428,0.4952,0.5566,0.6129,0.6629,0.7077,0.7486,0.7865,0.8218,0.8548,0.8855,0.9139,0.9398,0.9633,1.0997,1.1066,1.1057,1.0894,1.057,1.0245,1.0205,1.0593,1.0708,0.9817,0.8756,0.8039,0.7562,0.7172,0.6781,0.6325,0.5719,0.4894,0.4093,0.3999,0.423,0.4085,0.4151,0.4726,0.5391,0.5998,0.6532,0.7011,0.7449,0.7857,0.8241,0.86,0.8934,0.924,0.9517,0.9766,1.1332,1.1544,1.1698,1.1588,1.1071,1.0429,1.0276,1.1204,1.1864,1.0106,0.8494,0.7715,0.7287,0.6926,0.6548,0.6122,0.5528,0.4542,0.3311,0.3319,0.3771,0.3977,0.4231,0.4719,0.5343,0.5942,0.6481,0.6973,0.7433,0.7872,0.8289,0.8682,0.9045,0.9376,0.9673,0.9934,1.1666,1.208,1.2566,1.2712,1.1882,1.0606,0.9825,1.0142,1.0403,0.8759,0.7533,0.7143,0.6932,0.6612,0.6211,0.5857,0.5478,0.4774,0.3842,0.3375,0.2511,0.2633,0.3709,0.4607,0.5322,0.5918,0.6443,0.6938,0.7423,0.7899,0.836,0.8795,0.9195,0.9554,0.9871,1.0145,1.1916,1.2476,1.3266,1.3825,1.2682,1.0735,0.9,0.7704,0.6508,0.558,0.58,0.6418,0.6596,0.6236,0.5585,0.5237,0.5318,0.5117,0.441,0.2859,-0.0218,0.0425,0.3035,0.4497,0.531,0.5869,0.6358,0.6859,0.7388,0.7928,0.8455,0.8947,0.9393,0.9786,1.0123,1.0408,1.203,1.2599,1.3267,1.36,1.2894,1.0771,0.8156,0.5164,0.1239,-0.0054,0.3298,0.5849,0.6483,0.592,0.4484,0.377,0.493,0.5329,0.4932,0.3528,0.1194,0.1516,0.3493,0.4698,0.5298,0.5685,0.6109,0.6654,0.7289,0.7947,0.8578,0.9152,0.9656,1.0086,1.0444,1.0734,1.2023,1.2611,1.355,1.5123,1.4533,1.0962,0.7655,0.384,-0.5328,-1.0066,0.1208,0.6146,0.6816,0.5874,0.4407,0.3649,0.4954,0.5547,0.5555,0.5028,0.4231,0.4136,0.4671,0.5018,0.504,0.5076,0.5464,0.6201,0.7087,0.7961,0.8751,0.9435,1.0009,1.0478,1.0851,1.1138,1.1897,1.2425,1.3372,1.4824,1.4088,1.0444,0.7581,0.5794,0.0564,-0.3314,0.4228,0.8135,0.7728,0.5832,0.3757,0.4549,0.513,0.5724,0.5996,0.6009,0.5857,0.5712,0.5526,0.4959,0.3978,0.341,0.4025,0.5378,0.6795,0.802,0.9026,0.9841,1.049,1.0993,1.137,1.1639,1.1674,1.1983,1.2387,1.2595,1.1664,0.9554,0.7653,0.6946,0.655,0.6427,0.9311,1.2158,1.0878,0.3343,0.0734,0.3623,0.4309,0.5905,0.6166,0.6508,0.6732,0.6624,0.6001,0.4349,0.1436,-0.0292,0.1477,0.4306,0.6585,0.8249,0.949,1.0434,1.115,1.1673,1.2032,1.2258,1.1447,1.155,1.158,1.135,1.0621,0.9462,0.8278,0.7497,0.7992,1.0134,1.2864,1.6272,1.7142,1.6301,0.6295,-0.102,0.1533,0.5249,0.6296,0.7046,0.7498,0.7423,0.655,0.3993,-0.132,-0.4641,-0.0729,0.3853,0.6865,0.8844,1.025,1.1295,1.2056,1.2572,1.2876,1.3019,1.1298,1.1299,1.1215,1.0977,1.0547,1.0003,0.9548,0.9562,1.08,1.3507,1.6156,1.7164,1.7562,2.2115,0.8063,-0.2153,0.3674,0.5337,0.7034,0.7988,0.8415,0.8336,0.7545,0.5287,0.0875,-0.1879,0.1202,0.5208,0.8007,0.9943,1.1391,1.2501,1.329,1.3758,1.3948,1.3942,1.1246,1.1228,1.1161,1.1035,1.0873,1.0766,1.0894,1.1587,1.3363,1.6793,2.172,2.1243,1.9265,1.676,1.1147,0.614,0.5595,0.7163,0.8611,0.9134,0.9017,0.9007,0.8698,0.7546,0.5692,0.4681,0.5852,0.7936,0.9847,1.1483,1.2925,1.4133,1.4962,1.5323,1.5293,1.5037,1.1273,1.1277,1.1268,1.1262,1.1299,1.1466,1.1908,1.285,1.4602,1.7532,2.1167,2.0364,2.0442,2.0305,1.4665,1.1241,0.9898,1.0425,1.115,1.0473,0.9238,0.9387,0.9716,0.95,0.9094,0.9046,0.9611,1.0592,1.1814,1.3226,1.4793,1.6286,1.7235,1.7373,1.6928,1.627,1.135,1.1388,1.1438,1.1524,1.1686,1.1989,1.2529,1.342,1.4757,1.6469,1.7943,1.8597,2.0424,2.0728,1.8004,1.6692,1.3992,1.3407,1.4452,1.2405,1.1035,1.0766,1.0985,1.1139,1.1228,1.1381,1.1712,1.2411,1.347,1.4912,1.6867,1.9029,2.0252,1.9909,1.874,1.7515,1.145,1.1519,1.1616,1.176,1.1984,1.233,1.285,1.3585,1.4532,1.558,1.6509,1.7274,1.8141,1.9096,2.3345,2.5469,1.7403,1.4242,1.395,1.2787,1.2344,1.2308,1.252,1.2681,1.2564,1.1886,1.1792,1.3338,1.4805,1.6367,1.8761,2.1916,2.3534,2.2371,2.0292,1.851,1.1555,1.1648,1.1774,1.1948,1.2192,1.2532,1.2989,1.3572,1.4259,1.4983,1.567,1.6325,1.7109,1.8643,2.2428,2.3476,1.7829,1.4388,1.2627,1.2107,1.308,1.3915,1.4437,1.4431,1.3909,1.234,1.1984,1.4907,1.634,1.7566,1.9724,2.3055,2.4778,2.326,2.0891,1.8961,1.1653,1.1762,1.1903,1.2087,1.2328,1.2639,1.3028,1.3492,1.4011,1.4552,1.5088,1.5637,1.63,1.7286,1.8487,1.837,1.6388,1.4491,1.3307,1.3173,1.4623,1.6683,1.7611,1.6914,1.6151,1.656,1.8915,1.8776,1.835,1.8735,1.976,2.1649,2.2826,2.2013,2.0357,1.8811,1.174,1.1857,1.2002,1.2184,1.241,1.2687,1.3015,1.339,1.3797,1.4218,1.4642,1.5075,1.5544,1.6048,1.6403,1.6217,1.547,1.4709,1.4421,1.5102,1.7633,2.2005,2.3394,2.0275,1.8259,1.9126,2.1629,2.0706,2.0396,2.0344,2.0009,2.0257,2.06,2.0255,1.935,1.8313,1.1814,1.1933,1.2077,1.225,1.2457,1.27,1.2977,1.3285,1.3612,1.3947,1.4282,1.4613,1.4934,1.521,1.5357,1.5284,1.5053,1.4918,1.5239,1.6578,1.9998,2.5905,2.7575,2.255,1.9394,1.9217,2.0175,2.1153,2.3163,2.2447,2.0709,1.98,1.9435,1.9053,1.8465,1.7759,1.1875,1.1992,1.213,1.2292,1.2479,1.2692,1.2929,1.3185,1.3453,1.3725,1.3993,1.425,1.4484,1.4673,1.4789,1.4828,1.4858,1.5042,1.5636,1.7034,1.9724,2.3249,2.4174,2.158,1.9449,1.9037,1.975,2.1464,2.3511,2.2756,2.0851,1.9567,1.8847,1.8335,1.7825,1.7278]},{"header":{"la1":42.85,"la2":41.18,"lo1":11.55,"lo2":14.05,"nx":36,"ny":24,"dx":0.07143,"dy":0.07261,"parameterCategory":2,"parameterNumber":3,"parameterNumberName":"northward_wind","parameterUnit":"m.s-1"},"data":[-0.816,-0.8015,-0.7863,-0.7709,-0.7561,-0.7437,-0.7365,-0.738,-0.7508,-0.7749,-0.8078,-0.8455,-0.8842,-0.9219,-0.9576,-0.9913,-1.0235,-1.0545,-1.0846,-1.1133,-1.1391,-1.1601,-1.1743,-1.1817,-1.184,-1.1831,-1.1807,-1.1777,-1.1746,-1.1714,-1.1683,-1.1651,-1.1619,-1.1588,-1.1556,-1.1524,-0.7986,-0.7804,-0.7606,-0.739,-0.7159,-0.6934,-0.6762,-0.6709,-0.6837,-0.7153,-0.7604,-0.811,-0.8607,-0.9065,-0.9481,-0.9866,-1.023,-1.0586,-1.0941,-1.1297,-1.1632,-1.19,-1.2057,-1.2103,-1.2076,-1.202,-1.1959,-1.1902,-1.1852,-1.1806,-1.1763,-1.1721,-1.1681,-1.1641,-1.1602,-1.1565,-0.7811,-0.759,-0.7341,-0.705,-0.6705,-0.6316,-0.5948,-0.5742,-0.5848,-0.63,-0.6974,-0.7692,-0.8343,-0.8898,-0.9375,-0.9804,-1.021,-1.061,-1.1026,-1.148,-1.1955,-1.2341,-1.2514,-1.2482,-1.2358,-1.2226,-1.2116,-1.2028,-1.1957,-1.1897,-1.1842,-1.179,-1.1741,-1.1693,-1.1647,-1.1602,-0.7636,-0.7376,-0.7078,-0.6712,-0.6225,-0.5578,-0.4829,-0.4256,-0.4274,-0.5014,-0.6131,-0.7208,-0.8069,-0.8726,-0.9251,-0.9715,-1.0156,-1.059,-1.1052,-1.1633,-1.2376,-1.3037,-1.3208,-1.2972,-1.2665,-1.2428,-1.2264,-1.2148,-1.2059,-1.1986,-1.192,-1.1858,-1.1799,-1.1743,-1.1688,-1.1637,-0.7462,-0.716,-0.6824,-0.6409,-0.5793,-0.4791,-0.332,-0.1832,-0.1545,-0.2999,-0.5062,-0.6727,-0.7835,-0.8559,-0.9093,-0.9572,-1.0048,-1.0498,-1.0932,-1.1592,-1.2805,-1.4106,-1.4173,-1.348,-1.2923,-1.2589,-1.2388,-1.2255,-1.2155,-1.2072,-1.1996,-1.1924,-1.1855,-1.1789,-1.1726,-1.1667,-0.7283,-0.6924,-0.6556,-0.6157,-0.5528,-0.4209,-0.1615,0.202,0.3291,-0.0086,-0.402,-0.6445,-0.7719,-0.8394,-0.8847,-0.9311,-0.9852,-1.0333,-1.057,-1.1065,-1.2713,-1.4731,-1.4656,-1.3641,-1.3008,-1.2672,-1.2478,-1.2348,-1.2247,-1.2157,-1.2071,-1.1988,-1.1908,-1.183,-1.1758,-1.169,-0.7103,-0.6636,-0.6181,-0.5856,-0.5494,-0.4294,-0.0972,0.5427,0.856,0.1914,-0.3935,-0.6674,-0.7789,-0.8181,-0.8377,-0.8769,-0.947,-1.0153,-1.0203,-1.0395,-1.2008,-1.3408,-1.3678,-1.3264,-1.2909,-1.269,-1.2548,-1.2439,-1.2341,-1.2244,-1.2147,-1.205,-1.1955,-1.1865,-1.1782,-1.1705,-0.6962,-0.6312,-0.5557,-0.5175,-0.5468,-0.5174,-0.3003,0.1546,0.36,-0.145,-0.5724,-0.7543,-0.8027,-0.7788,-0.7342,-0.7515,-0.862,-0.9877,-1.048,-1.1024,-1.2154,-1.2682,-1.2884,-1.2884,-1.28,-1.2715,-1.2635,-1.2548,-1.2449,-1.234,-1.2224,-1.2108,-1.1996,-1.1891,-1.1795,-1.1708,-0.6964,-0.6175,-0.4967,-0.407,-0.5332,-0.6313,-0.614,-0.5426,-0.5754,-0.7424,-0.8508,-0.8747,-0.8373,-0.7102,-0.4912,-0.4319,-0.6822,-0.9364,-1.0824,-1.188,-1.2885,-1.2866,-1.2756,-1.279,-1.2821,-1.2821,-1.2782,-1.2701,-1.2585,-1.2449,-1.2304,-1.2161,-1.2026,-1.1902,-1.1793,-1.1697,-0.7191,-0.6554,-0.5695,-0.5203,-0.6315,-0.7481,-0.8498,-0.9774,-1.1881,-1.2761,-1.1155,-0.9865,-0.8957,-0.6753,-0.002,0.3723,-0.4393,-0.9191,-1.1206,-1.2187,-1.2763,-1.2831,-1.282,-1.2906,-1.3007,-1.3062,-1.3035,-1.2926,-1.2762,-1.2574,-1.2383,-1.2202,-1.2038,-1.1894,-1.177,-1.1665,-0.7571,-0.7203,-0.6953,-0.7069,-0.7274,-0.8404,-0.9952,-1.1849,-1.6259,-1.8565,-1.2895,-1.0412,-0.9952,-0.8994,-0.2093,0.352,-0.5956,-1.065,-1.2329,-1.2768,-1.2876,-1.2939,-1.3036,-1.3202,-1.3397,-1.351,-1.3455,-1.3253,-1.2984,-1.2708,-1.245,-1.2221,-1.2023,-1.1855,-1.1718,-1.1607,-0.7978,-0.7758,-0.7565,-0.7361,-0.7668,-0.919,-1.0819,-1.1937,-1.4024,-1.5509,-1.1667,-0.9656,-1.0664,-1.3112,-1.2278,-0.976,-1.1421,-1.3977,-1.4722,-1.4003,-1.3512,-1.3358,-1.3422,-1.3684,-1.4078,-1.4309,-1.413,-1.3697,-1.3235,-1.2828,-1.2484,-1.2198,-1.1963,-1.1774,-1.1626,-1.1514,-0.8365,-0.8251,-0.8177,-0.823,-0.8758,-0.9931,-1.1239,-1.2013,-1.1879,-1.1256,-0.9072,-0.6318,-0.7983,-1.5134,-1.5792,-1.4377,-1.5081,-1.7653,-1.7693,-1.5159,-1.4147,-1.3818,-1.3846,-1.4272,-1.5135,-1.5657,-1.5095,-1.4192,-1.3449,-1.2888,-1.2453,-1.211,-1.1839,-1.1633,-1.1482,-1.1376,-0.8713,-0.869,-0.8742,-0.8947,-0.9423,-1.017,-1.0996,-1.1592,-1.1243,-0.9782,-0.7445,-0.177,-0.0397,-0.674,-1.3363,-1.8687,-1.7775,-1.6992,-1.6711,-1.5266,-1.4505,-1.4202,-1.418,-1.4687,-1.6081,-1.7014,-1.5858,-1.446,-1.3496,-1.2824,-1.2318,-1.1924,-1.1624,-1.1409,-1.1268,-1.1184,-0.9004,-0.9033,-0.9131,-0.9333,-0.9658,-1.0068,-1.044,-1.055,-1.0033,-0.8832,-0.7416,-0.5911,-0.575,-0.4478,-1.3024,-1.9814,-1.9185,-1.6841,-1.5665,-1.5061,-1.4838,-1.4635,-1.4406,-1.4627,-1.5592,-1.6271,-1.5385,-1.4186,-1.328,-1.2597,-1.2048,-1.1607,-1.1281,-1.1071,-1.0963,-1.0926,-0.9233,-0.928,-0.9374,-0.9521,-0.971,-0.9893,-0.9979,-0.9825,-0.9264,-0.825,-0.7155,-0.6347,-0.7008,-0.831,-1.1953,-1.5959,-1.7701,-1.6155,-1.5289,-1.5129,-1.5602,-1.5321,-1.4583,-1.4336,-1.4525,-1.4651,-1.4248,-1.3563,-1.287,-1.2223,-1.1627,-1.1118,-1.0759,-1.0579,-1.0546,-1.0595,-0.9411,-0.9456,-0.9529,-0.9622,-0.9717,-0.9774,-0.9733,-0.9514,-0.904,-0.8273,-0.7421,-0.7433,-0.8464,-0.9305,-1.107,-1.3225,-1.4592,-1.5083,-1.5319,-1.5252,-1.5736,-1.5409,-1.4524,-1.4047,-1.3878,-1.3767,-1.3504,-1.304,-1.244,-1.1764,-1.1052,-1.0401,-0.9983,-0.9884,-1.0004,-1.0201,-0.9551,-0.9589,-0.9639,-0.9693,-0.9735,-0.9736,-0.9661,-0.9476,-0.916,-0.8753,-0.8454,-0.859,-0.9089,-0.9424,-1.0174,-1.1128,-1.3049,-1.5306,-1.6796,-1.5582,-1.5075,-1.4715,-1.4165,-1.3737,-1.3563,-1.3588,-1.3437,-1.2854,-1.2096,-1.1277,-1.0343,-0.9403,-0.888,-0.8974,-0.9375,-0.9786,-0.9666,-0.9696,-0.9731,-0.9763,-0.9779,-0.9764,-0.97,-0.9576,-0.9402,-0.9224,-0.9143,-0.9249,-0.947,-0.9565,-0.85,-0.7941,-1.1724,-1.4843,-1.6281,-1.582,-1.5015,-1.4316,-1.377,-1.3404,-1.3429,-1.4133,-1.4266,-1.2916,-1.1753,-1.0791,-0.9637,-0.8289,-0.7627,-0.8059,-0.882,-0.9447,-0.9766,-0.979,-0.9816,-0.9837,-0.9847,-0.9835,-0.9796,-0.9731,-0.9653,-0.9595,-0.9602,-0.9695,-0.9814,-0.9717,-0.8824,-0.8696,-1.146,-1.4053,-1.6155,-1.6811,-1.5104,-1.3991,-1.335,-1.2983,-1.3023,-1.4052,-1.4309,-1.2181,-1.1082,-1.03,-0.9255,-0.7839,-0.7142,-0.7725,-0.8608,-0.9299,-0.9855,-0.9877,-0.9899,-0.9918,-0.9929,-0.9929,-0.9917,-0.9896,-0.988,-0.9887,-0.9937,-1.0034,-1.0144,-1.0181,-1.0148,-1.059,-1.1933,-1.358,-1.5095,-1.5474,-1.4383,-1.337,-1.2806,-1.2457,-1.2083,-1.1433,-0.9856,-0.9861,-1.0004,-0.9719,-0.9211,-0.8401,-0.7911,-0.821,-0.8818,-0.9367,-0.9938,-0.9959,-0.9981,-1.0002,-1.0019,-1.0032,-1.0041,-1.0053,-1.0075,-1.0119,-1.0196,-1.0309,-1.0447,-1.0606,-1.0845,-1.1323,-1.2117,-1.3037,-1.376,-1.3872,-1.3283,-1.2513,-1.2206,-1.2038,-1.1391,-0.9958,-0.817,-0.8722,-0.8878,-0.8858,-0.902,-0.8928,-0.8778,-0.8888,-0.9205,-0.9561,-1.0015,-1.0037,-1.0061,-1.0086,-1.011,-1.0134,-1.0161,-1.0194,-1.024,-1.0307,-1.0401,-1.0527,-1.0686,-1.0891,-1.1171,-1.157,-1.2083,-1.2609,-1.2971,-1.2991,-1.2613,-1.2076,-1.1956,-1.1866,-1.122,-1.0142,-0.9172,-0.8515,-0.7366,-0.7732,-0.8618,-0.9062,-0.9217,-0.9347,-0.9543,-0.9774,-1.0087,-1.0111,-1.0138,-1.0166,-1.0197,-1.0231,-1.027,-1.0318,-1.0379,-1.0459,-1.0562,-1.0693,-1.0857,-1.1061,-1.1317,-1.1631,-1.198,-1.2305,-1.2516,-1.2535,-1.2354,-1.2106,-1.1974,-1.1749,-1.1194,-1.04,-0.9519,-0.8359,-0.7175,-0.7564,-0.8522,-0.9128,-0.9433,-0.9619,-0.9786,-0.9956]}]