docs/data/wind_grid.json
[{"header":{"la1":42.85,"la2":41.18,"lo1":11.55,"lo2":14.05,"nx":36,"ny":24,"dx":0.07143,"dy":0.07261,"parameterCategory":2,"parameterNumber":2,"parameterNumberName":"eastward_wind","parameterUnit":"m.s-1"},"data":[2.1263,2.1001,2.0666,2.0262,1.9809,1.9344,1.8918,1.8585,1.8383,1.8314,1.8347,1.8436,1.8535,1.8613,1.8655,1.8652,1.8604,1.8507,1.8366,1.8192,1.8011,1.7862,1.7777,1.7767,1.782,1.791,1.8015,1.8123,1.8224,1.8315,1.8396,1.8467,1.8529,1.8583,1.8632,1.8675,2.1538,2.1252,2.0855,2.0343,1.9736,1.9084,1.8474,1.8008,1.7762,1.7743,1.7887,1.81,1.8304,1.8459,1.855,1.8576,1.8537,1.843,1.8248,1.7998,1.7719,1.7487,1.7373,1.7393,1.7505,1.7658,1.7817,1.7965,1.8096,1.8209,1.8305,1.8387,1.8457,1.8517,1.8569,1.8616,2.192,2.1628,2.1173,2.0526,1.9696,1.8744,1.7812,1.7098,1.678,1.6881,1.7246,1.7676,1.8043,1.8302,1.8455,1.8519,1.8506,1.8403,1.8179,1.781,1.7345,1.6949,1.6797,1.6897,1.7126,1.7379,1.7611,1.7809,1.7973,1.8107,1.8218,1.8309,1.8386,1.845,1.8506,1.8555,2.2447,2.2192,2.1706,2.0911,1.977,1.8337,1.6811,1.5591,1.5133,1.5523,1.6351,1.7164,1.7768,1.8152,1.8372,1.8485,1.8525,1.8477,1.8251,1.7713,1.6877,1.6125,1.5947,1.6263,1.6705,1.7099,1.7416,1.7665,1.786,1.8014,1.8136,1.8235,1.8317,1.8384,1.8442,1.8492,2.3154,2.3027,2.2594,2.1679,2.0142,1.7967,1.5347,1.2988,1.2193,1.3351,1.5171,1.6618,1.7521,1.8024,1.8292,1.8454,1.8595,1.8731,1.8683,1.7974,1.6417,1.4907,1.4824,1.5602,1.6328,1.6864,1.7255,1.7545,1.7764,1.7931,1.8062,1.8165,1.8249,1.8318,1.8376,1.8427,2.4059,2.4216,2.4032,2.3129,2.1163,1.7998,1.3604,0.8719,0.6981,1.0198,1.3939,1.6212,1.7376,1.7922,1.8177,1.8364,1.8649,1.9193,1.9881,1.9203,1.6524,1.4212,1.4271,1.5295,1.6127,1.6723,1.715,1.746,1.7689,1.7861,1.7994,1.8098,1.8181,1.8249,1.8306,1.8357,2.5109,2.5784,2.624,2.5694,2.332,1.9126,1.3038,0.4894,0.1434,0.793,1.3516,1.6216,1.7397,1.7822,1.7934,1.8077,1.8478,1.9425,2.1339,2.0891,1.6849,1.4903,1.4785,1.5393,1.6101,1.6677,1.71,1.7406,1.7631,1.78,1.7929,1.803,1.811,1.8175,1.823,1.8279,2.6115,2.7493,2.9196,2.9735,2.6756,2.1572,1.555,0.8834,0.6136,1.0541,1.4565,1.669,1.7572,1.7636,1.7341,1.7319,1.7846,1.8658,1.9525,1.8103,1.3666,1.2759,1.4136,1.5285,1.611,1.6688,1.7087,1.737,1.7579,1.7739,1.7862,1.7958,1.8033,1.8093,1.8144,1.819,2.6754,2.8591,3.1503,3.3747,2.9678,2.3908,1.8959,1.502,1.3202,1.3895,1.5726,1.729,1.7856,1.7277,1.5841,1.5336,1.6665,1.7727,1.7368,1.4129,0.74,0.8493,1.294,1.5135,1.6175,1.6736,1.7082,1.7326,1.7516,1.7668,1.7786,1.7876,1.7943,1.7996,1.8042,1.8085,2.6839,2.8435,3.0518,3.1665,2.908,2.4969,2.0897,1.7206,1.348,1.243,1.5404,1.7809,1.8389,1.709,1.2685,1.0251,1.523,1.769,1.7517,1.4723,0.9996,1.0406,1.3695,1.5558,1.639,1.678,1.7022,1.7228,1.7415,1.7573,1.7693,1.7777,1.7835,1.7879,1.7917,1.7957,2.6541,2.7731,2.9052,3.0314,2.9597,2.5629,2.2096,1.8278,0.9182,0.462,1.4437,1.869,1.9387,1.8246,1.3784,1.0345,1.6326,1.9088,1.9333,1.778,1.5661,1.506,1.5773,1.6383,1.6597,1.6651,1.6779,1.7007,1.725,1.7446,1.7579,1.7657,1.7701,1.773,1.7758,1.7796,2.6075,2.7006,2.8236,2.9782,2.9028,2.5534,2.3569,2.2631,1.6188,1.1225,1.7399,2.0476,2.0533,1.9132,1.8756,1.8382,1.9853,2.2073,2.2387,2.0576,1.8842,1.7831,1.7369,1.6944,1.6358,1.5975,1.614,1.6598,1.7019,1.7298,1.7447,1.7509,1.7527,1.7532,1.7549,1.7587,2.5531,2.6154,2.6829,2.7233,2.648,2.499,2.4675,2.5912,2.4027,2.0962,2.1673,2.2593,2.2343,1.9243,1.9831,2.0723,2.172,2.6045,2.6158,2.234,2.0373,1.9208,1.8227,1.6952,1.5215,1.4225,1.4947,1.6056,1.6792,1.7166,1.7308,1.7322,1.7287,1.7258,1.7262,1.7309,2.5001,2.5355,2.5621,2.5619,2.5209,2.4718,2.4753,2.5278,2.4797,2.4117,2.4488,2.371,2.3793,2.9418,2.31,2.0172,2.1258,2.3907,2.4325,2.2245,2.0922,1.9971,1.8797,1.6888,1.3829,1.2103,1.3902,1.5776,1.6737,1.7107,1.7159,1.7062,1.6935,1.6854,1.6855,1.6932,2.4562,2.4766,2.4883,2.4861,2.4719,2.4611,2.4703,2.4954,2.5372,2.6582,2.8046,2.7968,2.8614,3.3326,2.4423,1.9998,2.3466,2.2479,2.2041,2.1504,2.1328,2.081,1.9541,1.7627,1.4952,1.3439,1.4756,1.6265,1.6986,1.7136,1.6961,1.6651,1.6372,1.6233,1.6262,1.642,2.4234,2.4375,2.4466,2.4505,2.4529,2.4621,2.4874,2.5413,2.6612,2.9371,3.4273,3.322,3.0818,2.8596,2.5306,2.3085,2.3277,2.1706,2.0509,2.093,2.2874,2.2306,2.0372,1.8772,1.7338,1.6567,1.6841,1.7339,1.7473,1.7193,1.6614,1.5935,1.5421,1.5247,1.5397,1.5734,2.3996,2.4118,2.4222,2.432,2.4448,2.4665,2.506,2.5788,2.7171,2.9797,3.3521,3.1999,2.9744,2.8692,2.5867,2.3672,2.177,1.874,1.6505,1.8936,2.2956,2.2377,2.0515,1.9468,1.8894,1.8699,1.8685,1.8517,1.8037,1.7184,1.5967,1.4649,1.3776,1.3685,1.4175,1.4871,2.3817,2.3937,2.4059,2.4197,2.4382,2.4659,2.5094,2.5784,2.6847,2.828,2.9421,2.9198,2.883,2.8419,2.625,2.4501,2.0857,1.3224,0.6169,1.445,1.9124,2.0173,1.9917,1.9702,1.9861,2.0322,2.0396,1.9712,1.8617,1.7087,1.4916,1.2457,1.1044,1.1389,1.2638,1.3926,2.3672,2.3794,2.3926,2.4084,2.4287,2.4568,2.4963,2.5507,2.6202,2.6938,2.7424,2.7452,2.7236,2.6824,2.7366,2.7771,2.1888,1.4336,1.0008,1.5255,1.7701,1.8885,1.9342,1.9732,2.0564,2.1955,2.2253,2.081,1.916,1.7039,1.3745,0.9569,0.7479,0.8839,1.1219,1.3172,2.3545,2.3665,2.3799,2.3957,2.4154,2.4405,2.4726,2.5119,2.5555,2.5953,2.6191,2.6202,2.6038,2.5944,2.6727,2.667,2.2382,1.815,1.7266,1.7796,1.7841,1.8388,1.8842,1.9509,2.0661,2.2284,2.2632,2.1137,1.9549,1.7329,1.3582,0.8421,0.5952,0.7917,1.08,1.2984,2.3425,2.3539,2.3667,2.3813,2.3987,2.4196,2.444,2.471,2.4978,2.5194,2.5299,2.5262,2.5109,2.4938,2.4784,2.3943,2.1793,1.9463,1.8203,1.7967,1.7926,1.7765,1.7906,1.8802,2.0105,2.1234,2.1657,2.1159,1.9867,1.8064,1.5107,1.1107,0.8892,0.9821,1.1797,1.3506,2.3307,2.3412,2.3526,2.3655,2.38,2.3963,2.414,2.4319,2.4476,2.4582,2.4602,2.4517,2.4327,2.4034,2.3568,2.2719,2.1411,2.0007,1.8964,1.8315,1.7511,1.6119,1.5769,1.7499,1.9408,2.0876,2.1904,2.1266,2.0006,1.8939,1.7097,1.4613,1.2889,1.2734,1.3511,1.4476,2.3188,2.3281,2.338,2.3488,2.3603,2.3725,2.3847,2.3957,2.404,2.4073,2.4036,2.3912,2.3688,2.3347,2.2845,2.2127,2.1208,2.0227,1.9326,1.8418,1.7016,1.4715,1.405,1.6507,1.8766,2.0156,2.0778,2.0396,1.9966,1.9631,1.8433,1.6818,1.5536,1.5008,1.5108,1.5513,2.3068,2.3148,2.3231,2.3317,2.3405,2.3491,2.3569,2.363,2.3661,2.3646,2.357,2.342,2.3182,2.2842,2.2379,2.1784,2.1076,2.031,1.9515,1.8609,1.7376,1.5909,1.559,1.6997,1.8547,1.9543,1.9968,1.9956,1.9953,1.9742,1.8928,1.7873,1.6973,1.6446,1.6294,1.6398]},{"header":{"la1":42.85,"la2":41.18,"lo1":11.55,"lo2":14.05,"nx":36,"ny":24,"dx":0.07143,"dy":0.07261,"parameterCategory":2,"parameterNumber":3,"parameterNumberName":"northward_wind","parameterUnit":"m.s-1"},"data":[0.9604,0.9383,0.9117,0.8807,0.8465,0.8114,0.7791,0.7535,0.7366,0.7278,0.723,0.7164,0.7029,0.6789,0.6427,0.5951,0.5392,0.4801,0.424,0.3772,0.3455,0.335,0.3505,0.3915,0.4513,0.5206,0.5913,0.6584,0.7195,0.7736,0.8211,0.8623,0.898,0.9288,0.9556,0.9788,0.9697,0.9454,0.9143,0.8757,0.8305,0.7821,0.7367,0.7022,0.6842,0.6822,0.6886,0.6928,0.6856,0.6616,0.6184,0.5567,0.4808,0.3986,0.32,0.2535,0.2054,0.1859,0.2069,0.2693,0.3588,0.4569,0.5511,0.6355,0.7088,0.7713,0.8244,0.8693,0.9073,0.9396,0.9671,0.9907,0.9844,0.959,0.9234,0.8754,0.8144,0.7439,0.6739,0.621,0.6002,0.6125,0.6417,0.6665,0.6718,0.6501,0.5987,0.5177,0.412,0.2947,0.1846,0.0931,0.0199,-0.0215,0.006,0.1091,0.25,0.3914,0.516,0.6203,0.7062,0.7766,0.8344,0.8821,0.9216,0.9546,0.9823,1.0056,1.0065,0.9824,0.9442,0.886,0.8032,0.6965,0.5791,0.4844,0.4549,0.4991,0.5759,0.6389,0.6653,0.6493,0.5888,0.4818,0.3306,0.1548,-0.0024,-0.1132,-0.2164,-0.3165,-0.2839,-0.0942,0.136,0.3366,0.4955,0.6192,0.7159,0.7921,0.8529,0.9018,0.9416,0.9743,1.0013,1.0238,1.0377,1.0199,0.9845,0.9189,0.81,0.6485,0.4405,0.2442,0.1857,0.309,0.4878,0.6161,0.673,0.6659,0.5974,0.4596,0.2398,-0.0475,-0.2995,-0.3871,-0.4657,-0.71,-0.6694,-0.2992,0.0563,0.3168,0.5032,0.6397,0.742,0.8204,0.8813,0.9294,0.9679,0.999,1.0243,1.0453,1.0784,1.0756,1.0545,0.9917,0.8594,0.6307,0.2758,-0.1578,-0.3117,0.0209,0.3998,0.6161,0.7042,0.707,0.6361,0.4736,0.1715,-0.3221,-0.8565,-0.8437,-0.5932,-0.9173,-0.8565,-0.3321,0.0835,0.3608,0.5513,0.6875,0.7878,0.8631,0.9206,0.9653,1.0005,1.0286,1.0514,1.0699,1.1252,1.1495,1.165,1.1272,0.9816,0.7016,0.223,-0.5221,-0.8627,-0.1814,0.4029,0.668,0.7663,0.7761,0.7146,0.5553,0.2181,-0.4581,-1.4803,-1.3892,-0.4756,-0.4004,-0.3623,-0.0501,0.2502,0.4766,0.6425,0.7642,0.8539,0.9206,0.9708,1.0093,1.0392,1.063,1.082,1.0975,1.1676,1.2284,1.3148,1.3433,1.1767,0.8769,0.4656,-0.1055,-0.3481,0.1565,0.5869,0.7812,0.8546,0.8675,0.8317,0.715,0.4439,-0.0754,-0.7401,-0.5891,0.1768,0.3371,0.267,0.3352,0.4863,0.6405,0.7688,0.8669,0.9392,0.992,1.031,1.0604,1.0833,1.1014,1.1159,1.1276,1.1881,1.2698,1.4308,1.5697,1.3296,1.0417,0.8116,0.6176,0.5811,0.7222,0.8499,0.9164,0.9472,0.9643,0.9771,0.9287,0.7363,0.4465,0.2216,0.3904,0.905,0.8503,0.6402,0.6282,0.7152,0.8247,0.9205,0.9919,1.0413,1.0752,1.0992,1.1172,1.1313,1.1428,1.1521,1.1597,1.1773,1.2299,1.323,1.3822,1.2133,1.099,1.0368,1.0222,1.0773,1.1118,1.0595,1.025,1.0182,1.038,1.1331,1.1854,0.9496,0.7386,0.6248,0.6726,0.8521,0.8549,0.7977,0.8355,0.9285,1.0261,1.098,1.1389,1.1584,1.1675,1.1728,1.1772,1.1816,1.1859,1.1898,1.1931,1.151,1.1541,1.1141,0.9663,0.9813,1.1041,1.1716,1.222,1.3093,1.3607,1.1796,1.0851,1.0558,1.0597,1.1347,1.2015,0.9798,0.8252,0.7588,0.7678,0.8185,0.8641,0.923,1.0288,1.163,1.2717,1.3174,1.3123,1.288,1.2643,1.2474,1.2373,1.2319,1.2293,1.2281,1.2272,1.133,1.1162,1.06,0.9597,0.9892,1.1531,1.292,1.3741,1.3453,1.3131,1.1875,1.0981,1.0668,1.0685,1.0458,0.9858,0.8795,0.7498,0.7209,0.7997,0.8761,0.9539,1.0678,1.2484,1.4729,1.6204,1.6086,1.5141,1.4221,1.3575,1.3172,1.2935,1.2799,1.2717,1.2661,1.2614,1.1307,1.1185,1.0945,1.0755,1.1169,1.2298,1.3729,1.4961,1.4203,1.2761,1.1635,1.0695,1.0483,1.0756,1.0242,0.8383,0.762,0.5305,0.5305,0.7992,0.9303,1.0352,1.1954,1.4838,1.9066,2.1502,1.9819,1.7195,1.5387,1.4336,1.3749,1.3423,1.3239,1.3123,1.3036,1.2958,1.1384,1.1355,1.1338,1.1445,1.1846,1.2584,1.3531,1.434,1.3898,1.2608,1.1638,1.0206,0.9782,1.0284,0.8754,0.4092,0.6313,0.7185,0.7171,0.8864,0.9758,1.067,1.2533,1.6313,2.2856,2.662,2.2637,1.8383,1.6001,1.4775,1.4144,1.3817,1.3636,1.3515,1.341,1.3304,1.1492,1.1526,1.1601,1.1767,1.2074,1.2512,1.2978,1.3227,1.2948,1.239,1.2091,1.2065,1.2429,1.5356,0.8959,0.3497,1.2526,1.0417,1.0234,1.0071,0.9263,0.9733,1.1983,1.5597,2.0874,2.3903,2.1123,1.7776,1.5829,1.4839,1.4359,1.4133,1.4015,1.3916,1.38,1.3662,1.1598,1.1662,1.176,1.1914,1.2129,1.2379,1.2593,1.2662,1.2528,1.226,1.1824,1.4232,1.3822,1.311,1.1156,1.0549,1.3029,1.2832,1.3108,1.0753,0.5243,0.6495,1.0798,1.395,1.6634,1.8029,1.7344,1.6027,1.5114,1.4649,1.4471,1.4441,1.4434,1.4369,1.4227,1.4038,1.1691,1.1765,1.1863,1.1991,1.2144,1.2301,1.2425,1.2478,1.2451,1.2335,1.2053,1.3259,1.4922,1.5344,1.3125,1.2795,1.4186,1.7421,1.9606,1.4376,0.4952,0.6468,1.0995,1.3198,1.4258,1.4549,1.4398,1.4274,1.4294,1.4411,1.4613,1.4849,1.4989,1.4932,1.4715,1.4433,1.1772,1.1847,1.1939,1.2047,1.2167,1.2285,1.2387,1.2464,1.2523,1.2599,1.2821,1.3558,1.5211,1.5572,1.4185,1.4479,1.711,2.5576,3.4168,2.3017,1.4805,1.2503,1.3016,1.3383,1.3046,1.2159,1.1905,1.2724,1.3623,1.4293,1.4891,1.5468,1.5776,1.5638,1.5245,1.4818,1.1844,1.1918,1.2004,1.21,1.2204,1.231,1.2413,1.2515,1.263,1.2794,1.3077,1.3563,1.4169,1.4395,1.4311,1.4431,1.774,2.5483,3.1035,2.6284,2.0632,1.6687,1.4931,1.3842,1.2209,0.9473,0.8859,1.1483,1.3335,1.4378,1.5273,1.6226,1.6694,1.6344,1.5701,1.5121,1.191,1.1982,1.2064,1.2155,1.2253,1.2357,1.2466,1.2587,1.2731,1.292,1.3184,1.3534,1.3922,1.4265,1.448,1.4855,1.7615,2.2535,2.8197,3.0104,2.3124,1.8416,1.604,1.4443,1.2466,0.9191,0.8449,1.2136,1.3833,1.468,1.5506,1.6542,1.7056,1.6601,1.5874,1.5255,1.197,1.2043,1.2123,1.2212,1.2308,1.2413,1.2529,1.2661,1.2819,1.3015,1.3263,1.3569,1.393,1.4347,1.4849,1.5718,1.7657,2.0855,2.472,2.5573,2.16,1.826,1.6523,1.5246,1.4034,1.3614,1.5338,1.5314,1.4997,1.5161,1.5527,1.6117,1.6471,1.6221,1.5705,1.5204,1.2027,1.2099,1.2179,1.2268,1.2365,1.2472,1.2593,1.2732,1.2895,1.3092,1.3333,1.3626,1.3984,1.4427,1.5014,1.5887,1.7239,1.9018,2.0593,2.0657,1.8972,1.7391,1.6799,1.5992,1.5265,1.5815,1.76,1.6729,1.5918,1.5754,1.5633,1.5705,1.5801,1.5686,1.5392,1.5046,1.208,1.2153,1.2233,1.2322,1.242,1.2529,1.2653,1.2794,1.296,1.3156,1.3391,1.3674,1.4019,1.4447,1.4995,1.5715,1.6627,1.7606,1.8298,1.8272,1.7577,1.7047,1.7015,1.6362,1.5733,1.5864,1.6366,1.6355,1.6585,1.6363,1.5856,1.5577,1.5454,1.532,1.5117,1.4871,1.2129,1.2202,1.2283,1.2372,1.2471,1.2581,1.2706,1.2848,1.3012,1.3204,1.343,1.3699,1.402,1.4408,1.4877,1.5436,1.6059,1.665,1.7045,1.7112,1.6932,1.6806,1.6693,1.6232,1.579,1.5716,1.5901,1.6224,1.6657,1.6447,1.5904,1.5515,1.528,1.5101,1.4918,1.4718]}]