docs/data/wind_grid.json
[{"header":{"la1":42.85,"la2":41.18,"lo1":11.55,"lo2":14.05,"nx":36,"ny":24,"dx":0.07143,"dy":0.07261,"parameterCategory":2,"parameterNumber":2,"parameterNumberName":"eastward_wind","parameterUnit":"m.s-1"},"data":[-0.7255,-0.722,-0.7144,-0.7026,-0.6868,-0.6674,-0.6445,-0.6182,-0.5887,-0.5569,-0.5251,-0.4963,-0.4736,-0.459,-0.4534,-0.456,-0.4644,-0.4748,-0.4835,-0.4877,-0.4874,-0.4852,-0.4843,-0.4863,-0.4905,-0.4956,-0.5002,-0.5038,-0.5065,-0.5084,-0.5097,-0.5108,-0.5118,-0.5128,-0.5138,-0.5148,-0.7587,-0.7573,-0.7507,-0.7386,-0.7215,-0.7003,-0.6752,-0.6456,-0.6104,-0.5702,-0.5282,-0.4896,-0.4593,-0.4411,-0.4362,-0.4438,-0.4598,-0.4781,-0.4912,-0.4942,-0.4875,-0.4777,-0.473,-0.4762,-0.4841,-0.4927,-0.4995,-0.5041,-0.507,-0.5087,-0.5097,-0.5105,-0.5112,-0.512,-0.5129,-0.5139,-0.7991,-0.8014,-0.7967,-0.7843,-0.7655,-0.7425,-0.7167,-0.6857,-0.6451,-0.5933,-0.5354,-0.4812,-0.4394,-0.4155,-0.412,-0.4278,-0.4572,-0.4896,-0.5108,-0.5093,-0.4855,-0.4568,-0.4457,-0.4557,-0.4738,-0.4894,-0.4996,-0.5052,-0.5079,-0.5091,-0.5096,-0.51,-0.5104,-0.511,-0.5118,-0.5127,-0.8486,-0.8572,-0.8559,-0.843,-0.821,-0.7957,-0.7722,-0.7464,-0.7034,-0.6341,-0.5496,-0.4701,-0.4102,-0.3777,-0.3759,-0.4046,-0.4573,-0.517,-0.5554,-0.5438,-0.4771,-0.3997,-0.3816,-0.4185,-0.4606,-0.4879,-0.5018,-0.5076,-0.5094,-0.5095,-0.5092,-0.509,-0.509,-0.5095,-0.5102,-0.5112,-0.909,-0.9288,-0.9346,-0.921,-0.8911,-0.8593,-0.8433,-0.8403,-0.8069,-0.7068,-0.5729,-0.4525,-0.3659,-0.3199,-0.3191,-0.3663,-0.4577,-0.5717,-0.6537,-0.6295,-0.4684,-0.2656,-0.2567,-0.372,-0.455,-0.4937,-0.5081,-0.5116,-0.511,-0.5094,-0.5079,-0.5071,-0.5069,-0.5073,-0.508,-0.5091,-0.9813,-1.0214,-1.0435,-1.0309,-0.9828,-0.9298,-0.9209,-0.9783,-0.9897,-0.8211,-0.5966,-0.4184,-0.2972,-0.2311,-0.2265,-0.2947,-0.4423,-0.6558,-0.8501,-0.83,-0.5495,-0.1705,-0.1863,-0.3815,-0.4804,-0.5133,-0.5193,-0.5164,-0.5116,-0.5077,-0.5051,-0.5039,-0.5037,-0.5042,-0.5051,-0.5065,-1.0622,-1.1373,-1.1974,-1.1975,-1.1129,-1.0038,-0.9704,-1.0934,-1.1849,-0.9031,-0.5793,-0.3508,-0.1932,-0.0961,-0.0737,-0.1552,-0.3626,-0.6933,-1.0489,-1.0401,-0.8032,-0.5398,-0.4595,-0.5203,-0.548,-0.5447,-0.5316,-0.5186,-0.5089,-0.5029,-0.4998,-0.4987,-0.4989,-0.4999,-0.5013,-0.5031,-1.1391,-1.2623,-1.3978,-1.4494,-1.2994,-1.0853,-0.9649,-0.9925,-1.0139,-0.7695,-0.479,-0.242,-0.049,0.1014,0.1799,0.1091,-0.1534,-0.5388,-0.8859,-1.0145,-1.1918,-1.1289,-0.864,-0.7071,-0.6243,-0.5713,-0.5354,-0.5124,-0.4993,-0.493,-0.4909,-0.4911,-0.4925,-0.4944,-0.4965,-0.4988,-1.19,-1.3474,-1.5553,-1.6942,-1.4667,-1.1579,-0.9477,-0.8321,-0.7313,-0.5684,-0.3537,-0.1141,0.125,0.3668,0.6077,0.6107,0.2041,-0.2886,-0.6976,-1.1401,-1.84,-1.6995,-1.1273,-0.8159,-0.658,-0.5691,-0.5178,-0.4907,-0.479,-0.4762,-0.4776,-0.4807,-0.4842,-0.4875,-0.4906,-0.4936,-1.2006,-1.3539,-1.5248,-1.6119,-1.4824,-1.2021,-0.9493,-0.7743,-0.6329,-0.5055,-0.2895,0.0056,0.3072,0.6401,1.2542,1.5644,0.6036,-0.1278,-0.5939,-1.039,-1.5586,-1.4944,-1.0737,-0.7876,-0.6184,-0.5182,-0.4656,-0.4458,-0.4447,-0.4515,-0.4601,-0.4679,-0.4742,-0.4793,-0.4835,-0.4873,-1.1769,-1.3235,-1.5135,-1.7668,-1.6906,-1.2552,-0.9772,-0.8136,-0.6336,-0.5734,-0.2803,0.1271,0.5117,0.8286,1.2675,1.6059,0.516,-0.2481,-0.6453,-0.8577,-1.018,-1.0116,-0.844,-0.6553,-0.5004,-0.4005,-0.3636,-0.3708,-0.3952,-0.4201,-0.4398,-0.4537,-0.4632,-0.4697,-0.4749,-0.4794,-1.124,-1.2578,-1.4544,-1.7113,-1.6234,-1.2115,-1.0391,-1.0127,-0.7938,-0.5525,-0.1939,0.2598,0.7719,1.3759,0.9975,0.5845,-0.0376,-0.8237,-1.0995,-0.9348,-0.8376,-0.7675,-0.6509,-0.4829,-0.2974,-0.1819,-0.1903,-0.2628,-0.335,-0.387,-0.4201,-0.4398,-0.4514,-0.4587,-0.4642,-0.4695,-1.0454,-1.1398,-1.2521,-1.3324,-1.2532,-1.0955,-1.1102,-1.1262,-1.1739,-0.5672,-0.0746,0.3179,0.7232,1.4222,0.8565,0.2344,-0.4003,-1.8864,-1.98,-1.1076,-0.7983,-0.6591,-0.5234,-0.3051,0.0122,0.1949,0.0639,-0.14,-0.2811,-0.3624,-0.4059,-0.4279,-0.4387,-0.4449,-0.4502,-0.4563,-0.9558,-1.0081,-1.0528,-1.0631,-1.0205,-0.9845,-1.0661,-1.3101,-1.102,-0.4668,0.0041,0.3017,0.4458,1.1457,0.445,-0.0612,-0.362,-1.1982,-1.4366,-0.9736,-0.7101,-0.5732,-0.4477,-0.194,0.2925,0.584,0.2666,-0.0751,-0.2653,-0.3589,-0.4014,-0.4177,-0.4228,-0.4255,-0.4302,-0.4379,-0.8711,-0.8941,-0.9055,-0.8963,-0.8689,-0.8487,-0.86,-0.8489,-0.6375,-0.2636,0.0371,0.2595,0.5131,0.7843,0.21,-0.1625,-0.808,-0.7414,-0.8475,-0.725,-0.5118,-0.4331,-0.4102,-0.2457,0.1255,0.3602,0.1262,-0.1538,-0.3116,-0.3825,-0.4051,-0.4042,-0.3969,-0.3941,-0.3994,-0.4115,-0.7988,-0.8043,-0.7994,-0.7813,-0.7516,-0.7153,-0.6671,-0.5713,-0.3831,-0.1362,0.0208,0.3124,0.3043,0.2863,-0.0121,-0.4178,-0.7774,-0.7816,-0.8251,-0.597,-0.0785,-0.1551,-0.3889,-0.386,-0.2489,-0.1565,-0.2234,-0.3366,-0.4053,-0.4239,-0.4075,-0.3749,-0.3475,-0.3394,-0.3511,-0.3742,-0.7404,-0.7356,-0.7222,-0.6983,-0.6633,-0.6156,-0.5478,-0.4451,-0.2985,-0.1285,-0.0054,0.0955,0.0503,-0.044,-0.3225,-0.6222,-0.8412,-1.0931,-1.2389,-0.8256,-0.0412,-0.1557,-0.4647,-0.534,-0.5168,-0.5077,-0.5221,-0.5283,-0.5107,-0.4652,-0.3916,-0.3071,-0.25,-0.2447,-0.278,-0.3245,-0.6947,-0.6843,-0.6665,-0.64,-0.6035,-0.5549,-0.4904,-0.4062,-0.3044,-0.2004,-0.1251,-0.1073,-0.1237,-0.244,-0.948,-1.3573,-1.3221,-1.7124,-2.2253,-1.4931,-0.8685,-0.6647,-0.6764,-0.6873,-0.7074,-0.7571,-0.7665,-0.6976,-0.6051,-0.4945,-0.3434,-0.1714,-0.0718,-0.0951,-0.1809,-0.2682,-0.6602,-0.6471,-0.628,-0.602,-0.5681,-0.5254,-0.4734,-0.4131,-0.3502,-0.2979,-0.2776,-0.317,-0.4595,-0.9348,-2.3637,-2.949,-1.83,-1.8306,-2.1189,-1.9051,-1.4191,-1.0445,-0.8742,-0.8124,-0.8385,-0.9659,-0.9948,-0.8255,-0.6744,-0.5174,-0.2799,0.0237,0.176,0.0791,-0.0889,-0.2238,-0.635,-0.6214,-0.603,-0.5796,-0.5509,-0.5172,-0.4796,-0.4413,-0.409,-0.3942,-0.4156,-0.5036,-0.7233,-1.2449,-2.2644,-2.6053,-1.8787,-1.778,-2.2535,-2.4891,-1.7066,-1.2108,-0.9785,-0.878,-0.8745,-0.9961,-1.0278,-0.8239,-0.7045,-0.5612,-0.2886,0.1006,0.2863,0.1417,-0.0659,-0.2186,-0.6174,-0.6046,-0.5884,-0.5688,-0.5464,-0.5219,-0.4975,-0.477,-0.4666,-0.4762,-0.5208,-0.6235,-0.8211,-1.1547,-1.561,-1.7198,-1.6116,-1.6473,-1.9287,-1.9941,-1.5458,-1.1698,-0.9874,-0.8937,-0.8365,-0.7842,-0.6567,-0.6775,-0.7265,-0.661,-0.4403,-0.1183,0.0599,-0.0056,-0.1467,-0.2644,-0.6059,-0.5946,-0.5812,-0.5659,-0.5495,-0.5334,-0.5198,-0.5122,-0.5161,-0.5388,-0.5905,-0.6838,-0.8304,-1.0264,-1.2222,-1.3362,-1.3743,-1.429,-1.5069,-1.4654,-1.2411,-1.0174,-0.9387,-0.8925,-0.8124,-0.6853,-0.5135,-0.6373,-0.8575,-0.8543,-0.6695,-0.4277,-0.2656,-0.2375,-0.2836,-0.3436,-0.5989,-0.5896,-0.5791,-0.5679,-0.557,-0.5477,-0.5421,-0.5433,-0.5553,-0.5832,-0.6328,-0.7094,-0.8142,-0.9377,-1.056,-1.1434,-1.199,-1.2389,-1.2535,-1.2004,-1.0675,-0.9341,-0.9102,-0.8926,-0.8254,-0.7463,-0.7111,-0.8908,-1.1907,-1.1134,-0.8707,-0.6487,-0.4967,-0.4261,-0.4134,-0.4277,-0.5953,-0.588,-0.5803,-0.5728,-0.5663,-0.5622,-0.5623,-0.5689,-0.5848,-0.6133,-0.6572,-0.7181,-0.7943,-0.8788,-0.9597,-1.0259,-1.0734,-1.1017,-1.1042,-1.0698,-1.0028,-0.94,-0.9139,-0.8863,-0.8422,-0.8128,-0.8475,-1.0223,-1.2372,-1.1602,-0.9443,-0.7574,-0.6258,-0.5475,-0.5105,-0.4991]},{"header":{"la1":42.85,"la2":41.18,"lo1":11.55,"lo2":14.05,"nx":36,"ny":24,"dx":0.07143,"dy":0.07261,"parameterCategory":2,"parameterNumber":3,"parameterNumberName":"northward_wind","parameterUnit":"m.s-1"},"data":[-0.5158,-0.5171,-0.5176,-0.5172,-0.5161,-0.5143,-0.512,-0.5091,-0.5053,-0.5,-0.4924,-0.4817,-0.4669,-0.4474,-0.4229,-0.3939,-0.3615,-0.3275,-0.294,-0.2629,-0.2359,-0.2145,-0.199,-0.189,-0.1827,-0.1787,-0.1759,-0.1737,-0.1718,-0.1704,-0.1693,-0.1686,-0.1684,-0.1686,-0.1692,-0.1701,-0.5231,-0.5249,-0.5257,-0.5253,-0.5239,-0.5219,-0.5197,-0.5173,-0.5146,-0.5108,-0.5048,-0.4953,-0.4806,-0.4597,-0.4319,-0.3975,-0.3582,-0.3165,-0.2756,-0.2381,-0.2063,-0.1823,-0.1674,-0.1601,-0.1574,-0.1566,-0.1562,-0.1558,-0.1553,-0.1548,-0.1547,-0.1549,-0.1556,-0.1567,-0.1581,-0.1598,-0.531,-0.5337,-0.5348,-0.534,-0.5318,-0.5288,-0.526,-0.524,-0.5226,-0.5211,-0.5178,-0.5107,-0.4974,-0.4757,-0.4443,-0.4031,-0.3543,-0.302,-0.2515,-0.2063,-0.1682,-0.1406,-0.1273,-0.1257,-0.129,-0.1327,-0.1352,-0.1366,-0.1374,-0.1381,-0.139,-0.1403,-0.1419,-0.144,-0.1465,-0.1492,-0.54,-0.5443,-0.5461,-0.5446,-0.5402,-0.5346,-0.53,-0.5276,-0.5276,-0.5292,-0.5305,-0.5281,-0.5182,-0.4972,-0.4623,-0.4126,-0.3502,-0.2825,-0.2197,-0.1671,-0.1217,-0.0878,-0.0783,-0.0872,-0.0992,-0.1079,-0.1132,-0.1163,-0.1183,-0.12,-0.122,-0.1245,-0.1274,-0.1307,-0.1343,-0.1381,-0.5505,-0.5583,-0.5623,-0.5597,-0.5508,-0.5396,-0.5306,-0.5262,-0.5269,-0.5329,-0.5415,-0.5474,-0.5443,-0.5268,-0.4897,-0.4297,-0.3477,-0.2543,-0.174,-0.1214,-0.0744,-0.0303,-0.028,-0.0515,-0.0714,-0.0836,-0.0905,-0.0946,-0.0975,-0.1003,-0.1035,-0.1074,-0.1118,-0.1167,-0.1217,-0.1269,-0.5631,-0.5786,-0.5894,-0.5866,-0.5681,-0.5447,-0.5273,-0.5189,-0.5185,-0.5295,-0.5495,-0.5688,-0.5779,-0.5685,-0.5328,-0.463,-0.3545,-0.2165,-0.0994,-0.0648,-0.0419,-0.0051,-0.0067,-0.0291,-0.0479,-0.0598,-0.0665,-0.0706,-0.0742,-0.0782,-0.0832,-0.0889,-0.0953,-0.1021,-0.1089,-0.1156,-0.576,-0.6077,-0.6397,-0.6432,-0.6026,-0.5516,-0.5209,-0.5113,-0.5104,-0.5224,-0.5553,-0.5937,-0.6216,-0.6275,-0.6007,-0.5272,-0.3939,-0.2026,-0.0246,-0.0148,-0.0001,0.0155,0.0071,-0.0072,-0.023,-0.0334,-0.0389,-0.0428,-0.0472,-0.0531,-0.0604,-0.0689,-0.0779,-0.087,-0.096,-0.1045,-0.5822,-0.6402,-0.7287,-0.7703,-0.67,-0.556,-0.5055,-0.4974,-0.5013,-0.5105,-0.5571,-0.623,-0.6784,-0.7095,-0.7059,-0.6417,-0.4946,-0.2837,-0.0933,0.0035,0.1689,0.1891,0.0957,0.037,0.0099,-0.0006,-0.0046,-0.0083,-0.0146,-0.0237,-0.0349,-0.0472,-0.0597,-0.072,-0.0836,-0.0942,-0.5664,-0.6385,-0.81,-0.9689,-0.7225,-0.5226,-0.4598,-0.434,-0.4173,-0.4379,-0.5333,-0.6541,-0.7489,-0.8152,-0.8648,-0.8346,-0.6553,-0.4174,-0.186,0.0967,0.5231,0.4569,0.1938,0.0823,0.0486,0.0425,0.0416,0.0368,0.026,0.011,-0.0064,-0.0242,-0.0415,-0.0576,-0.0722,-0.0852,-0.5186,-0.5432,-0.6249,-0.6855,-0.4597,-0.3953,-0.379,-0.3188,-0.1963,-0.1914,-0.4499,-0.6919,-0.8339,-0.925,-1.0757,-1.1503,-0.8234,-0.5235,-0.2731,0.0202,0.3582,0.3466,0.1744,0.1022,0.0945,0.1051,0.1089,0.0985,0.0775,0.0515,0.0247,-0.001,-0.0243,-0.0451,-0.063,-0.0784,-0.4607,-0.4033,-0.2502,0.1142,0.0675,-0.2394,-0.2947,-0.2079,0.1317,0.3384,-0.3662,-0.7756,-0.9445,-1.0089,-1.0976,-1.1727,-0.8266,-0.5385,-0.3327,-0.1447,0.0292,0.0995,0.1018,0.1237,0.1716,0.2109,0.2141,0.1848,0.1416,0.097,0.0563,0.0206,-0.0101,-0.036,-0.0575,-0.075,-0.4305,-0.3435,-0.1614,0.1151,0.0556,-0.2258,-0.2076,-0.0363,-0.0942,-0.0447,-0.5878,-0.9545,-1.0894,-1.1256,-1.0372,-0.9145,-0.6903,-0.427,-0.29,-0.2051,-0.0952,0.0012,0.0866,0.194,0.3236,0.4046,0.3819,0.3007,0.2151,0.143,0.0845,0.037,-0.0018,-0.033,-0.0576,-0.0766,-0.4393,-0.375,-0.2787,-0.1954,-0.2404,-0.3377,-0.2336,0.7365,-0.6128,-0.669,-0.9517,-1.2138,-1.2754,-1.1395,-1.0282,-0.8574,-0.5986,-0.204,-0.1561,-0.1836,-0.0974,0.0077,0.131,0.3187,0.5866,0.7396,0.6209,0.4304,0.2838,0.18,0.1032,0.0435,-0.0033,-0.0393,-0.0661,-0.0854,-0.4715,-0.4398,-0.4066,-0.3967,-0.4338,-0.4915,-0.5554,-0.9236,-0.9657,-0.9975,-1.241,-1.4343,-1.5051,-1.8424,-1.1306,-0.8427,-0.5735,-0.2727,-0.1842,-0.1296,-0.0259,0.0747,0.1946,0.4221,0.8331,1.0751,0.8095,0.5108,0.3207,0.1961,0.1051,0.0343,-0.0202,-0.06,-0.0868,-0.1036,-0.5095,-0.5019,-0.5012,-0.5183,-0.5601,-0.6236,-0.716,-0.8596,-1.0323,-1.3143,-1.6145,-1.6985,-1.6567,-1.854,-1.1036,-0.7652,0.3371,-0.1082,-0.1148,0.0019,0.1362,0.1987,0.2517,0.4118,0.7172,0.9026,0.7176,0.4789,0.3094,0.1851,0.0847,0.0024,-0.0603,-0.1018,-0.1246,-0.1343,-0.5437,-0.5512,-0.5674,-0.5978,-0.647,-0.7184,-0.8198,-0.9702,-1.2171,-1.6668,-2.3602,-2.411,-1.9406,-1.4216,-0.9676,-0.3766,0.2077,0.0224,0.0717,0.2094,0.394,0.3688,0.3067,0.3609,0.4847,0.5605,0.5071,0.3918,0.271,0.1531,0.0391,-0.0623,-0.1365,-0.1756,-0.1858,-0.18,-0.5703,-0.5867,-0.6116,-0.649,-0.7026,-0.7774,-0.8826,-1.0372,-1.281,-1.6875,-2.227,-2.0369,-1.4542,-1.1334,-0.79,-0.3796,-0.0605,0.229,0.4597,0.4227,0.4526,0.4158,0.3428,0.3499,0.3986,0.4339,0.4184,0.3495,0.2434,0.1124,-0.0354,-0.1767,-0.2704,-0.2963,-0.276,-0.2407,-0.5884,-0.6093,-0.6381,-0.6774,-0.7305,-0.8014,-0.8966,-1.0262,-1.2019,-1.4173,-1.5675,-1.4543,-1.1626,-0.9677,-0.3873,0.016,0.193,0.7542,1.3252,0.7412,0.4806,0.4075,0.3726,0.3783,0.4235,0.4831,0.4826,0.3865,0.2449,0.0727,-0.1408,-0.3635,-0.4902,-0.4744,-0.3913,-0.3089,-0.5983,-0.6207,-0.6498,-0.6873,-0.7353,-0.796,-0.872,-0.9646,-1.0692,-1.1629,-1.1908,-1.0969,-0.8854,-0.4665,0.5275,0.9184,0.4527,0.7628,1.0993,0.7998,0.5861,0.4722,0.4313,0.4328,0.4946,0.6459,0.6763,0.4657,0.2587,0.0432,-0.2515,-0.602,-0.7727,-0.6714,-0.4983,-0.3641,-0.6009,-0.6227,-0.6496,-0.6827,-0.7227,-0.7703,-0.8249,-0.8834,-0.9371,-0.9672,-0.945,-0.8411,-0.6238,-0.2066,0.4907,0.7388,0.4619,0.568,0.8006,0.8658,0.6623,0.5668,0.5344,0.5052,0.5205,0.6697,0.7072,0.4322,0.2423,0.0394,-0.277,-0.6966,-0.8925,-0.7427,-0.5306,-0.3785,-0.5974,-0.6171,-0.6404,-0.6676,-0.6988,-0.7331,-0.7686,-0.8008,-0.8215,-0.8178,-0.7726,-0.668,-0.4846,-0.2078,0.109,0.28,0.3269,0.4559,0.649,0.7213,0.6875,0.7461,0.7626,0.6389,0.5024,0.4097,0.2598,0.2392,0.1978,0.0694,-0.1672,-0.4881,-0.6653,-0.5989,-0.4574,-0.3414,-0.5891,-0.6059,-0.6249,-0.6459,-0.6684,-0.6909,-0.7111,-0.7246,-0.725,-0.7036,-0.6504,-0.5561,-0.415,-0.2342,-0.0475,0.0998,0.2172,0.3494,0.4915,0.6158,0.8127,1.1833,1.291,0.9072,0.5417,0.292,0.1121,0.16,0.1797,0.1215,-0.0199,-0.2187,-0.3596,-0.3801,-0.3319,-0.2725,-0.5772,-0.5907,-0.6053,-0.6204,-0.6352,-0.6481,-0.6567,-0.6575,-0.6458,-0.616,-0.5624,-0.4809,-0.3713,-0.2408,-0.1046,0.0235,0.1458,0.2739,0.4163,0.6037,0.951,1.5483,1.7211,1.1205,0.6148,0.3407,0.2155,0.1957,0.198,0.1746,0.0805,-0.0513,-0.1599,-0.2116,-0.2165,-0.1999,-0.5628,-0.5731,-0.5834,-0.5933,-0.6016,-0.607,-0.6073,-0.5998,-0.5812,-0.5481,-0.4972,-0.4269,-0.3382,-0.2356,-0.126,-0.0145,0.0994,0.2217,0.3646,0.559,0.8601,1.2378,1.3243,0.9756,0.607,0.3793,0.2618,0.2105,0.2012,0.1845,0.1177,0.0269,-0.0544,-0.1079,-0.1332,-0.1399]}]