docs/data/wind_grid.json
[{"header":{"la1":42.22,"la2":41.45,"lo1":11.9,"lo2":12.97,"nx":16,"ny":12,"dx":0.07133,"dy":0.07,"parameterCategory":2,"parameterNumber":2,"parameterNumberName":"eastward_wind","parameterUnit":"m.s-1"},"data":[-0.0601,0.0264,0.1754,0.3543,0.4035,0.235,0.0158,-0.1444,-0.258,-0.3656,-0.4996,-0.6642,-0.8251,-0.929,-0.952,-0.9145,-0.1114,-0.0269,0.1942,0.604,0.7927,0.4054,0.0353,-0.1551,-0.2584,-0.3615,-0.5331,-0.7893,-1.0595,-1.2061,-1.1847,-1.0746,-0.2106,-0.2039,-0.0495,0.5298,0.8881,0.3585,-0.03,-0.1889,-0.2448,-0.3232,-0.5508,-0.9708,-1.4808,-1.6826,-1.5088,-1.251,-0.3249,-0.4729,-0.6722,-0.4076,0.1173,0.0412,-0.148,-0.233,-0.2083,-0.2741,-0.5582,-1.1689,-2.1551,-2.3854,-1.8384,-1.3748,-0.38,-0.6056,-0.9942,-0.8982,-0.2491,-0.1029,-0.2458,-0.3291,-0.2812,-0.3247,-0.5618,-1.1183,-2.2858,-2.5566,-1.8398,-1.3323,-0.34,-0.4833,-0.6397,-0.5021,-0.1206,0.0149,-0.141,-0.2814,-0.3113,-0.342,-0.5636,-0.8312,-1.2765,-1.6089,-1.3839,-1.0997,-0.2493,-0.2865,-0.2697,-0.1047,0.186,0.4318,0.2678,-0.0111,-0.3239,-0.313,-0.5724,-0.7993,-0.8075,-0.8999,-0.8725,-0.7886,-0.1625,-0.1408,-0.0649,0.1054,0.4089,0.9365,0.5359,0.2195,0.0169,-0.1662,-0.4058,-0.5792,-0.5347,-0.4473,-0.4447,-0.4874,-0.1013,-0.0583,0.0241,0.1626,0.3659,0.5672,0.4306,0.2522,0.2702,-0.0017,-0.2183,-0.2942,-0.1453,0.0405,-0.064,-0.2375,-0.0661,-0.0215,0.0467,0.1399,0.243,0.3027,0.2608,0.2054,0.1724,0.0229,-0.1154,-0.1228,0.0925,0.2918,0.1268,-0.096,-0.0504,-0.012,0.0383,0.0966,0.1494,0.1741,0.1596,0.1257,0.0763,-0.0056,-0.0779,-0.07,0.0549,0.1573,0.0753,-0.0738,-0.0473,-0.0169,0.0186,0.0549,0.0838,0.0958,0.0869,0.0609,0.0203,-0.031,-0.0723,-0.0739,-0.0298,0.0044,-0.0287,-0.1062]},{"header":{"la1":42.22,"la2":41.45,"lo1":11.9,"lo2":12.97,"nx":16,"ny":12,"dx":0.07133,"dy":0.07,"parameterCategory":2,"parameterNumber":3,"parameterNumberName":"northward_wind","parameterUnit":"m.s-1"},"data":[-0.949,-1.0405,-1.1444,-1.2454,-1.2286,-0.9919,-0.6956,-0.4872,-0.3667,-0.2893,-0.2319,-0.1971,-0.1849,-0.1823,-0.1774,-0.1689,-1.0247,-1.1465,-1.2935,-1.5173,-1.6182,-1.1798,-0.699,-0.4517,-0.3538,-0.2828,-0.2086,-0.1736,-0.1842,-0.1992,-0.1916,-0.1729,-1.0955,-1.2566,-1.4027,-1.5758,-1.7153,-1.1338,-0.5896,-0.3921,-0.4137,-0.3339,-0.1789,-0.1448,-0.2271,-0.2748,-0.235,-0.1846,-1.1482,-1.3967,-1.6614,-1.5819,-1.2482,-0.7743,-0.3982,-0.2971,-0.6285,-0.4054,-0.082,-0.0783,-0.3694,-0.4542,-0.2944,-0.1896,-1.1318,-1.4385,-1.8777,-1.7809,-1.0012,-0.487,-0.2808,-0.2351,0.097,0.0351,0.1907,0.1944,-0.3507,-0.4955,-0.2641,-0.1592,-1.008,-1.2145,-1.417,-1.2302,-0.6623,-0.2798,-0.1491,-0.0203,0.53,0.373,0.6361,1.0423,0.436,-0.0298,-0.0911,-0.0994,-0.8246,-0.8919,-0.88,-0.6747,-0.3522,-0.1347,0.0706,0.2246,0.4916,0.4315,0.9595,1.7804,0.9471,0.2664,0.0083,-0.0813,-0.6519,-0.6406,-0.5632,-0.3997,-0.2125,-0.1618,0.0761,0.2147,0.2507,0.3424,0.6402,0.9277,0.5321,0.0508,-0.1326,-0.1633,-0.5191,-0.4787,-0.3974,-0.2792,-0.1609,-0.0873,0.0321,0.1668,0.1999,0.2336,0.3152,0.2631,-0.1564,-0.5418,-0.466,-0.317,-0.4248,-0.3782,-0.308,-0.2203,-0.1314,-0.0507,0.0381,0.1282,0.165,0.1624,0.1302,-0.0621,-0.5542,-0.8982,-0.6783,-0.4262,-0.3595,-0.315,-0.2564,-0.1882,-0.1176,-0.0491,0.017,0.0728,0.0996,0.0898,0.0251,-0.1574,-0.4791,-0.6873,-0.5913,-0.4203,-0.3141,-0.2742,-0.2255,-0.171,-0.1148,-0.0605,-0.0118,0.0252,0.0414,0.0277,-0.0307,-0.1528,-0.3206,-0.4337,-0.4241,-0.3509]}]