docs/data/wind_grid.json
{"header": {"la1":42.1,"la2":41.55,"lo1":12.1,"lo2":12.95,"nx":50,"ny":50,"dx":0.01735,"dy":0.01122,"parameterCategory":2,"parameterNumber":2,"parameterNumberName":"eastward_wind","parameterUnit":"m.s-1"}, "data":
[rows 0 to 39 of 50, columns 0 to 49 of 50]
-0.3541,-0.3549,-0.3561,-0.3577,-0.3597,-0.3623,-0.3653,-0.3688,-0.3728,-0.3773,-0.3823,-0.3879,-0.3941,-0.4009,-0.4084,-0.4167,-0.4262,-0.4369,-0.4492,-0.4636,-0.4805,-0.5004,-0.5239,-0.5515,-0.5839,-0.6215,-0.665,-0.7147,-0.7709,-0.8338,-0.9033,-0.979,-1.0599,-1.1446,-1.2311,-1.3165,-1.3978,-1.4716,-1.5347,-1.5849,-1.6207,-1.6419,-1.6494,-1.6448,-1.6303,-1.6081,-1.5804,-1.5489,-1.5153,-1.4807
-0.3479,-0.3485,-0.3495,-0.3509,-0.3528,-0.3552,-0.3581,-0.3614,-0.3653,-0.3696,-0.3745,-0.3799,-0.3858,-0.3923,-0.3994,-0.4073,-0.4162,-0.4264,-0.4381,-0.4519,-0.4682,-0.4876,-0.5108,-0.5384,-0.571,-0.6093,-0.6538,-0.7052,-0.7637,-0.8296,-0.903,-0.9835,-1.0702,-1.1616,-1.2555,-1.3487,-1.4377,-1.5183,-1.5868,-1.6405,-1.6776,-1.6981,-1.7032,-1.6949,-1.6759,-1.6489,-1.6163,-1.5802,-1.5424,-1.504
-0.3416,-0.342,-0.3428,-0.3441,-0.3458,-0.348,-0.3507,-0.3539,-0.3577,-0.3619,-0.3666,-0.3718,-0.3774,-0.3836,-0.3904,-0.3978,-0.4062,-0.4157,-0.4267,-0.4398,-0.4554,-0.4742,-0.497,-0.5243,-0.5571,-0.5959,-0.6415,-0.6944,-0.7551,-0.8241,-0.9014,-0.9868,-1.0795,-1.1781,-1.28,-1.3819,-1.4793,-1.5676,-1.6422,-1.6996,-1.7381,-1.7575,-1.7595,-1.7468,-1.7226,-1.6902,-1.6523,-1.6112,-1.5689,-1.5266
-0.3352,-0.3354,-0.336,-0.3371,-0.3386,-0.3407,-0.3433,-0.3464,-0.35,-0.3541,-0.3586,-0.3636,-0.3691,-0.375,-0.3813,-0.3883,-0.396,-0.4048,-0.4151,-0.4273,-0.4421,-0.4602,-0.4823,-0.5094,-0.5422,-0.5814,-0.6279,-0.6822,-0.7451,-0.817,-0.8982,-0.9886,-1.0875,-1.1936,-1.3043,-1.4155,-1.5225,-1.6193,-1.7006,-1.7622,-1.8019,-1.8198,-1.8181,-1.8002,-1.7701,-1.7316,-1.6878,-1.6415,-1.5945,-1.5481
-0.3287,-0.3287,-0.3291,-0.3299,-0.3313,-0.3332,-0.3357,-0.3387,-0.3422,-0.3461,-0.3506,-0.3554,-0.3607,-0.3663,-0.3723,-0.3787,-0.3858,-0.3938,-0.4032,-0.4145,-0.4283,-0.4455,-0.467,-0.4936,-0.5262,-0.5658,-0.613,-0.6687,-0.7336,-0.8083,-0.8932,-0.9885,-1.0938,-1.2077,-1.3275,-1.449,-1.5664,-1.6729,-1.7617,-1.8278,-1.8686,-1.8844,-1.8783,-1.8544,-1.8177,-1.7725,-1.7225,-1.6706,-1.6187,-1.5682
-0.3221,-0.3218,-0.322,-0.3227,-0.3239,-0.3256,-0.328,-0.3308,-0.3342,-0.3381,-0.3425,-0.3472,-0.3523,-0.3576,-0.3633,-0.3692,-0.3756,-0.3828,-0.3912,-0.4013,-0.4141,-0.4303,-0.4509,-0.4769,-0.5094,-0.5491,-0.597,-0.6539,-0.7206,-0.7978,-0.8862,-0.9862,-1.0977,-1.2195,-1.349,-1.4815,-1.6104,-1.7276,-1.8248,-1.8958,-1.9375,-1.9507,-1.9393,-1.9086,-1.8645,-1.8121,-1.7555,-1.6979,-1.6411,-1.5864
-0.3154,-0.3149,-0.3148,-0.3153,-0.3163,-0.3179,-0.3201,-0.3229,-0.3262,-0.3301,-0.3344,-0.339,-0.3439,-0.3491,-0.3543,-0.3598,-0.3655,-0.3717,-0.379,-0.388,-0.3995,-0.4145,-0.4341,-0.4594,-0.4915,-0.5314,-0.5798,-0.6377,-0.706,-0.7855,-0.8771,-0.9814,-1.0987,-1.2283,-1.3677,-1.5118,-1.6532,-1.7822,-1.8886,-1.9649,-2.0075,-2.0175,-2.0,-1.9617,-1.9096,-1.8495,-1.7862,-1.7227,-1.661,-1.6024
-0.3085,-0.3078,-0.3075,-0.3077,-0.3085,-0.31,-0.312,-0.3147,-0.318,-0.3219,-0.3262,-0.3308,-0.3356,-0.3406,-0.3455,-0.3505,-0.3555,-0.3608,-0.3669,-0.3744,-0.3845,-0.3982,-0.4167,-0.4412,-0.4729,-0.5127,-0.5616,-0.6204,-0.6899,-0.7713,-0.8655,-0.9736,-1.0963,-1.2332,-1.3823,-1.5385,-1.6932,-1.8349,-1.9516,-2.0336,-2.0769,-2.0831,-2.0587,-2.0122,-1.9516,-1.8837,-1.8136,-1.7444,-1.6781,-1.6158
-0.3016,-0.3005,-0.3,-0.3,-0.3006,-0.3019,-0.3038,-0.3064,-0.3097,-0.3136,-0.3179,-0.3226,-0.3274,-0.3322,-0.3369,-0.3414,-0.3457,-0.35,-0.3547,-0.3608,-0.3693,-0.3814,-0.3986,-0.4223,-0.4535,-0.4933,-0.5425,-0.602,-0.6726,-0.7554,-0.8516,-0.9626,-1.0897,-1.2331,-1.3914,-1.5595,-1.728,-1.8835,-2.0113,-2.0996,-2.1433,-2.1453,-2.1135,-2.0582,-1.989,-1.9134,-1.8367,-1.7622,-1.6917,-1.6261
-0.2945,-0.2932,-0.2923,-0.2921,-0.2925,-0.2936,-0.2954,-0.2979,-0.3012,-0.3051,-0.3095,-0.3143,-0.3192,-0.3241,-0.3286,-0.3326,-0.3362,-0.3394,-0.3428,-0.3472,-0.3538,-0.3643,-0.3801,-0.4028,-0.4335,-0.4733,-0.5228,-0.5828,-0.6541,-0.7378,-0.8352,-0.9481,-1.0783,-1.2269,-1.3933,-1.5728,-1.7552,-1.925,-2.0646,-2.1595,-2.2038,-2.2012,-2.1618,-2.0977,-2.0202,-1.9373,-1.8546,-1.7754,-1.7012,-1.6328
-0.2873,-0.2856,-0.2845,-0.2839,-0.2841,-0.285,-0.2867,-0.2892,-0.2925,-0.2965,-0.3011,-0.3061,-0.3111,-0.316,-0.3205,-0.3242,-0.3271,-0.3292,-0.3311,-0.3336,-0.3382,-0.3467,-0.3611,-0.3828,-0.4132,-0.4529,-0.5027,-0.5631,-0.6348,-0.7187,-0.8165,-0.9299,-1.0616,-1.2136,-1.3863,-1.5757,-1.7713,-1.9556,-2.1073,-2.2093,-2.2544,-2.2473,-2.2005,-2.1284,-2.0432,-1.954,-1.8662,-1.7831,-1.7061,-1.6356
-0.28,-0.278,-0.2765,-0.2756,-0.2755,-0.2762,-0.2777,-0.2802,-0.2835,-0.2877,-0.2925,-0.2977,-0.3031,-0.3082,-0.3127,-0.3163,-0.3185,-0.3196,-0.3198,-0.3202,-0.3225,-0.3289,-0.3417,-0.3625,-0.3927,-0.4326,-0.4827,-0.5433,-0.615,-0.6986,-0.7956,-0.9081,-1.0393,-1.1923,-1.3687,-1.5658,-1.7731,-1.9709,-2.1349,-2.2441,-2.2904,-2.2797,-2.2266,-2.1476,-2.0563,-1.9621,-1.8707,-1.7849,-1.706,-1.6343
-0.2726,-0.2701,-0.2682,-0.267,-0.2666,-0.267,-0.2684,-0.2709,-0.2743,-0.2786,-0.2837,-0.2893,-0.2951,-0.3006,-0.3053,-0.3088,-0.3106,-0.3106,-0.3091,-0.3071,-0.3068,-0.3108,-0.3219,-0.3421,-0.3723,-0.4126,-0.4631,-0.5239,-0.5953,-0.6778,-0.7729,-0.8828,-1.0112,-1.1623,-1.3392,-1.5407,-1.7568,-1.9665,-2.1419,-2.2586,-2.307,-2.294,-2.2366,-2.1529,-2.0577,-1.9606,-1.8671,-1.7801,-1.7006,-1.6285
-0.265,-0.2621,-0.2598,-0.2582,-0.2574,-0.2576,-0.2588,-0.2611,-0.2646,-0.2692,-0.2746,-0.2807,-0.287,-0.2931,-0.2983,-0.3019,-0.3034,-0.3024,-0.2991,-0.2946,-0.2912,-0.2925,-0.302,-0.3219,-0.3525,-0.3936,-0.4445,-0.5053,-0.576,-0.6568,-0.7488,-0.8544,-0.9775,-1.1234,-1.2969,-1.4986,-1.7196,-1.9382,-2.1234,-2.2475,-2.2993,-2.2865,-2.2277,-2.1424,-2.0461,-1.9485,-1.8551,-1.7685,-1.6895,-1.6182
-0.2573,-0.254,-0.2512,-0.2491,-0.2479,-0.2477,-0.2487,-0.251,-0.2545,-0.2593,-0.2652,-0.2719,-0.2789,-0.2857,-0.2916,-0.2956,-0.2971,-0.2953,-0.2902,-0.2828,-0.2758,-0.274,-0.282,-0.3021,-0.3339,-0.3759,-0.4275,-0.4881,-0.5577,-0.6361,-0.724,-0.8234,-0.9387,-1.076,-1.2417,-1.4386,-1.6596,-1.8829,-2.0754,-2.2067,-2.2637,-2.2543,-2.1979,-2.1148,-2.0207,-1.9254,-1.8343,-1.7499,-1.6729,-1.6034
-0.2495,-0.2456,-0.2423,-0.2397,-0.238,-0.2375,-0.2382,-0.2403,-0.2439,-0.2489,-0.2553,-0.2627,-0.2706,-0.2784,-0.2852,-0.29,-0.2917,-0.2895,-0.2828,-0.2722,-0.2609,-0.2554,-0.2622,-0.2834,-0.3171,-0.3605,-0.4125,-0.4728,-0.5408,-0.6162,-0.6989,-0.7906,-0.8956,-1.0209,-1.1745,-1.3614,-1.5767,-1.7996,-1.9964,-2.1342,-2.1984,-2.1961,-2.1465,-2.0698,-1.9816,-1.8915,-1.805,-1.7245,-1.6508,-1.5841
-0.2416,-0.2371,-0.2332,-0.23,-0.2278,-0.2267,-0.2271,-0.229,-0.2326,-0.2379,-0.2449,-0.2531,-0.2621,-0.271,-0.279,-0.2849,-0.2875,-0.2853,-0.2772,-0.2634,-0.2471,-0.2371,-0.243,-0.2667,-0.3031,-0.348,-0.4003,-0.4597,-0.5258,-0.5975,-0.6741,-0.7566,-0.8493,-0.9596,-1.0972,-1.2691,-1.4731,-1.6905,-1.8878,-2.0313,-2.1046,-2.1131,-2.0745,-2.0084,-1.9295,-1.8474,-1.7676,-1.6927,-1.6237,-1.5607
-0.2336,-0.2285,-0.2239,-0.22,-0.2172,-0.2155,-0.2154,-0.217,-0.2206,-0.2262,-0.2337,-0.2429,-0.2531,-0.2634,-0.273,-0.2804,-0.2842,-0.2828,-0.2742,-0.2575,-0.2356,-0.2199,-0.2258,-0.2537,-0.2934,-0.3394,-0.3912,-0.4493,-0.513,-0.5806,-0.6503,-0.7225,-0.801,-0.8941,-1.0124,-1.1654,-1.3535,-1.5605,-1.7548,-1.9028,-1.9865,-2.0087,-1.9849,-1.9326,-1.866,-1.7943,-1.7231,-1.6552,-1.5919,-1.5336
-0.2256,-0.2197,-0.2144,-0.2097,-0.2061,-0.2037,-0.203,-0.2042,-0.2076,-0.2135,-0.2217,-0.2319,-0.2435,-0.2555,-0.2669,-0.2763,-0.2821,-0.2822,-0.2744,-0.2563,-0.2288,-0.2065,-0.2133,-0.2469,-0.2895,-0.3353,-0.3856,-0.4416,-0.5025,-0.5655,-0.6278,-0.6889,-0.7524,-0.8267,-0.9239,-1.0555,-1.2244,-1.4175,-1.6057,-1.7566,-1.8511,-1.8888,-1.8819,-1.8459,-1.7936,-1.734,-1.6727,-1.6129,-1.5562,-1.5033
-0.2175,-0.2109,-0.2047,-0.1992,-0.1946,-0.1914,-0.1898,-0.1905,-0.1937,-0.1997,-0.2086,-0.2199,-0.2331,-0.2471,-0.2606,-0.2723,-0.2807,-0.2835,-0.2783,-0.2617,-0.2317,-0.2033,-0.2118,-0.2503,-0.2927,-0.3359,-0.3833,-0.4366,-0.4942,-0.5524,-0.6072,-0.6569,-0.7048,-0.76,-0.8357,-0.9451,-1.0936,-1.2708,-1.4507,-1.6027,-1.7069,-1.76,-1.7707,-1.7519,-1.7149,-1.6684,-1.6179,-1.5669,-1.5174,-1.4703
-0.2094,-0.2019,-0.1948,-0.1883,-0.1827,-0.1784,-0.1759,-0.1758,-0.1786,-0.1846,-0.1942,-0.2068,-0.2218,-0.2379,-0.2539,-0.2683,-0.2797,-0.2863,-0.2859,-0.2752,-0.2509,-0.2232,-0.2319,-0.2673,-0.3033,-0.3408,-0.3841,-0.434,-0.4881,-0.5415,-0.5888,-0.6273,-0.6601,-0.6968,-0.752,-0.8405,-0.969,-1.1299,-1.2999,-1.4508,-1.5626,-1.6295,-1.6568,-1.6546,-1.6329,-1.5995,-1.5601,-1.5183,-1.4762,-1.4352
-0.2013,-0.1929,-0.1848,-0.1772,-0.1704,-0.1648,-0.1611,-0.16,-0.1621,-0.1681,-0.1783,-0.1924,-0.2094,-0.228,-0.2466,-0.2638,-0.2786,-0.2897,-0.2958,-0.2956,-0.288,-0.2765,-0.2796,-0.2968,-0.3193,-0.3487,-0.387,-0.4332,-0.4838,-0.5325,-0.5727,-0.6008,-0.6197,-0.6399,-0.6771,-0.7471,-0.8577,-1.0027,-1.1618,-1.3093,-1.4257,-1.5034,-1.545,-1.5578,-1.5503,-1.5296,-1.5009,-1.4681,-1.4335,-1.3987
-0.1933,-0.184,-0.1748,-0.1659,-0.1577,-0.1507,-0.1455,-0.143,-0.1441,-0.1498,-0.1606,-0.1764,-0.1959,-0.2173,-0.2387,-0.2588,-0.2769,-0.2927,-0.3058,-0.3177,-0.3312,-0.3431,-0.3369,-0.3295,-0.3367,-0.3579,-0.3912,-0.4338,-0.481,-0.5253,-0.5592,-0.5782,-0.5854,-0.5918,-0.6144,-0.6693,-0.7645,-0.8948,-1.0423,-1.1839,-1.3015,-1.3865,-1.4392,-1.4646,-1.4696,-1.4603,-1.4417,-1.4174,-1.3901,-1.3613
-0.1855,-0.1752,-0.1648,-0.1545,-0.1448,-0.136,-0.129,-0.1247,-0.1244,-0.1295,-0.1408,-0.1585,-0.1811,-0.206,-0.2304,-0.2532,-0.2742,-0.2941,-0.3137,-0.3352,-0.3622,-0.3847,-0.3744,-0.3543,-0.3516,-0.3667,-0.3959,-0.4353,-0.4793,-0.5197,-0.5482,-0.56,-0.5582,-0.5545,-0.5664,-0.6097,-0.6921,-0.8087,-0.9439,-1.0775,-1.1931,-1.2817,-1.3421,-1.3773,-1.3926,-1.3932,-1.3836,-1.3673,-1.3467,-1.3237
-0.1779,-0.1665,-0.1549,-0.1432,-0.1317,-0.121,-0.1117,-0.1052,-0.1029,-0.1068,-0.1185,-0.1385,-0.1652,-0.1945,-0.2224,-0.2474,-0.2703,-0.2932,-0.3174,-0.3446,-0.375,-0.3958,-0.387,-0.3675,-0.3621,-0.3741,-0.4005,-0.4372,-0.4783,-0.5154,-0.5398,-0.5466,-0.5389,-0.529,-0.5339,-0.5689,-0.6405,-0.7443,-0.8668,-0.9907,-1.1014,-1.1904,-1.2551,-1.2973,-1.3207,-1.3295,-1.3277,-1.3183,-1.304,-1.2864
-0.1706,-0.1582,-0.1453,-0.132,-0.1186,-0.1057,-0.0938,-0.0844,-0.0794,-0.0813,-0.093,-0.1158,-0.1479,-0.1833,-0.2157,-0.2424,-0.2658,-0.2897,-0.3165,-0.3459,-0.3745,-0.391,-0.3856,-0.3722,-0.3687,-0.38,-0.4047,-0.4392,-0.4778,-0.5121,-0.5337,-0.5377,-0.5274,-0.5149,-0.5162,-0.5452,-0.6077,-0.6995,-0.8091,-0.9221,-1.0259,-1.1126,-1.1789,-1.2253,-1.2546,-1.2699,-1.2745,-1.2712,-1.2624,-1.2497
-0.1637,-0.1502,-0.136,-0.1212,-0.1058,-0.0904,-0.0755,-0.0626,-0.0539,-0.0527,-0.0635,-0.0894,-0.129,-0.1735,-0.2119,-0.2398,-0.2617,-0.2844,-0.3115,-0.3409,-0.3668,-0.3806,-0.3791,-0.3723,-0.3724,-0.3845,-0.4084,-0.4412,-0.4774,-0.5095,-0.5294,-0.5328,-0.5228,-0.5105,-0.5108,-0.5358,-0.5902,-0.6708,-0.7678,-0.8694,-0.965,-1.0473,-1.1129,-1.1615,-1.1947,-1.2149,-1.2246,-1.2264,-1.2224,-1.2141
-0.1573,-0.1428,-0.1273,-0.1109,-0.0935,-0.0754,-0.0572,-0.0402,-0.0267,-0.0209,-0.0292,-0.058,-0.1077,-0.1657,-0.2129,-0.2417,-0.2597,-0.2786,-0.3036,-0.3318,-0.3558,-0.3691,-0.3715,-0.3704,-0.3745,-0.388,-0.4115,-0.4428,-0.477,-0.5074,-0.5266,-0.5309,-0.5233,-0.5135,-0.5146,-0.5368,-0.5843,-0.6544,-0.7394,-0.8297,-0.9165,-0.9933,-1.0566,-1.1056,-1.141,-1.1645,-1.1783,-1.1842,-1.1842,-1.1797
-0.1514,-0.136,-0.1194,-0.1014,-0.082,-0.0612,-0.0395,-0.0179,0.0015,0.0138,0.0106,-0.0197,-0.0824,-0.1602,-0.2205,-0.2497,-0.2613,-0.2737,-0.2948,-0.3209,-0.3438,-0.358,-0.3642,-0.368,-0.3756,-0.3907,-0.4141,-0.4441,-0.4765,-0.5055,-0.5247,-0.5311,-0.527,-0.5211,-0.5239,-0.5443,-0.5859,-0.6467,-0.7207,-0.8003,-0.8782,-0.9488,-1.0087,-1.0568,-1.0931,-1.1188,-1.1355,-1.1448,-1.1481,-1.1469
-0.1463,-0.13,-0.1123,-0.0928,-0.0716,-0.0483,-0.0231,0.0034,0.0294,0.0502,0.0556,0.0273,-0.05,-0.156,-0.2347,-0.2635,-0.2665,-0.2707,-0.2867,-0.31,-0.3321,-0.3478,-0.3574,-0.3653,-0.376,-0.3926,-0.4161,-0.4449,-0.4758,-0.5036,-0.5233,-0.5322,-0.5324,-0.5306,-0.5359,-0.5552,-0.5919,-0.6446,-0.7089,-0.7787,-0.848,-0.9123,-0.9682,-1.0144,-1.0507,-1.0776,-1.0963,-1.1081,-1.1141,-1.1156
-0.1418,-0.1249,-0.1062,-0.0856,-0.0627,-0.0372,-0.0088,0.0223,0.055,0.0855,0.1027,0.0823,-0.0077,-0.1491,-0.251,-0.2787,-0.2726,-0.2692,-0.2799,-0.3003,-0.3216,-0.3387,-0.3513,-0.3626,-0.3759,-0.394,-0.4174,-0.4454,-0.4749,-0.5018,-0.5221,-0.5335,-0.5378,-0.5404,-0.5482,-0.567,-0.5997,-0.6456,-0.7014,-0.7625,-0.8241,-0.8821,-0.9339,-0.9777,-1.0131,-1.0405,-1.0605,-1.0741,-1.0823,-1.0861
-0.1382,-0.1207,-0.1013,-0.0798,-0.0556,-0.0283,0.0025,0.0374,0.0759,0.1153,0.1454,0.1377,0.0425,-0.1324,-0.2582,-0.2867,-0.2754,-0.2673,-0.2742,-0.292,-0.3125,-0.3307,-0.3459,-0.3599,-0.3755,-0.3947,-0.4183,-0.4453,-0.4737,-0.4999,-0.5208,-0.5346,-0.5427,-0.5491,-0.5593,-0.578,-0.6077,-0.648,-0.6967,-0.7503,-0.8049,-0.8571,-0.9046,-0.9458,-0.9799,-1.0072,-1.0279,-1.0427,-1.0526,-1.0582
-0.1355,-0.1176,-0.0977,-0.0755,-0.0506,-0.0222,0.0103,0.0475,0.0897,0.1349,0.1741,0.1779,0.0868,-0.1029,-0.2444,-0.2794,-0.2708,-0.2633,-0.269,-0.2852,-0.305,-0.324,-0.341,-0.3573,-0.3747,-0.3949,-0.4186,-0.4449,-0.4723,-0.4979,-0.5193,-0.5352,-0.5464,-0.5562,-0.5686,-0.5874,-0.6147,-0.6506,-0.6935,-0.7406,-0.7891,-0.8361,-0.8795,-0.9179,-0.9505,-0.9772,-0.9981,-1.0138,-1.0249,-1.032
-0.1336,-0.1155,-0.0955,-0.073,-0.0477,-0.0189,0.014,0.0519,0.0949,0.1412,0.1819,0.1886,0.106,-0.0703,-0.2109,-0.257,-0.2587,-0.2565,-0.2636,-0.2793,-0.2988,-0.3184,-0.3369,-0.3548,-0.3737,-0.3948,-0.4184,-0.4442,-0.4707,-0.4958,-0.5176,-0.5351,-0.5489,-0.5614,-0.5757,-0.5948,-0.6204,-0.6528,-0.6908,-0.7326,-0.7758,-0.8182,-0.8578,-0.8935,-0.9244,-0.9502,-0.9711,-0.9872,-0.9992,-1.0075
-0.1327,-0.1146,-0.0946,-0.0723,-0.0471,-0.0187,0.0137,0.0504,0.0913,0.134,0.1688,0.1704,0.097,-0.0484,-0.1731,-0.2277,-0.242,-0.2477,-0.258,-0.2742,-0.2937,-0.3138,-0.3333,-0.3526,-0.3726,-0.3943,-0.4179,-0.4432,-0.4689,-0.4936,-0.5157,-0.5344,-0.5502,-0.5649,-0.5808,-0.6002,-0.6245,-0.654,-0.6882,-0.7256,-0.7643,-0.8025,-0.8388,-0.8719,-0.901,-0.9259,-0.9464,-0.9628,-0.9753,-0.9844
-0.1327,-0.1148,-0.0951,-0.0732,-0.0487,-0.0213,0.0094,0.0436,0.0803,0.1162,0.1416,0.1355,0.072,-0.0407,-0.1435,-0.2005,-0.2248,-0.2382,-0.2523,-0.2698,-0.2896,-0.3101,-0.3304,-0.3507,-0.3715,-0.3936,-0.4172,-0.442,-0.4671,-0.4913,-0.5136,-0.5332,-0.5505,-0.5669,-0.584,-0.6036,-0.6269,-0.6543,-0.6854,-0.7191,-0.754,-0.7887,-0.8219,-0.8526,-0.88,-0.9038,-0.9238,-0.9402,-0.9531,-0.9629
-0.1336,-0.1161,-0.0969,-0.0757,-0.0523,-0.0265,0.0019,0.0325,0.0639,0.0919,0.1078,0.096,0.0426,-0.0433,-0.1255,-0.1798,-0.2101,-0.2295,-0.2471,-0.266,-0.2864,-0.3072,-0.3281,-0.349,-0.3705,-0.3928,-0.4163,-0.4406,-0.4652,-0.489,-0.5113,-0.5315,-0.55,-0.5675,-0.5856,-0.6054,-0.6279,-0.6536,-0.6822,-0.7129,-0.7446,-0.7763,-0.8068,-0.8353,-0.861,-0.8837,-0.9032,-0.9194,-0.9325,-0.9427
-0.1353,-0.1184,-0.0999,-0.0797,-0.0577,-0.0338,-0.0081,0.0184,0.0441,0.0648,0.0731,0.0585,0.0142,-0.0517,-0.1173,-0.1665,-0.1992,-0.2225,-0.2427,-0.263,-0.2839,-0.3051,-0.3264,-0.3477,-0.3695,-0.392,-0.4153,-0.4392,-0.4633,-0.4867,-0.5089,-0.5295,-0.5487,-0.5672,-0.5858,-0.6058,-0.6277,-0.652,-0.6786,-0.7068,-0.7359,-0.7649,-0.7931,-0.8196,-0.8438,-0.8654,-0.8842,-0.9002,-0.9133,-0.9239
-0.1378,-0.1215,-0.1039,-0.0849,-0.0645,-0.0427,-0.0201,0.0024,0.0228,0.0374,0.0403,0.025,-0.0116,-0.0631,-0.1159,-0.1596,-0.1923,-0.2176,-0.2396,-0.2609,-0.2822,-0.3037,-0.3252,-0.3468,-0.3687,-0.3912,-0.4143,-0.4378,-0.4613,-0.4844,-0.5064,-0.5273,-0.5469,-0.566,-0.5851,-0.605,-0.6265,-0.6496,-0.6745,-0.7007,-0.7275,-0.7544,-0.7805,-0.8052,-0.828,-0.8486,-0.8667,-0.8823,-0.8954,-0.9062
-0.141,-0.1255,-0.1089,-0.0912,-0.0724,-0.0529,-0.0333,-0.0145,0.0014,0.0112,0.0106,-0.0043,-0.0347,-0.0758,-0.1191,-0.1575,-0.1889,-0.2148,-0.2378,-0.2597,-0.2814,-0.3029,-0.3245,-0.3462,-0.3682,-0.3905,-0.4133,-0.4364,-0.4595,-0.4821,-0.504,-0.5248,-0.5448,-0.5641,-0.5835,-0.6034,-0.6244,-0.6466,-0.6701,-0.6945,-0.7195,-0.7445,-0.7688,-0.7919,-0.8135,-0.8331,-0.8505,-0.8658,-0.8788,-0.8896
