docs/data/wind_grid.json
[{"header":{"la1":42.85,"la2":41.18,"lo1":11.55,"lo2":14.05,"nx":36,"ny":24,"dx":0.07143,"dy":0.07261,"parameterCategory":2,"parameterNumber":2,"parameterNumberName":"eastward_wind","parameterUnit":"m.s-1"},"data":[0.0999,0.0961,0.0922,0.0883,0.0845,0.0811,0.0787,0.0782,0.0798,0.0831,0.0867,0.0886,0.0875,0.0824,0.0733,0.0611,0.0471,0.0331,0.0211,0.0124,0.0075,0.0057,0.006,0.0072,0.0085,0.0097,0.0104,0.0108,0.0108,0.0107,0.0105,0.0103,0.0102,0.0101,0.0102,0.0105,0.0931,0.0884,0.0835,0.0783,0.0727,0.067,0.0626,0.0611,0.064,0.0708,0.0788,0.0847,0.0857,0.0805,0.0691,0.0527,0.0334,0.0141,-0.0018,-0.0118,-0.0155,-0.0145,-0.011,-0.007,-0.0035,-0.0008,0.0009,0.0019,0.0023,0.0025,0.0026,0.0026,0.0027,0.0029,0.0032,0.0037,0.0848,0.079,0.0729,0.0661,0.0578,0.0481,0.0388,0.034,0.0379,0.0508,0.0674,0.0804,0.0851,0.08,0.0653,0.0428,0.0152,-0.013,-0.0354,-0.0468,-0.0472,-0.0404,-0.0312,-0.0229,-0.0164,-0.0121,-0.0093,-0.0077,-0.0069,-0.0064,-0.0061,-0.0059,-0.0055,-0.0051,-0.0045,-0.0037,0.0744,0.0673,0.0602,0.0516,0.0399,0.0233,0.0036,-0.0109,-0.0075,0.0173,0.0505,0.0764,0.0872,0.0822,0.0629,0.0316,-0.0091,-0.0527,-0.0869,-0.0995,-0.091,-0.0726,-0.0541,-0.0397,-0.0299,-0.0237,-0.0201,-0.0181,-0.017,-0.0163,-0.0157,-0.0152,-0.0145,-0.0138,-0.0128,-0.0116,0.061,0.0523,0.0443,0.0351,0.0205,-0.0055,-0.0459,-0.0867,-0.0904,-0.0398,0.0279,0.0756,0.0945,0.0887,0.0632,0.0206,-0.0389,-0.1099,-0.168,-0.1799,-0.15,-0.1098,-0.0775,-0.056,-0.043,-0.0355,-0.0315,-0.0294,-0.0281,-0.0273,-0.0264,-0.0255,-0.0245,-0.0233,-0.0219,-0.0203,0.0432,0.0319,0.023,0.0153,0.0022,-0.0308,-0.1022,-0.2045,-0.2366,-0.1253,0.0082,0.0854,0.1108,0.101,0.0671,0.0131,-0.0671,-0.1802,-0.2862,-0.2918,-0.2166,-0.1438,-0.0967,-0.0696,-0.055,-0.0476,-0.044,-0.0421,-0.0409,-0.0397,-0.0385,-0.0371,-0.0355,-0.0338,-0.0319,-0.0298,0.0191,0.0019,-0.0096,-0.0132,-0.0152,-0.0381,-0.1242,-0.3025,-0.3894,-0.18,0.0248,0.1186,0.1398,0.1181,0.0716,0.0099,-0.0771,-0.2186,-0.3781,-0.3734,-0.2519,-0.1581,-0.1058,-0.079,-0.0661,-0.0606,-0.0583,-0.0571,-0.0559,-0.0542,-0.0523,-0.0501,-0.0478,-0.0454,-0.0428,-0.0401,-0.013,-0.0433,-0.0653,-0.067,-0.0453,-0.0257,-0.0591,-0.179,-0.2318,-0.0484,0.1164,0.1829,0.1826,0.1351,0.0623,-0.0049,-0.0682,-0.1696,-0.2915,-0.2983,-0.2141,-0.1442,-0.1045,-0.0853,-0.078,-0.0764,-0.0764,-0.0758,-0.0741,-0.0714,-0.0681,-0.0648,-0.0615,-0.0581,-0.0548,-0.0514,-0.0523,-0.1084,-0.1625,-0.1814,-0.1275,-0.0277,0.0452,0.0737,0.1178,0.2012,0.2567,0.2702,0.24,0.1475,0.0003,-0.0884,-0.0872,-0.1117,-0.1618,-0.1775,-0.1526,-0.1212,-0.1008,-0.0933,-0.0945,-0.0987,-0.1012,-0.1004,-0.0968,-0.0917,-0.0863,-0.0812,-0.0765,-0.0722,-0.068,-0.0637,-0.0904,-0.1856,-0.3102,-0.408,-0.3264,-0.0826,0.1177,0.2517,0.3762,0.4325,0.3948,0.3654,0.3248,0.1871,-0.1643,-0.3454,-0.1524,-0.1131,-0.1386,-0.1461,-0.1314,-0.1128,-0.104,-0.1085,-0.1212,-0.1332,-0.1376,-0.1338,-0.1253,-0.1157,-0.1069,-0.0994,-0.0931,-0.0875,-0.0823,-0.0772,-0.1094,-0.2378,-0.4452,-0.6967,-0.6211,-0.1485,0.1721,0.3444,0.5531,0.6469,0.4912,0.4548,0.4575,0.3825,-0.0304,-0.3294,-0.1317,-0.1808,-0.2391,-0.2097,-0.1562,-0.1219,-0.116,-0.1352,-0.1667,-0.1903,-0.193,-0.1793,-0.1603,-0.1429,-0.1292,-0.1189,-0.111,-0.1043,-0.0982,-0.092,-0.0924,-0.2146,-0.4106,-0.6434,-0.549,-0.0653,0.2511,0.384,0.4572,0.5493,0.5002,0.5288,0.6071,0.7126,0.5648,0.2039,-0.0799,-0.471,-0.572,-0.3625,-0.2022,-0.1335,-0.1303,-0.176,-0.2451,-0.2882,-0.2775,-0.2382,-0.1997,-0.1713,-0.1522,-0.1395,-0.1303,-0.1228,-0.1158,-0.1085,-0.042,-0.1221,-0.2226,-0.2855,-0.1689,0.0927,0.2896,0.5546,0.2523,0.4027,0.4987,0.5908,0.6731,0.8352,0.7758,0.3717,-0.1335,-1.094,-1.1213,-0.4898,-0.2113,-0.1227,-0.1342,-0.2258,-0.3693,-0.4467,-0.3915,-0.3017,-0.2366,-0.1973,-0.1744,-0.1607,-0.1514,-0.1436,-0.1358,-0.1271,0.022,-0.0155,-0.0446,-0.033,0.0508,0.1712,0.238,0.1481,0.2008,0.3899,0.5148,0.6346,0.6863,0.8428,0.6307,0.3515,0.0003,-0.6136,-0.7274,-0.3342,-0.1281,-0.0719,-0.111,-0.2492,-0.48,-0.5976,-0.4768,-0.3395,-0.2592,-0.217,-0.195,-0.1831,-0.1754,-0.168,-0.1592,-0.1485,0.0819,0.0711,0.0729,0.0994,0.1535,0.216,0.2558,0.2717,0.3318,0.4404,0.5263,0.5802,0.6222,0.6166,0.5387,0.2703,0.1104,-0.0175,-0.1267,-0.0613,0.0072,0.0103,-0.0532,-0.1954,-0.4034,-0.5123,-0.4283,-0.3246,-0.263,-0.231,-0.2158,-0.2091,-0.2047,-0.1981,-0.1876,-0.1736,0.1306,0.1333,0.1462,0.1726,0.2114,0.2545,0.2942,0.3365,0.4003,0.4884,0.5735,0.5812,0.5528,0.5244,0.4543,0.286,0.1617,0.1462,0.1097,0.0974,0.0965,0.0821,0.0131,-0.1069,-0.2427,-0.3236,-0.3226,-0.2912,-0.2631,-0.2461,-0.2407,-0.2425,-0.2437,-0.2375,-0.2229,-0.203,0.1677,0.1768,0.193,0.2174,0.2488,0.2844,0.3227,0.3668,0.4223,0.4905,0.5556,0.5309,0.3895,0.3185,0.4102,0.3735,0.3004,0.2527,0.2235,0.1845,0.1163,0.1079,0.0547,-0.0544,-0.1735,-0.2616,-0.2993,-0.2966,-0.2796,-0.2689,-0.2734,-0.2885,-0.2985,-0.2904,-0.2665,-0.236,0.1953,0.2071,0.2239,0.2461,0.2731,0.3039,0.3379,0.3757,0.4174,0.458,0.4808,0.4537,0.3405,0.3198,0.4812,0.5192,0.4159,0.2984,0.2219,0.2968,0.2441,0.1726,0.0852,-0.0455,-0.2025,-0.3433,-0.3947,-0.3599,-0.3159,-0.2977,-0.3128,-0.3513,-0.3752,-0.3584,-0.3159,-0.2693,0.2155,0.2281,0.2445,0.2646,0.2882,0.3146,0.3433,0.3736,0.4038,0.4292,0.442,0.4355,0.4235,0.4824,0.7241,0.8161,0.5456,0.4023,0.3869,0.5999,0.4559,0.2728,0.1181,-0.0564,-0.2814,-0.5305,-0.5855,-0.4476,-0.3527,-0.3207,-0.3481,-0.4213,-0.4635,-0.4269,-0.3582,-0.2947,0.23,0.2426,0.2579,0.276,0.2965,0.319,0.3428,0.3669,0.3899,0.4091,0.4225,0.4325,0.4551,0.5311,0.7009,0.7513,0.5863,0.5783,0.9334,1.1236,0.6426,0.3416,0.1477,-0.0472,-0.2942,-0.5689,-0.6253,-0.4609,-0.3623,-0.325,-0.3559,-0.4473,-0.4988,-0.4506,-0.3709,-0.3016,0.2401,0.2522,0.2663,0.2824,0.3001,0.3192,0.3389,0.3586,0.3771,0.3935,0.408,0.4239,0.45,0.4983,0.5604,0.5763,0.5464,0.5919,0.7785,0.8298,0.5627,0.3294,0.1772,0.0039,-0.2175,-0.4049,-0.4674,-0.427,-0.346,-0.3059,-0.3242,-0.3895,-0.4313,-0.403,-0.3439,-0.2866,0.2469,0.2581,0.271,0.2852,0.3005,0.3167,0.3332,0.3494,0.3649,0.3792,0.3931,0.4084,0.4285,0.4546,0.4794,0.4891,0.4907,0.5149,0.557,0.5316,0.4029,0.2907,0.2363,0.0901,-0.1353,-0.3469,-0.4848,-0.4173,-0.2987,-0.2641,-0.2749,-0.3089,-0.3347,-0.3271,-0.2954,-0.257,0.251,0.2614,0.2729,0.2854,0.2986,0.3124,0.3262,0.3398,0.3528,0.3651,0.377,0.3894,0.4031,0.4172,0.4286,0.4338,0.4353,0.4376,0.4314,0.3917,0.3201,0.2849,0.2872,0.1537,-0.0588,-0.2433,-0.3379,-0.2921,-0.2168,-0.219,-0.2343,-0.2517,-0.2648,-0.2633,-0.2472,-0.2233,0.2532,0.2626,0.2729,0.2838,0.2952,0.3069,0.3185,0.3298,0.3406,0.3507,0.3603,0.3695,0.3783,0.3857,0.3904,0.391,0.3872,0.3784,0.3594,0.3245,0.2821,0.2592,0.2369,0.1374,-0.0134,-0.146,-0.218,-0.2217,-0.2047,-0.2064,-0.2111,-0.2161,-0.2197,-0.2174,-0.2075,-0.1918]},{"header":{"la1":42.85,"la2":41.18,"lo1":11.55,"lo2":14.05,"nx":36,"ny":24,"dx":0.07143,"dy":0.07261,"parameterCategory":2,"parameterNumber":3,"parameterNumberName":"northward_wind","parameterUnit":"m.s-1"},"data":[-0.1932,-0.1834,-0.1724,-0.1603,-0.1483,-0.1377,-0.1307,-0.1296,-0.1361,-0.1503,-0.1707,-0.1947,-0.2199,-0.2444,-0.267,-0.2872,-0.3044,-0.3184,-0.3287,-0.3351,-0.3381,-0.3385,-0.3372,-0.3352,-0.3331,-0.3313,-0.3298,-0.3288,-0.3281,-0.3277,-0.3275,-0.3275,-0.3275,-0.3275,-0.3276,-0.3276,-0.1904,-0.1783,-0.1638,-0.147,-0.1288,-0.1111,-0.0973,-0.0919,-0.0984,-0.1175,-0.146,-0.1792,-0.2129,-0.2444,-0.2727,-0.2975,-0.3186,-0.3354,-0.3472,-0.3535,-0.3549,-0.3527,-0.3487,-0.3444,-0.3405,-0.3375,-0.3352,-0.3337,-0.3327,-0.3321,-0.3318,-0.3316,-0.3315,-0.3315,-0.3315,-0.3314,-0.1893,-0.1749,-0.1566,-0.1338,-0.1067,-0.0774,-0.0511,-0.0364,-0.0419,-0.0694,-0.1121,-0.1599,-0.2056,-0.2462,-0.2813,-0.3116,-0.3376,-0.3586,-0.3728,-0.3787,-0.3768,-0.3701,-0.3619,-0.3543,-0.3482,-0.3438,-0.3408,-0.3388,-0.3376,-0.3368,-0.3364,-0.3361,-0.336,-0.3359,-0.3357,-0.3355,-0.1909,-0.1746,-0.1525,-0.1228,-0.0839,-0.0364,0.0133,0.0487,0.0477,0.0035,-0.0657,-0.1372,-0.1996,-0.2512,-0.2939,-0.3303,-0.3625,-0.3903,-0.4093,-0.4142,-0.4058,-0.391,-0.3762,-0.3642,-0.3556,-0.3499,-0.3463,-0.3441,-0.3428,-0.342,-0.3415,-0.3411,-0.3409,-0.3407,-0.3404,-0.3401,-0.1962,-0.1791,-0.1544,-0.1182,-0.0657,0.0078,0.1,0.1832,0.197,0.1156,-0.0062,-0.115,-0.1986,-0.262,-0.3118,-0.3537,-0.393,-0.4322,-0.4622,-0.4653,-0.4432,-0.4141,-0.3899,-0.373,-0.3622,-0.3557,-0.3519,-0.3498,-0.3486,-0.3478,-0.3472,-0.3468,-0.3464,-0.346,-0.3456,-0.3452,-0.2058,-0.19,-0.1652,-0.1258,-0.0624,0.0396,0.1959,0.3817,0.44,0.2699,0.0521,-0.1043,-0.2083,-0.2821,-0.3377,-0.3821,-0.4253,-0.4799,-0.5331,-0.5329,-0.484,-0.4342,-0.3998,-0.379,-0.3673,-0.3611,-0.3579,-0.3563,-0.3553,-0.3545,-0.3538,-0.3532,-0.3526,-0.352,-0.3514,-0.3508,-0.2202,-0.2083,-0.1876,-0.1512,-0.0868,0.0278,0.2319,0.542,0.6777,0.3718,0.0604,-0.1216,-0.2342,-0.3159,-0.3778,-0.4201,-0.4538,-0.5087,-0.5849,-0.581,-0.5045,-0.44,-0.4015,-0.3809,-0.3709,-0.3667,-0.3651,-0.3643,-0.3636,-0.3626,-0.3616,-0.3606,-0.3596,-0.3588,-0.3579,-0.3571,-0.2385,-0.2336,-0.2221,-0.1964,-0.1442,-0.0482,0.1184,0.3622,0.459,0.2151,-0.0237,-0.1695,-0.2737,-0.367,-0.4481,-0.4893,-0.4893,-0.4987,-0.54,-0.5358,-0.4765,-0.4244,-0.3937,-0.3792,-0.3744,-0.3742,-0.3751,-0.3753,-0.3744,-0.3728,-0.3709,-0.3692,-0.3677,-0.3664,-0.3653,-0.3641,-0.2589,-0.2636,-0.2663,-0.2583,-0.2246,-0.1589,-0.0694,0.018,0.0321,-0.0461,-0.138,-0.2213,-0.3111,-0.4327,-0.5857,-0.6492,-0.5692,-0.4933,-0.4689,-0.4534,-0.4238,-0.3959,-0.3803,-0.3769,-0.381,-0.3872,-0.3911,-0.3915,-0.3891,-0.3856,-0.382,-0.3791,-0.3768,-0.3751,-0.3736,-0.3722,-0.2782,-0.2932,-0.3139,-0.3301,-0.3113,-0.257,-0.2078,-0.1787,-0.1747,-0.1851,-0.206,-0.248,-0.3204,-0.4733,-0.8244,-1.001,-0.6833,-0.4964,-0.4283,-0.3994,-0.3799,-0.368,-0.3677,-0.3791,-0.3967,-0.4119,-0.4183,-0.416,-0.4091,-0.4014,-0.395,-0.3903,-0.3871,-0.3849,-0.3831,-0.3813,-0.2922,-0.3142,-0.3488,-0.389,-0.3791,-0.3195,-0.2899,-0.2714,-0.2263,-0.2063,-0.2276,-0.2455,-0.2853,-0.3863,-0.7389,-0.996,-0.6284,-0.4551,-0.3966,-0.3661,-0.3475,-0.3439,-0.3589,-0.3917,-0.4318,-0.4602,-0.4653,-0.4529,-0.4352,-0.4199,-0.4092,-0.4025,-0.3986,-0.3961,-0.394,-0.3919,-0.2989,-0.3204,-0.3518,-0.3853,-0.3781,-0.3456,-0.3469,-0.3488,-0.3034,-0.2452,-0.239,-0.2224,-0.2326,-0.2757,-0.2997,-0.4304,-0.4185,-0.4058,-0.3941,-0.349,-0.3189,-0.3188,-0.3525,-0.4205,-0.504,-0.5542,-0.5445,-0.5042,-0.4657,-0.4391,-0.4236,-0.4154,-0.4113,-0.409,-0.4069,-0.4044,-0.2992,-0.3157,-0.3352,-0.3509,-0.3531,-0.3605,-0.3912,-0.3226,-0.4585,-0.3235,-0.2424,-0.1768,-0.1567,-0.2018,-0.1382,-0.228,-0.2987,-0.4562,-0.4588,-0.3344,-0.2797,-0.2816,-0.3393,-0.4631,-0.6319,-0.7204,-0.6597,-0.5614,-0.4927,-0.4546,-0.4363,-0.4286,-0.4259,-0.4246,-0.4227,-0.4195,-0.2964,-0.3082,-0.3208,-0.332,-0.3434,-0.3662,-0.4162,-0.5209,-0.481,-0.3431,-0.2498,-0.1398,-0.0831,0.1386,-0.0782,-0.1226,-0.1512,-0.3171,-0.3542,-0.2598,-0.2055,-0.2141,-0.2979,-0.4781,-0.7517,-0.8886,-0.7483,-0.5901,-0.5019,-0.4615,-0.4464,-0.4432,-0.4441,-0.4446,-0.4427,-0.4381,-0.2926,-0.3016,-0.3113,-0.3216,-0.3347,-0.3549,-0.3844,-0.4097,-0.392,-0.3567,-0.3272,-0.235,-0.1022,-0.0019,-0.0627,-0.002,0.1382,-0.0804,-0.1688,-0.1336,-0.0739,-0.0933,-0.2088,-0.4006,-0.6533,-0.7836,-0.6785,-0.5515,-0.4841,-0.4588,-0.4559,-0.4622,-0.4693,-0.4721,-0.4692,-0.4616,-0.2886,-0.2958,-0.3037,-0.3127,-0.3235,-0.3369,-0.3514,-0.3616,-0.37,-0.4173,-0.5693,-0.3392,-0.2501,-0.1431,-0.1195,-0.0261,0.073,-0.0424,-0.0856,-0.0211,0.119,0.0722,-0.1022,-0.2758,-0.4347,-0.5209,-0.5077,-0.4685,-0.4498,-0.4533,-0.4704,-0.4918,-0.5075,-0.5116,-0.5045,-0.4907,-0.2844,-0.2903,-0.2967,-0.3038,-0.3119,-0.3208,-0.33,-0.3403,-0.3611,-0.4216,-0.5391,-0.4058,-0.3289,-0.3198,-0.2021,-0.1267,-0.081,-0.0827,-0.0752,0.0074,0.15,0.1042,-0.0548,-0.1926,-0.2942,-0.3497,-0.3728,-0.3922,-0.4193,-0.4547,-0.4977,-0.5405,-0.5673,-0.5685,-0.5506,-0.525,-0.2802,-0.2849,-0.2899,-0.2953,-0.3011,-0.3073,-0.3141,-0.323,-0.3385,-0.3641,-0.3796,-0.3463,-0.3382,-0.3301,-0.2399,-0.1885,-0.1255,-0.1102,-0.1626,0.0013,0.0703,0.0364,-0.0567,-0.1576,-0.2283,-0.2535,-0.2766,-0.3361,-0.4038,-0.4693,-0.542,-0.6159,-0.6562,-0.6444,-0.6043,-0.5609,-0.276,-0.2795,-0.2833,-0.2872,-0.2912,-0.2954,-0.2999,-0.3054,-0.3125,-0.3191,-0.3173,-0.303,-0.2882,-0.2672,-0.2618,-0.2667,-0.1366,-0.0386,0.0109,0.2785,0.1898,0.0603,-0.048,-0.1452,-0.2038,-0.1746,-0.1701,-0.3033,-0.414,-0.497,-0.593,-0.7049,-0.7591,-0.7212,-0.6515,-0.5894,-0.2718,-0.2744,-0.277,-0.2796,-0.2821,-0.2845,-0.2868,-0.2889,-0.2903,-0.2894,-0.2833,-0.2713,-0.2556,-0.2403,-0.2457,-0.2372,-0.1028,0.1217,0.6048,0.8246,0.3582,0.1108,-0.0251,-0.1393,-0.2217,-0.1822,-0.1681,-0.378,-0.4748,-0.5353,-0.6208,-0.7406,-0.7991,-0.7486,-0.6678,-0.5999,-0.2677,-0.2694,-0.2711,-0.2726,-0.2738,-0.2747,-0.275,-0.2745,-0.2726,-0.2683,-0.2603,-0.2482,-0.2326,-0.2155,-0.1977,-0.1574,-0.053,0.1399,0.4281,0.5196,0.2927,0.1257,0.0225,-0.1143,-0.2775,-0.4406,-0.6593,-0.6418,-0.5835,-0.5854,-0.6207,-0.6893,-0.7315,-0.7034,-0.6449,-0.5891,-0.2637,-0.2648,-0.2656,-0.2662,-0.2663,-0.2659,-0.2647,-0.2624,-0.2586,-0.2525,-0.2434,-0.2309,-0.2148,-0.1945,-0.1667,-0.1209,-0.0425,0.0722,0.1909,0.2276,0.1802,0.1749,0.157,-0.0294,-0.2915,-0.5898,-0.8702,-0.7686,-0.676,-0.654,-0.6319,-0.6367,-0.6486,-0.6363,-0.6034,-0.5652,-0.2601,-0.2605,-0.2606,-0.2604,-0.2596,-0.2582,-0.256,-0.2525,-0.2475,-0.2405,-0.2308,-0.2182,-0.2019,-0.1808,-0.1523,-0.112,-0.0564,0.0105,0.0708,0.1051,0.1385,0.2403,0.2769,0.0481,-0.2475,-0.5079,-0.6746,-0.7113,-0.7737,-0.7402,-0.6605,-0.6174,-0.6008,-0.5861,-0.5644,-0.5383,-0.2567,-0.2566,-0.2561,-0.2553,-0.2539,-0.2517,-0.2487,-0.2446,-0.2389,-0.2314,-0.2217,-0.2093,-0.1936,-0.1738,-0.1484,-0.1161,-0.0768,-0.0341,0.0053,0.0394,0.0847,0.1532,0.154,-0.0045,-0.2252,-0.422,-0.5666,-0.6844,-0.7846,-0.7502,-0.6624,-0.6037,-0.5725,-0.5523,-0.5334,-0.5135]}]