docs/data/wind_grid.json
[{"header":{"la1":42.85,"la2":41.18,"lo1":11.55,"lo2":14.05,"nx":36,"ny":24,"dx":0.07143,"dy":0.07261,"parameterCategory":2,"parameterNumber":2,"parameterNumberName":"eastward_wind","parameterUnit":"m.s-1"},"data":[-0.0769,-0.0847,-0.0929,-0.1019,-0.1116,-0.122,-0.1325,-0.1429,-0.1529,-0.1632,-0.1752,-0.1904,-0.2095,-0.2326,-0.2585,-0.2848,-0.308,-0.3233,-0.3267,-0.3166,-0.2958,-0.2713,-0.2502,-0.2355,-0.2262,-0.2195,-0.2131,-0.206,-0.1981,-0.1895,-0.1806,-0.1717,-0.163,-0.1546,-0.1467,-0.1393,-0.079,-0.0873,-0.0963,-0.1063,-0.1176,-0.1299,-0.1426,-0.1542,-0.164,-0.1727,-0.1829,-0.1977,-0.219,-0.2471,-0.2807,-0.3168,-0.3502,-0.3728,-0.3757,-0.3543,-0.3137,-0.2699,-0.2385,-0.2241,-0.2201,-0.2188,-0.2159,-0.2104,-0.2028,-0.1939,-0.1844,-0.1748,-0.1654,-0.1565,-0.1481,-0.1403,-0.0818,-0.0908,-0.1006,-0.1117,-0.1252,-0.1411,-0.1582,-0.1731,-0.1824,-0.1869,-0.192,-0.204,-0.2267,-0.2607,-0.3046,-0.3554,-0.4063,-0.4439,-0.449,-0.4062,-0.3231,-0.2385,-0.1934,-0.1903,-0.2035,-0.2145,-0.2179,-0.2148,-0.2075,-0.1981,-0.1878,-0.1774,-0.1674,-0.1579,-0.149,-0.1409,-0.0856,-0.0954,-0.1058,-0.118,-0.134,-0.156,-0.1829,-0.207,-0.2168,-0.2111,-0.2035,-0.2083,-0.231,-0.2717,-0.3286,-0.4001,-0.4808,-0.552,-0.5722,-0.4927,-0.3134,-0.133,-0.0769,-0.1222,-0.1778,-0.21,-0.2214,-0.2203,-0.2127,-0.2023,-0.1909,-0.1795,-0.1687,-0.1587,-0.1494,-0.1409,-0.0909,-0.1018,-0.1127,-0.1249,-0.1428,-0.1733,-0.2205,-0.2709,-0.2869,-0.2554,-0.2179,-0.2078,-0.2294,-0.2774,-0.3489,-0.4461,-0.5735,-0.7184,-0.8036,-0.6807,-0.2957,0.1178,0.1477,-0.034,-0.1595,-0.2141,-0.2301,-0.2282,-0.2186,-0.2063,-0.1934,-0.181,-0.1694,-0.1588,-0.1492,-0.1405,-0.0984,-0.1115,-0.123,-0.1333,-0.1489,-0.1857,-0.2661,-0.3851,-0.4294,-0.3285,-0.2282,-0.1968,-0.2191,-0.2762,-0.3611,-0.4813,-0.6636,-0.942,-1.2346,-1.1171,-0.4404,0.2941,0.2744,-0.0319,-0.1858,-0.2378,-0.2466,-0.2387,-0.2249,-0.2098,-0.1951,-0.1815,-0.1692,-0.1582,-0.1483,-0.1395,-0.1083,-0.1259,-0.1402,-0.1475,-0.152,-0.1792,-0.2784,-0.4925,-0.601,-0.3763,-0.2044,-0.165,-0.1983,-0.2694,-0.3651,-0.4923,-0.6964,-1.0792,-1.6616,-1.5954,-0.8344,-0.2602,-0.1188,-0.2159,-0.2722,-0.2808,-0.2687,-0.2499,-0.2303,-0.2119,-0.1954,-0.1808,-0.1679,-0.1567,-0.1468,-0.138,-0.1195,-0.1443,-0.1664,-0.1747,-0.1609,-0.1517,-0.1991,-0.3434,-0.4133,-0.2295,-0.1061,-0.105,-0.1689,-0.2653,-0.3758,-0.4902,-0.6465,-0.9302,-1.3025,-1.2898,-1.0747,-0.872,-0.5937,-0.4439,-0.3716,-0.3246,-0.288,-0.258,-0.2329,-0.2118,-0.1939,-0.1786,-0.1656,-0.1544,-0.1446,-0.136,-0.129,-0.1613,-0.1899,-0.2009,-0.1796,-0.1256,-0.0788,-0.0525,0.0004,0.0714,0.0592,-0.0228,-0.1353,-0.2751,-0.4344,-0.5378,-0.5963,-0.7278,-0.9058,-1.0738,-1.4049,-1.2917,-0.839,-0.5681,-0.4274,-0.3472,-0.2959,-0.2593,-0.2313,-0.2088,-0.1904,-0.1751,-0.1623,-0.1514,-0.142,-0.1337,-0.1335,-0.1744,-0.2108,-0.2259,-0.2205,-0.1207,0.0098,0.1679,0.3927,0.4706,0.2681,0.0647,-0.0976,-0.2836,-0.5911,-0.748,-0.6098,-0.642,-0.7548,-0.9324,-1.211,-1.1389,-0.7998,-0.5599,-0.4215,-0.3406,-0.2895,-0.2534,-0.2255,-0.2031,-0.185,-0.1703,-0.1581,-0.1479,-0.1391,-0.1314,-0.1297,-0.1842,-0.2715,-0.4219,-0.3825,-0.1408,0.044,0.2554,0.7839,1.0525,0.4457,0.1241,-0.0558,-0.2189,-0.5263,-0.7423,-0.593,-0.6709,-0.7537,-0.7811,-0.8141,-0.7622,-0.6109,-0.4682,-0.3726,-0.3145,-0.2753,-0.2439,-0.2174,-0.1957,-0.1784,-0.1646,-0.1535,-0.1444,-0.1364,-0.1293,-0.1114,-0.1674,-0.2629,-0.4001,-0.3505,-0.1104,0.0195,0.0804,0.4369,0.7115,0.3712,0.1451,-0.0232,-0.1617,-0.2339,-0.3793,-0.576,-0.9695,-1.0706,-0.8137,-0.6368,-0.5309,-0.438,-0.3626,-0.318,-0.2938,-0.268,-0.2375,-0.2095,-0.1875,-0.171,-0.1587,-0.1492,-0.1413,-0.1344,-0.1279,-0.0773,-0.1158,-0.1658,-0.2014,-0.1492,-0.0395,-0.0119,-0.0941,0.0349,0.2686,0.2748,0.2157,0.0838,-0.1591,-0.168,-0.2645,-0.59,-1.7693,-1.8166,-0.9035,-0.527,-0.3707,-0.3001,-0.2786,-0.2987,-0.3171,-0.2855,-0.238,-0.202,-0.1786,-0.1635,-0.1535,-0.146,-0.1398,-0.1339,-0.1279,-0.035,-0.0529,-0.0672,-0.0626,-0.0252,0.0209,0.0231,-0.0218,0.0572,0.2522,0.3285,0.3366,0.3017,0.0161,-0.0808,-0.2128,-0.3933,-1.0615,-1.2138,-0.6494,-0.3209,-0.1883,-0.1649,-0.21,-0.3179,-0.3839,-0.3117,-0.234,-0.1905,-0.1683,-0.1566,-0.15,-0.1454,-0.141,-0.1359,-0.1299,0.007,0.0036,0.0068,0.0225,0.0517,0.0836,0.1057,0.1354,0.2397,0.4231,0.5547,0.4973,0.3179,0.2848,-0.0151,-0.2253,-0.5968,-0.4571,-0.4123,-0.2,0.0101,0.0598,-0.0045,-0.1106,-0.2479,-0.3222,-0.2663,-0.2029,-0.1706,-0.157,-0.1521,-0.1507,-0.1496,-0.1468,-0.1417,-0.1349,0.0444,0.0498,0.0614,0.0815,0.1103,0.1458,0.1903,0.2624,0.4024,0.6723,1.1271,0.8762,0.6182,0.3204,0.1148,-0.1716,-0.4206,-0.1796,0.0073,0.1767,0.3863,0.3367,0.1603,0.018,-0.098,-0.1627,-0.1667,-0.154,-0.1483,-0.1493,-0.1538,-0.159,-0.1617,-0.1598,-0.1531,-0.1436,0.0762,0.0868,0.1029,0.1259,0.1567,0.1971,0.2524,0.3366,0.4763,0.7188,1.058,0.8577,0.6521,0.5819,0.3595,0.2034,0.1403,0.2882,0.4561,0.4425,0.4664,0.416,0.26,0.1195,0.0102,-0.0594,-0.0965,-0.1198,-0.1376,-0.1522,-0.166,-0.179,-0.1862,-0.1829,-0.1711,-0.156,0.1026,0.1163,0.1349,0.1596,0.1916,0.2331,0.2883,0.3643,0.4691,0.5997,0.6967,0.67,0.6444,0.6492,0.6907,0.7169,0.5961,0.7701,1.0299,0.7669,0.5729,0.453,0.3243,0.1823,0.0565,-0.0249,-0.071,-0.1149,-0.1491,-0.1702,-0.1901,-0.2133,-0.2263,-0.2172,-0.1947,-0.1704,0.1241,0.1396,0.1594,0.1845,0.216,0.2553,0.3047,0.3661,0.4386,0.5124,0.5656,0.59,0.6261,0.7624,1.3074,1.5539,0.9457,0.9236,1.0909,1.1497,0.866,0.6033,0.4117,0.2277,0.056,-0.0263,-0.047,-0.1407,-0.1924,-0.2041,-0.2194,-0.2536,-0.2746,-0.2542,-0.2165,-0.1821,0.1415,0.1578,0.1779,0.2023,0.232,0.2676,0.3099,0.3587,0.4118,0.4639,0.5098,0.5552,0.6312,0.8203,1.2465,1.3877,1.016,1.0253,1.5382,1.7964,1.1333,0.7608,0.5328,0.2913,0.0383,-0.063,-0.0747,-0.277,-0.2909,-0.2514,-0.2398,-0.2699,-0.2937,-0.2676,-0.2235,-0.1851,0.1553,0.1717,0.1913,0.2146,0.2419,0.2735,0.3096,0.3496,0.3919,0.4347,0.4783,0.5295,0.606,0.7338,0.8975,0.9555,0.908,0.9939,1.2885,1.3873,1.0976,0.9179,0.7653,0.4447,0.0269,-0.3805,-0.814,-0.7062,-0.4308,-0.2947,-0.2465,-0.2496,-0.2612,-0.2435,-0.2095,-0.1765,0.166,0.1821,0.2009,0.2226,0.2475,0.2755,0.3067,0.3404,0.3762,0.4135,0.4538,0.5011,0.5621,0.6398,0.7179,0.7654,0.7963,0.8693,0.9831,1.0396,1.072,1.2728,1.2999,0.7704,0.1054,-0.5798,-1.2237,-0.9015,-0.4293,-0.2855,-0.2383,-0.2223,-0.2182,-0.2059,-0.184,-0.1598,0.1741,0.1897,0.2074,0.2275,0.25,0.275,0.3022,0.3315,0.3625,0.3954,0.4311,0.4715,0.5183,0.5702,0.6205,0.6629,0.7043,0.7598,0.8304,0.9195,1.1232,1.5891,1.7395,1.0388,0.2772,-0.3137,-0.643,-0.4813,-0.2371,-0.2263,-0.2168,-0.1985,-0.1857,-0.1733,-0.1575,-0.14,0.1801,0.1949,0.2115,0.23,0.2505,0.2728,0.2968,0.3225,0.3497,0.3786,0.4096,0.4433,0.4799,0.5184,0.5564,0.5929,0.6311,0.6771,0.7377,0.8337,1.0195,1.2996,1.3384,0.9023,0.3619,-0.0523,-0.2668,-0.2651,-0.206,-0.205,-0.1943,-0.1751,-0.1593,-0.1462,-0.1333,-0.12]},{"header":{"la1":42.85,"la2":41.18,"lo1":11.55,"lo2":14.05,"nx":36,"ny":24,"dx":0.07143,"dy":0.07261,"parameterCategory":2,"parameterNumber":3,"parameterNumberName":"northward_wind","parameterUnit":"m.s-1"},"data":[-0.1452,-0.1293,-0.1118,-0.0929,-0.0734,-0.0549,-0.0402,-0.0328,-0.0349,-0.0465,-0.065,-0.0863,-0.1066,-0.1239,-0.1373,-0.147,-0.1537,-0.1583,-0.1615,-0.164,-0.1662,-0.1684,-0.1707,-0.1732,-0.1764,-0.1804,-0.1855,-0.1916,-0.1986,-0.2063,-0.2145,-0.2232,-0.232,-0.2408,-0.2494,-0.2578,-0.1388,-0.1198,-0.0981,-0.0734,-0.0459,-0.0176,0.0071,0.0214,0.0193,0.0003,-0.03,-0.0634,-0.0935,-0.1173,-0.1343,-0.1457,-0.1529,-0.1573,-0.1602,-0.1624,-0.1646,-0.1667,-0.1686,-0.1706,-0.1731,-0.1769,-0.1821,-0.1886,-0.1963,-0.205,-0.2142,-0.2239,-0.2337,-0.2435,-0.253,-0.2622,-0.1327,-0.1102,-0.0839,-0.0523,-0.0138,0.0309,0.0751,0.1047,0.1045,0.0715,0.0188,-0.0355,-0.0803,-0.1126,-0.1337,-0.1464,-0.1535,-0.1573,-0.1596,-0.1616,-0.1643,-0.167,-0.1685,-0.169,-0.1701,-0.1732,-0.1784,-0.1855,-0.1941,-0.2038,-0.2143,-0.2252,-0.2362,-0.2471,-0.2576,-0.2677,-0.1267,-0.1006,-0.0698,-0.0313,0.0208,0.0913,0.1742,0.241,0.249,0.1858,0.0875,-0.0034,-0.0697,-0.1121,-0.1368,-0.1499,-0.156,-0.1586,-0.1599,-0.1616,-0.166,-0.1718,-0.1729,-0.1695,-0.1674,-0.1691,-0.1744,-0.1822,-0.192,-0.203,-0.2149,-0.2272,-0.2396,-0.2518,-0.2635,-0.2746,-0.1202,-0.0896,-0.0551,-0.0125,0.0512,0.1571,0.3146,0.4761,0.5141,0.375,0.1782,0.0259,-0.0675,-0.1191,-0.1454,-0.1569,-0.1606,-0.1615,-0.162,-0.1623,-0.1691,-0.1853,-0.185,-0.1715,-0.1638,-0.164,-0.1697,-0.1787,-0.1899,-0.2026,-0.2163,-0.2303,-0.2444,-0.2581,-0.2711,-0.2832,-0.1122,-0.0736,-0.0338,0.0062,0.0669,0.202,0.4775,0.8666,1.0055,0.6605,0.2663,0.033,-0.0828,-0.1375,-0.1616,-0.1688,-0.1676,-0.1663,-0.1699,-0.1661,-0.1648,-0.1951,-0.1923,-0.167,-0.1561,-0.1568,-0.164,-0.1748,-0.1881,-0.2029,-0.2186,-0.2348,-0.2508,-0.2663,-0.2808,-0.2941,-0.1029,-0.0467,0.0111,0.045,0.0663,0.1768,0.5284,1.2201,1.5579,0.8562,0.2554,-0.0141,-0.1238,-0.1698,-0.1882,-0.1889,-0.178,-0.1698,-0.1827,-0.1768,-0.1374,-0.1463,-0.1528,-0.1434,-0.1413,-0.147,-0.1573,-0.1708,-0.1866,-0.204,-0.2224,-0.2411,-0.2595,-0.2771,-0.2932,-0.3077,-0.0991,-0.0113,0.1058,0.1642,0.0836,0.0631,0.2828,0.7842,1.015,0.479,0.0449,-0.1269,-0.1863,-0.2139,-0.2316,-0.2282,-0.1994,-0.169,-0.1585,-0.1291,-0.0527,-0.0466,-0.0848,-0.1082,-0.1225,-0.1355,-0.15,-0.1667,-0.1855,-0.2062,-0.2279,-0.2498,-0.2711,-0.2912,-0.3092,-0.325,-0.1187,-0.0085,0.2016,0.3776,0.1129,-0.0995,-0.1082,-0.027,-0.0504,-0.2084,-0.2805,-0.2669,-0.2475,-0.2609,-0.3099,-0.3206,-0.2471,-0.1742,-0.1241,-0.0502,0.0782,0.0563,-0.0338,-0.0808,-0.1059,-0.1243,-0.1423,-0.1624,-0.185,-0.2097,-0.2357,-0.2618,-0.2868,-0.3097,-0.3299,-0.347,-0.1763,-0.1056,0.0238,0.1065,-0.1389,-0.3181,-0.4459,-0.5875,-0.8089,-0.8732,-0.6063,-0.3766,-0.2751,-0.2851,-0.4505,-0.5499,-0.3138,-0.1789,-0.1148,-0.0478,0.0367,0.0292,-0.0307,-0.0699,-0.094,-0.1134,-0.1336,-0.1572,-0.1847,-0.215,-0.2467,-0.2782,-0.3079,-0.3344,-0.357,-0.3751,-0.2547,-0.2553,-0.311,-0.5031,-0.5117,-0.5332,-0.7143,-0.9316,-1.3746,-1.6155,-0.8367,-0.4006,-0.2467,-0.2393,-0.4,-0.5419,-0.2642,-0.1553,-0.119,-0.0782,-0.0392,-0.0303,-0.0464,-0.0659,-0.0828,-0.0995,-0.121,-0.1496,-0.1842,-0.2225,-0.2623,-0.3011,-0.3368,-0.3677,-0.3925,-0.4112,-0.3215,-0.3555,-0.4336,-0.5443,-0.5675,-0.6857,-0.9559,-1.1678,-1.2498,-1.278,-0.7038,-0.3059,-0.1768,-0.2165,-0.1833,-0.1298,-0.0891,-0.1505,-0.1719,-0.1053,-0.059,-0.0425,-0.0451,-0.0552,-0.0648,-0.0763,-0.1001,-0.1376,-0.1836,-0.2337,-0.2847,-0.3336,-0.3771,-0.413,-0.44,-0.4581,-0.3657,-0.4042,-0.4614,-0.5279,-0.6109,-0.7956,-1.1092,-1.4039,-1.229,-0.8553,-0.4533,-0.1337,-0.0341,-0.2132,-0.1094,0.1485,0.1087,-0.316,-0.3481,-0.1157,-0.0367,-0.0156,-0.0214,-0.0345,-0.0375,-0.0379,-0.0679,-0.1223,-0.1853,-0.2517,-0.3182,-0.3807,-0.4346,-0.4761,-0.504,-0.5192,-0.3918,-0.4288,-0.4781,-0.5427,-0.6387,-0.7976,-1.0242,-1.2327,-1.099,-0.6849,-0.3289,-0.0028,0.1347,0.5638,0.3066,0.6162,0.4773,0.0145,-0.1404,-0.0261,0.043,0.0574,0.0273,-0.0089,-0.0149,-0.0018,-0.0412,-0.1141,-0.1955,-0.2817,-0.3691,-0.4508,-0.5184,-0.5657,-0.5915,-0.5991,-0.4051,-0.4389,-0.4825,-0.5393,-0.616,-0.7172,-0.8269,-0.8786,-0.7683,-0.5587,-0.3821,-0.1555,0.1729,0.5653,0.4244,0.739,0.8874,0.3848,0.1195,0.1193,0.2279,0.2238,0.1128,0.0225,-0.013,-0.0164,-0.0523,-0.125,-0.2194,-0.3294,-0.4467,-0.5572,-0.6438,-0.6953,-0.712,-0.7032,-0.4091,-0.4382,-0.474,-0.5172,-0.5681,-0.6216,-0.661,-0.6564,-0.5964,-0.5613,-0.7204,-0.3467,-0.1626,0.1064,0.2189,0.4692,0.6747,0.3174,0.1146,0.2342,0.6474,0.5425,0.2171,0.0562,-0.0045,-0.0291,-0.0644,-0.1367,-0.2502,-0.3972,-0.5634,-0.7219,-0.8368,-0.886,-0.8776,-0.8359,-0.4067,-0.4303,-0.4575,-0.4876,-0.5182,-0.5438,-0.5552,-0.5444,-0.5226,-0.5469,-0.6799,-0.4745,-0.4343,-0.4516,-0.1323,0.0325,0.0882,-0.0445,-0.1387,0.1156,0.6977,0.5684,0.2091,0.0581,0.0225,0.0252,-0.0034,-0.1042,-0.2695,-0.4834,-0.7344,-0.9802,-1.1394,-1.1661,-1.0978,-0.9957,-0.4004,-0.4187,-0.4385,-0.4583,-0.4759,-0.4878,-0.4899,-0.4817,-0.4715,-0.474,-0.4763,-0.4422,-0.5159,-0.5477,-0.4903,-0.481,-0.33,-0.4167,-0.6151,-0.2651,0.0739,0.1473,0.0598,0.0225,0.0862,0.2137,0.2197,0.0158,-0.2646,-0.5824,-0.9677,-1.3723,-1.5999,-1.5508,-1.3614,-1.1656,-0.3922,-0.406,-0.4199,-0.4328,-0.4429,-0.4483,-0.4476,-0.4415,-0.4337,-0.4278,-0.4225,-0.425,-0.466,-0.5842,-1.0582,-1.2768,-0.6437,-0.5042,-0.5674,-0.4452,-0.2618,-0.1387,-0.096,-0.0306,0.1772,0.5989,0.6875,0.1822,-0.2697,-0.6823,-1.2134,-1.8472,-2.1598,-1.9562,-1.5983,-1.3026,-0.3834,-0.3937,-0.4035,-0.4118,-0.4177,-0.4201,-0.4187,-0.4143,-0.4088,-0.4048,-0.4057,-0.4212,-0.4747,-0.6298,-1.0008,-1.1148,-0.6904,-0.5104,-0.5544,-0.594,-0.4115,-0.297,-0.2326,-0.1311,0.1128,0.6347,0.7543,0.0543,-0.3807,-0.7656,-1.3108,-2.0381,-2.3881,-2.1036,-1.6796,-1.3521,-0.375,-0.3826,-0.3895,-0.395,-0.3986,-0.3997,-0.3985,-0.3957,-0.3927,-0.392,-0.3975,-0.4168,-0.4637,-0.5572,-0.6812,-0.6987,-0.577,-0.4944,-0.5064,-0.5119,-0.4475,-0.4219,-0.3955,-0.3027,-0.1725,-0.1341,-0.4274,-0.4892,-0.6071,-0.8449,-1.2043,-1.7029,-1.9864,-1.8469,-1.5554,-1.2972,-0.3673,-0.373,-0.3779,-0.3817,-0.384,-0.3847,-0.384,-0.3825,-0.3816,-0.3831,-0.39,-0.4065,-0.4375,-0.4831,-0.5252,-0.529,-0.4934,-0.4624,-0.4584,-0.4658,-0.4994,-0.6024,-0.6316,-0.4971,-0.4105,-0.5257,-0.7827,-0.7456,-0.8802,-0.992,-1.1021,-1.3156,-1.4826,-1.4692,-1.3363,-1.1793,-0.3604,-0.3648,-0.3684,-0.3712,-0.3728,-0.3734,-0.3732,-0.3728,-0.3731,-0.3755,-0.3819,-0.3939,-0.4125,-0.4348,-0.4523,-0.4554,-0.4459,-0.4375,-0.4422,-0.4704,-0.556,-0.7308,-0.7836,-0.6119,-0.5234,-0.5875,-0.7201,-0.9338,-1.2842,-1.2233,-1.1026,-1.1211,-1.1823,-1.1917,-1.138,-1.0523,-0.3545,-0.3579,-0.3607,-0.3628,-0.3641,-0.3648,-0.365,-0.3653,-0.3663,-0.3688,-0.3739,-0.3822,-0.3934,-0.4055,-0.4149,-0.4189,-0.4193,-0.422,-0.4353,-0.4703,-0.5443,-0.6488,-0.6769,-0.6006,-0.5634,-0.6198,-0.764,-1.0429,-1.3369,-1.2597,-1.0928,-1.0296,-1.0259,-1.0217,-0.9932,-0.944]}]