docs/data/wind_grid.json
[{"header":{"la1":42.85,"la2":41.18,"lo1":11.55,"lo2":14.05,"nx":36,"ny":24,"dx":0.07143,"dy":0.07261,"parameterCategory":2,"parameterNumber":2,"parameterNumberName":"eastward_wind","parameterUnit":"m.s-1"},"data":[3.9887,3.99,3.99,3.9883,3.9844,3.9775,3.9663,3.9493,3.925,3.892,3.8495,3.7973,3.7353,3.6637,3.5835,3.4975,3.4107,3.331,3.2669,3.2244,3.2047,3.2036,3.2141,3.2295,3.2449,3.2573,3.2657,3.2698,3.2702,3.2674,3.2624,3.2559,3.2484,3.2406,3.2329,3.2256,4.0084,4.0114,4.0134,4.014,4.0128,4.0088,4.0006,3.9858,3.9619,3.9269,3.8797,3.8202,3.7479,3.6624,3.5634,3.4529,3.3376,3.2302,3.1467,3.099,3.0885,3.1056,3.1366,3.1702,3.1995,3.2216,3.2361,3.2438,3.2459,3.2438,3.2386,3.2316,3.2234,3.215,3.2067,3.1991,4.0285,4.0334,4.0375,4.0408,4.0429,4.0433,4.04,4.0295,4.0073,3.97,3.917,3.849,3.7656,3.6643,3.5421,3.3979,3.2386,3.0847,2.9681,2.9151,2.9263,2.9787,3.0445,3.1052,3.153,3.1866,3.2076,3.2184,3.2217,3.2194,3.2136,3.2055,3.1963,3.1868,3.1778,3.1697,4.0488,4.0557,4.062,4.0681,4.074,4.08,4.0844,4.0819,4.0638,4.0234,3.962,3.8839,3.7892,3.6724,3.5242,3.3356,3.1082,2.8716,2.6931,2.6365,2.6987,2.819,2.9413,3.0398,3.1099,3.1553,3.1818,3.1946,3.1977,3.1944,3.1869,3.1771,3.1663,3.1556,3.1456,3.1369,4.0694,4.0781,4.0865,4.095,4.1045,4.1168,4.1324,4.1448,4.1351,4.0879,4.0123,3.9222,3.8186,3.6904,3.5189,3.2794,2.9526,2.5676,2.2642,2.2134,2.3923,2.6364,2.8414,2.9849,3.0767,3.1313,3.1605,3.1728,3.174,3.1681,3.1579,3.1457,3.1328,3.1204,3.1093,3.1,4.09,4.1007,4.1109,4.121,4.1325,4.1492,4.177,4.2139,4.2213,4.1579,4.0586,3.9576,3.8517,3.7221,3.5402,3.2602,2.8201,2.2044,1.6611,1.6421,2.0521,2.4793,2.7759,2.9569,3.0613,3.1179,3.1447,3.153,3.1498,3.1397,3.1257,3.1101,3.0945,3.0801,3.0677,3.0579,4.1107,4.1236,4.1357,4.1467,4.1577,4.1726,4.2024,4.2586,4.2864,4.1991,4.0808,3.9812,3.8851,3.7686,3.5996,3.3206,2.8303,2.0297,1.2162,1.2424,1.8924,2.4504,2.7862,2.971,3.0684,3.1156,3.1335,3.1338,3.1237,3.1075,3.0885,3.0687,3.0499,3.0333,3.0196,3.0094,4.1317,4.1474,4.1621,4.1746,4.1838,4.1903,4.2008,4.2278,4.2359,4.1575,4.0649,3.9902,3.9161,3.825,3.6926,3.471,3.0715,2.4024,1.6951,1.6698,2.1802,2.6259,2.8893,3.0279,3.0948,3.1209,3.1236,3.1124,3.0931,3.0695,3.0443,3.0197,2.9972,2.9782,2.9633,2.9532,4.1526,4.1722,4.1913,4.208,4.219,4.2193,4.2038,4.1714,4.1207,4.0623,4.025,3.9906,3.9418,3.8784,3.7936,3.659,3.4267,3.0661,2.6947,2.5895,2.7433,2.9269,3.0464,3.1063,3.1276,3.1255,3.1093,3.0844,3.0547,3.0226,2.9905,2.9604,2.9339,2.9124,2.8967,2.8872,4.1729,4.1974,4.2233,4.2489,4.2706,4.2791,4.2536,4.1597,3.9913,3.9097,3.9692,3.9906,3.9572,3.9089,3.867,3.8172,3.7303,3.59,3.4178,3.283,3.2222,3.203,3.1906,3.1728,3.1484,3.1183,3.0836,3.0452,3.0047,2.9637,2.924,2.8877,2.8569,2.833,2.8171,2.8093,4.1911,4.2212,4.2556,4.2947,4.338,4.3792,4.3897,4.2661,3.8198,3.6161,3.9288,4.0074,3.9541,3.8838,3.8774,3.9148,3.9535,3.9672,3.8895,3.7117,3.5228,3.3757,3.2718,3.1976,3.1399,3.0891,3.0398,2.99,2.9394,2.8891,2.8411,2.7979,2.7622,2.7361,2.7209,2.7165,4.2055,4.2406,4.283,4.3362,4.4058,4.4997,4.6191,4.6693,4.2408,3.8951,4.0493,4.0695,3.9407,3.7454,3.7989,3.9645,4.1474,4.3662,4.3404,4.0068,3.6668,3.4197,3.2601,3.1594,3.0891,3.0302,2.9733,2.915,2.8552,2.7952,2.7376,2.6861,2.6446,2.6166,2.6037,2.6052,4.2145,4.2525,4.2998,4.3615,4.4472,4.575,4.7707,4.9908,4.7794,4.3576,4.2202,4.21,4.0779,3.7001,3.773,4.0476,4.3229,4.8215,4.7961,4.1388,3.6182,3.2949,3.1265,3.0439,2.9907,2.9393,2.8816,2.8178,2.7494,2.6785,2.6087,2.5458,2.4967,2.4672,2.4592,2.4711,4.217,4.2553,4.3025,4.3632,4.4452,4.5599,4.714,4.8603,4.7435,4.4305,4.2935,4.3552,4.3669,4.1674,4.0776,4.261,4.4756,4.6087,4.5019,3.864,3.2422,2.9087,2.8345,2.848,2.85,2.8196,2.7651,2.6969,2.6199,2.5356,2.4485,2.3682,2.3078,2.2774,2.2793,2.3088,4.2131,4.2491,4.2919,4.3441,4.4084,4.4853,4.5639,4.598,4.5131,4.3738,4.3033,4.2767,4.2416,4.2111,4.2389,4.6108,5.0479,4.4868,3.9737,3.1893,2.3034,2.0944,2.3703,2.6022,2.6894,2.6793,2.6237,2.5508,2.4655,2.3642,2.2498,2.1401,2.0612,2.032,2.0537,2.1135,4.2039,4.2358,4.2721,4.3131,4.358,4.4023,4.4338,4.4314,4.3861,4.3405,4.354,4.2298,4.2471,4.2691,4.3117,4.5691,4.8259,4.3183,3.6387,2.3942,0.5888,0.8619,1.9002,2.4047,2.545,2.5211,2.4498,2.3754,2.2881,2.1653,2.0049,1.8415,1.7311,1.7102,1.7716,1.8829,4.1906,4.2181,4.2477,4.2788,4.3093,4.335,4.3491,4.3458,4.3299,4.3243,4.347,4.3073,4.4094,4.4781,4.3612,4.3625,4.3072,4.0342,3.6122,2.4838,0.3944,0.764,1.9053,2.3766,2.4307,2.3206,2.2181,2.1646,2.0967,1.949,1.7085,1.4447,1.283,1.2915,1.4307,1.6253,4.1749,4.1981,4.222,4.2457,4.2674,4.2844,4.2942,4.2962,4.2951,4.2991,4.3098,4.3363,4.4565,4.4942,4.4162,4.3786,4.2081,3.9657,3.869,3.414,2.4437,2.1631,2.4085,2.4884,2.3015,2.0138,1.8862,1.9215,1.9148,1.7414,1.3714,0.9334,0.7007,0.7875,1.0608,1.3707,4.1576,4.1772,4.1967,4.2153,4.2318,4.245,4.2541,4.2597,4.2647,4.2728,4.287,4.3156,4.3646,4.414,4.5662,4.6323,4.2949,4.0568,4.0139,4.0744,3.5805,3.1205,2.8874,2.6178,2.1472,1.605,1.4849,1.7033,1.7815,1.5891,1.0676,0.405,0.1069,0.3246,0.7577,1.1796,4.1397,4.1562,4.1723,4.1874,4.2008,4.2119,4.2207,4.2278,4.235,4.2442,4.258,4.2796,4.3133,4.3767,4.5192,4.552,4.3165,4.2297,4.5867,4.7957,4.0949,3.5864,3.2315,2.7893,2.1596,1.5266,1.4056,1.6392,1.7242,1.5422,0.972,0.214,-0.1054,0.1714,0.6629,1.1205,4.1214,4.1354,4.1489,4.1614,4.1726,4.1822,4.1903,4.1974,4.2046,4.2129,4.2238,4.2393,4.2624,4.2994,4.3436,4.3303,4.2469,4.2399,4.414,4.4545,4.1242,3.8621,3.6129,3.1083,2.4002,1.8093,1.5513,1.6076,1.7157,1.6043,1.1635,0.5683,0.281,0.4511,0.8305,1.2163,4.103,4.1149,4.1263,4.1367,4.1461,4.1542,4.1612,4.1674,4.1733,4.1795,4.1867,4.1956,4.2069,4.2195,4.2242,4.2045,4.1673,4.1559,4.1811,4.1643,4.1232,4.2496,4.2355,3.6049,2.7059,1.9035,1.4407,1.5637,1.7553,1.7287,1.4683,1.1074,0.8933,0.9398,1.156,1.421,4.0847,4.0948,4.1043,4.1129,4.1206,4.1272,4.1328,4.1375,4.1415,4.1451,4.1483,4.1511,4.1529,4.1515,4.1422,4.1214,4.0939,4.0729,4.0634,4.0708,4.1829,4.5362,4.652,3.9613,3.0281,2.254,1.8323,1.8126,1.9031,1.8907,1.7478,1.5473,1.4076,1.399,1.5029,1.6639,4.0664,4.0749,4.0827,4.0897,4.0958,4.1009,4.1049,4.1079,4.1098,4.1106,4.1101,4.1079,4.1031,4.0941,4.0789,4.0567,4.0305,4.0062,3.992,4.0087,4.11,4.3083,4.3158,3.8628,3.2085,2.6377,2.2841,2.1525,2.1226,2.0795,1.9865,1.8693,1.7805,1.758,1.804,1.8967]},{"header":{"la1":42.85,"la2":41.18,"lo1":11.55,"lo2":14.05,"nx":36,"ny":24,"dx":0.07143,"dy":0.07261,"parameterCategory":2,"parameterNumber":3,"parameterNumberName":"northward_wind","parameterUnit":"m.s-1"},"data":[-0.1369,-0.131,-0.1242,-0.1166,-0.1091,-0.1028,-0.1,-0.1028,-0.1134,-0.1326,-0.1606,-0.1966,-0.2403,-0.2916,-0.35,-0.4134,-0.4774,-0.5347,-0.5767,-0.5972,-0.5945,-0.5722,-0.537,-0.4957,-0.4537,-0.4145,-0.3796,-0.3498,-0.325,-0.3048,-0.2887,-0.276,-0.2663,-0.2588,-0.2533,-0.2491,-0.1341,-0.1265,-0.1169,-0.1053,-0.0924,-0.0798,-0.0706,-0.0689,-0.0785,-0.101,-0.1353,-0.1796,-0.2332,-0.2971,-0.3725,-0.4584,-0.5491,-0.6329,-0.6938,-0.7192,-0.707,-0.6655,-0.608,-0.5462,-0.4875,-0.4357,-0.3919,-0.3561,-0.3274,-0.305,-0.2876,-0.2746,-0.2649,-0.2578,-0.2528,-0.2492,-0.1327,-0.1233,-0.1107,-0.0942,-0.0738,-0.0511,-0.0305,-0.0198,-0.0272,-0.0553,-0.1,-0.1557,-0.2209,-0.299,-0.3953,-0.5124,-0.645,-0.774,-0.8678,-0.8993,-0.8655,-0.7879,-0.6935,-0.6013,-0.5205,-0.4536,-0.4002,-0.3584,-0.3263,-0.3021,-0.2842,-0.2713,-0.2622,-0.256,-0.2519,-0.2493,-0.1333,-0.1226,-0.1072,-0.0852,-0.055,-0.0166,0.0248,0.0543,0.0522,0.0117,-0.0528,-0.1251,-0.2027,-0.2944,-0.4136,-0.572,-0.7703,-0.9803,-1.1365,-1.1734,-1.0902,-0.9438,-0.7897,-0.6554,-0.5476,-0.4644,-0.4016,-0.3547,-0.3203,-0.2955,-0.278,-0.2661,-0.2583,-0.2536,-0.2509,-0.2496,-0.1364,-0.1254,-0.1083,-0.0817,-0.0408,0.0197,0.0982,0.1698,0.1812,0.1102,0.0045,-0.0922,-0.1795,-0.279,-0.4176,-0.6241,-0.9187,-1.2746,-1.5563,-1.592,-1.3953,-1.1236,-0.8819,-0.6963,-0.5607,-0.463,-0.3931,-0.3433,-0.3085,-0.2846,-0.2689,-0.259,-0.2535,-0.2508,-0.2501,-0.2505,-0.1424,-0.1325,-0.1162,-0.0885,-0.0403,0.0429,0.1768,0.3372,0.3865,0.2393,0.0546,-0.0689,-0.1542,-0.2475,-0.3921,-0.6375,-1.0439,-1.6267,-2.1475,-2.1588,-1.736,-1.278,-0.9371,-0.7056,-0.5497,-0.444,-0.3718,-0.3228,-0.2901,-0.2693,-0.2569,-0.2504,-0.2481,-0.2484,-0.2501,-0.2526,-0.1509,-0.1442,-0.132,-0.1092,-0.0651,0.0231,0.1963,0.4681,0.5858,0.3128,0.0463,-0.0731,-0.1286,-0.1938,-0.3213,-0.5695,-1.0308,-1.7968,-2.5835,-2.5558,-1.8961,-1.3006,-0.9099,-0.6641,-0.5067,-0.4038,-0.3362,-0.2924,-0.2652,-0.2498,-0.2426,-0.241,-0.243,-0.247,-0.2519,-0.2567,-0.1612,-0.159,-0.154,-0.1429,-0.1184,-0.0629,0.0602,0.2745,0.36,0.1078,-0.0809,-0.1119,-0.0961,-0.1105,-0.1992,-0.4044,-0.7939,-1.4402,-2.1191,-2.1348,-1.6054,-1.1098,-0.7777,-0.5661,-0.4302,-0.3425,-0.2868,-0.253,-0.2346,-0.2271,-0.227,-0.2318,-0.2394,-0.248,-0.2565,-0.264,-0.1716,-0.1743,-0.1775,-0.1811,-0.1847,-0.1867,-0.1857,-0.1953,-0.2737,-0.3725,-0.3163,-0.1636,-0.0357,0.0141,-0.0326,-0.1841,-0.4484,-0.819,-1.1703,-1.2434,-1.0402,-0.7814,-0.5734,-0.4264,-0.3276,-0.2641,-0.226,-0.2063,-0.1998,-0.2027,-0.2118,-0.2246,-0.239,-0.2531,-0.2657,-0.276,-0.1806,-0.1872,-0.1969,-0.2118,-0.2368,-0.2831,-0.3799,-0.5965,-0.9743,-1.0789,-0.6295,-0.1814,0.0881,0.2018,0.1747,0.0353,-0.1668,-0.38,-0.5487,-0.6142,-0.5674,-0.4631,-0.3555,-0.2696,-0.2103,-0.1746,-0.1576,-0.155,-0.1631,-0.1788,-0.1992,-0.2218,-0.2443,-0.2647,-0.2818,-0.2947,-0.1868,-0.1955,-0.2081,-0.2268,-0.2564,-0.3074,-0.4127,-0.7148,-1.6506,-2.1028,-0.8696,-0.0804,0.3111,0.4853,0.4349,0.2255,-0.012,-0.1943,-0.2884,-0.3075,-0.2748,-0.2152,-0.1553,-0.1111,-0.0864,-0.0791,-0.0853,-0.1022,-0.1272,-0.158,-0.1921,-0.2266,-0.2588,-0.2863,-0.3077,-0.3225,-0.19,-0.1989,-0.2108,-0.2266,-0.2467,-0.269,-0.2863,-0.3484,-0.964,-1.4131,-0.5151,0.1961,0.5931,0.8819,0.7437,0.3547,0.0027,-0.239,-0.2864,-0.1992,-0.0948,-0.0121,0.0357,0.0502,0.0417,0.0191,-0.0124,-0.0508,-0.0949,-0.1436,-0.1942,-0.2433,-0.287,-0.3223,-0.3476,-0.363,-0.1906,-0.1984,-0.2077,-0.2181,-0.2264,-0.2228,-0.1821,-0.0918,-0.2225,-0.3728,0.0158,0.6166,0.8098,0.9966,0.8437,0.3108,-0.1025,-0.4397,-0.4366,-0.1515,0.0829,0.2176,0.2536,0.2271,0.1751,0.117,0.0579,-0.0034,-0.069,-0.139,-0.2105,-0.2782,-0.3362,-0.3798,-0.4074,-0.4204,-0.1894,-0.1956,-0.2024,-0.2083,-0.2103,-0.2016,-0.1726,-0.1317,-0.1571,-0.1314,0.1849,1.0317,1.2485,0.5047,0.38,-0.0084,-0.3416,-0.3796,-0.2967,0.056,0.4207,0.5877,0.5499,0.431,0.311,0.2098,0.1222,0.0377,-0.0515,-0.1478,-0.2472,-0.3405,-0.4168,-0.4686,-0.4949,-0.4999,-0.1873,-0.1922,-0.197,-0.2007,-0.2014,-0.1966,-0.1857,-0.1766,-0.1798,-0.1672,-0.0868,0.1488,0.1888,-0.2447,0.0059,-0.5356,-1.1117,-0.4856,-0.0371,0.5283,1.1661,1.2715,0.9583,0.6468,0.4318,0.2877,0.1776,0.0733,-0.042,-0.1732,-0.3134,-0.4445,-0.5456,-0.6037,-0.6204,-0.6071,-0.1849,-0.1889,-0.1926,-0.1957,-0.1972,-0.1972,-0.1971,-0.2033,-0.2301,-0.3214,-0.5483,-0.4655,-0.3086,-0.1931,-0.2087,-0.543,-0.8775,-0.3886,0.1712,1.1267,2.5355,2.2898,1.3564,0.7965,0.5037,0.3411,0.2267,0.11,-0.0354,-0.2168,-0.4213,-0.6135,-0.7491,-0.8057,-0.7951,-0.7457,-0.1826,-0.186,-0.1894,-0.1925,-0.1956,-0.1992,-0.2062,-0.223,-0.2657,-0.3691,-0.5374,-0.4742,-0.5671,-0.6372,-0.3675,-0.3558,-0.3457,-0.1424,0.1793,1.053,2.6923,2.3711,1.3405,0.7731,0.5032,0.3755,0.2859,0.1643,-0.0201,-0.2761,-0.5863,-0.8814,-1.0642,-1.0967,-1.0245,-0.9117,-0.1804,-0.1836,-0.1869,-0.1904,-0.1947,-0.2009,-0.2113,-0.2309,-0.2676,-0.3264,-0.3867,-0.4339,-0.6201,-0.6641,-0.4378,-0.3654,-0.2477,-0.092,-0.0439,0.3359,1.0698,1.2237,0.8909,0.6014,0.4609,0.4266,0.3883,0.2561,0.0177,-0.3407,-0.8138,-1.2768,-1.5148,-1.4735,-1.2884,-1.0839,-0.1784,-0.1814,-0.1847,-0.1887,-0.1937,-0.2008,-0.2119,-0.2295,-0.2562,-0.2914,-0.33,-0.3765,-0.4387,-0.4561,-0.4964,-0.5263,-0.2997,-0.1386,-0.1059,-0.0874,0.225,0.4614,0.4715,0.4199,0.4314,0.5236,0.5387,0.3666,0.0749,-0.3824,-1.0463,-1.7234,-2.0032,-1.8358,-1.5124,-1.2164,-0.1765,-0.1794,-0.1827,-0.1867,-0.1919,-0.199,-0.2092,-0.2235,-0.2428,-0.2665,-0.2933,-0.3231,-0.3537,-0.3864,-0.4599,-0.4741,-0.3107,-0.2242,-0.3713,-0.4675,-0.1152,0.1133,0.2053,0.2743,0.3888,0.5416,0.5707,0.4083,0.1311,-0.3558,-1.1073,-1.8893,-2.1833,-1.9573,-1.5813,-1.2551,-0.1746,-0.1773,-0.1804,-0.1843,-0.1893,-0.1958,-0.2044,-0.2157,-0.2298,-0.2463,-0.2645,-0.2836,-0.3031,-0.3248,-0.347,-0.332,-0.2672,-0.236,-0.2994,-0.3134,-0.1642,-0.0654,-0.003,0.1221,0.2958,0.4491,0.5251,0.4525,0.1972,-0.2519,-0.9034,-1.5601,-1.8492,-1.7273,-1.4483,-1.1807,-0.1726,-0.1751,-0.178,-0.1816,-0.186,-0.1916,-0.1986,-0.2072,-0.2175,-0.2289,-0.2409,-0.2528,-0.2637,-0.2723,-0.2735,-0.2574,-0.227,-0.2074,-0.2093,-0.1998,-0.1852,-0.2421,-0.2494,-0.0613,0.1884,0.4181,0.5814,0.4964,0.2317,-0.1446,-0.6185,-1.0738,-1.3266,-1.3313,-1.1965,-1.0288,-0.1706,-0.1728,-0.1754,-0.1785,-0.1823,-0.1869,-0.1923,-0.1988,-0.206,-0.2136,-0.2211,-0.2278,-0.2326,-0.2339,-0.229,-0.2157,-0.197,-0.1814,-0.1736,-0.1766,-0.2223,-0.3532,-0.3945,-0.1838,0.0789,0.2932,0.4115,0.3625,0.1757,-0.0941,-0.4118,-0.7115,-0.9097,-0.9735,-0.9374,-0.8549,-0.1685,-0.1704,-0.1726,-0.1752,-0.1783,-0.1819,-0.186,-0.1906,-0.1955,-0.2003,-0.2046,-0.2077,-0.2087,-0.2066,-0.2001,-0.1892,-0.1758,-0.1638,-0.158,-0.1667,-0.2079,-0.2814,-0.2903,-0.1626,0.0115,0.1537,0.2251,0.2004,0.0871,-0.088,-0.2942,-0.4917,-0.6388,-0.7143,-0.726,-0.6969]}]