docs/data/wind_grid.json
[{"header":{"la1":42.85,"la2":41.18,"lo1":11.55,"lo2":14.05,"nx":36,"ny":24,"dx":0.07143,"dy":0.07261,"parameterCategory":2,"parameterNumber":2,"parameterNumberName":"eastward_wind","parameterUnit":"m.s-1"},"data":[-0.7831,-0.7749,-0.7651,-0.7536,-0.7402,-0.7246,-0.7065,-0.6849,-0.6588,-0.6265,-0.5861,-0.5364,-0.4777,-0.4133,-0.3522,-0.3076,-0.2915,-0.3053,-0.3401,-0.3834,-0.4264,-0.465,-0.4979,-0.5254,-0.5482,-0.5673,-0.5832,-0.5967,-0.608,-0.6176,-0.6258,-0.6329,-0.639,-0.6443,-0.6491,-0.6533,-0.7927,-0.7847,-0.7749,-0.7633,-0.7496,-0.7337,-0.7152,-0.6933,-0.6662,-0.6313,-0.5851,-0.5242,-0.4464,-0.3537,-0.2584,-0.1868,-0.1665,-0.1999,-0.2637,-0.333,-0.3945,-0.4449,-0.4852,-0.5172,-0.5428,-0.5637,-0.5807,-0.5948,-0.6065,-0.6164,-0.6246,-0.6317,-0.6377,-0.6429,-0.6475,-0.6516,-0.8037,-0.7961,-0.7865,-0.7747,-0.7606,-0.7442,-0.7255,-0.7041,-0.6776,-0.642,-0.5915,-0.5198,-0.4201,-0.2882,-0.1359,-0.0129,0.0126,-0.0631,-0.1783,-0.2846,-0.368,-0.4303,-0.477,-0.5125,-0.5401,-0.5621,-0.5798,-0.5942,-0.606,-0.6158,-0.624,-0.6308,-0.6366,-0.6415,-0.6459,-0.6498,-0.8163,-0.8093,-0.8,-0.788,-0.7731,-0.7556,-0.7362,-0.7157,-0.692,-0.6588,-0.6073,-0.5285,-0.4105,-0.2371,-0.0062,0.2046,0.2355,0.0821,-0.1061,-0.2527,-0.3545,-0.4249,-0.4751,-0.5121,-0.5405,-0.5628,-0.5805,-0.5948,-0.6065,-0.616,-0.6237,-0.6302,-0.6356,-0.6402,-0.6442,-0.6478,-0.8307,-0.8247,-0.816,-0.8039,-0.7878,-0.7676,-0.7451,-0.724,-0.7054,-0.6793,-0.6315,-0.5524,-0.4299,-0.2397,0.0415,0.3313,0.3669,0.1433,-0.0924,-0.2556,-0.361,-0.4311,-0.4802,-0.5163,-0.5439,-0.5656,-0.5828,-0.5966,-0.6077,-0.6167,-0.6239,-0.6297,-0.6345,-0.6386,-0.6422,-0.6454,-0.8471,-0.8428,-0.8355,-0.8238,-0.8063,-0.7817,-0.7509,-0.7224,-0.7089,-0.6973,-0.6585,-0.5863,-0.4775,-0.3159,-0.0838,0.1554,0.195,0.0233,-0.1652,-0.2989,-0.3873,-0.4477,-0.4913,-0.5242,-0.5499,-0.5702,-0.5865,-0.5994,-0.6097,-0.6178,-0.6241,-0.6291,-0.6332,-0.6366,-0.6396,-0.6424,-0.8655,-0.8638,-0.8592,-0.8497,-0.8325,-0.8043,-0.7621,-0.7147,-0.6991,-0.7085,-0.6823,-0.6199,-0.5324,-0.4199,-0.2828,-0.1567,-0.1213,-0.1873,-0.2821,-0.3626,-0.4235,-0.4695,-0.5055,-0.5342,-0.5574,-0.5761,-0.5911,-0.603,-0.6121,-0.6191,-0.6243,-0.6283,-0.6313,-0.6338,-0.6362,-0.6385,-0.8858,-0.8879,-0.8878,-0.8833,-0.871,-0.8458,-0.803,-0.7492,-0.7257,-0.7323,-0.7057,-0.6463,-0.5724,-0.4943,-0.4182,-0.3567,-0.33,-0.343,-0.3781,-0.4182,-0.4561,-0.4899,-0.5193,-0.5444,-0.5654,-0.5827,-0.5964,-0.6069,-0.6148,-0.6203,-0.6241,-0.6266,-0.6284,-0.6299,-0.6315,-0.6333,-0.9072,-0.9144,-0.9209,-0.925,-0.9236,-0.9112,-0.8831,-0.8434,-0.8109,-0.7829,-0.734,-0.6622,-0.5854,-0.5196,-0.4703,-0.4365,-0.4181,-0.4159,-0.4277,-0.4492,-0.4759,-0.5037,-0.53,-0.5534,-0.5732,-0.5894,-0.6019,-0.6111,-0.6173,-0.6211,-0.623,-0.6238,-0.6241,-0.6243,-0.625,-0.6263,-0.9287,-0.9418,-0.9566,-0.9729,-0.9883,-0.9976,-0.9893,-0.949,-0.8826,-0.8288,-0.7628,-0.663,-0.565,-0.4956,-0.4603,-0.4446,-0.434,-0.4279,-0.4329,-0.4519,-0.4795,-0.5091,-0.5366,-0.5606,-0.5805,-0.5962,-0.6076,-0.6152,-0.6194,-0.6209,-0.6205,-0.6191,-0.6174,-0.6162,-0.6159,-0.6168,-0.9488,-0.9677,-0.9915,-1.0217,-1.0593,-1.1016,-1.1305,-1.0849,-0.8979,-0.8198,-0.7833,-0.6429,-0.5055,-0.4185,-0.4048,-0.4157,-0.4106,-0.393,-0.3946,-0.4263,-0.4686,-0.5075,-0.54,-0.5665,-0.5874,-0.603,-0.6134,-0.619,-0.6207,-0.6192,-0.6157,-0.6114,-0.6073,-0.6043,-0.6032,-0.604,-0.9656,-0.9893,-1.0207,-1.0634,-1.1235,-1.2081,-1.3162,-1.3724,-1.1241,-0.9031,-0.7916,-0.6045,-0.4217,-0.2722,-0.3304,-0.3798,-0.3667,-0.3006,-0.2971,-0.376,-0.4504,-0.503,-0.5417,-0.5716,-0.5944,-0.6101,-0.6192,-0.6223,-0.6206,-0.6151,-0.6075,-0.5993,-0.5921,-0.5872,-0.5853,-0.5865,-0.978,-1.0043,-1.0397,-1.0892,-1.1615,-1.2716,-1.4371,-1.5891,-1.4662,-1.0718,-0.7916,-0.5699,-0.4037,-0.2576,-0.3344,-0.3613,-0.3241,-0.1631,-0.1663,-0.3373,-0.4412,-0.4997,-0.5419,-0.576,-0.6017,-0.6179,-0.6252,-0.6248,-0.6184,-0.6076,-0.5942,-0.5807,-0.5695,-0.5624,-0.5604,-0.563,-0.9851,-1.0116,-1.0465,-1.0943,-1.1618,-1.2595,-1.3945,-1.5372,-1.4253,-1.0847,-0.8139,-0.5585,-0.4391,-0.0056,-0.3093,-0.3371,-0.2792,-0.237,-0.2534,-0.3754,-0.446,-0.4887,-0.5349,-0.5787,-0.6101,-0.6268,-0.6311,-0.6258,-0.6131,-0.5949,-0.5734,-0.5523,-0.5357,-0.5265,-0.5255,-0.5316,-0.9875,-1.0118,-1.0427,-1.0824,-1.1336,-1.1973,-1.2645,-1.2939,-1.2123,-1.075,-0.9714,-0.7945,-0.5119,-0.3021,-0.3864,-0.2451,0.0064,-0.2762,-0.3997,-0.4337,-0.4082,-0.4289,-0.5095,-0.5808,-0.6218,-0.6373,-0.636,-0.624,-0.6035,-0.5753,-0.5419,-0.5093,-0.4851,-0.4743,-0.4773,-0.4904,-0.9861,-1.0071,-1.0323,-1.0621,-1.0961,-1.1309,-1.1564,-1.1559,-1.1304,-1.1552,-1.3449,-1.1016,-0.9231,-0.6717,-0.6099,-0.3876,-0.1631,-0.4032,-0.5214,-0.4476,-0.221,-0.2787,-0.4787,-0.5952,-0.6412,-0.648,-0.6369,-0.6173,-0.5884,-0.5472,-0.4955,-0.4442,-0.4089,-0.3989,-0.4118,-0.4382,-0.9823,-0.9998,-1.0194,-1.0409,-1.0627,-1.0819,-1.0939,-1.0973,-1.1075,-1.1732,-1.3213,-1.1885,-1.2532,-1.3188,-0.9654,-0.7852,-0.669,-0.677,-0.6833,-0.5537,-0.2112,-0.2904,-0.5325,-0.6466,-0.6697,-0.6509,-0.6256,-0.6021,-0.568,-0.5108,-0.43,-0.3466,-0.2952,-0.293,-0.3273,-0.3765,-0.9775,-0.9917,-1.007,-1.0226,-1.0375,-1.0501,-1.0595,-1.0679,-1.0844,-1.1197,-1.1565,-1.177,-1.3469,-1.4039,-1.2894,-1.2535,-1.0215,-0.8266,-0.7234,-0.8031,-0.6815,-0.6411,-0.7112,-0.7377,-0.6941,-0.6245,-0.5873,-0.5755,-0.5453,-0.4708,-0.3458,-0.209,-0.1371,-0.1583,-0.2313,-0.3133,-0.9723,-0.9841,-0.9962,-1.0083,-1.0196,-1.0296,-1.0387,-1.0489,-1.0637,-1.0855,-1.1123,-1.1544,-1.2359,-1.3593,-1.7645,-1.9371,-1.3321,-1.0058,-0.9461,-1.2312,-1.1127,-0.9849,-0.9298,-0.85,-0.7039,-0.5547,-0.5206,-0.5428,-0.5252,-0.4388,-0.264,-0.0586,0.0312,-0.03,-0.1506,-0.2655,-0.9675,-0.9774,-0.9875,-0.9974,-1.0069,-1.016,-1.0252,-1.0358,-1.0497,-1.0688,-1.0958,-1.1388,-1.2152,-1.3759,-1.7104,-1.8044,-1.421,-1.2837,-1.6332,-1.8322,-1.4342,-1.2716,-1.1835,-1.0116,-0.7538,-0.5398,-0.5018,-0.5151,-0.5078,-0.4304,-0.2402,-0.0035,0.0928,0.0125,-0.1268,-0.2532,-0.9631,-0.9717,-0.9804,-0.9891,-0.9978,-1.0065,-1.0158,-1.0267,-1.0406,-1.0593,-1.0859,-1.1264,-1.1917,-1.297,-1.4235,-1.4476,-1.3561,-1.3576,-1.5406,-1.6301,-1.5596,-1.6234,-1.6061,-1.3112,-0.8984,-0.5844,-0.4176,-0.4372,-0.488,-0.4502,-0.3031,-0.113,-0.0228,-0.0707,-0.178,-0.2844,-0.9593,-0.967,-0.9749,-0.9828,-0.991,-0.9995,-1.0089,-1.02,-1.0338,-1.052,-1.0767,-1.1113,-1.1594,-1.22,-1.2763,-1.2992,-1.3005,-1.3393,-1.4359,-1.5564,-1.798,-2.2689,-2.3879,-1.8051,-1.1148,-0.5999,-0.3228,-0.3908,-0.4917,-0.4905,-0.402,-0.2814,-0.2094,-0.2177,-0.2759,-0.3469,-0.9559,-0.963,-0.9703,-0.9778,-0.9857,-0.9941,-1.0035,-1.0146,-1.0281,-1.0451,-1.0671,-1.0954,-1.1305,-1.1698,-1.2063,-1.2351,-1.2657,-1.3211,-1.4229,-1.6136,-2.029,-2.7299,-2.9201,-2.1628,-1.3464,-0.799,-0.5363,-0.5146,-0.5535,-0.5487,-0.4946,-0.4214,-0.369,-0.358,-0.3811,-0.4208,-0.953,-0.9596,-0.9665,-0.9737,-0.9813,-0.9896,-0.999,-1.0098,-1.0227,-1.0384,-1.0577,-1.0811,-1.1084,-1.1383,-1.1689,-1.2012,-1.2423,-1.3064,-1.4152,-1.61,-1.9544,-2.3899,-2.4775,-2.0148,-1.4348,-1.0066,-0.7685,-0.6768,-0.6473,-0.6192,-0.5756,-0.5256,-0.4863,-0.469,-0.4732,-0.4918]},{"header":{"la1":42.85,"la2":41.18,"lo1":11.55,"lo2":14.05,"nx":36,"ny":24,"dx":0.07143,"dy":0.07261,"parameterCategory":2,"parameterNumber":3,"parameterNumberName":"northward_wind","parameterUnit":"m.s-1"},"data":[0.1856,0.1704,0.1539,0.1362,0.1177,0.0991,0.0813,0.0648,0.0494,0.0331,0.0131,-0.0142,-0.0509,-0.0952,-0.1395,-0.1701,-0.1739,-0.1478,-0.1001,-0.0435,0.0124,0.0628,0.1061,0.1426,0.1732,0.1987,0.2203,0.2385,0.254,0.2673,0.2789,0.2889,0.2977,0.3055,0.3124,0.3184,0.184,0.167,0.1479,0.1269,0.1044,0.0815,0.0599,0.0411,0.0257,0.011,-0.0085,-0.04,-0.0894,-0.1578,-0.2344,-0.2925,-0.3014,-0.2552,-0.1763,-0.0912,-0.0146,0.0494,0.101,0.1426,0.1761,0.2033,0.2257,0.2444,0.2601,0.2734,0.2849,0.2948,0.3034,0.311,0.3177,0.3236,0.1837,0.1648,0.1429,0.1178,0.0897,0.0599,0.0314,0.0085,-0.0061,-0.0153,-0.0291,-0.0608,-0.1232,-0.225,-0.357,-0.4689,-0.4859,-0.3965,-0.2624,-0.1359,-0.0343,0.0435,0.1025,0.1478,0.1831,0.2111,0.2338,0.2523,0.2678,0.2808,0.2919,0.3015,0.3099,0.3172,0.3236,0.3293,0.1853,0.1647,0.1398,0.1099,0.0743,0.0336,-0.0079,-0.0407,-0.0544,-0.0509,-0.0489,-0.0718,-0.1408,-0.2768,-0.486,-0.6912,-0.7185,-0.5483,-0.3339,-0.1613,-0.0375,0.05,0.113,0.1596,0.195,0.2225,0.2445,0.2623,0.277,0.2894,0.3,0.3091,0.3171,0.324,0.3301,0.3354,0.1895,0.1675,0.1403,0.1057,0.0612,0.0048,-0.0608,-0.1182,-0.1352,-0.105,-0.0693,-0.0696,-0.1294,-0.2747,-0.532,-0.8213,-0.8576,-0.6106,-0.3401,-0.1451,-0.0152,0.0726,0.134,0.1785,0.2118,0.2374,0.2577,0.2742,0.2877,0.2992,0.309,0.3175,0.3249,0.3313,0.337,0.342,0.1966,0.1744,0.146,0.1085,0.0568,-0.0168,-0.119,-0.231,-0.2666,-0.1816,-0.0865,-0.053,-0.0876,-0.1986,-0.4022,-0.6351,-0.6695,-0.4704,-0.2445,-0.0779,0.0347,0.1114,0.1651,0.2039,0.233,0.2554,0.2731,0.2876,0.2996,0.3098,0.3187,0.3264,0.3332,0.3392,0.3445,0.3491,0.2069,0.1857,0.1584,0.1216,0.0692,-0.0114,-0.1405,-0.319,-0.3923,-0.2305,-0.077,-0.0205,-0.0314,-0.0913,-0.1928,-0.2969,-0.3125,-0.2168,-0.0874,0.0226,0.1038,0.1619,0.2036,0.2342,0.2574,0.2754,0.2899,0.302,0.3122,0.321,0.3289,0.3358,0.342,0.3475,0.3523,0.3565,0.2202,0.2012,0.1771,0.1453,0.1011,0.0352,-0.069,-0.2135,-0.2689,-0.1313,-0.013,0.0253,0.0181,-0.0098,-0.044,-0.0678,-0.0576,-0.0068,0.0628,0.128,0.1796,0.2179,0.246,0.2671,0.2834,0.2964,0.3073,0.3167,0.3249,0.3324,0.3392,0.3454,0.351,0.3561,0.3605,0.3644,0.236,0.2199,0.2001,0.1755,0.1444,0.1049,0.0564,0.0112,0.0101,0.0539,0.0781,0.0684,0.0422,0.0199,0.0164,0.0364,0.0774,0.1308,0.1834,0.225,0.2542,0.2743,0.2887,0.2999,0.3091,0.3171,0.3243,0.3309,0.3373,0.3435,0.3494,0.3551,0.3603,0.365,0.3691,0.3726,0.2534,0.2404,0.2248,0.2064,0.1854,0.1638,0.1482,0.1525,0.1842,0.1962,0.1529,0.0892,0.025,-0.0144,-0.0028,0.0592,0.1473,0.2326,0.2912,0.3183,0.3265,0.3281,0.3289,0.3304,0.3328,0.3359,0.3396,0.3439,0.3487,0.3539,0.3593,0.3646,0.3697,0.3742,0.3781,0.3813,0.2719,0.2617,0.2495,0.2348,0.217,0.1958,0.1767,0.1883,0.2623,0.2919,0.1971,0.0799,-0.0448,-0.1335,-0.1066,0.0282,0.2007,0.3514,0.4235,0.4218,0.3974,0.3765,0.3632,0.3559,0.3524,0.3515,0.3523,0.3547,0.3584,0.3631,0.3684,0.374,0.3792,0.3839,0.3877,0.3907,0.291,0.2835,0.2742,0.2616,0.2429,0.2096,0.1402,0.0713,0.2243,0.2723,0.1982,0.0543,-0.1453,-0.35,-0.3005,-0.0232,0.2839,0.5665,0.6354,0.5414,0.4599,0.4131,0.3877,0.3739,0.3664,0.3625,0.3612,0.3624,0.3656,0.3707,0.3768,0.3832,0.3892,0.3943,0.3982,0.4009,0.3107,0.306,0.2998,0.2905,0.2746,0.2418,0.1519,-0.3208,0.3503,0.307,0.2182,0.0466,-0.1463,-0.4628,-0.4171,0.001,0.3883,0.8683,0.8846,0.6249,0.4898,0.4269,0.3969,0.3818,0.3731,0.3676,0.365,0.3657,0.3696,0.3762,0.3843,0.3927,0.4002,0.4061,0.41,0.4122,0.3306,0.3291,0.3268,0.323,0.3165,0.3076,0.3189,0.5054,0.5043,0.4135,0.33,0.0571,-0.0895,-0.4885,-0.1246,0.163,0.4164,0.6931,0.7425,0.5764,0.4615,0.406,0.3862,0.3784,0.3719,0.3656,0.362,0.363,0.3692,0.3793,0.3913,0.4032,0.4131,0.4201,0.424,0.4253,0.3504,0.3523,0.3546,0.3575,0.3619,0.3719,0.4,0.4571,0.5147,0.601,0.6667,0.543,0.2501,0.1822,0.1595,0.3649,0.4786,0.5144,0.5472,0.4745,0.3693,0.337,0.3545,0.3659,0.3631,0.3543,0.3487,0.3514,0.3627,0.3798,0.3988,0.4165,0.43,0.438,0.4411,0.4406,0.3696,0.3748,0.3816,0.3908,0.4043,0.4259,0.4626,0.5247,0.6359,0.8574,1.2201,1.2055,0.9361,0.57,0.4831,0.4687,0.4905,0.529,0.542,0.4134,0.1923,0.2171,0.318,0.3532,0.3471,0.3281,0.3177,0.3254,0.348,0.378,0.4089,0.4356,0.4537,0.462,0.4625,0.4584,0.3874,0.3955,0.4061,0.4204,0.4405,0.4702,0.516,0.5898,0.7147,0.9289,1.2016,1.1819,1.5019,1.6569,0.8554,0.5849,0.5675,0.6711,0.7308,0.5091,0.1788,0.2139,0.3277,0.3514,0.3189,0.2716,0.2525,0.2759,0.3231,0.3756,0.4251,0.4651,0.4884,0.4942,0.4885,0.4783,0.4034,0.4138,0.4271,0.4447,0.4687,0.5022,0.5503,0.6206,0.7226,0.8571,0.9892,1.1282,1.5977,1.6602,0.8158,0.5153,0.6001,0.915,1.2032,0.7719,0.4666,0.3883,0.3908,0.3586,0.2669,0.1542,0.1233,0.1955,0.2916,0.3765,0.4506,0.5085,0.5361,0.5338,0.5169,0.498,0.4172,0.429,0.444,0.4632,0.4883,0.5215,0.5659,0.6247,0.6994,0.7856,0.8733,0.9702,1.064,0.8911,0.2998,0.1148,0.4926,0.8335,0.9948,0.6788,0.5611,0.5006,0.4573,0.3756,0.206,-0.0316,-0.08,0.1129,0.2753,0.386,0.4806,0.5567,0.5855,0.5702,0.5405,0.5133,0.4286,0.4412,0.4567,0.476,0.5002,0.5306,0.5686,0.6148,0.6681,0.7241,0.7757,0.8109,0.79,0.6243,0.2983,0.2027,0.4526,0.613,0.5132,0.4293,0.5414,0.5655,0.5377,0.4374,0.2399,-0.045,-0.1027,0.1702,0.3152,0.4065,0.4963,0.5751,0.6028,0.5825,0.5489,0.5196,0.4376,0.4503,0.4656,0.484,0.5062,0.5327,0.5639,0.5991,0.6366,0.6722,0.6993,0.7062,0.6731,0.5823,0.4652,0.4304,0.4991,0.5546,0.5267,0.5124,0.5967,0.6864,0.6946,0.5779,0.4057,0.3143,0.4257,0.427,0.4057,0.4342,0.4909,0.5488,0.5741,0.5637,0.5395,0.516,0.4446,0.4569,0.4714,0.4884,0.508,0.5304,0.5555,0.5821,0.6084,0.6311,0.6452,0.6442,0.6214,0.5776,0.5322,0.5162,0.535,0.56,0.5755,0.6149,0.7374,0.9375,0.9883,0.7835,0.5663,0.5041,0.5829,0.5368,0.4693,0.4596,0.4832,0.5151,0.5339,0.5333,0.5213,0.5063,0.4497,0.4614,0.4748,0.49,0.5071,0.5258,0.5458,0.566,0.5848,0.5999,0.6083,0.6068,0.5942,0.5735,0.5542,0.5475,0.5566,0.5769,0.6106,0.6829,0.8475,1.1127,1.1829,0.9203,0.6662,0.5528,0.5381,0.5193,0.4884,0.4758,0.482,0.496,0.5068,0.5091,0.5041,0.4956,0.4533,0.4642,0.4764,0.4899,0.5046,0.5202,0.5362,0.5518,0.5658,0.5766,0.5826,0.5826,0.5768,0.5678,0.5602,0.5595,0.5685,0.5893,0.6277,0.7005,0.8305,0.9924,1.0272,0.8728,0.6941,0.5854,0.5385,0.5147,0.4963,0.4858,0.4844,0.4885,0.4929,0.4943,0.4918,0.4867]}]