docs/data/wind_grid.json
[{"header":{"la1":42.85,"la2":41.18,"lo1":11.55,"lo2":14.05,"nx":36,"ny":24,"dx":0.07143,"dy":0.07261,"parameterCategory":2,"parameterNumber":2,"parameterNumberName":"eastward_wind","parameterUnit":"m.s-1"},"data":[0.7213,0.6852,0.6443,0.5999,0.5548,0.5133,0.4814,0.465,0.4686,0.4923,0.5324,0.5827,0.637,0.6904,0.74,0.7839,0.8211,0.8509,0.8728,0.8869,0.894,0.8953,0.8924,0.8868,0.8798,0.8726,0.8659,0.8602,0.856,0.8534,0.8525,0.853,0.8548,0.8576,0.8613,0.8656,0.7235,0.6806,0.6294,0.5706,0.5072,0.4452,0.3941,0.365,0.3668,0.4008,0.4593,0.5306,0.6044,0.6742,0.7368,0.7909,0.8359,0.871,0.8957,0.9098,0.9144,0.9114,0.9036,0.893,0.8815,0.8704,0.8605,0.8526,0.847,0.8436,0.8425,0.8433,0.8457,0.8494,0.854,0.8592,0.7343,0.6846,0.6216,0.5445,0.4554,0.3611,0.2761,0.2222,0.2195,0.2718,0.3623,0.4671,0.5688,0.6597,0.7379,0.804,0.8584,0.9008,0.9291,0.9424,0.9421,0.9322,0.9168,0.8992,0.8816,0.8655,0.8519,0.8414,0.8342,0.8304,0.8295,0.8311,0.8346,0.8395,0.8454,0.852,0.7575,0.7028,0.628,0.5294,0.4053,0.2607,0.1149,0.0092,-0.0056,0.0836,0.234,0.3928,0.5331,0.6496,0.7452,0.8244,0.8904,0.943,0.9775,0.9889,0.9796,0.9578,0.9312,0.904,0.8785,0.8562,0.8382,0.8249,0.8165,0.8127,0.8127,0.8157,0.8211,0.8279,0.8356,0.8438,0.7981,0.7426,0.6593,0.5389,0.3724,0.1553,-0.0982,-0.3177,-0.3667,-0.1939,0.0736,0.3161,0.5046,0.6483,0.7605,0.8521,0.931,0.9996,1.0466,1.0546,1.0279,0.9869,0.9445,0.9049,0.8696,0.8399,0.8168,0.8008,0.7918,0.789,0.791,0.7967,0.8048,0.8143,0.8245,0.8348,0.8614,0.8137,0.7305,0.5948,0.387,0.0842,-0.3315,-0.7865,-0.9309,-0.5631,-0.0874,0.26,0.4947,0.6612,0.7863,0.8858,0.9743,1.0636,1.1358,1.1379,1.0803,1.0127,0.9517,0.8978,0.851,0.8126,0.784,0.7659,0.7576,0.7575,0.7635,0.7734,0.7856,0.7988,0.8122,0.8251,0.9518,0.9265,0.8608,0.7265,0.4933,0.1278,-0.424,-1.1584,-1.4606,-0.8118,-0.1466,0.2571,0.5129,0.6935,0.8276,0.9274,1.0104,1.1037,1.1977,1.194,1.109,1.022,0.9458,0.8772,0.817,0.7683,0.7341,0.7154,0.7105,0.7162,0.7289,0.7454,0.7635,0.7817,0.799,0.8152,1.0703,1.0907,1.0739,0.9711,0.734,0.3502,-0.1728,-0.7869,-1.0188,-0.5379,-0.0345,0.3079,0.5541,0.7468,0.8978,0.9947,1.0479,1.0996,1.1562,1.1539,1.0888,1.0069,0.9217,0.8368,0.7592,0.6975,0.6582,0.6422,0.6458,0.6626,0.6865,0.7129,0.7391,0.7636,0.7857,0.8054,1.2093,1.3071,1.3957,1.3841,1.1487,0.7125,0.2411,-0.1387,-0.2927,-0.1789,0.0784,0.3546,0.5935,0.8141,1.0282,1.1377,1.1248,1.1136,1.119,1.106,1.0581,0.9796,0.8795,0.7689,0.6641,0.5841,0.5414,0.536,0.5579,0.5946,0.6363,0.6768,0.7135,0.7455,0.773,0.7965,1.3432,1.5452,1.8227,2.0415,1.8073,1.1296,0.5312,0.1021,-0.2599,-0.3377,0.0059,0.3544,0.6,0.8479,1.2467,1.4355,1.2347,1.1707,1.1612,1.1291,1.0609,0.957,0.8198,0.6606,0.5071,0.3983,0.3588,0.3817,0.4411,0.5122,0.5804,0.6397,0.689,0.7293,0.7621,0.7892,1.428,1.7108,2.1857,2.7769,2.5931,1.4493,0.6675,0.1694,-0.6753,-1.069,-0.1436,0.3518,0.5569,0.7182,1.144,1.432,1.2426,1.268,1.2934,1.225,1.1018,0.9428,0.7386,0.4896,0.2413,0.0829,0.0681,0.1612,0.2932,0.4197,0.5244,0.6063,0.6689,0.717,0.7544,0.7842,1.4271,1.6942,2.1337,2.6636,2.4466,1.3489,0.6886,0.4462,-0.0976,-0.5049,0.078,0.4013,0.4855,0.4366,0.6165,0.9677,1.2226,1.5404,1.608,1.3933,1.1647,0.9323,0.6347,0.2295,-0.2164,-0.4688,-0.391,-0.1344,0.1268,0.3317,0.4793,0.5834,0.6572,0.7106,0.7507,0.7821,1.3511,1.5229,1.7413,1.8783,1.6186,1.0448,0.6689,0.6043,0.5079,0.3251,0.3897,0.4016,0.4237,0.3563,0.469,0.8704,1.3142,2.0562,2.0717,1.5362,1.2043,0.9219,0.535,-0.0991,-0.9413,-1.379,-1.0308,-0.455,-0.0123,0.2766,0.4605,0.5789,0.6574,0.7116,0.7513,0.7824,1.2477,1.3272,1.3887,1.3617,1.1761,0.9,0.6929,0.6139,0.5925,0.5782,0.563,0.3021,0.2323,0.6817,0.7103,0.9917,1.3183,1.7404,1.7983,1.4523,1.1787,0.924,0.5193,-0.284,-1.5827,-2.2629,-1.5134,-0.6103,-0.0396,0.2895,0.4819,0.5976,0.67,0.7186,0.7546,0.7839,1.1558,1.1811,1.1795,1.1255,1.0099,0.8675,0.7533,0.6976,0.703,0.7561,0.7962,0.7376,0.6972,0.7032,0.8684,1.2082,1.4454,1.4239,1.4279,1.2893,1.1097,0.9515,0.6463,-0.0335,-1.1271,-1.7305,-1.1458,-0.3849,0.1048,0.3856,0.5452,0.6361,0.69,0.7266,0.7566,0.7839,1.0896,1.0904,1.0716,1.0255,0.9553,0.879,0.8212,0.8011,0.8309,0.9168,1.0413,1.0627,1.0162,0.9685,1.0661,1.2704,1.4095,1.3921,1.3619,1.2111,0.9826,0.9599,0.8283,0.432,-0.108,-0.4118,-0.2408,0.0992,0.3682,0.5379,0.6324,0.6792,0.7037,0.7249,0.7502,0.7787,1.0477,1.0402,1.0206,0.9879,0.9464,0.9065,0.8816,0.8833,0.9192,0.9894,1.0646,1.1091,1.3858,1.5381,1.3378,1.3762,1.4286,1.4744,1.478,1.3005,0.9822,0.9964,0.9781,0.7851,0.5549,0.431,0.4519,0.5432,0.6359,0.6957,0.7128,0.7001,0.6874,0.6971,0.7274,0.7652,1.0242,1.0157,1.0005,0.9796,0.9567,0.9384,0.9321,0.9444,0.9783,1.0306,1.0958,1.2153,1.5142,1.6274,1.6297,1.7091,1.6238,1.6351,1.6846,1.5738,1.3509,1.2278,1.1475,1.0198,0.8871,0.8078,0.7952,0.8228,0.8443,0.8267,0.7596,0.6656,0.6096,0.6272,0.6848,0.7452,1.0134,1.0068,0.997,0.9854,0.9749,0.9697,0.9743,0.9925,1.0263,1.0762,1.1475,1.2594,1.4217,1.6276,2.1305,2.3355,1.8527,1.7459,1.8041,1.9441,1.7161,1.4861,1.3354,1.1963,1.0368,0.8498,0.8118,0.9614,1.0086,0.938,0.7755,0.5681,0.4681,0.5295,0.639,0.73,1.011,1.0072,1.0023,0.9977,0.9955,0.9986,1.01,1.0321,1.0669,1.1169,1.1868,1.286,1.4288,1.6644,2.0719,2.1996,1.8977,1.8863,2.3092,2.523,1.9871,1.6866,1.5254,1.3743,1.1872,0.9012,0.8393,1.176,1.201,1.0643,0.8254,0.5286,0.3986,0.4948,0.6344,0.7389,1.0136,1.0126,1.0118,1.0124,1.0159,1.0245,1.0401,1.0646,1.1,1.1484,1.2137,1.3014,1.421,1.5843,1.7645,1.8345,1.8028,1.8772,2.1231,2.2066,1.9802,1.8525,1.7703,1.6081,1.4617,1.4935,1.8298,1.7247,1.4326,1.2113,0.9701,0.6992,0.5603,0.6034,0.701,0.783,1.0192,1.0207,1.0232,1.0275,1.0349,1.0469,1.0651,1.0907,1.1255,1.171,1.2295,1.3037,1.3956,1.5016,1.6012,1.6646,1.7059,1.7784,1.8821,1.9371,1.973,2.1354,2.1753,1.8923,1.6903,1.8336,2.2489,1.9612,1.5031,1.3113,1.1372,0.9399,0.8084,0.7814,0.811,0.8517,1.0264,1.03,1.0349,1.0418,1.0519,1.066,1.0854,1.1111,1.1443,1.1859,1.2371,1.2985,1.369,1.4442,1.5148,1.5737,1.6272,1.6896,1.7626,1.8491,2.0202,2.3595,2.4616,2.0697,1.7796,1.7642,1.8355,1.6166,1.3552,1.3262,1.2386,1.1019,0.9897,0.9325,0.9184,0.925,1.0343,1.0394,1.0461,1.0549,1.0666,1.0819,1.1017,1.1267,1.1576,1.1951,1.2395,1.2904,1.3464,1.4046,1.4612,1.5141,1.5662,1.6232,1.6915,1.7876,1.9494,2.1672,2.2121,1.9817,1.7585,1.6602,1.5957,1.4496,1.331,1.324,1.2736,1.181,1.0936,1.0337,1.0018,0.9887]},{"header":{"la1":42.85,"la2":41.18,"lo1":11.55,"lo2":14.05,"nx":36,"ny":24,"dx":0.07143,"dy":0.07261,"parameterCategory":2,"parameterNumber":3,"parameterNumberName":"northward_wind","parameterUnit":"m.s-1"},"data":[-0.0461,-0.0693,-0.0959,-0.1252,-0.156,-0.1859,-0.2117,-0.23,-0.2385,-0.2369,-0.2272,-0.2124,-0.1952,-0.177,-0.1586,-0.1402,-0.1223,-0.1058,-0.0919,-0.0814,-0.0745,-0.0704,-0.0679,-0.0659,-0.0634,-0.0597,-0.0545,-0.0478,-0.0394,-0.0297,-0.0187,-0.0068,0.0058,0.0188,0.0318,0.0446,-0.0415,-0.0682,-0.1002,-0.1373,-0.1783,-0.2199,-0.257,-0.2833,-0.2936,-0.2877,-0.2699,-0.2461,-0.2211,-0.1966,-0.1726,-0.1487,-0.125,-0.1031,-0.0852,-0.0734,-0.0678,-0.0666,-0.0676,-0.0688,-0.0687,-0.0667,-0.0624,-0.0559,-0.0472,-0.0365,-0.0243,-0.011,0.0032,0.0177,0.0322,0.0464,-0.0323,-0.0622,-0.1002,-0.1471,-0.2023,-0.2624,-0.3193,-0.3603,-0.3739,-0.3588,-0.3251,-0.2863,-0.25,-0.2178,-0.1874,-0.1564,-0.1241,-0.0929,-0.0683,-0.0549,-0.0528,-0.0579,-0.0653,-0.0715,-0.0751,-0.0754,-0.0723,-0.066,-0.0567,-0.0449,-0.031,-0.0158,0.0003,0.0168,0.0331,0.049,-0.0165,-0.0487,-0.0924,-0.1504,-0.2247,-0.3136,-0.4063,-0.4781,-0.4988,-0.4625,-0.3967,-0.3322,-0.2809,-0.2405,-0.2038,-0.1642,-0.1184,-0.0703,-0.0325,-0.0175,-0.0248,-0.0428,-0.0611,-0.0752,-0.0838,-0.087,-0.0853,-0.079,-0.0687,-0.0551,-0.0391,-0.0213,-0.0026,0.0162,0.0348,0.0525,0.0077,-0.0244,-0.0716,-0.1401,-0.2369,-0.3672,-0.5246,-0.6656,-0.7055,-0.6173,-0.4847,-0.379,-0.3106,-0.2649,-0.2247,-0.176,-0.1095,-0.0286,0.0384,0.0534,0.0217,-0.0219,-0.0576,-0.082,-0.0967,-0.1032,-0.1028,-0.0962,-0.0842,-0.0681,-0.0488,-0.0276,-0.0056,0.0163,0.0375,0.0575,0.0422,0.0143,-0.0315,-0.1054,-0.2215,-0.3993,-0.656,-0.9459,-1.0424,-0.8271,-0.5695,-0.4131,-0.3344,-0.2921,-0.2557,-0.2013,-0.1084,0.0305,0.1611,0.1693,0.0817,-0.0035,-0.0606,-0.096,-0.1167,-0.1266,-0.1271,-0.1194,-0.1046,-0.0845,-0.0606,-0.0348,-0.0084,0.0174,0.0419,0.0645,0.0877,0.0704,0.0345,-0.0339,-0.1551,-0.3597,-0.6979,-1.1747,-1.374,-0.9646,-0.5884,-0.4147,-0.3489,-0.3261,-0.3064,-0.2569,-0.1457,0.0525,0.2686,0.2633,0.1097,-0.009,-0.0794,-0.122,-0.1477,-0.1606,-0.1615,-0.1513,-0.1318,-0.1054,-0.0748,-0.0425,-0.0104,0.0203,0.0485,0.074,0.1432,0.1443,0.1304,0.083,-0.0222,-0.2092,-0.5069,-0.9052,-1.0652,-0.7549,-0.4884,-0.38,-0.358,-0.3741,-0.3914,-0.3632,-0.2539,-0.0621,0.1373,0.1533,0.04,-0.0564,-0.1201,-0.164,-0.1943,-0.2106,-0.2111,-0.196,-0.1682,-0.1319,-0.0914,-0.0502,-0.0106,0.0259,0.0585,0.0871,0.2042,0.2323,0.2559,0.2486,0.1714,0.0172,-0.183,-0.3797,-0.4635,-0.4123,-0.3504,-0.3362,-0.3702,-0.4423,-0.5343,-0.5492,-0.4201,-0.2458,-0.1067,-0.058,-0.0836,-0.1304,-0.1784,-0.2245,-0.2632,-0.2856,-0.2845,-0.2597,-0.2172,-0.1651,-0.11,-0.0567,-0.0076,0.0358,0.0733,0.105,0.2615,0.3209,0.398,0.4582,0.4068,0.2481,0.0928,-0.0558,-0.2084,-0.2801,-0.275,-0.3084,-0.3874,-0.5107,-0.7429,-0.8536,-0.5803,-0.3659,-0.2458,-0.189,-0.1785,-0.2004,-0.2458,-0.3069,-0.3673,-0.4029,-0.3971,-0.3518,-0.2825,-0.2047,-0.1285,-0.0592,0.0012,0.0524,0.0948,0.1292,0.3025,0.3837,0.5067,0.645,0.6136,0.4257,0.3281,0.1872,-0.2341,-0.4248,-0.253,-0.2969,-0.412,-0.533,-0.7329,-0.8677,-0.5768,-0.3821,-0.2867,-0.2413,-0.2293,-0.253,-0.3178,-0.4209,-0.5332,-0.5976,-0.5757,-0.4846,-0.3655,-0.2474,-0.1424,-0.0535,0.0197,0.0788,0.1255,0.1616,0.3185,0.3975,0.511,0.6299,0.6078,0.5185,0.5977,0.6728,0.2111,-0.1775,-0.1686,-0.2936,-0.4583,-0.606,-0.6002,-0.5631,-0.4504,-0.3215,-0.2665,-0.249,-0.2481,-0.2871,-0.3919,-0.5804,-0.811,-0.9366,-0.8601,-0.665,-0.4588,-0.2834,-0.1432,-0.0329,0.053,0.1188,0.1681,0.2042,0.3131,0.3731,0.4445,0.5024,0.5152,0.5675,0.7838,1.0817,0.8056,0.2404,-0.0772,-0.3097,-0.4656,-0.6483,-0.6093,-0.496,-0.4004,-0.2398,-0.2229,-0.2404,-0.2477,-0.3014,-0.4524,-0.7742,-1.2486,-1.4995,-1.2617,-0.8625,-0.5325,-0.2926,-0.118,0.0113,0.1072,0.177,0.226,0.259,0.2973,0.339,0.3831,0.4222,0.4625,0.5476,0.7173,0.9055,0.7487,0.3051,-0.0141,-0.3433,-0.4687,-0.6503,-0.5031,-0.5134,-0.5298,-0.3334,-0.2527,-0.2328,-0.2376,-0.293,-0.4584,-0.8799,-1.6365,-2.0509,-1.567,-0.9535,-0.5293,-0.2487,-0.0532,0.0879,0.189,0.2583,0.3025,0.3281,0.2794,0.309,0.3399,0.3718,0.4108,0.4697,0.5455,0.5796,0.47,0.2903,0.1753,0.0207,-0.2406,-0.4025,-0.3983,-0.7016,-1.1277,-0.5515,-0.2709,-0.2087,-0.2453,-0.2837,-0.3862,-0.7259,-1.3547,-1.7152,-1.3262,-0.7934,-0.4065,-0.1373,0.0589,0.2036,0.3046,0.3676,0.4003,0.4123,0.2629,0.2846,0.3072,0.331,0.3577,0.3872,0.4094,0.4007,0.3552,0.3506,0.4981,0.5172,0.2616,-0.0875,-0.1989,-0.5338,-0.8597,-0.4061,-0.1317,-0.159,-0.3794,-0.3471,-0.2869,-0.4375,-0.7232,-0.8853,-0.7437,-0.4658,-0.1995,0.027,0.2151,0.3618,0.4602,0.5095,0.5212,0.5111,0.2486,0.2647,0.281,0.2973,0.3131,0.3262,0.3314,0.3248,0.3199,0.364,0.4831,0.4435,0.4531,0.4553,0.1265,-0.0543,-0.1118,0.0733,0.2168,0.0376,-0.3738,-0.3108,-0.1606,-0.198,-0.3154,-0.3872,-0.3409,-0.1918,0.006,0.2111,0.4041,0.5641,0.6614,0.6862,0.6625,0.6197,0.2368,0.2487,0.2603,0.2713,0.2806,0.287,0.2892,0.2888,0.295,0.3202,0.3539,0.375,0.491,0.52,0.3894,0.3661,0.3172,0.4854,0.6481,0.4642,0.1749,0.0576,0.0501,-0.0114,-0.1416,-0.2867,-0.2882,-0.088,0.1622,0.3922,0.6107,0.804,0.9048,0.8876,0.8105,0.7266,0.2273,0.2363,0.2448,0.2524,0.2586,0.2629,0.2654,0.2683,0.2754,0.2899,0.3099,0.3389,0.3905,0.4597,0.6997,0.8119,0.5667,0.6478,0.7986,0.9864,0.693,0.4243,0.2854,0.1519,-0.1038,-0.5663,-0.6584,-0.1064,0.3151,0.5748,0.8033,1.0308,1.1359,1.0644,0.9318,0.8123,0.2201,0.2271,0.2337,0.2395,0.2444,0.2483,0.2518,0.2563,0.2637,0.2759,0.2942,0.3228,0.3719,0.4723,0.6786,0.7518,0.6486,0.8283,1.4777,1.7793,1.0593,0.6789,0.507,0.3533,0.0729,-0.5412,-0.6791,0.2136,0.6106,0.7881,0.9388,1.1213,1.2123,1.1277,0.9854,0.8594,0.215,0.2208,0.2262,0.2312,0.2357,0.2398,0.2443,0.2501,0.2584,0.2709,0.2895,0.3182,0.3642,0.4382,0.5324,0.5889,0.6407,0.8382,1.2201,1.3442,1.0286,0.8347,0.7463,0.6269,0.5266,0.6303,1.2342,1.2086,1.0758,1.0685,1.0614,1.0937,1.1256,1.0745,0.9727,0.8686,0.2116,0.2166,0.2215,0.2262,0.2308,0.2355,0.2409,0.2478,0.2572,0.2704,0.2893,0.3165,0.3553,0.4074,0.467,0.5262,0.6049,0.7379,0.8972,0.9638,0.9505,1.0317,1.0581,0.8987,0.8805,1.274,1.9299,1.6795,1.5183,1.4496,1.2686,1.1346,1.0714,1.0149,0.9401,0.8585,0.2096,0.2143,0.219,0.2237,0.2286,0.2339,0.2402,0.2481,0.2583,0.2721,0.2907,0.3159,0.3489,0.3902,0.4385,0.4944,0.5651,0.6557,0.7516,0.8355,0.9552,1.1819,1.2501,1.0416,1.0017,1.2383,1.5301,1.6956,2.0338,1.8884,1.5042,1.2349,1.0864,0.9944,0.9177,0.8451,0.2089,0.2134,0.2181,0.223,0.2283,0.2342,0.2412,0.2498,0.2607,0.2748,0.2929,0.3162,0.3455,0.381,0.4232,0.4732,0.5332,0.6039,0.6828,0.7742,0.9023,1.0602,1.1041,1.014,1.0084,1.1537,1.3846,1.7255,2.0969,1.9546,1.5739,1.2835,1.1032,0.9881,0.9033,0.8321]}]