docs/data/wind_grid.json
[{"header":{"la1":42.85,"la2":41.18,"lo1":11.55,"lo2":14.05,"nx":36,"ny":24,"dx":0.07143,"dy":0.07261,"parameterCategory":2,"parameterNumber":2,"parameterNumberName":"eastward_wind","parameterUnit":"m.s-1"},"data":[3.3851,3.3937,3.4024,3.4108,3.418,3.4223,3.4215,3.4125,3.3931,3.3621,3.3204,3.2697,3.2113,3.1454,3.0702,2.9825,2.8773,2.7494,2.596,2.4227,2.25,2.1118,2.0393,2.0409,2.1002,2.1906,2.2896,2.384,2.4683,2.541,2.6029,2.6555,2.7003,2.7388,2.772,2.8009,3.3997,3.4115,3.4243,3.438,3.4519,3.4643,3.4716,3.4687,3.4507,3.416,3.3669,3.3077,3.2417,3.1696,3.0892,2.9951,2.8787,2.7275,2.5281,2.2784,2.0081,1.788,1.6912,1.7313,1.8602,2.0195,2.1726,2.305,2.4145,2.5037,2.5765,2.6363,2.686,2.7279,2.7635,2.7943,3.4136,3.4288,3.4461,3.4659,3.4887,3.5136,3.5356,3.5447,3.5301,3.4881,3.4254,3.3526,3.2766,3.1986,3.1157,3.0212,2.9025,2.7365,2.4868,2.119,1.6601,1.2667,1.1363,1.2825,1.5554,1.8294,2.0572,2.2344,2.3702,2.475,2.5571,2.6227,2.6762,2.7205,2.7579,2.7899,3.4263,3.445,3.4666,3.4927,3.5264,3.57,3.6188,3.6541,3.6478,3.5894,3.4992,3.4031,3.3132,3.2298,3.1486,3.0628,2.96,2.8093,2.5349,2.008,1.1717,0.3668,0.2123,0.6562,1.2104,1.6519,1.9659,2.1859,2.3432,2.4589,2.5469,2.6159,2.6714,2.7171,2.7553,2.7879,3.4375,3.46,3.4855,3.5162,3.5598,3.6282,3.7258,3.8222,3.8384,3.7375,3.5883,3.4537,3.3462,3.2584,3.1828,3.1157,3.0553,2.9857,2.7993,2.1594,0.6537,-1.1308,-1.1782,-0.0253,0.9433,1.5531,1.9305,2.1741,2.3398,2.4583,2.5472,2.6163,2.6718,2.7175,2.7557,2.7883,3.4472,3.4752,3.505,3.5361,3.5811,3.6714,3.8429,4.0765,4.157,3.9403,3.6759,3.4913,3.368,3.2782,3.21,3.1652,3.1648,3.2604,3.4192,2.9524,0.871,-2.042,-1.8969,-0.1623,0.9759,1.6078,1.9759,2.2065,2.3617,2.473,2.557,2.6232,2.6768,2.7213,2.7588,2.7908,3.4545,3.4931,3.5347,3.5631,3.587,3.6691,3.8905,4.2956,4.489,4.0809,3.705,3.4974,3.3722,3.2836,3.2193,3.1881,3.2261,3.4506,4.022,3.8617,2.1261,0.257,-0.0995,0.6937,1.3825,1.8195,2.094,2.2751,2.4028,2.4984,2.5736,2.6346,2.6852,2.7278,2.764,2.7951,3.4544,3.5118,3.592,3.6356,3.5954,3.6096,3.7694,4.0684,4.1995,3.9037,3.6294,3.4695,3.3616,3.2719,3.1981,3.1644,3.1985,3.3469,3.6165,3.4501,2.8801,2.3434,1.8064,1.7358,1.9031,2.089,2.2391,2.3557,2.4491,2.5266,2.5921,2.6479,2.6954,2.7359,2.7706,2.8006,3.435,3.5029,3.6483,3.7767,3.6004,3.5126,3.5777,3.6813,3.7076,3.6246,3.5236,3.4362,3.3515,3.247,3.1214,3.0644,3.1176,3.1909,3.234,3.196,3.3194,3.1781,2.6382,2.3506,2.281,2.3022,2.354,2.4169,2.4832,2.5479,2.6074,2.6601,2.7057,2.7446,2.778,2.8068,3.3879,3.4164,3.4902,3.5433,3.3703,3.3638,3.4288,3.4795,3.4989,3.4928,3.4679,3.427,3.367,3.2427,2.9526,2.7979,3.0297,3.1278,3.1415,3.1474,3.2289,3.1396,2.8336,2.5936,2.4565,2.3953,2.3919,2.4296,2.4891,2.5544,2.6158,2.6696,2.7152,2.7534,2.7856,2.8133,3.3302,3.2904,3.1702,2.8702,2.9142,3.2079,3.3315,3.3846,3.4571,3.4868,3.4578,3.4463,3.429,3.3573,3.0431,2.8069,3.0644,3.1253,3.1172,3.1041,3.0818,2.9979,2.8284,2.6262,2.4423,2.3271,2.3108,2.3693,2.4569,2.5434,2.6172,2.6767,2.7239,2.7618,2.793,2.8194,3.2934,3.228,3.0855,2.8646,2.9171,3.1804,3.2742,3.282,3.3722,3.4463,3.4572,3.4867,3.5181,3.5834,3.4592,3.2576,3.1873,3.0995,3.0642,3.0848,3.057,2.9634,2.7895,2.5237,2.2111,2.0176,2.0565,2.2218,2.3902,2.5216,2.6165,2.684,2.733,2.7699,2.7994,2.8243,3.2863,3.2367,3.162,3.0974,3.135,3.2302,3.2495,3.1999,3.2605,3.3863,3.4749,3.5689,3.5782,3.6475,3.5624,3.355,3.2355,2.9371,2.917,3.0828,3.0825,2.979,2.7532,2.3263,1.6942,1.3307,1.5982,2.0191,2.3214,2.5088,2.6237,2.6957,2.7431,2.7769,2.8036,2.8269,3.2971,3.2693,3.2393,3.2252,3.2435,3.2717,3.2692,3.2396,3.28,3.3937,3.4947,3.6847,3.7108,3.2647,3.3889,3.2697,3.2963,3.1453,3.0754,3.1579,3.1463,3.0385,2.7775,2.202,1.1604,0.5516,1.2057,1.9128,2.3172,2.5325,2.649,2.7141,2.753,2.7801,2.803,2.825,3.3132,3.2998,3.2891,3.2875,3.2969,3.3086,3.313,3.3195,3.3593,3.4253,3.477,3.5132,3.4717,3.411,3.3674,3.2687,3.6159,3.4073,3.307,3.2773,3.2414,3.1501,2.9124,2.3999,1.5358,1.0227,1.506,2.0894,2.4313,2.6073,2.694,2.7352,2.7565,2.7735,2.7928,2.8155,3.3285,3.3233,3.3208,3.3234,3.3309,3.3412,3.3533,3.3727,3.407,3.4498,3.4805,3.438,3.4519,3.4509,3.4395,3.478,3.5972,3.4979,3.4359,3.3728,3.3136,3.2701,3.0932,2.7669,2.3493,2.1083,2.2315,2.4684,2.6335,2.7165,2.7448,2.7444,2.7391,2.7452,2.7657,2.795,3.3416,3.3409,3.3424,3.3472,3.3553,3.3665,3.3814,3.402,3.4293,3.4588,3.4797,3.4736,3.5222,3.5526,3.5257,3.5397,3.5606,3.5866,3.5971,3.4854,3.3376,3.3175,3.223,3.0514,2.886,2.8089,2.8185,2.8417,2.8448,2.8231,2.7755,2.7155,2.6754,2.6779,2.7136,2.7612,3.3521,3.3541,3.3579,3.3642,3.373,3.3848,3.3998,3.4185,3.4402,3.4619,3.48,3.5027,3.5561,3.5878,3.6623,3.7138,3.6784,3.753,3.8721,3.6873,3.5122,3.4172,3.3352,3.2449,3.2049,3.2467,3.2483,3.1377,3.0133,2.8981,2.7634,2.616,2.532,2.5557,2.6358,2.7188,3.3606,3.3643,3.3694,3.3766,3.3859,3.3976,3.4119,3.4288,3.4477,3.4678,3.4899,3.5201,3.5681,3.6657,3.9591,4.0846,3.8092,3.8035,3.8808,3.8701,3.7079,3.5599,3.4576,3.3848,3.3985,3.5799,3.6205,3.3346,3.1111,2.9386,2.7199,2.4511,2.3168,2.4046,2.5583,2.6845,3.3673,3.372,3.378,3.3856,3.3951,3.4065,3.4201,3.4358,3.4536,3.4738,3.4984,3.5327,3.5891,3.7033,3.9281,4.0025,3.8291,3.8287,4.0423,4.1497,3.8584,3.6937,3.5916,3.4907,3.4498,3.6178,3.6644,3.2867,3.1099,2.9687,2.7272,2.3839,2.2187,2.3496,2.5405,2.6841,3.3725,3.3778,3.3843,3.3922,3.4016,3.4127,3.4256,3.4405,3.4576,3.4777,3.5027,3.5366,3.5869,3.6635,3.755,3.7903,3.7707,3.8084,3.9363,3.9836,3.8871,3.861,3.8103,3.6273,3.4079,3.1994,2.8773,2.9234,3.0517,3.0281,2.8516,2.5768,2.422,2.4842,2.617,2.7303,3.3764,3.3821,3.3888,3.3967,3.4059,3.4166,3.429,3.4431,3.4594,3.4786,3.5021,3.532,3.5709,3.6185,3.6653,3.6952,3.715,3.754,3.8158,3.8706,3.9701,4.2153,4.2721,3.884,3.4374,2.9919,2.5458,2.7785,3.1229,3.1656,3.0359,2.8453,2.7136,2.6965,2.7457,2.8078,3.3792,3.3851,3.3918,3.3996,3.4086,3.4189,3.4305,3.4438,3.4591,3.4768,3.4977,3.5228,3.5523,3.585,3.6166,3.644,3.6713,3.7083,3.7628,3.8548,4.0712,4.5067,4.6403,4.0927,3.5478,3.1575,2.9533,3.1245,3.4092,3.3616,3.1955,3.0353,2.9212,2.871,2.8694,2.891,3.3811,3.387,3.3937,3.4013,3.4099,3.4196,3.4305,3.4429,3.4569,3.4728,3.4911,3.5119,3.5351,3.5597,3.5846,3.6093,3.6366,3.6725,3.7267,3.8224,4.0051,4.2649,4.3121,3.9822,3.5964,3.3257,3.2157,3.303,3.4515,3.4021,3.2616,3.1349,3.0421,2.9875,2.9653,2.9638]},{"header":{"la1":42.85,"la2":41.18,"lo1":11.55,"lo2":14.05,"nx":36,"ny":24,"dx":0.07143,"dy":0.07261,"parameterCategory":2,"parameterNumber":3,"parameterNumberName":"northward_wind","parameterUnit":"m.s-1"},"data":[1.2978,1.3009,1.3017,1.3002,1.2962,1.2898,1.2809,1.2692,1.2537,1.2337,1.2079,1.1753,1.1343,1.0837,1.0222,0.9494,0.8664,0.7755,0.6808,0.5881,0.5069,0.4491,0.4246,0.4347,0.4712,0.5222,0.5774,0.6306,0.6787,0.7206,0.7564,0.7866,0.8119,0.8329,0.8505,0.8652,1.3188,1.3238,1.3261,1.3252,1.3216,1.3155,1.3073,1.2965,1.2819,1.2624,1.2366,1.2031,1.1598,1.1042,1.0339,0.9476,0.8457,0.731,0.6074,0.4809,0.364,0.28,0.2524,0.2835,0.353,0.4367,0.5185,0.5912,0.653,0.7042,0.7462,0.7804,0.8083,0.8309,0.8494,0.8646,1.3427,1.3505,1.3545,1.3541,1.35,1.3436,1.336,1.3266,1.3137,1.2953,1.2701,1.2368,1.1928,1.1337,1.0548,0.9528,0.8275,0.6827,0.5227,0.3483,0.1686,0.0304,-0.0011,0.0774,0.2091,0.3442,0.4615,0.5573,0.6335,0.6938,0.7412,0.7787,0.8083,0.8319,0.8507,0.8658,1.3704,1.3826,1.3892,1.3888,1.3826,1.3741,1.3664,1.3594,1.3491,1.3319,1.3078,1.2767,1.2351,1.1758,1.0901,0.9704,0.8151,0.6324,0.4327,0.2018,-0.0894,-0.3549,-0.3867,-0.1931,0.0513,0.2585,0.417,0.5357,0.6248,0.6921,0.7434,0.7826,0.8128,0.8361,0.8544,0.8688,1.4031,1.423,1.4348,1.4339,1.4217,1.4064,1.3969,1.3944,1.3886,1.3713,1.3475,1.3215,1.2884,1.2361,1.1487,1.0106,0.8147,0.5773,0.3409,0.0867,-0.3609,-0.9215,-0.9184,-0.4753,-0.0729,0.2074,0.3996,0.5344,0.6313,0.702,0.7541,0.7929,0.822,0.8439,0.8607,0.8737,1.4413,1.4761,1.5002,1.5,1.4736,1.4405,1.4236,1.4293,1.4324,1.4093,1.3843,1.3693,1.3549,1.3227,1.2462,1.0945,0.8449,0.5117,0.214,0.0533,-0.4012,-1.2413,-1.1828,-0.5506,-0.0793,0.2228,0.4226,0.5599,0.6563,0.725,0.7743,0.81,0.836,0.8551,0.8693,0.8801,1.4823,1.5449,1.6019,1.6116,1.5533,1.4783,1.4403,1.4515,1.4654,1.4319,1.4114,1.418,1.4374,1.4479,1.409,1.2624,0.9615,0.5058,0.0629,0.0336,-0.1486,-0.5846,-0.6246,-0.2793,0.06,0.3113,0.4889,0.6135,0.7007,0.7616,0.8041,0.8337,0.8545,0.8691,0.8796,0.8874,1.5149,1.6194,1.7547,1.8153,1.6799,1.5178,1.4433,1.4366,1.4425,1.4241,1.4275,1.466,1.536,1.6267,1.6842,1.5827,1.2434,0.7408,0.285,0.1156,-0.1071,-0.2064,-0.1338,0.0448,0.2591,0.4466,0.59,0.6926,0.7633,0.8109,0.8424,0.863,0.8763,0.885,0.8908,0.8949,1.5168,1.6474,1.8847,2.0804,1.7839,1.5204,1.4273,1.4032,1.3977,1.4013,1.4331,1.5059,1.6362,1.8615,2.1717,2.2052,1.712,1.1108,0.6157,0.1446,-0.4761,-0.3838,0.0114,0.2626,0.4525,0.6042,0.7167,0.7933,0.8418,0.8709,0.8873,0.8959,0.8998,0.9012,0.9014,0.9014,1.4728,1.5593,1.7026,1.7929,1.5506,1.4277,1.3892,1.3718,1.3559,1.3611,1.4198,1.5243,1.6965,2.0566,2.9706,3.4577,2.2338,1.3758,0.8451,0.3472,-0.1892,-0.1497,0.2105,0.4702,0.6528,0.7845,0.8693,0.9148,0.9342,0.9388,0.936,0.9299,0.9226,0.9156,0.9097,0.9053,1.4044,1.4141,1.3513,1.1135,1.1354,1.3085,1.3569,1.3575,1.3152,1.2919,1.3964,1.5235,1.6903,1.9685,2.8248,3.4829,2.1358,1.342,0.9333,0.6533,0.4237,0.3893,0.534,0.7187,0.8876,1.0073,1.0591,1.0598,1.0378,1.0105,0.9843,0.9611,0.9414,0.9255,0.9133,0.9048,1.3473,1.3255,1.2409,1.09,1.1203,1.2849,1.361,1.3842,1.3502,1.3288,1.4047,1.5187,1.6749,1.862,1.9192,1.9191,1.5075,0.96,0.7365,0.7413,0.7116,0.715,0.8057,0.976,1.1804,1.3125,1.3074,1.2291,1.1462,1.0788,1.0262,0.9847,0.952,0.9271,0.9092,0.8976,1.3124,1.2949,1.2564,1.2184,1.2416,1.3133,1.3772,1.4222,1.3955,1.365,1.409,1.5191,1.617,1.8734,1.7687,1.4778,1.1673,0.3386,0.2759,0.6977,0.8084,0.8642,0.9773,1.2091,1.5558,1.7555,1.6194,1.4021,1.2414,1.1322,1.0537,0.9943,0.949,0.9159,0.8937,0.8807,1.2912,1.2834,1.2716,1.2668,1.283,1.3178,1.3592,1.394,1.3742,1.3298,1.3591,1.5489,1.6014,1.3338,1.4135,1.2981,1.1761,0.7217,0.5683,0.7672,0.8497,0.9139,1.0493,1.3457,1.8696,2.1702,1.8533,1.507,1.2939,1.1575,1.0588,0.9827,0.9252,0.8855,0.8618,0.8508,1.275,1.2728,1.2705,1.2723,1.2817,1.2979,1.3148,1.3194,1.2884,1.2276,1.194,1.2536,1.2849,1.1879,1.2719,1.2658,1.1262,1.0233,0.8883,0.8473,0.828,0.8724,1.0217,1.2984,1.7203,1.9609,1.7477,1.4772,1.2883,1.1491,1.0352,0.9413,0.8709,0.827,0.807,0.8043,1.26,1.2598,1.2596,1.2608,1.264,1.2674,1.2657,1.2485,1.1995,1.0953,0.9132,0.9951,1.082,1.1569,1.1729,1.152,1.0977,1.0188,0.9129,0.8149,0.6744,0.7332,0.9435,1.1752,1.4128,1.5474,1.5085,1.3884,1.2536,1.1157,0.9793,0.8575,0.7698,0.7269,0.7216,0.7379,1.2452,1.2449,1.2441,1.2431,1.2411,1.2362,1.2242,1.1977,1.1462,1.0531,0.9247,0.9784,0.965,0.9388,1.0254,1.021,0.986,0.8937,0.803,0.7709,0.6452,0.7102,0.9205,1.1187,1.2968,1.4156,1.4383,1.3689,1.2389,1.0728,0.8861,0.7098,0.595,0.5669,0.5989,0.652,1.2304,1.2293,1.2272,1.2238,1.2182,1.2087,1.1925,1.1658,1.125,1.0711,1.0231,0.9974,0.924,0.8829,0.8171,0.7555,0.8075,0.7039,0.5384,0.7303,0.7892,0.8399,0.9657,1.1404,1.3519,1.5515,1.6027,1.4711,1.2678,1.0306,0.7516,0.4705,0.3135,0.3359,0.4451,0.5568,1.216,1.2139,1.2104,1.2052,1.1974,1.1858,1.1688,1.1447,1.1132,1.0763,1.0387,0.9963,0.9313,0.8022,0.4025,0.2293,0.6429,0.7009,0.6478,0.809,0.8539,0.8992,0.9989,1.1816,1.4848,1.8911,1.9789,1.6421,1.3143,0.9954,0.6053,0.1686,-0.0402,0.0855,0.3036,0.4787,1.2023,1.1992,1.1946,1.1881,1.1791,1.1668,1.1501,1.1286,1.102,1.0708,1.0344,0.9868,0.9108,0.7569,0.4485,0.3511,0.6424,0.7849,0.8991,0.9528,0.8864,0.8917,0.9711,1.1611,1.4977,1.9607,2.06,1.6605,1.3147,0.9745,0.553,0.0459,-0.1868,-0.0062,0.256,0.4521,1.1895,1.1856,1.1802,1.1729,1.1633,1.1508,1.1349,1.1152,1.0913,1.0628,1.0279,0.9818,0.9148,0.8137,0.6953,0.6649,0.7456,0.824,0.8835,0.8987,0.8449,0.789,0.8252,1.0269,1.3423,1.6314,1.7276,1.5816,1.2466,0.9397,0.6302,0.2699,0.0743,0.1581,0.3355,0.4885,1.1777,1.1731,1.1672,1.1594,1.1496,1.1374,1.1222,1.1039,1.0821,1.056,1.0243,0.9846,0.9343,0.8745,0.8211,0.8017,0.8187,0.8432,0.8539,0.828,0.7206,0.5158,0.4735,0.7823,1.164,1.5005,1.7764,1.5329,1.0025,0.7872,0.6793,0.5206,0.3995,0.3984,0.4734,0.5627,1.1668,1.1619,1.1555,1.1476,1.1378,1.126,1.1117,1.0947,1.0747,1.0513,1.0237,0.9913,0.9544,0.916,0.8837,0.8657,0.8608,0.8577,0.8398,0.7794,0.6148,0.2962,0.2006,0.5972,0.9986,1.2698,1.3629,1.0053,0.4549,0.5083,0.6353,0.6322,0.5869,0.5718,0.5965,0.6411,1.157,1.1517,1.1452,1.1373,1.1277,1.1163,1.1029,1.0873,1.0692,1.0484,1.0249,0.9986,0.9705,0.9427,0.9187,0.9007,0.8871,0.8711,0.8409,0.7758,0.6447,0.4604,0.4262,0.6522,0.9084,1.0578,1.0289,0.7254,0.3783,0.4546,0.6174,0.6765,0.6784,0.6744,0.6841,0.7065]}]