docs/data/wind_grid.json
{"header": {"la1":42.1,"la2":41.55,"lo1":12.1,"lo2":12.95,"nx":50,"ny":50,"dx":0.01735,"dy":0.01122,"parameterCategory":2,"parameterNumber":2,"parameterNumberName":"eastward_wind","parameterUnit":"m.s-1"}, "data":
[rows 0 to 39 of 50, columns 0 to 49 of 50]
0.3559,0.5379,0.71,0.8387,0.892,0.8549,0.7372,0.5672,0.3774,0.1932,0.0293,-0.1086,-0.2201,-0.3079,-0.3755,-0.4265,-0.4641,-0.4911,-0.5097,-0.5223,-0.5313,-0.5394,-0.5493,-0.5638,-0.5849,-0.6138,-0.6507,-0.6957,-0.7484,-0.8086,-0.8761,-0.9506,-1.0316,-1.1184,-1.2092,-1.3017,-1.3926,-1.4779,-1.5533,-1.6148,-1.6599,-1.6873,-1.6977,-1.6928,-1.6754,-1.6487,-1.6155,-1.5783,-1.5391,-1.4993
0.3039,0.4906,0.6685,0.8019,0.8571,0.8194,0.7005,0.5302,0.3415,0.1596,-0.0011,-0.1354,-0.2433,-0.3274,-0.3915,-0.439,-0.4731,-0.4964,-0.5113,-0.5199,-0.5248,-0.5289,-0.5356,-0.5481,-0.5687,-0.5984,-0.6374,-0.6852,-0.7414,-0.8056,-0.8777,-0.9576,-1.045,-1.1392,-1.2386,-1.3405,-1.4412,-1.5359,-1.6192,-1.6864,-1.7341,-1.7611,-1.7683,-1.7582,-1.7344,-1.7008,-1.6606,-1.617,-1.5719,-1.527
0.2274,0.4128,0.5905,0.7237,0.7792,0.7437,0.6297,0.4666,0.2863,0.1126,-0.0407,-0.1684,-0.2705,-0.3496,-0.4091,-0.4525,-0.4826,-0.5019,-0.5127,-0.5169,-0.5171,-0.5166,-0.5196,-0.5299,-0.5503,-0.5814,-0.623,-0.6741,-0.7339,-0.8023,-0.8792,-0.9647,-1.0588,-1.1609,-1.2695,-1.3819,-1.4937,-1.599,-1.6914,-1.765,-1.8155,-1.8415,-1.8445,-1.828,-1.7965,-1.7548,-1.7068,-1.656,-1.6046,-1.5542
0.1274,0.3054,0.4773,0.6066,0.662,0.6321,0.5291,0.3803,0.2147,0.0544,-0.0877,-0.2062,-0.3009,-0.3738,-0.4281,-0.4668,-0.4926,-0.5077,-0.514,-0.5134,-0.5083,-0.5026,-0.5013,-0.5094,-0.5299,-0.5631,-0.6079,-0.6626,-0.7264,-0.7991,-0.8808,-0.9719,-1.0728,-1.1832,-1.3017,-1.4256,-1.5497,-1.6673,-1.7702,-1.8508,-1.9042,-1.9286,-1.9262,-1.9018,-1.8613,-1.8102,-1.7535,-1.6948,-1.6366,-1.5805
0.0072,0.1734,0.3355,0.4589,0.5149,0.4938,0.4069,0.2776,0.1314,-0.0119,-0.14,-0.2476,-0.3336,-0.3996,-0.4481,-0.4818,-0.5031,-0.5138,-0.5154,-0.5096,-0.4987,-0.487,-0.481,-0.4869,-0.5081,-0.5442,-0.5927,-0.6515,-0.7194,-0.7963,-0.8826,-0.9793,-1.0869,-1.2058,-1.3348,-1.471,-1.609,-1.7403,-1.8552,-1.9439,-2.0001,-2.0221,-2.0129,-1.979,-1.9279,-1.8663,-1.8,-1.7329,-1.6675,-1.6055
-0.1272,0.0246,0.1755,0.2929,0.3511,0.3415,0.2734,0.1664,0.0419,-0.0825,-0.1953,-0.2908,-0.3675,-0.4261,-0.4687,-0.4974,-0.5141,-0.5204,-0.5173,-0.5061,-0.4889,-0.4706,-0.4593,-0.4632,-0.486,-0.5257,-0.5786,-0.6415,-0.7133,-0.7942,-0.8849,-0.9867,-1.1009,-1.2282,-1.3679,-1.5174,-1.6704,-1.8173,-1.9457,-2.0435,-2.1026,-2.1211,-2.1036,-2.0585,-1.9952,-1.922,-1.8453,-1.7693,-1.6966,-1.6286
-0.2682,-0.1312,0.0092,0.1222,0.1842,0.1873,0.1386,0.054,-0.0487,-0.1539,-0.2511,-0.3345,-0.4017,-0.4531,-0.4898,-0.5135,-0.5258,-0.5278,-0.5201,-0.5036,-0.48,-0.4547,-0.4378,-0.4401,-0.4653,-0.5094,-0.5667,-0.6335,-0.7088,-0.7931,-0.8877,-0.9942,-1.1145,-1.2497,-1.4002,-1.5633,-1.7326,-1.8968,-2.0404,-2.1483,-2.2101,-2.2241,-2.1966,-2.1385,-2.0617,-1.9759,-1.8883,-1.8032,-1.7231,-1.6492
-0.4076,-0.2837,-0.1518,-0.0413,0.0255,0.041,0.0104,-0.0536,-0.1359,-0.2232,-0.3056,-0.3773,-0.4355,-0.4799,-0.5111,-0.5302,-0.5384,-0.5363,-0.5245,-0.5031,-0.4736,-0.4417,-0.4195,-0.4207,-0.4489,-0.4973,-0.5584,-0.6284,-0.7065,-0.7935,-0.8912,-1.0017,-1.1271,-1.2697,-1.4303,-1.6071,-1.7934,-1.9761,-2.1366,-2.2556,-2.3201,-2.3284,-2.2892,-2.2167,-2.1253,-2.0263,-1.9275,-1.8334,-1.7462,-1.6668
-0.5371,-0.424,-0.2984,-0.1891,-0.1174,-0.0911,-0.1062,-0.1525,-0.217,-0.2883,-0.3572,-0.4181,-0.4681,-0.5061,-0.5324,-0.5475,-0.552,-0.5464,-0.5309,-0.5056,-0.4717,-0.4348,-0.4086,-0.4094,-0.4401,-0.4916,-0.5552,-0.627,-0.7067,-0.7955,-0.8955,-1.0089,-1.1385,-1.2872,-1.4568,-1.6466,-1.8498,-2.0519,-2.2303,-2.3612,-2.4283,-2.4299,-2.3778,-2.2898,-2.1833,-2.0712,-1.9616,-1.859,-1.7652,-1.6806
-0.65,-0.5455,-0.4247,-0.3162,-0.2407,-0.2059,-0.2088,-0.2405,-0.2903,-0.3477,-0.4049,-0.4563,-0.499,-0.5315,-0.5537,-0.5654,-0.5669,-0.5582,-0.5396,-0.5116,-0.4756,-0.4369,-0.4094,-0.4101,-0.4417,-0.4938,-0.5575,-0.6293,-0.7095,-0.7992,-0.9004,-1.0156,-1.148,-1.3012,-1.4781,-1.6791,-1.8981,-2.1192,-2.3161,-2.4593,-2.5288,-2.5232,-2.4576,-2.3541,-2.2329,-2.1084,-1.9889,-1.8786,-1.7791,-1.6902
-0.7412,-0.6438,-0.5276,-0.4208,-0.3435,-0.303,-0.2968,-0.3173,-0.355,-0.401,-0.4482,-0.4914,-0.5278,-0.5558,-0.5747,-0.5841,-0.5833,-0.5721,-0.5508,-0.5209,-0.4852,-0.4487,-0.4234,-0.4244,-0.4542,-0.5036,-0.5649,-0.6352,-0.7147,-0.8043,-0.9058,-1.0218,-1.1554,-1.3109,-1.4924,-1.7018,-1.934,-2.1724,-2.3867,-2.542,-2.6139,-2.6013,-2.5229,-2.4051,-2.2708,-2.1355,-2.0077,-1.8913,-1.7872,-1.695
-0.8083,-0.7174,-0.6066,-0.5033,-0.4266,-0.3832,-0.371,-0.3831,-0.4114,-0.4481,-0.4868,-0.5231,-0.5542,-0.5786,-0.5953,-0.6034,-0.6014,-0.588,-0.5638,-0.5321,-0.4978,-0.4664,-0.4462,-0.4479,-0.474,-0.5185,-0.5758,-0.6436,-0.7217,-0.8106,-0.9118,-1.0272,-1.1603,-1.3156,-1.4985,-1.7123,-1.9535,-2.2052,-2.4344,-2.6004,-2.6748,-2.6563,-2.5675,-2.4382,-2.2938,-2.1505,-2.0168,-1.896,-1.7888,-1.6945
-0.851,-0.7669,-0.6633,-0.5658,-0.4922,-0.4485,-0.4327,-0.4391,-0.4602,-0.4893,-0.521,-0.5514,-0.578,-0.5996,-0.6152,-0.6233,-0.6211,-0.6059,-0.5779,-0.5429,-0.5089,-0.4824,-0.4683,-0.4718,-0.4946,-0.5345,-0.588,-0.6534,-0.7299,-0.8179,-0.918,-1.0319,-1.1627,-1.3152,-1.4955,-1.7087,-1.953,-2.2122,-2.4514,-2.6255,-2.7025,-2.6809,-2.5856,-2.4495,-2.2993,-2.1516,-2.0148,-1.8921,-1.7836,-1.6885
-0.8716,-0.7951,-0.7005,-0.6111,-0.5428,-0.501,-0.4839,-0.4864,-0.5021,-0.5252,-0.551,-0.5763,-0.5991,-0.6185,-0.6339,-0.6433,-0.6425,-0.6258,-0.5924,-0.5508,-0.5134,-0.4887,-0.4798,-0.4868,-0.5098,-0.5478,-0.5994,-0.6632,-0.7388,-0.8259,-0.9246,-1.0361,-1.1629,-1.3098,-1.4835,-1.6904,-1.9307,-2.1898,-2.4322,-2.6106,-2.6903,-2.6692,-2.5732,-2.4362,-2.2855,-2.1378,-2.0014,-1.8791,-1.7713,-1.6768
-0.874,-0.8059,-0.722,-0.6426,-0.5813,-0.5431,-0.5263,-0.5265,-0.5383,-0.5565,-0.5774,-0.5981,-0.6174,-0.6349,-0.6504,-0.6624,-0.6647,-0.6473,-0.6065,-0.5541,-0.5079,-0.4801,-0.4746,-0.488,-0.5158,-0.5562,-0.6084,-0.6724,-0.7478,-0.8344,-0.9318,-1.0403,-1.1616,-1.3003,-1.4634,-1.6583,-1.8873,-2.1376,-2.3754,-2.5533,-2.6357,-2.6193,-2.5288,-2.3975,-2.2521,-2.109,-1.9764,-1.8572,-1.7519,-1.6594
-0.8632,-0.8041,-0.7318,-0.6634,-0.6104,-0.5769,-0.5617,-0.5608,-0.5697,-0.584,-0.6006,-0.6173,-0.6331,-0.6484,-0.664,-0.6788,-0.6857,-0.6687,-0.6189,-0.5513,-0.4901,-0.4541,-0.4514,-0.475,-0.5127,-0.5594,-0.615,-0.6807,-0.7571,-0.8437,-0.9399,-1.045,-1.1598,-1.2882,-1.4371,-1.615,-1.8257,-2.0592,-2.2845,-2.4569,-2.5415,-2.5334,-2.4545,-2.335,-2.2002,-2.0659,-1.9403,-1.8266,-1.7256,-1.6366
-0.8445,-0.7944,-0.7339,-0.6768,-0.6325,-0.6044,-0.5915,-0.5904,-0.5973,-0.6085,-0.6214,-0.6342,-0.6466,-0.6591,-0.6735,-0.6901,-0.7014,-0.6858,-0.627,-0.5418,-0.4606,-0.4117,-0.4132,-0.452,-0.5037,-0.5592,-0.6199,-0.6886,-0.7667,-0.8541,-0.9495,-1.0512,-1.1589,-1.2753,-1.4074,-1.5643,-1.7514,-1.9614,-2.1677,-2.33,-2.4159,-2.4186,-2.3553,-2.2524,-2.1324,-2.0103,-1.8944,-1.7882,-1.6931,-1.6086
-0.8222,-0.7808,-0.7317,-0.6856,-0.6499,-0.6273,-0.6171,-0.6165,-0.622,-0.6308,-0.6405,-0.6497,-0.6584,-0.6674,-0.6789,-0.6943,-0.7068,-0.6918,-0.6271,-0.5273,-0.4244,-0.3591,-0.3678,-0.4266,-0.4939,-0.5587,-0.6247,-0.6966,-0.7771,-0.866,-0.9612,-1.06,-1.1603,-1.264,-1.3776,-1.5109,-1.671,-1.8534,-2.0362,-2.185,-2.2705,-2.2843,-2.2387,-2.1548,-2.0522,-1.9446,-1.8402,-1.7431,-1.655,-1.5761
-0.8,-0.7666,-0.7278,-0.6918,-0.6641,-0.6471,-0.6398,-0.6399,-0.6447,-0.6516,-0.6586,-0.6646,-0.6695,-0.6744,-0.6813,-0.6918,-0.7001,-0.6832,-0.6181,-0.5137,-0.3956,-0.3132,-0.3305,-0.4097,-0.4897,-0.5609,-0.6308,-0.7057,-0.7887,-0.8797,-0.9757,-1.0723,-1.1658,-1.2566,-1.3511,-1.4597,-1.5913,-1.7443,-1.9016,-2.0346,-2.1177,-2.1412,-2.1127,-2.0481,-1.9636,-1.8714,-1.7795,-1.6924,-1.6121,-1.5395
-0.78,-0.7539,-0.7242,-0.697,-0.6767,-0.6647,-0.6603,-0.6616,-0.6661,-0.6716,-0.6765,-0.6797,-0.6812,-0.6817,-0.683,-0.6863,-0.6867,-0.666,-0.6058,-0.51,-0.3933,-0.3018,-0.3237,-0.413,-0.496,-0.5682,-0.6395,-0.7164,-0.802,-0.8957,-0.9935,-1.0891,-1.1769,-1.2555,-1.3311,-1.4152,-1.5186,-1.6425,-1.774,-1.8899,-1.9682,-1.9987,-1.9849,-1.9378,-1.8705,-1.7935,-1.7143,-1.6375,-1.5655,-1.4994
-0.7634,-0.7437,-0.7218,-0.7023,-0.6884,-0.681,-0.6795,-0.6821,-0.6868,-0.6915,-0.6948,-0.6958,-0.6943,-0.6909,-0.6869,-0.6829,-0.6751,-0.6511,-0.5989,-0.5214,-0.4282,-0.3495,-0.3667,-0.4426,-0.5143,-0.5812,-0.6511,-0.729,-0.817,-0.9138,-1.0146,-1.1109,-1.1946,-1.2624,-1.3201,-1.3808,-1.4574,-1.5536,-1.6602,-1.7585,-1.8298,-1.8638,-1.8609,-1.8286,-1.7764,-1.7135,-1.6463,-1.5796,-1.5159,-1.4567
-0.7508,-0.7365,-0.7213,-0.7083,-0.6999,-0.6967,-0.6979,-0.7021,-0.7072,-0.7116,-0.714,-0.7134,-0.7097,-0.7034,-0.6951,-0.6853,-0.6711,-0.6451,-0.6013,-0.545,-0.4891,-0.4485,-0.4525,-0.4917,-0.5414,-0.5986,-0.6653,-0.7432,-0.8333,-0.9338,-1.0386,-1.1376,-1.2193,-1.2782,-1.3197,-1.3587,-1.4104,-1.481,-1.564,-1.6445,-1.7066,-1.7407,-1.7449,-1.7236,-1.684,-1.6332,-1.5771,-1.5198,-1.4642,-1.4117
-0.7421,-0.7325,-0.7227,-0.7152,-0.7116,-0.7121,-0.716,-0.7218,-0.7279,-0.7325,-0.7344,-0.733,-0.728,-0.7197,-0.7086,-0.6947,-0.6762,-0.6492,-0.6118,-0.5725,-0.5493,-0.547,-0.5393,-0.5421,-0.5705,-0.6182,-0.6811,-0.7586,-0.8505,-0.9547,-1.0644,-1.1676,-1.2497,-1.302,-1.3295,-1.349,-1.378,-1.425,-1.486,-1.5488,-1.6001,-1.6311,-1.6386,-1.6249,-1.595,-1.5542,-1.5077,-1.4591,-1.411,-1.3652
-0.7368,-0.7312,-0.726,-0.7231,-0.7235,-0.7274,-0.7338,-0.7416,-0.7489,-0.7543,-0.7564,-0.7546,-0.7489,-0.7398,-0.7273,-0.711,-0.6897,-0.6615,-0.6272,-0.5965,-0.5873,-0.5983,-0.5887,-0.5786,-0.5964,-0.6379,-0.6979,-0.7745,-0.8676,-0.975,-1.0898,-1.1983,-1.2827,-1.331,-1.3471,-1.3495,-1.3584,-1.384,-1.4244,-1.4699,-1.5094,-1.5348,-1.5426,-1.5333,-1.5102,-1.4774,-1.439,-1.398,-1.357,-1.3174
-0.7344,-0.7322,-0.7309,-0.7319,-0.7358,-0.7426,-0.7517,-0.7615,-0.7706,-0.7771,-0.7798,-0.7781,-0.7723,-0.7631,-0.7505,-0.7334,-0.7102,-0.6802,-0.6457,-0.6157,-0.6038,-0.6086,-0.6039,-0.6002,-0.6177,-0.657,-0.7148,-0.7903,-0.8835,-0.993,-1.1119,-1.2254,-1.3131,-1.3596,-1.3674,-1.3561,-1.3477,-1.3545,-1.376,-1.405,-1.4322,-1.4504,-1.4559,-1.4485,-1.4299,-1.4032,-1.3714,-1.3372,-1.3025,-1.2688
-0.7344,-0.7351,-0.737,-0.7413,-0.7482,-0.7579,-0.7695,-0.7817,-0.7929,-0.8011,-0.8048,-0.8032,-0.7974,-0.7886,-0.7771,-0.7605,-0.7363,-0.7041,-0.6673,-0.6338,-0.6138,-0.609,-0.609,-0.6151,-0.6366,-0.6756,-0.7317,-0.8054,-0.8974,-1.0069,-1.1275,-1.2442,-1.3348,-1.3811,-1.384,-1.3629,-1.3411,-1.3319,-1.3369,-1.3506,-1.3655,-1.3756,-1.3773,-1.3697,-1.3537,-1.3314,-1.3051,-1.2766,-1.2478,-1.2196
-0.7362,-0.7393,-0.744,-0.751,-0.7606,-0.7729,-0.787,-0.8019,-0.8157,-0.8261,-0.8311,-0.8296,-0.8232,-0.8149,-0.8053,-0.7909,-0.7668,-0.7324,-0.6926,-0.6552,-0.6288,-0.6178,-0.6193,-0.6314,-0.6558,-0.6945,-0.7484,-0.8192,-0.9083,-1.0153,-1.1343,-1.2508,-1.3421,-1.389,-1.3903,-1.3641,-1.3331,-1.3116,-1.3026,-1.3027,-1.3062,-1.3079,-1.3048,-1.2957,-1.281,-1.2618,-1.2399,-1.2165,-1.1929,-1.1699
-0.7392,-0.7445,-0.7515,-0.7608,-0.7728,-0.7874,-0.8042,-0.8219,-0.8387,-0.8521,-0.8587,-0.8569,-0.8488,-0.84,-0.8331,-0.8225,-0.7998,-0.7637,-0.7212,-0.6814,-0.6519,-0.6376,-0.6385,-0.6519,-0.6768,-0.7138,-0.7647,-0.8314,-0.9157,-1.0174,-1.1312,-1.2434,-1.3325,-1.3797,-1.3822,-1.3551,-1.3196,-1.2895,-1.2696,-1.2581,-1.2511,-1.2447,-1.2364,-1.2251,-1.2106,-1.1938,-1.1755,-1.1567,-1.138,-1.12
-0.7432,-0.7502,-0.7591,-0.7704,-0.7844,-0.8013,-0.8205,-0.8412,-0.8616,-0.8785,-0.8876,-0.8852,-0.8735,-0.8624,-0.858,-0.8524,-0.832,-0.7951,-0.7513,-0.7111,-0.6811,-0.6654,-0.6646,-0.6765,-0.6995,-0.7336,-0.7803,-0.8418,-0.9197,-1.0137,-1.119,-1.2231,-1.307,-1.3535,-1.3585,-1.3341,-1.2977,-1.2627,-1.2346,-1.2136,-1.1975,-1.1836,-1.1702,-1.1563,-1.1417,-1.1267,-1.1116,-1.0969,-1.0829,-1.0697
-0.7476,-0.7561,-0.7665,-0.7795,-0.7952,-0.814,-0.8355,-0.8591,-0.8833,-0.9047,-0.9172,-0.9144,-0.8972,-0.8805,-0.8772,-0.8768,-0.8595,-0.8229,-0.7799,-0.7414,-0.7129,-0.6972,-0.6945,-0.7037,-0.7233,-0.7533,-0.795,-0.8502,-0.9204,-1.0051,-1.0995,-1.1929,-1.2692,-1.3135,-1.3214,-1.3011,-1.2665,-1.2292,-1.1955,-1.167,-1.1431,-1.1225,-1.1043,-1.0879,-1.0731,-1.0597,-1.0477,-1.037,-1.0276,-1.0192
-0.7523,-0.7619,-0.7736,-0.7878,-0.805,-0.8252,-0.8487,-0.875,-0.9028,-0.929,-0.9464,-0.9444,-0.92,-0.894,-0.889,-0.8923,-0.878,-0.8438,-0.8042,-0.7699,-0.7448,-0.73,-0.7259,-0.7319,-0.7473,-0.7725,-0.8085,-0.8568,-0.9186,-0.9929,-1.0753,-1.1567,-1.2238,-1.2646,-1.2744,-1.2582,-1.2264,-1.1885,-1.1509,-1.1164,-1.086,-1.0596,-1.0372,-1.0186,-1.0037,-0.9921,-0.9833,-0.9768,-0.972,-0.9684
-0.757,-0.7675,-0.7801,-0.7953,-0.8134,-0.8347,-0.8595,-0.8878,-0.9186,-0.9491,-0.9718,-0.9724,-0.9418,-0.9042,-0.8937,-0.8974,-0.8859,-0.8566,-0.8234,-0.7956,-0.7754,-0.7627,-0.7575,-0.7601,-0.7709,-0.7907,-0.8206,-0.8618,-0.9148,-0.9785,-1.0488,-1.1179,-1.1752,-1.2112,-1.2213,-1.2081,-1.1787,-1.1408,-1.1002,-1.0608,-1.0247,-0.9933,-0.9673,-0.9472,-0.9327,-0.9233,-0.918,-0.9159,-0.916,-0.9174
-0.7615,-0.7727,-0.7859,-0.8017,-0.8203,-0.8422,-0.8677,-0.8968,-0.9292,-0.9623,-0.9886,-0.9922,-0.9588,-0.9127,-0.8948,-0.8951,-0.8856,-0.8631,-0.8386,-0.8192,-0.805,-0.7949,-0.7887,-0.7877,-0.7936,-0.8077,-0.8314,-0.8654,-0.9098,-0.9631,-1.0216,-1.0789,-1.1265,-1.1566,-1.1652,-1.1532,-1.125,-1.0866,-1.0433,-0.9994,-0.9583,-0.9224,-0.8936,-0.8726,-0.8592,-0.8527,-0.8515,-0.8544,-0.8597,-0.8663
-0.7656,-0.7773,-0.7909,-0.8069,-0.8257,-0.8476,-0.8729,-0.9019,-0.934,-0.9668,-0.9932,-0.9975,-0.9656,-0.9189,-0.8958,-0.8907,-0.8824,-0.867,-0.8522,-0.8421,-0.8347,-0.8272,-0.8196,-0.8146,-0.8152,-0.8235,-0.8409,-0.8678,-0.9039,-0.9476,-0.9952,-1.0414,-1.0794,-1.103,-1.1085,-1.0956,-1.0669,-1.0269,-0.9803,-0.9318,-0.8859,-0.8462,-0.8151,-0.7941,-0.7828,-0.78,-0.7837,-0.792,-0.803,-0.8152
-0.7694,-0.7813,-0.795,-0.811,-0.8296,-0.8509,-0.8754,-0.903,-0.9331,-0.963,-0.9859,-0.9885,-0.961,-0.921,-0.8969,-0.8879,-0.8804,-0.8719,-0.8669,-0.8664,-0.8656,-0.8601,-0.8502,-0.8405,-0.8355,-0.838,-0.8492,-0.8694,-0.8978,-0.9324,-0.97,-1.0061,-1.035,-1.0516,-1.0526,-1.0369,-1.0058,-0.9626,-0.9117,-0.8582,-0.8073,-0.764,-0.7315,-0.7113,-0.7032,-0.7051,-0.7146,-0.7291,-0.7462,-0.7642
-0.7727,-0.7846,-0.7983,-0.814,-0.832,-0.8524,-0.8755,-0.9009,-0.9277,-0.9531,-0.971,-0.9715,-0.9496,-0.9187,-0.8973,-0.8871,-0.8815,-0.8796,-0.8841,-0.8931,-0.8985,-0.8937,-0.8803,-0.8651,-0.8542,-0.851,-0.8564,-0.8703,-0.8915,-0.9179,-0.9465,-0.9733,-0.9935,-1.0029,-0.9982,-0.978,-0.9426,-0.8946,-0.8381,-0.7787,-0.7226,-0.6758,-0.6425,-0.6243,-0.6204,-0.6283,-0.6445,-0.6659,-0.6896,-0.7138
-0.7756,-0.7874,-0.8008,-0.816,-0.8331,-0.8524,-0.8735,-0.8963,-0.9193,-0.94,-0.9531,-0.9524,-0.9362,-0.9137,-0.8966,-0.8877,-0.8853,-0.89,-0.9037,-0.9217,-0.9321,-0.9266,-0.9086,-0.8876,-0.8711,-0.8625,-0.8625,-0.8706,-0.8852,-0.9043,-0.9247,-0.943,-0.9551,-0.957,-0.9459,-0.9197,-0.8785,-0.8241,-0.7605,-0.6941,-0.6323,-0.5822,-0.5488,-0.5336,-0.5352,-0.5501,-0.574,-0.6029,-0.6337,-0.6644
-0.778,-0.7895,-0.8025,-0.8171,-0.8332,-0.851,-0.8702,-0.8901,-0.9095,-0.926,-0.9356,-0.9347,-0.9232,-0.9075,-0.895,-0.8891,-0.8907,-0.9019,-0.9237,-0.9492,-0.9631,-0.956,-0.9333,-0.907,-0.8854,-0.8721,-0.8674,-0.8703,-0.879,-0.8914,-0.9045,-0.9151,-0.9194,-0.914,-0.8957,-0.8626,-0.8142,-0.7519,-0.6801,-0.6058,-0.5377,-0.4844,-0.4515,-0.4404,-0.4487,-0.4716,-0.5039,-0.5409,-0.5792,-0.6163
-0.7799,-0.7911,-0.8036,-0.8174,-0.8325,-0.8488,-0.8659,-0.8832,-0.8994,-0.9125,-0.9198,-0.9193,-0.9117,-0.9012,-0.8931,-0.8907,-0.8964,-0.913,-0.9408,-0.9711,-0.9868,-0.978,-0.952,-0.9219,-0.8967,-0.8797,-0.871,-0.8693,-0.8729,-0.8793,-0.8858,-0.8893,-0.8864,-0.8736,-0.848,-0.8073,-0.7507,-0.6796,-0.5985,-0.5154,-0.4407,-0.3843,-0.3526,-0.3465,-0.3625,-0.3943,-0.4355,-0.4809,-0.5266,-0.5703
-0.7814,-0.7923,-0.8042,-0.8171,-0.8311,-0.8459,-0.8611,-0.8761,-0.8897,-0.9003,-0.9063,-0.9064,-0.9018,-0.8954,-0.8911,-0.8921,-0.9012,-0.9213,-0.9519,-0.9835,-0.9993,-0.9899,-0.963,-0.9315,-0.9045,-0.885,-0.8731,-0.8677,-0.8667,-0.8678,-0.8684,-0.8655,-0.8557,-0.8359,-0.803,-0.7544,-0.6891,-0.6086,-0.5177,-0.4256,-0.3442,-0.2851,-0.2552,-0.2548,-0.2789,-0.3199,-0.3702,-0.424,-0.477,-0.5269
