docs/data/wind_grid.json
{"header": {"la1":42.1,"la2":41.55,"lo1":12.1,"lo2":12.95,"nx":50,"ny":50,"dx":0.01735,"dy":0.01122,"parameterCategory":2,"parameterNumber":3,"parameterNumberName":"northward_wind","parameterUnit":"m.s-1"}, "data":
[rows 0 to 45 of 50, columns 0 to 49 of 50]
1.6297,1.6288,1.6276,1.6262,1.6244,1.6224,1.62,1.6172,1.6142,1.6107,1.6069,1.6028,1.5982,1.5933,1.5879,1.582,1.5756,1.5684,1.5604,1.5513,1.5409,1.5287,1.5143,1.4973,1.4771,1.453,1.4245,1.3908,1.3514,1.3058,1.2537,1.1951,1.1306,1.0612,0.9888,0.9157,0.8452,0.7804,0.7244,0.6797,0.6478,0.6292,0.6231,0.6281,0.6422,0.6634,0.6896,0.7192,0.7506,0.7828
1.6333,1.6325,1.6314,1.6301,1.6284,1.6264,1.6241,1.6215,1.6184,1.6151,1.6113,1.6072,1.6028,1.5979,1.5927,1.587,1.5808,1.5739,1.5662,1.5575,1.5475,1.5358,1.5219,1.5053,1.4853,1.4614,1.4326,1.3983,1.3577,1.3103,1.2554,1.1932,1.1238,1.0486,0.9695,0.8892,0.8113,0.7398,0.6783,0.6301,0.5966,0.5784,0.5745,0.5828,0.6012,0.6269,0.6577,0.6916,0.727,0.7627
1.637,1.6363,1.6353,1.6341,1.6325,1.6306,1.6283,1.6257,1.6228,1.6195,1.6158,1.6117,1.6073,1.6026,1.5974,1.5919,1.5859,1.5793,1.5721,1.5638,1.5543,1.5431,1.5297,1.5136,1.4941,1.4704,1.4416,1.4068,1.3653,1.3161,1.2586,1.1926,1.1183,1.0368,0.9502,0.8618,0.7757,0.6966,0.6291,0.5768,0.5418,0.5244,0.5232,0.5356,0.5588,0.5897,0.6256,0.6642,0.7038,0.7433
1.6407,1.6401,1.6393,1.6381,1.6366,1.6348,1.6326,1.6301,1.6272,1.6239,1.6202,1.6162,1.6118,1.6071,1.6021,1.5968,1.591,1.5847,1.5778,1.57,1.5611,1.5505,1.5378,1.5223,1.5034,1.4801,1.4514,1.4164,1.3741,1.3234,1.2634,1.1936,1.1142,1.0261,0.9316,0.8341,0.7387,0.6511,0.5767,0.5201,0.4836,0.4673,0.4694,0.4868,0.5156,0.5522,0.5936,0.6373,0.6815,0.7248
1.6445,1.644,1.6433,1.6422,1.6408,1.6391,1.637,1.6345,1.6316,1.6283,1.6247,1.6207,1.6163,1.6117,1.6068,1.6015,1.5959,1.59,1.5835,1.5762,1.5678,1.5579,1.546,1.5313,1.5131,1.4903,1.4621,1.4271,1.3843,1.3323,1.2701,1.1967,1.1122,1.0172,0.914,0.8067,0.701,0.6036,0.5215,0.46,0.4221,0.4075,0.4138,0.4368,0.472,0.515,0.5625,0.6116,0.6604,0.7077
1.6483,1.648,1.6473,1.6464,1.6451,1.6435,1.6414,1.639,1.6361,1.6329,1.6292,1.6252,1.6208,1.6162,1.6113,1.6062,1.6008,1.5951,1.5889,1.5822,1.5745,1.5653,1.5542,1.5404,1.5231,1.5011,1.4735,1.4389,1.3959,1.343,1.2789,1.2023,1.1127,1.0107,0.8984,0.7804,0.6631,0.5549,0.4641,0.3973,0.358,0.3457,0.3569,0.3865,0.4288,0.4789,0.5327,0.5874,0.6409,0.6922
1.6522,1.652,1.6515,1.6507,1.6495,1.6479,1.646,1.6436,1.6407,1.6374,1.6338,1.6297,1.6253,1.6206,1.6157,1.6106,1.6054,1.5999,1.5942,1.5879,1.5809,1.5726,1.5624,1.5496,1.5333,1.5124,1.4856,1.4517,1.4089,1.3556,1.2901,1.2107,1.1164,1.0074,0.8858,0.7562,0.6263,0.5059,0.4054,0.3328,0.2923,0.2828,0.2999,0.3369,0.387,0.4446,0.5051,0.5654,0.6237,0.6787
1.6561,1.6561,1.6557,1.6551,1.654,1.6525,1.6506,1.6482,1.6454,1.6421,1.6384,1.6342,1.6297,1.625,1.6201,1.615,1.6098,1.6046,1.5992,1.5934,1.587,1.5796,1.5704,1.5587,1.5436,1.5239,1.4983,1.4654,1.4233,1.3702,1.3039,1.2224,1.124,1.0085,0.8774,0.7358,0.5921,0.4583,0.347,0.2681,0.2265,0.2205,0.2442,0.2894,0.3479,0.4132,0.4804,0.5464,0.6092,0.6678
1.6601,1.6602,1.66,1.6595,1.6586,1.6572,1.6553,1.653,1.6502,1.6468,1.643,1.6388,1.6342,1.6293,1.6243,1.6191,1.614,1.6089,1.6037,1.5985,1.5928,1.5862,1.5781,1.5676,1.5538,1.5356,1.5115,1.48,1.4391,1.3868,1.3206,1.2378,1.1363,1.015,0.8748,0.7209,0.5628,0.4144,0.2912,0.2055,0.1628,0.1609,0.1919,0.2458,0.313,0.386,0.4598,0.531,0.598,0.6598
1.6641,1.6645,1.6644,1.6641,1.6633,1.662,1.6602,1.6579,1.6551,1.6517,1.6478,1.6434,1.6386,1.6336,1.6283,1.6231,1.6179,1.6128,1.6079,1.6031,1.598,1.5923,1.5853,1.5761,1.5638,1.5472,1.5248,1.4952,1.4562,1.4055,1.3403,1.2575,1.1541,1.0281,0.8798,0.7139,0.5409,0.3771,0.241,0.1479,0.1043,0.1068,0.1455,0.2082,0.2839,0.3643,0.4441,0.5201,0.5906,0.6552
1.6683,1.6688,1.6689,1.6687,1.6681,1.6669,1.6652,1.663,1.6601,1.6567,1.6526,1.6481,1.6431,1.6378,1.6323,1.6268,1.6215,1.6164,1.6116,1.6071,1.6027,1.5978,1.5919,1.5841,1.5733,1.5585,1.5382,1.5108,1.4743,1.4262,1.3632,1.2818,1.1782,1.0493,0.8944,0.7175,0.5298,0.3501,0.2006,0.0996,0.0548,0.0617,0.108,0.1791,0.2626,0.3495,0.4345,0.5143,0.5877,0.6544
1.6724,1.6732,1.6735,1.6735,1.673,1.672,1.6704,1.6682,1.6653,1.6618,1.6577,1.6529,1.6476,1.642,1.6362,1.6304,1.6248,1.6195,1.6148,1.6105,1.6066,1.6025,1.5977,1.5913,1.5822,1.5693,1.5514,1.5267,1.4934,1.4487,1.3893,1.311,1.2092,1.0797,0.9204,0.7345,0.5334,0.3381,0.1748,0.0655,0.0191,0.0298,0.0827,0.161,0.2509,0.3431,0.4318,0.5144,0.5897,0.6576
1.6767,1.6776,1.6782,1.6784,1.6781,1.6773,1.6758,1.6736,1.6708,1.6672,1.6628,1.6578,1.6523,1.6463,1.6401,1.6338,1.6278,1.6223,1.6174,1.6132,1.6097,1.6064,1.6026,1.5975,1.5901,1.5794,1.564,1.5426,1.5132,1.473,1.4185,1.3453,1.2477,1.1204,0.9599,0.7678,0.5555,0.346,0.1694,0.0514,0.0025,0.0156,0.0732,0.1565,0.2508,0.3461,0.4371,0.521,0.597,0.6651
1.681,1.6822,1.683,1.6834,1.6834,1.6827,1.6814,1.6793,1.6764,1.6728,1.6683,1.663,1.6571,1.6506,1.6439,1.6371,1.6306,1.6246,1.6194,1.6152,1.6119,1.6092,1.6064,1.6027,1.597,1.5885,1.576,1.5583,1.5334,1.4989,1.451,1.3847,1.2941,1.1723,1.0142,0.8199,0.6,0.3788,0.19,0.0632,0.0103,0.0233,0.0826,0.168,0.2637,0.3597,0.4508,0.5343,0.6097,0.677
1.6853,1.6868,1.6879,1.6886,1.6888,1.6883,1.6872,1.6852,1.6824,1.6786,1.674,1.6684,1.6621,1.6551,1.6478,1.6404,1.6332,1.6266,1.621,1.6165,1.6132,1.611,1.6091,1.6066,1.6027,1.5965,1.5871,1.5735,1.554,1.5262,1.4864,1.4294,1.3485,1.2358,1.0844,0.8925,0.6696,0.4404,0.2415,0.1058,0.047,0.0564,0.1135,0.1969,0.2905,0.3844,0.4732,0.5546,0.628,0.6935
1.6897,1.6915,1.6929,1.6939,1.6944,1.6942,1.6932,1.6914,1.6887,1.6849,1.68,1.6742,1.6674,1.6599,1.6519,1.6437,1.6358,1.6284,1.6221,1.6171,1.6137,1.6117,1.6105,1.6094,1.6072,1.6034,1.5973,1.5882,1.5748,1.5549,1.5248,1.4792,1.4108,1.3107,1.1704,0.9861,0.7655,0.533,0.3267,0.1823,0.1149,0.1167,0.1668,0.2438,0.3316,0.4202,0.5044,0.5818,0.6517,0.7143
1.6942,1.6963,1.698,1.6993,1.7001,1.7003,1.6996,1.698,1.6953,1.6915,1.6865,1.6803,1.6731,1.665,1.6562,1.6472,1.6384,1.6301,1.6229,1.6173,1.6134,1.6114,1.6109,1.611,1.6105,1.6092,1.6066,1.6024,1.5957,1.5847,1.566,1.5339,1.4807,1.3966,1.2715,1.0996,0.8866,0.6557,0.4452,0.2922,0.2139,0.2037,0.242,0.308,0.3862,0.4665,0.5438,0.6154,0.6805,0.7391
1.6987,1.7011,1.7032,1.7049,1.7061,1.7066,1.7062,1.7049,1.7023,1.6985,1.6934,1.6869,1.6792,1.6704,1.6609,1.651,1.6412,1.6319,1.6238,1.6172,1.6126,1.6104,1.6105,1.6117,1.613,1.6141,1.615,1.6161,1.6168,1.6158,1.6098,1.5932,1.5575,1.4921,1.3855,1.23,1.0292,0.8042,0.5926,0.4316,0.3402,0.3142,0.3365,0.3876,0.4528,0.5222,0.5905,0.6548,0.714,0.7677
1.7031,1.706,1.7085,1.7106,1.7122,1.7132,1.7132,1.7121,1.7098,1.7061,1.7008,1.694,1.6858,1.6764,1.6661,1.6552,1.6443,1.634,1.6249,1.6174,1.612,1.6093,1.6098,1.6121,1.615,1.6184,1.6229,1.6294,1.638,1.6479,1.656,1.6564,1.6402,1.5954,1.5093,1.3727,1.1869,0.9712,0.7608,0.5926,0.4869,0.4428,0.446,0.4794,0.5291,0.5857,0.6434,0.6991,0.7514,0.7995
1.7076,1.7109,1.7138,1.7165,1.7186,1.72,1.7205,1.7198,1.7178,1.7142,1.7088,1.7017,1.6931,1.683,1.6719,1.6601,1.648,1.6366,1.6265,1.6183,1.6123,1.609,1.6097,1.6128,1.6169,1.6224,1.6305,1.6425,1.6594,1.6809,1.7042,1.7229,1.727,1.7036,1.6386,1.5213,1.3516,1.1466,0.9393,0.7651,0.6454,0.5823,0.5652,0.5795,0.6124,0.6548,0.701,0.7473,0.792,0.834
1.7121,1.7158,1.7192,1.7224,1.7251,1.7271,1.7281,1.728,1.7263,1.7229,1.7175,1.7101,1.701,1.6903,1.6783,1.6655,1.6524,1.6398,1.6287,1.6199,1.6138,1.6105,1.6111,1.6143,1.6192,1.6265,1.6379,1.6555,1.6809,1.7145,1.7535,1.791,1.8158,1.8132,1.768,1.6685,1.5138,1.3197,1.1166,0.9381,0.8061,0.7253,0.6885,0.6836,0.6995,0.7275,0.7617,0.7982,0.8349,0.8705
1.7166,1.7207,1.7247,1.7284,1.7317,1.7344,1.7362,1.7366,1.7355,1.7323,1.7269,1.7192,1.7095,1.6981,1.6855,1.6718,1.6576,1.6437,1.6314,1.622,1.616,1.6133,1.6135,1.6164,1.6218,1.6308,1.6454,1.6684,1.7023,1.748,1.8027,1.8587,1.9031,1.9193,1.891,1.8063,1.6644,1.4803,1.2825,1.1021,0.9606,0.8648,0.8104,0.7879,0.7876,0.8016,0.8239,0.8507,0.8794,0.9083
1.7209,1.7255,1.7301,1.7345,1.7385,1.742,1.7445,1.7458,1.7453,1.7425,1.7371,1.7291,1.7187,1.7066,1.6933,1.6788,1.6636,1.6483,1.6345,1.6238,1.617,1.6142,1.6147,1.618,1.6243,1.635,1.6528,1.681,1.723,1.7802,1.8498,1.9229,1.9844,2.0162,2.0008,1.927,1.7953,1.6204,1.429,1.2496,1.1023,0.9953,0.9264,0.8887,0.874,0.875,0.8862,0.9036,0.9244,0.9469
1.7252,1.7303,1.7354,1.7405,1.7453,1.7497,1.7532,1.7554,1.7557,1.7535,1.7482,1.7397,1.7285,1.7155,1.7015,1.6866,1.6706,1.6539,1.6382,1.6253,1.6165,1.6125,1.6139,1.6187,1.6266,1.6394,1.6602,1.6932,1.7425,1.8099,1.8924,1.9796,2.0547,2.0977,2.0909,2.0246,1.9009,1.7351,1.5517,1.3762,1.2271,1.1129,1.0333,0.9834,0.9564,0.9461,0.9472,0.9559,0.9693,0.9855
1.7293,1.735,1.7407,1.7465,1.7522,1.7575,1.7621,1.7655,1.7669,1.7654,1.7603,1.7512,1.7388,1.7246,1.7099,1.6948,1.6785,1.6607,1.6428,1.6274,1.6163,1.6113,1.6132,1.6195,1.6292,1.644,1.6676,1.7047,1.7599,1.8353,1.9275,2.0249,2.1089,2.1584,2.1564,2.0951,1.9786,1.8224,1.6487,1.4801,1.333,1.2156,1.1292,1.0702,1.0334,1.0135,1.0058,1.0067,1.0134,1.0238
1.7333,1.7394,1.7458,1.7524,1.759,1.7654,1.7713,1.7761,1.7788,1.7784,1.7736,1.7637,1.7495,1.7334,1.7178,1.7029,1.687,1.6687,1.6492,1.6314,1.6186,1.6128,1.6147,1.6217,1.6326,1.6491,1.675,1.7152,1.7744,1.8549,1.9527,2.0554,2.1432,2.195,2.1949,2.1375,2.0286,1.8831,1.721,1.5618,1.4198,1.3029,1.213,1.1479,1.1038,1.0763,1.0612,1.0554,1.056,1.0611
1.737,1.7437,1.7507,1.758,1.7655,1.7732,1.7805,1.7869,1.7915,1.7926,1.7884,1.7775,1.7606,1.7415,1.7243,1.71,1.6955,1.6778,1.6574,1.6381,1.6241,1.6177,1.6191,1.6259,1.6373,1.6549,1.6822,1.7242,1.7855,1.8677,1.9667,2.0694,2.1562,2.2068,2.2072,2.1538,2.0533,1.9199,1.771,1.6232,1.4889,1.3753,1.2848,1.2164,1.1672,1.1339,1.1129,1.1014,1.0968,1.0972
1.7405,1.7476,1.7552,1.7633,1.7718,1.7807,1.7895,1.7979,1.8046,1.8079,1.805,1.7931,1.7723,1.7482,1.7285,1.7151,1.7031,1.6873,1.6672,1.6473,1.6325,1.6255,1.6259,1.6321,1.6433,1.6613,1.6893,1.7317,1.7927,1.8734,1.9693,2.0675,2.1495,2.1966,2.1969,2.1482,2.0573,1.937,1.8022,1.667,1.5421,1.4339,1.3451,1.2756,1.2235,1.186,1.1605,1.1443,1.1353,1.1317
1.7437,1.7513,1.7594,1.7682,1.7777,1.7877,1.7982,1.8087,1.818,1.8243,1.8236,1.8112,1.7852,1.7534,1.7294,1.717,1.7086,1.6958,1.6774,1.6578,1.6428,1.6351,1.6344,1.6396,1.6503,1.6681,1.6958,1.7373,1.7961,1.8726,1.962,2.0524,2.1268,2.1692,2.1693,2.1259,2.0454,1.9386,1.8184,1.6964,1.5817,1.4803,1.395,1.3262,1.2728,1.2327,1.2039,1.1841,1.1714,1.1643
1.7465,1.7545,1.7632,1.7726,1.7829,1.7941,1.8062,1.8188,1.8311,1.841,1.8441,1.8325,1.8004,1.7574,1.7266,1.7154,1.7113,1.7025,1.6866,1.6684,1.6537,1.6454,1.6437,1.6478,1.6577,1.6748,1.7015,1.7411,1.7961,1.8664,1.9471,2.0276,2.0932,2.1302,2.1304,2.0926,2.0225,1.9291,1.8231,1.7142,1.6102,1.5164,1.4357,1.3689,1.3155,1.2741,1.243,1.2205,1.205,1.195
1.7489,1.7573,1.7664,1.7764,1.7874,1.7996,1.8131,1.8277,1.8429,1.857,1.8651,1.8568,1.8193,1.7617,1.722,1.7118,1.7119,1.707,1.6941,1.6779,1.664,1.6554,1.6529,1.6561,1.6651,1.6811,1.7063,1.7431,1.7932,1.8562,1.9272,1.9971,2.0535,2.0852,2.0854,2.0531,1.9929,1.9121,1.8195,1.7231,1.6297,1.5439,1.4685,1.4046,1.3522,1.3105,1.2781,1.2537,1.236,1.2236
1.751,1.7596,1.769,1.7794,1.791,1.804,1.8185,1.8348,1.8525,1.8704,1.8839,1.8809,1.841,1.7693,1.7198,1.7094,1.712,1.7099,1.6998,1.6858,1.673,1.6646,1.6615,1.6639,1.672,1.6868,1.71,1.7434,1.7882,1.8434,1.9047,1.9641,2.0117,2.0383,2.0384,2.0112,1.9599,1.8906,1.8102,1.7255,1.6421,1.5642,1.4945,1.4342,1.3836,1.3422,1.3093,1.2837,1.2644,1.2502
1.7526,1.7613,1.771,1.7817,1.7936,1.8071,1.8223,1.8395,1.8588,1.8792,1.8965,1.8982,1.8598,1.7816,1.7252,1.7119,1.7137,1.7123,1.7041,1.6921,1.6807,1.6727,1.6693,1.671,1.6781,1.6915,1.7126,1.7424,1.7818,1.8293,1.8812,1.931,1.9705,1.9925,1.9925,1.9695,1.9261,1.8669,1.7974,1.7233,1.6492,1.5789,1.5149,1.4584,1.4101,1.3698,1.337,1.3107,1.2903,1.2748
1.7538,1.7626,1.7723,1.7831,1.7952,1.8088,1.8242,1.8417,1.8612,1.882,1.8999,1.9029,1.8679,1.7949,1.7381,1.7197,1.7176,1.715,1.7076,1.6972,1.687,1.6795,1.6761,1.6772,1.6834,1.6954,1.7141,1.7404,1.7744,1.8148,1.8583,1.8994,1.9318,1.9497,1.9493,1.9299,1.8931,1.8426,1.7827,1.7179,1.6523,1.5891,1.5306,1.4782,1.4325,1.3937,1.3613,1.3349,1.3138,1.2973
1.7545,1.7633,1.773,1.7837,1.7957,1.8091,1.8242,1.8411,1.8597,1.8788,1.8942,1.895,1.864,1.8035,1.7526,1.7303,1.7233,1.7183,1.7108,1.7013,1.6921,1.6852,1.6818,1.6825,1.6878,1.6983,1.7147,1.7375,1.7665,1.8005,1.8365,1.8701,1.8964,1.9106,1.9099,1.8933,1.862,1.8188,1.7671,1.7105,1.6526,1.5959,1.5427,1.4943,1.4514,1.4142,1.3827,1.3565,1.3351,1.318
1.7548,1.7635,1.773,1.7835,1.7952,1.8081,1.8225,1.8382,1.8549,1.8711,1.8824,1.88,1.8533,1.8062,1.7639,1.7402,1.7292,1.7218,1.7137,1.7048,1.6964,1.69,1.6866,1.6868,1.6913,1.7003,1.7145,1.7341,1.7586,1.7869,1.8164,1.8436,1.8646,1.8757,1.8745,1.8601,1.8333,1.7962,1.7515,1.7021,1.6508,1.6001,1.5518,1.5073,1.4672,1.4319,1.4015,1.3758,1.3544,1.3369
1.7546,1.7631,1.7724,1.7826,1.7938,1.806,1.8192,1.8334,1.8477,1.8604,1.8677,1.863,1.8405,1.8046,1.7705,1.7478,1.7345,1.7251,1.7164,1.7078,1.6999,1.6938,1.6905,1.6904,1.694,1.7017,1.7138,1.7303,1.7508,1.7741,1.7981,1.82,1.8365,1.8449,1.8431,1.8304,1.8073,1.7752,1.7364,1.6931,1.6478,1.6024,1.5586,1.5177,1.4803,1.4471,1.4179,1.3929,1.3717,1.3541
1.7541,1.7623,1.7713,1.781,1.7915,1.8028,1.8148,1.8272,1.839,1.8486,1.8526,1.8467,1.8282,1.8006,1.7732,1.7525,1.7384,1.7279,1.7187,1.7102,1.7027,1.697,1.6936,1.6932,1.696,1.7024,1.7125,1.7263,1.7432,1.7622,1.7816,1.799,1.8118,1.8179,1.8155,1.8041,1.7839,1.756,1.7221,1.684,1.6438,1.6032,1.5635,1.526,1.4914,1.46,1.4323,1.4081,1.3873,1.3697
1.7531,1.7611,1.7697,1.7788,1.7886,1.7989,1.8096,1.8201,1.8297,1.8365,1.8383,1.8321,1.8169,1.7953,1.7732,1.7548,1.7409,1.7299,1.7205,1.7122,1.705,1.6995,1.6961,1.6953,1.6974,1.7025,1.7109,1.7222,1.736,1.7514,1.7668,1.7804,1.7902,1.7943,1.7914,1.7809,1.763,1.7386,1.7088,1.6752,1.6395,1.603,1.567,1.5326,1.5005,1.4712,1.4448,1.4216,1.4013,1.384
1.7519,1.7595,1.7676,1.7762,1.7852,1.7945,1.8038,1.8127,1.8202,1.825,1.8253,1.8193,1.8067,1.7895,1.7714,1.7553,1.7421,1.7312,1.7218,1.7137,1.7067,1.7014,1.6979,1.6968,1.6982,1.7022,1.7089,1.7181,1.7293,1.7415,1.7536,1.7641,1.7713,1.7737,1.7703,1.7606,1.7446,1.7229,1.6966,1.6668,1.6349,1.6021,1.5694,1.5379,1.5082,1.4808,1.4558,1.4335,1.4139,1.3969
1.7503,1.7575,1.7651,1.7731,1.7813,1.7896,1.7977,1.8051,1.811,1.8143,1.8136,1.8081,1.7976,1.7836,1.7685,1.7545,1.7422,1.7317,1.7226,1.7146,1.7079,1.7027,1.6993,1.6978,1.6985,1.7016,1.7068,1.7141,1.7229,1.7325,1.7419,1.7497,1.7548,1.7558,1.7519,1.7428,1.7283,1.7089,1.6855,1.6589,1.6303,1.6007,1.571,1.5421,1.5146,1.489,1.4654,1.4442,1.4252,1.4086
1.7485,1.7553,1.7624,1.7697,1.7772,1.7845,1.7915,1.7976,1.8022,1.8043,1.8032,1.7981,1.7893,1.7777,1.765,1.7527,1.7415,1.7316,1.7228,1.7152,1.7087,1.7036,1.7001,1.6983,1.6985,1.7006,1.7046,1.7102,1.717,1.7244,1.7314,1.7371,1.7403,1.7402,1.7359,1.7272,1.7139,1.6965,1.6754,1.6516,1.6258,1.599,1.572,1.5455,1.52,1.496,1.4738,1.4536,1.4354,1.4192
1.7464,1.7528,1.7594,1.7661,1.7729,1.7793,1.7853,1.7904,1.7939,1.7953,1.7938,1.7892,1.7817,1.7719,1.7611,1.7503,1.7401,1.7308,1.7226,1.7153,1.7091,1.7041,1.7005,1.6985,1.6981,1.6994,1.7022,1.7064,1.7115,1.717,1.722,1.7259,1.7276,1.7265,1.7219,1.7135,1.7013,1.6854,1.6664,1.6448,1.6215,1.5972,1.5725,1.5481,1.5245,1.5021,1.4812,1.462,1.4446,1.4289
1.7442,1.7502,1.7563,1.7624,1.7684,1.7741,1.7793,1.7834,1.7861,1.7869,1.7853,1.7812,1.7747,1.7664,1.757,1.7475,1.7383,1.7297,1.7219,1.715,1.709,1.7041,1.7005,1.6983,1.6974,1.6979,1.6998,1.7027,1.7063,1.7102,1.7137,1.716,1.7165,1.7146,1.7097,1.7015,1.6901,1.6755,1.6582,1.6387,1.6175,1.5953,1.5727,1.5502,1.5283,1.5074,1.4877,1.4695,1.4528,1.4377
1.7418,1.7474,1.753,1.7586,1.764,1.769,1.7734,1.7768,1.7789,1.7793,1.7776,1.7739,1.7682,1.761,1.7529,1.7444,1.7361,1.7282,1.7209,1.7143,1.7086,1.7039,1.7002,1.6977,1.6964,1.6963,1.6973,1.6992,1.7015,1.704,1.7061,1.7072,1.7067,1.7041,1.6989,1.691,1.6803,1.6668,1.651,1.6331,1.6138,1.5934,1.5727,1.5519,1.5316,1.512,1.4935,1.4762,1.4602,1.4456
1.7393,1.7445,1.7497,1.7547,1.7595,1.7639,1.7677,1.7705,1.7721,1.7722,1.7706,1.7672,1.7622,1.7559,1.7487,1.7412,1.7336,1.7263,1.7195,1.7133,1.7079,1.7033,1.6996,1.6969,1.6952,1.6946,1.6948,1.6957,1.6971,1.6984,1.6994,1.6994,1.698,1.6948,1.6895,1.6817,1.6716,1.6591,1.6444,1.6281,1.6103,1.5916,1.5725,1.5532,1.5343,1.516,1.4986,1.4822,1.4669,1.4529
