docs/data/wind_grid.json
[{"header":{"la1":42.85,"la2":41.18,"lo1":11.55,"lo2":14.05,"nx":36,"ny":24,"dx":0.07143,"dy":0.07261,"parameterCategory":2,"parameterNumber":2,"parameterNumberName":"eastward_wind","parameterUnit":"m.s-1"},"data":[0.4126,0.4151,0.4203,0.4281,0.4378,0.4485,0.4587,0.4673,0.4733,0.476,0.4754,0.4716,0.4649,0.4563,0.4469,0.4389,0.436,0.4425,0.4625,0.4969,0.5406,0.5841,0.618,0.6387,0.6479,0.6502,0.6492,0.6472,0.645,0.643,0.6412,0.6395,0.6379,0.6363,0.6347,0.6332,0.3923,0.3945,0.4007,0.4108,0.4241,0.439,0.4534,0.4652,0.4729,0.4757,0.4737,0.467,0.4562,0.4417,0.4248,0.408,0.3962,0.3978,0.4224,0.4747,0.5464,0.616,0.6629,0.6822,0.6829,0.6759,0.6677,0.6607,0.6552,0.651,0.6476,0.6448,0.6422,0.6399,0.6376,0.6355,0.367,0.3682,0.3752,0.3884,0.407,0.4285,0.4495,0.4664,0.4766,0.4793,0.475,0.4645,0.4482,0.4262,0.3988,0.3676,0.3384,0.3255,0.3517,0.4353,0.5642,0.6868,0.751,0.7554,0.7328,0.7077,0.6882,0.6747,0.6655,0.6589,0.654,0.6499,0.6464,0.6432,0.6402,0.6374,0.3354,0.334,0.341,0.3579,0.3842,0.4164,0.4486,0.474,0.4877,0.489,0.4806,0.4647,0.4417,0.4105,0.3697,0.3173,0.2556,0.204,0.2139,0.3487,0.6039,0.8465,0.9237,0.8695,0.7948,0.7409,0.7076,0.6874,0.6747,0.6662,0.6598,0.6547,0.6502,0.6461,0.6423,0.6389,0.2958,0.2888,0.2933,0.3138,0.3513,0.4009,0.4527,0.4938,0.5122,0.508,0.4915,0.468,0.4368,0.3957,0.3403,0.2617,0.1468,0.0019,-0.0756,0.1204,0.647,1.1692,1.2117,1.0034,0.8484,0.7648,0.7209,0.6967,0.6822,0.6724,0.6651,0.6589,0.6534,0.6484,0.6439,0.6397,0.2473,0.2292,0.2254,0.2468,0.2993,0.376,0.4611,0.5327,0.5581,0.537,0.506,0.473,0.4327,0.3811,0.3134,0.2137,0.0374,-0.2841,-0.6634,-0.4681,0.4897,1.3841,1.3675,1.0386,0.854,0.7673,0.7246,0.7016,0.6876,0.6776,0.6696,0.6625,0.656,0.65,0.6446,0.6396,0.1913,0.1544,0.1312,0.1444,0.2143,0.3288,0.457,0.5702,0.6053,0.5602,0.5184,0.4784,0.4274,0.3618,0.2838,0.1843,-0.0023,-0.4544,-1.2858,-1.1608,0.1077,0.864,1.0142,0.8984,0.8023,0.7492,0.7205,0.7034,0.6916,0.682,0.6734,0.6654,0.6577,0.6506,0.6441,0.6384,0.1339,0.0728,0.0183,0.0056,0.0906,0.2505,0.4138,0.5343,0.5745,0.5567,0.5287,0.4858,0.4198,0.3263,0.221,0.1414,0.0516,-0.2106,-0.6628,-0.4635,0.312,0.6208,0.7317,0.7559,0.7437,0.728,0.7155,0.7053,0.6958,0.6864,0.6769,0.6674,0.6583,0.6498,0.6422,0.6356,0.084,0.0029,-0.0652,-0.0891,-0.0261,0.161,0.3603,0.4942,0.5605,0.5783,0.5557,0.5033,0.4164,0.2637,0.0432,-0.0496,0.0643,0.1124,0.0984,0.325,0.7393,0.7327,0.6899,0.7055,0.717,0.7196,0.7169,0.7106,0.7018,0.6913,0.6799,0.6683,0.6572,0.647,0.6381,0.6306,0.0476,-0.0575,-0.1465,-0.181,-0.1857,0.0646,0.3409,0.5227,0.6434,0.6782,0.6127,0.5354,0.4388,0.2229,-0.3518,-0.6667,-0.0355,0.2966,0.4193,0.5428,0.7015,0.7179,0.6977,0.7079,0.7217,0.7288,0.7283,0.7216,0.7105,0.6969,0.6822,0.6675,0.6537,0.6414,0.6311,0.6228,0.032,-0.1143,-0.3547,-0.7807,-0.6751,-0.0339,0.3748,0.5829,0.7775,0.8617,0.6693,0.5676,0.5014,0.3676,-0.1924,-0.6438,0.1349,0.5083,0.6314,0.6656,0.6918,0.7098,0.7211,0.7351,0.748,0.7542,0.7506,0.7387,0.7217,0.7025,0.6827,0.6637,0.6464,0.6317,0.6199,0.611,0.0549,-0.0966,-0.3565,-0.7304,-0.5966,0.0666,0.4832,0.6488,0.7098,0.7595,0.6404,0.5733,0.5525,0.5123,0.5753,0.4596,0.6171,0.8367,0.8959,0.8227,0.778,0.7661,0.7683,0.7775,0.7894,0.7944,0.7835,0.7609,0.734,0.7063,0.6796,0.6549,0.6334,0.6159,0.6029,0.5941,0.119,0.0137,-0.1209,-0.2144,-0.0657,0.2864,0.5703,0.7818,0.6204,0.6189,0.5786,0.5255,0.5528,0.6828,0.9155,0.8852,0.9434,1.1782,1.1832,0.9508,0.8649,0.8355,0.8236,0.8234,0.8375,0.8468,0.8237,0.784,0.7435,0.7054,0.67,0.6382,0.6116,0.5913,0.5778,0.5702,0.2022,0.1486,0.1062,0.117,0.2265,0.4006,0.543,0.5723,0.5733,0.5721,0.54,0.437,0.4226,0.6244,0.9177,1.3311,1.1568,1.0782,1.0834,0.9763,0.9312,0.9075,0.8803,0.8611,0.8702,0.8871,0.8523,0.7971,0.7446,0.6956,0.6499,0.6092,0.5764,0.5536,0.5412,0.5372,0.2822,0.2617,0.2585,0.2886,0.3588,0.4486,0.5211,0.5539,0.5572,0.5402,0.513,0.5023,0.565,0.614,0.945,1.4028,0.7589,0.9252,0.9705,0.9904,1.0236,1.0089,0.9466,0.8933,0.873,0.873,0.8432,0.7904,0.7325,0.6731,0.6144,0.5613,0.5204,0.4964,0.4886,0.4925,0.3492,0.3454,0.3551,0.3831,0.4282,0.479,0.5203,0.542,0.5407,0.5068,0.4326,0.4239,0.5022,0.6367,0.8144,0.9095,0.7645,0.8868,0.9639,1.0533,1.2068,1.1618,1.0179,0.9274,0.8795,0.8534,0.8216,0.7726,0.7093,0.6359,0.5575,0.4843,0.432,0.4099,0.4144,0.434,0.4023,0.4061,0.4189,0.4417,0.4723,0.5044,0.5306,0.5447,0.5409,0.5088,0.449,0.4645,0.45,0.4631,0.7271,0.8565,0.8939,0.9428,0.9975,1.0818,1.2402,1.1914,1.0444,0.949,0.8939,0.8608,0.8236,0.7636,0.6824,0.5848,0.4727,0.3629,0.292,0.2814,0.3144,0.3626,0.4442,0.451,0.4638,0.4824,0.5047,0.5274,0.5462,0.5575,0.5579,0.5459,0.5317,0.5287,0.4681,0.4905,0.7991,0.9455,0.9663,0.9998,1.0037,1.0896,1.1362,1.1083,1.0301,0.9544,0.9119,0.9092,0.8813,0.7799,0.6562,0.523,0.3587,0.1803,0.0788,0.1038,0.1936,0.2861,0.4775,0.4856,0.4976,0.5131,0.5308,0.5487,0.5643,0.576,0.5825,0.5855,0.5906,0.6033,0.6314,0.7569,1.0931,1.2189,1.0577,1.0698,1.1215,1.3006,1.2197,1.1183,1.0326,0.9548,0.9279,1.0316,1.051,0.8053,0.6132,0.4577,0.2413,-0.0384,-0.1806,-0.0843,0.085,0.2249,0.5046,0.513,0.5243,0.5379,0.5531,0.5686,0.5832,0.5964,0.6083,0.6209,0.6387,0.6693,0.7297,0.86,1.0842,1.1648,1.0897,1.1832,1.555,1.7365,1.3573,1.1742,1.0675,0.9566,0.8825,1.0129,1.0506,0.6495,0.5016,0.4023,0.1973,-0.1247,-0.2869,-0.1521,0.0496,0.2052,0.527,0.5356,0.5463,0.5587,0.5725,0.5869,0.6016,0.6163,0.632,0.6504,0.6753,0.7127,0.7717,0.8613,0.9658,1.0281,1.0679,1.1845,1.4069,1.4876,1.3349,1.2532,1.179,1.0004,0.7595,0.4756,0.0291,0.1139,0.3365,0.3781,0.2636,0.0397,-0.094,-0.0267,0.1129,0.2358,0.546,0.5546,0.5648,0.5766,0.5896,0.6036,0.6184,0.6343,0.6522,0.6735,0.7008,0.7375,0.7869,0.8488,0.9144,0.9721,1.0325,1.119,1.2213,1.2803,1.3243,1.4666,1.4894,1.164,0.7251,0.1751,-0.435,-0.1185,0.3292,0.4261,0.3726,0.2519,0.1612,0.1633,0.2248,0.2979,0.5622,0.5707,0.5807,0.592,0.6046,0.6183,0.6333,0.6498,0.6685,0.6906,0.7176,0.7511,0.7921,0.8394,0.8897,0.9408,0.9962,1.0608,1.1313,1.2102,1.3585,1.6631,1.7588,1.3173,0.8137,0.3742,0.1062,0.2818,0.5443,0.5327,0.4645,0.3887,0.329,0.3107,0.3292,0.3656,0.5761,0.5846,0.5944,0.6054,0.6176,0.6311,0.6459,0.6625,0.6812,0.7029,0.7283,0.7583,0.7929,0.8316,0.8731,0.9169,0.9641,1.0164,1.0766,1.1568,1.2903,1.477,1.5038,1.2252,0.8689,0.5814,0.4372,0.4835,0.5784,0.5604,0.5095,0.4617,0.4241,0.4059,0.4082,0.4245]},{"header":{"la1":42.85,"la2":41.18,"lo1":11.55,"lo2":14.05,"nx":36,"ny":24,"dx":0.07143,"dy":0.07261,"parameterCategory":2,"parameterNumber":3,"parameterNumberName":"northward_wind","parameterUnit":"m.s-1"},"data":[0.5846,0.5987,0.6119,0.6239,0.6342,0.6413,0.6432,0.6374,0.622,0.5969,0.5646,0.5288,0.493,0.46,0.4313,0.4081,0.3911,0.3811,0.3783,0.3819,0.3886,0.3933,0.391,0.3797,0.3611,0.3384,0.3147,0.2918,0.2706,0.2514,0.234,0.2185,0.2045,0.1919,0.1807,0.1706,0.6094,0.6272,0.6446,0.6615,0.6777,0.692,0.7011,0.6997,0.6831,0.6505,0.6066,0.5582,0.5115,0.4699,0.4349,0.4072,0.3878,0.3782,0.3799,0.393,0.413,0.4295,0.4313,0.4154,0.3873,0.3549,0.3233,0.2947,0.2695,0.2476,0.2284,0.2115,0.1967,0.1835,0.1718,0.1614,0.6363,0.6586,0.6807,0.7033,0.7277,0.7538,0.7772,0.787,0.7709,0.7259,0.6618,0.5937,0.5315,0.4789,0.4363,0.403,0.3797,0.3691,0.3761,0.4048,0.451,0.4926,0.5006,0.4707,0.4226,0.3737,0.331,0.2955,0.2661,0.2416,0.2207,0.2028,0.1871,0.1734,0.1614,0.1508,0.6656,0.6933,0.7205,0.7488,0.7827,0.8271,0.8789,0.9168,0.9071,0.8375,0.7353,0.6346,0.5512,0.486,0.4351,0.395,0.3651,0.3492,0.3584,0.4091,0.5083,0.6094,0.6234,0.5524,0.4638,0.3901,0.3343,0.292,0.259,0.2324,0.2104,0.1917,0.1756,0.1616,0.1494,0.1388,0.698,0.733,0.7658,0.7977,0.8386,0.9065,1.012,1.1217,1.1366,1.0093,0.8283,0.6757,0.5666,0.4896,0.4319,0.3848,0.3442,0.3133,0.31,0.3782,0.5715,0.8145,0.8173,0.6439,0.4936,0.394,0.328,0.2816,0.2468,0.2195,0.197,0.1781,0.1619,0.1479,0.1356,0.1251,0.7341,0.7811,0.8227,0.854,0.8892,0.9724,1.1596,1.4371,1.5327,1.2537,0.9206,0.7016,0.5712,0.4887,0.4288,0.3764,0.3227,0.2632,0.2138,0.2634,0.5333,0.9424,0.9193,0.6557,0.4774,0.3731,0.3076,0.2624,0.2288,0.2023,0.1804,0.1619,0.1458,0.1319,0.1199,0.1095,0.7721,0.8412,0.9052,0.9358,0.9364,0.9912,1.2226,1.711,1.9554,1.4228,0.9375,0.6877,0.5593,0.4841,0.4297,0.3774,0.3143,0.2296,0.1272,0.1415,0.3363,0.5881,0.6373,0.512,0.4006,0.3252,0.2732,0.235,0.2054,0.1812,0.1607,0.1429,0.1273,0.1137,0.102,0.0919,0.8036,0.9068,1.0288,1.0863,1.0045,0.9531,1.0807,1.4171,1.5713,1.1694,0.8102,0.6275,0.5347,0.4811,0.4414,0.3959,0.3304,0.2469,0.1703,0.1534,0.1442,0.204,0.3082,0.3286,0.3008,0.264,0.2305,0.202,0.1778,0.1568,0.1381,0.1214,0.1064,0.0931,0.0817,0.0721,0.81,0.937,1.1363,1.2872,1.0693,0.8827,0.8554,0.902,0.8782,0.7404,0.6215,0.5523,0.5124,0.4886,0.4745,0.4447,0.3673,0.2745,0.1955,0.105,-0.0592,-0.0186,0.1395,0.2087,0.2189,0.206,0.1867,0.1669,0.1481,0.1302,0.1133,0.0974,0.0828,0.0699,0.0588,0.0497,0.778,0.8784,1.0152,1.0946,0.9187,0.7747,0.6857,0.6062,0.4877,0.4245,0.4687,0.499,0.5094,0.5127,0.5353,0.5479,0.4088,0.2766,0.1851,0.0998,-0.0047,0.0119,0.1028,0.1516,0.1635,0.1578,0.1458,0.1322,0.1178,0.1025,0.0868,0.0712,0.0565,0.0436,0.0327,0.0242,0.721,0.7744,0.7972,0.7355,0.7231,0.6756,0.5858,0.4839,0.2662,0.1574,0.38,0.4868,0.5412,0.566,0.5552,0.554,0.3816,0.2158,0.126,0.0959,0.078,0.0829,0.1079,0.1239,0.1243,0.1168,0.1083,0.0994,0.0883,0.0745,0.0587,0.0423,0.0269,0.0134,0.0027,-0.005,0.6611,0.6917,0.705,0.6996,0.6833,0.6122,0.5438,0.5017,0.3801,0.2791,0.4101,0.519,0.6131,0.7361,0.6105,0.4554,0.2714,0.0177,-0.0651,0.0199,0.0732,0.0947,0.1039,0.1018,0.0893,0.0772,0.0728,0.0695,0.061,0.0468,0.029,0.0101,-0.0074,-0.0219,-0.0325,-0.039,0.6053,0.6252,0.6373,0.6368,0.6093,0.5606,0.5387,0.5097,0.5477,0.4351,0.4637,0.6025,0.6679,0.7585,0.605,0.4199,0.2006,-0.3728,-0.4081,-0.0651,0.053,0.0894,0.095,0.0811,0.0527,0.0345,0.0403,0.0449,0.037,0.0193,-0.0035,-0.0273,-0.0484,-0.0646,-0.0747,-0.0791,0.5536,0.5644,0.5682,0.5607,0.5394,0.5176,0.5253,0.5854,0.5359,0.4094,0.4227,0.7169,0.8211,0.647,0.4779,0.4316,0.2853,-0.0882,-0.1926,-0.02,0.0673,0.0961,0.0934,0.0692,0.0255,0.0016,0.0208,0.0295,0.017,-0.009,-0.0412,-0.0733,-0.1001,-0.1182,-0.1268,-0.1272,0.5065,0.5101,0.5078,0.4976,0.481,0.4653,0.4589,0.4483,0.3795,0.2574,0.1872,0.2734,0.3581,0.2223,0.3685,0.4211,0.1166,0.1084,0.0433,0.0677,0.12,0.1305,0.1062,0.0743,0.0372,0.0169,0.0263,0.0244,-0.0005,-0.0411,-0.0885,-0.1338,-0.1687,-0.1881,-0.1923,-0.1851,0.4644,0.4631,0.4567,0.4446,0.4275,0.4068,0.3804,0.3337,0.2381,0.0574,-0.2331,-0.1567,0.0028,0.1634,0.2222,0.2071,0.1054,0.0917,0.0584,0.1049,0.2306,0.2067,0.1268,0.0868,0.0669,0.0574,0.0522,0.0307,-0.0157,-0.08,-0.1516,-0.218,-0.2644,-0.2824,-0.2757,-0.2542,0.4274,0.4225,0.4133,0.3991,0.3795,0.3533,0.3163,0.2581,0.1615,0.0006,-0.2107,-0.1476,-0.2023,-0.2419,0.0356,0.095,0.0666,-0.0158,-0.0742,0.0408,0.2406,0.209,0.1186,0.0905,0.1001,0.1211,0.1166,0.0637,-0.024,-0.1277,-0.2382,-0.3395,-0.4023,-0.4105,-0.3794,-0.3333,0.3949,0.3876,0.3763,0.3603,0.3389,0.3104,0.2714,0.217,0.1416,0.047,-0.0362,-0.0846,-0.2412,-0.2768,-0.0866,-0.0503,-0.0503,-0.2178,-0.4283,-0.1328,0.0479,0.0843,0.0686,0.0828,0.158,0.2733,0.2893,0.1497,-0.0243,-0.1869,-0.3521,-0.5104,-0.5959,-0.5744,-0.4971,-0.4145,0.3665,0.3574,0.3448,0.328,0.3061,0.278,0.2419,0.1962,0.1408,0.0804,0.0246,-0.028,-0.0885,-0.1186,-0.1972,-0.2462,-0.1226,-0.2004,-0.2923,-0.0888,-0.0257,-0.0082,0.0012,0.0554,0.2306,0.5771,0.6515,0.2605,-0.0486,-0.2625,-0.4745,-0.7025,-0.8126,-0.7367,-0.5997,-0.4807,0.3416,0.3316,0.3183,0.3013,0.2801,0.2539,0.2221,0.1845,0.1421,0.0979,0.0549,0.0132,-0.0286,-0.0786,-0.1731,-0.2047,-0.1157,-0.0867,0.012,0.0739,-0.0345,-0.0914,-0.102,-0.0351,0.1656,0.598,0.6974,0.1263,-0.1779,-0.3647,-0.553,-0.7822,-0.8947,-0.7963,-0.6411,-0.5122,0.32,0.3093,0.2959,0.2794,0.2594,0.2355,0.2078,0.1765,0.1425,0.1073,0.0723,0.0377,0.0022,-0.0382,-0.0812,-0.0954,-0.0766,-0.0559,-0.0165,-0.0127,-0.1219,-0.2577,-0.3048,-0.2217,-0.0971,-0.0711,-0.3415,-0.3788,-0.4278,-0.5198,-0.5978,-0.7069,-0.7744,-0.7201,-0.6103,-0.5052,0.3011,0.2902,0.277,0.2612,0.2426,0.2211,0.1968,0.1701,0.1416,0.1123,0.0828,0.0533,0.0235,-0.0064,-0.0327,-0.0485,-0.0552,-0.0621,-0.0784,-0.1392,-0.3128,-0.599,-0.687,-0.4736,-0.3302,-0.4244,-0.6704,-0.6313,-0.7502,-0.7856,-0.7057,-0.6642,-0.6552,-0.6191,-0.5518,-0.4766,0.2845,0.2737,0.2609,0.2459,0.2287,0.2092,0.1877,0.1645,0.1399,0.1146,0.089,0.0633,0.0378,0.013,-0.0098,-0.0296,-0.0494,-0.0764,-0.1253,-0.2307,-0.4642,-0.8522,-0.9609,-0.638,-0.4484,-0.479,-0.6078,-0.8432,-1.2547,-1.1454,-0.8618,-0.6928,-0.6117,-0.5576,-0.5024,-0.4444,0.27,0.2593,0.247,0.2329,0.2169,0.1992,0.1799,0.1593,0.1376,0.1152,0.0924,0.0694,0.0464,0.0236,0.001,-0.0223,-0.0496,-0.0876,-0.149,-0.2575,-0.4447,-0.6802,-0.7436,-0.5863,-0.4758,-0.5021,-0.6475,-0.9643,-1.3207,-1.2036,-0.9081,-0.7069,-0.5933,-0.5224,-0.4665,-0.4155]}]