docs/data/wind_grid.json
[{"header":{"la1":42.85,"la2":41.18,"lo1":11.55,"lo2":14.05,"nx":36,"ny":24,"dx":0.07143,"dy":0.07261,"parameterCategory":2,"parameterNumber":2,"parameterNumberName":"eastward_wind","parameterUnit":"m.s-1"},"data":[2.1556,2.1405,2.1233,2.1046,2.0857,2.069,2.0578,2.0558,2.0656,2.0875,2.1196,2.1585,2.2009,2.2444,2.2876,2.329,2.3669,2.3985,2.4207,2.4312,2.4293,2.4167,2.3962,2.3707,2.3427,2.314,2.2858,2.2589,2.2337,2.2105,2.1893,2.17,2.1526,2.137,2.1231,2.1107,2.1521,2.1333,2.1107,2.0844,2.0557,2.0278,2.0059,1.9968,2.0062,2.0349,2.0788,2.1312,2.1867,2.2423,2.2972,2.3509,2.4016,2.4451,2.4756,2.4884,2.4827,2.4618,2.4313,2.3959,2.3592,2.3233,2.2892,2.2576,2.2288,2.2028,2.1795,2.1588,2.1404,2.1241,2.1097,2.0971,2.1513,2.1287,2.0998,2.064,2.0215,1.9756,1.9342,1.9106,1.9176,1.9581,2.0222,2.0955,2.1686,2.2388,2.3077,2.3771,2.4465,2.5094,2.554,2.5697,2.5553,2.5194,2.4727,2.4232,2.375,2.3301,2.2892,2.2526,2.22,2.1913,2.1662,2.1442,2.125,2.1083,2.0937,2.0811,2.1545,2.1287,2.0938,2.0469,1.986,1.9119,1.8347,1.7794,1.779,1.8432,1.9452,2.0518,2.1478,2.234,2.3174,2.4061,2.5032,2.6002,2.6715,2.6903,2.6558,2.5912,2.5189,2.4498,2.3874,2.3323,2.284,2.2421,2.2059,2.1749,2.1484,2.1256,2.106,2.0892,2.0747,2.0623,2.1632,2.1361,2.0967,2.0395,1.9572,1.8432,1.7017,1.5746,1.5517,1.67,1.8474,2.0055,2.128,2.2275,2.3225,2.4313,2.568,2.7269,2.8541,2.8738,2.7911,2.674,2.5641,2.4709,2.3926,2.3265,2.2708,2.224,2.1849,2.1523,2.1251,2.1022,2.0828,2.0664,2.0524,2.0406,2.1789,2.1534,2.1135,2.0507,1.9509,1.7931,1.5552,1.2763,1.1881,1.4356,1.7507,1.9727,2.1156,2.2187,2.3153,2.4376,2.6196,2.8789,3.1209,3.1304,2.9449,2.7484,2.5956,2.4785,2.3852,2.309,2.2465,2.1957,2.1548,2.1219,2.0952,2.0732,2.0549,2.0394,2.0264,2.0155,2.2019,2.1822,2.1484,2.0894,1.9868,1.8082,1.4977,1.0372,0.8385,1.2798,1.7256,1.9773,2.1165,2.2047,2.2848,2.4015,2.6072,2.9529,3.3307,3.3193,3.025,2.7727,2.596,2.4644,2.3597,2.2748,2.2068,2.1539,2.1133,2.0822,2.0579,2.0382,2.0218,2.008,1.9964,1.9869,2.2312,2.2222,2.2022,2.1593,2.0739,1.9196,1.6596,1.2931,1.1482,1.4902,1.8284,2.0246,2.1288,2.1791,2.2154,2.2999,2.4909,2.8015,3.1206,3.1393,2.9274,2.7218,2.5591,2.4247,2.3111,2.218,2.1461,2.0939,2.0574,2.0315,2.0122,1.9966,1.9834,1.9719,1.9622,1.9543,2.264,2.2697,2.2719,2.2563,2.1986,2.0857,1.9281,1.7666,1.7114,1.8086,1.9597,2.0845,2.1455,2.1363,2.0766,2.0965,2.3071,2.5806,2.7874,2.8426,2.7668,2.6394,2.4994,2.3604,2.2332,2.1293,2.0555,2.0096,1.9836,1.9685,1.9579,1.9486,1.9395,1.9308,1.9233,1.9173,2.295,2.3169,2.3469,2.3698,2.3372,2.2408,2.1312,2.0089,1.8695,1.8428,1.9994,2.1351,2.1706,2.0979,1.8418,1.7112,2.1413,2.511,2.7045,2.7522,2.6994,2.586,2.4368,2.2709,2.1127,1.9904,1.9193,1.8919,1.8888,1.8931,1.8959,1.8948,1.8904,1.8846,1.8791,1.8752,2.3184,2.3508,2.4018,2.4615,2.446,2.3511,2.2833,2.1532,1.7337,1.5287,1.9868,2.2032,2.2137,2.1215,1.8814,1.7094,2.2456,2.7007,2.8973,2.8687,2.7434,2.5783,2.3772,2.145,1.9191,1.7634,1.7106,1.7302,1.7725,1.8083,1.8292,1.837,1.8366,1.8326,1.8287,1.8269,2.3305,2.3625,2.4086,2.4572,2.4481,2.4124,2.4477,2.4673,2.1194,1.8518,2.1702,2.3502,2.27,2.0544,2.0922,2.2481,2.6652,3.291,3.4509,3.1456,2.8545,2.6031,2.3186,1.9635,1.5934,1.3756,1.3908,1.5203,1.6435,1.723,1.763,1.7771,1.7774,1.7732,1.77,1.7705,2.3332,2.3583,2.3878,2.4121,2.4214,2.4531,2.5585,2.7021,2.5671,2.3552,2.4444,2.6712,2.5438,2.0114,2.0991,2.4614,3.0192,4.209,4.2365,3.3926,2.9539,2.6513,2.2823,1.7396,1.0795,0.7434,0.9544,1.2973,1.5316,1.6538,1.7043,1.7158,1.7105,1.7025,1.6992,1.7031,2.3311,2.3501,2.3705,2.39,2.4132,2.4585,2.5404,2.6275,2.5738,2.4703,2.567,3.0376,3.1475,2.4921,2.4502,2.6781,3.0706,3.6932,3.7845,3.2931,3.017,2.7699,2.3472,1.6295,0.6233,0.1327,0.6285,1.1843,1.489,1.6197,1.6567,1.6494,1.6286,1.6127,1.6098,1.6202,2.327,2.3423,2.3589,2.3772,2.4005,2.4339,2.4751,2.4998,2.4729,2.436,2.4635,2.5955,2.6917,2.8605,2.6302,2.9574,3.3703,3.146,3.1293,3.1454,3.2611,3.1137,2.599,1.8574,0.9541,0.4988,0.8686,1.3167,1.5502,1.6252,1.6132,1.5645,1.5158,1.4897,1.492,1.5165,2.3218,2.3346,2.3486,2.3641,2.382,2.402,2.4193,2.4225,2.4023,2.3563,2.2653,2.3217,2.4168,2.5503,2.5737,2.8519,3.1496,2.8712,2.813,3.2082,4.0463,3.7986,2.9335,2.235,1.6834,1.4062,1.4724,1.6227,1.6849,1.6503,1.5521,1.4339,1.3436,1.3111,1.3329,1.3871,2.3156,2.3264,2.3378,2.3499,2.3623,2.3737,2.3805,2.3779,2.3611,2.3232,2.2635,2.2953,2.2445,2.208,2.3545,2.4591,2.5134,2.3686,2.3226,2.9266,4.1287,3.8471,2.9666,2.4262,2.1335,2.0206,1.9949,1.9452,1.8348,1.6641,1.4419,1.2142,1.0667,1.0475,1.1225,1.2329,2.3086,2.3174,2.3265,2.3354,2.3437,2.35,2.3524,2.3486,2.337,2.3176,2.2969,2.2726,2.1833,2.1402,2.0923,2.0457,2.0965,1.8522,1.5395,2.1513,2.8239,2.9322,2.6438,2.4105,2.3606,2.4584,2.4637,2.2537,1.9693,1.6494,1.2616,0.8592,0.6367,0.6844,0.8718,1.0708,2.3009,2.3079,2.3148,2.3212,2.3265,2.3297,2.3298,2.3255,2.3162,2.3017,2.2811,2.246,2.1819,2.0533,1.6661,1.5067,1.8486,1.7687,1.6043,1.7747,2.0986,2.2936,2.2962,2.304,2.4947,2.9214,3.0116,2.5186,2.0547,1.6154,1.0563,0.4163,0.113,0.3043,0.6492,0.9433,2.2926,2.2981,2.3031,2.3074,2.3104,2.3115,2.3098,2.3046,2.295,2.2797,2.2558,2.2158,2.1427,1.9897,1.6952,1.5997,1.8055,1.7861,1.5593,1.4601,1.7711,1.9216,1.9807,2.1149,2.4287,2.9764,3.0958,2.4696,2.0223,1.5916,0.9942,0.242,-0.1004,0.1697,0.5793,0.904,2.284,2.2881,2.2915,2.2941,2.2953,2.2946,2.2913,2.2848,2.274,2.2573,2.2316,2.1912,2.1259,2.023,1.8997,1.8476,1.8607,1.8033,1.6571,1.5968,1.6323,1.5499,1.544,1.7789,2.1123,2.3261,2.2026,2.1036,1.8838,1.5763,1.1498,0.5974,0.2965,0.4283,0.7136,0.9708,2.2753,2.278,2.2801,2.2812,2.2809,2.2787,2.2741,2.2664,2.2545,2.237,2.2117,2.1751,2.1239,2.0584,1.9912,1.9425,1.9023,1.8354,1.7375,1.6209,1.3778,0.9117,0.7849,1.2942,1.7896,2.0035,2.0068,1.9371,1.6674,1.4969,1.3159,1.0351,0.8282,0.8242,0.9493,1.1035,2.2665,2.2681,2.269,2.2688,2.2672,2.2638,2.2581,2.2493,2.2368,2.2193,2.1955,2.1637,2.1232,2.0756,2.0256,1.9767,1.9223,1.848,1.7379,1.5476,1.1433,0.4485,0.2531,0.96,1.5642,1.8285,1.8632,1.6498,1.308,1.3356,1.3696,1.2762,1.1657,1.1285,1.1678,1.2464,2.2577,2.2584,2.2582,2.2569,2.2543,2.2499,2.2433,2.2339,2.2211,2.204,2.1819,2.1539,2.1199,2.0806,2.0371,1.9887,1.9302,1.8512,1.7335,1.5383,1.2047,0.7811,0.6874,1.0838,1.4913,1.6908,1.6904,1.4904,1.2601,1.3072,1.3928,1.3879,1.3446,1.3191,1.3298,1.369]},{"header":{"la1":42.85,"la2":41.18,"lo1":11.55,"lo2":14.05,"nx":36,"ny":24,"dx":0.07143,"dy":0.07261,"parameterCategory":2,"parameterNumber":3,"parameterNumberName":"northward_wind","parameterUnit":"m.s-1"},"data":[0.8549,0.823,0.787,0.7474,0.7055,0.6644,0.6279,0.6005,0.5845,0.5787,0.5784,0.577,0.5687,0.5502,0.521,0.4831,0.4415,0.4033,0.3765,0.3675,0.3783,0.4061,0.4454,0.4904,0.5369,0.582,0.6246,0.6642,0.7009,0.7349,0.7665,0.7961,0.8236,0.8494,0.8734,0.8957,0.854,0.8175,0.7746,0.7251,0.6702,0.6137,0.5626,0.5258,0.5097,0.5131,0.5266,0.5377,0.5362,0.517,0.4793,0.4257,0.363,0.3029,0.2602,0.2469,0.266,0.3105,0.3691,0.4319,0.4927,0.5489,0.5996,0.6452,0.6866,0.7243,0.759,0.7912,0.821,0.8488,0.8745,0.8984,0.8565,0.8155,0.765,0.7031,0.6295,0.548,0.4696,0.4131,0.3957,0.4178,0.4594,0.4944,0.5059,0.4873,0.438,0.361,0.2643,0.1658,0.0942,0.0752,0.1129,0.1889,0.2795,0.3682,0.4477,0.5167,0.5761,0.6278,0.6736,0.7149,0.7527,0.7875,0.8198,0.8496,0.8772,0.9025,0.8639,0.8194,0.7616,0.6858,0.5873,0.4657,0.335,0.233,0.2088,0.2712,0.3705,0.4497,0.4826,0.4657,0.4017,0.2919,0.1409,-0.0277,-0.1562,-0.1818,-0.1001,0.0371,0.1796,0.304,0.4057,0.488,0.5555,0.6125,0.6623,0.7069,0.7476,0.7852,0.8199,0.852,0.8815,0.9085,0.8773,0.8315,0.7693,0.6815,0.5548,0.3755,0.1469,-0.0649,-0.1174,0.0389,0.2589,0.4126,0.4741,0.4584,0.3773,0.228,-0.0024,-0.3001,-0.55,-0.5785,-0.3899,-0.1375,0.0819,0.2489,0.3725,0.4657,0.539,0.5997,0.6524,0.6999,0.7436,0.7841,0.8217,0.8562,0.8879,0.9165,0.897,0.8533,0.7924,0.701,0.5549,0.3139,-0.066,-0.5246,-0.6755,-0.2929,0.1563,0.4073,0.4914,0.4699,0.3721,0.1898,-0.1275,-0.6301,-1.1322,-1.1426,-0.7215,-0.2916,0.0142,0.2173,0.3544,0.452,0.5266,0.5883,0.6429,0.6932,0.7402,0.7842,0.8251,0.8625,0.8965,0.9271,0.9214,0.8834,0.8313,0.7516,0.6142,0.356,-0.1345,-0.906,-1.2462,-0.5069,0.1768,0.4718,0.5419,0.497,0.3833,0.1969,-0.1443,-0.7972,-1.594,-1.5644,-0.8872,-0.33,0.0135,0.2218,0.3543,0.4455,0.5155,0.5757,0.6316,0.6853,0.7367,0.7853,0.8303,0.8713,0.9081,0.9406,0.9475,0.9158,0.877,0.824,0.7334,0.5492,0.1754,-0.4277,-0.6765,-0.0715,0.4391,0.6206,0.6183,0.5215,0.3803,0.2227,-0.0158,-0.497,-1.1168,-1.1341,-0.6299,-0.188,0.0918,0.261,0.3663,0.439,0.4986,0.556,0.6146,0.674,0.7323,0.7874,0.838,0.8833,0.9232,0.9577,0.9712,0.941,0.9088,0.8816,0.8589,0.8077,0.688,0.5371,0.544,0.732,0.8363,0.8101,0.6997,0.518,0.2894,0.1507,0.1015,-0.0635,-0.3025,-0.35,-0.1697,0.0487,0.2115,0.3129,0.3731,0.4167,0.4628,0.5197,0.5863,0.657,0.7265,0.7912,0.8491,0.8997,0.9431,0.9796,0.9915,0.953,0.9033,0.8645,0.8972,0.9955,1.0837,1.182,1.356,1.4143,1.2054,0.9804,0.7758,0.5088,0.0406,-0.1854,0.09,0.1559,0.109,0.0991,0.162,0.2514,0.3182,0.3453,0.3461,0.3512,0.3857,0.453,0.5403,0.6326,0.7202,0.7984,0.8657,0.9224,0.9692,1.0073,1.0141,0.9634,0.8753,0.7594,0.8035,1.0909,1.3405,1.5225,1.8261,1.9817,1.4521,1.0867,0.8443,0.609,0.1399,-0.176,0.1582,0.217,0.2074,0.2565,0.3301,0.3826,0.3849,0.3286,0.2432,0.1948,0.2313,0.3382,0.4722,0.6027,0.7171,0.8128,0.8911,0.9539,1.0036,1.0424,1.048,1.0006,0.9134,0.7967,0.8653,1.2314,1.5572,1.729,1.7784,1.7936,1.4313,1.1259,0.8816,0.6831,0.5969,0.4301,0.3025,0.0526,0.0087,0.234,0.4106,0.4737,0.4185,0.2408,-0.0018,-0.1372,-0.0516,0.1635,0.3883,0.5768,0.7254,0.8408,0.9298,0.9978,1.0489,1.0867,1.0946,1.0698,1.0354,1.024,1.1388,1.4053,1.6936,1.8905,1.7917,1.5853,1.3656,1.1874,0.9966,0.678,0.688,0.6224,0.3081,-0.455,-0.4588,0.1899,0.5068,0.5818,0.4562,0.0939,-0.4559,-0.7481,-0.4827,-0.0395,0.3204,0.5761,0.7581,0.8906,0.9878,1.0583,1.108,1.1419,1.1454,1.1449,1.1538,1.1956,1.3024,1.4731,1.661,1.7986,1.7378,1.5449,1.3936,1.2741,1.2069,0.8632,0.8867,0.6645,0.35,-0.0444,-0.0533,0.4396,0.7228,0.7638,0.568,0.0334,-0.886,-1.3773,-0.8207,-0.13,0.3332,0.6292,0.8293,0.9707,1.071,1.1397,1.1837,1.2097,1.191,1.2054,1.2326,1.2828,1.3636,1.4677,1.5694,1.6269,1.6021,1.5487,1.5299,1.4872,1.3773,1.5578,1.0837,0.4685,-0.121,0.3879,0.6441,0.8956,1.0594,1.037,0.8022,0.2844,-0.5312,-0.9787,-0.5341,0.0614,0.4757,0.7512,0.9457,1.087,1.1853,1.2466,1.2788,1.2911,1.2274,1.2483,1.2794,1.3241,1.3824,1.4476,1.5055,1.5414,1.5597,1.6095,1.7323,1.8934,1.7134,1.4747,1.2358,0.6949,0.2392,0.7925,1.1767,1.3083,1.35,1.2983,1.0719,0.7005,0.2602,0.0215,0.1574,0.4445,0.708,0.9241,1.1018,1.2418,1.3365,1.3841,1.3953,1.3856,1.255,1.2776,1.3073,1.3446,1.3883,1.434,1.476,1.5122,1.5532,1.6255,1.7265,1.7671,1.8154,1.8166,1.5284,1.3194,1.2728,1.6268,1.929,1.7139,1.4255,1.3931,1.2572,1.0139,0.7741,0.6431,0.6582,0.7731,0.9331,1.1081,1.2834,1.4364,1.5319,1.5561,1.5316,1.489,1.2757,1.2979,1.3248,1.3564,1.3914,1.4277,1.4636,1.5001,1.5426,1.5969,1.6538,1.7093,1.8374,1.8801,1.8568,1.8945,1.9132,2.4626,3.0276,2.3455,1.8259,1.5924,1.4157,1.2046,0.9933,0.8369,0.8127,0.9274,1.0928,1.2729,1.4735,1.6686,1.7742,1.7563,1.676,1.5905,1.2914,1.3124,1.3368,1.3643,1.3941,1.4254,1.4578,1.4923,1.5309,1.5747,1.6232,1.6828,1.7689,1.9112,2.3532,2.5453,2.2337,2.5718,2.9358,2.7654,2.2809,1.8607,1.5789,1.3301,1.0411,0.6858,0.6154,0.9448,1.211,1.4127,1.6411,1.8966,2.0177,1.9387,1.795,1.6704,1.3035,1.3233,1.3455,1.3701,1.3966,1.4248,1.4547,1.4868,1.5224,1.5625,1.6097,1.6715,1.7668,1.9531,2.3122,2.4391,2.2774,2.5064,3.1295,3.3897,2.5763,2.0296,1.716,1.4601,1.152,0.6962,0.5992,1.129,1.3844,1.5407,1.7329,1.9844,2.1046,2.003,1.8423,1.7091,1.313,1.3316,1.3522,1.3747,1.3989,1.4248,1.4526,1.4829,1.5164,1.5549,1.6013,1.6623,1.7507,1.8849,2.0485,2.137,2.1856,2.394,2.7841,2.8798,2.425,2.0478,1.8345,1.633,1.4375,1.3898,1.6789,1.6764,1.6365,1.6794,1.7607,1.8949,1.9759,1.9224,1.8109,1.7048,1.3206,1.3382,1.3574,1.3782,1.4007,1.4249,1.451,1.4795,1.5114,1.548,1.592,1.6473,1.7192,1.8093,1.9043,1.9836,2.0665,2.1965,2.3374,2.336,2.1624,2.0383,1.9852,1.8132,1.6672,1.7581,2.0433,1.9275,1.8656,1.8549,1.8149,1.8185,1.8359,1.8109,1.7487,1.6769,1.3267,1.3433,1.3613,1.3809,1.4019,1.4246,1.4492,1.4761,1.5061,1.5404,1.5805,1.6284,1.6856,1.7509,1.8189,1.885,1.954,2.0286,2.0843,2.0804,2.038,2.066,2.0889,1.9141,1.7679,1.7844,1.8812,1.9546,2.1146,2.0528,1.8988,1.8108,1.7722,1.7398,1.6964,1.6458,1.3315,1.3473,1.3643,1.3827,1.4025,1.4238,1.4469,1.4722,1.5002,1.5316,1.5674,1.6083,1.6547,1.7053,1.7577,1.8101,1.8616,1.9088,1.9413,1.9522,1.9606,1.9958,1.9937,1.8869,1.7897,1.7802,1.8438,1.9819,2.1451,2.0835,1.9238,1.8109,1.7458,1.7015,1.6611,1.6199]}]