docs/data/wind_grid.json
{"header": {"la1":42.1,"la2":41.55,"lo1":12.1,"lo2":12.95,"nx":50,"ny":50,"dx":0.01735,"dy":0.01122,"parameterCategory":2,"parameterNumber":2,"parameterNumberName":"eastward_wind","parameterUnit":"m.s-1"}, "data":
[rows 0 to 39 of 50, columns 0 to 49 of 50]
-0.7179,-0.7166,-0.7155,-0.7147,-0.7141,-0.7138,-0.7137,-0.7139,-0.7145,-0.7154,-0.7167,-0.7184,-0.7208,-0.7238,-0.7278,-0.7329,-0.7396,-0.7482,-0.7591,-0.773,-0.7904,-0.8119,-0.8381,-0.8695,-0.9067,-0.95,-0.9997,-1.0558,-1.1185,-1.1873,-1.262,-1.3417,-1.4254,-1.5114,-1.5977,-1.6819,-1.7609,-1.832,-1.8924,-1.9402,-1.9744,-1.995,-2.0028,-1.9996,-1.9871,-1.9676,-1.943,-1.9149,-1.8847,-1.8535
-0.7121,-0.7106,-0.7093,-0.7082,-0.7074,-0.7067,-0.7064,-0.7063,-0.7064,-0.7069,-0.7077,-0.7089,-0.7106,-0.7129,-0.7161,-0.7204,-0.7261,-0.7336,-0.7436,-0.7566,-0.7733,-0.7943,-0.8204,-0.8521,-0.89,-0.9345,-0.986,-1.0446,-1.1103,-1.1829,-1.262,-1.3469,-1.4365,-1.5291,-1.6225,-1.7138,-1.7997,-1.8768,-1.9419,-1.9926,-2.0278,-2.0475,-2.053,-2.0462,-2.0297,-2.0058,-1.9768,-1.9445,-1.9105,-1.8759
-0.7064,-0.7046,-0.7031,-0.7017,-0.7006,-0.6997,-0.6991,-0.6986,-0.6984,-0.6985,-0.6988,-0.6994,-0.7004,-0.702,-0.7043,-0.7075,-0.7122,-0.7186,-0.7275,-0.7394,-0.7552,-0.7756,-0.8014,-0.8333,-0.8718,-0.9176,-0.9709,-1.0319,-1.1007,-1.1772,-1.2609,-1.3512,-1.4469,-1.5465,-1.6475,-1.7467,-1.8402,-1.924,-1.9942,-2.048,-2.0841,-2.1026,-2.1052,-2.0944,-2.0732,-2.0444,-2.0105,-1.9738,-1.9358,-1.8976
-0.7006,-0.6987,-0.6969,-0.6953,-0.6939,-0.6927,-0.6917,-0.691,-0.6904,-0.69,-0.6899,-0.6899,-0.6903,-0.691,-0.6923,-0.6945,-0.698,-0.7031,-0.7107,-0.7214,-0.7361,-0.7557,-0.7811,-0.813,-0.8522,-0.8992,-0.9543,-1.0178,-1.0898,-1.1701,-1.2584,-1.3542,-1.4564,-1.5633,-1.6724,-1.7801,-1.882,-1.9732,-2.0491,-2.1063,-2.1432,-2.1601,-2.1592,-2.1437,-2.1171,-2.0829,-2.0439,-2.0024,-1.9602,-1.9184
-0.6949,-0.6927,-0.6906,-0.6888,-0.6872,-0.6857,-0.6845,-0.6834,-0.6825,-0.6817,-0.681,-0.6805,-0.6802,-0.6801,-0.6804,-0.6814,-0.6835,-0.6872,-0.6933,-0.7026,-0.716,-0.7346,-0.7594,-0.7913,-0.8311,-0.8792,-0.9362,-1.0022,-1.0774,-1.1615,-1.2545,-1.3559,-1.4646,-1.5791,-1.6967,-1.8136,-1.9247,-2.0241,-2.1062,-2.167,-2.2045,-2.2194,-2.2144,-2.1935,-2.161,-2.1208,-2.0763,-2.0298,-1.9833,-1.9378
-0.6891,-0.6867,-0.6844,-0.6823,-0.6804,-0.6788,-0.6772,-0.6759,-0.6746,-0.6734,-0.6723,-0.6712,-0.6702,-0.6692,-0.6684,-0.6682,-0.6688,-0.6709,-0.6753,-0.6829,-0.6948,-0.7123,-0.7364,-0.7681,-0.8084,-0.8577,-0.9166,-0.9851,-1.0634,-1.1515,-1.249,-1.3558,-1.471,-1.5931,-1.7196,-1.8463,-1.9673,-2.0757,-2.1648,-2.2295,-2.2675,-2.2799,-2.2701,-2.2431,-2.204,-2.1575,-2.1071,-2.0556,-2.0047,-1.9555
-0.6834,-0.6807,-0.6782,-0.6759,-0.6737,-0.6718,-0.67,-0.6684,-0.6668,-0.6653,-0.6637,-0.6621,-0.6603,-0.6585,-0.6566,-0.655,-0.6541,-0.6544,-0.6568,-0.6625,-0.6726,-0.6886,-0.7118,-0.7434,-0.7841,-0.8347,-0.8955,-0.9666,-1.0481,-1.1399,-1.2418,-1.3538,-1.4752,-1.6049,-1.7404,-1.8772,-2.0088,-2.1271,-2.2238,-2.2927,-2.331,-2.3403,-2.325,-2.2913,-2.2452,-2.192,-2.1357,-2.0791,-2.0239,-1.9712
-0.6777,-0.6747,-0.672,-0.6694,-0.6671,-0.6649,-0.6629,-0.661,-0.6592,-0.6573,-0.6554,-0.6532,-0.6507,-0.648,-0.645,-0.642,-0.6393,-0.6376,-0.6378,-0.6412,-0.6493,-0.6637,-0.6858,-0.717,-0.7583,-0.8102,-0.873,-0.9468,-1.0314,-1.1268,-1.2328,-1.3495,-1.4767,-1.6135,-1.7578,-1.9049,-2.0477,-2.1766,-2.2816,-2.3549,-2.3935,-2.3992,-2.3779,-2.3369,-2.2835,-2.2235,-2.1613,-2.0997,-2.0405,-1.9846
-0.6719,-0.6688,-0.6658,-0.663,-0.6604,-0.658,-0.6558,-0.6537,-0.6516,-0.6495,-0.6472,-0.6445,-0.6414,-0.6378,-0.6337,-0.6291,-0.6246,-0.6207,-0.6184,-0.6193,-0.6249,-0.6373,-0.6583,-0.6892,-0.7311,-0.7844,-0.8494,-0.9258,-1.0135,-1.1123,-1.2221,-1.343,-1.4751,-1.6183,-1.7707,-1.9279,-2.0821,-2.2222,-2.3361,-2.4142,-2.4528,-2.4546,-2.4268,-2.3784,-2.3176,-2.2509,-2.1831,-2.1169,-2.054,-1.9951
-0.6662,-0.6628,-0.6596,-0.6565,-0.6538,-0.6512,-0.6488,-0.6465,-0.6442,-0.6419,-0.6393,-0.6362,-0.6325,-0.6281,-0.6228,-0.6167,-0.6102,-0.6038,-0.5988,-0.5966,-0.5995,-0.6096,-0.6291,-0.6597,-0.7024,-0.7574,-0.8247,-0.904,-0.9948,-1.0968,-1.2097,-1.334,-1.4701,-1.6183,-1.7777,-1.9443,-2.1097,-2.2612,-2.3844,-2.4676,-2.5063,-2.5041,-2.4697,-2.4138,-2.3459,-2.2731,-2.2002,-2.1299,-2.0638,-2.0026
-0.6605,-0.6568,-0.6533,-0.6501,-0.6471,-0.6443,-0.6418,-0.6394,-0.637,-0.6344,-0.6316,-0.6282,-0.6241,-0.6189,-0.6125,-0.6048,-0.5962,-0.5872,-0.579,-0.5734,-0.5729,-0.5804,-0.5985,-0.6288,-0.6725,-0.7295,-0.7995,-0.8817,-0.9756,-1.0805,-1.196,-1.3226,-1.4613,-1.6129,-1.7776,-1.952,-2.1277,-2.2904,-2.423,-2.5116,-2.5506,-2.5445,-2.504,-2.4413,-2.367,-2.2889,-2.2117,-2.1382,-2.0697,-2.0066
-0.6548,-0.6508,-0.6471,-0.6436,-0.6404,-0.6375,-0.6348,-0.6323,-0.6298,-0.6272,-0.6243,-0.6207,-0.6161,-0.6103,-0.6029,-0.5937,-0.5829,-0.571,-0.5592,-0.5497,-0.5454,-0.5498,-0.5662,-0.5966,-0.6416,-0.701,-0.774,-0.8595,-0.9564,-1.0639,-1.1814,-1.3092,-1.4487,-1.6016,-1.7692,-1.9492,-2.1334,-2.3063,-2.4481,-2.5422,-2.5819,-2.5727,-2.5269,-2.4586,-2.3794,-2.2972,-2.2169,-2.1412,-2.0711,-2.0069
-0.6491,-0.6449,-0.6409,-0.6372,-0.6338,-0.6307,-0.6279,-0.6253,-0.6228,-0.6202,-0.6172,-0.6136,-0.6088,-0.6024,-0.5941,-0.5835,-0.5705,-0.5556,-0.5399,-0.5258,-0.5169,-0.5178,-0.5324,-0.5631,-0.6102,-0.6726,-0.7489,-0.8378,-0.9379,-1.0477,-1.1665,-1.2943,-1.4326,-1.5843,-1.7517,-1.9341,-2.1242,-2.3054,-2.4555,-2.555,-2.5962,-2.5851,-2.5359,-2.464,-2.3816,-2.2971,-2.2152,-2.1385,-2.0678,-2.0033
-0.6434,-0.6389,-0.6346,-0.6307,-0.627,-0.6238,-0.6209,-0.6183,-0.6158,-0.6133,-0.6105,-0.6069,-0.6021,-0.5954,-0.5864,-0.5745,-0.5594,-0.5413,-0.5213,-0.502,-0.4877,-0.4843,-0.4973,-0.529,-0.5788,-0.6448,-0.7249,-0.8174,-0.9206,-1.0326,-1.1519,-1.2784,-1.4137,-1.5612,-1.7249,-1.9059,-2.098,-2.2845,-2.4412,-2.546,-2.5897,-2.5788,-2.5287,-2.4557,-2.3727,-2.2879,-2.2062,-2.1299,-2.0597,-1.9958
-0.6377,-0.6329,-0.6283,-0.6241,-0.6203,-0.6168,-0.6138,-0.6112,-0.6089,-0.6066,-0.604,-0.6007,-0.596,-0.5893,-0.5798,-0.5669,-0.5499,-0.5287,-0.5042,-0.4788,-0.458,-0.4496,-0.461,-0.4946,-0.5484,-0.6186,-0.7029,-0.7991,-0.9054,-1.0192,-1.1386,-1.2626,-1.3928,-1.5333,-1.6895,-1.8645,-2.054,-2.242,-2.4029,-2.5123,-2.5599,-2.5518,-2.504,-2.4331,-2.3521,-2.2695,-2.1898,-2.1153,-2.0468,-1.9844
-0.632,-0.6268,-0.622,-0.6175,-0.6134,-0.6098,-0.6067,-0.6041,-0.6019,-0.5999,-0.5977,-0.5949,-0.5906,-0.5841,-0.5746,-0.5609,-0.5424,-0.5185,-0.4893,-0.4573,-0.4285,-0.414,-0.4242,-0.4613,-0.5202,-0.5954,-0.6838,-0.7837,-0.8929,-1.0085,-1.1274,-1.248,-1.3713,-1.5021,-1.647,-1.8113,-1.9931,-2.1779,-2.3398,-2.4532,-2.506,-2.5036,-2.4614,-2.396,-2.3201,-2.2419,-2.1661,-2.0949,-2.0292,-1.9692
-0.6263,-0.6208,-0.6156,-0.6107,-0.6064,-0.6026,-0.5994,-0.5969,-0.5949,-0.5933,-0.5916,-0.5894,-0.5859,-0.58,-0.5707,-0.5569,-0.5374,-0.5112,-0.4779,-0.4388,-0.4007,-0.3785,-0.3882,-0.4309,-0.4964,-0.5766,-0.6688,-0.7719,-0.884,-1.0012,-1.1194,-1.2357,-1.3507,-1.4694,-1.5997,-1.7491,-1.9182,-2.0949,-2.2544,-2.3703,-2.4295,-2.4354,-2.4023,-2.3455,-2.2774,-2.2059,-2.1357,-2.0692,-2.0073,-1.9504
-0.6206,-0.6147,-0.6091,-0.6039,-0.5992,-0.5952,-0.5919,-0.5894,-0.5876,-0.5865,-0.5856,-0.5843,-0.5817,-0.5768,-0.5683,-0.5549,-0.5352,-0.5077,-0.4713,-0.4258,-0.3771,-0.3454,-0.3556,-0.4066,-0.4794,-0.5638,-0.6587,-0.7644,-0.879,-0.9978,-1.1152,-1.2269,-1.3328,-1.4376,-1.5507,-1.6817,-1.8339,-1.9981,-2.1516,-2.2686,-2.3346,-2.3509,-2.3293,-2.2837,-2.2256,-2.1626,-2.0995,-2.0387,-1.9816,-1.9285
-0.6149,-0.6087,-0.6026,-0.597,-0.5919,-0.5876,-0.5841,-0.5816,-0.5801,-0.5795,-0.5795,-0.5793,-0.5781,-0.5746,-0.5674,-0.555,-0.5359,-0.5086,-0.4712,-0.4216,-0.3628,-0.3199,-0.3321,-0.3934,-0.4723,-0.5585,-0.6543,-0.7616,-0.8783,-0.9988,-1.1157,-1.2228,-1.319,-1.4091,-1.5035,-1.6137,-1.7462,-1.8945,-2.0389,-2.1551,-2.2274,-2.2548,-2.2461,-2.2133,-2.1666,-2.1134,-2.0584,-2.0042,-1.9524,-1.9037
-0.6093,-0.6026,-0.5961,-0.5899,-0.5844,-0.5796,-0.5759,-0.5733,-0.5721,-0.5721,-0.5731,-0.5743,-0.5748,-0.5732,-0.5678,-0.5571,-0.5396,-0.514,-0.4786,-0.43,-0.3667,-0.3139,-0.329,-0.3982,-0.4776,-0.5613,-0.6557,-0.7634,-0.8819,-1.0043,-1.121,-1.2241,-1.3108,-1.3861,-1.4614,-1.5501,-1.6612,-1.7917,-1.9246,-2.0378,-2.115,-2.1529,-2.1572,-2.1376,-2.1029,-2.0601,-2.0137,-1.9666,-1.9207,-1.8767
-0.6038,-0.5965,-0.5894,-0.5828,-0.5767,-0.5714,-0.5673,-0.5645,-0.5634,-0.5641,-0.5662,-0.5692,-0.5717,-0.5724,-0.5694,-0.561,-0.546,-0.5236,-0.4933,-0.453,-0.3988,-0.3479,-0.3628,-0.4263,-0.4955,-0.5717,-0.6623,-0.7694,-0.8895,-1.014,-1.1312,-1.2309,-1.309,-1.3702,-1.427,-1.4949,-1.5848,-1.6966,-1.8165,-1.9244,-2.0044,-2.0509,-2.067,-2.0598,-2.0368,-2.0043,-1.9666,-1.9269,-1.8869,-1.8479
-0.5983,-0.5905,-0.5828,-0.5755,-0.5687,-0.5628,-0.5581,-0.555,-0.554,-0.5552,-0.5586,-0.5635,-0.5687,-0.5722,-0.5721,-0.5665,-0.5545,-0.5362,-0.513,-0.4871,-0.4588,-0.4339,-0.4395,-0.4738,-0.5222,-0.5874,-0.6729,-0.7789,-0.9004,-1.0272,-1.1455,-1.2428,-1.3134,-1.3621,-1.4022,-1.4509,-1.521,-1.6145,-1.7204,-1.821,-1.9011,-1.9536,-1.9792,-1.9828,-1.9705,-1.9477,-1.9184,-1.8858,-1.8518,-1.8178
-0.5929,-0.5845,-0.5762,-0.5681,-0.5605,-0.5538,-0.5484,-0.5447,-0.5435,-0.5452,-0.5499,-0.5571,-0.5653,-0.5724,-0.5757,-0.5734,-0.5645,-0.5503,-0.5342,-0.5229,-0.5239,-0.533,-0.5257,-0.5243,-0.551,-0.6055,-0.6862,-0.7909,-0.9136,-1.0427,-1.1625,-1.2584,-1.3231,-1.3612,-1.3871,-1.4192,-1.4717,-1.548,-1.6396,-1.7311,-1.8086,-1.8642,-1.8967,-1.9091,-1.9059,-1.8917,-1.8703,-1.8444,-1.8161,-1.7869
-0.5876,-0.5786,-0.5696,-0.5607,-0.5522,-0.5444,-0.538,-0.5335,-0.5318,-0.5337,-0.5398,-0.5496,-0.5615,-0.5729,-0.5803,-0.5815,-0.5757,-0.5647,-0.5536,-0.5513,-0.5668,-0.5883,-0.5771,-0.561,-0.5759,-0.6235,-0.7008,-0.8044,-0.9279,-1.0588,-1.1801,-1.2753,-1.3358,-1.3658,-1.3805,-1.3992,-1.4366,-1.4973,-1.5748,-1.6562,-1.7288,-1.7847,-1.8214,-1.8403,-1.8444,-1.8376,-1.823,-1.8032,-1.7804,-1.7558
-0.5826,-0.5729,-0.5631,-0.5532,-0.5437,-0.5347,-0.527,-0.5213,-0.5186,-0.5204,-0.5276,-0.5404,-0.5569,-0.5736,-0.5861,-0.5911,-0.5879,-0.5789,-0.5699,-0.5698,-0.5844,-0.6008,-0.5931,-0.5814,-0.5952,-0.6405,-0.7159,-0.8185,-0.942,-1.0737,-1.1958,-1.2906,-1.3484,-1.3729,-1.3798,-1.3883,-1.4135,-1.4606,-1.5248,-1.5955,-1.6617,-1.7157,-1.7542,-1.7772,-1.787,-1.7861,-1.7773,-1.763,-1.745,-1.7247
-0.5778,-0.5674,-0.5567,-0.5459,-0.5352,-0.5248,-0.5154,-0.5079,-0.5038,-0.5048,-0.5128,-0.5288,-0.5512,-0.5748,-0.5934,-0.6026,-0.6014,-0.593,-0.5838,-0.5815,-0.5893,-0.5979,-0.5949,-0.5928,-0.6109,-0.6567,-0.7312,-0.8325,-0.9546,-1.0855,-1.2071,-1.3012,-1.3575,-1.3793,-1.3816,-1.3834,-1.3993,-1.435,-1.4871,-1.5473,-1.6062,-1.6566,-1.6949,-1.7204,-1.734,-1.7377,-1.7338,-1.7241,-1.7104,-1.694
-0.5733,-0.5622,-0.5507,-0.5388,-0.5268,-0.5148,-0.5034,-0.4937,-0.4872,-0.4864,-0.4946,-0.514,-0.5437,-0.5767,-0.6031,-0.6166,-0.6167,-0.6076,-0.5966,-0.5907,-0.5922,-0.5957,-0.5965,-0.6024,-0.6255,-0.6728,-0.7464,-0.8456,-0.9649,-1.0929,-1.2122,-1.3049,-1.3605,-1.3818,-1.3827,-1.381,-1.3905,-1.417,-1.4588,-1.5092,-1.5605,-1.6065,-1.6433,-1.6696,-1.6857,-1.6928,-1.6927,-1.687,-1.677,-1.6641
-0.5691,-0.5574,-0.545,-0.5321,-0.5186,-0.5049,-0.4913,-0.4787,-0.469,-0.4652,-0.472,-0.4946,-0.5335,-0.5792,-0.6161,-0.6341,-0.634,-0.623,-0.6094,-0.6003,-0.5975,-0.5987,-0.6024,-0.6137,-0.6406,-0.6889,-0.7613,-0.8573,-0.9722,-1.0952,-1.2103,-1.3005,-1.3559,-1.3784,-1.3805,-1.378,-1.3838,-1.4036,-1.4369,-1.4787,-1.5229,-1.564,-1.5984,-1.6244,-1.6418,-1.6514,-1.6542,-1.6517,-1.6449,-1.635
-0.5654,-0.553,-0.5399,-0.5259,-0.511,-0.4954,-0.4793,-0.4635,-0.4496,-0.4412,-0.4445,-0.4688,-0.5188,-0.5824,-0.633,-0.6551,-0.6529,-0.6384,-0.6221,-0.6107,-0.6058,-0.6063,-0.6122,-0.627,-0.6564,-0.7051,-0.7754,-0.8673,-0.9763,-1.0926,-1.2018,-1.2885,-1.3437,-1.3686,-1.3737,-1.3727,-1.377,-1.3923,-1.419,-1.4537,-1.4914,-1.5277,-1.5593,-1.5843,-1.6022,-1.6133,-1.6184,-1.6183,-1.6142,-1.607
-0.5622,-0.5492,-0.5353,-0.5203,-0.5042,-0.4868,-0.4682,-0.4488,-0.43,-0.4153,-0.4122,-0.4351,-0.4972,-0.5848,-0.653,-0.6779,-0.6714,-0.6524,-0.6337,-0.6211,-0.6157,-0.6167,-0.6244,-0.6417,-0.6725,-0.7207,-0.7884,-0.8753,-0.9774,-1.0859,-1.1879,-1.2704,-1.3253,-1.353,-1.3621,-1.364,-1.3685,-1.3813,-1.4033,-1.4322,-1.4644,-1.4963,-1.525,-1.5486,-1.5664,-1.5784,-1.585,-1.587,-1.5851,-1.5801
-0.5595,-0.546,-0.5315,-0.5157,-0.4984,-0.4793,-0.4584,-0.4356,-0.4118,-0.3896,-0.3774,-0.3942,-0.4663,-0.5829,-0.6719,-0.6978,-0.6857,-0.6627,-0.6427,-0.6303,-0.6256,-0.6279,-0.6374,-0.6564,-0.688,-0.7353,-0.7999,-0.8814,-0.976,-1.076,-1.1704,-1.2482,-1.3023,-1.3328,-1.3462,-1.3518,-1.3579,-1.3696,-1.3883,-1.4129,-1.4406,-1.4687,-1.4945,-1.5166,-1.5339,-1.5463,-1.5541,-1.5575,-1.5574,-1.5543
-0.5574,-0.5436,-0.5285,-0.512,-0.4938,-0.4735,-0.4506,-0.425,-0.3967,-0.3677,-0.3454,-0.3519,-0.4277,-0.5713,-0.68,-0.707,-0.6916,-0.6676,-0.6484,-0.6375,-0.6345,-0.6385,-0.6499,-0.6704,-0.7024,-0.7485,-0.8097,-0.8856,-0.9727,-1.0641,-1.1509,-1.2237,-1.2767,-1.3095,-1.327,-1.3365,-1.3449,-1.3566,-1.3734,-1.3949,-1.4191,-1.4439,-1.4672,-1.4877,-1.5044,-1.5169,-1.5253,-1.53,-1.5313,-1.5298
-0.5559,-0.5419,-0.5265,-0.5096,-0.4907,-0.4695,-0.4454,-0.4179,-0.3867,-0.3531,-0.3236,-0.3209,-0.3931,-0.5476,-0.6679,-0.6995,-0.6872,-0.6664,-0.6506,-0.6425,-0.6419,-0.6481,-0.6613,-0.683,-0.7153,-0.7599,-0.8178,-0.8882,-0.9679,-1.0513,-1.1307,-1.1986,-1.2501,-1.2847,-1.3058,-1.319,-1.3299,-1.3423,-1.3582,-1.3775,-1.399,-1.4212,-1.4424,-1.4614,-1.4773,-1.4897,-1.4986,-1.5041,-1.5066,-1.5064
-0.5552,-0.541,-0.5254,-0.5083,-0.4892,-0.4676,-0.4431,-0.415,-0.3831,-0.3485,-0.3177,-0.3125,-0.3778,-0.5205,-0.638,-0.6773,-0.674,-0.6605,-0.6498,-0.6456,-0.6478,-0.6562,-0.6713,-0.6942,-0.7265,-0.7696,-0.8242,-0.8893,-0.9622,-1.0381,-1.1107,-1.1739,-1.2238,-1.2595,-1.2835,-1.2999,-1.3133,-1.3268,-1.3424,-1.3603,-1.3799,-1.4001,-1.4195,-1.4371,-1.4523,-1.4645,-1.4736,-1.4798,-1.4832,-1.4841
-0.5551,-0.5409,-0.5254,-0.5083,-0.4893,-0.468,-0.4439,-0.4165,-0.386,-0.3541,-0.3277,-0.3267,-0.3847,-0.5017,-0.6042,-0.6489,-0.6564,-0.6517,-0.6472,-0.6472,-0.6524,-0.6632,-0.68,-0.7038,-0.736,-0.7777,-0.8291,-0.8894,-0.9561,-1.0252,-1.0916,-1.1504,-1.1984,-1.2347,-1.2608,-1.28,-1.2956,-1.3105,-1.3262,-1.3433,-1.3616,-1.3802,-1.3981,-1.4147,-1.4291,-1.441,-1.4503,-1.457,-1.4611,-1.4629
-0.5557,-0.5417,-0.5264,-0.5096,-0.4911,-0.4704,-0.4474,-0.422,-0.3946,-0.3677,-0.3487,-0.3537,-0.404,-0.4942,-0.5775,-0.6229,-0.6388,-0.6424,-0.6439,-0.648,-0.6562,-0.6692,-0.6875,-0.7121,-0.7441,-0.7843,-0.8327,-0.8886,-0.9497,-1.0128,-1.0737,-1.1285,-1.1745,-1.2108,-1.2385,-1.2598,-1.2774,-1.2935,-1.3097,-1.3264,-1.3438,-1.3612,-1.378,-1.3936,-1.4074,-1.4191,-1.4285,-1.4354,-1.4402,-1.4428
-0.5569,-0.5432,-0.5283,-0.5121,-0.4943,-0.4748,-0.4535,-0.4306,-0.4073,-0.3863,-0.3746,-0.3842,-0.4265,-0.4949,-0.5606,-0.6031,-0.6242,-0.634,-0.6407,-0.6486,-0.6595,-0.6744,-0.694,-0.7193,-0.7509,-0.7896,-0.8353,-0.8872,-0.9434,-1.0012,-1.0572,-1.1083,-1.1523,-1.1883,-1.217,-1.2399,-1.2591,-1.2763,-1.293,-1.3096,-1.3264,-1.343,-1.359,-1.3738,-1.3871,-1.3985,-1.4079,-1.4151,-1.4203,-1.4236
-0.5588,-0.5455,-0.5312,-0.5156,-0.4989,-0.4808,-0.4615,-0.4416,-0.4225,-0.4071,-0.4013,-0.4131,-0.4481,-0.5003,-0.5522,-0.5902,-0.6134,-0.6276,-0.6383,-0.6493,-0.6626,-0.6791,-0.6998,-0.7255,-0.7567,-0.7939,-0.8371,-0.8854,-0.9373,-0.9904,-1.0421,-1.0899,-1.1319,-1.1673,-1.1965,-1.2205,-1.2409,-1.2591,-1.2763,-1.293,-1.3094,-1.3255,-1.3408,-1.3551,-1.3679,-1.3791,-1.3885,-1.3959,-1.4015,-1.4053
-0.5613,-0.5485,-0.5348,-0.5202,-0.5045,-0.488,-0.471,-0.4541,-0.4389,-0.4281,-0.4264,-0.4387,-0.4676,-0.5082,-0.5496,-0.583,-0.6067,-0.6234,-0.637,-0.6505,-0.6657,-0.6836,-0.7051,-0.7309,-0.7616,-0.7974,-0.8383,-0.8834,-0.9314,-0.9805,-1.0284,-1.0732,-1.1132,-1.1478,-1.1771,-1.2018,-1.2232,-1.2422,-1.2598,-1.2766,-1.2929,-1.3085,-1.3234,-1.3372,-1.3497,-1.3607,-1.3701,-1.3777,-1.3836,-1.3879
-0.5644,-0.5522,-0.5392,-0.5255,-0.5111,-0.4963,-0.4814,-0.4673,-0.4555,-0.4484,-0.4492,-0.4612,-0.4851,-0.5174,-0.551,-0.5803,-0.6033,-0.6214,-0.637,-0.6523,-0.6689,-0.6879,-0.71,-0.7358,-0.7659,-0.8003,-0.839,-0.8813,-0.9259,-0.9714,-1.016,-1.058,-1.0962,-1.1298,-1.159,-1.1841,-1.206,-1.2256,-1.2437,-1.2606,-1.2768,-1.2922,-1.3067,-1.3202,-1.3324,-1.3433,-1.3526,-1.3604,-1.3666,-1.3712
