docs/data/wind_grid.json
[{"header":{"la1":42.85,"la2":41.18,"lo1":11.55,"lo2":14.05,"nx":36,"ny":24,"dx":0.07143,"dy":0.07261,"parameterCategory":2,"parameterNumber":2,"parameterNumberName":"eastward_wind","parameterUnit":"m.s-1"},"data":[-0.2549,-0.2626,-0.2698,-0.2768,-0.2835,-0.2898,-0.2952,-0.2991,-0.3014,-0.3026,-0.3045,-0.3089,-0.3174,-0.3307,-0.3482,-0.3681,-0.3871,-0.4011,-0.4058,-0.3994,-0.3836,-0.3636,-0.3447,-0.3296,-0.3178,-0.3076,-0.2976,-0.2874,-0.2769,-0.2664,-0.2562,-0.2464,-0.2371,-0.2285,-0.2204,-0.213,-0.265,-0.274,-0.2825,-0.2907,-0.2989,-0.3072,-0.3146,-0.3196,-0.3207,-0.3187,-0.3165,-0.318,-0.3262,-0.3422,-0.3656,-0.3941,-0.4229,-0.4447,-0.4511,-0.4372,-0.4066,-0.3714,-0.344,-0.3276,-0.3182,-0.3104,-0.3018,-0.2918,-0.2808,-0.2696,-0.2585,-0.248,-0.2381,-0.2289,-0.2205,-0.2127,-0.2772,-0.2879,-0.2979,-0.3075,-0.3179,-0.3297,-0.3418,-0.3503,-0.3504,-0.3422,-0.3317,-0.3269,-0.333,-0.3519,-0.3833,-0.4248,-0.4703,-0.5077,-0.5189,-0.4898,-0.4262,-0.3591,-0.3199,-0.3101,-0.3113,-0.3107,-0.3052,-0.2958,-0.2843,-0.2722,-0.2603,-0.2489,-0.2384,-0.2287,-0.22,-0.212,-0.2922,-0.3055,-0.3172,-0.328,-0.3405,-0.3581,-0.3809,-0.4001,-0.401,-0.3799,-0.3518,-0.3343,-0.3358,-0.3576,-0.399,-0.4591,-0.5333,-0.604,-0.6325,-0.5753,-0.4346,-0.2925,-0.2438,-0.2678,-0.2975,-0.3103,-0.309,-0.2999,-0.2876,-0.2743,-0.2613,-0.2491,-0.238,-0.2279,-0.2189,-0.2107,-0.3108,-0.3285,-0.3428,-0.3537,-0.3662,-0.3907,-0.4354,-0.486,-0.4957,-0.4441,-0.3775,-0.3375,-0.3317,-0.356,-0.4084,-0.4919,-0.6111,-0.7536,-0.8456,-0.7516,-0.4384,-0.1132,-0.0855,-0.2094,-0.2879,-0.3148,-0.3153,-0.3048,-0.2905,-0.2756,-0.2614,-0.2484,-0.2368,-0.2264,-0.2172,-0.209,-0.3341,-0.3598,-0.3799,-0.3894,-0.3943,-0.4195,-0.4983,-0.6288,-0.6756,-0.5442,-0.4002,-0.3289,-0.3165,-0.3443,-0.406,-0.5102,-0.6834,-0.9572,-1.2477,-1.151,-0.5693,0.0177,0.0059,-0.2104,-0.3079,-0.3313,-0.3257,-0.3103,-0.2928,-0.2758,-0.2604,-0.2467,-0.2347,-0.2241,-0.2149,-0.2067,-0.3611,-0.4022,-0.4381,-0.4486,-0.4301,-0.4296,-0.5215,-0.7583,-0.8823,-0.6118,-0.3832,-0.296,-0.2876,-0.3223,-0.389,-0.4982,-0.6951,-1.0769,-1.6548,-1.5937,-0.8921,-0.4088,-0.2871,-0.3438,-0.368,-0.359,-0.3379,-0.3149,-0.2934,-0.2744,-0.2579,-0.2437,-0.2316,-0.2211,-0.212,-0.204,-0.3863,-0.4511,-0.5252,-0.5565,-0.4896,-0.4177,-0.4414,-0.5952,-0.6712,-0.4541,-0.2829,-0.2322,-0.2468,-0.2959,-0.3666,-0.4595,-0.6146,-0.9072,-1.2884,-1.278,-1.0621,-0.8836,-0.6445,-0.5076,-0.4342,-0.3844,-0.3463,-0.316,-0.2912,-0.2708,-0.2538,-0.2395,-0.2276,-0.2174,-0.2087,-0.201,-0.398,-0.4806,-0.6001,-0.6856,-0.5501,-0.3924,-0.312,-0.286,-0.2385,-0.1542,-0.1245,-0.1492,-0.2013,-0.2761,-0.3675,-0.4392,-0.5148,-0.6667,-0.8579,-1.0261,-1.3305,-1.2301,-0.8292,-0.5902,-0.4646,-0.3921,-0.3452,-0.3116,-0.2857,-0.265,-0.2481,-0.2342,-0.2228,-0.2133,-0.2051,-0.198,-0.3874,-0.4624,-0.5548,-0.6046,-0.5066,-0.3508,-0.2042,-0.0654,0.1074,0.1738,0.0499,-0.0678,-0.1566,-0.2598,-0.4305,-0.5183,-0.4674,-0.5289,-0.6545,-0.8516,-1.1385,-1.0786,-0.7738,-0.564,-0.4458,-0.3776,-0.3342,-0.3026,-0.2777,-0.2575,-0.2412,-0.2282,-0.2177,-0.209,-0.2017,-0.1952,-0.3591,-0.4196,-0.4895,-0.5646,-0.5279,-0.3194,-0.1347,0.0402,0.4034,0.5847,0.186,-0.012,-0.1146,-0.2081,-0.3845,-0.5076,-0.4274,-0.477,-0.5518,-0.6313,-0.7187,-0.7023,-0.5828,-0.4691,-0.3958,-0.3523,-0.321,-0.2935,-0.2693,-0.2493,-0.2338,-0.2219,-0.2126,-0.2052,-0.1988,-0.1931,-0.3201,-0.3696,-0.4391,-0.5312,-0.4841,-0.2582,-0.1017,-0.0252,0.1963,0.3661,0.1474,0.0145,-0.0812,-0.1695,-0.2106,-0.292,-0.3866,-0.5584,-0.613,-0.5354,-0.492,-0.4584,-0.4108,-0.3699,-0.3518,-0.3431,-0.3219,-0.2912,-0.2628,-0.2414,-0.2263,-0.2159,-0.2085,-0.2026,-0.1974,-0.1923,-0.2734,-0.3051,-0.3408,-0.3598,-0.2994,-0.1714,-0.0898,-0.0991,-0.0364,0.0856,0.0893,0.0705,0.0056,-0.1637,-0.1669,-0.2236,-0.3811,-0.873,-0.8921,-0.5151,-0.3588,-0.2976,-0.2802,-0.2996,-0.3555,-0.3915,-0.3545,-0.2981,-0.2575,-0.233,-0.2191,-0.2112,-0.2064,-0.2025,-0.1984,-0.1937,-0.2247,-0.2379,-0.2445,-0.2307,-0.1822,-0.1151,-0.0728,-0.072,-0.0321,0.0643,0.1124,0.1493,0.1583,0.1552,-0.0858,-0.2087,-0.3214,-0.5922,-0.6329,-0.3647,-0.1952,-0.1354,-0.1571,-0.2435,-0.3969,-0.4844,-0.3933,-0.2978,-0.2466,-0.2227,-0.2127,-0.2094,-0.2083,-0.2067,-0.2034,-0.1984,-0.1799,-0.1807,-0.1733,-0.1523,-0.1161,-0.0736,-0.0389,-0.0096,0.0469,0.1393,0.2079,0.1927,0.1541,0.1904,-0.0642,-0.236,-0.6563,-0.3973,-0.2751,-0.1017,0.0678,0.0906,-0.0057,-0.1451,-0.3172,-0.409,-0.3404,-0.2628,-0.2241,-0.2104,-0.2093,-0.2134,-0.2176,-0.2183,-0.2148,-0.2078,-0.1418,-0.1357,-0.1228,-0.1013,-0.0715,-0.037,0.0,0.0459,0.1202,0.2541,0.4756,0.3144,0.2162,0.11,-0.0274,-0.2643,-0.5053,-0.2478,-0.044,0.164,0.4482,0.3833,0.1565,-0.0138,-0.1476,-0.2209,-0.2225,-0.2043,-0.1965,-0.2008,-0.2134,-0.2288,-0.2401,-0.2421,-0.2353,-0.2232,-0.1105,-0.1008,-0.0859,-0.065,-0.0384,-0.0066,0.0312,0.0804,0.1535,0.2732,0.4383,0.3205,0.1675,0.113,0.077,-0.0047,-0.0449,0.0708,0.2131,0.3163,0.5211,0.4521,0.241,0.084,-0.031,-0.1034,-0.1398,-0.1602,-0.1785,-0.201,-0.231,-0.2637,-0.2847,-0.2843,-0.2676,-0.2449,-0.0851,-0.0736,-0.058,-0.038,-0.0134,0.016,0.0511,0.0945,0.1494,0.2135,0.2562,0.2254,0.1547,0.151,0.2779,0.3282,0.2644,0.3558,0.4694,0.4406,0.4338,0.383,0.2719,0.1413,0.0187,-0.0681,-0.1143,-0.1482,-0.1797,-0.2147,-0.2652,-0.3264,-0.3621,-0.3493,-0.3104,-0.27,-0.0643,-0.0521,-0.0366,-0.0176,0.0051,0.0316,0.0624,0.0977,0.1365,0.1735,0.1972,0.2026,0.2145,0.3143,0.6938,0.8576,0.4963,0.4802,0.5736,0.7213,0.596,0.4643,0.3455,0.1957,0.0253,-0.0901,-0.1188,-0.1675,-0.2046,-0.238,-0.3053,-0.4081,-0.4631,-0.4226,-0.3508,-0.2902,-0.0474,-0.0349,-0.0199,-0.002,0.0188,0.0424,0.0689,0.0978,0.1277,0.1559,0.1805,0.2063,0.2559,0.3859,0.6664,0.7625,0.5611,0.6114,1.0208,1.2228,0.8105,0.6318,0.5066,0.3007,0.0394,-0.1178,-0.1434,-0.2582,-0.2642,-0.2611,-0.319,-0.4405,-0.5062,-0.449,-0.362,-0.2937,-0.0334,-0.0211,-0.0067,0.01,0.029,0.0502,0.0733,0.098,0.1235,0.1492,0.1762,0.21,0.2631,0.3527,0.4669,0.5201,0.5232,0.6269,0.8717,0.977,0.8882,0.9275,0.8791,0.5495,0.1037,-0.2883,-0.6326,-0.5506,-0.3466,-0.2668,-0.2865,-0.3697,-0.4235,-0.393,-0.3306,-0.2753,-0.022,-0.01,0.0038,0.0194,0.0369,0.056,0.0767,0.0988,0.122,0.1466,0.1741,0.208,0.2534,0.3126,0.3762,0.4279,0.4813,0.5759,0.7117,0.8482,1.0926,1.5956,1.7198,1.0327,0.2612,-0.3987,-0.9332,-0.6831,-0.3172,-0.2217,-0.2282,-0.2725,-0.3082,-0.305,-0.276,-0.2421,-0.0125,-0.0009,0.0122,0.0268,0.043,0.0606,0.0795,0.0998,0.1214,0.145,0.1715,0.2029,0.241,0.2859,0.3346,0.386,0.4481,0.5359,0.662,0.8673,1.3104,2.1412,2.3896,1.4143,0.4758,-0.1465,-0.4577,-0.338,-0.1357,-0.1393,-0.1714,-0.2019,-0.2257,-0.232,-0.2224,-0.2052,-0.0047,0.0065,0.019,0.0327,0.0478,0.0641,0.0817,0.1005,0.1209,0.1432,0.1681,0.1967,0.2299,0.2678,0.3105,0.3597,0.4211,0.505,0.6288,0.8347,1.2019,1.7001,1.7972,1.2184,0.5519,0.0886,-0.1409,-0.1581,-0.1072,-0.1158,-0.1382,-0.1573,-0.1726,-0.18,-0.1786,-0.1712]},{"header":{"la1":42.85,"la2":41.18,"lo1":11.55,"lo2":14.05,"nx":36,"ny":24,"dx":0.07143,"dy":0.07261,"parameterCategory":2,"parameterNumber":3,"parameterNumberName":"northward_wind","parameterUnit":"m.s-1"},"data":[0.0776,0.0909,0.1057,0.1217,0.1381,0.1532,0.1645,0.1689,0.1641,0.1499,0.128,0.1016,0.0732,0.0445,0.0159,-0.0126,-0.0409,-0.0689,-0.096,-0.1213,-0.1431,-0.1592,-0.1679,-0.1693,-0.1657,-0.1601,-0.1548,-0.151,-0.1492,-0.1494,-0.1513,-0.1546,-0.1588,-0.1638,-0.1692,-0.1748,0.0841,0.1,0.1185,0.14,0.1638,0.1881,0.2086,0.2194,0.2154,0.1959,0.1648,0.1284,0.0915,0.0559,0.0216,-0.0122,-0.0462,-0.0803,-0.114,-0.1464,-0.1756,-0.1967,-0.2052,-0.201,-0.1894,-0.1764,-0.1656,-0.1582,-0.1544,-0.1537,-0.1554,-0.1588,-0.1636,-0.1692,-0.1752,-0.1813,0.0891,0.1074,0.1299,0.1578,0.192,0.2311,0.2689,0.2934,0.2921,0.2622,0.2139,0.161,0.1118,0.0679,0.0275,-0.0123,-0.0531,-0.095,-0.1371,-0.1796,-0.2217,-0.2541,-0.2622,-0.2455,-0.2187,-0.1939,-0.1757,-0.1643,-0.1586,-0.1572,-0.159,-0.163,-0.1686,-0.175,-0.1818,-0.1887,0.0919,0.1121,0.1379,0.1725,0.22,0.2825,0.3536,0.4094,0.416,0.3633,0.2798,0.1986,0.1326,0.0799,0.0338,-0.0121,-0.0616,-0.1143,-0.1663,-0.2195,-0.2844,-0.3455,-0.3522,-0.3057,-0.2508,-0.2093,-0.1827,-0.1677,-0.1608,-0.1595,-0.1621,-0.1672,-0.1739,-0.1815,-0.1894,-0.1972,0.0921,0.1132,0.1405,0.1795,0.2404,0.3361,0.4702,0.6029,0.6344,0.5233,0.3636,0.2356,0.1498,0.0906,0.0416,-0.0095,-0.0706,-0.1412,-0.2069,-0.2603,-0.3519,-0.4844,-0.482,-0.3694,-0.274,-0.2159,-0.1834,-0.167,-0.1605,-0.1605,-0.1646,-0.1715,-0.1799,-0.189,-0.1982,-0.2071,0.0901,0.1111,0.1373,0.1746,0.2409,0.37,0.6036,0.9167,1.0275,0.7566,0.4448,0.2564,0.1567,0.0989,0.0532,0.0007,-0.0738,-0.1784,-0.2824,-0.3063,-0.3625,-0.5643,-0.5475,-0.3792,-0.2664,-0.2059,-0.1751,-0.1611,-0.1573,-0.1601,-0.1669,-0.1762,-0.1869,-0.198,-0.2089,-0.2191,0.0863,0.1082,0.1328,0.1604,0.2119,0.3436,0.6482,1.1976,1.4613,0.9158,0.4474,0.2357,0.1477,0.1057,0.0728,0.0266,-0.0535,-0.192,-0.3749,-0.366,-0.2758,-0.356,-0.3719,-0.2884,-0.2188,-0.1782,-0.1579,-0.1506,-0.1519,-0.1588,-0.1694,-0.1821,-0.1957,-0.2092,-0.2221,-0.2337,0.0803,0.1066,0.1387,0.1588,0.1689,0.2445,0.4637,0.8649,1.0438,0.6298,0.2944,0.1644,0.1259,0.1157,0.1055,0.075,0.006,-0.111,-0.244,-0.2264,-0.1045,-0.1052,-0.1599,-0.1694,-0.1551,-0.1416,-0.1355,-0.1372,-0.1451,-0.1575,-0.1729,-0.1898,-0.207,-0.2236,-0.2386,-0.2518,0.0685,0.0987,0.152,0.1948,0.1412,0.1268,0.1828,0.258,0.2322,0.103,0.0495,0.0703,0.1058,0.1362,0.1582,0.15,0.0885,0.0029,-0.0619,-0.0402,0.0734,0.0499,-0.0445,-0.0882,-0.1015,-0.1063,-0.1124,-0.1229,-0.1382,-0.1571,-0.1784,-0.2006,-0.2222,-0.2423,-0.2599,-0.2745,0.0473,0.0662,0.0993,0.1204,0.0574,0.019,-0.0253,-0.1356,-0.3575,-0.4366,-0.2074,-0.0057,0.1045,0.1675,0.2298,0.2558,0.1613,0.0754,0.0221,0.015,0.0526,0.0411,-0.0114,-0.0456,-0.0637,-0.076,-0.09,-0.1086,-0.1319,-0.1587,-0.1873,-0.2159,-0.243,-0.2672,-0.2874,-0.3034,0.0211,0.0198,-0.0004,-0.0643,-0.0643,-0.0618,-0.1375,-0.3148,-0.839,-1.1186,-0.3961,-0.0185,0.1363,0.2036,0.2459,0.2683,0.1792,0.0978,0.0482,0.03,0.0271,0.0181,-0.0018,-0.0205,-0.0342,-0.0473,-0.0662,-0.0932,-0.1264,-0.1632,-0.2012,-0.2381,-0.2719,-0.3008,-0.3237,-0.3404,-0.0011,-0.0113,-0.0371,-0.0755,-0.0794,-0.1009,-0.1713,-0.2511,-0.5311,-0.7351,-0.2578,0.0577,0.1998,0.2661,0.2591,0.2319,0.1683,0.0581,0.0119,0.0282,0.0337,0.0271,0.0145,0.0028,-0.0033,-0.0115,-0.0354,-0.0748,-0.1221,-0.1723,-0.2227,-0.2704,-0.3126,-0.3469,-0.3721,-0.3884,-0.0165,-0.0265,-0.043,-0.062,-0.0804,-0.1176,-0.1723,-0.1981,-0.2192,-0.2167,-0.0285,0.179,0.2635,0.293,0.2884,0.2813,0.2021,-0.082,-0.1063,0.0225,0.0544,0.0533,0.0393,0.0282,0.0353,0.0416,0.0067,-0.0546,-0.1217,-0.1896,-0.2561,-0.3181,-0.3709,-0.4112,-0.4376,-0.451,-0.0269,-0.0353,-0.0472,-0.0622,-0.0825,-0.1131,-0.151,-0.1791,-0.1623,-0.076,0.0684,0.2767,0.3488,0.3713,0.3289,0.4213,0.3525,0.0996,0.0089,0.0709,0.1069,0.1067,0.0763,0.0511,0.0669,0.0927,0.0406,-0.0448,-0.1321,-0.2202,-0.308,-0.3895,-0.4564,-0.5026,-0.527,-0.5328,-0.0343,-0.0411,-0.0503,-0.0621,-0.0772,-0.0954,-0.1127,-0.1171,-0.0866,-0.0189,0.0552,0.1388,0.2508,0.3845,0.3335,0.4656,0.5756,0.2945,0.1444,0.1554,0.2412,0.233,0.1381,0.0688,0.0578,0.0675,0.0224,-0.0602,-0.1587,-0.2699,-0.3875,-0.498,-0.5844,-0.6351,-0.6502,-0.6393,-0.0399,-0.0452,-0.052,-0.06,-0.0689,-0.0769,-0.08,-0.0712,-0.044,-0.0065,0.0081,0.0119,0.0595,0.1557,0.2081,0.3371,0.4512,0.2364,0.1173,0.2316,0.5836,0.4925,0.2131,0.0807,0.0403,0.0268,-0.0074,-0.0808,-0.1939,-0.3402,-0.5064,-0.6659,-0.7815,-0.8301,-0.8197,-0.775,-0.0445,-0.0484,-0.0531,-0.058,-0.0624,-0.0647,-0.0623,-0.0524,-0.0346,-0.0151,-0.0052,-0.0229,-0.1862,-0.2618,-0.0274,0.0634,0.0817,-0.0205,-0.0884,0.1206,0.6218,0.5059,0.1888,0.063,0.0448,0.0588,0.0376,-0.0566,-0.2163,-0.4277,-0.6798,-0.9293,-1.0911,-1.1172,-1.0454,-0.9387,-0.0487,-0.0515,-0.0546,-0.0576,-0.0596,-0.0597,-0.0568,-0.0504,-0.0419,-0.0361,-0.0435,-0.0956,-0.272,-0.3326,-0.2815,-0.2924,-0.214,-0.3032,-0.4436,-0.221,0.0455,0.1061,0.0286,0.0086,0.091,0.2316,0.2476,0.0581,-0.2105,-0.5247,-0.9151,-1.33,-1.5642,-1.5127,-1.3161,-1.1127,-0.0529,-0.0551,-0.0573,-0.0592,-0.0605,-0.0606,-0.0593,-0.0572,-0.0563,-0.0609,-0.0796,-0.127,-0.2109,-0.3305,-0.6871,-0.8487,-0.4458,-0.4027,-0.4822,-0.5025,-0.3333,-0.2101,-0.162,-0.0732,0.1683,0.6051,0.6982,0.2254,-0.2054,-0.6162,-1.1609,-1.8179,-2.1427,-1.9312,-1.5595,-1.2526,-0.0575,-0.0593,-0.0611,-0.0628,-0.0642,-0.0653,-0.0662,-0.068,-0.0725,-0.0834,-0.1063,-0.149,-0.2227,-0.3651,-0.6505,-0.7439,-0.5004,-0.4796,-0.7301,-0.858,-0.5674,-0.4486,-0.382,-0.2303,0.0892,0.6451,0.7691,0.1302,-0.2874,-0.6797,-1.2497,-2.0132,-2.38,-2.083,-1.6417,-1.3017,-0.0624,-0.0641,-0.066,-0.068,-0.07,-0.0723,-0.0753,-0.08,-0.0881,-0.1023,-0.1263,-0.1654,-0.227,-0.3219,-0.4358,-0.4785,-0.45,-0.4919,-0.6402,-0.7093,-0.6744,-0.7461,-0.746,-0.5296,-0.2291,-0.0544,-0.233,-0.3068,-0.4628,-0.7235,-1.1157,-1.6533,-1.9566,-1.8123,-1.5095,-1.242,-0.0676,-0.0695,-0.0717,-0.0741,-0.077,-0.0805,-0.0852,-0.092,-0.1023,-0.1178,-0.1411,-0.175,-0.2219,-0.2812,-0.3407,-0.3808,-0.4109,-0.4677,-0.5595,-0.6693,-0.8882,-1.3139,-1.4334,-0.9682,-0.5409,-0.4061,-0.4932,-0.5067,-0.6838,-0.8164,-0.9695,-1.2256,-1.4177,-1.4113,-1.2769,-1.1164,-0.0731,-0.0754,-0.0779,-0.0809,-0.0845,-0.0891,-0.0951,-0.1033,-0.1147,-0.1305,-0.1522,-0.1811,-0.2176,-0.2599,-0.3034,-0.3448,-0.3906,-0.4554,-0.5542,-0.7255,-1.0928,-1.7504,-1.9423,-1.2736,-0.7426,-0.5433,-0.545,-0.7193,-1.0148,-0.9794,-0.9273,-0.998,-1.0898,-1.114,-1.0659,-0.9815,-0.0789,-0.0814,-0.0844,-0.0879,-0.0923,-0.0977,-0.1046,-0.1137,-0.1255,-0.1411,-0.1611,-0.1863,-0.2165,-0.2511,-0.2889,-0.3305,-0.3809,-0.4499,-0.554,-0.7283,-1.0313,-1.4285,-1.5207,-1.156,-0.7994,-0.6405,-0.6556,-0.84,-1.0585,-1.0065,-0.906,-0.8927,-0.9194,-0.932,-0.9122,-0.867]}]