docs/data/wind_grid.json
[{"header":{"la1":42.85,"la2":41.18,"lo1":11.55,"lo2":14.05,"nx":36,"ny":24,"dx":0.07143,"dy":0.07261,"parameterCategory":2,"parameterNumber":2,"parameterNumberName":"eastward_wind","parameterUnit":"m.s-1"},"data":[-0.3001,-0.3058,-0.3093,-0.3106,-0.3103,-0.3086,-0.3063,-0.3036,-0.3009,-0.2992,-0.3,-0.3049,-0.3153,-0.3315,-0.3526,-0.3767,-0.4001,-0.4182,-0.4264,-0.4222,-0.4072,-0.3864,-0.3649,-0.3454,-0.328,-0.3115,-0.2952,-0.279,-0.263,-0.2476,-0.2331,-0.2195,-0.2071,-0.1957,-0.1854,-0.176,-0.3219,-0.3291,-0.3331,-0.3341,-0.3326,-0.3299,-0.3263,-0.322,-0.3168,-0.3118,-0.3093,-0.3126,-0.3239,-0.3442,-0.3728,-0.4072,-0.4423,-0.4702,-0.4815,-0.4708,-0.4415,-0.4055,-0.3746,-0.3524,-0.3353,-0.3193,-0.3026,-0.2851,-0.2677,-0.2508,-0.235,-0.2204,-0.2071,-0.1952,-0.1844,-0.1747,-0.3487,-0.3583,-0.3633,-0.3637,-0.3606,-0.3564,-0.3523,-0.3473,-0.3392,-0.3284,-0.3196,-0.3187,-0.33,-0.355,-0.3935,-0.4432,-0.4978,-0.544,-0.5623,-0.5372,-0.4753,-0.4075,-0.3641,-0.3459,-0.3363,-0.3245,-0.3087,-0.2903,-0.2713,-0.2529,-0.2358,-0.2202,-0.2062,-0.1937,-0.1826,-0.1727,-0.3821,-0.3961,-0.4031,-0.4023,-0.396,-0.3894,-0.3866,-0.3847,-0.3748,-0.3536,-0.3316,-0.3221,-0.3316,-0.3617,-0.4125,-0.4838,-0.5709,-0.655,-0.6938,-0.6407,-0.5005,-0.3587,-0.3052,-0.3166,-0.3305,-0.3283,-0.3142,-0.2946,-0.2737,-0.2535,-0.2351,-0.2186,-0.204,-0.1912,-0.1799,-0.17,-0.4239,-0.4462,-0.4578,-0.4551,-0.4413,-0.4288,-0.4309,-0.4444,-0.4386,-0.3954,-0.3457,-0.3203,-0.3262,-0.3613,-0.4255,-0.5232,-0.6608,-0.8253,-0.9349,-0.8422,-0.5215,-0.1983,-0.1664,-0.2704,-0.3266,-0.3347,-0.3202,-0.2978,-0.2743,-0.2523,-0.2326,-0.2154,-0.2005,-0.1876,-0.1764,-0.1666,-0.4754,-0.5134,-0.5371,-0.5332,-0.5027,-0.4718,-0.4795,-0.5383,-0.5588,-0.4612,-0.3556,-0.3078,-0.3108,-0.3515,-0.4268,-0.5478,-0.7451,-1.0557,-1.3857,-1.2844,-0.6668,-0.0754,-0.0838,-0.2748,-0.3464,-0.3489,-0.3271,-0.2994,-0.2725,-0.2486,-0.228,-0.2104,-0.1955,-0.1828,-0.1718,-0.1624,-0.5342,-0.6009,-0.6554,-0.6597,-0.5949,-0.515,-0.5039,-0.6211,-0.6987,-0.5036,-0.3341,-0.2748,-0.2834,-0.333,-0.415,-0.5411,-0.7629,-1.1918,-1.8424,-1.7744,-0.9997,-0.4923,-0.3609,-0.3974,-0.3986,-0.3694,-0.3324,-0.2973,-0.2671,-0.2418,-0.2209,-0.2035,-0.1891,-0.1769,-0.1665,-0.1576,-0.5901,-0.6981,-0.8182,-0.8652,-0.7372,-0.5603,-0.4716,-0.5153,-0.548,-0.3776,-0.2448,-0.2149,-0.2459,-0.3132,-0.403,-0.5116,-0.6821,-1.0046,-1.4287,-1.411,-1.1541,-0.9581,-0.7027,-0.5461,-0.4517,-0.383,-0.33,-0.2888,-0.2566,-0.2313,-0.2111,-0.1947,-0.1813,-0.17,-0.1605,-0.1523,-0.6234,-0.7615,-0.9506,-1.0812,-0.8691,-0.5942,-0.4106,-0.304,-0.2119,-0.1186,-0.0966,-0.1342,-0.2035,-0.3043,-0.43,-0.5196,-0.5902,-0.7455,-0.9467,-1.1126,-1.4149,-1.3081,-0.8799,-0.6141,-0.4654,-0.3742,-0.3137,-0.2715,-0.2406,-0.2172,-0.199,-0.1844,-0.1725,-0.1626,-0.1541,-0.1468,-0.6205,-0.7513,-0.9024,-0.9813,-0.8472,-0.5987,-0.3599,-0.1383,0.122,0.2295,0.0873,-0.0494,-0.1585,-0.2979,-0.5458,-0.6751,-0.5653,-0.6123,-0.7383,-0.9291,-1.2144,-1.1448,-0.809,-0.568,-0.4239,-0.3368,-0.2821,-0.2457,-0.2198,-0.2004,-0.1852,-0.1732,-0.1632,-0.1549,-0.1477,-0.1414,-0.5875,-0.7048,-0.8478,-1.0209,-0.9604,-0.6156,-0.3557,-0.1018,0.4732,0.7536,0.2422,0.0128,-0.1128,-0.2404,-0.4873,-0.6646,-0.5277,-0.5961,-0.6811,-0.7289,-0.7828,-0.7403,-0.5901,-0.4435,-0.3412,-0.2782,-0.2402,-0.2151,-0.1967,-0.1825,-0.1712,-0.162,-0.1543,-0.1477,-0.1419,-0.1365,-0.5319,-0.6359,-0.7829,-0.9715,-0.901,-0.5722,-0.427,-0.3873,0.0622,0.4206,0.183,0.0492,-0.0774,-0.2221,-0.2546,-0.3326,-0.4821,-0.8225,-0.9159,-0.703,-0.5613,-0.4735,-0.3861,-0.3059,-0.2493,-0.2178,-0.2,-0.1864,-0.1751,-0.1659,-0.1585,-0.1522,-0.1467,-0.1417,-0.137,-0.1325,-0.4569,-0.5303,-0.6151,-0.6733,-0.6055,-0.4739,-0.4962,-0.6822,-0.4567,-0.0236,0.1198,0.1376,0.0426,-0.2307,-0.1979,-0.1855,-0.4514,-1.5104,-1.555,-0.7474,-0.42,-0.2863,-0.2232,-0.1929,-0.1852,-0.1858,-0.1776,-0.1664,-0.1582,-0.1528,-0.1486,-0.1449,-0.1412,-0.1375,-0.1337,-0.1298,-0.3731,-0.4135,-0.4464,-0.4504,-0.4103,-0.3723,-0.419,-0.5347,-0.3873,-0.0009,0.2025,0.258,0.2489,0.1751,0.0068,-0.0439,-0.2171,-0.8507,-0.9988,-0.4925,-0.2005,-0.0873,-0.0723,-0.1068,-0.1684,-0.1997,-0.1746,-0.1541,-0.1469,-0.1447,-0.1434,-0.1415,-0.1389,-0.1358,-0.1324,-0.1287,-0.2922,-0.3089,-0.3152,-0.3036,-0.2755,-0.2502,-0.2448,-0.218,-0.0503,0.238,0.4416,0.437,0.3392,0.3749,0.1052,-0.0313,-0.3457,-0.2661,-0.2447,-0.0559,0.1334,0.17,0.0954,-0.0101,-0.1188,-0.1695,-0.1538,-0.1423,-0.1421,-0.144,-0.1444,-0.1429,-0.1402,-0.1369,-0.1332,-0.1293,-0.2198,-0.2217,-0.2143,-0.1948,-0.1643,-0.1262,-0.0753,0.0192,0.2067,0.523,0.9646,0.7813,0.5897,0.3794,0.2193,-0.0018,-0.1981,0.0038,0.1695,0.3189,0.503,0.4501,0.2638,0.1048,-0.0203,-0.0936,-0.1241,-0.1405,-0.1505,-0.1544,-0.1534,-0.1496,-0.1448,-0.1402,-0.1359,-0.1315,-0.1572,-0.1497,-0.134,-0.1084,-0.072,-0.0224,0.0483,0.1575,0.3295,0.5922,0.9134,0.7741,0.6768,0.6565,0.4542,0.3384,0.3038,0.4623,0.6334,0.6042,0.5861,0.5352,0.3671,0.1893,0.0337,-0.0805,-0.1468,-0.1753,-0.1829,-0.1797,-0.1704,-0.1589,-0.1495,-0.1435,-0.1391,-0.1346,-0.1039,-0.0902,-0.0693,-0.0394,0.001,0.0548,0.1273,0.2258,0.3556,0.5073,0.6247,0.645,0.6958,0.7309,0.799,0.8577,0.7612,0.9616,1.2217,0.9869,0.7642,0.6092,0.4401,0.2314,0.0095,-0.1763,-0.26,-0.2622,-0.2441,-0.2203,-0.1914,-0.1634,-0.1469,-0.1426,-0.1413,-0.138,-0.0588,-0.0412,-0.0171,0.0149,0.0563,0.1089,0.1753,0.2571,0.352,0.4492,0.5296,0.5911,0.671,0.8508,1.4621,1.734,1.1303,1.157,1.3679,1.5495,1.1794,0.8187,0.5473,0.2621,-0.0683,-0.3673,-0.4381,-0.3794,-0.3291,-0.2755,-0.2131,-0.1536,-0.1285,-0.1348,-0.1421,-0.1418,-0.0209,-0.001,0.0246,0.0571,0.0973,0.1463,0.2048,0.2725,0.3466,0.4218,0.4942,0.5712,0.6839,0.9176,1.3986,1.5628,1.2181,1.3365,2.1394,2.5365,1.5662,1.0333,0.7064,0.346,-0.0847,-0.4321,-0.4982,-0.5022,-0.4407,-0.3526,-0.2502,-0.1514,-0.1157,-0.1325,-0.1464,-0.1472,0.0106,0.0317,0.0578,0.0895,0.1276,0.1723,0.2237,0.2812,0.3431,0.4078,0.476,0.5552,0.6635,0.8274,1.0278,1.1171,1.1172,1.3059,1.7731,1.9299,1.5056,1.2385,1.0198,0.5759,0.0035,-0.4954,-0.8621,-0.7859,-0.5925,-0.465,-0.3348,-0.2133,-0.158,-0.1567,-0.1601,-0.1554,0.0367,0.0582,0.084,0.1144,0.1498,0.1904,0.2361,0.2862,0.3402,0.3978,0.4604,0.5326,0.6211,0.7284,0.8373,0.9184,0.9944,1.1337,1.3213,1.4105,1.4456,1.7038,1.7366,1.0298,0.1752,-0.5808,-1.1479,-0.9473,-0.729,-0.6243,-0.4659,-0.3197,-0.2347,-0.1989,-0.1806,-0.1653,0.0583,0.0796,0.1045,0.1333,0.1661,0.2031,0.2439,0.2884,0.3363,0.3877,0.4437,0.5061,0.5768,0.6543,0.7319,0.8049,0.883,0.9822,1.0972,1.2271,1.5009,2.1231,2.3245,1.3894,0.3971,-0.32,-0.7177,-0.7937,-0.9145,-0.8267,-0.5931,-0.4087,-0.2968,-0.2349,-0.1984,-0.173,0.0759,0.0967,0.1205,0.1476,0.1779,0.2115,0.2483,0.2881,0.3308,0.3766,0.4258,0.4792,0.5369,0.5978,0.6597,0.7224,0.7899,0.8682,0.9635,1.1013,1.3547,1.7324,1.7847,1.2,0.4795,-0.0796,-0.4454,-0.7129,-0.9355,-0.85,-0.6194,-0.438,-0.3222,-0.2512,-0.206,-0.175]},{"header":{"la1":42.85,"la2":41.18,"lo1":11.55,"lo2":14.05,"nx":36,"ny":24,"dx":0.07143,"dy":0.07261,"parameterCategory":2,"parameterNumber":3,"parameterNumberName":"northward_wind","parameterUnit":"m.s-1"},"data":[-0.2302,-0.2109,-0.1883,-0.1625,-0.1346,-0.1066,-0.0817,-0.0636,-0.0547,-0.0548,-0.0608,-0.0683,-0.0731,-0.0729,-0.0667,-0.0548,-0.0383,-0.0185,0.0024,0.0223,0.0382,0.0467,0.0446,0.0314,0.0094,-0.0177,-0.0467,-0.0754,-0.1029,-0.1285,-0.1521,-0.1739,-0.1938,-0.212,-0.2287,-0.2439,-0.2339,-0.2119,-0.1848,-0.1524,-0.115,-0.0752,-0.0385,-0.0122,-0.0023,-0.009,-0.026,-0.0444,-0.0572,-0.0611,-0.0554,-0.0407,-0.019,0.0076,0.0366,0.0657,0.0911,0.1063,0.1044,0.0841,0.0512,0.013,-0.0253,-0.0613,-0.0941,-0.1238,-0.1504,-0.1745,-0.1963,-0.2159,-0.2337,-0.2498,-0.2404,-0.2161,-0.1846,-0.1439,-0.093,-0.0339,0.0252,0.0687,0.0814,0.0612,0.0225,-0.0158,-0.0418,-0.0518,-0.0464,-0.0279,0.001,0.0368,0.0764,0.118,0.1597,0.1894,0.1881,0.153,0.1004,0.0453,-0.0052,-0.0495,-0.0881,-0.1217,-0.1513,-0.1776,-0.2009,-0.2219,-0.2407,-0.2575,-0.2508,-0.2251,-0.19,-0.1409,-0.0724,0.0178,0.1203,0.2039,0.2255,0.1748,0.0905,0.0163,-0.0295,-0.0471,-0.0415,-0.0175,0.0214,0.0702,0.1221,0.1773,0.2461,0.3103,0.3095,0.2404,0.1529,0.0746,0.0102,-0.0425,-0.0863,-0.1234,-0.1555,-0.1835,-0.2083,-0.2303,-0.2499,-0.2674,-0.2652,-0.24,-0.2041,-0.1495,-0.0627,0.0724,0.2583,0.4412,0.4926,0.3642,0.1806,0.0457,-0.0259,-0.0504,-0.0429,-0.0113,0.0416,0.1106,0.1781,0.2355,0.3349,0.4784,0.4712,0.3294,0.1934,0.0917,0.0159,-0.0429,-0.0904,-0.1299,-0.1636,-0.1929,-0.2187,-0.2416,-0.2618,-0.2797,-0.2834,-0.2603,-0.2277,-0.176,-0.0808,0.1012,0.4207,0.8396,0.9899,0.6509,0.2687,0.053,-0.0395,-0.0647,-0.0522,-0.0126,0.0564,0.1592,0.2633,0.292,0.3602,0.5701,0.5503,0.3525,0.1952,0.0863,0.0075,-0.053,-0.1014,-0.1417,-0.1761,-0.2062,-0.2326,-0.256,-0.2767,-0.2948,-0.3038,-0.2822,-0.2543,-0.2171,-0.1404,0.0493,0.4689,1.2022,1.5484,0.8488,0.2597,0.0073,-0.0778,-0.0899,-0.0681,-0.0239,0.0517,0.1832,0.3538,0.3502,0.3002,0.381,0.3806,0.266,0.1492,0.0563,-0.0157,-0.0729,-0.1196,-0.1591,-0.1933,-0.2234,-0.2502,-0.2739,-0.2949,-0.3131,-0.326,-0.3008,-0.2651,-0.2402,-0.2198,-0.1021,0.2121,0.7617,1.0062,0.4795,0.0553,-0.1039,-0.1371,-0.1195,-0.0826,-0.0393,0.0203,0.1226,0.2484,0.2636,0.2408,0.2416,0.2188,0.1592,0.0829,0.0109,-0.0503,-0.1012,-0.1443,-0.1817,-0.2149,-0.2448,-0.2718,-0.2958,-0.3169,-0.335,-0.3539,-0.3245,-0.258,-0.199,-0.2739,-0.2829,-0.1805,-0.0409,-0.0338,-0.1793,-0.2566,-0.2452,-0.2005,-0.1416,-0.0758,-0.0335,-0.0104,0.0382,0.1073,0.1744,0.2698,0.2489,0.158,0.085,0.0191,-0.0404,-0.0919,-0.1357,-0.174,-0.2087,-0.2407,-0.2704,-0.2977,-0.3221,-0.3433,-0.3613,-0.3927,-0.381,-0.3439,-0.317,-0.4154,-0.4616,-0.4926,-0.563,-0.7206,-0.7686,-0.5571,-0.3669,-0.2527,-0.1587,-0.0244,0.0407,-0.0162,-0.018,0.0207,0.0979,0.2028,0.1888,0.096,0.0193,-0.043,-0.0952,-0.1382,-0.1744,-0.2073,-0.239,-0.2702,-0.3003,-0.3285,-0.3537,-0.3752,-0.3927,-0.4363,-0.4577,-0.5102,-0.6335,-0.6326,-0.6194,-0.722,-0.8668,-1.185,-1.3627,-0.7649,-0.4244,-0.2892,-0.2177,-0.0636,0.0378,-0.0354,-0.0659,-0.0596,-0.0113,0.0431,0.0484,0.0052,-0.0526,-0.1091,-0.1554,-0.1889,-0.2155,-0.2422,-0.2716,-0.3032,-0.3352,-0.3654,-0.3921,-0.414,-0.4308,-0.4705,-0.5069,-0.5705,-0.6521,-0.6634,-0.7298,-0.9228,-1.0843,-1.1195,-1.1202,-0.6875,-0.3927,-0.3049,-0.3656,-0.2526,-0.0802,-0.058,-0.1487,-0.1757,-0.105,-0.0534,-0.0422,-0.0681,-0.1202,-0.1813,-0.2258,-0.2447,-0.2568,-0.2764,-0.3052,-0.3399,-0.3764,-0.4107,-0.4398,-0.4621,-0.4774,-0.4905,-0.5258,-0.5726,-0.6224,-0.6779,-0.8076,-1.0499,-1.292,-1.1409,-0.8266,-0.5234,-0.3144,-0.2421,-0.4078,-0.2789,0.036,0.0302,-0.3408,-0.3684,-0.1559,-0.0828,-0.0714,-0.1032,-0.1725,-0.2631,-0.3142,-0.3035,-0.2929,-0.3066,-0.3391,-0.3818,-0.4271,-0.4684,-0.5012,-0.5234,-0.5353,-0.4998,-0.5311,-0.5698,-0.6172,-0.6857,-0.8034,-0.9808,-1.15,-1.0384,-0.7016,-0.4384,-0.2743,-0.1883,0.2897,0.1224,0.4393,0.3335,-0.0627,-0.1988,-0.101,-0.0386,-0.0337,-0.0909,-0.1934,-0.3274,-0.3919,-0.3426,-0.3136,-0.3298,-0.3742,-0.4327,-0.4934,-0.546,-0.5833,-0.6034,-0.6085,-0.5022,-0.5294,-0.5627,-0.6044,-0.6603,-0.7358,-0.8201,-0.8594,-0.7668,-0.5937,-0.4538,-0.2913,-0.0185,0.3632,0.2415,0.5541,0.7566,0.2556,0.0016,0.0094,0.1316,0.1232,-0.0168,-0.1615,-0.29,-0.3501,-0.3216,-0.31,-0.3448,-0.4134,-0.4998,-0.5867,-0.6567,-0.6981,-0.7105,-0.7014,-0.5,-0.5229,-0.5498,-0.5816,-0.6187,-0.6578,-0.686,-0.6787,-0.6242,-0.581,-0.6762,-0.3684,-0.2513,-0.0524,0.0521,0.3092,0.5327,0.1576,-0.0506,0.1028,0.5985,0.4752,0.0898,-0.11,-0.2048,-0.2436,-0.2515,-0.2784,-0.3499,-0.4606,-0.5948,-0.7269,-0.8235,-0.8643,-0.8554,-0.818,-0.4948,-0.5133,-0.5338,-0.5559,-0.578,-0.596,-0.6025,-0.5903,-0.5663,-0.5709,-0.6518,-0.5012,-0.5272,-0.5702,-0.296,-0.1524,-0.1088,-0.269,-0.381,-0.0743,0.6482,0.492,0.0631,-0.1065,-0.1378,-0.1195,-0.125,-0.2,-0.3366,-0.518,-0.7336,-0.9465,-1.0848,-1.1075,-1.0472,-0.9574,-0.4882,-0.5027,-0.5178,-0.5326,-0.5454,-0.5535,-0.5537,-0.5453,-0.5339,-0.5309,-0.5315,-0.5226,-0.6256,-0.6774,-0.6986,-0.7341,-0.5954,-0.7215,-0.9364,-0.5952,-0.1806,-0.0639,-0.1442,-0.1581,-0.0533,0.1185,0.1503,-0.0398,-0.2994,-0.5847,-0.9262,-1.2842,-1.4857,-1.443,-1.2767,-1.105,-0.4814,-0.4926,-0.5036,-0.5136,-0.5215,-0.5257,-0.5252,-0.5207,-0.5154,-0.5134,-0.5176,-0.5403,-0.6104,-0.7828,-1.3856,-1.6552,-0.9752,-0.8864,-1.0135,-1.0635,-0.7479,-0.493,-0.3739,-0.2377,0.0549,0.555,0.6638,0.1589,-0.2737,-0.6523,-1.131,-1.6993,-1.9788,-1.7988,-1.483,-1.2235,-0.475,-0.4837,-0.4921,-0.4993,-0.5047,-0.5078,-0.5084,-0.5075,-0.5074,-0.5116,-0.5258,-0.5625,-0.6491,-0.8621,-1.3263,-1.4775,-1.0586,-1.0162,-1.4764,-1.7177,-1.0949,-0.7673,-0.595,-0.3844,-0.0142,0.6053,0.7437,0.0616,-0.3485,-0.702,-1.2021,-1.8653,-2.1819,-1.9278,-1.5521,-1.2646,-0.4694,-0.4765,-0.4831,-0.4888,-0.4933,-0.4965,-0.4987,-0.501,-0.5053,-0.5149,-0.5352,-0.5758,-0.6533,-0.7899,-0.964,-1.0215,-0.9557,-1.0106,-1.2672,-1.3584,-1.1163,-0.9934,-0.8978,-0.654,-0.3391,-0.1591,-0.3683,-0.4203,-0.5175,-0.7304,-1.0758,-1.5501,-1.8163,-1.6945,-1.438,-1.213,-0.4647,-0.4707,-0.4763,-0.4814,-0.4857,-0.4895,-0.4932,-0.4979,-0.5053,-0.518,-0.54,-0.5766,-0.6339,-0.7124,-0.792,-0.8375,-0.8602,-0.9199,-1.0224,-1.0864,-1.1513,-1.3798,-1.4335,-1.0291,-0.6422,-0.5361,-0.6746,-0.6291,-0.679,-0.7715,-0.9246,-1.1678,-1.3463,-1.3478,-1.2379,-1.1055,-0.461,-0.4663,-0.4714,-0.4761,-0.4806,-0.4851,-0.4901,-0.4965,-0.5056,-0.5194,-0.5403,-0.5707,-0.6121,-0.6618,-0.7113,-0.7524,-0.7914,-0.8446,-0.9174,-1.0187,-1.2382,-1.6887,-1.8282,-1.2835,-0.8247,-0.6473,-0.644,-0.7146,-0.8488,-0.8392,-0.8547,-0.9556,-1.0566,-1.0897,-1.0566,-0.9906,-0.4581,-0.463,-0.4677,-0.4724,-0.4772,-0.4822,-0.4881,-0.4955,-0.5054,-0.5191,-0.5379,-0.5629,-0.5942,-0.6299,-0.667,-0.7037,-0.7434,-0.793,-0.8617,-0.9704,-1.1665,-1.4413,-1.4976,-1.1901,-0.876,-0.7191,-0.6951,-0.7707,-0.8703,-0.8504,-0.8268,-0.8587,-0.9069,-0.9328,-0.9256,-0.894]}]