docs/data/wind_grid.json
[{"header":{"la1":42.85,"la2":41.18,"lo1":11.55,"lo2":14.05,"nx":36,"ny":24,"dx":0.07143,"dy":0.07261,"parameterCategory":2,"parameterNumber":2,"parameterNumberName":"eastward_wind","parameterUnit":"m.s-1"},"data":[1.3163,1.3103,1.3014,1.2896,1.2754,1.2598,1.2437,1.2279,1.213,1.1992,1.1862,1.1737,1.1612,1.1479,1.1329,1.1147,1.0919,1.0628,1.0268,0.9852,0.9434,0.9098,0.8925,0.8934,0.9085,0.9307,0.9543,0.9763,0.9953,1.0112,1.0243,1.0352,1.0443,1.052,1.0587,1.0645,1.3355,1.3299,1.3202,1.3063,1.2888,1.2693,1.2495,1.2307,1.2137,1.1985,1.1848,1.1721,1.1598,1.147,1.1324,1.114,1.0892,1.0548,1.0076,0.9471,0.8808,0.8267,0.8035,0.8147,0.8477,0.8875,0.9246,0.9557,0.9805,1.0,1.0154,1.0277,1.0378,1.0461,1.0533,1.0595,1.3596,1.3554,1.3452,1.3286,1.3063,1.2808,1.2554,1.2324,1.2129,1.1963,1.1819,1.1692,1.1576,1.1462,1.1332,1.1163,1.0918,1.0539,0.9939,0.9039,0.7902,0.6922,0.6608,0.7,0.7705,0.8396,0.8952,0.937,0.9676,0.9904,1.0076,1.0209,1.0316,1.0405,1.048,1.0545,1.3904,1.3894,1.3799,1.3599,1.3302,1.2951,1.2606,1.2318,1.2097,1.1921,1.1771,1.1645,1.154,1.1448,1.1351,1.1223,1.1023,1.0672,0.9999,0.8704,0.6621,0.4586,0.4214,0.5391,0.6833,0.7952,0.872,0.9234,0.9584,0.9831,1.0011,1.0149,1.0259,1.035,1.0427,1.0495,1.4295,1.4356,1.4298,1.4065,1.3653,1.3136,1.264,1.2269,1.2036,1.186,1.1696,1.1565,1.1475,1.1415,1.1368,1.1312,1.1217,1.1026,1.052,0.8966,0.525,0.0677,0.0579,0.3637,0.617,0.7715,0.8627,0.9183,0.954,0.9783,0.9959,1.0094,1.0203,1.0294,1.0373,1.0442,1.478,1.4984,1.5041,1.4804,1.4214,1.3411,1.2648,1.2158,1.1968,1.1795,1.1583,1.1436,1.1365,1.1346,1.1359,1.1396,1.1456,1.1576,1.171,1.0647,0.5781,-0.1707,-0.1306,0.3334,0.6307,0.7877,0.8731,0.9226,0.9539,0.9753,0.9913,1.004,1.0145,1.0236,1.0315,1.0386,1.5337,1.58,1.6151,1.603,1.5164,1.3871,1.2695,1.2049,1.1977,1.1711,1.1375,1.1222,1.1189,1.1214,1.1285,1.1417,1.1629,1.2003,1.274,1.2468,0.9196,0.4617,0.3667,0.5741,0.7444,0.8432,0.8991,0.9327,0.9552,0.9721,0.9859,0.9977,1.0079,1.0169,1.025,1.0323,1.5875,1.6699,1.7647,1.7976,1.6646,1.457,1.2881,1.1987,1.1733,1.1267,1.0927,1.0878,1.0928,1.0992,1.1085,1.1292,1.1651,1.208,1.2472,1.2477,1.2372,1.1182,0.93,0.8733,0.8865,0.9084,0.9257,0.9397,0.9527,0.9655,0.9779,0.9894,0.9998,1.0092,1.0176,1.0253,1.623,1.7311,1.8839,1.9923,1.7992,1.5184,1.2984,1.1512,1.0548,1.0001,1.0079,1.0392,1.0593,1.066,1.0652,1.085,1.1513,1.2197,1.2672,1.3414,1.5373,1.471,1.2041,1.0502,0.9797,0.9466,0.9329,0.9321,0.9399,0.952,0.9654,0.9782,0.9897,0.9999,1.0089,1.0171,1.6298,1.7332,1.8553,1.9188,1.7994,1.5418,1.2797,1.0518,0.8146,0.7293,0.8747,0.9856,1.0213,1.0237,0.9914,0.9731,1.13,1.2617,1.3284,1.3792,1.4724,1.428,1.2479,1.0987,0.996,0.9313,0.901,0.8979,0.9104,0.9289,0.9475,0.9638,0.9774,0.9888,0.9987,1.0075,1.6129,1.7081,1.8361,2.014,1.9478,1.5627,1.2542,0.9924,0.4869,0.2377,0.7543,0.955,0.976,0.9594,0.9694,0.9705,1.1899,1.3882,1.4634,1.4342,1.3878,1.3185,1.1988,1.0576,0.9259,0.8363,0.808,0.8255,0.8607,0.896,0.9248,0.9467,0.9631,0.9759,0.9866,0.9962,1.5776,1.661,1.7901,1.97,1.8891,1.4973,1.2371,1.1161,0.8032,0.5622,0.8589,0.9723,0.9194,0.7753,0.8887,1.1167,1.3755,1.7237,1.8042,1.5937,1.4177,1.2839,1.1376,0.9501,0.7426,0.6126,0.6236,0.7086,0.7942,0.8578,0.9006,0.9286,0.9472,0.9608,0.972,0.9823,1.5274,1.5816,1.6464,1.6853,1.5892,1.3777,1.2287,1.2106,1.1461,1.0206,1.0268,1.006,0.9365,0.6991,0.8395,1.2228,1.537,2.3468,2.3775,1.7477,1.4507,1.2677,1.0772,0.7946,0.4063,0.1861,0.3343,0.5671,0.7293,0.8253,0.8801,0.9111,0.9296,0.9424,0.9536,0.965,1.4735,1.4984,1.5143,1.4983,1.426,1.3188,1.2361,1.207,1.1886,1.1607,1.1366,1.0086,0.9576,1.0186,1.1592,1.3879,1.5315,1.9438,2.0267,1.6555,1.409,1.24,1.0426,0.6877,0.0803,-0.2674,0.0973,0.4852,0.7019,0.8126,0.8679,0.8946,0.9081,0.918,0.9288,0.9422,1.4264,1.4335,1.4294,1.4055,1.3587,1.3018,1.2562,1.2346,1.2392,1.2747,1.3048,1.2477,1.1776,1.1886,1.2958,1.4496,1.8724,1.6729,1.6054,1.4568,1.3029,1.201,1.0594,0.7645,0.2757,-0.0112,0.2471,0.5572,0.7369,0.8258,0.8635,0.8747,0.877,0.8817,0.8935,0.9114,1.3903,1.3893,1.3801,1.3604,1.3317,1.3015,1.2802,1.2783,1.3095,1.4043,1.5932,1.4837,1.3904,1.31,1.3673,1.5473,1.7667,1.5757,1.4407,1.3114,1.1638,1.153,1.1005,0.9275,0.6892,0.5463,0.6013,0.7236,0.8128,0.8544,0.8578,0.8402,0.8234,0.823,0.841,0.8698,1.3643,1.3606,1.3519,1.3381,1.3214,1.3065,1.3002,1.3106,1.3499,1.4392,1.5754,1.5072,1.5245,1.5542,1.4348,1.4573,1.4772,1.3928,1.2966,1.2478,1.1421,1.1493,1.1356,1.0401,0.9205,0.8414,0.8308,0.8603,0.8868,0.8813,0.8365,0.7707,0.7247,0.7261,0.7647,0.8164,1.3461,1.3423,1.3357,1.3269,1.3178,1.3118,1.3131,1.3265,1.357,1.4049,1.449,1.4671,1.5495,1.5695,1.4598,1.4337,1.3845,1.2298,1.0708,1.2232,1.236,1.2106,1.1743,1.1007,1.0017,0.9097,0.8839,0.9225,0.943,0.9015,0.7892,0.6394,0.5503,0.5773,0.6658,0.7571,1.3335,1.3304,1.3259,1.3208,1.3166,1.3154,1.3196,1.3316,1.3524,1.3794,1.4052,1.429,1.4573,1.4635,1.4727,1.4831,1.388,1.2608,1.1902,1.3483,1.3268,1.2729,1.219,1.1423,1.01,0.7984,0.7507,0.9373,1.0062,0.933,0.7334,0.4541,0.3113,0.4064,0.5731,0.7103,1.3245,1.3224,1.3198,1.3172,1.3158,1.3169,1.3219,1.3317,1.3462,1.3637,1.3816,1.3987,1.4143,1.4282,1.456,1.4617,1.3998,1.3727,1.5026,1.5849,1.4128,1.3256,1.2706,1.2024,1.0775,0.8118,0.7493,1.0884,1.1322,1.0072,0.7467,0.3807,0.2056,0.3447,0.5483,0.7024,1.318,1.3168,1.3154,1.3145,1.3147,1.3169,1.3217,1.3296,1.3402,1.3525,1.3654,1.3778,1.3894,1.4006,1.4113,1.4085,1.3912,1.3975,1.4603,1.4845,1.4121,1.3659,1.3369,1.2935,1.2622,1.3347,1.6468,1.5612,1.3155,1.1215,0.8817,0.5815,0.4183,0.4838,0.624,0.7446,1.313,1.3125,1.3121,1.3122,1.3133,1.3158,1.3202,1.3265,1.3345,1.3436,1.353,1.3622,1.3706,1.3778,1.3821,1.381,1.3778,1.3837,1.401,1.4071,1.4015,1.4229,1.4285,1.3806,1.3963,1.6204,2.0249,1.7682,1.3725,1.2063,1.0442,0.8482,0.7148,0.6993,0.7524,0.8191,1.309,1.309,1.3092,1.3099,1.3114,1.3139,1.3178,1.3229,1.329,1.3359,1.343,1.3498,1.3558,1.3605,1.3632,1.3636,1.3639,1.3673,1.3742,1.3831,1.4067,1.467,1.4869,1.4216,1.4191,1.5307,1.6401,1.4653,1.2454,1.2204,1.1421,1.0175,0.9156,0.8708,0.8733,0.8986,1.3056,1.306,1.3066,1.3076,1.3092,1.3116,1.3149,1.319,1.3239,1.3291,1.3345,1.3395,1.3439,1.3472,1.3493,1.3504,1.3515,1.354,1.3592,1.3698,1.3934,1.4312,1.4406,1.407,1.3953,1.4204,1.4188,1.3188,1.2244,1.219,1.177,1.099,1.0264,0.981,0.9642,0.967]},{"header":{"la1":42.85,"la2":41.18,"lo1":11.55,"lo2":14.05,"nx":36,"ny":24,"dx":0.07143,"dy":0.07261,"parameterCategory":2,"parameterNumber":3,"parameterNumberName":"northward_wind","parameterUnit":"m.s-1"},"data":[1.2279,1.2028,1.1715,1.1345,1.0932,1.0511,1.013,0.9843,0.9686,0.9658,0.9721,0.9819,0.9902,0.9939,0.9917,0.9839,0.9716,0.9563,0.9397,0.9235,0.9098,0.9004,0.897,0.8996,0.9073,0.9186,0.9321,0.9466,0.9614,0.976,0.9903,1.004,1.0171,1.0295,1.0412,1.0523,1.2454,1.2175,1.1803,1.1333,1.0776,1.0178,0.9621,0.921,0.9026,0.9074,0.9274,0.9515,0.9709,0.9812,0.9816,0.9733,0.9584,0.9392,0.9178,0.8964,0.8777,0.865,0.861,0.8661,0.878,0.894,0.9118,0.93,0.9479,0.9652,0.9816,0.9972,1.0118,1.0255,1.0384,1.0505,1.2704,1.241,1.1981,1.1387,1.0622,0.9735,0.8855,0.8196,0.7959,0.8169,0.8642,0.914,0.951,0.9706,0.9741,0.9647,0.9461,0.9219,0.8947,0.8665,0.8401,0.8216,0.8172,0.8269,0.8454,0.8677,0.8909,0.9135,0.935,0.9551,0.9738,0.9912,1.0074,1.0225,1.0365,1.0495,1.3055,1.2778,1.2314,1.1586,1.0539,0.9182,0.7688,0.6483,0.6113,0.6698,0.7745,0.8701,0.9336,0.9648,0.9709,0.959,0.9355,0.9057,0.8728,0.8366,0.7982,0.7693,0.7651,0.7831,0.8111,0.8413,0.8707,0.898,0.9231,0.946,0.967,0.9863,1.0041,1.0205,1.0356,1.0495,1.3528,1.3332,1.2899,1.2075,1.0691,0.8628,0.597,0.346,0.2703,0.4257,0.6548,0.8279,0.9256,0.9676,0.9739,0.9574,0.9274,0.8922,0.8577,0.8156,0.7591,0.7152,0.7141,0.7423,0.7794,0.8172,0.8526,0.8845,0.913,0.9386,0.9617,0.9828,1.0021,1.0198,1.036,1.0508,1.4128,1.4118,1.3861,1.3068,1.1388,0.8466,0.3923,-0.1613,-0.3587,0.0591,0.535,0.8107,0.9377,0.983,0.9844,0.9606,0.9223,0.8837,0.8634,0.8246,0.7352,0.6923,0.6929,0.714,0.7533,0.797,0.8378,0.8737,0.9052,0.9332,0.9582,0.9809,1.0017,1.0206,1.0379,1.0536,1.4811,1.513,1.5305,1.4819,1.3003,0.9448,0.3309,-0.6221,-1.0557,-0.1975,0.5309,0.8564,0.9796,1.0119,1.0015,0.9686,0.9212,0.8772,0.8915,0.8653,0.676,0.6296,0.6488,0.6787,0.7287,0.7809,0.827,0.8664,0.9002,0.9299,0.9566,0.9809,1.003,1.0232,1.0416,1.0581,1.5453,1.6195,1.7153,1.7432,1.5493,1.18,0.6503,-0.0877,-0.4023,0.2287,0.7556,0.9783,1.0477,1.0484,1.0193,0.9783,0.9251,0.8613,0.8173,0.6874,0.3456,0.3082,0.4832,0.6136,0.7032,0.7697,0.8211,0.8626,0.8977,0.9288,0.9569,0.9827,1.0064,1.0279,1.0473,1.0647,1.5858,1.6849,1.8532,1.9888,1.7463,1.4147,1.1121,0.8472,0.7846,0.9466,1.0837,1.1317,1.1224,1.0797,1.0223,0.977,0.9321,0.852,0.7129,0.3786,-0.2611,-0.1469,0.3196,0.5654,0.6917,0.7678,0.8205,0.8618,0.8972,0.9293,0.959,0.9866,1.012,1.035,1.0556,1.0738,1.5929,1.6709,1.7796,1.8426,1.6951,1.5424,1.4313,1.384,1.425,1.447,1.3538,1.2624,1.1853,1.101,0.9895,0.9363,0.9349,0.8615,0.7191,0.4255,-0.0167,0.0331,0.377,0.5929,0.7088,0.7767,0.8236,0.862,0.8972,0.9307,0.9626,0.9927,1.0203,1.0452,1.0671,1.0859,1.5801,1.6236,1.6473,1.6112,1.6076,1.6162,1.6412,1.6722,1.7192,1.7565,1.5196,1.3466,1.2295,1.132,1.0106,0.9376,0.9333,0.8576,0.7634,0.6322,0.4787,0.4591,0.5666,0.6732,0.7435,0.7883,0.8238,0.859,0.8954,0.932,0.9677,1.0014,1.0322,1.0593,1.0826,1.1019,1.5653,1.5937,1.6081,1.6005,1.612,1.6912,1.8359,1.9476,1.835,1.7299,1.5558,1.3967,1.2552,1.1348,1.0893,1.0006,0.9017,0.7774,0.7252,0.7255,0.6956,0.6816,0.7058,0.7417,0.7667,0.7841,0.8103,0.8477,0.8901,0.9331,0.9749,1.014,1.049,1.079,1.1035,1.1229,1.5543,1.5787,1.5991,1.6172,1.6569,1.7654,1.9663,2.1793,2.031,1.753,1.5781,1.4748,1.348,1.1295,1.0972,0.9422,0.8159,0.5849,0.5748,0.734,0.7658,0.7641,0.7676,0.7701,0.7557,0.745,0.7754,0.8277,0.8822,0.9352,0.9859,1.0327,1.0734,1.1066,1.132,1.1505,1.5459,1.5696,1.5946,1.626,1.679,1.7762,1.9238,2.0651,1.9844,1.7637,1.6348,1.5728,1.5357,1.3064,1.0716,0.669,0.6789,0.6761,0.6808,0.7676,0.7721,0.763,0.7724,0.7699,0.727,0.6933,0.741,0.81,0.8759,0.9406,1.0036,1.0612,1.1095,1.1461,1.1711,1.1866,1.5386,1.5617,1.5881,1.6218,1.6696,1.7367,1.8146,1.8629,1.8302,1.7801,1.7764,1.736,1.6469,1.8555,1.1058,0.5786,0.3799,0.7095,0.8254,0.7911,0.6591,0.6424,0.7246,0.7629,0.7395,0.7165,0.7466,0.802,0.8714,0.9507,1.032,1.1059,1.1643,1.2034,1.2248,1.2335,1.5311,1.5529,1.5779,1.6081,1.6454,1.6889,1.7309,1.7586,1.7791,1.8588,2.0693,2.1159,1.9016,1.6238,1.2672,0.8461,0.5865,0.8692,0.9895,0.7624,0.212,0.3172,0.6444,0.7513,0.746,0.7233,0.7253,0.7692,0.855,0.9643,1.0775,1.1775,1.2495,1.2875,1.2979,1.2927,1.523,1.5427,1.565,1.5904,1.6191,1.6499,1.6799,1.7099,1.7558,1.8598,2.0326,1.9903,1.9315,1.8768,1.4922,1.2378,1.1555,1.3125,1.4165,0.9958,0.1664,0.3054,0.6744,0.7517,0.6842,0.5872,0.5609,0.6493,0.8071,0.9819,1.1504,1.2934,1.383,1.4093,1.3938,1.3635,1.5141,1.5317,1.5511,1.5722,1.5951,1.6192,1.6444,1.6736,1.7148,1.7752,1.8309,1.8396,1.9033,1.8943,1.6658,1.5699,1.5312,1.848,2.2565,1.6163,1.0329,0.8486,0.8553,0.7645,0.5163,0.1876,0.1106,0.3912,0.7307,1.0139,1.2612,1.4712,1.5819,1.5723,1.5064,1.4385,1.5049,1.5204,1.537,1.5547,1.5735,1.5933,1.6145,1.6386,1.6677,1.6999,1.7256,1.7393,1.7528,1.7498,1.8461,1.913,1.7245,1.9168,2.1523,1.9406,1.5477,1.2332,1.0369,0.7875,0.2869,-0.5636,-0.751,0.0837,0.7046,1.0817,1.3932,1.6825,1.8131,1.738,1.6069,1.5009,1.4954,1.5089,1.5232,1.5382,1.5538,1.5701,1.5873,1.6058,1.6254,1.6443,1.659,1.6687,1.6782,1.7079,1.8181,1.8582,1.7518,1.8507,2.1775,2.3233,1.7954,1.4289,1.188,0.8986,0.3614,-0.643,-0.8726,0.3092,0.8927,1.2063,1.4806,1.7715,1.9023,1.7994,1.6475,1.5309,1.4859,1.4977,1.51,1.5226,1.5356,1.549,1.5626,1.5764,1.5899,1.602,1.6118,1.6196,1.6299,1.6527,1.6911,1.7049,1.7029,1.7849,1.9768,2.018,1.7406,1.5108,1.3512,1.1307,0.8454,0.7404,1.2676,1.2995,1.2887,1.3986,1.5228,1.6792,1.7687,1.7189,1.6165,1.5248,1.4766,1.4868,1.4973,1.508,1.5188,1.5296,1.5403,1.5506,1.5602,1.5686,1.5756,1.5819,1.5897,1.6019,1.6166,1.627,1.642,1.6838,1.7381,1.725,1.6332,1.5961,1.5678,1.3823,1.2349,1.4316,1.9447,1.7497,1.6658,1.6686,1.6174,1.6152,1.6333,1.6127,1.5591,1.4992,1.4674,1.4763,1.4852,1.4943,1.5032,1.5119,1.5203,1.5282,1.5352,1.5412,1.5463,1.5509,1.5559,1.5622,1.5691,1.5761,1.5863,1.6022,1.6136,1.604,1.597,1.6699,1.7027,1.5206,1.3998,1.4879,1.6716,1.8041,2.0703,1.9776,1.7521,1.6304,1.582,1.5504,1.5132,1.4723,1.4585,1.4662,1.4739,1.4814,1.4888,1.4959,1.5025,1.5085,1.5137,1.5181,1.5217,1.5247,1.5277,1.5307,1.5339,1.5374,1.5417,1.5462,1.5479,1.5468,1.5601,1.605,1.6088,1.5156,1.4515,1.4932,1.6228,1.8564,2.1207,2.0278,1.7963,1.6449,1.5659,1.52,1.4842,1.4509]}]