docs/data/wind_grid.json
[{"header":{"la1":42.85,"la2":41.18,"lo1":11.55,"lo2":14.05,"nx":36,"ny":24,"dx":0.07143,"dy":0.07261,"parameterCategory":2,"parameterNumber":2,"parameterNumberName":"eastward_wind","parameterUnit":"m.s-1"},"data":[2.9522,2.9542,2.9557,2.9565,2.9561,2.9539,2.949,2.94,2.926,2.9062,2.881,2.8509,2.8166,2.778,2.7346,2.6845,2.6252,2.5535,2.4677,2.3707,2.2738,2.1961,2.1551,2.1555,2.1878,2.2364,2.2885,2.3369,2.3787,2.4134,2.4417,2.4648,2.4836,2.4991,2.5121,2.5231,2.9617,2.9652,2.9685,2.9713,2.9735,2.9742,2.9723,2.9656,2.9519,2.9302,2.9013,2.8667,2.8281,2.7859,2.7392,2.6856,2.6203,2.5361,2.4252,2.2858,2.1342,2.0105,1.9565,1.9797,2.0523,2.1403,2.2227,2.2918,2.3468,2.3897,2.4232,2.4494,2.4702,2.487,2.5008,2.5124,2.9712,2.9765,2.9818,2.9871,2.9924,2.9977,3.0012,2.9991,2.9866,2.9617,2.9264,2.885,2.8406,2.7945,2.7459,2.6919,2.6257,2.5339,2.3956,2.1907,1.9328,1.7105,1.6382,1.7239,1.8802,2.0339,2.1581,2.2514,2.3199,2.3702,2.4077,2.4361,2.4582,2.4757,2.4899,2.5019,2.9807,2.9883,2.9958,3.0034,3.0123,3.0241,3.0376,3.0457,3.0367,3.0051,2.9577,2.9049,2.8523,2.8016,2.7526,2.7033,2.6465,2.5639,2.4128,2.1203,1.6492,1.1898,1.1042,1.3651,1.6857,1.9356,2.1076,2.2232,2.3018,2.3566,2.396,2.4252,2.4475,2.465,2.4793,2.4912,2.9903,3.0009,3.0111,3.0205,3.0318,3.0514,3.0827,3.115,3.1159,3.0676,2.9953,2.924,2.8599,2.803,2.7542,2.7149,2.6834,2.646,2.5426,2.1924,1.3474,0.3171,0.2931,0.9739,1.5382,1.8838,2.0891,2.2149,2.2957,2.35,2.3883,2.4164,2.4378,2.4547,2.4684,2.4801,2.9998,3.0159,3.031,3.0409,3.0496,3.0732,3.1308,3.2172,3.2459,3.1523,3.0321,2.9365,2.8587,2.7921,2.7404,2.7135,2.7214,2.7758,2.8477,2.6056,1.4755,-0.2161,-0.1274,0.9062,1.5691,1.9218,2.1159,2.2298,2.3013,2.3493,2.3833,2.4087,2.4283,2.4439,2.4569,2.468,3.0082,3.0352,3.0637,3.0759,3.0683,3.0785,3.1503,3.304,3.3805,3.2106,3.0442,2.9349,2.8449,2.7596,2.6923,2.6718,2.7204,2.8638,3.1306,3.063,2.25,1.2003,0.982,1.4424,1.8239,2.0499,2.181,2.261,2.3135,2.3508,2.3787,2.4004,2.4177,2.4318,2.4438,2.4544,3.0106,3.0553,3.1223,3.1564,3.1005,3.0609,3.1019,3.2118,3.261,3.1344,3.0117,2.921,2.8212,2.6944,2.5714,2.5374,2.6316,2.8042,2.987,2.9978,2.9525,2.6771,2.2404,2.1091,2.1444,2.2043,2.2535,2.2914,2.3224,2.3485,2.3707,2.3892,2.4045,2.4173,2.4283,2.4383,2.9961,3.05,3.1766,3.2929,3.1234,3.0137,3.0189,3.0467,3.0419,3.0009,2.9649,2.9154,2.808,2.595,2.2872,2.1773,2.42,2.6888,2.8818,3.1239,3.6616,3.4992,2.8525,2.5031,2.3617,2.3087,2.294,2.2994,2.3157,2.336,2.3558,2.3731,2.3873,2.3991,2.4093,2.419,2.9575,2.9747,3.034,3.0789,2.9189,2.9089,2.9476,2.9464,2.8926,2.8711,2.9295,2.9447,2.8539,2.5453,1.7236,1.2802,2.1351,2.6216,2.8527,3.0908,3.4449,3.3554,2.9262,2.6119,2.4223,2.315,2.2683,2.2642,2.2827,2.3081,2.3317,2.3506,2.3648,2.3759,2.3855,2.395,2.9114,2.8654,2.7427,2.4497,2.4951,2.7932,2.9157,2.9134,2.7616,2.673,2.9178,3.0271,3.0062,2.8027,1.9458,1.2934,2.2654,2.707,2.8707,2.9638,3.0388,2.9819,2.7769,2.5373,2.3262,2.1876,2.1438,2.1684,2.2175,2.264,2.2987,2.3216,2.3362,2.3463,2.3552,2.3647,2.8869,2.8185,2.674,2.4515,2.51,2.8049,2.9407,2.9624,2.8796,2.8216,3.0266,3.1716,3.2128,3.249,3.0157,2.6773,2.757,2.9289,2.983,2.9466,2.8972,2.8019,2.6232,2.3569,2.0523,1.8605,1.878,2.0036,2.1258,2.2106,2.2608,2.2872,2.3003,2.308,2.3156,2.3258,2.8922,2.8421,2.7678,2.7067,2.7605,2.8953,2.9763,2.9937,2.9968,3.0475,3.2026,3.4079,3.4122,3.3653,3.2606,3.015,2.985,3.139,3.1411,2.979,2.8593,2.7231,2.5046,2.1167,1.5513,1.2259,1.4516,1.8011,2.0366,2.1644,2.2247,2.2478,2.254,2.2565,2.2624,2.2745,2.9148,2.8895,2.8642,2.8597,2.8976,2.9587,2.9992,3.0076,3.0375,3.1477,3.3164,3.6692,3.7487,3.288,3.1499,2.9236,3.0013,3.0967,3.0846,2.9578,2.821,2.6769,2.4477,1.9602,1.0667,0.5426,1.1009,1.6908,2.0057,2.1465,2.1954,2.1999,2.1897,2.183,2.1881,2.2057,2.9415,2.933,2.9299,2.9402,2.9677,3.004,3.0356,3.065,3.1244,3.2332,3.3451,3.4258,3.3879,3.3129,3.1312,2.9101,3.3134,3.1331,3.029,2.8887,2.7215,2.6184,2.4723,2.0855,1.3739,0.9418,1.3486,1.825,2.0753,2.1656,2.1673,2.1297,2.0898,2.0712,2.0808,2.1125,2.9656,2.9667,2.973,2.9877,3.0116,3.0419,3.0766,3.1221,3.1947,3.3076,3.4412,3.3896,3.3584,3.2978,3.205,3.177,3.2865,3.1508,3.0169,2.7965,2.4655,2.4873,2.5302,2.3555,2.0477,1.8593,1.9612,2.1365,2.2206,2.2044,2.1189,2.0074,1.9211,1.8941,1.9243,1.988,2.9852,2.9915,3.0022,3.0187,3.0416,3.0707,3.1072,3.1555,3.2235,3.3179,3.4206,3.3902,3.3995,3.4051,3.2803,3.2236,3.1924,3.1368,3.0568,2.8368,2.4338,2.4889,2.6141,2.5818,2.5063,2.477,2.4881,2.4674,2.3842,2.2326,2.016,1.7812,1.6262,1.6121,1.703,1.8312,3.0002,3.0094,3.0221,3.0393,3.0615,3.0893,3.1238,3.1668,3.22,3.2794,3.3265,3.3475,3.4021,3.4154,3.3596,3.332,3.2375,3.1711,3.1708,3.0361,2.8234,2.7439,2.7525,2.7627,2.8185,2.9361,2.9522,2.7791,2.534,2.2333,1.8327,1.3876,1.1332,1.1967,1.4241,1.6592,3.0113,3.0218,3.0353,3.0524,3.0734,3.0989,3.1292,3.1648,3.2045,3.2443,3.2779,3.3052,3.336,3.3744,3.5255,3.5975,3.325,3.2048,3.1957,3.1886,3.0502,2.9287,2.8793,2.8977,3.0444,3.3775,3.4488,3.0388,2.6425,2.2222,1.6181,0.8651,0.4893,0.7352,1.1664,1.5215,3.019,3.03,3.0435,3.0597,3.079,3.1016,3.1275,3.1562,3.1865,3.2161,3.2429,3.268,3.2975,3.354,3.4878,3.5247,3.3315,3.2406,3.3244,3.3856,3.1643,3.0192,2.9552,2.9599,3.091,3.4454,3.5288,3.0289,2.6608,2.2464,1.5764,0.6559,0.2142,0.568,1.0891,1.4861,3.0238,3.0348,3.0477,3.0627,3.0801,3.0997,3.1213,3.1445,3.1683,3.1914,3.2131,3.2344,3.2593,3.2952,3.3383,3.334,3.2671,3.2267,3.2602,3.2639,3.1428,3.044,2.9937,2.9657,2.9765,2.9802,2.8061,2.7474,2.6119,2.3282,1.8253,1.1283,0.7389,0.9083,1.2671,1.5789,3.0262,3.0368,3.0488,3.0625,3.0778,3.0946,3.1126,3.1314,3.1503,3.1685,3.1856,3.2021,3.2188,3.236,3.2466,3.2367,3.2072,3.182,3.1711,3.1445,3.0881,3.0544,3.0386,2.975,2.8932,2.7669,2.6069,2.6314,2.566,2.4256,2.1434,1.7352,1.4456,1.4273,1.5735,1.7527,3.0267,3.0366,3.0476,3.0598,3.0732,3.0874,3.1024,3.1176,3.1326,3.1467,3.1597,3.1714,3.1813,3.1881,3.1883,3.178,3.1588,3.1371,3.115,3.087,3.0602,3.0695,3.079,2.9912,2.8741,2.7583,2.6667,2.5978,2.5196,2.4888,2.3454,2.1091,1.9094,1.8309,1.859,1.9391,3.0257,3.0347,3.0447,3.0554,3.0669,3.079,3.0913,3.1035,3.1153,3.1261,3.1355,3.1431,3.1483,3.1497,3.1459,3.1357,3.1196,3.0998,3.0776,3.0542,3.0379,3.0406,3.0324,2.9635,2.8636,2.7644,2.6735,2.5791,2.5145,2.503,2.4276,2.2922,2.1633,2.0877,2.0724,2.0991]},{"header":{"la1":42.85,"la2":41.18,"lo1":11.55,"lo2":14.05,"nx":36,"ny":24,"dx":0.07143,"dy":0.07261,"parameterCategory":2,"parameterNumber":3,"parameterNumberName":"northward_wind","parameterUnit":"m.s-1"},"data":[1.677,1.6547,1.626,1.5911,1.5516,1.5107,1.4735,1.4449,1.4286,1.4247,1.4294,1.4376,1.4448,1.4485,1.448,1.4444,1.4395,1.4357,1.4348,1.4382,1.4452,1.4541,1.4628,1.4704,1.4776,1.4853,1.494,1.5037,1.5142,1.5249,1.5354,1.5456,1.5552,1.5641,1.5722,1.5797,1.698,1.6734,1.6392,1.5946,1.541,1.4827,1.428,1.387,1.3677,1.3704,1.3875,1.4083,1.4248,1.4333,1.4339,1.4288,1.4213,1.4152,1.4144,1.421,1.4342,1.4493,1.461,1.4683,1.4738,1.4803,1.4891,1.4997,1.5114,1.5235,1.5354,1.5466,1.557,1.5666,1.5752,1.583,1.7273,1.702,1.6625,1.606,1.5319,1.445,1.3585,1.293,1.2681,1.2859,1.3285,1.3726,1.4042,1.4195,1.4208,1.4124,1.3998,1.3892,1.3876,1.4008,1.4277,1.4564,1.4722,1.4744,1.4734,1.4764,1.4845,1.4962,1.5096,1.5233,1.5366,1.549,1.5602,1.5704,1.5794,1.5874,1.7676,1.7451,1.703,1.6335,1.5312,1.3979,1.2507,1.1316,1.0936,1.1477,1.245,1.3319,1.3864,1.4097,1.41,1.3956,1.374,1.3539,1.3485,1.3726,1.4308,1.4937,1.5125,1.4939,1.476,1.4723,1.4798,1.4932,1.5089,1.5248,1.5396,1.5531,1.5651,1.5757,1.585,1.5931,1.8216,1.8088,1.7709,1.692,1.5557,1.3519,1.0895,0.842,0.7663,0.916,1.1345,1.2944,1.3783,1.4077,1.4035,1.3794,1.3436,1.3055,1.2854,1.3194,1.4397,1.5924,1.6009,1.522,1.4747,1.4647,1.4741,1.4913,1.5104,1.5286,1.5451,1.5595,1.5721,1.5829,1.5922,1.6002,1.8897,1.8985,1.8803,1.8046,1.637,1.3457,0.8959,0.3487,0.1533,0.5645,1.0267,1.284,1.3909,1.4171,1.4023,1.3655,1.3127,1.2465,1.1896,1.2119,1.3856,1.6637,1.6521,1.5111,1.4531,1.4499,1.468,1.4918,1.5153,1.5361,1.5539,1.5689,1.5815,1.5922,1.6012,1.6089,1.9676,2.0141,2.0438,1.9997,1.8139,1.4543,0.8437,-0.1034,-0.5361,0.3219,1.0386,1.3398,1.434,1.438,1.4036,1.3534,1.2898,1.2041,1.1172,1.1175,1.1949,1.3752,1.4397,1.404,1.4031,1.4301,1.465,1.498,1.526,1.5487,1.567,1.5817,1.5938,1.6038,1.6122,1.6192,2.0409,2.1369,2.2545,2.2915,2.084,1.7001,1.1722,0.4423,0.1318,0.777,1.293,1.4788,1.5048,1.4622,1.3944,1.3315,1.2735,1.1977,1.1196,1.04,0.8517,0.8954,1.1161,1.2595,1.35,1.419,1.4734,1.5149,1.5457,1.5683,1.5854,1.5986,1.6092,1.618,1.6253,1.6313,2.0869,2.2142,2.4137,2.5663,2.3004,1.9414,1.6435,1.42,1.4139,1.6017,1.6902,1.6616,1.586,1.4767,1.3413,1.2585,1.2392,1.1867,1.0797,0.8311,0.3165,0.431,0.9018,1.1781,1.3354,1.4366,1.5044,1.549,1.5776,1.5964,1.6096,1.6196,1.6278,1.6346,1.6405,1.6453,2.093,2.2022,2.3428,2.4211,2.2621,2.0649,1.9526,2.0165,2.2937,2.402,2.0955,1.8285,1.6643,1.4959,1.1987,1.0437,1.1782,1.1533,1.0498,0.8492,0.5191,0.5878,0.9473,1.2136,1.3874,1.501,1.5698,1.6066,1.6245,1.6336,1.6394,1.6444,1.6491,1.6537,1.6577,1.6611,2.0716,2.1504,2.2273,2.2767,2.2483,2.1144,2.0802,2.2596,2.9651,3.3495,2.3892,1.9175,1.7374,1.6084,1.2864,1.0519,1.1717,1.0525,0.9509,0.9278,0.9009,0.9635,1.1448,1.3449,1.5144,1.6296,1.6829,1.6932,1.6867,1.6783,1.6732,1.6717,1.6727,1.6748,1.6771,1.6789,2.0387,2.1001,2.1708,2.2462,2.2188,2.0999,2.0733,2.134,2.532,2.8343,2.2393,1.8953,1.7906,1.7998,1.6775,1.4383,1.1647,0.6564,0.5153,0.8127,1.0234,1.1656,1.3252,1.5213,1.7246,1.8527,1.8609,1.8097,1.7591,1.7257,1.7077,1.6999,1.6977,1.698,1.6988,1.6989,2.0001,2.0441,2.0894,2.1194,2.0965,2.0476,2.0336,2.0207,2.0751,2.1363,1.9745,1.8299,1.7968,1.855,1.7934,1.5938,1.168,-0.3222,-0.3966,0.6519,1.0706,1.2762,1.4592,1.7084,2.0332,2.2149,2.1066,1.9372,1.8257,1.7663,1.7382,1.7271,1.7241,1.7238,1.7235,1.7218,1.9603,1.9884,2.0119,2.0217,2.0123,1.9992,2.0021,2.0121,2.0037,1.9455,1.8512,1.7902,1.7822,1.8046,1.7578,1.7864,1.521,0.5655,0.3001,0.8755,1.1914,1.3652,1.5409,1.8302,2.3041,2.5709,2.2967,2.0113,1.8596,1.7895,1.7612,1.7531,1.753,1.754,1.7528,1.7488,1.9235,1.9408,1.9531,1.9576,1.9547,1.951,1.9512,1.9464,1.9113,1.8398,1.7787,1.765,1.7482,1.6969,1.7463,1.8238,1.5511,1.354,1.1729,1.2421,1.338,1.4203,1.557,1.7964,2.1662,2.3805,2.1894,1.9645,1.8424,1.7909,1.7772,1.781,1.7888,1.7926,1.7897,1.7813,1.8916,1.9021,1.9089,1.9107,1.9083,1.9032,1.8943,1.8743,1.8314,1.7619,1.6775,1.7704,1.7539,1.7179,1.7049,1.658,1.5639,1.537,1.4937,1.443,1.3451,1.3869,1.5337,1.6948,1.8683,1.9656,1.9212,1.8374,1.7886,1.7782,1.7934,1.8193,1.8404,1.8467,1.8382,1.821,1.8645,1.8708,1.8741,1.8738,1.8698,1.8619,1.8483,1.8251,1.7884,1.7374,1.6828,1.7211,1.7218,1.7053,1.6838,1.6593,1.6562,1.7133,1.758,1.6133,1.3576,1.4031,1.5459,1.6362,1.6934,1.7123,1.7054,1.7059,1.7257,1.7648,1.8214,1.8827,1.9231,1.9264,1.9021,1.868,1.8417,1.8451,1.846,1.844,1.8387,1.8296,1.8155,1.7952,1.7688,1.74,1.7195,1.7147,1.7056,1.6929,1.6441,1.6314,1.7208,1.9503,2.1643,1.903,1.6753,1.602,1.6145,1.6205,1.5925,1.534,1.5202,1.584,1.6687,1.76,1.8706,1.9886,2.0552,2.0387,1.9794,1.9178,1.8223,1.8238,1.8232,1.8201,1.8142,1.8051,1.7924,1.7761,1.7571,1.7381,1.7222,1.7088,1.6911,1.6502,1.5223,1.472,1.7087,1.9819,2.1577,2.1391,1.9308,1.7639,1.6822,1.6203,1.5181,1.3483,1.311,1.4808,1.6302,1.7633,1.93,2.1265,2.2231,2.1602,2.0494,1.9576,1.8059,1.8061,1.8045,1.8009,1.795,1.7866,1.7757,1.7626,1.7481,1.7334,1.7191,1.7039,1.6822,1.6381,1.545,1.527,1.7209,1.9734,2.3513,2.5095,2.0877,1.8423,1.7222,1.6342,1.5135,1.319,1.2755,1.4865,1.6324,1.7663,1.9479,2.1823,2.2935,2.2043,2.0722,1.9706,1.792,1.7914,1.7892,1.7854,1.7798,1.7724,1.7632,1.7525,1.7409,1.7289,1.7166,1.7032,1.6863,1.6628,1.64,1.6622,1.7672,1.9418,2.1742,2.236,2.0106,1.8262,1.7322,1.6628,1.5826,1.5229,1.5606,1.5957,1.6708,1.7689,1.8999,2.07,2.1644,2.1216,2.0309,1.9511,1.7802,1.779,1.7767,1.7729,1.7678,1.7613,1.7535,1.7448,1.7354,1.7257,1.7159,1.706,1.696,1.688,1.6897,1.7166,1.7792,1.8707,1.9572,1.9617,1.8626,1.759,1.7207,1.6892,1.6407,1.6145,1.6195,1.6455,1.7378,1.7937,1.8497,1.935,1.9978,1.9981,1.9591,1.9119,1.7701,1.7687,1.7663,1.7627,1.7581,1.7525,1.746,1.7388,1.7313,1.7236,1.7163,1.7097,1.7049,1.7041,1.7118,1.7332,1.7701,1.8145,1.8461,1.8374,1.783,1.7225,1.7113,1.7025,1.6741,1.6566,1.6646,1.7404,1.8563,1.847,1.8344,1.8621,1.8951,1.9058,1.8937,1.8699,1.7615,1.76,1.7576,1.7544,1.7503,1.7455,1.74,1.7342,1.7281,1.7223,1.717,1.7129,1.7109,1.7127,1.7203,1.7353,1.7566,1.7785,1.7909,1.7837,1.7571,1.7282,1.7163,1.7072,1.6938,1.6912,1.7166,1.7922,1.8724,1.8564,1.8277,1.8285,1.8415,1.8492,1.846,1.8345]}]