docs/data/wind_grid.json
[{"header":{"la1":42.85,"la2":41.18,"lo1":11.55,"lo2":14.05,"nx":36,"ny":24,"dx":0.07143,"dy":0.07261,"parameterCategory":2,"parameterNumber":2,"parameterNumberName":"eastward_wind","parameterUnit":"m.s-1"},"data":[0.6102,0.6147,0.6204,0.6269,0.6335,0.639,0.642,0.6408,0.6341,0.6215,0.6034,0.5811,0.5562,0.5304,0.5056,0.4839,0.4684,0.4627,0.4701,0.4909,0.521,0.5522,0.5768,0.5915,0.5976,0.5986,0.5975,0.5959,0.5945,0.5934,0.5928,0.5923,0.5921,0.5919,0.5918,0.5917,0.6058,0.6117,0.6196,0.6293,0.64,0.6504,0.658,0.6599,0.6537,0.6383,0.6149,0.5856,0.5528,0.5186,0.4847,0.4537,0.4297,0.4194,0.4303,0.4658,0.5188,0.5716,0.6071,0.6209,0.6202,0.6138,0.607,0.6015,0.5977,0.5952,0.5936,0.5925,0.5917,0.5911,0.5907,0.5904,0.599,0.6062,0.6166,0.6303,0.6469,0.6648,0.6806,0.6889,0.6843,0.6648,0.6331,0.5936,0.5503,0.5052,0.4594,0.4145,0.3753,0.353,0.3655,0.4268,0.527,0.6236,0.6736,0.6752,0.6552,0.6339,0.6179,0.6074,0.6008,0.5967,0.5941,0.5923,0.5911,0.5901,0.5893,0.5887,0.5889,0.597,0.6098,0.6281,0.6525,0.6821,0.7125,0.7339,0.7335,0.7065,0.6604,0.6059,0.5487,0.4904,0.43,0.3659,0.2997,0.2467,0.2471,0.351,0.5547,0.7508,0.8119,0.7644,0.7004,0.655,0.6276,0.6119,0.6029,0.5975,0.5941,0.5917,0.59,0.5886,0.5874,0.5865,0.5746,0.5831,0.5977,0.6201,0.6532,0.6994,0.756,0.806,0.8162,0.7717,0.6983,0.6212,0.5468,0.4738,0.398,0.311,0.2021,0.0761,0.0093,0.1635,0.5878,1.0167,1.05,0.8715,0.7387,0.6679,0.6319,0.6132,0.603,0.5971,0.5933,0.5906,0.5884,0.5866,0.585,0.5838,0.5555,0.5639,0.5795,0.6037,0.6431,0.7083,0.8052,0.9156,0.9523,0.8627,0.7406,0.6346,0.5414,0.4536,0.3646,0.2598,0.1029,-0.1596,-0.4594,-0.3066,0.4566,1.1958,1.1801,0.8949,0.7352,0.6618,0.6274,0.6102,0.601,0.5955,0.5917,0.5886,0.5861,0.5838,0.5818,0.5802,0.531,0.5409,0.5605,0.5834,0.6172,0.6921,0.8257,1.0093,1.0864,0.9303,0.7654,0.639,0.5284,0.424,0.3246,0.2201,0.0569,-0.3034,-0.9456,-0.8506,0.1271,0.7389,0.8639,0.7618,0.6798,0.6367,0.6152,0.6039,0.5974,0.5929,0.5892,0.5859,0.5829,0.5801,0.5776,0.5756,0.4989,0.5147,0.5587,0.5908,0.5833,0.6397,0.7753,0.9329,0.9922,0.892,0.7628,0.6354,0.5061,0.3743,0.2524,0.1656,0.08,-0.1309,-0.4802,-0.34,0.2195,0.4623,0.5806,0.6169,0.615,0.6072,0.601,0.5967,0.5931,0.5897,0.5861,0.5823,0.5786,0.5751,0.5721,0.5697,0.4521,0.4666,0.569,0.6842,0.54,0.55,0.7009,0.838,0.9048,0.885,0.7836,0.6399,0.4806,0.295,0.0851,-0.0059,0.0669,0.0918,0.0705,0.2137,0.4609,0.472,0.5047,0.5523,0.5774,0.5875,0.5908,0.591,0.5892,0.5862,0.5822,0.5776,0.5729,0.5685,0.5648,0.562,0.3857,0.345,0.36,0.3906,0.2179,0.3903,0.6603,0.8685,1.0399,1.0706,0.8778,0.6622,0.4667,0.2216,-0.2456,-0.4874,-0.0335,0.1972,0.2805,0.3622,0.4527,0.4759,0.5057,0.5435,0.5685,0.581,0.5863,0.5875,0.5861,0.5825,0.5773,0.5712,0.5651,0.5595,0.555,0.5518,0.3224,0.1865,-0.0941,-0.6828,-0.5609,0.211,0.6826,0.951,1.3053,1.4801,0.9897,0.6802,0.4682,0.2601,-0.1672,-0.485,0.0539,0.2954,0.3811,0.4305,0.4714,0.5038,0.5352,0.5612,0.5759,0.5819,0.5844,0.585,0.583,0.578,0.5708,0.5625,0.5543,0.5472,0.5418,0.5385,0.3052,0.1415,-0.1736,-0.6493,-0.493,0.2967,0.8084,1.0512,1.1321,1.2309,0.918,0.6851,0.4621,0.2189,0.2598,0.2421,0.3338,0.4067,0.442,0.4865,0.5279,0.559,0.5801,0.5886,0.5843,0.5779,0.5784,0.5808,0.579,0.572,0.5616,0.5499,0.5389,0.5299,0.5238,0.5208,0.3446,0.2295,0.0706,-0.0472,0.1195,0.5281,0.8894,1.4276,0.8252,0.8846,0.8258,0.7836,0.611,0.2439,0.4032,0.4996,0.5015,0.4245,0.4283,0.528,0.5929,0.6261,0.6328,0.614,0.5747,0.5498,0.5607,0.5739,0.5739,0.5637,0.5482,0.5315,0.5166,0.5055,0.4992,0.4973,0.413,0.3558,0.3067,0.3151,0.4354,0.6281,0.768,0.6619,0.6879,0.8006,0.8191,0.9591,0.9696,0.5048,0.5773,0.7508,0.6147,0.49,0.5029,0.6067,0.6859,0.7149,0.6981,0.6419,0.5507,0.5032,0.5423,0.5701,0.5689,0.5517,0.5279,0.5037,0.4836,0.4704,0.465,0.4662,0.4826,0.462,0.4585,0.4906,0.5665,0.6617,0.7285,0.7437,0.7703,0.8219,0.8468,0.8081,0.6824,0.5156,0.6381,0.7684,0.1241,0.471,0.6277,0.7453,0.8362,0.845,0.7873,0.6994,0.5943,0.5403,0.5641,0.5778,0.5634,0.533,0.4963,0.4609,0.4338,0.4195,0.4178,0.4255,0.5408,0.5386,0.55,0.5809,0.6301,0.6855,0.7314,0.7658,0.8088,0.8938,1.0712,0.765,0.6994,0.6324,0.6415,0.5223,0.2644,0.5719,0.7883,0.9176,1.0331,1.0016,0.8864,0.7803,0.6897,0.6348,0.6138,0.5912,0.553,0.5028,0.4468,0.3944,0.3578,0.345,0.3532,0.3737,0.586,0.5919,0.6071,0.6331,0.6679,0.7059,0.7421,0.7774,0.8224,0.9021,1.0325,0.8569,0.6571,0.6079,0.731,0.7495,0.7569,0.9161,1.0747,1.0838,1.0816,1.0522,0.9521,0.8469,0.7608,0.7022,0.656,0.6004,0.5328,0.4566,0.3726,0.292,0.2414,0.2376,0.2682,0.3115,0.6205,0.6297,0.645,0.6668,0.6935,0.7225,0.752,0.7821,0.8154,0.8518,0.8657,0.8029,0.6691,0.673,0.9881,1.1347,1.1058,1.2748,1.4574,1.3317,1.2021,1.1063,1.0055,0.8926,0.8011,0.7572,0.711,0.6099,0.499,0.3931,0.2722,0.1432,0.0709,0.094,0.168,0.2458,0.6469,0.6572,0.6717,0.6903,0.7121,0.7357,0.7601,0.7845,0.8084,0.8281,0.8353,0.8279,0.8398,1.0056,1.5771,1.8131,1.3818,1.4223,1.5811,1.7476,1.498,1.2551,1.0837,0.9278,0.815,0.849,0.8519,0.6095,0.4321,0.3146,0.1667,-0.0271,-0.1274,-0.0535,0.079,0.1928,0.6675,0.678,0.6916,0.7079,0.7265,0.7466,0.7675,0.7885,0.8089,0.8279,0.8465,0.8748,0.9469,1.1436,1.5471,1.6885,1.4532,1.5681,2.1881,2.4905,1.7826,1.411,1.1948,0.9723,0.772,0.8142,0.8361,0.4093,0.2759,0.2249,0.1094,-0.0955,-0.2055,-0.107,0.0472,0.1727,0.6838,0.6942,0.7069,0.7216,0.7382,0.756,0.7748,0.7943,0.8145,0.8366,0.864,0.9064,0.9825,1.1148,1.2826,1.3675,1.3891,1.5522,1.9171,2.0433,1.7452,1.5703,1.4225,1.0985,0.6735,0.2292,-0.3452,-0.2409,0.0387,0.1349,0.1122,0.0003,-0.0754,-0.0208,0.0894,0.1915,0.697,0.7071,0.7191,0.7327,0.7478,0.7642,0.7819,0.8008,0.8216,0.8457,0.8766,0.9199,0.9829,1.0679,1.1601,1.235,1.3086,1.4298,1.585,1.6672,1.7183,1.9441,1.9772,1.4154,0.6913,-0.1126,-0.9124,-0.5421,-0.0601,0.0749,0.1211,0.1075,0.0835,0.106,0.1661,0.2345,0.7078,0.7176,0.7289,0.7417,0.7558,0.7713,0.7882,0.8067,0.8277,0.8523,0.8829,0.9222,0.9728,1.0336,1.099,1.1642,1.2355,1.3235,1.4241,1.5395,1.7733,2.2813,2.4434,1.6893,0.8512,0.1657,-0.2466,-0.1428,0.0008,0.0413,0.119,0.1634,0.1801,0.2015,0.2381,0.283,0.7166,0.7261,0.737,0.7491,0.7625,0.7772,0.7934,0.8114,0.8319,0.8557,0.8843,0.9189,0.9603,1.0077,1.0593,1.1142,1.1746,1.2444,1.3286,1.4478,1.6595,1.9673,2.0097,1.5346,0.9325,0.4469,0.1567,0.0584,0.0155,0.0488,0.1375,0.2024,0.2392,0.2663,0.2953,0.3276]},{"header":{"la1":42.85,"la2":41.18,"lo1":11.55,"lo2":14.05,"nx":36,"ny":24,"dx":0.07143,"dy":0.07261,"parameterCategory":2,"parameterNumber":3,"parameterNumberName":"northward_wind","parameterUnit":"m.s-1"},"data":[0.2698,0.288,0.3086,0.3313,0.3554,0.3789,0.399,0.4123,0.4163,0.4111,0.399,0.3834,0.3677,0.354,0.3432,0.336,0.3328,0.3342,0.3404,0.3506,0.3617,0.3687,0.3669,0.3544,0.3331,0.3065,0.2781,0.2498,0.2228,0.1976,0.1742,0.1527,0.133,0.1149,0.0984,0.0834,0.2713,0.2923,0.3171,0.346,0.3786,0.4126,0.4434,0.4642,0.4695,0.4588,0.437,0.4114,0.3874,0.3677,0.353,0.3433,0.3391,0.3417,0.3528,0.3725,0.3966,0.415,0.4168,0.3989,0.3672,0.3299,0.2924,0.2573,0.2253,0.1964,0.1703,0.1467,0.1254,0.1061,0.0886,0.0729,0.2705,0.2942,0.3234,0.3597,0.4042,0.4552,0.5057,0.5421,0.5505,0.5285,0.4881,0.4449,0.4084,0.3809,0.3614,0.3482,0.3416,0.3439,0.3602,0.3952,0.445,0.4879,0.4952,0.4628,0.4103,0.3553,0.3055,0.2622,0.2248,0.1922,0.1635,0.138,0.1153,0.0949,0.0766,0.0603,0.2668,0.2926,0.3256,0.3695,0.429,0.5068,0.5953,0.6672,0.6844,0.6367,0.5573,0.4833,0.4291,0.3928,0.3683,0.3506,0.3385,0.3358,0.3536,0.4096,0.5112,0.6122,0.6252,0.5519,0.4586,0.3779,0.3137,0.2622,0.2198,0.1841,0.1532,0.1261,0.1022,0.0809,0.062,0.0453,0.26,0.2871,0.3222,0.3709,0.4452,0.5608,0.7216,0.8809,0.9251,0.8107,0.6462,0.521,0.4455,0.4022,0.3744,0.3519,0.3299,0.3112,0.3144,0.3865,0.5804,0.8189,0.8212,0.6488,0.4947,0.3873,0.3113,0.2541,0.2086,0.1708,0.1386,0.1105,0.0857,0.0638,0.0445,0.0275,0.2505,0.2792,0.3144,0.3609,0.4394,0.5921,0.8677,1.2336,1.3654,1.0678,0.7325,0.5412,0.4511,0.4084,0.3823,0.3563,0.321,0.2702,0.2202,0.2735,0.5485,0.9448,0.9225,0.666,0.4847,0.3709,0.2934,0.2357,0.1899,0.1518,0.1191,0.0906,0.0654,0.0432,0.0236,0.0066,0.2388,0.2729,0.3125,0.349,0.4033,0.553,0.9117,1.5524,1.8563,1.2434,0.7324,0.5171,0.4408,0.4136,0.3965,0.3715,0.3263,0.2451,0.1253,0.1439,0.3705,0.6184,0.6615,0.5351,0.4152,0.3264,0.2595,0.2067,0.1634,0.1266,0.0946,0.0662,0.0409,0.0186,-0.001,-0.0178,0.2222,0.2701,0.3391,0.3794,0.3612,0.426,0.686,1.1638,1.3778,0.9171,0.559,0.4395,0.4204,0.425,0.4234,0.4039,0.3586,0.2827,0.1973,0.1966,0.2381,0.2997,0.3742,0.3707,0.3223,0.2659,0.214,0.1689,0.13,0.0957,0.0649,0.037,0.0119,-0.0104,-0.0299,-0.0464,0.191,0.2479,0.3773,0.4939,0.3335,0.2601,0.3366,0.4481,0.4398,0.3136,0.282,0.3406,0.4098,0.4539,0.467,0.4537,0.4097,0.3428,0.2763,0.2162,0.1193,0.1451,0.2389,0.2637,0.2419,0.2029,0.162,0.1244,0.0905,0.0594,0.0303,0.003,-0.0221,-0.0445,-0.0638,-0.0798,0.1364,0.1575,0.2232,0.2716,0.0997,0.0635,0.0602,-0.026,-0.2457,-0.31,-0.0123,0.2682,0.4357,0.5118,0.5135,0.4991,0.4587,0.3866,0.3143,0.2391,0.1579,0.1621,0.2023,0.2037,0.1767,0.1398,0.1048,0.0742,0.0461,0.0186,-0.0091,-0.0363,-0.0618,-0.0846,-0.1038,-0.1189,0.0731,0.0303,-0.0853,-0.3636,-0.3315,-0.1172,-0.1039,-0.2573,-0.7965,-1.09,-0.2317,0.2756,0.5258,0.6321,0.5807,0.521,0.4896,0.4019,0.3271,0.2733,0.2285,0.2054,0.1893,0.1571,0.1113,0.0684,0.0386,0.0179,-0.0022,-0.0259,-0.053,-0.0813,-0.1084,-0.1322,-0.1513,-0.1652,0.0297,-0.0377,-0.174,-0.3753,-0.3414,-0.1712,-0.1611,-0.215,-0.5071,-0.6773,-0.0724,0.3879,0.6701,0.8724,0.8039,0.6457,0.5187,0.3485,0.2705,0.2698,0.2483,0.2136,0.1678,0.1032,0.0269,-0.0276,-0.0427,-0.0435,-0.0522,-0.0728,-0.1016,-0.1336,-0.1642,-0.1899,-0.2089,-0.2206,0.0145,-0.04,-0.1178,-0.1884,-0.1832,-0.1569,-0.1897,-0.0378,-0.3384,-0.1549,0.1863,0.5331,0.7421,0.9767,0.9229,0.7551,0.581,0.1529,0.111,0.2494,0.2508,0.2105,0.1439,0.0412,-0.091,-0.1659,-0.1388,-0.1028,-0.0988,-0.1204,-0.1561,-0.1962,-0.2332,-0.262,-0.2802,-0.2881,0.0167,-0.0195,-0.0601,-0.0921,-0.1075,-0.1336,-0.2115,-0.3918,-0.3153,-0.0179,0.2716,0.6336,0.7768,1.0119,0.8461,0.9619,0.7934,0.3877,0.2454,0.2772,0.2634,0.2187,0.1361,0.001,-0.1935,-0.2937,-0.2078,-0.141,-0.1363,-0.1691,-0.2201,-0.2753,-0.323,-0.3557,-0.371,-0.3712,0.0249,0.0013,-0.0228,-0.0437,-0.0626,-0.0893,-0.1315,-0.163,-0.0992,0.0326,0.1525,0.3354,0.5732,0.7003,0.7739,1.0098,0.8627,0.5887,0.3774,0.3102,0.3112,0.271,0.1622,0.0211,-0.1435,-0.2295,-0.1798,-0.1435,-0.1634,-0.2223,-0.3014,-0.3821,-0.4465,-0.4825,-0.4894,-0.4745,0.0338,0.0178,0.002,-0.0125,-0.0262,-0.0406,-0.0521,-0.047,-0.0176,-0.0193,-0.1658,0.0071,0.1754,0.4081,0.5242,0.6696,0.7167,0.4876,0.3066,0.3037,0.4799,0.4126,0.2053,0.0624,-0.037,-0.0897,-0.0991,-0.1205,-0.1842,-0.2863,-0.412,-0.5363,-0.6261,-0.6606,-0.6455,-0.6014,0.0415,0.0304,0.0197,0.0101,0.0019,-0.004,-0.0053,0.0001,0.0027,-0.0365,-0.1512,-0.0588,-0.1715,-0.2422,0.1471,0.2859,0.3034,0.176,0.066,0.1731,0.4895,0.4074,0.1767,0.0641,0.0254,0.0213,0.0025,-0.0706,-0.1966,-0.3648,-0.5672,-0.7684,-0.8977,-0.9138,-0.8472,-0.7505,0.0474,0.0395,0.0322,0.0259,0.0211,0.0185,0.0185,0.0195,0.0147,-0.006,-0.0355,-0.072,-0.2766,-0.3434,-0.219,-0.2117,-0.0838,-0.1443,-0.2602,-0.1298,0.0539,0.1003,0.0418,0.0212,0.082,0.1978,0.2078,0.0373,-0.195,-0.456,-0.7743,-1.1119,-1.3016,-1.2543,-1.0842,-0.9065,0.0515,0.0457,0.0404,0.0359,0.0326,0.0306,0.0294,0.0272,0.0206,0.0059,-0.0195,-0.0687,-0.1629,-0.304,-0.7705,-0.9878,-0.4064,-0.2936,-0.3678,-0.4918,-0.3176,-0.1801,-0.128,-0.0545,0.1477,0.5343,0.6164,0.1772,-0.2072,-0.5503,-0.9908,-1.5215,-1.785,-1.6082,-1.295,-1.0319,0.0538,0.0492,0.045,0.0414,0.0384,0.0358,0.0329,0.0282,0.0196,0.0039,-0.0232,-0.0711,-0.1574,-0.3366,-0.7169,-0.8403,-0.487,-0.4452,-0.8281,-1.0299,-0.589,-0.4054,-0.327,-0.2002,0.0651,0.5617,0.6737,0.0581,-0.3152,-0.6344,-1.0824,-1.6862,-1.9801,-1.7367,-1.369,-1.0796,0.0546,0.0507,0.0469,0.0434,0.0401,0.0365,0.032,0.0252,0.0145,-0.0028,-0.0306,-0.0758,-0.1496,-0.2684,-0.4153,-0.4652,-0.4148,-0.4666,-0.6834,-0.7754,-0.6548,-0.6559,-0.6405,-0.4663,-0.2391,-0.1382,-0.3733,-0.4267,-0.5281,-0.7228,-1.0087,-1.4115,-1.6428,-1.5205,-1.2659,-1.0361,0.054,0.0504,0.0467,0.043,0.039,0.0344,0.0284,0.0201,0.0079,-0.0102,-0.0371,-0.0764,-0.1323,-0.2045,-0.2769,-0.3222,-0.3519,-0.4171,-0.5253,-0.6256,-0.7827,-1.1175,-1.2146,-0.8392,-0.5251,-0.5013,-0.6803,-0.6577,-0.7917,-0.8822,-0.949,-1.1024,-1.2265,-1.2046,-1.0822,-0.938,0.0524,0.0488,0.045,0.0409,0.0362,0.0307,0.0235,0.014,0.001,-0.0171,-0.0419,-0.0752,-0.1178,-0.1675,-0.2178,-0.2636,-0.312,-0.3794,-0.4765,-0.626,-0.9298,-1.4764,-1.6367,-1.0924,-0.6927,-0.5955,-0.6596,-0.8528,-1.1892,-1.1227,-0.9773,-0.9565,-0.9836,-0.9752,-0.9166,-0.8317,0.05,0.0462,0.0422,0.0376,0.0323,0.026,0.018,0.0078,-0.0056,-0.0231,-0.0458,-0.0744,-0.1089,-0.1482,-0.1904,-0.2353,-0.2876,-0.3562,-0.4539,-0.608,-0.8675,-1.2047,-1.286,-0.9954,-0.7327,-0.6515,-0.7243,-0.9645,-1.2412,-1.1611,-0.9779,-0.8877,-0.8578,-0.8348,-0.7954,-0.7405]}]