docs/data/wind_grid.json
[{"header":{"la1":42.85,"la2":41.18,"lo1":11.55,"lo2":14.05,"nx":36,"ny":24,"dx":0.07143,"dy":0.07261,"parameterCategory":2,"parameterNumber":2,"parameterNumberName":"eastward_wind","parameterUnit":"m.s-1"},"data":[0.0303,0.0277,0.0244,0.0202,0.015,0.0086,0.0007,-0.0093,-0.022,-0.038,-0.0581,-0.0828,-0.1124,-0.1468,-0.185,-0.2255,-0.2653,-0.3002,-0.3258,-0.3388,-0.3386,-0.327,-0.3076,-0.2839,-0.2589,-0.2344,-0.2115,-0.1908,-0.1723,-0.1561,-0.1419,-0.1296,-0.1189,-0.1097,-0.1016,-0.0945,0.0361,0.034,0.0312,0.0275,0.0228,0.0169,0.0094,-0.0002,-0.0126,-0.0291,-0.0508,-0.0787,-0.1135,-0.1553,-0.2037,-0.257,-0.3114,-0.3604,-0.3957,-0.4112,-0.4059,-0.3843,-0.3531,-0.3184,-0.284,-0.2523,-0.2239,-0.1992,-0.1779,-0.1596,-0.144,-0.1308,-0.1195,-0.1099,-0.1016,-0.0944,0.0423,0.0408,0.0386,0.0355,0.0313,0.0259,0.0189,0.0101,-0.0015,-0.0176,-0.0403,-0.0713,-0.1116,-0.1621,-0.2231,-0.2942,-0.371,-0.4431,-0.4948,-0.513,-0.4967,-0.4567,-0.4065,-0.3558,-0.3093,-0.2689,-0.2345,-0.2056,-0.1814,-0.1613,-0.1446,-0.1307,-0.119,-0.1092,-0.1009,-0.0938,0.0488,0.048,0.0466,0.0442,0.0404,0.0351,0.0283,0.0201,0.0102,-0.004,-0.0265,-0.06,-0.1059,-0.1655,-0.2413,-0.3357,-0.4465,-0.5589,-0.6407,-0.661,-0.6201,-0.5459,-0.4657,-0.3932,-0.3321,-0.2822,-0.2417,-0.2089,-0.1823,-0.1608,-0.1433,-0.129,-0.1173,-0.1076,-0.0996,-0.0927,0.0556,0.0557,0.0551,0.0535,0.0502,0.0444,0.0359,0.0267,0.0191,0.0098,-0.0099,-0.0447,-0.0954,-0.1635,-0.254,-0.3755,-0.5348,-0.7172,-0.858,-0.8766,-0.781,-0.6465,-0.5234,-0.4247,-0.3484,-0.2895,-0.2438,-0.2081,-0.1799,-0.1576,-0.1399,-0.1258,-0.1144,-0.1052,-0.0976,-0.0912,0.0625,0.0636,0.0643,0.0639,0.0613,0.0543,0.0411,0.0243,0.017,0.0198,0.0088,-0.0254,-0.0798,-0.154,-0.2551,-0.3998,-0.6133,-0.9006,-1.1502,-1.156,-0.9555,-0.7342,-0.5636,-0.4413,-0.3532,-0.2882,-0.2394,-0.2021,-0.1735,-0.1514,-0.1343,-0.1209,-0.1104,-0.102,-0.0952,-0.0894,0.0693,0.0716,0.074,0.0756,0.0751,0.0688,0.0503,0.0168,0.002,0.0283,0.0326,-0.0012,-0.0594,-0.1365,-0.2399,-0.3908,-0.6294,-0.9948,-1.3577,-1.3451,-1.0414,-0.7599,-0.5657,-0.4344,-0.3427,-0.2763,-0.2273,-0.1906,-0.163,-0.1422,-0.1265,-0.1145,-0.1054,-0.0982,-0.0925,-0.0877,0.0756,0.0793,0.0836,0.0882,0.0922,0.0926,0.082,0.0529,0.0396,0.0737,0.0756,0.0309,-0.0355,-0.114,-0.2115,-0.3471,-0.5521,-0.8552,-1.1573,-1.1636,-0.9253,-0.6911,-0.5213,-0.4017,-0.316,-0.2534,-0.2074,-0.1734,-0.1484,-0.1301,-0.1167,-0.107,-0.0998,-0.0944,-0.09,-0.0862,0.0812,0.086,0.0921,0.1,0.1101,0.1229,0.1382,0.1567,0.1851,0.2009,0.155,0.0714,-0.013,-0.0926,-0.1807,-0.2954,-0.4485,-0.632,-0.7868,-0.8111,-0.7085,-0.5706,-0.4478,-0.3503,-0.2762,-0.2209,-0.1803,-0.151,-0.1302,-0.1156,-0.1057,-0.0989,-0.0943,-0.0909,-0.0881,-0.0856,0.0857,0.0911,0.0983,0.1082,0.1228,0.1461,0.1875,0.2692,0.4047,0.44,0.2747,0.1081,-0.0015,-0.0789,-0.1566,-0.2635,-0.4046,-0.5447,-0.6295,-0.6307,-0.5641,-0.4673,-0.3712,-0.2901,-0.2272,-0.1806,-0.1474,-0.1244,-0.1092,-0.0997,-0.0941,-0.0911,-0.0896,-0.0886,-0.0877,-0.0864,0.0888,0.0942,0.1012,0.1108,0.1252,0.1487,0.1934,0.3057,0.6437,0.8089,0.3726,0.109,-0.0115,-0.0754,-0.1363,-0.2547,-0.4518,-0.6582,-0.7328,-0.6551,-0.5244,-0.4006,-0.3003,-0.2249,-0.171,-0.134,-0.1097,-0.0948,-0.0867,-0.0835,-0.0833,-0.0849,-0.0869,-0.0887,-0.0896,-0.0894,0.0907,0.0953,0.1009,0.108,0.1172,0.1306,0.1552,0.202,0.3887,0.5568,0.261,0.0539,-0.0372,-0.0831,-0.1119,-0.2546,-0.5985,-1.0772,-1.1558,-0.8298,-0.5333,-0.3405,-0.2216,-0.1496,-0.1065,-0.0816,-0.0685,-0.0636,-0.0642,-0.0685,-0.0748,-0.0817,-0.0879,-0.0925,-0.0951,-0.0956,0.0918,0.0953,0.0989,0.1022,0.1041,0.1028,0.1034,0.2584,0.0245,0.1614,0.0938,-0.0399,-0.0628,-0.0791,-0.092,-0.2648,-0.7558,-1.7768,-1.7849,-0.9623,-0.4765,-0.2302,-0.1105,-0.0556,-0.0323,-0.0246,-0.0258,-0.0327,-0.0435,-0.0567,-0.0707,-0.0838,-0.0946,-0.102,-0.1058,-0.1062,0.0926,0.095,0.0969,0.0972,0.0936,0.0809,0.0426,-0.0829,-0.0449,0.0719,0.0437,-0.1368,-0.1627,0.2359,-0.0268,-0.3273,-0.7206,-1.2755,-1.3112,-0.681,-0.2288,-0.0147,0.0527,0.0601,0.0493,0.0335,0.0154,-0.0048,-0.0271,-0.0505,-0.0736,-0.0941,-0.1099,-0.1198,-0.1236,-0.1224,0.0936,0.0953,0.0962,0.0953,0.0907,0.0793,0.0569,0.0333,0.0558,0.1028,0.1128,0.0688,0.0905,0.1897,-0.0163,-0.565,-1.0543,-0.7202,-0.511,-0.1363,0.2293,0.3305,0.263,0.1853,0.1285,0.0866,0.0514,0.0177,-0.017,-0.0524,-0.0867,-0.1165,-0.138,-0.1492,-0.1509,-0.1457,0.095,0.0965,0.0973,0.0968,0.0943,0.0896,0.0845,0.0878,0.1123,0.1639,0.2464,0.1989,0.1658,0.1291,-0.0111,-0.4348,-0.7958,-0.3998,-0.0496,0.3339,0.7991,0.7309,0.4562,0.2868,0.1893,0.127,0.079,0.0333,-0.0147,-0.0646,-0.1137,-0.1562,-0.1843,-0.1946,-0.19,-0.1766,0.0969,0.0986,0.0999,0.1006,0.1008,0.1014,0.1046,0.1152,0.1391,0.1828,0.2411,0.2123,0.2215,0.2306,0.118,-0.0208,-0.0827,0.1112,0.3358,0.5274,0.8838,0.7971,0.5145,0.3305,0.2194,0.152,0.101,0.0444,-0.02,-0.0884,-0.1581,-0.2194,-0.2555,-0.2597,-0.2414,-0.2139,0.0993,0.1014,0.1034,0.1054,0.1078,0.1114,0.1179,0.1295,0.1481,0.173,0.1947,0.2063,0.245,0.2661,0.3051,0.3324,0.3071,0.4925,0.6621,0.6128,0.6477,0.6076,0.4683,0.3256,0.2224,0.174,0.1355,0.0572,-0.0343,-0.124,-0.2196,-0.3086,-0.3534,-0.342,-0.3,-0.2527,0.1021,0.1046,0.1073,0.1104,0.1143,0.1195,0.1272,0.1382,0.153,0.1705,0.189,0.2119,0.2507,0.3379,0.6084,0.7187,0.5118,0.5967,0.7253,0.8308,0.7105,0.5751,0.4459,0.3105,0.21,0.2216,0.2216,0.0612,-0.0733,-0.1704,-0.2833,-0.4026,-0.454,-0.4187,-0.3491,-0.2826,0.1049,0.1079,0.1113,0.1152,0.12,0.1262,0.1344,0.145,0.1584,0.1747,0.1951,0.2245,0.276,0.3852,0.5926,0.6632,0.5639,0.6782,1.0685,1.2383,0.8476,0.6209,0.4728,0.3115,0.1664,0.1935,0.2072,-0.0793,-0.1814,-0.2262,-0.3161,-0.4375,-0.4894,-0.4444,-0.365,-0.292,0.1077,0.1112,0.1151,0.1196,0.1251,0.1319,0.1404,0.151,0.1643,0.1809,0.2029,0.2344,0.2836,0.3611,0.4555,0.5072,0.5384,0.6666,0.9073,0.9861,0.804,0.6815,0.5798,0.3707,0.0839,-0.2174,-0.6017,-0.5507,-0.3624,-0.2839,-0.308,-0.386,-0.4282,-0.4001,-0.3386,-0.2767,0.1105,0.1143,0.1186,0.1236,0.1296,0.1368,0.1456,0.1564,0.1697,0.1865,0.2085,0.2381,0.2788,0.3315,0.3883,0.4385,0.4954,0.5866,0.6947,0.745,0.7565,0.8504,0.8566,0.5479,0.0847,-0.4676,-0.9566,-0.7788,-0.4641,-0.314,-0.2832,-0.3107,-0.3344,-0.3233,-0.287,-0.2439,0.113,0.1171,0.1217,0.1271,0.1334,0.1409,0.1499,0.1607,0.174,0.1905,0.2112,0.2377,0.2709,0.3104,0.3535,0.3989,0.4513,0.5156,0.5843,0.6513,0.7673,1.0011,1.071,0.7017,0.1977,-0.2792,-0.5861,-0.5617,-0.4011,-0.2896,-0.2478,-0.2479,-0.256,-0.2511,-0.2316,-0.2046,0.1153,0.1196,0.1245,0.1301,0.1366,0.1442,0.1532,0.164,0.1769,0.1926,0.2117,0.235,0.2627,0.2946,0.33,0.3689,0.4127,0.4626,0.5188,0.5896,0.7029,0.8551,0.8736,0.6278,0.2716,-0.0524,-0.2592,-0.3121,-0.2741,-0.2261,-0.2005,-0.1948,-0.196,-0.193,-0.1824,-0.1662]},{"header":{"la1":42.85,"la2":41.18,"lo1":11.55,"lo2":14.05,"nx":36,"ny":24,"dx":0.07143,"dy":0.07261,"parameterCategory":2,"parameterNumber":3,"parameterNumberName":"northward_wind","parameterUnit":"m.s-1"},"data":[-0.0044,0.0209,0.0492,0.0798,0.111,0.1397,0.1617,0.1727,0.1697,0.1531,0.1267,0.0963,0.0668,0.0418,0.0224,0.0086,-0.0008,-0.0078,-0.0145,-0.0228,-0.0336,-0.0471,-0.0626,-0.0793,-0.0965,-0.1136,-0.1304,-0.1468,-0.1626,-0.1778,-0.1924,-0.2064,-0.2197,-0.2322,-0.2439,-0.2547,0.0022,0.0326,0.0681,0.1087,0.1526,0.196,0.2319,0.2514,0.248,0.2216,0.1798,0.1334,0.0911,0.0578,0.0345,0.0202,0.0128,0.009,0.005,-0.0022,-0.0142,-0.0305,-0.0496,-0.0697,-0.09,-0.1098,-0.1288,-0.1469,-0.1643,-0.181,-0.1969,-0.212,-0.2263,-0.2397,-0.2522,-0.2636,0.0058,0.0413,0.085,0.1382,0.2005,0.2676,0.3288,0.3666,0.3644,0.3201,0.2501,0.1769,0.1156,0.0714,0.0441,0.0309,0.028,0.0306,0.032,0.0265,0.0119,-0.0095,-0.0343,-0.0595,-0.0837,-0.1066,-0.1279,-0.1481,-0.1672,-0.1853,-0.2025,-0.2189,-0.2343,-0.2487,-0.262,-0.2741,0.0046,0.0445,0.0964,0.1642,0.2508,0.3552,0.4639,0.5424,0.5471,0.4671,0.3431,0.2249,0.1364,0.0797,0.0493,0.0396,0.0455,0.0602,0.072,0.0688,0.048,0.0166,-0.0174,-0.0495,-0.0785,-0.1046,-0.1285,-0.1506,-0.1713,-0.191,-0.2097,-0.2274,-0.244,-0.2595,-0.2737,-0.2865,-0.0031,0.0392,0.0973,0.1785,0.2929,0.4503,0.6444,0.8167,0.8473,0.689,0.4576,0.2677,0.1459,0.0783,0.0478,0.0447,0.0647,0.1014,0.1335,0.1325,0.0962,0.0463,-0.0012,-0.0416,-0.0755,-0.1048,-0.1308,-0.1547,-0.1771,-0.1983,-0.2185,-0.2377,-0.2557,-0.2724,-0.2875,-0.3011,-0.0184,0.0229,0.082,0.1698,0.3055,0.5191,0.84,1.209,1.321,0.9872,0.5607,0.2803,0.1326,0.063,0.0376,0.0433,0.0805,0.1503,0.2195,0.2181,0.1497,0.0717,0.0089,-0.0389,-0.0765,-0.1078,-0.1354,-0.1607,-0.1846,-0.2075,-0.2294,-0.2503,-0.2698,-0.2879,-0.3041,-0.3184,-0.0415,-0.0055,0.0471,0.1283,0.2616,0.4938,0.9055,1.512,1.7681,1.1679,0.5436,0.2234,0.0864,0.0333,0.0195,0.0322,0.0786,0.1741,0.2828,0.278,0.1747,0.076,0.0057,-0.0443,-0.0824,-0.1141,-0.1423,-0.1687,-0.1941,-0.2187,-0.2426,-0.2655,-0.2869,-0.3066,-0.324,-0.3391,-0.071,-0.0442,-0.0055,0.0539,0.1519,0.3251,0.6415,1.125,1.3108,0.7768,0.2909,0.0814,0.013,-0.0028,-0.0005,0.0134,0.0495,0.125,0.2151,0.2142,0.1294,0.0462,-0.0142,-0.0582,-0.0931,-0.1232,-0.1512,-0.1784,-0.2054,-0.2322,-0.2586,-0.2839,-0.3077,-0.3293,-0.3481,-0.3639,-0.104,-0.0885,-0.0677,-0.0383,0.0056,0.0728,0.1703,0.2613,0.1993,-0.0077,-0.1078,-0.0971,-0.0584,-0.0267,-0.0093,-0.0012,0.0105,0.0389,0.0745,0.077,0.0403,-0.0051,-0.0444,-0.0772,-0.1063,-0.1338,-0.1612,-0.1893,-0.2183,-0.248,-0.2776,-0.3064,-0.3332,-0.3571,-0.3775,-0.394,-0.1369,-0.1324,-0.1284,-0.126,-0.1285,-0.1444,-0.1995,-0.3587,-0.6694,-0.7851,-0.5002,-0.2356,-0.0874,-0.014,0.0098,0.0025,-0.0157,-0.0281,-0.0289,-0.0284,-0.0371,-0.0536,-0.0737,-0.0955,-0.1187,-0.1437,-0.1709,-0.2006,-0.2326,-0.2663,-0.3006,-0.334,-0.3649,-0.3918,-0.4139,-0.4308,-0.1668,-0.1708,-0.1787,-0.1934,-0.2191,-0.264,-0.3503,-0.5803,-1.2638,-1.5903,-0.7569,-0.2672,-0.0472,0.0539,0.071,0.0306,-0.0301,-0.0848,-0.1073,-0.0999,-0.0889,-0.0868,-0.0937,-0.1077,-0.127,-0.1507,-0.1787,-0.2112,-0.2478,-0.2875,-0.3286,-0.3687,-0.4051,-0.4358,-0.4597,-0.4763,-0.1918,-0.201,-0.2154,-0.2368,-0.2664,-0.2996,-0.3142,-0.3413,-0.8255,-1.1445,-0.5833,-0.1808,0.0344,0.1566,0.1791,0.0742,-0.0493,-0.1796,-0.2112,-0.1596,-0.1185,-0.1004,-0.0993,-0.1099,-0.1282,-0.1525,-0.1828,-0.2198,-0.2634,-0.3122,-0.3634,-0.4131,-0.4574,-0.4929,-0.5182,-0.5334,-0.2112,-0.223,-0.2395,-0.2617,-0.2887,-0.3113,-0.2871,0.0409,-0.474,-0.5093,-0.3072,-0.0822,0.059,0.2399,0.2755,0.0978,-0.0587,-0.3312,-0.3422,-0.1927,-0.1175,-0.0875,-0.0853,-0.0988,-0.1201,-0.1469,-0.1808,-0.2243,-0.2783,-0.341,-0.4078,-0.4721,-0.5274,-0.5687,-0.5943,-0.6055,-0.2256,-0.2379,-0.254,-0.2745,-0.2992,-0.327,-0.3679,-0.5177,-0.5019,-0.357,-0.2052,-0.0417,0.0239,0.1832,0.1407,0.1169,0.0737,-0.1725,-0.2387,-0.1422,-0.0631,-0.0308,-0.0434,-0.0724,-0.1015,-0.1311,-0.1685,-0.2208,-0.2906,-0.375,-0.4664,-0.5533,-0.6244,-0.672,-0.6949,-0.6973,-0.2359,-0.2474,-0.2617,-0.2792,-0.3,-0.325,-0.3578,-0.3909,-0.3678,-0.2926,-0.2211,-0.1419,0.0053,0.1844,0.0795,0.2406,0.5001,0.0995,-0.0856,-0.0423,0.0884,0.1092,0.0331,-0.034,-0.0726,-0.0996,-0.1372,-0.2011,-0.2958,-0.4155,-0.5468,-0.6698,-0.7636,-0.8161,-0.8291,-0.8133,-0.2431,-0.2532,-0.2653,-0.2791,-0.2945,-0.3105,-0.3246,-0.3278,-0.309,-0.281,-0.2815,-0.2834,-0.2248,-0.1029,-0.0654,0.1297,0.3295,0.0211,-0.1366,0.0332,0.4184,0.354,0.1147,-0.0015,-0.0331,-0.0382,-0.0671,-0.1492,-0.2859,-0.4639,-0.6613,-0.8429,-0.9689,-1.0195,-1.0065,-0.9564,-0.2482,-0.2569,-0.2666,-0.2772,-0.2879,-0.2974,-0.3033,-0.3024,-0.2944,-0.288,-0.2928,-0.3172,-0.5284,-0.6298,-0.3236,-0.1947,-0.1785,-0.3582,-0.4665,-0.1361,0.4434,0.3586,0.0916,0.0014,0.0291,0.091,0.0855,-0.037,-0.2504,-0.5222,-0.8267,-1.1046,-1.2732,-1.3012,-1.2312,-1.1225,-0.2521,-0.2594,-0.2674,-0.2755,-0.2833,-0.2897,-0.2939,-0.2952,-0.2956,-0.3004,-0.319,-0.389,-0.6193,-0.6813,-0.5044,-0.4734,-0.4818,-0.7775,-1.0952,-0.5874,-0.1417,-0.0202,-0.0532,-0.0187,0.1437,0.3647,0.4003,0.1619,-0.1893,-0.5919,-1.0518,-1.4792,-1.6951,-1.6556,-1.4834,-1.2913,-0.2553,-0.2616,-0.2683,-0.2749,-0.2812,-0.2868,-0.2914,-0.2957,-0.3017,-0.3138,-0.3402,-0.396,-0.4819,-0.543,-0.6775,-0.7446,-0.6131,-0.7803,-0.9437,-0.6826,-0.4571,-0.2971,-0.2033,-0.055,0.2801,0.8075,0.9103,0.3746,-0.1545,-0.6661,-1.2855,-1.8921,-2.1411,-1.9895,-1.6946,-1.4209,-0.2582,-0.2638,-0.2696,-0.2755,-0.2812,-0.2868,-0.2925,-0.299,-0.3083,-0.3233,-0.3486,-0.3886,-0.4432,-0.5202,-0.6549,-0.6997,-0.6139,-0.6457,-0.6835,-0.6824,-0.5657,-0.4497,-0.3478,-0.167,0.2016,0.8321,0.9625,0.2124,-0.2596,-0.7228,-1.3711,-2.046,-2.3024,-2.1014,-1.7624,-1.4631,-0.2609,-0.2661,-0.2715,-0.277,-0.2826,-0.2885,-0.295,-0.303,-0.3137,-0.3292,-0.3517,-0.3832,-0.4253,-0.481,-0.5432,-0.5696,-0.5646,-0.5876,-0.6283,-0.6354,-0.6005,-0.5941,-0.5533,-0.3913,-0.1672,-0.1048,-0.4962,-0.5063,-0.4924,-0.7467,-1.2365,-1.7716,-2.013,-1.9018,-1.6492,-1.4026,-0.2637,-0.2685,-0.2737,-0.279,-0.2847,-0.2909,-0.298,-0.3067,-0.3178,-0.3326,-0.3523,-0.3779,-0.4097,-0.4465,-0.4818,-0.5059,-0.523,-0.5475,-0.5783,-0.609,-0.6806,-0.8382,-0.876,-0.6617,-0.4775,-0.6037,-0.9623,-0.8159,-0.6455,-0.7452,-1.0382,-1.3752,-1.5698,-1.5612,-1.4321,-1.2726,-0.2664,-0.2711,-0.2761,-0.2814,-0.2872,-0.2936,-0.301,-0.3099,-0.3208,-0.3346,-0.3517,-0.3727,-0.3972,-0.4238,-0.4496,-0.4725,-0.4948,-0.5217,-0.5583,-0.6207,-0.7612,-1.0079,-1.0759,-0.8202,-0.6158,-0.6279,-0.739,-0.7185,-0.6658,-0.724,-0.8885,-1.0847,-1.2219,-1.2565,-1.2094,-1.1228,-0.2691,-0.2737,-0.2786,-0.2839,-0.2897,-0.2962,-0.3037,-0.3125,-0.3229,-0.3356,-0.3506,-0.3682,-0.388,-0.4092,-0.4308,-0.4525,-0.4759,-0.5048,-0.546,-0.6147,-0.7356,-0.8901,-0.9245,-0.7828,-0.6446,-0.606,-0.626,-0.6348,-0.6419,-0.691,-0.7884,-0.9038,-0.995,-1.0359,-1.0273,-0.9861]}]