docs/data/wind_grid.json
[{"header":{"la1":42.85,"la2":41.18,"lo1":11.55,"lo2":14.05,"nx":36,"ny":24,"dx":0.07143,"dy":0.07261,"parameterCategory":2,"parameterNumber":2,"parameterNumberName":"eastward_wind","parameterUnit":"m.s-1"},"data":[2.6014,2.6317,2.6656,2.702,2.739,2.7728,2.7987,2.8117,2.8084,2.7882,2.7543,2.7117,2.6652,2.6183,2.573,2.5307,2.4921,2.4584,2.4305,2.409,2.3932,2.3818,2.373,2.3652,2.3574,2.3491,2.34,2.3303,2.32,2.3094,2.2987,2.2881,2.2778,2.2679,2.2585,2.2497,2.6046,2.6406,2.6829,2.731,2.7827,2.8332,2.875,2.8986,2.8966,2.8681,2.8193,2.7597,2.6975,2.6373,2.581,2.5291,2.482,2.4412,2.4088,2.3862,2.3724,2.3647,2.3598,2.3552,2.3496,2.3424,2.3338,2.324,2.3133,2.3022,2.2908,2.2794,2.2684,2.2578,2.2478,2.2386,2.6018,2.6436,2.6954,2.7582,2.8306,2.9075,2.977,3.0212,3.023,2.9792,2.904,2.8174,2.733,2.6561,2.5867,2.523,2.4643,2.4128,2.3734,2.3501,2.3415,2.3415,2.3436,2.344,2.3414,2.3357,2.3275,2.3175,2.3062,2.2942,2.2819,2.2696,2.2577,2.2463,2.2357,2.226,2.5905,2.6368,2.6981,2.7779,2.8781,2.9957,3.1155,3.2029,3.2148,3.1398,3.0147,2.884,2.7693,2.6729,2.5893,2.5122,2.4373,2.3675,2.315,2.2922,2.296,2.3112,2.3251,2.3327,2.3337,2.3294,2.3213,2.3107,2.2985,2.2854,2.272,2.2586,2.2456,2.2333,2.2219,2.2116,2.5673,2.615,2.6832,2.7797,2.9129,3.0888,3.2977,3.4809,3.5216,3.3754,3.1517,2.9524,2.8006,2.685,2.5894,2.4991,2.4024,2.2992,2.2178,2.1981,2.2315,2.2756,2.3072,2.3234,2.3277,2.3242,2.3155,2.3038,2.2902,2.2756,2.2607,2.2459,2.2316,2.2182,2.2059,2.1951,2.5291,2.5724,2.641,2.7481,2.9114,3.154,3.4966,3.8795,4.0018,3.6883,3.2876,3.0028,2.8176,2.6893,2.588,2.4904,2.3713,2.2135,2.0681,2.0591,2.1557,2.2448,2.2963,2.3194,2.325,2.3205,2.3102,2.2965,2.281,2.2645,2.2477,2.2312,2.2153,2.2006,2.1874,2.1759,2.4736,2.5032,2.5602,2.6642,2.8409,3.1257,3.5757,4.1961,4.4548,3.8979,3.335,3.0068,2.8123,2.6833,2.5855,2.4936,2.3718,2.1721,1.9459,1.9522,2.1198,2.2417,2.3012,2.3236,2.3262,2.3183,2.305,2.2886,2.2706,2.2517,2.2327,2.214,2.1962,2.18,2.1656,2.1534,2.4011,2.4036,2.4297,2.5091,2.6765,2.9549,3.3628,3.8737,4.0709,3.6555,3.2324,2.9628,2.7882,2.6666,2.5757,2.5032,2.4179,2.2669,2.0819,2.0706,2.1928,2.2841,2.3254,2.336,2.3304,2.3167,2.2991,2.2794,2.2584,2.2368,2.215,2.1936,2.1735,2.1553,2.1396,2.1267,2.3169,2.2758,2.2409,2.2613,2.4088,2.6844,3.0094,3.2996,3.4234,3.3281,3.1221,2.9171,2.7628,2.6437,2.5406,2.4845,2.4669,2.4152,2.3352,2.3045,2.3294,2.355,2.3614,2.3523,2.3348,2.3137,2.2912,2.2681,2.2441,2.2192,2.1939,2.1691,2.146,2.1254,2.1082,2.0948,2.2355,2.1387,2.003,1.8963,2.0238,2.3927,2.7467,3.0539,3.3649,3.4446,3.1647,2.9034,2.7545,2.6382,2.4589,2.3745,2.4832,2.5288,2.5157,2.4818,2.4512,2.4243,2.3962,2.3658,2.3352,2.3065,2.28,2.2541,2.2271,2.1983,2.1686,2.1393,2.1121,2.0886,2.0697,2.056,2.1798,2.0414,1.8074,1.5152,1.6057,2.1691,2.5687,2.9203,3.712,4.0899,3.2723,2.883,2.7727,2.7219,2.5234,2.3868,2.552,2.6651,2.6897,2.6295,2.5485,2.479,2.4212,2.3703,2.3265,2.2917,2.2639,2.2373,2.2075,2.1739,2.1379,2.1022,2.0695,2.0422,2.0216,2.0082,2.1673,2.0362,1.8216,1.5652,1.6643,2.1569,2.4116,2.507,3.0893,3.542,3.0435,2.8061,2.809,2.939,2.8297,2.6604,2.7169,2.943,2.9848,2.7929,2.6263,2.5157,2.433,2.3621,2.3037,2.2657,2.2428,2.2188,2.1859,2.1449,2.0996,2.0545,2.0142,1.9821,1.9602,1.9484,2.1916,2.1054,1.9961,1.9234,2.0265,2.2431,2.3151,2.2167,2.3883,2.7051,2.7204,2.7523,2.7879,3.0019,2.91,2.7028,2.8124,3.3913,3.3981,2.9089,2.6614,2.5326,2.436,2.3439,2.2644,2.227,2.2198,2.2014,2.1626,2.1097,2.05,1.991,1.9398,1.902,1.8799,1.8726,2.2294,2.1854,2.1474,2.146,2.2067,2.2872,2.3096,2.2734,2.3295,2.4471,2.5132,2.7978,2.8639,2.3392,2.5508,2.5719,2.6717,3.0462,3.1064,2.8034,2.6401,2.5469,2.4475,2.3339,2.2297,2.1943,2.2049,2.1864,2.1353,2.0639,1.9825,1.9024,1.8358,1.7918,1.7728,1.7753,2.2623,2.2425,2.232,2.2411,2.2705,2.302,2.3141,2.3102,2.3032,2.2548,2.1959,2.2665,2.28,2.0332,2.3242,2.4539,2.5079,2.5775,2.6341,2.6271,2.6628,2.6248,2.4927,2.3552,2.2495,2.2092,2.2036,2.169,2.0989,2.0013,1.8868,1.7735,1.6841,1.6351,1.6274,1.6505,2.2845,2.2751,2.2721,2.2775,2.289,2.2979,2.2949,2.2715,2.2053,2.0391,1.7432,1.772,1.9305,2.085,2.2037,2.3482,2.4322,2.3639,2.3584,2.5524,2.9261,2.8439,2.5591,2.3843,2.2875,2.2381,2.2031,2.1468,2.0529,1.9175,1.7491,1.5788,1.4543,1.4069,1.4296,1.4931,2.2968,2.2909,2.2882,2.2883,2.2885,2.2837,2.2664,2.2258,2.1417,1.9806,1.7637,1.8104,1.7603,1.726,2.0238,2.1476,2.1568,2.0137,1.9352,2.317,2.9431,2.8434,2.5299,2.3711,2.2952,2.2539,2.2111,2.1358,2.0091,1.8156,1.554,1.2777,1.0962,1.0735,1.1679,1.3052,2.302,2.2967,2.2923,2.2878,2.281,2.268,2.2435,2.2004,2.1308,2.0346,1.9455,1.8923,1.7364,1.7028,1.9036,1.949,1.9163,1.5563,1.1592,1.7914,2.3079,2.4414,2.3787,2.3161,2.2892,2.2919,2.2662,2.161,1.9855,1.7118,1.2979,0.8233,0.5527,0.6173,0.8568,1.1085,2.3027,2.2968,2.2906,2.283,2.2721,2.2554,2.2296,2.1915,2.1398,2.0789,2.0202,1.9646,1.902,1.8738,1.7999,1.7524,1.8202,1.5703,1.3498,1.6705,1.9721,2.1769,2.2485,2.2625,2.2906,2.39,2.4064,2.2111,1.9819,1.6432,1.0475,0.2722,-0.1095,0.1381,0.582,0.9569,2.3009,2.2943,2.2867,2.2771,2.2643,2.2467,2.2225,2.1905,2.1513,2.1078,2.0638,2.0206,1.9774,1.9251,1.8266,1.7904,1.8371,1.7521,1.6429,1.6161,1.8741,2.0964,2.2,2.2293,2.2559,2.3855,2.4161,2.1453,1.9707,1.671,1.016,0.0642,-0.3833,-0.0289,0.5041,0.9202,2.2978,2.2906,2.2821,2.2717,2.2584,2.2413,2.2195,2.1929,2.162,2.1283,2.0938,2.0589,2.0222,1.9788,1.9299,1.9064,1.8993,1.8515,1.7703,1.7733,1.9678,2.1661,2.2506,2.2325,2.167,2.0507,1.8056,1.8643,1.9848,1.8483,1.342,0.5795,0.1581,0.3279,0.6979,1.0241,2.2942,2.2867,2.2778,2.2672,2.2541,2.2382,2.219,2.1965,2.1714,2.1444,2.1164,2.088,2.0586,2.028,1.9999,1.9809,1.9669,1.9472,1.9365,1.9909,2.1566,2.3699,2.4313,2.3067,2.136,1.8788,1.5382,1.7839,2.2209,2.2157,1.8341,1.3021,0.9392,0.8948,1.0364,1.2185,2.2907,2.283,2.2741,2.2637,2.2513,2.2367,2.2198,2.2007,2.1798,2.1576,2.1348,2.1118,2.0889,2.0671,2.0483,2.0349,2.0271,2.0272,2.0493,2.1235,2.2849,2.5146,2.5729,2.3819,2.1845,2.0126,1.9347,2.2757,2.8257,2.6917,2.2454,1.8043,1.4911,1.3566,1.3592,1.4285,2.2873,2.2798,2.2711,2.261,2.2495,2.2363,2.2215,2.2051,2.1875,2.1691,2.1503,2.1318,2.114,2.098,2.085,2.0767,2.0752,2.0846,2.1145,2.1799,2.2929,2.425,2.4559,2.3493,2.2268,2.1577,2.2165,2.5334,2.9097,2.7793,2.4003,2.053,1.8003,1.6556,1.6024,1.6086]},{"header":{"la1":42.85,"la2":41.18,"lo1":11.55,"lo2":14.05,"nx":36,"ny":24,"dx":0.07143,"dy":0.07261,"parameterCategory":2,"parameterNumber":3,"parameterNumberName":"northward_wind","parameterUnit":"m.s-1"},"data":[1.7746,1.7863,1.8016,1.8206,1.8433,1.8694,1.8986,1.9308,1.9665,2.0061,2.0503,2.0989,2.1512,2.206,2.2614,2.315,2.3628,2.3999,2.4203,2.4199,2.3979,2.3576,2.3047,2.2453,2.1842,2.1249,2.0694,2.0189,1.9737,1.9337,1.8988,1.8685,1.8422,1.8196,1.8002,1.7835,1.7497,1.7608,1.7764,1.7968,1.8218,1.8508,1.8831,1.9183,1.9571,2.0008,2.051,2.108,2.1711,2.2389,2.3097,2.3808,2.4478,2.5026,2.5346,2.535,2.5024,2.4434,2.3691,2.2893,2.2109,2.1378,2.0718,2.0135,1.9628,1.9192,1.8819,1.8502,1.8234,1.8007,1.7815,1.7653,1.7195,1.7294,1.7452,1.7673,1.7955,1.8287,1.8652,1.9036,1.9446,1.9914,2.0475,2.1142,2.1903,2.274,2.3639,2.4588,2.5548,2.6403,2.694,2.6959,2.643,2.5517,2.4436,2.335,2.2342,2.1446,2.0669,2.0006,1.9447,1.8979,1.859,1.8267,1.8,1.7779,1.7596,1.7444,1.6827,1.6902,1.7056,1.7298,1.7629,1.8032,1.847,1.89,1.9314,1.9779,2.0387,2.1165,2.2085,2.3109,2.4232,2.5483,2.6881,2.8289,2.9271,2.9313,2.8363,2.6858,2.5249,2.3768,2.2487,2.1408,2.0511,1.9773,1.9171,1.8683,1.8289,1.7972,1.7716,1.751,1.7343,1.7207,1.6375,1.6406,1.6541,1.6806,1.7209,1.7735,1.8324,1.886,1.925,1.9625,2.0239,2.1148,2.2264,2.3503,2.4859,2.6437,2.8434,3.0846,3.281,3.2864,3.0963,2.8387,2.6004,2.4039,2.2463,2.1203,2.02,1.9404,1.8777,1.8287,1.7906,1.7609,1.7378,1.7197,1.7054,1.6941,1.5819,1.5766,1.585,1.6124,1.6621,1.7337,1.8225,1.9078,1.9449,1.9508,2.0027,2.1098,2.2472,2.3965,2.5526,2.7326,2.9894,3.3843,3.7865,3.7817,3.3916,2.9702,2.6424,2.3995,2.2165,2.0762,1.9684,1.886,1.8238,1.7775,1.743,1.7174,1.6984,1.684,1.6731,1.6648,1.514,1.4931,1.489,1.5129,1.5716,1.6649,1.7922,1.9398,1.9937,1.9361,1.9699,2.1017,2.2765,2.4606,2.6361,2.8103,3.0596,3.5447,4.1777,4.1478,3.5366,2.9911,2.6123,2.3455,2.149,2.0012,1.8908,1.8101,1.7528,1.7129,1.6854,1.6666,1.6535,1.6443,1.6379,1.6333,1.4332,1.3846,1.3527,1.3616,1.4275,1.5398,1.6774,1.8286,1.892,1.8394,1.9012,2.0858,2.3199,2.5631,2.7802,2.9255,3.0489,3.3406,3.789,3.7773,3.2978,2.8347,2.4902,2.2332,2.0368,1.8884,1.7811,1.7082,1.6618,1.6338,1.6177,1.6087,1.6038,1.6014,1.6003,1.6,1.3443,1.2497,1.1589,1.1234,1.2005,1.3539,1.4824,1.5439,1.5398,1.5616,1.7506,2.0518,2.3759,2.72,3.0768,3.228,3.1092,3.0546,3.1273,3.0902,2.8589,2.5696,2.3011,2.0686,1.876,1.7294,1.6308,1.5744,1.5481,1.5399,1.5407,1.5452,1.5508,1.5563,1.5613,1.5658,1.2627,1.1057,0.9067,0.7499,0.8465,1.1403,1.3087,1.2598,1.02,0.9921,1.4806,2.0082,2.4307,2.8705,3.588,3.9265,3.2902,2.9003,2.7514,2.6527,2.5076,2.3115,2.0887,1.8621,1.6587,1.5082,1.4257,1.4008,1.4098,1.4324,1.457,1.4787,1.4966,1.5108,1.5223,1.5317,1.2159,1.0096,0.6936,0.3292,0.4231,0.9901,1.2542,1.1409,0.423,0.0372,1.2305,2.0279,2.4892,2.8482,3.4959,3.9333,3.1678,2.7122,2.514,2.4038,2.2789,2.1042,1.8775,1.6139,1.3602,1.1897,1.1403,1.1784,1.2484,1.3167,1.3718,1.4135,1.4443,1.4674,1.485,1.4989,1.228,1.031,0.7336,0.3988,0.5112,1.0746,1.3464,1.3526,0.9389,0.6439,1.4999,2.1735,2.587,2.8681,2.9234,2.9614,2.7245,2.4201,2.2952,2.2429,2.1296,1.9442,1.6755,1.3146,0.929,0.7048,0.7388,0.9066,1.0761,1.2047,1.2941,1.3554,1.3979,1.4284,1.451,1.4686,1.2936,1.157,0.9925,0.8819,1.0048,1.2855,1.4453,1.49,1.4564,1.5074,1.9117,2.3564,2.6064,2.9119,2.8517,2.6671,2.4733,2.162,2.1316,2.1467,2.0261,1.8227,1.5029,0.9874,0.3241,-0.0184,0.2255,0.6279,0.9279,1.1175,1.2354,1.3109,1.3613,1.3965,1.4222,1.4419,1.3828,1.3074,1.2421,1.2304,1.3094,1.4294,1.5,1.5113,1.5571,1.7549,2.0702,2.4866,2.6147,2.6053,2.5864,2.5346,2.4555,2.2482,2.1592,2.085,1.9345,1.7368,1.4127,0.7913,-0.1796,-0.6772,-0.1465,0.4781,0.8617,1.0784,1.2057,1.2851,1.3375,1.3737,1.3999,1.42,1.4694,1.4336,1.4136,1.4255,1.4729,1.5335,1.5797,1.6185,1.7037,1.8512,2.0002,2.1772,2.329,2.3179,2.4099,2.5324,2.7081,2.392,2.1714,1.9954,1.8199,1.6798,1.4373,0.9219,0.1244,-0.3081,0.0869,0.5928,0.9115,1.0951,1.2066,1.2792,1.3283,1.3621,1.3858,1.4038,1.5425,1.5283,1.527,1.5438,1.5777,1.6205,1.6658,1.7198,1.7927,1.8492,1.7905,1.9084,2.0341,2.1909,2.2536,2.4149,2.5702,2.3274,2.1115,1.8867,1.6595,1.6311,1.5084,1.1938,0.7925,0.5659,0.6626,0.8695,1.0335,1.1466,1.2289,1.2912,1.3357,1.3642,1.3817,1.3942,1.6006,1.5979,1.6046,1.6227,1.6512,1.6876,1.73,1.7789,1.828,1.847,1.7996,1.877,1.8763,1.8587,2.0321,2.1289,2.1919,2.1687,2.102,1.8902,1.6382,1.6251,1.5471,1.3641,1.1814,1.0864,1.0822,1.1108,1.1483,1.1974,1.2586,1.3209,1.3655,1.3853,1.39,1.3915,1.6457,1.6491,1.6594,1.6775,1.7028,1.7344,1.7707,1.8096,1.8448,1.8659,1.8742,1.8837,1.8257,1.7987,1.8043,1.8027,1.9615,2.1645,2.3356,2.0082,1.7635,1.6521,1.5452,1.4226,1.3444,1.3434,1.3338,1.2627,1.2109,1.2195,1.2851,1.3754,1.4315,1.4323,1.4108,1.394,1.6804,1.6868,1.6985,1.7156,1.738,1.7647,1.7944,1.8245,1.8513,1.8703,1.8798,1.8747,1.8407,1.753,1.4468,1.3195,1.7488,2.0396,2.1465,1.8601,1.7313,1.6123,1.4947,1.4036,1.3964,1.5282,1.5568,1.3382,1.1997,1.1915,1.2949,1.4561,1.5358,1.4965,1.4338,1.3944,1.7065,1.7144,1.7261,1.7418,1.7611,1.7832,1.8067,1.8298,1.8496,1.8633,1.8674,1.8558,1.815,1.707,1.4744,1.408,1.6754,1.8128,1.6935,1.6099,1.6225,1.4964,1.3733,1.3102,1.3356,1.5261,1.5719,1.2259,1.0766,1.0847,1.2406,1.4814,1.5873,1.5175,1.4301,1.3806,1.7261,1.7342,1.7453,1.7591,1.7753,1.7932,1.8116,1.8288,1.8429,1.8513,1.8509,1.8368,1.8011,1.7337,1.6493,1.6314,1.6944,1.7202,1.6644,1.6044,1.4789,1.2574,1.125,1.1275,1.1458,1.091,0.866,0.8415,0.8272,0.8601,1.0512,1.3151,1.4511,1.4296,1.376,1.3444,1.7402,1.7481,1.7581,1.7699,1.7833,1.7974,1.8114,1.8239,1.8333,1.8376,1.8344,1.8211,1.7948,1.7564,1.7177,1.6981,1.6926,1.6681,1.6037,1.4801,1.2127,0.8061,0.6708,0.872,0.9651,0.8354,0.6227,0.6239,0.4447,0.4607,0.7308,1.0281,1.2119,1.2753,1.287,1.2915,1.7502,1.7574,1.766,1.7759,1.7867,1.7976,1.8079,1.8165,1.8222,1.8234,1.8187,1.8066,1.7865,1.7599,1.7313,1.7038,1.6716,1.6187,1.5237,1.3455,0.9994,0.4902,0.3582,0.703,0.8712,0.8011,0.6446,0.326,-0.2213,-0.0597,0.4075,0.7792,1.0107,1.1346,1.1987,1.2372,1.7568,1.7631,1.7704,1.7784,1.7868,1.795,1.8022,1.8077,1.8104,1.8093,1.8034,1.7918,1.7741,1.7511,1.7233,1.6897,1.6449,1.5777,1.4706,1.2943,1.0168,0.6975,0.6071,0.7687,0.8604,0.7918,0.5871,0.162,-0.3084,-0.1442,0.3035,0.6621,0.898,1.0441,1.1346,1.1943]}]