docs/data/wind_grid.json
{"header": {"la1":42.1,"la2":41.55,"lo1":12.1,"lo2":12.95,"nx":50,"ny":50,"dx":0.01735,"dy":0.01122,"parameterCategory":2,"parameterNumber":2,"parameterNumberName":"eastward_wind","parameterUnit":"m.s-1"}, "data":
[rows 0 to 40 of 50, columns 0 to 49 of 50]
-0.2652,-0.2661,-0.2675,-0.2694,-0.2719,-0.275,-0.2787,-0.2831,-0.2881,-0.2939,-0.3004,-0.3077,-0.3158,-0.3248,-0.3347,-0.3459,-0.3584,-0.3724,-0.3885,-0.407,-0.4284,-0.4534,-0.4826,-0.5168,-0.5567,-0.6031,-0.6565,-0.7177,-0.787,-0.8647,-0.9505,-1.0441,-1.1443,-1.2493,-1.3565,-1.4624,-1.5632,-1.6547,-1.7331,-1.7953,-1.8397,-1.866,-1.8752,-1.8695,-1.8515,-1.8239,-1.7894,-1.7503,-1.7085,-1.6655
-0.2577,-0.2583,-0.2595,-0.2611,-0.2634,-0.2663,-0.2698,-0.2739,-0.2788,-0.2844,-0.2907,-0.2977,-0.3056,-0.3142,-0.3239,-0.3346,-0.3465,-0.36,-0.3755,-0.3933,-0.4141,-0.4386,-0.4674,-0.5015,-0.5416,-0.5886,-0.6433,-0.7064,-0.7784,-0.8598,-0.9504,-1.0499,-1.1573,-1.2705,-1.3869,-1.5026,-1.6128,-1.7128,-1.7978,-1.8644,-1.9104,-1.9358,-1.942,-1.9317,-1.9081,-1.8745,-1.834,-1.7892,-1.7422,-1.6945
-0.25,-0.2504,-0.2513,-0.2527,-0.2547,-0.2574,-0.2607,-0.2647,-0.2693,-0.2747,-0.2808,-0.2877,-0.2953,-0.3036,-0.3129,-0.3231,-0.3346,-0.3474,-0.3622,-0.3793,-0.3993,-0.4231,-0.4514,-0.4851,-0.5253,-0.5728,-0.6286,-0.6936,-0.7682,-0.8532,-0.9486,-1.0542,-1.169,-1.2912,-1.4175,-1.5438,-1.6647,-1.7741,-1.8666,-1.9379,-1.9855,-2.0096,-2.012,-1.9963,-1.9662,-1.9259,-1.8788,-1.8278,-1.7752,-1.7226
-0.2423,-0.2424,-0.243,-0.2442,-0.2459,-0.2484,-0.2515,-0.2553,-0.2598,-0.265,-0.2709,-0.2775,-0.2849,-0.293,-0.3019,-0.3116,-0.3225,-0.3347,-0.3487,-0.3649,-0.3841,-0.407,-0.4346,-0.4678,-0.5079,-0.5558,-0.6125,-0.6791,-0.7563,-0.8448,-0.9449,-1.0566,-1.1791,-1.3106,-1.4477,-1.5857,-1.7183,-1.8384,-1.9392,-2.0156,-2.0647,-2.0869,-2.0848,-2.0626,-2.0252,-1.9773,-1.923,-1.8654,-1.807,-1.7493
-0.2344,-0.2342,-0.2345,-0.2354,-0.237,-0.2392,-0.2421,-0.2457,-0.25,-0.2551,-0.2609,-0.2673,-0.2745,-0.2823,-0.2908,-0.3002,-0.3104,-0.3219,-0.335,-0.3503,-0.3684,-0.3903,-0.417,-0.4497,-0.4894,-0.5375,-0.595,-0.663,-0.7425,-0.8343,-0.939,-1.0568,-1.187,-1.3281,-1.4767,-1.6274,-1.773,-1.905,-2.0151,-2.097,-2.1476,-2.1672,-2.1595,-2.1299,-2.0843,-2.0281,-1.9661,-1.9016,-1.8371,-1.7743
-0.2264,-0.2259,-0.226,-0.2266,-0.2279,-0.2299,-0.2325,-0.236,-0.2402,-0.2451,-0.2507,-0.2571,-0.264,-0.2716,-0.2798,-0.2887,-0.2984,-0.3092,-0.3213,-0.3355,-0.3525,-0.3733,-0.3989,-0.4307,-0.47,-0.518,-0.576,-0.6452,-0.7268,-0.8216,-0.9306,-1.0541,-1.1921,-1.343,-1.5035,-1.6678,-1.8277,-1.9729,-2.0934,-2.1814,-2.2331,-2.2495,-2.2353,-2.1972,-2.1424,-2.0774,-2.0071,-1.9355,-1.8649,-1.797
-0.2183,-0.2175,-0.2172,-0.2176,-0.2186,-0.2203,-0.2228,-0.2261,-0.2302,-0.235,-0.2405,-0.2467,-0.2536,-0.261,-0.2689,-0.2774,-0.2865,-0.2965,-0.3077,-0.3208,-0.3365,-0.3559,-0.3803,-0.411,-0.4496,-0.4974,-0.5557,-0.6259,-0.7092,-0.8067,-0.9194,-1.0483,-1.1936,-1.3541,-1.5268,-1.7056,-1.8809,-2.0407,-2.1727,-2.2672,-2.32,-2.3324,-2.3106,-2.2631,-2.1984,-2.1239,-2.0453,-1.9664,-1.8898,-1.817
-0.2101,-0.2089,-0.2084,-0.2084,-0.2092,-0.2106,-0.2129,-0.216,-0.22,-0.2247,-0.2302,-0.2364,-0.2431,-0.2504,-0.2581,-0.2662,-0.2748,-0.284,-0.2942,-0.3061,-0.3204,-0.3383,-0.3613,-0.3908,-0.4284,-0.4758,-0.5342,-0.6051,-0.6898,-0.7894,-0.9054,-1.0389,-1.1907,-1.3604,-1.5451,-1.7387,-1.9305,-2.1062,-2.2508,-2.3525,-2.4061,-2.4138,-2.3835,-2.3257,-2.2506,-2.1664,-2.0793,-1.9934,-1.9111,-1.8336
-0.2018,-0.2003,-0.1993,-0.1991,-0.1995,-0.2008,-0.2028,-0.2058,-0.2096,-0.2143,-0.2197,-0.2259,-0.2327,-0.2399,-0.2475,-0.2553,-0.2634,-0.2719,-0.2811,-0.2916,-0.3044,-0.3207,-0.3421,-0.3702,-0.4067,-0.4534,-0.5118,-0.5831,-0.6687,-0.7699,-0.8883,-1.0254,-1.1827,-1.3604,-1.5566,-1.765,-1.9739,-2.1666,-2.3249,-2.4343,-2.4885,-2.4909,-2.4515,-2.3829,-2.297,-2.2033,-2.1081,-2.0155,-1.928,-1.8464
-0.1934,-0.1915,-0.1902,-0.1895,-0.1897,-0.1906,-0.1925,-0.1953,-0.199,-0.2037,-0.2092,-0.2154,-0.2222,-0.2295,-0.237,-0.2446,-0.2523,-0.2601,-0.2683,-0.2776,-0.2888,-0.3033,-0.3229,-0.3494,-0.3847,-0.4306,-0.4886,-0.56,-0.6462,-0.7483,-0.8681,-1.0076,-1.1688,-1.353,-1.5592,-1.7816,-2.0077,-2.2181,-2.391,-2.5085,-2.5635,-2.5602,-2.5113,-2.432,-2.3357,-2.2329,-2.1303,-2.0319,-1.9398,-1.8549
-0.1848,-0.1825,-0.1808,-0.1798,-0.1796,-0.1803,-0.1819,-0.1845,-0.1882,-0.1928,-0.1984,-0.2048,-0.2117,-0.2191,-0.2267,-0.2342,-0.2416,-0.2489,-0.2562,-0.2641,-0.2737,-0.2863,-0.3039,-0.3287,-0.3626,-0.4075,-0.4651,-0.5364,-0.6226,-0.7249,-0.845,-0.9852,-1.1483,-1.3367,-1.5508,-1.7856,-2.0279,-2.2561,-2.4441,-2.5703,-2.6261,-2.6174,-2.5594,-2.47,-2.3644,-2.2537,-2.1448,-2.0417,-1.946,-1.8585
-0.1762,-0.1734,-0.1713,-0.1699,-0.1693,-0.1696,-0.171,-0.1735,-0.1771,-0.1817,-0.1874,-0.194,-0.2012,-0.2088,-0.2166,-0.2242,-0.2315,-0.2383,-0.2448,-0.2515,-0.2594,-0.27,-0.2855,-0.3084,-0.3407,-0.3847,-0.4415,-0.5124,-0.5983,-0.7,-0.8192,-0.9583,-1.1209,-1.3106,-1.5293,-1.7736,-2.0303,-2.2753,-2.4782,-2.6135,-2.6708,-2.6575,-2.5917,-2.4938,-2.3806,-2.2638,-2.1504,-2.0439,-1.946,-1.8569
-0.1674,-0.1642,-0.1616,-0.1597,-0.1587,-0.1587,-0.1598,-0.1621,-0.1656,-0.1703,-0.1762,-0.183,-0.1906,-0.1986,-0.2067,-0.2145,-0.2218,-0.2284,-0.2342,-0.2398,-0.2461,-0.2547,-0.2681,-0.2888,-0.3196,-0.3623,-0.4185,-0.4888,-0.5738,-0.6741,-0.791,-0.9271,-1.0863,-1.2738,-1.4932,-1.7428,-2.0104,-2.27,-2.487,-2.6314,-2.6913,-2.6753,-2.6041,-2.5005,-2.3824,-2.262,-2.1461,-2.0381,-1.9393,-1.8498
-0.1586,-0.1548,-0.1517,-0.1493,-0.1479,-0.1475,-0.1482,-0.1503,-0.1537,-0.1585,-0.1646,-0.1718,-0.1798,-0.1883,-0.1969,-0.2051,-0.2126,-0.2192,-0.2247,-0.2294,-0.2343,-0.2409,-0.2519,-0.2705,-0.2996,-0.3411,-0.3963,-0.4658,-0.5496,-0.6478,-0.7612,-0.892,-1.0449,-1.2261,-1.4413,-1.6911,-1.9647,-2.2351,-2.4641,-2.6177,-2.6819,-2.666,-2.5931,-2.4875,-2.3681,-2.2471,-2.1312,-2.0237,-1.9257,-1.8371
-0.1496,-0.1453,-0.1416,-0.1387,-0.1367,-0.1358,-0.1363,-0.1381,-0.1414,-0.1463,-0.1526,-0.1602,-0.1687,-0.1779,-0.1871,-0.196,-0.204,-0.2108,-0.2162,-0.2204,-0.2241,-0.2289,-0.2376,-0.2539,-0.2811,-0.3213,-0.3756,-0.4441,-0.5263,-0.6217,-0.7302,-0.8538,-0.9973,-1.168,-1.3736,-1.6175,-1.8908,-2.1669,-2.405,-2.5673,-2.6378,-2.6261,-2.5562,-2.4534,-2.3368,-2.2186,-2.1055,-2.0007,-1.9051,-1.8187
-0.1406,-0.1357,-0.1313,-0.1278,-0.1252,-0.1238,-0.1238,-0.1254,-0.1286,-0.1335,-0.1401,-0.1481,-0.1573,-0.1673,-0.1773,-0.187,-0.1957,-0.203,-0.2088,-0.213,-0.2161,-0.2193,-0.2257,-0.2396,-0.2648,-0.3035,-0.3567,-0.424,-0.5044,-0.5963,-0.6989,-0.8134,-0.9446,-1.1006,-1.2913,-1.5227,-1.7888,-2.0643,-2.3074,-2.4777,-2.5571,-2.5541,-2.4927,-2.3977,-2.2883,-2.1767,-2.0693,-1.9693,-1.8778,-1.7949
-0.1315,-0.1259,-0.1209,-0.1167,-0.1134,-0.1114,-0.1109,-0.112,-0.1151,-0.1201,-0.127,-0.1356,-0.1455,-0.1563,-0.1674,-0.178,-0.1876,-0.1957,-0.2022,-0.207,-0.2103,-0.2127,-0.2168,-0.228,-0.2509,-0.288,-0.3399,-0.406,-0.4844,-0.5724,-0.668,-0.7717,-0.888,-1.0258,-1.1967,-1.4095,-1.6616,-1.9299,-2.1734,-2.3506,-2.4411,-2.4515,-2.4037,-2.3217,-2.2239,-2.1221,-2.023,-1.93,-1.8442,-1.766
-0.1224,-0.116,-0.1103,-0.1053,-0.1013,-0.0986,-0.0974,-0.0981,-0.1009,-0.1059,-0.1131,-0.1223,-0.1331,-0.145,-0.1571,-0.1689,-0.1795,-0.1886,-0.1961,-0.2022,-0.2068,-0.2094,-0.2114,-0.2194,-0.2396,-0.2749,-0.3255,-0.3903,-0.4665,-0.5502,-0.6383,-0.73,-0.8294,-0.9461,-1.0934,-1.2827,-1.5147,-1.77,-2.0095,-2.192,-2.2953,-2.3226,-2.293,-2.2281,-2.1454,-2.0565,-1.968,-1.8836,-1.8049,-1.7324
-0.1132,-0.1061,-0.0995,-0.0936,-0.0888,-0.0852,-0.0833,-0.0834,-0.0859,-0.0909,-0.0984,-0.1083,-0.12,-0.133,-0.1464,-0.1594,-0.1712,-0.1813,-0.1898,-0.1974,-0.2047,-0.2091,-0.2093,-0.2134,-0.2307,-0.2641,-0.3134,-0.3769,-0.4509,-0.5304,-0.6105,-0.6894,-0.7707,-0.8645,-0.9857,-1.1484,-1.3565,-1.5942,-1.826,-2.0119,-2.1282,-2.1744,-2.1657,-2.1209,-2.0559,-1.9818,-1.9057,-1.8313,-1.7607,-1.6949
-0.1041,-0.0961,-0.0886,-0.0818,-0.0759,-0.0714,-0.0686,-0.068,-0.07,-0.0748,-0.0827,-0.0933,-0.1061,-0.1204,-0.1352,-0.1495,-0.1625,-0.1735,-0.1826,-0.1912,-0.2012,-0.2092,-0.208,-0.2083,-0.2231,-0.255,-0.3034,-0.3658,-0.4378,-0.5131,-0.5852,-0.6511,-0.7139,-0.7843,-0.8789,-1.0141,-1.1966,-1.4143,-1.6354,-1.8223,-1.9504,-2.0155,-2.0284,-2.0047,-1.9586,-1.9007,-1.8379,-1.7744,-1.7127,-1.654
-0.095,-0.0861,-0.0777,-0.0698,-0.0628,-0.0571,-0.0532,-0.0517,-0.053,-0.0577,-0.0659,-0.0773,-0.0913,-0.1071,-0.1233,-0.1391,-0.1533,-0.165,-0.174,-0.1817,-0.1917,-0.2022,-0.2014,-0.2006,-0.2152,-0.2471,-0.2951,-0.3569,-0.4272,-0.4984,-0.5629,-0.6161,-0.6609,-0.709,-0.7783,-0.8872,-1.0447,-1.2418,-1.4502,-1.6354,-1.7726,-1.8545,-1.8877,-1.8846,-1.8573,-1.8156,-1.7664,-1.7142,-1.6617,-1.6105
-0.086,-0.0762,-0.0667,-0.0576,-0.0493,-0.0423,-0.0371,-0.0344,-0.0349,-0.0393,-0.0477,-0.0601,-0.0756,-0.093,-0.1109,-0.1281,-0.1436,-0.1558,-0.164,-0.1686,-0.1724,-0.1778,-0.1807,-0.187,-0.2059,-0.2397,-0.2884,-0.3499,-0.4188,-0.4865,-0.5438,-0.5854,-0.6139,-0.6417,-0.6887,-0.7744,-0.9093,-1.0864,-1.2809,-1.4615,-1.604,-1.6991,-1.7498,-1.765,-1.7552,-1.7291,-1.6932,-1.6521,-1.6088,-1.5653
-0.0772,-0.0664,-0.0557,-0.0453,-0.0356,-0.0271,-0.0203,-0.0162,-0.0155,-0.0193,-0.0281,-0.0416,-0.0589,-0.0783,-0.098,-0.1168,-0.1334,-0.1464,-0.1537,-0.1541,-0.1476,-0.1407,-0.149,-0.1688,-0.1955,-0.2329,-0.2831,-0.3448,-0.4125,-0.4771,-0.5283,-0.5598,-0.5744,-0.5856,-0.6143,-0.681,-0.7964,-0.9548,-1.1345,-1.3074,-1.4512,-1.555,-1.6192,-1.65,-1.6555,-1.6434,-1.6199,-1.5894,-1.5551,-1.519
-0.0686,-0.0567,-0.0448,-0.0331,-0.0218,-0.0115,-0.0028,0.0031,0.0053,0.0023,-0.0067,-0.0216,-0.0413,-0.0632,-0.085,-0.1053,-0.1232,-0.1371,-0.1443,-0.1417,-0.1281,-0.1135,-0.1236,-0.1524,-0.1862,-0.2275,-0.2794,-0.3413,-0.408,-0.4699,-0.5161,-0.5398,-0.5439,-0.5427,-0.5579,-0.6099,-0.709,-0.85,-1.0142,-1.1769,-1.3178,-1.4259,-1.4994,-1.5421,-1.5603,-1.5605,-1.548,-1.5273,-1.5013,-1.4724
-0.0603,-0.0474,-0.0342,-0.021,-0.0079,0.0044,0.0152,0.0234,0.0276,0.0259,0.0168,0.0,-0.0228,-0.0482,-0.0726,-0.0942,-0.1131,-0.1282,-0.1364,-0.1339,-0.1195,-0.1052,-0.1141,-0.1435,-0.1805,-0.2244,-0.2775,-0.3394,-0.4049,-0.4645,-0.5069,-0.5253,-0.5227,-0.5138,-0.5202,-0.5615,-0.6469,-0.7718,-0.9199,-1.0703,-1.2051,-1.3134,-1.3922,-1.4433,-1.4714,-1.4816,-1.4787,-1.4666,-1.4484,-1.4261
-0.0524,-0.0384,-0.0239,-0.0091,0.0058,0.0203,0.0336,0.0447,0.0515,0.0517,0.0429,0.0239,-0.0035,-0.0339,-0.0617,-0.0846,-0.1037,-0.1197,-0.13,-0.1301,-0.1196,-0.1094,-0.1168,-0.143,-0.1796,-0.2241,-0.2775,-0.3388,-0.4028,-0.4603,-0.5002,-0.5158,-0.5102,-0.4981,-0.4999,-0.5336,-0.6074,-0.7172,-0.8493,-0.9861,-1.1121,-1.2174,-1.298,-1.3544,-1.3897,-1.4079,-1.4129,-1.4083,-1.3968,-1.3807
-0.0449,-0.0299,-0.0141,0.0022,0.0191,0.036,0.0523,0.0666,0.0769,0.0801,0.0722,0.0505,0.0167,-0.0212,-0.0538,-0.0776,-0.0958,-0.1119,-0.1243,-0.1285,-0.1238,-0.1187,-0.1259,-0.1486,-0.183,-0.2267,-0.2793,-0.3392,-0.4013,-0.4567,-0.4951,-0.5102,-0.5051,-0.4933,-0.4938,-0.5225,-0.5864,-0.6821,-0.7986,-0.9212,-1.037,-1.1369,-1.2166,-1.2755,-1.3156,-1.3397,-1.3511,-1.3528,-1.3472,-1.3365
-0.038,-0.022,-0.005,0.013,0.0318,0.0512,0.0707,0.0889,0.1037,0.1111,0.1055,0.0813,0.0386,-0.0108,-0.0507,-0.0751,-0.0907,-0.1051,-0.1189,-0.1273,-0.1286,-0.1288,-0.137,-0.1575,-0.1895,-0.2315,-0.2825,-0.3403,-0.4001,-0.4534,-0.4911,-0.5073,-0.5051,-0.4964,-0.4979,-0.5233,-0.5787,-0.6618,-0.7635,-0.8722,-0.9771,-1.0701,-1.1469,-1.2062,-1.249,-1.2773,-1.2937,-1.3004,-1.2999,-1.2938
-0.0318,-0.0148,0.0034,0.0228,0.0436,0.0655,0.0883,0.1109,0.1311,0.1445,0.1434,0.1177,0.0635,-0.0032,-0.0539,-0.0784,-0.0891,-0.0999,-0.1137,-0.1256,-0.1324,-0.1375,-0.1477,-0.1675,-0.1976,-0.2377,-0.2865,-0.3418,-0.3988,-0.4501,-0.4873,-0.5058,-0.5079,-0.504,-0.5079,-0.5314,-0.5798,-0.6517,-0.74,-0.8356,-0.9296,-1.0149,-1.0876,-1.1457,-1.1897,-1.2207,-1.2406,-1.2514,-1.255,-1.253
-0.0263,-0.0085,0.0108,0.0316,0.0541,0.0785,0.1045,0.1316,0.1579,0.179,0.1855,0.1614,0.094,0.0028,-0.0634,-0.0874,-0.0911,-0.0966,-0.1089,-0.1231,-0.1344,-0.1441,-0.1569,-0.177,-0.206,-0.2443,-0.2908,-0.3434,-0.3974,-0.4465,-0.4836,-0.5047,-0.5118,-0.5132,-0.5203,-0.5429,-0.5857,-0.648,-0.7246,-0.8083,-0.8919,-0.9695,-1.0372,-1.0931,-1.137,-1.1695,-1.1919,-1.2058,-1.2128,-1.2142
-0.0216,-0.0031,0.017,0.039,0.0631,0.0896,0.1186,0.1499,0.1823,0.2121,0.2292,0.2117,0.1327,0.0103,-0.0757,-0.0985,-0.0948,-0.0946,-0.1049,-0.1203,-0.135,-0.1486,-0.1642,-0.1853,-0.2139,-0.2507,-0.295,-0.3447,-0.3958,-0.4427,-0.4797,-0.5033,-0.5153,-0.522,-0.5326,-0.5551,-0.5935,-0.6479,-0.7144,-0.7876,-0.8618,-0.9318,-0.9944,-1.0474,-1.0903,-1.1233,-1.1474,-1.1636,-1.1732,-1.1774
-0.0177,0.0013,0.0221,0.045,0.0702,0.0984,0.1297,0.1644,0.2021,0.2399,0.2684,0.262,0.1779,0.0256,-0.0812,-0.1046,-0.0965,-0.0929,-0.1016,-0.1174,-0.1346,-0.1515,-0.1698,-0.1922,-0.2209,-0.2566,-0.2988,-0.3457,-0.3939,-0.4388,-0.4755,-0.5014,-0.5177,-0.5293,-0.5432,-0.566,-0.6012,-0.6492,-0.7074,-0.7716,-0.8373,-0.9004,-0.9578,-1.0076,-1.0489,-1.0818,-1.1067,-1.1245,-1.1362,-1.1427
-0.0149,0.0045,0.0258,0.0492,0.0753,0.1044,0.1372,0.1741,0.2151,0.2582,0.2948,0.2984,0.2173,0.0514,-0.0696,-0.0988,-0.093,-0.0901,-0.0986,-0.115,-0.1339,-0.1533,-0.1739,-0.1978,-0.2267,-0.2615,-0.3019,-0.3463,-0.3919,-0.4347,-0.4711,-0.4988,-0.5187,-0.5344,-0.5514,-0.5748,-0.6077,-0.6506,-0.7019,-0.7585,-0.8169,-0.8737,-0.9262,-0.9727,-1.0121,-1.0444,-1.0696,-1.0885,-1.1017,-1.1101
-0.0129,0.0066,0.0281,0.0517,0.0781,0.1076,0.1408,0.1783,0.22,0.2639,0.3019,0.3082,0.2343,0.0793,-0.0419,-0.0811,-0.084,-0.0856,-0.0958,-0.113,-0.1332,-0.1545,-0.1771,-0.2023,-0.2315,-0.2657,-0.3044,-0.3466,-0.3897,-0.4307,-0.4666,-0.4956,-0.5183,-0.5374,-0.557,-0.5812,-0.6124,-0.6514,-0.6971,-0.7475,-0.7996,-0.8507,-0.8987,-0.9419,-0.9793,-1.0106,-1.0358,-1.0553,-1.0696,-1.0794
-0.012,0.0075,0.0289,0.0525,0.0786,0.1078,0.1404,0.1767,0.2165,0.2572,0.2899,0.2916,0.2259,0.0976,-0.0107,-0.058,-0.0718,-0.08,-0.0931,-0.1115,-0.1329,-0.1556,-0.1796,-0.2058,-0.2354,-0.269,-0.3064,-0.3465,-0.3875,-0.4268,-0.4621,-0.492,-0.5168,-0.5385,-0.5602,-0.585,-0.615,-0.651,-0.6924,-0.7375,-0.7843,-0.8306,-0.8745,-0.9146,-0.95,-0.9801,-1.0049,-1.0247,-1.0398,-1.0507
-0.012,0.0073,0.0284,0.0515,0.077,0.1051,0.1362,0.1701,0.206,0.2405,0.2646,0.2597,0.2029,0.1031,0.0131,-0.0368,-0.0596,-0.0743,-0.0907,-0.1106,-0.1329,-0.1567,-0.1818,-0.2089,-0.2386,-0.2717,-0.3078,-0.3461,-0.3852,-0.4229,-0.4575,-0.4879,-0.5142,-0.5379,-0.5613,-0.5867,-0.6158,-0.6495,-0.6873,-0.7282,-0.7706,-0.8127,-0.853,-0.8902,-0.9235,-0.9524,-0.9766,-0.9964,-1.012,-1.0238
-0.013,0.0059,0.0265,0.0489,0.0733,0.0999,0.1288,0.1594,0.1902,0.2176,0.2332,0.2232,0.1755,0.0992,0.0267,-0.0215,-0.0496,-0.0696,-0.089,-0.1103,-0.1335,-0.1581,-0.1839,-0.2115,-0.2413,-0.2738,-0.3088,-0.3456,-0.3829,-0.4192,-0.4531,-0.4837,-0.511,-0.5361,-0.5607,-0.5865,-0.615,-0.6468,-0.6818,-0.7192,-0.7579,-0.7964,-0.8335,-0.8681,-0.8995,-0.9271,-0.9507,-0.9703,-0.9862,-0.9985
-0.0148,0.0036,0.0234,0.0448,0.0678,0.0926,0.1188,0.1456,0.1712,0.1918,0.2006,0.1882,0.1487,0.0899,0.0316,-0.0126,-0.0431,-0.0665,-0.0882,-0.1108,-0.1347,-0.1598,-0.1861,-0.214,-0.2437,-0.2756,-0.3095,-0.3449,-0.3807,-0.4157,-0.4488,-0.4793,-0.5072,-0.5333,-0.5587,-0.5848,-0.6127,-0.643,-0.6758,-0.7104,-0.746,-0.7814,-0.8158,-0.848,-0.8776,-0.9039,-0.9268,-0.9461,-0.9621,-0.9748
-0.0175,0.0002,0.0191,0.0394,0.0609,0.0835,0.1069,0.1299,0.1506,0.1656,0.1695,0.1564,0.1238,0.0778,0.0303,-0.0094,-0.0401,-0.0653,-0.0886,-0.1121,-0.1365,-0.162,-0.1885,-0.2164,-0.2459,-0.2772,-0.3101,-0.3442,-0.3786,-0.4124,-0.4447,-0.475,-0.5031,-0.5297,-0.5556,-0.5819,-0.6093,-0.6384,-0.6693,-0.7016,-0.7346,-0.7675,-0.7994,-0.8296,-0.8575,-0.8826,-0.9047,-0.9237,-0.9396,-0.9526
-0.0209,-0.004,0.0139,0.0329,0.0527,0.0732,0.0937,0.1131,0.1296,0.1402,0.1409,0.1282,0.1011,0.0641,0.0249,-0.0104,-0.0402,-0.066,-0.0902,-0.1143,-0.139,-0.1645,-0.1911,-0.2188,-0.248,-0.2786,-0.3106,-0.3435,-0.3766,-0.4093,-0.4408,-0.4707,-0.4989,-0.5257,-0.5518,-0.5781,-0.605,-0.6332,-0.6625,-0.6929,-0.7237,-0.7544,-0.7842,-0.8126,-0.8389,-0.8629,-0.8842,-0.9028,-0.9186,-0.9318
-0.025,-0.009,0.0079,0.0255,0.0436,0.0619,0.0798,0.096,0.109,0.1162,0.115,0.103,0.0803,0.0499,0.0169,-0.0145,-0.0428,-0.0685,-0.093,-0.1172,-0.142,-0.1675,-0.1939,-0.2214,-0.2501,-0.28,-0.3111,-0.3428,-0.3748,-0.4064,-0.4371,-0.4665,-0.4945,-0.5213,-0.5475,-0.5736,-0.6001,-0.6274,-0.6554,-0.6842,-0.7132,-0.742,-0.77,-0.7967,-0.8217,-0.8446,-0.8652,-0.8833,-0.8989,-0.9122
