docs/data/wind_grid.json
[{"header":{"la1":42.85,"la2":41.18,"lo1":11.55,"lo2":14.05,"nx":36,"ny":24,"dx":0.07143,"dy":0.07261,"parameterCategory":2,"parameterNumber":2,"parameterNumberName":"eastward_wind","parameterUnit":"m.s-1"},"data":[1.6284,1.6023,1.5631,1.5105,1.4461,1.3732,1.2957,1.2172,1.1401,1.0651,0.9922,0.922,0.8555,0.7946,0.7413,0.6967,0.6612,0.6335,0.6121,0.5955,0.583,0.5754,0.5735,0.5775,0.5874,0.6023,0.6213,0.6431,0.6668,0.6915,0.7163,0.7407,0.7644,0.7871,0.8087,0.8289,1.711,1.6878,1.6466,1.5861,1.5085,1.419,1.3248,1.232,1.1438,1.06,0.979,0.9001,0.8248,0.7562,0.6975,0.6509,0.6167,0.5924,0.5742,0.5588,0.5457,0.537,0.5344,0.5391,0.5508,0.5688,0.5917,0.6178,0.6458,0.6744,0.7028,0.7305,0.757,0.782,0.8055,0.8274,1.8137,1.7976,1.7561,1.6857,1.5886,1.4737,1.3541,1.2417,1.1415,1.0505,0.9622,0.8739,0.7877,0.7092,0.6444,0.5974,0.5689,0.5541,0.5438,0.5304,0.5146,0.5026,0.498,0.5017,0.5141,0.5349,0.562,0.593,0.6258,0.6589,0.6913,0.7223,0.7517,0.7792,0.8046,0.8281,1.9422,1.9417,1.9054,1.8233,1.6964,1.5396,1.3779,1.2358,1.1244,1.0325,0.941,0.8425,0.742,0.6497,0.5769,0.532,0.518,0.5263,0.5349,0.5226,0.4962,0.4789,0.4713,0.469,0.4784,0.5009,0.5327,0.5694,0.6077,0.6458,0.6824,0.717,0.7493,0.7791,0.8065,0.8314,2.1026,2.1346,2.1176,2.0256,1.8524,1.6239,1.3864,1.1921,1.0734,0.9998,0.9151,0.8052,0.684,0.5706,0.4851,0.4451,0.4611,0.5248,0.585,0.5651,0.4956,0.4776,0.4692,0.4444,0.4428,0.4665,0.5044,0.5479,0.5926,0.6361,0.6771,0.7153,0.7505,0.7825,0.8116,0.8377,2.2974,2.3939,2.4318,2.3439,2.0996,1.7493,1.3779,1.0777,0.9575,0.9493,0.8869,0.7611,0.6083,0.46,0.3499,0.3136,0.3799,0.5633,0.7864,0.743,0.505,0.4858,0.4746,0.4088,0.3989,0.4297,0.4775,0.53,0.5819,0.631,0.6765,0.7182,0.756,0.7901,0.8206,0.8478,2.5149,2.7282,2.9051,2.8744,2.514,1.9657,1.4128,0.9547,0.8206,0.9095,0.8604,0.7081,0.5086,0.2988,0.1344,0.0874,0.2099,0.5453,1.0779,1.0166,0.4259,0.31,0.3227,0.3074,0.3344,0.3899,0.4541,0.5177,0.5774,0.6321,0.6817,0.7266,0.7668,0.8026,0.8342,0.862,2.7106,3.0895,3.5632,3.7512,3.1548,2.2889,1.596,1.1108,0.9352,0.9274,0.8303,0.6467,0.3846,0.0613,-0.2371,-0.3342,-0.1521,0.2143,0.615,0.4746,-0.1352,-0.2213,-0.009,0.1469,0.2589,0.3545,0.4393,0.5146,0.5814,0.6409,0.6941,0.7416,0.7837,0.8208,0.8532,0.8811,2.8024,3.2873,4.096,4.7344,3.6972,2.5288,1.8035,1.3363,1.0503,0.8874,0.7744,0.5921,0.2622,-0.2619,-0.9347,-1.1918,-0.7628,-0.3058,-0.088,-0.2951,-0.9497,-0.8225,-0.2902,0.0219,0.2078,0.3386,0.4405,0.5243,0.596,0.6589,0.7147,0.7642,0.8078,0.8458,0.8783,0.9058,2.7393,3.1156,3.6518,3.9654,3.2138,2.4765,1.8962,1.3812,0.8247,0.5624,0.6651,0.579,0.2122,-0.5246,-2.146,-3.0107,-1.479,-0.7482,-0.5277,-0.5413,-0.7853,-0.6945,-0.2989,0.0055,0.2108,0.3558,0.4638,0.5497,0.6227,0.6871,0.7446,0.7957,0.8403,0.8787,0.9108,0.9372,2.5813,2.7718,2.856,2.6316,2.5763,2.3623,2.0106,1.5203,0.2932,-0.3065,0.5789,0.6538,0.2627,-0.366,-1.8498,-3.0224,-1.4406,-1.1085,-1.0508,-0.8051,-0.5989,-0.4175,-0.1699,0.074,0.2693,0.4106,0.5113,0.5908,0.6612,0.7257,0.7846,0.8372,0.8827,0.921,0.952,0.9763,2.4192,2.5207,2.5572,2.5201,2.4786,2.3388,2.3053,2.2971,1.2955,0.4789,0.9217,0.8801,0.2835,-0.7546,-0.1237,-0.4504,-0.8959,-2.1089,-2.3993,-1.4351,-0.7385,-0.352,-0.0716,0.1728,0.3716,0.5009,0.5783,0.6432,0.7096,0.775,0.8361,0.8906,0.9373,0.9751,1.0041,1.0249,2.2835,2.3498,2.3893,2.3941,2.3578,2.3504,2.5654,2.9868,2.5371,1.7046,1.4535,1.3348,0.8522,-0.2185,1.0629,0.7073,-0.4701,-4.8157,-5.034,-2.0356,-0.8562,-0.3409,-0.0092,0.2752,0.506,0.6148,0.6484,0.6988,0.7666,0.8363,0.9013,0.9592,1.0075,1.0446,1.07,1.085,2.173,2.2183,2.2473,2.2569,2.2607,2.3168,2.4998,2.7442,2.5463,2.071,1.8653,1.7585,1.6853,1.2767,1.5195,2.2258,0.8845,-2.2953,-3.0881,-1.5195,-0.7311,-0.3345,0.0072,0.3431,0.6118,0.6888,0.6938,0.7569,0.8375,0.9143,0.9848,1.0479,1.0994,1.1352,1.1545,1.1598,2.0845,2.1174,2.1412,2.1581,2.1808,2.2331,2.3229,2.3891,2.3407,2.3264,2.4227,2.3498,2.223,2.9585,1.9161,2.3996,-1.0266,-0.4581,-0.7508,-0.7025,-0.7181,-0.5371,-0.0851,0.3401,0.6113,0.6929,0.7521,0.8493,0.9382,1.0161,1.0921,1.165,1.2233,1.2568,1.2643,1.2528,2.0141,2.0408,2.063,2.0841,2.1111,2.152,2.2058,2.2643,2.367,2.6915,3.3989,3.3924,2.8903,2.3615,1.8119,0.8283,-0.6099,0.0278,0.0676,-0.4566,-1.5948,-1.273,-0.2576,0.3517,0.6715,0.8267,0.936,1.0224,1.0816,1.1432,1.2275,1.3235,1.3982,1.4261,1.4094,1.3674,1.9578,1.9811,2.0029,2.0257,2.0538,2.0918,2.1446,2.2269,2.3898,2.7458,3.2973,3.1364,2.9864,2.8915,2.0632,1.4089,0.9193,0.8609,0.799,0.0149,-1.6897,-1.2841,-0.1125,0.5369,0.9245,1.1805,1.3035,1.2966,1.2575,1.2797,1.39,1.547,1.6595,1.6686,1.5987,1.5026,1.9116,1.9329,1.9543,1.9778,2.0065,2.0446,2.0989,2.1828,2.3196,2.5221,2.7066,2.7448,2.9224,2.9253,2.4436,2.1599,1.6747,1.5058,1.6129,1.1063,0.2728,0.0992,0.4888,0.9164,1.3684,1.8391,1.9677,1.6748,1.4144,1.3814,1.5682,1.8705,2.0582,2.0047,1.8253,1.644,1.8724,1.8923,1.913,1.9363,1.9646,2.0012,2.0512,2.1211,2.216,2.3272,2.4218,2.484,2.5526,2.6188,3.1003,3.3587,2.2489,1.835,1.8841,2.1024,1.5398,1.1229,1.0974,1.3074,1.8344,2.8535,3.0814,2.0179,1.4168,1.3706,1.7101,2.2712,2.5666,2.37,2.0288,1.7534,1.8383,1.8568,1.8765,1.8987,1.9252,1.9582,2.0004,2.0539,2.1182,2.1863,2.2469,2.2983,2.3607,2.5154,2.9735,3.1017,2.393,2.2004,2.9669,3.412,2.2721,1.7258,1.5581,1.544,1.8378,2.9188,3.1851,1.5271,1.0364,1.1641,1.6652,2.4216,2.7866,2.4997,2.0854,1.7788,1.8077,1.8247,1.843,1.8634,1.8871,1.9154,1.9494,1.9895,2.034,2.0793,2.1216,2.1627,2.2169,2.3151,2.4524,2.4403,2.2483,2.2525,2.6404,2.7852,2.3618,2.1783,2.0642,1.7348,1.337,0.7565,-0.6301,-0.4002,0.3224,0.7821,1.3241,1.9864,2.3413,2.2128,1.9343,1.7007,1.7796,1.7951,1.8117,1.8299,1.8504,1.8739,1.9007,1.9305,1.962,1.9935,2.0235,2.0534,2.0885,2.1322,2.1666,2.151,2.1058,2.1325,2.2558,2.3444,2.4697,2.9198,3.0223,2.1868,1.1041,-0.3754,-2.1827,-1.27,-0.0539,0.4071,0.8734,1.3802,1.7078,1.7656,1.6761,1.5578,1.7535,1.7674,1.7821,1.7979,1.8152,1.8343,1.8552,1.8773,1.9,1.922,1.9427,1.9625,1.982,1.9996,2.0081,2.0017,1.9956,2.0226,2.1,2.2518,2.65,3.5164,3.7883,2.6027,1.2878,0.105,-0.6788,-0.3635,0.0096,0.1559,0.5505,0.9719,1.2709,1.4109,1.4363,1.4076,1.7289,1.7412,1.754,1.7675,1.7819,1.7972,1.8133,1.8297,1.8459,1.8611,1.8749,1.887,1.897,1.9039,1.9061,1.9053,1.9111,1.9401,2.0128,2.172,2.5109,3.0193,3.0991,2.3613,1.4211,0.6378,0.1737,0.0755,0.0335,0.1349,0.4572,0.7905,1.0411,1.1927,1.264,1.2846]},{"header":{"la1":42.85,"la2":41.18,"lo1":11.55,"lo2":14.05,"nx":36,"ny":24,"dx":0.07143,"dy":0.07261,"parameterCategory":2,"parameterNumber":3,"parameterNumberName":"northward_wind","parameterUnit":"m.s-1"},"data":[-0.1906,-0.1849,-0.1824,-0.1833,-0.1873,-0.1937,-0.2018,-0.2108,-0.22,-0.2291,-0.2374,-0.2442,-0.2488,-0.2502,-0.2477,-0.2403,-0.2273,-0.208,-0.1829,-0.1544,-0.1281,-0.1124,-0.1146,-0.1373,-0.1775,-0.2293,-0.2867,-0.3454,-0.4025,-0.4565,-0.5066,-0.5524,-0.594,-0.6316,-0.6652,-0.6952,-0.1628,-0.1553,-0.1521,-0.1537,-0.1595,-0.1685,-0.1793,-0.1908,-0.2023,-0.2133,-0.2234,-0.2319,-0.2378,-0.2399,-0.2372,-0.2285,-0.2121,-0.1862,-0.1491,-0.1024,-0.0541,-0.0204,-0.0172,-0.0486,-0.1061,-0.177,-0.2518,-0.3249,-0.3934,-0.4562,-0.513,-0.5639,-0.6092,-0.6495,-0.685,-0.7164,-0.1304,-0.1199,-0.1155,-0.1181,-0.127,-0.1403,-0.1555,-0.1705,-0.1843,-0.1973,-0.2093,-0.2197,-0.2273,-0.2307,-0.2287,-0.22,-0.2022,-0.1713,-0.1209,-0.0466,0.042,0.1113,0.1226,0.0706,-0.0185,-0.119,-0.2174,-0.3081,-0.3895,-0.4617,-0.5252,-0.581,-0.6297,-0.6723,-0.7094,-0.7417,-0.0921,-0.0764,-0.0694,-0.0733,-0.0877,-0.1088,-0.1315,-0.1517,-0.168,-0.1819,-0.1951,-0.2075,-0.2171,-0.2223,-0.222,-0.2154,-0.2008,-0.1726,-0.1146,-0.0028,0.1628,0.3089,0.3276,0.2245,0.0794,-0.0627,-0.1895,-0.2996,-0.3943,-0.4755,-0.5453,-0.6052,-0.6567,-0.701,-0.7391,-0.7718,-0.0465,-0.0212,-0.0081,-0.0133,-0.0372,-0.0729,-0.1101,-0.1402,-0.1584,-0.1693,-0.1813,-0.195,-0.2068,-0.2138,-0.2157,-0.2135,-0.2098,-0.2044,-0.1694,-0.0217,0.284,0.5887,0.5938,0.3851,0.1645,-0.0226,-0.1774,-0.3055,-0.4119,-0.5007,-0.5752,-0.6381,-0.6913,-0.7365,-0.7748,-0.8072,0.0068,0.0502,0.0786,0.0749,0.0339,-0.0286,-0.0936,-0.1468,-0.1677,-0.1633,-0.1673,-0.1814,-0.1953,-0.2034,-0.2063,-0.2089,-0.2223,-0.2731,-0.3575,-0.2175,0.2904,0.743,0.7238,0.4566,0.1984,-0.0164,-0.1909,-0.332,-0.4464,-0.5398,-0.6168,-0.6809,-0.7345,-0.7794,-0.817,-0.8484,0.0641,0.1403,0.2069,0.2169,0.1437,0.034,-0.0702,-0.1647,-0.1978,-0.1581,-0.1486,-0.1653,-0.182,-0.1885,-0.1879,-0.1914,-0.2144,-0.3118,-0.5995,-0.5084,0.2747,0.6307,0.6147,0.4194,0.1725,-0.0523,-0.2369,-0.384,-0.501,-0.5951,-0.6716,-0.7347,-0.787,-0.8304,-0.8663,-0.8958,0.1121,0.2358,0.3878,0.4549,0.3075,0.1172,-0.0102,-0.105,-0.1421,-0.1098,-0.1131,-0.1448,-0.1674,-0.1651,-0.1477,-0.1454,-0.169,-0.2087,-0.2768,0.0643,1.0625,1.2204,0.7933,0.4165,0.1128,-0.13,-0.3188,-0.4644,-0.5777,-0.6676,-0.7403,-0.7999,-0.8492,-0.8899,-0.9231,-0.9499,0.1256,0.2788,0.5358,0.7395,0.4385,0.1703,0.0684,0.0296,0.0216,0.0111,-0.0489,-0.1223,-0.1577,-0.1315,-0.0523,-0.0269,-0.1039,-0.1157,0.0994,0.9355,2.6404,2.3372,1.0866,0.3956,0.0025,-0.2567,-0.4401,-0.5744,-0.6764,-0.7568,-0.8223,-0.8765,-0.9213,-0.9581,-0.9877,-1.0109,0.0883,0.1986,0.3602,0.4582,0.2285,0.1299,0.1331,0.173,0.2432,0.2344,0.0514,-0.1098,-0.1699,-0.1113,0.1459,0.2904,-0.0433,-0.1815,0.0072,0.738,1.9461,1.8007,0.8198,0.1732,-0.2057,-0.4441,-0.602,-0.7119,-0.7944,-0.8607,-0.9165,-0.9637,-1.0032,-1.0354,-1.0605,-1.0792,0.0219,0.0587,0.0231,-0.1893,-0.1598,0.0649,0.2144,0.32,0.4935,0.5958,0.1403,-0.1364,-0.2215,-0.1757,0.0841,0.2832,-0.1622,-0.4346,-0.4157,-0.0564,0.4164,0.4736,0.1314,-0.2348,-0.5072,-0.6869,-0.7974,-0.8694,-0.9255,-0.9752,-1.0204,-1.0606,-1.0948,-1.1221,-1.1421,-1.1554,-0.0385,-0.0307,-0.0834,-0.2095,-0.1612,0.1057,0.3682,0.5355,0.4834,0.4127,0.0345,-0.2249,-0.2983,-0.2447,-0.1863,-0.2089,-0.4708,-0.9712,-1.0916,-0.7547,-0.4732,-0.39,-0.4885,-0.667,-0.842,-0.9568,-1.0057,-1.0311,-1.0599,-1.095,-1.132,-1.167,-1.1967,-1.2191,-1.2336,-1.2402,-0.0834,-0.0716,-0.0782,-0.0834,-0.0091,0.1918,0.4958,0.7951,0.5898,0.1723,-0.1524,-0.318,-0.4126,-0.2261,-0.1837,-0.2314,-0.5585,-1.8847,-1.9743,-1.2118,-0.9822,-0.9335,-0.9515,-1.0222,-1.1311,-1.1965,-1.1851,-1.1737,-1.1875,-1.2165,-1.2508,-1.2838,-1.3108,-1.3287,-1.3366,-1.335,-0.1208,-0.1017,-0.0828,-0.0496,0.0264,0.1715,0.3898,0.6036,0.4432,-0.0229,-0.319,-0.3148,-0.4033,-1.7905,-0.4073,0.2541,-0.1071,-1.1593,-1.5219,-1.3416,-1.3969,-1.4265,-1.3517,-1.2803,-1.2797,-1.2984,-1.2821,-1.2832,-1.3071,-1.3418,-1.3796,-1.4147,-1.441,-1.4544,-1.4538,-1.4412,-0.1581,-0.1375,-0.1135,-0.079,-0.0241,0.0567,0.148,0.1758,0.003,-0.3206,-0.5557,-0.6124,-0.756,-0.7973,-0.3544,0.3862,-0.0598,-0.5568,-1.1043,-1.5997,-2.1496,-2.187,-1.8173,-1.5161,-1.3652,-1.3243,-1.3489,-1.3918,-1.4354,-1.4795,-1.5245,-1.5657,-1.594,-1.602,-1.5891,-1.5603,-0.1976,-0.1803,-0.161,-0.1379,-0.11,-0.0828,-0.0769,-0.1362,-0.3084,-0.5934,-0.9324,-0.8241,-0.7524,-0.6829,-0.4719,-0.2354,-0.2534,-0.6643,-1.254,-2.2101,-3.7986,-3.4443,-2.3198,-1.7656,-1.5481,-1.4881,-1.5075,-1.5502,-1.5921,-1.6375,-1.6914,-1.7453,-1.7798,-1.7796,-1.7463,-1.6927,-0.2388,-0.2269,-0.2156,-0.2055,-0.1994,-0.2047,-0.2362,-0.3148,-0.4578,-0.6685,-0.9004,-0.8107,-0.6767,-0.6262,-0.6,-0.572,-0.6926,-1.0881,-1.5741,-2.3266,-4.0546,-3.6166,-2.4192,-1.8913,-1.7286,-1.7202,-1.7488,-1.7637,-1.7769,-1.813,-1.8809,-1.9627,-2.0123,-1.996,-1.9262,-1.8346,-0.2801,-0.2739,-0.2701,-0.2705,-0.2782,-0.2989,-0.3405,-0.411,-0.5115,-0.6275,-0.7114,-0.7078,-0.6523,-0.6447,-0.7278,-0.8074,-0.9893,-1.5886,-2.161,-1.9034,-2.3343,-2.4081,-2.069,-1.8652,-1.8744,-2.0018,-2.0623,-2.0109,-1.9687,-1.9892,-2.0822,-2.2201,-2.2998,-2.2483,-2.1167,-1.9733,-0.32,-0.3188,-0.321,-0.3283,-0.3433,-0.3693,-0.4098,-0.4665,-0.5356,-0.6054,-0.6568,-0.6801,-0.6923,-0.7429,-0.8975,-0.9656,-1.0497,-1.4714,-1.7474,-1.2754,-1.4714,-1.6841,-1.732,-1.7957,-2.0048,-2.3387,-2.4225,-2.2338,-2.136,-2.1455,-2.262,-2.473,-2.5925,-2.4821,-2.2759,-2.0832,-0.3576,-0.3603,-0.3667,-0.3781,-0.3963,-0.4229,-0.4592,-0.5046,-0.5557,-0.6061,-0.6491,-0.6844,-0.7234,-0.7919,-0.9037,-0.955,-1.0036,-1.0717,-0.6805,-0.4177,-1.0252,-1.3377,-1.5048,-1.7055,-2.0242,-2.4135,-2.4991,-2.3265,-2.2695,-2.2838,-2.3742,-2.5742,-2.6972,-2.5668,-2.3414,-2.1372,-0.3925,-0.398,-0.4071,-0.4207,-0.4399,-0.4655,-0.4975,-0.5353,-0.5765,-0.6181,-0.6579,-0.6972,-0.7419,-0.7993,-0.8645,-0.9161,-0.9585,-0.9515,-0.786,-0.7277,-0.976,-1.1458,-1.2831,-1.5472,-1.9137,-2.2296,-2.358,-2.3761,-2.4329,-2.4681,-2.4607,-2.5084,-2.5562,-2.4712,-2.3036,-2.1319,-0.4245,-0.432,-0.4428,-0.4575,-0.4767,-0.5008,-0.5295,-0.5623,-0.5978,-0.6346,-0.6721,-0.7113,-0.7542,-0.8024,-0.8527,-0.8996,-0.9376,-0.9501,-0.9304,-0.9387,-0.9755,-0.9107,-0.9227,-1.2946,-1.7817,-2.1917,-2.3897,-2.4709,-2.8004,-2.8463,-2.6521,-2.5019,-2.4292,-2.3462,-2.2259,-2.0925,-0.4537,-0.4626,-0.4744,-0.4896,-0.5084,-0.5311,-0.5574,-0.5868,-0.6187,-0.6525,-0.6879,-0.7253,-0.7654,-0.8084,-0.8527,-0.8959,-0.9341,-0.962,-0.9792,-0.9873,-0.9387,-0.73,-0.6536,-1.1063,-1.6576,-2.1002,-2.4022,-2.8719,-3.6241,-3.4331,-2.916,-2.5763,-2.392,-2.2697,-2.157,-2.0442,-0.4805,-0.4903,-0.5027,-0.518,-0.5364,-0.5578,-0.5823,-0.6094,-0.6389,-0.6704,-0.7038,-0.7392,-0.7769,-0.8167,-0.8578,-0.8989,-0.938,-0.9725,-0.9999,-1.0111,-0.976,-0.8752,-0.8822,-1.1848,-1.6107,-2.0201,-2.438,-3.0739,-3.734,-3.5234,-2.9826,-2.5981,-2.3673,-2.2173,-2.1002,-1.9959]}]