docs/data/wind_grid.json
[{"header":{"la1":42.85,"la2":41.18,"lo1":11.55,"lo2":14.05,"nx":36,"ny":24,"dx":0.07143,"dy":0.07261,"parameterCategory":2,"parameterNumber":2,"parameterNumberName":"eastward_wind","parameterUnit":"m.s-1"},"data":[2.0803,2.0663,2.0498,2.0311,2.0114,1.9929,1.9791,1.9734,1.9779,1.9924,2.0131,2.0349,2.0521,2.0594,2.052,2.0249,1.9718,1.8865,1.7654,1.6144,1.4553,1.3245,1.2558,1.2593,1.3193,1.409,1.5058,1.5967,1.676,1.7427,1.7978,1.8428,1.8796,1.9098,1.9346,1.9553,2.0796,2.0632,2.0424,2.017,1.988,1.9585,1.9342,1.922,1.9275,1.951,1.9864,2.0244,2.0565,2.0763,2.0783,2.0563,2.0009,1.8982,1.7334,1.5041,1.2422,1.0236,0.9265,0.967,1.0965,1.2552,1.4058,1.5338,1.6373,1.7192,1.7837,1.8345,1.8747,1.9069,1.9329,1.9541,2.0823,2.0641,2.0389,2.0049,1.9622,1.914,1.869,1.8417,1.846,1.8845,1.9446,2.0084,2.0624,2.0998,2.1166,2.1074,2.0604,1.9507,1.7379,1.385,0.9224,0.5181,0.3818,0.5296,0.8063,1.0818,1.3078,1.4802,1.6089,1.7049,1.777,1.8319,1.8742,1.9073,1.9335,1.9547,2.0904,2.0723,2.0439,2.0005,1.9386,1.8595,1.7743,1.7111,1.7077,1.775,1.881,1.986,2.0704,2.1302,2.167,2.1808,2.1633,2.0811,1.8483,1.3248,0.4563,-0.3885,-0.5545,-0.0966,0.4727,0.9213,1.235,1.4499,1.5987,1.704,1.7801,1.8363,1.8787,1.9112,1.9367,1.9569,2.1055,2.092,2.0647,2.0136,1.9286,1.8027,1.6412,1.4912,1.4603,1.5941,1.7919,1.9619,2.0841,2.1677,2.2261,2.2714,2.3128,2.3342,2.2061,1.5533,-0.0463,-1.9432,-1.9972,-0.7883,0.2182,0.8424,1.2209,1.4583,1.6138,1.7196,1.7941,1.8481,1.8881,1.9184,1.9419,1.9605,2.1288,2.1276,2.112,2.0614,1.9535,1.7695,1.4865,1.1391,1.0216,1.3263,1.6981,1.9523,2.1105,2.2123,2.2864,2.3605,2.4769,2.701,2.971,2.4861,0.2293,-2.9028,-2.7499,-0.9112,0.2781,0.9251,1.2921,1.5141,1.6563,1.7518,1.8184,1.8663,1.9016,1.9282,1.9487,1.9649,2.1579,2.1815,2.1995,2.1687,2.0418,1.8075,1.4232,0.8283,0.5534,1.1352,1.6808,1.9848,2.1576,2.2637,2.3394,2.4213,2.5747,2.9512,3.7002,3.5303,1.6354,-0.3953,-0.7986,0.0299,0.7375,1.1756,1.4422,1.6102,1.7209,1.7967,1.8502,1.889,1.9177,1.9392,1.9558,1.9691,2.1832,2.2432,2.3342,2.3671,2.2016,1.9261,1.5875,1.1425,0.9602,1.391,1.8115,2.069,2.2262,2.3205,2.3793,2.441,2.5616,2.8252,3.2214,3.0995,2.5924,2.0112,1.3362,1.19,1.3244,1.4917,1.6257,1.7237,1.7947,1.8466,1.8848,1.9131,1.9341,1.9498,1.962,1.972,2.1866,2.2684,2.4469,2.607,2.3316,2.0221,1.8069,1.6461,1.6234,1.7756,1.9833,2.1724,2.3091,2.3806,2.3957,2.4158,2.5031,2.6397,2.781,2.9079,3.3482,3.1369,2.3184,1.8894,1.7614,1.7559,1.7875,1.8262,1.8623,1.8928,1.9169,1.935,1.9483,1.958,1.9657,1.9722,2.1566,2.2022,2.3017,2.3682,2.1504,1.9976,1.8987,1.8437,1.8381,1.8961,2.0664,2.2647,2.4074,2.4546,2.3586,2.2922,2.4582,2.5809,2.6716,2.8223,3.127,3.0049,2.5086,2.1629,1.9875,1.9121,1.89,1.8949,1.9107,1.928,1.942,1.9517,1.9578,1.9616,1.9647,1.968,2.1111,2.0929,2.0197,1.813,1.8228,1.9157,1.8895,1.8557,1.8004,1.7635,2.0783,2.3594,2.5409,2.6086,2.4498,2.3111,2.5128,2.6261,2.6732,2.6983,2.7274,2.6434,2.4276,2.208,2.0445,1.9482,1.913,1.9161,1.9328,1.9483,1.9576,1.9608,1.9601,1.958,1.9566,1.9572,2.0797,2.0345,1.9385,1.7963,1.8094,1.8797,1.8267,1.763,1.8132,1.8819,2.1869,2.4842,2.7007,2.8969,2.7934,2.6405,2.6683,2.7832,2.8022,2.7006,2.6068,2.4989,2.3443,2.1526,1.9618,1.8453,1.8387,1.8854,1.9301,1.9558,1.9641,1.9609,1.9525,1.9439,1.9382,1.937,2.0723,2.0319,1.9734,1.9173,1.9046,1.8827,1.7729,1.6247,1.7467,2.0321,2.3417,2.6544,2.7834,2.9883,2.898,2.7396,2.7692,3.0465,3.0479,2.751,2.5837,2.4517,2.2897,2.049,1.7328,1.556,1.6601,1.8201,1.918,1.9585,1.9634,1.95,1.9307,1.9141,1.9047,1.9035,2.0815,2.0527,2.0192,1.9891,1.9646,1.9211,1.8312,1.7276,1.8232,2.1177,2.4065,2.8403,2.942,2.4692,2.6843,2.7695,2.7933,2.8963,2.8971,2.7013,2.5527,2.4318,2.2724,1.982,1.4911,1.212,1.4989,1.7898,1.9277,1.968,1.9567,1.9228,1.8862,1.8598,1.8486,1.8516,2.0986,2.0794,2.0589,2.0394,2.0191,1.9909,1.9548,1.9452,2.0323,2.1838,2.3066,2.443,2.4579,2.2187,2.6053,2.7914,2.9683,2.8005,2.7076,2.5989,2.4988,2.4237,2.3062,2.0669,1.6671,1.4292,1.6445,1.8849,1.9872,1.9902,1.9384,1.8663,1.8026,1.7655,1.7586,1.7746,2.1187,2.1065,2.0944,2.0833,2.0732,2.0646,2.0636,2.0867,2.1417,2.1791,2.1003,2.1428,2.2665,2.3909,2.5498,2.738,2.8753,2.7253,2.6081,2.5155,2.4351,2.4199,2.363,2.2344,2.0606,1.9597,2.0149,2.0921,2.0931,2.0175,1.8917,1.7536,1.6486,1.6056,1.6195,1.6662,2.1393,2.1325,2.1266,2.1226,2.1214,2.1249,2.1372,2.1617,2.1908,2.1892,2.1212,2.1883,2.2869,2.3378,2.4839,2.595,2.6332,2.5727,2.5011,2.4696,2.4243,2.4224,2.4074,2.3769,2.3642,2.3862,2.4024,2.351,2.2248,2.0343,1.7893,1.5371,1.3703,1.3431,1.4167,1.5253,2.1589,2.1563,2.1551,2.1563,2.1608,2.1701,2.1856,2.2066,2.2272,2.2368,2.2422,2.2793,2.3144,2.3433,2.4699,2.5344,2.5317,2.4478,2.3573,2.4382,2.4494,2.4418,2.4473,2.4938,2.6263,2.8225,2.8637,2.6573,2.3672,2.0312,1.6093,1.1564,0.8987,0.9505,1.1572,1.3684,2.177,2.1774,2.1796,2.1841,2.1919,2.2035,2.2193,2.2382,2.2578,2.2759,2.2969,2.3276,2.3651,2.4254,2.5407,2.5792,2.5148,2.4487,2.4115,2.4849,2.4728,2.4547,2.4735,2.5774,2.8594,3.3645,3.475,2.9546,2.4815,2.0216,1.3998,0.6488,0.2788,0.5114,0.9157,1.2421,2.1931,2.1958,2.2001,2.2067,2.2161,2.2284,2.2439,2.2617,2.2811,2.3018,2.3257,2.3553,2.3938,2.4503,2.5299,2.5546,2.5078,2.4897,2.554,2.5956,2.4914,2.438,2.4525,2.5731,2.8785,3.4485,3.5781,2.9319,2.4946,2.0482,1.3627,0.446,0.0128,0.3522,0.8442,1.211,2.2072,2.2114,2.2171,2.2249,2.2349,2.2473,2.2621,2.279,2.2976,2.3181,2.3412,2.3682,2.4006,2.4392,2.4769,2.4914,2.4832,2.4842,2.5157,2.5195,2.4354,2.35,2.3438,2.4586,2.6596,2.8015,2.6363,2.5728,2.435,2.1402,1.6196,0.9137,0.5236,0.6805,1.0152,1.3001,2.2193,2.2245,2.2311,2.2393,2.2495,2.2616,2.2756,2.2913,2.3086,2.3276,2.3485,2.3715,2.3966,2.4221,2.4434,2.4541,2.455,2.4536,2.4495,2.4156,2.3118,2.1474,2.1062,2.2807,2.4643,2.5071,2.3982,2.4375,2.4188,2.28,1.9616,1.5224,1.2158,1.182,1.3081,1.4647,2.2296,2.2353,2.2423,2.2507,2.2607,2.2722,2.2853,2.2997,2.3155,2.3324,2.3505,2.3694,2.3886,2.4064,2.4202,2.4276,2.4278,2.4205,2.3994,2.3445,2.2159,1.9958,1.9329,2.1608,2.3571,2.4346,2.4366,2.4486,2.4872,2.4259,2.1988,1.9049,1.6723,1.5717,1.5796,1.6396,2.2382,2.2442,2.2513,2.2596,2.2692,2.28,2.292,2.3051,2.3191,2.334,2.3493,2.3647,2.3795,2.3924,2.4018,2.4062,2.4043,2.3936,2.3683,2.3161,2.2198,2.0943,2.0667,2.1892,2.318,2.3887,2.4175,2.4479,2.4974,2.451,2.2858,2.0858,1.9173,1.8155,1.7793,1.7872]},{"header":{"la1":42.85,"la2":41.18,"lo1":11.55,"lo2":14.05,"nx":36,"ny":24,"dx":0.07143,"dy":0.07261,"parameterCategory":2,"parameterNumber":3,"parameterNumberName":"northward_wind","parameterUnit":"m.s-1"},"data":[1.6842,1.6452,1.5942,1.5312,1.4584,1.3806,1.3044,1.2367,1.1817,1.1383,1.1007,1.0606,1.0107,0.9459,0.8638,0.7637,0.6464,0.514,0.3708,0.2256,0.0946,0.0013,-0.0338,-0.0067,0.0685,0.1697,0.2786,0.3837,0.4798,0.5653,0.6403,0.706,0.7635,0.814,0.8585,0.898,1.7381,1.6973,1.6392,1.5626,1.4694,1.3664,1.2652,1.1797,1.1197,1.0843,1.0614,1.0355,0.9941,0.9302,0.8411,0.7263,0.5862,0.422,0.2352,0.0322,-0.165,-0.3098,-0.3538,-0.2895,-0.1541,0.0069,0.1637,0.3037,0.4241,0.5262,0.6128,0.6864,0.7495,0.804,0.8515,0.8931,1.807,1.7671,1.7027,1.609,1.4859,1.3414,1.195,1.0755,1.0077,0.992,1.002,1.005,0.9807,0.9213,0.826,0.6953,0.5299,0.3297,0.0904,-0.1967,-0.5156,-0.7698,-0.8266,-0.6753,-0.4243,-0.169,0.052,0.2326,0.3784,0.4964,0.5932,0.6735,0.7412,0.7987,0.8483,0.8915,1.8956,1.8628,1.7962,1.6837,1.5185,1.3059,1.0735,0.8807,0.7963,0.8298,0.9118,0.9699,0.9742,0.9231,0.8221,0.6747,0.4823,0.2465,-0.0412,-0.4306,-0.976,-1.4915,-1.5563,-1.185,-0.7203,-0.3317,-0.0377,0.1823,0.3496,0.48,0.584,0.6688,0.7392,0.7986,0.8494,0.8933,2.0081,1.9947,1.9377,1.8111,1.5927,1.2742,0.8781,0.5111,0.3803,0.5434,0.7854,0.9391,0.9822,0.9397,0.8326,0.6687,0.4477,0.1778,-0.1254,-0.5623,-1.4554,-2.5851,-2.5849,-1.7198,-0.9509,-0.4292,-0.079,0.1655,0.3442,0.4799,0.5867,0.6729,0.7441,0.8039,0.8548,0.8987,2.1457,2.1727,2.1518,2.0306,1.7577,1.3009,0.6344,-0.1392,-0.4197,0.0958,0.6585,0.9406,1.0164,0.974,0.8586,0.682,0.4344,0.1185,-0.1694,-0.446,-1.458,-3.2162,-3.1018,-1.8475,-0.952,-0.4034,-0.051,0.1901,0.3647,0.4972,0.6014,0.6858,0.7556,0.8143,0.8643,0.9073,2.3001,2.3974,2.4637,2.3949,2.0783,1.494,0.5793,-0.7435,-1.3278,-0.2178,0.6782,1.0216,1.0861,1.0213,0.8914,0.7148,0.4662,0.1081,-0.2333,-0.287,-0.81,-1.776,-1.9123,-1.2711,-0.6715,-0.249,0.0431,0.2518,0.4077,0.5288,0.6262,0.7061,0.7728,0.8292,0.8773,0.9188,2.445,2.6351,2.8635,2.9381,2.5603,1.8885,1.0466,-0.0107,-0.4532,0.3608,0.9975,1.2019,1.185,1.063,0.8988,0.7364,0.5489,0.2601,-0.0575,-0.1942,-0.3969,-0.6131,-0.7272,-0.571,-0.2934,-0.0346,0.1722,0.3339,0.4631,0.569,0.6573,0.7315,0.7943,0.8476,0.8932,0.9327,2.538,2.7869,3.1671,3.4529,2.9539,2.2707,1.7064,1.2803,1.1762,1.3667,1.4755,1.4313,1.291,1.072,0.8011,0.6394,0.6006,0.465,0.2293,-0.0611,-0.4273,-0.3982,-0.257,-0.1337,0.0145,0.1626,0.2955,0.4129,0.5174,0.6098,0.6903,0.7595,0.8183,0.8683,0.9111,0.948,2.5556,2.773,3.046,3.1954,2.8955,2.4676,2.1392,2.0271,2.1459,2.1895,1.9196,1.6415,1.3934,1.0731,0.498,0.2017,0.5606,0.6021,0.4428,0.1539,-0.2125,-0.1975,0.0098,0.1389,0.2239,0.2975,0.3763,0.4645,0.5563,0.6436,0.7213,0.7877,0.8434,0.8901,0.9297,0.9639,2.5205,2.6864,2.8616,3.0135,2.942,2.5704,2.3553,2.369,2.7134,2.9246,2.2257,1.783,1.4911,1.1995,0.6266,0.219,0.6545,0.676,0.5689,0.4443,0.2972,0.2567,0.3084,0.3375,0.3293,0.328,0.3742,0.464,0.5686,0.6663,0.7487,0.8153,0.8687,0.9119,0.948,0.9792,2.4608,2.5947,2.7603,2.951,2.8797,2.5595,2.4518,2.4953,2.5921,2.6528,2.2055,1.8601,1.5619,1.2648,1.1763,1.0139,0.8641,0.5281,0.4114,0.5598,0.6102,0.5933,0.546,0.4363,0.2696,0.167,0.2311,0.3917,0.5529,0.6808,0.775,0.8432,0.8934,0.9322,0.9641,0.9922,2.3871,2.4831,2.5849,2.6532,2.5951,2.4779,2.4875,2.5874,2.5132,2.3444,2.1389,1.9977,1.7938,1.2609,1.3003,1.2779,0.9653,-0.1291,-0.1844,0.572,0.812,0.8285,0.7096,0.4182,-0.0538,-0.3303,-0.0986,0.2649,0.5322,0.7016,0.8067,0.8728,0.9165,0.9485,0.9753,1.0003,2.311,2.3723,2.4239,2.4455,2.4246,2.4034,2.4414,2.5142,2.4554,2.2875,2.1748,2.1614,2.179,2.3448,1.6488,1.3455,1.1917,0.5586,0.388,0.8509,1.0621,1.0628,0.8786,0.4141,-0.4501,-0.9614,-0.4026,0.2085,0.5622,0.7509,0.8508,0.9037,0.9338,0.9556,0.9768,1.0001,2.2427,2.2819,2.3111,2.3243,2.3242,2.3282,2.3494,2.3652,2.331,2.2867,2.2879,2.2838,2.2755,2.4778,1.768,1.3315,1.1286,1.1892,1.176,1.2961,1.3908,1.346,1.1242,0.6625,-0.0979,-0.5472,-0.1221,0.3921,0.6923,0.8415,0.9065,0.9283,0.9347,0.9432,0.9608,0.9866,2.186,2.213,2.2332,2.2453,2.2522,2.2599,2.27,2.2765,2.284,2.3429,2.5023,2.599,2.4365,2.2218,1.8921,1.5214,1.3027,1.5029,1.6405,1.6669,1.6637,1.6065,1.3911,1.0592,0.6638,0.4391,0.5466,0.7573,0.8996,0.9587,0.9578,0.9266,0.8976,0.8933,0.9159,0.9542,2.14,2.1604,2.1765,2.1882,2.1972,2.2058,2.2158,2.2298,2.2614,2.3428,2.4766,2.4738,2.4611,2.4269,2.0986,1.8886,1.8435,2.0691,2.2772,2.0404,1.7383,1.704,1.5794,1.3747,1.1874,1.0936,1.0937,1.1169,1.1157,1.0702,0.9768,0.8619,0.7834,0.7784,0.8295,0.9,2.1025,2.1191,2.133,2.1443,2.1542,2.1641,2.1763,2.1947,2.2266,2.2781,2.3313,2.3587,2.4441,2.4547,2.3163,2.2808,2.2899,2.7919,3.3892,2.6396,2.1196,1.8955,1.7424,1.5919,1.4918,1.4692,1.4566,1.3944,1.2988,1.1556,0.939,0.686,0.5387,0.5734,0.701,0.8313,2.0714,2.0856,2.0981,2.1091,2.1194,2.1304,2.1436,2.1616,2.187,2.2193,2.2517,2.2828,2.3249,2.3826,2.6352,2.7662,2.5332,2.8703,3.2376,2.982,2.5151,2.1356,1.9011,1.7441,1.6589,1.6586,1.6595,1.5777,1.4444,1.2287,0.8683,0.4059,0.1749,0.3206,0.5732,0.7762,2.045,2.0576,2.0691,2.0798,2.0902,2.1014,2.1144,2.1306,2.1508,2.1743,2.1998,2.2294,2.2736,2.3703,2.5969,2.682,2.5587,2.7549,3.2717,3.4927,2.7599,2.2777,2.0176,1.8538,1.752,1.7081,1.7022,1.6881,1.574,1.3374,0.8993,0.294,0.0084,0.229,0.545,0.777,2.0222,2.0336,2.0443,2.0545,2.0648,2.0756,2.0879,2.1022,2.119,2.1382,2.1605,2.1886,2.2307,2.3012,2.3965,2.4475,2.4773,2.6376,2.9549,3.0284,2.6183,2.2792,2.0951,1.9508,1.8438,1.8229,1.8892,1.8464,1.7207,1.5181,1.1409,0.634,0.3573,0.4576,0.674,0.8544,2.002,2.0124,2.0224,2.0321,2.0419,2.0522,2.0635,2.0762,2.0907,2.1073,2.1269,2.1516,2.1851,2.23,2.2802,2.323,2.3728,2.4623,2.5631,2.5454,2.3758,2.2438,2.1895,2.0523,1.9228,1.9078,1.9879,1.9389,1.8839,1.7646,1.4738,1.1071,0.8601,0.8181,0.8899,0.9829,1.9838,1.9934,2.0026,2.0118,2.021,2.0306,2.0409,2.0523,2.0649,2.0793,2.0962,2.1166,2.1418,2.1719,2.2044,2.237,2.2733,2.315,2.3415,2.3168,2.2542,2.2508,2.2653,2.1154,1.9671,1.9176,1.9342,1.9816,2.1158,2.0243,1.7358,1.4343,1.2155,1.1125,1.0959,1.1197,1.9671,1.9759,1.9845,1.993,2.0016,2.0105,2.0198,2.0299,2.0409,2.0533,2.0673,2.0836,2.1025,2.1235,2.1458,2.1682,2.1902,2.2087,2.2148,2.2015,2.1843,2.1942,2.1841,2.0823,1.9718,1.9187,1.9264,2.0116,2.1462,2.0688,1.8322,1.5961,1.4159,1.3049,1.2524,1.2374]}]