docs/data/wind_grid.json
[{"header":{"la1":42.85,"la2":41.18,"lo1":11.55,"lo2":14.05,"nx":36,"ny":24,"dx":0.07143,"dy":0.07261,"parameterCategory":2,"parameterNumber":2,"parameterNumberName":"eastward_wind","parameterUnit":"m.s-1"},"data":[-0.7966,-0.8015,-0.8042,-0.8045,-0.8024,-0.7976,-0.7897,-0.7778,-0.7612,-0.7405,-0.7178,-0.6956,-0.6765,-0.662,-0.6519,-0.6451,-0.6389,-0.6296,-0.614,-0.5909,-0.5631,-0.5373,-0.5198,-0.5131,-0.5147,-0.5205,-0.527,-0.5323,-0.536,-0.538,-0.5387,-0.5384,-0.5375,-0.5363,-0.5348,-0.5331,-0.8227,-0.83,-0.8345,-0.8363,-0.8357,-0.8327,-0.8265,-0.8147,-0.7952,-0.7682,-0.7371,-0.7071,-0.6823,-0.6653,-0.6561,-0.6529,-0.6513,-0.6449,-0.6262,-0.5912,-0.5448,-0.5015,-0.477,-0.4748,-0.4866,-0.5023,-0.5161,-0.5259,-0.532,-0.5353,-0.5366,-0.5365,-0.5357,-0.5343,-0.5328,-0.5311,-0.8534,-0.8639,-0.8708,-0.8744,-0.8758,-0.8763,-0.8749,-0.8667,-0.845,-0.808,-0.7627,-0.7195,-0.6859,-0.6655,-0.6584,-0.6622,-0.6709,-0.6733,-0.6534,-0.5979,-0.512,-0.4307,-0.3961,-0.4113,-0.4472,-0.481,-0.5054,-0.5206,-0.5292,-0.5335,-0.535,-0.5349,-0.5339,-0.5324,-0.5306,-0.5288,-0.8896,-0.9049,-0.9151,-0.9201,-0.9231,-0.9292,-0.9397,-0.9447,-0.924,-0.8693,-0.7974,-0.7316,-0.6845,-0.6594,-0.6558,-0.6716,-0.7004,-0.726,-0.7156,-0.6283,-0.4561,-0.283,-0.2403,-0.3122,-0.3997,-0.4616,-0.4984,-0.5184,-0.5284,-0.5328,-0.534,-0.5334,-0.5321,-0.5303,-0.5283,-0.5264,-0.9328,-0.9559,-0.971,-0.9764,-0.9777,-0.9892,-1.0241,-1.0679,-1.0608,-0.9679,-0.8424,-0.7394,-0.6734,-0.6421,-0.643,-0.6758,-0.7393,-0.8185,-0.8558,-0.7387,-0.3944,0.0034,0.0223,-0.1973,-0.3654,-0.4558,-0.5003,-0.5212,-0.5302,-0.5333,-0.5334,-0.5321,-0.5301,-0.5279,-0.5257,-0.5236,-0.9837,-1.0205,-1.0457,-1.0505,-1.0404,-1.0471,-1.1173,-1.2574,-1.303,-1.1143,-0.8853,-0.7318,-0.6454,-0.6072,-0.6111,-0.662,-0.7719,-0.9508,-1.135,-1.0403,-0.4964,0.1909,0.1639,-0.1872,-0.3878,-0.477,-0.5147,-0.5296,-0.5343,-0.5345,-0.5328,-0.5304,-0.5277,-0.5251,-0.5227,-0.5204,-1.0406,-1.1012,-1.1506,-1.1598,-1.1197,-1.088,-1.1628,-1.4216,-1.5668,-1.2152,-0.8764,-0.6909,-0.5937,-0.5481,-0.5486,-0.609,-0.7553,-1.0286,-1.4116,-1.3705,-0.8553,-0.3722,-0.2561,-0.3893,-0.484,-0.5249,-0.5387,-0.5409,-0.5388,-0.5353,-0.5316,-0.528,-0.5247,-0.5217,-0.5191,-0.5167,-1.0952,-1.1893,-1.2885,-1.3272,-1.2327,-1.1117,-1.0966,-1.2439,-1.3184,-1.0338,-0.764,-0.6099,-0.5185,-0.4609,-0.44,-0.4918,-0.6493,-0.9096,-1.1931,-1.2244,-1.1727,-1.0259,-0.7688,-0.6443,-0.5995,-0.5772,-0.5616,-0.5497,-0.5407,-0.5339,-0.5286,-0.5243,-0.5206,-0.5175,-0.5147,-0.5124,-1.132,-1.2515,-1.3988,-1.4911,-1.3409,-1.1273,-0.9877,-0.9251,-0.8495,-0.7152,-0.599,-0.5108,-0.433,-0.3498,-0.2587,-0.2693,-0.4714,-0.731,-0.9588,-1.1878,-1.5957,-1.4853,-1.0416,-0.791,-0.6698,-0.6065,-0.5707,-0.5496,-0.5369,-0.5288,-0.5233,-0.519,-0.5154,-0.5123,-0.5096,-0.5073,-1.1404,-1.2625,-1.3921,-1.4557,-1.3723,-1.1377,-0.9085,-0.7269,-0.5414,-0.4429,-0.4519,-0.4239,-0.3587,-0.2493,0.0152,0.1534,-0.2903,-0.6409,-0.871,-1.1025,-1.408,-1.3458,-1.0249,-0.8008,-0.6718,-0.5982,-0.5574,-0.5361,-0.5252,-0.5193,-0.5153,-0.512,-0.5089,-0.506,-0.5035,-0.5014,-1.122,-1.2481,-1.4215,-1.6745,-1.6002,-1.1647,-0.8642,-0.6541,-0.3185,-0.1646,-0.3565,-0.3639,-0.3046,-0.2233,-0.0051,0.1652,-0.349,-0.7293,-0.9172,-0.9903,-1.0446,-1.0052,-0.864,-0.7208,-0.6149,-0.5494,-0.518,-0.5076,-0.5058,-0.5059,-0.5053,-0.5037,-0.5013,-0.4987,-0.4963,-0.4944,-1.0762,-1.1948,-1.3769,-1.6241,-1.5323,-1.0898,-0.8462,-0.7657,-0.5185,-0.3164,-0.3644,-0.3252,-0.2533,-0.1745,-0.2089,-0.3326,-0.6498,-1.1276,-1.2658,-1.0581,-0.9119,-0.8167,-0.7171,-0.6109,-0.5157,-0.4592,-0.4511,-0.466,-0.4815,-0.491,-0.4949,-0.4949,-0.4928,-0.4902,-0.4878,-0.4861,-1.0047,-1.0872,-1.1865,-1.254,-1.1556,-0.9403,-0.8406,-0.8972,-0.7788,-0.5222,-0.3796,-0.2851,-0.2261,-0.1381,-0.2176,-0.4901,-0.8531,-1.9174,-1.9633,-1.1756,-0.8479,-0.6992,-0.6019,-0.502,-0.3863,-0.3236,-0.3615,-0.421,-0.4598,-0.4791,-0.4861,-0.4862,-0.4833,-0.4798,-0.4772,-0.4759,-0.9218,-0.9651,-0.999,-0.9951,-0.9265,-0.832,-0.7946,-0.8264,-0.7416,-0.5134,-0.3529,-0.2434,-0.2057,-0.1275,-0.3636,-0.6011,-0.8068,-1.3679,-1.4792,-0.9929,-0.6992,-0.5647,-0.4991,-0.4224,-0.2847,-0.2009,-0.295,-0.3972,-0.4522,-0.4753,-0.4808,-0.4776,-0.4716,-0.4663,-0.4634,-0.4629,-0.8428,-0.8596,-0.8631,-0.8426,-0.7962,-0.7425,-0.7053,-0.6711,-0.5751,-0.4236,-0.3092,-0.2493,-0.1835,-0.0234,-0.4161,-0.6643,-1.3354,-0.988,-0.8608,-0.6399,-0.426,-0.3654,-0.3922,-0.3894,-0.3179,-0.2629,-0.335,-0.4219,-0.4682,-0.4826,-0.4788,-0.4669,-0.4547,-0.4467,-0.4442,-0.446,-0.7747,-0.7766,-0.7674,-0.7437,-0.7067,-0.6629,-0.6161,-0.5557,-0.4623,-0.3402,-0.2306,-0.2123,-0.2184,-0.2322,-0.4143,-0.7614,-1.1315,-0.7865,-0.5421,-0.3271,-0.0501,-0.1049,-0.2868,-0.3763,-0.4004,-0.4097,-0.4492,-0.4916,-0.5082,-0.5001,-0.4767,-0.4484,-0.426,-0.4157,-0.4165,-0.4237,-0.7186,-0.7123,-0.6976,-0.6733,-0.6397,-0.5987,-0.5498,-0.4883,-0.4096,-0.3175,-0.2386,-0.2336,-0.2281,-0.233,-0.3217,-0.4521,-0.5184,-0.3638,-0.1847,-0.1358,0.0209,-0.0489,-0.2494,-0.3842,-0.4777,-0.5477,-0.5896,-0.5934,-0.5675,-0.523,-0.4669,-0.4109,-0.3738,-0.3654,-0.377,-0.3957,-0.6728,-0.6622,-0.6451,-0.6208,-0.5894,-0.5511,-0.5057,-0.4522,-0.3914,-0.3301,-0.2829,-0.255,-0.2236,-0.2022,-0.1255,-0.0961,-0.1567,0.0469,0.319,0.0473,-0.0712,-0.1495,-0.2772,-0.424,-0.5845,-0.7365,-0.79,-0.7305,-0.6404,-0.5456,-0.4411,-0.3391,-0.2826,-0.2896,-0.3268,-0.3647,-0.6356,-0.6228,-0.6047,-0.5811,-0.5519,-0.5172,-0.4772,-0.4323,-0.3847,-0.3384,-0.2975,-0.2591,-0.2095,-0.0961,0.2838,0.4501,0.0708,0.1139,0.2588,0.1626,-0.0042,-0.1538,-0.2949,-0.4689,-0.7087,-0.9952,-1.0597,-0.8759,-0.7102,-0.5649,-0.405,-0.2378,-0.1601,-0.2041,-0.2798,-0.3396,-0.6054,-0.5915,-0.5734,-0.551,-0.5241,-0.4931,-0.4582,-0.4204,-0.3809,-0.3414,-0.3019,-0.257,-0.1895,-0.0483,0.2439,0.3402,0.0987,0.0833,0.273,0.3612,0.0738,-0.125,-0.2788,-0.4707,-0.742,-1.0555,-1.1211,-0.9293,-0.7517,-0.5842,-0.3991,-0.196,-0.1072,-0.1727,-0.2651,-0.3321,-0.5807,-0.5665,-0.549,-0.5279,-0.5035,-0.4758,-0.4453,-0.4126,-0.3785,-0.3431,-0.3053,-0.2604,-0.198,-0.1032,0.0116,0.0513,0.0122,0.0339,0.1481,0.1789,0.0277,-0.0934,-0.202,-0.3965,-0.6688,-0.924,-1.0649,-0.9736,-0.7631,-0.5946,-0.4437,-0.2872,-0.2063,-0.2343,-0.2954,-0.3465,-0.5607,-0.5466,-0.5298,-0.5103,-0.4881,-0.4633,-0.4364,-0.4078,-0.3776,-0.3458,-0.3113,-0.2715,-0.2229,-0.165,-0.1099,-0.0799,-0.0695,-0.0456,-0.0066,-0.0004,-0.0233,0.0138,0.0032,-0.2405,-0.5693,-0.8935,-1.1663,-0.9948,-0.6785,-0.5529,-0.4792,-0.3936,-0.3337,-0.3253,-0.3468,-0.3739,-0.5443,-0.5307,-0.5148,-0.4968,-0.4766,-0.4544,-0.4305,-0.4051,-0.3784,-0.3502,-0.3199,-0.2866,-0.2498,-0.2113,-0.1767,-0.1516,-0.1336,-0.1149,-0.0954,-0.0782,-0.029,0.1219,0.1748,-0.1167,-0.4579,-0.7262,-0.8579,-0.6961,-0.4513,-0.4586,-0.475,-0.4447,-0.4087,-0.3912,-0.3921,-0.402,-0.5309,-0.5179,-0.503,-0.4864,-0.4681,-0.4481,-0.4268,-0.4043,-0.3806,-0.3559,-0.3298,-0.3024,-0.2739,-0.2458,-0.2205,-0.1999,-0.183,-0.1676,-0.1517,-0.1286,-0.0767,0.0134,0.0194,-0.1636,-0.3961,-0.5697,-0.6295,-0.5384,-0.4182,-0.4366,-0.4674,-0.4618,-0.4429,-0.4284,-0.4229,-0.4243]},{"header":{"la1":42.85,"la2":41.18,"lo1":11.55,"lo2":14.05,"nx":36,"ny":24,"dx":0.07143,"dy":0.07261,"parameterCategory":2,"parameterNumber":3,"parameterNumberName":"northward_wind","parameterUnit":"m.s-1"},"data":[-0.6335,-0.6335,-0.6324,-0.63,-0.6262,-0.6211,-0.6148,-0.6077,-0.5998,-0.5907,-0.5797,-0.5662,-0.5496,-0.53,-0.5076,-0.4834,-0.4585,-0.4346,-0.4131,-0.3954,-0.3821,-0.3733,-0.3688,-0.368,-0.37,-0.3742,-0.3798,-0.3864,-0.3938,-0.4016,-0.4096,-0.4178,-0.4261,-0.4342,-0.4421,-0.4498,-0.6413,-0.642,-0.6413,-0.6389,-0.6346,-0.6286,-0.6214,-0.6138,-0.6061,-0.5978,-0.5877,-0.5743,-0.5567,-0.5346,-0.5085,-0.4793,-0.4488,-0.4193,-0.3934,-0.3729,-0.3585,-0.35,-0.3468,-0.3479,-0.3522,-0.3586,-0.3663,-0.3749,-0.384,-0.3934,-0.403,-0.4126,-0.4221,-0.4314,-0.4404,-0.449,-0.6496,-0.6513,-0.6512,-0.6488,-0.6435,-0.6355,-0.626,-0.6167,-0.6093,-0.6034,-0.5961,-0.5844,-0.5664,-0.5419,-0.5113,-0.4757,-0.4374,-0.4001,-0.3683,-0.3453,-0.331,-0.324,-0.3229,-0.3266,-0.3335,-0.3424,-0.3525,-0.3632,-0.3743,-0.3855,-0.3967,-0.4078,-0.4187,-0.4293,-0.4394,-0.449,-0.6584,-0.6617,-0.6627,-0.6603,-0.6533,-0.6414,-0.6261,-0.6117,-0.6043,-0.6043,-0.6041,-0.5968,-0.5797,-0.553,-0.5174,-0.4736,-0.4241,-0.3747,-0.3347,-0.3109,-0.3012,-0.2989,-0.3006,-0.306,-0.315,-0.3262,-0.3387,-0.3517,-0.3648,-0.3779,-0.3909,-0.4037,-0.4162,-0.4281,-0.4395,-0.4501,-0.6676,-0.6736,-0.6769,-0.675,-0.6656,-0.6469,-0.6187,-0.5891,-0.5786,-0.5937,-0.611,-0.613,-0.5983,-0.5701,-0.5295,-0.4761,-0.4103,-0.3399,-0.2848,-0.2649,-0.2729,-0.2863,-0.2887,-0.2897,-0.2977,-0.3106,-0.3253,-0.3405,-0.3557,-0.3709,-0.3858,-0.4005,-0.4146,-0.4282,-0.4409,-0.4526,-0.6767,-0.6875,-0.6957,-0.6959,-0.6838,-0.6562,-0.6051,-0.5335,-0.5066,-0.5641,-0.6199,-0.6362,-0.6245,-0.5958,-0.552,-0.4893,-0.4028,-0.2958,-0.2041,-0.1936,-0.2388,-0.2876,-0.287,-0.2746,-0.2804,-0.295,-0.3122,-0.3297,-0.3472,-0.3645,-0.3817,-0.3984,-0.4145,-0.4297,-0.4439,-0.4569,-0.6842,-0.7035,-0.7235,-0.7298,-0.713,-0.6787,-0.6097,-0.4747,-0.4066,-0.5456,-0.6491,-0.6733,-0.6606,-0.6328,-0.5913,-0.5248,-0.4202,-0.2737,-0.1279,-0.1264,-0.1725,-0.2168,-0.2382,-0.2432,-0.2586,-0.2787,-0.2993,-0.3194,-0.3393,-0.359,-0.3786,-0.3978,-0.4161,-0.4333,-0.4491,-0.4633,-0.6856,-0.7175,-0.7666,-0.7928,-0.7539,-0.7143,-0.6736,-0.5792,-0.5328,-0.6525,-0.7281,-0.7292,-0.7061,-0.6832,-0.6571,-0.5987,-0.4842,-0.3277,-0.1872,-0.1263,-0.0308,-0.0377,-0.1311,-0.1937,-0.233,-0.262,-0.2864,-0.3092,-0.3317,-0.3544,-0.377,-0.3991,-0.4201,-0.4396,-0.4572,-0.4727,-0.6724,-0.7089,-0.8028,-0.8919,-0.7741,-0.7319,-0.7695,-0.801,-0.8404,-0.8819,-0.858,-0.7983,-0.7535,-0.7444,-0.7695,-0.7446,-0.5958,-0.4158,-0.2557,-0.0656,0.2354,0.1807,-0.0412,-0.1559,-0.2125,-0.2468,-0.2734,-0.2985,-0.3241,-0.3505,-0.377,-0.4028,-0.4272,-0.4494,-0.469,-0.4857,-0.6401,-0.6428,-0.6775,-0.7082,-0.5977,-0.6918,-0.8583,-1.0099,-1.1729,-1.2104,-1.025,-0.8622,-0.7883,-0.7967,-0.949,-1.0399,-0.7189,-0.4757,-0.3068,-0.1152,0.1157,0.0968,-0.059,-0.1533,-0.202,-0.2321,-0.2579,-0.2854,-0.3155,-0.3473,-0.3793,-0.4102,-0.4387,-0.464,-0.4857,-0.5035,-0.6038,-0.5493,-0.4085,-0.0812,-0.1555,-0.6302,-0.9603,-1.1805,-1.5112,-1.6809,-1.1648,-0.8888,-0.8026,-0.8059,-0.9278,-1.0429,-0.6786,-0.4621,-0.3416,-0.2272,-0.1211,-0.0938,-0.1302,-0.168,-0.1918,-0.2103,-0.2343,-0.267,-0.3052,-0.3454,-0.3851,-0.4226,-0.4564,-0.4855,-0.5092,-0.5277,-0.5901,-0.5194,-0.3605,-0.1012,-0.2034,-0.7246,-1.1219,-1.3249,-1.4055,-1.4443,-1.0803,-0.858,-0.8122,-0.8783,-0.7937,-0.6298,-0.4702,-0.3978,-0.3589,-0.2801,-0.2088,-0.1717,-0.1647,-0.1665,-0.1637,-0.1668,-0.1938,-0.2403,-0.2933,-0.3463,-0.3968,-0.443,-0.4833,-0.5165,-0.542,-0.5602,-0.6049,-0.5616,-0.4939,-0.4495,-0.5821,-0.9052,-1.2507,-1.4932,-1.3743,-1.1427,-0.9281,-0.815,-0.7931,-0.9211,-0.7689,-0.3432,-0.2344,-0.4187,-0.4292,-0.2787,-0.2008,-0.163,-0.1504,-0.139,-0.1065,-0.0862,-0.1316,-0.2084,-0.2842,-0.354,-0.4181,-0.4755,-0.524,-0.5615,-0.5878,-0.6038,-0.6324,-0.6211,-0.617,-0.6514,-0.767,-0.9628,-1.1886,-1.3647,-1.2755,-1.0058,-0.8327,-0.8129,-0.8108,-0.6723,-0.3556,0.1949,0.1484,-0.1698,-0.2804,-0.1911,-0.1128,-0.0822,-0.0962,-0.1027,-0.0519,-0.0044,-0.0805,-0.1904,-0.2872,-0.3744,-0.455,-0.5269,-0.5855,-0.6271,-0.6516,-0.6619,-0.657,-0.6643,-0.6842,-0.7302,-0.8125,-0.9241,-1.0356,-1.09,-1.0132,-0.8571,-0.7506,-0.7083,-0.6304,-0.5053,-0.1817,0.3612,0.8211,0.1958,-0.0642,-0.0352,0.1098,0.1171,0.003,-0.0734,-0.0686,-0.0451,-0.1073,-0.2077,-0.3099,-0.4128,-0.5146,-0.6072,-0.6793,-0.7234,-0.7407,-0.7384,-0.6722,-0.6864,-0.7104,-0.7484,-0.8007,-0.8587,-0.9026,-0.904,-0.8454,-0.7559,-0.699,-0.6884,-0.6412,-0.5144,-0.2595,0.1906,0.569,0.1496,-0.049,0.121,0.6166,0.4972,0.1258,-0.0482,-0.1014,-0.1188,-0.1612,-0.2391,-0.3444,-0.4699,-0.6057,-0.7327,-0.8246,-0.8661,-0.8638,-0.8365,-0.6781,-0.6928,-0.7134,-0.7403,-0.7711,-0.799,-0.8127,-0.8011,-0.7626,-0.7153,-0.6904,-0.6774,-0.6941,-0.679,-0.4219,-0.1924,-0.0843,-0.1941,-0.2665,0.0248,0.6831,0.535,0.1227,-0.0557,-0.1066,-0.1155,-0.1471,-0.2346,-0.3706,-0.5418,-0.7385,-0.929,-1.0525,-1.0759,-1.028,-0.9551,-0.677,-0.6896,-0.7051,-0.7226,-0.7397,-0.7519,-0.7536,-0.7413,-0.7168,-0.6899,-0.6705,-0.6616,-0.7012,-0.6952,-0.5529,-0.4677,-0.3912,-0.5147,-0.7138,-0.347,0.0091,0.0766,-0.0363,-0.1035,-0.0776,0.0079,0.0058,-0.156,-0.376,-0.6225,-0.9179,-1.2256,-1.3986,-1.3638,-1.2247,-1.0814,-0.6716,-0.6813,-0.692,-0.7027,-0.7115,-0.7157,-0.7128,-0.7018,-0.6844,-0.6651,-0.648,-0.6364,-0.6332,-0.6259,-0.6907,-0.7337,-0.5394,-0.5539,-0.6302,-0.4636,-0.3046,-0.2096,-0.193,-0.1643,-0.0224,0.2944,0.3607,-0.0362,-0.3876,-0.7033,-1.1056,-1.5834,-1.8184,-1.6669,-1.4014,-1.1834,-0.6638,-0.6707,-0.6777,-0.6836,-0.6874,-0.6875,-0.6826,-0.6727,-0.6588,-0.6429,-0.6273,-0.6138,-0.6047,-0.6114,-0.6748,-0.6917,-0.5618,-0.508,-0.4955,-0.4905,-0.4131,-0.3492,-0.3142,-0.2531,-0.0819,0.3167,0.4089,-0.1483,-0.4828,-0.7715,-1.1808,-1.727,-1.9894,-1.7771,-1.4621,-1.2204,-0.6549,-0.6595,-0.6636,-0.6664,-0.6672,-0.665,-0.6593,-0.6501,-0.638,-0.6242,-0.61,-0.5967,-0.5867,-0.5855,-0.594,-0.5807,-0.5321,-0.4948,-0.4815,-0.4735,-0.4524,-0.4486,-0.4383,-0.3859,-0.3105,-0.3076,-0.5675,-0.6043,-0.6672,-0.8344,-1.1016,-1.476,-1.6891,-1.5858,-1.37,-1.18,-0.6457,-0.6485,-0.6505,-0.6512,-0.6501,-0.6467,-0.6406,-0.632,-0.6212,-0.6089,-0.5959,-0.5831,-0.572,-0.5633,-0.5548,-0.5385,-0.5136,-0.4917,-0.4804,-0.4805,-0.5055,-0.5731,-0.5937,-0.5216,-0.4948,-0.6288,-0.876,-0.8165,-0.8675,-0.9382,-1.0219,-1.1849,-1.3123,-1.3042,-1.2074,-1.093,-0.6368,-0.6382,-0.6387,-0.638,-0.6358,-0.6316,-0.6255,-0.6174,-0.6075,-0.5964,-0.5845,-0.5724,-0.5608,-0.5495,-0.5375,-0.5231,-0.5073,-0.4946,-0.4904,-0.5029,-0.5525,-0.6537,-0.684,-0.5961,-0.5738,-0.6581,-0.7778,-0.9125,-1.1361,-1.0941,-1.0158,-1.0372,-1.0874,-1.0977,-1.0605,-0.9995,-0.6284,-0.6287,-0.6282,-0.6266,-0.6236,-0.6192,-0.6131,-0.6054,-0.5964,-0.5863,-0.5755,-0.5643,-0.553,-0.5417,-0.5301,-0.5183,-0.5074,-0.5003,-0.501,-0.5162,-0.5555,-0.6128,-0.63,-0.5987,-0.6014,-0.6655,-0.7798,-0.972,-1.1705,-1.1181,-1.0064,-0.9681,-0.9709,-0.9717,-0.9537,-0.9201]}]