docs/data/wind_grid.json
[{"header":{"la1":42.85,"la2":41.18,"lo1":11.55,"lo2":14.05,"nx":36,"ny":24,"dx":0.07143,"dy":0.07261,"parameterCategory":2,"parameterNumber":2,"parameterNumberName":"eastward_wind","parameterUnit":"m.s-1"},"data":[3.7491,3.7584,3.7672,3.7748,3.7801,3.7812,3.7756,3.7605,3.7333,3.693,3.6404,3.5773,3.5072,3.4348,3.3681,3.3165,3.2871,3.2785,3.2825,3.2896,3.2937,3.2923,3.2853,3.2731,3.2567,3.2369,3.2145,3.1902,3.1646,3.1383,3.1118,3.0855,3.0601,3.0358,3.013,2.9921,3.7697,3.7823,3.7953,3.8081,3.8197,3.8279,3.8289,3.8175,3.789,3.7413,3.6754,3.5945,3.5018,3.4024,3.3073,3.2359,3.2051,3.2121,3.237,3.2612,3.2763,3.2809,3.2765,3.2648,3.2477,3.2264,3.202,3.1753,3.1471,3.1181,3.0889,3.0601,3.0323,3.006,2.9814,2.9591,3.7902,3.8063,3.824,3.8434,3.8639,3.8834,3.8966,3.8943,3.8666,3.8091,3.7251,3.6211,3.5,3.3629,3.2211,3.1122,3.0814,3.1222,3.1842,3.2333,3.2615,3.2719,3.2692,3.2573,3.2387,3.2152,3.1882,3.1585,3.1272,3.095,3.0627,3.0309,3.0004,2.9717,2.9452,2.9215,3.8097,3.8294,3.8521,3.8789,3.9109,3.9474,3.9827,4.0008,3.9787,3.9057,3.7943,3.6616,3.5106,3.3318,3.1249,2.951,2.9224,3.0242,3.1391,3.215,3.2538,3.2672,3.2644,3.2507,3.2296,3.2031,3.1727,3.1395,3.1045,3.0685,3.0324,2.9971,2.9634,2.932,2.9034,2.8781,3.8278,3.8505,3.8775,3.9113,3.9558,4.0152,4.0882,4.1505,4.1456,4.0417,3.8823,3.715,3.5432,3.3424,3.091,2.8552,2.8268,2.9831,3.132,3.218,3.2572,3.2681,3.2619,3.2447,3.22,3.1896,3.1552,3.1176,3.0781,3.0376,2.997,2.9576,2.9202,2.8856,2.8547,2.8279,3.8438,3.8687,3.8985,3.9367,3.9903,4.0719,4.1963,4.3446,4.3844,4.2112,3.969,3.7664,3.5936,3.4125,3.1963,2.993,2.9552,3.0698,3.1826,3.2459,3.2712,3.2733,3.2608,3.2386,3.2092,3.1742,3.1349,3.0922,3.0473,3.0013,2.9554,2.911,2.8692,2.8311,2.7976,2.7692,3.8577,3.8838,3.9144,3.9526,4.006,4.0924,4.2465,4.4858,4.5919,4.3161,3.9976,3.7883,3.6392,3.5043,3.3643,3.2421,3.1954,3.2225,3.2627,3.2855,3.2894,3.2794,3.2592,3.2311,3.1964,3.1561,3.1112,3.0624,3.0111,2.9584,2.9061,2.8556,2.8085,2.7663,2.73,2.7002,3.8699,3.8968,3.9268,3.9613,4.0041,4.0661,4.1731,4.3437,4.4061,4.1661,3.9186,3.7666,3.6618,3.5721,3.4862,3.4105,3.3603,3.3375,3.3275,3.3175,3.3027,3.2819,3.2546,3.2208,3.1807,3.1346,3.0831,3.0272,2.9681,2.9073,2.8469,2.7889,2.7355,2.6885,2.6492,2.6184,3.8808,3.909,3.9392,3.9706,4.0013,4.0287,4.0493,4.0505,3.9873,3.8656,3.7784,3.7204,3.6652,3.6086,3.5507,3.4922,3.4376,3.392,3.3567,3.3292,3.3043,3.2773,3.2451,3.2066,3.1612,3.1088,3.05,2.9855,2.9168,2.8459,2.7753,2.708,2.6467,2.594,2.5516,2.5204,3.8906,3.9213,3.9545,3.9886,4.0191,4.0341,4.0066,3.8874,3.6604,3.5483,3.6362,3.6821,3.6649,3.6264,3.5815,3.5263,3.4604,3.3952,3.3459,3.3146,3.2905,3.2636,3.2298,3.1878,3.1373,3.0783,3.0109,2.9361,2.8555,2.7716,2.6879,2.6083,2.5371,2.4777,2.4324,2.4019,3.8985,3.933,3.9722,4.0167,4.0647,4.1079,4.1111,3.9496,3.3832,3.1231,3.5456,3.6834,3.6728,3.6336,3.5966,3.5388,3.4461,3.3425,3.2822,3.2685,3.2612,3.2413,3.2083,3.164,3.1087,3.0424,2.9652,2.8777,2.782,2.681,2.5797,2.4838,2.3997,2.3323,2.2847,2.2573,3.9032,3.9413,3.9876,4.0456,4.1217,4.225,4.3578,4.4106,3.8879,3.4678,3.6795,3.7496,3.6926,3.6217,3.6026,3.5445,3.3991,3.1888,3.1275,3.191,3.2223,3.2125,3.1807,3.1347,3.075,3.0009,2.912,2.809,2.6937,2.5699,2.4442,2.3257,2.2242,2.1474,2.0992,2.0789,3.9029,3.943,3.9935,4.0604,4.1553,4.3006,4.5294,4.7926,4.5357,4.024,3.8735,3.9112,3.8007,3.6099,3.5989,3.5517,3.366,2.9319,2.9124,3.1292,3.1883,3.177,3.1448,3.0991,3.0362,2.9537,2.8513,2.7291,2.5883,2.4329,2.2722,2.1208,1.995,1.9074,1.8626,1.8572,3.8964,3.9358,3.9852,4.0504,4.1411,4.2723,4.4542,4.631,4.4831,4.0868,3.9282,4.1115,4.1167,3.3124,3.5606,3.593,3.5094,3.1713,3.0741,3.1631,3.1538,3.1196,3.0936,3.0562,2.9928,2.9014,2.7834,2.6383,2.4642,2.264,2.0506,1.8487,1.6879,1.589,1.5565,1.5801,3.8838,3.9195,3.963,4.0174,4.0863,4.1712,4.2594,4.2925,4.1703,3.9669,3.8583,3.8392,3.719,3.5987,3.6006,3.7082,3.8302,3.539,3.3219,3.1839,3.0394,2.9972,3.02,3.0089,2.9468,2.8445,2.7099,2.5396,2.3234,2.0579,1.7608,1.4772,1.2637,1.1572,1.1571,1.2354,3.866,3.8963,3.9313,3.9713,4.0154,4.0583,4.0839,4.0627,3.9759,3.8663,3.8102,3.725,3.7099,3.6647,3.6619,3.715,3.7717,3.5885,3.3818,3.1072,2.7513,2.7922,2.9459,2.9691,2.9004,2.783,2.6346,2.4425,2.1755,1.813,1.3773,0.9542,0.6608,0.5634,0.6386,0.8161,3.8447,3.8691,3.8954,3.9225,3.9477,3.9654,3.9657,3.9382,3.884,3.8267,3.8008,3.7594,3.7472,3.7492,3.7123,3.6938,3.6473,3.5435,3.4206,3.1578,2.7206,2.7801,2.9486,2.9514,2.8516,2.7137,2.565,2.3667,2.0437,1.5388,0.8708,0.2043,-0.2056,-0.2429,-0.0089,0.3353,3.8217,3.8406,3.8595,3.877,3.8905,3.8962,3.8895,3.8679,3.8354,3.8031,3.7793,3.7599,3.7602,3.7659,3.7849,3.7796,3.663,3.5348,3.4961,3.3691,3.1355,3.0459,3.0337,2.9501,2.7921,2.631,2.5134,2.3392,1.9625,1.2691,0.2397,-0.83,-1.3847,-1.2459,-0.7291,-0.1489,3.7982,3.8126,3.8259,3.8369,3.8438,3.8445,3.8371,3.8217,3.8012,3.7807,3.7639,3.7539,3.7579,3.7953,3.9547,4.0192,3.7421,3.5604,3.5131,3.4879,3.3669,3.2372,3.1221,2.9577,2.7316,2.545,2.4926,2.3599,1.9479,1.0798,-0.3689,-1.9518,-2.625,-2.1873,-1.3283,-0.5158,3.7752,3.7859,3.7952,3.8021,3.8054,3.8041,3.7977,3.7866,3.7727,3.7588,3.7477,3.7431,3.7531,3.8008,3.9245,3.9534,3.7453,3.5944,3.576,3.5925,3.4718,3.3498,3.2146,3.0041,2.7278,2.5247,2.4864,2.3579,1.9775,1.0784,-0.5422,-2.3631,-3.0757,-2.5004,-1.5134,-0.6259,3.7529,3.7609,3.7674,3.7716,3.7729,3.7709,3.7654,3.7569,3.7467,3.7366,3.7284,3.7253,3.732,3.7553,3.7882,3.7719,3.6801,3.5932,3.564,3.5534,3.5069,3.4733,3.3854,3.1394,2.7989,2.5286,2.3812,2.3218,2.0459,1.2815,-0.0728,-1.5667,-2.2452,-1.9158,-1.1693,-0.4316,3.7317,3.7376,3.742,3.7444,3.7446,3.7421,3.7372,3.7303,3.722,3.7136,3.7063,3.7016,3.7011,3.7041,3.702,3.6773,3.6272,3.5765,3.5472,3.5405,3.5815,3.7178,3.7312,3.3887,2.9178,2.5214,2.3205,2.3176,2.1165,1.5441,0.6154,-0.3749,-0.9363,-0.9014,-0.51,-0.0257,3.7116,3.7158,3.7186,3.7198,3.7191,3.7163,3.7117,3.7054,3.698,3.6901,3.6823,3.6752,3.6686,3.6609,3.6474,3.623,3.5889,3.5557,3.5368,3.5517,3.6551,3.9001,3.9745,3.5757,3.0593,2.6534,2.4374,2.3494,2.1628,1.7593,1.1664,0.548,0.1332,0.0328,0.1799,0.4469,3.6924,3.6952,3.6969,3.6971,3.6956,3.6926,3.6879,3.6818,3.6745,3.6664,3.6577,3.6484,3.638,3.6252,3.6079,3.5849,3.558,3.5332,3.5207,3.5388,3.619,3.757,3.7687,3.503,3.1251,2.7983,2.5767,2.4209,2.2294,1.9356,1.5512,1.1576,0.8635,0.734,0.7597,0.8875]},{"header":{"la1":42.85,"la2":41.18,"lo1":11.55,"lo2":14.05,"nx":36,"ny":24,"dx":0.07143,"dy":0.07261,"parameterCategory":2,"parameterNumber":3,"parameterNumberName":"northward_wind","parameterUnit":"m.s-1"},"data":[0.9878,0.97,0.9504,0.9295,0.9084,0.889,0.8738,0.865,0.8638,0.8688,0.8761,0.8805,0.8778,0.867,0.8519,0.8415,0.8452,0.8661,0.8996,0.9382,0.9759,1.0099,1.0393,1.0644,1.0858,1.1042,1.1201,1.1338,1.1459,1.1564,1.1657,1.1739,1.1811,1.1875,1.193,1.1979,0.9815,0.9603,0.9359,0.9085,0.8794,0.851,0.8276,0.8143,0.8143,0.8261,0.8424,0.8534,0.8502,0.8291,0.7957,0.768,0.7677,0.8006,0.8535,0.9099,0.9606,1.0029,1.0375,1.0657,1.0891,1.1086,1.1253,1.1396,1.152,1.1627,1.1722,1.1804,1.1876,1.1939,1.1994,1.2041,0.977,0.9522,0.9222,0.8866,0.8459,0.8028,0.7642,0.7407,0.7416,0.7663,0.8011,0.8265,0.8261,0.7901,0.7235,0.6604,0.6532,0.7129,0.801,0.8835,0.9497,1.0005,1.0395,1.0701,1.0948,1.1151,1.1322,1.1468,1.1593,1.1702,1.1796,1.1879,1.195,1.2012,1.2065,1.211,0.9754,0.9472,0.9115,0.8663,0.8099,0.7436,0.6761,0.6285,0.6271,0.6768,0.7482,0.8028,0.8135,0.763,0.6478,0.5215,0.5051,0.6171,0.7573,0.8693,0.949,1.0055,1.0468,1.0783,1.1033,1.1237,1.1409,1.1554,1.168,1.1788,1.1882,1.1963,1.2032,1.2092,1.2143,1.2186,0.9778,0.9474,0.907,0.8525,0.778,0.6785,0.5584,0.4537,0.4378,0.539,0.6821,0.7874,0.8231,0.7732,0.625,0.4386,0.4147,0.5787,0.7561,0.8815,0.9639,1.0198,1.0598,1.0903,1.1145,1.1345,1.1513,1.1656,1.178,1.1886,1.1978,1.2057,1.2124,1.2181,1.2229,1.2269,0.9852,0.9545,0.9124,0.8523,0.7632,0.6279,0.4302,0.2056,0.1392,0.3493,0.6186,0.7923,0.8625,0.839,0.7224,0.5677,0.5436,0.6759,0.8217,0.9256,0.9947,1.0425,1.0778,1.1055,1.1281,1.1471,1.1633,1.1773,1.1893,1.1997,1.2086,1.2162,1.2226,1.228,1.2324,1.2359,0.9978,0.9696,0.9302,0.8722,0.782,0.6328,0.3796,0.0151,-0.1383,0.2275,0.6208,0.8384,0.933,0.9444,0.8923,0.8181,0.7987,0.8525,0.9262,0.9876,1.0338,1.0695,1.0984,1.1226,1.1433,1.1613,1.1768,1.1903,1.202,1.212,1.2206,1.2279,1.2339,1.2388,1.2427,1.2458,1.0151,0.9919,0.9598,0.9131,0.8408,0.7217,0.5199,0.23,0.1211,0.4337,0.7516,0.9349,1.0286,1.0614,1.0498,1.0176,0.996,0.9994,1.0189,1.0439,1.0697,1.0949,1.1185,1.1401,1.1594,1.1766,1.1916,1.2047,1.2161,1.2257,1.2339,1.2407,1.2463,1.2507,1.254,1.2565,1.0355,1.019,0.9973,0.9674,0.9244,0.8606,0.7703,0.6772,0.6745,0.793,0.9338,1.0527,1.1372,1.1801,1.1808,1.1517,1.114,1.0853,1.0731,1.0772,1.0927,1.1137,1.1358,1.1569,1.176,1.193,1.2078,1.2206,1.2316,1.2409,1.2487,1.255,1.2599,1.2637,1.2664,1.2681,1.0572,1.0477,1.0366,1.0236,1.0082,0.9897,0.9683,0.9493,0.9467,0.9718,1.0476,1.154,1.2512,1.3094,1.3064,1.2518,1.1772,1.1122,1.078,1.0774,1.0973,1.1239,1.15,1.1732,1.1934,1.2107,1.2255,1.2382,1.2489,1.2578,1.265,1.2707,1.275,1.278,1.2798,1.2807,1.078,1.0746,1.0724,1.0727,1.0769,1.0861,1.0949,1.0773,0.9866,0.9444,1.0866,1.2333,1.3748,1.4777,1.4574,1.3389,1.1925,1.0645,1.0115,1.0349,1.0835,1.1281,1.1633,1.1906,1.2124,1.2304,1.2454,1.2579,1.2682,1.2765,1.283,1.288,1.2915,1.2936,1.2945,1.2943,1.0965,1.0977,1.1016,1.1102,1.1261,1.1523,1.188,1.2059,1.1067,1.0352,1.1506,1.2899,1.4867,1.7359,1.6531,1.4078,1.1477,0.8771,0.8187,0.9477,1.063,1.1354,1.1809,1.2116,1.2346,1.2529,1.2679,1.2801,1.2899,1.2974,1.3031,1.3072,1.3097,1.3108,1.3105,1.309,1.1121,1.1159,1.1231,1.1354,1.1554,1.1873,1.235,1.2851,1.2423,1.1762,1.2067,1.2805,1.4129,1.8055,1.7128,1.3982,1.0864,0.5512,0.5371,0.8851,1.0715,1.1613,1.2091,1.2389,1.2611,1.2792,1.294,1.3057,1.3145,1.3208,1.3254,1.3284,1.3298,1.3297,1.3281,1.325,1.1244,1.1294,1.1375,1.1497,1.1678,1.1939,1.2281,1.2594,1.2395,1.1942,1.2013,1.2445,1.2442,1.0602,1.3437,1.324,1.1945,0.8312,0.7601,0.9948,1.1449,1.216,1.2504,1.2728,1.2923,1.3101,1.3249,1.3357,1.3427,1.3471,1.3499,1.3517,1.3521,1.3506,1.3473,1.3422,1.1339,1.139,1.1463,1.1564,1.1695,1.1857,1.202,1.2089,1.1902,1.154,1.139,1.1746,1.1508,1.0437,1.2083,1.3445,1.4471,1.2319,1.1279,1.1845,1.2613,1.2913,1.2987,1.3101,1.3278,1.3472,1.3627,1.3717,1.3751,1.376,1.3765,1.3771,1.3766,1.3739,1.3684,1.3608,1.1411,1.1457,1.1516,1.1589,1.1672,1.1751,1.1795,1.1739,1.1486,1.0876,0.9681,1.1577,1.1691,1.1527,1.2085,1.3183,1.4011,1.314,1.2792,1.308,1.3606,1.3562,1.3397,1.346,1.3684,1.3946,1.4124,1.4167,1.4125,1.4069,1.4044,1.4045,1.404,1.3999,1.3915,1.3804,1.1467,1.1505,1.155,1.16,1.1646,1.1676,1.1664,1.1568,1.1317,1.0769,0.9899,1.0949,1.1858,1.2042,1.1966,1.236,1.2917,1.3362,1.3706,1.3714,1.3778,1.3731,1.3651,1.38,1.4183,1.4621,1.4835,1.4751,1.4541,1.4375,1.4314,1.4333,1.4347,1.429,1.4164,1.4003,1.1512,1.1543,1.1577,1.1609,1.1634,1.1641,1.1614,1.153,1.1369,1.1137,1.1022,1.1358,1.1883,1.1932,1.1254,1.1203,1.2431,1.3995,1.4754,1.4474,1.4134,1.3917,1.3873,1.414,1.4828,1.5663,1.5921,1.5487,1.4954,1.4628,1.4546,1.4625,1.4684,1.46,1.4409,1.4185,1.155,1.1575,1.1601,1.1623,1.1638,1.1638,1.1614,1.1561,1.1481,1.1402,1.1397,1.15,1.1562,1.1152,0.9369,0.8686,1.1695,1.4124,1.5181,1.5971,1.5101,1.4283,1.4019,1.4357,1.5446,1.7035,1.7367,1.6161,1.5213,1.4763,1.4697,1.4876,1.499,1.4863,1.4597,1.4317,1.1584,1.1606,1.1626,1.1643,1.1654,1.1655,1.1641,1.1614,1.1579,1.1551,1.1546,1.1544,1.143,1.0917,0.9635,0.9364,1.1763,1.4364,1.7527,1.8737,1.5925,1.4301,1.3789,1.4157,1.5364,1.7184,1.7556,1.5938,1.5088,1.4731,1.4722,1.4958,1.5095,1.4947,1.4656,1.436,1.1616,1.1635,1.1653,1.1668,1.1679,1.1683,1.168,1.167,1.1658,1.1648,1.164,1.1613,1.151,1.1257,1.094,1.1184,1.2424,1.4223,1.625,1.6772,1.4988,1.333,1.2783,1.334,1.4424,1.5142,1.4678,1.4622,1.4641,1.4558,1.4604,1.4793,1.4902,1.4795,1.456,1.4304,1.1647,1.1664,1.1681,1.1696,1.1708,1.1717,1.1721,1.1723,1.1725,1.1727,1.1727,1.1716,1.1681,1.1633,1.1668,1.1993,1.2713,1.3668,1.4467,1.4405,1.3094,1.124,1.0736,1.2017,1.3456,1.4102,1.3917,1.4079,1.429,1.4342,1.4403,1.4514,1.458,1.4522,1.4368,1.4178,1.1676,1.1693,1.171,1.1726,1.174,1.1753,1.1764,1.1774,1.1785,1.1798,1.1812,1.1827,1.1847,1.1895,1.2023,1.2298,1.2725,1.319,1.3437,1.3103,1.1849,0.9899,0.9408,1.1105,1.2781,1.3673,1.3933,1.4018,1.4094,1.4141,1.419,1.425,1.4282,1.4249,1.4153,1.4022,1.1705,1.1722,1.1739,1.1756,1.1773,1.1789,1.1805,1.1822,1.1841,1.1863,1.189,1.1925,1.1975,1.2056,1.2192,1.2398,1.2652,1.2872,1.291,1.2577,1.1733,1.0643,1.0396,1.1366,1.2526,1.3297,1.3673,1.3829,1.3904,1.3951,1.3991,1.4026,1.4041,1.4018,1.3956,1.3866]}]