docs/data/wind_grid.json
[{"header":{"la1":42.85,"la2":41.18,"lo1":11.55,"lo2":14.05,"nx":36,"ny":24,"dx":0.07143,"dy":0.07261,"parameterCategory":2,"parameterNumber":2,"parameterNumberName":"eastward_wind","parameterUnit":"m.s-1"},"data":[1.4078,1.4008,1.3922,1.3825,1.3725,1.3637,1.358,1.3575,1.3641,1.3786,1.401,1.431,1.4678,1.5111,1.5602,1.6131,1.666,1.7129,1.747,1.7627,1.7584,1.737,1.7037,1.664,1.6225,1.5821,1.5443,1.5101,1.4795,1.4526,1.4291,1.4087,1.3909,1.3756,1.3623,1.3509,1.411,1.4021,1.3905,1.3765,1.361,1.3458,1.3339,1.3288,1.3338,1.3503,1.3777,1.4145,1.4598,1.5141,1.5775,1.649,1.7242,1.7934,1.8435,1.864,1.8523,1.8152,1.7633,1.7062,1.6501,1.5983,1.552,1.5115,1.4765,1.4465,1.421,1.3992,1.3807,1.365,1.3516,1.3402,1.417,1.4063,1.3914,1.372,1.3487,1.3237,1.3012,1.2878,1.2899,1.3099,1.3449,1.3909,1.4464,1.5129,1.5939,1.6913,1.8011,1.9083,1.987,2.0136,1.9847,1.9177,1.835,1.7522,1.6767,1.611,1.5551,1.5081,1.4688,1.4361,1.4089,1.3864,1.3675,1.3518,1.3387,1.3276,1.427,1.4151,1.3969,1.3712,1.3376,1.2975,1.2566,1.2271,1.2237,1.2516,1.3008,1.3599,1.4263,1.5051,1.6052,1.7362,1.9003,2.0769,2.2113,2.2448,2.1744,2.0492,1.9161,1.7972,1.6978,1.6167,1.5509,1.4978,1.4548,1.4202,1.3922,1.3695,1.351,1.3358,1.3232,1.3129,1.4425,1.4307,1.4104,1.3785,1.3324,1.2708,1.1981,1.1348,1.1199,1.1681,1.2458,1.3235,1.3996,1.4865,1.6028,1.7719,2.0159,2.3215,2.5749,2.6113,2.4388,2.2033,1.9948,1.8315,1.7065,1.6105,1.536,1.4781,1.4329,1.3976,1.3699,1.3481,1.3306,1.3166,1.3052,1.296,1.4649,1.4561,1.4363,1.4003,1.3421,1.2551,1.1346,1.0031,0.9605,1.0608,1.1904,1.2884,1.3676,1.4529,1.5733,1.7709,2.1072,2.624,3.1265,3.1432,2.7466,2.3399,2.0446,1.8399,1.6941,1.5869,1.5066,1.4463,1.401,1.367,1.3413,1.3216,1.3063,1.2942,1.2846,1.2768,1.4957,1.4944,1.4805,1.4455,1.3802,1.2742,1.1123,0.8987,0.812,0.9895,1.1633,1.2638,1.3316,1.4,1.5029,1.6948,2.0732,2.7677,3.5725,3.5462,2.9001,2.3681,2.0288,1.807,1.6526,1.5407,1.4588,1.3996,1.3573,1.3273,1.3058,1.2899,1.278,1.2686,1.2613,1.2554,1.5349,1.548,1.5495,1.525,1.4598,1.3491,1.1933,1.0087,0.9371,1.0625,1.1819,1.2498,1.2908,1.3259,1.384,1.525,1.8431,2.4269,3.0954,3.1283,2.6516,2.2247,1.9324,1.728,1.5783,1.4677,1.3886,1.3348,1.2998,1.2775,1.2631,1.2532,1.2458,1.24,1.2354,1.2319,1.5797,1.6166,1.6499,1.6531,1.5917,1.4707,1.3325,1.211,1.1494,1.1595,1.2008,1.234,1.2442,1.2339,1.2139,1.2724,1.5261,1.914,2.2726,2.3708,2.2148,1.9917,1.7871,1.6132,1.4708,1.3627,1.2899,1.2475,1.2264,1.2173,1.2138,1.212,1.2105,1.2089,1.2073,1.2062,1.6223,1.6905,1.7783,1.8467,1.7891,1.6133,1.4524,1.3134,1.1678,1.1113,1.175,1.2115,1.1954,1.143,1.0073,0.9423,1.2876,1.643,1.8764,1.9624,1.9183,1.7965,1.6405,1.476,1.3259,1.2137,1.1515,1.1314,1.1353,1.1475,1.1593,1.1678,1.1729,1.1756,1.1771,1.1785,1.6492,1.7416,1.885,2.0522,2.0075,1.7315,1.5574,1.4034,1.0428,0.8759,1.1372,1.198,1.1422,1.065,0.9811,0.9219,1.3041,1.6692,1.854,1.8735,1.8046,1.6823,1.5159,1.3173,1.1233,0.9916,0.9521,0.9785,1.0271,1.0714,1.1032,1.1231,1.1344,1.1407,1.1448,1.1484,1.649,1.7385,1.8733,2.024,1.977,1.7491,1.6773,1.6729,1.3543,1.0968,1.219,1.221,1.0844,0.8701,0.9603,1.194,1.5563,2.0275,2.1608,1.9843,1.8064,1.6335,1.4146,1.1252,0.8164,0.636,0.6594,0.7861,0.9104,0.998,1.0514,1.0808,1.0961,1.1042,1.1098,1.1153,1.6244,1.6883,1.7654,1.8205,1.7834,1.7125,1.7585,1.8982,1.7444,1.4418,1.3376,1.3126,1.1823,0.7953,0.9044,1.3152,1.8042,2.6423,2.6659,2.1231,1.8411,1.6313,1.3498,0.911,0.3593,0.0764,0.2694,0.5855,0.8121,0.9431,1.0114,1.0437,1.0577,1.0646,1.0703,1.0778,1.5882,1.6265,1.6624,1.6795,1.6689,1.6659,1.7197,1.806,1.7196,1.4926,1.3851,1.4159,1.4213,1.2814,1.2453,1.5444,1.9281,2.327,2.3769,2.0562,1.8743,1.6987,1.3779,0.8029,-0.0373,-0.4564,-0.0191,0.4856,0.7796,0.9249,0.9887,1.0111,1.0161,1.0178,1.0231,1.0334,1.5515,1.5732,1.5903,1.598,1.5979,1.6032,1.6222,1.6269,1.5562,1.4442,1.3811,1.3597,1.3552,1.3947,1.4162,1.9127,2.4374,2.0648,1.9701,1.9661,2.0423,1.9349,1.5579,0.9828,0.2426,-0.1392,0.1927,0.6073,0.845,0.9498,0.9804,0.9757,0.9622,0.9559,0.9623,0.9791,1.5189,1.531,1.5394,1.5427,1.542,1.5402,1.5348,1.512,1.4609,1.4056,1.394,1.313,1.3181,1.3487,1.4382,1.8265,2.1945,1.8689,1.7601,2.0132,2.5808,2.4094,1.8048,1.2922,0.8636,0.6477,0.7256,0.886,0.9811,1.0013,0.9711,0.9203,0.8787,0.8654,0.8801,0.9115,1.491,1.4973,1.5007,1.5004,1.4966,1.4887,1.4744,1.4494,1.4148,1.3855,1.3833,1.3351,1.2705,1.2504,1.3185,1.4429,1.542,1.4478,1.4107,1.824,2.6387,2.4466,1.8422,1.4631,1.2538,1.1792,1.1803,1.1748,1.1324,1.0514,0.9373,0.8166,0.7377,0.7281,0.7697,0.8306,1.4671,1.4697,1.4698,1.4669,1.4604,1.4498,1.4339,1.4121,1.3864,1.3626,1.3407,1.302,1.2408,1.2049,1.091,1.0478,1.1682,1.0673,0.8612,1.3098,1.7703,1.8362,1.6359,1.4796,1.4564,1.5371,1.5555,1.4343,1.2675,1.082,0.8605,0.6335,0.5084,0.5336,0.636,0.7448,1.4466,1.4467,1.4446,1.4398,1.4319,1.4205,1.405,1.3857,1.3636,1.3398,1.3115,1.2708,1.2076,1.0677,0.6349,0.4621,0.9279,1.0152,0.9513,1.1459,1.3279,1.4192,1.4074,1.4235,1.5756,1.8684,1.9324,1.6461,1.366,1.0952,0.7618,0.3924,0.2198,0.3256,0.5159,0.6771,1.429,1.4273,1.4237,1.4177,1.4091,1.3976,1.3829,1.3651,1.3443,1.3198,1.2886,1.2434,1.166,1.0021,0.6783,0.583,0.9037,1.0584,1.1042,1.1169,1.1523,1.1605,1.1763,1.2945,1.5554,1.9245,2.0024,1.6818,1.3984,1.1095,0.7384,0.2965,0.1002,0.2517,0.4791,0.6575,1.4136,1.4108,1.4061,1.3995,1.3906,1.3792,1.3652,1.3483,1.3282,1.3038,1.2723,1.2281,1.1605,1.0554,0.9324,0.9053,0.9965,1.0701,1.0942,1.0845,0.9941,0.8294,0.7989,1.0275,1.3709,1.6489,1.7371,1.628,1.3709,1.1184,0.8362,0.5031,0.3262,0.3981,0.5555,0.6961,1.4003,1.3966,1.3913,1.3843,1.3753,1.3641,1.3506,1.3346,1.3154,1.2921,1.2629,1.2247,1.1746,1.1139,1.0594,1.0403,1.0551,1.0656,1.0433,0.9523,0.6852,0.2091,0.0839,0.593,1.1425,1.5288,1.7751,1.5998,1.2251,1.0556,0.9291,0.7552,0.6294,0.6221,0.6883,0.7708,1.3886,1.3843,1.3786,1.3714,1.3624,1.3516,1.3387,1.3235,1.3055,1.284,1.2582,1.2269,1.1902,1.151,1.1169,1.0947,1.0795,1.0525,0.9854,0.8207,0.431,-0.2414,-0.43,0.2759,0.9349,1.3162,1.4548,1.2357,0.8959,0.9137,0.9452,0.889,0.8199,0.7932,0.8105,0.8504,1.3783,1.3736,1.3677,1.3604,1.3516,1.3411,1.3288,1.3145,1.2978,1.2785,1.2559,1.2301,1.2016,1.1721,1.1441,1.1182,1.0889,1.0431,0.957,0.7886,0.4794,0.0787,-0.0052,0.4024,0.8543,1.1261,1.1926,1.0407,0.85,0.8847,0.9481,0.9465,0.9179,0.8984,0.8999,0.9178]},{"header":{"la1":42.85,"la2":41.18,"lo1":11.55,"lo2":14.05,"nx":36,"ny":24,"dx":0.07143,"dy":0.07261,"parameterCategory":2,"parameterNumber":3,"parameterNumberName":"northward_wind","parameterUnit":"m.s-1"},"data":[0.7401,0.712,0.6808,0.647,0.6122,0.579,0.5512,0.5327,0.5261,0.5305,0.5423,0.5557,0.5659,0.5697,0.566,0.5557,0.5414,0.5272,0.5176,0.5163,0.5246,0.5414,0.564,0.5894,0.6156,0.6412,0.6657,0.6889,0.7109,0.7319,0.7519,0.771,0.7894,0.8069,0.8235,0.8393,0.7352,0.7025,0.6646,0.6217,0.575,0.5281,0.4872,0.4604,0.4537,0.4666,0.4915,0.518,0.5375,0.5451,0.5398,0.523,0.4986,0.4733,0.4552,0.4514,0.4638,0.489,0.5213,0.5557,0.5891,0.6203,0.6489,0.6753,0.6998,0.723,0.745,0.766,0.786,0.805,0.8231,0.84,0.7332,0.6959,0.6507,0.5962,0.5326,0.4635,0.3986,0.3544,0.3462,0.3753,0.4254,0.475,0.5095,0.5229,0.5149,0.4876,0.4462,0.4008,0.3673,0.36,0.3816,0.4229,0.4714,0.5189,0.5617,0.5992,0.6321,0.6616,0.6887,0.7141,0.7382,0.7611,0.783,0.8038,0.8233,0.8417,0.7356,0.6944,0.642,0.5745,0.4885,0.3842,0.274,0.1905,0.1755,0.2383,0.3384,0.4284,0.4855,0.5065,0.4942,0.4513,0.3819,0.2995,0.2357,0.2242,0.2682,0.3408,0.4159,0.4813,0.535,0.5789,0.6158,0.6481,0.6775,0.7051,0.7314,0.7565,0.7805,0.8033,0.8246,0.8444,0.7436,0.7005,0.6431,0.5639,0.4524,0.298,0.1045,-0.072,-0.1123,0.0275,0.2297,0.3857,0.4722,0.5005,0.482,0.4192,0.3082,0.1577,0.0293,0.0154,0.1147,0.2468,0.3611,0.4477,0.5117,0.5606,0.6,0.6342,0.6656,0.6955,0.7243,0.7521,0.7786,0.8036,0.827,0.8484,0.7579,0.7159,0.6584,0.5743,0.444,0.2358,-0.0844,-0.465,-0.5885,-0.2656,0.1261,0.3672,0.4789,0.5087,0.4824,0.4019,0.2445,-0.0141,-0.2753,-0.2805,-0.0604,0.1633,0.3213,0.425,0.4946,0.5445,0.5841,0.619,0.6521,0.6846,0.7165,0.7476,0.7773,0.8052,0.8308,0.8542,0.7777,0.7402,0.6894,0.6131,0.4864,0.2597,-0.1532,-0.7853,-1.0611,-0.4577,0.1214,0.4042,0.5129,0.5304,0.494,0.4091,0.2374,-0.1009,-0.5168,-0.5013,-0.1485,0.1399,0.315,0.419,0.4838,0.5287,0.5653,0.5998,0.635,0.6711,0.7076,0.7431,0.7769,0.8082,0.8367,0.8621,0.8008,0.7697,0.7306,0.6756,0.583,0.4086,0.0827,-0.4139,-0.6153,-0.1344,0.3026,0.5055,0.5691,0.555,0.4999,0.4264,0.3058,0.0558,-0.2679,-0.2775,-0.0168,0.2086,0.3473,0.4271,0.4743,0.5073,0.538,0.5722,0.6113,0.6536,0.6968,0.7387,0.7779,0.8135,0.8452,0.8728,0.824,0.797,0.7678,0.7373,0.6961,0.6157,0.4725,0.3055,0.2713,0.4137,0.5578,0.631,0.6313,0.5666,0.4597,0.3912,0.3672,0.2809,0.1548,0.1276,0.2172,0.3231,0.3965,0.4356,0.4541,0.4686,0.492,0.5289,0.5768,0.6302,0.6841,0.7351,0.7814,0.8222,0.8573,0.8872,0.8455,0.8164,0.7826,0.7563,0.7606,0.7784,0.7686,0.735,0.7111,0.715,0.7361,0.7377,0.6908,0.5734,0.3328,0.2137,0.3594,0.391,0.3624,0.3533,0.3799,0.4153,0.4325,0.4242,0.4027,0.3919,0.4105,0.4595,0.527,0.6002,0.6706,0.734,0.7891,0.8358,0.8746,0.9065,0.8681,0.8328,0.7782,0.7122,0.7341,0.8751,0.9769,0.973,0.8068,0.7265,0.8245,0.8205,0.7482,0.6326,0.386,0.2185,0.3914,0.4106,0.3973,0.4207,0.4536,0.466,0.4403,0.3731,0.289,0.2408,0.2659,0.3508,0.4592,0.5656,0.6596,0.7388,0.804,0.8568,0.8988,0.9319,0.8978,0.8642,0.808,0.7367,0.776,0.9886,1.1828,1.2684,1.054,0.8753,0.9311,0.9023,0.7892,0.6581,0.6187,0.5372,0.4542,0.2894,0.2565,0.387,0.4785,0.4921,0.4234,0.266,0.0626,-0.0499,0.0192,0.1948,0.3791,0.5346,0.6582,0.7549,0.8303,0.8883,0.9323,0.9651,0.9365,0.9171,0.8922,0.8828,0.9535,1.1225,1.3203,1.4825,1.3648,1.1507,1.0707,1.0126,0.8863,0.6474,0.6613,0.6348,0.4338,-0.0356,-0.039,0.3436,0.5089,0.522,0.4048,0.1139,-0.3238,-0.5566,-0.3413,0.0188,0.3132,0.5247,0.6772,0.7895,0.8728,0.9339,0.9776,1.0079,0.9793,0.9764,0.9801,1.0058,1.0749,1.1878,1.3165,1.4155,1.3745,1.2686,1.2086,1.1144,1.0471,0.7466,0.8049,0.6329,0.3969,0.1917,0.1961,0.4671,0.5858,0.5735,0.4288,0.0328,-0.6769,-1.0627,-0.6193,-0.0642,0.3133,0.5589,0.7281,0.8497,0.9371,0.9976,1.0373,1.0616,1.0199,1.0285,1.0461,1.08,1.1357,1.209,1.2835,1.3353,1.3569,1.4041,1.4615,1.3932,1.2226,1.2783,0.9602,0.4189,-0.1373,0.3839,0.5997,0.6801,0.6473,0.6099,0.5168,0.1896,-0.4107,-0.7519,-0.3995,0.0773,0.4168,0.649,0.817,0.941,1.0283,1.0838,1.1141,1.1273,1.0551,1.0699,1.0925,1.1259,1.171,1.2245,1.2804,1.3376,1.4202,1.5981,1.9205,1.8496,1.6261,1.3451,1.1306,0.6264,0.1937,0.6935,0.9681,0.8461,0.4817,0.5221,0.6194,0.4708,0.182,0.013,0.1267,0.3633,0.5889,0.7803,0.9402,1.0664,1.1522,1.1967,1.2097,1.2048,1.0844,1.1022,1.1262,1.1576,1.1967,1.2425,1.2953,1.3617,1.4636,1.6431,1.8873,1.8076,1.8163,1.8302,1.4542,1.215,1.1427,1.4315,1.6399,1.2114,0.4935,0.568,0.7579,0.7036,0.5578,0.4593,0.4761,0.5899,0.7505,0.9222,1.088,1.2285,1.3157,1.3402,1.3231,1.2906,1.1084,1.1275,1.1515,1.1811,1.2168,1.259,1.3094,1.3731,1.4585,1.5672,1.662,1.7051,1.8513,1.8927,1.7646,1.7507,1.7268,2.1983,2.7249,1.9556,1.2854,1.0494,0.9926,0.8785,0.7013,0.5284,0.5012,0.6554,0.8583,1.0538,1.2489,1.4265,1.5209,1.5086,1.4441,1.3754,1.128,1.1475,1.1709,1.199,1.2322,1.271,1.317,1.372,1.4373,1.5083,1.5736,1.6353,1.7176,1.8286,2.1949,2.3622,2.0229,2.2823,2.5953,2.343,1.8575,1.4615,1.2278,1.0148,0.7068,0.2609,0.1699,0.6087,0.9495,1.1769,1.3971,1.6231,1.7272,1.6622,1.5443,1.443,1.1441,1.1633,1.186,1.2125,1.2432,1.2786,1.3193,1.3659,1.4177,1.4725,1.5281,1.5895,1.6733,1.8304,2.1465,2.2538,2.053,2.1851,2.6304,2.8167,2.1522,1.6862,1.4147,1.1709,0.8271,0.2602,0.1368,0.8157,1.1359,1.3082,1.4858,1.7001,1.8001,1.7166,1.5853,1.4768,1.1571,1.1758,1.1975,1.2223,1.2506,1.2826,1.3186,1.3585,1.4019,1.4483,1.4981,1.5561,1.6332,1.7469,1.8849,1.9469,1.9515,2.08,2.3589,2.4219,2.0608,1.7675,1.5909,1.3886,1.1769,1.1315,1.4984,1.4929,1.4312,1.4654,1.5288,1.6332,1.6969,1.6531,1.5625,1.4761,1.1675,1.1856,1.2062,1.2293,1.2553,1.2842,1.3162,1.351,1.3887,1.4292,1.4736,1.5247,1.5867,1.6611,1.7358,1.7895,1.8367,1.9189,2.0152,2.0115,1.8961,1.8513,1.8231,1.6209,1.4603,1.5905,1.9574,1.7998,1.6872,1.6609,1.6047,1.5883,1.5926,1.5685,1.5163,1.4569,1.1759,1.1932,1.2125,1.2341,1.2579,1.2841,1.3126,1.3435,1.3766,1.4123,1.4512,1.4944,1.543,1.5954,1.6466,1.6919,1.7356,1.7837,1.8222,1.8272,1.8322,1.9335,1.9749,1.7527,1.5831,1.6146,1.7348,1.7932,1.9371,1.8705,1.7041,1.602,1.5537,1.5188,1.4792,1.4355,1.1824,1.1989,1.217,1.237,1.2589,1.2827,1.3083,1.3358,1.3652,1.3966,1.4302,1.4665,1.5051,1.5451,1.5841,1.6206,1.655,1.6869,1.7122,1.7315,1.7682,1.8411,1.8495,1.7214,1.6093,1.6016,1.6706,1.8062,1.9671,1.903,1.735,1.6131,1.5414,1.4945,1.4554,1.4181]}]