docs/data/wind_grid.json
{"header": {"la1":42.1,"la2":41.55,"lo1":12.1,"lo2":12.95,"nx":50,"ny":50,"dx":0.01735,"dy":0.01122,"parameterCategory":2,"parameterNumber":2,"parameterNumberName":"eastward_wind","parameterUnit":"m.s-1"}, "data":
[rows 0 to 45 of 50, columns 0 to 49 of 50]
1.6558,1.652,1.6475,1.6421,1.6359,1.6287,1.6206,1.6115,1.6014,1.5903,1.5782,1.5651,1.5512,1.5365,1.5211,1.5053,1.4889,1.4723,1.4553,1.438,1.4202,1.4018,1.3823,1.3613,1.3384,1.313,1.2844,1.2523,1.2162,1.1757,1.131,1.0821,1.0296,0.9745,0.9181,0.8621,0.8089,0.7605,0.7191,0.6863,0.6631,0.6495,0.6451,0.6488,0.6592,0.6748,0.6942,0.7162,0.7397,0.764
1.6631,1.6595,1.6551,1.6498,1.6437,1.6365,1.6284,1.6191,1.6088,1.5974,1.5849,1.5714,1.557,1.5417,1.5258,1.5093,1.4924,1.4753,1.4579,1.4404,1.4225,1.4041,1.3848,1.3641,1.3413,1.3159,1.2871,1.2544,1.2173,1.1754,1.1285,1.0767,1.0207,0.9614,0.9003,0.8394,0.7812,0.7284,0.6835,0.6484,0.6243,0.6112,0.6085,0.6146,0.628,0.6468,0.6695,0.6945,0.7209,0.7477
1.6706,1.6672,1.663,1.6579,1.6518,1.6447,1.6365,1.6271,1.6166,1.6049,1.592,1.578,1.563,1.5471,1.5305,1.5133,1.4958,1.4781,1.4603,1.4425,1.4245,1.4062,1.3872,1.3668,1.3443,1.3191,1.2903,1.2572,1.2192,1.1758,1.1268,1.0722,1.0125,0.9487,0.8824,0.816,0.7524,0.6946,0.6458,0.6083,0.5833,0.571,0.5702,0.5793,0.5961,0.6185,0.6447,0.6731,0.7024,0.7319
1.6784,1.6752,1.6712,1.6663,1.6603,1.6532,1.645,1.6355,1.6248,1.6127,1.5994,1.5849,1.5693,1.5526,1.5352,1.5172,1.4989,1.4805,1.4622,1.4441,1.4261,1.408,1.3892,1.3693,1.3474,1.3225,1.2939,1.2605,1.2218,1.1771,1.126,1.0686,1.0051,0.9367,0.8649,0.7925,0.7227,0.6594,0.6062,0.566,0.5403,0.5289,0.5306,0.5431,0.5638,0.5903,0.6203,0.6522,0.6847,0.7168
1.6864,1.6835,1.6797,1.675,1.6692,1.6622,1.6539,1.6444,1.6334,1.6211,1.6073,1.5922,1.5758,1.5584,1.54,1.5211,1.5019,1.4827,1.4637,1.4452,1.4271,1.4091,1.3909,1.3716,1.3504,1.3261,1.2979,1.2645,1.2253,1.1794,1.1264,1.0662,0.9989,0.9256,0.848,0.7691,0.6926,0.6231,0.565,0.5219,0.4954,0.4854,0.49,0.5064,0.5315,0.5624,0.5965,0.6321,0.6679,0.7028
1.6947,1.6921,1.6886,1.6841,1.6784,1.6716,1.6634,1.6537,1.6426,1.6299,1.6156,1.5999,1.5827,1.5643,1.545,1.5249,1.5046,1.4844,1.4646,1.4456,1.4273,1.4096,1.3919,1.3735,1.3532,1.3298,1.3022,1.2691,1.2296,1.1828,1.1281,1.0652,0.9943,0.9161,0.8324,0.7464,0.6625,0.5861,0.5227,0.4764,0.4493,0.441,0.449,0.4699,0.4998,0.5354,0.5739,0.6133,0.6523,0.69
1.7033,1.701,1.6978,1.6936,1.6882,1.6814,1.6733,1.6636,1.6523,1.6392,1.6245,1.608,1.59,1.5706,1.55,1.5287,1.5071,1.4856,1.4648,1.4451,1.4266,1.4091,1.3921,1.3748,1.3557,1.3336,1.3069,1.2743,1.2348,1.1873,1.1312,1.066,0.9915,0.9085,0.8186,0.7252,0.6334,0.5494,0.48,0.4303,0.4026,0.3964,0.4084,0.4342,0.4694,0.51,0.5529,0.5962,0.6384,0.6787
1.7121,1.7102,1.7074,1.7035,1.6983,1.6918,1.6838,1.6741,1.6626,1.6492,1.634,1.6168,1.5978,1.5772,1.5553,1.5325,1.5093,1.4863,1.4642,1.4436,1.4246,1.4074,1.3913,1.3753,1.3578,1.3372,1.3117,1.28,1.2408,1.193,1.1358,1.0686,0.9911,0.9035,0.8075,0.7065,0.6062,0.514,0.4381,0.3846,0.3565,0.3527,0.3692,0.4004,0.4411,0.4868,0.5342,0.5812,0.6265,0.6693
1.7212,1.7197,1.7173,1.7138,1.709,1.7027,1.6949,1.6852,1.6736,1.66,1.6442,1.6262,1.6062,1.5843,1.5609,1.5363,1.5112,1.4864,1.4627,1.4408,1.4213,1.4043,1.3892,1.3748,1.3592,1.3405,1.3168,1.2863,1.2477,1.1999,1.1421,1.0734,0.9933,0.9017,0.8,0.6915,0.5824,0.4815,0.3984,0.341,0.3125,0.3115,0.3327,0.3696,0.4159,0.4666,0.5183,0.5689,0.617,0.662
1.7306,1.7296,1.7276,1.7246,1.7201,1.7142,1.7066,1.697,1.6854,1.6715,1.6552,1.6365,1.6154,1.5921,1.5669,1.5403,1.513,1.4859,1.4601,1.4365,1.4161,1.3993,1.3853,1.3729,1.3598,1.3435,1.3218,1.2929,1.2553,1.208,1.15,1.0805,0.9986,0.9039,0.7972,0.6815,0.5637,0.4537,0.3632,0.3015,0.2727,0.2746,0.3007,0.3432,0.3949,0.4504,0.506,0.5597,0.6101,0.657
1.7402,1.7398,1.7383,1.7358,1.7318,1.7263,1.719,1.7096,1.698,1.6839,1.6671,1.6476,1.6254,1.6006,1.5735,1.5446,1.5147,1.4848,1.4563,1.4306,1.4089,1.392,1.3794,1.3694,1.3593,1.346,1.3268,1.2998,1.2636,1.2171,1.1595,1.09,1.0073,0.9106,0.8,0.6782,0.5522,0.4332,0.3349,0.2688,0.2395,0.2442,0.275,0.3228,0.3793,0.439,0.4979,0.554,0.6064,0.6547
1.7501,1.7502,1.7494,1.7474,1.744,1.739,1.7321,1.723,1.7115,1.6973,1.6801,1.6599,1.6365,1.6101,1.5809,1.5494,1.5165,1.4833,1.4514,1.4227,1.3991,1.3819,1.3709,1.364,1.3576,1.3479,1.3318,1.307,1.2724,1.2272,1.1706,1.1018,1.0196,0.9224,0.8096,0.6831,0.5499,0.4225,0.3167,0.246,0.2159,0.223,0.2578,0.3099,0.3704,0.4332,0.4945,0.5525,0.6061,0.6552
1.7602,1.761,1.7609,1.7595,1.7568,1.7524,1.746,1.7374,1.7261,1.7118,1.6944,1.6734,1.6489,1.6208,1.5894,1.5551,1.5188,1.4817,1.4456,1.4129,1.3865,1.3686,1.3594,1.3562,1.3545,1.3492,1.3366,1.3145,1.2818,1.238,1.183,1.116,1.0355,0.9395,0.8266,0.6977,0.5592,0.4246,0.3118,0.2364,0.2051,0.2135,0.2511,0.3062,0.3692,0.4339,0.4965,0.5552,0.6093,0.6586
1.7705,1.7721,1.7727,1.7721,1.7702,1.7665,1.7607,1.7526,1.7417,1.7276,1.7099,1.6884,1.6628,1.6331,1.5994,1.5621,1.5219,1.4802,1.4389,1.4011,1.3706,1.3513,1.3442,1.346,1.35,1.35,1.3414,1.3221,1.2914,1.2495,1.1966,1.1321,1.0548,0.9621,0.8515,0.7229,0.5818,0.4421,0.3234,0.2435,0.21,0.2184,0.2568,0.3129,0.3766,0.4415,0.5041,0.5626,0.6163,0.6651
1.781,1.7834,1.7848,1.7851,1.784,1.7812,1.7763,1.7688,1.7584,1.7446,1.727,1.7051,1.6786,1.6473,1.6112,1.5707,1.5265,1.4797,1.4322,1.3876,1.3512,1.3295,1.325,1.3331,1.3445,1.3506,1.3464,1.33,1.3014,1.2614,1.2109,1.1499,1.0772,0.9898,0.8842,0.759,0.6186,0.4765,0.3537,0.2697,0.233,0.2393,0.2761,0.3307,0.3929,0.4563,0.5175,0.5745,0.627,0.6747
1.7917,1.7949,1.7973,1.7986,1.7984,1.7966,1.7926,1.7861,1.7764,1.7631,1.7457,1.7236,1.6964,1.6636,1.6254,1.5818,1.5334,1.4811,1.4266,1.3734,1.3287,1.3027,1.3013,1.3179,1.3386,1.3517,1.3521,1.3384,1.3116,1.2734,1.2256,1.1688,1.1019,1.0217,0.9239,0.8056,0.6695,0.5285,0.4037,0.3159,0.275,0.2768,0.3094,0.3598,0.4182,0.4783,0.5365,0.591,0.6413,0.6872
1.8026,1.8067,1.8101,1.8124,1.8134,1.8127,1.8098,1.8043,1.7956,1.7831,1.7662,1.7442,1.7165,1.6826,1.6424,1.5958,1.5434,1.4857,1.4238,1.3604,1.3041,1.2712,1.2737,1.3019,1.3338,1.3544,1.3589,1.3474,1.322,1.2854,1.2403,1.1881,1.1281,1.0569,0.9693,0.8609,0.7328,0.5963,0.472,0.3814,0.335,0.3302,0.3557,0.3995,0.452,0.5069,0.5607,0.6117,0.659,0.7025
1.8135,1.8186,1.823,1.8265,1.8288,1.8293,1.8278,1.8236,1.8161,1.8046,1.7885,1.7669,1.7391,1.7045,1.6627,1.6135,1.5575,1.4951,1.4263,1.3523,1.281,1.237,1.2445,1.2881,1.3327,1.3601,1.3676,1.3572,1.3324,1.297,1.2545,1.2072,1.1549,1.0939,1.0184,0.9224,0.8054,0.6765,0.5552,0.4626,0.4103,0.397,0.4134,0.4484,0.493,0.5413,0.5897,0.6361,0.6797,0.7202
1.8245,1.8306,1.8362,1.841,1.8446,1.8466,1.8465,1.8438,1.8378,1.8277,1.8127,1.792,1.7646,1.7297,1.6867,1.6356,1.5767,1.5108,1.4375,1.3548,1.267,1.2071,1.2207,1.2828,1.339,1.3706,1.3788,1.368,1.3429,1.308,1.2678,1.2254,1.181,1.131,1.0686,0.9867,0.8828,0.764,0.6478,0.5544,0.4961,0.4735,0.4794,0.5042,0.5398,0.5805,0.6224,0.6637,0.7031,0.7402
1.8354,1.8427,1.8495,1.8556,1.8607,1.8643,1.8659,1.865,1.8607,1.8523,1.8388,1.8193,1.7929,1.7583,1.7149,1.6624,1.6017,1.5341,1.46,1.3754,1.2771,1.1997,1.219,1.2966,1.3571,1.3872,1.3928,1.3799,1.3532,1.318,1.2796,1.2418,1.2053,1.1663,1.1173,1.05,0.9602,0.8528,0.7434,0.6505,0.587,0.5553,0.5505,0.5647,0.5907,0.623,0.6582,0.6938,0.7286,0.762
1.8463,1.8547,1.8628,1.8703,1.877,1.8824,1.8859,1.887,1.8847,1.8782,1.8667,1.849,1.824,1.7906,1.7476,1.6945,1.6326,1.5649,1.4945,1.4193,1.3307,1.2511,1.269,1.3411,1.3898,1.4103,1.4096,1.3925,1.3632,1.327,1.2897,1.2559,1.2268,1.1982,1.162,1.1086,1.0325,0.9371,0.8354,0.7447,0.6775,0.6379,0.6231,0.6271,0.6436,0.6677,0.6958,0.7257,0.7557,0.7852
1.857,1.8666,1.876,1.8851,1.8935,1.9008,1.9064,1.9096,1.9096,1.9054,1.8961,1.8807,1.8579,1.8264,1.7847,1.7319,1.6694,1.6024,1.5383,1.4825,1.4329,1.3908,1.3909,1.4174,1.4348,1.4383,1.4282,1.4055,1.3726,1.3346,1.2977,1.2671,1.2444,1.2251,1.2002,1.1593,1.0959,1.0121,0.919,0.8318,0.7629,0.7174,0.6943,0.6891,0.6968,0.7131,0.7345,0.7586,0.7839,0.8094
1.8674,1.8782,1.8891,1.8997,1.9099,1.9192,1.9271,1.9327,1.9352,1.9336,1.9269,1.914,1.8941,1.8655,1.8263,1.7747,1.7118,1.6446,1.5857,1.5499,1.548,1.5638,1.5406,1.5047,1.4841,1.468,1.4473,1.4181,1.3812,1.3408,1.3036,1.2753,1.2576,1.2459,1.2303,1.2,1.1478,1.0748,0.9906,0.9086,0.8402,0.791,0.7615,0.7488,0.7489,0.7581,0.7732,0.7919,0.8126,0.8342
1.8776,1.8896,1.9018,1.9141,1.9262,1.9376,1.9478,1.956,1.9612,1.9624,1.9585,1.9486,1.932,1.9074,1.872,1.8229,1.7599,1.6905,1.6317,1.6053,1.6272,1.6682,1.6393,1.5733,1.5273,1.4956,1.4653,1.43,1.3889,1.3459,1.3077,1.2807,1.2665,1.2603,1.2518,1.2297,1.187,1.1242,1.0492,0.9735,0.9075,0.8569,0.8232,0.8048,0.7987,0.8017,0.8112,0.825,0.8414,0.8592
1.8874,1.9005,1.9142,1.9281,1.942,1.9557,1.9684,1.9793,1.9875,1.9916,1.9905,1.9837,1.9708,1.951,1.9212,1.8764,1.8138,1.7401,1.6749,1.6438,1.6609,1.6942,1.6725,1.6113,1.5585,1.5183,1.4811,1.4406,1.3957,1.3502,1.3107,1.2839,1.2716,1.2687,1.2649,1.2491,1.2144,1.1608,1.0949,1.0265,0.9644,0.9144,0.8786,0.8562,0.8453,0.8433,0.848,0.8573,0.8698,0.8842
1.8966,1.911,1.9259,1.9415,1.9573,1.9732,1.9884,2.0023,2.0135,2.0206,2.0224,2.0184,2.0091,1.995,1.9727,1.9346,1.8738,1.7947,1.7182,1.6725,1.6704,1.6862,1.6714,1.6259,1.5778,1.5352,1.494,1.4498,1.402,1.3543,1.3134,1.286,1.274,1.2725,1.2713,1.2599,1.2317,1.1865,1.1294,1.0686,1.0116,0.9637,0.9274,0.9027,0.8883,0.8824,0.8831,0.8886,0.8976,0.9089
1.9053,1.9207,1.937,1.9541,1.9718,1.9899,2.0077,2.0245,2.0389,2.0492,2.0537,2.052,2.0458,2.0376,2.0246,1.9959,1.9392,1.8552,1.7654,1.7011,1.6771,1.6754,1.6624,1.6295,1.5888,1.5473,1.5044,1.4579,1.4081,1.3588,1.3168,1.2883,1.2754,1.2734,1.273,1.2644,1.2415,1.2036,1.1548,1.1015,1.0501,1.0054,0.9699,0.9442,0.9276,0.9188,0.9162,0.9186,0.9245,0.933
1.9133,1.9297,1.9472,1.9658,1.9853,2.0055,2.0259,2.0456,2.0633,2.0769,2.0839,2.0837,2.0795,2.0769,2.0745,2.0576,2.0074,1.9201,1.8182,1.736,1.6916,1.6737,1.6575,1.6306,1.5955,1.556,1.5127,1.4652,1.4144,1.3644,1.3215,1.2918,1.2771,1.2735,1.2724,1.2653,1.2464,1.2147,1.1733,1.1272,1.0815,1.0406,1.0067,0.981,0.9631,0.9523,0.9473,0.947,0.9503,0.9564
1.9205,1.9379,1.9565,1.9764,1.9974,2.0196,2.0424,2.0651,2.0862,2.103,2.1126,2.1131,2.1089,2.1106,2.1195,2.1155,2.0728,1.9846,1.8739,1.7772,1.7156,1.6828,1.6599,1.6336,1.601,1.5628,1.5198,1.472,1.4212,1.3713,1.3281,1.2972,1.2803,1.2742,1.2715,1.2647,1.2487,1.2221,1.1871,1.1474,1.1072,1.0702,1.0386,1.0135,0.9952,0.983,0.9761,0.9738,0.975,0.9789
1.927,1.9451,1.9646,1.9856,2.0081,2.032,2.057,2.0824,2.1067,2.127,2.1393,2.14,2.1336,2.1371,2.1562,2.1639,2.128,2.0409,1.9263,1.8206,1.7459,1.7002,1.669,1.6398,1.6069,1.5692,1.5263,1.4789,1.4287,1.3795,1.3366,1.3047,1.2856,1.2766,1.2717,1.2644,1.2502,1.2276,1.1978,1.1637,1.1285,1.0953,1.0662,1.0423,1.024,1.011,1.0029,0.999,0.9984,1.0005
1.9325,1.9513,1.9716,1.9935,2.0171,2.0424,2.0692,2.0969,2.124,2.1478,2.1631,2.164,2.1534,2.1551,2.1811,2.1965,2.1652,2.0816,1.9688,1.8604,1.7777,1.7218,1.6824,1.6486,1.6139,1.5756,1.5328,1.486,1.4369,1.3889,1.3467,1.3142,1.2931,1.2812,1.2737,1.2654,1.2521,1.2324,1.2068,1.1774,1.1466,1.117,1.0903,1.0678,1.05,1.0367,1.0277,1.0225,1.0205,1.0212
1.9371,1.9563,1.9772,1.9998,2.0242,2.0505,2.0786,2.108,2.1373,2.1639,2.1821,2.1839,2.1686,2.1646,2.1912,2.2087,2.1803,2.103,1.9974,1.8921,1.8065,1.744,1.6978,1.6592,1.6218,1.5824,1.5396,1.4935,1.4458,1.3993,1.358,1.3253,1.3024,1.2879,1.2779,1.2682,1.2552,1.2375,1.2151,1.1894,1.1624,1.1359,1.1117,1.0907,1.0735,1.0602,1.0507,1.0446,1.0414,1.0408
1.9407,1.9602,1.9814,2.0044,2.0293,2.0562,2.085,2.1152,2.1457,2.1739,2.194,2.1969,2.1786,2.1669,2.1867,2.201,2.1752,2.1066,2.0119,1.914,1.8298,1.7641,1.7131,1.6704,1.6303,1.5897,1.5467,1.5015,1.4552,1.4104,1.3702,1.3375,1.3132,1.2964,1.2841,1.2728,1.2597,1.2432,1.2232,1.2005,1.1765,1.1529,1.1308,1.1112,1.0948,1.0817,1.0719,1.0652,1.0612,1.0595
1.9433,1.963,1.9843,2.0074,2.0324,2.0593,2.0882,2.1184,2.1488,2.1769,2.1971,2.2003,2.1816,2.1643,2.1729,2.1802,2.1565,2.0974,2.0149,1.9267,1.8468,1.7807,1.727,1.6812,1.639,1.5972,1.5542,1.5098,1.465,1.4218,1.3828,1.3503,1.325,1.3063,1.292,1.2792,1.2656,1.2499,1.2315,1.2111,1.1896,1.1683,1.1481,1.1299,1.1143,1.1016,1.0917,1.0845,1.0798,1.0773
1.945,1.9646,1.9858,2.0087,2.0334,2.06,2.0882,2.1176,2.1468,2.1732,2.1917,2.1941,2.177,2.1579,2.1559,2.1548,2.1318,2.081,2.01,1.9318,1.8578,1.7934,1.7387,1.6911,1.6473,1.6047,1.5617,1.5182,1.4749,1.4333,1.3956,1.3633,1.3374,1.3172,1.3011,1.287,1.2728,1.2574,1.2402,1.2215,1.202,1.1825,1.164,1.1471,1.1323,1.1199,1.11,1.1026,1.0973,1.0942
1.9456,1.965,1.9859,2.0084,2.0326,2.0583,2.0854,2.1132,2.1403,2.164,2.1796,2.1809,2.1663,2.148,2.1386,2.13,2.1063,2.0617,2.0004,1.9314,1.8637,1.8022,1.748,1.6997,1.655,1.612,1.5693,1.5267,1.4848,1.4447,1.4081,1.3764,1.35,1.3287,1.3112,1.2959,1.2811,1.2657,1.2493,1.2319,1.2139,1.1959,1.1788,1.163,1.1489,1.137,1.1272,1.1195,1.1139,1.1102
1.9454,1.9644,1.9848,2.0067,2.0299,2.0545,2.08,2.1057,2.1302,2.1507,2.1634,2.1639,2.1517,2.135,2.1214,2.1072,2.0824,2.0421,1.9883,1.9273,1.8656,1.8076,1.7548,1.7067,1.6619,1.6188,1.5767,1.5351,1.4945,1.4559,1.4204,1.3892,1.3626,1.3405,1.3219,1.3056,1.2901,1.2747,1.2588,1.2422,1.2254,1.2087,1.1927,1.1778,1.1645,1.1529,1.1433,1.1355,1.1296,1.1254
1.9442,1.9628,1.9825,2.0035,2.0257,2.0489,2.0726,2.096,2.1175,2.135,2.1451,2.145,2.1348,2.1196,2.104,2.0863,2.0605,2.0232,1.9752,1.9207,1.8645,1.8102,1.7594,1.7122,1.6678,1.6252,1.5837,1.5432,1.5039,1.4666,1.4322,1.4016,1.375,1.3524,1.333,1.3158,1.2998,1.2842,1.2685,1.2526,1.2367,1.221,1.2059,1.1918,1.1791,1.1679,1.1584,1.1506,1.1445,1.1399
1.9422,1.9602,1.9792,1.9992,2.0202,2.0417,2.0635,2.0844,2.1033,2.1179,2.1259,2.1254,2.1166,2.1026,2.0862,2.0666,2.0404,2.0054,1.9619,1.9127,1.8613,1.8105,1.762,1.7162,1.6727,1.6309,1.5903,1.5509,1.5129,1.4768,1.4435,1.4135,1.387,1.3641,1.3441,1.3262,1.3098,1.294,1.2785,1.263,1.2478,1.2328,1.2185,1.2051,1.1929,1.182,1.1727,1.1648,1.1585,1.1537
1.9395,1.9567,1.9749,1.9938,2.0134,2.0334,2.0531,2.0717,2.088,2.1002,2.1065,2.1056,2.0977,2.0847,2.0681,2.0477,2.0216,1.9885,1.9486,1.9037,1.8565,1.8092,1.7631,1.719,1.6766,1.6358,1.5963,1.5581,1.5213,1.4865,1.4542,1.4248,1.3986,1.3755,1.3551,1.3368,1.3199,1.304,1.2886,1.2734,1.2586,1.2443,1.2306,1.2177,1.2059,1.1954,1.1862,1.1784,1.1719,1.1668
1.9361,1.9525,1.9697,1.9875,2.0057,2.024,2.0418,2.0582,2.0722,2.0823,2.0872,2.0859,2.0786,2.0663,2.0499,2.0295,2.0039,1.9725,1.9355,1.8943,1.8507,1.8065,1.7629,1.7206,1.6797,1.6401,1.6018,1.5648,1.5292,1.4956,1.4642,1.4355,1.4096,1.3865,1.3659,1.3473,1.3301,1.314,1.2986,1.2838,1.2693,1.2554,1.2422,1.2298,1.2184,1.2081,1.199,1.1912,1.1847,1.1794
1.932,1.9476,1.9639,1.9805,1.9973,2.014,2.0299,2.0443,2.0563,2.0646,2.0683,2.0666,2.0596,2.0478,2.0319,2.0118,1.987,1.9572,1.9228,1.8846,1.8442,1.8028,1.7616,1.7212,1.6819,1.6437,1.6067,1.5709,1.5366,1.504,1.4736,1.4456,1.4201,1.3971,1.3764,1.3576,1.3402,1.324,1.3087,1.2939,1.2798,1.2663,1.2534,1.2414,1.2303,1.2202,1.2113,1.2035,1.1969,1.1914
1.9274,1.9422,1.9574,1.9729,1.9883,2.0034,2.0176,2.0302,2.0404,2.0472,2.0499,2.0478,2.0409,2.0296,2.0141,1.9946,1.9707,1.9426,1.9104,1.8749,1.8372,1.7985,1.7595,1.7211,1.6834,1.6466,1.6109,1.5764,1.5433,1.5119,1.4824,1.4551,1.43,1.4072,1.3865,1.3676,1.3502,1.3339,1.3186,1.304,1.29,1.2768,1.2642,1.2525,1.2416,1.2318,1.2229,1.2152,1.2085,1.2029
1.9224,1.9363,1.9505,1.9648,1.9789,1.9926,2.0052,2.0161,2.0247,2.0302,2.032,2.0295,2.0227,2.0117,1.9968,1.9779,1.9551,1.9285,1.8982,1.8651,1.8299,1.7936,1.7568,1.7202,1.6842,1.6489,1.6146,1.5813,1.5494,1.5191,1.4905,1.4639,1.4393,1.4168,1.3962,1.3773,1.3598,1.3435,1.3282,1.3138,1.3,1.287,1.2747,1.2632,1.2525,1.2428,1.2341,1.2264,1.2196,1.2139
1.9169,1.93,1.9432,1.9564,1.9693,1.9815,1.9926,2.0021,2.0094,2.0137,2.0147,2.0118,2.0051,1.9944,1.98,1.9618,1.9401,1.9149,1.8864,1.8554,1.8224,1.7883,1.7535,1.7188,1.6844,1.6506,1.6176,1.5857,1.555,1.5257,1.498,1.4721,1.448,1.4259,1.4054,1.3866,1.3692,1.3529,1.3377,1.3233,1.3097,1.2969,1.2848,1.2735,1.263,1.2534,1.2448,1.2371,1.2303,1.2244
1.9111,1.9233,1.9356,1.9477,1.9594,1.9703,1.9802,1.9883,1.9944,1.9977,1.998,1.9948,1.988,1.9776,1.9637,1.9463,1.9256,1.9017,1.875,1.8459,1.8149,1.7827,1.7499,1.7169,1.6841,1.6518,1.6202,1.5895,1.5599,1.5317,1.5049,1.4797,1.4562,1.4344,1.4142,1.3955,1.3782,1.362,1.3468,1.3326,1.3191,1.3064,1.2945,1.2834,1.2731,1.2636,1.255,1.2473,1.2405,1.2346
