docs/data/wind_grid.json
[{"header":{"la1":42.85,"la2":41.18,"lo1":11.55,"lo2":14.05,"nx":36,"ny":24,"dx":0.07143,"dy":0.07261,"parameterCategory":2,"parameterNumber":2,"parameterNumberName":"eastward_wind","parameterUnit":"m.s-1"},"data":[1.4922,1.4803,1.4591,1.4283,1.3879,1.3389,1.2821,1.2177,1.1456,1.0659,0.98,0.8905,0.8008,0.7148,0.6366,0.5707,0.5228,0.4989,0.5037,0.5365,0.5877,0.64,0.6769,0.6915,0.6882,0.6757,0.6614,0.6494,0.6415,0.6375,0.637,0.6394,0.6438,0.6499,0.657,0.6649,1.5616,1.554,1.5347,1.5025,1.4583,1.4041,1.3415,1.2708,1.1904,1.0991,0.998,0.8908,0.7826,0.6782,0.5821,0.4998,0.439,0.4109,0.4278,0.4938,0.5936,0.6905,0.7475,0.7553,0.7315,0.698,0.6679,0.6459,0.6321,0.6252,0.6236,0.6258,0.6307,0.6374,0.6455,0.6543,1.644,1.6439,1.6281,1.5943,1.5441,1.4823,1.4134,1.3377,1.2502,1.1456,1.0249,0.8947,0.763,0.6355,0.5165,0.4107,0.3271,0.2847,0.3133,0.4361,0.6344,0.823,0.9068,0.8793,0.8037,0.7299,0.6754,0.6402,0.62,0.6105,0.6082,0.6108,0.6165,0.6243,0.6335,0.6434,1.7429,1.7559,1.7471,1.7111,1.6501,1.5749,1.4981,1.4218,1.3321,1.2123,1.0639,0.9023,0.7408,0.5859,0.4395,0.3018,0.178,0.0938,0.1144,0.3254,0.7331,1.1343,1.2391,1.0882,0.8988,0.7609,0.676,0.6277,0.6027,0.5919,0.5901,0.5939,0.6011,0.6105,0.6211,0.6323,1.8616,1.8987,1.9057,1.8676,1.7853,1.6826,1.592,1.5262,1.449,1.309,1.1162,0.9104,0.7125,0.5273,0.3521,0.1776,-0.0091,-0.197,-0.2707,0.0306,0.8549,1.7633,1.8127,1.3394,0.9711,0.7652,0.6574,0.6028,0.5774,0.5683,0.5689,0.5751,0.5846,0.5959,0.6082,0.621,2.0011,2.0832,2.1286,2.0948,1.9708,1.8077,1.6829,1.6451,1.6165,1.4381,1.1704,0.9084,0.6706,0.4548,0.255,0.0518,-0.2034,-0.5817,-0.9893,-0.7227,0.622,2.1792,2.1247,1.3716,0.9253,0.7109,0.609,0.5618,0.5429,0.5393,0.5444,0.5543,0.5669,0.5807,0.5952,0.6097,2.1528,2.3151,2.4547,2.4563,2.2501,1.9618,1.7551,1.7263,1.7688,1.5282,1.1852,0.8789,0.6051,0.3579,0.1392,-0.065,-0.3284,-0.8322,-1.688,-1.5552,-0.1195,1.0279,1.2715,0.9656,0.7226,0.5935,0.5317,0.5061,0.5003,0.5057,0.5173,0.5321,0.5484,0.5653,0.5821,0.5985,2.2854,2.5618,2.9064,3.0508,2.6662,2.1494,1.8203,1.6961,1.6589,1.4373,1.127,0.8169,0.5108,0.2189,-0.031,-0.2088,-0.3693,-0.6741,-1.1337,-0.9984,-0.4079,-0.0157,0.3456,0.4702,0.4702,0.4508,0.4404,0.442,0.4526,0.469,0.4884,0.5091,0.5297,0.5498,0.5691,0.5875,2.3409,2.6885,3.2725,3.7352,3.0122,2.2694,1.8805,1.6603,1.4921,1.2969,1.0539,0.7484,0.3964,0.0231,-0.331,-0.4979,-0.4661,-0.4912,-0.5697,-0.532,-0.5628,-0.4614,-0.0699,0.1736,0.2794,0.3247,0.3514,0.376,0.4027,0.4309,0.4591,0.4861,0.5113,0.5347,0.5564,0.5767,2.2834,2.543,2.9197,3.1437,2.6064,2.1925,1.9245,1.6821,1.3981,1.1992,1.0294,0.7063,0.2823,-0.1934,-0.81,-1.0924,-0.672,-0.5039,-0.4628,-0.4338,-0.476,-0.3956,-0.1375,0.0587,0.1673,0.2264,0.2688,0.3099,0.3519,0.3928,0.4304,0.464,0.4938,0.5202,0.5442,0.5662,2.16,2.2702,2.267,1.9671,1.9707,2.0833,2.0442,1.8537,1.2625,0.9838,1.0616,0.7091,0.1659,-0.3753,-0.8729,-1.1457,-0.7367,-0.6561,-0.6148,-0.473,-0.3467,-0.2318,-0.0892,0.0276,0.0945,0.135,0.1804,0.2382,0.2994,0.3556,0.4036,0.4438,0.4775,0.5065,0.5322,0.5557,2.0434,2.0875,2.046,1.9036,1.9321,2.1259,2.347,2.4712,1.8554,1.3077,1.2166,0.83,0.0688,-0.8447,-1.0243,-0.7459,-0.7688,-1.1583,-1.2011,-0.7152,-0.3634,-0.1712,-0.0535,0.0051,0.0066,0.0048,0.0598,0.1534,0.2458,0.3217,0.3806,0.4263,0.4627,0.493,0.5197,0.5445,1.956,1.99,1.9949,1.9881,2.0457,2.2396,2.6202,3.0042,2.7302,1.901,1.5013,1.3131,0.6586,-1.3711,-1.5297,-0.7702,-0.9088,-2.3252,-2.3538,-0.9501,-0.3744,-0.1396,-0.0362,-0.035,-0.1459,-0.2252,-0.1127,0.0616,0.1998,0.2965,0.3639,0.4121,0.4485,0.4784,0.5054,0.5313,1.89,1.9246,1.9531,1.9898,2.0698,2.2424,2.5445,2.9059,2.6751,2.0575,1.7788,1.9196,1.9806,1.993,-0.1303,-1.4727,-0.9129,-1.2292,-1.426,-0.6438,-0.2691,-0.1118,-0.0271,-0.0619,-0.3,-0.4756,-0.2531,0.0101,0.1808,0.287,0.355,0.3999,0.4323,0.4596,0.4864,0.5142,1.8362,1.8702,1.9056,1.9516,2.0243,2.1398,2.2886,2.3813,2.2713,2.1156,2.1083,2.084,2.0489,2.6722,0.336,-1.5336,1.392,0.261,-0.1153,-0.1545,-0.2567,-0.2178,-0.0498,-0.0154,-0.1904,-0.3283,-0.162,0.0527,0.2003,0.2941,0.3513,0.3849,0.4075,0.4301,0.4577,0.49,1.7894,1.821,1.8553,1.897,1.9516,2.0197,2.0868,2.1229,2.1393,2.2905,2.7456,2.7404,2.3747,1.8896,1.0284,0.6663,1.4072,0.8588,0.557,0.0542,-0.8861,-0.6959,-0.1094,0.0836,0.0461,-0.0115,0.0344,0.1361,0.2354,0.3075,0.3451,0.3562,0.3612,0.3784,0.4118,0.4552,1.7475,1.7756,1.8058,1.8401,1.8797,1.9232,1.9658,2.0089,2.0879,2.2991,2.6687,2.5531,2.489,2.4197,1.6383,1.2822,1.2588,1.3614,1.3737,0.5671,-0.9358,-0.6774,0.026,0.227,0.187,0.0971,0.0759,0.1467,0.2478,0.3157,0.3263,0.295,0.269,0.2859,0.3404,0.4081,1.7096,1.7339,1.7596,1.7874,1.8178,1.8505,1.8863,1.9324,2.0076,2.1297,2.2494,2.2842,2.4723,2.4966,2.1589,2.0475,1.8374,2.1889,2.7756,1.7343,0.7045,0.3868,0.4585,0.4167,0.194,-0.1082,-0.1922,0.0147,0.2312,0.3265,0.2915,0.173,0.0937,0.1339,0.2425,0.3543,1.675,1.696,1.7178,1.7409,1.7656,1.7926,1.8238,1.8638,1.9184,1.9865,2.0505,2.1067,2.1922,2.3226,2.9466,3.262,2.3469,2.3828,2.714,2.4883,1.7713,1.2052,0.9119,0.6184,0.0998,-0.7115,-0.894,-0.1901,0.2586,0.3812,0.2635,-0.0101,-0.1643,-0.0508,0.1486,0.3145,1.6435,1.6617,1.6803,1.6998,1.7206,1.7435,1.7699,1.8019,1.841,1.8855,1.9321,1.9861,2.0746,2.2908,2.8364,3.0126,2.4298,2.4094,3.0931,3.4387,2.354,1.6943,1.3168,0.9045,0.2587,-0.7622,-0.9906,0.0512,0.4826,0.5421,0.3307,-0.077,-0.2852,-0.1157,0.1331,0.321,1.6147,1.6305,1.6466,1.6633,1.6811,1.7005,1.7224,1.7478,1.7771,1.8104,1.8484,1.8979,1.9774,2.1203,2.3136,2.36,2.2476,2.3262,2.7123,2.8262,2.3513,2.0511,1.8251,1.3767,0.8317,0.5525,0.9577,0.9733,0.9096,0.8413,0.5882,0.2033,-0.0109,0.0697,0.2435,0.3908,1.5884,1.6021,1.6161,1.6305,1.6457,1.6621,1.6803,1.7007,1.7238,1.7501,1.7814,1.822,1.8791,1.9563,2.0328,2.0648,2.0706,2.1372,2.2675,2.3209,2.3463,2.6368,2.6913,2.0085,1.3578,1.2241,1.5517,1.402,1.3473,1.2641,0.9734,0.6326,0.4138,0.3732,0.4292,0.5046,1.5641,1.5761,1.5882,1.6007,1.6137,1.6276,1.6427,1.6593,1.6779,1.6991,1.724,1.7548,1.793,1.8368,1.8772,1.9056,1.9324,1.981,2.0557,2.1637,2.4461,3.1107,3.3253,2.4307,1.6647,1.3868,1.4116,1.5419,1.8574,1.7175,1.3158,0.9674,0.7404,0.6352,0.6122,0.6276,1.5416,1.5521,1.5627,1.5735,1.5846,1.5964,1.6089,1.6226,1.6376,1.6545,1.6739,1.6964,1.7223,1.7499,1.7763,1.8005,1.8282,1.8695,1.9365,2.0609,2.3214,2.721,2.7941,2.2792,1.7474,1.4844,1.4587,1.644,1.9231,1.7971,1.4449,1.1427,0.9359,0.8147,0.7562,0.736]},{"header":{"la1":42.85,"la2":41.18,"lo1":11.55,"lo2":14.05,"nx":36,"ny":24,"dx":0.07143,"dy":0.07261,"parameterCategory":2,"parameterNumber":3,"parameterNumberName":"northward_wind","parameterUnit":"m.s-1"},"data":[-0.3227,-0.3332,-0.3492,-0.3706,-0.3961,-0.4227,-0.4466,-0.4634,-0.4699,-0.4654,-0.4515,-0.4314,-0.4073,-0.3807,-0.3518,-0.3204,-0.2866,-0.2512,-0.2156,-0.1826,-0.1559,-0.1412,-0.1429,-0.1617,-0.1937,-0.2325,-0.2728,-0.3113,-0.3461,-0.3767,-0.403,-0.4254,-0.4444,-0.4604,-0.4738,-0.485,-0.2999,-0.3111,-0.3307,-0.3595,-0.396,-0.4366,-0.4744,-0.5015,-0.5113,-0.5029,-0.4805,-0.4505,-0.4177,-0.3835,-0.3474,-0.3081,-0.2648,-0.218,-0.1694,-0.1215,-0.0795,-0.0537,-0.0554,-0.0863,-0.1365,-0.1936,-0.249,-0.2986,-0.3412,-0.3771,-0.4069,-0.4315,-0.4518,-0.4685,-0.4822,-0.4934,-0.2689,-0.2791,-0.3017,-0.3396,-0.3925,-0.4557,-0.5186,-0.5652,-0.5808,-0.563,-0.5232,-0.4763,-0.4308,-0.3876,-0.3437,-0.2953,-0.2401,-0.1786,-0.1131,-0.0445,0.0246,0.0745,0.0734,0.0172,-0.0666,-0.152,-0.2274,-0.2901,-0.341,-0.382,-0.4148,-0.4411,-0.4622,-0.4791,-0.4927,-0.5036,-0.227,-0.232,-0.255,-0.3029,-0.379,-0.4794,-0.5893,-0.6769,-0.7041,-0.6623,-0.5849,-0.508,-0.4449,-0.3922,-0.3412,-0.2833,-0.2129,-0.1313,-0.0458,0.0457,0.161,0.2697,0.2692,0.1539,0.0098,-0.1155,-0.2142,-0.2901,-0.3484,-0.3933,-0.428,-0.455,-0.4761,-0.4926,-0.5055,-0.5157,-0.1712,-0.163,-0.1788,-0.2343,-0.3406,-0.4993,-0.6975,-0.8803,-0.9365,-0.8289,-0.6673,-0.5398,-0.4556,-0.396,-0.3413,-0.2751,-0.1851,-0.0712,0.0409,0.1365,0.3052,0.5519,0.5398,0.2966,0.0669,-0.0998,-0.2181,-0.3035,-0.3662,-0.4127,-0.4476,-0.4738,-0.4938,-0.509,-0.5207,-0.5297,-0.1007,-0.0642,-0.0549,-0.1072,-0.2483,-0.4859,-0.8293,-1.2307,-1.3732,-1.0807,-0.7484,-0.5542,-0.4551,-0.3972,-0.3464,-0.2778,-0.1668,0.0044,0.1833,0.2302,0.3431,0.7091,0.6742,0.3281,0.0571,-0.124,-0.2477,-0.3347,-0.3968,-0.4415,-0.4741,-0.4979,-0.5155,-0.5286,-0.5383,-0.5455,-0.0212,0.0675,0.1422,0.1224,-0.0605,-0.3828,-0.8601,-1.5537,-1.8653,-1.254,-0.744,-0.5231,-0.4361,-0.3949,-0.3586,-0.3004,-0.1858,0.037,0.3432,0.3347,0.2302,0.369,0.3676,0.1639,-0.0395,-0.1942,-0.3059,-0.3853,-0.4411,-0.4803,-0.5078,-0.5272,-0.541,-0.5509,-0.558,-0.5631,0.0463,0.2098,0.4261,0.5153,0.2391,-0.1776,-0.6165,-1.1585,-1.3859,-0.9287,-0.5668,-0.435,-0.4007,-0.3909,-0.3762,-0.3422,-0.2614,-0.0889,0.1393,0.1618,0.108,0.1049,0.0616,-0.0461,-0.1794,-0.2981,-0.3895,-0.4546,-0.499,-0.5285,-0.548,-0.561,-0.5697,-0.5756,-0.5796,-0.5821,0.0628,0.2716,0.6577,0.9797,0.4761,-0.0154,-0.2777,-0.4448,-0.4564,-0.3337,-0.2866,-0.3194,-0.3646,-0.3904,-0.3889,-0.3778,-0.3547,-0.2761,-0.1536,-0.0301,0.1545,0.1123,-0.0686,-0.2082,-0.3261,-0.4231,-0.4944,-0.5412,-0.5693,-0.585,-0.5936,-0.5982,-0.6008,-0.6021,-0.6025,-0.6022,0.0042,0.1416,0.3712,0.5163,0.1304,-0.0447,-0.0599,0.0154,0.1994,0.2534,0.0049,-0.2196,-0.3489,-0.4041,-0.3761,-0.3481,-0.4185,-0.4291,-0.363,-0.2097,0.0088,-0.0215,-0.2167,-0.3711,-0.487,-0.5711,-0.6222,-0.6452,-0.6505,-0.6476,-0.6423,-0.6372,-0.6329,-0.6294,-0.6263,-0.6232,-0.0939,-0.0799,-0.187,-0.5872,-0.536,-0.1503,0.0817,0.2819,0.7018,0.9326,0.2237,-0.175,-0.3702,-0.4624,-0.4173,-0.3645,-0.5009,-0.5862,-0.5808,-0.4841,-0.3698,-0.36,-0.4536,-0.5726,-0.6824,-0.7573,-0.7816,-0.768,-0.7401,-0.7126,-0.691,-0.6754,-0.6646,-0.6568,-0.6506,-0.6449,-0.1731,-0.2078,-0.3496,-0.6122,-0.5328,-0.0998,0.2531,0.4739,0.5533,0.6102,0.1333,-0.1747,-0.4065,-0.6423,-0.5509,-0.549,-0.6532,-0.8206,-0.8563,-0.7439,-0.6595,-0.6434,-0.6941,-0.7983,-0.9291,-1.0103,-0.9877,-0.9088,-0.8311,-0.7734,-0.7348,-0.7103,-0.6946,-0.6839,-0.6754,-0.6675,-0.2168,-0.2393,-0.2945,-0.3406,-0.2415,0.0278,0.3711,0.7739,0.4349,0.1836,-0.0247,-0.0333,-0.2101,-0.6187,-0.5103,-0.6354,-0.7704,-1.1471,-1.1686,-0.9287,-0.864,-0.8634,-0.9024,-1.0191,-1.2354,-1.3665,-1.2416,-1.0483,-0.9069,-0.8195,-0.7684,-0.7393,-0.7225,-0.7113,-0.7018,-0.692,-0.2405,-0.2427,-0.2451,-0.2217,-0.1333,0.032,0.2425,0.373,0.2616,-0.0371,-0.1608,0.2435,0.3643,-0.2609,-0.5602,-0.7485,-0.7925,-0.9804,-1.0576,-1.0175,-1.0673,-1.0945,-1.0892,-1.1765,-1.4792,-1.6916,-1.428,-1.1237,-0.9393,-0.839,-0.7873,-0.7624,-0.7502,-0.7417,-0.7321,-0.72,-0.26,-0.2518,-0.2374,-0.2058,-0.146,-0.0595,0.0281,0.05,-0.0877,-0.3448,-0.5092,-0.4263,-0.3957,-0.5782,-0.6302,-0.7829,-0.8429,-0.8652,-0.9783,-1.1845,-1.4686,-1.4838,-1.295,-1.2238,-1.3825,-1.5235,-1.3219,-1.0671,-0.9083,-0.8266,-0.7924,-0.7839,-0.784,-0.7812,-0.7709,-0.7542,-0.2818,-0.2719,-0.2577,-0.2357,-0.2056,-0.175,-0.1659,-0.218,-0.3757,-0.6634,-1.0707,-0.9525,-0.7848,-0.6591,-0.6932,-0.7723,-0.8333,-0.8702,-1.0269,-1.4919,-2.3815,-2.1709,-1.5136,-1.2123,-1.1503,-1.1411,-1.0424,-0.9131,-0.8258,-0.7893,-0.7923,-0.8161,-0.8379,-0.8414,-0.8253,-0.7978,-0.3064,-0.2993,-0.291,-0.2817,-0.2743,-0.277,-0.3051,-0.3799,-0.5234,-0.7562,-1.0414,-0.947,-0.9287,-0.9509,-0.8064,-0.8061,-0.8345,-0.8886,-1.0132,-1.4676,-2.5144,-2.2486,-1.5021,-1.1291,-0.957,-0.8597,-0.786,-0.7363,-0.7191,-0.7413,-0.8028,-0.8825,-0.9376,-0.9405,-0.9034,-0.8524,-0.3324,-0.3296,-0.3279,-0.3289,-0.3359,-0.3552,-0.3954,-0.466,-0.5722,-0.7044,-0.8137,-0.8541,-0.9521,-0.9855,-0.9234,-0.9312,-0.8868,-0.892,-0.9195,-1.067,-1.4397,-1.4802,-1.2108,-0.9563,-0.7631,-0.6242,-0.5624,-0.564,-0.6034,-0.6909,-0.839,-1.0163,-1.1198,-1.0952,-1.0048,-0.9125,-0.3582,-0.3594,-0.3631,-0.3711,-0.3859,-0.4115,-0.4522,-0.511,-0.5865,-0.6687,-0.7405,-0.7981,-0.8599,-0.9286,-1.1274,-1.2192,-0.9523,-0.8534,-0.8275,-0.7431,-0.9066,-1.0035,-0.9305,-0.7711,-0.5854,-0.441,-0.4073,-0.4133,-0.4779,-0.6284,-0.8873,-1.215,-1.3776,-1.2762,-1.1005,-0.9593,-0.3824,-0.3868,-0.3944,-0.4063,-0.4246,-0.4514,-0.4885,-0.5364,-0.5927,-0.6521,-0.7088,-0.7624,-0.8217,-0.9124,-1.087,-1.1381,-0.93,-0.7624,-0.4934,-0.365,-0.666,-0.7864,-0.7582,-0.6363,-0.463,-0.3648,-0.3494,-0.2373,-0.3197,-0.5246,-0.8589,-1.2934,-1.4939,-1.3414,-1.1241,-0.9649,-0.4042,-0.411,-0.4209,-0.4349,-0.4541,-0.4798,-0.5125,-0.5519,-0.5964,-0.6431,-0.6897,-0.7367,-0.7883,-0.852,-0.9196,-0.9257,-0.8444,-0.7282,-0.5777,-0.5307,-0.6494,-0.7114,-0.6843,-0.5671,-0.3545,-0.071,0.2885,0.1759,-0.1205,-0.37,-0.6817,-1.0547,-1.2522,-1.1854,-1.039,-0.9173,-0.4236,-0.4318,-0.4429,-0.4576,-0.4765,-0.5002,-0.5288,-0.5618,-0.5982,-0.6362,-0.6749,-0.7137,-0.7534,-0.7926,-0.8213,-0.8206,-0.7846,-0.7275,-0.6712,-0.6556,-0.6884,-0.7255,-0.7163,-0.5811,-0.307,0.1367,0.6512,0.3785,-0.0168,-0.2105,-0.4511,-0.7262,-0.907,-0.9414,-0.8962,-0.8354,-0.4403,-0.4494,-0.461,-0.4756,-0.4935,-0.515,-0.54,-0.568,-0.5983,-0.6298,-0.6615,-0.6927,-0.7224,-0.7479,-0.7637,-0.7638,-0.7471,-0.7204,-0.696,-0.6883,-0.707,-0.7596,-0.7773,-0.6247,-0.3584,-0.0365,0.1914,0.0902,-0.0144,-0.0832,-0.2844,-0.5063,-0.6682,-0.7461,-0.7624,-0.7494,-0.4547,-0.4641,-0.4757,-0.4898,-0.5064,-0.5258,-0.5476,-0.5716,-0.5971,-0.6232,-0.6493,-0.6742,-0.6968,-0.7149,-0.7258,-0.7274,-0.7197,-0.7064,-0.6933,-0.6873,-0.6951,-0.7182,-0.7094,-0.5982,-0.4127,-0.2168,-0.0873,-0.0521,-0.0185,-0.0693,-0.233,-0.4065,-0.5405,-0.6237,-0.6644,-0.6777]}]