docs/data/wind_grid.json
{"header": {"la1":42.1,"la2":41.55,"lo1":12.1,"lo2":12.95,"nx":50,"ny":50,"dx":0.01735,"dy":0.01122,"parameterCategory":2,"parameterNumber":3,"parameterNumberName":"northward_wind","parameterUnit":"m.s-1"}, "data":
[rows 0 to 40 of 50, columns 0 to 49 of 50]
-1.9853,-2.0524,-2.1242,-2.1851,-2.2133,-2.1903,-2.1112,-1.9861,-1.834,-1.6741,-1.5207,-1.3819,-1.2613,-1.1591,-1.0741,-1.0042,-0.9471,-0.901,-0.864,-0.8348,-0.8119,-0.7939,-0.7789,-0.7654,-0.7515,-0.7363,-0.7193,-0.7006,-0.6807,-0.6602,-0.6401,-0.621,-0.6037,-0.5889,-0.5768,-0.5678,-0.5616,-0.5579,-0.5561,-0.5555,-0.5555,-0.5558,-0.5559,-0.556,-0.556,-0.5562,-0.5567,-0.5576,-0.5589,-0.5608
-1.9822,-2.0428,-2.1098,-2.1677,-2.1939,-2.1695,-2.0889,-1.9626,-1.8095,-1.6492,-1.4958,-1.3576,-1.2381,-1.1373,-1.054,-0.9859,-0.9307,-0.8865,-0.8515,-0.8242,-0.8034,-0.7876,-0.7747,-0.7628,-0.7499,-0.7347,-0.7171,-0.6972,-0.6759,-0.6539,-0.6323,-0.612,-0.5938,-0.5785,-0.5666,-0.5582,-0.5531,-0.5507,-0.5503,-0.551,-0.552,-0.5529,-0.5533,-0.5533,-0.5531,-0.553,-0.5532,-0.5539,-0.5551,-0.5569
-1.9754,-2.0252,-2.0822,-2.132,-2.153,-2.1261,-2.0458,-1.9214,-1.7712,-1.6139,-1.4634,-1.328,-1.2111,-1.113,-1.0322,-0.9666,-0.9139,-0.8719,-0.8391,-0.8142,-0.7958,-0.7825,-0.772,-0.7618,-0.7497,-0.7344,-0.7157,-0.6943,-0.6711,-0.6473,-0.624,-0.6023,-0.5832,-0.5676,-0.5559,-0.5483,-0.5446,-0.544,-0.5454,-0.5476,-0.5498,-0.5512,-0.5518,-0.5516,-0.551,-0.5504,-0.5502,-0.5505,-0.5515,-0.5532
-1.9685,-2.0036,-2.0457,-2.0827,-2.0949,-2.0645,-1.9853,-1.8655,-1.7212,-1.5698,-1.4246,-1.2938,-1.181,-1.0866,-1.0092,-0.9467,-0.8969,-0.8576,-0.8273,-0.8049,-0.7892,-0.7788,-0.771,-0.7627,-0.7512,-0.7353,-0.7152,-0.6917,-0.6663,-0.6403,-0.6151,-0.5918,-0.5717,-0.5557,-0.5445,-0.5382,-0.5364,-0.538,-0.5416,-0.5458,-0.5492,-0.5512,-0.5517,-0.551,-0.5497,-0.5484,-0.5476,-0.5474,-0.548,-0.5496
-1.966,-1.9833,-2.0065,-2.0268,-2.0271,-1.9915,-1.9137,-1.7996,-1.663,-1.5193,-1.3811,-1.2563,-1.1486,-1.0586,-0.9852,-0.9264,-0.8798,-0.8436,-0.8161,-0.7965,-0.7839,-0.7768,-0.772,-0.7657,-0.7545,-0.7375,-0.7152,-0.6892,-0.6612,-0.6327,-0.6053,-0.5803,-0.5591,-0.5429,-0.5324,-0.5277,-0.5283,-0.5328,-0.5393,-0.5457,-0.5505,-0.553,-0.5531,-0.5516,-0.5493,-0.547,-0.5453,-0.5445,-0.5448,-0.5461
-1.9725,-1.9702,-1.9718,-1.9722,-1.958,-1.9152,-1.8376,-1.7289,-1.6003,-1.4651,-1.3346,-1.2166,-1.1146,-1.0296,-0.9607,-0.9059,-0.863,-0.83,-0.8056,-0.789,-0.7798,-0.7765,-0.7752,-0.7708,-0.7594,-0.7404,-0.7153,-0.6863,-0.6554,-0.6241,-0.5943,-0.5674,-0.5451,-0.5288,-0.5193,-0.5168,-0.5205,-0.5287,-0.5387,-0.5479,-0.5542,-0.5569,-0.5563,-0.5536,-0.5498,-0.5462,-0.5434,-0.5419,-0.5416,-0.5427
-1.9918,-1.9691,-1.9475,-1.9258,-1.8946,-1.8425,-1.763,-1.6582,-1.5367,-1.4096,-1.287,-1.1758,-1.0799,-1.0002,-0.9359,-0.8854,-0.8463,-0.8168,-0.7956,-0.7823,-0.7768,-0.7776,-0.7801,-0.7774,-0.7652,-0.7434,-0.715,-0.6826,-0.6484,-0.6142,-0.5818,-0.5529,-0.5294,-0.513,-0.5049,-0.5052,-0.5129,-0.5257,-0.54,-0.5525,-0.5604,-0.5631,-0.5614,-0.5568,-0.5512,-0.5459,-0.5418,-0.5394,-0.5386,-0.5393
-2.0257,-1.9829,-1.9372,-1.8918,-1.8417,-1.7778,-1.694,-1.591,-1.475,-1.355,-1.2397,-1.1352,-1.0451,-0.9706,-0.9111,-0.8649,-0.8299,-0.804,-0.7861,-0.776,-0.7742,-0.7793,-0.7857,-0.7844,-0.7704,-0.7453,-0.7132,-0.6773,-0.6399,-0.6026,-0.5673,-0.5363,-0.5116,-0.4953,-0.4889,-0.4926,-0.5053,-0.5237,-0.5434,-0.5597,-0.5694,-0.5717,-0.5681,-0.5611,-0.5531,-0.5458,-0.5403,-0.5368,-0.5355,-0.5359
-2.0734,-2.0114,-1.9412,-1.8714,-1.8008,-1.7231,-1.6327,-1.5292,-1.4169,-1.3027,-1.1938,-1.0954,-1.0109,-0.9415,-0.8865,-0.8446,-0.8136,-0.7913,-0.7766,-0.7695,-0.7709,-0.78,-0.7897,-0.7891,-0.7729,-0.7444,-0.7089,-0.6698,-0.6292,-0.5888,-0.5506,-0.5172,-0.4911,-0.475,-0.4707,-0.4786,-0.4972,-0.5225,-0.5486,-0.5693,-0.5807,-0.5822,-0.5761,-0.5661,-0.5552,-0.5457,-0.5386,-0.5342,-0.5322,-0.5325
-2.1312,-2.0513,-1.9572,-1.8626,-1.7708,-1.6779,-1.5793,-1.4735,-1.3632,-1.2536,-1.1501,-1.0573,-0.9779,-0.913,-0.8623,-0.8245,-0.7973,-0.7785,-0.7667,-0.762,-0.7657,-0.7772,-0.7891,-0.7884,-0.7701,-0.739,-0.701,-0.6594,-0.6159,-0.5724,-0.5311,-0.495,-0.4675,-0.4515,-0.4495,-0.4622,-0.4877,-0.5212,-0.5548,-0.5807,-0.5937,-0.5939,-0.5847,-0.5711,-0.5572,-0.5453,-0.5366,-0.5312,-0.5288,-0.5289
-2.1925,-2.0964,-1.9799,-1.8614,-1.7488,-1.6405,-1.5327,-1.4234,-1.3141,-1.208,-1.1092,-1.0213,-0.9464,-0.8856,-0.8387,-0.8046,-0.7812,-0.7657,-0.7563,-0.7531,-0.7575,-0.7691,-0.7806,-0.7792,-0.76,-0.7281,-0.6891,-0.6458,-0.5998,-0.5531,-0.5084,-0.4692,-0.4397,-0.4238,-0.4243,-0.4423,-0.4757,-0.5184,-0.5606,-0.5922,-0.607,-0.6054,-0.5927,-0.5753,-0.5582,-0.544,-0.5338,-0.5277,-0.525,-0.5251
-2.2489,-2.1392,-2.0028,-1.8628,-1.7309,-1.608,-1.4912,-1.3782,-1.2692,-1.166,-1.0714,-0.9877,-0.9168,-0.8596,-0.816,-0.7853,-0.7652,-0.7528,-0.7456,-0.7429,-0.7462,-0.7553,-0.764,-0.7614,-0.7428,-0.7121,-0.6735,-0.6292,-0.5808,-0.5305,-0.4818,-0.439,-0.4071,-0.3907,-0.3937,-0.4174,-0.4593,-0.5121,-0.5637,-0.6015,-0.6181,-0.6147,-0.5985,-0.5775,-0.5574,-0.5413,-0.5301,-0.5234,-0.5207,-0.5211
-2.2914,-2.1713,-2.0192,-1.8614,-1.7131,-1.5776,-1.4529,-1.3366,-1.2279,-1.1274,-1.0366,-0.957,-0.8897,-0.8354,-0.7946,-0.7667,-0.7498,-0.7404,-0.735,-0.7321,-0.733,-0.7378,-0.7421,-0.738,-0.721,-0.6925,-0.655,-0.6098,-0.5588,-0.5045,-0.451,-0.4035,-0.3682,-0.3509,-0.356,-0.3853,-0.436,-0.4993,-0.5607,-0.6051,-0.6239,-0.6192,-0.6001,-0.5762,-0.5541,-0.5367,-0.525,-0.5183,-0.5159,-0.5168
-2.3125,-2.1857,-2.0229,-1.8524,-1.6919,-1.5468,-1.4161,-1.2976,-1.1897,-1.092,-1.005,-0.9292,-0.8653,-0.8138,-0.7751,-0.7496,-0.7356,-0.7291,-0.7252,-0.7217,-0.7198,-0.72,-0.7199,-0.7142,-0.6985,-0.672,-0.6351,-0.5886,-0.5341,-0.4747,-0.4151,-0.3618,-0.3219,-0.3026,-0.3092,-0.3437,-0.4029,-0.4765,-0.5477,-0.599,-0.6207,-0.616,-0.5955,-0.5702,-0.5473,-0.5298,-0.5183,-0.5123,-0.5106,-0.5122
-2.3073,-2.1778,-2.0099,-1.8325,-1.6646,-1.5135,-1.3794,-1.2601,-1.1539,-1.0595,-0.9764,-0.9046,-0.8441,-0.7951,-0.7584,-0.7347,-0.7233,-0.7197,-0.7171,-0.7126,-0.7081,-0.7047,-0.7014,-0.6942,-0.6788,-0.6528,-0.6152,-0.5661,-0.5069,-0.4409,-0.3735,-0.3124,-0.2664,-0.2437,-0.2508,-0.2898,-0.3569,-0.4402,-0.5208,-0.5791,-0.6051,-0.6023,-0.5829,-0.5584,-0.5364,-0.5201,-0.5099,-0.5051,-0.5047,-0.5074
-2.2749,-2.1461,-1.9785,-1.7998,-1.6296,-1.4765,-1.3416,-1.2235,-1.12,-1.0295,-0.9508,-0.8832,-0.8263,-0.78,-0.7452,-0.7231,-0.714,-0.7129,-0.711,-0.7052,-0.6987,-0.6937,-0.6889,-0.6803,-0.6637,-0.6363,-0.5962,-0.5429,-0.4773,-0.4027,-0.3254,-0.2542,-0.1997,-0.1719,-0.1782,-0.2209,-0.2951,-0.3873,-0.4768,-0.5427,-0.5746,-0.5767,-0.5612,-0.5402,-0.5213,-0.5076,-0.4998,-0.497,-0.4983,-0.5024
-2.2174,-2.0922,-1.9294,-1.7545,-1.5867,-1.4353,-1.3025,-1.1873,-1.0876,-1.0017,-0.9278,-0.8648,-0.8118,-0.7687,-0.7362,-0.7159,-0.7086,-0.7091,-0.7069,-0.6993,-0.6919,-0.6876,-0.6829,-0.6726,-0.6534,-0.6227,-0.5785,-0.5193,-0.4453,-0.3599,-0.2697,-0.1854,-0.1196,-0.0845,-0.0886,-0.1342,-0.215,-0.3157,-0.414,-0.4884,-0.5286,-0.5386,-0.5304,-0.5157,-0.502,-0.4926,-0.4881,-0.4881,-0.4916,-0.4975
-2.1397,-2.02,-1.8654,-1.6983,-1.5368,-1.3903,-1.2619,-1.1512,-1.0564,-0.9756,-0.9069,-0.8489,-0.8004,-0.761,-0.7313,-0.7131,-0.7072,-0.7077,-0.7037,-0.6943,-0.6877,-0.6863,-0.6825,-0.6696,-0.6465,-0.6115,-0.5619,-0.4952,-0.4109,-0.3119,-0.2055,-0.1043,-0.0237,0.0213,0.0207,-0.0275,-0.1153,-0.225,-0.333,-0.4175,-0.4685,-0.4895,-0.4916,-0.4857,-0.4792,-0.4754,-0.4753,-0.4787,-0.4848,-0.4927
-2.048,-1.9349,-1.7904,-1.6338,-1.4812,-1.3421,-1.22,-1.1151,-1.0261,-0.9509,-0.8878,-0.8349,-0.7912,-0.7559,-0.7296,-0.7136,-0.7081,-0.7068,-0.7,-0.6894,-0.6852,-0.6884,-0.6851,-0.6683,-0.6407,-0.6012,-0.5457,-0.4704,-0.3738,-0.2583,-0.132,-0.0094,0.0902,0.1481,0.1521,0.1005,0.0041,-0.1166,-0.2361,-0.333,-0.3973,-0.4319,-0.4467,-0.4516,-0.4538,-0.4568,-0.4619,-0.4692,-0.4782,-0.4884
-1.9483,-1.8423,-1.7088,-1.564,-1.422,-1.2918,-1.1773,-1.0791,-0.9963,-0.9271,-0.8697,-0.8222,-0.7833,-0.7523,-0.7293,-0.7151,-0.7088,-0.7045,-0.6949,-0.684,-0.6821,-0.6892,-0.6851,-0.6644,-0.6338,-0.5907,-0.5293,-0.4447,-0.3342,-0.1993,-0.0487,0.1003,0.2239,0.2978,0.3066,0.2497,0.1414,0.0064,-0.1277,-0.2395,-0.3192,-0.3693,-0.3983,-0.4154,-0.4272,-0.4377,-0.4485,-0.46,-0.4722,-0.4848
-1.8459,-1.747,-1.6245,-1.4918,-1.3611,-1.2406,-1.1342,-1.0432,-0.9669,-0.9038,-0.852,-0.8098,-0.7758,-0.7488,-0.7288,-0.7156,-0.7077,-0.7001,-0.6884,-0.6769,-0.6745,-0.6811,-0.6758,-0.6549,-0.6245,-0.5793,-0.5125,-0.4182,-0.2923,-0.1354,0.0437,0.2247,0.3773,0.4701,0.4834,0.4177,0.2928,0.139,-0.0132,-0.1422,-0.2389,-0.3054,-0.3492,-0.3789,-0.4009,-0.4192,-0.4359,-0.4518,-0.4673,-0.4822
-1.7449,-1.6527,-1.5407,-1.4197,-1.3002,-1.1895,-1.0915,-1.0077,-0.9378,-0.8806,-0.8343,-0.7972,-0.7677,-0.7445,-0.7269,-0.7142,-0.7045,-0.6942,-0.6808,-0.6675,-0.6602,-0.6597,-0.6552,-0.6404,-0.6132,-0.5671,-0.4953,-0.391,-0.249,-0.0681,0.1431,0.3609,0.5474,0.6614,0.6775,0.5984,0.4515,0.2745,0.1012,-0.0467,-0.161,-0.2438,-0.3023,-0.3444,-0.3764,-0.4024,-0.4249,-0.4452,-0.4638,-0.4809
-1.6483,-1.5624,-1.4598,-1.3498,-1.2408,-1.1394,-1.0495,-0.9726,-0.9088,-0.8572,-0.8162,-0.7839,-0.7586,-0.7388,-0.7233,-0.7111,-0.7003,-0.6881,-0.6731,-0.6568,-0.6423,-0.6328,-0.6318,-0.6257,-0.6019,-0.5548,-0.4779,-0.364,-0.2058,-0.0003,0.2449,0.5028,0.7264,0.8624,0.8787,0.7814,0.608,0.4047,0.2088,0.0417,-0.0897,-0.1879,-0.2601,-0.3137,-0.355,-0.3883,-0.4163,-0.4406,-0.4621,-0.4813
-1.5579,-1.4776,-1.3836,-1.2833,-1.184,-1.0912,-1.0086,-0.9381,-0.88,-0.8336,-0.7974,-0.7696,-0.7483,-0.7317,-0.7185,-0.7071,-0.6958,-0.6827,-0.6664,-0.6475,-0.6278,-0.6145,-0.6167,-0.615,-0.5921,-0.5429,-0.461,-0.3381,-0.165,0.0638,0.3418,0.6394,0.8999,1.0567,1.0703,0.9518,0.7502,0.5206,0.303,0.1181,-0.0285,-0.1404,-0.2247,-0.2885,-0.3382,-0.3779,-0.4108,-0.4387,-0.4627,-0.4837
-1.4745,-1.3995,-1.3131,-1.2214,-1.1305,-1.0454,-0.9694,-0.9045,-0.8513,-0.8095,-0.7778,-0.7543,-0.7369,-0.7236,-0.7127,-0.7027,-0.6919,-0.6786,-0.6618,-0.6416,-0.621,-0.6092,-0.6117,-0.6085,-0.5838,-0.5315,-0.445,-0.3145,-0.1291,0.1189,0.4244,0.7559,1.0479,1.2213,1.2303,1.0917,0.8652,0.6133,0.3779,0.1787,0.0195,-0.1036,-0.1978,-0.2703,-0.3269,-0.3722,-0.4092,-0.44,-0.4661,-0.4884
-1.3988,-1.3284,-1.2486,-1.1644,-1.0809,-1.0025,-0.9322,-0.872,-0.8229,-0.785,-0.7574,-0.7381,-0.7248,-0.715,-0.7068,-0.6988,-0.6892,-0.6764,-0.6597,-0.6399,-0.621,-0.6113,-0.6111,-0.6038,-0.5758,-0.5205,-0.4302,-0.2944,-0.101,0.1594,0.4829,0.8363,1.1485,1.3318,1.3365,1.1839,0.9413,0.6755,0.429,0.2202,0.0523,-0.0791,-0.181,-0.2601,-0.3222,-0.3718,-0.4119,-0.445,-0.4725,-0.4956
-1.3305,-1.2643,-1.1904,-1.1127,-1.0356,-0.9628,-0.8972,-0.8409,-0.795,-0.7602,-0.7361,-0.7211,-0.7122,-0.7063,-0.7013,-0.6957,-0.6879,-0.6761,-0.66,-0.6413,-0.6243,-0.6148,-0.6106,-0.5986,-0.5674,-0.5097,-0.4173,-0.2792,-0.0829,0.1812,0.5095,0.8685,1.1852,1.3701,1.3731,1.2172,0.9713,0.7027,0.4533,0.2408,0.0684,-0.0681,-0.175,-0.2588,-0.3248,-0.3774,-0.4196,-0.454,-0.4822,-0.5055
-1.2695,-1.2072,-1.1383,-1.0663,-0.9947,-0.9267,-0.865,-0.8115,-0.7678,-0.7352,-0.714,-0.7032,-0.6994,-0.6983,-0.697,-0.6941,-0.6882,-0.6775,-0.6622,-0.6445,-0.6285,-0.6178,-0.6092,-0.5928,-0.5589,-0.4998,-0.407,-0.2699,-0.0764,0.1822,0.5016,0.8486,1.1535,1.3318,1.3366,1.189,0.9536,0.6939,0.45,0.2399,0.0672,-0.0712,-0.1807,-0.267,-0.3353,-0.3894,-0.4327,-0.4674,-0.4955,-0.5184
-1.2152,-1.1565,-1.0921,-1.0251,-0.9583,-0.8944,-0.8358,-0.7843,-0.7419,-0.7103,-0.6911,-0.6843,-0.6865,-0.6915,-0.6945,-0.6944,-0.69,-0.6802,-0.6655,-0.6485,-0.6327,-0.62,-0.6073,-0.5871,-0.5511,-0.4916,-0.4003,-0.2672,-0.0816,0.1634,0.4619,0.7825,1.0624,1.2275,1.2366,1.1066,0.8926,0.6514,0.4204,0.2179,0.0487,-0.0885,-0.1982,-0.2852,-0.354,-0.4083,-0.4513,-0.4854,-0.5126,-0.5344
-1.1672,-1.1118,-1.0516,-0.989,-0.9264,-0.866,-0.81,-0.76,-0.718,-0.6861,-0.6674,-0.664,-0.6733,-0.686,-0.6942,-0.6964,-0.6929,-0.6834,-0.669,-0.6527,-0.6368,-0.6221,-0.6061,-0.5829,-0.5453,-0.4863,-0.398,-0.2713,-0.0976,0.1277,0.3975,0.6825,0.9294,1.0771,1.0912,0.9831,0.7968,0.5801,0.3671,0.1761,0.0137,-0.12,-0.2278,-0.3136,-0.3813,-0.4343,-0.4758,-0.5082,-0.5336,-0.5535
-1.1249,-1.0726,-1.0162,-0.9576,-0.8988,-0.8418,-0.7881,-0.7392,-0.697,-0.664,-0.6441,-0.6425,-0.6591,-0.6814,-0.6956,-0.6994,-0.6958,-0.6861,-0.6722,-0.6565,-0.6407,-0.6248,-0.6064,-0.5809,-0.5425,-0.4847,-0.4003,-0.2818,-0.1226,0.0797,0.3168,0.5628,0.7741,0.9024,0.9201,0.8338,0.6764,0.4864,0.2939,0.1167,-0.0369,-0.1651,-0.2693,-0.3522,-0.4171,-0.4675,-0.5062,-0.5358,-0.5584,-0.5756
-1.0878,-1.0385,-0.9856,-0.9307,-0.8756,-0.8216,-0.7702,-0.7227,-0.6804,-0.6458,-0.6237,-0.6218,-0.6442,-0.6764,-0.6963,-0.7012,-0.6971,-0.6874,-0.6743,-0.6598,-0.6447,-0.6284,-0.6087,-0.5819,-0.5433,-0.4871,-0.4074,-0.298,-0.1543,0.0239,0.2281,0.4358,0.6125,0.7213,0.7402,0.6724,0.5412,0.3767,0.2046,0.0421,-0.1017,-0.2232,-0.3222,-0.4008,-0.4616,-0.5078,-0.5424,-0.5681,-0.5869,-0.6008
-1.0554,-1.0089,-0.9593,-0.908,-0.8563,-0.8055,-0.7567,-0.7108,-0.6692,-0.634,-0.6101,-0.6068,-0.6319,-0.6701,-0.6937,-0.6996,-0.6959,-0.6871,-0.6755,-0.6628,-0.6491,-0.6334,-0.6134,-0.5861,-0.5476,-0.4935,-0.4187,-0.3187,-0.1906,-0.0356,0.1376,0.3104,0.4557,0.5456,0.5631,0.509,0.3993,0.2569,0.1033,-0.0454,-0.1793,-0.2933,-0.3863,-0.4592,-0.5144,-0.5551,-0.5843,-0.6049,-0.6191,-0.6288
-1.0271,-0.9833,-0.9369,-0.889,-0.8407,-0.7931,-0.7472,-0.7037,-0.664,-0.6299,-0.6064,-0.6028,-0.6269,-0.664,-0.6879,-0.6949,-0.6926,-0.6855,-0.6761,-0.6658,-0.6544,-0.6401,-0.6205,-0.5932,-0.5553,-0.5033,-0.4335,-0.3427,-0.2294,-0.0958,0.0498,0.192,0.3097,0.3821,0.3959,0.3505,0.2567,0.1318,-0.0065,-0.1432,-0.268,-0.3746,-0.4607,-0.5268,-0.5752,-0.609,-0.6316,-0.6459,-0.6545,-0.6593
-1.0024,-0.9613,-0.918,-0.8733,-0.8284,-0.7841,-0.7414,-0.701,-0.6642,-0.6331,-0.6123,-0.6097,-0.6302,-0.6609,-0.6818,-0.6893,-0.6886,-0.6837,-0.6768,-0.6695,-0.661,-0.6487,-0.6301,-0.6031,-0.5658,-0.5159,-0.4508,-0.3686,-0.2689,-0.1544,-0.0329,0.0831,0.1772,0.2336,0.2419,0.2007,0.1174,0.0049,-0.1219,-0.2492,-0.3662,-0.4657,-0.5447,-0.603,-0.6432,-0.6688,-0.6835,-0.6906,-0.6928,-0.6919
-0.981,-0.9425,-0.902,-0.8605,-0.8189,-0.778,-0.7386,-0.7018,-0.6687,-0.6415,-0.6244,-0.6228,-0.6385,-0.6613,-0.6778,-0.6849,-0.6854,-0.6824,-0.6783,-0.6744,-0.6692,-0.6592,-0.6415,-0.6148,-0.5781,-0.5302,-0.4696,-0.3953,-0.3077,-0.2101,-0.1091,-0.0152,0.0587,0.1005,0.102,0.0615,-0.0162,-0.1211,-0.2405,-0.3613,-0.4722,-0.5654,-0.6369,-0.6867,-0.7176,-0.7338,-0.7394,-0.7383,-0.7333,-0.7262
-0.9624,-0.9263,-0.8887,-0.8502,-0.8118,-0.7742,-0.7383,-0.7051,-0.6759,-0.6527,-0.6388,-0.6374,-0.6483,-0.6641,-0.6763,-0.6822,-0.6833,-0.6821,-0.6808,-0.6805,-0.6787,-0.6709,-0.6539,-0.6273,-0.5911,-0.5451,-0.4887,-0.4216,-0.3449,-0.2618,-0.1784,-0.1032,-0.0464,-0.0178,-0.0239,-0.0666,-0.1427,-0.2442,-0.3599,-0.4772,-0.5841,-0.6718,-0.7359,-0.7764,-0.797,-0.8026,-0.7983,-0.7881,-0.7753,-0.7616
-0.9462,-0.9125,-0.8775,-0.8419,-0.8066,-0.7722,-0.7396,-0.7099,-0.6843,-0.6646,-0.6529,-0.6511,-0.6578,-0.6681,-0.6766,-0.6811,-0.6826,-0.6828,-0.684,-0.687,-0.6883,-0.6822,-0.6657,-0.6391,-0.6036,-0.5596,-0.5072,-0.4468,-0.3798,-0.3093,-0.2408,-0.1814,-0.1394,-0.1227,-0.1367,-0.1837,-0.2612,-0.3628,-0.4782,-0.5946,-0.6994,-0.7826,-0.8393,-0.8701,-0.8795,-0.8738,-0.8587,-0.839,-0.818,-0.7974
-0.9321,-0.9006,-0.8681,-0.8353,-0.8028,-0.7714,-0.742,-0.7154,-0.6929,-0.6758,-0.6656,-0.6629,-0.6663,-0.6725,-0.678,-0.6813,-0.6827,-0.684,-0.6872,-0.6927,-0.6961,-0.6912,-0.6752,-0.649,-0.6144,-0.5727,-0.5244,-0.4703,-0.4119,-0.3525,-0.2967,-0.2507,-0.2215,-0.2155,-0.2376,-0.29,-0.3712,-0.4755,-0.5931,-0.7109,-0.8152,-0.8948,-0.9444,-0.9651,-0.963,-0.9454,-0.9192,-0.8898,-0.8604,-0.8329
-0.9199,-0.8905,-0.8603,-0.83,-0.8002,-0.7716,-0.7449,-0.7211,-0.7011,-0.686,-0.6765,-0.6729,-0.6738,-0.6769,-0.68,-0.682,-0.6833,-0.6851,-0.6895,-0.696,-0.7004,-0.6962,-0.681,-0.6558,-0.623,-0.584,-0.5399,-0.4917,-0.4412,-0.3914,-0.3466,-0.3122,-0.2939,-0.2976,-0.3276,-0.3861,-0.4721,-0.5807,-0.7023,-0.8231,-0.9281,-1.0048,-1.0475,-1.0583,-1.0446,-1.0151,-0.9781,-0.939,-0.9014,-0.8672
-0.9092,-0.8818,-0.8538,-0.8258,-0.7984,-0.7722,-0.748,-0.7265,-0.7085,-0.6948,-0.6857,-0.6812,-0.6802,-0.681,-0.6823,-0.6831,-0.6839,-0.6859,-0.6902,-0.6965,-0.7006,-0.6969,-0.6827,-0.6594,-0.629,-0.5933,-0.5534,-0.5109,-0.4676,-0.4264,-0.3911,-0.3665,-0.3579,-0.3701,-0.4074,-0.472,-0.5635,-0.6771,-0.8034,-0.9278,-1.034,-1.1082,-1.1447,-1.1461,-1.1213,-1.0807,-1.0333,-0.9853,-0.9401,-0.8997
