docs/data/wind_grid.json
[{"header":{"la1":42.85,"la2":41.18,"lo1":11.55,"lo2":14.05,"nx":36,"ny":24,"dx":0.07143,"dy":0.07261,"parameterCategory":2,"parameterNumber":2,"parameterNumberName":"eastward_wind","parameterUnit":"m.s-1"},"data":[-1.1232,-1.1298,-1.1355,-1.1397,-1.1418,-1.1405,-1.1338,-1.1193,-1.0953,-1.0616,-1.02,-0.9736,-0.9256,-0.8786,-0.8341,-0.7936,-0.7579,-0.7284,-0.7061,-0.6915,-0.684,-0.6826,-0.686,-0.693,-0.7018,-0.711,-0.7194,-0.7263,-0.7318,-0.7358,-0.7387,-0.7407,-0.742,-0.7429,-0.7434,-0.7438,-1.1441,-1.1537,-1.1628,-1.1713,-1.1786,-1.1834,-1.1825,-1.1714,-1.1458,-1.1048,-1.0518,-0.9925,-0.9321,-0.8742,-0.8203,-0.7713,-0.7282,-0.6928,-0.6673,-0.6527,-0.6476,-0.6497,-0.6577,-0.67,-0.6844,-0.6983,-0.7099,-0.719,-0.7257,-0.7303,-0.7335,-0.7355,-0.7367,-0.7375,-0.7379,-0.7381,-1.166,-1.1791,-1.1922,-1.2059,-1.2205,-1.2354,-1.2464,-1.2443,-1.219,-1.1669,-1.0954,-1.0165,-0.9392,-0.8677,-0.8025,-0.7431,-0.6896,-0.6449,-0.6148,-0.6023,-0.6031,-0.6104,-0.624,-0.6443,-0.6668,-0.6867,-0.7021,-0.7132,-0.7207,-0.7256,-0.7287,-0.7305,-0.7314,-0.7319,-0.732,-0.7321,-1.1888,-1.2057,-1.2231,-1.2422,-1.2659,-1.2967,-1.3311,-1.352,-1.3321,-1.2599,-1.1551,-1.0453,-0.9451,-0.8573,-0.7796,-0.708,-0.6395,-0.5779,-0.538,-0.5337,-0.5512,-0.5655,-0.5838,-0.6164,-0.6511,-0.6784,-0.6973,-0.7096,-0.7172,-0.7218,-0.7243,-0.7255,-0.726,-0.7259,-0.7257,-0.7255,-1.2123,-1.2336,-1.255,-1.2784,-1.3105,-1.3626,-1.4408,-1.5187,-1.5199,-1.403,-1.2326,-1.0745,-0.9452,-0.84,-0.7505,-0.6669,-0.5778,-0.48,-0.4081,-0.4256,-0.4986,-0.5219,-0.5379,-0.5923,-0.6433,-0.6769,-0.6971,-0.7088,-0.7154,-0.7188,-0.7202,-0.7205,-0.7201,-0.7195,-0.7188,-0.7183,-1.2363,-1.2635,-1.2894,-1.3136,-1.347,-1.4175,-1.5616,-1.7692,-1.8363,-1.6052,-1.3116,-1.0907,-0.9319,-0.8109,-0.7128,-0.6231,-0.5149,-0.3495,-0.1621,-0.2095,-0.4481,-0.5049,-0.5179,-0.5961,-0.654,-0.6858,-0.7025,-0.7109,-0.7148,-0.7161,-0.716,-0.715,-0.7136,-0.7122,-0.7109,-0.71,-1.2596,-1.2963,-1.3309,-1.3532,-1.3716,-1.435,-1.619,-1.9828,-2.1644,-1.7477,-1.3324,-1.0732,-0.8969,-0.7624,-0.6576,-0.575,-0.4784,-0.2729,0.1058,0.0523,-0.4478,-0.593,-0.6129,-0.6577,-0.6892,-0.705,-0.7121,-0.7146,-0.7145,-0.7132,-0.711,-0.7085,-0.7059,-0.7036,-0.7017,-0.7004,-1.2784,-1.3289,-1.3858,-1.4147,-1.3946,-1.4091,-1.5301,-1.7786,-1.8855,-1.5702,-1.2449,-1.0176,-0.8399,-0.6852,-0.559,-0.4919,-0.4664,-0.3797,-0.1966,-0.3289,-0.7903,-0.89,-0.8027,-0.7538,-0.7357,-0.7274,-0.722,-0.7174,-0.7131,-0.7088,-0.7045,-0.7003,-0.6965,-0.6932,-0.6907,-0.6891,-1.2847,-1.344,-1.431,-1.494,-1.4143,-1.3689,-1.3981,-1.4493,-1.4302,-1.3,-1.1301,-0.9546,-0.7761,-0.5764,-0.3569,-0.2756,-0.3985,-0.5076,-0.5798,-0.8282,-1.3118,-1.2432,-0.9588,-0.8261,-0.7697,-0.7423,-0.7267,-0.7164,-0.7086,-0.7019,-0.6957,-0.6899,-0.6847,-0.6804,-0.6773,-0.6754,-1.2735,-1.32,-1.3788,-1.4126,-1.3494,-1.3271,-1.3317,-1.3178,-1.2633,-1.1935,-1.0793,-0.9166,-0.7342,-0.4838,0.0108,0.2649,-0.2567,-0.5714,-0.7323,-0.9189,-1.1829,-1.1561,-0.9593,-0.8384,-0.7758,-0.7418,-0.722,-0.7094,-0.7,-0.6917,-0.6838,-0.6764,-0.6698,-0.6644,-0.6607,-0.6588,-1.2516,-1.2769,-1.2817,-1.2357,-1.2435,-1.3028,-1.3429,-1.3323,-1.2405,-1.2012,-1.0819,-0.902,-0.7301,-0.5361,-0.0708,0.2681,-0.3495,-0.7068,-0.8578,-0.9141,-0.9615,-0.9505,-0.877,-0.8051,-0.7549,-0.7238,-0.7061,-0.6954,-0.6866,-0.6777,-0.6682,-0.6589,-0.6506,-0.644,-0.6399,-0.6383,-1.2294,-1.2459,-1.2474,-1.2275,-1.2419,-1.3243,-1.4341,-1.5039,-1.3525,-1.2114,-1.0686,-0.8988,-0.7382,-0.6185,-0.5407,-0.4719,-0.6759,-1.0431,-1.1555,-1.0103,-0.9124,-0.8574,-0.8067,-0.757,-0.7149,-0.689,-0.6794,-0.6754,-0.6694,-0.66,-0.6483,-0.6363,-0.6256,-0.6177,-0.6133,-0.6126,-1.2094,-1.2253,-1.2367,-1.2468,-1.2773,-1.3614,-1.5187,-1.6999,-1.5526,-1.2536,-1.056,-0.9496,-0.8092,-0.6191,-0.6049,-0.5919,-0.803,-1.6319,-1.6761,-1.1153,-0.8923,-0.799,-0.7489,-0.7074,-0.6642,-0.6407,-0.6466,-0.6536,-0.6501,-0.6387,-0.623,-0.6066,-0.5924,-0.5828,-0.5787,-0.58,-1.1905,-1.206,-1.2219,-1.242,-1.278,-1.3486,-1.4652,-1.5871,-1.4918,-1.2236,-1.0529,-1.0496,-1.0174,-0.5366,-0.5656,-0.3735,-0.5993,-1.1785,-1.3182,-0.9924,-0.7923,-0.7067,-0.6828,-0.6654,-0.6269,-0.6035,-0.6237,-0.6361,-0.6302,-0.6129,-0.5899,-0.5662,-0.5468,-0.5352,-0.5328,-0.5385,-1.1714,-1.1854,-1.2008,-1.2202,-1.2487,-1.2914,-1.3427,-1.3644,-1.2898,-1.1633,-1.0737,-0.974,-0.803,-0.6129,-0.5744,-0.3345,-0.8184,-0.8305,-0.8758,-0.7435,-0.5609,-0.5241,-0.5904,-0.6321,-0.6276,-0.615,-0.623,-0.6232,-0.6076,-0.58,-0.5448,-0.509,-0.4814,-0.4685,-0.471,-0.4853,-1.1521,-1.1636,-1.1761,-1.1904,-1.2076,-1.2264,-1.2388,-1.2277,-1.1866,-1.1662,-1.2671,-0.969,-0.9076,-0.8067,-0.7394,-0.7151,-0.8302,-0.7815,-0.7167,-0.5177,-0.1285,-0.2156,-0.4861,-0.6031,-0.6307,-0.6281,-0.6204,-0.6052,-0.578,-0.5362,-0.4815,-0.4247,-0.3839,-0.3721,-0.3872,-0.4182,-1.1332,-1.1419,-1.1506,-1.1594,-1.1676,-1.173,-1.1712,-1.1581,-1.1416,-1.1565,-1.2399,-1.0961,-1.1016,-1.1363,-0.9447,-0.8705,-0.8173,-0.7152,-0.5991,-0.4655,-0.0644,-0.1792,-0.4828,-0.6056,-0.6307,-0.6193,-0.5999,-0.5768,-0.5408,-0.4809,-0.3934,-0.2967,-0.2335,-0.2317,-0.2763,-0.3379,-1.115,-1.1212,-1.1267,-1.1312,-1.1339,-1.1333,-1.128,-1.1182,-1.1093,-1.1105,-1.1126,-1.0964,-1.165,-1.1954,-1.1644,-1.1445,-0.9258,-0.5803,-0.2871,-0.5465,-0.5191,-0.5164,-0.6072,-0.6503,-0.6326,-0.5897,-0.5606,-0.5408,-0.5016,-0.4203,-0.2797,-0.1064,-0.0054,-0.0385,-0.1435,-0.2529,-1.0982,-1.1022,-1.1053,-1.107,-1.1069,-1.1042,-1.0987,-1.0913,-1.0846,-1.081,-1.0799,-1.0876,-1.1247,-1.2162,-1.5704,-1.7292,-1.1369,-0.7142,-0.5435,-0.8633,-0.8323,-0.7737,-0.7562,-0.7166,-0.6303,-0.5377,-0.5125,-0.5044,-0.4663,-0.3703,-0.1675,0.123,0.2745,0.1667,-0.0244,-0.1857,-1.0828,-1.0853,-1.0867,-1.0868,-1.0854,-1.0822,-1.0773,-1.0718,-1.0669,-1.0646,-1.0673,-1.0818,-1.124,-1.24,-1.5181,-1.5953,-1.2056,-0.9941,-1.1947,-1.3478,-1.0672,-0.9743,-0.9241,-0.8147,-0.6489,-0.5172,-0.492,-0.4538,-0.4309,-0.3517,-0.1361,0.2129,0.3905,0.2406,0.0133,-0.1654,-1.069,-1.0703,-1.0707,-1.07,-1.0681,-1.065,-1.061,-1.0569,-1.0538,-1.0533,-1.0581,-1.0732,-1.1079,-1.1756,-1.263,-1.2618,-1.1437,-1.0773,-1.1581,-1.2121,-1.1725,-1.2253,-1.2121,-1.0044,-0.7161,-0.468,-0.2771,-0.3146,-0.3952,-0.373,-0.2253,0.0271,0.1754,0.099,-0.0602,-0.2025,-1.0566,-1.0572,-1.0569,-1.0558,-1.0538,-1.051,-1.0478,-1.0448,-1.0429,-1.0434,-1.0481,-1.0598,-1.0814,-1.1121,-1.1379,-1.132,-1.0982,-1.084,-1.1183,-1.1883,-1.3579,-1.7084,-1.7976,-1.3426,-0.8388,-0.4291,-0.1249,-0.2493,-0.4115,-0.4259,-0.3498,-0.213,-0.1124,-0.1169,-0.1892,-0.2758,-1.0455,-1.0456,-1.045,-1.0436,-1.0417,-1.0393,-1.0367,-1.0344,-1.0332,-1.0338,-1.0373,-1.0449,-1.0567,-1.0703,-1.0796,-1.0788,-1.0736,-1.083,-1.128,-1.2429,-1.5312,-2.0839,-2.2493,-1.6036,-0.9862,-0.5843,-0.3836,-0.4161,-0.4851,-0.4797,-0.437,-0.365,-0.3033,-0.2862,-0.3108,-0.356,-1.0356,-1.0353,-1.0345,-1.0331,-1.0313,-1.0291,-1.027,-1.0251,-1.0241,-1.0244,-1.0266,-1.0309,-1.0372,-1.0439,-1.049,-1.0523,-1.0587,-1.0794,-1.1317,-1.2467,-1.4764,-1.7986,-1.8611,-1.4793,-1.0383,-0.728,-0.5604,-0.506,-0.4974,-0.496,-0.4806,-0.4469,-0.4132,-0.3976,-0.4042,-0.4268]},{"header":{"la1":42.85,"la2":41.18,"lo1":11.55,"lo2":14.05,"nx":36,"ny":24,"dx":0.07143,"dy":0.07261,"parameterCategory":2,"parameterNumber":3,"parameterNumberName":"northward_wind","parameterUnit":"m.s-1"},"data":[-0.6182,-0.6198,-0.6201,-0.619,-0.6165,-0.6124,-0.607,-0.6001,-0.5915,-0.5809,-0.5674,-0.5505,-0.5297,-0.5048,-0.4765,-0.4457,-0.4145,-0.3857,-0.362,-0.3451,-0.3352,-0.3306,-0.3293,-0.3296,-0.3306,-0.3322,-0.334,-0.3358,-0.3375,-0.3389,-0.3399,-0.3405,-0.3408,-0.3408,-0.3405,-0.3402,-0.6284,-0.6308,-0.6318,-0.631,-0.6284,-0.624,-0.6182,-0.6113,-0.6031,-0.593,-0.5798,-0.5622,-0.5394,-0.5108,-0.4767,-0.4384,-0.3986,-0.3617,-0.333,-0.3157,-0.3095,-0.3102,-0.3131,-0.3159,-0.3185,-0.3212,-0.3242,-0.3272,-0.33,-0.3321,-0.3338,-0.3348,-0.3353,-0.3354,-0.3353,-0.3349,-0.6393,-0.6429,-0.6447,-0.6441,-0.641,-0.6356,-0.6286,-0.621,-0.6135,-0.6051,-0.5936,-0.5766,-0.5523,-0.5198,-0.4788,-0.4301,-0.3772,-0.3274,-0.291,-0.2758,-0.2801,-0.2925,-0.3017,-0.3055,-0.3077,-0.3107,-0.3146,-0.3188,-0.3226,-0.3256,-0.3278,-0.3292,-0.3299,-0.3301,-0.3299,-0.3296,-0.651,-0.6563,-0.6593,-0.6589,-0.6546,-0.6466,-0.6363,-0.6261,-0.6193,-0.615,-0.6083,-0.594,-0.5695,-0.5336,-0.4848,-0.4224,-0.349,-0.2758,-0.2249,-0.2174,-0.2502,-0.2906,-0.3063,-0.3027,-0.299,-0.3005,-0.3052,-0.3108,-0.3157,-0.3196,-0.3223,-0.3238,-0.3246,-0.3247,-0.3244,-0.324,-0.6635,-0.6716,-0.6768,-0.6768,-0.6704,-0.6574,-0.6388,-0.6197,-0.6119,-0.618,-0.6229,-0.6153,-0.5928,-0.5549,-0.499,-0.4202,-0.3156,-0.1965,-0.1082,-0.1163,-0.2212,-0.3325,-0.3435,-0.3078,-0.2902,-0.2896,-0.2959,-0.3033,-0.3097,-0.3144,-0.3173,-0.3189,-0.3194,-0.3193,-0.3188,-0.3181,-0.6765,-0.6896,-0.6995,-0.7009,-0.6912,-0.6705,-0.6362,-0.5907,-0.5736,-0.6078,-0.6387,-0.6424,-0.624,-0.5873,-0.5281,-0.4348,-0.291,-0.0886,0.1066,0.0864,-0.1471,-0.3726,-0.3691,-0.2962,-0.2729,-0.2762,-0.2867,-0.2971,-0.305,-0.3103,-0.3132,-0.3144,-0.3144,-0.3138,-0.3128,-0.3118,-0.6886,-0.7106,-0.7316,-0.738,-0.7217,-0.6921,-0.6435,-0.5561,-0.5126,-0.6014,-0.6668,-0.6796,-0.6651,-0.634,-0.5804,-0.4843,-0.3144,-0.0314,0.3248,0.3046,0.0132,-0.1832,-0.2419,-0.2333,-0.242,-0.2611,-0.2795,-0.2935,-0.3027,-0.3079,-0.3101,-0.3104,-0.3095,-0.308,-0.3064,-0.3049,-0.6956,-0.7305,-0.7784,-0.8024,-0.7641,-0.7224,-0.6885,-0.6257,-0.5958,-0.676,-0.728,-0.7307,-0.7158,-0.6966,-0.6644,-0.5856,-0.421,-0.1583,0.1245,0.1784,0.1835,0.1173,-0.0458,-0.1495,-0.2106,-0.2511,-0.278,-0.2947,-0.3038,-0.3077,-0.3082,-0.3067,-0.3043,-0.3016,-0.2991,-0.2971,-0.6897,-0.7307,-0.817,-0.8934,-0.7902,-0.7377,-0.7536,-0.7744,-0.8041,-0.8362,-0.8249,-0.7917,-0.7698,-0.7711,-0.792,-0.7571,-0.5875,-0.3535,-0.1223,0.122,0.5093,0.4247,0.0833,-0.1051,-0.2018,-0.2562,-0.2873,-0.3034,-0.3097,-0.3102,-0.3074,-0.3031,-0.2986,-0.2943,-0.2907,-0.2881,-0.666,-0.6821,-0.7225,-0.7525,-0.6613,-0.7071,-0.8104,-0.9147,-1.0348,-1.0677,-0.9469,-0.8487,-0.8148,-0.8375,-0.9675,-1.0401,-0.749,-0.4904,-0.2725,-0.0058,0.3241,0.2873,0.0327,-0.1348,-0.23,-0.2845,-0.3123,-0.3221,-0.3213,-0.3151,-0.3071,-0.2989,-0.2914,-0.2853,-0.2805,-0.2773,-0.6363,-0.6101,-0.5244,-0.308,-0.355,-0.6591,-0.8709,-1.0233,-1.2734,-1.4017,-1.0467,-0.8781,-0.8442,-0.8661,-0.9684,-1.0558,-0.7556,-0.535,-0.3781,-0.218,-0.0675,-0.0403,-0.1224,-0.2178,-0.294,-0.3418,-0.3586,-0.3534,-0.3385,-0.3216,-0.306,-0.2926,-0.2818,-0.2736,-0.2677,-0.2642,-0.62,-0.5809,-0.4827,-0.3168,-0.3815,-0.7125,-0.9649,-1.097,-1.1769,-1.2265,-0.9873,-0.8643,-0.8676,-0.9292,-0.8872,-0.7886,-0.6408,-0.4953,-0.4126,-0.3332,-0.2522,-0.2177,-0.2428,-0.3093,-0.3905,-0.4413,-0.4354,-0.3984,-0.3591,-0.3267,-0.3017,-0.2825,-0.2681,-0.2579,-0.2514,-0.2479,-0.6219,-0.5992,-0.5595,-0.5328,-0.6166,-0.8208,-1.0396,-1.1908,-1.1224,-0.9935,-0.8737,-0.8255,-0.8595,-0.9657,-0.8974,-0.7001,-0.559,-0.4169,-0.3952,-0.3594,-0.3013,-0.2733,-0.2977,-0.3857,-0.5279,-0.6104,-0.5484,-0.4494,-0.3752,-0.3251,-0.2905,-0.2658,-0.2483,-0.2368,-0.2302,-0.2277,-0.6318,-0.6284,-0.6286,-0.6519,-0.7255,-0.8501,-0.9947,-1.108,-1.0511,-0.8806,-0.7845,-0.7912,-0.8287,-1.0286,-0.772,-0.6459,-0.5001,-0.399,-0.3795,-0.3302,-0.264,-0.2405,-0.2866,-0.4167,-0.6515,-0.7884,-0.6392,-0.4732,-0.3714,-0.3095,-0.2685,-0.2397,-0.22,-0.2081,-0.2028,-0.2027,-0.6397,-0.6472,-0.6619,-0.6921,-0.7446,-0.8154,-0.8861,-0.9185,-0.8595,-0.7385,-0.658,-0.6733,-0.7753,-0.89,-0.6824,-0.5901,0.1267,-0.2465,-0.3206,-0.2426,-0.1082,-0.0958,-0.203,-0.3573,-0.5646,-0.6814,-0.5688,-0.4273,-0.3347,-0.275,-0.2327,-0.2015,-0.1804,-0.1695,-0.1675,-0.172,-0.6416,-0.6526,-0.6691,-0.6936,-0.7261,-0.7611,-0.7849,-0.7762,-0.7156,-0.6046,-0.4648,-0.5072,-0.564,-0.6343,-0.5525,-0.3191,0.0082,-0.2391,-0.3064,-0.1218,0.2724,0.1914,-0.0822,-0.2518,-0.3726,-0.4295,-0.3954,-0.3286,-0.2709,-0.224,-0.1831,-0.1487,-0.1258,-0.1177,-0.1226,-0.1351,-0.6377,-0.6482,-0.6617,-0.6782,-0.6959,-0.7098,-0.7112,-0.6897,-0.6378,-0.5547,-0.4625,-0.4679,-0.3158,-0.2304,-0.414,-0.3838,-0.3436,-0.4213,-0.4578,-0.1876,0.326,0.2297,-0.0493,-0.183,-0.2431,-0.2588,-0.2469,-0.2261,-0.2,-0.1654,-0.1221,-0.0783,-0.0507,-0.0493,-0.0675,-0.0933,-0.6295,-0.6379,-0.6474,-0.657,-0.6649,-0.6675,-0.6599,-0.6375,-0.5988,-0.548,-0.4973,-0.4331,-0.2466,-0.1946,-0.3389,-0.362,-0.4263,-0.6489,-0.9083,-0.4699,-0.1303,-0.0532,-0.1104,-0.1558,-0.1644,-0.1438,-0.1325,-0.142,-0.139,-0.11,-0.055,0.0115,0.0495,0.036,-0.006,-0.0508,-0.6186,-0.6246,-0.6304,-0.635,-0.6369,-0.6337,-0.623,-0.6029,-0.5734,-0.5367,-0.4944,-0.439,-0.3682,-0.3297,-0.2717,-0.2404,-0.3931,-0.5923,-0.7167,-0.4154,-0.2645,-0.1736,-0.141,-0.1318,-0.1095,-0.0536,-0.0391,-0.087,-0.098,-0.0665,0.0054,0.1063,0.1587,0.119,0.047,-0.0166,-0.6065,-0.6102,-0.613,-0.6142,-0.6125,-0.6065,-0.5951,-0.5773,-0.5532,-0.5239,-0.4894,-0.4491,-0.4054,-0.3592,-0.2894,-0.2703,-0.3589,-0.4069,-0.2913,-0.2144,-0.23,-0.1527,-0.0988,-0.0873,-0.0822,-0.039,-0.0269,-0.0868,-0.0792,-0.0363,0.0366,0.1441,0.2,0.1492,0.0676,-0.001,-0.5939,-0.5957,-0.5963,-0.5951,-0.5913,-0.5841,-0.5726,-0.5567,-0.5363,-0.5117,-0.4835,-0.4521,-0.4183,-0.3826,-0.3488,-0.3383,-0.3497,-0.3376,-0.2767,-0.2265,-0.1494,-0.0127,0.0535,0.0072,-0.0626,-0.1176,-0.1914,-0.1555,-0.0607,0.0021,0.045,0.102,0.1371,0.1084,0.0501,-0.0061,-0.5815,-0.5818,-0.5807,-0.578,-0.5729,-0.5651,-0.5539,-0.5394,-0.5215,-0.5005,-0.4768,-0.4508,-0.4235,-0.3962,-0.3722,-0.3547,-0.3377,-0.3062,-0.2513,-0.1629,0.0189,0.3098,0.4001,0.1848,-0.0112,-0.1468,-0.2737,-0.1687,0.0462,0.1039,0.081,0.0702,0.0701,0.0523,0.017,-0.0231,-0.5695,-0.5685,-0.5663,-0.5625,-0.5567,-0.5486,-0.5379,-0.5245,-0.5084,-0.4899,-0.4693,-0.4469,-0.4234,-0.3996,-0.3763,-0.3526,-0.3235,-0.2804,-0.2109,-0.0869,0.1602,0.5589,0.6697,0.3228,0.0542,-0.0751,-0.1087,0.0549,0.3207,0.2742,0.1467,0.0744,0.0404,0.0157,-0.0121,-0.0424,-0.558,-0.5562,-0.5531,-0.5486,-0.5423,-0.5341,-0.5238,-0.5113,-0.4966,-0.4799,-0.4613,-0.4412,-0.4197,-0.3971,-0.373,-0.3455,-0.3107,-0.2618,-0.1874,-0.066,0.1322,0.3762,0.4378,0.2508,0.071,-0.0099,0.0115,0.1699,0.3587,0.3036,0.1665,0.0762,0.0258,-0.0067,-0.0339,-0.06]}]