docs/data/wind_grid.json
[{"header":{"la1":42.85,"la2":41.18,"lo1":11.55,"lo2":14.05,"nx":36,"ny":24,"dx":0.07143,"dy":0.07261,"parameterCategory":2,"parameterNumber":2,"parameterNumberName":"eastward_wind","parameterUnit":"m.s-1"},"data":[-1.1203,-1.1127,-1.1022,-1.0887,-1.0725,-1.054,-1.0338,-1.0123,-0.9896,-0.9662,-0.943,-0.9211,-0.9017,-0.8858,-0.8733,-0.8638,-0.8557,-0.8469,-0.8353,-0.8204,-0.8039,-0.7904,-0.7844,-0.7873,-0.7971,-0.81,-0.8232,-0.835,-0.8452,-0.8536,-0.8607,-0.8667,-0.872,-0.8768,-0.8812,-0.8854,-1.1411,-1.1343,-1.1236,-1.1088,-1.0905,-1.0694,-1.0465,-1.022,-0.9958,-0.968,-0.9397,-0.9129,-0.8896,-0.8714,-0.8588,-0.8509,-0.8451,-0.8376,-0.8238,-0.8012,-0.7727,-0.7482,-0.7387,-0.7469,-0.7661,-0.788,-0.8078,-0.8239,-0.8365,-0.8463,-0.8542,-0.8607,-0.8664,-0.8714,-0.8761,-0.8805,-1.1667,-1.1615,-1.1511,-1.1349,-1.1136,-1.0891,-1.0631,-1.036,-1.0062,-0.9728,-0.9372,-0.9029,-0.8738,-0.8526,-0.8403,-0.8359,-0.8359,-0.8332,-0.8183,-0.7829,-0.7289,-0.6789,-0.6639,-0.6873,-0.7269,-0.7643,-0.7932,-0.814,-0.8288,-0.8396,-0.8479,-0.8547,-0.8605,-0.8658,-0.8707,-0.8753,-1.1983,-1.1965,-1.1873,-1.1694,-1.1437,-1.114,-1.0847,-1.0566,-1.0248,-0.9839,-0.9365,-0.8904,-0.8523,-0.8265,-0.8149,-0.8172,-0.8289,-0.8392,-0.8294,-0.7757,-0.667,-0.5534,-0.5333,-0.6017,-0.683,-0.7433,-0.7822,-0.8067,-0.8225,-0.8335,-0.8417,-0.8484,-0.8543,-0.8597,-0.8648,-0.8697,-1.2372,-1.242,-1.2367,-1.2171,-1.1838,-1.1446,-1.111,-1.0876,-1.0592,-1.0069,-0.9386,-0.8733,-0.8216,-0.7883,-0.7772,-0.7899,-0.823,-0.8626,-0.8775,-0.8116,-0.6022,-0.3302,-0.3245,-0.5072,-0.6523,-0.7347,-0.7789,-0.8033,-0.8178,-0.8276,-0.8351,-0.8416,-0.8474,-0.853,-0.8584,-0.8636,-1.2841,-1.3012,-1.306,-1.2869,-1.2404,-1.1817,-1.1387,-1.1315,-1.1232,-1.0468,-0.9397,-0.8466,-0.776,-0.7307,-0.7172,-0.7429,-0.809,-0.9038,-0.9843,-0.9436,-0.6561,-0.1891,-0.2143,-0.5006,-0.6703,-0.7492,-0.7855,-0.8033,-0.8136,-0.821,-0.8274,-0.8335,-0.8395,-0.8453,-0.8511,-0.8567,-1.337,-1.3754,-1.404,-1.3943,-1.3261,-1.2289,-1.1591,-1.1673,-1.1952,-1.0747,-0.9213,-0.8015,-0.7089,-0.6428,-0.6171,-0.653,-0.76,-0.9237,-1.0845,-1.0793,-0.9175,-0.6335,-0.5579,-0.6714,-0.7505,-0.7847,-0.7975,-0.8029,-0.8069,-0.8116,-0.8172,-0.8234,-0.8299,-0.8363,-0.8427,-0.8489,-1.3885,-1.4555,-1.5293,-1.5539,-1.4514,-1.2904,-1.169,-1.1316,-1.1234,-1.0056,-0.8603,-0.733,-0.6162,-0.5114,-0.445,-0.4771,-0.6334,-0.8528,-1.0331,-1.1293,-1.3059,-1.2455,-1.0129,-0.8932,-0.845,-0.8189,-0.8027,-0.7946,-0.7932,-0.7967,-0.803,-0.8105,-0.8182,-0.8257,-0.8329,-0.8399,-1.4261,-1.5135,-1.6264,-1.7005,-1.565,-1.3489,-1.1736,-1.0609,-0.9769,-0.8819,-0.7765,-0.6517,-0.5043,-0.3299,-0.14,-0.1225,-0.4008,-0.7269,-0.9909,-1.3144,-1.8697,-1.7536,-1.2802,-1.0214,-0.8924,-0.822,-0.7842,-0.7685,-0.7671,-0.7737,-0.7837,-0.7942,-0.8042,-0.8133,-0.8217,-0.8296,-1.4424,-1.5318,-1.6291,-1.6769,-1.605,-1.3895,-1.1698,-1.002,-0.8549,-0.7667,-0.7058,-0.5749,-0.3899,-0.1417,0.3417,0.5868,-0.1232,-0.6443,-0.9632,-1.2742,-1.6582,-1.6007,-1.2561,-1.0116,-0.8603,-0.7692,-0.7245,-0.7142,-0.7237,-0.7409,-0.7588,-0.7747,-0.7879,-0.799,-0.8086,-0.8175,-1.4395,-1.5329,-1.6689,-1.8795,-1.8145,-1.4321,-1.1591,-0.9788,-0.7386,-0.6332,-0.6655,-0.5062,-0.2667,-0.0224,0.3463,0.6172,-0.1944,-0.7511,-1.0284,-1.1621,-1.2586,-1.2321,-1.0761,-0.895,-0.7378,-0.6349,-0.6026,-0.6218,-0.6606,-0.699,-0.73,-0.753,-0.7698,-0.7826,-0.7934,-0.8033,-1.417,-1.5039,-1.6443,-1.8421,-1.7628,-1.3772,-1.1385,-1.0458,-0.8781,-0.7293,-0.6662,-0.4399,-0.1051,0.3205,0.1754,-0.1388,-0.5964,-1.1889,-1.3895,-1.236,-1.1284,-1.0404,-0.9083,-0.7192,-0.5049,-0.3715,-0.389,-0.4861,-0.5828,-0.654,-0.7011,-0.7309,-0.7501,-0.7637,-0.775,-0.786,-1.3771,-1.4352,-1.5068,-1.5535,-1.4641,-1.2628,-1.123,-1.1,-1.0513,-0.899,-0.6892,-0.3314,-0.0942,0.4709,0.2251,-0.3392,-0.8084,-2.0079,-2.0826,-1.3678,-1.0877,-0.9377,-0.7779,-0.5154,-0.1286,0.0949,-0.071,-0.3297,-0.5112,-0.6183,-0.678,-0.7103,-0.7283,-0.7405,-0.7516,-0.7638,-1.3319,-1.3609,-1.3821,-1.3727,-1.3081,-1.2095,-1.132,-1.1013,-1.0837,-1.0196,-0.823,-0.1449,0.0502,-0.7219,-0.4111,-0.2845,-0.6064,-1.4156,-1.6301,-1.2346,-0.979,-0.8299,-0.6843,-0.3781,0.2189,0.5788,0.184,-0.2439,-0.4855,-0.6076,-0.6657,-0.6907,-0.7012,-0.709,-0.7196,-0.7344,-1.2932,-1.3049,-1.3065,-1.2896,-1.2513,-1.2035,-1.1663,-1.154,-1.1812,-1.2606,-1.3104,-1.136,-1.0219,-1.4221,-0.7098,-0.2803,-0.9007,-0.9965,-1.1222,-0.9748,-0.7193,-0.6322,-0.6203,-0.4313,0.0177,0.3041,0.015,-0.3338,-0.5346,-0.6289,-0.6624,-0.6655,-0.6601,-0.6607,-0.6727,-0.6939,-1.2653,-1.2698,-1.2673,-1.256,-1.2377,-1.2205,-1.217,-1.2453,-1.3424,-1.5911,-2.0652,-2.1343,-1.7798,-1.3839,-1.0776,-0.8934,-0.9955,-1.0577,-1.0733,-0.7766,-0.1457,-0.251,-0.5664,-0.584,-0.4263,-0.3164,-0.4003,-0.5446,-0.6383,-0.6703,-0.6559,-0.6186,-0.5868,-0.5809,-0.6018,-0.6383,-1.2474,-1.2503,-1.2496,-1.246,-1.2425,-1.2456,-1.2659,-1.321,-1.4432,-1.6887,-2.0393,-2.014,-2.2118,-2.296,-1.5815,-1.3251,-1.2623,-1.3199,-1.3261,-0.9201,-0.0792,-0.2313,-0.6339,-0.7406,-0.7254,-0.7098,-0.7289,-0.7524,-0.7518,-0.7111,-0.6261,-0.5209,-0.4492,-0.4468,-0.4973,-0.5662,-1.237,-1.2407,-1.2435,-1.2466,-1.2532,-1.2687,-1.3009,-1.3615,-1.4643,-1.6143,-1.7679,-1.9022,-2.301,-2.4039,-2.0509,-1.9577,-1.6907,-1.68,-1.8357,-1.45,-0.9632,-0.806,-0.8658,-0.9022,-0.9167,-0.9407,-0.9478,-0.9148,-0.8518,-0.7408,-0.5571,-0.3343,-0.2037,-0.2392,-0.3609,-0.4856,-1.2315,-1.2369,-1.2428,-1.251,-1.2639,-1.2856,-1.3211,-1.3763,-1.4554,-1.5552,-1.6651,-1.7952,-1.9721,-2.1575,-2.7798,-3.0829,-2.1099,-1.83,-1.8937,-1.8873,-1.519,-1.2115,-1.0806,-1.0353,-1.0351,-1.0688,-1.0767,-1.0271,-0.939,-0.7743,-0.473,-0.0701,0.1343,0.0006,-0.2325,-0.4224,-1.2289,-1.2359,-1.2443,-1.2557,-1.272,-1.2958,-1.3303,-1.3782,-1.4406,-1.5163,-1.604,-1.7099,-1.852,-2.1055,-2.6577,-2.8238,-2.1683,-1.938,-2.2859,-2.5003,-1.8144,-1.3871,-1.1915,-1.1131,-1.0954,-1.1025,-1.105,-1.1,-1.0286,-0.8516,-0.4889,0.0335,0.2844,0.0868,-0.1998,-0.4137,-1.2277,-1.2359,-1.2461,-1.2592,-1.2768,-1.3006,-1.3324,-1.3735,-1.4246,-1.4855,-1.5569,-1.6435,-1.7582,-1.925,-2.1232,-2.1493,-1.9661,-1.8915,-2.057,-2.0898,-1.6908,-1.3432,-1.1816,-1.134,-1.135,-1.1673,-1.2258,-1.2093,-1.1468,-1.0052,-0.6951,-0.2614,-0.0225,-0.1137,-0.3098,-0.4758,-1.2271,-1.2361,-1.2471,-1.261,-1.2786,-1.3012,-1.3298,-1.3651,-1.4075,-1.457,-1.5145,-1.5818,-1.662,-1.753,-1.8278,-1.8354,-1.7815,-1.7446,-1.744,-1.6611,-1.4116,-1.1323,-1.0416,-1.0961,-1.1517,-1.2188,-1.29,-1.2829,-1.3164,-1.242,-0.9914,-0.6737,-0.4612,-0.4283,-0.4964,-0.5841,-1.2264,-1.2358,-1.2471,-1.2609,-1.2779,-1.2987,-1.324,-1.3542,-1.3893,-1.4294,-1.4744,-1.5241,-1.5772,-1.6277,-1.6616,-1.6647,-1.6402,-1.6049,-1.554,-1.4447,-1.2386,-0.9837,-0.9239,-1.054,-1.1488,-1.2171,-1.2779,-1.3924,-1.6071,-1.5162,-1.2351,-0.9615,-0.7701,-0.6833,-0.6733,-0.6996,-1.2253,-1.2348,-1.246,-1.2593,-1.2751,-1.2939,-1.316,-1.3416,-1.3705,-1.4025,-1.4371,-1.473,-1.508,-1.5373,-1.5543,-1.5536,-1.5348,-1.5,-1.4434,-1.3495,-1.2099,-1.0633,-1.0208,-1.0852,-1.155,-1.2164,-1.2961,-1.455,-1.6459,-1.5634,-1.3235,-1.1027,-0.9426,-0.8479,-0.8063,-0.7982]},{"header":{"la1":42.85,"la2":41.18,"lo1":11.55,"lo2":14.05,"nx":36,"ny":24,"dx":0.07143,"dy":0.07261,"parameterCategory":2,"parameterNumber":3,"parameterNumberName":"northward_wind","parameterUnit":"m.s-1"},"data":[-0.1456,-0.1508,-0.1548,-0.1576,-0.1593,-0.1601,-0.1599,-0.1583,-0.1548,-0.1494,-0.1422,-0.1335,-0.1236,-0.1124,-0.0998,-0.086,-0.0713,-0.0562,-0.0414,-0.0277,-0.0155,-0.005,0.004,0.0119,0.0188,0.0251,0.0305,0.0351,0.0388,0.0416,0.0435,0.0447,0.0451,0.045,0.0444,0.0435,-0.1581,-0.1648,-0.1698,-0.1731,-0.1751,-0.1765,-0.177,-0.1761,-0.1725,-0.166,-0.157,-0.1466,-0.135,-0.1223,-0.1079,-0.0917,-0.0741,-0.056,-0.0385,-0.0227,-0.0092,0.0017,0.0108,0.0187,0.026,0.0326,0.0384,0.0432,0.0468,0.0494,0.0509,0.0515,0.0514,0.0506,0.0493,0.0477,-0.1735,-0.1824,-0.1887,-0.1923,-0.1942,-0.1961,-0.1984,-0.1993,-0.196,-0.1873,-0.175,-0.1617,-0.1483,-0.134,-0.1177,-0.0986,-0.0773,-0.0551,-0.0342,-0.016,-0.0015,0.0091,0.0175,0.0256,0.0337,0.0412,0.0476,0.0526,0.0561,0.0583,0.0593,0.0592,0.0582,0.0565,0.0544,0.0521,-0.1929,-0.2057,-0.2141,-0.2174,-0.2178,-0.2196,-0.2256,-0.2321,-0.2303,-0.2165,-0.197,-0.1789,-0.1634,-0.1482,-0.1301,-0.1076,-0.081,-0.0533,-0.028,-0.0075,0.007,0.0147,0.0212,0.031,0.0418,0.0512,0.0585,0.0638,0.0671,0.0688,0.0689,0.0677,0.0656,0.0629,0.0597,0.0564,-0.2179,-0.2382,-0.2513,-0.2534,-0.2479,-0.2464,-0.2597,-0.2823,-0.2866,-0.2589,-0.2226,-0.1967,-0.1802,-0.1658,-0.147,-0.1205,-0.0863,-0.0498,-0.0192,0.0026,0.0152,0.0123,0.0159,0.0344,0.0517,0.064,0.0722,0.0775,0.0803,0.081,0.0798,0.0773,0.0737,0.0695,0.065,0.0604,-0.2497,-0.2856,-0.3113,-0.3124,-0.2902,-0.2731,-0.2957,-0.3606,-0.3864,-0.3178,-0.2461,-0.2115,-0.1982,-0.1886,-0.1716,-0.141,-0.0959,-0.0445,-0.0078,0.0116,0.0285,0.0069,0.0111,0.0454,0.0685,0.0819,0.0901,0.0947,0.0964,0.0955,0.0924,0.0878,0.0823,0.0762,0.07,0.0641,-0.2861,-0.3529,-0.4149,-0.4248,-0.3614,-0.2939,-0.3064,-0.4299,-0.4996,-0.3557,-0.2479,-0.218,-0.2184,-0.2203,-0.2091,-0.1762,-0.1183,-0.0452,-0.0006,0.0111,0.0743,0.0753,0.0688,0.0854,0.0984,0.1073,0.1135,0.1165,0.1162,0.1127,0.1068,0.0994,0.0911,0.0827,0.0745,0.0669,-0.3152,-0.4304,-0.5835,-0.6513,-0.4895,-0.3027,-0.2507,-0.3289,-0.3777,-0.2691,-0.2071,-0.2157,-0.2449,-0.2662,-0.2668,-0.236,-0.1667,-0.0721,0.0044,0.0784,0.2419,0.2623,0.1871,0.1486,0.139,0.1405,0.1439,0.1444,0.1407,0.1332,0.1231,0.1117,0.0998,0.0884,0.0778,0.0683,-0.3112,-0.4583,-0.7329,-0.9619,-0.6029,-0.2634,-0.1352,-0.1125,-0.1041,-0.0919,-0.1342,-0.2133,-0.2852,-0.3311,-0.3512,-0.3307,-0.2454,-0.126,0.0055,0.2084,0.5417,0.4901,0.2853,0.2021,0.1814,0.1817,0.184,0.181,0.1716,0.1576,0.1412,0.1241,0.1076,0.0925,0.0791,0.0677,-0.2558,-0.3543,-0.5235,-0.6299,-0.3286,-0.1102,0.0192,0.0943,0.1518,0.1334,-0.0414,-0.226,-0.351,-0.4151,-0.4493,-0.4573,-0.3308,-0.1852,-0.0366,0.1677,0.4192,0.41,0.2803,0.2283,0.2263,0.2374,0.2408,0.2308,0.2108,0.186,0.1602,0.1355,0.1132,0.0937,0.0773,0.0639,-0.1719,-0.1839,-0.1281,0.097,0.1009,0.0798,0.2022,0.2933,0.3762,0.4286,0.0322,-0.2839,-0.4632,-0.5377,-0.5091,-0.4805,-0.3589,-0.218,-0.0937,0.041,0.1722,0.2266,0.2313,0.2527,0.2946,0.3277,0.3285,0.3004,0.2595,0.2172,0.1781,0.1437,0.1145,0.0902,0.0708,0.0558,-0.0997,-0.0723,0.0102,0.1403,0.1528,0.2132,0.4246,0.5829,0.4538,0.3124,-0.0691,-0.4228,-0.6266,-0.7633,-0.6714,-0.4974,-0.3495,-0.2035,-0.1151,-0.0282,0.0702,0.151,0.2225,0.3137,0.4241,0.4922,0.4696,0.3947,0.3152,0.2471,0.1911,0.1454,0.1084,0.0794,0.0574,0.0416,-0.0526,-0.0211,0.0326,0.0959,0.1602,0.3041,0.5821,0.8811,0.6593,0.1839,-0.2586,-0.6879,-0.814,-0.8507,-0.7597,-0.5449,-0.3596,-0.1322,-0.0969,-0.0389,0.0567,0.1498,0.2552,0.4167,0.6488,0.7814,0.6739,0.5009,0.3652,0.267,0.1932,0.1356,0.0909,0.0576,0.0342,0.0192,-0.0246,0.0034,0.0435,0.0958,0.1711,0.3005,0.5011,0.7008,0.5449,0.072,-0.3598,-0.998,-1.1863,-0.9085,-0.6487,-0.7122,-0.43,-0.1489,-0.0803,0.0016,0.1017,0.191,0.2972,0.498,0.8616,1.077,0.837,0.5631,0.3848,0.2654,0.177,0.1084,0.0563,0.02,-0.0024,-0.0138,-0.0088,0.0148,0.0469,0.0891,0.1465,0.2243,0.3106,0.3412,0.2002,-0.0632,-0.2753,-0.4453,-0.5074,-0.2494,-0.5105,-0.6924,0.3911,0.0252,0.0084,0.0998,0.2129,0.2713,0.3269,0.4754,0.7515,0.9188,0.7463,0.5205,0.3569,0.2352,0.1366,0.0563,-0.0034,-0.0405,-0.0575,-0.0603,-0.001,0.0178,0.0417,0.0709,0.1047,0.1383,0.1555,0.1234,0.0155,-0.1341,-0.2409,-0.0254,-0.1336,-0.2509,-0.2677,-0.0831,0.3254,0.1263,0.1113,0.2251,0.4044,0.3904,0.3525,0.4116,0.5257,0.5918,0.5353,0.4191,0.2978,0.1803,0.0681,-0.0305,-0.1007,-0.1342,-0.137,-0.1223,0.0019,0.0159,0.0322,0.0496,0.0656,0.0743,0.0653,0.0263,-0.0459,-0.1345,-0.208,-0.1114,0.017,0.0612,-0.0334,0.0285,0.1143,0.1508,0.1926,0.2832,0.4403,0.4176,0.3661,0.382,0.425,0.4499,0.4254,0.3503,0.2416,0.112,-0.0315,-0.1675,-0.2557,-0.2747,-0.2452,-0.199,0.0023,0.0121,0.0224,0.0316,0.0373,0.0355,0.0214,-0.0083,-0.0504,-0.0913,-0.104,-0.0514,0.0801,0.1425,0.2437,0.3375,0.2605,0.2284,0.2152,0.3058,0.371,0.3823,0.3771,0.3888,0.4241,0.4708,0.4597,0.3526,0.2065,0.0399,-0.1617,-0.3724,-0.4913,-0.4689,-0.3763,-0.2817,0.002,0.0086,0.0148,0.0193,0.0204,0.0159,0.0043,-0.0141,-0.0349,-0.0484,-0.0399,0.0055,0.0941,0.2652,0.7706,0.9864,0.4805,0.3254,0.3302,0.4966,0.4649,0.4317,0.4209,0.4213,0.4678,0.6207,0.6499,0.3963,0.1731,-0.0286,-0.2946,-0.617,-0.7766,-0.6739,-0.4945,-0.3485,0.0018,0.0064,0.0103,0.0125,0.0122,0.0086,0.0016,-0.0073,-0.0142,-0.0125,0.0069,0.0547,0.1484,0.3436,0.7256,0.8499,0.5335,0.4617,0.7101,0.8474,0.6058,0.5389,0.5178,0.4725,0.4587,0.6233,0.6662,0.2841,0.0832,-0.0852,-0.3481,-0.7147,-0.8928,-0.7483,-0.5345,-0.3717,0.0024,0.0058,0.0086,0.0102,0.0102,0.0087,0.0062,0.0043,0.0062,0.0165,0.0413,0.0884,0.169,0.2969,0.4498,0.5063,0.4602,0.4841,0.6282,0.7008,0.671,0.7375,0.7472,0.5904,0.3848,0.1836,-0.1345,-0.1205,-0.0672,-0.1303,-0.2927,-0.5427,-0.6874,-0.6169,-0.4702,-0.3422,0.0039,0.0067,0.0092,0.011,0.0121,0.0128,0.0139,0.0169,0.0242,0.0389,0.0649,0.1066,0.1675,0.2459,0.3239,0.373,0.4008,0.4517,0.5385,0.6388,0.8258,1.1867,1.2843,0.8614,0.3938,-0.0474,-0.4553,-0.3076,-0.178,-0.1782,-0.2272,-0.3382,-0.4263,-0.4218,-0.3567,-0.2805,0.0061,0.0088,0.0114,0.0138,0.0161,0.0188,0.0227,0.0289,0.0391,0.0556,0.0805,0.1158,0.162,0.2158,0.2697,0.3171,0.3633,0.424,0.5137,0.6638,0.9805,1.5525,1.7206,1.0877,0.4852,0.0676,-0.174,-0.2127,-0.2662,-0.2413,-0.2044,-0.2272,-0.266,-0.2759,-0.2528,-0.2137,0.0089,0.0118,0.0147,0.0178,0.0213,0.0255,0.0312,0.0394,0.0512,0.0679,0.0909,0.121,0.1577,0.1994,0.2432,0.2882,0.3381,0.4019,0.4942,0.6452,0.9072,1.2538,1.3249,0.9458,0.5057,0.1814,-0.0265,-0.1689,-0.2752,-0.2464,-0.1865,-0.1708,-0.1792,-0.1844,-0.1758,-0.1562]}]