docs/data/wind_grid.json
{"header": {"la1":42.1,"la2":41.55,"lo1":12.1,"lo2":12.95,"nx":50,"ny":50,"dx":0.01735,"dy":0.01122,"parameterCategory":2,"parameterNumber":2,"parameterNumberName":"eastward_wind","parameterUnit":"m.s-1"}, "data":
[rows 0 to 45 of 50, columns 0 to 49 of 50]
2.0923,2.0817,2.0701,2.0575,2.0438,2.0292,2.0135,1.997,1.9797,1.9619,1.9437,1.9255,1.9077,1.8908,1.8752,1.8617,1.8508,1.8432,1.8397,1.8409,1.8477,1.8606,1.8803,1.9073,1.9419,1.9846,2.0354,2.0943,2.1613,2.236,2.3177,2.4057,2.4986,2.5945,2.6912,2.7856,2.8746,2.9548,3.0232,3.0775,3.1166,3.1404,3.1501,3.1474,3.1347,3.1141,3.088,3.0582,3.0262,2.9933
2.0952,2.0843,2.0724,2.0593,2.0451,2.0296,2.0131,1.9955,1.9769,1.9576,1.9377,1.9177,1.8979,1.8789,1.8611,1.8453,1.8322,1.8226,1.8172,1.8169,1.8224,1.8345,1.8539,1.8812,1.9167,1.9609,2.014,2.0759,2.1466,2.2258,2.3129,2.407,2.5069,2.6106,2.7155,2.8184,2.9155,3.0028,3.0766,3.1344,3.1747,3.1976,3.2047,3.1981,3.1807,3.1552,3.1242,3.0897,3.0535,3.0168
2.0987,2.0877,2.0754,2.0619,2.047,2.0309,2.0134,1.9947,1.9748,1.9539,1.9323,1.9103,1.8884,1.867,1.8469,1.8286,1.8131,1.8011,1.7936,1.7914,1.7955,1.8067,1.8257,1.8531,1.8896,1.9354,1.9907,2.0557,2.1302,2.214,2.3066,2.4072,2.5144,2.6264,2.7403,2.8525,2.9585,3.0537,3.1336,3.195,3.2364,3.2581,3.2619,3.2508,3.228,3.1969,3.1605,3.121,3.0802,3.0396
2.1029,2.0916,2.0791,2.0652,2.0498,2.0329,2.0145,1.9947,1.9734,1.9509,1.9275,1.9034,1.8792,1.8553,1.8325,1.8116,1.7933,1.7788,1.7689,1.7646,1.7671,1.7771,1.7956,1.8232,1.8605,1.9078,1.9655,2.0336,2.112,2.2005,2.2987,2.4059,2.5208,2.6415,2.765,2.8873,3.0032,3.1071,3.1937,3.2592,3.3016,3.3215,3.3214,3.3048,3.276,3.2388,3.1964,3.1516,3.1061,3.0613
2.1077,2.0964,2.0836,2.0694,2.0535,2.0359,2.0166,1.9956,1.973,1.9488,1.9234,1.8972,1.8704,1.8439,1.8182,1.7943,1.7731,1.7556,1.743,1.7364,1.737,1.7457,1.7635,1.7911,1.8293,1.8783,1.9383,2.0096,2.092,2.1852,2.2891,2.4029,2.5256,2.6554,2.7891,2.9223,3.0491,3.1627,3.2567,3.3265,3.3697,3.3873,3.3825,3.3597,3.3241,3.2801,3.2315,3.1809,3.1306,3.0817
2.1133,2.1019,2.089,2.0744,2.0581,2.0399,2.0198,1.9976,1.9736,1.9477,1.9203,1.8917,1.8623,1.8328,1.804,1.7768,1.7523,1.7316,1.716,1.7068,1.7052,1.7124,1.7294,1.757,1.796,1.8467,1.9092,1.9837,2.07,2.168,2.2774,2.3979,2.5284,2.6674,2.8117,2.9565,3.0951,3.2195,3.3218,3.3961,3.44,3.4547,3.4443,3.4146,3.3715,3.3202,3.2649,3.2086,3.1533,3.1003
2.1196,2.1082,2.0953,2.0805,2.0638,2.0451,2.0241,2.0009,1.9754,1.9478,1.9183,1.8871,1.8549,1.8223,1.7901,1.7593,1.7311,1.7069,1.6879,1.6757,1.6717,1.6772,1.6932,1.7209,1.7607,1.813,1.8781,1.9559,2.0462,2.1488,2.2637,2.3904,2.5285,2.6766,2.8318,2.9888,3.1401,3.2763,3.3876,3.467,3.5113,3.5225,3.5058,3.4683,3.417,3.3581,3.2959,3.2338,3.1737,3.1167
2.1267,2.1155,2.1025,2.0877,2.0707,2.0514,2.0297,2.0054,1.9786,1.9492,1.9175,1.8838,1.8486,1.8125,1.7766,1.7419,1.7097,1.6815,1.6588,1.6433,1.6365,1.64,1.6551,1.6826,1.7233,1.7775,1.8453,1.9264,2.0206,2.1277,2.2476,2.3803,2.5255,2.6823,2.848,3.0176,3.1824,3.3312,3.4525,3.5372,3.5819,3.5889,3.5652,3.5192,3.4595,3.3927,3.3237,3.2559,3.1912,3.1305
2.1346,2.1237,2.1109,2.096,2.0789,2.0592,2.0368,2.0115,1.9833,1.9521,1.9182,1.8818,1.8434,1.8037,1.7638,1.7248,1.6882,1.6556,1.6287,1.6095,1.5997,1.6011,1.6149,1.6424,1.6841,1.7403,1.8108,1.8953,1.9935,2.1049,2.2294,2.3672,2.5186,2.6832,2.8591,3.041,3.2196,3.382,3.5139,3.6044,3.6493,3.6518,3.6204,3.5657,3.4973,3.4228,3.3473,3.2742,3.2052,3.1412
2.1434,2.1328,2.1203,2.1056,2.0884,2.0684,2.0455,2.0193,1.9898,1.9569,1.9206,1.8814,1.8397,1.7962,1.7519,1.7083,1.6668,1.6293,1.5978,1.5745,1.5614,1.5603,1.573,1.6004,1.6432,1.7015,1.775,1.8631,1.9651,2.0805,2.209,2.3511,2.5075,2.6786,2.8632,3.0567,3.2491,3.4255,3.5687,3.6653,3.7104,3.7081,3.669,3.6056,3.5288,3.4471,3.3657,3.2879,3.2153,3.1485
2.1531,2.143,2.1309,2.1164,2.0994,2.0793,2.056,2.029,1.9983,1.9636,1.9251,1.883,1.8378,1.7901,1.7412,1.6925,1.6457,1.6028,1.5663,1.5384,1.5216,1.518,1.5294,1.5568,1.6009,1.6616,1.7383,1.8301,1.9359,2.055,2.1868,2.332,2.4917,2.6673,2.8588,3.0623,3.2677,3.4578,3.6127,3.7158,3.7613,3.7544,3.708,3.6364,3.5522,3.4642,3.3778,3.2963,3.2208,3.152
2.1637,2.1542,2.1427,2.1287,2.1119,2.0919,2.0683,2.0408,2.0089,1.9726,1.9319,1.8868,1.8379,1.786,1.7321,1.6779,1.6253,1.5766,1.5345,1.5017,1.4809,1.4745,1.4845,1.5121,1.5578,1.6211,1.7012,1.7968,1.9065,2.0288,2.1632,2.3101,2.4711,2.6488,2.8444,3.0554,3.2718,3.4748,3.6411,3.7511,3.7974,3.7868,3.7341,3.6559,3.5657,3.4728,3.3829,3.2987,3.2215,3.1514
2.1753,2.1666,2.1558,2.1425,2.1262,2.1065,2.0828,2.0548,2.0221,1.9843,1.9413,1.8933,1.8407,1.7842,1.725,1.6649,1.606,1.551,1.5028,1.4646,1.4396,1.4303,1.4391,1.467,1.5143,1.5805,1.6643,1.764,1.8775,2.0028,2.1388,2.2858,2.4459,2.6226,2.8188,3.0338,3.2581,3.472,3.6489,3.7658,3.814,3.8011,3.7442,3.6616,3.5676,3.472,3.3801,3.2947,3.2168,3.1465
2.1878,2.1801,2.1702,2.1577,2.1422,2.123,2.0996,2.0714,2.0379,1.9988,1.9537,1.9028,1.8463,1.7851,1.7204,1.654,1.5883,1.5264,1.4718,1.4279,1.3984,1.3863,1.3938,1.4222,1.4715,1.5408,1.6285,1.7323,1.8496,1.9776,2.1144,2.26,2.4167,2.589,2.7817,2.996,3.2241,3.4456,3.6313,3.755,3.8064,3.7938,3.7357,3.6516,3.5567,3.4607,3.369,3.284,3.2068,3.1371
2.2012,2.1946,2.1859,2.1746,2.1601,2.1417,2.1188,2.0908,2.0568,2.0165,1.9695,1.9157,1.8555,1.7894,1.7188,1.6457,1.5728,1.5036,1.4421,1.3925,1.3586,1.3437,1.3501,1.3791,1.4304,1.5028,1.5945,1.7027,1.8238,1.9542,2.091,2.2336,2.3844,2.5487,2.7333,2.9418,3.1683,3.3931,3.5849,3.715,3.7714,3.7621,3.7066,3.6249,3.5324,3.4388,3.3493,3.2666,3.1913,3.1234
2.2156,2.2104,2.2031,2.1931,2.1799,2.1627,2.1407,2.1131,2.079,2.0378,1.9891,1.9326,1.8685,1.7976,1.7209,1.6408,1.5602,1.4833,1.4148,1.3594,1.3215,1.3043,1.31,1.3394,1.3923,1.4677,1.5633,1.6757,1.8007,1.9334,2.0696,2.2079,2.3504,2.5034,2.6753,2.8723,3.0914,3.3141,3.5086,3.6443,3.7075,3.7052,3.6565,3.5812,3.4946,3.4063,3.3214,3.2425,3.1705,3.1053
2.2308,2.2272,2.2215,2.2133,2.2017,2.1861,2.1654,2.1386,2.1048,2.0631,2.0129,1.9539,1.8862,1.8103,1.7275,1.64,1.5513,1.4663,1.3906,1.3302,1.2894,1.2709,1.2759,1.305,1.3588,1.4364,1.5355,1.6523,1.7812,1.9161,2.0513,2.1841,2.3164,2.455,2.6101,2.7906,2.9963,3.2112,3.4046,3.5448,3.6164,3.6245,3.5867,3.5218,3.4444,3.3639,3.2857,3.2123,3.1448,3.0833
2.2469,2.2451,2.2413,2.2351,2.2256,2.2119,2.1929,2.1675,2.1344,2.0927,2.0414,1.9801,1.9089,1.8282,1.7392,1.6442,1.547,1.4534,1.3706,1.3059,1.2645,1.2468,1.2509,1.278,1.3308,1.4096,1.512,1.633,1.766,1.9031,2.0371,2.1637,2.2843,2.4061,2.5412,2.7008,2.8881,3.0902,3.2786,3.4217,3.5025,3.5237,3.5001,3.4488,3.3833,3.313,3.2431,3.1766,3.1146,3.0577
2.2638,2.2639,2.2624,2.2586,2.2515,2.2403,2.2236,2.2001,2.1683,2.1269,2.0749,2.0116,1.9372,1.8519,1.7568,1.6542,1.5481,1.4453,1.355,1.287,1.248,1.2348,1.2374,1.2588,1.3083,1.3876,1.4928,1.6181,1.7554,1.8951,2.0279,2.148,2.2559,2.3596,2.4724,2.6084,2.7738,2.9592,3.139,3.2831,3.3731,3.4086,3.4011,3.3654,3.3138,3.2552,3.195,3.1363,3.0808,3.029
2.2813,2.2837,2.2847,2.2836,2.2795,2.2712,2.2574,2.2365,2.2066,2.1661,2.1138,2.049,1.9715,1.882,1.7812,1.671,1.5556,1.4425,1.3432,1.2711,1.2366,1.2324,1.2322,1.2441,1.2895,1.3694,1.478,1.6078,1.7497,1.8923,2.0242,2.1379,2.233,2.318,2.4079,2.5192,2.661,2.8273,2.996,3.1387,3.2366,3.286,3.2949,3.2754,3.2385,3.1925,3.1427,3.0925,3.0439,2.9978
2.2994,2.3043,2.308,2.3101,2.3094,2.3047,2.2945,2.2769,2.2496,2.2107,2.1586,2.0924,2.0123,1.9188,1.8128,1.6955,1.5705,1.4456,1.3342,1.2528,1.2169,1.2199,1.2175,1.2239,1.2701,1.3539,1.4672,1.6022,1.7489,1.8947,2.0261,2.1339,2.2167,2.2836,2.3513,2.4385,2.5569,2.7034,2.859,2.9979,3.1011,3.1625,3.1867,3.1828,3.1603,3.1268,3.0876,3.0462,3.0048,2.9646
2.318,2.3255,2.3323,2.3378,2.341,2.3406,2.3348,2.3214,2.2977,2.2611,2.2095,2.1422,2.0594,1.9624,1.852,1.7285,1.594,1.4555,1.327,1.2259,1.1676,1.1546,1.1598,1.1855,1.2466,1.34,1.4603,1.6011,1.7528,1.9018,2.0332,2.1358,2.2074,2.2578,2.3053,2.3706,2.4672,2.5942,2.7356,2.8683,2.9738,3.0441,3.081,3.091,3.0819,3.0603,3.0313,2.9986,2.9643,2.93
2.3368,2.3471,2.3573,2.3667,2.3743,2.3789,2.3783,2.3701,2.351,2.3176,2.2671,2.1985,2.1128,2.0123,1.8985,1.7705,1.6276,1.4745,1.3239,1.1915,1.0871,1.0286,1.0545,1.1291,1.2197,1.3285,1.4576,1.6044,1.7606,1.9127,2.0443,2.1425,2.2046,2.2409,2.2714,2.3179,2.3952,2.5039,2.6305,2.7548,2.8593,2.935,2.9815,3.0029,3.0054,2.9946,2.9751,2.9505,2.9232,2.8947
2.3556,2.369,2.3827,2.3963,2.4089,2.4191,2.4248,2.423,2.4098,2.3807,2.3318,2.2614,2.1717,2.0673,1.9511,1.8211,1.6726,1.5057,1.3309,1.1626,1.0111,0.9161,0.9584,1.0759,1.1968,1.322,1.46,1.612,1.7717,1.9258,2.0573,2.1521,2.2068,2.2321,2.2492,2.2806,2.3416,2.4336,2.5454,2.6595,2.76,2.8378,2.8906,2.9207,2.9326,2.931,2.9201,2.903,2.8821,2.8592
2.3743,2.3908,2.4082,2.4263,2.4443,2.4609,2.4739,2.4799,2.4743,2.451,2.4042,2.3313,2.2355,2.1251,2.007,1.8786,1.7295,1.5528,1.3562,1.1574,0.9783,0.8754,0.9197,1.0499,1.1876,1.3244,1.4687,1.6237,1.7848,1.9393,2.0699,2.1618,2.2113,2.2292,2.237,2.2573,2.3048,2.3819,2.4793,2.5822,2.6765,2.7534,2.8094,2.8456,2.8648,2.8708,2.8671,2.8567,2.8417,2.8239
2.3926,2.4122,2.4335,2.4564,2.4801,2.5037,2.5251,2.5405,2.5445,2.5291,2.4856,2.4089,2.3031,2.1828,2.0619,1.939,1.7964,1.6174,1.4064,1.1885,1.0013,0.9041,0.9406,1.0605,1.1985,1.3385,1.4845,1.6393,1.7989,1.9513,2.0797,2.1691,2.2154,2.2294,2.2319,2.2447,2.2819,2.3461,2.4299,2.5212,2.6079,2.6815,2.7384,2.7781,2.8026,2.8146,2.8169,2.8122,2.8025,2.7894
2.4103,2.433,2.4581,2.4858,2.5156,2.5468,2.5775,2.604,2.62,2.6155,2.5776,2.4959,2.3742,2.2362,2.1092,1.9956,1.8681,1.6973,1.4827,1.2577,1.073,0.9814,1.0047,1.1039,1.2303,1.3651,1.5075,1.6582,1.8131,1.9606,2.0849,2.1716,2.2166,2.2299,2.2307,2.2394,2.269,2.3223,2.3939,2.4739,2.5522,2.6212,2.6769,2.7183,2.7462,2.7626,2.7698,2.7699,2.7647,2.7558
2.4271,2.4527,2.4816,2.5141,2.55,2.5891,2.6298,2.669,2.6999,2.7104,2.682,2.5955,2.45,2.2816,2.1412,2.0392,1.9357,1.7843,1.5781,1.3569,1.1785,1.0882,1.0954,1.1709,1.2793,1.4027,1.5367,1.6796,1.8265,1.9666,2.085,2.1686,2.2135,2.2284,2.2306,2.238,2.2623,2.307,2.368,2.4375,2.5074,2.571,2.6243,2.6657,2.6956,2.7152,2.7261,2.7301,2.7288,2.7235
2.4426,2.4711,2.5036,2.5405,2.5824,2.6294,2.6806,2.7336,2.7821,2.8126,2.8005,2.7124,2.5342,2.3167,2.1507,2.0613,1.989,1.8664,1.6795,1.4709,1.3007,1.2085,1.1992,1.2517,1.34,1.4484,1.5705,1.7026,1.839,1.9693,2.0803,2.1604,2.2059,2.224,2.2294,2.2376,2.2589,2.2969,2.349,2.4094,2.4713,2.5292,2.5793,2.6198,2.6505,2.6721,2.6857,2.6928,2.6947,2.6926
2.4568,2.4878,2.5234,2.5645,2.6119,2.6662,2.7276,2.7948,2.8627,2.9182,2.9315,2.8511,2.6345,2.3435,2.1355,2.0581,2.0207,1.9323,1.7724,1.5835,1.4239,1.3297,1.306,1.338,1.4067,1.4989,1.6072,1.7265,1.8506,1.9698,2.0724,2.1484,2.1945,2.2165,2.2262,2.2365,2.2566,2.2898,2.3348,2.3873,2.442,2.4943,2.5408,2.5797,2.6104,2.6331,2.6487,2.6583,2.6628,2.6633
2.4693,2.5024,2.5408,2.5854,2.6375,2.6983,2.7688,2.8491,2.9363,3.0193,3.0669,3.0093,2.7588,2.3728,2.1063,2.0381,2.0329,1.9772,1.8475,1.6829,1.537,1.4433,1.4086,1.4237,1.4749,1.5511,1.6449,1.7506,1.8616,1.969,2.0627,2.1343,2.1808,2.2065,2.2208,2.234,2.2539,2.2838,2.3233,2.3693,2.4178,2.4649,2.5078,2.5447,2.5748,2.598,2.6149,2.6262,2.6328,2.6355
2.48,2.5147,2.5552,2.6026,2.6583,2.7241,2.8018,2.8927,2.9961,3.1042,3.1879,3.1664,2.9019,2.4238,2.0926,2.0236,2.0371,2.0053,1.9033,1.7642,1.6344,1.5443,1.5027,1.5049,1.5412,1.6027,1.6825,1.7745,1.8724,1.968,2.0528,2.1197,2.1661,2.195,2.2135,2.2298,2.2503,2.2782,2.3135,2.3542,2.3974,2.4399,2.4794,2.5141,2.5432,2.5664,2.5841,2.5967,2.6049,2.6094
2.4887,2.5246,2.5665,2.6157,2.6738,2.7428,2.8248,2.9222,3.0357,3.1598,3.2688,3.2793,3.0262,2.5062,2.1289,2.0395,2.0483,2.0258,1.9443,1.8284,1.7153,1.6312,1.5864,1.5793,1.6036,1.6521,1.7189,1.798,1.8833,1.9677,2.0439,2.106,2.1517,2.1829,2.205,2.2242,2.2457,2.2723,2.3045,2.3411,2.3798,2.4184,2.4546,2.4871,2.515,2.5379,2.556,2.5695,2.5789,2.5849
2.4953,2.5319,2.5745,2.6245,2.6835,2.7536,2.8369,2.9358,3.0512,3.1778,3.2906,3.3095,3.08,2.5951,2.2151,2.0916,2.0742,2.0464,1.9768,1.8793,1.7814,1.7048,1.6594,1.6461,1.6609,1.6985,1.7536,1.8208,1.8946,1.9686,2.0367,2.094,2.1384,2.1712,2.196,2.2176,2.2401,2.266,2.296,2.3293,2.3644,2.3995,2.4329,2.4633,2.4899,2.5122,2.5304,2.5445,2.5548,2.562
2.4998,2.5365,2.5791,2.6289,2.6875,2.7565,2.8379,2.9334,3.0426,3.1586,3.2546,3.2589,3.0552,2.6543,2.3136,2.1627,2.1121,2.0706,2.0053,1.921,1.8359,1.7667,1.7225,1.7052,1.7128,1.7413,1.7863,1.8429,1.9063,1.9709,2.0315,2.0842,2.1269,2.1603,2.187,2.2104,2.2338,2.2593,2.2876,2.3184,2.3506,2.3827,2.4136,2.442,2.4673,2.489,2.507,2.5214,2.5325,2.5405
2.5022,2.5385,2.5804,2.6291,2.6858,2.752,2.8288,2.9168,3.0138,3.1104,3.1795,3.1624,2.9862,2.6746,2.391,2.2312,2.1541,2.0976,2.0322,1.9565,1.8815,1.8191,1.7769,1.7573,1.7595,1.7806,1.8168,1.8642,1.9184,1.9746,2.0284,2.0766,2.1173,2.1506,2.1784,2.2031,2.2272,2.2524,2.2795,2.3082,2.338,2.3677,2.3963,2.423,2.447,2.468,2.4857,2.5003,2.5118,2.5205
2.5027,2.538,2.5786,2.6253,2.6791,2.7409,2.8111,2.8889,2.9706,3.0449,3.0871,3.0539,2.9054,2.6673,2.4387,2.285,2.1928,2.1247,2.0578,1.9877,1.9203,1.8637,1.8238,1.8031,1.8013,1.8163,1.8453,1.8847,1.9308,1.9796,2.0274,2.0713,2.1096,2.1424,2.1706,2.1961,2.2206,2.2455,2.2715,2.2986,2.3264,2.354,2.3808,2.4058,2.4286,2.4488,2.4662,2.4808,2.4926,2.5019
2.5012,2.5352,2.574,2.6181,2.6682,2.7245,2.7869,2.8534,2.919,2.9725,2.9931,2.9516,2.8283,2.6449,2.4616,2.3215,2.2243,2.1496,2.0816,2.0154,1.9538,1.9021,1.8645,1.8434,1.8386,1.8488,1.8717,1.9043,1.9435,1.9857,2.028,2.0679,2.1039,2.1356,2.1638,2.1895,2.2141,2.2387,2.2638,2.2896,2.3157,2.3416,2.3667,2.3903,2.412,2.4314,2.4484,2.4628,2.4748,2.4844
2.4981,2.5304,2.5669,2.6079,2.6537,2.7041,2.7581,2.8133,2.8641,2.9002,2.9057,2.8616,2.7594,2.6157,2.4673,2.3431,2.2476,2.1709,2.1031,2.0401,1.9831,1.9354,1.9001,1.8789,1.872,1.8784,1.8962,1.9231,1.9562,1.9928,2.0302,2.0664,2.0999,2.1303,2.1579,2.1835,2.208,2.2321,2.2564,2.281,2.3057,2.3302,2.3538,2.3761,2.3968,2.4155,2.432,2.4463,2.4583,2.4682
2.4934,2.5238,2.5578,2.5954,2.6366,2.6808,2.7267,2.7713,2.8094,2.8321,2.8277,2.7844,2.6992,2.584,2.4624,2.3536,2.2635,2.188,2.1218,2.062,2.0088,1.9645,1.9312,1.9103,1.9018,1.9052,1.9189,1.9409,1.9689,2.0006,2.0337,2.0664,2.0975,2.1264,2.1531,2.1783,2.2023,2.226,2.2495,2.2731,2.2965,2.3197,2.342,2.3632,2.3829,2.4009,2.4169,2.431,2.443,2.4531
2.4874,2.5158,2.547,2.5811,2.6176,2.6559,2.6941,2.7295,2.7571,2.7698,2.7593,2.7185,2.6466,2.5525,2.4513,2.3563,2.2732,2.2012,2.1377,2.0811,2.0314,1.9901,1.9587,1.9381,1.9286,1.9296,1.9399,1.9578,1.9815,2.0089,2.0381,2.0677,2.0964,2.1236,2.1494,2.1738,2.1973,2.2203,2.243,2.2656,2.288,2.31,2.3312,2.3514,2.3702,2.3875,2.4031,2.4168,2.4288,2.439
2.4803,2.5065,2.535,2.5655,2.5975,2.6301,2.6616,2.689,2.7082,2.7138,2.6998,2.662,2.6007,2.5222,2.4369,2.3539,2.2783,2.2109,2.151,2.0976,2.0512,2.0126,1.983,1.9629,1.9527,1.9518,1.9593,1.9738,1.9938,2.0175,2.0434,2.07,2.0964,2.122,2.1465,2.17,2.1928,2.2151,2.2371,2.2588,2.2802,2.3011,2.3213,2.3405,2.3585,2.3752,2.3903,2.4038,2.4156,2.4258
2.4723,2.4963,2.522,2.549,2.5768,2.6043,2.6298,2.6506,2.6634,2.6639,2.648,2.6132,2.5603,2.4938,2.4209,2.3482,2.2799,2.2177,2.1617,2.1119,2.0686,2.0325,2.0045,1.9851,1.9744,1.972,1.9773,1.989,2.0058,2.0263,2.0491,2.0731,2.0974,2.1213,2.1445,2.167,2.189,2.2105,2.2316,2.2525,2.2729,2.2929,2.3122,2.3305,2.3478,2.3639,2.3785,2.3917,2.4033,2.4135
2.4636,2.4854,2.5084,2.5322,2.5561,2.579,2.5993,2.6147,2.6225,2.6195,2.6028,2.5709,2.5247,2.4676,2.4046,2.3406,2.2792,2.2222,2.1704,2.124,2.0837,2.05,2.0236,2.0049,1.9939,1.9905,1.9939,2.0032,2.0174,2.0351,2.0553,2.0769,2.0991,2.1213,2.1433,2.1647,2.1858,2.2064,2.2268,2.2467,2.2663,2.2854,2.3038,2.3214,2.338,2.3534,2.3676,2.3805,2.392,2.4021
2.4544,2.4741,2.4945,2.5153,2.5356,2.5544,2.5704,2.5815,2.5855,2.58,2.5631,2.5339,2.4932,2.4435,2.3885,2.332,2.2769,2.2249,2.1772,2.1343,2.0969,2.0655,2.0406,2.0226,2.0116,2.0073,2.0093,2.0166,2.0285,2.0439,2.0617,2.0812,2.1015,2.1221,2.1427,2.1631,2.1831,2.2029,2.2224,2.2415,2.2603,2.2785,2.2961,2.313,2.3289,2.3438,2.3575,2.3701,2.3814,2.3914
2.4448,2.4625,2.4805,2.4985,2.5156,2.531,2.5433,2.5509,2.5521,2.545,2.5282,2.5014,2.4652,2.4215,2.3732,2.3231,2.2736,2.2264,2.1826,2.143,2.1084,2.0791,2.0557,2.0386,2.0276,2.0228,2.0235,2.0293,2.0392,2.0525,2.0683,2.0858,2.1043,2.1234,2.1427,2.162,2.181,2.1999,2.2185,2.2368,2.2548,2.2722,2.2891,2.3052,2.3205,2.3349,2.3482,2.3604,2.3715,2.3814
