docs/data/wind_grid.json
{"header": {"la1":42.1,"la2":41.55,"lo1":12.1,"lo2":12.95,"nx":50,"ny":50,"dx":0.01735,"dy":0.01122,"parameterCategory":2,"parameterNumber":2,"parameterNumberName":"eastward_wind","parameterUnit":"m.s-1"}, "data":
[rows 0 to 45 of 50, columns 0 to 49 of 50]
2.257,1.9914,1.7484,1.5735,1.5037,1.5489,1.6865,1.8742,2.0707,2.248,2.3926,2.5017,2.5782,2.6269,2.6526,2.6596,2.6513,2.6306,2.6006,2.5652,2.5297,2.5007,2.4843,2.4852,2.5044,2.5396,2.5869,2.6419,2.7011,2.7625,2.8249,2.8878,2.9513,3.0152,3.079,3.1419,3.2022,3.258,3.307,3.3474,3.3777,3.3976,3.4075,3.4087,3.4031,3.3923,3.3781,3.362,3.345,3.328
2.3477,2.0678,1.8098,1.6235,1.5486,1.5935,1.732,1.9193,2.1132,2.2861,2.4253,2.5287,2.5996,2.6428,2.6632,2.6648,2.6505,2.6228,2.5843,2.539,2.4929,2.4544,2.432,2.4315,2.4542,2.4964,2.5521,2.6153,2.682,2.7498,2.8177,2.8857,2.9542,3.0232,3.0925,3.1612,3.2274,3.2888,3.3426,3.3863,3.4181,3.4376,3.4456,3.4438,3.4344,3.4196,3.4016,3.3818,3.3617,3.3419
2.4789,2.1918,1.9249,1.7312,1.6507,1.6894,1.8194,1.9957,2.1776,2.3388,2.4674,2.5617,2.6247,2.6613,2.6757,2.6715,2.651,2.6158,2.5679,2.5111,2.4522,2.4018,2.3716,2.37,2.3978,2.4492,2.5153,2.5883,2.6633,2.7378,2.8113,2.8844,2.9578,3.0321,3.1072,3.1822,3.2551,3.323,3.3822,3.4295,3.4629,3.4817,3.4872,3.4815,3.4676,3.4482,3.4257,3.4019,3.3783,3.3555
2.6524,2.3648,2.0948,1.8965,1.808,1.8335,1.9448,2.0998,2.2608,2.4036,2.5172,2.5994,2.6529,2.6818,2.6899,2.6798,2.6531,2.6104,2.5525,2.4825,2.408,2.3426,2.3026,2.3,2.3352,2.3987,2.4777,2.5619,2.6457,2.7271,2.8061,2.884,2.9622,3.0417,3.1229,3.2048,3.2852,3.3604,3.4258,3.4774,3.5123,3.5301,3.5322,3.5218,3.5025,3.4777,3.4502,3.4221,3.3947,3.3688
2.8657,2.5834,2.3138,2.1108,2.0104,2.0151,2.0989,2.2242,2.3577,2.4772,2.5724,2.6404,2.6832,2.7039,2.7055,2.6898,2.6574,2.6076,2.5394,2.4548,2.3618,2.2775,2.2252,2.2219,2.2675,2.3466,2.4409,2.5375,2.6305,2.7184,2.8025,2.8847,2.9672,3.0518,3.1393,3.2286,3.3174,3.4009,3.4736,3.5299,3.5664,3.5825,3.5805,3.5643,3.5387,3.5078,3.4747,3.4418,3.4105,3.3815
3.1125,2.8386,2.5697,2.3595,2.2419,2.2195,2.2696,2.3601,2.462,2.5555,2.6303,2.6831,2.7145,2.7268,2.7222,2.7016,2.6644,2.6084,2.5306,2.4307,2.3164,2.209,2.1411,2.1379,2.1975,2.2959,2.4076,2.5172,2.6189,2.7126,2.8007,2.8864,2.9728,3.0621,3.1558,3.2531,3.351,3.444,3.525,3.5868,3.6249,3.6387,3.6315,3.6085,3.5756,3.5378,3.4987,3.4608,3.4254,3.3932
3.3825,3.1169,2.8462,2.6242,2.4846,2.4309,2.4446,2.4986,2.5678,2.6345,2.6885,2.7257,2.7457,2.75,2.7397,2.7151,2.6745,2.614,2.5283,2.4139,2.2768,2.1424,2.0558,2.0536,2.131,2.2517,2.3816,2.5032,2.6122,2.7102,2.8011,2.8893,2.9785,3.0721,3.1717,3.2772,3.3851,3.4889,3.5793,3.6473,3.687,3.6978,3.6842,3.6532,3.6122,3.5669,3.5215,3.4785,3.439,3.4036
3.6622,3.4027,3.1259,2.8876,2.7224,2.6361,2.6136,2.6322,2.67,2.7109,2.7447,2.7669,2.776,2.7727,2.7575,2.7301,2.688,2.6256,2.535,2.4092,2.2507,2.0878,1.9803,1.98,2.0775,2.2209,2.3671,2.4981,2.6118,2.712,2.804,2.8931,2.9841,3.081,3.1862,3.2998,3.4184,3.534,3.6351,3.71,3.7512,3.7583,3.7373,3.6973,3.6474,3.5943,3.5424,3.4943,3.4509,3.4125
3.9364,3.6796,3.3928,3.135,2.9432,2.8253,2.7694,2.7557,2.7649,2.7821,2.7974,2.8055,2.8044,2.7942,2.7749,2.7461,2.7045,2.6434,2.5526,2.4213,2.2477,2.0606,1.9334,1.9348,2.0505,2.2117,2.3685,2.504,2.6186,2.7182,2.8091,2.8975,2.989,3.088,3.1979,3.3194,3.4489,3.5771,3.69,3.7725,3.8152,3.8178,3.7885,3.7389,3.6797,3.6186,3.5605,3.5075,3.4605,3.4194
4.1894,3.9325,3.6338,3.356,3.139,2.9928,2.9076,2.8659,2.8503,2.8467,2.8454,2.8407,2.8304,2.8138,2.7912,2.762,2.723,2.6668,2.5816,2.4536,2.2771,2.0783,1.9384,1.9397,2.0641,2.2315,2.389,2.522,2.6329,2.7287,2.8163,2.9023,2.9924,3.0922,3.2056,3.3341,3.4742,3.6153,3.7406,3.8312,3.8753,3.8731,3.835,3.7755,3.7072,3.6387,3.5747,3.5175,3.4674,3.4241
4.4066,4.1486,3.8388,3.5436,3.3054,3.1357,3.0264,2.9616,2.9253,2.9039,2.8882,2.8722,2.8533,2.8307,2.8051,2.7764,2.7418,2.6939,2.62,2.5054,2.3423,2.1521,2.0132,2.0102,2.1268,2.2831,2.429,2.5517,2.6542,2.743,2.8251,2.9066,2.9938,3.0926,3.2078,3.3417,3.4912,3.6448,3.7824,3.8814,3.927,3.9199,3.8734,3.8047,3.7281,3.6531,3.5843,3.5236,3.4712,3.4263
4.5758,4.3181,4.0014,3.6943,3.4408,3.2535,3.1256,3.0428,2.9898,2.9539,2.9259,2.8999,2.8729,2.8445,2.8156,2.7874,2.7583,2.7212,2.6634,2.5709,2.4363,2.2762,2.154,2.143,2.2342,2.3625,2.4854,2.591,2.681,2.7602,2.8346,2.9099,2.9924,3.0882,3.2031,3.3403,3.4971,3.6613,3.8103,3.9171,3.9645,3.9534,3.8997,3.8234,3.7404,3.6606,3.5884,3.5254,3.4715,3.4258
4.6892,4.4352,4.1182,3.8069,3.5451,3.3468,3.2063,3.1102,3.0445,2.9971,2.959,2.9241,2.8895,2.8548,2.8216,2.7928,2.769,2.7443,2.7059,2.6407,2.5437,2.4269,2.3324,2.3128,2.3689,2.4593,2.5524,2.6367,2.7113,2.7789,2.8439,2.9114,2.9872,3.0781,3.1903,3.3278,3.4888,3.6608,3.8187,3.9323,3.9818,3.9683,3.9101,3.8292,3.7425,3.66,3.5863,3.5224,3.4682,3.4223
4.7444,4.4987,4.1894,3.8822,3.6202,3.4175,3.2699,3.1653,3.0907,3.0346,2.9882,2.9457,2.9037,2.8618,2.8225,2.7908,2.7707,2.7588,2.7415,2.7053,2.6473,2.5755,2.5113,2.4856,2.5079,2.5604,2.6229,2.6848,2.7429,2.7977,2.852,2.9101,2.9777,3.0615,3.1682,3.3029,3.4642,3.6398,3.8033,3.9219,3.9739,3.9608,3.9018,3.8201,3.7331,3.6508,3.5776,3.5145,3.461,3.416
4.7445,4.512,4.2181,3.9235,3.6686,3.468,3.3185,3.2098,3.1297,3.0675,3.0149,2.9657,2.9165,2.8667,2.819,2.7807,2.7611,2.7614,2.7665,2.7588,2.7358,2.7023,2.6641,2.636,2.6331,2.6548,2.6906,2.7318,2.7738,2.8153,2.858,2.9054,2.963,3.0376,3.1364,3.2648,3.4224,3.5969,3.7616,3.8829,3.9383,3.9287,3.8734,3.7953,3.7118,3.6327,3.5623,3.5016,3.4501,3.4067
4.6979,4.4826,4.2105,3.9354,3.6942,3.5011,3.3545,3.2454,3.163,3.0973,3.0402,2.9857,2.9299,2.8716,2.8136,2.7648,2.7411,2.7521,2.781,2.8007,2.8055,2.7992,2.7794,2.7522,2.7349,2.7359,2.7515,2.7751,2.8021,2.8304,2.8608,2.8964,2.9424,3.0059,3.0944,3.2137,3.3636,3.5325,3.6942,3.816,3.8755,3.8728,3.8256,3.7556,3.6794,3.6063,3.5408,3.484,3.4356,3.3948
4.6161,4.4205,4.1744,3.9238,3.7012,3.5202,3.3804,3.2742,3.1922,3.1253,3.0657,3.0074,2.9461,2.8801,2.8112,2.7498,2.7182,2.7377,2.7904,2.8342,2.8571,2.865,2.8561,2.8332,2.8117,2.8018,2.8037,2.8133,2.8268,2.8422,2.8597,2.8822,2.9152,2.9659,3.0422,3.1501,3.2896,3.4495,3.605,3.7255,3.7897,3.7965,3.7612,3.703,3.6371,3.5726,3.5138,3.4623,3.418,3.3804
4.5115,4.3368,4.1186,3.8951,3.6942,3.5285,3.3984,3.298,3.2188,3.1527,3.0925,3.0322,2.9675,2.8958,2.8187,2.747,2.7081,2.7333,2.8044,2.8642,2.8922,2.9004,2.8973,2.8841,2.8671,2.8539,2.8473,2.846,2.8474,2.85,2.8539,2.8622,2.8806,2.917,2.9799,3.0753,3.2031,3.3523,3.5,3.6183,3.6875,3.7056,3.6846,3.6406,3.5872,3.533,3.4823,3.4371,3.3978,3.3639
4.3957,4.2416,4.0513,3.8556,3.6779,3.5294,3.4111,3.3183,3.244,3.1807,3.1218,3.0616,2.9959,2.9221,2.842,2.7671,2.727,2.7552,2.8322,2.8942,2.9139,2.9097,2.9115,2.9146,2.9079,2.8958,2.8838,2.8735,2.8638,2.8535,2.843,2.8356,2.8379,2.8589,2.9079,2.9909,3.1073,3.2463,3.3863,3.5024,3.5769,3.6068,3.6008,3.5721,3.5323,3.4892,3.4475,3.4093,3.3754,3.3458
4.2779,4.1434,3.9795,3.8107,3.6562,3.5256,3.4204,3.3369,3.2689,3.2101,3.1542,3.0963,3.0324,2.9606,2.8834,2.8136,2.7791,2.8066,2.8755,2.9279,2.9328,2.9102,2.9176,2.9393,2.9424,2.9313,2.9148,2.8964,2.876,2.8525,2.8266,2.802,2.7867,2.7914,2.8267,2.8988,3.0061,3.1369,3.2708,3.3855,3.4653,3.5064,3.5149,3.5012,3.4749,3.4433,3.4108,3.3799,3.3517,3.3265
4.1649,4.0484,3.9086,3.7649,3.6326,3.5198,3.4282,3.3548,3.2944,3.2414,3.1903,3.1366,3.077,3.0105,2.9409,2.8809,2.8538,2.8763,2.9297,2.9702,2.9692,2.9389,2.9477,2.9746,2.9778,2.9638,2.9419,2.9156,2.8845,2.8474,2.8049,2.7614,2.727,2.7149,2.7377,2.8017,2.9033,3.0292,3.1595,3.2739,3.3586,3.4097,3.4312,3.4311,3.4176,3.3968,3.3733,3.3496,3.3271,3.3065
4.061,3.9606,3.8423,3.7212,3.6094,3.5138,3.4358,3.3731,3.3213,3.2752,3.2301,3.1821,3.1286,3.0697,3.0096,2.9596,2.9371,2.9514,2.9892,3.0243,3.0379,3.029,3.0277,3.0297,3.0176,2.995,2.9661,2.9316,2.8899,2.8388,2.7786,2.7148,2.66,2.6313,2.6437,2.7032,2.8033,2.9281,3.0572,3.1722,3.2612,3.3205,3.3529,3.3646,3.3622,3.3514,3.3363,3.3194,3.3024,3.2863
3.9682,3.8823,3.7829,3.6818,3.5886,3.509,3.4443,3.3925,3.3498,3.3115,3.2734,3.232,3.1859,3.1354,3.0847,3.0423,3.0202,3.0245,3.0493,3.0847,3.1263,3.1585,3.1388,3.096,3.0592,3.0246,2.9878,2.9452,2.8929,2.8277,2.7494,2.6645,2.5889,2.5445,2.5494,2.6084,2.7109,2.8375,2.9672,3.0833,3.1756,3.2412,3.2822,3.3034,3.3105,3.3083,3.3006,3.29,3.2782,3.2662
3.8874,3.8142,3.7312,3.6476,3.5712,3.5064,3.4544,3.4135,3.3803,3.3504,3.3197,3.2855,3.2469,3.2049,3.1624,3.125,3.1,3.093,3.1054,3.1392,3.1991,3.2557,3.2253,3.1529,3.0963,3.0511,3.007,2.9568,2.8947,2.8161,2.7203,2.6149,2.5195,2.4615,2.462,2.5237,2.6311,2.761,2.892,3.0087,3.1031,3.173,3.2202,3.2488,3.2634,3.2684,3.267,3.2619,3.2547,3.2466
3.8182,3.7563,3.6875,3.6192,3.5576,3.5063,3.4664,3.4363,3.4129,3.3917,3.3688,3.3415,3.3098,3.2756,3.2405,3.2064,3.1767,3.1574,3.1553,3.1791,3.2343,3.2857,3.2586,3.1864,3.1239,3.073,3.0236,2.9671,2.8964,2.8061,2.6951,2.5719,2.46,2.3916,2.3904,2.4563,2.5689,2.7016,2.8329,2.9492,3.0441,3.1162,3.1674,3.2012,3.2216,3.2322,3.2362,3.2357,3.2326,3.2279
3.7598,3.7079,3.6514,3.5965,3.5479,3.5089,3.4804,3.461,3.4475,3.4354,3.4201,3.3989,3.3729,3.3453,3.3173,3.2865,3.2519,3.2195,3.2005,3.2064,3.2406,3.2732,3.2543,3.1983,3.1415,3.0902,3.038,2.9768,2.8996,2.8004,2.6781,2.5424,2.4194,2.3449,2.3437,2.4128,2.528,2.6608,2.7903,2.9044,2.998,3.0705,3.1237,3.1609,3.1853,3.2002,3.2083,3.2117,3.212,3.2103
3.7111,3.6679,3.6222,3.5788,3.5418,3.514,3.4962,3.4872,3.4839,3.4811,3.4733,3.4569,3.4343,3.4116,3.3908,3.3649,3.3266,3.2814,3.2446,3.2298,3.2393,3.2524,3.2388,3.1993,3.1523,3.104,3.0509,2.987,2.9056,2.8011,2.6729,2.5317,2.4048,2.3288,2.3277,2.3968,2.51,2.6391,2.7639,2.8736,2.9641,3.0353,3.0888,3.1276,3.1545,3.1724,3.1836,3.19,3.1931,3.194
3.6707,3.6354,3.599,3.5656,3.5388,3.5211,3.5132,3.5144,3.5215,3.5286,3.5283,3.5151,3.4924,3.4717,3.4584,3.4398,3.4002,3.3436,3.2903,3.2566,3.2448,3.2419,3.2285,3.1995,3.1609,3.1162,3.0637,2.9986,2.9154,2.8095,2.6812,2.5419,2.4183,2.3448,2.3433,2.408,2.5143,2.6352,2.7523,2.8555,2.9413,3.0095,3.0619,3.1009,3.1291,3.1488,3.1621,3.1708,3.1762,3.1791
3.6375,3.609,3.5807,3.5561,3.5382,3.5294,3.5308,3.5418,3.5594,3.5772,3.585,3.5736,3.5463,3.523,3.5163,3.5075,3.4691,3.4038,3.3375,3.2891,3.2617,3.2462,3.2296,3.2048,3.1711,3.1292,3.0775,3.0123,2.9295,2.8257,2.7024,2.5713,2.4566,2.3886,2.3856,2.4425,2.5375,2.6468,2.7535,2.8485,2.9282,2.9923,3.0423,3.0804,3.1086,3.1292,3.1439,3.1541,3.1611,3.1656
3.6103,3.5878,3.5665,3.5494,3.5393,3.5383,3.548,3.568,3.5961,3.6253,3.6428,3.6331,3.5963,3.5634,3.5604,3.5622,3.527,3.4566,3.3826,3.3257,3.2885,3.264,3.2428,3.2178,3.1856,3.1447,3.0934,3.0289,2.948,2.849,2.7343,2.6152,2.5128,2.4517,2.4467,2.4937,2.575,2.6706,2.7654,2.8508,2.9233,2.9824,3.0291,3.0653,3.0927,3.1133,3.1286,3.1398,3.1479,3.1537
3.5879,3.5707,3.5554,3.5447,3.5411,3.5469,3.5636,3.5916,3.6294,3.6703,3.6993,3.693,3.6433,3.5928,3.5876,3.597,3.5661,3.4961,3.4216,3.3632,3.3221,3.2924,3.2666,3.2389,3.2054,3.1638,3.1122,3.0485,2.9705,2.8777,2.7735,2.668,2.5787,2.5249,2.5179,2.5547,2.6219,2.7031,2.7853,2.8606,2.9254,2.9788,3.0215,3.055,3.081,3.1009,3.1162,3.1278,3.1366,3.1432
3.5694,3.5568,3.5466,3.5413,3.5431,3.5543,3.5766,3.6109,3.6564,3.7076,3.7484,3.7486,3.6872,3.614,3.5985,3.6088,3.5826,3.5195,3.4524,3.3994,3.3603,3.3289,3.2994,3.2678,3.2309,3.187,3.1342,3.071,2.9963,2.9102,2.8167,2.7246,2.6477,2.6008,2.592,2.6197,2.6736,2.7409,2.8108,2.876,2.9328,2.9802,3.0185,3.0489,3.0728,3.0916,3.1063,3.1179,3.1269,3.1341
3.5541,3.5453,3.5394,3.5384,3.5445,3.5598,3.586,3.6244,3.6747,3.732,3.7811,3.7878,3.7212,3.6307,3.5998,3.603,3.5808,3.5298,3.4764,3.4347,3.4024,3.3725,3.3403,3.3037,3.2619,3.2141,3.1592,3.0961,3.0244,2.9448,2.8612,2.781,2.7151,2.6741,2.6641,2.684,2.7264,2.7813,2.8398,2.8953,2.9444,2.9857,3.0193,3.0463,3.0678,3.0849,3.0987,3.1099,3.1189,3.1263
3.5411,3.5356,3.5332,3.5357,3.545,3.563,3.5914,3.6313,3.6824,3.7403,3.79,3.7983,3.7344,3.6421,3.599,3.5906,3.5708,3.5337,3.4977,3.4716,3.4498,3.4234,3.3885,3.3459,3.2976,3.2446,3.1867,3.1231,3.0539,2.98,2.9049,2.8349,2.7779,2.742,2.7312,2.745,2.7778,2.8221,2.8704,2.9171,2.9589,2.9942,3.0231,3.0464,3.0652,3.0805,3.0931,3.1036,3.1124,3.1198
3.53,3.5272,3.5276,3.5326,3.5441,3.5636,3.5924,3.6315,3.6799,3.7327,3.7757,3.7804,3.725,3.6449,3.5979,3.5801,3.562,3.5386,3.5213,3.5135,3.5044,3.4819,3.4433,3.393,3.3368,3.2776,3.2158,3.1512,3.0838,3.0147,2.9467,2.8848,2.8351,2.8031,2.7919,2.8009,2.8261,2.8615,2.9011,2.9401,2.9751,3.0048,3.0291,3.0488,3.0648,3.078,3.0892,3.0988,3.1071,3.1143
3.5202,3.5196,3.5221,3.529,3.5418,3.5617,3.5896,3.6259,3.6689,3.7134,3.7462,3.7462,3.7016,3.6387,3.5953,3.5736,3.5586,3.5487,3.5509,3.5628,3.5671,3.5475,3.5029,3.4432,3.3778,3.3115,3.2455,3.1795,3.1133,3.0479,2.9857,2.9302,2.8861,2.8572,2.8457,2.8511,2.8703,2.8985,2.9309,2.9631,2.9921,3.0167,3.0366,3.0527,3.0659,3.077,3.0867,3.0953,3.103,3.1099
3.5115,3.5126,3.5167,3.5248,3.5381,3.5575,3.5835,3.6158,3.6524,3.6877,3.7108,3.7077,3.6736,3.6266,3.5904,3.5702,3.561,3.5648,3.5866,3.6185,3.6353,3.6164,3.5637,3.4932,3.4182,3.3448,3.2745,3.2069,3.1416,3.0792,3.0213,2.9709,2.931,2.9045,2.8928,2.8954,2.9099,2.9324,2.9588,2.9853,3.0091,3.029,3.045,3.0577,3.0681,3.0771,3.0853,3.0928,3.0999,3.1064
3.5035,3.5059,3.5111,3.5198,3.5331,3.5514,3.5749,3.6029,3.6329,3.6599,3.6756,3.6713,3.6461,3.6119,3.584,3.5687,3.5673,3.5846,3.6247,3.6745,3.7014,3.681,3.6196,3.5387,3.455,3.3754,3.3015,3.2325,3.1679,3.1079,3.0535,3.0069,2.9702,2.9455,2.9336,2.934,2.9447,2.9627,2.9842,3.0059,3.0253,3.0411,3.0534,3.063,3.0709,3.078,3.0847,3.0912,3.0975,3.1035
3.496,3.4994,3.5052,3.5142,3.527,3.5439,3.5647,3.5883,3.6125,3.6328,3.6435,3.6394,3.6211,3.5968,3.5769,3.5681,3.5749,3.604,3.6581,3.7204,3.7535,3.7313,3.6634,3.5753,3.4855,3.4016,3.3252,3.2555,3.1917,3.1337,3.0822,3.0385,3.0042,2.9807,2.9686,2.9672,2.9749,2.9891,3.0066,3.0244,3.04,3.0524,3.0615,3.0684,3.074,3.0793,3.0847,3.0902,3.0958,3.1014
3.4889,3.4929,3.4991,3.5081,3.5201,3.5354,3.5535,3.5732,3.5925,3.6079,3.6153,3.612,3.5992,3.5826,3.5699,3.5674,3.5815,3.6187,3.68,3.747,3.7817,3.7591,3.6896,3.5994,3.5075,3.4221,3.3448,3.2753,3.2126,3.1565,3.1074,3.066,3.0336,3.0109,2.9984,2.9954,3.0006,3.0117,3.0259,3.0403,3.0528,3.0622,3.0688,3.0733,3.0771,3.0808,3.085,3.0896,3.0946,3.0998
3.482,3.4865,3.4928,3.5015,3.5127,3.5263,3.5419,3.5583,3.5737,3.5855,3.591,3.5888,3.5802,3.5696,3.5628,3.5659,3.5849,3.6257,3.6872,3.751,3.7834,3.7623,3.6966,3.6098,3.5201,3.436,3.3598,3.2915,3.2304,3.1762,3.1292,3.0897,3.0587,3.0366,3.0236,3.0192,3.0222,3.0306,3.0419,3.0535,3.0633,3.0704,3.0748,3.0775,3.0798,3.0823,3.0855,3.0894,3.0939,3.0986
3.4753,3.48,3.4864,3.4946,3.5048,3.5169,3.5303,3.5439,3.5563,3.5656,3.57,3.5689,3.5637,3.5577,3.5556,3.5627,3.5844,3.6246,3.6807,3.7362,3.7636,3.7451,3.6868,3.6076,3.5236,3.4434,3.37,3.304,3.245,3.1929,3.1478,3.11,3.0801,3.0583,3.0448,3.039,3.04,3.046,3.0547,3.0638,3.0714,3.0766,3.0793,3.0808,3.0819,3.0836,3.0861,3.0894,3.0934,3.0978
3.4688,3.4736,3.4798,3.4875,3.4968,3.5074,3.5189,3.5303,3.5404,3.548,3.5518,3.5518,3.5491,3.5466,3.548,3.5576,3.5797,3.6165,3.6643,3.7094,3.7307,3.7148,3.6651,3.5955,3.5194,3.445,3.3757,3.3129,3.2565,3.2067,3.1635,3.1272,3.0982,3.0766,3.0625,3.0555,3.0545,3.0582,3.0646,3.0715,3.0772,3.0809,3.0825,3.0831,3.0835,3.0846,3.0866,3.0896,3.0932,3.0973
3.4624,3.4672,3.4732,3.4804,3.4887,3.4981,3.5079,3.5175,3.526,3.5323,3.5358,3.5367,3.5361,3.5361,3.5398,3.5506,3.5715,3.6033,3.6421,3.6769,3.6922,3.6783,3.6366,3.5768,3.5095,3.4418,3.3776,3.3186,3.2653,3.2179,3.1766,3.1417,3.1135,3.0921,3.0774,3.0691,3.0663,3.0678,3.072,3.0769,3.081,3.0835,3.0844,3.0845,3.0846,3.0854,3.0872,3.0898,3.0932,3.097
3.4562,3.4609,3.4665,3.4731,3.4807,3.4889,3.4974,3.5056,3.5127,3.5182,3.5216,3.5233,3.5241,3.5258,3.531,3.5419,3.5606,3.587,3.6173,3.643,3.6531,3.6404,3.6054,3.5545,3.4957,3.4351,3.3764,3.3215,3.2715,3.2267,3.1874,3.1539,3.1264,3.1051,3.0898,3.0803,3.0758,3.0754,3.0775,3.0805,3.0832,3.0848,3.0852,3.0852,3.0852,3.086,3.0877,3.0902,3.0934,3.097
3.45,3.4546,3.4599,3.466,3.4728,3.4801,3.4874,3.4945,3.5006,3.5055,3.5088,3.511,3.5128,3.5157,3.5214,3.5318,3.5478,3.5691,3.592,3.6103,3.616,3.604,3.5743,3.5309,3.4798,3.4259,3.3727,3.3222,3.2755,3.2334,3.1961,3.1639,3.1372,3.116,3.1003,3.0897,3.0837,3.0813,3.0815,3.083,3.0844,3.0853,3.0855,3.0854,3.0856,3.0865,3.0882,3.0907,3.0937,3.0972
