docs/data/wind_grid.json
[{"header":{"la1":42.85,"la2":41.18,"lo1":11.55,"lo2":14.05,"nx":36,"ny":24,"dx":0.07143,"dy":0.07261,"parameterCategory":2,"parameterNumber":2,"parameterNumberName":"eastward_wind","parameterUnit":"m.s-1"},"data":[-0.9241,-0.9294,-0.9323,-0.9328,-0.9306,-0.9258,-0.9183,-0.9079,-0.8944,-0.8778,-0.8588,-0.8384,-0.8175,-0.7965,-0.7754,-0.753,-0.7276,-0.6964,-0.657,-0.6095,-0.5578,-0.5094,-0.4715,-0.4461,-0.4302,-0.4191,-0.4093,-0.3993,-0.3885,-0.3774,-0.3664,-0.3558,-0.346,-0.3371,-0.3292,-0.3222,-0.9501,-0.9572,-0.9616,-0.9629,-0.9613,-0.9569,-0.9498,-0.9393,-0.9248,-0.9061,-0.8843,-0.8612,-0.8382,-0.8166,-0.7962,-0.7757,-0.7521,-0.7202,-0.6737,-0.6098,-0.535,-0.4661,-0.4198,-0.3984,-0.3921,-0.39,-0.3863,-0.3795,-0.3703,-0.3598,-0.3489,-0.3385,-0.3288,-0.3202,-0.3126,-0.3062,-0.9786,-0.9883,-0.9944,-0.9966,-0.9954,-0.9915,-0.9853,-0.9756,-0.9604,-0.9389,-0.9128,-0.8854,-0.8598,-0.8377,-0.8194,-0.8038,-0.7869,-0.7597,-0.7072,-0.6166,-0.4954,-0.384,-0.3269,-0.3235,-0.3412,-0.356,-0.3613,-0.3585,-0.3507,-0.3404,-0.3296,-0.3191,-0.3097,-0.3015,-0.2945,-0.2886,-1.0103,-1.0235,-1.0319,-1.0349,-1.0333,-1.0295,-1.025,-1.0183,-1.0037,-0.9778,-0.9444,-0.9106,-0.8813,-0.8589,-0.8443,-0.8376,-0.8362,-0.828,-0.7809,-0.6503,-0.4299,-0.2187,-0.1552,-0.2119,-0.2809,-0.3218,-0.3373,-0.3373,-0.3297,-0.319,-0.3078,-0.2974,-0.2883,-0.2807,-0.2745,-0.2696,-1.0456,-1.0641,-1.0762,-1.0796,-1.0757,-1.0698,-1.068,-1.069,-1.0587,-1.0252,-0.9789,-0.9353,-0.9013,-0.8787,-0.8688,-0.8745,-0.9007,-0.9426,-0.9452,-0.7773,-0.3586,0.0934,0.1239,-0.0851,-0.232,-0.2975,-0.3176,-0.3166,-0.3069,-0.2947,-0.283,-0.2727,-0.2643,-0.2577,-0.2526,-0.2489,-1.0844,-1.1118,-1.1308,-1.135,-1.1246,-1.1109,-1.1093,-1.1257,-1.1286,-1.0796,-1.0122,-0.9566,-0.918,-0.8959,-0.8905,-0.9076,-0.967,-1.103,-1.2745,-1.1343,-0.4671,0.2955,0.2729,-0.0615,-0.2339,-0.2934,-0.3036,-0.2948,-0.2804,-0.2661,-0.2539,-0.2443,-0.2371,-0.2321,-0.2287,-0.2266,-1.1249,-1.1667,-1.2008,-1.2095,-1.1857,-1.1527,-1.1398,-1.1645,-1.1842,-1.1175,-1.0338,-0.9709,-0.9302,-0.911,-0.9104,-0.9304,-0.9997,-1.2044,-1.605,-1.5384,-0.8286,-0.2579,-0.1224,-0.2314,-0.2957,-0.3047,-0.2891,-0.267,-0.2466,-0.2306,-0.219,-0.2113,-0.2064,-0.2038,-0.2027,-0.2027,-1.1613,-1.2223,-1.2855,-1.312,-1.2632,-1.1977,-1.1622,-1.1591,-1.159,-1.1114,-1.0415,-0.9784,-0.9379,-0.9274,-0.94,-0.9554,-0.9863,-1.1069,-1.3255,-1.2625,-0.9901,-0.7838,-0.5531,-0.4283,-0.3599,-0.3056,-0.2598,-0.2246,-0.2004,-0.1853,-0.177,-0.1731,-0.1721,-0.1729,-0.1749,-0.1775,-1.1841,-1.2579,-1.3491,-1.4074,-1.3265,-1.2385,-1.1943,-1.1769,-1.1645,-1.1299,-1.0599,-0.9836,-0.9382,-0.9481,-1.013,-1.0409,-0.9885,-0.9759,-1.0132,-1.0296,-1.1442,-1.0646,-0.7405,-0.5108,-0.3648,-0.265,-0.1979,-0.1571,-0.1361,-0.1277,-0.1268,-0.1297,-0.1344,-0.1399,-0.1457,-0.1515,-1.1878,-1.2568,-1.329,-1.3657,-1.3232,-1.2672,-1.2401,-1.2414,-1.262,-1.2405,-1.112,-0.9851,-0.9191,-0.9511,-1.1755,-1.3096,-1.0396,-0.9148,-0.8911,-0.9209,-1.0315,-0.9629,-0.6949,-0.4584,-0.2813,-0.1576,-0.0851,-0.054,-0.049,-0.0566,-0.0689,-0.082,-0.0944,-0.1058,-0.116,-0.1253,-1.1764,-1.2387,-1.3032,-1.3639,-1.3528,-1.2978,-1.3043,-1.3331,-1.3995,-1.4479,-1.1694,-0.9699,-0.867,-0.8602,-1.0943,-1.2972,-0.9809,-0.8832,-0.855,-0.8137,-0.7805,-0.6917,-0.5098,-0.2943,-0.095,0.0442,0.1001,0.094,0.0618,0.0258,-0.0061,-0.0326,-0.0542,-0.0721,-0.087,-0.0998,-1.1541,-1.2122,-1.2799,-1.3494,-1.342,-1.3187,-1.4076,-1.5139,-1.4124,-1.3481,-1.1231,-0.9398,-0.8078,-0.7155,-0.7331,-0.7887,-0.8095,-0.9664,-0.9902,-0.8,-0.6359,-0.488,-0.3001,-0.0527,0.2181,0.389,0.3847,0.2887,0.1891,0.1119,0.0557,0.0144,-0.0167,-0.0409,-0.0603,-0.0763,-1.1221,-1.1706,-1.2214,-1.2619,-1.2757,-1.3153,-1.4663,-1.8613,-1.4015,-1.22,-1.0581,-0.9648,-0.8447,-0.6664,-0.6135,-0.5111,-0.639,-1.3762,-1.4051,-0.8183,-0.5241,-0.3251,-0.1052,0.2267,0.6817,0.9394,0.7698,0.5008,0.3087,0.1872,0.1082,0.0539,0.0146,-0.0149,-0.0377,-0.056,-1.0838,-1.1213,-1.1573,-1.1874,-1.2148,-1.2637,-1.344,-1.3361,-1.2791,-1.1544,-1.044,-1.0564,-1.0376,-0.7048,-0.4665,-0.0397,-0.2549,-0.861,-0.9966,-0.6165,-0.3442,-0.157,0.0494,0.427,1.0862,1.4658,1.0651,0.6332,0.3803,0.2346,0.143,0.0806,0.0359,0.0031,-0.0214,-0.0403,-1.0432,-1.072,-1.0992,-1.1242,-1.1503,-1.1838,-1.2184,-1.2227,-1.1789,-1.1255,-1.0972,-1.0276,-0.8538,-0.6883,-0.4017,0.0669,-0.2364,-0.3804,-0.4389,-0.2759,-0.066,0.0427,0.1507,0.4233,0.9115,1.203,0.9315,0.5958,0.3813,0.2474,0.1563,0.0907,0.0432,0.0096,-0.0139,-0.031,-1.0026,-1.0248,-1.0458,-1.0653,-1.0845,-1.1035,-1.1173,-1.1176,-1.1137,-1.1672,-1.3671,-1.1884,-1.0212,-0.7739,-0.531,-0.3005,-0.2711,-0.2436,-0.1531,0.0254,0.2775,0.2605,0.224,0.3439,0.5529,0.6809,0.6156,0.4724,0.342,0.2361,0.1497,0.0808,0.031,-0.0002,-0.0182,-0.0295,-0.963,-0.9799,-0.9955,-1.0096,-1.0221,-1.0324,-1.0391,-1.044,-1.0638,-1.1449,-1.3147,-1.1853,-1.148,-1.124,-0.664,-0.3962,-0.2305,-0.0299,0.157,0.224,0.3482,0.3217,0.2759,0.323,0.41,0.4689,0.4611,0.3988,0.3118,0.2186,0.1262,0.0443,-0.0108,-0.0339,-0.0376,-0.0364,-0.9246,-0.9371,-0.9481,-0.9574,-0.9647,-0.9698,-0.9733,-0.9784,-0.9944,-1.0307,-1.0622,-1.0415,-1.1254,-1.0921,-0.6069,-0.3389,-0.1074,0.3121,0.6229,0.4614,0.3847,0.3491,0.3377,0.363,0.4209,0.4862,0.491,0.412,0.3098,0.2048,0.0871,-0.0301,-0.0976,-0.0983,-0.0717,-0.0492,-0.8876,-0.8963,-0.9033,-0.9085,-0.9116,-0.9128,-0.9125,-0.9127,-0.9158,-0.9203,-0.9144,-0.8894,-0.8476,-0.6843,-0.334,-0.2145,-0.0367,0.4017,0.701,0.8558,0.6534,0.5009,0.4483,0.4416,0.4906,0.6361,0.6668,0.4647,0.3142,0.1985,0.0461,-0.1366,-0.225,-0.1798,-0.1072,-0.0596,-0.8521,-0.8574,-0.861,-0.8626,-0.8621,-0.8593,-0.8546,-0.8481,-0.8394,-0.8256,-0.7996,-0.7525,-0.6674,-0.5093,-0.2989,-0.1989,0.0148,0.4748,1.2534,1.5788,0.941,0.6973,0.6205,0.5496,0.5135,0.6443,0.6812,0.3788,0.2812,0.2137,0.0559,-0.1766,-0.2838,-0.2087,-0.1122,-0.0542,-0.818,-0.8204,-0.8209,-0.8194,-0.8155,-0.809,-0.7997,-0.7869,-0.7694,-0.7441,-0.706,-0.6479,-0.5604,-0.4377,-0.2978,-0.1548,0.0734,0.4563,0.9632,1.1532,0.9706,0.9694,0.959,0.7512,0.4937,0.2577,-0.0778,0.0124,0.2423,0.2953,0.1714,-0.0379,-0.1534,-0.1263,-0.0658,-0.0258,-0.7855,-0.7853,-0.7831,-0.7787,-0.7718,-0.7618,-0.7484,-0.7306,-0.7068,-0.6746,-0.6302,-0.5692,-0.4873,-0.3835,-0.2607,-0.1121,0.0896,0.3572,0.6406,0.8463,1.089,1.5701,1.7065,1.148,0.571,0.0675,-0.4303,-0.1138,0.4372,0.5392,0.3828,0.181,0.0492,0.0089,0.0111,0.0183,-0.7546,-0.7521,-0.7475,-0.7406,-0.7309,-0.7181,-0.7013,-0.6796,-0.6517,-0.6155,-0.5685,-0.5079,-0.4312,-0.3371,-0.2241,-0.0865,0.0842,0.2891,0.5171,0.7898,1.2605,2.0708,2.3069,1.4653,0.7268,0.2797,0.0922,0.4492,1.0333,0.9283,0.6084,0.3615,0.2062,0.1242,0.085,0.0639,-0.7253,-0.7207,-0.7141,-0.705,-0.6931,-0.6778,-0.6585,-0.6342,-0.6037,-0.5655,-0.5179,-0.4588,-0.3866,-0.2998,-0.1963,-0.073,0.0739,0.247,0.4531,0.7252,1.136,1.6486,1.7645,1.2832,0.7744,0.4814,0.4423,0.7366,1.1176,0.9996,0.6885,0.4497,0.294,0.1975,0.1385,0.1003]},{"header":{"la1":42.85,"la2":41.18,"lo1":11.55,"lo2":14.05,"nx":36,"ny":24,"dx":0.07143,"dy":0.07261,"parameterCategory":2,"parameterNumber":3,"parameterNumberName":"northward_wind","parameterUnit":"m.s-1"},"data":[0.5664,0.5698,0.5767,0.5872,0.6008,0.6166,0.6335,0.6506,0.6672,0.6828,0.6967,0.7086,0.7178,0.7241,0.7276,0.7287,0.7281,0.7266,0.7252,0.7241,0.7232,0.7215,0.7182,0.7125,0.7044,0.6941,0.6822,0.6691,0.6552,0.6409,0.6265,0.6122,0.5983,0.585,0.5723,0.5604,0.5416,0.5438,0.5509,0.5632,0.5799,0.5996,0.6206,0.6414,0.6613,0.68,0.6969,0.7111,0.7219,0.7288,0.732,0.732,0.7299,0.7272,0.7254,0.7255,0.7268,0.7275,0.7255,0.7198,0.7106,0.6986,0.6847,0.6696,0.6538,0.6377,0.6216,0.6058,0.5905,0.576,0.5623,0.5496,0.5102,0.51,0.5167,0.5312,0.5526,0.5782,0.6048,0.6302,0.6538,0.676,0.6965,0.7139,0.7267,0.7341,0.7364,0.7344,0.7295,0.7241,0.7215,0.7238,0.73,0.7356,0.7358,0.7295,0.7181,0.7035,0.687,0.6695,0.6514,0.6332,0.6152,0.5977,0.5809,0.5651,0.5503,0.5368,0.4705,0.4653,0.4702,0.4874,0.516,0.5512,0.5864,0.6172,0.6441,0.6701,0.6954,0.7171,0.7324,0.7402,0.7409,0.7355,0.7255,0.7144,0.7087,0.7155,0.7329,0.7487,0.7516,0.7422,0.7265,0.7082,0.6884,0.668,0.6473,0.6268,0.6067,0.5874,0.569,0.5518,0.536,0.5216,0.4205,0.4056,0.4048,0.4245,0.465,0.517,0.567,0.6045,0.6319,0.6609,0.6934,0.7215,0.7399,0.7474,0.7454,0.7352,0.7172,0.6933,0.6765,0.6905,0.7341,0.7714,0.7738,0.7559,0.734,0.7112,0.6879,0.6644,0.641,0.618,0.5958,0.5745,0.5544,0.5358,0.5188,0.5036,0.3591,0.3257,0.3101,0.3291,0.3889,0.4717,0.5489,0.5968,0.6171,0.6476,0.6918,0.7289,0.7502,0.7556,0.7488,0.7333,0.7064,0.6591,0.6035,0.6231,0.7209,0.7858,0.7851,0.7624,0.7372,0.7109,0.6843,0.6577,0.6316,0.6062,0.5816,0.5583,0.5364,0.5163,0.4982,0.4822,0.2893,0.2236,0.1719,0.1772,0.2684,0.4049,0.5271,0.5966,0.606,0.6382,0.6968,0.7428,0.7648,0.763,0.7464,0.7265,0.7,0.6381,0.5202,0.5377,0.7051,0.7721,0.777,0.7609,0.7353,0.7063,0.6766,0.6473,0.6185,0.5906,0.5637,0.5382,0.5144,0.4927,0.4734,0.4568,0.2227,0.1123,-0.0109,-0.0568,0.0892,0.3104,0.4826,0.5792,0.6104,0.651,0.7147,0.7666,0.7857,0.7651,0.7215,0.6944,0.6926,0.6716,0.6149,0.6563,0.8023,0.8339,0.7994,0.7644,0.7305,0.697,0.6642,0.6323,0.6012,0.5707,0.5413,0.5133,0.4874,0.464,0.4437,0.4265,0.18,0.0377,-0.1552,-0.2871,-0.0692,0.2247,0.4291,0.5435,0.6033,0.6591,0.7348,0.8022,0.8196,0.7583,0.6266,0.5663,0.6445,0.7066,0.7325,0.8096,0.9678,0.9423,0.8329,0.7665,0.7205,0.6819,0.6465,0.6125,0.5791,0.5461,0.5137,0.4828,0.4543,0.4291,0.4076,0.3903,0.1748,0.0378,-0.1182,-0.1987,-0.0707,0.1829,0.3989,0.5143,0.5575,0.6051,0.7354,0.8546,0.8863,0.7757,0.3899,0.1716,0.5498,0.7194,0.7692,0.8259,0.9172,0.9029,0.816,0.7491,0.6998,0.6594,0.6233,0.5883,0.5527,0.5163,0.4801,0.4454,0.4137,0.3863,0.3638,0.3466,0.2011,0.0738,-0.0875,-0.2948,-0.2283,0.1506,0.3994,0.497,0.4778,0.45,0.7304,0.9421,1.0044,0.9295,0.526,0.1931,0.6322,0.7514,0.7613,0.7833,0.8106,0.8038,0.7614,0.7119,0.6678,0.6305,0.5966,0.5613,0.5226,0.4812,0.4394,0.3993,0.3633,0.3332,0.3099,0.2936,0.2527,0.1381,-0.0282,-0.244,-0.1659,0.2098,0.4394,0.5538,0.4714,0.5416,0.8455,1.0965,1.1389,1.0219,1.1369,0.9598,0.882,0.7255,0.6617,0.7213,0.748,0.7383,0.7073,0.6678,0.6308,0.6014,0.5725,0.5354,0.49,0.4401,0.3894,0.3415,0.2996,0.2663,0.2428,0.2288,0.3266,0.246,0.1508,0.084,0.1577,0.3158,0.4023,1.0601,0.0633,0.6239,1.0523,1.3653,1.3741,1.2431,1.5232,1.2853,1.067,0.449,0.3967,0.6632,0.7067,0.6887,0.6582,0.6257,0.6009,0.5879,0.5621,0.5141,0.4544,0.3903,0.3262,0.2669,0.2171,0.1803,0.1579,0.1488,0.4103,0.3663,0.3289,0.3215,0.3595,0.3876,0.2743,-0.232,-0.0063,0.7754,1.2547,1.6494,1.7285,1.4089,1.4675,1.5735,1.3735,0.8247,0.626,0.692,0.666,0.6282,0.6046,0.5886,0.5896,0.6018,0.5635,0.4903,0.4093,0.3258,0.2431,0.1675,0.1068,0.0669,0.0489,0.0494,0.4908,0.4728,0.4649,0.4741,0.4968,0.5045,0.4615,0.4227,0.6564,1.1219,1.4767,1.6155,1.5998,1.6774,1.5155,1.6354,1.4764,1.1618,0.8634,0.6875,0.5567,0.5177,0.533,0.5448,0.5618,0.5746,0.527,0.441,0.3435,0.2386,0.1305,0.0306,-0.0455,-0.0868,-0.0932,-0.074,0.5614,0.56,0.5676,0.5867,0.6151,0.6474,0.6911,0.7967,1.0442,1.4456,1.9033,1.861,1.7274,1.5878,1.4782,1.4224,1.3731,1.0975,0.7932,0.5511,0.3131,0.3435,0.4494,0.487,0.4964,0.4878,0.4428,0.3623,0.2549,0.1239,-0.0231,-0.1638,-0.2635,-0.2997,-0.279,-0.2251,0.6206,0.6298,0.6473,0.6749,0.7139,0.7677,0.8487,0.9832,1.2008,1.5139,1.8509,1.7951,1.8192,1.8282,1.4614,1.2702,1.0894,0.7689,0.4814,0.4027,0.2606,0.3007,0.401,0.4326,0.4331,0.4165,0.3724,0.2875,0.1589,-0.0144,-0.2286,-0.4451,-0.5839,-0.5965,-0.5161,-0.4012,0.6688,0.6848,0.7085,0.742,0.7876,0.8496,0.9361,1.0576,1.2195,1.4068,1.5573,1.6223,1.7806,1.7786,1.347,1.113,0.8587,0.3041,-0.1658,0.2043,0.3226,0.3498,0.3755,0.3846,0.3925,0.4096,0.3808,0.2576,0.0754,-0.1637,-0.4861,-0.8439,-1.0464,-0.9878,-0.7908,-0.5841,0.7068,0.7268,0.7539,0.7898,0.8365,0.897,0.9748,1.0721,1.1855,1.3002,1.3908,1.4466,1.4723,1.3674,1.1008,1.0104,0.7911,0.296,-0.0216,0.138,0.2614,0.3143,0.3233,0.3265,0.3716,0.5177,0.5427,0.272,-0.0035,-0.3041,-0.7436,-1.3033,-1.5865,-1.3878,-1.0334,-0.731,0.7357,0.7575,0.7855,0.8209,0.8649,0.9189,0.9836,1.0579,1.1367,1.2101,1.265,1.2903,1.2711,1.1808,1.0493,0.978,0.7683,0.4269,0.1148,0.0292,0.1935,0.2388,0.2302,0.2322,0.2902,0.5047,0.5544,0.1402,-0.1392,-0.421,-0.8609,-1.4875,-1.801,-1.5331,-1.1206,-0.7893,0.7566,0.7786,0.8058,0.8386,0.8779,0.9236,0.9753,1.0307,1.0853,1.1323,1.1633,1.1698,1.1434,1.0806,0.9961,0.8929,0.7187,0.4774,0.2411,0.1552,0.1702,0.1087,0.0608,0.0803,0.0949,0.0322,-0.2123,-0.2605,-0.3641,-0.5481,-0.812,-1.2067,-1.44,-1.2995,-1.0104,-0.7444,0.7707,0.7918,0.8169,0.8463,0.8799,0.9174,0.9575,0.9981,1.0355,1.0647,1.0803,1.0766,1.0494,0.9977,0.9236,0.8227,0.6842,0.5168,0.3578,0.2359,0.0828,-0.1651,-0.2517,-0.1123,-0.0753,-0.2377,-0.4707,-0.4774,-0.6995,-0.7964,-0.804,-0.9074,-1.0053,-0.9614,-0.8115,-0.6377,0.7792,0.7987,0.8211,0.8465,0.8745,0.9044,0.935,0.9641,0.989,1.006,1.0114,1.0016,0.9737,0.9266,0.8595,0.7703,0.6578,0.5276,0.389,0.2299,-0.0156,-0.3796,-0.4782,-0.2348,-0.1537,-0.2672,-0.4436,-0.7678,-1.3034,-1.1859,-0.9008,-0.7852,-0.7598,-0.7181,-0.6316,-0.5202,0.7831,0.8006,0.8202,0.8415,0.8643,0.8877,0.9104,0.9307,0.9464,0.9548,0.9534,0.9395,0.9113,0.8674,0.8068,0.7288,0.6336,0.5226,0.3947,0.2364,0.0215,-0.2195,-0.292,-0.1899,-0.1634,-0.2717,-0.4963,-0.9238,-1.383,-1.2461,-0.9165,-0.7216,-0.6288,-0.566,-0.4969,-0.4168]}]