docs/data/wind_grid.json
[{"header":{"la1":42.85,"la2":41.18,"lo1":11.55,"lo2":14.05,"nx":36,"ny":24,"dx":0.07143,"dy":0.07261,"parameterCategory":2,"parameterNumber":2,"parameterNumberName":"eastward_wind","parameterUnit":"m.s-1"},"data":[-0.7679,-0.7717,-0.776,-0.7809,-0.7862,-0.792,-0.7981,-0.8045,-0.8119,-0.8216,-0.8357,-0.8563,-0.8846,-0.9191,-0.9539,-0.9791,-0.9851,-0.9698,-0.9394,-0.9028,-0.8666,-0.8339,-0.8056,-0.7814,-0.7608,-0.7432,-0.7281,-0.715,-0.7036,-0.6937,-0.6851,-0.6776,-0.6711,-0.6655,-0.6606,-0.6564,-0.7693,-0.7735,-0.7784,-0.784,-0.7904,-0.7973,-0.8043,-0.8111,-0.8179,-0.8268,-0.8413,-0.8661,-0.9049,-0.9582,-1.0177,-1.0634,-1.0734,-1.044,-0.9918,-0.9356,-0.8852,-0.8434,-0.8093,-0.7816,-0.7587,-0.7396,-0.7235,-0.7097,-0.6978,-0.6876,-0.6788,-0.6712,-0.6647,-0.6591,-0.6544,-0.6504,-0.7706,-0.7751,-0.7806,-0.7874,-0.7953,-0.8044,-0.8134,-0.8211,-0.8266,-0.8322,-0.8441,-0.8708,-0.921,-1.0007,-1.1026,-1.1886,-1.2042,-1.1433,-1.0518,-0.9668,-0.8995,-0.8483,-0.8092,-0.7787,-0.7541,-0.7339,-0.717,-0.7028,-0.6906,-0.6803,-0.6714,-0.6639,-0.6574,-0.652,-0.6474,-0.6436,-0.7715,-0.7764,-0.7826,-0.7906,-0.8008,-0.8135,-0.8273,-0.8384,-0.8423,-0.8405,-0.8437,-0.8664,-0.9237,-1.0316,-1.1937,-1.35,-1.3721,-1.2512,-1.1021,-0.9853,-0.9033,-0.8458,-0.8038,-0.7718,-0.7465,-0.7258,-0.7086,-0.6941,-0.6819,-0.6716,-0.6628,-0.6554,-0.6491,-0.6439,-0.6397,-0.6362,-0.7721,-0.7772,-0.7838,-0.7929,-0.8059,-0.8243,-0.8478,-0.8693,-0.8738,-0.8573,-0.8411,-0.8498,-0.9021,-1.0201,-1.2233,-1.4459,-1.4737,-1.2954,-1.1068,-0.9761,-0.8911,-0.8337,-0.7924,-0.7609,-0.7357,-0.7151,-0.698,-0.6836,-0.6715,-0.6614,-0.6528,-0.6457,-0.6398,-0.6349,-0.631,-0.6279,-0.7724,-0.7773,-0.7839,-0.7934,-0.8083,-0.8328,-0.8717,-0.9188,-0.9329,-0.8872,-0.8356,-0.8203,-0.8529,-0.9464,-1.1144,-1.3019,-1.333,-1.1933,-1.0411,-0.934,-0.8628,-0.8131,-0.7758,-0.7463,-0.7221,-0.7021,-0.6853,-0.6712,-0.6594,-0.6496,-0.6415,-0.6348,-0.6293,-0.6249,-0.6215,-0.6189,-0.7725,-0.777,-0.7829,-0.7913,-0.8052,-0.8308,-0.8801,-0.9593,-0.9945,-0.9062,-0.8147,-0.7765,-0.7845,-0.8366,-0.9305,-1.0305,-1.0614,-1.0104,-0.937,-0.8749,-0.8267,-0.7883,-0.7562,-0.7291,-0.7061,-0.6866,-0.6703,-0.6567,-0.6455,-0.6362,-0.6286,-0.6225,-0.6176,-0.6139,-0.611,-0.6091,-0.7726,-0.7766,-0.7813,-0.7874,-0.7966,-0.8132,-0.847,-0.9057,-0.9275,-0.842,-0.7578,-0.7165,-0.7075,-0.7273,-0.7726,-0.8267,-0.8616,-0.8658,-0.8494,-0.8241,-0.795,-0.765,-0.7363,-0.7103,-0.6878,-0.6688,-0.653,-0.6401,-0.6296,-0.6211,-0.6142,-0.6089,-0.6047,-0.6017,-0.5996,-0.5983,-0.7731,-0.7767,-0.7805,-0.7843,-0.7878,-0.7907,-0.7926,-0.7892,-0.7627,-0.7132,-0.6744,-0.6463,-0.6266,-0.626,-0.6529,-0.7014,-0.7533,-0.7912,-0.8067,-0.8,-0.7775,-0.7478,-0.7175,-0.6901,-0.667,-0.6482,-0.6331,-0.621,-0.6115,-0.604,-0.5982,-0.5937,-0.5905,-0.5883,-0.5871,-0.5867,-0.7742,-0.778,-0.7818,-0.7852,-0.7866,-0.7826,-0.7643,-0.7148,-0.6273,-0.5801,-0.5939,-0.5788,-0.5402,-0.5179,-0.5435,-0.6158,-0.7071,-0.7845,-0.8214,-0.8138,-0.7792,-0.7371,-0.6984,-0.6668,-0.6424,-0.6239,-0.6099,-0.5992,-0.5912,-0.585,-0.5804,-0.5771,-0.5749,-0.5738,-0.5735,-0.5741,-0.7759,-0.7805,-0.7856,-0.7911,-0.7965,-0.7991,-0.7883,-0.7234,-0.5213,-0.429,-0.5434,-0.5247,-0.4405,-0.3721,-0.4093,-0.5438,-0.7149,-0.8657,-0.9212,-0.8769,-0.7983,-0.727,-0.6735,-0.6365,-0.6116,-0.5946,-0.5828,-0.5744,-0.5683,-0.564,-0.5609,-0.5589,-0.5579,-0.5579,-0.5588,-0.5605,-0.7779,-0.7835,-0.7906,-0.7999,-0.8131,-0.8331,-0.862,-0.8693,-0.6905,-0.5404,-0.5651,-0.4907,-0.3387,-0.1476,-0.2311,-0.487,-0.7915,-1.1147,-1.1746,-0.9908,-0.8161,-0.7007,-0.6319,-0.5932,-0.5718,-0.5593,-0.5514,-0.5463,-0.543,-0.5409,-0.5396,-0.5391,-0.5394,-0.5405,-0.5427,-0.5458,-0.7796,-0.7863,-0.7951,-0.8075,-0.8265,-0.8588,-0.9156,-0.9879,-0.9082,-0.7293,-0.6083,-0.4703,-0.3473,-0.0813,-0.1703,-0.5063,-0.8917,-1.5223,-1.5318,-1.0646,-0.7769,-0.6266,-0.5573,-0.5303,-0.5209,-0.5173,-0.5156,-0.5149,-0.5151,-0.5158,-0.5167,-0.5177,-0.5192,-0.5215,-0.5251,-0.5298,-0.7808,-0.7881,-0.7976,-0.8108,-0.8301,-0.8598,-0.9031,-0.9467,-0.9065,-0.7877,-0.6668,-0.4427,-0.3712,-0.4775,-0.4532,-0.6243,-0.856,-1.2224,-1.2596,-0.8912,-0.6019,-0.4628,-0.4335,-0.4452,-0.4605,-0.4701,-0.4757,-0.4802,-0.4848,-0.4891,-0.4923,-0.4947,-0.497,-0.5004,-0.5055,-0.5122,-0.7811,-0.7884,-0.7978,-0.8099,-0.826,-0.8467,-0.8693,-0.8821,-0.8692,-0.8574,-0.8475,-0.7479,-0.6244,-0.5965,-0.6123,-0.756,-0.8715,-0.8617,-0.8037,-0.5428,-0.235,-0.1622,-0.2578,-0.348,-0.3977,-0.42,-0.4314,-0.4414,-0.452,-0.4611,-0.4669,-0.4698,-0.4722,-0.4764,-0.4835,-0.493,-0.7805,-0.7876,-0.7963,-0.8068,-0.8196,-0.8342,-0.849,-0.8632,-0.8894,-0.9764,-1.1764,-1.0717,-0.9215,-0.7468,-0.732,-0.7814,-0.8318,-0.7488,-0.5892,-0.2183,0.3408,0.2519,-0.0885,-0.2717,-0.3446,-0.3673,-0.3784,-0.3953,-0.4163,-0.4332,-0.4414,-0.4428,-0.4435,-0.4483,-0.4583,-0.4719,-0.7792,-0.7859,-0.7937,-0.803,-0.8138,-0.8262,-0.8411,-0.8626,-0.9054,-1.0017,-1.1529,-1.0695,-1.0462,-1.0526,-0.8617,-0.7962,-0.7486,-0.6522,-0.5177,-0.2008,0.4093,0.2917,-0.0778,-0.2552,-0.3049,-0.2997,-0.3016,-0.3348,-0.3784,-0.4083,-0.4174,-0.4126,-0.4082,-0.4141,-0.4296,-0.4496,-0.7773,-0.7834,-0.7906,-0.7989,-0.8086,-0.8203,-0.8354,-0.8574,-0.893,-0.9452,-0.99,-0.995,-1.0609,-1.0718,-0.9332,-0.8712,-0.7512,-0.5925,-0.5113,-0.4244,-0.1764,-0.1186,-0.2235,-0.2875,-0.2619,-0.1821,-0.1667,-0.2528,-0.3454,-0.3936,-0.3975,-0.3774,-0.3641,-0.3739,-0.3993,-0.4284,-0.7748,-0.7805,-0.787,-0.7945,-0.8033,-0.814,-0.8276,-0.8458,-0.87,-0.8976,-0.9203,-0.9358,-0.9558,-0.9601,-1.0121,-1.0427,-0.8127,-0.6212,-0.5533,-0.5648,-0.4654,-0.3783,-0.356,-0.3288,-0.215,0.0075,0.0529,-0.1792,-0.3456,-0.4012,-0.3865,-0.3407,-0.3175,-0.3366,-0.3749,-0.4131,-0.7719,-0.777,-0.7829,-0.7896,-0.7974,-0.8066,-0.8179,-0.8316,-0.8475,-0.8638,-0.8777,-0.8886,-0.8988,-0.918,-0.9827,-0.9931,-0.8197,-0.679,-0.6648,-0.6846,-0.5727,-0.4818,-0.4316,-0.3817,-0.2614,0.0079,0.0663,-0.295,-0.4333,-0.4436,-0.3959,-0.3283,-0.2999,-0.3245,-0.3683,-0.4097,-0.7686,-0.7732,-0.7783,-0.7841,-0.7907,-0.7983,-0.8071,-0.817,-0.8275,-0.8376,-0.846,-0.8524,-0.8584,-0.8681,-0.8803,-0.8564,-0.7727,-0.6897,-0.6577,-0.642,-0.5719,-0.4992,-0.4609,-0.4441,-0.4335,-0.4945,-0.7682,-0.7398,-0.6045,-0.5155,-0.4367,-0.3666,-0.3365,-0.3514,-0.3855,-0.4204,-0.7649,-0.7689,-0.7733,-0.7782,-0.7836,-0.7896,-0.7961,-0.803,-0.8097,-0.8157,-0.8201,-0.8227,-0.8235,-0.8219,-0.8131,-0.7851,-0.735,-0.681,-0.6392,-0.5978,-0.5311,-0.4553,-0.4329,-0.4686,-0.5514,-0.772,-1.0701,-0.9438,-0.715,-0.579,-0.4911,-0.4296,-0.3994,-0.4,-0.4181,-0.4414,-0.761,-0.7644,-0.7681,-0.7721,-0.7763,-0.7808,-0.7854,-0.7899,-0.7939,-0.7968,-0.7982,-0.7975,-0.794,-0.7864,-0.7715,-0.7457,-0.7092,-0.6675,-0.6246,-0.5738,-0.5008,-0.4146,-0.3948,-0.4617,-0.566,-0.7213,-0.8567,-0.8248,-0.7055,-0.604,-0.5319,-0.4826,-0.455,-0.4472,-0.4533,-0.4661,-0.7569,-0.7597,-0.7627,-0.7658,-0.769,-0.7721,-0.7751,-0.7778,-0.7796,-0.7804,-0.7794,-0.7763,-0.7701,-0.7599,-0.7439,-0.7209,-0.6911,-0.6562,-0.6167,-0.5693,-0.5101,-0.4518,-0.4387,-0.4841,-0.5578,-0.6428,-0.705,-0.7052,-0.6582,-0.6017,-0.5533,-0.5173,-0.4945,-0.4842,-0.4838,-0.4897]},{"header":{"la1":42.85,"la2":41.18,"lo1":11.55,"lo2":14.05,"nx":36,"ny":24,"dx":0.07143,"dy":0.07261,"parameterCategory":2,"parameterNumber":3,"parameterNumberName":"northward_wind","parameterUnit":"m.s-1"},"data":[0.017,0.0328,0.0506,0.0698,0.0893,0.107,0.12,0.1255,0.1217,0.109,0.0905,0.0702,0.052,0.0381,0.0288,0.0219,0.0147,0.0055,-0.0057,-0.0175,-0.029,-0.0394,-0.0488,-0.0574,-0.0653,-0.0728,-0.08,-0.0871,-0.0941,-0.101,-0.1079,-0.1147,-0.1213,-0.1277,-0.1338,-0.1394,0.0202,0.0393,0.0619,0.0878,0.1157,0.143,0.1649,0.1756,0.171,0.1511,0.1217,0.0905,0.0645,0.0474,0.0391,0.0351,0.0292,0.018,0.0031,-0.0124,-0.0264,-0.0385,-0.0489,-0.058,-0.0663,-0.074,-0.0816,-0.0891,-0.0965,-0.104,-0.1114,-0.1188,-0.126,-0.1329,-0.1394,-0.1455,0.0211,0.0436,0.0717,0.1062,0.1463,0.1893,0.2277,0.25,0.2455,0.213,0.164,0.1144,0.0762,0.055,0.0505,0.054,0.0511,0.0352,0.0131,-0.0079,-0.0252,-0.0388,-0.0499,-0.0593,-0.0677,-0.0757,-0.0835,-0.0914,-0.0993,-0.1074,-0.1155,-0.1235,-0.1313,-0.1389,-0.146,-0.1525,0.0185,0.044,0.0777,0.1221,0.1788,0.2466,0.3162,0.365,0.3645,0.3078,0.222,0.1415,0.0849,0.0584,0.0612,0.0793,0.0808,0.0545,0.0209,-0.0066,-0.0265,-0.041,-0.0521,-0.0613,-0.0697,-0.0777,-0.0857,-0.094,-0.1025,-0.1112,-0.1201,-0.129,-0.1376,-0.1459,-0.1536,-0.1607,0.0112,0.0383,0.0764,0.1302,0.206,0.3094,0.4354,0.5456,0.5624,0.4545,0.2974,0.1675,0.0866,0.0527,0.0617,0.0952,0.1,0.0615,0.0187,-0.0118,-0.0318,-0.0454,-0.0555,-0.064,-0.0719,-0.0798,-0.0881,-0.0968,-0.106,-0.1156,-0.1255,-0.1353,-0.145,-0.1542,-0.1627,-0.1704,-0.0018,0.0245,0.0634,0.1225,0.2137,0.3557,0.5655,0.8042,0.8754,0.6552,0.3709,0.1781,0.0738,0.0315,0.0357,0.0644,0.0685,0.0355,-0.0004,-0.0252,-0.041,-0.0517,-0.0598,-0.067,-0.0742,-0.0819,-0.0904,-0.0997,-0.1098,-0.1206,-0.1317,-0.1429,-0.1538,-0.1642,-0.1736,-0.1819,-0.0209,0.0013,0.0359,0.0913,0.1832,0.3409,0.6127,1.0038,1.1676,0.783,0.3743,0.1475,0.0367,-0.0097,-0.0162,-0.0041,-0.0006,-0.014,-0.0311,-0.0439,-0.0525,-0.0587,-0.0641,-0.0697,-0.0761,-0.0836,-0.0924,-0.1026,-0.1139,-0.1262,-0.139,-0.1519,-0.1645,-0.1762,-0.1867,-0.1958,-0.0453,-0.0305,-0.0062,0.0347,0.1055,0.2308,0.4506,0.7684,0.8894,0.563,0.2412,0.0636,-0.0277,-0.0695,-0.0796,-0.0729,-0.0643,-0.0609,-0.0612,-0.0622,-0.0633,-0.0649,-0.0674,-0.0713,-0.0769,-0.0845,-0.0939,-0.1053,-0.1183,-0.1327,-0.1477,-0.1629,-0.1775,-0.191,-0.2028,-0.2126,-0.073,-0.068,-0.0584,-0.0401,-0.0059,0.0557,0.1542,0.2642,0.2804,0.1719,0.0499,-0.0443,-0.1095,-0.1446,-0.15,-0.1348,-0.1134,-0.0958,-0.0839,-0.0761,-0.0711,-0.0685,-0.0685,-0.071,-0.0762,-0.084,-0.0945,-0.1076,-0.123,-0.1401,-0.1583,-0.1765,-0.1938,-0.2095,-0.2228,-0.2334,-0.1012,-0.1069,-0.1136,-0.1204,-0.1256,-0.1245,-0.1092,-0.0762,-0.0441,-0.0417,-0.0775,-0.1363,-0.1985,-0.2391,-0.2349,-0.1953,-0.1504,-0.1181,-0.0981,-0.0844,-0.0746,-0.0686,-0.0665,-0.0681,-0.0732,-0.0818,-0.0938,-0.1093,-0.1279,-0.149,-0.1713,-0.1937,-0.2147,-0.233,-0.248,-0.2591,-0.1268,-0.1423,-0.1638,-0.1938,-0.2348,-0.286,-0.329,-0.2966,-0.1097,-0.0296,-0.1276,-0.2017,-0.2966,-0.3785,-0.3555,-0.2573,-0.1718,-0.128,-0.107,-0.0889,-0.0738,-0.0643,-0.0605,-0.0617,-0.0672,-0.077,-0.0912,-0.1099,-0.1331,-0.1596,-0.1879,-0.2161,-0.2419,-0.2636,-0.2803,-0.2917,-0.147,-0.1698,-0.2023,-0.2496,-0.3193,-0.4204,-0.5518,-0.6257,-0.363,-0.1515,-0.1825,-0.2368,-0.3878,-0.6216,-0.5325,-0.3005,-0.1618,-0.1345,-0.1264,-0.0937,-0.0677,-0.054,-0.0493,-0.051,-0.0575,-0.0688,-0.0856,-0.1088,-0.1382,-0.1726,-0.2096,-0.246,-0.2784,-0.3044,-0.3226,-0.3331,-0.1601,-0.1865,-0.2241,-0.2792,-0.3621,-0.4896,-0.6812,-0.8847,-0.7071,-0.3498,-0.2061,-0.2159,-0.3174,-0.6891,-0.5801,-0.2324,-0.0894,-0.1705,-0.1736,-0.0908,-0.0506,-0.0341,-0.0307,-0.0346,-0.0429,-0.0557,-0.0755,-0.1043,-0.1426,-0.1887,-0.2387,-0.2872,-0.3288,-0.3597,-0.3786,-0.3864,-0.1654,-0.1915,-0.2279,-0.2796,-0.3547,-0.4643,-0.6139,-0.7561,-0.637,-0.3015,-0.1341,-0.1884,-0.2043,0.0444,-0.1296,0.0358,0.1689,-0.0229,-0.0907,-0.045,-0.0114,0.0028,-0.0015,-0.0118,-0.0221,-0.0352,-0.0572,-0.0933,-0.145,-0.2091,-0.2791,-0.3459,-0.4004,-0.4367,-0.4538,-0.455,-0.1637,-0.1864,-0.2165,-0.2566,-0.3095,-0.3755,-0.4429,-0.4607,-0.3338,-0.1034,0.0526,0.0739,0.1191,0.3739,0.1348,0.4274,0.841,0.3068,0.0488,0.017,0.0642,0.0727,0.0405,0.0162,0.0064,-0.0017,-0.0235,-0.0696,-0.142,-0.2349,-0.337,-0.4326,-0.5053,-0.5458,-0.5554,-0.5427,-0.1567,-0.1742,-0.1957,-0.2214,-0.2498,-0.2753,-0.2821,-0.2387,-0.1122,0.0924,0.3162,0.3517,0.2795,0.2309,0.1985,0.3978,0.643,0.2494,0.0033,0.0337,0.215,0.1865,0.0819,0.043,0.0468,0.0578,0.0419,-0.0205,-0.1278,-0.2678,-0.4224,-0.5642,-0.6621,-0.7014,-0.691,-0.6518,-0.1465,-0.1584,-0.1715,-0.1844,-0.194,-0.1941,-0.1731,-0.1155,-0.009,0.1457,0.3035,0.3032,0.3507,0.3727,0.1937,0.1526,0.1052,-0.1302,-0.2969,-0.1045,0.2216,0.1862,0.075,0.0618,0.1125,0.1741,0.1733,0.0753,-0.0952,-0.3102,-0.5489,-0.7655,-0.8964,-0.9181,-0.8636,-0.779,-0.1351,-0.142,-0.1482,-0.1518,-0.15,-0.138,-0.1093,-0.0575,0.019,0.1105,0.1871,0.2335,0.3406,0.3465,0.1005,-0.0243,-0.1486,-0.5371,-0.8836,-0.43,-0.0979,0.0008,0.018,0.0801,0.2251,0.4054,0.4324,0.2371,-0.0458,-0.3641,-0.7232,-1.055,-1.2221,-1.1914,-1.0579,-0.9086,-0.124,-0.127,-0.1283,-0.1262,-0.1186,-0.1026,-0.0751,-0.0344,0.0177,0.0732,0.1204,0.1547,0.1738,0.1057,-0.0985,-0.1685,-0.2152,-0.5122,-0.7122,-0.4481,-0.2591,-0.1236,-0.0316,0.0933,0.3519,0.7663,0.8461,0.4042,-0.0242,-0.4256,-0.9056,-1.3742,-1.5662,-1.449,-1.2207,-1.008,-0.1141,-0.1144,-0.1125,-0.1075,-0.0978,-0.0819,-0.0586,-0.0282,0.0069,0.0417,0.0693,0.0829,0.0696,0.0033,-0.1127,-0.1604,-0.2059,-0.3393,-0.4014,-0.3964,-0.2883,-0.1606,-0.0618,0.0588,0.3042,0.7825,0.8833,0.2505,-0.1266,-0.4788,-0.9742,-1.493,-1.6906,-1.5353,-1.2725,-1.0397,-0.1058,-0.1043,-0.1008,-0.0946,-0.0848,-0.0707,-0.0522,-0.0301,-0.0066,0.0149,0.0295,0.0318,0.0144,-0.028,-0.0847,-0.1316,-0.1861,-0.2631,-0.3264,-0.3281,-0.2381,-0.1363,-0.0721,-0.0213,0.0374,-0.0135,-0.4102,-0.4047,-0.3444,-0.5101,-0.8735,-1.2817,-1.467,-1.3803,-1.1837,-0.9914,-0.0993,-0.0968,-0.0926,-0.0862,-0.0773,-0.0656,-0.0514,-0.0357,-0.02,-0.0071,-0.0002,-0.0026,-0.0174,-0.0453,-0.0813,-0.1199,-0.1626,-0.2072,-0.2359,-0.2219,-0.153,-0.0681,-0.0409,-0.0674,-0.1517,-0.44,-0.8498,-0.6932,-0.4826,-0.5158,-0.7221,-0.975,-1.123,-1.1149,-1.0135,-0.8885,-0.0943,-0.0914,-0.0871,-0.0812,-0.0736,-0.0642,-0.0536,-0.0425,-0.0323,-0.0248,-0.0221,-0.0261,-0.0382,-0.0581,-0.0838,-0.1124,-0.1418,-0.1668,-0.1766,-0.1573,-0.1,-0.0231,-0.0054,-0.0685,-0.1864,-0.3889,-0.5759,-0.5585,-0.4778,-0.4921,-0.6028,-0.7472,-0.8503,-0.8755,-0.8377,-0.7695,-0.0908,-0.0878,-0.0838,-0.0786,-0.0723,-0.065,-0.0571,-0.0495,-0.043,-0.0389,-0.0385,-0.0429,-0.0528,-0.0677,-0.0864,-0.107,-0.1267,-0.1413,-0.1445,-0.1297,-0.0942,-0.0516,-0.0434,-0.0906,-0.1789,-0.2946,-0.3912,-0.4225,-0.4225,-0.4489,-0.516,-0.6008,-0.6694,-0.7,-0.6926,-0.66]}]