docs/data/wind_grid.json
[{"header":{"la1":42.22,"la2":41.45,"lo1":11.9,"lo2":12.97,"nx":16,"ny":12,"dx":0.07133,"dy":0.07,"parameterCategory":2,"parameterNumber":2,"parameterNumberName":"eastward_wind","parameterUnit":"m.s-1"},"data":[-0.2388,-0.1415,0.0223,0.2175,0.2758,0.1105,-0.096,-0.2329,-0.3249,-0.4241,-0.5604,-0.7274,-0.8872,-0.9903,-1.0162,-0.9851,-0.2961,-0.1998,0.0412,0.4815,0.6843,0.2861,-0.0692,-0.217,-0.2784,-0.3772,-0.569,-0.8351,-1.1009,-1.2438,-1.2285,-1.1305,-0.404,-0.388,-0.2166,0.402,0.7845,0.2334,-0.1313,-0.2122,-0.1589,-0.2589,-0.5623,-1.0014,-1.4906,-1.6821,-1.5254,-1.2911,-0.5291,-0.6707,-0.8647,-0.5884,-0.0436,-0.1113,-0.2572,-0.2531,0.0535,-0.1348,-0.5752,-1.1946,-2.115,-2.3279,-1.8273,-1.4031,-0.5964,-0.8151,-1.1935,-1.0993,-0.4632,-0.2991,-0.3518,-0.3863,-0.3874,-0.3844,-0.6383,-1.1667,-2.2377,-2.4851,-1.8278,-1.3615,-0.5721,-0.7128,-0.8654,-0.7452,-0.4101,-0.2835,-0.3408,-0.4245,-0.5729,-0.5288,-0.6881,-0.9183,-1.3191,-1.6169,-1.4053,-1.1413,-0.5009,-0.5464,-0.5474,-0.4278,-0.2265,-0.0806,-0.2104,-0.3669,-0.5492,-0.5244,-0.708,-0.8865,-0.8895,-0.9555,-0.9185,-0.8393,-0.4326,-0.4289,-0.3856,-0.278,-0.0954,0.2125,-0.0782,-0.264,-0.3163,-0.4224,-0.578,-0.6929,-0.6152,-0.4913,-0.4788,-0.5311,-0.3847,-0.3638,-0.3166,-0.2347,-0.1176,-0.0056,-0.0946,-0.1602,-0.1177,-0.3019,-0.4223,-0.415,-0.1748,0.0771,-0.0477,-0.2599,-0.356,-0.3328,-0.2944,-0.2411,-0.1829,-0.1502,-0.1709,-0.1832,-0.189,-0.2743,-0.3247,-0.2301,0.1176,0.3954,0.1803,-0.1037,-0.3412,-0.3209,-0.293,-0.2601,-0.2301,-0.2151,-0.2192,-0.2295,-0.2477,-0.2793,-0.2807,-0.1822,0.0467,0.207,0.1012,-0.0924,-0.335,-0.3189,-0.2992,-0.2786,-0.2615,-0.2529,-0.2539,-0.2617,-0.274,-0.2845,-0.2712,-0.2067,-0.0966,-0.0228,-0.0558,-0.1528]},{"header":{"la1":42.22,"la2":41.45,"lo1":11.9,"lo2":12.97,"nx":16,"ny":12,"dx":0.07133,"dy":0.07,"parameterCategory":2,"parameterNumber":3,"parameterNumberName":"northward_wind","parameterUnit":"m.s-1"},"data":[-1.1131,-1.1779,-1.2471,-1.3114,-1.2934,-1.1191,-0.8987,-0.7386,-0.6387,-0.5641,-0.498,-0.4469,-0.4168,-0.4013,-0.3915,-0.3842,-1.1796,-1.268,-1.3648,-1.5059,-1.5691,-1.2582,-0.9092,-0.7239,-0.6439,-0.5703,-0.4794,-0.4156,-0.3948,-0.3913,-0.3826,-0.3716,-1.2457,-1.3702,-1.471,-1.5588,-1.6376,-1.2329,-0.8421,-0.6968,-0.7207,-0.6337,-0.4546,-0.3713,-0.3951,-0.4183,-0.3926,-0.3641,-1.2987,-1.5015,-1.7192,-1.6391,-1.3467,-0.9959,-0.7282,-0.6444,-0.9327,-0.7114,-0.3621,-0.2848,-0.4664,-0.5256,-0.4174,-0.3537,-1.2943,-1.547,-1.9091,-1.8299,-1.2012,-0.8118,-0.6992,-0.6753,-0.2346,-0.2843,-0.0933,-0.0138,-0.4324,-0.5489,-0.383,-0.321,-1.2013,-1.373,-1.541,-1.3984,-0.9638,-0.6797,-0.592,-0.4494,0.2099,0.0356,0.3578,0.8243,0.2628,-0.1673,-0.2424,-0.2706,-1.0597,-1.1216,-1.1231,-0.9793,-0.7615,-0.6331,-0.4454,-0.24,0.0929,0.0725,0.6931,1.5812,0.7425,0.085,-0.163,-0.2569,-0.9256,-0.927,-0.8811,-0.7789,-0.6845,-0.7483,-0.4931,-0.3089,-0.1901,-0.0377,0.3432,0.6937,0.3324,-0.1102,-0.2836,-0.3255,-0.8211,-0.8001,-0.7516,-0.6829,-0.6277,-0.6102,-0.4854,-0.3199,-0.2857,-0.1732,-0.0044,0.0265,-0.295,-0.6074,-0.5554,-0.4508,-0.7449,-0.7179,-0.6753,-0.6228,-0.5713,-0.5168,-0.431,-0.3353,-0.2886,-0.2352,-0.1872,-0.2783,-0.6299,-0.8882,-0.7241,-0.541,-0.6895,-0.6622,-0.6251,-0.581,-0.5332,-0.4799,-0.4177,-0.3567,-0.3123,-0.2811,-0.2813,-0.3751,-0.589,-0.7358,-0.6665,-0.5451,-0.6486,-0.6228,-0.5902,-0.5523,-0.5106,-0.4655,-0.4183,-0.3744,-0.3402,-0.3212,-0.3306,-0.3894,-0.4909,-0.564,-0.5555,-0.5044]}]