docs/data/wind_grid.json
[{"header":{"la1":42.85,"la2":41.18,"lo1":11.55,"lo2":14.05,"nx":36,"ny":24,"dx":0.07143,"dy":0.07261,"parameterCategory":2,"parameterNumber":2,"parameterNumberName":"eastward_wind","parameterUnit":"m.s-1"},"data":[0.2441,0.2258,0.2045,0.1806,0.1554,0.1314,0.112,0.1009,0.1009,0.1119,0.1316,0.1557,0.1802,0.2015,0.2173,0.2254,0.2239,0.2109,0.1855,0.1495,0.1094,0.0754,0.057,0.0575,0.0734,0.0981,0.126,0.1535,0.179,0.2019,0.2222,0.2401,0.256,0.27,0.2825,0.2937,0.2465,0.2253,0.1991,0.1678,0.1325,0.0965,0.0653,0.0462,0.0449,0.0623,0.0934,0.1305,0.1669,0.1981,0.2215,0.2348,0.2356,0.2198,0.1835,0.1262,0.0577,-0.0009,-0.0285,-0.0202,0.0122,0.0539,0.0956,0.1331,0.1655,0.1932,0.2168,0.237,0.2546,0.2699,0.2833,0.2951,0.2535,0.2298,0.1985,0.1581,0.1084,0.053,0.0003,-0.0352,-0.0399,-0.011,0.0404,0.0986,0.1525,0.197,0.2305,0.2521,0.259,0.2442,0.196,0.1047,-0.0189,-0.1279,-0.1679,-0.1349,-0.0671,0.0036,0.0646,0.1143,0.1542,0.1866,0.2133,0.2356,0.2546,0.271,0.2851,0.2975,0.2667,0.2423,0.207,0.1566,0.0877,0.0013,-0.0915,-0.163,-0.1771,-0.124,-0.0332,0.0598,0.1382,0.1993,0.2453,0.2787,0.2989,0.2971,0.2462,0.1059,-0.1298,-0.354,-0.4036,-0.2969,-0.1587,-0.0453,0.0386,0.1004,0.147,0.1833,0.2124,0.2363,0.2564,0.2735,0.2882,0.301,0.2879,0.2662,0.2305,0.1722,0.081,-0.051,-0.2182,-0.3733,-0.4142,-0.3016,-0.13,0.0185,0.1279,0.2069,0.2658,0.3132,0.357,0.3957,0.384,0.1991,-0.2479,-0.7386,-0.7589,-0.4752,-0.2336,-0.0765,0.0256,0.0954,0.1459,0.1842,0.2146,0.2393,0.26,0.2776,0.2927,0.3057,0.3179,0.3041,0.2756,0.2174,0.1075,-0.0785,-0.3636,-0.7059,-0.825,-0.556,-0.2311,-0.0111,0.1282,0.2221,0.2911,0.3502,0.4213,0.5402,0.6835,0.526,-0.1718,-0.9749,-0.9433,-0.5218,-0.2378,-0.0713,0.0322,0.1016,0.1515,0.1895,0.2198,0.2447,0.2656,0.2833,0.2985,0.3115,0.3553,0.3556,0.3458,0.3036,0.1896,-0.0344,-0.4192,-0.998,-1.257,-0.7377,-0.2655,-0.0068,0.1451,0.2473,0.3226,0.3839,0.4606,0.6344,0.995,0.9161,0.1334,-0.4454,-0.5394,-0.3411,-0.1558,-0.0286,0.0572,0.1177,0.1629,0.1985,0.2277,0.2521,0.2729,0.2906,0.3057,0.3186,0.3958,0.4129,0.4297,0.4226,0.3231,0.0978,-0.2489,-0.7034,-0.8907,-0.5261,-0.1783,0.034,0.1754,0.2834,0.369,0.4251,0.4668,0.5542,0.7101,0.547,0.0185,-0.1871,-0.2038,-0.1397,-0.0491,0.0299,0.0908,0.1383,0.1768,0.2093,0.2371,0.2611,0.2817,0.2993,0.3143,0.3269,0.4341,0.4635,0.4886,0.4986,0.4397,0.2474,-0.0055,-0.2325,-0.3197,-0.2324,-0.0759,0.0754,0.2026,0.3258,0.4543,0.5184,0.4961,0.4684,0.4025,0.1155,-0.4026,-0.3507,-0.1296,-0.0286,0.0332,0.0807,0.1203,0.1559,0.189,0.2196,0.2471,0.2712,0.2919,0.3095,0.3242,0.3365,0.4681,0.5133,0.5512,0.5643,0.5632,0.375,0.1417,-0.051,-0.2108,-0.2383,-0.0756,0.0861,0.203,0.3417,0.6077,0.7451,0.5701,0.4812,0.3773,0.1308,-0.2262,-0.2181,-0.0383,0.0505,0.0876,0.1098,0.1332,0.1623,0.1949,0.2272,0.2567,0.2821,0.3035,0.3211,0.3355,0.3473,0.4932,0.5662,0.7019,0.9624,0.8953,0.4866,0.2084,0.0007,-0.3841,-0.5733,-0.1317,0.0828,0.1579,0.2351,0.5295,0.7436,0.5791,0.5535,0.5014,0.3481,0.1651,0.094,0.1099,0.1188,0.1076,0.0993,0.1135,0.1484,0.191,0.2316,0.2662,0.2944,0.3168,0.3344,0.3483,0.3593,0.4979,0.5754,0.7207,0.9393,0.8592,0.4659,0.2293,0.1296,-0.1148,-0.2983,-0.0268,0.0981,0.0813,-0.0279,0.1343,0.4144,0.5691,0.7364,0.7479,0.564,0.3918,0.2825,0.214,0.1436,0.0602,0.0109,0.0371,0.1067,0.1775,0.2347,0.2777,0.3093,0.3325,0.3496,0.3625,0.3724,0.4807,0.5323,0.6029,0.6531,0.5675,0.3704,0.2306,0.201,0.1629,0.095,0.1238,0.1032,0.058,-0.119,0.0252,0.4062,0.639,1.0973,1.1073,0.7089,0.4962,0.3675,0.2582,0.1114,-0.0958,-0.214,-0.1135,0.0455,0.1652,0.2438,0.2949,0.3287,0.3513,0.367,0.3781,0.3863,0.4544,0.4783,0.4975,0.489,0.4273,0.3309,0.2508,0.2134,0.2139,0.2336,0.2294,0.0682,0.0052,0.1138,0.3155,0.5726,0.687,0.8982,0.9174,0.6746,0.5015,0.389,0.277,0.081,-0.2726,-0.4839,-0.2469,0.0186,0.1786,0.2696,0.3225,0.3541,0.3734,0.3857,0.3942,0.4004,0.4314,0.4391,0.4386,0.4213,0.3834,0.335,0.2949,0.2794,0.3039,0.3673,0.4107,0.3499,0.2645,0.2093,0.4478,0.646,1.1337,0.8279,0.6966,0.5567,0.4276,0.3631,0.3008,0.1486,-0.1372,-0.3131,-0.1295,0.0987,0.2404,0.3191,0.3619,0.3847,0.3969,0.4041,0.4093,0.4135,0.4164,0.4173,0.4123,0.399,0.3785,0.357,0.3451,0.3554,0.4042,0.5142,0.7005,0.6,0.5245,0.4555,0.5498,0.7659,1.015,0.7682,0.5889,0.4411,0.2742,0.2875,0.3249,0.2715,0.1589,0.0934,0.1569,0.2638,0.3428,0.3878,0.4088,0.4156,0.4168,0.4178,0.4204,0.4239,0.4089,0.4082,0.4042,0.3969,0.3884,0.383,0.3878,0.4115,0.4653,0.564,0.695,0.6551,0.7877,0.8763,0.6974,0.7146,0.7107,0.5785,0.4426,0.3794,0.2482,0.281,0.362,0.379,0.3708,0.3769,0.4061,0.4378,0.4579,0.4625,0.4531,0.4362,0.423,0.4197,0.4238,0.43,0.4071,0.4069,0.4055,0.4035,0.4028,0.4066,0.4195,0.4461,0.4906,0.5518,0.6124,0.6751,0.8647,0.9312,0.8625,0.859,0.6829,0.3892,0.1648,0.3352,0.3698,0.3868,0.4329,0.4758,0.5198,0.5678,0.5922,0.5865,0.5662,0.532,0.4831,0.4305,0.3999,0.4014,0.417,0.4317,0.4089,0.41,0.4111,0.413,0.4172,0.4259,0.4418,0.4671,0.5029,0.5475,0.5983,0.6642,0.7583,0.8713,1.1964,1.3411,0.8083,0.4282,0.2623,0.3723,0.4273,0.4671,0.5127,0.567,0.6314,0.6846,0.6979,0.6995,0.6657,0.596,0.4978,0.391,0.3418,0.3658,0.4052,0.4326,0.4127,0.4151,0.4183,0.4228,0.4299,0.441,0.4575,0.4807,0.5109,0.5479,0.5924,0.6489,0.7269,0.8613,1.1336,1.2066,0.8235,0.5402,0.4174,0.4021,0.4674,0.5373,0.5962,0.6527,0.7162,0.7348,0.7362,0.8235,0.7749,0.6667,0.5269,0.3741,0.3103,0.3526,0.4067,0.4404,0.4175,0.4211,0.4257,0.4319,0.4405,0.4525,0.4686,0.4897,0.5159,0.5476,0.5857,0.6327,0.6941,0.7792,0.8726,0.8685,0.7273,0.577,0.4817,0.4674,0.5431,0.6435,0.7077,0.7428,0.8156,0.9611,1.1951,1.111,0.8982,0.7449,0.6014,0.4576,0.3863,0.4011,0.4358,0.4601,0.4225,0.427,0.4326,0.4397,0.449,0.4611,0.4764,0.4954,0.5182,0.5452,0.5767,0.6135,0.6561,0.7014,0.7332,0.7223,0.665,0.5981,0.5584,0.5732,0.6676,0.8219,0.8791,0.8345,0.8864,1.1146,1.4475,1.2433,0.9251,0.7949,0.6862,0.5738,0.5007,0.4789,0.4818,0.4883,0.4275,0.4325,0.4387,0.4463,0.4557,0.4674,0.4816,0.4986,0.5184,0.5411,0.5665,0.5942,0.6229,0.6483,0.6624,0.657,0.6342,0.6098,0.605,0.6434,0.7567,0.9434,0.9941,0.885,0.885,1.0092,1.1203,0.9895,0.8266,0.803,0.7377,0.6504,0.5819,0.5432,0.5254,0.5169,0.432,0.4375,0.4439,0.4516,0.4609,0.4719,0.485,0.5,0.5171,0.536,0.5564,0.5775,0.5976,0.6141,0.6235,0.6237,0.6178,0.6144,0.6262,0.6685,0.7556,0.8679,0.903,0.8553,0.8474,0.8918,0.9165,0.8623,0.81,0.7987,0.7502,0.6831,0.6246,0.5834,0.5572,0.5404]},{"header":{"la1":42.85,"la2":41.18,"lo1":11.55,"lo2":14.05,"nx":36,"ny":24,"dx":0.07143,"dy":0.07261,"parameterCategory":2,"parameterNumber":3,"parameterNumberName":"northward_wind","parameterUnit":"m.s-1"},"data":[-0.1738,-0.1869,-0.2012,-0.2165,-0.2321,-0.2464,-0.2571,-0.2613,-0.2569,-0.2437,-0.2235,-0.1993,-0.1739,-0.1491,-0.1261,-0.1058,-0.0892,-0.0773,-0.0713,-0.0711,-0.0746,-0.0782,-0.0779,-0.0721,-0.0616,-0.0483,-0.034,-0.02,-0.0068,0.0055,0.0168,0.0271,0.0366,0.0453,0.0533,0.0605,-0.1813,-0.1968,-0.2147,-0.2351,-0.2576,-0.2804,-0.2996,-0.3097,-0.3059,-0.2876,-0.2584,-0.2244,-0.1903,-0.1584,-0.1295,-0.1041,-0.0833,-0.0691,-0.0644,-0.0701,-0.0833,-0.096,-0.0998,-0.092,-0.076,-0.057,-0.0381,-0.0207,-0.005,0.0089,0.0214,0.0326,0.0428,0.0519,0.0602,0.0677,-0.1876,-0.2056,-0.2272,-0.2536,-0.2857,-0.3222,-0.3574,-0.3801,-0.3788,-0.3508,-0.3053,-0.2552,-0.2086,-0.1678,-0.1318,-0.0997,-0.0722,-0.0531,-0.049,-0.0653,-0.0987,-0.1311,-0.1408,-0.1249,-0.0965,-0.0672,-0.0415,-0.02,-0.0018,0.0138,0.0274,0.0394,0.0501,0.0597,0.0683,0.076,-0.1922,-0.2122,-0.237,-0.2697,-0.314,-0.3721,-0.438,-0.4897,-0.4957,-0.4468,-0.3686,-0.2914,-0.2278,-0.1768,-0.1333,-0.0929,-0.0544,-0.0236,-0.0154,-0.0483,-0.125,-0.2038,-0.2194,-0.1761,-0.1212,-0.0761,-0.0423,-0.0166,0.0039,0.0208,0.0352,0.0478,0.059,0.0689,0.0777,0.0856,-0.1951,-0.2162,-0.2426,-0.2793,-0.3358,-0.4243,-0.5481,-0.6703,-0.6995,-0.5976,-0.4495,-0.3283,-0.2445,-0.1849,-0.1356,-0.086,-0.0304,0.0272,0.0585,0.0086,-0.1541,-0.3441,-0.3508,-0.2354,-0.1389,-0.0772,-0.0371,-0.0088,0.0128,0.0303,0.0452,0.0581,0.0695,0.0797,0.0886,0.0965,-0.1964,-0.2181,-0.2436,-0.2786,-0.3398,-0.4587,-0.6733,-0.9596,-1.0609,-0.8156,-0.53,-0.3523,-0.2531,-0.1917,-0.1419,-0.0859,-0.0088,0.0992,0.2053,0.1617,-0.1047,-0.4357,-0.4215,-0.2414,-0.1264,-0.0623,-0.0229,0.0045,0.0255,0.0427,0.0575,0.0704,0.082,0.0922,0.1012,0.109,-0.1969,-0.22,-0.2442,-0.27,-0.3173,-0.4383,-0.7177,-1.2166,-1.4538,-0.9667,-0.543,-0.3417,-0.2489,-0.1984,-0.1572,-0.103,-0.0133,0.1409,0.3527,0.3313,0.0646,-0.168,-0.2179,-0.1404,-0.0738,-0.0302,0.0001,0.0231,0.0419,0.058,0.0722,0.0849,0.0964,0.1067,0.1156,0.1234,-0.1961,-0.224,-0.2537,-0.2712,-0.2821,-0.3519,-0.5553,-0.9243,-1.0892,-0.7303,-0.4264,-0.2902,-0.2346,-0.2093,-0.1876,-0.1464,-0.0633,0.0737,0.228,0.2396,0.1941,0.1261,0.023,-0.0127,-0.0073,0.0097,0.0282,0.0455,0.0613,0.0758,0.0893,0.1017,0.1131,0.1233,0.1322,0.1398,-0.191,-0.2243,-0.2687,-0.2978,-0.2623,-0.2488,-0.3043,-0.4032,-0.4245,-0.3318,-0.2544,-0.2249,-0.2219,-0.2301,-0.2403,-0.2224,-0.143,-0.0286,0.0839,0.1898,0.3608,0.3171,0.1471,0.0664,0.0442,0.0465,0.0572,0.07,0.0831,0.096,0.1086,0.1209,0.1323,0.1425,0.1514,0.1586,-0.1779,-0.2089,-0.2469,-0.2672,-0.2266,-0.1549,-0.0994,-0.0778,-0.0598,-0.0609,-0.1179,-0.1767,-0.2217,-0.2594,-0.3152,-0.3401,-0.2189,-0.0947,0.0129,0.1336,0.2793,0.262,0.1514,0.0921,0.075,0.0774,0.0861,0.0961,0.1067,0.1181,0.1302,0.1425,0.1543,0.1648,0.1735,0.1803,-0.1575,-0.183,-0.2174,-0.2661,-0.2379,-0.07,0.089,0.1511,0.1034,0.0831,-0.0389,-0.1599,-0.2408,-0.2907,-0.3305,-0.353,-0.2311,-0.1051,-0.0138,0.054,0.1141,0.1278,0.1054,0.0922,0.0969,0.1085,0.1177,0.1244,0.1319,0.1419,0.1541,0.1672,0.1798,0.1908,0.1995,0.2057,-0.1319,-0.1509,-0.1845,-0.241,-0.1938,0.0527,0.327,0.4855,0.2894,0.1112,-0.0305,-0.1733,-0.278,-0.3533,-0.3442,-0.3049,-0.2027,-0.0209,0.0574,0.0388,0.0437,0.0583,0.0725,0.0953,0.1278,0.1525,0.1577,0.1556,0.158,0.167,0.1804,0.1955,0.2099,0.2218,0.2305,0.2355,-0.103,-0.1095,-0.1168,-0.1091,-0.0222,0.1923,0.5022,0.7985,0.5884,0.1884,-0.0525,-0.1926,-0.2844,-0.3815,-0.3798,-0.377,-0.2397,0.221,0.2596,0.0566,0.0143,0.0233,0.0552,0.1099,0.1827,0.2242,0.2083,0.1868,0.1828,0.1928,0.2099,0.2291,0.2466,0.2599,0.2681,0.2712,-0.0753,-0.0697,-0.0548,-0.0165,0.0708,0.2254,0.4383,0.6341,0.5056,0.1429,-0.0846,-0.1981,-0.2432,-0.4523,-0.4362,-0.6338,-0.4507,-0.0343,0.0938,0.0065,-0.0264,-0.0156,0.0337,0.1185,0.2368,0.2965,0.2462,0.2071,0.2033,0.2195,0.2446,0.271,0.2933,0.3082,0.3148,0.3142,-0.0532,-0.041,-0.0188,0.0207,0.0853,0.1756,0.2732,0.3172,0.2131,0.0185,-0.1143,-0.1771,-0.2589,-0.3044,-0.435,-0.6858,-0.3711,-0.2275,-0.0801,-0.0658,-0.1149,-0.1002,-0.0122,0.0927,0.2025,0.2573,0.2286,0.208,0.219,0.2495,0.2884,0.3264,0.3557,0.3716,0.374,0.3663,-0.038,-0.0246,-0.0041,0.026,0.0657,0.1091,0.1391,0.1255,0.046,-0.0731,-0.1701,-0.1189,-0.1576,-0.2357,-0.2989,-0.3491,-0.2905,-0.1552,-0.0332,-0.0939,-0.3395,-0.2757,-0.0705,0.0542,0.1312,0.1705,0.1803,0.196,0.2333,0.2868,0.3473,0.4036,0.4427,0.457,0.4493,0.4287,-0.0288,-0.0171,-0.0013,0.0183,0.0397,0.0567,0.0591,0.0346,-0.0206,-0.0945,-0.1583,-0.1324,-0.0834,-0.0701,-0.1452,-0.1511,-0.08,0.11,0.2502,0.0516,-0.3583,-0.2811,-0.057,0.0483,0.0896,0.1018,0.1207,0.1714,0.2471,0.3348,0.4281,0.5143,0.5674,0.5727,0.543,0.5,-0.0236,-0.0145,-0.0036,0.008,0.0182,0.0228,0.0166,-0.0044,-0.039,-0.0778,-0.1026,-0.0945,-0.05,-0.03,-0.0047,0.0486,0.1428,0.5084,0.8772,0.4288,0.0926,0.0063,0.0487,0.0773,0.0545,-0.0104,-0.008,0.1147,0.2614,0.3959,0.5336,0.668,0.741,0.72,0.649,0.5732,-0.0206,-0.014,-0.007,-0.0005,0.0038,0.0034,-0.0039,-0.0188,-0.0392,-0.0588,-0.0689,-0.0619,-0.0361,0.0197,0.1781,0.2497,0.2478,0.536,0.7717,0.6104,0.3733,0.2129,0.1553,0.12,0.0144,-0.2398,-0.2928,0.0448,0.303,0.4735,0.6454,0.8385,0.9337,0.8652,0.7413,0.6327,-0.0185,-0.0139,-0.0095,-0.0059,-0.0044,-0.0062,-0.0119,-0.0213,-0.0324,-0.0412,-0.0428,-0.0319,-0.0022,0.0628,0.1808,0.2327,0.2637,0.4481,0.7337,0.8404,0.5071,0.3081,0.2276,0.183,0.0777,-0.2419,-0.318,0.2015,0.444,0.5751,0.7177,0.9088,1.0063,0.9185,0.7782,0.6606,-0.0167,-0.0134,-0.0105,-0.0084,-0.0079,-0.0094,-0.013,-0.018,-0.0229,-0.025,-0.021,-0.007,0.0214,0.0692,0.1307,0.183,0.2523,0.388,0.5758,0.624,0.4472,0.3103,0.2605,0.2596,0.2873,0.3988,0.7596,0.7511,0.6932,0.7165,0.7585,0.8433,0.8998,0.85,0.7499,0.6535,-0.0146,-0.0121,-0.01,-0.0085,-0.008,-0.0086,-0.0102,-0.0119,-0.0126,-0.0104,-0.0031,0.0119,0.0366,0.0722,0.1156,0.1646,0.2273,0.3107,0.3898,0.4016,0.3314,0.2552,0.2386,0.2937,0.4326,0.7456,1.1608,1.0191,0.9508,0.9278,0.8449,0.8029,0.7921,0.7578,0.6956,0.6262,-0.0121,-0.01,-0.0082,-0.0068,-0.006,-0.0055,-0.0053,-0.0046,-0.0024,0.0024,0.0115,0.0264,0.048,0.0768,0.112,0.1533,0.2014,0.2532,0.2935,0.3012,0.2697,0.2161,0.2021,0.2881,0.4545,0.6954,0.9122,1.044,1.2879,1.1963,0.9644,0.8202,0.7487,0.6995,0.6486,0.5951,-0.0092,-0.0073,-0.0055,-0.0039,-0.0025,-0.0011,0.0006,0.0031,0.0071,0.0136,0.0236,0.0379,0.0572,0.0817,0.1111,0.1449,0.1818,0.2181,0.2466,0.2595,0.2542,0.2374,0.2419,0.3122,0.4468,0.6231,0.815,1.0665,1.33,1.2359,0.9947,0.8251,0.7268,0.6638,0.6131,0.5665]}]