docs/data/wind_grid.json
[{"header":{"la1":42.85,"la2":41.18,"lo1":11.55,"lo2":14.05,"nx":36,"ny":24,"dx":0.07143,"dy":0.07261,"parameterCategory":2,"parameterNumber":2,"parameterNumberName":"eastward_wind","parameterUnit":"m.s-1"},"data":[0.3265,0.2983,0.2621,0.2184,0.1693,0.1191,0.0731,0.0368,0.0143,0.0062,0.0105,0.0234,0.0411,0.061,0.0819,0.1036,0.1269,0.1532,0.1839,0.2187,0.255,0.2877,0.3125,0.3281,0.3368,0.342,0.3465,0.3518,0.3585,0.3665,0.3757,0.3858,0.3963,0.407,0.4177,0.4281,0.3579,0.3276,0.285,0.2297,0.1642,0.0943,0.0288,-0.0222,-0.0512,-0.057,-0.0448,-0.0222,0.0043,0.0309,0.0561,0.0805,0.1057,0.135,0.1721,0.2189,0.271,0.3173,0.3472,0.3592,0.3604,0.3583,0.3574,0.3593,0.3643,0.3716,0.3808,0.3913,0.4024,0.4139,0.4253,0.4363,0.4032,0.3732,0.3248,0.2554,0.1663,0.0654,-0.0329,-0.1092,-0.1476,-0.1459,-0.1168,-0.0768,-0.0368,-0.0014,0.0287,0.0545,0.079,0.1081,0.1512,0.2169,0.3,0.374,0.4103,0.4095,0.3932,0.3778,0.3689,0.3666,0.3696,0.3765,0.386,0.3972,0.4092,0.4216,0.4339,0.4457,0.4673,0.4431,0.3924,0.307,0.1849,0.0346,-0.1217,-0.2462,-0.2999,-0.2768,-0.2113,-0.1405,-0.0807,-0.0343,0.0006,0.026,0.0445,0.0643,0.1062,0.1994,0.3476,0.4861,0.5259,0.4851,0.4329,0.3972,0.3785,0.3721,0.3737,0.3807,0.3911,0.4034,0.4168,0.4304,0.4438,0.4565,0.5552,0.5479,0.5049,0.4061,0.2401,0.0127,-0.2481,-0.4746,-0.5586,-0.4746,-0.3305,-0.209,-0.1236,-0.0654,-0.0262,-0.0032,0.002,-0.0078,0.0028,0.1218,0.3999,0.691,0.7097,0.5713,0.4655,0.4088,0.3826,0.374,0.3757,0.3839,0.3959,0.4101,0.4253,0.4405,0.4552,0.469,0.6693,0.6995,0.688,0.5896,0.3706,0.0342,-0.3967,-0.8404,-0.9987,-0.7488,-0.4551,-0.2691,-0.1598,-0.0922,-0.0494,-0.0283,-0.04,-0.1087,-0.2121,-0.11,0.3394,0.8213,0.807,0.5916,0.4639,0.4034,0.3777,0.3708,0.3749,0.3858,0.4006,0.4175,0.4351,0.4524,0.4688,0.4837,0.8039,0.9024,0.973,0.9151,0.6344,0.1649,-0.4432,-1.1644,-1.4517,-0.947,-0.5192,-0.3021,-0.1854,-0.1144,-0.0683,-0.0438,-0.0583,-0.1703,-0.4361,-0.3832,0.1421,0.5103,0.5812,0.493,0.4193,0.3796,0.3633,0.3622,0.3711,0.3864,0.4054,0.4261,0.4469,0.4667,0.4849,0.5012,0.9345,1.1277,1.3612,1.4379,1.0589,0.4269,-0.2268,-0.8526,-1.0926,-0.7768,-0.4831,-0.31,-0.205,-0.1355,-0.0847,-0.0501,-0.0417,-0.0957,-0.2223,-0.1285,0.1897,0.3279,0.3808,0.3814,0.3613,0.3456,0.3413,0.3483,0.3641,0.3859,0.4108,0.4365,0.4613,0.4842,0.5046,0.5221,1.0182,1.2764,1.6697,1.9634,1.4318,0.6705,0.0505,-0.3959,-0.6129,-0.6016,-0.4674,-0.3277,-0.2324,-0.163,-0.0988,-0.052,-0.019,0.0049,0.0325,0.1597,0.3642,0.3583,0.3257,0.3199,0.3126,0.3077,0.3121,0.328,0.3534,0.3845,0.4175,0.4498,0.4797,0.5062,0.5287,0.5474,1.0282,1.264,1.5612,1.7212,1.3843,0.7676,0.1685,-0.3082,-0.7315,-0.8624,-0.5923,-0.3733,-0.2821,-0.2171,-0.0954,-0.0301,-0.01,0.0582,0.1287,0.2203,0.3268,0.3324,0.3,0.2812,0.2661,0.2592,0.2691,0.2972,0.3374,0.3824,0.4269,0.4679,0.5039,0.5342,0.5589,0.5783,0.9821,1.1783,1.428,1.7403,1.6027,0.8199,0.1823,-0.3218,-1.2229,-1.6601,-0.7542,-0.4012,-0.3692,-0.3782,-0.189,-0.0469,-0.0052,0.1134,0.1959,0.2396,0.2727,0.2829,0.268,0.2369,0.1985,0.1774,0.1954,0.2477,0.3146,0.3815,0.4418,0.4935,0.5363,0.5706,0.5969,0.6161,0.9014,1.0632,1.3069,1.6432,1.4789,0.6922,0.1635,-0.0737,-0.6388,-1.0716,-0.5391,-0.3459,-0.482,-0.7875,-0.5792,-0.2062,0.0301,0.2576,0.3394,0.3028,0.2843,0.2731,0.242,0.1719,0.0712,0.013,0.0601,0.1712,0.2874,0.3868,0.4671,0.531,0.5807,0.6181,0.6449,0.6626,0.7974,0.8986,1.0181,1.0853,0.887,0.4566,0.1459,0.0924,-0.0152,-0.2243,-0.198,-0.2157,-0.4027,-0.9419,-0.7253,-0.192,0.0942,0.5451,0.5789,0.3739,0.316,0.2877,0.2289,0.0849,-0.1651,-0.3129,-0.1619,0.0789,0.2714,0.4099,0.511,0.5862,0.6417,0.6806,0.7057,0.7196,0.6909,0.7342,0.7586,0.7198,0.569,0.3474,0.1712,0.1001,0.0791,0.0669,0.051,-0.1061,-0.2036,-0.3806,-0.2522,-0.0709,0.0857,0.373,0.4549,0.3731,0.3451,0.3217,0.2483,0.039,-0.4039,-0.6841,-0.3492,0.0446,0.3022,0.4682,0.5831,0.666,0.7247,0.7624,0.7825,0.7889,0.6017,0.6104,0.5967,0.5438,0.4462,0.3286,0.2346,0.1947,0.2291,0.3501,0.4462,0.2977,0.0125,-0.193,-0.0489,-0.0203,0.4116,0.3111,0.3424,0.3668,0.3891,0.3825,0.3194,0.1422,-0.2176,-0.4467,-0.1768,0.1734,0.414,0.5746,0.6906,0.7768,0.8362,0.869,0.8788,0.8723,0.5365,0.5301,0.5077,0.4652,0.4062,0.3461,0.3085,0.3197,0.4205,0.6974,1.2491,0.8242,0.5368,0.2185,0.1898,0.2528,0.405,0.3436,0.3453,0.3943,0.4611,0.4551,0.4138,0.3346,0.2036,0.1374,0.2534,0.439,0.5975,0.7249,0.8337,0.9239,0.9844,1.0072,0.9979,0.9699,0.493,0.4823,0.4623,0.4332,0.4001,0.3739,0.3701,0.41,0.5271,0.7847,1.184,0.9262,0.8863,0.9281,0.5362,0.4414,0.4056,0.348,0.3143,0.3911,0.4757,0.4819,0.4956,0.5134,0.5344,0.5827,0.6569,0.7313,0.8071,0.8971,1.0047,1.1122,1.1801,1.184,1.1404,1.0786,0.4659,0.4559,0.4411,0.4233,0.4071,0.3999,0.4119,0.4554,0.5433,0.6758,0.7889,0.8045,0.969,1.0247,0.8747,0.8415,0.5915,0.2922,0.0718,0.3378,0.4758,0.5323,0.5967,0.6822,0.7999,0.9374,1.0038,0.9926,1.0,1.0633,1.1875,1.3422,1.4313,1.3975,1.2956,1.1874,0.4503,0.4426,0.4331,0.4236,0.4177,0.4203,0.4373,0.4741,0.5327,0.6048,0.6698,0.7269,0.8147,0.9496,1.4375,1.664,0.8763,0.4131,0.2493,0.4827,0.5675,0.6424,0.7344,0.85,1.0171,1.2311,1.2846,1.1845,1.1501,1.2,1.3479,1.5745,1.6959,1.6004,1.4272,1.2742,0.4424,0.4373,0.4321,0.4283,0.4284,0.4356,0.453,0.4826,0.5239,0.5727,0.6243,0.6832,0.7713,0.9529,1.3583,1.4745,0.943,0.6296,0.6412,0.6982,0.6941,0.8033,0.9175,1.013,1.1386,1.3041,1.3423,1.2752,1.2606,1.303,1.4332,1.6657,1.7936,1.6736,1.4794,1.315,0.4394,0.4367,0.4347,0.4347,0.4383,0.4474,0.4638,0.4881,0.5201,0.5583,0.6022,0.6561,0.7322,0.8495,0.9898,1.0003,0.8384,0.7073,0.6899,0.7271,0.8591,1.0902,1.2246,1.2153,1.2222,1.2899,1.3474,1.3507,1.3732,1.4078,1.4585,1.5715,1.6477,1.5788,1.4401,1.3059,0.4396,0.4388,0.4392,0.4416,0.4471,0.457,0.4722,0.4931,0.5195,0.5512,0.5885,0.6335,0.6894,0.755,0.8101,0.8164,0.7759,0.7455,0.769,0.8778,1.1645,1.6398,1.7981,1.5088,1.3276,1.3339,1.3851,1.4185,1.5689,1.5952,1.5246,1.4947,1.4914,1.4481,1.3636,1.2681,0.4417,0.4425,0.4445,0.4485,0.4552,0.4653,0.4794,0.4978,0.5206,0.5476,0.579,0.6153,0.6561,0.6976,0.7309,0.7476,0.7545,0.7771,0.8488,1.0231,1.41,2.0445,2.2204,1.7188,1.4083,1.3589,1.4172,1.6184,1.9684,1.8774,1.6374,1.4915,1.4184,1.3616,1.2964,1.2246,0.445,0.447,0.4502,0.4552,0.4625,0.4726,0.4859,0.5025,0.5225,0.546,0.5728,0.6026,0.6346,0.6665,0.6955,0.7212,0.7505,0.7994,0.8928,1.0694,1.3779,1.7644,1.8693,1.6135,1.4075,1.3709,1.4651,1.7227,2.0216,1.9213,1.6652,1.4861,1.3803,1.3084,1.2459,1.1851]},{"header":{"la1":42.85,"la2":41.18,"lo1":11.55,"lo2":14.05,"nx":36,"ny":24,"dx":0.07143,"dy":0.07261,"parameterCategory":2,"parameterNumber":3,"parameterNumberName":"northward_wind","parameterUnit":"m.s-1"},"data":[-0.6156,-0.6244,-0.6391,-0.6597,-0.6855,-0.715,-0.746,-0.7766,-0.8053,-0.8317,-0.8562,-0.8797,-0.9025,-0.9246,-0.9458,-0.9654,-0.9826,-0.9967,-1.0071,-1.0139,-1.0183,-1.0224,-1.0285,-1.0377,-1.0496,-1.0631,-1.0771,-1.0908,-1.1035,-1.1152,-1.1258,-1.1353,-1.1436,-1.1509,-1.1573,-1.1628,-0.5774,-0.5854,-0.6012,-0.6256,-0.6578,-0.6952,-0.7344,-0.7716,-0.8043,-0.8324,-0.8574,-0.8811,-0.9047,-0.9281,-0.951,-0.9724,-0.9911,-1.0057,-1.0146,-1.0177,-1.0165,-1.0154,-1.0192,-1.0297,-1.0452,-1.0627,-1.0801,-1.0963,-1.111,-1.124,-1.1355,-1.1456,-1.1543,-1.1618,-1.1681,-1.1735,-0.5316,-0.537,-0.5535,-0.5827,-0.6241,-0.6742,-0.7267,-0.7742,-0.8118,-0.8398,-0.8625,-0.8846,-0.9079,-0.9325,-0.9574,-0.9812,-1.0023,-1.018,-1.0253,-1.0219,-1.0095,-0.9974,-0.9978,-1.0132,-1.0366,-1.0611,-1.0835,-1.1031,-1.1199,-1.1344,-1.1467,-1.1573,-1.1662,-1.1738,-1.1801,-1.1853,-0.476,-0.4758,-0.4908,-0.5255,-0.5805,-0.6513,-0.7273,-0.7935,-0.8371,-0.8595,-0.8737,-0.8904,-0.9122,-0.9375,-0.9645,-0.9915,-1.0166,-1.0359,-1.043,-1.0297,-0.9944,-0.9569,-0.9535,-0.9849,-1.025,-1.0603,-1.089,-1.1121,-1.1311,-1.1468,-1.1598,-1.1707,-1.1797,-1.1872,-1.1932,-1.1981,-0.4088,-0.3969,-0.4051,-0.4439,-0.5183,-0.623,-0.7425,-0.8474,-0.9001,-0.9012,-0.8926,-0.8981,-0.9167,-0.9426,-0.9718,-1.0026,-1.0339,-1.0622,-1.0759,-1.0531,-0.9755,-0.8779,-0.8776,-0.9508,-1.0174,-1.0649,-1.0991,-1.125,-1.1454,-1.1619,-1.1752,-1.1861,-1.195,-1.2021,-1.2077,-1.2121,-0.3296,-0.2951,-0.2838,-0.3202,-0.4198,-0.5756,-0.7699,-0.9609,-1.0345,-0.9716,-0.915,-0.9049,-0.921,-0.9476,-0.9783,-1.0121,-1.0509,-1.0958,-1.1342,-1.115,-0.9962,-0.8268,-0.8366,-0.9484,-1.029,-1.0807,-1.1164,-1.143,-1.1637,-1.1801,-1.1933,-1.2038,-1.2121,-1.2187,-1.2237,-1.2273,-0.2432,-0.1694,-0.1114,-0.1254,-0.2576,-0.4798,-0.7595,-1.0742,-1.192,-1.0251,-0.9229,-0.9071,-0.925,-0.9531,-0.9835,-1.0172,-1.0595,-1.1176,-1.1871,-1.1796,-1.0795,-0.972,-0.9541,-1.012,-1.0679,-1.11,-1.142,-1.1668,-1.1863,-1.2019,-1.2142,-1.2239,-1.2313,-1.237,-1.2411,-1.2438,-0.1651,-0.0383,0.1132,0.1718,-0.0202,-0.3235,-0.6287,-0.9257,-1.0469,-0.957,-0.905,-0.9067,-0.9314,-0.9608,-0.9871,-1.0152,-1.0546,-1.1061,-1.1548,-1.1594,-1.1464,-1.1214,-1.0899,-1.0945,-1.1199,-1.1486,-1.1744,-1.1959,-1.2133,-1.2271,-1.238,-1.2464,-1.2526,-1.257,-1.2599,-1.2615,-0.1217,0.0374,0.2866,0.4776,0.1734,-0.1788,-0.4411,-0.6699,-0.8302,-0.8965,-0.9044,-0.9151,-0.9458,-0.9748,-0.9859,-0.9992,-1.0406,-1.0908,-1.1312,-1.1625,-1.2053,-1.1953,-1.1598,-1.1546,-1.1693,-1.1906,-1.2116,-1.2296,-1.2443,-1.2558,-1.2648,-1.2714,-1.276,-1.2788,-1.2802,-1.2803,-0.1276,-0.0009,0.1642,0.2583,0.0591,-0.1083,-0.262,-0.511,-0.8949,-1.0865,-0.9777,-0.9367,-0.9748,-1.0061,-0.968,-0.9382,-1.0252,-1.0953,-1.14,-1.1711,-1.1973,-1.1973,-1.1901,-1.1975,-1.2149,-1.2348,-1.2528,-1.2673,-1.2788,-1.2877,-1.2943,-1.2987,-1.3013,-1.3022,-1.3018,-1.3002,-0.1634,-0.0893,-0.0588,-0.1442,-0.1327,-0.029,0.0245,-0.2122,-1.2346,-1.7438,-1.0658,-0.9466,-1.0301,-1.1025,-1.0232,-0.9479,-1.0541,-1.1365,-1.1822,-1.1961,-1.2025,-1.2094,-1.221,-1.2398,-1.2623,-1.2826,-1.2975,-1.3081,-1.3161,-1.3222,-1.3262,-1.3282,-1.3284,-1.327,-1.3243,-1.3208,-0.2023,-0.1487,-0.127,-0.157,-0.1131,0.1502,0.5654,0.8062,-0.2295,-1.0938,-0.8653,-0.9146,-1.1076,-1.3634,-1.2603,-1.1058,-1.1268,-1.2481,-1.2952,-1.2566,-1.2403,-1.2458,-1.2628,-1.2873,-1.3139,-1.3334,-1.3434,-1.3497,-1.3551,-1.3589,-1.3604,-1.3596,-1.3569,-1.3527,-1.3476,-1.3418,-0.2374,-0.1849,-0.1395,-0.0929,0.0269,0.3591,1.0049,1.7741,1.1212,-0.0964,-0.62,-0.8787,-1.0487,-1.4529,-1.3295,-1.0917,-1.1391,-1.4624,-1.4871,-1.3183,-1.2837,-1.2906,-1.3098,-1.3358,-1.3623,-1.3763,-1.3815,-1.3884,-1.3951,-1.3982,-1.3971,-1.3927,-1.3863,-1.3787,-1.3707,-1.3625,-0.2727,-0.2192,-0.1592,-0.0774,0.071,0.3597,0.8338,1.3272,0.9657,0.0019,-0.5409,-0.9007,-0.9661,-0.5984,-0.9494,-0.9543,-1.0386,-1.2848,-1.3729,-1.3231,-1.326,-1.3429,-1.3598,-1.3783,-1.389,-1.3867,-1.4019,-1.4252,-1.4391,-1.4419,-1.4367,-1.4269,-1.4154,-1.4037,-1.3926,-1.3821,-0.3117,-0.261,-0.2005,-0.1196,0.0015,0.1814,0.3966,0.4996,0.2454,-0.1863,-0.4376,-0.59,-0.6325,-0.4268,-0.8304,-0.9338,-1.0617,-1.1504,-1.2734,-1.346,-1.3944,-1.4118,-1.4164,-1.4241,-1.4193,-1.4096,-1.4417,-1.4806,-1.4971,-1.4938,-1.4792,-1.4602,-1.4415,-1.4251,-1.4112,-1.3991,-0.3554,-0.3115,-0.2604,-0.1978,-0.1198,-0.0321,0.0332,0.0097,-0.1372,-0.2815,-0.2177,-0.2628,-0.4526,-0.6517,-0.8358,-0.9907,-1.0861,-1.2057,-1.357,-1.4417,-1.4873,-1.4836,-1.4762,-1.4904,-1.5074,-1.5246,-1.5575,-1.5829,-1.5804,-1.5561,-1.5219,-1.4873,-1.4588,-1.4383,-1.4237,-1.4119,-0.4026,-0.3676,-0.3294,-0.2878,-0.2451,-0.2106,-0.2028,-0.2413,-0.3146,-0.3476,-0.264,-0.3711,-0.594,-0.7113,-0.8733,-1.0375,-1.2,-1.4529,-1.662,-1.6018,-1.5176,-1.516,-1.5341,-1.5783,-1.6466,-1.7188,-1.759,-1.7443,-1.6918,-1.6248,-1.5564,-1.4969,-1.4565,-1.436,-1.4262,-1.4189,-0.4512,-0.4254,-0.3994,-0.3749,-0.3551,-0.3465,-0.357,-0.3899,-0.4333,-0.4625,-0.4841,-0.5676,-0.6867,-0.759,-0.9741,-1.1484,-1.3649,-1.8858,-2.3599,-1.8927,-1.6534,-1.5945,-1.6107,-1.6882,-1.8369,-2.0169,-2.0736,-1.9651,-1.8204,-1.6893,-1.5703,-1.4719,-1.4189,-1.4104,-1.417,-1.4203,-0.4992,-0.4815,-0.4656,-0.4533,-0.4472,-0.4509,-0.4675,-0.4965,-0.5328,-0.571,-0.6183,-0.6907,-0.7851,-0.9256,-1.1764,-1.2696,-1.417,-1.8789,-2.1987,-1.9958,-1.7976,-1.6919,-1.6939,-1.7972,-2.038,-2.4088,-2.4929,-2.189,-1.9321,-1.7389,-1.5632,-1.4093,-1.3448,-1.3679,-1.4025,-1.4198,-0.5453,-0.5343,-0.5261,-0.522,-0.5241,-0.5342,-0.5535,-0.5817,-0.6173,-0.6598,-0.7132,-0.7841,-0.8799,-1.0179,-1.1911,-1.2709,-1.4153,-1.7217,-2.0504,-2.1515,-1.8805,-1.753,-1.7541,-1.8581,-2.1023,-2.491,-2.5781,-2.237,-1.9812,-1.7738,-1.5723,-1.3817,-1.3081,-1.3516,-1.4011,-1.4246,-0.5887,-0.583,-0.5804,-0.582,-0.5892,-0.6029,-0.624,-0.6525,-0.6883,-0.732,-0.7862,-0.8545,-0.9414,-1.0488,-1.1631,-1.2676,-1.4144,-1.6348,-1.8772,-1.9509,-1.831,-1.7761,-1.7929,-1.8655,-2.0292,-2.219,-2.2731,-2.1789,-1.9761,-1.7938,-1.6255,-1.4646,-1.3861,-1.3974,-1.4252,-1.4391,-0.629,-0.6274,-0.6289,-0.6345,-0.645,-0.6611,-0.6834,-0.7122,-0.7478,-0.7911,-0.8435,-0.9069,-0.9829,-1.0706,-1.1656,-1.2689,-1.3943,-1.5434,-1.6801,-1.7476,-1.7676,-1.8197,-1.8495,-1.859,-1.9582,-2.1269,-2.289,-2.1604,-1.9006,-1.7757,-1.6763,-1.5675,-1.4929,-1.4669,-1.4626,-1.4594,-0.6661,-0.6677,-0.6723,-0.6807,-0.6934,-0.711,-0.734,-0.7628,-0.7978,-0.8396,-0.8891,-0.9473,-1.0145,-1.0902,-1.1736,-1.2656,-1.3685,-1.4777,-1.5782,-1.6601,-1.7483,-1.8692,-1.9018,-1.8519,-1.8917,-1.996,-2.06,-1.922,-1.7332,-1.7246,-1.6932,-1.6231,-1.5592,-1.5185,-1.4949,-1.4783,-0.7002,-0.7042,-0.7111,-0.7214,-0.7356,-0.7542,-0.7775,-0.806,-0.8399,-0.8798,-0.9261,-0.9793,-1.0395,-1.1066,-1.1801,-1.2602,-1.3461,-1.4349,-1.5218,-1.6077,-1.7037,-1.8021,-1.8344,-1.8116,-1.825,-1.8675,-1.874,-1.7923,-1.7085,-1.7093,-1.6899,-1.6398,-1.5873,-1.5454,-1.5147,-1.4911]}]