docs/data/wind_grid.json
[{"header":{"la1":42.85,"la2":41.18,"lo1":11.55,"lo2":14.05,"nx":36,"ny":24,"dx":0.07143,"dy":0.07261,"parameterCategory":2,"parameterNumber":2,"parameterNumberName":"eastward_wind","parameterUnit":"m.s-1"},"data":[-0.0245,-0.0278,-0.0311,-0.0347,-0.0386,-0.0427,-0.0468,-0.0506,-0.0543,-0.0588,-0.0656,-0.0768,-0.0937,-0.1172,-0.147,-0.1816,-0.218,-0.2521,-0.279,-0.2953,-0.2999,-0.2946,-0.2826,-0.2673,-0.2512,-0.2357,-0.2216,-0.2091,-0.1983,-0.1887,-0.1804,-0.1731,-0.1665,-0.1606,-0.1553,-0.1503,-0.0284,-0.032,-0.0358,-0.0399,-0.0445,-0.0497,-0.0547,-0.0585,-0.0608,-0.0624,-0.0663,-0.0757,-0.0935,-0.1213,-0.159,-0.2052,-0.2559,-0.3042,-0.3414,-0.3609,-0.3614,-0.347,-0.3245,-0.2996,-0.2758,-0.2545,-0.2363,-0.2209,-0.208,-0.197,-0.1875,-0.1794,-0.1721,-0.1657,-0.1599,-0.1546,-0.0337,-0.0379,-0.0421,-0.0469,-0.053,-0.0604,-0.0682,-0.0737,-0.0742,-0.0705,-0.0678,-0.0728,-0.0902,-0.1225,-0.1705,-0.2331,-0.306,-0.3785,-0.4337,-0.457,-0.447,-0.4149,-0.3745,-0.3353,-0.3012,-0.2731,-0.2504,-0.232,-0.2171,-0.2048,-0.1943,-0.1854,-0.1776,-0.1706,-0.1644,-0.1587,-0.0411,-0.046,-0.0508,-0.0562,-0.064,-0.0758,-0.0906,-0.1024,-0.102,-0.0879,-0.0716,-0.0671,-0.0819,-0.1186,-0.1787,-0.2637,-0.3714,-0.4872,-0.5766,-0.6036,-0.5679,-0.5008,-0.431,-0.3718,-0.3253,-0.2898,-0.2628,-0.2419,-0.2254,-0.2119,-0.2007,-0.1912,-0.1829,-0.1755,-0.1688,-0.1628,-0.0515,-0.0576,-0.0627,-0.068,-0.077,-0.0949,-0.1246,-0.1559,-0.1594,-0.1231,-0.0784,-0.0563,-0.0657,-0.1062,-0.1791,-0.2906,-0.4492,-0.6444,-0.8055,-0.8328,-0.734,-0.6006,-0.4872,-0.4038,-0.3448,-0.303,-0.2727,-0.2501,-0.2326,-0.2185,-0.2068,-0.1967,-0.188,-0.1802,-0.1732,-0.1668,-0.0663,-0.0747,-0.0803,-0.0838,-0.0905,-0.1123,-0.1653,-0.2448,-0.2699,-0.1822,-0.0819,-0.0345,-0.0382,-0.0826,-0.1659,-0.3001,-0.516,-0.8381,-1.1479,-1.1604,-0.9252,-0.6901,-0.5276,-0.4233,-0.3558,-0.3108,-0.2794,-0.2565,-0.2388,-0.2245,-0.2125,-0.2021,-0.193,-0.1848,-0.1774,-0.1707,-0.0871,-0.1008,-0.1088,-0.1089,-0.1055,-0.1172,-0.18,-0.3212,-0.3917,-0.2194,-0.0555,0.0086,0.0039,-0.0474,-0.1373,-0.2765,-0.5146,-0.9354,-1.421,-1.4056,-1.0224,-0.7159,-0.532,-0.4231,-0.3561,-0.3129,-0.2833,-0.2616,-0.2446,-0.2305,-0.2183,-0.2076,-0.198,-0.1895,-0.1817,-0.1746,-0.1155,-0.1409,-0.1588,-0.158,-0.1347,-0.1094,-0.1258,-0.2167,-0.2573,-0.0992,0.0373,0.0813,0.0612,-0.0062,-0.1071,-0.231,-0.4175,-0.7494,-1.1402,-1.16,-0.8829,-0.6441,-0.4942,-0.4033,-0.3472,-0.3111,-0.2861,-0.2669,-0.251,-0.237,-0.2245,-0.2133,-0.2032,-0.1941,-0.1859,-0.1784,-0.1504,-0.1989,-0.2456,-0.2612,-0.2122,-0.1191,-0.0426,0.0016,0.0593,0.1419,0.1828,0.1782,0.1339,0.0333,-0.1168,-0.2302,-0.3178,-0.4851,-0.6736,-0.7275,-0.6412,-0.5263,-0.4356,-0.3743,-0.3353,-0.3099,-0.291,-0.2747,-0.2594,-0.245,-0.2316,-0.2195,-0.2086,-0.1989,-0.1901,-0.1822,-0.1844,-0.2676,-0.3761,-0.4612,-0.3914,-0.1801,0.0045,0.158,0.3325,0.4106,0.3416,0.2851,0.232,0.0952,-0.2236,-0.387,-0.2985,-0.3742,-0.4812,-0.521,-0.493,-0.437,-0.3851,-0.3495,-0.3289,-0.3157,-0.303,-0.288,-0.2714,-0.255,-0.2397,-0.2261,-0.2142,-0.2036,-0.1942,-0.1858,-0.2018,-0.3142,-0.4943,-0.7108,-0.6478,-0.2554,0.0096,0.202,0.5624,0.7276,0.4613,0.3829,0.3746,0.2983,-0.0895,-0.3654,-0.2769,-0.4369,-0.555,-0.5328,-0.4601,-0.3954,-0.3542,-0.3376,-0.3371,-0.3381,-0.3291,-0.3105,-0.2884,-0.2673,-0.2488,-0.2331,-0.2197,-0.2082,-0.1982,-0.1893,-0.1877,-0.2952,-0.466,-0.6665,-0.5907,-0.2113,-0.0111,0.0516,0.3229,0.5434,0.4484,0.4612,0.5353,0.6429,0.4663,0.0835,-0.2926,-0.8396,-0.9857,-0.709,-0.4892,-0.3773,-0.3355,-0.3409,-0.3717,-0.3917,-0.3781,-0.3443,-0.3096,-0.2808,-0.258,-0.2397,-0.2248,-0.2124,-0.2018,-0.1925,-0.144,-0.2158,-0.3058,-0.3651,-0.2792,-0.0974,-0.0286,-0.0926,0.024,0.2825,0.4247,0.5398,0.6204,0.7473,0.6491,0.2362,-0.3955,-1.6849,-1.7221,-0.8697,-0.4855,-0.3431,-0.3127,-0.3554,-0.4437,-0.4929,-0.452,-0.3841,-0.3305,-0.2929,-0.2658,-0.2453,-0.2291,-0.216,-0.2049,-0.1952,-0.0877,-0.1228,-0.1521,-0.1492,-0.0915,-0.0158,0.0064,-0.028,0.0511,0.2744,0.4477,0.6093,0.6723,0.8303,0.5563,0.2406,-0.1876,-1.0266,-1.1868,-0.6538,-0.3643,-0.265,-0.2695,-0.3569,-0.5144,-0.5961,-0.51,-0.4081,-0.3423,-0.3004,-0.2711,-0.2492,-0.2322,-0.2185,-0.2072,-0.1975,-0.0341,-0.0455,-0.0472,-0.0296,0.009,0.0521,0.0808,0.1101,0.2016,0.3535,0.476,0.5481,0.598,0.6136,0.485,0.2051,0.0827,-0.1845,-0.3681,-0.2797,-0.1716,-0.1504,-0.1997,-0.3067,-0.4575,-0.5354,-0.4748,-0.396,-0.3415,-0.303,-0.2738,-0.251,-0.2334,-0.2196,-0.2085,-0.199,0.0105,0.0119,0.0214,0.0423,0.0738,0.1109,0.1516,0.2076,0.2998,0.4295,0.5585,0.5731,0.5313,0.4877,0.3905,0.215,0.1088,0.0239,-0.0548,-0.0616,-0.0249,-0.045,-0.1271,-0.233,-0.3411,-0.4037,-0.4036,-0.375,-0.3399,-0.3054,-0.2748,-0.2501,-0.2319,-0.2187,-0.2085,-0.1997,0.0454,0.0533,0.0676,0.0894,0.1186,0.1544,0.1983,0.2561,0.3348,0.4356,0.5343,0.5073,0.3649,0.2896,0.3251,0.2577,0.1775,0.1252,0.0947,0.0415,0.001,-0.017,-0.0891,-0.1929,-0.2989,-0.3773,-0.4079,-0.3932,-0.3551,-0.3124,-0.2742,-0.2449,-0.226,-0.2148,-0.2069,-0.1995,0.0718,0.083,0.0991,0.1207,0.1482,0.1816,0.222,0.2711,0.3288,0.3882,0.4256,0.4025,0.3021,0.2718,0.3312,0.3203,0.2441,0.1922,0.1911,0.1442,0.0669,0.006,-0.0743,-0.1937,-0.3429,-0.484,-0.5296,-0.4707,-0.3906,-0.3231,-0.2697,-0.2322,-0.2135,-0.2074,-0.2037,-0.1984,0.0913,0.1039,0.1203,0.141,0.166,0.1956,0.2298,0.2682,0.3081,0.3431,0.3615,0.3538,0.3302,0.336,0.4241,0.4597,0.3086,0.233,0.2322,0.2681,0.172,0.0579,-0.0565,-0.2085,-0.4296,-0.7006,-0.7595,-0.5728,-0.4252,-0.3301,-0.2606,-0.2129,-0.1962,-0.1985,-0.2001,-0.197,0.1053,0.1182,0.134,0.153,0.1752,0.2005,0.2283,0.2575,0.2855,0.3084,0.3214,0.3234,0.3228,0.3419,0.407,0.4236,0.32,0.2831,0.396,0.4619,0.2561,0.1028,-0.0254,-0.1912,-0.434,-0.739,-0.8029,-0.5701,-0.4232,-0.3272,-0.2555,-0.2045,-0.1891,-0.195,-0.1983,-0.1956,0.1149,0.1274,0.1421,0.1592,0.1784,0.1995,0.2217,0.244,0.2644,0.2808,0.2913,0.2965,0.3009,0.3123,0.3299,0.3241,0.288,0.2798,0.3343,0.3462,0.2332,0.1319,0.0395,-0.1155,-0.3277,-0.4988,-0.5178,-0.4745,-0.3863,-0.3108,-0.2568,-0.2174,-0.2007,-0.1995,-0.1985,-0.1941,0.1211,0.1328,0.1462,0.1611,0.1775,0.1949,0.2127,0.2299,0.2452,0.2574,0.2658,0.2708,0.2742,0.2776,0.2783,0.2694,0.2527,0.2445,0.2482,0.2339,0.1959,0.1937,0.1752,0.0079,-0.2191,-0.3982,-0.4897,-0.4369,-0.322,-0.2729,-0.2493,-0.2271,-0.2118,-0.204,-0.1982,-0.1917,0.1246,0.1353,0.1472,0.1602,0.174,0.1883,0.2025,0.2158,0.2275,0.2367,0.243,0.2466,0.2479,0.2469,0.2425,0.2333,0.2206,0.209,0.1984,0.1855,0.1877,0.2514,0.277,0.0963,-0.1313,-0.298,-0.3704,-0.3141,-0.2225,-0.2252,-0.2324,-0.2241,-0.2126,-0.2032,-0.1953,-0.1876,0.126,0.1356,0.1461,0.1573,0.1689,0.1805,0.1918,0.2022,0.2111,0.2179,0.2224,0.2244,0.2239,0.2207,0.2145,0.2051,0.1931,0.1801,0.1671,0.1572,0.1634,0.1961,0.1908,0.0723,-0.0862,-0.2078,-0.262,-0.2442,-0.2085,-0.2132,-0.2199,-0.2153,-0.2066,-0.1977,-0.1896,-0.1819]},{"header":{"la1":42.85,"la2":41.18,"lo1":11.55,"lo2":14.05,"nx":36,"ny":24,"dx":0.07143,"dy":0.07261,"parameterCategory":2,"parameterNumber":3,"parameterNumberName":"northward_wind","parameterUnit":"m.s-1"},"data":[-0.3301,-0.3204,-0.3093,-0.2969,-0.2843,-0.2729,-0.2651,-0.2635,-0.2699,-0.2845,-0.3054,-0.3299,-0.3556,-0.3805,-0.4036,-0.4245,-0.4425,-0.457,-0.4671,-0.4722,-0.4725,-0.469,-0.4632,-0.4565,-0.45,-0.4442,-0.4396,-0.436,-0.4336,-0.4321,-0.4314,-0.4314,-0.4319,-0.4327,-0.4338,-0.435,-0.3278,-0.3159,-0.3012,-0.2839,-0.2647,-0.2456,-0.2304,-0.224,-0.2305,-0.2505,-0.2805,-0.315,-0.3495,-0.3818,-0.4112,-0.4375,-0.4606,-0.4794,-0.4921,-0.4973,-0.4951,-0.4875,-0.4773,-0.4667,-0.4571,-0.4491,-0.443,-0.4386,-0.4357,-0.4341,-0.4334,-0.4336,-0.4343,-0.4354,-0.4367,-0.4382,-0.3272,-0.3129,-0.2944,-0.2708,-0.2422,-0.2103,-0.1811,-0.1644,-0.1698,-0.1996,-0.2454,-0.2959,-0.3432,-0.3849,-0.4216,-0.4547,-0.485,-0.5107,-0.5281,-0.5332,-0.5262,-0.5113,-0.4939,-0.4775,-0.4639,-0.4534,-0.4458,-0.4407,-0.4375,-0.4358,-0.4354,-0.4358,-0.4369,-0.4384,-0.4401,-0.4419,-0.329,-0.313,-0.2908,-0.2601,-0.2188,-0.1667,-0.1109,-0.0703,-0.0709,-0.1203,-0.1967,-0.2734,-0.3383,-0.3911,-0.4356,-0.4765,-0.5167,-0.5549,-0.5818,-0.5867,-0.5694,-0.541,-0.5122,-0.488,-0.4697,-0.4566,-0.4477,-0.442,-0.4388,-0.4374,-0.4373,-0.4382,-0.4398,-0.4418,-0.444,-0.4462,-0.334,-0.3175,-0.2929,-0.256,-0.2003,-0.1193,-0.0143,0.0827,0.0991,0.0046,-0.1337,-0.2525,-0.3391,-0.4026,-0.4538,-0.5018,-0.555,-0.6156,-0.6644,-0.6683,-0.628,-0.575,-0.5294,-0.4959,-0.4729,-0.4577,-0.4481,-0.4425,-0.4396,-0.4388,-0.4394,-0.441,-0.4432,-0.4459,-0.4486,-0.4513,-0.3428,-0.3276,-0.3036,-0.2643,-0.1983,-0.0863,0.0938,0.3146,0.3847,0.1806,-0.0739,-0.2464,-0.3521,-0.4227,-0.4772,-0.5283,-0.5926,-0.6873,-0.7831,-0.783,-0.695,-0.6042,-0.5396,-0.4979,-0.472,-0.4562,-0.4471,-0.4422,-0.4403,-0.4403,-0.4418,-0.4443,-0.4474,-0.4509,-0.4543,-0.4576,-0.3549,-0.3434,-0.324,-0.2898,-0.2265,-0.1046,0.1301,0.5053,0.6729,0.2944,-0.0777,-0.2759,-0.3832,-0.4546,-0.51,-0.5567,-0.6146,-0.7264,-0.8751,-0.8683,-0.7274,-0.6083,-0.5344,-0.4909,-0.466,-0.4521,-0.4449,-0.4417,-0.4412,-0.4424,-0.445,-0.4486,-0.4527,-0.4571,-0.4614,-0.4653,-0.3693,-0.3631,-0.352,-0.3306,-0.287,-0.1974,-0.0186,0.2711,0.3891,0.0768,-0.2055,-0.3469,-0.4294,-0.5005,-0.5659,-0.6051,-0.6244,-0.6813,-0.783,-0.7802,-0.6703,-0.5721,-0.51,-0.4744,-0.4556,-0.4466,-0.4429,-0.4421,-0.443,-0.4455,-0.4493,-0.4541,-0.4596,-0.4651,-0.4704,-0.4749,-0.3839,-0.3832,-0.3811,-0.3752,-0.3593,-0.3244,-0.2646,-0.2013,-0.2211,-0.3296,-0.3991,-0.4303,-0.4724,-0.556,-0.6777,-0.7301,-0.6669,-0.6201,-0.6239,-0.6134,-0.5639,-0.5103,-0.4727,-0.4522,-0.4441,-0.4426,-0.4436,-0.445,-0.4471,-0.4504,-0.4553,-0.4615,-0.4685,-0.4755,-0.4819,-0.4872,-0.3967,-0.3997,-0.4026,-0.405,-0.409,-0.4209,-0.4487,-0.5171,-0.6539,-0.7059,-0.5795,-0.4862,-0.4825,-0.5862,-0.8778,-1.0275,-0.7485,-0.5842,-0.5267,-0.5,-0.4734,-0.4483,-0.4331,-0.4307,-0.4373,-0.446,-0.4515,-0.4535,-0.4547,-0.4577,-0.4633,-0.4713,-0.4803,-0.4892,-0.497,-0.503,-0.4068,-0.4109,-0.4123,-0.4076,-0.4149,-0.4689,-0.5479,-0.6624,-0.9527,-1.1014,-0.6948,-0.4835,-0.4381,-0.5042,-0.8032,-1.0216,-0.6883,-0.52,-0.4592,-0.4284,-0.4063,-0.394,-0.3969,-0.4165,-0.4449,-0.4672,-0.4742,-0.4708,-0.4667,-0.4674,-0.4738,-0.4842,-0.4962,-0.5076,-0.517,-0.5235,-0.4144,-0.4193,-0.4201,-0.4134,-0.4274,-0.5062,-0.6014,-0.6717,-0.8027,-0.8938,-0.6024,-0.4082,-0.3617,-0.3929,-0.4431,-0.5258,-0.4845,-0.442,-0.4202,-0.3812,-0.3495,-0.3408,-0.3625,-0.4157,-0.4837,-0.5263,-0.5233,-0.4997,-0.4822,-0.4786,-0.4866,-0.5013,-0.5179,-0.5328,-0.544,-0.5505,-0.4203,-0.4272,-0.4337,-0.4426,-0.4722,-0.5404,-0.6269,-0.6863,-0.6668,-0.601,-0.4415,-0.2813,-0.2464,-0.3654,-0.3544,-0.3373,-0.3549,-0.4488,-0.4475,-0.3433,-0.2824,-0.2721,-0.3191,-0.4277,-0.5743,-0.651,-0.6049,-0.5341,-0.4954,-0.4887,-0.5021,-0.5249,-0.5489,-0.5686,-0.5812,-0.5866,-0.424,-0.4329,-0.4442,-0.4614,-0.4921,-0.5414,-0.6021,-0.6502,-0.6202,-0.5066,-0.3644,-0.1808,-0.104,0.1199,-0.1723,-0.2,-0.1964,-0.3289,-0.3536,-0.2492,-0.1648,-0.1563,-0.2411,-0.4173,-0.6683,-0.7903,-0.6707,-0.5461,-0.4945,-0.4945,-0.5219,-0.5597,-0.5953,-0.6208,-0.6336,-0.6348,-0.4252,-0.4346,-0.4467,-0.4634,-0.487,-0.5172,-0.5477,-0.5606,-0.5295,-0.4662,-0.397,-0.2788,-0.133,-0.0055,-0.1143,-0.0448,0.1281,-0.107,-0.1741,-0.0762,0.0704,0.0614,-0.1003,-0.3187,-0.5683,-0.6921,-0.5984,-0.4974,-0.4696,-0.4963,-0.5521,-0.6154,-0.6682,-0.6994,-0.7078,-0.6992,-0.4239,-0.4324,-0.4429,-0.4558,-0.4711,-0.4869,-0.4982,-0.4968,-0.482,-0.4878,-0.5879,-0.3489,-0.2744,-0.1811,-0.1771,-0.0776,0.0452,-0.081,-0.0884,0.1119,0.492,0.3965,0.0649,-0.1709,-0.3371,-0.4182,-0.4072,-0.3911,-0.4232,-0.5003,-0.604,-0.709,-0.7864,-0.8193,-0.8126,-0.7828,-0.4205,-0.4275,-0.4355,-0.4443,-0.4533,-0.4606,-0.4638,-0.4611,-0.4593,-0.4847,-0.5636,-0.4323,-0.3554,-0.3496,-0.2853,-0.2293,-0.1711,-0.1512,-0.104,0.1091,0.5482,0.4398,0.1104,-0.074,-0.1537,-0.1718,-0.1865,-0.2501,-0.3641,-0.5156,-0.6941,-0.8678,-0.9796,-0.9998,-0.9543,-0.8847,-0.416,-0.4213,-0.4269,-0.4324,-0.4372,-0.4401,-0.4401,-0.4377,-0.4365,-0.4417,-0.4406,-0.4021,-0.3796,-0.3825,-0.4086,-0.4072,-0.2894,-0.1948,-0.1831,-0.0534,0.1279,0.1421,0.0324,-0.0364,-0.0058,0.0998,0.1059,-0.0699,-0.3015,-0.548,-0.8327,-1.1205,-1.279,-1.2495,-1.1248,-0.9932,-0.4109,-0.4146,-0.4182,-0.4214,-0.4235,-0.4241,-0.4228,-0.4198,-0.4164,-0.4125,-0.4041,-0.391,-0.3903,-0.4354,-0.6332,-0.7145,-0.397,-0.2047,-0.1447,-0.0485,-0.019,-0.0172,-0.041,-0.0284,0.1201,0.4663,0.5376,0.1057,-0.2714,-0.5936,-0.9863,-1.4313,-1.6416,-1.511,-1.2765,-1.0789,-0.4056,-0.4081,-0.4102,-0.4117,-0.4122,-0.4115,-0.4093,-0.4059,-0.4016,-0.3965,-0.3907,-0.388,-0.4005,-0.458,-0.6047,-0.6403,-0.3999,-0.19,0.0053,0.0746,-0.0325,-0.0757,-0.0907,-0.0638,0.0888,0.4973,0.5912,-0.006,-0.3505,-0.6365,-1.0384,-1.5533,-1.7888,-1.6035,-1.3241,-1.1048,-0.4005,-0.402,-0.403,-0.4033,-0.4029,-0.4014,-0.3988,-0.3952,-0.3909,-0.3863,-0.3826,-0.3828,-0.3933,-0.4223,-0.4611,-0.4434,-0.3332,-0.1936,-0.0609,-0.0186,-0.0737,-0.1114,-0.1285,-0.1362,-0.1275,-0.179,-0.4983,-0.5151,-0.5253,-0.6689,-0.9373,-1.3101,-1.5161,-1.4261,-1.2319,-1.0585,-0.3958,-0.3964,-0.3966,-0.3962,-0.3951,-0.3931,-0.3903,-0.3867,-0.3826,-0.3784,-0.3751,-0.3742,-0.3774,-0.384,-0.3841,-0.3573,-0.2956,-0.2168,-0.1485,-0.1195,-0.1242,-0.1236,-0.1279,-0.1784,-0.2827,-0.5243,-0.8616,-0.7388,-0.6644,-0.7068,-0.8168,-1.0072,-1.1497,-1.1536,-1.0698,-0.9671,-0.3914,-0.3915,-0.3911,-0.3902,-0.3886,-0.3863,-0.3833,-0.3798,-0.3757,-0.3716,-0.3678,-0.3646,-0.3621,-0.358,-0.347,-0.3224,-0.2829,-0.2363,-0.1953,-0.1689,-0.1484,-0.1121,-0.1002,-0.1818,-0.3195,-0.5018,-0.6567,-0.7013,-0.7755,-0.761,-0.7604,-0.8339,-0.9142,-0.9427,-0.9188,-0.8683,-0.3875,-0.3871,-0.3863,-0.385,-0.3832,-0.3807,-0.3776,-0.3741,-0.37,-0.3657,-0.3611,-0.3563,-0.3506,-0.3425,-0.3293,-0.3089,-0.2815,-0.2511,-0.2229,-0.1994,-0.1755,-0.1475,-0.1481,-0.2162,-0.3293,-0.4584,-0.5771,-0.6908,-0.7878,-0.7664,-0.7329,-0.75,-0.7869,-0.8092,-0.806,-0.7833]}]