docs/data/wind_grid.json
[{"header":{"la1":42.85,"la2":41.18,"lo1":11.55,"lo2":14.05,"nx":36,"ny":24,"dx":0.07143,"dy":0.07261,"parameterCategory":2,"parameterNumber":2,"parameterNumberName":"eastward_wind","parameterUnit":"m.s-1"},"data":[3.4868,3.4827,3.4733,3.4584,3.4383,3.4139,3.3857,3.3541,3.3188,3.2798,3.2372,3.1913,3.1427,3.0918,3.0388,2.9844,2.9295,2.8759,2.8254,2.7801,2.742,2.7129,2.6937,2.6833,2.6788,2.6773,2.6765,2.675,2.6724,2.6687,2.6643,2.6593,2.6541,2.649,2.6442,2.64,3.5299,3.5283,3.5196,3.5036,3.4809,3.4532,3.422,3.3875,3.349,3.3057,3.2577,3.2059,3.1512,3.0938,3.0336,2.9709,2.9067,2.8434,2.7837,2.7304,2.6858,2.6535,2.6359,2.6314,2.6344,2.6396,2.6435,2.6452,2.6445,2.642,2.638,2.6333,2.6282,2.6231,2.6183,2.6142,3.5809,3.5834,3.5763,3.5585,3.5315,3.4988,3.4637,3.4268,3.3855,3.337,3.282,3.2227,3.161,3.0967,3.0287,2.9562,2.8801,2.8041,2.733,2.6698,2.6161,2.5776,2.563,2.5696,2.585,2.5995,2.6093,2.6143,2.6153,2.6134,2.6097,2.605,2.5998,2.5946,2.5898,2.5857,3.6422,3.6521,3.6484,3.628,3.5932,3.5514,3.511,3.4738,3.4317,3.3765,3.3104,3.241,3.1715,3.1005,3.0248,2.9413,2.8496,2.7557,2.6705,2.5989,2.5333,2.4811,2.4717,2.4996,2.5339,2.5596,2.575,2.5825,2.5844,2.5827,2.5789,2.5738,2.5684,2.563,2.5582,2.5542,3.7161,3.7402,3.7451,3.7218,3.6719,3.6115,3.5623,3.5317,3.4962,3.4288,3.3421,3.258,3.181,3.1054,3.0239,2.9292,2.817,2.694,2.5881,2.5198,2.4509,2.3712,2.3715,2.4338,2.4888,2.5232,2.5418,2.5498,2.5514,2.5491,2.5446,2.5391,2.5332,2.5276,2.5227,2.5189,3.8039,3.8554,3.8827,3.8599,3.7811,3.6805,3.6107,3.6024,3.595,3.4961,3.3686,3.2672,3.1865,3.111,3.0282,2.9263,2.7913,2.6193,2.4646,2.425,2.4006,2.3203,2.3274,2.4004,2.4581,2.4922,2.5089,2.5148,2.5146,2.511,2.5057,2.4996,2.4933,2.4874,2.4824,2.4789,3.901,4.0018,4.086,4.083,3.9497,3.7649,3.6423,3.6555,3.6992,3.5363,3.363,3.2582,3.1852,3.1162,3.0382,2.9396,2.7967,2.5805,2.347,2.34,2.356,2.3333,2.3481,2.3932,2.4365,2.4622,2.4726,2.474,2.4712,2.4663,2.4604,2.454,2.4474,2.4413,2.4363,2.4331,3.9886,4.1599,4.3676,4.451,4.2077,3.8687,3.649,3.5902,3.5839,3.4274,3.2917,3.226,3.1782,3.1194,3.0461,2.9632,2.8479,2.66,2.4497,2.3447,2.1624,2.1468,2.2757,2.3636,2.4083,2.4246,2.4258,2.4217,2.4169,2.4121,2.4067,2.4006,2.394,2.3878,2.3829,2.3803,4.0318,4.2495,4.5964,4.8631,4.4318,3.937,3.6291,3.4331,3.2805,3.1656,3.1531,3.18,3.1754,3.1199,3.0244,2.9546,2.9086,2.7897,2.59,2.2647,1.7144,1.8069,2.1713,2.3262,2.3688,2.3681,2.3569,2.349,2.346,2.3449,2.3425,2.3378,2.3314,2.325,2.3202,2.3184,4.0085,4.1852,4.4238,4.5598,4.2506,3.9028,3.5935,3.2664,2.8469,2.6822,2.9444,3.1448,3.198,3.1367,2.9273,2.8096,2.9398,2.9116,2.7429,2.4078,1.9542,1.9758,2.2231,2.317,2.3088,2.2711,2.2456,2.2425,2.252,2.2621,2.2664,2.2641,2.2577,2.2505,2.2455,2.245,3.942,4.0488,4.1256,4.1033,4.063,3.8646,3.6218,3.2569,2.2688,1.7705,2.7611,3.1708,3.2676,3.2342,3.0065,2.8301,3.0286,3.0446,2.9365,2.7216,2.4776,2.3734,2.3592,2.297,2.1816,2.0829,2.055,2.085,2.1302,2.1637,2.1785,2.1783,2.1699,2.1604,2.1548,2.1561,3.8669,3.938,3.9994,4.048,4.0098,3.8496,3.7864,3.7488,3.0147,2.4361,3.0055,3.2951,3.3643,3.3706,3.3118,3.2177,3.2056,3.1938,3.128,2.9581,2.7581,2.5877,2.4206,2.1875,1.8945,1.7019,1.7281,1.8644,1.986,2.056,2.0814,2.0784,2.0632,2.0483,2.0415,2.0463,3.795,3.8439,3.8864,3.9076,3.8739,3.8341,3.9389,4.1927,3.9024,3.3928,3.3594,3.4654,3.4672,3.4041,3.3944,3.3719,3.3328,3.3,3.2712,3.0796,2.8691,2.6602,2.3996,1.9731,1.3492,0.9868,1.2354,1.6121,1.8485,1.9541,1.9779,1.9595,1.9279,1.9029,1.8953,1.9075,3.7292,3.7603,3.7829,3.7893,3.7807,3.7955,3.8915,4.037,3.9026,3.5899,3.5069,3.5972,3.6181,3.4245,3.4473,3.4765,3.4383,3.335,3.2537,3.0786,2.8571,2.646,2.3691,1.8153,0.8095,0.2223,0.8366,1.4663,1.7736,1.8747,1.8658,1.8078,1.7444,1.7044,1.6998,1.7285,3.6721,3.6917,3.7044,3.709,3.7112,3.7265,3.7628,3.7806,3.6996,3.5851,3.5487,3.5564,3.5451,3.5875,3.4897,3.5029,3.5474,3.4025,3.2324,2.9799,2.6735,2.5219,2.3794,1.9533,1.1498,0.662,1.0952,1.5813,1.7976,1.8185,1.7274,1.5925,1.4752,1.418,1.43,1.4951,3.6242,3.637,3.6452,3.6491,3.6515,3.6563,3.66,3.6461,3.6054,3.5719,3.5834,3.5891,3.5697,3.5448,3.5103,3.505,3.5216,3.4177,3.2324,2.8113,2.1337,2.204,2.4012,2.244,1.8869,1.6514,1.7277,1.8685,1.8857,1.7593,1.5242,1.2543,1.0519,0.9871,1.0525,1.1938,3.5841,3.5931,3.5987,3.6014,3.602,3.6009,3.5959,3.5834,3.5668,3.5624,3.5792,3.5798,3.6131,3.6279,3.5531,3.5233,3.4995,3.4738,3.3834,2.9218,2.0661,2.1927,2.5024,2.4924,2.3653,2.2706,2.2281,2.1545,1.981,1.6657,1.203,0.6943,0.358,0.3315,0.5367,0.8246,3.5503,3.5569,3.561,3.5627,3.5624,3.56,3.5553,3.5485,3.5434,3.5454,3.5548,3.571,3.6237,3.6428,3.6338,3.6355,3.5817,3.6516,3.8073,3.3861,2.8925,2.7237,2.7356,2.7011,2.6537,2.6505,2.6035,2.4073,2.0711,1.5398,0.7326,-0.2085,-0.7523,-0.6052,-0.0977,0.4271,3.5214,3.5264,3.5296,3.5309,3.5306,3.5289,3.5262,3.5236,3.5233,3.5275,3.5372,3.555,3.5862,3.6397,3.8247,3.9092,3.6768,3.6819,3.7696,3.647,3.3486,3.0984,2.9624,2.8688,2.8326,2.928,2.9388,2.6197,2.1595,1.4457,0.2333,-1.3604,-2.1679,-1.6271,-0.6764,0.1111,3.4962,3.5002,3.5028,3.5041,3.5042,3.5035,3.5025,3.5023,3.5042,3.5094,3.5193,3.5364,3.5674,3.6361,3.7898,3.8379,3.6781,3.6623,3.8455,3.9431,3.5661,3.3041,3.1412,2.999,2.9068,2.9766,2.9967,2.6579,2.2242,1.4953,0.1354,-1.8163,-2.7668,-1.9959,-0.8529,0.0241,3.4738,3.4772,3.4795,3.4808,3.4812,3.4813,3.4815,3.4825,3.4852,3.4904,3.4995,3.5145,3.5399,3.5831,3.6382,3.6486,3.6096,3.6196,3.7213,3.744,3.5731,3.4572,3.353,3.15,2.9342,2.7966,2.6729,2.5706,2.2772,1.7186,0.6785,-0.7995,-1.6313,-1.2578,-0.4691,0.2207,3.4536,3.4565,3.4585,3.4598,3.4605,3.461,3.4617,3.4631,3.4657,3.4703,3.4775,3.4886,3.505,3.5264,3.5456,3.5489,3.5405,3.5468,3.5723,3.5779,3.5913,3.7301,3.7498,3.3908,2.9977,2.7247,2.6018,2.54,2.2959,1.9871,1.3839,0.5139,-0.1015,-0.1318,0.1957,0.5959,3.4351,3.4375,3.4393,3.4405,3.4413,3.4419,3.4426,3.4438,3.4458,3.4491,3.454,3.4608,3.4696,3.4788,3.4851,3.4851,3.4815,3.4825,3.4926,3.5224,3.6421,3.9572,4.0617,3.574,3.0787,2.7615,2.5921,2.419,2.2377,2.1626,1.8403,1.3301,0.9055,0.7448,0.8156,0.9997,3.4178,3.4199,3.4213,3.4223,3.4229,3.4234,3.4239,3.4245,3.4257,3.4274,3.4299,3.433,3.4363,3.4388,3.439,3.4361,3.4319,3.4303,3.4385,3.4737,3.5773,3.7576,3.7789,3.4677,3.0878,2.7947,2.5767,2.3659,2.2303,2.2004,2.0278,1.7338,1.46,1.3044,1.2802,1.3474]},{"header":{"la1":42.85,"la2":41.18,"lo1":11.55,"lo2":14.05,"nx":36,"ny":24,"dx":0.07143,"dy":0.07261,"parameterCategory":2,"parameterNumber":3,"parameterNumberName":"northward_wind","parameterUnit":"m.s-1"},"data":[0.7849,0.7669,0.7465,0.7241,0.7009,0.6796,0.6644,0.66,0.6695,0.6927,0.7252,0.7606,0.7926,0.8169,0.8313,0.8351,0.8293,0.8155,0.7963,0.7752,0.7566,0.7462,0.7487,0.7653,0.7932,0.8273,0.8634,0.8985,0.931,0.9601,0.9857,1.008,1.0272,1.0436,1.0576,1.0695,0.7741,0.7524,0.7265,0.6957,0.6608,0.6253,0.596,0.5825,0.5926,0.627,0.6772,0.7311,0.7782,0.8122,0.8307,0.8336,0.8226,0.8001,0.7694,0.7344,0.7009,0.6794,0.6803,0.7058,0.7481,0.7972,0.8459,0.8906,0.9301,0.9642,0.9931,1.0176,1.0381,1.0553,1.0696,1.0815,0.7654,0.7406,0.7088,0.6676,0.6159,0.5564,0.4996,0.4652,0.4732,0.5275,0.6101,0.6953,0.7654,0.8129,0.8365,0.8374,0.8186,0.784,0.7379,0.6827,0.6232,0.5789,0.5774,0.6225,0.6918,0.7644,0.8302,0.8866,0.9337,0.9727,1.0048,1.031,1.0524,1.0699,1.0841,1.0957,0.7602,0.7338,0.6974,0.6454,0.5713,0.4728,0.3617,0.277,0.274,0.3693,0.5153,0.6542,0.7583,0.8232,0.8522,0.8492,0.8186,0.7672,0.7027,0.6234,0.5188,0.4216,0.4182,0.5108,0.6294,0.7353,0.8215,0.8901,0.9446,0.9878,1.022,1.0492,1.0707,1.0878,1.1015,1.1122,0.7593,0.7347,0.6982,0.6386,0.5399,0.3844,0.1694,-0.0406,-0.0835,0.1103,0.3891,0.6164,0.7652,0.8494,0.883,0.8732,0.8247,0.7474,0.6628,0.5721,0.407,0.1897,0.1964,0.3929,0.5816,0.7231,0.8276,0.906,0.9657,1.0113,1.0462,1.073,1.0937,1.1096,1.1219,1.1313,0.7628,0.7455,0.7178,0.6611,0.5456,0.3272,-0.0526,-0.5553,-0.7291,-0.2748,0.263,0.6074,0.7993,0.899,0.9358,0.9175,0.8437,0.7209,0.5994,0.5425,0.3848,0.059,0.0857,0.3635,0.5873,0.7439,0.8564,0.939,1.0001,1.0453,1.0786,1.1033,1.1216,1.1353,1.1455,1.153,0.7681,0.7657,0.7628,0.7282,0.6139,0.3668,-0.1351,-1.0144,-1.4359,-0.5439,0.2596,0.6681,0.8729,0.9786,1.0197,0.9963,0.8981,0.7198,0.5224,0.5143,0.4751,0.3205,0.3192,0.4865,0.6626,0.8047,0.9128,0.9927,1.0504,1.0914,1.1202,1.1405,1.1549,1.165,1.1722,1.1771,0.7683,0.7867,0.8363,0.8557,0.7376,0.5167,0.1382,-0.4998,-0.7797,-0.1055,0.4978,0.8117,0.9823,1.0886,1.1476,1.132,1.0191,0.8274,0.6331,0.5636,0.4725,0.4477,0.5196,0.6387,0.7754,0.8994,0.9979,1.0697,1.1188,1.1509,1.1716,1.1847,1.1932,1.1985,1.2018,1.2035,0.7512,0.7769,0.8959,1.025,0.8187,0.6523,0.5402,0.4034,0.4119,0.6308,0.8393,0.9844,1.0999,1.2175,1.3442,1.3669,1.2085,0.9998,0.8048,0.5885,0.2644,0.3233,0.5781,0.7587,0.9048,1.0258,1.1158,1.1743,1.2077,1.2246,1.2323,1.2352,1.2358,1.2352,1.2338,1.2319,0.7108,0.6874,0.7179,0.754,0.5754,0.6636,0.823,0.9402,1.068,1.1369,1.1066,1.1207,1.1881,1.3212,1.6277,1.7891,1.4104,1.1454,0.9528,0.717,0.4293,0.4622,0.7017,0.9044,1.0711,1.2,1.2797,1.3142,1.3198,1.3122,1.301,1.2904,1.2814,1.274,1.2676,1.2617,0.6695,0.5623,0.3314,-0.1673,-0.0612,0.617,1.0527,1.2637,1.3891,1.4458,1.2562,1.1959,1.2296,1.3214,1.5942,1.8044,1.4184,1.2253,1.1009,0.9456,0.8025,0.7929,0.9204,1.1105,1.3122,1.4624,1.5186,1.5015,1.456,1.4104,1.374,1.3473,1.3281,1.3138,1.3024,1.2926,0.6662,0.5355,0.2745,-0.1309,0.0192,0.7872,1.3559,1.622,1.5158,1.4132,1.2754,1.2208,1.2473,1.317,1.3265,1.3346,1.2904,1.3101,1.2767,1.1201,1.0041,0.996,1.1165,1.3658,1.6858,1.8964,1.8797,1.7436,1.6086,1.5101,1.4446,1.4019,1.3734,1.3532,1.3376,1.3242,0.7097,0.6228,0.5005,0.4185,0.6102,1.0846,1.5864,1.9497,1.7478,1.4025,1.2465,1.2448,1.2488,1.3261,1.2778,1.1832,1.2168,1.5291,1.5305,1.1982,1.0472,1.05,1.2282,1.6401,2.2642,2.6253,2.3848,2.0083,1.7479,1.5936,1.5034,1.4494,1.4153,1.3917,1.373,1.3566,0.7754,0.7404,0.7181,0.757,0.9208,1.2018,1.5216,1.7697,1.6487,1.3108,1.1697,1.3002,1.3328,0.9621,1.0949,1.0795,1.0975,1.2907,1.3254,1.0867,0.92,0.9348,1.195,1.7881,2.7996,3.3704,2.7828,2.1641,1.8198,1.6398,1.5425,1.4874,1.4536,1.4297,1.4095,1.3903,0.838,0.8349,0.8523,0.9108,1.0248,1.1812,1.3359,1.4111,1.3077,1.0907,0.957,1.005,1.0011,0.8477,1.0152,1.0511,0.9151,1.0394,1.033,0.8099,0.5047,0.5433,0.9559,1.5982,2.4729,2.9578,2.5543,2.0725,1.7913,1.6417,1.5617,1.5178,1.491,1.4699,1.4487,1.4263,0.8865,0.897,0.9234,0.9722,1.0432,1.1227,1.1814,1.1774,1.0726,0.8532,0.5167,0.7928,0.8757,0.9205,0.9691,0.9757,0.9316,0.9913,0.9221,0.4673,-0.4563,-0.2128,0.615,1.2569,1.7897,2.0761,2.0182,1.8432,1.7044,1.6183,1.5714,1.5484,1.5341,1.5172,1.4937,1.4656,0.9201,0.9342,0.958,0.9923,1.0333,1.0701,1.0849,1.0566,0.9661,0.7938,0.5579,0.7208,0.8274,0.837,0.9033,0.9387,0.9889,1.0798,1.0698,0.5453,-0.5938,-0.3092,0.5419,1.0851,1.445,1.6465,1.7027,1.6779,1.6327,1.599,1.5868,1.5908,1.5931,1.5782,1.5468,1.5083,0.9422,0.9552,0.9734,0.9957,1.018,1.0329,1.0308,1.002,0.9413,0.8562,0.7923,0.8095,0.8194,0.8105,0.7795,0.7851,0.9733,1.3146,1.619,1.0916,0.5414,0.4735,0.7769,1.1078,1.3891,1.5869,1.6586,1.6388,1.6081,1.5987,1.617,1.6551,1.6776,1.6563,1.6062,1.5511,0.9564,0.9669,0.9798,0.9935,1.0049,1.0096,1.0024,0.9799,0.9428,0.8995,0.8673,0.8526,0.8321,0.7608,0.4746,0.3508,0.8544,1.2826,1.5042,1.3096,1.0447,0.9082,0.9821,1.1828,1.456,1.7467,1.8132,1.6775,1.6118,1.6116,1.6554,1.7324,1.7757,1.7349,1.658,1.5851,0.9655,0.9735,0.9822,0.9903,0.9958,0.9959,0.9883,0.9719,0.9483,0.9219,0.898,0.8754,0.8388,0.7461,0.5245,0.4693,0.8368,1.1605,1.4146,1.4943,1.2028,1.0342,1.0408,1.1919,1.4538,1.7738,1.8425,1.6492,1.6077,1.6305,1.681,1.7653,1.8138,1.7639,1.6779,1.5998,0.9717,0.9775,0.9833,0.988,0.9902,0.9886,0.982,0.97,0.9539,0.9356,0.9166,0.8949,0.863,0.8095,0.7455,0.7658,0.9183,1.1057,1.2768,1.3065,1.118,0.9428,0.9216,1.0846,1.3284,1.493,1.4569,1.4998,1.6151,1.6819,1.7037,1.734,1.7566,1.7239,1.6589,1.5926,0.9762,0.9803,0.9841,0.9868,0.9875,0.9854,0.9799,0.9712,0.9597,0.9465,0.932,0.9155,0.8956,0.8734,0.8624,0.8896,0.9626,1.051,1.111,1.08,0.9037,0.6219,0.5538,0.8601,1.1948,1.3696,1.3393,1.4718,1.7768,1.8501,1.7818,1.7263,1.7008,1.6698,1.6235,1.5721,0.9797,0.9828,0.9853,0.9868,0.9868,0.9848,0.9805,0.9741,0.9659,0.9565,0.9463,0.9356,0.9253,0.9181,0.921,0.9415,0.978,1.0138,1.0202,0.9535,0.7466,0.3669,0.2562,0.689,1.1036,1.3463,1.478,1.7794,2.2331,2.1452,1.9038,1.7562,1.6814,1.634,1.591,1.548,0.9829,0.9851,0.9868,0.9877,0.9875,0.9859,0.9827,0.9781,0.9724,0.9661,0.9595,0.9534,0.9488,0.9479,0.9534,0.9667,0.9844,0.9958,0.9826,0.9177,0.7679,0.5548,0.5156,0.7786,1.094,1.3423,1.5734,1.9332,2.2957,2.193,1.9359,1.7642,1.6676,1.6082,1.5633,1.524]}]