docs/data/wind_grid.json
[{"header":{"la1":42.85,"la2":41.18,"lo1":11.55,"lo2":14.05,"nx":36,"ny":24,"dx":0.07143,"dy":0.07261,"parameterCategory":2,"parameterNumber":2,"parameterNumberName":"eastward_wind","parameterUnit":"m.s-1"},"data":[0.2569,0.2505,0.243,0.2346,0.2251,0.2147,0.2037,0.1921,0.1794,0.1647,0.1466,0.1235,0.094,0.0576,0.0148,-0.0324,-0.0802,-0.1226,-0.1532,-0.1672,-0.1633,-0.144,-0.1143,-0.079,-0.0424,-0.0068,0.0262,0.056,0.0824,0.1057,0.126,0.1437,0.159,0.1724,0.184,0.1941,0.2609,0.2543,0.2464,0.2371,0.2265,0.2148,0.2026,0.1904,0.1782,0.1646,0.147,0.1227,0.0892,0.0452,-0.0097,-0.0735,-0.1411,-0.203,-0.2475,-0.2651,-0.2541,-0.2206,-0.1742,-0.1234,-0.0737,-0.0281,0.0124,0.0476,0.0779,0.1039,0.1261,0.145,0.1612,0.175,0.1869,0.1971,0.2657,0.2588,0.2504,0.24,0.2276,0.2134,0.1987,0.1853,0.174,0.1634,0.1488,0.125,0.0882,0.0356,-0.0345,-0.1216,-0.2201,-0.315,-0.3832,-0.4051,-0.3785,-0.3187,-0.2451,-0.1716,-0.1049,-0.0473,0.0015,0.0423,0.0764,0.1048,0.1285,0.1483,0.165,0.179,0.1909,0.201,0.2713,0.2645,0.2555,0.2438,0.2287,0.2101,0.1898,0.1723,0.1622,0.1583,0.1512,0.1314,0.0928,0.0318,-0.056,-0.1744,-0.3208,-0.4738,-0.5864,-0.6121,-0.5501,-0.4409,-0.324,-0.2194,-0.1322,-0.0615,-0.0045,0.0415,0.0787,0.1089,0.1337,0.1539,0.1707,0.1845,0.1961,0.2059,0.2779,0.2714,0.2624,0.2496,0.2312,0.2056,0.1736,0.1439,0.1332,0.144,0.1538,0.143,0.1053,0.0375,-0.0677,-0.2229,-0.4387,-0.6947,-0.8953,-0.9199,-0.7779,-0.5799,-0.4003,-0.2581,-0.1496,-0.0669,-0.0031,0.0466,0.0858,0.117,0.1419,0.162,0.1783,0.1916,0.2025,0.2117,0.2856,0.28,0.2717,0.2589,0.2382,0.2046,0.153,0.0932,0.0733,0.1164,0.1592,0.1627,0.1277,0.0565,-0.0601,-0.2466,-0.5412,-0.9539,-1.3194,-1.3268,-1.0279,-0.7001,-0.4505,-0.2747,-0.1502,-0.0597,0.0077,0.059,0.0985,0.1293,0.1535,0.1726,0.1878,0.2,0.21,0.2182,0.2943,0.2902,0.2839,0.2732,0.2542,0.2185,0.1514,0.0495,0.0062,0.1011,0.1827,0.1957,0.1613,0.0905,-0.0257,-0.2184,-0.5497,-1.0832,-1.6261,-1.6068,-1.1481,-0.7274,-0.4431,-0.2559,-0.1281,-0.0373,0.0292,0.0791,0.117,0.146,0.1683,0.1856,0.1991,0.2097,0.2182,0.2252,0.3035,0.3016,0.2983,0.2924,0.2808,0.257,0.2073,0.1241,0.0909,0.1836,0.2495,0.2466,0.2045,0.1359,0.0324,-0.1336,-0.4122,-0.8552,-1.3142,-1.3233,-0.9587,-0.609,-0.3644,-0.1985,-0.0829,0.0002,0.0613,0.1069,0.141,0.1667,0.186,0.2006,0.2116,0.2202,0.2269,0.2324,0.3127,0.313,0.3132,0.3132,0.3125,0.3103,0.3057,0.3042,0.33,0.3695,0.359,0.3094,0.2499,0.1842,0.0986,-0.0287,-0.2182,-0.4704,-0.702,-0.7437,-0.5959,-0.4034,-0.2394,-0.1138,-0.0198,0.0502,0.1024,0.1412,0.1698,0.1908,0.206,0.217,0.225,0.2309,0.2355,0.2393,0.3211,0.3233,0.3264,0.3311,0.3389,0.3535,0.3844,0.4543,0.5766,0.6161,0.4902,0.3661,0.285,0.2252,0.1579,0.0547,-0.0886,-0.2413,-0.3515,-0.3761,-0.3167,-0.215,-0.1099,-0.0191,0.0533,0.1088,0.1503,0.1807,0.2024,0.2174,0.2274,0.234,0.2382,0.241,0.2432,0.2452,0.3284,0.3316,0.3361,0.3427,0.3527,0.3696,0.4038,0.5004,0.7923,0.932,0.5884,0.3898,0.2974,0.2499,0.2105,0.107,-0.0605,-0.2262,-0.297,-0.2613,-0.1769,-0.0826,0.0038,0.0752,0.1308,0.1725,0.2027,0.2236,0.2372,0.2451,0.249,0.2502,0.25,0.2494,0.249,0.2492,0.3342,0.3378,0.3423,0.3481,0.3549,0.3615,0.3649,0.3827,0.5828,0.7359,0.5197,0.3767,0.2892,0.2068,0.2866,0.1415,-0.1335,-0.4624,-0.5188,-0.3134,-0.1183,0.0177,0.1089,0.1701,0.2115,0.2396,0.2579,0.2685,0.2729,0.2726,0.2692,0.2642,0.259,0.2547,0.2518,0.2505,0.3388,0.3422,0.346,0.3499,0.3524,0.3493,0.3305,0.2925,0.3467,0.4438,0.4203,0.3859,0.3317,0.3035,0.4306,0.1322,-0.2483,-0.907,-0.9102,-0.3729,-0.0404,0.1369,0.2275,0.2729,0.2967,0.3093,0.3147,0.3139,0.3079,0.2981,0.286,0.2737,0.2628,0.2546,0.2496,0.2475,0.3426,0.3456,0.3486,0.3511,0.3515,0.3469,0.3331,0.3139,0.3354,0.3829,0.3922,0.4285,0.4243,0.2233,0.2469,0.0044,-0.3035,-0.6124,-0.6073,-0.1684,0.1642,0.3277,0.3801,0.3884,0.3855,0.38,0.3715,0.3586,0.3408,0.3195,0.2969,0.2756,0.2583,0.2465,0.2404,0.2389,0.3459,0.3485,0.351,0.3529,0.3535,0.3517,0.3478,0.3474,0.3624,0.3856,0.3963,0.3854,0.3327,0.2974,0.1853,-0.2828,-0.7564,-0.3418,-0.0913,0.2298,0.536,0.6216,0.5672,0.509,0.4724,0.4487,0.4274,0.4019,0.3705,0.3348,0.2983,0.2655,0.2408,0.2264,0.2213,0.223,0.349,0.3514,0.3537,0.3557,0.3571,0.3581,0.3599,0.3657,0.38,0.4079,0.4574,0.4068,0.3637,0.2962,0.1908,-0.1775,-0.5126,-0.1113,0.2356,0.5978,1.0205,0.9652,0.7381,0.61,0.5475,0.5133,0.4835,0.4452,0.3965,0.3415,0.2858,0.2372,0.2038,0.1892,0.1897,0.1989,0.3521,0.3544,0.3568,0.359,0.3612,0.3638,0.3677,0.3747,0.3875,0.4113,0.4475,0.4077,0.34,0.3107,0.2891,0.1941,0.1444,0.3065,0.5013,0.7323,1.0925,1.0234,0.797,0.6671,0.6056,0.5781,0.548,0.4932,0.4193,0.3373,0.254,0.182,0.1388,0.1298,0.144,0.1671,0.3552,0.3576,0.3601,0.3626,0.3654,0.3687,0.3731,0.3794,0.3881,0.3986,0.4029,0.3844,0.3419,0.3427,0.453,0.5027,0.4813,0.5709,0.6183,0.757,0.8817,0.8728,0.7776,0.6917,0.6532,0.6607,0.6425,0.5519,0.4364,0.3206,0.2008,0.0946,0.0414,0.0497,0.089,0.1324,0.3584,0.3609,0.3636,0.3664,0.3696,0.3733,0.3777,0.3831,0.3893,0.3951,0.3979,0.3976,0.4068,0.4821,0.7346,0.833,0.6717,0.714,0.8002,1.0885,1.0007,0.8816,0.7881,0.7106,0.6887,0.7755,0.7911,0.5999,0.4281,0.2912,0.1404,-0.0048,-0.0644,-0.0284,0.0413,0.1052,0.3617,0.3644,0.3673,0.3704,0.3739,0.3779,0.3826,0.388,0.3941,0.4008,0.4091,0.4237,0.4595,0.553,0.7318,0.7958,0.7466,0.9145,1.4585,1.7046,1.2066,0.9629,0.8417,0.7341,0.6674,0.7655,0.7922,0.4894,0.3487,0.2528,0.1128,-0.0423,-0.103,-0.0547,0.0266,0.0977,0.365,0.3679,0.3711,0.3745,0.3784,0.3829,0.3881,0.3941,0.4014,0.4107,0.4239,0.4457,0.485,0.5522,0.6371,0.6947,0.7586,0.943,1.2693,1.3832,1.1692,1.0444,0.9643,0.7992,0.5865,0.3662,0.0465,0.0766,0.1995,0.2136,0.1347,0.021,-0.0338,-0.0062,0.0553,0.1147,0.3683,0.3714,0.3749,0.3787,0.3831,0.3881,0.3939,0.4009,0.4096,0.421,0.437,0.4605,0.4956,0.5442,0.6011,0.6611,0.7416,0.869,1.0175,1.0928,1.1165,1.2275,1.2458,0.9674,0.5793,0.1369,-0.2568,-0.1177,0.1124,0.1942,0.174,0.1133,0.0732,0.0777,0.1102,0.149,0.3716,0.375,0.3787,0.3829,0.3877,0.3933,0.3998,0.4077,0.4175,0.4303,0.4472,0.4703,0.5012,0.5405,0.5876,0.6432,0.7136,0.8024,0.8977,0.9893,1.13,1.3857,1.4596,1.1098,0.6681,0.2769,0.0309,0.0434,0.1523,0.2128,0.2142,0.186,0.1607,0.1554,0.1681,0.1892,0.3747,0.3784,0.3824,0.387,0.3922,0.3982,0.4053,0.4139,0.4245,0.4378,0.4548,0.4767,0.5044,0.5384,0.5792,0.6278,0.6862,0.7549,0.8324,0.9259,1.0629,1.2343,1.2618,1.0334,0.7182,0.4459,0.2752,0.2249,0.2403,0.2581,0.2561,0.24,0.2233,0.2154,0.2178,0.2273]},{"header":{"la1":42.85,"la2":41.18,"lo1":11.55,"lo2":14.05,"nx":36,"ny":24,"dx":0.07143,"dy":0.07261,"parameterCategory":2,"parameterNumber":3,"parameterNumberName":"northward_wind","parameterUnit":"m.s-1"},"data":[0.2382,0.2602,0.2848,0.311,0.3376,0.3617,0.3798,0.3879,0.3835,0.3667,0.3406,0.3101,0.2793,0.2511,0.2267,0.2063,0.1893,0.1751,0.1627,0.151,0.1395,0.1275,0.1151,0.1021,0.0887,0.075,0.0612,0.0474,0.0337,0.0201,0.0069,-0.006,-0.0183,-0.03,-0.041,-0.0512,0.246,0.2725,0.3033,0.3383,0.3759,0.4128,0.4429,0.4586,0.454,0.4288,0.3893,0.3446,0.3021,0.2656,0.236,0.2127,0.1945,0.18,0.1678,0.1565,0.1448,0.1324,0.119,0.1048,0.0902,0.0753,0.0602,0.0452,0.0303,0.0156,0.0013,-0.0126,-0.0259,-0.0384,-0.0501,-0.061,0.2511,0.2822,0.3202,0.3661,0.4196,0.4771,0.5292,0.5608,0.5574,0.5169,0.4532,0.3853,0.3257,0.2786,0.2432,0.2173,0.1984,0.1845,0.1734,0.1629,0.1513,0.138,0.1232,0.1076,0.0915,0.0751,0.0587,0.0423,0.0261,0.0101,-0.0055,-0.0205,-0.0348,-0.0483,-0.0608,-0.0722,0.2522,0.2872,0.3324,0.3909,0.4654,0.555,0.6481,0.715,0.7178,0.647,0.537,0.4303,0.347,0.2878,0.2473,0.2197,0.201,0.1887,0.18,0.1711,0.1594,0.1445,0.1278,0.1102,0.0923,0.0743,0.0563,0.0385,0.0208,0.0034,-0.0135,-0.0298,-0.0454,-0.0599,-0.0732,-0.0853,0.2478,0.285,0.3355,0.4056,0.504,0.6391,0.8056,0.9534,0.979,0.8413,0.6395,0.4715,0.3596,0.2904,0.2474,0.2199,0.2026,0.1933,0.1888,0.1824,0.1696,0.1518,0.132,0.112,0.0922,0.0725,0.053,0.0336,0.0143,-0.0047,-0.0232,-0.041,-0.0579,-0.0736,-0.0879,-0.1007,0.2369,0.2735,0.3249,0.4007,0.5171,0.7002,0.9754,1.2923,1.3883,1.1003,0.7316,0.487,0.3539,0.2833,0.2435,0.2188,0.2036,0.198,0.2,0.1967,0.1805,0.1579,0.1347,0.1123,0.0908,0.0696,0.0485,0.0274,0.0064,-0.0144,-0.0348,-0.0544,-0.0728,-0.0899,-0.1052,-0.1187,0.2194,0.2516,0.2976,0.3676,0.4818,0.6803,1.0327,1.5532,1.7733,1.2568,0.7194,0.4429,0.3213,0.2668,0.238,0.2184,0.2047,0.2007,0.2078,0.2064,0.1857,0.1591,0.1338,0.1103,0.0876,0.0652,0.0427,0.0198,-0.0032,-0.0262,-0.0487,-0.0704,-0.0908,-0.1093,-0.1258,-0.14,0.1965,0.2211,0.2554,0.3069,0.3904,0.5376,0.807,1.2206,1.3797,0.92,0.5038,0.3262,0.2673,0.2481,0.2362,0.2222,0.2073,0.1986,0.2003,0.1966,0.1772,0.1527,0.1288,0.1058,0.0829,0.0596,0.0356,0.0108,-0.0146,-0.0402,-0.0654,-0.0898,-0.1124,-0.1328,-0.1506,-0.1653,0.1708,0.186,0.2055,0.2315,0.2686,0.324,0.4035,0.4763,0.4178,0.2389,0.16,0.1788,0.2175,0.2431,0.248,0.2353,0.2143,0.1958,0.185,0.1754,0.1603,0.1415,0.1212,0.1,0.0774,0.0533,0.0276,0.0004,-0.0279,-0.0569,-0.0856,-0.1133,-0.1389,-0.1615,-0.1806,-0.1958,0.145,0.1516,0.1574,0.1608,0.1587,0.1422,0.0881,-0.0622,-0.3515,-0.4569,-0.1852,0.0673,0.2079,0.2734,0.2859,0.2631,0.2264,0.1931,0.1711,0.1573,0.1452,0.1313,0.1146,0.095,0.0724,0.0471,0.0192,-0.0111,-0.0433,-0.0767,-0.1101,-0.1422,-0.1716,-0.1969,-0.2174,-0.2329,0.1218,0.1219,0.1185,0.1087,0.0878,0.0466,-0.037,-0.254,-0.8986,-1.2098,-0.4132,0.0537,0.2634,0.3568,0.361,0.3065,0.237,0.1797,0.1495,0.1397,0.1345,0.1259,0.1122,0.0932,0.0697,0.0421,0.011,-0.0234,-0.0609,-0.1004,-0.1402,-0.1784,-0.2128,-0.2414,-0.2633,-0.2783,0.1025,0.0989,0.0913,0.0778,0.0562,0.0266,-0.0051,-0.0607,-0.4665,-0.7703,-0.233,0.1515,0.358,0.4825,0.4729,0.3537,0.2321,0.1306,0.1014,0.1182,0.1296,0.1291,0.1177,0.0973,0.0708,0.0396,0.0041,-0.036,-0.0806,-0.1286,-0.1777,-0.2246,-0.2657,-0.2984,-0.3213,-0.3346,0.0872,0.0823,0.0743,0.0625,0.0477,0.0357,0.0448,0.0917,0.0072,-0.1154,0.0474,0.2672,0.3993,0.5495,0.545,0.3661,0.2176,0.0425,0.0336,0.1054,0.1403,0.1496,0.1371,0.1105,0.0774,0.0407,-0.0002,-0.0475,-0.102,-0.1625,-0.2254,-0.285,-0.3357,-0.3731,-0.3958,-0.405,0.0753,0.0705,0.0638,0.0552,0.0465,0.0422,0.05,0.0688,0.0494,0.0412,0.1465,0.3283,0.4021,0.5658,0.4312,0.3399,0.2641,0.1199,0.0826,0.136,0.1914,0.2093,0.1815,0.1356,0.0902,0.0471,0.0007,-0.0553,-0.1237,-0.2031,-0.2873,-0.3667,-0.431,-0.4735,-0.4931,-0.4935,0.0658,0.0617,0.0566,0.0508,0.0457,0.0432,0.045,0.0479,0.0474,0.0604,0.1036,0.1973,0.3201,0.399,0.3417,0.3484,0.4472,0.2368,0.1442,0.2076,0.3444,0.3585,0.2617,0.1696,0.1074,0.0615,0.0128,-0.0533,-0.1424,-0.2515,-0.3702,-0.481,-0.5651,-0.6114,-0.6212,-0.6044,0.0577,0.0544,0.0506,0.0466,0.0433,0.0413,0.041,0.0411,0.0392,0.0241,-0.0377,0.0821,0.1314,0.2046,0.1968,0.2549,0.3427,0.1531,0.0747,0.2828,0.7027,0.6276,0.3476,0.1921,0.1255,0.0933,0.0511,-0.0285,-0.1509,-0.3085,-0.4843,-0.6469,-0.7595,-0.8034,-0.7888,-0.74,0.0505,0.0477,0.0446,0.0416,0.039,0.0369,0.0354,0.0331,0.0267,0.0056,-0.0378,0.008,-0.0831,-0.1497,-0.0215,0.0035,-0.015,-0.1596,-0.231,0.1157,0.7311,0.6319,0.3135,0.1724,0.1501,0.1709,0.1502,0.0426,-0.1389,-0.3744,-0.6435,-0.8923,-1.0434,-1.0664,-0.9992,-0.8962,0.0435,0.041,0.0383,0.0355,0.0328,0.0302,0.0273,0.0231,0.0156,0.0027,-0.0133,-0.0429,-0.1626,-0.217,-0.2599,-0.3248,-0.3058,-0.5338,-0.8034,-0.3384,0.0971,0.2055,0.1347,0.1151,0.207,0.3572,0.3754,0.1841,-0.1035,-0.4476,-0.8539,-1.2382,-1.4331,-1.3948,-1.234,-1.0542,0.0366,0.0341,0.0314,0.0285,0.0253,0.0218,0.0174,0.0113,0.0024,-0.0112,-0.0328,-0.0741,-0.149,-0.2802,-0.6427,-0.7883,-0.4879,-0.5547,-0.6839,-0.4653,-0.2554,-0.1148,-0.0552,0.0394,0.2835,0.6816,0.7589,0.3428,-0.0824,-0.5184,-1.0682,-1.6163,-1.8428,-1.7028,-1.4298,-1.1751,0.0297,0.027,0.024,0.0207,0.0168,0.0122,0.0063,-0.0017,-0.013,-0.0298,-0.0565,-0.1011,-0.1791,-0.3321,-0.6118,-0.6998,-0.498,-0.4605,-0.4953,-0.5027,-0.3932,-0.3085,-0.2415,-0.0983,0.2005,0.6963,0.7982,0.218,-0.1632,-0.5645,-1.1448,-1.7567,-1.9907,-1.8059,-1.4927,-1.2147,0.0228,0.0198,0.0164,0.0125,0.0078,0.0021,-0.0052,-0.0149,-0.0283,-0.0475,-0.0761,-0.1199,-0.188,-0.2912,-0.4105,-0.4547,-0.4198,-0.4161,-0.4519,-0.4669,-0.4678,-0.5216,-0.5148,-0.3478,-0.1161,-0.0304,-0.3141,-0.3267,-0.3374,-0.5742,-1.0191,-1.5056,-1.7254,-1.6224,-1.3885,-1.1592,0.0159,0.0126,0.0087,0.0041,-0.0013,-0.008,-0.0164,-0.0274,-0.0421,-0.0621,-0.0899,-0.1286,-0.1811,-0.2458,-0.3081,-0.3452,-0.3606,-0.3829,-0.4215,-0.48,-0.6237,-0.8949,-0.9675,-0.6748,-0.4018,-0.421,-0.6624,-0.5592,-0.4523,-0.5623,-0.8342,-1.1418,-1.3186,-1.309,-1.1883,-1.0392,0.0091,0.0054,0.0011,-0.004,-0.0101,-0.0176,-0.0268,-0.0386,-0.0537,-0.0734,-0.099,-0.1317,-0.1719,-0.2168,-0.2599,-0.2952,-0.3259,-0.3632,-0.4204,-0.5277,-0.7636,-1.1536,-1.2582,-0.8812,-0.5539,-0.4694,-0.5174,-0.5005,-0.4738,-0.5401,-0.6948,-0.8744,-0.9985,-1.0284,-0.9828,-0.9007,0.0024,-0.0016,-0.0063,-0.0119,-0.0185,-0.0265,-0.0362,-0.0483,-0.0632,-0.0819,-0.1049,-0.1328,-0.165,-0.1999,-0.2351,-0.2693,-0.3053,-0.3503,-0.4175,-0.5319,-0.7291,-0.9735,-1.0291,-0.8147,-0.5877,-0.4808,-0.4595,-0.4555,-0.4639,-0.5123,-0.6027,-0.7076,-0.7894,-0.8247,-0.8145,-0.774]}]