docs/data/wind_grid.json
[{"header":{"la1":42.85,"la2":41.18,"lo1":11.55,"lo2":14.05,"nx":36,"ny":24,"dx":0.07143,"dy":0.07261,"parameterCategory":2,"parameterNumber":2,"parameterNumberName":"eastward_wind","parameterUnit":"m.s-1"},"data":[1.4664,1.4671,1.4677,1.4679,1.4676,1.4664,1.4637,1.4589,1.4516,1.4419,1.4307,1.4191,1.4083,1.3992,1.3922,1.3875,1.3844,1.3821,1.3798,1.3765,1.3718,1.3655,1.3579,1.3492,1.3399,1.3301,1.3203,1.3104,1.3007,1.2914,1.2825,1.2741,1.2663,1.2591,1.2526,1.2469,1.473,1.4745,1.4759,1.4773,1.4784,1.4788,1.4775,1.4733,1.4652,1.4531,1.4383,1.423,1.4092,1.3983,1.3909,1.387,1.3856,1.3854,1.3849,1.3826,1.3778,1.3706,1.3615,1.3511,1.3402,1.3289,1.3175,1.3064,1.2956,1.2852,1.2754,1.2662,1.2578,1.2501,1.2433,1.2373,1.48,1.4822,1.4847,1.4876,1.4908,1.4939,1.4957,1.4935,1.4848,1.4689,1.4484,1.4272,1.4089,1.3956,1.3879,1.3856,1.3873,1.391,1.3936,1.3926,1.3871,1.3779,1.3663,1.3536,1.3404,1.3272,1.3142,1.3015,1.2894,1.2779,1.2671,1.2571,1.248,1.2398,1.2326,1.2264,1.4872,1.4902,1.4939,1.4984,1.5044,1.512,1.5197,1.523,1.5149,1.4927,1.4618,1.4311,1.4062,1.3898,1.3821,1.3827,1.3899,1.4003,1.4084,1.409,1.4013,1.388,1.3724,1.3562,1.3402,1.3247,1.3097,1.2954,1.2818,1.269,1.2572,1.2463,1.2365,1.2278,1.2203,1.2139,1.4946,1.4984,1.5029,1.5091,1.5181,1.5317,1.5502,1.5666,1.563,1.5287,1.4787,1.4326,1.3989,1.3787,1.3718,1.3772,1.3933,1.4156,1.4335,1.4354,1.4214,1.4005,1.3788,1.3583,1.339,1.3209,1.3038,1.2877,1.2725,1.2584,1.2454,1.2336,1.223,1.2138,1.206,1.1995,1.5021,1.5065,1.5117,1.5187,1.5297,1.549,1.5824,1.6257,1.6364,1.5772,1.4934,1.4268,1.3831,1.3595,1.3542,1.3662,1.3948,1.4358,1.4706,1.4717,1.4445,1.4121,1.3834,1.3584,1.3359,1.3152,1.2958,1.2778,1.261,1.2454,1.2312,1.2184,1.2072,1.1975,1.1895,1.183,1.51,1.515,1.5205,1.5272,1.5374,1.5568,1.5978,1.6697,1.7034,1.607,1.4872,1.405,1.3542,1.3282,1.3254,1.3451,1.3864,1.4457,1.4983,1.4969,1.4567,1.4163,1.3832,1.355,1.3298,1.3067,1.2852,1.2652,1.2466,1.2296,1.2142,1.2004,1.1884,1.1783,1.1702,1.1639,1.5183,1.5242,1.53,1.536,1.5428,1.5534,1.5769,1.6235,1.6394,1.5467,1.4392,1.3614,1.308,1.2796,1.2801,1.3091,1.3602,1.4225,1.4718,1.4746,1.4443,1.4095,1.3772,1.3476,1.3202,1.2947,1.2711,1.2491,1.2289,1.2103,1.1936,1.1788,1.1662,1.1557,1.1476,1.1417,1.5273,1.5345,1.5417,1.5481,1.5524,1.5525,1.5462,1.5305,1.4918,1.4283,1.3658,1.3023,1.2419,1.2056,1.2104,1.256,1.3245,1.3904,1.4319,1.4412,1.4264,1.3992,1.3678,1.3363,1.3064,1.2786,1.2529,1.229,1.207,1.1869,1.1688,1.153,1.1396,1.1289,1.121,1.1158,1.5368,1.5462,1.5562,1.5661,1.5737,1.5735,1.5525,1.4882,1.3754,1.3081,1.2983,1.2405,1.1515,1.0894,1.1007,1.1842,1.2994,1.3991,1.4511,1.4554,1.4315,1.3956,1.3574,1.321,1.2877,1.2574,1.2296,1.2038,1.18,1.1583,1.1388,1.1218,1.1078,1.097,1.0896,1.0855,1.5462,1.5585,1.5728,1.5895,1.6084,1.6258,1.6246,1.5426,1.2709,1.1489,1.261,1.189,1.0283,0.8957,0.9212,1.0917,1.3105,1.4981,1.5715,1.5351,1.4639,1.3976,1.3433,1.2993,1.2623,1.2298,1.2001,1.1726,1.1471,1.1236,1.1025,1.0842,1.0694,1.0587,1.0522,1.0499,1.5548,1.5697,1.5886,1.6134,1.6475,1.6963,1.762,1.7885,1.5221,1.2979,1.305,1.1727,0.9017,0.5893,0.6467,0.9987,1.394,1.7905,1.871,1.6773,1.5021,1.3886,1.316,1.2661,1.2276,1.1941,1.1632,1.1343,1.107,1.0816,1.0585,1.0385,1.0227,1.0122,1.0072,1.0076,1.5614,1.5784,1.6003,1.6304,1.6745,1.7438,1.8556,1.987,1.8536,1.5631,1.3916,1.2516,0.9967,0.4423,0.4923,1.007,1.5043,2.2731,2.2904,1.7775,1.4867,1.3383,1.2608,1.2154,1.1809,1.1488,1.1175,1.0872,1.0584,1.031,1.0052,0.9826,0.9653,0.955,0.9526,0.9572,1.5656,1.5832,1.6059,1.6363,1.6791,1.7414,1.8276,1.9111,1.8403,1.6381,1.4863,1.3733,1.291,0.8453,0.9288,1.1464,1.4184,1.9062,1.9845,1.6157,1.3452,1.2117,1.1648,1.1447,1.1222,1.0929,1.0608,1.0296,0.9998,0.9702,0.9406,0.9136,0.8934,0.8836,0.8854,0.8969,1.5671,1.5842,1.6054,1.6323,1.6667,1.7094,1.7546,1.7784,1.7472,1.7091,1.6894,1.5651,1.319,1.1915,1.1786,1.2461,1.2415,1.43,1.4922,1.2997,1.0487,0.978,1.0281,1.0613,1.0546,1.0245,0.9893,0.9582,0.9298,0.8985,0.8625,0.8269,0.8012,0.7926,0.802,0.8249,1.5663,1.5821,1.6008,1.6231,1.6489,1.6769,1.7025,1.7208,1.7465,1.8534,2.1266,1.9063,1.6982,1.4358,1.3883,1.3375,1.2867,1.3548,1.3135,1.0395,0.5976,0.6603,0.8965,0.9885,0.982,0.9362,0.8931,0.8674,0.8477,0.8168,0.7691,0.7162,0.6797,0.6744,0.6984,0.7404,1.5637,1.5779,1.5942,1.6125,1.6327,1.6539,1.6757,1.7027,1.7549,1.8805,2.0888,1.9398,1.8876,1.8962,1.6453,1.5363,1.4553,1.3991,1.3152,1.0438,0.545,0.6293,0.881,0.9509,0.8984,0.8049,0.749,0.7484,0.7569,0.731,0.6601,0.5718,0.5161,0.5211,0.5736,0.6462,1.56,1.5727,1.5868,1.6023,1.6192,1.6376,1.6587,1.6871,1.732,1.7989,1.8544,1.8504,1.9273,1.9556,1.8862,1.8562,1.6309,1.4424,1.4015,1.2478,1.0062,0.9399,0.9786,0.9396,0.7833,0.5837,0.5155,0.5972,0.6719,0.6556,0.5413,0.3871,0.303,0.3361,0.4381,0.5534,1.5553,1.5667,1.5791,1.5927,1.6074,1.6239,1.6432,1.6676,1.6993,1.7357,1.7663,1.7916,1.8391,1.9326,2.2875,2.4378,1.8347,1.4764,1.3786,1.2834,1.2073,1.1396,1.0793,0.9458,0.6611,0.2672,0.1839,0.4609,0.631,0.6166,0.4396,0.1949,0.0832,0.1649,0.3268,0.484,1.5501,1.5603,1.5713,1.5832,1.5963,1.6108,1.6275,1.6471,1.6701,1.6948,1.7198,1.7499,1.8031,1.9307,2.2227,2.2946,1.8433,1.491,1.2736,1.2151,1.2639,1.2507,1.1845,1.0165,0.6958,0.239,0.1455,0.5445,0.6922,0.6408,0.4193,0.126,0.0036,0.1084,0.2931,0.4639,1.5445,1.5536,1.5633,1.5739,1.5853,1.5978,1.6118,1.6276,1.6451,1.6641,1.6853,1.7129,1.7571,1.8329,1.9242,1.9021,1.7084,1.4921,1.3347,1.2898,1.3392,1.3907,1.3626,1.1898,0.933,0.7848,0.9449,0.9355,0.844,0.7249,0.5147,0.268,0.1528,0.2162,0.3584,0.502,1.5385,1.5466,1.5552,1.5644,1.5743,1.5849,1.5965,1.6091,1.6227,1.6375,1.6542,1.6746,1.7014,1.7327,1.7494,1.7134,1.6157,1.5009,1.4177,1.4016,1.4785,1.639,1.6715,1.4324,1.1553,1.0677,1.1818,1.1059,0.9559,0.8201,0.6565,0.4879,0.3935,0.4058,0.4843,0.5812,1.5322,1.5394,1.5469,1.5549,1.5633,1.5722,1.5816,1.5915,1.602,1.6129,1.6246,1.6372,1.6499,1.6584,1.6525,1.6209,1.5645,1.5025,1.4623,1.4743,1.5834,1.806,1.8692,1.5901,1.2904,1.1409,1.1156,1.0762,0.9921,0.8914,0.7776,0.668,0.5975,0.5849,0.6185,0.6748,1.5257,1.532,1.5385,1.5453,1.5523,1.5596,1.5671,1.5747,1.5824,1.59,1.5972,1.6034,1.6073,1.6056,1.5938,1.5687,1.533,1.4974,1.4782,1.496,1.5749,1.6987,1.7193,1.5501,1.3392,1.1958,1.1229,1.0733,1.0153,0.9451,0.8678,0.7952,0.7439,0.7244,0.7344,0.764]},{"header":{"la1":42.85,"la2":41.18,"lo1":11.55,"lo2":14.05,"nx":36,"ny":24,"dx":0.07143,"dy":0.07261,"parameterCategory":2,"parameterNumber":3,"parameterNumberName":"northward_wind","parameterUnit":"m.s-1"},"data":[-0.4027,-0.4053,-0.4091,-0.4141,-0.4201,-0.427,-0.4345,-0.4424,-0.4505,-0.4588,-0.4669,-0.4749,-0.4824,-0.489,-0.4943,-0.4981,-0.5003,-0.501,-0.5004,-0.4986,-0.4958,-0.4918,-0.4868,-0.4807,-0.4737,-0.4659,-0.4574,-0.4485,-0.4393,-0.4299,-0.4206,-0.4115,-0.4026,-0.3942,-0.3863,-0.379,-0.395,-0.3975,-0.4015,-0.407,-0.4139,-0.4221,-0.431,-0.4401,-0.4493,-0.4585,-0.4679,-0.4771,-0.486,-0.4937,-0.4999,-0.5041,-0.5063,-0.5067,-0.5057,-0.5036,-0.5005,-0.4962,-0.4907,-0.484,-0.4762,-0.4674,-0.4579,-0.4478,-0.4375,-0.4271,-0.4168,-0.4067,-0.3971,-0.3879,-0.3794,-0.3716,-0.3857,-0.3879,-0.392,-0.3982,-0.4065,-0.4165,-0.4274,-0.4383,-0.4485,-0.4585,-0.4688,-0.4795,-0.4899,-0.4992,-0.5063,-0.5108,-0.5126,-0.5122,-0.5104,-0.5079,-0.5047,-0.5003,-0.4945,-0.4872,-0.4784,-0.4685,-0.4578,-0.4466,-0.435,-0.4234,-0.4119,-0.4008,-0.3902,-0.3803,-0.3712,-0.3629,-0.3747,-0.3762,-0.3802,-0.3871,-0.3973,-0.4103,-0.4247,-0.4382,-0.4493,-0.4591,-0.4698,-0.482,-0.4945,-0.5056,-0.5138,-0.5182,-0.5189,-0.5166,-0.5132,-0.5103,-0.5076,-0.5038,-0.498,-0.4901,-0.4803,-0.4692,-0.4571,-0.4444,-0.4314,-0.4185,-0.4057,-0.3935,-0.3819,-0.3712,-0.3614,-0.3526,-0.3615,-0.3617,-0.3651,-0.3726,-0.3852,-0.4029,-0.4239,-0.4429,-0.4547,-0.4615,-0.471,-0.4848,-0.5001,-0.5137,-0.5231,-0.5269,-0.5249,-0.5184,-0.5117,-0.5088,-0.5084,-0.5064,-0.5012,-0.4927,-0.4818,-0.4692,-0.4555,-0.4411,-0.4266,-0.4121,-0.3979,-0.3844,-0.3717,-0.3601,-0.3496,-0.3404,-0.3458,-0.3438,-0.3454,-0.3525,-0.3674,-0.3918,-0.4247,-0.4566,-0.4694,-0.4668,-0.4722,-0.4882,-0.5075,-0.5242,-0.535,-0.5379,-0.5315,-0.5168,-0.5028,-0.5011,-0.5066,-0.5085,-0.5041,-0.4948,-0.4825,-0.4682,-0.4526,-0.4365,-0.4201,-0.4038,-0.3881,-0.3732,-0.3593,-0.3467,-0.3356,-0.326,-0.3275,-0.3217,-0.3197,-0.3241,-0.3389,-0.3688,-0.4164,-0.4705,-0.4882,-0.4702,-0.4723,-0.493,-0.5177,-0.5385,-0.5513,-0.5534,-0.5424,-0.5178,-0.4928,-0.4931,-0.5065,-0.5117,-0.5072,-0.4965,-0.4823,-0.4659,-0.4482,-0.43,-0.4115,-0.3934,-0.3759,-0.3593,-0.3441,-0.3305,-0.3187,-0.3088,-0.3068,-0.2954,-0.2867,-0.2841,-0.293,-0.3207,-0.3725,-0.436,-0.4631,-0.4575,-0.4717,-0.501,-0.5326,-0.5583,-0.5735,-0.5759,-0.5636,-0.537,-0.5096,-0.5064,-0.5162,-0.5182,-0.5108,-0.4975,-0.4807,-0.4618,-0.4418,-0.4212,-0.4005,-0.3801,-0.3606,-0.3422,-0.3256,-0.3109,-0.2985,-0.2884,-0.2848,-0.2657,-0.2467,-0.2309,-0.2245,-0.2371,-0.2785,-0.3433,-0.4035,-0.4457,-0.4776,-0.514,-0.5536,-0.5852,-0.603,-0.606,-0.5948,-0.5729,-0.5503,-0.5388,-0.5344,-0.5271,-0.5142,-0.497,-0.4771,-0.4555,-0.4329,-0.4097,-0.3865,-0.3636,-0.3416,-0.3212,-0.3028,-0.287,-0.2741,-0.264,-0.2634,-0.2349,-0.2022,-0.1664,-0.1322,-0.112,-0.1322,-0.2316,-0.4064,-0.5054,-0.5024,-0.5315,-0.5815,-0.6205,-0.6396,-0.6415,-0.6288,-0.6062,-0.5832,-0.5653,-0.5505,-0.5345,-0.5156,-0.4941,-0.4709,-0.4464,-0.4211,-0.3951,-0.3689,-0.343,-0.3181,-0.2951,-0.2748,-0.2578,-0.2444,-0.2348,-0.2451,-0.2072,-0.1591,-0.0983,-0.0233,0.0591,0.1087,-0.0141,-0.506,-0.7214,-0.5266,-0.5458,-0.6161,-0.6645,-0.6797,-0.6792,-0.6593,-0.6221,-0.5922,-0.5752,-0.5582,-0.537,-0.5129,-0.4875,-0.4612,-0.434,-0.4059,-0.3768,-0.3472,-0.3176,-0.2891,-0.2628,-0.24,-0.2217,-0.2082,-0.1996,-0.2334,-0.1878,-0.1266,-0.0422,0.0774,0.2476,0.4695,0.5844,0.0139,-0.458,-0.456,-0.5478,-0.6486,-0.7201,-0.7062,-0.7177,-0.6857,-0.5903,-0.5525,-0.5654,-0.5569,-0.5326,-0.5042,-0.4758,-0.4473,-0.4179,-0.3871,-0.3547,-0.3209,-0.2866,-0.2531,-0.2224,-0.1965,-0.1767,-0.1636,-0.157,-0.2308,-0.1818,-0.1144,-0.0177,0.1269,0.3526,0.7026,1.0897,0.7316,-0.02,-0.3924,-0.5179,-0.6164,-0.7126,-0.6979,-0.7855,-0.7491,-0.4768,-0.4574,-0.5535,-0.5499,-0.5184,-0.4867,-0.4575,-0.4287,-0.3982,-0.3652,-0.3291,-0.2899,-0.249,-0.2084,-0.1714,-0.1411,-0.1198,-0.1081,-0.1051,-0.2387,-0.1918,-0.1275,-0.0365,0.0967,0.2948,0.5719,0.8407,0.6045,-0.0678,-0.4492,-0.461,-0.4641,-0.8002,-0.8295,-0.9933,-1.0712,-0.7118,-0.5767,-0.5785,-0.5298,-0.4857,-0.4567,-0.4321,-0.406,-0.3762,-0.3415,-0.301,-0.2546,-0.204,-0.1526,-0.1058,-0.0692,-0.0465,-0.0383,-0.0419,-0.2563,-0.2163,-0.1635,-0.0928,0.0016,0.1218,0.2471,0.2822,0.0511,-0.3511,-0.6123,-0.7008,-0.8246,-1.0931,-0.9773,-1.4263,-1.9792,-1.2007,-0.7593,-0.5704,-0.4604,-0.4218,-0.4135,-0.4015,-0.3816,-0.3548,-0.3195,-0.2736,-0.2166,-0.1508,-0.082,-0.0194,0.0265,0.0494,0.0501,0.0347,-0.2812,-0.2511,-0.2138,-0.1688,-0.1179,-0.0706,-0.0542,-0.1226,-0.3197,-0.5872,-0.7725,-0.867,-0.9213,-1.0185,-1.0559,-1.3711,-1.7055,-1.1323,-0.6904,-0.4667,-0.3391,-0.3424,-0.3689,-0.3711,-0.3605,-0.3412,-0.3076,-0.2536,-0.1793,-0.0892,0.0084,0.0972,0.1569,0.1764,0.1612,0.1255,-0.3102,-0.2904,-0.2686,-0.2466,-0.2294,-0.2274,-0.2593,-0.3472,-0.4973,-0.6731,-0.7908,-0.8896,-1.2351,-1.4016,-1.1223,-1.083,-1.006,-0.6785,-0.399,-0.3407,-0.3109,-0.3179,-0.3376,-0.3454,-0.3507,-0.3521,-0.3257,-0.2542,-0.1483,-0.0194,0.1245,0.2572,0.3362,0.3423,0.2956,0.2272,-0.34,-0.3296,-0.3205,-0.3155,-0.3192,-0.3395,-0.386,-0.4661,-0.5766,-0.6978,-0.8103,-0.9673,-1.3189,-1.41,-1.1501,-1.0353,-0.7645,-0.2734,0.0354,-0.1472,-0.2461,-0.2841,-0.3036,-0.3226,-0.3634,-0.4262,-0.4187,-0.2919,-0.1237,0.0576,0.2664,0.4674,0.5692,0.5411,0.441,0.3277,-0.3683,-0.3653,-0.3654,-0.3712,-0.3862,-0.4152,-0.4625,-0.5302,-0.6149,-0.7088,-0.8096,-0.9323,-1.0721,-1.1342,-1.235,-1.2851,-0.7866,-0.2371,0.0337,0.0708,-0.0812,-0.203,-0.2569,-0.2931,-0.3859,-0.599,-0.6384,-0.3378,-0.076,0.1397,0.4051,0.6841,0.8034,0.7217,0.56,0.4042,-0.3935,-0.3959,-0.402,-0.414,-0.434,-0.4648,-0.5082,-0.5645,-0.6313,-0.7051,-0.7838,-0.8666,-0.9454,-1.0211,-1.1591,-1.1715,-0.7509,-0.2544,0.2688,0.4482,0.0584,-0.1457,-0.2156,-0.2386,-0.308,-0.5773,-0.6377,-0.1445,0.0731,0.2222,0.4679,0.7638,0.8853,0.7819,0.5996,0.4311,-0.4149,-0.4208,-0.4306,-0.4454,-0.4668,-0.4962,-0.5343,-0.5805,-0.6333,-0.6901,-0.7482,-0.8045,-0.8549,-0.8996,-0.9301,-0.8624,-0.6203,-0.2792,0.0733,0.1764,-0.0214,-0.1666,-0.2057,-0.1743,-0.0841,0.1182,0.5844,0.5316,0.3273,0.2962,0.4307,0.6405,0.7442,0.6815,0.5424,0.4011,-0.4324,-0.4405,-0.4519,-0.4676,-0.4885,-0.515,-0.5474,-0.5849,-0.6261,-0.6688,-0.7103,-0.7472,-0.7754,-0.7888,-0.7723,-0.696,-0.5434,-0.3454,-0.171,-0.1111,-0.1693,-0.2411,-0.2515,-0.1667,0.0544,0.5199,1.0637,0.8473,0.4773,0.3336,0.3601,0.4629,0.5304,0.51,0.4298,0.3324,-0.4463,-0.4553,-0.4672,-0.4826,-0.5018,-0.525,-0.5519,-0.5819,-0.6135,-0.6448,-0.6733,-0.6958,-0.7081,-0.7041,-0.6747,-0.6095,-0.5079,-0.3887,-0.2875,-0.2379,-0.2448,-0.2833,-0.2942,-0.1963,0.0299,0.3743,0.6564,0.6122,0.4238,0.308,0.29,0.3263,0.3593,0.3541,0.3121,0.2511,-0.4568,-0.466,-0.4777,-0.492,-0.509,-0.5288,-0.5508,-0.5744,-0.5982,-0.6205,-0.6392,-0.6515,-0.6539,-0.6422,-0.6117,-0.5593,-0.4878,-0.4081,-0.3373,-0.2896,-0.2694,-0.2702,-0.2607,-0.1855,-0.0291,0.1717,0.3244,0.3502,0.2929,0.2374,0.2182,0.2268,0.2389,0.2355,0.212,0.1741]}]