docs/data/wind_grid.json
[{"header":{"la1":42.85,"la2":41.18,"lo1":11.55,"lo2":14.05,"nx":36,"ny":24,"dx":0.07143,"dy":0.07261,"parameterCategory":2,"parameterNumber":2,"parameterNumberName":"eastward_wind","parameterUnit":"m.s-1"},"data":[1.6539,1.6448,1.6334,1.6197,1.6042,1.588,1.5721,1.5578,1.5456,1.5353,1.5257,1.5152,1.5019,1.4843,1.4613,1.4316,1.3945,1.3496,1.2976,1.2412,1.187,1.1451,1.1242,1.1264,1.1462,1.175,1.2059,1.2349,1.2603,1.2818,1.3,1.3152,1.3282,1.3394,1.3491,1.3578,1.6656,1.656,1.643,1.6265,1.6072,1.5863,1.5661,1.5488,1.5358,1.5269,1.5201,1.5125,1.5015,1.4849,1.4609,1.4282,1.3851,1.3301,1.2619,1.1819,1.0993,1.0344,1.0081,1.0237,1.0661,1.1168,1.1647,1.2053,1.2383,1.2648,1.2861,1.3035,1.3179,1.3301,1.3407,1.35,1.6804,1.6707,1.6561,1.6362,1.6111,1.5828,1.5549,1.532,1.5177,1.512,1.5106,1.5085,1.5017,1.4874,1.4637,1.4286,1.3799,1.3146,1.2273,1.1118,0.9757,0.862,0.8283,0.8785,0.9663,1.0529,1.1238,1.1781,1.2188,1.2497,1.2736,1.2926,1.3081,1.3212,1.3324,1.3422,1.6994,1.6907,1.6753,1.6512,1.6179,1.5775,1.5355,1.5014,1.4846,1.4857,1.4952,1.5028,1.5027,1.4925,1.4703,1.4342,1.3816,1.3089,1.2058,1.0453,0.806,0.5757,0.5376,0.6801,0.8551,0.9934,1.0904,1.1571,1.2038,1.2376,1.263,1.2829,1.299,1.3125,1.3242,1.3344,1.7235,1.7182,1.7041,1.6765,1.6324,1.5729,1.5051,1.4463,1.4232,1.4409,1.4722,1.4954,1.5049,1.5004,1.4814,1.446,1.3918,1.3178,1.2182,1.0329,0.6258,0.1168,0.1097,0.4676,0.7695,0.9586,1.0738,1.1465,1.1947,1.2287,1.2541,1.2739,1.2902,1.3039,1.3159,1.3265,1.7533,1.7556,1.7478,1.72,1.6634,1.5773,1.4672,1.3557,1.3158,1.3747,1.4449,1.4887,1.5092,1.5114,1.497,1.4646,1.4106,1.3376,1.2693,1.149,0.658,-0.1567,-0.1092,0.425,0.7776,0.9711,1.0809,1.1475,1.1913,1.2224,1.2461,1.2653,1.2813,1.295,1.3072,1.3181,1.7876,1.8034,1.812,1.7931,1.7243,1.6072,1.4527,1.2752,1.2073,1.3232,1.4273,1.4862,1.516,1.5243,1.5153,1.4896,1.4407,1.3635,1.2997,1.2756,1.0048,0.5325,0.4418,0.6904,0.9013,1.0302,1.1073,1.1562,1.1902,1.2163,1.2376,1.2558,1.2715,1.2854,1.2978,1.3091,1.8217,1.8553,1.8937,1.9024,1.82,1.6693,1.4991,1.3394,1.2797,1.3438,1.4228,1.4866,1.5244,1.536,1.53,1.5149,1.4848,1.4239,1.3517,1.3314,1.3222,1.2065,1.044,1.0171,1.0582,1.1021,1.1358,1.1623,1.1853,1.2066,1.2263,1.2442,1.2602,1.2745,1.2874,1.2992,1.8483,1.894,1.9558,1.9988,1.9057,1.7325,1.5553,1.4062,1.3134,1.3052,1.3864,1.4817,1.5336,1.5417,1.5255,1.5178,1.5267,1.5113,1.4732,1.4685,1.5595,1.5122,1.322,1.2099,1.1631,1.1455,1.1433,1.1523,1.1689,1.1892,1.21,1.2293,1.2466,1.2619,1.2755,1.2879,1.8635,1.911,1.9634,1.9887,1.9396,1.776,1.5737,1.3534,1.0832,1.007,1.2674,1.4771,1.5482,1.5391,1.4809,1.4508,1.5485,1.6,1.5889,1.5526,1.5478,1.5099,1.39,1.2745,1.1868,1.1301,1.1068,1.1118,1.1334,1.1607,1.1874,1.2107,1.2304,1.2471,1.2617,1.275,1.8688,1.9203,1.9994,2.13,2.0862,1.8196,1.582,1.3124,0.6552,0.311,1.1476,1.523,1.5763,1.5213,1.4741,1.4531,1.6108,1.7287,1.7425,1.6651,1.5745,1.4917,1.3825,1.2481,1.1151,1.0236,0.9993,1.0268,1.0742,1.1207,1.1592,1.1889,1.2118,1.23,1.2456,1.2598,1.8636,1.9121,1.9931,2.1106,2.0595,1.803,1.5953,1.4414,1.117,0.8299,1.399,1.698,1.63,1.405,1.3879,1.5727,1.7564,1.9941,2.03,1.8336,1.6516,1.5041,1.3454,1.1409,0.91,0.7655,0.784,0.8891,0.9948,1.0744,1.129,1.1657,1.191,1.2101,1.2262,1.2414,1.8488,1.8816,1.922,1.9478,1.8932,1.7654,1.6394,1.2736,1.7418,1.6119,1.8128,2.088,1.9299,1.2455,1.2283,1.6273,1.8648,2.4512,2.4663,1.9703,1.695,1.5002,1.2877,0.9673,0.5214,0.2676,0.4441,0.7216,0.917,1.0345,1.1029,1.143,1.1678,1.1858,1.2019,1.2185,1.8315,1.8494,1.8632,1.8603,1.8282,1.7817,1.7723,1.936,1.9213,1.8897,2.0749,2.538,2.6249,1.903,1.6947,1.5748,1.82,2.1927,2.2221,1.8993,1.649,1.4625,1.2436,0.8418,0.1414,-0.2631,0.1651,0.6238,0.8829,1.0176,1.0864,1.1207,1.1393,1.1535,1.1694,1.1885,1.8178,1.828,1.8338,1.8313,1.8211,1.8139,1.8299,1.8795,1.9392,2.0568,2.2158,2.3228,2.2697,2.3708,1.8768,1.6061,2.6079,2.1336,1.9317,1.713,1.5002,1.3811,1.2427,0.9226,0.3661,0.0354,0.3391,0.706,0.9217,1.0307,1.0783,1.0935,1.0978,1.1056,1.1228,1.1481,1.8091,1.8172,1.8231,1.8269,1.8312,1.8429,1.8712,1.9255,2.0243,2.2071,2.4679,2.4654,2.3509,2.2019,2.0299,2.0998,2.4567,2.0573,1.7673,1.5184,1.2331,1.2439,1.2597,1.0988,0.8393,0.68,0.7483,0.8966,1.0074,1.0614,1.0677,1.0469,1.0269,1.0284,1.0539,1.0937,1.8042,1.8126,1.8209,1.8303,1.8434,1.865,1.9018,1.9631,2.0646,2.2292,2.4309,2.3998,2.4344,2.438,2.1,1.9887,1.9423,1.7373,1.5274,1.4139,1.1873,1.2249,1.2906,1.2205,1.0974,1.0103,1.0027,1.0472,1.0896,1.0902,1.0376,0.955,0.8969,0.9007,0.9536,1.0238,1.8015,1.8108,1.8213,1.8341,1.8517,1.8773,1.9153,1.971,2.0498,2.1488,2.2342,2.2752,2.4077,2.3999,2.0009,1.8202,1.7185,1.4085,1.1073,1.352,1.3741,1.3576,1.3493,1.288,1.1781,1.0617,1.0332,1.1029,1.1516,1.1137,0.9761,0.783,0.6668,0.7041,0.8234,0.9463,1.7994,1.8094,1.8211,1.8355,1.8543,1.8796,1.9135,1.9579,2.0122,2.0697,2.1158,2.1431,2.1485,2.0281,1.6895,1.567,1.625,1.419,1.2574,1.4447,1.4683,1.4439,1.4072,1.3337,1.1726,0.8815,0.8164,1.1019,1.2305,1.1589,0.9073,0.5394,0.3491,0.4771,0.7013,0.8858,1.797,1.8072,1.8192,1.8336,1.8516,1.874,1.9018,1.9346,1.9704,2.0035,2.0258,2.0276,1.9911,1.8769,1.6769,1.6006,1.6235,1.5541,1.5652,1.6021,1.5334,1.4946,1.4591,1.3998,1.2549,0.8938,0.8077,1.3052,1.4079,1.2721,0.9358,0.4444,0.2074,0.3956,0.6705,0.8777,1.7938,1.8038,1.8153,1.8287,1.8446,1.8634,1.8848,1.908,1.9306,1.9486,1.956,1.9457,1.908,1.8358,1.746,1.6869,1.6499,1.6046,1.5843,1.5794,1.5493,1.5212,1.5033,1.4912,1.4955,1.6139,2.0393,1.9528,1.6849,1.4626,1.1421,0.7259,0.4992,0.5871,0.7761,0.9377,1.7896,1.799,1.8095,1.8214,1.8349,1.8498,1.8657,1.8815,1.8951,1.9036,1.903,1.8893,1.8589,1.8124,1.7588,1.7104,1.6675,1.6278,1.5977,1.5755,1.5489,1.521,1.5148,1.5469,1.6615,2.0063,2.5404,2.2497,1.8549,1.6666,1.4146,1.1151,0.9161,0.8874,0.9551,1.0422,1.7847,1.7931,1.8024,1.8125,1.8235,1.8349,1.8463,1.8566,1.8642,1.8669,1.8625,1.8487,1.8245,1.7911,1.7525,1.7132,1.6754,1.6402,1.6094,1.5809,1.5477,1.5082,1.4983,1.5547,1.6812,1.9022,2.093,1.9898,1.8953,1.824,1.6134,1.3789,1.2074,1.1303,1.1248,1.1536,1.7789,1.7864,1.7944,1.8027,1.8114,1.8199,1.8278,1.8341,1.8376,1.837,1.8308,1.8179,1.7979,1.7718,1.7417,1.7097,1.6776,1.6468,1.6178,1.5897,1.56,1.532,1.5291,1.5737,1.6612,1.775,1.8567,1.8703,1.8961,1.8461,1.683,1.5067,1.3697,1.2873,1.2527,1.2491]},{"header":{"la1":42.85,"la2":41.18,"lo1":11.55,"lo2":14.05,"nx":36,"ny":24,"dx":0.07143,"dy":0.07261,"parameterCategory":2,"parameterNumber":3,"parameterNumberName":"northward_wind","parameterUnit":"m.s-1"},"data":[1.2866,1.2601,1.2272,1.1882,1.1447,1.1002,1.0598,1.029,1.0115,1.0073,1.0124,1.0211,1.0283,1.0306,1.027,1.0175,1.0035,0.9864,0.968,0.9503,0.9352,0.925,0.9211,0.9238,0.9319,0.9438,0.9578,0.9728,0.988,1.003,1.0174,1.0313,1.0445,1.057,1.0688,1.0799,1.3066,1.2772,1.238,1.1885,1.13,1.0672,1.0086,0.9649,0.9445,0.9479,0.9669,0.9901,1.0084,1.0174,1.0162,1.006,0.989,0.9676,0.9441,0.9208,0.9004,0.8866,0.8823,0.8878,0.9006,0.9176,0.9363,0.9553,0.9738,0.9915,1.0082,1.0239,1.0387,1.0525,1.0654,1.0775,1.3346,1.3036,1.2583,1.1959,1.1158,1.023,0.9311,0.8618,0.8358,0.8556,0.9024,0.9517,0.988,1.0063,1.008,0.9964,0.9753,0.9484,0.9185,0.8879,0.8593,0.8392,0.8346,0.8454,0.8657,0.8897,0.9142,0.9379,0.9601,0.9807,0.9997,1.0174,1.0337,1.0489,1.0629,1.0759,1.3733,1.3438,1.2947,1.2183,1.1089,0.9677,0.8124,0.6871,0.6474,0.7055,0.8108,0.9069,0.9701,1.0001,1.0041,0.9897,0.963,0.9296,0.8934,0.8544,0.813,0.7815,0.7772,0.7978,0.829,0.8618,0.893,0.9216,0.9475,0.971,0.9924,1.0119,1.0298,1.0463,1.0615,1.0754,1.4251,1.4034,1.357,1.2703,1.1262,0.9123,0.6374,0.3783,0.2991,0.4562,0.6885,0.8636,0.9616,1.0025,1.0065,0.9869,0.9527,0.9128,0.874,0.8293,0.7694,0.7203,0.7195,0.7531,0.7953,0.8365,0.8741,0.9074,0.9369,0.963,0.9865,1.0078,1.0272,1.045,1.0612,1.0761,1.4904,1.4867,1.4569,1.373,1.1991,0.8972,0.4287,-0.1402,-0.3433,0.0817,0.5657,0.8456,0.9735,1.0175,1.0161,0.9887,0.9456,0.9001,0.8728,0.833,0.7434,0.6938,0.6951,0.7236,0.7687,0.816,0.859,0.8963,0.9286,0.957,0.9824,1.0053,1.0261,1.0451,1.0625,1.0782,1.5653,1.5923,1.6023,1.5485,1.3644,1.0,0.3667,-0.6114,-1.0545,-0.1807,0.5605,0.8916,1.0158,1.0458,1.0314,0.9945,0.9428,0.891,0.8939,0.8681,0.6848,0.6371,0.6569,0.6911,0.7453,0.8003,0.8483,0.8887,0.9231,0.9533,0.9802,1.0045,1.0268,1.047,1.0654,1.082,1.6384,1.7036,1.7792,1.7946,1.6145,1.2463,0.6957,-0.0665,-0.3899,0.2507,0.7873,1.0154,1.0851,1.0808,1.044,0.9981,0.9442,0.8776,0.8267,0.6957,0.3546,0.3177,0.4956,0.6292,0.7215,0.79,0.8426,0.8847,0.9202,0.9515,0.9797,1.0056,1.0293,1.0508,1.0703,1.0877,1.694,1.783,1.9064,1.9941,1.817,1.5049,1.1729,0.8824,0.8097,0.9732,1.1174,1.1723,1.1631,1.1095,1.0314,0.9768,0.9431,0.8711,0.7314,0.3917,-0.2587,-0.1423,0.3328,0.5831,0.7115,0.7887,0.8419,0.8835,0.919,0.9512,0.9809,1.0085,1.0339,1.057,1.0776,1.0958,1.7245,1.8126,1.9102,1.9591,1.8823,1.6853,1.5017,1.4139,1.4412,1.4651,1.3862,1.3092,1.2349,1.1321,0.9629,0.878,0.9315,0.8831,0.7442,0.4447,-0.0079,0.0427,0.3935,0.6128,0.7296,0.7976,0.8443,0.8827,0.9179,0.9514,0.9834,1.0134,1.0411,1.066,1.088,1.1069,1.7349,1.8237,1.944,2.115,2.0702,1.8179,1.6978,1.6755,1.718,1.7589,1.5495,1.4059,1.2983,1.1859,1.0014,0.8812,0.9412,0.8873,0.7954,0.6609,0.5023,0.4807,0.5887,0.6952,0.7643,0.8078,0.8428,0.8779,0.9145,0.9513,0.9871,1.0209,1.0516,1.0789,1.1022,1.1217,1.7274,1.8113,1.9347,2.0932,2.0502,1.856,1.838,1.8999,1.7966,1.7267,1.5951,1.4819,1.3535,1.2202,1.1504,1.044,0.9441,0.8135,0.7575,0.7599,0.7281,0.7108,0.7318,0.7642,0.7852,0.7999,0.8257,0.864,0.9072,0.9507,0.9927,1.0319,1.067,1.097,1.1218,1.1415,1.7035,1.7665,1.8406,1.8981,1.8759,1.8327,1.906,2.1592,1.8726,1.7229,1.6372,1.6142,1.5057,1.2139,1.1652,1.0144,0.8768,0.6044,0.5906,0.7707,0.8029,0.7966,0.7947,0.7905,0.7682,0.7531,0.7854,0.8408,0.897,0.9508,1.0018,1.0487,1.0895,1.1229,1.1487,1.1676,1.6723,1.714,1.7536,1.778,1.7807,1.7909,1.8389,1.8529,1.8123,1.7326,1.6995,1.7692,1.7913,1.7149,1.2051,0.7133,0.7566,0.7383,0.7225,0.8126,0.8111,0.7953,0.7985,0.7879,0.7333,0.6937,0.7467,0.8205,0.8885,0.9541,1.0173,1.0751,1.1235,1.1604,1.1859,1.202,1.6419,1.67,1.6947,1.7122,1.7245,1.7413,1.7652,1.7762,1.7614,1.7567,1.7863,1.8062,1.8078,2.0472,1.2322,0.6259,0.671,0.8523,0.9032,0.8412,0.6921,0.6687,0.7481,0.7807,0.7483,0.7204,0.7533,0.8115,0.8821,0.9619,1.0434,1.1174,1.176,1.2155,1.2375,1.247,1.6157,1.6363,1.6545,1.6698,1.6834,1.6981,1.7135,1.7264,1.7461,1.812,1.9522,2.0323,1.9052,1.727,1.3749,0.9967,0.8344,1.012,1.0658,0.8023,0.2233,0.3301,0.6637,0.7689,0.7588,0.7326,0.7336,0.7773,0.8632,0.9726,1.086,1.1862,1.2585,1.297,1.3084,1.3043,1.5939,1.6101,1.625,1.6385,1.6514,1.6649,1.6797,1.699,1.7345,1.8114,1.9278,1.9236,1.9014,1.8606,1.5501,1.3317,1.2638,1.3917,1.4634,1.0251,0.1733,0.3153,0.6915,0.7677,0.6961,0.5952,0.5665,0.6538,0.8114,0.9866,1.1556,1.2989,1.3889,1.416,1.4019,1.3731,1.5755,1.5889,1.6017,1.6138,1.6259,1.6387,1.6538,1.6743,1.706,1.7528,1.7976,1.8146,1.8739,1.8686,1.6925,1.6156,1.5848,1.8792,2.2626,1.6362,1.0518,0.8658,0.8718,0.7774,0.5237,0.1902,0.1105,0.3899,0.7297,1.0142,1.263,1.4737,1.5848,1.5762,1.5122,1.4463,1.5596,1.5711,1.5823,1.5932,1.6043,1.6163,1.6303,1.648,1.6709,1.6976,1.7209,1.7371,1.7536,1.7586,1.8576,1.9209,1.7539,1.9387,2.1617,1.9535,1.5646,1.2504,1.0511,0.7959,0.2881,-0.5657,-0.754,0.0758,0.6967,1.0774,1.3923,1.6831,1.8137,1.7397,1.6108,1.5072,1.5456,1.5556,1.5654,1.5752,1.5852,1.596,1.608,1.622,1.6379,1.6543,1.6686,1.6801,1.6927,1.7253,1.8315,1.87,1.7753,1.8719,2.185,2.3252,1.8079,1.443,1.1985,0.9018,0.3558,-0.6497,-0.879,0.2878,0.8746,1.1969,1.4777,1.7714,1.9023,1.8004,1.6506,1.5365,1.533,1.5417,1.5504,1.5591,1.5679,1.5771,1.587,1.5977,1.6089,1.6198,1.6296,1.6387,1.6509,1.675,1.7131,1.7275,1.7273,1.8061,1.9897,2.0275,1.7527,1.5214,1.3575,1.1294,0.83,0.7026,1.1964,1.2402,1.2589,1.3858,1.5184,1.6786,1.7692,1.7205,1.62,1.5304,1.5214,1.5291,1.5367,1.5443,1.5519,1.5596,1.5676,1.5757,1.5838,1.5915,1.5985,1.6055,1.6144,1.6274,1.6424,1.653,1.6673,1.7064,1.7564,1.7398,1.6444,1.6017,1.5701,1.3793,1.2145,1.3741,1.8381,1.6743,1.6414,1.6608,1.6143,1.6147,1.6344,1.6152,1.5632,1.5053,1.5107,1.5174,1.5241,1.5306,1.537,1.5434,1.5498,1.556,1.5619,1.5674,1.5724,1.5773,1.5829,1.5895,1.5965,1.6031,1.612,1.6255,1.6336,1.6196,1.6066,1.6719,1.703,1.5185,1.3839,1.4485,1.6158,1.7741,2.0769,1.9831,1.7531,1.6312,1.584,1.5538,1.5183,1.479,1.5006,1.5065,1.5123,1.5179,1.5233,1.5285,1.5335,1.5383,1.5426,1.5464,1.5498,1.5529,1.556,1.559,1.562,1.5647,1.5675,1.5698,1.5682,1.5628,1.5705,1.6097,1.6109,1.5149,1.4423,1.4734,1.6004,1.8498,2.132,2.0364,1.7998,1.6472,1.5691,1.5245,1.4901,1.4584]}]