docs/data/wind_grid.json
[{"header":{"la1":42.85,"la2":41.18,"lo1":11.55,"lo2":14.05,"nx":36,"ny":24,"dx":0.07143,"dy":0.07261,"parameterCategory":2,"parameterNumber":2,"parameterNumberName":"eastward_wind","parameterUnit":"m.s-1"},"data":[0.8018,0.7521,0.6941,0.6292,0.5612,0.4964,0.4433,0.411,0.4055,0.4266,0.4674,0.5174,0.5668,0.6083,0.6384,0.6565,0.6642,0.6652,0.6638,0.6636,0.6666,0.6723,0.6792,0.6856,0.6904,0.6934,0.6947,0.6947,0.6941,0.6933,0.6925,0.6921,0.692,0.6924,0.6932,0.6943,0.8137,0.7548,0.6824,0.5972,0.5027,0.4073,0.3252,0.2739,0.2666,0.3041,0.3729,0.4531,0.5277,0.5864,0.6254,0.6447,0.648,0.6415,0.6333,0.6304,0.6353,0.646,0.6584,0.6692,0.6768,0.6812,0.6828,0.6828,0.682,0.681,0.6803,0.6801,0.6804,0.6813,0.6826,0.6844,0.8364,0.7686,0.6801,0.5688,0.4363,0.2919,0.1576,0.0679,0.055,0.1234,0.2435,0.3743,0.487,0.5691,0.618,0.6359,0.6285,0.6062,0.5845,0.5774,0.5882,0.6098,0.6326,0.6506,0.662,0.6677,0.6694,0.669,0.6677,0.6665,0.6659,0.6661,0.6671,0.6687,0.6709,0.6734,0.8747,0.8003,0.6961,0.5544,0.3705,0.1488,-0.0821,-0.2548,-0.285,-0.1528,0.0666,0.2828,0.4509,0.5624,0.6215,0.6334,0.6045,0.5498,0.5,0.4874,0.5155,0.5612,0.6027,0.6312,0.6468,0.6531,0.654,0.6523,0.6503,0.649,0.6488,0.6497,0.6517,0.6545,0.6577,0.6614,0.934,0.8589,0.744,0.5733,0.3283,-0.0054,-0.4113,-0.7734,-0.858,-0.5793,-0.1604,0.1925,0.4319,0.5753,0.6429,0.6434,0.5779,0.4589,0.3475,0.3308,0.4068,0.5023,0.5733,0.6141,0.6324,0.6371,0.6353,0.6315,0.6285,0.6272,0.6279,0.6303,0.6339,0.6383,0.6432,0.6482,1.0191,0.9541,0.8413,0.6541,0.3554,-0.1065,-0.7799,-1.5472,-1.795,-1.1693,-0.386,0.142,0.4491,0.6174,0.6906,0.6789,0.5662,0.3365,0.093,0.0841,0.2738,0.4512,0.5558,0.6042,0.6194,0.6181,0.6109,0.604,0.6,0.5997,0.6024,0.6073,0.6135,0.6202,0.6271,0.6339,1.1329,1.0943,1.0056,0.8299,0.5142,-0.0218,-0.9111,-2.1759,-2.7094,-1.5644,-0.4328,0.1893,0.5182,0.6936,0.7711,0.7578,0.6191,0.2881,-0.1273,-0.1139,0.2131,0.4523,0.5662,0.6048,0.6057,0.5916,0.576,0.5654,0.5617,0.5642,0.571,0.5801,0.5901,0.6001,0.6097,0.6186,1.2731,1.2827,1.2503,1.1263,0.8465,0.3495,-0.4357,-1.4789,-1.89,-1.0149,-0.1587,0.3426,0.6302,0.7966,0.8829,0.888,0.7788,0.5015,0.1437,0.1232,0.3656,0.5411,0.6093,0.6114,0.5831,0.5484,0.5218,0.5089,0.5091,0.5185,0.5327,0.5485,0.5641,0.5784,0.5912,0.6026,1.4287,1.5105,1.5785,1.559,1.3438,0.9149,0.362,-0.1776,-0.4068,-0.2076,0.168,0.5116,0.7475,0.9033,1.0155,1.0541,0.9913,0.8473,0.6726,0.6064,0.6499,0.6841,0.666,0.6077,0.5345,0.4713,0.4337,0.4245,0.4366,0.4602,0.4872,0.5131,0.5361,0.5556,0.572,0.5861,1.575,1.7435,1.9608,2.1286,1.9739,1.4981,1.014,0.5153,-0.0546,-0.2281,0.2148,0.6217,0.8353,0.9703,1.1462,1.2274,1.1615,1.126,1.0675,0.987,0.9084,0.82,0.7055,0.5678,0.4309,0.3302,0.2877,0.298,0.3386,0.3886,0.4358,0.4756,0.5076,0.5328,0.553,0.5695,1.6766,1.9076,2.2589,2.66,2.5606,1.9519,1.5688,1.0306,-0.5574,-1.3133,0.1089,0.7356,0.885,0.919,1.1063,1.2401,1.268,1.4021,1.4328,1.3045,1.1184,0.9221,0.7053,0.4609,0.2247,0.0717,0.0455,0.1128,0.2128,0.3073,0.3831,0.4397,0.481,0.5114,0.5346,0.5531,1.7077,1.9328,2.2593,2.6088,2.5262,2.1557,2.2233,2.3197,0.9018,-0.2277,0.5806,0.9684,0.9175,0.6485,0.8006,1.1286,1.4568,1.9234,2.0048,1.6442,1.2909,0.9875,0.6601,0.259,-0.1609,-0.3993,-0.3459,-0.1389,0.0699,0.2286,0.3379,0.4106,0.4591,0.4925,0.5171,0.5368,1.6768,1.8458,2.046,2.2012,2.1939,2.2311,2.6759,3.3645,2.6946,1.454,1.2026,1.3297,1.1946,0.5601,0.7019,1.1841,1.7018,2.7448,2.754,1.893,1.3863,1.0219,0.6005,-0.0177,-0.7926,-1.1893,-0.8965,-0.4129,-0.0502,0.177,0.3131,0.3943,0.4439,0.4763,0.5,0.5197,1.615,1.7294,1.8455,1.9357,2.005,2.1647,2.531,2.9598,2.6133,1.7295,1.4165,1.6332,1.7265,1.6116,1.2501,1.424,1.7702,2.2808,2.317,1.7568,1.375,1.0646,0.6158,-0.1729,-1.3576,-1.9606,-1.3126,-0.5448,-0.0744,0.1823,0.3199,0.3936,0.4343,0.4602,0.4808,0.5001,1.5468,1.6253,1.7019,1.772,1.849,1.9677,2.1294,2.2012,1.9421,1.5155,1.3147,1.3762,1.5285,1.7876,1.4791,1.7378,2.1637,1.8148,1.6599,1.4922,1.396,1.2151,0.7874,0.0631,-0.9536,-1.4944,-0.9909,-0.3458,0.0507,0.258,0.3585,0.4032,0.4236,0.4381,0.4548,0.4752,1.4818,1.5375,1.5914,1.6427,1.6952,1.7502,1.7841,1.7323,1.5421,1.271,1.0118,1.1855,1.2804,1.4119,1.3893,1.6217,1.9138,1.5297,1.3045,1.3673,1.688,1.5434,1.0241,0.4797,-0.0538,-0.3295,-0.1841,0.0929,0.2866,0.382,0.4113,0.4067,0.3964,0.398,0.4149,0.4415,1.4223,1.462,1.499,1.532,1.5588,1.5731,1.5579,1.4893,1.3585,1.1868,1.0229,1.1101,1.1155,1.0847,1.1409,1.1826,1.1951,0.9866,0.8374,1.1217,1.709,1.5613,1.0803,0.7392,0.5309,0.4678,0.504,0.542,0.5445,0.5112,0.4482,0.3754,0.3271,0.3236,0.354,0.3974,1.3683,1.396,1.4201,1.4385,1.4481,1.4431,1.4153,1.3578,1.274,1.1828,1.1186,1.0963,1.0445,0.9936,0.802,0.6786,0.7249,0.4736,0.1741,0.613,1.0135,1.0796,0.9333,0.8296,0.8588,0.9944,1.0421,0.9254,0.7692,0.6125,0.4421,0.2764,0.1865,0.2027,0.2727,0.3476,1.3196,1.3382,1.3528,1.3612,1.3608,1.3482,1.3201,1.2753,1.2183,1.159,1.1064,1.0536,0.9723,0.7753,0.1973,-0.0312,0.4289,0.3864,0.2315,0.3545,0.5764,0.7136,0.7503,0.8292,1.0625,1.4329,1.5159,1.2194,0.9349,0.6794,0.4007,0.117,-0.0109,0.0631,0.1958,0.3075,1.2759,1.2878,1.2955,1.2974,1.2917,1.2765,1.2506,1.2143,1.17,1.1212,1.0676,0.9996,0.888,0.6589,0.2345,0.0975,0.3825,0.3992,0.1981,0.1114,0.3471,0.4547,0.5316,0.7258,1.0842,1.5224,1.6127,1.3234,1.0232,0.7265,0.3996,0.0509,-0.0966,0.0127,0.1741,0.2989,1.2367,1.2437,1.2466,1.2444,1.2358,1.2199,1.1961,1.1646,1.1263,1.0816,1.0279,0.9574,0.8539,0.6983,0.5172,0.441,0.4663,0.4207,0.2841,0.2207,0.2189,0.1085,0.1213,0.4422,0.9184,1.3383,1.5741,1.4167,1.0434,0.7425,0.4785,0.2082,0.0708,0.1207,0.2321,0.3304,1.2017,1.205,1.2046,1.1997,1.1896,1.1735,1.1512,1.1226,1.0877,1.0459,0.9951,0.9308,0.848,0.747,0.647,0.5781,0.5302,0.4591,0.3548,0.2227,-0.0583,-0.5831,-0.7131,-0.0658,0.6768,1.2849,1.752,1.45,0.8682,0.6431,0.5299,0.3929,0.2947,0.2854,0.3302,0.3869,1.1704,1.171,1.1683,1.1616,1.1505,1.1345,1.1133,1.0866,1.0543,1.0156,0.9693,0.9135,0.8474,0.7737,0.7001,0.6331,0.5658,0.4807,0.3573,0.1435,-0.3129,-1.1056,-1.3304,-0.4486,0.4202,0.9785,1.2136,0.8935,0.403,0.4311,0.5034,0.4793,0.4311,0.4099,0.4199,0.4464,1.1424,1.141,1.1365,1.1287,1.117,1.1012,1.0809,1.0559,1.0258,0.9903,0.9486,0.9002,0.8452,0.7853,0.7229,0.6583,0.5862,0.4947,0.3623,0.1444,-0.23,-0.7105,-0.8057,-0.2859,0.3111,0.6949,0.804,0.5995,0.337,0.3864,0.4869,0.5111,0.4982,0.4851,0.485,0.4963]},{"header":{"la1":42.85,"la2":41.18,"lo1":11.55,"lo2":14.05,"nx":36,"ny":24,"dx":0.07143,"dy":0.07261,"parameterCategory":2,"parameterNumber":3,"parameterNumberName":"northward_wind","parameterUnit":"m.s-1"},"data":[1.0521,0.9835,0.9061,0.8219,0.7351,0.653,0.5857,0.5436,0.5338,0.5554,0.6004,0.6563,0.7116,0.7588,0.7943,0.8182,0.8333,0.8438,0.8552,0.8717,0.8955,0.9261,0.9614,0.9986,1.0359,1.0721,1.1067,1.1397,1.1712,1.2015,1.2306,1.2587,1.2856,1.3114,1.3359,1.3591,1.0505,0.97,0.8751,0.7663,0.6479,0.5297,0.4282,0.3637,0.3517,0.3924,0.4695,0.5592,0.6418,0.7066,0.7503,0.7744,0.7837,0.7859,0.7903,0.8049,0.8328,0.8718,0.9167,0.963,1.0076,1.0494,1.0883,1.1247,1.1592,1.1921,1.2237,1.2541,1.2833,1.3112,1.3376,1.3625,1.0606,0.9684,0.8536,0.7138,0.5507,0.3749,0.2121,0.1028,0.0844,0.1616,0.2981,0.4449,0.5689,0.6571,0.7093,0.7301,0.7271,0.7123,0.7024,0.7134,0.7499,0.8043,0.8652,0.9244,0.9782,1.0263,1.0695,1.1093,1.1466,1.1822,1.2166,1.2497,1.2815,1.3118,1.3404,1.3672,1.0876,0.9863,0.8521,0.6764,0.4531,0.1871,-0.0888,-0.2953,-0.3332,-0.1801,0.0726,0.3165,0.4998,0.6164,0.6755,0.6876,0.6617,0.6135,0.5745,0.5802,0.6371,0.7215,0.8082,0.8848,0.9492,1.0034,1.0504,1.093,1.133,1.1715,1.209,1.2453,1.2802,1.3134,1.3445,1.3734,1.1375,1.0334,0.8856,0.6757,0.3819,-0.014,-0.4942,-0.923,-1.0237,-0.6957,-0.2083,0.1912,0.449,0.5924,0.6536,0.6508,0.589,0.4788,0.378,0.3782,0.486,0.6272,0.7519,0.8489,0.9229,0.9812,1.0303,1.0748,1.1173,1.1591,1.2003,1.2406,1.2794,1.3161,1.3502,1.3816,1.2156,1.1204,0.9731,0.7439,0.3893,-0.1529,-0.9436,-1.8489,-2.1414,-1.3992,-0.4815,0.1158,0.438,0.5925,0.6459,0.6259,0.5241,0.3179,0.092,0.0947,0.3145,0.5438,0.7107,0.8234,0.9011,0.959,1.0074,1.0525,1.0977,1.1436,1.1899,1.2355,1.2793,1.3203,1.3581,1.3922,1.3248,1.2559,1.1333,0.9165,0.5451,-0.0764,-1.1106,-2.5971,-3.229,-1.8652,-0.5342,0.1605,0.4837,0.6154,0.6455,0.614,0.5027,0.2331,-0.1323,-0.1157,0.2282,0.5198,0.7025,0.813,0.8828,0.9329,0.9768,1.0218,1.0707,1.1231,1.1769,1.2298,1.2802,1.3268,1.3688,1.4061,1.4627,1.4428,1.3793,1.2192,0.891,0.3245,-0.5686,-1.7719,-2.2463,-1.1899,-0.1884,0.3403,0.5769,0.6435,0.6226,0.5843,0.5277,0.3574,0.0926,0.0947,0.3549,0.5867,0.7316,0.8136,0.8601,0.8934,0.9292,0.9751,1.0315,1.0948,1.1602,1.2239,1.2831,1.3365,1.3835,1.4242,1.6181,1.6719,1.714,1.6666,1.4103,0.9268,0.3268,-0.2285,-0.411,-0.1281,0.2673,0.5593,0.6835,0.6493,0.5099,0.4398,0.5071,0.5237,0.4655,0.4722,0.5804,0.6989,0.7757,0.8081,0.8149,0.8215,0.8479,0.9004,0.9732,1.0562,1.1401,1.2189,1.2897,1.3514,1.4039,1.4479,1.7662,1.9083,2.1086,2.2664,2.0731,1.517,0.9927,0.5786,0.2315,0.1645,0.4724,0.7317,0.7878,0.6467,0.2425,0.035,0.4019,0.5862,0.6351,0.6758,0.7374,0.7907,0.804,0.7711,0.7163,0.683,0.7039,0.7796,0.8882,1.006,1.1183,1.218,1.3032,1.3742,1.4322,1.479,1.872,2.0763,2.4196,2.8447,2.7174,1.9325,1.4104,0.9801,0.0134,-0.4416,0.495,0.8941,0.8957,0.7188,0.3178,0.0361,0.4514,0.5847,0.6247,0.7164,0.8095,0.8472,0.8019,0.6732,0.5109,0.4135,0.4484,0.59,0.7719,0.9482,1.101,1.2269,1.3283,1.4086,1.4713,1.5196,1.9114,2.1049,2.4159,2.7807,2.6503,2.0105,1.7316,1.6546,0.8745,0.268,0.8791,1.1407,0.9847,0.6345,0.6476,0.6628,0.6236,0.3718,0.3378,0.6307,0.8452,0.8965,0.7785,0.4866,0.1067,-0.1067,0.0102,0.3169,0.635,0.8977,1.1006,1.255,1.3719,1.4597,1.5248,1.572,1.8962,2.0265,2.1893,2.302,2.1838,1.9404,1.9176,2.11,1.8531,1.4015,1.4199,1.4956,1.2854,0.5767,0.696,0.9356,0.6976,-0.2486,-0.2552,0.5616,0.9347,0.9909,0.777,0.2283,-0.5895,-1.0234,-0.6359,0.0088,0.5257,0.8858,1.1361,1.314,1.4419,1.533,1.5963,1.6388,1.861,1.9336,2.0,2.0208,1.9672,1.9021,1.9246,2.013,1.9348,1.7876,1.7954,1.7807,1.7432,1.5825,1.3617,1.2312,0.9824,0.3625,0.2889,0.873,1.1759,1.183,0.886,0.109,-1.232,-1.9508,-1.1355,-0.1283,0.5383,0.9542,1.2274,1.4155,1.5462,1.6341,1.6897,1.7219,1.8312,1.8718,1.9022,1.9106,1.8978,1.8888,1.9073,1.9399,1.9717,2.0816,2.2314,2.2182,2.161,2.616,1.8344,1.3651,1.0522,1.1723,1.2326,1.42,1.5296,1.4692,1.1631,0.4475,-0.7195,-1.3675,-0.7144,0.1538,0.745,1.1246,1.3833,1.5663,1.6916,1.7688,1.8084,1.8226,1.8147,1.8417,1.8627,1.8756,1.8843,1.8998,1.9326,1.9939,2.1216,2.406,2.8739,2.8779,2.6217,2.3541,2.0651,1.6251,1.3156,1.6573,1.8848,1.8704,1.7459,1.7012,1.4889,1.0278,0.434,0.11,0.3196,0.7326,1.0911,1.3703,1.5933,1.7673,1.8847,1.9428,1.9546,1.9401,1.8102,1.8326,1.8532,1.8725,1.8945,1.9261,1.977,2.0635,2.2179,2.4896,2.836,2.7759,2.7904,2.8069,2.4178,2.2057,2.1706,2.509,2.775,2.3687,1.8193,1.8095,1.735,1.481,1.2162,1.0898,1.1333,1.2681,1.4396,1.6311,1.8332,2.0173,2.1341,2.1614,2.1268,2.0693,1.8136,1.8354,1.858,1.8828,1.9132,1.9544,2.0141,2.1027,2.2321,2.4002,2.5502,2.6304,2.819,2.8846,2.8285,2.8739,2.85,3.467,4.1624,3.2045,2.4585,2.1557,1.9802,1.7842,1.6256,1.5602,1.5625,1.6049,1.7,1.8554,2.0748,2.3122,2.445,2.4185,2.3104,2.1962,1.8216,1.8441,1.8688,1.8973,1.9323,1.9775,2.0376,2.1171,2.2177,2.3313,2.4398,2.5443,2.6775,2.879,3.4994,3.769,3.2379,3.5586,3.9723,3.6299,3.0283,2.5293,2.2192,1.9913,1.8095,1.6738,1.6518,1.7554,1.8679,2.0198,2.2749,2.6029,2.7644,2.6567,2.462,2.2948,1.8317,1.855,1.8812,1.9118,1.9486,1.994,2.0506,2.12,2.2016,2.2913,2.3858,2.4917,2.6368,2.9045,3.421,3.5936,3.2623,3.4026,3.9613,4.194,3.3456,2.7415,2.3986,2.1532,1.9367,1.7155,1.673,1.8934,2.0044,2.1246,2.3608,2.7116,2.882,2.7397,2.5181,2.3378,1.8423,1.8661,1.8931,1.9243,1.9611,2.0049,2.0571,2.1182,2.1878,2.2648,2.3501,2.4506,2.5837,2.7756,3.0025,3.1003,3.0894,3.2412,3.5965,3.673,3.1855,2.776,2.5417,2.3227,2.1268,2.0597,2.1931,2.1786,2.1428,2.1881,2.3269,2.5556,2.6887,2.6163,2.4632,2.3211,1.8523,1.8762,1.9033,1.9343,1.9701,2.0115,2.0593,2.1137,2.1749,2.2428,2.3188,2.4069,2.5132,2.6384,2.7608,2.8431,2.9036,3.0051,3.1233,3.1026,2.9121,2.7907,2.7346,2.5101,2.2887,2.2533,2.3778,2.3044,2.2365,2.2372,2.2772,2.3726,2.4475,2.4341,2.3595,2.2699,1.8612,1.885,1.9116,1.9418,1.9759,2.0147,2.0584,2.1073,2.1616,2.2215,2.2877,2.3618,2.4444,2.5321,2.6149,2.6834,2.7427,2.8019,2.8421,2.8256,2.7832,2.8414,2.8762,2.6261,2.377,2.2839,2.2888,2.2797,2.2991,2.2836,2.2615,2.279,2.3053,2.3027,2.267,2.2136,1.8688,1.8921,1.918,1.9469,1.9792,2.0152,2.0551,2.0992,2.1475,2.2,2.2571,2.3186,2.3838,2.4499,2.5121,2.5668,2.6138,2.6521,2.6747,2.6786,2.6903,2.7428,2.7391,2.5755,2.3933,2.2941,2.265,2.2743,2.3059,2.2897,2.2529,2.2375,2.2346,2.2254,2.2018,2.1667]}]