docs/data/wind_grid.json
[{"header":{"la1":42.85,"la2":41.18,"lo1":11.55,"lo2":14.05,"nx":36,"ny":24,"dx":0.07143,"dy":0.07261,"parameterCategory":2,"parameterNumber":2,"parameterNumberName":"eastward_wind","parameterUnit":"m.s-1"},"data":[0.5287,0.5186,0.5081,0.498,0.4893,0.484,0.4844,0.4934,0.5132,0.5448,0.5873,0.6388,0.6963,0.7553,0.8093,0.8498,0.8706,0.8719,0.8603,0.8433,0.826,0.8105,0.7973,0.7861,0.7765,0.7682,0.7606,0.7538,0.7476,0.7418,0.7364,0.7314,0.7268,0.7225,0.7185,0.7148,0.5175,0.5042,0.4895,0.474,0.4587,0.446,0.4397,0.4447,0.4654,0.5038,0.5583,0.626,0.7033,0.7861,0.8647,0.923,0.946,0.9352,0.9064,0.8749,0.8475,0.8258,0.8087,0.7951,0.7837,0.774,0.7654,0.7577,0.7507,0.7443,0.7383,0.7328,0.7277,0.7231,0.7187,0.7148,0.5072,0.4904,0.4708,0.4483,0.4237,0.3993,0.3806,0.3764,0.3962,0.4437,0.5151,0.6038,0.7066,0.822,0.9406,1.0311,1.0554,1.0176,0.9584,0.906,0.8671,0.8392,0.8188,0.803,0.7902,0.7793,0.7698,0.7612,0.7534,0.7463,0.7398,0.7338,0.7282,0.7232,0.7186,0.7144,0.4985,0.4783,0.4535,0.423,0.3861,0.3438,0.3027,0.2785,0.293,0.3553,0.4527,0.5684,0.6983,0.85,1.0234,1.1684,1.1919,1.1049,1.0031,0.929,0.8808,0.8491,0.8268,0.8098,0.7959,0.7841,0.7736,0.7642,0.7556,0.7478,0.7407,0.7342,0.7282,0.7228,0.7179,0.7134,0.4924,0.4694,0.44,0.4017,0.3508,0.2842,0.2048,0.1375,0.1361,0.2281,0.3711,0.5202,0.6707,0.8427,1.0535,1.2487,1.2722,1.1426,1.0154,0.9343,0.8858,0.8548,0.8328,0.8155,0.8009,0.7882,0.7768,0.7665,0.7572,0.7487,0.741,0.734,0.7276,0.7218,0.7166,0.7119,0.4896,0.465,0.4328,0.3891,0.3269,0.2351,0.1025,-0.048,-0.09,0.0677,0.288,0.4718,0.6269,0.7852,0.9686,1.1372,1.1688,1.0763,0.9819,0.9212,0.8837,0.858,0.8379,0.8208,0.8056,0.7918,0.7795,0.7683,0.7581,0.7489,0.7406,0.7331,0.7262,0.7201,0.7146,0.7098,0.4906,0.466,0.4337,0.3894,0.3247,0.2231,0.0556,-0.1837,-0.2848,-0.0347,0.2532,0.4461,0.5851,0.7087,0.833,0.9394,0.9821,0.964,0.931,0.9039,0.8821,0.8627,0.8442,0.8265,0.8101,0.795,0.7814,0.7692,0.7582,0.7483,0.7394,0.7313,0.724,0.7176,0.7118,0.7068,0.4953,0.4721,0.4424,0.4029,0.3472,0.2635,0.1308,-0.0536,-0.1214,0.0824,0.3031,0.4521,0.5591,0.649,0.734,0.8106,0.8652,0.8938,0.9041,0.902,0.8908,0.8735,0.8536,0.8335,0.8146,0.7976,0.7825,0.7691,0.7573,0.7467,0.7371,0.7285,0.7208,0.714,0.7081,0.7029,0.503,0.4824,0.4568,0.4245,0.3832,0.3299,0.2636,0.2005,0.1963,0.273,0.3756,0.4693,0.544,0.608,0.6754,0.7509,0.8259,0.8865,0.9221,0.9303,0.9175,0.8938,0.8669,0.8413,0.8185,0.7989,0.7822,0.7678,0.7551,0.7439,0.7337,0.7246,0.7164,0.7093,0.7031,0.6979,0.5129,0.4951,0.4737,0.4478,0.4171,0.3824,0.3481,0.3215,0.3059,0.3222,0.3982,0.4766,0.5273,0.5667,0.6264,0.7226,0.8401,0.9443,1.0001,1.0001,0.9666,0.9232,0.8825,0.8482,0.8205,0.7982,0.7801,0.7649,0.7516,0.7398,0.729,0.7193,0.7106,0.703,0.6966,0.6915,0.5245,0.5094,0.4913,0.4694,0.4423,0.4084,0.3691,0.3371,0.2739,0.2341,0.3896,0.4799,0.5,0.4983,0.5497,0.6978,0.9053,1.0986,1.1746,1.1258,1.0361,0.9557,0.8947,0.8504,0.8183,0.7943,0.7756,0.7602,0.7467,0.7344,0.7229,0.7124,0.7029,0.6948,0.6883,0.6832,0.5371,0.5247,0.5097,0.4907,0.4642,0.4204,0.334,0.2411,0.3335,0.33,0.4432,0.4917,0.4668,0.3997,0.4046,0.6714,1.0429,1.4489,1.5274,1.3077,1.1053,0.9746,0.8939,0.843,0.8095,0.7862,0.7685,0.7539,0.7406,0.7277,0.7152,0.7034,0.6928,0.6841,0.6774,0.6728,0.5505,0.541,0.5294,0.5147,0.4935,0.456,0.358,-0.2,0.5975,0.5249,0.5215,0.4869,0.4633,0.297,0.2787,0.7189,1.2106,1.9689,1.9806,1.4349,1.1164,0.9539,0.8686,0.8213,0.7928,0.7738,0.7594,0.7467,0.7338,0.7201,0.7057,0.6918,0.6794,0.6697,0.6631,0.6593,0.5644,0.5578,0.5504,0.5418,0.5319,0.5238,0.5488,0.7932,0.7729,0.6267,0.5867,0.4441,0.4191,0.7499,0.6469,0.9325,1.298,1.6636,1.6854,1.2867,1.0089,0.8724,0.8129,0.7849,0.7693,0.7589,0.7502,0.7403,0.7277,0.712,0.6941,0.6762,0.6609,0.65,0.644,0.642,0.5781,0.5746,0.5712,0.5687,0.5688,0.5772,0.6087,0.6665,0.6857,0.6898,0.7029,0.6704,0.6936,0.7874,0.8235,1.2831,1.7521,1.393,1.2133,0.993,0.8005,0.7339,0.734,0.7402,0.7438,0.7454,0.744,0.7375,0.7243,0.7042,0.6794,0.6544,0.6342,0.6221,0.618,0.6197,0.5912,0.5903,0.5904,0.5925,0.5983,0.6109,0.6338,0.6652,0.7021,0.7624,0.8578,0.8112,0.8029,0.8205,0.8919,1.2239,1.5391,1.2054,0.9562,0.7594,0.5704,0.5855,0.6601,0.7006,0.724,0.7392,0.7462,0.7425,0.7263,0.6974,0.6597,0.6217,0.594,0.5817,0.5829,0.5917,0.6031,0.6043,0.607,0.6121,0.6207,0.6345,0.6552,0.684,0.7244,0.7849,0.856,0.8465,0.9681,1.0389,0.8935,0.932,0.9815,0.8668,0.7395,0.6522,0.5338,0.5546,0.6265,0.6771,0.7171,0.7473,0.7625,0.7602,0.7377,0.6931,0.6317,0.5706,0.5318,0.5238,0.5372,0.5585,0.6135,0.6163,0.6206,0.6273,0.6371,0.6511,0.6703,0.696,0.7294,0.7699,0.8087,0.8544,0.9982,1.0191,0.7697,0.682,0.7115,0.6507,0.5938,0.5811,0.564,0.5749,0.6125,0.6659,0.7267,0.7742,0.7945,0.793,0.7626,0.6939,0.5931,0.4929,0.4412,0.4481,0.4845,0.5243,0.6224,0.626,0.6313,0.6386,0.6485,0.6617,0.6786,0.6998,0.7249,0.7524,0.7801,0.8101,0.8344,0.757,0.473,0.3711,0.5576,0.5676,0.5225,0.4153,0.465,0.5225,0.5746,0.651,0.7466,0.8064,0.8188,0.8369,0.8064,0.7075,0.5539,0.4016,0.3402,0.3743,0.4396,0.4981,0.6296,0.6337,0.6393,0.6465,0.6558,0.6675,0.6816,0.6981,0.7161,0.7341,0.7495,0.7568,0.7382,0.6513,0.4732,0.4146,0.5111,0.4747,0.2503,0.1472,0.3449,0.4306,0.4922,0.6068,0.7581,0.8317,0.8409,0.9276,0.8843,0.7469,0.5523,0.3677,0.3021,0.3495,0.4262,0.4907,0.6353,0.6396,0.645,0.6518,0.66,0.6698,0.6811,0.6933,0.7056,0.7162,0.7221,0.7181,0.6941,0.6396,0.5673,0.5301,0.5195,0.4539,0.3183,0.2618,0.3027,0.2806,0.3049,0.4847,0.7499,1.0016,1.2459,1.1928,1.0026,0.8111,0.613,0.4446,0.3752,0.3987,0.4542,0.5061,0.6397,0.6438,0.6488,0.6549,0.6619,0.6698,0.6784,0.6871,0.6949,0.7002,0.7008,0.693,0.6731,0.6398,0.6005,0.5664,0.5304,0.4723,0.395,0.3221,0.2006,-0.0325,-0.0861,0.2412,0.6782,1.1154,1.4576,1.3298,1.0666,0.8602,0.6898,0.5585,0.4905,0.483,0.5063,0.5366,0.6429,0.6467,0.6512,0.6564,0.6622,0.6684,0.6747,0.6805,0.685,0.6869,0.6846,0.6762,0.6601,0.6365,0.6079,0.5761,0.5375,0.4852,0.4146,0.3073,0.0932,-0.265,-0.3626,0.0518,0.5459,0.9491,1.1837,1.1585,1.0088,0.8599,0.7349,0.6391,0.5803,0.5575,0.5586,0.5706,0.6452,0.6486,0.6525,0.6568,0.6614,0.6661,0.6705,0.6742,0.6764,0.6761,0.6724,0.6641,0.6505,0.6315,0.6076,0.5785,0.5419,0.4932,0.4245,0.3168,0.1373,-0.0865,-0.128,0.1303,0.4757,0.7592,0.9249,0.9572,0.9039,0.8233,0.7444,0.679,0.6333,0.6081,0.599,0.6]},{"header":{"la1":42.85,"la2":41.18,"lo1":11.55,"lo2":14.05,"nx":36,"ny":24,"dx":0.07143,"dy":0.07261,"parameterCategory":2,"parameterNumber":3,"parameterNumberName":"northward_wind","parameterUnit":"m.s-1"},"data":[0.2994,0.2711,0.24,0.2068,0.1731,0.1416,0.116,0.0998,0.0949,0.1003,0.1116,0.1231,0.1298,0.1299,0.1257,0.124,0.1321,0.1531,0.1843,0.2201,0.2559,0.2895,0.32,0.3473,0.3718,0.3939,0.414,0.4323,0.4492,0.4647,0.479,0.4922,0.5043,0.5155,0.5258,0.5352,0.2941,0.2609,0.2229,0.1803,0.135,0.0905,0.053,0.0295,0.0252,0.0389,0.0624,0.0845,0.0958,0.0921,0.0768,0.0634,0.0684,0.0979,0.1434,0.1927,0.2389,0.2794,0.3145,0.3449,0.3716,0.3953,0.4165,0.4358,0.4534,0.4696,0.4845,0.4982,0.5108,0.5224,0.5329,0.5425,0.2921,0.2538,0.2078,0.1535,0.0916,0.0263,-0.0331,-0.0716,-0.076,-0.0465,0.0005,0.043,0.0638,0.0547,0.019,-0.0188,-0.0196,0.028,0.0984,0.1671,0.2254,0.273,0.3122,0.3452,0.3735,0.3984,0.4206,0.4407,0.459,0.4758,0.4912,0.5054,0.5184,0.5303,0.5411,0.5509,0.295,0.2521,0.1981,0.1301,0.0461,-0.0521,-0.1521,-0.2245,-0.2334,-0.1725,-0.0793,0.0002,0.0394,0.0268,-0.0382,-0.1182,-0.1272,-0.0454,0.061,0.1511,0.2198,0.2725,0.3143,0.3487,0.3779,0.4035,0.4264,0.4471,0.4659,0.4833,0.4992,0.5138,0.5272,0.5394,0.5505,0.5604,0.3046,0.2588,0.1984,0.1173,0.0076,-0.1374,-0.3104,-0.4613,-0.4906,-0.3627,-0.1789,-0.0385,0.0296,0.0233,-0.0586,-0.1753,-0.1905,-0.076,0.055,0.1547,0.2262,0.2794,0.3211,0.3554,0.3848,0.4106,0.4338,0.4549,0.4742,0.492,0.5085,0.5236,0.5374,0.5499,0.5611,0.5711,0.3223,0.2767,0.2142,0.1254,-0.0051,-0.2007,-0.4823,-0.7977,-0.8937,-0.6195,-0.2749,-0.0573,0.0408,0.0528,-0.0054,-0.0953,-0.1069,-0.0138,0.0956,0.1813,0.2446,0.293,0.3321,0.365,0.3937,0.4193,0.4426,0.464,0.4838,0.5022,0.5192,0.5348,0.549,0.5619,0.5733,0.5834,0.3486,0.3074,0.2495,0.1643,0.0322,-0.1841,-0.5456,-1.0564,-1.2684,-0.7824,-0.2832,-0.0283,0.0759,0.1014,0.0821,0.0486,0.0481,0.096,0.161,0.2203,0.2696,0.3106,0.3456,0.3765,0.4041,0.4294,0.4527,0.4745,0.4948,0.5137,0.5313,0.5476,0.5623,0.5756,0.5872,0.5973,0.3828,0.35,0.304,0.2362,0.1302,-0.0442,-0.3373,-0.7527,-0.9116,-0.5035,-0.122,0.0587,0.1271,0.1451,0.144,0.1413,0.1511,0.1786,0.2164,0.2561,0.2936,0.328,0.3595,0.3885,0.4153,0.4403,0.4638,0.486,0.5069,0.5267,0.5451,0.5622,0.5776,0.5913,0.6032,0.6132,0.4225,0.4012,0.3722,0.331,0.2696,0.176,0.0407,-0.1025,-0.1238,0.0023,0.1148,0.1639,0.1703,0.1626,0.1611,0.1718,0.1921,0.2184,0.2482,0.2795,0.3113,0.3423,0.3719,0.3999,0.4264,0.4515,0.4754,0.4983,0.5202,0.5411,0.5607,0.5788,0.5952,0.6095,0.6216,0.6315,0.4647,0.4556,0.445,0.4321,0.4157,0.3934,0.3629,0.3311,0.3219,0.3198,0.2872,0.2361,0.1764,0.1317,0.1264,0.1551,0.1935,0.2276,0.2579,0.2887,0.3205,0.3518,0.3816,0.4099,0.4368,0.4625,0.4873,0.5114,0.5346,0.5571,0.5783,0.598,0.6156,0.6307,0.6431,0.6527,0.5058,0.5081,0.5138,0.5251,0.5446,0.5728,0.5976,0.5736,0.4543,0.4048,0.3719,0.2602,0.1256,0.0222,0.0256,0.1033,0.1756,0.2178,0.2479,0.2836,0.3216,0.3566,0.3883,0.4179,0.446,0.473,0.4991,0.5248,0.55,0.5747,0.5984,0.6204,0.6398,0.6559,0.6685,0.6775,0.5433,0.5544,0.5722,0.6007,0.6452,0.7109,0.7909,0.8265,0.6574,0.4899,0.4184,0.2578,0.0389,-0.1973,-0.1507,0.0444,0.1608,0.19,0.2099,0.265,0.3174,0.3575,0.3913,0.423,0.4533,0.4823,0.5103,0.538,0.5661,0.5942,0.6216,0.647,0.6689,0.6864,0.699,0.707,0.5754,0.5922,0.6171,0.6544,0.7107,0.7951,0.9095,0.9159,0.9859,0.6816,0.4689,0.2616,0.0728,-0.2906,-0.2365,0.058,0.1679,0.141,0.1486,0.2509,0.3144,0.3522,0.387,0.4231,0.4578,0.4896,0.5198,0.5503,0.5823,0.6156,0.6488,0.6794,0.7051,0.7242,0.7364,0.7422,0.6014,0.621,0.6484,0.6867,0.7412,0.8188,0.9286,1.0843,1.0073,0.7562,0.5568,0.2596,0.1493,0.1094,0.1073,0.159,0.1725,0.1852,0.207,0.2797,0.3049,0.3231,0.3651,0.4153,0.4587,0.494,0.5259,0.5596,0.5975,0.639,0.6814,0.7204,0.7516,0.7726,0.783,0.7848,0.6218,0.642,0.6684,0.703,0.7477,0.8036,0.8668,0.9109,0.8837,0.8391,0.8168,0.6858,0.4658,0.396,0.3271,0.172,-0.0259,0.222,0.3296,0.3124,0.214,0.2127,0.3107,0.4004,0.4574,0.4932,0.5242,0.5616,0.609,0.6644,0.7222,0.7747,0.814,0.8361,0.842,0.8362,0.6376,0.657,0.681,0.7104,0.7451,0.7838,0.8215,0.8514,0.8856,0.9955,1.2507,1.2209,0.9833,0.668,0.5531,0.3253,0.1349,0.3855,0.5047,0.3128,-0.1023,-0.0287,0.2463,0.3963,0.4571,0.4803,0.5036,0.5472,0.6125,0.6919,0.7755,0.85,0.9007,0.9212,0.9166,0.8973,0.6498,0.6679,0.6894,0.7144,0.7426,0.7731,0.8053,0.8431,0.9057,1.0361,1.2315,1.1838,1.2916,1.3492,0.8855,0.6823,0.6401,0.8113,0.9143,0.5398,-0.1203,-0.0216,0.2966,0.4325,0.4537,0.4325,0.4378,0.5004,0.6024,0.7223,0.8476,0.9576,1.023,1.0341,1.0075,0.9659,0.6593,0.6761,0.6955,0.7174,0.7418,0.7689,0.7999,0.8393,0.8963,0.9768,1.0561,1.1192,1.3508,1.3969,1.0758,0.9833,0.9747,1.277,1.6003,1.0838,0.5839,0.4402,0.4922,0.5036,0.4235,0.2978,0.2751,0.4046,0.5806,0.7581,0.9419,1.1048,1.1857,1.171,1.1066,1.034,0.6669,0.6825,0.7002,0.7199,0.742,0.7668,0.7957,0.831,0.8753,0.9277,0.9815,1.0422,1.1196,1.1399,1.1965,1.2438,1.1257,1.3173,1.5079,1.3271,1.0278,0.7972,0.6877,0.5817,0.372,0.0473,-0.0169,0.2995,0.5797,0.802,1.0389,1.2614,1.3518,1.2965,1.1881,1.0862,0.673,0.6875,0.7038,0.7219,0.7421,0.7647,0.7905,0.8206,0.8554,0.8939,0.9343,0.9771,1.0209,1.07,1.1692,1.2047,1.1417,1.2428,1.4756,1.5646,1.2263,0.9828,0.8416,0.6924,0.4446,0.0416,-0.0415,0.4255,0.6714,0.8519,1.0822,1.3198,1.4103,1.3384,1.2156,1.1053,0.6779,0.6915,0.7066,0.7232,0.7416,0.762,0.7848,0.8104,0.8386,0.8689,0.9008,0.934,0.9695,1.0122,1.0619,1.0868,1.102,1.186,1.3388,1.3756,1.2084,1.0856,1.0034,0.8651,0.7018,0.6655,0.9382,0.9264,0.8511,0.9009,1.0509,1.2281,1.3096,1.2692,1.1777,1.0869,0.6818,0.6945,0.7085,0.7238,0.7406,0.759,0.7791,0.801,0.8246,0.8497,0.8758,0.9031,0.9323,0.9639,0.9952,1.0215,1.0527,1.1073,1.1706,1.1882,1.173,1.2233,1.2303,1.063,0.9179,1.0049,1.2647,1.1479,0.9682,0.9345,1.0006,1.1,1.1598,1.1528,1.1039,1.0438,0.6849,0.6968,0.7098,0.7239,0.7392,0.7557,0.7735,0.7926,0.8129,0.8341,0.8563,0.8793,0.9033,0.9282,0.9531,0.9782,1.0073,1.0436,1.0811,1.1147,1.1801,1.3265,1.3712,1.1777,1.0136,1.013,1.0895,1.0587,0.975,0.9407,0.9627,1.01,1.046,1.051,1.0292,0.994,0.6873,0.6985,0.7105,0.7235,0.7374,0.7524,0.7683,0.7851,0.8028,0.8212,0.8403,0.8601,0.8804,0.9013,0.9227,0.9451,0.97,0.9983,1.0302,1.0716,1.142,1.2397,1.2585,1.145,1.0287,0.9872,0.9898,0.9767,0.9462,0.9284,0.9344,0.9549,0.9736,0.9789,0.9691,0.9489]}]