docs/data/wind_grid.json
[{"header":{"la1":42.85,"la2":41.18,"lo1":11.55,"lo2":14.05,"nx":36,"ny":24,"dx":0.07143,"dy":0.07261,"parameterCategory":2,"parameterNumber":2,"parameterNumberName":"eastward_wind","parameterUnit":"m.s-1"},"data":[2.9796,2.9909,3.0029,3.015,3.026,3.0336,3.0344,3.0249,3.0024,2.9664,2.919,2.8641,2.8056,2.7467,2.6897,2.6365,2.5886,2.5478,2.516,2.494,2.4813,2.4763,2.4765,2.4799,2.4848,2.4904,2.4962,2.502,2.5078,2.5137,2.5196,2.5256,2.5316,2.5377,2.5437,2.5496,2.9947,3.0097,3.0269,3.046,3.066,3.0838,3.0945,3.0911,3.068,3.0236,2.9624,2.8914,2.8172,2.7442,2.6746,2.6098,2.5514,2.502,2.4649,2.442,2.4326,2.4333,2.4398,2.4487,2.4582,2.4672,2.4756,2.4835,2.4911,2.4984,2.5057,2.5129,2.52,2.5271,2.5341,2.5409,3.0083,3.0271,3.0502,3.0782,3.1109,3.1455,3.1744,3.1848,3.1631,3.1053,3.0212,2.9258,2.8302,2.7394,2.6545,2.5754,2.5029,2.4408,2.3956,2.3726,2.3703,2.3814,2.398,2.4149,2.4301,2.4431,2.4543,2.4643,2.4735,2.4824,2.4911,2.4996,2.508,2.5163,2.5243,2.5322,3.0193,3.0416,3.0705,3.1085,3.1579,3.2186,3.2818,3.3232,3.3087,3.2259,3.1003,2.9665,2.842,2.7302,2.6283,2.5326,2.4411,2.3584,2.2988,2.2769,2.29,2.3203,2.3524,2.3798,2.4015,2.4184,2.4323,2.4442,2.4551,2.4655,2.4757,2.4858,2.4956,2.5052,2.5144,2.5233,3.0265,3.0509,3.0842,3.1313,3.1996,3.2969,3.4215,3.5343,3.5438,3.406,3.2,3.0071,2.8473,2.7133,2.5948,2.4825,2.3674,2.2502,2.1607,2.1431,2.1894,2.2531,2.3069,2.3461,2.3737,2.3939,2.4096,2.4231,2.4355,2.4476,2.4595,2.4713,2.4828,2.4938,2.5044,2.5145,3.0289,3.0532,3.0875,3.1393,3.2219,3.3575,3.5728,3.8369,3.917,3.649,3.2972,3.0303,2.8369,2.6836,2.5516,2.428,2.2932,2.1274,1.9775,1.9711,2.082,2.1927,2.2687,2.317,2.348,2.3693,2.3858,2.4002,2.4142,2.4282,2.4422,2.4561,2.4695,2.4823,2.4945,2.5058,3.0264,3.0476,3.078,3.1261,3.2082,3.3572,3.6351,4.0773,4.2762,3.8079,3.3151,3.0101,2.8029,2.6348,2.4896,2.3657,2.2389,2.0549,1.8453,1.8525,2.024,2.1628,2.2462,2.2948,2.324,2.3435,2.3592,2.3743,2.39,2.4066,2.4234,2.44,2.4559,2.4708,2.4846,2.4974,3.0196,3.0347,3.0559,3.0911,3.155,3.272,3.4851,3.817,3.9482,3.5672,3.1866,2.9426,2.7505,2.5614,2.3821,2.2604,2.1912,2.0905,1.9523,1.9495,2.0688,2.1738,2.2394,2.2772,2.2987,2.3132,2.3268,2.3427,2.3614,2.3819,2.4029,2.4232,2.4421,2.4594,2.4751,2.4893,3.0103,3.017,3.0244,3.0403,3.0798,3.15,3.2409,3.3197,3.2918,3.1433,3.0012,2.8715,2.7085,2.4689,2.1643,2.0092,2.0731,2.115,2.0945,2.0956,2.1423,2.1968,2.2359,2.2568,2.2657,2.2719,2.2829,2.3016,2.3262,2.3535,2.3805,2.4058,2.4284,2.4484,2.4661,2.4818,3.0009,2.9986,2.9888,2.9796,3.003,3.0595,3.0884,3.0395,2.8941,2.8124,2.8608,2.8475,2.7285,2.4317,1.7718,1.442,1.8852,2.0692,2.0996,2.1221,2.1611,2.1999,2.2224,2.2245,2.2146,2.2086,2.2185,2.2453,2.282,2.3208,2.357,2.3886,2.4156,2.4385,2.4581,2.4751,2.9948,2.9864,2.962,2.9236,2.9383,3.0246,3.0597,2.9777,2.6456,2.4792,2.7937,2.8935,2.8521,2.6606,1.9522,1.4518,1.9189,1.9844,1.9663,2.0333,2.1218,2.18,2.1958,2.1723,2.1294,2.103,2.118,2.167,2.2278,2.2854,2.334,2.3733,2.4047,2.4302,2.4513,2.4693,2.9939,2.9866,2.965,2.9319,2.9512,3.0501,3.1297,3.1462,2.8993,2.7024,2.9035,3.0091,3.0275,3.0677,2.834,2.3765,2.0814,1.654,1.5546,1.8371,2.0575,2.1576,2.1648,2.0944,1.9823,1.9177,1.9595,2.0627,2.1676,2.2521,2.3153,2.362,2.3969,2.424,2.4459,2.4644,2.9972,2.9964,2.9914,2.9906,3.0232,3.1002,3.1994,3.2985,3.207,3.053,3.0832,3.1947,3.1762,3.1707,3.065,2.6466,2.0599,0.899,0.8707,1.6743,2.041,2.1642,2.1478,1.999,1.7462,1.6085,1.7374,1.9497,2.1174,2.2309,2.3061,2.3571,2.3931,2.42,2.4416,2.4601,3.0015,3.0074,3.0147,3.03,3.0634,3.1187,3.1889,3.2506,3.2186,3.1555,3.1925,3.3895,3.4145,2.9332,2.9417,2.6462,2.219,1.4877,1.3616,1.8668,2.1377,2.2196,2.1715,1.9526,1.5346,1.3042,1.5689,1.8951,2.1071,2.2338,2.311,2.36,2.3929,2.4172,2.4373,2.4555,3.0045,3.0142,3.0269,3.0457,3.074,3.1117,3.1524,3.1811,3.1878,3.2148,3.2688,3.2798,3.1719,3.1,2.9218,2.5355,2.2513,2.1951,2.1053,2.199,2.2839,2.3019,2.2466,2.0519,1.6948,1.4905,1.6997,1.9751,2.1571,2.2655,2.3298,2.3685,2.3935,2.4129,2.4311,2.4493,3.005,3.0163,3.0303,3.0484,3.0714,3.0987,3.1273,3.1557,3.197,3.2954,3.4826,3.3837,3.2586,3.0892,2.9286,2.6056,2.3657,2.4105,2.3957,2.3769,2.3368,2.3439,2.3344,2.2278,2.0548,1.9541,2.0179,2.1434,2.2467,2.3153,2.3553,2.3762,2.3887,2.402,2.4194,2.4398,3.0032,3.0147,3.0282,3.0446,3.0639,3.0862,3.1114,3.1433,3.1952,3.2958,3.4439,3.3504,3.2175,3.1567,2.9999,2.814,2.6545,2.5665,2.5151,2.4709,2.3524,2.3746,2.415,2.3714,2.2936,2.2441,2.249,2.2877,2.3324,2.3644,2.376,2.3717,2.3674,2.3766,2.3986,2.4259,2.9994,3.0104,3.0229,3.0374,3.054,3.0731,3.0956,3.1244,3.1647,3.2178,3.2552,3.2253,3.182,3.1597,3.0888,3.0101,2.82,2.5887,2.434,2.5825,2.564,2.5331,2.5243,2.4797,2.4084,2.346,2.3299,2.3581,2.3912,2.4031,2.3833,2.3413,2.3149,2.3293,2.3679,2.4093,2.9942,3.0043,3.0155,3.0282,3.0424,3.0585,3.0771,3.0991,3.1247,3.1497,3.1613,3.1514,3.1354,3.1369,3.2527,3.3085,2.9785,2.7169,2.6331,2.8881,2.8183,2.7204,2.6551,2.5731,2.4491,2.2989,2.2668,2.3694,2.4339,2.4386,2.3824,2.284,2.232,2.2695,2.3378,2.3974,2.9879,2.9969,3.0068,3.0177,3.0296,3.0426,3.057,3.0724,3.0879,3.1002,3.1049,3.1014,3.0986,3.1224,3.2237,3.2461,3.0378,2.9464,3.2013,3.3559,3.0349,2.8887,2.8057,2.687,2.5122,2.3006,2.2571,2.4224,2.4954,2.4919,2.4073,2.2627,2.1926,2.2489,2.3342,2.4016,2.9808,2.9888,2.9973,3.0064,3.0161,3.0264,3.0369,3.0474,3.0566,3.0629,3.0649,3.0635,3.0639,3.0758,3.0987,3.0835,3.018,3.0109,3.1319,3.1866,3.0917,3.0742,3.0368,2.8708,2.6599,2.5262,2.5414,2.5613,2.5906,2.5829,2.4963,2.3603,2.2856,2.3133,2.3747,2.4286,2.9733,2.9802,2.9874,2.9949,3.0026,3.0104,3.0179,3.0248,3.0302,3.0334,3.0338,3.0322,3.0308,3.0314,3.03,3.0163,2.9966,3.003,3.0469,3.0955,3.1868,3.4024,3.4541,3.1418,2.8192,2.6463,2.6011,2.6314,2.7236,2.7245,2.6308,2.5125,2.4355,2.4218,2.443,2.472,2.9655,2.9714,2.9773,2.9834,2.9894,2.9952,3.0005,3.0048,3.0078,3.009,3.0083,3.006,3.0028,2.999,2.9934,2.9853,2.9807,2.9916,3.0275,3.1047,3.2916,3.6475,3.752,3.3327,2.9431,2.7425,2.6861,2.7706,2.932,2.8879,2.7524,2.6333,2.5544,2.5183,2.5117,2.5193,2.9576,2.9625,2.9674,2.9722,2.9768,2.981,2.9845,2.9872,2.9886,2.9886,2.9871,2.9842,2.9804,2.9758,2.9708,2.9669,2.9684,2.9825,3.0191,3.0972,3.2512,3.4635,3.5039,3.2569,2.9836,2.8233,2.7799,2.8509,2.9601,2.9183,2.8003,2.6983,2.6276,2.5862,2.5671,2.5618]},{"header":{"la1":42.85,"la2":41.18,"lo1":11.55,"lo2":14.05,"nx":36,"ny":24,"dx":0.07143,"dy":0.07261,"parameterCategory":2,"parameterNumber":3,"parameterNumberName":"northward_wind","parameterUnit":"m.s-1"},"data":[0.7111,0.7352,0.761,0.7876,0.8134,0.8352,0.8492,0.8507,0.8365,0.8061,0.7623,0.7093,0.6513,0.5911,0.5303,0.4701,0.4118,0.3572,0.3082,0.2658,0.23,0.1993,0.1722,0.1474,0.1242,0.1023,0.0819,0.063,0.0458,0.0304,0.0168,0.0049,-0.0052,-0.0139,-0.0212,-0.0271,0.7311,0.7606,0.7936,0.83,0.868,0.9041,0.9316,0.9422,0.9288,0.8904,0.8325,0.7638,0.6913,0.6183,0.5459,0.4742,0.4044,0.3394,0.2828,0.2368,0.2007,0.1717,0.1464,0.1228,0.1,0.078,0.0572,0.0381,0.0207,0.0054,-0.0079,-0.0193,-0.0289,-0.0368,-0.0433,-0.0484,0.7484,0.7833,0.8245,0.8729,0.9281,0.9864,1.0381,1.067,1.0568,1.0039,0.9216,0.8283,0.7361,0.6481,0.5624,0.4766,0.3908,0.3101,0.2424,0.1931,0.1602,0.1365,0.1156,0.0944,0.0724,0.0504,0.0292,0.0097,-0.0077,-0.0228,-0.0355,-0.0462,-0.0549,-0.0618,-0.0673,-0.0714,0.7615,0.8011,0.8503,0.9122,0.9897,1.0823,1.1782,1.2465,1.2455,1.1632,1.0343,0.9016,0.7841,0.6804,0.5816,0.479,0.37,0.2628,0.1765,0.1256,0.1038,0.0928,0.0802,0.0626,0.0414,0.0189,-0.0029,-0.0228,-0.0401,-0.0547,-0.0665,-0.0761,-0.0835,-0.0892,-0.0933,-0.0962,0.7687,0.8112,0.8662,0.9405,1.0431,1.1834,1.358,1.5154,1.5425,1.3921,1.1697,0.976,0.8305,0.7158,0.6085,0.4886,0.3454,0.1897,0.0663,0.0196,0.0282,0.0425,0.042,0.028,0.0066,-0.0172,-0.0402,-0.0605,-0.0775,-0.091,-0.1014,-0.1093,-0.115,-0.1189,-0.1215,-0.1227,0.7687,0.8109,0.8673,0.9479,1.0696,1.2604,1.5511,1.8971,2.0063,1.6926,1.2987,1.0306,0.8677,0.7567,0.6538,0.5222,0.3351,0.0957,-0.1047,-0.1318,-0.0573,-0.0058,0.0049,-0.0087,-0.033,-0.0597,-0.0844,-0.105,-0.121,-0.1326,-0.1407,-0.1461,-0.1494,-0.1512,-0.1517,-0.1512,0.7614,0.7992,0.8501,0.9257,1.0476,1.2574,1.63,2.1993,2.4494,1.8876,1.3304,1.0349,0.8898,0.8103,0.7367,0.6113,0.3878,0.0576,-0.2451,-0.2443,-0.1051,-0.0358,-0.0282,-0.0492,-0.0802,-0.1116,-0.1384,-0.1586,-0.1722,-0.1805,-0.185,-0.1868,-0.187,-0.186,-0.1842,-0.1815,0.7477,0.7772,0.8152,0.873,0.9712,1.1422,1.4373,1.8741,2.0481,1.6025,1.1872,0.9808,0.9006,0.8905,0.8917,0.8042,0.5602,0.2066,-0.0943,-0.1398,-0.0709,-0.0456,-0.0623,-0.0986,-0.1402,-0.1779,-0.2065,-0.2245,-0.2333,-0.2357,-0.2344,-0.2314,-0.2275,-0.2232,-0.2187,-0.2137,0.7301,0.7485,0.7676,0.798,0.8626,0.9751,1.1223,1.2581,1.2599,1.1091,0.9718,0.9028,0.9075,1.0067,1.1875,1.1988,0.8542,0.4359,0.1453,0.0159,-0.0296,-0.0649,-0.1108,-0.1657,-0.2211,-0.2667,-0.2954,-0.3071,-0.3063,-0.2988,-0.289,-0.2794,-0.2706,-0.2627,-0.2552,-0.2477,0.7123,0.7195,0.7161,0.7113,0.7496,0.8429,0.9187,0.9225,0.837,0.7781,0.8066,0.8359,0.8996,1.1022,1.6775,1.9712,1.1635,0.517,0.1714,0.0105,-0.0662,-0.122,-0.1849,-0.2596,-0.3346,-0.3908,-0.4157,-0.4123,-0.3931,-0.3695,-0.3477,-0.3298,-0.3156,-0.304,-0.2936,-0.2836,0.6974,0.6982,0.6786,0.6375,0.6577,0.7797,0.8569,0.8333,0.6486,0.5551,0.7181,0.7952,0.8649,1.0163,1.5668,1.9741,1.0026,0.2646,-0.082,-0.1685,-0.1837,-0.2152,-0.2838,-0.387,-0.4989,-0.5737,-0.5842,-0.5466,-0.4934,-0.445,-0.4078,-0.381,-0.3617,-0.3469,-0.3341,-0.3218,0.6866,0.6893,0.6755,0.6446,0.6688,0.7928,0.9006,0.9406,0.7854,0.6579,0.7331,0.7876,0.8431,0.9257,0.9467,0.8794,0.3361,-0.4609,-0.7064,-0.4846,-0.3382,-0.3184,-0.3941,-0.5514,-0.7448,-0.8581,-0.8237,-0.7109,-0.6001,-0.5185,-0.4647,-0.4306,-0.4082,-0.3918,-0.3774,-0.3628,0.6776,0.6869,0.6912,0.6979,0.7385,0.8319,0.9545,1.0689,0.9767,0.806,0.7705,0.8276,0.8368,0.9269,0.849,0.4949,-0.1703,-1.4853,-1.5313,-0.7479,-0.4478,-0.3973,-0.4903,-0.7345,-1.096,-1.289,-1.133,-0.8792,-0.6915,-0.5775,-0.5128,-0.4769,-0.4556,-0.4399,-0.4248,-0.408,0.6668,0.681,0.6964,0.7187,0.7595,0.827,0.9171,0.9991,0.9422,0.7924,0.7555,0.9128,0.9341,0.4709,0.5608,0.197,-0.3272,-0.9924,-1.1029,-0.6552,-0.459,-0.4368,-0.5382,-0.8425,-1.3909,-1.6867,-1.358,-0.9675,-0.7316,-0.6086,-0.5485,-0.5208,-0.5067,-0.4948,-0.4794,-0.4593,0.6522,0.6678,0.6857,0.7085,0.7401,0.7815,0.8251,0.8431,0.79,0.6954,0.6541,0.7026,0.6601,0.598,0.4169,-0.2278,-0.8284,-0.5384,-0.5101,-0.4585,-0.4609,-0.4731,-0.5281,-0.7607,-1.2033,-1.4578,-1.2067,-0.8884,-0.6989,-0.6087,-0.575,-0.5686,-0.569,-0.5629,-0.5458,-0.5192,0.6339,0.6483,0.6641,0.682,0.7024,0.7227,0.735,0.7236,0.6739,0.5869,0.4628,0.6664,0.6553,0.5709,0.3628,-0.1724,-0.6059,-0.3685,-0.3054,-0.4006,-0.6026,-0.571,-0.4987,-0.5877,-0.7807,-0.8982,-0.8273,-0.6998,-0.619,-0.5929,-0.605,-0.6339,-0.6559,-0.6548,-0.6299,-0.5899,0.6129,0.6247,0.6368,0.649,0.6601,0.6674,0.6655,0.6477,0.6095,0.5493,0.4734,0.5803,0.7229,0.7424,0.4102,0.1014,-0.1025,-0.1425,-0.1697,-0.3203,-0.6157,-0.5665,-0.4433,-0.4475,-0.5008,-0.5294,-0.523,-0.5191,-0.5376,-0.5834,-0.656,-0.737,-0.7879,-0.7837,-0.7363,-0.671,0.5901,0.5991,0.6075,0.6147,0.6195,0.6199,0.6132,0.5975,0.5735,0.5477,0.5392,0.582,0.7138,0.7081,0.3534,0.1452,0.0303,-0.0555,-0.0839,-0.1478,-0.2993,-0.3544,-0.341,-0.3428,-0.3377,-0.3035,-0.3039,-0.3791,-0.4789,-0.5932,-0.7392,-0.898,-0.9855,-0.9553,-0.8592,-0.7541,0.5668,0.573,0.5781,0.5815,0.5823,0.5791,0.5711,0.558,0.5416,0.5267,0.5197,0.5239,0.521,0.4102,0.1268,0.0339,0.0528,-0.0119,-0.0373,-0.0082,-0.1052,-0.203,-0.2545,-0.2751,-0.2433,-0.1263,-0.1031,-0.2832,-0.4551,-0.6193,-0.8352,-1.0934,-1.219,-1.1305,-0.9668,-0.8193,0.5434,0.5472,0.5497,0.5502,0.5482,0.543,0.5342,0.522,0.5074,0.4918,0.4753,0.4524,0.4035,0.2915,0.1206,0.0587,0.0682,0.0471,0.1113,0.1566,-0.0127,-0.1423,-0.2177,-0.2548,-0.2366,-0.1087,-0.0784,-0.3202,-0.4914,-0.6523,-0.8763,-1.1714,-1.3119,-1.1928,-1.0026,-0.8418,0.5204,0.5222,0.5225,0.5209,0.5169,0.5102,0.5004,0.4877,0.4721,0.4534,0.4298,0.396,0.343,0.2641,0.1764,0.1199,0.0866,0.0629,0.0768,0.07,-0.043,-0.1613,-0.2315,-0.2727,-0.3062,-0.3502,-0.4719,-0.5102,-0.5918,-0.705,-0.8447,-1.0376,-1.1477,-1.0829,-0.9456,-0.8142,0.4982,0.4982,0.4968,0.4934,0.4879,0.4798,0.469,0.4552,0.4382,0.4171,0.3902,0.3547,0.3076,0.2496,0.1892,0.1367,0.0923,0.0547,0.0239,-0.026,-0.1271,-0.2436,-0.2878,-0.3009,-0.3622,-0.4791,-0.592,-0.6146,-0.769,-0.8341,-0.8403,-0.8912,-0.9391,-0.9179,-0.8437,-0.7552,0.4769,0.4754,0.4724,0.4677,0.4608,0.4517,0.4398,0.4251,0.4069,0.3846,0.357,0.3228,0.2814,0.2339,0.1841,0.1352,0.0882,0.0417,-0.009,-0.0786,-0.1843,-0.3016,-0.3269,-0.3153,-0.3776,-0.4883,-0.5982,-0.7956,-1.1055,-1.0449,-0.8929,-0.8297,-0.8149,-0.7931,-0.7482,-0.6896,0.4565,0.4538,0.4496,0.4436,0.4357,0.4256,0.4129,0.3974,0.3786,0.356,0.3288,0.2966,0.2593,0.2177,0.1733,0.1274,0.0802,0.0303,-0.0263,-0.0968,-0.1846,-0.2668,-0.2977,-0.3137,-0.378,-0.4864,-0.6365,-0.8912,-1.1495,-1.0773,-0.9009,-0.7954,-0.7448,-0.7108,-0.6736,-0.6301]}]