docs/data/wind_grid.json
[{"header":{"la1":42.85,"la2":41.18,"lo1":11.55,"lo2":14.05,"nx":36,"ny":24,"dx":0.07143,"dy":0.07261,"parameterCategory":2,"parameterNumber":2,"parameterNumberName":"eastward_wind","parameterUnit":"m.s-1"},"data":[0.7343,0.7299,0.727,0.7254,0.725,0.7254,0.7266,0.7283,0.7303,0.732,0.7321,0.7291,0.7218,0.7094,0.6916,0.6689,0.6422,0.6133,0.5841,0.5573,0.5358,0.5235,0.5232,0.5353,0.5564,0.5817,0.6074,0.6314,0.6527,0.6713,0.6873,0.7011,0.7132,0.7238,0.7332,0.7416,0.7188,0.7134,0.7099,0.7083,0.7082,0.709,0.7105,0.7131,0.7169,0.7213,0.7243,0.7235,0.7166,0.7026,0.681,0.6522,0.6174,0.5788,0.5394,0.502,0.4702,0.4509,0.4517,0.4734,0.5082,0.5466,0.5826,0.6137,0.6397,0.6614,0.6794,0.6947,0.7077,0.719,0.729,0.7379,0.7,0.6929,0.6886,0.6871,0.6874,0.6884,0.6895,0.6919,0.6976,0.7065,0.7148,0.7179,0.7125,0.6969,0.6706,0.6339,0.5879,0.5359,0.4829,0.4315,0.3823,0.3473,0.3493,0.3911,0.451,0.5095,0.5587,0.5978,0.6286,0.653,0.6727,0.689,0.7028,0.7146,0.725,0.7342,0.6769,0.667,0.6614,0.6602,0.6618,0.6629,0.6616,0.6606,0.6673,0.6838,0.7024,0.7128,0.7099,0.6927,0.661,0.6144,0.5525,0.4802,0.4095,0.345,0.2686,0.1935,0.1969,0.2849,0.39,0.4762,0.5399,0.5862,0.6204,0.6465,0.6672,0.6841,0.6983,0.7104,0.7211,0.7306,0.6483,0.6337,0.6254,0.6251,0.6302,0.633,0.6256,0.6117,0.6146,0.6473,0.6866,0.7093,0.7098,0.6902,0.6526,0.5949,0.5114,0.4029,0.3015,0.2429,0.1488,-0.0244,-0.0121,0.1762,0.3449,0.4579,0.5314,0.5809,0.616,0.6422,0.6628,0.6797,0.694,0.7064,0.7172,0.727,0.6137,0.5903,0.5757,0.5762,0.5901,0.6015,0.5861,0.5374,0.5207,0.5924,0.6722,0.7113,0.7132,0.6883,0.6438,0.5782,0.4731,0.3003,0.1062,0.0956,0.109,-0.1445,-0.1152,0.1567,0.3516,0.4668,0.5369,0.5826,0.6148,0.6393,0.659,0.6755,0.6897,0.7021,0.7131,0.723,0.574,0.5355,0.5062,0.5034,0.5348,0.5719,0.5645,0.4734,0.4173,0.555,0.6781,0.7252,0.7201,0.6813,0.6253,0.5614,0.4625,0.2461,-0.1147,-0.083,0.2138,0.1621,0.1558,0.2986,0.4224,0.5024,0.5535,0.5884,0.6147,0.6361,0.6544,0.6705,0.6847,0.6973,0.7085,0.7187,0.5342,0.475,0.4182,0.3985,0.4557,0.5419,0.5827,0.5421,0.5163,0.6288,0.7256,0.7556,0.7299,0.6574,0.5657,0.5083,0.478,0.3685,0.1604,0.2274,0.5225,0.5599,0.489,0.484,0.5144,0.5454,0.5702,0.5914,0.6111,0.6299,0.6477,0.6639,0.6785,0.6915,0.7031,0.7136,0.5032,0.4269,0.3499,0.3119,0.3787,0.5096,0.6156,0.6666,0.7034,0.7571,0.7971,0.8006,0.7472,0.606,0.3839,0.2945,0.4336,0.5272,0.5342,0.631,0.855,0.8204,0.6748,0.605,0.5788,0.5701,0.5716,0.5819,0.5983,0.6176,0.637,0.6548,0.6706,0.6844,0.6966,0.7075,0.4872,0.3984,0.3158,0.2795,0.2981,0.4706,0.6436,0.7487,0.8154,0.8498,0.8623,0.8573,0.7945,0.5779,-0.0254,-0.3555,0.3011,0.6417,0.7386,0.7774,0.8357,0.8167,0.7284,0.6507,0.5915,0.5529,0.5394,0.5483,0.5704,0.5966,0.6214,0.6429,0.6608,0.6758,0.6886,0.7001,0.4898,0.3804,0.2135,-0.0613,0.0081,0.4234,0.6792,0.7971,0.8718,0.8943,0.9075,0.9223,0.8933,0.7491,0.1408,-0.3339,0.4692,0.8417,0.9358,0.9086,0.8593,0.8079,0.7324,0.6344,0.5334,0.4637,0.4493,0.4783,0.5232,0.5664,0.6017,0.6287,0.6492,0.6654,0.6789,0.6909,0.5197,0.4099,0.2302,-0.0213,0.0667,0.4967,0.7389,0.8124,0.8629,0.9027,0.9487,0.9857,0.9969,0.9839,0.8973,0.7949,0.9645,1.1875,1.2244,1.0838,0.9498,0.8395,0.7177,0.5543,0.364,0.2447,0.2662,0.3631,0.4594,0.5316,0.5808,0.6136,0.6361,0.6528,0.6665,0.6792,0.5781,0.5012,0.4049,0.3375,0.433,0.6516,0.7875,0.8019,0.8379,0.9321,1.0001,1.0112,1.0466,1.0336,1.0774,1.2115,1.2963,1.5631,1.5574,1.219,1.0103,0.8551,0.6833,0.4157,0.0317,-0.1889,-0.0288,0.2215,0.3976,0.5029,0.5639,0.5994,0.6212,0.6367,0.6502,0.6637,0.6503,0.6107,0.5789,0.5834,0.6531,0.7567,0.8225,0.83,0.8749,0.9966,1.0672,0.9734,0.9701,1.427,1.3351,1.5591,1.4958,1.4725,1.4329,1.1945,0.9842,0.8264,0.6518,0.3151,-0.2994,-0.6607,-0.2734,0.1421,0.3754,0.4952,0.5557,0.5858,0.6021,0.6142,0.6272,0.6425,0.7209,0.7066,0.7047,0.7262,0.7746,0.8342,0.8821,0.9209,0.995,1.1141,1.203,1.2075,1.2675,1.4003,1.4299,1.6321,1.5604,1.4252,1.283,1.0651,0.8154,0.7089,0.64,0.3952,-0.0899,-0.387,-0.1073,0.2275,0.4201,0.5144,0.5548,0.5682,0.5725,0.5793,0.5931,0.6129,0.7823,0.7824,0.7929,0.8176,0.8562,0.9027,0.952,1.0117,1.1021,1.2394,1.4114,1.3793,1.3449,1.3517,1.395,1.4737,1.5023,1.392,1.2285,0.8993,0.3675,0.4347,0.6317,0.5691,0.3618,0.2248,0.2895,0.4194,0.5088,0.5482,0.5509,0.5343,0.5195,0.5213,0.5413,0.5721,0.8335,0.8413,0.8571,0.8826,0.9173,0.9598,1.0101,1.0734,1.1587,1.2742,1.3986,1.372,1.3589,1.3689,1.3856,1.4174,1.4151,1.3679,1.2743,0.9579,0.3112,0.4233,0.7013,0.7247,0.6471,0.5853,0.5756,0.5883,0.5937,0.5755,0.5275,0.4637,0.4208,0.4247,0.4654,0.5193,0.8753,0.8873,0.9056,0.9311,0.9637,1.0034,1.0508,1.1078,1.1756,1.2494,1.3078,1.333,1.3614,1.3832,1.4486,1.4892,1.4465,1.4152,1.4081,1.2889,0.9873,0.8721,0.8944,0.8653,0.7986,0.7491,0.7215,0.6892,0.6491,0.585,0.4734,0.3313,0.2476,0.2768,0.367,0.4604,0.9094,0.9236,0.943,0.9678,0.9985,1.0349,1.0774,1.1258,1.1786,1.2314,1.277,1.3151,1.3574,1.4329,1.6475,1.7378,1.5376,1.5002,1.543,1.6896,1.4495,1.2236,1.0993,0.9878,0.8683,0.794,0.7754,0.7277,0.6739,0.5865,0.4071,0.1485,0.0133,0.108,0.2749,0.4141,0.9371,0.9524,0.9719,0.9958,1.0242,1.0572,1.0945,1.1355,1.1788,1.2219,1.2633,1.3054,1.3583,1.4506,1.621,1.6787,1.57,1.6399,2.0758,2.3015,1.7497,1.4566,1.2912,1.1118,0.91,0.7878,0.7678,0.6924,0.6722,0.608,0.4067,0.0766,-0.0894,0.0473,0.2507,0.407,0.9596,0.9753,0.9944,1.017,1.0432,1.0729,1.1057,1.141,1.178,1.2156,1.2538,1.2949,1.345,1.4124,1.4894,1.5269,1.5407,1.6455,1.8944,1.9817,1.7715,1.6665,1.5671,1.308,0.9783,0.6933,0.4526,0.5184,0.6693,0.6818,0.5309,0.269,0.1176,0.185,0.3271,0.4507,0.9779,0.9934,1.0118,1.033,1.057,1.0837,1.1128,1.1438,1.1761,1.2095,1.2441,1.2813,1.3232,1.3704,1.417,1.4545,1.4959,1.5719,1.6762,1.7422,1.8186,2.0629,2.113,1.6433,1.104,0.6341,0.245,0.4528,0.7912,0.8441,0.7222,0.5393,0.4131,0.4016,0.458,0.5281,0.9926,1.0078,1.0252,1.0449,1.0669,1.091,1.1169,1.1444,1.1731,1.2027,1.2336,1.2661,1.3008,1.3371,1.3733,1.409,1.4507,1.5073,1.5803,1.6822,1.9104,2.3898,2.5397,1.9019,1.2661,0.836,0.632,0.8104,1.113,1.0623,0.8911,0.7333,0.6241,0.5794,0.5839,0.612,1.0045,1.019,1.0354,1.0537,1.0739,1.0956,1.1189,1.1434,1.1689,1.1953,1.2225,1.2508,1.2801,1.3102,1.3408,1.3731,1.4105,1.4581,1.5236,1.6296,1.8283,2.1152,2.1643,1.781,1.3341,1.0273,0.9065,0.9998,1.1596,1.1076,0.9627,0.8371,0.7483,0.6986,0.6817,0.6858]},{"header":{"la1":42.85,"la2":41.18,"lo1":11.55,"lo2":14.05,"nx":36,"ny":24,"dx":0.07143,"dy":0.07261,"parameterCategory":2,"parameterNumber":3,"parameterNumberName":"northward_wind","parameterUnit":"m.s-1"},"data":[0.346,0.3642,0.3824,0.4003,0.4171,0.4312,0.4399,0.4399,0.429,0.4074,0.3778,0.3447,0.3121,0.2826,0.2575,0.2369,0.2208,0.2091,0.2012,0.1964,0.1931,0.1892,0.1825,0.1722,0.1585,0.1425,0.1255,0.1082,0.0914,0.0751,0.0597,0.0452,0.0316,0.0189,0.0071,-0.0037,0.3682,0.3905,0.4136,0.4376,0.4623,0.4858,0.5039,0.5101,0.4985,0.4685,0.4261,0.3795,0.3357,0.2981,0.2676,0.2437,0.2259,0.2138,0.2073,0.2058,0.2071,0.2073,0.2022,0.1903,0.1729,0.1528,0.132,0.1116,0.0922,0.074,0.057,0.0411,0.0264,0.0128,0.0003,-0.0111,0.3918,0.4188,0.4474,0.4786,0.514,0.5531,0.5898,0.6104,0.6001,0.5555,0.4898,0.4211,0.3612,0.3134,0.2769,0.2493,0.2292,0.2164,0.2116,0.2154,0.2255,0.2341,0.2316,0.2153,0.1908,0.1641,0.1382,0.1141,0.0919,0.0716,0.0529,0.0357,0.0199,0.0054,-0.0078,-0.0198,0.4168,0.4492,0.4833,0.5219,0.5703,0.6336,0.707,0.7632,0.7607,0.6863,0.5749,0.4688,0.3864,0.3273,0.2852,0.254,0.2306,0.2153,0.211,0.2223,0.2493,0.2767,0.277,0.2487,0.2109,0.1748,0.1428,0.1147,0.0898,0.0674,0.0471,0.0286,0.0117,-0.0037,-0.0176,-0.0301,0.4439,0.483,0.5225,0.5657,0.6249,0.7207,0.8639,1.0103,1.0375,0.8905,0.6828,0.516,0.4067,0.3384,0.2933,0.2593,0.2307,0.208,0.1983,0.2167,0.2736,0.3416,0.3406,0.2843,0.2273,0.1812,0.1437,0.1122,0.0849,0.0608,0.0391,0.0194,0.0015,-0.0147,-0.0293,-0.0423,0.4736,0.5233,0.57,0.6119,0.6679,0.7894,1.0402,1.3993,1.5248,1.185,0.7886,0.5436,0.4142,0.346,0.3046,0.2701,0.2335,0.1938,0.1613,0.1786,0.2699,0.3792,0.3725,0.2954,0.2293,0.1789,0.1388,0.1055,0.0769,0.0515,0.0287,0.008,-0.0109,-0.0279,-0.0432,-0.0566,0.5048,0.5742,0.6399,0.6774,0.6978,0.7952,1.1107,1.7415,2.053,1.3877,0.7996,0.5212,0.4027,0.3537,0.3276,0.2969,0.2502,0.1884,0.1171,0.1278,0.2408,0.3135,0.3154,0.2676,0.2136,0.1668,0.1276,0.0944,0.0654,0.0394,0.0156,-0.0061,-0.0259,-0.0438,-0.0597,-0.0734,0.5298,0.6309,0.7498,0.8077,0.7413,0.7255,0.9179,1.3599,1.5609,1.0561,0.6257,0.4384,0.3772,0.3724,0.3814,0.3617,0.298,0.222,0.1685,0.1961,0.3044,0.3267,0.2859,0.2378,0.1903,0.1479,0.1114,0.0795,0.0508,0.0244,-0.0001,-0.023,-0.0439,-0.0628,-0.0793,-0.0934,0.5311,0.6548,0.8485,0.9948,0.7882,0.6232,0.6192,0.6826,0.6451,0.4731,0.3578,0.3299,0.354,0.4172,0.5067,0.5185,0.3915,0.269,0.2252,0.2876,0.4605,0.4284,0.2953,0.2166,0.1652,0.1254,0.0919,0.0619,0.0339,0.0071,-0.0187,-0.0431,-0.0655,-0.0856,-0.1028,-0.1171,0.4953,0.5927,0.726,0.8035,0.6316,0.4967,0.404,0.2817,0.068,-0.0309,0.1072,0.2399,0.3472,0.4788,0.7433,0.8804,0.5087,0.2762,0.2046,0.2537,0.3813,0.3649,0.2561,0.1825,0.1356,0.1009,0.0714,0.0437,0.0159,-0.0122,-0.0401,-0.0669,-0.0915,-0.1132,-0.1313,-0.1456,0.4352,0.4859,0.5044,0.4349,0.4255,0.3942,0.3048,0.1384,-0.3284,-0.5659,-0.0652,0.2004,0.373,0.5225,0.7317,0.8874,0.4429,0.1836,0.102,0.1309,0.1936,0.2081,0.1747,0.1358,0.1041,0.0782,0.0539,0.0275,-0.0018,-0.033,-0.0648,-0.0955,-0.1234,-0.1473,-0.1663,-0.1802,0.3725,0.4011,0.411,0.3998,0.3882,0.3449,0.3204,0.2999,-0.0281,-0.2839,-0.008,0.2114,0.444,0.7382,0.6315,0.4175,0.1853,-0.0426,-0.0996,-0.0096,0.0704,0.1086,0.1118,0.0979,0.0811,0.0655,0.0452,0.0167,-0.0179,-0.0557,-0.0941,-0.1309,-0.1637,-0.1904,-0.2101,-0.2229,0.314,0.3328,0.3443,0.345,0.3272,0.3102,0.3635,0.4945,0.3444,0.0765,0.0701,0.2205,0.3887,0.8384,0.65,0.2025,-0.0115,-0.3506,-0.3628,-0.11,0.017,0.0743,0.0885,0.0822,0.0764,0.0732,0.0516,0.0126,-0.0334,-0.0819,-0.1308,-0.1768,-0.2165,-0.2467,-0.2664,-0.2763,0.2588,0.2688,0.273,0.2684,0.2562,0.2573,0.307,0.392,0.2921,0.0425,-0.018,0.2388,0.3335,0.1142,0.127,-0.0063,-0.1111,-0.2549,-0.2573,-0.0838,0.0554,0.1157,0.11,0.0864,0.0838,0.0951,0.0635,0.0073,-0.0531,-0.1159,-0.1795,-0.2393,-0.2888,-0.3228,-0.3404,-0.3438,0.2074,0.2096,0.2064,0.1969,0.1837,0.1755,0.1773,0.1573,0.0281,-0.2009,-0.3594,-0.2982,-0.2314,-0.5442,-0.1256,-0.075,-0.5522,-0.2835,-0.1475,0.0386,0.2567,0.2915,0.1874,0.1039,0.0772,0.0784,0.0459,-0.013,-0.0829,-0.1622,-0.2474,-0.3286,-0.3925,-0.4295,-0.4395,-0.4297,0.1606,0.1564,0.1471,0.132,0.1114,0.085,0.0454,-0.0344,-0.2012,-0.5074,-0.9707,-0.9206,-0.6749,-0.4345,-0.293,-0.3153,-0.491,-0.299,-0.1187,0.2138,0.7896,0.6729,0.2969,0.1222,0.0624,0.0416,0.0122,-0.0409,-0.1194,-0.2227,-0.3434,-0.4616,-0.5479,-0.5834,-0.5735,-0.5373,0.1186,0.1095,0.0953,0.0747,0.0463,0.0066,-0.0533,-0.1514,-0.3154,-0.5839,-0.926,-0.8433,-0.8588,-0.8739,-0.4783,-0.3613,-0.3338,-0.2738,-0.1722,0.1564,0.8609,0.7055,0.278,0.1,0.0475,0.0358,0.0139,-0.0454,-0.1479,-0.2939,-0.4783,-0.6662,-0.7891,-0.8076,-0.7503,-0.666,0.0818,0.069,0.0511,0.0265,-0.0065,-0.0518,-0.1153,-0.2059,-0.3322,-0.4896,-0.6245,-0.685,-0.8651,-0.8907,-0.5711,-0.4638,-0.3776,-0.3176,-0.2971,-0.1794,0.1162,0.1931,0.088,0.0281,0.0436,0.0965,0.0981,0.0031,-0.1526,-0.3667,-0.6571,-0.9756,-1.1568,-1.1159,-0.9615,-0.802,0.0499,0.0347,0.0145,-0.012,-0.0464,-0.0912,-0.1495,-0.2241,-0.3145,-0.4111,-0.4944,-0.5593,-0.6199,-0.6151,-0.6183,-0.6434,-0.4654,-0.3984,-0.4163,-0.5381,-0.3406,-0.173,-0.1131,-0.0586,0.0609,0.2502,0.2895,0.0922,-0.1386,-0.4233,-0.8401,-1.3536,-1.6083,-1.4424,-1.1512,-0.9109,0.0228,0.0062,-0.015,-0.0417,-0.075,-0.1163,-0.1666,-0.226,-0.292,-0.3585,-0.4175,-0.465,-0.4993,-0.5237,-0.5837,-0.601,-0.4992,-0.5294,-0.8645,-1.0436,-0.6108,-0.3962,-0.2915,-0.1673,0.0272,0.2802,0.3331,0.1069,-0.1378,-0.4414,-0.8975,-1.5044,-1.7944,-1.5608,-1.2146,-0.9486,0.0,-0.0171,-0.0383,-0.064,-0.0949,-0.1316,-0.1741,-0.2216,-0.2719,-0.3212,-0.3655,-0.4024,-0.4318,-0.4581,-0.4855,-0.4908,-0.4826,-0.5478,-0.7331,-0.8012,-0.6484,-0.5856,-0.5281,-0.3462,-0.0997,0.1095,0.2026,0.095,-0.1677,-0.4388,-0.7774,-1.2154,-1.459,-1.3465,-1.1095,-0.9008,-0.0189,-0.036,-0.0564,-0.0805,-0.1086,-0.1407,-0.1766,-0.2152,-0.2549,-0.2934,-0.3285,-0.3589,-0.3844,-0.4062,-0.4242,-0.4364,-0.4545,-0.5033,-0.5799,-0.6346,-0.7065,-0.9098,-0.9581,-0.6222,-0.2531,0.0378,0.2699,0.0801,-0.3245,-0.5083,-0.6544,-0.8707,-1.0298,-1.0285,-0.9253,-0.8013,-0.0345,-0.0511,-0.0705,-0.0927,-0.1179,-0.146,-0.1764,-0.2085,-0.2408,-0.2721,-0.3011,-0.3268,-0.3492,-0.3686,-0.3857,-0.4028,-0.4264,-0.465,-0.5212,-0.6057,-0.7922,-1.166,-1.2806,-0.825,-0.3996,-0.1412,-0.0507,-0.3082,-0.7038,-0.6764,-0.6273,-0.6889,-0.7684,-0.7926,-0.7584,-0.6949,-0.0474,-0.0633,-0.0813,-0.1017,-0.1242,-0.1488,-0.1749,-0.202,-0.2291,-0.2554,-0.28,-0.3024,-0.3225,-0.3409,-0.3584,-0.3774,-0.402,-0.4373,-0.4902,-0.5784,-0.7396,-0.9646,-1.0093,-0.7494,-0.4667,-0.3048,-0.3025,-0.5126,-0.7571,-0.7085,-0.6164,-0.6072,-0.6337,-0.6489,-0.6374,-0.605]}]