docs/data/wind_grid.json
{"header": {"la1":42.1,"la2":41.55,"lo1":12.1,"lo2":12.95,"nx":50,"ny":50,"dx":0.01735,"dy":0.01122,"parameterCategory":2,"parameterNumber":3,"parameterNumberName":"northward_wind","parameterUnit":"m.s-1"}, "data":
[rows 0 to 40 of 50, columns 0 to 49 of 50]
-1.8684,-1.937,-2.0098,-2.0709,-2.0989,-2.0763,-1.9988,-1.8769,-1.7294,-1.5752,-1.4279,-1.2954,-1.1808,-1.0844,-1.0047,-0.9398,-0.8874,-0.8457,-0.8129,-0.7875,-0.7679,-0.7523,-0.7387,-0.725,-0.7096,-0.6917,-0.671,-0.6479,-0.6232,-0.5978,-0.5727,-0.5485,-0.5263,-0.5065,-0.4896,-0.476,-0.4654,-0.4578,-0.4526,-0.4493,-0.4473,-0.4462,-0.4457,-0.4458,-0.4463,-0.4473,-0.4488,-0.4509,-0.4536,-0.4568
-1.8637,-1.9266,-1.995,-2.0534,-2.0797,-2.0558,-1.9769,-1.8538,-1.7056,-1.5511,-1.4041,-1.2724,-1.159,-1.0642,-0.9863,-0.9233,-0.873,-0.8334,-0.8029,-0.7799,-0.763,-0.75,-0.7388,-0.7267,-0.712,-0.6936,-0.6716,-0.6467,-0.62,-0.5926,-0.5654,-0.5397,-0.5161,-0.4955,-0.4783,-0.4649,-0.455,-0.4484,-0.4443,-0.4421,-0.441,-0.4405,-0.4405,-0.4407,-0.4412,-0.4422,-0.4437,-0.4458,-0.4486,-0.4519
-1.8549,-1.9076,-1.9667,-2.0176,-2.039,-2.0129,-1.9344,-1.8135,-1.6683,-1.517,-1.373,-1.2442,-1.1337,-1.0416,-0.9664,-0.906,-0.8583,-0.8212,-0.7932,-0.773,-0.7591,-0.7493,-0.7408,-0.7305,-0.7162,-0.697,-0.6732,-0.646,-0.6168,-0.587,-0.5577,-0.53,-0.5051,-0.4837,-0.4664,-0.4534,-0.4446,-0.4392,-0.4366,-0.4357,-0.4357,-0.4359,-0.4362,-0.4364,-0.4368,-0.4376,-0.439,-0.441,-0.4438,-0.4472
-1.8453,-1.8839,-1.9289,-1.9678,-1.9811,-1.9518,-1.8749,-1.7587,-1.6196,-1.4743,-1.3358,-1.2117,-1.1053,-1.017,-0.9453,-0.8881,-0.8433,-0.8091,-0.784,-0.7669,-0.7565,-0.7503,-0.745,-0.7367,-0.7225,-0.7018,-0.6756,-0.6455,-0.6134,-0.5808,-0.5491,-0.5195,-0.4932,-0.471,-0.4537,-0.4415,-0.4341,-0.4305,-0.4298,-0.4306,-0.4317,-0.4326,-0.433,-0.4331,-0.4332,-0.4336,-0.4347,-0.4365,-0.4392,-0.4427
-1.8391,-1.8607,-1.8878,-1.9108,-1.913,-1.8793,-1.8042,-1.6941,-1.5628,-1.4254,-1.294,-1.176,-1.0748,-0.991,-0.9233,-0.8698,-0.8283,-0.7972,-0.7752,-0.7616,-0.7551,-0.7532,-0.7517,-0.7453,-0.7307,-0.7078,-0.6785,-0.645,-0.6095,-0.5739,-0.5395,-0.5078,-0.48,-0.4572,-0.4402,-0.4291,-0.4236,-0.4225,-0.4242,-0.427,-0.4295,-0.4309,-0.4313,-0.4309,-0.4303,-0.4302,-0.4308,-0.4323,-0.4348,-0.4383
-1.8408,-1.8436,-1.8502,-1.8545,-1.8432,-1.8033,-1.729,-1.6248,-1.5018,-1.373,-1.2494,-1.1382,-1.0429,-0.9641,-0.9009,-0.8513,-0.8134,-0.7856,-0.7669,-0.7569,-0.7547,-0.7578,-0.7606,-0.7562,-0.7406,-0.7145,-0.6812,-0.6438,-0.6047,-0.5657,-0.5285,-0.4945,-0.4653,-0.442,-0.4256,-0.4162,-0.4133,-0.4153,-0.4201,-0.4253,-0.4293,-0.4312,-0.4311,-0.4299,-0.4284,-0.4273,-0.4273,-0.4284,-0.4307,-0.4341
-1.8543,-1.8377,-1.8221,-1.8056,-1.7787,-1.7304,-1.6552,-1.5554,-1.4399,-1.3194,-1.2038,-1.0996,-1.0103,-0.9368,-0.8783,-0.8329,-0.7987,-0.7743,-0.7588,-0.7524,-0.7549,-0.7636,-0.7711,-0.7684,-0.7509,-0.7208,-0.6829,-0.6412,-0.5983,-0.5559,-0.5158,-0.4795,-0.4488,-0.4252,-0.4097,-0.4027,-0.4031,-0.4091,-0.4178,-0.4259,-0.4315,-0.4336,-0.4327,-0.4301,-0.4272,-0.425,-0.4241,-0.4246,-0.4266,-0.43
-1.8816,-1.8457,-1.8072,-1.7686,-1.7242,-1.6654,-1.5868,-1.4894,-1.3798,-1.2667,-1.1585,-1.0611,-0.9778,-0.9097,-0.8558,-0.8147,-0.7842,-0.7631,-0.7507,-0.7477,-0.7546,-0.7689,-0.7815,-0.7801,-0.7598,-0.725,-0.6824,-0.6365,-0.5898,-0.5441,-0.5009,-0.4623,-0.4301,-0.4064,-0.3923,-0.3882,-0.393,-0.404,-0.4174,-0.4291,-0.4363,-0.4382,-0.436,-0.4316,-0.4268,-0.4231,-0.4211,-0.421,-0.4227,-0.426
-1.9221,-1.8678,-1.8063,-1.7447,-1.6814,-1.6101,-1.5259,-1.4288,-1.3232,-1.2162,-1.1146,-1.0236,-0.946,-0.883,-0.8338,-0.7968,-0.77,-0.7519,-0.7421,-0.7418,-0.7523,-0.7715,-0.7884,-0.7877,-0.7642,-0.725,-0.6783,-0.6287,-0.5787,-0.5296,-0.4835,-0.4423,-0.4087,-0.385,-0.3727,-0.3723,-0.3825,-0.3998,-0.419,-0.4348,-0.4436,-0.4449,-0.4407,-0.4339,-0.4269,-0.4214,-0.4182,-0.4174,-0.4188,-0.4221
-1.9727,-1.9012,-1.8171,-1.7323,-1.6493,-1.5642,-1.4727,-1.374,-1.271,-1.1688,-1.073,-0.9877,-0.9154,-0.8572,-0.8124,-0.7794,-0.7561,-0.7407,-0.7329,-0.7341,-0.7464,-0.7681,-0.7875,-0.7867,-0.7607,-0.7186,-0.6693,-0.6173,-0.5644,-0.5122,-0.463,-0.4192,-0.384,-0.3603,-0.3502,-0.3543,-0.371,-0.3958,-0.4219,-0.4424,-0.4529,-0.4532,-0.4464,-0.4366,-0.427,-0.4196,-0.4152,-0.4137,-0.4149,-0.4182
-2.0272,-1.9403,-1.835,-1.7278,-1.6253,-1.526,-1.4263,-1.3249,-1.2232,-1.1249,-1.034,-0.9538,-0.8865,-0.8327,-0.792,-0.7628,-0.7427,-0.7297,-0.7231,-0.7244,-0.7359,-0.7566,-0.7751,-0.7736,-0.7472,-0.7049,-0.6551,-0.6018,-0.5466,-0.4915,-0.439,-0.3923,-0.3553,-0.3316,-0.324,-0.3333,-0.3574,-0.3909,-0.4251,-0.4509,-0.463,-0.4619,-0.452,-0.4389,-0.4266,-0.4173,-0.4117,-0.4097,-0.4108,-0.4143
-2.0778,-1.978,-1.8539,-1.7264,-1.6058,-1.4929,-1.3851,-1.2805,-1.1795,-1.0844,-0.9979,-0.9224,-0.8595,-0.8098,-0.7729,-0.7473,-0.7303,-0.7193,-0.7131,-0.713,-0.7214,-0.7373,-0.7515,-0.7488,-0.7241,-0.6843,-0.636,-0.5824,-0.5254,-0.4672,-0.4109,-0.3608,-0.3216,-0.2977,-0.2926,-0.3075,-0.34,-0.3832,-0.4263,-0.458,-0.4719,-0.4692,-0.4562,-0.4398,-0.425,-0.4141,-0.4076,-0.4054,-0.4065,-0.4103
-2.1163,-2.0064,-1.8673,-1.723,-1.5869,-1.4623,-1.3472,-1.2397,-1.1394,-1.0472,-0.9647,-0.8936,-0.8348,-0.7889,-0.7556,-0.7335,-0.7195,-0.7103,-0.7038,-0.7014,-0.705,-0.714,-0.7218,-0.7172,-0.6954,-0.6594,-0.6135,-0.56,-0.5009,-0.4391,-0.3784,-0.324,-0.2817,-0.2571,-0.2545,-0.2752,-0.3164,-0.37,-0.4226,-0.4607,-0.4767,-0.4728,-0.4571,-0.4381,-0.4214,-0.4094,-0.4026,-0.4004,-0.4019,-0.4062
-2.1354,-2.019,-1.8695,-1.7129,-1.5653,-1.4315,-1.3109,-1.2015,-1.1022,-1.0129,-0.9345,-0.8675,-0.8127,-0.7705,-0.7407,-0.722,-0.7112,-0.7035,-0.6962,-0.6907,-0.6894,-0.6917,-0.693,-0.6861,-0.6663,-0.6335,-0.5892,-0.5352,-0.4734,-0.407,-0.3406,-0.2807,-0.2343,-0.2082,-0.2074,-0.2337,-0.2838,-0.3479,-0.4103,-0.4551,-0.474,-0.47,-0.4529,-0.4326,-0.4151,-0.4029,-0.3964,-0.3948,-0.397,-0.4021
-2.1305,-2.0112,-1.8565,-1.693,-1.5382,-1.3987,-1.2748,-1.1648,-1.0672,-0.9813,-0.9069,-0.8442,-0.7934,-0.7548,-0.7285,-0.7135,-0.706,-0.6998,-0.6908,-0.6819,-0.6768,-0.6745,-0.671,-0.6612,-0.6413,-0.6093,-0.565,-0.5091,-0.4432,-0.3707,-0.297,-0.2298,-0.1776,-0.1487,-0.149,-0.1805,-0.239,-0.3132,-0.3853,-0.4373,-0.4603,-0.4581,-0.4419,-0.4222,-0.4054,-0.3943,-0.3889,-0.3885,-0.3919,-0.398
-2.1003,-1.9814,-1.8266,-1.6615,-1.5042,-1.3625,-1.2379,-1.1289,-1.034,-0.9519,-0.8818,-0.8235,-0.7768,-0.7419,-0.7193,-0.7082,-0.7046,-0.6994,-0.6876,-0.675,-0.668,-0.6647,-0.6587,-0.6454,-0.6226,-0.5886,-0.542,-0.4823,-0.4105,-0.33,-0.2467,-0.1699,-0.1097,-0.0763,-0.0766,-0.1125,-0.179,-0.2629,-0.3444,-0.4042,-0.4331,-0.4355,-0.4228,-0.4062,-0.3921,-0.3833,-0.3801,-0.3815,-0.3865,-0.3939
-2.0468,-1.931,-1.7803,-1.6184,-1.4629,-1.3226,-1.1997,-1.0934,-1.0021,-0.9243,-0.8588,-0.805,-0.7625,-0.7316,-0.7128,-0.7058,-0.7058,-0.7012,-0.6852,-0.6691,-0.6634,-0.6636,-0.657,-0.6384,-0.6098,-0.5712,-0.5203,-0.455,-0.3754,-0.2844,-0.1888,-0.0992,-0.0284,0.0117,0.0128,-0.0269,-0.1011,-0.1945,-0.2855,-0.3543,-0.3916,-0.4015,-0.3956,-0.3846,-0.3752,-0.3703,-0.3701,-0.374,-0.381,-0.39
-1.9746,-1.8636,-1.7201,-1.5651,-1.4151,-1.2791,-1.1601,-1.0579,-0.9711,-0.898,-0.8375,-0.7883,-0.7502,-0.7231,-0.7079,-0.7044,-0.707,-0.7015,-0.6811,-0.6628,-0.6624,-0.6711,-0.6642,-0.6373,-0.6007,-0.556,-0.4994,-0.4271,-0.3376,-0.2335,-0.1222,-0.0162,0.0689,0.1183,0.122,0.0786,-0.0037,-0.1072,-0.2089,-0.2884,-0.3365,-0.3571,-0.3608,-0.3581,-0.3553,-0.3555,-0.3593,-0.3663,-0.3756,-0.3866
-1.889,-1.7839,-1.6496,-1.504,-1.3621,-1.2327,-1.1193,-1.0224,-0.9407,-0.8728,-0.8172,-0.7727,-0.7388,-0.7154,-0.703,-0.7012,-0.7038,-0.6961,-0.6725,-0.6544,-0.6621,-0.683,-0.6746,-0.6364,-0.5913,-0.541,-0.4787,-0.3983,-0.2971,-0.1771,-0.0462,0.0807,0.1844,0.246,0.2534,0.2056,0.1135,-0.0021,-0.1165,-0.209,-0.2706,-0.3045,-0.3204,-0.3278,-0.3331,-0.3395,-0.3481,-0.3587,-0.3707,-0.3837
-1.7958,-1.6971,-1.5727,-1.4378,-1.3055,-1.1842,-1.0777,-0.9868,-0.9107,-0.8481,-0.7975,-0.7576,-0.7276,-0.7071,-0.6964,-0.6941,-0.6939,-0.6828,-0.6583,-0.6413,-0.6549,-0.6865,-0.6751,-0.6271,-0.5775,-0.5242,-0.4571,-0.3684,-0.254,-0.1152,0.0395,0.1926,0.3197,0.3967,0.4083,0.3542,0.2491,0.1179,-0.0122,-0.1202,-0.1976,-0.2468,-0.2765,-0.2954,-0.3099,-0.3233,-0.3372,-0.3516,-0.3666,-0.3816
-1.6998,-1.6076,-1.4932,-1.3694,-1.2473,-1.1348,-1.0357,-0.9512,-0.8809,-0.8235,-0.7778,-0.7422,-0.7157,-0.6976,-0.6873,-0.6829,-0.6782,-0.6638,-0.639,-0.6206,-0.6298,-0.6595,-0.6473,-0.602,-0.5567,-0.5047,-0.4344,-0.3374,-0.2086,-0.0484,0.1344,0.3191,0.475,0.5705,0.5857,0.5219,0.3991,0.248,0.0988,-0.0273,-0.1219,-0.1875,-0.2318,-0.2629,-0.287,-0.3078,-0.3271,-0.3457,-0.3636,-0.3808
-1.605,-1.5189,-1.414,-1.3009,-1.189,-1.0854,-0.9938,-0.9157,-0.8511,-0.7989,-0.7577,-0.7261,-0.7027,-0.6864,-0.6759,-0.6688,-0.6598,-0.6425,-0.6162,-0.5913,-0.5815,-0.588,-0.5825,-0.5606,-0.53,-0.483,-0.4108,-0.3058,-0.162,0.0217,0.2362,0.4576,0.6472,0.7634,0.7809,0.7027,0.5569,0.3816,0.2103,0.0645,-0.0482,-0.1303,-0.189,-0.2322,-0.2659,-0.294,-0.3188,-0.3413,-0.3621,-0.3813
-1.5141,-1.4336,-1.3375,-1.2343,-1.132,-1.0369,-0.9525,-0.8806,-0.8213,-0.7739,-0.737,-0.7091,-0.6885,-0.6736,-0.6629,-0.6537,-0.6416,-0.6218,-0.5927,-0.5575,-0.5207,-0.4937,-0.5017,-0.5139,-0.5016,-0.4608,-0.3872,-0.2744,-0.1156,0.092,0.3402,0.6016,0.8282,0.9662,0.9833,0.8862,0.713,0.5104,0.3156,0.1498,0.0196,-0.0782,-0.1506,-0.2051,-0.2479,-0.2829,-0.3129,-0.3392,-0.3626,-0.3837
-1.4288,-1.3535,-1.2652,-1.1709,-1.0774,-0.99,-0.9123,-0.846,-0.7916,-0.7485,-0.7156,-0.6911,-0.6732,-0.66,-0.6494,-0.6391,-0.6253,-0.604,-0.5721,-0.5277,-0.4707,-0.425,-0.4429,-0.4766,-0.4769,-0.44,-0.3647,-0.2447,-0.072,0.1583,0.439,0.7401,1.0036,1.1623,1.1763,1.0574,0.8552,0.6253,0.408,0.2238,0.0776,-0.0341,-0.1186,-0.1833,-0.2342,-0.2756,-0.3102,-0.3398,-0.3655,-0.3881
-1.3501,-1.2794,-1.198,-1.1116,-1.0258,-0.9454,-0.8735,-0.8121,-0.7619,-0.7227,-0.6934,-0.6723,-0.6572,-0.6459,-0.6363,-0.6262,-0.6122,-0.5906,-0.5574,-0.5092,-0.4477,-0.4035,-0.4211,-0.4555,-0.4583,-0.4219,-0.344,-0.2178,-0.0338,0.2151,0.5232,0.8581,1.1531,1.3284,1.3376,1.198,0.9702,0.7174,0.4816,0.2822,0.123,-0.0003,-0.095,-0.1683,-0.2261,-0.2728,-0.3113,-0.3437,-0.3712,-0.3949
-1.2784,-1.2119,-1.1366,-1.057,-0.9779,-0.9034,-0.8366,-0.7793,-0.7326,-0.6966,-0.6706,-0.653,-0.641,-0.6322,-0.6244,-0.6155,-0.6027,-0.5822,-0.5499,-0.5036,-0.449,-0.414,-0.4247,-0.4479,-0.4456,-0.4067,-0.326,-0.1953,-0.0038,0.2571,0.5828,0.9395,1.2548,1.4399,1.4448,1.2909,1.0465,0.7791,0.5314,0.3218,0.1533,0.0213,-0.0812,-0.1613,-0.2245,-0.2754,-0.3169,-0.3512,-0.38,-0.4042
-1.2136,-1.151,-1.0809,-1.0072,-0.934,-0.8646,-0.8019,-0.7478,-0.7037,-0.6702,-0.6472,-0.6332,-0.6251,-0.6196,-0.6143,-0.6076,-0.5969,-0.5785,-0.5489,-0.5079,-0.4633,-0.4359,-0.438,-0.4475,-0.4371,-0.3942,-0.3112,-0.1784,0.0156,0.2798,0.6101,0.9721,1.2918,1.4786,1.4817,1.3243,1.0763,0.8057,0.5545,0.3407,0.1672,0.0297,-0.0782,-0.163,-0.2302,-0.284,-0.3274,-0.3629,-0.3922,-0.4165
-1.1556,-1.0965,-1.0311,-0.9625,-0.8942,-0.8291,-0.7697,-0.718,-0.6756,-0.6438,-0.6232,-0.613,-0.6096,-0.6085,-0.6065,-0.6026,-0.5946,-0.5786,-0.5524,-0.5173,-0.4813,-0.4579,-0.4523,-0.4498,-0.4313,-0.3845,-0.3002,-0.1681,0.0229,0.2814,0.6024,0.9522,1.2599,1.44,1.4448,1.2957,1.0581,0.7959,0.5499,0.338,0.1637,0.024,-0.0868,-0.1744,-0.2438,-0.2991,-0.3434,-0.3791,-0.4081,-0.4317
-1.1039,-1.048,-0.9868,-0.9227,-0.8587,-0.7973,-0.7405,-0.6905,-0.6488,-0.6176,-0.5986,-0.5922,-0.5948,-0.5995,-0.6017,-0.6007,-0.5951,-0.5814,-0.5582,-0.5282,-0.4982,-0.4765,-0.4647,-0.453,-0.4278,-0.3779,-0.2936,-0.1651,0.0182,0.2628,0.5626,0.8855,1.1678,1.3345,1.3437,1.2123,0.996,0.7522,0.5187,0.3139,0.1428,0.0038,-0.1074,-0.1958,-0.2658,-0.3212,-0.3651,-0.4,-0.4278,-0.4501
-1.0582,-1.0053,-0.9477,-0.8877,-0.8276,-0.7693,-0.7148,-0.6658,-0.6242,-0.5924,-0.5736,-0.5704,-0.58,-0.5926,-0.6,-0.6017,-0.5975,-0.5852,-0.5645,-0.5385,-0.5126,-0.4915,-0.4752,-0.4569,-0.4266,-0.3747,-0.292,-0.1693,0.0022,0.227,0.4976,0.7845,1.0335,1.1825,1.1966,1.0872,0.8987,0.6792,0.4635,0.2699,0.1052,-0.0306,-0.1402,-0.2275,-0.2964,-0.3504,-0.3927,-0.4257,-0.4515,-0.4717
-1.0178,-0.9677,-0.9137,-0.8573,-0.8006,-0.7453,-0.6928,-0.6447,-0.6027,-0.5694,-0.5492,-0.5477,-0.5647,-0.5872,-0.6007,-0.6042,-0.6003,-0.5886,-0.5698,-0.5472,-0.5244,-0.5038,-0.4846,-0.4619,-0.4282,-0.3754,-0.2954,-0.1802,-0.023,0.1787,0.4163,0.6637,0.8764,1.0058,1.0234,0.9359,0.7762,0.5834,0.388,0.2079,0.0516,-0.0789,-0.1851,-0.2696,-0.3358,-0.3871,-0.4264,-0.4564,-0.4792,-0.4965
-0.9823,-0.935,-0.8841,-0.8313,-0.7779,-0.7253,-0.675,-0.6279,-0.5856,-0.5506,-0.528,-0.5261,-0.5491,-0.5816,-0.6011,-0.6058,-0.6016,-0.5904,-0.5736,-0.5542,-0.5342,-0.5145,-0.4938,-0.4685,-0.4327,-0.3801,-0.3038,-0.1971,-0.0552,0.1224,0.3267,0.5353,0.713,0.8224,0.8411,0.7719,0.6386,0.4712,0.296,0.1303,-0.0165,-0.1406,-0.2418,-0.322,-0.3841,-0.4311,-0.4661,-0.4919,-0.5107,-0.5244
-0.9512,-0.9065,-0.8588,-0.8092,-0.759,-0.7094,-0.6613,-0.6158,-0.5741,-0.5384,-0.5139,-0.5106,-0.5363,-0.575,-0.5985,-0.6042,-0.6003,-0.5902,-0.5759,-0.5597,-0.5427,-0.5246,-0.5037,-0.477,-0.4403,-0.3886,-0.3164,-0.2186,-0.092,0.0622,0.2353,0.4085,0.5543,0.6444,0.6614,0.6059,0.4939,0.3485,0.1916,0.0394,-0.0978,-0.2147,-0.31,-0.3846,-0.441,-0.4823,-0.5117,-0.5321,-0.5459,-0.5551
-0.924,-0.8819,-0.8371,-0.7907,-0.7437,-0.6971,-0.6518,-0.6086,-0.5687,-0.5342,-0.5101,-0.5064,-0.5311,-0.5688,-0.5927,-0.5995,-0.5969,-0.5886,-0.5772,-0.5644,-0.5508,-0.5349,-0.5146,-0.4875,-0.4506,-0.4003,-0.3324,-0.2434,-0.1315,0.0012,0.1464,0.2885,0.4063,0.4785,0.4915,0.4444,0.3481,0.22,0.0781,-0.0624,-0.1907,-0.3004,-0.389,-0.4568,-0.5062,-0.5404,-0.5628,-0.5767,-0.5845,-0.5884
-0.9003,-0.8607,-0.8188,-0.7755,-0.7316,-0.6882,-0.646,-0.6058,-0.5689,-0.5374,-0.5161,-0.5135,-0.5344,-0.5656,-0.5866,-0.5939,-0.5927,-0.5867,-0.5782,-0.5693,-0.5593,-0.546,-0.5268,-0.4998,-0.4631,-0.4145,-0.3509,-0.2702,-0.1717,-0.0583,0.0626,0.1782,0.2719,0.3276,0.3347,0.2915,0.2054,0.0894,-0.0414,-0.1729,-0.2937,-0.3966,-0.478,-0.538,-0.579,-0.6046,-0.6188,-0.625,-0.626,-0.624
-0.8798,-0.8425,-0.8033,-0.763,-0.7224,-0.6822,-0.6433,-0.6066,-0.5734,-0.5459,-0.5285,-0.5269,-0.5429,-0.566,-0.5825,-0.5893,-0.5892,-0.5852,-0.5799,-0.5748,-0.5687,-0.5581,-0.54,-0.5132,-0.477,-0.43,-0.3707,-0.2977,-0.2114,-0.1148,-0.0147,0.0784,0.1515,0.1922,0.192,0.1491,0.0682,-0.0407,-0.1645,-0.2898,-0.4051,-0.5018,-0.5759,-0.6272,-0.6585,-0.6743,-0.679,-0.6765,-0.6699,-0.6612
-0.8619,-0.827,-0.7904,-0.753,-0.7154,-0.6785,-0.643,-0.6099,-0.5806,-0.5573,-0.5432,-0.5418,-0.5528,-0.5688,-0.5809,-0.5865,-0.587,-0.5848,-0.5824,-0.5811,-0.5788,-0.5706,-0.5535,-0.5269,-0.4911,-0.4459,-0.3906,-0.3248,-0.2494,-0.1675,-0.0851,-0.011,0.0444,0.0715,0.0633,0.0177,-0.0621,-0.1681,-0.2888,-0.4111,-0.5227,-0.6142,-0.6808,-0.7226,-0.7433,-0.748,-0.7422,-0.7302,-0.7152,-0.6995
-0.8463,-0.8136,-0.7796,-0.745,-0.7104,-0.6766,-0.6444,-0.6148,-0.5892,-0.5693,-0.5576,-0.5557,-0.5625,-0.5728,-0.5811,-0.5853,-0.586,-0.5853,-0.5854,-0.5876,-0.5885,-0.5823,-0.5659,-0.5394,-0.5044,-0.4612,-0.4099,-0.3508,-0.2851,-0.2159,-0.1487,-0.0907,-0.0504,-0.0357,-0.0524,-0.1028,-0.1846,-0.2912,-0.4122,-0.5343,-0.6442,-0.7314,-0.7906,-0.8224,-0.8314,-0.8242,-0.807,-0.7849,-0.7613,-0.7382
-0.8328,-0.8023,-0.7706,-0.7386,-0.7068,-0.6759,-0.6468,-0.6204,-0.5979,-0.5807,-0.5704,-0.5677,-0.5712,-0.5773,-0.5825,-0.5853,-0.586,-0.5863,-0.5884,-0.593,-0.5961,-0.5913,-0.5755,-0.5497,-0.5158,-0.475,-0.4278,-0.375,-0.318,-0.26,-0.2058,-0.1615,-0.1343,-0.1308,-0.1561,-0.2125,-0.2985,-0.4086,-0.5325,-0.6567,-0.7666,-0.8503,-0.9023,-0.9237,-0.9205,-0.9008,-0.8719,-0.8394,-0.8069,-0.7765
-0.8211,-0.7925,-0.7631,-0.7335,-0.7043,-0.6761,-0.6498,-0.6261,-0.6062,-0.591,-0.5815,-0.5778,-0.5787,-0.5817,-0.5845,-0.586,-0.5865,-0.5873,-0.5905,-0.5962,-0.6002,-0.5963,-0.5814,-0.5569,-0.5248,-0.4869,-0.4439,-0.397,-0.348,-0.2999,-0.2568,-0.2244,-0.2085,-0.2151,-0.2487,-0.3118,-0.4034,-0.5186,-0.6472,-0.775,-0.886,-0.9671,-1.0121,-1.0231,-1.0077,-0.9755,-0.935,-0.8923,-0.8511,-0.8135
-0.8108,-0.7841,-0.7568,-0.7295,-0.7026,-0.6769,-0.6529,-0.6316,-0.6137,-0.5999,-0.5908,-0.5862,-0.5851,-0.5858,-0.5867,-0.5871,-0.5871,-0.588,-0.5913,-0.5968,-0.6005,-0.5969,-0.5833,-0.5607,-0.5313,-0.4966,-0.458,-0.4169,-0.3752,-0.3357,-0.3024,-0.2801,-0.2742,-0.2898,-0.3312,-0.401,-0.4987,-0.6195,-0.7535,-0.8856,-0.9983,-1.0772,-1.1157,-1.1168,-1.0898,-1.0458,-0.9943,-0.942,-0.8927,-0.8484
