docs/data/wind_grid.json
[{"header":{"la1":42.22,"la2":41.45,"lo1":11.9,"lo2":12.97,"nx":16,"ny":12,"dx":0.07133,"dy":0.07,"parameterCategory":2,"parameterNumber":2,"parameterNumberName":"eastward_wind","parameterUnit":"m.s-1"},"data":[3.0629,3.1245,3.2143,3.3152,3.3431,3.256,3.159,3.1177,3.1224,3.1576,3.2249,3.3251,3.4316,3.5001,3.5081,3.47,3.0462,3.1147,3.2434,3.4616,3.5619,3.3428,3.1578,3.1066,3.1227,3.162,3.2493,3.4152,3.6086,3.7135,3.6876,3.5916,3.0098,3.059,3.1633,3.4395,3.6164,3.3056,3.1089,3.0919,3.1578,3.1759,3.2623,3.5466,3.9356,4.0899,3.9429,3.7272,2.9625,2.9781,2.981,3.0647,3.1906,3.0925,3.0387,3.0674,3.2707,3.1899,3.241,3.6857,4.4721,4.6564,4.2058,3.8205,2.9166,2.9228,2.9156,2.9205,2.9293,2.9151,3.0489,3.1275,2.8812,2.974,3.1654,3.6277,4.5759,4.7948,4.2011,3.7761,2.8699,2.8719,2.8727,2.8384,2.7401,2.6924,2.8556,2.9266,2.6312,2.783,3.126,3.4294,3.7652,4.0131,3.814,3.5697,2.8182,2.8004,2.7632,2.6717,2.4994,2.3139,2.3189,2.4619,2.5481,2.7252,3.1493,3.475,3.3949,3.4106,3.3648,3.288,2.7689,2.7316,2.6659,2.5452,2.3322,1.9947,2.0968,2.2344,2.418,2.6336,2.9515,3.1734,3.0995,2.9737,2.9576,3.0016,2.7308,2.6845,2.6132,2.5038,2.3484,2.1939,2.2125,2.2141,2.1432,2.48,2.7423,2.8367,2.6674,2.4582,2.5674,2.7524,2.7066,2.6607,2.598,2.5161,2.4236,2.3525,2.33,2.2936,2.2919,2.472,2.6367,2.6478,2.4066,2.1851,2.3658,2.6087,2.6948,2.6541,2.6038,2.5458,2.4882,2.4447,2.4216,2.4129,2.4408,2.5262,2.6062,2.595,2.4519,2.3356,2.4261,2.5911,2.692,2.6578,2.6189,2.5777,2.5395,2.5111,2.4967,2.4991,2.5247,2.5711,2.611,2.6073,2.5531,2.5116,2.5474,2.6338]},{"header":{"la1":42.22,"la2":41.45,"lo1":11.9,"lo2":12.97,"nx":16,"ny":12,"dx":0.07133,"dy":0.07,"parameterCategory":2,"parameterNumber":3,"parameterNumberName":"northward_wind","parameterUnit":"m.s-1"},"data":[2.6011,2.6767,2.7918,2.9234,2.952,2.8063,2.6243,2.5013,2.4251,2.3587,2.2768,2.176,2.0765,2.0114,1.9962,2.0182,2.5858,2.6682,2.8362,3.1319,3.2677,2.9447,2.6352,2.4922,2.4324,2.3721,2.2655,2.1068,1.9369,1.8431,1.8557,1.9237,2.5414,2.5899,2.72,3.1016,3.3455,2.902,2.5697,2.4659,2.4703,2.4208,2.2678,2.0059,1.6763,1.5421,1.6546,1.8185,2.4832,2.4677,2.4287,2.5596,2.7735,2.6197,2.4483,2.4179,2.5589,2.4763,2.2783,1.9073,1.2395,1.0774,1.4465,1.7475,2.4389,2.3965,2.3033,2.329,2.4715,2.4327,2.3493,2.3243,2.3507,2.3687,2.3145,2.0387,1.1759,0.9661,1.4599,1.7862,2.4163,2.3896,2.3567,2.3667,2.3854,2.3556,2.3197,2.2904,2.2565,2.2994,2.4688,2.6031,2.0837,1.692,1.7917,1.948,2.4032,2.389,2.3748,2.3636,2.341,2.311,2.3023,2.2691,2.1658,2.2991,2.6238,3.0148,2.5873,2.229,2.1384,2.1469,2.3918,2.3804,2.3661,2.3465,2.3174,2.2834,2.2958,2.2858,2.2517,2.3188,2.5043,2.6652,2.5578,2.4391,2.3697,2.3155,2.3817,2.3707,2.3563,2.3375,2.3148,2.2953,2.2852,2.2311,2.1906,2.2932,2.4082,2.5002,2.5546,2.5993,2.5372,2.4384,2.3737,2.3634,2.3505,2.3351,2.3185,2.3031,2.2854,2.2515,2.2406,2.3002,2.3831,2.4772,2.6062,2.6984,2.6183,2.5015,2.3681,2.3589,2.348,2.3358,2.3232,2.3109,2.2983,2.2868,2.2912,2.3251,2.3829,2.4629,2.5655,2.6271,2.5843,2.5034,2.3643,2.3564,2.3476,2.3381,2.3286,2.3199,2.313,2.3107,2.319,2.3429,2.3829,2.4372,2.4964,2.5303,2.5167,2.475]}]