docs/data/wind_grid.json
[{"header":{"la1":42.85,"la2":41.18,"lo1":11.55,"lo2":14.05,"nx":36,"ny":24,"dx":0.07143,"dy":0.07261,"parameterCategory":2,"parameterNumber":2,"parameterNumberName":"eastward_wind","parameterUnit":"m.s-1"},"data":[-0.8361,-0.8398,-0.8432,-0.8461,-0.8484,-0.8493,-0.8477,-0.8424,-0.8326,-0.8189,-0.8029,-0.7873,-0.7747,-0.7665,-0.7636,-0.7655,-0.7709,-0.7773,-0.7823,-0.7836,-0.7803,-0.7728,-0.7621,-0.7496,-0.7366,-0.7237,-0.7115,-0.7002,-0.69,-0.6808,-0.6726,-0.6653,-0.659,-0.6535,-0.6486,-0.6445,-0.8487,-0.8538,-0.8589,-0.864,-0.869,-0.8732,-0.8748,-0.8709,-0.8594,-0.8403,-0.817,-0.7943,-0.7764,-0.7658,-0.7636,-0.7692,-0.7804,-0.7934,-0.8037,-0.8073,-0.8028,-0.7916,-0.7763,-0.7593,-0.7424,-0.7263,-0.7117,-0.6985,-0.6869,-0.6767,-0.6679,-0.6602,-0.6535,-0.6478,-0.6429,-0.6388,-0.8629,-0.8696,-0.8766,-0.8844,-0.8935,-0.9037,-0.9122,-0.9132,-0.9004,-0.8727,-0.8366,-0.8018,-0.7755,-0.7614,-0.7604,-0.772,-0.7932,-0.818,-0.8376,-0.8442,-0.8361,-0.8174,-0.7942,-0.7703,-0.7481,-0.7281,-0.7106,-0.6955,-0.6825,-0.6714,-0.6619,-0.6538,-0.647,-0.6412,-0.6364,-0.6323,-0.879,-0.8875,-0.8964,-0.907,-0.9215,-0.9415,-0.9646,-0.9792,-0.9677,-0.9242,-0.8642,-0.8088,-0.7697,-0.7504,-0.7514,-0.7722,-0.8102,-0.8566,-0.8938,-0.904,-0.8857,-0.8519,-0.8152,-0.7815,-0.7526,-0.7281,-0.7076,-0.6904,-0.6762,-0.6643,-0.6544,-0.6461,-0.6393,-0.6336,-0.6289,-0.625,-0.8978,-0.9083,-0.9186,-0.9311,-0.9505,-0.9841,-1.035,-1.0852,-1.0846,-1.0077,-0.9003,-0.8112,-0.7546,-0.7289,-0.7322,-0.7655,-0.8298,-0.9165,-0.9897,-1.0022,-0.9568,-0.8935,-0.8364,-0.7904,-0.754,-0.7249,-0.7015,-0.6827,-0.6674,-0.655,-0.645,-0.6368,-0.6301,-0.6247,-0.6203,-0.6167,-0.9203,-0.9337,-0.9452,-0.9568,-0.9764,-1.021,-1.1133,-1.2442,-1.2832,-1.1288,-0.9329,-0.7988,-0.7238,-0.6915,-0.6962,-0.7423,-0.8406,-0.9945,-1.1407,-1.1479,-1.0412,-0.9317,-0.8508,-0.7929,-0.75,-0.717,-0.6914,-0.6713,-0.6556,-0.6433,-0.6335,-0.6258,-0.6195,-0.6145,-0.6106,-0.6075,-0.9484,-0.9674,-0.9814,-0.989,-0.9978,-1.0334,-1.1461,-1.3738,-1.4851,-1.2067,-0.9168,-0.7545,-0.6709,-0.6332,-0.6349,-0.687,-0.8111,-1.0293,-1.2654,-1.2591,-1.085,-0.9421,-0.8487,-0.7848,-0.7381,-0.7028,-0.6759,-0.6555,-0.6402,-0.6286,-0.6197,-0.6128,-0.6073,-0.603,-0.5996,-0.5971,-0.9837,-1.0147,-1.0381,-1.0429,-1.0276,-1.0181,-1.0686,-1.2194,-1.2832,-1.0386,-0.8021,-0.6707,-0.5959,-0.5515,-0.5385,-0.5829,-0.7117,-0.922,-1.1319,-1.1475,-1.0236,-0.9095,-0.8265,-0.7646,-0.7171,-0.6808,-0.6538,-0.6343,-0.6205,-0.6107,-0.6034,-0.5978,-0.5935,-0.59,-0.5874,-0.5856,-1.025,-1.0796,-1.1318,-1.1515,-1.1051,-1.0158,-0.9466,-0.9094,-0.839,-0.717,-0.6275,-0.5666,-0.5095,-0.4504,-0.3931,-0.409,-0.5641,-0.7652,-0.9156,-0.9615,-0.924,-0.8587,-0.7928,-0.7343,-0.6861,-0.6492,-0.6233,-0.6065,-0.5961,-0.5894,-0.5847,-0.581,-0.578,-0.5756,-0.5739,-0.5729,-1.0647,-1.1547,-1.2697,-1.3594,-1.2889,-1.0726,-0.8793,-0.7054,-0.4923,-0.3906,-0.4559,-0.4724,-0.4265,-0.3505,-0.2021,-0.1329,-0.4339,-0.713,-0.8656,-0.9083,-0.8822,-0.8245,-0.7584,-0.6957,-0.643,-0.6047,-0.5818,-0.5708,-0.5666,-0.5649,-0.5638,-0.5625,-0.561,-0.5597,-0.5589,-0.5588,-1.0866,-1.2062,-1.3939,-1.6167,-1.5526,-1.1514,-0.8746,-0.6542,-0.2102,-0.0032,-0.3405,-0.4123,-0.3462,-0.2639,-0.1787,-0.12,-0.497,-0.86,-1.0231,-1.0,-0.9087,-0.812,-0.7238,-0.6458,-0.582,-0.5409,-0.5251,-0.5259,-0.5324,-0.5383,-0.5416,-0.5428,-0.5427,-0.5422,-0.5422,-0.5431,-1.0756,-1.1899,-1.3672,-1.5723,-1.496,-1.1124,-0.909,-0.8396,-0.5141,-0.251,-0.4039,-0.3989,-0.2615,-0.0676,-0.1577,-0.3963,-0.7948,-1.3507,-1.4888,-1.213,-0.9649,-0.7989,-0.6792,-0.5786,-0.4937,-0.4469,-0.4482,-0.4727,-0.4963,-0.5116,-0.5194,-0.5223,-0.5227,-0.5227,-0.5234,-0.5252,-1.0343,-1.1122,-1.2073,-1.2699,-1.1859,-1.0058,-0.9385,-1.0048,-0.8832,-0.6248,-0.5139,-0.4236,-0.2897,0.0112,-0.0958,-0.5118,-1.0737,-2.1567,-2.1779,-1.3854,-0.9637,-0.7476,-0.6147,-0.4971,-0.3753,-0.3151,-0.3549,-0.4195,-0.4644,-0.4882,-0.4983,-0.501,-0.5006,-0.5002,-0.5014,-0.5046,-0.9804,-1.0217,-1.0565,-1.0584,-1.0055,-0.9345,-0.9143,-0.947,-0.8803,-0.7034,-0.5786,-0.4481,-0.3869,-0.2306,-0.3764,-0.7064,-1.1162,-1.6847,-1.7415,-1.1863,-0.806,-0.6191,-0.528,-0.4312,-0.2822,-0.2034,-0.2895,-0.3894,-0.4462,-0.4715,-0.479,-0.4779,-0.4744,-0.4727,-0.4746,-0.4801,-0.9293,-0.9477,-0.9563,-0.9459,-0.9154,-0.8811,-0.8615,-0.8462,-0.7934,-0.7202,-0.675,-0.6194,-0.5151,-0.484,-0.5692,-1.0049,-1.3908,-1.1934,-1.0744,-0.7748,-0.4615,-0.3735,-0.414,-0.4069,-0.319,-0.26,-0.3238,-0.4031,-0.4468,-0.4618,-0.4596,-0.4498,-0.4404,-0.4368,-0.4407,-0.4504,-0.8872,-0.8939,-0.8929,-0.8817,-0.8617,-0.8389,-0.8176,-0.7939,-0.7643,-0.7504,-0.7818,-0.843,-0.7636,-0.659,-0.7249,-0.9966,-1.236,-0.9991,-0.768,-0.4223,0.0691,-0.0123,-0.2913,-0.3995,-0.4028,-0.3903,-0.4125,-0.4441,-0.4593,-0.4549,-0.4356,-0.4104,-0.3914,-0.3868,-0.3963,-0.4142,-0.8544,-0.8554,-0.8513,-0.8412,-0.8264,-0.8092,-0.7915,-0.7741,-0.7614,-0.7657,-0.7901,-0.8224,-0.9585,-1.0236,-0.8493,-0.8647,-0.875,-0.7471,-0.5864,-0.3454,0.1418,0.0339,-0.2774,-0.4149,-0.459,-0.4738,-0.4829,-0.4846,-0.4737,-0.446,-0.4009,-0.3496,-0.316,-0.3149,-0.3387,-0.3719,-0.8291,-0.8276,-0.8226,-0.8141,-0.8027,-0.7899,-0.7772,-0.7668,-0.7625,-0.7695,-0.7905,-0.8437,-1.0062,-1.0472,-0.9006,-0.8586,-0.7673,-0.5741,-0.4326,-0.4555,-0.3123,-0.287,-0.3847,-0.4619,-0.505,-0.5307,-0.5362,-0.5189,-0.4868,-0.4344,-0.3522,-0.256,-0.2011,-0.217,-0.2708,-0.3282,-0.8095,-0.807,-0.8021,-0.7951,-0.7864,-0.7771,-0.7687,-0.7631,-0.7627,-0.7706,-0.7903,-0.8287,-0.8838,-0.9065,-0.946,-0.9694,-0.7855,-0.592,-0.5017,-0.5661,-0.5192,-0.475,-0.482,-0.5092,-0.5407,-0.5774,-0.5843,-0.5458,-0.4981,-0.4265,-0.3023,-0.1406,-0.0608,-0.1142,-0.211,-0.2944,-0.7941,-0.7913,-0.7869,-0.7812,-0.7747,-0.7681,-0.7626,-0.7597,-0.7609,-0.768,-0.7825,-0.8049,-0.8314,-0.8605,-0.918,-0.9274,-0.7875,-0.6668,-0.6601,-0.6829,-0.6009,-0.5485,-0.5317,-0.5355,-0.5525,-0.5847,-0.5916,-0.5469,-0.5052,-0.4348,-0.2953,-0.0965,-0.0028,-0.0783,-0.1936,-0.2858,-0.7818,-0.7791,-0.7753,-0.7707,-0.7657,-0.761,-0.7573,-0.7557,-0.7571,-0.7623,-0.7717,-0.7848,-0.8,-0.8171,-0.8326,-0.8163,-0.7507,-0.6845,-0.6604,-0.6511,-0.6054,-0.5627,-0.5439,-0.5418,-0.5455,-0.5444,-0.5251,-0.523,-0.5126,-0.4658,-0.3581,-0.2023,-0.1162,-0.1535,-0.2346,-0.3077,-0.7718,-0.7692,-0.7659,-0.7622,-0.7583,-0.7548,-0.7521,-0.7509,-0.7518,-0.755,-0.7604,-0.7673,-0.7744,-0.7796,-0.7775,-0.7587,-0.7216,-0.681,-0.6507,-0.6235,-0.5828,-0.5383,-0.5241,-0.5348,-0.5387,-0.5264,-0.5034,-0.5168,-0.5346,-0.5146,-0.445,-0.3459,-0.2771,-0.2722,-0.3062,-0.3491,-0.7634,-0.761,-0.7582,-0.755,-0.7519,-0.749,-0.7468,-0.7456,-0.7457,-0.747,-0.7493,-0.7519,-0.7534,-0.7519,-0.7443,-0.7274,-0.7016,-0.672,-0.6423,-0.6095,-0.5654,-0.5148,-0.5031,-0.528,-0.5387,-0.5336,-0.5279,-0.5469,-0.581,-0.5654,-0.5089,-0.4407,-0.3884,-0.3681,-0.3745,-0.3943,-0.7562,-0.754,-0.7515,-0.7488,-0.746,-0.7435,-0.7414,-0.74,-0.7392,-0.739,-0.739,-0.7386,-0.7367,-0.732,-0.7227,-0.7077,-0.6874,-0.6634,-0.6367,-0.6061,-0.5697,-0.5349,-0.5247,-0.5367,-0.5443,-0.544,-0.5463,-0.5637,-0.5875,-0.5752,-0.5342,-0.4882,-0.4512,-0.4307,-0.4265,-0.4335]},{"header":{"la1":42.85,"la2":41.18,"lo1":11.55,"lo2":14.05,"nx":36,"ny":24,"dx":0.07143,"dy":0.07261,"parameterCategory":2,"parameterNumber":3,"parameterNumberName":"northward_wind","parameterUnit":"m.s-1"},"data":[-0.6432,-0.6433,-0.6423,-0.6399,-0.6361,-0.6312,-0.6252,-0.6187,-0.6116,-0.6036,-0.594,-0.5819,-0.5668,-0.5484,-0.5271,-0.5038,-0.4797,-0.457,-0.4378,-0.4235,-0.4146,-0.4103,-0.4092,-0.4101,-0.412,-0.4143,-0.4168,-0.4194,-0.4221,-0.425,-0.4279,-0.431,-0.4341,-0.4373,-0.4405,-0.4436,-0.6525,-0.6531,-0.6522,-0.6495,-0.6449,-0.6387,-0.6315,-0.6242,-0.6173,-0.6103,-0.6017,-0.59,-0.5739,-0.5529,-0.5273,-0.498,-0.4669,-0.4373,-0.4129,-0.3966,-0.389,-0.3879,-0.3907,-0.3951,-0.3998,-0.4043,-0.4084,-0.4123,-0.416,-0.4197,-0.4235,-0.4273,-0.4311,-0.435,-0.4388,-0.4425,-0.6626,-0.6637,-0.663,-0.6598,-0.6538,-0.6451,-0.635,-0.6257,-0.619,-0.6147,-0.6094,-0.5996,-0.5833,-0.5596,-0.5287,-0.4912,-0.4493,-0.4081,-0.3752,-0.3569,-0.3532,-0.3591,-0.3688,-0.3785,-0.387,-0.394,-0.3999,-0.4051,-0.41,-0.4146,-0.4192,-0.4239,-0.4285,-0.4331,-0.4376,-0.4419,-0.6734,-0.6754,-0.675,-0.6713,-0.6631,-0.6498,-0.6331,-0.618,-0.6112,-0.6132,-0.6159,-0.6113,-0.5961,-0.57,-0.5329,-0.4844,-0.4257,-0.3641,-0.3156,-0.2955,-0.3026,-0.3227,-0.3439,-0.3612,-0.3743,-0.3841,-0.3918,-0.3983,-0.4041,-0.4097,-0.4153,-0.4208,-0.4263,-0.4318,-0.437,-0.442,-0.6849,-0.6882,-0.6889,-0.685,-0.6742,-0.6535,-0.6225,-0.591,-0.581,-0.599,-0.6207,-0.6265,-0.614,-0.5861,-0.5431,-0.4816,-0.398,-0.2988,-0.2178,-0.1982,-0.2328,-0.2805,-0.3189,-0.3453,-0.3629,-0.3751,-0.3843,-0.3918,-0.3987,-0.4052,-0.4117,-0.4183,-0.4248,-0.4311,-0.4372,-0.443,-0.6969,-0.7021,-0.7047,-0.7023,-0.6905,-0.6614,-0.6057,-0.5318,-0.5062,-0.5659,-0.6277,-0.6489,-0.6393,-0.6105,-0.564,-0.4916,-0.3781,-0.2165,-0.0677,-0.0573,-0.1524,-0.2425,-0.2999,-0.3338,-0.3543,-0.3678,-0.3778,-0.386,-0.3937,-0.4012,-0.4087,-0.4164,-0.4241,-0.4315,-0.4386,-0.4451,-0.7088,-0.7164,-0.722,-0.7237,-0.7162,-0.6868,-0.6112,-0.4748,-0.4118,-0.5466,-0.6572,-0.686,-0.674,-0.645,-0.6011,-0.5278,-0.3971,-0.1791,0.0547,0.0494,-0.1115,-0.2303,-0.2947,-0.3292,-0.3492,-0.3624,-0.3723,-0.3809,-0.3892,-0.3977,-0.4064,-0.4154,-0.4245,-0.4332,-0.4415,-0.4489,-0.7195,-0.7292,-0.7381,-0.7461,-0.7505,-0.7402,-0.6905,-0.5825,-0.5347,-0.6591,-0.7415,-0.743,-0.7164,-0.6887,-0.6589,-0.6009,-0.481,-0.284,-0.0786,-0.0608,-0.1711,-0.2573,-0.3049,-0.331,-0.347,-0.3584,-0.3677,-0.3764,-0.3853,-0.3948,-0.405,-0.4156,-0.4264,-0.4368,-0.4463,-0.4548,-0.728,-0.7382,-0.7474,-0.759,-0.7793,-0.806,-0.8243,-0.8326,-0.8659,-0.9094,-0.8817,-0.813,-0.7585,-0.7368,-0.744,-0.7205,-0.6042,-0.4458,-0.3115,-0.2597,-0.2743,-0.301,-0.3208,-0.3348,-0.3457,-0.3552,-0.364,-0.3727,-0.3821,-0.3928,-0.4047,-0.4175,-0.4304,-0.4428,-0.4539,-0.4634,-0.7336,-0.7419,-0.7441,-0.745,-0.7748,-0.8512,-0.9444,-1.0596,-1.225,-1.2654,-1.0603,-0.8753,-0.7862,-0.7741,-0.8584,-0.9079,-0.7115,-0.538,-0.4288,-0.3669,-0.3388,-0.3295,-0.3297,-0.3354,-0.3441,-0.3534,-0.3618,-0.3701,-0.3797,-0.3917,-0.4059,-0.4216,-0.4374,-0.4523,-0.4653,-0.4759,-0.7372,-0.7431,-0.7337,-0.7036,-0.7256,-0.8719,-1.0311,-1.1986,-1.5697,-1.7591,-1.2031,-0.8926,-0.7911,-0.7829,-0.8512,-0.9132,-0.6956,-0.5399,-0.4561,-0.3979,-0.3559,-0.332,-0.3248,-0.3307,-0.3436,-0.3559,-0.3638,-0.3698,-0.3784,-0.3916,-0.4091,-0.4289,-0.4489,-0.4671,-0.4822,-0.4936,-0.7399,-0.7478,-0.7412,-0.7149,-0.7474,-0.9222,-1.1084,-1.2285,-1.3797,-1.4812,-1.0876,-0.8416,-0.7844,-0.8348,-0.7883,-0.6888,-0.5678,-0.4992,-0.4634,-0.3966,-0.3395,-0.3087,-0.3045,-0.3228,-0.3521,-0.3726,-0.3754,-0.373,-0.3777,-0.3925,-0.415,-0.4411,-0.467,-0.4895,-0.5068,-0.5185,-0.7411,-0.7552,-0.766,-0.7815,-0.8425,-0.9823,-1.1581,-1.2879,-1.229,-1.0876,-0.8905,-0.7799,-0.752,-0.8574,-0.7861,-0.5501,-0.4226,-0.5233,-0.5215,-0.3739,-0.2892,-0.2557,-0.2659,-0.3142,-0.3837,-0.4209,-0.4025,-0.3781,-0.3756,-0.3939,-0.4251,-0.4614,-0.4959,-0.5238,-0.543,-0.5534,-0.7383,-0.7571,-0.7798,-0.8138,-0.8751,-0.9747,-1.1005,-1.2053,-1.1378,-0.9189,-0.7596,-0.7725,-0.7716,-0.509,-0.5174,-0.257,-0.0557,-0.3034,-0.3805,-0.2685,-0.1802,-0.1548,-0.1971,-0.2916,-0.4224,-0.4851,-0.4263,-0.373,-0.3668,-0.3952,-0.4425,-0.4954,-0.5425,-0.5768,-0.596,-0.602,-0.7298,-0.7494,-0.7736,-0.8061,-0.8517,-0.9106,-0.9704,-0.9916,-0.9082,-0.7453,-0.6219,-0.5738,-0.4747,-0.2222,-0.3116,0.2803,0.9663,0.1924,-0.1167,-0.091,0.0324,0.0345,-0.0809,-0.2182,-0.3604,-0.4297,-0.3793,-0.3342,-0.3444,-0.3974,-0.4737,-0.5536,-0.6193,-0.6595,-0.6737,-0.6686,-0.716,-0.7331,-0.753,-0.7766,-0.8036,-0.8296,-0.8422,-0.818,-0.7359,-0.6122,-0.5131,-0.4273,-0.4145,-0.3482,-0.2446,0.2246,0.6739,0.1801,-0.0609,0.0604,0.4078,0.327,0.0536,-0.1112,-0.2082,-0.2509,-0.2438,-0.2491,-0.3044,-0.4042,-0.53,-0.655,-0.7473,-0.7889,-0.7857,-0.7568,-0.6984,-0.7114,-0.7252,-0.7391,-0.751,-0.7563,-0.7463,-0.7105,-0.6445,-0.5618,-0.5025,-0.4525,-0.3723,-0.3292,-0.278,-0.1219,-0.0277,-0.1556,-0.2377,-0.0054,0.4527,0.361,0.0879,-0.0335,-0.0575,-0.0388,-0.0411,-0.112,-0.2447,-0.4209,-0.6281,-0.8298,-0.9607,-0.9872,-0.9399,-0.866,-0.6788,-0.6875,-0.6954,-0.7014,-0.7033,-0.6976,-0.6795,-0.6455,-0.5964,-0.5413,-0.4918,-0.4373,-0.3578,-0.3276,-0.3081,-0.2667,-0.2603,-0.426,-0.6237,-0.2715,0.0226,0.0805,0.0201,0.0107,0.1039,0.2621,0.2853,0.0907,-0.1702,-0.4513,-0.7793,-1.1124,-1.2968,-1.2659,-1.1275,-0.9831,-0.6587,-0.6635,-0.6667,-0.6671,-0.663,-0.6522,-0.6324,-0.6027,-0.5646,-0.5222,-0.4788,-0.4321,-0.3841,-0.3471,-0.3152,-0.3071,-0.3081,-0.4012,-0.4744,-0.2253,-0.1215,-0.066,-0.0375,0.0366,0.2636,0.6997,0.7906,0.3006,-0.1235,-0.4899,-0.9455,-1.4651,-1.7106,-1.5614,-1.2956,-1.0752,-0.639,-0.6407,-0.6404,-0.6372,-0.6297,-0.6169,-0.5976,-0.5717,-0.5403,-0.5053,-0.4681,-0.4292,-0.3902,-0.3526,-0.3206,-0.3096,-0.2981,-0.2667,-0.1072,-0.0232,-0.1112,-0.105,-0.0696,0.0133,0.2404,0.7432,0.8571,0.1887,-0.1903,-0.5139,-0.989,-1.6023,-1.8808,-1.6656,-1.3458,-1.1,-0.6205,-0.6198,-0.6171,-0.6115,-0.6024,-0.5889,-0.5707,-0.5479,-0.5209,-0.491,-0.459,-0.4257,-0.3921,-0.3595,-0.3321,-0.3116,-0.2851,-0.2319,-0.1394,-0.0972,-0.1187,-0.1074,-0.0852,-0.0559,0.0005,-0.0179,-0.3563,-0.3622,-0.3459,-0.5009,-0.8353,-1.3009,-1.5555,-1.4544,-1.2343,-1.0421,-0.6035,-0.6011,-0.5966,-0.5897,-0.5798,-0.5664,-0.5494,-0.5289,-0.5053,-0.4793,-0.4514,-0.4224,-0.3932,-0.3648,-0.3385,-0.3132,-0.2825,-0.2401,-0.1909,-0.1547,-0.1224,-0.0709,-0.054,-0.095,-0.1709,-0.3963,-0.7579,-0.5883,-0.4063,-0.4409,-0.626,-0.9055,-1.1049,-1.1257,-1.0399,-0.9322,-0.588,-0.5844,-0.5789,-0.5712,-0.5609,-0.548,-0.5321,-0.5136,-0.4926,-0.4696,-0.445,-0.4195,-0.3936,-0.3679,-0.3426,-0.3165,-0.287,-0.2525,-0.2145,-0.1736,-0.1156,-0.0308,-0.008,-0.0954,-0.2119,-0.3664,-0.4937,-0.4281,-0.3272,-0.3549,-0.4809,-0.6576,-0.8036,-0.8663,-0.8578,-0.8143,-0.5741,-0.5696,-0.5634,-0.5553,-0.5451,-0.5327,-0.518,-0.501,-0.4822,-0.4616,-0.4398,-0.417,-0.3937,-0.3702,-0.3463,-0.3213,-0.2942,-0.2641,-0.2306,-0.1908,-0.1384,-0.0796,-0.0682,-0.1313,-0.2219,-0.3127,-0.3691,-0.3546,-0.3137,-0.3369,-0.4247,-0.539,-0.6405,-0.7025,-0.7228,-0.7142]}]