docs/data/wind_grid.json
[{"header":{"la1":42.85,"la2":41.18,"lo1":11.55,"lo2":14.05,"nx":36,"ny":24,"dx":0.07143,"dy":0.07261,"parameterCategory":2,"parameterNumber":2,"parameterNumberName":"eastward_wind","parameterUnit":"m.s-1"},"data":[-0.6992,-0.7057,-0.7121,-0.7182,-0.7236,-0.7275,-0.7284,-0.7249,-0.7159,-0.702,-0.6853,-0.669,-0.6559,-0.648,-0.6463,-0.6503,-0.6585,-0.6683,-0.6765,-0.6808,-0.6801,-0.6747,-0.666,-0.6556,-0.6446,-0.6339,-0.6239,-0.6148,-0.6065,-0.5992,-0.5927,-0.5868,-0.5816,-0.577,-0.5728,-0.5691,-0.7118,-0.7201,-0.7288,-0.7378,-0.747,-0.7553,-0.7603,-0.7587,-0.7479,-0.728,-0.7028,-0.678,-0.6587,-0.6478,-0.6467,-0.6549,-0.6699,-0.6874,-0.7019,-0.7089,-0.707,-0.6976,-0.684,-0.6688,-0.6539,-0.6402,-0.6279,-0.6171,-0.6077,-0.5995,-0.5923,-0.5861,-0.5805,-0.5757,-0.5713,-0.5675,-0.7257,-0.7361,-0.7474,-0.7601,-0.7748,-0.7908,-0.8045,-0.809,-0.7969,-0.767,-0.727,-0.6881,-0.6587,-0.6434,-0.6434,-0.6584,-0.685,-0.7163,-0.7417,-0.7524,-0.7463,-0.7287,-0.7063,-0.6839,-0.6637,-0.6462,-0.6313,-0.6188,-0.6082,-0.5991,-0.5914,-0.5848,-0.579,-0.5739,-0.5694,-0.5655,-0.7412,-0.7538,-0.7676,-0.7844,-0.8063,-0.8348,-0.8663,-0.8872,-0.8768,-0.8286,-0.7608,-0.6979,-0.6533,-0.6314,-0.6332,-0.6585,-0.7047,-0.7614,-0.8076,-0.8224,-0.8045,-0.7696,-0.7324,-0.6997,-0.6727,-0.651,-0.6335,-0.6193,-0.6076,-0.5979,-0.5897,-0.5828,-0.5768,-0.5716,-0.567,-0.563,-0.7587,-0.7735,-0.7895,-0.8092,-0.8383,-0.8841,-0.9495,-1.0123,-1.0145,-0.9276,-0.8051,-0.7031,-0.6376,-0.6073,-0.6106,-0.6499,-0.727,-0.8315,-0.9201,-0.9373,-0.8876,-0.8188,-0.759,-0.7133,-0.6792,-0.6534,-0.6336,-0.6181,-0.6057,-0.5956,-0.5872,-0.5801,-0.574,-0.5688,-0.5642,-0.5602,-0.7792,-0.7969,-0.8143,-0.834,-0.8652,-0.9263,-1.0419,-1.199,-1.2462,-1.07,-0.8461,-0.6922,-0.6044,-0.5645,-0.5674,-0.6204,-0.7378,-0.9227,-1.098,-1.108,-0.9859,-0.8639,-0.7782,-0.7207,-0.6809,-0.6523,-0.6311,-0.6149,-0.6022,-0.5921,-0.5837,-0.5766,-0.5706,-0.5654,-0.5608,-0.5568,-0.8044,-0.8273,-0.8467,-0.8624,-0.8835,-0.9382,-1.0808,-1.3506,-1.4797,-1.1622,-0.8325,-0.6464,-0.547,-0.4971,-0.4921,-0.5497,-0.6982,-0.9621,-1.2454,-1.2386,-1.0368,-0.8774,-0.7795,-0.7177,-0.6762,-0.6468,-0.6255,-0.6095,-0.5971,-0.5873,-0.5793,-0.5724,-0.5665,-0.5613,-0.5568,-0.5529,-0.8359,-0.8697,-0.8972,-0.909,-0.9053,-0.9138,-0.9903,-1.1743,-1.2509,-0.9763,-0.7098,-0.5588,-0.4668,-0.4017,-0.3689,-0.4119,-0.5691,-0.8289,-1.0852,-1.1064,-0.9656,-0.8423,-0.7597,-0.7038,-0.6647,-0.6367,-0.6165,-0.6016,-0.5904,-0.5814,-0.5739,-0.5675,-0.5618,-0.5567,-0.5523,-0.5484,-0.8728,-0.9285,-0.982,-1.0057,-0.9698,-0.8981,-0.8482,-0.8262,-0.7593,-0.6279,-0.5262,-0.4537,-0.3797,-0.2843,-0.1694,-0.1642,-0.3688,-0.6303,-0.8217,-0.8842,-0.85,-0.7879,-0.7298,-0.683,-0.6477,-0.6223,-0.6044,-0.5917,-0.5822,-0.5746,-0.5679,-0.5619,-0.5564,-0.5514,-0.547,-0.5432,-0.9081,-0.9969,-1.1087,-1.1956,-1.1346,-0.9426,-0.7714,-0.6091,-0.3989,-0.2948,-0.3537,-0.3664,-0.3122,-0.1858,0.12,0.2714,-0.1801,-0.5564,-0.7529,-0.8159,-0.8011,-0.7544,-0.7031,-0.6593,-0.6263,-0.6037,-0.5892,-0.5798,-0.573,-0.5672,-0.5615,-0.5559,-0.5504,-0.5454,-0.5409,-0.5371,-0.9262,-1.0433,-1.2235,-1.4333,-1.3757,-1.0155,-0.7729,-0.5663,-0.1222,0.0845,-0.2407,-0.3192,-0.2761,-0.1825,0.0842,0.2783,-0.2723,-0.7258,-0.9233,-0.9126,-0.8304,-0.7474,-0.6811,-0.6326,-0.6,-0.5807,-0.5712,-0.5667,-0.5636,-0.5599,-0.5552,-0.5496,-0.5438,-0.5383,-0.5336,-0.5299,-0.9126,-1.0252,-1.1968,-1.3917,-1.324,-0.9869,-0.831,-0.7871,-0.4397,-0.1579,-0.2974,-0.3128,-0.2496,-0.1643,-0.1781,-0.2835,-0.6799,-1.2766,-1.4277,-1.1425,-0.8938,-0.742,-0.6526,-0.5992,-0.5675,-0.5526,-0.5507,-0.5536,-0.5553,-0.5537,-0.5492,-0.5429,-0.536,-0.5297,-0.5246,-0.5209,-0.8689,-0.9473,-1.0425,-1.1073,-1.0382,-0.8951,-0.8803,-0.9952,-0.8393,-0.5161,-0.3821,-0.3194,-0.2594,-0.1392,-0.197,-0.4832,-1.0218,-2.1405,-2.1607,-1.3289,-0.8976,-0.6965,-0.6035,-0.5586,-0.5322,-0.5217,-0.5301,-0.543,-0.55,-0.5497,-0.544,-0.5354,-0.5264,-0.5186,-0.5129,-0.5096,-0.8117,-0.8548,-0.8928,-0.9012,-0.8624,-0.8172,-0.8349,-0.9041,-0.8076,-0.5461,-0.3891,-0.317,-0.2937,-0.216,-0.3388,-0.6821,-1.1233,-1.6691,-1.7084,-1.124,-0.739,-0.5696,-0.5226,-0.5178,-0.5101,-0.5009,-0.518,-0.5404,-0.5508,-0.5492,-0.5394,-0.526,-0.513,-0.503,-0.4971,-0.4949,-0.7556,-0.7757,-0.7871,-0.7817,-0.7595,-0.7375,-0.7312,-0.7157,-0.6181,-0.4588,-0.3512,-0.3159,-0.28,-0.2076,-0.427,-1.0505,-1.64,-1.2227,-1.0129,-0.6959,-0.3978,-0.3267,-0.4002,-0.474,-0.507,-0.5107,-0.5301,-0.5539,-0.5617,-0.5531,-0.5341,-0.5116,-0.4921,-0.4796,-0.4746,-0.4753,-0.7071,-0.7141,-0.714,-0.7039,-0.6852,-0.662,-0.6338,-0.585,-0.4947,-0.3692,-0.2462,-0.3,-0.3087,-0.3205,-0.4787,-0.9556,-1.3676,-0.9665,-0.6539,-0.3274,0.0922,0.0146,-0.2643,-0.4292,-0.5114,-0.5492,-0.5765,-0.5926,-0.5869,-0.5618,-0.5249,-0.4863,-0.4569,-0.4429,-0.4423,-0.4496,-0.667,-0.6667,-0.6607,-0.648,-0.6284,-0.602,-0.5663,-0.5144,-0.4407,-0.3481,-0.26,-0.2918,-0.3143,-0.3237,-0.4154,-0.5789,-0.6791,-0.5449,-0.373,-0.1969,0.1655,0.0677,-0.2333,-0.426,-0.5501,-0.6316,-0.671,-0.6663,-0.6298,-0.5736,-0.5055,-0.4392,-0.3958,-0.3852,-0.3974,-0.4177,-0.6344,-0.6298,-0.6207,-0.6063,-0.5861,-0.5594,-0.5247,-0.4803,-0.4267,-0.371,-0.3318,-0.3235,-0.3157,-0.3099,-0.2912,-0.2994,-0.3635,-0.2612,-0.1306,-0.1949,-0.1416,-0.1684,-0.3113,-0.476,-0.6445,-0.7937,-0.8427,-0.7821,-0.6883,-0.5855,-0.4696,-0.3568,-0.295,-0.3019,-0.3418,-0.3832,-0.6079,-0.6009,-0.5902,-0.5752,-0.5555,-0.5306,-0.5002,-0.4645,-0.4257,-0.3887,-0.3602,-0.3405,-0.3182,-0.2633,-0.0653,0.018,-0.2072,-0.2125,-0.1512,-0.1758,-0.2155,-0.2707,-0.3722,-0.5316,-0.7604,-1.0275,-1.0851,-0.909,-0.7454,-0.5965,-0.4259,-0.2476,-0.1667,-0.2119,-0.2914,-0.3559,-0.5864,-0.5782,-0.5669,-0.5521,-0.5337,-0.5114,-0.4856,-0.457,-0.4272,-0.3988,-0.3736,-0.3491,-0.315,-0.2416,-0.0871,-0.0397,-0.1845,-0.2146,-0.1422,-0.1093,-0.203,-0.2758,-0.3695,-0.5331,-0.7842,-1.0765,-1.1361,-0.943,-0.7742,-0.611,-0.4185,-0.2044,-0.1131,-0.1798,-0.2763,-0.3484,-0.5691,-0.5603,-0.549,-0.535,-0.5181,-0.4986,-0.4767,-0.4532,-0.4291,-0.4054,-0.3823,-0.3575,-0.3248,-0.275,-0.215,-0.1982,-0.2292,-0.2299,-0.1848,-0.1674,-0.2009,-0.2161,-0.2726,-0.4462,-0.6986,-0.92,-1.0158,-0.9437,-0.7749,-0.6241,-0.4703,-0.3024,-0.216,-0.2451,-0.31,-0.3653,-0.5552,-0.5462,-0.5353,-0.5222,-0.5071,-0.49,-0.4713,-0.4514,-0.4311,-0.4108,-0.3902,-0.368,-0.3421,-0.3118,-0.2837,-0.2706,-0.2689,-0.2586,-0.2348,-0.21,-0.159,-0.0381,-0.0207,-0.2694,-0.589,-0.8681,-1.071,-0.9467,-0.7073,-0.6018,-0.5216,-0.4237,-0.3555,-0.345,-0.3676,-0.397,-0.5439,-0.5352,-0.5248,-0.5128,-0.4992,-0.4842,-0.468,-0.451,-0.4336,-0.416,-0.398,-0.3793,-0.3593,-0.339,-0.3211,-0.3083,-0.2981,-0.2838,-0.26,-0.2156,-0.1072,0.1098,0.1753,-0.1336,-0.4785,-0.7262,-0.8391,-0.721,-0.5428,-0.5427,-0.5357,-0.4891,-0.4429,-0.4206,-0.4199,-0.43,-0.5349,-0.5265,-0.5168,-0.5058,-0.4936,-0.4803,-0.4662,-0.4515,-0.4364,-0.4212,-0.4057,-0.39,-0.3742,-0.3589,-0.3449,-0.3327,-0.3205,-0.3046,-0.2794,-0.2328,-0.1419,-0.0131,0.0048,-0.1864,-0.4242,-0.5947,-0.6585,-0.6001,-0.5192,-0.528,-0.5355,-0.5139,-0.4853,-0.4651,-0.4566,-0.4567]},{"header":{"la1":42.85,"la2":41.18,"lo1":11.55,"lo2":14.05,"nx":36,"ny":24,"dx":0.07143,"dy":0.07261,"parameterCategory":2,"parameterNumber":3,"parameterNumberName":"northward_wind","parameterUnit":"m.s-1"},"data":[-0.8399,-0.8357,-0.8299,-0.8225,-0.8136,-0.8039,-0.7942,-0.7853,-0.7778,-0.771,-0.7636,-0.7537,-0.7396,-0.7207,-0.697,-0.6696,-0.6403,-0.6124,-0.5888,-0.5721,-0.563,-0.5604,-0.5624,-0.567,-0.5727,-0.5789,-0.585,-0.591,-0.597,-0.6029,-0.6088,-0.6148,-0.6207,-0.6266,-0.6324,-0.6381,-0.8472,-0.8426,-0.8358,-0.8268,-0.8154,-0.8024,-0.7894,-0.7787,-0.7716,-0.7675,-0.7637,-0.7565,-0.7431,-0.7222,-0.6935,-0.6583,-0.6193,-0.5814,-0.5505,-0.531,-0.5239,-0.5264,-0.5343,-0.5442,-0.5543,-0.5636,-0.5722,-0.5801,-0.5875,-0.5948,-0.6019,-0.6089,-0.6159,-0.6227,-0.6294,-0.6359,-0.8552,-0.8503,-0.8426,-0.8313,-0.816,-0.7972,-0.7776,-0.7622,-0.7554,-0.7571,-0.7611,-0.7602,-0.7493,-0.7266,-0.6917,-0.6455,-0.5913,-0.5368,-0.4933,-0.4707,-0.4696,-0.4825,-0.5009,-0.519,-0.5348,-0.548,-0.5592,-0.569,-0.578,-0.5866,-0.5949,-0.6032,-0.6113,-0.6193,-0.627,-0.6343,-0.864,-0.8593,-0.8508,-0.8371,-0.8162,-0.7874,-0.754,-0.7265,-0.7187,-0.7328,-0.7539,-0.7655,-0.7601,-0.7364,-0.6942,-0.6331,-0.5548,-0.4703,-0.4035,-0.3779,-0.3928,-0.4273,-0.4631,-0.4927,-0.5154,-0.5327,-0.5464,-0.558,-0.5685,-0.5784,-0.5882,-0.5978,-0.6072,-0.6163,-0.6252,-0.6335,-0.8737,-0.8697,-0.8613,-0.8459,-0.8189,-0.775,-0.714,-0.6547,-0.6395,-0.683,-0.7411,-0.7753,-0.7785,-0.7549,-0.7056,-0.6264,-0.5122,-0.3723,-0.2568,-0.2313,-0.2871,-0.3631,-0.4252,-0.4685,-0.4979,-0.5185,-0.5342,-0.5472,-0.559,-0.5704,-0.5816,-0.5927,-0.6036,-0.6142,-0.6243,-0.6337,-0.8838,-0.8812,-0.8745,-0.8601,-0.83,-0.7703,-0.6644,-0.5286,-0.4831,-0.5997,-0.7313,-0.7967,-0.8085,-0.7856,-0.7323,-0.638,-0.481,-0.2497,-0.0324,-0.019,-0.1652,-0.3055,-0.3964,-0.4509,-0.4842,-0.5063,-0.5227,-0.5366,-0.5496,-0.5624,-0.5753,-0.5882,-0.6009,-0.6131,-0.6246,-0.6353,-0.8933,-0.8923,-0.8888,-0.88,-0.8564,-0.7959,-0.6571,-0.4171,-0.3076,-0.5475,-0.7612,-0.8426,-0.8534,-0.8311,-0.7815,-0.6862,-0.5057,-0.1933,0.1501,0.1416,-0.1035,-0.2874,-0.3887,-0.4435,-0.4751,-0.4956,-0.5114,-0.5256,-0.5397,-0.5543,-0.5693,-0.5844,-0.5993,-0.6135,-0.6267,-0.6387,-0.9006,-0.8998,-0.8989,-0.8989,-0.8953,-0.8673,-0.7732,-0.5872,-0.5072,-0.7167,-0.8783,-0.9195,-0.9104,-0.8892,-0.8578,-0.7841,-0.6221,-0.3452,-0.0478,-0.0242,-0.1945,-0.3294,-0.4046,-0.445,-0.4686,-0.4849,-0.499,-0.5134,-0.529,-0.5459,-0.5636,-0.5816,-0.5993,-0.6159,-0.6311,-0.6445,-0.9044,-0.8997,-0.894,-0.8972,-0.9212,-0.9549,-0.9673,-0.9584,-0.992,-1.0639,-1.0642,-1.0124,-0.9663,-0.9515,-0.9675,-0.9402,-0.79,-0.5778,-0.3926,-0.3237,-0.3523,-0.3973,-0.4288,-0.4478,-0.4603,-0.4713,-0.4836,-0.4987,-0.5167,-0.537,-0.5587,-0.5805,-0.6017,-0.6212,-0.6387,-0.6536,-0.9056,-0.8912,-0.8646,-0.8428,-0.887,-1.0079,-1.1315,-1.2585,-1.4304,-1.476,-1.2746,-1.0911,-1.0006,-0.9946,-1.112,-1.1792,-0.9312,-0.7081,-0.5644,-0.4847,-0.4519,-0.4426,-0.4411,-0.4419,-0.4447,-0.451,-0.4626,-0.4801,-0.5024,-0.5279,-0.5549,-0.582,-0.6076,-0.6308,-0.6507,-0.6671,-0.9088,-0.8848,-0.8283,-0.7421,-0.7804,-1.0278,-1.2509,-1.4375,-1.7975,-1.9794,-1.433,-1.1168,-0.999,-0.9824,-1.091,-1.1845,-0.9113,-0.7077,-0.5964,-0.5273,-0.4795,-0.4488,-0.4308,-0.4211,-0.4173,-0.4207,-0.4338,-0.4564,-0.4858,-0.519,-0.5537,-0.5877,-0.6191,-0.6465,-0.6691,-0.6867,-0.9191,-0.8984,-0.8464,-0.7666,-0.8208,-1.1075,-1.3664,-1.5104,-1.6397,-1.7213,-1.3329,-1.0711,-0.9754,-0.9691,-0.9496,-0.8904,-0.7479,-0.6212,-0.5643,-0.5112,-0.4577,-0.4186,-0.3964,-0.3847,-0.3777,-0.3789,-0.3962,-0.428,-0.4681,-0.5121,-0.557,-0.6002,-0.639,-0.6714,-0.6965,-0.7143,-0.9359,-0.9311,-0.9186,-0.9196,-1.0098,-1.2156,-1.4435,-1.5977,-1.5281,-1.3688,-1.1572,-1.0087,-0.951,-0.9717,-0.9266,-0.743,-0.5808,-0.5626,-0.5552,-0.4688,-0.3943,-0.3502,-0.3377,-0.3384,-0.3335,-0.3307,-0.3541,-0.3989,-0.4526,-0.5101,-0.5684,-0.6237,-0.6719,-0.7099,-0.7366,-0.753,-0.9521,-0.9627,-0.9793,-1.0177,-1.1023,-1.237,-1.3921,-1.5111,-1.4457,-1.2318,-1.0628,-0.9858,-0.9595,-0.8181,-0.7721,-0.4778,-0.2267,-0.3987,-0.4556,-0.3627,-0.2603,-0.2193,-0.2469,-0.29,-0.3064,-0.3014,-0.3259,-0.3786,-0.4441,-0.517,-0.5929,-0.6649,-0.7253,-0.769,-0.795,-0.8062,-0.9621,-0.9803,-1.0067,-1.0482,-1.1109,-1.1913,-1.2702,-1.3059,-1.2408,-1.1097,-1.0143,-0.9596,-0.8585,-0.7049,-0.6494,0.0612,0.8294,0.035,-0.2463,-0.1666,0.0304,0.0424,-0.1041,-0.2288,-0.2891,-0.3033,-0.3221,-0.37,-0.4436,-0.536,-0.6375,-0.7343,-0.8114,-0.8595,-0.8792,-0.8783,-0.9641,-0.9837,-1.0092,-1.0426,-1.0838,-1.1267,-1.1575,-1.1546,-1.1052,-1.036,-1.0044,-0.9989,-0.9472,-0.8259,-0.6396,-0.0374,0.499,-0.0056,-0.2044,0.0429,0.6026,0.4775,0.061,-0.1562,-0.2424,-0.2733,-0.2975,-0.3498,-0.4421,-0.5678,-0.7118,-0.8495,-0.9504,-0.9976,-0.9983,-0.9724,-0.9594,-0.977,-0.9978,-1.0218,-1.0468,-1.068,-1.0773,-1.0668,-1.0371,-1.0064,-0.9992,-0.9978,-1.084,-1.1093,-0.7834,-0.4844,-0.3034,-0.3717,-0.396,-0.0456,0.6703,0.5191,0.0746,-0.1247,-0.178,-0.1776,-0.1976,-0.2813,-0.424,-0.6109,-0.8285,-1.0384,-1.1745,-1.2042,-1.1592,-1.0873,-0.9501,-0.9644,-0.9801,-0.9962,-1.0108,-1.0206,-1.0219,-1.0127,-0.996,-0.9813,-0.9769,-0.994,-1.1064,-1.114,-0.8606,-0.716,-0.5979,-0.6323,-0.7464,-0.4272,-0.0484,0.0312,-0.0834,-0.1412,-0.0888,0.0285,0.0382,-0.137,-0.3829,-0.6627,-0.9952,-1.3321,-1.5181,-1.4887,-1.3521,-1.2094,-0.938,-0.949,-0.9602,-0.9706,-0.9786,-0.9826,-0.981,-0.9734,-0.9624,-0.9522,-0.9468,-0.9511,-0.963,-0.9264,-0.8771,-0.8757,-0.7137,-0.6658,-0.6925,-0.5548,-0.3882,-0.2697,-0.2294,-0.17,0.0167,0.3742,0.4474,0.0349,-0.3515,-0.7148,-1.1726,-1.6895,-1.9324,-1.7855,-1.5236,-1.3061,-0.9245,-0.9327,-0.9403,-0.9465,-0.9506,-0.9513,-0.9481,-0.9412,-0.9317,-0.9216,-0.912,-0.9025,-0.8875,-0.861,-0.8563,-0.8468,-0.7267,-0.6396,-0.6027,-0.5964,-0.4962,-0.3924,-0.3207,-0.2253,-0.0121,0.4135,0.5081,-0.0385,-0.4056,-0.7493,-1.2286,-1.8293,-2.1003,-1.8905,-1.5777,-1.3359,-0.9107,-0.9164,-0.9212,-0.9246,-0.9259,-0.9246,-0.9202,-0.9131,-0.9036,-0.8924,-0.8795,-0.8639,-0.8438,-0.8203,-0.7989,-0.7638,-0.6959,-0.6292,-0.5909,-0.5674,-0.5029,-0.432,-0.38,-0.3149,-0.2139,-0.1619,-0.355,-0.4164,-0.5428,-0.7684,-1.1064,-1.5485,-1.7891,-1.6898,-1.4745,-1.2851,-0.897,-0.9007,-0.9034,-0.9047,-0.9041,-0.9013,-0.896,-0.8883,-0.8783,-0.8661,-0.8514,-0.8337,-0.8124,-0.7877,-0.7591,-0.7217,-0.6727,-0.6221,-0.5799,-0.5391,-0.4829,-0.4273,-0.4054,-0.3883,-0.3725,-0.4436,-0.5915,-0.5844,-0.7049,-0.8184,-0.9678,-1.2003,-1.3717,-1.3824,-1.2937,-1.1846,-0.8838,-0.8859,-0.8869,-0.8866,-0.8846,-0.8807,-0.8747,-0.8664,-0.856,-0.8432,-0.8278,-0.8096,-0.7881,-0.7631,-0.7339,-0.6992,-0.6589,-0.6165,-0.5743,-0.5281,-0.4703,-0.4113,-0.3988,-0.4196,-0.4447,-0.502,-0.5815,-0.7208,-0.9294,-0.9146,-0.9121,-1.0051,-1.106,-1.1465,-1.1267,-1.0769,-0.8713,-0.8721,-0.8718,-0.8703,-0.8673,-0.8625,-0.8559,-0.8472,-0.8365,-0.8235,-0.8081,-0.79,-0.769,-0.745,-0.7174,-0.686,-0.6513,-0.6142,-0.5751,-0.5321,-0.4835,-0.4392,-0.4274,-0.4498,-0.487,-0.5444,-0.6368,-0.801,-0.9586,-0.9307,-0.8892,-0.9154,-0.9664,-1.0002,-1.0042,-0.9858]}]