docs/data/wind_grid.json
[{"header":{"la1":42.85,"la2":41.18,"lo1":11.55,"lo2":14.05,"nx":36,"ny":24,"dx":0.07143,"dy":0.07261,"parameterCategory":2,"parameterNumber":2,"parameterNumberName":"eastward_wind","parameterUnit":"m.s-1"},"data":[3.1209,3.0839,3.0368,2.9802,2.9168,2.852,2.7937,2.7504,2.7275,2.7252,2.7379,2.7569,2.7741,2.7831,2.7795,2.7593,2.718,2.6509,2.5551,2.435,2.3081,2.2029,2.1464,2.1467,2.1917,2.2607,2.3362,2.4081,2.4721,2.5275,2.5748,2.6153,2.6502,2.6805,2.7071,2.7306,3.153,3.1123,3.0562,2.9837,2.8974,2.8047,2.7188,2.656,2.6286,2.6377,2.6717,2.7142,2.7516,2.7761,2.7835,2.7701,2.7293,2.6507,2.5222,2.3414,2.1339,1.9595,1.8801,1.9083,2.0065,2.1284,2.2452,2.3457,2.4287,2.4962,2.5516,2.5975,2.6361,2.6691,2.6977,2.7228,3.1991,3.1572,3.0925,3.0002,2.8805,2.7422,2.6062,2.5051,2.4687,2.5011,2.5759,2.6585,2.7266,2.7725,2.7956,2.7954,2.7648,2.6843,2.5209,2.2442,1.879,1.5586,1.4474,1.5578,1.7689,1.9802,2.1545,2.289,2.3915,2.4704,2.5326,2.5829,2.6244,2.6596,2.6898,2.7162,3.2641,3.2274,3.1582,3.0442,2.8782,2.6655,2.435,2.2515,2.1941,2.28,2.4382,2.5899,2.7015,2.7732,2.8154,2.8365,2.8345,2.7827,2.6092,2.1994,1.5142,0.8486,0.7133,1.0622,1.4976,1.8407,2.0813,2.2479,2.3659,2.4528,2.5193,2.5722,2.6156,2.6521,2.6835,2.7108,3.3529,3.3339,3.2727,3.142,2.9183,2.5917,2.1839,1.8076,1.6926,1.9163,2.2533,2.5183,2.6834,2.7788,2.8377,2.8862,2.9397,2.9851,2.9076,2.3942,1.1255,-0.3611,-0.408,0.5183,1.2868,1.7619,2.0502,2.2331,2.3564,2.4448,2.5119,2.5653,2.6093,2.6465,2.6786,2.7065,3.4673,3.4886,3.4637,3.3369,3.0539,2.5804,1.8849,1.0696,0.781,1.3767,2.0642,2.4768,2.6855,2.7884,2.8508,2.9218,3.049,3.2872,3.565,3.1756,1.3467,-1.1061,-0.9914,0.4119,1.3144,1.8026,2.0791,2.249,2.3626,2.4452,2.5092,2.5613,2.605,2.6424,2.6748,2.7032,3.5992,3.6942,3.7633,3.691,3.3561,2.7448,1.7915,0.403,-0.2149,0.9962,2.0355,2.5189,2.7201,2.7961,2.8342,2.9044,3.0788,3.4815,4.2157,4.0672,2.4291,0.8061,0.4863,1.1096,1.6388,1.9624,2.1587,2.2865,2.3779,2.4491,2.508,2.5581,2.6014,2.6389,2.6716,2.7004,3.7206,3.9172,4.1744,4.2644,3.8399,3.1164,2.2393,1.145,0.691,1.5655,2.3184,2.6635,2.7846,2.7874,2.7523,2.7853,2.9604,3.2961,3.7239,3.5945,3.0385,2.5535,2.0611,1.9545,2.0453,2.1563,2.2475,2.3224,2.3884,2.4487,2.5039,2.5534,2.5971,2.6354,2.6687,2.698,3.7825,4.0421,4.4989,4.8715,4.2349,3.4566,2.8636,2.4027,2.2651,2.4802,2.7191,2.8516,2.8652,2.7482,2.5274,2.465,2.719,3.0192,3.2181,3.2624,3.4228,3.2858,2.7509,2.4381,2.3173,2.2835,2.2914,2.3259,2.3769,2.4348,2.4923,2.545,2.5913,2.6313,2.6656,2.6954,3.7564,3.9515,4.2442,4.4187,3.9763,3.5567,3.2467,3.049,2.9652,2.9647,2.9971,3.0213,2.9719,2.7366,2.0579,1.6883,2.4449,2.8921,3.0798,3.1766,3.3083,3.2175,2.878,2.5885,2.3914,2.2763,2.2392,2.2651,2.3269,2.4004,2.4709,2.5325,2.5839,2.6265,2.6621,2.6925,3.6784,3.7631,3.7786,3.5991,3.582,3.5574,3.4678,3.3658,3.1208,3.013,3.1334,3.1642,3.1337,2.9695,2.2497,1.6991,2.5568,2.9698,3.1116,3.1375,3.1196,3.0194,2.8031,2.5251,2.2522,2.0697,2.0331,2.1093,2.2284,2.3449,2.4419,2.5178,2.576,2.6214,2.6579,2.6886,3.6027,3.6368,3.621,3.5485,3.549,3.5948,3.6845,3.7593,3.45,3.1998,3.2669,3.2959,3.3079,3.3631,3.1633,2.8848,2.9977,3.2272,3.2955,3.209,3.1025,2.9515,2.6979,2.3039,1.83,1.5327,1.59,1.8389,2.0892,2.2803,2.4142,2.506,2.5697,2.6161,2.6523,2.6828,3.5469,3.5681,3.5718,3.5645,3.5775,3.6508,3.8369,4.0818,3.8765,3.5131,3.4072,3.4437,3.4199,3.4604,3.3642,3.1603,3.1984,3.5507,3.5694,3.3101,3.1534,2.961,2.6145,1.9682,1.0079,0.4545,0.8623,1.502,1.958,2.2366,2.403,2.5033,2.5663,2.6095,2.6433,2.673,3.5069,3.5243,3.5362,3.5483,3.5768,3.6499,3.7893,3.943,3.8352,3.5621,3.4648,3.5935,3.6032,3.0729,3.1998,3.0732,3.1501,3.3843,3.4502,3.3351,3.2302,3.0459,2.6403,1.7636,0.1866,-0.7344,0.2553,1.3245,1.9338,2.2543,2.4232,2.5128,2.5631,2.597,2.6264,2.6559,3.4772,3.4925,3.5065,3.5233,3.5511,3.5987,3.6618,3.6954,3.6254,3.5094,3.4548,3.4398,3.3351,3.1994,3.1786,3.0486,3.1773,3.268,3.3546,3.3848,3.3876,3.2535,2.8559,2.057,0.7475,-0.0257,0.7021,1.5809,2.0942,2.354,2.4757,2.5267,2.5488,2.5674,2.5931,2.6263,3.4542,3.4675,3.4808,3.4961,3.5159,3.5402,3.5607,3.5575,3.5191,3.4769,3.4793,3.4131,3.3837,3.3179,3.2776,3.2301,3.2373,3.3312,3.4308,3.5193,3.6775,3.5678,3.1579,2.6072,1.9642,1.6012,1.7882,2.1462,2.3928,2.5098,2.5379,2.5201,2.498,2.5002,2.5307,2.578,3.4357,3.4472,3.4586,3.4706,3.4833,3.495,3.5006,3.4943,3.4773,3.4653,3.4748,3.4484,3.4887,3.5152,3.4286,3.4057,3.4244,3.5266,3.6272,3.6392,3.738,3.647,3.3378,3.0189,2.7589,2.6471,2.6687,2.7094,2.7129,2.6666,2.569,2.4477,2.3654,2.3641,2.425,2.5077,3.4206,3.4304,3.44,3.4492,3.4577,3.4643,3.4668,3.4641,3.4587,3.4561,3.4589,3.4714,3.5325,3.5668,3.6286,3.6819,3.6469,3.7806,3.9489,3.7882,3.684,3.5827,3.4248,3.2755,3.2252,3.3005,3.3153,3.1658,2.9812,2.7842,2.5325,2.2518,2.0905,2.131,2.2754,2.4237,3.4081,3.4166,3.4247,3.4322,3.4389,3.444,3.447,3.4483,3.4495,3.4535,3.4639,3.4881,3.5385,3.651,4.0085,4.1647,3.8324,3.8542,3.9685,3.9869,3.8151,3.648,3.5217,3.4471,3.5107,3.7896,3.8535,3.4855,3.1647,2.8642,2.4507,1.9406,1.6871,1.8485,2.1292,2.3567,3.3976,3.4052,3.4124,3.4191,3.4251,3.4303,3.4348,3.4392,3.4449,3.4543,3.4712,3.5026,3.5639,3.6989,3.9737,4.0668,3.8653,3.8925,4.2001,4.3499,3.9626,3.746,3.6301,3.5589,3.5981,3.8675,3.9359,3.5101,3.2404,2.9535,2.4735,1.8152,1.504,1.746,2.0948,2.353,3.3889,3.3958,3.4025,3.4089,3.4149,3.4207,3.4266,3.4333,3.442,3.4549,3.4752,3.5083,3.5637,3.654,3.7655,3.8121,3.7981,3.8635,4.0466,4.1081,3.9425,3.8498,3.7862,3.663,3.5535,3.4697,3.2575,3.2579,3.2673,3.108,2.7219,2.1809,1.8833,1.9943,2.2333,2.4342,3.3814,3.388,3.3944,3.4006,3.4069,3.4133,3.4203,3.4285,3.4391,3.4535,3.4742,3.5042,3.5471,3.6028,3.6598,3.699,3.7288,3.7833,3.8601,3.9019,3.9342,4.0716,4.1027,3.8379,3.5573,3.2975,3.0259,3.1785,3.4154,3.3699,3.0763,2.6889,2.4264,2.3845,2.4662,2.5716,3.3749,3.3812,3.3875,3.3938,3.4003,3.4072,3.4148,3.4239,3.4352,3.4498,3.4692,3.4947,3.5271,3.5649,3.603,3.6373,3.6715,3.7143,3.7664,3.8315,3.9701,4.2647,4.3573,3.978,3.6207,3.3898,3.2876,3.4703,3.7982,3.6971,3.3687,3.0422,2.8091,2.7017,2.6877,2.7177,3.3692,3.3753,3.3815,3.3878,3.3944,3.4016,3.4096,3.419,3.4303,3.4442,3.4616,3.4829,3.5082,3.5364,3.5657,3.5949,3.626,3.6625,3.7091,3.7795,3.907,4.0898,4.1238,3.8958,3.6427,3.4868,3.4607,3.6223,3.852,3.757,3.4784,3.2176,3.0245,2.9081,2.8553,2.843]},{"header":{"la1":42.85,"la2":41.18,"lo1":11.55,"lo2":14.05,"nx":36,"ny":24,"dx":0.07143,"dy":0.07261,"parameterCategory":2,"parameterNumber":3,"parameterNumberName":"northward_wind","parameterUnit":"m.s-1"},"data":[1.2187,1.1949,1.1658,1.1314,1.0929,1.0533,1.0166,0.9877,0.9691,0.9599,0.9546,0.946,0.9273,0.8936,0.842,0.771,0.6802,0.5704,0.4449,0.3119,0.1883,0.0993,0.0672,0.0971,0.1751,0.2792,0.3905,0.4973,0.5942,0.6795,0.7535,0.8173,0.8721,0.9192,0.9598,0.9948,1.2316,1.2053,1.1709,1.1278,1.0767,1.0213,0.9692,0.9301,0.9114,0.9123,0.9229,0.9297,0.9215,0.8916,0.8366,0.7548,0.6452,0.5064,0.338,0.1449,-0.0492,-0.1942,-0.2381,-0.1716,-0.0325,0.1326,0.2929,0.4353,0.5569,0.6589,0.7441,0.8154,0.8752,0.9256,0.9683,1.0046,1.2497,1.2217,1.1821,1.128,1.0582,0.9763,0.8942,0.8327,0.8117,0.8327,0.8746,0.9098,0.92,0.8976,0.8406,0.7481,0.6187,0.4484,0.2283,-0.0538,-0.3793,-0.6434,-0.7041,-0.5489,-0.2904,-0.0275,0.1993,0.3839,0.5314,0.6495,0.7446,0.822,0.8855,0.9381,0.982,1.0189,1.2747,1.2474,1.2044,1.1386,1.0434,0.9176,0.776,0.6611,0.6298,0.6946,0.801,0.8874,0.9265,0.9153,0.8573,0.7547,0.6065,0.409,0.1435,-0.2503,-0.8249,-1.3725,-1.4452,-1.0599,-0.5771,-0.174,0.1298,0.3557,0.5258,0.6562,0.758,0.8389,0.9041,0.9574,1.0013,1.0379,1.3081,1.2861,1.2449,1.171,1.0468,0.8553,0.5981,0.349,0.2794,0.4525,0.6975,0.8705,0.9479,0.9486,0.8896,0.7777,0.6127,0.3983,0.1305,-0.3242,-1.2955,-2.5113,-2.5156,-1.6046,-0.7975,-0.2519,0.1129,0.3656,0.5477,0.6831,0.7866,0.8676,0.932,0.9841,1.0267,1.0619,1.3498,1.3402,1.3117,1.2417,1.0961,0.8288,0.3841,-0.1854,-0.3877,0.0746,0.5957,0.8849,0.9958,1.0006,0.9378,0.8191,0.64,0.4093,0.2009,-0.0981,-1.2587,-3.1794,-3.0591,-1.7243,-0.7761,-0.1971,0.1731,0.4239,0.6017,0.7325,0.8316,0.9085,0.9694,1.0183,1.0582,1.0908,1.3963,1.4079,1.409,1.3652,1.2208,0.914,0.3208,-0.6756,-1.1445,-0.1872,0.626,0.9743,1.0801,1.0688,0.9948,0.8767,0.6995,0.4455,0.241,0.173,-0.5185,-1.6101,-1.7708,-1.0886,-0.4499,0.0009,0.3115,0.5297,0.687,0.8035,0.8921,0.961,1.0156,1.0596,1.0954,1.1246,1.4394,1.4765,1.5262,1.5371,1.4078,1.1326,0.6631,-0.0808,-0.4046,0.3289,0.9295,1.1595,1.1976,1.1387,1.0331,0.9235,0.7952,0.5843,0.3477,0.204,-0.0591,-0.3152,-0.4633,-0.3062,-0.0067,0.2773,0.5024,0.6713,0.7971,0.8922,0.9655,1.0233,1.0697,1.1073,1.1379,1.1628,1.4679,1.5186,1.6085,1.683,1.5469,1.3552,1.1636,0.9919,1.0232,1.2609,1.3943,1.3973,1.3308,1.1895,0.9791,0.8583,0.8664,0.788,0.592,0.3058,-0.0615,-0.0403,0.0778,0.2059,0.382,0.5619,0.7144,0.8329,0.9232,0.9929,1.0481,1.093,1.1298,1.1602,1.1851,1.2052,1.4769,1.5147,1.569,1.6013,1.528,1.4844,1.5079,1.661,2.0045,2.1489,1.8589,1.6211,1.4754,1.2544,0.7239,0.4368,0.8624,0.991,0.8721,0.5639,0.1662,0.1757,0.3925,0.5594,0.7041,0.8309,0.9302,1.0027,1.0565,1.0994,1.1357,1.1672,1.1944,1.2175,1.2364,1.2513,1.4752,1.4922,1.4914,1.4441,1.4547,1.5427,1.6763,1.9505,2.7416,3.1596,2.1895,1.764,1.6458,1.5185,0.9255,0.4763,1.0457,1.2607,1.2235,1.0063,0.7591,0.6837,0.7616,0.8793,0.998,1.0923,1.1473,1.1736,1.1897,1.2058,1.224,1.2433,1.262,1.2784,1.2916,1.3013,1.4735,1.4825,1.4753,1.4447,1.4669,1.5867,1.7205,1.8434,2.2865,2.6268,2.0553,1.7805,1.8054,2.0044,1.7677,1.414,1.4557,1.6746,1.6854,1.4205,1.1924,1.0853,1.0886,1.1677,1.283,1.3643,1.3698,1.3395,1.3148,1.3058,1.3092,1.3195,1.3319,1.3431,1.3512,1.3555,1.475,1.4855,1.4913,1.4987,1.5382,1.6265,1.7174,1.7377,1.8022,1.9061,1.796,1.7141,1.7766,2.1465,1.9828,1.6331,1.6554,2.2158,2.2271,1.686,1.4358,1.3315,1.3181,1.3967,1.5594,1.6604,1.5897,1.4846,1.4206,1.3937,1.3889,1.3954,1.4053,1.4133,1.4168,1.4151,1.4776,1.4913,1.5067,1.5294,1.5698,1.6306,1.6932,1.7283,1.7338,1.7145,1.6662,1.6623,1.6556,1.4652,1.6323,1.5503,1.5826,1.8813,1.9566,1.6885,1.5468,1.4828,1.4645,1.5364,1.7461,1.8817,1.732,1.5753,1.4958,1.4662,1.4636,1.4738,1.486,1.4929,1.4915,1.4821,1.4787,1.4941,1.5124,1.5364,1.5691,1.6088,1.6464,1.6665,1.6538,1.6106,1.5731,1.5751,1.5338,1.4326,1.5246,1.5211,1.4653,1.5669,1.6296,1.6251,1.6445,1.6213,1.5645,1.5798,1.7052,1.7948,1.7025,1.5951,1.5406,1.5266,1.5381,1.5615,1.5823,1.5896,1.5807,1.5594,1.4775,1.4924,1.5096,1.5301,1.5537,1.5779,1.5964,1.5999,1.5794,1.5312,1.4594,1.5544,1.5291,1.4802,1.4837,1.4766,1.457,1.4817,1.5199,1.637,1.8781,1.8183,1.6417,1.586,1.6126,1.6423,1.6235,1.5892,1.5727,1.5838,1.6215,1.672,1.71,1.7166,1.6921,1.6497,1.4737,1.4871,1.5017,1.5175,1.5337,1.5477,1.5555,1.5522,1.5342,1.5,1.4578,1.4897,1.451,1.4131,1.4101,1.398,1.3989,1.3844,1.3922,1.5714,1.9094,1.8399,1.6487,1.5819,1.5836,1.6025,1.609,1.6036,1.6073,1.6437,1.724,1.8272,1.8968,1.8934,1.8331,1.7528,1.4682,1.4795,1.4912,1.5029,1.5136,1.5214,1.5241,1.5193,1.5064,1.4877,1.4701,1.4521,1.4071,1.3691,1.2421,1.1778,1.2615,1.2389,1.1257,1.3815,1.5889,1.6285,1.5834,1.5671,1.5957,1.6439,1.6624,1.6446,1.6417,1.6997,1.8485,2.0552,2.1796,2.1349,1.9988,1.8586,1.4615,1.4708,1.4799,1.4883,1.4952,1.4993,1.4993,1.4941,1.4837,1.4687,1.449,1.4189,1.3654,1.2382,0.8448,0.68,1.1117,1.2379,1.2304,1.4147,1.481,1.5107,1.5213,1.5508,1.6271,1.7396,1.766,1.6938,1.6588,1.7262,1.9626,2.3368,2.5363,2.3949,2.1463,1.9395,1.4542,1.4616,1.4686,1.4745,1.4788,1.4805,1.4789,1.4733,1.4632,1.4481,1.4256,1.3896,1.3237,1.1803,0.8886,0.801,1.1139,1.313,1.5026,1.5823,1.4798,1.456,1.4684,1.5224,1.6296,1.7651,1.7938,1.711,1.6354,1.6788,1.9566,2.4426,2.6892,2.4868,2.1871,1.958,1.4468,1.4526,1.4578,1.4619,1.4643,1.4645,1.4618,1.4558,1.4456,1.4304,1.4078,1.3731,1.3174,1.229,1.1252,1.1103,1.217,1.3408,1.4555,1.493,1.4339,1.3838,1.3847,1.4589,1.5873,1.7342,1.8586,1.7543,1.5375,1.5025,1.738,2.1465,2.3798,2.2833,2.0775,1.8998,1.4395,1.444,1.4478,1.4505,1.4516,1.4508,1.4475,1.4412,1.4314,1.4171,1.3969,1.3685,1.3299,1.2831,1.2443,1.2427,1.2844,1.3427,1.3902,1.3975,1.345,1.2475,1.2251,1.3511,1.5202,1.7272,1.9821,1.7294,1.1977,1.1165,1.3729,1.7092,1.9289,1.9609,1.8877,1.7923,1.4324,1.436,1.4387,1.4404,1.4406,1.4391,1.4355,1.4294,1.4204,1.4079,1.3912,1.3699,1.3446,1.3191,1.3015,1.3011,1.3185,1.3432,1.3592,1.3472,1.2814,1.1493,1.1101,1.2672,1.4302,1.5558,1.5788,1.1368,0.4281,0.5759,1.0206,1.3767,1.5998,1.6962,1.7066,1.6765,1.4258,1.4285,1.4304,1.4314,1.431,1.4292,1.4256,1.42,1.412,1.4015,1.3883,1.3728,1.3561,1.3409,1.331,1.3296,1.3361,1.3449,1.3469,1.3302,1.2821,1.21,1.1953,1.2774,1.3631,1.386,1.2604,0.8236,0.3213,0.4772,0.8903,1.2092,1.4127,1.5243,1.5708,1.5779]}]