docs/data/wind_grid.json
[{"header":{"la1":42.85,"la2":41.18,"lo1":11.55,"lo2":14.05,"nx":36,"ny":24,"dx":0.07143,"dy":0.07261,"parameterCategory":2,"parameterNumber":2,"parameterNumberName":"eastward_wind","parameterUnit":"m.s-1"},"data":[2.2717,2.2523,2.2297,2.2042,2.1768,2.1498,2.1266,2.1108,2.1042,2.1052,2.1086,2.1071,2.0942,2.0653,2.0188,1.957,1.8859,1.8157,1.7579,1.7217,1.71,1.7193,1.7421,1.771,1.8003,1.8271,1.8499,1.8687,1.8838,1.896,1.9059,1.9141,1.9209,1.9269,1.9322,1.937,2.2732,2.2505,2.2227,2.1896,2.152,2.1129,2.0784,2.0561,2.0517,2.0638,2.083,2.0959,2.0911,2.061,2.0027,1.918,1.8155,1.7118,1.6286,1.5835,1.5806,1.6101,1.6563,1.7061,1.7517,1.79,1.8206,1.8444,1.8628,1.8771,1.8885,1.8977,1.9053,1.9119,1.9178,1.9232,2.2763,2.2501,2.2165,2.1735,2.1207,2.0609,2.0035,1.9653,1.9622,1.9949,2.0442,2.0842,2.0953,2.0667,1.9932,1.8748,1.7209,1.5583,1.4299,1.3735,1.3941,1.4648,1.5521,1.6339,1.7014,1.7534,1.7922,1.8208,1.842,1.8581,1.8706,1.8806,1.8889,1.8962,1.9026,1.9086,2.2816,2.2526,2.2133,2.1592,2.0858,1.9918,1.8887,1.8105,1.803,1.8764,1.9854,2.0744,2.1134,2.0909,2.0,1.8342,1.5966,1.3247,1.1081,1.0393,1.1213,1.2763,1.4329,1.5602,1.6541,1.7204,1.7665,1.7988,1.8218,1.8389,1.8521,1.8627,1.8716,1.8794,1.8864,1.893,2.2895,2.2593,2.2165,2.153,2.0565,1.9128,1.7222,1.5435,1.5095,1.6732,1.9034,2.0752,2.1554,2.1454,2.0396,1.8164,1.4511,0.9728,0.5677,0.4948,0.734,1.0532,1.3151,1.4977,1.6175,1.6948,1.745,1.7785,1.8018,1.8191,1.8325,1.8435,1.8529,1.8613,1.8689,1.8761,2.2997,2.2702,2.2283,2.163,2.052,1.8562,1.5301,1.1226,0.9921,1.3684,1.8263,2.1096,2.2355,2.2444,2.1364,1.8665,1.3478,0.525,-0.2782,-0.3152,0.2771,0.8551,1.2369,1.4654,1.5998,1.6794,1.7279,1.7592,1.781,1.7975,1.811,1.8224,1.8325,1.8415,1.8499,1.8578,2.31,2.2826,2.2465,2.1923,2.0932,1.8885,1.4671,0.7704,0.456,1.169,1.8647,2.2155,2.3647,2.3975,2.3161,2.0506,1.452,0.3238,-0.9777,-0.9394,0.0529,0.8185,1.2495,1.4808,1.6051,1.6732,1.7125,1.738,1.7569,1.7727,1.7865,1.7987,1.8097,1.8197,1.8289,1.8378,2.3172,2.2891,2.2585,2.2259,2.1747,2.0487,1.7456,1.2137,0.9942,1.5912,2.1362,2.4052,2.5352,2.6015,2.5951,2.4118,1.8946,0.9188,-0.1943,-0.2649,0.4544,1.0397,1.3705,1.5416,1.6264,1.6684,1.6919,1.7094,1.7259,1.7421,1.7575,1.7716,1.7841,1.7954,1.8057,1.8156,2.3186,2.2802,2.2398,2.2186,2.2354,2.2531,2.2038,2.1065,2.1441,2.3594,2.528,2.624,2.7087,2.83,2.9893,2.96,2.5171,1.8394,1.2094,0.9983,1.1699,1.3968,1.5458,1.6182,1.6433,1.6489,1.6536,1.6651,1.6829,1.7033,1.723,1.7404,1.7554,1.7683,1.7799,1.791,2.3169,2.2547,2.168,2.0989,2.1704,2.3763,2.5549,2.7042,2.9023,2.9885,2.8668,2.7959,2.8288,3.0005,3.4865,3.7322,3.0272,2.4034,1.9898,1.7659,1.6981,1.6982,1.696,1.6685,1.6251,1.5895,1.579,1.594,1.6229,1.6546,1.6826,1.7053,1.7232,1.7379,1.7508,1.7632,2.3241,2.2383,2.0838,1.88,1.9536,2.4227,2.7933,3.0249,3.3389,3.4918,3.0732,2.8806,2.8646,2.9723,3.4261,3.7631,3.0506,2.552,2.2761,2.1009,1.9767,1.8791,1.778,1.6573,1.5334,1.4519,1.4415,1.4838,1.5431,1.5968,1.6378,1.667,1.6878,1.7038,1.7177,1.7315,2.3539,2.2746,2.1279,1.9342,2.0381,2.5822,3.0222,3.232,3.29,3.3192,3.0428,2.886,2.8544,2.8807,2.9274,2.9663,2.734,2.443,2.3076,2.2169,2.1002,1.9643,1.7923,1.5648,1.3179,1.1756,1.2071,1.329,1.449,1.5363,1.5926,1.6271,1.6488,1.6647,1.679,1.6943,2.4056,2.3635,2.3039,2.2779,2.4387,2.8062,3.1745,3.4059,3.3011,3.1075,2.9509,2.8835,2.8457,2.867,2.8401,2.7313,2.5422,2.267,2.2392,2.2422,2.1466,1.9986,1.7722,1.4086,0.9396,0.6969,0.8714,1.1567,1.364,1.4862,1.5523,1.5864,1.6046,1.6179,1.6321,1.6496,2.463,2.4587,2.4662,2.5194,2.6631,2.889,3.1281,3.2967,3.2285,3.0191,2.8997,2.9185,2.9067,2.5575,2.6942,2.6062,2.4668,2.328,2.2776,2.2493,2.1601,2.0224,1.7797,1.315,0.5951,0.2277,0.6161,1.0662,1.33,1.4618,1.5206,1.5425,1.5503,1.5579,1.5721,1.5941,2.511,2.5289,2.5633,2.6285,2.7342,2.8691,2.9978,3.0669,3.0233,2.9256,2.8666,2.8257,2.7451,2.6904,2.6358,2.4804,2.3401,2.3698,2.317,2.242,2.1566,2.0598,1.8591,1.4518,0.8375,0.5067,0.7989,1.1636,1.3736,1.4667,1.4927,1.4865,1.4745,1.4744,1.4919,1.5237,2.5441,2.5707,2.61,2.6665,2.7398,2.8196,2.8858,2.9144,2.8993,2.8841,2.9377,2.8153,2.7507,2.6705,2.6091,2.4773,2.3727,2.3682,2.3062,2.2146,2.1312,2.0996,1.9636,1.6963,1.3699,1.1829,1.2434,1.3794,1.4646,1.4839,1.4529,1.3989,1.3567,1.3507,1.3815,1.4345,2.5632,2.591,2.627,2.6716,2.7221,2.7715,2.8095,2.828,2.832,2.8494,2.9066,2.8124,2.6446,2.5731,2.5881,2.5232,2.436,2.3478,2.2719,2.2058,2.1282,2.1118,2.0231,1.8603,1.6926,1.5913,1.5661,1.5662,1.5487,1.4889,1.3795,1.2491,1.1633,1.1643,1.2326,1.3268,2.5715,2.5973,2.6277,2.662,2.6977,2.7304,2.7553,2.7699,2.7773,2.7841,2.7791,2.7191,2.6007,2.5662,2.6071,2.5803,2.4557,2.2883,2.2016,2.2085,2.169,2.126,2.0524,1.9395,1.8277,1.7608,1.7252,1.6775,1.603,1.4742,1.2607,1.0035,0.8561,0.9017,1.0523,1.2128,2.5723,2.5948,2.6197,2.6461,2.672,2.6949,2.7123,2.723,2.7274,2.725,2.7096,2.6737,2.6303,2.6229,2.7052,2.7392,2.5064,2.2955,2.2062,2.1832,2.1792,2.1487,2.0818,1.9788,1.8665,1.8032,1.787,1.7275,1.6328,1.4603,1.1322,0.6913,0.4715,0.6207,0.8912,1.1249,2.5679,2.587,2.6073,2.6277,2.6469,2.6633,2.6755,2.6825,2.6838,2.6783,2.6642,2.6423,2.6217,2.6244,2.6822,2.6889,2.5035,2.3144,2.1579,2.1105,2.1796,2.1842,2.1307,2.0193,1.8799,1.7988,1.7855,1.7118,1.6464,1.4888,1.1204,0.5721,0.3105,0.5224,0.8468,1.106,2.5603,2.5763,2.5926,2.6084,2.6228,2.6346,2.6429,2.6469,2.6461,2.6397,2.6278,2.6117,2.5963,2.589,2.5885,2.5543,2.4526,2.3257,2.214,2.1814,2.231,2.273,2.244,2.1039,1.9063,1.7253,1.567,1.6011,1.6666,1.59,1.3076,0.8735,0.6312,0.737,0.9663,1.1729,2.5505,2.5638,2.5768,2.5891,2.5998,2.6082,2.6135,2.6153,2.6129,2.6062,2.5952,2.5809,2.5651,2.5486,2.5268,2.4864,2.4208,2.3453,2.287,2.2766,2.3383,2.4674,2.4885,2.2621,1.9671,1.6794,1.4334,1.5654,1.779,1.7715,1.5767,1.2915,1.0937,1.0787,1.1746,1.2958,2.5396,2.5504,2.5608,2.5701,2.578,2.5837,2.5868,2.5868,2.5833,2.5761,2.5654,2.5513,2.5344,2.5139,2.4872,2.4505,2.4041,2.3571,2.326,2.3338,2.4195,2.6118,2.6704,2.3863,2.0588,1.8078,1.6841,1.8139,2.0361,1.982,1.7889,1.5778,1.421,1.3593,1.3753,1.43,2.5279,2.5367,2.5448,2.5519,2.5574,2.5611,2.5624,2.5609,2.5565,2.5489,2.538,2.524,2.5066,2.4853,2.4592,2.4276,2.3924,2.3598,2.34,2.3487,2.4069,2.5084,2.5191,2.3401,2.1099,1.9368,1.8707,1.9486,2.0726,2.0245,1.8763,1.726,1.6102,1.546,1.5306,1.548]},{"header":{"la1":42.85,"la2":41.18,"lo1":11.55,"lo2":14.05,"nx":36,"ny":24,"dx":0.07143,"dy":0.07261,"parameterCategory":2,"parameterNumber":3,"parameterNumberName":"northward_wind","parameterUnit":"m.s-1"},"data":[-0.4775,-0.519,-0.5635,-0.6095,-0.6539,-0.6912,-0.7139,-0.7136,-0.685,-0.6282,-0.5505,-0.4627,-0.3754,-0.2965,-0.23,-0.1772,-0.1368,-0.106,-0.0812,-0.0589,-0.037,-0.015,0.0066,0.0267,0.0445,0.0598,0.0724,0.0826,0.0906,0.097,0.1019,0.1056,0.1084,0.1106,0.1122,0.1134,-0.5109,-0.5623,-0.6202,-0.684,-0.751,-0.814,-0.8608,-0.8753,-0.8446,-0.7677,-0.6579,-0.5354,-0.4184,-0.3178,-0.2382,-0.1796,-0.1393,-0.112,-0.0912,-0.0709,-0.0479,-0.0223,0.0036,0.0276,0.0483,0.0653,0.0788,0.0893,0.0972,0.1031,0.1075,0.1107,0.113,0.1147,0.1158,0.1166,-0.5415,-0.6033,-0.6765,-0.7629,-0.8619,-0.9666,-1.0586,-1.106,-1.0772,-0.966,-0.8007,-0.6227,-0.4624,-0.3338,-0.2395,-0.1771,-0.1413,-0.1237,-0.1124,-0.0959,-0.0695,-0.0363,-0.0023,0.0279,0.0527,0.0718,0.0862,0.0966,0.1042,0.1095,0.1132,0.1157,0.1174,0.1184,0.1191,0.1194,-0.5669,-0.6383,-0.7269,-0.8388,-0.9802,-1.1503,-1.3272,-1.4497,-1.4355,-1.2591,-0.9909,-0.722,-0.5009,-0.3382,-0.2295,-0.1673,-0.144,-0.1479,-0.1569,-0.1464,-0.1095,-0.0594,-0.0109,0.0288,0.0586,0.0799,0.0947,0.1047,0.1114,0.1159,0.1187,0.1204,0.1213,0.1217,0.1218,0.1216,-0.5848,-0.6632,-0.7638,-0.8992,-1.0881,-1.35,-1.6799,-1.9775,-2.0175,-1.6995,-1.2302,-0.8182,-0.5199,-0.3222,-0.2028,-0.1468,-0.1476,-0.1949,-0.2482,-0.2447,-0.1768,-0.0909,-0.0187,0.0331,0.0679,0.0903,0.1045,0.1133,0.1187,0.1219,0.1236,0.1244,0.1245,0.1243,0.1238,0.1232,-0.5939,-0.6748,-0.7798,-0.9272,-1.1513,-1.5091,-2.065,-2.7345,-2.941,-2.2967,-1.465,-0.8697,-0.4981,-0.2757,-0.1542,-0.1102,-0.1438,-0.2653,-0.4121,-0.4101,-0.265,-0.1179,-0.0167,0.0456,0.0825,0.1036,0.1155,0.122,0.1254,0.127,0.1275,0.1274,0.1268,0.1259,0.1249,0.1238,-0.5951,-0.6737,-0.7728,-0.9111,-1.1315,-1.5207,-2.2321,-3.3352,-3.8229,-2.6948,-1.5145,-0.8137,-0.4154,-0.1933,-0.0834,-0.0525,-0.1061,-0.293,-0.5586,-0.547,-0.3036,-0.1061,0.009,0.0712,0.1034,0.1192,0.1264,0.1293,0.1303,0.1304,0.1298,0.1288,0.1276,0.1261,0.1247,0.1233,-0.5913,-0.6661,-0.7522,-0.8605,-1.0265,-1.3273,-1.8827,-2.7231,-3.0548,-2.1629,-1.2325,-0.6349,-0.2734,-0.0809,-0.0047,0.0119,-0.0186,-0.1565,-0.3739,-0.3772,-0.1849,-0.0249,0.0658,0.1102,0.1287,0.1343,0.1346,0.1333,0.132,0.1309,0.1297,0.1283,0.1266,0.1248,0.123,0.1214,-0.586,-0.6621,-0.7411,-0.8158,-0.9,-1.0509,-1.3148,-1.6205,-1.6887,-1.373,-0.8826,-0.4163,-0.0939,0.0461,0.0313,0.0088,0.0589,0.0564,-0.0128,-0.0287,0.0352,0.1033,0.1422,0.1549,0.1519,0.1432,0.1353,0.1305,0.1284,0.1275,0.1266,0.1253,0.1235,0.1214,0.1193,0.1176,-0.5789,-0.6672,-0.7647,-0.8403,-0.8491,-0.8505,-0.9369,-1.116,-1.3529,-1.3288,-0.7936,-0.2265,0.1247,0.2041,-0.0644,-0.2322,0.0722,0.2309,0.2566,0.2435,0.2356,0.2307,0.217,0.192,0.1618,0.136,0.121,0.1162,0.117,0.119,0.1201,0.1195,0.1178,0.1156,0.1134,0.1116,-0.5613,-0.6652,-0.8045,-0.9484,-0.9191,-0.7419,-0.6974,-0.8982,-1.7192,-2.1426,-0.8633,-0.0059,0.4257,0.5366,0.134,-0.1899,0.2263,0.4367,0.4872,0.451,0.3923,0.3347,0.2746,0.2076,0.142,0.0963,0.0803,0.0852,0.0964,0.1055,0.1102,0.1109,0.1093,0.1068,0.1044,0.1029,-0.5212,-0.6214,-0.7606,-0.9092,-0.8607,-0.6064,-0.4534,-0.4508,-1.0116,-1.4128,-0.4447,0.3275,0.7745,1.0631,0.8873,0.5704,0.584,0.7346,0.7587,0.6348,0.5141,0.4134,0.3101,0.1899,0.0688,-0.0028,-0.0018,0.0342,0.068,0.0888,0.098,0.0996,0.0974,0.0942,0.0916,0.0905,-0.4568,-0.5292,-0.6115,-0.664,-0.5968,-0.4325,-0.2901,-0.1829,-0.2828,-0.3292,0.1287,0.7004,0.9881,1.2233,1.1279,0.8554,0.8138,1.0284,1.0222,0.7611,0.5963,0.473,0.3331,0.1422,-0.0799,-0.1918,-0.1291,-0.0271,0.0403,0.0734,0.0851,0.0853,0.0808,0.0761,0.0733,0.0733,-0.38,-0.4207,-0.4533,-0.4542,-0.4007,-0.3133,-0.2377,-0.1947,-0.1728,-0.0128,0.3647,0.9625,1.1745,1.39,1.0346,0.9282,0.9386,0.9617,0.9305,0.7637,0.6435,0.5347,0.3743,0.1191,-0.2233,-0.3851,-0.2292,-0.0599,0.0291,0.0648,0.0722,0.0663,0.0568,0.0496,0.0472,0.0496,-0.3039,-0.3219,-0.3287,-0.3145,-0.2758,-0.224,-0.1762,-0.1331,-0.0597,0.0727,0.2444,0.5339,0.8249,0.889,0.9149,1.0378,1.2882,0.9646,0.8101,0.7395,0.716,0.643,0.4652,0.2028,-0.1122,-0.2675,-0.1556,-0.0227,0.0443,0.0639,0.0568,0.0381,0.0197,0.0095,0.0094,0.0173,-0.2353,-0.2395,-0.2341,-0.2154,-0.1835,-0.143,-0.0985,-0.0477,0.009,0.0089,-0.2066,0.1663,0.4013,0.6737,0.737,0.9265,1.1278,0.8768,0.7365,0.7529,0.8908,0.8209,0.5756,0.3341,0.125,0.0126,0.0171,0.0554,0.0738,0.0641,0.0322,-0.0087,-0.0409,-0.0527,-0.0448,-0.0254,-0.1758,-0.172,-0.1604,-0.1397,-0.11,-0.0731,-0.0308,0.0142,0.0464,0.0083,-0.1577,0.0898,0.3182,0.3801,0.5147,0.6205,0.6941,0.6491,0.6126,0.7102,0.9139,0.8435,0.6042,0.4012,0.2494,0.159,0.1236,0.1135,0.0977,0.0575,-0.0107,-0.0891,-0.142,-0.1482,-0.1195,-0.0784,-0.1252,-0.1164,-0.1015,-0.0798,-0.0513,-0.0169,0.0216,0.0604,0.0898,0.0972,0.1097,0.2071,0.3047,0.3232,0.2972,0.3016,0.4495,0.4922,0.4247,0.6125,0.7184,0.6825,0.5475,0.396,0.264,0.1703,0.134,0.1324,0.1121,0.0452,-0.0759,-0.2203,-0.3033,-0.2839,-0.2112,-0.1352,-0.0822,-0.0705,-0.0539,-0.0319,-0.0047,0.0271,0.062,0.0973,0.1295,0.1582,0.1938,0.2438,0.2776,0.2324,-0.0484,-0.1675,0.2786,0.504,0.5649,0.7987,0.7328,0.6131,0.4896,0.3626,0.2295,0.092,0.0615,0.1315,0.132,0.0423,-0.144,-0.3866,-0.5054,-0.4294,-0.2936,-0.1796,-0.0458,-0.0325,-0.0151,0.0065,0.0323,0.0615,0.0932,0.1258,0.1579,0.1894,0.2215,0.2497,0.2543,0.188,-0.0143,-0.0644,0.2783,0.6038,1.0521,1.2423,0.8245,0.5761,0.4341,0.333,0.23,0.0883,0.0573,0.1899,0.1818,0.0713,-0.1489,-0.4506,-0.5899,-0.4806,-0.3168,-0.1897,-0.015,-0.0009,0.0166,0.0375,0.0616,0.0884,0.1172,0.147,0.1768,0.2058,0.2324,0.2522,0.2547,0.2265,0.1791,0.2074,0.3699,0.601,0.8764,0.9499,0.6924,0.452,0.3334,0.2967,0.2803,0.3015,0.4234,0.3819,0.2574,0.1313,-0.0525,-0.293,-0.4233,-0.371,-0.2572,-0.1573,0.011,0.0254,0.0426,0.0625,0.0849,0.1095,0.1356,0.1625,0.1895,0.2153,0.2386,0.2567,0.2662,0.2673,0.2736,0.3147,0.4054,0.5256,0.6275,0.6172,0.4461,0.2181,0.1446,0.2223,0.2985,0.4094,0.5752,0.4633,0.2742,0.1797,0.0666,-0.0833,-0.1878,-0.1987,-0.154,-0.0976,0.033,0.0473,0.0639,0.0827,0.1035,0.126,0.1497,0.174,0.1982,0.2216,0.243,0.2614,0.2764,0.2904,0.3105,0.3461,0.399,0.4552,0.4837,0.4403,0.2906,0.0706,0.016,0.16,0.275,0.3589,0.4079,0.3182,0.2028,0.1893,0.138,0.0486,-0.0278,-0.0607,-0.0563,-0.0335,0.0517,0.0656,0.0814,0.0991,0.1183,0.1389,0.1604,0.1824,0.2044,0.2257,0.2458,0.2643,0.2816,0.2994,0.3207,0.3479,0.3789,0.4039,0.4057,0.3634,0.2651,0.1441,0.1111,0.1839,0.2582,0.3015,0.3037,0.2465,0.1917,0.1895,0.1645,0.112,0.0604,0.0279,0.0172,0.0216]}]