docs/data/wind_grid.json
[{"header":{"la1":42.85,"la2":41.18,"lo1":11.55,"lo2":14.05,"nx":36,"ny":24,"dx":0.07143,"dy":0.07261,"parameterCategory":2,"parameterNumber":2,"parameterNumberName":"eastward_wind","parameterUnit":"m.s-1"},"data":[-0.148,-0.1594,-0.1718,-0.1848,-0.1978,-0.2097,-0.2189,-0.2238,-0.2236,-0.2189,-0.2119,-0.2055,-0.2023,-0.204,-0.211,-0.2227,-0.237,-0.251,-0.2615,-0.266,-0.2636,-0.2552,-0.2424,-0.2274,-0.2115,-0.1961,-0.1815,-0.1682,-0.1563,-0.1456,-0.1361,-0.1277,-0.1203,-0.1138,-0.108,-0.1028,-0.1529,-0.1665,-0.1818,-0.1987,-0.2167,-0.234,-0.2482,-0.2558,-0.2546,-0.2451,-0.2312,-0.2183,-0.2109,-0.2117,-0.2214,-0.2389,-0.2612,-0.2835,-0.3002,-0.3067,-0.302,-0.2882,-0.2689,-0.2476,-0.2265,-0.2068,-0.1891,-0.1735,-0.1598,-0.1478,-0.1375,-0.1285,-0.1206,-0.1138,-0.1078,-0.1025,-0.1571,-0.173,-0.1917,-0.2137,-0.2387,-0.2652,-0.2889,-0.3031,-0.3012,-0.2832,-0.2566,-0.2322,-0.2177,-0.2168,-0.2303,-0.2566,-0.2918,-0.3284,-0.3556,-0.3647,-0.3543,-0.3303,-0.3003,-0.2699,-0.2418,-0.2171,-0.1958,-0.1777,-0.1623,-0.1491,-0.138,-0.1285,-0.1203,-0.1133,-0.1072,-0.1019,-0.1601,-0.1781,-0.2004,-0.2282,-0.2628,-0.3037,-0.3459,-0.3756,-0.3753,-0.341,-0.2903,-0.246,-0.2203,-0.2168,-0.2353,-0.2745,-0.3306,-0.3922,-0.4384,-0.4499,-0.426,-0.3826,-0.3356,-0.2926,-0.2561,-0.2258,-0.2009,-0.1803,-0.1634,-0.1493,-0.1376,-0.1277,-0.1194,-0.1123,-0.1062,-0.1009,-0.1612,-0.1809,-0.2061,-0.2394,-0.2849,-0.3464,-0.422,-0.4889,-0.4982,-0.43,-0.3323,-0.2553,-0.2144,-0.2078,-0.2327,-0.2889,-0.3759,-0.4811,-0.5638,-0.5753,-0.5202,-0.4423,-0.3706,-0.3126,-0.2671,-0.2315,-0.2033,-0.1808,-0.1627,-0.148,-0.136,-0.126,-0.1178,-0.1108,-0.1048,-0.0997,-0.1601,-0.1804,-0.2069,-0.2434,-0.2971,-0.3801,-0.5049,-0.6502,-0.6929,-0.5518,-0.3693,-0.2495,-0.1936,-0.1856,-0.2175,-0.2912,-0.4151,-0.5861,-0.7343,-0.7386,-0.623,-0.4953,-0.3964,-0.3247,-0.2722,-0.2327,-0.2023,-0.1787,-0.16,-0.1452,-0.1332,-0.1235,-0.1155,-0.1088,-0.1031,-0.0982,-0.1568,-0.1765,-0.202,-0.2371,-0.2901,-0.379,-0.5367,-0.7741,-0.8762,-0.6261,-0.3557,-0.2106,-0.1517,-0.1466,-0.1849,-0.2699,-0.417,-0.6401,-0.8559,-0.849,-0.6748,-0.5137,-0.4015,-0.3243,-0.2691,-0.2282,-0.1973,-0.1735,-0.1551,-0.1407,-0.1292,-0.1201,-0.1126,-0.1063,-0.1011,-0.0965,-0.1517,-0.17,-0.1926,-0.2218,-0.2627,-0.3279,-0.4436,-0.6243,-0.6919,-0.4638,-0.2412,-0.1295,-0.0873,-0.0904,-0.1341,-0.2219,-0.3617,-0.5572,-0.7407,-0.7468,-0.6134,-0.4808,-0.3821,-0.3105,-0.2576,-0.218,-0.1881,-0.1653,-0.148,-0.1346,-0.1242,-0.116,-0.1093,-0.1037,-0.099,-0.0948,-0.1456,-0.1626,-0.1822,-0.2046,-0.2296,-0.2571,-0.2859,-0.3022,-0.2538,-0.1424,-0.0639,-0.0245,-0.0078,-0.0186,-0.068,-0.161,-0.2901,-0.4318,-0.5399,-0.5611,-0.505,-0.4245,-0.3494,-0.2876,-0.2394,-0.2026,-0.175,-0.1544,-0.139,-0.1274,-0.1185,-0.1115,-0.1058,-0.1011,-0.0969,-0.0932,-0.1391,-0.1556,-0.1743,-0.1941,-0.212,-0.2193,-0.1955,-0.1012,0.0797,0.1714,0.1065,0.0728,0.077,0.0701,0.0145,-0.103,-0.2619,-0.4113,-0.4962,-0.5024,-0.4549,-0.3861,-0.3182,-0.2609,-0.2163,-0.183,-0.1588,-0.1413,-0.1287,-0.1195,-0.1126,-0.1071,-0.1026,-0.0987,-0.0953,-0.092,-0.1324,-0.1495,-0.1699,-0.1938,-0.2197,-0.2415,-0.2339,-0.1061,0.3198,0.5145,0.2156,0.1366,0.1626,0.1876,0.127,-0.0499,-0.3126,-0.5689,-0.6687,-0.6008,-0.4812,-0.3738,-0.291,-0.2309,-0.1886,-0.1595,-0.1399,-0.1267,-0.1178,-0.1116,-0.107,-0.1033,-0.1001,-0.0971,-0.0942,-0.0913,-0.1246,-0.1428,-0.1664,-0.1981,-0.2423,-0.3062,-0.3933,-0.426,-0.0392,0.276,0.1597,0.1588,0.2385,0.3444,0.2796,-0.0044,-0.4716,-1.0472,-1.1571,-0.828,-0.5393,-0.3612,-0.2556,-0.1926,-0.1548,-0.1324,-0.1193,-0.1118,-0.1076,-0.1049,-0.1028,-0.1009,-0.0988,-0.0965,-0.0941,-0.0914,-0.1148,-0.1334,-0.1589,-0.1959,-0.2534,-0.349,-0.5102,-0.7041,-0.5074,-0.0961,0.0813,0.1506,0.2332,0.4069,0.3547,-0.0171,-0.6506,-1.8293,-1.849,-0.9974,-0.5277,-0.3024,-0.193,-0.1395,-0.1137,-0.1024,-0.0986,-0.0984,-0.0996,-0.1006,-0.101,-0.1005,-0.0993,-0.0974,-0.0951,-0.0924,-0.1022,-0.1194,-0.1434,-0.1786,-0.2328,-0.3187,-0.4468,-0.5774,-0.4529,-0.1034,0.0928,0.133,0.1522,0.3616,0.2004,-0.1329,-0.5876,-1.267,-1.35,-0.7455,-0.3459,-0.1616,-0.092,-0.0702,-0.0673,-0.0725,-0.0808,-0.0892,-0.096,-0.1006,-0.1028,-0.1031,-0.102,-0.1,-0.0974,-0.0944,-0.0866,-0.1006,-0.1197,-0.1463,-0.1836,-0.2335,-0.2873,-0.2976,-0.1725,0.0454,0.1831,0.1943,0.2053,0.2022,0.1084,-0.3735,-0.7964,-0.6164,-0.5342,-0.2742,-0.0247,0.055,0.0369,0.0058,-0.0229,-0.0486,-0.0706,-0.0878,-0.0997,-0.1065,-0.1091,-0.1089,-0.1069,-0.1042,-0.1009,-0.0973,-0.0689,-0.0785,-0.0907,-0.1059,-0.1234,-0.1389,-0.1389,-0.0951,0.0211,0.201,0.4036,0.233,0.2065,0.1847,0.0814,-0.2779,-0.5912,-0.327,-0.125,0.0761,0.3028,0.2747,0.1521,0.0684,0.008,-0.039,-0.0741,-0.0986,-0.1135,-0.12,-0.1204,-0.1174,-0.1133,-0.1092,-0.1051,-0.1007,-0.0502,-0.0551,-0.0605,-0.0654,-0.0675,-0.0617,-0.0382,0.0157,0.1092,0.2409,0.381,0.2873,0.2131,0.2012,0.1779,0.0728,-0.0188,0.0663,0.1782,0.2409,0.3555,0.3209,0.2015,0.0999,0.0144,-0.0518,-0.0962,-0.1247,-0.1398,-0.142,-0.1353,-0.1261,-0.1186,-0.1134,-0.109,-0.1042,-0.0316,-0.0324,-0.0321,-0.0294,-0.0221,-0.0063,0.0231,0.0707,0.1361,0.2087,0.2572,0.25,0.2265,0.2436,0.4026,0.4623,0.3338,0.3343,0.3908,0.3675,0.3412,0.2964,0.2139,0.1052,-0.0072,-0.0877,-0.1308,-0.1644,-0.1813,-0.1732,-0.1508,-0.1296,-0.1184,-0.1144,-0.1114,-0.1071,-0.0141,-0.0116,-0.0072,0.0002,0.0124,0.0316,0.0601,0.0986,0.1447,0.1906,0.2258,0.2503,0.2887,0.4248,0.8708,1.0439,0.5874,0.449,0.4797,0.5949,0.4875,0.3636,0.2494,0.1073,-0.0454,-0.1183,-0.1349,-0.2152,-0.2477,-0.2172,-0.1644,-0.1235,-0.1101,-0.1116,-0.1123,-0.1091,0.0017,0.0066,0.0137,0.0238,0.038,0.0576,0.0834,0.115,0.1507,0.1872,0.223,0.2646,0.3368,0.5032,0.8326,0.9312,0.6402,0.5705,0.8262,0.9596,0.646,0.4659,0.3304,0.1393,-0.083,-0.1593,-0.1658,-0.3665,-0.3722,-0.2822,-0.1846,-0.1209,-0.105,-0.1104,-0.1135,-0.1107,0.0156,0.0221,0.0308,0.0422,0.057,0.0758,0.0989,0.1261,0.1563,0.1889,0.2251,0.2711,0.3406,0.451,0.5825,0.6222,0.5642,0.5792,0.7229,0.7785,0.6613,0.6077,0.5235,0.2619,-0.1162,-0.4946,-0.8999,-0.8258,-0.5637,-0.3639,-0.2245,-0.1453,-0.1195,-0.1177,-0.1168,-0.112,0.0275,0.0351,0.0446,0.0565,0.0711,0.0888,0.1098,0.1338,0.1606,0.1904,0.2245,0.2664,0.3207,0.3874,0.4506,0.4829,0.4926,0.5247,0.5884,0.6394,0.716,0.9163,0.9496,0.5375,-0.0566,-0.713,-1.2593,-1.0571,-0.6674,-0.4159,-0.2647,-0.1812,-0.1439,-0.1293,-0.1208,-0.1125,0.0376,0.0457,0.0556,0.0675,0.0816,0.0982,0.1173,0.1388,0.1629,0.1898,0.2203,0.2557,0.2967,0.3411,0.3817,0.4123,0.438,0.473,0.5254,0.6092,0.798,1.1567,1.2597,0.7608,0.1115,-0.4702,-0.8294,-0.794,-0.5809,-0.3968,-0.2737,-0.1994,-0.1585,-0.1362,-0.1221,-0.111,0.046,0.0544,0.0643,0.0759,0.0893,0.1048,0.1222,0.1417,0.1633,0.1872,0.2137,0.2431,0.2751,0.308,0.3392,0.3675,0.396,0.4315,0.4838,0.5726,0.7366,0.9586,0.991,0.6688,0.214,-0.1857,-0.432,-0.4858,-0.4194,-0.3261,-0.2479,-0.1929,-0.1572,-0.1343,-0.1185,-0.1064]},{"header":{"la1":42.85,"la2":41.18,"lo1":11.55,"lo2":14.05,"nx":36,"ny":24,"dx":0.07143,"dy":0.07261,"parameterCategory":2,"parameterNumber":3,"parameterNumberName":"northward_wind","parameterUnit":"m.s-1"},"data":[-0.3981,-0.3772,-0.3531,-0.3261,-0.2976,-0.2701,-0.2469,-0.2317,-0.2267,-0.2312,-0.2418,-0.2537,-0.2626,-0.2659,-0.2626,-0.2537,-0.2412,-0.2282,-0.2181,-0.2132,-0.2147,-0.2219,-0.2332,-0.2467,-0.2613,-0.2759,-0.2902,-0.3039,-0.3171,-0.3297,-0.3417,-0.3531,-0.364,-0.3742,-0.3839,-0.3929,-0.4014,-0.3769,-0.347,-0.3119,-0.2729,-0.2331,-0.1985,-0.1761,-0.1712,-0.1835,-0.2062,-0.2301,-0.2476,-0.2548,-0.251,-0.2375,-0.2179,-0.1972,-0.1811,-0.1743,-0.1779,-0.1901,-0.2073,-0.2265,-0.2458,-0.2642,-0.2814,-0.2975,-0.3126,-0.3267,-0.3401,-0.3528,-0.3648,-0.3761,-0.3866,-0.3963,-0.4081,-0.3799,-0.3436,-0.2981,-0.2437,-0.184,-0.128,-0.0904,-0.0847,-0.1118,-0.1574,-0.2024,-0.2337,-0.2467,-0.2415,-0.2206,-0.1889,-0.1546,-0.1283,-0.119,-0.1281,-0.1499,-0.177,-0.2045,-0.2299,-0.2527,-0.2732,-0.2917,-0.3088,-0.3246,-0.3395,-0.3535,-0.3667,-0.379,-0.3904,-0.4009,-0.4196,-0.3884,-0.3458,-0.2883,-0.2132,-0.1216,-0.0253,0.0465,0.0574,-0.0,-0.0906,-0.1723,-0.2245,-0.2448,-0.2367,-0.2042,-0.1528,-0.0942,-0.0492,-0.0376,-0.0598,-0.1001,-0.1433,-0.1821,-0.2148,-0.2425,-0.2662,-0.2871,-0.3061,-0.3236,-0.34,-0.3554,-0.3698,-0.3832,-0.3956,-0.4068,-0.4374,-0.4052,-0.3582,-0.2896,-0.1905,-0.0529,0.1168,0.2679,0.2996,0.1752,-0.006,-0.1474,-0.2266,-0.2538,-0.2406,-0.1923,-0.1111,-0.0094,0.0719,0.0836,0.0303,-0.0438,-0.1103,-0.1624,-0.2027,-0.2346,-0.261,-0.284,-0.3048,-0.3239,-0.3419,-0.3587,-0.3745,-0.3891,-0.4025,-0.4146,-0.4627,-0.4329,-0.3863,-0.3125,-0.1946,-0.007,0.2737,0.5937,0.6924,0.4171,0.0704,-0.1482,-0.2501,-0.2787,-0.2579,-0.1929,-0.0761,0.0915,0.2397,0.2442,0.129,0.0052,-0.0867,-0.1503,-0.1956,-0.2301,-0.2583,-0.2827,-0.305,-0.3257,-0.3453,-0.3638,-0.3811,-0.397,-0.4115,-0.4244,-0.4958,-0.4727,-0.4337,-0.367,-0.2508,-0.0441,0.3205,0.8489,1.0691,0.5648,0.0488,-0.2069,-0.3039,-0.3216,-0.2916,-0.2169,-0.0797,0.1409,0.362,0.3548,0.1767,0.0187,-0.0839,-0.1497,-0.195,-0.2294,-0.2578,-0.2831,-0.3067,-0.3291,-0.3505,-0.3709,-0.39,-0.4075,-0.4232,-0.437,-0.5351,-0.5233,-0.4997,-0.455,-0.3711,-0.2132,0.0771,0.5115,0.6794,0.235,-0.1665,-0.3369,-0.3849,-0.3781,-0.3388,-0.2664,-0.1448,0.0438,0.2353,0.2421,0.104,-0.0223,-0.1058,-0.1607,-0.2001,-0.2315,-0.2591,-0.2849,-0.3098,-0.3342,-0.3579,-0.3806,-0.4018,-0.4212,-0.4383,-0.4529,-0.5779,-0.5802,-0.5777,-0.5657,-0.5353,-0.4727,-0.3656,-0.2477,-0.2585,-0.4078,-0.494,-0.4975,-0.4714,-0.4362,-0.39,-0.3256,-0.2367,-0.1232,-0.0186,0.0095,-0.0349,-0.093,-0.1403,-0.1768,-0.207,-0.2344,-0.2608,-0.2872,-0.314,-0.341,-0.3677,-0.3935,-0.4175,-0.439,-0.4576,-0.473,-0.6201,-0.6372,-0.6571,-0.6797,-0.7046,-0.7303,-0.7589,-0.8139,-0.9347,-0.9675,-0.7905,-0.6259,-0.5351,-0.4846,-0.4369,-0.3756,-0.3057,-0.237,-0.1795,-0.1461,-0.1402,-0.1511,-0.1686,-0.1888,-0.211,-0.2351,-0.2613,-0.2893,-0.319,-0.3498,-0.3807,-0.4106,-0.4382,-0.4625,-0.4827,-0.4986,-0.6575,-0.6875,-0.7268,-0.7791,-0.8491,-0.9397,-1.0418,-1.1339,-1.3106,-1.4089,-0.9702,-0.6744,-0.5601,-0.5286,-0.4854,-0.4096,-0.3369,-0.2876,-0.2514,-0.2165,-0.1898,-0.1773,-0.1781,-0.1891,-0.2074,-0.2311,-0.259,-0.2903,-0.3246,-0.361,-0.3979,-0.4335,-0.466,-0.4936,-0.5155,-0.5315,-0.6865,-0.7257,-0.7783,-0.8507,-0.952,-1.0917,-1.2645,-1.3836,-1.3272,-1.2607,-0.9011,-0.6282,-0.5513,-0.6117,-0.5558,-0.4207,-0.3303,-0.3093,-0.2932,-0.2426,-0.1959,-0.1691,-0.163,-0.173,-0.1935,-0.2206,-0.2527,-0.2896,-0.3308,-0.3752,-0.4209,-0.4648,-0.5037,-0.5354,-0.5587,-0.5737,-0.7051,-0.7485,-0.8066,-0.8866,-0.9994,-1.1605,-1.3815,-1.5916,-1.4332,-1.0706,-0.7454,-0.5323,-0.4681,-0.6267,-0.5629,-0.3605,-0.2722,-0.3486,-0.3471,-0.2369,-0.1594,-0.121,-0.1179,-0.1376,-0.1678,-0.2026,-0.2416,-0.2862,-0.3372,-0.3937,-0.4523,-0.5082,-0.5563,-0.5928,-0.6165,-0.6284,-0.7128,-0.7555,-0.8113,-0.8858,-0.9869,-1.1245,-1.2993,-1.4557,-1.3298,-0.9402,-0.6423,-0.4767,-0.3957,0.0912,-0.2487,-0.1623,-0.0528,-0.2142,-0.2566,-0.1547,-0.0522,-0.0096,-0.0328,-0.0821,-0.1318,-0.1774,-0.2242,-0.2784,-0.3432,-0.4175,-0.4961,-0.5703,-0.6312,-0.6728,-0.6944,-0.6992,-0.7108,-0.749,-0.7968,-0.8568,-0.9312,-1.0192,-1.1056,-1.1345,-1.0075,-0.7757,-0.6022,-0.4681,-0.2361,0.0802,-0.1256,0.151,0.559,0.0881,-0.0805,0.0114,0.194,0.2165,0.0989,-0.0144,-0.0909,-0.1449,-0.1966,-0.2616,-0.3461,-0.4483,-0.5587,-0.6618,-0.7409,-0.7864,-0.7998,-0.79,-0.7015,-0.7331,-0.7703,-0.813,-0.8595,-0.903,-0.9267,-0.9005,-0.8044,-0.6869,-0.6566,-0.5151,-0.441,-0.2858,-0.2339,0.0629,0.3622,0.0564,-0.0479,0.1863,0.6587,0.5675,0.2317,0.0367,-0.054,-0.0998,-0.1472,-0.225,-0.3404,-0.4872,-0.6499,-0.8001,-0.9051,-0.9488,-0.9409,-0.9032,-0.6874,-0.712,-0.7388,-0.7666,-0.792,-0.8086,-0.8059,-0.7734,-0.7134,-0.6578,-0.6514,-0.5948,-0.7098,-0.7763,-0.4736,-0.2819,-0.1658,-0.2022,-0.1989,0.1067,0.7075,0.5902,0.2181,0.033,-0.0204,-0.0195,-0.0469,-0.1487,-0.3171,-0.535,-0.7829,-1.0113,-1.1508,-1.1757,-1.1211,-1.0355,-0.671,-0.6892,-0.7076,-0.7244,-0.7368,-0.7404,-0.7305,-0.7049,-0.6691,-0.6377,-0.6222,-0.6371,-0.7863,-0.823,-0.6482,-0.5686,-0.4265,-0.3975,-0.4603,-0.2164,0.0958,0.1568,0.0433,-0.0187,0.0328,0.149,0.1591,-0.0123,-0.2734,-0.5902,-0.9642,-1.3156,-1.4939,-1.463,-1.3245,-1.1707,-0.654,-0.6671,-0.6792,-0.6888,-0.6939,-0.6922,-0.6819,-0.6636,-0.6412,-0.6223,-0.6144,-0.6289,-0.6719,-0.707,-0.8449,-0.9129,-0.5872,-0.4379,-0.4241,-0.3175,-0.2109,-0.1462,-0.1376,-0.0889,0.0996,0.4288,0.4927,0.1374,-0.2405,-0.643,-1.1515,-1.653,-1.8588,-1.7351,-1.4954,-1.2745,-0.6376,-0.6468,-0.6544,-0.6596,-0.6609,-0.6574,-0.6485,-0.6353,-0.6205,-0.6083,-0.6033,-0.61,-0.6315,-0.6819,-0.8119,-0.8422,-0.6074,-0.4376,-0.3401,-0.3132,-0.323,-0.3245,-0.3076,-0.2082,0.0345,0.4461,0.5308,0.0514,-0.29,-0.6709,-1.2151,-1.7786,-1.9914,-1.8263,-1.5498,-1.3078,-0.6225,-0.6287,-0.6334,-0.6358,-0.6353,-0.6313,-0.6239,-0.614,-0.6035,-0.5947,-0.5903,-0.5927,-0.6047,-0.6314,-0.6666,-0.6492,-0.5505,-0.4473,-0.3765,-0.3636,-0.4293,-0.5301,-0.55,-0.4198,-0.2222,-0.1314,-0.3352,-0.3589,-0.4122,-0.6634,-1.0935,-1.5484,-1.7516,-1.6615,-1.4563,-1.2577,-0.6087,-0.6128,-0.6155,-0.6163,-0.6149,-0.6109,-0.6048,-0.597,-0.5889,-0.5818,-0.5771,-0.5762,-0.5796,-0.5863,-0.5875,-0.566,-0.519,-0.4702,-0.4463,-0.4786,-0.6213,-0.8718,-0.9395,-0.6968,-0.4582,-0.4372,-0.5921,-0.5294,-0.496,-0.6414,-0.9181,-1.2143,-1.383,-1.3801,-1.2777,-1.1511,-0.5964,-0.5991,-0.6004,-0.6003,-0.5983,-0.5946,-0.5893,-0.5829,-0.5762,-0.5699,-0.5648,-0.5614,-0.5593,-0.5568,-0.5496,-0.5335,-0.5109,-0.4945,-0.5048,-0.5764,-0.7717,-1.0968,-1.1832,-0.8732,-0.5936,-0.4982,-0.5147,-0.5117,-0.526,-0.6223,-0.7894,-0.9699,-1.0935,-1.1286,-1.095,-1.0289,-0.5855,-0.5871,-0.5876,-0.5868,-0.5847,-0.5812,-0.5765,-0.571,-0.5651,-0.5593,-0.5539,-0.5492,-0.5446,-0.5392,-0.5315,-0.5214,-0.5122,-0.5129,-0.5386,-0.6129,-0.7634,-0.9568,-1.0005,-0.8262,-0.6355,-0.5358,-0.5094,-0.5123,-0.5401,-0.6076,-0.71,-0.8208,-0.9065,-0.9477,-0.9466,-0.918]}]