docs/data/wind_grid.json
{"header": {"la1":42.1,"la2":41.55,"lo1":12.1,"lo2":12.95,"nx":50,"ny":50,"dx":0.01735,"dy":0.01122,"parameterCategory":2,"parameterNumber":3,"parameterNumberName":"northward_wind","parameterUnit":"m.s-1"}, "data":
[rows 0 to 39 of 50, columns 0 to 49 of 50]
-1.461,-1.4593,-1.457,-1.454,-1.4502,-1.4456,-1.4401,-1.4338,-1.4266,-1.4183,-1.4092,-1.3991,-1.388,-1.3759,-1.3629,-1.3489,-1.3338,-1.3176,-1.3001,-1.2812,-1.2606,-1.2379,-1.213,-1.1854,-1.155,-1.1216,-1.0853,-1.0462,-1.0047,-0.9613,-0.9167,-0.8718,-0.8274,-0.7845,-0.7439,-0.7066,-0.6733,-0.6447,-0.6212,-0.6031,-0.5902,-0.5823,-0.5787,-0.579,-0.5824,-0.5883,-0.5961,-0.6054,-0.6156,-0.6265
-1.469,-1.4676,-1.4655,-1.4627,-1.4591,-1.4547,-1.4494,-1.4431,-1.4359,-1.4277,-1.4185,-1.4083,-1.3971,-1.3849,-1.3717,-1.3576,-1.3424,-1.3262,-1.3086,-1.2897,-1.269,-1.2462,-1.2209,-1.1928,-1.1616,-1.1271,-1.0892,-1.0483,-1.0046,-0.9588,-0.9116,-0.864,-0.817,-0.7715,-0.7286,-0.6892,-0.6543,-0.6245,-0.6003,-0.582,-0.5694,-0.5621,-0.5596,-0.5611,-0.5658,-0.573,-0.5821,-0.5925,-0.6039,-0.6158
-1.4772,-1.4761,-1.4742,-1.4717,-1.4683,-1.4641,-1.4589,-1.4527,-1.4456,-1.4373,-1.4281,-1.4178,-1.4064,-1.3941,-1.3808,-1.3665,-1.3512,-1.3349,-1.3174,-1.2984,-1.2777,-1.2548,-1.2293,-1.2008,-1.1688,-1.1332,-1.0938,-1.0509,-1.0049,-0.9565,-0.9065,-0.8561,-0.8063,-0.7581,-0.7128,-0.6714,-0.6348,-0.6038,-0.579,-0.5606,-0.5484,-0.5419,-0.5405,-0.5432,-0.5493,-0.5579,-0.5683,-0.58,-0.5925,-0.6055
-1.4856,-1.4848,-1.4832,-1.4809,-1.4778,-1.4737,-1.4687,-1.4627,-1.4556,-1.4473,-1.438,-1.4276,-1.4161,-1.4036,-1.3901,-1.3756,-1.3602,-1.3438,-1.3263,-1.3074,-1.2867,-1.2639,-1.2383,-1.2094,-1.1767,-1.14,-1.099,-1.054,-1.0055,-0.9544,-0.9015,-0.8481,-0.7953,-0.7445,-0.6968,-0.6533,-0.615,-0.5829,-0.5575,-0.539,-0.5273,-0.5217,-0.5215,-0.5256,-0.5331,-0.5432,-0.555,-0.5679,-0.5815,-0.5955
-1.4942,-1.4937,-1.4925,-1.4905,-1.4876,-1.4838,-1.4789,-1.473,-1.4659,-1.4577,-1.4483,-1.4377,-1.4261,-1.4133,-1.3996,-1.3849,-1.3694,-1.3529,-1.3354,-1.3165,-1.296,-1.2733,-1.2477,-1.2186,-1.1853,-1.1474,-1.1048,-1.0576,-1.0065,-0.9524,-0.8965,-0.8399,-0.7842,-0.7306,-0.6805,-0.635,-0.5952,-0.562,-0.5361,-0.5177,-0.5065,-0.5019,-0.503,-0.5086,-0.5176,-0.5291,-0.5422,-0.5564,-0.5711,-0.5861
-1.5029,-1.5028,-1.5019,-1.5003,-1.4977,-1.4941,-1.4895,-1.4837,-1.4767,-1.4684,-1.4589,-1.4482,-1.4363,-1.4233,-1.4093,-1.3944,-1.3786,-1.362,-1.3445,-1.3258,-1.3055,-1.2831,-1.2576,-1.2284,-1.1946,-1.1556,-1.1113,-1.0618,-1.0079,-0.9506,-0.8914,-0.8316,-0.7729,-0.7166,-0.6642,-0.6167,-0.5755,-0.5414,-0.5151,-0.4968,-0.4864,-0.4829,-0.4853,-0.4924,-0.5028,-0.5157,-0.5302,-0.5455,-0.5613,-0.5773
-1.5119,-1.5122,-1.5117,-1.5104,-1.5081,-1.5048,-1.5004,-1.4948,-1.4878,-1.4796,-1.47,-1.4591,-1.4469,-1.4336,-1.4192,-1.4039,-1.3879,-1.3711,-1.3535,-1.335,-1.3151,-1.293,-1.2679,-1.2387,-1.2045,-1.1645,-1.1184,-1.0665,-1.0096,-0.9489,-0.8862,-0.823,-0.7613,-0.7024,-0.6478,-0.5988,-0.5564,-0.5215,-0.495,-0.4771,-0.4674,-0.465,-0.4688,-0.4773,-0.4892,-0.5034,-0.519,-0.5355,-0.5523,-0.5691
-1.5211,-1.5218,-1.5217,-1.5208,-1.5189,-1.5159,-1.5117,-1.5063,-1.4995,-1.4912,-1.4815,-1.4704,-1.4579,-1.4442,-1.4293,-1.4136,-1.3971,-1.3801,-1.3625,-1.3441,-1.3246,-1.303,-1.2785,-1.2495,-1.2151,-1.1741,-1.1262,-1.0717,-1.0115,-0.9472,-0.8807,-0.8141,-0.7493,-0.688,-0.6317,-0.5814,-0.5381,-0.5029,-0.4764,-0.4589,-0.45,-0.4488,-0.4538,-0.4636,-0.4768,-0.4922,-0.509,-0.5264,-0.5441,-0.5616
-1.5304,-1.5316,-1.532,-1.5315,-1.53,-1.5274,-1.5235,-1.5183,-1.5116,-1.5033,-1.4935,-1.4821,-1.4693,-1.4551,-1.4397,-1.4234,-1.4064,-1.3889,-1.3711,-1.3529,-1.3338,-1.313,-1.2892,-1.2608,-1.2262,-1.1844,-1.1346,-1.0772,-1.0135,-0.9452,-0.8747,-0.8045,-0.7368,-0.6734,-0.6157,-0.5647,-0.5212,-0.486,-0.4598,-0.4429,-0.4348,-0.4346,-0.4408,-0.4517,-0.466,-0.4825,-0.5001,-0.5184,-0.5368,-0.555
-1.54,-1.5416,-1.5425,-1.5425,-1.5415,-1.5393,-1.5357,-1.5308,-1.5242,-1.516,-1.5061,-1.4944,-1.4812,-1.4664,-1.4503,-1.4333,-1.4156,-1.3976,-1.3794,-1.3612,-1.3426,-1.3226,-1.2999,-1.2723,-1.238,-1.1953,-1.1436,-1.0831,-1.0154,-0.9427,-0.8679,-0.7939,-0.7234,-0.6582,-0.5998,-0.5488,-0.5058,-0.4713,-0.4459,-0.4297,-0.4224,-0.4231,-0.4301,-0.4419,-0.4571,-0.4742,-0.4926,-0.5115,-0.5305,-0.5492
-1.5497,-1.5519,-1.5533,-1.5538,-1.5533,-1.5516,-1.5485,-1.5438,-1.5374,-1.5293,-1.5193,-1.5073,-1.4936,-1.4782,-1.4613,-1.4434,-1.4247,-1.4059,-1.3872,-1.3688,-1.3506,-1.3317,-1.3102,-1.2839,-1.2501,-1.2068,-1.153,-1.0892,-1.017,-0.9395,-0.8599,-0.782,-0.7086,-0.6421,-0.5837,-0.5337,-0.4922,-0.4592,-0.435,-0.4198,-0.4133,-0.4145,-0.4221,-0.4344,-0.45,-0.4677,-0.4865,-0.5058,-0.5252,-0.5444
-1.5596,-1.5623,-1.5644,-1.5655,-1.5656,-1.5643,-1.5617,-1.5574,-1.5513,-1.5432,-1.5331,-1.5209,-1.5067,-1.4905,-1.4727,-1.4537,-1.4339,-1.4139,-1.3943,-1.3755,-1.3575,-1.3397,-1.32,-1.2953,-1.2625,-1.2187,-1.1628,-1.0952,-1.0181,-0.935,-0.8501,-0.7679,-0.6918,-0.6245,-0.5668,-0.5189,-0.48,-0.4496,-0.4275,-0.4135,-0.4077,-0.4092,-0.4169,-0.4293,-0.445,-0.4628,-0.4818,-0.5013,-0.5209,-0.5404
-1.5696,-1.573,-1.5757,-1.5775,-1.5782,-1.5776,-1.5754,-1.5716,-1.5658,-1.558,-1.5478,-1.5353,-1.5206,-1.5036,-1.4848,-1.4644,-1.4431,-1.4216,-1.4006,-1.3809,-1.3629,-1.3462,-1.3286,-1.3063,-1.2749,-1.231,-1.1729,-1.1011,-1.0183,-0.9288,-0.8379,-0.7509,-0.6721,-0.6042,-0.5483,-0.5036,-0.4688,-0.4422,-0.4229,-0.4107,-0.4055,-0.407,-0.4144,-0.4265,-0.4419,-0.4595,-0.4784,-0.498,-0.5177,-0.5373
-1.5797,-1.5839,-1.5873,-1.5898,-1.5912,-1.5913,-1.5898,-1.5865,-1.5811,-1.5735,-1.5634,-1.5507,-1.5354,-1.5176,-1.4975,-1.4757,-1.4527,-1.4292,-1.4062,-1.3849,-1.3662,-1.3505,-1.3354,-1.3163,-1.2871,-1.2434,-1.1829,-1.1064,-1.0171,-0.9203,-0.8225,-0.73,-0.6481,-0.58,-0.5265,-0.4865,-0.4572,-0.4359,-0.4205,-0.4105,-0.4061,-0.4075,-0.4144,-0.4257,-0.4406,-0.4577,-0.4764,-0.4958,-0.5154,-0.535
-1.59,-1.5949,-1.599,-1.6023,-1.6046,-1.6054,-1.6047,-1.602,-1.5972,-1.5899,-1.5799,-1.5671,-1.5513,-1.5326,-1.5113,-1.4878,-1.4628,-1.4369,-1.4112,-1.3873,-1.367,-1.3518,-1.3398,-1.3248,-1.2988,-1.2557,-1.1928,-1.111,-1.0142,-0.9088,-0.8027,-0.7038,-0.6184,-0.5501,-0.4998,-0.4655,-0.4432,-0.4287,-0.4186,-0.4118,-0.4085,-0.4099,-0.416,-0.4266,-0.4406,-0.4572,-0.4754,-0.4946,-0.5141,-0.5336
-1.6003,-1.606,-1.611,-1.6152,-1.6183,-1.62,-1.6202,-1.6183,-1.6141,-1.6073,-1.5976,-1.5847,-1.5685,-1.549,-1.5264,-1.5012,-1.4738,-1.4452,-1.4161,-1.3883,-1.3648,-1.3492,-1.3408,-1.3315,-1.3098,-1.2678,-1.2022,-1.1143,-1.0088,-0.8935,-0.7777,-0.6711,-0.5813,-0.5126,-0.4659,-0.4382,-0.4244,-0.4182,-0.4149,-0.4123,-0.4111,-0.4128,-0.4185,-0.4283,-0.4417,-0.4576,-0.4754,-0.4942,-0.5135,-0.5329
-1.6107,-1.6173,-1.6232,-1.6283,-1.6324,-1.6351,-1.6362,-1.6353,-1.6319,-1.6258,-1.6164,-1.6037,-1.5872,-1.567,-1.5431,-1.5161,-1.4865,-1.4549,-1.4219,-1.3889,-1.3598,-1.3419,-1.3377,-1.336,-1.3201,-1.2795,-1.2109,-1.1161,-1.0006,-0.8736,-0.7463,-0.6303,-0.5349,-0.4654,-0.4223,-0.402,-0.3978,-0.4015,-0.4066,-0.4098,-0.4118,-0.4148,-0.4208,-0.4303,-0.4432,-0.4587,-0.4761,-0.4945,-0.5136,-0.5328
-1.6212,-1.6286,-1.6355,-1.6416,-1.6468,-1.6506,-1.6528,-1.653,-1.6506,-1.6453,-1.6366,-1.6241,-1.6075,-1.5868,-1.5618,-1.5331,-1.5013,-1.4669,-1.43,-1.3908,-1.3533,-1.3301,-1.3307,-1.3392,-1.3303,-1.2911,-1.2188,-1.116,-0.989,-0.8483,-0.7074,-0.5801,-0.4777,-0.4064,-0.3668,-0.3544,-0.3608,-0.376,-0.3911,-0.4019,-0.4089,-0.4146,-0.4218,-0.4318,-0.4447,-0.46,-0.4772,-0.4954,-0.5143,-0.5334
-1.6315,-1.6399,-1.6478,-1.6551,-1.6614,-1.6665,-1.67,-1.6713,-1.6701,-1.6658,-1.658,-1.6461,-1.6297,-1.6086,-1.5828,-1.5526,-1.5189,-1.4824,-1.4426,-1.3979,-1.3497,-1.3168,-1.3226,-1.3438,-1.3419,-1.3029,-1.2258,-1.1137,-0.9736,-0.8172,-0.6603,-0.5194,-0.4082,-0.3342,-0.298,-0.294,-0.3121,-0.3399,-0.3668,-0.3872,-0.4009,-0.4111,-0.4209,-0.4322,-0.4458,-0.4613,-0.4785,-0.4967,-0.5155,-0.5345
-1.6418,-1.6512,-1.6602,-1.6687,-1.6763,-1.6828,-1.6876,-1.6904,-1.6905,-1.6875,-1.6807,-1.6697,-1.6538,-1.6328,-1.6064,-1.5751,-1.5398,-1.5021,-1.4618,-1.4153,-1.3588,-1.3134,-1.3235,-1.3562,-1.3576,-1.3157,-1.2318,-1.109,-0.9541,-0.78,-0.6046,-0.4479,-0.3263,-0.2487,-0.2158,-0.2208,-0.2514,-0.2932,-0.3334,-0.3651,-0.3875,-0.4037,-0.4175,-0.4312,-0.4461,-0.4624,-0.48,-0.4983,-0.5171,-0.5361
-1.652,-1.6624,-1.6725,-1.6823,-1.6913,-1.6992,-1.7056,-1.71,-1.7117,-1.7102,-1.7047,-1.6949,-1.6799,-1.6594,-1.6329,-1.6007,-1.5644,-1.5265,-1.4886,-1.4479,-1.3961,-1.3462,-1.355,-1.3858,-1.3801,-1.3302,-1.2369,-1.1018,-0.9307,-0.737,-0.5412,-0.3666,-0.233,-0.1514,-0.1222,-0.137,-0.1812,-0.2379,-0.2924,-0.3366,-0.3691,-0.3928,-0.4116,-0.4287,-0.4457,-0.4632,-0.4814,-0.5001,-0.5191,-0.538
-1.6619,-1.6734,-1.6847,-1.6958,-1.7063,-1.7158,-1.724,-1.7301,-1.7336,-1.7337,-1.7299,-1.7215,-1.708,-1.6885,-1.6625,-1.6299,-1.5926,-1.5548,-1.5215,-1.4946,-1.4697,-1.4439,-1.439,-1.4382,-1.4103,-1.3461,-1.2408,-1.0922,-0.904,-0.6898,-0.472,-0.2782,-0.1319,-0.0463,-0.0217,-0.0472,-0.1057,-0.1776,-0.2468,-0.3039,-0.3471,-0.379,-0.4039,-0.425,-0.4446,-0.4637,-0.4829,-0.5021,-0.5214,-0.5404
-1.6716,-1.6841,-1.6967,-1.7092,-1.7212,-1.7325,-1.7424,-1.7505,-1.756,-1.758,-1.7561,-1.7495,-1.7377,-1.72,-1.6952,-1.6628,-1.6245,-1.586,-1.5567,-1.5457,-1.558,-1.5767,-1.5529,-1.503,-1.4441,-1.3619,-1.243,-1.0803,-0.8752,-0.6405,-0.401,-0.1879,-0.0293,0.0594,0.0787,0.0417,-0.0309,-0.1175,-0.2005,-0.27,-0.3236,-0.3639,-0.3949,-0.4205,-0.443,-0.4641,-0.4844,-0.5044,-0.524,-0.5432
-1.6809,-1.6945,-1.7084,-1.7222,-1.7359,-1.7489,-1.7609,-1.7711,-1.7787,-1.7829,-1.7829,-1.7783,-1.7688,-1.7535,-1.731,-1.6995,-1.66,-1.6192,-1.5903,-1.5884,-1.6231,-1.6657,-1.636,-1.5574,-1.4738,-1.3748,-1.2427,-1.0667,-0.846,-0.5928,-0.3335,-0.1032,0.066,0.1566,0.1698,0.1218,0.0363,-0.063,-0.1577,-0.2378,-0.3007,-0.3487,-0.3858,-0.4158,-0.4414,-0.4645,-0.4862,-0.5069,-0.5269,-0.5463
-1.6899,-1.7045,-1.7196,-1.7349,-1.7502,-1.7651,-1.7792,-1.7916,-1.8015,-1.8079,-1.81,-1.8075,-1.8005,-1.7885,-1.7695,-1.7402,-1.6996,-1.6544,-1.6205,-1.6168,-1.6512,-1.6907,-1.6659,-1.5866,-1.4926,-1.3819,-1.2389,-1.0519,-0.8186,-0.5509,-0.2762,-0.0329,0.1439,0.2348,0.2423,0.1852,0.0898,-0.0188,-0.1221,-0.2103,-0.2807,-0.3352,-0.3776,-0.4116,-0.4401,-0.4653,-0.4883,-0.5098,-0.5303,-0.5499
-1.6982,-1.7139,-1.7302,-1.7469,-1.7639,-1.7808,-1.797,-1.8118,-1.8242,-1.8329,-1.8371,-1.8365,-1.8319,-1.8239,-1.81,-1.7846,-1.7437,-1.6925,-1.6489,-1.6341,-1.6542,-1.6797,-1.6599,-1.5914,-1.4978,-1.3815,-1.2313,-1.0368,-0.7956,-0.5191,-0.2357,0.0148,0.195,0.2851,0.2884,0.2258,0.1251,0.0116,-0.0965,-0.1896,-0.2651,-0.3244,-0.3711,-0.4085,-0.4397,-0.4667,-0.4909,-0.5132,-0.5341,-0.554
-1.706,-1.7227,-1.7402,-1.7583,-1.7769,-1.7957,-1.8141,-1.8314,-1.8464,-1.8576,-1.8637,-1.8646,-1.8622,-1.8585,-1.8512,-1.832,-1.7922,-1.7347,-1.6785,-1.6473,-1.6481,-1.6574,-1.6383,-1.5798,-1.4911,-1.3738,-1.2204,-1.0227,-0.7789,-0.5007,-0.2164,0.0342,0.2135,0.3021,0.3038,0.2404,0.1396,0.0263,-0.0824,-0.1772,-0.2552,-0.3175,-0.3671,-0.4072,-0.4404,-0.4689,-0.4942,-0.5172,-0.5385,-0.5585
-1.7132,-1.7308,-1.7493,-1.7687,-1.7889,-1.8095,-1.8302,-1.8501,-1.8678,-1.8815,-1.8895,-1.8913,-1.89,-1.8905,-1.8914,-1.8805,-1.8436,-1.7806,-1.7114,-1.6624,-1.6431,-1.6361,-1.6133,-1.5602,-1.4762,-1.3605,-1.2074,-1.0107,-0.77,-0.4973,-0.2199,0.024,0.1986,0.2854,0.2887,0.2294,0.1337,0.0251,-0.0803,-0.1735,-0.2516,-0.3151,-0.3663,-0.408,-0.4427,-0.4723,-0.4984,-0.5219,-0.5435,-0.5636
-1.7196,-1.738,-1.7575,-1.7781,-1.7997,-1.8221,-1.8449,-1.8673,-1.8878,-1.9043,-1.9141,-1.9161,-1.9145,-1.9184,-1.9283,-1.9269,-1.8941,-1.8271,-1.7468,-1.6816,-1.6436,-1.6208,-1.5909,-1.5383,-1.4573,-1.3442,-1.1939,-1.002,-0.7695,-0.5084,-0.2445,-0.0128,0.154,0.2393,0.2469,0.1956,0.1092,0.0092,-0.0895,-0.1785,-0.2544,-0.3173,-0.3688,-0.4112,-0.4467,-0.477,-0.5036,-0.5274,-0.5491,-0.5693
-1.7251,-1.7442,-1.7646,-1.7862,-1.8091,-1.8331,-1.8578,-1.8826,-1.9059,-1.9253,-1.9372,-1.9389,-1.9351,-1.9405,-1.959,-1.9666,-1.9377,-1.8687,-1.7809,-1.7033,-1.6495,-1.612,-1.5732,-1.518,-1.4378,-1.3273,-1.1815,-0.9973,-0.7768,-0.5318,-0.2859,-0.0702,0.087,0.1709,0.1844,0.1437,0.0696,-0.0192,-0.1088,-0.1915,-0.2634,-0.3242,-0.3749,-0.4171,-0.4527,-0.4832,-0.5099,-0.5338,-0.5555,-0.5756
-1.7298,-1.7495,-1.7705,-1.793,-1.8169,-1.8422,-1.8686,-1.8954,-1.9212,-1.9436,-1.9579,-1.9594,-1.9516,-1.9556,-1.9802,-1.9941,-1.9678,-1.8991,-1.8088,-1.7238,-1.6584,-1.6084,-1.5603,-1.5006,-1.42,-1.3119,-1.1716,-0.9969,-0.7908,-0.5646,-0.3391,-0.1411,0.0054,0.0878,0.108,0.0791,0.0185,-0.0575,-0.1367,-0.2115,-0.2781,-0.3356,-0.3843,-0.4255,-0.4606,-0.4908,-0.5174,-0.5411,-0.5627,-0.5825
-1.7335,-1.7537,-1.7752,-1.7983,-1.823,-1.8492,-1.8768,-1.9051,-1.933,-1.9578,-1.9746,-1.9766,-1.9642,-1.9632,-1.9888,-2.0046,-1.9801,-1.9146,-1.8268,-1.7399,-1.6672,-1.6077,-1.5514,-1.4868,-1.4049,-1.299,-1.1648,-1.0006,-0.81,-0.6035,-0.3991,-0.2191,-0.0834,-0.0027,0.0239,0.0066,-0.0404,-0.1032,-0.1712,-0.2373,-0.2977,-0.3509,-0.3969,-0.4364,-0.4704,-0.5,-0.5261,-0.5494,-0.5706,-0.5901
-1.7363,-1.7567,-1.7786,-1.802,-1.8271,-1.8539,-1.8821,-1.9113,-1.9404,-1.9667,-1.9852,-1.9879,-1.9724,-1.9645,-1.9844,-1.9977,-1.975,-1.9155,-1.834,-1.7494,-1.6738,-1.6079,-1.5451,-1.4762,-1.393,-1.2893,-1.1613,-1.008,-0.833,-0.6458,-0.4616,-0.2988,-0.1737,-0.0951,-0.063,-0.0696,-0.1037,-0.1537,-0.2106,-0.2677,-0.3214,-0.3698,-0.4124,-0.4496,-0.4821,-0.5106,-0.5359,-0.5586,-0.5793,-0.5983
-1.7381,-1.7586,-1.7806,-1.8041,-1.8293,-1.8562,-1.8845,-1.9138,-1.9429,-1.9693,-1.988,-1.9909,-1.9746,-1.9612,-1.9711,-1.9786,-1.9575,-1.905,-1.8317,-1.7523,-1.6768,-1.6076,-1.5402,-1.468,-1.3839,-1.2827,-1.161,-1.0184,-0.8583,-0.6892,-0.5237,-0.3768,-0.2616,-0.1855,-0.149,-0.1463,-0.1688,-0.2071,-0.2532,-0.3015,-0.3483,-0.3915,-0.4304,-0.4649,-0.4955,-0.5226,-0.5468,-0.5687,-0.5887,-0.6071
-1.7389,-1.7593,-1.7812,-1.8046,-1.8296,-1.8561,-1.8839,-1.9125,-1.9406,-1.9657,-1.9829,-1.9852,-1.9702,-1.9545,-1.9545,-1.9544,-1.9338,-1.8876,-1.8225,-1.7492,-1.6761,-1.6057,-1.5359,-1.4615,-1.3774,-1.2789,-1.1635,-1.031,-0.8848,-0.7321,-0.5835,-0.4509,-0.3448,-0.2715,-0.2317,-0.2213,-0.2338,-0.2614,-0.2978,-0.3377,-0.3776,-0.4155,-0.4504,-0.482,-0.5103,-0.5358,-0.5588,-0.5797,-0.5989,-0.6166
-1.7387,-1.7589,-1.7805,-1.8035,-1.828,-1.8537,-1.8806,-1.9078,-1.934,-1.9568,-1.9716,-1.973,-1.9602,-1.9445,-1.9372,-1.9301,-1.9084,-1.8669,-1.8088,-1.7416,-1.6718,-1.602,-1.5313,-1.4562,-1.3727,-1.2773,-1.168,-1.0451,-0.9116,-0.7736,-0.6398,-0.5199,-0.4221,-0.3517,-0.3097,-0.2932,-0.2971,-0.3156,-0.3431,-0.3752,-0.4086,-0.4412,-0.4721,-0.5005,-0.5265,-0.5501,-0.5717,-0.5915,-0.6097,-0.6266
-1.7376,-1.7574,-1.7785,-1.8009,-1.8246,-1.8493,-1.8747,-1.9001,-1.924,-1.9439,-1.9562,-1.9569,-1.9462,-1.9314,-1.9197,-1.907,-1.8838,-1.8452,-1.7926,-1.7309,-1.6647,-1.5966,-1.5263,-1.4515,-1.3694,-1.2774,-1.1741,-1.06,-0.9379,-0.8129,-0.6921,-0.5832,-0.493,-0.4256,-0.3822,-0.361,-0.358,-0.3686,-0.3883,-0.4133,-0.4405,-0.4682,-0.495,-0.5203,-0.5437,-0.5654,-0.5854,-0.6039,-0.6211,-0.6371
-1.7355,-1.7549,-1.7754,-1.797,-1.8196,-1.843,-1.8667,-1.89,-1.9113,-1.9284,-1.9384,-1.9387,-1.9295,-1.9158,-1.9017,-1.8851,-1.8604,-1.8236,-1.7752,-1.718,-1.6555,-1.5897,-1.5207,-1.4471,-1.3671,-1.2787,-1.1813,-1.0753,-0.9634,-0.8497,-0.7402,-0.641,-0.5575,-0.4932,-0.4492,-0.4243,-0.4157,-0.4197,-0.4327,-0.4513,-0.473,-0.4959,-0.5188,-0.5409,-0.5618,-0.5815,-0.5999,-0.617,-0.633,-0.6481
-1.7326,-1.7514,-1.7711,-1.7917,-1.8132,-1.8351,-1.857,-1.878,-1.8968,-1.9114,-1.9194,-1.9193,-1.9113,-1.8983,-1.8829,-1.864,-1.8381,-1.8026,-1.7573,-1.7039,-1.6448,-1.5816,-1.5145,-1.4428,-1.3653,-1.2808,-1.189,-1.0905,-0.9876,-0.8839,-0.7842,-0.6934,-0.6159,-0.5546,-0.5106,-0.4831,-0.47,-0.4686,-0.4758,-0.4889,-0.5055,-0.524,-0.5432,-0.5622,-0.5806,-0.5982,-0.6148,-0.6306,-0.6454,-0.6595
-1.7289,-1.747,-1.7658,-1.7854,-1.8056,-1.8259,-1.8459,-1.8647,-1.8811,-1.8934,-1.8999,-1.8993,-1.8919,-1.8795,-1.8635,-1.8432,-1.8168,-1.7822,-1.7394,-1.6891,-1.6331,-1.5726,-1.5078,-1.4385,-1.3639,-1.2834,-1.1969,-1.1052,-1.0104,-0.9154,-0.8242,-0.7408,-0.6687,-0.6103,-0.5666,-0.5373,-0.5208,-0.515,-0.5173,-0.5255,-0.5376,-0.5521,-0.5678,-0.5839,-0.5998,-0.6154,-0.6303,-0.6446,-0.6582,-0.6712
