docs/data/wind_grid.json
{"header": {"la1":42.1,"la2":41.55,"lo1":12.1,"lo2":12.95,"nx":50,"ny":50,"dx":0.01735,"dy":0.01122,"parameterCategory":2,"parameterNumber":2,"parameterNumberName":"eastward_wind","parameterUnit":"m.s-1"}, "data":
[rows 0 to 40 of 50, columns 0 to 49 of 50]
-0.4815,-0.4794,-0.4766,-0.4731,-0.4689,-0.4638,-0.4579,-0.4511,-0.4433,-0.4345,-0.4247,-0.4139,-0.4021,-0.3893,-0.3755,-0.3608,-0.3452,-0.3288,-0.3113,-0.2927,-0.2728,-0.2512,-0.2274,-0.201,-0.1714,-0.138,-0.1,-0.0572,-0.0089,0.0449,0.1041,0.1686,0.2374,0.3093,0.3825,0.4547,0.5233,0.5854,0.6384,0.6805,0.7104,0.728,0.734,0.7299,0.7173,0.6982,0.6743,0.6472,0.6181,0.5882
-0.4887,-0.4867,-0.4842,-0.4809,-0.4768,-0.4719,-0.4661,-0.4594,-0.4516,-0.4428,-0.4328,-0.4219,-0.4098,-0.3967,-0.3827,-0.3677,-0.3519,-0.3352,-0.3176,-0.299,-0.2791,-0.2577,-0.2341,-0.2079,-0.1783,-0.1446,-0.106,-0.0621,-0.0122,0.0439,0.1062,0.1746,0.2481,0.3255,0.4048,0.4834,0.5582,0.6259,0.6834,0.7282,0.7592,0.7762,0.7801,0.7728,0.7565,0.7333,0.7053,0.6744,0.6418,0.6087
-0.4959,-0.4943,-0.4919,-0.4889,-0.485,-0.4803,-0.4746,-0.4679,-0.4602,-0.4513,-0.4412,-0.4301,-0.4177,-0.4043,-0.3899,-0.3746,-0.3585,-0.3415,-0.3238,-0.3051,-0.2854,-0.2642,-0.2409,-0.215,-0.1855,-0.1517,-0.1128,-0.0679,-0.0165,0.0419,0.1073,0.1796,0.258,0.3413,0.4272,0.5129,0.5946,0.6686,0.7309,0.7788,0.8108,0.8268,0.8282,0.8172,0.7965,0.7688,0.7364,0.7013,0.6649,0.6285
-0.5034,-0.502,-0.4999,-0.4971,-0.4935,-0.489,-0.4834,-0.4768,-0.4691,-0.4601,-0.4499,-0.4385,-0.4259,-0.4121,-0.3973,-0.3815,-0.365,-0.3477,-0.3297,-0.311,-0.2914,-0.2705,-0.2477,-0.2222,-0.1931,-0.1595,-0.1203,-0.0746,-0.0218,0.0387,0.1071,0.1834,0.2669,0.3563,0.4493,0.5427,0.6322,0.7131,0.7809,0.8321,0.865,0.8797,0.878,0.8627,0.8371,0.8043,0.7671,0.7275,0.6873,0.6474
-0.511,-0.5099,-0.5081,-0.5056,-0.5022,-0.4979,-0.4925,-0.486,-0.4783,-0.4693,-0.4589,-0.4473,-0.4343,-0.4201,-0.4047,-0.3884,-0.3713,-0.3536,-0.3353,-0.3166,-0.2971,-0.2766,-0.2544,-0.2295,-0.201,-0.1677,-0.1285,-0.0823,-0.0283,0.0342,0.1055,0.1857,0.2744,0.3701,0.4707,0.5724,0.6704,0.7591,0.8329,0.8877,0.9215,0.9344,0.929,0.9087,0.8776,0.8393,0.7969,0.7527,0.7084,0.6651
-0.5187,-0.5179,-0.5165,-0.5143,-0.5112,-0.5071,-0.5019,-0.4955,-0.4879,-0.4788,-0.4683,-0.4563,-0.443,-0.4282,-0.4123,-0.3953,-0.3775,-0.3592,-0.3405,-0.3216,-0.3023,-0.2822,-0.2607,-0.2367,-0.209,-0.1763,-0.1373,-0.0909,-0.0359,0.0283,0.1023,0.1863,0.28,0.3822,0.4906,0.6012,0.7085,0.8058,0.8864,0.9451,0.9795,0.9903,0.9805,0.9546,0.9174,0.8732,0.8253,0.7763,0.7279,0.6812
-0.5266,-0.5262,-0.5251,-0.5232,-0.5204,-0.5166,-0.5117,-0.5055,-0.4978,-0.4887,-0.4781,-0.4658,-0.452,-0.4366,-0.4199,-0.4022,-0.3835,-0.3644,-0.3452,-0.3259,-0.3067,-0.2871,-0.2664,-0.2435,-0.217,-0.1853,-0.1468,-0.1003,-0.0447,0.021,0.0974,0.1849,0.2833,0.3919,0.5082,0.6282,0.7455,0.8523,0.9403,1.0032,1.0382,1.0463,1.0315,0.9994,0.9556,0.9051,0.8516,0.7978,0.7454,0.6954
-0.5346,-0.5346,-0.5339,-0.5324,-0.53,-0.5265,-0.5218,-0.5158,-0.5083,-0.4991,-0.4883,-0.4757,-0.4614,-0.4453,-0.4278,-0.409,-0.3893,-0.3692,-0.3491,-0.3293,-0.3101,-0.291,-0.2714,-0.2499,-0.2248,-0.1944,-0.1568,-0.1106,-0.0546,0.0122,0.0906,0.1811,0.2839,0.3984,0.5226,0.6522,0.7801,0.8971,0.9932,1.0607,1.0961,1.1011,1.0807,1.0418,0.9911,0.9342,0.8752,0.8167,0.7604,0.7073
-0.5427,-0.5431,-0.5429,-0.5418,-0.5398,-0.5367,-0.5323,-0.5265,-0.5191,-0.51,-0.4991,-0.4861,-0.4712,-0.4544,-0.4359,-0.4159,-0.3949,-0.3734,-0.3521,-0.3316,-0.3122,-0.2936,-0.2752,-0.2554,-0.2322,-0.2035,-0.1672,-0.1216,-0.0656,0.002,0.0819,0.1747,0.2811,0.4009,0.5325,0.6716,0.8105,0.9383,1.0432,1.1155,1.1514,1.1528,1.1264,1.0804,1.0227,0.9595,0.8951,0.8323,0.7725,0.7166
-0.551,-0.5519,-0.5521,-0.5514,-0.5499,-0.5472,-0.5432,-0.5377,-0.5306,-0.5215,-0.5104,-0.4972,-0.4817,-0.464,-0.4443,-0.4229,-0.4002,-0.3771,-0.3542,-0.3325,-0.3126,-0.2946,-0.2775,-0.2598,-0.239,-0.2124,-0.1778,-0.1332,-0.0775,-0.0096,0.0711,0.1656,0.2747,0.3987,0.5367,0.6847,0.8345,0.9735,1.0876,1.1652,1.2014,1.1991,1.1665,1.1135,1.0491,0.98,0.9107,0.8439,0.7812,0.723
-0.5594,-0.5607,-0.5614,-0.5613,-0.5603,-0.5581,-0.5545,-0.5494,-0.5425,-0.5336,-0.5225,-0.5089,-0.4928,-0.4742,-0.4532,-0.4301,-0.4055,-0.3802,-0.3552,-0.3318,-0.311,-0.2933,-0.2779,-0.2628,-0.2449,-0.2211,-0.1885,-0.1453,-0.0902,-0.0224,0.0586,0.1537,0.2641,0.3909,0.5338,0.6895,0.8495,0.9997,1.1232,1.2062,1.2429,1.2371,1.1986,1.1391,1.0686,0.9943,0.921,0.8511,0.786,0.726
-0.5678,-0.5697,-0.571,-0.5714,-0.5709,-0.5693,-0.5663,-0.5616,-0.5551,-0.5464,-0.5353,-0.5214,-0.5048,-0.4852,-0.4627,-0.4378,-0.4108,-0.3828,-0.355,-0.3291,-0.3069,-0.2892,-0.2757,-0.2638,-0.2496,-0.2291,-0.1992,-0.1576,-0.1035,-0.0363,0.0443,0.139,0.2493,0.377,0.5227,0.6842,0.8529,1.0134,1.1463,1.2349,1.2725,1.2636,1.2202,1.1552,1.0798,1.0017,0.9253,0.8533,0.7866,0.7256
-0.5763,-0.5788,-0.5806,-0.5817,-0.5819,-0.5808,-0.5784,-0.5743,-0.5683,-0.5599,-0.5489,-0.5349,-0.5177,-0.4972,-0.4732,-0.4461,-0.4164,-0.3851,-0.3537,-0.3244,-0.2997,-0.2817,-0.2703,-0.2624,-0.2529,-0.2366,-0.2097,-0.1702,-0.1172,-0.0509,0.0286,0.1218,0.2303,0.3566,0.5025,0.6669,0.8419,1.0112,1.1526,1.2468,1.286,1.2754,1.2285,1.16,1.0815,1.001,0.9231,0.85,0.7828,0.7215
-0.5849,-0.588,-0.5905,-0.5922,-0.593,-0.5927,-0.591,-0.5876,-0.5822,-0.5743,-0.5635,-0.5495,-0.5319,-0.5104,-0.4849,-0.4555,-0.4228,-0.3876,-0.3516,-0.3174,-0.289,-0.27,-0.261,-0.2583,-0.2547,-0.2435,-0.2201,-0.1827,-0.1311,-0.0659,0.0119,0.1025,0.2074,0.3298,0.4727,0.6365,0.8145,0.9899,1.1384,1.2381,1.2798,1.2694,1.2215,1.1518,1.0725,0.9917,0.9138,0.8411,0.7743,0.7136
-0.5935,-0.5972,-0.6004,-0.6028,-0.6044,-0.6049,-0.604,-0.6014,-0.5967,-0.5895,-0.5792,-0.5653,-0.5475,-0.5251,-0.4982,-0.4665,-0.4305,-0.3908,-0.3491,-0.3085,-0.2744,-0.2531,-0.247,-0.2511,-0.2551,-0.2499,-0.2305,-0.1953,-0.1449,-0.081,-0.0053,0.0817,0.1813,0.2971,0.4335,0.5927,0.7695,0.9474,1.1008,1.2056,1.2512,1.2434,1.1976,1.1297,1.0523,0.9734,0.8974,0.8264,0.7613,0.7019
-0.6021,-0.6065,-0.6103,-0.6136,-0.616,-0.6174,-0.6174,-0.6157,-0.612,-0.6055,-0.5959,-0.5825,-0.5646,-0.5417,-0.5134,-0.4795,-0.4401,-0.3957,-0.3474,-0.2984,-0.2558,-0.2303,-0.2278,-0.241,-0.2546,-0.2565,-0.2412,-0.2079,-0.1584,-0.0956,-0.0223,0.0601,0.1528,0.2595,0.3861,0.5364,0.7074,0.8836,1.039,1.1482,1.1991,1.1968,1.1563,1.0936,1.021,0.9463,0.874,0.8062,0.7437,0.6866
-0.6106,-0.6157,-0.6203,-0.6244,-0.6277,-0.6301,-0.6311,-0.6305,-0.6278,-0.6225,-0.6139,-0.6012,-0.5836,-0.5604,-0.5311,-0.4952,-0.4527,-0.4036,-0.3483,-0.289,-0.2343,-0.2014,-0.2033,-0.229,-0.2547,-0.2642,-0.2526,-0.2206,-0.1715,-0.1095,-0.0387,0.0387,0.1231,0.2187,0.3323,0.4698,0.6303,0.8003,0.9547,1.0672,1.1247,1.1307,1.0989,1.0445,0.9793,0.911,0.844,0.7807,0.7219,0.6679
-0.6191,-0.6249,-0.6303,-0.6352,-0.6395,-0.6429,-0.6451,-0.6457,-0.6443,-0.6403,-0.6329,-0.6213,-0.6045,-0.5816,-0.5516,-0.5142,-0.4691,-0.4161,-0.3544,-0.2841,-0.2132,-0.1683,-0.1756,-0.2184,-0.2579,-0.2744,-0.2653,-0.2336,-0.184,-0.1223,-0.0536,0.0184,0.0937,0.1766,0.2748,0.3962,0.5423,0.7022,0.8523,0.967,1.0317,1.048,1.0276,0.9841,0.9285,0.8685,0.8084,0.7506,0.6964,0.646
-0.6274,-0.6339,-0.6402,-0.646,-0.6513,-0.6558,-0.6592,-0.6612,-0.6613,-0.6589,-0.6531,-0.6431,-0.6276,-0.6054,-0.5754,-0.5371,-0.4903,-0.4348,-0.3692,-0.2899,-0.2007,-0.1378,-0.152,-0.2157,-0.2682,-0.2891,-0.2801,-0.2469,-0.1958,-0.1334,-0.0664,0.0003,0.066,0.1352,0.2167,0.32,0.449,0.5956,0.7388,0.854,0.9259,0.9535,0.946,0.915,0.8707,0.8202,0.7679,0.7166,0.6676,0.6215
-0.6356,-0.6428,-0.6499,-0.6566,-0.6629,-0.6686,-0.6733,-0.6768,-0.6786,-0.678,-0.6743,-0.6664,-0.6528,-0.6321,-0.6028,-0.5643,-0.5169,-0.461,-0.3956,-0.3148,-0.2133,-0.1302,-0.151,-0.2329,-0.2907,-0.3097,-0.2972,-0.2606,-0.2065,-0.1426,-0.0767,-0.0149,0.0415,0.097,0.1613,0.2458,0.3566,0.4881,0.6223,0.7362,0.8141,0.8527,0.8584,0.8405,0.808,0.7676,0.7239,0.6795,0.6362,0.5947
-0.6435,-0.6515,-0.6594,-0.667,-0.6744,-0.6812,-0.6874,-0.6924,-0.696,-0.6975,-0.6962,-0.6909,-0.6801,-0.6617,-0.6341,-0.5963,-0.549,-0.4947,-0.4348,-0.3652,-0.2745,-0.1877,-0.2074,-0.2841,-0.329,-0.337,-0.3167,-0.2743,-0.216,-0.1496,-0.084,-0.0262,0.0214,0.0638,0.1118,0.1782,0.2709,0.3868,0.5105,0.6211,0.7031,0.7512,0.7689,0.7636,0.7428,0.7126,0.6775,0.6402,0.6028,0.5662
-0.6512,-0.6599,-0.6685,-0.6771,-0.6855,-0.6936,-0.7011,-0.7077,-0.7132,-0.7171,-0.7186,-0.7165,-0.7092,-0.6943,-0.6694,-0.6331,-0.5866,-0.5346,-0.4839,-0.4381,-0.3927,-0.3489,-0.3481,-0.3725,-0.3813,-0.3693,-0.3375,-0.2877,-0.2242,-0.1544,-0.0881,-0.0335,0.0066,0.0374,0.0707,0.1207,0.1966,0.2972,0.4095,0.515,0.5985,0.6536,0.6815,0.6873,0.6772,0.6567,0.6299,0.5997,0.5681,0.5364
-0.6586,-0.6679,-0.6774,-0.6868,-0.6963,-0.7054,-0.7143,-0.7225,-0.73,-0.7363,-0.7408,-0.7426,-0.7399,-0.7297,-0.7089,-0.6749,-0.6292,-0.5789,-0.5366,-0.5167,-0.5298,-0.5554,-0.5262,-0.4756,-0.4386,-0.403,-0.3582,-0.3001,-0.2308,-0.1572,-0.0895,-0.0369,-0.0028,0.0184,0.0396,0.0756,0.1367,0.2229,0.3233,0.4218,0.5043,0.5635,0.5989,0.6139,0.6131,0.6013,0.5822,0.5587,0.5328,0.5059
-0.6655,-0.6755,-0.6857,-0.696,-0.7064,-0.7167,-0.7268,-0.7365,-0.7458,-0.7545,-0.7623,-0.7685,-0.7714,-0.7676,-0.7525,-0.7221,-0.6769,-0.6257,-0.5864,-0.5815,-0.6271,-0.6856,-0.6478,-0.5581,-0.4889,-0.4337,-0.3768,-0.311,-0.236,-0.1585,-0.0889,-0.0372,-0.0072,0.0069,0.0186,0.0435,0.092,0.1649,0.2533,0.3433,0.4223,0.483,0.5233,0.5451,0.5519,0.5476,0.5354,0.518,0.4974,0.4751
-0.6721,-0.6827,-0.6936,-0.7047,-0.7159,-0.7271,-0.7383,-0.7493,-0.7602,-0.7711,-0.7821,-0.7932,-0.8028,-0.8073,-0.8002,-0.7751,-0.7303,-0.675,-0.631,-0.6247,-0.6687,-0.7199,-0.6896,-0.6032,-0.5241,-0.4577,-0.3921,-0.3199,-0.2402,-0.1592,-0.0877,-0.036,-0.0082,0.0014,0.0067,0.0232,0.0612,0.1221,0.1987,0.2794,0.3531,0.4127,0.4555,0.482,0.4947,0.4964,0.4902,0.4782,0.4625,0.4443
-0.6782,-0.6893,-0.7008,-0.7126,-0.7246,-0.7366,-0.7487,-0.7607,-0.7728,-0.7855,-0.7994,-0.8154,-0.8329,-0.8479,-0.8517,-0.8342,-0.7901,-0.7281,-0.6725,-0.652,-0.6759,-0.7069,-0.6853,-0.6175,-0.5432,-0.4736,-0.4033,-0.3268,-0.2438,-0.1604,-0.0872,-0.035,-0.0078,-0.0002,0.0015,0.0122,0.0418,0.0921,0.1575,0.2286,0.2958,0.3526,0.3958,0.425,0.4418,0.4484,0.447,0.4397,0.4283,0.414
-0.6837,-0.6954,-0.7074,-0.7198,-0.7324,-0.7451,-0.7578,-0.7704,-0.7832,-0.7968,-0.8128,-0.8334,-0.8599,-0.8881,-0.9064,-0.8992,-0.8569,-0.7866,-0.7153,-0.6743,-0.6731,-0.6839,-0.666,-0.6148,-0.5501,-0.4824,-0.4105,-0.332,-0.2475,-0.1631,-0.0891,-0.0361,-0.0082,-0.0003,0.0003,0.0075,0.0306,0.0718,0.127,0.1887,0.2489,0.3016,0.3437,0.3741,0.3936,0.4038,0.4063,0.4029,0.3952,0.3844
-0.6888,-0.7009,-0.7134,-0.7262,-0.7392,-0.7524,-0.7655,-0.7783,-0.791,-0.8045,-0.8211,-0.8454,-0.8816,-0.9264,-0.9632,-0.9689,-0.9291,-0.8504,-0.7624,-0.6996,-0.6743,-0.6667,-0.6473,-0.6059,-0.5498,-0.4857,-0.4147,-0.3361,-0.2518,-0.1679,-0.0942,-0.0406,-0.0111,-0.0013,0.0002,0.0059,0.0244,0.0582,0.1045,0.1574,0.2106,0.2587,0.2986,0.329,0.35,0.3626,0.3681,0.368,0.3634,0.3556
-0.6933,-0.7057,-0.7185,-0.7317,-0.7451,-0.7585,-0.7717,-0.7842,-0.7962,-0.8082,-0.8235,-0.8494,-0.8955,-0.9606,-1.0201,-1.04,-1.0023,-0.9155,-0.8125,-0.7304,-0.6838,-0.6596,-0.6347,-0.597,-0.5464,-0.4859,-0.4168,-0.3397,-0.2571,-0.1751,-0.1028,-0.049,-0.0176,-0.0048,-0.0009,0.0049,0.0204,0.0484,0.0873,0.1325,0.179,0.2223,0.2595,0.289,0.3106,0.3249,0.3326,0.335,0.3331,0.328
-0.6972,-0.7098,-0.723,-0.7364,-0.75,-0.7635,-0.7764,-0.7883,-0.7988,-0.8081,-0.8196,-0.8436,-0.8983,-0.9877,-1.0733,-1.1057,-1.0677,-0.974,-0.8603,-0.7638,-0.7003,-0.6614,-0.6289,-0.5906,-0.5425,-0.4848,-0.418,-0.3433,-0.2636,-0.1847,-0.1146,-0.0611,-0.0277,-0.0115,-0.0044,0.0027,0.0167,0.0405,0.0734,0.1121,0.1526,0.1913,0.2255,0.2536,0.2752,0.2903,0.2997,0.3041,0.3044,0.3014
-0.7004,-0.7133,-0.7266,-0.7402,-0.7539,-0.7673,-0.7799,-0.7909,-0.7995,-0.8052,-0.8106,-0.8285,-0.8878,-1.0028,-1.1148,-1.1551,-1.1144,-1.017,-0.8992,-0.7949,-0.7197,-0.6689,-0.6286,-0.5874,-0.5396,-0.4835,-0.4191,-0.3474,-0.2713,-0.1961,-0.1288,-0.0761,-0.0411,-0.0214,-0.0108,-0.0016,0.012,0.033,0.0613,0.0946,0.13,0.1645,0.1957,0.2221,0.2432,0.2587,0.2692,0.2751,0.2772,0.2761
-0.7031,-0.7161,-0.7295,-0.7431,-0.7568,-0.7701,-0.7822,-0.7923,-0.799,-0.801,-0.7997,-0.8082,-0.8657,-1.0004,-1.1322,-1.1755,-1.1336,-1.0385,-0.924,-0.819,-0.7378,-0.6787,-0.6315,-0.5866,-0.538,-0.4829,-0.4206,-0.352,-0.2799,-0.2087,-0.1447,-0.0932,-0.0568,-0.0341,-0.02,-0.0084,0.0057,0.0249,0.0498,0.079,0.1101,0.1408,0.1693,0.194,0.2142,0.2298,0.2409,0.248,0.2514,0.2519
-0.7052,-0.7182,-0.7316,-0.7453,-0.7588,-0.7719,-0.7836,-0.7929,-0.7982,-0.7975,-0.7914,-0.792,-0.8423,-0.9794,-1.1158,-1.1606,-1.1237,-1.0382,-0.9336,-0.8338,-0.7518,-0.688,-0.6358,-0.5875,-0.5377,-0.4831,-0.4228,-0.3573,-0.2891,-0.2221,-0.1614,-0.1113,-0.0741,-0.0487,-0.0315,-0.0174,-0.0025,0.0159,0.0385,0.0644,0.092,0.1196,0.1455,0.1685,0.1879,0.2033,0.2148,0.2226,0.2272,0.2289
-0.7066,-0.7196,-0.733,-0.7466,-0.76,-0.7728,-0.7842,-0.7931,-0.7977,-0.7962,-0.789,-0.7875,-0.8305,-0.95,-1.0724,-1.118,-1.0915,-1.0206,-0.93,-0.8394,-0.7603,-0.695,-0.6399,-0.5891,-0.5382,-0.484,-0.4255,-0.3631,-0.2987,-0.2358,-0.1782,-0.1297,-0.0921,-0.0647,-0.0447,-0.0284,-0.0123,0.0058,0.0268,0.0503,0.0752,0.1002,0.1239,0.1453,0.1637,0.1788,0.1905,0.1989,0.2043,0.2071
-0.7075,-0.7204,-0.7337,-0.7471,-0.7603,-0.7729,-0.7841,-0.7929,-0.7977,-0.7972,-0.7925,-0.7943,-0.8319,-0.9245,-1.0215,-1.064,-1.0482,-0.9926,-0.9169,-0.837,-0.7633,-0.6991,-0.6428,-0.5907,-0.5391,-0.4855,-0.4288,-0.3693,-0.3085,-0.2493,-0.1948,-0.1479,-0.1103,-0.0814,-0.0592,-0.0408,-0.0235,-0.0053,0.0148,0.0365,0.0593,0.0822,0.104,0.124,0.1415,0.1561,0.1678,0.1766,0.1827,0.1864
-0.7078,-0.7206,-0.7337,-0.7469,-0.7599,-0.7723,-0.7834,-0.7923,-0.7979,-0.7996,-0.7991,-0.8057,-0.8385,-0.9059,-0.9766,-1.0118,-1.003,-0.9604,-0.8981,-0.8288,-0.7615,-0.7,-0.6441,-0.5917,-0.5401,-0.4873,-0.4324,-0.3756,-0.3182,-0.2623,-0.2107,-0.1656,-0.1281,-0.0982,-0.0743,-0.0542,-0.0358,-0.0172,0.0022,0.0228,0.044,0.0651,0.0855,0.1042,0.1208,0.1351,0.1467,0.1558,0.1624,0.1667
-0.7075,-0.7201,-0.733,-0.746,-0.7587,-0.7709,-0.782,-0.7912,-0.7979,-0.802,-0.8056,-0.8158,-0.8435,-0.8914,-0.9406,-0.9668,-0.961,-0.9278,-0.8765,-0.8168,-0.756,-0.6981,-0.6437,-0.5919,-0.5409,-0.4892,-0.4362,-0.3819,-0.3276,-0.2748,-0.2258,-0.1823,-0.1454,-0.1149,-0.0897,-0.0682,-0.0487,-0.0298,-0.0106,0.0091,0.0291,0.0489,0.068,0.0857,0.1016,0.1154,0.1269,0.1361,0.1431,0.1481
-0.7067,-0.7191,-0.7317,-0.7444,-0.7569,-0.7689,-0.7799,-0.7895,-0.7972,-0.8034,-0.81,-0.8217,-0.8446,-0.8785,-0.9118,-0.9295,-0.9241,-0.897,-0.8541,-0.8024,-0.7478,-0.6938,-0.6417,-0.5912,-0.5412,-0.4909,-0.4398,-0.388,-0.3365,-0.2866,-0.24,-0.1981,-0.1618,-0.131,-0.105,-0.0825,-0.0621,-0.0428,-0.0237,-0.0045,0.0146,0.0334,0.0514,0.0682,0.0835,0.0969,0.1082,0.1176,0.1249,0.1303
-0.7054,-0.7175,-0.7298,-0.7422,-0.7544,-0.7661,-0.7771,-0.7869,-0.7954,-0.803,-0.8113,-0.8232,-0.8417,-0.8656,-0.8876,-0.8983,-0.8921,-0.8689,-0.8322,-0.787,-0.7378,-0.6878,-0.6382,-0.5895,-0.5411,-0.4924,-0.4432,-0.3938,-0.3449,-0.2976,-0.2532,-0.2129,-0.1773,-0.1465,-0.12,-0.0967,-0.0757,-0.0559,-0.0369,-0.0181,0.0004,0.0184,0.0356,0.0517,0.0664,0.0794,0.0906,0.1,0.1076,0.1134
-0.7036,-0.7154,-0.7273,-0.7393,-0.7512,-0.7627,-0.7735,-0.7834,-0.7924,-0.8008,-0.8097,-0.8209,-0.8355,-0.8523,-0.8663,-0.8717,-0.8642,-0.8434,-0.8112,-0.7712,-0.7267,-0.6804,-0.6337,-0.587,-0.5403,-0.4935,-0.4463,-0.3992,-0.3527,-0.3078,-0.2654,-0.2266,-0.1919,-0.1613,-0.1344,-0.1107,-0.0892,-0.0691,-0.05,-0.0315,-0.0135,0.0039,0.0205,0.036,0.0502,0.0629,0.074,0.0834,0.0911,0.0973
-0.7013,-0.7128,-0.7244,-0.736,-0.7474,-0.7586,-0.7691,-0.779,-0.7881,-0.7967,-0.8056,-0.8156,-0.827,-0.8386,-0.847,-0.8483,-0.8396,-0.8202,-0.7914,-0.7555,-0.7151,-0.6722,-0.6282,-0.5837,-0.539,-0.4941,-0.449,-0.4041,-0.3598,-0.3171,-0.2767,-0.2393,-0.2054,-0.1752,-0.1483,-0.1243,-0.1024,-0.0822,-0.063,-0.0447,-0.027,-0.0101,0.006,0.021,0.0348,0.0473,0.0582,0.0676,0.0755,0.0819
