docs/data/wind_grid.json
[{"header":{"la1":42.85,"la2":41.18,"lo1":11.55,"lo2":14.05,"nx":36,"ny":24,"dx":0.07143,"dy":0.07261,"parameterCategory":2,"parameterNumber":2,"parameterNumberName":"eastward_wind","parameterUnit":"m.s-1"},"data":[-0.022,-0.0504,-0.0818,-0.115,-0.1475,-0.1755,-0.1938,-0.197,-0.1813,-0.146,-0.0941,-0.0306,0.0389,0.1102,0.1802,0.2463,0.3062,0.3569,0.3957,0.4209,0.4329,0.4341,0.4278,0.4173,0.4053,0.3935,0.3831,0.3744,0.3678,0.3633,0.3607,0.3596,0.36,0.3614,0.3636,0.3664,-0.0302,-0.0649,-0.1054,-0.151,-0.1989,-0.2442,-0.2787,-0.2925,-0.2778,-0.2328,-0.1634,-0.0794,0.0104,0.1004,0.1874,0.2696,0.3445,0.4079,0.4546,0.4812,0.4882,0.4801,0.4634,0.4431,0.4229,0.4047,0.3894,0.3774,0.3686,0.3628,0.3596,0.3585,0.3591,0.361,0.3638,0.3672,-0.0321,-0.0731,-0.124,-0.1851,-0.2549,-0.3273,-0.3904,-0.4253,-0.4144,-0.353,-0.2547,-0.1393,-0.0217,0.0917,0.1994,0.3018,0.3975,0.4805,0.5401,0.5675,0.5637,0.5389,0.5052,0.4707,0.4396,0.4135,0.3927,0.3771,0.3662,0.3594,0.3561,0.3554,0.3567,0.3595,0.3632,0.3675,-0.0243,-0.0704,-0.1317,-0.2112,-0.3103,-0.4247,-0.5389,-0.618,-0.618,-0.5252,-0.3743,-0.2098,-0.055,0.0859,0.2168,0.3433,0.4683,0.5843,0.668,0.695,0.6676,0.6119,0.5515,0.4974,0.4528,0.4176,0.391,0.372,0.3594,0.3523,0.3495,0.3499,0.3526,0.3569,0.362,0.3675,-0.0028,-0.0505,-0.1198,-0.218,-0.3523,-0.5267,-0.7305,-0.906,-0.9368,-0.7744,-0.5225,-0.2835,-0.0833,0.0862,0.2393,0.3907,0.5545,0.7285,0.8633,0.8863,0.8065,0.6954,0.5961,0.5179,0.4583,0.4138,0.3817,0.3598,0.3466,0.3403,0.3391,0.3417,0.3467,0.353,0.36,0.3672,0.0369,-0.0056,-0.0759,-0.1876,-0.3561,-0.6003,-0.9371,-1.3091,-1.4242,-1.1002,-0.6706,-0.3394,-0.0961,0.0973,0.2666,0.4353,0.637,0.8994,1.141,1.1496,0.9628,0.7692,0.6258,0.5242,0.4509,0.398,0.3613,0.3381,0.3258,0.3219,0.3242,0.3303,0.3387,0.3481,0.3577,0.3668,0.0989,0.0734,0.0159,-0.0961,-0.2863,-0.581,-1.0254,-1.6244,-1.8742,-1.3187,-0.729,-0.3483,-0.084,0.125,0.3038,0.4713,0.6747,0.9923,1.3536,1.3411,1.0431,0.7908,0.6227,0.5074,0.4244,0.3651,0.3256,0.3031,0.2945,0.2959,0.304,0.3158,0.3291,0.3426,0.3553,0.3669,0.1845,0.1952,0.1762,0.0878,-0.1087,-0.4198,-0.8363,-1.3248,-1.5065,-1.0889,-0.6372,-0.3097,-0.0509,0.1754,0.3726,0.5233,0.6617,0.8825,1.1523,1.1601,0.9398,0.7323,0.5789,0.4627,0.3734,0.3087,0.2683,0.2501,0.2496,0.2607,0.2783,0.2983,0.3184,0.337,0.3536,0.368,0.2881,0.362,0.4297,0.4146,0.2124,-0.1525,-0.5305,-0.8142,-0.9047,-0.7782,-0.5398,-0.2758,-0.0208,0.2462,0.5258,0.6777,0.6861,0.7389,0.8347,0.8498,0.7595,0.6329,0.5067,0.3901,0.2907,0.2183,0.1793,0.1719,0.1873,0.2151,0.2473,0.2791,0.3078,0.3327,0.3535,0.3708,0.3893,0.5502,0.7785,0.96,0.7498,0.1543,-0.3514,-0.6562,-0.8452,-0.8491,-0.5864,-0.2877,-0.0294,0.2816,0.8141,1.0688,0.7841,0.7015,0.7174,0.7096,0.6499,0.5499,0.4247,0.2881,0.1616,0.0735,0.041,0.0579,0.1037,0.1593,0.2131,0.2603,0.2994,0.3311,0.3563,0.3761,0.4511,0.6804,1.0811,1.5943,1.4257,0.3747,-0.3509,-0.71,-1.0957,-1.2707,-0.6994,-0.3163,-0.099,0.119,0.6798,1.06,0.7537,0.738,0.7684,0.7225,0.6275,0.501,0.3394,0.1452,-0.0462,-0.1673,-0.178,-0.1055,-0.0023,0.0972,0.1804,0.2461,0.2964,0.3345,0.3633,0.385,0.4423,0.6568,1.0267,1.4886,1.2793,0.2066,-0.5307,-0.8223,-0.9423,-1.0048,-0.5983,-0.3256,-0.1989,-0.1815,0.0178,0.4004,0.6498,0.9593,1.0341,0.8467,0.6583,0.4772,0.2501,-0.0575,-0.3951,-0.5852,-0.5237,-0.3249,-0.1213,0.0401,0.1581,0.2424,0.3024,0.3453,0.376,0.3983,0.3719,0.5011,0.6716,0.7691,0.4892,-0.1456,-0.698,-0.9939,-0.8752,-0.6467,-0.4475,-0.4078,-0.3277,-0.2598,-0.1566,0.2322,0.6954,1.4543,1.4746,0.9698,0.6873,0.4683,0.1749,-0.3055,-0.9438,-1.2752,-1.0072,-0.5629,-0.218,0.0105,0.1588,0.2563,0.3213,0.3653,0.3955,0.4164,0.2814,0.3283,0.3557,0.2958,0.0711,-0.2811,-0.6254,-0.8512,-0.7599,-0.4761,-0.3453,-0.572,-0.6308,-0.1099,-0.0058,0.3189,0.6827,1.1279,1.2,0.8896,0.6745,0.4838,0.1737,-0.44,-1.4295,-1.9485,-1.3727,-0.6738,-0.2266,0.0365,0.1947,0.2929,0.3552,0.3953,0.4216,0.439,0.2052,0.2048,0.1763,0.093,-0.0592,-0.2546,-0.4336,-0.5215,-0.4423,-0.2709,-0.1708,-0.1765,-0.1471,-0.0932,0.1098,0.5438,0.8492,0.8009,0.827,0.7543,0.6637,0.5503,0.2944,-0.2385,-1.0769,-1.5382,-1.0838,-0.488,-0.0983,0.1317,0.2689,0.3521,0.4028,0.4337,0.4528,0.4649,0.1553,0.1357,0.0952,0.026,-0.0705,-0.1756,-0.2563,-0.2748,-0.2132,-0.1158,-0.0723,0.0626,0.0873,0.1287,0.2827,0.5805,0.7829,0.7467,0.7471,0.7207,0.6907,0.6483,0.4643,0.1309,-0.2843,-0.5105,-0.3677,-0.0922,0.1297,0.2771,0.3697,0.4255,0.4576,0.4756,0.4858,0.4917,0.1296,0.106,0.0697,0.0199,-0.0384,-0.0928,-0.1256,-0.1209,-0.0789,-0.0305,-0.0265,0.095,0.4268,0.5955,0.5126,0.6293,0.7211,0.7722,0.7976,0.7619,0.7047,0.6831,0.5796,0.4095,0.2442,0.1693,0.2028,0.2854,0.3689,0.4332,0.4745,0.497,0.5076,0.5126,0.5153,0.5165,0.1221,0.1009,0.0731,0.0403,0.0068,-0.0193,-0.0289,-0.0158,0.0178,0.0613,0.1194,0.2619,0.5638,0.6904,0.8112,0.9493,0.8778,0.8707,0.8943,0.8722,0.801,0.7407,0.674,0.5919,0.5285,0.5087,0.5199,0.5451,0.5662,0.5706,0.5604,0.5447,0.5348,0.5337,0.5357,0.5365,0.1266,0.1101,0.091,0.071,0.0538,0.0442,0.0472,0.066,0.1007,0.1515,0.2281,0.3543,0.5352,0.7856,1.3802,1.613,1.0959,0.953,0.979,1.0893,0.9752,0.8585,0.7862,0.7316,0.6786,0.5952,0.5805,0.6957,0.7294,0.6871,0.6173,0.5517,0.5251,0.5335,0.546,0.5518,0.1385,0.1271,0.1153,0.1049,0.0985,0.0992,0.1102,0.1337,0.1714,0.2262,0.3048,0.4188,0.5849,0.86,1.3216,1.4651,1.1296,1.0554,1.3161,1.4534,1.133,0.9745,0.9101,0.8685,0.8184,0.6597,0.6225,0.9191,0.9167,0.7997,0.6673,0.5516,0.5111,0.5327,0.5561,0.5663,0.1546,0.1478,0.142,0.1386,0.1395,0.147,0.1632,0.1901,0.2295,0.2844,0.3593,0.4611,0.6003,0.7886,0.9929,1.0704,1.0215,1.0461,1.2,1.2582,1.1336,1.0825,1.0671,1.0287,1.0445,1.2157,1.6358,1.4954,1.1285,0.8983,0.7398,0.6151,0.5597,0.5642,0.5787,0.5849,0.1728,0.1699,0.1687,0.1704,0.1764,0.1883,0.2079,0.2365,0.276,0.3283,0.3962,0.4826,0.5894,0.7114,0.8241,0.8922,0.9252,0.974,1.0473,1.0954,1.14,1.2653,1.3078,1.1926,1.2075,1.5473,2.115,1.7381,1.1189,0.9014,0.7957,0.7014,0.6403,0.6179,0.6118,0.6074,0.1916,0.1919,0.1942,0.1996,0.2091,0.2239,0.2453,0.2744,0.3125,0.3608,0.4205,0.4921,0.5742,0.6608,0.7406,0.8039,0.8551,0.9087,0.9702,1.0443,1.1766,1.4065,1.472,1.2799,1.2233,1.3811,1.5321,1.2167,0.7962,0.7947,0.8003,0.7508,0.6988,0.6644,0.6439,0.6296,0.2102,0.2131,0.2181,0.2261,0.2379,0.2544,0.2765,0.3051,0.341,0.3848,0.4368,0.4965,0.5619,0.6293,0.6935,0.7514,0.8049,0.8598,0.9225,1.0053,1.1313,1.2863,1.3271,1.2238,1.163,1.1835,1.16,0.9536,0.7473,0.7676,0.7942,0.769,0.7289,0.6941,0.6678,0.6478]},{"header":{"la1":42.85,"la2":41.18,"lo1":11.55,"lo2":14.05,"nx":36,"ny":24,"dx":0.07143,"dy":0.07261,"parameterCategory":2,"parameterNumber":3,"parameterNumberName":"northward_wind","parameterUnit":"m.s-1"},"data":[-0.3945,-0.4125,-0.4329,-0.4553,-0.4786,-0.501,-0.52,-0.533,-0.5381,-0.5348,-0.5243,-0.5084,-0.4888,-0.4665,-0.4419,-0.4157,-0.389,-0.3637,-0.3419,-0.3254,-0.3144,-0.3079,-0.3041,-0.3011,-0.2978,-0.2932,-0.2871,-0.2794,-0.2703,-0.2599,-0.2485,-0.2364,-0.2239,-0.2113,-0.1988,-0.1867,-0.3925,-0.4133,-0.4379,-0.4663,-0.4974,-0.5288,-0.5566,-0.5759,-0.5829,-0.577,-0.5608,-0.5383,-0.5124,-0.4839,-0.4529,-0.4191,-0.3838,-0.3501,-0.3222,-0.3036,-0.2944,-0.2923,-0.2935,-0.295,-0.295,-0.2926,-0.2877,-0.2804,-0.271,-0.2599,-0.2475,-0.2342,-0.2205,-0.2066,-0.1929,-0.1798,-0.3869,-0.4102,-0.4394,-0.4752,-0.5172,-0.5625,-0.6052,-0.6358,-0.6459,-0.6341,-0.6071,-0.5739,-0.5394,-0.5037,-0.4649,-0.421,-0.3726,-0.3247,-0.2864,-0.2652,-0.2615,-0.2687,-0.2791,-0.2878,-0.2926,-0.2931,-0.2896,-0.2826,-0.2728,-0.2606,-0.2468,-0.232,-0.2166,-0.2012,-0.1861,-0.1717,-0.376,-0.401,-0.4346,-0.4789,-0.5352,-0.6019,-0.6711,-0.7246,-0.7407,-0.7147,-0.6658,-0.6149,-0.5695,-0.5266,-0.4798,-0.4228,-0.3538,-0.28,-0.2215,-0.1981,-0.2087,-0.2352,-0.2615,-0.2807,-0.2918,-0.2957,-0.2936,-0.2867,-0.2759,-0.2623,-0.2466,-0.2297,-0.2122,-0.1949,-0.1781,-0.1623,-0.3583,-0.3832,-0.4195,-0.4717,-0.5448,-0.6423,-0.7587,-0.8623,-0.8927,-0.8312,-0.7365,-0.6579,-0.601,-0.5537,-0.5012,-0.4297,-0.3294,-0.2064,-0.1044,-0.0813,-0.1289,-0.1934,-0.2442,-0.2769,-0.2949,-0.302,-0.3009,-0.2935,-0.2812,-0.2652,-0.2469,-0.2272,-0.2071,-0.1873,-0.1685,-0.151,-0.3324,-0.3539,-0.3891,-0.4455,-0.5334,-0.6661,-0.8546,-1.0642,-1.1345,-0.9847,-0.805,-0.6933,-0.6311,-0.5872,-0.5362,-0.4541,-0.3152,-0.1079,0.0875,0.0998,-0.0311,-0.156,-0.2358,-0.2812,-0.3048,-0.3141,-0.3131,-0.3043,-0.2893,-0.27,-0.2478,-0.2244,-0.2008,-0.1781,-0.1568,-0.1374,-0.2975,-0.3107,-0.3382,-0.3906,-0.4829,-0.6367,-0.8852,-1.2275,-1.3684,-1.0856,-0.8281,-0.7082,-0.6582,-0.6309,-0.5943,-0.5157,-0.3538,-0.0665,0.2504,0.2425,0.0163,-0.1541,-0.2486,-0.299,-0.3246,-0.3345,-0.3324,-0.3207,-0.3014,-0.277,-0.2495,-0.221,-0.1929,-0.1665,-0.1423,-0.1209,-0.2544,-0.2529,-0.2631,-0.2995,-0.3809,-0.5244,-0.7483,-1.0392,-1.156,-0.9492,-0.7731,-0.7015,-0.6852,-0.6901,-0.6866,-0.6324,-0.4834,-0.2208,0.0614,0.0836,-0.0793,-0.2112,-0.2885,-0.3326,-0.3569,-0.3661,-0.3617,-0.3451,-0.319,-0.2868,-0.2517,-0.2163,-0.1825,-0.1516,-0.1242,-0.1005,-0.2066,-0.1834,-0.1635,-0.1683,-0.229,-0.3517,-0.5124,-0.6737,-0.7557,-0.738,-0.7012,-0.6929,-0.7177,-0.767,-0.827,-0.8186,-0.6719,-0.4621,-0.2808,-0.2151,-0.2478,-0.3011,-0.3459,-0.3804,-0.4043,-0.414,-0.4062,-0.3815,-0.3442,-0.2999,-0.2538,-0.2091,-0.1681,-0.1319,-0.1009,-0.0752,-0.1615,-0.1127,-0.0495,-0.0001,-0.0404,-0.1677,-0.2999,-0.4473,-0.6227,-0.7071,-0.6834,-0.6974,-0.7559,-0.8446,-1.0115,-1.0902,-0.8377,-0.6113,-0.4671,-0.392,-0.37,-0.3793,-0.4054,-0.4404,-0.4733,-0.4889,-0.476,-0.4361,-0.3792,-0.3161,-0.2541,-0.1973,-0.1476,-0.1054,-0.0709,-0.0435,-0.1295,-0.0626,0.038,0.15,0.1259,-0.0172,-0.0923,-0.2402,-0.7097,-0.9253,-0.6979,-0.7097,-0.803,-0.8957,-1.0223,-1.1075,-0.8425,-0.6303,-0.5129,-0.4538,-0.4273,-0.4287,-0.4592,-0.5163,-0.5806,-0.6139,-0.5894,-0.5173,-0.4251,-0.3328,-0.2493,-0.1774,-0.1177,-0.0695,-0.0319,-0.0036,-0.1178,-0.0523,0.0414,0.1384,0.1239,0.0742,0.1771,0.2573,-0.2382,-0.654,-0.6198,-0.722,-0.8681,-1.0068,-0.9756,-0.8848,-0.7244,-0.5349,-0.4578,-0.4483,-0.4402,-0.4514,-0.5056,-0.6174,-0.7601,-0.8354,-0.7747,-0.631,-0.4772,-0.343,-0.2327,-0.144,-0.074,-0.0205,0.0189,0.0463,-0.1241,-0.0738,-0.0132,0.0377,0.0582,0.1311,0.3695,0.6887,0.3923,-0.2131,-0.5383,-0.7498,-0.8861,-1.0576,-1.0077,-0.8382,-0.6583,-0.3743,-0.3516,-0.4224,-0.4296,-0.4508,-0.536,-0.7379,-1.0473,-1.2115,-1.0427,-0.7574,-0.5147,-0.3321,-0.1945,-0.0897,-0.0109,0.046,0.0847,0.1085,-0.1396,-0.1045,-0.0661,-0.0293,0.0146,0.1088,0.292,0.4952,0.3193,-0.1791,-0.5186,-0.7919,-0.887,-1.0547,-0.897,-0.8294,-0.756,-0.5057,-0.4157,-0.4166,-0.4046,-0.4241,-0.5237,-0.7983,-1.305,-1.587,-1.2487,-0.8101,-0.4964,-0.2802,-0.1233,-0.0066,0.0782,0.1352,0.169,0.1851,-0.1575,-0.1333,-0.107,-0.0782,-0.0404,0.0186,0.0941,0.1204,-0.0257,-0.2771,-0.4529,-0.5942,-0.7436,-0.8041,-0.798,-0.9278,-1.1814,-0.7335,-0.4791,-0.3877,-0.3651,-0.3766,-0.451,-0.681,-1.1065,-1.3521,-1.0729,-0.6828,-0.3887,-0.1747,-0.0115,0.1129,0.2005,0.2528,0.2756,0.2776,-0.1746,-0.1583,-0.141,-0.1223,-0.1013,-0.0794,-0.07,-0.105,-0.2065,-0.32,-0.3333,-0.4098,-0.4989,-0.6225,-0.6439,-0.802,-0.9901,-0.6277,-0.372,-0.3112,-0.3651,-0.3554,-0.3566,-0.4683,-0.658,-0.7594,-0.6448,-0.4279,-0.214,-0.0239,0.1413,0.2748,0.3645,0.4055,0.4072,0.3858,-0.1898,-0.1796,-0.1695,-0.1604,-0.1535,-0.1531,-0.1677,-0.2077,-0.2711,-0.3261,-0.3305,-0.3734,-0.3397,-0.3082,-0.4074,-0.4442,-0.4311,-0.2459,-0.0946,-0.1624,-0.3475,-0.3208,-0.2604,-0.2894,-0.3555,-0.3858,-0.3325,-0.2034,-0.0339,0.1482,0.3286,0.4846,0.5797,0.5979,0.5622,0.5052,-0.2025,-0.1967,-0.1921,-0.1896,-0.1911,-0.1993,-0.2182,-0.2497,-0.2888,-0.3221,-0.3393,-0.3369,-0.2742,-0.2329,-0.1358,-0.0508,-0.0686,0.0997,0.256,0.1185,-0.051,-0.1183,-0.1219,-0.1481,-0.2118,-0.2891,-0.2702,-0.1009,0.113,0.3224,0.5376,0.7397,0.8466,0.8216,0.7269,0.6232,-0.2121,-0.2095,-0.2084,-0.2097,-0.2146,-0.2247,-0.241,-0.2629,-0.2864,-0.3045,-0.3096,-0.2921,-0.2379,-0.1023,0.2991,0.461,0.1662,0.2212,0.3483,0.4701,0.2767,0.1098,0.0373,-0.0213,-0.1628,-0.476,-0.5354,-0.0923,0.2605,0.4986,0.7347,0.9882,1.1086,1.0228,0.863,0.7174,-0.2188,-0.2181,-0.2189,-0.2217,-0.2272,-0.236,-0.2479,-0.2616,-0.2739,-0.2799,-0.2731,-0.244,-0.1744,-0.0167,0.2797,0.3809,0.2302,0.339,0.8018,1.0142,0.5214,0.2774,0.19,0.131,-0.0137,-0.4434,-0.5419,0.1898,0.5286,0.6993,0.8681,1.0873,1.1982,1.0947,0.9206,0.766,-0.2227,-0.2229,-0.2244,-0.2273,-0.2319,-0.2383,-0.2457,-0.2528,-0.2569,-0.2542,-0.2395,-0.2055,-0.1409,-0.0337,0.0975,0.1675,0.1986,0.3387,0.6162,0.709,0.4966,0.3754,0.3425,0.3216,0.3408,0.5095,1.0515,1.0388,0.9504,0.9667,0.9788,1.0376,1.0853,1.0226,0.8965,0.7682,-0.2241,-0.2246,-0.2259,-0.2282,-0.2313,-0.235,-0.2385,-0.2404,-0.2387,-0.2304,-0.2119,-0.1788,-0.1268,-0.056,0.0211,0.0873,0.1563,0.2612,0.3845,0.4401,0.4346,0.4815,0.5071,0.4804,0.6041,1.045,1.6459,1.4552,1.3994,1.3607,1.1809,1.0524,0.9949,0.9332,0.8439,0.7452,-0.2234,-0.2237,-0.2245,-0.2257,-0.2272,-0.2284,-0.2286,-0.2267,-0.221,-0.2095,-0.1897,-0.1594,-0.1173,-0.0647,-0.0064,0.054,0.121,0.1997,0.2803,0.3489,0.4307,0.5583,0.5939,0.5479,0.6726,0.9919,1.3124,1.5586,2.0064,1.8477,1.4262,1.14,0.9856,0.8878,0.8016,0.717,-0.2211,-0.221,-0.221,-0.221,-0.2208,-0.2199,-0.2176,-0.2129,-0.2046,-0.1913,-0.1714,-0.1438,-0.1081,-0.0649,-0.016,0.0377,0.0973,0.1631,0.2332,0.3088,0.401,0.5002,0.5379,0.5502,0.6678,0.901,1.1984,1.6292,2.0824,1.9214,1.4957,1.1791,0.9862,0.863,0.7701,0.6898]}]