docs/data/wind_grid.json
{"header": {"la1":42.1,"la2":41.55,"lo1":12.1,"lo2":12.95,"nx":50,"ny":50,"dx":0.01735,"dy":0.01122,"parameterCategory":2,"parameterNumber":3,"parameterNumberName":"northward_wind","parameterUnit":"m.s-1"}, "data":
[rows 0 to 45 of 50, columns 0 to 49 of 50]
2.5052,2.5074,2.5102,2.5137,2.518,2.523,2.5288,2.5355,2.543,2.5514,2.5606,2.5707,2.5816,2.5933,2.6058,2.6191,2.6334,2.6486,2.6649,2.6827,2.7021,2.7235,2.7474,2.7741,2.8039,2.8373,2.8744,2.9153,2.96,3.0082,3.0596,3.1136,3.1693,3.2258,3.2816,3.3352,3.3851,3.4294,3.4668,3.4962,3.5172,3.5297,3.5344,3.5323,3.5246,3.5125,3.4971,3.4795,3.4605,3.4407
2.4975,2.4994,2.5021,2.5054,2.5095,2.5144,2.5201,2.5268,2.5343,2.5427,2.552,2.5622,2.5732,2.5851,2.5977,2.6111,2.6253,2.6405,2.6568,2.6744,2.6937,2.7151,2.739,2.766,2.7963,2.8305,2.8688,2.9113,2.958,3.0086,3.0629,3.1202,3.1795,3.2399,3.2999,3.3576,3.4113,3.459,3.4988,3.5297,3.551,3.5629,3.5661,3.5619,3.5517,3.537,3.5191,3.499,3.4777,3.4559
2.4895,2.4913,2.4936,2.4968,2.5007,2.5055,2.5112,2.5178,2.5253,2.5338,2.5432,2.5535,2.5647,2.5766,2.5894,2.6029,2.6172,2.6323,2.6485,2.666,2.6851,2.7063,2.7302,2.7573,2.7881,2.823,2.8624,2.9065,2.9552,3.0084,3.0657,3.1263,3.1895,3.2541,3.3184,3.3806,3.4385,3.4898,3.5324,3.5648,3.5863,3.5974,3.5988,3.5922,3.5792,3.5616,3.5408,3.5182,3.4945,3.4705
2.4814,2.4828,2.485,2.4879,2.4916,2.4963,2.5019,2.5084,2.516,2.5245,2.5341,2.5445,2.5559,2.5681,2.581,2.5946,2.6089,2.624,2.64,2.6573,2.6762,2.6972,2.7209,2.748,2.7791,2.8148,2.8553,2.901,2.9518,3.0075,3.0678,3.132,3.1991,3.268,3.337,3.404,3.4664,3.5216,3.5671,3.6012,3.623,3.6329,3.6322,3.6228,3.6068,3.586,3.5622,3.5368,3.5106,3.4845
2.473,2.4742,2.4761,2.4787,2.4823,2.4868,2.4922,2.4987,2.5063,2.515,2.5246,2.5353,2.5469,2.5593,2.5724,2.5862,2.6006,2.6157,2.6315,2.6485,2.667,2.6877,2.7112,2.7382,2.7695,2.8058,2.8474,2.8947,2.9476,3.0059,3.0693,3.1369,3.2081,3.2814,3.3553,3.4273,3.4947,3.5542,3.6029,3.6386,3.6605,3.6691,3.666,3.6535,3.634,3.6099,3.5829,3.5546,3.526,3.4977
2.4645,2.4653,2.4669,2.4693,2.4726,2.4769,2.4822,2.4887,2.4963,2.505,2.5149,2.5258,2.5376,2.5503,2.5638,2.5778,2.5923,2.6073,2.6231,2.6397,2.6578,2.6779,2.701,2.7278,2.7593,2.7961,2.8388,2.8877,2.9427,3.0036,3.07,3.1412,3.2163,3.2941,3.373,3.4503,3.5228,3.587,3.6391,3.6767,3.6986,3.7056,3.6997,3.6837,3.6606,3.6328,3.6026,3.5714,3.5402,3.5098
2.4557,2.4561,2.4574,2.4595,2.4625,2.4666,2.4719,2.4783,2.4859,2.4947,2.5048,2.5159,2.5281,2.5412,2.555,2.5693,2.584,2.5991,2.6146,2.6309,2.6485,2.668,2.6905,2.717,2.7484,2.7857,2.8294,2.8799,2.937,3.0005,3.0699,3.1445,3.2235,3.3058,3.3895,3.4722,3.5502,3.6193,3.6751,3.7146,3.7364,3.7415,3.7325,3.7128,3.6858,3.6543,3.6208,3.5867,3.5531,3.5207
2.4467,2.4468,2.4476,2.4494,2.4521,2.456,2.4611,2.4674,2.475,2.484,2.4942,2.5057,2.5183,2.5319,2.5461,2.5608,2.5758,2.591,2.6064,2.6223,2.6392,2.658,2.6797,2.7057,2.737,2.7746,2.8193,2.8714,2.9307,2.9968,3.0691,3.147,3.2296,3.3159,3.4044,3.4923,3.5759,3.6502,3.71,3.7514,3.7731,3.7761,3.7637,3.7401,3.709,3.6739,3.6371,3.6003,3.5644,3.5301
2.4374,2.4371,2.4376,2.4389,2.4414,2.4449,2.4498,2.456,2.4637,2.4727,2.4833,2.4951,2.5082,2.5223,2.5371,2.5523,2.5677,2.5831,2.5984,2.6139,2.6301,2.648,2.6688,2.694,2.725,2.763,2.8087,2.8623,2.9238,2.9925,3.0677,3.1485,3.2344,3.3243,3.417,3.5099,3.5989,3.6785,3.7424,3.7859,3.8073,3.8081,3.7923,3.7646,3.7297,3.691,3.6511,3.6117,3.5738,3.5378
2.428,2.4272,2.4272,2.4281,2.4302,2.4334,2.4381,2.4441,2.4518,2.461,2.4718,2.484,2.4977,2.5124,2.5279,2.5438,2.5598,2.5755,2.5909,2.606,2.6214,2.6382,2.6579,2.6821,2.7127,2.7508,2.7975,2.8528,2.9165,2.9878,3.0657,3.1492,3.2377,3.3306,3.4267,3.524,3.6181,3.7027,3.7708,3.8165,3.8377,3.8363,3.817,3.7855,3.7468,3.7049,3.6623,3.6207,3.5811,3.5437
2.4183,2.417,2.4165,2.417,2.4186,2.4215,2.4258,2.4317,2.4393,2.4486,2.4597,2.4724,2.4867,2.5022,2.5185,2.5353,2.5521,2.5683,2.5838,2.5986,2.6132,2.6288,2.6471,2.6702,2.7,2.7383,2.7859,2.8431,2.9091,2.983,3.0635,3.1493,3.2398,3.3346,3.4331,3.5336,3.632,3.7214,3.7934,3.8413,3.8624,3.8589,3.8365,3.8016,3.7597,3.7151,3.6703,3.627,3.586,3.5476
2.4085,2.4066,2.4055,2.4054,2.4065,2.409,2.4129,2.4186,2.4261,2.4355,2.4469,2.4601,2.4751,2.4915,2.5089,2.5267,2.5445,2.5615,2.5774,2.592,2.6058,2.62,2.6367,2.6583,2.6873,2.7256,2.7742,2.8333,2.9019,2.9785,3.0614,3.1491,3.2409,3.3364,3.4359,3.5381,3.6395,3.7327,3.8083,3.8583,3.8795,3.8745,3.8496,3.8119,3.7676,3.721,3.6747,3.6302,3.5883,3.5493
2.3984,2.3959,2.3942,2.3935,2.394,2.3959,2.3995,2.4048,2.4122,2.4217,2.4333,2.4471,2.4628,2.4802,2.4988,2.518,2.537,2.5551,2.5716,2.5863,2.5993,2.6121,2.6269,2.6468,2.6747,2.7129,2.7626,2.8237,2.8951,2.9746,3.0599,3.1492,3.2413,3.3363,3.435,3.5371,3.6395,3.7351,3.8136,3.8655,3.8872,3.8813,3.8548,3.8156,3.7699,3.7222,3.6752,3.6302,3.588,3.5488
2.3881,2.3849,2.3825,2.3812,2.381,2.3824,2.3854,2.3903,2.3975,2.4069,2.4188,2.4331,2.4497,2.4682,2.4882,2.5089,2.5296,2.5491,2.5666,2.5817,2.5942,2.6054,2.6181,2.6358,2.6624,2.7005,2.7514,2.8148,2.8892,2.9718,3.0597,3.1502,3.2419,3.335,3.4309,3.5304,3.6317,3.7278,3.8078,3.8613,3.8838,3.8781,3.8514,3.8119,3.7662,3.7185,3.6717,3.6269,3.585,3.5461
2.3777,2.3737,2.3706,2.3685,2.3676,2.3682,2.3706,2.375,2.3818,2.3912,2.4033,2.4181,2.4355,2.4553,2.4768,2.4994,2.5219,2.5433,2.5624,2.5782,2.5906,2.6004,2.6106,2.6259,2.6508,2.6887,2.7408,2.8068,2.8846,2.9708,3.0615,3.1531,3.2436,3.3334,3.4246,3.5191,3.6163,3.7104,3.7903,3.8448,3.8687,3.8643,3.8389,3.8008,3.7563,3.7099,3.6641,3.6204,3.5793,3.5411
2.3671,2.3624,2.3584,2.3554,2.3536,2.3534,2.3551,2.3589,2.3653,2.3744,2.3866,2.4018,2.4201,2.4411,2.4644,2.489,2.5138,2.5375,2.5586,2.576,2.5887,2.5973,2.6049,2.6172,2.6403,2.6777,2.7312,2.8,2.8818,2.9722,3.066,3.1588,3.2478,3.3332,3.4176,3.5045,3.5949,3.6842,3.7619,3.8165,3.842,3.8401,3.8176,3.7823,3.7405,3.6965,3.6527,3.6107,3.571,3.534
2.3564,2.3508,2.3459,2.3419,2.3392,2.338,2.3388,2.3418,2.3476,2.3564,2.3685,2.3842,2.4032,2.4256,2.4506,2.4775,2.5049,2.5312,2.5548,2.5745,2.5886,2.5966,2.6013,2.6103,2.631,2.668,2.7229,2.7949,2.8812,2.9764,3.0742,3.1685,3.2558,3.3359,3.4121,3.4892,3.5698,3.6513,3.7245,3.7781,3.8053,3.8068,3.7885,3.7574,3.7194,3.6787,3.6378,3.5981,3.5604,3.5249
2.3456,2.339,2.3331,2.3281,2.3243,2.322,2.3217,2.3239,2.3289,2.3372,2.3491,2.3649,2.3847,2.4083,2.4352,2.4644,2.4946,2.5238,2.5504,2.573,2.5897,2.5982,2.6002,2.6051,2.6232,2.6597,2.7161,2.7918,2.8832,2.9841,3.0867,3.1832,3.269,3.3435,3.4104,3.4757,3.5443,3.6154,3.6818,3.7328,3.7612,3.7665,3.7531,3.7272,3.694,3.6574,3.6199,3.5831,3.5476,3.514
2.3348,2.3272,2.3202,2.314,2.3089,2.3054,2.3039,2.3049,2.3089,2.3165,2.3281,2.3439,2.3643,2.389,2.4176,2.4494,2.4825,2.5148,2.5444,2.57,2.5905,2.6012,2.6006,2.6012,2.6167,2.6529,2.7111,2.7908,2.888,2.9957,3.1042,3.204,3.2888,3.3576,3.4145,3.467,3.5217,3.5804,3.6378,3.6846,3.7133,3.722,3.7137,3.6933,3.6652,3.6332,3.5996,3.5659,3.533,3.5016
2.3239,2.3153,2.3071,2.2996,2.2932,2.2883,2.2853,2.285,2.2878,2.2945,2.3054,2.3211,2.3417,2.3673,2.3976,2.4317,2.4679,2.5034,2.5357,2.5636,2.5875,2.6021,2.6,2.5969,2.6108,2.6472,2.7078,2.7919,2.8958,3.0113,3.127,3.2312,3.3159,3.3794,3.4262,3.4652,3.505,3.5498,3.5965,3.6374,3.665,3.6762,3.6725,3.6573,3.6345,3.6071,3.5774,3.5471,3.517,3.4878
2.3132,2.3034,2.2939,2.2851,2.2772,2.2706,2.2661,2.2641,2.2655,2.2709,2.2811,2.2963,2.3169,2.3431,2.3747,2.4111,2.4504,2.4892,2.5237,2.5521,2.5759,2.5929,2.5919,2.589,2.6041,2.6423,2.7059,2.7952,2.9064,3.0307,3.1548,3.2647,3.3503,3.409,3.4461,3.4715,3.4961,3.5263,3.5612,3.5946,3.6194,3.6318,3.6316,3.621,3.6028,3.5798,3.5541,3.5271,3.4998,3.473
2.3025,2.2916,2.2808,2.2704,2.2609,2.2526,2.2461,2.2423,2.242,2.246,2.255,2.2696,2.2899,2.3162,2.3487,2.3871,2.4295,2.4719,2.5088,2.5361,2.5541,2.5657,2.5696,2.5752,2.5958,2.6377,2.7054,2.8003,2.9194,3.0532,3.1866,3.3032,3.3907,3.4454,3.4731,3.4855,3.4953,3.5108,3.5333,3.5581,3.5787,3.5907,3.5926,3.5855,3.5714,3.5523,3.5302,3.5064,3.4819,3.4574
2.2921,2.2799,2.2677,2.2558,2.2444,2.2342,2.2256,2.2197,2.2174,2.2196,2.2273,2.241,2.2608,2.2868,2.3194,2.3591,2.4047,2.4515,2.492,2.5189,2.5295,2.5302,2.5389,2.5574,2.5862,2.6335,2.706,2.8069,2.9339,3.0773,3.2204,3.3443,3.4342,3.4856,3.5047,3.5051,3.501,3.5027,3.513,3.5286,3.5438,3.5538,3.5566,3.5519,3.5409,3.5252,3.5063,3.4854,3.4635,3.4412
2.282,2.2686,2.2549,2.2413,2.228,2.2156,2.2048,2.1964,2.1917,2.1919,2.1981,2.2108,2.2299,2.2551,2.287,2.3271,2.3753,2.4274,2.4738,2.5041,2.5128,2.5081,2.5166,2.5418,2.5776,2.6303,2.7079,2.8146,2.9489,3.101,3.2532,3.384,3.4765,3.5252,3.5369,3.5267,3.5106,3.4999,3.4988,3.5054,3.5145,3.5217,3.524,3.5206,3.5118,3.4988,3.4827,3.4644,3.4449,3.4247
2.2722,2.2576,2.2425,2.2271,2.2118,2.1971,2.1837,2.1725,2.1651,2.1629,2.1674,2.1793,2.1978,2.2219,2.252,2.2909,2.3409,2.3987,2.4535,2.4915,2.5053,2.5027,2.5086,2.5331,2.572,2.6291,2.7111,2.8228,2.9629,3.122,3.2813,3.4176,3.5122,3.5588,3.5648,3.5463,3.5205,3.4997,3.4889,3.4871,3.4902,3.4938,3.4948,3.4918,3.4845,3.4736,3.4597,3.4437,3.4263,3.4081
2.263,2.247,2.2305,2.2134,2.196,2.1789,2.1626,2.1483,2.1377,2.1328,2.1355,2.1467,2.1651,2.1882,2.2155,2.2513,2.3012,2.3644,2.4289,2.4776,2.5005,2.5039,2.5093,2.5311,2.5706,2.6303,2.7157,2.8307,2.9746,3.1376,3.301,3.4404,3.5361,3.5813,3.5836,3.5598,3.5275,3.4993,3.4808,3.4721,3.4696,3.4696,3.4688,3.4655,3.459,3.4495,3.4374,3.4233,3.4078,3.3915
2.2543,2.2372,2.2192,2.2003,2.1809,2.1612,2.1419,2.1242,2.1099,2.1016,2.1022,2.1132,2.1327,2.1556,2.1793,2.2097,2.2569,2.3239,2.398,2.4585,2.4922,2.5037,2.5121,2.5332,2.5728,2.634,2.7212,2.8378,2.9826,3.1461,3.3096,3.4491,3.5446,3.589,3.5901,3.5643,3.5289,3.4963,3.4727,3.4586,3.4515,3.4481,3.4453,3.4414,3.4353,3.4268,3.4161,3.4036,3.3897,3.3749
2.2462,2.228,2.2086,2.1881,2.1666,2.1444,2.1219,2.1005,2.082,2.0697,2.0676,2.0789,2.1013,2.1258,2.1459,2.1688,2.2107,2.2789,2.361,2.4325,2.4775,2.4989,2.5133,2.5366,2.5771,2.6393,2.7271,2.8433,2.9861,3.1464,3.3061,3.4425,3.5364,3.5809,3.5831,3.5585,3.5232,3.4892,3.4628,3.4451,3.4346,3.4284,3.4238,3.4191,3.413,3.4052,3.3955,3.3844,3.3719,3.3586
2.239,2.2197,2.1991,2.1771,2.1536,2.1288,2.1033,2.078,2.0548,2.0375,2.0317,2.0432,2.0709,2.1005,2.118,2.1323,2.1668,2.2337,2.3207,2.4012,2.4569,2.489,2.5116,2.5395,2.5822,2.6452,2.7326,2.8465,2.9848,3.1386,3.2913,3.4218,3.5129,3.5581,3.5634,3.5424,3.51,3.4772,3.4502,3.4308,3.418,3.4097,3.4037,3.3981,3.392,3.3846,3.3759,3.3658,3.3545,3.3424
2.2326,2.2125,2.1907,2.1673,2.1421,2.1151,2.0866,2.0573,2.0292,2.0061,1.995,2.0056,2.0409,2.0805,2.0982,2.1042,2.1307,2.1942,2.2823,2.3683,2.4329,2.4753,2.5069,2.5407,2.5866,2.6506,2.7369,2.8471,2.9789,3.1239,3.2671,3.39,3.4774,3.5234,3.5329,3.5175,3.4899,3.4603,3.4346,3.4149,3.4011,3.3915,3.3844,3.3782,3.372,3.365,3.3569,3.3477,3.3376,3.3266
2.2272,2.2063,2.1836,2.1591,2.1323,2.1034,2.0723,2.0396,2.0067,1.9773,1.9593,1.9667,2.0101,2.0652,2.0872,2.0873,2.1072,2.1656,2.2511,2.3384,2.4089,2.46,2.5,2.5402,2.5897,2.6547,2.7393,2.8449,2.969,3.1039,3.2363,3.3506,3.4337,3.4806,3.4948,3.4857,3.4641,3.439,3.4159,3.3972,3.3833,3.3732,3.3655,3.359,3.3528,3.3461,3.3386,3.3302,3.321,3.311
2.2228,2.2013,2.178,2.1525,2.1247,2.0943,2.0613,2.0258,1.989,1.9539,1.9286,1.9304,1.9793,2.052,2.083,2.0818,2.0977,2.1503,2.2299,2.3146,2.3876,2.4449,2.4921,2.5382,2.5912,2.6571,2.7397,2.8402,2.956,3.0802,3.2016,3.307,3.3856,3.433,3.4517,3.4491,3.434,3.4141,3.3945,3.3777,3.3646,3.3546,3.3469,3.3403,3.3341,3.3277,3.3208,3.3132,3.3048,3.2957
2.2194,2.1976,2.1738,2.1478,2.1193,2.0881,2.0538,2.0167,1.9775,1.9389,1.9086,1.905,1.9546,2.0387,2.0808,2.0845,2.0998,2.1468,2.2187,2.2982,2.3708,2.4318,2.4843,2.5351,2.5912,2.6577,2.7381,2.8332,2.9407,3.0545,3.1651,3.2619,3.3361,3.3837,3.4063,3.4097,3.4009,3.3864,3.3708,3.3566,3.3449,3.3356,3.3282,3.3218,3.3159,3.3099,3.3035,3.2965,3.2889,3.2807
2.2171,2.1951,2.1712,2.145,2.1163,2.0848,2.0503,2.0129,1.9733,1.9343,1.9033,1.8982,1.9449,2.0278,2.0777,2.0908,2.1088,2.1516,2.2158,2.2889,2.359,2.4213,2.4773,2.5317,2.5899,2.6566,2.7345,2.8243,2.9239,3.0279,3.1287,3.2174,3.2872,3.3345,3.3604,3.3691,3.3662,3.3569,3.3454,3.3342,3.3243,3.3161,3.3093,3.3034,3.298,3.2924,3.2866,3.2803,3.2734,3.266
2.2159,2.194,2.1701,2.1441,2.1156,2.0846,2.0507,2.0143,1.9764,1.9399,1.9125,1.9101,1.9519,2.024,2.0752,2.0979,2.1207,2.161,2.2187,2.2853,2.3519,2.4139,2.4716,2.5282,2.5879,2.6542,2.7295,2.8142,2.9063,3.0014,3.0933,3.1748,3.2403,3.2871,3.3154,3.3286,3.3308,3.3264,3.319,3.3108,3.303,3.2962,3.2904,3.2852,3.2802,3.2753,3.27,3.2643,3.2582,3.2515
2.2158,2.1941,2.1706,2.145,2.1173,2.0872,2.0548,2.0206,1.9858,1.954,1.9323,1.9338,1.9699,2.0285,2.0765,2.1058,2.1333,2.1725,2.2251,2.286,2.3487,2.4094,2.4675,2.5252,2.5854,2.6509,2.7234,2.8032,2.8885,2.9757,3.0596,3.1346,3.1962,3.2421,3.2723,3.289,3.2956,3.2956,3.292,3.2868,3.2812,3.276,3.2713,3.2669,3.2627,3.2583,3.2537,3.2487,3.2432,3.2372
2.2168,2.1955,2.1726,2.1478,2.121,2.0924,2.0621,2.0307,2.0001,1.9736,1.9579,1.9622,1.9926,2.0394,2.0825,2.115,2.146,2.1848,2.2337,2.2898,2.3487,2.4073,2.465,2.5227,2.5827,2.6469,2.7166,2.7918,2.871,2.9511,3.028,3.0973,3.1553,3.2,3.2314,3.251,3.2613,3.2651,3.2648,3.2625,3.2592,3.2557,3.2522,3.2487,3.2453,3.2416,3.2377,3.2333,3.2285,3.2232
2.2187,2.1981,2.1759,2.1521,2.1267,2.0998,2.0719,2.0439,2.0176,1.9963,1.9855,1.9915,2.0168,2.0546,2.0927,2.126,2.1589,2.1974,2.2434,2.2957,2.3511,2.4075,2.4639,2.5209,2.58,2.6426,2.7093,2.7802,2.8539,2.9278,2.9987,3.0629,3.1176,3.1611,3.1931,3.2148,3.2281,3.2351,3.2379,3.2382,3.2371,3.2352,3.233,3.2306,3.228,3.2251,3.2219,3.2182,3.2141,3.2094
2.2216,2.2017,2.1804,2.1578,2.1339,2.1091,2.0839,2.0592,2.037,2.0203,2.0132,2.0198,2.0411,2.0723,2.1061,2.1388,2.1723,2.2102,2.254,2.303,2.3553,2.4093,2.4641,2.5199,2.5776,2.6382,2.702,2.7689,2.8376,2.9061,2.9716,3.0313,3.083,3.1251,3.1575,3.1807,3.1964,3.2061,3.2115,3.2142,3.2151,3.2149,3.214,3.2127,3.211,3.2089,3.2063,3.2033,3.1998,3.1959
2.2254,2.2062,2.186,2.1647,2.1426,2.1198,2.0972,2.0758,2.0573,2.0443,2.0399,2.0467,2.0649,2.0914,2.1216,2.153,2.1863,2.2232,2.2651,2.3114,2.3609,2.4124,2.4653,2.5195,2.5756,2.6339,2.6948,2.7579,2.8222,2.8858,2.9467,3.0025,3.0514,3.0921,3.1244,3.1488,3.1662,3.1782,3.1859,3.1907,3.1934,3.1948,3.1952,3.1949,3.1941,3.1928,3.191,3.1887,3.1858,3.1825
2.2299,2.2117,2.1926,2.1727,2.1522,2.1317,2.1116,2.0932,2.0779,2.0679,2.0654,2.0721,2.0881,2.1112,2.1385,2.1683,2.2007,2.2365,2.2765,2.3204,2.3674,2.4166,2.4674,2.5198,2.5739,2.6299,2.688,2.7475,2.8078,2.8671,2.9239,2.9762,3.0225,3.0619,3.0939,3.119,3.1378,3.1515,3.1611,3.1677,3.1721,3.175,3.1766,3.1774,3.1775,3.177,3.1759,3.1743,3.1721,3.1694
2.2351,2.2179,2.1999,2.1815,2.1628,2.1442,2.1266,2.1108,2.0983,2.0906,2.0896,2.0962,2.1105,2.1311,2.1561,2.1843,2.2155,2.25,2.2882,2.3299,2.3746,2.4215,2.4703,2.5206,2.5726,2.6263,2.6815,2.7378,2.7943,2.8499,2.903,2.9522,2.9962,3.0341,3.0658,3.0912,3.1111,3.1262,3.1374,3.1455,3.1514,3.1556,3.1584,3.1602,3.1612,3.1615,3.1611,3.1601,3.1586,3.1565
2.2409,2.2247,2.2079,2.1909,2.1739,2.1573,2.1419,2.1284,2.1182,2.1125,2.1126,2.1192,2.1322,2.1509,2.174,2.2007,2.2305,2.2636,2.3001,2.3398,2.3823,2.427,2.4737,2.522,2.5718,2.623,2.6755,2.7287,2.7819,2.8341,2.8839,2.9303,2.9721,3.0088,3.0398,3.0654,3.086,3.1022,3.1147,3.1242,3.1313,3.1367,3.1406,3.1434,3.1452,3.1463,3.1466,3.1463,3.1453,3.1438
2.2472,2.232,2.2165,2.2008,2.1854,2.1707,2.1572,2.1459,2.1376,2.1335,2.1344,2.141,2.1532,2.1704,2.1919,2.2171,2.2455,2.2772,2.312,2.3498,2.3903,2.433,2.4775,2.5237,2.5713,2.6202,2.6701,2.7204,2.7705,2.8196,2.8665,2.9104,2.9502,2.9855,3.0159,3.0415,3.0625,3.0795,3.093,3.1037,3.112,3.1184,3.1233,3.1269,3.1296,3.1314,3.1324,3.1326,3.1323,3.1314
2.254,2.2398,2.2254,2.2111,2.1973,2.1842,2.1725,2.163,2.1563,2.1535,2.1551,2.1617,2.1733,2.1894,2.2096,2.2334,2.2605,2.2907,2.3239,2.3599,2.3985,2.4392,2.4817,2.5258,2.5713,2.6178,2.6651,2.7128,2.7601,2.8063,2.8506,2.8922,2.9302,2.9642,2.9939,3.0193,3.0406,3.0582,3.0725,3.084,3.0933,3.1007,3.1064,3.1109,3.1143,3.1168,3.1184,3.1193,3.1196,3.1192
2.2611,2.2479,2.2347,2.2217,2.2092,2.1977,2.1876,2.1796,2.1744,2.1727,2.1749,2.1816,2.1926,2.2079,2.227,2.2495,2.2753,2.3041,2.3358,2.3701,2.4068,2.4455,2.4861,2.5282,2.5715,2.6158,2.6607,2.7059,2.7506,2.7943,2.8362,2.8756,2.9119,2.9446,2.9736,2.9987,3.0201,3.0381,3.053,3.0653,3.0754,3.0836,3.0901,3.0954,3.0995,3.1026,3.1048,3.1063,3.1071,3.1073
