docs/data/wind_grid.json
[{"header":{"la1":42.85,"la2":41.18,"lo1":11.55,"lo2":14.05,"nx":36,"ny":24,"dx":0.07143,"dy":0.07261,"parameterCategory":2,"parameterNumber":2,"parameterNumberName":"eastward_wind","parameterUnit":"m.s-1"},"data":[1.4691,1.4802,1.4929,1.5068,1.5207,1.5325,1.5391,1.5373,1.5245,1.5003,1.4669,1.4278,1.3869,1.347,1.3102,1.2775,1.2499,1.2283,1.2134,1.2051,1.2028,1.2053,1.2115,1.2203,1.2305,1.2412,1.2515,1.2609,1.2691,1.2763,1.2825,1.2878,1.2923,1.2963,1.2998,1.303,1.4719,1.4859,1.503,1.5233,1.5456,1.5673,1.5837,1.5882,1.5755,1.5445,1.4991,1.4464,1.3926,1.3417,1.2957,1.2555,1.2219,1.1959,1.1791,1.1718,1.1725,1.1787,1.1887,1.2016,1.2159,1.2301,1.2431,1.2544,1.264,1.272,1.2788,1.2844,1.2892,1.2933,1.2969,1.3001,1.472,1.4887,1.5106,1.5387,1.573,1.611,1.6455,1.664,1.6536,1.6109,1.5452,1.471,1.3987,1.3335,1.2764,1.2272,1.1855,1.153,1.1337,1.1296,1.137,1.1491,1.1637,1.1817,1.2013,1.2199,1.2359,1.2491,1.2598,1.2685,1.2755,1.2813,1.2862,1.2903,1.2939,1.2971,1.4679,1.4867,1.5129,1.5496,1.5997,1.6634,1.7323,1.7823,1.7801,1.7144,1.6106,1.5012,1.4032,1.3202,1.2506,1.1909,1.1382,1.094,1.0687,1.0733,1.098,1.1199,1.138,1.162,1.1886,1.2121,1.2309,1.2455,1.2568,1.2657,1.2728,1.2785,1.2833,1.2873,1.2908,1.2939,1.4587,1.4778,1.5063,1.55,1.6174,1.718,1.8507,1.9755,1.9989,1.8787,1.6976,1.5324,1.4008,1.2977,1.2155,1.146,1.0793,1.0103,0.9626,0.9854,1.0599,1.1015,1.1154,1.1466,1.1813,1.2088,1.2291,1.2439,1.2551,1.2636,1.2704,1.2758,1.2803,1.2841,1.2874,1.2904,1.4435,1.4609,1.4881,1.5327,1.6118,1.7531,1.9856,2.2785,2.3776,2.1156,1.7883,1.5497,1.3827,1.2594,1.1659,1.0918,1.0153,0.9023,0.7714,0.813,1.0141,1.0994,1.1075,1.1468,1.1851,1.2123,1.2311,1.2444,1.2543,1.2619,1.268,1.2729,1.277,1.2805,1.2836,1.2864,1.4226,1.4374,1.4609,1.4967,1.5692,1.7288,2.0401,2.5433,2.7756,2.2849,1.8145,1.5303,1.3397,1.1957,1.0886,1.0194,0.9614,0.8333,0.5726,0.6121,0.9826,1.1178,1.1447,1.1758,1.203,1.2224,1.2359,1.2459,1.2536,1.2599,1.2651,1.2694,1.2731,1.2762,1.279,1.2817,1.3957,1.4103,1.4407,1.4673,1.4998,1.6299,1.8954,2.2795,2.4381,2.0824,1.7214,1.4706,1.272,1.0945,0.9488,0.8862,0.9015,0.8843,0.7773,0.8679,1.1706,1.2526,1.2311,1.2239,1.2282,1.2346,1.2405,1.2461,1.2514,1.2565,1.261,1.2648,1.2681,1.2709,1.2734,1.2759,1.3594,1.3711,1.4346,1.5034,1.4346,1.5012,1.6841,1.8591,1.9097,1.7975,1.6108,1.4074,1.1983,0.9525,0.6662,0.5651,0.7553,0.9326,1.0262,1.188,1.4529,1.4256,1.3097,1.2641,1.248,1.2415,1.2398,1.2416,1.2456,1.2504,1.2549,1.2586,1.2616,1.2641,1.2664,1.2688,1.3109,1.2867,1.2961,1.3154,1.2134,1.3524,1.5579,1.7047,1.7956,1.7797,1.5973,1.3755,1.1538,0.8358,0.1527,-0.2077,0.5268,0.9458,1.1255,1.2596,1.4001,1.3967,1.3242,1.2792,1.2515,1.234,1.2265,1.2277,1.2336,1.2404,1.2461,1.2503,1.2531,1.2553,1.2573,1.2597,1.2645,1.1783,0.9955,0.6075,0.6902,1.2112,1.5297,1.7021,1.9212,2.0301,1.6425,1.3583,1.1533,0.9218,0.286,-0.2059,0.6423,1.0557,1.2132,1.2838,1.3289,1.3371,1.3113,1.2717,1.2292,1.1984,1.19,1.199,1.2135,1.2261,1.2346,1.2395,1.2421,1.2438,1.2456,1.2481,1.2477,1.1437,0.9396,0.6283,0.7328,1.2594,1.6013,1.757,1.8061,1.8439,1.5557,1.3211,1.1467,0.9716,1.0362,0.926,1.0803,1.2867,1.3632,1.3538,1.3509,1.3423,1.31,1.2462,1.1627,1.1074,1.1134,1.1509,1.186,1.2088,1.2209,1.2261,1.2278,1.2287,1.2301,1.233,1.2673,1.195,1.094,1.0196,1.1325,1.4104,1.6648,1.9573,1.6683,1.5877,1.431,1.2815,1.1841,1.1067,1.3445,1.286,1.3266,1.5181,1.5344,1.4276,1.4035,1.3817,1.3246,1.2044,1.0227,0.917,0.9855,1.0906,1.1583,1.1923,1.2061,1.2095,1.2088,1.2079,1.2092,1.213,1.3052,1.27,1.2401,1.2482,1.3314,1.4696,1.5929,1.6016,1.5742,1.4959,1.3779,1.2516,1.2098,1.1404,1.3425,1.546,1.4109,1.4217,1.4775,1.4643,1.4712,1.4501,1.3685,1.1874,0.876,0.7004,0.8773,1.0564,1.1458,1.1815,1.1905,1.1876,1.1818,1.1786,1.1802,1.1865,1.3434,1.331,1.3296,1.3516,1.4034,1.4715,1.5264,1.5405,1.5096,1.4481,1.385,1.3171,1.2782,1.3033,1.3767,1.5582,0.7963,1.2364,1.4365,1.5315,1.5851,1.5647,1.4596,1.2693,0.9899,0.8325,0.9555,1.0932,1.1587,1.177,1.171,1.1554,1.1411,1.1352,1.1393,1.1512,1.3744,1.3727,1.3794,1.3984,1.4288,1.4623,1.4856,1.4872,1.4656,1.439,1.4549,1.332,1.3128,1.3143,1.3487,1.2363,0.9463,1.3053,1.5493,1.6653,1.7482,1.7112,1.5724,1.4063,1.234,1.1318,1.138,1.1725,1.1844,1.1709,1.1399,1.1033,1.0763,1.0694,1.0817,1.1052,1.3975,1.3999,1.4077,1.4214,1.4391,1.456,1.4656,1.4633,1.4503,1.4384,1.4484,1.3769,1.259,1.2298,1.4076,1.4541,1.4786,1.6698,1.8501,1.8321,1.7923,1.7607,1.6477,1.5099,1.3853,1.3033,1.2624,1.2347,1.201,1.1528,1.0871,1.0164,0.9707,0.9699,1.0031,1.0486,1.4144,1.4181,1.425,1.4346,1.4454,1.4546,1.4592,1.4573,1.4495,1.4388,1.4237,1.3848,1.2784,1.2953,1.6593,1.8336,1.8354,2.0749,2.3303,2.1066,1.9284,1.8188,1.7059,1.572,1.4482,1.3678,1.3194,1.2627,1.1977,1.1186,1.0081,0.8794,0.8056,0.8299,0.9071,0.9876,1.4271,1.4311,1.4369,1.444,1.4514,1.4576,1.4611,1.4613,1.4587,1.4548,1.4508,1.4502,1.4765,1.6628,2.2616,2.5051,2.1014,2.1978,2.389,2.4637,2.2039,1.962,1.7866,1.6168,1.4577,1.3817,1.3613,1.2602,1.1688,1.0755,0.9221,0.7109,0.6013,0.68,0.82,0.9389,1.4372,1.4412,1.4463,1.4521,1.4581,1.4636,1.4679,1.4712,1.4746,1.4801,1.4926,1.5237,1.6054,1.8168,2.2344,2.3819,2.1608,2.28,2.8302,3.0904,2.4543,2.107,1.899,1.6793,1.4505,1.3559,1.344,1.1587,1.0949,1.0367,0.8888,0.6436,0.517,0.6257,0.792,0.9239,1.4454,1.4495,1.4543,1.4597,1.4655,1.4713,1.4773,1.4839,1.4925,1.506,1.5295,1.5733,1.6552,1.7961,1.9723,2.0639,2.0904,2.2458,2.5767,2.6881,2.4162,2.2537,2.1178,1.8263,1.4537,1.1093,0.7645,0.8265,0.9835,1.0133,0.9343,0.7702,0.6698,0.727,0.8446,0.9507,1.4525,1.4567,1.4615,1.467,1.4731,1.4798,1.4874,1.4967,1.5093,1.5275,1.5555,1.5993,1.6657,1.7559,1.8535,1.9329,2.0083,2.1249,2.2691,2.344,2.3894,2.5932,2.625,2.1325,1.5324,0.9548,0.4525,0.6704,0.9516,1.0147,0.9981,0.9278,0.87,0.8803,0.9372,1.004,1.4587,1.4631,1.4681,1.4739,1.4804,1.488,1.497,1.5083,1.5231,1.5433,1.5717,1.611,1.6635,1.7275,1.7964,1.8644,1.9366,2.0225,2.118,2.225,2.4382,2.8975,3.0438,2.3819,1.6807,1.1592,0.8692,0.9217,1.0091,1.0245,1.0388,1.0236,1.0005,1.0,1.0249,1.0627,1.4643,1.4688,1.4741,1.4802,1.4872,1.4955,1.5055,1.5178,1.5336,1.554,1.5807,1.615,1.6574,1.7068,1.7607,1.8174,1.8786,1.9475,2.0284,2.1403,2.3353,2.6159,2.6579,2.2464,1.742,1.3563,1.1328,1.0515,1.0208,1.0355,1.068,1.0796,1.078,1.0803,1.0936,1.1156]},{"header":{"la1":42.85,"la2":41.18,"lo1":11.55,"lo2":14.05,"nx":36,"ny":24,"dx":0.07143,"dy":0.07261,"parameterCategory":2,"parameterNumber":3,"parameterNumberName":"northward_wind","parameterUnit":"m.s-1"},"data":[0.4004,0.4172,0.4359,0.4562,0.4776,0.4985,0.5167,0.5295,0.5351,0.5334,0.5261,0.5158,0.5049,0.4946,0.4851,0.476,0.4664,0.4551,0.4412,0.4243,0.4052,0.3854,0.366,0.3476,0.3296,0.3117,0.2939,0.2762,0.2588,0.2418,0.2256,0.21,0.1953,0.1815,0.1687,0.1568,0.4029,0.4222,0.4444,0.4699,0.4982,0.5276,0.5544,0.5736,0.5807,0.5755,0.5617,0.5448,0.5289,0.5157,0.5052,0.4963,0.4875,0.4765,0.4612,0.4403,0.4156,0.3907,0.3684,0.3486,0.3298,0.3109,0.2918,0.2728,0.254,0.2359,0.2185,0.2019,0.1864,0.1719,0.1585,0.1462,0.4034,0.4251,0.4512,0.4827,0.5204,0.5633,0.6058,0.6374,0.6475,0.6343,0.6072,0.5783,0.5547,0.538,0.5269,0.5194,0.5131,0.5046,0.4885,0.461,0.4251,0.3909,0.3653,0.346,0.3277,0.3084,0.2881,0.2677,0.2476,0.2281,0.2096,0.1921,0.1758,0.1606,0.1467,0.134,0.4014,0.4253,0.4548,0.4923,0.5419,0.6056,0.6778,0.7371,0.7542,0.722,0.6663,0.6157,0.5809,0.5606,0.5499,0.5454,0.5451,0.5445,0.5319,0.4929,0.4317,0.3778,0.3514,0.3383,0.323,0.3037,0.2823,0.2605,0.239,0.2183,0.1987,0.1803,0.1631,0.1473,0.1329,0.1199,0.3969,0.4228,0.4544,0.4959,0.5567,0.6495,0.7775,0.9041,0.9419,0.859,0.7398,0.6524,0.6044,0.5823,0.574,0.5743,0.5841,0.6039,0.6121,0.5576,0.4369,0.3386,0.3227,0.3265,0.3159,0.2964,0.2738,0.2505,0.2278,0.2059,0.1853,0.166,0.1482,0.1318,0.117,0.1037,0.3902,0.419,0.4525,0.4925,0.5551,0.6754,0.8917,1.1766,1.2802,1.0576,0.8104,0.6759,0.6206,0.6033,0.6007,0.6052,0.6251,0.6833,0.7679,0.7104,0.4741,0.3094,0.3059,0.3178,0.3065,0.2855,0.2616,0.2372,0.2134,0.1906,0.1691,0.1491,0.1305,0.1136,0.0985,0.0851,0.3811,0.4181,0.4601,0.4937,0.5325,0.6463,0.9263,1.4218,1.6546,1.1928,0.8154,0.6665,0.6267,0.6269,0.6356,0.6407,0.655,0.7334,0.9332,0.8934,0.5278,0.3542,0.3191,0.3084,0.2917,0.2696,0.245,0.2199,0.1954,0.172,0.1498,0.129,0.1099,0.0925,0.0771,0.0637,0.3655,0.4199,0.5003,0.5461,0.5113,0.5467,0.7518,1.1256,1.2927,0.9501,0.6909,0.6175,0.6274,0.6628,0.6939,0.6976,0.6778,0.6879,0.7619,0.6631,0.3562,0.2641,0.2788,0.2815,0.2689,0.2479,0.2235,0.1985,0.1738,0.1499,0.1271,0.1056,0.0858,0.0679,0.0523,0.039,0.3314,0.3959,0.549,0.6895,0.4956,0.4052,0.4791,0.5829,0.5887,0.5023,0.4889,0.5514,0.6356,0.7223,0.804,0.8191,0.7345,0.6427,0.5593,0.3702,0.0564,0.0877,0.2145,0.2479,0.2414,0.2216,0.1977,0.173,0.1485,0.1243,0.1008,0.0784,0.0577,0.0393,0.0235,0.0105,0.269,0.2879,0.3603,0.4158,0.2144,0.2108,0.2619,0.2316,0.0841,0.0426,0.2721,0.5005,0.6634,0.7979,0.9816,1.0674,0.8283,0.6443,0.5076,0.3379,0.1381,0.1349,0.2072,0.2251,0.2131,0.1915,0.168,0.1443,0.1201,0.0954,0.0707,0.0469,0.025,0.0057,-0.0102,-0.0227,0.1974,0.1361,-0.0242,-0.4035,-0.3472,0.0205,0.1437,0.0741,-0.3161,-0.5347,0.1084,0.5031,0.7257,0.8678,1.0021,1.0862,0.8245,0.6297,0.5001,0.3873,0.2845,0.2359,0.2222,0.205,0.1813,0.1576,0.1358,0.1138,0.0898,0.0637,0.0366,0.0104,-0.0136,-0.034,-0.0501,-0.0617,0.1528,0.0629,-0.1234,-0.4068,-0.3387,0.0033,0.1342,0.1283,-0.079,-0.2205,0.2242,0.576,0.8236,1.0216,1.0021,0.8928,0.7422,0.5571,0.4567,0.3937,0.3166,0.2529,0.208,0.1726,0.1433,0.1219,0.1049,0.0848,0.0591,0.0293,-0.0022,-0.0328,-0.06,-0.082,-0.098,-0.1078,0.1451,0.0776,-0.0206,-0.1035,-0.0513,0.0865,0.1577,0.2028,0.1421,0.1882,0.4043,0.6542,0.8428,1.1177,1.0849,0.9117,0.7471,0.4114,0.3652,0.3658,0.2839,0.2107,0.1616,0.1286,0.1065,0.0959,0.0842,0.0611,0.0289,-0.0085,-0.0477,-0.0852,-0.1174,-0.1415,-0.1566,-0.1632,0.1583,0.12,0.0803,0.0631,0.0917,0.1417,0.1664,0.1507,0.1733,0.2758,0.4417,0.6928,0.8028,1.037,0.9544,1.1148,0.9154,0.5475,0.4054,0.3117,0.1895,0.1129,0.0861,0.0816,0.0882,0.0958,0.0774,0.0409,-0.0032,-0.0525,-0.1037,-0.1518,-0.1912,-0.2175,-0.2299,-0.2305,0.1759,0.1566,0.1417,0.1398,0.1544,0.1753,0.1889,0.1966,0.2205,0.2602,0.3103,0.4364,0.6143,0.6286,0.8574,1.1532,0.7809,0.6121,0.3826,0.17,-0.023,-0.0729,-0.0254,0.0235,0.0621,0.079,0.056,0.0122,-0.0426,-0.1068,-0.1757,-0.2405,-0.2905,-0.3182,-0.3236,-0.3124,0.1904,0.1811,0.1757,0.1772,0.1855,0.1969,0.207,0.215,0.216,0.1726,0.0147,0.1175,0.2776,0.4846,0.6064,0.7055,0.6564,0.4655,0.2181,-0.0611,-0.4098,-0.3533,-0.1547,-0.0491,0.0066,0.0283,0.0171,-0.0229,-0.0881,-0.1735,-0.271,-0.3641,-0.4303,-0.4555,-0.4441,-0.4113,0.2,0.1955,0.1938,0.1957,0.2008,0.2074,0.213,0.2138,0.1998,0.143,0.0273,0.0981,0.0607,0.0297,0.2723,0.3435,0.3155,0.1513,-0.0339,-0.2006,-0.4846,-0.4169,-0.2193,-0.1037,-0.0294,0.0152,0.0167,-0.0342,-0.127,-0.2507,-0.3977,-0.5422,-0.6343,-0.6451,-0.5963,-0.5255,0.2051,0.2028,0.2022,0.2035,0.2063,0.2094,0.2106,0.2069,0.1927,0.163,0.13,0.1056,-0.0143,-0.0691,-0.0989,-0.1589,-0.0689,-0.1643,-0.2794,-0.3008,-0.3464,-0.3217,-0.2351,-0.1335,-0.015,0.1047,0.1265,0.0138,-0.1478,-0.3331,-0.5584,-0.7954,-0.9277,-0.8932,-0.7715,-0.6434,0.2066,0.205,0.2044,0.2047,0.2054,0.2055,0.2036,0.1974,0.1846,0.164,0.1361,0.0918,0.0076,-0.1649,-0.725,-0.9736,-0.3988,-0.322,-0.4163,-0.618,-0.5027,-0.3861,-0.2953,-0.1735,0.0324,0.3404,0.4054,0.1033,-0.1686,-0.4146,-0.7227,-1.0881,-1.2688,-1.1456,-0.9257,-0.7385,0.2052,0.2037,0.2026,0.2016,0.2004,0.1981,0.1935,0.1851,0.1714,0.1504,0.1183,0.0654,-0.0326,-0.2442,-0.6769,-0.8221,-0.4853,-0.4941,-0.9655,-1.2035,-0.7256,-0.5306,-0.4318,-0.2819,-0.0257,0.3654,0.4504,0.0316,-0.2503,-0.4925,-0.8024,-1.2065,-1.4035,-1.2375,-0.9828,-0.7783,0.2018,0.1999,0.1979,0.1957,0.1928,0.1883,0.1815,0.171,0.1553,0.1321,0.0972,0.0426,-0.0462,-0.1887,-0.364,-0.4375,-0.4151,-0.5126,-0.7885,-0.9031,-0.7606,-0.745,-0.7138,-0.5144,-0.2532,-0.0903,-0.1705,-0.2484,-0.4157,-0.5966,-0.7864,-1.0372,-1.1819,-1.096,-0.9186,-0.7549,0.1968,0.1943,0.1915,0.1881,0.1836,0.1774,0.1686,0.1563,0.1389,0.1143,0.0794,0.0296,-0.0405,-0.1311,-0.2246,-0.2923,-0.3483,-0.4459,-0.5857,-0.7018,-0.8597,-1.1971,-1.2905,-0.878,-0.4909,-0.3239,-0.3048,-0.3973,-0.7028,-0.8148,-0.8158,-0.8696,-0.9242,-0.8951,-0.8021,-0.6944,0.1909,0.1877,0.184,0.1794,0.1736,0.1659,0.1557,0.142,0.1236,0.0988,0.0658,0.0221,-0.0333,-0.0985,-0.1664,-0.2316,-0.3017,-0.3923,-0.5106,-0.6755,-0.9933,-1.5636,-1.7316,-1.1381,-0.6614,-0.4692,-0.4689,-0.7563,-1.2378,-1.1479,-0.9201,-0.819,-0.7888,-0.7562,-0.6993,-0.6284,0.1843,0.1805,0.1759,0.1704,0.1634,0.1546,0.1433,0.1287,0.1099,0.0857,0.055,0.0167,-0.0294,-0.082,-0.1392,-0.2005,-0.2703,-0.3567,-0.4711,-0.64,-0.9154,-1.2709,-1.3532,-1.0273,-0.712,-0.583,-0.6448,-0.95,-1.3101,-1.2048,-0.9506,-0.7975,-0.7222,-0.6733,-0.6247,-0.5712]}]