docs/data/wind_grid.json
[{"header":{"la1":42.85,"la2":41.18,"lo1":11.55,"lo2":14.05,"nx":36,"ny":24,"dx":0.07143,"dy":0.07261,"parameterCategory":2,"parameterNumber":2,"parameterNumberName":"eastward_wind","parameterUnit":"m.s-1"},"data":[2.5113,2.4694,2.4208,2.3663,2.3086,2.2525,2.2051,2.1736,2.163,2.1732,2.1985,2.2309,2.2638,2.2935,2.3189,2.3408,2.3596,2.3751,2.3864,2.3924,2.393,2.3888,2.3813,2.3719,2.3619,2.3521,2.343,2.3351,2.3283,2.3228,2.3185,2.3154,2.3134,2.3123,2.3121,2.3127,2.5182,2.4692,2.4094,2.3389,2.2599,2.1789,2.1074,2.0598,2.0476,2.0708,2.1178,2.1726,2.2232,2.2651,2.2991,2.328,2.3539,2.3765,2.3932,2.4015,2.401,2.3932,2.3812,2.3674,2.3536,2.3408,2.3295,2.32,2.3123,2.3062,2.3018,2.2988,2.297,2.2964,2.2967,2.2978,2.5323,2.4763,2.4042,2.3133,2.2038,2.0825,1.967,1.887,1.8701,1.9196,2.0082,2.1013,2.1779,2.2346,2.2774,2.3145,2.3508,2.3854,2.4119,2.4235,2.4192,2.4038,2.3836,2.3629,2.3438,2.3271,2.3132,2.302,2.2933,2.2869,2.2825,2.2798,2.2786,2.2786,2.2796,2.2814,2.5564,2.4953,2.4114,2.2974,2.1471,1.9616,1.7635,1.6114,1.5805,1.687,1.8601,2.0193,2.1319,2.203,2.2519,2.2972,2.35,2.4079,2.4541,2.4699,2.4546,2.4227,2.3881,2.357,2.3309,2.3096,2.2927,2.2798,2.2704,2.264,2.26,2.2581,2.2577,2.2586,2.2606,2.2633,2.5934,2.5316,2.4403,2.3055,2.1082,1.83,1.4795,1.1581,1.0805,1.3232,1.6731,1.9406,2.0942,2.171,2.2163,2.2674,2.347,2.4528,2.5431,2.5622,2.5152,2.4493,2.3916,2.3467,2.3124,2.2861,2.2664,2.2522,2.2425,2.2367,2.2338,2.2331,2.2341,2.2363,2.2395,2.2434,2.6455,2.59,2.5013,2.358,2.1242,1.7441,1.1586,0.4636,0.2359,0.8112,1.4974,1.903,2.0799,2.1361,2.1558,2.2033,2.3218,2.5193,2.7078,2.7203,2.5955,2.4721,2.3856,2.3267,2.2847,2.254,2.232,2.2171,2.2083,2.204,2.2031,2.2044,2.2074,2.2113,2.2161,2.2215,2.7123,2.6723,2.6012,2.4732,2.242,1.8206,1.0559,-0.1105,-0.6184,0.4794,1.505,1.966,2.1014,2.0862,2.0382,2.0594,2.2178,2.5295,2.8599,2.8531,2.6311,2.4605,2.3572,2.2906,2.2436,2.2096,2.1863,2.1722,2.1657,2.1647,2.1672,2.1717,2.1773,2.1835,2.1902,2.1973,2.7901,2.7745,2.7369,2.6525,2.4773,2.1396,1.5239,0.5952,0.2174,1.1032,1.8664,2.1548,2.1566,1.9952,1.7946,1.7451,1.9458,2.3111,2.6527,2.6859,2.5236,2.3876,2.2981,2.2341,2.1849,2.1485,2.1251,2.1141,2.1128,2.1177,2.1257,2.1348,2.1439,2.1528,2.1616,2.1706,2.871,2.8851,2.8919,2.8694,2.7778,2.5872,2.3004,1.9998,1.9599,2.2209,2.4098,2.4152,2.2407,1.8453,1.274,1.0522,1.4542,1.9348,2.244,2.3526,2.3312,2.2747,2.2153,2.1569,2.1038,2.0635,2.0416,2.0379,2.0469,2.062,2.0784,2.0936,2.107,2.1189,2.1299,2.1409,2.9445,2.9855,3.0353,3.0735,3.0487,2.969,2.9066,2.9024,3.0034,3.046,2.8823,2.6807,2.3957,1.7746,0.3312,-0.3923,0.8873,1.667,1.9896,2.127,2.1729,2.1652,2.1229,2.059,1.991,1.9413,1.9241,1.9367,1.9654,1.9976,2.0261,2.049,2.067,2.0816,2.0947,2.1077,3.001,3.0565,3.1268,3.1902,3.1899,3.2068,3.3084,3.3925,3.4768,3.5339,3.1839,2.9127,2.6774,2.2318,0.7048,-0.3789,1.0378,1.6668,1.8748,1.9966,2.0676,2.0771,2.0288,1.9347,1.8261,1.7546,1.7524,1.8023,1.8682,1.927,1.9713,2.0023,2.0238,2.0403,2.0549,2.0698,3.0378,3.0935,3.1553,3.1993,3.2233,3.3739,3.6493,3.8376,3.6623,3.5051,3.2798,3.1087,2.9889,2.9722,2.5613,1.8475,1.7599,1.6913,1.6979,1.8795,1.9963,2.0108,1.9355,1.7737,1.5695,1.4511,1.4973,1.6316,1.7624,1.8575,1.9184,1.9548,1.9771,1.9932,2.0083,2.0252,3.0592,3.1107,3.1653,3.2185,3.3048,3.5145,3.8606,4.1897,3.967,3.5502,3.3546,3.3761,3.2602,3.1383,2.9995,2.5193,2.069,1.3535,1.334,1.7941,1.9606,1.9635,1.8522,1.5866,1.1866,0.9717,1.1553,1.4524,1.6721,1.8029,1.8728,1.9071,1.924,1.9363,1.9509,1.9708,3.0706,3.1195,3.1753,3.2445,3.3519,3.5328,3.7856,4.0122,3.8815,3.524,3.3974,3.6825,3.7196,2.79,2.902,2.6427,2.3059,1.7718,1.6535,1.8951,1.9501,1.914,1.801,1.4745,0.8567,0.5161,0.9017,1.3626,1.6395,1.7784,1.8373,1.8548,1.8571,1.8615,1.8761,1.9019,3.0745,3.1207,3.1752,3.2432,3.3349,3.4559,3.5871,3.6573,3.5691,3.4112,3.3469,3.359,3.2397,3.1741,2.9394,2.621,2.4133,2.3096,2.1419,2.0096,1.8209,1.7732,1.7801,1.5711,1.0807,0.7872,1.0881,1.4692,1.692,1.7871,1.805,1.785,1.7604,1.7541,1.7731,1.8125,3.0719,3.114,3.1625,3.2196,3.2865,3.3585,3.4177,3.4326,3.3899,3.3433,3.3648,3.3008,3.2473,3.1438,2.9919,2.7098,2.508,2.5032,2.3597,1.9621,1.3172,1.4258,1.7609,1.7781,1.5915,1.4628,1.5524,1.7083,1.8008,1.8111,1.7559,1.6709,1.6042,1.5897,1.6276,1.6966,3.0641,3.1008,3.1416,3.1863,3.2331,3.2765,3.3067,3.3142,3.304,3.306,3.344,3.3022,3.2996,3.2977,3.1191,2.9484,2.7999,2.7297,2.6234,2.1484,1.2686,1.4258,1.8641,1.9835,1.9507,1.9131,1.9192,1.9333,1.9121,1.8248,1.6623,1.4683,1.3387,1.3344,1.4262,1.5539,3.0525,3.0839,3.1173,3.1517,3.1852,3.2141,3.2341,3.2435,3.2472,3.255,3.2646,3.2652,3.3105,3.3273,3.3095,3.2735,3.0574,2.9411,2.9669,2.6777,2.2056,2.0653,2.1549,2.1913,2.1689,2.145,2.1275,2.0888,2.0026,1.8222,1.5072,1.1247,0.904,0.9654,1.1773,1.401,3.0388,3.0653,3.0925,3.1194,3.1446,3.1659,3.1819,3.1925,3.2002,3.2081,3.2168,3.2304,3.2642,3.3503,3.694,3.8408,3.2979,3.0553,3.0484,3.0771,2.7962,2.555,2.4522,2.3784,2.2899,2.2161,2.1974,2.1774,2.0818,1.8356,1.3406,0.6755,0.3454,0.5625,0.9527,1.2839,3.0239,3.0463,3.0686,3.0902,3.11,3.1271,3.1407,3.1512,3.1599,3.1686,3.1795,3.1986,3.2417,3.3584,3.6355,3.7106,3.3407,3.1802,3.4004,3.5399,3.1089,2.847,2.7025,2.5534,2.3799,2.2342,2.2065,2.2312,2.1748,1.9321,1.3532,0.5055,0.1072,0.4221,0.8956,1.2653,3.0087,3.0276,3.0462,3.0639,3.08,3.0941,3.106,3.1158,3.1245,3.1335,3.1451,3.1644,3.2013,3.2713,3.3619,3.3607,3.2425,3.1898,3.2924,3.3281,3.1643,3.0837,3.003,2.7829,2.5171,2.3298,2.2502,2.282,2.3196,2.1661,1.6876,0.9838,0.5977,0.749,1.0802,1.3715,2.9935,3.0096,3.0252,3.0399,3.0534,3.0653,3.0755,3.0844,3.0925,3.1008,3.1111,3.1261,3.1493,3.1807,3.2057,3.196,3.1563,3.1373,3.1607,3.1846,3.2465,3.4619,3.507,3.1123,2.6845,2.3922,2.2126,2.3398,2.6078,2.5593,2.1787,1.6679,1.3228,1.2753,1.3991,1.5602,2.9785,2.9923,3.0055,3.018,3.0293,3.0394,3.0481,3.0558,3.0628,3.0697,3.0776,3.0874,3.0995,3.1117,3.1172,3.1094,3.0938,3.0881,3.1059,3.1657,3.3494,3.7441,3.8643,3.3474,2.8425,2.5523,2.4633,2.7119,3.1555,3.0218,2.5865,2.1546,1.8482,1.7131,1.7074,1.7646,2.964,2.9758,2.9871,2.9976,3.0072,3.0157,3.0231,3.0295,3.0352,3.0404,3.0457,3.0512,3.0565,3.0601,3.0595,3.0539,3.0474,3.0492,3.0719,3.139,3.2945,3.5272,3.5665,3.2569,2.907,2.7014,2.6839,2.9172,3.2301,3.1066,2.7424,2.401,2.1499,2.0031,1.9442,1.9423]},{"header":{"la1":42.85,"la2":41.18,"lo1":11.55,"lo2":14.05,"nx":36,"ny":24,"dx":0.07143,"dy":0.07261,"parameterCategory":2,"parameterNumber":3,"parameterNumberName":"northward_wind","parameterUnit":"m.s-1"},"data":[0.9412,0.9217,0.8979,0.8703,0.84,0.8094,0.7815,0.7596,0.7454,0.7379,0.7333,0.7269,0.7141,0.6925,0.6617,0.6233,0.5812,0.5408,0.5084,0.4884,0.4822,0.487,0.4985,0.5122,0.525,0.5353,0.5425,0.547,0.549,0.5494,0.5486,0.5471,0.5452,0.5433,0.5414,0.5399,0.9541,0.9315,0.9027,0.8675,0.8272,0.7847,0.7457,0.7166,0.7022,0.7015,0.7072,0.7098,0.7017,0.679,0.641,0.5899,0.5309,0.4733,0.4284,0.4053,0.4057,0.4232,0.4488,0.4746,0.4964,0.5127,0.5236,0.53,0.5331,0.5339,0.5333,0.5318,0.53,0.5281,0.5265,0.5251,0.9711,0.9457,0.9112,0.8662,0.8111,0.7491,0.689,0.645,0.6296,0.6429,0.6694,0.6898,0.6909,0.6678,0.62,0.5498,0.4636,0.3754,0.3079,0.2811,0.297,0.3396,0.3893,0.4334,0.4672,0.4904,0.5049,0.513,0.5167,0.5176,0.5168,0.5153,0.5134,0.5116,0.5102,0.5091,0.9939,0.9668,0.9268,0.8704,0.7948,0.7011,0.6006,0.5222,0.5018,0.5453,0.615,0.6683,0.685,0.6621,0.6016,0.5046,0.3745,0.2299,0.1173,0.0869,0.14,0.2323,0.3224,0.3923,0.4402,0.4703,0.4875,0.4962,0.4996,0.5001,0.4989,0.4971,0.4952,0.4935,0.4923,0.4916,1.0246,0.998,0.9548,0.8877,0.7878,0.647,0.4707,0.3095,0.2683,0.3822,0.5427,0.6521,0.6897,0.6658,0.59,0.4606,0.2663,0.0164,-0.195,-0.2248,-0.0805,0.107,0.2579,0.3587,0.4199,0.4542,0.4717,0.4794,0.4815,0.4809,0.479,0.4769,0.4749,0.4734,0.4725,0.4723,1.0646,1.0429,1.0017,0.9295,0.8091,0.6148,0.3197,-0.0275,-0.1414,0.142,0.4753,0.6593,0.7131,0.6809,0.5877,0.4311,0.1685,-0.2497,-0.6725,-0.6835,-0.3387,-0.0014,0.2184,0.344,0.4108,0.4435,0.4574,0.4615,0.4611,0.4589,0.4563,0.4539,0.452,0.4509,0.4506,0.4511,1.1147,1.1042,1.0738,1.0084,0.8849,0.6639,0.2744,-0.3107,-0.5647,-0.0148,0.498,0.7199,0.7618,0.7014,0.5834,0.4224,0.1526,-0.3825,-1.0606,-1.0353,-0.4614,-0.013,0.2347,0.3583,0.4148,0.4367,0.442,0.4404,0.4366,0.4328,0.4296,0.4274,0.4261,0.4257,0.4262,0.4277,1.1735,1.1822,1.1748,1.1321,1.0291,0.8379,0.514,0.0446,-0.1435,0.3077,0.701,0.8491,0.8347,0.7075,0.526,0.3783,0.2342,-0.1144,-0.6339,-0.6474,-0.2146,0.1335,0.3185,0.4,0.4268,0.4282,0.4206,0.4119,0.4052,0.4007,0.398,0.3967,0.3965,0.3973,0.399,0.4018,1.2365,1.273,1.3041,1.3024,1.2294,1.0841,0.9054,0.7479,0.7387,0.8874,1.0023,1.0232,0.9329,0.6806,0.2839,0.0932,0.242,0.2909,0.1563,0.1183,0.2467,0.3763,0.4401,0.4505,0.4327,0.4068,0.3847,0.3705,0.3633,0.3606,0.3603,0.3612,0.3629,0.3654,0.3688,0.3732,1.294,1.3632,1.4506,1.5185,1.4652,1.3069,1.1946,1.1824,1.2733,1.329,1.2694,1.2092,1.0923,0.7121,-0.2935,-0.8073,0.0971,0.6096,0.7286,0.6993,0.6527,0.6067,0.5495,0.4807,0.4112,0.3557,0.3224,0.3092,0.3078,0.3114,0.3161,0.3207,0.3251,0.3298,0.3352,0.3416,1.3327,1.425,1.5634,1.721,1.6814,1.4436,1.3355,1.3606,1.5336,1.6262,1.4402,1.385,1.3643,1.1495,0.0413,-0.7596,0.4098,1.0977,1.2969,1.1747,0.9646,0.774,0.61,0.4621,0.3358,0.2516,0.2189,0.2215,0.2373,0.2533,0.2659,0.2754,0.283,0.2901,0.2979,0.3067,1.3432,1.4318,1.5593,1.6974,1.6565,1.4529,1.3727,1.3797,1.4665,1.5438,1.4894,1.5327,1.6689,1.9058,1.5592,1.0122,1.2939,2.0404,2.1921,1.669,1.1907,0.8574,0.6026,0.3755,0.1769,0.0639,0.0594,0.1069,0.1552,0.1896,0.2116,0.226,0.2365,0.2461,0.2563,0.2681,1.3294,1.3943,1.4687,1.5206,1.487,1.4051,1.3708,1.3652,1.384,1.4463,1.5241,1.6643,1.7689,2.0992,1.9364,1.5228,1.8041,3.3268,3.3402,1.9975,1.2473,0.8276,0.5279,0.2313,-0.0755,-0.226,-0.1474,-0.0167,0.074,0.1262,0.1556,0.173,0.1853,0.1967,0.2096,0.225,1.3043,1.3468,1.3855,1.405,1.3946,1.3736,1.367,1.369,1.3838,1.4425,1.5479,1.789,1.8371,1.3971,1.5776,1.4053,1.4979,2.4546,2.5876,1.666,1.0159,0.655,0.4098,0.1105,-0.2888,-0.4784,-0.2977,-0.1004,0.011,0.0687,0.0989,0.1157,0.1276,0.1402,0.1564,0.1765,1.2781,1.3071,1.3312,1.3455,1.3499,1.352,1.3594,1.3724,1.398,1.4495,1.5166,1.5914,1.5851,1.612,1.4253,1.0404,0.6563,1.2338,1.3896,0.9865,0.4962,0.3118,0.2638,0.0931,-0.2031,-0.361,-0.2504,-0.1146,-0.0319,0.0146,0.0391,0.0512,0.0601,0.0734,0.0943,0.1217,1.2543,1.2763,1.2951,1.3095,1.3205,1.3316,1.3459,1.3663,1.3992,1.4518,1.5057,1.5739,1.529,1.4603,1.3186,1.0055,0.7588,0.9436,0.894,0.4489,-0.269,-0.1799,0.1099,0.1031,-0.0455,-0.157,-0.168,-0.13,-0.0828,-0.0459,-0.0282,-0.0253,-0.0231,-0.0087,0.0207,0.0599,1.2331,1.2513,1.2677,1.2822,1.2956,1.3098,1.3268,1.3494,1.3822,1.4305,1.4832,1.4844,1.3891,1.3188,1.2188,1.0553,0.935,0.8483,0.7127,0.3608,-0.3703,-0.2428,0.0801,0.0878,-0.0559,-0.2064,-0.2726,-0.2409,-0.1704,-0.1179,-0.1044,-0.1194,-0.1308,-0.1123,-0.0658,-0.0073,1.2136,1.2292,1.2439,1.2577,1.2713,1.2856,1.3018,1.3217,1.3466,1.3751,1.393,1.3713,1.3102,1.2568,1.0512,0.9043,0.8648,0.734,0.6106,0.5877,0.3076,0.189,0.1827,0.0524,-0.2256,-0.5498,-0.6497,-0.4758,-0.2851,-0.1872,-0.1818,-0.2352,-0.2718,-0.2389,-0.1601,-0.0733,1.195,1.2085,1.2215,1.234,1.2463,1.2588,1.2721,1.2863,1.3007,1.3113,1.3083,1.279,1.2159,1.0711,0.7111,0.5779,0.7812,0.7678,0.733,0.8611,0.6747,0.4533,0.2703,0.0102,-0.4597,-1.1583,-1.3118,-0.7343,-0.3546,-0.2208,-0.2409,-0.3569,-0.4271,-0.3622,-0.2394,-0.1233,1.1766,1.1883,1.1995,1.2101,1.2203,1.2301,1.2394,1.2476,1.2528,1.2511,1.236,1.1982,1.1228,0.9731,0.724,0.6435,0.7878,0.8807,1.1258,1.2556,0.8559,0.5493,0.3145,0.0325,-0.4431,-1.2289,-1.403,-0.5925,-0.2662,-0.1932,-0.2492,-0.4017,-0.488,-0.405,-0.2648,-0.1399,1.1584,1.1683,1.1775,1.1861,1.1939,1.2006,1.2058,1.2086,1.2069,1.1977,1.1762,1.1364,1.07,0.9708,0.8606,0.8128,0.838,0.8955,1.0145,1.0295,0.7731,0.5057,0.3198,0.1316,-0.1148,-0.2261,0.1488,0.1088,-0.0615,-0.1342,-0.2016,-0.3103,-0.3763,-0.3263,-0.2216,-0.1176,1.1403,1.1483,1.1556,1.1621,1.1674,1.1711,1.1728,1.1712,1.1649,1.1514,1.1278,1.0909,1.0387,0.9739,0.9105,0.8688,0.8525,0.8519,0.8497,0.7787,0.5829,0.357,0.2667,0.213,0.1305,0.2571,0.6567,0.3844,-0.0371,-0.15,-0.1665,-0.1989,-0.2259,-0.2042,-0.1432,-0.0703,1.1222,1.1285,1.134,1.1383,1.1413,1.1425,1.1412,1.1364,1.127,1.1114,1.0879,1.0551,1.0131,0.9649,0.9169,0.8752,0.8403,0.8047,0.7512,0.6464,0.4629,0.2567,0.213,0.2401,0.2119,0.2409,0.2907,0.0378,-0.3175,-0.2836,-0.1823,-0.1404,-0.1273,-0.1061,-0.0668,-0.0163,1.1044,1.109,1.1127,1.1152,1.1161,1.1151,1.1114,1.1044,1.0932,1.0766,1.0538,1.0243,0.9885,0.9482,0.9059,0.8633,0.8193,0.768,0.6982,0.5951,0.4537,0.317,0.2686,0.2665,0.2355,0.1919,0.1048,-0.1246,-0.3584,-0.3055,-0.1779,-0.1032,-0.0653,-0.0366,-0.0039,0.0346]}]