docs/data/wind_grid.json
[{"header":{"la1":42.85,"la2":41.18,"lo1":11.55,"lo2":14.05,"nx":36,"ny":24,"dx":0.07143,"dy":0.07261,"parameterCategory":2,"parameterNumber":2,"parameterNumberName":"eastward_wind","parameterUnit":"m.s-1"},"data":[-0.5429,-0.5444,-0.5437,-0.5406,-0.5355,-0.5287,-0.5205,-0.5109,-0.5002,-0.4889,-0.4783,-0.4696,-0.4641,-0.462,-0.4625,-0.4639,-0.4632,-0.4566,-0.4408,-0.4152,-0.3837,-0.354,-0.3341,-0.3267,-0.3294,-0.3373,-0.3462,-0.3541,-0.3602,-0.3645,-0.3672,-0.3687,-0.3693,-0.3694,-0.369,-0.3683,-0.5646,-0.5674,-0.5671,-0.5638,-0.5579,-0.5502,-0.541,-0.53,-0.5168,-0.5019,-0.4872,-0.4754,-0.4687,-0.4678,-0.4719,-0.4787,-0.4835,-0.4795,-0.4592,-0.4188,-0.3645,-0.3141,-0.2855,-0.2831,-0.2974,-0.3168,-0.3344,-0.3478,-0.3571,-0.3632,-0.3668,-0.3688,-0.3696,-0.3697,-0.3693,-0.3685,-0.5908,-0.5956,-0.5962,-0.5925,-0.5854,-0.5767,-0.5673,-0.556,-0.5402,-0.5195,-0.4978,-0.4804,-0.4713,-0.472,-0.4817,-0.4977,-0.514,-0.5189,-0.4954,-0.4295,-0.3284,-0.2333,-0.1927,-0.2098,-0.2518,-0.2923,-0.3226,-0.3429,-0.3555,-0.3631,-0.3673,-0.3695,-0.3703,-0.3702,-0.3697,-0.3689,-0.6227,-0.6311,-0.6332,-0.6287,-0.6192,-0.6091,-0.6015,-0.5937,-0.5767,-0.5463,-0.5112,-0.4836,-0.4701,-0.4724,-0.4898,-0.5204,-0.5586,-0.5879,-0.5726,-0.4675,-0.265,-0.0638,-0.0135,-0.0953,-0.1963,-0.2697,-0.3151,-0.3416,-0.3566,-0.3648,-0.369,-0.3709,-0.3714,-0.3711,-0.3703,-0.3693,-0.6617,-0.6763,-0.682,-0.6761,-0.6612,-0.6471,-0.6449,-0.6521,-0.6403,-0.59,-0.5275,-0.4822,-0.462,-0.4659,-0.4924,-0.5426,-0.6175,-0.7044,-0.741,-0.5981,-0.194,0.2644,0.287,0.0379,-0.1553,-0.2623,-0.318,-0.3467,-0.3614,-0.3687,-0.372,-0.3731,-0.373,-0.3722,-0.3711,-0.3698,-0.7085,-0.7347,-0.7489,-0.7422,-0.7153,-0.6879,-0.692,-0.7412,-0.7561,-0.657,-0.5404,-0.4701,-0.4429,-0.4486,-0.4837,-0.5534,-0.6745,-0.8678,-1.0722,-0.9528,-0.3088,0.4788,0.4489,0.0529,-0.1781,-0.286,-0.3359,-0.3593,-0.37,-0.3745,-0.3759,-0.3758,-0.3748,-0.3735,-0.3719,-0.3704,-0.7618,-0.8076,-0.8416,-0.8404,-0.7913,-0.7285,-0.7179,-0.8181,-0.8869,-0.7012,-0.5231,-0.4368,-0.4087,-0.4178,-0.4583,-0.5379,-0.686,-0.9688,-1.3994,-1.3446,-0.7039,-0.1413,-0.0127,-0.1675,-0.284,-0.3412,-0.3667,-0.3772,-0.3809,-0.3813,-0.3803,-0.3786,-0.3767,-0.3747,-0.3727,-0.3709,-0.8149,-0.8872,-0.9576,-0.9809,-0.9002,-0.7731,-0.697,-0.7282,-0.7523,-0.5888,-0.4421,-0.3756,-0.3584,-0.3741,-0.4171,-0.4919,-0.6248,-0.8554,-1.1385,-1.1329,-0.9815,-0.8022,-0.5518,-0.4417,-0.4129,-0.4047,-0.3999,-0.3956,-0.3915,-0.3878,-0.3843,-0.3812,-0.3784,-0.3758,-0.3734,-0.3712,-0.8567,-0.95,-1.0467,-1.0966,-1.0045,-0.8221,-0.6592,-0.5542,-0.4644,-0.3666,-0.3124,-0.2936,-0.295,-0.3215,-0.3717,-0.4343,-0.5384,-0.6968,-0.8614,-1.0135,-1.309,-1.2111,-0.8221,-0.6003,-0.498,-0.4493,-0.4237,-0.4088,-0.3992,-0.3925,-0.3874,-0.3832,-0.3797,-0.3766,-0.3739,-0.3714,-0.8797,-0.987,-1.0878,-1.1322,-1.1039,-0.8812,-0.635,-0.4228,-0.1973,-0.0943,-0.1644,-0.207,-0.2191,-0.2562,-0.3484,-0.401,-0.484,-0.6322,-0.7703,-0.9277,-1.1562,-1.0969,-0.8199,-0.6268,-0.5203,-0.4631,-0.4319,-0.4138,-0.4026,-0.3949,-0.3891,-0.3844,-0.3805,-0.377,-0.374,-0.3713,-0.8805,-1.0119,-1.2112,-1.5382,-1.4558,-0.9604,-0.6366,-0.3895,0.0747,0.295,-0.0482,-0.1362,-0.1214,-0.1285,-0.2775,-0.3865,-0.498,-0.6986,-0.8153,-0.8425,-0.8614,-0.8145,-0.6905,-0.5737,-0.4954,-0.4503,-0.4255,-0.4112,-0.4019,-0.3952,-0.3897,-0.385,-0.3808,-0.377,-0.3737,-0.3709,-0.8494,-0.9815,-1.1958,-1.4935,-1.3935,-0.9097,-0.6689,-0.5951,-0.2409,0.0447,-0.0908,-0.0952,-0.0096,0.1319,-0.0165,-0.3114,-0.6131,-1.0424,-1.1543,-0.9208,-0.7546,-0.6551,-0.5705,-0.4988,-0.4494,-0.4232,-0.4112,-0.4044,-0.3993,-0.3946,-0.39,-0.3853,-0.3806,-0.3764,-0.3727,-0.3698,-0.7851,-0.879,-0.9962,-1.0808,-0.9828,-0.7674,-0.6977,-0.8035,-0.6381,-0.3029,-0.1554,-0.0689,0.0152,0.2277,0.0805,-0.3509,-0.7457,-1.8149,-1.8567,-1.0364,-0.6923,-0.5451,-0.4715,-0.4296,-0.4067,-0.3986,-0.398,-0.3983,-0.3975,-0.395,-0.3908,-0.3855,-0.3799,-0.3748,-0.3707,-0.3677,-0.7046,-0.7555,-0.7989,-0.8033,-0.7405,-0.6568,-0.6441,-0.7053,-0.5993,-0.3214,-0.1491,-0.0418,-0.0058,0.0646,-0.2007,-0.5428,-0.707,-1.2391,-1.3458,-0.8353,-0.5329,-0.4057,-0.3703,-0.3729,-0.387,-0.3926,-0.3926,-0.3965,-0.3994,-0.3983,-0.3932,-0.3857,-0.3778,-0.3712,-0.3667,-0.364,-0.6257,-0.6476,-0.657,-0.6424,-0.6022,-0.5572,-0.5314,-0.5035,-0.3946,-0.2223,-0.105,-0.0683,-0.0428,-0.0065,-0.2988,-0.6195,-1.111,-0.803,-0.6756,-0.4528,-0.2497,-0.1992,-0.2482,-0.313,-0.3666,-0.3872,-0.3929,-0.4032,-0.4094,-0.4071,-0.3976,-0.3846,-0.3722,-0.3634,-0.3589,-0.3576,-0.5567,-0.5622,-0.557,-0.5376,-0.505,-0.4659,-0.4228,-0.3612,-0.2585,-0.1182,0.0275,-0.0748,-0.0765,-0.0916,-0.2527,-0.5785,-0.8947,-0.5532,-0.3023,-0.1139,0.096,0.0481,-0.1207,-0.2454,-0.3316,-0.3811,-0.4106,-0.4296,-0.4341,-0.424,-0.4031,-0.3781,-0.3575,-0.3466,-0.3445,-0.3472,-0.4991,-0.4954,-0.4834,-0.4618,-0.4308,-0.3918,-0.3433,-0.2792,-0.1935,-0.088,0.0143,-0.0318,-0.0376,-0.0286,-0.0883,-0.1917,-0.238,-0.0496,0.1514,0.139,0.1699,0.1154,-0.0523,-0.2042,-0.3301,-0.4234,-0.4771,-0.4926,-0.4812,-0.4507,-0.4056,-0.3568,-0.3227,-0.3129,-0.3199,-0.332,-0.4516,-0.4426,-0.4272,-0.4044,-0.3741,-0.3362,-0.2899,-0.2336,-0.1682,-0.1013,-0.0522,-0.0307,-0.0017,0.04,0.2414,0.3368,0.2415,0.4743,0.798,0.4555,0.2408,0.1179,-0.0262,-0.2008,-0.3891,-0.553,-0.6218,-0.602,-0.5532,-0.4871,-0.3989,-0.3044,-0.2496,-0.2536,-0.2843,-0.3138,-0.4124,-0.4005,-0.3833,-0.3602,-0.331,-0.2956,-0.2537,-0.2058,-0.154,-0.1026,-0.0559,-0.0072,0.0698,0.2758,0.9475,1.2349,0.5953,0.5988,0.7846,0.7406,0.4687,0.2219,0.0204,-0.2069,-0.4858,-0.7582,-0.8218,-0.7326,-0.6432,-0.5364,-0.3881,-0.2177,-0.1368,-0.1792,-0.2493,-0.2999,-0.3802,-0.3666,-0.3486,-0.3259,-0.2982,-0.2655,-0.2281,-0.1864,-0.1416,-0.0947,-0.0438,0.0221,0.1345,0.3814,0.8852,1.0517,0.6503,0.6277,1.0195,1.2129,0.6717,0.3414,0.1108,-0.1664,-0.5161,-0.8216,-0.8813,-0.8433,-0.75,-0.6142,-0.4187,-0.1846,-0.0833,-0.1527,-0.2435,-0.3019,-0.3536,-0.3391,-0.321,-0.299,-0.273,-0.243,-0.2092,-0.1717,-0.131,-0.0861,-0.0337,0.0354,0.1394,0.3032,0.5023,0.5756,0.5192,0.5742,0.8049,0.8792,0.6354,0.4757,0.3211,-0.0107,-0.453,-0.851,-1.1413,-1.0706,-0.8897,-0.7379,-0.5404,-0.3174,-0.2043,-0.2283,-0.2849,-0.3257,-0.3316,-0.3168,-0.2991,-0.278,-0.2537,-0.226,-0.1951,-0.1609,-0.1232,-0.0809,-0.0313,0.0307,0.1114,0.2112,0.3086,0.3661,0.3943,0.4519,0.5427,0.5873,0.6185,0.8047,0.8252,0.3123,-0.3273,-0.9159,-1.3686,-1.2055,-1.0258,-0.9152,-0.7205,-0.5159,-0.3882,-0.3496,-0.3528,-0.3632,-0.3134,-0.2988,-0.2815,-0.2615,-0.2388,-0.2132,-0.1849,-0.1536,-0.119,-0.0803,-0.0359,0.0162,0.077,0.1435,0.206,0.2553,0.2965,0.3449,0.4044,0.4817,0.6675,1.1005,1.2413,0.571,-0.1606,-0.7095,-1.0239,-1.0955,-1.2218,-1.1317,-0.8804,-0.6632,-0.5222,-0.4484,-0.4154,-0.4008,-0.2985,-0.2841,-0.2676,-0.2487,-0.2275,-0.2039,-0.1779,-0.1494,-0.1181,-0.0834,-0.0448,-0.0018,0.0452,0.0939,0.1403,0.1818,0.2207,0.2629,0.3162,0.4011,0.5696,0.8278,0.8604,0.4382,-0.0928,-0.5178,-0.8073,-1.0382,-1.245,-1.1596,-0.9223,-0.7233,-0.5888,-0.506,-0.4575,-0.429]},{"header":{"la1":42.85,"la2":41.18,"lo1":11.55,"lo2":14.05,"nx":36,"ny":24,"dx":0.07143,"dy":0.07261,"parameterCategory":2,"parameterNumber":3,"parameterNumberName":"northward_wind","parameterUnit":"m.s-1"},"data":[-0.4735,-0.4653,-0.4544,-0.441,-0.4255,-0.4091,-0.3937,-0.3813,-0.3734,-0.3699,-0.3693,-0.3692,-0.368,-0.3645,-0.3589,-0.3516,-0.344,-0.3377,-0.334,-0.3336,-0.3362,-0.3401,-0.3438,-0.3465,-0.3486,-0.3508,-0.3538,-0.3577,-0.3625,-0.3682,-0.3745,-0.3812,-0.3882,-0.3952,-0.4022,-0.4089,-0.4829,-0.474,-0.4613,-0.4443,-0.4235,-0.4004,-0.3782,-0.361,-0.3522,-0.3517,-0.3563,-0.3613,-0.3635,-0.3613,-0.3549,-0.3455,-0.3351,-0.3264,-0.3221,-0.3238,-0.3306,-0.3388,-0.3446,-0.347,-0.3477,-0.3485,-0.3507,-0.3545,-0.3597,-0.366,-0.3731,-0.3807,-0.3885,-0.3964,-0.4041,-0.4116,-0.4951,-0.4861,-0.4717,-0.4504,-0.4219,-0.3876,-0.3527,-0.3257,-0.3149,-0.3213,-0.3369,-0.3519,-0.36,-0.3599,-0.3524,-0.3394,-0.3241,-0.3108,-0.305,-0.311,-0.3274,-0.345,-0.354,-0.3533,-0.3493,-0.347,-0.3477,-0.3512,-0.3569,-0.364,-0.3721,-0.3807,-0.3895,-0.3984,-0.407,-0.4152,-0.5109,-0.5032,-0.488,-0.4623,-0.4232,-0.3706,-0.3107,-0.2613,-0.2455,-0.2683,-0.3081,-0.3416,-0.3595,-0.3622,-0.3528,-0.3343,-0.3103,-0.2874,-0.2769,-0.2907,-0.3293,-0.3699,-0.3815,-0.3684,-0.3533,-0.3453,-0.3441,-0.3475,-0.3539,-0.3622,-0.3715,-0.3814,-0.3914,-0.4014,-0.411,-0.42,-0.531,-0.527,-0.5138,-0.4851,-0.4338,-0.3533,-0.2453,-0.1404,-0.1086,-0.1745,-0.2685,-0.3343,-0.3654,-0.3709,-0.3588,-0.3325,-0.2945,-0.2515,-0.2245,-0.2476,-0.3337,-0.4311,-0.437,-0.389,-0.3553,-0.3413,-0.339,-0.3432,-0.351,-0.3607,-0.3716,-0.3831,-0.3945,-0.4057,-0.4164,-0.4263,-0.5552,-0.5588,-0.5531,-0.5269,-0.4657,-0.3524,-0.1653,0.073,0.159,-0.0263,-0.2311,-0.3409,-0.3832,-0.3897,-0.3743,-0.3396,-0.2827,-0.203,-0.1269,-0.1489,-0.2995,-0.4745,-0.4687,-0.3875,-0.3453,-0.3316,-0.3315,-0.3381,-0.3481,-0.36,-0.3728,-0.386,-0.3992,-0.4118,-0.4237,-0.4345,-0.5813,-0.5978,-0.6094,-0.596,-0.5325,-0.3996,-0.1484,0.2722,0.4697,0.0745,-0.2495,-0.3792,-0.4179,-0.4212,-0.4049,-0.3652,-0.2923,-0.1759,-0.0303,-0.0426,-0.2023,-0.333,-0.3648,-0.3356,-0.3181,-0.3159,-0.3221,-0.3328,-0.3458,-0.3603,-0.3754,-0.3908,-0.4059,-0.4202,-0.4334,-0.4452,-0.6039,-0.6368,-0.6797,-0.6957,-0.629,-0.5041,-0.3064,0.0106,0.1512,-0.1538,-0.3851,-0.457,-0.4674,-0.4661,-0.4594,-0.424,-0.3415,-0.2239,-0.111,-0.0998,-0.1263,-0.1674,-0.2341,-0.2686,-0.2853,-0.2988,-0.313,-0.3284,-0.3449,-0.3622,-0.3801,-0.3979,-0.4152,-0.4315,-0.4462,-0.459,-0.6147,-0.6561,-0.7311,-0.7935,-0.6984,-0.6063,-0.5423,-0.4839,-0.5031,-0.5909,-0.6012,-0.5541,-0.5175,-0.5198,-0.5588,-0.5502,-0.4302,-0.2959,-0.1987,-0.1269,-0.0246,-0.0516,-0.1613,-0.2259,-0.2617,-0.2863,-0.3069,-0.3264,-0.3461,-0.3665,-0.3874,-0.4082,-0.4282,-0.4467,-0.463,-0.4767,-0.6097,-0.6357,-0.6771,-0.7037,-0.6417,-0.6576,-0.7267,-0.8414,-1.0345,-1.0862,-0.8426,-0.6342,-0.5459,-0.5606,-0.7296,-0.8298,-0.5294,-0.3294,-0.2264,-0.1492,-0.0687,-0.0818,-0.1573,-0.2142,-0.2529,-0.2819,-0.3057,-0.3278,-0.3501,-0.3736,-0.3981,-0.4226,-0.446,-0.4671,-0.4852,-0.4997,-0.5972,-0.5978,-0.5653,-0.4561,-0.485,-0.6793,-0.8632,-1.0591,-1.4971,-1.7333,-1.0263,-0.6508,-0.5392,-0.5528,-0.6972,-0.8269,-0.4728,-0.2865,-0.2128,-0.1722,-0.1446,-0.1476,-0.1798,-0.2196,-0.2566,-0.2868,-0.3107,-0.3329,-0.3569,-0.384,-0.4132,-0.4426,-0.4704,-0.4948,-0.5146,-0.5295,-0.5897,-0.5826,-0.5436,-0.4627,-0.5085,-0.7504,-0.997,-1.1626,-1.3079,-1.3948,-0.8911,-0.5706,-0.5118,-0.6334,-0.5443,-0.3848,-0.2466,-0.1853,-0.1708,-0.1581,-0.1519,-0.1602,-0.1866,-0.2274,-0.2716,-0.3043,-0.3233,-0.3413,-0.3661,-0.398,-0.4339,-0.4705,-0.5043,-0.5327,-0.5541,-0.5684,-0.5901,-0.5912,-0.5845,-0.5861,-0.6607,-0.8444,-1.0887,-1.2897,-1.1849,-0.9493,-0.6531,-0.4361,-0.3859,-0.6698,-0.4981,-0.0662,-0.0007,-0.1504,-0.1676,-0.1256,-0.1179,-0.131,-0.1697,-0.2323,-0.3039,-0.3431,-0.3439,-0.3508,-0.3768,-0.4163,-0.4628,-0.51,-0.5523,-0.5855,-0.6077,-0.6196,-0.5928,-0.6035,-0.6188,-0.6517,-0.725,-0.8526,-1.0217,-1.1697,-1.075,-0.7743,-0.5197,-0.3607,-0.2652,0.3398,0.0847,0.5275,0.3566,0.0138,-0.086,-0.064,-0.0399,-0.053,-0.12,-0.2227,-0.3397,-0.3899,-0.3608,-0.3565,-0.388,-0.441,-0.5044,-0.5681,-0.6225,-0.661,-0.6817,-0.6871,-0.5928,-0.6079,-0.6295,-0.6639,-0.718,-0.7924,-0.871,-0.9038,-0.8106,-0.6293,-0.479,-0.3399,-0.0559,0.3588,0.25,0.6596,0.4737,0.1845,0.0188,0.0385,0.1503,0.1321,-0.0182,-0.1728,-0.3016,-0.3576,-0.344,-0.3521,-0.3997,-0.4754,-0.5662,-0.6563,-0.7285,-0.7715,-0.7847,-0.7758,-0.5883,-0.6032,-0.6228,-0.6489,-0.6818,-0.7168,-0.7391,-0.7235,-0.6525,-0.564,-0.5543,-0.421,-0.3162,-0.0985,0.0233,0.2305,0.3135,0.101,-0.0088,0.1564,0.6144,0.4929,0.1106,-0.1058,-0.2192,-0.2717,-0.2937,-0.3324,-0.4095,-0.5229,-0.6597,-0.7949,-0.8943,-0.9366,-0.928,-0.8901,-0.5802,-0.5926,-0.6072,-0.6239,-0.6409,-0.6533,-0.6523,-0.6289,-0.5842,-0.5448,-0.5507,-0.5019,-0.6701,-0.7505,-0.3297,-0.1458,-0.0892,-0.1681,-0.2096,0.055,0.6734,0.5252,0.1094,-0.0874,-0.1604,-0.1808,-0.2075,-0.2818,-0.4089,-0.5842,-0.8002,-1.0173,-1.1595,-1.183,-1.1211,-1.0291,-0.5699,-0.5791,-0.5888,-0.5982,-0.6053,-0.6069,-0.599,-0.5796,-0.5527,-0.5307,-0.5248,-0.5593,-0.7748,-0.8304,-0.618,-0.5506,-0.4122,-0.4417,-0.5576,-0.3043,0.0031,0.0622,-0.0544,-0.1264,-0.1069,-0.0288,-0.0279,-0.1739,-0.3885,-0.6544,-0.996,-1.3633,-1.5716,-1.5273,-1.3551,-1.178,-0.5589,-0.5651,-0.5709,-0.5754,-0.5772,-0.5745,-0.5659,-0.5517,-0.5354,-0.5238,-0.5259,-0.5576,-0.6292,-0.707,-0.9909,-1.1331,-0.6587,-0.5325,-0.5695,-0.5348,-0.3688,-0.2544,-0.2274,-0.1884,-0.0449,0.2388,0.2983,-0.0342,-0.3662,-0.7175,-1.2029,-1.7917,-2.0827,-1.8952,-1.5669,-1.2976,-0.548,-0.552,-0.5551,-0.5566,-0.5558,-0.5518,-0.5443,-0.5344,-0.5246,-0.5192,-0.5241,-0.5464,-0.5942,-0.6979,-0.9443,-1.018,-0.7073,-0.5883,-0.7021,-0.7757,-0.5542,-0.4398,-0.382,-0.2866,-0.0841,0.2753,0.3553,-0.0685,-0.3979,-0.7492,-1.2699,-1.9632,-2.2942,-2.0287,-1.6368,-1.3377,-0.5381,-0.5403,-0.5416,-0.5415,-0.5396,-0.5355,-0.5296,-0.5227,-0.5167,-0.5146,-0.5198,-0.5368,-0.5716,-0.6345,-0.7157,-0.723,-0.6368,-0.5949,-0.6473,-0.6715,-0.6113,-0.608,-0.5858,-0.4565,-0.27,-0.1362,-0.2016,-0.2894,-0.492,-0.7591,-1.1335,-1.6323,-1.9113,-1.784,-1.5159,-1.2815,-0.5291,-0.5302,-0.5305,-0.5295,-0.5272,-0.5236,-0.519,-0.5141,-0.5105,-0.5098,-0.5142,-0.5261,-0.5475,-0.5776,-0.6045,-0.6057,-0.584,-0.575,-0.5945,-0.6263,-0.7035,-0.8848,-0.9326,-0.6921,-0.4524,-0.3346,-0.3061,-0.395,-0.6668,-0.8244,-0.9852,-1.2344,-1.4188,-1.4196,-1.3046,-1.1666,-0.5213,-0.5217,-0.5213,-0.5199,-0.5177,-0.5146,-0.511,-0.5075,-0.5051,-0.5049,-0.5081,-0.5157,-0.5278,-0.5423,-0.5537,-0.5568,-0.555,-0.5606,-0.5851,-0.645,-0.7967,-1.0917,-1.1801,-0.8543,-0.5808,-0.4598,-0.4572,-0.6692,-0.9972,-0.9712,-0.9374,-1.0191,-1.116,-1.1478,-1.1124,-1.0438,-0.5146,-0.5145,-0.5137,-0.5123,-0.5102,-0.5076,-0.5048,-0.5022,-0.5005,-0.5004,-0.5025,-0.5071,-0.514,-0.5218,-0.5286,-0.5336,-0.5395,-0.5527,-0.5829,-0.6466,-0.7718,-0.9457,-0.9843,-0.8091,-0.636,-0.5649,-0.6121,-0.8175,-1.0423,-0.9972,-0.9162,-0.9199,-0.9582,-0.9811,-0.9725,-0.9398]}]