docs/data/wind_grid.json
[{"header":{"la1":42.85,"la2":41.18,"lo1":11.55,"lo2":14.05,"nx":36,"ny":24,"dx":0.07143,"dy":0.07261,"parameterCategory":2,"parameterNumber":2,"parameterNumberName":"eastward_wind","parameterUnit":"m.s-1"},"data":[3.3563,3.3761,3.3979,3.421,3.4442,3.4655,3.4825,3.4927,3.4944,3.4876,3.4742,3.4568,3.4382,3.4204,3.4044,3.3903,3.3773,3.3641,3.3486,3.3289,3.304,3.2741,3.2401,3.2034,3.1656,3.1278,3.0908,3.0552,3.0214,2.9897,2.9601,2.9327,2.9076,2.8847,2.864,2.8455,3.3595,3.3826,3.4093,3.4389,3.4703,3.5007,3.5261,3.5419,3.5447,3.5343,3.5142,3.4894,3.4647,3.4428,3.425,3.4115,3.4011,3.3913,3.3785,3.3592,3.3317,3.2965,3.256,3.2127,3.1685,3.1251,3.0833,3.0437,3.0066,2.9722,2.9405,2.9114,2.885,2.8612,2.8399,2.8209,3.3585,3.3849,3.417,3.4549,3.4977,3.542,3.5817,3.608,3.6129,3.5954,3.563,3.5259,3.4918,3.4644,3.4449,3.4332,3.4278,3.425,3.4182,3.4004,3.3685,3.325,3.2746,3.2219,3.1697,3.1195,3.0722,3.0282,2.9877,2.9506,2.9168,2.8862,2.8586,2.834,2.8121,2.7929,3.3512,3.3801,3.4177,3.4654,3.5235,3.5892,3.6542,3.7015,3.7112,3.679,3.6231,3.5656,3.518,3.4836,3.4623,3.454,3.4577,3.4687,3.4748,3.4601,3.4192,3.3605,3.2951,3.2296,3.1673,3.1094,3.0561,3.0076,2.9636,2.924,2.8883,2.8564,2.8278,2.8026,2.7804,2.7612,3.3353,3.3646,3.4064,3.4642,3.5412,3.6377,3.7466,3.8391,3.8618,3.7963,3.6946,3.6049,3.5401,3.4979,3.4752,3.4717,3.4894,3.5264,3.56,3.5499,3.4878,3.4016,3.3139,3.2325,3.1587,3.0924,3.033,2.9801,2.933,2.8913,2.8541,2.8211,2.792,2.7663,2.7441,2.7251,3.3079,3.3336,3.3756,3.4412,3.5375,3.6711,3.8457,4.0301,4.0887,3.947,3.7646,3.6349,3.5535,3.5048,3.4809,3.4817,3.5156,3.5933,3.6818,3.6754,3.5664,3.4375,3.3232,3.2252,3.1401,3.0656,3.0005,2.9438,2.8945,2.8513,2.8133,2.7798,2.7503,2.7246,2.7025,2.684,3.2662,3.2809,3.315,3.3817,3.4929,3.6571,3.8881,4.1789,4.2958,4.0481,3.7945,3.6433,3.5547,3.5028,3.4775,3.4789,3.5197,3.6277,3.7765,3.7681,3.6061,3.4438,3.3117,3.2016,3.1071,3.0256,2.9558,2.8966,2.8462,2.8028,2.7649,2.7315,2.7021,2.6766,2.655,2.6373,3.2092,3.2003,3.21,3.2639,3.3847,3.5692,3.7981,4.0428,4.132,3.952,3.7599,3.63,3.5455,3.4927,3.464,3.461,3.4926,3.5745,3.6842,3.6784,3.548,3.403,3.2731,3.1578,3.0559,2.9683,2.8954,2.8357,2.7864,2.7447,2.7081,2.6755,2.6466,2.6215,2.6006,2.5841,3.1402,3.0895,3.0424,3.0505,3.1829,3.4194,3.6548,3.8226,3.8845,3.8366,3.7277,3.6155,3.5336,3.4786,3.4384,3.427,3.4555,3.5021,3.5401,3.5262,3.4479,3.336,3.214,3.0934,2.9825,2.8884,2.8143,2.7578,2.7135,2.6761,2.6423,2.6111,2.5828,2.5581,2.538,2.523,3.0727,2.9637,2.8084,2.6848,2.829,3.2364,3.5809,3.7869,3.9178,3.9273,3.7668,3.6116,3.5256,3.4731,3.3967,3.3606,3.4333,3.4897,3.5039,3.4685,3.3882,3.2761,3.1451,3.0078,2.8796,2.7764,2.705,2.6591,2.6262,2.5969,2.5675,2.5378,2.5095,2.4849,2.4656,2.4525,3.0316,2.8765,2.6036,2.252,2.3694,3.1025,3.6159,3.8644,4.109,4.2213,3.8287,3.5927,3.5214,3.5108,3.4317,3.3675,3.4718,3.5675,3.5867,3.5076,3.3801,3.2331,3.0701,2.8957,2.732,2.614,2.5558,2.5359,2.5253,2.5089,2.4842,2.4546,2.4248,2.3992,2.3806,2.3702,3.038,2.8935,2.6422,2.3258,2.4734,3.2345,3.7801,4.0051,4.0392,4.0386,3.7213,3.5202,3.508,3.592,3.6321,3.5244,3.5941,3.822,3.8547,3.6285,3.3997,3.1976,2.9874,2.7486,2.5123,2.3687,2.3523,2.3901,2.4168,2.4158,2.3933,2.3597,2.3251,2.2967,2.2788,2.2726,3.0855,2.9998,2.8863,2.8237,3.0263,3.4908,3.9236,4.1866,4.0536,3.7785,3.5344,3.4029,3.4144,3.7192,3.8006,3.5464,3.6829,4.2802,4.2816,3.7296,3.3941,3.1561,2.9064,2.5785,2.2019,2.0111,2.1021,2.2434,2.3154,2.3238,2.2942,2.2487,2.2035,2.1701,2.1538,2.1549,3.1456,3.1162,3.1012,3.1479,3.3131,3.5771,3.8514,4.0469,3.9404,3.6045,3.3733,3.3233,3.2976,2.9044,3.3231,3.4322,3.5804,3.9387,3.9727,3.5905,3.3174,3.1126,2.8628,2.4732,1.9442,1.6949,1.9247,2.1531,2.2412,2.236,2.1822,2.1112,2.0474,2.0069,1.9957,2.0105,3.1948,3.1971,3.2193,3.2802,3.3906,3.5339,3.667,3.7219,3.6072,3.3702,3.1828,3.097,3.0192,2.8137,3.1244,3.3986,3.564,3.5174,3.4818,3.3467,3.2273,3.1076,2.8895,2.5376,2.0876,1.8614,2.0096,2.1633,2.1983,2.146,2.0439,1.9279,1.834,1.7868,1.7902,1.832,3.2252,3.2395,3.268,3.316,3.382,3.4513,3.4963,3.4782,3.3661,3.1805,3.0175,2.7936,2.8596,2.9386,3.0817,3.3109,3.459,3.3272,3.225,3.1948,3.2544,3.1885,2.9502,2.6663,2.3904,2.2299,2.2142,2.2186,2.1639,2.0385,1.8577,1.6652,1.5246,1.4784,1.5199,1.6133,3.2387,3.2547,3.2785,3.3102,3.3453,3.3729,3.3762,3.3367,3.245,3.1155,3.0085,2.9054,2.7481,2.7023,2.9847,3.1349,3.1678,3.0608,2.966,3.0506,3.2474,3.1797,2.939,2.7131,2.5274,2.405,2.3307,2.2511,2.1197,1.9042,1.5996,1.2718,1.0581,1.0411,1.1716,1.3579,3.2401,3.2534,3.2701,3.2886,3.3044,3.3105,3.2976,3.258,3.1908,3.1069,3.0251,2.9298,2.739,2.7105,2.9777,3.0694,3.0163,2.8091,2.6385,2.814,2.9581,2.9567,2.8308,2.6724,2.533,2.445,2.3802,2.2679,2.076,1.7575,1.2638,0.6925,0.3678,0.4564,0.7654,1.094,3.2337,3.2433,3.2535,3.2626,3.2673,3.2631,3.2454,3.2114,3.1623,3.104,3.0427,2.9776,2.919,2.9512,3.1073,3.1543,2.9916,2.7731,2.6419,2.6439,2.7387,2.7719,2.7087,2.596,2.4898,2.4636,2.4505,2.2871,2.0446,1.6442,0.9333,0.0047,-0.4542,-0.1467,0.41,0.8896,3.2229,3.2289,3.2342,3.2371,3.2355,3.2268,3.2088,3.1807,3.1438,3.1015,3.0582,3.0195,2.9992,3.0236,3.0998,3.1147,2.9689,2.7704,2.5214,2.4297,2.61,2.6536,2.6053,2.5168,2.4281,2.4408,2.4466,2.2152,2.0054,1.6301,0.8583,-0.2578,-0.7881,-0.3578,0.3021,0.8306,3.2097,3.2128,3.2145,3.2135,3.2086,3.1982,3.1814,3.158,3.1292,3.0973,3.0658,3.039,3.0236,3.0249,3.0341,3.0103,2.9179,2.7721,2.6052,2.5447,2.5854,2.5597,2.5044,2.4399,2.3326,2.1815,1.9573,1.9687,1.9671,1.739,1.1698,0.3219,-0.152,0.0629,0.5264,0.9462,3.1956,3.1964,3.1955,3.1922,3.1855,3.1746,3.1591,3.1392,3.1158,3.0904,3.0651,3.0425,3.0246,3.0107,2.9932,2.956,2.8865,2.7902,2.6923,2.6225,2.5491,2.432,2.3809,2.3772,2.2694,2.0263,1.7432,1.8703,2.0129,1.9281,1.5965,1.092,0.7343,0.7208,0.9219,1.1725,3.1813,3.1803,3.1777,3.1728,3.1652,3.1543,3.14,3.1225,3.1025,3.0807,3.0586,3.037,3.0162,2.9944,2.9668,2.9264,2.8685,2.7955,2.7155,2.6274,2.5041,2.3451,2.3062,2.3504,2.277,2.1108,1.9829,2.0482,2.1654,2.1134,1.8928,1.5848,1.3352,1.2456,1.2968,1.4192,3.1671,3.1649,3.161,3.1552,3.147,3.1363,3.1229,3.107,3.0889,3.0693,3.0486,3.0271,3.0043,2.9787,2.9474,2.907,2.8552,2.7923,2.7186,2.63,2.5183,2.4051,2.365,2.3668,2.3106,2.2101,2.1374,2.1439,2.1884,2.1534,2.0163,1.8325,1.672,1.5862,1.5815,1.634]},{"header":{"la1":42.85,"la2":41.18,"lo1":11.55,"lo2":14.05,"nx":36,"ny":24,"dx":0.07143,"dy":0.07261,"parameterCategory":2,"parameterNumber":3,"parameterNumberName":"northward_wind","parameterUnit":"m.s-1"},"data":[0.2921,0.2542,0.2142,0.1735,0.1355,0.1055,0.0916,0.1024,0.1439,0.2155,0.3092,0.4128,0.5141,0.6039,0.6772,0.7327,0.7723,0.8004,0.823,0.8451,0.8701,0.8982,0.928,0.9574,0.9848,1.009,1.0296,1.0467,1.0603,1.0708,1.0787,1.0842,1.0879,1.0901,1.091,1.091,0.2491,0.2011,0.1475,0.0888,0.0279,-0.0283,-0.0668,-0.0704,-0.0252,0.07,0.2005,0.3436,0.4787,0.5926,0.6792,0.738,0.773,0.792,0.8056,0.8234,0.85,0.8844,0.9221,0.959,0.9923,1.0207,1.044,1.0625,1.0766,1.0871,1.0944,1.0991,1.1017,1.1028,1.1026,1.1015,0.2075,0.1487,0.0796,-0.0018,-0.0955,-0.1948,-0.2804,-0.3181,-0.2734,-0.139,0.0545,0.2609,0.4456,0.5913,0.6929,0.7515,0.7736,0.7723,0.7675,0.778,0.8105,0.8584,0.9107,0.9596,1.0013,1.035,1.0613,1.0812,1.0955,1.1055,1.1118,1.1152,1.1165,1.1161,1.1145,1.1121,0.1693,0.1003,0.0157,-0.0915,-0.2284,-0.3957,-0.5711,-0.6893,-0.6593,-0.4516,-0.1422,0.1679,0.4234,0.6092,0.726,0.778,0.7727,0.7293,0.6867,0.6867,0.7381,0.816,0.8945,0.9613,1.0139,1.0536,1.0828,1.1035,1.1175,1.1263,1.1311,1.1327,1.1322,1.13,1.1267,1.1227,0.1363,0.0596,-0.0374,-0.1677,-0.3522,-0.6147,-0.9534,-1.2622,-1.2922,-0.9271,-0.3917,0.082,0.429,0.6596,0.7901,0.8274,0.7727,0.6448,0.5208,0.5101,0.6174,0.7584,0.8793,0.9695,1.0338,1.0789,1.1099,1.1305,1.1432,1.1499,1.1523,1.1516,1.1486,1.1441,1.1388,1.1331,0.109,0.0281,-0.0736,-0.2145,-0.4319,-0.7915,-1.3713,-2.089,-2.3074,-1.5788,-0.6343,0.0503,0.4889,0.7594,0.9014,0.9195,0.7953,0.5182,0.222,0.2144,0.4603,0.7079,0.8808,0.993,1.0659,1.1136,1.1443,1.1631,1.173,1.1766,1.1756,1.1715,1.1655,1.1583,1.1506,1.1428,0.0857,0.0036,-0.0939,-0.2237,-0.4304,-0.8124,-1.5513,-2.7475,-3.2877,-2.0098,-0.6637,0.1453,0.627,0.9234,1.0802,1.0891,0.9081,0.4773,-0.0466,-0.0296,0.389,0.7229,0.9228,1.0414,1.1143,1.1598,1.1873,1.202,1.2075,1.2063,1.2007,1.1923,1.1824,1.1719,1.1614,1.1514,0.063,-0.0225,-0.1133,-0.2133,-0.3541,-0.6224,-1.1665,-2.0538,-2.4063,-1.3676,-0.2992,0.3849,0.8386,1.155,1.3499,1.3766,1.1869,0.7724,0.2953,0.2671,0.5851,0.8532,1.018,1.1179,1.1802,1.2186,1.2398,1.2481,1.2467,1.2389,1.2271,1.2132,1.1986,1.1843,1.1707,1.1582,0.0383,-0.0611,-0.1608,-0.2381,-0.2865,-0.366,-0.5465,-0.7674,-0.7328,-0.3194,0.1914,0.6676,1.078,1.4349,1.7417,1.8279,1.5936,1.2484,0.9517,0.8559,0.939,1.0558,1.1484,1.2149,1.2611,1.2899,1.3027,1.3019,1.291,1.2741,1.2541,1.2333,1.2131,1.1943,1.1774,1.1625,0.0165,-0.1126,-0.2612,-0.3754,-0.3468,-0.2276,-0.1616,-0.1114,0.002,0.1648,0.4687,0.8876,1.2923,1.6877,2.2395,2.4876,1.97,1.5901,1.3766,1.2648,1.2328,1.2474,1.2807,1.3192,1.3536,1.3752,1.3784,1.3647,1.3402,1.3107,1.2802,1.2511,1.2244,1.2007,1.1804,1.1632,0.0137,-0.1446,-0.3658,-0.604,-0.5488,-0.2044,-0.0087,0.0808,0.1261,0.1262,0.5462,1.0543,1.4819,1.8185,2.2474,2.5272,2.0172,1.7475,1.6198,1.5092,1.4275,1.3913,1.3937,1.4222,1.4591,1.4809,1.4723,1.4386,1.3934,1.3468,1.3032,1.2642,1.2303,1.2016,1.178,1.159,0.0483,-0.1047,-0.3203,-0.5518,-0.4805,-0.1212,0.0346,0.0511,0.1479,0.2655,0.7078,1.22,1.678,2.0886,2.0098,1.9488,1.8629,1.883,1.8557,1.6853,1.5506,1.487,1.4811,1.522,1.5872,1.6232,1.5936,1.5234,1.447,1.3782,1.3193,1.2694,1.228,1.1944,1.1682,1.1482,0.1201,0.0082,-0.1205,-0.2084,-0.1365,0.0207,0.0395,-0.068,0.0692,0.4458,0.9009,1.3621,1.6853,2.1447,1.9629,1.7748,1.8013,2.1512,2.1481,1.7905,1.6088,1.54,1.5413,1.6141,1.7469,1.8195,1.741,1.6075,1.4906,1.398,1.3234,1.2626,1.2137,1.1759,1.1483,1.1291,0.2102,0.1422,0.0824,0.0605,0.097,0.142,0.1166,0.037,0.1563,0.5371,0.9421,1.4609,1.638,1.7579,1.6454,1.6164,1.6824,1.9183,1.9484,1.7256,1.6036,1.5609,1.572,1.6678,1.873,1.9912,1.8459,1.6529,1.5072,1.3977,1.31,1.2384,1.1823,1.1416,1.1149,1.0993,0.2999,0.2619,0.2356,0.2311,0.2478,0.2648,0.264,0.2771,0.3897,0.5668,0.7141,0.9515,1.1819,1.0544,1.3661,1.5271,1.6512,1.628,1.64,1.6055,1.5893,1.5786,1.5787,1.647,1.8049,1.8995,1.787,1.6232,1.4869,1.3732,1.2743,1.1905,1.1265,1.0851,1.0637,1.0565,0.3806,0.3604,0.3497,0.3515,0.3642,0.3814,0.4024,0.4399,0.4929,0.4679,0.2078,0.4147,0.6726,0.9777,1.1581,1.4019,1.5618,1.5048,1.5042,1.556,1.6447,1.6273,1.5799,1.5962,1.6595,1.6965,1.6516,1.5569,1.446,1.3293,1.2131,1.1097,1.035,0.9971,0.9895,0.999,0.4506,0.441,0.4386,0.4445,0.4581,0.4775,0.5023,0.5301,0.5387,0.4595,0.2509,0.4081,0.4278,0.4167,0.8977,1.1642,1.3145,1.3663,1.3994,1.5099,1.6521,1.6305,1.5688,1.5636,1.5953,1.6225,1.6048,1.53,1.4146,1.2756,1.1233,0.9816,0.89,0.8663,0.8891,0.9281,0.5108,0.5078,0.5104,0.5191,0.5336,0.5528,0.5747,0.5936,0.5955,0.5639,0.5261,0.5353,0.4015,0.3939,0.7755,0.9619,1.166,1.2811,1.2468,1.4482,1.5597,1.5644,1.541,1.5497,1.6126,1.7041,1.7098,1.581,1.4071,1.2192,1.0044,0.7907,0.6728,0.6886,0.7694,0.8527,0.5627,0.564,0.5697,0.5801,0.5949,0.613,0.6323,0.6487,0.6566,0.6545,0.652,0.6526,0.6422,0.6902,0.7153,0.6974,1.063,1.3212,1.414,1.6982,1.639,1.5532,1.5146,1.5369,1.6674,1.9363,1.9913,1.6714,1.3968,1.1651,0.8831,0.5655,0.4162,0.5054,0.6634,0.7929,0.6078,0.6119,0.6196,0.631,0.6458,0.663,0.6811,0.698,0.7118,0.7229,0.7347,0.7498,0.7714,0.7974,0.7642,0.7744,1.0846,1.453,2.0042,2.2359,1.7718,1.5459,1.4696,1.4855,1.6194,1.9486,2.0236,1.5638,1.3174,1.1217,0.8406,0.4782,0.3134,0.4408,0.6295,0.7737,0.6471,0.6531,0.6622,0.6742,0.6889,0.7056,0.7236,0.7416,0.7593,0.7771,0.7969,0.8207,0.8494,0.8792,0.906,0.9819,1.1746,1.4577,1.8025,1.9064,1.6531,1.4483,1.3712,1.3804,1.4216,1.3962,1.137,1.1418,1.1767,1.0972,0.9121,0.6481,0.5023,0.562,0.691,0.8031,0.6816,0.689,0.6989,0.7113,0.726,0.7426,0.7607,0.7797,0.7997,0.8213,0.8454,0.8735,0.9065,0.9455,0.9965,1.0792,1.2102,1.3764,1.5253,1.5536,1.4293,1.2668,1.2168,1.2653,1.2661,1.109,0.8316,0.9629,1.103,1.0967,1.0092,0.8636,0.7565,0.7479,0.7993,0.8624,0.7121,0.7204,0.7309,0.7436,0.7583,0.7749,0.7931,0.8128,0.834,0.8574,0.8836,0.9138,0.9491,0.9915,1.0452,1.1167,1.2073,1.3039,1.3748,1.3788,1.2956,1.1625,1.1295,1.2022,1.2112,1.126,1.0326,1.0703,1.1174,1.113,1.0703,0.9915,0.9204,0.8908,0.8991,0.9258,0.7391,0.7481,0.759,0.7718,0.7865,0.803,0.8212,0.8412,0.8629,0.887,0.9139,0.9444,0.9796,1.0208,1.0699,1.128,1.1925,1.2537,1.2949,1.2985,1.2575,1.1952,1.1756,1.2004,1.2002,1.1618,1.1233,1.1174,1.1216,1.1181,1.0948,1.0511,1.0066,0.9789,0.9717,0.9789]}]