docs/data/wind_grid.json
[{"header":{"la1":42.85,"la2":41.18,"lo1":11.55,"lo2":14.05,"nx":36,"ny":24,"dx":0.07143,"dy":0.07261,"parameterCategory":2,"parameterNumber":2,"parameterNumberName":"eastward_wind","parameterUnit":"m.s-1"},"data":[1.4441,1.4068,1.3598,1.3036,1.2402,1.1742,1.1117,1.0591,1.0204,0.9955,0.9801,0.9673,0.9509,0.9259,0.8888,0.837,0.7684,0.6815,0.5767,0.46,0.3464,0.2587,0.2178,0.2293,0.2821,0.3583,0.4424,0.5252,0.6021,0.672,0.7348,0.7912,0.8419,0.8877,0.9292,0.9669,1.4828,1.4429,1.3887,1.3195,1.2374,1.1487,1.0639,0.9952,0.9515,0.9331,0.9311,0.9332,0.9288,0.9113,0.877,0.8229,0.7455,0.6402,0.5021,0.3333,0.1552,0.0145,-0.0413,-0.0031,0.0975,0.2216,0.3444,0.4552,0.5519,0.6356,0.7083,0.772,0.8283,0.8784,0.9233,0.9637,1.5349,1.4947,1.4338,1.3485,1.2393,1.1139,0.9896,0.891,0.8391,0.8359,0.8615,0.8905,0.9059,0.9006,0.8723,0.819,0.7367,0.6161,0.44,0.1921,-0.1078,-0.3593,-0.4356,-0.3272,-0.1308,0.0713,0.2464,0.3903,0.5078,0.605,0.6869,0.7573,0.8186,0.8726,0.9207,0.9636,1.6049,1.5699,1.5058,1.4026,1.2556,1.071,0.8737,0.7131,0.6451,0.6788,0.762,0.8386,0.8841,0.8955,0.8762,0.8282,0.7498,0.6289,0.4284,0.076,-0.462,-0.9724,-1.0633,-0.7644,-0.3854,-0.0717,0.1635,0.3395,0.475,0.5831,0.6723,0.748,0.8135,0.8709,0.9217,0.9667,1.697,1.678,1.6212,1.504,1.3089,1.0327,0.6997,0.3986,0.2909,0.4212,0.6276,0.7832,0.8678,0.8977,0.8885,0.8502,0.7884,0.7021,0.543,0.118,-0.8316,-1.9454,-1.9704,-1.2307,-0.5891,-0.1641,0.1167,0.3125,0.4578,0.5718,0.6654,0.7448,0.8135,0.8737,0.9267,0.9736,1.8128,1.829,1.8033,1.6889,1.4423,1.0443,0.49,-0.1259,-0.3477,0.0412,0.4853,0.7438,0.8649,0.9078,0.9062,0.8785,0.8421,0.8346,0.8683,0.5537,-0.7444,-2.5227,-2.4321,-1.3493,-0.6029,-0.1588,0.1215,0.3139,0.457,0.5708,0.6658,0.7473,0.8185,0.8811,0.9361,0.9846,1.9455,2.0246,2.0774,2.0083,1.7152,1.1933,0.4274,-0.5998,-1.0346,-0.2333,0.4397,0.7517,0.8814,0.9233,0.9217,0.9011,0.882,0.932,1.2022,1.0855,-0.0752,-1.2151,-1.396,-0.8717,-0.3881,-0.0558,0.1716,0.3373,0.4677,0.5768,0.6714,0.7547,0.8283,0.8932,0.9501,0.9999,2.0718,2.2353,2.4379,2.5016,2.1417,1.5088,0.7566,-0.0965,-0.4433,0.095,0.5712,0.8109,0.9118,0.9345,0.9201,0.9021,0.891,0.8947,0.9492,0.7038,0.0065,-0.3408,-0.4391,-0.3179,-0.1091,0.0813,0.2354,0.3644,0.4788,0.5834,0.679,0.7655,0.8425,0.9102,0.9692,1.0201,2.1533,2.3704,2.7158,2.9828,2.5001,1.8156,1.2135,0.7118,0.4623,0.5202,0.7122,0.8734,0.94,0.9269,0.8691,0.8452,0.8808,0.8665,0.7228,0.2789,-0.4579,-0.3961,-0.1293,-0.0065,0.0888,0.1785,0.2698,0.369,0.4754,0.5829,0.6854,0.7789,0.8614,0.9329,0.9939,1.0457,2.1687,2.3549,2.598,2.7325,2.4322,1.9751,1.5113,1.044,0.5246,0.3434,0.6656,0.9061,0.9579,0.8997,0.7308,0.6402,0.8622,0.9396,0.8079,0.4046,-0.168,-0.1682,0.0733,0.1604,0.171,0.1796,0.2272,0.3202,0.4413,0.569,0.6893,0.7956,0.8864,0.9625,1.0256,1.0777,2.1397,2.2754,2.4175,2.5332,2.4652,2.0982,1.7679,1.2953,-0.0091,-0.66,0.5384,0.9596,0.962,0.8572,0.733,0.6429,0.9588,1.1274,1.0817,0.8243,0.5023,0.3526,0.3165,0.2307,0.096,0.0073,0.0422,0.183,0.3649,0.5413,0.6939,0.8195,0.9207,1.0014,1.0657,1.117,2.0933,2.1995,2.3306,2.4819,2.423,2.1738,2.1463,2.1528,1.0914,0.242,0.8975,1.1125,0.9421,0.6025,0.7263,0.9692,1.2098,1.4893,1.509,1.2177,0.9141,0.6771,0.4524,0.1384,-0.2585,-0.4985,-0.3853,-0.07,0.2518,0.5125,0.7102,0.8582,0.9692,1.0528,1.1161,1.1645,2.0399,2.1156,2.197,2.255,2.2272,2.211,2.4406,2.8787,2.4193,1.5931,1.4075,1.3512,1.116,0.484,0.6745,1.1213,1.3929,2.0284,2.042,1.4693,1.1089,0.8208,0.471,-0.1291,-1.0492,-1.5833,-1.1226,-0.3953,0.1526,0.5161,0.7577,0.9227,1.038,1.1198,1.1785,1.221,1.9879,2.0377,2.0829,2.1119,2.1277,2.1914,2.3822,2.6321,2.4295,1.9401,1.7201,1.5434,1.4407,1.0687,1.179,1.1901,1.375,1.7499,1.7976,1.4422,1.1199,0.8473,0.4789,-0.3213,-1.8733,-2.8176,-1.7497,-0.5502,0.1777,0.6001,0.8576,1.0225,1.1314,1.2042,1.2531,1.2862,1.9442,1.9784,2.0088,2.0343,2.064,2.1197,2.2081,2.2657,2.1886,2.1019,2.1108,2.0111,1.8235,2.1153,1.4665,1.2251,1.7718,1.6275,1.5408,1.2696,0.9055,0.7314,0.5565,-0.0477,-1.2844,-2.0592,-1.24,-0.2196,0.4219,0.7946,1.0191,1.16,1.2495,1.3052,1.3387,1.3585,1.9105,1.9365,1.9609,1.985,2.0133,2.0511,2.0939,2.1257,2.1633,2.3307,2.7535,2.7569,2.4008,2.0024,1.7507,1.6568,1.7879,1.6895,1.5359,1.0677,0.2354,0.3466,0.654,0.4874,0.0139,-0.2698,0.0105,0.4828,0.8432,1.0764,1.2269,1.3249,1.3852,1.4174,1.431,1.4343,1.885,1.9068,1.9282,1.9505,1.9758,2.0059,2.0411,2.0869,2.174,2.3764,2.7031,2.614,2.5746,2.553,2.0928,1.9204,1.8641,1.8504,1.7681,1.2341,0.1582,0.3538,0.863,0.9777,0.9466,0.9734,1.0933,1.2152,1.3078,1.3817,1.444,1.4937,1.5234,1.5304,1.5222,1.5082,1.8658,1.8851,1.9048,1.9258,1.9496,1.9777,2.0132,2.0634,2.1429,2.2624,2.3768,2.4216,2.5852,2.6239,2.4326,2.3768,2.1624,2.1302,2.244,1.8489,1.2947,1.143,1.2867,1.4307,1.6102,1.8537,1.9515,1.8388,1.7154,1.6485,1.6269,1.6326,1.6394,1.627,1.601,1.5731,1.851,1.8687,1.8873,1.9074,1.9303,1.9576,1.9918,2.0372,2.0976,2.1702,2.2398,2.3038,2.3911,2.5155,3.0049,3.2402,2.4895,2.2679,2.3188,2.332,1.9963,1.7501,1.72,1.826,2.0951,2.5414,2.6471,2.2913,2.0133,1.8451,1.7472,1.7067,1.7007,1.686,1.656,1.6231,1.8392,1.8558,1.8735,1.8929,1.9149,1.9407,1.9721,2.0107,2.0572,2.1096,2.1645,2.2256,2.3133,2.4955,2.9165,3.0445,2.5495,2.3953,2.7307,2.9292,2.3861,2.1305,2.0778,2.1254,2.3227,2.6963,2.7837,2.4565,2.1859,1.979,1.8245,1.7292,1.7074,1.7056,1.6865,1.6579,1.8294,1.8451,1.862,1.8805,1.9014,1.9254,1.9534,1.9863,2.024,2.0661,2.1126,2.1679,2.245,2.3661,2.5166,2.5418,2.4182,2.3955,2.5721,2.6437,2.4752,2.454,2.465,2.3947,2.4096,2.5517,2.6576,2.537,2.2776,2.0707,1.9077,1.7855,1.7348,1.7241,1.7088,1.6841,1.821,1.8359,1.852,1.8695,1.889,1.911,1.936,1.9643,1.9961,2.0314,2.0708,2.117,2.1741,2.2426,2.3039,2.3218,2.306,2.3231,2.3951,2.4701,2.6137,2.9681,3.0822,2.7277,2.505,2.5605,2.7574,2.5834,2.2625,2.1107,1.9882,1.873,1.7996,1.7625,1.7357,1.7083,1.8134,1.8276,1.8428,1.8593,1.8774,1.8975,1.9198,1.9445,1.9718,2.0017,2.0347,2.0716,2.1127,2.1552,2.191,2.2125,2.2284,2.2615,2.3296,2.4608,2.7692,3.3578,3.5329,2.956,2.5612,2.478,2.4932,2.3256,2.1271,2.1035,2.0351,1.9375,1.8578,1.8037,1.7645,1.7314,1.8065,1.8199,1.8342,1.8496,1.8664,1.8846,1.9046,1.9264,1.95,1.9756,2.0031,2.0327,2.0638,2.0944,2.1221,2.1464,2.1735,2.2158,2.291,2.4316,2.6957,3.0567,3.1439,2.8213,2.5215,2.3848,2.3105,2.1938,2.1062,2.0964,2.0454,1.9657,1.8917,1.8336,1.7884,1.7512]},{"header":{"la1":42.85,"la2":41.18,"lo1":11.55,"lo2":14.05,"nx":36,"ny":24,"dx":0.07143,"dy":0.07261,"parameterCategory":2,"parameterNumber":3,"parameterNumberName":"northward_wind","parameterUnit":"m.s-1"},"data":[0.2462,0.222,0.1886,0.1459,0.0957,0.0412,-0.0128,-0.0618,-0.1027,-0.1353,-0.1625,-0.188,-0.2153,-0.2467,-0.2833,-0.3258,-0.3748,-0.4309,-0.4935,-0.5598,-0.6225,-0.6702,-0.6928,-0.6877,-0.6605,-0.6203,-0.5749,-0.5291,-0.4854,-0.4447,-0.407,-0.3723,-0.3404,-0.3108,-0.2835,-0.2583,0.2924,0.2681,0.2305,0.1788,0.1145,0.0427,-0.0287,-0.0906,-0.137,-0.1677,-0.1887,-0.2077,-0.2305,-0.2601,-0.2974,-0.343,-0.3977,-0.4635,-0.543,-0.6352,-0.7296,-0.8033,-0.833,-0.8144,-0.7632,-0.6987,-0.6334,-0.5727,-0.5182,-0.4695,-0.4259,-0.3866,-0.3509,-0.3183,-0.2886,-0.2613,0.3515,0.3298,0.2891,0.2259,0.141,0.0411,-0.0602,-0.145,-0.1989,-0.2216,-0.2272,-0.2323,-0.2465,-0.2724,-0.3093,-0.3564,-0.4146,-0.4882,-0.5862,-0.7172,-0.8714,-0.9991,-1.0385,-0.9856,-0.8874,-0.7842,-0.6922,-0.6141,-0.548,-0.4914,-0.4421,-0.3983,-0.3591,-0.3237,-0.2915,-0.2623,0.4279,0.4145,0.3743,0.2984,0.1838,0.0377,-0.1187,-0.249,-0.3152,-0.3141,-0.2839,-0.2621,-0.2623,-0.283,-0.3187,-0.3653,-0.4219,-0.4942,-0.6024,-0.7843,-1.0552,-1.308,-1.3543,-1.2102,-1.0241,-0.8662,-0.7438,-0.6487,-0.5724,-0.509,-0.4546,-0.407,-0.3645,-0.3264,-0.292,-0.2609,0.5254,0.5318,0.5027,0.4169,0.2618,0.042,-0.2176,-0.4497,-0.5426,-0.4736,-0.3617,-0.2928,-0.275,-0.2915,-0.3269,-0.3711,-0.418,-0.4675,-0.5487,-0.7667,-1.2422,-1.7825,-1.7965,-1.4458,-1.1361,-0.9243,-0.7784,-0.6718,-0.589,-0.521,-0.463,-0.4121,-0.3668,-0.3262,-0.2896,-0.2568,0.6454,0.6928,0.6997,0.6179,0.4131,0.0876,-0.3441,-0.8066,-0.976,-0.7181,-0.4419,-0.3108,-0.2799,-0.299,-0.3383,-0.3799,-0.41,-0.4058,-0.3675,-0.5347,-1.2077,-2.0595,-2.0188,-1.5162,-1.159,-0.9364,-0.7884,-0.6812,-0.5974,-0.5277,-0.4673,-0.4137,-0.3658,-0.3227,-0.2841,-0.2496,0.78,0.9015,0.9993,0.9621,0.6945,0.2418,-0.3654,-1.1399,-1.4624,-0.8917,-0.4507,-0.2937,-0.2734,-0.3101,-0.3626,-0.4052,-0.4203,-0.3671,-0.1611,-0.2331,-0.9229,-1.4906,-1.5694,-1.3199,-1.0786,-0.9034,-0.7769,-0.6799,-0.6,-0.5305,-0.4683,-0.4121,-0.3613,-0.3157,-0.275,-0.239,0.9005,1.1256,1.4129,1.5244,1.1324,0.5237,-0.0915,-0.744,-1.0091,-0.6168,-0.3193,-0.2342,-0.259,-0.3354,-0.4213,-0.4715,-0.4727,-0.4393,-0.3697,-0.5453,-1.066,-1.2547,-1.2208,-1.1071,-0.9722,-0.855,-0.7591,-0.677,-0.6023,-0.5326,-0.4675,-0.4076,-0.3533,-0.3047,-0.2618,-0.2243,0.9555,1.2448,1.7437,2.1455,1.4916,0.7606,0.2802,-0.0654,-0.2163,-0.1801,-0.1362,-0.1585,-0.2445,-0.386,-0.5614,-0.6389,-0.5724,-0.533,-0.6093,-0.9496,-1.5848,-1.504,-1.1673,-0.9995,-0.8996,-0.8241,-0.7556,-0.6855,-0.612,-0.5378,-0.4665,-0.4005,-0.3412,-0.289,-0.2438,-0.205,0.9139,1.1289,1.4476,1.638,1.1678,0.7844,0.5216,0.3073,0.1131,0.0151,-0.0146,-0.0932,-0.2266,-0.4351,-0.8362,-1.0427,-0.6944,-0.5588,-0.6253,-0.9079,-1.3503,-1.3255,-1.0606,-0.9251,-0.8713,-0.8381,-0.7916,-0.7223,-0.6378,-0.5495,-0.4655,-0.3897,-0.3237,-0.2672,-0.2197,-0.1799,0.8163,0.9044,0.8987,0.6435,0.6462,0.7457,0.7311,0.5924,0.1112,-0.1139,0.0445,-0.0403,-0.2008,-0.3919,-0.772,-1.0442,-0.6425,-0.5073,-0.5341,-0.669,-0.8517,-0.9141,-0.8793,-0.876,-0.9163,-0.9429,-0.905,-0.8078,-0.6867,-0.5678,-0.4623,-0.3727,-0.2984,-0.2374,-0.188,-0.1481,0.7243,0.7568,0.7176,0.5933,0.622,0.8167,1.0603,1.2129,0.6499,0.1731,0.1592,0.0164,-0.1875,-0.3942,-0.4333,-0.4813,-0.4486,-0.437,-0.4553,-0.5067,-0.5976,-0.6836,-0.7705,-0.9136,-1.1139,-1.2341,-1.1556,-0.9591,-0.7558,-0.5854,-0.4502,-0.3442,-0.2613,-0.1968,-0.1468,-0.1083,0.6569,0.6817,0.6833,0.6783,0.7382,0.9357,1.3236,1.7929,1.3976,0.6485,0.2862,0.1067,-0.0767,-0.4202,-0.3829,-0.3366,-0.3666,-0.4513,-0.4582,-0.4327,-0.4879,-0.5845,-0.743,-1.0548,-1.5597,-1.8557,-1.5841,-1.1525,-0.8169,-0.5829,-0.4174,-0.2968,-0.2077,-0.142,-0.0939,-0.0591,0.6068,0.6328,0.6556,0.6891,0.7661,0.9321,1.2158,1.517,1.2913,0.685,0.3438,0.1961,0.1411,-0.0911,-0.2067,-0.3546,-0.3749,-0.3923,-0.3944,-0.3849,-0.4543,-0.5565,-0.7306,-1.1595,-2.0269,-2.561,-1.9487,-1.249,-0.8069,-0.5324,-0.35,-0.2227,-0.1327,-0.07,-0.0276,0.0002,0.5654,0.5908,0.6185,0.657,0.7203,0.8211,0.9461,1.004,0.8395,0.5602,0.4046,0.3421,0.243,0.3508,-0.1058,-0.386,-0.63,-0.3615,-0.2789,-0.3594,-0.5534,-0.6339,-0.6916,-1.0075,-1.698,-2.1337,-1.6673,-1.0726,-0.6739,-0.4164,-0.2406,-0.1171,-0.0324,0.0218,0.0533,0.0699,0.5286,0.5508,0.5753,0.6058,0.6455,0.6919,0.7255,0.7043,0.6028,0.4841,0.4402,0.6616,0.5224,0.3019,0.0509,-0.25,-0.4576,-0.1898,-0.0772,-0.3715,-1.0422,-0.9416,-0.6516,-0.713,-0.9858,-1.1558,-0.9988,-0.7072,-0.4488,-0.2475,-0.0934,0.02,0.0946,0.1342,0.1485,0.1484,0.4949,0.5126,0.5312,0.5513,0.572,0.5882,0.5886,0.5602,0.5065,0.46,0.4494,0.5434,0.7467,0.7948,0.2967,0.0734,0.0669,0.3335,0.511,-0.0388,-1.0823,-0.9252,-0.5101,-0.4444,-0.5201,-0.5703,-0.5162,-0.3802,-0.2159,-0.059,0.077,0.1833,0.2468,0.265,0.254,0.2317,0.4641,0.4774,0.4903,0.5021,0.5112,0.5143,0.5066,0.4863,0.4603,0.4453,0.4589,0.5319,0.7808,0.8101,0.392,0.2732,0.421,1.0796,1.7717,0.8158,0.0165,-0.2275,-0.1945,-0.204,-0.2783,-0.3669,-0.3561,-0.2037,-0.0249,0.1248,0.2524,0.3586,0.4129,0.4023,0.3587,0.3116,0.4365,0.4461,0.4544,0.4608,0.464,0.4623,0.4545,0.4416,0.4286,0.4238,0.4357,0.4726,0.5219,0.4657,0.2756,0.2275,0.5087,1.1209,1.5752,1.2453,0.6965,0.2922,0.1124,0.001,-0.1769,-0.5261,-0.5968,-0.1496,0.1582,0.3084,0.4094,0.5039,0.5495,0.512,0.4419,0.3768,0.412,0.4188,0.424,0.4272,0.4277,0.4248,0.4185,0.4101,0.4027,0.3999,0.4043,0.414,0.4133,0.3718,0.2863,0.2803,0.5232,0.951,1.5487,1.7784,1.0248,0.5488,0.3279,0.1961,0.0046,-0.4815,-0.5956,0.1781,0.46,0.5243,0.5375,0.5631,0.5868,0.5523,0.4855,0.4198,0.3907,0.3954,0.3987,0.4001,0.3995,0.3966,0.3918,0.3861,0.3811,0.3784,0.3785,0.3792,0.375,0.3621,0.3533,0.3967,0.5529,0.8377,1.2198,1.3116,0.9153,0.6046,0.4659,0.3978,0.3962,0.5854,1.2172,1.1453,0.9094,0.8043,0.6943,0.6084,0.5777,0.55,0.501,0.4449,0.3722,0.3755,0.3776,0.3782,0.3772,0.3747,0.3711,0.3671,0.3636,0.3613,0.3605,0.3607,0.3613,0.3651,0.3823,0.4326,0.5355,0.6881,0.8342,0.845,0.6993,0.5786,0.5454,0.5363,0.6751,1.182,1.9364,1.6088,1.2958,1.1591,0.9312,0.7365,0.6291,0.569,0.5164,0.4633,0.3562,0.3586,0.36,0.3602,0.3593,0.3573,0.3547,0.3519,0.3496,0.3482,0.3482,0.35,0.3548,0.3655,0.3881,0.4304,0.4961,0.5756,0.6372,0.6415,0.5952,0.5671,0.5678,0.5807,0.7319,1.0734,1.4045,1.482,1.6928,1.5487,1.1702,0.8816,0.71,0.6091,0.5386,0.4803,0.3424,0.3442,0.3452,0.3453,0.3446,0.3432,0.3414,0.3397,0.3384,0.3381,0.3392,0.3426,0.3495,0.3621,0.3833,0.4156,0.4584,0.5042,0.5393,0.5526,0.551,0.5546,0.5618,0.5935,0.7141,0.9262,1.1617,1.4363,1.7398,1.6052,1.2405,0.9497,0.7612,0.6408,0.5576,0.4938]}]