docs/data/wind_grid.json
[{"header":{"la1":42.85,"la2":41.18,"lo1":11.55,"lo2":14.05,"nx":36,"ny":24,"dx":0.07143,"dy":0.07261,"parameterCategory":2,"parameterNumber":2,"parameterNumberName":"eastward_wind","parameterUnit":"m.s-1"},"data":[0.4392,0.4492,0.4598,0.4703,0.4797,0.4864,0.4883,0.4828,0.4678,0.4422,0.4059,0.3598,0.306,0.2484,0.1944,0.1548,0.1384,0.1459,0.1696,0.1997,0.2292,0.2547,0.2755,0.2919,0.3045,0.3141,0.3212,0.3264,0.33,0.3325,0.3339,0.3346,0.3348,0.3344,0.3338,0.333,0.4455,0.4582,0.4724,0.4876,0.5027,0.5159,0.5237,0.5219,0.5066,0.4757,0.4293,0.3685,0.2946,0.2106,0.1271,0.0649,0.0451,0.0685,0.1157,0.1665,0.2105,0.2451,0.2713,0.2908,0.3052,0.3157,0.3232,0.3285,0.332,0.3342,0.3354,0.3357,0.3355,0.3348,0.3338,0.3327,0.4506,0.4662,0.4846,0.5057,0.529,0.5522,0.5706,0.5769,0.5631,0.5255,0.4658,0.3867,0.2877,0.1671,0.0342,-0.0708,-0.0944,-0.0357,0.0537,0.1347,0.1961,0.24,0.271,0.2928,0.3082,0.3191,0.3266,0.3317,0.3348,0.3366,0.3372,0.337,0.3363,0.3351,0.3337,0.3322,0.4536,0.472,0.4948,0.5229,0.5568,0.5952,0.6325,0.6555,0.6468,0.5987,0.5195,0.4191,0.2951,0.134,-0.0676,-0.2468,-0.2737,-0.1492,0.0015,0.1159,0.1925,0.2427,0.276,0.2985,0.314,0.3245,0.3315,0.3359,0.3384,0.3394,0.3394,0.3385,0.3371,0.3353,0.3334,0.3314,0.4538,0.4743,0.5009,0.5358,0.5818,0.6411,0.7103,0.7683,0.7729,0.7029,0.5904,0.4662,0.3271,0.1461,-0.1025,-0.3514,-0.3819,-0.1959,-0.0035,0.1258,0.2056,0.2553,0.2873,0.3084,0.3226,0.3319,0.3379,0.3413,0.3428,0.3428,0.3418,0.34,0.3378,0.3353,0.3327,0.3302,0.4502,0.4716,0.5003,0.54,0.5963,0.6776,0.7913,0.916,0.9518,0.8322,0.6637,0.5178,0.3823,0.2231,0.0129,-0.1981,-0.2339,-0.0899,0.0649,0.1704,0.2361,0.2775,0.3042,0.322,0.3337,0.3412,0.3456,0.3476,0.3478,0.3465,0.3443,0.3414,0.3382,0.3348,0.3315,0.3284,0.4424,0.4629,0.491,0.5309,0.5901,0.6819,0.8271,1.0236,1.1037,0.9154,0.7013,0.555,0.4418,0.329,0.2012,0.0847,0.0487,0.1006,0.1753,0.2354,0.2772,0.3056,0.325,0.3382,0.3469,0.3521,0.3545,0.3548,0.3533,0.3505,0.3468,0.3426,0.3381,0.3337,0.3295,0.3258,0.4303,0.448,0.4723,0.507,0.5586,0.6383,0.7616,0.9219,0.9817,0.8379,0.6807,0.5709,0.4894,0.4182,0.3481,0.2864,0.2533,0.2546,0.2746,0.2979,0.3184,0.3347,0.3471,0.3559,0.3615,0.3642,0.3644,0.3626,0.3592,0.3545,0.349,0.3431,0.3372,0.3316,0.3265,0.3221,0.4148,0.428,0.4458,0.4708,0.5073,0.5616,0.6388,0.7246,0.7665,0.7347,0.6585,0.5814,0.5251,0.4824,0.4408,0.3987,0.3647,0.3458,0.3408,0.3446,0.3524,0.3612,0.3689,0.3744,0.3772,0.3774,0.3752,0.371,0.3652,0.3583,0.3506,0.3427,0.3351,0.328,0.3219,0.3168,0.397,0.4047,0.4145,0.4274,0.4458,0.4749,0.5272,0.6237,0.7646,0.8105,0.6958,0.598,0.5564,0.5367,0.508,0.4646,0.421,0.3902,0.3752,0.3725,0.377,0.384,0.3901,0.3937,0.3943,0.3919,0.387,0.38,0.3713,0.3615,0.3511,0.3408,0.3311,0.3224,0.3152,0.3095,0.3783,0.3804,0.3819,0.3821,0.3809,0.3811,0.4018,0.5229,0.9199,1.1044,0.7492,0.6039,0.5907,0.6059,0.5792,0.5114,0.4436,0.3988,0.3814,0.3835,0.394,0.4051,0.4127,0.4153,0.4135,0.4081,0.3999,0.3895,0.3773,0.3639,0.3501,0.3366,0.3244,0.3139,0.3056,0.2995,0.3602,0.3573,0.3516,0.3407,0.3209,0.2864,0.2339,0.2222,0.5643,0.8374,0.6425,0.5839,0.6309,0.7209,0.6725,0.5421,0.4349,0.37,0.3584,0.3813,0.4093,0.4305,0.441,0.4419,0.4363,0.4267,0.4143,0.3997,0.383,0.365,0.3467,0.3292,0.3137,0.3012,0.292,0.2859,0.3439,0.3373,0.3266,0.3087,0.278,0.2236,0.1271,0.005,0.1374,0.4035,0.4958,0.5831,0.6413,0.7568,0.7028,0.5191,0.3966,0.3195,0.3201,0.3812,0.4377,0.4726,0.483,0.477,0.4639,0.4481,0.4305,0.4107,0.3883,0.3642,0.3396,0.3168,0.2973,0.2826,0.2728,0.2676,0.3301,0.3213,0.3082,0.2884,0.2576,0.2095,0.1393,0.069,0.1271,0.2818,0.396,0.6243,0.6978,0.5938,0.5267,0.409,0.3212,0.3204,0.3423,0.4213,0.5113,0.5558,0.5498,0.5236,0.4965,0.4726,0.4492,0.4233,0.3935,0.3606,0.3273,0.2968,0.2722,0.2553,0.2461,0.2432,0.3189,0.3092,0.2958,0.2775,0.2524,0.2198,0.1838,0.1629,0.1803,0.1976,0.2008,0.2827,0.375,0.3212,0.3763,0.255,0.1368,0.2722,0.3807,0.5249,0.6909,0.7222,0.6489,0.5776,0.531,0.5002,0.4725,0.4397,0.3994,0.3536,0.307,0.2653,0.2339,0.2156,0.2093,0.2115,0.3101,0.3002,0.2876,0.2716,0.2519,0.2295,0.2073,0.1882,0.1611,0.0797,-0.094,-0.0641,0.0623,0.2096,0.2404,0.2119,0.1695,0.27,0.4078,0.6648,1.0354,0.9767,0.7488,0.6202,0.5619,0.534,0.5071,0.4654,0.4083,0.342,0.2746,0.2158,0.1757,0.1584,0.1597,0.1718,0.3032,0.2936,0.2819,0.2678,0.2513,0.2326,0.2118,0.1851,0.1394,0.0479,-0.0832,-0.0534,-0.1374,-0.1871,0.0739,0.1639,0.2151,0.2801,0.3692,0.6307,1.0748,0.9978,0.7492,0.6266,0.5896,0.5885,0.5711,0.5112,0.4229,0.3241,0.2247,0.1395,0.0889,0.079,0.0967,0.1253,0.2979,0.2887,0.2778,0.2649,0.25,0.2326,0.2115,0.1834,0.1422,0.0847,0.0283,-0.019,-0.1774,-0.2143,-0.0329,0.0361,0.1631,0.2463,0.2289,0.431,0.6693,0.7197,0.6485,0.6038,0.6288,0.7004,0.7035,0.5887,0.4403,0.2971,0.1548,0.0311,-0.03,-0.0201,0.0262,0.078,0.294,0.2852,0.275,0.263,0.2491,0.2328,0.2129,0.1877,0.1555,0.1174,0.0776,0.032,-0.027,-0.0594,-0.1642,-0.2182,0.0809,0.2556,0.2982,0.4466,0.5176,0.5578,0.5607,0.5748,0.6739,0.8933,0.9359,0.6655,0.4317,0.2579,0.08,-0.0856,-0.1528,-0.112,-0.0325,0.0415,0.2912,0.2829,0.2733,0.2622,0.2494,0.2345,0.2168,0.1957,0.1708,0.1429,0.1133,0.0812,0.0456,-0.0054,-0.1215,-0.1452,0.0939,0.3077,0.5109,0.583,0.5094,0.5055,0.512,0.5299,0.622,0.8891,0.9479,0.532,0.3333,0.207,0.0439,-0.1293,-0.1961,-0.1428,-0.0521,0.0287,0.2894,0.2816,0.2727,0.2626,0.2511,0.2378,0.2227,0.2053,0.186,0.1652,0.1435,0.121,0.0964,0.0653,0.0328,0.0581,0.1777,0.3266,0.4635,0.5131,0.4934,0.4965,0.4976,0.4762,0.439,0.329,-0.0018,0.0249,0.1476,0.1519,0.0613,-0.0626,-0.1215,-0.0913,-0.0234,0.0435,0.2885,0.2813,0.2731,0.264,0.2538,0.2424,0.2297,0.2157,0.2008,0.1854,0.1701,0.1553,0.1415,0.1308,0.1322,0.1646,0.2353,0.3244,0.4037,0.4517,0.4859,0.5337,0.5436,0.4699,0.3207,0.0163,-0.3521,-0.2069,0.0324,0.116,0.0941,0.031,-0.0102,-0.004,0.0326,0.0768,0.2883,0.2817,0.2744,0.2663,0.2574,0.2477,0.2373,0.2263,0.215,0.2039,0.1936,0.185,0.1795,0.1799,0.1914,0.2206,0.2682,0.3258,0.3819,0.4326,0.493,0.5745,0.5956,0.4926,0.3219,0.0946,-0.0891,-0.0629,0.0526,0.1189,0.1246,0.0992,0.0762,0.0737,0.09,0.1156,0.2887,0.2827,0.2762,0.2692,0.2616,0.2535,0.2451,0.2366,0.2282,0.2205,0.2142,0.2101,0.2097,0.215,0.2288,0.2533,0.288,0.3294,0.3732,0.4191,0.4731,0.5293,0.5377,0.4645,0.3429,0.2075,0.1083,0.089,0.1201,0.1488,0.1553,0.1457,0.1341,0.1306,0.1374,0.1514]},{"header":{"la1":42.85,"la2":41.18,"lo1":11.55,"lo2":14.05,"nx":36,"ny":24,"dx":0.07143,"dy":0.07261,"parameterCategory":2,"parameterNumber":3,"parameterNumberName":"northward_wind","parameterUnit":"m.s-1"},"data":[0.9547,0.9646,0.9752,0.9863,0.9972,1.0067,1.0132,1.0151,1.0115,1.0024,0.9895,0.975,0.9612,0.9496,0.9402,0.9318,0.9221,0.9096,0.8944,0.8777,0.8609,0.8449,0.8303,0.8171,0.8052,0.7946,0.7849,0.7762,0.7682,0.7609,0.7541,0.7479,0.7422,0.737,0.7322,0.728,0.9603,0.9722,0.9857,1.0006,1.0162,1.031,1.0424,1.0473,1.0433,1.0305,1.0117,0.9912,0.9729,0.9595,0.9511,0.9451,0.9366,0.9222,0.9028,0.8817,0.8612,0.8426,0.8261,0.8118,0.7992,0.7881,0.7782,0.7693,0.7612,0.7538,0.747,0.7407,0.7349,0.7296,0.7249,0.7206,0.9647,0.9788,0.9956,1.0153,1.0375,1.0608,1.0811,1.0923,1.0886,1.0693,1.0402,1.0097,0.9845,0.9685,0.9629,0.9629,0.9573,0.9389,0.9122,0.8845,0.8593,0.8378,0.8197,0.8044,0.7914,0.7802,0.7703,0.7614,0.7533,0.7459,0.739,0.7327,0.7268,0.7215,0.7167,0.7125,0.9674,0.9835,1.0035,1.0287,1.0598,1.0962,1.1329,1.1582,1.157,1.1255,1.0774,1.0305,0.9949,0.9751,0.9738,0.9847,0.984,0.9574,0.9192,0.8832,0.8533,0.8294,0.8102,0.7946,0.7817,0.7706,0.761,0.7523,0.7444,0.737,0.7302,0.7238,0.7179,0.7125,0.7077,0.7035,0.9677,0.985,1.0077,1.0381,1.0793,1.1341,1.2,1.2572,1.2654,1.2082,1.1239,1.0517,1.0027,0.9772,0.9772,0.9976,1.0006,0.964,0.9153,0.8733,0.8407,0.8159,0.7968,0.7818,0.7697,0.7594,0.7503,0.7421,0.7345,0.7272,0.7204,0.714,0.708,0.7026,0.6978,0.6936,0.965,0.9824,1.006,1.0394,1.0887,1.1631,1.2714,1.394,1.4304,1.3169,1.1692,1.0663,1.0056,0.9737,0.966,0.9771,0.9752,0.9392,0.892,0.851,0.8196,0.7963,0.779,0.7659,0.7554,0.7464,0.7384,0.7309,0.7236,0.7166,0.7097,0.7032,0.6971,0.6916,0.6867,0.6825,0.9591,0.9751,0.997,1.029,1.0787,1.1607,1.2993,1.4976,1.5806,1.3856,1.1784,1.0621,1.0004,0.9656,0.9464,0.9364,0.9212,0.8899,0.8509,0.8159,0.7891,0.7701,0.7567,0.7468,0.739,0.732,0.7254,0.7188,0.712,0.7051,0.6981,0.6914,0.685,0.6793,0.6743,0.6701,0.9504,0.9633,0.9809,1.0063,1.0457,1.1108,1.2216,1.3805,1.441,1.2777,1.1195,1.0345,0.9883,0.9573,0.9306,0.9033,0.872,0.8354,0.7987,0.7691,0.7491,0.7371,0.7299,0.7251,0.7209,0.7166,0.7117,0.7061,0.6997,0.6927,0.6855,0.6783,0.6715,0.6654,0.6603,0.6562,0.9397,0.9486,0.9599,0.9752,0.9973,1.031,1.0799,1.1313,1.1355,1.082,1.0315,0.9999,0.9781,0.9561,0.9258,0.8832,0.8305,0.7762,0.7328,0.7075,0.698,0.6973,0.6995,0.7015,0.7021,0.701,0.6979,0.6932,0.687,0.6797,0.6718,0.6638,0.6563,0.6497,0.6442,0.6402,0.9283,0.9329,0.9375,0.9421,0.9471,0.953,0.9605,0.9662,0.9601,0.956,0.9689,0.9789,0.9811,0.9711,0.9385,0.8752,0.7855,0.6935,0.6345,0.6204,0.6327,0.6513,0.667,0.6778,0.6838,0.6859,0.6847,0.6806,0.6742,0.666,0.6569,0.6476,0.6389,0.6314,0.6256,0.6218,0.9174,0.9182,0.917,0.9127,0.9038,0.8896,0.8743,0.8747,0.8985,0.906,0.9407,0.9782,1.0032,1.0106,0.9771,0.8812,0.7194,0.5409,0.4583,0.4893,0.5525,0.6031,0.6362,0.6562,0.6676,0.6727,0.6729,0.6689,0.6615,0.6516,0.6403,0.6289,0.6184,0.6097,0.6036,0.6001,0.9081,0.9061,0.9009,0.8905,0.872,0.842,0.8003,0.7744,0.8398,0.8963,0.9417,0.9931,1.0369,1.0725,1.0398,0.9012,0.6103,0.2024,0.1073,0.3072,0.4725,0.5636,0.6124,0.6397,0.6552,0.6626,0.6635,0.6588,0.6494,0.6365,0.6217,0.6067,0.5935,0.5833,0.5769,0.5742,0.9008,0.8974,0.8904,0.8776,0.8554,0.8183,0.7598,0.6968,0.7523,0.8743,0.9569,1.0079,1.0519,1.0957,1.0726,0.9241,0.5314,-0.3354,-0.3625,0.1785,0.439,0.5482,0.6006,0.6302,0.6478,0.6568,0.6579,0.6515,0.6384,0.6204,0.5998,0.5795,0.5623,0.5501,0.5438,0.5428,0.8956,0.8921,0.8855,0.8739,0.8548,0.8244,0.7805,0.7375,0.7779,0.8984,0.98,1.0091,1.0333,1.255,1.0779,0.9855,0.7791,0.1382,-0.0101,0.3119,0.4856,0.5588,0.5988,0.6268,0.6464,0.6572,0.6581,0.6486,0.6294,0.603,0.5731,0.5444,0.5214,0.507,0.5018,0.5043,0.8923,0.8897,0.8849,0.877,0.8652,0.849,0.8322,0.8306,0.8773,0.9632,1.0231,1.0283,1.048,1.0195,1.0577,1.1338,1.3139,0.8321,0.5422,0.5214,0.5455,0.5671,0.5971,0.6274,0.652,0.667,0.6684,0.6537,0.6241,0.5837,0.5387,0.4966,0.4653,0.4492,0.4478,0.4572,0.8903,0.889,0.8866,0.883,0.8787,0.8755,0.8782,0.8977,0.9471,1.0318,1.1437,1.0229,1.0151,1.0194,1.0176,1.0956,1.2013,0.9085,0.6814,0.5854,0.5324,0.5443,0.5908,0.6329,0.669,0.6942,0.6976,0.6733,0.6254,0.5619,0.4921,0.4286,0.3856,0.3702,0.3784,0.4005,0.8887,0.8888,0.8886,0.8887,0.8898,0.8941,0.9054,0.9295,0.9725,1.0407,1.1239,1.0565,1.0056,0.9949,0.9617,0.9395,0.8931,0.7418,0.6158,0.5784,0.5281,0.5433,0.5969,0.649,0.7062,0.756,0.7649,0.7189,0.6366,0.536,0.4271,0.3294,0.2713,0.264,0.2926,0.336,0.8871,0.8882,0.8897,0.892,0.8961,0.9034,0.9162,0.9368,0.9664,1.0015,1.0234,1.0068,0.9881,0.972,0.883,0.8189,0.755,0.5748,0.4326,0.5494,0.5789,0.5869,0.6172,0.6742,0.7723,0.8863,0.9073,0.8014,0.6555,0.5039,0.3407,0.1917,0.1172,0.1334,0.1982,0.2715,0.885,0.8868,0.8892,0.8926,0.8976,0.9051,0.916,0.9308,0.9484,0.9644,0.9705,0.9608,0.9386,0.8846,0.7571,0.7109,0.711,0.5858,0.5053,0.5985,0.6098,0.6051,0.6207,0.6844,0.842,1.0972,1.1473,0.8868,0.6547,0.4647,0.2514,0.0438,-0.0419,0.0127,0.1201,0.2222,0.8822,0.8843,0.887,0.8905,0.8952,0.9015,0.9095,0.9189,0.9282,0.9342,0.9328,0.9203,0.8922,0.8366,0.7523,0.7201,0.7098,0.657,0.6626,0.6833,0.6259,0.5849,0.5803,0.6381,0.7964,1.1011,1.1652,0.7759,0.5744,0.4219,0.213,-0.0112,-0.0984,-0.0277,0.0945,0.2054,0.8788,0.8808,0.8833,0.8864,0.8902,0.8947,0.8999,0.905,0.9087,0.9089,0.9031,0.8886,0.8625,0.8231,0.7783,0.7455,0.7145,0.6772,0.6606,0.6487,0.5832,0.4962,0.4656,0.5191,0.5971,0.5804,0.322,0.3379,0.4183,0.3825,0.2469,0.079,0.0007,0.0416,0.1339,0.2263,0.8747,0.8764,0.8784,0.8808,0.8834,0.8862,0.8889,0.8908,0.8908,0.8875,0.8793,0.8646,0.8423,0.8131,0.7806,0.7484,0.714,0.6768,0.6402,0.5879,0.4741,0.3024,0.2512,0.3658,0.4317,0.293,0.0284,0.1414,0.3196,0.3599,0.3018,0.2081,0.1511,0.1598,0.2104,0.2726,0.87,0.8714,0.8728,0.8743,0.8757,0.877,0.8776,0.8771,0.8746,0.8692,0.8598,0.8456,0.826,0.8017,0.7739,0.7431,0.7085,0.6685,0.6179,0.5374,0.3861,0.1676,0.1126,0.2749,0.371,0.3156,0.2152,0.2421,0.3276,0.3656,0.3476,0.3033,0.2694,0.266,0.2896,0.3268,0.8651,0.8659,0.8666,0.8673,0.8677,0.8675,0.8666,0.8644,0.8602,0.8535,0.8436,0.8298,0.812,0.7903,0.7649,0.7357,0.7017,0.6604,0.6056,0.5241,0.3999,0.2594,0.2227,0.3081,0.376,0.3726,0.3432,0.3455,0.3734,0.3914,0.3862,0.3666,0.3488,0.3445,0.3555,0.3772]}]