docs/data/wind_grid.json
[{"header":{"la1":42.85,"la2":41.18,"lo1":11.55,"lo2":14.05,"nx":36,"ny":24,"dx":0.07143,"dy":0.07261,"parameterCategory":2,"parameterNumber":2,"parameterNumberName":"eastward_wind","parameterUnit":"m.s-1"},"data":[-0.7431,-0.7534,-0.7641,-0.7747,-0.7842,-0.791,-0.7926,-0.7863,-0.7698,-0.7433,-0.7088,-0.6699,-0.6298,-0.5912,-0.5553,-0.5232,-0.4953,-0.4727,-0.4562,-0.4464,-0.4429,-0.4444,-0.449,-0.4549,-0.461,-0.4665,-0.4712,-0.4749,-0.4777,-0.4798,-0.4814,-0.4824,-0.4832,-0.4837,-0.484,-0.4841,-0.7587,-0.7721,-0.7868,-0.8027,-0.8191,-0.8338,-0.843,-0.841,-0.8233,-0.7892,-0.7428,-0.6906,-0.6385,-0.5898,-0.5456,-0.5062,-0.4718,-0.4438,-0.4241,-0.4144,-0.4141,-0.4207,-0.4307,-0.4415,-0.4512,-0.4594,-0.4658,-0.4706,-0.4742,-0.4768,-0.4786,-0.4798,-0.4806,-0.4811,-0.4814,-0.4816,-0.7746,-0.7913,-0.8106,-0.8331,-0.8592,-0.8871,-0.9109,-0.9197,-0.9022,-0.8556,-0.789,-0.7164,-0.6474,-0.5859,-0.5318,-0.4836,-0.4403,-0.4036,-0.3783,-0.369,-0.375,-0.3908,-0.4097,-0.4273,-0.4418,-0.4529,-0.4612,-0.4671,-0.4712,-0.4741,-0.476,-0.4773,-0.4781,-0.4786,-0.4789,-0.4791,-0.7905,-0.8104,-0.8342,-0.8641,-0.9029,-0.9515,-1.0034,-1.0379,-1.0254,-0.9554,-0.8519,-0.7461,-0.654,-0.5775,-0.513,-0.4549,-0.3992,-0.3473,-0.3102,-0.3017,-0.321,-0.3539,-0.3868,-0.4138,-0.4338,-0.448,-0.4578,-0.4645,-0.4689,-0.4719,-0.4738,-0.475,-0.4757,-0.4761,-0.4763,-0.4764,-0.8062,-0.8288,-0.8561,-0.8923,-0.9445,-1.0218,-1.1252,-1.2212,-1.2286,-1.1079,-0.9317,-0.774,-0.6531,-0.5616,-0.4881,-0.4213,-0.3498,-0.2698,-0.2054,-0.1988,-0.248,-0.3122,-0.3657,-0.4038,-0.4292,-0.4456,-0.4563,-0.4631,-0.4674,-0.4701,-0.4718,-0.4728,-0.4733,-0.4735,-0.4736,-0.4736,-0.8224,-0.8472,-0.876,-0.914,-0.9739,-1.079,-1.2583,-1.4876,-1.5575,-1.3177,-1.0083,-0.7841,-0.6362,-0.5332,-0.4551,-0.3857,-0.3017,-0.1786,-0.0535,-0.0528,-0.1647,-0.2772,-0.3541,-0.4013,-0.4297,-0.4466,-0.4568,-0.4629,-0.4666,-0.4688,-0.4701,-0.4707,-0.4709,-0.4708,-0.4707,-0.4705,-0.8402,-0.8678,-0.8966,-0.9298,-0.9816,-1.0875,-1.3139,-1.701,-1.8791,-1.4548,-1.0127,-0.7521,-0.5947,-0.4866,-0.4075,-0.3468,-0.2748,-0.1305,0.0661,0.0572,-0.126,-0.2751,-0.3623,-0.4103,-0.4365,-0.451,-0.4591,-0.4637,-0.4663,-0.4677,-0.4683,-0.4685,-0.4683,-0.4679,-0.4675,-0.4672,-0.8613,-0.8956,-0.9273,-0.9517,-0.9755,-1.0322,-1.1838,-1.4647,-1.5792,-1.2284,-0.881,-0.6711,-0.5301,-0.4165,-0.3261,-0.2809,-0.2662,-0.1981,-0.0615,-0.0641,-0.2073,-0.327,-0.3954,-0.431,-0.4489,-0.4578,-0.4623,-0.4647,-0.466,-0.4665,-0.4665,-0.466,-0.4653,-0.4646,-0.4639,-0.4633,-0.8861,-0.9354,-0.9837,-1.0101,-0.9952,-0.9656,-0.9724,-1.009,-0.9738,-0.8318,-0.6919,-0.575,-0.4603,-0.3247,-0.1681,-0.1143,-0.2192,-0.3031,-0.3043,-0.3126,-0.365,-0.4154,-0.4447,-0.4581,-0.4631,-0.4646,-0.4649,-0.4651,-0.4651,-0.4649,-0.4642,-0.4632,-0.4619,-0.4607,-0.4596,-0.4588,-0.9095,-0.9838,-1.0764,-1.1483,-1.1014,-0.9537,-0.834,-0.7391,-0.6191,-0.5485,-0.5477,-0.5044,-0.4134,-0.2508,0.1007,0.2737,-0.1273,-0.4074,-0.5123,-0.528,-0.5189,-0.5065,-0.4938,-0.4824,-0.4736,-0.4678,-0.4648,-0.4636,-0.4632,-0.4626,-0.4614,-0.4598,-0.4578,-0.4559,-0.4544,-0.4533,-0.9196,-1.016,-1.1644,-1.3383,-1.2887,-0.9774,-0.7668,-0.6353,-0.4343,-0.3432,-0.473,-0.4725,-0.4031,-0.2868,0.0381,0.2695,-0.2527,-0.6423,-0.7884,-0.7487,-0.6573,-0.5808,-0.5284,-0.4948,-0.4744,-0.4637,-0.4598,-0.4595,-0.46,-0.4597,-0.4581,-0.4556,-0.4527,-0.4499,-0.4478,-0.4465,-0.9043,-0.9963,-1.1376,-1.3008,-1.2379,-0.9164,-0.723,-0.6541,-0.5323,-0.4343,-0.4884,-0.4742,-0.405,-0.3267,-0.3066,-0.3397,-0.6642,-1.181,-1.3008,-1.0182,-0.7715,-0.6221,-0.5369,-0.4884,-0.4612,-0.4493,-0.4488,-0.4529,-0.4561,-0.4566,-0.4544,-0.4505,-0.446,-0.442,-0.4392,-0.4378,-0.865,-0.9276,-1.0031,-1.051,-0.9747,-0.8038,-0.6973,-0.686,-0.6509,-0.5664,-0.5296,-0.5098,-0.4452,-0.3177,-0.3542,-0.5542,-0.9889,-1.9706,-1.9838,-1.2107,-0.8004,-0.6049,-0.5113,-0.4641,-0.4361,-0.4251,-0.4331,-0.4458,-0.4533,-0.4542,-0.4503,-0.4438,-0.4368,-0.4311,-0.4276,-0.4264,-0.8155,-0.848,-0.8739,-0.8706,-0.8169,-0.7372,-0.6845,-0.6735,-0.6497,-0.5896,-0.5516,-0.5576,-0.5406,-0.3238,-0.4626,-0.7222,-1.0679,-1.5433,-1.5709,-1.027,-0.6659,-0.5024,-0.4486,-0.4326,-0.4161,-0.4049,-0.4221,-0.4439,-0.4544,-0.4538,-0.4457,-0.4341,-0.423,-0.415,-0.4112,-0.4112,-0.7685,-0.782,-0.7862,-0.7726,-0.739,-0.6976,-0.6656,-0.6453,-0.6192,-0.587,-0.5676,-0.5505,-0.4841,-0.407,-0.5491,-1.0105,-1.4594,-1.118,-0.9231,-0.6296,-0.3642,-0.2956,-0.3462,-0.3972,-0.4159,-0.4153,-0.4333,-0.4555,-0.4632,-0.4561,-0.4391,-0.4186,-0.401,-0.3904,-0.3876,-0.3906,-0.729,-0.7328,-0.7292,-0.7158,-0.6934,-0.6675,-0.6438,-0.6229,-0.6022,-0.588,-0.593,-0.5965,-0.5659,-0.5256,-0.6159,-0.942,-1.2358,-0.8641,-0.5535,-0.2763,0.0458,-0.0144,-0.2304,-0.3588,-0.4217,-0.4503,-0.4726,-0.4868,-0.4829,-0.4611,-0.4274,-0.3911,-0.3636,-0.3515,-0.3534,-0.3634,-0.6975,-0.6965,-0.6906,-0.6789,-0.6625,-0.6439,-0.6255,-0.6084,-0.5942,-0.5878,-0.5931,-0.5942,-0.6271,-0.6467,-0.6174,-0.6712,-0.6538,-0.3987,-0.1558,-0.0829,0.1142,0.0374,-0.1944,-0.3497,-0.4495,-0.5134,-0.545,-0.5438,-0.516,-0.468,-0.405,-0.3412,-0.2991,-0.2905,-0.3057,-0.3295,-0.6723,-0.6692,-0.6627,-0.6527,-0.6399,-0.6255,-0.6112,-0.5981,-0.588,-0.5834,-0.5847,-0.5945,-0.6379,-0.6472,-0.589,-0.5463,-0.3928,0.0438,0.4068,0.0881,-0.0315,-0.1052,-0.2389,-0.3819,-0.518,-0.6303,-0.6687,-0.6309,-0.5626,-0.4756,-0.3668,-0.2552,-0.1935,-0.2026,-0.2467,-0.293,-0.652,-0.648,-0.6416,-0.6329,-0.6224,-0.6109,-0.5994,-0.5891,-0.5811,-0.5765,-0.5759,-0.5803,-0.5887,-0.5824,-0.577,-0.5749,-0.3565,0.045,0.291,0.1443,-0.0139,-0.1471,-0.2746,-0.4233,-0.605,-0.7908,-0.8306,-0.7275,-0.6139,-0.4865,-0.3225,-0.1423,-0.0591,-0.1074,-0.1933,-0.2641,-0.6354,-0.6311,-0.625,-0.6172,-0.6083,-0.5987,-0.5891,-0.5802,-0.5728,-0.5673,-0.5636,-0.5608,-0.5563,-0.548,-0.5531,-0.5374,-0.3521,-0.0762,0.1852,0.2614,0.0268,-0.1442,-0.2757,-0.4324,-0.6349,-0.8327,-0.8712,-0.7819,-0.657,-0.5078,-0.3174,-0.0979,-0.0027,-0.0737,-0.1776,-0.2566,-0.6215,-0.6171,-0.6113,-0.6043,-0.5964,-0.588,-0.5795,-0.5713,-0.5637,-0.5567,-0.55,-0.5421,-0.5314,-0.5166,-0.4961,-0.4458,-0.3232,-0.1414,0.0481,0.0973,-0.0299,-0.1328,-0.2225,-0.3813,-0.5999,-0.8064,-0.951,-0.8749,-0.6878,-0.5317,-0.3746,-0.2013,-0.1117,-0.1435,-0.2143,-0.2756,-0.6097,-0.6052,-0.5997,-0.5932,-0.586,-0.5783,-0.5704,-0.5623,-0.5543,-0.546,-0.5368,-0.5256,-0.5107,-0.4899,-0.4585,-0.4055,-0.3207,-0.2126,-0.1163,-0.0808,-0.0885,-0.0528,-0.06,-0.2598,-0.5364,-0.8205,-1.0718,-0.9158,-0.6315,-0.5142,-0.4312,-0.3305,-0.2604,-0.2511,-0.2773,-0.311,-0.5995,-0.595,-0.5897,-0.5836,-0.5768,-0.5695,-0.5618,-0.5537,-0.5452,-0.5358,-0.5251,-0.5118,-0.4947,-0.4716,-0.4393,-0.3937,-0.3335,-0.2656,-0.2052,-0.1607,-0.1001,0.033,0.0762,-0.1611,-0.4499,-0.6827,-0.7988,-0.6565,-0.4477,-0.4488,-0.4466,-0.4012,-0.3551,-0.3337,-0.3353,-0.3483,-0.5906,-0.5861,-0.5809,-0.5751,-0.5686,-0.5615,-0.554,-0.5458,-0.5369,-0.5268,-0.5152,-0.501,-0.4833,-0.4606,-0.4312,-0.394,-0.3495,-0.3019,-0.2559,-0.2097,-0.1459,-0.0593,-0.0513,-0.2035,-0.401,-0.5498,-0.6001,-0.5207,-0.421,-0.4331,-0.4479,-0.4299,-0.4028,-0.3838,-0.377,-0.3793]},{"header":{"la1":42.85,"la2":41.18,"lo1":11.55,"lo2":14.05,"nx":36,"ny":24,"dx":0.07143,"dy":0.07261,"parameterCategory":2,"parameterNumber":3,"parameterNumberName":"northward_wind","parameterUnit":"m.s-1"},"data":[-0.757,-0.7531,-0.7481,-0.742,-0.7348,-0.727,-0.7193,-0.7127,-0.7076,-0.7032,-0.6982,-0.6904,-0.6782,-0.6606,-0.6376,-0.6104,-0.5811,-0.5532,-0.5303,-0.5154,-0.5094,-0.5109,-0.5176,-0.5272,-0.5378,-0.5484,-0.5583,-0.5675,-0.5759,-0.5836,-0.5907,-0.5974,-0.6036,-0.6094,-0.6148,-0.6199,-0.7596,-0.7553,-0.7495,-0.7419,-0.7325,-0.7218,-0.7113,-0.7031,-0.6987,-0.6974,-0.6964,-0.6917,-0.6804,-0.6607,-0.6324,-0.5965,-0.5563,-0.5171,-0.4859,-0.4681,-0.4647,-0.4726,-0.487,-0.5035,-0.5197,-0.5345,-0.5475,-0.559,-0.5691,-0.5781,-0.5863,-0.5939,-0.6008,-0.6073,-0.6133,-0.6189,-0.762,-0.7573,-0.7506,-0.7411,-0.7283,-0.7124,-0.6957,-0.6832,-0.6795,-0.6844,-0.6918,-0.694,-0.6856,-0.6641,-0.629,-0.5808,-0.5233,-0.4649,-0.4193,-0.3978,-0.4019,-0.4229,-0.4503,-0.4773,-0.5009,-0.5208,-0.5372,-0.5511,-0.5629,-0.5732,-0.5825,-0.5909,-0.5987,-0.6058,-0.6125,-0.6186,-0.764,-0.759,-0.7516,-0.7403,-0.7228,-0.6979,-0.6681,-0.6438,-0.6393,-0.6571,-0.6825,-0.698,-0.6957,-0.6734,-0.6303,-0.5654,-0.4803,-0.3871,-0.3139,-0.2889,-0.3122,-0.3595,-0.4087,-0.4504,-0.4832,-0.5085,-0.5283,-0.5443,-0.5576,-0.5691,-0.5794,-0.5886,-0.5971,-0.605,-0.6122,-0.6189,-0.765,-0.76,-0.7527,-0.7404,-0.7183,-0.6801,-0.624,-0.5681,-0.5559,-0.6037,-0.6673,-0.7067,-0.714,-0.6922,-0.6416,-0.5565,-0.4301,-0.2723,-0.1411,-0.1155,-0.1876,-0.2854,-0.3674,-0.427,-0.4689,-0.499,-0.5215,-0.5391,-0.5535,-0.566,-0.577,-0.5871,-0.5964,-0.605,-0.6129,-0.6201,-0.764,-0.7588,-0.7526,-0.7423,-0.7197,-0.669,-0.5707,-0.4387,-0.3949,-0.5162,-0.6552,-0.7276,-0.7447,-0.7246,-0.6702,-0.5684,-0.3929,-0.1283,0.124,0.1371,-0.0427,-0.2192,-0.3381,-0.4129,-0.4611,-0.4938,-0.5174,-0.5357,-0.5508,-0.5639,-0.5757,-0.5865,-0.5966,-0.606,-0.6145,-0.6223,-0.7592,-0.7523,-0.7471,-0.7429,-0.731,-0.6855,-0.5596,-0.3257,-0.2166,-0.4612,-0.6837,-0.7736,-0.7912,-0.7732,-0.724,-0.6219,-0.4204,-0.0619,0.3401,0.329,0.0299,-0.2019,-0.3362,-0.4137,-0.4615,-0.4932,-0.5162,-0.5342,-0.5493,-0.5628,-0.5753,-0.587,-0.5979,-0.6081,-0.6175,-0.6258,-0.7484,-0.735,-0.726,-0.729,-0.743,-0.7408,-0.6688,-0.4938,-0.4166,-0.6302,-0.8,-0.8508,-0.8504,-0.8361,-0.8083,-0.7314,-0.5532,-0.2395,0.1049,0.1288,-0.0843,-0.2606,-0.3663,-0.4292,-0.4691,-0.4967,-0.5173,-0.5341,-0.5489,-0.5627,-0.5759,-0.5886,-0.6006,-0.6118,-0.622,-0.631,-0.7314,-0.7017,-0.6722,-0.6678,-0.7181,-0.8007,-0.8521,-0.86,-0.8967,-0.9713,-0.9818,-0.943,-0.9083,-0.9037,-0.9297,-0.9047,-0.7433,-0.5113,-0.3064,-0.2361,-0.2844,-0.3556,-0.4116,-0.4514,-0.4803,-0.5022,-0.5198,-0.535,-0.5493,-0.5634,-0.5775,-0.5915,-0.605,-0.6175,-0.6287,-0.6383,-0.7129,-0.6556,-0.5731,-0.5074,-0.5875,-0.8133,-1.0121,-1.1602,-1.3165,-1.3551,-1.1799,-1.0197,-0.9429,-0.9497,-1.0897,-1.1676,-0.901,-0.6644,-0.5149,-0.4383,-0.4184,-0.4283,-0.4484,-0.4702,-0.4906,-0.5081,-0.5229,-0.5364,-0.5501,-0.5647,-0.5803,-0.5962,-0.6116,-0.6258,-0.6381,-0.6484,-0.7055,-0.6241,-0.4752,-0.2773,-0.3489,-0.8031,-1.154,-1.364,-1.6501,-1.7911,-1.3256,-1.0459,-0.939,-0.9292,-1.0626,-1.1732,-0.8818,-0.6696,-0.559,-0.4997,-0.4686,-0.4588,-0.4645,-0.4799,-0.4986,-0.5149,-0.5272,-0.5382,-0.551,-0.5667,-0.5845,-0.6033,-0.6215,-0.6378,-0.6515,-0.6623,-0.7217,-0.6467,-0.5081,-0.3254,-0.4222,-0.9285,-1.3344,-1.5269,-1.5777,-1.5934,-1.2477,-1.0062,-0.9117,-0.8919,-0.886,-0.8491,-0.7086,-0.5727,-0.5187,-0.4892,-0.4636,-0.4521,-0.4588,-0.4808,-0.5083,-0.5276,-0.5352,-0.5408,-0.5518,-0.5691,-0.5908,-0.614,-0.6362,-0.6554,-0.6705,-0.6812,-0.7592,-0.719,-0.6628,-0.6376,-0.784,-1.121,-1.4659,-1.6935,-1.5773,-1.3352,-1.0997,-0.9444,-0.8913,-0.8891,-0.8556,-0.699,-0.5378,-0.4873,-0.4826,-0.4512,-0.4218,-0.412,-0.4312,-0.4759,-0.5298,-0.5574,-0.5506,-0.5435,-0.5514,-0.5722,-0.6003,-0.6306,-0.6586,-0.6813,-0.6974,-0.7071,-0.802,-0.7959,-0.8005,-0.8468,-0.9754,-1.1814,-1.407,-1.5744,-1.4869,-1.2115,-1.0123,-0.9078,-0.8878,-0.8832,-0.7562,-0.4481,-0.194,-0.3498,-0.4141,-0.3786,-0.3318,-0.324,-0.3728,-0.4574,-0.5548,-0.5962,-0.5635,-0.5402,-0.5476,-0.5761,-0.6155,-0.657,-0.6934,-0.7202,-0.736,-0.7424,-0.8364,-0.8493,-0.8769,-0.932,-1.0236,-1.1424,-1.2567,-1.3107,-1.2336,-1.0769,-0.9656,-0.9013,-0.8485,-0.7947,-0.6504,0.0857,0.856,0.0487,-0.2654,-0.2532,-0.1335,-0.1385,-0.2664,-0.4004,-0.5135,-0.5624,-0.5362,-0.5184,-0.5368,-0.5819,-0.6408,-0.7004,-0.7489,-0.7793,-0.7913,-0.7899,-0.8577,-0.8773,-0.9076,-0.9527,-1.0119,-1.0755,-1.123,-1.1268,-1.0721,-0.9964,-0.9765,-0.907,-0.8657,-0.7856,-0.5998,-0.0071,0.5201,-0.0152,-0.2709,-0.1285,0.2726,0.1776,-0.1398,-0.3215,-0.4142,-0.4523,-0.4553,-0.4685,-0.5157,-0.5918,-0.6838,-0.7733,-0.8392,-0.8698,-0.8697,-0.8519,-0.8672,-0.8868,-0.9127,-0.9452,-0.9814,-1.0139,-1.0315,-1.0237,-0.9916,-0.9595,-0.9615,-0.9132,-0.8705,-0.8435,-0.6732,-0.4377,-0.2988,-0.4233,-0.5052,-0.2335,0.3174,0.2052,-0.128,-0.2801,-0.3221,-0.318,-0.3252,-0.3812,-0.4806,-0.6086,-0.7554,-0.8959,-0.9867,-1.0063,-0.976,-0.9278,-0.8682,-0.885,-0.9049,-0.9271,-0.9486,-0.9648,-0.9703,-0.9618,-0.9423,-0.9218,-0.9039,-0.8751,-0.8605,-0.8422,-0.7339,-0.6522,-0.6009,-0.7386,-0.9218,-0.579,-0.2417,-0.1673,-0.2462,-0.281,-0.2252,-0.1132,-0.0978,-0.2422,-0.4336,-0.6347,-0.8627,-1.0901,-1.2152,-1.1956,-1.1041,-1.0086,-0.8637,-0.8771,-0.8916,-0.9061,-0.9186,-0.9262,-0.9265,-0.9185,-0.904,-0.8862,-0.8659,-0.8419,-0.818,-0.7864,-0.7711,-0.7759,-0.7,-0.7587,-0.8366,-0.6704,-0.5099,-0.3999,-0.3565,-0.2965,-0.1242,0.2038,0.2723,-0.0929,-0.4062,-0.6678,-0.9802,-1.3291,-1.4928,-1.394,-1.2182,-1.0724,-0.8561,-0.8662,-0.8763,-0.8855,-0.8924,-0.8953,-0.893,-0.8851,-0.8724,-0.8561,-0.8367,-0.8143,-0.7897,-0.7664,-0.7647,-0.7621,-0.7092,-0.6947,-0.6894,-0.684,-0.5907,-0.4936,-0.427,-0.3421,-0.154,0.2341,0.3213,-0.1796,-0.4644,-0.696,-1.0169,-1.4225,-1.6058,-1.4642,-1.2536,-1.0914,-0.8468,-0.8541,-0.8609,-0.8664,-0.8697,-0.8697,-0.8659,-0.858,-0.8462,-0.8311,-0.8132,-0.7927,-0.7708,-0.7507,-0.7367,-0.7196,-0.6911,-0.6697,-0.6622,-0.6481,-0.5862,-0.5205,-0.4746,-0.4217,-0.3479,-0.338,-0.5756,-0.5885,-0.5943,-0.7088,-0.9288,-1.2296,-1.3942,-1.3275,-1.1829,-1.0561,-0.8368,-0.8419,-0.8462,-0.8491,-0.85,-0.8482,-0.8434,-0.8354,-0.8244,-0.8104,-0.794,-0.7755,-0.756,-0.7367,-0.7183,-0.6984,-0.6755,-0.6537,-0.6341,-0.6065,-0.5596,-0.5137,-0.4964,-0.485,-0.4936,-0.6237,-0.8632,-0.7609,-0.676,-0.7073,-0.8148,-0.9838,-1.1066,-1.1169,-1.059,-0.987,-0.8268,-0.8301,-0.8325,-0.8336,-0.8328,-0.8299,-0.8245,-0.8166,-0.806,-0.7931,-0.7781,-0.7614,-0.7435,-0.7251,-0.7063,-0.6864,-0.665,-0.6427,-0.6183,-0.587,-0.5442,-0.5013,-0.4927,-0.5087,-0.5426,-0.6242,-0.7086,-0.701,-0.6943,-0.6997,-0.7461,-0.8372,-0.9193,-0.9535,-0.9441,-0.9131,-0.817,-0.819,-0.82,-0.8197,-0.8178,-0.8142,-0.8084,-0.8006,-0.7906,-0.7786,-0.7649,-0.7496,-0.7332,-0.7159,-0.6978,-0.6788,-0.6585,-0.6368,-0.6126,-0.5839,-0.55,-0.5194,-0.5114,-0.5277,-0.5594,-0.6061,-0.6508,-0.6783,-0.6949,-0.6966,-0.7191,-0.7686,-0.8199,-0.8518,-0.8597,-0.8507]}]