docs/data/wind_grid.json
{"header": {"la1":42.1,"la2":41.55,"lo1":12.1,"lo2":12.95,"nx":50,"ny":50,"dx":0.01735,"dy":0.01122,"parameterCategory":2,"parameterNumber":2,"parameterNumberName":"eastward_wind","parameterUnit":"m.s-1"}, "data":
[rows 0 to 39 of 50, columns 0 to 49 of 50]
0.5987,0.8052,1.0009,1.1477,1.2087,1.1661,1.0303,0.8334,0.6125,0.3969,0.2038,0.04,-0.0939,-0.2007,-0.2846,-0.3495,-0.399,-0.4362,-0.4637,-0.4837,-0.4987,-0.5113,-0.5242,-0.5403,-0.5618,-0.5899,-0.6254,-0.6681,-0.7181,-0.775,-0.8388,-0.9093,-0.9861,-1.0683,-1.1545,-1.2424,-1.3288,-1.4098,-1.4814,-1.5399,-1.5824,-1.6081,-1.6173,-1.6118,-1.5942,-1.5676,-1.5346,-1.4978,-1.4589,-1.4196
0.5404,0.7519,0.9539,1.1057,1.1687,1.1253,0.9881,0.7908,0.571,0.358,0.1683,0.0085,-0.1214,-0.2243,-0.3043,-0.3655,-0.4115,-0.4452,-0.4691,-0.4853,-0.4964,-0.5051,-0.5147,-0.5286,-0.5493,-0.5781,-0.6152,-0.6604,-0.7134,-0.774,-0.842,-0.9176,-1.0003,-1.0895,-1.1837,-1.2805,-1.3762,-1.4662,-1.5454,-1.6092,-1.6544,-1.6796,-1.6857,-1.6752,-1.6515,-1.6181,-1.5785,-1.5354,-1.4909,-1.4465
0.4546,0.664,0.8653,1.0166,1.0796,1.0385,0.9067,0.7176,0.5072,0.3035,0.1223,-0.0301,-0.1535,-0.2508,-0.3259,-0.3827,-0.4246,-0.4543,-0.4742,-0.4863,-0.4928,-0.4971,-0.503,-0.5145,-0.5347,-0.5645,-0.6039,-0.652,-0.7084,-0.7727,-0.8452,-0.9259,-1.0148,-1.1114,-1.2144,-1.3211,-1.4273,-1.5275,-1.6154,-1.6853,-1.7331,-1.7574,-1.7595,-1.7428,-1.7117,-1.6705,-1.6234,-1.5733,-1.5226,-1.473
0.3425,0.543,0.737,0.8833,0.9457,0.9105,0.7911,0.6181,0.4246,0.2361,0.0677,-0.0743,-0.1893,-0.2796,-0.3488,-0.4006,-0.438,-0.4635,-0.4791,-0.4866,-0.4881,-0.4872,-0.4888,-0.498,-0.518,-0.5496,-0.5917,-0.6432,-0.7032,-0.7715,-0.8484,-0.9343,-1.0296,-1.134,-1.2463,-1.3639,-1.4818,-1.5936,-1.6915,-1.7682,-1.8188,-1.8415,-1.8386,-1.8143,-1.7744,-1.7243,-1.6687,-1.611,-1.5538,-1.4985
0.208,0.3944,0.5767,0.7154,0.7779,0.7524,0.6509,0.5,0.3285,0.1594,0.0069,-0.1224,-0.2275,-0.3099,-0.3726,-0.4189,-0.4516,-0.4727,-0.4839,-0.4864,-0.4824,-0.4756,-0.4724,-0.4791,-0.4996,-0.5338,-0.5795,-0.6347,-0.6984,-0.7706,-0.8518,-0.9428,-1.0444,-1.1567,-1.2789,-1.4082,-1.5393,-1.6643,-1.7736,-1.858,-1.9113,-1.9318,-1.9223,-1.889,-1.8389,-1.7787,-1.7137,-1.6479,-1.5838,-1.5227
0.058,0.2275,0.3961,0.5273,0.5914,0.5784,0.4979,0.3721,0.2253,0.0778,-0.0571,-0.1727,-0.2669,-0.3409,-0.3969,-0.4376,-0.4653,-0.482,-0.4887,-0.4862,-0.4761,-0.4628,-0.4541,-0.4586,-0.4804,-0.5181,-0.5679,-0.6271,-0.6946,-0.7704,-0.8556,-0.9514,-1.0591,-1.1793,-1.3116,-1.4534,-1.5989,-1.7387,-1.8609,-1.9541,-2.0101,-2.0273,-2.0099,-1.9657,-1.904,-1.8326,-1.7576,-1.6833,-1.612,-1.5451
-0.0989,0.0533,0.2091,0.3343,0.4019,0.4025,0.3437,0.243,0.121,-0.0047,-0.1217,-0.2232,-0.3065,-0.3719,-0.4211,-0.4562,-0.4793,-0.4916,-0.494,-0.4865,-0.4702,-0.4499,-0.4354,-0.438,-0.4621,-0.5042,-0.5585,-0.6215,-0.6922,-0.7712,-0.86,-0.9601,-1.0733,-1.2011,-1.3435,-1.4982,-1.6591,-1.8153,-1.9521,-2.0549,-2.1137,-2.1266,-2.0995,-2.043,-1.9683,-1.8848,-1.7993,-1.7161,-1.6376,-1.5651
-0.2532,-0.1166,0.0287,0.1499,0.2221,0.236,0.1971,0.1196,0.0206,-0.0845,-0.1845,-0.2724,-0.3452,-0.4024,-0.4451,-0.4748,-0.4934,-0.5018,-0.5003,-0.4883,-0.4663,-0.439,-0.4188,-0.4201,-0.4474,-0.4941,-0.5524,-0.6186,-0.6919,-0.7734,-0.865,-0.9686,-1.0867,-1.2213,-1.3732,-1.5409,-1.7179,-1.8917,-2.0446,-2.158,-2.2195,-2.227,-2.1888,-2.1185,-2.0297,-1.9335,-1.8373,-1.7454,-1.66,-1.582
-0.396,-0.2723,-0.1351,-0.0161,0.0606,0.0859,0.064,0.0064,-0.0725,-0.1593,-0.2438,-0.3193,-0.3822,-0.4318,-0.4684,-0.4933,-0.5078,-0.5127,-0.508,-0.4927,-0.4664,-0.4335,-0.4085,-0.4093,-0.4397,-0.4902,-0.5513,-0.6192,-0.6941,-0.7772,-0.8706,-0.977,-1.0989,-1.2391,-1.3995,-1.5793,-1.7724,-1.9646,-2.1347,-2.2595,-2.3234,-2.3247,-2.2742,-2.189,-2.0858,-1.9769,-1.8703,-1.7701,-1.6783,-1.5954
-0.5198,-0.4064,-0.2755,-0.1584,-0.0785,-0.0443,-0.0528,-0.0943,-0.1564,-0.2276,-0.2984,-0.3627,-0.4169,-0.4595,-0.4908,-0.5114,-0.5224,-0.5245,-0.5175,-0.5003,-0.472,-0.4367,-0.4095,-0.4103,-0.4424,-0.4942,-0.5557,-0.6238,-0.6988,-0.7825,-0.877,-0.9849,-1.1093,-1.2536,-1.4208,-1.6112,-1.8191,-2.0294,-2.217,-2.3536,-2.42,-2.4143,-2.351,-2.251,-2.1337,-2.0128,-1.8966,-1.7891,-1.6917,-1.6045
-0.6193,-0.5144,-0.3894,-0.2752,-0.194,-0.1541,-0.1529,-0.1819,-0.2305,-0.2885,-0.3477,-0.4023,-0.4487,-0.4854,-0.512,-0.529,-0.5372,-0.537,-0.5286,-0.5111,-0.4839,-0.4505,-0.4247,-0.4258,-0.4568,-0.5064,-0.5656,-0.632,-0.7061,-0.7894,-0.884,-0.9923,-1.1177,-1.2641,-1.4355,-1.6337,-1.854,-2.0806,-2.2848,-2.4329,-2.5016,-2.4893,-2.4138,-2.3002,-2.1703,-2.0391,-1.9148,-1.8012,-1.6994,-1.609
-0.692,-0.5948,-0.4766,-0.3672,-0.2874,-0.2448,-0.2371,-0.2569,-0.2948,-0.3421,-0.3915,-0.4377,-0.4774,-0.5089,-0.5317,-0.5459,-0.5518,-0.5501,-0.5408,-0.5242,-0.5004,-0.4727,-0.4521,-0.4536,-0.4807,-0.525,-0.5798,-0.6431,-0.7152,-0.7975,-0.8913,-0.9991,-1.1238,-1.2699,-1.4424,-1.6446,-1.8732,-2.1123,-2.3305,-2.4888,-2.5599,-2.5422,-2.4567,-2.3321,-2.1925,-2.0535,-1.9235,-1.8057,-1.7009,-1.6083
-0.7381,-0.6488,-0.5391,-0.4368,-0.361,-0.3185,-0.3072,-0.3205,-0.3502,-0.3889,-0.43,-0.4689,-0.5028,-0.5299,-0.5495,-0.5616,-0.566,-0.563,-0.5531,-0.5375,-0.518,-0.4978,-0.4839,-0.4863,-0.5085,-0.5465,-0.5961,-0.6558,-0.7257,-0.8065,-0.8991,-1.0052,-1.1276,-1.2709,-1.4408,-1.6422,-1.8735,-2.1194,-2.3469,-2.5129,-2.5865,-2.5657,-2.4742,-2.343,-2.1978,-2.0546,-1.9216,-1.8018,-1.6956,-1.6023
-0.7602,-0.6796,-0.5804,-0.4875,-0.418,-0.3779,-0.3652,-0.3742,-0.3978,-0.4293,-0.4635,-0.4962,-0.5248,-0.548,-0.565,-0.5756,-0.5791,-0.5752,-0.5644,-0.5491,-0.5328,-0.5189,-0.5114,-0.5154,-0.5342,-0.567,-0.6122,-0.6689,-0.7368,-0.8162,-0.9072,-1.0109,-1.1295,-1.2673,-1.4308,-1.626,-1.8531,-2.0986,-2.3288,-2.4987,-2.5748,-2.5546,-2.4623,-2.3302,-2.1845,-2.0412,-1.9085,-1.7891,-1.6834,-1.5906
-0.763,-0.6918,-0.6046,-0.523,-0.4616,-0.4256,-0.4132,-0.4196,-0.4385,-0.4644,-0.4926,-0.5197,-0.5436,-0.5632,-0.5778,-0.5873,-0.5905,-0.5861,-0.5739,-0.5575,-0.5421,-0.5317,-0.5288,-0.5354,-0.5534,-0.5839,-0.6266,-0.6814,-0.7481,-0.8264,-0.9158,-1.0165,-1.13,-1.2601,-1.4134,-1.5969,-1.8129,-2.0496,-2.275,-2.4441,-2.5226,-2.5067,-2.4197,-2.293,-2.1523,-2.0133,-1.8841,-1.7676,-1.6642,-1.5733
-0.7521,-0.6908,-0.6165,-0.5471,-0.4948,-0.464,-0.4532,-0.4582,-0.4737,-0.4949,-0.518,-0.5402,-0.5596,-0.5755,-0.5876,-0.5959,-0.5992,-0.5949,-0.5812,-0.5622,-0.5447,-0.5343,-0.5342,-0.5446,-0.565,-0.596,-0.6385,-0.6929,-0.7593,-0.8371,-0.9253,-1.0229,-1.1303,-1.2506,-1.3904,-1.5575,-1.7557,-1.9758,-2.1889,-2.3523,-2.4326,-2.4246,-2.3484,-2.2329,-2.1023,-1.9716,-1.849,-1.7377,-1.6384,-1.5507
-0.7332,-0.6818,-0.6203,-0.5632,-0.5204,-0.4954,-0.4869,-0.4913,-0.5043,-0.5218,-0.5405,-0.5582,-0.5733,-0.5853,-0.5945,-0.601,-0.6044,-0.6006,-0.5859,-0.5634,-0.5408,-0.527,-0.529,-0.5449,-0.5702,-0.604,-0.648,-0.7033,-0.7704,-0.8486,-0.9361,-1.0307,-1.1316,-1.2409,-1.3647,-1.5115,-1.6868,-1.8841,-2.0784,-2.2317,-2.3128,-2.3146,-2.2533,-2.1534,-2.0368,-1.9177,-1.8043,-1.7001,-1.6063,-1.5229
-0.7109,-0.669,-0.6197,-0.5744,-0.5408,-0.5216,-0.5158,-0.5203,-0.5315,-0.546,-0.5609,-0.5745,-0.5855,-0.5936,-0.5993,-0.6033,-0.6057,-0.6027,-0.5879,-0.562,-0.5325,-0.5127,-0.5168,-0.5401,-0.5718,-0.6096,-0.6559,-0.713,-0.7818,-0.8612,-0.9488,-1.0411,-1.1355,-1.233,-1.3394,-1.4636,-1.6127,-1.783,-1.9543,-2.094,-2.1741,-2.1862,-2.1414,-2.0595,-1.9592,-1.8539,-1.7514,-1.6558,-1.5687,-1.4906
-0.689,-0.6557,-0.6175,-0.5829,-0.5577,-0.5441,-0.5411,-0.5462,-0.5561,-0.5682,-0.58,-0.59,-0.5973,-0.6016,-0.6035,-0.6044,-0.6049,-0.6019,-0.5879,-0.5606,-0.5249,-0.498,-0.5046,-0.536,-0.5734,-0.6146,-0.6633,-0.7226,-0.7937,-0.8753,-0.9641,-1.055,-1.1437,-1.2296,-1.3179,-1.4185,-1.5399,-1.6815,-1.8277,-1.9515,-2.0286,-2.0494,-2.0204,-1.9567,-1.8735,-1.7828,-1.6922,-1.606,-1.5264,-1.4543
-0.6697,-0.6442,-0.6156,-0.5903,-0.5727,-0.5642,-0.5639,-0.5697,-0.5789,-0.5891,-0.5984,-0.6055,-0.6096,-0.6105,-0.6091,-0.6069,-0.605,-0.6011,-0.5881,-0.5622,-0.5254,-0.4941,-0.5024,-0.5384,-0.578,-0.6206,-0.671,-0.7326,-0.8064,-0.8912,-0.9825,-1.0736,-1.1578,-1.2328,-1.3034,-1.3805,-1.4744,-1.5874,-1.7081,-1.8147,-1.8864,-1.9131,-1.8976,-1.8503,-1.7833,-1.707,-1.6283,-1.5519,-1.4803,-1.4144
-0.6542,-0.6354,-0.615,-0.5976,-0.5865,-0.5826,-0.5849,-0.5916,-0.6005,-0.6095,-0.6169,-0.6216,-0.6231,-0.6215,-0.6175,-0.6127,-0.6086,-0.6031,-0.591,-0.5689,-0.5386,-0.5114,-0.5186,-0.5505,-0.5868,-0.6284,-0.6795,-0.7431,-0.8201,-0.9088,-1.0041,-1.0972,-1.1788,-1.2445,-1.2985,-1.353,-1.4206,-1.5062,-1.602,-1.6908,-1.7548,-1.7841,-1.7785,-1.7447,-1.692,-1.6288,-1.5616,-1.4948,-1.431,-1.3717
-0.6429,-0.6298,-0.6162,-0.6055,-0.5999,-0.5999,-0.6047,-0.6126,-0.6215,-0.6297,-0.6358,-0.6389,-0.6386,-0.6351,-0.6294,-0.6227,-0.6164,-0.6091,-0.5972,-0.5799,-0.5609,-0.5468,-0.55,-0.5695,-0.5985,-0.6376,-0.6889,-0.7542,-0.8345,-0.9279,-1.0285,-1.1257,-1.2071,-1.2654,-1.3044,-1.3377,-1.3807,-1.4407,-1.5128,-1.5834,-1.6378,-1.6662,-1.6666,-1.643,-1.6019,-1.5502,-1.4933,-1.4356,-1.3795,-1.3267
-0.6356,-0.6273,-0.6194,-0.6142,-0.6132,-0.6167,-0.6238,-0.6329,-0.6423,-0.6502,-0.6555,-0.6575,-0.6561,-0.6515,-0.6446,-0.6365,-0.6281,-0.6185,-0.6061,-0.592,-0.5821,-0.5799,-0.5795,-0.5877,-0.6106,-0.6475,-0.6988,-0.7657,-0.8492,-0.9476,-1.0546,-1.1577,-1.2413,-1.2946,-1.3206,-1.3347,-1.3549,-1.3911,-1.4408,-1.4934,-1.5364,-1.561,-1.5639,-1.547,-1.5148,-1.4725,-1.4247,-1.3751,-1.3263,-1.2799
-0.6317,-0.6276,-0.6243,-0.6236,-0.6265,-0.633,-0.6423,-0.6529,-0.663,-0.6712,-0.6762,-0.6776,-0.6755,-0.6704,-0.6629,-0.6537,-0.6432,-0.6309,-0.6167,-0.6026,-0.5945,-0.5944,-0.5939,-0.6001,-0.6213,-0.6575,-0.709,-0.7772,-0.8634,-0.9666,-1.0802,-1.1903,-1.278,-1.3287,-1.3441,-1.3412,-1.341,-1.3554,-1.3841,-1.4191,-1.4497,-1.4681,-1.4706,-1.4574,-1.4314,-1.3965,-1.3563,-1.3141,-1.272,-1.2316
-0.6307,-0.63,-0.6306,-0.6336,-0.6399,-0.6491,-0.6605,-0.6727,-0.684,-0.6929,-0.698,-0.699,-0.6965,-0.6912,-0.6836,-0.6737,-0.6611,-0.6458,-0.6286,-0.6118,-0.6,-0.5959,-0.5976,-0.6079,-0.6308,-0.6676,-0.7194,-0.7883,-0.8763,-0.983,-1.1022,-1.2191,-1.3117,-1.3619,-1.3694,-1.3526,-1.3348,-1.3298,-1.3395,-1.3575,-1.3754,-1.3862,-1.3859,-1.3739,-1.3519,-1.3225,-1.2887,-1.2528,-1.2169,-1.1823
-0.6321,-0.6342,-0.6379,-0.6441,-0.6531,-0.6648,-0.6784,-0.6924,-0.7053,-0.7152,-0.7208,-0.7215,-0.7184,-0.713,-0.7058,-0.6958,-0.6815,-0.6632,-0.6424,-0.622,-0.6058,-0.5982,-0.6016,-0.6157,-0.6408,-0.6782,-0.7298,-0.7986,-0.8869,-0.995,-1.1174,-1.2388,-1.3356,-1.3865,-1.3893,-1.3626,-1.3309,-1.3098,-1.3026,-1.3051,-1.3105,-1.3128,-1.3082,-1.2956,-1.2758,-1.2505,-1.2218,-1.1915,-1.1613,-1.1321
-0.6351,-0.6396,-0.646,-0.6547,-0.6662,-0.6801,-0.6958,-0.7119,-0.7268,-0.7384,-0.7446,-0.7449,-0.7407,-0.7348,-0.7285,-0.7193,-0.7041,-0.683,-0.6588,-0.6354,-0.6167,-0.6076,-0.6112,-0.6267,-0.6525,-0.6895,-0.7402,-0.8074,-0.8942,-1.0011,-1.1231,-1.2454,-1.3436,-1.3955,-1.3968,-1.3649,-1.324,-1.2904,-1.2693,-1.2581,-1.2518,-1.2454,-1.2357,-1.2213,-1.2024,-1.18,-1.1555,-1.1302,-1.1052,-1.0811
-0.6392,-0.6458,-0.6543,-0.6652,-0.6787,-0.6947,-0.7125,-0.731,-0.7484,-0.7622,-0.7695,-0.769,-0.7626,-0.7554,-0.7501,-0.7429,-0.7278,-0.7044,-0.6775,-0.6523,-0.6329,-0.6234,-0.6265,-0.6412,-0.666,-0.7016,-0.7501,-0.8145,-0.8978,-1.0006,-1.1182,-1.2366,-1.3329,-1.385,-1.3874,-1.3548,-1.3095,-1.2677,-1.2357,-1.2129,-1.1961,-1.1814,-1.1663,-1.1495,-1.1307,-1.1105,-1.0895,-1.0687,-1.0486,-1.0295
-0.6441,-0.6524,-0.6626,-0.6753,-0.6906,-0.7084,-0.7283,-0.7493,-0.7696,-0.7864,-0.7955,-0.794,-0.7837,-0.7734,-0.769,-0.7647,-0.7506,-0.7257,-0.6971,-0.6713,-0.6523,-0.6431,-0.6452,-0.658,-0.6808,-0.7138,-0.7592,-0.8195,-0.8975,-0.9936,-1.1032,-1.2136,-1.3043,-1.3552,-1.3602,-1.3304,-1.2848,-1.2385,-1.1987,-1.1667,-1.1407,-1.1185,-1.0982,-1.0786,-1.0596,-1.0411,-1.0234,-1.0068,-0.9914,-0.9773
-0.6494,-0.6591,-0.6707,-0.6848,-0.7015,-0.7209,-0.7427,-0.7662,-0.7898,-0.8103,-0.8223,-0.8201,-0.8042,-0.7879,-0.7831,-0.7822,-0.7699,-0.7445,-0.7155,-0.6905,-0.6727,-0.6639,-0.665,-0.6757,-0.6957,-0.7256,-0.767,-0.8224,-0.8937,-0.981,-1.08,-1.1794,-1.2618,-1.31,-1.3176,-1.2924,-1.2492,-1.2013,-1.1563,-1.117,-1.0834,-1.0545,-1.0293,-1.0073,-0.988,-0.9712,-0.9567,-0.9443,-0.9336,-0.9245
-0.6549,-0.6655,-0.6782,-0.6934,-0.7112,-0.7319,-0.7553,-0.781,-0.8078,-0.8325,-0.8488,-0.8471,-0.8244,-0.7989,-0.7915,-0.7931,-0.7828,-0.7585,-0.7309,-0.7079,-0.6921,-0.6841,-0.6844,-0.693,-0.71,-0.7363,-0.7733,-0.823,-0.8868,-0.9643,-1.0513,-1.1382,-1.2105,-1.2544,-1.2638,-1.2431,-1.2033,-1.1555,-1.1072,-1.0623,-1.0222,-0.9875,-0.9582,-0.9341,-0.9148,-0.9,-0.8889,-0.8809,-0.8751,-0.8711
-0.6601,-0.6716,-0.6851,-0.701,-0.7196,-0.7411,-0.7656,-0.793,-0.8223,-0.851,-0.872,-0.8726,-0.844,-0.8075,-0.7948,-0.7966,-0.7883,-0.7667,-0.7425,-0.7229,-0.7098,-0.703,-0.7027,-0.7091,-0.7231,-0.7455,-0.7779,-0.8216,-0.8776,-0.9449,-1.0196,-1.0936,-1.1553,-1.1936,-1.203,-1.1855,-1.1488,-1.1015,-1.0508,-1.0012,-0.9557,-0.9161,-0.8833,-0.8577,-0.8391,-0.8268,-0.8196,-0.8163,-0.8158,-0.8171
-0.6651,-0.6771,-0.6912,-0.7075,-0.7265,-0.7483,-0.7733,-0.8014,-0.8321,-0.8631,-0.8876,-0.8909,-0.8596,-0.8152,-0.796,-0.795,-0.7877,-0.7701,-0.7506,-0.7355,-0.7256,-0.7203,-0.7194,-0.7238,-0.7346,-0.7532,-0.7809,-0.8186,-0.8668,-0.9241,-0.9869,-1.0484,-1.0994,-1.1312,-1.1388,-1.1226,-1.0875,-1.0403,-0.9871,-0.9333,-0.8829,-0.839,-0.8034,-0.7772,-0.7601,-0.7511,-0.7485,-0.7506,-0.7557,-0.7627
-0.6698,-0.6821,-0.6963,-0.7128,-0.7318,-0.7535,-0.7782,-0.806,-0.8364,-0.8672,-0.8918,-0.8958,-0.8658,-0.821,-0.7975,-0.7919,-0.7846,-0.7709,-0.7567,-0.7465,-0.7402,-0.7362,-0.7346,-0.7368,-0.7445,-0.7594,-0.7824,-0.8143,-0.8549,-0.9029,-0.9546,-1.0045,-1.0452,-1.0697,-1.0738,-1.0567,-1.0213,-0.9727,-0.9164,-0.8582,-0.8031,-0.7553,-0.7178,-0.6919,-0.6773,-0.6725,-0.6754,-0.6836,-0.695,-0.708
-0.6739,-0.6863,-0.7006,-0.7169,-0.7355,-0.7567,-0.7805,-0.807,-0.8354,-0.8635,-0.8849,-0.8874,-0.8613,-0.8228,-0.7988,-0.7892,-0.7814,-0.7712,-0.7622,-0.7569,-0.7539,-0.7511,-0.7485,-0.7483,-0.7529,-0.764,-0.7827,-0.809,-0.8427,-0.8819,-0.9235,-0.9627,-0.9936,-1.0105,-1.0095,-0.9894,-0.9516,-0.8999,-0.8393,-0.7759,-0.7159,-0.6646,-0.6258,-0.6013,-0.5905,-0.5911,-0.6005,-0.6155,-0.6338,-0.6532
-0.6775,-0.6899,-0.704,-0.7199,-0.7379,-0.7581,-0.7804,-0.8048,-0.8302,-0.8541,-0.8708,-0.8712,-0.8503,-0.8202,-0.7986,-0.7873,-0.7793,-0.7721,-0.7679,-0.7673,-0.7674,-0.7651,-0.7611,-0.7583,-0.7598,-0.7675,-0.7819,-0.8031,-0.8303,-0.8616,-0.894,-0.9235,-0.9451,-0.9542,-0.947,-0.922,-0.8797,-0.8229,-0.7565,-0.687,-0.6215,-0.5668,-0.5276,-0.5056,-0.4997,-0.5072,-0.5241,-0.5469,-0.5725,-0.5988
-0.6806,-0.6929,-0.7066,-0.7219,-0.739,-0.7579,-0.7784,-0.8002,-0.8221,-0.8416,-0.8539,-0.853,-0.8371,-0.8147,-0.7967,-0.7855,-0.7783,-0.7741,-0.7741,-0.7777,-0.7803,-0.778,-0.7722,-0.7668,-0.7654,-0.7699,-0.7805,-0.7969,-0.8181,-0.8422,-0.8664,-0.887,-0.8999,-0.9009,-0.8867,-0.8553,-0.8066,-0.7429,-0.6691,-0.5922,-0.5207,-0.4627,-0.4237,-0.4053,-0.4059,-0.4213,-0.4469,-0.4782,-0.5118,-0.5452
-0.6832,-0.6952,-0.7084,-0.723,-0.7391,-0.7565,-0.7751,-0.7942,-0.8126,-0.8281,-0.837,-0.8358,-0.8241,-0.8077,-0.7934,-0.7836,-0.778,-0.7766,-0.7804,-0.7874,-0.7917,-0.789,-0.7813,-0.7737,-0.7698,-0.7713,-0.7784,-0.7905,-0.8063,-0.8239,-0.8406,-0.8531,-0.8578,-0.8508,-0.8289,-0.7899,-0.7334,-0.6612,-0.5784,-0.4929,-0.4148,-0.3536,-0.3155,-0.302,-0.3102,-0.3348,-0.3699,-0.4103,-0.4522,-0.4929
-0.6853,-0.6969,-0.7095,-0.7234,-0.7383,-0.7543,-0.7708,-0.7874,-0.8028,-0.8151,-0.8217,-0.8206,-0.8123,-0.8004,-0.7894,-0.7817,-0.778,-0.7791,-0.7857,-0.795,-0.8002,-0.797,-0.788,-0.7787,-0.7728,-0.7719,-0.7759,-0.784,-0.7949,-0.8066,-0.8166,-0.8217,-0.8186,-0.8038,-0.7739,-0.7266,-0.6612,-0.5793,-0.4863,-0.3914,-0.3062,-0.2418,-0.2053,-0.1977,-0.2146,-0.2493,-0.2946,-0.3444,-0.3947,-0.4427
-0.687,-0.6981,-0.7101,-0.7231,-0.7369,-0.7514,-0.7661,-0.7804,-0.7932,-0.8031,-0.8083,-0.8076,-0.8018,-0.7933,-0.7853,-0.7797,-0.7778,-0.7809,-0.7891,-0.7992,-0.8046,-0.8013,-0.7919,-0.7818,-0.7746,-0.7717,-0.773,-0.7776,-0.784,-0.7904,-0.7942,-0.7926,-0.7823,-0.7598,-0.7219,-0.666,-0.5911,-0.4989,-0.3951,-0.2903,-0.1979,-0.1308,-0.0965,-0.0954,-0.1218,-0.167,-0.2225,-0.2818,-0.3402,-0.3952
