docs/data/wind_grid.json
[{"header":{"la1":42.85,"la2":41.18,"lo1":11.55,"lo2":14.05,"nx":36,"ny":24,"dx":0.07143,"dy":0.07261,"parameterCategory":2,"parameterNumber":2,"parameterNumberName":"eastward_wind","parameterUnit":"m.s-1"},"data":[0.3351,0.3401,0.3483,0.3594,0.3724,0.3852,0.3955,0.4005,0.3982,0.3876,0.3687,0.3427,0.3109,0.2748,0.2362,0.1982,0.1651,0.1427,0.1366,0.149,0.1764,0.2104,0.2425,0.2686,0.2891,0.3066,0.3229,0.3388,0.3542,0.3689,0.3826,0.395,0.4062,0.4161,0.4248,0.4325,0.3177,0.3234,0.3342,0.3501,0.3698,0.3908,0.4091,0.4201,0.4203,0.4079,0.384,0.3505,0.3094,0.2623,0.2107,0.1575,0.1089,0.0748,0.067,0.092,0.1433,0.2016,0.2478,0.2766,0.2944,0.3088,0.3236,0.3394,0.3555,0.3711,0.3856,0.3987,0.4103,0.4204,0.4291,0.4366,0.2941,0.2997,0.313,0.3348,0.3643,0.3981,0.4299,0.4516,0.456,0.4405,0.4083,0.3641,0.3112,0.2504,0.1819,0.107,0.0325,-0.0249,-0.039,0.0111,0.1145,0.2227,0.2876,0.3078,0.3109,0.3157,0.3265,0.3417,0.3585,0.3751,0.3905,0.4041,0.4159,0.4259,0.4344,0.4416,0.2624,0.2656,0.2801,0.3088,0.3521,0.4061,0.4617,0.5037,0.5155,0.4923,0.4446,0.3844,0.3167,0.2405,0.1519,0.0473,-0.0707,-0.1787,-0.2184,-0.1229,0.1014,0.3244,0.4041,0.3755,0.3383,0.3249,0.3304,0.3454,0.3634,0.3813,0.3975,0.4114,0.4231,0.4328,0.4408,0.4475,0.2202,0.2168,0.2288,0.2635,0.325,0.4104,0.5083,0.5921,0.6184,0.5734,0.494,0.4101,0.3254,0.2337,0.125,-0.0146,-0.2,-0.419,-0.5583,-0.4025,0.0937,0.593,0.6395,0.4664,0.361,0.3291,0.3329,0.3503,0.3709,0.3904,0.4072,0.4211,0.4323,0.4412,0.4483,0.4541,0.1664,0.1486,0.1494,0.1851,0.268,0.3973,0.5636,0.7343,0.7932,0.6868,0.5484,0.4352,0.3345,0.2301,0.1071,-0.0605,-0.324,-0.747,-1.2072,-1.043,-0.1069,0.7885,0.7745,0.4732,0.3446,0.3197,0.3333,0.3577,0.3823,0.4035,0.4204,0.4335,0.4435,0.451,0.4567,0.4613,0.103,0.0599,0.0326,0.0545,0.1593,0.3401,0.579,0.8602,0.9714,0.7698,0.5797,0.4508,0.3401,0.226,0.0971,-0.0706,-0.3574,-0.9404,-1.8722,-1.7644,-0.5778,0.1843,0.3713,0.3019,0.2786,0.3006,0.3365,0.3714,0.4001,0.422,0.4378,0.4489,0.4567,0.4621,0.4659,0.4687,0.0384,-0.0382,-0.1149,-0.135,-0.0082,0.2265,0.4892,0.7401,0.8344,0.7092,0.5735,0.4583,0.3416,0.211,0.0709,-0.066,-0.26,-0.6675,-1.2499,-1.1814,-0.707,-0.4091,-0.0857,0.1041,0.2142,0.2935,0.3536,0.3974,0.4276,0.4475,0.46,0.4674,0.4717,0.474,0.4752,0.476,-0.0137,-0.1162,-0.2267,-0.2871,-0.1612,0.1022,0.3677,0.5659,0.6641,0.6605,0.5847,0.4754,0.346,0.1743,-0.0409,-0.1605,-0.1659,-0.2838,-0.4981,-0.6416,-0.9153,-0.7906,-0.2931,0.0267,0.2104,0.3244,0.3973,0.4421,0.4678,0.4811,0.487,0.4884,0.4877,0.4859,0.484,0.4824,-0.0444,-0.1637,-0.2778,-0.3282,-0.2881,-0.0076,0.299,0.5364,0.7422,0.8051,0.6649,0.5133,0.3715,0.1517,-0.3267,-0.5816,-0.1752,-0.0427,-0.1204,-0.3353,-0.6711,-0.5899,-0.1931,0.1028,0.2912,0.4093,0.4773,0.5105,0.5222,0.5226,0.5176,0.5106,0.5032,0.4964,0.4909,0.4867,-0.0499,-0.1978,-0.4276,-0.8118,-0.7123,-0.117,0.27,0.5318,0.9736,1.1821,0.7624,0.5505,0.4306,0.2764,-0.2009,-0.5606,-0.0303,0.1704,0.167,0.0486,-0.0931,-0.0782,0.0953,0.291,0.4511,0.5558,0.6011,0.6048,0.5897,0.5693,0.5492,0.5312,0.5159,0.5036,0.4943,0.4878,-0.0187,-0.1672,-0.4134,-0.7603,-0.6396,-0.0542,0.2582,0.3601,0.6772,0.9204,0.6969,0.5627,0.4902,0.4596,0.3638,0.236,0.3089,0.408,0.4163,0.3408,0.2758,0.2815,0.3711,0.5174,0.6772,0.7769,0.7763,0.7224,0.6639,0.6154,0.577,0.5466,0.5227,0.5047,0.492,0.4838,0.0507,-0.0533,-0.1846,-0.2782,-0.1546,0.122,0.2566,0.2024,0.3289,0.5718,0.6155,0.5797,0.5274,0.4931,0.4853,0.4861,0.5085,0.5755,0.5756,0.5082,0.4865,0.5062,0.5786,0.7307,0.9596,1.0913,0.9964,0.8444,0.73,0.6512,0.5944,0.5515,0.5192,0.4961,0.481,0.4726,0.1382,0.084,0.0391,0.0409,0.1256,0.2459,0.3007,0.2735,0.3576,0.5641,0.6496,0.616,0.5686,0.3483,0.5218,0.5892,0.609,0.6051,0.5996,0.608,0.6399,0.6729,0.7248,0.8726,1.1819,1.3715,1.1585,0.9175,0.7645,0.6654,0.5942,0.54,0.4998,0.4728,0.4576,0.4517,0.2233,0.2021,0.1963,0.2198,0.2762,0.3432,0.3915,0.4332,0.5391,0.7097,0.824,0.7828,0.6064,0.418,0.5748,0.6208,0.8049,0.6885,0.6679,0.7277,0.8301,0.8525,0.8328,0.9012,1.104,1.238,1.0879,0.8925,0.753,0.6516,0.5706,0.505,0.4567,0.4278,0.4167,0.418,0.2963,0.2935,0.3036,0.3313,0.3756,0.4291,0.487,0.5632,0.6905,0.9033,1.2151,1.0927,0.9265,0.7173,0.6904,0.7144,0.7847,0.7201,0.7235,0.8635,1.1449,1.0893,0.9214,0.8856,0.9355,0.9705,0.9137,0.8119,0.71,0.6132,0.52,0.4367,0.3773,0.3506,0.352,0.3691,0.3561,0.363,0.3798,0.4083,0.4483,0.4983,0.56,0.6428,0.7645,0.9507,1.1832,1.1063,1.2,1.2571,0.8742,0.764,0.733,0.6946,0.6939,0.8666,1.194,1.1283,0.9447,0.8727,0.857,0.8473,0.8126,0.7487,0.6634,0.5599,0.4393,0.3195,0.2408,0.2264,0.2581,0.3053,0.4042,0.4162,0.4359,0.4643,0.5017,0.5485,0.6065,0.6801,0.7742,0.8856,0.9804,1.0383,1.2454,1.2793,0.9398,0.824,0.7505,0.6174,0.4666,0.7447,0.939,0.9675,0.9121,0.8622,0.8358,0.8299,0.8051,0.7293,0.6286,0.5025,0.3296,0.1339,0.0205,0.0451,0.1392,0.2344,0.4428,0.4574,0.478,0.5054,0.5401,0.5823,0.6329,0.6929,0.7612,0.8321,0.8944,0.9502,1.0076,0.9832,0.8977,0.8827,0.7991,0.6924,0.6403,0.9018,0.9406,0.9378,0.9118,0.8664,0.8381,0.8937,0.9025,0.7334,0.5953,0.455,0.22,-0.0984,-0.2612,-0.1547,0.0298,0.1782,0.4737,0.4894,0.5099,0.5357,0.5671,0.6041,0.6468,0.6945,0.7453,0.7952,0.8395,0.8755,0.8966,0.8901,0.8785,0.8727,0.838,0.8652,1.1111,1.2445,1.0515,1.0107,0.9818,0.9004,0.8137,0.8742,0.895,0.612,0.5275,0.4421,0.2011,-0.188,-0.3811,-0.2262,-0.001,0.1662,0.4985,0.5143,0.5341,0.5579,0.5859,0.6179,0.6536,0.6918,0.7309,0.7683,0.8012,0.8269,0.8427,0.8482,0.8494,0.8489,0.8576,0.9181,1.0569,1.1274,1.1196,1.1928,1.1943,1.0158,0.7565,0.4728,0.0798,0.1881,0.4522,0.5057,0.3374,0.0313,-0.1456,-0.0729,0.0808,0.2104,0.5184,0.5339,0.5525,0.5742,0.599,0.6266,0.6565,0.6877,0.7189,0.7484,0.7744,0.7955,0.8109,0.8214,0.8299,0.841,0.8656,0.9189,1.0007,1.0968,1.2783,1.6188,1.7067,1.2889,0.7914,0.2525,-0.3257,0.0271,0.6103,0.7224,0.5704,0.3435,0.1885,0.1672,0.222,0.2909,0.5344,0.5492,0.5665,0.5862,0.6082,0.6321,0.6575,0.6835,0.7092,0.7336,0.7555,0.7743,0.7901,0.8037,0.8177,0.8364,0.8671,0.9182,0.9986,1.1372,1.432,1.964,2.1205,1.5195,0.9262,0.4875,0.2656,0.6057,1.1446,1.0625,0.7953,0.5728,0.4263,0.362,0.3562,0.3774,0.5473,0.5613,0.5773,0.5951,0.6146,0.6355,0.6573,0.6795,0.7014,0.7223,0.7417,0.7593,0.7753,0.791,0.8085,0.8312,0.8643,0.915,0.9951,1.1313,1.3713,1.6901,1.7547,1.402,0.9957,0.7229,0.6601,0.9034,1.2217,1.1296,0.8842,0.6905,0.5617,0.4887,0.4573,0.4515]},{"header":{"la1":42.85,"la2":41.18,"lo1":11.55,"lo2":14.05,"nx":36,"ny":24,"dx":0.07143,"dy":0.07261,"parameterCategory":2,"parameterNumber":3,"parameterNumberName":"northward_wind","parameterUnit":"m.s-1"},"data":[0.7395,0.7535,0.7695,0.7872,0.8061,0.8249,0.8417,0.8543,0.861,0.8616,0.8571,0.8494,0.8398,0.8294,0.8186,0.808,0.7986,0.7916,0.7883,0.7888,0.7912,0.7918,0.7867,0.7741,0.7548,0.7308,0.7044,0.6772,0.6502,0.624,0.5988,0.5749,0.5523,0.5312,0.5116,0.4934,0.7392,0.7548,0.7735,0.7955,0.8203,0.8464,0.8706,0.8887,0.8973,0.896,0.8872,0.8747,0.8609,0.847,0.8329,0.8188,0.8059,0.7968,0.7947,0.8009,0.8126,0.822,0.8207,0.8056,0.7799,0.7488,0.7159,0.6833,0.652,0.6222,0.5942,0.5679,0.5434,0.5207,0.4998,0.4806,0.7361,0.7531,0.7745,0.8014,0.8344,0.8719,0.909,0.9375,0.9493,0.9431,0.9253,0.9044,0.8847,0.8665,0.8483,0.8289,0.8097,0.7952,0.793,0.809,0.8399,0.8681,0.8727,0.8498,0.8114,0.7686,0.7268,0.6878,0.6516,0.6181,0.5871,0.5585,0.532,0.5077,0.4855,0.4654,0.7296,0.7469,0.7703,0.8024,0.8458,0.901,0.9621,1.0124,1.0305,1.0114,0.9741,0.9385,0.9109,0.8887,0.8663,0.8395,0.8083,0.78,0.7717,0.8033,0.8752,0.9463,0.9574,0.9106,0.8469,0.7871,0.7348,0.6888,0.6478,0.6107,0.5769,0.5459,0.5176,0.4918,0.4684,0.4473,0.7189,0.735,0.7584,0.7939,0.8486,0.9295,1.035,1.1361,1.1698,1.1152,1.034,0.9739,0.9384,0.9149,0.8904,0.8546,0.8027,0.7412,0.7045,0.7536,0.9092,1.0776,1.0826,0.9766,0.8757,0.7978,0.7359,0.6842,0.6392,0.599,0.5627,0.5296,0.4995,0.4723,0.4478,0.426,0.7042,0.717,0.7368,0.7708,0.8326,0.9419,1.1183,1.3363,1.4161,1.262,1.0924,1.002,0.9648,0.948,0.9275,0.8844,0.8034,0.6756,0.5434,0.5933,0.8738,1.1585,1.1473,0.9951,0.8774,0.7928,0.727,0.6722,0.6247,0.5823,0.5439,0.509,0.4773,0.4487,0.4232,0.4008,0.6863,0.6945,0.7073,0.7317,0.7879,0.9093,1.1428,1.5155,1.6842,1.3626,1.1058,1.0095,0.9891,0.9936,0.9899,0.9481,0.8429,0.6452,0.3596,0.3943,0.7674,0.9869,1.0147,0.9339,0.8455,0.7702,0.7069,0.6523,0.604,0.5602,0.5202,0.4836,0.4503,0.4204,0.394,0.3712,0.6665,0.6713,0.6802,0.6913,0.7232,0.8208,1.0138,1.3052,1.4328,1.204,1.0339,0.9918,1.0135,1.0606,1.0987,1.0748,0.958,0.7668,0.5655,0.6155,0.8634,0.9401,0.9194,0.8666,0.8009,0.7365,0.6781,0.6255,0.5774,0.5327,0.4912,0.4528,0.4178,0.3866,0.3594,0.3363,0.6449,0.6476,0.6668,0.6882,0.6716,0.7149,0.8166,0.9274,0.9659,0.9277,0.9192,0.9623,1.0406,1.1549,1.2956,1.3221,1.1468,0.9445,0.8267,0.8764,1.0742,1.0439,0.9116,0.8252,0.7575,0.6978,0.6438,0.5937,0.546,0.5003,0.4567,0.416,0.3789,0.3461,0.3181,0.2951,0.6201,0.6106,0.6135,0.62,0.5776,0.6074,0.657,0.6889,0.6895,0.7079,0.8119,0.9361,1.0633,1.2422,1.6182,1.8131,1.352,1.0504,0.9183,0.9144,1.0092,0.9865,0.8688,0.7781,0.7113,0.6567,0.6075,0.5598,0.5117,0.4635,0.4166,0.3724,0.3324,0.2976,0.2689,0.2463,0.5961,0.5646,0.5013,0.3728,0.3911,0.5043,0.5267,0.5293,0.5389,0.5305,0.7375,0.9277,1.077,1.2306,1.5746,1.8283,1.3246,1.0356,0.9067,0.865,0.8651,0.8418,0.7796,0.7148,0.6619,0.6183,0.5756,0.5284,0.4767,0.423,0.37,0.3203,0.276,0.2387,0.2094,0.188,0.5823,0.5432,0.4719,0.3718,0.3868,0.4498,0.3896,0.3158,0.4427,0.5627,0.7564,0.9436,1.0987,1.2319,1.2599,1.2661,1.1158,0.91,0.8163,0.7967,0.7712,0.7364,0.693,0.6517,0.6223,0.5981,0.5606,0.5062,0.4431,0.3781,0.3149,0.2567,0.2063,0.166,0.1365,0.1176,0.5816,0.551,0.5084,0.4686,0.4604,0.4311,0.2957,0.108,0.2632,0.5819,0.8096,0.9488,1.0629,1.2532,1.2287,1.1715,1.0489,0.7192,0.6792,0.734,0.6974,0.6528,0.6182,0.6026,0.6165,0.6277,0.5792,0.4957,0.4087,0.3252,0.2469,0.1764,0.1177,0.0738,0.0457,0.032,0.5887,0.569,0.5461,0.525,0.5043,0.457,0.3529,0.2299,0.3398,0.6538,0.8641,0.9355,0.9558,1.0975,1.1656,1.2994,1.1756,0.8649,0.7352,0.686,0.6142,0.565,0.5445,0.561,0.6402,0.7008,0.6096,0.4786,0.3624,0.2568,0.1586,0.0711,0.001,-0.0461,-0.0696,-0.0732,0.598,0.5866,0.5742,0.5617,0.5464,0.5205,0.4849,0.4804,0.594,0.7996,0.9548,1.0088,1.0183,1.0099,1.1353,1.338,1.2503,0.9756,0.7349,0.5847,0.4943,0.4612,0.4601,0.4929,0.5782,0.6348,0.5496,0.4178,0.2903,0.1646,0.0404,-0.0724,-0.1584,-0.2068,-0.2184,-0.2028,0.6066,0.6012,0.5959,0.5914,0.5877,0.5863,0.5963,0.6423,0.7532,0.9298,1.1277,1.1561,1.0738,0.9996,1.0144,1.0804,1.1027,0.8152,0.5401,0.4104,0.3893,0.3809,0.3726,0.3956,0.4418,0.4643,0.419,0.3229,0.1964,0.0463,-0.1186,-0.2741,-0.3848,-0.4281,-0.4116,-0.3603,0.6132,0.612,0.612,0.6141,0.62,0.6332,0.6612,0.716,0.8092,0.9458,1.0959,1.0719,0.998,0.9522,0.8355,0.7606,0.6483,0.3487,0.0853,0.1561,0.3451,0.326,0.2791,0.2958,0.3388,0.369,0.3474,0.257,0.1076,-0.0908,-0.3291,-0.5653,-0.7168,-0.7355,-0.6571,-0.543,0.6171,0.6188,0.6223,0.6285,0.6394,0.6577,0.6877,0.734,0.7987,0.8746,0.9305,0.9262,0.9146,0.8583,0.5061,0.2935,0.2033,-0.2459,-0.6764,-0.2956,-0.0097,0.1,0.1352,0.1964,0.3026,0.4243,0.4351,0.2789,0.0484,-0.2336,-0.5928,-0.979,-1.1963,-1.14,-0.9409,-0.7324,0.618,0.6213,0.6265,0.6344,0.6463,0.6638,0.6886,0.7214,0.7599,0.7953,0.811,0.7903,0.7201,0.4932,-0.1565,-0.4223,-0.1053,-0.3979,-0.7195,-0.7829,-0.4536,-0.1925,-0.0544,0.0842,0.319,0.6856,0.7613,0.3705,0.0004,-0.3656,-0.8576,-1.458,-1.7573,-1.5535,-1.1912,-0.8846,0.6159,0.6198,0.6253,0.6329,0.6433,0.657,0.6743,0.6939,0.7124,0.7224,0.7126,0.6676,0.5581,0.3099,-0.1452,-0.3163,-0.1902,-0.4761,-1.2406,-1.579,-0.8152,-0.4591,-0.2927,-0.0959,0.2199,0.7066,0.8122,0.2644,-0.1172,-0.4755,-0.9763,-1.6504,-1.9804,-1.7037,-1.2818,-0.946,0.6112,0.6148,0.6195,0.6255,0.6331,0.6421,0.6519,0.6605,0.6645,0.658,0.6326,0.5764,0.4718,0.3007,0.0903,-0.0463,-0.1581,-0.4441,-0.923,-1.0967,-0.834,-0.7512,-0.6853,-0.4199,-0.0884,0.1062,-0.0157,-0.1159,-0.337,-0.6014,-0.9194,-1.3541,-1.6047,-1.4633,-1.1701,-0.9023,0.6041,0.6069,0.6102,0.6141,0.6184,0.6227,0.6258,0.6259,0.6198,0.6032,0.5702,0.5134,0.426,0.3073,0.1729,0.0427,-0.1068,-0.3198,-0.5654,-0.733,-0.9144,-1.331,-1.446,-0.9039,-0.4049,-0.2069,-0.2045,-0.3165,-0.7083,-0.8671,-0.908,-1.0392,-1.1541,-1.1167,-0.9689,-0.7965,0.5953,0.5968,0.5985,0.6,0.6011,0.6011,0.5989,0.5926,0.5799,0.5575,0.5216,0.4681,0.3945,0.3018,0.195,0.0767,-0.0615,-0.2292,-0.4206,-0.6513,-1.0639,-1.8049,-2.0244,-1.246,-0.6276,-0.3897,-0.4004,-0.7734,-1.3968,-1.2847,-1.0108,-0.914,-0.9035,-0.8708,-0.7893,-0.6813,0.5852,0.5853,0.5852,0.5845,0.5827,0.5791,0.5727,0.562,0.545,0.5195,0.4831,0.4333,0.3691,0.2906,0.199,0.0939,-0.0284,-0.1728,-0.3475,-0.5835,-0.9502,-1.4181,-1.5265,-1.0997,-0.6912,-0.5306,-0.6186,-1.02,-1.4895,-1.3551,-1.0367,-0.8568,-0.7763,-0.7218,-0.6583,-0.5818]}]