docs/data/wind_grid.json
[{"header":{"la1":42.85,"la2":41.18,"lo1":11.55,"lo2":14.05,"nx":36,"ny":24,"dx":0.07143,"dy":0.07261,"parameterCategory":2,"parameterNumber":2,"parameterNumberName":"eastward_wind","parameterUnit":"m.s-1"},"data":[1.8684,1.819,1.7624,1.6999,1.6346,1.572,1.5193,1.4842,1.4717,1.4815,1.5082,1.5433,1.5787,1.609,1.6314,1.6454,1.6523,1.6544,1.6545,1.6551,1.6573,1.6609,1.6651,1.6689,1.672,1.6744,1.6766,1.6791,1.6825,1.6869,1.6927,1.6998,1.7081,1.7173,1.7273,1.7377,1.8775,1.8198,1.7506,1.6702,1.582,1.493,1.4153,1.3635,1.3486,1.3713,1.4202,1.4791,1.5345,1.5785,1.6084,1.6247,1.6298,1.6279,1.6243,1.6233,1.6267,1.6331,1.6401,1.6459,1.6498,1.6522,1.6541,1.6564,1.6598,1.6648,1.6716,1.6801,1.69,1.701,1.7128,1.725,1.896,1.8302,1.7467,1.6438,1.5229,1.3921,1.27,1.1854,1.1651,1.2124,1.3025,1.4016,1.4871,1.5496,1.5881,1.6051,1.6048,1.5942,1.5828,1.5795,1.5865,1.5991,1.6115,1.6203,1.6251,1.6271,1.6281,1.6297,1.6331,1.6389,1.6471,1.6575,1.6697,1.683,1.6972,1.7116,1.9278,1.8559,1.7586,1.6295,1.4647,1.2683,1.0647,0.9105,0.8754,0.9746,1.145,1.3122,1.4409,1.5261,1.5733,1.5884,1.5768,1.5479,1.5204,1.5142,1.5314,1.5578,1.5798,1.5928,1.5978,1.5981,1.5971,1.5976,1.6011,1.608,1.6184,1.6315,1.6468,1.6633,1.6804,1.6976,1.9775,1.9044,1.7975,1.6434,1.4266,1.1355,0.7852,0.4737,0.3942,0.6139,0.9459,1.2217,1.405,1.5134,1.5674,1.5776,1.5468,1.4822,1.4195,1.4111,1.4565,1.511,1.5479,1.5645,1.5673,1.5635,1.559,1.5577,1.5614,1.5704,1.5842,1.6014,1.621,1.6416,1.6626,1.6831,2.0491,1.9838,1.878,1.7096,1.4471,1.0479,0.4739,-0.1726,-0.3837,0.1215,0.7478,1.1609,1.3933,1.5168,1.5731,1.5776,1.5242,1.4006,1.2632,1.2592,1.3703,1.4701,1.5218,1.5369,1.5318,1.5197,1.5094,1.5059,1.5109,1.5239,1.5432,1.5666,1.5922,1.6184,1.6441,1.6687,2.1447,2.1004,2.0142,1.8552,1.5786,1.1165,0.3613,-0.6953,-1.136,-0.2091,0.6928,1.1745,1.4161,1.5358,1.5885,1.593,1.5334,1.3637,1.1336,1.1418,1.3296,1.4597,1.5088,1.5087,1.4862,1.4598,1.4412,1.4361,1.4451,1.4656,1.494,1.5265,1.5605,1.5939,1.6257,1.6551,2.262,2.2561,2.2155,2.1001,1.8552,1.4261,0.7535,-0.1261,-0.4738,0.2181,0.8874,1.266,1.4637,1.5597,1.6022,1.6152,1.5876,1.4685,1.2843,1.2759,1.4113,1.4967,1.5074,1.472,1.4189,1.3708,1.3424,1.3389,1.3577,1.3923,1.4354,1.4815,1.5268,1.5694,1.6083,1.6431,2.3919,2.4423,2.4813,2.4521,2.2666,1.9002,1.4147,0.9252,0.6863,0.81,1.1026,1.3621,1.5068,1.5673,1.5905,1.6115,1.6447,1.6361,1.5755,1.5484,1.5657,1.5582,1.5014,1.4091,1.3087,1.23,1.1928,1.2002,1.2412,1.301,1.3674,1.4327,1.493,1.5467,1.5936,1.6341,2.5149,2.6308,2.783,2.9002,2.7757,2.3939,1.9688,1.4678,0.8417,0.6278,1.0632,1.4106,1.5202,1.5333,1.5388,1.5436,1.6682,1.7778,1.8035,1.7704,1.707,1.6092,1.4682,1.2932,1.1194,0.9972,0.9596,1.0001,1.0874,1.1911,1.2927,1.3839,1.4624,1.5286,1.5839,1.6299,2.6051,2.7664,3.014,3.2983,3.2273,2.7902,2.4847,1.9303,0.227,-0.5906,0.916,1.4844,1.4876,1.3845,1.4684,1.5358,1.7431,1.9693,2.0472,1.9734,1.8262,1.6354,1.3899,1.0891,0.7886,0.5992,0.5889,0.7152,0.8935,1.0682,1.2185,1.3415,1.4402,1.5191,1.582,1.6326,2.6451,2.8023,3.029,3.2693,3.2197,3.013,3.1444,3.2343,1.7578,0.574,1.4193,1.7133,1.4203,0.8487,1.1355,1.5837,1.9579,2.3676,2.4511,2.2051,1.9265,1.6339,1.2623,0.7617,0.2131,-0.0954,0.0067,0.3348,0.6747,0.9504,1.1593,1.3157,1.4334,1.5227,1.5911,1.6441,2.6428,2.7626,2.9044,3.0188,3.0434,3.1515,3.6129,4.2794,3.6241,2.4033,2.1344,2.1517,1.7681,0.7225,1.0549,1.6952,2.2,2.9544,2.9647,2.3765,1.9675,1.6027,1.1183,0.3389,-0.6937,-1.2296,-0.7974,-0.0777,0.4882,0.8737,1.1357,1.3186,1.4494,1.5444,1.6143,1.6664,2.6203,2.7059,2.796,2.8769,2.9635,3.1458,3.5069,3.9095,3.5994,2.8164,2.5132,2.5727,2.5181,1.5447,1.775,2.0193,2.2932,2.6678,2.6949,2.2745,1.8884,1.5422,1.0504,0.0839,-1.4903,-2.3171,-1.4018,-0.2874,0.4378,0.8821,1.1678,1.3608,1.4947,1.5882,1.6539,1.7008,2.5936,2.6579,2.7255,2.7968,2.8858,3.0188,3.1896,3.2825,3.1126,2.8609,2.7885,2.7479,2.6751,3.2837,2.3592,2.3136,2.389,2.3939,2.3285,2.0288,1.6438,1.4194,1.1169,0.3448,-0.956,-1.6788,-0.9731,-0.0395,0.5926,0.9948,1.2626,1.4467,1.5728,1.6566,1.7113,1.7475,2.5682,2.6193,2.6737,2.7328,2.8009,2.8789,2.9479,2.9644,2.9209,2.9447,3.163,3.2046,3.0127,2.8278,2.5878,2.4427,2.4139,2.412,2.2882,1.8213,1.107,1.1482,1.2287,0.8489,0.2212,-0.1439,0.0605,0.4929,0.8793,1.179,1.4064,1.5727,1.6842,1.7503,1.7859,1.8051,2.545,2.5868,2.631,2.6776,2.7264,2.7739,2.811,2.8306,2.8544,2.9494,3.1332,3.0981,3.0992,3.0956,2.7703,2.6175,2.5728,2.625,2.588,2.0135,1.0594,1.1607,1.3849,1.2237,0.926,0.7332,0.7496,0.9192,1.1479,1.3749,1.5748,1.7309,1.8274,1.8673,1.8741,1.8698,2.5237,2.5585,2.5945,2.6314,2.668,2.7021,2.7315,2.7587,2.7968,2.8615,2.9307,2.9661,3.0908,3.1124,2.915,2.8514,2.7877,2.9903,3.2826,2.6507,1.978,1.7253,1.6482,1.4614,1.1826,0.9274,0.8808,1.073,1.3221,1.5457,1.7456,1.9099,1.9953,1.9978,1.9655,1.9335,2.5041,2.5334,2.5634,2.5934,2.6228,2.6507,2.6773,2.7052,2.7392,2.7813,2.8238,2.8645,2.9157,2.9524,3.1111,3.1952,2.9322,3.0169,3.1791,2.9446,2.5244,2.1543,1.9003,1.6229,1.1996,0.5938,0.4687,1.0397,1.4566,1.6975,1.8937,2.0722,2.15,2.1095,2.0393,1.9849,2.486,2.5111,2.5365,2.5617,2.5865,2.6107,2.6347,2.6599,2.688,2.7188,2.7506,2.7835,2.8232,2.894,3.0616,3.1129,2.9277,2.9323,3.1498,3.252,2.7678,2.3735,2.0987,1.8063,1.3587,0.5984,0.4316,1.3334,1.7068,1.8581,1.9881,2.1346,2.2004,2.149,2.0727,2.0148,2.4693,2.491,2.5128,2.5346,2.556,2.5772,2.5984,2.6203,2.6434,2.6677,2.6928,2.7199,2.7536,2.8043,2.8682,2.8786,2.8313,2.8503,2.9771,2.9905,2.7132,2.4659,2.2901,2.0656,1.8222,1.7992,2.342,2.2853,2.0798,2.0331,2.0484,2.104,2.1409,2.117,2.0684,2.0248,2.4536,2.4726,2.4916,2.5105,2.5292,2.5478,2.5663,2.585,2.6041,2.6236,2.6436,2.6648,2.6889,2.7166,2.7401,2.7431,2.7313,2.736,2.7543,2.7154,2.6055,2.5603,2.528,2.3269,2.1834,2.4298,3.0202,2.6958,2.2907,2.1785,2.1189,2.0967,2.0941,2.0805,2.0543,2.0261,2.4388,2.4555,2.4722,2.4888,2.5051,2.5212,2.5372,2.553,2.5688,2.5844,2.5998,2.6153,2.6308,2.645,2.6537,2.653,2.6451,2.6364,2.6221,2.5893,2.5665,2.6382,2.6723,2.466,2.3177,2.4008,2.556,2.4265,2.2974,2.2604,2.1812,2.1214,2.0899,2.0689,2.0484,2.0278,2.4247,2.4395,2.4542,2.4687,2.4829,2.4969,2.5105,2.5238,2.5366,2.5489,2.5605,2.5712,2.5804,2.587,2.5889,2.5849,2.5754,2.5616,2.543,2.5231,2.5235,2.5654,2.5643,2.4437,2.3365,2.3243,2.342,2.3092,2.2928,2.2701,2.2024,2.1405,2.0993,2.0719,2.0508,2.0325]},{"header":{"la1":42.85,"la2":41.18,"lo1":11.55,"lo2":14.05,"nx":36,"ny":24,"dx":0.07143,"dy":0.07261,"parameterCategory":2,"parameterNumber":3,"parameterNumberName":"northward_wind","parameterUnit":"m.s-1"},"data":[0.353,0.3258,0.2943,0.2589,0.2214,0.1842,0.1511,0.1257,0.1104,0.1052,0.1072,0.1126,0.118,0.1214,0.1219,0.1201,0.1167,0.1132,0.1109,0.111,0.1139,0.1193,0.1266,0.1351,0.1444,0.1544,0.165,0.1763,0.1884,0.2012,0.2148,0.2289,0.2434,0.258,0.2726,0.2869,0.3638,0.3328,0.2951,0.2509,0.2016,0.151,0.105,0.0707,0.0535,0.0534,0.0646,0.0795,0.0921,0.0996,0.1016,0.0991,0.0938,0.0878,0.0837,0.0833,0.0873,0.0948,0.1043,0.1148,0.1258,0.137,0.1487,0.1611,0.1745,0.1889,0.2042,0.2201,0.2364,0.2529,0.2692,0.2851,0.3806,0.3461,0.3015,0.2459,0.1801,0.1081,0.0395,-0.0114,-0.0318,-0.0209,0.0086,0.0404,0.0644,0.0776,0.081,0.077,0.0681,0.0577,0.0501,0.0491,0.0554,0.0666,0.0798,0.0929,0.1056,0.1179,0.1306,0.1442,0.159,0.1752,0.1925,0.2106,0.2292,0.2479,0.2662,0.284,0.4055,0.3687,0.3176,0.2489,0.1606,0.0551,-0.0549,-0.1408,-0.1685,-0.1322,-0.0651,-0.0035,0.0371,0.0569,0.061,0.054,0.0392,0.0208,0.0067,0.005,0.0165,0.0348,0.0534,0.0697,0.0838,0.0969,0.1102,0.1248,0.1412,0.1595,0.1794,0.2003,0.2217,0.2431,0.2639,0.2838,0.4412,0.405,0.3499,0.2686,0.1534,-0.0011,-0.1863,-0.3516,-0.4002,-0.3027,-0.1572,-0.0469,0.0142,0.0393,0.0421,0.0307,0.0076,-0.0244,-0.0519,-0.0538,-0.03,0.0008,0.0268,0.0459,0.0604,0.0731,0.0863,0.1018,0.1201,0.1412,0.1644,0.189,0.2141,0.2388,0.2626,0.285,0.4902,0.4599,0.4068,0.3185,0.179,-0.0327,-0.3344,-0.6718,-0.7844,-0.5384,-0.2463,-0.0745,0.0018,0.0255,0.0234,0.0073,-0.0229,-0.0736,-0.1266,-0.1266,-0.0781,-0.0296,0.0028,0.0222,0.0344,0.0447,0.0569,0.0731,0.094,0.1191,0.1472,0.1767,0.2065,0.2354,0.2627,0.288,0.5539,0.5379,0.4974,0.4148,0.2664,0.0193,-0.3802,-0.9353,-1.1659,-0.6938,-0.2607,-0.0637,0.0039,0.013,-0.0003,-0.0191,-0.0464,-0.1026,-0.1794,-0.1758,-0.104,-0.0467,-0.016,-0.0026,0.003,0.0081,0.018,0.0356,0.0608,0.092,0.127,0.1634,0.1993,0.2335,0.2651,0.2937,0.6314,0.6412,0.63,0.5724,0.4377,0.2028,-0.1566,-0.6235,-0.8093,-0.4498,-0.1383,-0.0102,0.0151,-0.0072,-0.0418,-0.0626,-0.0691,-0.0919,-0.1377,-0.1363,-0.0867,-0.0477,-0.0319,-0.0326,-0.0398,-0.0437,-0.0367,-0.0161,0.0169,0.0582,0.1036,0.1496,0.1936,0.2343,0.2708,0.3029,0.717,0.7661,0.809,0.8044,0.6949,0.48,0.2191,-0.0208,-0.119,-0.0547,0.0275,0.054,0.0218,-0.0467,-0.1246,-0.1542,-0.1176,-0.0863,-0.0813,-0.0747,-0.0567,-0.0457,-0.0531,-0.0766,-0.105,-0.1229,-0.1187,-0.0898,-0.0421,0.0161,0.0773,0.1365,0.191,0.2394,0.2813,0.317,0.7975,0.8947,1.0214,1.1202,1.033,0.7695,0.5292,0.3345,0.1581,0.0863,0.1182,0.1,0.0139,-0.1039,-0.2569,-0.3229,-0.1883,-0.1048,-0.0717,-0.0543,-0.0453,-0.0536,-0.0882,-0.1471,-0.2118,-0.2523,-0.2471,-0.1976,-0.1208,-0.0345,0.05,0.1269,0.1941,0.2512,0.2988,0.3378,0.8528,0.9851,1.1899,1.4276,1.3659,0.9894,0.7669,0.5724,0.1059,-0.1057,0.15,0.1375,-0.019,-0.1818,-0.2851,-0.3376,-0.1969,-0.1269,-0.0964,-0.0657,-0.0498,-0.0702,-0.1407,-0.2605,-0.3947,-0.4747,-0.4545,-0.3541,-0.2216,-0.0901,0.0266,0.1255,0.2072,0.2733,0.326,0.3672,0.8682,0.9955,1.1847,1.3931,1.3339,1.0531,1.0021,1.0269,0.5669,0.1896,0.2946,0.215,-0.0727,-0.4427,-0.3701,-0.2239,-0.1688,-0.1886,-0.1782,-0.0998,-0.0555,-0.0839,-0.2054,-0.4341,-0.7146,-0.8702,-0.7881,-0.568,-0.336,-0.1397,0.0167,0.1398,0.236,0.3101,0.3662,0.4077,0.8492,0.9413,1.0513,1.1324,1.0982,1.0397,1.1553,1.3895,1.1531,0.6894,0.5055,0.4223,0.1281,-0.5471,-0.4415,-0.1866,-0.1842,-0.3276,-0.3184,-0.1229,-0.0385,-0.0743,-0.2562,-0.653,-1.2286,-1.532,-1.2597,-0.8032,-0.4297,-0.1605,0.0347,0.1795,0.2875,0.3668,0.4232,0.4619,0.815,0.8734,0.93,0.9649,0.9707,0.9978,1.1068,1.2502,1.1293,0.814,0.6631,0.6685,0.6053,-0.1761,-0.014,-0.1447,-0.3042,-0.2782,-0.2173,-0.0491,0.0275,-0.0187,-0.2357,-0.7694,-1.6878,-2.1804,-1.6186,-0.9162,-0.4372,-0.1231,0.0957,0.2546,0.3696,0.4495,0.5013,0.5322,0.7804,0.818,0.8516,0.8762,0.8957,0.9276,0.979,1.0078,0.9397,0.8448,0.8327,0.8397,0.7772,1.2751,0.3579,-0.3817,-1.0535,-0.3532,-0.0283,0.1032,0.1292,0.0797,-0.1067,-0.5739,-1.3542,-1.7888,-1.3454,-0.7438,-0.3121,-0.0125,0.208,0.3732,0.4905,0.5648,0.6045,0.6204,0.7512,0.7773,0.8007,0.8206,0.8392,0.8602,0.8802,0.8846,0.8732,0.8993,0.9935,1.3086,1.1342,0.903,0.5239,-0.165,-0.6896,-0.1216,0.2294,0.2676,0.1528,0.1436,0.0586,-0.2233,-0.6156,-0.8334,-0.6901,-0.3893,-0.0986,0.1534,0.3685,0.5412,0.6595,0.7203,0.7363,0.7267,0.7277,0.7472,0.7651,0.7813,0.7965,0.811,0.8237,0.8345,0.855,0.9123,0.9962,1.1172,1.3015,1.3354,0.778,0.4023,0.2682,0.5086,0.7155,0.5245,0.182,0.1969,0.1971,0.0392,-0.1633,-0.2838,-0.2563,-0.1074,0.1041,0.3362,0.5664,0.7651,0.889,0.9227,0.896,0.8467,0.7088,0.7243,0.7388,0.7523,0.7651,0.7776,0.7905,0.8071,0.8352,0.8834,0.9489,1.0482,1.3078,1.3367,0.8889,0.71,0.7147,1.0697,1.4139,0.9955,0.6163,0.4529,0.3568,0.2016,-0.0042,-0.1943,-0.2153,-0.0221,0.2407,0.509,0.788,1.0464,1.1843,1.1655,1.0694,0.967,0.6937,0.7064,0.7187,0.7304,0.7419,0.7537,0.7671,0.7848,0.8103,0.8462,0.8927,0.9537,1.0185,0.9716,0.8365,0.8149,0.864,1.1614,1.4051,1.3641,1.0267,0.7265,0.5263,0.3165,-0.0076,-0.495,-0.5923,-0.0755,0.3542,0.6719,0.9966,1.3327,1.4873,1.3905,1.2148,1.0634,0.6812,0.6922,0.7028,0.7133,0.7238,0.735,0.7479,0.764,0.7845,0.8101,0.8394,0.868,0.8815,0.8587,0.8256,0.8253,0.9068,1.1701,1.6852,1.9002,1.2916,0.9054,0.682,0.4627,0.1175,-0.498,-0.6325,0.1572,0.5801,0.8466,1.1227,1.446,1.5956,1.4708,1.2739,1.1109,0.6709,0.6805,0.6899,0.6994,0.7091,0.7195,0.7312,0.7448,0.7608,0.7788,0.7972,0.8125,0.8196,0.8177,0.8183,0.8406,0.9254,1.1276,1.4438,1.5293,1.2206,0.9836,0.845,0.6781,0.495,0.4646,0.8619,0.9053,0.9541,1.0775,1.192,1.3481,1.4417,1.3753,1.2382,1.1072,0.6622,0.6707,0.6792,0.6878,0.6967,0.7061,0.7164,0.7278,0.7404,0.7537,0.7665,0.7775,0.7857,0.7933,0.8069,0.8385,0.9062,1.0205,1.143,1.1673,1.0895,1.0693,1.0541,0.8993,0.7999,0.9747,1.3396,1.2675,1.3952,1.4391,1.3409,1.2948,1.2901,1.2489,1.1673,1.0756,0.6546,0.6623,0.6701,0.6779,0.686,0.6945,0.7035,0.7132,0.7235,0.734,0.7443,0.754,0.7636,0.7751,0.7928,0.8228,0.8708,0.9342,0.9923,1.0204,1.0467,1.1457,1.1821,1.0202,0.9357,1.0399,1.2298,1.5249,2.0338,1.9001,1.5485,1.3381,1.2395,1.1754,1.1096,1.0402,0.6481,0.6551,0.6622,0.6694,0.6767,0.6844,0.6924,0.7008,0.7095,0.7185,0.7276,0.7369,0.7471,0.7599,0.7776,0.8029,0.8372,0.8774,0.9164,0.9518,1.0005,1.0728,1.0882,1.0117,0.9812,1.0682,1.2742,1.678,2.1161,1.9752,1.6139,1.3644,1.224,1.1377,1.0707,1.0101]}]