docs/data/wind_grid.json
[{"header":{"la1":42.85,"la2":41.18,"lo1":11.55,"lo2":14.05,"nx":36,"ny":24,"dx":0.07143,"dy":0.07261,"parameterCategory":2,"parameterNumber":2,"parameterNumberName":"eastward_wind","parameterUnit":"m.s-1"},"data":[0.1569,0.1396,0.1191,0.0958,0.0712,0.0477,0.029,0.019,0.0207,0.0342,0.0568,0.0843,0.1122,0.1372,0.157,0.1698,0.1743,0.1687,0.1524,0.1265,0.0955,0.0666,0.0466,0.0378,0.038,0.0432,0.0502,0.057,0.0627,0.0675,0.0712,0.0743,0.0769,0.0791,0.0811,0.083,0.1611,0.1409,0.1153,0.0844,0.0492,0.0131,-0.018,-0.0363,-0.0356,-0.015,0.0202,0.0617,0.1026,0.1381,0.1661,0.185,0.193,0.187,0.164,0.1233,0.0721,0.0254,-0.0021,-0.0073,0.002,0.0166,0.0307,0.0423,0.0511,0.0578,0.0629,0.0668,0.0701,0.0728,0.0753,0.0776,0.1698,0.1471,0.1162,0.0758,0.0255,-0.0311,-0.0849,-0.1206,-0.1233,-0.0899,-0.0324,0.0321,0.0918,0.1415,0.1801,0.2075,0.2223,0.2192,0.1892,0.1244,0.0336,-0.0491,-0.0864,-0.0766,-0.0459,-0.0147,0.0098,0.0273,0.0395,0.0481,0.0543,0.059,0.0629,0.0663,0.0693,0.0721,0.1847,0.161,0.126,0.0751,0.0048,-0.0846,-0.1814,-0.2558,-0.2685,-0.2081,-0.1072,-0.0045,0.0817,0.1488,0.1999,0.2386,0.2661,0.2759,0.2463,0.1457,-0.0272,-0.1918,-0.2358,-0.1776,-0.1026,-0.0462,-0.0094,0.0138,0.0286,0.0385,0.0455,0.051,0.0554,0.0594,0.0629,0.0662,0.2072,0.186,0.1504,0.0914,-0.0021,-0.1396,-0.3166,-0.4822,-0.524,-0.3978,-0.2072,-0.0432,0.0768,0.1627,0.2262,0.2774,0.3255,0.3711,0.376,0.2401,-0.0936,-0.4483,-0.469,-0.2911,-0.1501,-0.0684,-0.0229,0.0032,0.0189,0.0291,0.0365,0.0424,0.0475,0.0521,0.0563,0.0602,0.2382,0.2246,0.1959,0.1371,0.025,-0.1688,-0.473,-0.8447,-0.9739,-0.6734,-0.3112,-0.0675,0.0852,0.1867,0.2596,0.3199,0.3901,0.5044,0.6406,0.5202,-0.0223,-0.6102,-0.5918,-0.3206,-0.155,-0.071,-0.0277,-0.0041,0.0099,0.0195,0.0268,0.0331,0.0389,0.0442,0.0493,0.054,0.2761,0.2757,0.2647,0.2222,0.1084,-0.1215,-0.5312,-1.1654,-1.453,-0.8697,-0.3395,-0.0518,0.1145,0.2249,0.3038,0.3636,0.4334,0.5911,0.912,0.8482,0.2134,-0.2331,-0.3162,-0.2039,-0.1091,-0.0552,-0.0265,-0.0104,0.0,0.0082,0.0156,0.0226,0.0294,0.0359,0.042,0.0476,0.3168,0.3315,0.3442,0.3355,0.2415,0.0199,-0.3394,-0.8318,-1.0369,-0.6193,-0.2258,0.0084,0.162,0.2798,0.3721,0.4253,0.4529,0.5239,0.6659,0.5424,0.1332,-0.0365,-0.0843,-0.0781,-0.0548,-0.0376,-0.0277,-0.0208,-0.0141,-0.0065,0.0019,0.0105,0.019,0.027,0.0345,0.0413,0.3557,0.3812,0.3982,0.4014,0.3555,0.1803,-0.063,-0.2862,-0.3614,-0.2516,-0.0827,0.0741,0.2093,0.3476,0.4982,0.564,0.5069,0.4527,0.3976,0.1965,-0.1418,-0.121,-0.0334,-0.0213,-0.0277,-0.0367,-0.0424,-0.0422,-0.0363,-0.0266,-0.0153,-0.0036,0.0076,0.0179,0.0272,0.0353,0.3914,0.4332,0.4649,0.4742,0.4842,0.3182,0.111,-0.0502,-0.1659,-0.1748,-0.0384,0.1079,0.229,0.3896,0.7205,0.8939,0.6102,0.4601,0.3572,0.1816,-0.0457,-0.0573,0.0005,-0.0045,-0.0365,-0.0672,-0.083,-0.0823,-0.0705,-0.0538,-0.036,-0.0192,-0.0041,0.0091,0.0205,0.0301,0.4193,0.4901,0.6207,0.8724,0.8111,0.4366,0.1943,0.0284,-0.2626,-0.4043,-0.0612,0.1205,0.2032,0.3011,0.6396,0.8928,0.5931,0.4968,0.4321,0.3049,0.1628,0.0857,0.0424,-0.0193,-0.0937,-0.1498,-0.1659,-0.1494,-0.1192,-0.0876,-0.0594,-0.0353,-0.0151,0.0016,0.0153,0.0265,0.4274,0.504,0.6446,0.8534,0.7813,0.4266,0.2229,0.1433,-0.0463,-0.1869,0.0318,0.1416,0.1508,0.1016,0.2178,0.4105,0.4916,0.623,0.628,0.4468,0.2789,0.156,0.0467,-0.084,-0.2312,-0.3244,-0.3143,-0.2485,-0.1799,-0.1247,-0.0822,-0.0493,-0.0234,-0.003,0.0129,0.0252,0.4138,0.4667,0.5376,0.5892,0.5163,0.3451,0.2269,0.2012,0.1743,0.1305,0.1621,0.1511,0.1243,0.0404,0.1095,0.2864,0.4575,0.9615,0.9762,0.5474,0.3185,0.1662,0.015,-0.1973,-0.4831,-0.6445,-0.5366,-0.3647,-0.2393,-0.1567,-0.0996,-0.0579,-0.0264,-0.0027,0.0149,0.0276,0.3906,0.4183,0.4418,0.4403,0.3911,0.3118,0.2465,0.2152,0.2222,0.2579,0.2657,0.1314,0.0715,0.1193,0.2023,0.2363,0.3468,0.6664,0.7313,0.469,0.2751,0.135,-0.02,-0.2848,-0.7257,-0.9748,-0.7159,-0.4375,-0.2723,-0.173,-0.1061,-0.0571,-0.0206,0.0056,0.0235,0.0352,0.3695,0.3825,0.3883,0.3794,0.3527,0.3172,0.2892,0.2834,0.3204,0.4047,0.4657,0.3965,0.2571,0.1108,0.2538,0.2371,0.4278,0.4312,0.4256,0.3045,0.159,0.0708,-0.0322,-0.2476,-0.5974,-0.7994,-0.6234,-0.4059,-0.2639,-0.169,-0.0981,-0.0427,-0.0014,0.0261,0.0419,0.0497,0.3548,0.3618,0.3638,0.359,0.3484,0.3382,0.3381,0.3618,0.4309,0.5806,0.8385,0.6938,0.5644,0.4076,0.3955,0.3946,0.4331,0.3859,0.3049,0.1652,-0.0212,-0.0216,-0.0346,-0.1607,-0.3385,-0.4464,-0.4155,-0.3256,-0.235,-0.1518,-0.0753,-0.009,0.0393,0.0655,0.074,0.0729,0.3463,0.3518,0.3549,0.3557,0.3565,0.3616,0.3784,0.4172,0.4937,0.6319,0.8196,0.7456,0.8496,0.9255,0.6606,0.5707,0.4726,0.3285,0.1931,0.1031,-0.0523,-0.0397,-0.036,-0.122,-0.2359,-0.3182,-0.3356,-0.295,-0.222,-0.1334,-0.0365,0.0547,0.1153,0.1337,0.1238,0.1049,0.342,0.3479,0.3533,0.359,0.367,0.3808,0.4051,0.4461,0.5095,0.5943,0.6739,0.7377,0.9379,1.0231,1.0445,1.0506,0.6621,0.2094,-0.0494,0.0666,0.0455,0.0079,-0.0421,-0.1364,-0.265,-0.3897,-0.4232,-0.3479,-0.2398,-0.1208,0.0197,0.1641,0.2465,0.2388,0.1896,0.1418,0.3402,0.3471,0.3546,0.3636,0.3758,0.3936,0.4199,0.4576,0.5081,0.5688,0.6349,0.7181,0.8495,1.0863,1.8835,2.2326,1.0098,0.2815,0.0243,0.057,0.0536,0.0052,-0.0712,-0.1812,-0.3543,-0.6011,-0.6554,-0.4421,-0.2686,-0.118,0.0784,0.3105,0.423,0.3592,0.2516,0.171,0.3393,0.3471,0.3561,0.3671,0.3813,0.4004,0.426,0.4596,0.5017,0.5522,0.6132,0.6956,0.8301,1.1163,1.7472,1.9184,1.0283,0.3933,0.0761,0.0119,0.0274,-0.0448,-0.134,-0.2272,-0.3748,-0.6343,-0.6937,-0.4129,-0.2683,-0.1382,0.0772,0.3671,0.5006,0.4022,0.2674,0.175,0.3386,0.347,0.3568,0.3686,0.3834,0.4021,0.4258,0.4554,0.4914,0.5347,0.5882,0.6599,0.7673,0.9372,1.1367,1.1135,0.7666,0.3931,0.1434,0.0495,-0.0324,-0.1818,-0.2775,-0.2911,-0.3117,-0.3203,-0.1912,-0.2084,-0.2589,-0.2088,-0.0351,0.2093,0.3421,0.3021,0.2144,0.1462,0.3375,0.3461,0.3561,0.3679,0.3823,0.3998,0.421,0.4465,0.4768,0.5126,0.5556,0.609,0.6763,0.7522,0.7992,0.7447,0.5722,0.3595,0.178,0.0278,-0.1849,-0.4947,-0.5983,-0.4267,-0.2944,-0.1839,-0.0224,-0.1466,-0.369,-0.3747,-0.2164,-0.018,0.1131,0.1445,0.1247,0.0966,0.3356,0.3441,0.3538,0.3651,0.3785,0.3942,0.4126,0.434,0.4585,0.4864,0.5179,0.5528,0.5885,0.6155,0.6135,0.5588,0.4483,0.3054,0.1509,-0.033,-0.321,-0.74,-0.8524,-0.5388,-0.3227,-0.2271,-0.2037,-0.3897,-0.6979,-0.6211,-0.3864,-0.1843,-0.05,0.0175,0.0411,0.045,0.3329,0.341,0.3501,0.3605,0.3725,0.3861,0.4015,0.4188,0.4378,0.4583,0.4793,0.4993,0.5146,0.5179,0.4989,0.4483,0.3647,0.2543,0.1202,-0.0512,-0.288,-0.5549,-0.6272,-0.464,-0.3207,-0.2717,-0.3177,-0.5115,-0.7436,-0.6632,-0.4431,-0.2611,-0.1367,-0.0606,-0.0184,0.0036]},{"header":{"la1":42.85,"la2":41.18,"lo1":11.55,"lo2":14.05,"nx":36,"ny":24,"dx":0.07143,"dy":0.07261,"parameterCategory":2,"parameterNumber":3,"parameterNumberName":"northward_wind","parameterUnit":"m.s-1"},"data":[-0.5094,-0.5218,-0.536,-0.5519,-0.5687,-0.5848,-0.5979,-0.6051,-0.6044,-0.5954,-0.5797,-0.5597,-0.5378,-0.5157,-0.4941,-0.4737,-0.4553,-0.4401,-0.4289,-0.4223,-0.4192,-0.4176,-0.4151,-0.4104,-0.4035,-0.395,-0.3858,-0.3762,-0.3665,-0.3569,-0.3475,-0.3383,-0.3295,-0.3211,-0.3131,-0.3057,-0.5111,-0.5256,-0.5431,-0.5639,-0.5876,-0.6122,-0.6339,-0.6473,-0.6479,-0.6349,-0.6117,-0.5835,-0.5541,-0.5257,-0.4988,-0.4734,-0.4504,-0.4317,-0.4196,-0.4153,-0.4173,-0.421,-0.4215,-0.4168,-0.4081,-0.3975,-0.3863,-0.3751,-0.3642,-0.3536,-0.3433,-0.3333,-0.3238,-0.3147,-0.3062,-0.2983,-0.5106,-0.5268,-0.5477,-0.5745,-0.6078,-0.646,-0.6834,-0.7093,-0.7129,-0.6919,-0.6547,-0.6126,-0.5726,-0.5364,-0.5031,-0.4713,-0.4415,-0.4168,-0.4027,-0.4033,-0.4165,-0.4317,-0.4368,-0.4295,-0.4157,-0.4008,-0.3867,-0.3736,-0.3613,-0.3496,-0.3383,-0.3274,-0.3171,-0.3073,-0.2982,-0.2898,-0.5071,-0.5243,-0.5478,-0.5807,-0.6264,-0.6861,-0.7532,-0.8067,-0.8179,-0.7786,-0.7125,-0.6468,-0.5923,-0.5475,-0.5075,-0.4678,-0.4273,-0.3907,-0.3705,-0.3803,-0.4193,-0.4612,-0.471,-0.4514,-0.4257,-0.4038,-0.386,-0.371,-0.3574,-0.3445,-0.3322,-0.3204,-0.3092,-0.2987,-0.2889,-0.2801,-0.5002,-0.5168,-0.5409,-0.5778,-0.6366,-0.727,-0.8498,-0.9693,-1.0019,-0.9149,-0.7865,-0.6821,-0.6102,-0.5585,-0.5136,-0.4656,-0.4087,-0.3468,-0.3054,-0.3274,-0.4227,-0.528,-0.5336,-0.4783,-0.4328,-0.4035,-0.3831,-0.3667,-0.3521,-0.3383,-0.325,-0.3122,-0.3,-0.2886,-0.2782,-0.2688,-0.4901,-0.5044,-0.5253,-0.5606,-0.6264,-0.7496,-0.9607,-1.2327,-1.33,-1.112,-0.8602,-0.7061,-0.6216,-0.5692,-0.5248,-0.471,-0.3937,-0.2844,-0.1772,-0.2021,-0.3828,-0.5745,-0.5684,-0.48,-0.4261,-0.3963,-0.3766,-0.3605,-0.3456,-0.3309,-0.3165,-0.3025,-0.2891,-0.2767,-0.2656,-0.2557,-0.4778,-0.4888,-0.5036,-0.5283,-0.5851,-0.7179,-0.9964,-1.4681,-1.6875,-1.249,-0.8739,-0.6997,-0.622,-0.5811,-0.5461,-0.4948,-0.405,-0.2506,-0.044,-0.0615,-0.2786,-0.4291,-0.4628,-0.429,-0.4009,-0.3824,-0.3675,-0.3531,-0.3381,-0.3224,-0.3066,-0.291,-0.2763,-0.2627,-0.2507,-0.2403,-0.4647,-0.4743,-0.4858,-0.4965,-0.5244,-0.6197,-0.8369,-1.1966,-1.356,-1.0385,-0.7733,-0.6575,-0.6135,-0.5976,-0.5845,-0.5474,-0.4629,-0.3235,-0.1698,-0.1619,-0.2193,-0.269,-0.3364,-0.366,-0.3715,-0.3676,-0.3587,-0.3461,-0.3305,-0.3132,-0.2952,-0.2775,-0.2609,-0.246,-0.233,-0.2222,-0.4506,-0.4608,-0.48,-0.4951,-0.4815,-0.5036,-0.5898,-0.712,-0.7576,-0.6913,-0.6279,-0.603,-0.6042,-0.6225,-0.6506,-0.6416,-0.5539,-0.4323,-0.3222,-0.2394,-0.1278,-0.1569,-0.2713,-0.3311,-0.3545,-0.36,-0.3548,-0.3421,-0.3242,-0.3036,-0.2822,-0.2614,-0.2424,-0.2258,-0.2119,-0.2007,-0.4337,-0.4399,-0.4541,-0.4634,-0.4298,-0.3932,-0.3778,-0.4046,-0.4549,-0.4896,-0.5233,-0.5622,-0.5982,-0.6454,-0.751,-0.8046,-0.6428,-0.5006,-0.3933,-0.293,-0.1867,-0.1987,-0.2796,-0.3313,-0.3573,-0.3662,-0.361,-0.3444,-0.3206,-0.2937,-0.2668,-0.2418,-0.2196,-0.201,-0.1861,-0.1749,-0.4147,-0.4122,-0.4089,-0.4032,-0.3861,-0.2833,-0.1589,-0.1506,-0.3653,-0.4668,-0.4709,-0.5442,-0.5936,-0.6306,-0.7376,-0.8138,-0.6464,-0.5025,-0.4079,-0.3495,-0.3046,-0.2972,-0.3236,-0.3557,-0.3825,-0.3948,-0.385,-0.357,-0.3205,-0.2828,-0.2477,-0.2168,-0.1908,-0.1701,-0.1545,-0.1438,-0.3968,-0.3876,-0.3801,-0.385,-0.3484,-0.1469,0.1468,0.3304,-0.0302,-0.343,-0.4416,-0.5522,-0.594,-0.5655,-0.6173,-0.6747,-0.593,-0.395,-0.3098,-0.3407,-0.3461,-0.344,-0.3574,-0.3917,-0.4395,-0.4657,-0.4409,-0.3841,-0.3229,-0.2683,-0.2221,-0.1839,-0.1535,-0.1307,-0.1151,-0.1059,-0.3825,-0.3671,-0.3478,-0.3181,-0.2313,-0.0082,0.3776,0.7937,0.4736,-0.1329,-0.4493,-0.5787,-0.6244,-0.5493,-0.6124,-0.7419,-0.6306,-0.1076,-0.0627,-0.3021,-0.3475,-0.3516,-0.3702,-0.4325,-0.5476,-0.616,-0.5412,-0.4204,-0.32,-0.2439,-0.185,-0.1389,-0.1041,-0.0799,-0.0655,-0.0595,-0.3735,-0.3536,-0.3243,-0.275,-0.1794,-0.0012,0.2738,0.5485,0.348,-0.2064,-0.5259,-0.5895,-0.6137,-0.9413,-0.8429,-0.9912,-0.8738,-0.4334,-0.265,-0.3363,-0.3371,-0.3308,-0.3547,-0.4483,-0.6582,-0.7934,-0.6282,-0.4294,-0.2935,-0.2,-0.1303,-0.0767,-0.0377,-0.0134,-0.0026,-0.0026,-0.3712,-0.351,-0.3215,-0.2764,-0.2057,-0.1028,0.0149,0.0605,-0.1184,-0.4441,-0.6722,-0.7637,-0.8652,-1.0849,-0.939,-1.0629,-1.1554,-0.763,-0.4781,-0.3515,-0.2904,-0.2773,-0.3034,-0.3876,-0.5629,-0.675,-0.5382,-0.3564,-0.2245,-0.1284,-0.052,0.0092,0.0525,0.075,0.0779,0.0668,-0.3753,-0.3586,-0.3359,-0.3056,-0.267,-0.2266,-0.2069,-0.2545,-0.4105,-0.6441,-0.8472,-0.9523,-0.9415,-0.9527,-0.9148,-0.9566,-1.0223,-0.693,-0.3963,-0.2568,-0.2094,-0.2118,-0.2336,-0.2766,-0.3443,-0.3771,-0.3149,-0.2121,-0.1164,-0.0299,0.0528,0.1266,0.1771,0.1938,0.1807,0.1502,-0.3837,-0.3724,-0.3588,-0.3438,-0.3305,-0.3272,-0.3492,-0.4169,-0.5409,-0.7051,-0.8458,-0.9086,-1.0854,-1.1579,-0.9109,-0.8015,-0.6496,-0.3061,-0.0124,-0.066,-0.1769,-0.1758,-0.1653,-0.1669,-0.1661,-0.1472,-0.1069,-0.0553,0.0062,0.0846,0.1835,0.2863,0.3521,0.3543,0.3087,0.2455,-0.3942,-0.3884,-0.3829,-0.3795,-0.382,-0.3964,-0.4312,-0.4939,-0.5851,-0.6914,-0.788,-0.8873,-1.1013,-1.1446,-0.9044,-0.7595,-0.438,0.2466,0.8289,0.2884,0.0078,-0.0682,-0.0758,-0.0606,-0.0261,0.0185,0.0506,0.0765,0.1193,0.1982,0.3323,0.4986,0.5953,0.5606,0.4542,0.3427,-0.4047,-0.4033,-0.4038,-0.408,-0.4186,-0.4395,-0.4748,-0.5266,-0.5931,-0.6668,-0.7397,-0.8148,-0.8911,-0.9071,-0.965,-1.0008,-0.459,0.2392,0.6492,0.4325,0.2019,0.0679,0.0312,0.0444,0.0833,0.1104,0.1204,0.1691,0.2147,0.2922,0.4676,0.7328,0.874,0.7688,0.5808,0.4194,-0.4138,-0.4157,-0.42,-0.4281,-0.442,-0.4637,-0.4949,-0.5359,-0.5846,-0.6367,-0.6873,-0.7332,-0.7684,-0.7976,-0.8899,-0.8849,-0.4481,0.0634,0.5116,0.644,0.3253,0.1772,0.1434,0.1502,0.1772,0.1584,0.1529,0.2921,0.3124,0.3498,0.5175,0.8231,0.9849,0.8433,0.6242,0.4478,-0.4208,-0.4247,-0.431,-0.4407,-0.455,-0.4748,-0.5007,-0.5321,-0.5672,-0.603,-0.6357,-0.6616,-0.6775,-0.6852,-0.6815,-0.5935,-0.3449,-0.0101,0.3145,0.4178,0.3086,0.2852,0.2949,0.2761,0.3031,0.4309,0.6804,0.5992,0.4101,0.3577,0.4524,0.6611,0.789,0.7146,0.5608,0.42,-0.4254,-0.4303,-0.4374,-0.4471,-0.4602,-0.477,-0.4975,-0.5208,-0.5452,-0.5685,-0.5875,-0.5989,-0.5992,-0.5843,-0.5425,-0.4478,-0.2839,-0.0781,0.1103,0.2237,0.3194,0.5018,0.5655,0.4293,0.402,0.6062,0.9546,0.7294,0.3759,0.2913,0.341,0.4514,0.5325,0.5206,0.4464,0.3576,-0.4278,-0.433,-0.4398,-0.4488,-0.4599,-0.4734,-0.4888,-0.5053,-0.5214,-0.535,-0.5437,-0.5445,-0.5338,-0.507,-0.4563,-0.3727,-0.2538,-0.1128,0.0285,0.1689,0.3693,0.6825,0.7707,0.5249,0.4168,0.498,0.5939,0.41,0.1553,0.1721,0.2457,0.3157,0.3648,0.3714,0.3397,0.2886,-0.4282,-0.4331,-0.4393,-0.4469,-0.4559,-0.4661,-0.4771,-0.488,-0.4974,-0.5038,-0.5049,-0.4984,-0.4812,-0.4498,-0.4,-0.3285,-0.2355,-0.1267,-0.0069,0.1317,0.3153,0.5262,0.5841,0.4568,0.37,0.3698,0.3612,0.2461,0.1217,0.144,0.2008,0.2433,0.2698,0.275,0.2589,0.2281]}]