docs/data/wind_grid.json
[{"header":{"la1":42.85,"la2":41.18,"lo1":11.55,"lo2":14.05,"nx":36,"ny":24,"dx":0.07143,"dy":0.07261,"parameterCategory":2,"parameterNumber":2,"parameterNumberName":"eastward_wind","parameterUnit":"m.s-1"},"data":[1.8153,1.7881,1.7553,1.7175,1.6761,1.6341,1.5959,1.5656,1.546,1.5371,1.5358,1.5378,1.5389,1.5362,1.5286,1.5158,1.4987,1.4789,1.4583,1.4392,1.4249,1.4193,1.4255,1.4445,1.4736,1.5091,1.5472,1.5856,1.6229,1.6583,1.6917,1.7229,1.752,1.779,1.804,1.8271,1.8297,1.7998,1.7616,1.7145,1.6602,1.6029,1.5495,1.5084,1.4855,1.481,1.4889,1.5007,1.5093,1.5107,1.5035,1.4882,1.4661,1.4394,1.4107,1.3824,1.3586,1.346,1.3523,1.379,1.4203,1.4683,1.5172,1.5641,1.608,1.6486,1.686,1.7206,1.7523,1.7816,1.8084,1.8329,1.8523,1.8213,1.7778,1.7194,1.6466,1.5646,1.4847,1.4235,1.3951,1.4009,1.4274,1.457,1.4778,1.4853,1.4789,1.4601,1.4312,1.3955,1.3565,1.3158,1.2757,1.2485,1.2542,1.2965,1.3589,1.4253,1.488,1.5447,1.5956,1.6415,1.6831,1.7208,1.7552,1.7865,1.815,1.8409,1.8862,1.8577,1.8111,1.7402,1.6418,1.5202,1.3918,1.2894,1.2501,1.2804,1.3454,1.4067,1.4462,1.4614,1.4554,1.4318,1.3939,1.3461,1.2953,1.242,1.1758,1.1142,1.1188,1.1956,1.2942,1.3854,1.4634,1.5299,1.5875,1.6382,1.6834,1.7242,1.761,1.7943,1.8244,1.8516,1.9345,1.9155,1.8729,1.7919,1.6609,1.4785,1.2611,1.0665,1.0004,1.0937,1.2405,1.3543,1.4182,1.4409,1.4336,1.4038,1.3541,1.2886,1.2238,1.1696,1.0761,0.9384,0.9478,1.0953,1.2424,1.3579,1.4485,1.5224,1.585,1.6394,1.6878,1.7312,1.7702,1.8054,1.8369,1.8651,1.9985,2.0021,1.9797,1.8996,1.7331,1.4695,1.1084,0.7117,0.571,0.8289,1.1308,1.3137,1.4,1.4245,1.4114,1.3749,1.3149,1.2234,1.1271,1.1007,1.0395,0.8461,0.8662,1.0635,1.2302,1.353,1.4473,1.5239,1.5888,1.6457,1.6965,1.7422,1.7833,1.8201,1.853,1.8821,2.0742,2.1199,2.1513,2.1014,1.8995,1.549,1.0508,0.3992,0.126,0.6364,1.0834,1.3059,1.3973,1.4094,1.3791,1.3365,1.2822,1.1818,1.0375,1.0396,1.0741,1.0057,1.0157,1.1354,1.2636,1.371,1.459,1.5333,1.5984,1.6567,1.7095,1.7574,1.8005,1.839,1.8731,1.9029,2.1459,2.2502,2.3904,2.4355,2.1755,1.7332,1.2331,0.6933,0.4792,0.8129,1.1416,1.3355,1.4119,1.3868,1.3061,1.25,1.239,1.2001,1.1137,1.0898,1.065,1.0674,1.1295,1.2171,1.3123,1.4001,1.4776,1.5472,1.6114,1.6711,1.7264,1.777,1.8224,1.8627,1.8978,1.9281,2.1866,2.3278,2.5811,2.7899,2.4108,1.901,1.473,1.1193,0.9308,0.973,1.1772,1.3778,1.4511,1.3516,1.1101,0.9929,1.1192,1.2073,1.1925,1.1097,0.9304,0.9723,1.1472,1.2657,1.3531,1.4265,1.4938,1.5594,1.6244,1.6875,1.7469,1.8012,1.8496,1.8918,1.9279,1.9583,2.1803,2.2893,2.4546,2.5518,2.2886,1.9482,1.5938,1.197,0.7097,0.5735,1.0379,1.4298,1.5545,1.3706,0.6737,0.2807,0.9202,1.1851,1.2165,1.1551,1.0233,1.0533,1.2038,1.3115,1.3814,1.4373,1.4953,1.5614,1.6329,1.7042,1.7711,1.8311,1.8833,1.9277,1.9646,1.9946,2.1461,2.2001,2.2362,2.2062,2.1676,1.9673,1.6946,1.2526,0.0137,-0.6242,0.8503,1.5611,1.7761,1.6778,0.9079,0.3043,1.0112,1.1672,1.1663,1.1931,1.2034,1.2343,1.3006,1.3534,1.3813,1.4084,1.4615,1.5417,1.6328,1.7213,1.8005,1.8686,1.9256,1.9721,2.0091,2.0379,2.1112,2.1371,2.1558,2.1707,2.1361,1.9875,1.8866,1.7947,0.9495,0.3047,1.2598,1.8293,2.057,2.1939,1.95,1.5268,1.3204,0.9331,0.8272,1.0907,1.2569,1.3292,1.3632,1.357,1.3104,1.2881,1.3581,1.4891,1.625,1.7429,1.8396,1.9176,1.9795,2.0275,2.0636,2.0897,2.0859,2.0975,2.1045,2.1004,2.0635,2.0109,2.0457,2.2066,1.981,1.6442,1.8484,2.1305,2.2354,2.3397,2.2273,1.8997,1.477,0.1048,0.0313,0.9559,1.2695,1.3656,1.3827,1.309,1.1151,0.9929,1.1556,1.4133,1.6248,1.7805,1.896,1.9834,2.0491,2.097,2.1302,2.1515,2.0715,2.0754,2.0742,2.0647,2.0465,2.0374,2.0705,2.1368,2.088,2.0415,2.1689,2.3292,2.3644,2.3053,2.1668,2.0058,1.8362,0.9759,0.6938,1.1435,1.302,1.351,1.3752,1.2703,0.8979,0.6324,0.9757,1.3915,1.6699,1.8522,1.9795,2.0725,2.1395,2.1847,2.2117,2.2247,2.0675,2.0691,2.0679,2.0639,2.0605,2.0656,2.0862,2.1162,2.1603,2.2788,2.4268,2.4631,2.4175,2.4731,2.2036,2.0367,2.1916,1.8371,1.5408,1.379,1.1587,1.1587,1.3285,1.3452,1.0814,0.8741,1.1622,1.5381,1.7981,1.9717,2.097,2.1907,2.2565,2.2954,2.3111,2.3106,2.0718,2.0745,2.0769,2.0801,2.0872,2.1029,2.1324,2.1852,2.29,2.5022,2.8329,2.7632,2.6172,2.4529,2.3152,2.2137,2.2187,2.0986,1.8949,1.3612,0.3669,0.5795,1.2449,1.508,1.5096,1.4888,1.6289,1.8319,2.0003,2.1335,2.2472,2.3422,2.4073,2.4351,2.4313,2.4094,2.0815,2.0868,2.0935,2.103,2.1182,2.1431,2.1837,2.2511,2.3659,2.5577,2.8001,2.7323,2.724,2.7315,2.5137,2.4192,2.3824,2.4262,2.383,1.6834,0.2783,0.5675,1.3813,1.744,1.8956,1.9943,2.0853,2.1577,2.226,2.3121,2.4204,2.5307,2.602,2.6104,2.5725,2.5176,2.0943,2.1024,2.1128,2.1272,2.148,2.1784,2.2231,2.2886,2.3813,2.4975,2.5973,2.642,2.7475,2.7913,2.798,2.8288,2.7253,2.9276,3.2625,2.5818,1.7989,1.6125,1.8457,2.0677,2.2548,2.4349,2.5045,2.452,2.4238,2.4741,2.5988,2.757,2.8491,2.8196,2.7245,2.6246,2.1083,2.1188,2.1321,2.1497,2.1735,2.2057,2.2491,2.3062,2.3769,2.4548,2.527,2.5941,2.6818,2.8387,3.3584,3.5924,3.0361,3.0712,3.2815,3.2094,2.7247,2.3843,2.3258,2.3927,2.5518,2.8341,2.9012,2.6596,2.5499,2.5905,2.7495,2.9854,3.109,3.0174,2.8526,2.7099,2.1224,2.1346,2.1499,2.1693,2.1941,2.2259,2.266,2.3149,2.3718,2.4334,2.4974,2.5695,2.6725,2.8758,3.2944,3.4338,3.0975,3.1443,3.7023,3.98,3.2244,2.8511,2.7269,2.6658,2.6835,2.8964,2.9531,2.6309,2.5746,2.6535,2.821,3.0745,3.2057,3.0886,2.9037,2.7508,2.1357,2.1491,2.1655,2.1857,2.2105,2.2408,2.2772,2.32,2.3684,2.4216,2.4804,2.5504,2.6454,2.7867,2.9575,3.0249,2.999,3.1146,3.4433,3.562,3.3134,3.2517,3.2089,2.9771,2.7209,2.5109,2.1969,2.2913,2.5542,2.7144,2.8283,2.9731,3.0594,2.9962,2.8671,2.7445,2.1479,2.1621,2.179,2.1992,2.2233,2.2518,2.2851,2.3231,2.3658,2.4132,2.4664,2.5286,2.6048,2.6962,2.7867,2.8492,2.9016,3.0046,3.1582,3.2807,3.4691,3.9354,4.0655,3.4562,2.8441,2.342,1.8574,2.1749,2.7467,2.905,2.8861,2.8885,2.9026,2.8701,2.7963,2.7121,2.1588,2.1733,2.1903,2.2102,2.2333,2.26,2.2905,2.3249,2.3632,2.4056,2.4529,2.5064,2.5671,2.6333,2.699,2.7602,2.8271,2.9193,3.0475,3.2429,3.6644,4.4716,4.7142,3.8187,3.0325,2.569,2.3815,2.743,3.3255,3.2424,3.0097,2.8869,2.833,2.7902,2.7367,2.6759,2.1684,2.183,2.1998,2.2191,2.2412,2.2662,2.2943,2.3256,2.3601,2.3982,2.44,2.4861,2.5365,2.5901,2.6456,2.704,2.7717,2.86,2.9862,3.191,3.5541,4.0469,4.1536,3.642,3.1,2.7886,2.7438,3.0356,3.4076,3.3048,3.0525,2.8917,2.8039,2.7464,2.6957,2.6453]},{"header":{"la1":42.85,"la2":41.18,"lo1":11.55,"lo2":14.05,"nx":36,"ny":24,"dx":0.07143,"dy":0.07261,"parameterCategory":2,"parameterNumber":3,"parameterNumberName":"northward_wind","parameterUnit":"m.s-1"},"data":[0.2373,0.2506,0.2629,0.274,0.2837,0.291,0.2943,0.2915,0.2813,0.2645,0.2441,0.2247,0.2102,0.2035,0.2058,0.2171,0.2358,0.2592,0.2837,0.3055,0.3202,0.3228,0.3091,0.2784,0.2346,0.1836,0.1305,0.079,0.0309,-0.0129,-0.0524,-0.0877,-0.1191,-0.1468,-0.1713,-0.1928,0.2615,0.2781,0.2939,0.3089,0.3233,0.3364,0.3456,0.346,0.3335,0.3085,0.2765,0.2458,0.2234,0.2133,0.2171,0.2346,0.2635,0.2998,0.3383,0.374,0.4018,0.4131,0.398,0.3547,0.2922,0.2221,0.1532,0.0894,0.0323,-0.018,-0.0622,-0.1008,-0.1344,-0.1638,-0.1893,-0.2114,0.2887,0.3096,0.3295,0.3491,0.37,0.3932,0.415,0.425,0.4115,0.3722,0.3191,0.2691,0.2339,0.2184,0.2241,0.2504,0.2945,0.3499,0.4078,0.4623,0.5117,0.5421,0.5259,0.4575,0.3616,0.2627,0.1727,0.0946,0.0279,-0.0289,-0.0774,-0.1188,-0.1543,-0.1848,-0.211,-0.2334,0.3199,0.3466,0.3712,0.3951,0.4233,0.4623,0.5109,0.5481,0.5388,0.4714,0.3768,0.2932,0.2384,0.2154,0.2234,0.2619,0.329,0.4152,0.5,0.5728,0.6538,0.7315,0.7151,0.591,0.4362,0.2972,0.1828,0.0902,0.0146,-0.0477,-0.0995,-0.1429,-0.1796,-0.2107,-0.237,-0.2592,0.3563,0.392,0.4229,0.4489,0.4803,0.5391,0.6407,0.7519,0.7663,0.633,0.4512,0.3117,0.2311,0.1995,0.2098,0.2633,0.3651,0.5071,0.6397,0.7085,0.8045,0.9929,0.971,0.7281,0.4901,0.3094,0.1742,0.0706,-0.0109,-0.0764,-0.1299,-0.1741,-0.211,-0.2418,-0.2677,-0.2892,0.3988,0.4509,0.4944,0.519,0.5379,0.6041,0.7873,1.0806,1.1826,0.8755,0.5209,0.3074,0.2035,0.1655,0.1764,0.2425,0.3866,0.6308,0.8957,0.9114,0.8687,1.1338,1.0964,0.7551,0.4756,0.2797,0.138,0.0313,-0.0514,-0.117,-0.1699,-0.2133,-0.2491,-0.2789,-0.3035,-0.3238,0.4452,0.5288,0.6068,0.6344,0.6047,0.6224,0.8427,1.3738,1.6497,1.0388,0.5001,0.2517,0.149,0.1109,0.1162,0.1806,0.3466,0.6869,1.1841,1.1498,0.7896,0.817,0.795,0.5849,0.3713,0.2014,0.0707,-0.0299,-0.1082,-0.1702,-0.22,-0.2608,-0.2944,-0.3222,-0.345,-0.3634,0.483,0.6158,0.7831,0.86,0.7156,0.5829,0.6664,1.0161,1.1823,0.6928,0.2923,0.1331,0.074,0.0403,0.0234,0.062,0.2046,0.4848,0.8341,0.8055,0.5468,0.4868,0.4599,0.3592,0.2203,0.0873,-0.0239,-0.1122,-0.1814,-0.2361,-0.2804,-0.3169,-0.3471,-0.3721,-0.3924,-0.4084,0.4854,0.6505,0.9379,1.1699,0.819,0.4993,0.3841,0.3421,0.2168,0.0146,-0.0472,-0.0138,0.0063,-0.0295,-0.1162,-0.1348,0.0003,0.1925,0.3599,0.4021,0.3905,0.3727,0.2893,0.1818,0.0634,-0.0483,-0.1415,-0.2142,-0.27,-0.3142,-0.3505,-0.3813,-0.4074,-0.429,-0.4464,-0.4594,0.4338,0.5502,0.7311,0.8417,0.5521,0.349,0.175,-0.1219,-0.6297,-0.8327,-0.4446,-0.1292,-0.0083,-0.0514,-0.3278,-0.4873,-0.1863,-0.0076,0.1002,0.1998,0.3033,0.279,0.1494,0.0183,-0.103,-0.206,-0.2827,-0.3354,-0.3729,-0.4028,-0.4293,-0.4536,-0.4752,-0.4935,-0.5075,-0.5171,0.3518,0.3836,0.3419,0.1182,0.1281,0.2259,0.1401,-0.2357,-1.4808,-2.1256,-0.7572,-0.137,0.0713,0.0828,-0.2302,-0.4851,-0.1958,-0.1285,-0.1005,-0.0248,0.0484,0.0419,-0.0468,-0.1712,-0.2995,-0.3999,-0.4548,-0.4767,-0.4875,-0.4994,-0.5151,-0.5333,-0.5513,-0.5665,-0.5772,-0.5828,0.2793,0.2754,0.2121,0.085,0.1065,0.2395,0.3417,0.34,-0.56,-1.2675,-0.4697,-0.0067,0.2145,0.3665,0.2465,0.0285,-0.0971,-0.308,-0.3688,-0.2458,-0.1702,-0.1737,-0.2482,-0.3829,-0.5456,-0.6562,-0.6686,-0.6351,-0.6078,-0.5993,-0.6059,-0.6206,-0.637,-0.6504,-0.6578,-0.6584,0.228,0.2244,0.2011,0.1758,0.2045,0.316,0.547,0.8807,0.5316,-0.0636,-0.053,0.1295,0.277,0.4626,0.3977,0.2293,-0.0211,-0.7145,-0.7636,-0.4047,-0.3157,-0.3329,-0.4178,-0.5921,-0.8502,-1.0006,-0.9171,-0.7916,-0.7207,-0.6968,-0.7005,-0.7173,-0.7361,-0.7495,-0.7533,-0.747,0.1904,0.1925,0.191,0.197,0.2318,0.3212,0.4901,0.6869,0.5251,0.1487,0.0683,0.1737,0.254,0.6098,0.3827,0.4974,0.2243,-0.3543,-0.5301,-0.4166,-0.4198,-0.4655,-0.5467,-0.7376,-1.0918,-1.2945,-1.094,-0.8981,-0.81,-0.788,-0.8011,-0.8293,-0.8567,-0.8719,-0.8702,-0.853,0.1587,0.1634,0.1686,0.1801,0.2068,0.2568,0.3243,0.3532,0.2405,0.0602,-0.0157,0.053,0.1944,0.2303,0.3256,0.5308,-0.073,-0.1219,-0.3054,-0.4437,-0.5831,-0.6309,-0.6465,-0.7676,-1.0185,-1.1698,-1.0542,-0.928,-0.8753,-0.8776,-0.9157,-0.969,-1.0138,-1.0318,-1.0187,-0.9818,0.1294,0.1338,0.1388,0.1467,0.1598,0.1767,0.1854,0.1574,0.066,-0.0844,-0.2927,-0.1147,-0.0129,0.1026,0.1257,0.0743,-0.1149,-0.1814,-0.3476,-0.5843,-0.921,-0.8726,-0.7336,-0.7611,-0.8789,-0.9682,-0.9727,-0.9474,-0.9411,-0.9771,-1.0581,-1.1592,-1.2354,-1.2526,-1.2124,-1.1385,0.1015,0.104,0.1062,0.1085,0.1103,0.1082,0.0939,0.0553,-0.0171,-0.13,-0.273,-0.1712,-0.1263,-0.136,-0.0975,-0.1367,-0.2113,-0.3419,-0.4842,-0.647,-0.9785,-0.9137,-0.7635,-0.7794,-0.8831,-0.9927,-1.043,-1.0316,-1.0258,-1.0899,-1.2426,-1.4375,-1.5694,-1.5681,-1.4637,-1.3222,0.0748,0.0751,0.0742,0.0716,0.0662,0.0553,0.0345,-0.0006,-0.051,-0.1105,-0.154,-0.1561,-0.1784,-0.2177,-0.3889,-0.5023,-0.4503,-0.5495,-0.6862,-0.6268,-0.7051,-0.7396,-0.7415,-0.8224,-1.0127,-1.2595,-1.3358,-1.199,-1.1089,-1.1936,-1.4706,-1.851,-2.0778,-2.0017,-1.7626,-1.5141,0.0497,0.0478,0.0442,0.0383,0.0289,0.0145,-0.0068,-0.0363,-0.0728,-0.1115,-0.1459,-0.1804,-0.242,-0.4134,-0.9585,-1.1893,-0.6791,-0.5941,-0.6449,-0.6018,-0.6213,-0.6691,-0.7329,-0.8674,-1.1891,-1.7831,-1.92,-1.3682,-1.1128,-1.2312,-1.6843,-2.36,-2.7127,-2.4662,-2.0304,-1.6648,0.0263,0.0226,0.017,0.0089,-0.0025,-0.018,-0.0385,-0.0643,-0.0946,-0.1283,-0.1663,-0.2176,-0.3091,-0.5107,-0.9135,-1.0446,-0.7071,-0.5815,-0.5773,-0.5777,-0.6108,-0.6746,-0.747,-0.8571,-1.1361,-1.8138,-1.9765,-1.1053,-0.9149,-1.1352,-1.7029,-2.5579,-2.9804,-2.6328,-2.1124,-1.7081,0.0047,-0.0005,-0.0075,-0.017,-0.0293,-0.0451,-0.0648,-0.0886,-0.1166,-0.1493,-0.1895,-0.2447,-0.3297,-0.4629,-0.6219,-0.676,-0.6069,-0.5647,-0.5716,-0.5907,-0.6535,-0.7582,-0.8183,-0.8119,-0.7905,-0.6164,0.0669,-0.085,-0.5538,-0.9265,-1.4274,-2.0967,-2.4696,-2.2993,-1.9392,-1.6208,-0.0152,-0.0214,-0.0295,-0.0398,-0.0526,-0.0684,-0.0875,-0.1102,-0.1369,-0.1686,-0.2078,-0.2583,-0.3249,-0.407,-0.4857,-0.5284,-0.5358,-0.545,-0.5743,-0.6328,-0.7657,-0.9839,-1.0494,-0.8597,-0.5759,0.0053,0.8844,0.3561,-0.4459,-0.7716,-1.0903,-1.4972,-1.7775,-1.7898,-1.6382,-1.4517,-0.0335,-0.0405,-0.0492,-0.06,-0.0731,-0.0888,-0.1074,-0.1292,-0.1547,-0.1848,-0.2208,-0.2644,-0.316,-0.3726,-0.4256,-0.4662,-0.4966,-0.5298,-0.5806,-0.6726,-0.8603,-1.1698,-1.2567,-0.9445,-0.5918,-0.2005,0.0787,-0.2689,-0.7291,-0.7675,-0.895,-1.1273,-1.3211,-1.3927,-1.3575,-1.2694,-0.0502,-0.0578,-0.067,-0.0781,-0.0912,-0.1067,-0.1247,-0.1457,-0.1699,-0.1979,-0.2304,-0.2678,-0.3096,-0.3537,-0.3966,-0.436,-0.4738,-0.5172,-0.5771,-0.6716,-0.8257,-1.017,-1.0592,-0.8723,-0.6359,-0.4396,-0.381,-0.5703,-0.7749,-0.7732,-0.822,-0.9484,-1.0712,-1.14,-1.1477,-1.1126]}]