docs/data/wind_grid.json
[{"header":{"la1":42.85,"la2":41.18,"lo1":11.55,"lo2":14.05,"nx":36,"ny":24,"dx":0.07143,"dy":0.07261,"parameterCategory":2,"parameterNumber":2,"parameterNumberName":"eastward_wind","parameterUnit":"m.s-1"},"data":[-0.7376,-0.7428,-0.7478,-0.7526,-0.7567,-0.7593,-0.7591,-0.7547,-0.7451,-0.7308,-0.7138,-0.6971,-0.6833,-0.6744,-0.6713,-0.6736,-0.6798,-0.6878,-0.6947,-0.6985,-0.698,-0.6936,-0.6863,-0.6775,-0.6681,-0.6589,-0.6501,-0.6422,-0.635,-0.6286,-0.6229,-0.6178,-0.6134,-0.6095,-0.606,-0.603,-0.7498,-0.7567,-0.7637,-0.7711,-0.7787,-0.7854,-0.789,-0.7864,-0.775,-0.7548,-0.7296,-0.7046,-0.6847,-0.6726,-0.6697,-0.6754,-0.6875,-0.7022,-0.7146,-0.7209,-0.7196,-0.7119,-0.7006,-0.6878,-0.675,-0.6631,-0.6524,-0.6429,-0.6346,-0.6274,-0.6212,-0.6158,-0.6111,-0.607,-0.6034,-0.6003,-0.7635,-0.7722,-0.7817,-0.7924,-0.805,-0.8189,-0.8307,-0.8339,-0.8212,-0.7914,-0.7519,-0.7131,-0.6834,-0.6667,-0.6644,-0.6758,-0.698,-0.7246,-0.7466,-0.7562,-0.7517,-0.7372,-0.7185,-0.6996,-0.6822,-0.667,-0.6539,-0.6428,-0.6334,-0.6255,-0.6188,-0.613,-0.6081,-0.6039,-0.6003,-0.5971,-0.7789,-0.7897,-0.8014,-0.8158,-0.8349,-0.8606,-0.8895,-0.9084,-0.8974,-0.8499,-0.7835,-0.7214,-0.6768,-0.6536,-0.6523,-0.6726,-0.7119,-0.7607,-0.8007,-0.8141,-0.7998,-0.7709,-0.7398,-0.7119,-0.6886,-0.6696,-0.6541,-0.6414,-0.631,-0.6225,-0.6154,-0.6095,-0.6045,-0.6002,-0.5966,-0.5935,-0.7966,-0.8096,-0.8233,-0.8401,-0.8657,-0.9076,-0.9688,-1.0283,-1.0296,-0.9447,-0.8252,-0.7253,-0.6603,-0.6286,-0.6284,-0.661,-0.7276,-0.8179,-0.8945,-0.9102,-0.8692,-0.8118,-0.7615,-0.7225,-0.6928,-0.6699,-0.6521,-0.6381,-0.627,-0.6181,-0.6109,-0.6049,-0.6,-0.5958,-0.5922,-0.5892,-0.8179,-0.8339,-0.8487,-0.8652,-0.892,-0.9479,-1.0572,-1.2081,-1.2534,-1.0818,-0.8637,-0.7134,-0.6268,-0.5857,-0.5848,-0.63,-0.7327,-0.8935,-1.0445,-1.0539,-0.9518,-0.8496,-0.7772,-0.7276,-0.6925,-0.6667,-0.6472,-0.6324,-0.621,-0.6121,-0.6051,-0.5993,-0.5946,-0.5906,-0.5872,-0.5843,-0.8446,-0.866,-0.8831,-0.8952,-0.9112,-0.9592,-1.0939,-1.3546,-1.4802,-1.1704,-0.8489,-0.6675,-0.5696,-0.5186,-0.51,-0.5601,-0.6929,-0.9252,-1.1697,-1.1642,-0.9949,-0.8613,-0.778,-0.7238,-0.6861,-0.6586,-0.6385,-0.6236,-0.6126,-0.6043,-0.5978,-0.5926,-0.5882,-0.5845,-0.5813,-0.5787,-0.8782,-0.9115,-0.9377,-0.9461,-0.9363,-0.9365,-1.0046,-1.1814,-1.2558,-0.9868,-0.7271,-0.5805,-0.49,-0.4237,-0.3874,-0.425,-0.5713,-0.8075,-1.033,-1.0531,-0.9362,-0.8327,-0.761,-0.71,-0.6725,-0.6449,-0.625,-0.6111,-0.6014,-0.5944,-0.5891,-0.5847,-0.5809,-0.5776,-0.5747,-0.5723,-0.9179,-0.9749,-1.0298,-1.0521,-1.0085,-0.9241,-0.8634,-0.8359,-0.7684,-0.6403,-0.5441,-0.4764,-0.4039,-0.3061,-0.1863,-0.1776,-0.3793,-0.6318,-0.8107,-0.8701,-0.8432,-0.7892,-0.7352,-0.6887,-0.6516,-0.6242,-0.6057,-0.5942,-0.5872,-0.5826,-0.579,-0.5758,-0.5726,-0.5697,-0.5671,-0.5649,-0.9559,-1.0491,-1.1679,-1.2605,-1.1903,-0.9733,-0.7822,-0.6122,-0.4026,-0.3027,-0.3704,-0.3907,-0.3378,-0.2068,0.1093,0.2658,-0.1932,-0.5708,-0.7644,-0.8255,-0.8111,-0.7647,-0.7112,-0.6619,-0.6221,-0.5944,-0.5787,-0.5719,-0.5698,-0.569,-0.5679,-0.566,-0.5635,-0.5608,-0.5583,-0.5564,-0.9758,-1.0994,-1.2931,-1.5225,-1.457,-1.0481,-0.7692,-0.5519,-0.1183,0.0836,-0.2563,-0.3479,-0.304,-0.2026,0.073,0.2726,-0.2888,-0.746,-0.9435,-0.9328,-0.8496,-0.763,-0.6885,-0.6269,-0.5794,-0.5504,-0.5407,-0.5434,-0.5496,-0.5545,-0.5564,-0.5557,-0.5534,-0.5506,-0.5481,-0.5463,-0.9617,-1.08,-1.2637,-1.4761,-1.3976,-1.0038,-0.7975,-0.7301,-0.4118,-0.1568,-0.3205,-0.3549,-0.2819,-0.1719,-0.1894,-0.303,-0.7025,-1.2959,-1.4464,-1.1658,-0.9179,-0.7603,-0.6564,-0.5778,-0.5157,-0.4833,-0.4874,-0.5089,-0.5289,-0.5409,-0.5456,-0.5451,-0.5421,-0.5385,-0.5357,-0.5341,-0.916,-0.9965,-1.0953,-1.1606,-1.0739,-0.8889,-0.8232,-0.8954,-0.77,-0.5103,-0.4239,-0.4006,-0.3241,-0.141,-0.2052,-0.5093,-1.0474,-2.148,-2.1683,-1.353,-0.9255,-0.7172,-0.6032,-0.5157,-0.4286,-0.3858,-0.42,-0.4748,-0.5128,-0.5314,-0.5366,-0.5341,-0.5286,-0.5233,-0.5199,-0.5188,-0.8566,-0.8986,-0.9341,-0.9356,-0.8801,-0.8069,-0.7895,-0.8288,-0.7526,-0.553,-0.4477,-0.4492,-0.4371,-0.2325,-0.3749,-0.717,-1.1509,-1.6886,-1.7283,-1.1553,-0.7713,-0.5936,-0.5237,-0.4633,-0.3595,-0.2992,-0.3722,-0.4604,-0.5104,-0.5293,-0.5298,-0.5212,-0.5106,-0.5024,-0.4986,-0.499,-0.7997,-0.8171,-0.8241,-0.8111,-0.7768,-0.7384,-0.7154,-0.6926,-0.6124,-0.4859,-0.4053,-0.3992,-0.3668,-0.3119,-0.4876,-1.0815,-1.6382,-1.2539,-1.0548,-0.7365,-0.4285,-0.351,-0.4114,-0.4402,-0.3917,-0.3493,-0.4117,-0.4897,-0.5295,-0.5364,-0.5235,-0.5026,-0.4833,-0.4716,-0.4688,-0.4729,-0.7521,-0.7562,-0.7519,-0.7361,-0.7099,-0.6787,-0.6449,-0.5979,-0.5187,-0.4031,-0.2669,-0.3811,-0.39,-0.3995,-0.5554,-1.0093,-1.3911,-1.0185,-0.7136,-0.3701,0.0883,0.0041,-0.2886,-0.4339,-0.4758,-0.4882,-0.5249,-0.5616,-0.5697,-0.5499,-0.5122,-0.47,-0.4377,-0.4236,-0.4263,-0.4388,-0.7142,-0.7115,-0.7025,-0.6862,-0.6627,-0.6333,-0.597,-0.5486,-0.4809,-0.389,-0.2873,-0.3478,-0.3642,-0.3669,-0.5264,-0.7096,-0.7896,-0.6336,-0.4444,-0.2532,0.1624,0.052,-0.2776,-0.4652,-0.5688,-0.6339,-0.6678,-0.663,-0.6255,-0.5644,-0.4869,-0.4096,-0.3591,-0.3489,-0.3676,-0.3967,-0.6848,-0.6786,-0.6678,-0.6516,-0.63,-0.6031,-0.5701,-0.5294,-0.4806,-0.4283,-0.3926,-0.3932,-0.3716,-0.3825,-0.5337,-0.612,-0.5757,-0.3537,-0.1503,-0.2838,-0.2299,-0.2489,-0.3943,-0.5469,-0.6917,-0.8195,-0.8577,-0.7918,-0.6905,-0.5748,-0.4396,-0.3048,-0.2309,-0.242,-0.2953,-0.3514,-0.662,-0.6543,-0.6429,-0.6276,-0.6082,-0.5848,-0.5574,-0.5263,-0.4933,-0.4634,-0.4449,-0.4414,-0.4498,-0.5019,-0.6353,-0.6777,-0.5543,-0.3659,-0.2528,-0.3807,-0.4011,-0.426,-0.5069,-0.6358,-0.8201,-1.0457,-1.0933,-0.9198,-0.7478,-0.5809,-0.3817,-0.168,-0.0698,-0.1274,-0.23,-0.3153,-0.6445,-0.6363,-0.6252,-0.6112,-0.5943,-0.5748,-0.553,-0.5299,-0.5076,-0.4895,-0.4795,-0.481,-0.4988,-0.5462,-0.6279,-0.649,-0.5589,-0.4686,-0.4677,-0.4901,-0.4751,-0.5068,-0.574,-0.6852,-0.8628,-1.0935,-1.1415,-0.9517,-0.7715,-0.5884,-0.3666,-0.1134,-0.0032,-0.0865,-0.2099,-0.3048,-0.6311,-0.623,-0.6127,-0.6003,-0.5859,-0.5699,-0.5528,-0.5358,-0.5205,-0.509,-0.5037,-0.507,-0.5212,-0.5477,-0.5771,-0.5801,-0.5461,-0.5063,-0.4914,-0.4952,-0.5144,-0.555,-0.6059,-0.6879,-0.822,-0.9624,-1.0262,-0.9456,-0.7569,-0.5861,-0.4165,-0.2272,-0.1279,-0.1666,-0.2513,-0.3257,-0.621,-0.6132,-0.6039,-0.5931,-0.581,-0.568,-0.5548,-0.5421,-0.5312,-0.5236,-0.5205,-0.5231,-0.5317,-0.5445,-0.5553,-0.5551,-0.5421,-0.5258,-0.5183,-0.5261,-0.5537,-0.5903,-0.6122,-0.6635,-0.7738,-0.9217,-1.0729,-0.9362,-0.6427,-0.5209,-0.4532,-0.361,-0.2928,-0.2881,-0.3229,-0.3658,-0.6133,-0.6061,-0.5978,-0.5885,-0.5784,-0.5679,-0.5575,-0.5479,-0.5399,-0.5345,-0.5322,-0.5336,-0.5383,-0.5444,-0.5491,-0.5492,-0.5448,-0.5399,-0.5406,-0.5523,-0.5778,-0.6038,-0.6083,-0.6405,-0.72,-0.8122,-0.8492,-0.6545,-0.3681,-0.3895,-0.4401,-0.4257,-0.3934,-0.3798,-0.3884,-0.4084,-0.6074,-0.6009,-0.5937,-0.5857,-0.5773,-0.5687,-0.5605,-0.553,-0.5469,-0.5427,-0.5408,-0.5413,-0.5436,-0.5467,-0.5493,-0.5502,-0.5498,-0.5503,-0.5548,-0.5663,-0.5846,-0.6018,-0.6117,-0.6343,-0.6752,-0.7055,-0.6708,-0.5055,-0.3298,-0.3638,-0.4339,-0.4522,-0.4441,-0.4356,-0.436,-0.4443]},{"header":{"la1":42.85,"la2":41.18,"lo1":11.55,"lo2":14.05,"nx":36,"ny":24,"dx":0.07143,"dy":0.07261,"parameterCategory":2,"parameterNumber":3,"parameterNumberName":"northward_wind","parameterUnit":"m.s-1"},"data":[-0.8243,-0.8205,-0.8153,-0.8084,-0.8001,-0.7908,-0.7813,-0.7725,-0.7649,-0.7579,-0.75,-0.7395,-0.7249,-0.7055,-0.6814,-0.6536,-0.6242,-0.596,-0.5722,-0.555,-0.5452,-0.5417,-0.5427,-0.5462,-0.5511,-0.5563,-0.5617,-0.5671,-0.5726,-0.5781,-0.5837,-0.5894,-0.5952,-0.6009,-0.6066,-0.6122,-0.8317,-0.8277,-0.8216,-0.8133,-0.8026,-0.7902,-0.7777,-0.7671,-0.7599,-0.7555,-0.7511,-0.7432,-0.7291,-0.7075,-0.6785,-0.6431,-0.6041,-0.5663,-0.5352,-0.5153,-0.5073,-0.5086,-0.5152,-0.5239,-0.5328,-0.5411,-0.5488,-0.556,-0.5629,-0.5697,-0.5765,-0.5834,-0.5902,-0.5969,-0.6035,-0.6099,-0.8397,-0.8356,-0.8287,-0.8183,-0.8039,-0.786,-0.7672,-0.7521,-0.7453,-0.7464,-0.7497,-0.7477,-0.736,-0.7126,-0.6773,-0.6311,-0.5773,-0.5233,-0.4801,-0.4571,-0.4548,-0.4661,-0.4826,-0.4991,-0.5134,-0.5254,-0.5356,-0.5447,-0.5531,-0.5613,-0.5694,-0.5775,-0.5855,-0.5933,-0.601,-0.6083,-0.8484,-0.8444,-0.837,-0.8244,-0.8048,-0.7774,-0.7452,-0.7184,-0.7106,-0.724,-0.7438,-0.754,-0.7474,-0.7228,-0.6803,-0.6195,-0.5422,-0.4592,-0.3936,-0.3677,-0.3808,-0.4127,-0.4458,-0.4732,-0.494,-0.5099,-0.5225,-0.5334,-0.5433,-0.5529,-0.5624,-0.5718,-0.5812,-0.5903,-0.5991,-0.6075,-0.8576,-0.8543,-0.8471,-0.8332,-0.808,-0.7661,-0.707,-0.6489,-0.6339,-0.6763,-0.7325,-0.7647,-0.7663,-0.7415,-0.6919,-0.6135,-0.5014,-0.3648,-0.2523,-0.2267,-0.2791,-0.3507,-0.4088,-0.4491,-0.4763,-0.4954,-0.5099,-0.5222,-0.5335,-0.5446,-0.5556,-0.5666,-0.5775,-0.5881,-0.5982,-0.6077,-0.8668,-0.8647,-0.8592,-0.8466,-0.819,-0.7621,-0.6591,-0.5256,-0.4807,-0.5955,-0.7242,-0.7869,-0.7966,-0.7723,-0.7186,-0.6253,-0.4715,-0.2466,-0.0364,-0.0228,-0.162,-0.2949,-0.3804,-0.4311,-0.462,-0.4825,-0.4978,-0.5111,-0.5237,-0.5363,-0.549,-0.5619,-0.5747,-0.587,-0.5986,-0.6094,-0.8746,-0.8737,-0.8712,-0.8644,-0.8443,-0.7879,-0.6529,-0.416,-0.3075,-0.545,-0.7552,-0.8333,-0.8414,-0.8173,-0.7673,-0.673,-0.4961,-0.1924,0.1392,0.1312,-0.1026,-0.2767,-0.3718,-0.4226,-0.4518,-0.4709,-0.4859,-0.4996,-0.5134,-0.5279,-0.5428,-0.558,-0.573,-0.5874,-0.6008,-0.6129,-0.8795,-0.8777,-0.8766,-0.8785,-0.8797,-0.858,-0.7693,-0.5859,-0.5064,-0.7144,-0.8728,-0.9102,-0.8978,-0.8748,-0.843,-0.77,-0.6101,-0.3393,-0.051,-0.0274,-0.1886,-0.3153,-0.3851,-0.4223,-0.4439,-0.4592,-0.4728,-0.4869,-0.5024,-0.5193,-0.5371,-0.5553,-0.5731,-0.59,-0.6054,-0.619,-0.8802,-0.8722,-0.8634,-0.8665,-0.8974,-0.9426,-0.9642,-0.9592,-0.993,-1.063,-1.0596,-1.0028,-0.9523,-0.9357,-0.9532,-0.9271,-0.7759,-0.5646,-0.3819,-0.3128,-0.3374,-0.3778,-0.4057,-0.4225,-0.434,-0.4445,-0.4567,-0.4718,-0.4899,-0.5104,-0.5322,-0.5543,-0.5757,-0.5956,-0.6133,-0.6285,-0.8783,-0.8572,-0.821,-0.7915,-0.8447,-0.9903,-1.1328,-1.2663,-1.4363,-1.4783,-1.272,-1.081,-0.9835,-0.9756,-1.1011,-1.1735,-0.9173,-0.6902,-0.5455,-0.4646,-0.4294,-0.4174,-0.4141,-0.4141,-0.4169,-0.4237,-0.4357,-0.4533,-0.4757,-0.5014,-0.5287,-0.5561,-0.5821,-0.6056,-0.6259,-0.6425,-0.8799,-0.8464,-0.7728,-0.664,-0.7102,-1.007,-1.2645,-1.4598,-1.8061,-1.981,-1.4327,-1.1057,-0.9756,-0.952,-1.0733,-1.1775,-0.8941,-0.6869,-0.574,-0.5023,-0.4516,-0.4187,-0.4,-0.3912,-0.3892,-0.3941,-0.4079,-0.4305,-0.4598,-0.493,-0.5279,-0.5623,-0.5942,-0.6221,-0.645,-0.6628,-0.8916,-0.8622,-0.7943,-0.6938,-0.7587,-1.1012,-1.4047,-1.5674,-1.6719,-1.7316,-1.3351,-1.0598,-0.944,-0.9099,-0.9013,-0.8613,-0.7238,-0.6017,-0.5448,-0.4846,-0.4252,-0.3834,-0.3618,-0.3536,-0.3513,-0.3557,-0.3732,-0.4039,-0.4432,-0.4869,-0.532,-0.5756,-0.615,-0.6479,-0.6733,-0.6914,-0.9121,-0.9026,-0.8836,-0.8817,-0.9881,-1.2321,-1.5014,-1.6872,-1.5962,-1.3958,-1.1619,-1.0006,-0.9313,-0.9047,-0.87,-0.7087,-0.5521,-0.5543,-0.5469,-0.4405,-0.3554,-0.3082,-0.2984,-0.3071,-0.3127,-0.3154,-0.3363,-0.3772,-0.4288,-0.4858,-0.5444,-0.6003,-0.6492,-0.6878,-0.7149,-0.7313,-0.9328,-0.9425,-0.9595,-1.0031,-1.1022,-1.2608,-1.4433,-1.5841,-1.5062,-1.2568,-1.0678,-0.9783,-0.9561,-0.885,-0.7683,-0.4435,-0.1783,-0.3702,-0.4313,-0.3223,-0.2092,-0.1664,-0.2003,-0.2571,-0.2917,-0.2951,-0.3124,-0.3585,-0.4212,-0.4937,-0.5703,-0.6432,-0.7045,-0.7488,-0.7751,-0.7863,-0.9463,-0.9658,-0.9952,-1.0429,-1.1161,-1.2104,-1.303,-1.3455,-1.2713,-1.1228,-1.0179,-0.9636,-0.8927,-0.8078,-0.664,0.122,0.9395,0.1034,-0.1912,-0.1044,0.1027,0.1135,-0.0457,-0.1883,-0.268,-0.2911,-0.3054,-0.3488,-0.4211,-0.514,-0.6168,-0.7149,-0.7931,-0.8418,-0.8616,-0.8604,-0.9503,-0.972,-1.0008,-1.0394,-1.0873,-1.1377,-1.1743,-1.1723,-1.1171,-1.0399,-1.0046,-0.9962,-0.9552,-0.853,-0.6338,0.024,0.5955,0.073,-0.1302,0.1258,0.7035,0.572,0.1328,-0.1049,-0.2075,-0.2475,-0.274,-0.327,-0.4204,-0.5478,-0.6938,-0.8334,-0.9357,-0.9833,-0.9838,-0.957,-0.9463,-0.966,-0.9896,-1.0172,-1.0465,-1.0715,-1.0831,-1.072,-1.0393,-1.0054,-0.9977,-0.9948,-1.0815,-1.1046,-0.7546,-0.4254,-0.2265,-0.2864,-0.3047,0.049,0.7763,0.6186,0.1523,-0.0671,-0.1364,-0.147,-0.173,-0.2597,-0.4047,-0.594,-0.8145,-1.027,-1.1646,-1.1944,-1.1483,-1.0748,-0.9366,-0.9528,-0.9706,-0.9891,-1.0061,-1.0178,-1.0199,-1.0099,-0.9914,-0.9748,-0.9689,-0.9837,-1.0961,-1.0966,-0.7937,-0.6187,-0.5026,-0.5298,-0.636,-0.3202,0.0533,0.1241,-0.0059,-0.0827,-0.0493,0.053,0.0559,-0.1206,-0.3679,-0.6502,-0.986,-1.3263,-1.5142,-1.4839,-1.3451,-1.1998,-0.9236,-0.936,-0.9486,-0.9605,-0.9698,-0.9745,-0.9728,-0.9642,-0.9514,-0.9387,-0.93,-0.9289,-0.9306,-0.8631,-0.7278,-0.6941,-0.5913,-0.5525,-0.5709,-0.4175,-0.269,-0.1712,-0.1496,-0.1117,0.0501,0.385,0.4529,0.0447,-0.3417,-0.7074,-1.1685,-1.689,-1.9337,-1.7851,-1.5198,-1.2989,-0.9088,-0.9179,-0.9263,-0.9334,-0.9379,-0.9386,-0.9348,-0.9264,-0.9146,-0.9012,-0.8866,-0.8687,-0.8378,-0.7773,-0.7119,-0.6828,-0.5997,-0.5135,-0.4317,-0.4034,-0.3564,-0.2835,-0.2327,-0.1622,0.021,0.421,0.5107,-0.033,-0.4022,-0.7489,-1.2294,-1.8311,-2.1032,-1.8917,-1.5755,-1.3301,-0.8934,-0.8997,-0.9049,-0.9085,-0.9098,-0.9079,-0.9024,-0.8934,-0.8811,-0.8659,-0.847,-0.8223,-0.7875,-0.7413,-0.6936,-0.647,-0.5815,-0.5057,-0.4404,-0.4077,-0.3667,-0.3104,-0.2718,-0.2362,-0.1719,-0.1468,-0.3514,-0.4162,-0.5505,-0.7805,-1.1154,-1.5528,-1.7915,-1.6907,-1.4727,-1.28,-0.8781,-0.8821,-0.8848,-0.8859,-0.8848,-0.8811,-0.8743,-0.8644,-0.8513,-0.8348,-0.8141,-0.788,-0.7551,-0.716,-0.6731,-0.6259,-0.5707,-0.5109,-0.4566,-0.4094,-0.3488,-0.2743,-0.2499,-0.2791,-0.3179,-0.4276,-0.5912,-0.5914,-0.7391,-0.8578,-0.9935,-1.2128,-1.3771,-1.384,-1.292,-1.1797,-0.8633,-0.8654,-0.8662,-0.8654,-0.8626,-0.8575,-0.8497,-0.8391,-0.8254,-0.8083,-0.7873,-0.7619,-0.7315,-0.6965,-0.6575,-0.6144,-0.5668,-0.5165,-0.4656,-0.4095,-0.3317,-0.2309,-0.2055,-0.2873,-0.378,-0.4792,-0.5839,-0.759,-1.0216,-0.9947,-0.9581,-1.0279,-1.1163,-1.1498,-1.1254,-1.072,-0.8493,-0.8498,-0.8491,-0.8469,-0.8429,-0.8367,-0.8282,-0.8171,-0.8031,-0.7861,-0.7657,-0.7416,-0.7136,-0.6819,-0.6468,-0.6083,-0.5668,-0.5227,-0.4758,-0.4221,-0.355,-0.2847,-0.2694,-0.3314,-0.4188,-0.5168,-0.6441,-0.8554,-1.0585,-1.0173,-0.9412,-0.9427,-0.9792,-1.0044,-1.003,-0.9805]}]