docs/data/wind_grid.json
[{"header":{"la1":42.85,"la2":41.18,"lo1":11.55,"lo2":14.05,"nx":36,"ny":24,"dx":0.07143,"dy":0.07261,"parameterCategory":2,"parameterNumber":2,"parameterNumberName":"eastward_wind","parameterUnit":"m.s-1"},"data":[3.8366,3.8491,3.8613,3.8724,3.8809,3.8846,3.8804,3.8646,3.8343,3.7881,3.7268,3.6523,3.5669,3.4726,3.3713,3.2663,3.1631,3.0698,2.9954,2.9461,2.9227,2.9202,2.9308,2.9469,2.9628,2.9754,2.9833,2.9863,2.9851,2.9803,2.9729,2.9637,2.9535,2.9429,2.9325,2.9227,3.862,3.8788,3.8965,3.9146,3.9317,3.9449,3.9497,3.9399,3.9097,3.8569,3.7833,3.6932,3.5899,3.4753,3.35,3.2163,3.0808,2.9569,2.8614,2.8068,2.794,2.8121,2.8458,2.8821,2.9136,2.9369,2.9516,2.9584,2.959,2.9547,2.9469,2.9369,2.9258,2.9142,2.903,2.8926,3.8866,3.9081,3.9321,3.9588,3.9874,4.0153,4.0359,4.0382,4.0105,3.9478,3.8557,3.744,3.6187,3.4804,3.3258,3.1532,2.9687,2.7938,2.6623,2.6026,2.6146,2.6723,2.7447,2.8114,2.8635,2.8995,2.9212,2.9315,2.933,2.9284,2.9195,2.9081,2.8955,2.8826,2.8703,2.8591,3.9095,3.9355,3.9659,4.0023,4.0457,4.0952,4.1433,4.1707,4.1504,4.0703,3.9468,3.8041,3.6529,3.4897,3.3027,3.08,2.8206,2.5552,2.3564,2.2937,2.3629,2.4964,2.632,2.7408,2.8176,2.8666,2.8943,2.9064,2.9076,2.9013,2.8903,2.8767,2.862,2.8473,2.8337,2.8216,3.9297,3.9594,3.9955,4.041,4.1005,4.1786,4.2725,4.3523,4.3519,4.2354,4.0541,3.8673,3.6892,3.5053,3.2899,3.0111,2.6435,2.2161,1.8805,1.825,2.0241,2.2956,2.5233,2.6823,2.7833,2.8424,2.8728,2.884,2.8825,2.873,2.8586,2.8417,2.8242,2.8073,2.7921,2.7791,3.9464,3.9786,4.0181,4.0696,4.1413,4.2475,4.4032,4.5825,4.6316,4.4351,4.1549,3.917,3.7198,3.5286,3.3012,2.9804,2.4915,1.8121,1.2124,1.1923,1.6482,2.1237,2.4536,2.6545,2.7694,2.8304,2.8578,2.8641,2.8572,2.8423,2.8231,2.8019,2.7809,2.7614,2.7443,2.7304,3.9593,3.9923,4.0324,4.0841,4.1571,4.2716,4.4645,4.7471,4.8681,4.5586,4.1884,3.929,3.7357,3.5579,3.3477,3.0337,2.4963,1.6176,0.7199,0.7494,1.4729,2.0952,2.4696,2.6747,2.7815,2.8316,2.8484,2.8451,2.8298,2.8076,2.7819,2.7555,2.7302,2.7076,2.6886,2.674,3.9687,4.0013,4.0395,4.086,4.1471,4.2365,4.381,4.5906,4.6665,4.4034,4.1083,3.8962,3.7322,3.5853,3.4216,3.1804,2.7541,2.0289,1.2518,1.2263,1.7978,2.297,2.591,2.7443,2.8163,2.8421,2.841,2.824,2.7976,2.7661,2.7327,2.7,2.6698,2.6438,2.623,2.608,3.9754,4.0072,4.0428,4.0826,4.1276,4.1789,4.2363,4.2828,4.2562,4.1352,3.9897,3.8444,3.7091,3.5935,3.4902,3.3603,3.1361,2.7666,2.3715,2.2624,2.4384,2.6445,2.7764,2.8402,2.8598,2.8527,2.8294,2.796,2.7568,2.7147,2.6724,2.6324,2.5967,2.5671,2.5448,2.5302,3.9798,4.0114,4.0458,4.0824,4.1191,4.1502,4.1629,4.1351,4.0577,3.9905,3.9221,3.7997,3.6601,3.5528,3.5069,3.497,3.4662,3.3688,3.2102,3.0692,2.9992,2.9721,2.9518,2.9254,2.8916,2.8513,2.8057,2.7558,2.7031,2.6494,2.5972,2.5488,2.507,2.4738,2.4505,2.4374,3.9823,4.0143,4.0497,4.0884,4.1292,4.1677,4.1888,4.1483,3.9893,3.9202,3.9084,3.7683,3.5699,3.4093,3.4188,3.557,3.7271,3.8564,3.8203,3.6122,3.3759,3.1911,3.0603,2.966,2.8918,2.8262,2.7625,2.698,2.6322,2.5662,2.5027,2.4447,2.3958,2.3589,2.3356,2.3261,3.9822,4.0151,4.0526,4.0964,4.1489,4.2137,4.2907,4.3295,4.1463,3.989,3.9312,3.779,3.4694,3.0728,3.1915,3.5669,3.9972,4.4796,4.5066,4.0392,3.5842,3.268,3.0666,2.9378,2.8462,2.7689,2.6944,2.6184,2.5401,2.4608,2.3837,2.3136,2.2561,2.2155,2.1941,2.1913,3.979,4.0121,4.0507,4.0978,4.1587,4.2432,4.3648,4.4945,4.3765,4.1258,3.9933,3.946,3.6803,2.9686,3.113,3.6677,4.2614,5.2737,5.2598,4.2619,3.5615,3.1528,2.9379,2.8248,2.7482,2.6764,2.599,2.5146,2.4239,2.3289,2.2341,2.1474,2.0783,2.0342,2.0179,2.0273,3.9718,4.0038,4.0413,4.0868,4.1447,4.2219,4.3214,4.4134,4.3404,4.1373,4.0447,4.1774,4.1909,3.7856,3.6571,3.98,4.396,4.8297,4.7695,3.9087,3.1492,2.7498,2.6383,2.6246,2.6038,2.5525,2.477,2.3856,2.2815,2.1663,2.046,1.934,1.8478,1.8007,1.7958,1.8268,3.9609,3.9904,4.0242,4.0635,4.1098,4.1633,4.2166,4.2398,4.1854,4.0979,4.0581,4.0415,3.9645,3.9074,3.9272,4.4447,5.0166,4.4381,3.934,3.0882,2.1459,1.9085,2.1614,2.3704,2.4366,2.4063,2.3293,2.2307,2.1127,1.9704,1.8096,1.6551,1.5419,1.4944,1.5137,1.5829,3.9466,3.9728,4.0016,4.033,4.0664,4.0988,4.1221,4.1233,4.0998,4.0898,4.1444,4.0289,4.0,3.967,4.0275,4.3902,4.7411,4.1795,3.47,2.2082,0.4014,0.6665,1.6808,2.1628,2.284,2.242,2.1505,2.0488,1.9214,1.7422,1.5132,1.2826,1.1249,1.0866,1.1567,1.2922,3.93,3.9526,3.9763,4.0007,4.0243,4.0444,4.0568,4.059,4.0577,4.0763,4.1284,4.0712,4.0879,4.1153,4.054,4.1031,4.0817,3.7999,3.3638,2.2476,0.1992,0.5593,1.6702,2.1217,2.1609,2.0367,1.9178,1.8376,1.7208,1.4933,1.1462,0.7761,0.5483,0.5484,0.7205,0.9645,3.9118,3.931,3.9505,3.9695,3.9869,4.0011,4.0107,4.0163,4.0226,4.0359,4.0494,4.0526,4.1066,4.1245,4.0788,4.0544,3.909,3.6758,3.5861,3.1113,2.1661,1.9018,2.1442,2.219,2.0245,1.7268,1.5896,1.6043,1.5408,1.2552,0.7184,0.1086,-0.2134,-0.1073,0.243,0.6386,3.8928,3.909,3.925,3.9402,3.9538,3.9651,3.9737,3.9806,3.9878,3.9967,4.0059,4.0178,4.0411,4.071,4.1872,4.2372,3.9485,3.7211,3.6645,3.633,3.1959,2.7985,2.5963,2.3398,1.8689,1.3121,1.1871,1.4051,1.4254,1.0874,0.3255,-0.5937,-0.9998,-0.7147,-0.1507,0.393,3.8733,3.8871,3.9004,3.9128,3.9238,3.9331,3.9408,3.9474,3.9537,3.9604,3.9678,3.9778,3.9953,4.0372,4.1453,4.1669,3.9498,3.8224,4.0034,4.1279,3.6268,3.2341,2.9321,2.515,1.894,1.242,1.1154,1.3824,1.4077,1.0592,0.2094,-0.8488,-1.283,-0.9161,-0.273,0.3181,3.8538,3.8654,3.8765,3.8866,3.8957,3.9034,3.9098,3.9153,3.9201,3.9247,3.9296,3.9359,3.947,3.9686,3.9959,3.9731,3.8791,3.825,3.9001,3.9125,3.6963,3.5345,3.3331,2.8502,2.1666,1.62,1.443,1.4693,1.4625,1.1758,0.4849,-0.3645,-0.7643,-0.5445,-0.0517,0.4442,3.8342,3.844,3.8532,3.8615,3.8688,3.8749,3.8799,3.8838,3.8868,3.889,3.8907,3.8924,3.8946,3.8966,3.8907,3.861,3.8097,3.7719,3.7672,3.7582,3.7843,3.9897,4.002,3.3678,2.4954,1.776,1.4184,1.4872,1.5418,1.3558,0.9077,0.3689,0.0566,0.1033,0.3758,0.711,3.8148,3.823,3.8304,3.8371,3.8427,3.8472,3.8506,3.8528,3.8538,3.8535,3.8519,3.8488,3.8436,3.8345,3.8174,3.7882,3.7509,3.719,3.7054,3.732,3.8972,4.317,4.4473,3.7353,2.8142,2.0922,1.7188,1.6725,1.6743,1.5464,1.2753,0.9564,0.7396,0.7077,0.8286,1.0256,3.7956,3.8022,3.8082,3.8132,3.8173,3.8203,3.822,3.8224,3.8214,3.8186,3.814,3.807,3.7967,3.7819,3.7607,3.7327,3.701,3.6736,3.6633,3.6979,3.834,4.0705,4.0902,3.6294,2.98,2.4305,2.092,1.9433,1.8613,1.7435,1.5664,1.3706,1.2243,1.1735,1.2171,1.3241]},{"header":{"la1":42.85,"la2":41.18,"lo1":11.55,"lo2":14.05,"nx":36,"ny":24,"dx":0.07143,"dy":0.07261,"parameterCategory":2,"parameterNumber":3,"parameterNumberName":"northward_wind","parameterUnit":"m.s-1"},"data":[-0.0202,-0.0042,0.0135,0.0321,0.0501,0.0648,0.0724,0.0685,0.0499,0.0152,-0.0341,-0.0954,-0.1662,-0.2446,-0.3292,-0.4171,-0.5032,-0.5795,-0.6369,-0.6686,-0.6734,-0.6555,-0.6222,-0.5811,-0.538,-0.4965,-0.4586,-0.425,-0.3957,-0.3704,-0.3488,-0.3303,-0.3145,-0.301,-0.2895,-0.2796,-0.0095,0.0109,0.0347,0.0617,0.0904,0.1175,0.1371,0.1412,0.1233,0.0813,0.0186,-0.059,-0.1473,-0.2451,-0.3526,-0.4682,-0.5857,-0.6923,-0.771,-0.8085,-0.803,-0.7642,-0.7067,-0.6433,-0.582,-0.5268,-0.4788,-0.438,-0.4037,-0.375,-0.351,-0.3309,-0.3141,-0.3,-0.2881,-0.278,-0.0011,0.0238,0.0545,0.092,0.1358,0.1826,0.2234,0.2438,0.229,0.1745,0.0898,-0.0114,-0.1218,-0.2423,-0.3775,-0.5307,-0.6963,-0.8536,-0.9686,-1.0125,-0.9833,-0.9051,-0.8077,-0.7115,-0.6262,-0.5544,-0.4954,-0.4473,-0.4083,-0.3765,-0.3506,-0.3293,-0.3119,-0.2975,-0.2855,-0.2754,0.0038,0.0325,0.0702,0.1195,0.183,0.2599,0.3395,0.3943,0.3881,0.3087,0.1835,0.0465,-0.0903,-0.2339,-0.3995,-0.6013,-0.8408,-1.0876,-1.2705,-1.3195,-1.2358,-1.0827,-0.9208,-0.7793,-0.665,-0.5754,-0.5056,-0.451,-0.4081,-0.3741,-0.347,-0.3252,-0.3076,-0.2932,-0.2815,-0.2718,0.0038,0.0348,0.0776,0.1377,0.2232,0.3419,0.4894,0.6201,0.6383,0.5024,0.2973,0.107,-0.0562,-0.2169,-0.4085,-0.6655,-1.0119,-1.4187,-1.7375,-1.7832,-1.5748,-1.286,-1.0301,-0.8341,-0.6901,-0.5845,-0.5062,-0.4472,-0.4021,-0.3671,-0.3397,-0.3182,-0.301,-0.2873,-0.2763,-0.2672,-0.0022,0.0286,0.0724,0.1379,0.2397,0.4019,0.6481,0.9338,1.0195,0.7518,0.4014,0.149,-0.0271,-0.1877,-0.3886,-0.6889,-1.1577,-1.812,-2.3896,-2.4054,-1.9504,-1.4612,-1.1003,-0.8563,-0.6912,-0.5767,-0.4947,-0.4345,-0.3894,-0.3551,-0.3288,-0.3083,-0.2924,-0.2798,-0.2699,-0.2618,-0.014,0.013,0.0522,0.1125,0.212,0.3874,0.7026,1.1724,1.3718,0.9013,0.4079,0.1408,-0.0096,-0.1418,-0.3232,-0.6244,-1.1509,-2.0032,-2.8676,-2.8384,-2.1283,-1.4946,-1.0837,-0.8269,-0.6609,-0.5487,-0.4698,-0.4125,-0.3701,-0.3382,-0.3141,-0.2958,-0.2817,-0.2709,-0.2625,-0.2558,-0.0307,-0.0103,0.0185,0.0621,0.1336,0.2615,0.4996,0.8707,1.014,0.5982,0.2285,0.0725,0.0024,-0.073,-0.2081,-0.4564,-0.8987,-1.6165,-2.363,-2.3844,-1.8217,-1.3022,-0.9594,-0.7419,-0.5994,-0.5018,-0.4325,-0.382,-0.3447,-0.3169,-0.2962,-0.2809,-0.2696,-0.2611,-0.2547,-0.2496,-0.0501,-0.0377,-0.022,-0.0012,0.0281,0.0717,0.134,0.188,0.1249,-0.0326,-0.0719,-0.0164,0.0334,0.0287,-0.0539,-0.2331,-0.5289,-0.9413,-1.3347,-1.4278,-1.2273,-0.971,-0.7669,-0.6207,-0.5168,-0.4416,-0.3862,-0.3449,-0.3143,-0.2919,-0.2758,-0.2644,-0.2564,-0.2509,-0.2469,-0.2437,-0.0695,-0.0645,-0.0606,-0.0596,-0.0654,-0.0876,-0.1518,-0.3209,-0.639,-0.7405,-0.395,-0.0638,0.1192,0.1795,0.1293,-0.0171,-0.2272,-0.4587,-0.6567,-0.7558,-0.7408,-0.6633,-0.5737,-0.4937,-0.428,-0.3757,-0.3349,-0.3037,-0.2806,-0.2644,-0.2536,-0.247,-0.2433,-0.2412,-0.24,-0.2389,-0.0869,-0.0872,-0.0909,-0.1008,-0.122,-0.1643,-0.2536,-0.4968,-1.2396,-1.6002,-0.6141,0.0042,0.2898,0.3988,0.3435,0.1621,-0.0524,-0.2283,-0.3469,-0.4236,-0.4573,-0.4509,-0.4212,-0.3832,-0.3451,-0.3109,-0.2823,-0.2602,-0.2447,-0.2353,-0.2308,-0.2299,-0.2312,-0.2332,-0.2351,-0.2362,-0.101,-0.1042,-0.1109,-0.123,-0.1424,-0.1692,-0.198,-0.2571,-0.7229,-1.0601,-0.3362,0.2349,0.5164,0.6759,0.5754,0.2825,-0.0036,-0.1896,-0.2569,-0.2917,-0.3173,-0.3242,-0.3151,-0.2965,-0.2736,-0.2504,-0.2303,-0.2156,-0.2073,-0.2053,-0.2084,-0.2146,-0.222,-0.2288,-0.2339,-0.237,-0.1119,-0.116,-0.1226,-0.1321,-0.1436,-0.1509,-0.1352,-0.0815,-0.1692,-0.2507,0.0958,0.6195,0.7603,0.7612,0.6592,0.2727,-0.0609,-0.2634,-0.2767,-0.2552,-0.2533,-0.2512,-0.2438,-0.2306,-0.2128,-0.1938,-0.178,-0.1689,-0.168,-0.175,-0.1877,-0.2032,-0.2182,-0.2305,-0.2387,-0.2429,-0.1203,-0.1241,-0.1294,-0.1357,-0.1412,-0.1412,-0.1281,-0.1049,-0.1166,-0.0661,0.232,1.0026,1.2263,0.8071,0.4504,0.0585,-0.2408,-0.276,-0.266,-0.2373,-0.2156,-0.203,-0.1933,-0.179,-0.1588,-0.1376,-0.122,-0.1173,-0.1253,-0.1445,-0.1709,-0.1993,-0.2242,-0.2424,-0.2527,-0.2564,-0.127,-0.1303,-0.1343,-0.1385,-0.1416,-0.1414,-0.1368,-0.1316,-0.1309,-0.1146,-0.0346,0.2121,0.3773,0.2281,0.194,-0.345,-0.7913,-0.4247,-0.2728,-0.2134,-0.1753,-0.1614,-0.1546,-0.1357,-0.1054,-0.0743,-0.0549,-0.0551,-0.0762,-0.1142,-0.1616,-0.209,-0.2471,-0.2709,-0.2805,-0.28,-0.1327,-0.1356,-0.1391,-0.1425,-0.1455,-0.1477,-0.1501,-0.1577,-0.1846,-0.2766,-0.5086,-0.3833,-0.1981,-0.0102,-0.0815,-0.392,-0.6527,-0.4113,-0.2559,-0.1804,-0.1222,-0.124,-0.1273,-0.0961,-0.0433,0.0086,0.036,0.0268,-0.0166,-0.0851,-0.1662,-0.2432,-0.2987,-0.3252,-0.3274,-0.3159,-0.1379,-0.1408,-0.1442,-0.1479,-0.152,-0.1572,-0.1658,-0.1841,-0.2277,-0.3315,-0.5005,-0.4259,-0.559,-0.6572,-0.3576,-0.3537,-0.3673,-0.2727,-0.1863,-0.1615,-0.1155,-0.119,-0.1115,-0.0518,0.0424,0.1328,0.1713,0.1409,0.0583,-0.059,-0.1947,-0.3189,-0.3962,-0.4158,-0.3969,-0.3638,-0.1429,-0.146,-0.1496,-0.154,-0.1595,-0.1673,-0.1796,-0.2012,-0.2395,-0.2997,-0.3622,-0.4219,-0.653,-0.722,-0.5462,-0.5164,-0.3739,-0.1704,-0.0361,-0.1548,-0.1702,-0.1465,-0.0991,0.0046,0.1649,0.3244,0.373,0.2931,0.1487,-0.0373,-0.2551,-0.4533,-0.5535,-0.5445,-0.4833,-0.4168,-0.1476,-0.151,-0.1551,-0.1602,-0.1669,-0.1761,-0.1897,-0.2102,-0.2403,-0.2802,-0.3273,-0.3918,-0.4877,-0.5715,-0.79,-0.8879,-0.4973,-0.2297,-0.1428,-0.2787,-0.2503,-0.1825,-0.0934,0.0572,0.2948,0.5553,0.6076,0.4459,0.24,-0.0141,-0.329,-0.6211,-0.7364,-0.6754,-0.5598,-0.4585,-0.1521,-0.1558,-0.1603,-0.166,-0.1733,-0.1832,-0.1966,-0.2151,-0.2399,-0.2713,-0.3105,-0.3616,-0.43,-0.5371,-0.7416,-0.7948,-0.5198,-0.3539,-0.4252,-0.4896,-0.33,-0.22,-0.1106,0.0646,0.3316,0.6068,0.6583,0.5164,0.3151,0.0297,-0.3401,-0.6848,-0.8064,-0.7198,-0.582,-0.4684,-0.1561,-0.1601,-0.1649,-0.1709,-0.1785,-0.1884,-0.2012,-0.2177,-0.2388,-0.265,-0.2973,-0.3381,-0.3909,-0.462,-0.5392,-0.541,-0.4453,-0.3746,-0.3945,-0.4047,-0.3269,-0.2605,-0.1797,-0.002,0.2714,0.5303,0.6803,0.6112,0.3901,0.0999,-0.2412,-0.5449,-0.6721,-0.6296,-0.5298,-0.4383,-0.1597,-0.1639,-0.1688,-0.175,-0.1825,-0.192,-0.2038,-0.2185,-0.2366,-0.2584,-0.2846,-0.3158,-0.3524,-0.3916,-0.4207,-0.4171,-0.3821,-0.3503,-0.3411,-0.3327,-0.3216,-0.3521,-0.3417,-0.1413,0.1813,0.529,0.7829,0.6791,0.422,0.1548,-0.1133,-0.3396,-0.461,-0.4748,-0.4335,-0.3807,-0.1629,-0.1671,-0.1721,-0.1781,-0.1854,-0.1942,-0.205,-0.2179,-0.2333,-0.2512,-0.2718,-0.2948,-0.319,-0.341,-0.3541,-0.352,-0.3369,-0.32,-0.3092,-0.307,-0.3342,-0.4273,-0.4584,-0.2492,0.0664,0.3691,0.5522,0.5164,0.3512,0.1573,-0.0326,-0.1926,-0.2956,-0.3368,-0.336,-0.3165,-0.1655,-0.1697,-0.1745,-0.1803,-0.1872,-0.1954,-0.205,-0.2161,-0.229,-0.2436,-0.2595,-0.2762,-0.2923,-0.3054,-0.3125,-0.3114,-0.3036,-0.2936,-0.2862,-0.2879,-0.3126,-0.364,-0.3627,-0.2241,-0.0107,0.1895,0.3104,0.3173,0.2381,0.1207,-0.0036,-0.1138,-0.1945,-0.2408,-0.2591,-0.26]}]