docs/data/wind_grid.json
[{"header":{"la1":42.85,"la2":41.18,"lo1":11.55,"lo2":14.05,"nx":36,"ny":24,"dx":0.07143,"dy":0.07261,"parameterCategory":2,"parameterNumber":2,"parameterNumberName":"eastward_wind","parameterUnit":"m.s-1"},"data":[-0.3912,-0.4028,-0.4153,-0.4283,-0.4411,-0.4527,-0.4615,-0.4662,-0.4657,-0.4608,-0.4534,-0.4463,-0.442,-0.4421,-0.4472,-0.4565,-0.4683,-0.4798,-0.4879,-0.4902,-0.4858,-0.4755,-0.4609,-0.4441,-0.4266,-0.4094,-0.3932,-0.3783,-0.3647,-0.3525,-0.3416,-0.3318,-0.3231,-0.3154,-0.3084,-0.3022,-0.397,-0.4109,-0.4262,-0.443,-0.4606,-0.4775,-0.4911,-0.4984,-0.4971,-0.4877,-0.4738,-0.4605,-0.4521,-0.4512,-0.4586,-0.4733,-0.4925,-0.5119,-0.5258,-0.53,-0.5232,-0.5075,-0.4864,-0.4634,-0.4405,-0.4191,-0.3996,-0.3823,-0.3669,-0.3534,-0.3415,-0.3311,-0.3219,-0.3138,-0.3066,-0.3002,-0.4022,-0.4184,-0.4371,-0.4588,-0.4833,-0.5088,-0.5315,-0.5449,-0.5431,-0.5257,-0.5,-0.4759,-0.4607,-0.458,-0.4687,-0.4916,-0.523,-0.5559,-0.5799,-0.5865,-0.5741,-0.5484,-0.5167,-0.4845,-0.4547,-0.4282,-0.4051,-0.3851,-0.368,-0.3532,-0.3405,-0.3294,-0.3198,-0.3115,-0.3041,-0.2977,-0.4061,-0.4245,-0.4468,-0.4743,-0.5078,-0.547,-0.5869,-0.6149,-0.6146,-0.5823,-0.5342,-0.4913,-0.4655,-0.46,-0.4752,-0.5101,-0.5612,-0.618,-0.6605,-0.6694,-0.6439,-0.5992,-0.5506,-0.506,-0.4676,-0.4354,-0.4086,-0.3862,-0.3674,-0.3516,-0.3382,-0.3267,-0.3169,-0.3084,-0.301,-0.2946,-0.4083,-0.4284,-0.4537,-0.4866,-0.5305,-0.5889,-0.66,-0.7223,-0.731,-0.6676,-0.5761,-0.503,-0.4626,-0.4539,-0.4748,-0.5254,-0.6057,-0.7043,-0.782,-0.7915,-0.7358,-0.6572,-0.5842,-0.5244,-0.477,-0.4394,-0.4093,-0.3849,-0.3649,-0.3484,-0.3346,-0.323,-0.3131,-0.3046,-0.2973,-0.2909,-0.4082,-0.4292,-0.456,-0.4921,-0.544,-0.6224,-0.7387,-0.8728,-0.9122,-0.7825,-0.6136,-0.5008,-0.4462,-0.4357,-0.4626,-0.5292,-0.6441,-0.8057,-0.9473,-0.9505,-0.836,-0.7085,-0.6084,-0.5348,-0.4802,-0.4386,-0.4063,-0.3807,-0.3601,-0.3433,-0.3295,-0.318,-0.3082,-0.2999,-0.2928,-0.2866,-0.4059,-0.4266,-0.4527,-0.4879,-0.5397,-0.624,-0.7703,-0.9874,-1.0804,-0.853,-0.6052,-0.4689,-0.4106,-0.4022,-0.4343,-0.5108,-0.647,-0.8579,-1.0651,-1.058,-0.8863,-0.7253,-0.6116,-0.5322,-0.4748,-0.4318,-0.3988,-0.3731,-0.3528,-0.3364,-0.323,-0.3119,-0.3025,-0.2945,-0.2877,-0.2818,-0.4017,-0.4213,-0.4451,-0.4752,-0.5164,-0.58,-0.6887,-0.8541,-0.9156,-0.7108,-0.507,-0.3995,-0.3548,-0.3529,-0.3894,-0.4676,-0.5956,-0.7785,-0.9532,-0.9578,-0.8247,-0.6907,-0.5896,-0.5155,-0.4603,-0.4187,-0.3869,-0.3623,-0.3431,-0.3277,-0.3152,-0.3047,-0.2959,-0.2884,-0.282,-0.2764,-0.3963,-0.4147,-0.436,-0.4602,-0.4875,-0.518,-0.5506,-0.5724,-0.5355,-0.4371,-0.3578,-0.3096,-0.285,-0.2895,-0.3311,-0.4133,-0.5294,-0.6585,-0.7576,-0.774,-0.7148,-0.6311,-0.5529,-0.4886,-0.4383,-0.3999,-0.3708,-0.3486,-0.3313,-0.3176,-0.3063,-0.2968,-0.2887,-0.2817,-0.2757,-0.2705,-0.3901,-0.4082,-0.4286,-0.4506,-0.4716,-0.4847,-0.473,-0.4056,-0.2701,-0.195,-0.2232,-0.226,-0.2091,-0.211,-0.2593,-0.3634,-0.5053,-0.6387,-0.7122,-0.7115,-0.6594,-0.5868,-0.5159,-0.4564,-0.4105,-0.3763,-0.3512,-0.3325,-0.3181,-0.3065,-0.2968,-0.2883,-0.2809,-0.2744,-0.2688,-0.2641,-0.3832,-0.4018,-0.4237,-0.4491,-0.4771,-0.5024,-0.5046,-0.4127,-0.0983,0.0439,-0.1411,-0.1659,-0.1298,-0.1083,-0.1636,-0.3205,-0.5563,-0.7879,-0.8732,-0.7995,-0.6764,-0.5656,-0.4805,-0.4194,-0.3771,-0.3485,-0.329,-0.3151,-0.3045,-0.2955,-0.2873,-0.2798,-0.2729,-0.2667,-0.2614,-0.257,-0.3751,-0.3945,-0.4191,-0.4511,-0.4947,-0.5557,-0.6364,-0.6709,-0.3696,-0.1209,-0.1667,-0.1301,-0.0558,0.0269,-0.0395,-0.2861,-0.7092,-1.24,-1.3351,-1.0105,-0.7215,-0.5406,-0.4337,-0.3719,-0.3368,-0.317,-0.3056,-0.2981,-0.2919,-0.2856,-0.2787,-0.2716,-0.2646,-0.2584,-0.2532,-0.2492,-0.3648,-0.3843,-0.4103,-0.4468,-0.5016,-0.5895,-0.7331,-0.9012,-0.7347,-0.3798,-0.1997,-0.1075,-0.0387,0.0698,0.012,-0.3007,-0.8824,-1.9783,-1.9924,-1.1648,-0.6938,-0.4636,-0.3549,-0.3071,-0.2886,-0.2837,-0.2838,-0.2842,-0.2827,-0.2784,-0.2717,-0.2637,-0.2558,-0.249,-0.2437,-0.2401,-0.3515,-0.3696,-0.394,-0.4285,-0.48,-0.5592,-0.6745,-0.7901,-0.6813,-0.3697,-0.1761,-0.0947,-0.066,0.0712,-0.0796,-0.4131,-0.8537,-1.4586,-1.5141,-0.9039,-0.4843,-0.2909,-0.2294,-0.2233,-0.2361,-0.2532,-0.2682,-0.2775,-0.2798,-0.2757,-0.2669,-0.256,-0.2455,-0.2373,-0.232,-0.2292,-0.3353,-0.3503,-0.3699,-0.3964,-0.4326,-0.4799,-0.5301,-0.5414,-0.4335,-0.2464,-0.1225,-0.0769,-0.0148,0.0851,-0.1279,-0.6843,-1.1793,-0.882,-0.7201,-0.4025,-0.0984,-0.013,-0.0649,-0.1324,-0.1897,-0.235,-0.2668,-0.2839,-0.2872,-0.2793,-0.2641,-0.2466,-0.2315,-0.2213,-0.2165,-0.2156,-0.3169,-0.3276,-0.3407,-0.3567,-0.3749,-0.3914,-0.3943,-0.3597,-0.2667,-0.1379,-0.0336,-0.0795,-0.0509,-0.0141,-0.1429,-0.5652,-0.9301,-0.5737,-0.2851,0.0064,0.3513,0.2993,0.0856,-0.063,-0.1674,-0.2431,-0.2908,-0.3113,-0.3092,-0.2904,-0.2616,-0.2316,-0.2088,-0.1973,-0.1952,-0.1985,-0.2973,-0.3034,-0.31,-0.3164,-0.3204,-0.3175,-0.2997,-0.2569,-0.186,-0.1005,-0.034,-0.0407,0.0191,0.0552,-0.0178,-0.1456,-0.2352,-0.0964,0.0724,0.1881,0.4199,0.354,0.1314,-0.0453,-0.188,-0.2952,-0.3541,-0.3678,-0.3496,-0.3089,-0.255,-0.203,-0.1698,-0.1603,-0.1663,-0.1778,-0.2776,-0.2797,-0.2807,-0.2798,-0.2747,-0.2623,-0.2383,-0.1996,-0.148,-0.0934,-0.0499,-0.0106,0.0603,0.1047,0.238,0.2992,0.1792,0.2498,0.3738,0.2966,0.2822,0.2311,0.0979,-0.0739,-0.2576,-0.4045,-0.464,-0.4551,-0.4097,-0.3343,-0.2388,-0.1512,-0.1068,-0.1085,-0.1314,-0.1559,-0.2589,-0.2575,-0.2544,-0.2486,-0.2385,-0.2221,-0.1974,-0.1639,-0.1234,-0.0802,-0.0363,0.0159,0.0932,0.2581,0.7472,0.9384,0.4547,0.3533,0.4154,0.4673,0.3578,0.2316,0.0902,-0.105,-0.3466,-0.5383,-0.5783,-0.5536,-0.4876,-0.3698,-0.2179,-0.0828,-0.0311,-0.0555,-0.1008,-0.1389,-0.2415,-0.2376,-0.2316,-0.2228,-0.2101,-0.1923,-0.1685,-0.1387,-0.1036,-0.0641,-0.0185,0.0415,0.138,0.3336,0.7028,0.8141,0.5016,0.4269,0.6453,0.756,0.4773,0.301,0.1474,-0.0837,-0.3839,-0.5884,-0.6214,-0.6765,-0.5944,-0.4262,-0.2254,-0.0567,-0.0014,-0.0375,-0.092,-0.1345,-0.2259,-0.2201,-0.2123,-0.2017,-0.1878,-0.1697,-0.1471,-0.1198,-0.0877,-0.0503,-0.0051,0.0544,0.1413,0.2721,0.4234,0.4711,0.409,0.4166,0.544,0.5918,0.4825,0.4263,0.3313,0.0499,-0.3593,-0.7451,-1.0744,-0.9986,-0.7421,-0.5024,-0.286,-0.1234,-0.0603,-0.0753,-0.1128,-0.1454,-0.2122,-0.2051,-0.196,-0.1846,-0.1702,-0.1524,-0.131,-0.1056,-0.0758,-0.041,0.0008,0.0532,0.12,0.2001,0.2748,0.3135,0.3242,0.3539,0.4125,0.4592,0.5316,0.7238,0.7528,0.3376,-0.2562,-0.8715,-1.344,-1.1708,-0.8168,-0.5528,-0.3565,-0.2205,-0.1528,-0.1392,-0.1502,-0.166,-0.2002,-0.1923,-0.1826,-0.1707,-0.1563,-0.1392,-0.1189,-0.0953,-0.068,-0.0363,0.0007,0.0442,0.0944,0.148,0.1966,0.2326,0.2607,0.2957,0.3461,0.4262,0.6087,0.9589,1.0599,0.5648,-0.0757,-0.6313,-0.9611,-0.9288,-0.7277,-0.5366,-0.3884,-0.2836,-0.2211,-0.1932,-0.1859,-0.1877,-0.1899,-0.1815,-0.1715,-0.1596,-0.1455,-0.1291,-0.1101,-0.0883,-0.0635,-0.0353,-0.0033,0.0325,0.0715,0.1113,0.1485,0.1813,0.2124,0.2489,0.3004,0.3868,0.5464,0.7634,0.7945,0.4756,0.0284,-0.3579,-0.591,-0.6402,-0.5725,-0.4718,-0.3785,-0.3053,-0.2551,-0.2254,-0.2105,-0.2044]},{"header":{"la1":42.85,"la2":41.18,"lo1":11.55,"lo2":14.05,"nx":36,"ny":24,"dx":0.07143,"dy":0.07261,"parameterCategory":2,"parameterNumber":3,"parameterNumberName":"northward_wind","parameterUnit":"m.s-1"},"data":[-0.6753,-0.6685,-0.6599,-0.6496,-0.6379,-0.6253,-0.6129,-0.6013,-0.5911,-0.5815,-0.5711,-0.5581,-0.5411,-0.5194,-0.4932,-0.464,-0.4339,-0.4064,-0.3848,-0.3717,-0.3678,-0.3718,-0.3813,-0.394,-0.408,-0.4221,-0.4359,-0.449,-0.4613,-0.473,-0.484,-0.4944,-0.5042,-0.5135,-0.5222,-0.5303,-0.6834,-0.6759,-0.666,-0.6536,-0.6388,-0.6227,-0.6069,-0.5933,-0.5832,-0.5757,-0.5681,-0.5569,-0.5394,-0.5145,-0.4822,-0.4441,-0.4034,-0.3654,-0.3364,-0.3211,-0.3203,-0.3308,-0.348,-0.3678,-0.3876,-0.4064,-0.4237,-0.4395,-0.4541,-0.4675,-0.48,-0.4917,-0.5027,-0.5129,-0.5224,-0.5313,-0.6929,-0.6849,-0.6735,-0.6583,-0.6391,-0.6168,-0.5944,-0.5764,-0.5665,-0.5639,-0.5629,-0.5564,-0.54,-0.5118,-0.4716,-0.4209,-0.3638,-0.3085,-0.2672,-0.2495,-0.2561,-0.2791,-0.309,-0.3391,-0.3667,-0.391,-0.4122,-0.4309,-0.4476,-0.4628,-0.4769,-0.4899,-0.502,-0.5132,-0.5237,-0.5332,-0.7044,-0.6962,-0.6836,-0.665,-0.6394,-0.6069,-0.5715,-0.5427,-0.5321,-0.5404,-0.5538,-0.5576,-0.5444,-0.5131,-0.4635,-0.3959,-0.3132,-0.2279,-0.1641,-0.1447,-0.1688,-0.2156,-0.2657,-0.3101,-0.3468,-0.377,-0.402,-0.4234,-0.4423,-0.4592,-0.4747,-0.4891,-0.5024,-0.5147,-0.5261,-0.5364,-0.7183,-0.7108,-0.6977,-0.6762,-0.643,-0.595,-0.5343,-0.4788,-0.4629,-0.496,-0.5405,-0.5627,-0.5554,-0.5214,-0.4617,-0.3735,-0.254,-0.1158,-0.0085,0.0093,-0.0546,-0.144,-0.2232,-0.2844,-0.3304,-0.3658,-0.3941,-0.4178,-0.4384,-0.4569,-0.4739,-0.4896,-0.5042,-0.5176,-0.53,-0.5411,-0.735,-0.7295,-0.7178,-0.6956,-0.6566,-0.5909,-0.4899,-0.3738,-0.3364,-0.4265,-0.5305,-0.5783,-0.5763,-0.5394,-0.4713,-0.3645,-0.2027,0.0156,0.2042,0.211,0.0695,-0.0816,-0.1925,-0.268,-0.3204,-0.3588,-0.389,-0.4141,-0.4361,-0.456,-0.4745,-0.4916,-0.5076,-0.5223,-0.5356,-0.5476,-0.7544,-0.7527,-0.7452,-0.7272,-0.69,-0.6175,-0.4837,-0.2867,-0.2047,-0.3853,-0.5546,-0.6153,-0.61,-0.5683,-0.4964,-0.3831,-0.1999,0.0811,0.3575,0.3489,0.13,-0.0631,-0.1875,-0.2659,-0.3184,-0.3566,-0.3868,-0.4124,-0.4354,-0.4567,-0.4767,-0.4955,-0.513,-0.529,-0.5435,-0.5563,-0.7758,-0.7797,-0.7798,-0.772,-0.7489,-0.6962,-0.5896,-0.4229,-0.3568,-0.5221,-0.6529,-0.6802,-0.655,-0.6053,-0.5347,-0.4319,-0.273,-0.0352,0.2023,0.2113,0.0428,-0.1113,-0.2127,-0.2782,-0.3236,-0.3581,-0.3868,-0.4123,-0.4361,-0.4588,-0.4806,-0.5014,-0.5208,-0.5385,-0.5542,-0.5678,-0.7978,-0.8087,-0.8187,-0.8259,-0.8265,-0.8143,-0.7833,-0.7459,-0.7564,-0.8085,-0.8082,-0.7602,-0.7018,-0.6435,-0.5776,-0.4919,-0.3768,-0.2331,-0.103,-0.0685,-0.1232,-0.1952,-0.2536,-0.2974,-0.3318,-0.3609,-0.3874,-0.4127,-0.4376,-0.4623,-0.4866,-0.51,-0.5318,-0.5515,-0.5686,-0.583,-0.8187,-0.8366,-0.8573,-0.8809,-0.9071,-0.9354,-0.9669,-1.0156,-1.1024,-1.1176,-0.9725,-0.8279,-0.7364,-0.6762,-0.6171,-0.5409,-0.4497,-0.358,-0.2845,-0.2466,-0.245,-0.2635,-0.288,-0.313,-0.3375,-0.3619,-0.3869,-0.4127,-0.4396,-0.4672,-0.495,-0.5219,-0.5469,-0.5691,-0.5878,-0.6028,-0.8362,-0.8604,-0.8905,-0.9286,-0.977,-1.0373,-1.1054,-1.1788,-1.3421,-1.4285,-1.0856,-0.8516,-0.749,-0.7064,-0.657,-0.5721,-0.4736,-0.3922,-0.341,-0.3115,-0.2967,-0.2946,-0.3023,-0.3168,-0.3359,-0.3582,-0.3833,-0.4111,-0.4414,-0.4737,-0.5066,-0.5386,-0.5679,-0.5932,-0.6135,-0.6288,-0.8487,-0.8771,-0.9137,-0.9618,-1.0264,-1.1123,-1.2158,-1.29,-1.2998,-1.2924,-1.0221,-0.8193,-0.7449,-0.7559,-0.7099,-0.5828,-0.4486,-0.3551,-0.3233,-0.3119,-0.2983,-0.29,-0.2924,-0.3048,-0.324,-0.3477,-0.3753,-0.4069,-0.4428,-0.482,-0.5226,-0.562,-0.5973,-0.6264,-0.6482,-0.6629,-0.855,-0.8851,-0.9239,-0.9755,-1.0459,-1.1437,-1.274,-1.3938,-1.3084,-1.1061,-0.9027,-0.7732,-0.7222,-0.768,-0.7213,-0.5367,-0.3748,-0.2943,-0.2893,-0.2861,-0.2651,-0.251,-0.256,-0.2752,-0.3008,-0.3292,-0.3612,-0.3988,-0.443,-0.4928,-0.5452,-0.5955,-0.6393,-0.673,-0.6955,-0.7078,-0.855,-0.8839,-0.9207,-0.9684,-1.0315,-1.1157,-1.2207,-1.3136,-1.2391,-1.0058,-0.8287,-0.7599,-0.7291,-0.5144,-0.551,-0.3614,-0.1745,-0.236,-0.2634,-0.2368,-0.1842,-0.1617,-0.1858,-0.2276,-0.2669,-0.3021,-0.3391,-0.3843,-0.4408,-0.5071,-0.5778,-0.645,-0.7006,-0.7393,-0.7603,-0.7667,-0.8492,-0.875,-0.9063,-0.9448,-0.9916,-1.0461,-1.0988,-1.1159,-1.037,-0.8919,-0.7844,-0.7121,-0.5726,-0.3137,-0.4402,-0.0219,0.4568,-0.0219,-0.1902,-0.1328,0.0093,0.0241,-0.0759,-0.1682,-0.2262,-0.2645,-0.3036,-0.3582,-0.4333,-0.5259,-0.6263,-0.7201,-0.7925,-0.8351,-0.8494,-0.8433,-0.8392,-0.8605,-0.885,-0.9127,-0.9422,-0.9694,-0.9838,-0.9665,-0.9043,-0.8245,-0.7905,-0.708,-0.6769,-0.5778,-0.4877,-0.1087,0.241,-0.0787,-0.1974,-0.0055,0.3984,0.3204,0.036,-0.1208,-0.1838,-0.2088,-0.2415,-0.309,-0.415,-0.5507,-0.6999,-0.8368,-0.9327,-0.974,-0.9699,-0.9397,-0.8265,-0.8431,-0.861,-0.8792,-0.8955,-0.906,-0.9041,-0.8829,-0.8433,-0.8035,-0.7902,-0.7698,-0.9078,-0.9756,-0.679,-0.4604,-0.3216,-0.3494,-0.3501,-0.0868,0.4381,0.3377,0.0242,-0.1162,-0.1352,-0.1088,-0.1215,-0.2164,-0.378,-0.5831,-0.8115,-1.0189,-1.1456,-1.1703,-1.1253,-1.0533,-0.8125,-0.825,-0.8373,-0.8485,-0.8566,-0.8591,-0.8528,-0.8364,-0.8136,-0.7938,-0.7876,-0.8169,-0.9729,-1.0077,-0.8201,-0.7246,-0.5792,-0.5328,-0.5726,-0.3798,-0.1063,-0.0429,-0.124,-0.147,-0.0569,0.0909,0.113,-0.0615,-0.3218,-0.6239,-0.9683,-1.2856,-1.4458,-1.4208,-1.3017,-1.1699,-0.7984,-0.8074,-0.8156,-0.8222,-0.8257,-0.8248,-0.8185,-0.8072,-0.7938,-0.7839,-0.7844,-0.806,-0.8507,-0.8746,-0.9723,-1.0246,-0.7312,-0.5853,-0.5696,-0.5151,-0.4014,-0.3141,-0.2762,-0.1928,0.0363,0.4078,0.4805,0.1033,-0.2821,-0.6675,-1.1336,-1.5837,-1.7668,-1.6589,-1.4505,-1.2598,-0.7847,-0.7911,-0.7964,-0.8,-0.8011,-0.7991,-0.7937,-0.7858,-0.7773,-0.7715,-0.772,-0.7819,-0.8012,-0.8388,-0.9412,-0.9632,-0.7553,-0.615,-0.5878,-0.5943,-0.524,-0.4693,-0.4156,-0.2901,-0.0187,0.4305,0.523,0.0122,-0.3352,-0.6956,-1.1911,-1.6951,-1.8837,-1.7389,-1.4979,-1.2886,-0.772,-0.7764,-0.7796,-0.7814,-0.7812,-0.7788,-0.7742,-0.7683,-0.7622,-0.7577,-0.7565,-0.76,-0.7695,-0.7888,-0.814,-0.7948,-0.7075,-0.6271,-0.5945,-0.5888,-0.5917,-0.6216,-0.6054,-0.473,-0.2772,-0.187,-0.4081,-0.43,-0.4699,-0.6974,-1.0853,-1.4918,-1.6726,-1.5945,-1.4164,-1.245,-0.7603,-0.7632,-0.765,-0.7656,-0.7647,-0.7621,-0.7581,-0.7532,-0.748,-0.7437,-0.7409,-0.7402,-0.7418,-0.7446,-0.7418,-0.7194,-0.6763,-0.635,-0.616,-0.6293,-0.7055,-0.8608,-0.8987,-0.7032,-0.5059,-0.5104,-0.6858,-0.6148,-0.5629,-0.6867,-0.9336,-1.1981,-1.349,-1.3484,-1.2609,-1.1527,-0.7496,-0.7514,-0.7522,-0.7521,-0.7507,-0.748,-0.7443,-0.7398,-0.7351,-0.7304,-0.7263,-0.7227,-0.7193,-0.7144,-0.7046,-0.6865,-0.6626,-0.6432,-0.6423,-0.6804,-0.8007,-1.0187,-1.0786,-0.8452,-0.6287,-0.5647,-0.5946,-0.5899,-0.594,-0.6756,-0.8239,-0.9852,-1.0963,-1.1294,-1.1024,-1.0471,-0.7398,-0.7408,-0.741,-0.7403,-0.7386,-0.7359,-0.7323,-0.728,-0.7233,-0.7184,-0.7134,-0.7082,-0.7022,-0.6947,-0.6844,-0.671,-0.6572,-0.6496,-0.6584,-0.6993,-0.7928,-0.9204,-0.9471,-0.8153,-0.6693,-0.5953,-0.5798,-0.5841,-0.6075,-0.6665,-0.7578,-0.8571,-0.9346,-0.973,-0.9744,-0.9519]}]