docs/data/wind_grid.json
[{"header":{"la1":42.85,"la2":41.18,"lo1":11.55,"lo2":14.05,"nx":36,"ny":24,"dx":0.07143,"dy":0.07261,"parameterCategory":2,"parameterNumber":2,"parameterNumberName":"eastward_wind","parameterUnit":"m.s-1"},"data":[-0.7764,-0.7822,-0.7859,-0.7875,-0.7867,-0.7829,-0.7753,-0.7624,-0.7433,-0.7182,-0.6892,-0.6588,-0.63,-0.6044,-0.5828,-0.5653,-0.5516,-0.5409,-0.5328,-0.5267,-0.5225,-0.5203,-0.5204,-0.5228,-0.5262,-0.5293,-0.5314,-0.5321,-0.5315,-0.5297,-0.5272,-0.5242,-0.5209,-0.5175,-0.5141,-0.5108,-0.8019,-0.8103,-0.8164,-0.8203,-0.8219,-0.8212,-0.8165,-0.8047,-0.783,-0.751,-0.7122,-0.6718,-0.6345,-0.6026,-0.5769,-0.5569,-0.5415,-0.5299,-0.5211,-0.5144,-0.5091,-0.5063,-0.5076,-0.5132,-0.5205,-0.527,-0.5311,-0.5326,-0.5322,-0.5302,-0.5272,-0.5237,-0.5199,-0.5161,-0.5123,-0.5086,-0.8313,-0.8433,-0.8524,-0.8589,-0.864,-0.8687,-0.8711,-0.8648,-0.8414,-0.7987,-0.7437,-0.6875,-0.638,-0.5981,-0.5678,-0.5451,-0.5281,-0.5152,-0.5055,-0.4978,-0.4898,-0.4835,-0.4859,-0.4983,-0.5134,-0.5252,-0.5319,-0.5343,-0.5337,-0.5311,-0.5274,-0.5232,-0.5188,-0.5144,-0.5101,-0.5061,-0.8657,-0.8826,-0.8955,-0.9045,-0.9131,-0.9263,-0.9445,-0.9551,-0.9342,-0.8721,-0.7872,-0.7051,-0.6384,-0.589,-0.554,-0.5292,-0.5103,-0.4946,-0.4831,-0.4758,-0.4625,-0.4432,-0.4463,-0.4757,-0.5062,-0.5259,-0.5352,-0.5377,-0.5361,-0.5325,-0.5277,-0.5225,-0.5173,-0.5122,-0.5074,-0.503,-0.9061,-0.9309,-0.949,-0.9592,-0.9681,-0.9909,-1.0404,-1.098,-1.094,-0.9891,-0.8441,-0.7203,-0.6315,-0.572,-0.5336,-0.5084,-0.4876,-0.4639,-0.4439,-0.4445,-0.4321,-0.3726,-0.3784,-0.4506,-0.5058,-0.5328,-0.5425,-0.5432,-0.5396,-0.5341,-0.5278,-0.5215,-0.5153,-0.5095,-0.5042,-0.4993,-0.9534,-0.9919,-1.0202,-1.03,-1.0284,-1.0508,-1.1466,-1.3182,-1.3747,-1.1608,-0.8998,-0.7205,-0.6101,-0.5426,-0.5032,-0.4816,-0.4626,-0.4209,-0.3576,-0.3794,-0.4341,-0.3284,-0.3422,-0.4613,-0.5273,-0.5507,-0.5546,-0.5505,-0.5434,-0.5354,-0.5274,-0.5197,-0.5125,-0.506,-0.5001,-0.4949,-1.0056,-1.0683,-1.1215,-1.1351,-1.1017,-1.0868,-1.1962,-1.5091,-1.6784,-1.2795,-0.8975,-0.6858,-0.5669,-0.4952,-0.4557,-0.4438,-0.4422,-0.3974,-0.2476,-0.2805,-0.5377,-0.533,-0.5115,-0.5577,-0.5796,-0.5792,-0.5699,-0.5583,-0.5467,-0.5358,-0.5258,-0.5168,-0.5087,-0.5014,-0.495,-0.4894,-1.0543,-1.1517,-1.26,-1.3048,-1.2074,-1.096,-1.1114,-1.3028,-1.396,-1.0795,-0.7808,-0.6089,-0.5019,-0.4251,-0.3751,-0.3733,-0.4176,-0.4469,-0.4126,-0.5467,-0.9395,-0.9798,-0.8042,-0.698,-0.6434,-0.6086,-0.5832,-0.5636,-0.5476,-0.5342,-0.5226,-0.5124,-0.5034,-0.4954,-0.4885,-0.4827,-1.0823,-1.2053,-1.3733,-1.4886,-1.3075,-1.0889,-0.9729,-0.9354,-0.871,-0.7327,-0.6094,-0.5145,-0.4284,-0.3335,-0.2267,-0.2101,-0.347,-0.4989,-0.6411,-0.9597,-1.5716,-1.4636,-1.021,-0.7928,-0.6838,-0.6246,-0.5882,-0.5634,-0.5449,-0.53,-0.5173,-0.5062,-0.4964,-0.4878,-0.4805,-0.4745,-1.0781,-1.1935,-1.3275,-1.3977,-1.278,-1.0626,-0.8682,-0.7116,-0.5423,-0.451,-0.462,-0.4352,-0.3686,-0.2522,0.0215,0.1648,-0.2357,-0.5311,-0.7294,-0.9898,-1.3669,-1.316,-0.9974,-0.7917,-0.6806,-0.6183,-0.5809,-0.5562,-0.5379,-0.5228,-0.5096,-0.4978,-0.4873,-0.4782,-0.4705,-0.4644,-1.0476,-1.1493,-1.2733,-1.4239,-1.368,-1.0487,-0.8058,-0.6233,-0.3203,-0.1792,-0.37,-0.3858,-0.3329,-0.2504,-0.0133,0.1692,-0.3163,-0.6653,-0.8368,-0.9134,-0.9867,-0.9647,-0.841,-0.7217,-0.6404,-0.5914,-0.5623,-0.5428,-0.5272,-0.5131,-0.4997,-0.4871,-0.4758,-0.466,-0.4581,-0.4521,-0.998,-1.0865,-1.2125,-1.3775,-1.308,-0.9753,-0.7769,-0.7032,-0.4925,-0.321,-0.3827,-0.3609,-0.3033,-0.2436,-0.2526,-0.3292,-0.6137,-1.068,-1.1991,-0.9977,-0.863,-0.7839,-0.708,-0.637,-0.5837,-0.5528,-0.5375,-0.5266,-0.5149,-0.5017,-0.4877,-0.4738,-0.4612,-0.4506,-0.4424,-0.4368,-0.9331,-0.9934,-1.0624,-1.1055,-1.0258,-0.8547,-0.7668,-0.8025,-0.7117,-0.5138,-0.4096,-0.3394,-0.2875,-0.2219,-0.2727,-0.4614,-0.7942,-1.8361,-1.8822,-1.1193,-0.8062,-0.6742,-0.607,-0.5632,-0.531,-0.5161,-0.5151,-0.5122,-0.5033,-0.4897,-0.4737,-0.4573,-0.4424,-0.4305,-0.4223,-0.4176,-0.8629,-0.8936,-0.9156,-0.9076,-0.8498,-0.7705,-0.7336,-0.7518,-0.6884,-0.52,-0.402,-0.3181,-0.2811,-0.143,-0.3529,-0.4675,-0.7003,-1.2938,-1.413,-0.9435,-0.6579,-0.5372,-0.5064,-0.505,-0.5033,-0.5002,-0.5039,-0.5034,-0.4941,-0.4776,-0.457,-0.4357,-0.4172,-0.4037,-0.3961,-0.3935,-0.7976,-0.8086,-0.8084,-0.7892,-0.7495,-0.7037,-0.6707,-0.6424,-0.572,-0.4642,-0.3862,-0.3462,-0.2856,-0.2052,-0.4006,-0.5059,-1.2301,-0.924,-0.8192,-0.5957,-0.363,-0.31,-0.3798,-0.4487,-0.4883,-0.499,-0.5021,-0.5009,-0.4884,-0.4653,-0.4358,-0.4058,-0.3814,-0.3663,-0.361,-0.3628,-0.742,-0.742,-0.7329,-0.7123,-0.6812,-0.6451,-0.6077,-0.5621,-0.4953,-0.4112,-0.3367,-0.3838,-0.3565,-0.3281,-0.4408,-0.7159,-1.0645,-0.7593,-0.5336,-0.279,0.0981,0.0193,-0.2431,-0.3906,-0.4656,-0.499,-0.5125,-0.5105,-0.4897,-0.4529,-0.4069,-0.3612,-0.3275,-0.3123,-0.3136,-0.3244,-0.6965,-0.6907,-0.678,-0.6578,-0.6306,-0.5982,-0.5608,-0.5157,-0.4603,-0.3975,-0.3438,-0.3586,-0.3386,-0.3279,-0.4014,-0.5055,-0.5565,-0.4197,-0.2511,-0.1302,0.1778,0.0792,-0.2016,-0.3698,-0.473,-0.5367,-0.5621,-0.5479,-0.504,-0.4406,-0.3647,-0.2909,-0.243,-0.2334,-0.251,-0.2784,-0.6596,-0.6508,-0.6368,-0.6174,-0.5927,-0.5634,-0.5296,-0.491,-0.4486,-0.4073,-0.3772,-0.3599,-0.3286,-0.3157,-0.3075,-0.3044,-0.3072,-0.1012,0.1361,-0.06,-0.0827,-0.1268,-0.2583,-0.3979,-0.5334,-0.6515,-0.6871,-0.6276,-0.5345,-0.4278,-0.3046,-0.1814,-0.1132,-0.1249,-0.1763,-0.2296,-0.6296,-0.6194,-0.6052,-0.5869,-0.5645,-0.5385,-0.5092,-0.4773,-0.4445,-0.4137,-0.3878,-0.3645,-0.3368,-0.2883,-0.1325,-0.0619,-0.1887,-0.0746,0.055,-0.0521,-0.1343,-0.208,-0.3043,-0.4369,-0.6215,-0.8447,-0.8932,-0.7293,-0.568,-0.4147,-0.2375,-0.0457,0.0452,-0.0107,-0.109,-0.1898,-0.6053,-0.5945,-0.5807,-0.5636,-0.5434,-0.5206,-0.4954,-0.4689,-0.442,-0.4163,-0.392,-0.3668,-0.3335,-0.2712,-0.1472,-0.1032,-0.177,-0.1379,-0.045,-0.0148,-0.1274,-0.2163,-0.3053,-0.4389,-0.6415,-0.8889,-0.9406,-0.758,-0.5761,-0.4007,-0.2077,0.0103,0.1095,0.0313,-0.0845,-0.1738,-0.5854,-0.5746,-0.5613,-0.5456,-0.5275,-0.5074,-0.4857,-0.4631,-0.4401,-0.4175,-0.3947,-0.3698,-0.3384,-0.2938,-0.2404,-0.2148,-0.2121,-0.1767,-0.1106,-0.0917,-0.1465,-0.186,-0.2419,-0.3765,-0.5751,-0.7676,-0.8753,-0.7742,-0.541,-0.3607,-0.2214,-0.0765,0.0013,-0.0363,-0.1152,-0.1856,-0.569,-0.5585,-0.546,-0.5315,-0.5153,-0.4975,-0.4785,-0.4588,-0.4387,-0.4184,-0.3975,-0.3749,-0.3488,-0.3186,-0.2885,-0.2659,-0.2467,-0.2185,-0.185,-0.1656,-0.1443,-0.0738,-0.0664,-0.248,-0.4871,-0.7296,-0.9623,-0.7658,-0.3582,-0.2185,-0.1967,-0.1582,-0.1236,-0.1314,-0.1695,-0.2136,-0.5555,-0.5454,-0.5337,-0.5204,-0.5058,-0.49,-0.4732,-0.4558,-0.4379,-0.4197,-0.4009,-0.3811,-0.3597,-0.3371,-0.3149,-0.2947,-0.2746,-0.2516,-0.2256,-0.193,-0.1225,0.0288,0.0769,-0.1468,-0.3897,-0.5707,-0.6372,-0.3562,0.0793,0.0255,-0.1186,-0.1744,-0.1855,-0.1954,-0.2162,-0.2432,-0.5442,-0.5346,-0.5237,-0.5116,-0.4983,-0.4841,-0.4692,-0.4536,-0.4377,-0.4214,-0.4046,-0.3873,-0.3693,-0.3509,-0.3326,-0.3147,-0.2963,-0.2761,-0.2517,-0.2162,-0.1527,-0.0612,-0.0472,-0.1781,-0.3308,-0.4204,-0.386,-0.1409,0.1406,0.0715,-0.0894,-0.1763,-0.2125,-0.2314,-0.2487,-0.2679]},{"header":{"la1":42.85,"la2":41.18,"lo1":11.55,"lo2":14.05,"nx":36,"ny":24,"dx":0.07143,"dy":0.07261,"parameterCategory":2,"parameterNumber":3,"parameterNumberName":"northward_wind","parameterUnit":"m.s-1"},"data":[-0.6254,-0.6244,-0.6222,-0.6186,-0.6135,-0.607,-0.5994,-0.5909,-0.5813,-0.5704,-0.5574,-0.5416,-0.5224,-0.4998,-0.4743,-0.4472,-0.4203,-0.3963,-0.3776,-0.366,-0.361,-0.3608,-0.3631,-0.3665,-0.3706,-0.3757,-0.3818,-0.3889,-0.3966,-0.4046,-0.4129,-0.421,-0.429,-0.4367,-0.444,-0.4509,-0.6335,-0.6332,-0.6313,-0.6276,-0.6219,-0.6144,-0.6057,-0.5965,-0.587,-0.5768,-0.5644,-0.5482,-0.5273,-0.5013,-0.4706,-0.4366,-0.4021,-0.3712,-0.3489,-0.338,-0.3378,-0.3435,-0.3499,-0.3548,-0.3593,-0.3647,-0.3717,-0.3799,-0.389,-0.3985,-0.4081,-0.4174,-0.4265,-0.435,-0.4431,-0.4507,-0.6424,-0.643,-0.6417,-0.6378,-0.6309,-0.6213,-0.6101,-0.5992,-0.5901,-0.582,-0.572,-0.557,-0.535,-0.5054,-0.4682,-0.4249,-0.3788,-0.3368,-0.3086,-0.3015,-0.3137,-0.3327,-0.3448,-0.3485,-0.3501,-0.3543,-0.3615,-0.371,-0.3817,-0.3928,-0.4039,-0.4145,-0.4247,-0.4342,-0.4432,-0.4514,-0.6521,-0.6543,-0.654,-0.6499,-0.6411,-0.6274,-0.6105,-0.5947,-0.5855,-0.5829,-0.5795,-0.5684,-0.5466,-0.5137,-0.4693,-0.4135,-0.3492,-0.2867,-0.2465,-0.249,-0.2929,-0.3442,-0.362,-0.3527,-0.3437,-0.3439,-0.3512,-0.3623,-0.3749,-0.3879,-0.4006,-0.4126,-0.4239,-0.4345,-0.4442,-0.4531,-0.6625,-0.6675,-0.6695,-0.6657,-0.6541,-0.6332,-0.6037,-0.5734,-0.5617,-0.5733,-0.5861,-0.5837,-0.5641,-0.529,-0.4776,-0.4068,-0.3148,-0.212,-0.1391,-0.1566,-0.2752,-0.4091,-0.4199,-0.366,-0.3359,-0.3315,-0.3401,-0.3538,-0.369,-0.3841,-0.3985,-0.412,-0.4245,-0.436,-0.4465,-0.4561,-0.6733,-0.6834,-0.6904,-0.6886,-0.6737,-0.6431,-0.5909,-0.5213,-0.495,-0.5463,-0.5946,-0.6057,-0.5895,-0.5543,-0.4992,-0.4149,-0.2881,-0.1131,0.0528,0.03,-0.2031,-0.4631,-0.4565,-0.3538,-0.3145,-0.314,-0.328,-0.3461,-0.3645,-0.3819,-0.3981,-0.413,-0.4267,-0.4391,-0.4504,-0.4605,-0.6829,-0.7019,-0.7212,-0.7257,-0.7053,-0.6661,-0.5952,-0.4663,-0.403,-0.529,-0.6211,-0.6402,-0.6247,-0.5928,-0.542,-0.4545,-0.3034,-0.0586,0.2407,0.2248,-0.0242,-0.2298,-0.2926,-0.2707,-0.2721,-0.2919,-0.3165,-0.3406,-0.3625,-0.3822,-0.4,-0.4161,-0.4309,-0.4442,-0.4562,-0.4668,-0.6869,-0.719,-0.7676,-0.7926,-0.7502,-0.7025,-0.6549,-0.5622,-0.5176,-0.6245,-0.6913,-0.691,-0.6686,-0.6457,-0.6158,-0.5436,-0.3925,-0.1588,0.0848,0.1478,0.1999,0.137,-0.0452,-0.1588,-0.2255,-0.2729,-0.3097,-0.3394,-0.3641,-0.3855,-0.4045,-0.4217,-0.4374,-0.4516,-0.4642,-0.4752,-0.6769,-0.7143,-0.8062,-0.8922,-0.7755,-0.7221,-0.7436,-0.7629,-0.7924,-0.8267,-0.805,-0.752,-0.7129,-0.7091,-0.7392,-0.7115,-0.5408,-0.3161,-0.0981,0.1582,0.5895,0.4959,0.1168,-0.0934,-0.2029,-0.2686,-0.3127,-0.3451,-0.3707,-0.3925,-0.4121,-0.4302,-0.4468,-0.4618,-0.475,-0.4863,-0.6481,-0.6545,-0.6911,-0.7216,-0.615,-0.687,-0.8234,-0.9474,-1.0804,-1.1088,-0.9485,-0.8057,-0.741,-0.7586,-0.9304,-1.0307,-0.6927,-0.4232,-0.2132,0.0521,0.3957,0.3531,0.0743,-0.1116,-0.2196,-0.286,-0.3291,-0.3591,-0.3825,-0.4033,-0.423,-0.4418,-0.4595,-0.4755,-0.4893,-0.5008,-0.615,-0.5688,-0.4458,-0.1556,-0.2198,-0.6319,-0.9144,-1.0983,-1.3669,-1.5052,-1.0671,-0.8238,-0.741,-0.7463,-0.9,-1.036,-0.6672,-0.4389,-0.2966,-0.1486,-0.0054,0.0135,-0.0807,-0.1865,-0.2696,-0.3262,-0.3603,-0.3816,-0.3992,-0.4175,-0.437,-0.4571,-0.4763,-0.4936,-0.5081,-0.5195,-0.6018,-0.5402,-0.4005,-0.172,-0.2608,-0.7145,-1.0593,-1.2345,-1.2899,-1.3106,-0.9945,-0.7889,-0.7281,-0.7517,-0.7112,-0.6184,-0.4784,-0.3836,-0.3313,-0.2563,-0.1859,-0.1636,-0.198,-0.2663,-0.3409,-0.3913,-0.4076,-0.411,-0.4186,-0.4337,-0.4541,-0.4767,-0.4986,-0.5178,-0.5329,-0.5437,-0.6142,-0.5763,-0.5166,-0.4769,-0.592,-0.8733,-1.175,-1.3891,-1.2807,-1.0664,-0.8631,-0.7322,-0.7005,-0.769,-0.6739,-0.3904,-0.2919,-0.3632,-0.3655,-0.2801,-0.2296,-0.2166,-0.2487,-0.326,-0.4314,-0.491,-0.4702,-0.4416,-0.4365,-0.4502,-0.4744,-0.5024,-0.5289,-0.5507,-0.5661,-0.5753,-0.6383,-0.6284,-0.6246,-0.6543,-0.7549,-0.9256,-1.1226,-1.2765,-1.1978,-0.9579,-0.7886,-0.6981,-0.679,-0.6687,-0.4155,-0.0259,-0.0195,-0.2051,-0.2798,-0.234,-0.1887,-0.1838,-0.2378,-0.3472,-0.5075,-0.5902,-0.5174,-0.4572,-0.4464,-0.4656,-0.4996,-0.5377,-0.572,-0.5971,-0.6116,-0.6168,-0.6604,-0.6669,-0.6845,-0.7249,-0.797,-0.8948,-0.9927,-1.0414,-0.9779,-0.8484,-0.756,-0.6973,-0.6447,-0.6052,-0.3063,0.0994,0.6272,0.0703,-0.1497,-0.1378,-0.0333,-0.0395,-0.1614,-0.3041,-0.4545,-0.531,-0.4819,-0.4392,-0.4436,-0.4806,-0.5341,-0.5902,-0.6363,-0.6646,-0.6747,-0.6712,-0.6746,-0.6875,-0.709,-0.7429,-0.7896,-0.8416,-0.8823,-0.8879,-0.8462,-0.789,-0.7796,-0.7105,-0.6849,-0.602,-0.3749,0.0324,0.4021,0.0188,-0.1643,-0.0354,0.3585,0.2607,-0.0514,-0.2303,-0.3339,-0.3819,-0.3823,-0.388,-0.4281,-0.4985,-0.5862,-0.6731,-0.7373,-0.7657,-0.7625,-0.7413,-0.6808,-0.6945,-0.7134,-0.7382,-0.7668,-0.7936,-0.8095,-0.8059,-0.784,-0.764,-0.7717,-0.7465,-0.8436,-0.8773,-0.5437,-0.3082,-0.2024,-0.3057,-0.381,-0.1348,0.4083,0.2898,-0.0437,-0.1934,-0.2401,-0.2412,-0.2499,-0.3041,-0.3997,-0.5237,-0.668,-0.8087,-0.9001,-0.9171,-0.8811,-0.8266,-0.681,-0.6931,-0.7079,-0.7249,-0.7421,-0.7559,-0.7621,-0.7583,-0.7474,-0.7382,-0.737,-0.7546,-0.8794,-0.8937,-0.6584,-0.5486,-0.4812,-0.6138,-0.8159,-0.4677,-0.1491,-0.0821,-0.1622,-0.1999,-0.1495,-0.0406,-0.0256,-0.1703,-0.36,-0.5589,-0.7878,-1.0229,-1.1547,-1.1291,-1.025,-0.918,-0.6773,-0.687,-0.698,-0.7093,-0.7196,-0.7267,-0.7289,-0.7258,-0.7192,-0.7132,-0.7117,-0.7211,-0.7426,-0.7279,-0.7341,-0.7564,-0.6076,-0.6461,-0.7312,-0.5699,-0.4144,-0.3144,-0.2791,-0.2247,-0.0543,0.285,0.3585,-0.0208,-0.3386,-0.6015,-0.9195,-1.2896,-1.4706,-1.3558,-1.1553,-0.9918,-0.6713,-0.6788,-0.6866,-0.694,-0.7,-0.7035,-0.7037,-0.7007,-0.6955,-0.69,-0.6859,-0.6844,-0.6828,-0.6814,-0.7158,-0.7239,-0.6241,-0.5933,-0.6006,-0.6025,-0.5068,-0.4251,-0.3704,-0.2861,-0.0899,0.3193,0.4136,-0.1071,-0.4028,-0.6406,-0.9676,-1.397,-1.6011,-1.4382,-1.1987,-1.0169,-0.6642,-0.6697,-0.6751,-0.6798,-0.6831,-0.6844,-0.6834,-0.6802,-0.6752,-0.6693,-0.6633,-0.6572,-0.6511,-0.6473,-0.6489,-0.6351,-0.5969,-0.573,-0.5733,-0.5673,-0.5263,-0.4979,-0.4684,-0.3976,-0.297,-0.2659,-0.4938,-0.5166,-0.5458,-0.6722,-0.891,-1.1951,-1.3663,-1.2887,-1.1254,-0.9833,-0.6566,-0.6606,-0.6641,-0.6669,-0.6684,-0.6684,-0.6665,-0.6629,-0.6578,-0.6516,-0.6446,-0.637,-0.6289,-0.6208,-0.6117,-0.5966,-0.5761,-0.5597,-0.5518,-0.5463,-0.551,-0.5906,-0.5989,-0.5187,-0.4647,-0.5581,-0.778,-0.6973,-0.6682,-0.7115,-0.8008,-0.9522,-1.0653,-1.0665,-0.9971,-0.9141,-0.6491,-0.6518,-0.654,-0.6554,-0.6557,-0.6547,-0.6522,-0.6483,-0.6431,-0.6368,-0.6295,-0.6213,-0.6124,-0.6027,-0.5916,-0.5784,-0.5642,-0.5524,-0.546,-0.5491,-0.5783,-0.6539,-0.6783,-0.5869,-0.5365,-0.58,-0.659,-0.7011,-0.7779,-0.7655,-0.7621,-0.8186,-0.8803,-0.9012,-0.8808,-0.8402,-0.6418,-0.6435,-0.6447,-0.6451,-0.6445,-0.6429,-0.64,-0.636,-0.6308,-0.6245,-0.6172,-0.6091,-0.6002,-0.5905,-0.5799,-0.5687,-0.5578,-0.5491,-0.5454,-0.5513,-0.5755,-0.6171,-0.6268,-0.5845,-0.5593,-0.5807,-0.6332,-0.712,-0.791,-0.7729,-0.7445,-0.7567,-0.7842,-0.8002,-0.7965,-0.778]}]