docs/data/wind_grid.json
[{"header":{"la1":42.85,"la2":41.18,"lo1":11.55,"lo2":14.05,"nx":36,"ny":24,"dx":0.07143,"dy":0.07261,"parameterCategory":2,"parameterNumber":2,"parameterNumberName":"eastward_wind","parameterUnit":"m.s-1"},"data":[-0.0922,-0.0972,-0.1008,-0.1032,-0.1043,-0.1044,-0.1033,-0.1005,-0.096,-0.0904,-0.0853,-0.0826,-0.0838,-0.0891,-0.0978,-0.1076,-0.1148,-0.1145,-0.1021,-0.0762,-0.0407,-0.0038,0.0261,0.0455,0.0561,0.0617,0.0653,0.0685,0.072,0.0758,0.0798,0.0838,0.0877,0.0913,0.0947,0.0978,-0.111,-0.1174,-0.1219,-0.1248,-0.1267,-0.1277,-0.1276,-0.125,-0.1188,-0.1097,-0.1005,-0.0949,-0.0958,-0.104,-0.1189,-0.1375,-0.1541,-0.1601,-0.1454,-0.1047,-0.0448,0.0152,0.0569,0.0755,0.079,0.077,0.075,0.0749,0.0765,0.0793,0.0827,0.0864,0.09,0.0935,0.0967,0.0996,-0.1333,-0.1415,-0.1471,-0.1507,-0.1534,-0.1564,-0.1595,-0.1593,-0.1515,-0.136,-0.1186,-0.107,-0.1063,-0.1181,-0.1418,-0.1745,-0.2091,-0.2308,-0.217,-0.1496,-0.0387,0.0693,0.1268,0.1319,0.1147,0.0972,0.0863,0.0815,0.0809,0.0827,0.0857,0.0891,0.0926,0.0958,0.0988,0.1015,-0.1599,-0.1708,-0.1779,-0.1817,-0.1848,-0.1913,-0.2026,-0.2116,-0.204,-0.1757,-0.141,-0.1175,-0.1131,-0.1289,-0.1643,-0.2182,-0.2856,-0.3458,-0.3495,-0.2374,-0.0123,0.2061,0.2757,0.2264,0.1613,0.1184,0.0963,0.087,0.0848,0.086,0.0887,0.092,0.0952,0.0983,0.101,0.1035,-0.192,-0.2074,-0.2168,-0.2197,-0.2209,-0.2309,-0.2599,-0.2973,-0.2984,-0.2404,-0.1681,-0.123,-0.113,-0.1335,-0.1821,-0.263,-0.3839,-0.5332,-0.6182,-0.4527,0.0189,0.4993,0.5373,0.3408,0.1999,0.1306,0.1007,0.0897,0.0874,0.0889,0.0917,0.095,0.098,0.1008,0.1033,0.1054,-0.2305,-0.2538,-0.2681,-0.2691,-0.2618,-0.2683,-0.3242,-0.4358,-0.4747,-0.3392,-0.1903,-0.1157,-0.1021,-0.1292,-0.1897,-0.2944,-0.4791,-0.795,-1.1503,-0.987,-0.136,0.6988,0.6812,0.3619,0.192,0.1224,0.0965,0.089,0.0889,0.0915,0.0949,0.0981,0.101,0.1034,0.1054,0.1072,-0.2747,-0.3113,-0.337,-0.3386,-0.3124,-0.2921,-0.3511,-0.5597,-0.678,-0.4036,-0.1691,-0.0822,-0.078,-0.1174,-0.1865,-0.2957,-0.5032,-0.9505,-1.7031,-1.6016,-0.5279,0.1604,0.3093,0.203,0.126,0.0945,0.0858,0.0864,0.0901,0.0945,0.0984,0.1015,0.104,0.1059,0.1074,0.1087,-0.3208,-0.3749,-0.4193,-0.4312,-0.3831,-0.3047,-0.2857,-0.4005,-0.4627,-0.2322,-0.0562,-0.0146,-0.0433,-0.1071,-0.1883,-0.2788,-0.4226,-0.7304,-1.1759,-1.0573,-0.5095,-0.2414,-0.0564,0.0241,0.0508,0.0648,0.0759,0.0853,0.0929,0.0985,0.1026,0.1053,0.1071,0.1082,0.109,0.1096,-0.3624,-0.4328,-0.4815,-0.4893,-0.4599,-0.3273,-0.1816,-0.0863,0.0115,0.1196,0.1339,0.0768,-0.0059,-0.1121,-0.2394,-0.3153,-0.3398,-0.4337,-0.5506,-0.5001,-0.4004,-0.3556,-0.1851,-0.0571,0.013,0.0517,0.0748,0.0892,0.0985,0.1042,0.1076,0.1092,0.1098,0.1099,0.1098,0.1098,-0.3947,-0.4908,-0.5667,-0.5938,-0.6153,-0.3874,-0.1034,0.1646,0.4765,0.5912,0.3708,0.168,0.0295,-0.1211,-0.3923,-0.5331,-0.3347,-0.2837,-0.3055,-0.3182,-0.3415,-0.2996,-0.1634,-0.0507,0.0198,0.0612,0.0852,0.0993,0.1073,0.1115,0.113,0.1129,0.1118,0.1105,0.1093,0.1086,-0.4088,-0.5488,-0.7807,-1.1954,-1.0953,-0.4799,-0.0589,0.2826,0.96,1.299,0.5671,0.2178,0.0579,-0.0715,-0.3332,-0.5241,-0.2748,-0.2195,-0.2205,-0.2056,-0.189,-0.1461,-0.0677,0.0064,0.0574,0.0873,0.1041,0.1136,0.1183,0.1195,0.1182,0.1155,0.1123,0.1092,0.1069,0.1055,-0.3856,-0.5333,-0.7863,-1.1491,-1.0242,-0.4057,-0.0288,0.1544,0.529,0.8604,0.4474,0.207,0.0671,-0.0447,-0.0728,-0.1149,-0.1458,-0.2714,-0.2968,-0.1733,-0.0787,-0.0156,0.0378,0.0795,0.1042,0.1158,0.1229,0.1279,0.1292,0.1269,0.122,0.1159,0.1099,0.1049,0.1015,0.0997,-0.3213,-0.4256,-0.5596,-0.6559,-0.5271,-0.2302,-0.04,0.2408,-0.0923,0.2447,0.2734,0.2153,0.1249,-0.0551,-0.0189,0.0578,-0.0574,-0.5739,-0.5916,-0.1734,0.0171,0.103,0.1395,0.1466,0.1336,0.1227,0.1299,0.1382,0.1384,0.1321,0.1226,0.1122,0.103,0.096,0.0918,0.0902,-0.2366,-0.2913,-0.3373,-0.336,-0.2501,-0.129,-0.0951,-0.2797,-0.1689,0.1521,0.2577,0.2654,0.2453,0.1072,0.1508,0.2823,0.1168,-0.2473,-0.3049,-0.0132,0.1773,0.2539,0.2522,0.2064,0.1341,0.0978,0.1266,0.1465,0.1456,0.1338,0.1179,0.102,0.0889,0.0802,0.076,0.0758,-0.1532,-0.1752,-0.1823,-0.1605,-0.1072,-0.0482,-0.0216,-0.0152,0.0867,0.2632,0.3672,0.3432,0.2515,0.1966,0.2199,0.3045,-0.2336,-0.0075,0.0955,0.2739,0.4527,0.4819,0.3968,0.2891,0.1817,0.1308,0.1503,0.1617,0.1511,0.1295,0.1046,0.0815,0.064,0.0542,0.052,0.0552,-0.0809,-0.085,-0.077,-0.0523,-0.0129,0.0317,0.0755,0.1341,0.2419,0.4175,0.6635,0.5057,0.396,0.2815,0.2518,0.1219,-0.1039,0.1517,0.3581,0.5658,0.8468,0.7806,0.5538,0.3945,0.2842,0.2236,0.2012,0.1814,0.1516,0.1156,0.0783,0.0452,0.0225,0.0139,0.0172,0.0276,-0.0211,-0.0159,-0.0016,0.0233,0.0579,0.0996,0.1495,0.216,0.3129,0.4561,0.6329,0.5258,0.4175,0.3934,0.3838,0.3592,0.3555,0.5079,0.6778,0.7567,0.9257,0.8538,0.6356,0.4735,0.3618,0.2917,0.2433,0.1945,0.1414,0.0876,0.0342,-0.0136,-0.0427,-0.0456,-0.0296,-0.0065,0.0277,0.0379,0.055,0.0798,0.1121,0.1516,0.1994,0.2585,0.3313,0.4123,0.4696,0.4616,0.4346,0.4571,0.6471,0.7511,0.7078,0.8741,1.0597,0.9596,0.8882,0.8003,0.6628,0.5165,0.3989,0.3337,0.2835,0.1999,0.1146,0.0426,-0.0286,-0.0989,-0.1373,-0.1248,-0.0852,-0.0431,0.0678,0.0806,0.099,0.1233,0.1536,0.19,0.2327,0.282,0.3363,0.3894,0.4313,0.4617,0.5096,0.671,1.2017,1.4273,0.987,1.0225,1.1812,1.3516,1.1252,0.8988,0.7231,0.5494,0.4049,0.3887,0.3809,0.19,0.054,-0.021,-0.0976,-0.1933,-0.243,-0.2044,-0.1346,-0.0733,0.1008,0.1151,0.1338,0.1573,0.1856,0.2186,0.2564,0.2981,0.3425,0.3871,0.4313,0.4833,0.5716,0.7689,1.1633,1.3005,1.058,1.167,1.7762,2.0726,1.3964,1.0508,0.8422,0.6073,0.3748,0.3543,0.3619,0.0145,-0.0875,-0.1061,-0.1464,-0.2324,-0.2827,-0.2337,-0.1539,-0.0864,0.1282,0.1431,0.1618,0.1842,0.2105,0.2407,0.2744,0.3113,0.3506,0.3925,0.439,0.4979,0.5853,0.7222,0.8901,0.973,0.9919,1.1531,1.5146,1.6449,1.3796,1.2466,1.1145,0.771,0.3213,-0.1187,-0.6313,-0.5447,-0.3077,-0.2104,-0.1799,-0.2014,-0.225,-0.1947,-0.1359,-0.0794,0.151,0.1662,0.1844,0.2058,0.2303,0.258,0.2887,0.3222,0.3586,0.3984,0.4441,0.5001,0.5727,0.6637,0.7589,0.8353,0.9106,1.0355,1.1985,1.301,1.4039,1.7134,1.7718,1.1471,0.3793,-0.4005,-1.1207,-0.8125,-0.4353,-0.3164,-0.2295,-0.1826,-0.1653,-0.1405,-0.1017,-0.06,0.1702,0.1853,0.2029,0.2232,0.2462,0.2718,0.3001,0.3311,0.3649,0.4024,0.445,0.4949,0.5541,0.6214,0.6916,0.761,0.8374,0.9338,1.0498,1.1971,1.5,2.1229,2.3174,1.4619,0.5545,-0.1405,-0.5466,-0.5154,-0.4789,-0.4205,-0.2838,-0.1875,-0.1363,-0.1021,-0.0696,-0.037,0.1862,0.201,0.218,0.2373,0.2589,0.2828,0.309,0.3377,0.369,0.4037,0.4425,0.4863,0.5357,0.5899,0.6475,0.7084,0.7762,0.857,0.9593,1.1103,1.3772,1.7549,1.8147,1.2834,0.6281,0.1153,-0.2023,-0.3663,-0.4793,-0.4265,-0.2856,-0.1788,-0.1146,-0.0737,-0.042,-0.0142]},{"header":{"la1":42.85,"la2":41.18,"lo1":11.55,"lo2":14.05,"nx":36,"ny":24,"dx":0.07143,"dy":0.07261,"parameterCategory":2,"parameterNumber":3,"parameterNumberName":"northward_wind","parameterUnit":"m.s-1"},"data":[0.0383,0.0572,0.079,0.1037,0.1303,0.1568,0.1802,0.1969,0.2044,0.2028,0.1948,0.1846,0.1758,0.1707,0.1706,0.1759,0.1866,0.203,0.2245,0.2494,0.2734,0.2897,0.2923,0.2792,0.2535,0.2205,0.1849,0.1498,0.1166,0.0859,0.0579,0.0323,0.0091,-0.0119,-0.031,-0.0483,0.0363,0.058,0.0841,0.1152,0.1508,0.1886,0.2234,0.248,0.2567,0.2489,0.2304,0.2094,0.1922,0.1818,0.1792,0.1842,0.197,0.2182,0.2488,0.2881,0.3301,0.3614,0.3679,0.3463,0.3055,0.2571,0.2088,0.1641,0.124,0.0884,0.0567,0.0285,0.0032,-0.0194,-0.0396,-0.0578,0.0319,0.056,0.0865,0.1254,0.1737,0.2299,0.2861,0.3275,0.3392,0.3187,0.2795,0.2393,0.2088,0.1911,0.1851,0.1893,0.2034,0.2289,0.27,0.3313,0.4077,0.4711,0.4835,0.4406,0.37,0.2967,0.2312,0.1753,0.1278,0.0873,0.0522,0.0215,-0.0055,-0.0295,-0.0507,-0.0696,0.0243,0.0501,0.0843,0.131,0.1956,0.2811,0.379,0.4592,0.4799,0.4304,0.3479,0.2735,0.2236,0.197,0.1875,0.1904,0.2039,0.2301,0.2785,0.3685,0.5121,0.6515,0.6694,0.5689,0.4416,0.3326,0.247,0.1798,0.1258,0.0811,0.0432,0.0107,-0.0178,-0.0427,-0.0647,-0.0841,0.0134,0.0398,0.0753,0.1269,0.2079,0.3353,0.5129,0.6894,0.7393,0.6152,0.4376,0.3058,0.2318,0.1973,0.1858,0.1874,0.1976,0.2163,0.2555,0.3641,0.6211,0.9401,0.942,0.7064,0.4959,0.3502,0.2486,0.1737,0.1156,0.0685,0.0291,-0.0047,-0.0339,-0.0596,-0.082,-0.1016,-0.0001,0.0264,0.0606,0.1092,0.1954,0.3646,0.6699,1.0758,1.2222,0.8934,0.5247,0.3177,0.2255,0.1904,0.1807,0.182,0.1872,0.1885,0.1847,0.2597,0.5954,1.1121,1.0813,0.7342,0.4873,0.333,0.2295,0.1541,0.0958,0.0486,0.009,-0.025,-0.0545,-0.0804,-0.103,-0.1226,-0.0152,0.0144,0.0496,0.0859,0.148,0.3163,0.7147,1.4276,1.7661,1.084,0.5166,0.2795,0.1988,0.1767,0.1739,0.177,0.1794,0.1671,0.1166,0.1379,0.3782,0.6867,0.7372,0.5634,0.3987,0.2779,0.1889,0.1207,0.0663,0.0213,-0.0171,-0.0505,-0.0798,-0.1056,-0.1281,-0.1474,-0.0333,0.0071,0.0643,0.0984,0.091,0.1715,0.4591,0.9912,1.2308,0.7163,0.3158,0.1804,0.1573,0.1625,0.1675,0.172,0.1777,0.1729,0.152,0.168,0.2204,0.2944,0.3706,0.351,0.2793,0.2017,0.1334,0.0762,0.0282,-0.0129,-0.0491,-0.0813,-0.1101,-0.1356,-0.1578,-0.1767,-0.062,-0.0131,0.0937,0.1879,0.0561,-0.0093,0.063,0.1828,0.1785,0.0409,0.0005,0.0565,0.1233,0.1594,0.1573,0.1542,0.1753,0.1865,0.1816,0.167,0.1164,0.1368,0.2066,0.2141,0.176,0.1224,0.0699,0.0236,-0.0169,-0.0531,-0.0865,-0.1174,-0.1457,-0.171,-0.1928,-0.211,-0.1092,-0.0862,-0.0263,0.0157,-0.1304,-0.2071,-0.2616,-0.3668,-0.5785,-0.6319,-0.3258,-0.0386,0.1275,0.1868,0.1231,0.0718,0.1694,0.2048,0.1978,0.1712,0.133,0.1351,0.1499,0.1327,0.0915,0.0437,0.0007,-0.0354,-0.0674,-0.0982,-0.1288,-0.1589,-0.1873,-0.2127,-0.2342,-0.2515,-0.1648,-0.1896,-0.2587,-0.4304,-0.4265,-0.3879,-0.4964,-0.684,-1.1553,-1.4121,-0.5652,-0.0492,0.1957,0.2875,0.1936,0.0906,0.2184,0.2428,0.2233,0.1924,0.1613,0.139,0.1118,0.066,0.0079,-0.0439,-0.0783,-0.1007,-0.1217,-0.1467,-0.1756,-0.2062,-0.2359,-0.2623,-0.2837,-0.2996,-0.2079,-0.2538,-0.339,-0.4533,-0.461,-0.504,-0.6764,-0.8139,-0.9949,-1.0521,-0.4261,0.0486,0.3092,0.4386,0.4731,0.376,0.3391,0.285,0.2449,0.2115,0.1704,0.1266,0.0714,-0.0058,-0.0961,-0.1595,-0.1747,-0.1715,-0.1771,-0.1967,-0.2266,-0.2608,-0.2941,-0.3225,-0.3438,-0.3574,-0.2313,-0.2752,-0.3349,-0.3975,-0.4558,-0.586,-0.8131,-0.7405,-1.0664,-0.626,-0.178,0.1726,0.3756,0.5779,0.6694,0.5591,0.4699,0.2594,0.2291,0.2229,0.1743,0.1161,0.0373,-0.0822,-0.2378,-0.3261,-0.2896,-0.2396,-0.2273,-0.2462,-0.2827,-0.3256,-0.3661,-0.3981,-0.4188,-0.4283,-0.2403,-0.2777,-0.3241,-0.3794,-0.4562,-0.5915,-0.8208,-1.1813,-1.0156,-0.4586,-0.0594,0.237,0.3557,0.7293,0.6421,0.8419,0.6976,0.3902,0.2748,0.2298,0.1814,0.1229,0.0274,-0.129,-0.3604,-0.4824,-0.3725,-0.2807,-0.2641,-0.2943,-0.3478,-0.4076,-0.4603,-0.497,-0.5149,-0.5163,-0.2405,-0.2719,-0.3102,-0.3578,-0.4222,-0.5138,-0.6289,-0.6999,-0.5621,-0.2838,-0.0703,0.1175,0.3622,0.5975,0.6174,0.9108,0.827,0.5138,0.2984,0.2242,0.2292,0.1856,0.0611,-0.1009,-0.2958,-0.4,-0.331,-0.273,-0.2841,-0.3442,-0.4299,-0.5194,-0.5915,-0.6326,-0.6416,-0.6265,-0.2352,-0.2606,-0.2906,-0.3259,-0.3676,-0.4129,-0.446,-0.4294,-0.3325,-0.2165,-0.2265,-0.0285,0.0766,0.2607,0.3766,0.5608,0.651,0.3758,0.1742,0.1986,0.44,0.3619,0.1178,-0.043,-0.1538,-0.2109,-0.2123,-0.2257,-0.2908,-0.4027,-0.5433,-0.6834,-0.7853,-0.8256,-0.8105,-0.7633,-0.2268,-0.2463,-0.2679,-0.2911,-0.3137,-0.3305,-0.3308,-0.3017,-0.2447,-0.1992,-0.2209,-0.1374,-0.2807,-0.3651,-0.0012,0.1388,0.1514,-0.0212,-0.1635,0.0196,0.453,0.3585,0.0922,-0.026,-0.0563,-0.0476,-0.0595,-0.1395,-0.2831,-0.4754,-0.7062,-0.9356,-1.0837,-1.104,-1.0314,-0.9254,-0.217,-0.2314,-0.246,-0.2598,-0.2704,-0.2739,-0.2654,-0.242,-0.2094,-0.1835,-0.1754,-0.2016,-0.4008,-0.4703,-0.3797,-0.388,-0.287,-0.4648,-0.7183,-0.3888,-0.0818,-0.0006,-0.051,-0.0541,0.0415,0.2018,0.2235,0.0184,-0.258,-0.5623,-0.9293,-1.3168,-1.5348,-1.4833,-1.2933,-1.0959,-0.2074,-0.2176,-0.2272,-0.235,-0.2392,-0.2379,-0.2292,-0.2136,-0.1956,-0.1835,-0.1873,-0.2249,-0.3152,-0.4649,-0.9579,-1.1854,-0.618,-0.5911,-0.7306,-0.7109,-0.4762,-0.3013,-0.2214,-0.114,0.1512,0.6425,0.748,0.2087,-0.2528,-0.6544,-1.1654,-1.7786,-2.0823,-1.8816,-1.5275,-1.2327,-0.1988,-0.2061,-0.2123,-0.2167,-0.2182,-0.2159,-0.2097,-0.2008,-0.1927,-0.1911,-0.204,-0.2429,-0.3266,-0.5114,-0.9056,-1.0352,-0.6857,-0.6536,-0.9801,-1.1443,-0.7247,-0.5164,-0.409,-0.2504,0.0731,0.6838,0.8222,0.0726,-0.3651,-0.7333,-1.2575,-1.9639,-2.3056,-2.0261,-1.6077,-1.2823,-0.1917,-0.197,-0.2012,-0.204,-0.2047,-0.2032,-0.1999,-0.1962,-0.1949,-0.2002,-0.2178,-0.2558,-0.3265,-0.4465,-0.5975,-0.6498,-0.5984,-0.6417,-0.8314,-0.9044,-0.7681,-0.7333,-0.6927,-0.5097,-0.2704,-0.1709,-0.4756,-0.5202,-0.5944,-0.8028,-1.1468,-1.6338,-1.9113,-1.7735,-1.4853,-1.2284,-0.1862,-0.1902,-0.1934,-0.1956,-0.1965,-0.1963,-0.1956,-0.1958,-0.1989,-0.208,-0.2269,-0.2602,-0.3123,-0.3828,-0.4546,-0.4984,-0.5234,-0.5782,-0.6688,-0.7445,-0.8574,-1.1247,-1.1988,-0.8596,-0.5785,-0.6062,-0.8706,-0.7899,-0.8294,-0.9121,-1.0281,-1.2463,-1.4136,-1.4006,-1.2687,-1.1119,-0.1822,-0.1855,-0.1883,-0.1904,-0.1919,-0.193,-0.1945,-0.1973,-0.2032,-0.214,-0.2322,-0.26,-0.2983,-0.3446,-0.3918,-0.4332,-0.4745,-0.5302,-0.6085,-0.7267,-0.9722,-1.4302,-1.5666,-1.0903,-0.7429,-0.6816,-0.7632,-0.8892,-1.1184,-1.0748,-1.0017,-1.0439,-1.1135,-1.1255,-1.0725,-0.9863,-0.1794,-0.1825,-0.1852,-0.1875,-0.1897,-0.192,-0.1951,-0.1997,-0.2071,-0.2186,-0.2355,-0.2588,-0.2886,-0.3235,-0.3609,-0.3998,-0.4436,-0.4996,-0.5783,-0.7025,-0.9154,-1.1975,-1.264,-1.0096,-0.7811,-0.7152,-0.7758,-0.9531,-1.1549,-1.0993,-0.9833,-0.9485,-0.9567,-0.9567,-0.9291,-0.8793]}]