docs/data/wind_grid.json
[{"header":{"la1":42.85,"la2":41.18,"lo1":11.55,"lo2":14.05,"nx":36,"ny":24,"dx":0.07143,"dy":0.07261,"parameterCategory":2,"parameterNumber":2,"parameterNumberName":"eastward_wind","parameterUnit":"m.s-1"},"data":[0.2129,0.2016,0.1892,0.1758,0.1622,0.1493,0.1388,0.1326,0.1317,0.1361,0.1443,0.1541,0.1637,0.1719,0.1784,0.1831,0.1863,0.188,0.1882,0.1869,0.1842,0.1803,0.1756,0.1706,0.1657,0.1612,0.1574,0.1543,0.152,0.1506,0.15,0.1501,0.1508,0.1521,0.1538,0.1558,0.2094,0.1961,0.1809,0.1637,0.1451,0.1265,0.1104,0.1006,0.0998,0.1081,0.1224,0.1386,0.1533,0.1652,0.174,0.1805,0.1851,0.1879,0.1889,0.1875,0.184,0.1786,0.1723,0.1657,0.1593,0.1537,0.149,0.1454,0.1429,0.1415,0.1411,0.1415,0.1427,0.1444,0.1467,0.1492,0.2063,0.1909,0.1727,0.1508,0.1252,0.0971,0.0708,0.0533,0.0518,0.0673,0.0929,0.1197,0.142,0.1584,0.1701,0.1785,0.185,0.1899,0.1924,0.1911,0.1861,0.1782,0.1691,0.1601,0.1518,0.1447,0.139,0.1348,0.1322,0.1309,0.1308,0.1318,0.1336,0.136,0.1389,0.1421,0.204,0.1868,0.1655,0.1385,0.1037,0.0608,0.0147,-0.0203,-0.025,0.0053,0.0532,0.0979,0.1308,0.1524,0.1665,0.1769,0.1864,0.1954,0.2013,0.2004,0.1921,0.1795,0.166,0.1533,0.1424,0.1335,0.1267,0.122,0.1193,0.1184,0.119,0.1207,0.1234,0.1267,0.1304,0.1345,0.2026,0.184,0.1607,0.1293,0.0846,0.0208,-0.0618,-0.1385,-0.155,-0.0903,0.003,0.0767,0.1223,0.1479,0.1629,0.1748,0.1887,0.2062,0.2207,0.2204,0.2043,0.1824,0.1618,0.1443,0.1301,0.1191,0.1112,0.1061,0.1037,0.1035,0.1052,0.1081,0.112,0.1165,0.1213,0.1263,0.2015,0.1823,0.1586,0.1261,0.0756,-0.0094,-0.147,-0.3156,-0.3705,-0.2233,-0.0451,0.0652,0.1201,0.1452,0.158,0.1696,0.1889,0.2219,0.2566,0.256,0.2216,0.1839,0.1539,0.131,0.1133,0.1002,0.0912,0.0862,0.0846,0.0858,0.0891,0.0938,0.0993,0.1053,0.1115,0.1177,0.1998,0.1797,0.1572,0.1292,0.0845,-0.003,-0.1781,-0.4602,-0.5853,-0.3102,-0.0482,0.0774,0.1269,0.1432,0.149,0.1572,0.1786,0.2268,0.2896,0.2868,0.2278,0.1752,0.1379,0.1106,0.0898,0.0747,0.0651,0.0607,0.0609,0.0646,0.0705,0.0776,0.0854,0.0933,0.1011,0.1086,0.1958,0.1722,0.1492,0.1295,0.1068,0.0545,-0.0723,-0.2898,-0.3805,-0.161,0.0333,0.1166,0.1391,0.1375,0.1324,0.1342,0.15,0.1899,0.2443,0.2445,0.1942,0.1462,0.1096,0.0804,0.057,0.0399,0.0302,0.0278,0.0314,0.0391,0.049,0.0597,0.0704,0.0806,0.0903,0.0993,0.1887,0.1551,0.1212,0.1025,0.1127,0.128,0.1043,0.046,0.0331,0.0944,0.1494,0.1637,0.1457,0.1198,0.1053,0.1034,0.1098,0.1262,0.1479,0.1508,0.129,0.0994,0.0689,0.0386,0.0112,-0.0087,-0.0176,-0.0156,-0.0055,0.009,0.0248,0.0403,0.0546,0.0675,0.0792,0.0898,0.1815,0.1293,0.0612,0.0075,0.0484,0.1684,0.2477,0.262,0.2456,0.2367,0.2332,0.1989,0.1323,0.0767,0.0765,0.0873,0.0743,0.0625,0.0592,0.0622,0.0595,0.0452,0.0188,-0.0168,-0.0534,-0.0788,-0.085,-0.0733,-0.0512,-0.0258,-0.0015,0.0201,0.0386,0.0544,0.0682,0.0803,0.1832,0.1136,-0.001,-0.1431,-0.0977,0.1875,0.3796,0.4155,0.29,0.2266,0.2821,0.2263,0.0807,-0.0488,0.0088,0.071,0.0304,-0.0248,-0.0509,-0.0307,-0.008,-0.0088,-0.0373,-0.0892,-0.1482,-0.1857,-0.1834,-0.1503,-0.1061,-0.0638,-0.0282,0.0004,0.0232,0.0418,0.0574,0.071,0.2037,0.1382,0.0284,-0.1073,-0.0434,0.2924,0.5592,0.6756,0.4793,0.3334,0.3623,0.2907,0.0109,-0.4359,-0.2928,-0.0484,-0.0527,-0.2172,-0.2594,-0.1459,-0.0703,-0.057,-0.0958,-0.1832,-0.2944,-0.3579,-0.329,-0.2483,-0.1661,-0.1006,-0.0522,-0.0168,0.0095,0.03,0.0469,0.0616,0.2427,0.2027,0.1511,0.1237,0.2189,0.4422,0.6785,0.9667,0.6718,0.5281,0.4917,0.48,0.2773,-0.5514,-0.3884,-0.0214,-0.1013,-0.547,-0.5576,-0.2345,-0.1097,-0.0939,-0.1485,-0.2911,-0.5093,-0.6264,-0.5227,-0.3518,-0.2179,-0.1282,-0.0693,-0.0297,-0.002,0.019,0.0364,0.0519,0.2887,0.2754,0.2697,0.2941,0.376,0.5056,0.6312,0.6617,0.6375,0.6048,0.6125,0.6623,0.7354,1.4194,0.4182,0.1647,-0.0263,-0.3106,-0.3622,-0.1832,-0.1222,-0.1269,-0.1816,-0.357,-0.6926,-0.8779,-0.6661,-0.4063,-0.2378,-0.1372,-0.076,-0.0376,-0.0119,0.0077,0.0248,0.041,0.3311,0.3347,0.3491,0.3835,0.4435,0.5194,0.5872,0.6233,0.6395,0.6795,0.7391,0.7728,0.8964,1.0966,0.6807,0.1615,-0.1347,-0.045,-0.0741,-0.111,-0.188,-0.2031,-0.1961,-0.3097,-0.5754,-0.7333,-0.5707,-0.3559,-0.2119,-0.1248,-0.073,-0.0425,-0.0229,-0.0068,0.0098,0.0277,0.3654,0.3773,0.3979,0.4305,0.4751,0.526,0.574,0.6164,0.6696,0.7712,0.9322,0.8979,0.8671,0.8508,0.6439,0.2568,-0.0072,0.074,0.0392,-0.1347,-0.4458,-0.3849,-0.2077,-0.2058,-0.3158,-0.3914,-0.3447,-0.2464,-0.16,-0.1001,-0.0659,-0.0502,-0.0414,-0.0296,-0.0117,0.0104,0.3913,0.4067,0.4283,0.4574,0.4931,0.533,0.575,0.6217,0.6855,0.7866,0.9116,0.8771,0.8583,0.8502,0.7037,0.5109,0.3256,0.2026,0.1,-0.0695,-0.4709,-0.3831,-0.1526,-0.1086,-0.1609,-0.2153,-0.219,-0.1748,-0.1173,-0.0763,-0.0632,-0.0709,-0.0784,-0.0688,-0.0434,-0.0117,0.4104,0.4267,0.4477,0.4736,0.504,0.5382,0.5762,0.6201,0.6743,0.7389,0.7926,0.8115,0.8501,0.8667,0.8764,0.8332,0.5488,0.197,-0.0316,0.1344,0.0246,-0.03,0.0079,-0.0157,-0.1152,-0.2379,-0.269,-0.1854,-0.0963,-0.0559,-0.0695,-0.1174,-0.1488,-0.1316,-0.0853,-0.036,0.424,0.4403,0.46,0.4832,0.5099,0.5399,0.5733,0.6109,0.6531,0.6968,0.7351,0.7678,0.8118,0.9096,1.278,1.4309,0.8069,0.3712,0.2388,0.5717,0.4403,0.2785,0.1867,0.075,-0.1334,-0.4504,-0.5189,-0.2428,-0.0664,-0.023,-0.0767,-0.1894,-0.2503,-0.2056,-0.1245,-0.0537,0.4336,0.4492,0.4674,0.4884,0.512,0.5382,0.5669,0.5983,0.6316,0.6655,0.6987,0.7352,0.7919,0.9223,1.2166,1.2932,0.8811,0.6825,1.0137,1.2264,0.7407,0.4923,0.3589,0.2009,-0.0554,-0.4592,-0.5472,-0.124,0.0389,0.0477,-0.0485,-0.2156,-0.2969,-0.2311,-0.1309,-0.0515,0.44,0.4546,0.4713,0.4901,0.511,0.5337,0.5583,0.5845,0.6117,0.6397,0.6689,0.7033,0.7529,0.8337,0.9317,0.9293,0.8011,0.7526,0.902,0.9623,0.7674,0.657,0.5769,0.4027,0.1924,0.1031,0.3041,0.2915,0.219,0.1642,0.0523,-0.1048,-0.19,-0.1575,-0.0858,-0.0224,0.4439,0.4575,0.4727,0.4895,0.5078,0.5275,0.5485,0.5704,0.5931,0.6164,0.641,0.6688,0.7029,0.743,0.7736,0.7657,0.7264,0.713,0.7476,0.7678,0.7823,0.903,0.9265,0.6621,0.4139,0.3965,0.5816,0.4757,0.3617,0.3026,0.193,0.0632,-0.0212,-0.035,-0.0092,0.0254,0.4458,0.4583,0.4721,0.4871,0.5031,0.5202,0.538,0.5564,0.5753,0.5944,0.6141,0.6348,0.6565,0.6764,0.6875,0.6835,0.6707,0.6672,0.6827,0.7209,0.8332,1.0874,1.1664,0.8294,0.5342,0.4389,0.4558,0.441,0.4642,0.4243,0.3068,0.1903,0.1092,0.0722,0.0672,0.0777,0.4463,0.4577,0.4701,0.4834,0.4974,0.5121,0.5273,0.5427,0.5583,0.5738,0.5891,0.6041,0.6179,0.6287,0.6339,0.6327,0.6291,0.6311,0.6472,0.691,0.7914,0.9437,0.9702,0.7719,0.562,0.4546,0.4248,0.4355,0.4761,0.4451,0.3506,0.2573,0.188,0.1467,0.1282,0.1243]},{"header":{"la1":42.85,"la2":41.18,"lo1":11.55,"lo2":14.05,"nx":36,"ny":24,"dx":0.07143,"dy":0.07261,"parameterCategory":2,"parameterNumber":3,"parameterNumberName":"northward_wind","parameterUnit":"m.s-1"},"data":[-0.0502,-0.0499,-0.0499,-0.0502,-0.051,-0.0527,-0.0556,-0.06,-0.0662,-0.0739,-0.0823,-0.0904,-0.0966,-0.0998,-0.0992,-0.0948,-0.0874,-0.079,-0.072,-0.0684,-0.0691,-0.0735,-0.0804,-0.0883,-0.0961,-0.103,-0.1088,-0.1133,-0.1165,-0.1185,-0.1194,-0.1195,-0.1188,-0.1176,-0.1159,-0.1139,-0.0459,-0.045,-0.0442,-0.0437,-0.0436,-0.0444,-0.0465,-0.0509,-0.058,-0.068,-0.0796,-0.0911,-0.1,-0.1044,-0.1028,-0.0949,-0.0818,-0.0668,-0.0545,-0.0488,-0.0509,-0.0593,-0.0709,-0.0832,-0.0945,-0.1041,-0.1117,-0.1172,-0.121,-0.1232,-0.1241,-0.1239,-0.1228,-0.1211,-0.119,-0.1165,-0.0411,-0.0394,-0.0377,-0.0361,-0.0346,-0.0337,-0.0341,-0.0374,-0.0453,-0.0585,-0.0751,-0.092,-0.1055,-0.1121,-0.1094,-0.0959,-0.0729,-0.0458,-0.0238,-0.0151,-0.0215,-0.038,-0.0581,-0.0773,-0.0935,-0.1064,-0.116,-0.1227,-0.127,-0.1292,-0.1298,-0.1291,-0.1274,-0.1251,-0.1223,-0.1193,-0.0359,-0.0333,-0.0306,-0.0276,-0.0242,-0.0204,-0.0172,-0.0174,-0.0251,-0.0428,-0.0676,-0.0933,-0.1142,-0.1251,-0.1215,-0.0998,-0.0598,-0.0095,0.032,0.0443,0.0259,-0.0078,-0.0425,-0.0718,-0.0943,-0.111,-0.1227,-0.1304,-0.1349,-0.1369,-0.1368,-0.1353,-0.1328,-0.1295,-0.1259,-0.1221,-0.0303,-0.0267,-0.0229,-0.0185,-0.0129,-0.0053,0.0042,0.0118,0.0071,-0.0179,-0.0562,-0.0958,-0.1281,-0.1466,-0.1439,-0.1119,-0.0446,0.0511,0.1342,0.1489,0.0983,0.0301,-0.0275,-0.0696,-0.0991,-0.1194,-0.1328,-0.1411,-0.1454,-0.1465,-0.1454,-0.1426,-0.1388,-0.1344,-0.1297,-0.1249,-0.0243,-0.0196,-0.0146,-0.009,-0.0017,0.0095,0.0274,0.0497,0.0542,0.0167,-0.0428,-0.1015,-0.1502,-0.1815,-0.1846,-0.1443,-0.0411,0.1335,0.3057,0.314,0.1879,0.0635,-0.0212,-0.0754,-0.1104,-0.1333,-0.1478,-0.1559,-0.1591,-0.1587,-0.1558,-0.1511,-0.1456,-0.1396,-0.1335,-0.1277,-0.0178,-0.0117,-0.0054,0.0009,0.0086,0.0209,0.0429,0.0772,0.093,0.0429,-0.0355,-0.1137,-0.1836,-0.2357,-0.2549,-0.2168,-0.0884,0.1648,0.4538,0.4458,0.2303,0.0628,-0.0356,-0.0942,-0.1311,-0.1548,-0.169,-0.1759,-0.177,-0.1739,-0.1682,-0.1609,-0.1529,-0.1449,-0.1372,-0.13,-0.0109,-0.0025,0.0056,0.0126,0.0191,0.0292,0.047,0.0696,0.076,0.0399,-0.0352,-0.1314,-0.2292,-0.3154,-0.3701,-0.3527,-0.2269,0.0131,0.275,0.2941,0.136,0.0047,-0.0764,-0.128,-0.1627,-0.1858,-0.1987,-0.2028,-0.2001,-0.1927,-0.1827,-0.1716,-0.1605,-0.15,-0.1404,-0.1318,-0.0038,0.0081,0.0204,0.0294,0.033,0.0385,0.0559,0.0829,0.1039,0.0839,-0.0097,-0.1448,-0.2833,-0.4211,-0.5536,-0.581,-0.4355,-0.2304,-0.059,0.0014,-0.0324,-0.0865,-0.134,-0.1738,-0.2064,-0.2294,-0.2402,-0.2393,-0.2298,-0.2154,-0.1991,-0.1829,-0.1678,-0.1543,-0.1425,-0.1324,0.0022,0.0192,0.0398,0.0566,0.0548,0.0482,0.0702,0.1409,0.2662,0.2854,0.0782,-0.1505,-0.3382,-0.5241,-0.8078,-0.9384,-0.632,-0.3969,-0.2616,-0.1885,-0.1627,-0.1677,-0.1919,-0.2277,-0.2654,-0.2923,-0.3,-0.2893,-0.2677,-0.242,-0.2167,-0.1938,-0.174,-0.1571,-0.1431,-0.1315,0.0047,0.0258,0.0564,0.0897,0.0834,0.0499,0.0638,0.1644,0.5119,0.6919,0.1737,-0.175,-0.4003,-0.5762,-0.806,-0.9567,-0.6407,-0.4555,-0.3624,-0.2882,-0.2365,-0.2202,-0.2402,-0.29,-0.3503,-0.3901,-0.3899,-0.3581,-0.3142,-0.2712,-0.2337,-0.2027,-0.1775,-0.1572,-0.1411,-0.1283,0.0014,0.0213,0.0506,0.0825,0.0734,0.0303,0.0254,0.0623,0.2538,0.412,0.0541,-0.2343,-0.4764,-0.7223,-0.6899,-0.6103,-0.5183,-0.4935,-0.461,-0.3515,-0.2673,-0.2407,-0.2744,-0.366,-0.485,-0.5545,-0.5283,-0.4487,-0.3662,-0.2987,-0.2467,-0.207,-0.1766,-0.1533,-0.1356,-0.1222,-0.0072,0.0064,0.0228,0.0337,0.0216,-0.0069,-0.0208,0.0826,-0.0736,-0.0005,-0.1134,-0.2607,-0.4094,-0.7804,-0.6989,-0.4802,-0.44,-0.6216,-0.6146,-0.3766,-0.2511,-0.2235,-0.2855,-0.4517,-0.695,-0.8238,-0.7198,-0.5467,-0.4103,-0.3162,-0.2508,-0.2037,-0.1691,-0.1438,-0.1254,-0.1123,-0.0181,-0.0113,-0.0058,-0.0064,-0.0182,-0.0395,-0.0714,-0.1548,-0.1425,-0.1127,-0.1721,-0.2555,-0.2651,-0.0759,-0.3395,-0.313,-0.2982,-0.4477,-0.4596,-0.2775,-0.1675,-0.1561,-0.2503,-0.4895,-0.8823,-1.0864,-0.8646,-0.5968,-0.4225,-0.3138,-0.2411,-0.1897,-0.1528,-0.1268,-0.1093,-0.098,-0.0285,-0.0264,-0.0266,-0.0313,-0.0421,-0.0591,-0.0825,-0.1096,-0.1254,-0.151,-0.1842,-0.189,-0.1628,-0.1011,-0.1797,-0.1664,-0.1182,-0.1802,-0.1768,-0.091,-0.0154,-0.0299,-0.1513,-0.3915,-0.7423,-0.9289,-0.7606,-0.5389,-0.3876,-0.2874,-0.2158,-0.1629,-0.1251,-0.1004,-0.086,-0.0785,-0.0368,-0.0375,-0.0403,-0.0462,-0.0561,-0.0699,-0.0874,-0.1079,-0.1348,-0.1815,-0.2572,-0.1311,-0.1267,-0.1244,-0.1212,-0.1029,-0.0893,-0.0457,0.0171,0.0804,0.1542,0.118,-0.03,-0.2263,-0.436,-0.552,-0.5166,-0.4197,-0.3261,-0.2456,-0.1771,-0.1218,-0.0831,-0.0619,-0.054,-0.0535,-0.0428,-0.0448,-0.0486,-0.0547,-0.0634,-0.075,-0.0896,-0.1081,-0.1342,-0.1769,-0.2366,-0.1677,-0.1084,-0.0893,-0.0397,0.0115,0.0558,0.1509,0.2321,0.2129,0.1911,0.1612,0.0424,-0.1136,-0.2617,-0.356,-0.3765,-0.3409,-0.2772,-0.2036,-0.1289,-0.0635,-0.0217,-0.0081,-0.0129,-0.0241,-0.0465,-0.049,-0.0529,-0.0584,-0.0658,-0.0751,-0.0864,-0.1003,-0.1174,-0.1367,-0.1444,-0.1158,-0.0803,-0.0458,0.1297,0.2407,0.2482,0.3685,0.4708,0.4012,0.2928,0.2006,0.0873,-0.0629,-0.2272,-0.364,-0.4045,-0.3471,-0.2608,-0.1704,-0.0742,0.0157,0.0645,0.0613,0.0341,0.0064,-0.0483,-0.0507,-0.0541,-0.0586,-0.0642,-0.0709,-0.0784,-0.0865,-0.0938,-0.0971,-0.0886,-0.0601,-0.007,0.1235,0.4802,0.6172,0.4068,0.4686,0.5813,0.7344,0.5326,0.3167,0.1473,-0.0355,-0.2672,-0.5299,-0.5856,-0.407,-0.2604,-0.1461,-0.023,0.1043,0.162,0.1303,0.0748,0.0305,-0.0485,-0.0505,-0.0531,-0.0563,-0.06,-0.0639,-0.0676,-0.0702,-0.0699,-0.0636,-0.046,-0.0096,0.0607,0.2063,0.4633,0.5522,0.4523,0.5876,1.0843,1.3139,0.753,0.4241,0.2253,0.0209,-0.2423,-0.5541,-0.6182,-0.3779,-0.2356,-0.1287,-0.0041,0.1385,0.2002,0.1546,0.0888,0.0399,-0.0475,-0.0489,-0.0505,-0.0523,-0.0541,-0.0554,-0.0557,-0.0539,-0.0483,-0.0362,-0.0137,0.0252,0.0898,0.1901,0.309,0.3766,0.4199,0.5734,0.8702,0.9612,0.6865,0.4843,0.3487,0.1453,-0.1031,-0.2746,-0.2631,-0.2369,-0.1851,-0.1163,-0.0283,0.077,0.1325,0.1129,0.0695,0.0324,-0.0456,-0.0462,-0.0469,-0.0473,-0.0474,-0.0465,-0.0441,-0.0391,-0.0302,-0.0151,0.0088,0.0449,0.0967,0.1638,0.2355,0.2982,0.3659,0.4696,0.5885,0.6238,0.578,0.6051,0.5937,0.3376,0.038,-0.1463,-0.1956,-0.1824,-0.1382,-0.1039,-0.0587,0.002,0.0445,0.0504,0.035,0.0153,-0.0431,-0.043,-0.0427,-0.042,-0.0405,-0.0379,-0.0336,-0.0265,-0.0157,0.0004,0.0234,0.055,0.0961,0.1452,0.1981,0.2519,0.3107,0.3781,0.4418,0.4855,0.5504,0.7233,0.7818,0.4733,0.1424,-0.0572,-0.1339,-0.126,-0.0998,-0.0948,-0.0737,-0.0384,-0.0084,0.0052,0.0048,-0.0024,-0.0403,-0.0396,-0.0384,-0.0367,-0.0341,-0.0302,-0.0244,-0.0162,-0.0046,0.0113,0.0325,0.0597,0.093,0.1314,0.1732,0.2173,0.2638,0.3123,0.3594,0.4087,0.4851,0.5985,0.6103,0.4147,0.1781,0.0148,-0.0662,-0.091,-0.0946,-0.0909,-0.0749,-0.0523,-0.032,-0.0193,-0.0148,-0.0158]}]