docs/data/wind_grid.json
[{"header":{"la1":42.85,"la2":41.18,"lo1":11.55,"lo2":14.05,"nx":36,"ny":24,"dx":0.07143,"dy":0.07261,"parameterCategory":2,"parameterNumber":2,"parameterNumberName":"eastward_wind","parameterUnit":"m.s-1"},"data":[0.4829,0.5083,0.5362,0.5659,0.5963,0.625,0.6491,0.6659,0.674,0.6747,0.6717,0.6703,0.6744,0.6851,0.699,0.708,0.7036,0.683,0.6503,0.6125,0.5749,0.5405,0.5101,0.4835,0.4603,0.4398,0.4216,0.4052,0.3902,0.3766,0.364,0.3523,0.3415,0.3315,0.3222,0.3137,0.4865,0.5161,0.5498,0.5874,0.6274,0.6669,0.7008,0.7236,0.7314,0.7256,0.7136,0.7052,0.7088,0.7278,0.7571,0.7809,0.7798,0.7483,0.6981,0.6439,0.5943,0.552,0.5165,0.4868,0.4616,0.4397,0.4206,0.4034,0.3879,0.3736,0.3605,0.3484,0.3372,0.3268,0.3172,0.3084,0.4872,0.5211,0.5616,0.609,0.6628,0.7195,0.7712,0.8061,0.8139,0.7954,0.7648,0.7414,0.7408,0.7712,0.8282,0.882,0.8869,0.8322,0.751,0.6734,0.6095,0.5592,0.5195,0.4873,0.4607,0.438,0.4182,0.4005,0.3845,0.3698,0.3562,0.3437,0.332,0.3212,0.3113,0.3022,0.4836,0.5215,0.5688,0.6278,0.7,0.7836,0.8684,0.9305,0.9415,0.8972,0.8293,0.7766,0.7637,0.8042,0.9001,1.0062,1.0193,0.9208,0.795,0.6916,0.6155,0.5597,0.5176,0.4846,0.4575,0.4346,0.4145,0.3966,0.3802,0.3651,0.3511,0.338,0.3259,0.3147,0.3044,0.2951,0.4743,0.5147,0.5675,0.6377,0.7313,0.8534,0.9975,1.1226,1.1491,1.0503,0.9089,0.8064,0.7696,0.8069,0.9259,1.0781,1.0976,0.9575,0.8012,0.6862,0.6073,0.5518,0.5106,0.4784,0.4521,0.4296,0.4098,0.3917,0.3751,0.3596,0.3451,0.3315,0.3188,0.3071,0.2965,0.2868,0.4578,0.4982,0.5531,0.6301,0.7415,0.9055,1.1376,1.3942,1.4728,1.2567,0.9863,0.8196,0.7539,0.7688,0.8573,0.9766,0.9933,0.8803,0.7506,0.6531,0.5849,0.536,0.4991,0.4697,0.4451,0.4236,0.4042,0.3862,0.3693,0.3534,0.3382,0.3239,0.3106,0.2983,0.2871,0.2772,0.4338,0.4707,0.522,0.5966,0.7104,0.8927,1.1904,1.6025,1.7716,1.3889,0.9965,0.7965,0.7186,0.71,0.7453,0.7933,0.798,0.7427,0.6687,0.6043,0.5545,0.516,0.4854,0.4598,0.4375,0.4172,0.3984,0.3804,0.3631,0.3464,0.3304,0.3152,0.301,0.288,0.2762,0.2659,0.4026,0.4324,0.474,0.5348,0.6284,0.7792,1.0256,1.3644,1.4938,1.1787,0.8794,0.7319,0.6744,0.661,0.6661,0.6726,0.6643,0.6358,0.5968,0.5585,0.525,0.4967,0.4723,0.4506,0.4305,0.4115,0.3929,0.3747,0.3567,0.3389,0.3217,0.3052,0.2898,0.2758,0.2633,0.2526,0.3661,0.3861,0.4132,0.4518,0.5095,0.5975,0.7249,0.8634,0.9054,0.8193,0.7183,0.6593,0.6422,0.6432,0.6401,0.626,0.6038,0.578,0.5515,0.5263,0.5031,0.4821,0.4626,0.4441,0.4257,0.4073,0.3886,0.3695,0.3502,0.3309,0.3118,0.2935,0.2764,0.2611,0.2478,0.2368,0.327,0.3359,0.3468,0.3606,0.3798,0.4093,0.4595,0.5413,0.6408,0.6759,0.6312,0.6153,0.6448,0.6772,0.6723,0.6329,0.5881,0.5544,0.5305,0.5103,0.4918,0.475,0.4588,0.4422,0.4245,0.4058,0.3861,0.3655,0.3441,0.3223,0.3005,0.2795,0.2602,0.2432,0.2289,0.2175,0.2883,0.2867,0.2823,0.2733,0.2578,0.2371,0.2315,0.3245,0.6593,0.8102,0.6069,0.5963,0.6985,0.7991,0.7801,0.6776,0.5913,0.5515,0.5321,0.5112,0.4923,0.4775,0.4634,0.4472,0.4286,0.4081,0.3862,0.363,0.3384,0.3129,0.2872,0.2624,0.2399,0.2206,0.2053,0.1939,0.2524,0.2423,0.226,0.1996,0.1567,0.089,-0.0053,-0.0467,0.3008,0.5851,0.5008,0.5679,0.7838,1.0713,0.9764,0.7242,0.584,0.5748,0.5717,0.5301,0.5046,0.493,0.4805,0.4623,0.4398,0.4154,0.3898,0.3626,0.3335,0.3026,0.271,0.2407,0.2136,0.1915,0.1751,0.1643,0.2212,0.2054,0.1818,0.1459,0.0896,-0.001,-0.1453,-0.3108,-0.1479,0.1893,0.3559,0.5052,0.7035,1.157,1.0401,0.6639,0.5248,0.6487,0.6529,0.5494,0.5299,0.5327,0.52,0.4922,0.4598,0.4283,0.3976,0.3654,0.3298,0.2908,0.2504,0.2117,0.1783,0.1527,0.1358,0.1269,0.1953,0.1766,0.1504,0.1133,0.0595,-0.0184,-0.1241,-0.224,-0.1475,0.0646,0.2251,0.4581,0.5486,0.6103,0.6038,0.4164,0.31,0.4872,0.5525,0.5379,0.6011,0.6351,0.601,0.5416,0.4886,0.4472,0.4111,0.3729,0.3284,0.2773,0.223,0.1714,0.1288,0.0992,0.0834,0.0791,0.1746,0.1551,0.1296,0.0962,0.053,-0.0004,-0.0568,-0.0898,-0.0676,-0.0457,-0.0413,0.0813,0.2489,0.2183,0.3076,0.1003,-0.1155,0.1666,0.3711,0.5851,0.8534,0.8933,0.7438,0.6053,0.5208,0.4717,0.4337,0.3896,0.3321,0.2616,0.1846,0.1124,0.0565,0.0237,0.013,0.0181,0.1583,0.1393,0.1158,0.0872,0.0535,0.0163,-0.0195,-0.05,-0.0929,-0.2224,-0.5099,-0.3569,-0.1618,0.059,0.0853,0.0044,-0.0804,0.0549,0.2598,0.7366,1.4742,1.3543,0.8971,0.6484,0.5453,0.5057,0.4754,0.4247,0.3459,0.2432,0.1286,0.0224,-0.0523,-0.0845,-0.0813,-0.0577,0.1454,0.1273,0.1058,0.081,0.0529,0.0223,-0.0109,-0.0521,-0.1222,-0.2661,-0.4816,-0.3716,-0.3735,-0.4063,-0.1736,-0.1249,-0.106,-0.0983,-0.0123,0.5477,1.5319,1.3701,0.854,0.6198,0.5603,0.5685,0.5601,0.4944,0.3771,0.222,0.045,-0.1173,-0.2169,-0.2368,-0.2021,-0.1463,0.1351,0.1179,0.0981,0.0756,0.0504,0.0221,-0.011,-0.0538,-0.1154,-0.1997,-0.2737,-0.3011,-0.4249,-0.4731,-0.4356,-0.4557,-0.3239,-0.3642,-0.5172,-0.0559,0.5307,0.6955,0.5848,0.5308,0.5918,0.7048,0.7285,0.6136,0.4285,0.1987,-0.0719,-0.3228,-0.4496,-0.431,-0.3389,-0.2369,0.1267,0.1104,0.0919,0.0711,0.0476,0.0209,-0.0105,-0.0491,-0.0968,-0.1511,-0.2026,-0.2553,-0.3352,-0.4657,-0.8773,-1.0492,-0.5465,-0.4271,-0.491,-0.3692,-0.0516,0.2082,0.3255,0.4377,0.6463,0.927,0.9825,0.7463,0.4798,0.1803,-0.1945,-0.5545,-0.6998,-0.616,-0.4541,-0.3065,0.12,0.1045,0.087,0.0675,0.0455,0.0206,-0.0081,-0.0417,-0.0804,-0.1231,-0.1692,-0.225,-0.3099,-0.4789,-0.8172,-0.9152,-0.5647,-0.4333,-0.5805,-0.6671,-0.3047,-0.0343,0.1356,0.3269,0.6108,0.9561,1.0233,0.7396,0.49,0.1847,-0.2306,-0.6409,-0.7914,-0.678,-0.4905,-0.3286,0.1147,0.0999,0.0835,0.0651,0.0447,0.0217,-0.0043,-0.0337,-0.0668,-0.1036,-0.1457,-0.1983,-0.2728,-0.3856,-0.5174,-0.5425,-0.441,-0.3948,-0.4713,-0.4866,-0.3096,-0.1748,-0.0639,0.15,0.4389,0.6502,0.6521,0.6064,0.4701,0.2179,-0.1332,-0.4753,-0.6237,-0.564,-0.4263,-0.2944,0.1107,0.0966,0.0811,0.064,0.045,0.0239,0.0005,-0.0255,-0.0544,-0.0867,-0.1236,-0.1679,-0.2229,-0.2875,-0.3431,-0.3566,-0.3317,-0.3168,-0.3283,-0.3199,-0.2991,-0.3657,-0.3668,-0.0938,0.259,0.5071,0.5966,0.5666,0.4455,0.2492,0.0002,-0.2353,-0.3653,-0.3697,-0.3045,-0.2226,0.1077,0.0944,0.0799,0.0639,0.0464,0.0272,0.0061,-0.0169,-0.0423,-0.0702,-0.1012,-0.1362,-0.1749,-0.2136,-0.2431,-0.2544,-0.2505,-0.2457,-0.2474,-0.2587,-0.324,-0.5057,-0.5634,-0.2582,0.113,0.3745,0.4917,0.4794,0.3887,0.2517,0.0891,-0.0637,-0.1644,-0.1977,-0.1811,-0.1412,0.1058,0.0932,0.0796,0.0648,0.0488,0.0314,0.0125,-0.0079,-0.03,-0.0537,-0.0793,-0.1064,-0.1339,-0.1592,-0.1782,-0.1879,-0.1901,-0.1906,-0.196,-0.2182,-0.2836,-0.3935,-0.406,-0.2137,0.0427,0.2407,0.3446,0.3603,0.3146,0.2316,0.1306,0.0331,-0.0397,-0.0772,-0.0831,-0.0689]},{"header":{"la1":42.85,"la2":41.18,"lo1":11.55,"lo2":14.05,"nx":36,"ny":24,"dx":0.07143,"dy":0.07261,"parameterCategory":2,"parameterNumber":3,"parameterNumberName":"northward_wind","parameterUnit":"m.s-1"},"data":[1.9551,1.9498,1.9431,1.935,1.9255,1.9146,1.9027,1.8896,1.8747,1.8561,1.8314,1.7981,1.7551,1.7046,1.6541,1.6158,1.6002,1.6089,1.6338,1.6643,1.6927,1.7159,1.7334,1.7458,1.7542,1.7596,1.7629,1.7646,1.7654,1.7655,1.7651,1.7646,1.764,1.7635,1.763,1.7626,1.961,1.9555,1.9481,1.9389,1.9278,1.9151,1.9016,1.8878,1.8733,1.8556,1.83,1.7909,1.7342,1.6602,1.5799,1.5175,1.4982,1.5242,1.5745,1.6269,1.6703,1.7023,1.7246,1.7394,1.7488,1.7545,1.7577,1.7593,1.7598,1.7596,1.7592,1.7585,1.7579,1.7573,1.7569,1.7566,1.9677,1.9619,1.9538,1.943,1.9294,1.9133,1.8963,1.8808,1.8679,1.8544,1.832,1.79,1.7182,1.6111,1.4795,1.37,1.3459,1.4103,1.5065,1.5911,1.6522,1.6929,1.7189,1.7349,1.7445,1.7498,1.7526,1.7537,1.7538,1.7533,1.7526,1.7519,1.7511,1.7506,1.7502,1.75,1.9752,1.9693,1.9605,1.9479,1.9305,1.9082,1.8835,1.8624,1.8516,1.8484,1.8377,1.8003,1.7185,1.5756,1.3705,1.1783,1.1495,1.2863,1.4493,1.5693,1.6451,1.6907,1.7175,1.7328,1.7412,1.7455,1.7473,1.7476,1.7471,1.7463,1.7454,1.7445,1.7437,1.7432,1.7429,1.7429,1.9838,1.9783,1.9692,1.9549,1.9328,1.9007,1.8597,1.8216,1.8099,1.829,1.8456,1.8258,1.7487,1.5915,1.3353,1.0639,1.0303,1.2355,1.4437,1.5779,1.6548,1.6974,1.7206,1.7327,1.7386,1.7409,1.7413,1.7407,1.7396,1.7384,1.7372,1.7362,1.7355,1.735,1.7349,1.7351,1.9936,1.9891,1.9808,1.9661,1.9406,1.8972,1.829,1.7484,1.7227,1.7885,1.8571,1.868,1.8131,1.6832,1.4677,1.2361,1.1958,1.3536,1.518,1.6228,1.681,1.7115,1.7265,1.7332,1.7354,1.7353,1.7341,1.7324,1.7307,1.7292,1.7279,1.7269,1.7262,1.726,1.7261,1.7266,2.0044,2.0019,1.9958,1.9836,1.9596,1.9128,1.8234,1.6854,1.6258,1.7633,1.8915,1.9293,1.8999,1.817,1.689,1.5596,1.5154,1.5659,1.6366,1.6868,1.7146,1.7275,1.732,1.7321,1.7301,1.7274,1.7247,1.7223,1.7202,1.7185,1.7172,1.7163,1.7159,1.7159,1.7164,1.7173,2.0158,2.0159,2.0136,2.0071,1.9922,1.9602,1.8934,1.7827,1.7396,1.8712,1.9819,2.0122,1.9935,1.9438,1.8726,1.7989,1.7509,1.7369,1.7395,1.7431,1.7426,1.7385,1.7326,1.7264,1.7207,1.7161,1.7124,1.7096,1.7075,1.7059,1.7049,1.7044,1.7043,1.7048,1.7057,1.7071,2.027,2.0299,2.0321,2.0329,2.0313,2.0257,2.0149,2.0068,2.0359,2.0962,2.1189,2.1069,2.082,2.0466,1.9976,1.9384,1.8807,1.8342,1.8001,1.7749,1.7549,1.7382,1.7242,1.7133,1.7054,1.6999,1.6963,1.6939,1.6924,1.6914,1.691,1.691,1.6915,1.6925,1.694,1.696,2.0371,2.0425,2.0484,2.0551,2.0639,2.0784,2.1084,2.177,2.2979,2.3474,2.2624,2.1918,2.1573,2.1301,2.0871,2.0215,1.9437,1.871,1.8152,1.7759,1.7461,1.7219,1.7031,1.6901,1.6821,1.6778,1.6758,1.6749,1.6747,1.6749,1.6753,1.676,1.6772,1.6789,1.6811,1.6839,2.0455,2.0526,2.0605,2.0698,2.0817,2.0991,2.1324,2.2257,2.4981,2.6266,2.362,2.2457,2.2171,2.2052,2.1644,2.0769,1.9609,1.8509,1.7812,1.7441,1.714,1.6863,1.6655,1.6537,1.6492,1.649,1.6506,1.6527,1.6546,1.6563,1.6579,1.6595,1.6615,1.664,1.6671,1.6708,2.0518,2.0597,2.0681,2.0771,2.0857,2.0918,2.0914,2.1051,2.3035,2.4619,2.3244,2.2706,2.2651,2.2782,2.2391,2.1138,1.934,1.7496,1.684,1.6832,1.6587,1.6256,1.605,1.6002,1.6051,1.6133,1.6213,1.6277,1.6325,1.636,1.6389,1.6415,1.6444,1.6478,1.6518,1.6566,2.0561,2.0642,2.0724,2.0798,2.0842,2.0798,2.054,2.0051,2.0723,2.2146,2.2668,2.3202,2.3199,2.2994,2.2673,2.1149,1.8872,1.5829,1.561,1.6184,1.5731,1.5222,1.5088,1.5244,1.5494,1.5723,1.5895,1.6012,1.6091,1.6145,1.6185,1.622,1.6257,1.6301,1.6353,1.6414,2.0587,2.0667,2.0745,2.0811,2.0843,2.0798,2.0618,2.0359,2.0707,2.1681,2.2493,2.3948,2.4322,2.3012,2.2229,2.0664,1.8865,1.6861,1.6109,1.5486,1.4028,1.3247,1.3535,1.4231,1.4861,1.5302,1.5581,1.575,1.5853,1.5921,1.597,1.6012,1.6056,1.6109,1.6174,1.6251,2.0599,2.0678,2.0754,2.0822,2.0868,2.0879,2.0855,2.0887,2.1175,2.1636,2.2033,2.2566,2.284,2.2935,2.1893,1.9692,1.8194,1.7965,1.6457,1.3557,0.9834,0.9238,1.1204,1.3084,1.4279,1.4953,1.5314,1.5509,1.5621,1.5693,1.5746,1.579,1.5838,1.5901,1.5982,1.6079,2.0599,2.0676,2.0753,2.0826,2.0892,2.0951,2.1019,2.114,2.1343,2.151,2.1369,2.1844,2.2122,2.2284,2.15,1.9788,1.8579,1.8287,1.6302,1.0505,0.1356,0.2918,0.886,1.2308,1.3986,1.4775,1.5134,1.5302,1.5395,1.5462,1.5515,1.5558,1.5607,1.5678,1.5778,1.5901,2.0587,2.0662,2.074,2.0817,2.0895,2.0978,2.1076,2.1202,2.135,2.1445,2.1381,2.172,2.2348,2.2519,2.1472,2.0433,1.9646,1.9175,1.788,1.1773,0.0454,0.251,0.912,1.2597,1.4163,1.4823,1.5063,1.513,1.5168,1.5225,1.5284,1.5326,1.5368,1.5446,1.5571,1.5726,2.0565,2.0637,2.0713,2.0791,2.0873,2.0961,2.106,2.1174,2.1297,2.1409,2.1524,2.1769,2.2343,2.2391,2.1348,2.0722,2.0305,2.0647,2.151,1.765,1.1789,1.0311,1.2163,1.3783,1.4655,1.5062,1.5135,1.4991,1.4909,1.4968,1.5068,1.5119,1.5146,1.5228,1.5381,1.557,2.0532,2.0601,2.0673,2.0748,2.0826,2.0909,2.1,2.1098,2.1199,2.1301,2.1408,2.1541,2.1658,2.1468,2.0999,2.0887,2.0643,2.1013,2.1611,2.0994,1.799,1.5554,1.4879,1.4892,1.5037,1.544,1.5509,1.482,1.4518,1.4658,1.489,1.4991,1.4997,1.5071,1.5242,1.5458,2.0492,2.0555,2.0621,2.069,2.0761,2.0834,2.0911,2.099,2.1067,2.114,2.1203,2.1242,2.1215,2.1062,2.0896,2.0831,2.0715,2.1219,2.332,2.4345,2.0504,1.7696,1.6289,1.5476,1.4957,1.5285,1.5388,1.3888,1.374,1.4236,1.4729,1.495,1.4962,1.5021,1.519,1.5409,2.0444,2.0501,2.056,2.062,2.0681,2.0743,2.0804,2.0863,2.0917,2.0959,2.0983,2.0975,2.092,2.0817,2.0712,2.0622,2.0603,2.1017,2.215,2.2312,2.0075,1.8001,1.6808,1.5752,1.4428,1.2804,1.0493,1.0938,1.2519,1.3722,1.4514,1.4887,1.4984,1.5064,1.5221,1.5426,2.0389,2.044,2.0491,2.0542,2.0593,2.0642,2.0688,2.0728,2.076,2.0777,2.0774,2.0743,2.0679,2.0588,2.0484,2.0383,2.033,2.0416,2.0544,2.0106,1.8771,1.7494,1.6981,1.6109,1.4238,1.1261,0.8275,0.9482,1.1844,1.3397,1.4317,1.4793,1.5004,1.5142,1.5303,1.5492,2.033,2.0374,2.0417,2.0459,2.0499,2.0535,2.0567,2.0591,2.0604,2.0602,2.058,2.0534,2.0463,2.0367,2.0252,2.0126,1.9999,1.9862,1.9609,1.9015,1.802,1.7184,1.7061,1.6441,1.4734,1.2407,1.0679,1.0988,1.2331,1.351,1.4304,1.478,1.5052,1.5239,1.541,1.5587,2.0267,2.0304,2.0339,2.0372,2.0402,2.0427,2.0445,2.0455,2.0453,2.0436,2.0401,2.0344,2.0263,2.0159,2.0031,1.9878,1.9695,1.9456,1.9099,1.855,1.7843,1.727,1.7003,1.6456,1.5293,1.3875,1.2871,1.276,1.3286,1.395,1.4502,1.4895,1.5163,1.5362,1.5535,1.57]}]