docs/data/wind_grid.json
[{"header":{"la1":42.85,"la2":41.18,"lo1":11.55,"lo2":14.05,"nx":36,"ny":24,"dx":0.07143,"dy":0.07261,"parameterCategory":2,"parameterNumber":2,"parameterNumberName":"eastward_wind","parameterUnit":"m.s-1"},"data":[3.0297,3.0409,3.0514,3.0601,3.0654,3.0648,3.0549,3.0316,2.9913,2.9318,2.8527,2.7549,2.6401,2.5099,2.3671,2.2171,2.0696,1.9388,1.8402,1.7853,1.7765,1.8063,1.8619,1.9304,2.0019,2.07,2.1316,2.1855,2.2317,2.2708,2.3037,2.3313,2.3544,2.3738,2.3902,2.4043,3.0564,3.0726,3.0893,3.1057,3.1201,3.1295,3.129,3.1122,3.0726,3.0065,2.9141,2.7977,2.6592,2.4995,2.3192,2.1227,1.9221,1.7401,1.6059,1.542,1.5513,1.617,1.7141,1.8207,1.9232,2.0147,2.0931,2.1588,2.213,2.2574,2.2938,2.3235,2.3479,2.3681,2.3849,2.399,3.0826,3.1043,3.1282,3.154,3.1807,3.2051,3.2207,3.2165,3.1805,3.1061,2.9955,2.8553,2.689,2.495,2.2685,2.0082,1.7262,1.4588,1.2638,1.1898,1.24,1.3732,1.5387,1.7013,1.8445,1.9638,2.0606,2.1381,2.1997,2.2487,2.2877,2.3188,2.3438,2.364,2.3806,2.3945,3.1073,3.1344,3.1659,3.2024,3.2445,3.2905,3.3328,3.3534,3.3267,3.2387,3.0998,2.9283,2.7312,2.5012,2.2226,1.8791,1.4721,1.0541,0.7453,0.6637,0.8071,1.068,1.3432,1.5828,1.7752,1.9244,2.0389,2.1267,2.194,2.2459,2.2861,2.3174,2.342,2.3616,2.3775,2.3906,3.1291,3.1613,3.1999,3.247,3.306,3.3795,3.4639,3.5325,3.5269,3.4116,3.224,3.0117,2.7845,2.5244,2.1976,1.7587,1.1717,0.4857,-0.051,-0.126,0.2288,0.7199,1.1548,1.4871,1.7296,1.9052,2.0332,2.1274,2.1974,2.2498,2.2893,2.3194,2.3425,2.3606,2.3751,2.387,3.1471,3.1832,3.2272,3.2826,3.3556,3.4561,3.5939,3.7455,3.7848,3.6115,3.3464,3.0907,2.8437,2.5705,2.2177,1.7026,0.9122,-0.1859,-1.1556,-1.1803,-0.4095,0.4207,1.0337,1.4472,1.7249,1.9149,2.0479,2.1426,2.2109,2.2608,2.2974,2.3245,2.3449,2.3605,2.3729,2.3831,3.1604,3.199,3.2459,3.3051,3.3836,3.4953,3.6639,3.8904,3.9838,3.7392,3.4165,3.1459,2.9018,2.641,2.3032,1.7844,0.9048,-0.5152,-1.9615,-1.9116,-0.7119,0.3627,1.0606,1.4958,1.7742,1.9587,2.0847,2.1724,2.2343,2.2783,2.3096,2.332,2.3483,2.3605,2.3701,2.3782,3.1688,3.2084,3.2559,3.3143,3.3888,3.4884,3.6264,3.7949,3.8528,3.6691,3.4163,3.1775,2.9551,2.7283,2.447,2.0208,1.2973,0.1193,-1.1176,-1.1485,-0.1951,0.6882,1.2717,1.6397,1.8769,2.0344,2.1415,2.2151,2.2659,2.3008,2.3244,2.3404,2.3514,2.3593,2.3655,2.3712,3.1723,3.2118,3.2585,3.3142,3.3815,3.4636,3.5613,3.6581,3.7009,3.6323,3.444,3.2107,3.0007,2.8151,2.6098,2.3187,1.8679,1.2245,0.5974,0.4594,0.8101,1.2519,1.6011,1.8469,2.016,2.1323,2.2121,2.2665,2.3026,2.3258,2.3399,2.3479,2.3524,2.3552,2.3578,2.3609,3.1712,3.21,3.2554,3.3088,3.3717,3.4472,3.5437,3.6871,3.8913,3.9166,3.5879,3.2475,3.0243,2.8812,2.7503,2.5684,2.3133,2.009,1.7315,1.5966,1.6406,1.7817,1.9358,2.0663,2.1661,2.2384,2.2885,2.3212,2.3407,2.3503,2.3532,2.352,2.349,2.3462,2.3448,2.3455,3.1655,3.2031,3.2471,3.2989,3.3601,3.4333,3.5295,3.7187,4.2636,4.5304,3.7386,3.2325,3.005,2.9135,2.859,2.7351,2.5629,2.4027,2.2749,2.1791,2.1398,2.1582,2.2065,2.26,2.3061,2.3405,2.3627,2.3739,2.3759,2.3709,2.3612,2.3495,2.3381,2.3292,2.3239,2.3229,3.1554,3.1909,3.2329,3.2829,3.3426,3.4123,3.4856,3.5612,3.8769,4.103,3.5301,3.1302,2.9493,2.8553,2.9881,2.8376,2.6613,2.5413,2.4878,2.4414,2.407,2.3972,2.4035,2.4152,2.4254,2.4305,2.4289,2.4201,2.4047,2.384,2.3602,2.3365,2.3157,2.3005,2.292,2.2904,3.1408,3.1733,3.2117,3.258,3.3144,3.3821,3.4532,3.4929,3.4991,3.4541,3.2175,3.0425,2.9414,3.0045,3.2043,2.8506,2.6653,2.5241,2.5152,2.5455,2.553,2.5523,2.5461,2.5356,2.5222,2.5053,2.4839,2.4568,2.4239,2.386,2.346,2.3079,2.2763,2.2547,2.2445,2.2447,3.1222,3.1503,3.1833,3.2226,3.2703,3.3283,3.3939,3.4468,3.3986,3.2151,3.0375,3.0427,3.0203,2.4785,2.7974,2.7318,2.6257,2.5692,2.5673,2.6238,2.6629,2.6725,2.6575,2.6303,2.5987,2.5645,2.5263,2.4824,2.4313,2.3737,2.3133,2.2568,2.212,2.1846,2.1756,2.182,3.1003,3.1231,3.1488,3.178,3.2111,3.2467,3.2778,3.2777,3.1897,3.0187,2.8733,2.8002,2.7139,2.6017,2.6654,2.5915,2.4569,2.5953,2.6672,2.7294,2.7818,2.7859,2.751,2.7051,2.6572,2.6083,2.5562,2.4967,2.4262,2.344,2.2554,2.1727,2.1109,2.0795,2.078,2.0983,3.0766,3.0935,3.1113,3.1293,3.146,3.1573,3.1531,3.1135,3.017,2.8777,2.7792,2.5619,2.5827,2.6086,2.6423,2.6047,2.5281,2.6579,2.7582,2.8302,2.894,2.8809,2.8223,2.7599,2.6979,2.6373,2.575,2.5023,2.4104,2.2952,2.1641,2.0402,1.9548,1.9251,1.9438,1.9913,3.0522,3.0636,3.074,3.0822,3.0858,3.0801,3.0574,3.0077,2.926,2.8272,2.7629,2.6423,2.4173,2.3365,2.6134,2.7093,2.7363,2.7951,2.8498,2.8959,2.917,2.9085,2.8633,2.795,2.7203,2.6522,2.5872,2.5056,2.3896,2.2289,2.03,1.8371,1.7192,1.7066,1.7701,1.8642,3.0287,3.0353,3.0398,3.0408,3.0359,3.0217,2.9937,2.948,2.885,2.8132,2.7406,2.6324,2.3975,2.3657,2.7249,2.8754,2.8826,2.8804,2.8369,2.9828,3.0006,2.9609,2.9041,2.8186,2.7254,2.6574,2.6052,2.5164,2.3714,2.1529,1.8527,1.5479,1.3904,1.4286,1.5725,1.7336,3.0068,3.0097,3.0101,3.0065,2.9974,2.9804,2.9534,2.9154,2.8677,2.8141,2.7567,2.6912,2.6364,2.721,3.0355,3.1431,3.0117,3.008,3.0493,3.3642,3.2464,3.0893,2.9703,2.8433,2.7175,2.6669,2.6514,2.528,2.351,2.0866,1.676,1.2307,1.0411,1.1645,1.4061,1.6337,2.9871,2.9875,2.9852,2.9793,2.9686,2.952,2.9285,2.8984,2.8632,2.8256,2.7896,2.7633,2.7709,2.8617,3.0457,3.1118,3.0781,3.2333,3.7722,4.0235,3.4976,3.2232,3.0652,2.8903,2.7057,2.647,2.6414,2.4481,2.2988,2.0576,1.6183,1.1137,0.9138,1.0763,1.3549,1.6047,2.9699,2.9686,2.9649,2.9581,2.9475,2.9327,2.9135,2.8906,2.8655,2.841,2.8216,2.8152,2.8346,2.8921,2.9733,3.0312,3.0957,3.2718,3.5893,3.6993,3.4771,3.3438,3.2398,3.0089,2.7013,2.4228,2.1498,2.1659,2.2122,2.0753,1.7369,1.3342,1.1473,1.2413,1.4528,1.6613,2.9549,2.9527,2.9485,2.9417,2.9322,2.9197,2.9046,2.8877,2.8705,2.8555,2.8464,2.8483,2.8667,2.9042,2.9543,3.0099,3.0854,3.2048,3.3452,3.4169,3.4476,3.5846,3.6039,3.25,2.7656,2.2842,1.9243,2.0316,2.1724,2.1235,1.918,1.6637,1.5146,1.5279,1.6402,1.7778,2.9421,2.9395,2.9352,2.929,2.9208,2.9108,2.8993,2.8871,2.8758,2.8672,2.864,2.8692,2.8854,2.9133,2.9517,3.0001,3.0631,3.1439,3.2326,3.3236,3.4807,3.7817,3.8698,3.4394,2.8988,2.4495,2.1877,2.1762,2.2259,2.1932,2.0731,1.9226,1.8166,1.7933,1.8374,1.9141,2.9311,2.9285,2.9244,2.919,2.9123,2.9044,2.8958,2.8874,2.8802,2.8758,2.8758,2.8823,2.8965,2.9192,2.9502,2.9901,3.0399,3.1004,3.1715,3.2638,3.4111,3.6051,3.6334,3.3533,2.967,2.6393,2.434,2.3528,2.3234,2.2768,2.1959,2.1015,2.0275,1.9956,2.0052,2.0424]},{"header":{"la1":42.85,"la2":41.18,"lo1":11.55,"lo2":14.05,"nx":36,"ny":24,"dx":0.07143,"dy":0.07261,"parameterCategory":2,"parameterNumber":3,"parameterNumberName":"northward_wind","parameterUnit":"m.s-1"},"data":[0.9625,0.9672,0.9736,0.982,0.9927,1.0061,1.0225,1.0425,1.0669,1.0965,1.1321,1.1741,1.2223,1.2759,1.3334,1.3923,1.4486,1.4968,1.531,1.5467,1.5432,1.5236,1.4928,1.4564,1.4183,1.3814,1.347,1.3158,1.2879,1.2632,1.2414,1.2222,1.2052,1.1902,1.1769,1.1651,0.9488,0.9524,0.9578,0.9654,0.9758,0.9891,1.0056,1.026,1.051,1.0825,1.1219,1.1702,1.2274,1.2928,1.3652,1.4422,1.5188,1.5861,1.6333,1.6517,1.6402,1.6055,1.5573,1.5047,1.4532,1.4058,1.3637,1.3269,1.295,1.2674,1.2436,1.2229,1.205,1.1894,1.1757,1.1636,0.9336,0.9358,0.9399,0.9467,0.9566,0.9701,0.987,1.0074,1.0323,1.0643,1.1069,1.1619,1.2294,1.3088,1.3998,1.5015,1.6087,1.708,1.7777,1.799,1.7708,1.7086,1.6324,1.5565,1.4876,1.428,1.3774,1.3349,1.2991,1.269,1.2434,1.2217,1.2031,1.1871,1.1732,1.161,0.917,0.9172,0.9197,0.9252,0.935,0.9497,0.9687,0.9901,1.0132,1.0427,1.0865,1.1483,1.2274,1.3224,1.4349,1.5685,1.7222,1.8774,1.9893,2.0129,1.948,1.8353,1.715,1.6073,1.5176,1.4448,1.3859,1.3383,1.2993,1.2673,1.2406,1.2183,1.1994,1.1833,1.1695,1.1575,0.899,0.8967,0.8967,0.9004,0.9101,0.928,0.954,0.9818,1.0021,1.0215,1.061,1.1293,1.2212,1.3322,1.466,1.6353,1.8543,2.1075,2.3044,2.3257,2.1799,1.9775,1.7938,1.6482,1.5372,1.4525,1.387,1.3357,1.2948,1.2618,1.2348,1.2125,1.1938,1.1781,1.1646,1.153,0.8799,0.8742,0.8704,0.8708,0.8792,0.9018,0.9441,0.9967,1.019,1.008,1.0301,1.1048,1.2125,1.3386,1.4871,1.6835,1.9722,2.3728,2.7302,2.7348,2.4322,2.0992,1.8449,1.6658,1.5392,1.4473,1.3787,1.3261,1.285,1.2523,1.2259,1.2043,1.1864,1.1714,1.1586,1.1476,0.8601,0.8501,0.8408,0.8348,0.8373,0.859,0.9186,1.0212,1.0653,0.992,0.9842,1.0741,1.2062,1.3471,1.4973,1.6908,2.0005,2.5065,3.035,3.0148,2.5523,2.1251,1.8361,1.6467,1.5181,1.4269,1.3599,1.3091,1.2698,1.2388,1.214,1.1939,1.1773,1.1635,1.1518,1.1416,0.8406,0.8254,0.809,0.7929,0.7809,0.7832,0.8215,0.9145,0.9577,0.8706,0.8882,1.0339,1.213,1.373,1.5107,1.6612,1.895,2.2912,2.7261,2.7292,2.357,2.0003,1.7531,1.5877,1.4736,1.3918,1.3313,1.2853,1.2498,1.2219,1.1997,1.1817,1.167,1.1547,1.1443,1.1352,0.8227,0.8022,0.7778,0.7491,0.7159,0.6794,0.6417,0.5999,0.533,0.5137,0.6931,0.9873,1.2559,1.4451,1.5599,1.6405,1.7458,1.9202,2.1074,2.1308,1.9744,1.7807,1.6208,1.501,1.4122,1.3457,1.2951,1.2563,1.2261,1.2024,1.1835,1.1684,1.156,1.1456,1.1367,1.1288,0.8079,0.7829,0.7515,0.7113,0.6583,0.5841,0.4656,0.2413,-0.1299,-0.1974,0.3689,0.9689,1.3769,1.6054,1.6847,1.6765,1.6566,1.6679,1.7007,1.7053,1.6541,1.57,1.4828,1.4064,1.3438,1.294,1.2548,1.2241,1.2002,1.1814,1.1666,1.1547,1.145,1.1367,1.1294,1.1228,0.7975,0.7697,0.7339,0.687,0.624,0.5359,0.3975,0.0843,-0.8575,-1.3199,0.093,1.074,1.6191,1.9032,1.9211,1.7783,1.6264,1.5264,1.4848,1.4725,1.4519,1.4134,1.366,1.3189,1.277,1.2419,1.2136,1.1913,1.174,1.1606,1.1502,1.1418,1.1349,1.1289,1.1233,1.1179,0.7923,0.7639,0.7273,0.6795,0.6171,0.5383,0.4507,0.3436,-0.2044,-0.5869,0.472,1.3502,1.9231,2.3472,2.2704,1.8968,1.5938,1.3996,1.3412,1.3419,1.3306,1.3059,1.2756,1.2447,1.2166,1.193,1.1743,1.16,1.1494,1.1415,1.1356,1.131,1.127,1.1231,1.119,1.1145,0.7922,0.7654,0.7313,0.6878,0.6324,0.5665,0.5053,0.4902,0.4484,0.4991,1.0283,1.6588,2.0269,2.5314,2.448,1.8872,1.5283,1.2648,1.2445,1.2697,1.2543,1.2315,1.2075,1.1844,1.1646,1.1495,1.1391,1.1324,1.1282,1.1259,1.1246,1.1237,1.1225,1.1206,1.1177,1.1137,0.7966,0.7731,0.7441,0.7083,0.6644,0.613,0.56,0.5228,0.5677,0.8004,1.2217,1.8719,2.0846,2.1491,1.9473,1.6984,1.5025,1.3149,1.2501,1.2225,1.2017,1.185,1.1611,1.1373,1.1209,1.1126,1.1101,1.1107,1.1128,1.1156,1.1188,1.1216,1.1232,1.1229,1.1204,1.1161,0.804,0.7848,0.7623,0.736,0.7064,0.6754,0.6502,0.6519,0.7258,0.8742,1.0447,1.3088,1.5352,1.4158,1.5895,1.5554,1.6316,1.3633,1.1947,1.1576,1.1969,1.1949,1.143,1.1019,1.0845,1.0836,1.09,1.0979,1.1055,1.1128,1.1203,1.127,1.1313,1.1319,1.1287,1.1226,0.8131,0.7984,0.7822,0.7651,0.7485,0.7358,0.734,0.7543,0.7975,0.8025,0.6411,0.8248,1.0205,1.2427,1.2806,1.3626,1.4714,1.1788,0.9894,1.0813,1.3562,1.311,1.1435,1.0671,1.053,1.0663,1.0847,1.0988,1.1091,1.1191,1.1307,1.1421,1.1494,1.1498,1.1438,1.1338,0.8225,0.8116,0.8006,0.7905,0.7828,0.7802,0.786,0.8013,0.813,0.7755,0.6533,0.7682,0.744,0.6929,0.8862,0.9213,0.8948,0.6668,0.5111,0.8271,1.3528,1.2875,1.078,1.0113,1.028,1.0723,1.106,1.1199,1.1257,1.1347,1.1507,1.1696,1.181,1.179,1.1664,1.1491,0.8309,0.823,0.8157,0.8099,0.8066,0.8073,0.8124,0.8198,0.8208,0.8038,0.7794,0.7651,0.6436,0.5693,0.4211,0.2864,0.3791,0.0977,-0.2699,0.2993,0.7777,0.9179,0.9046,0.9321,1.0232,1.1257,1.1713,1.166,1.1545,1.1568,1.1783,1.2099,1.2275,1.2188,1.194,1.1662,0.8379,0.832,0.8268,0.823,0.8212,0.8215,0.8235,0.8248,0.8209,0.8077,0.7831,0.7338,0.6262,0.3776,-0.3749,-0.6748,0.0119,0.0345,-0.1302,0.127,0.3992,0.5966,0.7087,0.842,1.0403,1.2309,1.2724,1.2247,1.1894,1.1796,1.2052,1.2536,1.2777,1.2578,1.218,1.1791,0.8432,0.8384,0.8342,0.831,0.8288,0.8273,0.8257,0.8219,0.8127,0.7939,0.7588,0.6919,0.5577,0.2613,-0.3087,-0.4839,-0.0174,0.128,0.0553,0.0224,0.2207,0.3667,0.4899,0.7037,1.0069,1.2567,1.3007,1.2732,1.2279,1.1978,1.2156,1.2694,1.2962,1.2707,1.2243,1.1808,0.8468,0.8425,0.8385,0.835,0.8317,0.8281,0.8231,0.8149,0.8007,0.7764,0.7351,0.6646,0.5442,0.349,0.1171,0.0431,0.1478,0.1923,0.1338,0.1062,0.1281,0.0675,0.1089,0.4262,0.8724,1.2274,1.4329,1.3947,1.2766,1.2078,1.2027,1.2386,1.2607,1.2432,1.2057,1.1677,0.8491,0.8448,0.8406,0.8363,0.8317,0.826,0.8183,0.8068,0.7892,0.7621,0.7205,0.6577,0.567,0.4506,0.3391,0.2828,0.2775,0.2607,0.2073,0.1217,-0.0936,-0.5222,-0.6235,-0.0462,0.6635,1.2303,1.5633,1.4669,1.2903,1.1979,1.174,1.1874,1.2004,1.1928,1.1698,1.1429,0.8503,0.8458,0.8411,0.836,0.8301,0.8228,0.813,0.7995,0.7802,0.7529,0.7146,0.6625,0.5959,0.5203,0.4497,0.3979,0.36,0.3133,0.233,0.0717,-0.3019,-0.9511,-1.1293,-0.3926,0.4286,1.0079,1.2991,1.3064,1.2174,1.1552,1.1335,1.1362,1.1429,1.1407,1.129,1.1126,0.8507,0.8459,0.8407,0.8349,0.8279,0.8194,0.8083,0.7937,0.7742,0.7483,0.7144,0.6717,0.621,0.5659,0.5123,0.4635,0.4154,0.3548,0.2594,0.0872,-0.2251,-0.6277,-0.705,-0.2503,0.3308,0.7723,1.0206,1.1036,1.1037,1.0888,1.0834,1.0873,1.0931,1.0945,1.09,1.0816]}]