docs/data/wind_grid.json
[{"header":{"la1":42.85,"la2":41.18,"lo1":11.55,"lo2":14.05,"nx":36,"ny":24,"dx":0.07143,"dy":0.07261,"parameterCategory":2,"parameterNumber":2,"parameterNumberName":"eastward_wind","parameterUnit":"m.s-1"},"data":[-0.6692,-0.6786,-0.6891,-0.7003,-0.7113,-0.7203,-0.725,-0.7228,-0.7117,-0.6919,-0.6652,-0.6348,-0.6041,-0.5752,-0.5497,-0.5283,-0.5111,-0.4984,-0.4904,-0.4868,-0.4872,-0.4905,-0.4957,-0.5016,-0.5074,-0.5127,-0.5172,-0.5209,-0.5239,-0.5262,-0.528,-0.5293,-0.5302,-0.5309,-0.5314,-0.5318,-0.675,-0.687,-0.7013,-0.7178,-0.7356,-0.7524,-0.7644,-0.7666,-0.7548,-0.7284,-0.6913,-0.6495,-0.6083,-0.571,-0.5392,-0.513,-0.4924,-0.4775,-0.4686,-0.4659,-0.4687,-0.4755,-0.4843,-0.4933,-0.5015,-0.5086,-0.5143,-0.5188,-0.5222,-0.5247,-0.5265,-0.5278,-0.5287,-0.5293,-0.5298,-0.5301,-0.6795,-0.6942,-0.7128,-0.736,-0.7635,-0.7932,-0.8192,-0.8316,-0.8203,-0.783,-0.7281,-0.668,-0.6118,-0.5637,-0.5242,-0.4927,-0.4679,-0.4497,-0.4392,-0.4378,-0.445,-0.4575,-0.4716,-0.4849,-0.4962,-0.5052,-0.5121,-0.5173,-0.521,-0.5236,-0.5254,-0.5266,-0.5273,-0.5278,-0.528,-0.5282,-0.6816,-0.6986,-0.7215,-0.7523,-0.793,-0.8431,-0.8958,-0.9319,-0.9253,-0.8673,-0.7795,-0.6897,-0.6125,-0.5508,-0.5031,-0.466,-0.4364,-0.4128,-0.3984,-0.3988,-0.4138,-0.4361,-0.4585,-0.4774,-0.4922,-0.5032,-0.5111,-0.5167,-0.5205,-0.523,-0.5246,-0.5255,-0.5259,-0.5261,-0.5262,-0.5262,-0.6804,-0.6986,-0.7246,-0.7626,-0.8182,-0.8976,-0.9991,-1.0911,-1.1019,-0.9988,-0.8463,-0.7096,-0.6052,-0.5287,-0.473,-0.432,-0.3982,-0.3656,-0.3409,-0.3432,-0.3737,-0.4129,-0.447,-0.4726,-0.4907,-0.5032,-0.5116,-0.5172,-0.5207,-0.5228,-0.524,-0.5244,-0.5245,-0.5243,-0.5241,-0.5238,-0.6752,-0.6926,-0.7189,-0.7605,-0.8279,-0.9387,-1.1134,-1.3261,-1.3914,-1.182,-0.9112,-0.7138,-0.5821,-0.4915,-0.4292,-0.3884,-0.3564,-0.3134,-0.2648,-0.269,-0.3297,-0.3943,-0.4415,-0.4728,-0.4929,-0.5058,-0.5139,-0.5189,-0.5217,-0.5231,-0.5236,-0.5234,-0.5229,-0.5222,-0.5216,-0.5211,-0.6657,-0.6796,-0.7022,-0.7405,-0.8082,-0.9311,-1.1582,-1.5159,-1.6759,-1.3026,-0.914,-0.6813,-0.5355,-0.4321,-0.3609,-0.3256,-0.3138,-0.2812,-0.2095,-0.2153,-0.31,-0.3944,-0.4483,-0.4806,-0.4998,-0.5113,-0.5181,-0.5217,-0.5234,-0.5237,-0.5232,-0.5222,-0.5209,-0.5197,-0.5186,-0.5178,-0.6525,-0.6602,-0.6741,-0.7015,-0.755,-0.8539,-1.0315,-1.3038,-1.4112,-1.1049,-0.7989,-0.607,-0.4672,-0.3436,-0.2428,-0.2098,-0.2506,-0.2859,-0.2615,-0.2733,-0.3537,-0.4258,-0.4707,-0.4966,-0.5112,-0.5194,-0.5237,-0.5255,-0.5255,-0.5244,-0.5227,-0.5205,-0.5184,-0.5164,-0.5148,-0.5137,-0.6373,-0.6364,-0.6369,-0.6472,-0.6814,-0.7447,-0.8265,-0.8986,-0.8826,-0.7622,-0.6368,-0.5229,-0.3968,-0.2285,-0.0206,0.0473,-0.1189,-0.2893,-0.3637,-0.3999,-0.4438,-0.4814,-0.505,-0.5182,-0.5254,-0.5291,-0.5303,-0.5297,-0.5278,-0.525,-0.5216,-0.5182,-0.5149,-0.5121,-0.51,-0.5085,-0.6231,-0.6127,-0.5958,-0.582,-0.6034,-0.6592,-0.6948,-0.6732,-0.584,-0.5224,-0.5177,-0.4672,-0.3596,-0.1437,0.3499,0.595,0.055,-0.3238,-0.4851,-0.5351,-0.5451,-0.5446,-0.542,-0.5402,-0.5394,-0.5388,-0.5372,-0.5342,-0.53,-0.525,-0.5198,-0.5147,-0.5101,-0.5063,-0.5036,-0.5019,-0.6134,-0.5965,-0.5648,-0.5228,-0.5367,-0.6202,-0.6612,-0.6193,-0.4323,-0.3409,-0.4594,-0.45,-0.3771,-0.2325,0.249,0.5923,-0.0713,-0.5314,-0.7143,-0.7101,-0.652,-0.6023,-0.5717,-0.5565,-0.5507,-0.548,-0.5444,-0.5388,-0.5318,-0.5242,-0.5166,-0.5094,-0.5033,-0.4984,-0.4951,-0.4933,-0.6103,-0.5946,-0.5662,-0.5303,-0.547,-0.6344,-0.7061,-0.7325,-0.5681,-0.44,-0.4811,-0.4582,-0.4127,-0.3975,-0.2974,-0.2286,-0.5336,-1.0452,-1.1788,-0.946,-0.7491,-0.6381,-0.5835,-0.5623,-0.5584,-0.5582,-0.5533,-0.544,-0.5331,-0.522,-0.5113,-0.5016,-0.4934,-0.4874,-0.4837,-0.4822,-0.6127,-0.6035,-0.5911,-0.5845,-0.6081,-0.6674,-0.7478,-0.8928,-0.7173,-0.5898,-0.5233,-0.4749,-0.424,-0.3996,-0.3687,-0.4757,-0.8484,-1.7812,-1.8015,-1.1186,-0.776,-0.625,-0.5667,-0.556,-0.5667,-0.5743,-0.5655,-0.5494,-0.533,-0.5175,-0.5029,-0.4898,-0.4792,-0.4719,-0.4681,-0.4675,-0.6172,-0.6141,-0.6126,-0.6182,-0.6382,-0.6732,-0.7141,-0.7215,-0.6923,-0.622,-0.5552,-0.4959,-0.4504,-0.1623,-0.3843,-0.5603,-0.822,-1.3477,-1.4194,-0.9586,-0.6584,-0.5324,-0.5121,-0.5372,-0.5756,-0.5929,-0.5753,-0.5511,-0.5295,-0.5091,-0.4896,-0.472,-0.4583,-0.4497,-0.4467,-0.4482,-0.6211,-0.6214,-0.624,-0.6311,-0.6445,-0.6628,-0.6797,-0.6835,-0.6693,-0.655,-0.6383,-0.555,-0.4188,-0.3039,-0.4311,-0.6508,-0.7901,-0.8335,-0.8324,-0.6174,-0.3743,-0.3248,-0.4103,-0.4976,-0.5578,-0.5795,-0.5665,-0.5445,-0.5208,-0.4953,-0.4691,-0.445,-0.4269,-0.4177,-0.4172,-0.4231,-0.6236,-0.6253,-0.6287,-0.6345,-0.6428,-0.6524,-0.6604,-0.6652,-0.6754,-0.7288,-0.8844,-0.6402,-0.5509,-0.4585,-0.5194,-0.6555,-0.7435,-0.6884,-0.5854,-0.3305,0.084,-0.001,-0.2915,-0.4509,-0.5242,-0.5509,-0.5506,-0.5347,-0.5085,-0.4754,-0.4386,-0.4035,-0.379,-0.3706,-0.3767,-0.3912,-0.6249,-0.6269,-0.63,-0.6343,-0.6398,-0.6457,-0.6517,-0.66,-0.6804,-0.7402,-0.855,-0.7087,-0.5626,-0.532,-0.5969,-0.6563,-0.6537,-0.5655,-0.4526,-0.2792,0.1438,0.0346,-0.284,-0.4481,-0.5235,-0.5567,-0.5597,-0.536,-0.497,-0.4498,-0.3948,-0.3398,-0.3047,-0.3019,-0.3231,-0.3531,-0.6254,-0.6274,-0.63,-0.6333,-0.6372,-0.6417,-0.647,-0.6551,-0.67,-0.6937,-0.7042,-0.6543,-0.5728,-0.5735,-0.739,-0.8089,-0.6827,-0.4439,-0.2536,-0.3952,-0.3124,-0.3008,-0.4088,-0.4992,-0.5638,-0.6185,-0.6222,-0.5585,-0.4865,-0.4193,-0.3373,-0.2454,-0.1932,-0.2083,-0.2594,-0.3132,-0.6254,-0.6272,-0.6295,-0.6322,-0.6353,-0.639,-0.6436,-0.6498,-0.658,-0.666,-0.6658,-0.6541,-0.6545,-0.7444,-1.0672,-1.1905,-0.8144,-0.537,-0.4343,-0.6628,-0.6078,-0.5429,-0.5419,-0.5622,-0.613,-0.7472,-0.7742,-0.5819,-0.4592,-0.387,-0.281,-0.1336,-0.0585,-0.1103,-0.2035,-0.283,-0.6253,-0.6269,-0.6289,-0.6313,-0.634,-0.6372,-0.6411,-0.6459,-0.6513,-0.6566,-0.6613,-0.6706,-0.7048,-0.8118,-1.0389,-1.1037,-0.8576,-0.7379,-0.9265,-1.0497,-0.799,-0.6956,-0.6554,-0.6103,-0.5914,-0.7337,-0.7711,-0.4428,-0.3754,-0.3653,-0.2713,-0.0925,-0.0027,-0.0765,-0.1888,-0.2773,-0.625,-0.6266,-0.6284,-0.6306,-0.6331,-0.636,-0.6395,-0.6438,-0.6488,-0.6549,-0.6637,-0.6804,-0.7154,-0.7812,-0.8631,-0.8784,-0.8125,-0.7897,-0.8771,-0.9193,-0.848,-0.8387,-0.8131,-0.6818,-0.4902,-0.2425,0.1727,0.0492,-0.2688,-0.3963,-0.3473,-0.2027,-0.1167,-0.1533,-0.2322,-0.3019,-0.6247,-0.6262,-0.628,-0.6301,-0.6325,-0.6353,-0.6387,-0.6428,-0.648,-0.6549,-0.6651,-0.6813,-0.7072,-0.7426,-0.7755,-0.7852,-0.7748,-0.7785,-0.8117,-0.8498,-0.9218,-1.0898,-1.126,-0.8506,-0.4735,0.0258,0.6183,0.237,-0.4138,-0.5767,-0.5017,-0.3758,-0.2915,-0.2795,-0.3086,-0.3469,-0.6244,-0.6259,-0.6276,-0.6296,-0.632,-0.6348,-0.6381,-0.6423,-0.6475,-0.6545,-0.6641,-0.6776,-0.6955,-0.7161,-0.7341,-0.7443,-0.7501,-0.7633,-0.7937,-0.855,-1.0012,-1.2809,-1.3633,-0.9984,-0.5762,-0.204,-0.0028,-0.3827,-0.9541,-0.8888,-0.6743,-0.5196,-0.4273,-0.3881,-0.384,-0.3964,-0.6241,-0.6256,-0.6273,-0.6293,-0.6316,-0.6343,-0.6376,-0.6417,-0.6468,-0.6533,-0.6617,-0.6725,-0.6853,-0.699,-0.7116,-0.7222,-0.7333,-0.7507,-0.783,-0.8458,-0.9663,-1.1321,-1.1588,-0.9354,-0.6534,-0.4483,-0.4243,-0.7023,-1.0316,-0.951,-0.7441,-0.5975,-0.5091,-0.462,-0.4427,-0.4397]},{"header":{"la1":42.85,"la2":41.18,"lo1":11.55,"lo2":14.05,"nx":36,"ny":24,"dx":0.07143,"dy":0.07261,"parameterCategory":2,"parameterNumber":3,"parameterNumberName":"northward_wind","parameterUnit":"m.s-1"},"data":[-0.6029,-0.6075,-0.6116,-0.6149,-0.6172,-0.6181,-0.6174,-0.6145,-0.6093,-0.6012,-0.5903,-0.5765,-0.5598,-0.5406,-0.519,-0.4958,-0.4721,-0.4493,-0.429,-0.4126,-0.4001,-0.3909,-0.3839,-0.3781,-0.3728,-0.3677,-0.3627,-0.3578,-0.3531,-0.3487,-0.3447,-0.341,-0.3377,-0.3348,-0.3323,-0.33,-0.6123,-0.618,-0.6232,-0.6277,-0.6311,-0.6332,-0.6335,-0.6315,-0.6265,-0.6183,-0.6064,-0.591,-0.5721,-0.5497,-0.524,-0.4955,-0.4656,-0.4368,-0.4121,-0.3938,-0.3821,-0.3752,-0.3707,-0.3671,-0.3634,-0.3593,-0.3549,-0.3504,-0.346,-0.3418,-0.3379,-0.3345,-0.3314,-0.3288,-0.3265,-0.3246,-0.6217,-0.6286,-0.6351,-0.6409,-0.6458,-0.6493,-0.6509,-0.65,-0.6458,-0.6375,-0.6249,-0.6079,-0.5866,-0.5608,-0.5301,-0.4944,-0.4552,-0.4166,-0.3847,-0.3645,-0.3558,-0.3541,-0.3546,-0.3546,-0.3531,-0.3503,-0.3466,-0.3424,-0.3383,-0.3343,-0.3307,-0.3275,-0.3248,-0.3225,-0.3205,-0.3189,-0.6311,-0.6393,-0.6472,-0.6545,-0.6609,-0.6659,-0.669,-0.6694,-0.6663,-0.6586,-0.6456,-0.6273,-0.6039,-0.5749,-0.5387,-0.4937,-0.44,-0.3839,-0.3388,-0.3172,-0.3173,-0.3269,-0.3361,-0.3412,-0.3425,-0.3409,-0.3378,-0.334,-0.33,-0.3263,-0.323,-0.3201,-0.3178,-0.3158,-0.3143,-0.3131,-0.6403,-0.6498,-0.6592,-0.6681,-0.6761,-0.6825,-0.6863,-0.6873,-0.6856,-0.6799,-0.6679,-0.6491,-0.6245,-0.5935,-0.5528,-0.497,-0.4216,-0.3328,-0.2602,-0.2396,-0.2628,-0.2947,-0.317,-0.3284,-0.3322,-0.3316,-0.3287,-0.325,-0.3212,-0.3177,-0.3147,-0.3122,-0.3104,-0.309,-0.308,-0.3073,-0.6489,-0.6599,-0.6709,-0.6815,-0.6913,-0.6987,-0.7011,-0.6978,-0.6956,-0.6971,-0.6908,-0.6735,-0.6491,-0.6188,-0.5772,-0.5129,-0.4108,-0.2665,-0.1354,-0.1241,-0.1989,-0.2653,-0.3021,-0.3182,-0.3231,-0.3224,-0.3193,-0.3154,-0.3116,-0.3084,-0.3058,-0.304,-0.3027,-0.302,-0.3016,-0.3015,-0.6568,-0.6692,-0.6818,-0.6944,-0.7066,-0.716,-0.7158,-0.6988,-0.6884,-0.7103,-0.7173,-0.7015,-0.678,-0.6529,-0.6188,-0.5557,-0.4365,-0.2384,-0.0315,-0.0352,-0.1665,-0.2561,-0.2971,-0.3122,-0.3153,-0.3131,-0.3092,-0.305,-0.3013,-0.2984,-0.2964,-0.2953,-0.2949,-0.295,-0.2954,-0.296,-0.6635,-0.6772,-0.6912,-0.7056,-0.7215,-0.7375,-0.7451,-0.7316,-0.7233,-0.7557,-0.7614,-0.7361,-0.7101,-0.697,-0.6863,-0.6413,-0.5265,-0.3383,-0.149,-0.1295,-0.2164,-0.2773,-0.3028,-0.3094,-0.3078,-0.3032,-0.2981,-0.2935,-0.29,-0.2877,-0.2865,-0.2864,-0.2871,-0.2883,-0.2897,-0.2911,-0.6686,-0.6834,-0.6977,-0.7123,-0.7318,-0.7605,-0.7946,-0.8283,-0.8649,-0.883,-0.8407,-0.7759,-0.738,-0.7471,-0.7962,-0.7937,-0.6655,-0.4951,-0.3579,-0.3008,-0.3018,-0.3104,-0.311,-0.3058,-0.2986,-0.2915,-0.2855,-0.2809,-0.2778,-0.2763,-0.2763,-0.2775,-0.2796,-0.2822,-0.2848,-0.2871,-0.6715,-0.687,-0.7002,-0.71,-0.7283,-0.7739,-0.8441,-0.9478,-1.1012,-1.1414,-0.964,-0.8083,-0.7451,-0.7778,-0.9613,-1.0595,-0.7978,-0.5871,-0.4626,-0.3917,-0.353,-0.3291,-0.311,-0.2967,-0.2857,-0.2777,-0.2717,-0.2674,-0.2649,-0.2644,-0.2659,-0.2689,-0.273,-0.2773,-0.2814,-0.2847,-0.6715,-0.6877,-0.6995,-0.7003,-0.7094,-0.7752,-0.8744,-1.0181,-1.3856,-1.5755,-1.0705,-0.8028,-0.7149,-0.7279,-0.9188,-1.0629,-0.7731,-0.5773,-0.4745,-0.4106,-0.3619,-0.3242,-0.2971,-0.2796,-0.2695,-0.2634,-0.2584,-0.2541,-0.2517,-0.2522,-0.2557,-0.2614,-0.2681,-0.2747,-0.2805,-0.2849,-0.668,-0.6846,-0.6978,-0.7015,-0.7137,-0.7841,-0.8959,-1.0065,-1.1417,-1.2869,-0.9477,-0.7433,-0.6657,-0.6219,-0.6878,-0.7143,-0.6149,-0.4946,-0.4374,-0.3929,-0.3405,-0.2961,-0.268,-0.2558,-0.2548,-0.2553,-0.2504,-0.243,-0.2388,-0.24,-0.2463,-0.2558,-0.2663,-0.276,-0.2837,-0.2888,-0.6603,-0.6766,-0.6921,-0.706,-0.7287,-0.7808,-0.8757,-1.2389,-0.7618,-0.8381,-0.756,-0.6828,-0.6572,-0.6382,-0.6859,-0.6017,-0.5089,-0.421,-0.4074,-0.3609,-0.2913,-0.2406,-0.2212,-0.2291,-0.2536,-0.2679,-0.2545,-0.2348,-0.2252,-0.2274,-0.2383,-0.2539,-0.2702,-0.2839,-0.2935,-0.2985,-0.6487,-0.6634,-0.6784,-0.6941,-0.7138,-0.7394,-0.7475,-0.6088,-0.618,-0.6773,-0.6447,-0.6592,-0.68,-0.7593,-0.6226,-0.5133,-0.4212,-0.3992,-0.3768,-0.2928,-0.1889,-0.1366,-0.1472,-0.1951,-0.2651,-0.3002,-0.2628,-0.2223,-0.2071,-0.2133,-0.2333,-0.2594,-0.2844,-0.3032,-0.3137,-0.3167,-0.634,-0.6462,-0.6584,-0.6704,-0.682,-0.6903,-0.6834,-0.6511,-0.6213,-0.5774,-0.5304,-0.5408,-0.5699,-0.5119,-0.5414,-0.3823,-0.2405,-0.3276,-0.2968,-0.1513,0.0365,0.0666,-0.0284,-0.1296,-0.2213,-0.2641,-0.2275,-0.1871,-0.178,-0.1971,-0.2347,-0.2791,-0.3176,-0.3418,-0.3501,-0.3468,-0.6175,-0.6267,-0.6352,-0.6423,-0.6469,-0.6461,-0.635,-0.609,-0.5632,-0.483,-0.3669,-0.4103,-0.4536,-0.4896,-0.4687,-0.3676,-0.279,-0.3156,-0.2495,0.0247,0.4721,0.3914,0.1094,-0.0399,-0.1145,-0.1432,-0.1321,-0.1196,-0.1342,-0.1801,-0.25,-0.3265,-0.3859,-0.413,-0.4109,-0.3922,-0.6001,-0.6063,-0.6114,-0.6143,-0.6138,-0.6077,-0.593,-0.5659,-0.5215,-0.4531,-0.3727,-0.399,-0.3821,-0.3619,-0.4101,-0.3887,-0.3657,-0.3762,-0.3356,-0.0223,0.5271,0.4306,0.144,0.0222,-0.0131,-0.0131,-0.0091,-0.0261,-0.0759,-0.1648,-0.2908,-0.4256,-0.5169,-0.536,-0.5035,-0.4535,-0.5826,-0.5863,-0.5884,-0.5882,-0.5845,-0.5757,-0.5601,-0.5359,-0.5022,-0.462,-0.4285,-0.4102,-0.363,-0.3469,-0.3716,-0.3656,-0.3848,-0.493,-0.6326,-0.2954,0.0381,0.1249,0.077,0.0546,0.0769,0.12,0.1311,0.086,-0.0036,-0.1494,-0.366,-0.608,-0.7464,-0.7249,-0.6248,-0.5228,-0.5655,-0.5671,-0.5671,-0.5647,-0.5591,-0.5495,-0.5348,-0.5147,-0.4899,-0.4633,-0.4389,-0.4163,-0.3908,-0.3688,-0.3292,-0.3129,-0.3603,-0.4491,-0.5108,-0.2942,-0.1374,-0.0185,0.0445,0.0931,0.1604,0.2416,0.2585,0.1941,0.0807,-0.1172,-0.4492,-0.858,-1.0537,-0.9387,-0.7374,-0.5762,-0.5492,-0.5492,-0.5476,-0.5438,-0.5373,-0.5275,-0.5142,-0.4974,-0.4779,-0.4571,-0.4363,-0.4153,-0.3926,-0.3654,-0.3298,-0.3178,-0.3305,-0.3235,-0.2406,-0.1971,-0.1364,-0.0076,0.0897,0.1541,0.2206,0.2816,0.2935,0.2807,0.1825,-0.0307,-0.427,-0.9526,-1.1877,-1.0133,-0.7632,-0.5802,-0.5338,-0.5325,-0.5298,-0.5251,-0.5181,-0.5086,-0.4965,-0.4819,-0.4652,-0.4473,-0.4285,-0.4086,-0.387,-0.3632,-0.3399,-0.3227,-0.3032,-0.2663,-0.2134,-0.1664,-0.0457,0.1351,0.24,0.2554,0.2843,0.3636,0.4736,0.4363,0.3226,0.1402,-0.2076,-0.6629,-0.904,-0.8285,-0.6593,-0.5199,-0.5193,-0.5171,-0.5135,-0.5082,-0.501,-0.4918,-0.4805,-0.4672,-0.4522,-0.4357,-0.418,-0.3989,-0.3781,-0.3559,-0.3327,-0.3074,-0.2742,-0.2268,-0.1627,-0.0613,0.1464,0.4502,0.551,0.4104,0.3521,0.4422,0.5857,0.535,0.5045,0.3986,0.11,-0.244,-0.4788,-0.5296,-0.4825,-0.4171,-0.5057,-0.5028,-0.4986,-0.4929,-0.4855,-0.4765,-0.4657,-0.4531,-0.439,-0.4234,-0.4063,-0.3875,-0.3668,-0.3439,-0.3181,-0.2869,-0.2459,-0.1891,-0.1053,0.036,0.2984,0.6779,0.7759,0.5179,0.3841,0.4172,0.498,0.5956,0.7988,0.6949,0.3729,0.0549,-0.1701,-0.2818,-0.3137,-0.3085,-0.4931,-0.4895,-0.4848,-0.4788,-0.4713,-0.4624,-0.4518,-0.4397,-0.4261,-0.4109,-0.394,-0.3752,-0.3542,-0.3302,-0.302,-0.2672,-0.222,-0.1601,-0.0706,0.0676,0.2786,0.5189,0.5854,0.4555,0.3659,0.3802,0.4618,0.631,0.8365,0.7421,0.4612,0.1959,-0.0005,-0.1235,-0.1886,-0.2178]}]