docs/data/wind_grid.json
[{"header":{"la1":42.85,"la2":41.18,"lo1":11.55,"lo2":14.05,"nx":36,"ny":24,"dx":0.07143,"dy":0.07261,"parameterCategory":2,"parameterNumber":2,"parameterNumberName":"eastward_wind","parameterUnit":"m.s-1"},"data":[-0.479,-0.4847,-0.4892,-0.4926,-0.4945,-0.4946,-0.4921,-0.486,-0.4759,-0.4618,-0.4453,-0.4282,-0.4125,-0.3995,-0.3896,-0.3829,-0.3786,-0.3756,-0.373,-0.3699,-0.3663,-0.3628,-0.3602,-0.3588,-0.3581,-0.3572,-0.3557,-0.3534,-0.3505,-0.3472,-0.3436,-0.3401,-0.3366,-0.3333,-0.3302,-0.3273,-0.4946,-0.502,-0.5083,-0.5135,-0.5174,-0.5199,-0.5196,-0.5145,-0.5028,-0.4843,-0.4615,-0.438,-0.4171,-0.4006,-0.3891,-0.3822,-0.3788,-0.3769,-0.3748,-0.3708,-0.3651,-0.3594,-0.3562,-0.3562,-0.3576,-0.3584,-0.3577,-0.3556,-0.3524,-0.3487,-0.3447,-0.3407,-0.3369,-0.3333,-0.33,-0.3269,-0.5122,-0.522,-0.5304,-0.5376,-0.5444,-0.551,-0.5558,-0.5546,-0.5419,-0.5165,-0.4831,-0.4494,-0.4207,-0.3995,-0.3863,-0.3799,-0.3784,-0.3789,-0.3778,-0.372,-0.3608,-0.3491,-0.3449,-0.349,-0.3555,-0.3596,-0.3602,-0.3582,-0.3546,-0.3503,-0.3457,-0.3412,-0.337,-0.3331,-0.3296,-0.3264,-0.5323,-0.5451,-0.556,-0.5653,-0.5752,-0.5883,-0.6042,-0.6142,-0.6032,-0.5652,-0.5125,-0.4617,-0.4217,-0.3946,-0.3796,-0.3749,-0.3774,-0.3823,-0.3838,-0.3752,-0.351,-0.3222,-0.317,-0.3346,-0.3526,-0.362,-0.364,-0.3617,-0.3572,-0.3519,-0.3466,-0.3415,-0.3369,-0.3327,-0.329,-0.3257,-0.5553,-0.5726,-0.5867,-0.5973,-0.6087,-0.6298,-0.6672,-0.7078,-0.7073,-0.6419,-0.5504,-0.4722,-0.4172,-0.3831,-0.3668,-0.3654,-0.3747,-0.3876,-0.3949,-0.3862,-0.3388,-0.2624,-0.2615,-0.3162,-0.3538,-0.3684,-0.3701,-0.3661,-0.3599,-0.3533,-0.3471,-0.3414,-0.3364,-0.332,-0.3281,-0.3247,-0.5815,-0.6063,-0.6259,-0.6366,-0.6435,-0.6674,-0.7367,-0.8503,-0.8876,-0.7531,-0.5879,-0.4732,-0.4023,-0.3612,-0.3436,-0.3474,-0.3682,-0.3937,-0.4072,-0.4094,-0.3619,-0.2211,-0.2303,-0.325,-0.3707,-0.3819,-0.3789,-0.3711,-0.3624,-0.3542,-0.347,-0.3408,-0.3354,-0.3308,-0.3269,-0.3234,-0.6098,-0.6476,-0.6804,-0.6924,-0.6821,-0.6881,-0.7702,-0.9729,-1.0796,-0.8306,-0.5897,-0.4524,-0.3723,-0.3241,-0.3027,-0.3123,-0.3509,-0.397,-0.4058,-0.4177,-0.4732,-0.4032,-0.371,-0.4008,-0.41,-0.4021,-0.3888,-0.3754,-0.3638,-0.354,-0.346,-0.3394,-0.3339,-0.3292,-0.3253,-0.3219,-0.6354,-0.692,-0.7544,-0.7817,-0.735,-0.6894,-0.7193,-0.8474,-0.9068,-0.7119,-0.5224,-0.4059,-0.3273,-0.2672,-0.2293,-0.2397,-0.3073,-0.3935,-0.447,-0.5346,-0.7535,-0.7525,-0.6015,-0.5078,-0.4558,-0.4211,-0.3958,-0.377,-0.3629,-0.3522,-0.3438,-0.3371,-0.3317,-0.3272,-0.3234,-0.3202,-0.6488,-0.7188,-0.8149,-0.8812,-0.7839,-0.6814,-0.6397,-0.6331,-0.5996,-0.5134,-0.4267,-0.3509,-0.277,-0.1912,-0.0921,-0.0788,-0.216,-0.376,-0.5179,-0.7574,-1.2029,-1.1168,-0.7648,-0.5756,-0.481,-0.4278,-0.395,-0.3736,-0.3589,-0.3483,-0.3403,-0.334,-0.329,-0.3248,-0.3212,-0.3182,-0.6433,-0.7067,-0.7805,-0.8198,-0.754,-0.6649,-0.592,-0.5228,-0.4305,-0.3711,-0.3532,-0.3083,-0.2391,-0.1251,0.1402,0.2792,-0.0982,-0.3724,-0.5469,-0.7517,-1.0401,-0.9961,-0.7372,-0.5653,-0.4699,-0.4156,-0.3837,-0.3642,-0.3514,-0.3424,-0.3357,-0.3303,-0.3258,-0.322,-0.3188,-0.316,-0.6232,-0.6751,-0.7288,-0.7756,-0.7575,-0.6596,-0.5885,-0.5117,-0.3286,-0.2427,-0.3143,-0.2851,-0.2229,-0.1372,0.1004,0.2819,-0.1702,-0.4817,-0.6271,-0.6828,-0.7326,-0.7077,-0.6012,-0.4984,-0.428,-0.3861,-0.3629,-0.3498,-0.3415,-0.3354,-0.3306,-0.3263,-0.3225,-0.3192,-0.3162,-0.3137,-0.5946,-0.6391,-0.6936,-0.7551,-0.7355,-0.6484,-0.6352,-0.6474,-0.4735,-0.3268,-0.3233,-0.2785,-0.2133,-0.1432,-0.1462,-0.2062,-0.4498,-0.8361,-0.9416,-0.755,-0.6272,-0.5517,-0.4823,-0.4192,-0.3727,-0.347,-0.337,-0.3334,-0.3311,-0.3287,-0.3258,-0.3226,-0.3193,-0.3162,-0.3135,-0.3112,-0.5592,-0.5926,-0.6285,-0.654,-0.641,-0.6228,-0.6806,-0.7992,-0.6816,-0.4498,-0.3363,-0.2964,-0.2435,-0.1284,-0.179,-0.3635,-0.6342,-1.507,-1.5405,-0.8587,-0.5739,-0.4524,-0.3899,-0.35,-0.3224,-0.3107,-0.3137,-0.3195,-0.323,-0.3238,-0.3225,-0.3197,-0.3164,-0.3131,-0.3103,-0.3083,-0.5203,-0.5417,-0.5605,-0.5701,-0.5691,-0.5799,-0.6346,-0.7137,-0.6355,-0.4259,-0.314,-0.3294,-0.3335,-0.2031,-0.302,-0.4727,-0.6035,-1.0384,-1.122,-0.6963,-0.4417,-0.333,-0.3001,-0.2958,-0.2965,-0.2949,-0.3016,-0.3125,-0.3201,-0.3229,-0.3216,-0.3179,-0.3133,-0.3092,-0.3063,-0.3046,-0.4818,-0.494,-0.5029,-0.5068,-0.5078,-0.5146,-0.5315,-0.5319,-0.4549,-0.3259,-0.2447,-0.2349,-0.2069,-0.1135,-0.3306,-0.519,-0.9389,-0.6834,-0.5732,-0.3812,-0.2035,-0.1568,-0.1944,-0.2431,-0.2804,-0.2936,-0.3019,-0.3158,-0.3255,-0.3278,-0.3238,-0.3163,-0.3086,-0.303,-0.3002,-0.2995,-0.4458,-0.4515,-0.4542,-0.4533,-0.4496,-0.4442,-0.4328,-0.4001,-0.3291,-0.2297,-0.1351,-0.1837,-0.1699,-0.1591,-0.2636,-0.5045,-0.7606,-0.4795,-0.2725,-0.1015,0.0961,0.0569,-0.0841,-0.1839,-0.2517,-0.2912,-0.3169,-0.3359,-0.3441,-0.3407,-0.3285,-0.3123,-0.2985,-0.2911,-0.2899,-0.2919,-0.413,-0.4139,-0.412,-0.4065,-0.3971,-0.3826,-0.3588,-0.3194,-0.2607,-0.1896,-0.1296,-0.1321,-0.039,0.0167,-0.0626,-0.1437,-0.1979,-0.0787,0.0614,0.0884,0.1584,0.1146,-0.0225,-0.1431,-0.2444,-0.3213,-0.3675,-0.3847,-0.3813,-0.363,-0.3328,-0.2988,-0.2746,-0.2676,-0.2727,-0.2813,-0.3834,-0.3807,-0.3751,-0.3659,-0.3523,-0.333,-0.3055,-0.268,-0.221,-0.1709,-0.1264,-0.0727,0.035,0.1097,0.3359,0.4461,0.2605,0.2985,0.4462,0.3001,0.1948,0.1163,0.0095,-0.128,-0.2825,-0.419,-0.4792,-0.4705,-0.4397,-0.3949,-0.3321,-0.2631,-0.2228,-0.2256,-0.2478,-0.2688,-0.3569,-0.3514,-0.3431,-0.3313,-0.3151,-0.2937,-0.2658,-0.2308,-0.1896,-0.1437,-0.0913,-0.0185,0.1002,0.3684,1.2095,1.5669,0.671,0.447,0.5121,0.576,0.3967,0.2224,0.0733,-0.112,-0.3501,-0.5798,-0.6343,-0.575,-0.5156,-0.4395,-0.3293,-0.2012,-0.1404,-0.1717,-0.2231,-0.2596,-0.3333,-0.3258,-0.3156,-0.302,-0.2844,-0.2622,-0.2346,-0.2013,-0.1618,-0.1151,-0.0559,0.0298,0.1772,0.4901,1.1233,1.3237,0.7399,0.5617,0.8588,1.0308,0.6012,0.3705,0.2019,-0.0403,-0.3609,-0.6314,-0.6835,-0.675,-0.6123,-0.5106,-0.3595,-0.1782,-0.1003,-0.1527,-0.22,-0.2623,-0.3126,-0.3036,-0.292,-0.2774,-0.2591,-0.2367,-0.2097,-0.1773,-0.1387,-0.0917,-0.031,0.0541,0.1844,0.3874,0.6297,0.7005,0.5755,0.5482,0.7114,0.7805,0.6374,0.5948,0.4993,0.167,-0.2815,-0.6706,-0.9507,-0.8941,-0.7458,-0.6259,-0.4654,-0.285,-0.1943,-0.2113,-0.2525,-0.2811,-0.2944,-0.2844,-0.272,-0.2568,-0.2383,-0.2162,-0.1898,-0.1586,-0.1214,-0.0762,-0.0194,0.0546,0.1523,0.2719,0.3836,0.4361,0.4372,0.4619,0.5358,0.6108,0.7528,1.107,1.1819,0.5764,-0.1306,-0.731,-1.1661,-1.0245,-0.8878,-0.7995,-0.6272,-0.45,-0.3413,-0.3065,-0.3053,-0.3102,-0.2786,-0.268,-0.2551,-0.2397,-0.2214,-0.1998,-0.1744,-0.1447,-0.1097,-0.0681,-0.018,0.0427,0.1142,0.1913,0.2603,0.3081,0.3412,0.3837,0.4545,0.5839,0.897,1.5348,1.7313,0.8993,0.0561,-0.5294,-0.8513,-0.9494,-1.1076,-1.0198,-0.7773,-0.5772,-0.4511,-0.3851,-0.3541,-0.339,-0.265,-0.254,-0.241,-0.2256,-0.2077,-0.1869,-0.1629,-0.1351,-0.1029,-0.0657,-0.0226,0.0266,0.0808,0.1363,0.1876,0.2313,0.2718,0.321,0.3964,0.5327,0.7967,1.1754,1.2395,0.7311,0.119,-0.3461,-0.6562,-0.9101,-1.1343,-1.049,-0.8163,-0.6284,-0.5051,-0.4303,-0.3863,-0.3599]},{"header":{"la1":42.85,"la2":41.18,"lo1":11.55,"lo2":14.05,"nx":36,"ny":24,"dx":0.07143,"dy":0.07261,"parameterCategory":2,"parameterNumber":3,"parameterNumberName":"northward_wind","parameterUnit":"m.s-1"},"data":[-0.5924,-0.5903,-0.5866,-0.5811,-0.574,-0.5652,-0.5551,-0.5439,-0.5314,-0.5174,-0.5012,-0.4821,-0.4597,-0.4339,-0.4049,-0.3737,-0.3416,-0.3106,-0.2829,-0.2601,-0.2434,-0.2336,-0.2308,-0.2341,-0.242,-0.2524,-0.2638,-0.2753,-0.2861,-0.2961,-0.3053,-0.3136,-0.3212,-0.3281,-0.3343,-0.3401,-0.6041,-0.6026,-0.5991,-0.5934,-0.5854,-0.5754,-0.5641,-0.5519,-0.5393,-0.5255,-0.5093,-0.4894,-0.465,-0.4356,-0.4016,-0.3637,-0.3238,-0.2849,-0.2505,-0.2232,-0.2041,-0.1939,-0.1933,-0.2013,-0.215,-0.231,-0.2471,-0.2621,-0.2757,-0.2878,-0.2985,-0.308,-0.3165,-0.3241,-0.331,-0.3372,-0.6172,-0.6166,-0.6134,-0.6073,-0.5979,-0.5856,-0.5718,-0.558,-0.5453,-0.5329,-0.5182,-0.4986,-0.4727,-0.4397,-0.3997,-0.3532,-0.3024,-0.252,-0.2087,-0.1765,-0.1553,-0.1446,-0.1473,-0.1629,-0.1853,-0.2089,-0.2307,-0.2498,-0.2662,-0.2803,-0.2925,-0.3031,-0.3125,-0.3207,-0.3281,-0.3348,-0.6318,-0.6327,-0.6303,-0.6236,-0.612,-0.5956,-0.5763,-0.5582,-0.5455,-0.5373,-0.5274,-0.5103,-0.4838,-0.4476,-0.401,-0.3436,-0.2768,-0.208,-0.1514,-0.1171,-0.098,-0.0859,-0.0922,-0.1201,-0.1554,-0.1884,-0.2163,-0.2393,-0.2584,-0.2743,-0.2877,-0.2992,-0.3092,-0.318,-0.3259,-0.3329,-0.648,-0.6514,-0.6508,-0.6441,-0.6293,-0.6057,-0.5748,-0.5446,-0.5302,-0.5337,-0.5362,-0.5251,-0.4996,-0.4611,-0.4085,-0.3385,-0.2484,-0.1461,-0.0631,-0.0367,-0.0405,-0.0275,-0.0354,-0.0811,-0.131,-0.1727,-0.2057,-0.2318,-0.2528,-0.27,-0.2842,-0.2964,-0.3069,-0.3161,-0.3243,-0.3316,-0.6657,-0.6733,-0.6765,-0.6711,-0.6531,-0.6199,-0.5679,-0.5044,-0.4797,-0.516,-0.5463,-0.5452,-0.5216,-0.4825,-0.4268,-0.3461,-0.2278,-0.0653,0.0901,0.0949,0.009,-0.0045,-0.0117,-0.0642,-0.1197,-0.1651,-0.2006,-0.2282,-0.25,-0.2677,-0.2823,-0.2948,-0.3056,-0.315,-0.3235,-0.331,-0.6837,-0.6976,-0.7085,-0.7077,-0.6876,-0.6469,-0.5754,-0.4599,-0.4065,-0.5048,-0.57,-0.5747,-0.551,-0.5138,-0.4614,-0.3794,-0.2435,-0.0237,0.2477,0.2354,0.0593,-0.0006,-0.0273,-0.0712,-0.122,-0.1662,-0.2012,-0.2285,-0.25,-0.2674,-0.2819,-0.2944,-0.3052,-0.3148,-0.3234,-0.3311,-0.6992,-0.721,-0.7451,-0.755,-0.7309,-0.6899,-0.6326,-0.5417,-0.5004,-0.583,-0.6284,-0.6171,-0.5869,-0.5551,-0.5177,-0.4497,-0.3206,-0.1207,0.0918,0.1241,0.1037,0.0719,-0.0083,-0.0761,-0.1307,-0.1739,-0.207,-0.2324,-0.2525,-0.2689,-0.2828,-0.295,-0.3058,-0.3155,-0.3242,-0.332,-0.7084,-0.7344,-0.7708,-0.7967,-0.7617,-0.7313,-0.7181,-0.7118,-0.7284,-0.7518,-0.7245,-0.669,-0.6238,-0.6029,-0.6046,-0.5709,-0.4391,-0.2645,-0.1022,0.044,0.253,0.208,0.0247,-0.0825,-0.1453,-0.1871,-0.2168,-0.2391,-0.2568,-0.2717,-0.2847,-0.2965,-0.3073,-0.317,-0.3259,-0.3338,-0.7095,-0.7305,-0.7548,-0.7683,-0.7496,-0.7562,-0.7915,-0.8599,-0.9747,-1.0024,-0.8512,-0.7171,-0.6513,-0.6433,-0.7292,-0.7819,-0.5507,-0.3544,-0.2055,-0.0438,0.1455,0.1252,-0.0184,-0.1139,-0.1701,-0.2056,-0.2297,-0.2474,-0.262,-0.275,-0.2872,-0.2987,-0.3096,-0.3196,-0.3286,-0.3366,-0.7056,-0.719,-0.7233,-0.7055,-0.7135,-0.7701,-0.8449,-0.9531,-1.2322,-1.3822,-0.9579,-0.7355,-0.6633,-0.6572,-0.7225,-0.7878,-0.5347,-0.3624,-0.2583,-0.1661,-0.0822,-0.0679,-0.1141,-0.1648,-0.2024,-0.2275,-0.2438,-0.2558,-0.2668,-0.278,-0.2897,-0.3014,-0.3128,-0.3234,-0.3327,-0.3408,-0.7007,-0.7116,-0.715,-0.7058,-0.7196,-0.794,-0.888,-0.9625,-1.0843,-1.1678,-0.8806,-0.707,-0.6695,-0.7162,-0.6537,-0.5302,-0.397,-0.2938,-0.2495,-0.2209,-0.1882,-0.1742,-0.1854,-0.2096,-0.2339,-0.25,-0.2575,-0.2627,-0.27,-0.2799,-0.2919,-0.3047,-0.3174,-0.3289,-0.3389,-0.347,-0.6958,-0.7073,-0.7171,-0.7272,-0.7547,-0.82,-0.9145,-0.9909,-0.9598,-0.8816,-0.7505,-0.6648,-0.6492,-0.7473,-0.6442,-0.356,-0.2469,-0.2118,-0.211,-0.2239,-0.2167,-0.2109,-0.2175,-0.2361,-0.26,-0.2732,-0.2699,-0.2664,-0.27,-0.2799,-0.2937,-0.3092,-0.3243,-0.3375,-0.348,-0.3558,-0.6899,-0.7022,-0.7157,-0.7334,-0.763,-0.8131,-0.8817,-0.9423,-0.9045,-0.7812,-0.6793,-0.6517,-0.6446,-0.5833,-0.3663,-0.0295,-0.04,-0.1503,-0.1965,-0.2107,-0.2047,-0.2026,-0.2174,-0.243,-0.2762,-0.2934,-0.277,-0.2637,-0.2649,-0.2771,-0.2956,-0.3164,-0.3356,-0.351,-0.3618,-0.3686,-0.6826,-0.6944,-0.7079,-0.725,-0.7482,-0.7791,-0.812,-0.8255,-0.7846,-0.7043,-0.6373,-0.5825,-0.4811,-0.2269,-0.2398,0.0709,0.3683,-0.0108,-0.1678,-0.1829,-0.1362,-0.1373,-0.1871,-0.2293,-0.2619,-0.2776,-0.2613,-0.2468,-0.2509,-0.2706,-0.2991,-0.3295,-0.3555,-0.3735,-0.3831,-0.3867,-0.6738,-0.6842,-0.6957,-0.7088,-0.7238,-0.7389,-0.7483,-0.7408,-0.7082,-0.6662,-0.6593,-0.5305,-0.5214,-0.449,-0.3267,-0.0513,0.1964,-0.0711,-0.204,-0.1471,0.0664,0.0147,-0.1409,-0.2052,-0.2217,-0.2201,-0.2075,-0.2039,-0.2226,-0.26,-0.3077,-0.3553,-0.3918,-0.4111,-0.4157,-0.412,-0.6641,-0.6726,-0.6814,-0.6904,-0.6989,-0.7047,-0.7044,-0.6939,-0.6735,-0.6547,-0.6565,-0.6174,-0.7326,-0.7918,-0.5396,-0.373,-0.2745,-0.3069,-0.3348,-0.2127,0.0895,0.0233,-0.1485,-0.1928,-0.168,-0.1233,-0.1004,-0.1209,-0.1743,-0.2463,-0.3283,-0.4067,-0.4586,-0.4735,-0.4632,-0.4446,-0.6542,-0.6608,-0.6672,-0.673,-0.6773,-0.6789,-0.6761,-0.6682,-0.657,-0.6481,-0.6471,-0.6716,-0.8059,-0.8511,-0.7896,-0.7561,-0.5715,-0.4801,-0.4821,-0.4021,-0.2554,-0.2107,-0.2308,-0.1957,-0.0845,0.059,0.1044,0.016,-0.1071,-0.2326,-0.3685,-0.5007,-0.5744,-0.5679,-0.5243,-0.4811,-0.6444,-0.6494,-0.654,-0.6576,-0.6598,-0.6599,-0.6574,-0.6527,-0.6476,-0.6459,-0.6534,-0.6821,-0.7445,-0.8508,-1.2292,-1.4017,-0.8238,-0.5745,-0.5377,-0.5732,-0.4814,-0.3961,-0.3316,-0.2141,0.0175,0.351,0.4267,0.1723,-0.0429,-0.2206,-0.4186,-0.6302,-0.7293,-0.6745,-0.5816,-0.5107,-0.6351,-0.6389,-0.6421,-0.6445,-0.6458,-0.6456,-0.6441,-0.642,-0.641,-0.6438,-0.6552,-0.6824,-0.7392,-0.8711,-1.1736,-1.2609,-0.871,-0.6698,-0.7195,-0.7753,-0.6239,-0.5437,-0.4624,-0.2914,0.0078,0.4056,0.4915,0.1915,-0.0198,-0.2036,-0.425,-0.6824,-0.7963,-0.7134,-0.5987,-0.5185,-0.6264,-0.6294,-0.6317,-0.6334,-0.6343,-0.6343,-0.6338,-0.6336,-0.6349,-0.6399,-0.6518,-0.6759,-0.7206,-0.7993,-0.898,-0.902,-0.7803,-0.6913,-0.7003,-0.7175,-0.7064,-0.7495,-0.7146,-0.486,-0.1558,0.1118,0.1768,0.1126,-0.0292,-0.1768,-0.3543,-0.5595,-0.6672,-0.6333,-0.5589,-0.4992,-0.6184,-0.6207,-0.6225,-0.6238,-0.6246,-0.6249,-0.6251,-0.6259,-0.6283,-0.6337,-0.6442,-0.6624,-0.6907,-0.7282,-0.7591,-0.7544,-0.7148,-0.6832,-0.6882,-0.7321,-0.8715,-1.1658,-1.2346,-0.8159,-0.3462,-0.009,0.1745,0.0916,-0.0604,-0.1513,-0.2652,-0.4016,-0.4939,-0.5125,-0.4914,-0.4634,-0.6111,-0.6129,-0.6144,-0.6154,-0.6161,-0.6166,-0.6172,-0.6185,-0.621,-0.6258,-0.6339,-0.6462,-0.6625,-0.68,-0.6913,-0.6894,-0.678,-0.6744,-0.6991,-0.785,-1.0218,-1.4905,-1.6322,-1.0615,-0.5112,-0.1689,-0.0158,-0.0488,-0.1037,-0.1286,-0.208,-0.3069,-0.3836,-0.4219,-0.4312,-0.427,-0.6043,-0.6058,-0.607,-0.6078,-0.6085,-0.6091,-0.6098,-0.6111,-0.6134,-0.6172,-0.6229,-0.6306,-0.6398,-0.6485,-0.6539,-0.655,-0.6555,-0.6653,-0.7004,-0.7889,-0.9765,-1.2466,-1.2966,-0.9611,-0.5738,-0.3074,-0.1708,-0.1278,-0.1109,-0.1301,-0.1957,-0.2703,-0.3311,-0.3704,-0.3907,-0.3989]}]