docs/data/wind_grid.json
[{"header":{"la1":42.85,"la2":41.18,"lo1":11.55,"lo2":14.05,"nx":36,"ny":24,"dx":0.07143,"dy":0.07261,"parameterCategory":2,"parameterNumber":2,"parameterNumberName":"eastward_wind","parameterUnit":"m.s-1"},"data":[-0.6253,-0.6304,-0.6351,-0.6395,-0.6433,-0.6463,-0.6474,-0.6459,-0.6412,-0.634,-0.6264,-0.6212,-0.6206,-0.6262,-0.6382,-0.6556,-0.676,-0.6957,-0.7106,-0.7176,-0.7154,-0.7054,-0.6899,-0.6717,-0.6529,-0.6347,-0.6178,-0.6025,-0.5889,-0.5767,-0.5659,-0.5562,-0.5476,-0.5399,-0.5329,-0.5267,-0.6388,-0.6451,-0.6512,-0.6572,-0.6632,-0.6689,-0.6727,-0.6722,-0.6655,-0.6533,-0.6393,-0.6284,-0.6249,-0.631,-0.6475,-0.6731,-0.7043,-0.7354,-0.7589,-0.7687,-0.7633,-0.7459,-0.7217,-0.6953,-0.6698,-0.6464,-0.6258,-0.6078,-0.5922,-0.5786,-0.5668,-0.5564,-0.5472,-0.539,-0.5318,-0.5253,-0.6547,-0.6625,-0.67,-0.6781,-0.6874,-0.6982,-0.7081,-0.7118,-0.7034,-0.6826,-0.6566,-0.6354,-0.6262,-0.6325,-0.6549,-0.6926,-0.7415,-0.7924,-0.8309,-0.8444,-0.8309,-0.799,-0.76,-0.7214,-0.687,-0.6575,-0.6327,-0.612,-0.5945,-0.5796,-0.5668,-0.5558,-0.5461,-0.5376,-0.5301,-0.5234,-0.6737,-0.6833,-0.6923,-0.7022,-0.7157,-0.735,-0.7585,-0.7749,-0.767,-0.7299,-0.6806,-0.6409,-0.6222,-0.6276,-0.6576,-0.7123,-0.7896,-0.8764,-0.9439,-0.9615,-0.9276,-0.8671,-0.8035,-0.7479,-0.7026,-0.6664,-0.6375,-0.6143,-0.5952,-0.5793,-0.5658,-0.5543,-0.5443,-0.5355,-0.5277,-0.5209,-0.6971,-0.7091,-0.7193,-0.7298,-0.7463,-0.7772,-0.8274,-0.8788,-0.8807,-0.8085,-0.7117,-0.6408,-0.6087,-0.6126,-0.6507,-0.7265,-0.846,-0.9994,-1.1276,-1.147,-1.0621,-0.9469,-0.8467,-0.7702,-0.7136,-0.6714,-0.6392,-0.6142,-0.5941,-0.5776,-0.5637,-0.5519,-0.5416,-0.5326,-0.5248,-0.5179,-0.727,-0.7431,-0.7546,-0.7627,-0.7762,-0.8147,-0.9047,-1.0384,-1.0795,-0.9252,-0.7381,-0.625,-0.58,-0.5832,-0.6278,-0.7224,-0.8915,-1.1526,-1.4061,-1.4153,-1.2184,-1.0185,-0.8764,-0.7814,-0.7165,-0.6707,-0.637,-0.6113,-0.591,-0.5744,-0.5605,-0.5485,-0.5381,-0.5291,-0.5212,-0.5142,-0.7661,-0.7909,-0.8065,-0.8092,-0.8067,-0.8292,-0.9355,-1.1703,-1.2872,-0.9987,-0.7134,-0.5766,-0.5312,-0.5374,-0.584,-0.6832,-0.8766,-1.2271,-1.6305,-1.6176,-1.2975,-1.0371,-0.8754,-0.7747,-0.7088,-0.6634,-0.6307,-0.6058,-0.5862,-0.57,-0.5562,-0.5443,-0.5339,-0.5248,-0.5168,-0.5098,-0.8165,-0.8602,-0.8914,-0.8924,-0.8578,-0.8206,-0.8512,-1.0017,-1.0688,-0.811,-0.5822,-0.4865,-0.4638,-0.4788,-0.5219,-0.6055,-0.7699,-1.0628,-1.3954,-1.4126,-1.1792,-0.9731,-0.8375,-0.7497,-0.691,-0.6504,-0.621,-0.5984,-0.5801,-0.5646,-0.5512,-0.5393,-0.5289,-0.5197,-0.5117,-0.5048,-0.8766,-0.9569,-1.0337,-1.0603,-0.9838,-0.8377,-0.7184,-0.6508,-0.5611,-0.4336,-0.3739,-0.3715,-0.3884,-0.4169,-0.4542,-0.5103,-0.6338,-0.8245,-1.0027,-1.0514,-0.9752,-0.8692,-0.7798,-0.7137,-0.6671,-0.6342,-0.6099,-0.5905,-0.5738,-0.5591,-0.5458,-0.5338,-0.5232,-0.5139,-0.5058,-0.4988,-0.9344,-1.0695,-1.2438,-1.3799,-1.2696,-0.9341,-0.6407,-0.3961,-0.1156,0.0004,-0.1455,-0.2624,-0.3165,-0.3588,-0.4033,-0.4245,-0.5487,-0.7235,-0.8466,-0.8828,-0.8499,-0.7875,-0.7255,-0.6768,-0.6426,-0.6189,-0.6005,-0.5842,-0.5686,-0.5539,-0.5403,-0.5278,-0.5167,-0.507,-0.4988,-0.4919,-0.965,-1.146,-1.4331,-1.7763,-1.6763,-1.0513,-0.6243,-0.3134,0.277,0.5524,0.025,-0.1927,-0.25,-0.283,-0.3636,-0.4139,-0.5724,-0.8095,-0.9307,-0.9033,-0.8217,-0.7427,-0.6829,-0.6445,-0.6232,-0.6102,-0.5975,-0.5823,-0.5659,-0.5498,-0.5348,-0.5212,-0.5092,-0.499,-0.4905,-0.4836,-0.9452,-1.1182,-1.3897,-1.7065,-1.5858,-0.9768,-0.6383,-0.5214,-0.1093,0.2152,-0.0565,-0.171,-0.188,-0.1639,-0.2387,-0.4252,-0.7328,-1.2099,-1.3275,-1.065,-0.8419,-0.7115,-0.6439,-0.6178,-0.6161,-0.6176,-0.607,-0.5874,-0.5663,-0.5467,-0.5292,-0.5136,-0.5002,-0.489,-0.4803,-0.4737,-0.8785,-0.9951,-1.1388,-1.2323,-1.0938,-0.7935,-0.6507,-0.7072,-0.565,-0.2685,-0.1773,-0.1251,-0.1282,-0.1259,-0.1811,-0.4322,-0.9058,-1.953,-1.9743,-1.2046,-0.8203,-0.6535,-0.5934,-0.5955,-0.6321,-0.6545,-0.6337,-0.5985,-0.5681,-0.5434,-0.5224,-0.504,-0.4885,-0.4763,-0.4673,-0.4613,-0.792,-0.8514,-0.9003,-0.8969,-0.8039,-0.6748,-0.616,-0.6402,-0.5559,-0.3369,-0.1966,-0.0394,-0.007,-0.1986,-0.2637,-0.4855,-0.8225,-1.4343,-1.5171,-0.9911,-0.664,-0.5322,-0.516,-0.5675,-0.6588,-0.704,-0.6587,-0.605,-0.5673,-0.5383,-0.5132,-0.491,-0.4726,-0.459,-0.4504,-0.4458,-0.7097,-0.7329,-0.7401,-0.7161,-0.6579,-0.59,-0.543,-0.5063,-0.4169,-0.2801,-0.185,-0.1529,-0.1738,-0.2037,-0.306,-0.6038,-0.8481,-0.8167,-0.798,-0.5867,-0.3744,-0.3288,-0.4006,-0.506,-0.6176,-0.6688,-0.6372,-0.5952,-0.5618,-0.531,-0.5004,-0.472,-0.4493,-0.4345,-0.4274,-0.4259,-0.6412,-0.6455,-0.637,-0.6111,-0.5691,-0.5203,-0.4712,-0.4131,-0.3263,-0.2061,-0.0696,-0.1772,-0.2125,-0.2539,-0.3338,-0.5485,-0.7266,-0.582,-0.4501,-0.271,-0.0244,-0.0779,-0.2755,-0.4257,-0.5334,-0.5896,-0.5988,-0.5854,-0.5594,-0.5238,-0.4825,-0.4428,-0.4131,-0.3982,-0.3959,-0.4008,-0.5873,-0.5823,-0.5681,-0.5432,-0.5087,-0.4674,-0.4205,-0.3637,-0.2907,-0.1966,-0.095,-0.1695,-0.2949,-0.3441,-0.3184,-0.3682,-0.3956,-0.2985,-0.1877,-0.1245,0.0333,-0.0278,-0.225,-0.3827,-0.5026,-0.5823,-0.6162,-0.6087,-0.5732,-0.5202,-0.4566,-0.3952,-0.3548,-0.3441,-0.3538,-0.3707,-0.5454,-0.536,-0.5199,-0.4966,-0.4667,-0.431,-0.3899,-0.3429,-0.2903,-0.2378,-0.2084,-0.2375,-0.3204,-0.3366,-0.2463,-0.2115,-0.2015,-0.0615,0.0676,-0.0186,-0.0573,-0.1165,-0.2382,-0.3872,-0.5441,-0.6776,-0.7239,-0.6818,-0.6086,-0.5217,-0.4194,-0.3185,-0.263,-0.2686,-0.3032,-0.3389,-0.5129,-0.5015,-0.4852,-0.4638,-0.4376,-0.4071,-0.373,-0.3364,-0.2997,-0.2687,-0.2529,-0.2578,-0.2688,-0.2349,-0.0941,-0.0382,-0.1036,-0.0035,0.0989,0.1463,0.0276,-0.1021,-0.2332,-0.4017,-0.6224,-0.8553,-0.9058,-0.7794,-0.6542,-0.529,-0.379,-0.2206,-0.1487,-0.1883,-0.2579,-0.3138,-0.4875,-0.4755,-0.4598,-0.4404,-0.4175,-0.3917,-0.3638,-0.3351,-0.3079,-0.2852,-0.2699,-0.2603,-0.2444,-0.1963,-0.0974,-0.06,-0.0762,0.0356,0.3203,0.4438,0.1428,-0.0397,-0.1808,-0.3728,-0.6347,-0.8983,-0.9502,-0.8257,-0.6906,-0.5465,-0.3737,-0.1823,-0.1011,-0.1599,-0.2441,-0.3064,-0.4677,-0.4557,-0.441,-0.4235,-0.4035,-0.3816,-0.3585,-0.3353,-0.3133,-0.294,-0.2775,-0.2615,-0.2393,-0.2027,-0.1551,-0.1214,-0.0825,0.0223,0.1991,0.2569,0.1305,0.0547,-0.0343,-0.254,-0.5549,-0.8165,-0.9681,-0.894,-0.7145,-0.5672,-0.4233,-0.2702,-0.1923,-0.2171,-0.273,-0.3202,-0.4521,-0.4405,-0.4269,-0.4111,-0.3936,-0.3748,-0.3552,-0.3357,-0.3168,-0.2992,-0.2824,-0.2648,-0.2432,-0.2154,-0.1832,-0.1492,-0.1039,-0.033,0.0496,0.0973,0.1425,0.2844,0.3038,-0.0253,-0.4386,-0.8028,-1.0777,-0.9283,-0.6658,-0.5566,-0.4747,-0.3803,-0.316,-0.3046,-0.3228,-0.3468,-0.4397,-0.4288,-0.4162,-0.402,-0.3866,-0.3702,-0.3532,-0.3362,-0.3195,-0.3031,-0.2868,-0.2695,-0.2497,-0.2265,-0.1998,-0.1688,-0.1296,-0.0795,-0.0219,0.0481,0.1903,0.4782,0.566,0.1507,-0.3082,-0.6376,-0.7961,-0.6858,-0.518,-0.5121,-0.4923,-0.4404,-0.3935,-0.3703,-0.3673,-0.3743,-0.4299,-0.4196,-0.408,-0.3953,-0.3815,-0.367,-0.352,-0.3369,-0.3218,-0.3067,-0.2913,-0.2749,-0.2569,-0.2366,-0.2134,-0.1864,-0.1539,-0.1142,-0.0646,0.0074,0.1335,0.309,0.3335,0.0741,-0.248,-0.4829,-0.5876,-0.5567,-0.496,-0.4989,-0.4917,-0.4616,-0.4296,-0.4077,-0.3976,-0.3958]},{"header":{"la1":42.85,"la2":41.18,"lo1":11.55,"lo2":14.05,"nx":36,"ny":24,"dx":0.07143,"dy":0.07261,"parameterCategory":2,"parameterNumber":3,"parameterNumberName":"northward_wind","parameterUnit":"m.s-1"},"data":[-0.6044,-0.6003,-0.5948,-0.5878,-0.5796,-0.5709,-0.5629,-0.5568,-0.5535,-0.5527,-0.5532,-0.5535,-0.5519,-0.5479,-0.5412,-0.5323,-0.5221,-0.5117,-0.5022,-0.4945,-0.4889,-0.4853,-0.4833,-0.4825,-0.4826,-0.4834,-0.4848,-0.4867,-0.4892,-0.492,-0.4952,-0.4987,-0.5024,-0.5062,-0.5099,-0.5136,-0.61,-0.6054,-0.5986,-0.5895,-0.578,-0.5654,-0.5533,-0.5447,-0.5414,-0.5435,-0.5483,-0.5526,-0.5537,-0.5506,-0.5431,-0.5321,-0.5188,-0.5051,-0.4931,-0.4841,-0.4785,-0.4757,-0.4748,-0.475,-0.476,-0.4777,-0.4798,-0.4825,-0.4856,-0.4892,-0.4931,-0.4973,-0.5016,-0.506,-0.5104,-0.5146,-0.6167,-0.6116,-0.6035,-0.5916,-0.5754,-0.5558,-0.5359,-0.5215,-0.5179,-0.5257,-0.5393,-0.5512,-0.557,-0.5554,-0.5468,-0.5325,-0.5143,-0.4954,-0.4793,-0.4688,-0.4642,-0.4635,-0.4647,-0.4666,-0.469,-0.4716,-0.4747,-0.4782,-0.4821,-0.4865,-0.4912,-0.4962,-0.5012,-0.5064,-0.5114,-0.5162,-0.6246,-0.6196,-0.6104,-0.5954,-0.5727,-0.5416,-0.506,-0.4775,-0.4717,-0.4922,-0.5239,-0.5499,-0.5632,-0.5638,-0.5537,-0.5345,-0.5085,-0.4802,-0.4571,-0.4454,-0.4442,-0.4483,-0.4532,-0.4576,-0.4616,-0.4654,-0.4694,-0.4739,-0.4787,-0.484,-0.4896,-0.4955,-0.5015,-0.5074,-0.5131,-0.5186,-0.634,-0.6297,-0.6205,-0.6033,-0.5734,-0.5252,-0.4589,-0.3949,-0.3798,-0.4307,-0.5016,-0.5518,-0.5753,-0.5783,-0.566,-0.5403,-0.5022,-0.4568,-0.42,-0.4083,-0.4173,-0.4307,-0.4413,-0.4486,-0.4542,-0.4592,-0.4643,-0.4697,-0.4756,-0.4819,-0.4886,-0.4955,-0.5024,-0.5093,-0.5159,-0.522,-0.6445,-0.6419,-0.6345,-0.6181,-0.5842,-0.518,-0.4025,-0.2555,-0.2067,-0.3342,-0.4823,-0.5652,-0.5975,-0.6016,-0.5873,-0.5549,-0.5007,-0.4264,-0.3618,-0.3548,-0.3865,-0.4144,-0.4308,-0.4404,-0.4472,-0.4533,-0.4594,-0.466,-0.473,-0.4805,-0.4883,-0.4964,-0.5045,-0.5124,-0.5199,-0.5268,-0.6552,-0.655,-0.6515,-0.6411,-0.6134,-0.545,-0.3928,-0.1343,-0.0172,-0.2735,-0.506,-0.6039,-0.6335,-0.636,-0.6224,-0.5871,-0.5192,-0.4144,-0.3136,-0.3146,-0.3699,-0.4062,-0.4238,-0.4336,-0.4409,-0.4479,-0.4552,-0.4629,-0.4712,-0.4799,-0.489,-0.4984,-0.5079,-0.517,-0.5256,-0.5333,-0.6645,-0.6659,-0.6665,-0.6661,-0.6591,-0.6235,-0.5168,-0.3144,-0.2277,-0.4478,-0.621,-0.6742,-0.6812,-0.6815,-0.6786,-0.6496,-0.5751,-0.4652,-0.3671,-0.3543,-0.3868,-0.4088,-0.4199,-0.4275,-0.4351,-0.4434,-0.4521,-0.4611,-0.4705,-0.4805,-0.4911,-0.5021,-0.5131,-0.5237,-0.5335,-0.5421,-0.6709,-0.6705,-0.669,-0.6744,-0.6964,-0.7239,-0.7268,-0.7066,-0.7322,-0.8017,-0.8037,-0.7594,-0.7282,-0.7335,-0.7704,-0.7668,-0.6668,-0.5455,-0.4584,-0.4205,-0.4124,-0.412,-0.4145,-0.4206,-0.4299,-0.4407,-0.4513,-0.4614,-0.4717,-0.4828,-0.4949,-0.5078,-0.5207,-0.5331,-0.5443,-0.5538,-0.6744,-0.667,-0.6487,-0.6335,-0.6773,-0.7934,-0.9116,-1.0262,-1.1777,-1.2104,-1.0065,-0.828,-0.7553,-0.7735,-0.9089,-0.9824,-0.7611,-0.5875,-0.4929,-0.4424,-0.4156,-0.4034,-0.4028,-0.412,-0.4271,-0.4427,-0.4554,-0.4655,-0.4754,-0.4871,-0.5009,-0.5161,-0.5316,-0.5462,-0.559,-0.5694,-0.6785,-0.6638,-0.6197,-0.5451,-0.583,-0.8303,-1.0627,-1.2387,-1.5407,-1.6976,-1.1546,-0.8391,-0.7517,-0.7761,-0.8929,-0.9855,-0.7282,-0.5569,-0.4741,-0.4256,-0.3935,-0.3783,-0.3821,-0.403,-0.4321,-0.4565,-0.4695,-0.4756,-0.4823,-0.4936,-0.5094,-0.528,-0.5471,-0.5646,-0.5791,-0.5901,-0.6871,-0.6761,-0.6369,-0.5685,-0.6247,-0.9279,-1.2322,-1.4071,-1.451,-1.4589,-1.0387,-0.7625,-0.7282,-0.8555,-0.802,-0.6949,-0.569,-0.4803,-0.4403,-0.3918,-0.35,-0.3336,-0.3502,-0.3977,-0.4583,-0.4981,-0.5026,-0.4936,-0.4917,-0.5017,-0.521,-0.5449,-0.5692,-0.5905,-0.6069,-0.618,-0.6992,-0.7026,-0.7002,-0.711,-0.8119,-1.0498,-1.3503,-1.5914,-1.4468,-1.1298,-0.8223,-0.6401,-0.6079,-0.8812,-0.7872,-0.5288,-0.4203,-0.4593,-0.4543,-0.3485,-0.2766,-0.2569,-0.2983,-0.3975,-0.5253,-0.5914,-0.5608,-0.5158,-0.4996,-0.51,-0.5365,-0.5695,-0.6016,-0.6277,-0.6456,-0.6553,-0.7085,-0.7248,-0.7486,-0.7956,-0.8937,-1.0578,-1.2671,-1.4458,-1.3233,-0.9409,-0.6595,-0.5822,-0.5192,0.154,-0.3129,-0.2568,-0.1589,-0.3137,-0.3507,-0.2373,-0.1311,-0.1123,-0.2017,-0.375,-0.5984,-0.7004,-0.6086,-0.5217,-0.4979,-0.517,-0.5585,-0.6069,-0.6506,-0.6825,-0.7002,-0.7056,-0.7102,-0.7315,-0.7618,-0.8085,-0.8793,-0.9735,-1.0698,-1.1041,-0.9695,-0.7092,-0.5057,-0.3885,-0.1564,0.2655,-0.089,0.0933,0.4648,0.0052,-0.1461,-0.0272,0.1831,0.1787,-0.0277,-0.2718,-0.5101,-0.62,-0.5498,-0.4817,-0.4789,-0.5237,-0.5931,-0.6669,-0.7276,-0.7648,-0.7777,-0.7725,-0.7034,-0.7234,-0.7493,-0.783,-0.824,-0.8649,-0.8855,-0.8494,-0.7246,-0.5392,-0.3989,-0.2489,-0.2255,-0.1255,-0.1419,0.0525,0.2921,-0.0008,-0.0883,0.2027,0.7948,0.6555,0.1778,-0.1257,-0.3076,-0.3905,-0.3915,-0.3934,-0.4426,-0.5348,-0.6513,-0.7666,-0.8515,-0.8896,-0.8864,-0.8592,-0.6903,-0.7058,-0.7237,-0.7433,-0.7613,-0.7701,-0.7566,-0.7046,-0.6077,-0.4859,-0.3976,-0.3396,-0.3747,-0.4016,-0.2772,-0.1865,-0.148,-0.2462,-0.2695,0.1166,0.869,0.7056,0.2102,-0.0476,-0.15,-0.1739,-0.1938,-0.2661,-0.392,-0.5571,-0.7487,-0.9332,-1.0521,-1.076,-1.0326,-0.9647,-0.6734,-0.6837,-0.6939,-0.7024,-0.7057,-0.6986,-0.6741,-0.6265,-0.5578,-0.4823,-0.4229,-0.3932,-0.4236,-0.4289,-0.3501,-0.3186,-0.3273,-0.5043,-0.7156,-0.2805,0.1368,0.202,0.0504,-0.0487,-0.0238,0.0865,0.0943,-0.0878,-0.332,-0.5945,-0.8951,-1.1954,-1.3601,-1.3322,-1.2077,-1.0766,-0.6552,-0.6608,-0.6649,-0.6658,-0.661,-0.6472,-0.6214,-0.5824,-0.5331,-0.482,-0.4393,-0.4122,-0.4017,-0.3882,-0.378,-0.3807,-0.3728,-0.4782,-0.5614,-0.2931,-0.157,-0.0978,-0.1073,-0.084,0.0887,0.4606,0.5377,0.097,-0.2985,-0.6434,-1.0564,-1.5152,-1.7302,-1.5987,-1.3632,-1.1654,-0.6373,-0.6392,-0.6389,-0.6352,-0.6263,-0.6106,-0.5868,-0.5551,-0.5181,-0.4804,-0.447,-0.421,-0.4019,-0.3867,-0.3804,-0.3786,-0.3645,-0.3435,-0.1976,-0.1178,-0.212,-0.2372,-0.2354,-0.1687,0.0438,0.4976,0.5992,0.0045,-0.3701,-0.6905,-1.1151,-1.6413,-1.8793,-1.6933,-1.4133,-1.1941,-0.6205,-0.6197,-0.6166,-0.6103,-0.5998,-0.5841,-0.563,-0.537,-0.5079,-0.4784,-0.4509,-0.4273,-0.4077,-0.3919,-0.3806,-0.3711,-0.3547,-0.3166,-0.2387,-0.2117,-0.2914,-0.3752,-0.396,-0.3239,-0.2019,-0.1526,-0.3864,-0.4406,-0.5426,-0.7398,-1.0261,-1.4017,-1.6075,-1.5176,-1.3238,-1.1508,-0.6055,-0.6028,-0.598,-0.5904,-0.5794,-0.5646,-0.5461,-0.5245,-0.5008,-0.4767,-0.4537,-0.4329,-0.4147,-0.3994,-0.3867,-0.3749,-0.3603,-0.3391,-0.3189,-0.3363,-0.4324,-0.5894,-0.634,-0.5066,-0.4105,-0.4809,-0.6717,-0.6429,-0.7422,-0.835,-0.9371,-1.1143,-1.2496,-1.2509,-1.1662,-1.0632,-0.5922,-0.5883,-0.5825,-0.5744,-0.5637,-0.5501,-0.5339,-0.5155,-0.4958,-0.4757,-0.4563,-0.4382,-0.4221,-0.408,-0.3961,-0.3856,-0.3761,-0.3697,-0.3761,-0.4191,-0.5356,-0.7288,-0.7813,-0.6164,-0.5143,-0.5418,-0.6305,-0.7786,-1.0152,-0.9818,-0.9237,-0.9635,-1.0274,-1.0485,-1.0211,-0.9688,-0.5807,-0.5761,-0.5699,-0.5617,-0.5515,-0.5392,-0.525,-0.5092,-0.4925,-0.4755,-0.459,-0.4435,-0.4294,-0.4172,-0.4069,-0.399,-0.3944,-0.3962,-0.4122,-0.456,-0.5424,-0.6529,-0.6816,-0.6054,-0.5538,-0.5785,-0.6724,-0.8596,-1.0503,-1.0055,-0.9141,-0.8939,-0.9109,-0.9229,-0.9141,-0.8883]}]