docs/data/wind_grid.json
[{"header":{"la1":42.85,"la2":41.18,"lo1":11.55,"lo2":14.05,"nx":36,"ny":24,"dx":0.07143,"dy":0.07261,"parameterCategory":2,"parameterNumber":2,"parameterNumberName":"eastward_wind","parameterUnit":"m.s-1"},"data":[3.4746,3.4833,3.4943,3.5069,3.5203,3.5327,3.5419,3.5454,3.5413,3.5282,3.5054,3.4728,3.4302,3.377,3.3126,3.236,3.1468,3.045,2.9324,2.8146,2.7039,2.6186,2.5751,2.5763,2.6112,2.6628,2.7176,2.768,2.811,2.8464,2.875,2.898,2.9168,2.9322,2.9452,2.9563,3.4696,3.4798,3.4937,3.5112,3.5312,3.5513,3.5682,3.5782,3.578,3.566,3.5419,3.5064,3.4594,3.4002,3.3273,3.2388,3.1328,3.0073,2.8613,2.6974,2.5326,2.4044,2.3519,2.3805,2.46,2.5544,2.6419,2.7145,2.7717,2.8159,2.8499,2.8764,2.8974,2.9144,2.9286,2.9406,3.4588,3.4696,3.4864,3.5097,3.5386,3.5701,3.5989,3.6188,3.6242,3.6128,3.5862,3.5466,3.495,3.43,3.349,3.2483,3.1244,2.9731,2.7867,2.5547,2.2889,2.069,2.0046,2.1023,2.2713,2.4357,2.5676,2.6658,2.7372,2.7892,2.8275,2.8565,2.879,2.897,2.9119,2.9246,3.4402,3.4497,3.4682,3.4979,3.5389,3.5874,3.6355,3.6718,3.6848,3.6717,3.6389,3.5934,3.5371,3.4675,3.3796,3.2674,3.1256,2.9498,2.7273,2.4108,1.9524,1.5104,1.4399,1.7206,2.0613,2.3265,2.5084,2.6299,2.7118,2.7683,2.8086,2.8384,2.8614,2.8798,2.8951,2.9082,3.4115,3.4159,3.4329,3.4685,3.5252,3.5993,3.6795,3.7452,3.7694,3.7463,3.6993,3.6452,3.5851,3.5135,3.422,3.3004,3.1398,2.941,2.7096,2.354,1.5928,0.6134,0.6039,1.3113,1.9029,2.2671,2.4832,2.6147,2.6981,2.7538,2.7928,2.8217,2.8441,2.8623,2.8777,2.8911,3.3713,3.3639,3.3719,3.4089,3.4847,3.5954,3.7257,3.8458,3.8879,3.8335,3.7608,3.6982,3.6377,3.5688,3.4797,3.3541,3.1738,2.9366,2.7119,2.4975,1.6461,0.0789,0.1757,1.2397,1.932,2.3023,2.5051,2.6227,2.6956,2.7441,2.7788,2.8051,2.8262,2.8438,2.8591,2.8728,3.3207,3.2919,3.2761,3.3018,3.3984,3.5566,3.7439,3.9275,3.9904,3.8959,3.8102,3.749,3.6938,3.634,3.5565,3.4397,3.2527,2.9663,2.6535,2.6329,2.35,1.4876,1.3059,1.7935,2.1952,2.4313,2.5658,2.646,2.6979,2.7349,2.7634,2.7866,2.8062,2.8233,2.8386,2.8527,3.2661,3.2085,3.1517,3.141,3.2571,3.4733,3.6992,3.8761,3.937,3.9001,3.8512,3.8011,3.7535,3.7078,3.6536,3.5633,3.402,3.1566,2.9029,2.9475,3.228,3.0473,2.618,2.4905,2.5281,2.5862,2.6312,2.6651,2.6934,2.7189,2.7423,2.7635,2.7825,2.7997,2.8155,2.8303,3.2184,3.1368,3.0552,3.0157,3.12,3.3792,3.6476,3.8359,3.9358,3.9617,3.9223,3.8622,3.8151,3.7857,3.7694,3.722,3.5853,3.4114,3.3097,3.5009,4.1413,3.9701,3.2809,2.9094,2.7517,2.6838,2.6571,2.6548,2.6678,2.6884,2.7113,2.7334,2.7537,2.7721,2.789,2.805,3.1851,3.08,2.9818,2.9409,2.9687,3.2906,3.6511,3.9151,4.1246,4.1852,4.0466,3.928,3.8741,3.8576,3.8915,3.9139,3.7331,3.574,3.5032,3.61,3.9344,3.8337,3.3739,3.0255,2.8027,2.6676,2.6027,2.5902,2.6079,2.6372,2.6677,2.6952,2.7189,2.7396,2.7584,2.7761,3.1737,3.0298,2.7826,2.3356,2.4589,3.2035,3.7198,4.0284,4.4101,4.5884,4.1651,3.9734,3.9304,3.9293,3.9246,3.9332,3.7645,3.6422,3.575,3.5528,3.5647,3.4708,3.2263,2.936,2.6709,2.4905,2.4269,2.4496,2.5062,2.5641,2.6121,2.6493,2.6782,2.702,2.7229,2.7428,3.2007,3.055,2.7908,2.3958,2.5545,3.3388,3.8702,4.0989,4.2578,4.3657,4.1047,3.9803,3.9876,4.0801,3.9876,3.8247,3.7177,3.6746,3.6368,3.5498,3.4496,3.3038,3.0637,2.7156,2.32,2.0676,2.0771,2.2225,2.369,2.477,2.5497,2.5982,2.6322,2.6585,2.6818,2.7044,3.2678,3.1741,3.0482,2.9663,3.1591,3.6066,3.9962,4.1898,4.1434,4.0777,4.0006,3.9927,4.0013,4.1368,4.0181,3.7172,3.6433,3.7417,3.7362,3.5713,3.4226,3.2355,2.9333,2.4153,1.6866,1.2714,1.5345,1.9474,2.2301,2.3951,2.4895,2.5449,2.5806,2.6078,2.633,2.659,3.3514,3.3142,3.2906,3.3284,3.4847,3.7322,3.9687,4.1136,4.0831,3.9801,3.9414,4.0461,4.0658,3.7459,3.7151,3.427,3.4934,3.6406,3.659,3.546,3.4088,3.2208,2.8849,2.2169,1.0784,0.4356,1.0926,1.7779,2.1524,2.342,2.439,2.4901,2.5208,2.5461,2.5733,2.6045,3.4273,3.4254,3.4443,3.5033,3.6131,3.7541,3.8833,3.956,3.9446,3.8933,3.866,3.8751,3.8423,3.8008,3.6201,3.3616,3.4887,3.5544,3.5736,3.5099,3.4051,3.2628,2.9637,2.3674,1.4322,0.8957,1.3435,1.8727,2.1738,2.3252,2.3965,2.4274,2.4446,2.4654,2.4968,2.5376,3.4856,3.5002,3.5311,3.5844,3.6594,3.7435,3.815,3.8539,3.8539,3.8329,3.8166,3.7939,3.7847,3.7494,3.6572,3.553,3.5347,3.5795,3.5881,3.5087,3.4026,3.3411,3.1003,2.6746,2.1669,1.8624,1.9214,2.1051,2.246,2.3226,2.3471,2.3415,2.3354,2.3522,2.3955,2.4551,3.5262,3.5466,3.5778,3.6209,3.6732,3.7268,3.771,3.7972,3.8048,3.8028,3.8042,3.785,3.7374,3.7093,3.6853,3.644,3.6386,3.6909,3.7203,3.5871,3.4129,3.3692,3.1762,2.8581,2.5277,2.3017,2.2248,2.2436,2.2859,2.3024,2.2713,2.2077,2.1652,2.1867,2.2618,2.3572,3.5526,3.5737,3.6015,3.6356,3.6734,3.7102,3.7406,3.7609,3.7711,3.7743,3.7714,3.7542,3.7192,3.7064,3.7109,3.709,3.7264,3.869,4.0357,3.7826,3.555,3.4006,3.1957,2.9013,2.5701,2.298,2.1906,2.2174,2.2622,2.2566,2.1616,1.9993,1.8997,1.9549,2.1006,2.2542,3.5685,3.5882,3.612,3.639,3.6673,3.6942,3.7167,3.7329,3.7425,3.7461,3.7434,3.7338,3.7216,3.7206,3.7539,3.7719,3.7641,3.8841,3.9983,3.9203,3.7037,3.4667,3.2126,2.8813,2.4555,2.0288,1.9306,2.0895,2.2037,2.212,2.0513,1.7391,1.5632,1.7035,1.9555,2.1745,3.5769,3.5946,3.6146,3.6363,3.6582,3.6786,3.6959,3.7089,3.7172,3.7207,3.7199,3.7158,3.7125,3.7189,3.7475,3.7607,3.7629,3.8498,4.0601,4.1552,3.8108,3.5267,3.2573,2.896,2.4101,1.9407,1.8466,1.9829,2.1551,2.2174,2.0419,1.6399,1.4199,1.6142,1.9148,2.1567,3.5802,3.5956,3.6125,3.63,3.6473,3.6633,3.6769,3.6873,3.6942,3.6977,3.6982,3.697,3.6968,3.7018,3.7134,3.7229,3.7402,3.8037,3.9285,3.9534,3.7649,3.5905,3.3951,3.0238,2.4913,1.9549,1.538,1.7294,2.1562,2.3312,2.2118,1.8974,1.7047,1.8077,2.0222,2.2164,3.5798,3.5932,3.6073,3.6216,3.6355,3.6482,3.6589,3.6673,3.673,3.6761,3.677,3.6768,3.6769,3.679,3.6834,3.6894,3.7019,3.7303,3.7646,3.7581,3.7233,3.7803,3.7508,3.2995,2.6415,1.8977,1.1804,1.6376,2.4475,2.6453,2.5062,2.2738,2.1156,2.114,2.2095,2.3273,3.5769,3.5884,3.6002,3.612,3.6231,3.6332,3.6418,3.6484,3.6529,3.6553,3.656,3.6556,3.6547,3.6543,3.6544,3.6554,3.6589,3.6656,3.6712,3.6756,3.7339,3.9614,4.0447,3.5264,2.8639,2.2844,1.9859,2.4584,3.198,3.1033,2.7969,2.5618,2.4173,2.3688,2.3918,2.4495,3.5721,3.5819,3.5918,3.6015,3.6105,3.6185,3.6252,3.6303,3.6336,3.6351,3.6351,3.6339,3.6317,3.6289,3.6256,3.6219,3.6181,3.6142,3.611,3.6187,3.6723,3.7931,3.7884,3.4572,3.0124,2.6642,2.5736,2.8931,3.3061,3.1987,2.9233,2.723,2.601,2.5437,2.5359,2.5591]},{"header":{"la1":42.85,"la2":41.18,"lo1":11.55,"lo2":14.05,"nx":36,"ny":24,"dx":0.07143,"dy":0.07261,"parameterCategory":2,"parameterNumber":3,"parameterNumberName":"northward_wind","parameterUnit":"m.s-1"},"data":[0.2358,0.2536,0.2723,0.2914,0.31,0.3263,0.3372,0.3389,0.3285,0.3057,0.2729,0.234,0.1924,0.1498,0.1068,0.0632,0.0187,-0.0263,-0.0707,-0.1126,-0.1483,-0.1724,-0.1805,-0.1719,-0.1514,-0.1253,-0.0988,-0.0747,-0.0542,-0.0372,-0.0234,-0.0124,-0.0035,0.0036,0.0092,0.0137,0.251,0.273,0.2967,0.3225,0.3499,0.377,0.3988,0.408,0.3978,0.3672,0.3216,0.2688,0.2151,0.1626,0.1109,0.0584,0.004,-0.0525,-0.11,-0.167,-0.219,-0.2552,-0.2634,-0.2425,-0.2036,-0.1602,-0.1205,-0.0874,-0.061,-0.0404,-0.0245,-0.0121,-0.0024,0.0051,0.011,0.0156,0.2666,0.2932,0.3227,0.3564,0.3958,0.4403,0.4831,0.509,0.5014,0.4563,0.387,0.3116,0.241,0.1767,0.1156,0.0531,-0.0137,-0.085,-0.1594,-0.2379,-0.3196,-0.383,-0.3919,-0.3428,-0.2686,-0.1974,-0.14,-0.0965,-0.0644,-0.0407,-0.0231,-0.0099,0.0002,0.0079,0.0138,0.0183,0.2828,0.3146,0.3498,0.3913,0.4452,0.5169,0.6006,0.6664,0.6684,0.5923,0.4753,0.3614,0.2678,0.1912,0.1215,0.0485,-0.0344,-0.1265,-0.2211,-0.3229,-0.4575,-0.5911,-0.5995,-0.4806,-0.3398,-0.229,-0.1516,-0.0988,-0.0625,-0.0371,-0.0188,-0.0054,0.0045,0.012,0.0176,0.0218,0.3001,0.3386,0.3794,0.4257,0.4914,0.5993,0.7611,0.9271,0.9622,0.8076,0.5877,0.4107,0.2903,0.2046,0.1302,0.0481,-0.0565,-0.1851,-0.3089,-0.4098,-0.6066,-0.9169,-0.9076,-0.6274,-0.3884,-0.2383,-0.1473,-0.0905,-0.0536,-0.0287,-0.0112,0.0013,0.0106,0.0174,0.0225,0.0263,0.3194,0.3694,0.4185,0.463,0.5241,0.6602,0.9433,1.3472,1.4903,1.1216,0.6966,0.4381,0.2991,0.2153,0.1453,0.0603,-0.0686,-0.2673,-0.4819,-0.515,-0.6173,-1.1081,-1.0649,-0.6406,-0.3592,-0.2064,-0.1208,-0.0697,-0.0373,-0.0157,-0.0005,0.0103,0.0183,0.0242,0.0285,0.0316,0.3396,0.413,0.4868,0.5275,0.5435,0.6488,1.0067,1.722,2.0734,1.3357,0.6992,0.4098,0.2868,0.2237,0.1708,0.0969,-0.0367,-0.2989,-0.7033,-0.6667,-0.3601,-0.5426,-0.5929,-0.3913,-0.2283,-0.1314,-0.0742,-0.0386,-0.0152,0.001,0.0126,0.0211,0.0274,0.0321,0.0354,0.0377,0.3512,0.4645,0.6136,0.6879,0.5864,0.5466,0.7648,1.2755,1.5097,0.9467,0.4905,0.3136,0.2583,0.235,0.2079,0.1593,0.0624,-0.1244,-0.3703,-0.2395,0.2623,0.2811,0.0381,-0.0575,-0.0595,-0.0396,-0.0195,-0.0033,0.0094,0.0193,0.0271,0.0331,0.0376,0.0409,0.0432,0.0446,0.3311,0.4709,0.7348,0.9556,0.6327,0.3896,0.3814,0.4535,0.4071,0.2278,0.1567,0.189,0.2365,0.2593,0.2505,0.2249,0.1778,0.1044,0.0886,0.381,1.0816,0.95,0.4187,0.1631,0.0678,0.0361,0.0281,0.0289,0.0328,0.0375,0.0419,0.0457,0.0486,0.0506,0.0518,0.0522,0.2619,0.3485,0.5054,0.6068,0.3137,0.1633,0.0749,-0.0891,-0.4029,-0.5149,-0.195,0.0938,0.2536,0.3126,0.2742,0.239,0.2523,0.2325,0.2582,0.4636,0.8621,0.8023,0.4474,0.2291,0.1251,0.0786,0.0594,0.0529,0.0522,0.054,0.0565,0.0587,0.0603,0.0612,0.0612,0.0605,0.1675,0.16,0.0626,-0.2485,-0.2259,-0.0494,-0.0965,-0.3309,-1.0673,-1.4588,-0.4555,0.0894,0.3418,0.4425,0.3536,0.265,0.3131,0.295,0.2879,0.3444,0.4436,0.4353,0.3145,0.1995,0.1269,0.0888,0.0722,0.0669,0.0668,0.0686,0.0707,0.0722,0.0729,0.0726,0.0715,0.0697,0.0909,0.0443,-0.0803,-0.2812,-0.2555,-0.1162,-0.1256,-0.2027,-0.6203,-0.9275,-0.2694,0.203,0.4891,0.7148,0.629,0.479,0.4059,0.321,0.2772,0.2721,0.2746,0.2557,0.2051,0.1458,0.0991,0.0742,0.0687,0.0724,0.0779,0.0825,0.0855,0.0869,0.0868,0.0854,0.083,0.0798,0.0451,0.0046,-0.0627,-0.129,-0.1301,-0.1039,-0.1025,-0.0754,-0.1483,-0.2223,0.022,0.366,0.5589,0.8118,0.7441,0.637,0.525,0.2686,0.2332,0.2375,0.2035,0.171,0.1371,0.0986,0.059,0.0394,0.0523,0.0735,0.0891,0.0983,0.1027,0.1038,0.1028,0.1,0.096,0.0911,0.0193,-0.0085,-0.0432,-0.0727,-0.0861,-0.0924,-0.0975,-0.0918,-0.1074,-0.0939,0.0768,0.5045,0.6536,0.5594,0.6492,0.9715,0.7806,0.4064,0.2702,0.2057,0.1468,0.1129,0.0914,0.0682,0.0285,0.0022,0.0378,0.0813,0.1076,0.1203,0.1246,0.1245,0.1217,0.1171,0.1109,0.1037,0.0022,-0.0175,-0.0396,-0.0601,-0.0765,-0.0905,-0.1028,-0.1146,-0.1369,-0.1702,-0.1629,-0.0007,0.1704,0.0372,0.5556,1.0522,0.8398,0.5096,0.2534,0.127,0.0791,0.0636,0.0567,0.0564,0.043,0.0287,0.0668,0.1158,0.1435,0.1532,0.1535,0.1499,0.1444,0.1371,0.1281,0.1179,-0.0112,-0.027,-0.0443,-0.0618,-0.0789,-0.0964,-0.1162,-0.1451,-0.2042,-0.3527,-0.6747,-0.5434,-0.2986,-0.0019,0.2593,0.5417,0.6284,0.3159,0.0554,-0.0087,0.0669,0.0546,0.028,0.0522,0.0881,0.1191,0.1602,0.1948,0.2057,0.2,0.1894,0.1799,0.1713,0.161,0.148,0.1334,-0.023,-0.0368,-0.0521,-0.0686,-0.0864,-0.1067,-0.1328,-0.173,-0.2476,-0.401,-0.6419,-0.5334,-0.5594,-0.5833,-0.1628,0.0216,0.0354,-0.1976,-0.4078,-0.2534,0.0405,0.021,-0.015,0.0527,0.1621,0.268,0.3304,0.3322,0.2981,0.2582,0.2285,0.2125,0.2028,0.1896,0.1708,0.15,-0.0337,-0.0465,-0.061,-0.0771,-0.0955,-0.1175,-0.146,-0.1869,-0.2487,-0.3359,-0.4166,-0.4567,-0.6294,-0.69,-0.6137,-0.6309,-0.514,-0.8022,-1.2008,-0.7126,-0.343,-0.1908,-0.0956,0.064,0.2982,0.5453,0.635,0.5406,0.4129,0.3164,0.2613,0.2439,0.24,0.2237,0.1953,0.1655,-0.0433,-0.0557,-0.0697,-0.0857,-0.1043,-0.1265,-0.1546,-0.1911,-0.2383,-0.2941,-0.3509,-0.4159,-0.5212,-0.7074,-1.3508,-1.6472,-0.9222,-0.9348,-1.1529,-1.0431,-0.7058,-0.4174,-0.1992,0.07,0.473,0.9705,1.0839,0.7725,0.5161,0.3552,0.2765,0.2695,0.2813,0.2581,0.2153,0.1756,-0.0519,-0.064,-0.0778,-0.0936,-0.1119,-0.1336,-0.1599,-0.192,-0.2308,-0.2759,-0.3284,-0.398,-0.5125,-0.755,-1.2736,-1.4442,-0.9849,-0.9429,-1.3347,-1.5274,-0.9556,-0.5988,-0.3415,-0.0008,0.4972,1.0691,1.1886,0.8532,0.557,0.352,0.2637,0.2744,0.2993,0.2689,0.2176,0.174,-0.0596,-0.0715,-0.085,-0.1004,-0.1182,-0.1389,-0.1634,-0.1924,-0.2266,-0.267,-0.3169,-0.3842,-0.4861,-0.6482,-0.8488,-0.9155,-0.8396,-0.8832,-1.1137,-1.1882,-0.9434,-0.792,-0.6266,-0.2316,0.3221,0.8292,1.1183,0.9313,0.5143,0.2639,0.1961,0.2233,0.2509,0.2316,0.1927,0.1571,-0.0663,-0.0779,-0.0911,-0.106,-0.1231,-0.1428,-0.1657,-0.1922,-0.2233,-0.2603,-0.3057,-0.3641,-0.4415,-0.5384,-0.6329,-0.6851,-0.706,-0.7597,-0.8526,-0.907,-0.969,-1.2177,-1.2536,-0.657,0.0823,0.7621,1.333,0.9463,0.2077,-0.01,0.034,0.1108,0.1567,0.1632,0.1484,0.1285,-0.072,-0.0834,-0.0962,-0.1106,-0.1269,-0.1455,-0.1668,-0.1913,-0.2196,-0.2529,-0.2926,-0.3406,-0.3979,-0.4612,-0.5206,-0.5668,-0.6058,-0.6552,-0.7221,-0.8197,-1.0562,-1.5825,-1.7505,-0.9856,-0.1797,0.3947,0.6463,0.1931,-0.5252,-0.4359,-0.1715,-0.0144,0.0631,0.0942,0.1005,0.0956,-0.0769,-0.0879,-0.1002,-0.114,-0.1296,-0.147,-0.1668,-0.1893,-0.215,-0.2445,-0.2785,-0.3176,-0.3613,-0.4071,-0.4514,-0.4916,-0.531,-0.5773,-0.641,-0.7478,-0.9575,-1.2704,-1.3178,-0.8592,-0.3148,0.051,0.1256,-0.2063,-0.6293,-0.5214,-0.2582,-0.0913,-0.0031,0.0403,0.059,0.0647]}]