docs/data/wind_grid.json
[{"header":{"la1":42.85,"la2":41.18,"lo1":11.55,"lo2":14.05,"nx":36,"ny":24,"dx":0.07143,"dy":0.07261,"parameterCategory":2,"parameterNumber":2,"parameterNumberName":"eastward_wind","parameterUnit":"m.s-1"},"data":[-0.0458,-0.0581,-0.0725,-0.0884,-0.1042,-0.1175,-0.125,-0.1233,-0.1096,-0.0833,-0.046,-0.0007,0.0496,0.1021,0.1548,0.2058,0.2525,0.2916,0.3194,0.3335,0.3336,0.3218,0.3019,0.2774,0.2512,0.2254,0.2011,0.1788,0.1588,0.141,0.1254,0.1117,0.0997,0.0892,0.08,0.0719,-0.0458,-0.0615,-0.0813,-0.1046,-0.1299,-0.154,-0.1717,-0.1767,-0.1636,-0.131,-0.0824,-0.0232,0.0411,0.1076,0.1742,0.2397,0.3012,0.3537,0.3905,0.4064,0.401,0.3789,0.3469,0.3111,0.2755,0.2422,0.2121,0.1856,0.1626,0.1426,0.1255,0.1108,0.0982,0.0874,0.078,0.0698,-0.0416,-0.0607,-0.0866,-0.1195,-0.1584,-0.1997,-0.2355,-0.254,-0.2435,-0.2007,-0.1334,-0.0536,0.0298,0.1134,0.1971,0.2814,0.3645,0.4387,0.4908,0.5086,0.4916,0.4507,0.3994,0.3474,0.2994,0.2571,0.2207,0.1898,0.1638,0.1419,0.1236,0.1082,0.0953,0.0843,0.0749,0.0669,-0.0311,-0.0529,-0.0849,-0.1291,-0.1864,-0.2544,-0.3231,-0.3701,-0.3671,-0.3044,-0.2034,-0.0917,0.0167,0.1202,0.2228,0.3303,0.4448,0.557,0.6383,0.6578,0.6152,0.5393,0.4575,0.3833,0.3202,0.268,0.2252,0.1901,0.1615,0.1382,0.1192,0.1035,0.0906,0.0798,0.0708,0.0631,-0.0118,-0.0339,-0.0704,-0.1261,-0.2058,-0.3122,-0.4388,-0.5484,-0.566,-0.459,-0.2929,-0.1327,0.0056,0.1289,0.2494,0.3814,0.5391,0.719,0.8624,0.8809,0.7795,0.64,0.5139,0.4128,0.3338,0.2721,0.2235,0.1852,0.1549,0.1309,0.1118,0.0965,0.0841,0.074,0.0656,0.0585,0.0192,0.0012,-0.0352,-0.099,-0.2005,-0.3521,-0.5653,-0.8034,-0.8768,-0.6654,-0.3835,-0.1631,0.0032,0.1421,0.2742,0.4234,0.6254,0.9101,1.1817,1.1882,0.9643,0.7294,0.5533,0.4273,0.3352,0.2661,0.2137,0.1736,0.1429,0.1194,0.1012,0.0871,0.0759,0.0668,0.0594,0.0531,0.0643,0.0584,0.0311,-0.0323,-0.1474,-0.3318,-0.6164,-1.0052,-1.1681,-0.8042,-0.4162,-0.163,0.0163,0.1631,0.2982,0.4448,0.655,1.0116,1.4274,1.4122,1.0592,0.757,0.5552,0.4178,0.3197,0.2475,0.1939,0.1542,0.1249,0.1033,0.0873,0.0753,0.0659,0.0585,0.0525,0.0473,0.1245,0.143,0.1416,0.0943,-0.0238,-0.218,-0.4851,-0.8049,-0.9247,-0.6488,-0.3496,-0.131,0.043,0.1961,0.3343,0.4589,0.612,0.8752,1.1917,1.1996,0.9379,0.691,0.5118,0.3819,0.2857,0.2143,0.1625,0.1257,0.1002,0.0825,0.0702,0.0613,0.0547,0.0494,0.0451,0.0413,0.1955,0.2562,0.3116,0.312,0.1923,-0.032,-0.2697,-0.4549,-0.518,-0.4368,-0.2781,-0.1004,0.0696,0.2408,0.4135,0.5208,0.5794,0.6915,0.82,0.8376,0.7277,0.5788,0.4407,0.3251,0.2335,0.1652,0.1178,0.0872,0.0685,0.0572,0.0504,0.0459,0.0427,0.0401,0.0377,0.0354,0.2637,0.382,0.5409,0.6658,0.5421,0.1817,-0.1252,-0.3245,-0.4705,-0.4859,-0.3039,-0.0973,0.0761,0.2669,0.5613,0.7,0.6121,0.6467,0.6981,0.6848,0.6042,0.4882,0.3662,0.2546,0.163,0.0971,0.0571,0.0374,0.0299,0.0283,0.0289,0.03,0.0309,0.0313,0.031,0.0302,0.3043,0.4681,0.7376,1.0687,0.9679,0.342,-0.0743,-0.3056,-0.6452,-0.8018,-0.3756,-0.1004,0.0518,0.1847,0.4938,0.6992,0.6364,0.7536,0.8127,0.7283,0.5838,0.4349,0.296,0.1709,0.0686,0.0023,-0.0246,-0.0249,-0.0144,-0.0025,0.0077,0.0153,0.0206,0.024,0.0258,0.0264,0.2958,0.4517,0.7035,1.0035,0.8828,0.27,-0.1015,-0.2326,-0.4314,-0.5713,-0.287,-0.0844,0.0146,0.0001,0.1399,0.4247,0.721,1.1666,1.2515,0.9201,0.6141,0.3947,0.2223,0.0691,-0.0616,-0.1339,-0.134,-0.0983,-0.0605,-0.0312,-0.0104,0.0038,0.0134,0.0195,0.0229,0.0245,0.2432,0.3456,0.4738,0.5544,0.4087,0.0825,-0.1421,-0.204,-0.2232,-0.2504,-0.1744,-0.1233,-0.0109,-0.0376,0.058,0.4068,0.9041,1.9458,1.9533,1.0839,0.5978,0.3292,0.1392,-0.0449,-0.2321,-0.3225,-0.2663,-0.1712,-0.099,-0.052,-0.0216,-0.0018,0.0111,0.0191,0.0235,0.0252,0.1728,0.2222,0.2608,0.248,0.1434,-0.0148,-0.1374,-0.19,-0.1929,-0.1758,-0.1486,-0.2557,-0.1944,0.8977,0.386,0.5845,0.9755,1.4678,1.4797,0.8566,0.4386,0.2132,0.0556,-0.1271,-0.3659,-0.4828,-0.359,-0.2103,-0.115,-0.0578,-0.0222,0.0008,0.0155,0.0242,0.0284,0.0293,0.1068,0.1239,0.1252,0.0955,0.0295,-0.053,-0.1206,-0.1571,-0.167,-0.1674,-0.1667,-0.1342,0.1694,0.5043,0.4463,0.9425,1.5887,1.0173,0.7315,0.4182,0.1693,0.0588,-0.017,-0.1361,-0.3085,-0.401,-0.308,-0.1835,-0.0985,-0.0449,-0.0098,0.0136,0.0284,0.0363,0.0387,0.0374,0.0536,0.055,0.0444,0.017,-0.0257,-0.074,-0.1155,-0.1441,-0.165,-0.1966,-0.2569,-0.3323,-0.1617,0.1345,0.2519,0.7336,1.2171,0.6617,0.2798,0.0697,-0.0638,-0.0705,-0.079,-0.1245,-0.1857,-0.2148,-0.176,-0.111,-0.056,-0.0154,0.0151,0.0375,0.0515,0.0568,0.0552,0.0495,0.013,0.0077,-0.0058,-0.0283,-0.0582,-0.0907,-0.1207,-0.1468,-0.1732,-0.2105,-0.258,-0.2808,-0.3618,-0.3908,-0.1383,0.0585,0.1831,-0.002,-0.195,-0.1766,-0.1151,-0.1207,-0.1383,-0.1389,-0.126,-0.1001,-0.0656,-0.0317,-0.002,0.0246,0.05,0.0729,0.0867,0.0873,0.0781,0.0652,-0.0177,-0.0258,-0.0392,-0.058,-0.081,-0.1058,-0.1305,-0.1548,-0.1808,-0.211,-0.2446,-0.2963,-0.4359,-0.5048,-0.6238,-0.6934,-0.46,-0.502,-0.6636,-0.4761,-0.3175,-0.2555,-0.2289,-0.1768,-0.0968,-0.0176,0.0262,0.0444,0.0564,0.0691,0.0901,0.1182,0.1346,0.1268,0.1052,0.0821,-0.0413,-0.0504,-0.0632,-0.0795,-0.0987,-0.1196,-0.1416,-0.1649,-0.1907,-0.2212,-0.2612,-0.326,-0.4411,-0.6903,-1.4823,-1.8055,-0.9211,-0.6668,-0.7207,-0.7652,-0.6008,-0.4597,-0.3636,-0.2376,-0.0701,0.0625,0.0949,0.1179,0.1219,0.1143,0.1261,0.1634,0.186,0.1659,0.1287,0.0952,-0.0599,-0.0694,-0.0815,-0.0963,-0.1134,-0.1323,-0.1531,-0.1762,-0.2031,-0.2367,-0.2838,-0.3589,-0.4964,-0.797,-1.4011,-1.5821,-1.0002,-0.789,-1.0196,-1.1542,-0.8344,-0.6849,-0.5712,-0.3587,-0.0742,0.1039,0.133,0.2402,0.2119,0.1573,0.1448,0.18,0.2053,0.1793,0.1358,0.0984,-0.075,-0.0846,-0.0963,-0.1101,-0.126,-0.1439,-0.1641,-0.1874,-0.2154,-0.2512,-0.301,-0.3761,-0.4974,-0.6921,-0.9249,-0.9852,-0.8461,-0.7972,-0.9248,-0.9931,-0.9539,-1.0369,-0.9989,-0.6386,-0.1409,0.3003,0.6899,0.585,0.3188,0.1827,0.1412,0.1543,0.1706,0.154,0.121,0.0895,-0.0875,-0.097,-0.1084,-0.1216,-0.1369,-0.1542,-0.174,-0.1973,-0.2254,-0.2612,-0.3087,-0.3742,-0.4644,-0.5775,-0.6833,-0.7295,-0.7249,-0.7469,-0.828,-0.9496,-1.2261,-1.7756,-1.9062,-1.1703,-0.3145,0.43,1.0329,0.7375,0.2811,0.1437,0.1138,0.1144,0.1201,0.1125,0.0935,0.0719,-0.0979,-0.1074,-0.1186,-0.1314,-0.1461,-0.1629,-0.1823,-0.2051,-0.2324,-0.2662,-0.3087,-0.3625,-0.4282,-0.5007,-0.5665,-0.6132,-0.6494,-0.7039,-0.8065,-1.0121,-1.4857,-2.344,-2.5912,-1.5832,-0.5583,0.1384,0.482,0.3154,0.0503,0.0508,0.072,0.0776,0.0794,0.0752,0.0647,0.051,-0.1068,-0.1162,-0.1271,-0.1396,-0.1538,-0.1701,-0.1889,-0.2107,-0.2365,-0.2673,-0.3044,-0.3483,-0.3984,-0.4513,-0.5023,-0.5492,-0.5989,-0.6682,-0.7836,-0.9951,-1.3832,-1.8997,-1.9949,-1.3825,-0.6538,-0.1404,0.1041,0.0948,0.0149,0.0245,0.0432,0.0481,0.0481,0.045,0.0388,0.0303]},{"header":{"la1":42.85,"la2":41.18,"lo1":11.55,"lo2":14.05,"nx":36,"ny":24,"dx":0.07143,"dy":0.07261,"parameterCategory":2,"parameterNumber":3,"parameterNumberName":"northward_wind","parameterUnit":"m.s-1"},"data":[0.9093,0.879,0.8448,0.8077,0.7693,0.7328,0.7025,0.683,0.6772,0.6846,0.7017,0.7229,0.7431,0.759,0.7689,0.773,0.7727,0.7706,0.7697,0.7724,0.7798,0.7914,0.8058,0.8213,0.8368,0.8515,0.8653,0.8782,0.8904,0.9019,0.913,0.9237,0.934,0.944,0.9537,0.9629,0.9093,0.8739,0.8322,0.7844,0.7324,0.6804,0.6354,0.6062,0.5995,0.6154,0.6464,0.6821,0.7139,0.7369,0.7492,0.7517,0.7468,0.7387,0.733,0.7342,0.7439,0.7603,0.7803,0.8008,0.8202,0.8378,0.8537,0.868,0.8814,0.8939,0.906,0.9176,0.9288,0.9397,0.9502,0.9602,0.9142,0.8738,0.8236,0.7625,0.6911,0.6142,0.5427,0.4942,0.4849,0.5168,0.5737,0.6343,0.6839,0.7165,0.7314,0.7301,0.7163,0.6967,0.6816,0.6804,0.6954,0.7212,0.7505,0.7785,0.8029,0.8237,0.8416,0.8574,0.8718,0.8854,0.8985,0.9111,0.9234,0.9353,0.9467,0.9576,0.9264,0.882,0.8234,0.7469,0.6496,0.5336,0.413,0.3223,0.3047,0.37,0.4778,0.5807,0.6562,0.7009,0.7177,0.7097,0.6802,0.6384,0.6043,0.5999,0.628,0.6725,0.7174,0.7555,0.7858,0.8097,0.8292,0.8461,0.8614,0.8761,0.8902,0.9041,0.9176,0.9307,0.9432,0.9551,0.9481,0.9026,0.8382,0.747,0.6194,0.447,0.2374,0.0497,0.0051,0.1472,0.3578,0.5288,0.6372,0.6942,0.7116,0.694,0.64,0.5562,0.4816,0.4747,0.5361,0.6166,0.6848,0.7347,0.7702,0.796,0.8162,0.8336,0.8497,0.8654,0.8809,0.8963,0.9114,0.9259,0.9397,0.9527,0.9818,0.9399,0.8758,0.7766,0.6231,0.3875,0.0424,-0.3543,-0.4828,-0.1581,0.2412,0.4987,0.6361,0.7003,0.7166,0.6899,0.6077,0.4559,0.2971,0.2944,0.4304,0.5672,0.6611,0.7202,0.7574,0.7825,0.8017,0.8188,0.8355,0.8526,0.8701,0.8875,0.9046,0.9209,0.9363,0.9507,1.0284,0.9975,0.944,0.8505,0.6907,0.422,-0.0289,-0.6816,-0.96,-0.3598,0.2215,0.5205,0.6595,0.7192,0.7331,0.7056,0.6129,0.4076,0.1484,0.1581,0.3781,0.5547,0.6578,0.7148,0.747,0.7673,0.7834,0.7996,0.8173,0.8367,0.8571,0.8775,0.8972,0.9159,0.9332,0.9491,1.0868,1.0762,1.0475,0.9786,0.8392,0.5977,0.2122,-0.3143,-0.5229,-0.0553,0.3787,0.5995,0.7006,0.7432,0.7548,0.7386,0.6725,0.5148,0.3081,0.3011,0.4638,0.5997,0.6772,0.7161,0.7346,0.7455,0.7568,0.7724,0.7928,0.8164,0.8414,0.8661,0.8895,0.9111,0.9307,0.9483,1.1522,1.1717,1.1864,1.165,1.0585,0.8586,0.6101,0.3813,0.3147,0.4409,0.5916,0.6903,0.7366,0.7563,0.7694,0.7712,0.7449,0.676,0.5892,0.5672,0.6174,0.6735,0.7053,0.7143,0.7112,0.7082,0.7142,0.7319,0.7587,0.7903,0.8227,0.8536,0.8818,0.907,0.9291,0.9485,1.2144,1.2694,1.3478,1.4099,1.3314,1.1083,0.9039,0.7609,0.6688,0.6533,0.7104,0.7477,0.742,0.7361,0.7721,0.7938,0.7855,0.7705,0.7452,0.7296,0.7306,0.733,0.7218,0.6946,0.6615,0.6401,0.6433,0.6704,0.7118,0.7577,0.8017,0.8411,0.8752,0.9043,0.9291,0.9502,1.2596,1.3391,1.4739,1.6422,1.5912,1.2779,1.0754,0.9375,0.6749,0.5559,0.7462,0.7732,0.6942,0.6255,0.7151,0.7869,0.7971,0.8113,0.8097,0.8035,0.7905,0.7636,0.7145,0.6415,0.5622,0.5145,0.5241,0.5787,0.6504,0.7201,0.7805,0.8304,0.8711,0.9042,0.9313,0.9538,1.2786,1.3534,1.4745,1.6174,1.565,1.3064,1.1854,1.1536,0.9267,0.7432,0.8427,0.7968,0.6003,0.288,0.4378,0.7079,0.81,0.8145,0.8116,0.8279,0.8163,0.7698,0.6819,0.5419,0.3768,0.2851,0.3298,0.4522,0.5791,0.6835,0.7638,0.8248,0.8715,0.9078,0.9365,0.9597,1.2768,1.3266,1.3888,1.4312,1.3816,1.2759,1.2429,1.2869,1.2146,1.0648,0.9751,0.7981,0.6539,0.1785,0.3416,0.7577,0.8593,0.7557,0.7525,0.8328,0.822,0.7574,0.6351,0.405,0.0755,-0.0987,0.0556,0.3123,0.5176,0.6601,0.7585,0.828,0.8785,0.9161,0.945,0.9681,1.2679,1.2957,1.3207,1.3272,1.3029,1.2685,1.2587,1.2711,1.2584,1.2283,1.138,0.7173,0.629,1.3263,1.0079,0.9911,0.9773,0.8696,0.8376,0.8584,0.7952,0.7143,0.5978,0.3178,-0.192,-0.4705,-0.1526,0.2407,0.5018,0.665,0.7711,0.843,0.8931,0.9293,0.9567,0.9786,1.262,1.2784,1.2906,1.2941,1.2887,1.2831,1.2872,1.3051,1.3555,1.4696,1.5419,1.3778,1.5132,2.2995,1.44,1.1397,1.0208,1.0485,0.9956,0.853,0.6336,0.5695,0.5731,0.3951,-0.0117,-0.2514,-0.0044,0.3261,0.5555,0.7044,0.8033,0.8695,0.9144,0.9462,0.9704,0.9903,1.2618,1.2741,1.2846,1.2925,1.3,1.3124,1.338,1.3924,1.5166,1.8039,2.3476,1.717,1.673,1.7675,1.545,1.2718,1.1206,1.2021,1.151,0.7765,0.1213,0.2242,0.5449,0.5569,0.3869,0.2705,0.3439,0.5019,0.6501,0.7661,0.849,0.9035,0.9385,0.9631,0.9834,1.0017,1.2663,1.2782,1.2903,1.3035,1.3202,1.3454,1.3877,1.4635,1.6066,1.8809,2.2797,1.9594,1.9131,1.9826,1.6975,1.5327,1.4604,1.5233,1.5159,1.0105,0.0783,0.228,0.6381,0.7117,0.6258,0.5388,0.5365,0.6174,0.7302,0.83,0.8986,0.9367,0.9569,0.9733,0.9917,1.0107,1.2735,1.2863,1.3007,1.318,1.3406,1.3726,1.4206,1.4944,1.6058,1.7535,1.8672,1.8628,1.9743,2.015,1.8818,1.8471,1.7624,1.9066,2.115,1.6669,1.082,0.884,0.9148,0.8603,0.6919,0.4913,0.4456,0.5979,0.7735,0.8903,0.9455,0.9561,0.9546,0.9673,0.9917,1.0169,1.2817,1.2956,1.3119,1.3317,1.357,1.3908,1.4367,1.4985,1.5767,1.6612,1.7285,1.7754,1.8383,1.9168,2.1756,2.2954,1.9767,2.0225,2.1753,2.188,1.7702,1.403,1.2008,0.9973,0.6538,0.1351,0.0248,0.4997,0.829,0.9666,0.9903,0.9486,0.9192,0.9436,0.987,1.0237,1.2899,1.3046,1.3219,1.3427,1.3686,1.401,1.4419,1.4919,1.5492,1.6081,1.6622,1.7138,1.7782,1.8938,2.1295,2.2058,2.0202,2.1099,2.6322,2.8822,2.1558,1.7006,1.4414,1.177,0.772,0.1194,-0.023,0.6992,1.0103,1.0943,1.0562,0.9486,0.8948,0.9362,0.9959,1.0395,1.2973,1.3124,1.33,1.3508,1.3757,1.4057,1.4412,1.4823,1.5273,1.5738,1.6203,1.6692,1.7295,1.8149,1.917,1.9579,1.9545,2.0762,2.3798,2.4652,2.1189,1.8704,1.7074,1.4536,1.1602,1.0494,1.3982,1.3957,1.3241,1.2935,1.1926,1.0506,0.9763,0.9945,1.0375,1.0714,1.3036,1.3187,1.3361,1.3562,1.3796,1.4067,1.4377,1.4722,1.5093,1.5482,1.5883,1.6314,1.6805,1.7372,1.7925,1.8314,1.8698,1.9503,2.0579,2.0829,2.0351,2.1061,2.1084,1.7859,1.4933,1.5342,1.8587,1.7133,1.6146,1.5568,1.3988,1.2318,1.1301,1.1006,1.1054,1.117,1.3086,1.3234,1.3402,1.3593,1.3809,1.4053,1.4325,1.4621,1.4937,1.5268,1.5613,1.5977,1.6367,1.6775,1.7167,1.7522,1.7907,1.8408,1.8942,1.9391,2.0368,2.2955,2.3809,1.9914,1.6608,1.5962,1.6761,1.7435,1.9158,1.8302,1.5906,1.3919,1.2668,1.2033,1.1764,1.1661,1.3125,1.3268,1.3428,1.3606,1.3805,1.4025,1.4264,1.4522,1.4795,1.5079,1.5374,1.568,1.5996,1.6314,1.6626,1.693,1.7252,1.7617,1.8032,1.8592,1.9657,2.1298,2.1563,1.9291,1.702,1.6165,1.6475,1.7786,1.9529,1.8757,1.6594,1.4764,1.3529,1.2776,1.2344,1.21]}]