docs/data/wind_grid.json
[{"header":{"la1":42.85,"la2":41.18,"lo1":11.55,"lo2":14.05,"nx":36,"ny":24,"dx":0.07143,"dy":0.07261,"parameterCategory":2,"parameterNumber":2,"parameterNumberName":"eastward_wind","parameterUnit":"m.s-1"},"data":[1.7744,1.7634,1.7498,1.7337,1.7157,1.6968,1.678,1.6603,1.644,1.6288,1.6142,1.5992,1.5829,1.5648,1.5445,1.5219,1.4975,1.4725,1.4481,1.4264,1.4101,1.4027,1.4073,1.4243,1.4514,1.4846,1.5205,1.5566,1.5916,1.6249,1.6563,1.6856,1.7129,1.7382,1.7616,1.7831,1.7848,1.7739,1.7591,1.7403,1.7183,1.6949,1.6719,1.651,1.6327,1.6165,1.6013,1.5857,1.5683,1.5482,1.5246,1.4973,1.4669,1.4346,1.4021,1.3714,1.3459,1.3319,1.3366,1.3613,1.4002,1.4455,1.4918,1.5362,1.5776,1.6159,1.6512,1.6837,1.7136,1.741,1.7661,1.789,1.8004,1.7907,1.7752,1.7529,1.725,1.6945,1.6651,1.6398,1.6193,1.6024,1.5871,1.5714,1.5532,1.5311,1.504,1.4712,1.4333,1.3919,1.3493,1.3066,1.2654,1.2373,1.2416,1.2816,1.3411,1.4043,1.4639,1.5178,1.5661,1.6095,1.6487,1.6843,1.7167,1.7461,1.7728,1.797,1.8232,1.8173,1.8025,1.776,1.7388,1.6966,1.657,1.6256,1.603,1.586,1.5711,1.5558,1.5374,1.5136,1.4828,1.4438,1.3964,1.3433,1.2895,1.2346,1.168,1.1066,1.1103,1.184,1.2786,1.366,1.4405,1.5038,1.5585,1.6066,1.6494,1.6879,1.7226,1.7539,1.7822,1.8075,1.8555,1.859,1.8494,1.8187,1.7664,1.7037,1.6469,1.6077,1.5847,1.568,1.5529,1.5382,1.5204,1.4952,1.4607,1.4153,1.3568,1.2865,1.2194,1.1642,1.0708,0.9353,0.944,1.0869,1.2287,1.3397,1.4264,1.4969,1.5564,1.6082,1.654,1.695,1.7318,1.7649,1.7946,1.8209,1.8988,1.923,1.9313,1.9002,1.8217,1.7207,1.6348,1.5892,1.5735,1.5521,1.5306,1.5169,1.5011,1.4745,1.4359,1.3858,1.3179,1.2222,1.1248,1.0976,1.0356,0.8453,0.8646,1.0561,1.2171,1.3351,1.4255,1.4986,1.5604,1.6145,1.6627,1.706,1.7448,1.7795,1.8103,1.8376,1.9499,2.015,2.0739,2.0612,1.933,1.7568,1.6229,1.5786,1.5861,1.5342,1.4951,1.4882,1.479,1.4483,1.4003,1.3486,1.2872,1.1818,1.0371,1.0386,1.0701,1.0014,1.0104,1.1261,1.2497,1.3528,1.437,1.508,1.57,1.6255,1.6756,1.721,1.7618,1.7981,1.8301,1.8579,1.9933,2.1205,2.2998,2.3739,2.1335,1.8102,1.6021,1.5293,1.5182,1.4429,1.4197,1.4493,1.4583,1.4117,1.3288,1.271,1.2512,1.2029,1.1126,1.0873,1.0612,1.0623,1.1216,1.2056,1.297,1.3811,1.4552,1.5217,1.5829,1.6398,1.6924,1.7403,1.7834,1.8213,1.8543,1.8825,1.997,2.1633,2.4956,2.7818,2.3092,1.8122,1.5322,1.3563,1.2263,1.1709,1.2676,1.4062,1.4579,1.3668,1.1522,1.0458,1.15,1.2166,1.1919,1.1063,0.9295,0.9699,1.139,1.253,1.3367,1.4068,1.4711,1.5338,1.5958,1.6561,1.7127,1.7643,1.8101,1.8499,1.8838,1.9121,1.9397,2.0437,2.2401,2.3662,1.9799,1.6708,1.408,1.0936,0.6628,0.5431,1.0007,1.3894,1.526,1.3786,0.7689,0.4219,0.9788,1.2003,1.2166,1.1507,1.02,1.0487,1.194,1.2975,1.3642,1.4174,1.4728,1.536,1.6045,1.6727,1.7366,1.7937,1.8433,1.8851,1.9196,1.9475,1.8519,1.8468,1.7558,1.4507,1.4508,1.5022,1.3161,0.9388,-0.1058,-0.6554,0.7534,1.4738,1.7172,1.6574,0.9816,0.445,1.0598,1.1781,1.1651,1.1871,1.1955,1.2244,1.2879,1.338,1.364,1.3894,1.4402,1.5173,1.605,1.6899,1.7658,1.8307,1.8848,1.9286,1.9633,1.9899,1.7846,1.7312,1.6037,1.4103,1.413,1.4425,1.3177,1.1613,0.5744,0.1446,1.1001,1.7071,1.9761,2.1386,1.9277,1.537,1.3296,0.935,0.8251,1.0844,1.2471,1.3168,1.3487,1.3414,1.2948,1.2722,1.3398,1.4668,1.5982,1.7117,1.8045,1.879,1.9378,1.983,2.0166,2.0405,1.755,1.7026,1.6232,1.5422,1.5064,1.4556,1.351,1.2937,1.2554,1.2674,1.6295,1.9744,2.1274,2.2893,2.1977,1.8856,1.4777,0.1059,0.0311,0.9511,1.2598,1.3526,1.3679,1.2947,1.1043,0.9843,1.1428,1.3937,1.5989,1.7492,1.8603,1.9438,2.0063,2.0514,2.0821,2.101,1.7535,1.7135,1.6646,1.6164,1.573,1.5142,1.4294,1.3554,1.4132,1.6499,1.9305,2.1425,2.1985,2.2868,2.1296,2.0054,1.8579,0.9912,0.698,1.1405,1.2931,1.3385,1.3608,1.2572,0.892,0.632,0.9677,1.3735,1.6441,1.8203,1.9428,2.0318,2.0956,2.138,2.1624,2.173,1.7685,1.7401,1.7085,1.677,1.6459,1.6113,1.5778,1.5811,1.701,1.9456,2.1661,2.2514,2.259,2.291,2.1544,2.0523,2.3778,1.8994,1.5551,1.3773,1.1512,1.1482,1.3149,1.3316,1.0726,0.8691,1.1513,1.5186,1.771,1.9384,2.0587,2.1487,2.2116,2.2479,2.261,2.2579,1.7925,1.774,1.7553,1.7386,1.7259,1.721,1.7356,1.7972,1.9445,2.1926,2.4847,2.4802,2.398,2.3108,2.2488,2.2522,2.3574,2.1544,1.906,1.3582,0.3639,0.5736,1.2325,1.493,1.4953,1.475,1.6121,1.8095,1.9713,2.0983,2.2072,2.2992,2.3624,2.3879,2.3812,2.356,1.821,1.8111,1.803,1.7992,1.8029,1.8196,1.8597,1.9389,2.0734,2.2678,2.4706,2.4587,2.5192,2.5584,2.4217,2.3953,2.3955,2.435,2.3814,1.6774,0.2757,0.562,1.3686,1.7284,1.88,1.9789,2.068,2.1352,2.196,2.2746,2.3786,2.4884,2.56,2.5664,2.5242,2.4643,1.8511,1.8483,1.8487,1.8548,1.8698,1.8981,1.9464,2.0214,2.1255,2.2478,2.3528,2.4262,2.5609,2.6248,2.7098,2.7871,2.7043,2.9192,3.2606,2.5736,1.7885,1.6004,1.8308,2.0526,2.2425,2.4256,2.4946,2.435,2.3943,2.4334,2.5552,2.7197,2.817,2.7839,2.6802,2.572,1.8808,1.8836,1.8904,1.9033,1.9247,1.9578,2.0058,2.071,2.1516,2.2398,2.3258,2.4145,2.5289,2.7266,3.3212,3.5809,3.0103,3.0567,3.2756,3.2008,2.7117,2.3685,2.3098,2.38,2.5465,2.8343,2.9019,2.6534,2.5215,2.5421,2.7017,2.9592,3.097,2.9949,2.8127,2.6566,1.909,1.916,1.9272,1.9442,1.9688,2.0029,2.0479,2.1045,2.171,2.2443,2.3232,2.4151,2.5445,2.7858,3.255,3.4122,3.0673,3.1224,3.6953,3.9781,3.2115,2.834,2.7112,2.6569,2.6881,2.9061,2.9628,2.6472,2.5436,2.5824,2.7551,3.0506,3.205,3.0702,2.8614,2.6929,1.9348,1.9449,1.959,1.9783,2.0041,2.0375,2.0791,2.1292,2.187,2.2518,2.3249,2.4127,2.5299,2.6979,2.8953,2.9781,2.9595,3.0855,3.4269,3.55,3.2967,3.2345,3.1946,2.9711,2.7401,2.5851,2.3623,2.3887,2.4942,2.5756,2.7042,2.905,3.0235,2.9536,2.8089,2.6754,1.9582,1.9703,1.9862,2.0066,2.0325,2.0645,2.103,2.1481,2.1997,2.2579,2.324,2.4016,2.4955,2.6059,2.7143,2.7905,2.8537,2.9667,3.1291,3.2568,3.4491,3.9232,4.057,3.4491,2.8639,2.4534,2.1314,2.2832,2.5123,2.5876,2.6426,2.7325,2.7987,2.7833,2.7117,2.6266,1.979,1.9925,2.0093,2.0301,2.0555,2.0859,2.1216,2.1626,2.2091,2.2613,2.32,2.3865,2.4613,2.5422,2.6217,2.6949,2.7722,2.8735,3.0095,3.212,3.6431,4.4658,4.7127,3.8068,3.026,2.5929,2.4057,2.4952,2.6558,2.6459,2.6242,2.6422,2.6654,2.6605,2.6249,2.573,1.9974,2.0116,2.0289,2.0496,2.0742,2.1029,2.136,2.1735,2.2156,2.2624,2.3142,2.3712,2.4332,2.4987,2.5656,2.6343,2.7112,2.8077,2.9414,3.1536,3.5263,4.0303,4.1395,3.6166,3.0596,2.7207,2.5802,2.6025,2.6772,2.6579,2.6168,2.6015,2.5977,2.5871,2.5629,2.5279]},{"header":{"la1":42.85,"la2":41.18,"lo1":11.55,"lo2":14.05,"nx":36,"ny":24,"dx":0.07143,"dy":0.07261,"parameterCategory":2,"parameterNumber":3,"parameterNumberName":"northward_wind","parameterUnit":"m.s-1"},"data":[0.3347,0.3481,0.36,0.3701,0.378,0.3828,0.3827,0.3752,0.3591,0.3352,0.3068,0.2789,0.256,0.2415,0.2368,0.2419,0.2554,0.2745,0.2956,0.3148,0.3276,0.3288,0.3142,0.2831,0.2391,0.1881,0.1352,0.0841,0.0366,-0.0067,-0.0454,-0.0799,-0.1104,-0.1373,-0.1609,-0.1816,0.3655,0.3826,0.3983,0.4126,0.4258,0.4369,0.4428,0.4386,0.4197,0.3862,0.3445,0.3035,0.271,0.2516,0.2473,0.2579,0.2811,0.3129,0.3478,0.381,0.407,0.417,0.4013,0.3576,0.295,0.2251,0.1565,0.0933,0.0369,-0.0127,-0.056,-0.0936,-0.1263,-0.1546,-0.1791,-0.2003,0.3998,0.4215,0.4417,0.4612,0.4815,0.5035,0.5231,0.5291,0.5087,0.4593,0.3939,0.3309,0.2833,0.2569,0.2532,0.2718,0.3097,0.3604,0.4148,0.4669,0.5146,0.544,0.5273,0.4588,0.3629,0.2643,0.1748,0.0974,0.0315,-0.0244,-0.0718,-0.1122,-0.1466,-0.1759,-0.201,-0.2223,0.4383,0.4661,0.4913,0.5157,0.5444,0.5838,0.6322,0.6672,0.6512,0.5713,0.4603,0.3597,0.2896,0.2537,0.2511,0.2811,0.3417,0.423,0.5045,0.5752,0.6549,0.7319,0.7152,0.591,0.4363,0.2975,0.1837,0.0918,0.0172,-0.0439,-0.0945,-0.1367,-0.1721,-0.2019,-0.2269,-0.2479,0.4822,0.5187,0.5501,0.5772,0.6107,0.6723,0.7775,0.8915,0.9013,0.751,0.5454,0.383,0.2834,0.2369,0.2356,0.2801,0.375,0.5121,0.6418,0.7091,0.8043,0.9926,0.9706,0.7273,0.4891,0.3086,0.174,0.0713,-0.0091,-0.0733,-0.1254,-0.1682,-0.2036,-0.233,-0.2574,-0.2777,0.5321,0.5834,0.6256,0.6515,0.6753,0.7482,0.9404,1.2466,1.3511,1.017,0.6256,0.3818,0.2554,0.201,0.2,0.257,0.394,0.6334,0.896,0.9109,0.8678,1.1336,1.0961,0.7536,0.4736,0.2778,0.1367,0.0311,-0.0503,-0.1143,-0.1657,-0.2074,-0.2416,-0.2698,-0.2929,-0.3118,0.586,0.664,0.7335,0.7603,0.7431,0.7752,1.0076,1.5601,1.849,1.1967,0.6085,0.325,0.1982,0.1435,0.1376,0.1935,0.3524,0.6879,1.1839,1.1493,0.7876,0.8152,0.7929,0.5819,0.3679,0.1982,0.0685,-0.0308,-0.1076,-0.1678,-0.2159,-0.2548,-0.2866,-0.3126,-0.3338,-0.3506,0.6334,0.7514,0.8875,0.9483,0.8419,0.7458,0.8389,1.1937,1.3601,0.8353,0.3922,0.2001,0.1179,0.0696,0.0442,0.0758,0.2105,0.4845,0.8322,0.803,0.5437,0.4834,0.4556,0.3543,0.2153,0.0829,-0.0272,-0.1138,-0.1811,-0.2339,-0.2761,-0.3104,-0.3387,-0.3618,-0.3803,-0.3946,0.6535,0.7991,1.017,1.1777,0.937,0.692,0.5782,0.5163,0.365,0.1315,0.0389,0.0444,0.0434,-0.003,-0.0901,-0.1112,0.0099,0.1903,0.3535,0.3964,0.3893,0.3705,0.2835,0.1747,0.0566,-0.054,-0.1456,-0.2162,-0.2698,-0.3117,-0.3457,-0.3741,-0.3979,-0.4175,-0.4329,-0.4443,0.632,0.7532,0.9073,0.9935,0.8147,0.6226,0.4174,0.0752,-0.4975,-0.7428,-0.3708,-0.0794,0.0212,-0.0277,-0.2837,-0.4292,-0.1694,-0.0141,0.0872,0.1886,0.2981,0.2734,0.1404,0.0087,-0.1115,-0.2127,-0.2872,-0.3375,-0.3724,-0.3997,-0.4235,-0.4452,-0.4644,-0.4804,-0.4924,-0.5002,0.5825,0.6619,0.7185,0.7045,0.6872,0.6046,0.4592,0.0297,-1.3798,-2.1004,-0.691,-0.0937,0.0934,0.1003,-0.1943,-0.4291,-0.191,-0.1462,-0.123,-0.0458,0.0313,0.0271,-0.0608,-0.1835,-0.3092,-0.4069,-0.4591,-0.4784,-0.4863,-0.4952,-0.5079,-0.5232,-0.5385,-0.5513,-0.56,-0.5638,0.5252,0.5849,0.6366,0.672,0.6643,0.657,0.7733,0.8181,-0.2843,-1.1625,-0.3899,0.0352,0.2353,0.404,0.2539,0.0142,-0.126,-0.338,-0.397,-0.2756,-0.1974,-0.1966,-0.2669,-0.3969,-0.5551,-0.6622,-0.6721,-0.636,-0.6054,-0.5935,-0.5967,-0.6081,-0.6217,-0.6326,-0.638,-0.6369,0.466,0.5136,0.5589,0.5938,0.6181,0.7219,1.0617,1.5762,1.066,0.1623,0.0329,0.2048,0.3115,0.4918,0.38,0.177,-0.0781,-0.7342,-0.7796,-0.4408,-0.3505,-0.3612,-0.4391,-0.606,-0.857,-1.0037,-0.919,-0.7912,-0.7166,-0.6886,-0.6885,-0.7017,-0.7176,-0.7285,-0.7304,-0.7225,0.4059,0.4417,0.4763,0.5094,0.5579,0.6801,0.9429,1.2599,0.9898,0.3214,0.1007,0.3278,0.424,0.2618,0.2627,0.451,0.1356,-0.4256,-0.5768,-0.4651,-0.4596,-0.496,-0.5688,-0.7505,-1.0954,-1.2946,-1.0946,-0.8961,-0.8034,-0.7766,-0.7852,-0.8098,-0.8343,-0.8472,-0.8437,-0.8251,0.3466,0.3719,0.3967,0.4234,0.463,0.5341,0.6343,0.6672,0.4421,0.0627,-0.1504,-0.0959,-0.0125,-0.1703,0.1594,0.4726,-0.4275,-0.2953,-0.3982,-0.5013,-0.619,-0.6571,-0.6673,-0.7807,-1.0233,-1.1709,-1.0538,-0.9233,-0.8649,-0.8615,-0.8949,-0.9447,-0.987,-1.0031,-0.9885,-0.9503,0.2895,0.3056,0.3203,0.3346,0.3508,0.3673,0.3643,0.2886,0.0828,-0.2525,-0.6796,-0.5432,-0.3552,-0.1697,-0.0729,-0.1301,-0.4233,-0.3607,-0.4426,-0.6323,-0.9339,-0.886,-0.7512,-0.7741,-0.8852,-0.9694,-0.9693,-0.9381,-0.925,-0.9547,-1.0311,-1.1297,-1.2044,-1.2204,-1.1788,-1.1035,0.2357,0.2436,0.2485,0.2496,0.245,0.2279,0.1829,0.0856,-0.0855,-0.3425,-0.6424,-0.5319,-0.4728,-0.471,-0.3093,-0.3055,-0.367,-0.4494,-0.5458,-0.6838,-0.9866,-0.9243,-0.7792,-0.7909,-0.8877,-0.991,-1.0352,-1.0165,-1.0024,-1.0595,-1.2086,-1.4036,-1.5365,-1.5346,-1.4281,-1.2843,0.186,0.1869,0.1837,0.1746,0.1568,0.1245,0.0693,-0.0182,-0.141,-0.2856,-0.3986,-0.4291,-0.4992,-0.535,-0.5626,-0.6153,-0.5447,-0.597,-0.6949,-0.6529,-0.7278,-0.758,-0.7565,-0.8309,-1.014,-1.2552,-1.3261,-1.1796,-1.0771,-1.1527,-1.4293,-1.8172,-2.05,-1.9721,-1.7272,-1.4739,0.1408,0.1364,0.1272,0.1117,0.0873,0.0505,-0.0024,-0.0738,-0.1606,-0.2512,-0.3273,-0.387,-0.4587,-0.5918,-1.0218,-1.2119,-0.7389,-0.6311,-0.659,-0.6191,-0.6418,-0.6872,-0.7451,-0.8722,-1.1876,-1.7801,-1.9156,-1.3483,-1.0699,-1.1739,-1.6338,-2.3343,-2.7015,-2.4462,-1.9965,-1.6217,0.1004,0.0922,0.0792,0.0601,0.0334,-0.003,-0.0502,-0.1082,-0.1739,-0.2417,-0.3066,-0.3728,-0.4614,-0.6306,-0.9704,-1.0783,-0.7578,-0.6193,-0.5889,-0.5804,-0.6256,-0.6886,-0.7548,-0.8579,-1.133,-1.8125,-1.9753,-1.0844,-0.8511,-1.0453,-1.6299,-2.5332,-2.9797,-2.6156,-2.0749,-1.6591,0.0648,0.0539,0.0387,0.0182,-0.0087,-0.0428,-0.0843,-0.1328,-0.1862,-0.2424,-0.3005,-0.3646,-0.4466,-0.5628,-0.6973,-0.7358,-0.6589,-0.6026,-0.5915,-0.6032,-0.6669,-0.7672,-0.821,-0.8083,-0.7857,-0.6268,0.0231,-0.0798,-0.4384,-0.76,-1.2913,-2.0254,-2.4336,-2.2585,-1.8859,-1.5605,0.0335,0.021,0.0047,-0.0161,-0.0421,-0.0734,-0.1102,-0.1519,-0.1974,-0.2459,-0.2974,-0.3541,-0.4194,-0.4931,-0.5595,-0.5903,-0.5868,-0.5838,-0.6012,-0.6511,-0.7766,-0.9871,-1.0483,-0.8517,-0.5634,-0.0083,0.7924,0.3797,-0.1578,-0.4272,-0.8319,-1.3351,-1.6726,-1.7054,-1.5594,-1.3757,0.0061,-0.0072,-0.0239,-0.0444,-0.069,-0.0978,-0.1306,-0.1672,-0.2069,-0.2493,-0.2944,-0.3427,-0.3942,-0.4462,-0.4916,-0.5232,-0.5438,-0.5668,-0.6073,-0.6895,-0.8672,-1.17,-1.2562,-0.9328,-0.5611,-0.157,0.1532,0.0432,-0.0418,-0.1551,-0.496,-0.8755,-1.1522,-1.2662,-1.2526,-1.1771,-0.0179,-0.0316,-0.0482,-0.068,-0.0911,-0.1175,-0.1471,-0.1797,-0.2148,-0.2522,-0.2915,-0.3327,-0.3748,-0.4161,-0.4537,-0.4861,-0.5159,-0.5503,-0.6007,-0.6854,-0.8302,-1.0152,-1.0529,-0.8506,-0.5836,-0.3377,-0.1728,-0.1074,-0.0327,-0.114,-0.3752,-0.6524,-0.8648,-0.9852,-1.0233,-1.0073]}]