docs/data/wind_grid.json
[{"header":{"la1":42.85,"la2":41.18,"lo1":11.55,"lo2":14.05,"nx":36,"ny":24,"dx":0.07143,"dy":0.07261,"parameterCategory":2,"parameterNumber":2,"parameterNumberName":"eastward_wind","parameterUnit":"m.s-1"},"data":[-0.5927,-0.598,-0.601,-0.6018,-0.6003,-0.5966,-0.5904,-0.5812,-0.5687,-0.5535,-0.537,-0.5213,-0.5083,-0.499,-0.4934,-0.4904,-0.4879,-0.4829,-0.4726,-0.4559,-0.4349,-0.4143,-0.3989,-0.3905,-0.3875,-0.3869,-0.3862,-0.3845,-0.3814,-0.3771,-0.3721,-0.3665,-0.3608,-0.3551,-0.3495,-0.3442,-0.6166,-0.6239,-0.6284,-0.63,-0.6293,-0.6263,-0.6208,-0.6113,-0.5964,-0.5763,-0.5536,-0.5322,-0.5152,-0.5045,-0.5002,-0.5006,-0.5024,-0.5004,-0.4885,-0.4634,-0.4284,-0.3946,-0.3736,-0.3682,-0.3722,-0.3781,-0.3819,-0.3826,-0.3805,-0.3765,-0.3712,-0.3653,-0.3592,-0.353,-0.3471,-0.3415,-0.6446,-0.6548,-0.6612,-0.6639,-0.6639,-0.6627,-0.66,-0.6526,-0.6356,-0.6079,-0.5746,-0.5435,-0.5203,-0.5076,-0.5055,-0.5121,-0.5228,-0.5286,-0.5168,-0.4765,-0.4116,-0.3489,-0.3201,-0.3273,-0.3486,-0.3671,-0.3778,-0.3815,-0.3803,-0.3762,-0.3704,-0.3639,-0.3572,-0.3506,-0.3442,-0.3383,-0.6779,-0.6926,-0.7017,-0.7051,-0.7052,-0.7065,-0.7113,-0.7126,-0.6959,-0.6548,-0.6019,-0.5543,-0.5214,-0.5057,-0.507,-0.5238,-0.5512,-0.5763,-0.5728,-0.5087,-0.3774,-0.244,-0.209,-0.2593,-0.3189,-0.3575,-0.3763,-0.3823,-0.3812,-0.3763,-0.3696,-0.3622,-0.3548,-0.3476,-0.3408,-0.3345,-0.7178,-0.74,-0.7539,-0.7571,-0.7538,-0.7564,-0.7766,-0.8054,-0.7982,-0.7288,-0.6362,-0.5614,-0.515,-0.4952,-0.5004,-0.5311,-0.5867,-0.6551,-0.6899,-0.6029,-0.3377,-0.0292,-0.0133,-0.1781,-0.2989,-0.3578,-0.381,-0.3865,-0.3835,-0.3768,-0.3686,-0.3601,-0.3517,-0.3439,-0.3366,-0.33,-0.7651,-0.8009,-0.8251,-0.8278,-0.8123,-0.8059,-0.8478,-0.9457,-0.9775,-0.8372,-0.6681,-0.5566,-0.4958,-0.4711,-0.4788,-0.5238,-0.6166,-0.7642,-0.9137,-0.8441,-0.425,0.1146,0.0938,-0.1763,-0.3218,-0.378,-0.3944,-0.394,-0.3869,-0.3772,-0.367,-0.3571,-0.3478,-0.3392,-0.3316,-0.3247,-0.8178,-0.8776,-0.9272,-0.9356,-0.8908,-0.8456,-0.8836,-1.0662,-1.1726,-0.911,-0.6607,-0.527,-0.4589,-0.4284,-0.4323,-0.4842,-0.6063,-0.8289,-1.1299,-1.1017,-0.7236,-0.345,-0.2465,-0.342,-0.4015,-0.4178,-0.4141,-0.403,-0.3898,-0.3766,-0.3642,-0.3529,-0.3426,-0.3335,-0.3254,-0.3184,-0.8671,-0.9613,-1.0651,-1.1068,-1.006,-0.8757,-0.8383,-0.9346,-0.9863,-0.772,-0.5743,-0.4673,-0.4055,-0.3641,-0.3477,-0.3906,-0.5228,-0.7392,-0.9706,-1.0189,-1.0416,-0.9291,-0.6852,-0.5549,-0.4959,-0.4596,-0.432,-0.4093,-0.3902,-0.3738,-0.3596,-0.347,-0.336,-0.3264,-0.3181,-0.3109,-0.8965,-1.0157,-1.1764,-1.2861,-1.1122,-0.894,-0.7603,-0.6936,-0.6218,-0.5163,-0.4422,-0.3948,-0.3475,-0.2821,-0.1984,-0.2025,-0.3772,-0.6015,-0.8062,-1.0495,-1.4998,-1.3874,-0.9336,-0.6784,-0.5518,-0.4822,-0.439,-0.409,-0.3863,-0.368,-0.3525,-0.3392,-0.3276,-0.3177,-0.3092,-0.3021,-0.8948,-1.0075,-1.1361,-1.203,-1.0929,-0.8912,-0.7033,-0.537,-0.345,-0.2532,-0.3104,-0.335,-0.3064,-0.2148,0.0417,0.1788,-0.2246,-0.5334,-0.7397,-0.973,-1.2999,-1.2369,-0.9044,-0.6771,-0.5491,-0.4756,-0.4306,-0.4003,-0.3774,-0.3588,-0.343,-0.3293,-0.3173,-0.3071,-0.2986,-0.2917,-0.8675,-0.9686,-1.0904,-1.2367,-1.1864,-0.9002,-0.6887,-0.4992,-0.0999,0.0922,-0.2175,-0.3081,-0.2959,-0.232,0.0002,0.1827,-0.2896,-0.6196,-0.7781,-0.8453,-0.9055,-0.8692,-0.7291,-0.5939,-0.5014,-0.445,-0.41,-0.3851,-0.3648,-0.347,-0.3312,-0.3172,-0.3049,-0.2944,-0.286,-0.2794,-0.821,-0.9108,-1.036,-1.1951,-1.136,-0.858,-0.7284,-0.6923,-0.3806,-0.1308,-0.2716,-0.3202,-0.3007,-0.2494,-0.2579,-0.3265,-0.5808,-0.9803,-1.0863,-0.8855,-0.7458,-0.6572,-0.5709,-0.493,-0.4381,-0.4068,-0.3868,-0.3687,-0.3509,-0.3338,-0.3177,-0.3029,-0.2898,-0.279,-0.2707,-0.2647,-0.7582,-0.8222,-0.8951,-0.9447,-0.8871,-0.7708,-0.7701,-0.8952,-0.7388,-0.4393,-0.3478,-0.3602,-0.3447,-0.2413,-0.3011,-0.5148,-0.7883,-1.6835,-1.7131,-0.9742,-0.6563,-0.5168,-0.4455,-0.4062,-0.39,-0.3859,-0.3745,-0.3566,-0.3381,-0.3201,-0.3026,-0.286,-0.2714,-0.2599,-0.2518,-0.2469,-0.6881,-0.7245,-0.7541,-0.7588,-0.7249,-0.6887,-0.7147,-0.7935,-0.6933,-0.4372,-0.3265,-0.3984,-0.4405,-0.4542,-0.4714,-0.717,-0.7947,-1.1876,-1.2564,-0.7757,-0.4791,-0.3523,-0.3219,-0.3366,-0.3754,-0.3977,-0.3746,-0.3477,-0.3264,-0.3063,-0.2856,-0.2653,-0.2478,-0.2351,-0.2277,-0.2249,-0.6204,-0.6374,-0.6455,-0.6383,-0.6168,-0.5966,-0.5922,-0.5763,-0.4694,-0.2931,-0.1804,-0.1979,-0.265,-0.2151,-0.4908,-0.7769,-1.0252,-0.7796,-0.6372,-0.393,-0.1647,-0.11,-0.1732,-0.2565,-0.337,-0.3738,-0.3567,-0.3351,-0.3157,-0.2928,-0.2658,-0.2381,-0.2152,-0.201,-0.1958,-0.1973,-0.5599,-0.565,-0.5625,-0.5502,-0.5294,-0.5038,-0.4714,-0.4134,-0.3015,-0.126,0.0961,0.065,-0.0512,-0.1971,-0.3501,-0.6096,-0.825,-0.5221,-0.2659,-0.0324,0.2515,0.1921,-0.0163,-0.1611,-0.2603,-0.3137,-0.3301,-0.3281,-0.3119,-0.2818,-0.2412,-0.1986,-0.1661,-0.1512,-0.1524,-0.1627,-0.5075,-0.5051,-0.4964,-0.4802,-0.4564,-0.4243,-0.3799,-0.3135,-0.2137,-0.073,0.0832,0.0494,0.0592,0.0715,-0.074,-0.1755,-0.2099,-0.0295,0.1714,0.2155,0.3368,0.2701,0.0677,-0.0944,-0.2196,-0.3061,-0.3494,-0.353,-0.3269,-0.2769,-0.2079,-0.1352,-0.0862,-0.0761,-0.0938,-0.1209,-0.4623,-0.455,-0.4423,-0.4232,-0.3969,-0.3621,-0.316,-0.255,-0.1774,-0.0897,-0.0168,0.0271,0.1118,0.1742,0.3711,0.4805,0.322,0.4723,0.7266,0.4919,0.3476,0.2438,0.1015,-0.0675,-0.244,-0.3926,-0.4524,-0.4286,-0.3691,-0.2816,-0.1614,-0.0306,0.0443,0.0325,-0.0216,-0.0763,-0.4234,-0.4129,-0.3976,-0.3767,-0.3493,-0.3145,-0.2709,-0.2178,-0.1561,-0.0904,-0.0259,0.0461,0.1581,0.4224,1.281,1.6511,0.7669,0.6381,0.7801,0.831,0.5859,0.3561,0.1687,-0.0467,-0.3114,-0.5649,-0.6231,-0.537,-0.4352,-0.3023,-0.1132,0.109,0.2163,0.1531,0.0445,-0.041,-0.39,-0.3774,-0.3605,-0.3387,-0.3113,-0.2778,-0.2376,-0.1904,-0.137,-0.0781,-0.011,0.0776,0.2258,0.5444,1.1958,1.4071,0.845,0.7435,1.1781,1.4068,0.8299,0.5138,0.3014,0.0287,-0.3216,-0.6212,-0.6785,-0.6397,-0.5209,-0.3523,-0.1194,0.1638,0.2911,0.1965,0.0636,-0.032,-0.3613,-0.3474,-0.3296,-0.3076,-0.2809,-0.249,-0.2117,-0.1687,-0.1198,-0.0639,0.0035,0.0935,0.2284,0.439,0.6933,0.7788,0.6819,0.713,0.9625,1.056,0.8331,0.7264,0.5984,0.242,-0.2353,-0.6595,-0.9764,-0.877,-0.6266,-0.4315,-0.2193,0.019,0.143,0.1036,0.0164,-0.0553,-0.3367,-0.322,-0.3039,-0.2821,-0.2563,-0.2261,-0.1913,-0.1515,-0.1061,-0.0535,0.0096,0.0894,0.1932,0.3208,0.4434,0.511,0.5357,0.5948,0.7031,0.783,0.8934,1.2154,1.2785,0.6598,-0.0728,-0.7214,-1.2356,-1.0005,-0.6562,-0.5055,-0.3474,-0.1741,-0.0615,-0.0386,-0.0637,-0.0982,-0.3156,-0.3005,-0.2825,-0.2612,-0.2365,-0.208,-0.1755,-0.1386,-0.0966,-0.0484,0.0079,0.0746,0.1528,0.2378,0.317,0.3781,0.4285,0.4907,0.5773,0.7087,1.0089,1.6331,1.8275,0.9897,0.1337,-0.4674,-0.7818,-0.7108,-0.606,-0.5611,-0.435,-0.2963,-0.1959,-0.1473,-0.1359,-0.1422,-0.2975,-0.2824,-0.2646,-0.2441,-0.2205,-0.1937,-0.1634,-0.1293,-0.091,-0.0477,0.0013,0.0566,0.1174,0.1806,0.241,0.2957,0.3489,0.4108,0.4958,0.6356,0.8972,1.2724,1.335,0.8252,0.2156,-0.2319,-0.4783,-0.5599,-0.5954,-0.5614,-0.454,-0.344,-0.261,-0.21,-0.1851,-0.1766]},{"header":{"la1":42.85,"la2":41.18,"lo1":11.55,"lo2":14.05,"nx":36,"ny":24,"dx":0.07143,"dy":0.07261,"parameterCategory":2,"parameterNumber":3,"parameterNumberName":"northward_wind","parameterUnit":"m.s-1"},"data":[-0.6693,-0.6643,-0.6572,-0.6479,-0.6364,-0.6235,-0.61,-0.597,-0.5848,-0.5733,-0.5611,-0.5468,-0.529,-0.5072,-0.4813,-0.4518,-0.4197,-0.3866,-0.3541,-0.3242,-0.2993,-0.2821,-0.2748,-0.2773,-0.2872,-0.3014,-0.3171,-0.3327,-0.3474,-0.3608,-0.373,-0.3841,-0.394,-0.4031,-0.4114,-0.4189,-0.681,-0.6761,-0.6684,-0.6574,-0.6433,-0.6269,-0.6098,-0.5942,-0.5817,-0.5719,-0.5623,-0.5499,-0.5326,-0.5091,-0.4796,-0.4447,-0.4057,-0.3646,-0.3237,-0.2851,-0.2519,-0.2291,-0.222,-0.2305,-0.2494,-0.2724,-0.2953,-0.3163,-0.3349,-0.3511,-0.3654,-0.378,-0.3892,-0.3992,-0.4083,-0.4165,-0.6944,-0.6901,-0.6819,-0.6689,-0.6507,-0.6281,-0.6039,-0.5831,-0.5701,-0.5646,-0.5612,-0.5538,-0.5384,-0.5139,-0.4803,-0.4387,-0.3906,-0.3392,-0.2876,-0.2374,-0.1903,-0.156,-0.1493,-0.1705,-0.2055,-0.2417,-0.2739,-0.301,-0.3237,-0.3427,-0.359,-0.373,-0.3853,-0.3962,-0.4059,-0.4147,-0.71,-0.707,-0.699,-0.6839,-0.6599,-0.6268,-0.5883,-0.5548,-0.5397,-0.5448,-0.5559,-0.5588,-0.5478,-0.5229,-0.485,-0.4351,-0.3749,-0.3093,-0.2453,-0.1829,-0.1133,-0.0519,-0.0465,-0.0961,-0.1588,-0.2129,-0.2554,-0.2886,-0.3149,-0.3363,-0.3541,-0.3693,-0.3825,-0.3941,-0.4044,-0.4137,-0.7279,-0.7277,-0.7216,-0.7053,-0.6745,-0.6251,-0.5577,-0.4913,-0.468,-0.5007,-0.5451,-0.5672,-0.5631,-0.5384,-0.4963,-0.4368,-0.3599,-0.2722,-0.1927,-0.129,-0.0345,0.089,0.0861,-0.0214,-0.1213,-0.1928,-0.2436,-0.2809,-0.3095,-0.3323,-0.3511,-0.3671,-0.3809,-0.3931,-0.4039,-0.4136,-0.7478,-0.7527,-0.7516,-0.7375,-0.7015,-0.6326,-0.5167,-0.3677,-0.3128,-0.4219,-0.5359,-0.5849,-0.5874,-0.5629,-0.5179,-0.4499,-0.3526,-0.2268,-0.113,-0.0772,-0.0085,0.1643,0.15,0.0019,-0.1126,-0.1887,-0.241,-0.279,-0.308,-0.3311,-0.3502,-0.3665,-0.3807,-0.3933,-0.4045,-0.4145,-0.7679,-0.7809,-0.7905,-0.7847,-0.7485,-0.6693,-0.5137,-0.2476,-0.1222,-0.3686,-0.5607,-0.623,-0.6237,-0.5982,-0.5544,-0.4842,-0.3723,-0.2069,-0.0297,-0.0275,-0.0445,0.0285,0.0296,-0.0538,-0.1373,-0.2009,-0.2477,-0.2828,-0.3101,-0.3323,-0.3511,-0.3674,-0.3818,-0.3947,-0.4062,-0.4165,-0.7847,-0.8074,-0.8355,-0.8468,-0.8105,-0.7414,-0.6232,-0.4214,-0.33,-0.5244,-0.6613,-0.6875,-0.6704,-0.6439,-0.6111,-0.5505,-0.4384,-0.2775,-0.1216,-0.078,-0.0405,-0.0288,-0.0642,-0.1173,-0.1737,-0.2221,-0.2603,-0.2904,-0.3149,-0.3355,-0.3536,-0.3697,-0.3843,-0.3975,-0.4093,-0.4198,-0.7931,-0.8201,-0.8665,-0.9043,-0.8522,-0.8124,-0.7888,-0.7607,-0.7769,-0.8306,-0.8213,-0.7669,-0.718,-0.695,-0.698,-0.667,-0.5412,-0.3827,-0.2412,-0.1065,0.0752,0.045,-0.081,-0.156,-0.2064,-0.2448,-0.2751,-0.2997,-0.3209,-0.3398,-0.3571,-0.3732,-0.3881,-0.4017,-0.4138,-0.4246,-0.7911,-0.8071,-0.8309,-0.8465,-0.8146,-0.8532,-0.9295,-1.0255,-1.1655,-1.197,-1.007,-0.8372,-0.7515,-0.7357,-0.8251,-0.8815,-0.6427,-0.4477,-0.3091,-0.1674,-0.0095,-0.0212,-0.1254,-0.1939,-0.2363,-0.2659,-0.2888,-0.3084,-0.3265,-0.3441,-0.3612,-0.3778,-0.3933,-0.4076,-0.4203,-0.4313,-0.7847,-0.7832,-0.754,-0.6633,-0.6919,-0.8772,-1.0509,-1.208,-1.511,-1.6742,-1.1534,-0.8648,-0.7622,-0.7455,-0.8142,-0.8852,-0.616,-0.4354,-0.3338,-0.2544,-0.1847,-0.1695,-0.2009,-0.2363,-0.2635,-0.2833,-0.2992,-0.3143,-0.3304,-0.3477,-0.3656,-0.3835,-0.4004,-0.4158,-0.4291,-0.4403,-0.7826,-0.7769,-0.7437,-0.673,-0.7176,-0.9505,-1.1894,-1.3423,-1.4103,-1.4411,-1.0691,-0.8305,-0.7616,-0.8021,-0.7337,-0.6027,-0.4594,-0.3393,-0.2925,-0.2793,-0.2578,-0.2458,-0.2518,-0.2671,-0.2825,-0.2941,-0.3039,-0.316,-0.3316,-0.3501,-0.3704,-0.3909,-0.4102,-0.4272,-0.4414,-0.4526,-0.7863,-0.7894,-0.7859,-0.7906,-0.8651,-1.0462,-1.2889,-1.4938,-1.3791,-1.1433,-0.9147,-0.7867,-0.7394,-0.8302,-0.7168,-0.4101,-0.2953,-0.218,-0.2152,-0.2634,-0.2671,-0.2628,-0.2672,-0.279,-0.2914,-0.298,-0.3026,-0.3129,-0.3297,-0.3515,-0.3762,-0.4013,-0.4245,-0.4438,-0.4587,-0.4693,-0.7911,-0.8037,-0.821,-0.8556,-0.9297,-1.0573,-1.2261,-1.3744,-1.2832,-1.0076,-0.8162,-0.7905,-0.774,-0.5027,-0.3889,-0.0515,-0.0918,-0.191,-0.2236,-0.2474,-0.2397,-0.236,-0.2521,-0.2747,-0.2939,-0.3006,-0.2989,-0.306,-0.3247,-0.3522,-0.3847,-0.4175,-0.4464,-0.4686,-0.4835,-0.492,-0.7923,-0.8093,-0.8328,-0.869,-0.9247,-1.0004,-1.0805,-1.1159,-1.0307,-0.8653,-0.7357,-0.6411,-0.4879,-0.1383,-0.2528,0.0441,0.1606,-0.1125,-0.2234,-0.2126,-0.1412,-0.1401,-0.2041,-0.2543,-0.2822,-0.2925,-0.2874,-0.2913,-0.3143,-0.3526,-0.3986,-0.4442,-0.4817,-0.5067,-0.5194,-0.5229,-0.7885,-0.8054,-0.827,-0.8552,-0.8903,-0.9275,-0.9526,-0.9406,-0.8742,-0.7847,-0.7587,-0.4953,-0.5074,-0.4533,-0.3637,-0.1483,0.0197,-0.1747,-0.2575,-0.1526,0.1318,0.065,-0.1384,-0.2242,-0.2462,-0.2463,-0.2413,-0.2527,-0.2919,-0.3524,-0.423,-0.4905,-0.5409,-0.5665,-0.5712,-0.5639,-0.7806,-0.795,-0.8118,-0.8309,-0.8503,-0.8653,-0.8672,-0.8466,-0.8028,-0.7576,-0.7503,-0.6581,-0.783,-0.863,-0.5956,-0.444,-0.3572,-0.3707,-0.3725,-0.214,0.1659,0.0808,-0.1427,-0.2084,-0.1877,-0.142,-0.1253,-0.166,-0.2487,-0.3526,-0.4663,-0.5722,-0.6412,-0.6595,-0.6431,-0.615,-0.77,-0.7813,-0.7933,-0.805,-0.8147,-0.8188,-0.8135,-0.7959,-0.7688,-0.7422,-0.7252,-0.7353,-0.8792,-0.9284,-0.8451,-0.8078,-0.6251,-0.516,-0.4971,-0.4238,-0.2551,-0.2057,-0.2397,-0.2108,-0.0887,0.0789,0.1233,-0.0093,-0.1851,-0.357,-0.5369,-0.709,-0.8039,-0.7931,-0.7322,-0.6707,-0.7582,-0.7666,-0.7746,-0.7814,-0.7856,-0.7853,-0.7788,-0.766,-0.7496,-0.7353,-0.7309,-0.7509,-0.8097,-0.9088,-1.2643,-1.428,-0.867,-0.6128,-0.5693,-0.624,-0.5184,-0.4196,-0.3517,-0.2293,0.0343,0.4537,0.5472,0.1735,-0.1335,-0.3696,-0.6201,-0.8855,-1.0101,-0.938,-0.8139,-0.7161,-0.7462,-0.7523,-0.7575,-0.7612,-0.7626,-0.7607,-0.7551,-0.7464,-0.7368,-0.7303,-0.7327,-0.7524,-0.8025,-0.9247,-1.2107,-1.2927,-0.9152,-0.7225,-0.7993,-0.8702,-0.6769,-0.5708,-0.4811,-0.3104,0.0107,0.5107,0.6216,0.1395,-0.1588,-0.3877,-0.6504,-0.9575,-1.0961,-0.9911,-0.8413,-0.7319,-0.7347,-0.7389,-0.7422,-0.7441,-0.7441,-0.7419,-0.7376,-0.7319,-0.7265,-0.7243,-0.7291,-0.7464,-0.7846,-0.856,-0.9471,-0.9484,-0.8297,-0.7465,-0.7678,-0.7856,-0.7415,-0.7474,-0.7031,-0.5022,-0.2121,0.0001,-0.0646,-0.1289,-0.2563,-0.4137,-0.5997,-0.8218,-0.9417,-0.8951,-0.7957,-0.7119,-0.724,-0.7269,-0.7289,-0.7297,-0.7291,-0.7271,-0.7238,-0.72,-0.717,-0.7166,-0.7212,-0.7336,-0.7564,-0.7884,-0.8147,-0.8072,-0.7665,-0.7345,-0.7368,-0.7657,-0.8601,-1.0796,-1.1295,-0.7949,-0.4345,-0.2369,-0.2053,-0.2437,-0.385,-0.4709,-0.5503,-0.6638,-0.7469,-0.7544,-0.7166,-0.6707,-0.7141,-0.716,-0.7172,-0.7174,-0.7165,-0.7147,-0.7122,-0.7096,-0.7077,-0.7077,-0.7109,-0.7182,-0.7298,-0.7429,-0.7503,-0.745,-0.7303,-0.7219,-0.7363,-0.7973,-0.9743,-1.3354,-1.4458,-1.002,-0.5915,-0.3731,-0.3113,-0.4055,-0.5652,-0.5549,-0.5436,-0.5849,-0.6324,-0.6531,-0.6471,-0.628,-0.705,-0.7062,-0.7068,-0.7067,-0.7057,-0.7041,-0.7021,-0.7001,-0.6986,-0.6983,-0.6998,-0.7034,-0.7085,-0.7133,-0.7151,-0.7124,-0.7084,-0.7115,-0.7343,-0.7985,-0.9401,-1.1476,-1.1869,-0.9325,-0.6519,-0.4835,-0.4349,-0.499,-0.5898,-0.5726,-0.5452,-0.5549,-0.5785,-0.5954,-0.5995,-0.5939]}]