docs/data/wind_grid.json
{"header": {"la1":42.1,"la2":41.55,"lo1":12.1,"lo2":12.95,"nx":50,"ny":50,"dx":0.01735,"dy":0.01122,"parameterCategory":2,"parameterNumber":2,"parameterNumberName":"eastward_wind","parameterUnit":"m.s-1"}, "data":
[rows 0 to 45 of 50, columns 0 to 49 of 50]
3.4742,3.3123,3.1637,3.0564,3.0134,3.0416,3.1278,3.247,3.3741,3.4918,3.5915,3.671,3.7318,3.7765,3.8083,3.8297,3.8431,3.8503,3.8531,3.8529,3.8512,3.8491,3.8477,3.8476,3.849,3.8521,3.8566,3.8626,3.87,3.879,3.8897,3.9022,3.9167,3.9331,3.9512,3.9705,3.9902,4.0092,4.0266,4.0412,4.0523,4.0595,4.0631,4.0633,4.061,4.0567,4.0512,4.0451,4.0388,4.0325
3.5295,3.359,3.2013,3.0872,3.0412,3.0692,3.1562,3.2754,3.4013,3.5168,3.6137,3.6904,3.7485,3.7907,3.8201,3.8393,3.8504,3.8555,3.8561,3.8538,3.8502,3.8465,3.8441,3.8434,3.8447,3.8479,3.8528,3.8591,3.8669,3.8763,3.8876,3.901,3.9167,3.9346,3.9547,3.9762,3.9984,4.0199,4.0393,4.0555,4.0674,4.0747,4.0776,4.0767,4.0729,4.0671,4.0601,4.0525,4.045,4.0377
3.6097,3.4347,3.2718,3.1535,3.1042,3.1288,3.2108,3.3236,3.4424,3.5511,3.6421,3.7139,3.7679,3.8067,3.8332,3.8498,3.8584,3.861,3.8591,3.8544,3.8486,3.8432,3.8396,3.8384,3.8398,3.8434,3.8486,3.8554,3.8636,3.8735,3.8854,3.8996,3.9165,3.9361,3.9582,3.9824,4.0074,4.0317,4.0537,4.0717,4.0845,4.0917,4.0937,4.0913,4.0857,4.078,4.0692,4.0601,4.0512,4.0428
3.7156,3.5405,3.3759,3.2549,3.2013,3.218,3.289,3.389,3.4954,3.5933,3.6756,3.7406,3.7894,3.8243,3.8475,3.8611,3.8671,3.8669,3.8622,3.8548,3.8464,3.8391,3.8343,3.8328,3.8345,3.8386,3.8444,3.8515,3.8601,3.8704,3.8829,3.8979,3.916,3.9374,3.9619,3.9889,4.0172,4.0449,4.0698,4.0898,4.1036,4.1105,4.1113,4.107,4.0993,4.0894,4.0786,4.0677,4.0574,4.0477
3.846,3.6742,3.51,3.3865,3.3259,3.3304,3.3849,3.4672,3.557,3.6412,3.7127,3.7697,3.8126,3.843,3.8627,3.8734,3.8765,3.8734,3.8656,3.855,3.8438,3.8342,3.8282,3.8266,3.8288,3.8337,3.8401,3.8477,3.8566,3.8672,3.8801,3.8959,3.9151,3.9383,3.9654,3.9957,4.0278,4.0594,4.0877,4.1101,4.1248,4.1313,4.1304,4.1238,4.1135,4.1011,4.088,4.0753,4.0633,4.0525
3.9969,3.8301,3.6665,3.5388,3.4682,3.4567,3.4911,3.5524,3.6234,3.6921,3.7518,3.8001,3.8368,3.8627,3.879,3.8867,3.8869,3.8807,3.8695,3.8555,3.8409,3.8288,3.8215,3.82,3.8231,3.8289,3.836,3.844,3.8531,3.8638,3.877,3.8934,3.9138,3.9388,3.9686,4.0025,4.0389,4.075,4.1073,4.1325,4.1481,4.1539,4.1509,4.1414,4.1281,4.1128,4.0973,4.0825,4.069,4.0569
4.1621,4.0002,3.8355,3.7009,3.6172,3.587,3.5996,3.639,3.6906,3.7434,3.7912,3.8308,3.8614,3.883,3.8961,3.9011,3.8985,3.8892,3.8744,3.8565,3.8382,3.8233,3.8148,3.8137,3.8179,3.8247,3.8324,3.8405,3.8495,3.8602,3.8735,3.8903,3.9117,3.9386,3.9711,4.009,4.0502,4.0914,4.1284,4.1567,4.1733,4.1779,4.1723,4.1595,4.1427,4.1243,4.1062,4.0893,4.0741,4.0608
4.3334,4.175,4.0064,3.8618,3.7628,3.7131,3.704,3.7224,3.7553,3.7931,3.8294,3.8609,3.8859,3.9038,3.9143,3.9171,3.9119,3.8994,3.8808,3.8587,3.8365,3.8186,3.809,3.8084,3.8138,3.8214,3.8293,3.8373,3.846,3.8564,3.8695,3.8866,3.9088,3.9373,3.9727,4.0146,4.0611,4.1082,4.1504,4.1822,4.1998,4.2029,4.1942,4.1775,4.1568,4.1351,4.1143,4.0953,4.0785,4.0641
4.5015,4.3444,4.1694,4.0128,3.8976,3.8289,3.7999,3.7991,3.8152,3.8394,3.8654,3.8896,3.9099,3.925,3.9337,3.9349,3.9276,3.912,3.8893,3.8628,3.8368,3.8161,3.8055,3.8054,3.8115,3.8192,3.8268,3.8343,3.8425,3.8523,3.865,3.8819,3.9046,3.9345,3.9726,4.0187,4.0708,4.1244,4.1725,4.2081,4.2266,4.2279,4.2155,4.1946,4.1699,4.1448,4.1212,4.1003,4.0821,4.0667
4.657,4.4993,4.3164,4.1474,4.0167,3.931,3.8845,3.8671,3.8688,3.8812,3.8984,3.9166,3.9332,3.9464,3.9544,3.955,3.9463,3.9277,3.9007,3.8697,3.8399,3.8171,3.8057,3.8055,3.8112,3.8182,3.8249,3.8315,3.8387,3.8477,3.8596,3.8761,3.899,3.9299,3.9704,4.0205,4.0784,4.1386,4.1931,4.2329,4.2523,4.2515,4.2352,4.2098,4.181,4.1527,4.1267,4.104,4.0847,4.0684
4.7907,4.6317,4.4415,4.2614,4.1176,4.0175,3.9566,3.9256,3.9153,3.918,3.9279,3.9413,3.9554,3.968,3.9767,3.9781,3.9689,3.9473,3.9155,3.8793,3.8461,3.8218,3.8098,3.8085,3.8126,3.8179,3.8231,3.8285,3.8346,3.8424,3.8533,3.8689,3.8914,3.9229,3.9652,4.019,4.0823,4.1493,4.2103,4.2544,4.2747,4.2718,4.2515,4.2219,4.1894,4.1582,4.1302,4.1062,4.086,4.0692
4.8951,4.7357,4.5406,4.3526,4.199,4.0881,4.016,3.9745,3.9547,3.9496,3.9537,3.9635,3.9762,3.9896,4.0006,4.0046,3.9962,3.9718,3.9339,3.8913,3.854,3.8283,3.8155,3.8124,3.8141,3.8172,3.8209,3.825,3.8299,3.8363,3.8458,3.8601,3.8816,3.913,3.9564,4.013,4.0811,4.1544,4.2216,4.2699,4.2913,4.2864,4.2627,4.2296,4.1942,4.1609,4.1315,4.1066,4.0859,4.069
4.9652,4.8075,4.6115,4.4202,4.2612,4.1433,4.0634,4.014,3.9872,3.9761,3.9758,3.983,3.9953,4.0107,4.0259,4.035,4.0293,4.002,3.9558,3.9041,3.8608,3.8327,3.8188,3.814,3.8136,3.8153,3.8178,3.8208,3.8243,3.8292,3.8369,3.8493,3.8692,3.8995,3.9431,4.0016,4.0733,4.1517,4.2243,4.2764,4.299,4.293,4.2671,4.2317,4.1946,4.1601,4.1302,4.1051,4.0844,4.0676
4.9993,4.8461,4.6542,4.4647,4.3049,4.1839,4.0996,4.0452,4.0133,3.9978,3.9942,3.9997,4.0124,4.0309,4.0521,4.069,4.0686,4.0385,3.9807,3.9155,3.8631,3.8308,3.8155,3.8103,3.8098,3.8113,3.8134,3.8156,3.8179,3.8209,3.8263,3.8362,3.8536,3.8821,3.9247,3.9836,4.0574,4.1393,4.2159,4.2713,4.2954,4.2895,4.2631,4.2272,4.19,4.1557,4.1261,4.1015,4.0814,4.0652
4.9991,4.8535,4.6704,4.4879,4.3319,4.2116,4.1258,4.0687,4.0336,4.0151,4.0092,4.0134,4.0268,4.0488,4.0774,4.105,4.1135,4.0809,4.0072,3.923,3.8574,3.8192,3.8034,3.8003,3.8021,3.8051,3.8077,3.8095,3.8104,3.8113,3.8138,3.8205,3.8346,3.8601,3.9005,3.9584,4.0325,4.1159,4.1948,4.2526,4.2788,4.2747,4.25,4.2158,4.1802,4.1474,4.1193,4.096,4.077,4.0617
4.9693,4.834,4.6637,4.4926,4.3442,4.2279,4.1434,4.0857,4.049,4.0286,4.0209,4.0241,4.038,4.0632,4.0992,4.1391,4.1596,4.1256,4.032,3.9235,3.8413,3.7965,3.7823,3.7847,3.7914,3.7974,3.8011,3.8026,3.802,3.8003,3.7993,3.8018,3.8115,3.8329,3.8701,3.9255,3.9982,4.0813,4.1607,4.2201,4.2491,4.2485,4.2278,4.1975,4.1654,4.1356,4.1099,4.0886,4.0713,4.0573
4.917,4.7935,4.6388,4.482,4.3444,4.2348,4.1537,4.0971,4.0602,4.0387,4.0297,4.0318,4.0455,4.0724,4.1138,4.1643,4.1969,4.1624,4.0482,3.9144,3.8148,3.7641,3.755,3.766,3.7794,3.789,3.7941,3.7952,3.7928,3.7879,3.7825,3.7798,3.784,3.8002,3.8329,3.8848,3.9549,4.0361,4.1149,4.1754,4.2077,4.2124,4.1977,4.1733,4.1462,4.1207,4.0984,4.0797,4.0644,4.0521
4.8495,4.7387,4.6008,4.4602,4.3352,4.2341,4.1581,4.104,4.0679,4.0461,4.036,4.0367,4.0489,4.0751,4.1176,4.1722,4.2105,4.1748,4.0468,3.8955,3.7826,3.728,3.7267,3.7482,3.7682,3.781,3.7872,3.7876,3.7829,3.7741,3.7633,3.7541,3.7515,3.7614,3.7887,3.8365,3.9034,3.9822,4.0597,4.1213,4.1577,4.1689,4.1617,4.1445,4.1237,4.1033,4.0851,4.0696,4.0568,4.0464
4.7742,4.6759,4.5547,4.4308,4.3193,4.2279,4.158,4.1074,4.0729,4.0512,4.0401,4.039,4.0486,4.0713,4.1094,4.1583,4.1907,4.1512,4.0231,3.8717,3.7559,3.6999,3.706,3.7356,3.7597,3.7744,3.7809,3.7801,3.7725,3.7589,3.7415,3.7244,3.7136,3.7159,3.7375,3.7811,3.8452,3.9219,3.9985,4.0616,4.1026,4.121,4.1221,4.1129,4.0991,4.0844,4.0706,4.0587,4.0486,4.0403
4.6967,4.6102,4.505,4.3971,4.2992,4.2178,4.1547,4.1083,4.0758,4.0546,4.0428,4.0395,4.0454,4.0623,4.0911,4.1263,4.1434,4.0993,3.9843,3.8507,3.7461,3.6933,3.701,3.7311,3.755,3.7695,3.7755,3.7729,3.7618,3.7425,3.7172,3.6906,3.6699,3.6637,3.6793,3.7195,3.782,3.8579,3.9348,4.0001,4.0461,4.0718,4.0813,4.0802,4.0736,4.0648,4.0558,4.0475,4.0402,4.0341
4.6213,4.5456,4.455,4.362,4.2769,4.2054,4.1492,4.1073,4.0773,4.057,4.0444,4.0389,4.0406,4.0502,4.0676,4.0862,4.0863,4.0397,3.9435,3.8354,3.7521,3.7092,3.7118,3.7337,3.7534,3.7663,3.771,3.7662,3.7509,3.725,3.6905,3.6527,3.6206,3.6051,3.6149,3.6533,3.7161,3.7933,3.8719,3.9402,3.9914,4.0241,4.0415,4.0482,4.0485,4.0455,4.0411,4.0364,4.0321,4.0281
4.5508,4.4848,4.407,4.3274,4.2541,4.192,4.1426,4.1053,4.0781,4.0588,4.0458,4.0381,4.0354,4.0379,4.0441,4.0479,4.035,3.9885,3.909,3.8224,3.7581,3.7271,3.7248,3.7377,3.7532,3.7645,3.7676,3.7601,3.7402,3.707,3.6622,3.6117,3.5668,3.5414,3.5464,3.5848,3.6503,3.7309,3.8127,3.8848,3.9409,3.98,4.0046,4.0183,4.0249,4.0272,4.0272,4.0261,4.0244,4.0226
4.4867,4.4292,4.3626,4.2947,4.232,4.1785,4.1357,4.103,4.0787,4.0608,4.0476,4.0379,4.0313,4.0274,4.0245,4.0174,3.9963,3.9513,3.8831,3.8089,3.7512,3.7234,3.724,3.7378,3.7531,3.7635,3.7651,3.7548,3.73,3.6892,3.6334,3.5694,3.5109,3.4756,3.4771,3.5177,3.5882,3.6737,3.7597,3.8358,3.8965,3.9412,3.9717,3.9915,4.0036,4.0108,4.0147,4.0168,4.0176,4.0178
4.4296,4.3796,4.3226,4.2648,4.2114,4.1658,4.1291,4.1009,4.0796,4.0633,4.0503,4.0391,4.0292,4.0203,4.0107,3.9965,3.9711,3.9278,3.8663,3.7967,3.736,3.7039,3.7119,3.7344,3.753,3.7636,3.7638,3.7507,3.7211,3.6728,3.6064,3.529,3.4572,3.413,3.4125,3.4569,3.5336,3.6247,3.715,3.7947,3.8593,3.9084,3.9439,3.9687,3.9855,3.9967,4.0041,4.0089,4.012,4.0139
4.3796,4.336,4.2872,4.2381,4.1929,4.1543,4.1233,4.0994,4.0814,4.0671,4.0545,4.0423,4.0297,4.0169,4.0029,3.9849,3.9578,3.9163,3.859,3.7915,3.7278,3.6932,3.7049,3.7331,3.7545,3.7652,3.7638,3.7479,3.7141,3.6593,3.5835,3.4947,3.4117,3.3604,3.3593,3.4081,3.4905,3.5864,3.68,3.7624,3.8299,3.8824,3.9217,3.9503,3.9709,3.9854,3.9957,4.0029,4.0078,4.0112
4.3361,4.2982,4.2565,4.2148,4.1767,4.1443,4.1185,4.0991,4.0844,4.0725,4.0609,4.0479,4.033,4.0171,4.0003,3.9809,3.9542,3.915,3.8611,3.7968,3.7355,3.7024,3.7117,3.7382,3.759,3.7686,3.7654,3.747,3.7096,3.65,3.5678,3.4712,3.3808,3.3253,3.3244,3.3762,3.4622,3.5606,3.6559,3.7395,3.8087,3.8633,3.9053,3.9368,3.9602,3.9773,3.9898,3.9988,4.0053,4.0097
4.2988,4.2657,4.23,4.1948,4.1628,4.136,4.1151,4.0999,4.0891,4.0801,4.07,4.0565,4.0391,4.02,4.0015,3.9825,3.9578,3.9216,3.8715,3.8123,3.7571,3.7269,3.7306,3.7504,3.7672,3.7742,3.7688,3.7481,3.7085,3.6464,3.5615,3.4621,3.3697,3.3132,3.3124,3.3647,3.4506,3.5483,3.6428,3.7261,3.7956,3.8513,3.8948,3.9283,3.9536,3.9726,3.9867,3.997,4.0045,4.0098
4.2668,4.238,4.2075,4.1777,4.1511,4.1293,4.113,4.1022,4.0954,4.0901,4.0824,4.0685,4.0479,4.0247,4.0044,3.9872,3.9662,3.9336,3.8878,3.8346,3.7864,3.7585,3.7562,3.7677,3.7787,3.782,3.774,3.7516,3.711,3.6489,3.5653,3.4687,3.3795,3.3253,3.3243,3.3738,3.4557,3.5494,3.6407,3.722,3.7904,3.8462,3.8904,3.9249,3.9514,3.9715,3.9865,3.9976,4.0057,4.0113
4.2394,4.2145,4.1884,4.1634,4.1415,4.1241,4.1122,4.1056,4.1034,4.1026,4.0985,4.0848,4.0595,4.0298,4.0067,3.9923,3.9762,3.9479,3.9066,3.8597,3.8178,3.7916,3.7841,3.7879,3.7927,3.7919,3.7813,3.7575,3.7172,3.6574,3.5787,3.4893,3.4078,3.3582,3.3566,3.401,3.4757,3.5627,3.6488,3.7265,3.793,3.8478,3.8918,3.9265,3.9535,3.974,3.9894,4.0007,4.0089,4.0146
4.2162,4.1945,4.1723,4.1514,4.1336,4.1202,4.1122,4.1099,4.1125,4.1173,4.1183,4.1059,4.0746,4.0347,4.0067,3.9953,3.985,3.9614,3.9249,3.884,3.8476,3.823,3.8117,3.8092,3.8083,3.8034,3.7903,3.7659,3.7269,3.6711,3.5998,3.5205,3.4493,3.4059,3.4037,3.4418,3.5077,3.5864,3.6659,3.7391,3.8027,3.8559,3.899,3.9333,3.9599,3.9802,3.9953,4.0064,4.0142,4.0195
4.1963,4.1776,4.1588,4.1414,4.1271,4.1172,4.1128,4.1144,4.1218,4.1329,4.1407,4.1318,4.0939,4.04,4.0043,3.9954,3.9905,3.9717,3.9403,3.9053,3.8742,3.8515,3.8379,3.8306,3.8249,3.8162,3.8011,3.7764,3.7395,3.6889,3.6262,3.5582,3.4982,3.4617,3.4594,3.4913,3.5483,3.6182,3.6906,3.7588,3.8191,3.8701,3.9119,3.945,3.9707,3.9901,4.0044,4.0146,4.0216,4.0261
4.1794,4.1632,4.1473,4.133,4.1217,4.1148,4.1134,4.1184,4.1301,4.147,4.1624,4.1593,4.1166,4.0479,4.0032,3.9945,3.9929,3.9781,3.952,3.9231,3.8972,3.8768,3.8622,3.8515,3.8419,3.8302,3.8133,3.7887,3.7544,3.7094,3.6555,3.5988,3.5496,3.5201,3.5184,3.5453,3.5943,3.656,3.7217,3.7849,3.8417,3.8903,3.9302,3.9617,3.9859,4.0038,4.0166,4.0253,4.031,4.0343
4.1648,4.1509,4.1374,4.1257,4.117,4.1125,4.1135,4.121,4.1357,4.1567,4.1777,4.1802,4.1366,4.0594,4.0079,3.996,3.9939,3.9817,3.9606,3.9377,3.9171,3.8995,3.8847,3.8717,3.8591,3.8448,3.8266,3.8024,3.7708,3.7314,3.6859,3.6395,3.6002,3.5773,3.577,3.6004,3.6431,3.698,3.7578,3.8165,3.87,3.9161,3.9537,3.9832,4.0052,4.021,4.0317,4.0385,4.0424,4.0442
4.1523,4.1403,4.1289,4.1194,4.1127,4.1101,4.1127,4.1216,4.1375,4.1597,4.182,4.1859,4.145,4.0709,4.0184,4.0012,3.9952,3.984,3.9673,3.9502,3.9347,3.9202,3.9057,3.8911,3.876,3.8597,3.8405,3.817,3.7882,3.7539,3.716,3.6786,3.6482,3.6314,3.6331,3.6546,3.6929,3.7427,3.7979,3.8529,3.9035,3.9471,3.9823,4.0093,4.0286,4.0416,4.0497,4.054,4.0556,4.0554
4.1413,4.131,4.1215,4.1137,4.1086,4.1073,4.1108,4.12,4.1353,4.1557,4.1746,4.1758,4.1396,4.0773,4.0294,4.0079,3.9975,3.9862,3.9732,3.9614,3.951,3.9394,3.9254,3.9095,3.8925,3.8745,3.8547,3.832,3.8058,3.7762,3.7449,3.7154,3.6925,3.6813,3.6856,3.7066,3.7424,3.7889,3.8409,3.8933,3.9417,3.983,4.0157,4.0397,4.0558,4.0655,4.0702,4.0715,4.0705,4.0679
4.1317,4.1228,4.1148,4.1084,4.1045,4.104,4.1077,4.1162,4.1297,4.1461,4.1594,4.1567,4.126,4.0773,4.0366,4.0134,4.0,3.9887,3.979,3.9721,3.9663,3.9573,3.9436,3.9265,3.908,3.8888,3.8686,3.8468,3.8231,3.7977,3.7722,3.7493,3.7329,3.7269,3.7342,3.7559,3.7909,3.8358,3.8862,3.9372,3.984,4.0234,4.0535,4.0741,4.0864,4.0921,4.0931,4.0908,4.0867,4.0815
4.1232,4.1155,4.1087,4.1033,4.1003,4.1001,4.1036,4.1108,4.1215,4.1334,4.141,4.1353,4.1101,4.0728,4.0393,4.0167,4.002,3.9913,3.9846,3.9823,3.9804,3.9735,3.9599,3.9419,3.9221,3.9021,3.8819,3.8612,3.8398,3.8181,3.7976,3.7804,3.7696,3.7683,3.7789,3.8023,3.8378,3.8827,3.933,3.9836,4.0298,4.0675,4.0949,4.1119,4.1199,4.1211,4.1177,4.1115,4.1039,4.0958
4.1156,4.1089,4.103,4.0985,4.0959,4.0959,4.0986,4.1043,4.1121,4.1197,4.1229,4.1155,4.0948,4.0659,4.0385,4.0178,4.0032,3.9937,3.9898,3.9911,3.9924,3.987,3.9734,3.9547,3.9344,3.914,3.8941,3.8746,3.8555,3.8372,3.8209,3.8087,3.8028,3.8059,3.8198,3.8456,3.8828,3.929,3.9804,4.0319,4.078,4.1145,4.1392,4.1522,4.1555,4.1517,4.1435,4.1331,4.1218,4.1106
4.1087,4.1028,4.0977,4.0937,4.0915,4.0912,4.0932,4.0972,4.1023,4.1064,4.1064,4.0984,4.0812,4.0584,4.0358,4.0173,4.0037,3.9956,3.9938,3.9976,4.0008,3.9965,3.9832,3.9646,3.9443,3.9243,3.9051,3.887,3.8701,3.8548,3.8424,3.8343,3.8328,3.8398,3.8573,3.8859,3.9255,3.974,4.0275,4.0807,4.1275,4.1631,4.1851,4.1939,4.192,4.183,4.1698,4.1549,4.1399,4.1255
4.1024,4.0972,4.0926,4.0891,4.0869,4.0864,4.0875,4.0899,4.0927,4.0942,4.0921,4.084,4.0695,4.0509,4.0321,4.0159,4.0038,3.9969,3.9964,4.0011,4.005,4.0014,3.989,3.9713,3.9518,3.9327,3.9148,3.8982,3.8834,3.871,3.8619,3.8576,3.8598,3.8706,3.8914,3.9231,3.9656,4.017,4.0734,4.1288,4.1768,4.2117,4.2309,4.2354,4.2284,4.214,4.1958,4.1764,4.1576,4.1401
4.0966,4.0919,4.0878,4.0845,4.0824,4.0814,4.0817,4.0827,4.0837,4.0833,4.0799,4.072,4.0595,4.044,4.0281,4.0141,4.0034,3.9975,3.9975,4.0018,4.0053,4.0021,3.9911,3.975,3.9571,3.9394,3.923,3.9082,3.8956,3.8857,3.8796,3.8786,3.8842,3.8983,3.9223,3.9571,4.0027,4.0572,4.1166,4.1746,4.2238,4.2581,4.2748,4.2751,4.2631,4.2435,4.2205,4.1969,4.1745,4.154
4.0912,4.087,4.0831,4.0801,4.0778,4.0765,4.076,4.0759,4.0755,4.0738,4.0695,4.0619,4.051,4.0379,4.0244,4.0122,4.0029,3.9977,3.9973,4.0005,4.0028,3.9999,3.9904,3.9763,3.9604,3.9446,3.9299,3.9171,3.9065,3.8991,3.8956,3.8975,3.9062,3.9232,3.9501,3.9878,4.0363,4.0937,4.1559,4.2162,4.2666,4.3003,4.3147,4.3112,4.2946,4.2703,4.243,4.2156,4.19,4.1669
4.0862,4.0823,4.0787,4.0757,4.0734,4.0717,4.0706,4.0696,4.0681,4.0655,4.0608,4.0535,4.0439,4.0326,4.0209,4.0104,4.0022,3.9974,3.9964,3.9981,3.9991,3.9962,3.9881,3.9761,3.9624,3.9486,3.9358,3.9249,3.9164,3.9112,3.9101,3.9145,3.9258,3.9454,3.9748,4.015,4.0658,4.1256,4.19,4.2519,4.303,4.3361,4.3484,4.3417,4.3214,4.2933,4.2624,4.2319,4.2036,4.1783
4.0815,4.0778,4.0745,4.0715,4.0691,4.0671,4.0654,4.0637,4.0615,4.0582,4.0533,4.0465,4.0378,4.028,4.0179,4.0087,4.0014,3.9968,3.9951,3.9954,3.9952,3.9921,3.9852,3.9751,3.9635,3.9517,3.9409,3.9318,3.9253,3.9221,3.9232,3.9298,3.9433,3.965,3.9964,4.0384,4.091,4.1522,4.2177,4.2804,4.3314,4.3637,4.3743,4.3653,4.3424,4.3116,4.2781,4.2454,4.215,4.188
4.0771,4.0736,4.0704,4.0675,4.0649,4.0627,4.0606,4.0583,4.0556,4.0519,4.047,4.0405,4.0327,4.024,4.0152,4.0071,4.0005,3.996,3.9938,3.9928,3.9916,3.9884,3.9823,3.9738,3.9641,3.9542,3.9453,3.9381,3.9334,3.932,3.935,3.9435,3.9588,3.9822,4.015,4.0581,4.1114,4.173,4.2385,4.3006,4.3508,4.382,4.3914,4.3811,4.3568,4.3246,4.2897,4.2555,4.224,4.1958
4.0729,4.0696,4.0665,4.0636,4.061,4.0585,4.0561,4.0534,4.0503,4.0465,4.0415,4.0355,4.0284,4.0206,4.0128,4.0056,3.9996,3.9952,3.9924,3.9906,3.9886,3.9852,3.9798,3.9727,3.9646,3.9565,3.9492,3.9437,3.9407,3.941,3.9456,3.9556,3.9723,3.9969,4.0305,4.074,4.1272,4.188,4.252,4.3124,4.361,4.3909,4.3995,4.3888,4.3643,4.3319,4.2968,4.2623,4.2302,4.2015
