docs/data/wind_grid.json
[{"header":{"la1":42.85,"la2":41.18,"lo1":11.55,"lo2":14.05,"nx":36,"ny":24,"dx":0.07143,"dy":0.07261,"parameterCategory":2,"parameterNumber":2,"parameterNumberName":"eastward_wind","parameterUnit":"m.s-1"},"data":[-0.3538,-0.3609,-0.3688,-0.3775,-0.386,-0.3935,-0.3984,-0.3989,-0.3939,-0.3831,-0.3678,-0.3497,-0.3311,-0.3137,-0.2991,-0.2888,-0.2841,-0.2864,-0.2964,-0.3133,-0.3337,-0.3519,-0.3628,-0.3644,-0.358,-0.3468,-0.3334,-0.3195,-0.3061,-0.2936,-0.2819,-0.2713,-0.2615,-0.2525,-0.2444,-0.237,-0.3558,-0.3644,-0.3746,-0.3865,-0.3994,-0.412,-0.4218,-0.4256,-0.4207,-0.4066,-0.3853,-0.3601,-0.3345,-0.3109,-0.2911,-0.2767,-0.2696,-0.2724,-0.2878,-0.3162,-0.3522,-0.3841,-0.4009,-0.3998,-0.3862,-0.3671,-0.3472,-0.3284,-0.3114,-0.2963,-0.2827,-0.2706,-0.2596,-0.2498,-0.241,-0.2331,-0.356,-0.3659,-0.3785,-0.3945,-0.4136,-0.4345,-0.4534,-0.464,-0.4604,-0.4408,-0.4096,-0.3735,-0.338,-0.306,-0.2792,-0.2587,-0.2465,-0.2473,-0.2683,-0.3153,-0.3816,-0.4411,-0.4658,-0.4538,-0.4237,-0.391,-0.3617,-0.3368,-0.3158,-0.2979,-0.2824,-0.2688,-0.2568,-0.2461,-0.2366,-0.2282,-0.3537,-0.3642,-0.3789,-0.3993,-0.4267,-0.4606,-0.4965,-0.5224,-0.523,-0.4928,-0.4435,-0.3901,-0.3407,-0.298,-0.2623,-0.2333,-0.2114,-0.2023,-0.2231,-0.2982,-0.4271,-0.548,-0.5786,-0.5316,-0.4683,-0.4151,-0.3744,-0.343,-0.3182,-0.2977,-0.2805,-0.2656,-0.2526,-0.2411,-0.231,-0.2221,-0.3479,-0.3578,-0.3732,-0.3973,-0.4342,-0.4871,-0.5541,-0.6153,-0.6279,-0.5731,-0.4883,-0.408,-0.3407,-0.2853,-0.2395,-0.2004,-0.1626,-0.1254,-0.1192,-0.2234,-0.476,-0.7364,-0.7512,-0.6188,-0.5062,-0.4316,-0.3813,-0.3451,-0.3175,-0.2952,-0.2766,-0.2607,-0.2468,-0.2347,-0.224,-0.2148,-0.3382,-0.3455,-0.3586,-0.3832,-0.428,-0.5034,-0.6188,-0.7575,-0.8043,-0.6862,-0.5359,-0.4211,-0.3343,-0.2648,-0.2084,-0.1612,-0.1075,-0.0162,0.0975,0.0002,-0.4252,-0.8542,-0.8415,-0.6452,-0.5124,-0.4318,-0.3792,-0.3417,-0.3131,-0.29,-0.2706,-0.2538,-0.2393,-0.2265,-0.2154,-0.2059,-0.3249,-0.3272,-0.3339,-0.3526,-0.3989,-0.4899,-0.6462,-0.88,-0.9848,-0.7678,-0.5564,-0.4202,-0.318,-0.2313,-0.1611,-0.1122,-0.0649,0.0551,0.3257,0.2693,-0.2721,-0.6096,-0.6622,-0.5708,-0.4806,-0.4149,-0.368,-0.3328,-0.305,-0.282,-0.2622,-0.2449,-0.2297,-0.2165,-0.205,-0.1952,-0.3092,-0.3057,-0.3044,-0.3106,-0.3485,-0.44,-0.583,-0.766,-0.8398,-0.689,-0.5296,-0.4064,-0.2935,-0.1779,-0.0738,-0.0238,-0.0273,-0.0008,0.1026,-0.0273,-0.4378,-0.5719,-0.5492,-0.4964,-0.4387,-0.3898,-0.3511,-0.3202,-0.2943,-0.2717,-0.2517,-0.2338,-0.218,-0.2042,-0.1923,-0.1824,-0.2923,-0.2837,-0.2838,-0.2901,-0.3015,-0.38,-0.4932,-0.5928,-0.6317,-0.5926,-0.5073,-0.4011,-0.2748,-0.1028,0.1122,0.1969,0.0718,-0.0548,-0.154,-0.3959,-0.82,-0.7706,-0.5613,-0.4609,-0.4044,-0.3645,-0.3332,-0.3064,-0.2823,-0.2599,-0.2393,-0.2205,-0.2038,-0.1893,-0.1771,-0.1672,-0.275,-0.2549,-0.2416,-0.2391,-0.2266,-0.3221,-0.4447,-0.5444,-0.6275,-0.64,-0.5419,-0.4241,-0.2918,-0.0588,0.4672,0.7441,0.2366,-0.0545,-0.2154,-0.4188,-0.6885,-0.6744,-0.5139,-0.4214,-0.3733,-0.3429,-0.3182,-0.2945,-0.2707,-0.2472,-0.225,-0.2046,-0.1865,-0.1712,-0.1586,-0.1489,-0.2614,-0.2218,-0.1432,0.0145,-0.0251,-0.2682,-0.4327,-0.547,-0.7379,-0.8308,-0.6027,-0.4689,-0.3716,-0.2075,0.3378,0.741,0.1705,-0.101,-0.2257,-0.3257,-0.4259,-0.4508,-0.4099,-0.3702,-0.3467,-0.3306,-0.312,-0.2881,-0.2612,-0.2341,-0.2085,-0.1853,-0.1653,-0.1489,-0.1361,-0.1268,-0.2599,-0.2165,-0.1311,0.0005,-0.049,-0.293,-0.447,-0.5128,-0.6246,-0.7088,-0.5888,-0.5284,-0.4877,-0.4871,-0.3127,-0.056,-0.0877,-0.2248,-0.2863,-0.2899,-0.3123,-0.33,-0.3317,-0.3321,-0.3398,-0.3424,-0.3243,-0.2911,-0.2544,-0.2197,-0.1885,-0.1613,-0.1387,-0.121,-0.1082,-0.1,-0.2723,-0.2445,-0.2046,-0.1767,-0.2333,-0.3636,-0.4643,-0.4964,-0.5112,-0.5524,-0.5805,-0.669,-0.6319,-0.5643,-0.453,-0.1681,-0.1452,-0.3946,-0.4151,-0.2891,-0.2651,-0.2712,-0.2872,-0.3186,-0.3712,-0.4016,-0.3644,-0.3025,-0.2473,-0.2013,-0.1625,-0.13,-0.1041,-0.0852,-0.0731,-0.0671,-0.2906,-0.28,-0.2725,-0.2826,-0.3275,-0.397,-0.4578,-0.4884,-0.4959,-0.5191,-0.5886,-0.8698,-0.9376,-0.4989,-0.2604,0.118,0.0173,-0.2358,-0.3076,-0.2464,-0.2249,-0.2297,-0.2549,-0.3116,-0.4184,-0.4842,-0.4042,-0.3046,-0.2307,-0.1738,-0.1267,-0.0878,-0.058,-0.0383,-0.0284,-0.0265,-0.307,-0.307,-0.3127,-0.3299,-0.3618,-0.4025,-0.4396,-0.4639,-0.4785,-0.5011,-0.5391,-0.5919,-0.5753,-0.5916,-0.1909,0.1937,0.0203,-0.0899,-0.1719,-0.1835,-0.1758,-0.1846,-0.2177,-0.2767,-0.3714,-0.4277,-0.3621,-0.2703,-0.1953,-0.1323,-0.0768,-0.0296,0.0052,0.0245,0.0292,0.0234,-0.3184,-0.3233,-0.3327,-0.3486,-0.3711,-0.3969,-0.421,-0.4405,-0.4595,-0.4931,-0.5547,-0.5026,-0.4556,-0.3837,-0.219,-0.0586,-0.0327,-0.0877,-0.1319,-0.1427,-0.1209,-0.1351,-0.1802,-0.2257,-0.2728,-0.2951,-0.2663,-0.2088,-0.1439,-0.0765,-0.0089,0.052,0.0944,0.1105,0.1038,0.0839,-0.3247,-0.331,-0.3404,-0.3533,-0.3693,-0.3866,-0.4031,-0.4183,-0.4362,-0.4685,-0.5226,-0.4542,-0.2435,-0.1361,-0.1841,-0.13,-0.1024,-0.1015,-0.1047,-0.1225,-0.1118,-0.1248,-0.1613,-0.1899,-0.2129,-0.2222,-0.2046,-0.1574,-0.0903,-0.0104,0.08,0.1675,0.2229,0.2286,0.1978,0.1537,-0.3268,-0.333,-0.3411,-0.351,-0.3623,-0.3738,-0.3847,-0.3945,-0.4042,-0.4138,-0.4081,-0.3388,-0.1657,-0.1036,-0.1249,-0.0962,-0.1023,-0.0743,-0.022,-0.1057,-0.1366,-0.1445,-0.1565,-0.1706,-0.1953,-0.2299,-0.2219,-0.1431,-0.0443,0.0606,0.1884,0.3269,0.405,0.3821,0.3057,0.2257,-0.326,-0.3313,-0.3377,-0.3449,-0.3525,-0.3598,-0.3658,-0.37,-0.3711,-0.3655,-0.3437,-0.292,-0.2153,-0.1422,-0.0072,0.0499,-0.0746,-0.0927,-0.0806,-0.1662,-0.1674,-0.1564,-0.1503,-0.1537,-0.1995,-0.3391,-0.3669,-0.1534,0.0086,0.1314,0.295,0.5064,0.6146,0.5375,0.4002,0.2831,-0.323,-0.3273,-0.332,-0.3369,-0.3416,-0.3455,-0.3477,-0.3473,-0.3427,-0.331,-0.3076,-0.2688,-0.2151,-0.1414,-0.0275,0.0079,-0.0864,-0.1463,-0.2391,-0.2848,-0.2011,-0.1619,-0.1386,-0.1211,-0.1454,-0.3249,-0.3696,-0.0173,0.1174,0.1972,0.3444,0.5773,0.6973,0.5936,0.4338,0.3056,-0.3188,-0.3219,-0.3251,-0.3281,-0.3305,-0.3317,-0.3311,-0.3277,-0.3202,-0.3067,-0.2853,-0.2546,-0.2143,-0.1647,-0.1146,-0.0997,-0.1272,-0.1658,-0.2149,-0.2311,-0.1917,-0.1595,-0.1306,-0.0804,0.001,0.1522,0.4839,0.429,0.2786,0.2515,0.3204,0.4666,0.5567,0.5022,0.3902,0.2876,-0.3137,-0.3158,-0.3177,-0.3192,-0.3198,-0.3191,-0.3166,-0.3114,-0.3027,-0.2895,-0.2709,-0.2466,-0.2174,-0.186,-0.1596,-0.1484,-0.1539,-0.1683,-0.1834,-0.1855,-0.173,-0.1678,-0.1563,-0.077,0.091,0.4178,0.847,0.6289,0.3461,0.2781,0.2824,0.3358,0.3814,0.3675,0.3111,0.2451,-0.3083,-0.3095,-0.3103,-0.3105,-0.3098,-0.3078,-0.304,-0.298,-0.2891,-0.2769,-0.2611,-0.2418,-0.2203,-0.1987,-0.1809,-0.1704,-0.1674,-0.169,-0.1705,-0.1679,-0.1657,-0.1834,-0.1919,-0.0983,0.0764,0.3084,0.4844,0.4016,0.2983,0.2817,0.261,0.2633,0.2743,0.2673,0.2384,0.1981,-0.3027,-0.3031,-0.303,-0.3023,-0.3006,-0.2977,-0.2933,-0.287,-0.2784,-0.2674,-0.2539,-0.2383,-0.2216,-0.2053,-0.1912,-0.1807,-0.1738,-0.1691,-0.1645,-0.1588,-0.1556,-0.1611,-0.1523,-0.0808,0.0439,0.1829,0.2763,0.2895,0.288,0.2753,0.2432,0.2234,0.2145,0.2034,0.1836,0.1567]},{"header":{"la1":42.85,"la2":41.18,"lo1":11.55,"lo2":14.05,"nx":36,"ny":24,"dx":0.07143,"dy":0.07261,"parameterCategory":2,"parameterNumber":3,"parameterNumberName":"northward_wind","parameterUnit":"m.s-1"},"data":[-0.171,-0.1834,-0.1983,-0.2153,-0.2335,-0.2513,-0.2664,-0.2762,-0.2785,-0.2728,-0.2601,-0.2423,-0.221,-0.1976,-0.1728,-0.1474,-0.1227,-0.1002,-0.0819,-0.0688,-0.0609,-0.0569,-0.0552,-0.0545,-0.0542,-0.054,-0.0536,-0.0529,-0.0518,-0.0503,-0.0484,-0.0461,-0.0436,-0.0409,-0.0381,-0.0352,-0.1664,-0.1808,-0.1989,-0.2209,-0.246,-0.2723,-0.2959,-0.3119,-0.3164,-0.3082,-0.2899,-0.2654,-0.2376,-0.208,-0.1769,-0.1448,-0.1131,-0.0845,-0.0623,-0.0487,-0.0433,-0.043,-0.0445,-0.0458,-0.0468,-0.0475,-0.0479,-0.0478,-0.0472,-0.046,-0.0443,-0.042,-0.0393,-0.0365,-0.0334,-0.0304,-0.1583,-0.1742,-0.1956,-0.2236,-0.2583,-0.2978,-0.3362,-0.3641,-0.3723,-0.3586,-0.3296,-0.2941,-0.2573,-0.2201,-0.1816,-0.1408,-0.0989,-0.0605,-0.0325,-0.0202,-0.0222,-0.0301,-0.0363,-0.0389,-0.0402,-0.0412,-0.0423,-0.0428,-0.0427,-0.0417,-0.04,-0.0377,-0.0348,-0.0317,-0.0284,-0.0251,-0.1456,-0.1618,-0.1857,-0.2201,-0.2674,-0.3274,-0.393,-0.4454,-0.4611,-0.4337,-0.3825,-0.3285,-0.2797,-0.2344,-0.188,-0.1363,-0.079,-0.023,0.016,0.0227,0.0006,-0.0267,-0.0379,-0.0367,-0.0348,-0.0353,-0.0367,-0.038,-0.0383,-0.0375,-0.0357,-0.0331,-0.03,-0.0265,-0.0228,-0.0192,-0.1272,-0.142,-0.1662,-0.2054,-0.2666,-0.3563,-0.4715,-0.58,-0.6138,-0.5491,-0.4492,-0.3654,-0.303,-0.2513,-0.1985,-0.1347,-0.0544,0.0362,0.1037,0.0984,0.0235,-0.0517,-0.06,-0.0394,-0.0296,-0.0289,-0.0312,-0.0333,-0.0342,-0.0335,-0.0315,-0.0284,-0.0247,-0.0207,-0.0166,-0.0126,-0.103,-0.1138,-0.1345,-0.173,-0.2439,-0.3675,-0.5617,-0.7964,-0.8808,-0.7121,-0.5167,-0.3953,-0.3239,-0.2717,-0.2177,-0.1446,-0.0358,0.1182,0.2686,0.2523,0.0769,-0.077,-0.0757,-0.0327,-0.0196,-0.0212,-0.0258,-0.0293,-0.0306,-0.0297,-0.0272,-0.0235,-0.019,-0.0142,-0.0094,-0.0049,-0.0738,-0.079,-0.0929,-0.1217,-0.1878,-0.3287,-0.5894,-0.9889,-1.1667,-0.8262,-0.5387,-0.4041,-0.3395,-0.2974,-0.2516,-0.1792,-0.0531,0.1613,0.4396,0.4217,0.1834,0.0411,0.0009,0.0039,-0.0021,-0.0126,-0.0213,-0.0264,-0.0279,-0.0265,-0.0229,-0.0181,-0.0125,-0.0067,-0.0011,0.004,-0.0408,-0.0424,-0.0568,-0.0742,-0.108,-0.2262,-0.4544,-0.7745,-0.9108,-0.6741,-0.4769,-0.389,-0.3518,-0.3314,-0.3062,-0.2495,-0.132,0.0612,0.2752,0.3026,0.2686,0.2168,0.1154,0.0516,0.0153,-0.007,-0.0198,-0.0257,-0.0266,-0.0238,-0.0186,-0.012,-0.0049,0.0023,0.0089,0.0146,-0.0029,-0.0006,-0.0397,-0.0891,-0.0384,-0.0956,-0.2489,-0.4047,-0.4708,-0.4348,-0.3895,-0.369,-0.3672,-0.3758,-0.3879,-0.3622,-0.2506,-0.0895,0.0708,0.2211,0.4464,0.3949,0.1883,0.0751,0.0193,-0.0095,-0.0236,-0.0285,-0.0271,-0.0218,-0.0139,-0.0049,0.0044,0.0132,0.021,0.0275,0.0419,0.0727,0.0744,0.0632,0.152,0.0586,-0.0862,-0.2023,-0.2893,-0.3288,-0.3408,-0.3623,-0.3895,-0.422,-0.4933,-0.5282,-0.3605,-0.1912,-0.0422,0.1282,0.331,0.3083,0.1533,0.0545,0.0026,-0.0237,-0.0346,-0.0354,-0.0298,-0.0202,-0.0084,0.004,0.0161,0.027,0.0362,0.0433,0.0831,0.1642,0.3215,0.6379,0.5801,0.2178,0.0398,-0.0716,-0.2776,-0.3669,-0.328,-0.3727,-0.4208,-0.4544,-0.5069,-0.5441,-0.3787,-0.2183,-0.0995,-0.0016,0.0861,0.1013,0.0536,0.0033,-0.0314,-0.0497,-0.0536,-0.0471,-0.0343,-0.0183,-0.0011,0.0159,0.0316,0.045,0.0555,0.0631,0.0986,0.1954,0.3717,0.6264,0.5614,0.2476,0.159,0.171,-0.0664,-0.2672,-0.3126,-0.4016,-0.4648,-0.4913,-0.4883,-0.4558,-0.337,-0.1344,-0.0429,-0.0475,-0.0302,-0.0175,-0.0269,-0.0499,-0.0749,-0.0885,-0.0824,-0.0634,-0.0397,-0.0149,0.0096,0.0326,0.0528,0.069,0.0808,0.0882,0.0827,0.1549,0.2525,0.3327,0.2891,0.1927,0.2358,0.3951,0.2292,-0.1084,-0.3154,-0.4612,-0.525,-0.5124,-0.518,-0.5168,-0.3628,0.1179,0.1597,-0.0389,-0.074,-0.0717,-0.0733,-0.0906,-0.1242,-0.1438,-0.1212,-0.0818,-0.0434,-0.0074,0.0263,0.0569,0.0826,0.1018,0.1142,0.1203,0.0494,0.0918,0.1344,0.156,0.1408,0.1288,0.1834,0.2825,0.1753,-0.1218,-0.3364,-0.5234,-0.6001,-0.817,-0.6226,-0.7487,-0.5576,-0.1383,-0.007,-0.0835,-0.1013,-0.098,-0.096,-0.1125,-0.1617,-0.195,-0.1513,-0.0918,-0.0399,0.0077,0.0527,0.093,0.1255,0.1476,0.1591,0.1616,0.0132,0.0356,0.0532,0.0593,0.0541,0.0523,0.0655,0.0622,-0.0359,-0.2006,-0.3235,-0.4159,-0.5322,-0.61,-0.6195,-0.7879,-0.4153,-0.3206,-0.178,-0.1287,-0.1226,-0.1157,-0.1045,-0.1118,-0.1462,-0.1696,-0.1363,-0.0822,-0.0254,0.0338,0.0933,0.1474,0.1888,0.2127,0.2197,0.2144,-0.0188,-0.0082,-0.0021,-0.0027,-0.0094,-0.0194,-0.0352,-0.0736,-0.1519,-0.2483,-0.3023,-0.3107,-0.3593,-0.4444,-0.4674,-0.4614,-0.36,-0.2625,-0.1406,-0.1095,-0.161,-0.146,-0.1055,-0.1,-0.1153,-0.125,-0.1092,-0.0673,-0.0049,0.0715,0.1539,0.2299,0.2839,0.3064,0.3015,0.2806,-0.0451,-0.0414,-0.0414,-0.0463,-0.0565,-0.0725,-0.0976,-0.1376,-0.1938,-0.2535,-0.2909,-0.2865,-0.1918,-0.1472,-0.2858,-0.2928,-0.2218,-0.0603,0.0714,-0.0036,-0.1552,-0.1367,-0.087,-0.0873,-0.1139,-0.1405,-0.1348,-0.0803,0.0096,0.1194,0.2411,0.3561,0.4291,0.4406,0.408,0.3592,-0.0659,-0.0661,-0.0696,-0.077,-0.0891,-0.1066,-0.131,-0.1633,-0.2009,-0.2355,-0.253,-0.2334,-0.1334,-0.1006,-0.1462,-0.116,-0.0424,0.2439,0.5255,0.2232,0.0322,-0.0261,-0.0397,-0.0754,-0.1549,-0.2598,-0.2736,-0.1493,0.0121,0.1761,0.3583,0.542,0.6437,0.6205,0.5333,0.442,-0.0817,-0.0843,-0.0895,-0.0979,-0.11,-0.1261,-0.1465,-0.1703,-0.1946,-0.2138,-0.2201,-0.2045,-0.1659,-0.1178,0.0028,0.061,0.047,0.2654,0.4438,0.329,0.1806,0.0776,0.0186,-0.0563,-0.2197,-0.5208,-0.5848,-0.2465,0.0289,0.2409,0.4826,0.7602,0.8964,0.8056,0.6447,0.509,-0.0935,-0.0972,-0.1031,-0.1114,-0.1223,-0.1358,-0.1515,-0.1682,-0.1835,-0.1936,-0.1942,-0.1809,-0.1508,-0.095,0.003,0.0455,0.0625,0.1992,0.3992,0.4699,0.2671,0.1509,0.0869,0.0036,-0.172,-0.5399,-0.6244,-0.1344,0.1286,0.3138,0.5454,0.849,0.9967,0.8732,0.6854,0.5363,-0.1018,-0.106,-0.1117,-0.1192,-0.1285,-0.1392,-0.1507,-0.162,-0.171,-0.1755,-0.1725,-0.1593,-0.1335,-0.0922,-0.0406,0.0021,0.0562,0.16,0.297,0.3395,0.2573,0.2155,0.1883,0.1202,0.0361,0.0332,0.2807,0.3003,0.3181,0.4063,0.5347,0.7212,0.8304,0.7671,0.6364,0.5172,-0.1074,-0.1115,-0.1167,-0.1231,-0.1305,-0.1386,-0.1467,-0.1538,-0.1586,-0.1593,-0.1541,-0.1413,-0.1196,-0.0888,-0.0516,-0.01,0.0431,0.1138,0.1861,0.2266,0.2559,0.3338,0.3569,0.257,0.2067,0.3312,0.5782,0.5075,0.5268,0.5532,0.5478,0.5909,0.6347,0.6152,0.5481,0.4706,-0.1108,-0.1145,-0.1189,-0.1241,-0.1298,-0.1356,-0.1409,-0.145,-0.1467,-0.145,-0.1385,-0.1262,-0.1074,-0.0821,-0.051,-0.0138,0.031,0.0832,0.1371,0.1924,0.279,0.4297,0.4741,0.3375,0.2777,0.348,0.464,0.5891,0.8119,0.7511,0.6066,0.5443,0.5286,0.5085,0.4694,0.4198,-0.1124,-0.1156,-0.1192,-0.1232,-0.1273,-0.1312,-0.1344,-0.1361,-0.1357,-0.1323,-0.1251,-0.1132,-0.0964,-0.0744,-0.0473,-0.015,0.0229,0.0659,0.1139,0.1718,0.2539,0.3536,0.381,0.3187,0.2915,0.3407,0.4486,0.64,0.8483,0.7816,0.6197,0.5216,0.4743,0.4435,0.4115,0.3755]}]