docs/data/wind_grid.json
[{"header":{"la1":42.85,"la2":41.18,"lo1":11.55,"lo2":14.05,"nx":36,"ny":24,"dx":0.07143,"dy":0.07261,"parameterCategory":2,"parameterNumber":2,"parameterNumberName":"eastward_wind","parameterUnit":"m.s-1"},"data":[-0.6758,-0.6811,-0.6842,-0.6848,-0.6829,-0.6784,-0.6707,-0.6588,-0.6424,-0.622,-0.6,-0.5791,-0.562,-0.5503,-0.5441,-0.5421,-0.5414,-0.5384,-0.5292,-0.5124,-0.49,-0.4675,-0.4506,-0.4415,-0.4387,-0.4388,-0.4395,-0.4394,-0.4383,-0.4364,-0.4339,-0.4311,-0.4282,-0.4254,-0.4227,-0.4202,-0.703,-0.7108,-0.7158,-0.7179,-0.7176,-0.7148,-0.7087,-0.6969,-0.6774,-0.6504,-0.6197,-0.5907,-0.568,-0.5542,-0.5496,-0.5523,-0.5578,-0.5594,-0.5494,-0.5234,-0.485,-0.4472,-0.4233,-0.4167,-0.4209,-0.4279,-0.4334,-0.436,-0.4362,-0.4347,-0.4323,-0.4295,-0.4265,-0.4236,-0.4209,-0.4185,-0.735,-0.7461,-0.7536,-0.7576,-0.7593,-0.7601,-0.7589,-0.7508,-0.7287,-0.6912,-0.6457,-0.6031,-0.5715,-0.5548,-0.5531,-0.5642,-0.5818,-0.5945,-0.5861,-0.5432,-0.4703,-0.3989,-0.3651,-0.3715,-0.3941,-0.4144,-0.4272,-0.4331,-0.4345,-0.4333,-0.4308,-0.4277,-0.4246,-0.4216,-0.4189,-0.4164,-0.7727,-0.7888,-0.7996,-0.8051,-0.8085,-0.8151,-0.8262,-0.8316,-0.8103,-0.7542,-0.6809,-0.615,-0.5698,-0.5487,-0.5516,-0.5761,-0.6162,-0.6551,-0.6592,-0.5887,-0.4381,-0.2855,-0.2437,-0.2965,-0.3603,-0.4021,-0.4234,-0.432,-0.4338,-0.4321,-0.4291,-0.4257,-0.4223,-0.4193,-0.4166,-0.4142,-0.8176,-0.8417,-0.8576,-0.8635,-0.8653,-0.8776,-0.914,-0.9595,-0.9521,-0.8559,-0.7266,-0.6222,-0.5578,-0.5312,-0.5395,-0.5828,-0.6603,-0.7572,-0.8123,-0.7128,-0.4013,-0.0489,-0.0285,-0.2067,-0.3365,-0.3998,-0.4258,-0.4339,-0.4341,-0.4311,-0.4272,-0.4232,-0.4196,-0.4165,-0.4139,-0.4116,-0.8704,-0.9085,-0.9347,-0.9401,-0.9303,-0.9379,-1.011,-1.1565,-1.2037,-1.0073,-0.7699,-0.613,-0.5284,-0.496,-0.5087,-0.5713,-0.6979,-0.9011,-1.1105,-1.0252,-0.5086,0.1108,0.0895,-0.2026,-0.3582,-0.4182,-0.4367,-0.4387,-0.4349,-0.4295,-0.4244,-0.4199,-0.4163,-0.4133,-0.4108,-0.4088,-0.9293,-0.9915,-1.0422,-1.052,-1.012,-0.9807,-1.0587,-1.3272,-1.4782,-1.1114,-0.7587,-0.5688,-0.4745,-0.4374,-0.4493,-0.5216,-0.6833,-0.9849,-1.4076,-1.3663,-0.8467,-0.3931,-0.2782,-0.3778,-0.4394,-0.4558,-0.4526,-0.4436,-0.4341,-0.4262,-0.4201,-0.4155,-0.412,-0.4094,-0.4073,-0.4057,-0.9857,-1.0818,-1.1826,-1.2218,-1.1274,-1.006,-0.9912,-1.1425,-1.2186,-0.9198,-0.638,-0.4814,-0.3961,-0.3534,-0.3519,-0.416,-0.5784,-0.8534,-1.164,-1.2003,-1.1489,-1.0047,-0.7408,-0.5991,-0.5333,-0.4928,-0.4639,-0.4433,-0.4291,-0.4197,-0.4136,-0.4096,-0.4069,-0.405,-0.4035,-0.4024,-1.0241,-1.1458,-1.2942,-1.3864,-1.2374,-1.0247,-0.8821,-0.8119,-0.7246,-0.5783,-0.4581,-0.3721,-0.3045,-0.2494,-0.2061,-0.238,-0.4141,-0.658,-0.8939,-1.1431,-1.5875,-1.4696,-0.9943,-0.7211,-0.5818,-0.5043,-0.4586,-0.4318,-0.4167,-0.4086,-0.4044,-0.4021,-0.4009,-0.4001,-0.3995,-0.399,-1.0337,-1.1583,-1.2892,-1.3531,-1.2728,-1.042,-0.8108,-0.6102,-0.3849,-0.266,-0.2902,-0.2717,-0.2153,-0.1469,-0.0156,0.0476,-0.262,-0.553,-0.7784,-1.0324,-1.3754,-1.3084,-0.9554,-0.7071,-0.5607,-0.4751,-0.4278,-0.4047,-0.3953,-0.3926,-0.3927,-0.3936,-0.3945,-0.3951,-0.3955,-0.3956,-1.0163,-1.1457,-1.3219,-1.5767,-1.5046,-1.0815,-0.7926,-0.5606,-0.1164,0.0924,-0.178,-0.2001,-0.1311,-0.0629,0.0127,0.0671,-0.2861,-0.6114,-0.7955,-0.8814,-0.9526,-0.9151,-0.7598,-0.5988,-0.4766,-0.4005,-0.3665,-0.3599,-0.3651,-0.3729,-0.3799,-0.3849,-0.3883,-0.3904,-0.3917,-0.3925,-0.971,-1.0936,-1.2794,-1.5281,-1.4414,-1.0275,-0.8295,-0.7747,-0.4203,-0.1293,-0.2076,-0.1638,-0.0484,0.0942,0.0273,-0.166,-0.487,-0.9795,-1.1288,-0.9221,-0.7818,-0.6887,-0.5817,-0.4591,-0.3432,-0.2742,-0.2703,-0.2993,-0.3301,-0.3532,-0.3684,-0.3778,-0.3834,-0.3866,-0.3885,-0.3897,-0.8991,-0.9862,-1.0907,-1.1643,-1.0796,-0.9005,-0.8691,-1.0052,-0.8201,-0.442,-0.2578,-0.1612,-0.0558,0.172,0.0911,-0.2139,-0.6129,-1.7944,-1.8519,-1.0276,-0.6984,-0.551,-0.446,-0.3233,-0.1698,-0.0852,-0.143,-0.2348,-0.3001,-0.3394,-0.3619,-0.3742,-0.3806,-0.3839,-0.3858,-0.3871,-0.8146,-0.8629,-0.9031,-0.9082,-0.8559,-0.7924,-0.805,-0.8882,-0.7666,-0.4432,-0.2446,-0.1746,-0.1488,-0.0064,-0.088,-0.1855,-0.4589,-1.1638,-1.3211,-0.8285,-0.5436,-0.413,-0.3366,-0.2287,-0.0312,0.089,-0.0478,-0.201,-0.2913,-0.3394,-0.3637,-0.3751,-0.3799,-0.382,-0.3832,-0.3844,-0.733,-0.7544,-0.764,-0.7521,-0.7185,-0.6838,-0.6691,-0.6457,-0.5233,-0.3281,-0.1934,-0.1334,-0.0593,0.0839,-0.1391,-0.2168,-0.9955,-0.7121,-0.6487,-0.4693,-0.2916,-0.2356,-0.2399,-0.2035,-0.0838,-0.0009,-0.1055,-0.2368,-0.3172,-0.3579,-0.3753,-0.3802,-0.3799,-0.379,-0.3793,-0.3808,-0.6613,-0.667,-0.6626,-0.6451,-0.6159,-0.5808,-0.5403,-0.4765,-0.3662,-0.2264,-0.1195,-0.1004,-0.0783,-0.052,-0.1656,-0.4498,-0.8207,-0.5177,-0.3256,-0.1777,0.0016,-0.0345,-0.1537,-0.2074,-0.2079,-0.2085,-0.2629,-0.332,-0.3762,-0.3939,-0.3939,-0.3851,-0.3758,-0.3712,-0.3717,-0.375,-0.6007,-0.5973,-0.5858,-0.565,-0.5351,-0.4967,-0.4472,-0.3798,-0.2906,-0.1915,-0.1187,-0.0949,-0.0149,0.0208,-0.078,-0.1885,-0.2535,-0.1216,0.0274,0.0206,0.0613,0.0169,-0.1141,-0.2206,-0.3066,-0.3804,-0.435,-0.459,-0.4581,-0.441,-0.4124,-0.3805,-0.358,-0.3519,-0.3572,-0.3661,-0.5502,-0.5413,-0.5259,-0.5031,-0.4725,-0.4337,-0.3852,-0.3255,-0.2566,-0.1876,-0.1312,-0.0769,0.016,0.059,0.1246,0.1601,0.0919,0.2723,0.5229,0.2528,0.0938,0.0037,-0.1086,-0.2508,-0.4189,-0.5814,-0.6481,-0.6129,-0.5538,-0.4916,-0.4213,-0.3513,-0.3116,-0.3138,-0.3347,-0.3549,-0.5083,-0.4962,-0.4786,-0.455,-0.4248,-0.3879,-0.3437,-0.2928,-0.2374,-0.1816,-0.1276,-0.0683,0.009,0.1445,0.5559,0.7351,0.3268,0.3534,0.495,0.4381,0.2452,0.0706,-0.0836,-0.2771,-0.5422,-0.8349,-0.9033,-0.768,-0.6502,-0.5434,-0.421,-0.2926,-0.2337,-0.263,-0.3116,-0.3463,-0.4735,-0.4595,-0.441,-0.4175,-0.3887,-0.3545,-0.3151,-0.2711,-0.2238,-0.1747,-0.1227,-0.0616,0.0251,0.1886,0.5103,0.6164,0.3603,0.3556,0.614,0.7383,0.3838,0.1626,-0.0099,-0.2472,-0.5752,-0.9016,-0.9679,-0.861,-0.7385,-0.6057,-0.4454,-0.2694,-0.1957,-0.2448,-0.3081,-0.3485,-0.4447,-0.4298,-0.4111,-0.3883,-0.3613,-0.33,-0.2947,-0.256,-0.2143,-0.1698,-0.121,-0.0628,0.0147,0.1263,0.2574,0.306,0.2727,0.3149,0.4711,0.5237,0.3784,0.2965,0.1864,-0.101,-0.4975,-0.8542,-1.0877,-1.0132,-0.8329,-0.6892,-0.5311,-0.3648,-0.2821,-0.2983,-0.3375,-0.3654,-0.4208,-0.4056,-0.3872,-0.3655,-0.3403,-0.3118,-0.2802,-0.2456,-0.2084,-0.1683,-0.1241,-0.0732,-0.0125,0.0582,0.1254,0.1659,0.1887,0.233,0.3019,0.3489,0.4162,0.6263,0.6596,0.2002,-0.366,-0.8755,-1.2613,-1.1046,-0.8977,-0.7919,-0.6498,-0.5034,-0.4118,-0.3836,-0.385,-0.3916,-0.401,-0.386,-0.3682,-0.3477,-0.3244,-0.2984,-0.2699,-0.2389,-0.2057,-0.1699,-0.1311,-0.0884,-0.0415,0.0076,0.053,0.0897,0.1222,0.1623,0.2157,0.2967,0.4913,0.9125,1.0457,0.4394,-0.2075,-0.6806,-0.9395,-0.9463,-0.9657,-0.908,-0.7482,-0.6019,-0.504,-0.452,-0.4283,-0.4175,-0.3848,-0.3701,-0.3531,-0.3339,-0.3124,-0.2887,-0.2629,-0.2352,-0.2056,-0.1741,-0.1405,-0.1048,-0.0675,-0.03,0.0054,0.0377,0.0697,0.1069,0.1579,0.244,0.4124,0.6619,0.698,0.3223,-0.1418,-0.5013,-0.7255,-0.8627,-0.972,-0.9199,-0.7708,-0.6396,-0.5482,-0.4908,-0.4568,-0.4366]},{"header":{"la1":42.85,"la2":41.18,"lo1":11.55,"lo2":14.05,"nx":36,"ny":24,"dx":0.07143,"dy":0.07261,"parameterCategory":2,"parameterNumber":3,"parameterNumberName":"northward_wind","parameterUnit":"m.s-1"},"data":[-0.6428,-0.6417,-0.6394,-0.6356,-0.6303,-0.6237,-0.6159,-0.6072,-0.5976,-0.5869,-0.5744,-0.5595,-0.5419,-0.5216,-0.499,-0.4751,-0.4514,-0.4294,-0.4111,-0.3975,-0.3888,-0.3843,-0.383,-0.3841,-0.387,-0.3915,-0.3973,-0.4042,-0.4118,-0.42,-0.4286,-0.4372,-0.446,-0.4545,-0.4629,-0.4709,-0.6518,-0.6513,-0.6492,-0.6453,-0.6394,-0.6317,-0.6227,-0.6132,-0.6036,-0.5934,-0.5814,-0.5663,-0.5472,-0.524,-0.4973,-0.4682,-0.4387,-0.4115,-0.3896,-0.375,-0.3676,-0.3655,-0.3664,-0.369,-0.3732,-0.3789,-0.3861,-0.3944,-0.4036,-0.4133,-0.4232,-0.4333,-0.4433,-0.453,-0.4624,-0.4713,-0.6615,-0.6618,-0.6602,-0.656,-0.649,-0.6392,-0.6277,-0.6163,-0.6068,-0.5986,-0.5889,-0.5748,-0.5548,-0.5287,-0.497,-0.461,-0.4231,-0.3879,-0.361,-0.3468,-0.3443,-0.348,-0.3521,-0.3554,-0.3598,-0.3662,-0.3747,-0.3846,-0.3954,-0.4068,-0.4184,-0.4299,-0.4413,-0.4523,-0.4628,-0.4727,-0.672,-0.6735,-0.6727,-0.6684,-0.6596,-0.6458,-0.6285,-0.6121,-0.6023,-0.5995,-0.5962,-0.5857,-0.5658,-0.5369,-0.4996,-0.4545,-0.4042,-0.3554,-0.3202,-0.3094,-0.3213,-0.3397,-0.3472,-0.3464,-0.3476,-0.3536,-0.3631,-0.3748,-0.3875,-0.4007,-0.4141,-0.4274,-0.4403,-0.4526,-0.4644,-0.4753,-0.683,-0.6866,-0.6874,-0.6835,-0.6725,-0.6522,-0.6221,-0.5906,-0.578,-0.5896,-0.6025,-0.6002,-0.5818,-0.5506,-0.5076,-0.4518,-0.383,-0.309,-0.2544,-0.2516,-0.3007,-0.3578,-0.3631,-0.3432,-0.3357,-0.3404,-0.3514,-0.3651,-0.38,-0.3954,-0.4107,-0.4259,-0.4405,-0.4544,-0.4674,-0.4794,-0.6942,-0.7009,-0.7049,-0.7029,-0.6906,-0.6625,-0.6097,-0.5368,-0.5089,-0.5619,-0.611,-0.6214,-0.6049,-0.5722,-0.5254,-0.4596,-0.3676,-0.249,-0.142,-0.1461,-0.2572,-0.3788,-0.376,-0.3312,-0.3186,-0.3252,-0.3391,-0.3557,-0.3732,-0.3909,-0.4085,-0.4258,-0.4423,-0.4579,-0.4724,-0.4855,-0.7043,-0.7156,-0.726,-0.7284,-0.7167,-0.6863,-0.6158,-0.4796,-0.4124,-0.5446,-0.6389,-0.6556,-0.6369,-0.6042,-0.5589,-0.4895,-0.3799,-0.2166,-0.0335,-0.0394,-0.1595,-0.2589,-0.2919,-0.2848,-0.2911,-0.3072,-0.3266,-0.3468,-0.3672,-0.3876,-0.4078,-0.4275,-0.4462,-0.4638,-0.4798,-0.494,-0.7109,-0.7279,-0.7505,-0.7624,-0.7473,-0.726,-0.6829,-0.5834,-0.535,-0.6474,-0.7139,-0.7074,-0.6773,-0.6478,-0.6162,-0.5558,-0.4414,-0.2785,-0.1212,-0.0722,-0.0168,-0.0444,-0.1511,-0.2187,-0.2591,-0.2891,-0.3147,-0.3387,-0.3622,-0.3857,-0.4089,-0.4315,-0.4529,-0.4726,-0.4903,-0.5057,-0.7101,-0.7288,-0.7676,-0.8021,-0.7626,-0.7609,-0.7868,-0.8035,-0.8345,-0.8695,-0.8387,-0.7719,-0.7194,-0.7005,-0.7134,-0.685,-0.5467,-0.3761,-0.2217,-0.0459,0.2371,0.1801,-0.0503,-0.1738,-0.2364,-0.2748,-0.3043,-0.3313,-0.3581,-0.3853,-0.4123,-0.4385,-0.463,-0.4853,-0.5048,-0.5213,-0.7006,-0.7054,-0.7199,-0.732,-0.6996,-0.771,-0.8853,-1.0072,-1.1599,-1.1938,-1.0023,-0.8321,-0.7503,-0.7456,-0.8673,-0.9422,-0.6583,-0.439,-0.2833,-0.1037,0.1178,0.0951,-0.0688,-0.1725,-0.2291,-0.2649,-0.2942,-0.3235,-0.3544,-0.3865,-0.4187,-0.4495,-0.4781,-0.5033,-0.5248,-0.5422,-0.6888,-0.671,-0.6139,-0.4726,-0.5128,-0.7684,-0.9822,-1.1614,-1.4943,-1.6699,-1.1402,-0.8558,-0.7635,-0.7583,-0.851,-0.9445,-0.6226,-0.4306,-0.3231,-0.2189,-0.1214,-0.1016,-0.1471,-0.1948,-0.2277,-0.2526,-0.2796,-0.3126,-0.3503,-0.3898,-0.4291,-0.4663,-0.4999,-0.5286,-0.552,-0.5698,-0.6856,-0.6627,-0.5995,-0.4862,-0.5439,-0.8398,-1.1053,-1.2623,-1.3626,-1.4199,-1.0493,-0.8219,-0.7737,-0.8473,-0.7454,-0.5802,-0.4342,-0.3753,-0.3448,-0.2762,-0.2163,-0.1897,-0.1932,-0.2062,-0.2146,-0.2247,-0.252,-0.2955,-0.3456,-0.3966,-0.4459,-0.4915,-0.5315,-0.5643,-0.5891,-0.6064,-0.6929,-0.6836,-0.664,-0.6565,-0.7422,-0.9483,-1.1969,-1.3878,-1.2919,-1.0953,-0.8908,-0.7802,-0.7504,-0.8793,-0.7102,-0.3084,-0.2112,-0.4017,-0.4151,-0.2805,-0.2203,-0.1963,-0.1944,-0.1948,-0.1776,-0.1659,-0.2057,-0.2738,-0.3437,-0.4102,-0.4727,-0.5295,-0.5776,-0.6148,-0.6402,-0.6548,-0.7033,-0.7089,-0.7198,-0.7525,-0.8328,-0.9689,-1.1382,-1.2792,-1.1997,-0.9574,-0.7944,-0.788,-0.7791,-0.5151,-0.3007,0.2072,0.1605,-0.1578,-0.2749,-0.2086,-0.1572,-0.1421,-0.1607,-0.1733,-0.1387,-0.1018,-0.1662,-0.2633,-0.3528,-0.4363,-0.5155,-0.5873,-0.646,-0.6874,-0.7106,-0.7188,-0.7099,-0.7232,-0.7444,-0.7808,-0.8397,-0.9193,-1.0013,-1.0391,-0.9645,-0.8178,-0.7133,-0.6622,-0.5617,-0.4102,-0.1366,0.3671,0.8294,0.2011,-0.0766,-0.0877,0.0059,0.0032,-0.0906,-0.1557,-0.1548,-0.1367,-0.1923,-0.284,-0.3804,-0.4803,-0.5818,-0.6757,-0.7491,-0.7932,-0.8085,-0.8028,-0.7103,-0.7251,-0.7457,-0.7744,-0.8113,-0.8511,-0.8791,-0.8715,-0.812,-0.7269,-0.6802,-0.6176,-0.5829,-0.4674,-0.2273,0.2068,0.5782,0.1499,-0.0767,0.0183,0.3812,0.2874,-0.002,-0.1424,-0.1882,-0.2058,-0.2465,-0.3199,-0.4203,-0.5434,-0.6809,-0.8124,-0.9081,-0.9497,-0.9437,-0.9103,-0.7051,-0.7182,-0.7344,-0.7536,-0.7741,-0.7907,-0.7948,-0.7771,-0.7368,-0.6914,-0.6722,-0.6457,-0.7091,-0.7224,-0.4123,-0.1757,-0.0744,-0.1973,-0.2932,-0.0752,0.4285,0.3129,-0.0108,-0.1563,-0.2028,-0.2163,-0.2483,-0.3276,-0.4537,-0.6213,-0.8239,-1.0261,-1.1582,-1.1807,-1.1244,-1.0405,-0.6962,-0.7064,-0.7176,-0.7291,-0.7389,-0.7436,-0.7389,-0.7221,-0.6956,-0.6687,-0.6512,-0.6519,-0.738,-0.742,-0.5388,-0.4376,-0.375,-0.516,-0.7218,-0.3863,-0.0962,-0.0479,-0.1437,-0.2044,-0.1918,-0.1328,-0.1394,-0.2722,-0.4654,-0.7052,-1.0154,-1.3506,-1.5411,-1.5001,-1.3418,-1.1792,-0.6853,-0.6925,-0.6995,-0.7055,-0.7089,-0.7078,-0.7004,-0.686,-0.6668,-0.6474,-0.6324,-0.6273,-0.6336,-0.6155,-0.6289,-0.6528,-0.508,-0.5463,-0.6252,-0.4523,-0.3366,-0.2808,-0.2817,-0.2662,-0.1595,0.0779,0.1268,-0.1766,-0.4711,-0.7791,-1.2125,-1.746,-2.0111,-1.839,-1.5376,-1.2905,-0.6738,-0.6783,-0.6821,-0.6844,-0.6842,-0.6804,-0.6721,-0.6596,-0.6442,-0.628,-0.6134,-0.6016,-0.5915,-0.5855,-0.6169,-0.6243,-0.5287,-0.4871,-0.4375,-0.4091,-0.4165,-0.4138,-0.4082,-0.3578,-0.2115,0.0967,0.1668,-0.2444,-0.5268,-0.8205,-1.278,-1.9035,-2.2047,-1.9618,-1.6026,-1.3282,-0.6624,-0.6648,-0.6663,-0.6662,-0.6639,-0.6588,-0.6505,-0.6394,-0.6261,-0.6117,-0.5975,-0.5839,-0.5717,-0.5636,-0.5624,-0.5487,-0.5116,-0.479,-0.4505,-0.4449,-0.4911,-0.5623,-0.5821,-0.5076,-0.3959,-0.3448,-0.4929,-0.5379,-0.6372,-0.832,-1.1535,-1.6019,-1.855,-1.738,-1.4923,-1.2773,-0.6516,-0.6525,-0.6524,-0.6508,-0.6473,-0.6416,-0.6336,-0.6234,-0.6116,-0.5987,-0.5854,-0.5722,-0.5598,-0.5489,-0.5387,-0.5248,-0.507,-0.4931,-0.4914,-0.5216,-0.6269,-0.8166,-0.8726,-0.7019,-0.5625,-0.5696,-0.6793,-0.6712,-0.7656,-0.8625,-1.0055,-1.2345,-1.4036,-1.4042,-1.2988,-1.1723,-0.6416,-0.6415,-0.6402,-0.6377,-0.6336,-0.6278,-0.6201,-0.6108,-0.6002,-0.5887,-0.5766,-0.5645,-0.5528,-0.5418,-0.5314,-0.5214,-0.5134,-0.513,-0.5305,-0.5885,-0.7363,-0.9988,-1.0741,-0.8296,-0.6574,-0.6273,-0.671,-0.7785,-0.9497,-0.9366,-0.9389,-1.0289,-1.1231,-1.1541,-1.1224,-1.0599,-0.6327,-0.6317,-0.6298,-0.6267,-0.6223,-0.6165,-0.6094,-0.6009,-0.5914,-0.5811,-0.5705,-0.5597,-0.5494,-0.5398,-0.5314,-0.5252,-0.5234,-0.5307,-0.5559,-0.6147,-0.7294,-0.8821,-0.9203,-0.7961,-0.6888,-0.6654,-0.7137,-0.8405,-0.9738,-0.948,-0.9096,-0.9322,-0.9756,-1.0,-0.9937,-0.9646]}]