docs/data/wind_grid.json
[{"header":{"la1":42.85,"la2":41.18,"lo1":11.55,"lo2":14.05,"nx":36,"ny":24,"dx":0.07143,"dy":0.07261,"parameterCategory":2,"parameterNumber":2,"parameterNumberName":"eastward_wind","parameterUnit":"m.s-1"},"data":[0.8103,0.7857,0.7569,0.7245,0.69,0.6563,0.6275,0.608,0.6007,0.606,0.6209,0.6409,0.6613,0.6783,0.6891,0.6912,0.682,0.6591,0.6209,0.5699,0.5144,0.4684,0.4445,0.4472,0.4713,0.5072,0.5471,0.586,0.6217,0.6534,0.6812,0.7056,0.7269,0.7457,0.7623,0.7771,0.8185,0.7902,0.7554,0.7141,0.6674,0.6193,0.5763,0.5468,0.5375,0.5493,0.5765,0.6104,0.6436,0.6711,0.69,0.6977,0.6907,0.6635,0.6105,0.5308,0.4371,0.358,0.3225,0.337,0.385,0.4454,0.5049,0.5578,0.6031,0.6413,0.6735,0.7009,0.7244,0.7447,0.7624,0.778,0.8324,0.8011,0.76,0.7076,0.6439,0.5726,0.5041,0.4549,0.441,0.4654,0.5149,0.5719,0.624,0.6658,0.6959,0.713,0.7132,0.6869,0.6179,0.4926,0.3243,0.1765,0.1249,0.1754,0.2741,0.3757,0.4625,0.5324,0.5879,0.6324,0.6686,0.6986,0.7239,0.7454,0.764,0.7801,0.8542,0.8214,0.7751,0.7107,0.6244,0.5167,0.4008,0.3095,0.2844,0.336,0.4296,0.525,0.6036,0.6632,0.7072,0.7385,0.7556,0.7458,0.6731,0.4829,0.163,-0.1442,-0.2084,-0.0524,0.1469,0.3091,0.4281,0.5145,0.5789,0.6284,0.6675,0.6993,0.7257,0.748,0.7671,0.7835,0.8856,0.8544,0.8064,0.7326,0.6207,0.4601,0.2569,0.0682,0.0125,0.1325,0.3176,0.4743,0.5862,0.6646,0.7228,0.7716,0.8194,0.862,0.8399,0.5939,-0.0082,-0.6877,-0.7121,-0.3024,0.0453,0.2693,0.413,0.5099,0.5788,0.6304,0.6707,0.7031,0.73,0.7526,0.7718,0.7884,0.9273,0.9017,0.8586,0.7845,0.6539,0.4323,0.0909,-0.3161,-0.46,-0.1588,0.2002,0.4358,0.5786,0.6712,0.7396,0.8036,0.8892,1.0353,1.2079,1.007,0.0941,-1.0215,-0.9736,-0.3612,0.0476,0.283,0.4267,0.5215,0.5884,0.6387,0.6781,0.7101,0.7367,0.7591,0.7782,0.7946,0.9785,0.9609,0.9275,0.8691,0.7455,0.4895,0.0305,-0.655,-0.9574,-0.3675,0.157,0.4336,0.5866,0.6834,0.7549,0.8225,0.9232,1.1473,1.5866,1.494,0.5438,-0.232,-0.3658,-0.0811,0.1782,0.352,0.4672,0.5472,0.6061,0.652,0.689,0.7197,0.7455,0.7674,0.786,0.802,1.0384,1.0246,0.9853,0.9454,0.8808,0.656,0.2402,-0.3104,-0.5377,-0.1324,0.2478,0.4706,0.6067,0.6997,0.7707,0.8298,0.9018,1.0421,1.256,1.0974,0.5543,0.2974,0.2013,0.2446,0.3472,0.4435,0.5196,0.5791,0.6273,0.6676,0.7018,0.7311,0.7559,0.7771,0.7951,0.8105,1.1109,1.1037,1.0116,0.9044,1.0062,0.8721,0.5478,0.2378,0.1016,0.1792,0.3483,0.5075,0.6231,0.7139,0.7979,0.8511,0.8787,0.9132,0.9002,0.672,0.2654,0.2869,0.3885,0.4311,0.475,0.5211,0.5649,0.6064,0.6457,0.6822,0.7148,0.7432,0.7675,0.788,0.8053,0.8199,1.2012,1.2539,1.2495,1.2224,1.3903,1.1343,0.7519,0.4362,0.1695,0.1053,0.3223,0.5146,0.6175,0.7041,0.8538,0.9315,0.8905,0.8923,0.847,0.6665,0.3946,0.3897,0.4945,0.536,0.5506,0.5639,0.5859,0.6179,0.6554,0.6928,0.7267,0.7557,0.7799,0.7998,0.8162,0.83,1.2864,1.4441,1.7693,2.4481,2.3045,1.4012,0.8444,0.4788,-0.1259,-0.4224,0.2371,0.521,0.5765,0.5992,0.7845,0.9236,0.9008,0.9542,0.9478,0.8374,0.6924,0.6267,0.6197,0.6025,0.5711,0.5513,0.5633,0.6025,0.6516,0.6982,0.7375,0.7687,0.7931,0.8123,0.8276,0.8402,1.3203,1.5077,1.869,2.4139,2.2378,1.3571,0.8311,0.5981,0.2831,0.0072,0.4111,0.5748,0.5104,0.3268,0.4545,0.7448,0.9353,1.141,1.1783,1.0262,0.8816,0.7829,0.7066,0.6152,0.5055,0.4396,0.4687,0.5515,0.6352,0.7013,0.7493,0.7833,0.8075,0.8252,0.8389,0.8502,1.2922,1.4241,1.6066,1.7443,1.568,1.1418,0.8168,0.4464,0.8254,0.6529,0.6737,0.6502,0.5465,0.1916,0.3086,0.7433,1.0026,1.5021,1.5225,1.1642,0.9821,0.8652,0.7472,0.5681,0.3076,0.1582,0.2816,0.476,0.6194,0.7104,0.7666,0.8012,0.823,0.8378,0.849,0.8587,1.2337,1.3018,1.3624,1.362,1.2434,1.0544,0.9258,1.0069,0.9804,0.8961,0.8726,0.6802,0.599,0.694,0.7101,0.7835,0.9891,1.3032,1.3503,1.149,1.0091,0.9067,0.7784,0.5328,0.0867,-0.1789,0.116,0.4427,0.6347,0.7386,0.7939,0.8227,0.8379,0.8475,0.8557,0.8641,1.176,1.2052,1.2178,1.1944,1.1276,1.0438,0.9905,0.9931,1.0272,1.1143,1.2,1.1153,0.9656,0.9864,0.8931,0.8341,1.6129,1.2753,1.1739,1.0778,0.9892,0.928,0.8345,0.6275,0.2592,0.0354,0.2627,0.5418,0.7088,0.7939,0.8317,0.8445,0.8472,0.8494,0.855,0.8639,1.1319,1.1432,1.1423,1.1237,1.0901,1.0561,1.0425,1.0675,1.1562,1.3724,1.7719,1.6487,1.409,1.1501,1.0907,1.2155,1.5169,1.2666,1.1208,1.0235,0.929,0.9244,0.8996,0.7956,0.6371,0.5469,0.6207,0.7463,0.8323,0.87,0.8724,0.8563,0.8395,0.8339,0.8408,0.8549,1.1021,1.107,1.1048,1.0951,1.0819,1.0743,1.0849,1.1294,1.2319,1.4364,1.731,1.6229,1.645,1.674,1.3089,1.2354,1.2287,1.1421,1.0546,1.0035,0.9207,0.9332,0.957,0.9376,0.9073,0.9041,0.933,0.9629,0.9717,0.9508,0.9005,0.8376,0.793,0.7857,0.8059,0.835,1.0835,1.0869,1.0869,1.0847,1.0838,1.0901,1.1117,1.1579,1.2382,1.3529,1.4566,1.5012,1.6761,1.7089,1.4347,1.3463,1.2173,1.0461,0.9305,0.9989,1.0012,1.0055,1.0296,1.0558,1.0932,1.1427,1.1669,1.1507,1.1057,1.0247,0.9005,0.759,0.6766,0.6895,0.7485,0.8073,1.0724,1.0762,1.0789,1.0819,1.0878,1.1004,1.1243,1.1637,1.2198,1.2864,1.3476,1.4003,1.4602,1.4779,1.5622,1.6186,1.2976,1.0693,0.9753,1.0191,1.0486,1.0768,1.1141,1.1639,1.2296,1.2858,1.2995,1.2966,1.2342,1.0987,0.881,0.6182,0.4907,0.5641,0.689,0.7849,1.066,1.0707,1.0755,1.0816,1.0908,1.1055,1.1278,1.1593,1.1991,1.2431,1.2853,1.3236,1.3591,1.4033,1.5156,1.5413,1.3074,1.1282,1.0355,1.0167,1.0826,1.1502,1.2089,1.267,1.3349,1.3483,1.348,1.4578,1.3824,1.1992,0.9152,0.5615,0.4027,0.5186,0.6782,0.7893,1.0624,1.0678,1.074,1.0817,1.0922,1.1067,1.1264,1.1514,1.1808,1.2122,1.2427,1.271,1.2981,1.3292,1.3626,1.3453,1.2514,1.1529,1.0859,1.0789,1.1597,1.2702,1.3411,1.3779,1.4621,1.639,1.9307,1.828,1.5602,1.3355,1.0667,0.756,0.5935,0.6414,0.7477,0.8316,1.0602,1.0662,1.0731,1.0815,1.0921,1.1056,1.1225,1.1426,1.1651,1.1885,1.2113,1.2324,1.2514,1.2676,1.2744,1.258,1.2172,1.1746,1.1544,1.1833,1.2968,1.4814,1.5495,1.4922,1.554,1.8362,2.2469,2.0054,1.6422,1.4658,1.259,1.0255,0.8712,0.8357,0.8621,0.8991,1.0589,1.0652,1.0723,1.0808,1.0909,1.1032,1.1176,1.134,1.1517,1.1698,1.1872,1.203,1.2162,1.2252,1.2269,1.2183,1.2025,1.1912,1.2011,1.257,1.3987,1.6286,1.6911,1.5553,1.5556,1.7129,1.8597,1.7407,1.6146,1.559,1.3953,1.2069,1.066,0.9934,0.97,0.9694,1.058,1.0643,1.0714,1.0796,1.0891,1.1,1.1124,1.126,1.1403,1.1546,1.1683,1.1805,1.1904,1.1971,1.1995,1.1979,1.1957,1.2006,1.2242,1.2827,1.3937,1.5339,1.5777,1.5187,1.5115,1.5745,1.6256,1.61,1.607,1.5682,1.4371,1.2895,1.1709,1.093,1.0495,1.0279]},{"header":{"la1":42.85,"la2":41.18,"lo1":11.55,"lo2":14.05,"nx":36,"ny":24,"dx":0.07143,"dy":0.07261,"parameterCategory":2,"parameterNumber":3,"parameterNumberName":"northward_wind","parameterUnit":"m.s-1"},"data":[0.3329,0.3169,0.2999,0.2822,0.2645,0.2483,0.2362,0.231,0.2349,0.2479,0.2673,0.2892,0.3099,0.3268,0.3382,0.3433,0.3414,0.3321,0.3155,0.2933,0.2696,0.2513,0.2444,0.2511,0.2684,0.2916,0.3166,0.3407,0.3628,0.3826,0.4003,0.4159,0.4298,0.4422,0.4532,0.4632,0.323,0.3038,0.2827,0.2595,0.2345,0.2096,0.1886,0.1777,0.182,0.2019,0.2326,0.2664,0.2973,0.3215,0.3375,0.3449,0.3428,0.33,0.3053,0.2689,0.2271,0.1933,0.1816,0.1953,0.2257,0.2622,0.2977,0.3293,0.3567,0.38,0.4,0.4173,0.4324,0.4456,0.4573,0.4677,0.313,0.2901,0.2644,0.2346,0.1997,0.1603,0.1224,0.0982,0.101,0.1336,0.1846,0.2384,0.2843,0.3184,0.3404,0.3511,0.35,0.3348,0.3004,0.242,0.1649,0.0984,0.08,0.1133,0.171,0.2295,0.2796,0.3203,0.3531,0.3798,0.4019,0.4206,0.4366,0.4505,0.4627,0.4735,0.3028,0.2759,0.2455,0.2091,0.162,0.1,0.0286,-0.0277,-0.0321,0.0266,0.1179,0.2055,0.2729,0.3191,0.348,0.3629,0.3652,0.352,0.3118,0.2234,0.0763,-0.0676,-0.0917,-0.0025,0.1088,0.1998,0.2669,0.3164,0.3537,0.383,0.4066,0.4262,0.4428,0.4572,0.4696,0.4806,0.2919,0.26,0.2254,0.1848,0.1271,0.0345,-0.1007,-0.2375,-0.2679,-0.1457,0.0302,0.1729,0.2675,0.3261,0.3611,0.3806,0.3894,0.3881,0.3605,0.2505,-0.0187,-0.347,-0.3531,-0.1293,0.062,0.186,0.2661,0.3208,0.3603,0.3905,0.4145,0.4344,0.4512,0.4657,0.4782,0.4892,0.2797,0.2394,0.1989,0.1597,0.1041,-0.0139,-0.2485,-0.5749,-0.6904,-0.3992,-0.0581,0.1564,0.2755,0.3421,0.3805,0.4027,0.4187,0.4408,0.4666,0.3878,0.0226,-0.5178,-0.4888,-0.1513,0.0742,0.2035,0.2827,0.3356,0.3735,0.4026,0.4259,0.4453,0.4618,0.4761,0.4886,0.4995,0.2667,0.2092,0.1513,0.1165,0.0945,-0.0036,-0.3026,-0.8749,-1.151,-0.5764,-0.0687,0.1815,0.3032,0.369,0.4074,0.4288,0.4443,0.4797,0.563,0.5393,0.2667,-0.0692,-0.1345,0.0228,0.1618,0.2542,0.3161,0.36,0.3929,0.4189,0.4404,0.4587,0.4747,0.4886,0.5009,0.5115,0.2596,0.1724,0.06,0.0034,0.0708,0.0806,-0.1165,-0.5356,-0.7256,-0.3007,0.0709,0.2544,0.3471,0.4053,0.4472,0.4667,0.4671,0.4785,0.5151,0.5066,0.47,0.3823,0.2609,0.2401,0.2756,0.32,0.3589,0.3907,0.4167,0.4386,0.4577,0.4746,0.4897,0.5033,0.5152,0.5255,0.2755,0.1673,-0.0291,-0.1897,0.0419,0.2086,0.1798,0.0647,0.0351,0.149,0.2665,0.34,0.3889,0.4438,0.5175,0.5481,0.5056,0.4749,0.4805,0.5253,0.6581,0.6149,0.4493,0.375,0.3653,0.3808,0.4025,0.4236,0.4427,0.4603,0.4768,0.4924,0.5069,0.5201,0.5318,0.5417,0.3281,0.2556,0.1323,0.0546,0.2665,0.392,0.4332,0.4257,0.4064,0.401,0.4009,0.3988,0.4035,0.457,0.6457,0.7533,0.5589,0.4714,0.4645,0.5096,0.6012,0.5811,0.4847,0.4331,0.422,0.4299,0.4429,0.4561,0.4692,0.4829,0.4973,0.512,0.5263,0.5395,0.551,0.5606,0.4016,0.3936,0.4379,0.6118,0.6127,0.5844,0.658,0.6671,0.5091,0.4297,0.4654,0.4232,0.3735,0.3739,0.5739,0.742,0.5128,0.4415,0.4407,0.4604,0.4886,0.4895,0.4667,0.4549,0.4607,0.4731,0.4822,0.4882,0.4952,0.5054,0.5186,0.5334,0.5484,0.5621,0.5737,0.5828,0.4668,0.4888,0.5518,0.6492,0.662,0.7253,0.9021,1.0113,0.7783,0.5574,0.5233,0.4293,0.3169,0.205,0.2374,0.3463,0.3651,0.4157,0.4429,0.4342,0.4368,0.443,0.4509,0.4701,0.5013,0.5249,0.5269,0.5203,0.5192,0.5267,0.5404,0.5571,0.574,0.589,0.6008,0.6092,0.514,0.5404,0.5835,0.6354,0.6979,0.8379,1.0822,1.2278,1.2079,0.7977,0.5818,0.4305,0.3204,0.1189,0.0981,0.1469,0.2248,0.4937,0.519,0.4242,0.4054,0.412,0.4374,0.4879,0.5618,0.605,0.5817,0.5497,0.5386,0.5456,0.563,0.5845,0.6053,0.6224,0.6343,0.6413,0.5472,0.5738,0.6112,0.6622,0.7398,0.8712,1.0705,1.3117,1.1928,0.8468,0.6393,0.4233,0.3504,0.3846,0.1495,-0.1915,-0.0233,0.319,0.4203,0.3811,0.3586,0.3651,0.4094,0.4924,0.6198,0.6893,0.6225,0.5631,0.5482,0.5613,0.5881,0.6186,0.6459,0.6657,0.677,0.6807,0.5705,0.5967,0.6319,0.6796,0.7461,0.8366,0.9419,1.0103,0.9539,0.85,0.8028,0.7189,0.5747,0.5833,0.1814,-0.2694,-0.0198,0.1754,0.3164,0.3179,0.2498,0.2577,0.3475,0.4529,0.5716,0.6352,0.5867,0.5427,0.5437,0.5749,0.6198,0.6655,0.7023,0.7246,0.7325,0.7297,0.5862,0.6107,0.6421,0.682,0.7312,0.7873,0.8391,0.8666,0.8689,0.9166,1.0957,1.177,0.9375,0.6211,0.3754,0.1424,0.1024,0.26,0.3669,0.2704,-0.0286,0.0423,0.2675,0.3897,0.4586,0.4889,0.4817,0.4851,0.5246,0.59,0.6654,0.7355,0.7854,0.8075,0.8056,0.7899,0.5958,0.6178,0.6444,0.6759,0.7114,0.7479,0.7802,0.8057,0.8381,0.9203,1.0693,1.0497,1.049,1.0211,0.6089,0.4151,0.3907,0.5178,0.6106,0.3957,-0.0579,0.028,0.2655,0.3506,0.3527,0.3235,0.3214,0.3842,0.4914,0.613,0.7357,0.844,0.9113,0.9242,0.8993,0.8602,0.601,0.6201,0.6421,0.6668,0.6932,0.7195,0.7441,0.7687,0.801,0.8503,0.9005,0.9234,1.0374,1.0319,0.6967,0.576,0.5978,0.8446,1.1103,0.7489,0.4283,0.3341,0.3578,0.3366,0.2229,0.047,0.0178,0.2159,0.4518,0.6531,0.8388,1.0057,1.0947,1.0778,1.0078,0.9338,0.6032,0.6195,0.6376,0.6572,0.6775,0.6976,0.7174,0.7377,0.7609,0.787,0.8094,0.8244,0.8343,0.7709,0.6313,0.5985,0.6685,0.8831,1.0575,0.958,0.7242,0.5422,0.4456,0.3355,0.0771,-0.4283,-0.5376,0.0309,0.458,0.7234,0.9579,1.1937,1.3046,1.2325,1.1037,0.9942,0.6033,0.6171,0.6321,0.6478,0.6638,0.6796,0.6951,0.7104,0.7256,0.7396,0.749,0.75,0.7351,0.6905,0.6291,0.6159,0.6861,0.8446,1.1224,1.2387,0.8668,0.624,0.4947,0.3789,0.1289,-0.4659,-0.6055,0.2242,0.6241,0.8373,1.0377,1.2725,1.385,1.2896,1.1421,1.0226,0.6021,0.6138,0.6262,0.639,0.6518,0.6642,0.6761,0.6872,0.6969,0.7043,0.7073,0.7035,0.6903,0.6679,0.6475,0.6502,0.6969,0.8036,0.9696,1.0044,0.7822,0.5791,0.4835,0.4546,0.4328,0.5151,0.9945,1.0003,0.9516,1.0091,1.083,1.196,1.2659,1.215,1.1117,1.015,0.6002,0.6101,0.6204,0.6308,0.6411,0.6509,0.66,0.6679,0.6743,0.6782,0.6787,0.6748,0.6665,0.6562,0.65,0.6569,0.6848,0.7342,0.7803,0.7517,0.6043,0.412,0.355,0.4641,0.6428,1.021,1.5503,1.3668,1.2785,1.2621,1.182,1.1487,1.1462,1.1154,1.0546,0.9871,0.5978,0.6063,0.6149,0.6235,0.6318,0.6395,0.6465,0.6523,0.6565,0.6588,0.6586,0.6559,0.6511,0.6464,0.6447,0.6498,0.6627,0.6782,0.6774,0.6269,0.4925,0.2844,0.2288,0.4301,0.6819,0.9809,1.2435,1.3952,1.6737,1.5723,1.3193,1.1693,1.0999,1.0541,1.0064,0.956,0.5953,0.6025,0.6097,0.6168,0.6236,0.6298,0.6352,0.6396,0.6427,0.6442,0.644,0.6423,0.6397,0.6374,0.6367,0.6388,0.6425,0.6428,0.6283,0.5828,0.4921,0.3765,0.3546,0.49,0.6903,0.9112,1.1375,1.4254,1.7229,1.6194,1.3574,1.1788,1.0796,1.019,0.9716,0.9286]}]