docs/data/wind_grid.json
{"header": {"la1":42.1,"la2":41.55,"lo1":12.1,"lo2":12.95,"nx":50,"ny":50,"dx":0.01735,"dy":0.01122,"parameterCategory":2,"parameterNumber":3,"parameterNumberName":"northward_wind","parameterUnit":"m.s-1"}, "data":
[rows 0 to 40 of 50, columns 0 to 49 of 50]
-1.9811,-2.0395,-2.1036,-2.159,-2.185,-2.1634,-2.0884,-1.969,-1.8228,-1.6682,-1.519,-1.3834,-1.2649,-1.1638,-1.0788,-1.0082,-0.9499,-0.9019,-0.863,-0.8318,-0.807,-0.7874,-0.7709,-0.7558,-0.7403,-0.7233,-0.7042,-0.6833,-0.6609,-0.6379,-0.615,-0.5929,-0.5723,-0.5537,-0.5376,-0.5243,-0.5138,-0.5059,-0.5003,-0.4965,-0.4942,-0.493,-0.4927,-0.4931,-0.4941,-0.4957,-0.4979,-0.5008,-0.5042,-0.5081
-1.9812,-2.0327,-2.0913,-2.1432,-2.1671,-2.144,-2.0677,-1.9471,-1.8,-1.645,-1.4959,-1.3609,-1.2434,-1.1437,-1.0604,-0.9915,-0.9347,-0.8884,-0.8511,-0.8216,-0.7989,-0.7814,-0.7671,-0.7537,-0.7391,-0.722,-0.7021,-0.6799,-0.656,-0.6313,-0.6068,-0.5833,-0.5616,-0.5423,-0.526,-0.5128,-0.5028,-0.4957,-0.4911,-0.4883,-0.4868,-0.4862,-0.4862,-0.4869,-0.488,-0.4897,-0.4921,-0.495,-0.4986,-0.5027
-1.9792,-2.0194,-2.0675,-2.111,-2.1294,-2.1037,-2.0274,-1.9085,-1.764,-1.6119,-1.4656,-1.3334,-1.2186,-1.1215,-1.0407,-0.9741,-0.9194,-0.875,-0.8396,-0.8121,-0.7916,-0.7767,-0.7649,-0.7533,-0.7394,-0.722,-0.7009,-0.6769,-0.6511,-0.6244,-0.5981,-0.5731,-0.5502,-0.5303,-0.5138,-0.501,-0.4918,-0.4858,-0.4824,-0.4807,-0.4802,-0.4802,-0.4806,-0.4814,-0.4825,-0.4842,-0.4866,-0.4896,-0.4932,-0.4975
-1.9785,-2.0038,-2.0368,-2.0672,-2.0764,-2.0467,-1.9711,-1.8561,-1.7171,-1.5705,-1.4294,-1.3017,-1.191,-1.0976,-1.02,-0.9563,-0.9042,-0.862,-0.8286,-0.8032,-0.7854,-0.7734,-0.7645,-0.755,-0.7417,-0.7234,-0.7005,-0.6743,-0.646,-0.6171,-0.5888,-0.5621,-0.538,-0.5174,-0.5009,-0.4888,-0.4808,-0.4763,-0.4745,-0.4743,-0.4747,-0.4754,-0.476,-0.4767,-0.4777,-0.4792,-0.4814,-0.4844,-0.4881,-0.4925
-1.9838,-1.9912,-2.0052,-2.0185,-2.0153,-1.9797,-1.9046,-1.7946,-1.6625,-1.5232,-1.3888,-1.267,-1.1614,-1.0725,-0.9989,-0.9387,-0.8894,-0.8496,-0.8184,-0.7953,-0.7804,-0.7719,-0.7664,-0.759,-0.7459,-0.7261,-0.7007,-0.6716,-0.6405,-0.6091,-0.5785,-0.55,-0.5247,-0.5036,-0.4873,-0.4762,-0.4699,-0.4674,-0.4677,-0.4692,-0.4708,-0.472,-0.4727,-0.4731,-0.4737,-0.4748,-0.4767,-0.4795,-0.4832,-0.4877
-1.9994,-1.9873,-1.9794,-1.9724,-1.954,-1.9103,-1.8343,-1.7287,-1.6038,-1.4725,-1.3456,-1.2305,-1.1307,-1.0469,-0.9778,-0.9214,-0.8753,-0.8381,-0.809,-0.7884,-0.7766,-0.7722,-0.7707,-0.7654,-0.7519,-0.7296,-0.7009,-0.6684,-0.6343,-0.6,-0.567,-0.5366,-0.5101,-0.4886,-0.4729,-0.4632,-0.4591,-0.4593,-0.4622,-0.4658,-0.4688,-0.4704,-0.4708,-0.4706,-0.4705,-0.471,-0.4724,-0.4749,-0.4785,-0.4831
-2.0288,-1.9964,-1.9649,-1.9352,-1.8989,-1.8448,-1.7657,-1.663,-1.5445,-1.4207,-1.3014,-1.1932,-1.0997,-1.0214,-0.9572,-0.9049,-0.8622,-0.8275,-0.8005,-0.7822,-0.7737,-0.7739,-0.7769,-0.7737,-0.7588,-0.733,-0.7003,-0.6641,-0.6267,-0.5895,-0.554,-0.5217,-0.4939,-0.4721,-0.4573,-0.4496,-0.4485,-0.4522,-0.4584,-0.4646,-0.4689,-0.4708,-0.4706,-0.4693,-0.4681,-0.4677,-0.4684,-0.4706,-0.474,-0.4786
-2.0734,-2.0209,-1.9647,-1.9105,-1.8543,-1.7872,-1.7027,-1.6007,-1.487,-1.3699,-1.2577,-1.1564,-1.0691,-0.9966,-0.9374,-0.8895,-0.8502,-0.818,-0.7928,-0.7764,-0.771,-0.7761,-0.7839,-0.7823,-0.765,-0.7349,-0.6979,-0.658,-0.6172,-0.5772,-0.5391,-0.5048,-0.4758,-0.4539,-0.4403,-0.4353,-0.438,-0.4461,-0.4565,-0.4657,-0.4715,-0.4733,-0.472,-0.4692,-0.4665,-0.4648,-0.4648,-0.4665,-0.4697,-0.4743
-2.1319,-2.0599,-1.9786,-1.8989,-1.8212,-1.7391,-1.647,-1.5436,-1.4329,-1.3213,-1.2156,-1.1208,-1.0397,-0.9729,-0.919,-0.8756,-0.8398,-0.8098,-0.7858,-0.7704,-0.7674,-0.7769,-0.7891,-0.7883,-0.7679,-0.7333,-0.6923,-0.6491,-0.6054,-0.5625,-0.5219,-0.4854,-0.4553,-0.4334,-0.4215,-0.4198,-0.4273,-0.4409,-0.4564,-0.4692,-0.4765,-0.4778,-0.4748,-0.47,-0.4654,-0.4623,-0.4613,-0.4625,-0.4655,-0.4701
-2.1997,-2.1095,-2.0036,-1.8981,-1.7981,-1.6999,-1.5985,-1.4921,-1.3829,-1.2757,-1.1757,-1.087,-1.0118,-0.9508,-0.9023,-0.8636,-0.8314,-0.8032,-0.7794,-0.7637,-0.7613,-0.7731,-0.7881,-0.7873,-0.7638,-0.726,-0.6823,-0.6367,-0.5906,-0.5452,-0.502,-0.4633,-0.4318,-0.4101,-0.4002,-0.4026,-0.4158,-0.4362,-0.4578,-0.4748,-0.4835,-0.4839,-0.4787,-0.4714,-0.4645,-0.4599,-0.4578,-0.4585,-0.4614,-0.4661
-2.2698,-2.1631,-2.034,-1.9039,-1.782,-1.6674,-1.5562,-1.4458,-1.3372,-1.2335,-1.1385,-1.0554,-0.986,-0.9307,-0.8878,-0.8541,-0.8256,-0.7988,-0.7739,-0.7558,-0.7512,-0.7619,-0.7766,-0.7748,-0.75,-0.7113,-0.6671,-0.6205,-0.5727,-0.5248,-0.4789,-0.4377,-0.4047,-0.3832,-0.3755,-0.3826,-0.4027,-0.4308,-0.4596,-0.4813,-0.4915,-0.4907,-0.4828,-0.4726,-0.4634,-0.4571,-0.4542,-0.4543,-0.4572,-0.462
-2.3331,-2.2126,-2.0632,-1.9108,-1.7689,-1.6391,-1.5182,-1.4037,-1.2952,-1.1945,-1.1041,-1.0263,-0.9626,-0.913,-0.876,-0.8479,-0.8234,-0.7975,-0.7699,-0.7468,-0.7364,-0.7418,-0.7523,-0.7491,-0.7257,-0.6893,-0.6468,-0.6005,-0.5515,-0.5012,-0.4522,-0.4081,-0.3731,-0.3515,-0.3463,-0.3586,-0.3862,-0.4232,-0.46,-0.487,-0.4988,-0.4966,-0.486,-0.4729,-0.4615,-0.4537,-0.45,-0.45,-0.4529,-0.458
-2.3804,-2.2494,-2.084,-1.9134,-1.7547,-1.6118,-1.4827,-1.3646,-1.2564,-1.1585,-1.0726,-0.9999,-0.9416,-0.8979,-0.8673,-0.8458,-0.8261,-0.8006,-0.7683,-0.737,-0.7175,-0.7137,-0.7174,-0.7129,-0.6932,-0.6617,-0.6226,-0.5774,-0.5273,-0.4741,-0.4214,-0.3736,-0.3361,-0.3139,-0.311,-0.3286,-0.3643,-0.4108,-0.4564,-0.4891,-0.5028,-0.4996,-0.4865,-0.4711,-0.458,-0.4493,-0.4452,-0.4452,-0.4484,-0.4541
-2.4037,-2.2663,-2.0903,-1.907,-1.7359,-1.5832,-1.4479,-1.3274,-1.22,-1.1253,-1.0437,-0.9761,-0.9233,-0.8856,-0.862,-0.8483,-0.8348,-0.8098,-0.77,-0.7269,-0.695,-0.68,-0.6764,-0.6715,-0.6569,-0.6314,-0.5961,-0.552,-0.5003,-0.4436,-0.386,-0.3333,-0.2921,-0.2687,-0.2676,-0.2905,-0.3345,-0.3906,-0.4452,-0.4841,-0.5005,-0.4971,-0.4828,-0.4661,-0.4522,-0.4433,-0.4395,-0.4399,-0.4438,-0.4501
-2.3985,-2.2588,-2.0781,-1.8881,-1.7099,-1.5512,-1.4124,-1.2912,-1.1855,-1.0943,-1.0172,-0.9546,-0.9073,-0.8758,-0.8598,-0.8554,-0.8501,-0.8257,-0.7755,-0.7163,-0.6692,-0.6429,-0.6337,-0.6304,-0.6214,-0.6014,-0.5692,-0.5252,-0.471,-0.4093,-0.3454,-0.2863,-0.2399,-0.2139,-0.214,-0.2418,-0.2936,-0.3593,-0.4229,-0.4685,-0.4886,-0.4869,-0.4732,-0.4569,-0.4437,-0.4356,-0.4327,-0.4342,-0.439,-0.4462
-2.3638,-2.2254,-2.0458,-1.8553,-1.6752,-1.5147,-1.3753,-1.2552,-1.1524,-1.0651,-0.9928,-0.9353,-0.8932,-0.8678,-0.8596,-0.8655,-0.8705,-0.847,-0.783,-0.7037,-0.6397,-0.6033,-0.5924,-0.5931,-0.5897,-0.5739,-0.5434,-0.4981,-0.4396,-0.3713,-0.2989,-0.231,-0.1774,-0.1474,-0.1475,-0.1796,-0.239,-0.3138,-0.3863,-0.4392,-0.4649,-0.4672,-0.4566,-0.443,-0.432,-0.4259,-0.4248,-0.4279,-0.434,-0.4424
-2.3024,-2.1684,-1.9946,-1.8088,-1.6317,-1.4733,-1.3362,-1.2191,-1.1201,-1.0375,-0.97,-0.9175,-0.8805,-0.8605,-0.8593,-0.8747,-0.8898,-0.8671,-0.7878,-0.6872,-0.6065,-0.5628,-0.5547,-0.5621,-0.5638,-0.5504,-0.5195,-0.4712,-0.4065,-0.3291,-0.2456,-0.1662,-0.1027,-0.0666,-0.0655,-0.1013,-0.168,-0.2519,-0.3335,-0.3949,-0.4282,-0.4374,-0.4328,-0.4242,-0.4173,-0.4145,-0.416,-0.4212,-0.4291,-0.4388
-2.2197,-2.092,-1.9274,-1.7505,-1.5804,-1.4275,-1.295,-1.1825,-1.0884,-1.0108,-0.9484,-0.9007,-0.8682,-0.8524,-0.8558,-0.8769,-0.8976,-0.8739,-0.7824,-0.666,-0.5731,-0.5256,-0.5239,-0.5389,-0.544,-0.531,-0.498,-0.4447,-0.3717,-0.2826,-0.1847,-0.0901,-0.0134,0.0312,0.0347,-0.0047,-0.0792,-0.1728,-0.2645,-0.336,-0.3793,-0.3981,-0.4023,-0.4009,-0.3998,-0.4014,-0.4064,-0.4143,-0.4243,-0.4356
-2.1222,-2.002,-1.8487,-1.6833,-1.523,-1.378,-1.2521,-1.1455,-1.057,-0.9847,-0.9274,-0.8842,-0.8554,-0.8423,-0.847,-0.8673,-0.8848,-0.8567,-0.762,-0.6432,-0.5476,-0.5,-0.5045,-0.5243,-0.5301,-0.5154,-0.4786,-0.4185,-0.3351,-0.2314,-0.1154,-0.0014,0.0925,0.1485,0.1553,0.1117,0.0279,-0.0772,-0.1809,-0.2646,-0.3204,-0.3514,-0.3665,-0.3742,-0.3803,-0.3874,-0.3966,-0.4076,-0.4199,-0.4329
-2.0164,-1.9041,-1.7629,-1.6103,-1.4615,-1.326,-1.2079,-1.1081,-1.0256,-0.9589,-0.9065,-0.8674,-0.8415,-0.8294,-0.8319,-0.8455,-0.8526,-0.8186,-0.7304,-0.624,-0.538,-0.4942,-0.4998,-0.5179,-0.5207,-0.5026,-0.4609,-0.3927,-0.2969,-0.1756,-0.0374,0.1009,0.2167,0.287,0.2976,0.248,0.152,0.0322,-0.0862,-0.1845,-0.2549,-0.2999,-0.3275,-0.3456,-0.3598,-0.3732,-0.3869,-0.4013,-0.4161,-0.431
-1.908,-1.8035,-1.6743,-1.5348,-1.3981,-1.2728,-1.1632,-1.0706,-0.9943,-0.933,-0.8853,-0.8499,-0.8261,-0.8138,-0.8121,-0.8163,-0.8111,-0.7732,-0.6971,-0.6099,-0.5418,-0.5065,-0.5071,-0.5168,-0.5142,-0.4918,-0.4444,-0.3672,-0.2573,-0.1157,0.0488,0.2167,0.3592,0.4467,0.4607,0.4021,0.2895,0.1511,0.0148,-0.1003,-0.1868,-0.2468,-0.2876,-0.3167,-0.3395,-0.3594,-0.3781,-0.396,-0.4134,-0.4302
-1.8013,-1.7042,-1.5862,-1.4594,-1.3345,-1.2195,-1.1185,-1.033,-0.9629,-0.9069,-0.8636,-0.8315,-0.8094,-0.7962,-0.79,-0.7855,-0.771,-0.7323,-0.668,-0.598,-0.5458,-0.5202,-0.5156,-0.5168,-0.5091,-0.4824,-0.4289,-0.3422,-0.2171,-0.0532,0.1412,0.3434,0.5174,0.6243,0.6403,0.5684,0.4344,0.2734,0.1165,-0.017,-0.1201,-0.1952,-0.2493,-0.2892,-0.3207,-0.3472,-0.3707,-0.3922,-0.4121,-0.4306
-1.6994,-1.609,-1.5014,-1.3861,-1.2724,-1.1671,-1.0744,-0.9958,-0.9315,-0.8805,-0.8413,-0.8123,-0.7917,-0.7779,-0.7681,-0.7576,-0.7379,-0.7004,-0.6452,-0.5857,-0.5404,-0.5187,-0.5155,-0.5152,-0.5047,-0.4741,-0.4145,-0.318,-0.1776,0.0095,0.2357,0.4753,0.6839,0.8111,0.8269,0.7375,0.5779,0.3916,0.2127,0.0607,-0.0586,-0.1482,-0.2147,-0.265,-0.3046,-0.3373,-0.3654,-0.3902,-0.4125,-0.4325
-1.604,-1.5198,-1.4214,-1.3165,-1.2129,-1.1166,-1.0314,-0.9591,-0.9001,-0.8536,-0.8183,-0.7923,-0.7735,-0.7596,-0.748,-0.7345,-0.713,-0.678,-0.629,-0.5747,-0.5291,-0.5068,-0.5093,-0.5126,-0.5011,-0.4667,-0.4013,-0.2956,-0.1408,0.0684,0.3254,0.6024,0.8454,0.992,1.0049,0.8952,0.7088,0.4971,0.2973,0.1282,-0.0059,-0.1083,-0.1859,-0.2454,-0.2923,-0.3307,-0.3629,-0.3907,-0.4149,-0.4363
-1.5163,-1.4377,-1.3473,-1.2516,-1.1569,-1.0686,-0.9901,-0.9233,-0.8689,-0.8266,-0.7949,-0.7719,-0.7553,-0.7424,-0.7307,-0.7167,-0.696,-0.6641,-0.6199,-0.5688,-0.523,-0.5005,-0.5057,-0.511,-0.4982,-0.4603,-0.3895,-0.2759,-0.109,0.1186,0.4018,0.7107,0.9833,1.1454,1.1539,1.025,0.8148,0.5817,0.3647,0.1815,0.0354,-0.0777,-0.1645,-0.2318,-0.285,-0.3281,-0.3638,-0.3939,-0.4198,-0.4422
-1.4366,-1.363,-1.2796,-1.1919,-1.105,-1.0235,-0.9507,-0.8887,-0.8382,-0.7993,-0.7711,-0.7514,-0.7376,-0.7267,-0.7163,-0.7038,-0.6855,-0.6573,-0.6176,-0.5703,-0.5271,-0.5056,-0.5085,-0.5114,-0.4961,-0.4547,-0.3794,-0.26,-0.0847,0.1551,0.4555,0.7853,1.0771,1.2485,1.253,1.1107,0.885,0.6384,0.4104,0.2178,0.0631,-0.0579,-0.1519,-0.2253,-0.2834,-0.3302,-0.3686,-0.4005,-0.4274,-0.4503
-1.3648,-1.2958,-1.2186,-1.1377,-1.0575,-0.9819,-0.9139,-0.8555,-0.8081,-0.7721,-0.747,-0.7309,-0.7207,-0.7129,-0.705,-0.6953,-0.6805,-0.6564,-0.6211,-0.5786,-0.5398,-0.5187,-0.5163,-0.5138,-0.4947,-0.4501,-0.3717,-0.249,-0.0702,0.1739,0.4795,0.8149,1.1112,1.2843,1.2871,1.1415,0.9124,0.6628,0.4315,0.235,0.0758,-0.0501,-0.1489,-0.2266,-0.2882,-0.3376,-0.3777,-0.4107,-0.438,-0.4609
-1.3007,-1.2358,-1.164,-1.089,-1.0146,-0.944,-0.8799,-0.8244,-0.7791,-0.745,-0.7226,-0.7105,-0.7049,-0.7012,-0.6968,-0.6905,-0.6797,-0.6597,-0.6289,-0.5914,-0.5568,-0.5354,-0.5269,-0.5179,-0.4944,-0.447,-0.3669,-0.2439,-0.0666,0.1732,0.4711,0.7958,1.0814,1.2484,1.2529,1.115,0.8955,0.6537,0.4273,0.2326,0.0728,-0.0551,-0.1564,-0.2365,-0.3,-0.3508,-0.3916,-0.4247,-0.4518,-0.4742
-1.2438,-1.1826,-1.1156,-1.0459,-0.9764,-0.9101,-0.8492,-0.7957,-0.7516,-0.7185,-0.698,-0.6899,-0.6901,-0.692,-0.6916,-0.6889,-0.6817,-0.6655,-0.6388,-0.6061,-0.5752,-0.5531,-0.5391,-0.5239,-0.4961,-0.4464,-0.3661,-0.2454,-0.0743,0.1536,0.4327,0.7332,0.9957,1.1506,1.1592,1.0377,0.838,0.6133,0.3986,0.2107,0.054,-0.0731,-0.1746,-0.2553,-0.3193,-0.3701,-0.4105,-0.4429,-0.469,-0.4901
-1.1934,-1.1358,-1.0731,-1.008,-0.943,-0.8803,-0.8221,-0.7702,-0.7264,-0.6931,-0.6733,-0.6687,-0.6759,-0.685,-0.6894,-0.6896,-0.6851,-0.6718,-0.6491,-0.6209,-0.5933,-0.5708,-0.5526,-0.5322,-0.5005,-0.4491,-0.3697,-0.2535,-0.0924,0.1181,0.3709,0.6386,0.8705,1.0094,1.0228,0.9218,0.7479,0.546,0.3479,0.1706,0.02,-0.1038,-0.2037,-0.2833,-0.3462,-0.3957,-0.4346,-0.4653,-0.4896,-0.5089
-1.1491,-1.0947,-1.0361,-0.9752,-0.9142,-0.8549,-0.7991,-0.7484,-0.7046,-0.6702,-0.6494,-0.647,-0.6615,-0.6797,-0.6893,-0.6914,-0.6882,-0.6773,-0.6584,-0.6349,-0.6108,-0.5886,-0.5676,-0.5431,-0.5082,-0.4556,-0.378,-0.268,-0.1192,0.0707,0.2936,0.5252,0.7241,0.845,0.862,0.7816,0.6347,0.4577,0.2787,0.1142,-0.0283,-0.1471,-0.2436,-0.3204,-0.3808,-0.4278,-0.464,-0.492,-0.5136,-0.5304
-1.1102,-1.059,-1.0041,-0.9471,-0.8898,-0.8338,-0.7805,-0.7312,-0.6873,-0.6515,-0.6287,-0.6264,-0.6471,-0.6747,-0.6894,-0.6925,-0.6897,-0.681,-0.6664,-0.648,-0.6279,-0.6071,-0.5845,-0.5569,-0.5195,-0.4663,-0.3911,-0.2881,-0.1526,0.0157,0.2084,0.4046,0.5715,0.6743,0.6927,0.6298,0.5076,0.3545,0.1946,0.0437,-0.0896,-0.2021,-0.2939,-0.3667,-0.4232,-0.4662,-0.4987,-0.5229,-0.541,-0.5545
-1.0762,-1.028,-0.9766,-0.9233,-0.8697,-0.817,-0.7663,-0.7188,-0.6758,-0.6395,-0.615,-0.6116,-0.6354,-0.6692,-0.6877,-0.6916,-0.6895,-0.6835,-0.6737,-0.661,-0.6456,-0.6269,-0.6037,-0.574,-0.5345,-0.4809,-0.4085,-0.3126,-0.1904,-0.0431,0.1214,0.2853,0.423,0.5085,0.5259,0.476,0.3742,0.2419,0.0993,-0.0386,-0.1626,-0.2682,-0.3542,-0.4217,-0.473,-0.5109,-0.5383,-0.5578,-0.5715,-0.5812
-1.0466,-1.0012,-0.9531,-0.9035,-0.8534,-0.8041,-0.7564,-0.7115,-0.6703,-0.6353,-0.6113,-0.6077,-0.6308,-0.6645,-0.6841,-0.6894,-0.6889,-0.6862,-0.6818,-0.6753,-0.6652,-0.6492,-0.6258,-0.5942,-0.5528,-0.4989,-0.4292,-0.3403,-0.2308,-0.1026,0.0366,0.1722,0.2845,0.354,0.3682,0.3268,0.2401,0.1243,-0.0038,-0.1304,-0.2458,-0.3443,-0.424,-0.4852,-0.53,-0.5615,-0.5827,-0.5965,-0.605,-0.61
-1.0208,-0.9782,-0.9333,-0.8871,-0.8405,-0.7947,-0.7504,-0.7086,-0.6706,-0.6386,-0.6173,-0.6146,-0.6343,-0.6628,-0.681,-0.6877,-0.6896,-0.6907,-0.692,-0.6923,-0.6878,-0.6745,-0.6507,-0.617,-0.5736,-0.5194,-0.4522,-0.3699,-0.2719,-0.1608,-0.0435,0.068,0.1586,0.2134,0.2228,0.1857,0.1091,0.0052,-0.112,-0.2295,-0.3375,-0.4294,-0.5023,-0.5562,-0.5935,-0.6174,-0.6313,-0.6383,-0.6409,-0.6407
-0.9983,-0.9585,-0.9167,-0.8737,-0.8307,-0.7883,-0.7476,-0.7095,-0.6753,-0.6473,-0.6296,-0.6278,-0.643,-0.6647,-0.6802,-0.6879,-0.6924,-0.6978,-0.7053,-0.7128,-0.714,-0.7028,-0.6779,-0.6416,-0.596,-0.5413,-0.4764,-0.4,-0.3124,-0.2162,-0.1176,-0.0263,0.0457,0.0873,0.0907,0.0545,-0.0165,-0.1129,-0.2228,-0.3341,-0.4363,-0.5221,-0.588,-0.634,-0.6626,-0.6778,-0.6834,-0.6828,-0.6787,-0.6729
-0.9789,-0.9416,-0.9027,-0.863,-0.8232,-0.7844,-0.7473,-0.7129,-0.6828,-0.6588,-0.6444,-0.6429,-0.6536,-0.6693,-0.682,-0.6903,-0.6975,-0.7073,-0.7214,-0.7362,-0.7426,-0.7326,-0.7056,-0.6663,-0.6184,-0.5633,-0.5005,-0.4297,-0.3512,-0.2679,-0.1852,-0.1109,-0.0546,-0.025,-0.0283,-0.0661,-0.1352,-0.2281,-0.3342,-0.4419,-0.5401,-0.6207,-0.6796,-0.717,-0.7361,-0.7415,-0.738,-0.7291,-0.7179,-0.7059
-0.962,-0.9272,-0.891,-0.8543,-0.8178,-0.7823,-0.7487,-0.718,-0.6916,-0.6712,-0.6592,-0.6573,-0.6643,-0.6753,-0.6857,-0.6945,-0.7042,-0.7182,-0.7383,-0.7596,-0.7702,-0.7605,-0.7311,-0.6889,-0.6391,-0.584,-0.5236,-0.4579,-0.3876,-0.3155,-0.2462,-0.1863,-0.1434,-0.1245,-0.1349,-0.1763,-0.2463,-0.3388,-0.4442,-0.5508,-0.6468,-0.723,-0.775,-0.8034,-0.8122,-0.8073,-0.7938,-0.7763,-0.7575,-0.7392
-0.9473,-0.9148,-0.8813,-0.8474,-0.8139,-0.7816,-0.7513,-0.7239,-0.7007,-0.6832,-0.6727,-0.6702,-0.6743,-0.6821,-0.6906,-0.6996,-0.7111,-0.7285,-0.7529,-0.7786,-0.7919,-0.7821,-0.7511,-0.7072,-0.6567,-0.6023,-0.5447,-0.4839,-0.4211,-0.3588,-0.301,-0.2532,-0.2218,-0.2127,-0.2302,-0.2762,-0.3492,-0.4438,-0.5509,-0.6584,-0.7536,-0.8263,-0.8717,-0.8908,-0.889,-0.8732,-0.8496,-0.8231,-0.7967,-0.7722
-0.9345,-0.9042,-0.8732,-0.8419,-0.8112,-0.7818,-0.7544,-0.73,-0.7095,-0.694,-0.6846,-0.6814,-0.6834,-0.6888,-0.6959,-0.7048,-0.7174,-0.7365,-0.7626,-0.7896,-0.8035,-0.794,-0.7632,-0.7196,-0.6701,-0.6176,-0.5632,-0.5074,-0.4515,-0.3978,-0.3499,-0.3125,-0.2911,-0.2906,-0.315,-0.3663,-0.4434,-0.5416,-0.6519,-0.7619,-0.8574,-0.9273,-0.9663,-0.9763,-0.9638,-0.9373,-0.9037,-0.8685,-0.8347,-0.804
-0.9233,-0.8951,-0.8663,-0.8375,-0.8094,-0.7826,-0.7578,-0.7358,-0.7175,-0.7036,-0.6948,-0.691,-0.6915,-0.6951,-0.701,-0.7095,-0.7222,-0.7411,-0.7663,-0.7914,-0.8042,-0.7955,-0.7668,-0.7257,-0.6788,-0.6294,-0.5788,-0.5282,-0.4787,-0.4327,-0.3934,-0.365,-0.3522,-0.3594,-0.3903,-0.4468,-0.5285,-0.6309,-0.7452,-0.8581,-0.9545,-1.022,-1.0551,-1.0565,-1.034,-0.9973,-0.9545,-0.9111,-0.8704,-0.834
