docs/data/wind_grid.json
[{"header":{"la1":42.85,"la2":41.18,"lo1":11.55,"lo2":14.05,"nx":36,"ny":24,"dx":0.07143,"dy":0.07261,"parameterCategory":2,"parameterNumber":2,"parameterNumberName":"eastward_wind","parameterUnit":"m.s-1"},"data":[1.7247,1.7291,1.7327,1.7347,1.7337,1.7281,1.7151,1.6916,1.655,1.6031,1.5357,1.4534,1.3576,1.2497,1.1323,1.01,0.8907,0.7857,0.7076,0.6654,0.6609,0.6882,0.7371,0.797,0.8599,0.9205,0.976,1.0253,1.0682,1.105,1.1364,1.163,1.1855,1.2047,1.221,1.2351,1.7462,1.7542,1.7623,1.7698,1.7754,1.777,1.7708,1.752,1.7155,1.6582,1.5799,1.4822,1.3668,1.2345,1.0865,0.9266,0.7647,0.6191,0.5128,0.4636,0.4738,0.5301,0.6126,0.7037,0.7923,0.8725,0.9424,1.002,1.0519,1.0936,1.1281,1.1567,1.1804,1.2002,1.2168,1.2309,1.7677,1.7797,1.793,1.8073,1.8218,1.8343,1.8399,1.8305,1.7967,1.7328,1.6399,1.5227,1.3841,1.2234,1.0375,0.8262,0.5995,0.3864,0.2322,0.1754,0.2182,0.3284,0.4659,0.6024,0.7246,0.8282,0.9139,0.9839,1.0406,1.0864,1.1233,1.1532,1.1774,1.1972,1.2136,1.2273,1.7885,1.8046,1.8235,1.8455,1.8712,1.8992,1.9244,1.9335,1.9069,1.8331,1.7182,1.5756,1.411,1.2199,0.9912,0.713,0.3875,0.0561,-0.1869,-0.2496,-0.1332,0.0779,0.3028,0.5016,0.6643,0.7932,0.8945,0.9737,1.0358,1.0845,1.1227,1.1528,1.1767,1.1958,1.2113,1.2242,1.8077,1.8277,1.8518,1.8816,1.9194,1.9672,2.0228,2.0673,2.0577,1.9645,1.8126,1.6369,1.4462,1.2287,0.9596,0.6051,0.1383,-0.4017,-0.8217,-0.8789,-0.5977,-0.2061,0.1452,0.4187,0.623,0.7748,0.8885,0.9742,1.0392,1.0888,1.1267,1.1557,1.1781,1.1956,1.2096,1.2212,1.8246,1.8477,1.876,1.9119,1.9598,2.0267,2.1201,2.2246,2.2499,2.1166,1.9065,1.6951,1.4853,1.2535,0.9608,0.5449,-0.08,-0.9374,-1.6903,-1.7086,-1.1063,-0.4515,0.0401,0.3798,0.6145,0.7803,0.8999,0.9874,1.052,1.0998,1.1353,1.1616,1.1812,1.1962,1.2079,1.2176,1.8387,1.8639,1.8948,1.9339,1.986,2.0607,2.1746,2.3303,2.3955,2.2147,1.9618,1.735,1.5217,1.2943,1.009,0.5877,-0.1054,-1.205,-2.3169,-2.2783,-1.3508,-0.5091,0.0504,0.4105,0.6497,0.8143,0.9306,1.014,1.0741,1.1173,1.148,1.1698,1.1853,1.1966,1.2053,1.2126,1.8496,1.8761,1.9081,1.9475,1.9979,2.065,2.1573,2.2692,2.3061,2.1702,1.9663,1.7561,1.5512,1.343,1.0962,0.7423,0.1678,-0.7403,-1.6803,-1.7017,-0.9678,-0.273,0.2028,0.5167,0.7289,0.8761,0.9799,1.0533,1.1048,1.1402,1.1638,1.1792,1.189,1.1956,1.2004,1.2049,1.8574,1.8845,1.9167,1.9554,2.0024,2.06,2.1285,2.1965,2.2267,2.1684,1.9991,1.7776,1.5683,1.3824,1.1888,0.9324,0.5564,0.0481,-0.4264,-0.5192,-0.2323,0.1377,0.4454,0.6743,0.8402,0.9593,1.0439,1.1026,1.142,1.1667,1.1809,1.1878,1.1905,1.1911,1.1915,1.1929,1.862,1.8892,1.9214,1.9596,2.0055,2.0616,2.1358,2.2507,2.4197,2.4344,2.1318,1.7993,1.5558,1.3888,1.252,1.0734,0.8193,0.5323,0.3099,0.2436,0.3376,0.5121,0.6928,0.8466,0.9664,1.055,1.1174,1.1586,1.183,1.1945,1.1967,1.1931,1.1869,1.1805,1.176,1.1744,1.8634,1.8903,1.9221,1.9602,2.0059,2.062,2.1382,2.2929,2.7479,2.9716,2.2697,1.7735,1.4856,1.3286,1.2764,1.1496,0.8938,0.6121,0.4744,0.5101,0.6286,0.7685,0.9001,1.0099,1.0946,1.1555,1.1955,1.2176,1.2248,1.2204,1.208,1.1914,1.1745,1.1601,1.1505,1.1465,1.8616,1.8875,1.9183,1.9553,2.0001,2.053,2.1092,2.1691,2.4299,2.6121,2.0979,1.6815,1.3702,1.0523,1.3278,1.2059,0.802,0.2422,0.1304,0.4548,0.7486,0.9445,1.0744,1.1618,1.2202,1.2566,1.2746,1.2764,1.2642,1.241,1.2106,1.1779,1.1479,1.1246,1.1102,1.1052,1.8567,1.8807,1.9092,1.9437,1.9855,2.0352,2.0857,2.1109,2.1202,2.0826,1.8541,1.6343,1.4391,1.2421,1.64,1.2487,0.6791,-0.519,-0.5369,0.3637,0.8708,1.1219,1.2478,1.3119,1.3441,1.3564,1.3523,1.3327,1.2984,1.2522,1.1989,1.1454,1.0993,1.0662,1.0487,1.0458,1.849,1.8702,1.8951,1.9246,1.96,2.002,2.0474,2.0821,2.0516,1.9233,1.7615,1.6561,1.6057,1.2723,1.4245,1.2248,0.8467,0.115,0.0241,0.697,1.1556,1.3699,1.4464,1.4669,1.4664,1.4534,1.4271,1.3848,1.325,1.2497,1.1655,1.0836,1.0167,0.9738,0.957,0.9623,1.839,1.8569,1.8771,1.8999,1.9256,1.9529,1.9769,1.9814,1.9354,1.8482,1.7689,1.6801,1.5974,1.6837,1.4468,1.1313,0.8527,0.9155,0.9743,1.2878,1.6047,1.7016,1.666,1.6195,1.5819,1.5449,1.4982,1.4329,1.3431,1.2289,1.1,0.9762,0.8814,0.8307,0.8235,0.8481,1.8279,1.8421,1.8573,1.8732,1.8888,1.9017,1.9065,1.894,1.8609,1.8413,1.9104,1.7358,1.656,1.5776,1.4897,1.2469,1.028,1.2607,1.4815,1.7491,2.0689,2.0274,1.8538,1.7476,1.6818,1.6281,1.5668,1.4802,1.3548,1.1864,0.9881,0.7979,0.6643,0.6139,0.6354,0.6991,1.8163,1.8272,1.838,1.8481,1.8561,1.8598,1.856,1.8424,1.8244,1.8286,1.8844,1.7573,1.5264,1.4401,1.5827,1.5801,1.5612,1.7092,1.8742,1.9722,2.1445,2.0979,1.9441,1.8354,1.7604,1.702,1.6374,1.5348,1.3681,1.1228,0.813,0.5113,0.3248,0.2986,0.3864,0.5192,1.8053,1.8134,1.8208,1.8268,1.8302,1.8296,1.8237,1.8124,1.7992,1.7896,1.7709,1.6906,1.5097,1.4973,1.8522,2.0099,1.9537,2.062,2.1752,2.1536,2.1285,2.0774,1.9924,1.8992,1.8186,1.7651,1.715,1.6051,1.3942,1.0493,0.5693,0.086,-0.1638,-0.1123,0.0981,0.3319,1.7953,1.8014,1.8065,1.81,1.8111,1.8092,1.8038,1.7951,1.7844,1.7718,1.7525,1.7224,1.712,1.873,2.4352,2.646,2.2366,2.2135,2.3155,2.5198,2.363,2.1972,2.0807,1.9667,1.8584,1.8054,1.7882,1.6767,1.4342,0.9981,0.3203,-0.3955,-0.6957,-0.5092,-0.1472,0.1882,1.7866,1.7913,1.795,1.7973,1.7978,1.7961,1.7923,1.7868,1.7805,1.7745,1.7712,1.7814,1.8404,2.0318,2.4151,2.5405,2.3137,2.3866,2.8915,3.1262,2.6163,2.3594,2.2224,2.0681,1.9017,1.814,1.8,1.6968,1.4747,1.0202,0.2556,-0.5739,-0.8924,-0.6421,-0.2208,0.1493,1.7793,1.7831,1.7862,1.7881,1.7888,1.7883,1.7867,1.7848,1.7837,1.7857,1.7956,1.8238,1.8899,2.016,2.1769,2.254,2.2648,2.4005,2.704,2.8153,2.6254,2.5497,2.4823,2.2601,1.988,1.8102,1.7263,1.6846,1.5218,1.1279,0.4776,-0.2139,-0.5241,-0.3848,-0.0682,0.2383,1.7732,1.7767,1.7795,1.7816,1.783,1.7839,1.7847,1.7861,1.7897,1.7978,1.8145,1.8463,1.901,1.9803,2.0678,2.1378,2.2054,2.3178,2.4645,2.5633,2.6688,2.9292,2.991,2.5847,2.1216,1.8181,1.6975,1.6879,1.561,1.2558,0.7967,0.3253,0.0591,0.0623,0.2209,0.4169,1.7683,1.7716,1.7745,1.7771,1.7794,1.7817,1.7845,1.7887,1.7956,1.8073,1.8265,1.8566,1.9003,1.9565,2.019,2.0826,2.1541,2.2456,2.3571,2.498,2.7616,3.2219,3.3503,2.8208,2.2592,1.9099,1.7568,1.6946,1.5767,1.3535,1.0488,0.7423,0.5362,0.4746,0.5232,0.6236,1.7642,1.7676,1.7708,1.7739,1.7771,1.7806,1.7851,1.7914,1.8004,1.8137,1.8331,1.8604,1.8964,1.9407,1.9914,2.0477,2.113,2.1928,2.2949,2.4413,2.6783,2.977,3.035,2.7038,2.2935,1.9978,1.8265,1.7172,1.5955,1.4266,1.2197,1.0148,0.8604,0.7833,0.7767,0.8155]},{"header":{"la1":42.85,"la2":41.18,"lo1":11.55,"lo2":14.05,"nx":36,"ny":24,"dx":0.07143,"dy":0.07261,"parameterCategory":2,"parameterNumber":3,"parameterNumberName":"northward_wind","parameterUnit":"m.s-1"},"data":[0.6828,0.6941,0.7068,0.721,0.7361,0.7511,0.7646,0.775,0.7813,0.7838,0.7836,0.7825,0.7817,0.7818,0.7827,0.7839,0.7845,0.7833,0.7793,0.7712,0.7587,0.7422,0.7228,0.7015,0.6794,0.6573,0.6355,0.6145,0.5943,0.575,0.5569,0.5398,0.5238,0.509,0.4953,0.4828,0.6827,0.6954,0.7104,0.728,0.7476,0.7681,0.7869,0.8009,0.808,0.8083,0.8045,0.8002,0.7977,0.7976,0.7997,0.803,0.8064,0.8081,0.8059,0.7977,0.783,0.7626,0.7386,0.7127,0.6865,0.6609,0.6362,0.6127,0.5904,0.5694,0.5498,0.5314,0.5143,0.4986,0.4842,0.4712,0.6808,0.6948,0.7122,0.7339,0.76,0.7892,0.8175,0.8387,0.8468,0.8418,0.8302,0.8195,0.814,0.8137,0.8176,0.8241,0.832,0.8388,0.8404,0.8326,0.8141,0.7873,0.7563,0.7242,0.6929,0.6632,0.6352,0.6091,0.5847,0.5619,0.5407,0.521,0.5029,0.4863,0.4712,0.4576,0.6766,0.6913,0.7108,0.7371,0.7717,0.8147,0.8611,0.8978,0.9085,0.8909,0.862,0.8395,0.8295,0.8296,0.8362,0.8472,0.8619,0.8778,0.8872,0.8802,0.8544,0.8166,0.7751,0.7348,0.6974,0.6632,0.632,0.6033,0.5767,0.5522,0.5294,0.5084,0.4892,0.4717,0.4559,0.4419,0.6694,0.6838,0.7043,0.7342,0.7783,0.8413,0.9212,0.9945,1.0141,0.9656,0.8988,0.8564,0.8423,0.8449,0.8555,0.8714,0.895,0.9267,0.9522,0.9465,0.9055,0.8487,0.7923,0.742,0.6982,0.6598,0.6256,0.5945,0.566,0.5398,0.5155,0.4932,0.4728,0.4544,0.438,0.4236,0.659,0.6715,0.6905,0.7208,0.7711,0.8553,0.9871,1.1419,1.192,1.0684,0.9278,0.8614,0.8499,0.8608,0.8767,0.8954,0.926,0.9794,1.035,1.0303,0.9599,0.8751,0.8018,0.7424,0.6934,0.6518,0.6152,0.5823,0.5521,0.5243,0.4985,0.4749,0.4533,0.434,0.417,0.4023,0.6458,0.6544,0.6684,0.6929,0.7386,0.8274,0.9982,1.2607,1.3727,1.1253,0.905,0.8403,0.8527,0.8823,0.9047,0.9197,0.9448,1.0072,1.0922,1.0867,0.9849,0.8784,0.7955,0.7321,0.6812,0.6383,0.6005,0.5663,0.5347,0.5054,0.4781,0.453,0.4302,0.4099,0.3923,0.3774,0.6307,0.6339,0.6396,0.6511,0.6764,0.733,0.8569,1.0695,1.1556,0.924,0.7721,0.7873,0.8603,0.9224,0.9511,0.952,0.9498,0.9786,1.0363,1.0285,0.9396,0.8446,0.7689,0.7096,0.661,0.619,0.5813,0.5464,0.5137,0.4828,0.4538,0.4271,0.4028,0.3815,0.3632,0.3483,0.6153,0.6125,0.6085,0.6035,0.5987,0.5966,0.6,0.5958,0.5262,0.4439,0.5287,0.7216,0.8979,1.0051,1.0354,1.0079,0.9592,0.9269,0.92,0.8995,0.8462,0.7834,0.7267,0.6776,0.6344,0.595,0.5581,0.5228,0.4889,0.4562,0.4251,0.3962,0.3702,0.3475,0.3288,0.314,0.6017,0.5938,0.5814,0.5623,0.5321,0.481,0.3832,0.1739,-0.1897,-0.2788,0.1993,0.69,1.0066,1.1662,1.1845,1.1008,0.9809,0.8804,0.8208,0.7863,0.7538,0.7173,0.6792,0.6413,0.6042,0.5678,0.5319,0.4961,0.4605,0.4254,0.3914,0.3596,0.331,0.3068,0.2875,0.2732,0.5914,0.5802,0.5631,0.5367,0.496,0.4308,0.3135,0.0186,-0.8783,-1.3157,-0.0582,0.7775,1.2237,1.4485,1.4303,1.2306,0.9908,0.8018,0.7078,0.6832,0.674,0.6583,0.6347,0.6057,0.5735,0.5395,0.5039,0.4669,0.4287,0.3899,0.3516,0.3155,0.2835,0.2572,0.2374,0.2244,0.585,0.573,0.5551,0.5288,0.4913,0.4419,0.3872,0.3026,-0.2464,-0.6403,0.2816,1.0217,1.493,1.847,1.7847,1.3575,0.9377,0.6099,0.5194,0.5717,0.6068,0.6118,0.5986,0.5749,0.5451,0.5116,0.4753,0.436,0.3938,0.3493,0.3043,0.2617,0.2246,0.1955,0.1758,0.1651,0.5824,0.5716,0.5561,0.5344,0.506,0.4746,0.4583,0.4852,0.4104,0.3722,0.7859,1.3011,1.5898,2.0406,1.9895,1.3359,0.8198,0.3213,0.2978,0.4889,0.5665,0.5861,0.5768,0.5523,0.5208,0.4858,0.4475,0.4046,0.3562,0.3029,0.2474,0.1945,0.1497,0.1172,0.0984,0.0925,0.5827,0.5745,0.5631,0.548,0.5293,0.5094,0.4942,0.4898,0.5084,0.6536,0.9796,1.5032,1.6568,1.4944,1.4526,1.0771,0.7137,0.4476,0.3946,0.5027,0.5754,0.5977,0.5778,0.5406,0.5015,0.4631,0.4224,0.3748,0.3173,0.25,0.1773,0.1077,0.0512,0.0146,-0.0005,0.0026,0.5846,0.5795,0.5728,0.5646,0.5557,0.5478,0.5448,0.5574,0.6159,0.7406,0.8928,1.0947,1.2557,1.2883,1.157,0.74,0.4549,0.5074,0.4866,0.5522,0.6709,0.6865,0.6114,0.5377,0.4851,0.4445,0.4033,0.3508,0.2801,0.1903,0.0886,-0.009,-0.0838,-0.1235,-0.1287,-0.1084,0.5869,0.5847,0.5823,0.5802,0.5796,0.5829,0.5945,0.623,0.6756,0.7249,0.6818,0.8017,0.915,1.0358,0.9106,0.6373,0.465,0.4191,0.3891,0.5792,0.9498,0.8888,0.6562,0.527,0.4667,0.4335,0.3983,0.3412,0.2507,0.1242,-0.0272,-0.1733,-0.2757,-0.3135,-0.2949,-0.2431,0.5885,0.5887,0.5895,0.5916,0.5965,0.606,0.6232,0.651,0.6861,0.7057,0.6782,0.7478,0.7599,0.7282,0.6501,0.4768,0.3274,0.126,0.0212,0.3711,0.9639,0.8794,0.6036,0.4801,0.4459,0.4427,0.4244,0.3611,0.2398,0.0547,-0.1814,-0.4118,-0.554,-0.5726,-0.5027,-0.3975,0.5887,0.5904,0.5931,0.5974,0.6045,0.6154,0.6314,0.6524,0.6749,0.6912,0.6987,0.7018,0.6771,0.6149,0.2734,0.0355,0.0049,-0.3272,-0.6816,-0.1414,0.3365,0.4679,0.4193,0.3986,0.4381,0.4991,0.5071,0.4257,0.2585,-0.0096,-0.3781,-0.7471,-0.9372,-0.897,-0.7347,-0.5533,0.5871,0.5894,0.5928,0.5976,0.6044,0.6136,0.6253,0.6383,0.6498,0.6551,0.6479,0.6162,0.5323,0.2778,-0.4451,-0.7188,-0.2553,-0.3621,-0.5543,-0.3294,-0.0585,0.134,0.2215,0.3086,0.451,0.6089,0.6385,0.5171,0.3043,-0.0469,-0.5718,-1.1171,-1.3445,-1.2034,-0.9284,-0.6719,0.5836,0.5859,0.5889,0.5929,0.598,0.6041,0.6104,0.6156,0.6165,0.6085,0.5831,0.5245,0.3965,0.1101,-0.4065,-0.574,-0.273,-0.2611,-0.4205,-0.4787,-0.2403,-0.0804,0.0259,0.1879,0.4224,0.6349,0.6721,0.5741,0.3641,-0.022,-0.6226,-1.2537,-1.4934,-1.3057,-0.989,-0.7089,0.5784,0.5802,0.5823,0.5848,0.5875,0.5899,0.591,0.5892,0.5813,0.5629,0.5261,0.4584,0.3393,0.1479,-0.0771,-0.1757,-0.1507,-0.1921,-0.3139,-0.357,-0.2997,-0.3202,-0.282,-0.0366,0.3097,0.5924,0.7582,0.6897,0.4458,0.069,-0.4574,-0.9863,-1.2195,-1.1163,-0.8802,-0.6496,0.5719,0.5728,0.5736,0.5743,0.5744,0.5733,0.57,0.5627,0.5486,0.5241,0.4836,0.42,0.3265,0.2054,0.0832,0.0003,-0.0502,-0.1148,-0.1999,-0.2841,-0.4473,-0.7779,-0.8575,-0.4092,0.141,0.5912,0.8756,0.7667,0.4879,0.1589,-0.2274,-0.5922,-0.7928,-0.7909,-0.6726,-0.5248,0.5644,0.5642,0.5637,0.5625,0.5602,0.5562,0.5494,0.5381,0.5204,0.4934,0.4538,0.3984,0.3262,0.2417,0.1567,0.0828,0.0164,-0.0572,-0.1508,-0.2962,-0.5987,-1.1129,-1.2535,-0.6808,-0.0477,0.4017,0.6295,0.5994,0.4231,0.1926,-0.0637,-0.3003,-0.4538,-0.4978,-0.4593,-0.3814,0.5563,0.555,0.5531,0.5502,0.5459,0.5396,0.5302,0.5165,0.4969,0.4697,0.4329,0.3854,0.3276,0.2624,0.1949,0.1285,0.061,-0.0158,-0.1163,-0.2716,-0.5315,-0.8566,-0.9211,-0.5715,-0.1297,0.2007,0.3755,0.3997,0.3197,0.1842,0.0255,-0.1249,-0.2344,-0.286,-0.2854,-0.2509]}]