docs/data/wind_grid.json
[{"header":{"la1":42.85,"la2":41.18,"lo1":11.55,"lo2":14.05,"nx":36,"ny":24,"dx":0.07143,"dy":0.07261,"parameterCategory":2,"parameterNumber":2,"parameterNumberName":"eastward_wind","parameterUnit":"m.s-1"},"data":[-0.7966,-0.8025,-0.8062,-0.8076,-0.8065,-0.8026,-0.795,-0.7827,-0.7647,-0.7416,-0.7153,-0.6888,-0.6646,-0.6445,-0.629,-0.6172,-0.6076,-0.598,-0.5863,-0.5716,-0.5552,-0.5406,-0.5314,-0.5287,-0.5307,-0.5346,-0.5382,-0.5404,-0.541,-0.5402,-0.5383,-0.5357,-0.5326,-0.5293,-0.5259,-0.5226,-0.8231,-0.8317,-0.8377,-0.8411,-0.8421,-0.8406,-0.8354,-0.8237,-0.8029,-0.7729,-0.7374,-0.7016,-0.6702,-0.6457,-0.6286,-0.6175,-0.6098,-0.6013,-0.5878,-0.5667,-0.5401,-0.5162,-0.5038,-0.5051,-0.5142,-0.5248,-0.533,-0.5379,-0.5397,-0.5393,-0.5374,-0.5345,-0.5311,-0.5274,-0.5237,-0.5201,-0.854,-0.8663,-0.8752,-0.8809,-0.8847,-0.8878,-0.8889,-0.8819,-0.8591,-0.8183,-0.767,-0.7162,-0.674,-0.6438,-0.6255,-0.617,-0.614,-0.6097,-0.5953,-0.5632,-0.5147,-0.4692,-0.4521,-0.4657,-0.4912,-0.5137,-0.5286,-0.5365,-0.5394,-0.5391,-0.5368,-0.5334,-0.5294,-0.5253,-0.5213,-0.5173,-0.8905,-0.9081,-0.9207,-0.9285,-0.9348,-0.9451,-0.9605,-0.9692,-0.9482,-0.8882,-0.8076,-0.7318,-0.6737,-0.6362,-0.6175,-0.6144,-0.6212,-0.628,-0.6179,-0.5694,-0.4732,-0.3731,-0.3521,-0.4038,-0.4639,-0.5049,-0.5274,-0.5376,-0.5406,-0.5396,-0.5364,-0.5322,-0.5276,-0.5229,-0.5183,-0.5141,-0.9339,-0.9601,-0.9784,-0.987,-0.9922,-1.01,-1.0542,-1.1075,-1.1023,-1.0002,-0.8605,-0.7437,-0.6645,-0.6187,-0.6007,-0.6065,-0.6309,-0.6622,-0.673,-0.613,-0.427,-0.1888,-0.1817,-0.3323,-0.4469,-0.5062,-0.5327,-0.5423,-0.5435,-0.5408,-0.5361,-0.5307,-0.5252,-0.5199,-0.5148,-0.5102,-0.985,-1.0266,-1.0565,-1.0646,-1.0574,-1.0714,-1.1577,-1.3208,-1.3744,-1.1655,-0.9116,-0.7398,-0.6389,-0.5855,-0.5687,-0.586,-0.636,-0.711,-0.7773,-0.7395,-0.4827,-0.0686,-0.0897,-0.3335,-0.4705,-0.5272,-0.547,-0.5508,-0.5478,-0.5421,-0.5354,-0.5287,-0.5222,-0.5161,-0.5106,-0.5056,-1.0418,-1.1107,-1.1695,-1.1828,-1.1402,-1.1115,-1.2066,-1.5057,-1.6699,-1.2796,-0.9057,-0.7007,-0.5897,-0.5304,-0.5119,-0.5392,-0.6173,-0.7407,-0.8675,-0.8631,-0.726,-0.4701,-0.3973,-0.4895,-0.5483,-0.5673,-0.5677,-0.5609,-0.5519,-0.5426,-0.5337,-0.5255,-0.518,-0.5113,-0.5053,-0.5001,-1.0943,-1.2029,-1.3255,-1.3764,-1.2622,-1.1277,-1.126,-1.3046,-1.3932,-1.0812,-0.7869,-0.6188,-0.5171,-0.4491,-0.4145,-0.4424,-0.5493,-0.7033,-0.8373,-0.9251,-1.1054,-1.0493,-0.8198,-0.6964,-0.6421,-0.6102,-0.5869,-0.5684,-0.5534,-0.5409,-0.5302,-0.5208,-0.5125,-0.5052,-0.4989,-0.4935,-1.1232,-1.2604,-1.4538,-1.5899,-1.3761,-1.1248,-0.9919,-0.9447,-0.8752,-0.7355,-0.6125,-0.5184,-0.4345,-0.3443,-0.2458,-0.2452,-0.4207,-0.6358,-0.8318,-1.1228,-1.6648,-1.5488,-1.0779,-0.8232,-0.7003,-0.6344,-0.5948,-0.5687,-0.5502,-0.5359,-0.5241,-0.5141,-0.5053,-0.4976,-0.491,-0.4855,-1.1149,-1.2404,-1.3902,-1.4702,-1.325,-1.0926,-0.8884,-0.7234,-0.5449,-0.4487,-0.4603,-0.4325,-0.3643,-0.2493,0.019,0.1583,-0.2705,-0.6049,-0.8309,-1.0924,-1.4559,-1.3957,-1.0557,-0.8276,-0.7002,-0.6279,-0.5853,-0.5588,-0.5408,-0.527,-0.5154,-0.5052,-0.4961,-0.4882,-0.4815,-0.476,-1.0776,-1.182,-1.3026,-1.434,-1.3792,-1.0705,-0.8288,-0.6403,-0.3161,-0.1651,-0.3642,-0.3767,-0.3164,-0.2295,-0.0035,0.1683,-0.3396,-0.7213,-0.9126,-0.992,-1.0597,-1.0273,-0.8871,-0.749,-0.6513,-0.5913,-0.5579,-0.5389,-0.5259,-0.5147,-0.5042,-0.4941,-0.4848,-0.4766,-0.4698,-0.4645,-1.022,-1.11,-1.2306,-1.3848,-1.3172,-0.997,-0.8107,-0.7458,-0.5071,-0.3167,-0.3776,-0.3478,-0.2752,-0.1994,-0.203,-0.318,-0.6417,-1.1493,-1.2976,-1.0752,-0.9235,-0.831,-0.7393,-0.6488,-0.5751,-0.5315,-0.5163,-0.5122,-0.5078,-0.5006,-0.4913,-0.481,-0.471,-0.4624,-0.4556,-0.4507,-0.9528,-1.0125,-1.0793,-1.1202,-1.0424,-0.8793,-0.8077,-0.8907,-0.7402,-0.5222,-0.4065,-0.3286,-0.2623,-0.1457,-0.1831,-0.445,-0.8268,-1.9993,-2.0528,-1.2053,-0.8597,-0.7108,-0.6261,-0.5569,-0.4913,-0.4578,-0.4689,-0.4856,-0.491,-0.4869,-0.4774,-0.4656,-0.4542,-0.4446,-0.4379,-0.4338,-0.8793,-0.91,-0.9314,-0.9234,-0.8672,-0.7924,-0.7615,-0.7739,-0.705,-0.5268,-0.3993,-0.3134,-0.2759,-0.1363,-0.3278,-0.4588,-0.7104,-1.3817,-1.5246,-1.0101,-0.7022,-0.5678,-0.5193,-0.4871,-0.4356,-0.4044,-0.4379,-0.47,-0.4803,-0.4756,-0.4628,-0.4471,-0.4326,-0.4216,-0.4152,-0.4129,-0.8113,-0.8223,-0.8221,-0.8031,-0.7642,-0.72,-0.6882,-0.6579,-0.5818,-0.4664,-0.3835,-0.3414,-0.2798,-0.2043,-0.3903,-0.4983,-1.23,-0.9431,-0.8569,-0.6353,-0.4049,-0.3453,-0.3955,-0.4358,-0.4356,-0.4238,-0.4485,-0.4743,-0.4794,-0.4676,-0.4464,-0.4228,-0.4028,-0.3903,-0.3856,-0.3868,-0.7533,-0.7532,-0.744,-0.7233,-0.6922,-0.656,-0.6178,-0.5698,-0.4987,-0.4104,-0.3355,-0.3826,-0.3522,-0.3203,-0.4296,-0.7073,-1.0612,-0.7604,-0.5445,-0.3102,0.0264,-0.0411,-0.267,-0.3894,-0.445,-0.4693,-0.4901,-0.5008,-0.4906,-0.4628,-0.4251,-0.387,-0.3587,-0.3456,-0.346,-0.3544,-0.7055,-0.6994,-0.6864,-0.6657,-0.638,-0.6046,-0.5656,-0.5181,-0.4596,-0.3946,-0.3414,-0.3547,-0.3332,-0.3205,-0.3807,-0.4811,-0.5363,-0.4047,-0.243,-0.1448,0.1034,0.0194,-0.2218,-0.3729,-0.4713,-0.5372,-0.5673,-0.5568,-0.5168,-0.4597,-0.3934,-0.3303,-0.2895,-0.2807,-0.2942,-0.316,-0.6664,-0.6572,-0.6427,-0.6225,-0.5968,-0.5661,-0.5305,-0.4895,-0.4446,-0.4012,-0.3695,-0.3499,-0.3185,-0.3,-0.253,-0.2335,-0.2571,-0.0745,0.1436,-0.0335,-0.0769,-0.1313,-0.2571,-0.3973,-0.5437,-0.6785,-0.7208,-0.6553,-0.5579,-0.4556,-0.3457,-0.2407,-0.1833,-0.1919,-0.2327,-0.2753,-0.6345,-0.6237,-0.6087,-0.5894,-0.5658,-0.5382,-0.5069,-0.4727,-0.4373,-0.4037,-0.3745,-0.3462,-0.3095,-0.2336,0.0078,0.1136,-0.0984,-0.0181,0.1104,0.0652,-0.0521,-0.1625,-0.2779,-0.4285,-0.6421,-0.9066,-0.9649,-0.7731,-0.5975,-0.4475,-0.2899,-0.1289,-0.0543,-0.0989,-0.1774,-0.2419,-0.6084,-0.5969,-0.582,-0.5638,-0.5422,-0.5176,-0.4905,-0.4614,-0.4317,-0.4025,-0.3735,-0.341,-0.2937,-0.2001,-0.0138,0.0504,-0.0729,-0.0311,0.1684,0.2562,0.0154,-0.1356,-0.2543,-0.4162,-0.6577,-0.9558,-1.0186,-0.798,-0.6025,-0.4317,-0.2618,-0.0821,-0.0023,-0.0645,-0.1565,-0.2275,-0.5868,-0.5752,-0.5608,-0.5438,-0.5242,-0.5023,-0.4784,-0.4532,-0.4271,-0.4005,-0.3724,-0.3395,-0.2952,-0.2301,-0.1519,-0.1164,-0.1173,-0.0631,0.0611,0.1007,-0.0091,-0.0824,-0.1585,-0.327,-0.5667,-0.7866,-0.8903,-0.7882,-0.557,-0.3834,-0.263,-0.1477,-0.0869,-0.1166,-0.179,-0.235,-0.569,-0.5575,-0.5439,-0.5281,-0.5102,-0.4905,-0.4693,-0.4469,-0.4236,-0.3992,-0.373,-0.3431,-0.307,-0.2642,-0.2213,-0.1901,-0.1639,-0.1211,-0.0664,-0.0383,-0.0197,0.0673,0.0771,-0.1576,-0.4528,-0.7259,-0.9627,-0.7689,-0.3649,-0.2302,-0.221,-0.2009,-0.1792,-0.1877,-0.2189,-0.2548,-0.5542,-0.543,-0.5301,-0.5155,-0.4992,-0.4814,-0.4624,-0.4423,-0.4213,-0.3991,-0.3754,-0.3494,-0.3204,-0.2891,-0.2584,-0.2304,-0.2025,-0.1693,-0.1318,-0.088,0.0031,0.2029,0.2668,-0.0271,-0.3365,-0.5538,-0.6337,-0.3565,0.0785,0.0223,-0.1306,-0.1983,-0.219,-0.2326,-0.2521,-0.2755,-0.5418,-0.5311,-0.519,-0.5054,-0.4905,-0.4744,-0.4572,-0.439,-0.42,-0.4,-0.3789,-0.3564,-0.3324,-0.3075,-0.2826,-0.2581,-0.2329,-0.2048,-0.1713,-0.1238,-0.0396,0.0821,0.1011,-0.0722,-0.2728,-0.3939,-0.3758,-0.1385,0.1406,0.0702,-0.0961,-0.1904,-0.2332,-0.256,-0.2743,-0.2924]},{"header":{"la1":42.85,"la2":41.18,"lo1":11.55,"lo2":14.05,"nx":36,"ny":24,"dx":0.07143,"dy":0.07261,"parameterCategory":2,"parameterNumber":3,"parameterNumberName":"northward_wind","parameterUnit":"m.s-1"},"data":[-0.6532,-0.6516,-0.6487,-0.6445,-0.6388,-0.6318,-0.6241,-0.616,-0.6078,-0.5992,-0.5892,-0.5769,-0.5615,-0.543,-0.5214,-0.4979,-0.4739,-0.4512,-0.4318,-0.417,-0.4073,-0.4023,-0.401,-0.4027,-0.4066,-0.4123,-0.4194,-0.4273,-0.4358,-0.4446,-0.4534,-0.4622,-0.4708,-0.4791,-0.487,-0.4946,-0.6604,-0.6592,-0.6564,-0.6516,-0.6448,-0.6362,-0.6267,-0.6175,-0.6094,-0.602,-0.5935,-0.5821,-0.5662,-0.5453,-0.52,-0.4911,-0.461,-0.4324,-0.4088,-0.3925,-0.3836,-0.3806,-0.3815,-0.3851,-0.3908,-0.3985,-0.4075,-0.4173,-0.4276,-0.4381,-0.4485,-0.4586,-0.4684,-0.4777,-0.4866,-0.4949,-0.6682,-0.6677,-0.6652,-0.6597,-0.651,-0.6392,-0.6259,-0.6139,-0.6059,-0.6016,-0.5973,-0.5886,-0.5732,-0.5502,-0.5202,-0.4843,-0.4452,-0.4079,-0.3784,-0.3615,-0.3566,-0.3587,-0.3629,-0.368,-0.3751,-0.3844,-0.3955,-0.4075,-0.4198,-0.4321,-0.4441,-0.4557,-0.4668,-0.4772,-0.4871,-0.4962,-0.6767,-0.6775,-0.6757,-0.6697,-0.6581,-0.6405,-0.6187,-0.5992,-0.5905,-0.5937,-0.5993,-0.5972,-0.5839,-0.5591,-0.5238,-0.4786,-0.4262,-0.3741,-0.3351,-0.3206,-0.3289,-0.3443,-0.352,-0.3546,-0.3603,-0.3706,-0.3838,-0.3981,-0.4127,-0.427,-0.4408,-0.4539,-0.4663,-0.4779,-0.4887,-0.4986,-0.6858,-0.689,-0.6892,-0.6833,-0.6683,-0.6412,-0.6016,-0.5608,-0.5471,-0.5699,-0.5986,-0.6095,-0.6002,-0.5744,-0.5338,-0.4774,-0.4053,-0.3259,-0.2659,-0.2589,-0.3031,-0.355,-0.3608,-0.3468,-0.3461,-0.3569,-0.3725,-0.3897,-0.4067,-0.4231,-0.4386,-0.4533,-0.4671,-0.48,-0.4918,-0.5026,-0.695,-0.7026,-0.7075,-0.7038,-0.6859,-0.6474,-0.577,-0.4804,-0.4445,-0.5216,-0.5999,-0.6298,-0.6248,-0.5988,-0.5549,-0.4881,-0.391,-0.2636,-0.1483,-0.1491,-0.256,-0.3725,-0.3704,-0.3326,-0.3284,-0.3424,-0.3621,-0.3825,-0.4022,-0.4208,-0.4382,-0.4545,-0.4698,-0.4839,-0.4967,-0.5083,-0.7027,-0.718,-0.7338,-0.7367,-0.7162,-0.6714,-0.5776,-0.3998,-0.312,-0.49,-0.6267,-0.6662,-0.6602,-0.6351,-0.5937,-0.5235,-0.407,-0.2307,-0.035,-0.0393,-0.1525,-0.2499,-0.2863,-0.2865,-0.3025,-0.3274,-0.3533,-0.3776,-0.3999,-0.4206,-0.4398,-0.4578,-0.4745,-0.4899,-0.5039,-0.5163,-0.7049,-0.7312,-0.7726,-0.7944,-0.7583,-0.7149,-0.6552,-0.5281,-0.4672,-0.6142,-0.7127,-0.7238,-0.7049,-0.6841,-0.6592,-0.5998,-0.4777,-0.2995,-0.1263,-0.0643,0.0195,-0.0069,-0.1346,-0.22,-0.2745,-0.3153,-0.3482,-0.3759,-0.4005,-0.4229,-0.4439,-0.4636,-0.482,-0.4988,-0.5138,-0.527,-0.6945,-0.7243,-0.804,-0.8807,-0.7796,-0.7442,-0.7729,-0.791,-0.8247,-0.871,-0.852,-0.794,-0.7495,-0.7419,-0.77,-0.7475,-0.5985,-0.4104,-0.2337,-0.0189,0.3351,0.2647,-0.0215,-0.1778,-0.2604,-0.312,-0.349,-0.3786,-0.4043,-0.4281,-0.4508,-0.4724,-0.4927,-0.5111,-0.5274,-0.5412,-0.6675,-0.6673,-0.6947,-0.7201,-0.6267,-0.7211,-0.88,-1.0234,-1.1789,-1.2124,-1.0235,-0.8552,-0.7765,-0.7857,-0.9461,-1.0414,-0.7281,-0.4881,-0.3103,-0.0917,0.1847,0.1555,-0.0535,-0.1907,-0.2705,-0.3215,-0.3574,-0.3859,-0.4115,-0.4363,-0.4609,-0.485,-0.5076,-0.528,-0.5455,-0.5599,-0.6376,-0.5869,-0.4579,-0.1603,-0.2304,-0.6777,-0.9984,-1.211,-1.521,-1.6824,-1.1631,-0.8739,-0.7729,-0.7707,-0.9147,-1.044,-0.6965,-0.4928,-0.3714,-0.244,-0.1221,-0.0996,-0.1648,-0.2401,-0.3003,-0.3435,-0.3736,-0.3977,-0.4216,-0.4473,-0.4747,-0.5022,-0.5281,-0.551,-0.5699,-0.5844,-0.6284,-0.5639,-0.4189,-0.1812,-0.2788,-0.7784,-1.1802,-1.3982,-1.4352,-1.4511,-1.0745,-0.8289,-0.7536,-0.7738,-0.7364,-0.6364,-0.5101,-0.4526,-0.4146,-0.3281,-0.2515,-0.2214,-0.2399,-0.287,-0.3403,-0.3786,-0.3976,-0.4124,-0.4332,-0.4609,-0.4929,-0.5258,-0.5565,-0.5826,-0.6027,-0.6167,-0.6448,-0.6062,-0.5457,-0.5077,-0.6375,-0.955,-1.3142,-1.6677,-1.3918,-1.152,-0.9134,-0.7553,-0.7172,-0.7999,-0.7075,-0.3897,-0.3118,-0.4925,-0.501,-0.3442,-0.2643,-0.2367,-0.2563,-0.3144,-0.3909,-0.4339,-0.4291,-0.4269,-0.4445,-0.477,-0.5172,-0.5589,-0.5967,-0.6269,-0.6476,-0.6594,-0.6725,-0.6637,-0.6625,-0.6982,-0.8121,-1.0044,-1.2231,-1.3546,-1.2675,-1.0157,-0.82,-0.7072,-0.6825,-0.6708,-0.4039,0.0395,0.0109,-0.2645,-0.3605,-0.2651,-0.1843,-0.164,-0.2144,-0.3119,-0.4357,-0.493,-0.4528,-0.4335,-0.4532,-0.4965,-0.5512,-0.6072,-0.6556,-0.6904,-0.7098,-0.7161,-0.6969,-0.7054,-0.7264,-0.7725,-0.8533,-0.9616,-1.0665,-1.111,-1.0346,-0.8854,-0.7749,-0.7064,-0.6488,-0.6052,-0.2808,0.1783,0.6439,0.0709,-0.1573,-0.1112,0.0445,0.045,-0.1031,-0.2579,-0.3922,-0.4532,-0.4294,-0.4226,-0.4576,-0.5219,-0.6014,-0.681,-0.7452,-0.7841,-0.7971,-0.7911,-0.7121,-0.727,-0.7514,-0.7893,-0.8407,-0.897,-0.9387,-0.9393,-0.8856,-0.8107,-0.7844,-0.7125,-0.6879,-0.6023,-0.3639,0.0534,0.4126,0.0273,-0.1435,0.0519,0.5803,0.4519,0.0437,-0.1791,-0.2936,-0.3449,-0.3598,-0.3887,-0.4557,-0.5567,-0.6785,-0.7984,-0.8866,-0.925,-0.9192,-0.8881,-0.7183,-0.7337,-0.7546,-0.7817,-0.8124,-0.8402,-0.8545,-0.8455,-0.814,-0.7813,-0.7775,-0.7515,-0.8472,-0.8797,-0.5463,-0.3076,-0.2001,-0.3003,-0.361,-0.0478,0.6511,0.4941,0.0537,-0.1466,-0.2146,-0.2272,-0.2479,-0.3195,-0.4412,-0.603,-0.7967,-0.9892,-1.1149,-1.137,-1.0848,-1.0067,-0.718,-0.7312,-0.7472,-0.7652,-0.783,-0.7963,-0.8001,-0.7916,-0.774,-0.7571,-0.7499,-0.7644,-0.8855,-0.9006,-0.6794,-0.5739,-0.4947,-0.6166,-0.8148,-0.4405,-0.0638,0.0122,-0.1023,-0.1691,-0.1363,-0.0374,-0.0307,-0.1909,-0.4102,-0.6594,-0.9651,-1.289,-1.4722,-1.4347,-1.2863,-1.134,-0.7134,-0.7238,-0.7353,-0.7469,-0.7569,-0.7629,-0.7627,-0.7559,-0.7447,-0.7339,-0.7286,-0.7359,-0.7579,-0.7523,-0.7933,-0.8301,-0.6396,-0.6595,-0.7424,-0.589,-0.4059,-0.2868,-0.2544,-0.2109,-0.0499,0.2867,0.3585,-0.0379,-0.39,-0.716,-1.1454,-1.6623,-1.9174,-1.7542,-1.4689,-1.2363,-0.7064,-0.7142,-0.7221,-0.7293,-0.7347,-0.7369,-0.735,-0.7292,-0.7208,-0.7122,-0.7058,-0.7036,-0.7045,-0.7135,-0.7722,-0.7876,-0.6614,-0.622,-0.6562,-0.6746,-0.5323,-0.4264,-0.366,-0.2838,-0.0905,0.3207,0.4154,-0.122,-0.4499,-0.7516,-1.203,-1.8115,-2.1024,-1.87,-1.5284,-1.2694,-0.6983,-0.7039,-0.7091,-0.7134,-0.7159,-0.7159,-0.7132,-0.7078,-0.7005,-0.6926,-0.6852,-0.6791,-0.6752,-0.6771,-0.6866,-0.674,-0.6291,-0.6043,-0.6171,-0.6147,-0.552,-0.5078,-0.4731,-0.4019,-0.302,-0.2703,-0.4977,-0.5286,-0.583,-0.7591,-1.0748,-1.5162,-1.7644,-1.6538,-1.4208,-1.2186,-0.6899,-0.6937,-0.697,-0.6992,-0.6999,-0.6987,-0.6954,-0.6901,-0.6834,-0.6757,-0.6678,-0.6601,-0.6532,-0.6476,-0.6408,-0.626,-0.6037,-0.587,-0.5808,-0.573,-0.5681,-0.5986,-0.6044,-0.5256,-0.4727,-0.5646,-0.779,-0.7052,-0.6925,-0.7633,-0.9142,-1.151,-1.3237,-1.3299,-1.2331,-1.1163,-0.6816,-0.6841,-0.6859,-0.6867,-0.6862,-0.6841,-0.6805,-0.6753,-0.6688,-0.6614,-0.6533,-0.645,-0.6365,-0.6276,-0.6172,-0.6039,-0.5888,-0.5761,-0.5685,-0.5682,-0.5908,-0.6588,-0.6815,-0.5942,-0.5467,-0.5904,-0.6684,-0.7121,-0.7839,-0.7842,-0.8261,-0.9399,-1.0464,-1.0855,-1.0616,-1.007,-0.6737,-0.6751,-0.6758,-0.6756,-0.6743,-0.6718,-0.6679,-0.6628,-0.6566,-0.6494,-0.6415,-0.633,-0.624,-0.6144,-0.6039,-0.5923,-0.5806,-0.5709,-0.5655,-0.5684,-0.5882,-0.6252,-0.6336,-0.5943,-0.5721,-0.5952,-0.6481,-0.7241,-0.7946,-0.7857,-0.7897,-0.8405,-0.9001,-0.9348,-0.9366,-0.9147]}]