docs/data/wind_grid.json
[{"header":{"la1":42.85,"la2":41.18,"lo1":11.55,"lo2":14.05,"nx":36,"ny":24,"dx":0.07143,"dy":0.07261,"parameterCategory":2,"parameterNumber":2,"parameterNumberName":"eastward_wind","parameterUnit":"m.s-1"},"data":[3.1811,3.1806,3.1797,3.1784,3.1763,3.173,3.1676,3.1593,3.147,3.1301,3.108,3.0805,3.0472,3.0075,2.9604,2.9042,2.8367,2.7554,2.6595,2.553,2.4483,2.3654,2.3226,2.3248,2.3612,2.4154,2.4736,2.5279,2.5751,2.6147,2.6475,2.6744,2.6968,2.7154,2.7312,2.7448,3.1864,3.1866,3.1869,3.187,3.1868,3.1856,3.1825,3.1762,3.165,3.1479,3.1245,3.0949,3.0591,3.0165,2.9658,2.9044,2.8281,2.7308,2.6063,2.454,2.2916,2.1608,2.1051,2.1323,2.2124,2.3092,2.4002,2.4771,2.539,2.5878,2.6263,2.657,2.6817,2.7019,2.7188,2.7331,3.1909,3.1919,3.1933,3.1951,3.1971,3.199,3.1995,3.1965,3.1871,3.1696,3.144,3.1116,3.073,3.0278,2.9748,2.9107,2.8295,2.7198,2.5631,2.3407,2.0672,1.8342,1.7606,1.8549,2.0245,2.1919,2.3281,2.4314,2.5081,2.5653,2.6085,2.6418,2.6681,2.6893,2.7068,2.7216,3.1942,3.196,3.1985,3.2019,3.2065,3.2126,3.2192,3.2225,3.2162,3.1969,3.1669,3.1299,3.0877,3.0403,2.9866,2.9241,2.8465,2.7384,2.5622,2.2477,1.7543,1.2757,1.1896,1.4693,1.8132,2.0832,2.271,2.3988,2.4869,2.5493,2.595,2.6294,2.6561,2.6775,2.6952,2.7102,3.1962,3.1987,3.2023,3.2069,3.2138,3.2252,3.2419,3.2581,3.258,3.2326,3.1925,3.1482,3.1013,3.0512,2.998,2.9418,2.8803,2.8039,2.6649,2.2927,1.4217,0.3533,0.3315,1.0512,1.6521,2.0241,2.2481,2.3876,2.4786,2.541,2.5858,2.6193,2.6454,2.6663,2.6836,2.6984,3.1965,3.2002,3.2051,3.2102,3.2174,3.2332,3.2646,3.3079,3.3221,3.2769,3.2167,3.1631,3.1108,3.056,3.0018,2.9545,2.9201,2.9111,2.9214,2.6685,1.5351,-0.2056,-0.1115,0.9749,1.6797,2.0606,2.2738,2.4014,2.4832,2.5392,2.5799,2.6107,2.635,2.6548,2.6714,2.6857,3.1946,3.201,3.2103,3.2159,3.2174,3.2305,3.272,3.3493,3.3866,3.3059,3.2273,3.1712,3.1142,3.048,2.9839,2.9428,2.9385,2.9907,3.1504,3.0849,2.3143,1.2537,1.0387,1.5304,1.9432,2.1926,2.3406,2.433,2.4952,2.5401,2.5745,2.6017,2.6237,2.6421,2.6577,2.6716,3.1889,3.2005,3.2253,3.2398,3.2192,3.2129,3.2435,3.3016,3.3268,3.2668,3.2147,3.1748,3.1139,3.0185,2.9139,2.8662,2.9015,2.9799,3.0693,3.0624,3.0174,2.7443,2.3273,2.2191,2.2763,2.3537,2.4162,2.4646,2.504,2.5374,2.5659,2.5898,2.6099,2.6269,2.6417,2.655,3.1753,3.1877,3.2414,3.2989,3.2158,3.1775,3.1943,3.2081,3.1979,3.1805,3.188,3.1867,3.1258,2.9653,2.7179,2.6164,2.7744,2.9388,3.0479,3.2232,3.6788,3.5309,2.9433,2.6267,2.5043,2.464,2.459,2.4728,2.4967,2.524,2.5501,2.5729,2.592,2.6081,2.6221,2.6351,3.1516,3.1396,3.1527,3.1689,3.0803,3.1083,3.1519,3.1349,3.0503,3.0273,3.1471,3.2266,3.1903,2.9544,2.2956,1.9385,2.5807,2.9205,3.0642,3.227,3.5035,3.419,3.037,2.7498,2.5727,2.4724,2.432,2.435,2.4612,2.4942,2.5247,2.5494,2.5687,2.5841,2.5976,2.6104,3.1286,3.0753,2.9635,2.7279,2.7702,3.0344,3.1425,3.1111,2.8584,2.7122,3.1172,3.3184,3.3519,3.2027,2.4904,1.9545,2.6909,2.9967,3.0936,3.1448,3.1851,3.1183,2.9226,2.6893,2.478,2.3385,2.2985,2.3316,2.391,2.4471,2.4898,2.5192,2.5391,2.5536,2.5663,2.5793,3.1253,3.0592,2.9315,2.7404,2.7957,3.0669,3.1788,3.1639,3.0625,2.9596,3.2686,3.4774,3.5694,3.6783,3.376,3.0468,3.0639,3.1407,3.1589,3.1349,3.0831,2.979,2.7919,2.5126,2.1895,1.9863,2.0102,2.1526,2.2916,2.3898,2.4498,2.4834,2.5019,2.5139,2.5253,2.5389,3.1466,3.1001,3.0342,2.9831,3.0405,3.1755,3.2399,3.0339,3.3636,3.3469,3.5045,3.708,3.7335,3.7301,3.4992,3.2766,3.2179,3.2173,3.2101,3.1572,3.0594,2.9164,2.6811,2.262,1.6482,1.2945,1.5441,1.9312,2.1946,2.3404,2.4122,2.4427,2.4539,2.4602,2.4698,2.4855,3.1819,3.1601,3.1407,3.1435,3.1902,3.2646,3.336,3.4675,3.4798,3.5109,3.6617,3.944,3.9958,3.5389,3.4049,3.0412,3.2147,3.29,3.2426,3.1635,3.0293,2.8721,2.6241,2.0949,1.1198,0.5463,1.1594,1.81,2.1612,2.3223,2.3824,2.3931,2.3866,2.383,2.3916,2.4132,3.219,3.2147,3.2176,3.236,3.2747,3.3274,3.3856,3.4489,3.52,3.6386,3.7704,3.8381,3.7988,3.8751,3.422,3.0235,3.9455,3.5185,3.3173,3.1292,2.9107,2.7897,2.6434,2.2302,1.4553,0.9833,1.4299,1.956,2.2375,2.3449,2.3548,2.32,2.2811,2.2644,2.2776,2.3145,3.2517,3.2577,3.2707,3.2941,3.3295,3.3752,3.4297,3.4982,3.5996,3.7663,3.9931,3.9589,3.8726,3.7545,3.5815,3.5837,3.8732,3.5936,3.3734,3.0401,2.5443,2.5842,2.69,2.5202,2.1878,1.9818,2.0945,2.2924,2.3952,2.3895,2.3059,2.1907,2.1005,2.074,2.1096,2.1815,3.2784,3.2901,3.3077,3.3331,3.3672,3.4105,3.4647,3.5359,3.637,3.7867,3.9626,3.9278,3.9684,3.9823,3.7031,3.6147,3.6212,3.6135,3.5502,3.154,2.5001,2.5809,2.7819,2.7634,2.6768,2.6358,2.6476,2.6395,2.5703,2.4237,2.1991,1.9481,1.781,1.7678,1.87,2.0129,3.299,3.3137,3.3334,3.3592,3.392,3.4328,3.4834,3.5469,3.627,3.7207,3.7993,3.841,3.9646,3.9757,3.7269,3.6404,3.6354,3.8142,4.0837,3.5404,3.0825,2.9429,2.9523,2.957,2.992,3.0815,3.0933,2.9488,2.7297,2.4318,2.0068,1.5204,1.24,1.3117,1.5656,1.8272,3.3143,3.3303,3.3505,3.3756,3.4063,3.4432,3.4873,3.5392,3.598,3.658,3.7084,3.747,3.7791,3.7497,3.68,3.6697,3.6385,3.7614,3.8848,3.5499,3.3224,3.1649,3.0969,3.0979,3.2054,3.4577,3.5117,3.1961,2.8571,2.4385,1.784,0.9458,0.5247,0.8005,1.2832,1.6794,3.3249,3.3412,3.3609,3.3844,3.4122,3.4445,3.4814,3.5223,3.5653,3.6064,3.6405,3.664,3.6723,3.6596,3.6519,3.6469,3.5983,3.576,3.4793,3.4224,3.3587,3.2383,3.1675,3.1639,3.2658,3.5245,3.5847,3.2377,2.9296,2.5065,1.7616,0.7177,0.216,0.6158,1.2021,1.6458,3.3316,3.3474,3.366,3.3874,3.412,3.4396,3.4697,3.5016,3.5334,3.5625,3.5856,3.6003,3.6046,3.6002,3.5931,3.5757,3.5384,3.4949,3.4441,3.4032,3.3246,3.2275,3.173,3.1661,3.2044,3.2473,3.1773,3.1235,2.9795,2.6738,2.0881,1.2718,0.8179,1.007,1.4097,1.7568,3.335,3.35,3.367,3.3862,3.4075,3.4306,3.455,3.4798,3.5036,3.5244,3.5403,3.5497,3.5518,3.5471,3.536,3.5155,3.4837,3.4444,3.4002,3.3441,3.257,3.161,3.1277,3.1406,3.1511,3.1358,3.0907,3.0975,3.0685,2.9132,2.5298,2.007,1.6454,1.6094,1.7655,1.9598,3.3358,3.3497,3.365,3.3819,3.4,3.4192,3.4389,3.4581,3.4759,3.4908,3.5017,3.5072,3.507,3.5006,3.4876,3.4668,3.4377,3.4008,3.3551,3.2938,3.207,3.1115,3.0903,3.1219,3.1296,3.1198,3.1114,3.1455,3.2434,3.1556,2.85,2.4834,2.2024,2.0844,2.0988,2.1771,3.3346,3.3471,3.3607,3.3754,3.3907,3.4065,3.4222,3.4371,3.4504,3.461,3.468,3.4707,3.4684,3.4606,3.4469,3.4267,3.3994,3.3649,3.3217,3.267,3.2004,3.1388,3.1184,3.1253,3.123,3.1153,3.1201,3.1733,3.2674,3.1993,2.972,2.7161,2.5091,2.3877,2.3481,2.363]},{"header":{"la1":42.85,"la2":41.18,"lo1":11.55,"lo2":14.05,"nx":36,"ny":24,"dx":0.07143,"dy":0.07261,"parameterCategory":2,"parameterNumber":3,"parameterNumberName":"northward_wind","parameterUnit":"m.s-1"},"data":[1.5721,1.5525,1.5267,1.4951,1.459,1.4217,1.388,1.3628,1.3496,1.3485,1.356,1.367,1.3771,1.3839,1.3866,1.386,1.3841,1.3828,1.3843,1.3894,1.3976,1.4069,1.415,1.421,1.4259,1.4308,1.4366,1.4436,1.4514,1.4597,1.4681,1.4763,1.4841,1.4913,1.498,1.5041,1.5923,1.5707,1.5399,1.499,1.4494,1.3954,1.3449,1.3078,1.2918,1.2973,1.3171,1.3407,1.3603,1.3723,1.3765,1.375,1.3708,1.3678,1.3696,1.3784,1.3932,1.4089,1.4198,1.4248,1.4269,1.4297,1.4347,1.4418,1.4505,1.4598,1.4692,1.4783,1.4868,1.4946,1.5016,1.508,1.6207,1.5988,1.5632,1.5108,1.4414,1.3599,1.2787,1.2181,1.1968,1.2171,1.2618,1.3085,1.3433,1.3626,1.368,1.3638,1.355,1.3479,1.3494,1.3652,1.3944,1.4244,1.4392,1.4378,1.4318,1.4296,1.4329,1.4404,1.4502,1.4609,1.4715,1.4815,1.4907,1.499,1.5064,1.5129,1.6602,1.6416,1.6037,1.5389,1.4422,1.3156,1.1759,1.0637,1.0297,1.0851,1.1831,1.2717,1.3297,1.3576,1.3629,1.3532,1.3359,1.3198,1.3178,1.3447,1.4062,1.4725,1.4901,1.4654,1.4398,1.4289,1.4305,1.4391,1.4508,1.4633,1.4753,1.4864,1.4963,1.5049,1.5125,1.5191,1.7133,1.7053,1.6724,1.5984,1.4681,1.2727,1.0219,0.7859,0.7155,0.8629,1.0781,1.2384,1.3263,1.3616,1.3636,1.3448,1.3135,1.2798,1.2635,1.2995,1.4234,1.5838,1.5911,1.5012,1.4427,1.4238,1.4264,1.4383,1.4531,1.4679,1.4814,1.4934,1.5037,1.5126,1.5202,1.5266,1.7808,1.7961,1.7843,1.7137,1.5509,1.2688,0.8366,0.3122,0.1258,0.5248,0.976,1.232,1.3444,1.3792,1.3726,1.3414,1.2919,1.23,1.1787,1.2008,1.3734,1.6613,1.6481,1.4929,1.4222,1.4096,1.4207,1.4392,1.4584,1.4757,1.4906,1.5031,1.5136,1.5223,1.5296,1.5356,1.8579,1.9147,1.9557,1.9173,1.7304,1.3758,0.7869,-0.1223,-0.5383,0.2916,0.99,1.2906,1.3942,1.4121,1.3905,1.3461,1.2812,1.1949,1.1149,1.1142,1.1826,1.3634,1.4258,1.3808,1.3698,1.3886,1.417,1.4451,1.4691,1.4886,1.504,1.5163,1.5263,1.5344,1.541,1.5464,1.9286,2.0419,2.1852,2.2359,2.0092,1.6137,1.1016,0.4033,0.1071,0.7346,1.2404,1.4308,1.4731,1.4555,1.4125,1.3575,1.2865,1.1952,1.113,1.0312,0.8398,0.8807,1.0947,1.2302,1.3129,1.3752,1.4242,1.4614,1.4886,1.5083,1.5227,1.5335,1.5421,1.5489,1.5544,1.5589,1.9658,2.1143,2.3635,2.5615,2.2315,1.8365,1.5498,1.3472,1.3535,1.5429,1.6321,1.6132,1.5625,1.4981,1.4238,1.362,1.2958,1.1978,1.0706,0.8184,0.3134,0.424,0.879,1.1445,1.2945,1.3904,1.4541,1.4951,1.5207,1.5367,1.5473,1.555,1.5611,1.566,1.5701,1.5732,1.9537,2.0701,2.2348,2.3311,2.1107,1.9179,1.8377,1.9299,2.2313,2.3491,2.0365,1.7772,1.6431,1.5411,1.3999,1.3279,1.2941,1.1758,1.0387,0.8306,0.5078,0.5729,0.9183,1.1749,1.3431,1.4533,1.5193,1.5532,1.5682,1.5745,1.5777,1.5803,1.583,1.5857,1.5879,1.5896,1.9107,1.9719,2.0007,1.9335,1.9244,1.9192,1.9544,2.1718,2.9268,3.3356,2.3311,1.8594,1.7095,1.6355,1.4599,1.3371,1.267,1.0622,0.9315,0.898,0.8691,0.9289,1.1043,1.3001,1.4682,1.5829,1.6344,1.6419,1.632,1.6204,1.6125,1.6085,1.6074,1.6076,1.608,1.608,1.8639,1.8989,1.9138,1.9025,1.8995,1.9066,1.9569,2.0548,2.4629,2.7831,2.1622,1.8278,1.7593,1.8293,1.7012,1.4725,1.1718,0.6408,0.4889,0.7735,0.9767,1.1158,1.2746,1.4729,1.6812,1.8128,1.819,1.7628,1.707,1.6695,1.6482,1.6378,1.6335,1.6318,1.6307,1.629,1.8221,1.8466,1.8636,1.8708,1.8705,1.8817,1.9234,2.0075,1.9496,2.0178,1.8676,1.7747,1.7546,1.8771,1.7732,1.556,1.1349,-0.3354,-0.4113,0.6061,1.0121,1.2154,1.4016,1.6605,2.0014,2.1928,2.0772,1.8965,1.7768,1.7121,1.6803,1.6665,1.6613,1.659,1.6567,1.6531,1.7849,1.8019,1.8146,1.8218,1.8261,1.8383,1.8613,1.8538,1.8396,1.7756,1.6945,1.7855,1.8052,1.4603,1.6331,1.7567,1.4875,0.5295,0.2602,0.8123,1.1206,1.296,1.4781,1.7832,2.2862,2.5697,2.2783,1.9749,1.8129,1.737,1.705,1.6943,1.6922,1.6913,1.688,1.6817,1.7516,1.7626,1.7705,1.7748,1.7774,1.7814,1.7846,1.7707,1.7097,1.5874,1.4831,1.4944,1.4571,1.2235,1.5757,1.8043,1.5478,1.2952,1.0872,1.1522,1.262,1.3514,1.4905,1.7432,2.1382,2.3672,2.1647,1.9265,1.7963,1.7399,1.7231,1.7249,1.7311,1.733,1.7277,1.7164,1.722,1.7283,1.7317,1.7319,1.7289,1.7216,1.7048,1.6639,1.5745,1.406,1.1532,1.2369,1.3216,1.3851,1.496,1.5629,1.5166,1.4269,1.3434,1.3247,1.307,1.3427,1.4666,1.6322,1.8206,1.9282,1.8842,1.7965,1.7434,1.7294,1.7424,1.7673,1.7876,1.7919,1.7802,1.7591,1.6961,1.6985,1.6981,1.6942,1.6856,1.67,1.6419,1.5917,1.5045,1.3611,1.1792,1.2481,1.2876,1.2959,1.432,1.4892,1.4886,1.4585,1.434,1.4102,1.3195,1.3563,1.4714,1.5671,1.6389,1.6698,1.6685,1.6686,1.6847,1.7199,1.7748,1.8372,1.8784,1.8795,1.8502,1.8101,1.6735,1.673,1.6697,1.6626,1.6505,1.6312,1.601,1.5555,1.4905,1.4101,1.3457,1.3342,1.2983,1.2989,1.4142,1.4609,1.4867,1.4652,1.3991,1.5219,1.5089,1.4941,1.5244,1.5502,1.5449,1.5052,1.4987,1.5596,1.6361,1.7199,1.8294,1.9535,2.0247,2.0041,1.9353,1.864,1.6542,1.6517,1.6464,1.6375,1.6241,1.6046,1.5773,1.541,1.4966,1.4503,1.4144,1.3952,1.3847,1.4004,1.426,1.4287,1.5053,1.5563,1.5926,1.8658,1.7538,1.6357,1.5877,1.5567,1.487,1.3417,1.3097,1.4754,1.6089,1.7261,1.8921,2.105,2.2128,2.1402,2.0125,1.9065,1.638,1.6341,1.6278,1.6183,1.605,1.5873,1.5645,1.5369,1.5063,1.4767,1.4535,1.4399,1.4367,1.4437,1.4442,1.4525,1.5502,1.7399,2.2393,2.4842,1.969,1.73,1.6383,1.5828,1.4995,1.3264,1.2861,1.5126,1.6234,1.7231,1.9029,2.1649,2.2929,2.1892,2.0357,1.918,1.6246,1.62,1.6132,1.6039,1.5918,1.5765,1.5581,1.5372,1.5156,1.4956,1.4802,1.4714,1.4702,1.4757,1.4866,1.5172,1.6007,1.7714,2.0563,2.1505,1.9096,1.7404,1.6697,1.6252,1.589,1.6,1.7373,1.7165,1.6606,1.6911,1.8219,2.0241,2.1385,2.0887,1.9832,1.8911,1.6136,1.6087,1.6021,1.5935,1.5827,1.5699,1.5553,1.5395,1.524,1.5102,1.4999,1.4946,1.4954,1.503,1.5199,1.5538,1.6171,1.7161,1.8237,1.8507,1.7773,1.7136,1.6928,1.663,1.6545,1.7371,1.9056,1.7938,1.6205,1.6069,1.6996,1.8337,1.9259,1.934,1.8923,1.8401,1.6046,1.5998,1.5936,1.5859,1.5767,1.5661,1.5545,1.5426,1.5313,1.5217,1.515,1.5124,1.5149,1.5237,1.5408,1.5697,1.6133,1.668,1.7161,1.7313,1.7145,1.7058,1.7079,1.6793,1.6672,1.702,1.7358,1.6227,1.4501,1.4836,1.5966,1.7052,1.7814,1.8121,1.8073,1.7855,1.5974,1.5929,1.5872,1.5804,1.5727,1.564,1.555,1.5459,1.5377,1.531,1.5269,1.5261,1.5295,1.5382,1.5532,1.5756,1.6052,1.638,1.6659,1.6808,1.6853,1.6906,1.6897,1.6711,1.6572,1.6552,1.6325,1.5363,1.4254,1.46,1.557,1.6418,1.7018,1.7345,1.7442,1.7389]}]