docs/data/wind_grid.json
[{"header":{"la1":42.22,"la2":41.45,"lo1":11.9,"lo2":12.97,"nx":16,"ny":12,"dx":0.07133,"dy":0.07,"parameterCategory":2,"parameterNumber":2,"parameterNumberName":"eastward_wind","parameterUnit":"m.s-1"},"data":[-0.3575,-0.245,-0.0635,0.1492,0.2105,0.0257,-0.2028,-0.3514,-0.4484,-0.5503,-0.688,-0.8541,-1.0111,-1.1125,-1.1402,-1.1137,-0.4099,-0.2945,-0.0296,0.4449,0.6632,0.2217,-0.1709,-0.331,-0.3953,-0.497,-0.6913,-0.9545,-1.2121,-1.3505,-1.3393,-1.25,-0.5147,-0.4751,-0.2802,0.3697,0.7743,0.1646,-0.2354,-0.3199,-0.2661,-0.3701,-0.6799,-1.1123,-1.5785,-1.76,-1.6166,-1.4004,-0.6397,-0.7473,-0.9053,-0.6344,-0.119,-0.2193,-0.3629,-0.3448,-0.049,-0.2379,-0.6926,-1.3016,-2.1619,-2.3587,-1.8978,-1.5055,-0.7167,-0.8931,-1.2097,-1.1285,-0.5914,-0.4554,-0.4416,-0.426,-0.4136,-0.4644,-0.7701,-1.302,-2.2815,-2.5048,-1.9007,-1.4675,-0.7189,-0.8326,-0.9576,-0.8728,-0.6371,-0.5463,-0.5086,-0.4972,-0.5275,-0.6104,-0.8709,-1.155,-1.4815,-1.7208,-1.5129,-1.2608,-0.6848,-0.7292,-0.7464,-0.6901,-0.6066,-0.576,-0.6452,-0.6515,-0.6629,-0.6843,-0.9472,-1.2019,-1.1226,-1.1146,-1.0514,-0.9682,-0.652,-0.6652,-0.6596,-0.6289,-0.5871,-0.5258,-0.6613,-0.7156,-0.671,-0.6997,-0.8293,-0.9429,-0.8148,-0.6315,-0.5986,-0.6532,-0.6309,-0.6343,-0.6283,-0.6132,-0.5948,-0.5826,-0.6292,-0.6782,-0.6888,-0.6813,-0.695,-0.6224,-0.2953,0.0237,-0.1174,-0.3611,-0.6192,-0.6203,-0.6174,-0.6117,-0.6077,-0.6129,-0.635,-0.6622,-0.6708,-0.6538,-0.6014,-0.4121,0.0561,0.4058,0.1461,-0.1903,-0.613,-0.6141,-0.6135,-0.6126,-0.6138,-0.6199,-0.6314,-0.6425,-0.6425,-0.619,-0.5464,-0.3636,-0.0416,0.1702,0.0442,-0.1866,-0.6098,-0.6111,-0.6119,-0.6128,-0.615,-0.6192,-0.6244,-0.6267,-0.6195,-0.5922,-0.527,-0.4023,-0.2336,-0.1249,-0.1569,-0.2692]},{"header":{"la1":42.22,"la2":41.45,"lo1":11.9,"lo2":12.97,"nx":16,"ny":12,"dx":0.07133,"dy":0.07,"parameterCategory":2,"parameterNumber":3,"parameterNumberName":"northward_wind","parameterUnit":"m.s-1"},"data":[-1.1893,-1.2461,-1.3059,-1.3607,-1.3436,-1.1888,-0.9916,-0.8451,-0.7505,-0.6781,-0.6125,-0.5588,-0.5237,-0.5044,-0.4941,-0.4891,-1.2502,-1.3283,-1.4117,-1.5317,-1.5852,-1.3125,-1.0026,-0.8315,-0.7509,-0.6793,-0.592,-0.5233,-0.4916,-0.4813,-0.4741,-0.4691,-1.3114,-1.4229,-1.5109,-1.5804,-1.6452,-1.2925,-0.9471,-0.8065,-0.8039,-0.7255,-0.5661,-0.4731,-0.4711,-0.4831,-0.4671,-0.4528,-1.3609,-1.5449,-1.7428,-1.6673,-1.3989,-1.0895,-0.8555,-0.7704,-0.9559,-0.7849,-0.484,-0.3823,-0.5052,-0.5503,-0.4737,-0.436,-1.3579,-1.5876,-1.9174,-1.8454,-1.2755,-0.931,-0.8391,-0.8249,-0.464,-0.4652,-0.2459,-0.1222,-0.4643,-0.5635,-0.4396,-0.4058,-1.2741,-1.4299,-1.5826,-1.4528,-1.0585,-0.808,-0.7456,-0.6423,-0.1464,-0.216,0.1904,0.7008,0.169,-0.2389,-0.325,-0.3676,-1.146,-1.2017,-1.2018,-1.0678,-0.8604,-0.7318,-0.603,-0.4547,-0.1836,-0.1625,0.5346,1.4667,0.623,-0.0255,-0.2711,-0.368,-1.0247,-1.025,-0.9809,-0.8814,-0.7753,-0.7733,-0.6216,-0.5143,-0.4313,-0.2579,0.1701,0.5543,0.2012,-0.235,-0.405,-0.4463,-0.9306,-0.9105,-0.8642,-0.7963,-0.7338,-0.7031,-0.629,-0.5709,-0.5851,-0.4035,-0.1893,-0.1274,-0.4285,-0.7305,-0.6788,-0.5758,-0.8624,-0.8374,-0.7976,-0.748,-0.6995,-0.6555,-0.6047,-0.5666,-0.5431,-0.4555,-0.3715,-0.4327,-0.758,-1.0044,-0.8457,-0.6674,-0.8132,-0.7886,-0.7551,-0.7158,-0.675,-0.6346,-0.594,-0.5577,-0.5231,-0.4799,-0.4587,-0.5295,-0.7225,-0.8593,-0.7919,-0.6741,-0.7772,-0.7544,-0.7258,-0.6932,-0.6588,-0.624,-0.59,-0.558,-0.5283,-0.5039,-0.501,-0.545,-0.633,-0.6981,-0.6878,-0.6374]}]