docs/data/wind_grid.json
[{"header":{"la1":42.85,"la2":41.18,"lo1":11.55,"lo2":14.05,"nx":36,"ny":24,"dx":0.07143,"dy":0.07261,"parameterCategory":2,"parameterNumber":2,"parameterNumberName":"eastward_wind","parameterUnit":"m.s-1"},"data":[-0.2961,-0.3017,-0.3053,-0.3068,-0.3068,-0.3057,-0.304,-0.3019,-0.2999,-0.2988,-0.3003,-0.3059,-0.3168,-0.3336,-0.3553,-0.38,-0.4041,-0.4229,-0.4317,-0.4282,-0.4138,-0.3937,-0.3729,-0.3544,-0.3379,-0.3225,-0.3073,-0.2921,-0.2771,-0.2626,-0.2489,-0.2362,-0.2244,-0.2137,-0.2039,-0.195,-0.3162,-0.3233,-0.3274,-0.3286,-0.3276,-0.3255,-0.3227,-0.3191,-0.3147,-0.3103,-0.3085,-0.3124,-0.3242,-0.3451,-0.3743,-0.4093,-0.4452,-0.4738,-0.4859,-0.4758,-0.4471,-0.4117,-0.3817,-0.3605,-0.3446,-0.3298,-0.3144,-0.2981,-0.2818,-0.2659,-0.251,-0.2372,-0.2247,-0.2134,-0.2032,-0.1941,-0.3412,-0.3506,-0.3557,-0.3563,-0.3539,-0.3504,-0.3473,-0.3432,-0.336,-0.3259,-0.3176,-0.3172,-0.3289,-0.3544,-0.3935,-0.4439,-0.4993,-0.5464,-0.5655,-0.5412,-0.4798,-0.4125,-0.3699,-0.3529,-0.3448,-0.3346,-0.3203,-0.3033,-0.2855,-0.2682,-0.252,-0.2373,-0.224,-0.2123,-0.2018,-0.1924,-0.3726,-0.3863,-0.3933,-0.3928,-0.3873,-0.3818,-0.3802,-0.3796,-0.3706,-0.35,-0.3285,-0.3193,-0.3289,-0.3592,-0.4104,-0.4825,-0.5707,-0.656,-0.6958,-0.6436,-0.5038,-0.3621,-0.3092,-0.3222,-0.3381,-0.3379,-0.3256,-0.3076,-0.288,-0.2691,-0.2516,-0.236,-0.2222,-0.2101,-0.1995,-0.1901,-0.4122,-0.4341,-0.4457,-0.4434,-0.4305,-0.4194,-0.4234,-0.4389,-0.4342,-0.3913,-0.3416,-0.316,-0.3215,-0.3563,-0.4205,-0.5191,-0.6584,-0.8248,-0.9357,-0.8439,-0.5236,-0.1997,-0.1683,-0.2747,-0.3337,-0.3441,-0.3317,-0.3111,-0.289,-0.2682,-0.2496,-0.2333,-0.2192,-0.2069,-0.1963,-0.187,-0.4612,-0.499,-0.5227,-0.5192,-0.4894,-0.4604,-0.4713,-0.5338,-0.5558,-0.4572,-0.3507,-0.3019,-0.3035,-0.3427,-0.4173,-0.5394,-0.7396,-1.0535,-1.3856,-1.2852,-0.6684,-0.0758,-0.0846,-0.2787,-0.3535,-0.3587,-0.339,-0.3131,-0.2877,-0.265,-0.2454,-0.2288,-0.2147,-0.2026,-0.1923,-0.1833,-0.5176,-0.5844,-0.6396,-0.6443,-0.5793,-0.5006,-0.4942,-0.6181,-0.6984,-0.5,-0.3282,-0.267,-0.2726,-0.3183,-0.3976,-0.5249,-0.7521,-1.1877,-1.8422,-1.7745,-1.0013,-0.4944,-0.3638,-0.4027,-0.4067,-0.38,-0.3451,-0.3117,-0.2828,-0.2588,-0.2389,-0.2224,-0.2088,-0.1972,-0.1874,-0.179,-0.5707,-0.6797,-0.8037,-0.8529,-0.7204,-0.5412,-0.4566,-0.5077,-0.5438,-0.3716,-0.2376,-0.2052,-0.2304,-0.289,-0.3708,-0.4794,-0.6604,-0.9955,-1.427,-1.4114,-1.1558,-0.961,-0.7075,-0.5532,-0.4612,-0.3948,-0.3436,-0.3039,-0.2731,-0.249,-0.2298,-0.2143,-0.2016,-0.191,-0.182,-0.1742,-0.6001,-0.7398,-0.9386,-1.0799,-0.8512,-0.5666,-0.386,-0.2859,-0.199,-0.109,-0.0885,-0.1235,-0.183,-0.2656,-0.3674,-0.4514,-0.5472,-0.7277,-0.9423,-1.1133,-1.4154,-1.3097,-0.8855,-0.6228,-0.4765,-0.3873,-0.3284,-0.2875,-0.2579,-0.2356,-0.2183,-0.2046,-0.1934,-0.1841,-0.1762,-0.1693,-0.5916,-0.72,-0.874,-0.9563,-0.804,-0.5545,-0.3221,-0.109,0.1399,0.2396,0.0938,-0.0403,-0.134,-0.2432,-0.429,-0.5261,-0.4946,-0.5886,-0.7337,-0.9313,-1.2168,-1.1485,-0.8168,-0.5789,-0.4368,-0.3511,-0.2976,-0.2623,-0.2377,-0.2194,-0.2053,-0.194,-0.1848,-0.1771,-0.1704,-0.1645,-0.553,-0.6606,-0.7853,-0.9217,-0.8657,-0.5509,-0.3008,-0.0564,0.4903,0.7569,0.2443,0.0143,-0.0844,-0.1724,-0.373,-0.514,-0.467,-0.58,-0.6813,-0.7353,-0.7912,-0.75,-0.6019,-0.4569,-0.3554,-0.293,-0.2558,-0.2319,-0.215,-0.2021,-0.1919,-0.1836,-0.1766,-0.1705,-0.1651,-0.1601,-0.4949,-0.5864,-0.7121,-0.872,-0.8056,-0.4971,-0.3512,-0.3139,0.117,0.4372,0.1736,0.024,-0.0446,-0.0587,-0.1657,-0.2883,-0.4663,-0.8235,-0.9231,-0.7149,-0.5757,-0.4889,-0.4019,-0.3213,-0.2633,-0.231,-0.2142,-0.2027,-0.1935,-0.186,-0.1798,-0.1744,-0.1696,-0.165,-0.1607,-0.1566,-0.4217,-0.4845,-0.5557,-0.6015,-0.5309,-0.3928,-0.3929,-0.661,-0.287,0.0214,0.0797,0.03,-0.0255,-0.0799,-0.1581,-0.1902,-0.4649,-1.5163,-1.5609,-0.7639,-0.4398,-0.3063,-0.2421,-0.2088,-0.196,-0.1936,-0.1882,-0.1814,-0.1767,-0.1735,-0.1707,-0.1678,-0.1647,-0.1614,-0.1579,-0.1543,-0.3425,-0.3751,-0.3995,-0.3957,-0.3475,-0.292,-0.2955,-0.3088,-0.2051,0.0325,0.1323,0.0548,-0.0054,-0.1619,-0.0806,-0.0638,-0.2449,-0.8743,-1.0176,-0.517,-0.2253,-0.1105,-0.0933,-0.1229,-0.1748,-0.2002,-0.1817,-0.1687,-0.166,-0.1663,-0.1663,-0.165,-0.1628,-0.16,-0.1568,-0.1534,-0.2673,-0.2786,-0.2791,-0.2615,-0.2255,-0.1867,-0.1594,-0.1155,0.0188,0.2399,0.3866,0.3067,0.1124,-0.0006,-0.0215,-0.0518,-0.424,-0.3186,-0.2848,-0.089,0.1078,0.1473,0.0731,-0.0287,-0.1293,-0.1748,-0.1643,-0.1591,-0.1629,-0.1669,-0.1683,-0.167,-0.1642,-0.1609,-0.1575,-0.1539,-0.201,-0.1992,-0.1881,-0.1647,-0.1295,-0.086,-0.031,0.058,0.2238,0.523,1.0036,0.6926,0.4502,0.1858,0.093,-0.0788,-0.2783,-0.0617,0.1147,0.2817,0.4913,0.4362,0.2415,0.0822,-0.0394,-0.1101,-0.1421,-0.1615,-0.1739,-0.1791,-0.1782,-0.1735,-0.168,-0.1632,-0.1593,-0.1556,-0.1445,-0.1347,-0.117,-0.0897,-0.052,-0.0024,0.0651,0.1655,0.3248,0.5862,0.9385,0.7219,0.5375,0.4951,0.3409,0.2553,0.2288,0.3825,0.5507,0.5521,0.5756,0.5212,0.3425,0.1632,0.0095,-0.1031,-0.1695,-0.1997,-0.209,-0.2062,-0.1954,-0.1814,-0.1701,-0.1639,-0.1607,-0.1577,-0.0968,-0.0822,-0.0606,-0.0308,0.0086,0.0596,0.1267,0.2168,0.3366,0.48,0.5857,0.5683,0.5578,0.5827,0.71,0.7929,0.6881,0.8496,1.063,0.901,0.7218,0.578,0.4097,0.2024,-0.0163,-0.198,-0.2811,-0.2875,-0.2729,-0.2489,-0.216,-0.1818,-0.1614,-0.158,-0.1599,-0.1598,-0.057,-0.0393,-0.0156,0.0151,0.0542,0.103,0.1635,0.2375,0.323,0.4095,0.4755,0.5165,0.5773,0.7654,1.4283,1.7195,1.0731,1.0598,1.2484,1.4878,1.1345,0.7811,0.5136,0.2314,-0.0932,-0.3799,-0.4481,-0.4041,-0.362,-0.3077,-0.2371,-0.165,-0.1334,-0.1437,-0.1577,-0.1625,-0.0238,-0.0045,0.0201,0.0506,0.0879,0.1327,0.1857,0.2463,0.3121,0.3779,0.4396,0.5059,0.6133,0.8566,1.366,1.5397,1.1701,1.2781,2.1129,2.5303,1.5343,0.9983,0.6732,0.3141,-0.1127,-0.4452,-0.5077,-0.5369,-0.4833,-0.3921,-0.2774,-0.1602,-0.1159,-0.1391,-0.1617,-0.1684,0.0037,0.0238,0.0483,0.0778,0.1127,0.1534,0.1997,0.2511,0.3062,0.3635,0.4243,0.4974,0.6037,0.772,0.9811,1.0736,1.0697,1.2599,1.7421,1.9069,1.4761,1.2094,0.9916,0.5441,-0.0341,-0.5422,-0.9302,-0.8523,-0.6515,-0.5173,-0.3733,-0.2339,-0.1692,-0.1704,-0.1796,-0.1793,0.0264,0.0466,0.0706,0.0986,0.131,0.1679,0.209,0.254,0.3025,0.3544,0.4118,0.4801,0.5671,0.6758,0.7876,0.8706,0.9476,1.0899,1.2836,1.3782,1.4187,1.6871,1.7226,1.0034,0.1324,-0.6463,-1.2393,-1.0298,-0.8059,-0.6955,-0.5217,-0.3586,-0.263,-0.2243,-0.207,-0.1933,0.0451,0.0649,0.088,0.1145,0.1445,0.178,0.2149,0.2552,0.2986,0.3457,0.3978,0.4575,0.5268,0.6044,0.6831,0.7575,0.8374,0.9394,1.0587,1.1944,1.4779,2.1166,2.3227,1.3688,0.3556,-0.3808,-0.7932,-0.8782,-1.0158,-0.9202,-0.6648,-0.4619,-0.3382,-0.2703,-0.2314,-0.2052,0.0602,0.0796,0.1016,0.1264,0.1541,0.1848,0.2182,0.2545,0.2936,0.3359,0.3822,0.4334,0.4898,0.5504,0.6129,0.6767,0.7458,0.8265,0.9254,1.0683,1.3298,1.7173,1.7715,1.175,0.4388,-0.1351,-0.5145,-0.7991,-1.0399,-0.9471,-0.6962,-0.498,-0.3709,-0.293,-0.2439,-0.2108]},{"header":{"la1":42.85,"la2":41.18,"lo1":11.55,"lo2":14.05,"nx":36,"ny":24,"dx":0.07143,"dy":0.07261,"parameterCategory":2,"parameterNumber":3,"parameterNumberName":"northward_wind","parameterUnit":"m.s-1"},"data":[-0.3108,-0.2915,-0.2693,-0.2444,-0.2179,-0.1918,-0.1693,-0.1541,-0.1488,-0.1529,-0.1631,-0.1743,-0.182,-0.1832,-0.1768,-0.1629,-0.1427,-0.1183,-0.092,-0.0669,-0.0463,-0.0345,-0.0348,-0.0478,-0.0708,-0.0995,-0.1303,-0.1608,-0.1898,-0.2168,-0.2416,-0.2643,-0.2851,-0.304,-0.3213,-0.3371,-0.3103,-0.2879,-0.2612,-0.2295,-0.1935,-0.1556,-0.1214,-0.0984,-0.0928,-0.1047,-0.1274,-0.1512,-0.1683,-0.1744,-0.1685,-0.1511,-0.1243,-0.091,-0.0545,-0.0181,0.0136,0.0334,0.0333,0.0122,-0.0232,-0.0645,-0.1057,-0.1442,-0.1792,-0.2105,-0.2386,-0.2638,-0.2865,-0.307,-0.3255,-0.3423,-0.3119,-0.2867,-0.2552,-0.2152,-0.1656,-0.1083,-0.0515,-0.0111,-0.0033,-0.0305,-0.0774,-0.1237,-0.1559,-0.1694,-0.164,-0.1417,-0.1055,-0.06,-0.01,0.0417,0.0924,0.1285,0.1289,0.0908,0.033,-0.0273,-0.0822,-0.13,-0.1713,-0.207,-0.2382,-0.2658,-0.2903,-0.3122,-0.3317,-0.3493,-0.3162,-0.2891,-0.2535,-0.205,-0.1379,-0.0492,0.0521,0.1336,0.1502,0.09,-0.0065,-0.0927,-0.1481,-0.1713,-0.1663,-0.1368,-0.087,-0.0237,0.0428,0.111,0.1925,0.2674,0.2679,0.1907,0.0932,0.0067,-0.0638,-0.1209,-0.1679,-0.2074,-0.2412,-0.2707,-0.2967,-0.3197,-0.3402,-0.3584,-0.3235,-0.2957,-0.2586,-0.2046,-0.1196,0.0141,0.2008,0.3856,0.4335,0.2913,0.0882,-0.0652,-0.1512,-0.1847,-0.179,-0.14,-0.0702,0.022,0.1109,0.1818,0.2963,0.46,0.4524,0.2923,0.14,0.0272,-0.056,-0.1197,-0.1706,-0.2127,-0.2483,-0.2792,-0.3062,-0.3301,-0.3513,-0.37,-0.3332,-0.3058,-0.2708,-0.2195,-0.1275,0.052,0.3751,0.8056,0.9588,0.596,0.1814,-0.0614,-0.1749,-0.2145,-0.2069,-0.1581,-0.0633,0.0795,0.2213,0.2575,0.3287,0.5648,0.5424,0.3195,0.1434,0.0228,-0.0635,-0.1289,-0.1807,-0.2235,-0.2599,-0.2914,-0.3192,-0.3437,-0.3653,-0.3843,-0.3441,-0.3154,-0.2827,-0.2452,-0.1743,0.0085,0.4307,1.186,1.546,0.8071,0.1727,-0.1142,-0.2278,-0.2637,-0.2548,-0.2022,-0.0901,0.1038,0.3421,0.3379,0.2657,0.3537,0.3526,0.2239,0.0936,-0.0086,-0.087,-0.1484,-0.1982,-0.24,-0.276,-0.3077,-0.3358,-0.3607,-0.3826,-0.4018,-0.3566,-0.3209,-0.2769,-0.2497,-0.2376,-0.1343,0.1725,0.7312,0.9805,0.4223,-0.0407,-0.2354,-0.3055,-0.3288,-0.3267,-0.2829,-0.1737,0.0049,0.1975,0.2264,0.2057,0.2071,0.1761,0.107,0.0221,-0.0564,-0.1221,-0.1764,-0.222,-0.2615,-0.2966,-0.3281,-0.3563,-0.3816,-0.4037,-0.4228,-0.3758,-0.3329,-0.258,-0.1988,-0.2758,-0.3041,-0.2224,-0.0925,-0.0929,-0.2555,-0.3606,-0.3841,-0.385,-0.3979,-0.431,-0.4179,-0.2981,-0.1406,0.0018,0.117,0.2606,0.2329,0.114,0.0272,-0.0456,-0.1094,-0.1637,-0.2099,-0.2505,-0.2872,-0.3211,-0.3524,-0.3811,-0.4068,-0.4291,-0.4481,-0.4077,-0.3771,-0.3256,-0.2938,-0.384,-0.4657,-0.5337,-0.6205,-0.7786,-0.8334,-0.6557,-0.5042,-0.4357,-0.4434,-0.5786,-0.6593,-0.4165,-0.2379,-0.1131,0.0205,0.172,0.1573,0.0435,-0.0437,-0.1099,-0.1637,-0.2081,-0.2463,-0.2815,-0.3156,-0.349,-0.3809,-0.4107,-0.4372,-0.4599,-0.4785,-0.448,-0.4414,-0.4476,-0.4883,-0.5058,-0.6037,-0.7659,-0.9262,-1.2196,-1.3786,-0.8534,-0.5557,-0.4396,-0.423,-0.5469,-0.6604,-0.3988,-0.2662,-0.1928,-0.1092,-0.0305,-0.0167,-0.0615,-0.12,-0.1747,-0.2194,-0.2535,-0.2829,-0.3131,-0.3457,-0.38,-0.4142,-0.4461,-0.4742,-0.4974,-0.5153,-0.4866,-0.4934,-0.5063,-0.5158,-0.5505,-0.7306,-0.978,-1.1449,-1.1815,-1.1755,-0.798,-0.5309,-0.4117,-0.3948,-0.3735,-0.3168,-0.2568,-0.2732,-0.2702,-0.1992,-0.1412,-0.1223,-0.1418,-0.1866,-0.2387,-0.2776,-0.2986,-0.317,-0.3428,-0.3765,-0.4147,-0.4537,-0.4898,-0.5204,-0.544,-0.5604,-0.5195,-0.534,-0.5538,-0.5842,-0.6643,-0.8508,-1.122,-1.3037,-1.2541,-0.9461,-0.6762,-0.5001,-0.3842,-0.3974,-0.3246,-0.0777,-0.0854,-0.3795,-0.4012,-0.2369,-0.17,-0.1531,-0.1761,-0.2317,-0.3021,-0.3416,-0.3402,-0.3442,-0.3686,-0.4079,-0.4547,-0.5026,-0.5457,-0.5798,-0.6033,-0.6166,-0.5459,-0.5665,-0.5963,-0.6446,-0.7318,-0.8786,-1.0808,-1.2873,-1.1809,-0.8532,-0.6251,-0.5264,-0.4481,0.177,0.0154,0.3877,0.2387,-0.1479,-0.2662,-0.1852,-0.1211,-0.1096,-0.159,-0.2453,-0.3478,-0.3933,-0.3651,-0.3595,-0.3895,-0.4415,-0.5041,-0.5671,-0.621,-0.6594,-0.6808,-0.6874,-0.5651,-0.5886,-0.6214,-0.669,-0.7386,-0.8323,-0.9349,-0.9919,-0.9169,-0.7692,-0.6591,-0.526,-0.2718,-0.0075,0.0908,0.5035,0.4838,0.095,-0.1086,-0.0764,0.0657,0.0632,-0.0779,-0.2141,-0.32,-0.3655,-0.3521,-0.3593,-0.4058,-0.4807,-0.5701,-0.658,-0.7283,-0.7705,-0.7843,-0.7773,-0.5773,-0.6003,-0.6302,-0.669,-0.7171,-0.7701,-0.8136,-0.8234,-0.7902,-0.7733,-0.8851,-0.6399,-0.524,-0.3187,-0.1455,0.1267,0.284,-0.0083,-0.1591,0.035,0.5759,0.4454,0.0375,-0.1665,-0.2544,-0.288,-0.3003,-0.3358,-0.4143,-0.5289,-0.6637,-0.7943,-0.8896,-0.9307,-0.9239,-0.8897,-0.5837,-0.6043,-0.6292,-0.6583,-0.6902,-0.7201,-0.7406,-0.745,-0.7413,-0.7686,-0.8643,-0.7526,-0.8752,-0.9508,-0.5262,-0.3264,-0.263,-0.3819,-0.4548,-0.1273,0.6337,0.4675,0.0126,-0.1657,-0.1964,-0.1758,-0.1826,-0.2626,-0.4043,-0.5873,-0.7999,-1.0068,-1.1407,-1.164,-1.108,-1.0239,-0.5862,-0.6038,-0.6237,-0.6453,-0.6669,-0.6856,-0.6984,-0.7048,-0.7107,-0.7271,-0.7492,-0.7787,-0.9831,-1.0465,-0.8974,-0.8627,-0.7031,-0.7766,-0.9436,-0.6345,-0.2242,-0.111,-0.201,-0.2197,-0.1122,0.0671,0.0995,-0.1013,-0.3698,-0.6556,-0.9881,-1.3312,-1.5236,-1.484,-1.3274,-1.1657,-0.5863,-0.601,-0.6169,-0.6333,-0.649,-0.6625,-0.6728,-0.6807,-0.6893,-0.7025,-0.7239,-0.7681,-0.8575,-0.9918,-1.4614,-1.683,-1.0508,-0.9346,-1.0315,-1.0927,-0.7923,-0.5476,-0.435,-0.3011,-0.0003,0.5262,0.6407,0.1014,-0.3508,-0.7284,-1.1887,-1.7272,-1.9911,-1.8216,-1.5242,-1.2796,-0.5851,-0.5975,-0.6104,-0.6234,-0.6358,-0.6468,-0.6563,-0.6653,-0.6756,-0.6904,-0.7145,-0.7576,-0.838,-1.0124,-1.3994,-1.5223,-1.1293,-1.0725,-1.4956,-1.723,-1.1328,-0.8214,-0.6565,-0.4507,-0.0759,0.5757,0.7222,-0.0172,-0.4448,-0.7915,-1.2646,-1.8861,-2.1825,-1.9442,-1.5912,-1.3206,-0.5833,-0.5939,-0.6048,-0.6156,-0.626,-0.6358,-0.6452,-0.6549,-0.6666,-0.6827,-0.7075,-0.7476,-0.8153,-0.9281,-1.0704,-1.1093,-1.0365,-1.0748,-1.3055,-1.3879,-1.1595,-1.0431,-0.9523,-0.7212,-0.4222,-0.2645,-0.5224,-0.5692,-0.6471,-0.8441,-1.1607,-1.5968,-1.8424,-1.7277,-1.4867,-1.2746,-0.5814,-0.5906,-0.6001,-0.6095,-0.6188,-0.6279,-0.6372,-0.6473,-0.6596,-0.676,-0.6993,-0.7333,-0.7823,-0.8463,-0.9087,-0.9395,-0.9497,-0.9953,-1.0832,-1.1388,-1.1977,-1.4112,-1.4618,-1.0857,-0.7371,-0.683,-0.8817,-0.8123,-0.8398,-0.9184,-1.0425,-1.253,-1.4106,-1.4078,-1.3025,-1.1764,-0.5795,-0.5877,-0.5961,-0.6046,-0.6132,-0.6219,-0.631,-0.6413,-0.6536,-0.6692,-0.6899,-0.7172,-0.752,-0.7919,-0.8298,-0.8592,-0.8868,-0.9284,-0.99,-1.0802,-1.2825,-1.7018,-1.8319,-1.3283,-0.9165,-0.7823,-0.8103,-0.8904,-1.0451,-1.0225,-1.001,-1.0694,-1.149,-1.1721,-1.1364,-1.0714,-0.5778,-0.5852,-0.5929,-0.6007,-0.6087,-0.6171,-0.626,-0.6361,-0.6479,-0.6623,-0.6802,-0.7022,-0.7281,-0.7566,-0.785,-0.8124,-0.8425,-0.8824,-0.9411,-1.0385,-1.2186,-1.4734,-1.5263,-1.2454,-0.9662,-0.8409,-0.8425,-0.9443,-1.0709,-1.0392,-0.9825,-0.9862,-1.015,-1.0296,-1.0169,-0.9832]}]