docs/data/wind_grid.json
[{"header":{"la1":42.85,"la2":41.18,"lo1":11.55,"lo2":14.05,"nx":36,"ny":24,"dx":0.07143,"dy":0.07261,"parameterCategory":2,"parameterNumber":2,"parameterNumberName":"eastward_wind","parameterUnit":"m.s-1"},"data":[1.09,1.1299,1.1739,1.2214,1.2703,1.3178,1.3601,1.3936,1.4177,1.4358,1.4562,1.4886,1.5399,1.6092,1.6827,1.7339,1.7371,1.6849,1.593,1.4847,1.378,1.2817,1.1983,1.1271,1.0666,1.0146,0.9697,0.9303,0.8955,0.8644,0.8364,0.8111,0.7882,0.7674,0.7486,0.7316,1.0957,1.1417,1.1943,1.253,1.3162,1.3794,1.4359,1.4777,1.5007,1.5099,1.52,1.5506,1.6183,1.7283,1.861,1.9642,1.9777,1.8883,1.7379,1.5763,1.4309,1.3095,1.2107,1.1302,1.064,1.0085,0.9613,0.9204,0.8844,0.8524,0.8237,0.7978,0.7743,0.7531,0.7339,0.7166,1.0971,1.1495,1.2118,1.2852,1.3685,1.4571,1.5394,1.5982,1.6195,1.608,1.591,1.6063,1.6872,1.8541,2.0901,2.2965,2.3266,2.156,1.9013,1.6623,1.4706,1.324,1.2118,1.1243,1.0544,0.9969,0.9485,0.9068,0.8703,0.8377,0.8085,0.7821,0.7582,0.7366,0.7171,0.6997,1.0924,1.1505,1.2229,1.3131,1.4238,1.5526,1.684,1.7823,1.8054,1.7506,1.674,1.6469,1.7239,1.9484,2.3303,2.7169,2.7686,2.4441,2.0375,1.7121,1.4803,1.3164,1.1973,1.1074,1.0368,0.9794,0.9312,0.8896,0.853,0.8203,0.7908,0.764,0.7397,0.7177,0.6979,0.6804,1.0794,1.1411,1.2215,1.3282,1.4708,1.6574,1.8787,2.0719,2.115,1.97,1.7728,1.6625,1.7015,1.9368,2.4123,2.9643,3.0339,2.5621,2.0497,1.6848,1.4438,1.2808,1.1652,1.0789,1.0114,0.9563,0.9096,0.869,0.8329,0.8003,0.7705,0.7433,0.7186,0.6962,0.6762,0.6585,1.0562,1.1179,1.2011,1.3176,1.4864,1.7361,2.0922,2.4883,2.6098,2.2749,1.8654,1.6391,1.6103,1.776,2.1523,2.602,2.6706,2.2928,1.8702,1.5641,1.359,1.2186,1.1174,1.0407,0.9795,0.9286,0.8847,0.8456,0.8102,0.7777,0.7477,0.72,0.6946,0.6717,0.6514,0.6336,1.0223,1.0788,1.1566,1.269,1.4404,1.7165,2.1722,2.8105,3.0744,2.4711,1.8539,1.5526,1.4695,1.5366,1.7212,1.9307,1.9744,1.8073,1.5794,1.3877,1.2453,1.1402,1.0601,0.9965,0.9437,0.8981,0.8574,0.8202,0.7855,0.7529,0.7223,0.6937,0.6675,0.6439,0.6231,0.6052,0.9785,1.0248,1.0882,1.1798,1.3196,1.545,1.9167,2.4363,2.6338,2.1256,1.6384,1.3974,1.3122,1.3195,1.3813,1.4512,1.4686,1.4115,1.3146,1.2161,1.1309,1.0603,1.0015,0.9512,0.907,0.8668,0.8293,0.7936,0.7593,0.7261,0.6943,0.6642,0.6366,0.6119,0.5904,0.5725,0.9277,0.96,1.0029,1.0622,1.148,1.2756,1.4569,1.6488,1.687,1.5248,1.3437,1.2262,1.1754,1.1692,1.1829,1.1974,1.1968,1.1734,1.1327,1.0848,1.0366,0.9909,0.9487,0.9095,0.8725,0.8369,0.8018,0.767,0.7321,0.6973,0.6633,0.6309,0.601,0.5746,0.5523,0.5344,0.8735,0.8909,0.9115,0.9365,0.968,1.0102,1.07,1.1499,1.2264,1.2362,1.1625,1.1013,1.0887,1.0982,1.0979,1.0839,1.0665,1.0491,1.0283,1.0015,0.9705,0.9383,0.9063,0.8746,0.8427,0.8101,0.7764,0.7411,0.7044,0.6666,0.6289,0.5926,0.5594,0.5306,0.5072,0.4895,0.8201,0.8237,0.8245,0.8203,0.808,0.7879,0.7791,0.865,1.1897,1.3368,1.0959,1.0241,1.0659,1.1256,1.1128,1.0532,1.0116,0.9999,0.9895,0.9636,0.9327,0.9039,0.8767,0.8489,0.8197,0.7883,0.7542,0.7171,0.6766,0.6337,0.5899,0.5476,0.5092,0.4771,0.4524,0.4356,0.7706,0.7633,0.7494,0.7244,0.6817,0.613,0.518,0.4769,0.8165,1.0916,0.9551,0.9539,1.0924,1.3025,1.2217,1.0545,0.9881,1.0248,1.0287,0.9669,0.9173,0.8865,0.8611,0.8344,0.805,0.7728,0.7369,0.6959,0.6494,0.5981,0.5446,0.4929,0.447,0.4103,0.3846,0.3698,0.7271,0.7125,0.6897,0.654,0.5977,0.5083,0.3703,0.2287,0.3571,0.6598,0.7758,0.8777,1.0174,1.3486,1.2426,0.9951,0.946,1.1352,1.1382,0.9779,0.9127,0.8886,0.8646,0.834,0.8005,0.7654,0.7261,0.6794,0.6234,0.5589,0.4902,0.4237,0.3665,0.3241,0.2984,0.2883,0.6903,0.6716,0.6452,0.6076,0.5538,0.4774,0.3759,0.2762,0.3397,0.5103,0.627,0.84,0.919,0.9098,0.9086,0.8161,0.7921,0.9652,1.0091,0.927,0.929,0.9348,0.9008,0.8516,0.8072,0.7677,0.7251,0.6709,0.6006,0.5153,0.4218,0.3319,0.258,0.2089,0.1864,0.1861,0.6597,0.6394,0.6127,0.578,0.5336,0.4795,0.4223,0.3839,0.3865,0.3753,0.352,0.455,0.5851,0.501,0.6592,0.6309,0.5917,0.6784,0.7666,0.8885,1.076,1.1025,0.9878,0.8847,0.823,0.783,0.7404,0.6772,0.5851,0.466,0.3318,0.2035,0.1048,0.0501,0.0384,0.0581,0.6344,0.6138,0.5884,0.5574,0.5209,0.4802,0.4386,0.3973,0.3353,0.1831,-0.1146,0.0276,0.2023,0.3962,0.4623,0.5128,0.5408,0.5064,0.5666,0.9315,1.5401,1.4473,1.0905,0.9086,0.8431,0.8201,0.7868,0.7118,0.5849,0.4105,0.2075,0.0152,-0.1197,-0.1731,-0.1566,-0.0993,0.6134,0.5931,0.569,0.5408,0.5085,0.4724,0.4312,0.3784,0.2929,0.1339,-0.0881,0.0096,-0.0251,-0.0705,0.2015,0.2856,0.2865,0.1621,0.1294,0.6741,1.5747,1.4487,1.0437,0.8851,0.8723,0.9049,0.8953,0.7974,0.6121,0.3492,0.032,-0.2685,-0.4532,-0.4829,-0.4038,-0.2817,0.5958,0.576,0.5529,0.5265,0.4963,0.4617,0.4203,0.3671,0.2935,0.1977,0.1139,0.0728,-0.0793,-0.1299,-0.041,-0.053,-0.0169,-0.315,-0.6884,0.0087,0.6765,0.8707,0.8191,0.8247,0.937,1.0868,1.1132,0.9539,0.6744,0.2875,-0.2036,-0.6775,-0.9193,-0.8751,-0.6821,-0.467,0.581,0.5617,0.5396,0.5144,0.4857,0.4527,0.4136,0.3661,0.3088,0.2453,0.185,0.1238,0.0388,-0.0718,-0.4015,-0.5448,-0.2097,-0.3255,-0.5134,-0.1847,0.1782,0.4572,0.6084,0.7661,1.0299,1.3661,1.4304,1.1334,0.7498,0.2458,-0.4435,-1.1344,-1.4183,-1.2474,-0.9156,-0.6085,0.5687,0.5499,0.5287,0.5047,0.4776,0.4466,0.411,0.3699,0.3235,0.2733,0.2208,0.1608,0.0787,-0.0684,-0.3519,-0.4399,-0.2031,-0.1715,-0.257,-0.287,0.0003,0.2651,0.4564,0.6812,1.0126,1.4096,1.4858,1.1519,0.7897,0.2639,-0.5099,-1.3038,-1.601,-1.3719,-0.9883,-0.6518,0.5584,0.5403,0.52,0.4973,0.4719,0.4433,0.4112,0.3753,0.3358,0.2929,0.2459,0.1908,0.1182,0.0148,-0.1046,-0.1404,-0.0857,-0.0782,-0.1414,-0.1423,0.0198,0.1623,0.289,0.5212,0.8437,1.0978,1.1337,1.0574,0.8087,0.3513,-0.3101,-0.9732,-1.2643,-1.14,-0.855,-0.5789,0.5499,0.5326,0.5133,0.492,0.4683,0.4421,0.4133,0.3816,0.3471,0.3097,0.2684,0.2213,0.1654,0.1014,0.0438,0.0184,0.0211,0.0172,0.0024,0.0163,0.05,0.0094,0.0192,0.2903,0.6643,0.9642,1.1109,1.0447,0.8083,0.4412,-0.0315,-0.4871,-0.7394,-0.7415,-0.6017,-0.4268,0.5431,0.5266,0.5084,0.4884,0.4665,0.4426,0.4166,0.3885,0.3582,0.3256,0.2903,0.2518,0.2101,0.1682,0.1331,0.1122,0.1035,0.098,0.0932,0.088,0.0418,-0.1097,-0.1597,0.1318,0.5102,0.8028,0.9468,0.9095,0.7374,0.4783,0.1672,-0.1282,-0.323,-0.3828,-0.3417,-0.2526,0.5378,0.5221,0.505,0.4864,0.4662,0.4444,0.421,0.396,0.3694,0.3412,0.3114,0.2803,0.2487,0.2188,0.194,0.1767,0.1663,0.1596,0.1526,0.1357,0.084,-0.0081,-0.0151,0.1708,0.4277,0.6355,0.7433,0.7378,0.6382,0.4744,0.2772,0.0868,-0.0545,-0.1245,-0.1303,-0.0947]},{"header":{"la1":42.85,"la2":41.18,"lo1":11.55,"lo2":14.05,"nx":36,"ny":24,"dx":0.07143,"dy":0.07261,"parameterCategory":2,"parameterNumber":3,"parameterNumberName":"northward_wind","parameterUnit":"m.s-1"},"data":[3.6733,3.6823,3.6913,3.7001,3.7083,3.7153,3.7206,3.7237,3.7245,3.7238,3.7234,3.7252,3.7312,3.7413,3.7525,3.7585,3.7523,3.7314,3.6993,3.6617,3.6237,3.5876,3.5546,3.5247,3.4976,3.473,3.4505,3.4299,3.411,3.3936,3.3776,3.3631,3.3499,3.338,3.3273,3.3178,3.682,3.6926,3.7035,3.7145,3.7252,3.7347,3.7422,3.7463,3.7467,3.7443,3.742,3.7436,3.7533,3.7729,3.7986,3.8179,3.815,3.785,3.7374,3.6852,3.636,3.5923,3.5542,3.5208,3.4912,3.4648,3.4409,3.4192,3.3993,3.3811,3.3646,3.3495,3.336,3.3238,3.313,3.3035,3.6905,3.7028,3.7159,3.7296,3.7436,3.757,3.7681,3.7745,3.7744,3.7685,3.7615,3.7604,3.7731,3.8059,3.8567,3.9027,3.9055,3.8554,3.7804,3.7068,3.6441,3.5924,3.5496,3.5132,3.4817,3.4539,3.4288,3.4061,3.3855,3.3666,3.3495,3.334,3.3202,3.3078,3.297,3.2876,3.6982,3.7124,3.7279,3.7449,3.7632,3.7822,3.7998,3.8112,3.8111,3.7989,3.7825,3.7738,3.7855,3.831,3.9169,4.0092,4.02,3.9312,3.8158,3.7179,3.6429,3.5852,3.5393,3.5013,3.4686,3.4398,3.414,3.3906,3.3692,3.3498,3.3322,3.3163,3.3022,3.2898,3.279,3.2698,3.705,3.721,3.739,3.7593,3.7825,3.809,3.8372,3.8596,3.8621,3.839,3.8057,3.7825,3.785,3.8308,3.9378,4.0717,4.0888,3.9618,3.8167,3.7064,3.6273,3.5686,3.5225,3.4844,3.4516,3.4225,3.3962,3.3722,3.3503,3.3304,3.3123,3.2961,3.2819,3.2694,3.2588,3.25,3.7105,3.7281,3.7481,3.7714,3.7991,3.8332,3.8751,3.9177,3.9293,3.8876,3.8289,3.7858,3.7707,3.7957,3.8746,3.9797,3.9934,3.8875,3.7633,3.6666,3.5958,3.5421,3.499,3.4627,3.4307,3.4018,3.3753,3.3509,3.3285,3.3081,3.2896,3.2732,3.2588,3.2465,3.2362,3.2278,3.7143,3.7331,3.7548,3.7801,3.8104,3.8483,3.8979,3.9572,3.9804,3.9211,3.8429,3.783,3.7477,3.7422,3.7686,3.8072,3.8073,3.7509,3.6753,3.6077,3.5529,3.5082,3.4703,3.4368,3.4062,3.3778,3.3513,3.3265,3.3036,3.2826,3.2637,3.2471,3.2327,3.2206,3.2108,3.2031,3.7161,3.7359,3.7588,3.7853,3.8165,3.8534,3.8969,3.9407,3.9546,3.9139,3.846,3.7762,3.7221,3.6914,3.681,3.6786,3.6653,3.6324,3.5885,3.5447,3.5053,3.4702,3.4381,3.4077,3.3787,3.3507,3.324,3.2987,3.2751,3.2535,3.2342,3.2173,3.203,3.1913,3.1821,3.1754,3.7159,3.7364,3.7601,3.7877,3.82,3.8572,3.8986,3.9386,3.9639,3.948,3.8711,3.7725,3.6951,3.6477,3.6211,3.6017,3.5786,3.5486,3.5161,3.4856,3.4578,3.431,3.404,3.3764,3.3484,3.3205,3.2932,3.267,3.2426,3.2202,3.2004,3.1833,3.1691,3.158,3.1498,3.1444,3.7133,3.7342,3.7586,3.7876,3.8224,3.8648,3.9189,3.9992,4.117,4.1347,3.9515,3.7693,3.6601,3.6061,3.58,3.5562,3.5226,3.4832,3.4503,3.4284,3.411,3.3918,3.3691,3.3433,3.3156,3.287,3.2585,3.231,3.2053,3.182,3.1616,3.1443,3.1304,3.1201,3.1132,3.1096,3.7082,3.7289,3.7536,3.7837,3.8216,3.8705,3.9362,4.0449,4.3437,4.4953,4.0298,3.735,3.6056,3.5599,3.5558,3.5339,3.479,3.4103,3.3706,3.3654,3.3642,3.3532,3.3335,3.3081,3.2796,3.2493,3.2189,3.1895,3.1623,3.1378,3.1167,3.0994,3.086,3.0768,3.0717,3.0704,3.7004,3.7201,3.744,3.7738,3.8128,3.867,3.9479,4.0347,4.1322,4.2393,3.8915,3.644,3.5355,3.475,3.5751,3.5372,3.4349,3.2825,3.2392,3.2921,3.3196,3.3156,3.2963,3.27,3.2394,3.2064,3.173,3.1412,3.1121,3.0865,3.0648,3.0473,3.0346,3.0269,3.0242,3.0262,3.6898,3.7077,3.7292,3.756,3.7908,3.8394,3.9224,4.2482,3.8079,3.8244,3.6803,3.5318,3.482,3.55,3.688,3.551,3.4173,3.0861,3.0711,3.2403,3.2854,3.2766,3.2544,3.2266,3.1934,3.1562,3.1187,3.0838,3.053,3.0265,3.0043,2.9868,2.9748,2.9692,2.9699,2.9762,3.6768,3.6919,3.7096,3.7305,3.7554,3.7828,3.7938,3.6763,3.6681,3.665,3.5636,3.457,3.4169,3.266,3.5043,3.5885,3.5751,3.2903,3.203,3.2672,3.2531,3.2219,3.2006,3.1757,3.1394,3.0957,3.0524,3.0143,2.9828,2.9564,2.9341,2.9162,2.9049,2.9018,2.9073,2.9199,3.6619,3.6738,3.6868,3.7007,3.7145,3.7242,3.7184,3.6854,3.6392,3.5642,3.4895,3.4634,3.4286,3.4091,3.4921,3.7561,4.0064,3.6416,3.4148,3.2856,3.1574,3.1162,3.1288,3.1175,3.0752,3.0195,2.9678,2.9282,2.8993,2.8755,2.8533,2.834,2.8223,2.8225,2.8349,2.8567,3.6461,3.6546,3.663,3.6705,3.6754,3.6741,3.661,3.6293,3.5718,3.4781,3.3571,3.4721,3.4741,3.4656,3.5342,3.734,3.9,3.68,3.4779,3.2296,2.9207,2.948,3.057,3.0589,2.9961,2.9166,2.8542,2.8193,2.8013,2.785,2.7626,2.7382,2.7237,2.7284,2.7517,2.787,3.6301,3.6356,3.6401,3.6427,3.6417,3.6343,3.617,3.5854,3.5347,3.4598,3.3739,3.437,3.4838,3.4954,3.5476,3.6258,3.6677,3.6413,3.5721,3.3008,2.8966,2.9348,3.0398,3.0038,2.8894,2.7659,2.6936,2.6811,2.6912,2.6903,2.6654,2.6277,2.6054,2.6176,2.6589,2.7139,3.6145,3.6176,3.6193,3.6186,3.6144,3.6047,3.5878,3.5618,3.5268,3.4875,3.4628,3.476,3.4953,3.5109,3.5902,3.6413,3.6455,3.7206,3.8343,3.5431,3.2427,3.1239,3.065,2.9386,2.7395,2.5409,2.4675,2.5159,2.5794,2.6023,2.5701,2.5054,2.4689,2.4957,2.5649,2.6451,3.5998,3.6011,3.6008,3.5984,3.5928,3.5832,3.5689,3.5499,3.528,3.5081,3.4983,3.5043,3.5237,3.5741,3.7127,3.7643,3.6629,3.6926,3.7473,3.5809,3.3997,3.2225,3.0628,2.8623,2.579,2.2757,2.2122,2.3659,2.4887,2.5356,2.4945,2.3946,2.3425,2.3912,2.4911,2.5944,3.5861,3.5861,3.5847,3.5814,3.5756,3.5672,3.5559,3.5425,3.5288,3.518,3.5141,3.5208,3.5428,3.5955,3.6959,3.7255,3.6372,3.6,3.5893,3.5863,3.4236,3.2104,3.0173,2.806,2.5232,2.2212,2.1629,2.3195,2.4389,2.4993,2.4647,2.3561,2.3,2.3572,2.4667,2.5763,3.5734,3.5726,3.5705,3.5669,3.5615,3.5543,3.5455,3.5359,3.5268,3.5204,3.5189,3.5247,3.541,3.5712,3.6075,3.6116,3.573,3.5371,3.5259,3.493,3.3176,3.0842,2.9154,2.7714,2.5624,2.3538,2.2611,2.3041,2.4136,2.4902,2.4852,2.4149,2.3729,2.4129,2.5002,2.5944,3.5617,3.5603,3.5578,3.5542,3.5492,3.5431,3.536,3.5287,3.522,3.5173,3.5158,3.5186,3.5265,3.538,3.546,3.5377,3.5091,3.4698,3.4209,3.3239,3.1122,2.8388,2.7354,2.7302,2.6005,2.3823,2.217,2.2794,2.416,2.5059,2.5298,2.5061,2.4875,2.5107,2.568,2.6378,3.5508,3.549,3.5463,3.5427,3.5381,3.5326,3.5266,3.5205,3.5148,3.5103,3.5074,3.5066,3.5071,3.5069,3.5013,3.4846,3.4529,3.4043,3.3292,3.1973,2.9653,2.6824,2.6192,2.7047,2.6516,2.494,2.3741,2.3922,2.4788,2.5502,2.5831,2.5868,2.5868,2.6043,2.6418,2.691,3.5406,3.5385,3.5356,3.532,3.5276,3.5226,3.5171,3.5113,3.5058,3.5006,3.496,3.4917,3.4866,3.479,3.4657,3.4428,3.4067,3.3524,3.2704,3.1439,2.9619,2.7761,2.7157,2.7441,2.7144,2.6256,2.5516,2.5406,2.5748,2.6155,2.6425,2.6555,2.6649,2.6812,2.7083,2.7438]}]