docs/data/wind_grid.json
[{"header":{"la1":42.85,"la2":41.18,"lo1":11.55,"lo2":14.05,"nx":36,"ny":24,"dx":0.07143,"dy":0.07261,"parameterCategory":2,"parameterNumber":2,"parameterNumberName":"eastward_wind","parameterUnit":"m.s-1"},"data":[-0.5908,-0.593,-0.5923,-0.5889,-0.5829,-0.5748,-0.5649,-0.5532,-0.5397,-0.5254,-0.5118,-0.5009,-0.4945,-0.4932,-0.4967,-0.5032,-0.5095,-0.5114,-0.5049,-0.4885,-0.4649,-0.4405,-0.4221,-0.4125,-0.4099,-0.411,-0.4128,-0.4139,-0.414,-0.4131,-0.4115,-0.4094,-0.4072,-0.4049,-0.4026,-0.4005,-0.6169,-0.6208,-0.621,-0.6174,-0.6106,-0.6015,-0.5905,-0.5771,-0.5604,-0.541,-0.5216,-0.506,-0.4972,-0.4967,-0.5043,-0.5175,-0.5316,-0.5391,-0.5316,-0.5043,-0.462,-0.4197,-0.3928,-0.3856,-0.3907,-0.3994,-0.4066,-0.4109,-0.4126,-0.4124,-0.411,-0.409,-0.4067,-0.4043,-0.402,-0.3998,-0.6487,-0.6557,-0.6572,-0.6532,-0.6451,-0.6351,-0.6243,-0.6108,-0.5908,-0.5636,-0.5342,-0.5101,-0.497,-0.4972,-0.5107,-0.535,-0.5637,-0.5843,-0.5783,-0.5311,-0.4487,-0.3675,-0.3288,-0.3355,-0.3609,-0.3845,-0.4002,-0.4085,-0.4118,-0.4121,-0.4107,-0.4085,-0.4061,-0.4036,-0.4012,-0.399,-0.6881,-0.7002,-0.7043,-0.6994,-0.6882,-0.6768,-0.6693,-0.6614,-0.6401,-0.5994,-0.5511,-0.5121,-0.4914,-0.4918,-0.5132,-0.5544,-0.6095,-0.6603,-0.6684,-0.5883,-0.4159,-0.2422,-0.1937,-0.2517,-0.3228,-0.3706,-0.3964,-0.4082,-0.4122,-0.4123,-0.4106,-0.4081,-0.4054,-0.4027,-0.4003,-0.3981,-0.7369,-0.7585,-0.7681,-0.7616,-0.7428,-0.7261,-0.7274,-0.7419,-0.7283,-0.6598,-0.5732,-0.5086,-0.4767,-0.4763,-0.5066,-0.57,-0.6683,-0.7865,-0.8541,-0.7381,-0.3778,0.0216,0.0459,-0.1507,-0.2952,-0.3677,-0.3995,-0.4115,-0.4143,-0.4132,-0.4105,-0.4074,-0.4044,-0.4016,-0.3992,-0.397,-0.7964,-0.836,-0.8595,-0.8523,-0.815,-0.779,-0.7912,-0.8671,-0.8912,-0.7539,-0.5918,-0.4914,-0.4473,-0.4455,-0.4828,-0.5678,-0.721,-0.9634,-1.2159,-1.1119,-0.5013,0.2001,0.1775,-0.1437,-0.3173,-0.3875,-0.4124,-0.4186,-0.4176,-0.4141,-0.4101,-0.4063,-0.403,-0.4002,-0.3978,-0.3957,-0.864,-0.936,-0.9947,-0.9972,-0.9213,-0.8298,-0.8235,-0.9764,-1.0763,-0.8168,-0.5698,-0.4468,-0.3982,-0.3951,-0.4331,-0.527,-0.7145,-1.0672,-1.5795,-1.525,-0.8729,-0.3471,-0.2193,-0.3308,-0.4043,-0.4294,-0.4322,-0.4272,-0.4204,-0.414,-0.4087,-0.4045,-0.4011,-0.3984,-0.3962,-0.3943,-0.9281,-1.0464,-1.18,-1.2318,-1.0837,-0.88,-0.7822,-0.8443,-0.8861,-0.6624,-0.4624,-0.3671,-0.3294,-0.325,-0.3529,-0.4347,-0.6094,-0.9118,-1.2691,-1.2815,-1.1403,-0.9656,-0.7002,-0.5639,-0.5059,-0.4726,-0.4492,-0.4321,-0.4201,-0.4116,-0.4057,-0.4016,-0.3985,-0.3962,-0.3943,-0.3928,-0.9668,-1.1185,-1.3304,-1.4788,-1.2339,-0.9146,-0.7036,-0.5868,-0.4841,-0.3626,-0.2939,-0.2656,-0.2496,-0.2414,-0.2418,-0.2913,-0.4526,-0.6863,-0.9181,-1.1328,-1.5117,-1.3997,-0.9513,-0.6918,-0.5621,-0.4923,-0.452,-0.4281,-0.414,-0.4057,-0.4007,-0.3975,-0.3953,-0.3937,-0.3923,-0.3912,-0.9651,-1.1076,-1.2752,-1.3632,-1.2053,-0.9116,-0.6315,-0.3898,-0.1264,-0.0093,-0.1081,-0.1676,-0.1704,-0.158,-0.113,-0.0918,-0.3213,-0.566,-0.7703,-1.0015,-1.3131,-1.2483,-0.9169,-0.6852,-0.5516,-0.4755,-0.4335,-0.4116,-0.4009,-0.396,-0.3937,-0.3926,-0.3918,-0.3911,-0.3904,-0.3897,-0.9308,-1.0564,-1.212,-1.4044,-1.332,-0.9167,-0.5915,-0.3147,0.2214,0.4812,0.0333,-0.1011,-0.0927,-0.0708,-0.0753,-0.0739,-0.3313,-0.6008,-0.7622,-0.8423,-0.9104,-0.8762,-0.7335,-0.5898,-0.4853,-0.4219,-0.3918,-0.382,-0.3813,-0.3835,-0.3858,-0.3875,-0.3884,-0.3887,-0.3887,-0.3884,-0.8729,-0.9822,-1.1399,-1.3479,-1.2604,-0.8427,-0.594,-0.4882,-0.1285,0.1732,-0.0349,-0.0812,-0.014,0.1045,-0.0044,-0.1986,-0.4822,-0.9136,-1.0442,-0.8606,-0.7371,-0.6562,-0.5659,-0.4688,-0.3838,-0.3344,-0.3278,-0.3422,-0.3585,-0.3708,-0.3788,-0.3835,-0.386,-0.387,-0.3874,-0.3873,-0.7962,-0.8705,-0.9566,-1.0114,-0.9151,-0.7114,-0.6177,-0.5999,-0.5931,-0.2634,-0.1454,-0.0876,-0.0071,0.1525,0.0299,-0.2314,-0.5882,-1.6328,-1.6823,-0.943,-0.6459,-0.5169,-0.4363,-0.3562,-0.2646,-0.2155,-0.2484,-0.3013,-0.3393,-0.3624,-0.3754,-0.382,-0.385,-0.3861,-0.3864,-0.3865,-0.7129,-0.7511,-0.7793,-0.7719,-0.7061,-0.6212,-0.6047,-0.6991,-0.5988,-0.3255,-0.1746,-0.0962,-0.0553,0.1468,-0.0882,-0.2423,-0.4656,-1.0703,-1.2037,-0.7516,-0.4848,-0.3693,-0.3229,-0.2745,-0.1783,-0.1161,-0.1919,-0.2802,-0.3342,-0.3634,-0.3779,-0.3839,-0.3856,-0.3856,-0.3854,-0.3855,-0.6357,-0.6499,-0.6513,-0.6309,-0.588,-0.5426,-0.5194,-0.5026,-0.4129,-0.2735,-0.1825,-0.1255,-0.0314,0.09,-0.144,-0.2784,-0.8967,-0.6575,-0.591,-0.4038,-0.2112,-0.1629,-0.2051,-0.2291,-0.196,-0.1623,-0.2229,-0.3018,-0.3523,-0.3779,-0.3877,-0.3887,-0.3863,-0.384,-0.3831,-0.3835,-0.5702,-0.571,-0.5617,-0.5395,-0.5064,-0.4695,-0.4328,-0.3854,-0.3115,-0.2303,-0.1938,-0.1855,-0.1312,-0.0704,-0.1771,-0.4326,-0.7419,-0.4786,-0.2929,-0.1056,0.1538,0.0982,-0.0886,-0.1962,-0.2443,-0.2701,-0.315,-0.3642,-0.3951,-0.4063,-0.4033,-0.3931,-0.3829,-0.3776,-0.3772,-0.3795,-0.5165,-0.5103,-0.4965,-0.4743,-0.4449,-0.4102,-0.3705,-0.3224,-0.2657,-0.2135,-0.1904,-0.1696,-0.1253,-0.1064,-0.127,-0.2057,-0.2547,-0.1371,0.0045,0.0671,0.2234,0.1577,-0.0394,-0.1853,-0.2946,-0.3779,-0.4333,-0.458,-0.4599,-0.4457,-0.4194,-0.3885,-0.3662,-0.3598,-0.3646,-0.3725,-0.473,-0.463,-0.4473,-0.4255,-0.3981,-0.3657,-0.3286,-0.2867,-0.2426,-0.2032,-0.1734,-0.1425,-0.106,-0.0772,0.0374,0.0876,0.0422,0.1833,0.3571,0.2287,0.1598,0.0848,-0.0459,-0.2051,-0.3787,-0.5349,-0.6018,-0.5832,-0.5423,-0.4924,-0.4284,-0.3604,-0.3208,-0.323,-0.3438,-0.3633,-0.4377,-0.4257,-0.4093,-0.3882,-0.3626,-0.333,-0.2998,-0.2638,-0.2269,-0.1916,-0.1578,-0.1196,-0.0668,0.0504,0.4088,0.5612,0.2474,0.283,0.4074,0.4734,0.3039,0.1321,-0.0267,-0.2253,-0.4833,-0.7464,-0.8084,-0.7164,-0.6339,-0.5467,-0.4318,-0.3029,-0.2424,-0.2726,-0.3221,-0.3567,-0.4088,-0.396,-0.3795,-0.3593,-0.3356,-0.3087,-0.279,-0.2472,-0.2143,-0.1806,-0.1443,-0.0995,-0.0304,0.1084,0.3788,0.4711,0.293,0.3542,0.7343,0.9177,0.4769,0.2323,0.0534,-0.1895,-0.5131,-0.8074,-0.8657,-0.8172,-0.7341,-0.6222,-0.4651,-0.2812,-0.2031,-0.2548,-0.3206,-0.361,-0.3852,-0.372,-0.3559,-0.3368,-0.3149,-0.2903,-0.2635,-0.2348,-0.2044,-0.172,-0.1354,-0.0898,-0.0256,0.0699,0.1841,0.2369,0.2404,0.3363,0.5629,0.6437,0.4723,0.3847,0.2721,-0.032,-0.4455,-0.8122,-1.0669,-1.0091,-0.8618,-0.7381,-0.5733,-0.3895,-0.2975,-0.3137,-0.3539,-0.381,-0.3659,-0.3527,-0.3371,-0.3192,-0.2988,-0.2763,-0.2519,-0.2256,-0.1974,-0.1667,-0.132,-0.0905,-0.0387,0.0239,0.0874,0.1353,0.1797,0.2559,0.3587,0.4278,0.5131,0.759,0.8019,0.296,-0.3176,-0.8599,-1.2588,-1.1275,-0.9995,-0.911,-0.7368,-0.5568,-0.4461,-0.41,-0.4076,-0.4111,-0.3499,-0.337,-0.3222,-0.3053,-0.2864,-0.2657,-0.2433,-0.2191,-0.1931,-0.1647,-0.1332,-0.0971,-0.0558,-0.0102,0.0357,0.0793,0.1263,0.1865,0.2623,0.3674,0.5991,1.0839,1.2359,0.5577,-0.1572,-0.6751,-0.9679,-1.0613,-1.217,-1.1298,-0.8878,-0.686,-0.5578,-0.4901,-0.4576,-0.4409,-0.3368,-0.3244,-0.3102,-0.2943,-0.2769,-0.2578,-0.2372,-0.215,-0.1912,-0.1654,-0.1373,-0.1063,-0.0724,-0.0362,0.001,0.0393,0.0816,0.1329,0.2012,0.3092,0.5093,0.7985,0.8423,0.4214,-0.0981,-0.5062,-0.7871,-1.0265,-1.2436,-1.1591,-0.9276,-0.7386,-0.6134,-0.5366,-0.4908,-0.4628]},{"header":{"la1":42.85,"la2":41.18,"lo1":11.55,"lo2":14.05,"nx":36,"ny":24,"dx":0.07143,"dy":0.07261,"parameterCategory":2,"parameterNumber":3,"parameterNumberName":"northward_wind","parameterUnit":"m.s-1"},"data":[-0.4791,-0.4698,-0.4583,-0.4444,-0.4287,-0.4123,-0.3973,-0.3856,-0.3788,-0.3767,-0.3774,-0.3783,-0.3771,-0.3727,-0.3647,-0.354,-0.3419,-0.3301,-0.3205,-0.3141,-0.311,-0.3103,-0.311,-0.3124,-0.3144,-0.3173,-0.3213,-0.3265,-0.3328,-0.3398,-0.3474,-0.3554,-0.3637,-0.3719,-0.38,-0.3879,-0.4858,-0.4755,-0.4618,-0.4443,-0.4232,-0.4,-0.378,-0.3616,-0.3543,-0.3561,-0.3633,-0.3705,-0.3736,-0.3708,-0.3621,-0.3487,-0.3328,-0.3175,-0.3057,-0.2995,-0.2987,-0.3009,-0.3034,-0.305,-0.3066,-0.3093,-0.3135,-0.3194,-0.3265,-0.3346,-0.3434,-0.3526,-0.362,-0.3714,-0.3805,-0.3892,-0.4945,-0.4835,-0.4677,-0.4457,-0.4168,-0.3821,-0.3468,-0.3202,-0.3114,-0.3216,-0.342,-0.361,-0.3716,-0.3715,-0.3617,-0.3441,-0.3222,-0.3007,-0.2856,-0.2811,-0.2867,-0.296,-0.3012,-0.3012,-0.3003,-0.3014,-0.3054,-0.3119,-0.3201,-0.3295,-0.3397,-0.3503,-0.361,-0.3716,-0.3818,-0.3915,-0.5056,-0.4948,-0.4776,-0.451,-0.4116,-0.3582,-0.2966,-0.2457,-0.2319,-0.2611,-0.3096,-0.3506,-0.3731,-0.3769,-0.3653,-0.3414,-0.3095,-0.277,-0.2552,-0.2553,-0.2776,-0.3048,-0.3128,-0.3041,-0.2955,-0.2932,-0.2967,-0.3039,-0.3135,-0.3245,-0.3364,-0.3486,-0.3609,-0.3728,-0.3843,-0.3951,-0.5193,-0.5101,-0.4936,-0.4643,-0.4137,-0.3326,-0.2197,-0.1078,-0.076,-0.154,-0.2644,-0.3434,-0.3822,-0.3903,-0.376,-0.3434,-0.2959,-0.2419,-0.2034,-0.2103,-0.271,-0.345,-0.3494,-0.3125,-0.2893,-0.283,-0.2865,-0.2953,-0.3068,-0.3198,-0.3337,-0.3478,-0.3619,-0.3754,-0.3883,-0.4002,-0.5351,-0.5297,-0.5174,-0.4906,-0.4339,-0.3229,-0.1266,0.1327,0.226,0.015,-0.2209,-0.3516,-0.4052,-0.4157,-0.3985,-0.3563,-0.2877,-0.1956,-0.1127,-0.1209,-0.2338,-0.3774,-0.3722,-0.3041,-0.2732,-0.268,-0.2743,-0.2858,-0.3,-0.3156,-0.3319,-0.3483,-0.3644,-0.3798,-0.3942,-0.4074,-0.5514,-0.5512,-0.5475,-0.5313,-0.4821,-0.3631,-0.1036,0.3556,0.5742,0.1313,-0.2389,-0.3949,-0.4478,-0.4567,-0.4391,-0.3911,-0.3034,-0.171,-0.0261,-0.0307,-0.133,-0.2374,-0.2691,-0.2483,-0.2412,-0.2475,-0.2601,-0.2759,-0.2934,-0.3121,-0.3313,-0.3505,-0.369,-0.3866,-0.4027,-0.4171,-0.5657,-0.57,-0.5763,-0.5762,-0.5467,-0.4638,-0.2735,0.069,0.2234,-0.1161,-0.3842,-0.4818,-0.5079,-0.514,-0.5078,-0.4645,-0.364,-0.2222,-0.0915,-0.0458,0.0141,-0.0119,-0.1121,-0.1709,-0.2023,-0.225,-0.2454,-0.2659,-0.2874,-0.3097,-0.3324,-0.3549,-0.3764,-0.3964,-0.4144,-0.4301,-0.5757,-0.5803,-0.5912,-0.6023,-0.5873,-0.5729,-0.5338,-0.4679,-0.4756,-0.5702,-0.6069,-0.5883,-0.5704,-0.5823,-0.6259,-0.6129,-0.4717,-0.3046,-0.1629,-0.0029,0.2561,0.2041,-0.0065,-0.1179,-0.1727,-0.2056,-0.2315,-0.2562,-0.2819,-0.3087,-0.3358,-0.3624,-0.3875,-0.4104,-0.4305,-0.4474,-0.5818,-0.5801,-0.5788,-0.5797,-0.5826,-0.6562,-0.7525,-0.8499,-0.9841,-1.0151,-0.8326,-0.6765,-0.6123,-0.6364,-0.8174,-0.9232,-0.5925,-0.3558,-0.2051,-0.044,0.1519,0.1312,-0.0153,-0.108,-0.1583,-0.1903,-0.2174,-0.2458,-0.2767,-0.3093,-0.3423,-0.3742,-0.4038,-0.4301,-0.4523,-0.4703,-0.5882,-0.5776,-0.5422,-0.4549,-0.4917,-0.7221,-0.947,-1.1154,-1.3612,-1.4959,-0.9943,-0.7095,-0.6212,-0.6343,-0.7861,-0.9237,-0.5441,-0.3299,-0.2227,-0.1323,-0.0508,-0.036,-0.0775,-0.1204,-0.1496,-0.1723,-0.1986,-0.2321,-0.271,-0.3122,-0.3532,-0.3922,-0.4275,-0.4577,-0.4821,-0.5006,-0.5995,-0.59,-0.5529,-0.4756,-0.5347,-0.8435,-1.1791,-1.3901,-1.3559,-1.304,-0.9207,-0.6654,-0.6136,-0.703,-0.6071,-0.4693,-0.321,-0.2444,-0.2126,-0.1643,-0.1219,-0.1044,-0.1106,-0.123,-0.1295,-0.1384,-0.1666,-0.2123,-0.2651,-0.3189,-0.3711,-0.4194,-0.4618,-0.4965,-0.5227,-0.5406,-0.6156,-0.619,-0.6173,-0.6289,-0.7336,-0.9881,-1.3441,-1.6912,-1.4479,-1.0737,-0.7656,-0.5724,-0.537,-0.7163,-0.5412,-0.1789,-0.0855,-0.2288,-0.2412,-0.1529,-0.1152,-0.102,-0.1048,-0.1059,-0.0865,-0.0732,-0.1156,-0.1881,-0.2624,-0.3333,-0.4,-0.4606,-0.512,-0.5516,-0.5784,-0.5936,-0.6308,-0.6472,-0.6721,-0.722,-0.8275,-1.0093,-1.251,-1.452,-1.3204,-0.938,-0.6659,-0.5072,-0.4509,-0.2387,-0.1413,0.3093,0.269,-0.0166,-0.1269,-0.0872,-0.0528,-0.0463,-0.0689,-0.082,-0.0438,-0.0039,-0.0728,-0.1764,-0.272,-0.3613,-0.4462,-0.5233,-0.5865,-0.6307,-0.6554,-0.6636,-0.6396,-0.6623,-0.6952,-0.7468,-0.8265,-0.9349,-1.0494,-1.1008,-0.9889,-0.7781,-0.6267,-0.5231,-0.3736,-0.2048,0.0057,0.4598,0.9285,0.3111,0.0373,0.018,0.1027,0.0957,0.0002,-0.0648,-0.0614,-0.0414,-0.1006,-0.1985,-0.3016,-0.4089,-0.5182,-0.6195,-0.6988,-0.7462,-0.7623,-0.7554,-0.6405,-0.6632,-0.6934,-0.7337,-0.7845,-0.8392,-0.8783,-0.8685,-0.7899,-0.689,-0.6638,-0.6027,-0.5171,-0.3427,-0.11,0.311,0.6784,0.2513,0.0228,0.1122,0.4696,0.3755,0.0865,-0.0534,-0.0983,-0.1158,-0.159,-0.2373,-0.3447,-0.4773,-0.626,-0.7685,-0.8723,-0.9171,-0.91,-0.873,-0.6346,-0.6541,-0.6777,-0.7051,-0.734,-0.7579,-0.7653,-0.7446,-0.6973,-0.6532,-0.6538,-0.6206,-0.7058,-0.7292,-0.3377,-0.0819,0.0212,-0.1036,-0.2026,0.011,0.5146,0.3987,0.0751,-0.0692,-0.1148,-0.1285,-0.1627,-0.2466,-0.3811,-0.5618,-0.7816,-1.0015,-1.1452,-1.1694,-1.1075,-1.0154,-0.6243,-0.6395,-0.6562,-0.6733,-0.6882,-0.6966,-0.6931,-0.6748,-0.6462,-0.6207,-0.6083,-0.6169,-0.7452,-0.7552,-0.4765,-0.3523,-0.2877,-0.4277,-0.6259,-0.3114,-0.0229,0.0305,-0.0611,-0.1181,-0.1035,-0.0444,-0.0525,-0.1899,-0.394,-0.6527,-0.9901,-1.3555,-1.5631,-1.5181,-1.3451,-1.1671,-0.6118,-0.6228,-0.6338,-0.6436,-0.6503,-0.6513,-0.6445,-0.6296,-0.6097,-0.5909,-0.5783,-0.5785,-0.5926,-0.564,-0.5434,-0.5576,-0.426,-0.4735,-0.5604,-0.4318,-0.2946,-0.2142,-0.2012,-0.1784,-0.0687,0.1675,0.2156,-0.0898,-0.398,-0.7319,-1.2051,-1.787,-2.0759,-1.8881,-1.5592,-1.289,-0.5984,-0.606,-0.6127,-0.6177,-0.6196,-0.6172,-0.6095,-0.5968,-0.5811,-0.5652,-0.5513,-0.5406,-0.5294,-0.515,-0.5308,-0.534,-0.4539,-0.4434,-0.4798,-0.4938,-0.4049,-0.3511,-0.3232,-0.2639,-0.1147,0.1897,0.2585,-0.1473,-0.4495,-0.7756,-1.2775,-1.9591,-2.2869,-2.0223,-1.6305,-1.3306,-0.5853,-0.5901,-0.5938,-0.5957,-0.5949,-0.5907,-0.5829,-0.5718,-0.5583,-0.5439,-0.5295,-0.5155,-0.5014,-0.4891,-0.4832,-0.47,-0.4438,-0.4379,-0.4573,-0.4651,-0.4559,-0.4781,-0.4765,-0.4002,-0.2873,-0.2235,-0.3428,-0.4084,-0.5586,-0.7923,-1.1468,-1.633,-1.9071,-1.7792,-1.5109,-1.2757,-0.5729,-0.5757,-0.5773,-0.5772,-0.5748,-0.5699,-0.5622,-0.5521,-0.5402,-0.527,-0.5133,-0.4994,-0.4857,-0.473,-0.4619,-0.45,-0.4392,-0.4383,-0.4502,-0.4749,-0.5427,-0.6809,-0.7205,-0.5722,-0.4439,-0.4311,-0.4933,-0.5325,-0.7227,-0.8519,-1.0007,-1.2407,-1.4194,-1.4177,-1.3012,-1.1619,-0.5616,-0.5629,-0.563,-0.5616,-0.5584,-0.5532,-0.5459,-0.5367,-0.5259,-0.5141,-0.5017,-0.489,-0.4765,-0.4649,-0.4546,-0.4461,-0.4417,-0.4456,-0.4634,-0.5086,-0.6205,-0.8267,-0.8871,-0.6844,-0.5384,-0.5097,-0.5542,-0.7319,-1.0078,-0.9817,-0.9495,-1.0269,-1.1192,-1.1478,-1.1102,-1.0399,-0.5514,-0.5516,-0.5508,-0.5486,-0.545,-0.5397,-0.5328,-0.5244,-0.5149,-0.5044,-0.4934,-0.4823,-0.4715,-0.4617,-0.4535,-0.448,-0.4474,-0.4548,-0.476,-0.5224,-0.6119,-0.7327,-0.7627,-0.6619,-0.5779,-0.571,-0.6467,-0.8413,-1.046,-1.0031,-0.9251,-0.9268,-0.9618,-0.9817,-0.9708,-0.9364]}]