docs/data/wind_grid.json
[{"header":{"la1":42.85,"la2":41.18,"lo1":11.55,"lo2":14.05,"nx":36,"ny":24,"dx":0.07143,"dy":0.07261,"parameterCategory":2,"parameterNumber":2,"parameterNumberName":"eastward_wind","parameterUnit":"m.s-1"},"data":[-0.7548,-0.7592,-0.7623,-0.764,-0.7641,-0.7625,-0.7585,-0.7511,-0.7398,-0.7249,-0.7083,-0.6922,-0.6786,-0.6688,-0.6628,-0.6594,-0.6566,-0.6517,-0.6423,-0.6276,-0.6097,-0.5935,-0.5841,-0.5831,-0.5886,-0.5969,-0.6051,-0.6118,-0.6164,-0.6192,-0.6205,-0.6206,-0.6199,-0.6187,-0.6172,-0.6154,-0.772,-0.7783,-0.783,-0.7862,-0.788,-0.7885,-0.7864,-0.7797,-0.7662,-0.746,-0.7222,-0.6993,-0.6808,-0.6688,-0.6631,-0.6622,-0.6625,-0.6593,-0.6474,-0.6238,-0.5919,-0.5628,-0.5487,-0.5525,-0.5672,-0.5843,-0.5988,-0.6093,-0.616,-0.6197,-0.6212,-0.6212,-0.6203,-0.6188,-0.6169,-0.6149,-0.7924,-0.8014,-0.8083,-0.8132,-0.8173,-0.8217,-0.8249,-0.8222,-0.807,-0.7781,-0.7417,-0.7071,-0.681,-0.6658,-0.6614,-0.6652,-0.6725,-0.6749,-0.6614,-0.6224,-0.5608,-0.5027,-0.4817,-0.5009,-0.5367,-0.5697,-0.5934,-0.6084,-0.617,-0.6212,-0.6226,-0.6222,-0.6208,-0.6188,-0.6165,-0.6141,-0.817,-0.83,-0.8396,-0.8461,-0.8524,-0.8629,-0.8784,-0.8888,-0.875,-0.8298,-0.7693,-0.7147,-0.6767,-0.6573,-0.6551,-0.6673,-0.6881,-0.7051,-0.6967,-0.6348,-0.5091,-0.3791,-0.352,-0.4199,-0.5003,-0.5577,-0.592,-0.6109,-0.6203,-0.6241,-0.6248,-0.6236,-0.6215,-0.6188,-0.616,-0.6131,-0.8469,-0.8665,-0.8805,-0.8875,-0.8929,-0.9102,-0.9507,-0.9991,-0.998,-0.9165,-0.8062,-0.7181,-0.6636,-0.639,-0.6402,-0.6646,-0.7085,-0.7586,-0.7785,-0.6985,-0.4511,-0.1414,-0.1318,-0.3259,-0.4766,-0.5587,-0.5994,-0.6185,-0.6264,-0.6285,-0.6276,-0.6252,-0.622,-0.6185,-0.615,-0.6117,-0.8829,-0.9147,-0.938,-0.9443,-0.9394,-0.9543,-1.0322,-1.1757,-1.224,-1.0491,-0.841,-0.7071,-0.6354,-0.6055,-0.6094,-0.648,-0.7241,-0.8339,-0.9341,-0.8791,-0.5242,0.0135,-0.013,-0.3246,-0.5048,-0.5852,-0.619,-0.6318,-0.6351,-0.634,-0.6308,-0.6266,-0.6222,-0.6177,-0.6135,-0.6097,-0.9235,-0.9777,-1.0252,-1.0358,-1.0001,-0.9789,-1.0669,-1.3323,-1.4769,-1.1398,-0.8262,-0.6647,-0.5856,-0.5505,-0.5522,-0.6008,-0.7082,-0.8797,-1.0744,-1.0621,-0.8291,-0.4873,-0.3964,-0.5181,-0.6022,-0.6374,-0.6483,-0.6487,-0.6449,-0.6395,-0.6334,-0.6274,-0.6216,-0.6161,-0.6112,-0.6068,-0.9602,-1.0479,-1.1521,-1.1964,-1.0953,-0.9804,-0.9848,-1.1477,-1.2285,-0.955,-0.7097,-0.5836,-0.5145,-0.4698,-0.4524,-0.4977,-0.6302,-0.8243,-1.0042,-1.0928,-1.2526,-1.171,-0.9067,-0.7722,-0.7209,-0.6952,-0.6779,-0.6644,-0.6532,-0.6435,-0.6348,-0.6269,-0.6198,-0.6134,-0.6077,-0.6028,-0.9764,-1.0877,-1.2593,-1.3878,-1.185,-0.9613,-0.8491,-0.8051,-0.736,-0.6143,-0.5321,-0.484,-0.4352,-0.3664,-0.2782,-0.2873,-0.4849,-0.7298,-0.9548,-1.2729,-1.8624,-1.7326,-1.2084,-0.9282,-0.7984,-0.7333,-0.6967,-0.6736,-0.6573,-0.6447,-0.6341,-0.6247,-0.6164,-0.6091,-0.6027,-0.5974,-0.9603,-1.0545,-1.1782,-1.2476,-1.0976,-0.9082,-0.7398,-0.574,-0.3624,-0.2648,-0.353,-0.3974,-0.371,-0.2746,-0.0026,0.1422,-0.3197,-0.6834,-0.9337,-1.2259,-1.6297,-1.5637,-1.1896,-0.9431,-0.8105,-0.7388,-0.6981,-0.6732,-0.656,-0.6425,-0.6308,-0.6204,-0.611,-0.6028,-0.5958,-0.5902,-0.9214,-0.9853,-1.0449,-1.0756,-1.0426,-0.864,-0.6827,-0.4846,-0.0441,0.175,-0.2256,-0.3502,-0.3335,-0.2609,-0.0306,0.1515,-0.3919,-0.7966,-1.0033,-1.0994,-1.1841,-1.1551,-1.0079,-0.8661,-0.7707,-0.7146,-0.6831,-0.6639,-0.6496,-0.637,-0.6251,-0.6137,-0.6031,-0.5939,-0.5863,-0.5806,-0.8745,-0.9207,-0.975,-1.0387,-0.9987,-0.8127,-0.6842,-0.6143,-0.3274,-0.0888,-0.2897,-0.3501,-0.3044,-0.2145,-0.2574,-0.3789,-0.7131,-1.2296,-1.3827,-1.1668,-1.0226,-0.9358,-0.8494,-0.768,-0.7071,-0.6726,-0.6578,-0.6494,-0.6405,-0.6297,-0.6173,-0.6043,-0.592,-0.5815,-0.5734,-0.5678,-0.8249,-0.8541,-0.8837,-0.8973,-0.8474,-0.7499,-0.7092,-0.7047,-0.6924,-0.4596,-0.3952,-0.3723,-0.3182,-0.1886,-0.2804,-0.5292,-0.9141,-2.0826,-2.1354,-1.2887,-0.9436,-0.7997,-0.7279,-0.6812,-0.6452,-0.6282,-0.6316,-0.6355,-0.6321,-0.622,-0.6076,-0.5916,-0.5764,-0.5641,-0.5555,-0.5507,-0.7769,-0.79,-0.7966,-0.786,-0.7495,-0.7068,-0.7046,-0.7708,-0.7025,-0.5188,-0.4254,-0.3881,-0.3654,-0.2359,-0.4163,-0.5603,-0.815,-1.4749,-1.6087,-1.0837,-0.7645,-0.6334,-0.6072,-0.6131,-0.6114,-0.6044,-0.6169,-0.6288,-0.6277,-0.6153,-0.5957,-0.5736,-0.5535,-0.5387,-0.5304,-0.5276,-0.7344,-0.7368,-0.7322,-0.7169,-0.6913,-0.6657,-0.6532,-0.6423,-0.5805,-0.4812,-0.4154,-0.3902,-0.3366,-0.2166,-0.4791,-0.6071,-1.3864,-1.0557,-0.9379,-0.6812,-0.4123,-0.3583,-0.455,-0.5486,-0.5982,-0.609,-0.6224,-0.6349,-0.6309,-0.6106,-0.5797,-0.5462,-0.5179,-0.5005,-0.4943,-0.4966,-0.6993,-0.6958,-0.6868,-0.6711,-0.6501,-0.627,-0.6032,-0.5701,-0.5137,-0.4348,-0.3487,-0.3906,-0.4008,-0.4069,-0.5384,-0.8353,-1.2075,-0.8678,-0.6058,-0.3053,0.1479,0.0457,-0.2906,-0.4852,-0.5844,-0.6297,-0.6547,-0.6629,-0.6465,-0.608,-0.5553,-0.5007,-0.4594,-0.4408,-0.4424,-0.4556,-0.6711,-0.6646,-0.6539,-0.6387,-0.6196,-0.5971,-0.5706,-0.5364,-0.4903,-0.4304,-0.3661,-0.4048,-0.4995,-0.5461,-0.5485,-0.6376,-0.6655,-0.4732,-0.2525,-0.1197,0.2451,0.1174,-0.2473,-0.4723,-0.6119,-0.6993,-0.7382,-0.728,-0.6808,-0.6073,-0.5148,-0.4216,-0.36,-0.3475,-0.3699,-0.4043,-0.6489,-0.6409,-0.6298,-0.6153,-0.5977,-0.5769,-0.5526,-0.524,-0.4913,-0.4585,-0.4402,-0.4621,-0.5325,-0.5548,-0.5241,-0.5142,-0.4258,-0.066,0.294,-0.0118,-0.0766,-0.1509,-0.3348,-0.5265,-0.7072,-0.8616,-0.9108,-0.8432,-0.7351,-0.6072,-0.4508,-0.2881,-0.1963,-0.2115,-0.2793,-0.3484,-0.6314,-0.6229,-0.612,-0.5985,-0.5826,-0.5643,-0.5439,-0.5217,-0.4995,-0.4812,-0.4738,-0.483,-0.5028,-0.5088,-0.4986,-0.4912,-0.3701,-0.0602,0.1639,-0.0017,-0.1444,-0.2732,-0.4205,-0.6013,-0.8353,-1.1104,-1.1707,-0.9782,-0.7936,-0.6104,-0.3781,-0.1122,0.0159,-0.0616,-0.1959,-0.3033,-0.6176,-0.6092,-0.5988,-0.5865,-0.5724,-0.5568,-0.5401,-0.523,-0.5072,-0.495,-0.489,-0.4899,-0.4932,-0.4917,-0.4869,-0.4735,-0.3695,-0.1827,0.0104,0.0679,-0.1483,-0.3255,-0.4729,-0.6433,-0.8791,-1.1674,-1.2284,-1.0189,-0.8269,-0.6259,-0.3631,-0.0413,0.1062,-0.007,-0.1698,-0.2902,-0.6068,-0.5987,-0.589,-0.578,-0.5657,-0.5525,-0.5387,-0.5252,-0.513,-0.5033,-0.4968,-0.493,-0.4894,-0.4823,-0.4689,-0.4391,-0.3681,-0.2516,-0.1168,-0.0901,-0.2393,-0.3898,-0.5029,-0.6377,-0.8292,-1.0195,-1.1111,-1.0274,-0.8321,-0.6477,-0.4403,-0.195,-0.0632,-0.1142,-0.2237,-0.3165,-0.5984,-0.5907,-0.5819,-0.572,-0.5613,-0.55,-0.5385,-0.5274,-0.5172,-0.5086,-0.5015,-0.4953,-0.4883,-0.4779,-0.4612,-0.4326,-0.3859,-0.3245,-0.2731,-0.2816,-0.3669,-0.4599,-0.5061,-0.5987,-0.7707,-0.9798,-1.1736,-1.0333,-0.758,-0.6304,-0.5224,-0.3835,-0.2854,-0.2749,-0.316,-0.3669,-0.5918,-0.5846,-0.5766,-0.5678,-0.5585,-0.5487,-0.5389,-0.5294,-0.5205,-0.5125,-0.5052,-0.4979,-0.4896,-0.4786,-0.463,-0.4411,-0.4126,-0.3831,-0.3675,-0.3852,-0.4387,-0.4871,-0.4934,-0.564,-0.7053,-0.8546,-0.9316,-0.781,-0.5623,-0.5631,-0.5526,-0.4875,-0.4237,-0.3954,-0.3997,-0.4199,-0.5867,-0.58,-0.5728,-0.5649,-0.5567,-0.5482,-0.5396,-0.5313,-0.5234,-0.5159,-0.5087,-0.5012,-0.4929,-0.4828,-0.4702,-0.4549,-0.4383,-0.4248,-0.4221,-0.4373,-0.4676,-0.4942,-0.5125,-0.5668,-0.6563,-0.7358,-0.7489,-0.6481,-0.5341,-0.5474,-0.56,-0.5317,-0.4936,-0.4678,-0.4595,-0.4637]},{"header":{"la1":42.85,"la2":41.18,"lo1":11.55,"lo2":14.05,"nx":36,"ny":24,"dx":0.07143,"dy":0.07261,"parameterCategory":2,"parameterNumber":3,"parameterNumberName":"northward_wind","parameterUnit":"m.s-1"},"data":[-0.7737,-0.7704,-0.7648,-0.7568,-0.7465,-0.7342,-0.7208,-0.7069,-0.693,-0.6786,-0.6626,-0.6436,-0.6208,-0.5939,-0.563,-0.5294,-0.4945,-0.4605,-0.4296,-0.4036,-0.3838,-0.3709,-0.3648,-0.3649,-0.3697,-0.3779,-0.388,-0.3991,-0.4108,-0.4226,-0.4343,-0.4457,-0.4568,-0.4675,-0.4777,-0.4874,-0.7877,-0.7849,-0.7792,-0.7701,-0.7577,-0.7426,-0.7262,-0.7103,-0.6961,-0.683,-0.6687,-0.6507,-0.6271,-0.5973,-0.5616,-0.5213,-0.4787,-0.4369,-0.3993,-0.3686,-0.3462,-0.3327,-0.3283,-0.3319,-0.3412,-0.3537,-0.3678,-0.3824,-0.397,-0.4113,-0.4251,-0.4385,-0.4512,-0.4634,-0.4748,-0.4856,-0.8034,-0.8016,-0.7959,-0.7855,-0.7698,-0.7495,-0.7271,-0.7069,-0.6924,-0.683,-0.6739,-0.6594,-0.6362,-0.6037,-0.5624,-0.5136,-0.4604,-0.4076,-0.3613,-0.3257,-0.3013,-0.2879,-0.2863,-0.2951,-0.3103,-0.3285,-0.3473,-0.3658,-0.3836,-0.4006,-0.4167,-0.432,-0.4465,-0.4601,-0.4729,-0.4848,-0.8211,-0.8212,-0.8164,-0.8045,-0.7839,-0.7544,-0.7196,-0.6885,-0.6726,-0.6729,-0.6764,-0.6702,-0.6497,-0.615,-0.5673,-0.5077,-0.4394,-0.3701,-0.312,-0.2735,-0.2511,-0.2396,-0.2415,-0.2569,-0.2793,-0.3036,-0.3275,-0.35,-0.3711,-0.3908,-0.4093,-0.4266,-0.4429,-0.4581,-0.4723,-0.4853,-0.841,-0.8447,-0.8423,-0.8299,-0.8032,-0.7591,-0.6986,-0.6383,-0.6158,-0.6416,-0.6749,-0.6852,-0.6698,-0.6336,-0.5796,-0.5073,-0.4176,-0.3201,-0.2416,-0.2074,-0.2028,-0.2022,-0.2061,-0.2239,-0.2511,-0.2808,-0.3094,-0.3358,-0.3601,-0.3824,-0.4033,-0.4227,-0.4408,-0.4577,-0.4732,-0.4875,-0.8625,-0.8725,-0.8765,-0.8665,-0.8345,-0.7721,-0.6672,-0.5318,-0.4812,-0.5783,-0.6755,-0.71,-0.6996,-0.6626,-0.6041,-0.5201,-0.4037,-0.2582,-0.1321,-0.1124,-0.1542,-0.193,-0.1942,-0.1999,-0.2272,-0.2611,-0.2939,-0.3238,-0.3509,-0.3758,-0.3989,-0.4205,-0.4406,-0.4592,-0.4762,-0.4916,-0.8836,-0.9041,-0.9217,-0.9206,-0.8856,-0.8115,-0.6697,-0.4247,-0.3083,-0.5361,-0.7079,-0.7545,-0.742,-0.7044,-0.6472,-0.559,-0.4219,-0.2264,-0.0305,-0.026,-0.067,-0.1116,-0.1425,-0.1649,-0.2029,-0.244,-0.2813,-0.3143,-0.3439,-0.3711,-0.3966,-0.4204,-0.4426,-0.463,-0.4816,-0.4982,-0.8996,-0.9337,-0.9784,-0.9991,-0.9534,-0.882,-0.7766,-0.5921,-0.5071,-0.6913,-0.8137,-0.8254,-0.7958,-0.7592,-0.7165,-0.6393,-0.4973,-0.2961,-0.1065,-0.0117,0.1535,0.1482,-0.0003,-0.1063,-0.1773,-0.23,-0.2718,-0.3071,-0.3389,-0.3684,-0.3964,-0.4228,-0.4474,-0.4699,-0.4901,-0.5079,-0.9027,-0.9426,-1.0204,-1.0876,-0.9969,-0.9442,-0.9378,-0.9278,-0.9536,-1.0059,-0.9838,-0.9127,-0.8508,-0.8219,-0.8259,-0.7863,-0.6238,-0.4117,-0.1969,0.0955,0.5834,0.4936,0.1285,-0.0639,-0.1622,-0.222,-0.2654,-0.3018,-0.3354,-0.3676,-0.3987,-0.4282,-0.4557,-0.4807,-0.5027,-0.5215,-0.889,-0.9073,-0.944,-0.9702,-0.9003,-0.9607,-1.0788,-1.2074,-1.3733,-1.4089,-1.1896,-0.9916,-0.89,-0.8722,-0.9874,-1.0596,-0.7569,-0.4997,-0.2829,0.0082,0.3829,0.3488,0.084,-0.0799,-0.1675,-0.2206,-0.2604,-0.2965,-0.3324,-0.3683,-0.4037,-0.4375,-0.4687,-0.4965,-0.5204,-0.5402,-0.8695,-0.852,-0.7807,-0.5912,-0.6402,-0.9565,-1.2121,-1.4139,-1.765,-1.9518,-1.3561,-1.0237,-0.9019,-0.8796,-0.972,-1.0657,-0.7349,-0.5161,-0.366,-0.1959,-0.0275,0.0121,-0.0575,-0.1316,-0.1823,-0.218,-0.2511,-0.2879,-0.3285,-0.3706,-0.4124,-0.4521,-0.4881,-0.5194,-0.5452,-0.5655,-0.861,-0.8339,-0.7527,-0.6051,-0.6769,-1.0483,-1.3843,-1.5839,-1.653,-1.6859,-1.2611,-0.9858,-0.8997,-0.9227,-0.8557,-0.7167,-0.5642,-0.4817,-0.4247,-0.3117,-0.2042,-0.1494,-0.1472,-0.1662,-0.1832,-0.1992,-0.2285,-0.2724,-0.3232,-0.3755,-0.4267,-0.4745,-0.5168,-0.552,-0.5795,-0.5993,-0.8672,-0.8565,-0.8315,-0.8207,-0.9276,-1.1879,-1.5095,-1.8007,-1.6075,-1.3471,-1.0875,-0.922,-0.8793,-0.9542,-0.839,-0.4918,-0.3722,-0.5148,-0.5166,-0.3374,-0.2298,-0.1748,-0.161,-0.1637,-0.1564,-0.1509,-0.1875,-0.2511,-0.3191,-0.386,-0.45,-0.5089,-0.5593,-0.599,-0.6271,-0.6447,-0.8787,-0.8867,-0.9008,-0.9419,-1.0431,-1.215,-1.4272,-1.5876,-1.49,-1.2008,-0.9906,-0.8876,-0.8694,-0.8642,-0.5441,-0.107,-0.0502,-0.2718,-0.3642,-0.2492,-0.1416,-0.0953,-0.1116,-0.1374,-0.124,-0.0984,-0.1517,-0.2381,-0.3237,-0.4071,-0.488,-0.5619,-0.6231,-0.6672,-0.6935,-0.7051,-0.8862,-0.9042,-0.9318,-0.9787,-1.0539,-1.1552,-1.2587,-1.3063,-1.2222,-1.0599,-0.9456,-0.8773,-0.8223,-0.802,-0.4107,0.0464,0.9293,0.1495,-0.1309,-0.0714,0.1202,0.1381,0.004,-0.099,-0.1272,-0.1224,-0.1678,-0.249,-0.3424,-0.4438,-0.548,-0.6445,-0.7204,-0.7674,-0.7863,-0.7848,-0.8863,-0.9066,-0.9342,-0.9722,-1.021,-1.074,-1.1135,-1.1119,-1.0547,-0.9823,-0.9757,-0.8973,-0.8526,-0.7425,-0.4531,0.0908,0.6339,0.1107,-0.1136,0.1174,0.7362,0.5963,0.1548,-0.0545,-0.128,-0.1547,-0.1929,-0.2642,-0.3682,-0.4973,-0.6397,-0.774,-0.8717,-0.9164,-0.915,-0.8873,-0.8795,-0.898,-0.9206,-0.9475,-0.9766,-1.0021,-1.014,-1.0028,-0.9709,-0.9451,-0.9598,-0.9176,-0.9693,-0.9766,-0.6138,-0.3183,-0.1739,-0.303,-0.3859,-0.0046,0.8175,0.6436,0.1582,-0.0478,-0.1073,-0.1171,-0.1482,-0.2389,-0.3828,-0.5653,-0.7754,-0.9786,-1.1105,-1.1364,-1.0871,-1.0115,-0.868,-0.883,-0.8998,-0.9175,-0.9338,-0.945,-0.9465,-0.936,-0.9174,-0.902,-0.8944,-0.8939,-0.9856,-0.9831,-0.7174,-0.5797,-0.5107,-0.7023,-0.9853,-0.474,-0.0006,0.1014,-0.0167,-0.0862,-0.0552,0.0397,0.0388,-0.1366,-0.3758,-0.6434,-0.9615,-1.2905,-1.4752,-1.4396,-1.2938,-1.144,-0.8537,-0.8651,-0.8768,-0.8877,-0.8961,-0.9001,-0.8974,-0.888,-0.8742,-0.8602,-0.8483,-0.8418,-0.842,-0.8,-0.7573,-0.762,-0.6411,-0.7262,-0.8472,-0.5914,-0.3642,-0.2176,-0.1736,-0.1313,0.0231,0.3607,0.431,0.0057,-0.3773,-0.7236,-1.1588,-1.6692,-1.919,-1.7594,-1.48,-1.2512,-0.8382,-0.8463,-0.8539,-0.8601,-0.8637,-0.8636,-0.8589,-0.8497,-0.8372,-0.8229,-0.8078,-0.7916,-0.7707,-0.7425,-0.7411,-0.7371,-0.6511,-0.6251,-0.6082,-0.5953,-0.466,-0.3341,-0.2589,-0.1886,-0.0178,0.3922,0.4875,-0.0989,-0.4694,-0.794,-1.2392,-1.8218,-2.0999,-1.8759,-1.5442,-1.2904,-0.8225,-0.8279,-0.8324,-0.8353,-0.8358,-0.8333,-0.8273,-0.8179,-0.8055,-0.7908,-0.7738,-0.7543,-0.7315,-0.7079,-0.6899,-0.6644,-0.6199,-0.5846,-0.5673,-0.5421,-0.4446,-0.3361,-0.2785,-0.2559,-0.2222,-0.2339,-0.4906,-0.5496,-0.6626,-0.8684,-1.1609,-1.5582,-1.7833,-1.6746,-1.4477,-1.2482,-0.8072,-0.8105,-0.8127,-0.8132,-0.8117,-0.8076,-0.8007,-0.791,-0.7786,-0.7637,-0.7464,-0.7265,-0.7043,-0.6809,-0.6566,-0.628,-0.5933,-0.5583,-0.5237,-0.4715,-0.3714,-0.241,-0.2008,-0.2732,-0.3696,-0.5493,-0.7854,-0.7658,-0.9103,-1.0123,-1.0943,-1.2584,-1.3892,-1.3796,-1.2774,-1.1573,-0.7926,-0.7943,-0.7947,-0.7936,-0.7906,-0.7855,-0.778,-0.7681,-0.7558,-0.7411,-0.7241,-0.7049,-0.6836,-0.6605,-0.6355,-0.6073,-0.5754,-0.5396,-0.4963,-0.4313,-0.3182,-0.1539,-0.11,-0.2581,-0.4188,-0.5832,-0.7367,-0.9538,-1.2958,-1.2371,-1.1136,-1.114,-1.1575,-1.1646,-1.1242,-1.0597,-0.779,-0.7793,-0.7785,-0.7762,-0.7723,-0.7664,-0.7586,-0.7486,-0.7365,-0.7223,-0.7061,-0.6878,-0.6676,-0.6455,-0.6213,-0.5946,-0.5646,-0.5299,-0.4867,-0.4265,-0.338,-0.2353,-0.2135,-0.3148,-0.4537,-0.6015,-0.7785,-1.0612,-1.3464,-1.2733,-1.1127,-1.0471,-1.0383,-1.034,-1.013,-0.9769]}]