docs/data/wind_grid.json
[{"header":{"la1":42.85,"la2":41.18,"lo1":11.55,"lo2":14.05,"nx":36,"ny":24,"dx":0.07143,"dy":0.07261,"parameterCategory":2,"parameterNumber":2,"parameterNumberName":"eastward_wind","parameterUnit":"m.s-1"},"data":[-0.0208,-0.0267,-0.0313,-0.035,-0.0379,-0.0403,-0.0421,-0.0432,-0.0439,-0.045,-0.0485,-0.0564,-0.0704,-0.0911,-0.1177,-0.1477,-0.1771,-0.2002,-0.2115,-0.2083,-0.1925,-0.1701,-0.1476,-0.1284,-0.1125,-0.0983,-0.0847,-0.0713,-0.0582,-0.0455,-0.0335,-0.0223,-0.0119,-0.0024,0.0063,0.0142,-0.0366,-0.0436,-0.049,-0.0529,-0.0561,-0.0589,-0.0612,-0.062,-0.0607,-0.0581,-0.0576,-0.0632,-0.078,-0.1034,-0.1386,-0.1808,-0.2241,-0.2588,-0.2739,-0.2627,-0.2295,-0.1888,-0.1551,-0.1329,-0.1181,-0.1053,-0.0923,-0.0784,-0.0644,-0.0506,-0.0376,-0.0255,-0.0144,-0.0044,0.0047,0.0129,-0.0561,-0.0649,-0.0712,-0.0754,-0.0789,-0.0831,-0.0879,-0.0904,-0.0868,-0.0774,-0.0686,-0.0686,-0.0827,-0.1133,-0.16,-0.2203,-0.2868,-0.3436,-0.367,-0.3386,-0.266,-0.1867,-0.1378,-0.1208,-0.1158,-0.1094,-0.0987,-0.0849,-0.0699,-0.055,-0.041,-0.0281,-0.0164,-0.0059,0.0035,0.012,-0.0804,-0.0921,-0.0999,-0.1039,-0.1072,-0.1139,-0.126,-0.1366,-0.1323,-0.1095,-0.0832,-0.0712,-0.0822,-0.1181,-0.179,-0.2649,-0.3705,-0.4732,-0.5217,-0.4596,-0.2926,-0.1239,-0.0622,-0.0809,-0.1054,-0.1121,-0.105,-0.0912,-0.075,-0.0588,-0.0436,-0.0299,-0.0177,-0.0068,0.0028,0.0114,-0.1111,-0.128,-0.1383,-0.1412,-0.1414,-0.1503,-0.1789,-0.2167,-0.2196,-0.1664,-0.102,-0.0681,-0.0732,-0.1141,-0.1903,-0.3076,-0.4742,-0.6752,-0.8103,-0.7001,-0.3153,0.0711,0.1081,-0.0214,-0.098,-0.119,-0.1134,-0.0977,-0.0794,-0.0616,-0.0454,-0.031,-0.0183,-0.0073,0.0025,0.011,-0.1491,-0.1757,-0.1925,-0.1934,-0.1829,-0.1858,-0.2397,-0.3507,-0.3901,-0.2585,-0.1166,-0.0516,-0.0517,-0.0984,-0.187,-0.3315,-0.5705,-0.951,-1.3577,-1.2355,-0.4877,0.219,0.2085,-0.0241,-0.1206,-0.1373,-0.125,-0.1044,-0.083,-0.0633,-0.046,-0.0311,-0.0183,-0.0072,0.0024,0.0109,-0.1937,-0.2375,-0.2707,-0.2735,-0.2392,-0.2093,-0.2643,-0.4725,-0.5904,-0.3194,-0.0899,-0.0091,-0.0153,-0.0719,-0.1675,-0.3165,-0.5838,-1.1111,-1.9188,-1.8344,-0.879,-0.2704,-0.1176,-0.1689,-0.1843,-0.1661,-0.1379,-0.1099,-0.0849,-0.0636,-0.0455,-0.0304,-0.0176,-0.0068,0.0026,0.0108,-0.2395,-0.3075,-0.3725,-0.3941,-0.3241,-0.2221,-0.1962,-0.3129,-0.3769,-0.1496,0.0258,0.0677,0.0338,-0.0441,-0.1488,-0.2738,-0.4731,-0.8656,-1.3938,-1.367,-1.0321,-0.798,-0.5108,-0.3437,-0.2523,-0.1914,-0.1466,-0.112,-0.0845,-0.0622,-0.044,-0.029,-0.0166,-0.0062,0.0026,0.0104,-0.2764,-0.3652,-0.4536,-0.4961,-0.4135,-0.2378,-0.0853,0.0003,0.0845,0.1873,0.2126,0.1691,0.0891,-0.03,-0.1829,-0.285,-0.347,-0.5164,-0.7585,-0.9575,-1.3057,-1.1854,-0.7084,-0.4256,-0.2796,-0.1978,-0.1463,-0.1099,-0.082,-0.0596,-0.0417,-0.0272,-0.0156,-0.006,0.0022,0.0095,-0.2967,-0.4029,-0.5017,-0.5443,-0.5185,-0.2709,0.0075,0.246,0.5018,0.5973,0.4317,0.2734,0.1499,-0.0153,-0.3392,-0.5098,-0.3028,-0.2964,-0.4334,-0.6894,-1.0591,-0.9906,-0.6259,-0.3836,-0.2541,-0.1834,-0.1393,-0.1062,-0.0791,-0.0569,-0.0394,-0.0257,-0.0151,-0.0065,0.0008,0.0074,-0.2952,-0.4301,-0.6433,-1.0063,-0.9098,-0.3271,0.0771,0.3746,0.8965,1.1501,0.6092,0.3484,0.2184,0.0848,-0.2473,-0.49,-0.1993,-0.1419,-0.2049,-0.3397,-0.4942,-0.5035,-0.3804,-0.2666,-0.2018,-0.1672,-0.1385,-0.108,-0.0792,-0.0555,-0.0378,-0.0251,-0.0159,-0.0087,-0.0025,0.0035,-0.2595,-0.3952,-0.6247,-0.9537,-0.831,-0.2286,0.1389,0.2891,0.6056,0.8462,0.5523,0.3837,0.278,0.2,0.1266,0.0147,-0.0037,-0.0463,-0.0806,-0.1072,-0.1551,-0.177,-0.1644,-0.157,-0.1753,-0.1901,-0.1682,-0.1246,-0.0844,-0.0557,-0.0373,-0.0261,-0.019,-0.0137,-0.0087,-0.0031,-0.1881,-0.2807,-0.3989,-0.4796,-0.3411,-0.027,0.1805,0.1997,0.2829,0.4529,0.4671,0.4576,0.3775,0.2196,0.2101,0.1715,0.1013,-0.1069,-0.1189,0.0107,0.0406,0.0287,-0.0116,-0.0966,-0.2321,-0.312,-0.2504,-0.1558,-0.0914,-0.0556,-0.0378,-0.0299,-0.0262,-0.0234,-0.0195,-0.0139,-0.1001,-0.1445,-0.1781,-0.1628,-0.0584,0.0969,0.2054,0.2295,0.2844,0.414,0.486,0.5736,0.5748,0.304,0.2645,0.2039,0.175,0.0527,0.0273,0.1494,0.2152,0.2067,0.1219,-0.0517,-0.3329,-0.4888,-0.3316,-0.1705,-0.0876,-0.0517,-0.0397,-0.0385,-0.0405,-0.0409,-0.0375,-0.0305,-0.0159,-0.0284,-0.0241,0.0117,0.0845,0.174,0.2477,0.3013,0.3791,0.4962,0.5811,0.5677,0.4679,0.3993,0.3027,0.2025,0.1497,0.215,0.264,0.3581,0.4518,0.4284,0.2838,0.0667,-0.2137,-0.365,-0.2519,-0.1248,-0.0631,-0.0437,-0.046,-0.057,-0.0674,-0.071,-0.0663,-0.0551,0.0555,0.0601,0.0785,0.1156,0.1707,0.2352,0.2999,0.3693,0.4663,0.6238,0.8656,0.6966,0.5843,0.4557,0.3859,0.2937,0.2309,0.3499,0.4651,0.5848,0.7728,0.7002,0.4546,0.231,0.0362,-0.0729,-0.0714,-0.0403,-0.0283,-0.0384,-0.0638,-0.0941,-0.1164,-0.1216,-0.1105,-0.0897,0.113,0.1259,0.1491,0.1841,0.2301,0.2839,0.3437,0.4142,0.5082,0.6483,0.8291,0.7144,0.6016,0.5729,0.5321,0.5048,0.5091,0.6249,0.7465,0.7541,0.8383,0.7664,0.5414,0.3439,0.1923,0.0991,0.0541,0.026,-0.0045,-0.0461,-0.1024,-0.1634,-0.2029,-0.2033,-0.1742,-0.1343,0.1585,0.1753,0.1997,0.2323,0.2727,0.3198,0.3733,0.4352,0.5082,0.5892,0.6465,0.6355,0.6116,0.63,0.7824,0.8664,0.8049,0.9537,1.1559,0.9595,0.8259,0.7173,0.5634,0.3941,0.2497,0.1599,0.1094,0.0553,-0.0028,-0.0706,-0.1664,-0.2793,-0.3446,-0.323,-0.2547,-0.1838,0.1943,0.2128,0.237,0.2672,0.3033,0.3447,0.3912,0.4425,0.4973,0.5501,0.5903,0.6173,0.6601,0.807,1.3121,1.5296,1.0566,1.0552,1.1919,1.2276,1.0036,0.7835,0.6009,0.417,0.2477,0.1673,0.1467,0.0502,-0.0288,-0.105,-0.2377,-0.4264,-0.5253,-0.4544,-0.329,-0.2233,0.2227,0.2415,0.2649,0.2928,0.3252,0.3617,0.4018,0.4447,0.4889,0.5321,0.5733,0.6201,0.6996,0.8829,1.2638,1.3915,1.0998,1.1147,1.5149,1.7141,1.1885,0.8764,0.671,0.4526,0.2275,0.1372,0.1264,-0.0569,-0.0993,-0.1334,-0.2604,-0.4847,-0.6012,-0.5019,-0.3512,-0.2331,0.2451,0.2637,0.2859,0.3116,0.3408,0.3731,0.4081,0.4452,0.4835,0.5229,0.5651,0.6173,0.6951,0.819,0.9718,1.032,1.0019,1.075,1.3089,1.3836,1.1382,0.9694,0.8275,0.559,0.2103,-0.1316,-0.4959,-0.4102,-0.1982,-0.1343,-0.2024,-0.3608,-0.4578,-0.4062,-0.2998,-0.2051,0.2629,0.2809,0.3018,0.3255,0.3519,0.3807,0.4117,0.4445,0.4789,0.5154,0.5558,0.6042,0.6663,0.7435,0.8204,0.8693,0.901,0.9622,1.051,1.0861,1.086,1.2067,1.2133,0.8004,0.2659,-0.3003,-0.8379,-0.5663,-0.1666,-0.0715,-0.1068,-0.1951,-0.2617,-0.2585,-0.2101,-0.1525,0.277,0.2942,0.3137,0.3355,0.3595,0.3855,0.4133,0.4427,0.4738,0.507,0.5436,0.5852,0.6332,0.6859,0.7364,0.7784,0.8165,0.8618,0.9136,0.9707,1.1028,1.4294,1.5377,1.0029,0.4015,-0.0788,-0.3475,-0.1933,0.0483,0.0373,-0.0218,-0.0814,-0.1266,-0.1396,-0.124,-0.0946,0.288,0.3043,0.3225,0.3426,0.3645,0.388,0.413,0.4395,0.4675,0.4973,0.5294,0.5645,0.6024,0.6416,0.6796,0.7146,0.7484,0.7847,0.8277,0.8914,1.0172,1.2141,1.2366,0.8985,0.4719,0.1398,-0.0271,-0.0003,0.0817,0.0657,0.0222,-0.0161,-0.0452,-0.0588,-0.0562,-0.0426]},{"header":{"la1":42.85,"la2":41.18,"lo1":11.55,"lo2":14.05,"nx":36,"ny":24,"dx":0.07143,"dy":0.07261,"parameterCategory":2,"parameterNumber":3,"parameterNumberName":"northward_wind","parameterUnit":"m.s-1"},"data":[0.2339,0.2499,0.2673,0.2858,0.3045,0.3214,0.3335,0.3371,0.3294,0.3101,0.2814,0.2471,0.2103,0.1728,0.1352,0.0971,0.0578,0.0169,-0.0253,-0.0674,-0.1059,-0.1354,-0.1513,-0.153,-0.1441,-0.1301,-0.1154,-0.1025,-0.0923,-0.0849,-0.0801,-0.0774,-0.0763,-0.0764,-0.0773,-0.0788,0.2444,0.2638,0.2858,0.3108,0.3382,0.3659,0.389,0.4001,0.3932,0.3671,0.3269,0.2802,0.2327,0.187,0.1427,0.0984,0.0523,0.0032,-0.0499,-0.1064,-0.1614,-0.2037,-0.2217,-0.2143,-0.191,-0.1633,-0.1382,-0.1182,-0.1036,-0.0936,-0.0874,-0.084,-0.0827,-0.0828,-0.084,-0.0857,0.2539,0.2768,0.3039,0.3365,0.3761,0.4212,0.4649,0.4925,0.4885,0.4495,0.3877,0.3203,0.2578,0.2021,0.1509,0.1004,0.0473,-0.011,-0.0771,-0.1546,-0.2403,-0.3101,-0.3309,-0.3013,-0.2497,-0.1997,-0.1603,-0.1321,-0.1131,-0.1009,-0.0937,-0.0901,-0.089,-0.0895,-0.091,-0.0931,0.2621,0.2883,0.3199,0.3603,0.4149,0.4876,0.5712,0.6371,0.6427,0.5751,0.4694,0.3665,0.2831,0.2168,0.1596,0.1038,0.0437,-0.0235,-0.1017,-0.2049,-0.3487,-0.4856,-0.5072,-0.4204,-0.3149,-0.233,-0.1774,-0.1416,-0.1193,-0.106,-0.0988,-0.0956,-0.0951,-0.0964,-0.0986,-0.1013,0.2691,0.2984,0.3331,0.3784,0.4472,0.5578,0.7173,0.8778,0.9144,0.7741,0.5733,0.4119,0.3033,0.2288,0.1691,0.1101,0.0431,-0.0339,-0.1168,-0.231,-0.4645,-0.7635,-0.7659,-0.5479,-0.3643,-0.2506,-0.1835,-0.144,-0.1212,-0.1086,-0.1026,-0.1007,-0.1015,-0.1038,-0.1071,-0.1106,0.2754,0.309,0.3458,0.389,0.4597,0.6053,0.884,1.2678,1.4037,1.0648,0.6741,0.4366,0.3098,0.236,0.1805,0.1228,0.049,-0.0447,-0.1318,-0.2004,-0.455,-0.9278,-0.8979,-0.5717,-0.3557,-0.2381,-0.1737,-0.1379,-0.1185,-0.1089,-0.1053,-0.1057,-0.1083,-0.1123,-0.1168,-0.1213,0.2812,0.3242,0.3688,0.4032,0.4458,0.581,0.9403,1.6165,1.944,1.2635,0.6774,0.4098,0.2953,0.2382,0.1959,0.1465,0.0726,-0.0406,-0.1642,-0.1714,-0.2538,-0.5105,-0.56,-0.4053,-0.2742,-0.1947,-0.1495,-0.1248,-0.1124,-0.1078,-0.108,-0.1113,-0.1165,-0.1224,-0.1285,-0.1341,0.2827,0.3438,0.4211,0.462,0.4309,0.469,0.7112,1.2018,1.4239,0.9082,0.4879,0.3203,0.2638,0.2395,0.2168,0.1827,0.1235,0.0275,-0.0765,-0.0794,-0.026,-0.0798,-0.1807,-0.1963,-0.1681,-0.139,-0.1196,-0.1093,-0.1057,-0.1071,-0.1118,-0.1187,-0.1267,-0.1351,-0.1429,-0.1498,0.2692,0.3437,0.4768,0.5847,0.4304,0.3229,0.3542,0.4416,0.4167,0.2611,0.1893,0.2047,0.2351,0.2488,0.2401,0.2205,0.1852,0.1231,0.0642,0.0698,0.1698,0.1363,0.003,-0.0656,-0.0877,-0.0929,-0.0945,-0.097,-0.1016,-0.1087,-0.118,-0.1289,-0.1403,-0.1514,-0.1612,-0.1692,0.2314,0.2819,0.3665,0.4194,0.2704,0.1592,0.0695,-0.0614,-0.2933,-0.3699,-0.1135,0.1143,0.2349,0.277,0.2494,0.2234,0.2318,0.1932,0.1444,0.1238,0.149,0.1279,0.0505,-0.0092,-0.0459,-0.0683,-0.0824,-0.0928,-0.1028,-0.1144,-0.1282,-0.1433,-0.1587,-0.1728,-0.1847,-0.1938,0.1797,0.187,0.1608,0.0525,0.0449,0.0146,-0.1243,-0.3306,-0.8371,-1.1088,-0.3313,0.0995,0.2834,0.3467,0.2974,0.2421,0.2781,0.2358,0.1823,0.1478,0.126,0.0984,0.0537,0.0043,-0.0392,-0.0704,-0.0886,-0.0996,-0.1105,-0.1251,-0.1433,-0.1636,-0.1837,-0.2015,-0.2156,-0.2253,0.1338,0.1206,0.0819,0.0246,0.007,-0.0831,-0.26,-0.4065,-0.6053,-0.7352,-0.1957,0.1827,0.37,0.4556,0.446,0.4124,0.3565,0.2217,0.153,0.1528,0.1329,0.0975,0.0504,-0.0076,-0.0677,-0.1078,-0.1182,-0.118,-0.1242,-0.1404,-0.1644,-0.1917,-0.2182,-0.2406,-0.2568,-0.2662,0.1002,0.0829,0.0544,0.0181,-0.0353,-0.1528,-0.3347,-0.4852,-0.4186,-0.2498,0.0372,0.2945,0.4358,0.4965,0.5221,0.5971,0.4872,0.0553,0.0111,0.1454,0.1416,0.1017,0.0446,-0.0365,-0.1381,-0.1951,-0.1724,-0.1425,-0.1395,-0.1594,-0.1929,-0.2312,-0.267,-0.295,-0.3125,-0.3198,0.0767,0.0588,0.0326,-0.0048,-0.0634,-0.1585,-0.2866,-0.3979,-0.3297,-0.0989,0.1344,0.354,0.4548,0.8141,0.703,0.9941,0.8003,0.327,0.1608,0.18,0.151,0.1065,0.0442,-0.0566,-0.2111,-0.2946,-0.2179,-0.1553,-0.1496,-0.1812,-0.2324,-0.2888,-0.3384,-0.3729,-0.3895,-0.3905,0.0607,0.0435,0.0196,-0.0134,-0.0588,-0.118,-0.1799,-0.2078,-0.1446,-0.0187,0.0957,0.2408,0.4656,0.6883,0.7346,1.0883,0.9367,0.5807,0.3146,0.2017,0.154,0.1173,0.0584,-0.031,-0.1587,-0.232,-0.1775,-0.1334,-0.1484,-0.2074,-0.2903,-0.3769,-0.447,-0.4875,-0.4971,-0.4837,0.0505,0.0352,0.0154,-0.0095,-0.0392,-0.0702,-0.0923,-0.0885,-0.0513,-0.0233,-0.0999,0.0785,0.1948,0.3839,0.5011,0.6858,0.7608,0.4787,0.2456,0.1566,0.1743,0.1496,0.0783,0.0178,-0.0375,-0.0686,-0.0623,-0.0726,-0.1341,-0.2423,-0.3798,-0.5176,-0.6188,-0.6601,-0.6476,-0.6041,0.0443,0.0317,0.0165,-0.0008,-0.0187,-0.0338,-0.0403,-0.0336,-0.019,-0.0265,-0.0894,-0.0043,-0.0878,-0.1444,0.1432,0.2642,0.2848,0.1431,0.0074,0.0436,0.1653,0.1401,0.0722,0.0543,0.0722,0.1043,0.1048,0.034,-0.1025,-0.2904,-0.5193,-0.7479,-0.8967,-0.9196,-0.8515,-0.751,0.0406,0.0306,0.0193,0.0076,-0.0032,-0.0109,-0.0131,-0.0096,-0.0049,-0.0083,-0.0189,-0.04,-0.1878,-0.2513,-0.2588,-0.2932,-0.1352,-0.1934,-0.3452,-0.1639,-0.0254,0.0197,0.0296,0.0796,0.2037,0.3725,0.4013,0.2127,-0.0511,-0.3519,-0.7209,-1.1117,-1.3321,-1.284,-1.0994,-0.9087,0.0382,0.0303,0.022,0.0138,0.0067,0.0018,-0.0002,-0.0002,-0.0009,-0.0067,-0.0226,-0.0629,-0.1522,-0.3355,-0.953,-1.2282,-0.4867,-0.3013,-0.3503,-0.3284,-0.2029,-0.1024,-0.0315,0.0862,0.3483,0.8043,0.902,0.419,-0.014,-0.4161,-0.9395,-1.5656,-1.8743,-1.6746,-1.3242,-1.0356,0.0363,0.03,0.0235,0.0173,0.0119,0.0077,0.0046,0.0015,-0.0037,-0.0148,-0.0381,-0.0856,-0.1829,-0.4055,-0.8841,-1.0337,-0.5436,-0.3554,-0.4713,-0.5491,-0.3268,-0.2044,-0.1197,0.024,0.3194,0.8598,0.9817,0.3418,-0.0746,-0.4603,-1.0134,-1.7479,-2.0989,-1.8165,-1.3984,-1.0778,0.0344,0.0291,0.0238,0.0186,0.0138,0.0093,0.0048,-0.0008,-0.0095,-0.0245,-0.0512,-0.0984,-0.1816,-0.3219,-0.4955,-0.5356,-0.4121,-0.345,-0.4005,-0.4265,-0.3483,-0.319,-0.2777,-0.137,0.0656,0.1842,-0.0127,-0.0843,-0.2324,-0.4873,-0.8733,-1.3978,-1.6923,-1.556,-1.2691,-1.0171,0.0323,0.0277,0.023,0.0182,0.0135,0.0085,0.0028,-0.0046,-0.0154,-0.0321,-0.0581,-0.0983,-0.1577,-0.235,-0.307,-0.3317,-0.3108,-0.2987,-0.3188,-0.3445,-0.3964,-0.5353,-0.5693,-0.358,-0.161,-0.1445,-0.2773,-0.2773,-0.4288,-0.5571,-0.7172,-0.9765,-1.1693,-1.168,-1.0432,-0.8936,0.03,0.0258,0.0213,0.0167,0.0118,0.0063,-0.0003,-0.0088,-0.0204,-0.0368,-0.06,-0.0919,-0.1329,-0.1789,-0.2187,-0.2412,-0.249,-0.2588,-0.2834,-0.3344,-0.4587,-0.7049,-0.7795,-0.5031,-0.2877,-0.2373,-0.2895,-0.4538,-0.7183,-0.691,-0.6611,-0.7466,-0.8467,-0.8777,-0.8373,-0.7612,0.0275,0.0234,0.0191,0.0145,0.0093,0.0035,-0.0036,-0.0125,-0.0241,-0.0394,-0.0593,-0.0844,-0.1139,-0.1448,-0.1727,-0.1941,-0.211,-0.2306,-0.2621,-0.3199,-0.4283,-0.5778,-0.6116,-0.4655,-0.3328,-0.3002,-0.3667,-0.5545,-0.7563,-0.7127,-0.6346,-0.6389,-0.6772,-0.6985,-0.6864,-0.6486]}]