docs/data/wind_grid.json
[{"header":{"la1":42.85,"la2":41.18,"lo1":11.55,"lo2":14.05,"nx":36,"ny":24,"dx":0.07143,"dy":0.07261,"parameterCategory":2,"parameterNumber":2,"parameterNumberName":"eastward_wind","parameterUnit":"m.s-1"},"data":[-0.5965,-0.6015,-0.6047,-0.6061,-0.6057,-0.6035,-0.5993,-0.5925,-0.583,-0.5713,-0.559,-0.5482,-0.5407,-0.5373,-0.5377,-0.5403,-0.5422,-0.5396,-0.5289,-0.509,-0.4827,-0.4566,-0.4372,-0.4271,-0.4244,-0.4254,-0.4273,-0.4285,-0.4285,-0.4275,-0.4258,-0.4236,-0.4213,-0.4189,-0.4166,-0.4144,-0.6165,-0.6233,-0.6279,-0.6302,-0.6307,-0.6295,-0.6262,-0.6193,-0.6075,-0.5912,-0.5732,-0.5574,-0.5471,-0.5439,-0.5474,-0.5555,-0.5637,-0.5652,-0.5523,-0.5208,-0.4756,-0.4317,-0.4042,-0.397,-0.4024,-0.4115,-0.4191,-0.4237,-0.4256,-0.4254,-0.424,-0.4219,-0.4196,-0.4171,-0.4148,-0.4127,-0.6403,-0.6498,-0.6563,-0.6597,-0.6611,-0.662,-0.6618,-0.6572,-0.6435,-0.6197,-0.5914,-0.5668,-0.5516,-0.5482,-0.5565,-0.574,-0.5947,-0.6068,-0.5937,-0.5416,-0.4566,-0.3745,-0.3359,-0.3433,-0.3697,-0.3943,-0.4107,-0.4195,-0.4231,-0.4235,-0.4222,-0.4201,-0.4176,-0.4152,-0.4128,-0.4107,-0.6689,-0.6828,-0.6919,-0.6961,-0.6979,-0.7018,-0.7097,-0.7144,-0.7009,-0.6635,-0.6155,-0.5751,-0.5518,-0.5478,-0.5628,-0.595,-0.6386,-0.6771,-0.6752,-0.59,-0.4169,-0.2438,-0.1963,-0.2558,-0.3287,-0.378,-0.4048,-0.4173,-0.4218,-0.4221,-0.4205,-0.4181,-0.4154,-0.4129,-0.4106,-0.4085,-0.7038,-0.725,-0.7388,-0.7429,-0.7418,-0.7478,-0.7726,-0.8059,-0.8018,-0.7348,-0.6464,-0.5792,-0.5439,-0.5387,-0.5616,-0.6134,-0.6952,-0.7935,-0.845,-0.7254,-0.3713,0.023,0.0462,-0.1518,-0.2983,-0.3727,-0.4058,-0.4186,-0.422,-0.4211,-0.4187,-0.4157,-0.4129,-0.4103,-0.408,-0.4061,-0.7457,-0.7805,-0.8049,-0.8086,-0.7952,-0.7931,-0.8423,-0.9483,-0.9837,-0.8421,-0.6747,-0.5705,-0.5228,-0.5164,-0.5462,-0.6176,-0.7477,-0.9562,-1.1757,-1.0716,-0.485,0.2014,0.1784,-0.1424,-0.318,-0.3903,-0.4166,-0.4237,-0.4232,-0.42,-0.4163,-0.4127,-0.4097,-0.4072,-0.4051,-0.4033,-0.7926,-0.8523,-0.9037,-0.9134,-0.8686,-0.8271,-0.8754,-1.0727,-1.1848,-0.9156,-0.6627,-0.5354,-0.4832,-0.4772,-0.51,-0.5906,-0.7502,-1.0541,-1.5056,-1.4537,-0.8413,-0.3335,-0.2117,-0.3257,-0.4023,-0.4298,-0.4341,-0.4298,-0.4235,-0.4175,-0.4126,-0.4087,-0.4058,-0.4035,-0.4017,-0.4003,-0.8353,-0.9315,-1.0439,-1.0911,-0.9812,-0.8478,-0.8209,-0.9324,-0.9904,-0.7702,-0.5688,-0.4668,-0.4246,-0.4211,-0.4511,-0.5247,-0.6711,-0.9257,-1.2318,-1.2342,-1.0919,-0.9235,-0.6772,-0.5529,-0.5009,-0.4705,-0.4483,-0.4318,-0.4202,-0.4122,-0.4069,-0.4033,-0.4009,-0.3992,-0.398,-0.3971,-0.8557,-0.9774,-1.1604,-1.2954,-1.084,-0.8493,-0.7276,-0.6762,-0.6134,-0.508,-0.427,-0.3783,-0.3529,-0.3529,-0.376,-0.4305,-0.5568,-0.744,-0.9321,-1.1031,-1.4189,-1.3185,-0.9156,-0.677,-0.5548,-0.4872,-0.4474,-0.4238,-0.4102,-0.4027,-0.3986,-0.3964,-0.3952,-0.3944,-0.394,-0.3937,-0.841,-0.9457,-1.0792,-1.1532,-1.0021,-0.8126,-0.6538,-0.5128,-0.3469,-0.2608,-0.2894,-0.2905,-0.2727,-0.2765,-0.306,-0.327,-0.4716,-0.6618,-0.8251,-1.0031,-1.2526,-1.1898,-0.8902,-0.6729,-0.5425,-0.4658,-0.423,-0.4014,-0.3919,-0.3885,-0.3878,-0.3882,-0.3889,-0.3895,-0.3899,-0.3903,-0.8014,-0.876,-0.9469,-0.9892,-0.9562,-0.7813,-0.6236,-0.4669,-0.1361,0.0221,-0.1932,-0.2185,-0.1775,-0.1621,-0.2465,-0.31,-0.4856,-0.7282,-0.8669,-0.9026,-0.9255,-0.8724,-0.7281,-0.5818,-0.4715,-0.4029,-0.3711,-0.363,-0.3653,-0.3706,-0.3757,-0.3797,-0.3826,-0.3847,-0.3861,-0.3871,-0.7514,-0.8085,-0.8754,-0.9511,-0.913,-0.7397,-0.651,-0.622,-0.3619,-0.1465,-0.2072,-0.1671,-0.0711,0.0582,-0.0586,-0.3062,-0.6185,-1.1034,-1.2365,-0.9822,-0.7995,-0.6838,-0.5727,-0.4583,-0.356,-0.2959,-0.2899,-0.3109,-0.3341,-0.3519,-0.3641,-0.3721,-0.3772,-0.3805,-0.3827,-0.3843,-0.6964,-0.7352,-0.7753,-0.7984,-0.7567,-0.6801,-0.687,-0.7904,-0.6576,-0.3833,-0.2346,-0.1218,-0.0356,0.1401,0.0276,-0.3089,-0.7224,-1.9649,-2.0197,-1.1052,-0.7239,-0.5513,-0.4418,-0.3333,-0.2087,-0.1415,-0.1854,-0.2557,-0.3063,-0.3376,-0.3563,-0.3672,-0.3735,-0.3773,-0.3798,-0.3817,-0.6409,-0.6619,-0.6768,-0.6747,-0.6484,-0.6232,-0.6455,-0.7082,-0.6238,-0.3946,-0.2302,-0.0775,-0.0255,-0.0117,-0.1578,-0.3292,-0.5629,-1.2748,-1.4351,-0.8776,-0.542,-0.3893,-0.3181,-0.2387,-0.0951,-0.0068,-0.1088,-0.2246,-0.2947,-0.3338,-0.3551,-0.3662,-0.3718,-0.3749,-0.3771,-0.3792,-0.5897,-0.5983,-0.6001,-0.5915,-0.5738,-0.5585,-0.5557,-0.5444,-0.4655,-0.3398,-0.2489,-0.1768,-0.079,0.0748,-0.215,-0.3631,-0.9181,-0.7325,-0.6808,-0.4549,-0.2149,-0.1482,-0.185,-0.191,-0.1235,-0.0697,-0.1464,-0.2452,-0.3092,-0.3445,-0.3619,-0.3688,-0.3709,-0.372,-0.3737,-0.3761,-0.5452,-0.5462,-0.5416,-0.5304,-0.5139,-0.4951,-0.4732,-0.4365,-0.3734,-0.3058,-0.2877,-0.283,-0.211,-0.1298,-0.2397,-0.4834,-0.7659,-0.5142,-0.3171,-0.0924,0.23,0.1645,-0.0516,-0.1589,-0.1913,-0.2051,-0.2504,-0.3073,-0.3482,-0.3693,-0.3752,-0.3722,-0.3673,-0.3654,-0.3674,-0.3715,-0.5074,-0.5037,-0.4956,-0.4826,-0.4649,-0.4428,-0.4146,-0.3768,-0.3303,-0.2906,-0.2823,-0.2592,-0.2131,-0.1927,-0.1926,-0.2558,-0.2836,-0.1301,0.0465,0.1159,0.3136,0.2333,0.0026,-0.1462,-0.241,-0.3075,-0.3566,-0.3886,-0.4044,-0.4045,-0.3904,-0.369,-0.3528,-0.3494,-0.3555,-0.3645,-0.4755,-0.469,-0.4587,-0.4444,-0.4259,-0.4029,-0.3749,-0.3416,-0.3057,-0.2744,-0.2508,-0.2221,-0.1924,-0.1637,-0.0308,0.0346,0.0281,0.2646,0.5311,0.308,0.2095,0.1263,-0.0133,-0.1636,-0.3057,-0.4203,-0.4748,-0.4833,-0.4738,-0.4471,-0.4007,-0.3461,-0.3137,-0.317,-0.3367,-0.3557,-0.4487,-0.4403,-0.4287,-0.4138,-0.3953,-0.373,-0.3469,-0.3177,-0.287,-0.257,-0.2271,-0.1912,-0.14,-0.0216,0.332,0.4815,0.225,0.3497,0.5291,0.5262,0.3313,0.1489,-0.0095,-0.1859,-0.3837,-0.5454,-0.5842,-0.5803,-0.5569,-0.5,-0.4073,-0.2976,-0.2454,-0.2725,-0.3173,-0.3495,-0.426,-0.4165,-0.4044,-0.3893,-0.3712,-0.3501,-0.326,-0.2995,-0.2712,-0.2412,-0.2076,-0.1641,-0.0953,0.0431,0.307,0.4006,0.2628,0.3679,0.7539,0.9291,0.4815,0.2211,0.042,-0.1713,-0.4249,-0.5973,-0.6278,-0.7035,-0.6689,-0.5767,-0.4401,-0.2794,-0.2109,-0.2568,-0.3159,-0.3533,-0.4069,-0.3968,-0.3844,-0.3695,-0.3521,-0.3322,-0.3098,-0.2852,-0.2583,-0.2286,-0.1937,-0.1489,-0.0845,0.0118,0.1273,0.1877,0.2105,0.3275,0.5644,0.6417,0.4439,0.3188,0.1981,-0.0663,-0.4216,-0.7615,-1.0741,-1.0044,-0.8209,-0.6887,-0.5371,-0.3748,-0.2942,-0.3091,-0.3457,-0.3712,-0.3908,-0.3804,-0.3681,-0.3536,-0.337,-0.3182,-0.2972,-0.2741,-0.2486,-0.2199,-0.1863,-0.1451,-0.0926,-0.0283,0.0385,0.0929,0.147,0.2318,0.3357,0.389,0.424,0.5829,0.602,0.1822,-0.3531,-0.8882,-1.3499,-1.163,-0.94,-0.8317,-0.6767,-0.5207,-0.4249,-0.3944,-0.3937,-0.3983,-0.3773,-0.3668,-0.3547,-0.3407,-0.3249,-0.3072,-0.2875,-0.2658,-0.2419,-0.2149,-0.1841,-0.1481,-0.1059,-0.0586,-0.0097,0.038,0.0892,0.1506,0.2192,0.2978,0.4619,0.8254,0.9422,0.389,-0.2235,-0.7033,-0.9869,-1.0096,-1.0631,-0.9921,-0.7986,-0.6309,-0.5225,-0.4652,-0.4383,-0.4252,-0.3659,-0.3555,-0.3437,-0.3303,-0.3153,-0.2987,-0.2803,-0.2601,-0.2378,-0.2131,-0.1855,-0.1544,-0.1197,-0.0822,-0.043,-0.0026,0.0406,0.0894,0.1473,0.2296,0.3784,0.5978,0.6263,0.2768,-0.1665,-0.526,-0.7654,-0.9323,-1.0762,-1.0113,-0.8295,-0.6753,-0.571,-0.5066,-0.4683,-0.4454]},{"header":{"la1":42.85,"la2":41.18,"lo1":11.55,"lo2":14.05,"nx":36,"ny":24,"dx":0.07143,"dy":0.07261,"parameterCategory":2,"parameterNumber":3,"parameterNumberName":"northward_wind","parameterUnit":"m.s-1"},"data":[-0.4472,-0.4369,-0.4244,-0.4098,-0.3935,-0.3769,-0.3619,-0.351,-0.3455,-0.3451,-0.3478,-0.3505,-0.3506,-0.3467,-0.3383,-0.3263,-0.3125,-0.2995,-0.2895,-0.2843,-0.2838,-0.2867,-0.2912,-0.2963,-0.3019,-0.3081,-0.3151,-0.323,-0.3314,-0.3403,-0.3494,-0.3585,-0.3675,-0.3763,-0.3848,-0.3929,-0.4514,-0.4398,-0.4249,-0.4062,-0.3841,-0.3602,-0.338,-0.3222,-0.3163,-0.3205,-0.3304,-0.3401,-0.345,-0.3426,-0.3328,-0.3169,-0.2977,-0.2794,-0.2665,-0.262,-0.2656,-0.2733,-0.281,-0.2873,-0.293,-0.2995,-0.3072,-0.316,-0.3256,-0.3357,-0.346,-0.3563,-0.3664,-0.3762,-0.3856,-0.3944,-0.4574,-0.4449,-0.4275,-0.4039,-0.3734,-0.3374,-0.3012,-0.2747,-0.2674,-0.2807,-0.305,-0.3278,-0.3409,-0.3414,-0.3296,-0.3075,-0.2792,-0.2516,-0.2337,-0.2324,-0.2464,-0.2649,-0.2773,-0.2825,-0.286,-0.2914,-0.2993,-0.3091,-0.32,-0.3315,-0.3432,-0.3548,-0.3661,-0.377,-0.3873,-0.3969,-0.466,-0.4535,-0.4344,-0.4057,-0.3639,-0.3079,-0.2441,-0.1923,-0.1799,-0.2133,-0.2676,-0.3143,-0.3406,-0.3453,-0.3307,-0.2994,-0.2559,-0.2105,-0.1818,-0.1886,-0.2294,-0.2746,-0.2913,-0.2862,-0.2813,-0.2834,-0.2912,-0.3022,-0.3147,-0.3279,-0.3411,-0.3542,-0.3668,-0.3788,-0.3901,-0.4006,-0.4774,-0.4667,-0.4483,-0.4162,-0.362,-0.2765,-0.1591,-0.044,-0.0128,-0.0968,-0.2164,-0.3041,-0.3487,-0.3583,-0.3401,-0.2964,-0.2289,-0.1475,-0.0889,-0.1088,-0.2144,-0.327,-0.3372,-0.2971,-0.2757,-0.2741,-0.2826,-0.2954,-0.3099,-0.3249,-0.3399,-0.3546,-0.3687,-0.382,-0.3943,-0.4057,-0.4913,-0.485,-0.4716,-0.4418,-0.3797,-0.2615,-0.0576,0.2088,0.3037,0.0838,-0.1662,-0.3096,-0.3717,-0.3849,-0.3633,-0.3071,-0.2085,-0.062,0.083,0.0578,-0.1546,-0.3704,-0.3661,-0.2891,-0.2604,-0.2609,-0.2728,-0.2887,-0.3058,-0.323,-0.34,-0.3565,-0.3721,-0.3868,-0.4004,-0.4126,-0.5061,-0.507,-0.5051,-0.4871,-0.429,-0.298,-0.0277,0.4404,0.6621,0.2093,-0.178,-0.3511,-0.4157,-0.4285,-0.4065,-0.3447,-0.2242,-0.0157,0.2566,0.2377,-0.0157,-0.1952,-0.2455,-0.2293,-0.2295,-0.2437,-0.2627,-0.2828,-0.3029,-0.3226,-0.3417,-0.3601,-0.3776,-0.3938,-0.4086,-0.4218,-0.5182,-0.5275,-0.5445,-0.5492,-0.5015,-0.3956,-0.1908,0.1581,0.3131,-0.0304,-0.316,-0.4368,-0.4792,-0.4888,-0.4755,-0.4216,-0.3022,-0.1096,0.1002,0.1317,0.113,0.0525,-0.0733,-0.1502,-0.1947,-0.2272,-0.2543,-0.2786,-0.3016,-0.3238,-0.3453,-0.366,-0.3855,-0.4035,-0.4197,-0.4338,-0.5235,-0.5351,-0.5704,-0.6064,-0.5493,-0.4957,-0.4364,-0.3555,-0.3514,-0.4496,-0.5195,-0.5421,-0.549,-0.5594,-0.5789,-0.5532,-0.4245,-0.2527,-0.0887,0.0769,0.3414,0.2803,0.0339,-0.1032,-0.1744,-0.2178,-0.2497,-0.2768,-0.3022,-0.327,-0.3513,-0.3747,-0.3967,-0.4168,-0.4344,-0.4493,-0.5209,-0.5184,-0.5271,-0.5366,-0.4995,-0.5542,-0.6323,-0.6938,-0.7675,-0.7891,-0.7023,-0.6331,-0.6085,-0.6225,-0.7203,-0.777,-0.5424,-0.3485,-0.1969,-0.0141,0.213,0.1863,0.0073,-0.1097,-0.1759,-0.2176,-0.2489,-0.2768,-0.3043,-0.3322,-0.36,-0.387,-0.4122,-0.4346,-0.4538,-0.4695,-0.5175,-0.4926,-0.4281,-0.2788,-0.3216,-0.5919,-0.8082,-0.9271,-1.0116,-1.0577,-0.8224,-0.6883,-0.6535,-0.6627,-0.7231,-0.785,-0.5323,-0.3764,-0.2768,-0.1643,-0.0567,-0.0359,-0.089,-0.1474,-0.1906,-0.2219,-0.2488,-0.2766,-0.3071,-0.3394,-0.3723,-0.4042,-0.4334,-0.4589,-0.4797,-0.4957,-0.5245,-0.4954,-0.4238,-0.2988,-0.365,-0.708,-1.0323,-1.2132,-1.1086,-1.0061,-0.8204,-0.7043,-0.6949,-0.7715,-0.6827,-0.5214,-0.4014,-0.3756,-0.3505,-0.2591,-0.1815,-0.1481,-0.1545,-0.1785,-0.2024,-0.2218,-0.2439,-0.2737,-0.3097,-0.3491,-0.3894,-0.4282,-0.4631,-0.4921,-0.5143,-0.5298,-0.5435,-0.5308,-0.508,-0.5013,-0.6066,-0.8647,-1.1987,-1.4869,-1.3054,-0.9717,-0.7787,-0.7171,-0.7018,-0.8196,-0.6797,-0.304,-0.2259,-0.4656,-0.479,-0.2906,-0.2044,-0.1702,-0.1702,-0.1873,-0.2024,-0.2101,-0.2301,-0.2671,-0.3129,-0.363,-0.4142,-0.4629,-0.5053,-0.5384,-0.5613,-0.5746,-0.5663,-0.5719,-0.5853,-0.6269,-0.7291,-0.9056,-1.1334,-1.331,-1.2179,-0.9002,-0.7312,-0.7593,-0.762,-0.5056,-0.3016,0.1367,0.1095,-0.2028,-0.3181,-0.2202,-0.1462,-0.1208,-0.142,-0.1771,-0.1966,-0.1952,-0.2162,-0.2625,-0.3201,-0.3843,-0.451,-0.5141,-0.5668,-0.6044,-0.6257,-0.6333,-0.5845,-0.6003,-0.6269,-0.6738,-0.7504,-0.8554,-0.9661,-1.021,-0.9331,-0.7647,-0.6591,-0.6225,-0.5153,-0.3059,-0.144,0.2816,0.8051,0.1724,-0.0994,-0.0905,0.0283,0.0339,-0.0662,-0.1498,-0.1902,-0.1997,-0.2197,-0.2664,-0.3341,-0.4168,-0.5067,-0.5921,-0.6595,-0.7003,-0.7148,-0.7102,-0.595,-0.6136,-0.6403,-0.6783,-0.7282,-0.7832,-0.8251,-0.8242,-0.7613,-0.6673,-0.6037,-0.5925,-0.5528,-0.428,-0.2233,0.1815,0.5567,0.1178,-0.1087,0.0208,0.4457,0.3463,0.0344,-0.1147,-0.1698,-0.1899,-0.2126,-0.2635,-0.349,-0.4624,-0.5909,-0.7137,-0.803,-0.8424,-0.838,-0.8085,-0.5982,-0.6155,-0.6375,-0.6646,-0.6945,-0.7212,-0.7339,-0.7213,-0.6818,-0.6323,-0.6012,-0.6013,-0.6844,-0.7038,-0.411,-0.1965,-0.1142,-0.2708,-0.3874,-0.1068,0.4962,0.3729,0.0295,-0.1077,-0.1339,-0.1233,-0.1394,-0.2185,-0.3509,-0.5201,-0.716,-0.9066,-1.0301,-1.0525,-1.0027,-0.9275,-0.5962,-0.6106,-0.6272,-0.6453,-0.6625,-0.6747,-0.6768,-0.6653,-0.6422,-0.6174,-0.6036,-0.6167,-0.7173,-0.7299,-0.5561,-0.4795,-0.4434,-0.6766,-0.982,-0.5094,-0.1192,-0.0328,-0.1081,-0.1345,-0.065,0.0635,0.0778,-0.0972,-0.3323,-0.5877,-0.8894,-1.2027,-1.3787,-1.343,-1.2007,-1.0543,-0.591,-0.6023,-0.6142,-0.6259,-0.6356,-0.6408,-0.6395,-0.6306,-0.6165,-0.6023,-0.5944,-0.5999,-0.6201,-0.6251,-0.6922,-0.7381,-0.5892,-0.7013,-0.8421,-0.6022,-0.4108,-0.2927,-0.2468,-0.1765,0.0277,0.4268,0.5122,0.06,-0.3262,-0.6585,-1.0737,-1.5645,-1.8058,-1.6508,-1.3792,-1.1564,-0.5842,-0.5927,-0.601,-0.6084,-0.6137,-0.6156,-0.6132,-0.6064,-0.5969,-0.5873,-0.5807,-0.5797,-0.5848,-0.6042,-0.6764,-0.7,-0.6035,-0.5992,-0.6044,-0.5952,-0.5074,-0.4248,-0.365,-0.2631,-0.0271,0.4613,0.5734,-0.055,-0.4172,-0.7183,-1.1434,-1.7097,-1.9809,-1.7625,-1.4394,-1.1923,-0.5768,-0.583,-0.5888,-0.5934,-0.5961,-0.5963,-0.5936,-0.5882,-0.5811,-0.5737,-0.5677,-0.5646,-0.5661,-0.5766,-0.5964,-0.5962,-0.5703,-0.5621,-0.5703,-0.5671,-0.5406,-0.534,-0.5104,-0.4177,-0.288,-0.2504,-0.5296,-0.5597,-0.6027,-0.7665,-1.0483,-1.4445,-1.6689,-1.5635,-1.3425,-1.1486,-0.5694,-0.5739,-0.5778,-0.5805,-0.5818,-0.5811,-0.5784,-0.5738,-0.5681,-0.562,-0.5566,-0.5528,-0.5516,-0.5537,-0.5566,-0.5537,-0.5459,-0.5433,-0.5485,-0.5596,-0.6007,-0.7029,-0.7299,-0.5966,-0.5039,-0.6102,-0.8764,-0.7856,-0.7731,-0.8327,-0.9395,-1.1286,-1.2717,-1.2687,-1.1721,-1.0569,-0.5624,-0.5656,-0.5681,-0.5697,-0.57,-0.5688,-0.5662,-0.5623,-0.5575,-0.5523,-0.5474,-0.5433,-0.5405,-0.539,-0.5376,-0.5352,-0.5331,-0.535,-0.5456,-0.5754,-0.6585,-0.8242,-0.8742,-0.7031,-0.6011,-0.6426,-0.7417,-0.8173,-0.9523,-0.9281,-0.9009,-0.9585,-1.0295,-1.0501,-1.0176,-0.9586,-0.5558,-0.5581,-0.5597,-0.5604,-0.5602,-0.5588,-0.5563,-0.5529,-0.5487,-0.5443,-0.5398,-0.5358,-0.5325,-0.5299,-0.5279,-0.5265,-0.527,-0.5321,-0.5465,-0.5798,-0.6485,-0.7456,-0.7696,-0.6868,-0.6289,-0.6472,-0.7197,-0.8445,-0.9743,-0.9417,-0.881,-0.879,-0.9034,-0.9165,-0.9053,-0.8754]}]