docs/data/wind_grid.json
[{"header":{"la1":42.85,"la2":41.18,"lo1":11.55,"lo2":14.05,"nx":36,"ny":24,"dx":0.07143,"dy":0.07261,"parameterCategory":2,"parameterNumber":2,"parameterNumberName":"eastward_wind","parameterUnit":"m.s-1"},"data":[-0.6629,-0.6761,-0.6907,-0.7061,-0.7212,-0.734,-0.7415,-0.7405,-0.7288,-0.7062,-0.675,-0.6386,-0.6006,-0.5636,-0.529,-0.4979,-0.4708,-0.4487,-0.4325,-0.4227,-0.4188,-0.4196,-0.4231,-0.4278,-0.4325,-0.4364,-0.4395,-0.4415,-0.4427,-0.4431,-0.443,-0.4425,-0.4418,-0.4408,-0.4398,-0.4387,-0.6709,-0.6873,-0.7066,-0.7284,-0.7518,-0.7742,-0.7907,-0.7954,-0.7833,-0.7535,-0.7105,-0.6609,-0.6108,-0.5636,-0.5205,-0.4821,-0.4487,-0.4214,-0.4022,-0.3925,-0.3917,-0.3974,-0.4061,-0.4154,-0.4234,-0.4298,-0.4344,-0.4373,-0.439,-0.4398,-0.4398,-0.4393,-0.4385,-0.4375,-0.4364,-0.4353,-0.677,-0.6967,-0.7212,-0.7512,-0.7865,-0.8244,-0.8579,-0.8751,-0.8641,-0.8221,-0.7588,-0.6885,-0.6212,-0.561,-0.5079,-0.4606,-0.4184,-0.3828,-0.3584,-0.3492,-0.3546,-0.3692,-0.3864,-0.4022,-0.4147,-0.4238,-0.43,-0.4338,-0.4358,-0.4367,-0.4367,-0.4361,-0.4352,-0.4341,-0.4329,-0.4317,-0.68,-0.7026,-0.7323,-0.7716,-0.8226,-0.8851,-0.9506,-0.9962,-0.9911,-0.9254,-0.8245,-0.7205,-0.6295,-0.5537,-0.4897,-0.4325,-0.3783,-0.3283,-0.2929,-0.2847,-0.3031,-0.3342,-0.365,-0.3897,-0.4074,-0.4193,-0.4267,-0.431,-0.4332,-0.4339,-0.4337,-0.4329,-0.4317,-0.4304,-0.4291,-0.4278,-0.6789,-0.7029,-0.7363,-0.7841,-0.8532,-0.9506,-1.0741,-1.186,-1.2016,-1.0833,-0.9079,-0.751,-0.6303,-0.5383,-0.4644,-0.3983,-0.3292,-0.253,-0.192,-0.1861,-0.2333,-0.2947,-0.3453,-0.3805,-0.4032,-0.417,-0.425,-0.4293,-0.4311,-0.4314,-0.4308,-0.4296,-0.4281,-0.4265,-0.4249,-0.4235,-0.6728,-0.6958,-0.7295,-0.7815,-0.8645,-0.9993,-1.21,-1.4645,-1.5435,-1.3005,-0.9886,-0.764,-0.6149,-0.5096,-0.4291,-0.3597,-0.2798,-0.1642,-0.0462,-0.0461,-0.1537,-0.2616,-0.3346,-0.3786,-0.4039,-0.418,-0.4253,-0.4286,-0.4295,-0.4291,-0.4278,-0.426,-0.4241,-0.4222,-0.4204,-0.4188,-0.6613,-0.6803,-0.7093,-0.7571,-0.84,-0.9893,-1.2626,-1.6888,-1.8781,-1.4429,-0.9965,-0.7353,-0.5751,-0.4608,-0.3748,-0.3124,-0.247,-0.116,0.0678,0.0591,-0.1168,-0.2601,-0.3432,-0.3877,-0.4108,-0.4221,-0.4271,-0.4286,-0.4282,-0.4267,-0.4246,-0.4222,-0.4197,-0.4174,-0.4153,-0.4135,-0.6456,-0.6571,-0.6757,-0.7099,-0.7749,-0.8949,-1.11,-1.4373,-1.5672,-1.2138,-0.8679,-0.6594,-0.5132,-0.3854,-0.277,-0.2251,-0.222,-0.1737,-0.0524,-0.0569,-0.1955,-0.3109,-0.3759,-0.4082,-0.4229,-0.4285,-0.4298,-0.4288,-0.4267,-0.4239,-0.4209,-0.4177,-0.4147,-0.4118,-0.4094,-0.4074,-0.6275,-0.6293,-0.6325,-0.646,-0.6858,-0.7602,-0.8604,-0.9538,-0.9455,-0.8162,-0.6851,-0.5725,-0.4502,-0.2852,-0.0793,-0.0044,-0.1415,-0.2609,-0.2814,-0.2963,-0.3491,-0.3977,-0.4245,-0.4349,-0.4368,-0.4349,-0.4318,-0.4282,-0.4244,-0.4205,-0.4165,-0.4125,-0.4087,-0.4054,-0.4026,-0.4005,-0.6105,-0.6021,-0.5869,-0.5741,-0.5956,-0.6517,-0.6902,-0.6759,-0.5945,-0.5403,-0.5508,-0.5175,-0.4224,-0.2144,0.2686,0.5092,-0.007,-0.3548,-0.4847,-0.5088,-0.5017,-0.4883,-0.4733,-0.4591,-0.4472,-0.4382,-0.4314,-0.426,-0.421,-0.4161,-0.4111,-0.4062,-0.4016,-0.3977,-0.3945,-0.3923,-0.598,-0.5832,-0.554,-0.5152,-0.527,-0.5958,-0.6215,-0.5813,-0.4229,-0.3424,-0.4854,-0.5076,-0.4524,-0.3132,0.1626,0.5013,-0.1532,-0.6034,-0.7678,-0.7328,-0.6416,-0.5631,-0.508,-0.4717,-0.4489,-0.4354,-0.4274,-0.4217,-0.4164,-0.4107,-0.4046,-0.3986,-0.393,-0.3883,-0.3848,-0.3826,-0.5922,-0.5782,-0.5525,-0.5204,-0.5325,-0.5912,-0.6202,-0.6182,-0.5152,-0.4351,-0.5145,-0.5326,-0.5045,-0.4831,-0.3767,-0.3245,-0.6413,-1.1691,-1.2923,-1.0078,-0.7582,-0.6054,-0.5168,-0.4662,-0.4385,-0.4253,-0.4198,-0.4159,-0.4109,-0.4044,-0.3969,-0.3892,-0.3823,-0.3767,-0.3729,-0.3709,-0.5915,-0.5833,-0.5715,-0.5633,-0.5765,-0.6063,-0.6328,-0.681,-0.6145,-0.5739,-0.5751,-0.5743,-0.5457,-0.4745,-0.4371,-0.6012,-0.998,-1.97,-1.9823,-1.2039,-0.7888,-0.5887,-0.4913,-0.4433,-0.4197,-0.4114,-0.4112,-0.4102,-0.4054,-0.3974,-0.3876,-0.3774,-0.3685,-0.3619,-0.3579,-0.3565,-0.5927,-0.59,-0.5875,-0.5891,-0.5988,-0.6135,-0.6253,-0.6215,-0.6189,-0.6227,-0.6253,-0.6089,-0.5928,-0.5049,-0.5761,-0.7673,-1.0656,-1.5385,-1.5671,-1.0199,-0.6547,-0.4865,-0.4279,-0.4118,-0.4063,-0.404,-0.4064,-0.4065,-0.4006,-0.3897,-0.3759,-0.3619,-0.3501,-0.3422,-0.3385,-0.3386,-0.5937,-0.5942,-0.5957,-0.5998,-0.6072,-0.6164,-0.6245,-0.6307,-0.645,-0.6803,-0.7119,-0.6864,-0.6456,-0.6907,-0.6733,-1.0071,-1.3737,-1.0895,-0.9129,-0.621,-0.3543,-0.2813,-0.3243,-0.3714,-0.3975,-0.4039,-0.4066,-0.4063,-0.3975,-0.3811,-0.3605,-0.3401,-0.3241,-0.3151,-0.3131,-0.3164,-0.5934,-0.5955,-0.5987,-0.6034,-0.6101,-0.6186,-0.6289,-0.6447,-0.6785,-0.7581,-0.908,-0.8058,-0.7233,-0.6563,-0.6934,-0.9371,-1.1758,-0.8379,-0.5428,-0.2685,0.0497,-0.0061,-0.2072,-0.3234,-0.3813,-0.4064,-0.4166,-0.4146,-0.3984,-0.3714,-0.3391,-0.308,-0.2859,-0.2769,-0.2796,-0.2891,-0.5918,-0.5947,-0.5985,-0.6035,-0.6101,-0.6188,-0.6311,-0.6512,-0.6891,-0.7648,-0.8788,-0.7893,-0.6296,-0.5696,-0.6297,-0.6798,-0.6463,-0.3906,-0.1495,-0.0758,0.1173,0.0462,-0.1655,-0.301,-0.386,-0.439,-0.4586,-0.4439,-0.4074,-0.3604,-0.3081,-0.2588,-0.2278,-0.2227,-0.2364,-0.2572,-0.5891,-0.5922,-0.5961,-0.601,-0.6073,-0.6157,-0.6274,-0.645,-0.6719,-0.7078,-0.7287,-0.6845,-0.5847,-0.5548,-0.5787,-0.55,-0.3935,0.0458,0.4078,0.0949,-0.0185,-0.0822,-0.196,-0.3149,-0.4331,-0.5403,-0.5691,-0.5063,-0.4244,-0.3468,-0.2651,-0.1854,-0.1421,-0.1509,-0.1863,-0.2242,-0.5854,-0.5884,-0.592,-0.5965,-0.602,-0.6091,-0.6184,-0.6305,-0.6452,-0.658,-0.6575,-0.6331,-0.5954,-0.572,-0.5763,-0.5754,-0.3568,0.0471,0.2934,0.1509,0.0035,-0.1124,-0.2147,-0.3332,-0.4998,-0.7241,-0.7715,-0.5793,-0.4317,-0.329,-0.2191,-0.0985,-0.0418,-0.0777,-0.1426,-0.1983,-0.5809,-0.5836,-0.5867,-0.5903,-0.5947,-0.6,-0.6062,-0.6131,-0.6193,-0.6218,-0.6159,-0.5991,-0.5756,-0.5549,-0.5552,-0.5381,-0.351,-0.072,0.1883,0.2629,0.0454,-0.1016,-0.201,-0.3141,-0.4836,-0.7422,-0.7981,-0.5252,-0.3925,-0.3083,-0.2011,-0.0646,-0.0019,-0.0519,-0.1283,-0.1895,-0.5759,-0.578,-0.5804,-0.5831,-0.5861,-0.5894,-0.5927,-0.5954,-0.5965,-0.5939,-0.5855,-0.5704,-0.5497,-0.5262,-0.5,-0.446,-0.3196,-0.134,0.0564,0.108,-0.0042,-0.0867,-0.1457,-0.2419,-0.3572,-0.4063,-0.2837,-0.2881,-0.3149,-0.2905,-0.2248,-0.1281,-0.0743,-0.0989,-0.1521,-0.2006,-0.5703,-0.5719,-0.5735,-0.5751,-0.5768,-0.5782,-0.5791,-0.5788,-0.5765,-0.571,-0.5609,-0.5455,-0.5246,-0.4976,-0.4607,-0.403,-0.3131,-0.2,-0.0992,-0.0574,-0.0568,-0.021,-0.0178,-0.1367,-0.2484,-0.2388,-0.1176,-0.1898,-0.2769,-0.2856,-0.258,-0.2077,-0.1707,-0.1708,-0.1946,-0.2241,-0.5645,-0.5654,-0.5662,-0.5669,-0.5672,-0.567,-0.566,-0.5636,-0.5591,-0.5516,-0.5403,-0.5243,-0.503,-0.475,-0.4377,-0.387,-0.3212,-0.2472,-0.1803,-0.1291,-0.0671,0.0468,0.0816,-0.0685,-0.1977,-0.23,-0.2146,-0.253,-0.2961,-0.2949,-0.2798,-0.2545,-0.2324,-0.2258,-0.2339,-0.2496,-0.5585,-0.5588,-0.5588,-0.5586,-0.5578,-0.5563,-0.5538,-0.5498,-0.5438,-0.5351,-0.523,-0.5068,-0.4858,-0.459,-0.4249,-0.3823,-0.3319,-0.2776,-0.2244,-0.1714,-0.1052,-0.0255,-0.0107,-0.1005,-0.1933,-0.2387,-0.2572,-0.2814,-0.2999,-0.2977,-0.289,-0.2766,-0.2652,-0.2601,-0.2629,-0.2714]},{"header":{"la1":42.85,"la2":41.18,"lo1":11.55,"lo2":14.05,"nx":36,"ny":24,"dx":0.07143,"dy":0.07261,"parameterCategory":2,"parameterNumber":3,"parameterNumberName":"northward_wind","parameterUnit":"m.s-1"},"data":[-0.7114,-0.7085,-0.705,-0.7009,-0.6961,-0.691,-0.6863,-0.6826,-0.6803,-0.6788,-0.6764,-0.6713,-0.6617,-0.6465,-0.6258,-0.6005,-0.5729,-0.5461,-0.5241,-0.5095,-0.5032,-0.5042,-0.5099,-0.518,-0.5268,-0.5352,-0.5427,-0.5493,-0.555,-0.5598,-0.5641,-0.5679,-0.5713,-0.5744,-0.5772,-0.5798,-0.7106,-0.7073,-0.7031,-0.6978,-0.6913,-0.6839,-0.6769,-0.6722,-0.671,-0.6727,-0.6746,-0.6729,-0.6644,-0.6474,-0.6216,-0.588,-0.5497,-0.5119,-0.4816,-0.4641,-0.4606,-0.4679,-0.481,-0.4959,-0.5101,-0.5224,-0.5327,-0.5413,-0.5483,-0.5542,-0.5593,-0.5637,-0.5676,-0.5711,-0.5743,-0.5773,-0.7089,-0.7051,-0.7002,-0.6934,-0.6841,-0.6724,-0.6602,-0.6519,-0.6517,-0.6597,-0.6701,-0.6752,-0.6699,-0.6515,-0.6193,-0.5737,-0.5183,-0.4615,-0.4169,-0.3959,-0.3998,-0.4201,-0.4462,-0.4714,-0.4927,-0.5098,-0.5232,-0.5337,-0.5421,-0.549,-0.5547,-0.5597,-0.5641,-0.5681,-0.5718,-0.5751,-0.706,-0.7016,-0.6961,-0.6878,-0.6749,-0.6556,-0.632,-0.6133,-0.6126,-0.6331,-0.6608,-0.6793,-0.6802,-0.6613,-0.6215,-0.5595,-0.4768,-0.3855,-0.3134,-0.2889,-0.3121,-0.3587,-0.4066,-0.4463,-0.4764,-0.4986,-0.5149,-0.5272,-0.5366,-0.5442,-0.5506,-0.5561,-0.561,-0.5654,-0.5695,-0.5732,-0.701,-0.696,-0.6903,-0.6816,-0.6654,-0.6352,-0.5885,-0.541,-0.5332,-0.5818,-0.6461,-0.6878,-0.6984,-0.6803,-0.6332,-0.5515,-0.4279,-0.2721,-0.142,-0.1169,-0.1891,-0.2866,-0.3673,-0.4246,-0.4636,-0.4901,-0.5086,-0.5219,-0.5321,-0.5402,-0.547,-0.5529,-0.5583,-0.5632,-0.5677,-0.5718,-0.6926,-0.6864,-0.6812,-0.6746,-0.6593,-0.6198,-0.5366,-0.4198,-0.3819,-0.4985,-0.6343,-0.7081,-0.7287,-0.7124,-0.6616,-0.5635,-0.3914,-0.129,0.1229,0.1356,-0.0453,-0.2221,-0.3399,-0.4123,-0.4571,-0.4856,-0.5047,-0.5183,-0.5285,-0.5367,-0.5438,-0.5502,-0.556,-0.5614,-0.5664,-0.5709,-0.679,-0.6693,-0.6634,-0.6623,-0.6584,-0.6273,-0.5229,-0.315,-0.2155,-0.4463,-0.6614,-0.7526,-0.7741,-0.7597,-0.7137,-0.6155,-0.4186,-0.0631,0.3397,0.3283,0.0263,-0.2069,-0.3402,-0.415,-0.4587,-0.4857,-0.5035,-0.5161,-0.5258,-0.5339,-0.5412,-0.548,-0.5543,-0.5603,-0.5659,-0.5709,-0.6581,-0.6388,-0.6259,-0.6297,-0.6513,-0.6645,-0.6153,-0.4671,-0.4011,-0.6057,-0.7728,-0.8276,-0.8317,-0.8195,-0.7924,-0.719,-0.5485,-0.2415,0.102,0.1251,-0.0913,-0.2688,-0.373,-0.4323,-0.4674,-0.4894,-0.5042,-0.515,-0.5237,-0.5315,-0.5389,-0.5462,-0.5534,-0.5601,-0.5664,-0.5719,-0.6303,-0.59,-0.5509,-0.5422,-0.5985,-0.6966,-0.7682,-0.7971,-0.8484,-0.9308,-0.9485,-0.9177,-0.8879,-0.8817,-0.8997,-0.8745,-0.7302,-0.5144,-0.3163,-0.2484,-0.2982,-0.3688,-0.4216,-0.4565,-0.4794,-0.4949,-0.5059,-0.5144,-0.5219,-0.5293,-0.5371,-0.5452,-0.5533,-0.5611,-0.5683,-0.5745,-0.6019,-0.5284,-0.4276,-0.348,-0.4321,-0.6762,-0.8932,-1.0646,-1.2528,-1.3117,-1.1438,-0.9938,-0.9216,-0.9214,-1.0322,-1.0941,-0.8757,-0.6721,-0.535,-0.4617,-0.441,-0.4475,-0.462,-0.477,-0.49,-0.5003,-0.5078,-0.5139,-0.5199,-0.527,-0.5355,-0.545,-0.5547,-0.564,-0.5723,-0.5791,-0.5882,-0.4862,-0.3109,-0.0877,-0.1625,-0.6359,-0.9941,-1.2276,-1.5959,-1.7773,-1.2894,-1.0221,-0.9163,-0.8953,-1.0085,-1.1005,-0.8705,-0.6929,-0.5925,-0.5348,-0.5005,-0.4841,-0.4812,-0.4875,-0.4976,-0.5063,-0.511,-0.5137,-0.5176,-0.5245,-0.5344,-0.5461,-0.5583,-0.5697,-0.5794,-0.5868,-0.6036,-0.5078,-0.3434,-0.1378,-0.2343,-0.7368,-1.1242,-1.326,-1.4195,-1.5259,-1.2031,-0.9918,-0.8847,-0.8064,-0.8484,-0.8538,-0.7457,-0.6152,-0.5593,-0.5339,-0.5043,-0.4827,-0.4774,-0.4879,-0.5063,-0.5189,-0.519,-0.5147,-0.5147,-0.5215,-0.534,-0.5495,-0.5656,-0.5799,-0.5912,-0.599,-0.6457,-0.5877,-0.5116,-0.469,-0.6004,-0.9003,-1.1877,-1.6395,-1.1277,-1.157,-1.0593,-0.9551,-0.8983,-0.8103,-0.8466,-0.768,-0.6374,-0.5153,-0.5045,-0.504,-0.4704,-0.4462,-0.45,-0.481,-0.5269,-0.5513,-0.5367,-0.516,-0.5094,-0.5173,-0.535,-0.5573,-0.5794,-0.5977,-0.6105,-0.6177,-0.6967,-0.6763,-0.6651,-0.6938,-0.7971,-0.9515,-1.0685,-0.9855,-0.9943,-1.0514,-1.0124,-0.9389,-0.9264,-1.0514,-0.8671,-0.6542,-0.4712,-0.4822,-0.4885,-0.4519,-0.3856,-0.358,-0.3896,-0.4597,-0.5519,-0.5957,-0.5524,-0.509,-0.4974,-0.5108,-0.5392,-0.5731,-0.6046,-0.628,-0.6412,-0.6457,-0.7414,-0.7433,-0.7582,-0.7978,-0.8669,-0.9484,-1.006,-1.0172,-1.0242,-1.0408,-1.047,-1.0263,-0.9962,-0.9992,-0.8461,-0.3732,0.0705,-0.3229,-0.4301,-0.3403,-0.1789,-0.1648,-0.2788,-0.3985,-0.5057,-0.5551,-0.5154,-0.4747,-0.4723,-0.5018,-0.5507,-0.6049,-0.6507,-0.6793,-0.6896,-0.6864,-0.774,-0.7858,-0.8074,-0.8422,-0.8887,-0.9377,-0.9761,-1.0001,-1.0228,-1.0672,-1.1494,-1.1652,-1.0886,-0.9786,-0.8222,-0.4319,-0.1128,-0.3663,-0.4302,-0.1956,0.2584,0.1666,-0.1456,-0.312,-0.3921,-0.4209,-0.4088,-0.4016,-0.4295,-0.4921,-0.5778,-0.6669,-0.7345,-0.7654,-0.7636,-0.7431,-0.7952,-0.8101,-0.8314,-0.8596,-0.8928,-0.9264,-0.956,-0.9818,-1.0118,-1.0623,-1.1333,-1.1191,-1.112,-1.0958,-0.8792,-0.6761,-0.5584,-0.5956,-0.5934,-0.2793,0.3096,0.1987,-0.1262,-0.2584,-0.281,-0.2609,-0.2513,-0.287,-0.3672,-0.4848,-0.6333,-0.7844,-0.8847,-0.9057,-0.8707,-0.8162,-0.8075,-0.8224,-0.8413,-0.864,-0.889,-0.9142,-0.938,-0.961,-0.9868,-1.0181,-1.0446,-1.0511,-1.093,-1.0816,-0.8859,-0.7741,-0.7196,-0.798,-0.9317,-0.6065,-0.26,-0.1726,-0.2327,-0.2423,-0.1651,-0.0431,-0.0138,-0.1264,-0.2885,-0.4812,-0.7273,-0.9889,-1.1365,-1.1135,-1.0064,-0.8965,-0.8134,-0.8271,-0.8432,-0.8615,-0.8809,-0.9003,-0.919,-0.9371,-0.9551,-0.972,-0.9829,-0.9849,-0.9787,-0.9256,-0.8228,-0.7961,-0.7621,-0.7977,-0.8504,-0.685,-0.5205,-0.395,-0.3266,-0.2368,-0.0479,0.2539,0.3187,0.0373,-0.2165,-0.4711,-0.8307,-1.2595,-1.4638,-1.3429,-1.1302,-0.9585,-0.8147,-0.8268,-0.8403,-0.8549,-0.8701,-0.885,-0.8991,-0.912,-0.9232,-0.9311,-0.9331,-0.926,-0.9047,-0.8605,-0.8105,-0.7908,-0.7558,-0.729,-0.6986,-0.6855,-0.5923,-0.4767,-0.3804,-0.2582,-0.0458,0.2962,0.3712,0.0218,-0.1893,-0.4215,-0.8246,-1.3621,-1.6042,-1.423,-1.1611,-0.9675,-0.813,-0.8233,-0.8344,-0.8461,-0.8578,-0.8689,-0.879,-0.8874,-0.8934,-0.8956,-0.8921,-0.8809,-0.8596,-0.8289,-0.7971,-0.7688,-0.734,-0.699,-0.6745,-0.6518,-0.5797,-0.4943,-0.42,-0.3179,-0.1775,-0.0917,-0.2085,-0.1978,-0.1695,-0.2881,-0.6156,-1.07,-1.3134,-1.2339,-1.0566,-0.9087,-0.8091,-0.8177,-0.8267,-0.8358,-0.8446,-0.8527,-0.8594,-0.8642,-0.8664,-0.8649,-0.8585,-0.846,-0.827,-0.8025,-0.7752,-0.7456,-0.7123,-0.6777,-0.6447,-0.6046,-0.5444,-0.4916,-0.463,-0.3867,-0.2816,-0.2645,-0.3836,-0.2523,0.0024,-0.0204,-0.2951,-0.6473,-0.8816,-0.9297,-0.8775,-0.8059,-0.8037,-0.8108,-0.8179,-0.8249,-0.8313,-0.8367,-0.8408,-0.8429,-0.8423,-0.8385,-0.8305,-0.8178,-0.8003,-0.7785,-0.7533,-0.7248,-0.693,-0.6585,-0.6207,-0.5756,-0.523,-0.4903,-0.4879,-0.4256,-0.3249,-0.2586,-0.2118,0.0442,0.4559,0.3432,-0.0129,-0.3425,-0.5693,-0.6791,-0.7071,-0.697,-0.7974,-0.8031,-0.8086,-0.8137,-0.8181,-0.8215,-0.8234,-0.8234,-0.8209,-0.8155,-0.8067,-0.794,-0.7775,-0.7573,-0.7337,-0.7067,-0.6764,-0.6427,-0.605,-0.5623,-0.5185,-0.4887,-0.4712,-0.4209,-0.3355,-0.2385,-0.0989,0.1951,0.5176,0.4048,0.0835,-0.1984,-0.3985,-0.52,-0.5817,-0.6064]}]