docs/data/wind_grid.json
[{"header":{"la1":42.85,"la2":41.18,"lo1":11.55,"lo2":14.05,"nx":36,"ny":24,"dx":0.07143,"dy":0.07261,"parameterCategory":2,"parameterNumber":2,"parameterNumberName":"eastward_wind","parameterUnit":"m.s-1"},"data":[-0.9448,-0.9473,-0.9502,-0.9532,-0.9561,-0.9584,-0.9591,-0.9575,-0.9531,-0.946,-0.9372,-0.9282,-0.9201,-0.9138,-0.9096,-0.9071,-0.9062,-0.9063,-0.907,-0.908,-0.9088,-0.9092,-0.909,-0.9083,-0.907,-0.9052,-0.9029,-0.9004,-0.8977,-0.8949,-0.8921,-0.8892,-0.8865,-0.8839,-0.8815,-0.8793,-0.9475,-0.9509,-0.955,-0.9597,-0.9649,-0.9696,-0.9727,-0.9722,-0.967,-0.9571,-0.9443,-0.9312,-0.92,-0.9118,-0.9067,-0.9043,-0.9037,-0.9045,-0.9062,-0.908,-0.9095,-0.9104,-0.9104,-0.9096,-0.908,-0.9058,-0.9031,-0.9001,-0.8969,-0.8936,-0.8903,-0.8871,-0.884,-0.8811,-0.8784,-0.876,-0.95,-0.9544,-0.9599,-0.9669,-0.9754,-0.9845,-0.9921,-0.9949,-0.9891,-0.9745,-0.9547,-0.935,-0.9193,-0.9088,-0.9031,-0.9009,-0.9009,-0.9026,-0.9054,-0.9085,-0.911,-0.9124,-0.9125,-0.9115,-0.9094,-0.9067,-0.9034,-0.8997,-0.8959,-0.8921,-0.8882,-0.8845,-0.881,-0.8777,-0.8748,-0.8722,-0.9522,-0.9574,-0.9644,-0.9741,-0.987,-1.0032,-1.0201,-1.0308,-1.026,-1.0029,-0.9702,-0.9396,-0.9174,-0.9046,-0.8994,-0.8981,-0.8984,-0.9008,-0.9052,-0.9101,-0.9138,-0.9157,-0.9157,-0.9142,-0.9114,-0.9077,-0.9036,-0.8992,-0.8946,-0.8901,-0.8856,-0.8814,-0.8774,-0.8737,-0.8704,-0.8676,-0.9537,-0.9594,-0.9677,-0.9798,-0.998,-1.0243,-1.0583,-1.0885,-1.0894,-1.0487,-0.991,-0.943,-0.9128,-0.8986,-0.8958,-0.8972,-0.8975,-0.9002,-0.9068,-0.9138,-0.9188,-0.921,-0.9204,-0.9178,-0.9138,-0.909,-0.9037,-0.8983,-0.8928,-0.8875,-0.8823,-0.8775,-0.8729,-0.8688,-0.8652,-0.8621,-0.9544,-0.9603,-0.9689,-0.9823,-1.0043,-1.0411,-1.1003,-1.1723,-1.1924,-1.1136,-1.0104,-0.9392,-0.9013,-0.8871,-0.8883,-0.8943,-0.8972,-0.9025,-0.9122,-0.9217,-0.9277,-0.9292,-0.9271,-0.9226,-0.9167,-0.9102,-0.9035,-0.8969,-0.8904,-0.8842,-0.8782,-0.8726,-0.8675,-0.8629,-0.8589,-0.8556,-0.9545,-0.9599,-0.9678,-0.9802,-1.0014,-1.0409,-1.1167,-1.2373,-1.2909,-1.1542,-1.003,-0.9171,-0.8767,-0.8643,-0.8697,-0.8826,-0.8953,-0.9094,-0.9249,-0.937,-0.9425,-0.9416,-0.9363,-0.9285,-0.9198,-0.911,-0.9026,-0.8946,-0.887,-0.8798,-0.8729,-0.8666,-0.8607,-0.8556,-0.8512,-0.8477,-0.9543,-0.9588,-0.965,-0.9741,-0.9888,-1.0158,-1.0694,-1.1591,-1.1925,-1.0669,-0.94,-0.8691,-0.8347,-0.8258,-0.8378,-0.8634,-0.8943,-0.925,-0.95,-0.9642,-0.9663,-0.9595,-0.9479,-0.9349,-0.9223,-0.9108,-0.9005,-0.8911,-0.8823,-0.8741,-0.8663,-0.859,-0.8523,-0.8465,-0.8418,-0.8381,-0.9541,-0.9578,-0.9624,-0.9677,-0.974,-0.9812,-0.9891,-0.9911,-0.9598,-0.8938,-0.8409,-0.8031,-0.7758,-0.7685,-0.79,-0.8381,-0.9001,-0.9587,-0.9981,-1.0113,-1.003,-0.9835,-0.9611,-0.9404,-0.9229,-0.9086,-0.8965,-0.8859,-0.8761,-0.8668,-0.8578,-0.8494,-0.8418,-0.8353,-0.8301,-0.8263,-0.9543,-0.9578,-0.9617,-0.9656,-0.9677,-0.9639,-0.9435,-0.8852,-0.7803,-0.724,-0.7451,-0.7359,-0.7012,-0.6836,-0.7168,-0.8045,-0.9227,-1.0323,-1.0923,-1.0923,-1.0566,-1.012,-0.9726,-0.9421,-0.9197,-0.9031,-0.89,-0.8787,-0.868,-0.8576,-0.8473,-0.8374,-0.8286,-0.8211,-0.8155,-0.8117,-0.9552,-0.9591,-0.9639,-0.9694,-0.9751,-0.9778,-0.9649,-0.8878,-0.6477,-0.5379,-0.6845,-0.6822,-0.6078,-0.5491,-0.5972,-0.7582,-0.9838,-1.1999,-1.2855,-1.2281,-1.1257,-1.0374,-0.9752,-0.935,-0.9096,-0.8929,-0.8803,-0.8692,-0.858,-0.8462,-0.8341,-0.8223,-0.8117,-0.8031,-0.797,-0.7936,-0.9565,-0.9612,-0.9676,-0.977,-0.9913,-1.0142,-1.0486,-1.0577,-0.8462,-0.6703,-0.7122,-0.652,-0.5101,-0.3356,-0.422,-0.7104,-1.1181,-1.5935,-1.6876,-1.4254,-1.1872,-1.0391,-0.9561,-0.9125,-0.89,-0.8773,-0.8677,-0.8578,-0.8462,-0.8325,-0.8176,-0.8028,-0.7897,-0.7796,-0.7732,-0.7706,-0.9576,-0.963,-0.9709,-0.9832,-1.004,-1.0416,-1.1104,-1.1991,-1.1019,-0.8878,-0.7627,-0.6499,-0.5204,-0.2679,-0.3541,-0.7265,-1.2629,-2.2091,-2.2271,-1.5554,-1.1691,-0.9809,-0.8982,-0.8681,-0.8596,-0.8571,-0.8535,-0.8457,-0.8332,-0.8164,-0.7969,-0.7772,-0.7603,-0.7483,-0.7421,-0.7414,-0.9584,-0.9639,-0.972,-0.9845,-1.0048,-1.0385,-1.0908,-1.1453,-1.0911,-0.9335,-0.8044,-0.6571,-0.5917,-0.4336,-0.5701,-0.837,-1.1848,-1.7544,-1.8301,-1.3359,-0.9816,-0.8209,-0.7864,-0.8006,-0.8218,-0.8361,-0.8406,-0.835,-0.8202,-0.7976,-0.7702,-0.7426,-0.7199,-0.7056,-0.7007,-0.704,-0.9585,-0.9636,-0.9708,-0.9812,-0.9961,-1.0166,-1.0396,-1.0479,-1.0117,-0.9555,-0.9121,-0.8233,-0.6875,-0.5974,-0.7134,-0.9917,-1.1781,-1.1976,-1.1749,-0.9054,-0.5948,-0.5234,-0.622,-0.7226,-0.7874,-0.8218,-0.8339,-0.8288,-0.8088,-0.776,-0.735,-0.6939,-0.6621,-0.6458,-0.6452,-0.6563,-0.9581,-0.9625,-0.9683,-0.9758,-0.985,-0.9951,-1.0025,-1.0011,-0.9934,-1.0142,-1.1132,-1.0099,-0.923,-0.8129,-0.8641,-1.0113,-1.116,-1.0211,-0.8668,-0.5373,-0.0331,-0.1233,-0.4649,-0.6703,-0.7747,-0.8233,-0.8387,-0.8306,-0.8012,-0.7513,-0.6867,-0.6222,-0.5767,-0.5607,-0.5711,-0.5968,-0.9575,-0.9612,-0.9656,-0.9708,-0.9764,-0.9816,-0.9852,-0.9875,-0.9963,-1.033,-1.1066,-1.0533,-1.1094,-1.1582,-1.0284,-1.0212,-0.982,-0.8348,-0.6681,-0.4583,0.0359,-0.0854,-0.4677,-0.6891,-0.7987,-0.8464,-0.858,-0.8434,-0.8004,-0.7241,-0.6196,-0.5143,-0.449,-0.4416,-0.4761,-0.5272,-0.957,-0.96,-0.9635,-0.9673,-0.9712,-0.9751,-0.9788,-0.9841,-0.9952,-1.0165,-1.04,-1.0624,-1.1663,-1.2072,-1.1899,-1.1882,-0.9925,-0.6379,-0.3731,-0.5649,-0.4879,-0.4885,-0.6412,-0.7753,-0.8522,-0.8831,-0.8865,-0.8671,-0.8101,-0.6982,-0.5312,-0.3587,-0.2692,-0.2894,-0.3682,-0.4561,-0.9567,-0.9593,-0.9622,-0.9653,-0.9687,-0.9724,-0.9769,-0.9834,-0.9937,-1.0089,-1.0292,-1.0613,-1.1181,-1.2079,-1.4811,-1.5906,-1.1369,-0.7385,-0.5744,-0.8279,-0.8123,-0.786,-0.8273,-0.8803,-0.9074,-0.9062,-0.9032,-0.8946,-0.8321,-0.6854,-0.4434,-0.1841,-0.075,-0.1436,-0.2773,-0.4021,-0.9565,-0.9589,-0.9616,-0.9645,-0.9679,-0.9718,-0.9768,-0.9837,-0.9937,-1.0077,-1.028,-1.0594,-1.1129,-1.221,-1.4397,-1.494,-1.1838,-0.9732,-1.0758,-1.17,-1.0098,-0.9774,-0.9925,-0.9891,-0.9607,-0.9201,-0.9115,-0.9304,-0.869,-0.7047,-0.4238,-0.1198,-0.0033,-0.095,-0.2502,-0.3874,-0.9566,-0.9589,-0.9615,-0.9644,-0.9679,-0.972,-0.9774,-0.9845,-0.9942,-1.0076,-1.0267,-1.0548,-1.0981,-1.1652,-1.2412,-1.2385,-1.1304,-1.0489,-1.0765,-1.1076,-1.105,-1.1725,-1.2051,-1.1353,-1.0446,-1.0081,-1.039,-1.0153,-0.9227,-0.7591,-0.5108,-0.2532,-0.1386,-0.1898,-0.3066,-0.4203,-0.9569,-0.9591,-0.9617,-0.9647,-0.9682,-0.9725,-0.978,-0.985,-0.9943,-1.0066,-1.0232,-1.0456,-1.0751,-1.1098,-1.1358,-1.13,-1.094,-1.0675,-1.0789,-1.1265,-1.2512,-1.4801,-1.547,-1.3407,-1.1423,-1.0695,-1.0913,-1.059,-0.9596,-0.8177,-0.6342,-0.4545,-0.3544,-0.3551,-0.4136,-0.4864,-0.9572,-0.9594,-0.962,-0.9651,-0.9687,-0.973,-0.9784,-0.9851,-0.9936,-1.0045,-1.0181,-1.0349,-1.0542,-1.0731,-1.0853,-1.085,-1.077,-1.0776,-1.1053,-1.1855,-1.3754,-1.686,-1.7682,-1.4805,-1.2172,-1.0957,-1.0643,-1.0328,-0.9611,-0.8563,-0.7307,-0.6109,-0.5319,-0.508,-0.5257,-0.563,-0.9575,-0.9598,-0.9624,-0.9654,-0.969,-0.9732,-0.9784,-0.9847,-0.9923,-1.0016,-1.0126,-1.0251,-1.0384,-1.0506,-1.0593,-1.064,-1.0688,-1.0832,-1.1211,-1.2032,-1.3557,-1.5467,-1.5903,-1.4216,-1.2306,-1.1134,-1.055,-1.0116,-0.9547,-0.8796,-0.794,-0.7127,-0.6526,-0.6227,-0.6198,-0.6342]},{"header":{"la1":42.85,"la2":41.18,"lo1":11.55,"lo2":14.05,"nx":36,"ny":24,"dx":0.07143,"dy":0.07261,"parameterCategory":2,"parameterNumber":3,"parameterNumberName":"northward_wind","parameterUnit":"m.s-1"},"data":[-0.3914,-0.3835,-0.3742,-0.3638,-0.3531,-0.3435,-0.3368,-0.335,-0.3396,-0.351,-0.3682,-0.3894,-0.4129,-0.4366,-0.4574,-0.4715,-0.4752,-0.4684,-0.454,-0.4362,-0.4181,-0.4016,-0.3872,-0.3749,-0.3647,-0.3564,-0.3496,-0.3442,-0.34,-0.3369,-0.3346,-0.3331,-0.3321,-0.3317,-0.3316,-0.3318,-0.3934,-0.3837,-0.3716,-0.3572,-0.3413,-0.3257,-0.3133,-0.3081,-0.313,-0.3289,-0.3536,-0.3842,-0.4182,-0.4536,-0.4867,-0.51,-0.5152,-0.5018,-0.4773,-0.4502,-0.4252,-0.404,-0.3865,-0.3723,-0.361,-0.352,-0.3449,-0.3394,-0.3354,-0.3325,-0.3305,-0.3294,-0.3288,-0.3288,-0.3291,-0.3297,-0.3972,-0.3855,-0.3701,-0.3505,-0.3271,-0.3016,-0.2788,-0.2661,-0.2703,-0.2934,-0.3303,-0.3742,-0.4219,-0.4735,-0.5263,-0.5667,-0.5738,-0.5463,-0.504,-0.4633,-0.4299,-0.4037,-0.3834,-0.3676,-0.3554,-0.346,-0.3389,-0.3336,-0.3299,-0.3274,-0.3259,-0.3253,-0.3253,-0.3258,-0.3267,-0.3277,-0.4033,-0.3901,-0.3715,-0.3458,-0.312,-0.271,-0.2286,-0.199,-0.1998,-0.2364,-0.2946,-0.3578,-0.4212,-0.4901,-0.5692,-0.6383,-0.6477,-0.5943,-0.5263,-0.4704,-0.4291,-0.399,-0.3768,-0.3602,-0.3477,-0.3383,-0.3315,-0.3266,-0.3234,-0.3216,-0.3208,-0.3209,-0.3216,-0.3228,-0.3243,-0.3259,-0.4127,-0.3989,-0.3779,-0.3464,-0.3005,-0.2371,-0.1595,-0.0916,-0.0809,-0.1468,-0.246,-0.3367,-0.4136,-0.4912,-0.586,-0.6801,-0.6916,-0.6142,-0.528,-0.464,-0.4197,-0.3886,-0.3661,-0.3496,-0.3375,-0.3287,-0.3225,-0.3184,-0.316,-0.3151,-0.3152,-0.3162,-0.3179,-0.3199,-0.3222,-0.3245,-0.426,-0.4134,-0.3922,-0.3576,-0.3018,-0.2136,-0.0833,0.064,0.1083,-0.0243,-0.1972,-0.3208,-0.4035,-0.4723,-0.5484,-0.6231,-0.6336,-0.5707,-0.4972,-0.4407,-0.4004,-0.3718,-0.351,-0.3358,-0.3248,-0.317,-0.3119,-0.3089,-0.3077,-0.3079,-0.3093,-0.3115,-0.3142,-0.3173,-0.3205,-0.3235,-0.4436,-0.4344,-0.4167,-0.3848,-0.3283,-0.2288,-0.0577,0.1849,0.2854,0.054,-0.1904,-0.3284,-0.4035,-0.4519,-0.4921,-0.5238,-0.5257,-0.492,-0.4462,-0.4053,-0.3735,-0.3496,-0.3318,-0.3188,-0.3096,-0.3034,-0.2997,-0.2982,-0.2985,-0.3002,-0.3031,-0.3068,-0.3109,-0.3152,-0.3194,-0.3234,-0.465,-0.4617,-0.4518,-0.4301,-0.3872,-0.3065,-0.1637,0.0391,0.117,-0.0756,-0.2644,-0.3685,-0.4226,-0.4499,-0.462,-0.463,-0.4511,-0.4262,-0.3955,-0.3664,-0.3423,-0.3235,-0.3094,-0.2991,-0.292,-0.2878,-0.286,-0.2863,-0.2884,-0.2921,-0.2969,-0.3024,-0.3083,-0.3141,-0.3195,-0.3243,-0.4886,-0.4934,-0.4951,-0.4902,-0.4725,-0.4324,-0.3612,-0.2757,-0.2458,-0.2977,-0.3686,-0.4246,-0.4583,-0.4706,-0.4637,-0.4421,-0.4124,-0.3807,-0.3517,-0.3278,-0.3091,-0.2948,-0.2842,-0.2768,-0.2723,-0.2703,-0.2707,-0.2732,-0.2777,-0.2837,-0.2909,-0.2988,-0.3068,-0.3143,-0.3212,-0.327,-0.5125,-0.5264,-0.5416,-0.5572,-0.5703,-0.5742,-0.5552,-0.4972,-0.4104,-0.3773,-0.4256,-0.4754,-0.5059,-0.5143,-0.4927,-0.4452,-0.3898,-0.3427,-0.3098,-0.2885,-0.2741,-0.2638,-0.2566,-0.2522,-0.2503,-0.2509,-0.2538,-0.259,-0.2663,-0.2754,-0.2857,-0.2965,-0.3071,-0.3168,-0.3252,-0.3319,-0.5338,-0.5564,-0.5851,-0.6217,-0.6678,-0.7204,-0.7555,-0.6866,-0.3868,-0.2536,-0.4407,-0.5221,-0.5663,-0.5909,-0.5543,-0.4618,-0.3644,-0.297,-0.263,-0.2469,-0.2371,-0.2302,-0.2261,-0.2248,-0.226,-0.2295,-0.2352,-0.2435,-0.2543,-0.2673,-0.2816,-0.2963,-0.3102,-0.3225,-0.3325,-0.3401,-0.5501,-0.5795,-0.6187,-0.6728,-0.7492,-0.8575,-0.9969,-1.0693,-0.7225,-0.4434,-0.5237,-0.5725,-0.6309,-0.7208,-0.6554,-0.4716,-0.312,-0.2352,-0.2156,-0.206,-0.1982,-0.193,-0.1917,-0.1941,-0.1988,-0.2055,-0.2145,-0.2264,-0.2417,-0.2598,-0.2797,-0.2996,-0.3179,-0.3331,-0.3448,-0.3527,-0.5593,-0.5922,-0.6367,-0.6995,-0.7917,-0.9323,-1.1449,-1.3751,-1.1679,-0.7546,-0.6066,-0.6223,-0.6499,-0.76,-0.6867,-0.3991,-0.1973,-0.1994,-0.2015,-0.1694,-0.1541,-0.1476,-0.1502,-0.1585,-0.1682,-0.1785,-0.1907,-0.2069,-0.228,-0.2534,-0.2812,-0.3084,-0.3324,-0.3512,-0.364,-0.3714,-0.5606,-0.5931,-0.6366,-0.6966,-0.7818,-0.905,-1.0725,-1.2318,-1.1014,-0.7427,-0.5831,-0.6696,-0.7014,-0.5096,-0.4591,-0.1121,0.1621,-0.0414,-0.1282,-0.1125,-0.0902,-0.0813,-0.0958,-0.1171,-0.134,-0.1472,-0.162,-0.1831,-0.2124,-0.2486,-0.2882,-0.3263,-0.358,-0.3805,-0.3933,-0.3981,-0.5545,-0.5834,-0.6205,-0.6686,-0.7308,-0.8078,-0.8868,-0.9126,-0.7866,-0.5655,-0.4376,-0.4561,-0.4852,-0.4951,-0.296,0.4654,1.2365,0.3931,0.013,-0.037,0.0286,0.0351,-0.0236,-0.0723,-0.0968,-0.1092,-0.1241,-0.1511,-0.1929,-0.2462,-0.3044,-0.3589,-0.4012,-0.4268,-0.4365,-0.4349,-0.5427,-0.566,-0.594,-0.6269,-0.6635,-0.6978,-0.7134,-0.6786,-0.5643,-0.3855,-0.1924,-0.2962,-0.3267,-0.3345,-0.1784,0.3862,0.896,0.2971,-0.0517,-0.0014,0.2646,0.2177,0.0457,-0.0362,-0.0571,-0.057,-0.067,-0.1033,-0.1661,-0.2473,-0.3357,-0.4162,-0.4726,-0.4981,-0.498,-0.4835,-0.5271,-0.5444,-0.5632,-0.5825,-0.5992,-0.6068,-0.5941,-0.5466,-0.4561,-0.3279,-0.1986,-0.237,-0.134,-0.0572,-0.1492,-0.0345,0.02,-0.2321,-0.419,-0.1661,0.28,0.2224,0.0378,-0.0229,-0.0079,0.0285,0.0305,-0.0268,-0.128,-0.2539,-0.3905,-0.5123,-0.5865,-0.6028,-0.5801,-0.5424,-0.5099,-0.5215,-0.5327,-0.5419,-0.546,-0.5405,-0.5192,-0.4768,-0.4134,-0.339,-0.2774,-0.2283,-0.088,-0.0537,-0.209,-0.2552,-0.3315,-0.7192,-1.0933,-0.565,-0.1565,-0.0408,-0.0473,-0.0215,0.0681,0.1837,0.2043,0.0888,-0.0803,-0.2682,-0.4741,-0.6591,-0.7519,-0.7397,-0.6752,-0.6041,-0.4925,-0.4996,-0.5051,-0.5076,-0.5049,-0.4941,-0.4724,-0.4385,-0.3943,-0.3462,-0.3012,-0.2567,-0.2117,-0.2279,-0.3373,-0.377,-0.4159,-0.6983,-0.8987,-0.5856,-0.3632,-0.2045,-0.1114,-0.0156,0.1557,0.4117,0.4614,0.2049,-0.0492,-0.2889,-0.566,-0.8266,-0.9313,-0.8714,-0.7562,-0.6519,-0.476,-0.4796,-0.4812,-0.4797,-0.4737,-0.4615,-0.4421,-0.4154,-0.3833,-0.3493,-0.3169,-0.2891,-0.2743,-0.2929,-0.3482,-0.3735,-0.4059,-0.5075,-0.5268,-0.5062,-0.3909,-0.2355,-0.1227,-0.0212,0.1436,0.4303,0.49,0.1396,-0.087,-0.3064,-0.5983,-0.8895,-0.9971,-0.9158,-0.7816,-0.6663,-0.4609,-0.462,-0.4611,-0.4574,-0.45,-0.4381,-0.4215,-0.4004,-0.3763,-0.3514,-0.3283,-0.3104,-0.3029,-0.3114,-0.3327,-0.3535,-0.3819,-0.4248,-0.4544,-0.4374,-0.316,-0.1622,-0.0712,-0.0313,0.0133,0.0127,-0.1712,-0.1807,-0.1859,-0.3126,-0.5376,-0.7729,-0.8772,-0.8339,-0.7349,-0.6406,-0.4474,-0.4468,-0.4444,-0.4396,-0.4319,-0.4209,-0.4067,-0.3898,-0.3712,-0.3524,-0.3354,-0.3226,-0.3164,-0.3185,-0.3273,-0.3394,-0.3535,-0.3659,-0.3616,-0.3098,-0.1728,0.0107,0.0704,0.0025,-0.0705,-0.2012,-0.3809,-0.3174,-0.2519,-0.3101,-0.4505,-0.6041,-0.6923,-0.6939,-0.6463,-0.5876,-0.4355,-0.4338,-0.4304,-0.4252,-0.4177,-0.4078,-0.3957,-0.3819,-0.3671,-0.3524,-0.3392,-0.3288,-0.3226,-0.3209,-0.3227,-0.3258,-0.327,-0.32,-0.292,-0.2194,-0.0716,0.1276,0.175,0.0434,-0.0805,-0.1893,-0.2728,-0.2739,-0.262,-0.3015,-0.386,-0.4807,-0.5469,-0.5684,-0.5557,-0.5271,-0.425,-0.4226,-0.4188,-0.4134,-0.4063,-0.3975,-0.3872,-0.3756,-0.3634,-0.3515,-0.3405,-0.3314,-0.3247,-0.3203,-0.3173,-0.3137,-0.3062,-0.2891,-0.2531,-0.1846,-0.0732,0.0507,0.0827,0.0051,-0.0877,-0.162,-0.2128,-0.2366,-0.2545,-0.2899,-0.3449,-0.4052,-0.453,-0.4782,-0.4821,-0.4723]}]