docs/data/wind_grid.json
[{"header":{"la1":42.85,"la2":41.18,"lo1":11.55,"lo2":14.05,"nx":36,"ny":24,"dx":0.07143,"dy":0.07261,"parameterCategory":2,"parameterNumber":2,"parameterNumberName":"eastward_wind","parameterUnit":"m.s-1"},"data":[3.3919,3.3851,3.3722,3.3527,3.3272,3.2966,3.2617,3.2229,3.1799,3.1319,3.0778,3.0165,2.947,2.8678,2.777,2.6726,2.5519,2.413,2.2561,2.0881,1.9269,1.8002,1.7327,1.7302,1.7779,1.8524,1.9345,2.0124,2.081,2.1389,2.1867,2.2258,2.2575,2.2834,2.3047,2.3226,3.4393,3.4352,3.423,3.4021,3.3733,3.3386,3.3,3.2583,3.2132,3.1629,3.1061,3.0414,2.9677,2.8831,2.785,2.6699,2.5328,2.3673,2.1668,1.9329,1.6915,1.4996,1.4152,1.4475,1.5554,1.6897,1.819,1.9303,2.0212,2.0936,2.1507,2.1955,2.2308,2.2589,2.2815,2.3002,3.495,3.4956,3.485,3.4618,3.4273,3.3855,3.3409,3.2959,3.249,3.197,3.1374,3.0695,2.9924,2.9038,2.8005,2.6778,2.5286,2.3399,2.0898,1.7566,1.3634,1.0349,0.9276,1.05,1.2789,1.5105,1.7043,1.855,1.9693,2.0553,2.1201,2.1692,2.2068,2.236,2.259,2.2778,3.5616,3.5708,3.5642,3.5376,3.4927,3.4377,3.3829,3.3339,3.2868,3.2336,3.1708,3.0996,3.02,2.9296,2.8244,2.6995,2.5481,2.3543,2.0716,1.6081,0.9181,0.2679,0.1464,0.5107,0.9698,1.3414,1.6094,1.7983,1.9319,2.0276,2.0969,2.1478,2.1857,2.2145,2.237,2.2552,3.642,3.6679,3.6716,3.6414,3.5775,3.4966,3.4223,3.369,3.3267,3.2726,3.2038,3.1287,3.0486,2.9591,2.8556,2.7348,2.5963,2.4384,2.2044,1.6534,0.4513,-0.9536,-0.9876,-0.0664,0.7242,1.2363,1.5611,1.7729,1.9152,2.0132,2.0821,2.1314,2.1673,2.1941,2.2147,2.2314,3.7372,3.7959,3.8273,3.7985,3.6998,3.5671,3.4538,3.3954,3.3709,3.312,3.2298,3.1519,3.0751,2.99,2.8912,2.7785,2.6629,2.5901,2.5879,2.1845,0.5583,-1.6791,-1.5657,-0.2094,0.7168,1.2558,1.5807,1.7863,1.9213,2.0124,2.0752,2.1191,2.1504,2.1734,2.191,2.2055,3.8415,3.9604,4.0636,4.061,3.8961,3.6627,3.4792,3.4064,3.4106,3.3308,3.2328,3.1628,3.0977,3.0191,2.9246,2.82,2.7197,2.7045,2.9783,2.8325,1.3998,-0.0299,-0.2586,0.3988,1.0007,1.4044,1.6647,1.8342,1.9465,2.0221,2.0735,2.1087,2.1331,2.1507,2.1642,2.1758,3.9311,4.1378,4.4031,4.5142,4.2042,3.7858,3.5091,3.3873,3.3553,3.2636,3.1914,3.1599,3.1192,3.0431,2.94,2.8408,2.751,2.6787,2.6904,2.3766,1.5185,1.0853,0.9592,1.1134,1.3782,1.6112,1.7819,1.9002,1.981,2.0358,2.0724,2.0965,2.1123,2.1232,2.1318,2.1402,3.961,4.2224,4.6837,5.0595,4.4634,3.8496,3.5139,3.3033,3.1483,3.059,3.0888,3.1512,3.1539,3.062,2.8918,2.7808,2.7594,2.6663,2.4329,1.8635,0.9572,1.0327,1.3662,1.5375,1.6789,1.7999,1.8936,1.9626,2.0119,2.0455,2.0665,2.0783,2.0842,2.0875,2.0907,2.0958,3.9025,4.0875,4.3754,4.5509,4.0903,3.7434,3.4817,3.1669,2.7251,2.5627,2.8947,3.1606,3.2363,3.1169,2.6994,2.465,2.7423,2.7478,2.5152,2.0013,1.3082,1.3164,1.6431,1.8082,1.8855,1.9323,1.9691,2.0012,2.0269,2.0434,2.0501,2.0493,2.0444,2.0392,2.0368,2.039,3.7952,3.8491,3.796,3.4738,3.4837,3.6128,3.5259,3.1871,2.0899,1.5261,2.7121,3.2467,3.4086,3.3589,2.8734,2.4992,2.8654,2.8977,2.7442,2.4443,2.0986,1.9647,1.9988,2.0208,2.0037,1.9817,1.9815,1.999,2.0169,2.0239,2.0184,2.0042,1.987,1.9724,1.9643,1.965,3.7017,3.6991,3.6092,3.4255,3.4543,3.6335,3.7571,3.7738,2.9534,2.3102,3.0312,3.4499,3.6335,3.7834,3.5773,3.2346,3.1272,3.0451,2.9473,2.7706,2.5487,2.3766,2.2584,2.1353,1.9918,1.896,1.8982,1.9455,1.9798,1.9856,1.9677,1.9369,1.9042,1.8785,1.8655,1.8671,3.6414,3.6373,3.6031,3.5641,3.5995,3.7323,3.9718,4.2918,3.9727,3.4444,3.4864,3.6991,3.7766,3.9114,3.7704,3.4108,3.2503,3.058,3.0202,2.934,2.7585,2.5783,2.3877,2.1299,1.791,1.5981,1.702,1.8539,1.9275,1.9318,1.8941,1.8382,1.7835,1.7446,1.7287,1.7364,3.6041,3.6091,3.6077,3.6154,3.6591,3.761,3.9336,4.1206,3.9901,3.7028,3.6887,3.8963,3.9457,3.6332,3.5388,3.2408,3.3025,3.2034,3.0989,3.0011,2.8324,2.6594,2.4516,2.1017,1.538,1.2289,1.5224,1.7917,1.8843,1.866,1.789,1.6909,1.6035,1.5492,1.5366,1.5612,3.5782,3.5896,3.6013,3.6215,3.6606,3.7256,3.8077,3.8579,3.806,3.7394,3.7566,3.7989,3.7713,3.7888,3.505,3.226,3.799,3.4484,3.2201,3.003,2.7668,2.6354,2.5046,2.2091,1.7283,1.4524,1.6451,1.8321,1.8637,1.782,1.6328,1.4636,1.3261,1.2574,1.2639,1.327,3.5574,3.5716,3.5875,3.6089,3.6392,3.6781,3.7163,3.7364,3.7371,3.7641,3.8476,3.8681,3.8117,3.7252,3.6039,3.5823,3.7468,3.5092,3.2737,2.924,2.429,2.4591,2.5431,2.3873,2.1218,1.9405,1.9232,1.9256,1.8454,1.6619,1.3922,1.0999,0.8837,0.8126,0.8772,1.0208,3.5388,3.5537,3.5702,3.5897,3.6132,3.6392,3.664,3.6846,3.709,3.7585,3.8327,3.831,3.8652,3.8737,3.7085,3.637,3.5925,3.5095,3.3864,3.0211,2.3892,2.4611,2.6146,2.5217,2.3411,2.1855,2.0844,1.9848,1.8091,1.4944,1.0258,0.5059,0.1609,0.1344,0.3463,0.643,3.5213,3.5359,3.5516,3.569,3.5884,3.609,3.63,3.6523,3.6802,3.7179,3.7561,3.7864,3.8697,3.893,3.8377,3.8105,3.6715,3.6051,3.6518,3.3712,2.9919,2.8285,2.7603,2.6119,2.4033,2.2107,2.0989,1.9996,1.7727,1.3045,0.5165,-0.434,-0.9881,-0.8332,-0.3073,0.2356,3.5043,3.5182,3.5328,3.5485,3.5654,3.5833,3.6024,3.6237,3.6485,3.677,3.7068,3.7401,3.7869,3.8572,4.1243,4.2486,3.8146,3.6551,3.6672,3.6172,3.3583,3.1066,2.9093,2.679,2.3797,2.0744,1.994,2.002,1.7783,1.1786,-0.0025,-1.6201,-2.4488,-1.8881,-0.903,-0.0875,3.4877,3.5007,3.5142,3.5284,3.5434,3.5594,3.5766,3.5955,3.6166,3.6398,3.6651,3.6954,3.7406,3.8371,4.0649,4.1297,3.8227,3.6911,3.835,3.9337,3.5581,3.2796,3.0561,2.7771,2.4154,2.0513,1.974,2.0479,1.8568,1.247,-0.0888,-2.0853,-3.0674,-2.2678,-1.0819,-0.1729,3.4713,3.4833,3.4956,3.5084,3.5219,3.5361,3.5512,3.5675,3.5851,3.6041,3.6253,3.6509,3.6876,3.7471,3.8211,3.8187,3.7171,3.6622,3.727,3.7404,3.5665,3.4378,3.29,2.9761,2.5761,2.2775,2.1931,2.168,2.0199,1.5577,0.5166,-1.0167,-1.884,-1.4962,-0.6774,0.0371,3.455,3.4659,3.4771,3.4886,3.5004,3.5128,3.5258,3.5394,3.5538,3.5689,3.5854,3.6042,3.6273,3.6543,3.6734,3.6612,3.6202,3.5904,3.5903,3.5842,3.5986,3.7554,3.768,3.3066,2.7663,2.3837,2.2121,2.2436,2.2564,2.018,1.3472,0.395,-0.27,-0.3118,0.0229,0.4342,3.4387,3.4486,3.4585,3.4687,3.479,3.4896,3.5004,3.5114,3.5226,3.534,3.5456,3.5576,3.5694,3.5789,3.58,3.5668,3.5427,3.5213,3.5135,3.5345,3.6634,4.0218,4.1421,3.553,2.9356,2.5393,2.3693,2.4213,2.6036,2.4605,1.9455,1.3067,0.8121,0.6196,0.6796,0.8621,3.4225,3.4313,3.44,3.4488,3.4576,3.4664,3.4751,3.4836,3.4919,3.4998,3.507,3.5131,3.5173,3.5177,3.5118,3.4982,3.4794,3.4623,3.4571,3.4852,3.5939,3.7939,3.8141,3.4452,2.9974,2.6763,2.5184,2.5311,2.6518,2.5473,2.1865,1.7624,1.414,1.2181,1.1735,1.2312]},{"header":{"la1":42.85,"la2":41.18,"lo1":11.55,"lo2":14.05,"nx":36,"ny":24,"dx":0.07143,"dy":0.07261,"parameterCategory":2,"parameterNumber":3,"parameterNumberName":"northward_wind","parameterUnit":"m.s-1"},"data":[0.5131,0.4963,0.476,0.4524,0.4267,0.4011,0.379,0.364,0.3585,0.3618,0.3703,0.3785,0.3808,0.3724,0.3495,0.3085,0.2461,0.1591,0.0466,-0.0853,-0.2192,-0.3271,-0.3836,-0.3815,-0.3334,-0.2601,-0.1791,-0.1007,-0.0293,0.0341,0.09,0.1392,0.1829,0.2219,0.2569,0.2883,0.5196,0.5006,0.4761,0.4457,0.4103,0.373,0.3396,0.3174,0.3123,0.3242,0.3467,0.3699,0.3849,0.3857,0.3676,0.3265,0.2569,0.151,0.0006,-0.1939,-0.407,-0.5814,-0.6585,-0.627,-0.5246,-0.3973,-0.2738,-0.1654,-0.0736,0.0035,0.0689,0.1249,0.1737,0.2167,0.2548,0.2887,0.5299,0.5093,0.4806,0.4416,0.3919,0.3348,0.2794,0.2408,0.2341,0.2613,0.3086,0.3568,0.3918,0.4065,0.3973,0.3606,0.2896,0.17,-0.0234,-0.3145,-0.6796,-0.9933,-1.0982,-0.9835,-0.7679,-0.5505,-0.3683,-0.2243,-0.1113,-0.021,0.0529,0.1151,0.1684,0.2149,0.2558,0.2921,0.5454,0.5253,0.4935,0.4451,0.376,0.2863,0.1877,0.1108,0.0959,0.1537,0.2488,0.339,0.4033,0.4369,0.4405,0.4142,0.354,0.2416,0.0234,-0.398,-1.0653,-1.7069,-1.8316,-1.4816,-1.044,-0.6949,-0.445,-0.2672,-0.1366,-0.0364,0.0439,0.1106,0.1676,0.2171,0.2606,0.299,0.5676,0.5517,0.5214,0.466,0.3737,0.2351,0.0542,-0.1166,-0.1599,-0.0298,0.163,0.3211,0.424,0.4797,0.4981,0.4872,0.4542,0.3958,0.2385,-0.2767,-1.4768,-2.8961,-2.9351,-2.0237,-1.2595,-0.7787,-0.4795,-0.283,-0.1448,-0.0406,0.0426,0.1121,0.1718,0.2239,0.2696,0.3098,0.5967,0.5918,0.5724,0.5189,0.4067,0.2092,-0.1038,-0.491,-0.6258,-0.3081,0.0716,0.3197,0.462,0.5382,0.5701,0.5733,0.5738,0.6256,0.7244,0.3466,-1.3063,-3.6197,-3.5055,-2.1354,-1.2398,-0.7438,-0.4533,-0.2669,-0.1354,-0.0344,0.0484,0.1192,0.1809,0.2353,0.2832,0.3251,0.6297,0.6455,0.655,0.6223,0.5007,0.2611,-0.1611,-0.8267,-1.1316,-0.5085,0.0585,0.3622,0.5262,0.6165,0.6585,0.6662,0.6742,0.7929,1.1855,1.0564,-0.3151,-1.8017,-2.0872,-1.4658,-0.9291,-0.5901,-0.375,-0.227,-0.1146,-0.0217,0.059,0.1307,0.1948,0.2518,0.3019,0.3456,0.6583,0.7019,0.7689,0.7916,0.6551,0.4048,0.0435,-0.4681,-0.6851,-0.2348,0.1958,0.4557,0.6159,0.7171,0.7727,0.7776,0.7485,0.7687,0.9012,0.7426,0.2631,-0.172,-0.5948,-0.6572,-0.5368,-0.4001,-0.2845,-0.1854,-0.095,-0.0097,0.0707,0.1454,0.2133,0.2738,0.3267,0.3722,0.6684,0.726,0.8571,0.9778,0.7727,0.5419,0.3394,0.1264,0.035,0.1481,0.3572,0.5607,0.7173,0.8366,0.933,0.9487,0.8499,0.745,0.6648,0.548,0.5586,0.4526,0.0444,-0.1945,-0.2706,-0.2707,-0.2334,-0.1713,-0.0928,-0.0064,0.0804,0.1626,0.2371,0.3028,0.359,0.4063,0.6529,0.678,0.7409,0.7856,0.6341,0.5919,0.5551,0.4185,0.1823,0.1191,0.3817,0.6422,0.8165,0.9519,1.1441,1.2364,0.9789,0.7858,0.6528,0.5443,0.5176,0.4341,0.1847,-0.0393,-0.1888,-0.2652,-0.2699,-0.2149,-0.1234,-0.018,0.0869,0.1835,0.2686,0.3411,0.4013,0.4499,0.6286,0.5994,0.5019,0.2502,0.2994,0.6211,0.7914,0.6704,-0.0832,-0.4762,0.3263,0.7295,0.9203,1.0344,1.1652,1.2578,0.9914,0.8159,0.6947,0.575,0.4646,0.3396,0.1499,-0.0826,-0.3048,-0.4431,-0.4474,-0.3448,-0.1963,-0.0441,0.0941,0.2131,0.3124,0.3931,0.4569,0.5059,0.6214,0.5755,0.4608,0.2655,0.348,0.7848,1.1869,1.3684,0.6646,0.1018,0.5682,0.867,1.0371,1.1777,1.1289,1.028,0.9166,0.8325,0.7591,0.6237,0.4666,0.2912,0.0544,-0.2839,-0.6812,-0.9202,-0.8409,-0.5797,-0.3042,-0.072,0.1137,0.2608,0.3762,0.4649,0.5308,0.5778,0.6377,0.6122,0.5688,0.546,0.6771,1.0186,1.5015,1.9898,1.6023,0.9498,0.8692,1.0282,1.1119,1.2369,1.1573,0.9715,0.8828,0.8801,0.856,0.6527,0.4541,0.241,-0.0659,-0.6051,-1.4132,-1.8781,-1.4925,-0.8765,-0.4016,-0.0709,0.1656,0.3407,0.4709,0.565,0.6293,0.6699,0.6646,0.6644,0.6732,0.7196,0.8498,1.0887,1.4195,1.7293,1.5353,1.0525,0.9263,1.1627,1.2471,1.0285,0.9845,0.9565,0.8671,0.8133,0.7713,0.5891,0.3794,0.1705,-0.1426,-0.8278,-2.1372,-2.9272,-2.037,-1.0277,-0.3936,0.0031,0.2737,0.4692,0.6098,0.7044,0.7605,0.7873,0.6889,0.7036,0.7321,0.7881,0.8857,1.0258,1.1795,1.2552,1.1152,0.8598,0.7361,0.8274,0.8972,0.8206,0.8929,0.9364,0.5891,0.6921,0.633,0.4357,0.1747,0.0372,-0.1284,-0.6467,-1.6724,-2.3085,-1.6348,-0.7772,-0.2017,0.1791,0.4549,0.6627,0.8099,0.8975,0.934,0.9349,0.7047,0.7243,0.7544,0.7998,0.8618,0.9315,0.9827,0.9687,0.848,0.6184,0.278,0.5773,0.6859,0.7689,0.7838,0.7302,0.6016,0.643,0.5612,0.245,-0.3071,-0.2427,-0.0784,-0.2586,-0.6609,-0.8943,-0.6586,-0.2378,0.1339,0.442,0.7108,0.9373,1.0943,1.164,1.1607,1.1157,0.712,0.7308,0.7557,0.7871,0.8223,0.852,0.8598,0.824,0.727,0.5526,0.3167,0.4886,0.579,0.5762,0.6565,0.6588,0.6534,0.6665,0.6225,0.2955,-0.3704,-0.2543,0.0365,0.0672,0.0059,0.0068,0.1176,0.2882,0.4941,0.7415,1.0303,1.315,1.4997,1.5292,1.447,1.3253,0.7129,0.7285,0.7469,0.7669,0.785,0.795,0.7878,0.7545,0.6912,0.6063,0.544,0.5587,0.5495,0.5321,0.4989,0.4771,0.5944,0.754,0.8759,0.6231,0.288,0.1913,0.2626,0.3297,0.4125,0.5324,0.6169,0.6719,0.7912,1.0223,1.3891,1.8184,2.0667,2.0021,1.7752,1.5413,0.7098,0.7218,0.7345,0.7464,0.755,0.7561,0.7455,0.7202,0.6815,0.6378,0.6049,0.5866,0.5579,0.4769,0.1827,0.055,0.4784,0.7521,0.8775,0.8552,0.649,0.4925,0.4659,0.5294,0.6676,0.8256,0.8722,0.9011,1.0022,1.2378,1.7125,2.3762,2.7192,2.4814,2.0621,1.7126,0.7045,0.7133,0.7218,0.7286,0.7319,0.7294,0.7193,0.7007,0.6754,0.6476,0.6214,0.5945,0.5509,0.4493,0.2239,0.1617,0.4734,0.7401,1.0424,1.1659,0.8154,0.6146,0.5697,0.6447,0.804,0.9162,0.9386,1.0878,1.1689,1.3561,1.8314,2.5924,2.979,2.6534,2.1615,1.7771,0.6983,0.7047,0.7101,0.7137,0.7143,0.7106,0.7018,0.6878,0.6696,0.6489,0.6266,0.6,0.5612,0.4993,0.4262,0.431,0.5547,0.7203,0.9048,0.9464,0.7454,0.5722,0.5386,0.661,0.8958,1.1877,1.5326,1.4647,1.322,1.3815,1.6882,2.2132,2.5237,2.3599,2.0204,1.7172,0.692,0.6965,0.6999,0.7016,0.7008,0.6968,0.6893,0.6784,0.6644,0.6482,0.6297,0.608,0.5812,0.5504,0.5287,0.5418,0.5979,0.6744,0.7349,0.714,0.5685,0.3563,0.3092,0.5514,0.9126,1.3783,1.8601,1.6396,1.3699,1.3497,1.4832,1.7434,1.9389,1.9223,1.7666,1.5819,0.6861,0.6891,0.6912,0.6917,0.6903,0.6865,0.6802,0.6714,0.6603,0.6475,0.633,0.6169,0.5997,0.5843,0.5773,0.5865,0.6118,0.6406,0.6489,0.6003,0.4486,0.1798,0.1027,0.4363,0.8385,1.2136,1.4572,1.3994,1.3181,1.3133,1.3547,1.4665,1.5711,1.5931,1.5338,1.4342,0.6806,0.6827,0.6838,0.6837,0.6821,0.6786,0.6733,0.6661,0.6574,0.6473,0.6362,0.6246,0.6136,0.605,0.6019,0.6063,0.6162,0.6235,0.6139,0.5672,0.4613,0.3133,0.2909,0.5023,0.7898,1.0461,1.2129,1.2773,1.3069,1.2968,1.291,1.3263,1.371,1.3866,1.3617,1.3072]}]