docs/data/wind_grid.json
[{"header":{"la1":42.85,"la2":41.18,"lo1":11.55,"lo2":14.05,"nx":36,"ny":24,"dx":0.07143,"dy":0.07261,"parameterCategory":2,"parameterNumber":2,"parameterNumberName":"eastward_wind","parameterUnit":"m.s-1"},"data":[-0.4157,-0.4254,-0.4351,-0.4447,-0.4536,-0.4609,-0.4653,-0.4652,-0.4599,-0.4499,-0.4377,-0.4261,-0.4182,-0.4158,-0.4196,-0.4289,-0.4414,-0.4539,-0.4623,-0.4636,-0.4565,-0.4422,-0.423,-0.4016,-0.3801,-0.3599,-0.3415,-0.3253,-0.3112,-0.299,-0.2887,-0.2798,-0.2723,-0.2659,-0.2605,-0.2558,-0.4287,-0.4405,-0.4529,-0.4659,-0.479,-0.491,-0.4997,-0.5018,-0.495,-0.4797,-0.4599,-0.4413,-0.4287,-0.4252,-0.4319,-0.4478,-0.4699,-0.4926,-0.5088,-0.5124,-0.5018,-0.4798,-0.4517,-0.422,-0.3937,-0.3683,-0.3462,-0.3274,-0.3115,-0.2982,-0.2872,-0.2779,-0.2702,-0.2638,-0.2583,-0.2537,-0.4426,-0.4568,-0.4722,-0.4894,-0.5085,-0.5285,-0.546,-0.5541,-0.5463,-0.5219,-0.4886,-0.4576,-0.4372,-0.4318,-0.4425,-0.4688,-0.5068,-0.5478,-0.578,-0.5849,-0.5661,-0.5297,-0.4866,-0.4445,-0.4072,-0.3755,-0.3493,-0.3278,-0.3104,-0.2962,-0.2846,-0.2751,-0.2674,-0.261,-0.2557,-0.2513,-0.4572,-0.4739,-0.4924,-0.5143,-0.5413,-0.5741,-0.609,-0.6327,-0.6265,-0.585,-0.5263,-0.474,-0.4414,-0.4328,-0.449,-0.4903,-0.5543,-0.6291,-0.687,-0.6978,-0.659,-0.594,-0.5263,-0.4669,-0.4185,-0.38,-0.3498,-0.326,-0.3073,-0.2925,-0.2808,-0.2714,-0.2638,-0.2577,-0.2527,-0.2486,-0.4727,-0.4919,-0.5131,-0.539,-0.5741,-0.6247,-0.692,-0.7547,-0.7596,-0.6822,-0.5734,-0.4863,-0.437,-0.4245,-0.4472,-0.5074,-0.6104,-0.7479,-0.8643,-0.8775,-0.789,-0.6699,-0.5652,-0.4845,-0.4245,-0.3798,-0.3465,-0.3212,-0.302,-0.2871,-0.2756,-0.2666,-0.2596,-0.2539,-0.2494,-0.2457,-0.4897,-0.5115,-0.5345,-0.5617,-0.6012,-0.6683,-0.7832,-0.9315,-0.9763,-0.8178,-0.6174,-0.4841,-0.418,-0.4031,-0.4319,-0.5095,-0.6576,-0.8959,-1.1333,-1.1387,-0.941,-0.7375,-0.5902,-0.4902,-0.4214,-0.3731,-0.3383,-0.313,-0.2941,-0.28,-0.2693,-0.261,-0.2547,-0.2497,-0.2458,-0.2426,-0.5092,-0.5347,-0.5594,-0.5842,-0.6177,-0.6831,-0.8249,-1.0727,-1.1884,-0.9067,-0.6128,-0.4505,-0.3786,-0.3669,-0.4016,-0.4851,-0.6521,-0.9694,-1.3499,-1.3363,-1.0171,-0.7517,-0.5833,-0.4766,-0.4064,-0.3585,-0.325,-0.3012,-0.2839,-0.2712,-0.2618,-0.2547,-0.2494,-0.2453,-0.2421,-0.2395,-0.5321,-0.5651,-0.5947,-0.6159,-0.6314,-0.663,-0.7519,-0.924,-0.993,-0.7553,-0.5149,-0.3777,-0.318,-0.3196,-0.3669,-0.4436,-0.5728,-0.8201,-1.1234,-1.1338,-0.8957,-0.6812,-0.5372,-0.4426,-0.3794,-0.3365,-0.307,-0.2864,-0.2718,-0.2612,-0.2536,-0.248,-0.2439,-0.2408,-0.2385,-0.2366,-0.558,-0.6055,-0.6513,-0.6782,-0.6702,-0.6462,-0.6408,-0.6497,-0.6098,-0.4951,-0.3748,-0.2818,-0.2381,-0.2673,-0.3629,-0.4413,-0.4939,-0.6077,-0.7427,-0.7717,-0.6831,-0.5664,-0.4679,-0.395,-0.344,-0.3093,-0.2859,-0.2699,-0.2587,-0.2508,-0.2452,-0.2413,-0.2386,-0.2366,-0.2352,-0.2341,-0.5819,-0.6515,-0.7343,-0.7981,-0.7711,-0.6745,-0.5961,-0.5186,-0.4086,-0.3269,-0.2667,-0.1816,-0.1294,-0.1892,-0.4429,-0.5813,-0.4816,-0.5154,-0.5791,-0.5892,-0.5419,-0.469,-0.3987,-0.3435,-0.3053,-0.2805,-0.2644,-0.2535,-0.2459,-0.2407,-0.2373,-0.2352,-0.2339,-0.2331,-0.2326,-0.2321,-0.5931,-0.682,-0.8086,-0.9457,-0.9152,-0.7283,-0.6272,-0.5345,-0.3177,-0.2247,-0.2071,-0.0787,0.0324,0.0272,-0.309,-0.559,-0.4547,-0.5577,-0.629,-0.5833,-0.4919,-0.4051,-0.3384,-0.2941,-0.2688,-0.2552,-0.2466,-0.2399,-0.235,-0.232,-0.2305,-0.2301,-0.2302,-0.2305,-0.2308,-0.231,-0.5814,-0.6683,-0.7909,-0.9205,-0.8879,-0.734,-0.7237,-0.7549,-0.5084,-0.2909,-0.1646,0.0301,0.2215,0.4126,0.2378,-0.134,-0.4485,-0.8742,-0.9717,-0.7124,-0.4878,-0.3525,-0.2797,-0.2483,-0.2418,-0.2423,-0.2384,-0.2319,-0.2272,-0.2253,-0.2254,-0.2266,-0.228,-0.2294,-0.2304,-0.231,-0.547,-0.6121,-0.6881,-0.7444,-0.7269,-0.7011,-0.802,-0.9856,-0.8033,-0.3996,-0.1019,0.1334,0.2914,0.5324,0.4214,-0.0074,-0.5428,-1.5538,-1.5725,-0.826,-0.4419,-0.2705,-0.2079,-0.2072,-0.2375,-0.2568,-0.246,-0.23,-0.2221,-0.2207,-0.2225,-0.2252,-0.2278,-0.2299,-0.2314,-0.2322,-0.5005,-0.542,-0.5819,-0.6066,-0.612,-0.6372,-0.7307,-0.8548,-0.7257,-0.3447,-0.0469,0.2071,0.2958,0.4516,0.2462,-0.0828,-0.476,-1.0583,-1.126,-0.5965,-0.2552,-0.117,-0.1056,-0.1629,-0.2516,-0.2921,-0.2583,-0.2277,-0.2176,-0.2181,-0.2222,-0.2266,-0.23,-0.2325,-0.234,-0.2348,-0.4519,-0.4765,-0.4974,-0.5106,-0.5193,-0.5371,-0.5688,-0.5696,-0.44,-0.2168,-0.0508,0.0686,0.2054,0.2982,0.1403,-0.2809,-0.6234,-0.4904,-0.4137,-0.1607,0.0913,0.1397,0.0426,-0.0846,-0.2058,-0.2589,-0.2356,-0.2147,-0.2124,-0.2184,-0.2257,-0.2313,-0.2349,-0.237,-0.2381,-0.2386,-0.4063,-0.4195,-0.4292,-0.4338,-0.4341,-0.4313,-0.4179,-0.369,-0.2627,-0.1367,-0.0868,-0.083,0.019,0.1451,0.0602,-0.2236,-0.4608,-0.2383,-0.0395,0.2065,0.5414,0.4681,0.204,0.0172,-0.1055,-0.1679,-0.1863,-0.1964,-0.2105,-0.2245,-0.2344,-0.2396,-0.2417,-0.2426,-0.2431,-0.2432,-0.365,-0.3704,-0.3722,-0.3692,-0.3603,-0.3433,-0.3119,-0.2575,-0.1803,-0.1066,-0.0802,-0.0461,0.0438,0.0865,0.0724,0.0064,-0.0222,0.1144,0.2684,0.3751,0.615,0.5312,0.2676,0.0797,-0.0413,-0.1116,-0.1538,-0.1887,-0.2194,-0.2403,-0.2494,-0.2497,-0.2474,-0.2466,-0.2473,-0.2479,-0.3284,-0.3282,-0.3243,-0.3155,-0.3005,-0.2772,-0.2425,-0.1948,-0.1383,-0.0857,-0.0455,0.0018,0.0679,0.0991,0.1669,0.2093,0.2263,0.4101,0.5712,0.4875,0.4619,0.3931,0.2451,0.091,-0.0275,-0.0922,-0.1342,-0.1936,-0.2454,-0.2699,-0.2694,-0.2552,-0.2444,-0.2445,-0.249,-0.2522,-0.2963,-0.2921,-0.2843,-0.272,-0.2539,-0.2289,-0.1959,-0.1554,-0.1104,-0.0659,-0.023,0.0241,0.0794,0.1627,0.3655,0.4456,0.3537,0.4881,0.6255,0.7126,0.5593,0.3929,0.241,0.0845,-0.0438,-0.0663,-0.0739,-0.2122,-0.3027,-0.3208,-0.2935,-0.2472,-0.2246,-0.2342,-0.2489,-0.2568,-0.2685,-0.2616,-0.2513,-0.237,-0.2178,-0.1932,-0.1631,-0.1279,-0.0895,-0.0495,-0.0077,0.0394,0.0996,0.1965,0.3537,0.4114,0.3876,0.5477,0.9597,1.1393,0.7075,0.4529,0.2813,0.0935,-0.0842,-0.0971,-0.091,-0.353,-0.429,-0.4076,-0.3363,-0.2466,-0.2108,-0.2314,-0.2543,-0.2646,-0.2446,-0.2359,-0.2242,-0.209,-0.1898,-0.1664,-0.1389,-0.1076,-0.0735,-0.0369,0.0027,0.0479,0.1039,0.1772,0.2594,0.3141,0.3722,0.5241,0.7802,0.8616,0.6635,0.532,0.4132,0.1692,-0.1478,-0.4584,-0.8231,-0.7763,-0.631,-0.5433,-0.4317,-0.314,-0.2585,-0.2618,-0.274,-0.2784,-0.2242,-0.2144,-0.202,-0.1866,-0.168,-0.146,-0.1207,-0.0925,-0.0616,-0.0281,0.0085,0.0497,0.0974,0.1523,0.2095,0.2649,0.3328,0.4348,0.5498,0.6037,0.6258,0.7543,0.764,0.3787,-0.1352,-0.6792,-1.1658,-0.9883,-0.8151,-0.731,-0.5804,-0.4352,-0.3498,-0.3172,-0.3052,-0.2966,-0.2069,-0.1965,-0.1838,-0.1686,-0.1508,-0.1303,-0.107,-0.0813,-0.0533,-0.0228,0.0104,0.047,0.0875,0.1317,0.1786,0.2285,0.2866,0.3563,0.4296,0.5046,0.6481,0.9578,1.055,0.5589,-0.0326,-0.5205,-0.822,-0.8968,-1.0316,-0.9489,-0.7231,-0.541,-0.4292,-0.3688,-0.3356,-0.3144,-0.1923,-0.1816,-0.169,-0.1543,-0.1374,-0.1182,-0.0968,-0.0734,-0.0479,-0.0203,0.0095,0.0417,0.0765,0.1137,0.1533,0.1959,0.2431,0.296,0.3554,0.4333,0.5671,0.7584,0.7783,0.4504,0.0129,-0.3599,-0.6286,-0.8546,-1.0568,-0.9781,-0.7612,-0.5851,-0.4702,-0.3997,-0.3559,-0.3268]},{"header":{"la1":42.85,"la2":41.18,"lo1":11.55,"lo2":14.05,"nx":36,"ny":24,"dx":0.07143,"dy":0.07261,"parameterCategory":2,"parameterNumber":3,"parameterNumberName":"northward_wind","parameterUnit":"m.s-1"},"data":[0.1311,0.1456,0.1613,0.1779,0.1945,0.2092,0.2191,0.221,0.2129,0.1948,0.1691,0.1397,0.1102,0.0828,0.0589,0.0385,0.0216,0.0078,-0.0032,-0.012,-0.0191,-0.025,-0.0304,-0.0356,-0.0409,-0.0464,-0.0522,-0.0581,-0.0642,-0.0704,-0.0767,-0.0828,-0.0889,-0.0948,-0.1003,-0.1056,0.1419,0.1595,0.1797,0.2025,0.2271,0.2513,0.2703,0.2781,0.2695,0.244,0.2067,0.165,0.1249,0.0898,0.0605,0.0366,0.0175,0.0024,-0.0092,-0.0178,-0.0241,-0.0291,-0.0337,-0.0384,-0.0434,-0.0488,-0.0547,-0.0609,-0.0673,-0.074,-0.0806,-0.0873,-0.0938,-0.1001,-0.106,-0.1116,0.152,0.173,0.1981,0.2286,0.2647,0.3044,0.3408,0.3614,0.3537,0.3153,0.2573,0.1954,0.1401,0.095,0.0596,0.0321,0.0105,-0.006,-0.0181,-0.026,-0.0309,-0.0343,-0.0375,-0.0413,-0.0459,-0.0513,-0.0574,-0.0639,-0.0708,-0.0779,-0.0852,-0.0923,-0.0994,-0.1061,-0.1125,-0.1185,0.1611,0.185,0.2149,0.2537,0.3048,0.3692,0.4388,0.4894,0.4875,0.4232,0.3254,0.2298,0.1531,0.0964,0.0551,0.0244,0.0005,-0.0182,-0.0311,-0.0378,-0.0399,-0.0404,-0.0416,-0.0443,-0.0485,-0.054,-0.0603,-0.0673,-0.0748,-0.0825,-0.0903,-0.0981,-0.1058,-0.1131,-0.12,-0.1264,0.1689,0.1949,0.2281,0.2738,0.3409,0.4398,0.5708,0.6931,0.7128,0.5896,0.4114,0.262,0.1589,0.0913,0.046,0.0136,-0.0123,-0.0344,-0.05,-0.0548,-0.0515,-0.0472,-0.0456,-0.0471,-0.051,-0.0566,-0.0635,-0.0711,-0.0792,-0.0876,-0.0962,-0.1048,-0.1132,-0.1212,-0.1287,-0.1355,0.1762,0.2032,0.2368,0.2839,0.3602,0.4936,0.7168,0.9968,1.0857,0.8214,0.4931,0.2747,0.1492,0.0764,0.0315,0.0005,-0.0255,-0.0527,-0.0754,-0.0772,-0.064,-0.053,-0.0485,-0.0492,-0.0532,-0.0595,-0.0671,-0.0754,-0.0844,-0.0936,-0.1031,-0.1126,-0.1219,-0.1307,-0.1389,-0.1462,0.1846,0.2129,0.2442,0.2837,0.3497,0.4858,0.7705,1.244,1.4578,0.972,0.4931,0.2417,0.117,0.05,0.0106,-0.0146,-0.0356,-0.0632,-0.0939,-0.093,-0.0703,-0.0548,-0.0492,-0.0503,-0.0553,-0.0627,-0.0713,-0.0806,-0.0905,-0.1007,-0.1112,-0.1217,-0.1321,-0.1419,-0.1509,-0.1588,0.1966,0.2301,0.2618,0.2876,0.3171,0.3932,0.5923,0.9502,1.0989,0.7019,0.3376,0.1552,0.0656,0.0145,-0.0182,-0.0358,-0.0439,-0.0572,-0.0775,-0.0782,-0.0619,-0.0505,-0.0474,-0.0506,-0.0577,-0.0668,-0.0768,-0.0871,-0.0978,-0.109,-0.1207,-0.1326,-0.1443,-0.1554,-0.1653,-0.1738,0.2134,0.262,0.3105,0.3346,0.3114,0.2754,0.2949,0.3638,0.352,0.22,0.11,0.0501,0.0122,-0.0228,-0.06,-0.0756,-0.0608,-0.0502,-0.0517,-0.0517,-0.0463,-0.0424,-0.0441,-0.051,-0.0613,-0.073,-0.0844,-0.0955,-0.1067,-0.1188,-0.1319,-0.1456,-0.1591,-0.1718,-0.1829,-0.192,0.2305,0.3069,0.4075,0.4865,0.4175,0.216,0.0602,-0.0264,-0.1063,-0.1362,-0.0751,-0.0307,-0.0236,-0.0479,-0.1184,-0.155,-0.0855,-0.0495,-0.0406,-0.037,-0.0339,-0.0341,-0.0403,-0.0526,-0.0682,-0.0835,-0.096,-0.1067,-0.1176,-0.1304,-0.1452,-0.1612,-0.1773,-0.1921,-0.2046,-0.2144,0.2342,0.3362,0.5063,0.7203,0.6489,0.197,-0.1311,-0.2705,-0.3325,-0.3617,-0.1808,-0.0661,-0.0329,-0.0446,-0.1062,-0.1541,-0.0726,-0.0479,-0.0455,-0.0352,-0.0256,-0.0251,-0.036,-0.0571,-0.0824,-0.103,-0.1147,-0.1218,-0.1304,-0.1435,-0.1608,-0.1805,-0.2003,-0.2179,-0.2321,-0.2423,0.2105,0.3057,0.4664,0.6676,0.5685,0.0475,-0.3666,-0.5503,-0.4409,-0.3344,-0.1738,-0.0528,-0.0222,-0.0549,-0.0426,-0.024,-0.0209,-0.0794,-0.097,-0.0483,-0.0161,-0.011,-0.0292,-0.0668,-0.112,-0.1414,-0.1456,-0.1412,-0.144,-0.1576,-0.1794,-0.2051,-0.2303,-0.2519,-0.2679,-0.2777,0.1611,0.2183,0.2913,0.3276,0.1788,-0.1709,-0.5361,-0.7963,-0.6373,-0.3255,-0.1211,-0.0096,0.0247,-0.057,-0.0229,0.0725,0.0523,-0.2066,-0.2185,-0.054,0.0097,0.0182,-0.0129,-0.0802,-0.1674,-0.2129,-0.1912,-0.1613,-0.1553,-0.1719,-0.2022,-0.2378,-0.2714,-0.2981,-0.3153,-0.3234,0.1035,0.1227,0.1293,0.0899,-0.0386,-0.2496,-0.4844,-0.6636,-0.5625,-0.26,-0.0651,0.0179,0.0603,0.3412,0.1688,0.2838,0.3628,0.0333,-0.0724,0.0209,0.0781,0.082,0.0278,-0.0774,-0.2213,-0.29,-0.226,-0.1673,-0.1585,-0.1858,-0.2324,-0.2845,-0.3306,-0.3632,-0.38,-0.383,0.0531,0.0501,0.0308,-0.0188,-0.1079,-0.2259,-0.3398,-0.3914,-0.3036,-0.1257,-0.0008,0.0467,0.1681,0.383,0.2675,0.6976,1.286,0.5111,0.1592,0.1394,0.2265,0.2196,0.1106,-0.0222,-0.1643,-0.2343,-0.1835,-0.1381,-0.1481,-0.2008,-0.2766,-0.3557,-0.42,-0.4581,-0.4693,-0.4605,0.0156,0.0037,-0.0202,-0.0604,-0.116,-0.1765,-0.2201,-0.2166,-0.1434,-0.0143,0.1293,0.0238,0.03,0.1119,0.1833,0.5787,0.9794,0.4322,0.1234,0.209,0.5332,0.4601,0.2108,0.0617,-0.0271,-0.0669,-0.0603,-0.0665,-0.1218,-0.2211,-0.3461,-0.4698,-0.5603,-0.5993,-0.5926,-0.5593,-0.0099,-0.0235,-0.0444,-0.0729,-0.1059,-0.1352,-0.1486,-0.1328,-0.0808,0.0044,0.1013,0.0108,-0.2482,-0.3536,-0.0583,0.1185,0.1679,-0.0701,-0.2394,0.0464,0.5603,0.4756,0.2193,0.1144,0.1002,0.1225,0.1215,0.0528,-0.0774,-0.2516,-0.4568,-0.6559,-0.7841,-0.8078,-0.7569,-0.6783,-0.0266,-0.039,-0.0553,-0.0746,-0.094,-0.1084,-0.1117,-0.0989,-0.0704,-0.036,-0.026,-0.1037,-0.3387,-0.4026,-0.2475,-0.215,-0.2196,-0.5695,-0.9596,-0.3759,0.0568,0.1609,0.1242,0.1338,0.2385,0.399,0.4246,0.238,-0.0171,-0.295,-0.6187,-0.9458,-1.1257,-1.0929,-0.9523,-0.8038,-0.0375,-0.0479,-0.0602,-0.0734,-0.0853,-0.0933,-0.0945,-0.088,-0.0766,-0.0691,-0.0819,-0.1343,-0.2206,-0.2889,-0.4478,-0.5247,-0.3671,-0.551,-0.733,-0.3681,-0.1616,-0.0363,0.0318,0.1348,0.3817,0.8163,0.9065,0.4378,0.0203,-0.3464,-0.7943,-1.2985,-1.5359,-1.389,-1.1254,-0.9029,-0.0448,-0.0533,-0.0626,-0.072,-0.0802,-0.0856,-0.0875,-0.0863,-0.0847,-0.0884,-0.1048,-0.1401,-0.1937,-0.2748,-0.4228,-0.4709,-0.357,-0.3469,-0.2632,-0.2022,-0.1923,-0.1203,-0.0454,0.081,0.351,0.862,0.9751,0.3439,-0.0496,-0.3902,-0.854,-1.4368,-1.7016,-1.4939,-1.1806,-0.9343,-0.05,-0.057,-0.0643,-0.0714,-0.0777,-0.0824,-0.0855,-0.0877,-0.091,-0.0988,-0.1146,-0.1413,-0.1806,-0.2351,-0.2971,-0.3172,-0.2903,-0.2687,-0.2376,-0.2149,-0.2019,-0.1842,-0.1459,-0.0454,0.1029,0.1708,-0.0707,-0.123,-0.2202,-0.4266,-0.7441,-1.1658,-1.3969,-1.2964,-1.0791,-0.8847,-0.054,-0.0598,-0.0658,-0.0717,-0.077,-0.0816,-0.0856,-0.0897,-0.0953,-0.1042,-0.1183,-0.1389,-0.1664,-0.1988,-0.2284,-0.242,-0.2392,-0.2317,-0.223,-0.2183,-0.234,-0.2869,-0.2956,-0.1911,-0.102,-0.1716,-0.3727,-0.3302,-0.4021,-0.4953,-0.6228,-0.8336,-0.9912,-0.9947,-0.9005,-0.7849,-0.0572,-0.0622,-0.0674,-0.0725,-0.0773,-0.0819,-0.0865,-0.0915,-0.098,-0.1068,-0.1189,-0.1348,-0.1539,-0.1744,-0.1922,-0.2032,-0.2073,-0.2082,-0.2103,-0.222,-0.2654,-0.3595,-0.3881,-0.2747,-0.1979,-0.2281,-0.3133,-0.4347,-0.6294,-0.6064,-0.5811,-0.6508,-0.7347,-0.7637,-0.7353,-0.6774,-0.06,-0.0644,-0.069,-0.0736,-0.0782,-0.0828,-0.0876,-0.093,-0.0995,-0.1077,-0.118,-0.1304,-0.1444,-0.1587,-0.1713,-0.1809,-0.1874,-0.1929,-0.201,-0.2186,-0.2571,-0.3129,-0.3252,-0.271,-0.2344,-0.2588,-0.3411,-0.4992,-0.6582,-0.6238,-0.5612,-0.5654,-0.5989,-0.6195,-0.613,-0.5854]}]