docs/data/wind_grid.json
[{"header":{"la1":42.85,"la2":41.18,"lo1":11.55,"lo2":14.05,"nx":36,"ny":24,"dx":0.07143,"dy":0.07261,"parameterCategory":2,"parameterNumber":2,"parameterNumberName":"eastward_wind","parameterUnit":"m.s-1"},"data":[0.6338,0.6266,0.6146,0.5984,0.5793,0.56,0.5434,0.5327,0.5301,0.5364,0.5509,0.5722,0.5981,0.6261,0.6534,0.6761,0.6894,0.6878,0.6668,0.6265,0.5747,0.5264,0.4957,0.4883,0.4995,0.5203,0.5435,0.5648,0.5829,0.5975,0.6091,0.6184,0.6258,0.6318,0.6367,0.6408,0.6568,0.6495,0.6347,0.6125,0.5846,0.5548,0.5282,0.51,0.504,0.5113,0.5306,0.5592,0.594,0.6322,0.6706,0.7048,0.7276,0.7288,0.6975,0.6289,0.5356,0.4493,0.4031,0.4048,0.4374,0.4797,0.5192,0.5512,0.5758,0.5943,0.6082,0.6187,0.627,0.6335,0.6387,0.643,0.6899,0.6845,0.6675,0.6375,0.5964,0.55,0.5069,0.4762,0.4648,0.4743,0.5014,0.5404,0.5871,0.6386,0.6922,0.744,0.7852,0.7986,0.758,0.6417,0.4636,0.2975,0.2296,0.2668,0.3499,0.4313,0.4945,0.5397,0.5711,0.593,0.6086,0.6202,0.6289,0.6358,0.6413,0.6457,0.7371,0.7381,0.7215,0.6822,0.6214,0.5479,0.4763,0.4235,0.4038,0.4195,0.4604,0.5148,0.5767,0.6441,0.7168,0.7942,0.8696,0.9191,0.8869,0.6984,0.3405,-0.0142,-0.0994,0.054,0.2441,0.3856,0.4772,0.5345,0.5708,0.5946,0.611,0.6228,0.6317,0.6387,0.6443,0.6489,0.8026,0.8197,0.8111,0.763,0.6726,0.5543,0.4329,0.3388,0.3056,0.3389,0.4064,0.483,0.5627,0.6472,0.7408,0.85,0.9813,1.1195,1.1675,0.9109,0.2024,-0.6058,-0.6429,-0.1915,0.1642,0.3672,0.478,0.5401,0.5767,0.5997,0.6152,0.6265,0.6352,0.6421,0.6478,0.6524,0.8895,0.9412,0.9612,0.9117,0.7766,0.585,0.3813,0.2093,0.1523,0.2331,0.3464,0.4491,0.5467,0.6471,0.7585,0.8966,1.0949,1.3966,1.7154,1.5027,0.3907,-0.9886,-0.9342,-0.2241,0.1992,0.4042,0.5052,0.5581,0.5882,0.6073,0.6207,0.6309,0.6392,0.646,0.6517,0.6564,0.9927,1.1107,1.2089,1.1888,0.9806,0.6695,0.3625,0.0983,0.0106,0.154,0.3006,0.4188,0.5307,0.6452,0.7679,0.9158,1.1435,1.5728,2.2515,2.1564,1.066,0.0923,-0.1242,0.1611,0.3818,0.4966,0.5537,0.5838,0.6021,0.6152,0.6259,0.6351,0.6432,0.6501,0.6559,0.6608,1.0881,1.3039,1.5764,1.6826,1.3268,0.8136,0.4214,0.1692,0.0911,0.1653,0.2718,0.389,0.5145,0.6469,0.7813,0.9155,1.0947,1.4141,1.8343,1.8021,1.5132,1.2046,0.8018,0.6359,0.6032,0.6007,0.6025,0.606,0.6119,0.62,0.6291,0.6383,0.6468,0.6543,0.6605,0.6656,1.1276,1.4107,1.8848,2.2587,1.6348,0.9034,0.4558,0.2149,0.1147,0.1171,0.2083,0.3446,0.4932,0.6585,0.838,0.9579,1.0375,1.1947,1.3955,1.5867,1.995,1.8456,1.2517,0.9063,0.7432,0.6637,0.6252,0.6105,0.6103,0.6179,0.6287,0.6399,0.6501,0.6587,0.6657,0.6711,1.0786,1.3072,1.635,1.8249,1.3619,0.8078,0.3635,0.0843,-0.0944,-0.1175,0.0738,0.2815,0.4557,0.657,0.9891,1.1582,1.0426,1.1035,1.2406,1.4483,1.7732,1.682,1.2615,0.9512,0.7626,0.6534,0.6,0.5848,0.5912,0.6067,0.6242,0.6401,0.6534,0.6637,0.6716,0.6774,0.9701,1.1006,1.2075,1.2097,1.1198,0.6485,0.164,-0.1273,-0.39,-0.5118,-0.0653,0.2267,0.3934,0.5492,0.901,1.148,1.0247,1.1306,1.2367,1.2902,1.3395,1.2743,1.0728,0.851,0.6673,0.5497,0.5075,0.5187,0.5518,0.5872,0.6173,0.6407,0.6579,0.6702,0.6789,0.6849,0.8492,0.924,1.0052,1.1073,0.9882,0.416,-0.13,-0.4143,-0.3977,-0.3521,-0.0289,0.2008,0.3234,0.3668,0.5067,0.7674,1.015,1.4105,1.5266,1.325,1.1795,1.0604,0.8981,0.6836,0.4549,0.3142,0.3222,0.4084,0.4973,0.5653,0.6127,0.6445,0.6655,0.6792,0.688,0.6936,0.7338,0.7656,0.7906,0.7735,0.5773,0.1449,-0.3493,-0.7086,-0.5217,-0.1839,0.0463,0.1424,0.2292,0.3148,0.4012,0.6807,1.0529,2.1328,2.186,1.4338,1.1302,0.9627,0.7784,0.4934,0.1012,-0.1202,0.0331,0.2756,0.4485,0.5544,0.6178,0.6555,0.678,0.6913,0.6991,0.7036,0.6327,0.6281,0.5999,0.5173,0.3349,0.0482,-0.2795,-0.5318,-0.4187,-0.0911,0.0825,0.042,0.0325,0.3006,0.4919,0.7018,0.9116,1.5409,1.7028,1.2877,1.0621,0.9186,0.7291,0.3773,-0.2288,-0.5796,-0.202,0.2086,0.4455,0.5722,0.6403,0.6769,0.6963,0.7064,0.7117,0.7145,0.553,0.5274,0.4778,0.3902,0.2539,0.0796,-0.0923,-0.1858,-0.1162,0.031,0.1126,0.1455,0.2109,0.2144,0.5218,0.7394,1.2427,1.0899,1.1132,1.0595,1.0224,0.9489,0.7724,0.4627,-0.0248,-0.3117,-0.0299,0.3151,0.5216,0.6297,0.6834,0.7082,0.7185,0.7225,0.7242,0.7249,0.4965,0.4632,0.4124,0.3396,0.2459,0.1439,0.0594,0.026,0.0551,0.0921,0.0522,0.1114,0.199,0.3245,0.5075,0.8069,1.1037,0.931,0.8826,0.9628,1.1704,1.101,0.8652,0.6461,0.4243,0.31,0.4017,0.557,0.6652,0.7205,0.7409,0.7428,0.7383,0.7345,0.7331,0.733,0.4598,0.4265,0.3821,0.3263,0.263,0.2015,0.1554,0.136,0.1389,0.1317,0.0814,0.1496,0.2894,0.3609,0.432,0.5728,0.6843,0.6707,0.6571,0.8345,1.1851,1.1095,0.8892,0.7744,0.7285,0.7432,0.792,0.8276,0.837,0.825,0.7981,0.7662,0.7426,0.7335,0.734,0.737,0.4379,0.408,0.3715,0.3297,0.2861,0.2464,0.2172,0.202,0.1969,0.1927,0.195,0.2386,0.3212,0.3399,0.2669,0.2756,0.4258,0.4455,0.3544,0.5796,0.8018,0.8584,0.8266,0.8428,0.9408,1.0849,1.1464,1.0919,1.0089,0.9247,0.837,0.7563,0.7115,0.7091,0.7237,0.7365,0.4263,0.4007,0.3715,0.34,0.3089,0.2816,0.2611,0.249,0.2439,0.2442,0.2525,0.2718,0.2839,0.2199,-0.1067,-0.2515,0.2209,0.3868,0.3824,0.4702,0.5879,0.6803,0.7511,0.8772,1.1116,1.4088,1.4794,1.3224,1.1644,1.013,0.8537,0.7033,0.6381,0.6652,0.7083,0.7354,0.4216,0.4002,0.3768,0.3528,0.3299,0.3101,0.2951,0.2857,0.2815,0.2817,0.2856,0.2879,0.27,0.1799,-0.0633,-0.1334,0.1947,0.3755,0.4086,0.4031,0.4832,0.5521,0.6479,0.8486,1.1724,1.5006,1.5674,1.4804,1.3025,1.1001,0.887,0.6801,0.5991,0.6487,0.7085,0.742,0.4214,0.4036,0.3849,0.3663,0.349,0.3342,0.3228,0.3154,0.3117,0.3108,0.3108,0.3066,0.2872,0.2369,0.1652,0.1696,0.2821,0.3786,0.4111,0.4138,0.4031,0.3576,0.4129,0.6942,1.1233,1.5594,1.9236,1.7798,1.4336,1.1857,0.9755,0.7824,0.6901,0.704,0.7394,0.7611,0.424,0.4092,0.3942,0.3796,0.3663,0.3549,0.3462,0.3403,0.337,0.3355,0.3342,0.33,0.3189,0.2998,0.2846,0.2987,0.3442,0.3868,0.3995,0.3674,0.2302,-0.0644,-0.123,0.3659,0.9967,1.6487,2.2447,1.9266,1.4259,1.2252,1.0711,0.9199,0.8231,0.7907,0.7874,0.7881,0.4283,0.4161,0.404,0.3924,0.382,0.3732,0.3664,0.3618,0.3591,0.3577,0.3567,0.3547,0.3507,0.3463,0.3469,0.3589,0.3797,0.3944,0.3824,0.3078,0.0771,-0.4001,-0.5468,0.0997,0.8051,1.3613,1.6694,1.4946,1.2494,1.2149,1.1233,1.0039,0.9116,0.8579,0.8301,0.8138,0.4338,0.4237,0.4139,0.4046,0.3964,0.3895,0.3843,0.3807,0.3787,0.3779,0.3779,0.378,0.3783,0.3798,0.3845,0.3934,0.403,0.4042,0.3811,0.3044,0.1258,-0.1427,-0.1835,0.2095,0.7013,1.0831,1.2786,1.2695,1.2203,1.2011,1.1261,1.0308,0.9507,0.8943,0.8571,0.832]},{"header":{"la1":42.85,"la2":41.18,"lo1":11.55,"lo2":14.05,"nx":36,"ny":24,"dx":0.07143,"dy":0.07261,"parameterCategory":2,"parameterNumber":3,"parameterNumberName":"northward_wind","parameterUnit":"m.s-1"},"data":[1.3352,1.308,1.2727,1.2295,1.1795,1.1257,1.0721,1.0231,0.9812,0.946,0.9142,0.8811,0.8429,0.7971,0.7427,0.6796,0.6083,0.5294,0.445,0.3593,0.2814,0.2246,0.2005,0.2116,0.2501,0.3042,0.3639,0.4228,0.4779,0.5282,0.5737,0.6148,0.6519,0.6855,0.7161,0.7439,1.3734,1.3451,1.3055,1.2538,1.1912,1.1216,1.0521,0.9915,0.9458,0.9144,0.8903,0.8645,0.8302,0.7842,0.7256,0.6548,0.5719,0.4767,0.369,0.2513,0.1359,0.0495,0.0194,0.0498,0.1206,0.2069,0.2926,0.3708,0.4397,0.4998,0.5524,0.5988,0.6399,0.6766,0.7096,0.7395,1.4211,1.3932,1.3497,1.2876,1.2065,1.1111,1.0134,0.9312,0.88,0.8597,0.8542,0.8442,0.8185,0.7742,0.712,0.6334,0.5389,0.427,0.2923,0.1277,-0.0569,-0.2056,-0.2443,-0.1677,-0.0351,0.1019,0.2224,0.323,0.4063,0.476,0.5352,0.5863,0.631,0.6705,0.7057,0.7373,1.4806,1.4569,1.412,1.3385,1.2317,1.0943,0.9431,0.8151,0.7532,0.7624,0.7994,0.8206,0.8098,0.7687,0.703,0.6171,0.5127,0.3885,0.2325,0.0097,-0.3062,-0.602,-0.6462,-0.4517,-0.205,0.0032,0.1631,0.2855,0.3814,0.4589,0.5233,0.5782,0.6258,0.6676,0.7046,0.7377,1.5543,1.5416,1.5021,1.4205,1.2821,1.0799,0.8267,0.5899,0.4997,0.5891,0.7227,0.799,0.808,0.7693,0.6992,0.6068,0.4957,0.3699,0.2218,-0.0329,-0.5618,-1.1997,-1.2063,-0.748,-0.3404,-0.0618,0.1285,0.265,0.3682,0.4502,0.5177,0.575,0.6247,0.6682,0.7067,0.7409,1.6423,1.6517,1.6323,1.5548,1.3866,1.1018,0.6797,0.1874,0.0059,0.3165,0.6459,0.796,0.8195,0.7762,0.6988,0.6013,0.4876,0.3713,0.2866,0.1118,-0.5501,-1.5445,-1.4868,-0.8276,-0.3559,-0.0631,0.1292,0.2652,0.368,0.4501,0.5184,0.5768,0.6277,0.6725,0.7121,0.7472,1.7396,1.7856,1.8118,1.7653,1.5809,1.2282,0.6525,-0.1896,-0.5599,0.1257,0.6585,0.8397,0.8489,0.7853,0.6943,0.5947,0.4865,0.3797,0.3616,0.3081,-0.2025,-0.7965,-0.879,-0.5456,-0.2282,0.0001,0.1625,0.2833,0.3784,0.4571,0.5244,0.5831,0.6348,0.6805,0.721,0.7567,1.8325,1.9236,2.0255,2.0529,1.8599,1.4842,0.9629,0.2819,-0.0079,0.4873,0.8537,0.9414,0.8914,0.7842,0.6651,0.5667,0.4829,0.3879,0.3127,0.18,-0.1439,-0.3069,-0.3264,-0.2172,-0.0564,0.0909,0.211,0.3096,0.3937,0.4678,0.5338,0.5929,0.6456,0.6923,0.7335,0.7697,1.9017,2.0206,2.1786,2.2869,2.0848,1.7504,1.4144,1.1259,1.0277,1.1136,1.1451,1.0709,0.9333,0.7568,0.5672,0.4622,0.4483,0.3949,0.2708,0.0117,-0.4088,-0.361,-0.1531,-0.0275,0.076,0.1684,0.252,0.3306,0.406,0.4778,0.5447,0.6056,0.66,0.708,0.75,0.7865,1.9382,2.0541,2.1787,2.2408,2.1542,1.9446,1.752,1.6438,1.6302,1.5991,1.4126,1.1881,0.9667,0.7183,0.3545,0.1781,0.3746,0.3961,0.2966,0.0768,-0.2368,-0.2177,-0.0228,0.0918,0.1561,0.2065,0.2627,0.3308,0.4067,0.4832,0.5555,0.6208,0.6783,0.7282,0.771,0.8075,1.9495,2.064,2.2099,2.4038,2.3582,2.1032,1.9976,1.962,1.9304,1.9399,1.5992,1.2661,0.9861,0.7349,0.3926,0.1705,0.3784,0.3751,0.3123,0.2318,0.127,0.1018,0.1483,0.1759,0.1722,0.1738,0.2149,0.294,0.389,0.4824,0.5667,0.6397,0.7018,0.754,0.7974,0.8335,1.9392,2.0479,2.1982,2.3806,2.3425,2.1779,2.2328,2.3386,2.1226,1.9226,1.637,1.3175,0.982,0.6611,0.6071,0.5082,0.4033,0.2236,0.1727,0.2676,0.2995,0.2903,0.2628,0.1906,0.0743,0.0054,0.0662,0.2066,0.3533,0.4793,0.5822,0.6656,0.7329,0.7871,0.8305,0.8652,1.9095,1.995,2.0928,2.172,2.1749,2.195,2.3902,2.6726,2.4446,1.9918,1.6743,1.4424,1.1542,0.6151,0.6162,0.4801,0.305,-0.1708,-0.1821,0.2395,0.3763,0.3848,0.314,0.1246,-0.2033,-0.3977,-0.2123,0.0836,0.318,0.4863,0.6097,0.7032,0.7748,0.8297,0.8716,0.9035,1.8703,1.9322,1.9936,2.0427,2.0815,2.1585,2.3226,2.5076,2.3801,2.0296,1.7917,1.6081,1.5136,1.126,0.72,0.0303,0.1304,0.0998,0.0929,0.3506,0.4466,0.4406,0.3511,0.0731,-0.5097,-0.8703,-0.4562,0.0196,0.3256,0.5221,0.6585,0.7579,0.8312,0.8845,0.9224,0.9491,1.831,1.8774,1.9225,1.9647,2.0107,2.0765,2.1634,2.2194,2.1685,2.1044,2.1045,1.9975,1.8114,2.1992,0.856,-0.0936,0.0705,0.351,0.4817,0.5201,0.4559,0.4302,0.4036,0.1899,-0.2839,-0.5818,-0.2692,0.1327,0.4098,0.5981,0.7339,0.834,0.9055,0.9536,0.984,1.0024,1.7952,1.8322,1.869,1.906,1.9463,1.9932,2.0417,2.0788,2.1241,2.2993,2.7402,2.7379,2.352,1.8543,1.2281,0.5948,0.3469,0.632,0.7815,0.6178,0.1643,0.2413,0.4517,0.4012,0.1962,0.0643,0.1591,0.3561,0.5452,0.7047,0.834,0.9331,1.0005,1.039,1.0566,1.0626,1.7635,1.7943,1.8254,1.8572,1.8911,1.9278,1.9675,2.0165,2.1077,2.3217,2.6747,2.5762,2.5876,2.5576,1.7156,1.2414,1.0647,1.1893,1.2911,0.9103,0.1491,0.2684,0.5705,0.5889,0.4851,0.3981,0.4101,0.5181,0.6692,0.82,0.9521,1.0552,1.1179,1.1405,1.1381,1.1268,1.7352,1.7615,1.7882,1.8157,1.8448,1.8768,1.9142,1.9651,2.0458,2.1696,2.2898,2.3416,2.5898,2.6103,2.0848,1.8616,1.6287,1.7756,2.0849,1.5574,1.0137,0.8251,0.8229,0.749,0.5787,0.3798,0.3441,0.5279,0.7505,0.9328,1.0805,1.1949,1.2526,1.2502,1.2204,1.189,1.7095,1.7323,1.7555,1.7795,1.805,1.8333,1.8669,1.91,1.9672,2.036,2.0995,2.1547,2.2251,2.2496,2.5074,2.6688,2.016,1.9419,2.104,2.0443,1.6267,1.2785,1.0838,0.8892,0.552,0.0005,-0.1183,0.4361,0.8372,1.0561,1.2041,1.321,1.3708,1.3409,1.2869,1.2405,1.686,1.7058,1.726,1.747,1.7693,1.7938,1.822,1.8554,1.8946,1.9367,1.9762,2.0128,2.0545,2.1438,2.4251,2.5089,2.0903,2.0241,2.4638,2.6995,1.9834,1.5481,1.3067,1.0686,0.6838,-0.0144,-0.1727,0.6745,1.061,1.2221,1.3076,1.3741,1.4053,1.3747,1.3223,1.2754,1.6641,1.6814,1.6991,1.7173,1.7365,1.7571,1.7798,1.8049,1.8321,1.8597,1.886,1.9118,1.9447,2.004,2.0899,2.0868,1.9782,1.9929,2.2241,2.2884,1.9441,1.6936,1.5405,1.332,1.0992,1.0447,1.4805,1.4898,1.4436,1.4635,1.4355,1.402,1.3909,1.3714,1.336,1.2975,1.6437,1.6588,1.6741,1.6898,1.706,1.7229,1.7409,1.7597,1.7789,1.7977,1.8155,1.8331,1.8537,1.8798,1.9013,1.8929,1.8658,1.8777,1.9324,1.9267,1.8496,1.8719,1.8656,1.6233,1.4424,1.6003,2.0304,1.8782,1.8425,1.8105,1.6475,1.5052,1.4291,1.3875,1.3514,1.316,1.6244,1.6376,1.6508,1.6641,1.6777,1.6914,1.7054,1.7195,1.7332,1.746,1.7578,1.7688,1.7794,1.7889,1.7926,1.7861,1.7762,1.7773,1.7876,1.7932,1.8368,2.0165,2.0818,1.7947,1.5995,1.6507,1.8168,1.9949,2.3471,2.2185,1.8769,1.6359,1.5009,1.4253,1.375,1.3351,1.6062,1.6176,1.629,1.6403,1.6515,1.6625,1.6734,1.6838,1.6935,1.7022,1.7096,1.7157,1.7201,1.7223,1.7206,1.7149,1.7084,1.706,1.71,1.7269,1.7844,1.895,1.9149,1.7621,1.6422,1.6589,1.7929,2.077,2.4116,2.2855,1.954,1.7055,1.5527,1.4596,1.3981,1.3528]}]