docs/data/wind_grid.json
[{"header":{"la1":42.85,"la2":41.18,"lo1":11.55,"lo2":14.05,"nx":36,"ny":24,"dx":0.07143,"dy":0.07261,"parameterCategory":2,"parameterNumber":2,"parameterNumberName":"eastward_wind","parameterUnit":"m.s-1"},"data":[1.5446,1.5419,1.5384,1.5338,1.5278,1.52,1.5097,1.4959,1.4775,1.4532,1.4216,1.3818,1.333,1.2749,1.2082,1.1355,1.0621,0.9957,0.945,0.9165,0.9116,0.9266,0.9549,0.9896,1.0257,1.0599,1.0906,1.1174,1.1402,1.1596,1.1759,1.1897,1.2014,1.2115,1.2202,1.228,1.5539,1.552,1.5494,1.5458,1.5411,1.5347,1.5259,1.5135,1.4958,1.4709,1.4371,1.3925,1.3358,1.2655,1.1813,1.0853,0.9842,0.8906,0.8207,0.787,0.7914,0.8251,0.8749,0.9295,0.9815,1.0277,1.0669,1.0995,1.1264,1.1484,1.1665,1.1814,1.1939,1.2045,1.2136,1.2216,1.5635,1.5624,1.5608,1.5584,1.5551,1.5506,1.544,1.5339,1.518,1.4935,1.4578,1.4087,1.3438,1.2599,1.1539,1.0253,0.8813,0.742,0.6392,0.5996,0.6252,0.6944,0.7801,0.8638,0.9369,0.9972,1.0457,1.0842,1.1148,1.139,1.1584,1.1741,1.1871,1.1979,1.2071,1.2152,1.5732,1.573,1.5724,1.5712,1.5694,1.5669,1.5632,1.5567,1.544,1.5208,1.4838,1.4309,1.3587,1.2613,1.1306,0.9589,0.7482,0.5278,0.3635,0.3191,0.3941,0.5308,0.6742,0.7981,0.8965,0.972,1.0294,1.0729,1.1062,1.1318,1.1519,1.1679,1.1808,1.1916,1.2007,1.2088,1.5829,1.5836,1.584,1.5839,1.5835,1.5828,1.582,1.58,1.5723,1.5514,1.5138,1.4585,1.3817,1.2744,1.1207,0.8987,0.5911,0.2262,-0.0611,-0.1023,0.0852,0.3441,0.5716,0.7437,0.8678,0.9564,1.0202,1.0668,1.1012,1.1271,1.147,1.1625,1.175,1.1854,1.1943,1.2021,1.5925,1.5942,1.5955,1.5964,1.5968,1.597,1.5977,1.5994,1.5977,1.5804,1.5435,1.489,1.4131,1.3037,1.1378,0.8745,0.4564,-0.1312,-0.6515,-0.6657,-0.2559,0.183,0.504,0.7178,0.8593,0.9545,1.0203,1.0667,1.1001,1.1248,1.1434,1.1579,1.1694,1.179,1.1874,1.1949,1.602,1.6046,1.6069,1.6088,1.6099,1.61,1.609,1.6084,1.6089,1.5983,1.5681,1.5202,1.4519,1.3514,1.1933,0.9263,0.4574,-0.306,-1.0831,-1.0568,-0.4181,0.1494,0.5135,0.7368,0.8771,0.9684,1.0298,1.0723,1.1024,1.1243,1.1406,1.1532,1.1634,1.172,1.1797,1.1868,1.6112,1.6148,1.6182,1.6213,1.6236,1.6244,1.6223,1.6168,1.6135,1.6111,1.5919,1.5534,1.4966,1.414,1.2841,1.0636,0.6746,0.0373,-0.6303,-0.6493,-0.1449,0.3174,0.6177,0.8031,0.9199,0.996,1.047,1.082,1.1066,1.1244,1.1376,1.1479,1.1563,1.1637,1.1707,1.1774,1.6201,1.6246,1.6293,1.634,1.6384,1.6421,1.6446,1.6463,1.6491,1.647,1.6265,1.5901,1.5435,1.482,1.389,1.2365,0.9894,0.6345,0.2887,0.2065,0.3837,0.6068,0.7794,0.8977,0.9772,1.0309,1.0676,1.093,1.1108,1.1235,1.1331,1.1407,1.1473,1.1534,1.1596,1.1662,1.6283,1.6338,1.6398,1.6461,1.6529,1.6604,1.6696,1.6841,1.7069,1.7101,1.6709,1.6256,1.5856,1.5437,1.4832,1.3838,1.2361,1.0558,0.8903,0.8032,0.8114,0.87,0.9358,0.9913,1.0336,1.0644,1.0863,1.1015,1.1121,1.1197,1.1255,1.1304,1.1351,1.1401,1.1459,1.1525,1.6357,1.6421,1.649,1.6567,1.6652,1.675,1.6867,1.7064,1.7592,1.785,1.7059,1.6503,1.6159,1.5895,1.5537,1.4822,1.3726,1.2548,1.1604,1.0922,1.0522,1.0403,1.0466,1.0607,1.0758,1.0885,1.0978,1.104,1.108,1.1107,1.113,1.1154,1.1185,1.1228,1.1284,1.1356,1.6422,1.6491,1.6567,1.6651,1.6742,1.6841,1.6935,1.7017,1.7303,1.751,1.7028,1.664,1.6331,1.6083,1.5946,1.5387,1.4219,1.2829,1.2226,1.197,1.1558,1.1193,1.0998,1.0944,1.0954,1.0973,1.0977,1.0969,1.0956,1.0944,1.0938,1.0943,1.0962,1.1002,1.1064,1.1147,1.6477,1.6549,1.6628,1.6712,1.6801,1.6888,1.6953,1.6962,1.7009,1.7088,1.6975,1.6822,1.6595,1.6116,1.61,1.5728,1.4382,1.1819,1.1626,1.2146,1.1698,1.1167,1.092,1.0881,1.0893,1.0877,1.083,1.0773,1.0722,1.0685,1.0661,1.0653,1.0666,1.0709,1.0784,1.089,1.6523,1.6596,1.6675,1.6757,1.6839,1.6914,1.6965,1.698,1.7021,1.7123,1.7126,1.701,1.6953,1.69,1.6524,1.6165,1.5344,1.3235,1.2453,1.21,1.0859,1.0077,1.0117,1.0413,1.0587,1.059,1.0506,1.0415,1.0351,1.0311,1.0283,1.0268,1.0279,1.0332,1.0433,1.0577,1.656,1.6634,1.6712,1.6792,1.6871,1.6945,1.7007,1.7068,1.7189,1.7415,1.7576,1.7412,1.7155,1.7085,1.6875,1.6715,1.6821,1.5501,1.3768,1.1121,0.7672,0.6984,0.8461,0.9658,1.0112,1.0103,0.9951,0.984,0.9807,0.9806,0.9795,0.9774,0.9779,0.9848,0.9994,1.0199,1.659,1.6664,1.6742,1.6822,1.6904,1.6988,1.7078,1.7201,1.7422,1.7861,1.8602,1.7938,1.7637,1.7329,1.7241,1.7093,1.696,1.6521,1.4732,0.907,0.0071,0.1446,0.6631,0.9049,0.9585,0.9335,0.902,0.8945,0.9054,0.9174,0.9202,0.9156,0.9136,0.9231,0.9453,0.9757,1.6614,1.6689,1.6767,1.685,1.6937,1.7033,1.7147,1.7304,1.7552,1.7966,1.8513,1.8122,1.787,1.7882,1.7932,1.8036,1.8145,1.8729,1.8171,1.1385,-0.0636,0.1245,0.7076,0.9177,0.8974,0.797,0.7379,0.7566,0.8083,0.8466,0.8543,0.8408,0.8315,0.8455,0.8811,0.9268,1.6633,1.6708,1.6787,1.6872,1.6965,1.7069,1.7193,1.7351,1.7558,1.7806,1.7993,1.7997,1.8017,1.8194,1.928,1.9988,2.0067,2.234,2.5015,1.8965,1.1561,0.9311,1.0154,0.9918,0.7929,0.5333,0.4452,0.5595,0.7008,0.7813,0.7906,0.7545,0.7307,0.7548,0.8126,0.8792,1.6646,1.6721,1.6802,1.6888,1.6984,1.7091,1.7215,1.7363,1.7534,1.7716,1.7883,1.8055,1.8366,1.9283,2.2049,2.3132,2.1403,2.2838,2.456,2.3076,1.8853,1.5258,1.3217,1.0787,0.6586,0.134,0.0242,0.3629,0.6248,0.7426,0.7439,0.6726,0.6311,0.6726,0.7573,0.8443,1.6653,1.6728,1.6809,1.6896,1.6992,1.71,1.7221,1.736,1.7516,1.7689,1.7888,1.8165,1.8667,1.9772,2.184,2.2537,2.1551,2.2562,2.5922,2.7384,2.2214,1.8427,1.5755,1.2292,0.7055,0.0834,-0.0388,0.4012,0.6439,0.7469,0.7354,0.6447,0.5956,0.6459,0.7414,0.8356,1.6655,1.6729,1.681,1.6896,1.6992,1.7097,1.7215,1.7348,1.75,1.7676,1.7895,1.8203,1.8687,1.9453,2.038,2.0844,2.1013,2.2032,2.4127,2.4668,2.2338,2.0697,1.9037,1.5252,1.0063,0.6377,0.6574,0.6902,0.7404,0.7908,0.7756,0.7045,0.6636,0.6991,0.7765,0.8583,1.6651,1.6724,1.6803,1.6889,1.6982,1.7085,1.7199,1.7328,1.7475,1.765,1.7866,1.8152,1.854,1.9037,1.9554,1.9961,2.0366,2.1054,2.1911,2.2275,2.2582,2.4417,2.4625,1.9614,1.3246,0.9043,0.7942,0.7984,0.8273,0.8551,0.8456,0.8054,0.7791,0.7961,0.8453,0.9048,1.6642,1.6713,1.679,1.6873,1.6964,1.7063,1.7172,1.7296,1.7436,1.7601,1.78,1.8046,1.8347,1.8694,1.9052,1.9396,1.977,2.0243,2.08,2.153,2.3327,2.7204,2.8368,2.2604,1.5772,1.1149,0.9165,0.8924,0.9149,0.9302,0.924,0.9027,0.8876,0.8946,0.9226,0.9617,1.6627,1.6697,1.6771,1.6851,1.6937,1.7032,1.7136,1.7252,1.7383,1.7533,1.7708,1.7913,1.8149,1.8409,1.8681,1.8962,1.927,1.9641,2.0136,2.0959,2.2597,2.4973,2.5302,2.167,1.6878,1.3206,1.1175,1.0405,1.021,1.014,1.0029,0.9879,0.9776,0.9796,0.9947,1.0191]},{"header":{"la1":42.85,"la2":41.18,"lo1":11.55,"lo2":14.05,"nx":36,"ny":24,"dx":0.07143,"dy":0.07261,"parameterCategory":2,"parameterNumber":3,"parameterNumberName":"northward_wind","parameterUnit":"m.s-1"},"data":[0.3151,0.3442,0.3762,0.41,0.4436,0.4735,0.4951,0.5033,0.4946,0.4695,0.432,0.3885,0.3448,0.3052,0.2717,0.2449,0.2241,0.2075,0.1932,0.1792,0.1643,0.1485,0.1323,0.1166,0.102,0.089,0.0778,0.0683,0.0603,0.0537,0.0482,0.0438,0.0402,0.0372,0.0348,0.0328,0.3279,0.3632,0.4038,0.4491,0.4972,0.5436,0.5805,0.5983,0.5891,0.5529,0.4974,0.4348,0.375,0.3238,0.2835,0.2537,0.233,0.2184,0.2061,0.1927,0.1764,0.1575,0.1377,0.1186,0.1014,0.0866,0.0742,0.064,0.0558,0.0492,0.0439,0.0398,0.0364,0.0338,0.0317,0.03,0.3377,0.3795,0.4299,0.4897,0.5585,0.6312,0.6961,0.734,0.7264,0.6704,0.5834,0.4898,0.4065,0.3405,0.2925,0.2608,0.2427,0.2334,0.2263,0.2145,0.1952,0.1706,0.1447,0.1207,0.1,0.083,0.0694,0.0587,0.0504,0.044,0.0391,0.0353,0.0324,0.0302,0.0285,0.0272,0.3427,0.3903,0.4506,0.5273,0.6233,0.737,0.8536,0.9359,0.9363,0.8422,0.696,0.5515,0.4355,0.352,0.2967,0.2651,0.2538,0.2564,0.2605,0.2515,0.2251,0.1891,0.1529,0.1216,0.0967,0.0774,0.0629,0.052,0.044,0.038,0.0337,0.0305,0.0282,0.0266,0.0254,0.0245,0.3408,0.3924,0.4606,0.5531,0.68,0.8512,1.0594,1.2422,1.2716,1.0953,0.8339,0.6099,0.4542,0.3541,0.2938,0.265,0.2659,0.2921,0.3202,0.3147,0.2701,0.2118,0.1596,0.1193,0.09,0.069,0.0542,0.0438,0.0364,0.0313,0.0279,0.0255,0.024,0.023,0.0224,0.022,0.3308,0.3828,0.4538,0.5551,0.7061,0.9377,1.2795,1.6692,1.786,1.4278,0.9609,0.6384,0.4504,0.3427,0.282,0.2573,0.2737,0.3381,0.4134,0.4095,0.3242,0.2297,0.1582,0.1098,0.0779,0.0569,0.043,0.0339,0.0279,0.024,0.0217,0.0204,0.0198,0.0196,0.0197,0.0199,0.3121,0.3601,0.4263,0.5228,0.6736,0.9259,1.3613,1.9936,2.2592,1.6317,0.9629,0.5963,0.4143,0.3179,0.2628,0.2386,0.2607,0.3569,0.4878,0.481,0.346,0.2206,0.1387,0.089,0.059,0.0406,0.0293,0.0225,0.0185,0.0164,0.0156,0.0155,0.016,0.0167,0.0175,0.0183,0.2859,0.326,0.3798,0.4564,0.5735,0.7676,1.1054,1.6062,1.7966,1.2489,0.7281,0.471,0.3535,0.29,0.2439,0.2106,0.2112,0.2808,0.3926,0.3889,0.2709,0.1626,0.0945,0.0553,0.0332,0.0206,0.0137,0.0102,0.0088,0.0088,0.0097,0.0112,0.0128,0.0145,0.0161,0.0174,0.255,0.285,0.3225,0.371,0.4363,0.5272,0.6502,0.7661,0.7236,0.5139,0.3692,0.3173,0.3006,0.2823,0.2434,0.1863,0.1377,0.132,0.1639,0.1639,0.1152,0.0642,0.0309,0.0125,0.0031,-0.0011,-0.0025,-0.0021,-0.0005,0.0019,0.0047,0.0077,0.0107,0.0134,0.0158,0.0176,0.2224,0.2426,0.265,0.2886,0.3108,0.3234,0.3052,0.2043,-0.0188,-0.1163,0.0534,0.2095,0.2986,0.3303,0.2896,0.1846,0.0584,-0.0364,-0.0703,-0.0643,-0.0525,-0.0441,-0.0374,-0.0316,-0.0264,-0.0218,-0.0175,-0.0131,-0.0085,-0.0038,0.0011,0.0058,0.0101,0.0139,0.0169,0.0192,0.1909,0.2034,0.2153,0.2243,0.2261,0.2123,0.1636,0.0108,-0.4531,-0.6754,-0.1345,0.1934,0.3794,0.481,0.4212,0.2172,-0.0418,-0.2663,-0.3478,-0.2932,-0.2064,-0.139,-0.0951,-0.0677,-0.0502,-0.0385,-0.0295,-0.0219,-0.0146,-0.0075,-0.0006,0.0059,0.0116,0.0164,0.0201,0.0226,0.1619,0.1694,0.1758,0.18,0.181,0.1795,0.1795,0.1544,-0.1517,-0.383,-0.0309,0.2621,0.5136,0.7863,0.6571,0.2621,-0.2093,-0.6994,-0.7959,-0.5477,-0.3311,-0.2014,-0.1284,-0.0876,-0.0638,-0.0487,-0.0374,-0.0276,-0.0182,-0.0089,0.0002,0.0087,0.016,0.0218,0.0259,0.0283,0.1357,0.1401,0.1441,0.1483,0.1554,0.1732,0.2196,0.2956,0.1998,0.0375,0.1283,0.3495,0.516,0.8805,0.7392,0.2031,-0.4004,-1.3237,-1.3423,-0.7178,-0.3721,-0.205,-0.1246,-0.0856,-0.0649,-0.0517,-0.0409,-0.0303,-0.0191,-0.0074,0.0043,0.0152,0.0243,0.031,0.0352,0.0371,0.1117,0.1138,0.1163,0.1203,0.1293,0.1501,0.1916,0.2418,0.1893,0.0726,0.1175,0.4312,0.5273,0.3029,0.2821,-0.0317,-0.4264,-0.9354,-0.9994,-0.5659,-0.2665,-0.1251,-0.0754,-0.0609,-0.055,-0.0492,-0.0412,-0.0306,-0.0176,-0.0028,0.0125,0.0267,0.038,0.0456,0.0492,0.0495,0.0893,0.0893,0.0895,0.0909,0.0952,0.1047,0.1173,0.1132,0.0475,-0.066,-0.1195,-0.0164,0.0385,-0.1795,-0.0175,-0.3302,-0.6217,-0.521,-0.4669,-0.2505,-0.0164,0.0522,0.0151,-0.0223,-0.0409,-0.0457,-0.0413,-0.0304,-0.0143,0.0051,0.0259,0.0451,0.0595,0.0674,0.0691,0.0664,0.0682,0.0659,0.0632,0.0601,0.0568,0.0514,0.0376,-0.0012,-0.0913,-0.2648,-0.5395,-0.398,-0.2728,-0.1732,-0.1844,-0.3651,-0.5313,-0.3962,-0.2534,-0.0035,0.3449,0.2973,0.1074,0.0077,-0.034,-0.0475,-0.0453,-0.032,-0.0105,0.0167,0.0464,0.0736,0.0923,0.0994,0.0966,0.088,0.0485,0.0439,0.038,0.0304,0.0199,0.0036,-0.0246,-0.076,-0.167,-0.3205,-0.5179,-0.4248,-0.4203,-0.4517,-0.3354,-0.3531,-0.3557,-0.2801,-0.1784,0.0252,0.3889,0.3223,0.1102,0.0018,-0.0446,-0.0615,-0.0587,-0.0387,-0.0071,0.0321,0.076,0.1165,0.141,0.144,0.1319,0.1138,0.0304,0.0236,0.0151,0.0039,-0.0113,-0.0332,-0.0658,-0.1149,-0.1854,-0.2736,-0.346,-0.3713,-0.4583,-0.4982,-0.5096,-0.5361,-0.3898,-0.2334,-0.1799,-0.0926,0.0618,0.0903,0.0206,-0.0377,-0.0718,-0.0936,-0.0906,-0.0534,-0.0036,0.0513,0.1151,0.1764,0.2076,0.2001,0.1718,0.1402,0.0141,0.0057,-0.0048,-0.0183,-0.0359,-0.0594,-0.091,-0.1329,-0.1847,-0.2412,-0.2921,-0.3395,-0.4051,-0.5153,-0.8505,-0.9853,-0.5204,-0.244,-0.1619,-0.0961,-0.0672,-0.0557,-0.0692,-0.0834,-0.0992,-0.1441,-0.1513,-0.0665,0.0091,0.0735,0.1548,0.2404,0.2769,0.2527,0.2052,0.1605,-0.0003,-0.0098,-0.0215,-0.0361,-0.0543,-0.0773,-0.1061,-0.1411,-0.1816,-0.2249,-0.2694,-0.3193,-0.3906,-0.5275,-0.7973,-0.8678,-0.5182,-0.2485,-0.068,-0.015,-0.0969,-0.1388,-0.1499,-0.127,-0.0988,-0.1383,-0.1492,-0.007,0.0537,0.0966,0.1722,0.2641,0.3016,0.2702,0.2158,0.1667,-0.0127,-0.0229,-0.0351,-0.0499,-0.0678,-0.0893,-0.115,-0.1448,-0.1783,-0.2145,-0.2538,-0.2999,-0.3612,-0.4497,-0.5477,-0.5471,-0.407,-0.247,-0.1247,-0.0947,-0.17,-0.2588,-0.2798,-0.1998,-0.0753,0.0536,0.2245,0.205,0.1316,0.117,0.1584,0.2248,0.2577,0.2389,0.1974,0.1562,-0.0232,-0.0336,-0.0459,-0.0604,-0.0774,-0.0972,-0.1201,-0.1458,-0.1742,-0.205,-0.2386,-0.2766,-0.3206,-0.3685,-0.4029,-0.3923,-0.331,-0.2549,-0.2027,-0.2097,-0.3093,-0.4834,-0.5276,-0.3409,-0.0953,0.1639,0.3835,0.3062,0.1751,0.1244,0.1328,0.1669,0.1897,0.1847,0.1616,0.1338,-0.0319,-0.0423,-0.0543,-0.0682,-0.0841,-0.1021,-0.1224,-0.1448,-0.169,-0.1951,-0.2228,-0.2522,-0.2823,-0.309,-0.3235,-0.3164,-0.2891,-0.2576,-0.2455,-0.2824,-0.4116,-0.6369,-0.6975,-0.452,-0.164,0.0744,0.2185,0.2113,0.1472,0.1094,0.1057,0.1202,0.1334,0.1342,0.1236,0.1073,-0.039,-0.0492,-0.0608,-0.0738,-0.0885,-0.1048,-0.1228,-0.1422,-0.163,-0.1848,-0.2073,-0.2298,-0.2508,-0.2675,-0.276,-0.2736,-0.2631,-0.2537,-0.2601,-0.3018,-0.3998,-0.5323,-0.5578,-0.4051,-0.2013,-0.032,0.0712,0.1011,0.0909,0.0784,0.0772,0.0845,0.0923,0.0947,0.0906,0.0819]}]