docs/data/wind_grid.json
[{"header":{"la1":42.85,"la2":41.18,"lo1":11.55,"lo2":14.05,"nx":36,"ny":24,"dx":0.07143,"dy":0.07261,"parameterCategory":2,"parameterNumber":2,"parameterNumberName":"eastward_wind","parameterUnit":"m.s-1"},"data":[1.5575,1.5631,1.5694,1.576,1.582,1.5857,1.5852,1.5781,1.5626,1.5378,1.5041,1.4626,1.415,1.3631,1.3086,1.2538,1.2021,1.1578,1.125,1.1064,1.1014,1.1073,1.1209,1.1394,1.1608,1.183,1.2046,1.2247,1.2426,1.2583,1.2718,1.2834,1.2932,1.3016,1.3088,1.3151,1.5602,1.5678,1.5772,1.5881,1.5996,1.6096,1.6153,1.6125,1.5979,1.5698,1.5292,1.4785,1.4201,1.3562,1.2882,1.2184,1.151,1.0931,1.0526,1.0345,1.0368,1.0524,1.0753,1.1024,1.1315,1.1607,1.188,1.2123,1.2334,1.2513,1.2663,1.2788,1.2892,1.2979,1.3052,1.3115,1.5602,1.5696,1.5824,1.5986,1.6177,1.6377,1.654,1.6598,1.6478,1.615,1.564,1.5004,1.4284,1.3497,1.265,1.1751,1.0842,1.0037,0.9511,0.9387,0.9597,0.9939,1.0291,1.0653,1.1032,1.1402,1.1736,1.2024,1.2265,1.2462,1.2623,1.2754,1.286,1.2947,1.302,1.3081,1.5562,1.5668,1.5825,1.6047,1.634,1.6691,1.7044,1.7274,1.7216,1.6799,1.6113,1.529,1.4396,1.3441,1.2401,1.1241,0.9968,0.874,0.796,0.8022,0.8746,0.9474,0.9928,1.0336,1.0792,1.1241,1.1635,1.1962,1.2226,1.2437,1.2603,1.2734,1.2838,1.2922,1.299,1.3048,1.547,1.5573,1.5745,1.602,1.6432,1.7,1.7684,1.8281,1.8368,1.7741,1.672,1.5622,1.4524,1.3392,1.2156,1.0702,0.8893,0.6794,0.5258,0.5732,0.7892,0.9505,0.9844,1.0137,1.0641,1.1157,1.1597,1.1951,1.2227,1.244,1.2603,1.2728,1.2824,1.2901,1.2962,1.3014,1.5315,1.5391,1.5549,1.5845,1.6363,1.7193,1.838,1.9725,2.0159,1.8985,1.737,1.5936,1.4628,1.3329,1.1937,1.0258,0.7857,0.4171,0.0191,0.1078,0.6526,0.9783,0.9907,1.0082,1.0628,1.1183,1.1643,1.2001,1.2272,1.2474,1.2623,1.2734,1.2817,1.2881,1.2933,1.2977,1.5095,1.5121,1.523,1.5479,1.6029,1.7072,1.8712,2.0922,2.1865,1.989,1.7776,1.6139,1.4663,1.3187,1.1675,1.0003,0.7517,0.2649,-0.5147,-0.4276,0.4773,0.8722,0.9655,1.018,1.0784,1.1338,1.1782,1.2117,1.2361,1.2537,1.2661,1.2748,1.2811,1.2858,1.2896,1.293,1.4814,1.4788,1.4892,1.5057,1.544,1.6548,1.8225,2.0037,2.0707,1.9429,1.7817,1.6259,1.4629,1.2837,1.1027,0.9579,0.8076,0.4962,0.0326,0.1476,0.7005,0.8996,0.9817,1.0493,1.1102,1.1613,1.2006,1.229,1.2488,1.2621,1.2708,1.2764,1.28,1.2826,1.2847,1.287,1.4464,1.4361,1.4674,1.5136,1.4797,1.5809,1.7586,1.8999,1.9602,1.9265,1.8103,1.651,1.4646,1.218,0.9085,0.7537,0.8173,0.7995,0.706,0.7863,0.9797,0.9914,1.0326,1.0979,1.1547,1.1985,1.2298,1.2508,1.264,1.2716,1.2755,1.277,1.2773,1.2773,1.2777,1.2787,1.4044,1.3594,1.3418,1.3465,1.2769,1.4821,1.7516,1.9483,2.0956,2.1099,1.9151,1.7026,1.5021,1.1836,0.4683,0.0852,0.7068,0.9625,0.9943,1.0005,1.0138,1.0361,1.0984,1.1609,1.209,1.2425,1.2636,1.2751,1.28,1.2806,1.2786,1.2752,1.2717,1.2688,1.2673,1.2673,1.3692,1.2653,1.0558,0.6267,0.7313,1.3826,1.827,2.0769,2.3561,2.4968,2.032,1.7524,1.598,1.3911,0.6687,0.1115,0.858,1.1056,1.1409,1.1405,1.136,1.1523,1.1933,1.2362,1.2695,1.2901,1.299,1.2994,1.2946,1.287,1.2781,1.2692,1.2613,1.2553,1.252,1.2514,1.3672,1.2498,1.0195,0.6639,0.8012,1.4975,2.0247,2.304,2.2753,2.2823,1.9579,1.7591,1.6984,1.6926,1.6121,1.3126,1.2757,1.1959,1.1625,1.2199,1.2514,1.2683,1.2881,1.3097,1.3279,1.3366,1.333,1.321,1.3054,1.2886,1.2718,1.2563,1.2435,1.2344,1.2297,1.2292,1.4037,1.3268,1.2191,1.1468,1.3135,1.7203,2.1574,2.8119,2.1128,1.9764,1.8164,1.7298,1.7414,1.8728,1.9596,1.7247,1.5331,1.0082,0.9717,1.251,1.3362,1.3583,1.3642,1.3672,1.3728,1.3753,1.3615,1.3366,1.3093,1.2821,1.2563,1.2332,1.2148,1.2027,1.1976,1.1988,1.4574,1.4261,1.4048,1.4349,1.5674,1.7853,1.9912,1.9691,1.9197,1.8223,1.7096,1.6904,1.7171,1.8687,1.8683,2.0284,1.8317,1.3574,1.2193,1.3656,1.4246,1.4343,1.4236,1.405,1.3929,1.3946,1.3768,1.3407,1.3017,1.2636,1.2272,1.1947,1.1698,1.1552,1.1517,1.1575,1.5073,1.5033,1.5156,1.5603,1.6468,1.7574,1.846,1.8602,1.794,1.6704,1.5657,1.5516,1.6288,1.6096,1.8358,2.0838,1.7829,1.6648,1.5368,1.513,1.5075,1.4966,1.4732,1.4356,1.4016,1.3896,1.3672,1.3245,1.2769,1.228,1.1788,1.1335,1.1,1.0843,1.0866,1.1022,1.5448,1.5525,1.5722,1.6087,1.6603,1.714,1.747,1.7357,1.6656,1.5318,1.3566,1.2692,1.4015,1.5799,1.7138,1.8016,1.7544,1.7141,1.6539,1.5939,1.519,1.5194,1.5137,1.4666,1.4119,1.3704,1.3299,1.2823,1.2303,1.1714,1.1043,1.0382,0.9916,0.9782,0.9954,1.0304,1.57,1.5809,1.5989,1.6244,1.6536,1.6781,1.6854,1.6631,1.6019,1.4954,1.3687,1.3509,1.2747,1.2617,1.5994,1.735,1.7595,1.7497,1.7317,1.6736,1.5311,1.544,1.5548,1.4908,1.4023,1.3213,1.2598,1.2125,1.1631,1.0946,0.9982,0.8916,0.8219,0.821,0.8726,0.9428,1.5859,1.5964,1.6106,1.6273,1.6435,1.6537,1.6512,1.6301,1.5875,1.5273,1.4695,1.4233,1.2799,1.2828,1.6645,1.8221,1.8207,1.7923,1.7361,1.834,1.7646,1.6892,1.622,1.506,1.3554,1.2178,1.146,1.1181,1.0832,1.0075,0.8629,0.6747,0.5632,0.6028,0.724,0.8496,1.5956,1.6046,1.6152,1.6262,1.6353,1.6392,1.6347,1.6194,1.5937,1.562,1.5332,1.5116,1.5065,1.6261,1.985,2.1174,1.9356,1.9179,1.9651,2.2782,2.0941,1.8819,1.7179,1.5236,1.2814,1.0763,1.0254,1.0143,0.9989,0.9324,0.7334,0.4154,0.2443,0.3693,0.5904,0.7764,1.6015,1.6089,1.6169,1.6245,1.6301,1.632,1.6287,1.6197,1.6063,1.5923,1.5839,1.5901,1.6313,1.7539,1.9817,2.0646,1.995,2.1452,2.7629,3.0736,2.4033,2.0696,1.8581,1.5869,1.2448,1.0093,0.9676,0.8592,0.9023,0.9016,0.7043,0.3161,0.111,0.2861,0.5509,0.7577,1.6051,1.6113,1.6176,1.6233,1.6274,1.6292,1.6282,1.6245,1.6198,1.6172,1.6216,1.6405,1.6852,1.7663,1.8686,1.9347,1.9939,2.1744,2.5315,2.6621,2.4099,2.2839,2.147,1.7793,1.2681,0.7571,0.2581,0.426,0.8192,0.9601,0.8383,0.5454,0.3676,0.4567,0.6423,0.8064,1.6073,1.6127,1.618,1.6228,1.6266,1.6291,1.6302,1.6307,1.6318,1.6361,1.6471,1.6692,1.707,1.7616,1.825,1.888,1.9666,2.0929,2.251,2.351,2.4531,2.7531,2.8065,2.1834,1.3974,0.5801,-0.2072,0.2519,1.0115,1.1914,1.0757,0.8715,0.729,0.7238,0.8026,0.8989,1.6088,1.6136,1.6184,1.6229,1.6268,1.6301,1.6332,1.6365,1.6413,1.6494,1.663,1.6846,1.7161,1.7574,1.8062,1.8621,1.9316,2.0222,2.1315,2.2709,2.5595,3.154,3.3399,2.5135,1.6286,0.9489,0.5982,0.9976,1.6259,1.5538,1.309,1.1132,0.9873,0.9417,0.9566,1.0003,1.6097,1.6142,1.6188,1.6231,1.6274,1.6315,1.6359,1.6411,1.648,1.6579,1.6722,1.6923,1.7191,1.7527,1.793,1.8405,1.8983,1.9705,2.0639,2.2041,2.4541,2.8096,2.8655,2.3633,1.7526,1.3096,1.1536,1.3867,1.7157,1.6309,1.411,1.2461,1.1411,1.0882,1.0762,1.09]},{"header":{"la1":42.85,"la2":41.18,"lo1":11.55,"lo2":14.05,"nx":36,"ny":24,"dx":0.07143,"dy":0.07261,"parameterCategory":2,"parameterNumber":3,"parameterNumberName":"northward_wind","parameterUnit":"m.s-1"},"data":[1.0035,1.019,1.033,1.0451,1.0551,1.0623,1.0652,1.0618,1.0505,1.031,1.0047,0.9739,0.9404,0.9053,0.8695,0.8338,0.7999,0.7708,0.7491,0.7362,0.7306,0.7282,0.7247,0.7173,0.7056,0.6904,0.6731,0.6545,0.6356,0.6165,0.5979,0.5797,0.5624,0.5459,0.5304,0.5159,1.0317,1.051,1.0685,1.0844,1.0987,1.1111,1.1194,1.1197,1.108,1.0834,1.049,1.0093,0.9676,0.9249,0.8809,0.836,0.7923,0.7549,0.7298,0.7206,0.7245,0.7326,0.7357,0.7296,0.7157,0.6972,0.6765,0.655,0.6334,0.6122,0.5916,0.5718,0.553,0.5354,0.5189,0.5037,1.0635,1.0876,1.1093,1.1293,1.149,1.1695,1.1885,1.1977,1.1871,1.1536,1.1049,1.0516,0.9992,0.9476,0.8941,0.8366,0.7771,0.7243,0.6923,0.6916,0.7171,0.7471,0.76,0.7517,0.7311,0.7061,0.6803,0.6548,0.6302,0.6064,0.5837,0.5621,0.5418,0.5229,0.5054,0.4894,1.1001,1.1308,1.1576,1.1811,1.2058,1.2381,1.2781,1.3096,1.3045,1.2527,1.1759,1.1004,1.035,0.9752,0.9121,0.8378,0.7517,0.6672,0.6169,0.634,0.7111,0.7898,0.8128,0.7885,0.7512,0.7154,0.6829,0.653,0.625,0.5986,0.5737,0.5503,0.5284,0.5082,0.4897,0.473,1.1431,1.1843,1.2183,1.2432,1.2681,1.313,1.3926,1.4813,1.4963,1.3987,1.2622,1.1516,1.0735,1.0103,0.9412,0.8477,0.7183,0.5647,0.4556,0.502,0.7022,0.891,0.9068,0.8336,0.7691,0.721,0.6821,0.6481,0.617,0.5881,0.561,0.5357,0.5122,0.4907,0.4712,0.4538,1.1937,1.2545,1.3033,1.3269,1.3359,1.3792,1.517,1.7416,1.8222,1.6006,1.346,1.1927,1.1115,1.0576,0.9936,0.8854,0.6992,0.4114,0.1138,0.1813,0.6195,0.9631,0.9591,0.8471,0.7706,0.7178,0.6758,0.639,0.6055,0.5743,0.5451,0.5179,0.4928,0.47,0.4495,0.4315,1.2496,1.3471,1.4359,1.4649,1.4224,1.4114,1.5693,1.9665,2.1694,1.7382,1.3672,1.2046,1.1469,1.125,1.0883,0.9847,0.759,0.3374,-0.267,-0.2047,0.4722,0.7978,0.8519,0.8053,0.7517,0.7047,0.6632,0.6253,0.59,0.5567,0.5255,0.4963,0.4695,0.4454,0.424,0.4055,1.2964,1.4509,1.6395,1.7245,1.562,1.4003,1.4465,1.7158,1.8489,1.53,1.2715,1.181,1.1825,1.2248,1.2548,1.1881,0.9625,0.5809,0.1567,0.23,0.6586,0.7942,0.7961,0.7679,0.7279,0.6861,0.6458,0.6074,0.5706,0.5353,0.5018,0.4704,0.4417,0.4161,0.3939,0.3751,1.3042,1.4982,1.8167,2.0646,1.6897,1.3383,1.233,1.2594,1.2582,1.1742,1.122,1.141,1.2219,1.3646,1.5494,1.5696,1.2849,0.9359,0.7,0.7282,0.9583,0.9328,0.8187,0.7546,0.7075,0.6654,0.6255,0.5865,0.5479,0.51,0.4736,0.4395,0.4085,0.3813,0.3582,0.3394,1.2512,1.4015,1.617,1.744,1.4424,1.1808,1.0259,0.9586,0.9263,0.9269,0.9944,1.1038,1.2553,1.498,2.0199,2.2902,1.6168,1.1574,0.9275,0.8612,0.9188,0.8989,0.8053,0.7353,0.6852,0.644,0.6049,0.5647,0.5231,0.4811,0.4404,0.4025,0.3685,0.3395,0.3157,0.2972,1.1589,1.2309,1.2564,1.1507,1.1225,1.0016,0.8243,0.7463,0.7806,0.803,0.909,1.0794,1.2798,1.5116,1.9771,2.3185,1.601,1.1909,0.9931,0.8921,0.8482,0.8106,0.7542,0.701,0.6605,0.6268,0.59,0.5462,0.4977,0.4484,0.401,0.3577,0.3199,0.2887,0.2644,0.247,1.0639,1.0966,1.1032,1.0881,1.0448,0.8407,0.6052,0.4911,0.611,0.7526,0.8689,1.0614,1.3211,1.6157,1.6136,1.5432,1.3277,1.0898,0.9675,0.8858,0.8098,0.7491,0.6991,0.6636,0.6464,0.6313,0.5942,0.5367,0.4728,0.4106,0.3532,0.3024,0.2595,0.2259,0.2019,0.1869,0.9785,0.9922,0.9921,0.969,0.8785,0.6812,0.4395,0.3843,0.2909,0.6076,0.8178,1.0132,1.2287,1.6951,1.6068,1.3883,1.2337,0.9562,0.9103,0.8555,0.7576,0.6834,0.6401,0.6326,0.6683,0.6935,0.6346,0.537,0.4444,0.3634,0.2926,0.2318,0.1828,0.147,0.1245,0.1141,0.9034,0.9019,0.8852,0.8408,0.7491,0.6016,0.4128,0.1896,0.2726,0.5374,0.7196,0.9674,1.0625,1.1023,1.293,1.5329,1.36,1.0396,0.9074,0.786,0.6617,0.5878,0.5648,0.5972,0.7137,0.7983,0.6803,0.5231,0.3989,0.2984,0.2123,0.1392,0.0825,0.0452,0.0273,0.0255,0.8392,0.8277,0.802,0.7554,0.6823,0.5851,0.4793,0.404,0.418,0.4527,0.4617,0.5742,0.7126,0.5328,1.1252,1.574,1.306,1.0656,0.8238,0.6338,0.4903,0.4442,0.4612,0.5169,0.6343,0.7109,0.6029,0.4487,0.3192,0.2071,0.1044,0.0146,-0.0524,-0.0892,-0.0966,-0.0824,0.7861,0.7697,0.7422,0.7011,0.6461,0.5816,0.518,0.4669,0.4165,0.287,-0.0163,0.0663,0.2951,0.5718,0.8373,1.0853,1.1269,0.8684,0.6036,0.4165,0.269,0.283,0.3465,0.397,0.4524,0.475,0.418,0.3177,0.2072,0.0883,-0.0381,-0.1563,-0.2398,-0.2707,-0.255,-0.2119,0.7427,0.7246,0.6984,0.6634,0.6205,0.5724,0.5225,0.4689,0.3924,0.2439,0.0135,0.0963,0.0526,0.0265,0.443,0.6169,0.6259,0.4221,0.213,0.2007,0.2125,0.2232,0.2535,0.2798,0.2954,0.2884,0.2513,0.1856,0.0878,-0.0482,-0.2199,-0.3949,-0.5073,-0.5179,-0.4532,-0.3606,0.707,0.6887,0.6645,0.6343,0.5987,0.5587,0.5146,0.4632,0.3958,0.3059,0.2218,0.1721,-0.0103,-0.0692,0.0335,0.027,0.1358,-0.064,-0.3238,-0.1067,0.0485,0.1172,0.1485,0.1706,0.1811,0.1768,0.155,0.0981,-0.0105,-0.1845,-0.4373,-0.7226,-0.8846,-0.8375,-0.6796,-0.5134,0.6772,0.6593,0.637,0.6102,0.5791,0.544,0.5046,0.4592,0.4055,0.3449,0.2837,0.2147,0.1102,-0.0558,-0.6155,-0.8754,-0.2436,-0.2288,-0.3985,-0.4907,-0.2596,-0.0733,0.0133,0.0641,0.1082,0.155,0.1593,0.0687,-0.079,-0.2998,-0.6476,-1.093,-1.3181,-1.1601,-0.8776,-0.6359,0.6517,0.6345,0.6137,0.5893,0.5614,0.5299,0.4946,0.4547,0.4098,0.3597,0.3035,0.2325,0.1234,-0.0951,-0.5521,-0.705,-0.3283,-0.3495,-0.8681,-1.1244,-0.5305,-0.2536,-0.1428,-0.0548,0.0426,0.1459,0.1646,0.037,-0.1441,-0.3832,-0.7436,-1.2413,-1.4887,-1.2772,-0.9506,-0.687,0.6297,0.6131,0.5936,0.571,0.5454,0.5167,0.4847,0.4489,0.4088,0.3634,0.31,0.2414,0.1427,-0.0082,-0.1927,-0.2656,-0.2325,-0.3359,-0.6398,-0.7521,-0.5237,-0.4234,-0.3719,-0.2299,-0.0657,0.0536,0.1128,0.0074,-0.2515,-0.4825,-0.715,-1.0261,-1.2072,-1.0964,-0.8679,-0.6564,0.6103,0.5943,0.5758,0.5547,0.5309,0.5044,0.4749,0.4419,0.4051,0.363,0.3134,0.2521,0.1736,0.0769,-0.0201,-0.0864,-0.138,-0.2336,-0.3699,-0.4559,-0.5282,-0.742,-0.8024,-0.4942,-0.2009,-0.0055,0.1739,-0.0463,-0.5672,-0.7396,-0.7439,-0.8102,-0.8774,-0.8383,-0.7175,-0.5777,0.593,0.5776,0.56,0.54,0.5177,0.4929,0.4654,0.4347,0.4005,0.3615,0.3165,0.2634,0.2011,0.1316,0.0621,-0.0014,-0.0668,-0.1491,-0.2496,-0.371,-0.5925,-1.0064,-1.1307,-0.6871,-0.3295,-0.1663,-0.1632,-0.5959,-1.2874,-1.1723,-0.8741,-0.7418,-0.7013,-0.658,-0.5837,-0.4913,0.5776,0.5626,0.5457,0.5268,0.5057,0.4823,0.4564,0.4277,0.3958,0.36,0.3193,0.2732,0.2215,0.1656,0.1077,0.0486,-0.0157,-0.0913,-0.1849,-0.314,-0.5186,-0.784,-0.8463,-0.6057,-0.3815,-0.3119,-0.4385,-0.8829,-1.3863,-1.2466,-0.9106,-0.7104,-0.6122,-0.5486,-0.4854,-0.4159]}]