docs/data/wind_grid.json
[{"header":{"la1":42.85,"la2":41.18,"lo1":11.55,"lo2":14.05,"nx":36,"ny":24,"dx":0.07143,"dy":0.07261,"parameterCategory":2,"parameterNumber":2,"parameterNumberName":"eastward_wind","parameterUnit":"m.s-1"},"data":[-0.1146,-0.1229,-0.1312,-0.1393,-0.147,-0.1535,-0.1575,-0.1577,-0.1536,-0.1459,-0.1369,-0.1297,-0.1273,-0.1315,-0.1428,-0.1602,-0.1807,-0.1998,-0.2122,-0.2137,-0.2029,-0.1815,-0.1532,-0.122,-0.0909,-0.0619,-0.036,-0.0136,0.0055,0.0214,0.0344,0.0451,0.0537,0.0606,0.066,0.0703,-0.1277,-0.1378,-0.1483,-0.1593,-0.1706,-0.1813,-0.1892,-0.1914,-0.1857,-0.1728,-0.1568,-0.1434,-0.1377,-0.1427,-0.1595,-0.1869,-0.2211,-0.2546,-0.2776,-0.2819,-0.2654,-0.2325,-0.1908,-0.1472,-0.1059,-0.0693,-0.038,-0.0119,0.0095,0.0267,0.0405,0.0514,0.0599,0.0665,0.0715,0.0754,-0.142,-0.1541,-0.1672,-0.1817,-0.1983,-0.2162,-0.2323,-0.2402,-0.2333,-0.2113,-0.1822,-0.1575,-0.1455,-0.1507,-0.1749,-0.2175,-0.2743,-0.3336,-0.3762,-0.3846,-0.3553,-0.3006,-0.2365,-0.1745,-0.1199,-0.0741,-0.0369,-0.0071,0.0164,0.0346,0.0487,0.0594,0.0674,0.0734,0.0778,0.081,-0.1578,-0.172,-0.1876,-0.206,-0.2294,-0.2591,-0.2919,-0.3149,-0.3092,-0.2699,-0.2157,-0.1707,-0.1481,-0.1527,-0.186,-0.25,-0.3434,-0.4507,-0.5327,-0.546,-0.4867,-0.3894,-0.2885,-0.2006,-0.1295,-0.0737,-0.0307,0.0022,0.027,0.0456,0.0593,0.0693,0.0764,0.0814,0.0849,0.0871,-0.1754,-0.192,-0.2096,-0.2309,-0.261,-0.3071,-0.3716,-0.4334,-0.4386,-0.3624,-0.2577,-0.1788,-0.1413,-0.1443,-0.1875,-0.2775,-0.4254,-0.6226,-0.7898,-0.8063,-0.6729,-0.4944,-0.3382,-0.2183,-0.1298,-0.065,-0.0175,0.0172,0.0422,0.0601,0.0726,0.0812,0.0869,0.0904,0.0926,0.0937,-0.1961,-0.2155,-0.2345,-0.2558,-0.2879,-0.3483,-0.4597,-0.6095,-0.6553,-0.4942,-0.2954,-0.1712,-0.1192,-0.1219,-0.1731,-0.2849,-0.4945,-0.8372,-1.1837,-1.1894,-0.8922,-0.5862,-0.3654,-0.2163,-0.1147,-0.0444,0.0048,0.0391,0.0627,0.0785,0.0887,0.095,0.0986,0.1002,0.1007,0.1004,-0.2212,-0.2457,-0.2668,-0.2843,-0.3069,-0.3609,-0.4975,-0.7522,-0.8735,-0.5792,-0.2817,-0.1307,-0.077,-0.0852,-0.1418,-0.2561,-0.4862,-0.9417,-1.5039,-1.4826,-0.9986,-0.596,-0.3422,-0.1829,-0.0791,-0.0094,0.0377,0.0688,0.0888,0.1009,0.1076,0.1106,0.1112,0.1105,0.1089,0.1069,-0.2523,-0.2875,-0.3164,-0.3303,-0.3295,-0.34,-0.4141,-0.5879,-0.6602,-0.4061,-0.1656,-0.0485,-0.015,-0.0417,-0.1107,-0.2058,-0.3688,-0.7113,-1.1569,-1.1683,-0.7999,-0.4718,-0.2553,-0.1149,-0.0215,0.041,0.0817,0.1067,0.1207,0.1271,0.1286,0.1273,0.1244,0.1207,0.1168,0.113,-0.2886,-0.3448,-0.3987,-0.424,-0.3929,-0.3284,-0.2847,-0.2667,-0.2061,-0.0836,0.0107,0.06,0.063,-0.0017,-0.1295,-0.2167,-0.2495,-0.3678,-0.5418,-0.5759,-0.4396,-0.2682,-0.1268,-0.0213,0.0544,0.1058,0.1371,0.1528,0.1579,0.1563,0.1512,0.1444,0.1372,0.1302,0.1237,0.118,-0.323,-0.4112,-0.5206,-0.6054,-0.5505,-0.3743,-0.2197,-0.0746,0.1133,0.2122,0.1787,0.1717,0.1648,0.0594,-0.2639,-0.4337,-0.2211,-0.1587,-0.1868,-0.1989,-0.1559,-0.0778,0.007,0.0834,0.1441,0.1847,0.2044,0.2072,0.1998,0.1876,0.1739,0.1606,0.1486,0.138,0.129,0.1214,-0.3407,-0.4561,-0.6305,-0.8307,-0.7776,-0.447,-0.2313,-0.0485,0.345,0.5256,0.2918,0.2698,0.3116,0.2687,-0.1225,-0.4081,-0.1223,-0.0237,-0.0089,-0.0043,0.0195,0.066,0.1262,0.1901,0.2464,0.2807,0.2861,0.2701,0.2449,0.2187,0.1948,0.1743,0.1571,0.1431,0.1317,0.1227,-0.3275,-0.4389,-0.6054,-0.7918,-0.7304,-0.4268,-0.3015,-0.2749,0.0546,0.3288,0.2757,0.3465,0.4769,0.6338,0.4683,0.1611,0.0773,0.0743,0.0808,0.0949,0.1274,0.1734,0.2294,0.2969,0.366,0.4029,0.3866,0.3397,0.2894,0.2461,0.211,0.1832,0.1613,0.1442,0.131,0.121,-0.2849,-0.364,-0.4588,-0.5243,-0.4661,-0.3474,-0.3599,-0.4937,-0.3273,0.0323,0.2444,0.4171,0.5399,0.741,0.6417,0.3127,0.1282,0.0946,0.1001,0.1454,0.2102,0.2679,0.3221,0.3982,0.5032,0.5581,0.5016,0.4062,0.3251,0.2642,0.2189,0.1848,0.1592,0.1401,0.126,0.1158,-0.2286,-0.2742,-0.3152,-0.3291,-0.301,-0.2726,-0.3092,-0.3926,-0.2875,0.0101,0.2392,0.48,0.5663,0.6567,0.4685,0.1723,-0.0388,0.0452,0.1115,0.2104,0.3202,0.3823,0.4105,0.4697,0.6034,0.6841,0.5804,0.4415,0.3389,0.2669,0.2149,0.1767,0.1491,0.1295,0.1159,0.1066,-0.1728,-0.1962,-0.212,-0.2129,-0.1998,-0.1892,-0.1948,-0.1875,-0.0925,0.0594,0.1681,0.2745,0.4134,0.4977,0.3353,-0.1963,-0.7152,-0.1552,0.1435,0.3492,0.5341,0.5687,0.5094,0.4953,0.5673,0.622,0.5395,0.4191,0.3228,0.2507,0.1967,0.1573,0.1297,0.1116,0.1002,0.0934,-0.1235,-0.1341,-0.1385,-0.1344,-0.1231,-0.1089,-0.0905,-0.0537,0.0128,0.0702,0.0427,0.0407,0.1663,0.3171,0.2259,-0.1453,-0.4824,-0.0726,0.2481,0.5463,0.9153,0.8473,0.6129,0.5048,0.4873,0.4851,0.4387,0.3628,0.2854,0.2181,0.1647,0.1259,0.1007,0.0865,0.0795,0.0766,-0.0817,-0.0849,-0.0833,-0.0757,-0.0626,-0.0441,-0.0184,0.0176,0.0592,0.0798,0.052,0.0838,0.1331,0.1543,0.2105,0.1425,0.0934,0.2203,0.3766,0.5972,0.9717,0.8874,0.6321,0.4995,0.447,0.4229,0.3855,0.3205,0.2436,0.1743,0.1206,0.084,0.0637,0.0559,0.0552,0.0576,-0.0467,-0.0453,-0.04,-0.0302,-0.0155,0.0042,0.0293,0.0592,0.0887,0.1084,0.1191,0.1414,0.1475,0.1663,0.307,0.3614,0.3369,0.3872,0.4147,0.5356,0.6732,0.6695,0.5631,0.4724,0.4375,0.4522,0.4295,0.3194,0.2023,0.1199,0.0681,0.0379,0.0254,0.0254,0.0313,0.0386,-0.0173,-0.0131,-0.0056,0.0056,0.0208,0.0399,0.0628,0.0881,0.1132,0.1354,0.1567,0.1825,0.217,0.3039,0.5409,0.6298,0.4708,0.4724,0.5201,0.6929,0.6563,0.5881,0.5101,0.4398,0.442,0.5987,0.629,0.3368,0.1325,0.0454,0.0133,0.0038,0.0019,0.0051,0.0127,0.0221,0.0074,0.0134,0.0222,0.034,0.049,0.067,0.0878,0.1104,0.1337,0.1573,0.183,0.2155,0.2656,0.3625,0.5306,0.5873,0.512,0.5849,0.897,1.043,0.745,0.5935,0.4984,0.4042,0.3701,0.5758,0.6291,0.1391,-0.039,-0.0681,-0.0462,-0.0119,-0.0002,-0.0029,-0.0001,0.0086,0.0283,0.0354,0.0448,0.0567,0.0712,0.0882,0.1073,0.1281,0.1504,0.1743,0.2016,0.2358,0.2833,0.3514,0.4295,0.4723,0.497,0.5917,0.7778,0.843,0.7103,0.6273,0.5533,0.3966,0.186,-0.0786,-0.5489,-0.4948,-0.3161,-0.2314,-0.1426,-0.0594,-0.0231,-0.0186,-0.0142,-0.0043,0.0458,0.0536,0.0633,0.0751,0.089,0.1049,0.1227,0.1422,0.1634,0.1868,0.2135,0.2454,0.285,0.3323,0.3808,0.4223,0.4668,0.5357,0.6183,0.6601,0.6773,0.763,0.7676,0.4972,0.0943,-0.4484,-1.0371,-0.7942,-0.5364,-0.4349,-0.289,-0.1587,-0.0853,-0.0532,-0.0346,-0.0181,0.0607,0.0687,0.0785,0.09,0.1033,0.1183,0.1349,0.1532,0.1732,0.1953,0.2201,0.2486,0.2812,0.3174,0.3548,0.3922,0.4334,0.4825,0.5351,0.5887,0.6869,0.8959,0.9615,0.6076,0.1444,-0.3027,-0.6101,-0.6443,-0.7329,-0.6499,-0.4297,-0.2548,-0.1494,-0.0913,-0.0564,-0.0315,0.0732,0.0814,0.091,0.1022,0.1148,0.1289,0.1445,0.1615,0.1801,0.2006,0.2231,0.2481,0.2755,0.3051,0.3359,0.368,0.4024,0.4404,0.4827,0.5369,0.6277,0.7569,0.767,0.5245,0.18,-0.1411,-0.3831,-0.577,-0.7545,-0.6783,-0.4679,-0.2963,-0.1849,-0.1159,-0.0718,-0.041]},{"header":{"la1":42.85,"la2":41.18,"lo1":11.55,"lo2":14.05,"nx":36,"ny":24,"dx":0.07143,"dy":0.07261,"parameterCategory":2,"parameterNumber":3,"parameterNumberName":"northward_wind","parameterUnit":"m.s-1"},"data":[0.595,0.6121,0.6306,0.6498,0.6687,0.6852,0.6965,0.6994,0.6918,0.6736,0.6474,0.6171,0.5863,0.5577,0.5326,0.5114,0.4936,0.478,0.4633,0.4481,0.4315,0.4133,0.394,0.3742,0.3545,0.3355,0.3175,0.3006,0.285,0.2706,0.2574,0.2454,0.2345,0.2247,0.2158,0.2079,0.6075,0.6283,0.6517,0.6776,0.7051,0.7315,0.7522,0.7611,0.7533,0.7283,0.691,0.6487,0.6077,0.5718,0.5423,0.5193,0.5016,0.4875,0.4742,0.4594,0.4415,0.4207,0.3982,0.3751,0.3525,0.3311,0.3112,0.2928,0.276,0.2607,0.2469,0.2345,0.2233,0.2133,0.2043,0.1964,0.6187,0.6432,0.6721,0.7064,0.7459,0.7882,0.8263,0.848,0.8415,0.8044,0.7473,0.6855,0.6297,0.5843,0.55,0.5258,0.51,0.4996,0.49,0.4764,0.4564,0.4312,0.4035,0.3758,0.3494,0.3251,0.303,0.283,0.2651,0.2491,0.2348,0.222,0.2106,0.2004,0.1915,0.1837,0.6277,0.6555,0.6898,0.7334,0.7887,0.8558,0.9263,0.977,0.9763,0.9153,0.8208,0.7267,0.6499,0.5931,0.5539,0.5299,0.5189,0.5169,0.5157,0.5045,0.4795,0.4456,0.4096,0.3753,0.3443,0.3167,0.2923,0.2709,0.252,0.2353,0.2206,0.2076,0.1961,0.186,0.1772,0.1695,0.6337,0.6637,0.7021,0.7539,0.8266,0.9284,1.0577,1.1755,1.1954,1.0806,0.9116,0.7664,0.6633,0.595,0.5523,0.5303,0.5278,0.5427,0.5599,0.5525,0.5142,0.4634,0.4145,0.3718,0.3356,0.3047,0.2783,0.2556,0.236,0.219,0.2042,0.1912,0.1797,0.1698,0.1611,0.1538,0.6367,0.6672,0.7065,0.7616,0.8464,0.9842,1.2009,1.4631,1.5458,1.3043,0.9992,0.7892,0.6626,0.5869,0.5431,0.5242,0.5329,0.5759,0.6317,0.6273,0.557,0.4781,0.4132,0.3622,0.3214,0.2878,0.2599,0.2366,0.2168,0.1998,0.1852,0.1725,0.1613,0.1516,0.1433,0.1363,0.6373,0.6669,0.7032,0.753,0.8336,0.981,1.2583,1.693,1.8851,1.4515,1.0149,0.7721,0.6415,0.5673,0.5254,0.5085,0.523,0.5899,0.6928,0.687,0.5761,0.4731,0.3983,0.3429,0.2996,0.2647,0.2363,0.213,0.1937,0.1775,0.1635,0.1513,0.1406,0.1313,0.1234,0.1169,0.6372,0.6662,0.698,0.7346,0.7892,0.8953,1.1072,1.4417,1.577,1.2335,0.9001,0.7103,0.6032,0.5391,0.5005,0.4826,0.4897,0.5388,0.6193,0.6158,0.5239,0.4338,0.3651,0.3118,0.2689,0.234,0.2062,0.1842,0.1664,0.1517,0.1389,0.1276,0.1175,0.1087,0.1013,0.0953,0.6379,0.6704,0.7034,0.7288,0.7444,0.7757,0.8557,0.9639,0.9869,0.8795,0.7451,0.6368,0.5619,0.5101,0.4714,0.4508,0.4469,0.456,0.476,0.4701,0.4256,0.3699,0.3174,0.2701,0.2287,0.1946,0.1684,0.1492,0.1346,0.1225,0.1115,0.1013,0.0918,0.0834,0.0765,0.0712,0.6383,0.6809,0.7323,0.7723,0.7524,0.6904,0.6649,0.69,0.7368,0.7387,0.6628,0.583,0.5306,0.492,0.4421,0.4176,0.4146,0.3863,0.3644,0.3518,0.3331,0.303,0.2641,0.2205,0.1781,0.1437,0.1207,0.107,0.098,0.09,0.0815,0.0723,0.0632,0.0551,0.0486,0.0441,0.633,0.6862,0.7682,0.8662,0.8354,0.6408,0.512,0.5209,0.7367,0.844,0.6418,0.5425,0.5097,0.4982,0.4575,0.4184,0.3896,0.2988,0.2434,0.2459,0.2554,0.2449,0.2126,0.1647,0.1135,0.0757,0.0591,0.0568,0.0575,0.0554,0.0494,0.0407,0.0314,0.023,0.0167,0.0132,0.6148,0.6647,0.7437,0.8393,0.7923,0.5404,0.3251,0.2359,0.4764,0.6715,0.5536,0.4885,0.4852,0.4817,0.5655,0.4806,0.3373,0.0908,0.017,0.1241,0.1925,0.2015,0.1679,0.1026,0.0261,-0.0216,-0.0219,-0.0008,0.0157,0.0205,0.0159,0.0062,-0.0048,-0.0142,-0.0204,-0.0226,0.5839,0.6156,0.6533,0.6711,0.5955,0.4103,0.192,0.0063,0.1463,0.3968,0.4459,0.391,0.4266,0.587,0.7277,0.5382,0.3088,-0.2912,-0.3163,0.0366,0.1644,0.1816,0.1379,0.0397,-0.092,-0.1611,-0.1203,-0.0571,-0.0211,-0.0117,-0.0185,-0.0326,-0.0475,-0.059,-0.0648,-0.0648,0.5485,0.5613,0.5666,0.5469,0.4793,0.3623,0.2202,0.101,0.1747,0.3696,0.4259,0.2772,0.2426,0.5128,0.5892,0.6421,0.5859,0.0754,-0.0683,0.1137,0.1929,0.1945,0.1354,0.0063,-0.1891,-0.2863,-0.1897,-0.088,-0.0436,-0.039,-0.0552,-0.0789,-0.1009,-0.1152,-0.1197,-0.1155,0.5163,0.5179,0.5102,0.4859,0.4394,0.3749,0.3097,0.2808,0.3418,0.4581,0.5246,0.4965,0.4994,0.5889,0.5934,0.9467,1.4102,0.6756,0.2954,0.2374,0.2664,0.2512,0.1698,0.0411,-0.1276,-0.2153,-0.146,-0.0704,-0.0473,-0.0628,-0.0985,-0.1394,-0.1723,-0.1895,-0.1897,-0.1771,0.4902,0.4872,0.4775,0.4587,0.4313,0.4009,0.3806,0.3904,0.4498,0.564,0.7241,0.676,0.6,0.5448,0.5769,0.8542,1.1517,0.6339,0.292,0.2619,0.4021,0.3613,0.2184,0.1047,0.0112,-0.0378,-0.0287,-0.0172,-0.0381,-0.0888,-0.1569,-0.2254,-0.2744,-0.2916,-0.28,-0.2512,0.4699,0.4659,0.4579,0.4458,0.4314,0.4197,0.4187,0.4388,0.4897,0.5811,0.6995,0.6411,0.5369,0.4935,0.4711,0.4909,0.4557,0.1785,-0.0335,0.1196,0.4067,0.3609,0.2138,0.1364,0.1063,0.1043,0.0972,0.0537,-0.0234,-0.1235,-0.2404,-0.3541,-0.4258,-0.4335,-0.3942,-0.3366,0.4538,0.4502,0.4445,0.4374,0.4305,0.4274,0.4324,0.4501,0.4833,0.5282,0.5591,0.5346,0.4854,0.4482,0.2946,0.1902,0.1049,-0.2941,-0.6748,-0.2077,0.0987,0.1691,0.1428,0.134,0.1815,0.2715,0.28,0.153,-0.0078,-0.1702,-0.3542,-0.5418,-0.6445,-0.6187,-0.5249,-0.4241,0.4404,0.4375,0.4336,0.4293,0.4261,0.4259,0.4308,0.4421,0.459,0.4755,0.4788,0.4563,0.4067,0.2902,-0.0118,-0.1282,-0.0334,-0.2897,-0.4991,-0.2361,-0.0676,0.026,0.0617,0.1084,0.249,0.5353,0.5944,0.2553,-0.0183,-0.2273,-0.474,-0.7593,-0.8964,-0.805,-0.6384,-0.4927,0.4284,0.4261,0.4232,0.4203,0.4184,0.4182,0.4206,0.4254,0.4308,0.4321,0.4221,0.3924,0.331,0.2057,-0.0064,-0.0833,-0.0358,-0.1287,-0.1915,-0.1882,-0.1172,-0.0577,-0.0236,0.0362,0.1905,0.5451,0.6255,0.1248,-0.1201,-0.2882,-0.5254,-0.8445,-0.9955,-0.8708,-0.6765,-0.5173,0.4174,0.4152,0.4127,0.4102,0.4081,0.4068,0.4063,0.4059,0.4036,0.3963,0.3791,0.3462,0.2901,0.2038,0.1029,0.042,0.0063,-0.0608,-0.129,-0.1472,-0.1322,-0.1469,-0.1484,-0.0964,-0.0372,-0.0791,-0.3924,-0.3748,-0.3032,-0.3477,-0.4836,-0.6975,-0.8203,-0.7558,-0.6185,-0.4906,0.4067,0.4045,0.4019,0.3992,0.3964,0.3936,0.3904,0.3861,0.3791,0.3669,0.3467,0.3151,0.2693,0.2102,0.147,0.0922,0.0414,-0.016,-0.071,-0.1148,-0.1838,-0.3118,-0.3516,-0.2483,-0.2178,-0.4106,-0.7584,-0.5952,-0.4246,-0.4037,-0.4344,-0.5221,-0.5927,-0.5817,-0.5141,-0.4324,0.3964,0.3939,0.391,0.3877,0.384,0.3798,0.3745,0.3675,0.3575,0.343,0.3221,0.2932,0.2555,0.2104,0.1618,0.1132,0.0637,0.0111,-0.045,-0.1152,-0.2384,-0.4338,-0.4872,-0.3342,-0.2768,-0.3759,-0.5018,-0.482,-0.4809,-0.4574,-0.4198,-0.428,-0.4511,-0.4493,-0.4171,-0.3684,0.3864,0.3835,0.3801,0.3762,0.3716,0.3661,0.3593,0.3505,0.3389,0.3233,0.3028,0.2765,0.2443,0.2069,0.166,0.1228,0.0769,0.0271,-0.0302,-0.1053,-0.2149,-0.3431,-0.3782,-0.3052,-0.2703,-0.3126,-0.3775,-0.4312,-0.4852,-0.4614,-0.4061,-0.3799,-0.3735,-0.3648,-0.3438,-0.3122]}]