docs/data/wind_grid.json
[{"header":{"la1":42.85,"la2":41.18,"lo1":11.55,"lo2":14.05,"nx":36,"ny":24,"dx":0.07143,"dy":0.07261,"parameterCategory":2,"parameterNumber":2,"parameterNumberName":"eastward_wind","parameterUnit":"m.s-1"},"data":[-0.6524,-0.6606,-0.6733,-0.6901,-0.7097,-0.7301,-0.7481,-0.7607,-0.766,-0.7638,-0.7561,-0.7457,-0.7354,-0.7269,-0.7207,-0.7158,-0.7102,-0.7012,-0.6862,-0.6651,-0.641,-0.6208,-0.6112,-0.6146,-0.6282,-0.6471,-0.6671,-0.6859,-0.7024,-0.7166,-0.7286,-0.7388,-0.7475,-0.755,-0.7615,-0.7672,-0.6327,-0.6417,-0.6574,-0.68,-0.7083,-0.739,-0.767,-0.7867,-0.7939,-0.7881,-0.7733,-0.7554,-0.739,-0.7272,-0.7203,-0.7169,-0.7134,-0.7046,-0.6845,-0.6502,-0.607,-0.5695,-0.5538,-0.5636,-0.59,-0.6216,-0.6514,-0.6768,-0.6976,-0.7143,-0.728,-0.7391,-0.7485,-0.7563,-0.763,-0.7688,-0.6059,-0.6143,-0.6327,-0.6629,-0.7039,-0.7517,-0.7978,-0.8309,-0.8414,-0.828,-0.7995,-0.768,-0.7419,-0.7252,-0.7183,-0.719,-0.7219,-0.7177,-0.6932,-0.6374,-0.555,-0.4799,-0.4551,-0.4849,-0.5392,-0.5928,-0.6364,-0.6697,-0.6948,-0.7139,-0.7287,-0.7406,-0.7502,-0.7583,-0.7651,-0.7709,-0.5694,-0.574,-0.5933,-0.6322,-0.6917,-0.7675,-0.8471,-0.9084,-0.9261,-0.8953,-0.8387,-0.7828,-0.7414,-0.718,-0.7121,-0.7208,-0.7379,-0.7496,-0.7292,-0.642,-0.4768,-0.3108,-0.2781,-0.3687,-0.4802,-0.5668,-0.6265,-0.6671,-0.6954,-0.7158,-0.7312,-0.7432,-0.7529,-0.7609,-0.7676,-0.7734,-0.5203,-0.5147,-0.5293,-0.5756,-0.6602,-0.7805,-0.9225,-1.0474,-1.0839,-1.0091,-0.8929,-0.796,-0.7329,-0.701,-0.6968,-0.7181,-0.7612,-0.8124,-0.8271,-0.7139,-0.3928,-0.0061,0.0055,-0.2381,-0.4371,-0.5573,-0.6281,-0.6718,-0.7005,-0.7206,-0.7355,-0.7471,-0.7564,-0.7641,-0.7706,-0.7762,-0.4571,-0.4292,-0.425,-0.4713,-0.5869,-0.7703,-1.0147,-1.2805,-1.3716,-1.1806,-0.9494,-0.7963,-0.7088,-0.6676,-0.6649,-0.701,-0.7805,-0.9061,-1.0311,-0.946,-0.4703,0.187,0.1556,-0.2223,-0.458,-0.5799,-0.646,-0.6849,-0.7101,-0.7279,-0.7413,-0.7519,-0.7606,-0.7678,-0.7739,-0.7792,-0.3835,-0.314,-0.2598,-0.2833,-0.4377,-0.6978,-1.0444,-1.4915,-1.6825,-1.3042,-0.9567,-0.7654,-0.6611,-0.6105,-0.6061,-0.6529,-0.7641,-0.9623,-1.2305,-1.1999,-0.7999,-0.3674,-0.2711,-0.432,-0.5613,-0.6353,-0.6777,-0.7041,-0.7225,-0.7365,-0.7477,-0.7571,-0.765,-0.7717,-0.7774,-0.7823,-0.3149,-0.186,-0.0271,0.0312,-0.1945,-0.5522,-0.9096,-1.2743,-1.4139,-1.1404,-0.8696,-0.6969,-0.5869,-0.5241,-0.5083,-0.5554,-0.6816,-0.8802,-1.0867,-1.1208,-1.1131,-0.9955,-0.7813,-0.6974,-0.6897,-0.7001,-0.7121,-0.7235,-0.7343,-0.7444,-0.7538,-0.7621,-0.7693,-0.7755,-0.7808,-0.7853,-0.2796,-0.1105,0.1618,0.3727,0.0148,-0.4314,-0.7422,-0.9388,-0.9931,-0.9061,-0.7605,-0.612,-0.4912,-0.4073,-0.3579,-0.3874,-0.5459,-0.7534,-0.9415,-1.1436,-1.499,-1.4088,-1.0482,-0.8572,-0.7774,-0.7457,-0.7352,-0.7355,-0.7414,-0.7496,-0.7583,-0.7663,-0.7731,-0.779,-0.7839,-0.7881,-0.2964,-0.1547,0.0376,0.1464,-0.1041,-0.429,-0.6919,-0.8408,-0.9019,-0.8737,-0.7201,-0.5317,-0.3766,-0.2711,-0.1653,-0.1238,-0.4096,-0.6858,-0.8902,-1.0956,-1.3522,-1.307,-1.0605,-0.8937,-0.8023,-0.7551,-0.7355,-0.7333,-0.7403,-0.7504,-0.7606,-0.7693,-0.7763,-0.7818,-0.7863,-0.7902,-0.3491,-0.2562,-0.1683,-0.1216,-0.1777,-0.4773,-0.749,-0.8891,-0.9912,-1.0389,-0.7302,-0.4445,-0.2259,-0.0985,-0.0892,-0.0944,-0.4236,-0.7524,-0.9422,-1.0255,-1.0826,-1.0616,-0.9599,-0.8522,-0.7689,-0.7188,-0.7034,-0.7117,-0.7292,-0.7468,-0.7609,-0.7713,-0.7786,-0.7838,-0.7879,-0.7913,-0.4139,-0.3496,-0.2731,-0.179,-0.2498,-0.5919,-0.8899,-1.0347,-0.9953,-0.9314,-0.6448,-0.341,-0.0413,0.2542,0.1052,-0.2181,-0.592,-1.0939,-1.2629,-1.1107,-1.01,-0.947,-0.8721,-0.7778,-0.6791,-0.6197,-0.6267,-0.6683,-0.7101,-0.7409,-0.7609,-0.773,-0.7801,-0.7845,-0.7878,-0.7909,-0.4815,-0.4439,-0.4079,-0.3992,-0.5039,-0.7417,-1.0061,-1.2067,-1.0812,-0.8072,-0.5347,-0.2935,-0.0213,0.4038,0.2403,-0.2281,-0.6937,-1.8334,-1.9052,-1.2392,-0.9965,-0.8919,-0.8091,-0.6911,-0.5229,-0.4264,-0.4992,-0.6127,-0.6923,-0.7384,-0.763,-0.7749,-0.7802,-0.7828,-0.7851,-0.7879,-0.5454,-0.5315,-0.5307,-0.5625,-0.6525,-0.7986,-0.9663,-1.1001,-1.0125,-0.7354,-0.4911,-0.3293,-0.2005,0.627,0.0166,-0.1995,-0.5103,-1.2663,-1.4752,-1.1236,-0.9218,-0.8264,-0.7609,-0.6332,-0.3749,-0.2164,-0.3933,-0.5861,-0.6942,-0.747,-0.7696,-0.7767,-0.7771,-0.7765,-0.7776,-0.7809,-0.6,-0.6002,-0.6136,-0.6485,-0.7098,-0.79,-0.8666,-0.8973,-0.8203,-0.6627,-0.515,-0.3575,-0.0387,0.4456,-0.132,-0.2282,-0.8638,-0.8785,-0.9989,-0.9096,-0.7395,-0.6924,-0.7173,-0.6589,-0.4694,-0.3427,-0.4778,-0.6403,-0.7316,-0.7707,-0.78,-0.7748,-0.7661,-0.7611,-0.762,-0.7678,-0.6435,-0.6498,-0.6656,-0.693,-0.7307,-0.7709,-0.7983,-0.7916,-0.7358,-0.6484,-0.5916,-0.3802,-0.4308,-0.3886,-0.5024,-0.6619,-0.8947,-0.9204,-0.9565,-0.7751,-0.3434,-0.425,-0.6746,-0.7352,-0.6852,-0.6441,-0.6892,-0.7586,-0.7986,-0.8052,-0.7881,-0.7605,-0.7374,-0.7284,-0.7333,-0.7463,-0.6776,-0.6858,-0.6999,-0.7198,-0.7429,-0.7637,-0.7738,-0.7649,-0.7344,-0.6888,-0.6444,-0.6891,-1.4495,-1.845,-1.1213,-1.0176,-1.0475,-1.1341,-1.1721,-0.9033,-0.3029,-0.418,-0.7282,-0.8339,-0.8547,-0.8643,-0.8808,-0.8883,-0.8759,-0.8402,-0.7826,-0.7178,-0.6735,-0.6664,-0.6863,-0.7154,-0.7049,-0.7133,-0.7254,-0.7404,-0.7564,-0.7702,-0.7782,-0.7788,-0.7745,-0.7763,-0.82,-1.0485,-1.7963,-2.0398,-1.7147,-1.7123,-1.4736,-1.4531,-1.5555,-1.3365,-0.9903,-0.8678,-0.9153,-0.957,-0.9904,-1.0287,-1.0402,-1.008,-0.9513,-0.8692,-0.7536,-0.6249,-0.5507,-0.5643,-0.6213,-0.6787,-0.7275,-0.7359,-0.7468,-0.7594,-0.7729,-0.7858,-0.7976,-0.8096,-0.8274,-0.8645,-0.9521,-1.1463,-1.46,-1.7899,-2.6373,-3.0275,-1.9433,-1.6414,-1.7057,-1.8533,-1.5138,-1.2186,-1.0979,-1.0684,-1.092,-1.1486,-1.1615,-1.1053,-1.0204,-0.8973,-0.7118,-0.4867,-0.3765,-0.4433,-0.5583,-0.6492,-0.747,-0.7555,-0.7659,-0.778,-0.7914,-0.806,-0.8226,-0.8439,-0.8756,-0.9288,-1.0212,-1.1741,-1.4041,-1.7835,-2.5063,-2.7316,-2.0238,-1.8353,-2.3689,-2.6745,-1.8495,-1.3884,-1.1979,-1.1368,-1.1475,-1.1846,-1.1931,-1.1753,-1.0865,-0.9418,-0.7185,-0.4311,-0.2986,-0.3993,-0.5422,-0.6457,-0.7643,-0.773,-0.7836,-0.7959,-0.8102,-0.827,-0.8475,-0.8745,-0.9129,-0.9699,-1.0554,-1.1805,-1.3583,-1.6083,-1.8922,-1.968,-1.8126,-1.8023,-2.0806,-2.1593,-1.7109,-1.3483,-1.1929,-1.1553,-1.1811,-1.2559,-1.3642,-1.305,-1.1542,-1.0068,-0.8158,-0.5817,-0.4559,-0.5005,-0.597,-0.6766,-0.7797,-0.7889,-0.7999,-0.8128,-0.8281,-0.8465,-0.8694,-0.899,-0.9389,-0.9935,-1.068,-1.1673,-1.2938,-1.4407,-1.5713,-1.6256,-1.6155,-1.6325,-1.6904,-1.6426,-1.4098,-1.1612,-1.0833,-1.1228,-1.1881,-1.3123,-1.4835,-1.3666,-1.1667,-1.061,-0.9355,-0.7807,-0.6747,-0.6571,-0.6891,-0.7297,-0.7936,-0.8032,-0.8146,-0.828,-0.844,-0.8633,-0.8871,-0.9171,-0.9555,-1.0048,-1.0673,-1.144,-1.2328,-1.3247,-1.4017,-1.4465,-1.4638,-1.4726,-1.465,-1.3947,-1.2333,-1.04,-0.9969,-1.0846,-1.1625,-1.2444,-1.3,-1.2129,-1.1063,-1.0844,-1.0114,-0.9067,-0.8219,-0.7809,-0.7751,-0.7857,-0.8061,-0.816,-0.8277,-0.8414,-0.8577,-0.8772,-0.9008,-0.9296,-0.9649,-1.0079,-1.0594,-1.1186,-1.1826,-1.2452,-1.2977,-1.3332,-1.3514,-1.3543,-1.3355,-1.2807,-1.1857,-1.0854,-1.0556,-1.0934,-1.1377,-1.1736,-1.1807,-1.1356,-1.0964,-1.0857,-1.037,-0.9654,-0.9012,-0.8591,-0.8387,-0.8328]},{"header":{"la1":42.85,"la2":41.18,"lo1":11.55,"lo2":14.05,"nx":36,"ny":24,"dx":0.07143,"dy":0.07261,"parameterCategory":2,"parameterNumber":3,"parameterNumberName":"northward_wind","parameterUnit":"m.s-1"},"data":[-0.391,-0.3858,-0.377,-0.3646,-0.3493,-0.3323,-0.3152,-0.2996,-0.2866,-0.2759,-0.2663,-0.256,-0.2436,-0.2281,-0.2093,-0.1877,-0.1647,-0.1417,-0.1208,-0.1031,-0.0892,-0.0787,-0.0709,-0.0647,-0.0597,-0.0557,-0.0526,-0.0505,-0.0494,-0.0491,-0.0497,-0.0511,-0.0531,-0.0556,-0.0585,-0.0617,-0.412,-0.4071,-0.3971,-0.3816,-0.3614,-0.3383,-0.3154,-0.2957,-0.2813,-0.2722,-0.2656,-0.2582,-0.2474,-0.2316,-0.2106,-0.1851,-0.157,-0.129,-0.1042,-0.0848,-0.0713,-0.0625,-0.0562,-0.0508,-0.0461,-0.0422,-0.0392,-0.0375,-0.0368,-0.0372,-0.0386,-0.0408,-0.0438,-0.0472,-0.0511,-0.0552,-0.4379,-0.4344,-0.4235,-0.4039,-0.3763,-0.3431,-0.3095,-0.2821,-0.2659,-0.2607,-0.2611,-0.2599,-0.2527,-0.2374,-0.2139,-0.1831,-0.1476,-0.1119,-0.0817,-0.0614,-0.0512,-0.0471,-0.0436,-0.0384,-0.0327,-0.0279,-0.0247,-0.023,-0.0229,-0.0241,-0.0264,-0.0298,-0.0339,-0.0385,-0.0435,-0.0486,-0.4705,-0.4705,-0.4601,-0.4358,-0.397,-0.3468,-0.2932,-0.2495,-0.2297,-0.2348,-0.2504,-0.2614,-0.2608,-0.2471,-0.2207,-0.1826,-0.1359,-0.0876,-0.0491,-0.0301,-0.0309,-0.0398,-0.0403,-0.0306,-0.0199,-0.0125,-0.0084,-0.0068,-0.0073,-0.0095,-0.0131,-0.0178,-0.0234,-0.0294,-0.0358,-0.0422,-0.5113,-0.5196,-0.5136,-0.4853,-0.4307,-0.3526,-0.2609,-0.1798,-0.1505,-0.1825,-0.232,-0.2646,-0.274,-0.263,-0.2338,-0.1867,-0.1232,-0.0519,0.0039,0.0177,-0.0121,-0.0572,-0.0582,-0.0281,-0.0057,0.0058,0.0108,0.012,0.0106,0.007,0.0017,-0.0049,-0.0123,-0.0202,-0.0282,-0.0361,-0.5612,-0.5863,-0.5947,-0.5674,-0.4921,-0.3728,-0.2168,-0.0499,0.0093,-0.0953,-0.2125,-0.2754,-0.2959,-0.2882,-0.2571,-0.2012,-0.1162,-0.0048,0.0936,0.1012,0.0277,-0.0771,-0.072,-0.013,0.018,0.0303,0.0346,0.0345,0.0314,0.0258,0.0182,0.0091,-0.0008,-0.011,-0.021,-0.0306,-0.6171,-0.6729,-0.7183,-0.7075,-0.6041,-0.4322,-0.2095,0.0735,0.1933,-0.0327,-0.2217,-0.3039,-0.3299,-0.3249,-0.2949,-0.2352,-0.1339,0.0191,0.1787,0.1809,0.1281,0.0549,0.0278,0.0481,0.0598,0.0639,0.0645,0.0621,0.0563,0.0476,0.0366,0.0241,0.011,-0.0021,-0.0146,-0.0262,-0.6671,-0.7666,-0.8905,-0.9391,-0.7793,-0.5372,-0.3076,-0.0737,0.0181,-0.1489,-0.2912,-0.3548,-0.3761,-0.373,-0.3491,-0.2956,-0.195,-0.0409,0.1142,0.1946,0.3372,0.3304,0.2067,0.1392,0.114,0.1058,0.102,0.0964,0.0867,0.0731,0.0571,0.0398,0.0224,0.0058,-0.0095,-0.0234,-0.6895,-0.8171,-1.0297,-1.1976,-0.9249,-0.6192,-0.4321,-0.3212,-0.2963,-0.3431,-0.3894,-0.4168,-0.4294,-0.4286,-0.4164,-0.3807,-0.2878,-0.1433,0.0309,0.2873,0.7166,0.6412,0.3426,0.2095,0.1661,0.1552,0.1502,0.1407,0.1244,0.1032,0.0796,0.0557,0.0328,0.0118,-0.0068,-0.023,-0.6708,-0.7699,-0.911,-0.9937,-0.7954,-0.6079,-0.4857,-0.4395,-0.4592,-0.4808,-0.471,-0.4743,-0.4846,-0.4852,-0.4792,-0.4729,-0.3766,-0.2374,-0.0642,0.2009,0.5412,0.522,0.3247,0.2342,0.2161,0.2202,0.2181,0.2009,0.1722,0.1382,0.1034,0.0705,0.0406,0.0145,-0.0078,-0.0263,-0.6265,-0.6762,-0.6971,-0.6362,-0.6203,-0.5581,-0.4757,-0.4588,-0.538,-0.5836,-0.5203,-0.5191,-0.5422,-0.5528,-0.519,-0.4923,-0.4184,-0.3078,-0.1782,-0.0041,0.1746,0.2432,0.2357,0.249,0.292,0.3275,0.3244,0.2861,0.2322,0.177,0.1262,0.0816,0.0435,0.0116,-0.0142,-0.0347,-0.5805,-0.6063,-0.6142,-0.604,-0.5867,-0.5094,-0.4244,-0.3872,-0.468,-0.5386,-0.5282,-0.5456,-0.596,-0.6518,-0.6158,-0.533,-0.4457,-0.3589,-0.278,-0.1421,0.002,0.1107,0.1992,0.3099,0.4455,0.5292,0.4991,0.4031,0.3016,0.2147,0.1434,0.0852,0.0379,0.0003,-0.0286,-0.0502,-0.541,-0.5569,-0.564,-0.5589,-0.5288,-0.4638,-0.3811,-0.3051,-0.3658,-0.4842,-0.533,-0.5183,-0.5865,-0.6928,-0.6755,-0.6062,-0.4876,-0.3924,-0.361,-0.1951,-0.0431,0.0847,0.2219,0.4281,0.7238,0.8926,0.7562,0.5365,0.3646,0.2407,0.1477,0.0754,0.019,-0.0237,-0.0543,-0.075,-0.5078,-0.5176,-0.5205,-0.5125,-0.489,-0.4497,-0.3991,-0.3518,-0.3973,-0.5277,-0.5879,-0.4368,-0.4242,-1.0107,-0.7468,-0.8086,-0.5543,-0.3455,-0.2893,-0.1447,-0.0012,0.1187,0.2604,0.5232,0.9924,1.2686,0.9629,0.6152,0.3903,0.2407,0.1305,0.0452,-0.0198,-0.0658,-0.0954,-0.1121,-0.4804,-0.487,-0.4887,-0.484,-0.4729,-0.458,-0.4455,-0.4528,-0.5214,-0.6603,-0.7856,-0.7967,-0.8203,-1.0629,-0.7342,-0.7967,0.2206,-0.1254,-0.13,-0.0131,0.1225,0.1984,0.283,0.4862,0.8487,1.0659,0.8473,0.5625,0.3576,0.2063,0.0847,-0.0138,-0.0874,-0.1342,-0.1576,-0.1644,-0.4576,-0.4631,-0.466,-0.4663,-0.4658,-0.4684,-0.4819,-0.5221,-0.6192,-0.8228,-1.1562,-1.3258,-0.9967,-0.6825,-0.5194,-0.2507,0.1605,-0.0012,0.0178,0.1447,0.3229,0.3145,0.2996,0.3964,0.5558,0.6483,0.5817,0.4384,0.2882,0.1435,0.0065,-0.1127,-0.198,-0.2404,-0.2474,-0.2345,-0.438,-0.4434,-0.4477,-0.4518,-0.4579,-0.4698,-0.4941,-0.543,-0.6381,-0.8185,-1.0775,-0.9762,-0.3444,-0.0121,-0.2186,-0.1286,-0.0044,0.0986,0.1943,0.2493,0.3634,0.344,0.3122,0.3551,0.4283,0.4748,0.4529,0.3617,0.2264,0.0664,-0.1072,-0.2691,-0.374,-0.3994,-0.3697,-0.3212,-0.4202,-0.4254,-0.4305,-0.4365,-0.445,-0.459,-0.4826,-0.5219,-0.5834,-0.6639,-0.7038,-0.5462,-0.0702,0.1133,0.1193,0.2307,0.1942,0.308,0.4501,0.3557,0.332,0.3266,0.3297,0.3649,0.4372,0.5231,0.5208,0.3828,0.1944,-0.014,-0.2564,-0.5031,-0.6413,-0.6188,-0.5177,-0.4147,-0.4032,-0.4079,-0.4129,-0.4187,-0.4265,-0.438,-0.4546,-0.4773,-0.5035,-0.5193,-0.4885,-0.3629,-0.1456,0.1167,0.7095,0.9627,0.4358,0.3836,0.4706,0.5053,0.429,0.3826,0.3778,0.4046,0.5075,0.7483,0.7965,0.46,0.1651,-0.0918,-0.4103,-0.782,-0.9636,-0.8496,-0.6511,-0.4907,-0.3865,-0.3903,-0.3942,-0.3985,-0.4039,-0.4106,-0.4185,-0.4259,-0.4279,-0.413,-0.363,-0.2595,-0.0917,0.1824,0.6516,0.8065,0.4756,0.4294,0.6532,0.7636,0.5477,0.4838,0.4716,0.4533,0.4982,0.7634,0.8287,0.3387,0.0626,-0.162,-0.4765,-0.8942,-1.0941,-0.9336,-0.6973,-0.5185,-0.3699,-0.3724,-0.3747,-0.3769,-0.379,-0.3806,-0.3807,-0.377,-0.3648,-0.3366,-0.2828,-0.1939,-0.0617,0.1217,0.325,0.4094,0.3762,0.4142,0.5586,0.6273,0.6033,0.6735,0.6911,0.5549,0.3869,0.2204,-0.1089,-0.1212,-0.1228,-0.233,-0.4274,-0.707,-0.8674,-0.7899,-0.6287,-0.4885,-0.3534,-0.3545,-0.355,-0.3548,-0.3536,-0.3507,-0.3449,-0.3339,-0.3143,-0.2813,-0.2298,-0.1555,-0.0567,0.0608,0.1736,0.2485,0.2951,0.3609,0.4566,0.5609,0.7512,1.1147,1.2153,0.8059,0.3621,-0.058,-0.4501,-0.3385,-0.3054,-0.3387,-0.3834,-0.4945,-0.586,-0.5792,-0.5073,-0.4237,-0.3372,-0.3368,-0.3356,-0.3331,-0.3291,-0.3227,-0.3128,-0.2974,-0.2744,-0.2408,-0.194,-0.1325,-0.0573,0.026,0.107,0.1773,0.2421,0.3178,0.4186,0.5767,0.9003,1.4777,1.6468,1.0197,0.4294,0.0211,-0.2277,-0.3496,-0.5335,-0.4878,-0.3955,-0.391,-0.4201,-0.4253,-0.3977,-0.3539,-0.3216,-0.3198,-0.3169,-0.3125,-0.3062,-0.2973,-0.2847,-0.2671,-0.243,-0.2107,-0.1689,-0.1173,-0.0573,0.0079,0.074,0.1388,0.2059,0.2842,0.3885,0.5495,0.8206,1.1746,1.2483,0.8704,0.4316,0.1014,-0.1368,-0.3634,-0.5618,-0.5087,-0.3906,-0.3407,-0.3333,-0.3309,-0.3177,-0.2945]}]