docs/data/wind_grid.json
[{"header":{"la1":42.85,"la2":41.18,"lo1":11.55,"lo2":14.05,"nx":36,"ny":24,"dx":0.07143,"dy":0.07261,"parameterCategory":2,"parameterNumber":2,"parameterNumberName":"eastward_wind","parameterUnit":"m.s-1"},"data":[4.0912,4.105,4.119,4.1329,4.1456,4.1558,4.1617,4.1612,4.1529,4.1366,4.1132,4.0847,4.053,4.0194,3.9851,3.9509,3.9181,3.8881,3.8624,3.8418,3.8259,3.8136,3.8031,3.7931,3.7825,3.7709,3.7583,3.7446,3.7302,3.7152,3.7001,3.685,3.6702,3.656,3.6425,3.63,4.1044,4.1211,4.139,4.1575,4.1759,4.1923,4.204,4.2072,4.1991,4.179,4.1491,4.1128,4.0733,4.0323,3.9907,3.949,3.9087,3.8721,3.842,3.8202,3.8062,3.7972,3.7903,3.7831,3.7743,3.7635,3.7509,3.7367,3.7214,3.7053,3.689,3.6726,3.6567,3.6414,3.627,3.6137,4.1167,4.1366,4.1587,4.1831,4.2092,4.2351,4.2566,4.2672,4.2602,4.234,4.1934,4.1456,4.0959,4.0459,3.9955,3.9441,3.8929,3.8458,3.8089,3.7864,3.7771,3.7752,3.7747,3.7719,3.7657,3.7559,3.7432,3.7282,3.7117,3.6943,3.6764,3.6586,3.6412,3.6247,3.6092,3.5951,4.1274,4.1504,4.1769,4.2079,4.2439,4.2839,4.3227,4.3483,4.345,4.3074,4.2478,4.1827,4.12,4.0602,4.0002,3.9367,3.8693,3.8042,3.7548,3.7328,3.7348,3.7467,3.7568,3.7605,3.7573,3.7484,3.7353,3.7192,3.7011,3.6818,3.6621,3.6425,3.6234,3.6054,3.5888,3.5738,4.1357,4.1613,4.1918,4.2292,4.2762,4.3349,4.4028,4.4601,4.4672,4.4059,4.3113,4.2207,4.1437,4.0752,4.0067,3.9298,3.8392,3.7416,3.667,3.6485,3.6762,3.7135,3.7395,3.7508,3.7504,3.7417,3.7274,3.7095,3.6892,3.6677,3.6456,3.6238,3.6027,3.583,3.5651,3.5491,4.141,4.1683,4.2014,4.2433,4.299,4.3768,4.4844,4.6025,4.6368,4.525,4.3713,4.2511,4.1633,4.091,4.0186,3.9312,3.8138,3.6647,3.5401,3.5321,3.6102,3.6851,3.7285,3.7457,3.7461,3.7361,3.7195,3.6989,3.6758,3.6513,3.6264,3.6019,3.5785,3.5568,3.5373,3.5204,4.1429,4.1707,4.2044,4.2469,4.3046,4.3895,4.5224,4.7046,4.7797,4.5994,4.3941,4.2622,4.1761,4.1085,4.04,3.9522,3.8215,3.6287,3.4448,3.4493,3.5799,3.6815,3.7315,3.7479,3.7452,3.7315,3.7113,3.687,3.6603,3.6322,3.6037,3.5759,3.5496,3.5256,3.5045,3.4867,4.1416,4.1688,4.201,4.2404,4.2914,4.3624,4.4684,4.6094,4.6611,4.5146,4.3565,4.253,4.1839,4.1295,4.0729,3.9981,3.8854,3.7177,3.5514,3.5413,3.6412,3.7184,3.7521,3.7575,3.747,3.7273,3.7021,3.6732,3.642,3.6094,3.5766,3.5448,3.515,3.4883,3.4653,3.4466,4.1374,4.1634,4.1933,4.2279,4.2685,4.3169,4.3737,4.4269,4.4353,4.3823,4.3073,4.241,4.194,4.1578,4.1166,4.0599,3.982,3.8803,3.7818,3.7455,3.7631,3.7817,3.7831,3.7705,3.749,3.7219,3.6909,3.6567,3.6201,3.5821,3.5439,3.507,3.4729,3.4429,3.418,3.3987,4.1307,4.1555,4.1834,4.2144,4.248,4.2829,4.3166,4.3474,4.3734,4.3658,4.2999,4.2396,4.2139,4.2017,4.1732,4.1257,4.0742,4.0226,3.9666,3.9143,3.8746,3.8425,3.8119,3.7807,3.7481,3.7137,3.6767,3.6367,3.5939,3.5492,3.504,3.4605,3.4209,3.387,3.3601,3.3407,4.1218,4.1457,4.1725,4.2024,4.2349,4.2684,4.3002,4.3358,4.4182,4.4594,4.3138,4.2388,4.2501,4.284,4.2539,4.1875,4.1523,4.152,4.1242,4.0448,3.9564,3.884,3.828,3.7822,3.7414,3.7013,3.6591,3.6131,3.5629,3.5094,3.4549,3.4025,3.3556,3.3169,3.2882,3.2698,4.1107,4.1336,4.1599,4.1905,4.226,4.2664,4.3061,4.3308,4.3682,4.3819,4.2639,4.2176,4.2961,4.4712,4.3636,4.2251,4.2176,4.3455,4.3476,4.1695,4.0064,3.8968,3.824,3.7712,3.7273,3.6847,3.6387,3.5864,3.5268,3.4614,3.3937,3.3287,3.2719,3.2275,3.1976,3.182,4.097,4.1186,4.1439,4.1745,4.2129,4.2623,4.3204,4.3131,4.3713,4.2603,4.1776,4.1791,4.237,4.4807,4.3444,4.1815,4.2299,4.6396,4.6381,4.239,3.9974,3.868,3.7944,3.7461,3.7066,3.666,3.6181,3.5587,3.4865,3.4038,3.3164,3.2328,3.162,3.1107,3.0815,3.0725,4.0807,4.1,4.1227,4.1506,4.1863,4.2343,4.3,4.3885,4.3353,4.163,4.0797,4.1714,4.1892,3.8634,4.0596,4.0248,4.0474,4.3518,4.3935,4.0994,3.8919,3.7871,3.7383,3.7097,3.6836,3.6505,3.6029,3.5348,3.4444,3.3351,3.2168,3.1042,3.0132,2.9545,2.9303,2.9351,4.0618,4.0779,4.0963,4.1181,4.1442,4.1754,4.2079,4.2175,4.1443,4.0022,3.9026,3.9077,3.9013,3.7955,3.8973,3.8457,3.748,3.9161,3.9625,3.8415,3.7084,3.6623,3.6655,3.6705,3.667,3.6486,3.6043,3.5243,3.4055,3.2538,3.085,2.9256,2.8049,2.7407,2.7318,2.7632,4.041,4.0532,4.0663,4.0802,4.094,4.1048,4.1041,4.0732,3.9879,3.8424,3.6686,3.6506,3.7238,3.7937,3.818,3.7921,3.7498,3.7675,3.7316,3.6404,3.524,3.5385,3.6007,3.6425,3.6712,3.6799,3.6443,3.5451,3.3798,3.1586,2.9058,2.6685,2.5045,2.4439,2.4724,2.5533,4.0192,4.0274,4.0351,4.0414,4.0446,4.0409,4.0231,3.9811,3.9049,3.7918,3.6731,3.6759,3.6299,3.6032,3.7234,3.7376,3.7021,3.6191,3.5406,3.5275,3.4919,3.5093,3.5709,3.6382,3.7174,3.7827,3.7662,3.627,3.3813,3.0499,2.659,2.291,2.0671,2.0379,2.147,2.3117,3.9972,4.0018,4.0048,4.0053,4.0014,3.99,3.9669,3.9277,3.8709,3.8029,3.7443,3.7024,3.6106,3.5868,3.6641,3.6607,3.6059,3.4463,3.3301,3.4051,3.4614,3.5007,3.5566,3.6562,3.8271,4.0252,4.0452,3.7989,3.4156,2.9322,2.3369,1.7612,1.4677,1.531,1.7841,2.0676,3.9759,3.9774,3.9769,3.9734,3.9654,3.9509,3.928,3.8952,3.8536,3.808,3.765,3.7237,3.6803,3.6563,3.6272,3.6097,3.5604,3.4026,3.2936,3.231,3.3332,3.4348,3.5213,3.6625,3.9575,4.4265,4.5148,3.9927,3.4363,2.8243,2.0122,1.183,0.837,1.0551,1.4813,1.8811,3.9556,3.9547,3.9517,3.9457,3.9357,3.9206,3.8995,3.8722,3.84,3.8051,3.7702,3.7355,3.7013,3.6664,3.6265,3.605,3.5372,3.3652,3.0623,2.9406,3.2107,3.3579,3.4501,3.5918,3.8894,4.4442,4.5597,3.8281,3.3315,2.7641,1.9002,0.9688,0.6089,0.896,1.3851,1.8216,3.9367,3.934,3.9293,3.9218,3.911,3.8962,3.8771,3.8538,3.8271,3.7982,3.7681,3.7372,3.7049,3.6702,3.6338,3.5935,3.5168,3.3728,3.1767,3.1121,3.223,3.2834,3.3251,3.4276,3.5596,3.5471,3.1262,3.1152,3.1097,2.7685,2.1013,1.3585,1.0208,1.1829,1.5501,1.9115,3.9191,3.9152,3.9093,3.9011,3.8901,3.8759,3.8584,3.8379,3.8146,3.7893,3.7624,3.7338,3.7031,3.6696,3.632,3.585,3.516,3.4195,3.3192,3.2648,3.2343,3.1517,3.1292,3.2453,3.2986,3.0654,2.6521,2.8068,2.9708,2.8103,2.3995,1.9287,1.6574,1.6753,1.8669,2.1034,3.903,3.8981,3.8915,3.8829,3.8719,3.8583,3.8422,3.8235,3.8026,3.7796,3.7548,3.728,3.6987,3.6661,3.6287,3.5829,3.5248,3.455,3.3829,3.3127,3.2118,3.0525,3.0092,3.1488,3.21,3.0877,2.9192,2.9289,2.9703,2.8703,2.6332,2.3564,2.1651,2.1209,2.1948,2.3261,3.8881,3.8826,3.8756,3.8667,3.8558,3.8429,3.8277,3.8104,3.7911,3.7699,3.7466,3.7213,3.6933,3.662,3.6262,3.584,3.5341,3.477,3.4139,3.3404,3.242,3.1308,3.1019,3.1708,3.2077,3.1609,3.0871,3.0513,3.0227,2.9408,2.7968,2.6318,2.5038,2.4491,2.4664,2.5316]},{"header":{"la1":42.85,"la2":41.18,"lo1":11.55,"lo2":14.05,"nx":36,"ny":24,"dx":0.07143,"dy":0.07261,"parameterCategory":2,"parameterNumber":3,"parameterNumberName":"northward_wind","parameterUnit":"m.s-1"},"data":[1.3752,1.3648,1.3547,1.3456,1.3378,1.3321,1.3291,1.3293,1.3329,1.3387,1.3451,1.349,1.3473,1.3371,1.3169,1.2874,1.2525,1.2196,1.1976,1.1938,1.2106,1.2449,1.2904,1.3402,1.389,1.4336,1.4724,1.505,1.5317,1.553,1.5697,1.5825,1.592,1.599,1.604,1.6074,1.3618,1.3491,1.3365,1.3247,1.3141,1.3059,1.3011,1.3009,1.3057,1.315,1.3258,1.334,1.3342,1.3214,1.2919,1.2454,1.187,1.1291,1.0886,1.0798,1.1063,1.1602,1.2284,1.2991,1.3647,1.4215,1.4687,1.5067,1.5366,1.5595,1.5767,1.5893,1.5983,1.6044,1.6084,1.6109,1.348,1.3327,1.3171,1.3018,1.2875,1.2755,1.2675,1.2657,1.2718,1.2857,1.3038,1.3195,1.3245,1.3101,1.2689,1.1971,1.0999,0.9971,0.9225,0.9067,0.9549,1.046,1.1524,1.2542,1.342,1.4135,1.4698,1.5129,1.5454,1.5692,1.5862,1.598,1.6057,1.6105,1.6131,1.6143,1.3344,1.316,1.2969,1.2774,1.2583,1.2411,1.228,1.2224,1.2288,1.2487,1.2778,1.306,1.3206,1.3079,1.2539,1.1469,0.9859,0.7998,0.6587,0.635,0.7338,0.897,1.0659,1.2114,1.3264,1.4137,1.4784,1.5255,1.5592,1.5826,1.5984,1.6084,1.6142,1.617,1.6178,1.6172,1.3214,1.2998,1.2766,1.2522,1.2275,1.2039,1.184,1.1722,1.1762,1.2024,1.2467,1.2939,1.3255,1.3212,1.258,1.1087,0.8512,0.5116,0.2337,0.2071,0.4254,0.7223,0.9845,1.1835,1.3264,1.4272,1.4975,1.546,1.5788,1.6002,1.6133,1.6204,1.6234,1.6235,1.6218,1.6192,1.3096,1.2846,1.2571,1.2274,1.1965,1.1666,1.1414,1.1253,1.1244,1.1519,1.2115,1.2843,1.3427,1.358,1.2976,1.1145,0.743,0.1597,-0.3827,-0.3893,0.0738,0.5744,0.9439,1.1907,1.3527,1.4594,1.5298,1.5757,1.6047,1.6218,1.6306,1.6335,1.6326,1.6293,1.6247,1.6196,1.2998,1.2714,1.2394,1.2038,1.1659,1.1295,1.1043,1.1015,1.1055,1.1114,1.1729,1.2773,1.3756,1.4257,1.3892,1.2096,0.7831,-0.0028,-0.8479,-0.8162,-0.0854,0.5714,0.9951,1.254,1.4137,1.5137,1.5763,1.6146,1.6364,1.6469,1.6494,1.6468,1.6409,1.6333,1.6252,1.6175,1.2929,1.2614,1.225,1.183,1.1356,1.0866,1.0501,1.0512,1.0591,1.0343,1.1063,1.2678,1.4285,1.5295,1.5378,1.4128,1.0718,0.4142,-0.3229,-0.3355,0.2624,0.8113,1.1654,1.3799,1.5098,1.5888,1.6357,1.6614,1.6727,1.674,1.6686,1.6589,1.6469,1.6343,1.6222,1.6115,1.2896,1.2559,1.2159,1.1677,1.1089,1.0363,0.9489,0.8518,0.7532,0.7387,0.9394,1.2477,1.5117,1.6755,1.7325,1.6823,1.5035,1.1712,0.8087,0.7311,0.9525,1.22,1.4198,1.5501,1.6309,1.6786,1.7038,1.7132,1.7112,1.7013,1.6861,1.6679,1.6487,1.6303,1.6139,1.6002,1.2908,1.256,1.2143,1.1628,1.0963,1.0028,0.8505,0.5634,0.101,-0.0036,0.6084,1.2404,1.6532,1.878,1.9587,1.9546,1.9076,1.8158,1.6861,1.5919,1.5851,1.6324,1.6883,1.7323,1.7604,1.7739,1.7751,1.7663,1.7494,1.7264,1.6997,1.6714,1.6438,1.6189,1.5979,1.5815,1.2968,1.2626,1.2218,1.172,1.109,1.0226,0.8746,0.4846,-0.7076,-1.2831,0.3088,1.3461,1.8905,2.1676,2.2081,2.186,2.2388,2.337,2.3288,2.1893,2.0474,1.9622,1.9205,1.8988,1.8829,1.8658,1.8444,1.8172,1.7843,1.7467,1.7063,1.666,1.6286,1.5964,1.5709,1.5526,1.3075,1.2756,1.2382,1.1944,1.1447,1.0934,1.0532,0.9661,0.176,-0.3977,0.7378,1.6183,2.173,2.6237,2.4381,2.3322,2.5236,2.9486,3.0086,2.6595,2.3658,2.1956,2.0983,2.0361,1.9896,1.9487,1.9079,1.8635,1.8138,1.7593,1.7026,1.6476,1.5983,1.5581,1.5287,1.51,1.3225,1.2939,1.2613,1.2251,1.1886,1.1632,1.1837,1.3047,1.1017,0.9295,1.3487,1.8985,2.2157,2.6324,2.3776,2.3502,2.7076,3.697,3.7102,2.9437,2.535,2.3388,2.2246,2.1432,2.078,2.0208,1.9648,1.9044,1.8365,1.7617,1.684,1.6097,1.5456,1.4969,1.4652,1.4492,1.3409,1.3162,1.2889,1.2597,1.2314,1.2108,1.2079,1.2112,1.1958,1.2604,1.5516,2.0771,2.2261,2.0299,2.135,2.2951,2.6012,3.204,3.2987,2.8313,2.5584,2.4205,2.3173,2.2271,2.1509,2.0841,2.0175,1.9421,1.853,1.7514,1.6443,1.5429,1.4596,1.4023,1.3723,1.3649,1.3618,1.3412,1.319,1.2961,1.274,1.2556,1.2439,1.2405,1.254,1.2955,1.3785,1.5884,1.7393,1.5628,1.9416,2.3456,2.6383,2.6191,2.6747,2.61,2.5692,2.5122,2.4024,2.2954,2.2122,2.1443,2.0734,1.9833,1.8667,1.7262,1.5743,1.4321,1.3225,1.2588,1.2392,1.2512,1.3841,1.3676,1.3503,1.333,1.3168,1.3032,1.294,1.2889,1.2745,1.1834,0.903,1.1273,1.3607,1.6228,1.847,2.2358,2.5091,2.4406,2.464,2.5528,2.7199,2.6656,2.4775,2.344,2.2664,2.2142,2.1492,2.0424,1.8853,1.6844,1.4605,1.2526,1.1066,1.0449,1.0542,1.1045,1.407,1.3943,1.3815,1.3691,1.3579,1.3487,1.3409,1.3295,1.2937,1.1776,0.9555,1.1376,1.3034,1.3637,1.6929,1.9736,2.1875,2.3147,2.4048,2.5165,2.7391,2.6769,2.4778,2.3614,2.3247,2.3229,2.2796,2.1441,1.9207,1.6259,1.2849,0.9682,0.7736,0.7379,0.8122,0.929,1.43,1.4207,1.4116,1.4034,1.3962,1.3902,1.3841,1.373,1.3465,1.296,1.2591,1.3127,1.3289,1.3578,1.5963,1.7645,2.0344,2.3337,2.4713,2.4595,2.5097,2.4889,2.4,2.355,2.4091,2.5254,2.5241,2.3123,1.9792,1.555,1.0395,0.5497,0.3002,0.3425,0.5347,0.7472,1.4524,1.446,1.4402,1.4353,1.4315,1.4287,1.4257,1.4203,1.4103,1.3988,1.402,1.4306,1.4638,1.5136,1.4943,1.4675,1.8968,2.3011,2.4727,2.5242,2.4515,2.3708,2.314,2.3303,2.5018,2.838,2.9014,2.4928,2.0273,1.4899,0.7842,0.0804,-0.2091,-0.0357,0.2997,0.6072,1.474,1.4701,1.467,1.465,1.4641,1.4643,1.4653,1.4664,1.4682,1.4738,1.4892,1.517,1.5527,1.58,1.5358,1.5447,1.8808,2.2576,2.6288,2.7541,2.4642,2.281,2.2073,2.2473,2.4494,2.8594,2.9452,2.4065,1.9858,1.4673,0.7025,-0.0945,-0.3955,-0.1626,0.2262,0.5647,1.4944,1.4927,1.492,1.4924,1.4941,1.4972,1.5017,1.508,1.517,1.5306,1.5514,1.5803,1.6149,1.6472,1.6736,1.7506,1.9451,2.2036,2.4621,2.5254,2.3137,2.1009,2.0193,2.078,2.2021,2.2432,1.9995,1.9638,1.8668,1.5019,0.8855,0.2355,-0.0547,0.0722,0.3611,0.6391,1.5136,1.5138,1.515,1.5174,1.5213,1.5268,1.5343,1.5442,1.5573,1.5749,1.5983,1.628,1.6636,1.7042,1.7556,1.8372,1.9625,2.1094,2.2235,2.2184,2.0461,1.7947,1.7209,1.8667,1.9874,1.9187,1.7158,1.7815,1.7868,1.5561,1.1484,0.7182,0.4737,0.475,0.6176,0.7937,1.5315,1.5332,1.536,1.5401,1.5458,1.5532,1.5628,1.575,1.5905,1.61,1.6345,1.6643,1.6999,1.7424,1.7952,1.8635,1.9462,2.0269,2.071,2.0318,1.8666,1.6098,1.5456,1.7383,1.8805,1.8808,1.8177,1.8039,1.7587,1.5996,1.3451,1.0766,0.8931,0.838,0.8814,0.971,1.5481,1.551,1.5551,1.5606,1.5676,1.5764,1.5874,1.601,1.6176,1.6378,1.6622,1.6912,1.7252,1.7651,1.8116,1.865,1.9207,1.9668,1.983,1.9452,1.8371,1.6967,1.6602,1.7559,1.8446,1.8659,1.8443,1.8105,1.7481,1.632,1.4695,1.2989,1.1674,1.1017,1.0973,1.1327]}]