docs/data/wind_grid.json
[{"header":{"la1":42.85,"la2":41.18,"lo1":11.55,"lo2":14.05,"nx":36,"ny":24,"dx":0.07143,"dy":0.07261,"parameterCategory":2,"parameterNumber":2,"parameterNumberName":"eastward_wind","parameterUnit":"m.s-1"},"data":[5.3036,5.3107,5.3171,5.322,5.3246,5.3233,5.316,5.3002,5.2735,5.2349,5.185,5.1255,5.0584,4.986,4.9106,4.8362,4.7687,4.7156,4.6845,4.678,4.6909,4.7108,4.725,4.7266,4.7162,4.698,4.6762,4.6537,4.6321,4.6124,4.5949,4.5797,4.5667,4.5559,4.547,4.5401,5.3234,5.3337,5.3439,5.3535,5.3619,5.3673,5.3665,5.3551,5.3286,5.285,5.2257,5.1539,5.0728,4.9843,4.8904,4.7947,4.7052,4.6357,4.6021,4.6129,4.6586,4.7118,4.7445,4.7471,4.7276,4.6978,4.666,4.6359,4.609,4.5856,4.5657,4.5491,4.5354,4.5244,4.5157,4.5092,5.3426,5.3565,5.371,5.3863,5.4025,5.4182,5.4293,5.4275,5.4033,5.3525,5.2791,5.1906,5.092,4.9845,4.8671,4.7412,4.6156,4.5134,4.4711,4.5163,4.6337,4.7562,4.8153,4.8035,4.7563,4.7031,4.655,4.6144,4.5808,4.5533,4.5311,4.5133,4.4992,4.4884,4.4802,4.4745,5.3608,5.3783,5.3973,5.4187,5.4443,5.4754,5.508,5.5272,5.5102,5.4464,5.3489,5.2363,5.1169,4.9886,4.8445,4.6776,4.491,4.3178,4.2398,4.3479,4.6302,4.9108,4.9944,4.914,4.8009,4.7078,4.6377,4.5849,4.5444,4.5132,4.4892,4.4708,4.4571,4.447,4.44,4.4355,5.3771,5.3985,5.4218,5.4481,5.4829,5.5343,5.6047,5.6714,5.674,5.5796,5.4352,5.2878,5.1461,4.9997,4.8307,4.6158,4.3329,4.0018,3.7848,3.9795,4.6322,5.2838,5.3331,5.0572,4.8353,4.6959,4.6049,4.5414,4.4955,4.462,4.4376,4.4201,4.4077,4.3993,4.3941,4.3915,5.3909,5.4175,5.4453,5.4736,5.5116,5.5814,5.7074,5.8752,5.9293,5.7543,5.5238,5.3347,5.1755,5.0198,4.8381,4.586,4.1882,3.5599,2.8846,3.1064,4.3831,5.5477,5.5241,5.0773,4.8017,4.6451,4.5454,4.4771,4.4293,4.3963,4.374,4.3592,4.3499,4.3444,4.3419,4.3419,5.4006,5.436,5.4739,5.5016,5.5264,5.5947,5.7584,6.043,6.1778,5.8774,5.57,5.3618,5.1998,5.0479,4.8751,4.6282,4.187,3.3105,1.9337,2.0953,3.8321,4.8329,5.0267,4.8464,4.6721,4.5444,4.4512,4.3847,4.34,4.312,4.2955,4.2866,4.2824,4.2813,4.2825,4.2858,5.4017,5.4513,5.5206,5.5606,5.5372,5.5655,5.6965,5.9045,5.9892,5.7777,5.5459,5.3671,5.217,5.0768,4.9301,4.7421,4.4093,3.7593,2.8907,3.0644,3.9887,4.3742,4.5584,4.5751,4.4985,4.4007,4.3156,4.2557,4.2208,4.2046,4.1998,4.2008,4.2043,4.2092,4.2152,4.2226,5.3839,5.439,5.5631,5.6755,5.5351,5.5059,5.6039,5.7049,5.7312,5.6564,5.5215,5.3714,5.2305,5.0949,4.9599,4.8475,4.6922,4.3923,4.0783,4.1005,4.2984,4.3288,4.4048,4.4027,4.3185,4.2097,4.1225,4.075,4.0621,4.0696,4.085,4.1012,4.1154,4.1276,4.1391,4.1512,5.3411,5.3548,5.4073,5.4495,5.3087,5.4008,5.5676,5.6805,5.741,5.7182,5.5624,5.3878,5.2463,5.108,4.9074,4.8078,4.8668,4.7894,4.6335,4.4856,4.38,4.3765,4.3726,4.2649,4.0894,3.9239,3.8301,3.8164,3.8522,3.904,3.9519,3.989,4.0158,4.0358,4.0528,4.0699,5.2918,5.2355,5.0787,4.7036,4.7836,5.2946,5.6165,5.7688,5.8806,5.9358,5.6283,5.3977,5.2656,5.167,4.9692,4.8334,5.0099,5.0812,5.0196,4.8357,4.6415,4.505,4.3365,4.0518,3.6977,3.4269,3.3545,3.4416,3.5832,3.7118,3.8059,3.8675,3.9063,3.9324,3.9541,3.9763,5.2682,5.1907,5.0121,4.7203,4.8285,5.3798,5.7819,5.9694,5.9105,5.8359,5.5813,5.3791,5.2762,5.2577,5.1934,5.122,5.2228,5.4722,5.489,5.1891,4.891,4.6122,4.243,3.6689,2.9492,2.484,2.5608,2.9222,3.2696,3.5124,3.6598,3.742,3.7865,3.8141,3.8382,3.8658,5.2783,5.2298,5.1521,5.0981,5.234,5.569,5.9292,6.1988,6.039,5.7284,5.4983,5.3676,5.2769,5.2715,5.226,5.1465,5.3196,6.0692,6.0919,5.4473,5.0603,4.6918,4.1299,3.1202,1.622,0.7549,1.3734,2.331,2.9836,3.3479,3.5321,3.6159,3.6516,3.6723,3.6965,3.7314,5.3045,5.2906,5.2828,5.3148,5.432,5.6331,5.8676,6.0555,5.9508,5.6434,5.4449,5.399,5.3505,4.8071,5.0615,4.9064,5.1529,5.6831,5.7893,5.449,5.1625,4.8092,4.1495,2.7755,0.3287,-1.0921,0.4126,2.005,2.8671,3.2711,3.4355,3.4823,3.4851,3.4884,3.513,3.5621,5.3295,5.3363,5.3554,5.4012,5.4847,5.5986,5.7129,5.7682,5.6868,5.526,5.4117,5.3314,5.1972,5.1022,5.0609,4.8831,5.5902,5.4667,5.4899,5.419,5.309,5.058,4.4387,3.1969,1.1728,-0.0182,1.0627,2.3347,3.0213,3.3005,3.3571,3.3111,3.2496,3.2278,3.2628,3.3433,5.346,5.3611,5.3859,5.4249,5.4788,5.5388,5.5848,5.5886,5.5351,5.4636,5.4565,5.3264,5.282,5.2146,5.2123,5.3171,5.5711,5.507,5.5193,5.5151,5.5814,5.4278,4.8525,4.0058,2.9988,2.4154,2.6502,3.1107,3.3653,3.3863,3.2444,3.0357,2.8726,2.8315,2.9107,3.0604,5.3537,5.3704,5.393,5.4221,5.4556,5.4865,5.504,5.4976,5.4682,5.4393,5.4456,5.3785,5.3536,5.3599,5.3477,5.408,5.5113,5.6527,5.7586,5.6688,5.6454,5.527,5.1023,4.6013,4.1676,3.9526,3.9223,3.8818,3.7328,3.4456,3.0178,2.5436,2.2315,2.2157,2.4234,2.7113,5.3546,5.3702,5.3887,5.4097,5.4307,5.4475,5.4549,5.4497,5.4344,5.4179,5.404,5.3852,5.3861,5.4032,5.4887,5.5734,5.6588,5.9785,6.3013,5.9377,5.6785,5.4878,5.2278,4.9606,4.8414,4.9314,4.901,4.5305,4.0345,3.433,2.6195,1.7005,1.174,1.3196,1.8169,2.3328,5.3511,5.3647,5.3795,5.3948,5.4089,5.4192,5.4237,5.4214,5.4143,5.406,5.3997,5.4004,5.4206,5.4958,5.7289,5.8303,5.7632,6.0199,6.2556,6.1821,5.8861,5.5994,5.3618,5.1873,5.2501,5.7587,5.8648,5.0135,4.2149,3.3826,2.1554,0.5913,-0.1968,0.3309,1.2598,2.0313,5.345,5.3566,5.3686,5.3803,5.3905,5.3981,5.4022,5.4028,5.4013,5.4002,5.4033,5.4167,5.4536,5.5439,5.7182,5.7891,5.7779,5.9823,6.4313,6.6244,6.0852,5.747,5.5186,5.32,5.31,5.8497,5.9886,4.8789,4.1743,3.3992,2.057,0.1482,-0.7805,-0.0269,1.0918,1.9519,5.3375,5.3474,5.3574,5.3668,5.3751,5.3816,5.3861,5.3891,5.3917,5.396,5.4053,5.4247,5.4623,5.5275,5.6122,5.6741,5.7433,5.9159,6.2016,6.2912,6.0668,5.9413,5.8012,5.469,5.0896,4.7033,3.9702,3.9676,3.9791,3.5519,2.5746,1.1414,0.3305,0.6973,1.4713,2.1494,5.3291,5.3378,5.3463,5.3543,5.3615,5.3677,5.3729,5.3776,5.3829,5.3905,5.4028,5.4231,5.4552,5.5009,5.5554,5.6126,5.6865,5.7996,5.9316,6.0108,6.1081,6.4166,6.4708,5.822,5.0194,4.1286,3.2159,3.5821,3.9481,3.813,3.2634,2.4267,1.83,1.8035,2.1271,2.5222,5.3204,5.3281,5.3356,5.3427,5.3492,5.3553,5.361,5.3668,5.3736,5.3827,5.3957,5.4147,5.4411,5.4756,5.5169,5.5652,5.6255,5.7032,5.7957,5.9208,6.2091,6.8345,7.0327,6.1331,5.1568,4.3757,3.9015,3.9759,4.1462,4.0729,3.7334,3.2338,2.822,2.6681,2.7405,2.9238,5.3115,5.3184,5.325,5.3315,5.3376,5.3435,5.3494,5.3558,5.3632,5.3726,5.3851,5.4017,5.4234,5.4505,5.483,5.5216,5.5686,5.6277,5.7066,5.8347,6.0837,6.4551,6.5073,5.9359,5.218,4.6432,4.2932,4.177,4.1801,4.1347,3.9346,3.6399,3.3733,3.2236,3.2027,3.2711]},{"header":{"la1":42.85,"la2":41.18,"lo1":11.55,"lo2":14.05,"nx":36,"ny":24,"dx":0.07143,"dy":0.07261,"parameterCategory":2,"parameterNumber":3,"parameterNumberName":"northward_wind","parameterUnit":"m.s-1"},"data":[0.6249,0.6335,0.641,0.6472,0.652,0.6549,0.6549,0.6506,0.6409,0.6255,0.605,0.5806,0.5533,0.5235,0.4913,0.4568,0.421,0.385,0.3508,0.3203,0.2953,0.2775,0.2676,0.265,0.2677,0.2735,0.2802,0.2865,0.2918,0.2955,0.2977,0.2985,0.298,0.2965,0.2943,0.2916,0.6431,0.6541,0.6639,0.6725,0.68,0.6863,0.6899,0.6882,0.6784,0.6598,0.6341,0.6041,0.5714,0.5365,0.4986,0.4574,0.4135,0.3689,0.3264,0.2886,0.258,0.2373,0.2284,0.2304,0.2395,0.2515,0.2635,0.2739,0.282,0.2876,0.2909,0.2921,0.2917,0.29,0.2874,0.2843,0.6637,0.678,0.6905,0.7016,0.7124,0.724,0.7347,0.7391,0.7303,0.706,0.6711,0.6323,0.593,0.5525,0.5085,0.4591,0.4046,0.3483,0.2949,0.248,0.2095,0.184,0.1771,0.1875,0.2068,0.2278,0.2467,0.2618,0.273,0.2805,0.2847,0.2862,0.2855,0.2833,0.2801,0.2763,0.6878,0.7066,0.7225,0.7357,0.7494,0.7684,0.7932,0.8128,0.808,0.7714,0.7179,0.6649,0.6177,0.5724,0.5227,0.4637,0.3948,0.3213,0.2539,0.1979,0.1499,0.1151,0.1116,0.137,0.1719,0.2046,0.2314,0.2517,0.266,0.275,0.2796,0.2808,0.2794,0.2763,0.272,0.2673,0.7165,0.7428,0.7637,0.7776,0.7905,0.817,0.8685,0.9278,0.9371,0.8688,0.7745,0.6987,0.6442,0.5975,0.5449,0.4758,0.3863,0.2848,0.1969,0.1395,0.0887,0.0391,0.0413,0.0883,0.1408,0.1854,0.22,0.2451,0.2618,0.2716,0.276,0.2762,0.2734,0.2687,0.2629,0.2568,0.7508,0.7912,0.8232,0.8361,0.8365,0.8598,0.9506,1.1059,1.162,1.0049,0.8277,0.7244,0.6701,0.6305,0.5813,0.5045,0.3884,0.2385,0.1091,0.0692,0.0433,0.0059,0.0106,0.0606,0.1212,0.1744,0.2152,0.2437,0.2617,0.2711,0.2741,0.2722,0.2671,0.2601,0.2522,0.2444,0.7887,0.8565,0.919,0.9368,0.8984,0.8792,0.9814,1.262,1.4087,1.0949,0.8332,0.7283,0.6944,0.6764,0.6419,0.5659,0.4271,0.2206,0.0257,0.0114,-0.0278,-0.0366,-0.0072,0.0445,0.1127,0.1737,0.2192,0.2494,0.2667,0.2741,0.274,0.2686,0.26,0.2497,0.2391,0.2291,0.8196,0.93,1.0698,1.1328,1.0031,0.8683,0.8847,1.0698,1.1634,0.9214,0.7448,0.7055,0.7217,0.7433,0.7402,0.6796,0.5334,0.3093,0.0932,-0.0454,-0.3187,-0.334,-0.1403,0.0082,0.1122,0.1856,0.2345,0.2639,0.278,0.2808,0.2755,0.2648,0.2511,0.2363,0.2221,0.2095,0.8209,0.9598,1.2022,1.3976,1.0982,0.8183,0.7173,0.698,0.6536,0.578,0.5897,0.6713,0.7629,0.8393,0.8927,0.8675,0.7045,0.4667,0.1947,-0.2193,-0.9259,-0.7992,-0.2826,-0.0085,0.134,0.2167,0.2649,0.2892,0.2963,0.2913,0.2779,0.2595,0.2387,0.2181,0.1994,0.1838,0.7764,0.8762,1.0314,1.126,0.8797,0.6929,0.5619,0.4189,0.2111,0.153,0.3985,0.6504,0.832,0.9597,1.0908,1.1444,0.8846,0.6207,0.3444,-0.0738,-0.6262,-0.5768,-0.1857,0.0614,0.1975,0.2745,0.314,0.3272,0.3223,0.305,0.2798,0.2504,0.2202,0.1921,0.168,0.1494,0.7049,0.7356,0.7132,0.5549,0.5508,0.5619,0.459,0.2787,-0.2071,-0.4619,0.2398,0.6811,0.9551,1.1217,1.1656,1.181,0.9398,0.7284,0.5313,0.2752,0.0163,-0.0434,0.0706,0.2017,0.3015,0.3628,0.3857,0.3796,0.3554,0.3202,0.2785,0.2342,0.1915,0.1538,0.1237,0.1025,0.6386,0.6379,0.5972,0.5177,0.5121,0.4967,0.4264,0.3571,0.0854,-0.1064,0.3722,0.7776,1.1294,1.5032,1.3578,1.0935,0.9224,0.8023,0.6972,0.5152,0.3418,0.2591,0.2736,0.3454,0.4325,0.487,0.4845,0.4461,0.3935,0.3337,0.2696,0.2051,0.1456,0.0963,0.0601,0.0378,0.5877,0.5814,0.5601,0.5305,0.504,0.464,0.426,0.4327,0.3869,0.3519,0.5585,0.8755,1.128,1.6497,1.4696,1.0873,0.9362,0.8711,0.8355,0.6178,0.4543,0.3754,0.3786,0.4563,0.5836,0.6561,0.6072,0.5185,0.43,0.3397,0.2458,0.1536,0.0718,0.0086,-0.0324,-0.0519,0.5481,0.5406,0.5255,0.5038,0.4759,0.4436,0.4207,0.4191,0.4032,0.404,0.5457,0.9559,1.0956,0.9183,1.0367,1.144,1.0079,0.8403,0.7565,0.574,0.4269,0.3688,0.399,0.5122,0.7004,0.8007,0.6991,0.5719,0.4551,0.3307,0.1964,0.0643,-0.0483,-0.1272,-0.1682,-0.1765,0.5158,0.507,0.4929,0.4733,0.449,0.423,0.4006,0.3804,0.3417,0.2746,0.2463,0.3925,0.5167,0.2334,0.8218,1.1549,0.8831,0.7608,0.5948,0.4162,0.2622,0.2454,0.3452,0.4952,0.6648,0.746,0.6921,0.5959,0.4681,0.301,0.1054,-0.0895,-0.2467,-0.3403,-0.3684,-0.3481,0.4888,0.4788,0.4647,0.4462,0.4237,0.398,0.3681,0.3251,0.2405,0.0455,-0.3422,-0.2107,0.0463,0.324,0.5617,0.7499,0.7558,0.5904,0.3955,0.1984,-0.0565,0.0126,0.2561,0.4607,0.6207,0.7081,0.7198,0.6527,0.4942,0.2506,-0.0516,-0.355,-0.5805,-0.678,-0.6609,-0.5781,0.4658,0.455,0.4407,0.4225,0.4,0.3724,0.3359,0.2802,0.1808,-0.0119,-0.3007,-0.1787,-0.1605,-0.1671,0.2163,0.3728,0.393,0.2491,0.0894,0.0415,-0.1191,-0.0338,0.2389,0.4912,0.7224,0.8986,0.9513,0.8368,0.5738,0.1842,-0.3103,-0.8146,-1.1479,-1.2079,-1.0716,-0.8671,0.4463,0.4349,0.4203,0.4021,0.3795,0.3509,0.3129,0.2589,0.1792,0.0706,-0.0257,-0.0594,-0.2038,-0.2504,-0.1494,-0.1429,-0.0025,-0.1353,-0.3711,-0.1201,-0.0025,0.102,0.3075,0.6048,0.9971,1.4011,1.5053,1.208,0.73,0.1129,-0.6978,-1.5749,-2.075,-1.9786,-1.5849,-1.1829,0.4297,0.4179,0.4032,0.3852,0.3629,0.3351,0.2996,0.2535,0.1953,0.129,0.0672,0.0079,-0.0799,-0.2276,-0.7588,-1.006,-0.3267,-0.2208,-0.3233,-0.2335,-0.0615,0.1225,0.3561,0.7298,1.3507,2.1986,2.3823,1.6644,0.9177,0.0746,-1.1179,-2.5613,-3.2709,-2.8275,-2.0572,-1.436,0.4155,0.4036,0.3891,0.3715,0.3502,0.3243,0.2926,0.2543,0.2095,0.1601,0.1078,0.046,-0.0485,-0.247,-0.6828,-0.8199,-0.3656,-0.2161,-0.3516,-0.4303,-0.15,0.0722,0.3181,0.7322,1.4267,2.3688,2.5709,1.7788,1.0335,0.1448,-1.1955,-2.954,-3.7795,-3.1349,-2.2013,-1.5056,0.4036,0.3917,0.3776,0.3608,0.3408,0.3171,0.2892,0.2568,0.2199,0.1788,0.1323,0.0743,-0.0091,-0.1399,-0.3005,-0.3367,-0.2227,-0.1724,-0.2462,-0.2702,-0.1454,-0.0525,0.1115,0.5298,1.1675,1.7674,1.9931,1.7265,1.0813,0.3311,-0.7215,-2.0741,-2.8143,-2.5181,-1.8858,-1.3468,0.3935,0.3819,0.3684,0.3525,0.334,0.3125,0.2879,0.2599,0.2284,0.1931,0.1526,0.1037,0.042,-0.0327,-0.1003,-0.1226,-0.1032,-0.0958,-0.1198,-0.1418,-0.1966,-0.3922,-0.4057,0.1382,0.8689,1.5628,2.1171,1.7311,0.9582,0.4839,-0.1331,-0.9508,-1.5218,-1.5825,-1.3432,-1.0465,0.385,0.3739,0.361,0.3461,0.3291,0.3098,0.288,0.2635,0.2363,0.206,0.1719,0.133,0.089,0.0434,0.0057,-0.0141,-0.0198,-0.028,-0.0513,-0.1076,-0.2799,-0.6857,-0.8172,-0.1625,0.584,1.1597,1.4346,1.0793,0.5931,0.5159,0.2169,-0.2745,-0.6868,-0.8652,-0.8447,-0.7283,0.378,0.3674,0.3552,0.3414,0.3259,0.3084,0.289,0.2676,0.244,0.2182,0.19,0.1595,0.1274,0.0965,0.0706,0.0527,0.0401,0.0253,-0.0028,-0.0664,-0.2122,-0.443,-0.469,-0.0733,0.4234,0.789,0.9118,0.7352,0.5387,0.5102,0.3354,0.0336,-0.2487,-0.4235,-0.4825,-0.462]}]