docs/data/wind_grid.json
{"header": {"la1":42.1,"la2":41.55,"lo1":12.1,"lo2":12.95,"nx":50,"ny":50,"dx":0.01735,"dy":0.01122,"parameterCategory":2,"parameterNumber":3,"parameterNumberName":"northward_wind","parameterUnit":"m.s-1"}, "data":
[rows 0 to 42 of 50, columns 0 to 49 of 50]
-0.0525,-0.0468,-0.0403,-0.0331,-0.0251,-0.0164,-0.0068,0.0036,0.0146,0.0264,0.0387,0.0514,0.0644,0.0773,0.09,0.1022,0.1136,0.1238,0.1326,0.1396,0.1447,0.1476,0.1482,0.1466,0.1427,0.1366,0.1284,0.1183,0.1065,0.0931,0.0783,0.0624,0.0455,0.0282,0.0107,-0.0064,-0.0225,-0.0371,-0.0495,-0.0595,-0.0668,-0.0714,-0.0736,-0.0737,-0.0721,-0.0693,-0.0655,-0.0613,-0.0567,-0.052
-0.0568,-0.0511,-0.0445,-0.0372,-0.029,-0.0199,-0.01,0.0008,0.0125,0.025,0.0381,0.0517,0.0656,0.0797,0.0935,0.1069,0.1193,0.1306,0.1403,0.1481,0.1537,0.157,0.1577,0.1559,0.1516,0.1449,0.136,0.1251,0.1122,0.0977,0.0817,0.0644,0.0461,0.0271,0.0079,-0.0108,-0.0285,-0.0444,-0.0579,-0.0686,-0.0761,-0.0806,-0.0824,-0.0818,-0.0794,-0.0756,-0.071,-0.0659,-0.0606,-0.0553
-0.0615,-0.0557,-0.0491,-0.0417,-0.0333,-0.024,-0.0136,-0.0023,0.01,0.0231,0.0371,0.0517,0.0667,0.082,0.097,0.1116,0.1254,0.1378,0.1486,0.1572,0.1635,0.1671,0.168,0.166,0.1613,0.154,0.1442,0.1323,0.1184,0.1027,0.0853,0.0666,0.0467,0.0261,0.0051,-0.0155,-0.0349,-0.0524,-0.0671,-0.0784,-0.0862,-0.0905,-0.0917,-0.0903,-0.0869,-0.0822,-0.0766,-0.0706,-0.0646,-0.0586
-0.0665,-0.0608,-0.0542,-0.0466,-0.0381,-0.0285,-0.0178,-0.006,0.0069,0.0208,0.0357,0.0514,0.0676,0.0841,0.1006,0.1166,0.1317,0.1455,0.1575,0.1671,0.1741,0.1782,0.1791,0.1769,0.1717,0.1637,0.1531,0.1401,0.125,0.108,0.0893,0.0691,0.0476,0.0251,0.0022,-0.0204,-0.0418,-0.0609,-0.0769,-0.0891,-0.0971,-0.101,-0.1015,-0.0991,-0.0946,-0.0888,-0.0822,-0.0753,-0.0683,-0.0617
-0.0719,-0.0662,-0.0597,-0.0521,-0.0434,-0.0336,-0.0225,-0.0102,0.0033,0.018,0.0339,0.0506,0.0681,0.086,0.104,0.1216,0.1384,0.1537,0.167,0.1778,0.1856,0.1902,0.1912,0.1888,0.183,0.1742,0.1625,0.1484,0.1321,0.1138,0.0937,0.072,0.0488,0.0244,-0.0006,-0.0254,-0.0489,-0.07,-0.0874,-0.1004,-0.1086,-0.1122,-0.1117,-0.1082,-0.1025,-0.0954,-0.0877,-0.0797,-0.072,-0.0646
-0.0777,-0.0721,-0.0656,-0.058,-0.0493,-0.0392,-0.0278,-0.0151,-0.0009,0.0146,0.0314,0.0494,0.0682,0.0877,0.1074,0.1268,0.1453,0.1623,0.1772,0.1894,0.1982,0.2032,0.2044,0.2017,0.1952,0.1854,0.1727,0.1573,0.1397,0.1201,0.0985,0.0752,0.0503,0.024,-0.0031,-0.0303,-0.0562,-0.0794,-0.0985,-0.1124,-0.1207,-0.1237,-0.1223,-0.1174,-0.1103,-0.1019,-0.0929,-0.084,-0.0753,-0.0672
-0.0839,-0.0785,-0.0721,-0.0646,-0.0557,-0.0455,-0.0339,-0.0206,-0.0059,0.0105,0.0284,0.0476,0.0679,0.089,0.1106,0.1319,0.1525,0.1715,0.1882,0.2019,0.2118,0.2175,0.2188,0.2156,0.2084,0.1975,0.1834,0.1667,0.1477,0.1267,0.1038,0.079,0.0524,0.0241,-0.0052,-0.0349,-0.0634,-0.0889,-0.1098,-0.1247,-0.1331,-0.1355,-0.1328,-0.1265,-0.1179,-0.1081,-0.0978,-0.0878,-0.0783,-0.0695
-0.0905,-0.0854,-0.0791,-0.0717,-0.0629,-0.0525,-0.0406,-0.027,-0.0116,0.0056,0.0245,0.045,0.0669,0.0899,0.1134,0.137,0.1598,0.1811,0.1999,0.2154,0.2266,0.2331,0.2344,0.2308,0.2225,0.2103,0.1948,0.1766,0.1562,0.1337,0.1094,0.0832,0.0551,0.025,-0.0067,-0.0389,-0.0701,-0.0983,-0.1212,-0.1371,-0.1456,-0.1472,-0.1432,-0.1353,-0.125,-0.1137,-0.1022,-0.0911,-0.0808,-0.0713
-0.0976,-0.0927,-0.0867,-0.0794,-0.0707,-0.0603,-0.0482,-0.0342,-0.0182,-0.0002,0.0198,0.0417,0.0652,0.0902,0.1159,0.1419,0.1673,0.1912,0.2125,0.23,0.2428,0.2501,0.2515,0.2472,0.2377,0.224,0.2068,0.187,0.165,0.1411,0.1156,0.0881,0.0585,0.0267,-0.0071,-0.0419,-0.076,-0.107,-0.1321,-0.1492,-0.1578,-0.1584,-0.1529,-0.1433,-0.1314,-0.1186,-0.1059,-0.0939,-0.0827,-0.0727
-0.1051,-0.1006,-0.0949,-0.0879,-0.0793,-0.0689,-0.0567,-0.0424,-0.0259,-0.0071,0.014,0.0373,0.0627,0.0897,0.1179,0.1466,0.1749,0.2017,0.2258,0.2458,0.2604,0.2686,0.2701,0.2649,0.2539,0.2384,0.2193,0.1976,0.174,0.1488,0.1221,0.0935,0.0628,0.0296,-0.0061,-0.0435,-0.0806,-0.1144,-0.1419,-0.1603,-0.1689,-0.1686,-0.1616,-0.1503,-0.1367,-0.1226,-0.1087,-0.0958,-0.084,-0.0735
-0.1131,-0.109,-0.1037,-0.097,-0.0887,-0.0785,-0.0662,-0.0517,-0.0347,-0.0151,0.0071,0.0318,0.059,0.0882,0.119,0.1507,0.1822,0.2125,0.2399,0.2628,0.2796,0.289,0.2903,0.284,0.2712,0.2534,0.2321,0.2084,0.1832,0.1567,0.129,0.0996,0.0681,0.0338,-0.0035,-0.0431,-0.083,-0.1199,-0.1498,-0.1696,-0.1783,-0.1771,-0.1686,-0.1557,-0.1407,-0.1253,-0.1105,-0.0968,-0.0846,-0.0736
-0.1216,-0.118,-0.1132,-0.1069,-0.0989,-0.0889,-0.0768,-0.0621,-0.0447,-0.0245,-0.0012,0.025,0.054,0.0856,0.1192,0.1541,0.1893,0.2233,0.2546,0.281,0.3005,0.3112,0.3124,0.3045,0.2893,0.2688,0.245,0.2192,0.1922,0.1646,0.1361,0.1063,0.0745,0.0396,0.0013,-0.0401,-0.0826,-0.1224,-0.1549,-0.1762,-0.1851,-0.1831,-0.1733,-0.159,-0.1428,-0.1265,-0.111,-0.0968,-0.0842,-0.0731
-0.1306,-0.1276,-0.1233,-0.1176,-0.1101,-0.1005,-0.0885,-0.0738,-0.0561,-0.0353,-0.0111,0.0166,0.0475,0.0815,0.1181,0.1565,0.1956,0.234,0.2697,0.3004,0.3231,0.3355,0.3363,0.3264,0.3082,0.2845,0.2578,0.2296,0.201,0.1723,0.1434,0.1136,0.0819,0.0472,0.0085,-0.0341,-0.0787,-0.1211,-0.156,-0.1789,-0.1883,-0.1858,-0.1751,-0.1599,-0.1429,-0.126,-0.1101,-0.0957,-0.083,-0.0718
-0.14,-0.1377,-0.1342,-0.1291,-0.1221,-0.1131,-0.1014,-0.0869,-0.0691,-0.0477,-0.0226,0.0064,0.0392,0.0757,0.1154,0.1575,0.2008,0.244,0.2849,0.3205,0.3474,0.3618,0.3621,0.3494,0.3274,0.2999,0.27,0.2395,0.2092,0.1797,0.1506,0.1212,0.0904,0.0565,0.0183,-0.0246,-0.0705,-0.1151,-0.1522,-0.1767,-0.1868,-0.1844,-0.1734,-0.1578,-0.1406,-0.1235,-0.1077,-0.0934,-0.0808,-0.0698
-0.1499,-0.1484,-0.1457,-0.1414,-0.1352,-0.1268,-0.1157,-0.1015,-0.0837,-0.062,-0.0361,-0.0058,0.0289,0.0678,0.1106,0.1565,0.2045,0.2528,0.2995,0.3411,0.3731,0.3903,0.3896,0.3732,0.3464,0.3145,0.2812,0.2483,0.2166,0.1864,0.1576,0.1292,0.0998,0.0676,0.0308,-0.0114,-0.0577,-0.1035,-0.1425,-0.1686,-0.1799,-0.1782,-0.1677,-0.1525,-0.1357,-0.1191,-0.1037,-0.0899,-0.0776,-0.067
-0.1603,-0.1596,-0.1578,-0.1545,-0.1493,-0.1417,-0.1314,-0.1176,-0.1001,-0.0783,-0.0518,-0.0203,0.0161,0.0575,0.1034,0.1532,0.2058,0.2596,0.3125,0.3611,0.3996,0.4204,0.4184,0.3969,0.3642,0.3276,0.2908,0.2557,0.2228,0.1924,0.1641,0.1372,0.11,0.0803,0.0459,0.0055,-0.04,-0.0863,-0.1265,-0.1543,-0.1672,-0.167,-0.1579,-0.144,-0.1283,-0.1128,-0.0982,-0.0851,-0.0736,-0.0635
-0.171,-0.1714,-0.1707,-0.1685,-0.1644,-0.1579,-0.1485,-0.1355,-0.1185,-0.0967,-0.0698,-0.0374,0.0007,0.0444,0.0933,0.147,0.2041,0.2633,0.3226,0.3788,0.4255,0.4512,0.4474,0.4191,0.3795,0.338,0.2982,0.2613,0.2276,0.1973,0.1702,0.1453,0.1208,0.0944,0.0634,0.0258,-0.0178,-0.0635,-0.1043,-0.1337,-0.1487,-0.1509,-0.1441,-0.1323,-0.1185,-0.1045,-0.0913,-0.0793,-0.0686,-0.0592
-0.1821,-0.1837,-0.1842,-0.1833,-0.1805,-0.1754,-0.1672,-0.1552,-0.1389,-0.1174,-0.0903,-0.0572,-0.0177,0.028,0.0799,0.1371,0.1986,0.2629,0.328,0.3918,0.4479,0.4805,0.4741,0.4371,0.3903,0.3446,0.3027,0.2648,0.2308,0.2011,0.1755,0.153,0.132,0.1095,0.0825,0.0487,0.008,-0.0361,-0.077,-0.1078,-0.1253,-0.1305,-0.1268,-0.1179,-0.1065,-0.0946,-0.0831,-0.0724,-0.0628,-0.0544
-0.1936,-0.1964,-0.1983,-0.1989,-0.1977,-0.1941,-0.1874,-0.1768,-0.1615,-0.1407,-0.1137,-0.08,-0.0394,0.0082,0.0626,0.1232,0.1887,0.2571,0.3268,0.3964,0.4618,0.5031,0.4936,0.4469,0.3942,0.3464,0.3039,0.2659,0.2323,0.2036,0.1799,0.1605,0.1432,0.1252,0.1028,0.0734,0.0362,-0.0057,-0.0461,-0.0781,-0.0983,-0.107,-0.1069,-0.1013,-0.0928,-0.0833,-0.0738,-0.0647,-0.0564,-0.049
-0.2054,-0.2096,-0.213,-0.2152,-0.2158,-0.2141,-0.2092,-0.2003,-0.1864,-0.1665,-0.1399,-0.1059,-0.0644,-0.0153,0.0413,0.1047,0.1736,0.2454,0.3174,0.3888,0.4591,0.5085,0.4963,0.443,0.3892,0.3428,0.3016,0.2647,0.2322,0.205,0.1836,0.1674,0.1544,0.141,0.1235,0.0985,0.0651,0.0258,-0.0136,-0.0466,-0.0693,-0.0815,-0.0852,-0.0833,-0.078,-0.0711,-0.0637,-0.0564,-0.0495,-0.0432
-0.2173,-0.223,-0.2281,-0.2322,-0.2348,-0.2353,-0.2326,-0.2258,-0.2137,-0.1951,-0.1691,-0.1351,-0.0929,-0.0426,0.0156,0.0814,0.1533,0.2277,0.3001,0.3676,0.4317,0.48,0.4692,0.4212,0.375,0.334,0.2962,0.2613,0.2305,0.2052,0.1865,0.1739,0.1651,0.1564,0.1435,0.1229,0.0932,0.0566,0.0184,-0.0151,-0.0401,-0.0556,-0.063,-0.0646,-0.0625,-0.0583,-0.0531,-0.0476,-0.0422,-0.0371
-0.2294,-0.2366,-0.2436,-0.2497,-0.2547,-0.2576,-0.2576,-0.2533,-0.2435,-0.2266,-0.2015,-0.1675,-0.1249,-0.0737,-0.0143,0.0532,0.1276,0.2045,0.2767,0.337,0.3827,0.4118,0.4098,0.3848,0.3542,0.3215,0.2881,0.256,0.2275,0.2046,0.1887,0.1797,0.1751,0.1708,0.1621,0.1453,0.1188,0.0848,0.048,0.0144,-0.0122,-0.0304,-0.0411,-0.046,-0.0469,-0.0453,-0.0423,-0.0387,-0.0347,-0.0308
-0.2415,-0.2504,-0.2593,-0.2677,-0.2752,-0.281,-0.284,-0.2828,-0.2758,-0.261,-0.237,-0.2032,-0.16,-0.1082,-0.0482,0.0202,0.0966,0.1766,0.2504,0.306,0.3344,0.3403,0.3469,0.3469,0.3318,0.3072,0.2784,0.2494,0.2234,0.2031,0.1903,0.1848,0.184,0.1835,0.1783,0.1645,0.1408,0.1091,0.074,0.0407,0.0132,-0.0071,-0.0204,-0.0281,-0.0317,-0.0326,-0.0316,-0.0297,-0.0272,-0.0244
-0.2534,-0.2641,-0.275,-0.2859,-0.2962,-0.3052,-0.3118,-0.3143,-0.3106,-0.2986,-0.276,-0.2421,-0.1978,-0.1451,-0.0853,-0.0172,0.0603,0.144,0.2227,0.281,0.3069,0.3071,0.313,0.3198,0.312,0.2927,0.2678,0.2419,0.2186,0.2012,0.1914,0.1891,0.1916,0.1941,0.1914,0.1798,0.1583,0.1287,0.0955,0.0632,0.0354,0.0139,-0.0015,-0.0114,-0.0173,-0.0203,-0.0212,-0.0209,-0.0197,-0.0181
-0.2652,-0.2776,-0.2907,-0.3041,-0.3175,-0.33,-0.3406,-0.3475,-0.3481,-0.3394,-0.3185,-0.2841,-0.2377,-0.1834,-0.124,-0.0579,0.0191,0.1063,0.1926,0.2601,0.2955,0.3024,0.3034,0.304,0.2957,0.2786,0.2566,0.2336,0.2133,0.1988,0.1919,0.1924,0.1974,0.2019,0.2008,0.1908,0.171,0.1435,0.1123,0.0814,0.0541,0.032,0.0154,0.0037,-0.004,-0.0087,-0.0113,-0.0124,-0.0125,-0.0119
-0.2766,-0.2908,-0.306,-0.3221,-0.3387,-0.3551,-0.3703,-0.3822,-0.3881,-0.3838,-0.365,-0.3294,-0.2791,-0.2213,-0.1621,-0.0998,-0.0262,0.0627,0.157,0.2363,0.284,0.2996,0.2984,0.2922,0.2811,0.2646,0.2449,0.2248,0.2076,0.1959,0.1917,0.1944,0.201,0.2066,0.2063,0.1973,0.1791,0.1537,0.1247,0.0956,0.0692,0.0472,0.0299,0.0171,0.008,0.0019,-0.002,-0.0043,-0.0055,-0.006
-0.2875,-0.3035,-0.3208,-0.3396,-0.3595,-0.38,-0.4002,-0.4181,-0.4303,-0.4318,-0.4162,-0.3786,-0.3214,-0.2565,-0.1961,-0.1396,-0.0732,0.0138,0.1137,0.2033,0.2621,0.2858,0.2866,0.2782,0.2657,0.2501,0.2327,0.2156,0.2014,0.1926,0.1907,0.195,0.2023,0.2081,0.2081,0.1998,0.183,0.1598,0.1331,0.106,0.081,0.0596,0.0422,0.0287,0.0187,0.0115,0.0065,0.0031,0.001,-0.0003
-0.2977,-0.3154,-0.3348,-0.3562,-0.3794,-0.4042,-0.4297,-0.4543,-0.4743,-0.4835,-0.4728,-0.4332,-0.365,-0.2869,-0.2221,-0.1729,-0.1178,-0.0374,0.0637,0.1601,0.2274,0.2592,0.2654,0.2592,0.2481,0.2345,0.2198,0.2059,0.1948,0.1887,0.1887,0.1938,0.2012,0.2067,0.2066,0.1988,0.1835,0.1624,0.1381,0.1133,0.09,0.0694,0.0523,0.0386,0.028,0.0201,0.0142,0.01,0.0071,0.005
-0.3071,-0.3264,-0.3478,-0.3716,-0.398,-0.427,-0.4581,-0.4898,-0.5188,-0.5382,-0.5356,-0.4952,-0.4115,-0.311,-0.2364,-0.1949,-0.1547,-0.0855,0.0117,0.1102,0.1834,0.223,0.2365,0.2355,0.2281,0.2177,0.2063,0.1957,0.1877,0.1841,0.1855,0.191,0.198,0.2028,0.2024,0.1951,0.1813,0.1623,0.1405,0.1179,0.0963,0.077,0.0605,0.0469,0.036,0.0275,0.0211,0.0162,0.0126,0.01
-0.3156,-0.3362,-0.3594,-0.3855,-0.4148,-0.4477,-0.4841,-0.5231,-0.562,-0.5938,-0.6037,-0.5667,-0.4643,-0.3296,-0.2372,-0.2033,-0.1796,-0.1246,-0.036,0.0598,0.1358,0.1819,0.203,0.2086,0.2062,0.1999,0.1922,0.1851,0.18,0.1785,0.1811,0.1866,0.1929,0.1969,0.1962,0.1895,0.1771,0.1602,0.1407,0.1203,0.1006,0.0826,0.0669,0.0536,0.0427,0.034,0.0271,0.0218,0.0177,0.0145
-0.3231,-0.3449,-0.3695,-0.3974,-0.4293,-0.4656,-0.5067,-0.5524,-0.601,-0.6466,-0.6731,-0.6466,-0.5271,-0.3474,-0.2289,-0.2006,-0.1922,-0.1517,-0.0747,0.0145,0.0899,0.1404,0.1682,0.1802,0.1832,0.1815,0.1778,0.174,0.1717,0.1721,0.1755,0.1809,0.1864,0.1897,0.1887,0.1826,0.1715,0.1566,0.1393,0.121,0.1031,0.0865,0.0717,0.0589,0.0482,0.0394,0.0323,0.0266,0.0222,0.0186
-0.3294,-0.352,-0.3778,-0.4072,-0.441,-0.4799,-0.5246,-0.5758,-0.6325,-0.6905,-0.7346,-0.7251,-0.5977,-0.3733,-0.2247,-0.1964,-0.197,-0.1678,-0.1028,-0.0228,0.0492,0.1017,0.1343,0.152,0.1602,0.163,0.1631,0.1625,0.1628,0.1648,0.1689,0.1741,0.1789,0.1815,0.1804,0.1748,0.1651,0.152,0.1367,0.1204,0.1043,0.089,0.0752,0.0631,0.0527,0.044,0.0368,0.0309,0.0261,0.0223
-0.3344,-0.3577,-0.3842,-0.4146,-0.4496,-0.4901,-0.5371,-0.5915,-0.6533,-0.7191,-0.7755,-0.7812,-0.6583,-0.4123,-0.2406,-0.2021,-0.2009,-0.1771,-0.1221,-0.0517,0.015,0.0673,0.103,0.1252,0.1379,0.1448,0.1484,0.1508,0.1533,0.1568,0.1614,0.1664,0.1707,0.1728,0.1716,0.1667,0.1581,0.1467,0.1332,0.1188,0.1043,0.0904,0.0776,0.0662,0.0562,0.0477,0.0405,0.0345,0.0296,0.0255
-0.3382,-0.3618,-0.3887,-0.4195,-0.4549,-0.4959,-0.5435,-0.5986,-0.6613,-0.7283,-0.7865,-0.7962,-0.6841,-0.4532,-0.2777,-0.2218,-0.2087,-0.1838,-0.1355,-0.0737,-0.0127,0.0378,0.075,0.1004,0.1167,0.1271,0.1339,0.1389,0.1434,0.1481,0.1532,0.1581,0.162,0.1638,0.1627,0.1584,0.1509,0.1409,0.1291,0.1163,0.1034,0.0908,0.079,0.0683,0.0588,0.0506,0.0436,0.0376,0.0326,0.0283
-0.3406,-0.3643,-0.3911,-0.4218,-0.4569,-0.4973,-0.5439,-0.5972,-0.6567,-0.7183,-0.7682,-0.7709,-0.6713,-0.4791,-0.3195,-0.249,-0.2205,-0.1906,-0.1456,-0.0904,-0.0349,0.0131,0.0506,0.0779,0.097,0.1103,0.1198,0.127,0.1332,0.139,0.1445,0.1494,0.1531,0.1548,0.1538,0.1501,0.1436,0.1349,0.1246,0.1134,0.1018,0.0904,0.0796,0.0697,0.0607,0.0529,0.046,0.0401,0.0351,0.0308
-0.3418,-0.3652,-0.3916,-0.4216,-0.4557,-0.4946,-0.5387,-0.588,-0.6413,-0.6932,-0.7298,-0.7223,-0.6362,-0.486,-0.3513,-0.2749,-0.2337,-0.1976,-0.1539,-0.1035,-0.0528,-0.0075,0.0295,0.0579,0.079,0.0945,0.1061,0.1152,0.1228,0.1295,0.1355,0.1405,0.1441,0.1457,0.145,0.1419,0.1364,0.1289,0.1199,0.1099,0.0996,0.0894,0.0795,0.0704,0.062,0.0545,0.0479,0.0421,0.0371,0.0328
-0.3418,-0.3646,-0.3903,-0.4191,-0.4516,-0.4881,-0.5287,-0.5728,-0.6181,-0.6588,-0.6822,-0.6669,-0.5945,-0.479,-0.369,-0.294,-0.2454,-0.2045,-0.161,-0.114,-0.0672,-0.0246,0.0114,0.0402,0.0626,0.0797,0.0931,0.1037,0.1124,0.1199,0.1263,0.1314,0.135,0.1368,0.1364,0.1339,0.1292,0.1227,0.1149,0.1062,0.0971,0.0878,0.0789,0.0705,0.0627,0.0556,0.0493,0.0437,0.0388,0.0345
-0.3406,-0.3626,-0.3872,-0.4146,-0.4451,-0.4786,-0.5151,-0.5532,-0.5903,-0.6205,-0.6331,-0.6139,-0.5537,-0.4643,-0.3749,-0.3053,-0.2538,-0.2102,-0.1669,-0.1225,-0.0789,-0.0387,-0.004,0.0247,0.0478,0.0661,0.0807,0.0924,0.1022,0.1103,0.117,0.1224,0.1261,0.1281,0.128,0.126,0.1221,0.1166,0.1099,0.1023,0.0942,0.0859,0.0778,0.0701,0.0628,0.0562,0.0502,0.0448,0.04,0.0358
-0.3383,-0.3594,-0.3827,-0.4084,-0.4364,-0.4668,-0.4988,-0.531,-0.5604,-0.5818,-0.5868,-0.5663,-0.5164,-0.4458,-0.3724,-0.3097,-0.2587,-0.2142,-0.1716,-0.1294,-0.0884,-0.0505,-0.0172,0.0111,0.0345,0.0535,0.069,0.0816,0.0921,0.1008,0.1079,0.1134,0.1174,0.1195,0.1199,0.1184,0.1152,0.1106,0.1048,0.0982,0.091,0.0837,0.0764,0.0693,0.0626,0.0564,0.0507,0.0456,0.041,0.0369
-0.335,-0.355,-0.3769,-0.4007,-0.4262,-0.4532,-0.4809,-0.5075,-0.5303,-0.5447,-0.5447,-0.5245,-0.4828,-0.4257,-0.3648,-0.3089,-0.2602,-0.2165,-0.175,-0.1348,-0.0962,-0.0604,-0.0284,-0.0007,0.0226,0.042,0.058,0.0713,0.0823,0.0915,0.0989,0.1047,0.1088,0.1113,0.112,0.111,0.1085,0.1047,0.0997,0.094,0.0877,0.0812,0.0746,0.0682,0.062,0.0562,0.0509,0.046,0.0416,0.0376
-0.3309,-0.3497,-0.3701,-0.3918,-0.4148,-0.4385,-0.4621,-0.4838,-0.5011,-0.5103,-0.507,-0.4879,-0.4526,-0.4055,-0.3541,-0.3044,-0.2589,-0.2169,-0.1772,-0.1389,-0.1024,-0.0685,-0.0379,-0.0111,0.0119,0.0314,0.0478,0.0615,0.0729,0.0824,0.0901,0.0961,0.1005,0.1032,0.1044,0.1039,0.102,0.0989,0.0947,0.0898,0.0843,0.0785,0.0726,0.0667,0.0611,0.0558,0.0508,0.0462,0.0419,0.0381
-0.3261,-0.3437,-0.3624,-0.3821,-0.4026,-0.4233,-0.4431,-0.4605,-0.4733,-0.4787,-0.4735,-0.4557,-0.4253,-0.3857,-0.3416,-0.2975,-0.2555,-0.2159,-0.1781,-0.1418,-0.1073,-0.0752,-0.046,-0.0201,0.0025,0.0218,0.0383,0.0523,0.064,0.0737,0.0816,0.0879,0.0925,0.0955,0.097,0.097,0.0957,0.0932,0.0897,0.0855,0.0807,0.0756,0.0704,0.0651,0.0599,0.055,0.0504,0.046,0.042,0.0384
-0.3207,-0.337,-0.3541,-0.3719,-0.39,-0.4077,-0.4243,-0.4381,-0.4474,-0.45,-0.4436,-0.4271,-0.4007,-0.3667,-0.3285,-0.2892,-0.2507,-0.2136,-0.1779,-0.1437,-0.1111,-0.0808,-0.0529,-0.028,-0.006,0.0131,0.0296,0.0436,0.0554,0.0653,0.0735,0.0799,0.0848,0.0881,0.0899,0.0903,0.0895,0.0876,0.0848,0.0812,0.0771,0.0726,0.068,0.0632,0.0586,0.054,0.0497,0.0457,0.0419,0.0384
