docs/data/wind_grid.json
[{"header":{"la1":42.85,"la2":41.18,"lo1":11.55,"lo2":14.05,"nx":36,"ny":24,"dx":0.07143,"dy":0.07261,"parameterCategory":2,"parameterNumber":2,"parameterNumberName":"eastward_wind","parameterUnit":"m.s-1"},"data":[0.7686,0.7752,0.7845,0.7961,0.8086,0.8199,0.8272,0.8274,0.8178,0.7971,0.7657,0.7247,0.6759,0.621,0.5621,0.5028,0.4481,0.4052,0.381,0.3789,0.3964,0.4259,0.4594,0.4922,0.5232,0.5526,0.5806,0.607,0.6315,0.6537,0.6736,0.6911,0.7064,0.7198,0.7314,0.7414,0.7569,0.7652,0.778,0.7952,0.8155,0.836,0.8524,0.8592,0.8518,0.8283,0.7896,0.7384,0.6771,0.6075,0.5312,0.4515,0.3753,0.3146,0.2834,0.2902,0.329,0.3819,0.4316,0.4725,0.5075,0.54,0.5712,0.6008,0.628,0.6524,0.6739,0.6925,0.7085,0.7221,0.7338,0.7438,0.7396,0.7489,0.7653,0.7895,0.8208,0.8557,0.8876,0.9067,0.9038,0.8755,0.8253,0.7597,0.6827,0.5952,0.4968,0.3886,0.2779,0.1846,0.1399,0.1674,0.2549,0.3547,0.4259,0.4681,0.5,0.532,0.5652,0.5976,0.6274,0.6539,0.6767,0.6961,0.7124,0.726,0.7374,0.7471,0.7146,0.7232,0.7422,0.7744,0.8207,0.8781,0.9372,0.9804,0.9863,0.9474,0.8766,0.7897,0.6932,0.5857,0.4616,0.3152,0.1482,-0.0115,-0.0936,-0.0223,0.1843,0.3889,0.4775,0.4911,0.5027,0.5289,0.5631,0.5983,0.6307,0.6589,0.6826,0.7022,0.7183,0.7314,0.7422,0.7512,0.6799,0.6843,0.7029,0.7422,0.807,0.8978,1.0054,1.0994,1.1238,1.0569,0.9445,0.8261,0.7075,0.5804,0.4312,0.2404,-0.0129,-0.3151,-0.5236,-0.3813,0.1157,0.5687,0.6261,0.5377,0.5093,0.5286,0.5652,0.6039,0.6388,0.6681,0.6921,0.7112,0.7263,0.7384,0.7481,0.756,0.6342,0.6288,0.6403,0.6812,0.765,0.8991,1.0833,1.2837,1.3518,1.2073,1.0177,0.8607,0.7216,0.5791,0.4127,0.1877,-0.1649,-0.7298,-1.3463,-1.1665,-0.1194,0.7179,0.7191,0.5412,0.5016,0.5284,0.5726,0.616,0.653,0.6826,0.7056,0.7231,0.7365,0.7467,0.7547,0.7612,0.5786,0.5564,0.5504,0.5805,0.6759,0.8517,1.1108,1.4435,1.5812,1.3163,1.0586,0.8813,0.7301,0.5764,0.4046,0.1822,-0.197,-0.9688,-2.2074,-2.0655,-0.5542,0.2554,0.4483,0.4453,0.4765,0.5325,0.5893,0.6375,0.6751,0.7031,0.7235,0.7381,0.7485,0.7561,0.7618,0.7663,0.5175,0.4754,0.4479,0.4526,0.5396,0.7406,1.0114,1.2968,1.4057,1.2343,1.0467,0.8889,0.732,0.5587,0.3743,0.195,-0.0574,-0.5883,-1.3499,-1.2045,-0.4215,-0.0672,0.1892,0.3535,0.4662,0.554,0.6218,0.6716,0.7066,0.7303,0.7457,0.7556,0.7618,0.7657,0.7685,0.7707,0.4568,0.3959,0.3761,0.3964,0.4084,0.6022,0.8731,1.0857,1.1817,1.1569,1.0509,0.907,0.737,0.512,0.2302,0.0747,0.0731,-0.0648,-0.2942,-0.3044,-0.2722,-0.1933,0.1158,0.3508,0.5037,0.6071,0.6768,0.7217,0.7488,0.764,0.7715,0.7746,0.7751,0.7745,0.7738,0.7735,0.3997,0.2974,0.228,0.2101,0.1473,0.4411,0.8013,1.061,1.2543,1.2982,1.1353,0.9517,0.7696,0.4831,-0.1449,-0.4808,0.0613,0.2506,0.2003,0.0721,-0.106,-0.0426,0.2302,0.4504,0.6007,0.6998,0.7592,0.7895,0.8014,0.803,0.7992,0.7932,0.7867,0.7808,0.7762,0.7733,0.3613,0.188,-0.1211,-0.7054,-0.5683,0.2762,0.8153,1.1196,1.494,1.6723,1.2428,1.0019,0.8453,0.6426,0.0256,-0.4498,0.2542,0.5139,0.5259,0.4348,0.3322,0.3461,0.4763,0.6263,0.7521,0.8356,0.8722,0.8751,0.8622,0.8443,0.8258,0.8087,0.794,0.7822,0.7737,0.7685,0.3726,0.1842,-0.1542,-0.6509,-0.4785,0.382,0.9378,1.1966,1.2974,1.4317,1.1888,1.0414,0.9206,0.8094,0.8056,0.6404,0.7128,0.7869,0.7811,0.7147,0.6547,0.6514,0.7154,0.8251,0.9467,1.0223,1.0199,0.9752,0.9255,0.8824,0.8465,0.817,0.7933,0.7756,0.7636,0.7571,0.4401,0.309,0.1355,0.0111,0.1963,0.6379,1.0076,1.6048,0.9061,1.0849,1.1219,1.1631,1.0515,0.9392,1.1003,1.0541,1.0231,0.9179,0.9007,0.8752,0.848,0.8491,0.895,1.0045,1.1734,1.2706,1.1957,1.0743,0.9788,0.9089,0.8551,0.8126,0.7798,0.7566,0.7425,0.7363,0.5351,0.4693,0.4148,0.425,0.5563,0.7575,0.8789,0.6994,0.7675,1.0163,1.1276,1.3683,1.366,0.4497,1.0549,1.4738,1.2975,1.0355,0.9725,0.9776,0.9763,0.9814,1.0141,1.1202,1.3441,1.483,1.3215,1.1319,1.0037,0.9139,0.8445,0.7889,0.7469,0.7194,0.7056,0.7031,0.6281,0.6042,0.6003,0.6362,0.7188,0.8177,0.8787,0.8892,0.9532,1.0708,1.1444,1.1419,0.8998,0.4459,1.0891,1.5534,1.079,1.1189,1.0882,1.0792,1.0766,1.0741,1.0849,1.1467,1.2911,1.3851,1.2686,1.1102,0.9879,0.8908,0.8076,0.7371,0.6848,0.655,0.6467,0.6538,0.7062,0.7038,0.7175,0.7532,0.8089,0.8709,0.9242,0.9733,1.045,1.1532,1.2968,1.146,1.0706,0.9489,1.0951,1.1856,1.086,1.1591,1.1888,1.1679,1.1179,1.1183,1.1282,1.1421,1.1756,1.189,1.1329,1.039,0.9403,0.8403,0.7385,0.6446,0.5777,0.5505,0.558,0.5855,0.768,0.7757,0.7947,0.8264,0.8688,0.9163,0.965,1.0179,1.0844,1.1749,1.2813,1.2204,1.3167,1.3858,1.207,1.199,1.222,1.3033,1.3695,1.2902,1.1378,1.1483,1.1716,1.1535,1.1255,1.0908,1.0405,0.9711,0.882,0.7695,0.6319,0.4917,0.3999,0.3875,0.433,0.4986,0.8162,0.8284,0.8484,0.8766,0.9116,0.9512,0.9941,1.041,1.0938,1.1505,1.1968,1.2349,1.3817,1.421,1.2745,1.2648,1.3255,1.5109,1.6664,1.5264,1.3686,1.2893,1.2456,1.182,1.1087,1.05,1.0005,0.9264,0.8268,0.6896,0.4889,0.2553,0.1196,0.1547,0.2776,0.4035,0.8538,0.8679,0.8875,0.9128,0.943,0.9769,1.0138,1.0533,1.0947,1.1357,1.1737,1.2156,1.2684,1.2877,1.2894,1.3006,1.3793,1.5845,1.7444,1.8547,1.6549,1.4717,1.35,1.224,1.096,1.0488,1.0328,0.8945,0.7694,0.6196,0.3462,-0.035,-0.2321,-0.0982,0.1359,0.328,0.8835,0.8982,0.9169,0.9398,0.9664,0.9958,1.0276,1.061,1.0951,1.129,1.1622,1.1964,1.2306,1.2606,1.2899,1.3122,1.4142,1.6639,2.1824,2.4149,1.9023,1.6529,1.5009,1.3014,1.0759,1.0111,1.0069,0.7472,0.6774,0.5883,0.3115,-0.1478,-0.3798,-0.189,0.0937,0.3089,0.9073,0.9218,0.9396,0.9604,0.9841,1.01,1.0377,1.0667,1.0962,1.1259,1.1558,1.1865,1.2183,1.252,1.2889,1.3385,1.445,1.6578,1.9803,2.0986,1.936,1.8962,1.814,1.4949,1.0606,0.6311,0.1503,0.2741,0.5725,0.6341,0.4518,0.1061,-0.0972,-0.0039,0.1916,0.3607,0.9264,0.9406,0.9573,0.9764,0.9977,1.0209,1.0455,1.0712,1.0977,1.1247,1.1524,1.1815,1.2129,1.2481,1.2905,1.3495,1.4439,1.587,1.7528,1.8774,2.0497,2.4409,2.5293,1.9043,1.1563,0.4067,-0.3131,0.0805,0.697,0.8201,0.6835,0.4554,0.2944,0.2832,0.3619,0.4579,0.942,0.9557,0.9714,0.989,1.0084,1.0294,1.0516,1.0749,1.0991,1.1242,1.1504,1.1784,1.2094,1.245,1.2886,1.3463,1.4262,1.5324,1.6628,1.8407,2.2024,2.8968,3.1075,2.2394,1.3584,0.7143,0.3801,0.6835,1.1694,1.1091,0.8947,0.701,0.5666,0.5134,0.5235,0.5635,0.9548,0.9678,0.9826,0.999,1.0169,1.036,1.0564,1.0778,1.1002,1.1237,1.1486,1.1756,1.2056,1.2404,1.2824,1.3354,1.4039,1.4923,1.6097,1.7875,2.0946,2.5137,2.59,2.0685,1.4523,1.0151,0.8415,0.9954,1.2391,1.1709,0.9856,0.8312,0.7237,0.6648,0.647,0.6553]},{"header":{"la1":42.85,"la2":41.18,"lo1":11.55,"lo2":14.05,"nx":36,"ny":24,"dx":0.07143,"dy":0.07261,"parameterCategory":2,"parameterNumber":3,"parameterNumberName":"northward_wind","parameterUnit":"m.s-1"},"data":[0.8956,0.9135,0.9333,0.9546,0.9768,0.9982,1.0165,1.0288,1.0331,1.0291,1.0186,1.0042,0.9885,0.9728,0.9581,0.9447,0.9328,0.9227,0.9147,0.9082,0.902,0.8933,0.8793,0.8588,0.8328,0.8034,0.7728,0.7425,0.7134,0.6857,0.6595,0.6351,0.6123,0.5911,0.5716,0.5537,0.9005,0.921,0.9446,0.9714,1.001,1.0315,1.0589,1.0779,1.0839,1.0764,1.059,1.0372,1.0153,0.9952,0.9774,0.9618,0.9485,0.9382,0.9317,0.9292,0.9288,0.9254,0.9125,0.8877,0.8541,0.8168,0.7795,0.7439,0.7106,0.6798,0.6512,0.6248,0.6004,0.5779,0.5573,0.5386,0.9032,0.9262,0.9538,0.9871,1.0267,1.0714,1.1152,1.1473,1.1567,1.1414,1.1104,1.0759,1.0449,1.0192,0.9978,0.9795,0.9643,0.9533,0.9487,0.9524,0.964,0.9733,0.9631,0.9285,0.8805,0.8308,0.7844,0.7426,0.705,0.6709,0.64,0.6116,0.5857,0.562,0.5405,0.5211,0.9031,0.9281,0.9591,0.9988,1.0512,1.1179,1.1924,1.253,1.2702,1.2363,1.1767,1.1197,1.0762,1.0446,1.0199,0.9986,0.9802,0.9671,0.9633,0.975,1.0101,1.0516,1.0457,0.9849,0.9093,0.8414,0.7846,0.7366,0.695,0.6583,0.6252,0.5952,0.5678,0.5431,0.5207,0.5007,0.8998,0.9261,0.9588,1.0029,1.0678,1.1653,1.2969,1.4253,1.4639,1.3808,1.2587,1.1647,1.1068,1.0715,1.0455,1.021,0.9971,0.9791,0.9732,0.9874,1.0579,1.1783,1.1709,1.0455,0.9277,0.841,0.7758,0.7237,0.6796,0.6409,0.6062,0.5748,0.5463,0.5205,0.4974,0.4769,0.8937,0.921,0.9537,0.9961,1.0654,1.1937,1.4153,1.7002,1.8035,1.5856,1.3396,1.1988,1.1327,1.1013,1.0792,1.0519,1.0178,0.9897,0.983,0.9826,1.0481,1.2546,1.2356,1.0487,0.9107,0.82,0.7545,0.7022,0.6577,0.6182,0.5826,0.5501,0.5206,0.4939,0.4702,0.4494,0.885,0.9161,0.9512,0.9849,1.0362,1.1659,1.4546,1.9441,2.1701,1.7272,1.3594,1.2035,1.1512,1.1389,1.131,1.1033,1.0508,0.9992,0.9996,0.9867,0.9276,1.0149,1.033,0.9363,0.8458,0.7764,0.7203,0.6723,0.6294,0.5902,0.5541,0.5207,0.4902,0.4627,0.4385,0.4175,0.8717,0.9129,0.9692,1.0031,0.998,1.0675,1.2908,1.6666,1.8332,1.5174,1.2648,1.1739,1.166,1.1941,1.2219,1.2026,1.1187,1.0162,0.9569,0.8706,0.664,0.6534,0.7561,0.7837,0.7601,0.7205,0.6779,0.6361,0.5958,0.5572,0.5206,0.4862,0.4545,0.4261,0.4014,0.3804,0.8462,0.8942,0.9968,1.087,0.9695,0.9353,1.0344,1.1748,1.229,1.1699,1.1238,1.1318,1.1837,1.2753,1.3934,1.412,1.2522,1.064,0.9023,0.6675,0.2804,0.3417,0.584,0.6769,0.6877,0.6663,0.6335,0.5967,0.5584,0.5199,0.4821,0.446,0.4128,0.3832,0.3579,0.3372,0.8016,0.8216,0.8751,0.9139,0.7833,0.7707,0.818,0.8761,0.9252,0.9588,1.0168,1.0995,1.2019,1.3559,1.6799,1.8463,1.4251,1.1206,0.9137,0.6817,0.4083,0.4201,0.5673,0.6319,0.6389,0.6206,0.5916,0.5571,0.5191,0.4789,0.4384,0.3994,0.3636,0.3324,0.3066,0.2865,0.7493,0.719,0.6315,0.417,0.4405,0.5999,0.6261,0.6635,0.8279,0.8984,0.9571,1.086,1.2175,1.36,1.6536,1.8637,1.4046,1.1102,0.933,0.7848,0.6519,0.6024,0.6127,0.6176,0.6057,0.5839,0.5556,0.5205,0.4795,0.4347,0.3888,0.3448,0.305,0.2715,0.2452,0.2264,0.7117,0.6615,0.5576,0.4042,0.423,0.5049,0.4085,0.3051,0.5851,0.8197,0.9347,1.0896,1.2415,1.3739,1.4354,1.3987,1.23,1.0048,0.886,0.8172,0.7326,0.6671,0.6279,0.6011,0.5796,0.5595,0.5316,0.491,0.4411,0.3865,0.3313,0.2792,0.2335,0.1969,0.1706,0.1544,0.6955,0.6542,0.5931,0.5333,0.5153,0.4643,0.2622,-0.0676,0.2493,0.6776,0.935,1.0893,1.2085,1.4545,1.4911,1.3483,1.1929,0.819,0.7701,0.7984,0.7267,0.656,0.6057,0.5752,0.5663,0.5638,0.5306,0.4709,0.4022,0.3313,0.2616,0.1974,0.1433,0.1031,0.0781,0.0671,0.693,0.6651,0.6307,0.5969,0.5616,0.4898,0.3475,0.2096,0.3461,0.7166,0.9628,1.0876,1.1158,1.1289,1.33,1.543,1.3623,0.9809,0.8319,0.7646,0.6691,0.5989,0.5576,0.5429,0.57,0.6004,0.5424,0.4482,0.3544,0.2623,0.1727,0.091,0.0252,-0.0185,-0.039,-0.0398,0.6958,0.6778,0.6569,0.6343,0.6063,0.5643,0.512,0.5018,0.6293,0.8535,1.017,1.0836,1.0831,1.017,1.2731,1.5906,1.3227,1.0837,0.8363,0.667,0.552,0.5041,0.4887,0.4919,0.5295,0.5585,0.4971,0.3946,0.2857,0.1713,0.0545,-0.0534,-0.1357,-0.1811,-0.1898,-0.1713,0.6997,0.6887,0.6767,0.6641,0.6512,0.6401,0.6422,0.6855,0.798,0.9691,1.1426,1.1665,1.1031,1.0487,1.1055,1.1917,1.1732,0.9174,0.6522,0.4936,0.4164,0.4109,0.4113,0.4173,0.4358,0.4407,0.3982,0.313,0.1969,0.0547,-0.1045,-0.2564,-0.3644,-0.4051,-0.3857,-0.3311,0.7028,0.6969,0.6913,0.6871,0.6862,0.6928,0.7154,0.7663,0.8549,0.9805,1.1118,1.09,1.0148,0.9676,0.8696,0.8122,0.73,0.4854,0.2599,0.276,0.3713,0.3597,0.3302,0.3345,0.3553,0.3673,0.3389,0.2517,0.1095,-0.0821,-0.3158,-0.5499,-0.7,-0.7164,-0.6346,-0.5165,0.704,0.7017,0.7004,0.7015,0.707,0.72,0.7451,0.7866,0.8452,0.9126,0.9595,0.9473,0.9214,0.8488,0.4246,0.1936,0.2346,-0.0252,-0.3178,-0.0798,0.1102,0.1869,0.2086,0.2467,0.3197,0.4086,0.4078,0.2627,0.0464,-0.2262,-0.5813,-0.9676,-1.1853,-1.1265,-0.9226,-0.7087,0.7029,0.7026,0.7037,0.7072,0.7145,0.7273,0.7473,0.7748,0.8069,0.8345,0.8403,0.805,0.7072,0.4014,-0.5246,-0.907,-0.1863,-0.2048,-0.4097,-0.5306,-0.2705,-0.0604,0.0438,0.1444,0.3243,0.6229,0.683,0.3348,-0.0066,-0.3595,-0.8479,-1.4516,-1.7539,-1.5463,-1.1767,-0.863,0.6992,0.6998,0.7017,0.7054,0.7117,0.721,0.7336,0.7478,0.7597,0.7614,0.74,0.676,0.5285,0.1876,-0.4741,-0.7011,-0.2831,-0.344,-0.9693,-1.2715,-0.5975,-0.2953,-0.1652,-0.0157,0.2319,0.636,0.724,0.2319,-0.1219,-0.4683,-0.9666,-1.646,-1.9802,-1.6987,-1.2683,-0.9248,0.6932,0.6938,0.6953,0.6978,0.7016,0.7065,0.7116,0.7149,0.7125,0.6976,0.6605,0.5859,0.4499,0.2251,-0.0495,-0.1784,-0.1759,-0.3305,-0.7069,-0.8508,-0.6197,-0.5503,-0.503,-0.2948,-0.0382,0.1022,-0.0257,-0.1207,-0.3334,-0.5913,-0.9073,-1.3449,-1.5983,-1.4535,-1.1537,-0.8793,0.6851,0.6852,0.6855,0.6862,0.687,0.6874,0.6862,0.6813,0.6693,0.6451,0.6018,0.5309,0.4239,0.2815,0.1321,0.019,-0.0749,-0.2178,-0.4046,-0.5388,-0.6901,-1.0441,-1.1452,-0.703,-0.3118,-0.1813,-0.2033,-0.312,-0.6998,-0.8559,-0.8936,-1.0239,-1.1389,-1.0993,-0.9474,-0.7701,0.6756,0.6746,0.6735,0.6722,0.6701,0.6665,0.6604,0.6496,0.6317,0.603,0.5592,0.4964,0.4124,0.311,0.2041,0.1017,-0.0037,-0.1296,-0.28,-0.47,-0.8183,-1.4445,-1.6296,-0.989,-0.4999,-0.3367,-0.3794,-0.7613,-1.3932,-1.278,-0.9961,-0.8946,-0.8818,-0.8469,-0.7625,-0.6509,0.6649,0.6628,0.6602,0.6568,0.6521,0.6454,0.6355,0.621,0.5997,0.5694,0.5275,0.4722,0.4032,0.3229,0.2356,0.1437,0.0437,-0.0723,-0.2151,-0.4127,-0.7236,-1.1205,-1.2153,-0.8702,-0.5542,-0.4561,-0.5791,-1.0024,-1.4864,-1.3481,-1.02,-0.8338,-0.7497,-0.6927,-0.6266,-0.5475]}]