docs/data/wind_grid.json
[{"header":{"la1":42.85,"la2":41.18,"lo1":11.55,"lo2":14.05,"nx":36,"ny":24,"dx":0.07143,"dy":0.07261,"parameterCategory":2,"parameterNumber":2,"parameterNumberName":"eastward_wind","parameterUnit":"m.s-1"},"data":[0.5687,0.5758,0.5841,0.5929,0.6015,0.6083,0.6114,0.6088,0.5987,0.5802,0.5533,0.5189,0.4779,0.4314,0.3805,0.3275,0.2758,0.2311,0.1994,0.1854,0.1902,0.2107,0.2415,0.2771,0.3133,0.3474,0.3781,0.4049,0.4278,0.4472,0.4634,0.4768,0.488,0.4972,0.5048,0.5111,0.5676,0.5768,0.5882,0.6013,0.6153,0.6282,0.637,0.6384,0.6292,0.608,0.5752,0.5326,0.4816,0.4231,0.3574,0.2863,0.214,0.1492,0.1035,0.0864,0.0995,0.1359,0.1848,0.2371,0.2867,0.331,0.3689,0.4007,0.4269,0.4484,0.4658,0.4799,0.4913,0.5005,0.508,0.514,0.5637,0.5749,0.5899,0.6086,0.6301,0.6523,0.671,0.6799,0.673,0.6477,0.6061,0.5524,0.489,0.416,0.332,0.2361,0.132,0.0328,-0.0381,-0.0591,-0.028,0.0381,0.1171,0.1938,0.2612,0.3175,0.3633,0.4,0.4292,0.4523,0.4706,0.4849,0.4962,0.5051,0.5121,0.5176,0.5557,0.5684,0.587,0.6122,0.644,0.6804,0.716,0.7395,0.7376,0.7046,0.6482,0.5787,0.5004,0.4115,0.3066,0.1786,0.0253,-0.1365,-0.2574,-0.2829,-0.2101,-0.0868,0.0411,0.1519,0.2408,0.3101,0.3635,0.4044,0.4357,0.4597,0.478,0.492,0.5027,0.5108,0.517,0.5218,0.5418,0.5548,0.5761,0.6081,0.6526,0.7093,0.7733,0.8267,0.8358,0.7853,0.7014,0.6097,0.5148,0.4107,0.2859,0.1222,-0.1017,-0.3793,-0.6094,-0.6358,-0.4633,-0.2323,-0.0315,0.1208,0.232,0.3128,0.3719,0.4153,0.4473,0.471,0.4884,0.5013,0.5107,0.5176,0.5227,0.5265,0.5201,0.5305,0.552,0.5895,0.6472,0.7285,0.8346,0.9455,0.9795,0.8874,0.7568,0.6393,0.5294,0.4134,0.2754,0.0858,-0.2136,-0.6767,-1.1378,-1.1467,-0.7575,-0.359,-0.0745,0.1151,0.2424,0.3297,0.3907,0.4339,0.4646,0.4864,0.5018,0.5126,0.5201,0.5253,0.5289,0.5313,0.4888,0.4915,0.5077,0.5462,0.6146,0.7177,0.8611,1.0366,1.1057,0.9575,0.7901,0.6598,0.5407,0.4153,0.2729,0.0879,-0.2264,-0.8252,-1.5618,-1.5338,-0.9007,-0.3772,-0.0513,0.1494,0.278,0.3632,0.4211,0.4606,0.4876,0.5059,0.518,0.5258,0.5306,0.5335,0.5351,0.536,0.4471,0.4336,0.4333,0.4634,0.539,0.6583,0.8069,0.9604,1.0159,0.9168,0.7927,0.6745,0.5495,0.4064,0.2511,0.1013,-0.1059,-0.5373,-1.1106,-1.124,-0.6436,-0.22,0.054,0.2269,0.339,0.4132,0.4625,0.495,0.5159,0.5288,0.5363,0.5401,0.5416,0.5417,0.541,0.5401,0.3974,0.3554,0.3172,0.3169,0.3994,0.5535,0.7158,0.8447,0.9119,0.901,0.8191,0.703,0.5665,0.3788,0.1376,0.0023,-0.0005,-0.1092,-0.3124,-0.3501,-0.1742,0.0407,0.2117,0.334,0.4188,0.4761,0.5131,0.5357,0.5483,0.5543,0.5559,0.5548,0.5522,0.549,0.5458,0.5429,0.3492,0.2679,0.1588,0.0735,0.1608,0.4171,0.6503,0.8371,1.0242,1.0774,0.917,0.7559,0.6172,0.3818,-0.1473,-0.4143,-0.0165,0.1579,0.1624,0.1544,0.2011,0.2851,0.3733,0.4491,0.5073,0.5469,0.5701,0.5808,0.5834,0.5809,0.5755,0.5687,0.5614,0.5545,0.5485,0.5437,0.3194,0.2069,0.0221,-0.205,-0.1352,0.3025,0.6128,0.8391,1.27,1.4762,1.0224,0.8063,0.7237,0.5901,0.0246,-0.3876,0.1335,0.3825,0.4494,0.4447,0.4436,0.4687,0.5108,0.5567,0.5963,0.6217,0.6309,0.6282,0.619,0.6068,0.5935,0.5801,0.5676,0.5567,0.548,0.5414,0.3226,0.2155,0.0432,-0.1615,-0.0795,0.338,0.6001,0.7195,0.9675,1.1879,0.9276,0.8211,0.8434,0.9153,0.8252,0.4918,0.5027,0.6587,0.7032,0.6385,0.6008,0.6003,0.62,0.6498,0.6805,0.6974,0.6927,0.6747,0.6526,0.6299,0.6078,0.5871,0.5689,0.5539,0.5425,0.5347,0.3552,0.2842,0.1957,0.139,0.233,0.4415,0.5802,0.7706,0.5509,0.7421,0.7778,0.8298,0.894,1.0981,1.1413,0.7507,0.6779,0.9119,0.9206,0.7544,0.7048,0.7011,0.7081,0.7247,0.7522,0.767,0.7487,0.7152,0.6808,0.6476,0.616,0.5871,0.5625,0.5434,0.5301,0.522,0.3993,0.3634,0.334,0.3376,0.3983,0.484,0.5198,0.4242,0.4668,0.6022,0.6755,0.857,0.9271,0.893,0.838,0.6626,0.5822,0.7679,0.8296,0.781,0.7928,0.8029,0.7899,0.7793,0.7915,0.8044,0.7815,0.7423,0.7005,0.6576,0.6152,0.5765,0.5446,0.5217,0.5078,0.5015,0.44,0.4249,0.4192,0.4319,0.4645,0.5,0.5138,0.5037,0.5088,0.5053,0.4875,0.5505,0.656,0.6226,0.6641,0.4372,0.1892,0.5153,0.7069,0.8272,0.9472,0.9583,0.8863,0.828,0.8048,0.8012,0.7885,0.7578,0.7128,0.6587,0.6019,0.5497,0.5089,0.4833,0.472,0.471,0.4719,0.4664,0.4676,0.4776,0.4943,0.5097,0.515,0.5067,0.4767,0.3846,0.1962,0.1736,0.3455,0.5419,0.5583,0.4336,0.2947,0.5157,0.7128,0.942,1.2523,1.1931,0.9892,0.8842,0.8433,0.8288,0.8159,0.7831,0.7252,0.6508,0.5708,0.498,0.4457,0.4206,0.4182,0.429,0.4954,0.4938,0.4961,0.5023,0.5102,0.5156,0.5133,0.4972,0.4546,0.3594,0.2169,0.2523,0.2974,0.3197,0.4908,0.5323,0.5462,0.625,0.725,0.9392,1.2947,1.2253,1.0182,0.927,0.9088,0.9177,0.9054,0.8438,0.7463,0.6332,0.5149,0.4079,0.3402,0.3241,0.3436,0.3761,0.5126,0.5124,0.5142,0.5174,0.5205,0.5207,0.5145,0.4975,0.4641,0.4124,0.3658,0.3591,0.3182,0.3275,0.521,0.6047,0.6363,0.6613,0.6351,0.818,1.0001,1.031,0.9765,0.9537,1.0017,1.0999,1.1056,0.9566,0.7737,0.603,0.4295,0.2662,0.178,0.1908,0.2533,0.319,0.5256,0.5257,0.5268,0.5283,0.5289,0.527,0.5205,0.5073,0.4867,0.4618,0.4429,0.4374,0.4428,0.5025,0.6453,0.6905,0.6847,0.7161,0.7373,0.9152,0.9492,0.9579,0.9547,0.9751,1.1016,1.4047,1.467,1.0776,0.7703,0.5564,0.3338,0.0961,-0.0144,0.0527,0.1728,0.2732,0.5358,0.536,0.5367,0.5372,0.5369,0.5348,0.5298,0.5215,0.5104,0.4996,0.494,0.499,0.5215,0.5761,0.6566,0.6884,0.7172,0.8184,1.0525,1.1565,1.0089,0.9786,0.9755,0.9771,1.0696,1.4189,1.5017,0.9268,0.6574,0.4947,0.2893,0.0286,-0.0909,0.0036,0.1462,0.2579,0.5442,0.5445,0.545,0.5453,0.545,0.5436,0.5408,0.5366,0.532,0.5293,0.5314,0.5421,0.5653,0.6032,0.6476,0.6867,0.7422,0.8444,0.9909,1.0531,1.0319,1.0684,1.0745,0.9901,0.8803,0.7185,0.3051,0.3353,0.4487,0.4271,0.3175,0.1439,0.0449,0.0914,0.1906,0.2793,0.5515,0.552,0.5525,0.553,0.5532,0.5528,0.552,0.551,0.5508,0.5529,0.5593,0.5721,0.5932,0.6225,0.6577,0.6989,0.7544,0.8312,0.9182,0.9937,1.1039,1.3018,1.3511,1.1038,0.7808,0.3521,-0.146,0.0754,0.3283,0.3721,0.3522,0.2807,0.2212,0.2244,0.2696,0.3234,0.5579,0.5586,0.5594,0.5603,0.5611,0.5619,0.5628,0.5642,0.5668,0.5718,0.5804,0.5939,0.6133,0.6388,0.6704,0.7092,0.7587,0.8209,0.8959,0.9968,1.182,1.4935,1.5816,1.2196,0.8149,0.4609,0.228,0.2666,0.3125,0.3337,0.3633,0.354,0.3307,0.3255,0.3427,0.3713,0.5637,0.5647,0.5659,0.5672,0.5687,0.5704,0.5726,0.5757,0.5802,0.5869,0.5966,0.6102,0.6284,0.6516,0.6803,0.7155,0.759,0.8129,0.8818,0.98,1.1348,1.3283,1.3629,1.1317,0.8342,0.5862,0.4273,0.3565,0.3143,0.3331,0.3753,0.3918,0.3904,0.3897,0.3976,0.4129]},{"header":{"la1":42.85,"la2":41.18,"lo1":11.55,"lo2":14.05,"nx":36,"ny":24,"dx":0.07143,"dy":0.07261,"parameterCategory":2,"parameterNumber":3,"parameterNumberName":"northward_wind","parameterUnit":"m.s-1"},"data":[1.0558,1.0663,1.0772,1.0884,1.0992,1.1088,1.116,1.1196,1.1187,1.1137,1.1056,1.0962,1.0873,1.0801,1.0753,1.0728,1.0715,1.0692,1.0631,1.051,1.0319,1.0066,0.9769,0.9452,0.9132,0.8825,0.8536,0.8271,0.803,0.7814,0.7622,0.7451,0.7299,0.7166,0.7049,0.6946,1.0634,1.0757,1.089,1.1033,1.118,1.1318,1.1431,1.1492,1.1486,1.1411,1.1291,1.1157,1.1039,1.0957,1.0921,1.0934,1.0978,1.1021,1.101,1.0899,1.0671,1.0347,0.9966,0.9568,0.918,0.8817,0.8486,0.819,0.7927,0.7696,0.7493,0.7316,0.7162,0.7028,0.6911,0.6811,1.0699,1.084,1.1,1.1181,1.138,1.1586,1.1768,1.1881,1.1881,1.1763,1.157,1.1367,1.1201,1.1101,1.1083,1.1154,1.13,1.1468,1.1557,1.1467,1.1168,1.0718,1.0203,0.9688,0.921,0.8781,0.8404,0.8075,0.7792,0.7547,0.7337,0.7157,0.7003,0.687,0.6757,0.666,1.0747,1.0903,1.1089,1.1314,1.1583,1.189,1.22,1.2422,1.2444,1.2237,1.1906,1.1584,1.1345,1.1216,1.1219,1.1375,1.1692,1.2103,1.2403,1.2347,1.1888,1.1199,1.0467,0.9791,0.9202,0.87,0.8275,0.7917,0.7616,0.7363,0.715,0.6971,0.682,0.6692,0.6584,0.6494,1.0769,1.0935,1.1142,1.1408,1.1756,1.2205,1.2739,1.3209,1.3303,1.2899,1.2298,1.1789,1.145,1.1281,1.1297,1.1553,1.2131,1.3006,1.3772,1.3758,1.2909,1.1767,1.0708,0.9831,0.9122,0.8549,0.8083,0.7704,0.7393,0.7138,0.6928,0.6755,0.6611,0.6492,0.6393,0.6311,1.0761,1.0924,1.1137,1.1428,1.1843,1.2448,1.3312,1.4298,1.461,1.3753,1.267,1.1927,1.149,1.1273,1.1274,1.1599,1.2474,1.4113,1.5864,1.584,1.4114,1.2252,1.0807,0.9736,0.8928,0.8302,0.781,0.7422,0.7113,0.6866,0.6668,0.6507,0.6376,0.627,0.6183,0.6112,1.0716,1.0859,1.1053,1.1337,1.1774,1.2458,1.3562,1.5148,1.5829,1.4312,1.2785,1.1926,1.145,1.1181,1.1113,1.1392,1.2372,1.463,1.7571,1.7441,1.4686,1.2256,1.059,0.9429,0.8578,0.7933,0.7439,0.706,0.6768,0.6543,0.6367,0.6227,0.6115,0.6026,0.5954,0.5898,1.0636,1.0733,1.087,1.1104,1.1509,1.2142,1.3074,1.4302,1.4776,1.3597,1.2452,1.1787,1.1363,1.1028,1.0795,1.087,1.1581,1.334,1.5679,1.5685,1.3514,1.1457,0.9963,0.8873,0.8051,0.7425,0.6955,0.6608,0.6355,0.6168,0.6026,0.5916,0.583,0.5761,0.5708,0.5669,1.0527,1.0549,1.0571,1.0687,1.1048,1.1651,1.2297,1.278,1.282,1.2414,1.1985,1.1648,1.1326,1.0875,1.0277,1.0031,1.0478,1.1334,1.2245,1.2306,1.136,1.0143,0.9038,0.8108,0.735,0.6765,0.6343,0.6058,0.587,0.5742,0.565,0.5579,0.5523,0.548,0.5448,0.5426,1.0414,1.0336,1.0161,1.0011,1.0342,1.1205,1.1916,1.2143,1.1937,1.1736,1.1708,1.1643,1.1486,1.094,0.9462,0.8691,0.9614,1.0006,1.0117,1.0006,0.9553,0.8841,0.8021,0.7204,0.648,0.593,0.5583,0.5401,0.5316,0.5274,0.5246,0.5222,0.52,0.5184,0.5174,0.5173,1.0333,1.0182,0.9805,0.9231,0.9471,1.099,1.2148,1.2391,1.1624,1.1274,1.1608,1.1781,1.1951,1.1799,1.0086,0.8745,0.9491,0.9137,0.8722,0.8549,0.8277,0.7757,0.7034,0.6201,0.5412,0.4862,0.4635,0.4632,0.4708,0.4781,0.483,0.4855,0.4869,0.4879,0.4891,0.491,1.0314,1.0186,0.9857,0.936,0.9676,1.1379,1.3127,1.4215,1.2478,1.1583,1.1677,1.1938,1.2513,1.3071,1.3229,1.1191,0.9603,0.7715,0.7041,0.7371,0.7332,0.6871,0.611,0.5106,0.4062,0.344,0.3452,0.3773,0.4086,0.4297,0.4422,0.4493,0.4536,0.4569,0.4602,0.464,1.0341,1.0312,1.0228,1.0217,1.071,1.1894,1.3605,1.8263,1.2274,1.1793,1.1652,1.1814,1.2536,1.4555,1.5462,1.205,0.9365,0.525,0.4998,0.653,0.661,0.6107,0.5278,0.4003,0.2408,0.1586,0.2105,0.2948,0.3535,0.3867,0.4046,0.4144,0.4206,0.4256,0.4307,0.4365,1.0365,1.0424,1.0506,1.0697,1.1121,1.1769,1.2289,1.1166,1.1072,1.1452,1.1422,1.1441,1.1709,1.3767,1.3154,1.1871,1.0327,0.7124,0.6088,0.6358,0.5917,0.533,0.46,0.3259,0.115,0.0075,0.1187,0.2448,0.317,0.3533,0.3715,0.3815,0.3881,0.3942,0.4009,0.4086,1.0352,1.0453,1.0587,1.0789,1.1076,1.1394,1.1563,1.1406,1.1233,1.1129,1.1052,1.1127,1.1959,1.3037,1.2167,1.2186,1.3372,0.9814,0.7302,0.587,0.4725,0.4292,0.4057,0.3205,0.1661,0.0799,0.1556,0.249,0.3026,0.3291,0.3423,0.35,0.3562,0.3629,0.3711,0.3808,1.0293,1.0401,1.0531,1.069,1.0871,1.1034,1.1109,1.1061,1.0944,1.0851,1.0912,1.0203,1.0457,1.1084,1.0916,1.1354,1.2135,0.9157,0.6458,0.4563,0.2755,0.2954,0.3569,0.337,0.2741,0.2336,0.2482,0.2787,0.2985,0.3085,0.3144,0.3193,0.3249,0.3323,0.3419,0.3537,1.0196,1.0293,1.04,1.0514,1.0625,1.0709,1.0738,1.0701,1.0629,1.0601,1.0718,1.0152,0.8465,0.7699,0.9164,0.9262,0.8453,0.5996,0.3861,0.3445,0.2398,0.2676,0.3322,0.3359,0.3191,0.3097,0.3071,0.3,0.2903,0.2849,0.2856,0.2903,0.2967,0.3047,0.3153,0.3285,1.0072,1.0151,1.0231,1.0308,1.0373,1.0412,1.0412,1.0372,1.0302,1.0218,1.0042,0.941,0.779,0.7302,0.8047,0.7718,0.6361,0.2394,-0.1007,0.2215,0.3147,0.3165,0.3182,0.3149,0.3273,0.3599,0.3631,0.3162,0.2718,0.2532,0.2562,0.2688,0.2788,0.2852,0.2939,0.3069,0.9931,0.999,1.0046,1.0093,1.0125,1.0134,1.0111,1.0055,0.9963,0.9819,0.9561,0.9077,0.8407,0.7924,0.7364,0.7085,0.5945,0.2786,0.0884,0.3352,0.3513,0.3039,0.2652,0.2615,0.3204,0.457,0.486,0.33,0.2305,0.206,0.2267,0.264,0.2816,0.2791,0.2798,0.2895,0.9779,0.982,0.9854,0.9877,0.9884,0.9868,0.9825,0.9749,0.9633,0.9461,0.92,0.8823,0.8353,0.7823,0.7272,0.697,0.6001,0.4591,0.5076,0.5763,0.3737,0.2112,0.1273,0.1411,0.2426,0.4463,0.4913,0.23,0.1307,0.1277,0.183,0.2601,0.2899,0.2764,0.2681,0.2745,0.9622,0.9646,0.9661,0.9664,0.9649,0.9614,0.9552,0.9458,0.9323,0.9137,0.8882,0.8548,0.8139,0.7669,0.7186,0.6665,0.5847,0.4962,0.4747,0.4437,0.2191,-0.0737,-0.1986,-0.0986,0.0435,0.0772,-0.0807,-0.0751,-0.0361,-0.0002,0.0897,0.197,0.2489,0.2503,0.2488,0.2582,0.9464,0.9472,0.9471,0.9456,0.9423,0.937,0.9292,0.9182,0.9033,0.8838,0.8586,0.8271,0.7891,0.7451,0.6953,0.6355,0.5585,0.4705,0.378,0.222,-0.1388,-0.6936,-0.8605,-0.4728,-0.1647,-0.1378,-0.2811,-0.2289,-0.2307,-0.1961,-0.061,0.0781,0.1628,0.1994,0.2196,0.2394,0.9306,0.9301,0.9285,0.9254,0.9207,0.9139,0.9046,0.8922,0.8763,0.8561,0.8309,0.8,0.7631,0.7197,0.6683,0.6055,0.5267,0.4271,0.289,0.0502,-0.4215,-1.1466,-1.34,-0.7356,-0.2945,-0.1782,-0.2144,-0.31,-0.5102,-0.4324,-0.2113,-0.0315,0.0824,0.1481,0.1894,0.221,0.9151,0.9134,0.9105,0.9061,0.9001,0.892,0.8814,0.868,0.8512,0.8304,0.805,0.7744,0.7378,0.6943,0.6421,0.5781,0.4974,0.3915,0.2407,0.0031,-0.3753,-0.8246,-0.9363,-0.6071,-0.3019,-0.1885,-0.2139,-0.359,-0.5457,-0.4697,-0.2586,-0.0828,0.0367,0.1145,0.1675,0.2073]}]