docs/data/wind_grid.json
[{"header":{"la1":42.85,"la2":41.18,"lo1":11.55,"lo2":14.05,"nx":36,"ny":24,"dx":0.07143,"dy":0.07261,"parameterCategory":2,"parameterNumber":2,"parameterNumberName":"eastward_wind","parameterUnit":"m.s-1"},"data":[0.215,0.2126,0.2093,0.2048,0.1989,0.1914,0.1822,0.1709,0.1572,0.1402,0.1192,0.0935,0.0628,0.0273,-0.0124,-0.055,-0.0983,-0.1398,-0.1765,-0.2058,-0.2261,-0.2357,-0.2342,-0.2226,-0.2036,-0.1808,-0.1574,-0.1351,-0.1149,-0.0971,-0.0815,-0.068,-0.0562,-0.046,-0.0371,-0.0291,0.22,0.2184,0.2158,0.2117,0.206,0.1985,0.1892,0.178,0.1645,0.1475,0.1255,0.0973,0.0624,0.0208,-0.027,-0.0796,-0.1343,-0.1872,-0.2334,-0.2696,-0.2939,-0.3045,-0.2992,-0.2788,-0.2487,-0.2155,-0.1835,-0.1549,-0.1301,-0.1091,-0.0914,-0.0764,-0.0636,-0.0527,-0.0433,-0.035,0.2252,0.2248,0.2231,0.2196,0.2137,0.2057,0.1959,0.1846,0.1718,0.1558,0.1338,0.1036,0.0642,0.0155,-0.0421,-0.1077,-0.1783,-0.2477,-0.3069,-0.3501,-0.3789,-0.3924,-0.382,-0.3468,-0.299,-0.251,-0.2084,-0.1728,-0.1435,-0.1196,-0.1,-0.0838,-0.0704,-0.059,-0.0492,-0.0407,0.2306,0.2322,0.2321,0.2291,0.2225,0.2128,0.2008,0.1883,0.1768,0.164,0.1442,0.1128,0.0688,0.0122,-0.0569,-0.1388,-0.2323,-0.3284,-0.4066,-0.4522,-0.4802,-0.5028,-0.4877,-0.4257,-0.3502,-0.2831,-0.2291,-0.1869,-0.1539,-0.1278,-0.107,-0.0902,-0.0764,-0.0648,-0.055,-0.0464,0.2364,0.2415,0.2444,0.2422,0.2338,0.2198,0.2019,0.1837,0.1732,0.1691,0.1563,0.1256,0.0765,0.0113,-0.0697,-0.1701,-0.2957,-0.4408,-0.5594,-0.5894,-0.5828,-0.6261,-0.6092,-0.5002,-0.3895,-0.3045,-0.2418,-0.1954,-0.1604,-0.1334,-0.1123,-0.0954,-0.0817,-0.0703,-0.0607,-0.0523,0.2423,0.2542,0.2642,0.2642,0.251,0.2289,0.1989,0.162,0.1469,0.1662,0.1713,0.1429,0.0875,0.0122,-0.08,-0.1953,-0.3554,-0.5865,-0.8249,-0.8159,-0.6589,-0.6819,-0.6638,-0.5228,-0.3976,-0.3076,-0.2436,-0.1972,-0.1627,-0.1365,-0.1161,-0.0999,-0.0867,-0.0758,-0.0665,-0.0584,0.2463,0.272,0.3012,0.3089,0.2817,0.2443,0.2031,0.1356,0.1017,0.1663,0.1969,0.168,0.1011,0.0105,-0.0936,-0.2111,-0.376,-0.6704,-1.1003,-1.0664,-0.6948,-0.6012,-0.5642,-0.4677,-0.3691,-0.2918,-0.2349,-0.1932,-0.1619,-0.1378,-0.119,-0.104,-0.0918,-0.0817,-0.073,-0.0653,0.2419,0.2898,0.371,0.4133,0.3355,0.2617,0.2328,0.1908,0.1695,0.231,0.2515,0.2061,0.1171,-0.0036,-0.1355,-0.244,-0.3502,-0.547,-0.8205,-0.8,-0.6043,-0.532,-0.4692,-0.3966,-0.3248,-0.2657,-0.2206,-0.1865,-0.16,-0.139,-0.1222,-0.1087,-0.0977,-0.0886,-0.0806,-0.0734,0.2149,0.2726,0.4356,0.594,0.3665,0.241,0.2674,0.3112,0.3532,0.3818,0.3479,0.2626,0.1403,-0.0391,-0.2723,-0.3954,-0.3627,-0.3887,-0.48,-0.5265,-0.5812,-0.5509,-0.4297,-0.3424,-0.2826,-0.2399,-0.208,-0.1821,-0.1603,-0.142,-0.127,-0.1149,-0.1052,-0.0971,-0.09,-0.0833,0.1565,0.1581,0.2219,0.2773,0.0587,0.1198,0.2831,0.4306,0.5834,0.6274,0.4852,0.3344,0.1892,-0.052,-0.5909,-0.8801,-0.456,-0.3143,-0.3351,-0.402,-0.5013,-0.4771,-0.3632,-0.2872,-0.2475,-0.2251,-0.2066,-0.187,-0.167,-0.1492,-0.1347,-0.1237,-0.1152,-0.1083,-0.1019,-0.0956,0.0916,-0.0034,-0.2266,-0.7304,-0.638,-0.0386,0.3054,0.5153,0.8404,1.0008,0.608,0.3975,0.2796,0.1154,-0.4371,-0.8613,-0.3719,-0.28,-0.3014,-0.3048,-0.3158,-0.3006,-0.2566,-0.2312,-0.2326,-0.2396,-0.2318,-0.2095,-0.1836,-0.1619,-0.1463,-0.1359,-0.1287,-0.1231,-0.1176,-0.1115,0.0643,-0.0626,-0.3197,-0.7141,-0.594,0.0145,0.3765,0.5328,0.6726,0.7939,0.5642,0.4283,0.3707,0.349,0.2779,0.0103,-0.1344,-0.414,-0.4941,-0.3176,-0.2079,-0.167,-0.1629,-0.2003,-0.2721,-0.3224,-0.3073,-0.2572,-0.2109,-0.1797,-0.1617,-0.1523,-0.1471,-0.1432,-0.1385,-0.1321,0.0864,-0.0042,-0.134,-0.2343,-0.1111,0.192,0.428,0.6613,0.4409,0.5175,0.4895,0.4519,0.429,0.4851,0.5483,0.3309,0.0117,-0.9798,-1.0303,-0.3665,-0.121,-0.0553,-0.085,-0.207,-0.4118,-0.5335,-0.4504,-0.3235,-0.241,-0.1987,-0.1802,-0.1741,-0.1726,-0.171,-0.1667,-0.1592,0.1357,0.0907,0.0499,0.0526,0.1414,0.2839,0.3871,0.3568,0.3854,0.4717,0.4875,0.4809,0.4669,0.3382,0.4884,0.6675,0.3214,-0.4072,-0.565,-0.166,0.0418,0.0872,0.0119,-0.2008,-0.5774,-0.79,-0.577,-0.3628,-0.2565,-0.2138,-0.2022,-0.2041,-0.209,-0.2104,-0.2056,-0.1949,0.1886,0.1733,0.1703,0.1946,0.253,0.3275,0.385,0.413,0.4531,0.518,0.5581,0.5244,0.4512,0.4006,0.4923,0.6928,-0.3286,-0.0143,0.0405,0.1761,0.294,0.2882,0.1592,-0.0822,-0.4332,-0.6292,-0.4833,-0.3218,-0.2463,-0.2254,-0.2319,-0.2488,-0.2634,-0.2677,-0.2596,-0.2419,0.2343,0.2344,0.245,0.2709,0.3121,0.3602,0.405,0.4471,0.5042,0.6054,0.7825,0.6222,0.5317,0.4472,0.4364,0.241,-0.161,0.176,0.3726,0.4679,0.5522,0.5043,0.3239,0.1007,-0.1304,-0.2694,-0.2728,-0.239,-0.228,-0.2439,-0.2786,-0.319,-0.3477,-0.3524,-0.3341,-0.3022,0.2707,0.2782,0.2932,0.3173,0.3496,0.3867,0.4259,0.4695,0.5275,0.6202,0.7514,0.6368,0.4575,0.4004,0.5,0.4817,0.4566,0.6312,0.8035,0.7281,0.6171,0.5781,0.4327,0.2343,0.0459,-0.0859,-0.1547,-0.1931,-0.2304,-0.2821,-0.3534,-0.4308,-0.4797,-0.4766,-0.4335,-0.3751,0.2989,0.3098,0.326,0.3481,0.3754,0.4067,0.4412,0.4798,0.5248,0.5746,0.6041,0.5645,0.4521,0.4578,0.7539,0.8899,0.8652,1.1219,1.4145,1.1246,0.856,0.6877,0.5179,0.3057,0.0913,-0.0694,-0.1531,-0.2072,-0.2654,-0.3434,-0.4596,-0.5982,-0.6775,-0.6457,-0.5521,-0.4528,0.3207,0.3331,0.3493,0.3697,0.3938,0.4212,0.4512,0.4837,0.5177,0.5493,0.5698,0.5765,0.5998,0.7698,1.3513,1.5941,1.1646,1.2844,1.5185,1.642,1.2652,0.9018,0.6279,0.35,0.0584,-0.1499,-0.2018,-0.263,-0.3328,-0.4183,-0.5727,-0.7945,-0.912,-0.8216,-0.6583,-0.5155,0.3376,0.3505,0.3664,0.3853,0.4071,0.4315,0.458,0.4863,0.5154,0.544,0.5728,0.6109,0.6915,0.8968,1.3156,1.4642,1.2368,1.4134,2.1762,2.5427,1.6232,1.1003,0.7734,0.425,0.0385,-0.2019,-0.2433,-0.4018,-0.4499,-0.4958,-0.6313,-0.874,-1.0054,-0.8856,-0.6955,-0.5383,0.3508,0.3637,0.379,0.3967,0.4168,0.439,0.4631,0.4889,0.5163,0.5461,0.5814,0.6314,0.7147,0.8548,1.0321,1.125,1.1621,1.3715,1.8216,1.9665,1.5516,1.2752,1.0506,0.6216,0.0716,-0.4261,-0.8614,-0.7941,-0.6237,-0.5809,-0.6259,-0.7594,-0.8484,-0.7802,-0.6425,-0.5132,0.3609,0.3737,0.3884,0.4051,0.4237,0.4443,0.4667,0.491,0.5177,0.548,0.585,0.6343,0.7031,0.7942,0.8927,0.9749,1.0609,1.2047,1.3848,1.461,1.4706,1.6794,1.696,1.0287,0.1963,-0.5915,-1.2283,-0.9999,-0.7664,-0.6977,-0.6378,-0.6389,-0.6584,-0.6254,-0.5469,-0.458,0.3687,0.3812,0.3952,0.411,0.4285,0.4477,0.4687,0.4918,0.5175,0.547,0.5824,0.6263,0.6812,0.7463,0.816,0.8861,0.9639,1.06,1.1651,1.2743,1.5042,2.0515,2.2317,1.3584,0.3991,-0.3296,-0.751,-0.824,-0.9367,-0.862,-0.686,-0.5875,-0.5461,-0.5089,-0.4567,-0.3956,0.3745,0.3866,0.4,0.415,0.4314,0.4494,0.4692,0.4909,0.5152,0.5428,0.575,0.6129,0.6573,0.7075,0.7615,0.8185,0.8809,0.9519,1.0345,1.1501,1.3658,1.696,1.7353,1.181,0.4814,-0.0803,-0.4576,-0.7321,-0.955,-0.877,-0.6796,-0.5476,-0.4759,-0.4282,-0.3836,-0.3372]},{"header":{"la1":42.85,"la2":41.18,"lo1":11.55,"lo2":14.05,"nx":36,"ny":24,"dx":0.07143,"dy":0.07261,"parameterCategory":2,"parameterNumber":3,"parameterNumberName":"northward_wind","parameterUnit":"m.s-1"},"data":[-0.2457,-0.2472,-0.2493,-0.2519,-0.2545,-0.2565,-0.2569,-0.2547,-0.249,-0.2401,-0.2289,-0.2168,-0.2057,-0.1967,-0.1909,-0.1891,-0.1921,-0.2006,-0.2149,-0.2344,-0.2562,-0.2755,-0.2883,-0.2933,-0.2926,-0.2896,-0.2869,-0.2858,-0.2867,-0.2893,-0.2932,-0.298,-0.3033,-0.3088,-0.3144,-0.3198,-0.2471,-0.2493,-0.2525,-0.257,-0.2623,-0.2674,-0.2708,-0.2704,-0.2643,-0.2524,-0.2365,-0.2193,-0.2035,-0.1907,-0.1822,-0.1788,-0.1816,-0.1921,-0.212,-0.2415,-0.2765,-0.3072,-0.3236,-0.324,-0.3149,-0.3041,-0.2959,-0.2918,-0.2911,-0.2933,-0.2973,-0.3024,-0.3082,-0.3142,-0.3202,-0.326,-0.2477,-0.2504,-0.2549,-0.2618,-0.2711,-0.2818,-0.2912,-0.2951,-0.2893,-0.2727,-0.2491,-0.2238,-0.2013,-0.1835,-0.1715,-0.1656,-0.1672,-0.1787,-0.2049,-0.2503,-0.3114,-0.3665,-0.3878,-0.3737,-0.3457,-0.321,-0.305,-0.2971,-0.2952,-0.2972,-0.3016,-0.3074,-0.3138,-0.3204,-0.3269,-0.3331,-0.2472,-0.2496,-0.255,-0.2647,-0.2797,-0.2994,-0.3207,-0.3352,-0.3318,-0.3066,-0.2687,-0.2305,-0.1985,-0.1746,-0.1584,-0.1491,-0.1474,-0.1566,-0.1863,-0.2535,-0.3677,-0.4819,-0.5063,-0.449,-0.3821,-0.3363,-0.3113,-0.3005,-0.2983,-0.301,-0.3064,-0.3131,-0.3204,-0.3277,-0.3348,-0.3413,-0.2448,-0.2456,-0.2503,-0.2623,-0.2845,-0.3182,-0.3618,-0.402,-0.4072,-0.3625,-0.2966,-0.2377,-0.1937,-0.1632,-0.143,-0.13,-0.1225,-0.1223,-0.1422,-0.2238,-0.4313,-0.6919,-0.6996,-0.5346,-0.4078,-0.3412,-0.3112,-0.3007,-0.3002,-0.3048,-0.3119,-0.32,-0.3283,-0.3365,-0.3441,-0.3511,-0.2404,-0.2364,-0.2366,-0.2485,-0.2787,-0.3304,-0.4094,-0.507,-0.5388,-0.445,-0.3265,-0.2404,-0.1842,-0.1486,-0.1262,-0.1106,-0.0963,-0.0794,-0.0653,-0.1183,-0.3868,-0.8249,-0.8023,-0.541,-0.3903,-0.3257,-0.3022,-0.2977,-0.3017,-0.3095,-0.3188,-0.3285,-0.3381,-0.347,-0.3552,-0.3625,-0.2348,-0.2206,-0.2067,-0.2118,-0.2523,-0.3229,-0.4315,-0.5984,-0.6761,-0.5052,-0.3348,-0.2299,-0.1666,-0.1302,-0.1101,-0.0952,-0.0764,-0.0474,-0.0089,-0.017,-0.1545,-0.4203,-0.4902,-0.3869,-0.3167,-0.2906,-0.2873,-0.294,-0.3046,-0.3163,-0.3281,-0.3395,-0.3501,-0.3599,-0.3685,-0.376,-0.2327,-0.2022,-0.1529,-0.1308,-0.1989,-0.2946,-0.392,-0.5151,-0.5649,-0.4403,-0.303,-0.2034,-0.1394,-0.1086,-0.1002,-0.0922,-0.0697,-0.0357,-0.0014,0.0458,0.1683,0.105,-0.0897,-0.1882,-0.2284,-0.2539,-0.2755,-0.2948,-0.3119,-0.3272,-0.341,-0.3537,-0.3652,-0.3755,-0.3845,-0.3921,-0.2432,-0.2041,-0.1046,-0.0103,-0.1583,-0.2833,-0.3424,-0.3928,-0.4132,-0.3693,-0.273,-0.1701,-0.101,-0.0839,-0.1143,-0.1278,-0.0838,-0.0306,0.0367,0.2117,0.6009,0.5092,0.137,-0.0713,-0.177,-0.2382,-0.2781,-0.3061,-0.3269,-0.3438,-0.3585,-0.3718,-0.3839,-0.3946,-0.4037,-0.4111,-0.2725,-0.2619,-0.2166,-0.1816,-0.3128,-0.3318,-0.3233,-0.3619,-0.4526,-0.4627,-0.2984,-0.1344,-0.0411,-0.0408,-0.1876,-0.2784,-0.1164,-0.0301,0.0361,0.1859,0.4442,0.3939,0.1247,-0.0667,-0.1843,-0.2582,-0.3042,-0.3328,-0.352,-0.3673,-0.3812,-0.3944,-0.4067,-0.4177,-0.4268,-0.4338,-0.3075,-0.3465,-0.4464,-0.6821,-0.6445,-0.3962,-0.2881,-0.3259,-0.6253,-0.7865,-0.346,-0.076,0.0578,0.0851,-0.1003,-0.2608,-0.0705,-0.0166,0.0034,0.0561,0.1256,0.1058,-0.0109,-0.1407,-0.2478,-0.3211,-0.3603,-0.3777,-0.3876,-0.3973,-0.4089,-0.4218,-0.4344,-0.4457,-0.4546,-0.4608,-0.3255,-0.3816,-0.4983,-0.6784,-0.6266,-0.3581,-0.1805,-0.106,-0.374,-0.5385,-0.2255,0.0235,0.1781,0.2718,0.2523,0.1111,0.057,-0.0149,-0.0466,-0.0303,-0.0252,-0.057,-0.135,-0.2456,-0.3616,-0.437,-0.4519,-0.4398,-0.4307,-0.4319,-0.441,-0.4541,-0.4679,-0.4798,-0.4885,-0.4933,-0.3204,-0.3608,-0.4196,-0.4657,-0.4111,-0.267,-0.1098,0.2445,-0.2004,-0.2113,-0.0634,0.1309,0.2559,0.3939,0.4333,0.2852,0.1661,-0.1065,-0.1364,-0.0744,-0.0929,-0.1416,-0.2231,-0.3536,-0.5249,-0.6213,-0.5759,-0.5078,-0.4734,-0.467,-0.4763,-0.4925,-0.5091,-0.5224,-0.5304,-0.5329,-0.3027,-0.3228,-0.3415,-0.3409,-0.3007,-0.2324,-0.1813,-0.2586,-0.2488,-0.1486,-0.0179,0.1975,0.2961,0.525,0.3831,0.4881,0.3565,0.0511,-0.0646,-0.0867,-0.1364,-0.1937,-0.2762,-0.4245,-0.6644,-0.796,-0.6698,-0.5508,-0.5035,-0.499,-0.5155,-0.5394,-0.5618,-0.5771,-0.5834,-0.5814,-0.2834,-0.2905,-0.2923,-0.2821,-0.2565,-0.2239,-0.2033,-0.2051,-0.1938,-0.1627,-0.1161,0.0075,0.1873,0.3016,0.3416,0.535,0.4514,0.1914,-0.0129,-0.1217,-0.1844,-0.2284,-0.2958,-0.417,-0.6015,-0.7072,-0.6254,-0.5407,-0.5147,-0.5283,-0.562,-0.6011,-0.6332,-0.6505,-0.652,-0.6415,-0.2677,-0.2682,-0.2643,-0.2539,-0.2373,-0.2189,-0.2052,-0.1987,-0.2,-0.2381,-0.3799,-0.2069,-0.0834,0.0815,0.1539,0.2663,0.3162,0.0864,-0.114,-0.2049,-0.2134,-0.2341,-0.2992,-0.3789,-0.466,-0.5178,-0.5096,-0.4965,-0.5139,-0.5601,-0.6236,-0.6887,-0.7357,-0.7526,-0.7418,-0.7149,-0.2567,-0.2543,-0.249,-0.2402,-0.2288,-0.2171,-0.2082,-0.2052,-0.2155,-0.2629,-0.3652,-0.2696,-0.2886,-0.3201,-0.1305,-0.0649,-0.0747,-0.2247,-0.3656,-0.3352,-0.2313,-0.2533,-0.3213,-0.3645,-0.388,-0.3937,-0.4025,-0.4408,-0.5091,-0.6006,-0.7105,-0.8198,-0.8896,-0.8965,-0.8572,-0.8007,-0.2497,-0.2464,-0.2413,-0.2344,-0.2264,-0.2188,-0.2136,-0.2133,-0.222,-0.2433,-0.2652,-0.274,-0.3632,-0.4114,-0.4661,-0.5257,-0.438,-0.5625,-0.7428,-0.5613,-0.4218,-0.3764,-0.38,-0.3739,-0.3316,-0.2587,-0.2532,-0.3618,-0.5028,-0.6521,-0.8281,-1.013,-1.1164,-1.0885,-0.9918,-0.8903,-0.2461,-0.2428,-0.2385,-0.2333,-0.2279,-0.2233,-0.2209,-0.2222,-0.2291,-0.2422,-0.2608,-0.293,-0.3628,-0.5231,-1.0535,-1.2871,-0.7332,-0.6697,-0.7688,-0.7882,-0.632,-0.5106,-0.454,-0.4,-0.278,-0.0364,0.0145,-0.2743,-0.515,-0.712,-0.953,-1.2413,-1.3848,-1.2864,-1.1112,-0.9624,-0.2449,-0.2421,-0.2388,-0.2352,-0.2319,-0.2297,-0.2296,-0.2327,-0.2404,-0.2543,-0.2777,-0.3202,-0.4054,-0.5994,-1.0044,-1.1371,-0.7892,-0.7323,-1.0013,-1.1406,-0.7883,-0.6095,-0.532,-0.4609,-0.3224,-0.022,0.0472,-0.3705,-0.6007,-0.7757,-1.0124,-1.3338,-1.492,-1.3585,-1.1542,-0.9909,-0.2456,-0.2435,-0.2412,-0.2391,-0.2376,-0.2373,-0.2392,-0.2442,-0.2536,-0.2696,-0.2959,-0.3401,-0.4161,-0.5423,-0.6983,-0.752,-0.6944,-0.7156,-0.868,-0.921,-0.7651,-0.671,-0.6279,-0.5665,-0.5012,-0.5089,-0.7271,-0.7448,-0.7646,-0.8525,-0.9894,-1.1922,-1.3111,-1.242,-1.0993,-0.9687,-0.2476,-0.2462,-0.245,-0.2441,-0.2441,-0.2455,-0.2491,-0.2556,-0.2665,-0.2835,-0.3095,-0.3487,-0.4058,-0.4803,-0.5542,-0.5959,-0.6117,-0.6463,-0.7051,-0.73,-0.721,-0.7605,-0.773,-0.6859,-0.6475,-0.7647,-0.9848,-0.9249,-0.9497,-0.9789,-0.9846,-1.0412,-1.0934,-1.0736,-1.0008,-0.9161,-0.2506,-0.2499,-0.2496,-0.2499,-0.2511,-0.2538,-0.2586,-0.2663,-0.2779,-0.2947,-0.3185,-0.351,-0.3929,-0.4414,-0.4881,-0.5249,-0.5545,-0.5878,-0.6255,-0.6615,-0.7189,-0.8362,-0.8729,-0.755,-0.7071,-0.776,-0.8839,-1.0024,-1.2115,-1.1564,-1.0279,-0.9787,-0.9708,-0.9531,-0.9122,-0.8586,-0.2542,-0.2542,-0.2547,-0.2559,-0.2581,-0.2618,-0.2675,-0.2758,-0.2875,-0.3034,-0.3245,-0.3512,-0.3833,-0.4187,-0.4538,-0.4861,-0.5165,-0.5482,-0.5832,-0.6256,-0.6884,-0.7696,-0.7917,-0.7375,-0.7169,-0.7662,-0.8689,-1.0495,-1.2449,-1.1832,-1.0348,-0.9474,-0.9066,-0.8786,-0.8465,-0.8085]}]