docs/data/wind_grid.json
[{"header":{"la1":42.85,"la2":41.18,"lo1":11.55,"lo2":14.05,"nx":36,"ny":24,"dx":0.07143,"dy":0.07261,"parameterCategory":2,"parameterNumber":2,"parameterNumberName":"eastward_wind","parameterUnit":"m.s-1"},"data":[2.1616,2.1588,2.1549,2.1496,2.1426,2.1334,2.1215,2.106,2.0859,2.0601,2.0278,1.9885,1.9422,1.8892,1.8307,1.7691,1.7081,1.6532,1.6102,1.5829,1.5723,1.5756,1.5883,1.6059,1.625,1.6434,1.66,1.6744,1.6866,1.6969,1.7054,1.7124,1.7183,1.7234,1.7278,1.7318,2.1745,2.1727,2.1698,2.1655,2.1596,2.1516,2.1408,2.1263,2.1064,2.0795,2.0444,2.0,1.9461,1.8827,1.8104,1.7314,1.6509,1.5773,1.5214,1.4907,1.4861,1.5015,1.5282,1.5586,1.588,1.6142,1.6365,1.6549,1.6699,1.6819,1.6917,1.6996,1.7061,1.7115,1.7162,1.7204,2.1881,2.1873,2.1855,2.1823,2.1777,2.1711,2.1621,2.1493,2.1307,2.1035,2.0657,2.016,1.9538,1.8783,1.7888,1.6862,1.576,1.472,1.3946,1.3604,1.3698,1.4081,1.4578,1.5069,1.5499,1.5854,1.6139,1.6363,1.6539,1.6676,1.6783,1.6868,1.6936,1.6992,1.704,1.7083,2.2021,2.2025,2.2018,2.1999,2.1965,2.1913,2.1842,2.1742,2.1583,2.1321,2.092,2.0369,1.9661,1.8779,1.7687,1.6351,1.48,1.3232,1.207,1.1707,1.2122,1.2935,1.3798,1.4544,1.5137,1.5591,1.5936,1.6196,1.6392,1.6541,1.6653,1.674,1.6808,1.6864,1.6911,1.6955,2.2165,2.2182,2.2189,2.2182,2.2157,2.2112,2.2052,2.1978,2.1866,2.1635,2.1222,2.0621,1.9836,1.884,1.7556,1.5863,1.3671,1.1181,0.9256,0.8934,1.0066,1.1645,1.3032,1.408,1.4837,1.5379,1.577,1.6054,1.6262,1.6414,1.6527,1.6611,1.6676,1.6728,1.6773,1.6815,2.2313,2.2345,2.2367,2.2373,2.2356,2.2306,2.2222,2.2134,2.2073,2.1923,2.153,2.0897,2.0057,1.8988,1.7575,1.5584,1.2675,0.8792,0.5446,0.5326,0.7839,1.0519,1.2474,1.378,1.4649,1.5241,1.5652,1.5943,1.615,1.6297,1.6402,1.6479,1.6535,1.6581,1.6621,1.6661,2.2463,2.2513,2.2554,2.2579,2.2576,2.252,2.2381,2.2174,2.2096,2.2116,2.1817,2.1179,2.0308,1.922,1.7802,1.5755,1.2523,0.7585,0.2722,0.2876,0.6746,1.0169,1.237,1.3735,1.4607,1.5187,1.5584,1.586,1.6052,1.6185,1.6275,1.6337,1.6382,1.6417,1.645,1.6486,2.2613,2.2683,2.2749,2.2805,2.2836,2.2817,2.2697,2.245,2.2329,2.244,2.218,2.1488,2.0562,1.9487,1.8186,1.6399,1.3662,0.9546,0.5421,0.5276,0.8249,1.0989,1.2797,1.3945,1.4696,1.5204,1.5555,1.5797,1.5962,1.607,1.6138,1.6179,1.6206,1.6228,1.6253,1.6285,2.2758,2.2851,2.2946,2.3042,2.3132,2.3209,2.3262,2.3304,2.3402,2.3377,2.282,2.185,2.0759,1.9673,1.8537,1.7144,1.5245,1.2814,1.0608,1.006,1.1078,1.2414,1.3497,1.4284,1.4848,1.5253,1.5541,1.5739,1.5868,1.5944,1.5981,1.5996,1.5999,1.6004,1.6018,1.6047,2.2895,2.301,2.3134,2.327,2.3423,2.3603,2.3855,2.4301,2.5033,2.5121,2.3797,2.2193,2.0775,1.96,1.8625,1.7569,1.6177,1.4612,1.3374,1.286,1.3029,1.353,1.4081,1.457,1.4971,1.5285,1.5515,1.5669,1.5758,1.5794,1.5793,1.5772,1.5746,1.573,1.5733,1.576,2.3017,2.3151,2.3299,2.3466,2.3659,2.389,2.4202,2.4826,2.6632,2.7515,2.4661,2.2331,2.0475,1.9013,1.8229,1.7546,1.6173,1.4451,1.3458,1.3373,1.3637,1.3972,1.4324,1.4674,1.4994,1.526,1.5454,1.5572,1.5619,1.5609,1.5559,1.549,1.5426,1.5384,1.5377,1.5408,2.3122,2.3269,2.3433,2.3616,2.3819,2.4037,2.4242,2.4455,2.5508,2.6247,2.4334,2.239,2.0095,1.7798,1.7003,1.7289,1.539,1.1922,1.0984,1.2364,1.334,1.3822,1.4176,1.4534,1.4878,1.516,1.535,1.5441,1.5443,1.5373,1.5257,1.5125,1.501,1.4938,1.4923,1.497,2.3207,2.3362,2.3533,2.372,2.3917,2.41,2.4205,2.4149,2.4355,2.4639,2.4081,2.3268,2.142,1.6468,1.566,1.7583,1.4753,0.7288,0.7014,1.1216,1.271,1.3165,1.359,1.4119,1.4619,1.4992,1.5208,1.5277,1.5223,1.5073,1.4863,1.464,1.4455,1.4347,1.4335,1.4416,2.3272,2.3431,2.3605,2.3791,2.398,2.4147,2.4243,2.424,2.4396,2.477,2.4752,2.4529,2.4317,2.3412,2.0494,1.8888,1.6316,1.1134,0.9827,1.1643,1.1644,1.1591,1.2358,1.3406,1.4259,1.4795,1.5051,1.5088,1.4955,1.4688,1.4338,1.3978,1.3693,1.3547,1.3561,1.3713,2.3318,2.3479,2.3655,2.3842,2.4034,2.422,2.4386,2.4578,2.5025,2.5926,2.6647,2.6119,2.5358,2.6779,2.283,1.9255,1.7285,1.6166,1.4004,1.1447,0.8001,0.7717,1.0204,1.2515,1.3934,1.4646,1.4907,1.4881,1.4637,1.4201,1.3631,1.305,1.2616,1.244,1.2531,1.2824,2.3346,2.3509,2.3685,2.3877,2.4085,2.4313,2.4588,2.5014,2.5867,2.7712,3.0963,2.8843,2.7174,2.5398,2.3428,2.0266,1.8163,1.7808,1.5491,0.9148,-0.1106,0.0811,0.7905,1.2013,1.3896,1.4615,1.4776,1.4652,1.4273,1.3596,1.2669,1.1714,1.1054,1.0888,1.1172,1.1727,2.3359,2.352,2.3697,2.3894,2.4116,2.4381,2.4731,2.527,2.6216,2.7969,3.0437,2.8786,2.6912,2.6253,2.4585,2.2691,2.0908,1.9592,1.7684,1.1025,-0.2021,0.0538,0.8626,1.2756,1.4308,1.4628,1.4554,1.4368,1.3892,1.2894,1.1375,0.9764,0.8769,0.8745,0.9449,1.0454,2.3355,2.3513,2.3689,2.3886,2.4113,2.4388,2.4747,2.5247,2.5968,2.6896,2.7549,2.7153,2.6616,2.6485,2.6422,2.5946,2.3394,2.0999,2.0064,1.7969,1.2061,1.0552,1.2934,1.4655,1.4895,1.4305,1.3963,1.3983,1.3575,1.2194,0.9749,0.7039,0.5613,0.6041,0.7508,0.9161,2.3336,2.3489,2.3659,2.385,2.4069,2.4329,2.4649,2.5049,2.5527,2.6006,2.6294,2.6294,2.631,2.6946,3.0145,3.1492,2.601,2.2779,2.2257,2.4387,2.1101,1.8188,1.7351,1.6754,1.5261,1.3255,1.2792,1.3597,1.3469,1.174,0.8189,0.405,0.2247,0.3472,0.5883,0.8183,2.3302,2.3448,2.3609,2.3787,2.3989,2.422,2.4487,2.4791,2.5114,2.5409,2.5621,2.5774,2.6075,2.7088,2.9644,3.0319,2.6786,2.554,2.9709,3.2097,2.599,2.266,2.101,1.9014,1.6126,1.318,1.2615,1.3841,1.374,1.1863,0.7797,0.2956,0.1012,0.2617,0.5397,0.7918,2.3256,2.3393,2.3541,2.3704,2.3883,2.4081,2.4299,2.4531,2.4763,2.4977,2.5161,2.5354,2.5674,2.6305,2.7145,2.7148,2.6151,2.616,2.8261,2.9072,2.7008,2.627,2.5434,2.2335,1.8247,1.5427,1.4818,1.4793,1.4336,1.2615,0.9169,0.5175,0.333,0.4274,0.6401,0.8515,2.32,2.3325,2.346,2.3605,2.3762,2.3929,2.4106,2.4286,2.4464,2.4629,2.4786,2.4956,2.5184,2.5488,2.5748,2.5722,2.5519,2.5714,2.6475,2.717,2.844,3.1818,3.2595,2.7167,2.0812,1.6613,1.5043,1.5158,1.4903,1.3595,1.1214,0.8563,0.7045,0.718,0.8321,0.9727,2.3134,2.3249,2.337,2.3498,2.3632,2.3773,2.3917,2.406,2.4199,2.433,2.4456,2.4586,2.473,2.4878,2.4982,2.5005,2.5036,2.5281,2.5884,2.7102,3.0094,3.5724,3.7319,3.0527,2.3127,1.8373,1.6282,1.5854,1.5497,1.4525,1.2971,1.1297,1.0167,0.9915,1.0362,1.115,2.3063,2.3166,2.3273,2.3385,2.35,2.3618,2.3736,2.3851,2.3961,2.4064,2.4162,2.4256,2.4347,2.4431,2.4496,2.4553,2.4665,2.495,2.5572,2.6859,2.9394,3.284,3.3471,2.9289,2.4015,2.0142,1.798,1.6962,1.627,1.5415,1.4329,1.322,1.2393,1.2035,1.2122,1.2502]},{"header":{"la1":42.85,"la2":41.18,"lo1":11.55,"lo2":14.05,"nx":36,"ny":24,"dx":0.07143,"dy":0.07261,"parameterCategory":2,"parameterNumber":3,"parameterNumberName":"northward_wind","parameterUnit":"m.s-1"},"data":[0.2563,0.2804,0.308,0.3386,0.3704,0.4008,0.4258,0.4413,0.4446,0.4363,0.4201,0.4012,0.3843,0.3722,0.3658,0.3644,0.3665,0.37,0.3727,0.373,0.3701,0.3644,0.3566,0.3477,0.3385,0.3296,0.3212,0.3136,0.3067,0.3006,0.2951,0.2903,0.2861,0.2823,0.2789,0.2759,0.2555,0.2841,0.3183,0.3581,0.4021,0.4465,0.4847,0.5085,0.5116,0.4944,0.4642,0.4313,0.4038,0.3856,0.3772,0.3771,0.3824,0.3897,0.3954,0.3966,0.3925,0.3839,0.3726,0.3604,0.3484,0.3373,0.3272,0.3183,0.3105,0.3036,0.2977,0.2926,0.2881,0.2842,0.2807,0.2776,0.2514,0.2844,0.3261,0.3778,0.4393,0.5064,0.569,0.6102,0.6144,0.5803,0.524,0.467,0.4232,0.3969,0.3869,0.3897,0.401,0.4153,0.4263,0.4288,0.4218,0.4079,0.3912,0.3742,0.3586,0.3447,0.3327,0.3225,0.3137,0.3063,0.2999,0.2945,0.2899,0.2859,0.2824,0.2793,0.2422,0.2789,0.328,0.3934,0.4783,0.5816,0.6901,0.7706,0.781,0.7123,0.6048,0.5063,0.4388,0.4032,0.393,0.4016,0.4232,0.4499,0.4704,0.4743,0.4605,0.437,0.4115,0.3881,0.3681,0.3513,0.3374,0.3259,0.3163,0.3083,0.3017,0.2961,0.2915,0.2875,0.284,0.2809,0.2264,0.2646,0.319,0.397,0.5089,0.664,0.8561,1.0276,1.0622,0.9167,0.7059,0.5402,0.4436,0.4007,0.3935,0.4113,0.4483,0.4964,0.5349,0.539,0.51,0.4694,0.4315,0.4005,0.3759,0.3564,0.3408,0.3282,0.318,0.3097,0.3029,0.2974,0.2928,0.2889,0.2856,0.2826,0.2027,0.2389,0.2934,0.3772,0.5097,0.7206,1.0385,1.4037,1.5161,1.1966,0.7958,0.5448,0.4266,0.3854,0.3866,0.4158,0.4711,0.55,0.6198,0.621,0.5629,0.4979,0.4466,0.4089,0.3807,0.3591,0.3423,0.3291,0.3186,0.3102,0.3035,0.2982,0.2939,0.2903,0.2872,0.2844,0.171,0.2008,0.2475,0.3237,0.4532,0.6833,1.0939,1.6978,1.9518,1.3655,0.7695,0.4821,0.3784,0.3572,0.3733,0.4124,0.4779,0.5787,0.6789,0.6753,0.5897,0.5087,0.4512,0.4108,0.3813,0.3591,0.3419,0.3285,0.318,0.3099,0.3036,0.2987,0.2948,0.2917,0.2889,0.2865,0.133,0.152,0.183,0.2357,0.3285,0.4997,0.818,1.3061,1.4951,0.9715,0.5113,0.3364,0.3049,0.3247,0.3604,0.4046,0.4633,0.5451,0.6257,0.6268,0.5607,0.494,0.4435,0.4061,0.3779,0.3561,0.3393,0.3263,0.3164,0.3089,0.3033,0.2991,0.2958,0.2933,0.291,0.2889,0.0917,0.0974,0.1082,0.1277,0.1628,0.2245,0.322,0.4185,0.3643,0.1716,0.1013,0.1535,0.2353,0.3069,0.3616,0.4063,0.4503,0.4973,0.5351,0.5388,0.5085,0.4675,0.4292,0.3972,0.3713,0.3508,0.3348,0.3226,0.3136,0.3071,0.3026,0.2994,0.2971,0.2954,0.2937,0.292,0.051,0.0437,0.0346,0.0225,0.0049,-0.0251,-0.0885,-0.2448,-0.5455,-0.6437,-0.3129,0.0102,0.2112,0.3283,0.3928,0.4316,0.4656,0.4967,0.5127,0.5064,0.482,0.4493,0.4163,0.3872,0.3629,0.3435,0.3286,0.3175,0.3098,0.3048,0.3018,0.3001,0.2991,0.2983,0.2974,0.2961,0.0145,-0.0033,-0.0275,-0.0617,-0.1115,-0.1854,-0.2998,-0.5289,-1.1738,-1.4899,-0.5905,-0.0208,0.261,0.4058,0.465,0.4837,0.5144,0.5568,0.5673,0.5348,0.488,0.4441,0.4072,0.3771,0.353,0.3344,0.3206,0.3111,0.3052,0.3022,0.3013,0.3015,0.3022,0.3027,0.3026,0.3017,-0.0151,-0.0398,-0.0727,-0.1177,-0.1794,-0.2604,-0.353,-0.446,-0.7919,-1.0401,-0.4111,0.0722,0.3521,0.494,0.5885,0.5498,0.5889,0.6997,0.7113,0.6057,0.5089,0.4433,0.3984,0.3658,0.3413,0.3232,0.3107,0.3032,0.2998,0.2997,0.3016,0.3045,0.3074,0.3094,0.31,0.3093,-0.037,-0.0647,-0.1006,-0.1473,-0.2075,-0.2805,-0.3523,-0.3824,-0.4062,-0.3954,-0.1295,0.1638,0.378,0.6282,0.7459,0.5908,0.66,0.9049,0.9019,0.6606,0.5129,0.433,0.3846,0.3513,0.3268,0.3093,0.2984,0.2935,0.2936,0.2975,0.3036,0.3102,0.3158,0.3194,0.3206,0.3196,-0.0514,-0.0792,-0.1138,-0.1565,-0.2082,-0.2671,-0.3244,-0.3612,-0.3445,-0.2464,-0.0609,0.1743,0.2969,0.8138,0.5799,0.614,0.7348,0.806,0.783,0.5995,0.4734,0.4065,0.3647,0.3331,0.3086,0.2916,0.2826,0.2813,0.2866,0.2965,0.3084,0.3201,0.3293,0.3346,0.3358,0.3336,-0.0594,-0.0855,-0.1165,-0.1528,-0.1936,-0.2365,-0.2745,-0.2946,-0.2837,-0.2588,-0.2167,-0.0573,0.2094,0.3007,0.4323,0.7687,1.1602,0.7711,0.5902,0.48,0.4125,0.3778,0.3448,0.3124,0.2858,0.2681,0.2611,0.2653,0.2785,0.2973,0.3181,0.337,0.3507,0.3573,0.3572,0.3522,-0.0626,-0.0861,-0.1129,-0.1426,-0.1742,-0.2053,-0.2321,-0.2526,-0.2812,-0.3807,-0.6384,-0.4047,-0.202,0.0719,0.2248,0.6065,0.9397,0.6326,0.4526,0.3924,0.391,0.3761,0.3302,0.2882,0.2555,0.2342,0.2293,0.2424,0.2686,0.3014,0.3353,0.3648,0.3842,0.3908,0.3865,0.3758,-0.0622,-0.083,-0.1059,-0.1304,-0.1557,-0.1806,-0.2049,-0.2332,-0.2841,-0.4033,-0.6034,-0.4606,-0.4855,-0.526,-0.1192,0.144,0.3263,0.3401,0.3206,0.3304,0.3835,0.3649,0.3035,0.2539,0.2118,0.1801,0.1765,0.2073,0.2567,0.3107,0.3638,0.409,0.4351,0.4379,0.4242,0.4036,-0.0596,-0.0778,-0.0974,-0.1181,-0.1394,-0.1612,-0.1846,-0.214,-0.2584,-0.324,-0.3817,-0.3987,-0.5535,-0.5989,-0.4427,-0.3592,-0.043,0.212,0.3015,0.2658,0.2816,0.2811,0.2488,0.2074,0.1513,0.0866,0.0797,0.1546,0.2468,0.3282,0.4052,0.4722,0.5051,0.497,0.4667,0.4322,-0.0554,-0.0714,-0.0885,-0.1063,-0.1247,-0.1441,-0.1655,-0.1913,-0.2238,-0.2619,-0.2981,-0.3386,-0.4115,-0.5228,-0.9439,-1.1267,-0.3572,0.1096,0.2368,0.1856,0.1905,0.1974,0.188,0.1638,0.0942,-0.0539,-0.0822,0.1081,0.2605,0.3576,0.4505,0.5398,0.5771,0.552,0.5022,0.4542,-0.0502,-0.0643,-0.0792,-0.0948,-0.1109,-0.1281,-0.1468,-0.168,-0.1926,-0.2199,-0.25,-0.2896,-0.3572,-0.5112,-0.866,-0.9536,-0.4016,-0.0085,0.1136,0.1175,0.1291,0.1268,0.1267,0.1379,0.1133,-0.0485,-0.086,0.2214,0.3457,0.4006,0.4753,0.5652,0.6025,0.5705,0.5138,0.4614,-0.0443,-0.0568,-0.0699,-0.0835,-0.0976,-0.1125,-0.1285,-0.146,-0.1653,-0.1869,-0.2123,-0.2464,-0.3006,-0.3927,-0.5042,-0.4804,-0.259,-0.0397,0.0723,0.0949,0.0729,0.03,0.0267,0.102,0.2177,0.3747,0.6741,0.6401,0.502,0.4509,0.4722,0.5291,0.5592,0.5393,0.4955,0.4509,-0.038,-0.0491,-0.0606,-0.0724,-0.0847,-0.0975,-0.1109,-0.1253,-0.1408,-0.1579,-0.1778,-0.2028,-0.2358,-0.2749,-0.2979,-0.2608,-0.1576,-0.0458,0.0231,0.0344,-0.0228,-0.145,-0.1727,-0.001,0.2582,0.6139,0.9749,0.8365,0.5948,0.4823,0.4589,0.4776,0.4939,0.4856,0.4594,0.428,-0.0314,-0.0412,-0.0512,-0.0615,-0.0721,-0.0829,-0.0941,-0.1057,-0.118,-0.131,-0.1452,-0.161,-0.1775,-0.19,-0.1871,-0.1562,-0.0999,-0.0408,-0.0047,-0.013,-0.0968,-0.266,-0.3136,-0.0939,0.2012,0.4989,0.7051,0.6811,0.5579,0.4721,0.4386,0.4362,0.4403,0.4358,0.4209,0.4006,-0.0246,-0.0332,-0.042,-0.0509,-0.0598,-0.0689,-0.0781,-0.0873,-0.0967,-0.106,-0.1153,-0.124,-0.1305,-0.1314,-0.1217,-0.0982,-0.0642,-0.0308,-0.0126,-0.0255,-0.0866,-0.1819,-0.1961,-0.0536,0.1545,0.3502,0.4788,0.5065,0.472,0.4318,0.4089,0.4015,0.3999,0.3959,0.3868,0.3738]}]