docs/data/wind_grid.json
[{"header":{"la1":42.85,"la2":41.18,"lo1":11.55,"lo2":14.05,"nx":36,"ny":24,"dx":0.07143,"dy":0.07261,"parameterCategory":2,"parameterNumber":2,"parameterNumberName":"eastward_wind","parameterUnit":"m.s-1"},"data":[-0.2697,-0.2726,-0.2741,-0.2743,-0.2738,-0.273,-0.2726,-0.273,-0.2749,-0.279,-0.2861,-0.2971,-0.3124,-0.3317,-0.3539,-0.3768,-0.3973,-0.4114,-0.4155,-0.4082,-0.3918,-0.3721,-0.355,-0.3431,-0.3356,-0.33,-0.3244,-0.318,-0.3107,-0.3028,-0.2945,-0.2863,-0.2783,-0.2705,-0.2633,-0.2564,-0.2819,-0.2854,-0.2867,-0.2859,-0.2839,-0.2814,-0.2794,-0.2783,-0.2785,-0.2808,-0.2869,-0.2984,-0.3162,-0.3403,-0.3695,-0.4011,-0.4307,-0.4514,-0.4557,-0.4392,-0.4065,-0.3707,-0.3452,-0.3338,-0.3309,-0.3299,-0.3271,-0.3219,-0.3148,-0.3064,-0.2975,-0.2885,-0.2798,-0.2716,-0.2638,-0.2566,-0.2979,-0.3025,-0.3038,-0.3018,-0.2975,-0.2928,-0.2891,-0.2866,-0.2845,-0.2835,-0.2866,-0.2973,-0.3175,-0.3473,-0.3858,-0.4305,-0.4754,-0.5093,-0.5159,-0.482,-0.4139,-0.3437,-0.3068,-0.3054,-0.3174,-0.3269,-0.3294,-0.326,-0.3188,-0.3098,-0.3001,-0.2903,-0.2809,-0.2721,-0.2639,-0.2563,-0.3188,-0.3261,-0.3281,-0.3242,-0.3163,-0.3081,-0.3032,-0.301,-0.2967,-0.2893,-0.2855,-0.293,-0.3149,-0.3512,-0.4013,-0.4641,-0.5349,-0.5976,-0.6173,-0.5534,-0.4047,-0.2534,-0.2072,-0.2477,-0.2963,-0.324,-0.333,-0.331,-0.3232,-0.313,-0.3022,-0.2914,-0.2813,-0.2719,-0.2633,-0.2555,-0.3464,-0.359,-0.3637,-0.3575,-0.3426,-0.3277,-0.3231,-0.3283,-0.3252,-0.3036,-0.2835,-0.2835,-0.3064,-0.3495,-0.4123,-0.4976,-0.6087,-0.7336,-0.8075,-0.7085,-0.3885,-0.0381,-0.0137,-0.1728,-0.2822,-0.3288,-0.3412,-0.3379,-0.328,-0.3159,-0.3035,-0.2917,-0.2808,-0.2709,-0.262,-0.2539,-0.3815,-0.4052,-0.418,-0.4104,-0.382,-0.3511,-0.3461,-0.3784,-0.3909,-0.3325,-0.277,-0.2653,-0.2899,-0.34,-0.4138,-0.5196,-0.6791,-0.9162,-1.1593,-1.0665,-0.5113,0.1134,0.0954,-0.1736,-0.3075,-0.3509,-0.356,-0.3467,-0.3327,-0.3179,-0.3038,-0.2909,-0.2794,-0.2691,-0.2599,-0.2518,-0.4231,-0.4671,-0.5017,-0.4998,-0.4462,-0.3771,-0.3547,-0.4263,-0.4784,-0.3487,-0.2481,-0.2318,-0.2638,-0.3225,-0.4026,-0.5155,-0.6988,-1.0277,-1.5043,-1.4544,-0.8564,-0.3776,-0.2556,-0.3402,-0.3863,-0.3896,-0.375,-0.3554,-0.3359,-0.3181,-0.3024,-0.2887,-0.2767,-0.2662,-0.257,-0.2488,-0.4641,-0.5374,-0.6179,-0.6471,-0.5502,-0.4079,-0.3242,-0.3439,-0.3653,-0.2435,-0.1667,-0.1766,-0.2294,-0.3011,-0.3844,-0.4857,-0.6411,-0.9041,-1.2243,-1.2381,-1.1213,-0.9581,-0.6955,-0.5498,-0.4765,-0.4276,-0.39,-0.3599,-0.3355,-0.3155,-0.2988,-0.2847,-0.2727,-0.2622,-0.2532,-0.2452,-0.491,-0.5867,-0.7127,-0.7971,-0.6504,-0.4335,-0.2669,-0.16,-0.0722,-0.004,-0.0246,-0.1022,-0.1909,-0.2835,-0.3775,-0.4581,-0.5638,-0.7329,-0.9231,-1.1222,-1.5013,-1.3884,-0.934,-0.6655,-0.525,-0.444,-0.3923,-0.3565,-0.33,-0.3095,-0.2929,-0.2791,-0.2673,-0.2572,-0.2485,-0.2409,-0.4943,-0.5905,-0.6979,-0.7519,-0.6642,-0.4436,-0.2093,0.0182,0.2895,0.3837,0.1731,-0.0241,-0.1533,-0.2667,-0.4061,-0.4738,-0.5268,-0.6646,-0.8147,-1.0114,-1.3057,-1.2356,-0.8948,-0.6534,-0.5123,-0.429,-0.3776,-0.3436,-0.3191,-0.3001,-0.2847,-0.2719,-0.2608,-0.2513,-0.2431,-0.2359,-0.4759,-0.5717,-0.7037,-0.8944,-0.8321,-0.4661,-0.1816,0.0935,0.7074,1.014,0.3468,0.0207,-0.12,-0.2157,-0.3694,-0.4692,-0.5479,-0.7342,-0.8501,-0.8831,-0.9153,-0.8615,-0.7062,-0.5564,-0.452,-0.3878,-0.3492,-0.3235,-0.3042,-0.2885,-0.2752,-0.2636,-0.2535,-0.2447,-0.237,-0.2304,-0.4367,-0.525,-0.6626,-0.8524,-0.7763,-0.4114,-0.2021,-0.1119,0.3024,0.6208,0.2398,0.0097,-0.0968,-0.133,-0.2187,-0.4013,-0.6625,-1.1034,-1.2138,-0.9443,-0.7536,-0.6365,-0.5318,-0.4395,-0.3737,-0.3365,-0.3165,-0.3018,-0.2885,-0.2764,-0.2652,-0.255,-0.2457,-0.2374,-0.2303,-0.2242,-0.3784,-0.4381,-0.5109,-0.5591,-0.4756,-0.2992,-0.2286,-0.3076,-0.1633,0.0969,0.0905,0.0012,-0.0725,-0.1091,-0.1769,-0.4225,-0.7813,-1.9543,-1.9965,-1.0554,-0.6536,-0.478,-0.3885,-0.3368,-0.3095,-0.3,-0.2936,-0.2847,-0.2752,-0.2657,-0.2561,-0.2465,-0.2376,-0.2296,-0.2229,-0.2175,-0.3119,-0.3406,-0.3619,-0.3531,-0.2932,-0.2151,-0.1911,-0.2314,-0.1465,0.0543,0.1083,0.028,-0.0271,-0.1799,-0.2889,-0.5464,-0.6915,-1.281,-1.401,-0.804,-0.4409,-0.2857,-0.2452,-0.2544,-0.284,-0.2999,-0.2865,-0.2739,-0.2658,-0.2579,-0.2487,-0.2386,-0.2289,-0.2207,-0.2144,-0.2097,-0.2487,-0.2564,-0.2533,-0.2309,-0.1878,-0.1393,-0.1051,-0.0697,0.0372,0.2165,0.331,0.2406,0.0359,-0.0966,-0.3004,-0.5989,-0.9636,-0.7251,-0.608,-0.3353,-0.067,-0.0014,-0.0735,-0.1649,-0.246,-0.2809,-0.2726,-0.2658,-0.262,-0.255,-0.2439,-0.2308,-0.2186,-0.2094,-0.2037,-0.2005,-0.1942,-0.1898,-0.1763,-0.1504,-0.1129,-0.0679,-0.0161,0.06,0.2003,0.4662,0.9208,0.6057,0.3581,0.0601,-0.1434,-0.4683,-0.7467,-0.4352,-0.1791,0.0827,0.4257,0.3547,0.1062,-0.061,-0.1715,-0.2315,-0.2572,-0.269,-0.2699,-0.2599,-0.2417,-0.2206,-0.203,-0.1927,-0.1891,-0.1891,-0.149,-0.1381,-0.1196,-0.0922,-0.0556,-0.0093,0.0507,0.1374,0.2768,0.5163,0.854,0.6359,0.471,0.428,0.1634,-0.0133,-0.0881,0.0696,0.2622,0.3398,0.523,0.4425,0.1978,0.009,-0.1334,-0.2321,-0.2871,-0.3057,-0.2996,-0.276,-0.2401,-0.2016,-0.1744,-0.1653,-0.1683,-0.175,-0.1123,-0.0976,-0.0767,-0.0487,-0.0126,0.0329,0.0914,0.1693,0.2743,0.4037,0.5001,0.4814,0.4948,0.5176,0.5696,0.6026,0.4331,0.5458,0.7506,0.5943,0.4911,0.3872,0.2244,0.0322,-0.1637,-0.3243,-0.3949,-0.3903,-0.3569,-0.3046,-0.2347,-0.162,-0.1203,-0.1213,-0.141,-0.1596,-0.0825,-0.0659,-0.0441,-0.0163,0.0183,0.0607,0.1127,0.1761,0.25,0.3254,0.3824,0.4179,0.4762,0.6532,1.3231,1.6232,0.8501,0.7301,0.8601,0.9916,0.7438,0.4955,0.2865,0.0463,-0.2392,-0.4925,-0.5519,-0.5045,-0.4396,-0.3481,-0.2276,-0.0987,-0.0397,-0.0682,-0.115,-0.1477,-0.0585,-0.041,-0.0192,0.0076,0.0398,0.078,0.1229,0.174,0.2296,0.2852,0.3372,0.3944,0.4924,0.7278,1.2488,1.418,0.9381,0.887,1.4131,1.6882,1.0213,0.6604,0.419,0.1155,-0.2633,-0.5568,-0.6113,-0.6408,-0.5523,-0.4152,-0.2499,-0.0742,-0.002,-0.0492,-0.1093,-0.1467,-0.0392,-0.0216,-0.0003,0.0249,0.0545,0.0886,0.1272,0.1698,0.2154,0.2627,0.3132,0.3756,0.4703,0.6269,0.8245,0.8883,0.8109,0.8744,1.1715,1.2806,1.0154,0.8757,0.7228,0.3288,-0.201,-0.6881,-1.0926,-0.9798,-0.6959,-0.5043,-0.3317,-0.1652,-0.0844,-0.099,-0.1349,-0.1597,-0.0239,-0.0066,0.0138,0.0373,0.0643,0.0947,0.1284,0.1651,0.2045,0.2466,0.2935,0.3503,0.4244,0.5181,0.6104,0.662,0.6873,0.757,0.8787,0.9602,1.0577,1.3738,1.4297,0.7636,-0.0475,-0.806,-1.4386,-1.151,-0.7454,-0.5841,-0.4362,-0.2931,-0.2045,-0.1765,-0.1763,-0.1809,-0.0118,0.005,0.0242,0.046,0.0706,0.0979,0.1277,0.16,0.1947,0.2322,0.2739,0.3219,0.3779,0.4398,0.4986,0.5462,0.5907,0.6525,0.7398,0.8688,1.1669,1.8036,2.0041,1.1121,0.1737,-0.5146,-0.8891,-0.811,-0.699,-0.6474,-0.5119,-0.3778,-0.2857,-0.2359,-0.2124,-0.201,-0.0023,0.0137,0.0317,0.0519,0.0743,0.0989,0.1255,0.1542,0.1849,0.2181,0.2543,0.2942,0.3378,0.3836,0.4284,0.4709,0.5157,0.5722,0.653,0.7884,1.0482,1.4284,1.487,0.9383,0.2687,-0.2388,-0.5283,-0.6343,-0.6878,-0.6464,-0.5222,-0.4049,-0.3204,-0.2664,-0.2339,-0.2141]},{"header":{"la1":42.85,"la2":41.18,"lo1":11.55,"lo2":14.05,"nx":36,"ny":24,"dx":0.07143,"dy":0.07261,"parameterCategory":2,"parameterNumber":3,"parameterNumberName":"northward_wind","parameterUnit":"m.s-1"},"data":[-0.2859,-0.2686,-0.2487,-0.2263,-0.2025,-0.1792,-0.1597,-0.1476,-0.1457,-0.1538,-0.169,-0.1867,-0.2031,-0.2157,-0.2238,-0.2277,-0.2287,-0.2284,-0.2283,-0.2296,-0.2325,-0.2367,-0.2417,-0.2472,-0.2535,-0.2607,-0.269,-0.2782,-0.2881,-0.2985,-0.3092,-0.3198,-0.3304,-0.3407,-0.3505,-0.3599,-0.2852,-0.2649,-0.2405,-0.2116,-0.1786,-0.1439,-0.1128,-0.0928,-0.0903,-0.1059,-0.1332,-0.1634,-0.1894,-0.2079,-0.2185,-0.2223,-0.2217,-0.2193,-0.2179,-0.2193,-0.2238,-0.2299,-0.236,-0.2417,-0.248,-0.2554,-0.2644,-0.2746,-0.2857,-0.2974,-0.3093,-0.3211,-0.3328,-0.3441,-0.3548,-0.3649,-0.2864,-0.2632,-0.234,-0.1971,-0.1511,-0.0975,-0.0443,-0.0071,-0.0021,-0.0321,-0.0829,-0.135,-0.1761,-0.2026,-0.2157,-0.2184,-0.2142,-0.2078,-0.204,-0.2066,-0.2156,-0.2263,-0.2339,-0.2385,-0.2433,-0.2504,-0.2599,-0.2713,-0.2838,-0.2969,-0.3102,-0.3234,-0.3363,-0.3486,-0.3603,-0.3712,-0.2898,-0.2641,-0.2308,-0.1857,-0.1233,-0.0396,0.0572,0.1353,0.1495,0.0873,-0.0118,-0.1027,-0.1662,-0.2026,-0.2176,-0.2171,-0.2063,-0.1919,-0.1831,-0.1887,-0.2095,-0.2325,-0.2413,-0.2396,-0.2397,-0.2454,-0.2555,-0.2683,-0.2825,-0.2973,-0.3122,-0.3269,-0.3412,-0.3547,-0.3674,-0.3791,-0.2953,-0.2677,-0.232,-0.182,-0.1036,0.0227,0.2031,0.3839,0.43,0.2868,0.0826,-0.0737,-0.1662,-0.212,-0.227,-0.2206,-0.1985,-0.1684,-0.1467,-0.1566,-0.205,-0.2609,-0.2657,-0.2444,-0.2356,-0.2398,-0.2512,-0.2659,-0.2822,-0.299,-0.3157,-0.3321,-0.3478,-0.3626,-0.3764,-0.3889,-0.3022,-0.2719,-0.2355,-0.1883,-0.1067,0.0601,0.3738,0.8002,0.9526,0.589,0.1745,-0.0687,-0.186,-0.2358,-0.2479,-0.2333,-0.1951,-0.137,-0.0818,-0.0909,-0.1781,-0.2839,-0.281,-0.2388,-0.2261,-0.2325,-0.2469,-0.2646,-0.2834,-0.3024,-0.3211,-0.3393,-0.3566,-0.3728,-0.3876,-0.401,-0.3097,-0.2715,-0.2286,-0.1923,-0.1408,0.0176,0.425,1.1786,1.5407,0.7969,0.1623,-0.1212,-0.2346,-0.2773,-0.285,-0.2631,-0.2089,-0.1206,-0.0191,-0.0237,-0.1058,-0.1856,-0.2113,-0.2033,-0.2081,-0.2237,-0.2437,-0.265,-0.2866,-0.308,-0.3289,-0.349,-0.3681,-0.3858,-0.4018,-0.416,-0.321,-0.2651,-0.1876,-0.145,-0.1764,-0.1248,0.1573,0.7133,0.9646,0.3992,-0.0601,-0.2439,-0.3079,-0.335,-0.3459,-0.3241,-0.256,-0.158,-0.0676,-0.0394,-0.0064,-0.0296,-0.1051,-0.1548,-0.1882,-0.2167,-0.2431,-0.2683,-0.2927,-0.3164,-0.3396,-0.3619,-0.383,-0.4023,-0.4196,-0.4346,-0.3471,-0.278,-0.1357,-0.0129,-0.1919,-0.309,-0.2607,-0.1459,-0.1571,-0.32,-0.4012,-0.3959,-0.3827,-0.3997,-0.4498,-0.4501,-0.3413,-0.2182,-0.1211,-0.0161,0.1575,0.1199,-0.0344,-0.1248,-0.1781,-0.2162,-0.2476,-0.2756,-0.3022,-0.3282,-0.3538,-0.3787,-0.4021,-0.4233,-0.4419,-0.4575,-0.3982,-0.3598,-0.2761,-0.22,-0.4033,-0.5229,-0.6098,-0.7276,-0.9362,-0.9977,-0.7371,-0.5176,-0.4264,-0.444,-0.6215,-0.7264,-0.4399,-0.2548,-0.1515,-0.0459,0.085,0.067,-0.0464,-0.1291,-0.1848,-0.2259,-0.2588,-0.2876,-0.3155,-0.3436,-0.3722,-0.4002,-0.4266,-0.4501,-0.4701,-0.4861,-0.4617,-0.4794,-0.544,-0.7203,-0.7237,-0.7247,-0.8808,-1.0812,-1.5006,-1.7318,-0.9718,-0.5544,-0.4198,-0.4249,-0.5825,-0.723,-0.3913,-0.2335,-0.1681,-0.1098,-0.0576,-0.0555,-0.1008,-0.1564,-0.2068,-0.247,-0.2776,-0.3043,-0.3322,-0.3629,-0.3954,-0.4279,-0.4583,-0.4847,-0.506,-0.522,-0.5126,-0.5562,-0.6396,-0.7508,-0.7688,-0.8671,-1.1271,-1.339,-1.3967,-1.4073,-0.8482,-0.4766,-0.3798,-0.4658,-0.398,-0.2822,-0.1889,-0.1916,-0.1935,-0.1433,-0.1092,-0.1072,-0.1363,-0.1864,-0.2417,-0.2823,-0.3046,-0.3243,-0.3514,-0.386,-0.4248,-0.464,-0.5,-0.5299,-0.5524,-0.5673,-0.5421,-0.5866,-0.648,-0.7151,-0.7914,-0.9663,-1.2848,-1.5987,-1.4046,-0.9996,-0.6066,-0.3409,-0.2589,-0.4862,-0.3384,0.0243,0.0357,-0.2729,-0.2987,-0.1463,-0.0993,-0.1007,-0.1394,-0.2094,-0.2928,-0.3388,-0.3385,-0.3442,-0.3714,-0.4135,-0.4627,-0.5123,-0.5563,-0.5906,-0.6133,-0.6252,-0.555,-0.595,-0.6456,-0.7087,-0.8001,-0.9557,-1.1887,-1.4108,-1.2611,-0.8085,-0.4602,-0.2659,-0.1641,0.4626,0.1926,0.5661,0.4072,-0.0123,-0.1462,-0.0741,-0.0285,-0.0354,-0.1027,-0.2115,-0.34,-0.3961,-0.3631,-0.3575,-0.3912,-0.4475,-0.5139,-0.5796,-0.6352,-0.6741,-0.6947,-0.6995,-0.5566,-0.5913,-0.6341,-0.6883,-0.7609,-0.8585,-0.9667,-1.0132,-0.877,-0.6197,-0.4109,-0.2128,0.0976,0.5651,0.3552,0.6959,0.6783,0.2698,0.0425,0.0483,0.1588,0.1409,-0.0099,-0.1681,-0.3028,-0.3622,-0.3488,-0.3595,-0.4119,-0.4921,-0.586,-0.6776,-0.7501,-0.7926,-0.8049,-0.7949,-0.5506,-0.579,-0.6126,-0.6522,-0.6979,-0.7448,-0.7748,-0.7521,-0.6535,-0.5416,-0.5731,-0.1909,-0.1007,0.0774,0.1541,0.3548,0.4897,0.1886,0.0164,0.1605,0.6178,0.4957,0.1115,-0.1069,-0.2224,-0.2771,-0.3026,-0.3476,-0.4324,-0.5516,-0.691,-0.826,-0.9238,-0.9645,-0.9545,-0.9152,-0.5398,-0.5616,-0.5857,-0.6111,-0.6352,-0.6518,-0.6496,-0.6163,-0.5551,-0.5101,-0.5484,-0.3719,-0.4019,-0.4526,-0.1766,-0.0468,-0.0177,-0.1554,-0.2466,0.0291,0.6726,0.5232,0.1023,-0.0956,-0.1672,-0.1859,-0.2167,-0.3037,-0.4446,-0.6275,-0.8435,-1.0561,-1.1934,-1.2146,-1.1519,-1.0592,-0.5265,-0.5423,-0.5582,-0.5728,-0.5832,-0.5852,-0.5732,-0.5446,-0.5048,-0.4694,-0.4418,-0.4132,-0.506,-0.5464,-0.5044,-0.5101,-0.4047,-0.5271,-0.7314,-0.3917,-0.0346,0.0399,-0.0736,-0.1426,-0.1116,-0.0114,-0.0111,-0.1943,-0.4411,-0.7168,-1.0508,-1.4031,-1.6013,-1.5563,-1.3869,-1.2115,-0.5127,-0.5235,-0.5333,-0.5407,-0.5436,-0.5394,-0.5263,-0.504,-0.4765,-0.4503,-0.4312,-0.4313,-0.4746,-0.5874,-1.007,-1.1994,-0.6894,-0.6266,-0.7206,-0.6558,-0.4436,-0.2982,-0.2599,-0.2155,-0.0439,0.3286,0.4071,-0.0515,-0.4522,-0.8092,-1.2689,-1.8216,-2.0953,-1.915,-1.5976,-1.334,-0.4996,-0.5066,-0.5122,-0.5152,-0.5144,-0.5084,-0.4968,-0.4802,-0.4616,-0.4453,-0.4375,-0.4487,-0.4986,-0.6396,-0.9647,-1.0687,-0.7435,-0.6634,-0.8498,-0.9509,-0.6504,-0.4915,-0.4221,-0.3325,-0.1185,0.3536,0.4623,-0.1847,-0.5642,-0.8887,-1.3564,-1.9896,-2.2963,-2.0453,-1.67,-1.3787,-0.4877,-0.4922,-0.495,-0.4956,-0.4932,-0.4873,-0.478,-0.4662,-0.4542,-0.4454,-0.4448,-0.4601,-0.5031,-0.5894,-0.704,-0.7336,-0.6631,-0.654,-0.7543,-0.7906,-0.6826,-0.6392,-0.612,-0.5183,-0.3993,-0.384,-0.6909,-0.7258,-0.7808,-0.9616,-1.2639,-1.696,-1.9432,-1.8193,-1.5607,-1.3306,-0.4775,-0.4802,-0.4814,-0.4808,-0.478,-0.4729,-0.4659,-0.4578,-0.4505,-0.4465,-0.4492,-0.4631,-0.4925,-0.5375,-0.5834,-0.6028,-0.5992,-0.6119,-0.6509,-0.6816,-0.7258,-0.856,-0.895,-0.733,-0.6342,-0.7661,-1.0607,-0.9768,-1.0073,-1.0776,-1.1693,-1.3547,-1.4998,-1.4862,-1.3672,-1.2265,-0.4689,-0.4704,-0.4708,-0.4697,-0.4671,-0.4631,-0.458,-0.4527,-0.4485,-0.4472,-0.451,-0.4619,-0.4809,-0.5062,-0.5309,-0.5483,-0.561,-0.5805,-0.6133,-0.667,-0.7862,-1.0157,-1.0844,-0.8623,-0.7409,-0.8,-0.9279,-1.0637,-1.2992,-1.2503,-1.1591,-1.1802,-1.2341,-1.2411,-1.1919,-1.1142,-0.4618,-0.4627,-0.4626,-0.4615,-0.4593,-0.4563,-0.4527,-0.4494,-0.4473,-0.4475,-0.4513,-0.4597,-0.4727,-0.4891,-0.5062,-0.5223,-0.5393,-0.5622,-0.5973,-0.6567,-0.7622,-0.9038,-0.9408,-0.8346,-0.7675,-0.8033,-0.9157,-1.1196,-1.3361,-1.2759,-1.1457,-1.097,-1.095,-1.0904,-1.0636,-1.0181]}]