docs/data/wind_grid.json
[{"header":{"la1":42.85,"la2":41.18,"lo1":11.55,"lo2":14.05,"nx":36,"ny":24,"dx":0.07143,"dy":0.07261,"parameterCategory":2,"parameterNumber":2,"parameterNumberName":"eastward_wind","parameterUnit":"m.s-1"},"data":[0.9206,0.9193,0.9184,0.9176,0.9163,0.9138,0.9089,0.9007,0.8882,0.8707,0.8484,0.8217,0.7915,0.7591,0.7261,0.6951,0.6694,0.6532,0.6505,0.6625,0.6856,0.7128,0.7368,0.7543,0.7659,0.7739,0.7803,0.7863,0.7921,0.7979,0.8035,0.8089,0.814,0.8187,0.8232,0.8273,0.9198,0.9191,0.9194,0.9204,0.9216,0.9217,0.9194,0.9129,0.9004,0.8811,0.8549,0.8224,0.785,0.744,0.7011,0.659,0.6224,0.5989,0.597,0.6209,0.6646,0.7119,0.7472,0.7661,0.7741,0.778,0.7814,0.7856,0.7906,0.796,0.8015,0.8069,0.8121,0.8169,0.8213,0.8255,0.917,0.9166,0.9182,0.9217,0.9264,0.931,0.9332,0.9301,0.9187,0.8973,0.8659,0.8262,0.7797,0.728,0.6721,0.6139,0.5589,0.5196,0.5156,0.5621,0.6492,0.7372,0.7874,0.7984,0.7927,0.7864,0.7841,0.7856,0.7894,0.7944,0.7998,0.8052,0.8103,0.8151,0.8195,0.8237,0.9114,0.9106,0.9132,0.9196,0.9295,0.941,0.9509,0.9545,0.946,0.9217,0.883,0.8335,0.7759,0.7116,0.6399,0.5596,0.4731,0.3975,0.377,0.4629,0.6483,0.8283,0.8902,0.8613,0.8209,0.7966,0.7867,0.7852,0.7881,0.7928,0.7981,0.8035,0.8086,0.8133,0.8177,0.8217,0.9018,0.8991,0.9013,0.9107,0.9277,0.9499,0.9729,0.9894,0.987,0.9576,0.9068,0.844,0.7732,0.695,0.6066,0.5002,0.3646,0.2068,0.1118,0.249,0.6524,1.0489,1.0847,0.9427,0.8455,0.8019,0.7862,0.7834,0.7861,0.791,0.7965,0.8019,0.8069,0.8115,0.8157,0.8196,0.8873,0.8795,0.8782,0.8892,0.9156,0.9536,0.9965,1.0357,1.0455,1.0038,0.9343,0.8552,0.7694,0.6768,0.5742,0.4471,0.2564,-0.0537,-0.4003,-0.2547,0.5071,1.2049,1.1944,0.9576,0.8383,0.7936,0.7803,0.7795,0.7835,0.789,0.7948,0.8002,0.8051,0.8094,0.8134,0.8171,0.8682,0.8504,0.8381,0.8455,0.8842,0.9449,1.0103,1.0716,1.094,1.0392,0.9564,0.8639,0.7615,0.6513,0.5371,0.4098,0.2103,-0.2108,-0.9306,-0.8331,0.1804,0.7846,0.9138,0.8414,0.7902,0.772,0.7698,0.774,0.7803,0.7869,0.793,0.7984,0.803,0.807,0.8106,0.814,0.8477,0.815,0.7805,0.7708,0.8265,0.921,1.0065,1.0624,1.0768,1.045,0.9739,0.8719,0.7474,0.6064,0.4671,0.3594,0.2454,-0.0136,-0.4205,-0.29,0.2723,0.5191,0.6565,0.7158,0.7367,0.7487,0.759,0.7686,0.7772,0.7848,0.7911,0.7962,0.8003,0.8038,0.807,0.81,0.8319,0.7868,0.7329,0.7,0.7683,0.8972,1.0114,1.0817,1.1112,1.0958,1.0166,0.89,0.7323,0.5307,0.2922,0.1808,0.2433,0.2435,0.186,0.289,0.4747,0.4986,0.5836,0.663,0.709,0.735,0.7518,0.7644,0.7745,0.7826,0.7888,0.7934,0.7968,0.7995,0.802,0.8046,0.8258,0.774,0.7197,0.6944,0.7302,0.8848,1.0483,1.164,1.2546,1.2579,1.1078,0.9242,0.7335,0.4647,-0.0685,-0.3459,0.1424,0.3691,0.4262,0.4654,0.4997,0.5291,0.6018,0.6669,0.7076,0.7314,0.7473,0.7603,0.7713,0.7798,0.7858,0.7895,0.7917,0.7933,0.795,0.7971,0.8312,0.7695,0.6691,0.4963,0.5508,0.8774,1.1217,1.2668,1.4419,1.5286,1.2043,0.9573,0.7601,0.5376,0.0314,-0.3408,0.2399,0.4747,0.5412,0.5705,0.5897,0.618,0.6614,0.6975,0.717,0.7272,0.7386,0.7529,0.7663,0.776,0.7815,0.7838,0.7842,0.7842,0.7849,0.7866,0.8526,0.7932,0.6873,0.5277,0.6007,0.9644,1.2438,1.3783,1.4061,1.4082,1.1807,0.9798,0.7841,0.5856,0.5334,0.4722,0.5363,0.5614,0.578,0.6367,0.6797,0.7074,0.7261,0.7285,0.7128,0.7006,0.7125,0.7374,0.7586,0.7709,0.7756,0.7752,0.7728,0.7706,0.7701,0.7719,0.8896,0.8533,0.8054,0.7784,0.8765,1.1063,1.3404,1.4956,1.4206,1.2789,1.1449,1.0502,0.9096,0.5736,0.628,0.733,0.7009,0.4904,0.4852,0.6731,0.7561,0.7869,0.7847,0.7449,0.6664,0.6181,0.657,0.7149,0.7508,0.7657,0.7673,0.762,0.7549,0.7497,0.7482,0.7508,0.9326,0.921,0.9174,0.9438,1.0289,1.1669,1.3156,1.4225,1.3795,1.2486,1.1623,1.1445,1.1391,1.0784,0.8894,0.8707,0.8205,0.6661,0.6367,0.7723,0.8514,0.8735,0.8481,0.7635,0.6018,0.507,0.6055,0.7047,0.7505,0.762,0.7551,0.7405,0.726,0.717,0.7155,0.721,0.9715,0.9753,0.9901,1.0254,1.0874,1.1688,1.248,1.2934,1.2779,1.2424,1.2273,1.1926,1.1675,1.2854,0.9913,0.8856,0.7717,0.8322,0.8627,0.925,0.9762,0.9776,0.9299,0.8308,0.6748,0.5846,0.6566,0.7342,0.7635,0.7587,0.7346,0.7037,0.6777,0.6648,0.6665,0.6792,1.0022,1.013,1.0326,1.064,1.1073,1.1566,1.2004,1.2274,1.2411,1.2827,1.4084,1.3041,1.2255,1.149,1.0455,0.9289,0.8447,0.9464,1.0257,1.0655,1.0836,1.071,1.0165,0.9321,0.8343,0.7739,0.7766,0.7913,0.7837,0.7504,0.6974,0.6389,0.5954,0.581,0.5939,0.6224,1.0248,1.038,1.057,1.0827,1.1137,1.1464,1.1759,1.2001,1.2272,1.2832,1.3824,1.298,1.1724,1.1265,1.1303,1.1004,1.0899,1.1646,1.2395,1.2036,1.1154,1.1125,1.087,1.0205,0.9495,0.8996,0.8709,0.8433,0.7999,0.7306,0.6324,0.5252,0.4543,0.4483,0.4908,0.5504,1.041,1.0543,1.0714,1.0922,1.1157,1.1399,1.1628,1.1846,1.2086,1.2384,1.2577,1.2285,1.1627,1.1628,1.3109,1.3776,1.3275,1.3975,1.4831,1.4257,1.309,1.23,1.1698,1.0919,1.0145,0.962,0.9272,0.8788,0.8081,0.6999,0.5337,0.3373,0.2231,0.2543,0.3613,0.4713,1.0526,1.0652,1.0802,1.0976,1.1164,1.1357,1.1547,1.1732,1.1918,1.2091,1.2195,1.2206,1.2329,1.3347,1.7067,1.8652,1.5355,1.5293,1.6285,1.8195,1.612,1.4082,1.2763,1.1566,1.0426,0.9816,0.965,0.8953,0.8072,0.6728,0.4284,0.0953,-0.0755,0.0398,0.2419,0.4085,1.061,1.0726,1.0859,1.1008,1.1166,1.1329,1.1492,1.1653,1.1812,1.1965,1.2117,1.2325,1.2801,1.4082,1.6807,1.7754,1.5988,1.6916,2.2331,2.5037,1.8845,1.5725,1.4054,1.2371,1.0604,0.9711,0.9576,0.8501,0.7891,0.6762,0.41,0.0001,-0.2029,-0.0374,0.2073,0.3939,1.0671,1.0778,1.0898,1.1028,1.1166,1.1309,1.1455,1.1603,1.1755,1.1918,1.2113,1.24,1.2901,1.3772,1.4893,1.5448,1.5604,1.6961,2.0085,2.1189,1.8666,1.7278,1.6226,1.389,1.0989,0.8498,0.6288,0.6715,0.7672,0.7322,0.5371,0.2235,0.0435,0.124,0.2934,0.4402,1.0716,1.0815,1.0924,1.1041,1.1166,1.1295,1.143,1.1571,1.1722,1.1893,1.2105,1.2394,1.281,1.3373,1.3988,1.45,1.5054,1.6041,1.7347,1.8066,1.8542,2.0481,2.0856,1.67,1.1923,0.7765,0.4382,0.5992,0.8365,0.8534,0.7231,0.524,0.3837,0.3737,0.442,0.5257,1.0749,1.0841,1.0942,1.105,1.1164,1.1284,1.1411,1.1547,1.1696,1.1867,1.2075,1.2339,1.2675,1.3083,1.3528,1.399,1.4531,1.5242,1.6088,1.7084,1.9074,2.326,2.4578,1.8906,1.3229,0.9372,0.747,0.8527,1.0423,1.0059,0.8718,0.7259,0.6166,0.5729,0.5827,0.6181,1.0773,1.086,1.0953,1.1054,1.116,1.1273,1.1394,1.1524,1.1669,1.1834,1.2028,1.2262,1.2541,1.2865,1.3226,1.3625,1.4091,1.4659,1.5374,1.6404,1.821,2.0775,2.1209,1.7762,1.372,1.0885,0.9577,0.9866,1.0726,1.0387,0.9353,0.8308,0.7495,0.7033,0.69,0.6986]},{"header":{"la1":42.85,"la2":41.18,"lo1":11.55,"lo2":14.05,"nx":36,"ny":24,"dx":0.07143,"dy":0.07261,"parameterCategory":2,"parameterNumber":3,"parameterNumberName":"northward_wind","parameterUnit":"m.s-1"},"data":[0.3325,0.3507,0.3715,0.3946,0.4192,0.4433,0.4643,0.4787,0.4842,0.4806,0.4701,0.4559,0.4409,0.427,0.415,0.4054,0.3989,0.3964,0.3983,0.4044,0.4119,0.4162,0.4126,0.3994,0.378,0.3518,0.3238,0.2959,0.2693,0.2444,0.2212,0.1999,0.1802,0.1622,0.1458,0.1308,0.3325,0.3534,0.3783,0.4076,0.4406,0.4753,0.5068,0.5289,0.536,0.5277,0.5085,0.4852,0.4628,0.4433,0.4273,0.4147,0.4061,0.4035,0.4089,0.4232,0.4426,0.4576,0.4576,0.4395,0.4086,0.3724,0.336,0.3017,0.2704,0.2419,0.2162,0.1929,0.1717,0.1526,0.1352,0.1196,0.3298,0.3531,0.3823,0.4189,0.4638,0.5152,0.5662,0.6036,0.6143,0.5958,0.5595,0.5203,0.4867,0.4602,0.4394,0.4225,0.4099,0.4049,0.4136,0.4415,0.485,0.5233,0.5291,0.4978,0.4475,0.3949,0.3469,0.305,0.2686,0.2366,0.2084,0.1832,0.1607,0.1405,0.1224,0.1062,0.3235,0.3485,0.3813,0.4254,0.4853,0.5633,0.6514,0.7233,0.7426,0.7002,0.6278,0.5606,0.5113,0.4774,0.4518,0.4293,0.4087,0.3954,0.4029,0.4499,0.543,0.6371,0.6489,0.5797,0.4914,0.4146,0.3531,0.3034,0.2623,0.2273,0.197,0.1703,0.1467,0.1256,0.1069,0.0903,0.3132,0.3389,0.3733,0.4223,0.4974,0.6129,0.7712,0.927,0.9722,0.8667,0.7145,0.6006,0.5333,0.4946,0.4666,0.4377,0.4032,0.368,0.3564,0.4192,0.6033,0.8295,0.8318,0.6693,0.5237,0.4217,0.3491,0.294,0.2498,0.213,0.1813,0.1537,0.1292,0.1076,0.0885,0.0717,0.2993,0.3252,0.3587,0.4057,0.4863,0.6397,0.9099,1.2635,1.3913,1.1111,0.7983,0.6244,0.5471,0.5129,0.4889,0.4552,0.4008,0.322,0.2467,0.2945,0.5671,0.9479,0.9269,0.684,0.5124,0.4044,0.3302,0.2746,0.23,0.1928,0.1608,0.1327,0.1079,0.086,0.0667,0.0499,0.2823,0.3111,0.3465,0.383,0.4427,0.5975,0.9505,1.5678,1.8584,1.2775,0.7993,0.6065,0.5484,0.5368,0.5279,0.4955,0.4229,0.2975,0.1328,0.1515,0.3907,0.6339,0.6769,0.5577,0.4444,0.36,0.2958,0.2448,0.2026,0.1666,0.1352,0.1073,0.0824,0.0604,0.0411,0.0245,0.2601,0.2991,0.3589,0.3962,0.3888,0.4686,0.7322,1.1958,1.4021,0.9661,0.6347,0.5374,0.5425,0.5762,0.6,0.579,0.4946,0.3619,0.2298,0.2192,0.2584,0.3189,0.3972,0.3981,0.3536,0.3,0.2499,0.2061,0.1681,0.1345,0.1043,0.0769,0.0522,0.0302,0.0111,-0.0051,0.2247,0.2695,0.3854,0.4946,0.3487,0.3019,0.3962,0.5106,0.5019,0.3832,0.3659,0.4445,0.5446,0.6428,0.7329,0.7413,0.6182,0.4651,0.3436,0.2505,0.1245,0.1537,0.2618,0.2932,0.2744,0.237,0.1971,0.1604,0.1273,0.0969,0.0684,0.0416,0.017,-0.005,-0.0239,-0.0395,0.1683,0.1752,0.2263,0.2681,0.1032,0.1056,0.1368,0.0589,-0.1743,-0.2452,0.0693,0.3703,0.5701,0.7263,0.941,1.042,0.7561,0.5367,0.3974,0.2834,0.1744,0.1784,0.2285,0.2347,0.2091,0.1727,0.1381,0.1082,0.0811,0.0544,0.0276,0.001,-0.024,-0.0463,-0.0651,-0.0798,0.1065,0.0462,-0.099,-0.4297,-0.3816,-0.0723,0.0018,-0.1428,-0.7423,-1.0718,-0.1578,0.369,0.6375,0.7965,0.9574,1.0627,0.7543,0.5316,0.4038,0.3249,0.2652,0.2367,0.2209,0.1887,0.142,0.0982,0.0687,0.0491,0.0305,0.0081,-0.0179,-0.0454,-0.0719,-0.0952,-0.1139,-0.1274,0.0693,-0.0148,-0.1821,-0.4316,-0.3747,-0.0916,-0.0074,-0.0519,-0.3694,-0.6027,0.0145,0.4692,0.7507,0.9563,0.9179,0.8141,0.6433,0.4159,0.3163,0.3126,0.2873,0.249,0.2005,0.1328,0.0527,-0.0042,-0.0183,-0.0162,-0.0222,-0.0407,-0.0681,-0.0992,-0.1292,-0.1544,-0.1729,-0.1842,0.0648,0.001,-0.0893,-0.1658,-0.1256,-0.0171,0.0268,0.0052,0.0235,0.0246,0.2843,0.5916,0.796,1.0323,0.9673,0.8107,0.6247,0.1659,0.1221,0.2784,0.2839,0.2429,0.1738,0.0662,-0.0742,-0.1539,-0.1226,-0.0801,-0.0714,-0.0901,-0.1241,-0.1633,-0.1998,-0.2282,-0.2459,-0.2533,0.0789,0.0414,0.0026,-0.0167,0.0031,0.0403,0.0603,0.0765,0.0896,0.1688,0.3591,0.6636,0.7971,1.1004,0.8801,0.9685,0.7916,0.392,0.2568,0.2988,0.2894,0.2457,0.1622,0.022,-0.185,-0.2931,-0.198,-0.121,-0.1102,-0.1399,-0.1895,-0.2439,-0.2914,-0.3238,-0.3387,-0.3383,0.0972,0.077,0.0605,0.0553,0.0643,0.0794,0.0911,0.1024,0.1246,0.1614,0.2195,0.3747,0.5903,0.628,0.7866,1.0003,0.7444,0.5586,0.3823,0.326,0.329,0.2905,0.1844,0.0416,-0.1312,-0.2229,-0.1666,-0.1221,-0.1371,-0.1936,-0.2719,-0.3526,-0.4172,-0.4531,-0.4595,-0.4437,0.113,0.1022,0.0948,0.0935,0.0983,0.1064,0.1146,0.1217,0.1193,0.062,-0.1375,0.0212,0.2141,0.451,0.5544,0.6461,0.6303,0.4595,0.3099,0.3148,0.4856,0.4219,0.2238,0.0842,-0.0166,-0.0707,-0.0778,-0.0954,-0.1564,-0.2576,-0.3838,-0.5093,-0.6,-0.6347,-0.6188,-0.5734,0.1245,0.1186,0.115,0.1149,0.1179,0.1225,0.1265,0.1257,0.107,0.0347,-0.1135,-0.0021,0.0198,0.0096,0.2377,0.3111,0.302,0.1773,0.0737,0.1834,0.4933,0.4151,0.1949,0.0876,0.0503,0.0464,0.0287,-0.0424,-0.1671,-0.336,-0.5408,-0.7452,-0.8767,-0.8929,-0.8246,-0.7257,0.132,0.1285,0.1266,0.1265,0.128,0.13,0.1304,0.1257,0.1091,0.0748,0.0415,0.0381,-0.043,-0.0858,-0.1198,-0.1715,-0.0625,-0.1347,-0.2579,-0.1199,0.0666,0.1161,0.0631,0.0468,0.1087,0.2226,0.2329,0.0668,-0.1634,-0.4268,-0.7508,-1.095,-1.2884,-1.2401,-1.0664,-0.885,0.1361,0.1337,0.1323,0.1318,0.1319,0.1317,0.1297,0.1237,0.1113,0.0922,0.0699,0.0388,-0.0282,-0.1877,-0.7344,-0.9774,-0.3837,-0.2803,-0.3622,-0.4831,-0.3032,-0.1605,-0.1035,-0.0261,0.1753,0.5501,0.6295,0.208,-0.1712,-0.52,-0.9707,-1.5125,-1.7811,-1.601,-1.2816,-1.0131,0.1375,0.1355,0.134,0.1328,0.1316,0.1297,0.1258,0.1188,0.1072,0.0898,0.0641,0.0209,-0.065,-0.2637,-0.6842,-0.8226,-0.4623,-0.4268,-0.8219,-1.0281,-0.5756,-0.3847,-0.3008,-0.168,0.0999,0.581,0.6885,0.1074,-0.2684,-0.6024,-1.0643,-1.6807,-1.9799,-1.7322,-1.3575,-1.0622,0.1369,0.1348,0.1329,0.1309,0.1285,0.125,0.1196,0.1112,0.0985,0.0797,0.051,0.0048,-0.074,-0.2053,-0.3692,-0.4298,-0.3844,-0.4436,-0.6698,-0.7649,-0.6386,-0.6359,-0.6162,-0.4318,-0.1876,-0.0579,-0.2397,-0.3145,-0.4698,-0.6949,-0.9933,-1.403,-1.6374,-1.5127,-1.2531,-1.0185,0.1348,0.1324,0.1299,0.1271,0.1235,0.1187,0.1118,0.1021,0.0881,0.0682,0.0393,-0.0031,-0.0642,-0.1447,-0.2267,-0.2803,-0.3167,-0.3885,-0.5025,-0.6057,-0.7646,-1.1045,-1.2018,-0.81,-0.4662,-0.3867,-0.4865,-0.5225,-0.7623,-0.8832,-0.9468,-1.0953,-1.2172,-1.193,-1.0671,-0.9193,0.1315,0.1287,0.1256,0.122,0.1174,0.1114,0.1034,0.0925,0.0778,0.0577,0.0303,-0.0064,-0.0537,-0.1095,-0.1666,-0.219,-0.2733,-0.3463,-0.4481,-0.6019,-0.912,-1.4709,-1.6351,-1.0706,-0.6425,-0.5116,-0.5571,-0.8182,-1.2568,-1.1781,-0.9969,-0.9567,-0.9751,-0.9621,-0.8999,-0.8117,0.1274,0.1242,0.1205,0.1161,0.1106,0.1037,0.0948,0.0832,0.0681,0.0485,0.0232,-0.0087,-0.0474,-0.0915,-0.139,-0.1892,-0.2465,-0.3198,-0.422,-0.5807,-0.8464,-1.1915,-1.2739,-0.9712,-0.6922,-0.6001,-0.6836,-0.9813,-1.3227,-1.2268,-1.0055,-0.8922,-0.8505,-0.8212,-0.7776,-0.7193]}]