docs/data/wind_grid.json
[{"header":{"la1":42.85,"la2":41.18,"lo1":11.55,"lo2":14.05,"nx":36,"ny":24,"dx":0.07143,"dy":0.07261,"parameterCategory":2,"parameterNumber":2,"parameterNumberName":"eastward_wind","parameterUnit":"m.s-1"},"data":[-0.6836,-0.6881,-0.6915,-0.6936,-0.6947,-0.6947,-0.6931,-0.6896,-0.6839,-0.6765,-0.6689,-0.6629,-0.6602,-0.6612,-0.6655,-0.6716,-0.6769,-0.678,-0.6719,-0.6576,-0.6374,-0.6167,-0.601,-0.5924,-0.5896,-0.5896,-0.5899,-0.5895,-0.588,-0.5855,-0.5823,-0.5787,-0.5748,-0.5709,-0.567,-0.5633,-0.6991,-0.705,-0.7094,-0.7125,-0.7145,-0.7156,-0.7153,-0.7121,-0.7046,-0.6933,-0.6808,-0.6708,-0.6661,-0.6678,-0.6754,-0.6868,-0.6979,-0.7029,-0.6953,-0.6716,-0.6358,-0.6002,-0.5777,-0.5713,-0.575,-0.5814,-0.5862,-0.5884,-0.5882,-0.5861,-0.5829,-0.579,-0.5749,-0.5706,-0.5665,-0.5626,-0.7176,-0.7256,-0.7314,-0.7354,-0.7387,-0.7423,-0.7456,-0.745,-0.736,-0.7178,-0.6961,-0.6786,-0.6702,-0.6727,-0.6852,-0.7052,-0.7273,-0.7418,-0.7343,-0.6936,-0.6246,-0.5571,-0.5251,-0.5306,-0.5515,-0.5705,-0.5824,-0.5879,-0.5889,-0.587,-0.5836,-0.5793,-0.5748,-0.5702,-0.5658,-0.5616,-0.7401,-0.7511,-0.7588,-0.7635,-0.7677,-0.7753,-0.7876,-0.7968,-0.7882,-0.7568,-0.7167,-0.6852,-0.6706,-0.6737,-0.6929,-0.7261,-0.7682,-0.8051,-0.8072,-0.7388,-0.596,-0.4525,-0.4128,-0.4616,-0.5211,-0.5605,-0.581,-0.5893,-0.5907,-0.5885,-0.5845,-0.5796,-0.5746,-0.5696,-0.5648,-0.5604,-0.7676,-0.7838,-0.7947,-0.7991,-0.8016,-0.8134,-0.8446,-0.8835,-0.8842,-0.8226,-0.7431,-0.6875,-0.664,-0.6679,-0.6952,-0.7458,-0.8202,-0.9075,-0.9543,-0.8567,-0.5619,-0.2325,-0.2131,-0.3781,-0.4994,-0.5598,-0.5855,-0.594,-0.5942,-0.5907,-0.5855,-0.5797,-0.574,-0.5685,-0.5635,-0.5588,-0.8009,-0.8268,-0.8446,-0.8478,-0.841,-0.8492,-0.9091,-1.0249,-1.0648,-0.9246,-0.7657,-0.6769,-0.6456,-0.6519,-0.6872,-0.7548,-0.8694,-1.0486,-1.2356,-1.1502,-0.6606,-0.0839,-0.1033,-0.3732,-0.5196,-0.5787,-0.5988,-0.6024,-0.5991,-0.5931,-0.5863,-0.5795,-0.573,-0.567,-0.5616,-0.5567,-0.8388,-0.8822,-0.9181,-0.924,-0.893,-0.8704,-0.9353,-1.1517,-1.2723,-0.9922,-0.745,-0.6394,-0.6116,-0.6242,-0.665,-0.7403,-0.8776,-1.1344,-1.5132,-1.471,-0.9668,-0.541,-0.4369,-0.5322,-0.5953,-0.6169,-0.6187,-0.6128,-0.6042,-0.5952,-0.5865,-0.5786,-0.5714,-0.5649,-0.5592,-0.5542,-0.8753,-0.9441,-1.0194,-1.0488,-0.9727,-0.8761,-0.8655,-0.9912,-1.0563,-0.8223,-0.6328,-0.5671,-0.5631,-0.5876,-0.631,-0.6995,-0.8205,-1.0312,-1.2882,-1.2988,-1.2041,-1.0648,-0.8443,-0.7318,-0.685,-0.6581,-0.6381,-0.6217,-0.6078,-0.5959,-0.5856,-0.5767,-0.5688,-0.5621,-0.5562,-0.551,-0.8984,-0.9863,-1.1025,-1.1803,-1.0514,-0.8743,-0.7525,-0.6808,-0.5928,-0.482,-0.4486,-0.4721,-0.5085,-0.5501,-0.5963,-0.6483,-0.7401,-0.8846,-1.0435,-1.2104,-1.5274,-1.4339,-1.0596,-0.8447,-0.739,-0.6827,-0.6487,-0.6256,-0.6083,-0.5946,-0.5832,-0.5735,-0.5653,-0.5583,-0.5523,-0.5472,-0.8996,-0.9858,-1.0825,-1.1316,-1.0511,-0.8675,-0.6684,-0.4504,-0.1605,-0.0434,-0.2279,-0.3804,-0.4582,-0.5157,-0.5797,-0.6112,-0.6872,-0.8163,-0.9478,-1.1177,-1.3659,-1.3106,-1.036,-0.847,-0.7416,-0.6826,-0.6472,-0.6232,-0.6053,-0.591,-0.5791,-0.5692,-0.5607,-0.5537,-0.5477,-0.5427,-0.8818,-0.9644,-1.0729,-1.221,-1.1717,-0.8824,-0.6474,-0.3782,0.2816,0.6127,-0.0503,-0.3299,-0.417,-0.4652,-0.5501,-0.6031,-0.6948,-0.8565,-0.9604,-1.002,-1.0415,-1.0067,-0.8897,-0.7796,-0.7071,-0.6644,-0.6372,-0.6168,-0.5998,-0.5856,-0.5736,-0.5635,-0.555,-0.548,-0.5421,-0.5374,-0.8473,-0.9225,-1.0352,-1.1862,-1.1276,-0.8495,-0.7056,-0.6416,-0.1744,0.1935,-0.1655,-0.3413,-0.3843,-0.3699,-0.4656,-0.5782,-0.7751,-1.127,-1.2247,-1.0338,-0.903,-0.825,-0.7555,-0.6984,-0.6637,-0.6453,-0.629,-0.6109,-0.5938,-0.5793,-0.5671,-0.5568,-0.5482,-0.5411,-0.5355,-0.5311,-0.7979,-0.8501,-0.9122,-0.9544,-0.8953,-0.7761,-0.7667,-0.8932,-0.7153,-0.3871,-0.3387,-0.3672,-0.3706,-0.3836,-0.475,-0.5498,-0.8273,-1.776,-1.8169,-1.1098,-0.8181,-0.6978,-0.646,-0.6306,-0.6414,-0.6517,-0.635,-0.6092,-0.5883,-0.5724,-0.5596,-0.5489,-0.54,-0.5328,-0.5275,-0.5237,-0.7422,-0.7698,-0.7918,-0.7911,-0.7541,-0.7127,-0.7289,-0.7986,-0.7044,-0.4752,-0.3786,-0.3761,-0.3691,-0.2373,-0.4128,-0.4697,-0.6712,-1.2376,-1.3576,-0.9149,-0.6475,-0.5413,-0.5321,-0.5736,-0.6475,-0.6875,-0.6481,-0.6065,-0.5815,-0.5647,-0.5513,-0.5396,-0.5298,-0.5224,-0.5175,-0.5146,-0.6894,-0.7003,-0.7033,-0.6927,-0.6687,-0.6457,-0.6382,-0.625,-0.5426,-0.4166,-0.3415,-0.3278,-0.2967,-0.2077,-0.3992,-0.4808,-1.0237,-0.824,-0.7573,-0.5543,-0.338,-0.2969,-0.3858,-0.4953,-0.6019,-0.6522,-0.6242,-0.592,-0.5721,-0.5568,-0.5421,-0.528,-0.5163,-0.5084,-0.5045,-0.5035,-0.6436,-0.6448,-0.6395,-0.626,-0.6054,-0.5818,-0.5554,-0.5139,-0.4407,-0.3422,-0.244,-0.2901,-0.2874,-0.2861,-0.3867,-0.6101,-0.8802,-0.6396,-0.453,-0.2276,0.1173,0.0379,-0.2281,-0.3999,-0.5101,-0.5663,-0.5785,-0.5746,-0.5655,-0.5511,-0.5321,-0.5121,-0.4963,-0.4882,-0.487,-0.4897,-0.6052,-0.6009,-0.5916,-0.5764,-0.5556,-0.5298,-0.4971,-0.4525,-0.3917,-0.3175,-0.2483,-0.261,-0.2072,-0.1757,-0.2726,-0.3634,-0.4136,-0.2985,-0.1522,-0.0596,0.1989,0.1057,-0.1651,-0.3433,-0.4602,-0.5323,-0.5681,-0.5785,-0.5719,-0.5516,-0.5205,-0.4867,-0.4633,-0.4572,-0.4631,-0.4729,-0.5733,-0.5659,-0.5543,-0.5381,-0.5171,-0.4909,-0.4585,-0.4185,-0.3713,-0.3218,-0.281,-0.2456,-0.1693,-0.128,-0.047,-0.0041,-0.0933,0.0322,0.2326,0.0495,0.0043,-0.0537,-0.1896,-0.3364,-0.4697,-0.5689,-0.6127,-0.6161,-0.5986,-0.5614,-0.5051,-0.4432,-0.4073,-0.411,-0.4332,-0.455,-0.547,-0.5377,-0.5249,-0.5083,-0.4876,-0.4625,-0.4327,-0.3981,-0.3597,-0.3201,-0.2804,-0.2336,-0.1637,-0.0218,0.429,0.6247,0.1464,0.0995,0.1932,0.1296,0.0228,-0.0779,-0.1923,-0.3406,-0.5133,-0.6529,-0.6856,-0.6776,-0.6468,-0.5844,-0.4902,-0.3817,-0.3302,-0.3582,-0.4055,-0.441,-0.5251,-0.5148,-0.5015,-0.485,-0.4651,-0.4416,-0.4146,-0.3841,-0.3506,-0.3146,-0.2741,-0.2219,-0.1388,0.0317,0.379,0.4902,0.1763,0.0926,0.2107,0.272,0.0918,-0.0212,-0.1313,-0.3066,-0.5326,-0.6921,-0.7203,-0.7716,-0.723,-0.6281,-0.502,-0.3578,-0.2956,-0.3393,-0.3982,-0.4383,-0.507,-0.4961,-0.4828,-0.4667,-0.4479,-0.4261,-0.4015,-0.374,-0.3436,-0.3098,-0.2703,-0.2192,-0.1453,-0.0327,0.1017,0.1425,0.077,0.0623,0.1353,0.1674,0.1195,0.1234,0.0645,-0.1742,-0.5065,-0.8191,-1.0988,-1.0218,-0.8248,-0.6898,-0.5626,-0.4326,-0.3675,-0.3837,-0.421,-0.4498,-0.492,-0.4809,-0.4678,-0.4524,-0.4346,-0.4145,-0.3919,-0.3669,-0.3391,-0.3079,-0.2715,-0.227,-0.1706,-0.103,-0.0397,-0.0087,-0.0055,0.0103,0.0526,0.1055,0.2238,0.4893,0.5453,0.1106,-0.4158,-0.9159,-1.3469,-1.145,-0.8562,-0.742,-0.6389,-0.5351,-0.4697,-0.4523,-0.4588,-0.4697,-0.4795,-0.4686,-0.4558,-0.4411,-0.4245,-0.4059,-0.3851,-0.3623,-0.337,-0.3088,-0.2768,-0.2399,-0.1978,-0.1531,-0.113,-0.0841,-0.0626,-0.0344,0.0138,0.1077,0.3372,0.7959,0.9362,0.3416,-0.2736,-0.7239,-0.9694,-0.9032,-0.8085,-0.7763,-0.6912,-0.6013,-0.5379,-0.505,-0.4925,-0.4895,-0.4692,-0.4585,-0.4463,-0.4324,-0.4169,-0.3996,-0.3807,-0.3598,-0.3371,-0.312,-0.2844,-0.254,-0.2214,-0.1884,-0.1577,-0.1307,-0.1045,-0.0711,-0.0182,0.0797,0.27,0.541,0.5871,0.2252,-0.2125,-0.541,-0.7239,-0.7785,-0.7987,-0.7747,-0.6996,-0.6247,-0.5691,-0.5339,-0.5142,-0.504]},{"header":{"la1":42.85,"la2":41.18,"lo1":11.55,"lo2":14.05,"nx":36,"ny":24,"dx":0.07143,"dy":0.07261,"parameterCategory":2,"parameterNumber":3,"parameterNumberName":"northward_wind","parameterUnit":"m.s-1"},"data":[-0.3784,-0.3661,-0.3506,-0.332,-0.3111,-0.2894,-0.2698,-0.2551,-0.2474,-0.2467,-0.251,-0.2571,-0.2624,-0.2656,-0.2667,-0.2667,-0.2674,-0.271,-0.2795,-0.293,-0.3096,-0.3248,-0.3344,-0.3368,-0.3337,-0.3283,-0.323,-0.3192,-0.3174,-0.3175,-0.3192,-0.3221,-0.3261,-0.3306,-0.3355,-0.3406,-0.3874,-0.3736,-0.3551,-0.3314,-0.3029,-0.2719,-0.2426,-0.2211,-0.2121,-0.2158,-0.2278,-0.2417,-0.2526,-0.2586,-0.2598,-0.2583,-0.257,-0.26,-0.2715,-0.2936,-0.3229,-0.3496,-0.3634,-0.3622,-0.3516,-0.3388,-0.3281,-0.321,-0.3175,-0.3169,-0.3186,-0.322,-0.3265,-0.3317,-0.3373,-0.343,-0.3996,-0.385,-0.3635,-0.3335,-0.2943,-0.2476,-0.2005,-0.1651,-0.1533,-0.1668,-0.1947,-0.2231,-0.2433,-0.2531,-0.2539,-0.2488,-0.2425,-0.2418,-0.256,-0.2925,-0.3478,-0.3993,-0.4192,-0.4055,-0.3776,-0.3516,-0.333,-0.3218,-0.3166,-0.3157,-0.3177,-0.3217,-0.3271,-0.3332,-0.3396,-0.3461,-0.416,-0.4018,-0.3785,-0.342,-0.2884,-0.2166,-0.1347,-0.0676,-0.0484,-0.0848,-0.1471,-0.2023,-0.2369,-0.2515,-0.2507,-0.2391,-0.2223,-0.2103,-0.2215,-0.2795,-0.3904,-0.5017,-0.5265,-0.4736,-0.4094,-0.3629,-0.3349,-0.3202,-0.314,-0.3134,-0.3163,-0.3215,-0.3281,-0.3353,-0.3428,-0.3502,-0.4372,-0.4259,-0.4037,-0.3631,-0.2936,-0.1845,-0.0359,0.1094,0.1519,0.0554,-0.0832,-0.1845,-0.2383,-0.2575,-0.2534,-0.232,-0.1969,-0.1573,-0.1442,-0.221,-0.4386,-0.6956,-0.7054,-0.5527,-0.4322,-0.3646,-0.3302,-0.3143,-0.309,-0.3099,-0.3146,-0.3216,-0.3297,-0.3384,-0.3471,-0.3556,-0.4627,-0.4578,-0.4423,-0.4045,-0.3248,-0.1741,0.0827,0.4142,0.5336,0.2717,-0.0215,-0.1849,-0.255,-0.2753,-0.2667,-0.2341,-0.1744,-0.0835,0.0073,-0.0525,-0.3818,-0.8209,-0.8014,-0.5602,-0.4154,-0.3465,-0.3154,-0.3034,-0.3016,-0.3056,-0.3129,-0.3222,-0.3324,-0.3429,-0.3531,-0.3626,-0.4904,-0.4953,-0.494,-0.4709,-0.397,-0.2295,0.1122,0.6953,0.9693,0.4203,-0.0363,-0.228,-0.2936,-0.3084,-0.2965,-0.2567,-0.1773,-0.0387,0.1532,0.13,-0.1608,-0.4569,-0.5236,-0.4232,-0.346,-0.3075,-0.2918,-0.2887,-0.2927,-0.301,-0.3119,-0.3241,-0.3368,-0.3493,-0.3612,-0.372,-0.5161,-0.5313,-0.5488,-0.5511,-0.4975,-0.3648,-0.1017,0.339,0.5352,0.1189,-0.2075,-0.3232,-0.3511,-0.3559,-0.3509,-0.3148,-0.2269,-0.0927,0.0473,0.0613,0.0322,-0.0522,-0.1921,-0.2491,-0.2594,-0.2612,-0.2654,-0.2732,-0.2841,-0.2975,-0.3123,-0.3279,-0.3436,-0.3585,-0.3722,-0.3843,-0.5354,-0.5549,-0.5825,-0.6032,-0.5681,-0.5118,-0.4269,-0.3237,-0.3231,-0.4336,-0.4725,-0.4415,-0.4093,-0.4106,-0.4492,-0.4408,-0.3191,-0.1768,-0.0611,0.0544,0.2617,0.2055,-0.019,-0.1412,-0.1961,-0.2242,-0.2434,-0.2604,-0.2778,-0.2961,-0.3154,-0.3349,-0.3538,-0.3715,-0.3871,-0.4004,-0.5475,-0.5628,-0.5777,-0.5859,-0.5845,-0.6258,-0.6932,-0.7851,-0.9404,-0.9748,-0.7425,-0.538,-0.4419,-0.4473,-0.6174,-0.7211,-0.4214,-0.2213,-0.1052,0.0157,0.1719,0.1448,-0.0052,-0.1081,-0.1674,-0.2041,-0.2304,-0.2529,-0.275,-0.2981,-0.322,-0.346,-0.3689,-0.3896,-0.4073,-0.4217,-0.556,-0.5662,-0.5621,-0.525,-0.5507,-0.7169,-0.9153,-1.0918,-1.3991,-1.5707,-0.9376,-0.5687,-0.4342,-0.4217,-0.5707,-0.7153,-0.3677,-0.1958,-0.1214,-0.0571,0.0005,-0.0001,-0.055,-0.116,-0.1651,-0.2009,-0.2275,-0.2512,-0.2763,-0.3039,-0.3334,-0.3629,-0.3906,-0.4149,-0.4347,-0.4496,-0.5644,-0.5759,-0.5724,-0.5402,-0.5873,-0.8398,-1.1619,-1.3816,-1.3675,-1.3218,-0.8413,-0.5126,-0.4094,-0.472,-0.3363,-0.2471,-0.1508,-0.138,-0.1344,-0.088,-0.0564,-0.056,-0.0853,-0.1318,-0.1795,-0.2138,-0.2344,-0.2544,-0.2811,-0.3142,-0.3509,-0.3879,-0.4218,-0.4503,-0.4719,-0.4865,-0.5722,-0.5912,-0.6089,-0.636,-0.7326,-0.9706,-1.3361,-1.6811,-1.4614,-1.0186,-0.649,-0.4313,-0.3468,-0.4167,-0.1814,0.0629,0.0852,-0.1955,-0.2203,-0.0844,-0.0457,-0.0489,-0.0833,-0.1427,-0.2107,-0.2479,-0.2503,-0.26,-0.2882,-0.3294,-0.3769,-0.4246,-0.467,-0.5003,-0.5229,-0.5353,-0.5763,-0.6019,-0.6355,-0.6899,-0.793,-0.9749,-1.2347,-1.477,-1.3159,-0.8417,-0.518,-0.4092,-0.3591,0.0521,0.1359,0.5783,0.4722,0.0746,-0.0683,-0.0126,0.0201,0.0115,-0.0462,-0.1374,-0.244,-0.2904,-0.2639,-0.2625,-0.2964,-0.3513,-0.4157,-0.4795,-0.5337,-0.5722,-0.5933,-0.5998,-0.5738,-0.601,-0.6373,-0.6897,-0.7681,-0.8768,-0.996,-1.0467,-0.8988,-0.6204,-0.4159,-0.2953,-0.1093,0.1767,0.2704,0.7257,1.0054,0.4205,0.1262,0.0977,0.1814,0.1648,0.0383,-0.0938,-0.2079,-0.2592,-0.2456,-0.2548,-0.3049,-0.3829,-0.4745,-0.5637,-0.6348,-0.6773,-0.6914,-0.6844,-0.5644,-0.5888,-0.6193,-0.6582,-0.7058,-0.7561,-0.7875,-0.7595,-0.641,-0.4763,-0.382,-0.2407,-0.1974,-0.061,0.1205,0.474,0.759,0.3347,0.0856,0.1803,0.567,0.4659,0.1469,-0.0315,-0.1249,-0.1683,-0.1869,-0.2274,-0.3101,-0.4277,-0.5645,-0.6963,-0.7922,-0.8336,-0.8271,-0.793,-0.5499,-0.5691,-0.5911,-0.6153,-0.639,-0.6548,-0.6492,-0.6065,-0.5237,-0.4289,-0.3778,-0.3233,-0.4167,-0.4579,-0.1433,0.051,0.1016,-0.0944,-0.2455,0.0313,0.6119,0.4915,0.1481,-0.0057,-0.0501,-0.05,-0.0714,-0.1584,-0.303,-0.4875,-0.7007,-0.9079,-1.0417,-1.0648,-1.0088,-0.9246,-0.5326,-0.5462,-0.5601,-0.5729,-0.5813,-0.5804,-0.5633,-0.5255,-0.4706,-0.4142,-0.3756,-0.3724,-0.4862,-0.5115,-0.362,-0.3113,-0.2777,-0.5733,-0.9598,-0.3893,0.0237,0.1031,0.0173,-0.0225,0.0407,0.1743,0.1852,-0.0149,-0.2793,-0.562,-0.8919,-1.2331,-1.4243,-1.3842,-1.2271,-1.0649,-0.5145,-0.5232,-0.5308,-0.5358,-0.5358,-0.5279,-0.5092,-0.4793,-0.4419,-0.4055,-0.3806,-0.3783,-0.4056,-0.4426,-0.6152,-0.7064,-0.4634,-0.5816,-0.7444,-0.3983,-0.2233,-0.1391,-0.1177,-0.0627,0.1457,0.5828,0.676,0.1602,-0.277,-0.645,-1.0972,-1.6295,-1.8912,-1.7216,-1.4238,-1.1782,-0.497,-0.5019,-0.505,-0.5053,-0.501,-0.4909,-0.4738,-0.4505,-0.4238,-0.3988,-0.3812,-0.3771,-0.3921,-0.446,-0.5929,-0.6405,-0.4734,-0.4155,-0.2952,-0.2205,-0.2731,-0.2656,-0.2432,-0.1596,0.08,0.6177,0.7422,0.0179,-0.3927,-0.7231,-1.1806,-1.7892,-2.0817,-1.8444,-1.4912,-1.219,-0.4809,-0.483,-0.4833,-0.4808,-0.4747,-0.4643,-0.4496,-0.4313,-0.4114,-0.3932,-0.3802,-0.376,-0.3855,-0.4154,-0.4609,-0.4663,-0.4157,-0.3659,-0.3068,-0.2845,-0.3381,-0.4036,-0.4165,-0.3382,-0.2209,-0.2085,-0.5546,-0.5861,-0.6257,-0.7996,-1.0929,-1.509,-1.7461,-1.63,-1.3874,-1.1729,-0.4666,-0.4668,-0.4652,-0.4614,-0.4547,-0.445,-0.4325,-0.4178,-0.4026,-0.3887,-0.3783,-0.3739,-0.3772,-0.3883,-0.4005,-0.3992,-0.382,-0.362,-0.3501,-0.3709,-0.4659,-0.6378,-0.6896,-0.5469,-0.4692,-0.6323,-0.9732,-0.8625,-0.8533,-0.9133,-1.0028,-1.1833,-1.3245,-1.3142,-1.2043,-1.0743,-0.4542,-0.4531,-0.4505,-0.446,-0.4394,-0.4307,-0.42,-0.4081,-0.3961,-0.385,-0.3765,-0.3716,-0.3709,-0.3736,-0.3764,-0.3755,-0.3712,-0.3701,-0.3834,-0.4341,-0.5673,-0.8027,-0.8699,-0.6708,-0.5763,-0.6584,-0.8003,-0.9152,-1.1188,-1.0733,-0.9917,-1.0166,-1.0718,-1.0819,-1.0385,-0.9682,-0.4435,-0.4417,-0.4385,-0.4339,-0.4277,-0.4199,-0.4109,-0.4011,-0.3913,-0.3823,-0.375,-0.3701,-0.3677,-0.3674,-0.368,-0.3688,-0.3712,-0.38,-0.4038,-0.4582,-0.5634,-0.702,-0.7402,-0.6506,-0.6031,-0.6521,-0.7666,-0.9549,-1.1519,-1.0967,-0.9788,-0.9377,-0.9401,-0.9394,-0.9175,-0.8777]}]