docs/data/wind_grid.json
[{"header":{"la1":42.85,"la2":41.18,"lo1":11.55,"lo2":14.05,"nx":36,"ny":24,"dx":0.07143,"dy":0.07261,"parameterCategory":2,"parameterNumber":2,"parameterNumberName":"eastward_wind","parameterUnit":"m.s-1"},"data":[-0.2147,-0.215,-0.2121,-0.2063,-0.1983,-0.1892,-0.1805,-0.1734,-0.1689,-0.1681,-0.1716,-0.18,-0.1935,-0.2118,-0.234,-0.2584,-0.282,-0.3014,-0.3129,-0.3147,-0.3077,-0.2955,-0.2821,-0.2695,-0.2578,-0.2461,-0.2339,-0.2214,-0.2087,-0.1963,-0.1844,-0.1732,-0.1629,-0.1534,-0.1447,-0.1369,-0.2362,-0.2373,-0.2337,-0.2255,-0.2137,-0.2001,-0.1868,-0.1758,-0.1684,-0.1655,-0.1682,-0.1773,-0.1934,-0.2165,-0.2457,-0.2789,-0.3124,-0.3399,-0.3546,-0.3522,-0.3352,-0.3121,-0.2919,-0.2774,-0.266,-0.2546,-0.2419,-0.2281,-0.214,-0.2001,-0.1869,-0.1747,-0.1635,-0.1534,-0.1443,-0.1361,-0.2641,-0.2672,-0.2634,-0.2521,-0.2346,-0.2141,-0.1943,-0.178,-0.1667,-0.161,-0.162,-0.1714,-0.1902,-0.2189,-0.2571,-0.303,-0.352,-0.3941,-0.4146,-0.4026,-0.362,-0.3156,-0.2862,-0.2751,-0.2697,-0.2615,-0.2492,-0.2343,-0.2185,-0.2029,-0.1884,-0.1751,-0.1632,-0.1525,-0.143,-0.1346,-0.3006,-0.3082,-0.3056,-0.2904,-0.2642,-0.2326,-0.2029,-0.18,-0.1643,-0.1547,-0.1527,-0.1613,-0.1826,-0.2173,-0.2663,-0.3297,-0.4039,-0.4745,-0.5106,-0.479,-0.3816,-0.2795,-0.2424,-0.255,-0.2685,-0.2677,-0.2563,-0.2398,-0.2219,-0.2045,-0.1885,-0.1743,-0.1617,-0.1506,-0.1409,-0.1324,-0.3479,-0.3655,-0.3682,-0.3491,-0.3085,-0.2576,-0.2121,-0.1819,-0.1634,-0.1484,-0.1401,-0.146,-0.1689,-0.2094,-0.2696,-0.3541,-0.4669,-0.5963,-0.6826,-0.6239,-0.3969,-0.1559,-0.1342,-0.2216,-0.2697,-0.2767,-0.264,-0.2444,-0.2237,-0.2042,-0.1869,-0.1718,-0.1588,-0.1475,-0.1378,-0.1293,-0.4076,-0.4455,-0.4643,-0.4444,-0.3799,-0.2936,-0.2205,-0.1844,-0.1717,-0.1459,-0.1232,-0.1238,-0.1478,-0.1926,-0.2612,-0.3647,-0.5242,-0.7589,-0.996,-0.9334,-0.5068,-0.0604,-0.0693,-0.2306,-0.2916,-0.2928,-0.2726,-0.2473,-0.2229,-0.2014,-0.183,-0.1675,-0.1544,-0.1432,-0.1337,-0.1255,-0.4767,-0.552,-0.6133,-0.608,-0.5022,-0.3498,-0.229,-0.1869,-0.1932,-0.1404,-0.0943,-0.0912,-0.1181,-0.1659,-0.2365,-0.3456,-0.5302,-0.8552,-1.3056,-1.2664,-0.7778,-0.4134,-0.3114,-0.344,-0.343,-0.3145,-0.2792,-0.2463,-0.2182,-0.1952,-0.1764,-0.161,-0.1483,-0.1376,-0.1286,-0.1208,-0.5415,-0.6707,-0.8235,-0.8826,-0.6979,-0.4306,-0.2408,-0.1623,-0.145,-0.0767,-0.0338,-0.0434,-0.0804,-0.1312,-0.1962,-0.2915,-0.455,-0.7273,-1.0459,-1.078,-1.0107,-0.8808,-0.64,-0.4887,-0.3966,-0.3293,-0.2776,-0.238,-0.2079,-0.1847,-0.1666,-0.1523,-0.1406,-0.1308,-0.1226,-0.1155,-0.5759,-0.7429,-0.9957,-1.1835,-0.8736,-0.491,-0.2371,-0.0808,0.0232,0.0866,0.0738,0.0195,-0.0386,-0.0947,-0.1489,-0.2158,-0.3475,-0.546,-0.7582,-0.9852,-1.395,-1.2838,-0.8328,-0.5628,-0.4132,-0.3211,-0.2605,-0.2192,-0.1904,-0.1696,-0.1538,-0.1415,-0.1315,-0.1231,-0.1159,-0.1097,-0.5623,-0.7089,-0.8953,-0.9978,-0.7854,-0.4816,-0.2068,0.0355,0.3005,0.3989,0.233,0.0856,0.0008,-0.0609,-0.1096,-0.1318,-0.2717,-0.4625,-0.6426,-0.8674,-1.1882,-1.1202,-0.7726,-0.5238,-0.373,-0.2804,-0.2234,-0.1883,-0.1657,-0.1502,-0.1386,-0.1293,-0.1215,-0.1147,-0.1088,-0.1036,-0.5133,-0.6233,-0.7394,-0.8381,-0.7807,-0.4664,-0.1933,0.0739,0.6584,0.9455,0.3757,0.1234,0.0332,-0.0173,-0.0846,-0.1241,-0.2948,-0.5269,-0.6669,-0.7208,-0.7705,-0.7228,-0.5634,-0.4025,-0.2832,-0.2075,-0.1665,-0.1463,-0.1355,-0.1282,-0.1222,-0.1166,-0.1113,-0.1062,-0.1016,-0.0973,-0.4471,-0.534,-0.6456,-0.7827,-0.7161,-0.4079,-0.2367,-0.1697,0.2533,0.5841,0.2771,0.1115,0.0557,0.0548,-0.0116,-0.1694,-0.4394,-0.8984,-1.022,-0.7687,-0.5932,-0.4824,-0.3717,-0.2595,-0.1644,-0.1082,-0.0935,-0.0977,-0.1037,-0.1067,-0.1068,-0.1048,-0.1017,-0.0982,-0.0946,-0.0912,-0.3707,-0.4286,-0.4914,-0.5283,-0.4541,-0.3098,-0.2833,-0.4058,-0.2311,0.0927,0.1415,0.0858,0.057,0.0798,0.0212,-0.1986,-0.5568,-1.7514,-1.7991,-0.8753,-0.4922,-0.3231,-0.2208,-0.13,-0.0388,0.008,-0.0148,-0.052,-0.0766,-0.0895,-0.0947,-0.0954,-0.0936,-0.0908,-0.0879,-0.0852,-0.2921,-0.3213,-0.3413,-0.3335,-0.2829,-0.2258,-0.2332,-0.3038,-0.1987,0.0604,0.1558,0.0767,0.0328,0.0139,-0.07,-0.2699,-0.433,-1.0638,-1.2037,-0.6334,-0.2996,-0.152,-0.0876,-0.0351,0.0438,0.0908,0.0364,-0.0257,-0.0625,-0.081,-0.0883,-0.0892,-0.0871,-0.084,-0.0813,-0.0792,-0.2196,-0.2291,-0.2277,-0.2089,-0.1733,-0.1374,-0.1185,-0.0918,0.0258,0.2208,0.345,0.2937,0.1806,0.182,-0.0687,-0.3073,-0.6778,-0.4883,-0.4145,-0.1973,0.0059,0.0669,0.0467,0.0289,0.044,0.0624,0.0218,-0.0323,-0.0675,-0.0845,-0.0889,-0.0862,-0.081,-0.0765,-0.0738,-0.0726,-0.157,-0.1548,-0.1435,-0.1211,-0.0886,-0.0504,-0.0052,0.0671,0.2031,0.4389,0.7966,0.5996,0.4249,0.2236,0.0536,-0.2272,-0.4826,-0.2026,0.0098,0.1674,0.3254,0.293,0.175,0.09,0.0383,0.0069,-0.0307,-0.0694,-0.0937,-0.1012,-0.0957,-0.0837,-0.072,-0.0653,-0.0635,-0.0645,-0.1046,-0.0954,-0.079,-0.054,-0.0205,0.0222,0.0786,0.161,0.289,0.491,0.7523,0.6121,0.5092,0.4861,0.3118,0.1851,0.136,0.3079,0.4917,0.4521,0.3995,0.3667,0.2591,0.1389,0.0321,-0.0512,-0.1069,-0.1355,-0.1422,-0.1308,-0.1052,-0.0744,-0.0519,-0.0446,-0.048,-0.0543,-0.061,-0.0477,-0.0282,-0.0017,0.0327,0.0765,0.1329,0.2073,0.3045,0.4192,0.5065,0.5115,0.538,0.574,0.7083,0.7854,0.6537,0.8382,1.1099,0.8384,0.6037,0.4634,0.3296,0.1651,-0.0119,-0.1609,-0.2305,-0.2356,-0.2143,-0.1725,-0.1112,-0.0452,-0.0068,-0.0078,-0.026,-0.0428,-0.0249,-0.0091,0.0119,0.039,0.0729,0.1148,0.1662,0.2283,0.3,0.3734,0.4344,0.4836,0.5599,0.7686,1.4917,1.8086,1.0689,1.0278,1.2156,1.3325,0.9884,0.6639,0.4273,0.1846,-0.0893,-0.3182,-0.3725,-0.3548,-0.3103,-0.2287,-0.1142,0.0098,0.0667,0.0397,-0.0042,-0.0343,0.005,0.0221,0.0437,0.0705,0.1029,0.1416,0.1871,0.2392,0.2962,0.3551,0.4144,0.4845,0.6015,0.8651,1.4195,1.6037,1.1553,1.177,1.839,2.1738,1.3276,0.8536,0.5623,0.2451,-0.1253,-0.3855,-0.4321,-0.5133,-0.4437,-0.3106,-0.1451,0.0309,0.1027,0.0567,-0.001,-0.0357,0.0296,0.0473,0.0688,0.0947,0.1251,0.1605,0.2009,0.2459,0.2949,0.3476,0.4064,0.4809,0.5921,0.7694,0.9888,1.0724,1.0249,1.143,1.5225,1.6488,1.2707,1.0249,0.8243,0.4275,-0.0954,-0.5898,-1.0343,-0.9169,-0.6178,-0.4191,-0.2383,-0.0644,0.0194,0.006,-0.028,-0.0506,0.0498,0.0676,0.0886,0.1132,0.1416,0.1739,0.2101,0.2501,0.2938,0.342,0.3972,0.4647,0.5523,0.6617,0.7708,0.8402,0.8876,0.9855,1.1304,1.1944,1.2083,1.4119,1.4314,0.8106,0.0265,-0.75,-1.4275,-1.1191,-0.694,-0.5237,-0.3598,-0.2027,-0.1062,-0.0744,-0.0714,-0.0734,0.0664,0.0838,0.1041,0.1273,0.1537,0.1832,0.216,0.252,0.2914,0.335,0.3843,0.4416,0.5086,0.5827,0.6545,0.7154,0.7733,0.8459,0.932,1.03,1.2478,1.7635,1.9324,1.1224,0.2313,-0.4569,-0.8463,-0.7728,-0.6757,-0.6142,-0.4525,-0.2983,-0.1943,-0.1377,-0.1099,-0.0952,0.0798,0.0967,0.1161,0.1379,0.1623,0.1894,0.2191,0.2516,0.287,0.3259,0.3689,0.4167,0.4692,0.5245,0.5789,0.6304,0.6823,0.7408,0.8125,0.919,1.1226,1.4336,1.4728,0.9642,0.3264,-0.1752,-0.4725,-0.5943,-0.6679,-0.6173,-0.468,-0.3306,-0.2331,-0.1711,-0.1332,-0.1096]},{"header":{"la1":42.85,"la2":41.18,"lo1":11.55,"lo2":14.05,"nx":36,"ny":24,"dx":0.07143,"dy":0.07261,"parameterCategory":2,"parameterNumber":3,"parameterNumberName":"northward_wind","parameterUnit":"m.s-1"},"data":[-0.5622,-0.5464,-0.5273,-0.5049,-0.4802,-0.4548,-0.4316,-0.4139,-0.4037,-0.4007,-0.4023,-0.4046,-0.404,-0.3987,-0.3879,-0.3722,-0.3531,-0.3327,-0.3132,-0.2968,-0.2851,-0.2794,-0.2807,-0.2887,-0.3019,-0.3184,-0.3362,-0.3543,-0.372,-0.389,-0.405,-0.4202,-0.4344,-0.4477,-0.4601,-0.4716,-0.57,-0.5523,-0.5297,-0.5016,-0.4685,-0.4329,-0.3993,-0.3744,-0.3633,-0.3659,-0.3767,-0.3881,-0.394,-0.3914,-0.3798,-0.3603,-0.3354,-0.3083,-0.2826,-0.2611,-0.2457,-0.2383,-0.241,-0.2536,-0.2732,-0.296,-0.3192,-0.3417,-0.3628,-0.3825,-0.4007,-0.4176,-0.4333,-0.4478,-0.4613,-0.4737,-0.5809,-0.5618,-0.5356,-0.5005,-0.4556,-0.4028,-0.3497,-0.3098,-0.2961,-0.3104,-0.34,-0.3684,-0.3852,-0.387,-0.3743,-0.3494,-0.3157,-0.2786,-0.2442,-0.2167,-0.1966,-0.1859,-0.1906,-0.2113,-0.2411,-0.2728,-0.3028,-0.3302,-0.355,-0.3774,-0.3977,-0.4164,-0.4335,-0.4493,-0.4638,-0.477,-0.5958,-0.5765,-0.5477,-0.5053,-0.4447,-0.3643,-0.2729,-0.198,-0.1767,-0.2176,-0.2868,-0.3463,-0.3802,-0.388,-0.3736,-0.3407,-0.2936,-0.2402,-0.1934,-0.1617,-0.1382,-0.1197,-0.1263,-0.1623,-0.2082,-0.2514,-0.2889,-0.3212,-0.3493,-0.3743,-0.3966,-0.4169,-0.4355,-0.4524,-0.4678,-0.4818,-0.6151,-0.5978,-0.5694,-0.5223,-0.4446,-0.3236,-0.1585,0.0031,0.0499,-0.0589,-0.2147,-0.3275,-0.3843,-0.3983,-0.381,-0.3376,-0.2703,-0.1875,-0.1174,-0.0908,-0.0793,-0.0452,-0.0533,-0.116,-0.1819,-0.2361,-0.2798,-0.3159,-0.3467,-0.3737,-0.3978,-0.4195,-0.4393,-0.4573,-0.4737,-0.4884,-0.6385,-0.6259,-0.6031,-0.5588,-0.4714,-0.306,-0.0219,0.3465,0.4789,0.1855,-0.1442,-0.3285,-0.4054,-0.422,-0.4008,-0.3467,-0.2541,-0.1192,0.0138,0.0198,-0.0379,-0.0112,-0.0206,-0.0992,-0.1733,-0.2314,-0.2776,-0.3155,-0.3477,-0.376,-0.4014,-0.4244,-0.4454,-0.4645,-0.4817,-0.4971,-0.6639,-0.6581,-0.646,-0.6166,-0.5396,-0.3603,0.0157,0.6614,0.9649,0.3545,-0.1577,-0.3763,-0.4506,-0.4614,-0.4369,-0.3778,-0.2688,-0.0844,0.1503,0.1388,-0.014,-0.0473,-0.0674,-0.1226,-0.1842,-0.2378,-0.2824,-0.3198,-0.3524,-0.3813,-0.4077,-0.4319,-0.454,-0.4741,-0.4922,-0.5082,-0.6887,-0.6878,-0.6849,-0.6766,-0.6335,-0.5024,-0.2147,0.2723,0.4885,0.028,-0.3417,-0.4815,-0.5165,-0.5135,-0.4914,-0.4389,-0.3345,-0.1691,0.0105,0.0298,-0.0095,-0.036,-0.0919,-0.149,-0.2033,-0.2513,-0.2925,-0.3281,-0.3601,-0.3894,-0.4167,-0.4421,-0.4655,-0.4868,-0.5057,-0.5223,-0.7115,-0.7115,-0.7036,-0.6952,-0.6988,-0.6624,-0.5648,-0.4405,-0.4311,-0.5552,-0.6203,-0.6117,-0.5854,-0.5686,-0.5673,-0.5384,-0.4321,-0.2922,-0.1646,-0.0626,0.0735,0.0425,-0.0856,-0.1677,-0.2239,-0.2681,-0.3055,-0.3388,-0.3699,-0.3997,-0.4282,-0.4553,-0.4803,-0.503,-0.523,-0.54,-0.7339,-0.7372,-0.7315,-0.7261,-0.7596,-0.8,-0.8465,-0.9142,-1.0431,-1.0763,-0.8874,-0.7206,-0.6349,-0.6103,-0.6674,-0.7062,-0.5207,-0.3666,-0.2537,-0.1363,-0.0032,-0.0182,-0.1224,-0.1971,-0.2475,-0.286,-0.3188,-0.3498,-0.3806,-0.4117,-0.4424,-0.4719,-0.4994,-0.5238,-0.5448,-0.5622,-0.7563,-0.768,-0.7809,-0.7974,-0.8138,-0.9159,-1.0724,-1.2149,-1.4525,-1.5868,-1.0716,-0.7684,-0.6541,-0.6271,-0.6628,-0.7091,-0.5034,-0.3745,-0.3,-0.2295,-0.1662,-0.1558,-0.192,-0.235,-0.2715,-0.3015,-0.3292,-0.3586,-0.3907,-0.4249,-0.4596,-0.4931,-0.5239,-0.5507,-0.5728,-0.5901,-0.7761,-0.7939,-0.8106,-0.8148,-0.8496,-1.0371,-1.3086,-1.499,-1.4605,-1.4006,-1.0096,-0.7373,-0.6511,-0.6959,-0.619,-0.4838,-0.3795,-0.3389,-0.3191,-0.2759,-0.2382,-0.2248,-0.2369,-0.2622,-0.2879,-0.3091,-0.3321,-0.3625,-0.3994,-0.4398,-0.481,-0.5206,-0.5561,-0.5859,-0.609,-0.6255,-0.7913,-0.8141,-0.8397,-0.8728,-0.9549,-1.154,-1.4715,-1.7764,-1.5797,-1.1875,-0.8691,-0.6733,-0.6008,-0.7227,-0.6011,-0.2825,-0.2171,-0.3489,-0.3596,-0.279,-0.2404,-0.2292,-0.2429,-0.2699,-0.2923,-0.3033,-0.3237,-0.361,-0.4074,-0.4578,-0.5091,-0.5577,-0.6,-0.6333,-0.6566,-0.6708,-0.801,-0.8276,-0.862,-0.9134,-1.0043,-1.1627,-1.3895,-1.6007,-1.4645,-1.0647,-0.7837,-0.6491,-0.5834,-0.1812,-0.2227,0.1278,0.0619,-0.1876,-0.272,-0.2259,-0.1785,-0.17,-0.2088,-0.26,-0.2902,-0.2913,-0.3125,-0.3601,-0.4184,-0.4825,-0.5483,-0.6101,-0.6618,-0.6989,-0.7205,-0.729,-0.8042,-0.8315,-0.8669,-0.9163,-0.9878,-1.0858,-1.1934,-1.2439,-1.132,-0.9226,-0.7658,-0.6236,-0.3872,-0.0292,-0.0952,0.2435,0.4719,0.0377,-0.1505,-0.1192,0.011,0.0063,-0.1233,-0.2318,-0.2846,-0.2966,-0.3187,-0.3677,-0.4359,-0.5174,-0.6048,-0.6873,-0.7524,-0.7922,-0.8072,-0.804,-0.8014,-0.8262,-0.8568,-0.895,-0.9416,-0.9917,-1.0279,-1.0187,-0.9464,-0.8682,-0.9077,-0.6602,-0.5704,-0.3928,-0.2572,0.0306,0.2726,-0.0322,-0.1689,0.0076,0.4965,0.3725,-0.0105,-0.1989,-0.2693,-0.2937,-0.3183,-0.3699,-0.4541,-0.564,-0.6875,-0.8047,-0.8899,-0.9281,-0.9251,-0.8985,-0.7941,-0.8146,-0.8383,-0.8647,-0.8919,-0.9143,-0.9218,-0.9042,-0.8659,-0.8446,-0.8892,-0.7765,-0.856,-0.9106,-0.5677,-0.373,-0.2745,-0.3286,-0.3534,-0.0925,0.5569,0.3997,-0.0295,-0.2079,-0.2472,-0.2381,-0.2528,-0.3296,-0.4582,-0.621,-0.8076,-0.9878,-1.1045,-1.1264,-1.081,-1.0119,-0.7839,-0.8001,-0.8173,-0.8345,-0.8495,-0.8585,-0.8571,-0.8432,-0.8222,-0.8076,-0.8019,-0.8058,-0.947,-0.9932,-0.8905,-0.8493,-0.6502,-0.5748,-0.5923,-0.4601,-0.1785,-0.114,-0.224,-0.2682,-0.1969,-0.0586,-0.0375,-0.2093,-0.4395,-0.6858,-0.9718,-1.2659,-1.4307,-1.3983,-1.2671,-1.1319,-0.7727,-0.7849,-0.797,-0.8079,-0.8161,-0.8193,-0.8161,-0.8066,-0.7944,-0.7852,-0.7844,-0.8044,-0.8654,-0.9791,-1.4086,-1.6082,-0.9662,-0.7232,-0.7164,-0.8323,-0.6481,-0.4973,-0.4418,-0.3562,-0.1205,0.3117,0.4057,-0.0479,-0.4309,-0.753,-1.1456,-1.6036,-1.8277,-1.6846,-1.434,-1.2286,-0.7614,-0.7705,-0.779,-0.786,-0.7905,-0.7916,-0.7887,-0.7828,-0.7763,-0.7729,-0.7782,-0.8012,-0.8594,-1.0062,-1.3512,-1.4549,-1.0429,-0.8956,-1.1594,-1.3221,-0.9332,-0.7539,-0.6612,-0.5076,-0.1982,0.3488,0.4719,-0.1523,-0.5156,-0.8111,-1.2128,-1.7391,-1.9897,-1.7886,-1.4912,-1.2638,-0.7508,-0.7576,-0.7637,-0.7683,-0.771,-0.7714,-0.7695,-0.7663,-0.7637,-0.7644,-0.7728,-0.7953,-0.8432,-0.9326,-1.0487,-1.0656,-0.961,-0.9324,-1.0621,-1.1217,-1.0162,-1.0114,-0.9784,-0.7776,-0.5082,-0.3651,-0.5789,-0.6205,-0.6916,-0.8612,-1.1288,-1.4962,-1.7031,-1.6066,-1.4039,-1.2259,-0.7411,-0.7463,-0.7508,-0.754,-0.7559,-0.7562,-0.7554,-0.7542,-0.754,-0.7568,-0.7657,-0.7841,-0.816,-0.8611,-0.9034,-0.913,-0.896,-0.9042,-0.9581,-1.0236,-1.1561,-1.4592,-1.5406,-1.1529,-0.799,-0.7248,-0.8801,-0.8278,-0.8641,-0.9335,-1.0351,-1.2096,-1.3411,-1.3384,-1.25,-1.1443,-0.7325,-0.7366,-0.74,-0.7425,-0.7439,-0.7445,-0.7445,-0.7446,-0.7458,-0.7495,-0.7574,-0.7711,-0.7912,-0.8155,-0.8369,-0.8489,-0.8575,-0.8808,-0.9344,-1.0436,-1.3031,-1.8004,-1.9493,-1.4078,-0.9731,-0.8219,-0.8339,-0.9096,-1.0559,-1.0337,-1.007,-1.0591,-1.1235,-1.1418,-1.1116,-1.0571,-0.725,-0.7283,-0.7309,-0.733,-0.7344,-0.7352,-0.7358,-0.7367,-0.7386,-0.7424,-0.749,-0.7591,-0.7725,-0.7879,-0.803,-0.8171,-0.8347,-0.8657,-0.9244,-1.0379,-1.2531,-1.5494,-1.615,-1.3164,-1.0202,-0.8825,-0.8734,-0.9639,-1.0803,-1.0503,-0.9943,-0.9916,-1.0129,-1.0237,-1.0124,-0.9841]}]