docs/data/wind_grid.json
[{"header":{"la1":42.85,"la2":41.18,"lo1":11.55,"lo2":14.05,"nx":36,"ny":24,"dx":0.07143,"dy":0.07261,"parameterCategory":2,"parameterNumber":2,"parameterNumberName":"eastward_wind","parameterUnit":"m.s-1"},"data":[-1.1055,-1.1073,-1.1069,-1.1037,-1.097,-1.0858,-1.0686,-1.0435,-1.0089,-0.9645,-0.9113,-0.8515,-0.7879,-0.7232,-0.6598,-0.6005,-0.5486,-0.5078,-0.4816,-0.471,-0.4734,-0.4831,-0.4944,-0.5038,-0.5108,-0.5161,-0.5205,-0.5243,-0.5278,-0.5309,-0.5336,-0.536,-0.538,-0.5397,-0.5413,-0.5428,-1.1335,-1.1381,-1.1406,-1.1407,-1.1378,-1.1307,-1.1171,-1.0938,-1.0574,-1.0064,-0.9427,-0.8701,-0.7929,-0.7144,-0.6372,-0.564,-0.4992,-0.4493,-0.4212,-0.4183,-0.4359,-0.4614,-0.4829,-0.496,-0.5031,-0.5076,-0.5115,-0.5153,-0.519,-0.5223,-0.5253,-0.5278,-0.5299,-0.5317,-0.5334,-0.5349,-1.1629,-1.1708,-1.1768,-1.181,-1.1832,-1.1829,-1.1772,-1.1598,-1.1232,-1.0636,-0.9847,-0.8945,-0.7997,-0.7042,-0.6099,-0.5183,-0.434,-0.3676,-0.3353,-0.3486,-0.3989,-0.4558,-0.4908,-0.5019,-0.5027,-0.5027,-0.5043,-0.5073,-0.5109,-0.5143,-0.5173,-0.5198,-0.5219,-0.5237,-0.5253,-0.5268,-1.1934,-1.2049,-1.2148,-1.2234,-1.232,-1.2421,-1.2515,-1.2495,-1.2173,-1.1442,-1.0407,-0.9248,-0.8076,-0.6923,-0.5781,-0.4629,-0.348,-0.2481,-0.2001,-0.2442,-0.3703,-0.4962,-0.5426,-0.5301,-0.5104,-0.5004,-0.4983,-0.5001,-0.5034,-0.5068,-0.5097,-0.5121,-0.514,-0.5155,-0.5169,-0.5183,-1.2245,-1.2399,-1.2536,-1.2661,-1.281,-1.3045,-1.3409,-1.3756,-1.3597,-1.2598,-1.1113,-0.9579,-0.8138,-0.6776,-0.5434,-0.4017,-0.2414,-0.0689,0.0419,-0.0473,-0.3473,-0.634,-0.663,-0.5748,-0.5186,-0.4969,-0.4919,-0.4932,-0.4965,-0.4998,-0.5025,-0.5045,-0.506,-0.5072,-0.5083,-0.5094,-1.2552,-1.275,-1.2923,-1.3071,-1.3249,-1.3603,-1.4345,-1.5469,-1.5776,-1.4125,-1.1843,-0.9844,-0.8128,-0.6571,-0.5067,-0.3447,-0.135,0.17,0.4927,0.3844,-0.22,-0.7396,-0.7347,-0.5803,-0.5091,-0.4871,-0.4839,-0.4866,-0.4904,-0.4936,-0.4958,-0.4971,-0.4979,-0.4984,-0.499,-0.4999,-1.2841,-1.3088,-1.3298,-1.3445,-1.3592,-1.3952,-1.4896,-1.6836,-1.7851,-1.5204,-1.2191,-0.9898,-0.7984,-0.6245,-0.4623,-0.3001,-0.0839,0.3154,0.9545,0.8742,0.0322,-0.4408,-0.5422,-0.5011,-0.4755,-0.4712,-0.4754,-0.4812,-0.4857,-0.4884,-0.4895,-0.4897,-0.4894,-0.489,-0.489,-0.4894,-1.3087,-1.3377,-1.3624,-1.3754,-1.3829,-1.4091,-1.4725,-1.5891,-1.6337,-1.4325,-1.1883,-0.9735,-0.7705,-0.5694,-0.383,-0.2392,-0.102,0.1512,0.5166,0.409,-0.0723,-0.2723,-0.3712,-0.4182,-0.4412,-0.4579,-0.4706,-0.479,-0.4834,-0.4846,-0.4838,-0.482,-0.4801,-0.4785,-0.4777,-0.4777,-1.3267,-1.3569,-1.3809,-1.3887,-1.3965,-1.4256,-1.4578,-1.4703,-1.43,-1.3166,-1.1543,-0.9604,-0.7424,-0.4859,-0.2002,-0.0529,-0.0792,-0.0532,0.0104,-0.0844,-0.2781,-0.2895,-0.3288,-0.3859,-0.4282,-0.4569,-0.4745,-0.4829,-0.4847,-0.4824,-0.4782,-0.4736,-0.4694,-0.4664,-0.4646,-0.4642,-1.3379,-1.3669,-1.3865,-1.3944,-1.4158,-1.467,-1.5144,-1.4987,-1.4087,-1.3104,-1.1733,-0.9739,-0.7436,-0.4256,0.1638,0.466,0.038,-0.1238,-0.1536,-0.2034,-0.2734,-0.2964,-0.3374,-0.3931,-0.4414,-0.4751,-0.4923,-0.4958,-0.4907,-0.4818,-0.4721,-0.4634,-0.4565,-0.4516,-0.449,-0.4483,-1.3446,-1.3747,-1.3965,-1.4008,-1.4203,-1.5382,-1.6732,-1.6739,-1.4257,-1.3089,-1.2223,-1.008,-0.7954,-0.5484,0.0408,0.4628,-0.0147,-0.1373,-0.1598,-0.2105,-0.268,-0.314,-0.3657,-0.4258,-0.4829,-0.5211,-0.5318,-0.5212,-0.5018,-0.4815,-0.4639,-0.4499,-0.4398,-0.4332,-0.4299,-0.4294,-1.3475,-1.3809,-1.4075,-1.4123,-1.4513,-1.6624,-1.974,-2.168,-1.7751,-1.4275,-1.2642,-1.053,-0.8665,-0.7546,-0.5841,-0.3079,-0.1933,-0.0283,0.0042,-0.1424,-0.2562,-0.3302,-0.398,-0.4781,-0.564,-0.6157,-0.6056,-0.5616,-0.5155,-0.4783,-0.4506,-0.4308,-0.4175,-0.4096,-0.4063,-0.4067,-1.3452,-1.3827,-1.4209,-1.4639,-1.5594,-1.7988,-2.2163,-2.667,-2.3204,-1.6605,-1.3072,-1.1601,-0.9947,-0.7988,-0.7133,-0.4469,-0.2127,0.3545,0.3758,-0.0611,-0.2442,-0.3373,-0.4226,-0.5422,-0.7041,-0.7946,-0.7233,-0.6092,-0.5229,-0.4655,-0.4277,-0.4028,-0.3872,-0.379,-0.3768,-0.3792,-1.3367,-1.3766,-1.4238,-1.4884,-1.5991,-1.7988,-2.1036,-2.4046,-2.1977,-1.6324,-1.3214,-1.3139,-1.2866,-0.7336,-0.6091,-0.2919,-0.2114,0.0505,0.1102,-0.132,-0.2543,-0.3268,-0.42,-0.5776,-0.8394,-0.9921,-0.8204,-0.6254,-0.5048,-0.4336,-0.3899,-0.3625,-0.3465,-0.3396,-0.3401,-0.3463,-1.3213,-1.3602,-1.4073,-1.4697,-1.5592,-1.6848,-1.8286,-1.8987,-1.7492,-1.4901,-1.3396,-1.2438,-1.0662,-0.9875,-0.5998,-0.2247,0.0867,-0.1587,-0.2159,-0.2409,-0.2176,-0.2511,-0.3671,-0.5242,-0.7418,-0.8679,-0.73,-0.5546,-0.4415,-0.3745,-0.3331,-0.307,-0.2927,-0.2892,-0.2949,-0.3072,-1.2998,-1.3343,-1.3748,-1.4238,-1.4831,-1.548,-1.5973,-1.5899,-1.5066,-1.4327,-1.5112,-1.3751,-1.2246,-0.9959,-0.734,-0.3679,-0.0887,-0.2983,-0.3719,-0.2633,0.0259,-0.0494,-0.2855,-0.4255,-0.5214,-0.5576,-0.4947,-0.4012,-0.3323,-0.288,-0.2573,-0.2351,-0.2237,-0.2258,-0.2403,-0.2623,-1.2739,-1.3024,-1.3339,-1.3683,-1.4036,-1.4335,-1.4462,-1.4299,-1.3942,-1.3921,-1.4758,-1.3724,-1.323,-1.2962,-0.9703,-0.729,-0.5782,-0.5659,-0.5561,-0.3733,0.0525,-0.0395,-0.283,-0.3605,-0.3488,-0.2954,-0.2383,-0.2061,-0.1932,-0.1838,-0.1684,-0.1485,-0.1378,-0.1483,-0.1769,-0.2132,-1.2457,-1.268,-1.2911,-1.3138,-1.3337,-1.3467,-1.3478,-1.3356,-1.3188,-1.314,-1.3156,-1.2923,-1.3383,-1.3452,-1.2375,-1.1595,-0.9122,-0.7503,-0.7052,-0.6457,-0.4436,-0.3678,-0.3837,-0.3322,-0.1931,-0.0209,0.0545,0.0144,-0.0427,-0.0768,-0.0786,-0.0533,-0.0365,-0.0595,-0.11,-0.1652,-1.2169,-1.2339,-1.2501,-1.2646,-1.2755,-1.2806,-1.2783,-1.2692,-1.2577,-1.2486,-1.2408,-1.2367,-1.2567,-1.3291,-1.7047,-1.8837,-1.2109,-0.8926,-0.842,-0.973,-0.8013,-0.6264,-0.4995,-0.3233,-0.0398,0.2936,0.3733,0.2251,0.0991,0.0181,-0.0059,0.03,0.0608,0.0209,-0.0547,-0.1278,-1.1888,-1.2013,-1.2125,-1.2215,-1.2272,-1.2285,-1.225,-1.2175,-1.2082,-1.1994,-1.1933,-1.1959,-1.2245,-1.3341,-1.6399,-1.7257,-1.2777,-1.0721,-1.2882,-1.4394,-1.0399,-0.8082,-0.631,-0.37,0.0111,0.3847,0.4605,0.3745,0.2249,0.0953,0.0366,0.0608,0.0944,0.0493,-0.0334,-0.1112,-1.162,-1.1711,-1.1786,-1.184,-1.1866,-1.1858,-1.1818,-1.1751,-1.1671,-1.1596,-1.1553,-1.1593,-1.1826,-1.2434,-1.3312,-1.3212,-1.179,-1.1029,-1.1929,-1.2309,-1.0813,-1.0001,-0.8778,-0.5419,-0.0557,0.4236,0.8053,0.6665,0.3414,0.1491,0.0572,0.0392,0.0466,0.0132,-0.051,-0.1177,-1.1369,-1.1433,-1.1482,-1.1511,-1.1516,-1.1497,-1.1453,-1.1391,-1.1319,-1.1251,-1.1207,-1.1218,-1.1322,-1.1527,-1.1686,-1.1486,-1.0956,-1.0628,-1.0764,-1.098,-1.1624,-1.387,-1.4176,-0.8899,-0.1997,0.5053,1.1296,0.8102,0.3206,0.1491,0.0641,0.0152,-0.0092,-0.0404,-0.0869,-0.139,-1.1136,-1.1179,-1.1207,-1.1219,-1.1211,-1.1184,-1.1137,-1.1076,-1.1007,-1.0938,-1.0883,-1.0853,-1.0854,-1.0867,-1.0821,-1.0642,-1.0378,-1.021,-1.0291,-1.0816,-1.2668,-1.7045,-1.8454,-1.1695,-0.4079,0.1989,0.536,0.3731,0.1364,0.1107,0.0573,-0.0029,-0.0465,-0.0835,-0.1233,-0.1656,-1.0918,-1.0945,-1.0959,-1.0958,-1.0941,-1.0907,-1.0857,-1.0795,-1.0725,-1.0652,-1.0582,-1.0519,-1.046,-1.039,-1.0283,-1.0126,-0.9956,-0.9862,-0.9973,-1.0529,-1.2024,-1.447,-1.4755,-1.0562,-0.5214,-0.0977,0.1288,0.1427,0.1061,0.0902,0.0344,-0.0284,-0.0785,-0.1191,-0.1566,-0.1933]},{"header":{"la1":42.85,"la2":41.18,"lo1":11.55,"lo2":14.05,"nx":36,"ny":24,"dx":0.07143,"dy":0.07261,"parameterCategory":2,"parameterNumber":3,"parameterNumberName":"northward_wind","parameterUnit":"m.s-1"},"data":[0.0618,0.0469,0.0298,0.0106,-0.01,-0.0309,-0.0502,-0.0658,-0.0761,-0.0809,-0.0807,-0.0768,-0.0704,-0.0621,-0.0524,-0.042,-0.0326,-0.0263,-0.0251,-0.0297,-0.0385,-0.0472,-0.0516,-0.0496,-0.0422,-0.0314,-0.019,-0.0063,0.0063,0.0185,0.0305,0.0421,0.0534,0.0643,0.0747,0.0847,0.0672,0.0507,0.0309,0.0075,-0.0188,-0.0466,-0.073,-0.0941,-0.1067,-0.1103,-0.1068,-0.099,-0.0888,-0.0765,-0.0624,-0.0468,-0.0318,-0.0213,-0.0201,-0.0307,-0.0503,-0.0697,-0.0791,-0.0757,-0.0632,-0.0469,-0.0303,-0.0144,0.0004,0.0144,0.0278,0.0406,0.0529,0.0648,0.0762,0.087,0.0755,0.0575,0.0349,0.0067,-0.0273,-0.0658,-0.1043,-0.1351,-0.1512,-0.1513,-0.1407,-0.126,-0.1104,-0.0936,-0.0738,-0.0503,-0.0255,-0.006,-0.0027,-0.0243,-0.0672,-0.1095,-0.1265,-0.1152,-0.0905,-0.0645,-0.0417,-0.0221,-0.0049,0.0108,0.0256,0.0397,0.0532,0.0661,0.0784,0.09,0.0872,0.0685,0.0437,0.0105,-0.0334,-0.0882,-0.1485,-0.1992,-0.2213,-0.2111,-0.1847,-0.1581,-0.1358,-0.1144,-0.0884,-0.0539,-0.0116,0.0282,0.0419,0.002,-0.093,-0.1893,-0.2134,-0.1736,-0.1223,-0.0814,-0.0514,-0.0283,-0.0091,0.008,0.024,0.0394,0.0541,0.0682,0.0815,0.0941,0.1028,0.0843,0.0587,0.0221,-0.0319,-0.1101,-0.2105,-0.3061,-0.3418,-0.3018,-0.2392,-0.1931,-0.1644,-0.1411,-0.1105,-0.0623,0.0089,0.0943,0.1477,0.0867,-0.1184,-0.3435,-0.3559,-0.2397,-0.1471,-0.0915,-0.0568,-0.0322,-0.0122,0.0059,0.0231,0.0398,0.0559,0.0713,0.0858,0.0993,0.1221,0.1046,0.0802,0.0446,-0.0145,-0.1176,-0.2818,-0.4797,-0.5536,-0.4289,-0.294,-0.2245,-0.1953,-0.177,-0.1474,-0.0874,0.0222,0.1945,0.372,0.3134,-0.0506,-0.445,-0.4324,-0.2506,-0.1429,-0.0881,-0.0565,-0.0339,-0.0145,0.0041,0.0225,0.0408,0.0586,0.0755,0.0914,0.106,0.1447,0.1265,0.1018,0.0734,0.0255,-0.0843,-0.3011,-0.6354,-0.7821,-0.5173,-0.3141,-0.2424,-0.2283,-0.2275,-0.2106,-0.1494,-0.0119,0.2464,0.6113,0.5752,0.1471,-0.1564,-0.2235,-0.1562,-0.1032,-0.0731,-0.053,-0.0356,-0.0176,0.0017,0.0219,0.0424,0.0623,0.0812,0.0987,0.1145,0.1717,0.1475,0.1058,0.0773,0.0748,0.0028,-0.1825,-0.4551,-0.574,-0.397,-0.2709,-0.2456,-0.2667,-0.2997,-0.3148,-0.2707,-0.1325,0.1062,0.3753,0.3747,0.235,0.1321,0.0105,-0.0439,-0.0585,-0.0597,-0.0538,-0.0417,-0.0241,-0.0027,0.0207,0.0445,0.0675,0.0889,0.1082,0.1253,0.2088,0.1816,0.095,0.0091,0.1174,0.1226,0.0032,-0.1374,-0.2101,-0.2054,-0.2071,-0.2471,-0.3148,-0.3977,-0.4821,-0.4793,-0.3208,-0.1067,0.0789,0.2008,0.3586,0.3103,0.1185,0.0092,-0.0425,-0.0651,-0.0689,-0.0582,-0.0373,-0.0104,0.0187,0.0476,0.0747,0.0992,0.1206,0.139,0.2621,0.2681,0.2359,0.2051,0.3367,0.2856,0.1647,0.0493,-0.0571,-0.1196,-0.1683,-0.2583,-0.372,-0.5023,-0.7177,-0.8217,-0.5096,-0.256,-0.0761,0.0887,0.26,0.2375,0.095,-0.0073,-0.0703,-0.1039,-0.1098,-0.0925,-0.0605,-0.0224,0.0164,0.0527,0.0851,0.1132,0.1369,0.1564,0.3185,0.3844,0.5301,0.8489,0.7971,0.4626,0.3063,0.1901,-0.0583,-0.1699,-0.1514,-0.2829,-0.4451,-0.5826,-0.7432,-0.8507,-0.5382,-0.3099,-0.1625,-0.0465,0.0441,0.0569,0.0002,-0.0771,-0.1506,-0.1953,-0.1931,-0.1527,-0.0958,-0.0375,0.0157,0.0618,0.1007,0.1327,0.1584,0.1786,0.3519,0.4384,0.6044,0.8485,0.7918,0.5155,0.4521,0.4684,0.195,-0.0435,-0.1233,-0.3208,-0.5459,-0.7495,-0.7147,-0.6228,-0.4685,-0.2679,-0.1633,-0.1128,-0.0643,-0.0507,-0.0891,-0.1811,-0.3048,-0.3799,-0.3448,-0.2451,-0.1403,-0.0511,0.021,0.0787,0.1244,0.1599,0.1869,0.2068,0.3553,0.4216,0.5133,0.5915,0.5614,0.4911,0.5503,0.712,0.5433,0.1866,-0.0848,-0.376,-0.5914,-0.8297,-0.7775,-0.6781,-0.5088,-0.1176,-0.07,-0.1219,-0.099,-0.0954,-0.1489,-0.3027,-0.5669,-0.7231,-0.5814,-0.3554,-0.1781,-0.0522,0.0395,0.1081,0.1597,0.1976,0.2245,0.2424,0.3421,0.3836,0.4271,0.4545,0.4531,0.458,0.5202,0.6143,0.5265,0.2753,0.0197,-0.4331,-0.6387,-0.9781,-0.7494,-1.0248,-0.7555,-0.293,-0.1464,-0.1248,-0.0997,-0.1025,-0.1655,-0.3746,-0.8181,-1.0934,-0.7762,-0.4113,-0.1766,-0.0258,0.0791,0.1556,0.211,0.2491,0.2733,0.2868,0.326,0.3519,0.3758,0.3924,0.4027,0.4191,0.4501,0.4722,0.4451,0.4214,0.4058,0.1944,-0.2165,-0.4173,-0.6342,-1.0881,-0.5369,-0.3722,-0.1765,-0.0977,-0.0972,-0.1022,-0.1337,-0.298,-0.6518,-0.8747,-0.6346,-0.3246,-0.1096,0.0375,0.1454,0.226,0.283,0.3182,0.3358,0.341,0.3129,0.3307,0.3472,0.3613,0.3745,0.3909,0.4124,0.4387,0.4944,0.6832,1.1305,1.0694,0.6483,0.0847,-0.1897,-0.4147,-0.3745,-0.1945,-0.0238,-0.0269,-0.1946,-0.1608,-0.082,-0.1402,-0.2894,-0.3799,-0.2995,-0.1435,0.0047,0.1313,0.2382,0.3234,0.3811,0.4092,0.4139,0.4051,0.3037,0.3177,0.3313,0.3447,0.3593,0.3777,0.4037,0.4478,0.5411,0.7536,1.0943,1.0159,1.2796,1.3966,0.4458,0.1099,0.054,0.2039,0.3379,0.1699,-0.1876,-0.1328,0.004,0.0027,-0.0579,-0.0995,-0.0757,0.0075,0.1197,0.2382,0.353,0.4516,0.5124,0.5261,0.5075,0.4768,0.2979,0.31,0.3225,0.3361,0.352,0.3728,0.403,0.4516,0.5338,0.6609,0.7958,0.9245,1.4114,1.511,0.8806,0.6927,0.5173,0.6619,0.9157,0.572,0.2658,0.1633,0.162,0.1278,0.0473,-0.0452,-0.0518,0.0624,0.2073,0.3449,0.4824,0.6106,0.6795,0.6653,0.6088,0.5488,0.2945,0.3057,0.3179,0.3317,0.3485,0.3703,0.4007,0.4446,0.5071,0.5879,0.6792,0.7947,0.9541,1.0312,1.3095,1.4805,0.8651,0.7936,0.9239,0.8911,0.6381,0.44,0.3406,0.246,0.0746,-0.2196,-0.2812,0.0434,0.291,0.4522,0.6059,0.7701,0.8496,0.7942,0.6944,0.6075,0.2928,0.3035,0.3154,0.3293,0.3462,0.3676,0.3958,0.433,0.481,0.5391,0.6064,0.6854,0.7785,0.9139,1.2272,1.3239,0.9302,0.8552,1.167,1.3314,0.8802,0.6397,0.5217,0.3963,0.1844,-0.2127,-0.3024,0.2107,0.4517,0.5748,0.6901,0.8352,0.9093,0.8415,0.732,0.6394,0.292,0.3024,0.3141,0.3277,0.3441,0.3643,0.3894,0.4207,0.4588,0.5034,0.5545,0.6132,0.6839,0.7798,0.8954,0.9147,0.8262,0.8361,1.0089,1.071,0.8961,0.8147,0.7617,0.6211,0.4669,0.4449,0.7308,0.7356,0.7105,0.7389,0.7581,0.8023,0.8353,0.7964,0.7194,0.6438,0.2918,0.3018,0.3132,0.3263,0.3418,0.3604,0.3826,0.4091,0.4402,0.4757,0.5156,0.5605,0.6116,0.6686,0.7185,0.736,0.7322,0.7597,0.8269,0.8733,0.9287,1.1112,1.1625,0.9022,0.7138,0.8026,1.0844,0.9918,0.9933,0.9817,0.8809,0.81,0.7789,0.7431,0.6909,0.634,0.2918,0.3015,0.3124,0.325,0.3394,0.3563,0.3759,0.3986,0.4244,0.4534,0.4853,0.52,0.557,0.5941,0.6255,0.6467,0.665,0.6961,0.7469,0.8252,0.9987,1.3444,1.4498,1.0825,0.8372,0.8386,0.9502,1.0962,1.3797,1.2832,1.0309,0.8644,0.7758,0.7197,0.6703,0.6222,0.292,0.3013,0.3117,0.3235,0.3369,0.3522,0.3696,0.3892,0.4111,0.4351,0.4611,0.4887,0.517,0.5448,0.5701,0.5929,0.6175,0.6514,0.7031,0.7896,0.9462,1.1615,1.213,1.0188,0.859,0.8423,0.938,1.163,1.4293,1.3313,1.0772,0.8923,0.781,0.7103,0.6572,0.6117]}]