docs/data/wind_grid.json
[{"header":{"la1":42.85,"la2":41.18,"lo1":11.55,"lo2":14.05,"nx":36,"ny":24,"dx":0.07143,"dy":0.07261,"parameterCategory":2,"parameterNumber":2,"parameterNumberName":"eastward_wind","parameterUnit":"m.s-1"},"data":[3.8446,3.8652,3.8872,3.9101,3.9327,3.9527,3.9675,3.9741,3.9705,3.9568,3.9352,3.9092,3.8819,3.8555,3.8312,3.8093,3.7896,3.7719,3.756,3.7412,3.7269,3.7124,3.6971,3.6808,3.6634,3.6449,3.6257,3.6059,3.5859,3.566,3.5463,3.5272,3.5089,3.4915,3.4752,3.4602,3.8546,3.8791,3.9065,3.9365,3.9678,3.9977,4.0216,4.0339,4.0304,4.0106,3.9792,3.9425,3.9059,3.8725,3.8432,3.8176,3.7954,3.7761,3.7593,3.7445,3.7305,3.7163,3.7008,3.6838,3.6651,3.6451,3.6241,3.6025,3.5805,3.5587,3.5372,3.5164,3.4965,3.4777,3.4603,3.4444,3.8625,3.8912,3.9248,3.9637,4.0073,4.0525,4.0926,4.1166,4.1142,4.0838,4.035,3.9812,3.9314,3.8891,3.8539,3.8243,3.799,3.7775,3.7599,3.7455,3.7328,3.7196,3.7044,3.6867,3.6668,3.6449,3.6218,3.598,3.5738,3.5497,3.5261,3.5034,3.4818,3.4615,3.4429,3.426,3.8673,3.9,3.9399,3.989,4.0486,4.1175,4.1869,4.2359,4.2383,4.1871,4.1059,4.0241,3.9564,3.9039,3.863,3.8293,3.8,3.7748,3.7554,3.7424,3.7328,3.7223,3.708,3.6898,3.6682,3.6442,3.6186,3.5921,3.5653,3.5387,3.5127,3.4878,3.4642,3.4424,3.4224,3.4046,3.8678,3.9032,3.9484,4.0073,4.0852,4.1868,4.3075,4.412,4.4303,4.3345,4.1907,4.0659,3.9766,3.9152,3.8704,3.8333,3.7986,3.766,3.7418,3.7317,3.7293,3.7242,3.712,3.6931,3.6694,3.6427,3.6141,3.5845,3.5547,3.5251,3.4964,3.469,3.4432,3.4196,3.3983,3.3796,3.8629,3.8992,3.9468,4.0117,4.1043,4.2405,4.4348,4.6514,4.7165,4.5233,4.2697,4.092,3.9857,3.9213,3.8772,3.8395,3.7985,3.7518,3.7149,3.7101,3.7227,3.7268,3.7169,3.6967,3.6702,3.64,3.6078,3.5747,3.5413,3.5084,3.4765,3.4462,3.418,3.3924,3.3697,3.35,3.8522,3.8869,3.9326,3.9961,4.0902,4.2396,4.4856,4.8307,4.9733,4.6403,4.2824,4.0812,3.9782,3.9222,3.8859,3.8528,3.8097,3.748,3.6906,3.6913,3.7222,3.7342,3.7243,3.701,3.6703,3.6357,3.5993,3.5619,3.5245,3.4877,3.4521,3.4185,3.3875,3.3597,3.3355,3.3151,3.8363,3.8669,3.9064,3.96,4.0376,4.1585,4.3552,4.6309,4.7349,4.4532,4.176,4.0281,3.9569,3.9218,3.9,3.8779,3.8441,3.7882,3.7292,3.7232,3.7476,3.7529,3.7359,3.7058,3.6691,3.6291,3.5877,3.5455,3.5035,3.4621,3.4222,3.3848,3.3505,3.3202,3.2945,3.2736,3.8163,3.8413,3.8719,3.9108,3.9619,4.0311,4.1225,4.2134,4.2196,4.1217,4.0226,3.9622,3.9361,3.9286,3.9242,3.9164,3.9019,3.8735,3.8357,3.8139,3.8042,3.7844,3.7513,3.7103,3.6656,3.6193,3.5722,3.5247,3.4773,3.4305,3.3855,3.3433,3.3051,3.2721,3.2449,3.2238,3.794,3.813,3.8348,3.8596,3.8872,3.9166,3.9441,3.9601,3.9514,3.9342,3.9204,3.9158,3.9332,3.9573,3.9665,3.9675,3.9776,3.9877,3.9726,3.9314,3.8793,3.8238,3.7676,3.7123,3.6584,3.6052,3.552,3.4986,3.4449,3.3917,3.3401,3.292,3.2491,3.2128,3.1843,3.1637,3.7709,3.7847,3.7994,3.8142,3.8278,3.8381,3.8446,3.8553,3.8872,3.9019,3.875,3.8928,3.9614,4.0354,4.0416,4.0266,4.0737,4.1617,4.1748,4.083,3.964,3.8613,3.7781,3.7081,3.6453,3.5856,3.5265,3.4665,3.4054,3.344,3.284,3.228,3.1789,3.139,3.1095,3.0905,3.748,3.7577,3.7675,3.7768,3.7848,3.7905,3.7936,3.7976,3.8301,3.8566,3.8312,3.8728,4.0099,4.2207,4.1647,4.0694,4.194,4.5099,4.5537,4.2816,4.0391,3.8804,3.7736,3.6931,3.6245,3.56,3.4952,3.4281,3.3579,3.2856,3.214,3.1472,3.0898,3.0456,3.016,3.0007,3.7256,3.7321,3.7385,3.745,3.7518,3.7605,3.773,3.7856,3.7773,3.7591,3.7644,3.8522,3.9463,4.2698,4.1885,4.0262,4.2633,5.0566,5.0645,4.4135,4.0454,3.8564,3.7448,3.6646,3.5956,3.5287,3.4591,3.3839,3.302,3.2145,3.1259,3.0432,2.9743,2.925,2.8974,2.8896,3.704,3.7077,3.7112,3.715,3.7202,3.7293,3.7452,3.7634,3.7373,3.6598,3.6512,3.8731,3.9187,3.4129,3.7624,3.8688,4.0639,4.5944,4.6726,4.2209,3.9259,3.7774,3.6917,3.6246,3.5607,3.4941,3.4205,3.336,3.2382,3.1285,3.0138,2.9064,2.8206,2.7662,2.745,2.7516,3.6831,3.684,3.6844,3.6844,3.6847,3.6858,3.6861,3.6727,3.6084,3.4824,3.3828,3.4143,3.4259,3.215,3.5369,3.7714,3.8774,3.9706,4.0165,3.8757,3.7363,3.6721,3.63,3.581,3.5246,3.4607,3.3846,3.2894,3.1696,3.0258,2.8687,2.7211,2.6099,2.5524,2.5474,2.5808,3.663,3.6612,3.6582,3.6536,3.6468,3.6358,3.6148,3.5685,3.4681,3.2782,3.0084,2.9117,3.0972,3.3024,3.4612,3.6753,3.7991,3.7426,3.6911,3.6452,3.612,3.605,3.5818,3.5414,3.4931,3.4367,3.3622,3.2547,3.1032,2.9057,2.6779,2.4618,2.3125,2.2602,2.2923,2.3742,3.6441,3.6398,3.6336,3.6246,3.6114,3.5908,3.5567,3.4973,3.3945,3.2271,3.0286,3.034,3.0522,3.0733,3.3414,3.5002,3.5565,3.4852,3.4134,3.4915,3.5867,3.5791,3.5417,3.506,3.4732,3.439,3.376,3.2514,3.0518,2.7715,2.4258,2.0917,1.8876,1.8659,1.9755,2.1382,3.6267,3.6204,3.6116,3.5994,3.5821,3.557,3.5197,3.464,3.3843,3.2844,3.1986,3.1609,3.0759,3.0744,3.2911,3.3787,3.3924,3.2356,3.0611,3.2946,3.4537,3.4964,3.4891,3.4737,3.4763,3.5027,3.4695,3.3023,3.0268,2.6339,2.1098,1.5839,1.3132,1.3782,1.6247,1.9011,3.6111,3.6033,3.5928,3.5789,3.5601,3.5346,3.5001,3.4545,3.3981,3.3376,3.2867,3.2517,3.2271,3.2534,3.3046,3.3082,3.3324,3.2258,3.1295,3.2423,3.3499,3.4203,3.4417,3.4455,3.4947,3.653,3.6777,3.3777,3.0079,2.5192,1.801,1.0369,0.7133,0.9229,1.3334,1.7208,3.5975,3.5887,3.5775,3.5631,3.5446,3.521,3.4914,3.4557,3.4156,3.3757,3.342,3.319,3.3099,3.3173,3.3186,3.3176,3.3307,3.2876,3.2244,3.2061,3.3124,3.3947,3.4207,3.4124,3.4417,3.6429,3.6878,3.254,2.9265,2.4682,1.6977,0.8355,0.497,0.7711,1.2411,1.6634,3.5857,3.5765,3.5652,3.5512,3.534,3.5131,3.4885,3.4607,3.4313,3.4031,3.3795,3.363,3.3547,3.3523,3.3501,3.35,3.3474,3.3216,3.2779,3.2742,3.3548,3.4359,3.4532,3.3927,3.2858,3.1208,2.7772,2.7782,2.7819,2.4933,1.8923,1.2044,0.8885,1.0455,1.4,1.7505,3.5756,3.5665,3.5555,3.5423,3.5268,3.5088,3.4884,3.4665,3.4441,3.4232,3.4054,3.3922,3.3838,3.3789,3.3759,3.3735,3.3686,3.3573,3.3481,3.3692,3.447,3.5599,3.5835,3.4437,3.202,2.8275,2.4391,2.5664,2.7021,2.5588,2.1849,1.7489,1.4969,1.5183,1.7058,1.9368,3.5671,3.5582,3.5478,3.5357,3.5219,3.5064,3.4895,3.4718,3.4542,3.4378,3.4236,3.4125,3.4044,3.3988,3.3949,3.3918,3.3885,3.3863,3.3932,3.4265,3.512,3.6514,3.6886,3.5078,3.236,2.9304,2.7064,2.7005,2.7336,2.6408,2.4219,2.1647,1.9873,1.9493,2.024,2.1537,3.5598,3.5514,3.5417,3.5307,3.5184,3.5051,3.4908,3.4762,3.4619,3.4485,3.4367,3.427,3.4193,3.4135,3.4091,3.4058,3.4038,3.4053,3.4157,3.445,3.505,3.5838,3.5937,3.4699,3.2735,3.0702,2.9204,2.8541,2.8143,2.7321,2.595,2.4395,2.3197,2.2702,2.2898,2.3552]},{"header":{"la1":42.85,"la2":41.18,"lo1":11.55,"lo2":14.05,"nx":36,"ny":24,"dx":0.07143,"dy":0.07261,"parameterCategory":2,"parameterNumber":3,"parameterNumberName":"northward_wind","parameterUnit":"m.s-1"},"data":[1.7336,1.7275,1.721,1.714,1.7068,1.6993,1.6918,1.684,1.6753,1.6645,1.6492,1.6271,1.5955,1.5526,1.4982,1.4344,1.3671,1.3058,1.2614,1.2424,1.2513,1.2839,1.3323,1.3879,1.4444,1.4978,1.546,1.5883,1.625,1.6565,1.6833,1.7062,1.7256,1.7422,1.7564,1.7684,1.7321,1.7254,1.7181,1.7103,1.702,1.6937,1.6856,1.6781,1.6709,1.6621,1.6487,1.6265,1.5911,1.5387,1.4672,1.378,1.2788,1.185,1.1172,1.0918,1.1123,1.1687,1.2446,1.3258,1.4029,1.4718,1.5311,1.5812,1.6231,1.658,1.6871,1.7114,1.7317,1.7488,1.7631,1.7752,1.7306,1.7232,1.715,1.7059,1.696,1.6858,1.6762,1.6685,1.6632,1.6585,1.6497,1.6301,1.5926,1.5303,1.4374,1.3119,1.1616,1.0115,0.9021,0.8687,0.9158,1.0172,1.1391,1.2578,1.3623,1.4497,1.5211,1.5789,1.6256,1.6634,1.6942,1.7194,1.7402,1.7573,1.7715,1.7834,1.7293,1.7211,1.7117,1.701,1.6888,1.6753,1.6619,1.6518,1.6485,1.6509,1.6512,1.6388,1.6028,1.5324,1.4153,1.2405,1.0091,0.7571,0.5684,0.527,0.636,0.8238,1.0203,1.1914,1.3289,1.4362,1.5192,1.5836,1.6339,1.6736,1.7052,1.7306,1.7512,1.768,1.7817,1.793,1.7282,1.7192,1.7087,1.6962,1.681,1.6625,1.6416,1.6239,1.6205,1.6348,1.652,1.6534,1.6251,1.5522,1.4135,1.1803,0.8287,0.3923,0.0429,0.0016,0.2539,0.6002,0.9069,1.1414,1.3128,1.4375,1.529,1.5973,1.6492,1.6892,1.7204,1.7451,1.7648,1.7807,1.7936,1.8041,1.7275,1.7179,1.7064,1.6925,1.6746,1.6506,1.6183,1.5833,1.5735,1.6079,1.6526,1.6756,1.6626,1.5973,1.4502,1.1693,0.6785,-0.0463,-0.7035,-0.716,-0.1747,0.4093,0.8407,1.1313,1.326,1.4595,1.5535,1.6216,1.6721,1.7104,1.7398,1.7629,1.7811,1.7956,1.8071,1.8164,1.7273,1.7172,1.7051,1.6904,1.6714,1.645,1.6056,1.5524,1.5302,1.5888,1.6622,1.7087,1.7178,1.6732,1.5423,1.26,0.7038,-0.2547,-1.2583,-1.2223,-0.3732,0.3877,0.8799,1.1844,1.3779,1.5058,1.5938,1.6565,1.7025,1.7369,1.7633,1.7837,1.7997,1.8122,1.8222,1.83,1.7277,1.7171,1.7047,1.6898,1.6716,1.648,1.616,1.5767,1.564,1.6155,1.6897,1.7545,1.7912,1.7792,1.6896,1.4694,1.0168,0.2166,-0.6523,-0.6712,0.0135,0.6429,1.0527,1.3066,1.468,1.5747,1.6482,1.7007,1.7391,1.7679,1.79,1.807,1.8202,1.8305,1.8385,1.8447,1.7286,1.7176,1.7048,1.6897,1.672,1.6516,1.6288,1.6078,1.6026,1.6342,1.7114,1.8065,1.8811,1.9092,1.8704,1.7404,1.4793,1.0588,0.6233,0.5258,0.7743,1.0804,1.3149,1.4752,1.5837,1.6587,1.712,1.7509,1.7799,1.802,1.8189,1.832,1.8421,1.8499,1.8558,1.8601,1.7302,1.7187,1.705,1.6889,1.67,1.6481,1.6223,1.5865,1.5349,1.544,1.6891,1.8588,1.989,2.06,2.0594,1.9959,1.8857,1.732,1.5579,1.4456,1.4433,1.5072,1.5844,1.6519,1.7055,1.7468,1.7787,1.8033,1.8225,1.8374,1.849,1.858,1.8649,1.8701,1.8737,1.8761,1.7325,1.7205,1.7059,1.6879,1.6658,1.6388,1.6061,1.5552,1.4066,1.3301,1.6514,1.9267,2.1219,2.2426,2.2472,2.1963,2.1863,2.2159,2.1714,2.0294,1.8983,1.8281,1.8047,1.8052,1.8157,1.829,1.8423,1.8542,1.8643,1.8725,1.8791,1.8843,1.8881,1.8906,1.8921,1.8926,1.736,1.7238,1.7083,1.6886,1.6627,1.6289,1.5883,1.5544,1.4988,1.4729,1.7459,2.0182,2.2559,2.4831,2.4297,2.3193,2.4135,2.7192,2.7497,2.4427,2.1825,2.0335,1.957,1.92,1.9039,1.8986,1.8986,1.9008,1.9036,1.9062,1.9084,1.9101,1.9111,1.9113,1.9107,1.9092,1.7409,1.7289,1.7136,1.6934,1.666,1.6279,1.5771,1.5311,1.564,1.6744,1.8738,2.0935,2.2525,2.5489,2.4806,2.3201,2.5232,3.32,3.3285,2.6715,2.3085,2.1327,2.0427,1.9941,1.9675,1.9534,1.9461,1.9421,1.9395,1.9376,1.9362,1.9351,1.9338,1.9321,1.9295,1.9261,1.7474,1.7363,1.7223,1.7039,1.6793,1.646,1.6037,1.5659,1.6025,1.735,1.9023,2.1421,2.2093,2.0986,2.1982,2.1707,2.2832,2.8526,2.9586,2.5432,2.2733,2.1401,2.0727,2.0336,2.0096,1.9953,1.9861,1.979,1.9724,1.9667,1.9623,1.9591,1.9563,1.953,1.9486,1.9432,1.7551,1.7457,1.734,1.7194,1.7011,1.6793,1.6577,1.6506,1.6829,1.7376,1.7907,1.9013,1.9831,1.9283,2.0329,1.9585,1.8071,2.1854,2.3783,2.2859,2.1443,2.083,2.0648,2.0497,2.0376,2.0299,2.0232,2.0143,2.0037,1.9938,1.9867,1.9824,1.979,1.9746,1.9684,1.9606,1.7639,1.7564,1.7475,1.7372,1.7256,1.7141,1.7062,1.7072,1.7118,1.6749,1.5267,1.6845,1.7939,1.9087,1.9548,1.9325,1.8757,2.0948,2.233,2.1588,1.9855,1.9944,2.0444,2.0571,2.0617,2.0671,2.0661,2.0538,2.0351,2.0186,2.0089,2.0052,2.0029,1.998,1.9895,1.9785,1.7732,1.7676,1.7615,1.7548,1.7482,1.7427,1.7394,1.7372,1.7246,1.6688,1.5531,1.6619,1.7404,1.7578,1.8832,1.9597,2.0624,2.2672,2.3984,2.229,1.9736,1.9891,2.0472,2.0684,2.0935,2.124,2.132,2.106,2.0678,2.0396,2.0281,2.0286,2.0301,2.0247,2.0123,1.9965,1.7824,1.7787,1.7748,1.7709,1.7675,1.765,1.7633,1.76,1.7495,1.726,1.7086,1.7363,1.7403,1.7461,1.8243,1.8949,2.115,2.5566,2.9024,2.4749,2.1819,2.0889,2.0697,2.0814,2.1422,2.2319,2.2529,2.179,2.0969,2.0515,2.0425,2.0543,2.063,2.055,2.0354,2.0131,1.7914,1.7892,1.787,1.7852,1.7839,1.7832,1.7827,1.7814,1.7775,1.7723,1.773,1.7837,1.7913,1.7909,1.7115,1.675,2.031,2.4831,2.717,2.451,2.2608,2.1235,2.0574,2.0694,2.1893,2.4073,2.4523,2.2469,2.0986,2.0445,2.049,2.0806,2.0974,2.0829,2.0539,2.0248,1.7999,1.7988,1.798,1.7976,1.7978,1.7985,1.7995,1.8005,1.8014,1.8033,1.8083,1.8164,1.8222,1.8098,1.7395,1.7349,1.9915,2.2656,2.3879,2.3954,2.2349,2.056,1.9654,1.9885,2.1338,2.4088,2.4668,2.1517,2.0262,2.0087,2.0399,2.0893,2.1105,2.0919,2.0586,2.0272,1.8077,1.8075,1.8078,1.8085,1.8097,1.8115,1.8139,1.8167,1.8203,1.8252,1.8319,1.8401,1.8471,1.8476,1.8446,1.8857,2.0112,2.1603,2.2683,2.2665,2.0769,1.8368,1.7332,1.8047,1.9309,1.961,1.7638,1.7838,1.8839,1.9481,2.0065,2.0595,2.0825,2.0711,2.0452,2.0188,1.8148,1.8154,1.8164,1.8179,1.82,1.8226,1.8259,1.83,1.835,1.8413,1.849,1.8581,1.8679,1.879,1.8973,1.9368,2.002,2.069,2.0971,2.0259,1.7802,1.413,1.3036,1.538,1.7374,1.7094,1.5234,1.6173,1.7891,1.8927,1.9609,2.0092,2.0332,2.0332,2.0197,2.0024,1.8212,1.8224,1.824,1.8261,1.8287,1.832,1.8359,1.8407,1.8464,1.8533,1.8614,1.871,1.8823,1.8962,1.9155,1.9427,1.9736,1.9918,1.9666,1.8476,1.5618,1.1338,1.0259,1.3623,1.6315,1.6935,1.6556,1.6915,1.7848,1.8656,1.9244,1.9652,1.9884,1.9956,1.9919,1.983,1.8269,1.8285,1.8306,1.8331,1.8361,1.8397,1.8441,1.8491,1.8551,1.862,1.8701,1.8794,1.8901,1.9027,1.9174,1.9328,1.9433,1.9362,1.8905,1.775,1.5611,1.304,1.2401,1.4258,1.6164,1.7046,1.7298,1.7586,1.8075,1.8592,1.9025,1.9347,1.9555,1.9655,1.9675,1.9643]}]