docs/data/wind_grid.json
{"header": {"la1":42.1,"la2":41.55,"lo1":12.1,"lo2":12.95,"nx":50,"ny":50,"dx":0.01735,"dy":0.01122,"parameterCategory":2,"parameterNumber":3,"parameterNumberName":"northward_wind","parameterUnit":"m.s-1"}, "data":
[rows 0 to 40 of 50, columns 0 to 49 of 50]
-0.9426,-1.1678,-1.3796,-1.5371,-1.6021,-1.5571,-1.4141,-1.2065,-0.9722,-0.7405,-0.5283,-0.3422,-0.1824,-0.0459,0.0714,0.1741,0.2661,0.3504,0.4285,0.4996,0.5604,0.6054,0.6282,0.6241,0.5919,0.5344,0.4565,0.3637,0.2604,0.1497,0.0336,-0.0867,-0.2104,-0.3363,-0.4629,-0.5874,-0.7066,-0.8163,-0.912,-0.9899,-1.0475,-1.0839,-1.1003,-1.099,-1.0835,-1.0571,-1.0234,-0.985,-0.9443,-0.9029
-0.8728,-1.1062,-1.3272,-1.4916,-1.5594,-1.5136,-1.3687,-1.16,-0.9261,-0.6959,-0.4858,-0.3018,-0.1439,-0.0089,0.1076,0.2104,0.304,0.3918,0.4758,0.5553,0.6261,0.6804,0.7091,0.7054,0.6678,0.6005,0.5107,0.4055,0.2904,0.1688,0.0424,-0.088,-0.2219,-0.3584,-0.4962,-0.6324,-0.7632,-0.8836,-0.9882,-1.0722,-1.1325,-1.1681,-1.1806,-1.1732,-1.1502,-1.116,-1.0744,-1.0288,-0.9816,-0.9344
-0.7709,-1.0054,-1.2286,-1.3947,-1.4638,-1.4208,-1.2815,-1.081,-0.8562,-0.6347,-0.4319,-0.2539,-0.1006,0.031,0.1453,0.2472,0.3415,0.4325,0.5229,0.6122,0.6954,0.7619,0.7986,0.7955,0.7509,0.6713,0.567,0.4477,0.3197,0.1865,0.0496,-0.091,-0.2352,-0.3827,-0.5324,-0.6812,-0.8249,-0.9575,-1.0721,-1.1629,-1.2257,-1.2598,-1.2673,-1.2524,-1.2206,-1.1772,-1.1268,-1.0731,-1.0188,-0.9655
-0.637,-0.8658,-1.0849,-1.2485,-1.3188,-1.2831,-1.1573,-0.9738,-0.7661,-0.5596,-0.3689,-0.2,-0.0535,0.0732,0.184,0.2838,0.3779,0.4713,0.5681,0.6686,0.767,0.8494,0.8968,0.8945,0.8407,0.7455,0.6241,0.4888,0.347,0.2022,0.0547,-0.0959,-0.2504,-0.4091,-0.5711,-0.7336,-0.8915,-1.0377,-1.1637,-1.2619,-1.3274,-1.3591,-1.3601,-1.3361,-1.2938,-1.2399,-1.1797,-1.1173,-1.0554,-0.9957
-0.4745,-0.6922,-0.9031,-1.0625,-1.1356,-1.112,-1.0062,-0.8463,-0.6616,-0.4746,-0.2993,-0.1418,-0.0037,0.1167,0.2229,0.3195,0.4121,0.507,0.6097,0.7223,0.8389,0.9414,1.0028,1.0014,0.9352,0.8207,0.6793,0.5267,0.3709,0.2145,0.057,-0.1031,-0.2675,-0.4373,-0.612,-0.789,-0.9624,-1.1238,-1.2626,-1.3692,-1.4371,-1.4655,-1.4584,-1.4234,-1.3692,-1.3035,-1.2325,-1.1606,-1.0907,-1.0245
-0.29,-0.4939,-0.6953,-0.8514,-0.9302,-0.9227,-0.8409,-0.7083,-0.5495,-0.3845,-0.2262,-0.0815,0.0473,0.1609,0.2617,0.354,0.4436,0.5381,0.6453,0.77,0.9072,1.0344,1.1137,1.1129,1.0307,0.8928,0.7291,0.5587,0.3894,0.2224,0.056,-0.1127,-0.2864,-0.4668,-0.6542,-0.8461,-1.0364,-1.2146,-1.3679,-1.4837,-1.554,-1.5779,-1.561,-1.5132,-1.4453,-1.3665,-1.2839,-1.2022,-1.1241,-1.0512
-0.0925,-0.2827,-0.4764,-0.632,-0.7196,-0.7304,-0.6739,-0.5691,-0.4366,-0.2938,-0.1528,-0.021,0.0985,0.205,0.3,0.387,0.472,0.5637,0.6727,0.8075,0.9659,1.1216,1.2223,1.2216,1.1195,0.9553,0.7687,0.5816,0.4005,0.2247,0.0509,-0.125,-0.3067,-0.4968,-0.6965,-0.9037,-1.1117,-1.3084,-1.4778,-1.6038,-1.6764,-1.6944,-1.6658,-1.6034,-1.5203,-1.4275,-1.3328,-1.241,-1.1548,-1.0753
0.1073,-0.0715,-0.2609,-0.4195,-0.518,-0.5476,-0.5152,-0.4363,-0.3283,-0.2063,-0.0817,0.0381,0.1488,0.2487,0.3379,0.419,0.4975,0.5833,0.6897,0.8301,1.0067,1.1913,1.3155,1.3141,1.19,0.9994,0.7926,0.5921,0.4024,0.2204,0.0413,-0.14,-0.3281,-0.5266,-0.7375,-0.9595,-1.1856,-1.4021,-1.589,-1.7263,-1.8009,-1.8119,-1.7699,-1.6913,-1.5919,-1.4846,-1.3776,-1.2758,-1.1817,-1.0962
0.2983,0.1276,-0.061,-0.2251,-0.3355,-0.3825,-0.3715,-0.3153,-0.2288,-0.1251,-0.015,0.0942,0.1976,0.292,0.376,0.4508,0.5212,0.5974,0.6955,0.8335,1.0198,1.2269,1.372,1.3696,1.226,1.0151,0.7951,0.5874,0.3937,0.2089,0.027,-0.1576,-0.3501,-0.555,-0.7754,-1.0109,-1.2548,-1.4914,-1.6971,-1.8464,-1.9228,-1.9258,-1.8692,-1.7733,-1.6573,-1.5355,-1.4166,-1.3055,-1.2042,-1.113
0.47,0.3045,0.1145,-0.0562,-0.1775,-0.2394,-0.2463,-0.209,-0.1403,-0.0521,0.0459,0.1465,0.2442,0.3348,0.415,0.484,0.5449,0.6079,0.6909,0.8159,0.997,1.2107,1.3667,1.3643,1.2117,0.9942,0.7726,0.5661,0.3739,0.1899,0.008,-0.1775,-0.3722,-0.5811,-0.8083,-1.055,-1.3149,-1.5711,-1.7956,-1.9571,-2.0353,-2.0298,-1.9582,-1.8453,-1.7132,-1.5778,-1.4482,-1.3288,-1.2211,-1.1253
0.6138,0.4517,0.2599,0.0838,-0.0463,-0.1199,-0.1407,-0.1183,-0.0641,0.0116,0.1,0.1941,0.2883,0.3773,0.4561,0.5208,0.5719,0.6183,0.6793,0.7798,0.9371,1.1334,1.2828,1.2828,1.1388,0.934,0.7252,0.5288,0.3435,0.164,-0.0153,-0.1996,-0.3939,-0.6038,-0.8346,-1.0887,-1.3613,-1.6346,-1.8766,-2.0501,-2.13,-2.1164,-2.0308,-1.9023,-1.7561,-1.6091,-1.4705,-1.3444,-1.2319,-1.1323
0.7234,0.5646,0.3728,0.1939,0.0585,-0.0233,-0.0544,-0.0433,-0.0003,0.0656,0.1466,0.2363,0.3293,0.4196,0.5002,0.5636,0.6059,0.6334,0.6665,0.7324,0.8494,1.0048,1.1286,1.1325,1.0149,0.8408,0.6571,0.4782,0.3043,0.132,-0.0426,-0.2234,-0.4149,-0.6226,-0.8528,-1.1095,-1.3895,-1.6752,-1.9314,-2.1153,-2.1972,-2.1772,-2.0802,-1.9395,-1.7826,-1.6272,-1.4822,-1.3515,-1.2356,-1.1338
0.7955,0.6414,0.453,0.2754,0.1383,0.052,0.0141,0.0169,0.0515,0.1098,0.1853,0.2725,0.3665,0.4613,0.548,0.6149,0.6513,0.6587,0.659,0.6836,0.7511,0.8522,0.9384,0.9453,0.8624,0.7284,0.5762,0.4188,0.2588,0.0953,-0.0732,-0.249,-0.4353,-0.6375,-0.8623,-1.1156,-1.3961,-1.6873,-1.9522,-2.1435,-2.2276,-2.2041,-2.1006,-1.9529,-1.79,-1.6301,-1.4821,-1.3493,-1.232,-1.1293
0.8304,0.6833,0.5024,0.3304,0.1956,0.1082,0.0665,0.0636,0.0918,0.1443,0.2157,0.3019,0.3988,0.501,0.5989,0.6759,0.7117,0.699,0.662,0.6412,0.6583,0.7058,0.7534,0.7603,0.709,0.613,0.4916,0.3555,0.2095,0.0552,-0.1066,-0.2763,-0.4555,-0.6489,-0.8636,-1.1069,-1.3798,-1.6676,-1.9336,-2.128,-2.2145,-2.1917,-2.0878,-1.9396,-1.7767,-1.617,-1.4695,-1.3374,-1.2208,-1.1187
0.8313,0.6938,0.5244,0.3621,0.2333,0.1477,0.1045,0.0979,0.1215,0.1694,0.2376,0.3233,0.4241,0.536,0.6498,0.7447,0.7879,0.7563,0.6767,0.6082,0.58,0.5844,0.6015,0.6055,0.5753,0.5077,0.4107,0.2927,0.1589,0.0129,-0.1426,-0.3056,-0.4764,-0.6583,-0.8584,-1.0852,-1.342,-1.6168,-1.8749,-2.067,-2.1558,-2.1381,-2.0407,-1.8992,-1.7423,-1.5879,-1.4446,-1.3158,-1.202,-1.102
0.8042,0.6784,0.5236,0.3743,0.2542,0.1729,0.1301,0.1214,0.1413,0.1853,0.2507,0.3359,0.4402,0.5622,0.6942,0.8136,0.8727,0.825,0.6981,0.581,0.517,0.4946,0.4931,0.4922,0.4709,0.4192,0.3383,0.2332,0.1087,-0.0308,-0.1809,-0.3378,-0.4994,-0.6677,-0.8495,-1.0541,-1.2871,-1.5398,-1.7813,-1.9654,-2.0556,-2.0468,-1.962,-1.8336,-1.6884,-1.5436,-1.408,-1.2852,-1.1759,-1.0796
0.7563,0.6433,0.505,0.3707,0.2613,0.1858,0.1449,0.135,0.152,0.1924,0.2546,0.3382,0.4445,0.5741,0.7223,0.8663,0.9459,0.8863,0.7129,0.5525,0.4671,0.437,0.4283,0.4192,0.3955,0.3484,0.2756,0.1783,0.0598,-0.0755,-0.222,-0.3737,-0.5262,-0.6798,-0.8406,-1.0187,-1.2219,-1.4451,-1.6626,-1.8334,-1.9236,-1.9258,-1.8577,-1.7471,-1.6179,-1.4863,-1.361,-1.2463,-1.1433,-1.0518
0.695,0.5951,0.4737,0.3552,0.2574,0.1887,0.1503,0.1399,0.1542,0.191,0.2492,0.3297,0.4347,0.5666,0.7228,0.8812,0.974,0.9065,0.7017,0.5162,0.4297,0.4114,0.4017,0.3777,0.3421,0.292,0.2215,0.128,0.0124,-0.1213,-0.2663,-0.4145,-0.5589,-0.6976,-0.8359,-0.9848,-1.1543,-1.3433,-1.5317,-1.685,-1.7729,-1.7858,-1.736,-1.6454,-1.5347,-1.4184,-1.3055,-1.2003,-1.1048,-1.0192
0.6267,0.5393,0.4342,0.3311,0.2449,0.1833,0.1478,0.137,0.1488,0.1815,0.2347,0.3099,0.4097,0.5368,0.6885,0.8423,0.9296,0.8572,0.6506,0.4701,0.4035,0.4125,0.4008,0.3526,0.3002,0.2442,0.1735,0.0813,-0.0337,-0.1682,-0.3144,-0.4615,-0.5996,-0.7242,-0.8397,-0.9582,-1.0922,-1.2447,-1.4013,-1.5342,-1.6168,-1.6384,-1.6057,-1.535,-1.4431,-1.3431,-1.2433,-1.1487,-1.0614,-0.9823
0.5565,0.4806,0.3904,0.3015,0.2262,0.1712,0.1385,0.1274,0.1363,0.1644,0.2116,0.2794,0.3701,0.4853,0.6205,0.7516,0.8168,0.7444,0.565,0.414,0.376,0.4148,0.396,0.3224,0.258,0.1993,0.1291,0.0374,-0.0789,-0.2165,-0.3665,-0.5157,-0.6502,-0.7624,-0.8557,-0.9437,-1.0421,-1.1577,-1.2818,-1.3923,-1.4667,-1.4934,-1.4746,-1.4216,-1.3474,-1.2631,-1.1766,-1.0927,-1.0141,-0.942
0.488,0.4222,0.3449,0.2685,0.2029,0.1539,0.1235,0.1117,0.1175,0.1404,0.1806,0.2393,0.3179,0.4163,0.5277,0.628,0.6679,0.6024,0.4616,0.3431,0.3176,0.3631,0.3405,0.2652,0.2067,0.1535,0.0865,-0.0047,-0.1232,-0.2658,-0.4226,-0.5773,-0.7116,-0.8138,-0.8863,-0.9446,-1.0081,-1.0879,-1.1798,-1.2669,-1.3302,-1.3578,-1.3489,-1.3101,-1.2512,-1.1812,-1.1072,-1.0338,-0.9638,-0.8988
0.4234,0.3661,0.2997,0.2338,0.1765,0.1324,0.1038,0.0908,0.093,0.1103,0.1429,0.1913,0.2562,0.3358,0.4222,0.494,0.5157,0.4619,0.3546,0.2536,0.2055,0.21,0.202,0.1734,0.1451,0.1062,0.0451,-0.045,-0.1663,-0.3154,-0.4816,-0.6452,-0.783,-0.8784,-0.9318,-0.9616,-0.9915,-1.037,-1.0978,-1.1612,-1.211,-1.2357,-1.2322,-1.2038,-1.1572,-1.0995,-1.0366,-0.973,-0.9113,-0.8533
0.3638,0.3135,0.2561,0.1989,0.1481,0.1079,0.0802,0.0655,0.0638,0.0751,0.0996,0.1376,0.1886,0.2499,0.3141,0.3644,0.3772,0.3367,0.2533,0.1546,0.0598,-0.0049,0.0187,0.0663,0.0802,0.0596,0.0057,-0.083,-0.2073,-0.3638,-0.541,-0.7165,-0.8614,-0.9528,-0.9893,-0.9922,-0.9905,-1.0038,-1.0351,-1.075,-1.1097,-1.1283,-1.1262,-1.1044,-1.067,-1.0193,-0.9661,-0.9113,-0.8575,-0.8063
0.3096,0.2652,0.2148,0.1644,0.1188,0.0813,0.0537,0.0367,0.0305,0.0356,0.0522,0.0801,0.1182,0.1633,0.2095,0.2458,0.2568,0.2304,0.1654,0.0671,-0.0615,-0.1657,-0.1203,-0.0225,0.023,0.0172,-0.0307,-0.1181,-0.2451,-0.4086,-0.5969,-0.7856,-0.9398,-1.03,-1.0522,-1.0309,-1.0004,-0.9842,-0.9883,-1.0057,-1.0245,-1.0348,-1.031,-1.0124,-0.9814,-0.9415,-0.8964,-0.8495,-0.8028,-0.7581
0.2609,0.221,0.1763,0.131,0.0891,0.0532,0.025,0.005,-0.0059,-0.0072,0.0018,0.0208,0.0477,0.0793,0.1115,0.1391,0.1528,0.1413,0.0951,0.0075,-0.1189,-0.2161,-0.173,-0.0734,-0.0191,-0.0183,-0.0628,-0.1494,-0.2782,-0.4468,-0.6444,-0.8448,-1.0083,-1.0991,-1.1103,-1.069,-1.0141,-0.9725,-0.9524,-0.9491,-0.9523,-0.953,-0.9453,-0.9275,-0.9004,-0.8664,-0.828,-0.7878,-0.7477,-0.709
0.2174,0.1811,0.1406,0.0992,0.0598,0.0246,-0.0051,-0.0285,-0.0446,-0.0523,-0.0502,-0.0387,-0.0204,0.0003,0.0211,0.0426,0.0613,0.0659,0.0409,-0.0243,-0.1224,-0.1929,-0.1647,-0.0908,-0.0459,-0.0465,-0.0902,-0.1761,-0.305,-0.4757,-0.6781,-0.8857,-1.0556,-1.1475,-1.1518,-1.0968,-1.0238,-0.9622,-0.9222,-0.9007,-0.8894,-0.8801,-0.8674,-0.8486,-0.8237,-0.7938,-0.7609,-0.7266,-0.6924,-0.6594
0.1787,0.1452,0.1078,0.0692,0.0314,-0.0039,-0.0357,-0.0631,-0.0848,-0.0988,-0.103,-0.0969,-0.0844,-0.0719,-0.0611,-0.0454,-0.0213,-0.0003,-0.0023,-0.0398,-0.1033,-0.1485,-0.1347,-0.09,-0.0616,-0.0681,-0.1129,-0.1976,-0.3245,-0.4931,-0.6941,-0.9016,-1.0724,-1.1646,-1.1668,-1.1056,-1.0225,-0.9475,-0.8924,-0.856,-0.832,-0.8134,-0.795,-0.7743,-0.7503,-0.7235,-0.695,-0.6658,-0.6371,-0.6094
0.1444,0.113,0.0781,0.0413,0.0044,-0.0315,-0.0658,-0.0976,-0.1254,-0.1461,-0.156,-0.1531,-0.1427,-0.1354,-0.1342,-0.1255,-0.0971,-0.0602,-0.04,-0.0508,-0.0843,-0.1106,-0.1061,-0.0836,-0.0711,-0.0847,-0.1309,-0.2137,-0.336,-0.4981,-0.6911,-0.8905,-1.0556,-1.1463,-1.1502,-1.0906,-1.0055,-0.924,-0.8589,-0.8114,-0.7768,-0.7498,-0.7261,-0.7029,-0.6791,-0.6546,-0.6299,-0.6054,-0.5817,-0.5591
0.114,0.0843,0.0512,0.0158,-0.0207,-0.0576,-0.0947,-0.1311,-0.1651,-0.1931,-0.2086,-0.2069,-0.1942,-0.1884,-0.1964,-0.1965,-0.1653,-0.1143,-0.0746,-0.0632,-0.074,-0.0869,-0.0868,-0.0785,-0.0779,-0.0975,-0.1447,-0.2243,-0.3399,-0.4914,-0.6707,-0.8551,-1.0086,-1.0956,-1.1038,-1.0515,-0.971,-0.8891,-0.819,-0.7638,-0.7211,-0.6871,-0.6585,-0.6329,-0.6091,-0.5866,-0.5653,-0.5451,-0.5262,-0.5085
0.0872,0.0589,0.0272,-0.0072,-0.0435,-0.0815,-0.1211,-0.162,-0.2026,-0.2383,-0.2601,-0.2588,-0.2391,-0.2293,-0.245,-0.2546,-0.222,-0.1597,-0.1052,-0.0775,-0.0723,-0.0755,-0.0765,-0.0763,-0.0835,-0.1073,-0.1543,-0.2297,-0.3368,-0.4751,-0.6366,-0.8017,-0.9397,-1.0209,-1.034,-0.9918,-0.9202,-0.8422,-0.771,-0.7112,-0.6626,-0.6231,-0.5905,-0.5629,-0.5392,-0.5186,-0.5006,-0.4847,-0.4705,-0.4578
0.0637,0.0365,0.006,-0.0275,-0.0637,-0.1025,-0.1443,-0.1892,-0.2357,-0.2793,-0.3087,-0.3083,-0.2782,-0.2578,-0.2766,-0.2936,-0.2608,-0.1922,-0.129,-0.0909,-0.0754,-0.072,-0.0726,-0.0764,-0.0882,-0.1143,-0.1602,-0.2305,-0.3279,-0.4515,-0.5938,-0.7377,-0.8584,-0.9322,-0.9491,-0.9173,-0.8561,-0.7843,-0.7145,-0.6524,-0.5998,-0.5562,-0.5204,-0.4915,-0.4684,-0.45,-0.4355,-0.424,-0.4146,-0.4069
0.0431,0.017,-0.0125,-0.0451,-0.0809,-0.1202,-0.1634,-0.211,-0.2621,-0.3125,-0.3498,-0.3524,-0.3117,-0.2755,-0.2894,-0.308,-0.2768,-0.2087,-0.1433,-0.1006,-0.0794,-0.0718,-0.0717,-0.0775,-0.0917,-0.1185,-0.1625,-0.2272,-0.3146,-0.4234,-0.5464,-0.6694,-0.7729,-0.8382,-0.8569,-0.8337,-0.7821,-0.7171,-0.6499,-0.587,-0.5317,-0.485,-0.4472,-0.4178,-0.3958,-0.3802,-0.3696,-0.3628,-0.3585,-0.3558
0.0252,0.0001,-0.0283,-0.06,-0.0951,-0.1341,-0.1777,-0.2264,-0.2798,-0.334,-0.3766,-0.3827,-0.3361,-0.2852,-0.2864,-0.2992,-0.2711,-0.2093,-0.1474,-0.1045,-0.0811,-0.0716,-0.0711,-0.078,-0.0934,-0.1201,-0.1616,-0.2206,-0.2983,-0.3929,-0.4979,-0.6016,-0.6888,-0.7451,-0.7635,-0.746,-0.702,-0.6428,-0.5781,-0.5149,-0.4577,-0.4089,-0.3699,-0.3408,-0.3208,-0.3087,-0.3026,-0.3009,-0.3021,-0.3048
0.0096,-0.0144,-0.0416,-0.0722,-0.1062,-0.1443,-0.187,-0.235,-0.2877,-0.3413,-0.3839,-0.3908,-0.3449,-0.2885,-0.275,-0.2769,-0.2509,-0.1976,-0.1421,-0.1016,-0.0786,-0.0691,-0.0691,-0.0769,-0.093,-0.1192,-0.1581,-0.2116,-0.2802,-0.3617,-0.4505,-0.5371,-0.6094,-0.6566,-0.6725,-0.6579,-0.6186,-0.5633,-0.5002,-0.4365,-0.3776,-0.3273,-0.2879,-0.26,-0.243,-0.2352,-0.2345,-0.2385,-0.2455,-0.2538
-0.0037,-0.0266,-0.0527,-0.0818,-0.1144,-0.1508,-0.1916,-0.237,-0.2862,-0.3351,-0.3722,-0.3768,-0.3366,-0.2845,-0.2609,-0.251,-0.2246,-0.1784,-0.1293,-0.0921,-0.0708,-0.0628,-0.0644,-0.0736,-0.0904,-0.1162,-0.1525,-0.2009,-0.2611,-0.3311,-0.4057,-0.4772,-0.5363,-0.5743,-0.5863,-0.5717,-0.5343,-0.4805,-0.4175,-0.3524,-0.2916,-0.24,-0.2009,-0.1753,-0.1623,-0.1599,-0.1653,-0.1757,-0.1889,-0.2031
-0.015,-0.0369,-0.0615,-0.0891,-0.1199,-0.1541,-0.192,-0.2335,-0.2773,-0.3188,-0.348,-0.3495,-0.3171,-0.2735,-0.2453,-0.2263,-0.1978,-0.1556,-0.111,-0.0768,-0.0579,-0.0526,-0.0569,-0.0682,-0.086,-0.1114,-0.1455,-0.1892,-0.242,-0.3018,-0.3641,-0.4226,-0.4699,-0.499,-0.5057,-0.4888,-0.4507,-0.396,-0.3312,-0.2635,-0.2003,-0.1475,-0.1093,-0.0868,-0.079,-0.083,-0.0954,-0.1129,-0.1328,-0.1531
-0.0247,-0.0453,-0.0685,-0.0944,-0.1231,-0.1546,-0.1891,-0.2259,-0.2633,-0.2969,-0.3185,-0.3178,-0.2925,-0.2574,-0.2284,-0.2037,-0.1727,-0.1322,-0.0901,-0.0576,-0.0412,-0.0393,-0.0471,-0.0611,-0.0804,-0.1056,-0.1377,-0.1771,-0.2234,-0.2743,-0.326,-0.3733,-0.41,-0.4305,-0.4311,-0.4101,-0.3689,-0.3111,-0.2426,-0.1709,-0.1045,-0.0505,-0.0137,0.0047,0.0062,-0.0052,-0.0254,-0.0505,-0.0775,-0.1042
-0.0327,-0.0521,-0.0739,-0.0979,-0.1243,-0.153,-0.1837,-0.2156,-0.2468,-0.2732,-0.2886,-0.2867,-0.267,-0.2386,-0.2106,-0.1831,-0.1503,-0.1105,-0.0694,-0.0379,-0.0236,-0.0252,-0.0368,-0.0536,-0.0743,-0.0994,-0.1296,-0.1653,-0.2057,-0.2489,-0.2914,-0.3288,-0.3561,-0.3685,-0.3624,-0.336,-0.2899,-0.227,-0.1531,-0.0762,-0.0058,0.0496,0.0845,0.0978,0.0922,0.0724,0.0437,0.0106,-0.0236,-0.0568
-0.0394,-0.0576,-0.0778,-0.0999,-0.124,-0.1497,-0.1767,-0.2039,-0.2294,-0.2499,-0.2608,-0.2583,-0.2426,-0.219,-0.1929,-0.1646,-0.1313,-0.0923,-0.0525,-0.0219,-0.0091,-0.0135,-0.028,-0.047,-0.0688,-0.0935,-0.1219,-0.1541,-0.1892,-0.2256,-0.2601,-0.289,-0.3078,-0.3123,-0.2993,-0.2667,-0.2145,-0.1452,-0.0645,0.0187,0.0936,0.1505,0.1831,0.1907,0.1772,0.1485,0.1109,0.0695,0.028,-0.0114
-0.0449,-0.0619,-0.0805,-0.1007,-0.1225,-0.1453,-0.1688,-0.1918,-0.2125,-0.2283,-0.236,-0.2332,-0.2202,-0.2001,-0.1761,-0.1485,-0.1161,-0.0789,-0.0415,-0.0128,-0.0012,-0.0067,-0.0224,-0.0424,-0.0645,-0.0885,-0.1149,-0.1437,-0.1741,-0.2044,-0.2319,-0.2532,-0.2644,-0.2617,-0.2418,-0.2026,-0.1436,-0.067,0.0211,0.1112,0.191,0.2492,0.2792,0.2807,0.2589,0.2211,0.1746,0.1252,0.0766,0.0312
-0.0495,-0.0651,-0.0822,-0.1007,-0.1201,-0.1403,-0.1606,-0.1799,-0.1967,-0.2088,-0.2142,-0.2112,-0.2002,-0.1829,-0.161,-0.1351,-0.1048,-0.0707,-0.0369,-0.0112,-0.0008,-0.006,-0.0211,-0.0406,-0.0619,-0.0846,-0.1088,-0.1343,-0.1604,-0.1852,-0.2065,-0.2211,-0.2255,-0.216,-0.1896,-0.1438,-0.0779,0.0059,0.1016,0.1985,0.2829,0.3422,0.3694,0.3647,0.3347,0.2882,0.2334,0.1764,0.1214,0.0705
