docs/data/wind_grid.json
[{"header":{"la1":42.85,"la2":41.18,"lo1":11.55,"lo2":14.05,"nx":36,"ny":24,"dx":0.07143,"dy":0.07261,"parameterCategory":2,"parameterNumber":2,"parameterNumberName":"eastward_wind","parameterUnit":"m.s-1"},"data":[4.3857,4.3822,4.3773,4.3708,4.3625,4.3525,4.3407,4.3271,4.3113,4.2926,4.27,4.2424,4.2092,4.1695,4.123,4.0693,4.0078,3.9385,3.8622,3.7821,3.7063,3.6468,3.614,3.61,3.6279,3.6568,3.6882,3.7171,3.7416,3.7613,3.7768,3.7888,3.7981,3.8054,3.8113,3.8162,4.3951,4.3922,4.3877,4.3813,4.3727,4.3621,4.3497,4.3359,4.3205,4.3026,4.2805,4.2525,4.2174,4.1745,4.1233,4.0628,3.992,3.909,3.8122,3.7029,3.5922,3.5047,3.4657,3.4783,3.5236,3.5791,3.6309,3.6738,3.7072,3.7326,3.7515,3.7656,3.7763,3.7844,3.7909,3.7963,4.4047,4.4027,4.3988,4.3923,4.3829,4.3707,4.3566,4.3419,4.3273,4.3114,4.2912,4.2638,4.2274,4.1817,4.1259,4.0593,3.9797,3.8833,3.7629,3.6102,3.4342,3.2879,3.2405,3.2952,3.3954,3.494,3.5735,3.6325,3.675,3.7052,3.7268,3.7425,3.7539,3.7626,3.7694,3.775,4.4144,4.4139,4.411,4.4044,4.3933,4.3778,4.3593,4.3414,4.3277,4.3165,4.3012,4.2761,4.2391,4.1907,4.131,4.0594,3.9737,3.8691,3.7307,3.5232,3.2213,2.9347,2.8831,3.0489,3.2533,3.4135,3.524,3.5977,3.647,3.6803,3.7031,3.7192,3.7308,3.7395,3.7463,3.7521,4.424,4.4262,4.4256,4.4194,4.4056,4.3838,4.3552,4.327,4.3126,4.3129,4.3094,4.2893,4.252,4.2005,4.1373,4.0628,3.9754,3.8738,3.7455,3.5075,2.998,2.3782,2.3664,2.7873,3.1412,3.3614,3.4934,3.5741,3.6248,3.6578,3.68,3.6954,3.7064,3.7147,3.7213,3.7271,4.4332,4.4404,4.4453,4.4411,4.4233,4.392,4.345,4.288,4.2655,4.2955,4.3167,4.3044,4.2653,4.2084,4.141,4.0664,3.9829,3.8949,3.8258,3.666,3.032,2.0497,2.1038,2.7266,3.1382,3.3635,3.4892,3.5626,3.6076,3.6367,3.6562,3.6698,3.6797,3.6872,3.6934,3.6991,4.4401,4.457,4.4762,4.479,4.4528,4.4096,4.3461,4.2464,4.2008,4.2822,4.3325,4.3242,4.278,4.2088,4.1319,4.0605,3.9913,3.918,3.8967,3.8548,3.4221,2.8334,2.7274,3.0177,3.2663,3.4176,3.5055,3.5578,3.591,3.6134,3.6293,3.6408,3.6494,3.656,3.6618,3.6674,4.4396,4.4715,4.5281,4.5577,4.499,4.4353,4.3853,4.3095,4.2732,4.3347,4.3703,4.3524,4.2898,4.1912,4.0827,4.0131,3.9859,3.9463,3.8936,3.8217,3.6594,3.4992,3.3632,3.3655,3.4282,3.4837,3.5212,3.5471,3.567,3.5832,3.5962,3.6062,3.6138,3.6197,3.6251,3.6308,4.4217,4.4582,4.5734,4.6892,4.5236,4.4359,4.4398,4.4287,4.4128,4.4175,4.4206,4.3911,4.307,4.1474,3.9254,3.8267,3.9243,3.984,3.9431,3.8311,3.7052,3.6886,3.6216,3.5605,3.5293,3.5133,3.5079,3.513,3.5255,3.5404,3.5538,3.564,3.5713,3.5768,3.5819,3.5879,4.3813,4.3724,4.4088,4.4449,4.2861,4.366,4.4939,4.5245,4.4644,4.4275,4.457,4.4438,4.3528,4.1237,3.5706,3.2749,3.8046,4.0465,4.0512,3.9279,3.773,3.743,3.7088,3.6262,3.5367,3.4676,3.435,3.4364,3.4566,3.4805,3.4999,3.5127,3.5203,3.5252,3.5301,3.5367,4.339,4.2535,4.0564,3.6192,3.7097,4.2827,4.6104,4.6688,4.4111,4.2678,4.4819,4.5184,4.4496,4.2765,3.7141,3.2914,3.9376,4.2097,4.2321,4.1146,3.9626,3.8537,3.7445,3.5922,3.4217,3.297,3.2625,3.2974,3.3542,3.403,3.4349,3.4516,3.4589,3.4626,3.4669,3.4746,4.33,4.2224,3.9984,3.6469,3.7728,4.413,4.8649,5.0476,4.7433,4.4869,4.6018,4.6276,4.5624,4.4841,4.3703,4.2218,4.3271,4.5047,4.5113,4.3185,4.1106,3.925,3.7203,3.4432,3.1153,2.9055,2.9337,3.0839,3.2242,3.3153,3.3625,3.3808,3.3846,3.3846,3.388,3.3978,4.3632,4.2927,4.1888,4.1166,4.2752,4.6671,5.0794,5.3934,5.1885,4.8457,4.7661,4.8026,4.718,4.5223,4.5091,4.483,4.5416,4.8528,4.8466,4.4556,4.1676,3.9236,3.6402,3.189,2.5331,2.1535,2.4212,2.8308,3.0993,3.2352,3.2888,3.2986,3.2912,3.2839,3.2861,3.3006,4.4174,4.392,4.3752,4.4088,4.5464,4.7804,5.044,5.2481,5.1565,4.9227,4.8611,4.9905,5.0023,4.5494,4.5755,4.4721,4.5666,4.7259,4.7029,4.4,4.0809,3.8279,3.5528,3.0002,1.9617,1.3459,2.0027,2.689,3.0424,3.1844,3.216,3.1969,3.1657,3.1466,3.1499,3.1752,4.4709,4.4742,4.4942,4.5485,4.6499,4.7875,4.9254,5.0059,4.9754,4.9125,4.9087,4.9284,4.8794,4.9637,4.6553,4.4822,4.894,4.7125,4.549,4.1893,3.7128,3.5351,3.4816,3.1187,2.3175,1.8145,2.2887,2.8324,3.0983,3.1687,3.1328,3.0539,2.9818,2.9486,2.9621,3.0117,4.5136,4.5307,4.5616,4.6125,4.6844,4.7679,4.8431,4.8877,4.9,4.921,4.9814,5.0417,4.9813,4.892,4.7833,4.7648,4.8874,4.7839,4.5786,3.9053,2.7138,2.8834,3.4062,3.4023,3.1019,2.8902,2.9996,3.1778,3.2339,3.1633,3.0077,2.8262,2.6911,2.6505,2.6995,2.8009,4.5441,4.5664,4.5983,4.6413,4.694,4.7502,4.8008,4.8396,4.8722,4.9173,4.9755,5.0016,5.0984,5.1339,4.9326,4.8842,4.9205,5.036,5.0142,4.1698,2.5922,2.8463,3.5242,3.6864,3.6545,3.6286,3.6212,3.5471,3.3822,3.1299,2.7951,2.4423,2.2133,2.1977,2.3414,2.5428,4.5644,4.5878,4.6174,4.6535,4.6945,4.7369,4.7771,4.8137,4.85,4.8908,4.9333,4.9862,5.1248,5.1637,5.0784,5.0903,5.1413,5.6042,6.1832,5.135,4.1281,3.8244,3.912,3.9759,4.0621,4.2281,4.2256,3.9118,3.5051,3.0487,2.4649,1.8194,1.4521,1.5543,1.9027,2.2652,4.5769,4.5995,4.6264,4.6571,4.6908,4.7255,4.7598,4.7935,4.8276,4.8638,4.9032,4.953,5.0202,5.0936,5.3102,5.4172,5.2751,5.6196,5.9684,5.5609,4.9424,4.4713,4.2631,4.2038,4.3623,4.9031,5.0156,4.2169,3.5434,2.9386,2.0971,1.0306,0.4923,0.8578,1.5034,2.0433,4.5837,4.6049,4.629,4.6558,4.6844,4.7141,4.7441,4.7744,4.8055,4.8383,4.8745,4.918,4.9761,5.075,5.2715,5.3452,5.26,5.4324,5.8429,6.0163,5.2831,4.7564,4.467,4.3006,4.3479,4.9454,5.096,3.9475,3.3661,2.8564,1.9829,0.7154,0.0908,0.6056,1.3772,1.9772,4.5863,4.6059,4.6275,4.6511,4.676,4.7019,4.7284,4.7554,4.7833,4.8127,4.8453,4.8838,4.9342,5.0062,5.0943,5.1404,5.1644,5.2911,5.5464,5.5898,5.1845,4.8444,4.6162,4.335,4.0142,3.5906,2.697,2.7782,3.017,2.8495,2.2715,1.3603,0.8344,1.0907,1.6272,2.1029,4.5856,4.6036,4.6231,4.644,4.6659,4.6886,4.7119,4.7358,4.7605,4.7864,4.8147,4.8471,4.8858,4.9319,4.9785,5.0139,5.0492,5.1125,5.1822,5.1502,5.008,4.9654,4.9111,4.4859,3.834,2.8754,1.7394,2.2665,2.8936,2.9348,2.6628,2.1775,1.8199,1.8258,2.0633,2.3492,4.5826,4.5989,4.6165,4.635,4.6543,4.6742,4.6946,4.7155,4.7369,4.7592,4.7828,4.8085,4.8366,4.8663,4.8943,4.9177,4.939,4.9606,4.9682,4.9425,4.9363,5.1029,5.1755,4.6507,3.9216,3.1708,2.6549,2.8201,3.0645,3.0552,2.9234,2.678,2.461,2.3948,2.4704,2.6162,4.5776,4.5924,4.6081,4.6245,4.6415,4.6589,4.6766,4.6945,4.7127,4.7312,4.7501,4.7696,4.7892,4.8081,4.8243,4.8365,4.8439,4.8448,4.8354,4.8205,4.8388,4.9302,4.9105,4.5422,4.0075,3.5047,3.1799,3.0969,3.0973,3.0956,3.0491,2.9365,2.8195,2.7616,2.7785,2.849]},{"header":{"la1":42.85,"la2":41.18,"lo1":11.55,"lo2":14.05,"nx":36,"ny":24,"dx":0.07143,"dy":0.07261,"parameterCategory":2,"parameterNumber":3,"parameterNumberName":"northward_wind","parameterUnit":"m.s-1"},"data":[0.0848,0.0793,0.0695,0.055,0.0364,0.0145,-0.0099,-0.0361,-0.0641,-0.0944,-0.1278,-0.1651,-0.2072,-0.2547,-0.3083,-0.3681,-0.4337,-0.5036,-0.5754,-0.6444,-0.7028,-0.7395,-0.7449,-0.717,-0.663,-0.5941,-0.5198,-0.4465,-0.3773,-0.3135,-0.2554,-0.2027,-0.1551,-0.1122,-0.0736,-0.0391,0.114,0.1105,0.1009,0.0849,0.0631,0.0372,0.009,-0.0202,-0.0505,-0.0828,-0.1186,-0.159,-0.2053,-0.2587,-0.3205,-0.3916,-0.4719,-0.5605,-0.6555,-0.7531,-0.843,-0.9036,-0.9117,-0.8634,-0.7769,-0.6753,-0.574,-0.4802,-0.396,-0.3211,-0.2549,-0.1962,-0.144,-0.0977,-0.0566,-0.0201,0.1505,0.1505,0.1419,0.1237,0.0967,0.0642,0.0301,-0.003,-0.0354,-0.0691,-0.1067,-0.1498,-0.1999,-0.259,-0.3294,-0.413,-0.5109,-0.6221,-0.7458,-0.8842,-1.0308,-1.1425,-1.1552,-1.0617,-0.9147,-0.7622,-0.625,-0.5072,-0.4068,-0.3211,-0.2471,-0.1829,-0.1267,-0.0774,-0.0341,0.0039,0.1963,0.2031,0.1977,0.1764,0.1405,0.0962,0.052,0.0135,-0.02,-0.0539,-0.0925,-0.1377,-0.1907,-0.2544,-0.3328,-0.4301,-0.5489,-0.6869,-0.8405,-1.0261,-1.2749,-1.5096,-1.5258,-1.3218,-1.0646,-0.8407,-0.6622,-0.5202,-0.4053,-0.3101,-0.2299,-0.1611,-0.1018,-0.0502,-0.0053,0.0337,0.2539,0.2745,0.2774,0.2533,0.2015,0.135,0.0718,0.0249,-0.007,-0.0382,-0.0771,-0.1234,-0.1776,-0.2437,-0.3279,-0.4384,-0.5828,-0.7572,-0.9359,-1.1376,-1.529,-2.0527,-2.0421,-1.593,-1.179,-0.8827,-0.6704,-0.5113,-0.3866,-0.2854,-0.2011,-0.1295,-0.0681,-0.0151,0.0307,0.0701,0.3247,0.3722,0.3981,0.3752,0.2952,0.1858,0.0865,0.0242,-0.0002,-0.0242,-0.0633,-0.1088,-0.161,-0.2258,-0.3112,-0.4302,-0.602,-0.8364,-1.0632,-1.1786,-1.5577,-2.3614,-2.2998,-1.6551,-1.1717,-0.8555,-0.6363,-0.4739,-0.3473,-0.2447,-0.1593,-0.0868,-0.0246,0.0289,0.0748,0.1139,0.4039,0.5015,0.5868,0.5857,0.4518,0.2612,0.1035,0.0148,0.0,-0.0179,-0.0565,-0.096,-0.141,-0.2004,-0.2813,-0.3966,-0.5767,-0.8667,-1.2099,-1.2163,-1.2677,-1.6579,-1.7007,-1.3524,-1.0118,-0.7529,-0.5581,-0.4072,-0.2867,-0.1874,-0.1038,-0.0321,0.0296,0.0827,0.1279,0.166,0.4722,0.6433,0.8631,0.9556,0.7023,0.3628,0.1394,0.0279,-0.0042,-0.0328,-0.0621,-0.0843,-0.1156,-0.1688,-0.2452,-0.3429,-0.4882,-0.7252,-0.996,-1.0332,-0.9902,-1.0476,-1.0856,-0.9755,-0.7896,-0.6051,-0.4467,-0.3155,-0.2065,-0.1141,-0.0345,0.0349,0.0952,0.1472,0.1912,0.2276,0.492,0.7102,1.0938,1.4049,0.914,0.4146,0.1603,0.0267,-0.0492,-0.0877,-0.0841,-0.0688,-0.0771,-0.1313,-0.2292,-0.3122,-0.3885,-0.5274,-0.6913,-0.807,-0.9032,-0.8916,-0.8236,-0.7224,-0.5866,-0.4445,-0.3155,-0.2047,-0.1096,-0.0262,0.0482,0.1146,0.1732,0.2237,0.2659,0.2998,0.4385,0.5958,0.8395,0.9876,0.6077,0.3196,0.135,-0.0164,-0.1792,-0.2383,-0.1342,-0.0407,-0.006,-0.0647,-0.2828,-0.4071,-0.3354,-0.3948,-0.5132,-0.6573,-0.8078,-0.7931,-0.6687,-0.5386,-0.405,-0.2782,-0.1694,-0.0785,0.0011,0.0746,0.1436,0.2076,0.265,0.3141,0.3541,0.3846,0.3425,0.3939,0.3647,0.1259,0.1259,0.1892,0.1202,-0.0165,-0.3817,-0.5632,-0.1847,0.0179,0.1281,0.1366,-0.155,-0.3794,-0.2694,-0.3168,-0.4015,-0.4952,-0.5753,-0.576,-0.4918,-0.3627,-0.2191,-0.094,-0.0046,0.0616,0.1226,0.1863,0.2518,0.3154,0.373,0.4214,0.4586,0.4844,0.2543,0.2584,0.2003,0.0769,0.0847,0.1518,0.178,0.1809,-0.1007,-0.3183,-0.0825,0.1116,0.3066,0.5709,0.355,-0.0128,-0.1825,-0.3036,-0.3672,-0.4099,-0.4454,-0.4324,-0.3471,-0.1918,-0.0045,0.1331,0.187,0.212,0.2505,0.3071,0.3738,0.4412,0.5018,0.5504,0.5841,0.603,0.1897,0.187,0.1627,0.1303,0.1279,0.1598,0.242,0.3723,0.2409,0.0211,0.0462,0.218,0.3468,0.7172,0.513,0.0291,-0.184,-0.3849,-0.4094,-0.405,-0.4293,-0.3998,-0.2755,-0.0417,0.2593,0.4292,0.3973,0.3577,0.3775,0.4368,0.5134,0.5915,0.6594,0.7091,0.7374,0.7454,0.1422,0.1398,0.1301,0.1193,0.1188,0.1418,0.2042,0.2863,0.2117,0.0368,0.035,0.3315,0.4147,-0.0234,0.0536,-0.0929,-0.2171,-0.3539,-0.4025,-0.4615,-0.5369,-0.5039,-0.3096,0.0328,0.476,0.679,0.5434,0.4705,0.5008,0.5808,0.68,0.7786,0.8594,0.9105,0.9285,0.918,0.1046,0.1016,0.0952,0.0882,0.0855,0.0928,0.1098,0.1093,0.0307,-0.1039,-0.1774,-0.1044,-0.0761,-0.2423,-0.1258,-0.1494,-0.6438,-0.4312,-0.4558,-0.6465,-0.9144,-0.8637,-0.491,-0.0402,0.389,0.5812,0.5474,0.5582,0.6374,0.754,0.8898,1.0229,1.1251,1.1754,1.1719,1.1284,0.0736,0.069,0.0619,0.0533,0.0446,0.0356,0.02,-0.0211,-0.1152,-0.2886,-0.5575,-0.4914,-0.3487,-0.2318,-0.2302,-0.3599,-0.5808,-0.4626,-0.5287,-0.9618,-1.8646,-1.604,-0.7506,-0.153,0.2477,0.4723,0.5914,0.6963,0.818,0.9728,1.1628,1.3565,1.4948,1.5354,1.4854,1.3824,0.0477,0.0411,0.0321,0.0206,0.0061,-0.0135,-0.0442,-0.0972,-0.1879,-0.3377,-0.5323,-0.4607,-0.3989,-0.39,-0.3317,-0.366,-0.4047,-0.4116,-0.4884,-0.927,-2.0029,-1.6852,-0.7385,-0.1075,0.3309,0.6351,0.8223,0.9348,1.0507,1.2366,1.5148,1.8267,2.0308,2.0334,1.8827,1.6761,0.0261,0.0178,0.0069,-0.007,-0.0251,-0.0495,-0.0839,-0.1336,-0.2031,-0.2889,-0.3588,-0.3733,-0.4035,-0.4257,-0.4731,-0.5137,-0.4293,-0.3647,-0.3468,-0.5065,-0.8539,-0.8179,-0.3788,0.128,0.6294,1.0598,1.252,1.2542,1.301,1.5117,1.9372,2.4837,2.8043,2.6913,2.3429,1.9793,0.0084,-0.0011,-0.0133,-0.0286,-0.0481,-0.0732,-0.1058,-0.1475,-0.1981,-0.2519,-0.2978,-0.3332,-0.3779,-0.473,-0.794,-0.9336,-0.5212,-0.3324,-0.2783,-0.2099,-0.3031,-0.2769,-0.0213,0.4106,0.9972,1.632,1.7853,1.5586,1.5078,1.7306,2.3341,3.2414,3.721,3.3711,2.7485,2.2185,-0.0056,-0.0159,-0.0286,-0.0443,-0.0636,-0.0873,-0.1162,-0.1505,-0.1892,-0.2292,-0.2679,-0.3083,-0.3659,-0.4851,-0.7391,-0.8121,-0.4944,-0.2607,-0.0226,0.0748,-0.067,-0.0133,0.2083,0.5942,1.164,1.7807,1.9115,1.7092,1.6359,1.821,2.4591,3.5363,4.0931,3.6151,2.8832,2.301,-0.0163,-0.0268,-0.0395,-0.0548,-0.0729,-0.0944,-0.1195,-0.1479,-0.1788,-0.2111,-0.2446,-0.2821,-0.3322,-0.407,-0.4938,-0.4929,-0.3644,-0.2079,-0.0591,0.0047,0.0251,0.1386,0.3239,0.6413,1.1383,1.657,1.9979,1.8933,1.7043,1.7727,2.207,2.9686,3.4209,3.1739,2.6615,2.1978,-0.0241,-0.0344,-0.0466,-0.0609,-0.0775,-0.0965,-0.1179,-0.1415,-0.1666,-0.1929,-0.2204,-0.2502,-0.2843,-0.3211,-0.3457,-0.3282,-0.2595,-0.165,-0.0715,0.0104,0.1141,0.2385,0.3266,0.5741,1.065,1.6906,2.2404,1.9928,1.6628,1.6441,1.8551,2.2476,2.5376,2.508,2.267,1.9794,-0.0292,-0.0391,-0.0505,-0.0635,-0.0783,-0.0948,-0.1129,-0.1323,-0.1526,-0.1734,-0.1944,-0.2154,-0.2354,-0.2507,-0.2526,-0.2305,-0.1814,-0.1123,-0.0316,0.0632,0.1808,0.271,0.2816,0.4925,0.9322,1.4236,1.7383,1.6562,1.5258,1.5317,1.6221,1.8046,1.9648,1.9949,1.8991,1.7399,-0.0321,-0.0413,-0.0517,-0.0633,-0.0762,-0.0903,-0.1053,-0.1209,-0.1369,-0.1526,-0.1676,-0.1808,-0.1906,-0.1939,-0.1857,-0.1614,-0.119,-0.0598,0.0147,0.1054,0.2067,0.2839,0.3388,0.5137,0.828,1.1617,1.3892,1.4727,1.5024,1.495,1.5059,1.5708,1.6417,1.6632,1.6201,1.5301]}]