docs/data/wind_grid.json
[{"header":{"la1":42.85,"la2":41.18,"lo1":11.55,"lo2":14.05,"nx":36,"ny":24,"dx":0.07143,"dy":0.07261,"parameterCategory":2,"parameterNumber":2,"parameterNumberName":"eastward_wind","parameterUnit":"m.s-1"},"data":[0.8406,0.8712,0.9047,0.9404,0.9773,1.0135,1.0469,1.0756,1.0998,1.1227,1.1506,1.1906,1.2478,1.3199,1.3938,1.4458,1.4527,1.4086,1.328,1.2322,1.1372,1.0511,0.9762,0.9119,0.8569,0.8095,0.7684,0.7324,0.7005,0.6722,0.6468,0.624,0.6034,0.5848,0.568,0.5528,0.8461,0.881,0.9201,0.9633,1.0094,1.0557,1.098,1.1318,1.1553,1.173,1.1963,1.2398,1.3161,1.428,1.5572,1.6566,1.6728,1.595,1.4619,1.3182,1.1886,1.08,0.991,0.9181,0.8577,0.8068,0.7634,0.7258,0.6928,0.6636,0.6376,0.6143,0.5934,0.5745,0.5576,0.5423,0.8489,0.8881,0.9338,0.9865,1.0456,1.1081,1.1667,1.2107,1.2323,1.2363,1.2433,1.2811,1.3755,1.5429,1.7673,1.9599,1.9903,1.8391,1.6124,1.3995,1.2286,1.0973,0.9962,0.9166,0.8525,0.7994,0.7546,0.716,0.6824,0.6527,0.6263,0.6028,0.5816,0.5626,0.5456,0.5304,0.8477,0.8909,0.9433,1.0071,1.0839,1.172,1.2616,1.3299,1.351,1.3256,1.2937,1.3062,1.4057,1.6299,1.9877,2.3421,2.3902,2.1005,1.7383,1.449,1.2426,1.0958,0.9881,0.9058,0.8405,0.7869,0.7418,0.7031,0.6693,0.6395,0.613,0.5893,0.5681,0.5491,0.5321,0.5169,0.8411,0.8871,0.9451,1.0197,1.117,1.242,1.3888,1.5168,1.5484,1.4622,1.3503,1.3077,1.383,1.6213,2.0645,2.5661,2.629,2.2085,1.7539,1.4308,1.2166,1.0705,0.9652,0.8853,0.8218,0.7696,0.7254,0.6872,0.6538,0.6241,0.5976,0.574,0.5528,0.5338,0.5169,0.502,0.828,0.8745,0.9348,1.0161,1.1302,1.2956,1.5283,1.7855,1.865,1.6534,1.4013,1.2788,1.3015,1.479,1.8328,2.2424,2.3061,1.9728,1.6012,1.332,1.1501,1.0233,0.9297,0.8569,0.7978,0.7483,0.7058,0.6687,0.6359,0.6066,0.5803,0.5567,0.5356,0.5167,0.5,0.4853,0.808,0.852,0.9096,0.9888,1.1047,1.2864,1.5818,1.9934,2.1633,1.7766,1.3866,1.2084,1.1826,1.2701,1.4515,1.6482,1.6937,1.5519,1.3556,1.1887,1.0616,0.9643,0.8872,0.8239,0.7705,0.7244,0.6841,0.6483,0.6162,0.5873,0.5612,0.5376,0.5165,0.4977,0.4811,0.4667,0.7815,0.8201,0.8696,0.9366,1.033,1.1817,1.4211,1.7537,1.8798,1.5523,1.2416,1.0957,1.0574,1.0865,1.1573,1.2326,1.26,1.2202,1.1421,1.0571,0.9779,0.9074,0.8453,0.7907,0.7424,0.6995,0.6611,0.6265,0.5951,0.5664,0.5403,0.5166,0.4953,0.4765,0.4601,0.4461,0.7502,0.7814,0.8197,0.8682,0.9323,1.0196,1.1356,1.2528,1.2693,1.1594,1.0441,0.9753,0.9537,0.9644,0.9914,1.0217,1.0414,1.0397,1.015,0.9723,0.9195,0.8639,0.8103,0.7608,0.7158,0.675,0.638,0.6041,0.573,0.5442,0.5178,0.4936,0.4719,0.4529,0.4366,0.423,0.7162,0.7395,0.7663,0.7967,0.8311,0.8693,0.9099,0.9464,0.9642,0.9542,0.9166,0.8884,0.8912,0.9094,0.9233,0.9356,0.9569,0.9794,0.9797,0.9478,0.8957,0.839,0.7852,0.7363,0.692,0.652,0.6155,0.5818,0.5504,0.521,0.4936,0.4684,0.4459,0.4263,0.41,0.397,0.6813,0.6978,0.715,0.7319,0.7469,0.7581,0.769,0.8046,0.9187,0.9714,0.8652,0.8378,0.8794,0.9331,0.9349,0.9189,0.9539,1.0291,1.0519,0.9921,0.907,0.8316,0.7698,0.7176,0.6719,0.6312,0.5943,0.5601,0.5278,0.497,0.4677,0.4406,0.4164,0.396,0.3796,0.3673,0.647,0.6579,0.6684,0.6774,0.6829,0.6826,0.6753,0.677,0.7822,0.8657,0.7888,0.7979,0.9066,1.0717,1.0209,0.9226,1.0019,1.2554,1.302,1.1061,0.9384,0.8338,0.7621,0.7048,0.6558,0.6132,0.5752,0.54,0.506,0.4724,0.4397,0.4092,0.3823,0.3604,0.344,0.3329,0.6137,0.6205,0.6265,0.6313,0.6342,0.6343,0.6296,0.6191,0.637,0.6698,0.6837,0.7669,0.8656,1.1171,1.0436,0.8613,1.012,1.6766,1.6901,1.1936,0.9498,0.8387,0.7641,0.6998,0.6445,0.5987,0.5596,0.5231,0.4862,0.4478,0.4092,0.3727,0.3414,0.3173,0.3012,0.2923,0.5816,0.5848,0.5875,0.5895,0.5914,0.5943,0.6001,0.6075,0.592,0.5431,0.5539,0.7744,0.8502,0.7002,0.7219,0.6605,0.7419,1.2439,1.3525,1.0562,0.9315,0.8728,0.7928,0.7072,0.6386,0.5889,0.5498,0.5122,0.4706,0.4239,0.3747,0.3282,0.2897,0.2629,0.2482,0.2436,0.5504,0.5504,0.5496,0.548,0.5461,0.5441,0.541,0.5261,0.4658,0.3473,0.2663,0.3519,0.4385,0.3024,0.4707,0.4175,0.3322,0.5866,0.7754,0.8798,1.0458,1.0431,0.8763,0.7257,0.6348,0.5854,0.5514,0.5137,0.4637,0.4017,0.3339,0.27,0.2206,0.1912,0.1811,0.1849,0.5202,0.517,0.5123,0.5059,0.4972,0.4841,0.4612,0.4131,0.31,0.1086,-0.2055,-0.0579,0.084,0.2252,0.2664,0.2842,0.2938,0.333,0.4594,0.8734,1.5659,1.4416,0.9792,0.7252,0.6253,0.5961,0.5785,0.5397,0.4725,0.3825,0.2815,0.1883,0.1226,0.0937,0.0954,0.1148,0.4912,0.4847,0.4761,0.4646,0.4488,0.4253,0.3879,0.3244,0.2156,0.0361,-0.1869,-0.0982,-0.1479,-0.2086,-0.0262,0.0154,0.041,-0.0095,0.0187,0.5849,1.6023,1.4315,0.8899,0.6522,0.6115,0.6478,0.662,0.6109,0.5063,0.3667,0.2095,0.0668,-0.0204,-0.039,-0.0109,0.0353,0.4636,0.4542,0.4421,0.4263,0.405,0.3752,0.3324,0.27,0.1823,0.0738,-0.0192,-0.0743,-0.2272,-0.3056,-0.4205,-0.5199,-0.3536,-0.427,-0.6232,-0.1376,0.4885,0.6641,0.5448,0.5096,0.6254,0.7993,0.8533,0.7461,0.5684,0.3545,0.1113,-0.1087,-0.219,-0.205,-0.129,-0.0446,0.4378,0.4259,0.4111,0.3921,0.3676,0.3352,0.2924,0.2366,0.1675,0.0904,0.0135,-0.0728,-0.2019,-0.445,-1.1575,-1.441,-0.715,-0.5577,-0.6519,-0.6077,-0.2557,0.0296,0.164,0.3409,0.6731,1.0697,1.1513,0.906,0.638,0.3497,0.0088,-0.306,-0.4307,-0.3613,-0.2275,-0.1059,0.4141,0.4004,0.3835,0.3625,0.3364,0.3037,0.2628,0.2129,0.154,0.0875,0.012,-0.0845,-0.2346,-0.5293,-1.0832,-1.2498,-0.7719,-0.6438,-0.9498,-1.1096,-0.6595,-0.4077,-0.2312,0.0905,0.5961,1.1128,1.2091,0.939,0.6774,0.3666,-0.0198,-0.3797,-0.5079,-0.4138,-0.2598,-0.1274,0.3927,0.3775,0.3593,0.3373,0.3107,0.2785,0.2398,0.1941,0.1409,0.0794,0.006,-0.0887,-0.2241,-0.4244,-0.6547,-0.727,-0.6306,-0.6364,-0.8201,-0.9026,-0.8305,-0.9163,-0.8624,-0.382,0.2993,0.8138,0.9996,0.9269,0.7018,0.4075,0.0654,-0.2401,-0.3684,-0.3209,-0.2096,-0.1031,0.3734,0.3574,0.3384,0.316,0.2895,0.2583,0.2217,0.1791,0.13,0.0728,0.0049,-0.0788,-0.1844,-0.31,-0.4273,-0.4906,-0.5137,-0.5712,-0.6883,-0.8413,-1.1811,-1.8533,-2.0167,-1.1394,-0.087,0.6817,1.0651,0.9542,0.6922,0.4314,0.1743,-0.0426,-0.1578,-0.1652,-0.1144,-0.0494,0.3564,0.3398,0.3205,0.2981,0.2721,0.2421,0.2074,0.1677,0.1222,0.0699,0.0092,-0.0617,-0.1432,-0.2306,-0.3118,-0.3768,-0.4366,-0.5208,-0.6607,-0.9243,-1.5137,-2.5231,-2.7985,-1.6808,-0.4631,0.3526,0.7346,0.7352,0.579,0.4013,0.2309,0.0881,-0.0019,-0.0326,-0.0212,0.0103,0.3414,0.3245,0.3053,0.2832,0.2579,0.2292,0.1965,0.1594,0.1175,0.0702,0.0167,-0.0433,-0.109,-0.1776,-0.2448,-0.3103,-0.3827,-0.481,-0.6368,-0.9124,-1.4034,-2.0294,-2.1529,-1.4714,-0.6147,0.0153,0.3535,0.4513,0.4159,0.3307,0.2343,0.1474,0.0851,0.0536,0.0487,0.0608]},{"header":{"la1":42.85,"la2":41.18,"lo1":11.55,"lo2":14.05,"nx":36,"ny":24,"dx":0.07143,"dy":0.07261,"parameterCategory":2,"parameterNumber":3,"parameterNumberName":"northward_wind","parameterUnit":"m.s-1"},"data":[3.6959,3.6833,3.6681,3.6501,3.6298,3.6078,3.5849,3.5617,3.5377,3.511,3.4781,3.4356,3.3819,3.3198,3.2581,3.211,3.1908,3.199,3.2262,3.26,3.2918,3.318,3.3378,3.3521,3.3619,3.3683,3.3723,3.3746,3.3757,3.3761,3.376,3.3757,3.3754,3.3751,3.375,3.3752,3.7072,3.6936,3.6765,3.6556,3.6313,3.6045,3.5773,3.5515,3.5276,3.5025,3.4696,3.4214,3.3524,3.2634,3.1675,3.093,3.0687,3.0968,3.153,3.2118,3.2607,3.297,3.3225,3.3396,3.3509,3.3579,3.3621,3.3643,3.3653,3.3656,3.3654,3.365,3.3647,3.3645,3.3646,3.3649,3.7206,3.7061,3.6869,3.6621,3.6316,3.5969,3.5614,3.5306,3.508,3.4895,3.4631,3.4136,3.3284,3.2017,3.0473,2.9197,2.8905,2.9624,3.0703,3.1652,3.2341,3.2802,3.3101,3.3291,3.3408,3.3477,3.3516,3.3535,3.3542,3.3542,3.3538,3.3534,3.3531,3.353,3.3532,3.3538,3.7367,3.7217,3.7004,3.671,3.6319,3.5836,3.5313,3.4876,3.4664,3.4647,3.458,3.418,3.3229,3.1558,2.9186,2.6985,2.665,2.8181,3.0002,3.134,3.219,3.2708,3.3019,3.3205,3.3314,3.3375,3.3406,3.3418,3.342,3.3417,3.3411,3.3406,3.3403,3.3404,3.3408,3.3417,3.756,3.7416,3.7193,3.6856,3.6361,3.5669,3.4812,3.4031,3.3778,3.4138,3.4525,3.4397,3.3517,3.1684,2.8746,2.5681,2.5303,2.7576,2.9875,3.1356,3.2213,3.27,3.2978,3.3135,3.3222,3.3266,3.3285,3.3289,3.3285,3.3278,3.327,3.3264,3.3262,3.3265,3.3272,3.3285,3.779,3.7669,3.7459,3.7108,3.6531,3.56,3.42,3.2603,3.2081,3.3269,3.452,3.4827,3.4192,3.265,3.0171,2.757,2.711,2.8821,3.0602,3.1745,3.2396,3.2757,3.2956,3.3064,3.3118,3.3141,3.3146,3.314,3.313,3.312,3.3111,3.3106,3.3106,3.3111,3.3123,3.3141,3.8058,3.7981,3.7821,3.7518,3.696,3.5935,3.4094,3.1401,3.0275,3.2731,3.4929,3.5537,3.5115,3.4036,3.25,3.1013,3.049,3.1001,3.1744,3.2291,3.2623,3.2811,3.2914,3.2965,3.2986,3.2987,3.2979,3.2965,3.2951,3.2938,3.293,3.2927,3.293,3.2941,3.2958,3.2983,3.8353,3.8344,3.8275,3.8098,3.7718,3.6952,3.5484,3.3227,3.2335,3.4562,3.6286,3.6563,3.6071,3.5238,3.4266,3.3362,3.2785,3.2594,3.261,3.2676,3.2737,3.278,3.2803,3.281,3.2804,3.2791,3.2775,3.2757,3.2741,3.2729,3.2723,3.2724,3.2733,3.2751,3.2776,3.281,3.8661,3.8733,3.8784,3.8788,3.8702,3.8458,3.7993,3.7476,3.7619,3.8338,3.8375,3.7718,3.6843,3.5984,3.5193,3.4454,3.3784,3.3243,3.2879,3.2688,3.2615,3.2592,3.2581,3.257,3.2556,3.2539,3.2523,3.2507,3.2494,3.2487,3.2487,3.2495,3.2512,3.2539,3.2575,3.2621,3.8958,3.9115,3.9288,3.9482,3.9696,3.994,4.0262,4.0877,4.2037,4.2301,4.0544,3.8647,3.7212,3.6182,3.5454,3.4767,3.3926,3.3049,3.2441,3.2205,3.2181,3.2205,3.2219,3.2223,3.2222,3.2219,3.2214,3.2208,3.2205,3.2207,3.2216,3.2235,3.2264,3.2303,3.2353,3.2413,3.9222,3.9451,3.9729,4.0078,4.0523,4.109,4.1781,4.2709,4.5003,4.617,4.2058,3.9014,3.7012,3.5687,3.5159,3.4664,3.3463,3.186,3.1,3.1099,3.1419,3.1612,3.1699,3.1749,3.1789,3.1819,3.184,3.1853,3.1866,3.1883,3.1907,3.1941,3.1986,3.2042,3.2109,3.2187,3.9434,3.9713,4.0062,4.0509,4.1094,4.1852,4.2737,4.3412,4.4109,4.4511,4.1562,3.8951,3.6504,3.4164,3.4352,3.4515,3.2511,2.8749,2.7742,2.9353,3.0433,3.0825,3.0984,3.1114,3.1235,3.1329,3.1393,3.1436,3.1472,3.1511,3.1557,3.1611,3.1676,3.1752,3.1841,3.194,3.9583,3.9887,4.0265,4.0746,4.137,4.2183,4.3176,4.3988,4.3526,4.2364,4.0787,3.9601,3.7619,3.3665,3.4124,3.4939,3.2008,2.36,2.327,2.7949,2.9477,2.975,2.9952,3.0256,3.0544,3.0745,3.0867,3.0946,3.1014,3.1085,3.1161,3.1243,3.1333,3.1434,3.1548,3.1675,3.9668,3.9973,4.0342,4.0797,4.1362,4.2059,4.2853,4.3495,4.3092,4.1793,4.0795,4.0835,4.0511,3.6322,3.6551,3.6585,3.4907,2.8433,2.6628,2.8494,2.818,2.7779,2.8293,2.9107,2.9726,3.0074,3.0253,3.0369,3.0481,3.06,3.0721,3.084,3.0959,3.1087,3.1231,3.1391,3.9695,3.9982,4.0317,4.0709,4.1161,4.1657,4.2125,4.2356,4.2068,4.156,4.1311,4.0998,3.9849,3.9745,3.8421,3.8902,4.0208,3.5774,3.1926,2.8412,2.4008,2.3306,2.5669,2.7756,2.8872,2.9335,2.9522,2.9668,2.985,3.0054,3.0245,3.0409,3.0559,3.0715,3.0892,3.1091,3.9675,3.9935,4.0226,4.0547,4.0887,4.122,4.1483,4.1597,4.1581,4.1761,4.248,4.2687,4.1784,4.0447,3.9768,3.9609,3.9883,3.7791,3.4222,2.6044,1.3629,1.5551,2.2921,2.6755,2.8164,2.8498,2.8573,2.8764,2.9096,2.9457,2.9757,2.9973,3.0143,3.0321,3.0536,3.0782,3.9621,3.985,4.0098,4.0359,4.062,4.0861,4.1055,4.1199,4.1371,4.1768,4.241,4.2456,4.3473,4.3934,4.1441,4.0486,4.0121,4.0227,3.8919,2.9204,1.2631,1.5189,2.3359,2.6884,2.764,2.7333,2.7149,2.7525,2.8202,2.8849,2.931,2.957,2.9732,2.9918,3.0175,3.048,3.9543,3.9744,3.9955,4.0171,4.0382,4.0579,4.0756,4.0929,4.1148,4.1464,4.1828,4.2303,4.3839,4.4218,4.2772,4.2406,4.2034,4.4744,4.8495,3.9335,2.8852,2.5797,2.7231,2.7873,2.693,2.5309,2.4819,2.5864,2.7243,2.8322,2.8982,2.9257,2.9358,2.9534,2.9841,3.0213,3.945,3.9626,3.9807,3.999,4.0169,4.0341,4.0509,4.0685,4.0891,4.1146,4.1452,4.1881,4.2497,4.3008,4.4619,4.5405,4.3283,4.4835,4.6894,4.3283,3.754,3.2823,3.0511,2.8697,2.5926,2.237,2.164,2.4249,2.6525,2.7992,2.8826,2.908,2.9082,2.924,2.9596,3.0027,3.9346,3.95,3.9657,3.9815,3.9971,4.0125,4.0279,4.0441,4.0623,4.0835,4.1088,4.141,4.1843,4.2588,4.4185,4.4671,4.3089,4.3354,4.5548,4.6531,4.0557,3.5219,3.1886,2.9251,2.5989,2.1956,2.1154,2.4416,2.6514,2.7916,2.8784,2.9038,2.9,2.915,2.952,2.9967,3.9234,3.937,3.9507,3.9644,3.978,3.9915,4.0052,4.0194,4.0348,4.0521,4.072,4.0965,4.1294,4.1788,4.2392,4.2476,4.2001,4.2157,4.34,4.3253,3.894,3.4307,3.1545,2.965,2.7399,2.5642,2.6047,2.6381,2.7058,2.8041,2.8797,2.9094,2.9142,2.9303,2.9637,3.0046,3.9117,3.9236,3.9356,3.9474,3.9592,3.9708,3.9825,3.9944,4.0068,4.0201,4.0348,4.0516,4.0717,4.0947,4.1119,4.1058,4.0791,4.059,4.0341,3.8928,3.5314,3.11,2.9604,2.9552,2.8478,2.7285,2.704,2.7095,2.7575,2.8312,2.8925,2.9256,2.9413,2.96,2.9887,3.0234,3.8997,3.91,3.9203,3.9305,3.9405,3.9502,3.9598,3.9692,3.9786,3.988,3.9974,4.0068,4.0157,4.0216,4.0193,4.0019,3.9678,3.9156,3.8233,3.6336,3.2927,2.9003,2.8165,2.9323,2.9148,2.8215,2.7636,2.7708,2.8168,2.873,2.9206,2.9524,2.9736,2.9942,3.0192,3.0481,3.8874,3.8963,3.9051,3.9136,3.9219,3.9297,3.9372,3.9441,3.9505,3.9561,3.9608,3.9638,3.964,3.9592,3.9457,3.9192,3.8757,3.8078,3.699,3.5234,3.2707,3.0201,2.9406,2.9844,2.9789,2.9221,2.8752,2.8682,2.892,2.9274,2.961,2.9877,3.0089,3.0291,3.0511,3.0753]}]