docs/data/wind_grid.json
[{"header":{"la1":42.85,"la2":41.18,"lo1":11.55,"lo2":14.05,"nx":36,"ny":24,"dx":0.07143,"dy":0.07261,"parameterCategory":2,"parameterNumber":2,"parameterNumberName":"eastward_wind","parameterUnit":"m.s-1"},"data":[-0.7477,-0.7545,-0.7593,-0.7617,-0.7618,-0.759,-0.7526,-0.7413,-0.7243,-0.7021,-0.6768,-0.6514,-0.6287,-0.6102,-0.5964,-0.5863,-0.5781,-0.5691,-0.557,-0.5409,-0.5223,-0.5055,-0.4947,-0.4913,-0.4934,-0.4981,-0.5027,-0.506,-0.5078,-0.5082,-0.5075,-0.506,-0.504,-0.5017,-0.4992,-0.4968,-0.7739,-0.7835,-0.7906,-0.7953,-0.7976,-0.7976,-0.7938,-0.7834,-0.7636,-0.7344,-0.6997,-0.6649,-0.635,-0.6125,-0.5977,-0.5891,-0.5834,-0.576,-0.5618,-0.538,-0.5072,-0.4792,-0.4643,-0.4649,-0.4749,-0.4869,-0.4967,-0.5032,-0.5065,-0.5076,-0.507,-0.5054,-0.5032,-0.5007,-0.498,-0.4954,-0.8045,-0.8179,-0.8281,-0.8353,-0.8407,-0.8457,-0.8487,-0.8433,-0.8215,-0.7813,-0.7303,-0.6803,-0.6397,-0.6118,-0.5966,-0.5917,-0.592,-0.5899,-0.5748,-0.5377,-0.481,-0.4276,-0.4067,-0.4206,-0.4486,-0.4739,-0.4914,-0.5015,-0.5063,-0.5077,-0.5069,-0.505,-0.5024,-0.4996,-0.4966,-0.4938,-0.8406,-0.8596,-0.8738,-0.8832,-0.8916,-0.9044,-0.9226,-0.9338,-0.914,-0.8536,-0.7722,-0.6965,-0.64,-0.6053,-0.5908,-0.5929,-0.6056,-0.6173,-0.6075,-0.5504,-0.4371,-0.3208,-0.2949,-0.351,-0.4172,-0.4631,-0.4894,-0.5024,-0.5078,-0.5087,-0.5074,-0.5048,-0.5016,-0.4983,-0.495,-0.4919,-0.8837,-0.9118,-0.9319,-0.9423,-0.9497,-0.9708,-1.0197,-1.078,-1.0745,-0.9698,-0.8268,-0.7088,-0.6309,-0.5887,-0.5761,-0.5892,-0.6234,-0.6663,-0.6835,-0.6103,-0.3882,-0.1145,-0.1046,-0.2701,-0.3965,-0.4632,-0.4945,-0.5074,-0.5113,-0.5108,-0.5081,-0.5045,-0.5006,-0.4968,-0.4931,-0.4897,-0.9347,-0.9789,-1.0115,-1.0214,-1.0158,-1.0334,-1.1275,-1.3012,-1.3589,-1.1418,-0.8794,-0.7045,-0.605,-0.556,-0.5459,-0.5726,-0.637,-0.7359,-0.8295,-0.7781,-0.4546,0.0205,-0.0018,-0.2687,-0.4199,-0.4846,-0.5094,-0.5168,-0.5166,-0.5133,-0.5087,-0.5039,-0.4992,-0.4947,-0.4907,-0.487,-0.9913,-1.0646,-1.1283,-1.1439,-1.1003,-1.073,-1.1776,-1.4954,-1.6686,-1.2605,-0.8725,-0.6633,-0.5545,-0.5013,-0.4911,-0.5284,-0.622,-0.7783,-0.9637,-0.9504,-0.7226,-0.4147,-0.3326,-0.4341,-0.5018,-0.5271,-0.5318,-0.5284,-0.5221,-0.5153,-0.5087,-0.5026,-0.497,-0.492,-0.4876,-0.4837,-1.0427,-1.1588,-1.2931,-1.3502,-1.2266,-1.0859,-1.0901,-1.283,-1.3779,-1.0521,-0.7471,-0.5769,-0.4795,-0.4208,-0.3981,-0.4359,-0.552,-0.7253,-0.8899,-0.961,-1.0797,-1.0019,-0.7707,-0.6505,-0.6007,-0.5731,-0.5533,-0.5379,-0.5256,-0.5156,-0.5072,-0.5001,-0.4939,-0.4885,-0.4838,-0.4797,-1.0675,-1.214,-1.4302,-1.5876,-1.3435,-1.0749,-0.9452,-0.9032,-0.8333,-0.6884,-0.5624,-0.4697,-0.3926,-0.318,-0.243,-0.2551,-0.4259,-0.6392,-0.8338,-1.0993,-1.5923,-1.4805,-1.0284,-0.7814,-0.6629,-0.6004,-0.5638,-0.5405,-0.5246,-0.5129,-0.5037,-0.496,-0.4895,-0.4838,-0.479,-0.4749,-1.051,-1.1787,-1.3389,-1.4269,-1.2528,-1.0244,-0.834,-0.6724,-0.4857,-0.384,-0.3992,-0.3747,-0.313,-0.2203,-0.0101,0.0978,-0.2879,-0.6039,-0.82,-1.0617,-1.3961,-1.3363,-1.0102,-0.7896,-0.6664,-0.5972,-0.5573,-0.5334,-0.5179,-0.5067,-0.4979,-0.4903,-0.4838,-0.478,-0.4732,-0.4691,-1.004,-1.0987,-1.1938,-1.2649,-1.2209,-0.983,-0.7779,-0.5951,-0.2436,-0.0774,-0.2946,-0.3087,-0.2464,-0.1708,-0.0127,0.1091,-0.3529,-0.7227,-0.9077,-0.9738,-1.0266,-0.9886,-0.8505,-0.7159,-0.6215,-0.5644,-0.5333,-0.5164,-0.5059,-0.4976,-0.4902,-0.4832,-0.4767,-0.4709,-0.4661,-0.4622,-0.943,-1.0173,-1.1087,-1.2169,-1.164,-0.9192,-0.7817,-0.7337,-0.467,-0.247,-0.3081,-0.2705,-0.1811,-0.072,-0.1225,-0.2964,-0.6426,-1.167,-1.3153,-1.0726,-0.9041,-0.803,-0.7091,-0.6201,-0.5498,-0.5092,-0.4956,-0.4929,-0.4909,-0.487,-0.4814,-0.4748,-0.4682,-0.4623,-0.4574,-0.4537,-0.874,-0.9241,-0.977,-1.0075,-0.9468,-0.8279,-0.8023,-0.8948,-0.7606,-0.4803,-0.3351,-0.2451,-0.1686,-0.008,-0.0923,-0.4283,-0.8421,-2.0579,-2.1107,-1.214,-0.8447,-0.6857,-0.5981,-0.5313,-0.4715,-0.442,-0.4526,-0.4693,-0.4773,-0.4774,-0.4727,-0.4656,-0.458,-0.4515,-0.4465,-0.4434,-0.8035,-0.8296,-0.8474,-0.8414,-0.7994,-0.751,-0.7551,-0.811,-0.7202,-0.4756,-0.3145,-0.2237,-0.1925,-0.1153,-0.2979,-0.5207,-0.7603,-1.421,-1.5571,-1.0092,-0.6825,-0.5406,-0.4904,-0.4623,-0.4206,-0.3949,-0.4246,-0.4559,-0.4698,-0.471,-0.4647,-0.455,-0.4451,-0.4373,-0.4325,-0.4304,-0.7386,-0.748,-0.7479,-0.7327,-0.703,-0.6728,-0.6566,-0.634,-0.5368,-0.3791,-0.2655,-0.2194,-0.1623,-0.0205,-0.3649,-0.5811,-1.3131,-0.9696,-0.8514,-0.6125,-0.3776,-0.3161,-0.3641,-0.4079,-0.4168,-0.4105,-0.4337,-0.4613,-0.4728,-0.4697,-0.4572,-0.4413,-0.427,-0.4175,-0.4135,-0.4137,-0.6825,-0.6819,-0.6735,-0.6554,-0.6289,-0.5979,-0.5622,-0.5079,-0.4142,-0.2847,-0.1556,-0.199,-0.1969,-0.1989,-0.3702,-0.7178,-1.106,-0.7518,-0.4989,-0.2654,0.0428,-0.0201,-0.2328,-0.3553,-0.4167,-0.4461,-0.4706,-0.4882,-0.489,-0.4738,-0.4483,-0.4202,-0.3983,-0.3876,-0.3871,-0.3924,-0.6356,-0.6292,-0.6165,-0.5967,-0.57,-0.5366,-0.4942,-0.4364,-0.3575,-0.2595,-0.167,-0.1866,-0.17,-0.1623,-0.277,-0.4138,-0.4776,-0.3101,-0.1168,-0.0573,0.1222,0.0446,-0.1796,-0.3309,-0.4327,-0.5012,-0.5377,-0.542,-0.5213,-0.483,-0.4332,-0.3831,-0.3497,-0.3414,-0.3508,-0.3663,-0.5966,-0.5868,-0.5718,-0.5511,-0.5244,-0.4911,-0.45,-0.3991,-0.3391,-0.2765,-0.2286,-0.2024,-0.1562,-0.1341,-0.101,-0.0847,-0.1191,0.1222,0.4162,0.1392,0.0199,-0.0631,-0.1986,-0.3466,-0.4923,-0.6152,-0.6616,-0.6308,-0.5707,-0.4959,-0.4067,-0.3179,-0.2685,-0.274,-0.3057,-0.3379,-0.5644,-0.5526,-0.5366,-0.5158,-0.49,-0.4588,-0.4218,-0.3793,-0.3331,-0.2876,-0.2477,-0.2107,-0.1634,-0.0698,0.2389,0.3767,0.0892,0.1933,0.3653,0.2872,0.1047,-0.059,-0.2059,-0.3741,-0.5791,-0.7845,-0.8307,-0.7371,-0.6299,-0.5123,-0.3739,-0.2291,-0.1622,-0.1996,-0.264,-0.3147,-0.5379,-0.5251,-0.5087,-0.4885,-0.4643,-0.4359,-0.4035,-0.3677,-0.3299,-0.292,-0.2545,-0.2131,-0.1536,-0.0347,0.2077,0.2908,0.1199,0.1689,0.4326,0.5502,0.2053,-0.0176,-0.179,-0.3699,-0.6145,-0.838,-0.8816,-0.8221,-0.6888,-0.5343,-0.3677,-0.1924,-0.117,-0.1722,-0.2501,-0.3068,-0.5159,-0.5028,-0.4867,-0.4675,-0.4451,-0.4195,-0.391,-0.3602,-0.3278,-0.2943,-0.2589,-0.2178,-0.1623,-0.0799,0.02,0.0628,0.0551,0.1202,0.2819,0.329,0.1572,0.0283,-0.0849,-0.2944,-0.5854,-0.8782,-1.126,-1.011,-0.7345,-0.5425,-0.4,-0.2666,-0.1993,-0.2227,-0.274,-0.3171,-0.4979,-0.4848,-0.4693,-0.4513,-0.4307,-0.4076,-0.3824,-0.3554,-0.3269,-0.2968,-0.2645,-0.2277,-0.1832,-0.1302,-0.0776,-0.0414,-0.0134,0.0352,0.0983,0.1187,0.1066,0.1685,0.1637,-0.1214,-0.5099,-0.9356,-1.3511,-1.0896,-0.6297,-0.4694,-0.4092,-0.3458,-0.3004,-0.2954,-0.3145,-0.338,-0.483,-0.4703,-0.4555,-0.4387,-0.4199,-0.3991,-0.3766,-0.3526,-0.3272,-0.3005,-0.2718,-0.2403,-0.2054,-0.1681,-0.1321,-0.1009,-0.0713,-0.0372,-0.0015,0.0323,0.1078,0.306,0.3731,0.0218,-0.3884,-0.7264,-0.9012,-0.6584,-0.292,-0.313,-0.3734,-0.3733,-0.3547,-0.3456,-0.3491,-0.3591,-0.4708,-0.4585,-0.4446,-0.429,-0.4118,-0.393,-0.3728,-0.3514,-0.3289,-0.3052,-0.2801,-0.2535,-0.2255,-0.1968,-0.1691,-0.143,-0.1177,-0.0914,-0.0627,-0.0238,0.0513,0.1709,0.1824,-0.037,-0.3151,-0.5231,-0.5848,-0.434,-0.2428,-0.2787,-0.3535,-0.3778,-0.3768,-0.3722,-0.3717,-0.3754]},{"header":{"la1":42.85,"la2":41.18,"lo1":11.55,"lo2":14.05,"nx":36,"ny":24,"dx":0.07143,"dy":0.07261,"parameterCategory":2,"parameterNumber":3,"parameterNumberName":"northward_wind","parameterUnit":"m.s-1"},"data":[-0.7307,-0.7279,-0.7238,-0.7181,-0.7109,-0.7025,-0.6934,-0.6844,-0.6756,-0.6669,-0.6572,-0.6454,-0.6307,-0.6129,-0.5925,-0.5706,-0.5489,-0.5298,-0.5152,-0.5064,-0.503,-0.503,-0.5041,-0.5051,-0.506,-0.5075,-0.5101,-0.514,-0.519,-0.5249,-0.5316,-0.5387,-0.5461,-0.5536,-0.5609,-0.5681,-0.7382,-0.7356,-0.7313,-0.7248,-0.716,-0.7054,-0.6941,-0.6835,-0.6748,-0.6675,-0.6597,-0.649,-0.634,-0.6141,-0.5898,-0.5625,-0.5349,-0.5106,-0.4936,-0.4865,-0.488,-0.4937,-0.4981,-0.4994,-0.4991,-0.4995,-0.5016,-0.5058,-0.5115,-0.5185,-0.5263,-0.5346,-0.5431,-0.5516,-0.56,-0.568,-0.7465,-0.7443,-0.7399,-0.7323,-0.7212,-0.7066,-0.6905,-0.6764,-0.6676,-0.6639,-0.661,-0.6539,-0.6397,-0.6177,-0.5885,-0.5538,-0.517,-0.4841,-0.4633,-0.4606,-0.4745,-0.493,-0.5023,-0.5004,-0.495,-0.492,-0.4929,-0.4972,-0.5038,-0.5121,-0.5212,-0.5309,-0.5406,-0.5503,-0.5598,-0.5687,-0.7554,-0.7543,-0.7502,-0.7416,-0.727,-0.7055,-0.6793,-0.656,-0.646,-0.651,-0.6597,-0.6605,-0.6491,-0.6253,-0.5904,-0.5455,-0.4941,-0.4454,-0.4158,-0.4227,-0.4665,-0.5167,-0.5307,-0.5132,-0.4938,-0.4841,-0.4831,-0.4878,-0.4958,-0.5056,-0.5164,-0.5277,-0.539,-0.55,-0.5606,-0.5706,-0.7649,-0.7656,-0.763,-0.7543,-0.7358,-0.7035,-0.6562,-0.6076,-0.5915,-0.619,-0.6548,-0.6709,-0.6644,-0.6397,-0.5988,-0.5413,-0.4677,-0.3874,-0.3326,-0.3522,-0.4621,-0.5928,-0.6004,-0.5344,-0.4897,-0.4726,-0.4711,-0.4773,-0.4874,-0.4994,-0.5122,-0.5254,-0.5383,-0.5509,-0.5628,-0.5738,-0.7745,-0.7782,-0.7791,-0.7726,-0.7521,-0.7077,-0.6247,-0.5109,-0.4687,-0.5588,-0.6519,-0.6902,-0.689,-0.6639,-0.6189,-0.5495,-0.4473,-0.3107,-0.1848,-0.2052,-0.4041,-0.6506,-0.6418,-0.5251,-0.4685,-0.4531,-0.4556,-0.4657,-0.479,-0.4937,-0.509,-0.5243,-0.5392,-0.5534,-0.5667,-0.5788,-0.7826,-0.7912,-0.7994,-0.7989,-0.7801,-0.7328,-0.6233,-0.4156,-0.314,-0.5186,-0.678,-0.7277,-0.7255,-0.7009,-0.6579,-0.5839,-0.46,-0.2679,-0.043,-0.054,-0.2426,-0.423,-0.475,-0.438,-0.4212,-0.4249,-0.4375,-0.4536,-0.471,-0.489,-0.5071,-0.5248,-0.5419,-0.558,-0.5728,-0.5861,-0.7867,-0.8012,-0.824,-0.8362,-0.8154,-0.7821,-0.7118,-0.5607,-0.489,-0.6546,-0.7695,-0.7887,-0.7727,-0.7519,-0.7251,-0.6616,-0.5321,-0.3415,-0.1523,-0.0949,-0.0315,-0.0806,-0.2328,-0.3203,-0.365,-0.3952,-0.42,-0.4427,-0.4645,-0.486,-0.5071,-0.5277,-0.5472,-0.5654,-0.5819,-0.5963,-0.7826,-0.7978,-0.8413,-0.8843,-0.8318,-0.8256,-0.8482,-0.8522,-0.8782,-0.9272,-0.9154,-0.8633,-0.821,-0.8129,-0.8396,-0.814,-0.6567,-0.4589,-0.2748,-0.0556,0.3118,0.2345,-0.0776,-0.2447,-0.3267,-0.374,-0.4071,-0.4347,-0.4602,-0.4852,-0.5097,-0.5335,-0.5559,-0.5765,-0.5947,-0.6103,-0.7686,-0.7644,-0.7749,-0.7872,-0.7407,-0.8347,-0.9734,-1.0978,-1.2354,-1.2636,-1.0876,-0.9291,-0.8526,-0.8604,-1.0219,-1.1184,-0.7895,-0.5368,-0.3521,-0.1282,0.1563,0.1241,-0.0965,-0.2388,-0.3176,-0.3658,-0.4004,-0.43,-0.4584,-0.4869,-0.5154,-0.5432,-0.5692,-0.5925,-0.6126,-0.6291,-0.7541,-0.7179,-0.6259,-0.4153,-0.4719,-0.8289,-1.1043,-1.2909,-1.5582,-1.6978,-1.2254,-0.9551,-0.8558,-0.8498,-0.9908,-1.1206,-0.7521,-0.5342,-0.4074,-0.2786,-0.1559,-0.1342,-0.2006,-0.2737,-0.3285,-0.3674,-0.3982,-0.4275,-0.4586,-0.4915,-0.5253,-0.5582,-0.5887,-0.6153,-0.6372,-0.6542,-0.754,-0.7108,-0.609,-0.4366,-0.5176,-0.9319,-1.2866,-1.4806,-1.5069,-1.5017,-1.1559,-0.9254,-0.8469,-0.8593,-0.8132,-0.6908,-0.5458,-0.479,-0.4398,-0.3558,-0.2812,-0.2513,-0.2665,-0.3043,-0.3433,-0.3727,-0.3969,-0.4253,-0.4601,-0.4994,-0.5406,-0.5807,-0.6171,-0.6476,-0.6711,-0.6878,-0.771,-0.7488,-0.7114,-0.6926,-0.8096,-1.0926,-1.4259,-1.6846,-1.542,-1.2635,-1.0247,-0.8825,-0.835,-0.8919,-0.7869,-0.4127,-0.3164,-0.5077,-0.5187,-0.3646,-0.2881,-0.2604,-0.2735,-0.3132,-0.357,-0.3806,-0.3945,-0.4219,-0.463,-0.512,-0.564,-0.6144,-0.6587,-0.6937,-0.718,-0.7325,-0.7943,-0.7954,-0.8042,-0.8447,-0.953,-1.1366,-1.3606,-1.5448,-1.4449,-1.148,-0.9503,-0.8704,-0.853,-0.7814,-0.446,0.0994,0.0619,-0.2556,-0.3689,-0.2795,-0.203,-0.1827,-0.2259,-0.2986,-0.3685,-0.3919,-0.3916,-0.4189,-0.469,-0.532,-0.6001,-0.6656,-0.7208,-0.7604,-0.7833,-0.792,-0.813,-0.8273,-0.853,-0.901,-0.9809,-1.0891,-1.2001,-1.2555,-1.1767,-1.0219,-0.9177,-0.8558,-0.7952,-0.7933,-0.3115,0.2645,0.7864,0.1213,-0.152,-0.1216,0.0303,0.0302,-0.1144,-0.2505,-0.3436,-0.3784,-0.3843,-0.4166,-0.4795,-0.5629,-0.6558,-0.7448,-0.8154,-0.8586,-0.8745,-0.8705,-0.823,-0.8414,-0.8685,-0.908,-0.9601,-1.0178,-1.0627,-1.0672,-1.0173,-0.955,-0.9589,-0.8947,-0.8403,-0.7153,-0.4062,0.0988,0.5161,0.0672,-0.1446,0.0395,0.5743,0.4432,0.03,-0.1861,-0.2846,-0.3266,-0.3526,-0.4024,-0.4896,-0.6073,-0.7415,-0.8698,-0.9633,-1.005,-1.0013,-0.9716,-0.8247,-0.8423,-0.8652,-0.8935,-0.9254,-0.9545,-0.9709,-0.9651,-0.9398,-0.9219,-0.9434,-0.9062,-0.9614,-0.9681,-0.5945,-0.3114,-0.1874,-0.3088,-0.3911,-0.0714,0.6453,0.4849,0.0357,-0.1645,-0.2269,-0.2359,-0.2619,-0.348,-0.4879,-0.6656,-0.8706,-1.0695,-1.1984,-1.2223,-1.1715,-1.0944,-0.8205,-0.8353,-0.8526,-0.8717,-0.8904,-0.9048,-0.9101,-0.904,-0.8905,-0.8803,-0.8772,-0.8807,-0.979,-0.9781,-0.7091,-0.5751,-0.5064,-0.6661,-0.9002,-0.486,-0.0889,-0.0102,-0.1278,-0.1942,-0.1532,-0.0406,-0.0351,-0.2209,-0.4682,-0.7363,-1.0512,-1.377,-1.5598,-1.5233,-1.3766,-1.2256,-0.8126,-0.8241,-0.8365,-0.8488,-0.8594,-0.866,-0.8666,-0.8609,-0.851,-0.8408,-0.8325,-0.8295,-0.8334,-0.7942,-0.7555,-0.7618,-0.6402,-0.7045,-0.8067,-0.6238,-0.4353,-0.3172,-0.2873,-0.2424,-0.0627,0.3254,0.4079,-0.0611,-0.4649,-0.8126,-1.2443,-1.7526,-2.0021,-1.842,-1.5615,-1.3315,-0.8027,-0.8112,-0.8196,-0.8272,-0.8328,-0.8351,-0.8332,-0.8271,-0.8178,-0.8069,-0.795,-0.7821,-0.7647,-0.7402,-0.7418,-0.7396,-0.6612,-0.6476,-0.6716,-0.6797,-0.5568,-0.4597,-0.4051,-0.3261,-0.1189,0.3578,0.4685,-0.1861,-0.566,-0.8809,-1.3205,-1.9037,-2.183,-1.9578,-1.6244,-1.3691,-0.7919,-0.7979,-0.8034,-0.8077,-0.81,-0.8097,-0.8062,-0.7996,-0.7902,-0.7786,-0.7649,-0.7489,-0.7299,-0.7104,-0.6965,-0.6769,-0.644,-0.6282,-0.6374,-0.6326,-0.5793,-0.5419,-0.5144,-0.4575,-0.3767,-0.3779,-0.6891,-0.7227,-0.7714,-0.944,-1.231,-1.634,-1.8627,-1.7536,-1.5254,-1.3249,-0.7812,-0.7851,-0.7884,-0.7903,-0.7905,-0.7885,-0.784,-0.777,-0.7675,-0.7557,-0.7418,-0.7258,-0.708,-0.6895,-0.6715,-0.6518,-0.6312,-0.6168,-0.6105,-0.603,-0.599,-0.6248,-0.632,-0.5818,-0.5788,-0.7526,-1.0602,-0.968,-0.9752,-1.0402,-1.1361,-1.3179,-1.4583,-1.4523,-1.351,-1.2311,-0.7708,-0.7732,-0.7747,-0.775,-0.7738,-0.7707,-0.7656,-0.7583,-0.7489,-0.7375,-0.7242,-0.7092,-0.6929,-0.6759,-0.6587,-0.6414,-0.6253,-0.6129,-0.6054,-0.6047,-0.6227,-0.6747,-0.6917,-0.6439,-0.6572,-0.7716,-0.9114,-1.0254,-1.2179,-1.18,-1.117,-1.1535,-1.2147,-1.23,-1.1933,-1.1305,-0.761,-0.7621,-0.7625,-0.7616,-0.7595,-0.7557,-0.7502,-0.7429,-0.7338,-0.7231,-0.7107,-0.6971,-0.6824,-0.6672,-0.652,-0.6373,-0.6242,-0.614,-0.6085,-0.6107,-0.6265,-0.6548,-0.6647,-0.656,-0.6839,-0.7657,-0.8862,-1.0664,-1.2484,-1.2007,-1.1025,-1.0762,-1.0879,-1.0941,-1.0785,-1.0452]}]