docs/data/wind_grid.json
[{"header":{"la1":42.85,"la2":41.18,"lo1":11.55,"lo2":14.05,"nx":36,"ny":24,"dx":0.07143,"dy":0.07261,"parameterCategory":2,"parameterNumber":2,"parameterNumberName":"eastward_wind","parameterUnit":"m.s-1"},"data":[-0.0788,-0.0779,-0.0774,-0.0776,-0.0791,-0.0825,-0.0889,-0.0996,-0.1162,-0.1409,-0.1759,-0.223,-0.2824,-0.3503,-0.4167,-0.4654,-0.4821,-0.4644,-0.423,-0.3723,-0.3228,-0.2793,-0.2431,-0.2137,-0.19,-0.1709,-0.1555,-0.1431,-0.1331,-0.125,-0.1184,-0.1132,-0.1089,-0.1055,-0.1028,-0.1007,-0.0756,-0.0736,-0.0719,-0.0706,-0.0703,-0.0718,-0.0763,-0.0854,-0.1016,-0.1281,-0.1687,-0.2278,-0.3088,-0.4102,-0.5177,-0.5996,-0.6221,-0.5812,-0.5048,-0.4231,-0.3517,-0.2944,-0.2499,-0.2156,-0.1891,-0.1684,-0.1521,-0.1393,-0.1291,-0.121,-0.1146,-0.1096,-0.1056,-0.1025,-0.1001,-0.0982,-0.0726,-0.0696,-0.0664,-0.0633,-0.0607,-0.0596,-0.061,-0.0672,-0.0812,-0.1074,-0.1519,-0.2223,-0.3283,-0.4768,-0.6545,-0.8005,-0.8303,-0.738,-0.5986,-0.4716,-0.3739,-0.3026,-0.251,-0.2131,-0.1847,-0.1632,-0.1466,-0.1338,-0.1238,-0.116,-0.1099,-0.1053,-0.1017,-0.0991,-0.0971,-0.0956,-0.0704,-0.0663,-0.0616,-0.0564,-0.0511,-0.0465,-0.0439,-0.0455,-0.0551,-0.0783,-0.1229,-0.1999,-0.3265,-0.5259,-0.8027,-1.0607,-1.0984,-0.9086,-0.6776,-0.5002,-0.3798,-0.2993,-0.244,-0.2049,-0.1763,-0.155,-0.1388,-0.1265,-0.117,-0.1098,-0.1044,-0.1004,-0.0974,-0.0953,-0.0938,-0.0928,-0.0693,-0.0642,-0.058,-0.0506,-0.0423,-0.0339,-0.0266,-0.0228,-0.0264,-0.0436,-0.0831,-0.1569,-0.2861,-0.5069,-0.8517,-1.2155,-1.2606,-0.9786,-0.6846,-0.4853,-0.3607,-0.2812,-0.228,-0.1909,-0.1639,-0.1439,-0.1288,-0.1175,-0.1089,-0.1026,-0.0981,-0.0948,-0.0926,-0.0912,-0.0903,-0.0899,-0.0697,-0.0639,-0.0565,-0.0471,-0.0358,-0.0234,-0.012,-0.0049,-0.0038,-0.0116,-0.0387,-0.0973,-0.2043,-0.3887,-0.6771,-0.9848,-1.0366,-0.817,-0.5805,-0.4183,-0.3159,-0.2495,-0.2042,-0.1718,-0.148,-0.1302,-0.1168,-0.1068,-0.0996,-0.0945,-0.091,-0.0888,-0.0875,-0.087,-0.0868,-0.087,-0.0719,-0.0661,-0.058,-0.0472,-0.0332,-0.0167,-0.0021,0.0024,0.0006,0.0095,0.0057,-0.029,-0.1002,-0.2181,-0.3863,-0.5535,-0.6056,-0.5267,-0.4138,-0.3225,-0.2573,-0.2106,-0.1759,-0.1496,-0.1296,-0.1143,-0.103,-0.0948,-0.0891,-0.0855,-0.0833,-0.0824,-0.0823,-0.0827,-0.0835,-0.0844,-0.0764,-0.0713,-0.0638,-0.0527,-0.0368,-0.0155,0.0068,0.0171,0.0206,0.0496,0.0643,0.047,0.006,-0.0588,-0.1467,-0.2363,-0.2897,-0.2935,-0.2683,-0.235,-0.2024,-0.1729,-0.1474,-0.1263,-0.1095,-0.0968,-0.0876,-0.0814,-0.0776,-0.0757,-0.0753,-0.0758,-0.0771,-0.0787,-0.0804,-0.0821,-0.0831,-0.0798,-0.0745,-0.0657,-0.0506,-0.0252,0.014,0.0646,0.1209,0.1627,0.1575,0.1315,0.1067,0.0738,0.0201,-0.0503,-0.1171,-0.1627,-0.1823,-0.1802,-0.1645,-0.143,-0.1215,-0.1028,-0.0883,-0.0777,-0.0708,-0.0668,-0.0652,-0.0654,-0.067,-0.0693,-0.0722,-0.0751,-0.0779,-0.0805,-0.0916,-0.0914,-0.0903,-0.0874,-0.0794,-0.0585,-0.0061,0.1132,0.3087,0.392,0.2858,0.2141,0.2035,0.198,0.1536,0.0661,-0.0358,-0.1193,-0.1633,-0.168,-0.1491,-0.1228,-0.0981,-0.0787,-0.0651,-0.0567,-0.0522,-0.0509,-0.052,-0.0548,-0.0587,-0.0633,-0.0679,-0.0724,-0.0764,-0.0798,-0.1013,-0.1048,-0.1098,-0.1165,-0.1246,-0.1288,-0.1039,0.0505,0.5479,0.7775,0.387,0.2697,0.3032,0.3482,0.2983,0.1531,-0.0217,-0.1667,-0.226,-0.2044,-0.1543,-0.1074,-0.0729,-0.0508,-0.0384,-0.0327,-0.0315,-0.0336,-0.038,-0.044,-0.0509,-0.0581,-0.0649,-0.0711,-0.0763,-0.0804,-0.1108,-0.1181,-0.1293,-0.147,-0.1758,-0.2233,-0.2942,-0.3125,0.1205,0.4718,0.292,0.285,0.4018,0.5645,0.4777,0.2145,-0.082,-0.3575,-0.4133,-0.2865,-0.1637,-0.0827,-0.0364,-0.0139,-0.0055,-0.0047,-0.0083,-0.0148,-0.0234,-0.0334,-0.0441,-0.0545,-0.0639,-0.0719,-0.0783,-0.083,-0.119,-0.1291,-0.1447,-0.1698,-0.2124,-0.2883,-0.4242,-0.5965,-0.4105,-0.0209,0.1548,0.2996,0.4174,0.632,0.5421,0.1863,-0.1888,-0.6671,-0.6751,-0.3435,-0.133,-0.0217,0.0258,0.0383,0.0357,0.0279,0.0177,0.0057,-0.0082,-0.0235,-0.039,-0.0535,-0.066,-0.076,-0.0832,-0.0881,-0.125,-0.1363,-0.1533,-0.1795,-0.2213,-0.289,-0.3913,-0.4962,-0.3993,-0.128,0.0727,0.3384,0.4322,0.4648,0.3014,0.0102,-0.2743,-0.496,-0.4993,-0.2245,0.0045,0.1151,0.1305,0.1093,0.0846,0.0644,0.0467,0.0282,0.0075,-0.0148,-0.0369,-0.0568,-0.073,-0.0848,-0.0923,-0.0965,-0.1285,-0.1396,-0.1553,-0.1775,-0.209,-0.2515,-0.2986,-0.3184,-0.2582,-0.1657,-0.1026,0.022,0.169,0.2059,0.1115,-0.2814,-0.6093,-0.3729,-0.2198,0.0324,0.3162,0.3805,0.2844,0.1915,0.1353,0.1032,0.0795,0.0542,0.0244,-0.008,-0.0396,-0.0668,-0.0873,-0.1004,-0.1069,-0.1089,-0.1299,-0.1399,-0.1528,-0.1696,-0.1902,-0.2128,-0.2305,-0.232,-0.2204,-0.2515,-0.3975,-0.2811,-0.1611,-0.0209,-0.0762,-0.306,-0.5002,-0.308,-0.0948,0.2927,0.8523,0.7674,0.4363,0.2551,0.1772,0.1453,0.1218,0.0882,0.0438,-0.0044,-0.05,-0.0875,-0.1129,-0.1255,-0.1284,-0.1258,-0.13,-0.1383,-0.1486,-0.1607,-0.1741,-0.1869,-0.1966,-0.2031,-0.2185,-0.2761,-0.3871,-0.323,-0.4089,-0.475,-0.2606,-0.2589,-0.2798,-0.2325,-0.1257,0.2546,0.913,0.8003,0.4383,0.2625,0.2076,0.2041,0.1908,0.1399,0.0676,-0.006,-0.0721,-0.1238,-0.154,-0.1624,-0.157,-0.1465,-0.1291,-0.1361,-0.1442,-0.1532,-0.1627,-0.1718,-0.1805,-0.191,-0.21,-0.2444,-0.282,-0.3163,-0.471,-0.5141,-0.3686,-0.3408,-0.2808,-0.282,-0.3544,-0.053,0.3048,0.387,0.289,0.2239,0.2436,0.3173,0.3248,0.2198,0.0911,-0.0173,-0.1084,-0.1786,-0.212,-0.2094,-0.1899,-0.1682,-0.1279,-0.1337,-0.1403,-0.1474,-0.1549,-0.1627,-0.1713,-0.1824,-0.1985,-0.221,-0.2483,-0.2864,-0.3445,-0.3845,-0.4886,-0.5399,-0.3322,-0.2605,-0.2672,-0.0885,0.0464,0.1361,0.1566,0.178,0.2855,0.5101,0.5546,0.2963,0.086,-0.0447,-0.1512,-0.2381,-0.2716,-0.2531,-0.2175,-0.1854,-0.1265,-0.1315,-0.137,-0.143,-0.1494,-0.1565,-0.1647,-0.1749,-0.1883,-0.2056,-0.2274,-0.2556,-0.2922,-0.3464,-0.4554,-0.4824,-0.314,-0.1833,-0.056,-0.0082,-0.004,0.0467,0.0816,0.1205,0.2322,0.5076,0.5676,0.1694,-0.0084,-0.0925,-0.1774,-0.2609,-0.2922,-0.2679,-0.2274,-0.1921,-0.125,-0.1294,-0.1341,-0.1394,-0.1451,-0.1515,-0.1589,-0.168,-0.1792,-0.193,-0.2099,-0.2308,-0.2571,-0.2921,-0.3296,-0.3209,-0.2429,-0.1494,-0.0671,-0.0307,-0.0096,0.0265,0.0477,0.0526,0.0471,-0.0353,-0.3416,-0.3148,-0.1889,-0.154,-0.1818,-0.2334,-0.2591,-0.2457,-0.2158,-0.1868,-0.1235,-0.1274,-0.1316,-0.1362,-0.1413,-0.147,-0.1536,-0.1613,-0.1705,-0.1814,-0.1941,-0.2087,-0.2251,-0.2413,-0.2494,-0.2339,-0.1901,-0.1335,-0.0812,-0.0406,0.0026,0.0518,0.0646,0.024,-0.0787,-0.3371,-0.6729,-0.536,-0.3028,-0.2006,-0.1818,-0.1985,-0.2129,-0.2091,-0.1929,-0.1737,-0.122,-0.1254,-0.1292,-0.1332,-0.1377,-0.1427,-0.1484,-0.1548,-0.1621,-0.1704,-0.1794,-0.1888,-0.1976,-0.2033,-0.2012,-0.186,-0.1567,-0.1187,-0.0785,-0.0364,0.017,0.0807,0.0957,0.03,-0.0903,-0.2746,-0.4332,-0.4041,-0.2879,-0.2089,-0.1784,-0.1758,-0.1797,-0.1782,-0.1701,-0.1586,-0.1205,-0.1235,-0.1268,-0.1304,-0.1343,-0.1386,-0.1433,-0.1485,-0.1541,-0.1601,-0.1661,-0.1716,-0.1754,-0.1758,-0.1703,-0.1567,-0.1348,-0.1066,-0.0743,-0.0374,0.0066,0.0497,0.0573,0.0093,-0.0761,-0.1797,-0.2582,-0.2677,-0.2298,-0.1903,-0.1677,-0.1599,-0.1584,-0.1564,-0.1518,-0.1449]},{"header":{"la1":42.85,"la2":41.18,"lo1":11.55,"lo2":14.05,"nx":36,"ny":24,"dx":0.07143,"dy":0.07261,"parameterCategory":2,"parameterNumber":3,"parameterNumberName":"northward_wind","parameterUnit":"m.s-1"},"data":[0.6608,0.6746,0.6899,0.7062,0.7222,0.7362,0.7456,0.7475,0.7402,0.7236,0.6999,0.6723,0.644,0.6178,0.5956,0.5788,0.5675,0.5603,0.5554,0.551,0.5465,0.5416,0.5362,0.5304,0.5243,0.518,0.5115,0.5048,0.4981,0.4913,0.4846,0.4781,0.4717,0.4656,0.4598,0.4544,0.6661,0.683,0.7027,0.7249,0.7485,0.771,0.7883,0.795,0.787,0.7639,0.7297,0.6905,0.6514,0.616,0.587,0.5666,0.5555,0.5509,0.549,0.5468,0.5435,0.5391,0.5339,0.5281,0.5219,0.5154,0.5085,0.5015,0.4944,0.4872,0.48,0.473,0.4662,0.4596,0.4535,0.4478,0.6696,0.6897,0.7143,0.7441,0.7785,0.8149,0.8468,0.864,0.8565,0.8225,0.7709,0.7137,0.6593,0.6114,0.5724,0.5466,0.537,0.5382,0.5413,0.5421,0.5402,0.5364,0.5314,0.5256,0.5192,0.5124,0.5053,0.4979,0.4903,0.4825,0.4748,0.4672,0.4598,0.4528,0.4463,0.4403,0.6702,0.6931,0.7228,0.7613,0.8102,0.8683,0.9277,0.9685,0.9653,0.911,0.8277,0.7427,0.6688,0.6065,0.5546,0.5204,0.5138,0.5245,0.5343,0.538,0.537,0.5335,0.5285,0.5227,0.5162,0.5092,0.5017,0.4938,0.4856,0.4773,0.4689,0.4606,0.4526,0.4451,0.438,0.4317,0.6668,0.6914,0.725,0.7718,0.8372,0.9262,1.0346,1.1295,1.1423,1.0449,0.901,0.7747,0.6799,0.6072,0.5469,0.5051,0.5005,0.5182,0.5311,0.5352,0.5341,0.5304,0.5254,0.5195,0.5128,0.5056,0.4977,0.4893,0.4804,0.4713,0.4621,0.4531,0.4443,0.4361,0.4285,0.4218,0.6587,0.6828,0.7174,0.7687,0.8473,0.9693,1.1502,1.3568,1.4181,1.2245,0.9727,0.7962,0.687,0.6148,0.5605,0.5235,0.5156,0.5254,0.5325,0.5334,0.5309,0.5268,0.5217,0.5158,0.5092,0.5017,0.4934,0.4844,0.4747,0.4647,0.4545,0.4444,0.4347,0.4257,0.4175,0.4103,0.6454,0.6664,0.6976,0.7459,0.8247,0.9595,1.1927,1.5311,1.6735,1.3377,0.9816,0.783,0.6787,0.618,0.5777,0.5512,0.539,0.5358,0.5337,0.5303,0.5263,0.522,0.5173,0.5118,0.5053,0.4977,0.4889,0.479,0.4683,0.4571,0.4456,0.4343,0.4234,0.4134,0.4045,0.3969,0.6277,0.643,0.6659,0.7021,0.7625,0.868,1.0538,1.3259,1.4297,1.1443,0.869,0.7239,0.6497,0.6075,0.5802,0.561,0.5472,0.5369,0.5289,0.5229,0.5187,0.5155,0.512,0.5075,0.5014,0.4936,0.4842,0.4734,0.4613,0.4485,0.4353,0.4223,0.41,0.3989,0.3892,0.3811,0.6073,0.615,0.6263,0.6441,0.6738,0.7236,0.8004,0.8829,0.8839,0.7863,0.6982,0.6444,0.61,0.5867,0.5703,0.5562,0.5413,0.526,0.5141,0.5081,0.5067,0.5069,0.5061,0.5032,0.4978,0.4899,0.4797,0.4675,0.4536,0.4387,0.4233,0.4081,0.3939,0.3813,0.3707,0.3623,0.5863,0.5859,0.5849,0.5833,0.5817,0.5814,0.5832,0.5792,0.5505,0.5356,0.5655,0.5807,0.5744,0.5622,0.5539,0.5451,0.5262,0.5003,0.4828,0.4813,0.4888,0.4965,0.5004,0.4999,0.4952,0.487,0.4756,0.4616,0.4453,0.4275,0.409,0.3909,0.3742,0.3598,0.3481,0.3395,0.5671,0.5597,0.5479,0.5297,0.5026,0.4653,0.4255,0.4094,0.4145,0.4101,0.4981,0.5503,0.5491,0.5297,0.53,0.5338,0.5028,0.4438,0.4152,0.434,0.4647,0.4863,0.4968,0.4988,0.4945,0.4856,0.4726,0.456,0.4363,0.4144,0.3916,0.3695,0.3495,0.3328,0.3202,0.3117,0.5517,0.5392,0.52,0.4904,0.4454,0.3788,0.2922,0.2368,0.332,0.4139,0.5012,0.5563,0.5351,0.4634,0.489,0.5344,0.4732,0.3014,0.2596,0.3612,0.4418,0.4824,0.4987,0.5018,0.4969,0.4865,0.4713,0.4512,0.4268,0.3991,0.3701,0.3422,0.3177,0.2984,0.285,0.2774,0.5411,0.5262,0.5038,0.4699,0.4178,0.3377,0.22,0.0999,0.1986,0.4094,0.5417,0.5939,0.5778,0.4462,0.4847,0.5897,0.4939,0.044,0.0276,0.3133,0.4449,0.4948,0.5104,0.5106,0.5034,0.4911,0.4731,0.4485,0.4173,0.3811,0.3429,0.3066,0.2758,0.2533,0.2398,0.2346,0.5357,0.521,0.4997,0.4685,0.4225,0.3551,0.2639,0.1779,0.2521,0.4711,0.6062,0.6261,0.6312,0.7678,0.6747,0.7868,0.8091,0.3676,0.2423,0.4062,0.4983,0.5322,0.5347,0.526,0.5148,0.501,0.4807,0.4502,0.409,0.3596,0.3072,0.2581,0.2187,0.1929,0.1811,0.181,0.5347,0.5223,0.5052,0.4818,0.4505,0.4113,0.3717,0.3637,0.4494,0.608,0.7211,0.7387,0.7447,0.8033,0.7901,1.1623,1.6345,0.9436,0.587,0.5444,0.5913,0.6005,0.5709,0.5455,0.5317,0.5206,0.5,0.4616,0.4045,0.3341,0.2588,0.19,0.1384,0.1103,0.1042,0.1142,0.5369,0.5278,0.5163,0.5023,0.4868,0.4735,0.4728,0.5051,0.594,0.7417,0.9152,0.8815,0.8205,0.7744,0.8084,1.0968,1.3973,0.9184,0.6038,0.5878,0.7274,0.7006,0.6048,0.5618,0.5566,0.5607,0.5451,0.4933,0.4087,0.3032,0.191,0.0907,0.0226,-0.004,0.0043,0.033,0.5409,0.5353,0.5291,0.5232,0.5196,0.5225,0.5394,0.5809,0.6568,0.7707,0.8955,0.8546,0.7963,0.776,0.7471,0.7804,0.7607,0.5157,0.33,0.4717,0.733,0.6995,0.5928,0.5666,0.6003,0.6498,0.6481,0.5646,0.427,0.2648,0.0944,-0.0557,-0.145,-0.1588,-0.1199,-0.0598,0.5453,0.5428,0.5408,0.5406,0.544,0.5541,0.5753,0.6118,0.6651,0.7283,0.7744,0.773,0.7653,0.7496,0.6428,0.5734,0.4763,0.1168,-0.2044,0.1936,0.4653,0.5332,0.5272,0.5625,0.6828,0.847,0.8722,0.6945,0.4556,0.2152,-0.0354,-0.2597,-0.3713,-0.3493,-0.2571,-0.1532,0.5493,0.549,0.5499,0.5529,0.5595,0.5715,0.5909,0.6185,0.6527,0.6867,0.7086,0.7102,0.6941,0.6346,0.4836,0.4276,0.3976,0.1349,-0.0427,0.2005,0.3319,0.4061,0.4505,0.5407,0.7766,1.1819,1.2612,0.8288,0.4491,0.1511,-0.1707,-0.4783,-0.6043,-0.5255,-0.3707,-0.2247,0.5523,0.5534,0.5559,0.5603,0.5677,0.5789,0.5944,0.6138,0.635,0.6534,0.6629,0.658,0.6327,0.5721,0.4748,0.4348,0.3997,0.2908,0.2753,0.3005,0.3028,0.3248,0.3568,0.4513,0.6928,1.1836,1.2877,0.635,0.3074,0.076,-0.2317,-0.5597,-0.6868,-0.5844,-0.4084,-0.2496,0.554,0.5559,0.559,0.5637,0.5706,0.5798,0.5913,0.6042,0.6168,0.6259,0.6277,0.6186,0.5943,0.5523,0.5009,0.4587,0.4094,0.3442,0.3052,0.2946,0.2666,0.215,0.2041,0.2752,0.3661,0.3055,-0.1491,-0.1178,0.0354,0.0013,-0.1887,-0.4302,-0.5435,-0.4847,-0.3523,-0.2205,0.5544,0.5566,0.5598,0.5641,0.5697,0.5767,0.5847,0.5928,0.5995,0.6028,0.6002,0.5894,0.5686,0.538,0.5012,0.4614,0.4155,0.3644,0.3184,0.2702,0.1733,0.0128,-0.0356,0.0805,0.109,-0.1808,-0.657,-0.4572,-0.1361,-0.0456,-0.1161,-0.2468,-0.3279,-0.3154,-0.2433,-0.155,0.5538,0.5559,0.5587,0.5622,0.5666,0.5715,0.5766,0.581,0.5838,0.5833,0.5782,0.5669,0.5486,0.5236,0.4929,0.4572,0.416,0.3692,0.3152,0.2372,0.092,-0.125,-0.1807,-0.023,0.0315,-0.1238,-0.3199,-0.2746,-0.1195,-0.041,-0.0544,-0.1128,-0.1598,-0.1644,-0.131,-0.0786,0.5522,0.554,0.5563,0.5589,0.5619,0.565,0.5678,0.5696,0.5696,0.5668,0.5601,0.5487,0.5321,0.5101,0.4831,0.4509,0.4132,0.3684,0.3119,0.231,0.108,-0.0329,-0.0711,0.0059,0.0441,-0.0105,-0.084,-0.0868,-0.0374,-0.0003,0.0002,-0.0238,-0.0476,-0.0534,-0.0381,-0.0079]}]