docs/data/wind_grid.json
[{"header":{"la1":42.85,"la2":41.18,"lo1":11.55,"lo2":14.05,"nx":36,"ny":24,"dx":0.07143,"dy":0.07261,"parameterCategory":2,"parameterNumber":2,"parameterNumberName":"eastward_wind","parameterUnit":"m.s-1"},"data":[0.3376,0.3356,0.3339,0.3329,0.3329,0.3342,0.3377,0.3439,0.3536,0.3674,0.3855,0.4077,0.4338,0.4633,0.4953,0.5284,0.5605,0.5889,0.6106,0.6237,0.6278,0.6241,0.6149,0.6024,0.5885,0.5744,0.5607,0.5478,0.5359,0.5249,0.5149,0.5057,0.4975,0.49,0.4832,0.4771,0.3305,0.3273,0.3244,0.3219,0.3202,0.3199,0.3217,0.3268,0.3363,0.3511,0.3715,0.3975,0.4286,0.4644,0.5044,0.547,0.5895,0.6276,0.656,0.671,0.6721,0.6623,0.6459,0.6266,0.6069,0.5882,0.5709,0.5552,0.5411,0.5284,0.5171,0.507,0.4979,0.4898,0.4826,0.4761,0.3233,0.3189,0.3145,0.3102,0.3064,0.3036,0.3029,0.3058,0.3144,0.3302,0.3534,0.3838,0.4207,0.4641,0.5139,0.5693,0.6274,0.6811,0.7204,0.7372,0.7315,0.7103,0.6821,0.653,0.6258,0.6014,0.5801,0.5615,0.5452,0.5309,0.5183,0.5072,0.4974,0.4887,0.4811,0.4743,0.3163,0.3106,0.3046,0.2983,0.2919,0.2859,0.2814,0.2808,0.2874,0.304,0.3308,0.3663,0.4096,0.4611,0.5224,0.5946,0.6759,0.7561,0.8146,0.8326,0.8113,0.7689,0.7223,0.6798,0.6435,0.6131,0.5876,0.5661,0.5477,0.5318,0.5181,0.5062,0.4958,0.4866,0.4786,0.4716,0.3097,0.3027,0.295,0.2865,0.2774,0.2677,0.2585,0.2524,0.2554,0.273,0.3042,0.3453,0.3949,0.4541,0.527,0.6188,0.7329,0.8587,0.9541,0.9701,0.9144,0.8348,0.762,0.7035,0.6578,0.6215,0.5923,0.5683,0.5481,0.531,0.5164,0.5038,0.4928,0.4833,0.4751,0.4679,0.3037,0.2955,0.2862,0.2757,0.264,0.251,0.2373,0.2251,0.223,0.2412,0.2766,0.3224,0.3766,0.4415,0.5231,0.6324,0.7837,0.9773,1.1401,1.1462,1.025,0.8927,0.7915,0.7189,0.6657,0.6252,0.5933,0.5675,0.5461,0.5281,0.5128,0.4997,0.4884,0.4787,0.4703,0.4632,0.2988,0.2894,0.2787,0.2664,0.2524,0.2371,0.222,0.2101,0.2067,0.2194,0.2514,0.2981,0.3547,0.4219,0.5067,0.623,0.7939,1.0388,1.2711,1.264,1.0806,0.9134,0.799,0.721,0.6652,0.623,0.59,0.5633,0.5413,0.5228,0.5072,0.4938,0.4824,0.4726,0.4643,0.4572,0.295,0.2848,0.2729,0.2589,0.2427,0.2248,0.2082,0.2004,0.1993,0.1974,0.2206,0.2691,0.3282,0.3949,0.4773,0.5881,0.7429,0.9522,1.1482,1.1553,1.0157,0.8796,0.7804,0.7092,0.656,0.6149,0.5822,0.5555,0.5335,0.515,0.4993,0.4859,0.4745,0.4648,0.4567,0.4499,0.2926,0.2819,0.2692,0.2539,0.2353,0.2123,0.1845,0.154,0.1241,0.1159,0.1602,0.2306,0.2968,0.3604,0.4382,0.543,0.6747,0.8174,0.9291,0.953,0.8979,0.8197,0.7476,0.6881,0.64,0.6014,0.5701,0.5443,0.5228,0.5047,0.4892,0.476,0.4647,0.4552,0.4474,0.441,0.2918,0.281,0.2681,0.2525,0.2326,0.2052,0.1617,0.0815,-0.0456,-0.0811,0.0583,0.1895,0.2632,0.3143,0.3871,0.5031,0.6474,0.7794,0.8576,0.8698,0.8337,0.7761,0.7165,0.6637,0.6197,0.5837,0.5542,0.5298,0.5093,0.4918,0.4768,0.4638,0.4528,0.4436,0.4362,0.4303,0.2927,0.2822,0.27,0.2554,0.2375,0.2136,0.173,0.0662,-0.2543,-0.4077,-0.0287,0.1739,0.2302,0.2399,0.3049,0.4681,0.6887,0.8892,0.9685,0.9253,0.8404,0.7589,0.6913,0.6377,0.5955,0.562,0.5349,0.5123,0.4931,0.4765,0.4619,0.4492,0.4384,0.4296,0.4227,0.4177,0.2951,0.2855,0.2745,0.2622,0.2489,0.2363,0.228,0.2056,-0.0143,-0.1819,0.0657,0.205,0.2027,0.1161,0.1631,0.441,0.8199,1.2313,1.3082,1.083,0.8791,0.7468,0.6625,0.6063,0.5664,0.5363,0.5122,0.492,0.4745,0.4588,0.4446,0.4319,0.4211,0.4126,0.4064,0.4025,0.2987,0.2903,0.281,0.2712,0.2622,0.2581,0.2689,0.3007,0.2493,0.1632,0.2081,0.2513,0.2396,0.0424,0.0773,0.4943,0.9917,1.7681,1.7778,1.2048,0.8724,0.7032,0.6143,0.5637,0.5307,0.5063,0.4865,0.4694,0.4538,0.4389,0.4246,0.4114,0.4002,0.3918,0.3866,0.3844,0.3034,0.2962,0.2886,0.2809,0.2744,0.2716,0.2763,0.2872,0.2742,0.2555,0.2739,0.2608,0.2774,0.5544,0.4265,0.7161,1.0964,1.4565,1.4685,1.0417,0.7422,0.5963,0.5358,0.5076,0.4888,0.4728,0.4584,0.4451,0.4317,0.4172,0.4018,0.3867,0.3741,0.3658,0.3621,0.3624,0.3087,0.3028,0.2967,0.2908,0.2858,0.2826,0.282,0.2825,0.2815,0.2846,0.2965,0.3266,0.4361,0.5992,0.5901,1.097,1.637,1.1938,0.9681,0.7142,0.4915,0.4202,0.432,0.4444,0.4445,0.4376,0.4289,0.4199,0.409,0.3942,0.3755,0.356,0.3404,0.332,0.3311,0.3358,0.3143,0.3096,0.305,0.3007,0.2971,0.2947,0.2938,0.2943,0.2945,0.285,0.2423,0.302,0.3814,0.5073,0.6051,1.0047,1.3798,0.9742,0.672,0.4375,0.1946,0.2224,0.337,0.3899,0.4038,0.4019,0.3974,0.3942,0.3874,0.3711,0.3449,0.3158,0.2943,0.2866,0.2916,0.304,0.3201,0.3165,0.3131,0.3101,0.3079,0.3068,0.3069,0.3079,0.307,0.2943,0.2594,0.3196,0.462,0.5285,0.5175,0.6227,0.6958,0.5435,0.3787,0.3061,0.1502,0.189,0.3049,0.3584,0.3692,0.3614,0.3587,0.3672,0.3698,0.3505,0.3087,0.2603,0.2288,0.2253,0.2425,0.2677,0.3257,0.323,0.3207,0.3189,0.3178,0.3177,0.3187,0.3204,0.3218,0.3217,0.3294,0.3758,0.4814,0.4976,0.3462,0.2981,0.3575,0.2253,0.0521,0.228,0.2674,0.2799,0.3205,0.3451,0.3357,0.3006,0.2956,0.3373,0.3633,0.3384,0.2669,0.183,0.1379,0.148,0.1876,0.2312,0.331,0.3291,0.3276,0.3266,0.3263,0.3269,0.3285,0.331,0.3344,0.3398,0.3515,0.373,0.3877,0.314,0.0135,-0.103,0.1828,0.2019,0.1423,0.2801,0.3101,0.316,0.3289,0.3386,0.3084,0.2035,0.182,0.3196,0.3871,0.3472,0.23,0.0958,0.0389,0.0739,0.1416,0.2038,0.3359,0.3346,0.3337,0.3333,0.3335,0.3345,0.3363,0.3389,0.3423,0.3469,0.3524,0.3537,0.3319,0.2395,0.032,-0.03,0.1689,0.269,0.353,0.3927,0.3341,0.3097,0.3124,0.337,0.3374,0.2156,0.186,0.4344,0.4796,0.3926,0.2317,0.0642,0.0017,0.0492,0.128,0.1962,0.3404,0.3396,0.3391,0.339,0.3395,0.3405,0.3421,0.3443,0.3467,0.3488,0.3488,0.3415,0.3165,0.2608,0.1871,0.1717,0.2335,0.2936,0.3398,0.3506,0.3033,0.2468,0.2405,0.3148,0.4339,0.5937,0.8777,0.8303,0.6421,0.4713,0.2947,0.1393,0.0739,0.0989,0.157,0.2125,0.3445,0.3439,0.3437,0.3438,0.3443,0.3453,0.3465,0.348,0.3492,0.3493,0.3467,0.3384,0.3204,0.2923,0.2649,0.2591,0.2776,0.3002,0.3111,0.2934,0.2186,0.0899,0.0602,0.2224,0.4703,0.8135,1.1637,1.021,0.7403,0.5373,0.3769,0.2536,0.1899,0.1851,0.2114,0.2452,0.3481,0.3477,0.3476,0.3478,0.3483,0.3491,0.3499,0.3507,0.351,0.3502,0.347,0.3401,0.3287,0.3141,0.3016,0.2971,0.3003,0.3032,0.2941,0.2547,0.1509,-0.0258,-0.0736,0.1361,0.4152,0.698,0.894,0.8583,0.702,0.5527,0.4312,0.3393,0.2836,0.2634,0.2672,0.2822,0.3513,0.351,0.351,0.3513,0.3517,0.3522,0.3527,0.3531,0.3528,0.3516,0.3487,0.3436,0.3363,0.3279,0.3206,0.3159,0.3128,0.3067,0.2894,0.248,0.1664,0.0603,0.042,0.1763,0.3706,0.5515,0.6666,0.678,0.6155,0.5311,0.4516,0.387,0.3426,0.3191,0.312,0.3152]},{"header":{"la1":42.85,"la2":41.18,"lo1":11.55,"lo2":14.05,"nx":36,"ny":24,"dx":0.07143,"dy":0.07261,"parameterCategory":2,"parameterNumber":3,"parameterNumberName":"northward_wind","parameterUnit":"m.s-1"},"data":[0.4027,0.3798,0.3544,0.3271,0.2992,0.273,0.2516,0.2382,0.2347,0.2409,0.2539,0.2699,0.2852,0.2975,0.3058,0.3104,0.3121,0.3128,0.3143,0.3179,0.3246,0.334,0.3454,0.3579,0.3707,0.3832,0.3952,0.4065,0.4171,0.4269,0.436,0.4445,0.4525,0.4598,0.4666,0.473,0.4003,0.3734,0.3423,0.3072,0.2696,0.2324,0.2007,0.1807,0.177,0.1896,0.2129,0.2396,0.2633,0.2808,0.2912,0.2952,0.2946,0.2922,0.2911,0.2941,0.3021,0.3145,0.3294,0.3453,0.361,0.3759,0.3897,0.4025,0.4141,0.4249,0.4348,0.4439,0.4523,0.46,0.4672,0.4739,0.4008,0.3697,0.3321,0.2872,0.2358,0.181,0.1308,0.0976,0.0927,0.1172,0.1595,0.2042,0.2407,0.2652,0.2776,0.2798,0.2746,0.2662,0.2604,0.2622,0.2731,0.2906,0.3111,0.3318,0.3512,0.3689,0.3847,0.399,0.4118,0.4234,0.434,0.4437,0.4525,0.4607,0.4682,0.4752,0.4055,0.3707,0.3265,0.2703,0.2004,0.1183,0.0343,-0.0275,-0.0374,0.0112,0.0899,0.1648,0.2197,0.2525,0.2664,0.2649,0.2515,0.2321,0.2172,0.2176,0.2349,0.262,0.2912,0.3183,0.3422,0.3628,0.3806,0.3963,0.4102,0.4226,0.4338,0.444,0.4534,0.4619,0.4697,0.4769,0.4158,0.3789,0.3295,0.2625,0.1714,0.0506,-0.0937,-0.2199,-0.247,-0.1458,0.0046,0.1276,0.205,0.2455,0.2592,0.252,0.2261,0.1873,0.1549,0.1541,0.186,0.2302,0.2718,0.3066,0.3349,0.3583,0.3779,0.3947,0.4094,0.4225,0.4343,0.445,0.4548,0.4637,0.4718,0.4792,0.4331,0.3966,0.3457,0.2725,0.1641,0.0015,-0.2317,-0.4907,-0.5705,-0.3529,-0.0748,0.108,0.2038,0.2467,0.2575,0.2438,0.2038,0.1367,0.0727,0.0733,0.1338,0.2025,0.2576,0.2991,0.3308,0.356,0.3767,0.3943,0.4096,0.4232,0.4355,0.4466,0.4568,0.466,0.4744,0.4821,0.4577,0.4252,0.3785,0.3086,0.199,0.019,-0.2803,-0.6978,-0.8687,-0.4813,-0.0794,0.1301,0.2217,0.2559,0.2604,0.243,0.1969,0.1102,0.0151,0.0192,0.1079,0.1933,0.2547,0.2983,0.3308,0.3563,0.3772,0.3951,0.4107,0.4247,0.4374,0.4489,0.4594,0.4691,0.4778,0.4856,0.4889,0.464,0.4279,0.3729,0.2854,0.1397,-0.1051,-0.449,-0.5807,-0.253,0.0543,0.1998,0.2539,0.2671,0.2627,0.2465,0.2111,0.1447,0.0695,0.0702,0.1407,0.2117,0.2649,0.3042,0.3344,0.3587,0.3791,0.3968,0.4125,0.4267,0.4398,0.4518,0.4628,0.4728,0.4818,0.4899,0.5248,0.5102,0.4891,0.4575,0.4082,0.33,0.2139,0.088,0.0614,0.1575,0.2463,0.2832,0.2823,0.2669,0.2532,0.2426,0.2266,0.1986,0.1693,0.1691,0.2019,0.2439,0.2819,0.3135,0.3398,0.3621,0.3815,0.3988,0.4146,0.4291,0.4427,0.4553,0.4669,0.4774,0.4868,0.4951,0.5626,0.5591,0.5547,0.5486,0.5393,0.5233,0.4945,0.452,0.4155,0.3994,0.3805,0.3405,0.2846,0.2363,0.2162,0.2182,0.2214,0.2175,0.2141,0.2215,0.2416,0.2685,0.2961,0.3216,0.3446,0.3651,0.3835,0.4005,0.4164,0.4315,0.4459,0.4594,0.4718,0.483,0.4929,0.5015,0.5993,0.6061,0.6167,0.6334,0.6585,0.692,0.7187,0.6783,0.4996,0.4239,0.4443,0.3634,0.2462,0.15,0.1331,0.169,0.1937,0.1959,0.2014,0.2229,0.2503,0.277,0.3019,0.3251,0.3465,0.366,0.384,0.4009,0.4173,0.4335,0.4492,0.4641,0.4779,0.4901,0.5005,0.5092,0.6322,0.6471,0.6691,0.7023,0.7531,0.8291,0.9305,0.9849,0.742,0.5377,0.5015,0.3745,0.1848,-0.005,-0.012,0.1105,0.1557,0.1313,0.1352,0.1908,0.2387,0.2713,0.2974,0.3215,0.3436,0.3634,0.3815,0.3989,0.4165,0.4346,0.4526,0.4699,0.4855,0.499,0.5101,0.5189,0.6597,0.6796,0.708,0.7495,0.8117,0.9074,1.0516,1.2071,1.0646,0.7601,0.5715,0.413,0.2306,-0.1064,-0.1171,0.098,0.1221,0.0373,0.0424,0.1591,0.2206,0.2514,0.2794,0.3085,0.3346,0.3559,0.3744,0.3928,0.4126,0.4341,0.4562,0.4772,0.4958,0.5109,0.5225,0.531,0.6812,0.7033,0.7332,0.7745,0.8326,0.9144,1.0221,1.1215,1.0453,0.8257,0.6563,0.4621,0.3657,0.0582,0.1549,0.1177,0.0371,0.064,0.097,0.1719,0.1872,0.197,0.2365,0.2833,0.3187,0.3419,0.36,0.3796,0.4037,0.4315,0.4605,0.4876,0.5104,0.5275,0.5391,0.5464,0.6971,0.7191,0.7471,0.7832,0.8289,0.8842,0.9412,0.9712,0.9355,0.8842,0.8615,0.7665,0.5729,0.5852,0.3582,-0.0238,-0.4423,0.0141,0.1981,0.1773,0.0483,0.0412,0.1535,0.2485,0.2975,0.318,0.332,0.3537,0.3864,0.4261,0.4672,0.5039,0.5324,0.5512,0.5615,0.566,0.7085,0.7291,0.7539,0.7836,0.8177,0.8539,0.8859,0.9061,0.9244,1.0002,1.1874,1.2204,1.0212,0.7445,0.5701,0.1617,-0.1876,0.1959,0.3702,0.1449,-0.3595,-0.2689,0.0614,0.2262,0.2741,0.274,0.2761,0.3043,0.3561,0.4183,0.4796,0.5313,0.5669,0.5857,0.5916,0.5903,0.7166,0.7353,0.7571,0.7816,0.8083,0.8356,0.8622,0.8904,0.936,1.0331,1.1781,1.1718,1.31,1.3721,0.9255,0.6717,0.5598,0.7062,0.7912,0.3805,-0.387,-0.2659,0.1107,0.2503,0.2406,0.1799,0.1595,0.2132,0.3086,0.4108,0.504,0.5774,0.6207,0.6343,0.6298,0.6187,0.7223,0.7394,0.7586,0.7797,0.8024,0.8264,0.8524,0.8841,0.9294,0.9946,1.0642,1.1392,1.3775,1.4386,1.2253,1.1605,1.0273,1.1826,1.4175,0.9742,0.4515,0.2861,0.3333,0.3119,0.1672,-0.0281,-0.0782,0.0643,0.2502,0.4109,0.5462,0.6483,0.6968,0.6958,0.6728,0.6476,0.7263,0.742,0.7593,0.7782,0.7987,0.821,0.8462,0.8767,0.9153,0.963,1.018,1.0904,1.1935,1.2955,1.6132,1.7593,1.3133,1.2935,1.4237,1.3649,1.0187,0.7195,0.5557,0.3808,0.0678,-0.3725,-0.4616,-0.089,0.2226,0.4292,0.5979,0.7282,0.7764,0.753,0.7089,0.6706,0.7292,0.7437,0.7596,0.777,0.7959,0.8168,0.8405,0.8682,0.9013,0.9406,0.9874,1.0468,1.1284,1.2705,1.5588,1.6452,1.359,1.3375,1.6698,1.8311,1.308,0.9462,0.7269,0.4939,0.1318,-0.3953,-0.5027,0.0296,0.306,0.4714,0.6269,0.7591,0.8044,0.7726,0.7221,0.6805,0.7311,0.7447,0.7594,0.7755,0.7931,0.8125,0.8344,0.8594,0.8883,0.9221,0.9623,1.0124,1.0801,1.1783,1.2941,1.3237,1.2649,1.3009,1.4902,1.5379,1.2653,1.0452,0.8986,0.6872,0.4241,0.3026,0.5512,0.5491,0.4906,0.5302,0.6227,0.7177,0.7591,0.7439,0.7087,0.676,0.7323,0.7449,0.7587,0.7736,0.79,0.8079,0.8279,0.8503,0.8758,0.905,0.939,0.9799,1.0298,1.0883,1.1412,1.164,1.1669,1.1964,1.2511,1.2445,1.1657,1.1551,1.1357,0.9172,0.6778,0.6694,0.8772,0.7739,0.6182,0.5833,0.6161,0.6667,0.6975,0.6986,0.6827,0.663,0.7327,0.7446,0.7574,0.7713,0.7864,0.8028,0.8209,0.841,0.8633,0.8883,0.9166,0.9487,0.9845,1.0213,1.0525,1.0723,1.0854,1.1021,1.1183,1.1194,1.1364,1.2445,1.2841,1.0548,0.8096,0.7237,0.7503,0.7181,0.6478,0.6143,0.619,0.6404,0.6584,0.664,0.6591,0.6493,0.7325,0.7436,0.7555,0.7684,0.7823,0.7973,0.8136,0.8314,0.8508,0.8721,0.8953,0.9204,0.9465,0.9717,0.9932,1.0093,1.0214,1.0321,1.0415,1.0533,1.0888,1.1597,1.1655,1.0224,0.8502,0.749,0.7111,0.6836,0.6516,0.6305,0.6262,0.6326,0.6407,0.6448,0.6436,0.6389]}]