docs/data/wind_grid.json
[{"header":{"la1":42.85,"la2":41.18,"lo1":11.55,"lo2":14.05,"nx":36,"ny":24,"dx":0.07143,"dy":0.07261,"parameterCategory":2,"parameterNumber":2,"parameterNumberName":"eastward_wind","parameterUnit":"m.s-1"},"data":[0.0049,-0.0032,-0.0115,-0.0201,-0.0291,-0.0382,-0.0469,-0.0548,-0.0617,-0.0681,-0.0758,-0.0866,-0.1018,-0.1217,-0.1451,-0.1696,-0.191,-0.204,-0.2036,-0.1878,-0.1603,-0.1293,-0.1034,-0.0863,-0.0767,-0.0708,-0.066,-0.0606,-0.0545,-0.0476,-0.0404,-0.0331,-0.0259,-0.019,-0.0125,-0.0063,-0.0011,-0.0102,-0.0195,-0.0295,-0.0402,-0.0516,-0.0627,-0.0719,-0.0781,-0.0822,-0.087,-0.0964,-0.1129,-0.1375,-0.1689,-0.2042,-0.2371,-0.2584,-0.2571,-0.2275,-0.1759,-0.1215,-0.0834,-0.067,-0.0642,-0.0654,-0.0654,-0.0626,-0.0574,-0.0507,-0.0433,-0.0356,-0.028,-0.0207,-0.0138,-0.0074,-0.0084,-0.0186,-0.0291,-0.0405,-0.0538,-0.0692,-0.0854,-0.0983,-0.1039,-0.1025,-0.1005,-0.1055,-0.1222,-0.1522,-0.1946,-0.2462,-0.2996,-0.3387,-0.34,-0.2845,-0.1814,-0.0776,-0.023,-0.0204,-0.039,-0.0557,-0.0639,-0.0647,-0.0607,-0.054,-0.046,-0.0378,-0.0298,-0.0221,-0.0149,-0.0083,-0.0172,-0.0288,-0.0405,-0.0532,-0.0695,-0.0917,-0.1189,-0.1425,-0.1488,-0.1355,-0.1178,-0.1127,-0.1277,-0.1635,-0.2197,-0.2951,-0.3839,-0.4639,-0.4842,-0.3845,-0.1649,0.0547,0.1227,0.0668,-0.0029,-0.0458,-0.0645,-0.0685,-0.0648,-0.0575,-0.0488,-0.0398,-0.0312,-0.0232,-0.0157,-0.0089,-0.0281,-0.0418,-0.0546,-0.0677,-0.0858,-0.1173,-0.1673,-0.2211,-0.2351,-0.1925,-0.1395,-0.1152,-0.1263,-0.1684,-0.2398,-0.3446,-0.4898,-0.6608,-0.7624,-0.6105,-0.1406,0.3597,0.3962,0.1773,0.0237,-0.0466,-0.0717,-0.0756,-0.0702,-0.0613,-0.0513,-0.0415,-0.0323,-0.0239,-0.0162,-0.0092,-0.0418,-0.0592,-0.0738,-0.0852,-0.1002,-0.1377,-0.2242,-0.3553,-0.4029,-0.283,-0.1572,-0.106,-0.1147,-0.1645,-0.2491,-0.3799,-0.5917,-0.9292,-1.2917,-1.1457,-0.3138,0.5724,0.5494,0.1836,-0.0035,-0.0714,-0.0888,-0.0864,-0.0768,-0.0652,-0.0535,-0.0427,-0.0329,-0.0242,-0.0164,-0.0094,-0.0583,-0.0825,-0.1024,-0.1114,-0.1129,-0.1378,-0.2434,-0.4786,-0.599,-0.3431,-0.1367,-0.0734,-0.091,-0.1533,-0.2473,-0.3837,-0.6208,-1.0906,-1.8242,-1.7399,-0.7816,-0.0825,0.0866,-0.0301,-0.102,-0.1196,-0.1132,-0.099,-0.0832,-0.0682,-0.0548,-0.0431,-0.0329,-0.0241,-0.0163,-0.0094,-0.0755,-0.1101,-0.1426,-0.1553,-0.1337,-0.1154,-0.1628,-0.3186,-0.3935,-0.1862,-0.0344,-0.0103,-0.0574,-0.1444,-0.2525,-0.3698,-0.5431,-0.8862,-1.3555,-1.3307,-1.034,-0.7849,-0.4617,-0.2921,-0.2154,-0.1694,-0.1356,-0.109,-0.0874,-0.0696,-0.0549,-0.0426,-0.0324,-0.0236,-0.016,-0.0093,-0.0888,-0.1331,-0.1767,-0.1973,-0.1624,-0.0934,-0.0404,-0.0136,0.0418,0.1247,0.1337,0.0751,-0.0192,-0.1518,-0.3172,-0.4198,-0.4607,-0.5978,-0.8098,-1.0075,-1.3901,-1.2586,-0.7365,-0.4306,-0.2779,-0.1957,-0.1461,-0.1125,-0.0879,-0.0687,-0.0535,-0.0413,-0.0314,-0.023,-0.0159,-0.0095,-0.094,-0.1462,-0.1948,-0.216,-0.2032,-0.0914,0.0463,0.2047,0.4252,0.5082,0.3349,0.1636,0.0241,-0.1576,-0.5081,-0.6928,-0.4555,-0.4299,-0.5484,-0.7847,-1.1462,-1.0692,-0.6805,-0.4159,-0.2706,-0.1904,-0.1422,-0.1094,-0.0849,-0.0659,-0.0511,-0.0395,-0.0303,-0.0227,-0.0161,-0.0102,-0.0885,-0.1535,-0.2526,-0.4161,-0.3735,-0.115,0.0754,0.2832,0.7917,1.0477,0.5,0.2234,0.0722,-0.0769,-0.4208,-0.6773,-0.3717,-0.3307,-0.3931,-0.4933,-0.611,-0.5955,-0.4484,-0.308,-0.2182,-0.1664,-0.132,-0.104,-0.0806,-0.062,-0.0481,-0.0376,-0.0296,-0.023,-0.0173,-0.0118,-0.0667,-0.1322,-0.24,-0.3913,-0.3386,-0.0845,0.0435,0.0966,0.4522,0.7289,0.4319,0.2427,0.1034,-0.0256,-0.0356,-0.1339,-0.1943,-0.351,-0.4099,-0.3451,-0.3187,-0.2933,-0.2417,-0.1921,-0.1668,-0.1544,-0.1328,-0.1036,-0.0775,-0.0583,-0.0453,-0.0365,-0.0302,-0.025,-0.0201,-0.0151,-0.0274,-0.0734,-0.1317,-0.1736,-0.1206,-0.0099,0.0064,-0.0935,0.0487,0.3105,0.3412,0.2915,0.1853,0.0153,0.1012,0.0864,-0.078,-0.6525,-0.6818,-0.2977,-0.1548,-0.1055,-0.0929,-0.1113,-0.1635,-0.1974,-0.1632,-0.1117,-0.0756,-0.0548,-0.0434,-0.0372,-0.0333,-0.0297,-0.0256,-0.0207,0.0209,-0.0023,-0.0216,-0.0205,0.0152,0.0572,0.0488,-0.0092,0.0795,0.301,0.3898,0.3758,0.3319,0.0504,0.2005,0.3415,0.1168,-0.3122,-0.3914,-0.1308,0.017,0.0608,0.0336,-0.0524,-0.201,-0.2845,-0.2,-0.1137,-0.0697,-0.0505,-0.0434,-0.0415,-0.0407,-0.039,-0.0353,-0.0296,0.0689,0.0618,0.0618,0.0749,0.1017,0.13,0.1466,0.1732,0.2834,0.4745,0.6054,0.5466,0.3703,0.2953,0.2716,0.3577,-0.4178,-0.0973,0.0029,0.135,0.2527,0.2599,0.1739,0.0418,-0.1252,-0.214,-0.1527,-0.0858,-0.0553,-0.0466,-0.0477,-0.0522,-0.0556,-0.0554,-0.0508,-0.043,0.1119,0.1147,0.124,0.1422,0.1691,0.2024,0.2449,0.3162,0.456,0.717,1.1437,0.8883,0.6594,0.4114,0.3176,0.0912,-0.251,0.0609,0.2591,0.3845,0.5246,0.4782,0.3154,0.1647,0.0335,-0.0416,-0.0499,-0.0407,-0.0401,-0.0481,-0.0607,-0.074,-0.0824,-0.0824,-0.0745,-0.0617,0.1488,0.1575,0.172,0.1936,0.2233,0.2625,0.3168,0.3999,0.5359,0.7658,1.0811,0.8882,0.6883,0.6284,0.4937,0.3851,0.3255,0.4563,0.6002,0.585,0.5851,0.5416,0.3997,0.2562,0.1375,0.059,0.0152,-0.0138,-0.0385,-0.0621,-0.0874,-0.1125,-0.1273,-0.1244,-0.1076,-0.0855,0.1797,0.1921,0.2097,0.2334,0.2647,0.3056,0.3602,0.4349,0.5365,0.6606,0.7511,0.7238,0.6842,0.6909,0.7797,0.8258,0.7197,0.8504,1.0496,0.8524,0.6884,0.5777,0.4528,0.3073,0.1731,0.0834,0.0317,-0.018,-0.0599,-0.0924,-0.1288,-0.1714,-0.1955,-0.1827,-0.1483,-0.1115,0.2053,0.2199,0.239,0.2636,0.2947,0.3338,0.3829,0.4435,0.5143,0.5858,0.637,0.6605,0.6946,0.8303,1.347,1.5759,1.0258,0.9881,1.1229,1.2027,0.9529,0.7123,0.5276,0.341,0.1616,0.075,0.0526,-0.0514,-0.1136,-0.138,-0.1748,-0.2388,-0.2754,-0.2434,-0.1849,-0.1326,0.2262,0.242,0.2617,0.2859,0.3155,0.3512,0.3935,0.4421,0.4948,0.5463,0.5919,0.6373,0.7122,0.894,1.2922,1.4242,1.0877,1.094,1.5655,1.8049,1.1987,0.8573,0.6386,0.3948,0.1342,0.0333,0.022,-0.2022,-0.2257,-0.1953,-0.2035,-0.2659,-0.3067,-0.2654,-0.1974,-0.1395,0.2432,0.2593,0.2788,0.302,0.3295,0.3614,0.3978,0.438,0.4806,0.5237,0.5677,0.6191,0.6945,0.8178,0.9731,1.03,0.9892,1.0689,1.3397,1.432,1.172,1.0138,0.8671,0.5419,0.1109,-0.3167,-0.7802,-0.6687,-0.3839,-0.2485,-0.2093,-0.231,-0.2544,-0.2285,-0.1776,-0.1289,0.2567,0.2727,0.2915,0.3134,0.3386,0.3671,0.3988,0.4331,0.4694,0.5074,0.5484,0.5961,0.6567,0.7327,0.8086,0.8557,0.8867,0.9557,1.0625,1.1196,1.164,1.3764,1.4056,0.8675,0.1826,-0.5369,-1.2195,-0.883,-0.3995,-0.2527,-0.2019,-0.1886,-0.1881,-0.1724,-0.1412,-0.1065,0.2673,0.2829,0.3008,0.3212,0.3442,0.3697,0.3976,0.4275,0.4593,0.4931,0.5296,0.5705,0.6174,0.669,0.7188,0.7608,0.8015,0.8552,0.9241,1.0147,1.2243,1.698,1.8504,1.1385,0.3564,-0.2612,-0.6119,-0.4582,-0.2294,-0.2116,-0.1856,-0.1588,-0.1428,-0.1266,-0.105,-0.0804,0.2755,0.2905,0.3073,0.3262,0.3472,0.3701,0.3949,0.4213,0.4494,0.4791,0.5109,0.5453,0.5824,0.6211,0.659,0.6953,0.733,0.7781,0.8382,0.9348,1.1228,1.4059,1.4443,0.9999,0.444,0.0109,-0.2218,-0.24,-0.2009,-0.1926,-0.1635,-0.1319,-0.1093,-0.0914,-0.0735,-0.0548]},{"header":{"la1":42.85,"la2":41.18,"lo1":11.55,"lo2":14.05,"nx":36,"ny":24,"dx":0.07143,"dy":0.07261,"parameterCategory":2,"parameterNumber":3,"parameterNumberName":"northward_wind","parameterUnit":"m.s-1"},"data":[-0.0829,-0.0675,-0.0512,-0.0342,-0.0171,-0.0013,0.0105,0.0153,0.0109,-0.0029,-0.0232,-0.0463,-0.0685,-0.0876,-0.1027,-0.1135,-0.1197,-0.1215,-0.1186,-0.1118,-0.1032,-0.0956,-0.0921,-0.0937,-0.1,-0.1094,-0.1205,-0.1324,-0.1446,-0.1568,-0.1689,-0.1806,-0.1921,-0.2031,-0.2136,-0.2236,-0.0726,-0.0538,-0.0334,-0.011,0.0132,0.0378,0.0587,0.0695,0.0646,0.0434,0.0112,-0.0241,-0.0564,-0.0828,-0.1027,-0.1165,-0.1245,-0.1262,-0.1208,-0.1082,-0.0914,-0.0766,-0.0698,-0.0728,-0.0828,-0.0964,-0.1111,-0.126,-0.1406,-0.1547,-0.1684,-0.1817,-0.1944,-0.2065,-0.218,-0.2288,-0.0612,-0.0386,-0.0136,0.0151,0.0491,0.0883,0.1271,0.152,0.1485,0.1134,0.0593,0.0032,-0.0441,-0.0799,-0.1055,-0.1231,-0.1341,-0.1372,-0.1293,-0.1072,-0.0748,-0.0455,-0.0342,-0.0425,-0.0609,-0.0816,-0.1016,-0.12,-0.1373,-0.1535,-0.169,-0.1838,-0.1979,-0.2112,-0.2238,-0.2354,-0.0485,-0.0211,0.0087,0.0435,0.0891,0.1513,0.2258,0.2857,0.2899,0.2254,0.1268,0.0349,-0.0339,-0.0808,-0.1122,-0.1342,-0.1503,-0.1592,-0.1521,-0.1159,-0.0509,0.0106,0.0256,-0.0003,-0.0358,-0.0671,-0.0931,-0.1154,-0.1353,-0.1536,-0.1709,-0.1873,-0.2028,-0.2174,-0.2311,-0.2437,-0.0332,0.001,0.0359,0.074,0.128,0.2206,0.3643,0.5146,0.5477,0.41,0.2159,0.0643,-0.0311,-0.088,-0.1233,-0.1491,-0.1735,-0.1988,-0.2077,-0.1565,-0.0264,0.1082,0.1156,0.046,-0.0146,-0.0568,-0.088,-0.1132,-0.1352,-0.1554,-0.1744,-0.1925,-0.2096,-0.2256,-0.2404,-0.254,-0.0141,0.0328,0.077,0.1127,0.1584,0.2717,0.5239,0.8925,1.0242,0.6876,0.3024,0.0726,-0.0444,-0.1047,-0.1394,-0.1657,-0.1987,-0.2565,-0.3266,-0.2782,-0.055,0.1691,0.1624,0.0599,-0.0104,-0.0552,-0.0877,-0.1142,-0.1376,-0.1593,-0.18,-0.1998,-0.2185,-0.2361,-0.2522,-0.2667,0.0079,0.0812,0.1542,0.1879,0.1846,0.2588,0.5751,1.2337,1.5595,0.8777,0.2927,0.0288,-0.0814,-0.1327,-0.1621,-0.1831,-0.2128,-0.292,-0.454,-0.4251,-0.1399,0.0374,0.0668,0.0206,-0.026,-0.0625,-0.0922,-0.1182,-0.1423,-0.1654,-0.1878,-0.2095,-0.2302,-0.2495,-0.267,-0.2826,0.0224,0.1406,0.2978,0.3732,0.2462,0.1636,0.3403,0.8118,1.0325,0.5108,0.0888,-0.0781,-0.1375,-0.1701,-0.1982,-0.2118,-0.2148,-0.2481,-0.3253,-0.2688,-0.0736,-0.0042,-0.0009,-0.019,-0.046,-0.0734,-0.0994,-0.1243,-0.1489,-0.1736,-0.1982,-0.2222,-0.2452,-0.2665,-0.2857,-0.3023,0.0045,0.1537,0.4349,0.6696,0.3125,0.0094,-0.0413,0.0219,-0.0055,-0.1592,-0.2269,-0.21,-0.1897,-0.2085,-0.2705,-0.2947,-0.2375,-0.194,-0.1704,-0.0823,0.0767,0.0622,-0.0026,-0.0352,-0.0597,-0.0832,-0.1068,-0.1313,-0.157,-0.1838,-0.2113,-0.2385,-0.2645,-0.2884,-0.3093,-0.3269,-0.0649,0.0326,0.206,0.316,-0.003,-0.2317,-0.3839,-0.533,-0.7493,-0.8091,-0.5437,-0.3109,-0.2043,-0.2192,-0.4156,-0.5343,-0.2908,-0.169,-0.1189,-0.0528,0.0374,0.0351,-0.0133,-0.0451,-0.0685,-0.0903,-0.113,-0.1379,-0.1657,-0.196,-0.2277,-0.2594,-0.2895,-0.3165,-0.3394,-0.3578,-0.1627,-0.158,-0.2258,-0.4741,-0.481,-0.4801,-0.6669,-0.8839,-1.3037,-1.5319,-0.7689,-0.3275,-0.1568,-0.1394,-0.3399,-0.52,-0.2303,-0.1381,-0.1154,-0.0766,-0.0347,-0.022,-0.0346,-0.0538,-0.0741,-0.0944,-0.1165,-0.1428,-0.1744,-0.2103,-0.2486,-0.2867,-0.3223,-0.3533,-0.3783,-0.397,-0.2464,-0.2845,-0.3809,-0.5243,-0.5452,-0.6487,-0.9264,-1.145,-1.2033,-1.2112,-0.6419,-0.2325,-0.0692,-0.0716,-0.01,-0.0368,-0.0451,-0.1548,-0.1921,-0.1114,-0.0555,-0.0355,-0.0389,-0.0554,-0.0759,-0.0948,-0.1155,-0.1446,-0.1827,-0.2276,-0.2758,-0.3233,-0.3665,-0.4024,-0.4294,-0.4474,-0.3017,-0.3448,-0.4117,-0.4891,-0.5757,-0.7642,-1.0918,-1.4033,-1.2148,-0.8163,-0.405,-0.0807,0.0543,0.0176,0.1731,0.2565,0.1507,-0.3868,-0.4263,-0.1336,-0.0355,-0.0104,-0.0202,-0.0478,-0.0769,-0.093,-0.1093,-0.1429,-0.1916,-0.2501,-0.313,-0.3743,-0.428,-0.4698,-0.4976,-0.5125,-0.3349,-0.3753,-0.4299,-0.5003,-0.6016,-0.7675,-1.0047,-1.2236,-1.0837,-0.6542,-0.2932,0.0201,0.1543,0.5871,0.4101,0.7011,0.533,-0.0016,-0.1777,-0.0344,0.0465,0.0625,0.0263,-0.0303,-0.08,-0.0941,-0.1024,-0.1414,-0.2042,-0.2819,-0.3665,-0.4481,-0.5165,-0.5645,-0.5903,-0.5972,-0.3531,-0.3895,-0.4367,-0.4977,-0.579,-0.6856,-0.8011,-0.8564,-0.7443,-0.5324,-0.3576,-0.1326,0.1959,0.5689,0.4822,0.8174,0.9098,0.4071,0.128,0.1258,0.2344,0.2294,0.1141,0.0079,-0.0617,-0.0869,-0.0992,-0.1439,-0.2235,-0.3283,-0.4459,-0.5589,-0.6482,-0.7011,-0.7176,-0.7073,-0.3606,-0.3919,-0.4304,-0.4769,-0.5313,-0.5885,-0.6313,-0.6291,-0.571,-0.5416,-0.7136,-0.3421,-0.1487,0.1312,0.2594,0.5105,0.6973,0.3412,0.1314,0.244,0.6502,0.5461,0.2223,0.0562,-0.0159,-0.0468,-0.0737,-0.1347,-0.2437,-0.3928,-0.5649,-0.7307,-0.8511,-0.9023,-0.8925,-0.8475,-0.3609,-0.3864,-0.4158,-0.4484,-0.4817,-0.5101,-0.5241,-0.5158,-0.4975,-0.5285,-0.6715,-0.4644,-0.4237,-0.4401,-0.1049,0.0634,0.1148,-0.0248,-0.1255,0.1246,0.6996,0.5721,0.2185,0.0716,0.0411,0.0508,0.0274,-0.0756,-0.2492,-0.4754,-0.7412,-1.0017,-1.1704,-1.1984,-1.1255,-1.0166,-0.3568,-0.3766,-0.3982,-0.4201,-0.4399,-0.454,-0.4584,-0.4527,-0.4456,-0.4522,-0.4582,-0.4259,-0.5051,-0.5379,-0.4721,-0.4618,-0.3113,-0.4064,-0.613,-0.2579,0.0814,0.1562,0.0742,0.0482,0.1327,0.287,0.3004,0.0764,-0.2299,-0.5725,-0.9846,-1.416,-1.6586,-1.6064,-1.4049,-1.1965,-0.3503,-0.3654,-0.3809,-0.3955,-0.4074,-0.4147,-0.416,-0.412,-0.4067,-0.4034,-0.4005,-0.4051,-0.4484,-0.5686,-1.0501,-1.2728,-0.6312,-0.4956,-0.5637,-0.4402,-0.2546,-0.1288,-0.0793,0.0035,0.2497,0.7351,0.8379,0.2736,-0.2251,-0.6729,-1.243,-1.9205,-2.2542,-2.0374,-1.6563,-1.3415,-0.3429,-0.3544,-0.3655,-0.3753,-0.3828,-0.3869,-0.3872,-0.3846,-0.381,-0.3789,-0.3817,-0.3991,-0.4548,-0.6134,-0.9917,-1.1083,-0.6792,-0.5012,-0.5515,-0.5933,-0.4077,-0.2919,-0.2212,-0.1004,0.1852,0.7798,0.9158,0.1383,-0.3404,-0.758,-1.3443,-2.1235,-2.4976,-2.1941,-1.7421,-1.3934,-0.3357,-0.3444,-0.3524,-0.3593,-0.3642,-0.3668,-0.3671,-0.3658,-0.3645,-0.3654,-0.3726,-0.3936,-0.4426,-0.539,-0.6663,-0.6857,-0.5647,-0.485,-0.5017,-0.51,-0.4497,-0.4318,-0.404,-0.2915,-0.1311,-0.0739,-0.3906,-0.4573,-0.5827,-0.8389,-1.2269,-1.7635,-2.068,-1.9195,-1.609,-1.3341,-0.3289,-0.3356,-0.3416,-0.3466,-0.3501,-0.3521,-0.3527,-0.3527,-0.3531,-0.3561,-0.3646,-0.3828,-0.4156,-0.4634,-0.5078,-0.5137,-0.4803,-0.4528,-0.4535,-0.4678,-0.5169,-0.6477,-0.684,-0.5165,-0.3976,-0.5057,-0.7802,-0.7356,-0.8691,-0.9878,-1.1115,-1.3456,-1.5276,-1.5149,-1.3742,-1.2076,-0.323,-0.3282,-0.3329,-0.3366,-0.3394,-0.3412,-0.3422,-0.343,-0.3447,-0.3485,-0.3562,-0.3698,-0.3901,-0.4143,-0.4339,-0.4393,-0.4326,-0.4281,-0.4388,-0.4779,-0.5872,-0.804,-0.8692,-0.6524,-0.5264,-0.5768,-0.7101,-0.9261,-1.2822,-1.2215,-1.105,-1.1337,-1.2042,-1.2172,-1.1617,-1.0715,-0.3179,-0.3221,-0.3258,-0.3288,-0.3312,-0.3329,-0.3343,-0.3357,-0.3379,-0.3418,-0.3482,-0.358,-0.3708,-0.3847,-0.3961,-0.4025,-0.4059,-0.4129,-0.4326,-0.4785,-0.5716,-0.7013,-0.7348,-0.6336,-0.5708,-0.6144,-0.7557,-1.0376,-1.3359,-1.2584,-1.0925,-1.0342,-1.0359,-1.0348,-1.0066,-0.9555]}]