docs/data/wind_grid.json
[{"header":{"la1":42.85,"la2":41.18,"lo1":11.55,"lo2":14.05,"nx":36,"ny":24,"dx":0.07143,"dy":0.07261,"parameterCategory":2,"parameterNumber":2,"parameterNumberName":"eastward_wind","parameterUnit":"m.s-1"},"data":[-1.1677,-1.1734,-1.1771,-1.1784,-1.1769,-1.1716,-1.161,-1.143,-1.116,-1.08,-1.0371,-0.9905,-0.9434,-0.8983,-0.8563,-0.8182,-0.7841,-0.7546,-0.7302,-0.7111,-0.6978,-0.6909,-0.691,-0.6973,-0.7078,-0.7197,-0.7311,-0.741,-0.7491,-0.7555,-0.7606,-0.7646,-0.7678,-0.7705,-0.7727,-0.7747,-1.1964,-1.2053,-1.2122,-1.2169,-1.2195,-1.219,-1.2131,-1.1973,-1.1678,-1.1236,-1.0685,-1.0087,-0.9497,-0.8945,-0.8444,-0.7992,-0.7589,-0.7239,-0.695,-0.6727,-0.6569,-0.6491,-0.6518,-0.6647,-0.6832,-0.7023,-0.7189,-0.7321,-0.7422,-0.7497,-0.7554,-0.7597,-0.7632,-0.7659,-0.7683,-0.7704,-1.2286,-1.2415,-1.2522,-1.2611,-1.2693,-1.2772,-1.2815,-1.2738,-1.2432,-1.1865,-1.1116,-1.0316,-0.956,-0.8884,-0.8288,-0.7754,-0.7271,-0.6843,-0.6496,-0.6238,-0.6038,-0.5917,-0.5975,-0.6226,-0.6554,-0.6851,-0.7082,-0.7249,-0.7366,-0.7449,-0.7508,-0.7552,-0.7587,-0.7614,-0.7638,-0.7659,-1.2648,-1.2829,-1.298,-1.311,-1.3256,-1.3465,-1.3726,-1.3872,-1.3611,-1.2818,-1.1709,-1.0585,-0.9601,-0.8779,-0.8083,-0.7462,-0.687,-0.6311,-0.5873,-0.5612,-0.537,-0.5091,-0.5176,-0.5693,-0.6273,-0.6716,-0.7014,-0.7205,-0.7329,-0.7412,-0.7468,-0.751,-0.7542,-0.7568,-0.7591,-0.7611,-1.3059,-1.3313,-1.3517,-1.3674,-1.3858,-1.4229,-1.4906,-1.5643,-1.56,-1.4307,-1.2478,-1.0841,-0.957,-0.8597,-0.7817,-0.7121,-0.6386,-0.5557,-0.488,-0.4762,-0.4671,-0.3931,-0.405,-0.5158,-0.6105,-0.6682,-0.7011,-0.7201,-0.7313,-0.7384,-0.7432,-0.7467,-0.7495,-0.7519,-0.754,-0.7561,-1.3523,-1.3894,-1.4185,-1.434,-1.4461,-1.4911,-1.6206,-1.8332,-1.9022,-1.645,-1.3245,-1.0936,-0.9382,-0.8285,-0.746,-0.6751,-0.5901,-0.4557,-0.2985,-0.3231,-0.4391,-0.329,-0.3491,-0.517,-0.6265,-0.6818,-0.7092,-0.7233,-0.7312,-0.7361,-0.7394,-0.7421,-0.7444,-0.7465,-0.7485,-0.7505,-1.4023,-1.4594,-1.5079,-1.5247,-1.5093,-1.5259,-1.6823,-2.0642,-2.2652,-1.7942,-1.3337,-1.0631,-0.8945,-0.7771,-0.6932,-0.6328,-0.5632,-0.4,-0.082,-0.1275,-0.5261,-0.5587,-0.5509,-0.6299,-0.6854,-0.7117,-0.7231,-0.7281,-0.7309,-0.7329,-0.7347,-0.7365,-0.7384,-0.7402,-0.7422,-0.7442,-1.4491,-1.5343,-1.6243,-1.6619,-1.5924,-1.5238,-1.5841,-1.827,-1.94,-1.5733,-1.2132,-0.9855,-0.8257,-0.6979,-0.6008,-0.5582,-0.555,-0.5,-0.3553,-0.4944,-0.9577,-1.0242,-0.8719,-0.7905,-0.7594,-0.7443,-0.7352,-0.7299,-0.7276,-0.7272,-0.728,-0.7295,-0.7311,-0.7329,-0.7349,-0.737,-1.4792,-1.5854,-1.7178,-1.8016,-1.6729,-1.5095,-1.4289,-1.4185,-1.3648,-1.2096,-1.0432,-0.8922,-0.747,-0.5894,-0.4186,-0.3668,-0.4968,-0.6207,-0.718,-1.0105,-1.5926,-1.496,-1.0982,-0.8983,-0.8067,-0.7601,-0.7353,-0.723,-0.7182,-0.7175,-0.7186,-0.7203,-0.7222,-0.7242,-0.7263,-0.7286,-1.4834,-1.5891,-1.7026,-1.7593,-1.6825,-1.4948,-1.3218,-1.1936,-1.0638,-0.9772,-0.9229,-0.8205,-0.6848,-0.4913,-0.0982,0.1039,-0.3755,-0.6925,-0.8726,-1.0943,-1.4212,-1.3758,-1.0939,-0.9077,-0.8031,-0.7442,-0.714,-0.7021,-0.7002,-0.7025,-0.7058,-0.7089,-0.7115,-0.7138,-0.7161,-0.7187,-1.4646,-1.5692,-1.7079,-1.9018,-1.8427,-1.4975,-1.2573,-1.1064,-0.9144,-0.8316,-0.8666,-0.7792,-0.6509,-0.4979,-0.1489,0.1085,-0.4742,-0.8578,-1.0265,-1.0781,-1.1211,-1.0882,-0.9665,-0.8414,-0.7459,-0.6869,-0.6633,-0.6634,-0.6726,-0.6826,-0.6903,-0.6954,-0.6987,-0.7013,-0.7038,-0.7069,-1.4243,-1.5207,-1.6652,-1.8589,-1.7845,-1.4235,-1.2112,-1.1377,-1.0045,-0.8917,-0.8609,-0.7632,-0.6246,-0.4841,-0.4735,-0.5236,-0.8153,-1.2957,-1.4316,-1.2075,-1.0474,-0.9474,-0.8488,-0.7408,-0.6368,-0.5745,-0.5747,-0.6064,-0.638,-0.6602,-0.6733,-0.6802,-0.6838,-0.6861,-0.6888,-0.6925,-1.3646,-1.4315,-1.5103,-1.5622,-1.479,-1.2934,-1.1847,-1.1931,-1.1312,-0.9813,-0.8728,-0.7916,-0.6716,-0.4544,-0.5008,-0.6548,-0.9873,-2.1064,-2.1586,-1.3521,-1.0118,-0.8535,-0.7475,-0.628,-0.4745,-0.3883,-0.4483,-0.5416,-0.6052,-0.6401,-0.6569,-0.6636,-0.6657,-0.667,-0.6696,-0.6743,-1.2971,-1.3325,-1.3593,-1.3543,-1.2946,-1.2081,-1.1578,-1.1599,-1.1131,-0.9867,-0.8885,-0.8492,-0.8124,-0.533,-0.5931,-0.5365,-0.8051,-1.5069,-1.6608,-1.1723,-0.861,-0.7141,-0.6432,-0.5408,-0.335,-0.2075,-0.35,-0.5043,-0.5891,-0.6284,-0.6427,-0.6445,-0.6423,-0.6412,-0.644,-0.6508,-1.2339,-1.2484,-1.2516,-1.2347,-1.1956,-1.1486,-1.1135,-1.0883,-1.0408,-0.977,-0.9316,-0.8748,-0.7475,-0.6145,-0.6468,-0.5344,-1.208,-1.0679,-1.0381,-0.8055,-0.5228,-0.453,-0.5174,-0.5155,-0.3934,-0.3023,-0.4065,-0.5314,-0.6004,-0.6271,-0.6289,-0.6189,-0.6081,-0.6038,-0.6084,-0.6198,-1.1805,-1.1838,-1.178,-1.1606,-1.1327,-1.1005,-1.0698,-1.0395,-1.007,-0.9941,-1.045,-0.9837,-0.9049,-0.7917,-0.7838,-0.8913,-1.1354,-0.9522,-0.7831,-0.4653,0.0883,-0.025,-0.3817,-0.5212,-0.5268,-0.5119,-0.55,-0.6032,-0.632,-0.632,-0.6097,-0.5779,-0.5529,-0.5462,-0.5574,-0.5793,-1.1372,-1.1349,-1.1262,-1.1103,-1.0884,-1.0633,-1.0376,-1.0127,-0.9938,-0.9972,-1.0374,-1.0006,-1.0388,-1.0631,-0.9149,-0.8971,-0.8845,-0.7566,-0.5927,-0.3734,0.1826,0.032,-0.3771,-0.5607,-0.625,-0.6501,-0.6686,-0.6783,-0.6698,-0.6356,-0.5755,-0.5054,-0.4583,-0.4555,-0.4861,-0.5287,-1.1027,-1.0977,-1.0882,-1.0741,-1.0561,-1.0359,-1.0153,-0.9965,-0.9833,-0.981,-0.9863,-0.9954,-1.0729,-1.0933,-1.0101,-0.9763,-0.8407,-0.5479,-0.2813,-0.4661,-0.3815,-0.3857,-0.5327,-0.648,-0.7118,-0.7452,-0.7553,-0.7437,-0.7078,-0.6361,-0.5193,-0.3809,-0.3007,-0.3222,-0.3966,-0.4735,-1.075,-1.0689,-1.0596,-1.0472,-1.0322,-1.0158,-0.9994,-0.9848,-0.9742,-0.9695,-0.9707,-0.9813,-1.0071,-1.0372,-1.1597,-1.2183,-0.917,-0.6179,-0.4652,-0.6864,-0.6746,-0.6571,-0.6985,-0.7508,-0.7867,-0.8001,-0.8014,-0.7965,-0.7487,-0.6423,-0.4562,-0.2149,-0.0935,-0.1735,-0.3138,-0.4297,-1.0526,-1.0462,-1.0375,-1.0266,-1.014,-1.0006,-0.9874,-0.9757,-0.9668,-0.9619,-0.9618,-0.9684,-0.9849,-1.0256,-1.1315,-1.1559,-0.9534,-0.8111,-0.8982,-0.9806,-0.845,-0.8245,-0.8442,-0.8545,-0.8517,-0.8261,-0.8192,-0.8574,-0.8003,-0.6715,-0.4506,-0.1487,-0.0043,-0.1197,-0.2896,-0.4191,-1.0343,-1.0281,-1.0201,-1.0105,-0.9999,-0.9887,-0.9779,-0.9682,-0.9605,-0.9558,-0.9546,-0.9581,-0.9685,-0.99,-1.0175,-1.0043,-0.932,-0.8786,-0.9028,-0.9295,-0.9328,-0.9953,-1.0285,-0.9842,-0.9405,-0.9586,-1.0544,-1.0006,-0.8589,-0.7212,-0.5396,-0.3055,-0.1765,-0.2316,-0.3487,-0.4504,-1.0193,-1.0133,-1.006,-0.9976,-0.9885,-0.9791,-0.97,-0.9617,-0.955,-0.9503,-0.948,-0.9488,-0.9528,-0.9593,-0.9618,-0.9486,-0.9209,-0.9027,-0.9132,-0.9546,-1.0649,-1.2743,-1.3394,-1.1593,-1.0273,-1.0462,-1.1777,-1.0613,-0.8483,-0.7464,-0.6432,-0.5061,-0.4095,-0.4027,-0.4501,-0.5084,-1.0067,-1.0011,-0.9945,-0.9871,-0.9792,-0.9711,-0.9633,-0.9561,-0.95,-0.9453,-0.9422,-0.9408,-0.9407,-0.9406,-0.9377,-0.9298,-0.9202,-0.9198,-0.9423,-1.0098,-1.1768,-1.4771,-1.5639,-1.2793,-1.073,-1.0182,-1.0164,-0.8906,-0.7271,-0.7227,-0.6976,-0.6269,-0.5623,-0.5362,-0.5448,-0.5705,-0.9961,-0.9909,-0.9849,-0.9783,-0.9714,-0.9643,-0.9575,-0.9511,-0.9454,-0.9408,-0.9371,-0.9345,-0.9324,-0.9303,-0.9273,-0.9238,-0.923,-0.9318,-0.9608,-1.0279,-1.1589,-1.3355,-1.3777,-1.2192,-1.0634,-0.9791,-0.9158,-0.8066,-0.7092,-0.7176,-0.7193,-0.6857,-0.6461,-0.6215,-0.6159,-0.624]},{"header":{"la1":42.85,"la2":41.18,"lo1":11.55,"lo2":14.05,"nx":36,"ny":24,"dx":0.07143,"dy":0.07261,"parameterCategory":2,"parameterNumber":3,"parameterNumberName":"northward_wind","parameterUnit":"m.s-1"},"data":[-0.6365,-0.6348,-0.631,-0.6249,-0.6165,-0.6063,-0.595,-0.5834,-0.5716,-0.5592,-0.5451,-0.528,-0.5069,-0.4812,-0.4515,-0.4189,-0.3854,-0.3539,-0.3273,-0.3075,-0.2951,-0.289,-0.2878,-0.2898,-0.2943,-0.3006,-0.3081,-0.3164,-0.3249,-0.3335,-0.342,-0.3501,-0.3579,-0.3653,-0.3722,-0.3787,-0.6496,-0.6487,-0.6449,-0.6378,-0.6276,-0.6147,-0.6007,-0.5872,-0.5752,-0.5643,-0.552,-0.5359,-0.5139,-0.4852,-0.4499,-0.4096,-0.3672,-0.3271,-0.2946,-0.2731,-0.2628,-0.2606,-0.263,-0.2681,-0.2751,-0.2838,-0.2937,-0.3042,-0.3149,-0.3253,-0.3353,-0.3448,-0.3537,-0.3621,-0.3698,-0.377,-0.6646,-0.6649,-0.6614,-0.6531,-0.6396,-0.6219,-0.6022,-0.5847,-0.5726,-0.5654,-0.5582,-0.5457,-0.5242,-0.4925,-0.4506,-0.3999,-0.3442,-0.2908,-0.2498,-0.2284,-0.2257,-0.2326,-0.2406,-0.2477,-0.2562,-0.2669,-0.2793,-0.2923,-0.3052,-0.3176,-0.3293,-0.3402,-0.3503,-0.3596,-0.3682,-0.3761,-0.6817,-0.6844,-0.682,-0.6724,-0.6541,-0.6274,-0.5959,-0.5683,-0.555,-0.5569,-0.5621,-0.558,-0.5394,-0.5054,-0.4561,-0.3916,-0.3155,-0.2389,-0.183,-0.1667,-0.187,-0.2166,-0.2304,-0.2332,-0.2389,-0.2504,-0.2652,-0.281,-0.2964,-0.3109,-0.3243,-0.3366,-0.3479,-0.3582,-0.3676,-0.3761,-0.7013,-0.7086,-0.7095,-0.6993,-0.6744,-0.633,-0.577,-0.522,-0.5025,-0.5285,-0.5623,-0.5748,-0.5621,-0.5273,-0.4707,-0.3897,-0.2828,-0.1621,-0.071,-0.068,-0.1501,-0.2395,-0.2496,-0.2266,-0.2225,-0.2341,-0.2519,-0.2709,-0.289,-0.3056,-0.3207,-0.3344,-0.3468,-0.358,-0.3681,-0.3773,-0.7231,-0.739,-0.7482,-0.7405,-0.708,-0.6467,-0.5482,-0.4234,-0.3774,-0.4697,-0.5643,-0.6014,-0.5958,-0.562,-0.5015,-0.4055,-0.2598,-0.0601,0.1277,0.1179,-0.0769,-0.2692,-0.2666,-0.2094,-0.2005,-0.2167,-0.2397,-0.2626,-0.2836,-0.3023,-0.3189,-0.3338,-0.3472,-0.3592,-0.3701,-0.3798,-0.7445,-0.7759,-0.8051,-0.8078,-0.7654,-0.6854,-0.5502,-0.324,-0.2166,-0.4301,-0.5958,-0.6473,-0.6436,-0.6134,-0.5576,-0.4576,-0.2843,-0.0065,0.3256,0.3119,0.0786,-0.0897,-0.1465,-0.1467,-0.1673,-0.1987,-0.2299,-0.2574,-0.281,-0.3013,-0.3192,-0.3351,-0.3494,-0.3623,-0.3737,-0.3839,-0.7587,-0.8121,-0.8868,-0.9225,-0.8489,-0.7519,-0.6468,-0.4777,-0.4006,-0.5744,-0.696,-0.7186,-0.7043,-0.6828,-0.6493,-0.566,-0.3925,-0.1252,0.1514,0.2258,0.2909,0.2381,0.0592,-0.0589,-0.1327,-0.1855,-0.2255,-0.2568,-0.282,-0.3034,-0.322,-0.3387,-0.3538,-0.3674,-0.3794,-0.39,-0.7527,-0.8167,-0.9531,-1.0746,-0.904,-0.798,-0.7887,-0.7846,-0.8109,-0.8634,-0.8539,-0.8047,-0.7676,-0.7649,-0.7947,-0.7601,-0.5678,-0.312,-0.0619,0.2264,0.6946,0.5979,0.2063,-0.0078,-0.1191,-0.1857,-0.2302,-0.2624,-0.2875,-0.3087,-0.3276,-0.3449,-0.3607,-0.375,-0.3876,-0.3985,-0.719,-0.7446,-0.8088,-0.8561,-0.7112,-0.7695,-0.9094,-1.0417,-1.1899,-1.2218,-1.039,-0.8815,-0.8148,-0.8341,-1.0077,-1.1083,-0.7458,-0.4466,-0.2049,0.0995,0.4828,0.4423,0.1534,-0.0343,-0.1406,-0.205,-0.2464,-0.2751,-0.2975,-0.3173,-0.3359,-0.3538,-0.3705,-0.3857,-0.3989,-0.41,-0.6757,-0.6362,-0.5067,-0.1778,-0.2493,-0.7141,-1.0384,-1.247,-1.5355,-1.6861,-1.1856,-0.9152,-0.8353,-0.848,-0.9918,-1.12,-0.7347,-0.4878,-0.3214,-0.1379,0.0387,0.074,-0.0136,-0.1136,-0.1911,-0.2435,-0.2749,-0.2947,-0.3113,-0.3285,-0.3469,-0.3658,-0.3839,-0.4003,-0.4142,-0.4252,-0.6532,-0.5938,-0.4449,-0.1924,-0.2939,-0.8169,-1.2375,-1.4607,-1.483,-1.4736,-1.1081,-0.8865,-0.845,-0.9071,-0.8449,-0.7165,-0.5615,-0.4707,-0.4056,-0.281,-0.1674,-0.1179,-0.1353,-0.1917,-0.2573,-0.3024,-0.3169,-0.3199,-0.327,-0.3412,-0.3603,-0.3816,-0.4022,-0.4204,-0.4349,-0.4455,-0.6586,-0.6243,-0.5652,-0.5274,-0.6646,-1.0037,-1.3949,-1.6975,-1.5292,-1.2064,-0.9542,-0.8378,-0.827,-0.9444,-0.8289,-0.5106,-0.3943,-0.5166,-0.514,-0.3245,-0.2144,-0.1677,-0.1798,-0.2433,-0.3378,-0.3922,-0.3725,-0.3456,-0.3408,-0.3538,-0.3765,-0.4027,-0.4277,-0.4484,-0.4633,-0.4725,-0.6763,-0.6718,-0.6742,-0.7146,-0.8381,-1.0517,-1.3129,-1.5296,-1.4069,-1.047,-0.8325,-0.8213,-0.8372,-0.7758,-0.537,-0.236,-0.138,-0.2922,-0.3669,-0.2489,-0.1476,-0.1118,-0.1524,-0.2537,-0.4054,-0.484,-0.4147,-0.3574,-0.347,-0.3651,-0.397,-0.4327,-0.4648,-0.4886,-0.5027,-0.5085,-0.691,-0.7031,-0.7277,-0.7782,-0.8666,-0.988,-1.1125,-1.1689,-1.0542,-0.8285,-0.6756,-0.651,-0.6503,-0.6106,-0.3871,-0.11,0.8341,0.1107,-0.1427,-0.0918,0.072,0.0844,-0.0481,-0.1985,-0.3501,-0.4258,-0.3782,-0.3368,-0.3409,-0.3759,-0.426,-0.4783,-0.5213,-0.548,-0.5582,-0.5562,-0.6965,-0.7138,-0.7404,-0.7806,-0.8347,-0.8936,-0.934,-0.918,-0.815,-0.6442,-0.4679,-0.5062,-0.5197,-0.4939,-0.3285,0.0854,0.5835,0.0909,-0.1283,0.0637,0.587,0.4714,0.0958,-0.1096,-0.2229,-0.2747,-0.277,-0.2835,-0.3227,-0.3896,-0.4716,-0.5519,-0.6111,-0.6379,-0.6362,-0.6182,-0.6931,-0.7094,-0.7307,-0.7573,-0.7861,-0.8089,-0.8113,-0.7765,-0.6959,-0.5793,-0.4669,-0.4721,-0.3724,-0.3032,-0.3269,-0.1983,-0.1283,-0.3013,-0.4188,-0.0631,0.6543,0.5146,0.1165,-0.0602,-0.1202,-0.1297,-0.1433,-0.1992,-0.2931,-0.4111,-0.545,-0.6737,-0.757,-0.7733,-0.742,-0.6941,-0.6834,-0.6962,-0.7108,-0.726,-0.7387,-0.7429,-0.7312,-0.6971,-0.6402,-0.5711,-0.5104,-0.4555,-0.3339,-0.2969,-0.3724,-0.3729,-0.4083,-0.7393,-1.1405,-0.511,-0.0261,0.0812,-0.0046,-0.0559,-0.023,0.07,0.0768,-0.0698,-0.2562,-0.4445,-0.6545,-0.8668,-0.9853,-0.963,-0.8706,-0.7758,-0.6701,-0.6789,-0.6876,-0.6948,-0.6979,-0.6934,-0.6776,-0.6484,-0.6074,-0.5602,-0.5133,-0.4646,-0.4147,-0.4039,-0.4558,-0.4797,-0.4829,-0.7087,-0.8965,-0.5057,-0.2793,-0.1453,-0.0991,-0.0595,0.077,0.3856,0.4514,0.0696,-0.2436,-0.4897,-0.7767,-1.1067,-1.2675,-1.1655,-0.9873,-0.8419,-0.6551,-0.6605,-0.6647,-0.6665,-0.6643,-0.6559,-0.6398,-0.6152,-0.5837,-0.5481,-0.5114,-0.4759,-0.4474,-0.439,-0.461,-0.4717,-0.4653,-0.4931,-0.3936,-0.321,-0.2921,-0.1859,-0.1175,-0.0705,0.0559,0.4141,0.4994,-0.0391,-0.3263,-0.5396,-0.8266,-1.2037,-1.3835,-1.2393,-1.0266,-0.8648,-0.6399,-0.6424,-0.6434,-0.6419,-0.6368,-0.6269,-0.6116,-0.5907,-0.5653,-0.537,-0.508,-0.4807,-0.4585,-0.4461,-0.444,-0.4412,-0.4315,-0.412,-0.3621,-0.3156,-0.2296,-0.0982,-0.0359,-0.0664,-0.1109,-0.1963,-0.5104,-0.5159,-0.4979,-0.5909,-0.771,-1.03,-1.1776,-1.1081,-0.9627,-0.8357,-0.6251,-0.6256,-0.6243,-0.6208,-0.6142,-0.6039,-0.5897,-0.5716,-0.5503,-0.5271,-0.5033,-0.4806,-0.4608,-0.4455,-0.4339,-0.4215,-0.4031,-0.3733,-0.3261,-0.2486,-0.0903,0.155,0.2275,0.0275,-0.2051,-0.5047,-0.8633,-0.7314,-0.6378,-0.654,-0.7101,-0.8261,-0.917,-0.914,-0.8503,-0.7751,-0.6113,-0.6102,-0.6074,-0.6026,-0.5953,-0.5852,-0.572,-0.5561,-0.5378,-0.518,-0.4977,-0.4777,-0.4591,-0.4422,-0.4258,-0.4074,-0.3826,-0.3459,-0.2877,-0.1838,0.0235,0.3603,0.4546,0.1256,-0.1948,-0.4549,-0.6356,-0.6816,-0.7585,-0.7331,-0.6945,-0.7187,-0.7592,-0.7704,-0.7484,-0.71,-0.5985,-0.5963,-0.5926,-0.5871,-0.5795,-0.5697,-0.5575,-0.5432,-0.5272,-0.5098,-0.4918,-0.4736,-0.4557,-0.4379,-0.4192,-0.3975,-0.3694,-0.3297,-0.2694,-0.1706,-0.0074,0.1965,0.2412,0.0417,-0.1979,-0.393,-0.5391,-0.6647,-0.7721,-0.7427,-0.6822,-0.667,-0.6762,-0.682,-0.6739,-0.6547]}]