docs/data/wind_grid.json
[{"header":{"la1":42.85,"la2":41.18,"lo1":11.55,"lo2":14.05,"nx":36,"ny":24,"dx":0.07143,"dy":0.07261,"parameterCategory":2,"parameterNumber":2,"parameterNumberName":"eastward_wind","parameterUnit":"m.s-1"},"data":[0.1146,0.1069,0.0977,0.0871,0.0756,0.0643,0.0542,0.0469,0.0431,0.0429,0.0454,0.0492,0.0523,0.0532,0.0502,0.0416,0.0256,0.0004,-0.0351,-0.0789,-0.1251,-0.1639,-0.1864,-0.1899,-0.1779,-0.1571,-0.1329,-0.1088,-0.0865,-0.0664,-0.0487,-0.033,-0.0191,-0.0068,0.0042,0.0139,0.1204,0.1116,0.1005,0.0872,0.072,0.0563,0.0419,0.0316,0.0273,0.0292,0.0359,0.0445,0.0526,0.0578,0.0583,0.052,0.036,0.0064,-0.0408,-0.1059,-0.1797,-0.242,-0.2731,-0.2687,-0.2406,-0.2031,-0.1655,-0.1317,-0.1026,-0.0778,-0.0567,-0.0387,-0.023,-0.0094,0.0026,0.0131,0.1282,0.1186,0.1056,0.0888,0.0684,0.0456,0.0236,0.0074,0.0017,0.0075,0.0212,0.0377,0.053,0.0646,0.0707,0.0693,0.0569,0.0264,-0.0335,-0.1321,-0.259,-0.3695,-0.4118,-0.3831,-0.3207,-0.2554,-0.199,-0.1534,-0.1169,-0.0874,-0.0632,-0.043,-0.0258,-0.011,0.0019,0.0132,0.1389,0.1288,0.1141,0.0936,0.0662,0.0323,-0.0037,-0.0322,-0.0413,-0.0279,-0.0011,0.028,0.0537,0.074,0.088,0.0951,0.093,0.0727,0.0088,-0.1373,-0.3718,-0.592,-0.6423,-0.5426,-0.4129,-0.3065,-0.2281,-0.1707,-0.1276,-0.0942,-0.0675,-0.0455,-0.027,-0.0113,0.0024,0.0142,0.1529,0.1432,0.1278,0.1042,0.0689,0.0191,-0.0428,-0.0993,-0.1172,-0.085,-0.0323,0.0164,0.0556,0.0864,0.1102,0.1288,0.1464,0.162,0.1342,-0.0545,-0.4911,-0.9635,-0.9843,-0.7168,-0.4892,-0.3412,-0.2453,-0.1799,-0.1329,-0.0972,-0.0691,-0.046,-0.0267,-0.0102,0.004,0.0163,0.1705,0.162,0.1473,0.1234,0.0827,0.0144,-0.0882,-0.2063,-0.2483,-0.1676,-0.0674,0.0061,0.0603,0.1031,0.1375,0.1671,0.2078,0.2949,0.414,0.2538,-0.4246,-1.1898,-1.1608,-0.7665,-0.4995,-0.3422,-0.2444,-0.179,-0.1321,-0.0965,-0.068,-0.0445,-0.0246,-0.0076,0.007,0.0196,0.1916,0.1838,0.1693,0.1493,0.1131,0.0353,-0.1039,-0.3006,-0.3836,-0.2288,-0.0863,0.0025,0.0692,0.1264,0.1738,0.2088,0.2517,0.3834,0.7085,0.6277,-0.1508,-0.7079,-0.7943,-0.6074,-0.4307,-0.3087,-0.2267,-0.1693,-0.1265,-0.0927,-0.0648,-0.0412,-0.021,-0.0036,0.0114,0.0242,0.2168,0.2067,0.1804,0.1598,0.1533,0.0915,-0.0417,-0.2095,-0.2779,-0.1811,-0.0789,0.0028,0.0798,0.1599,0.2338,0.2727,0.2784,0.3176,0.433,0.2443,-0.334,-0.5391,-0.5194,-0.4367,-0.3404,-0.261,-0.2015,-0.156,-0.119,-0.0877,-0.0604,-0.0366,-0.016,0.0019,0.0172,0.0302,0.2501,0.2407,0.1795,0.1114,0.1936,0.1745,0.0544,-0.0722,-0.1475,-0.1486,-0.0908,-0.0099,0.0814,0.203,0.3553,0.4217,0.3489,0.2593,0.1369,-0.2264,-0.8705,-0.7967,-0.488,-0.3469,-0.2713,-0.2204,-0.1809,-0.1464,-0.1141,-0.0837,-0.0559,-0.0311,-0.0095,0.009,0.0247,0.0378,0.295,0.3176,0.3064,0.287,0.3935,0.3007,0.1352,-0.035,-0.2261,-0.294,-0.1682,-0.0479,0.0518,0.2166,0.5843,0.7779,0.4748,0.2974,0.1312,-0.1922,-0.645,-0.6304,-0.3912,-0.2716,-0.2243,-0.2005,-0.1777,-0.1491,-0.1163,-0.083,-0.052,-0.0248,-0.0014,0.0181,0.0341,0.0472,0.3386,0.4176,0.5793,0.9169,0.8531,0.447,0.2133,0.0099,-0.4523,-0.6789,-0.2632,-0.0962,-0.0322,0.0742,0.4802,0.7778,0.4766,0.3763,0.2784,0.0776,-0.1517,-0.2377,-0.2129,-0.1977,-0.21,-0.2218,-0.2094,-0.174,-0.1294,-0.0861,-0.0483,-0.0167,0.009,0.0297,0.046,0.0588,0.3558,0.4526,0.635,0.9045,0.8291,0.4595,0.3073,0.2665,-0.098,-0.3905,-0.1986,-0.1421,-0.1545,-0.2306,-0.0392,0.2794,0.4178,0.5527,0.5409,0.3274,0.124,-0.0068,-0.0884,-0.1712,-0.2685,-0.3275,-0.3023,-0.2289,-0.1532,-0.0908,-0.0423,-0.0052,0.0232,0.0449,0.0611,0.0731,0.3404,0.4113,0.5087,0.5868,0.5255,0.3859,0.3727,0.4943,0.333,0.0152,-0.1249,-0.2612,-0.2684,-0.3272,-0.1663,0.2633,0.4903,0.9082,0.9098,0.4872,0.2476,0.0955,-0.0364,-0.2097,-0.4465,-0.5806,-0.4742,-0.3046,-0.1761,-0.0893,-0.0296,0.0126,0.0431,0.0648,0.0801,0.0906,0.3071,0.3468,0.3853,0.3985,0.3658,0.3236,0.3388,0.4053,0.3145,0.0719,-0.1169,-0.4543,-0.5278,-0.0239,0.1598,0.5628,0.5994,0.7191,0.7171,0.4543,0.2604,0.126,-0.0139,-0.2471,-0.6448,-0.8758,-0.6238,-0.3437,-0.1728,-0.0705,-0.0048,0.0398,0.0705,0.091,0.104,0.1116,0.2717,0.2909,0.3037,0.3018,0.2839,0.2645,0.2588,0.2468,0.1672,0.0365,-0.0686,-0.154,-0.1238,-0.0838,0.2762,0.659,0.9034,0.6272,0.4871,0.336,0.1959,0.113,0.0172,-0.1774,-0.5037,-0.6969,-0.5092,-0.2741,-0.1219,-0.0272,0.0355,0.0785,0.1074,0.1248,0.1335,0.1366,0.2412,0.2492,0.2516,0.2455,0.2317,0.214,0.1931,0.1577,0.0929,0.006,-0.0714,-0.0826,-0.0305,0.0662,0.2576,0.5441,0.7621,0.5443,0.3821,0.2315,0.0656,0.0628,0.0505,-0.0533,-0.2054,-0.2932,-0.2391,-0.13,-0.0355,0.0357,0.0895,0.1294,0.1553,0.1676,0.1693,0.1652,0.2171,0.2192,0.217,0.2095,0.1965,0.1788,0.1549,0.1208,0.0729,0.0128,-0.0471,-0.0171,0.1354,0.2243,0.2388,0.3507,0.4193,0.3772,0.3075,0.2058,0.046,0.0595,0.0813,0.0372,-0.0253,-0.0605,-0.0475,-0.0015,0.0536,0.1054,0.1523,0.192,0.2164,0.2207,0.211,0.1965,0.1986,0.1977,0.1936,0.1857,0.1737,0.1577,0.137,0.111,0.0806,0.0508,0.0382,0.0771,0.1947,0.2365,0.2063,0.2333,0.2828,0.2972,0.2975,0.2469,0.1689,0.1348,0.1219,0.0943,0.0543,0.015,0.0166,0.0709,0.1278,0.1721,0.2168,0.2644,0.2914,0.2828,0.2553,0.2269,0.1847,0.1825,0.1777,0.1702,0.1599,0.1468,0.131,0.1134,0.0962,0.0843,0.0867,0.1126,0.1547,0.1741,0.1436,0.1285,0.218,0.2697,0.286,0.2654,0.222,0.182,0.1579,0.1357,0.0829,-0.0502,-0.078,0.1034,0.202,0.234,0.2712,0.3333,0.3682,0.3407,0.2919,0.2504,0.1745,0.1717,0.1671,0.1605,0.1521,0.1421,0.1309,0.1198,0.1108,0.107,0.1122,0.1279,0.148,0.1587,0.1441,0.1419,0.1999,0.246,0.2811,0.2933,0.2389,0.1963,0.1789,0.1793,0.1551,-0.0204,-0.0649,0.2743,0.3244,0.2903,0.2967,0.3582,0.3967,0.3608,0.3049,0.2601,0.167,0.1642,0.1601,0.1547,0.1482,0.1408,0.1333,0.1267,0.1223,0.122,0.1272,0.1376,0.1503,0.16,0.1648,0.1756,0.2013,0.2297,0.2553,0.2575,0.2162,0.1742,0.1681,0.2153,0.3164,0.5195,0.9413,0.8099,0.4742,0.3111,0.2804,0.318,0.3477,0.3285,0.2897,0.2545,0.1616,0.1591,0.1556,0.1514,0.1465,0.1413,0.1365,0.1327,0.131,0.1321,0.1367,0.1445,0.1539,0.1632,0.1721,0.1832,0.1977,0.2119,0.2195,0.2086,0.1661,0.0995,0.0875,0.1934,0.4023,0.8225,1.4161,1.0268,0.3855,0.2037,0.2105,0.2506,0.2778,0.2776,0.2606,0.2396,0.1578,0.1556,0.1528,0.1496,0.1461,0.1426,0.1396,0.1377,0.1374,0.1391,0.1432,0.1494,0.1569,0.1649,0.1733,0.1822,0.1909,0.1971,0.1957,0.178,0.1285,0.0377,0.011,0.1477,0.3571,0.6251,0.8006,0.4442,-0.0763,-0.033,0.1079,0.1863,0.2235,0.2355,0.2325,0.2227,0.1551,0.1533,0.1512,0.1488,0.1464,0.1441,0.1424,0.1416,0.1421,0.1441,0.1477,0.1527,0.1588,0.1655,0.1724,0.179,0.1844,0.1868,0.1828,0.1671,0.1326,0.0839,0.079,0.1649,0.294,0.4097,0.4057,0.149,-0.1443,-0.0821,0.0648,0.1496,0.1904,0.2074,0.2113,0.208]},{"header":{"la1":42.85,"la2":41.18,"lo1":11.55,"lo2":14.05,"nx":36,"ny":24,"dx":0.07143,"dy":0.07261,"parameterCategory":2,"parameterNumber":3,"parameterNumberName":"northward_wind","parameterUnit":"m.s-1"},"data":[-0.2245,-0.234,-0.2416,-0.2473,-0.2506,-0.251,-0.2474,-0.2379,-0.2213,-0.197,-0.1663,-0.1312,-0.0933,-0.0539,-0.0137,0.0266,0.0658,0.1021,0.1334,0.1582,0.176,0.1872,0.1929,0.1943,0.1932,0.1908,0.1881,0.186,0.1846,0.1842,0.1847,0.186,0.188,0.1904,0.1931,0.1961,-0.2507,-0.2634,-0.274,-0.2825,-0.2891,-0.2935,-0.294,-0.2873,-0.2698,-0.2405,-0.2019,-0.1579,-0.1117,-0.0646,-0.0165,0.0322,0.0804,0.1251,0.1627,0.1905,0.2083,0.2174,0.2197,0.2172,0.2118,0.2057,0.2,0.1956,0.1927,0.1912,0.1911,0.1922,0.1941,0.1966,0.1995,0.2026,-0.2807,-0.2975,-0.3115,-0.3232,-0.3338,-0.3446,-0.3537,-0.3542,-0.3372,-0.2996,-0.2477,-0.1904,-0.1334,-0.0772,-0.0203,0.039,0.0998,0.1571,0.2035,0.2336,0.2485,0.253,0.2503,0.2423,0.2316,0.2208,0.2116,0.2046,0.2001,0.1977,0.1972,0.1981,0.2001,0.2029,0.2061,0.2095,-0.3154,-0.3381,-0.3564,-0.3708,-0.3849,-0.4048,-0.4311,-0.4504,-0.4381,-0.3843,-0.3068,-0.2283,-0.1577,-0.0924,-0.0264,0.0457,0.1249,0.2035,0.2643,0.2928,0.2951,0.2891,0.2808,0.2674,0.2508,0.2349,0.2219,0.2125,0.2064,0.2034,0.2027,0.2038,0.2062,0.2094,0.2131,0.2169,-0.3565,-0.3886,-0.4134,-0.4286,-0.4418,-0.4709,-0.5298,-0.598,-0.6039,-0.5107,-0.3797,-0.2678,-0.1824,-0.1108,-0.0383,0.0475,0.1539,0.2729,0.3658,0.383,0.3424,0.3092,0.3006,0.2877,0.267,0.2465,0.23,0.2183,0.2112,0.2078,0.2074,0.2091,0.2123,0.2163,0.2207,0.2251,-0.405,-0.4547,-0.493,-0.5072,-0.5055,-0.5305,-0.6367,-0.8216,-0.8866,-0.6868,-0.4508,-0.2974,-0.2036,-0.134,-0.0622,0.0337,0.1737,0.3663,0.5502,0.5476,0.4026,0.3083,0.3053,0.3016,0.2789,0.2542,0.2345,0.2212,0.2137,0.2108,0.2113,0.2142,0.2186,0.2237,0.2291,0.2343,-0.4587,-0.5414,-0.6156,-0.6356,-0.5884,-0.5628,-0.682,-1.0145,-1.1887,-0.807,-0.4666,-0.2999,-0.218,-0.165,-0.1069,-0.0135,0.1482,0.4136,0.7411,0.7256,0.4966,0.3832,0.3439,0.3203,0.2873,0.2567,0.2342,0.2202,0.2134,0.212,0.2143,0.2192,0.2254,0.2321,0.2387,0.2448,-0.5052,-0.6382,-0.7998,-0.8707,-0.7209,-0.5605,-0.5781,-0.7973,-0.9077,-0.621,-0.378,-0.2704,-0.2284,-0.2093,-0.1834,-0.1115,0.0439,0.2912,0.554,0.6003,0.5926,0.5475,0.431,0.3471,0.2905,0.2518,0.2274,0.2143,0.2097,0.2112,0.2166,0.2243,0.233,0.2418,0.25,0.2572,-0.5187,-0.6867,-0.9585,-1.1683,-0.8429,-0.5152,-0.3931,-0.3951,-0.3824,-0.3005,-0.2427,-0.2299,-0.2427,-0.2711,-0.3077,-0.2805,-0.1185,0.105,0.3184,0.5228,0.8247,0.7605,0.5007,0.3555,0.2785,0.2348,0.2114,0.2019,0.2021,0.2085,0.2186,0.2304,0.2424,0.2538,0.2638,0.2721,-0.4805,-0.6147,-0.8029,-0.9121,-0.6553,-0.3877,-0.2027,-0.1124,-0.0677,-0.0651,-0.1297,-0.2025,-0.2657,-0.3369,-0.4848,-0.5589,-0.277,-0.0212,0.1848,0.4105,0.6755,0.6469,0.446,0.3146,0.2411,0.2009,0.1832,0.1816,0.1901,0.2043,0.2211,0.2383,0.2546,0.2691,0.2811,0.2905,-0.4079,-0.4816,-0.5306,-0.4995,-0.4568,-0.238,0.0067,0.1168,0.0943,0.0808,-0.061,-0.2028,-0.3027,-0.3763,-0.4941,-0.579,-0.2868,-0.0411,0.1234,0.2495,0.3596,0.3757,0.3079,0.2334,0.1774,0.1454,0.139,0.1516,0.174,0.1997,0.2256,0.2499,0.2714,0.2893,0.3033,0.3135,-0.3295,-0.3702,-0.4042,-0.4394,-0.3766,-0.0663,0.2761,0.4641,0.2749,0.0978,-0.0671,-0.2375,-0.3603,-0.4453,-0.431,-0.3664,-0.1866,0.0955,0.2165,0.1993,0.2094,0.215,0.1908,0.1441,0.0904,0.0597,0.0723,0.1112,0.1556,0.1973,0.2349,0.2677,0.2952,0.3168,0.3324,0.3425,-0.2559,-0.2741,-0.2839,-0.2675,-0.1521,0.1151,0.4724,0.7904,0.5742,0.1592,-0.1102,-0.295,-0.403,-0.4841,-0.4638,-0.3969,-0.1836,0.4484,0.5004,0.2155,0.1459,0.1308,0.1128,0.0647,-0.0211,-0.0719,-0.0196,0.0665,0.1411,0.2019,0.2528,0.2954,0.3295,0.3546,0.3709,0.3796,-0.191,-0.1906,-0.1744,-0.125,-0.0141,0.1719,0.411,0.62,0.4876,0.1054,-0.1544,-0.3428,-0.4251,-0.7171,-0.5072,-0.6313,-0.4067,0.1154,0.2761,0.1446,0.0823,0.0646,0.0594,0.0147,-0.1131,-0.1993,-0.0915,0.0428,0.1426,0.2201,0.2846,0.338,0.3793,0.4072,0.4222,0.4267,-0.1379,-0.127,-0.101,-0.0514,0.0289,0.1365,0.2471,0.2959,0.185,-0.0327,-0.1904,-0.2548,-0.3709,-0.4885,-0.4718,-0.6726,-0.2878,-0.1296,0.0408,0.0437,-0.034,-0.0394,0.0121,0.0129,-0.0701,-0.1317,-0.0495,0.0682,0.169,0.257,0.3357,0.4025,0.452,0.4809,0.4906,0.4864,-0.0973,-0.0829,-0.0579,-0.0198,0.0303,0.0839,0.1207,0.1074,0.0148,-0.152,-0.3671,-0.1492,-0.1308,-0.1907,-0.2338,-0.2704,-0.1917,-0.0407,0.0908,0.0007,-0.3139,-0.2443,-0.0332,0.0371,0.0231,0.0063,0.0422,0.1181,0.2116,0.3119,0.4112,0.4984,0.559,0.5848,0.581,0.56,-0.0669,-0.0531,-0.0329,-0.0066,0.0225,0.0469,0.0543,0.0299,-0.0369,-0.1529,-0.3068,-0.1258,0.3539,0.5514,0.1275,0.0387,0.0876,0.2779,0.4164,0.1715,-0.337,-0.2463,0.0021,0.0783,0.068,0.0418,0.0565,0.1332,0.2491,0.3802,0.5163,0.6398,0.717,0.7296,0.6964,0.6462,-0.044,-0.0321,-0.0167,0.001,0.018,0.0295,0.0292,0.0122,-0.022,-0.0625,-0.0626,0.0912,0.5202,0.648,0.4414,0.4426,0.4293,0.7341,1.0941,0.6208,0.2292,0.1169,0.1467,0.1377,0.0515,-0.0799,-0.095,0.0699,0.272,0.4594,0.6521,0.8396,0.9421,0.9182,0.8293,0.7357,-0.0257,-0.0158,-0.004,0.0084,0.0195,0.0267,0.0276,0.0218,0.0133,0.0149,0.0533,0.162,0.333,0.4902,0.8566,1.031,0.6708,0.8079,1.0216,0.8878,0.6047,0.3982,0.3029,0.2082,-0.0044,-0.4157,-0.5037,-0.035,0.3179,0.5521,0.7936,1.0652,1.1983,1.1077,0.9461,0.8083,-0.0104,-0.002,0.0075,0.0173,0.0261,0.033,0.0375,0.0409,0.0478,0.0668,0.1108,0.1906,0.3084,0.4881,0.8096,0.9201,0.7063,0.7706,1.093,1.2358,0.8089,0.5627,0.4428,0.3242,0.0899,-0.4265,-0.5463,0.1635,0.4861,0.664,0.8743,1.1568,1.2973,1.1769,0.9907,0.8403,0.0031,0.0107,0.019,0.0275,0.0359,0.0439,0.0519,0.0615,0.0764,0.1017,0.144,0.2087,0.3,0.4245,0.5657,0.6294,0.6275,0.7145,0.9152,0.9756,0.7835,0.6632,0.601,0.5065,0.4129,0.4644,0.9067,0.8824,0.7776,0.8012,0.8887,1.0448,1.141,1.0772,0.9469,0.8259,0.0155,0.0226,0.0304,0.0387,0.0474,0.0567,0.0672,0.0805,0.099,0.1259,0.1646,0.2177,0.2862,0.3673,0.4468,0.5041,0.5502,0.6207,0.7072,0.7429,0.7399,0.8076,0.8282,0.6997,0.6662,0.937,1.4332,1.2134,1.0145,0.9692,0.9263,0.9391,0.9646,0.9372,0.8659,0.7844,0.0271,0.034,0.0417,0.0501,0.0593,0.0696,0.0819,0.0971,0.1169,0.1432,0.1777,0.2214,0.2739,0.332,0.3893,0.441,0.491,0.5468,0.6045,0.6586,0.7468,0.9249,0.9803,0.8053,0.7506,0.8986,1.0891,1.1205,1.2228,1.1547,0.9961,0.9096,0.8743,0.8418,0.7945,0.7386,0.038,0.0449,0.0526,0.0612,0.0709,0.082,0.0952,0.1111,0.131,0.1558,0.1864,0.2231,0.2653,0.3108,0.3571,0.4027,0.4487,0.4972,0.5494,0.6119,0.7048,0.8255,0.8584,0.7772,0.7489,0.8229,0.9412,1.0861,1.2464,1.1798,1.0101,0.8936,0.8286,0.7842,0.7422,0.6983]}]