docs/data/wind_grid.json
[{"header":{"la1":42.85,"la2":41.18,"lo1":11.55,"lo2":14.05,"nx":36,"ny":24,"dx":0.07143,"dy":0.07261,"parameterCategory":2,"parameterNumber":2,"parameterNumberName":"eastward_wind","parameterUnit":"m.s-1"},"data":[1.3628,1.4011,1.4435,1.4893,1.5369,1.5837,1.6264,1.6623,1.6908,1.7158,1.7449,1.7872,1.8488,1.9279,2.01,2.0679,2.0755,2.0261,1.9359,1.829,1.7237,1.6288,1.547,1.4773,1.4182,1.3676,1.3239,1.2857,1.2519,1.2217,1.1946,1.17,1.1478,1.1275,1.1091,1.0925,1.3654,1.4092,1.4593,1.5153,1.5757,1.6366,1.692,1.7353,1.7632,1.7808,1.8023,1.8459,1.9272,2.0499,2.1938,2.305,2.3229,2.2352,2.0854,1.9243,1.7799,1.6599,1.5625,1.4835,1.4186,1.3645,1.3184,1.2786,1.2436,1.2125,1.1846,1.1594,1.1365,1.1158,1.097,1.0801,1.364,1.4135,1.4724,1.5415,1.62,1.7036,1.782,1.8401,1.8662,1.8657,1.8643,1.8971,1.9958,2.1796,2.4304,2.6471,2.681,2.5098,2.2538,2.0143,1.8232,1.6778,1.567,1.481,1.4124,1.3562,1.3089,1.2682,1.2326,1.2008,1.1724,1.1466,1.1233,1.1021,1.083,1.0658,1.3566,1.4112,1.4791,1.5636,1.6667,1.7862,1.9082,2.0009,2.0278,1.9884,1.9345,1.9316,2.0314,2.2773,2.6787,3.079,3.1333,2.8046,2.3944,2.0679,1.8366,1.6741,1.5565,1.468,1.3987,1.3424,1.2952,1.2545,1.2187,1.1867,1.1578,1.1316,1.1078,1.0863,1.0669,1.0496,1.3414,1.3992,1.4744,1.5738,1.7058,1.8772,2.0792,2.2554,2.2986,2.1779,2.0168,1.9401,2.007,2.2666,2.7645,3.3327,3.4041,2.9259,2.4096,2.0442,1.8042,1.6429,1.5289,1.444,1.3777,1.3235,1.2777,1.2378,1.2023,1.1702,1.141,1.1144,1.0901,1.0682,1.0484,1.0309,1.3165,1.3741,1.4519,1.5603,1.7163,1.9449,2.2675,2.6232,2.7334,2.4432,2.0934,1.912,1.9144,2.1037,2.5001,2.9639,3.0358,2.6555,2.2323,1.9276,1.7247,1.5863,1.4867,1.4112,1.3508,1.3006,1.2571,1.2186,1.1836,1.1516,1.122,1.0948,1.0699,1.0474,1.0273,1.0097,1.2814,1.3341,1.4068,1.5118,1.6708,1.9245,2.3375,2.9085,3.1426,2.6148,2.0811,1.8297,1.7762,1.8637,2.0639,2.2844,2.3341,2.1703,1.9459,1.7578,1.6182,1.5152,1.4363,1.3733,1.3208,1.2754,1.2348,1.1977,1.1632,1.1309,1.1007,1.0726,1.0468,1.0236,1.003,0.9852,1.2368,1.2797,1.3391,1.4251,1.5563,1.7663,2.108,2.5774,2.7561,2.3156,1.8949,1.6909,1.6281,1.6515,1.7258,1.8057,1.8313,1.7812,1.6905,1.5965,1.5141,1.4448,1.3862,1.3356,1.2908,1.25,1.2121,1.1761,1.1416,1.1086,1.0771,1.0476,1.0205,0.9961,0.9749,0.957,1.1851,1.2147,1.2545,1.3106,1.3928,1.5166,1.6935,1.8843,1.9392,1.8097,1.649,1.5431,1.5048,1.5115,1.5363,1.5605,1.57,1.557,1.5247,1.4813,1.4341,1.3876,1.3437,1.3027,1.2639,1.2266,1.1903,1.1546,1.1193,1.0846,1.051,1.0192,0.9899,0.9641,0.942,0.924,1.13,1.1448,1.1629,1.1859,1.2169,1.2623,1.3349,1.4494,1.5882,1.6258,1.5183,1.4387,1.4328,1.4568,1.4669,1.4608,1.4565,1.456,1.4469,1.4222,1.3875,1.3502,1.3136,1.2779,1.2425,1.207,1.1709,1.1342,1.0967,1.059,1.0218,0.9864,0.954,0.926,0.9029,0.8851,1.0753,1.0762,1.0743,1.0676,1.0539,1.0351,1.0371,1.17,1.6423,1.8586,1.4844,1.3679,1.425,1.5135,1.5081,1.447,1.4246,1.4484,1.4559,1.4212,1.3746,1.3337,1.2978,1.2634,1.2285,1.1925,1.155,1.1156,1.0742,1.0314,0.9886,0.9476,0.9107,0.8796,0.8554,0.8382,1.0244,1.0139,0.9964,0.9674,0.9196,0.8435,0.7369,0.6956,1.1524,1.5183,1.3038,1.2809,1.4631,1.7497,1.6639,1.4607,1.4295,1.5617,1.5893,1.4758,1.3866,1.3354,1.2978,1.2614,1.2237,1.1846,1.1437,1.0997,1.0521,1.0014,0.9497,0.9003,0.8567,0.8216,0.7965,0.7811,0.9795,0.9611,0.9339,0.8926,0.8283,0.7253,0.5613,0.3717,0.5608,0.9329,1.0589,1.1674,1.3449,1.8241,1.708,1.3814,1.396,1.8143,1.8254,1.5254,1.4026,1.3578,1.3199,1.2756,1.2296,1.1845,1.1384,1.0879,1.031,0.9682,0.9027,0.8403,0.7868,0.7467,0.7216,0.7102,0.9415,0.9187,0.8873,0.8433,0.7809,0.692,0.5739,0.4638,0.5394,0.7344,0.8617,1.1037,1.1837,1.0453,1.2003,1.1275,1.1489,1.5072,1.6004,1.451,1.4354,1.4351,1.3831,1.3111,1.2468,1.1931,1.1415,1.083,1.0126,0.9307,0.8433,0.7603,0.6923,0.6466,0.6243,0.6216,0.9101,0.8855,0.8537,0.8126,0.7604,0.6969,0.6298,0.5848,0.5836,0.5576,0.5161,0.6331,0.7693,0.6545,0.8776,0.8591,0.7706,1.0113,1.2104,1.3926,1.6416,1.6722,1.512,1.3639,1.2711,1.212,1.1587,1.0912,1.0005,0.8882,0.7647,0.6484,0.5592,0.5088,0.4961,0.5106,0.8846,0.8596,0.829,0.792,0.7484,0.6995,0.6489,0.5965,0.5138,0.3121,-0.0759,0.1112,0.3286,0.566,0.6682,0.7335,0.7476,0.8106,0.9762,1.4744,2.2625,2.1377,1.6586,1.4002,1.2933,1.2485,1.2044,1.1255,1.0021,0.8397,0.6559,0.4843,0.3644,0.3157,0.3275,0.3745,0.8639,0.8392,0.8101,0.7761,0.7371,0.6929,0.6417,0.5742,0.4627,0.2544,-0.0366,0.0967,0.0839,0.0441,0.3929,0.5234,0.5626,0.4988,0.531,1.1985,2.3151,2.1471,1.6051,1.3673,1.3148,1.3294,1.3112,1.2089,1.0284,0.7852,0.5017,0.2378,0.0763,0.0488,0.1146,0.2172,0.8471,0.823,0.7952,0.7632,0.7266,0.6841,0.6327,0.5654,0.4713,0.348,0.2426,0.2027,0.0369,-0.0102,0.1546,0.1867,0.2753,0.0445,-0.3005,0.4432,1.2061,1.4182,1.3182,1.2783,1.3664,1.5125,1.5351,1.3627,1.084,0.7275,0.2945,-0.116,-0.3244,-0.2878,-0.1244,0.0576,0.8335,0.8102,0.7837,0.7534,0.7187,0.6785,0.6306,0.572,0.501,0.4231,0.3531,0.2895,0.2058,0.1131,-0.1892,-0.3268,0.0733,0.0296,-0.1294,0.2144,0.6089,0.9089,1.0518,1.1897,1.4476,1.813,1.8836,1.5363,1.1397,0.6802,0.0822,-0.5089,-0.7508,-0.6059,-0.3245,-0.0644,0.8228,0.8004,0.7752,0.7466,0.7142,0.6772,0.6345,0.5854,0.5303,0.4726,0.4157,0.3562,0.2804,0.1463,-0.129,-0.2099,0.0815,0.1738,0.1258,0.1028,0.4018,0.681,0.8711,1.0807,1.4041,1.8456,1.9332,1.4965,1.1304,0.6729,0.0167,-0.6548,-0.9061,-0.7123,-0.3876,-0.103,0.8146,0.7933,0.7694,0.7427,0.7129,0.6795,0.6422,0.6008,0.5562,0.5096,0.4614,0.4088,0.343,0.2496,0.1412,0.1231,0.2136,0.2637,0.2323,0.2441,0.4185,0.5772,0.7038,0.9087,1.1822,1.3629,1.2674,1.217,1.0687,0.7157,0.1739,-0.3788,-0.6226,-0.5175,-0.2766,-0.0432,0.8085,0.7883,0.766,0.7414,0.7142,0.6844,0.6518,0.6167,0.5795,0.5407,0.5003,0.4569,0.4078,0.3535,0.3089,0.3019,0.3307,0.3563,0.3669,0.4011,0.4616,0.4581,0.4754,0.6947,0.9759,1.1261,1.1117,1.1141,1.0193,0.7665,0.3956,0.0241,-0.1838,-0.1839,-0.065,0.0831,0.8043,0.7854,0.7647,0.7421,0.7175,0.691,0.6626,0.6326,0.6012,0.5688,0.5356,0.5014,0.4666,0.4343,0.4119,0.4076,0.4194,0.4366,0.4547,0.4749,0.4668,0.3697,0.3337,0.5594,0.8382,1.0149,1.0732,1.0564,0.9657,0.7905,0.5541,0.3191,0.162,0.1149,0.1514,0.2277,0.8017,0.7841,0.7649,0.7443,0.7223,0.6988,0.674,0.6482,0.6216,0.5947,0.5677,0.5413,0.5165,0.4958,0.4826,0.4798,0.4864,0.4985,0.512,0.5195,0.5001,0.4435,0.4424,0.5845,0.7733,0.9117,0.9742,0.9693,0.9063,0.7921,0.6442,0.4957,0.3839,0.3291,0.3267,0.3584]},{"header":{"la1":42.85,"la2":41.18,"lo1":11.55,"lo2":14.05,"nx":36,"ny":24,"dx":0.07143,"dy":0.07261,"parameterCategory":2,"parameterNumber":3,"parameterNumberName":"northward_wind","parameterUnit":"m.s-1"},"data":[4.7344,4.7304,4.7248,4.7176,4.709,4.6996,4.6904,4.6822,4.6749,4.6675,4.6576,4.6426,4.6207,4.5927,4.5635,4.541,4.5328,4.54,4.5572,4.5768,4.5934,4.6047,4.6103,4.6107,4.607,4.6001,4.5907,4.5797,4.5677,4.5551,4.5424,4.5299,4.5178,4.5064,4.4957,4.4859,4.7406,4.7359,4.7289,4.7195,4.7078,4.6948,4.6822,4.672,4.6652,4.6602,4.6527,4.6369,4.6084,4.5663,4.5177,4.4791,4.4685,4.4882,4.5237,4.5593,4.5867,4.6041,4.6125,4.6136,4.6094,4.6012,4.5902,4.5775,4.5638,4.5496,4.5354,4.5216,4.5084,4.496,4.4846,4.4743,4.7478,4.7425,4.734,4.7216,4.7052,4.6858,4.6664,4.6518,4.6458,4.6469,4.6467,4.6341,4.5991,4.5366,4.4534,4.382,4.3677,4.4148,4.4839,4.5434,4.5841,4.6076,4.618,4.6189,4.6131,4.6029,4.5897,4.5748,4.5589,4.5428,4.5269,4.5116,4.4972,4.4839,4.4718,4.461,4.7565,4.7509,4.7409,4.725,4.702,4.6718,4.6384,4.6123,4.6063,4.6209,4.6385,4.6373,4.6008,4.5161,4.3822,4.2511,4.2322,4.3318,4.4512,4.5383,4.5908,4.6179,4.6281,4.6269,4.6184,4.6051,4.5889,4.5711,4.5527,4.5343,4.5165,4.4996,4.4839,4.4696,4.4569,4.4456,4.767,4.7619,4.7512,4.7323,4.7012,4.6546,4.5941,4.5385,4.5266,4.5706,4.6266,4.6507,4.6237,4.5314,4.3612,4.1713,4.1475,4.2996,4.4566,4.5577,4.6125,4.6374,4.6436,4.638,4.6249,4.6074,4.5873,4.5661,4.5446,4.5236,4.5037,4.4851,4.4681,4.4528,4.4394,4.4279,4.7797,4.7763,4.7667,4.747,4.71,4.6451,4.5414,4.4183,4.3802,4.4894,4.6177,4.6794,4.6727,4.6009,4.4597,4.2983,4.272,4.3954,4.526,4.6093,4.6515,4.6665,4.6643,4.6514,4.632,4.6089,4.5841,4.5588,4.5339,4.5101,4.4878,4.4674,4.4491,4.433,4.4191,4.4074,4.7944,4.7943,4.7886,4.7728,4.738,4.6668,4.5297,4.319,4.2284,4.439,4.6458,4.7329,4.7426,4.703,4.6263,4.5446,4.5235,4.5747,4.6407,4.6854,4.7044,4.7033,4.6888,4.666,4.6385,4.6087,4.5783,4.5484,4.5197,4.4928,4.4682,4.4459,4.4264,4.4095,4.3953,4.3837,4.8103,4.8151,4.8163,4.8102,4.7897,4.7403,4.6354,4.4642,4.3972,4.5906,4.7572,4.8168,4.8217,4.8022,4.7699,4.7384,4.7274,4.7411,4.7617,4.7715,4.765,4.7445,4.7146,4.6797,4.6425,4.6051,4.5685,4.5336,4.501,4.4709,4.4438,4.4198,4.3991,4.3817,4.3675,4.3563,4.8262,4.8368,4.8466,4.8542,4.8564,4.8486,4.8259,4.8008,4.8288,4.9044,4.9304,4.9148,4.8954,4.8812,4.87,4.8633,4.8655,4.8738,4.876,4.8615,4.8298,4.7869,4.7389,4.6899,4.6421,4.5963,4.5532,4.5132,4.4765,4.4433,4.4138,4.3882,4.3666,4.3489,4.335,4.3247,4.8403,4.8566,4.8751,4.8963,4.9209,4.9506,4.9921,5.0684,5.2012,5.2448,5.1094,4.995,4.9484,4.9378,4.9381,4.9471,4.9707,4.9974,4.999,4.962,4.8988,4.8274,4.7578,4.6933,4.6342,4.5801,4.5306,4.4856,4.4449,4.4086,4.3769,4.3499,4.3276,4.3101,4.2971,4.2883,4.8509,4.8718,4.8973,4.9291,4.9697,5.0219,5.0893,5.1969,5.4749,5.6124,5.2288,5.0242,4.974,4.9816,4.9876,5.0066,5.0722,5.1571,5.1713,5.0889,4.971,4.8597,4.7651,4.6851,4.6157,4.5541,4.4988,4.4491,4.4047,4.3657,4.332,4.3038,4.2813,4.2644,4.2529,4.2463,4.8568,4.8804,4.9099,4.9478,4.9972,5.0606,5.1332,5.1941,5.3214,5.4131,5.1449,4.9906,4.9783,5.0462,5.0324,5.0435,5.1928,5.4419,5.4704,5.2491,5.0302,4.8692,4.7515,4.6599,4.5832,4.5159,4.4558,4.4021,4.3546,4.3132,4.2778,4.2486,4.2261,4.2104,4.2013,4.1981,4.8572,4.8814,4.9116,4.9505,5.0013,5.0677,5.1472,5.2079,5.1821,5.1114,4.9946,4.9472,4.9373,5.056,5.0326,5.0525,5.3025,5.8476,5.8462,5.3525,5.0257,4.831,4.7058,4.6129,4.5344,4.4637,4.3999,4.3431,4.2932,4.2498,4.2128,4.1827,4.1605,4.1467,4.1412,4.1429,4.8521,4.8748,4.9026,4.9373,4.9816,5.0378,5.1044,5.1604,5.1161,4.9708,4.8768,4.9534,4.951,4.4771,4.8348,5.0865,5.3487,5.6016,5.5911,5.2027,4.8968,4.7219,4.6217,4.5439,4.469,4.3964,4.3296,4.2708,4.2195,4.1747,4.1359,4.1045,4.0824,4.0714,4.0712,4.0798,4.8424,4.8619,4.8848,4.9118,4.9433,4.9783,5.0101,5.0143,4.9419,4.7991,4.6943,4.7044,4.6577,4.4965,4.7751,5.3121,5.7687,5.3924,5.1736,4.9017,4.6419,4.5383,4.5085,4.4599,4.3892,4.3129,4.2432,4.1839,4.1333,4.0878,4.0464,4.0118,3.9891,3.9819,3.9897,4.0087,4.829,4.8445,4.8615,4.8795,4.8971,4.9105,4.9105,4.8783,4.7889,4.6259,4.4051,4.5035,4.5682,4.6235,4.79,5.2119,5.5518,5.2215,4.9462,4.6465,4.315,4.3291,4.4022,4.3741,4.2964,4.2109,4.1386,4.0827,4.036,3.9909,3.9444,3.9026,3.8769,3.8755,3.896,3.9302,4.8135,4.8248,4.836,4.8459,4.8524,4.8512,4.8349,4.7925,4.7116,4.5811,4.4261,4.4973,4.546,4.5594,4.7094,4.8864,5.0007,4.9469,4.8384,4.5993,4.2709,4.2924,4.3457,4.2896,4.1867,4.0875,4.0175,3.9712,3.9324,3.8882,3.8322,3.775,3.7426,3.751,3.7921,3.8481,4.7969,4.8045,4.8109,4.8148,4.8142,4.8057,4.7849,4.7471,4.6898,4.6193,4.5663,4.5641,4.5491,4.5493,4.6123,4.6618,4.7643,4.8667,4.9624,4.6999,4.465,4.3695,4.3012,4.1903,4.058,3.9545,3.9004,3.8629,3.8284,3.7863,3.7173,3.6337,3.59,3.6164,3.6878,3.7709,4.7802,4.7848,4.7876,4.7876,4.7831,4.7722,4.7527,4.7233,4.6855,4.6459,4.6162,4.6007,4.5881,4.5704,4.4816,4.4408,4.6222,4.7592,4.808,4.5605,4.4482,4.3353,4.2095,4.0674,3.9306,3.8725,3.8585,3.7719,3.7193,3.6903,3.6195,3.5084,3.4535,3.5036,3.6067,3.7135,4.7639,4.7662,4.7666,4.7642,4.7581,4.747,4.7303,4.7081,4.682,4.6559,4.634,4.6169,4.599,4.565,4.4887,4.467,4.5575,4.5728,4.4093,4.3238,4.3402,4.2068,4.0537,3.9192,3.8041,3.8126,3.8197,3.5931,3.5656,3.5988,3.5671,3.4641,3.4094,3.4667,3.5779,3.6903,4.7485,4.749,4.7477,4.7441,4.7373,4.727,4.7129,4.6955,4.6759,4.6562,4.6377,4.6203,4.6007,4.5738,4.5418,4.5287,4.5293,4.4892,4.3952,4.3252,4.1937,3.9496,3.7837,3.7235,3.616,3.3923,3.0204,3.0963,3.3519,3.5128,3.5569,3.5121,3.4781,3.519,3.6073,3.704,4.7339,4.7332,4.7308,4.7264,4.7195,4.71,4.6978,4.6833,4.6673,4.6506,4.6338,4.6165,4.5973,4.5751,4.5514,4.528,4.4959,4.4375,4.3468,4.2052,3.9145,3.4828,3.3336,3.4854,3.4619,3.1089,2.6542,2.8511,3.2338,3.4651,3.5647,3.5802,3.5786,3.6081,3.669,3.7423,4.7202,4.7185,4.7154,4.7105,4.7036,4.6947,4.6837,4.671,4.6568,4.6416,4.6254,4.6079,4.5883,4.5658,4.5394,4.5062,4.4585,4.385,4.2687,4.0669,3.6911,3.1727,3.0466,3.3427,3.4359,3.2431,3.0236,3.086,3.306,3.4878,3.5921,3.6379,3.6608,3.6904,3.7352,3.7898,4.7072,4.7048,4.7011,4.6959,4.6891,4.6805,4.6702,4.6583,4.645,4.6303,4.6142,4.5961,4.5753,4.5507,4.5202,4.4801,4.4239,4.3414,4.2157,4.0162,3.7114,3.3751,3.2784,3.4236,3.5004,3.4337,3.3457,3.3569,3.4537,3.5619,3.6425,3.6926,3.7259,3.7573,3.7944,3.8372]}]