docs/data/wind_grid.json
[{"header":{"la1":42.85,"la2":41.18,"lo1":11.55,"lo2":14.05,"nx":36,"ny":24,"dx":0.07143,"dy":0.07261,"parameterCategory":2,"parameterNumber":2,"parameterNumberName":"eastward_wind","parameterUnit":"m.s-1"},"data":[-0.3812,-0.388,-0.394,-0.3991,-0.4033,-0.4062,-0.4073,-0.4058,-0.401,-0.3933,-0.3838,-0.3743,-0.3664,-0.361,-0.3584,-0.358,-0.3589,-0.3596,-0.3588,-0.3558,-0.3509,-0.3456,-0.3415,-0.3391,-0.3379,-0.3364,-0.3341,-0.3305,-0.3259,-0.3206,-0.3148,-0.3088,-0.3028,-0.297,-0.2915,-0.2863,-0.3921,-0.4008,-0.4085,-0.4153,-0.4212,-0.4261,-0.4293,-0.4288,-0.4228,-0.4113,-0.3965,-0.3819,-0.3701,-0.3626,-0.3597,-0.3605,-0.3632,-0.3656,-0.365,-0.3597,-0.3504,-0.3408,-0.3352,-0.3345,-0.3361,-0.3371,-0.336,-0.3328,-0.3278,-0.3218,-0.3152,-0.3085,-0.3019,-0.2955,-0.2895,-0.284,-0.4053,-0.4167,-0.4266,-0.4352,-0.4432,-0.4517,-0.4596,-0.4627,-0.4559,-0.438,-0.4138,-0.3904,-0.3725,-0.3621,-0.3591,-0.362,-0.3682,-0.3739,-0.374,-0.3644,-0.3452,-0.3252,-0.3173,-0.3224,-0.3315,-0.3374,-0.3384,-0.3354,-0.3298,-0.3228,-0.3153,-0.3077,-0.3003,-0.2933,-0.2869,-0.281,-0.4217,-0.4373,-0.4503,-0.4604,-0.4702,-0.4837,-0.5017,-0.5158,-0.5106,-0.4804,-0.4379,-0.3993,-0.3721,-0.3577,-0.3548,-0.3614,-0.374,-0.3864,-0.3898,-0.3734,-0.3315,-0.2842,-0.2742,-0.2989,-0.3249,-0.3389,-0.3422,-0.3388,-0.3319,-0.3236,-0.3148,-0.3061,-0.2979,-0.2903,-0.2834,-0.2772,-0.4424,-0.4654,-0.4836,-0.4944,-0.5024,-0.5206,-0.5589,-0.6038,-0.6087,-0.5503,-0.4699,-0.4059,-0.366,-0.3466,-0.3441,-0.3563,-0.3794,-0.4051,-0.4186,-0.3982,-0.314,-0.1942,-0.1911,-0.2692,-0.3235,-0.3454,-0.3487,-0.3432,-0.334,-0.3236,-0.3133,-0.3035,-0.2945,-0.2863,-0.279,-0.2725,-0.4683,-0.5059,-0.5363,-0.547,-0.5425,-0.5549,-0.6232,-0.7448,-0.7876,-0.6557,-0.5008,-0.4028,-0.3497,-0.3249,-0.3222,-0.3413,-0.3803,-0.4282,-0.4619,-0.4544,-0.3488,-0.1326,-0.1447,-0.2776,-0.3436,-0.3615,-0.3586,-0.3481,-0.3352,-0.3224,-0.3104,-0.2994,-0.2897,-0.281,-0.2733,-0.2667,-0.4969,-0.5637,-0.6285,-0.6467,-0.6027,-0.5726,-0.648,-0.8699,-0.9866,-0.7284,-0.4953,-0.378,-0.319,-0.2879,-0.2804,-0.3052,-0.365,-0.4421,-0.4893,-0.4971,-0.5001,-0.3775,-0.3323,-0.3762,-0.3936,-0.3864,-0.3699,-0.3516,-0.3344,-0.3189,-0.3054,-0.2935,-0.2831,-0.2741,-0.2663,-0.2596,-0.5166,-0.6296,-0.7843,-0.8571,-0.7111,-0.565,-0.5719,-0.7207,-0.7938,-0.5924,-0.4164,-0.3279,-0.2754,-0.2315,-0.2017,-0.2232,-0.3132,-0.4298,-0.5115,-0.6023,-0.8161,-0.7991,-0.6205,-0.5119,-0.4518,-0.4097,-0.3768,-0.3506,-0.3295,-0.3121,-0.2976,-0.2852,-0.2746,-0.2655,-0.2577,-0.2511,-0.5014,-0.6431,-0.9246,-1.1662,-0.8027,-0.507,-0.4373,-0.4444,-0.4222,-0.3497,-0.2992,-0.2703,-0.2321,-0.1578,-0.0468,-0.0322,-0.2025,-0.3995,-0.5669,-0.827,-1.3077,-1.2109,-0.8147,-0.5964,-0.4833,-0.4163,-0.3723,-0.3416,-0.3189,-0.3011,-0.2866,-0.2744,-0.2639,-0.2549,-0.2473,-0.2411,-0.4331,-0.5145,-0.6742,-0.7802,-0.4644,-0.3385,-0.3103,-0.2646,-0.1693,-0.1256,-0.1898,-0.2306,-0.2154,-0.1068,0.2301,0.4127,-0.0599,-0.3954,-0.5992,-0.8222,-1.1315,-1.08,-0.7881,-0.5871,-0.4686,-0.3965,-0.3513,-0.322,-0.3014,-0.2855,-0.2722,-0.2607,-0.2507,-0.2421,-0.235,-0.2293,-0.3397,-0.3151,-0.1825,0.2037,0.1609,-0.1493,-0.2382,-0.1976,0.0169,0.1298,-0.1171,-0.2262,-0.2476,-0.1861,0.1512,0.4108,-0.154,-0.5338,-0.7068,-0.762,-0.8053,-0.7683,-0.6393,-0.5088,-0.4113,-0.3481,-0.312,-0.2916,-0.2777,-0.2659,-0.2548,-0.2444,-0.2351,-0.227,-0.2204,-0.2154,-0.2699,-0.2032,-0.0383,0.2268,0.1713,-0.1233,-0.258,-0.2939,-0.1246,-0.0109,-0.1616,-0.2584,-0.3087,-0.3676,-0.2545,-0.2314,-0.4984,-0.9715,-1.1033,-0.8695,-0.7053,-0.6044,-0.5076,-0.4096,-0.3248,-0.2727,-0.2557,-0.253,-0.25,-0.2437,-0.2351,-0.2257,-0.2168,-0.2092,-0.2033,-0.1993,-0.2382,-0.185,-0.1001,-0.024,-0.0634,-0.1853,-0.2891,-0.4867,-0.2354,-0.1903,-0.2331,-0.3133,-0.3391,-0.3529,-0.2699,-0.3915,-0.6923,-1.8034,-1.8511,-1.0081,-0.6586,-0.5016,-0.4039,-0.3143,-0.2226,-0.1744,-0.1899,-0.2137,-0.223,-0.2213,-0.214,-0.2045,-0.1954,-0.188,-0.183,-0.1804,-0.2298,-0.1984,-0.1632,-0.1446,-0.1648,-0.2098,-0.2436,-0.2081,-0.1987,-0.2074,-0.2414,-0.3733,-0.4067,-0.2264,-0.3215,-0.4101,-0.5643,-1.1765,-1.323,-0.8186,-0.5152,-0.3745,-0.3067,-0.242,-0.1484,-0.0979,-0.1448,-0.1871,-0.2018,-0.2004,-0.1915,-0.1801,-0.1697,-0.1623,-0.1586,-0.1582,-0.2297,-0.212,-0.1963,-0.19,-0.1971,-0.211,-0.2183,-0.2097,-0.1928,-0.1695,-0.1609,-0.211,-0.2378,-0.2063,-0.3237,-0.4219,-0.6804,-0.6459,-0.6459,-0.4572,-0.2438,-0.178,-0.1993,-0.1987,-0.1564,-0.1259,-0.1532,-0.1808,-0.188,-0.181,-0.1667,-0.1506,-0.1373,-0.1298,-0.1285,-0.1318,-0.2307,-0.2198,-0.2109,-0.2062,-0.2061,-0.2072,-0.2038,-0.1909,-0.1624,-0.0997,0.0228,-0.0904,-0.1288,-0.1794,-0.276,-0.437,-0.5897,-0.4671,-0.3507,-0.1611,0.1402,0.0859,-0.0909,-0.1626,-0.1753,-0.1734,-0.1802,-0.1853,-0.1788,-0.1614,-0.1371,-0.1122,-0.0941,-0.0873,-0.091,-0.1008,-0.2308,-0.2231,-0.2163,-0.2113,-0.2073,-0.2024,-0.1934,-0.1762,-0.1437,-0.0816,0.0106,-0.0391,0.0451,0.0934,-0.1508,-0.2716,-0.3098,-0.2214,-0.106,-0.0261,0.206,0.1361,-0.0523,-0.1419,-0.1806,-0.1988,-0.2042,-0.1949,-0.1727,-0.1401,-0.0996,-0.059,-0.033,-0.0303,-0.0448,-0.0657,-0.23,-0.2237,-0.2176,-0.2119,-0.206,-0.1984,-0.1873,-0.1701,-0.1437,-0.1072,-0.0725,-0.0421,0.0873,0.1144,-0.0572,-0.1131,-0.1307,0.028,0.2272,0.0379,0.0116,-0.0093,-0.0806,-0.1439,-0.1958,-0.2392,-0.249,-0.2172,-0.1707,-0.1172,-0.0525,0.0153,0.053,0.0428,0.0075,-0.0298,-0.2286,-0.2229,-0.2171,-0.2111,-0.2043,-0.1959,-0.1848,-0.1697,-0.1501,-0.1267,-0.1023,-0.0727,-0.0324,-0.0196,0.0225,0.0546,-0.0447,0.0349,0.1291,-0.0059,-0.0458,-0.0652,-0.0984,-0.1475,-0.2194,-0.3164,-0.3369,-0.2488,-0.1675,-0.0938,-0.0042,0.1,0.1512,0.1161,0.0531,-0.001,-0.2269,-0.2216,-0.216,-0.2099,-0.203,-0.1947,-0.1845,-0.1719,-0.1568,-0.1399,-0.1216,-0.1016,-0.0802,-0.0542,0.0052,0.025,-0.041,-0.044,-0.0662,-0.0892,-0.0658,-0.064,-0.081,-0.1276,-0.2094,-0.3272,-0.3525,-0.2345,-0.146,-0.0692,0.0213,0.1346,0.1895,0.1428,0.0705,0.0119,-0.2252,-0.2202,-0.2148,-0.2089,-0.2021,-0.1944,-0.1853,-0.1747,-0.1628,-0.1497,-0.1357,-0.121,-0.1048,-0.0849,-0.0613,-0.0553,-0.069,-0.0727,-0.075,-0.0741,-0.0481,-0.0114,-0.0089,-0.0666,-0.1492,-0.2096,-0.2059,-0.1719,-0.0967,-0.0306,0.0241,0.0906,0.1289,0.1044,0.0539,0.0068,-0.2236,-0.2189,-0.2137,-0.208,-0.2017,-0.1946,-0.1866,-0.1776,-0.1678,-0.1573,-0.1462,-0.1346,-0.1223,-0.1093,-0.0975,-0.0916,-0.0898,-0.0846,-0.0736,-0.05,0.013,0.1262,0.1571,0.0371,-0.0823,-0.1511,-0.1887,-0.1335,0.011,0.0577,0.0487,0.053,0.0621,0.0511,0.0233,-0.0085,-0.2222,-0.2177,-0.2128,-0.2075,-0.2016,-0.1952,-0.1881,-0.1803,-0.172,-0.1632,-0.1541,-0.1447,-0.135,-0.1254,-0.1167,-0.1094,-0.1019,-0.0904,-0.0701,-0.0282,0.067,0.2362,0.2853,0.1133,-0.0287,-0.0936,-0.0974,0.0274,0.2308,0.1946,0.0989,0.0502,0.031,0.0162,-0.0031,-0.0253,-0.2209,-0.2167,-0.2121,-0.2071,-0.2017,-0.1958,-0.1895,-0.1827,-0.1755,-0.168,-0.1602,-0.1522,-0.1441,-0.136,-0.128,-0.1196,-0.1095,-0.0948,-0.0706,-0.0271,0.0508,0.1531,0.1769,0.0832,-0.0081,-0.0444,-0.0145,0.113,0.2609,0.2185,0.115,0.0503,0.0168,-0.0039,-0.0219,-0.0398]},{"header":{"la1":42.85,"la2":41.18,"lo1":11.55,"lo2":14.05,"nx":36,"ny":24,"dx":0.07143,"dy":0.07261,"parameterCategory":2,"parameterNumber":3,"parameterNumberName":"northward_wind","parameterUnit":"m.s-1"},"data":[-0.6167,-0.6146,-0.6104,-0.6038,-0.5948,-0.5838,-0.5711,-0.5568,-0.541,-0.5232,-0.5025,-0.4784,-0.4501,-0.4176,-0.3811,-0.3415,-0.3003,-0.2598,-0.2224,-0.1903,-0.1658,-0.1506,-0.1459,-0.1509,-0.1632,-0.1794,-0.1969,-0.214,-0.23,-0.2444,-0.2574,-0.2689,-0.2793,-0.2885,-0.2968,-0.3043,-0.6325,-0.6313,-0.6274,-0.6204,-0.6103,-0.5977,-0.5833,-0.5678,-0.5516,-0.5338,-0.5129,-0.4876,-0.4567,-0.4199,-0.3771,-0.3293,-0.2784,-0.2275,-0.1807,-0.1409,-0.1104,-0.0924,-0.0898,-0.102,-0.1238,-0.1492,-0.1742,-0.197,-0.2171,-0.2346,-0.2497,-0.2629,-0.2745,-0.2847,-0.2937,-0.3018,-0.6504,-0.6505,-0.6472,-0.6396,-0.6276,-0.612,-0.5944,-0.5768,-0.5603,-0.5439,-0.5244,-0.4991,-0.4662,-0.4249,-0.3749,-0.3166,-0.2522,-0.1869,-0.1275,-0.0783,-0.0396,-0.0156,-0.0161,-0.0415,-0.0792,-0.1178,-0.1523,-0.1815,-0.2059,-0.2263,-0.2435,-0.2581,-0.2708,-0.2818,-0.2915,-0.3001,-0.6707,-0.6732,-0.6711,-0.6627,-0.6475,-0.6263,-0.602,-0.5793,-0.5627,-0.5508,-0.5364,-0.5133,-0.4794,-0.4341,-0.3763,-0.305,-0.2215,-0.1336,-0.0569,-0.0006,0.0468,0.0861,0.0818,0.0306,-0.0329,-0.0889,-0.1339,-0.1693,-0.1975,-0.2203,-0.2391,-0.2549,-0.2684,-0.2801,-0.2903,-0.2993,-0.6938,-0.7006,-0.7013,-0.6926,-0.6726,-0.6415,-0.6028,-0.5661,-0.5479,-0.5489,-0.5478,-0.531,-0.4977,-0.4494,-0.3846,-0.2987,-0.1878,-0.0597,0.0484,0.0974,0.1353,0.2086,0.1992,0.1004,0.0036,-0.0691,-0.1224,-0.1622,-0.1928,-0.2171,-0.2369,-0.2534,-0.2675,-0.2796,-0.2902,-0.2995,-0.7196,-0.7338,-0.7413,-0.7343,-0.7078,-0.6621,-0.5971,-0.5228,-0.494,-0.5314,-0.5605,-0.554,-0.5223,-0.4731,-0.4047,-0.3071,-0.1635,0.0364,0.2309,0.2461,0.1894,0.2682,0.2534,0.1229,0.0125,-0.0654,-0.1208,-0.1616,-0.1927,-0.2172,-0.2372,-0.2539,-0.2682,-0.2806,-0.2914,-0.3009,-0.7462,-0.7731,-0.7959,-0.7964,-0.7612,-0.6986,-0.6071,-0.4738,-0.4141,-0.5204,-0.5874,-0.5867,-0.5542,-0.5063,-0.4417,-0.344,-0.1827,0.0845,0.4236,0.4081,0.2013,0.1796,0.1593,0.0756,-0.0106,-0.0785,-0.1293,-0.1675,-0.1969,-0.2204,-0.2398,-0.2563,-0.2705,-0.283,-0.2939,-0.3035,-0.7684,-0.8125,-0.8665,-0.8899,-0.8344,-0.7543,-0.6728,-0.5651,-0.5175,-0.6061,-0.6515,-0.6329,-0.5918,-0.5476,-0.4979,-0.4185,-0.2734,-0.0403,0.2178,0.2429,0.1775,0.1471,0.0868,0.0188,-0.0472,-0.1023,-0.1453,-0.1785,-0.2048,-0.2263,-0.2445,-0.2604,-0.2745,-0.2869,-0.2979,-0.3075,-0.7773,-0.8311,-0.9211,-0.9926,-0.8889,-0.8001,-0.7672,-0.754,-0.769,-0.7917,-0.757,-0.6887,-0.6287,-0.5915,-0.5756,-0.5337,-0.4045,-0.2231,-0.0477,0.0896,0.2616,0.2244,0.0723,-0.0222,-0.0846,-0.1306,-0.1656,-0.1928,-0.2149,-0.2339,-0.2508,-0.2661,-0.28,-0.2926,-0.3036,-0.3132,-0.7675,-0.8051,-0.8598,-0.8933,-0.8178,-0.8057,-0.8442,-0.9186,-1.0409,-1.0679,-0.8966,-0.7398,-0.6537,-0.6244,-0.6738,-0.7076,-0.5193,-0.3432,-0.1938,-0.028,0.1567,0.1412,0.014,-0.0713,-0.1245,-0.161,-0.1875,-0.2082,-0.226,-0.2424,-0.2581,-0.2732,-0.2873,-0.3002,-0.3114,-0.321,-0.7478,-0.7582,-0.739,-0.6495,-0.6672,-0.7933,-0.9055,-1.0309,-1.3248,-1.4857,-1.0139,-0.7566,-0.6566,-0.6283,-0.6706,-0.7154,-0.5246,-0.3894,-0.2903,-0.1804,-0.0782,-0.0515,-0.087,-0.1307,-0.1661,-0.1918,-0.2095,-0.2232,-0.2365,-0.2509,-0.2662,-0.2818,-0.2968,-0.3104,-0.322,-0.3314,-0.7314,-0.7316,-0.7055,-0.6466,-0.6736,-0.8203,-0.9773,-1.1028,-1.1714,-1.2476,-0.9262,-0.7174,-0.641,-0.6167,-0.6232,-0.5318,-0.4381,-0.3947,-0.3583,-0.2774,-0.2014,-0.162,-0.1597,-0.1786,-0.2038,-0.2224,-0.2306,-0.2362,-0.2452,-0.2585,-0.2749,-0.2925,-0.3095,-0.3244,-0.3365,-0.3456,-0.7216,-0.7254,-0.7212,-0.7191,-0.7586,-0.8583,-1.0051,-1.3605,-0.9378,-0.9154,-0.7796,-0.6369,-0.6151,-0.6722,-0.6663,-0.3846,-0.3201,-0.4348,-0.4361,-0.3118,-0.2329,-0.192,-0.1849,-0.2037,-0.2369,-0.2566,-0.2512,-0.2456,-0.2507,-0.265,-0.2848,-0.3066,-0.3273,-0.3444,-0.3569,-0.3649,-0.7151,-0.724,-0.7334,-0.7504,-0.7869,-0.8455,-0.9001,-0.8298,-0.821,-0.8169,-0.728,-0.5517,-0.5202,-0.8301,-0.4496,-0.0017,-0.0976,-0.3101,-0.3532,-0.2678,-0.1894,-0.1543,-0.1652,-0.2039,-0.2601,-0.2887,-0.2644,-0.2472,-0.2513,-0.2702,-0.2974,-0.3272,-0.3541,-0.3742,-0.3863,-0.3914,-0.7083,-0.7196,-0.7332,-0.752,-0.7789,-0.8108,-0.8336,-0.8294,-0.8162,-0.8041,-0.7883,-0.7411,-0.721,-0.7959,-0.3762,0.0941,-0.0233,-0.1787,-0.234,-0.1614,-0.0389,-0.0233,-0.0981,-0.1727,-0.2361,-0.2657,-0.2471,-0.2339,-0.2447,-0.2747,-0.3163,-0.3603,-0.3971,-0.4204,-0.4294,-0.428,-0.6998,-0.7113,-0.7245,-0.7405,-0.759,-0.7777,-0.791,-0.7958,-0.8016,-0.8366,-0.9352,-0.9507,-0.8509,-0.7071,-0.4744,-0.2125,-0.1153,-0.1922,-0.1894,-0.0284,0.307,0.2317,-0.0065,-0.1246,-0.177,-0.196,-0.1942,-0.1993,-0.2279,-0.2797,-0.3474,-0.417,-0.4698,-0.494,-0.4928,-0.4771,-0.6898,-0.7002,-0.7116,-0.7241,-0.7372,-0.7495,-0.7596,-0.7689,-0.7864,-0.8336,-0.9173,-0.8995,-0.9209,-0.9114,-0.604,-0.4052,-0.2993,-0.2463,-0.1851,-0.0284,0.3576,0.2622,0.0051,-0.0985,-0.1196,-0.1097,-0.1071,-0.136,-0.197,-0.2865,-0.4003,-0.5172,-0.5954,-0.6113,-0.5827,-0.5394,-0.6787,-0.6876,-0.697,-0.7066,-0.7162,-0.7251,-0.7336,-0.7434,-0.7593,-0.7863,-0.8142,-0.8288,-0.9129,-0.9083,-0.6587,-0.5261,-0.3935,-0.2358,-0.1231,-0.1604,-0.0467,-0.0192,-0.0808,-0.1003,-0.0551,0.024,0.0431,-0.0342,-0.15,-0.2939,-0.4824,-0.6875,-0.8052,-0.7847,-0.6965,-0.6078,-0.6671,-0.6744,-0.6819,-0.6892,-0.6963,-0.7029,-0.7094,-0.7169,-0.7268,-0.7391,-0.7495,-0.7565,-0.7615,-0.718,-0.6588,-0.6521,-0.4723,-0.2993,-0.2275,-0.3378,-0.2725,-0.2022,-0.1675,-0.1121,0.0164,0.2242,0.2704,0.0813,-0.0991,-0.293,-0.5717,-0.9133,-1.0817,-0.9788,-0.8018,-0.6621,-0.6552,-0.6611,-0.6669,-0.6723,-0.6774,-0.682,-0.6863,-0.6906,-0.695,-0.6986,-0.6991,-0.694,-0.6785,-0.6488,-0.6369,-0.6237,-0.502,-0.4174,-0.5051,-0.5748,-0.3992,-0.3019,-0.2379,-0.1457,0.0171,0.2603,0.314,0.0941,-0.0689,-0.2605,-0.5763,-1.002,-1.2013,-1.0486,-0.8315,-0.6742,-0.6434,-0.648,-0.6523,-0.6562,-0.6595,-0.6622,-0.6643,-0.6656,-0.6659,-0.6642,-0.6589,-0.6482,-0.6304,-0.6072,-0.5847,-0.5508,-0.4918,-0.4529,-0.4789,-0.4896,-0.4189,-0.3716,-0.3245,-0.2209,-0.072,0.048,0.0433,0.0186,-0.0423,-0.175,-0.4315,-0.7767,-0.965,-0.8979,-0.7529,-0.6331,-0.6318,-0.6353,-0.6383,-0.6408,-0.6426,-0.6437,-0.6438,-0.6428,-0.6402,-0.6352,-0.6269,-0.6142,-0.5966,-0.5748,-0.5494,-0.5176,-0.4809,-0.4534,-0.4443,-0.4375,-0.4338,-0.4719,-0.4724,-0.3328,-0.1596,-0.0378,-0.0005,0.0091,0.037,-0.0263,-0.2216,-0.469,-0.6354,-0.6648,-0.6186,-0.5588,-0.6206,-0.623,-0.6249,-0.6262,-0.6267,-0.6264,-0.625,-0.6222,-0.6177,-0.6108,-0.6011,-0.5878,-0.5709,-0.5504,-0.5266,-0.4997,-0.4721,-0.4491,-0.4346,-0.4311,-0.4575,-0.5482,-0.5798,-0.4119,-0.2235,-0.0907,-0.0161,0.0737,0.2298,0.1618,-0.0509,-0.2615,-0.4108,-0.4813,-0.4943,-0.4807,-0.6098,-0.6113,-0.6123,-0.6125,-0.612,-0.6105,-0.6079,-0.6039,-0.5981,-0.5903,-0.5799,-0.5668,-0.5507,-0.5319,-0.5106,-0.4877,-0.4648,-0.4448,-0.4307,-0.4273,-0.4464,-0.4919,-0.4935,-0.3883,-0.2508,-0.1342,-0.034,0.1044,0.2556,0.1918,0.0058,-0.1662,-0.292,-0.3683,-0.4049,-0.4165]}]