docs/data/wind_grid.json
[{"header":{"la1":42.85,"la2":41.18,"lo1":11.55,"lo2":14.05,"nx":36,"ny":24,"dx":0.07143,"dy":0.07261,"parameterCategory":2,"parameterNumber":2,"parameterNumberName":"eastward_wind","parameterUnit":"m.s-1"},"data":[-0.6472,-0.6547,-0.6619,-0.6687,-0.6747,-0.679,-0.6799,-0.676,-0.6663,-0.6513,-0.6332,-0.6154,-0.601,-0.5921,-0.5896,-0.5932,-0.6011,-0.6106,-0.6183,-0.6217,-0.6195,-0.6123,-0.6015,-0.5889,-0.5758,-0.563,-0.5512,-0.5404,-0.5308,-0.5222,-0.5145,-0.5077,-0.5016,-0.4962,-0.4914,-0.487,-0.6618,-0.6712,-0.6809,-0.6909,-0.7009,-0.7098,-0.7151,-0.7133,-0.7016,-0.6802,-0.6532,-0.6265,-0.6054,-0.5934,-0.5917,-0.5997,-0.6149,-0.6326,-0.6469,-0.6531,-0.6495,-0.6378,-0.6214,-0.6035,-0.586,-0.5699,-0.5555,-0.5429,-0.532,-0.5224,-0.5141,-0.5068,-0.5004,-0.4948,-0.4897,-0.4853,-0.6778,-0.6895,-0.702,-0.716,-0.7318,-0.7489,-0.7634,-0.768,-0.7549,-0.723,-0.6802,-0.6386,-0.6071,-0.5904,-0.5899,-0.6052,-0.6328,-0.6653,-0.6914,-0.7013,-0.693,-0.6721,-0.646,-0.62,-0.5966,-0.5763,-0.5591,-0.5446,-0.5324,-0.522,-0.5131,-0.5054,-0.4987,-0.4929,-0.4877,-0.4832,-0.6954,-0.7096,-0.7249,-0.7432,-0.7666,-0.7969,-0.8302,-0.8521,-0.8409,-0.7895,-0.7175,-0.6506,-0.6031,-0.5797,-0.5811,-0.6075,-0.6561,-0.7158,-0.7642,-0.7785,-0.7571,-0.7171,-0.6747,-0.6372,-0.6063,-0.5814,-0.5613,-0.545,-0.5317,-0.5206,-0.5112,-0.5033,-0.4964,-0.4905,-0.4853,-0.4807,-0.7152,-0.7319,-0.7496,-0.7711,-0.8021,-0.8506,-0.9195,-0.9855,-0.9875,-0.8954,-0.7657,-0.6577,-0.5884,-0.5563,-0.5598,-0.601,-0.6825,-0.7933,-0.8876,-0.9046,-0.8485,-0.7711,-0.7037,-0.6519,-0.6131,-0.5839,-0.5613,-0.5437,-0.5296,-0.5181,-0.5085,-0.5004,-0.4935,-0.4876,-0.4823,-0.4778,-0.7383,-0.7582,-0.7775,-0.7991,-0.8323,-0.8968,-1.0181,-1.1831,-1.2326,-1.0465,-0.8102,-0.6477,-0.5555,-0.5139,-0.5174,-0.5732,-0.697,-0.8936,-1.0816,-1.0913,-0.9563,-0.8205,-0.7243,-0.6595,-0.6147,-0.5824,-0.5585,-0.5403,-0.5259,-0.5144,-0.5049,-0.4969,-0.4901,-0.4841,-0.479,-0.4745,-0.7663,-0.7919,-0.8135,-0.831,-0.8538,-0.9112,-1.0604,-1.3431,-1.4786,-1.1442,-0.7967,-0.6009,-0.4972,-0.4465,-0.4428,-0.5034,-0.6587,-0.9378,-1.2418,-1.2339,-1.0119,-0.8347,-0.7249,-0.6555,-0.609,-0.5763,-0.5525,-0.5346,-0.5207,-0.5096,-0.5004,-0.4927,-0.486,-0.4802,-0.4751,-0.4707,-0.8009,-0.8382,-0.8685,-0.8822,-0.8792,-0.8883,-0.9675,-1.1589,-1.2383,-0.9488,-0.6679,-0.5096,-0.4152,-0.3512,-0.3215,-0.3674,-0.528,-0.7974,-1.0686,-1.0894,-0.9327,-0.7945,-0.7018,-0.6394,-0.5961,-0.5654,-0.5433,-0.5268,-0.5141,-0.5039,-0.4953,-0.4879,-0.4814,-0.4758,-0.4708,-0.4665,-0.841,-0.9014,-0.9592,-0.9855,-0.9496,-0.8757,-0.8227,-0.7963,-0.7218,-0.5808,-0.4736,-0.3991,-0.3254,-0.2345,-0.1284,-0.1276,-0.3286,-0.5889,-0.7831,-0.8445,-0.8026,-0.7318,-0.6668,-0.6156,-0.5778,-0.5508,-0.5316,-0.5175,-0.5066,-0.4975,-0.4897,-0.4827,-0.4764,-0.4708,-0.4659,-0.4617,-0.8791,-0.9744,-1.0929,-1.1847,-1.1235,-0.9274,-0.7501,-0.5736,-0.3381,-0.2211,-0.2883,-0.3059,-0.2535,-0.1348,0.1467,0.2853,-0.1453,-0.5107,-0.7034,-0.7628,-0.7427,-0.6904,-0.6351,-0.5894,-0.5562,-0.5337,-0.5185,-0.5076,-0.4989,-0.4912,-0.484,-0.4773,-0.4711,-0.4654,-0.4605,-0.4563,-0.899,-1.0239,-1.2132,-1.4312,-1.373,-1.0098,-0.7672,-0.5438,-0.0342,0.2036,-0.1654,-0.2545,-0.2099,-0.1191,0.1197,0.2931,-0.2339,-0.6787,-0.8722,-0.8551,-0.7656,-0.6773,-0.6088,-0.5617,-0.5325,-0.5157,-0.5057,-0.4985,-0.492,-0.4854,-0.4787,-0.4718,-0.4652,-0.4593,-0.4542,-0.45,-0.8851,-1.0057,-1.1864,-1.389,-1.3221,-0.9918,-0.8565,-0.8242,-0.4129,-0.078,-0.2329,-0.2468,-0.1745,-0.0753,-0.101,-0.2277,-0.6312,-1.2373,-1.3876,-1.0868,-0.8247,-0.666,-0.5766,-0.5298,-0.5084,-0.5,-0.4958,-0.4918,-0.487,-0.481,-0.4739,-0.4662,-0.4587,-0.4521,-0.4466,-0.4425,-0.8393,-0.9248,-1.0275,-1.0987,-1.0359,-0.9094,-0.93,-1.0866,-0.8939,-0.4982,-0.331,-0.2485,-0.1829,-0.0439,-0.1099,-0.4182,-0.9726,-2.1265,-2.1457,-1.2747,-0.8215,-0.6125,-0.5227,-0.4932,-0.491,-0.4937,-0.4921,-0.4891,-0.4848,-0.4784,-0.4698,-0.4602,-0.4509,-0.443,-0.4371,-0.4333,-0.7785,-0.8276,-0.8719,-0.8871,-0.8573,-0.8288,-0.8738,-0.9708,-0.8534,-0.5346,-0.3425,-0.2344,-0.207,-0.2034,-0.2843,-0.6255,-1.0754,-1.634,-1.6697,-1.0529,-0.648,-0.473,-0.4333,-0.4527,-0.4867,-0.4994,-0.4936,-0.4901,-0.4862,-0.4782,-0.4663,-0.4528,-0.4402,-0.4305,-0.4244,-0.4214,-0.718,-0.743,-0.7598,-0.7605,-0.7463,-0.7355,-0.7425,-0.7334,-0.621,-0.4374,-0.3171,-0.2726,-0.2436,-0.2045,-0.3834,-1.0082,-1.6269,-1.1651,-0.9299,-0.594,-0.2861,-0.2143,-0.2967,-0.3948,-0.4668,-0.4917,-0.4937,-0.4967,-0.4937,-0.4814,-0.4625,-0.4416,-0.4237,-0.4119,-0.4065,-0.4057,-0.6645,-0.6754,-0.6795,-0.6742,-0.6608,-0.6435,-0.6199,-0.5704,-0.4731,-0.3445,-0.2358,-0.2923,-0.2858,-0.2822,-0.4153,-0.8908,-1.3245,-0.8746,-0.53,-0.197,0.2126,0.1358,-0.1451,-0.327,-0.4331,-0.4856,-0.5115,-0.5217,-0.5134,-0.4894,-0.4561,-0.4219,-0.3959,-0.3827,-0.3808,-0.3853,-0.619,-0.6216,-0.6187,-0.609,-0.5924,-0.5685,-0.5337,-0.4803,-0.4047,-0.3165,-0.2435,-0.269,-0.2869,-0.2884,-0.3055,-0.431,-0.5289,-0.3807,-0.1969,-0.0335,0.291,0.1972,-0.0979,-0.3033,-0.4453,-0.5398,-0.5857,-0.5848,-0.5525,-0.5024,-0.4424,-0.3847,-0.3467,-0.3364,-0.3448,-0.3599,-0.5808,-0.5782,-0.571,-0.5582,-0.5392,-0.5129,-0.4775,-0.4313,-0.3761,-0.3212,-0.2829,-0.2687,-0.2671,-0.2389,-0.0417,0.0353,-0.095,-0.0408,0.0722,0.0264,0.0538,0.0051,-0.1516,-0.3367,-0.5273,-0.6924,-0.7499,-0.6965,-0.611,-0.5182,-0.4157,-0.3178,-0.2644,-0.2687,-0.3001,-0.3325,-0.5487,-0.5428,-0.533,-0.5184,-0.4985,-0.4727,-0.4403,-0.4017,-0.3591,-0.3176,-0.281,-0.2448,-0.1884,-0.0204,0.5135,0.7239,0.1928,0.0651,0.117,0.175,0.0781,-0.0409,-0.1836,-0.3785,-0.6409,-0.9289,-0.9917,-0.8251,-0.6722,-0.535,-0.3823,-0.2272,-0.1578,-0.1947,-0.2594,-0.3107,-0.5218,-0.5139,-0.5025,-0.4872,-0.4675,-0.4432,-0.4142,-0.381,-0.345,-0.3075,-0.2673,-0.2157,-0.1263,0.073,0.4659,0.5856,0.2398,0.1414,0.3464,0.4563,0.1745,-0.003,-0.1526,-0.3647,-0.663,-0.9819,-1.0458,-0.8716,-0.7113,-0.5562,-0.3801,-0.1913,-0.1127,-0.1685,-0.2475,-0.305,-0.4993,-0.4901,-0.478,-0.4626,-0.4437,-0.4211,-0.3949,-0.3654,-0.333,-0.2974,-0.2559,-0.2013,-0.1184,0.012,0.1667,0.2126,0.1377,0.129,0.2433,0.2844,0.1593,0.0784,-0.0189,-0.2501,-0.5703,-0.8475,-0.9881,-0.9111,-0.7291,-0.5773,-0.4306,-0.2776,-0.2007,-0.2236,-0.2757,-0.319,-0.4804,-0.4706,-0.4582,-0.4431,-0.4251,-0.4042,-0.3803,-0.3536,-0.3239,-0.2905,-0.2514,-0.2026,-0.1392,-0.0617,0.0106,0.0446,0.0463,0.0633,0.1076,0.1353,0.1669,0.2935,0.3067,-0.023,-0.4436,-0.8116,-1.0789,-0.9346,-0.6775,-0.5676,-0.4828,-0.3864,-0.3211,-0.3081,-0.3237,-0.3449,-0.4646,-0.4545,-0.4422,-0.4276,-0.4107,-0.3913,-0.3694,-0.3451,-0.318,-0.2876,-0.2529,-0.2122,-0.1653,-0.1152,-0.0707,-0.0406,-0.021,0.0017,0.0347,0.0852,0.2088,0.4775,0.561,0.1518,-0.3088,-0.642,-0.8018,-0.6958,-0.5345,-0.5269,-0.5021,-0.4463,-0.3969,-0.3718,-0.3667,-0.3714,-0.4514,-0.4412,-0.4293,-0.4154,-0.3995,-0.3815,-0.3615,-0.3393,-0.3149,-0.2879,-0.2579,-0.2247,-0.189,-0.153,-0.1205,-0.094,-0.0714,-0.0472,-0.0141,0.0421,0.1527,0.3148,0.3351,0.0775,-0.2459,-0.4843,-0.593,-0.5681,-0.5133,-0.5141,-0.5014,-0.467,-0.432,-0.4079,-0.3958,-0.392]},{"header":{"la1":42.85,"la2":41.18,"lo1":11.55,"lo2":14.05,"nx":36,"ny":24,"dx":0.07143,"dy":0.07261,"parameterCategory":2,"parameterNumber":3,"parameterNumberName":"northward_wind","parameterUnit":"m.s-1"},"data":[-0.8214,-0.8172,-0.8115,-0.8043,-0.7958,-0.7864,-0.7771,-0.7687,-0.7616,-0.7554,-0.7485,-0.7391,-0.7258,-0.7076,-0.6847,-0.6581,-0.6296,-0.6023,-0.5794,-0.5631,-0.5544,-0.552,-0.5542,-0.559,-0.565,-0.5713,-0.5777,-0.5839,-0.5901,-0.5963,-0.6025,-0.6087,-0.6148,-0.621,-0.627,-0.6328,-0.8282,-0.8236,-0.817,-0.8081,-0.7971,-0.7846,-0.7722,-0.7619,-0.7553,-0.7517,-0.7484,-0.7418,-0.7292,-0.7091,-0.6813,-0.6471,-0.609,-0.5719,-0.5416,-0.5226,-0.5158,-0.5184,-0.5265,-0.5366,-0.5468,-0.5563,-0.5651,-0.5732,-0.5809,-0.5884,-0.5957,-0.603,-0.6103,-0.6174,-0.6243,-0.6309,-0.8356,-0.8308,-0.8232,-0.8122,-0.7973,-0.7791,-0.7603,-0.7456,-0.7394,-0.7413,-0.7457,-0.7453,-0.7352,-0.7135,-0.6797,-0.6347,-0.5816,-0.528,-0.4853,-0.4631,-0.4622,-0.4752,-0.4935,-0.5117,-0.5275,-0.5409,-0.5523,-0.5623,-0.5716,-0.5805,-0.5891,-0.5976,-0.606,-0.6142,-0.6221,-0.6296,-0.844,-0.8392,-0.8308,-0.8173,-0.797,-0.7692,-0.7371,-0.7108,-0.7036,-0.7176,-0.7386,-0.7504,-0.7458,-0.7233,-0.6824,-0.6227,-0.5458,-0.4626,-0.3967,-0.3715,-0.3863,-0.4206,-0.4562,-0.4857,-0.5084,-0.5258,-0.5397,-0.5516,-0.5623,-0.5726,-0.5826,-0.5925,-0.6022,-0.6116,-0.6206,-0.6292,-0.8532,-0.849,-0.8406,-0.8255,-0.7992,-0.7568,-0.6981,-0.6411,-0.6267,-0.6691,-0.7259,-0.7598,-0.7639,-0.7417,-0.694,-0.6166,-0.5042,-0.3661,-0.2518,-0.2267,-0.2819,-0.3572,-0.4187,-0.4618,-0.4911,-0.5119,-0.5277,-0.541,-0.5532,-0.5648,-0.5764,-0.5878,-0.599,-0.6098,-0.6201,-0.6298,-0.8628,-0.8599,-0.8531,-0.8388,-0.8094,-0.7516,-0.6498,-0.5193,-0.4758,-0.5884,-0.7161,-0.7806,-0.7935,-0.7725,-0.7211,-0.6288,-0.4739,-0.245,-0.03,-0.0167,-0.1614,-0.3002,-0.3903,-0.4443,-0.4776,-0.4998,-0.5164,-0.5307,-0.544,-0.5572,-0.5704,-0.5836,-0.5966,-0.6091,-0.6209,-0.6318,-0.872,-0.8707,-0.867,-0.8579,-0.8345,-0.7756,-0.642,-0.4119,-0.307,-0.5376,-0.7444,-0.8251,-0.8378,-0.8181,-0.7709,-0.6776,-0.4992,-0.1896,0.1507,0.1422,-0.1004,-0.2823,-0.3826,-0.437,-0.4685,-0.4893,-0.5054,-0.5199,-0.5345,-0.5494,-0.5648,-0.5803,-0.5955,-0.61,-0.6234,-0.6356,-0.8792,-0.8784,-0.8772,-0.8765,-0.8718,-0.8434,-0.7524,-0.5742,-0.4978,-0.6991,-0.8563,-0.8994,-0.8942,-0.877,-0.8484,-0.7766,-0.6159,-0.3407,-0.0456,-0.0221,-0.1904,-0.3238,-0.3982,-0.4384,-0.4621,-0.4787,-0.4932,-0.508,-0.5241,-0.5414,-0.5596,-0.578,-0.596,-0.6129,-0.6283,-0.6419,-0.8833,-0.8791,-0.874,-0.8767,-0.8977,-0.9269,-0.9363,-0.9267,-0.9588,-1.0289,-1.0331,-0.9889,-0.9501,-0.9409,-0.9607,-0.9349,-0.7846,-0.5725,-0.3878,-0.3188,-0.3466,-0.3908,-0.4218,-0.4408,-0.4537,-0.4651,-0.478,-0.4937,-0.5123,-0.5331,-0.5552,-0.5774,-0.5989,-0.6188,-0.6364,-0.6516,-0.885,-0.8721,-0.8483,-0.8288,-0.8686,-0.9777,-1.0904,-1.2087,-1.3714,-1.4164,-1.2316,-1.0649,-0.9856,-0.9865,-1.1088,-1.1776,-0.9273,-0.7028,-0.5586,-0.4783,-0.4448,-0.435,-0.4334,-0.4345,-0.438,-0.445,-0.4574,-0.4756,-0.4984,-0.5245,-0.5521,-0.5795,-0.6055,-0.629,-0.6491,-0.6657,-0.8883,-0.8668,-0.816,-0.7384,-0.7729,-0.9965,-1.1994,-1.3733,-1.7148,-1.8871,-1.3802,-1.0914,-0.9875,-0.9775,-1.0889,-1.1834,-0.9078,-0.7028,-0.5905,-0.5202,-0.4713,-0.4399,-0.4221,-0.4133,-0.4107,-0.4153,-0.4293,-0.4526,-0.4825,-0.5163,-0.5515,-0.5859,-0.6177,-0.6454,-0.6682,-0.6859,-0.8979,-0.8794,-0.8326,-0.7606,-0.8095,-1.0681,-1.301,-1.4311,-1.5605,-1.6446,-1.2882,-1.0517,-0.9694,-0.9706,-0.95,-0.8882,-0.7443,-0.6174,-0.5597,-0.504,-0.4479,-0.4077,-0.3861,-0.3764,-0.3717,-0.3745,-0.3926,-0.425,-0.4657,-0.5102,-0.5557,-0.5993,-0.6384,-0.6711,-0.6963,-0.7142,-0.9133,-0.9092,-0.8979,-0.8989,-0.9802,-1.1652,-1.3678,-1.5022,-1.4449,-1.3128,-1.1273,-0.9976,-0.948,-0.9755,-0.929,-0.741,-0.5774,-0.5612,-0.5533,-0.4607,-0.3813,-0.3355,-0.3247,-0.3295,-0.3291,-0.3284,-0.3519,-0.3968,-0.451,-0.5092,-0.5681,-0.6238,-0.6723,-0.7105,-0.7373,-0.7536,-0.9283,-0.938,-0.9531,-0.9879,-1.0641,-1.185,-1.3227,-1.4273,-1.3717,-1.1885,-1.0429,-0.9809,-0.958,-0.8179,-0.771,-0.4752,-0.2233,-0.3953,-0.4503,-0.3495,-0.2391,-0.1963,-0.2286,-0.2798,-0.3037,-0.3013,-0.3247,-0.3774,-0.4436,-0.5173,-0.5938,-0.6661,-0.7267,-0.7705,-0.7965,-0.8076,-0.9375,-0.9542,-0.9783,-1.016,-1.0727,-1.1452,-1.216,-1.2487,-1.1939,-1.0826,-1.002,-0.9542,-0.856,-0.7048,-0.6471,0.0636,0.8303,0.0405,-0.2341,-0.141,0.072,0.0841,-0.076,-0.2147,-0.2847,-0.3021,-0.321,-0.3698,-0.4446,-0.5379,-0.6398,-0.7368,-0.8138,-0.8618,-0.8814,-0.8803,-0.9396,-0.9576,-0.981,-1.0116,-1.0492,-1.0885,-1.1172,-1.1168,-1.0765,-1.0212,-1.0014,-0.9977,-0.9451,-0.8234,-0.6363,-0.0342,0.5015,0.0016,-0.1875,0.0849,0.6869,0.5517,0.1008,-0.1377,-0.2351,-0.2709,-0.2975,-0.3516,-0.4453,-0.5716,-0.7157,-0.8532,-0.9537,-1.0006,-1.0012,-0.9751,-0.9355,-0.9518,-0.971,-0.9932,-1.0166,-1.0367,-1.0466,-1.0396,-1.0169,-0.9954,-0.9958,-0.995,-1.0819,-1.1075,-0.7794,-0.4795,-0.2977,-0.3637,-0.3821,-0.0066,0.7598,0.5963,0.1139,-0.1075,-0.1724,-0.1778,-0.2009,-0.2865,-0.4303,-0.6172,-0.8341,-1.043,-1.1782,-1.2076,-1.1624,-1.0904,-0.9272,-0.9406,-0.9553,-0.9705,-0.9845,-0.9945,-0.9973,-0.9912,-0.9793,-0.97,-0.9697,-0.989,-1.1038,-1.1117,-0.8556,-0.7099,-0.5917,-0.6275,-0.7445,-0.4106,-0.0107,0.07,-0.0601,-0.1324,-0.0893,0.0234,0.0309,-0.1463,-0.393,-0.6717,-1.002,-1.3365,-1.5212,-1.4916,-1.3553,-1.2128,-0.9163,-0.9267,-0.9374,-0.9474,-0.9556,-0.9602,-0.9601,-0.9551,-0.9474,-0.9406,-0.9381,-0.9445,-0.9578,-0.9211,-0.87,-0.868,-0.7073,-0.6612,-0.689,-0.5465,-0.3752,-0.2569,-0.2235,-0.1724,0.0091,0.3672,0.4406,0.0218,-0.3664,-0.7269,-1.1801,-1.6925,-1.9335,-1.7873,-1.5265,-1.3096,-0.9041,-0.9119,-0.9193,-0.9256,-0.93,-0.9316,-0.9298,-0.9249,-0.9179,-0.9102,-0.9028,-0.8949,-0.8809,-0.8546,-0.8492,-0.8395,-0.7207,-0.6344,-0.5962,-0.5891,-0.493,-0.396,-0.3312,-0.2402,-0.0283,0.4033,0.4995,-0.0614,-0.4279,-0.7653,-1.2374,-1.8317,-2.1004,-1.8919,-1.5807,-1.3397,-0.8915,-0.8971,-0.9019,-0.9055,-0.9074,-0.9069,-0.9039,-0.8983,-0.8906,-0.8813,-0.8701,-0.8559,-0.8368,-0.8139,-0.7927,-0.7581,-0.6912,-0.6255,-0.5873,-0.5655,-0.5117,-0.4572,-0.4137,-0.3464,-0.244,-0.1995,-0.4133,-0.4671,-0.5741,-0.7875,-1.1178,-1.5538,-1.7917,-1.6927,-1.4785,-1.2896,-0.879,-0.8827,-0.8856,-0.8872,-0.8872,-0.8852,-0.881,-0.8747,-0.8661,-0.8554,-0.8422,-0.8257,-0.8055,-0.7816,-0.7538,-0.7174,-0.67,-0.6217,-0.5829,-0.55,-0.5138,-0.4902,-0.4786,-0.4416,-0.415,-0.4983,-0.6736,-0.6465,-0.7328,-0.8347,-0.98,-1.2089,-1.378,-1.3878,-1.2991,-1.19,-0.8668,-0.8691,-0.8704,-0.8705,-0.8691,-0.8659,-0.8609,-0.8538,-0.8445,-0.833,-0.8189,-0.8019,-0.7815,-0.7576,-0.7297,-0.6965,-0.6585,-0.6196,-0.5836,-0.5499,-0.5185,-0.5007,-0.4992,-0.4873,-0.4918,-0.5493,-0.6335,-0.7532,-0.9353,-0.9215,-0.9224,-1.0151,-1.1145,-1.1538,-1.1334,-1.0832,-0.8553,-0.8563,-0.8564,-0.8553,-0.8529,-0.8488,-0.8431,-0.8354,-0.8258,-0.8139,-0.7997,-0.7828,-0.763,-0.7402,-0.7142,-0.6848,-0.6528,-0.62,-0.5881,-0.5575,-0.5298,-0.5106,-0.5053,-0.5098,-0.5312,-0.5823,-0.6693,-0.8184,-0.9612,-0.9356,-0.8985,-0.9256,-0.9759,-1.0086,-1.0118,-0.9927]}]