docs/data/wind_grid.json
[{"header":{"la1":42.22,"la2":41.45,"lo1":11.9,"lo2":12.97,"nx":16,"ny":12,"dx":0.07133,"dy":0.07,"parameterCategory":2,"parameterNumber":2,"parameterNumberName":"eastward_wind","parameterUnit":"m.s-1"},"data":[3.3531,3.3999,3.4613,3.5266,3.5337,3.4397,3.3243,3.2477,3.202,3.162,3.1169,3.072,3.0357,3.0116,2.9984,2.9923,3.3667,3.4226,3.5099,3.6526,3.7176,3.5257,3.3357,3.2528,3.2251,3.1855,3.1196,3.0544,3.007,2.9817,2.9728,2.9718,3.37,3.4248,3.5003,3.657,3.763,3.5053,3.3008,3.2539,3.2997,3.2494,3.1231,3.0247,2.9647,2.9433,2.9443,2.9506,3.3645,3.4204,3.4718,3.4946,3.4874,3.3462,3.2337,3.2293,3.453,3.3171,3.0945,2.977,2.917,2.9075,2.9197,2.9319,3.3465,3.4083,3.4837,3.4699,3.3412,3.23,3.2042,3.2058,3.0549,3.086,2.9925,2.9067,2.8954,2.898,2.9054,2.9173,3.3091,3.3527,3.3926,3.3557,3.2387,3.1533,3.1395,3.1023,2.8451,2.928,2.8584,2.7426,2.8164,2.8716,2.8897,2.9036,3.2595,3.2746,3.2719,3.228,3.1616,3.1189,3.0213,2.9604,2.902,2.8962,2.7699,2.5971,2.7382,2.8346,2.8699,2.8892,3.2117,3.2091,3.1917,3.1577,3.1309,3.1809,3.0255,2.9075,2.8431,2.8563,2.8095,2.7441,2.7838,2.8292,2.8539,2.8747,3.1724,3.1623,3.1429,3.117,3.0974,3.0907,2.9973,2.7638,2.6364,2.8017,2.8358,2.8239,2.8215,2.8203,2.8355,2.8611,3.142,3.1292,3.1103,3.0867,3.0605,3.0234,2.9441,2.8087,2.7481,2.8143,2.8487,2.8455,2.823,2.8038,2.8231,2.8542,3.1187,3.1051,3.0869,3.0642,3.0362,2.9982,2.9434,2.8809,2.8488,2.8568,2.8664,2.8593,2.8378,2.8229,2.8355,2.8602,3.1008,3.0873,3.0701,3.049,3.0234,2.992,2.9551,2.9196,2.8972,2.8896,2.8859,2.877,2.8632,2.8548,2.8603,2.8751]},{"header":{"la1":42.22,"la2":41.45,"lo1":11.9,"lo2":12.97,"nx":16,"ny":12,"dx":0.07133,"dy":0.07,"parameterCategory":2,"parameterNumber":3,"parameterNumberName":"northward_wind","parameterUnit":"m.s-1"},"data":[-0.3986,-0.5122,-0.6762,-0.8587,-0.8666,-0.5526,-0.1385,0.1777,0.3702,0.4641,0.4997,0.5135,0.5206,0.5199,0.5084,0.4881,-0.4207,-0.5545,-0.7977,-1.226,-1.4214,-0.805,-0.1167,0.3105,0.5395,0.608,0.5969,0.585,0.5863,0.5825,0.5609,0.5272,-0.4088,-0.5184,-0.7168,-1.221,-1.5596,-0.7337,0.0496,0.5169,0.8196,0.8122,0.6945,0.6502,0.6585,0.6575,0.6182,0.564,-0.3755,-0.4423,-0.4881,-0.6034,-0.6986,-0.2433,0.2923,0.6594,1.1449,0.9807,0.7468,0.6981,0.7323,0.7389,0.6678,0.5882,-0.3359,-0.3895,-0.4256,-0.4221,-0.299,0.0381,0.4724,0.6712,0.8754,0.821,0.7382,0.7463,0.7578,0.7588,0.6742,0.5839,-0.2899,-0.3314,-0.3613,-0.331,-0.2088,-0.01,0.3368,0.5839,0.9044,0.6864,0.7732,0.9456,0.8119,0.7068,0.6222,0.5421,-0.2411,-0.2653,-0.2772,-0.2727,-0.2995,-0.3834,-0.1908,0.134,0.4108,0.5099,0.8214,1.2002,0.8781,0.6343,0.5238,0.4634,-0.1981,-0.2152,-0.233,-0.2745,-0.4218,-0.8405,-0.4843,-0.1645,0.1042,0.3153,0.5894,0.7884,0.6317,0.4274,0.3553,0.35,-0.1628,-0.1783,-0.2015,-0.2515,-0.362,-0.504,-0.359,-0.154,-0.1544,0.1214,0.3466,0.4186,0.2598,0.0849,0.1353,0.226,-0.1323,-0.1456,-0.1651,-0.1975,-0.242,-0.26,-0.193,-0.1135,-0.0684,0.0803,0.2188,0.2317,0.0547,-0.0979,0.0122,0.1468,-0.1045,-0.1139,-0.1259,-0.1405,-0.1518,-0.1431,-0.1038,-0.0515,0.0078,0.0921,0.1658,0.1677,0.0734,-0.0044,0.046,0.1349,-0.0788,-0.084,-0.089,-0.0925,-0.0899,-0.0751,-0.0451,-0.0039,0.0456,0.1011,0.1454,0.1541,0.1234,0.0958,0.1118,0.1546]}]