docs/data/wind_grid.json
[{"header":{"la1":42.85,"la2":41.18,"lo1":11.55,"lo2":14.05,"nx":36,"ny":24,"dx":0.07143,"dy":0.07261,"parameterCategory":2,"parameterNumber":2,"parameterNumberName":"eastward_wind","parameterUnit":"m.s-1"},"data":[-0.4731,-0.4846,-0.4964,-0.5081,-0.5193,-0.5286,-0.5344,-0.5347,-0.5285,-0.5164,-0.5009,-0.4854,-0.4732,-0.4666,-0.4663,-0.4718,-0.481,-0.4906,-0.4966,-0.4961,-0.4876,-0.4722,-0.4523,-0.4303,-0.4082,-0.3873,-0.3684,-0.3515,-0.3369,-0.3242,-0.3132,-0.3039,-0.2959,-0.289,-0.2831,-0.2781,-0.4866,-0.5006,-0.5156,-0.5316,-0.548,-0.5632,-0.5745,-0.5778,-0.5702,-0.5521,-0.5278,-0.5037,-0.4856,-0.4768,-0.4784,-0.4898,-0.5079,-0.5273,-0.5408,-0.5425,-0.5307,-0.508,-0.4794,-0.4493,-0.4205,-0.3946,-0.372,-0.3526,-0.3362,-0.3224,-0.3108,-0.301,-0.2928,-0.2859,-0.28,-0.2751,-0.5005,-0.5173,-0.536,-0.5572,-0.5811,-0.6064,-0.6285,-0.6395,-0.6311,-0.6025,-0.5626,-0.524,-0.4962,-0.4839,-0.4886,-0.5094,-0.5426,-0.5796,-0.6067,-0.6118,-0.5921,-0.5555,-0.5123,-0.4702,-0.4326,-0.4006,-0.374,-0.352,-0.334,-0.3193,-0.3071,-0.2972,-0.2889,-0.2821,-0.2764,-0.2717,-0.5147,-0.5342,-0.5567,-0.5837,-0.6175,-0.6586,-0.7022,-0.7322,-0.7262,-0.6779,-0.6084,-0.5448,-0.5022,-0.4851,-0.494,-0.5288,-0.5869,-0.6567,-0.7109,-0.7201,-0.6812,-0.617,-0.55,-0.491,-0.4425,-0.4039,-0.3733,-0.3491,-0.3298,-0.3145,-0.3022,-0.2923,-0.2843,-0.2777,-0.2723,-0.2679,-0.529,-0.5511,-0.5766,-0.6087,-0.653,-0.7163,-0.7993,-0.8762,-0.8839,-0.7937,-0.6657,-0.5615,-0.4991,-0.4763,-0.4904,-0.5431,-0.6391,-0.77,-0.8814,-0.8934,-0.8066,-0.6898,-0.5868,-0.507,-0.4472,-0.4025,-0.3687,-0.343,-0.3233,-0.3079,-0.2959,-0.2864,-0.2788,-0.2727,-0.2678,-0.2638,-0.5439,-0.5682,-0.5954,-0.6295,-0.6799,-0.7646,-0.906,-1.0857,-1.1405,-0.9545,-0.7195,-0.5619,-0.4798,-0.4531,-0.4724,-0.5418,-0.682,-0.9115,-1.1414,-1.1463,-0.9535,-0.7546,-0.61,-0.5112,-0.4429,-0.3944,-0.3593,-0.3335,-0.3141,-0.2994,-0.2882,-0.2795,-0.2726,-0.2672,-0.2629,-0.2595,-0.5603,-0.5874,-0.6153,-0.6464,-0.6912,-0.7765,-0.9532,-1.2533,-1.3918,-1.0598,-0.7164,-0.5266,-0.4381,-0.4135,-0.4375,-0.5126,-0.6726,-0.9811,-1.3516,-1.3382,-1.027,-0.7674,-0.6019,-0.4966,-0.4266,-0.3785,-0.3446,-0.3203,-0.3025,-0.2892,-0.2793,-0.2717,-0.2659,-0.2614,-0.2579,-0.255,-0.5792,-0.6121,-0.643,-0.6683,-0.6933,-0.7421,-0.8599,-1.0736,-1.1592,-0.8815,-0.6046,-0.4475,-0.3737,-0.3609,-0.3939,-0.4617,-0.5882,-0.8325,-1.13,-1.1403,-0.9076,-0.6973,-0.5554,-0.4616,-0.3984,-0.3551,-0.3251,-0.3039,-0.2888,-0.2777,-0.2696,-0.2635,-0.2589,-0.2555,-0.2528,-0.2507,-0.6005,-0.6455,-0.6892,-0.7165,-0.7152,-0.7042,-0.7148,-0.7378,-0.6993,-0.5729,-0.4438,-0.3452,-0.2918,-0.3021,-0.3707,-0.4358,-0.4974,-0.6194,-0.756,-0.7855,-0.6986,-0.5836,-0.4859,-0.413,-0.3615,-0.3262,-0.3022,-0.2856,-0.2739,-0.2656,-0.2595,-0.2552,-0.252,-0.2497,-0.2479,-0.2466,-0.6201,-0.6843,-0.7598,-0.8179,-0.7956,-0.7127,-0.644,-0.5674,-0.4488,-0.3645,-0.3189,-0.2442,-0.1888,-0.2236,-0.4141,-0.5208,-0.4675,-0.5244,-0.5941,-0.6056,-0.5589,-0.4863,-0.4159,-0.3601,-0.321,-0.2953,-0.2786,-0.2672,-0.2592,-0.2537,-0.2498,-0.2473,-0.2456,-0.2444,-0.2436,-0.243,-0.6286,-0.7099,-0.8245,-0.9477,-0.9206,-0.7538,-0.6603,-0.5641,-0.3278,-0.2234,-0.2507,-0.1502,-0.046,-0.0349,-0.299,-0.4998,-0.4474,-0.5687,-0.6435,-0.5989,-0.5082,-0.4214,-0.3541,-0.3087,-0.282,-0.2672,-0.2581,-0.2513,-0.2462,-0.243,-0.2411,-0.2403,-0.24,-0.2399,-0.24,-0.24,-0.6164,-0.6961,-0.8075,-0.9247,-0.8955,-0.7571,-0.7478,-0.7735,-0.5255,-0.3094,-0.2235,-0.0625,0.1144,0.2931,0.1656,-0.1653,-0.4667,-0.8859,-0.9817,-0.7247,-0.5018,-0.3669,-0.2934,-0.2604,-0.2517,-0.2507,-0.2467,-0.2406,-0.2362,-0.2342,-0.2341,-0.2348,-0.2357,-0.2367,-0.2375,-0.238,-0.5838,-0.6437,-0.7134,-0.7649,-0.7495,-0.7273,-0.8216,-0.9929,-0.8213,-0.4466,-0.1884,0.0048,0.1546,0.4202,0.3531,-0.0601,-0.5623,-1.5565,-1.5748,-0.834,-0.453,-0.2826,-0.2194,-0.2165,-0.2432,-0.2605,-0.2508,-0.2364,-0.2291,-0.2277,-0.229,-0.2312,-0.2333,-0.235,-0.2362,-0.2371,-0.5401,-0.5786,-0.6157,-0.6387,-0.6444,-0.6686,-0.7559,-0.8715,-0.7525,-0.406,-0.1497,0.0422,0.1115,0.2687,0.1406,-0.1173,-0.4579,-1.05,-1.1255,-0.601,-0.2631,-0.1264,-0.1151,-0.1702,-0.2543,-0.2922,-0.2609,-0.2325,-0.2229,-0.2231,-0.2265,-0.2301,-0.233,-0.235,-0.2364,-0.2373,-0.4944,-0.5175,-0.5372,-0.5499,-0.5587,-0.5759,-0.6061,-0.6077,-0.4892,-0.2862,-0.1442,-0.0646,0.0447,0.1027,0.0317,-0.2392,-0.4552,-0.4343,-0.402,-0.1612,0.0869,0.1334,0.0349,-0.0916,-0.2095,-0.2606,-0.2386,-0.2187,-0.2162,-0.2213,-0.2274,-0.2321,-0.2351,-0.2369,-0.238,-0.2387,-0.4512,-0.464,-0.4735,-0.4783,-0.4794,-0.4776,-0.4659,-0.4214,-0.3226,-0.1985,-0.1204,-0.2307,-0.132,0.0024,-0.0292,-0.1942,-0.3408,-0.1865,-0.0241,0.2089,0.5404,0.4653,0.1975,0.0099,-0.1115,-0.1725,-0.1903,-0.1998,-0.2125,-0.2248,-0.2333,-0.2375,-0.239,-0.2397,-0.2403,-0.2408,-0.412,-0.4175,-0.4198,-0.4176,-0.4101,-0.3951,-0.3669,-0.317,-0.2443,-0.168,-0.1217,-0.1456,-0.1065,-0.0697,-0.0172,-0.0198,-0.0075,0.1379,0.2918,0.3829,0.6146,0.5286,0.2609,0.0718,-0.0481,-0.117,-0.1576,-0.1908,-0.2191,-0.2375,-0.2449,-0.2447,-0.2423,-0.2416,-0.2423,-0.2431,-0.3769,-0.3773,-0.3742,-0.3667,-0.3535,-0.3326,-0.3012,-0.2577,-0.2056,-0.1564,-0.1234,-0.1005,-0.0761,-0.0471,0.0929,0.1773,0.2201,0.445,0.6437,0.5065,0.458,0.3853,0.2359,0.0822,-0.0345,-0.0969,-0.1372,-0.1945,-0.2425,-0.2633,-0.2613,-0.2482,-0.2387,-0.2386,-0.2424,-0.2453,-0.3459,-0.3425,-0.3358,-0.3249,-0.3087,-0.2861,-0.2563,-0.2195,-0.1788,-0.1394,-0.104,-0.0678,-0.0206,0.0807,0.3393,0.4383,0.3426,0.5051,0.6597,0.6923,0.537,0.3767,0.2284,0.0747,-0.0506,-0.0693,-0.0757,-0.2131,-0.2969,-0.3086,-0.2812,-0.2408,-0.2218,-0.2295,-0.2414,-0.248,-0.3188,-0.3128,-0.3037,-0.2908,-0.2734,-0.2511,-0.2236,-0.1916,-0.1567,-0.1205,-0.0828,-0.0386,0.0249,0.1396,0.3289,0.3981,0.3684,0.5249,0.8929,1.0475,0.6631,0.4299,0.2667,0.0828,-0.0928,-0.1016,-0.0944,-0.3582,-0.4183,-0.3839,-0.3153,-0.2395,-0.2106,-0.2268,-0.2449,-0.2532,-0.2953,-0.2875,-0.2769,-0.263,-0.2455,-0.224,-0.1986,-0.1697,-0.138,-0.1037,-0.0655,-0.0196,0.0414,0.1259,0.2222,0.2851,0.3438,0.4893,0.7247,0.799,0.6244,0.5115,0.4008,0.159,-0.1605,-0.4827,-0.8717,-0.8025,-0.6047,-0.4909,-0.3873,-0.2913,-0.2475,-0.2499,-0.2594,-0.263,-0.2749,-0.2659,-0.2545,-0.2403,-0.223,-0.2026,-0.179,-0.1524,-0.1229,-0.0904,-0.0538,-0.0108,0.0414,0.1033,0.1684,0.2296,0.3,0.4006,0.5116,0.5675,0.6021,0.7445,0.7588,0.3719,-0.1471,-0.7132,-1.2455,-1.0135,-0.7199,-0.6078,-0.4886,-0.3794,-0.3154,-0.291,-0.2821,-0.2759,-0.2573,-0.2477,-0.2359,-0.2217,-0.2049,-0.1855,-0.1634,-0.1387,-0.1113,-0.081,-0.0471,-0.0084,0.0357,0.0848,0.137,0.1916,0.2529,0.3244,0.3995,0.4796,0.6335,0.9548,1.0545,0.5559,-0.036,-0.5271,-0.8214,-0.7947,-0.7726,-0.7183,-0.5755,-0.4509,-0.3714,-0.3277,-0.3036,-0.2882,-0.2422,-0.2322,-0.2204,-0.2064,-0.1903,-0.1719,-0.1513,-0.1283,-0.103,-0.075,-0.0442,-0.0099,0.0279,0.0689,0.1127,0.1593,0.21,0.2661,0.3293,0.4128,0.5543,0.753,0.7758,0.4499,0.0195,-0.3377,-0.5649,-0.6859,-0.7755,-0.7287,-0.5945,-0.4777,-0.3983,-0.3484,-0.3171,-0.2964]},{"header":{"la1":42.85,"la2":41.18,"lo1":11.55,"lo2":14.05,"nx":36,"ny":24,"dx":0.07143,"dy":0.07261,"parameterCategory":2,"parameterNumber":3,"parameterNumberName":"northward_wind","parameterUnit":"m.s-1"},"data":[-0.2401,-0.2372,-0.2337,-0.2298,-0.2254,-0.2212,-0.2181,-0.2169,-0.2185,-0.2227,-0.2283,-0.2338,-0.2379,-0.2396,-0.2389,-0.2361,-0.2318,-0.2267,-0.2218,-0.2177,-0.2146,-0.2127,-0.2116,-0.2112,-0.2114,-0.2121,-0.2131,-0.2146,-0.2165,-0.2188,-0.2213,-0.2241,-0.2271,-0.2303,-0.2334,-0.2365,-0.2374,-0.2338,-0.2293,-0.2238,-0.2172,-0.2102,-0.2041,-0.2012,-0.2034,-0.2107,-0.2208,-0.2307,-0.2379,-0.2412,-0.2406,-0.2367,-0.2306,-0.2235,-0.2169,-0.2118,-0.2086,-0.207,-0.2065,-0.2066,-0.2073,-0.2084,-0.2098,-0.2117,-0.2141,-0.2168,-0.2199,-0.2232,-0.2267,-0.2304,-0.234,-0.2376,-0.234,-0.2296,-0.2241,-0.2168,-0.2069,-0.1947,-0.1825,-0.1751,-0.1775,-0.1906,-0.2092,-0.2267,-0.2389,-0.2445,-0.2439,-0.2382,-0.229,-0.2185,-0.2092,-0.203,-0.2002,-0.1997,-0.2003,-0.2014,-0.2027,-0.2043,-0.2063,-0.2087,-0.2115,-0.2148,-0.2185,-0.2224,-0.2266,-0.2308,-0.235,-0.2391,-0.2296,-0.2246,-0.2182,-0.209,-0.1948,-0.1742,-0.1493,-0.1302,-0.131,-0.1557,-0.1915,-0.2226,-0.2424,-0.2509,-0.2498,-0.2412,-0.2269,-0.2103,-0.1963,-0.1891,-0.1883,-0.1905,-0.1933,-0.1957,-0.1979,-0.2,-0.2025,-0.2055,-0.2089,-0.2128,-0.2172,-0.2219,-0.2268,-0.2318,-0.2367,-0.2413,-0.2235,-0.2179,-0.2113,-0.2013,-0.1833,-0.1506,-0.1011,-0.0514,-0.0436,-0.0955,-0.1672,-0.2211,-0.2509,-0.2621,-0.26,-0.247,-0.2247,-0.1969,-0.174,-0.1666,-0.1719,-0.1799,-0.1859,-0.1899,-0.1928,-0.1956,-0.1986,-0.2021,-0.2062,-0.2109,-0.2162,-0.2218,-0.2276,-0.2334,-0.2391,-0.2444,-0.2145,-0.2077,-0.2016,-0.1937,-0.1762,-0.1334,-0.0456,0.0757,0.1151,-0.0042,-0.1458,-0.23,-0.2682,-0.2805,-0.2769,-0.2591,-0.2258,-0.179,-0.1382,-0.1336,-0.153,-0.1698,-0.1792,-0.1843,-0.1878,-0.191,-0.1945,-0.1987,-0.2036,-0.2092,-0.2155,-0.2222,-0.2291,-0.236,-0.2426,-0.2487,-0.2005,-0.1904,-0.184,-0.182,-0.1761,-0.1411,-0.0305,0.1838,0.2851,0.0533,-0.1639,-0.262,-0.2977,-0.3079,-0.304,-0.2835,-0.2401,-0.1724,-0.108,-0.1086,-0.1429,-0.1647,-0.1745,-0.1794,-0.1828,-0.1862,-0.1903,-0.1952,-0.201,-0.2077,-0.2152,-0.2233,-0.2316,-0.2397,-0.2474,-0.2544,-0.1796,-0.1601,-0.147,-0.1506,-0.1715,-0.1817,-0.1257,0.0305,0.1001,-0.1001,-0.2642,-0.3225,-0.3372,-0.3436,-0.3468,-0.3302,-0.2801,-0.2065,-0.1422,-0.1336,-0.1534,-0.1661,-0.1715,-0.1745,-0.1775,-0.1814,-0.1861,-0.1918,-0.1987,-0.2067,-0.2157,-0.2255,-0.2355,-0.2452,-0.2543,-0.2622,-0.1517,-0.1112,-0.0716,-0.0634,-0.122,-0.2213,-0.2872,-0.3025,-0.3375,-0.4072,-0.4221,-0.3957,-0.3753,-0.383,-0.4178,-0.4204,-0.347,-0.2605,-0.2011,-0.1756,-0.1694,-0.1676,-0.1672,-0.1686,-0.1719,-0.1766,-0.1823,-0.1889,-0.1967,-0.2062,-0.2172,-0.2291,-0.2414,-0.2531,-0.2637,-0.2727,-0.1234,-0.0489,0.0546,0.1365,0.0459,-0.2121,-0.431,-0.5773,-0.7138,-0.7448,-0.5918,-0.4546,-0.3949,-0.4085,-0.5285,-0.5953,-0.4178,-0.2885,-0.2234,-0.1898,-0.1716,-0.1619,-0.1587,-0.1608,-0.1664,-0.1733,-0.18,-0.1869,-0.1955,-0.2065,-0.2199,-0.2349,-0.2501,-0.2645,-0.2769,-0.287,-0.1101,-0.0066,0.1751,0.4106,0.3289,-0.1879,-0.573,-0.778,-1.0082,-1.1207,-0.7145,-0.4683,-0.3862,-0.3908,-0.4996,-0.5936,-0.3861,-0.265,-0.2129,-0.1811,-0.1588,-0.1465,-0.1445,-0.1517,-0.1638,-0.1748,-0.1817,-0.1871,-0.1951,-0.2077,-0.2245,-0.2437,-0.2631,-0.2808,-0.2955,-0.3064,-0.1266,-0.0305,0.1387,0.3554,0.2461,-0.3254,-0.7744,-0.9796,-0.9819,-0.958,-0.6396,-0.4193,-0.3646,-0.4322,-0.3424,-0.3146,-0.2512,-0.2206,-0.2057,-0.166,-0.1341,-0.1198,-0.1237,-0.1437,-0.1713,-0.1899,-0.1924,-0.1903,-0.1951,-0.2096,-0.2316,-0.2573,-0.2827,-0.3048,-0.3217,-0.333,-0.1697,-0.1146,-0.0413,-0.0056,-0.1671,-0.5421,-0.9251,-1.1842,-1.041,-0.7456,-0.4933,-0.3486,-0.2987,-0.3748,-0.2229,-0.1573,-0.1198,-0.2467,-0.2513,-0.1447,-0.0917,-0.0754,-0.0917,-0.1378,-0.2004,-0.2335,-0.2168,-0.195,-0.1935,-0.2118,-0.2426,-0.2785,-0.3128,-0.3404,-0.3593,-0.3695,-0.2206,-0.2052,-0.2024,-0.2475,-0.386,-0.6111,-0.8591,-1.0462,-0.9397,-0.6092,-0.3825,-0.3258,-0.287,0.1307,-0.0512,0.077,0.1919,-0.0571,-0.1398,-0.0672,-0.0077,0.0058,-0.0359,-0.1205,-0.2355,-0.2909,-0.238,-0.1898,-0.1852,-0.2136,-0.2606,-0.3132,-0.3603,-0.3946,-0.4137,-0.4196,-0.2627,-0.2697,-0.2933,-0.348,-0.4435,-0.5689,-0.689,-0.7405,-0.6358,-0.4239,-0.2667,-0.1971,-0.0604,0.1808,0.0651,0.5006,1.0812,0.36,0.0518,0.0569,0.1661,0.1675,0.0616,-0.0589,-0.1813,-0.2413,-0.1947,-0.1528,-0.1632,-0.2157,-0.2916,-0.3717,-0.4378,-0.4783,-0.4927,-0.4876,-0.2906,-0.3057,-0.3328,-0.376,-0.4344,-0.4966,-0.5386,-0.5263,-0.4332,-0.2804,-0.1388,-0.1132,-0.1145,-0.0507,0.0171,0.4025,0.7932,0.2907,0.0267,0.151,0.5159,0.4387,0.1764,0.031,-0.047,-0.0784,-0.0672,-0.0697,-0.1224,-0.221,-0.347,-0.4729,-0.5663,-0.6086,-0.606,-0.5773,-0.3058,-0.3214,-0.3438,-0.3731,-0.4057,-0.4326,-0.4397,-0.4118,-0.3422,-0.242,-0.1505,-0.1639,-0.2914,-0.3475,-0.1587,-0.0086,0.0441,-0.1627,-0.3007,0.0058,0.5508,0.4612,0.1941,0.0938,0.0906,0.1235,0.1309,0.0684,-0.0587,-0.2339,-0.4431,-0.6474,-0.7802,-0.8079,-0.7613,-0.6879,-0.3119,-0.325,-0.3413,-0.3595,-0.3762,-0.3855,-0.3802,-0.3548,-0.31,-0.2575,-0.2231,-0.2419,-0.3532,-0.3849,-0.3079,-0.2892,-0.2959,-0.6141,-0.9781,-0.4004,0.0355,0.1408,0.1069,0.1275,0.247,0.4186,0.4525,0.2762,0.0256,-0.2573,-0.5919,-0.9303,-1.1171,-1.0875,-0.9502,-0.8065,-0.3123,-0.3223,-0.3333,-0.3439,-0.3516,-0.353,-0.3449,-0.3258,-0.2985,-0.2712,-0.2567,-0.2677,-0.3043,-0.3469,-0.4777,-0.5392,-0.4143,-0.5806,-0.74,-0.3543,-0.1627,-0.0463,0.0271,0.1463,0.4101,0.8399,0.9298,0.4983,0.0943,-0.2849,-0.7568,-1.2845,-1.5314,-1.3833,-1.1193,-0.9002,-0.3096,-0.3167,-0.3237,-0.3295,-0.3324,-0.3307,-0.3231,-0.3096,-0.2928,-0.2777,-0.2706,-0.277,-0.2999,-0.3509,-0.461,-0.4962,-0.3972,-0.3634,-0.2097,-0.1185,-0.1689,-0.1177,-0.0366,0.1122,0.4073,0.9012,1.0087,0.464,0.0747,-0.2971,-0.8022,-1.4234,-1.7013,-1.488,-1.1712,-0.9272,-0.3054,-0.3102,-0.3145,-0.3173,-0.3178,-0.3151,-0.3087,-0.2992,-0.2885,-0.2795,-0.2756,-0.28,-0.2955,-0.3257,-0.3648,-0.3721,-0.3359,-0.2877,-0.212,-0.1734,-0.1855,-0.1775,-0.1295,0.0013,0.2057,0.3588,0.2523,0.1646,-0.0277,-0.2953,-0.6642,-1.1305,-1.3815,-1.2816,-1.0639,-0.873,-0.3005,-0.3037,-0.3061,-0.3073,-0.3066,-0.3037,-0.2985,-0.2917,-0.2844,-0.2785,-0.2759,-0.2782,-0.2864,-0.2998,-0.312,-0.311,-0.2929,-0.2645,-0.233,-0.2167,-0.2321,-0.2831,-0.2853,-0.1464,0.0253,0.1075,0.0914,0.034,-0.1838,-0.3336,-0.5086,-0.7638,-0.9487,-0.9643,-0.8769,-0.7681,-0.2956,-0.2976,-0.2988,-0.2989,-0.2977,-0.295,-0.2908,-0.2856,-0.2803,-0.276,-0.2736,-0.2739,-0.277,-0.2814,-0.2838,-0.28,-0.2686,-0.2525,-0.2379,-0.2363,-0.2696,-0.3584,-0.3868,-0.2411,-0.0867,-0.0093,-0.0166,-0.1851,-0.4356,-0.4278,-0.4427,-0.5556,-0.6709,-0.7193,-0.7037,-0.6561,-0.291,-0.2921,-0.2925,-0.2921,-0.2906,-0.288,-0.2845,-0.2804,-0.2763,-0.2726,-0.2701,-0.2689,-0.2689,-0.2689,-0.2675,-0.2628,-0.2546,-0.2448,-0.2376,-0.2406,-0.2654,-0.3115,-0.3164,-0.2359,-0.1458,-0.1073,-0.1495,-0.3075,-0.4694,-0.4457,-0.4187,-0.4613,-0.5251,-0.5674,-0.5767,-0.5615]}]