docs/data/wind_grid.json
[{"header":{"la1":42.85,"la2":41.18,"lo1":11.55,"lo2":14.05,"nx":36,"ny":24,"dx":0.07143,"dy":0.07261,"parameterCategory":2,"parameterNumber":2,"parameterNumberName":"eastward_wind","parameterUnit":"m.s-1"},"data":[-0.956,-0.9495,-0.9423,-0.9344,-0.9261,-0.9179,-0.9105,-0.9045,-0.9004,-0.898,-0.8971,-0.8971,-0.8976,-0.8984,-0.8993,-0.9003,-0.9016,-0.9033,-0.9053,-0.9077,-0.9102,-0.9127,-0.915,-0.9171,-0.919,-0.9205,-0.9218,-0.9229,-0.9237,-0.9242,-0.9247,-0.925,-0.9252,-0.9253,-0.9255,-0.9257,-0.9579,-0.9507,-0.9422,-0.9326,-0.9223,-0.9117,-0.902,-0.8944,-0.8898,-0.888,-0.8884,-0.8899,-0.8917,-0.8935,-0.8952,-0.8967,-0.8981,-0.8999,-0.9022,-0.9049,-0.9078,-0.9106,-0.9132,-0.9155,-0.9175,-0.9191,-0.9203,-0.9213,-0.922,-0.9225,-0.9227,-0.9229,-0.9229,-0.9229,-0.9229,-0.923,-0.961,-0.9529,-0.9431,-0.9315,-0.9182,-0.9039,-0.8904,-0.88,-0.8747,-0.8746,-0.8776,-0.8816,-0.8854,-0.8888,-0.892,-0.8944,-0.8958,-0.8972,-0.8994,-0.9024,-0.9057,-0.9089,-0.9117,-0.9141,-0.9161,-0.9177,-0.9189,-0.9197,-0.9203,-0.9205,-0.9206,-0.9205,-0.9203,-0.9201,-0.9199,-0.9199,-0.9655,-0.9568,-0.9458,-0.9317,-0.9145,-0.8946,-0.8742,-0.8581,-0.8517,-0.8553,-0.8637,-0.8719,-0.8784,-0.8843,-0.8902,-0.8946,-0.8958,-0.8957,-0.8973,-0.9004,-0.904,-0.9075,-0.9105,-0.913,-0.9149,-0.9164,-0.9174,-0.9181,-0.9184,-0.9184,-0.9182,-0.9178,-0.9173,-0.9169,-0.9165,-0.9162,-0.9718,-0.963,-0.9511,-0.9348,-0.913,-0.8848,-0.8523,-0.824,-0.8146,-0.8272,-0.8467,-0.861,-0.8702,-0.8782,-0.8877,-0.8959,-0.897,-0.8947,-0.8955,-0.8989,-0.903,-0.9068,-0.9098,-0.9122,-0.9139,-0.9151,-0.9159,-0.9163,-0.9164,-0.916,-0.9155,-0.9147,-0.9138,-0.913,-0.9123,-0.9119,-0.9804,-0.9723,-0.9604,-0.9429,-0.9172,-0.8797,-0.8285,-0.7745,-0.7565,-0.7906,-0.8298,-0.8506,-0.8601,-0.8677,-0.8784,-0.8892,-0.8922,-0.8913,-0.8936,-0.8982,-0.9031,-0.9069,-0.9097,-0.9116,-0.9129,-0.9138,-0.9143,-0.9143,-0.914,-0.9133,-0.9122,-0.911,-0.9096,-0.9084,-0.9073,-0.9066,-0.9914,-0.985,-0.9748,-0.9585,-0.9322,-0.8897,-0.8226,-0.7357,-0.7021,-0.7675,-0.8238,-0.8434,-0.8474,-0.8506,-0.859,-0.8702,-0.8785,-0.8848,-0.892,-0.8993,-0.9048,-0.9083,-0.9102,-0.9112,-0.9119,-0.9122,-0.9123,-0.912,-0.9113,-0.91,-0.9083,-0.9064,-0.9045,-0.9026,-0.9012,-0.9002,-1.0047,-1.0013,-0.9949,-0.9832,-0.9622,-0.9255,-0.8653,-0.7866,-0.7552,-0.8037,-0.8369,-0.8388,-0.8297,-0.8246,-0.83,-0.8444,-0.8621,-0.8793,-0.8941,-0.9043,-0.9096,-0.9113,-0.9113,-0.9107,-0.9103,-0.9101,-0.9099,-0.9092,-0.908,-0.9061,-0.9036,-0.9008,-0.898,-0.8955,-0.8935,-0.8923,-1.0197,-1.0205,-1.0199,-1.0162,-1.0064,-0.9853,-0.9486,-0.9027,-0.8735,-0.8664,-0.8552,-0.8301,-0.801,-0.7838,-0.7881,-0.8125,-0.8473,-0.8812,-0.9057,-0.9176,-0.9194,-0.9163,-0.9123,-0.9093,-0.9077,-0.9071,-0.9067,-0.9058,-0.904,-0.9012,-0.8977,-0.8937,-0.8898,-0.8863,-0.8837,-0.8822,-1.0353,-1.041,-1.0477,-1.0549,-1.0608,-1.0608,-1.0449,-0.9999,-0.9302,-0.8862,-0.8616,-0.8112,-0.7529,-0.7168,-0.7238,-0.7715,-0.8392,-0.902,-0.9391,-0.9462,-0.9362,-0.9223,-0.9114,-0.9053,-0.9029,-0.9025,-0.9025,-0.9016,-0.8993,-0.8954,-0.8903,-0.8846,-0.8791,-0.8744,-0.8711,-0.8695,-1.0502,-1.0609,-1.0752,-1.0945,-1.1197,-1.1488,-1.166,-1.1137,-0.9155,-0.8302,-0.8608,-0.782,-0.678,-0.6055,-0.6216,-0.7188,-0.8502,-0.9701,-1.021,-1.0009,-0.9591,-0.9249,-0.9046,-0.896,-0.8945,-0.8959,-0.8973,-0.8969,-0.8938,-0.8882,-0.8808,-0.8726,-0.8648,-0.8586,-0.8545,-0.8529,-1.0629,-1.0776,-1.0983,-1.1283,-1.1726,-1.2384,-1.3268,-1.3727,-1.1332,-0.9295,-0.8783,-0.75,-0.5922,-0.4419,-0.4735,-0.6648,-0.9017,-1.1537,-1.2074,-1.0856,-0.9763,-0.9127,-0.8841,-0.8773,-0.881,-0.8873,-0.8916,-0.8919,-0.8877,-0.8794,-0.8683,-0.8563,-0.8454,-0.8371,-0.8324,-0.8314,-1.0723,-1.0893,-1.1134,-1.1489,-1.2035,-1.2907,-1.4287,-1.5843,-1.4359,-1.1087,-0.8947,-0.734,-0.5934,-0.3638,-0.3889,-0.6598,-0.9628,-1.4564,-1.468,-1.1379,-0.9491,-0.8629,-0.8382,-0.8451,-0.8621,-0.8776,-0.8866,-0.8878,-0.8812,-0.8684,-0.8516,-0.8337,-0.8181,-0.8072,-0.8022,-0.803,-1.078,-1.0951,-1.1189,-1.153,-1.2034,-1.2788,-1.3849,-1.4881,-1.3949,-1.119,-0.9075,-0.7334,-0.6617,-0.4417,-0.5677,-0.7146,-0.8853,-1.2106,-1.2626,-1.0104,-0.8188,-0.741,-0.7527,-0.7977,-0.8408,-0.8704,-0.8849,-0.8859,-0.8751,-0.8547,-0.8283,-0.8011,-0.7785,-0.7647,-0.7608,-0.7655,-1.08,-1.0955,-1.116,-1.1435,-1.1802,-1.2267,-1.2756,-1.2924,-1.2165,-1.0875,-0.9871,-0.8583,-0.7117,-0.6105,-0.687,-0.7498,-0.7254,-0.8774,-0.9164,-0.7507,-0.5275,-0.4967,-0.621,-0.7445,-0.8264,-0.8716,-0.89,-0.8882,-0.8697,-0.8371,-0.7951,-0.7524,-0.7195,-0.7031,-0.7035,-0.7164,-1.0795,-1.0924,-1.1083,-1.1277,-1.15,-1.1723,-1.1859,-1.1752,-1.1355,-1.1151,-1.2014,-0.9465,-0.9029,-0.84,-0.8489,-0.8212,-0.7683,-0.8176,-0.7635,-0.4988,-0.03,-0.1294,-0.4927,-0.7189,-0.8353,-0.8882,-0.9044,-0.8962,-0.8661,-0.8144,-0.7464,-0.6779,-0.6295,-0.6132,-0.6253,-0.6541,-1.0774,-1.0875,-1.0991,-1.1117,-1.124,-1.1332,-1.1347,-1.1251,-1.1119,-1.1258,-1.1926,-1.088,-1.1984,-1.2908,-1.0874,-1.0091,-0.9194,-0.801,-0.674,-0.4858,0.0246,-0.1095,-0.5284,-0.7689,-0.8802,-0.9205,-0.9259,-0.9097,-0.8661,-0.7867,-0.6756,-0.5625,-0.4922,-0.4849,-0.5234,-0.5801,-1.0747,-1.0825,-1.0907,-1.0988,-1.1056,-1.1096,-1.1091,-1.1048,-1.102,-1.1091,-1.1222,-1.1458,-1.3005,-1.3635,-1.3443,-1.3418,-1.0875,-0.6908,-0.39,-0.6666,-0.5993,-0.596,-0.7616,-0.8946,-0.9489,-0.9499,-0.9404,-0.9253,-0.8729,-0.7584,-0.5803,-0.3935,-0.2962,-0.319,-0.4063,-0.5038,-1.0722,-1.0782,-1.0842,-1.0898,-1.0942,-1.0967,-1.0973,-1.0972,-1.0993,-1.1072,-1.1248,-1.1653,-1.2471,-1.382,-1.7863,-1.949,-1.3449,-0.88,-0.7157,-1.1476,-1.0915,-1.0146,-1.0321,-1.0492,-1.0115,-0.941,-0.9229,-0.9387,-0.891,-0.7433,-0.4849,-0.2025,-0.0829,-0.1589,-0.3072,-0.4459,-1.0703,-1.0751,-1.0798,-1.0841,-1.0877,-1.0905,-1.0928,-1.0959,-1.1017,-1.1134,-1.1359,-1.178,-1.256,-1.417,-1.7366,-1.8227,-1.4387,-1.2591,-1.6123,-1.8294,-1.4463,-1.3329,-1.3117,-1.2347,-1.0929,-0.9507,-0.9237,-0.9714,-0.9266,-0.7635,-0.4643,-0.1321,-0.0036,-0.1056,-0.2783,-0.4313,-1.069,-1.0731,-1.0772,-1.0811,-1.0847,-1.0882,-1.0921,-1.0976,-1.1062,-1.1206,-1.1445,-1.1842,-1.2493,-1.3522,-1.4719,-1.4904,-1.3914,-1.3756,-1.5479,-1.6416,-1.5962,-1.6956,-1.7267,-1.5256,-1.2537,-1.0879,-1.0665,-1.0507,-0.9803,-0.8233,-0.5614,-0.2805,-0.1543,-0.2118,-0.3425,-0.4696,-1.0683,-1.0721,-1.0759,-1.0798,-1.0837,-1.0881,-1.0933,-1.1004,-1.1106,-1.1259,-1.1488,-1.1825,-1.2296,-1.2883,-1.3409,-1.3594,-1.3546,-1.3849,-1.4758,-1.6003,-1.8516,-2.3179,-2.4473,-1.9677,-1.4586,-1.1746,-1.0978,-1.087,-1.023,-0.8925,-0.7016,-0.5066,-0.3966,-0.3982,-0.4641,-0.5457,-1.0681,-1.0718,-1.0756,-1.0797,-1.084,-1.0891,-1.0952,-1.1033,-1.1142,-1.1293,-1.1499,-1.1772,-1.2114,-1.2492,-1.2836,-1.3095,-1.3366,-1.3884,-1.4884,-1.6796,-2.087,-2.7505,-2.9273,-2.2775,-1.6394,-1.2831,-1.1472,-1.1054,-1.048,-0.9483,-0.8168,-0.6865,-0.5992,-0.5728,-0.5927,-0.6343,-1.0684,-1.072,-1.0759,-1.0802,-1.0849,-1.0905,-1.0972,-1.1058,-1.1168,-1.131,-1.1493,-1.1719,-1.1985,-1.2276,-1.2571,-1.288,-1.3276,-1.3907,-1.4992,-1.6928,-2.0279,-2.4421,-2.5328,-2.1454,-1.688,-1.3831,-1.2248,-1.1435,-1.0753,-0.9934,-0.8991,-0.8082,-0.7404,-0.7061,-0.702,-0.7173]},{"header":{"la1":42.85,"la2":41.18,"lo1":11.55,"lo2":14.05,"nx":36,"ny":24,"dx":0.07143,"dy":0.07261,"parameterCategory":2,"parameterNumber":3,"parameterNumberName":"northward_wind","parameterUnit":"m.s-1"},"data":[-0.2063,-0.212,-0.2182,-0.2248,-0.2318,-0.2389,-0.2461,-0.2532,-0.2606,-0.269,-0.2796,-0.2936,-0.3118,-0.333,-0.3537,-0.3675,-0.3686,-0.3552,-0.3314,-0.3031,-0.2748,-0.2489,-0.2264,-0.2072,-0.1911,-0.1777,-0.1667,-0.1577,-0.1504,-0.1446,-0.14,-0.1365,-0.1338,-0.1318,-0.1303,-0.1292,-0.2075,-0.2138,-0.2207,-0.2283,-0.2364,-0.2448,-0.2531,-0.261,-0.2685,-0.2768,-0.2881,-0.3051,-0.3299,-0.3627,-0.3986,-0.4252,-0.4286,-0.406,-0.3676,-0.3256,-0.2872,-0.2545,-0.2276,-0.2057,-0.188,-0.1736,-0.1621,-0.153,-0.1458,-0.1402,-0.136,-0.1329,-0.1307,-0.1292,-0.1282,-0.1276,-0.2084,-0.2152,-0.2228,-0.2315,-0.2412,-0.2516,-0.2619,-0.2709,-0.2781,-0.2849,-0.2951,-0.3138,-0.3459,-0.3948,-0.4563,-0.5078,-0.515,-0.4725,-0.4083,-0.3467,-0.296,-0.2563,-0.2254,-0.2013,-0.1823,-0.1675,-0.1559,-0.1469,-0.1401,-0.135,-0.1314,-0.129,-0.1274,-0.1265,-0.1261,-0.126,-0.2086,-0.2159,-0.2243,-0.2343,-0.246,-0.2595,-0.2737,-0.2855,-0.2921,-0.2947,-0.3004,-0.3177,-0.3546,-0.42,-0.5168,-0.6108,-0.623,-0.5436,-0.4422,-0.3586,-0.2969,-0.2518,-0.2184,-0.1931,-0.1738,-0.159,-0.1478,-0.1393,-0.1332,-0.1289,-0.1262,-0.1246,-0.1239,-0.1239,-0.1242,-0.1248,-0.2082,-0.2157,-0.2247,-0.2357,-0.2499,-0.2679,-0.2895,-0.3089,-0.3159,-0.3092,-0.3042,-0.3152,-0.3504,-0.421,-0.5393,-0.6707,-0.6872,-0.573,-0.4455,-0.3508,-0.2853,-0.2391,-0.2057,-0.1808,-0.1621,-0.1481,-0.1377,-0.1303,-0.1252,-0.1221,-0.1205,-0.1201,-0.1205,-0.1215,-0.1227,-0.1241,-0.2069,-0.2145,-0.2235,-0.235,-0.2508,-0.2737,-0.3068,-0.3444,-0.3569,-0.3305,-0.3057,-0.3065,-0.3335,-0.3897,-0.483,-0.5873,-0.6019,-0.5092,-0.4013,-0.3186,-0.2599,-0.2179,-0.1871,-0.1643,-0.1473,-0.1347,-0.1258,-0.1198,-0.1162,-0.1146,-0.1145,-0.1155,-0.1173,-0.1195,-0.1219,-0.1241,-0.205,-0.2122,-0.2207,-0.2314,-0.2463,-0.2701,-0.3115,-0.3729,-0.399,-0.3427,-0.2971,-0.2925,-0.3126,-0.3476,-0.3947,-0.4392,-0.4425,-0.3943,-0.3285,-0.27,-0.2243,-0.1897,-0.1636,-0.144,-0.1295,-0.1191,-0.1121,-0.108,-0.1063,-0.1066,-0.1084,-0.1113,-0.1148,-0.1184,-0.122,-0.1252,-0.2024,-0.2092,-0.2167,-0.2253,-0.2363,-0.2528,-0.2823,-0.3304,-0.3496,-0.2973,-0.2655,-0.2744,-0.2989,-0.3227,-0.3397,-0.3455,-0.3328,-0.3003,-0.2582,-0.2178,-0.1839,-0.1571,-0.1363,-0.1206,-0.1091,-0.1013,-0.0967,-0.095,-0.0957,-0.0984,-0.1026,-0.1077,-0.1132,-0.1187,-0.1237,-0.1279,-0.1996,-0.2059,-0.2125,-0.219,-0.2249,-0.2294,-0.2316,-0.2285,-0.2093,-0.189,-0.2099,-0.2581,-0.3029,-0.3289,-0.3313,-0.3124,-0.279,-0.2389,-0.2001,-0.1675,-0.1419,-0.1219,-0.1064,-0.0947,-0.0865,-0.0816,-0.0799,-0.081,-0.0846,-0.0903,-0.0975,-0.1054,-0.1135,-0.121,-0.1276,-0.1329,-0.1965,-0.2028,-0.2093,-0.2152,-0.219,-0.2165,-0.1984,-0.145,-0.0474,-0.0195,-0.1341,-0.255,-0.3365,-0.3756,-0.3674,-0.3198,-0.254,-0.191,-0.1447,-0.1161,-0.0981,-0.0848,-0.0744,-0.0667,-0.0619,-0.0602,-0.0617,-0.0661,-0.0733,-0.0828,-0.0937,-0.1052,-0.1164,-0.1263,-0.1346,-0.141,-0.1932,-0.1999,-0.2073,-0.215,-0.2222,-0.2254,-0.2127,-0.1377,0.1167,0.2382,-0.0744,-0.2847,-0.4099,-0.4764,-0.4531,-0.3537,-0.2313,-0.1283,-0.0733,-0.0568,-0.0514,-0.046,-0.0405,-0.0367,-0.0354,-0.0371,-0.0421,-0.0505,-0.0622,-0.0764,-0.0922,-0.1082,-0.1233,-0.1362,-0.1462,-0.1533,-0.1893,-0.1966,-0.2054,-0.2165,-0.2309,-0.2509,-0.2774,-0.2803,-0.0866,0.0578,-0.1603,-0.3533,-0.505,-0.6363,-0.5879,-0.3916,-0.1817,-0.0111,0.0368,0.0116,-0.0037,-0.0058,-0.0044,-0.0043,-0.0066,-0.012,-0.0211,-0.0342,-0.0513,-0.0718,-0.0941,-0.1163,-0.1363,-0.1525,-0.1642,-0.1713,-0.1844,-0.192,-0.2018,-0.2153,-0.2355,-0.2685,-0.3246,-0.3937,-0.3231,-0.2097,-0.2746,-0.4277,-0.5414,-0.703,-0.6552,-0.3654,-0.0985,0.1424,0.1533,0.0658,0.0392,0.0367,0.0356,0.0315,0.0248,0.0155,0.0021,-0.0167,-0.0411,-0.0701,-0.1015,-0.1321,-0.1585,-0.1785,-0.1911,-0.1971,-0.1781,-0.1853,-0.1947,-0.208,-0.2277,-0.2585,-0.3041,-0.3505,-0.3132,-0.2323,-0.2736,-0.4781,-0.5661,-0.6605,-0.4821,-0.2057,0.0285,0.11,0.1179,0.0819,0.0835,0.0902,0.0837,0.0715,0.0593,0.0462,0.0284,0.003,-0.0311,-0.0724,-0.1171,-0.1598,-0.1949,-0.2187,-0.2308,-0.233,-0.1704,-0.1763,-0.1839,-0.1941,-0.2079,-0.2262,-0.2457,-0.2499,-0.2061,-0.129,-0.1045,-0.2202,-0.409,-0.5953,-0.3421,0.082,0.4151,0.1647,0.088,0.1063,0.1642,0.1752,0.1432,0.1145,0.0966,0.0819,0.0609,0.0274,-0.0205,-0.0802,-0.1454,-0.2065,-0.2534,-0.2802,-0.2878,-0.2817,-0.1613,-0.1654,-0.1703,-0.176,-0.1822,-0.1869,-0.1845,-0.1621,-0.0997,0.0297,0.254,0.028,-0.0737,-0.2093,-0.1334,0.1065,0.3056,0.1311,0.0593,0.1463,0.319,0.295,0.2002,0.1536,0.1369,0.1274,0.1063,0.062,-0.0068,-0.095,-0.1929,-0.2832,-0.3462,-0.3724,-0.3675,-0.3447,-0.1515,-0.1536,-0.1555,-0.1568,-0.1563,-0.1514,-0.137,-0.1042,-0.0396,0.0782,0.2398,0.1454,0.3276,0.4523,0.0936,0.0429,0.048,-0.035,-0.0818,0.0867,0.3354,0.3081,0.2159,0.1828,0.1848,0.1951,0.1789,0.1162,0.0135,-0.1185,-0.2683,-0.4062,-0.4903,-0.5052,-0.4722,-0.4204,-0.1415,-0.1417,-0.141,-0.1388,-0.1338,-0.1237,-0.105,-0.073,-0.0229,0.0448,0.1077,0.1694,0.428,0.4847,0.1407,0.0314,-0.0297,-0.2218,-0.4255,-0.0834,0.1496,0.2078,0.2045,0.2114,0.2497,0.3076,0.3046,0.1984,0.0403,-0.1503,-0.3757,-0.5879,-0.6955,-0.6766,-0.5924,-0.4989,-0.1317,-0.1303,-0.1276,-0.1231,-0.1155,-0.1035,-0.0849,-0.0578,-0.0214,0.0216,0.067,0.1236,0.1953,0.1715,0.0406,0.0064,-0.0202,-0.1513,-0.2339,0.0668,0.1529,0.1972,0.2248,0.2497,0.3176,0.4666,0.4934,0.279,0.053,-0.1848,-0.4887,-0.7913,-0.9159,-0.8405,-0.6941,-0.5592,-0.1225,-0.1198,-0.1158,-0.1099,-0.1013,-0.089,-0.0721,-0.05,-0.0228,0.0078,0.0402,0.0725,0.0934,0.0765,0.0296,0.0132,0.0183,0.048,0.2615,0.3734,0.2554,0.2726,0.3013,0.297,0.3182,0.4724,0.5078,0.2019,0.0049,-0.2081,-0.5276,-0.8671,-0.9964,-0.8953,-0.7256,-0.5768,-0.114,-0.1104,-0.1056,-0.099,-0.0901,-0.0785,-0.0636,-0.0454,-0.0244,-0.0016,0.0213,0.0413,0.0527,0.0503,0.0397,0.0378,0.0579,0.1197,0.2397,0.3047,0.3357,0.4452,0.4899,0.3936,0.2536,0.111,-0.135,-0.1309,-0.0999,-0.2113,-0.4538,-0.7256,-0.849,-0.7929,-0.6659,-0.543,-0.1063,-0.1022,-0.0969,-0.09,-0.0813,-0.0705,-0.0575,-0.0423,-0.0254,-0.0076,0.0097,0.0249,0.0356,0.0415,0.0462,0.0577,0.0865,0.1415,0.2206,0.318,0.5013,0.804,0.888,0.6032,0.2593,-0.0817,-0.3729,-0.2803,-0.1619,-0.1973,-0.3433,-0.5172,-0.6189,-0.6161,-0.552,-0.4734,-0.0995,-0.095,-0.0894,-0.0826,-0.0742,-0.0643,-0.0528,-0.0397,-0.0256,-0.0109,0.0036,0.017,0.0288,0.0397,0.0524,0.0722,0.1058,0.1597,0.242,0.3794,0.648,1.0623,1.1705,0.7713,0.3411,0.0157,-0.1742,-0.1805,-0.1424,-0.1669,-0.253,-0.3582,-0.433,-0.4544,-0.4335,-0.3929,-0.0934,-0.0887,-0.083,-0.0763,-0.0684,-0.0592,-0.0489,-0.0373,-0.025,-0.0121,0.0009,0.0138,0.0267,0.0407,0.0579,0.0821,0.1181,0.1722,0.2553,0.3902,0.6092,0.8704,0.9268,0.682,0.3725,0.1321,-0.0125,-0.0694,-0.0912,-0.1264,-0.1854,-0.2531,-0.3071,-0.334,-0.3347,-0.3184]}]