docs/data/wind_grid.json
{"header": {"la1":42.1,"la2":41.55,"lo1":12.1,"lo2":12.95,"nx":50,"ny":50,"dx":0.01735,"dy":0.01122,"parameterCategory":2,"parameterNumber":3,"parameterNumberName":"northward_wind","parameterUnit":"m.s-1"}, "data":
[rows 0 to 39 of 50, columns 0 to 49 of 50]
-1.4172,-1.4157,-1.4136,-1.4109,-1.4075,-1.4034,-1.3985,-1.3928,-1.3863,-1.379,-1.3708,-1.3618,-1.3519,-1.3411,-1.3295,-1.3171,-1.3037,-1.2893,-1.2738,-1.2569,-1.2385,-1.2184,-1.1961,-1.1716,-1.1445,-1.1149,-1.0827,-1.0481,-1.0115,-0.9734,-0.9344,-0.8953,-0.8569,-0.8199,-0.7851,-0.7533,-0.7251,-0.7011,-0.6814,-0.6662,-0.6554,-0.6488,-0.6457,-0.6458,-0.6485,-0.6533,-0.6596,-0.6671,-0.6755,-0.6844
-1.4244,-1.4231,-1.4212,-1.4187,-1.4155,-1.4115,-1.4067,-1.4011,-1.3947,-1.3873,-1.3791,-1.37,-1.36,-1.3492,-1.3375,-1.3249,-1.3114,-1.297,-1.2814,-1.2645,-1.2461,-1.2258,-1.2032,-1.1782,-1.1504,-1.1197,-1.0861,-1.0498,-1.0113,-0.971,-0.9297,-0.8883,-0.8476,-0.8084,-0.7718,-0.7384,-0.7089,-0.6839,-0.6638,-0.6485,-0.638,-0.632,-0.6298,-0.6309,-0.6346,-0.6404,-0.6478,-0.6562,-0.6655,-0.6753
-1.4317,-1.4307,-1.4291,-1.4268,-1.4237,-1.4199,-1.4153,-1.4097,-1.4033,-1.396,-1.3877,-1.3785,-1.3684,-1.3574,-1.3456,-1.3329,-1.3194,-1.3049,-1.2893,-1.2724,-1.254,-1.2336,-1.2108,-1.1854,-1.1569,-1.1251,-1.0901,-1.052,-1.0114,-0.9688,-0.9251,-0.8812,-0.838,-0.7967,-0.7581,-0.723,-0.6923,-0.6664,-0.6458,-0.6306,-0.6205,-0.6152,-0.6139,-0.616,-0.6209,-0.6278,-0.6362,-0.6457,-0.6559,-0.6665
-1.4393,-1.4385,-1.4371,-1.4351,-1.4322,-1.4286,-1.4241,-1.4186,-1.4123,-1.4049,-1.3966,-1.3873,-1.377,-1.3659,-1.3539,-1.3411,-1.3274,-1.3129,-1.2973,-1.2805,-1.2621,-1.2418,-1.2189,-1.1931,-1.1639,-1.1311,-1.0946,-1.0546,-1.0118,-0.9667,-0.9204,-0.8739,-0.8283,-0.7846,-0.744,-0.7074,-0.6754,-0.6488,-0.6278,-0.6127,-0.6031,-0.5985,-0.5982,-0.6015,-0.6075,-0.6155,-0.625,-0.6355,-0.6466,-0.658
-1.447,-1.4465,-1.4454,-1.4436,-1.441,-1.4376,-1.4332,-1.4279,-1.4215,-1.4142,-1.4058,-1.3964,-1.386,-1.3746,-1.3624,-1.3494,-1.3357,-1.3211,-1.3055,-1.2888,-1.2706,-1.2503,-1.2274,-1.2014,-1.1716,-1.1377,-1.0997,-1.0577,-1.0125,-0.9647,-0.9156,-0.8664,-0.8182,-0.7723,-0.7298,-0.6916,-0.6585,-0.6312,-0.61,-0.595,-0.586,-0.5823,-0.5831,-0.5875,-0.5946,-0.6038,-0.6143,-0.6258,-0.6377,-0.65
-1.4549,-1.4547,-1.4539,-1.4524,-1.4501,-1.4469,-1.4427,-1.4375,-1.4312,-1.4238,-1.4153,-1.4057,-1.3951,-1.3836,-1.3711,-1.3579,-1.344,-1.3293,-1.3138,-1.2972,-1.2792,-1.2592,-1.2364,-1.2102,-1.1799,-1.1449,-1.1053,-1.0612,-1.0134,-0.9628,-0.9108,-0.8587,-0.808,-0.7598,-0.7154,-0.6758,-0.6417,-0.6139,-0.5926,-0.578,-0.5696,-0.5668,-0.5686,-0.5742,-0.5825,-0.5927,-0.6043,-0.6166,-0.6294,-0.6424
-1.4629,-1.4631,-1.4627,-1.4615,-1.4594,-1.4565,-1.4525,-1.4474,-1.4412,-1.4338,-1.4252,-1.4155,-1.4046,-1.3928,-1.38,-1.3665,-1.3523,-1.3376,-1.3221,-1.3057,-1.288,-1.2683,-1.2458,-1.2196,-1.1888,-1.1529,-1.1116,-1.0652,-1.0146,-0.961,-0.9058,-0.8507,-0.7973,-0.747,-0.701,-0.6602,-0.6254,-0.5973,-0.5761,-0.5619,-0.5542,-0.5524,-0.5553,-0.5619,-0.5713,-0.5825,-0.595,-0.6082,-0.6217,-0.6354
-1.4712,-1.4718,-1.4717,-1.4708,-1.4691,-1.4664,-1.4627,-1.4577,-1.4516,-1.4442,-1.4355,-1.4256,-1.4144,-1.4022,-1.3891,-1.3752,-1.3607,-1.3458,-1.3303,-1.3141,-1.2968,-1.2776,-1.2555,-1.2295,-1.1984,-1.1614,-1.1184,-1.0696,-1.016,-0.959,-0.9004,-0.8423,-0.7863,-0.734,-0.6866,-0.645,-0.6099,-0.5818,-0.5609,-0.5472,-0.5403,-0.5394,-0.5433,-0.5509,-0.5612,-0.5733,-0.5866,-0.6005,-0.6147,-0.629
-1.4796,-1.4806,-1.4809,-1.4805,-1.4791,-1.4767,-1.4732,-1.4685,-1.4625,-1.455,-1.4462,-1.4361,-1.4246,-1.412,-1.3984,-1.384,-1.3691,-1.3538,-1.3383,-1.3223,-1.3054,-1.2869,-1.2654,-1.2398,-1.2085,-1.1707,-1.1258,-1.0743,-1.0174,-0.9567,-0.8946,-0.8332,-0.7746,-0.7205,-0.6722,-0.6303,-0.5954,-0.5677,-0.5475,-0.5345,-0.5284,-0.5283,-0.533,-0.5414,-0.5524,-0.5652,-0.5791,-0.5937,-0.6084,-0.6232
-1.4882,-1.4896,-1.4904,-1.4904,-1.4894,-1.4874,-1.4842,-1.4797,-1.4738,-1.4664,-1.4575,-1.4471,-1.4352,-1.4221,-1.4079,-1.3929,-1.3774,-1.3617,-1.346,-1.3301,-1.3137,-1.296,-1.2755,-1.2505,-1.2192,-1.1805,-1.1337,-1.0793,-1.0187,-0.954,-0.8879,-0.823,-0.7619,-0.7064,-0.6576,-0.6161,-0.5821,-0.5555,-0.5362,-0.5242,-0.5188,-0.5193,-0.5246,-0.5336,-0.5451,-0.5584,-0.5728,-0.5877,-0.6029,-0.6181
-1.4969,-1.4989,-1.5001,-1.5006,-1.5001,-1.4985,-1.4956,-1.4914,-1.4857,-1.4783,-1.4693,-1.4586,-1.4464,-1.4326,-1.4178,-1.402,-1.3857,-1.3694,-1.3532,-1.3373,-1.3215,-1.3047,-1.2853,-1.2613,-1.2304,-1.1909,-1.1421,-1.0845,-1.0197,-0.9504,-0.8799,-0.8115,-0.7479,-0.6913,-0.6427,-0.6023,-0.57,-0.5452,-0.5275,-0.5166,-0.512,-0.5129,-0.5184,-0.5276,-0.5393,-0.5529,-0.5675,-0.5827,-0.5982,-0.6137
-1.5058,-1.5083,-1.5101,-1.5111,-1.5111,-1.51,-1.5075,-1.5036,-1.4981,-1.4908,-1.4817,-1.4708,-1.458,-1.4437,-1.428,-1.4112,-1.394,-1.3767,-1.3599,-1.3438,-1.3283,-1.3126,-1.2948,-1.2722,-1.2419,-1.2018,-1.1508,-1.0896,-1.0202,-0.9457,-0.8703,-0.7979,-0.7318,-0.6744,-0.6267,-0.5885,-0.559,-0.5369,-0.5214,-0.5118,-0.5079,-0.509,-0.5144,-0.5235,-0.5351,-0.5486,-0.5633,-0.5787,-0.5943,-0.61
-1.5148,-1.5179,-1.5203,-1.5219,-1.5225,-1.5219,-1.5199,-1.5164,-1.5112,-1.504,-1.4949,-1.4837,-1.4704,-1.4553,-1.4387,-1.4208,-1.4023,-1.3838,-1.366,-1.3493,-1.334,-1.3194,-1.3035,-1.2827,-1.2535,-1.2129,-1.1597,-1.0945,-1.0197,-0.9394,-0.8584,-0.7815,-0.7128,-0.6549,-0.6088,-0.5737,-0.5482,-0.53,-0.5174,-0.5097,-0.5063,-0.5074,-0.5125,-0.521,-0.5323,-0.5456,-0.5601,-0.5755,-0.5912,-0.607
-1.524,-1.5277,-1.5307,-1.533,-1.5342,-1.5342,-1.5328,-1.5298,-1.5249,-1.518,-1.5088,-1.4974,-1.4837,-1.4678,-1.45,-1.4309,-1.4109,-1.3908,-1.3714,-1.3536,-1.338,-1.3245,-1.3108,-1.2926,-1.265,-1.2242,-1.1686,-1.0989,-1.018,-0.9309,-0.8434,-0.7614,-0.6898,-0.6315,-0.5876,-0.5568,-0.5364,-0.5233,-0.5147,-0.5092,-0.5067,-0.5076,-0.5121,-0.52,-0.5308,-0.5436,-0.5579,-0.5731,-0.5888,-0.6046
-1.5333,-1.5376,-1.5414,-1.5443,-1.5463,-1.547,-1.5463,-1.5438,-1.5394,-1.5327,-1.5237,-1.5121,-1.4979,-1.4812,-1.4623,-1.4416,-1.4198,-1.3977,-1.3762,-1.3565,-1.34,-1.3272,-1.3162,-1.3014,-1.2762,-1.2355,-1.1773,-1.1025,-1.0146,-0.9196,-0.8245,-0.7364,-0.6613,-0.6027,-0.5614,-0.5357,-0.5218,-0.5151,-0.5116,-0.5091,-0.5079,-0.5088,-0.5128,-0.52,-0.5301,-0.5424,-0.5564,-0.5714,-0.587,-0.6028
-1.5426,-1.5477,-1.5522,-1.5559,-1.5587,-1.5602,-1.5602,-1.5585,-1.5546,-1.5484,-1.5395,-1.5278,-1.5132,-1.4957,-1.4756,-1.4533,-1.4296,-1.4051,-1.3809,-1.3582,-1.3395,-1.3268,-1.3189,-1.3086,-1.2866,-1.2464,-1.1854,-1.1049,-1.0091,-0.9048,-0.8006,-0.7053,-0.626,-0.5667,-0.5283,-0.5084,-0.5021,-0.503,-0.5058,-0.5075,-0.5083,-0.5097,-0.5135,-0.5203,-0.5299,-0.5418,-0.5555,-0.5703,-0.5858,-0.6016
-1.552,-1.5579,-1.5632,-1.5678,-1.5714,-1.5738,-1.5747,-1.5738,-1.5706,-1.565,-1.5565,-1.5448,-1.5299,-1.5117,-1.4904,-1.4664,-1.4406,-1.4136,-1.3861,-1.3594,-1.3365,-1.3225,-1.3183,-1.314,-1.2964,-1.2568,-1.1928,-1.1058,-1.0008,-0.8857,-0.7709,-0.6668,-0.5821,-0.5215,-0.486,-0.4725,-0.4746,-0.4845,-0.495,-0.5021,-0.5061,-0.5092,-0.5135,-0.5203,-0.5297,-0.5415,-0.555,-0.5697,-0.5851,-0.6009
-1.5614,-1.5681,-1.5743,-1.5798,-1.5844,-1.5879,-1.5898,-1.5898,-1.5875,-1.5826,-1.5745,-1.5631,-1.5481,-1.5293,-1.5069,-1.4813,-1.4534,-1.4238,-1.3931,-1.3615,-1.3322,-1.3145,-1.3142,-1.318,-1.3056,-1.2668,-1.1992,-1.1049,-0.9893,-0.8618,-0.7343,-0.6197,-0.5281,-0.4655,-0.4327,-0.4259,-0.4373,-0.4573,-0.4769,-0.4911,-0.5,-0.5059,-0.5118,-0.5194,-0.5292,-0.5411,-0.5547,-0.5694,-0.5848,-0.6006
-1.5708,-1.5784,-1.5855,-1.592,-1.5977,-1.6023,-1.6053,-1.6064,-1.6052,-1.6011,-1.5938,-1.5829,-1.5679,-1.5487,-1.5254,-1.4983,-1.4685,-1.4369,-1.4035,-1.3674,-1.3298,-1.3049,-1.3089,-1.3225,-1.3154,-1.2765,-1.2045,-1.1019,-0.9743,-0.8324,-0.6903,-0.5629,-0.4629,-0.3974,-0.3671,-0.3673,-0.3888,-0.42,-0.4502,-0.4733,-0.4887,-0.4991,-0.5079,-0.5172,-0.528,-0.5405,-0.5544,-0.5693,-0.5849,-0.6007
-1.5802,-1.5886,-1.5967,-1.6043,-1.6112,-1.617,-1.6213,-1.6237,-1.6237,-1.6207,-1.6144,-1.6041,-1.5896,-1.5703,-1.5463,-1.518,-1.4865,-1.4534,-1.4191,-1.3813,-1.3371,-1.3024,-1.3098,-1.3323,-1.3278,-1.2865,-1.2087,-1.0965,-0.9556,-0.7975,-0.6384,-0.4964,-0.3864,-0.317,-0.2892,-0.297,-0.3294,-0.3729,-0.415,-0.4485,-0.4721,-0.4885,-0.5014,-0.5135,-0.526,-0.5396,-0.5541,-0.5694,-0.5852,-0.6011
-1.5894,-1.5987,-1.6079,-1.6167,-1.6248,-1.6319,-1.6376,-1.6415,-1.6429,-1.6413,-1.6361,-1.6269,-1.613,-1.5941,-1.5698,-1.5405,-1.5076,-1.4737,-1.4406,-1.4068,-1.3659,-1.3273,-1.3336,-1.3548,-1.345,-1.2974,-1.2117,-1.0887,-0.9333,-0.7575,-0.5796,-0.4209,-0.2996,-0.226,-0.201,-0.2172,-0.2614,-0.318,-0.373,-0.4179,-0.4509,-0.4746,-0.4927,-0.5083,-0.5232,-0.5382,-0.5537,-0.5696,-0.5857,-0.6019
-1.5984,-1.6087,-1.619,-1.629,-1.6384,-1.647,-1.6543,-1.6597,-1.6627,-1.6627,-1.6589,-1.651,-1.6383,-1.6202,-1.5962,-1.5662,-1.532,-1.4974,-1.4671,-1.4434,-1.4227,-1.4023,-1.3977,-1.3947,-1.3679,-1.3091,-1.2135,-1.0787,-0.9081,-0.7135,-0.5155,-0.3391,-0.2059,-0.1282,-0.1067,-0.1322,-0.189,-0.2591,-0.3271,-0.3838,-0.4267,-0.4583,-0.4823,-0.502,-0.5197,-0.5366,-0.5533,-0.57,-0.5865,-0.603
-1.6072,-1.6185,-1.6299,-1.6411,-1.652,-1.6622,-1.6711,-1.6783,-1.6831,-1.6848,-1.6827,-1.6763,-1.6652,-1.6486,-1.6255,-1.5954,-1.5598,-1.5239,-1.4957,-1.4834,-1.4909,-1.5046,-1.4854,-1.4444,-1.3937,-1.3206,-1.2137,-1.0667,-0.8809,-0.6678,-0.4499,-0.2557,-0.1109,-0.0299,-0.013,-0.0484,-0.1178,-0.2009,-0.2812,-0.349,-0.4015,-0.4409,-0.4709,-0.4951,-0.5159,-0.5349,-0.553,-0.5705,-0.5876,-0.6044
-1.6157,-1.628,-1.6405,-1.653,-1.6654,-1.6772,-1.688,-1.6971,-1.7039,-1.7074,-1.7071,-1.7025,-1.6933,-1.6789,-1.6577,-1.6282,-1.5912,-1.5525,-1.5234,-1.517,-1.5411,-1.5733,-1.5499,-1.4866,-1.4164,-1.3298,-1.2118,-1.0532,-0.8535,-0.6236,-0.3876,-0.1776,-0.0229,0.0601,0.0718,0.0266,-0.0541,-0.1484,-0.2391,-0.3164,-0.3774,-0.424,-0.4597,-0.4882,-0.5121,-0.5333,-0.5528,-0.5713,-0.589,-0.6061
-1.6237,-1.637,-1.6507,-1.6646,-1.6784,-1.692,-1.7047,-1.7159,-1.7248,-1.7304,-1.7319,-1.7292,-1.7221,-1.7105,-1.6925,-1.6649,-1.6266,-1.5834,-1.5491,-1.5398,-1.5629,-1.5926,-1.5731,-1.5093,-1.4306,-1.3342,-1.207,-1.0389,-0.8279,-0.5849,-0.3349,-0.1128,0.049,0.1324,0.1391,0.0858,-0.0036,-0.106,-0.2042,-0.2886,-0.3563,-0.4088,-0.4495,-0.4819,-0.5088,-0.5321,-0.5531,-0.5725,-0.5908,-0.6083
-1.6314,-1.6456,-1.6604,-1.6756,-1.691,-1.7063,-1.721,-1.7344,-1.7456,-1.7533,-1.7568,-1.7557,-1.7508,-1.7427,-1.7292,-1.7051,-1.6665,-1.6177,-1.5742,-1.5548,-1.5658,-1.5842,-1.5683,-1.5127,-1.4339,-1.3326,-1.1992,-1.0245,-0.8064,-0.5555,-0.2975,-0.0689,0.0961,0.1788,0.1817,0.1236,0.0296,-0.0769,-0.1791,-0.2676,-0.3398,-0.3967,-0.4413,-0.477,-0.5064,-0.5315,-0.5539,-0.5742,-0.5931,-0.6109
-1.6385,-1.6536,-1.6695,-1.6859,-1.7028,-1.7199,-1.7367,-1.7525,-1.766,-1.7761,-1.7813,-1.7815,-1.7785,-1.7741,-1.7666,-1.7482,-1.7108,-1.6563,-1.6014,-1.5677,-1.5624,-1.5673,-1.5514,-1.503,-1.4275,-1.3251,-1.1888,-1.0111,-0.7908,-0.5384,-0.2797,-0.051,0.1132,0.1944,0.196,0.1373,0.0435,-0.0626,-0.1649,-0.2546,-0.3289,-0.3884,-0.4358,-0.4739,-0.5053,-0.532,-0.5554,-0.5765,-0.5959,-0.614
-1.645,-1.661,-1.6778,-1.6955,-1.7138,-1.7327,-1.7515,-1.7696,-1.7857,-1.7982,-1.8052,-1.8062,-1.804,-1.8034,-1.8031,-1.7923,-1.7578,-1.6986,-1.6323,-1.5832,-1.5609,-1.5519,-1.5319,-1.4869,-1.4146,-1.313,-1.1767,-1.0,-0.7825,-0.5351,-0.2827,-0.0602,0.0995,0.1791,0.1821,0.1272,0.0383,-0.0632,-0.1621,-0.2501,-0.3241,-0.3845,-0.4333,-0.4729,-0.5057,-0.5336,-0.5579,-0.5796,-0.5993,-0.6176
-1.6508,-1.6675,-1.6853,-1.704,-1.7237,-1.7442,-1.765,-1.7855,-1.8043,-1.8193,-1.8281,-1.8293,-1.8267,-1.8288,-1.8365,-1.8346,-1.8041,-1.7417,-1.6658,-1.6027,-1.5644,-1.5415,-1.5146,-1.4691,-1.3984,-1.2986,-1.1645,-0.9919,-0.7818,-0.545,-0.305,-0.0938,0.0587,0.1368,0.1436,0.096,0.0159,-0.0774,-0.17,-0.2537,-0.3256,-0.3852,-0.4342,-0.4744,-0.508,-0.5365,-0.5613,-0.5834,-0.6034,-0.6219
-1.6558,-1.6732,-1.6918,-1.7115,-1.7324,-1.7543,-1.777,-1.7997,-1.8211,-1.8389,-1.8498,-1.8508,-1.8459,-1.8489,-1.8642,-1.8706,-1.844,-1.7801,-1.6981,-1.6244,-1.5725,-1.5366,-1.5012,-1.4525,-1.3819,-1.2838,-1.1535,-0.9877,-0.7884,-0.5663,-0.3428,-0.1462,-0.0027,0.0739,0.0861,0.0483,-0.0206,-0.1033,-0.1873,-0.265,-0.3329,-0.3904,-0.4385,-0.4785,-0.5122,-0.5409,-0.566,-0.5882,-0.6083,-0.6267
-1.6601,-1.678,-1.6972,-1.7177,-1.7396,-1.7627,-1.7869,-1.8115,-1.8354,-1.856,-1.8693,-1.8703,-1.8615,-1.8627,-1.8833,-1.8955,-1.8715,-1.8083,-1.7244,-1.6447,-1.5828,-1.5359,-1.4919,-1.4386,-1.3669,-1.2705,-1.1448,-0.9875,-0.8012,-0.5961,-0.3913,-0.211,-0.0774,-0.0023,0.0159,-0.0111,-0.0675,-0.1384,-0.2125,-0.2828,-0.3456,-0.3999,-0.4461,-0.4851,-0.5183,-0.5468,-0.5717,-0.5939,-0.6139,-0.6321
-1.6635,-1.6818,-1.7015,-1.7226,-1.7451,-1.7691,-1.7945,-1.8206,-1.8464,-1.8694,-1.8851,-1.8867,-1.8738,-1.8699,-1.891,-1.9049,-1.8827,-1.8227,-1.7415,-1.6606,-1.5927,-1.5373,-1.4857,-1.4276,-1.3543,-1.2596,-1.139,-0.9911,-0.8188,-0.6316,-0.4459,-0.2822,-0.1586,-0.0852,-0.0613,-0.0777,-0.1215,-0.1802,-0.2439,-0.306,-0.3629,-0.4132,-0.4567,-0.4941,-0.5263,-0.5542,-0.5787,-0.6005,-0.6202,-0.6382
-1.666,-1.6846,-1.7046,-1.726,-1.7489,-1.7735,-1.7994,-1.8264,-1.8533,-1.8778,-1.8952,-1.8977,-1.882,-1.8716,-1.8873,-1.8987,-1.8782,-1.8237,-1.7486,-1.6703,-1.6,-1.5391,-1.4816,-1.4193,-1.3445,-1.2515,-1.1363,-0.9981,-0.8398,-0.6702,-0.503,-0.3551,-0.2412,-0.1699,-0.141,-0.1476,-0.1796,-0.2265,-0.2798,-0.3335,-0.3841,-0.4298,-0.4701,-0.5054,-0.5361,-0.563,-0.5868,-0.6081,-0.6273,-0.645
-1.6677,-1.6863,-1.7064,-1.7279,-1.751,-1.7756,-1.8016,-1.8287,-1.8556,-1.8803,-1.8978,-1.9006,-1.8844,-1.8692,-1.8758,-1.8817,-1.8624,-1.8143,-1.7469,-1.6736,-1.6039,-1.54,-1.4785,-1.413,-1.3372,-1.2461,-1.1365,-1.0078,-0.863,-0.7098,-0.5597,-0.4263,-0.3217,-0.2526,-0.2198,-0.218,-0.2393,-0.2753,-0.3187,-0.3642,-0.4083,-0.4491,-0.4859,-0.5186,-0.5475,-0.5731,-0.596,-0.6165,-0.6352,-0.6523
-1.6684,-1.687,-1.707,-1.7283,-1.7512,-1.7755,-1.8011,-1.8275,-1.8535,-1.8769,-1.893,-1.8951,-1.8803,-1.8635,-1.8613,-1.8603,-1.8411,-1.7987,-1.7389,-1.6714,-1.604,-1.5394,-1.4756,-1.4081,-1.3321,-1.2432,-1.1391,-1.0195,-0.8873,-0.7491,-0.6143,-0.494,-0.3977,-0.3313,-0.2955,-0.2867,-0.2988,-0.3251,-0.3594,-0.397,-0.4347,-0.4706,-0.5036,-0.5336,-0.5604,-0.5845,-0.6062,-0.6258,-0.6438,-0.6603
-1.6682,-1.6866,-1.7063,-1.7273,-1.7497,-1.7733,-1.798,-1.8231,-1.8474,-1.8685,-1.8823,-1.8835,-1.8707,-1.8545,-1.8462,-1.8386,-1.8184,-1.7801,-1.7268,-1.665,-1.6008,-1.5368,-1.4723,-1.4041,-1.3285,-1.2424,-1.1437,-1.0326,-0.9119,-0.787,-0.6658,-0.557,-0.4684,-0.4047,-0.3668,-0.3525,-0.3568,-0.3746,-0.4008,-0.4311,-0.4628,-0.4937,-0.523,-0.5499,-0.5746,-0.597,-0.6173,-0.6359,-0.653,-0.6688
-1.6672,-1.6853,-1.7045,-1.725,-1.7466,-1.7692,-1.7926,-1.8159,-1.838,-1.8565,-1.8678,-1.8683,-1.8576,-1.8427,-1.8306,-1.818,-1.7963,-1.7607,-1.7124,-1.6556,-1.5949,-1.5326,-1.4684,-1.4005,-1.3262,-1.243,-1.1497,-1.0465,-0.9361,-0.823,-0.7135,-0.6149,-0.5331,-0.4722,-0.4332,-0.4145,-0.4125,-0.4231,-0.442,-0.4658,-0.4917,-0.518,-0.5435,-0.5675,-0.5898,-0.6103,-0.6292,-0.6467,-0.6628,-0.6778
-1.6653,-1.6829,-1.7016,-1.7213,-1.742,-1.7634,-1.7852,-1.8066,-1.8262,-1.842,-1.8512,-1.8511,-1.842,-1.8284,-1.8144,-1.7984,-1.7753,-1.7414,-1.6968,-1.6443,-1.587,-1.5269,-1.4639,-1.3971,-1.3246,-1.2446,-1.1565,-1.0607,-0.9595,-0.8566,-0.7575,-0.6676,-0.5921,-0.534,-0.4944,-0.4724,-0.4653,-0.4698,-0.4825,-0.5004,-0.5212,-0.543,-0.5649,-0.5859,-0.6058,-0.6245,-0.6419,-0.6581,-0.6732,-0.6873
-1.6627,-1.6797,-1.6977,-1.7166,-1.7361,-1.7562,-1.7763,-1.7956,-1.8128,-1.8262,-1.8335,-1.833,-1.8251,-1.8124,-1.7974,-1.7794,-1.7553,-1.7225,-1.6808,-1.6319,-1.5777,-1.52,-1.4588,-1.3937,-1.3235,-1.247,-1.1639,-1.0748,-0.9817,-0.8879,-0.7977,-0.7155,-0.6454,-0.5901,-0.5506,-0.5261,-0.5149,-0.5144,-0.5218,-0.5346,-0.5506,-0.5684,-0.5868,-0.605,-0.6225,-0.6393,-0.6551,-0.67,-0.684,-0.6972
-1.6593,-1.6757,-1.6929,-1.7108,-1.7292,-1.7478,-1.7661,-1.7833,-1.7983,-1.8095,-1.8153,-1.8144,-1.8072,-1.7952,-1.7798,-1.7607,-1.7361,-1.7042,-1.6648,-1.6188,-1.5675,-1.5122,-1.4532,-1.3902,-1.3226,-1.2497,-1.1714,-1.0885,-1.0027,-0.9168,-0.8343,-0.7588,-0.6937,-0.641,-0.6018,-0.5757,-0.5613,-0.5567,-0.5596,-0.5679,-0.5798,-0.5938,-0.609,-0.6244,-0.6397,-0.6545,-0.6687,-0.6823,-0.6952,-0.7074
