docs/data/wind_grid.json
[{"header":{"la1":42.85,"la2":41.18,"lo1":11.55,"lo2":14.05,"nx":36,"ny":24,"dx":0.07143,"dy":0.07261,"parameterCategory":2,"parameterNumber":2,"parameterNumberName":"eastward_wind","parameterUnit":"m.s-1"},"data":[2.6465,2.678,2.71,2.7415,2.7698,2.7907,2.7972,2.7811,2.7361,2.6605,2.5582,2.4366,2.3029,2.1626,2.0194,1.8774,1.7422,1.622,1.5254,1.4579,1.4202,1.4083,1.4169,1.4405,1.4732,1.5093,1.5449,1.5774,1.606,1.6303,1.6508,1.668,1.6823,1.6943,1.7046,1.7134,2.6865,2.727,2.7705,2.8168,2.8643,2.9079,2.937,2.9363,2.892,2.8003,2.6697,2.5151,2.3486,2.1765,2.001,1.8242,1.6528,1.4997,1.3813,1.3079,1.2775,1.2798,1.3058,1.3486,1.4004,1.4533,1.502,1.5441,1.5793,1.6082,1.6318,1.6509,1.6665,1.6795,1.6903,1.6995,2.7254,2.7757,2.832,2.8962,2.9698,3.0498,3.1211,3.1541,3.1164,2.9976,2.8195,2.6149,2.4049,2.1947,1.9808,1.7592,1.535,1.3298,1.1787,1.1064,1.101,1.1304,1.1801,1.2484,1.3256,1.3992,1.4627,1.5146,1.5561,1.5888,1.6147,1.6353,1.6517,1.665,1.6761,1.6855,2.7623,2.8227,2.8916,2.9743,3.0802,3.2159,3.3672,3.4773,3.4612,3.2879,3.0199,2.7358,2.4697,2.2183,1.9633,1.6861,1.3815,1.0816,0.8698,0.8218,0.8963,0.9794,1.0515,1.1484,1.2567,1.3536,1.4315,1.4918,1.5379,1.5731,1.6001,1.6211,1.6377,1.6509,1.6618,1.671,2.7965,2.8676,2.9473,3.0435,3.1798,3.3912,3.69,3.984,4.0336,3.7271,3.2737,2.8655,2.5348,2.2478,1.9588,1.6212,1.197,0.7052,0.3306,0.3586,0.6861,0.8892,0.95,1.069,1.2093,1.3258,1.4135,1.4781,1.5257,1.5612,1.588,1.6084,1.6242,1.6367,1.647,1.6558,2.8279,2.9137,3.0041,3.1009,3.2436,3.5238,4.0478,4.7582,5.0021,4.3399,3.531,2.9659,2.584,2.2835,1.9844,1.6051,1.0403,0.1912,-0.6967,-0.5634,0.4192,0.8863,0.9188,1.0497,1.204,1.3247,1.4119,1.4744,1.5196,1.5529,1.5776,1.5963,1.6106,1.6219,1.6311,1.6391,2.8543,2.9678,3.0853,3.171,3.2583,3.522,4.1983,5.4268,6.0136,4.7694,3.6164,2.9793,2.6011,2.3254,2.0572,1.6949,1.0755,-0.0831,-1.8026,-1.6353,0.1496,0.829,0.983,1.117,1.2482,1.3508,1.4252,1.4787,1.5177,1.5464,1.5679,1.584,1.5961,1.6055,1.6133,1.6204,2.8638,3.0249,3.2324,3.3452,3.2693,3.354,3.8459,4.747,5.1405,4.2387,3.3885,2.8923,2.588,2.374,2.1801,1.9106,1.4145,0.5163,-0.6114,-0.4201,0.6944,1.0532,1.1467,1.2346,1.3215,1.3924,1.4457,1.4855,1.5159,1.5392,1.5568,1.5698,1.5792,1.5864,1.5924,1.5983,2.8264,3.0171,3.3748,3.6725,3.2789,3.0993,3.2999,3.6132,3.7002,3.4376,3.0814,2.7795,2.5661,2.4283,2.3409,2.2087,1.8729,1.3568,0.8992,0.9496,1.3377,1.3357,1.3096,1.3491,1.3941,1.4308,1.4604,1.4862,1.509,1.5279,1.5422,1.552,1.5584,1.5629,1.567,1.5716,2.7199,2.8284,3.0318,3.1673,2.7887,2.7507,2.9007,3.0707,3.2137,3.2027,2.9575,2.7078,2.5521,2.4792,2.516,2.5475,2.2176,1.8647,1.582,1.4281,1.3971,1.4034,1.4245,1.4399,1.4434,1.4439,1.4519,1.4693,1.4905,1.5091,1.5219,1.5289,1.5319,1.5331,1.5348,1.5383,2.5805,2.5454,2.3509,1.7911,1.868,2.3993,2.6408,2.8325,3.3142,3.5592,2.9686,2.6596,2.5496,2.5227,2.5438,2.5812,2.321,2.122,1.9538,1.7715,1.6307,1.5691,1.5404,1.4981,1.4413,1.399,1.3952,1.4218,1.4555,1.4812,1.495,1.4989,1.4971,1.494,1.4929,1.4956,2.4739,2.3827,2.1465,1.7599,1.8478,2.2957,2.4646,2.5169,2.8748,3.1625,2.7921,2.5979,2.5659,2.6526,2.559,2.4034,2.3085,2.3183,2.2638,2.0496,1.8623,1.7358,1.629,1.4957,1.3365,1.2349,1.2539,1.3338,1.4051,1.4466,1.4617,1.4597,1.4503,1.441,1.4368,1.4397,2.419,2.349,2.2311,2.1233,2.1783,2.3264,2.3644,2.3785,2.3505,2.5721,2.5718,2.6021,2.5753,2.6992,2.574,2.2965,2.268,2.6029,2.6024,2.2112,1.9901,1.8366,1.6727,1.4227,1.0669,0.862,1.0044,1.2201,1.355,1.4134,1.4232,1.4077,1.3847,1.3664,1.3594,1.3651,2.395,2.3559,2.309,2.2823,2.3025,2.3374,2.3253,2.2372,2.2805,2.3878,2.4391,2.7235,2.761,1.9128,2.2083,2.12,2.1038,2.328,2.3939,2.1814,2.0222,1.89,1.7107,1.3707,0.7747,0.4294,0.791,1.1613,1.3391,1.3919,1.3775,1.3335,1.2872,1.2568,1.2496,1.2641,2.381,2.3603,2.3401,2.3294,2.3315,2.3344,2.3224,2.3,2.2914,2.2662,2.2314,2.2681,2.1776,1.9294,2.0806,2.0559,1.6393,1.9933,2.1267,2.0878,2.0035,1.9249,1.7867,1.4928,0.9951,0.6984,0.9638,1.2593,1.384,1.3842,1.3136,1.2167,1.1331,1.0893,1.091,1.1272,2.3681,2.356,2.3443,2.3358,2.33,2.3223,2.3073,2.2822,2.2371,2.1399,1.975,1.9559,2.0118,2.0314,2.052,1.9429,1.7425,1.9639,2.0699,2.0422,1.9491,1.9376,1.879,1.7126,1.4802,1.3398,1.3946,1.4805,1.4766,1.376,1.2064,1.018,0.8768,0.8265,0.8613,0.9454,2.3544,2.3457,2.3366,2.3276,2.3178,2.3047,2.2846,2.2524,2.1978,2.1035,1.9824,1.9836,1.905,1.8675,2.0532,2.0744,2.0509,2.091,2.1207,2.0712,1.9477,1.956,1.9569,1.8968,1.8336,1.8103,1.8006,1.7355,1.587,1.347,1.0194,0.6708,0.4409,0.415,0.5397,0.7177,2.3402,2.3328,2.3243,2.3146,2.3028,2.2872,2.2654,2.2338,2.1887,2.13,2.0739,2.0291,1.9044,1.898,2.1802,2.2776,2.2147,2.1873,2.1888,2.1702,2.0988,2.0592,2.0467,2.0456,2.1002,2.2148,2.2185,2.012,1.7024,1.2932,0.7277,0.0923,-0.2724,-0.1836,0.138,0.4695,2.3261,2.3192,2.3109,2.3009,2.2886,2.2728,2.2523,2.2256,2.1927,2.1561,2.1224,2.0947,2.0823,2.1826,2.5418,2.6829,2.3616,2.2524,2.2521,2.3231,2.2458,2.172,2.1426,2.1651,2.3121,2.6541,2.7246,2.2693,1.7982,1.2468,0.4073,-0.6586,-1.1929,-0.8433,-0.2312,0.2714,2.3127,2.306,2.2979,2.2881,2.2762,2.2617,2.244,2.223,2.1997,2.1768,2.1588,2.1536,2.1804,2.2882,2.5239,2.5992,2.3942,2.3322,2.4777,2.5638,2.3603,2.2645,2.23,2.2351,2.3555,2.7198,2.8058,2.2477,1.8161,1.2765,0.3462,-0.9567,-1.5846,-1.0817,-0.3422,0.2195,2.3002,2.2938,2.2861,2.2769,2.266,2.2532,2.2386,2.2225,2.2063,2.1922,2.1842,2.1886,2.2161,2.2788,2.3622,2.3876,2.345,2.3407,2.4165,2.4479,2.3793,2.3607,2.3455,2.2847,2.2434,2.2033,1.9796,1.923,1.7811,1.4161,0.7116,-0.2815,-0.8374,-0.5977,-0.0899,0.3501,2.2887,2.2826,2.2754,2.267,2.2573,2.2464,2.2346,2.2224,2.211,2.2023,2.199,2.2047,2.2234,2.255,2.2883,2.3037,2.3029,2.3127,2.3424,2.3699,2.4186,2.5488,2.5823,2.3906,2.1839,1.9671,1.7354,1.7982,1.7924,1.6186,1.1973,0.5963,0.1734,0.1418,0.3454,0.5958,2.2782,2.2725,2.2659,2.2583,2.2498,2.2406,2.231,2.2217,2.2134,2.2077,2.206,2.2103,2.2213,2.2377,2.2542,2.2657,2.2736,2.2864,2.3105,2.3561,2.4696,2.7035,2.7755,2.4843,2.1992,1.9928,1.8671,1.8515,1.8752,1.8051,1.529,1.1483,0.8417,0.7184,0.751,0.8592,2.2686,2.2633,2.2572,2.2504,2.2431,2.2353,2.2274,2.22,2.2137,2.2094,2.208,2.2104,2.2165,2.2253,2.2348,2.2433,2.2522,2.2653,2.289,2.3359,2.4312,2.5705,2.5952,2.4128,2.1954,2.03,1.9248,1.8788,1.8881,1.8419,1.6604,1.4181,1.2074,1.0847,1.0535,1.0847]},{"header":{"la1":42.85,"la2":41.18,"lo1":11.55,"lo2":14.05,"nx":36,"ny":24,"dx":0.07143,"dy":0.07261,"parameterCategory":2,"parameterNumber":3,"parameterNumberName":"northward_wind","parameterUnit":"m.s-1"},"data":[1.57,1.5702,1.5719,1.5751,1.5797,1.5855,1.5925,1.6009,1.6105,1.6202,1.628,1.6314,1.6279,1.616,1.595,1.5652,1.528,1.4858,1.4413,1.3977,1.3587,1.328,1.3079,1.2982,1.2964,1.2992,1.3041,1.3093,1.3138,1.3173,1.3197,1.3211,1.3218,1.3218,1.3215,1.321,1.5566,1.5556,1.5567,1.5599,1.5647,1.5709,1.5785,1.5885,1.6018,1.6175,1.6324,1.6421,1.6428,1.6317,1.608,1.5722,1.5262,1.4731,1.4166,1.3607,1.3104,1.2723,1.2512,1.2464,1.2522,1.2629,1.2742,1.2843,1.2924,1.2984,1.3025,1.3051,1.3064,1.307,1.307,1.3068,1.539,1.536,1.536,1.5389,1.5439,1.5494,1.5556,1.5652,1.5822,1.607,1.6339,1.6545,1.6621,1.6533,1.6267,1.5833,1.5257,1.4587,1.3871,1.3147,1.247,1.1965,1.1755,1.1812,1.2005,1.2226,1.2424,1.2584,1.2705,1.279,1.2847,1.2883,1.2903,1.2912,1.2915,1.2915,1.5161,1.5096,1.5075,1.5104,1.5158,1.5198,1.5201,1.5227,1.5412,1.5812,1.6298,1.669,1.6881,1.6834,1.654,1.601,1.5281,1.4433,1.355,1.2634,1.1683,1.0944,1.0764,1.1037,1.144,1.1809,1.2105,1.2327,1.2486,1.2595,1.2666,1.2709,1.2733,1.2744,1.2749,1.275,1.4865,1.4736,1.4676,1.4708,1.4796,1.4827,1.4687,1.4457,1.4563,1.5268,1.6184,1.6886,1.7246,1.7262,1.6943,1.6294,1.5357,1.4275,1.3254,1.2216,1.088,0.9732,0.9673,1.0276,1.0908,1.1421,1.1808,1.2086,1.2276,1.2402,1.2481,1.2527,1.2552,1.2563,1.2567,1.2569,1.4494,1.4245,1.4092,1.4126,1.4324,1.4436,1.4083,1.3167,1.2882,1.4327,1.6076,1.7215,1.7772,1.7869,1.7541,1.6766,1.5551,1.412,1.3072,1.2204,1.0438,0.9158,0.9186,0.9789,1.0491,1.1097,1.1552,1.1869,1.2079,1.2212,1.2291,1.2335,1.2356,1.2364,1.2366,1.2368,1.4065,1.3602,1.3216,1.319,1.3649,1.4119,1.3792,1.2004,1.0935,1.3671,1.6362,1.7827,1.8522,1.8707,1.8418,1.7567,1.6058,1.4124,1.3089,1.2621,0.9562,0.848,0.8736,0.9323,1.0131,1.0836,1.1343,1.1679,1.1892,1.2019,1.2091,1.2127,1.214,1.2142,1.2141,1.2142,1.3655,1.2884,1.2002,1.1655,1.2614,1.3877,1.4287,1.3374,1.2894,1.5247,1.7515,1.8812,1.9513,1.9801,1.9658,1.887,1.7178,1.474,1.2638,1.0017,0.3816,0.303,0.613,0.8367,0.9763,1.0643,1.1184,1.1512,1.1706,1.1816,1.1873,1.1894,1.1896,1.189,1.1884,1.1884,1.3409,1.2416,1.1011,1.0021,1.1642,1.372,1.5081,1.5882,1.6806,1.8142,1.9219,2.0028,2.067,2.1102,2.1294,2.0809,1.8971,1.6102,1.2298,0.5184,-0.7484,-0.5335,0.337,0.7666,0.9612,1.0567,1.1067,1.1344,1.1502,1.1587,1.1623,1.1626,1.1613,1.1595,1.1584,1.1585,1.3426,1.2499,1.1397,1.0813,1.1853,1.372,1.5568,1.7453,1.9821,2.1111,2.0913,2.1225,2.1902,2.2458,2.3049,2.3259,2.088,1.7847,1.3901,0.7047,-0.2421,-0.166,0.4686,0.8296,0.99,1.06,1.0935,1.1128,1.1248,1.1311,1.1326,1.1309,1.1276,1.1244,1.1227,1.1231,1.3655,1.2847,1.186,1.0684,1.1113,1.3535,1.5411,1.7525,2.2516,2.4905,2.2118,2.2226,2.3272,2.4029,2.3861,2.3666,2.169,1.9334,1.6592,1.262,0.8334,0.7145,0.8538,0.981,1.0358,1.0521,1.0635,1.0783,1.0908,1.0971,1.0969,1.0925,1.0866,1.0816,1.0794,1.0807,1.4031,1.3329,1.2325,1.1029,1.1506,1.3665,1.4355,1.4424,1.8728,2.2354,2.1905,2.3017,2.477,2.6902,2.5774,2.3676,2.1992,2.0324,1.8831,1.6427,1.3775,1.2088,1.1401,1.0941,1.0322,0.9875,0.9931,1.0232,1.0468,1.056,1.0537,1.0452,1.0354,1.0282,1.0258,1.0289,1.4525,1.4041,1.3467,1.306,1.3469,1.4143,1.338,1.1246,1.3643,1.8664,2.1622,2.4014,2.53,2.7919,2.6781,2.4283,2.262,2.0534,2.0016,1.8157,1.5985,1.4224,1.2767,1.116,0.9218,0.8133,0.8691,0.9528,0.9976,1.0092,1.0016,0.9857,0.9697,0.9594,0.9576,0.9647,1.5063,1.481,1.4594,1.4551,1.4753,1.4808,1.4061,1.2748,1.4287,1.8558,2.1771,2.5331,2.6152,2.2591,2.4529,2.5657,2.404,2.1294,2.0038,1.8411,1.6561,1.4962,1.3317,1.1031,0.7785,0.6103,0.7621,0.9006,0.9538,0.9577,0.9371,0.9077,0.8816,0.8676,0.8689,0.8839,1.5566,1.5476,1.5445,1.5515,1.566,1.5728,1.5612,1.5736,1.7177,1.958,2.1423,2.2761,2.2956,2.2096,2.3763,2.5914,2.2888,2.1655,1.9742,1.7827,1.6077,1.4938,1.3637,1.1524,0.87,0.72,0.8079,0.8945,0.9172,0.8972,0.8524,0.7997,0.7578,0.7406,0.7508,0.7818,1.5995,1.6007,1.6072,1.6206,1.6396,1.662,1.6928,1.7557,1.8757,2.0241,2.11,2.1844,2.1942,2.2026,2.2408,2.2712,2.2089,2.0747,1.8869,1.6753,1.4613,1.4417,1.381,1.2217,1.0383,0.9212,0.8944,0.8913,0.8702,0.818,0.7354,0.6425,0.575,0.5589,0.5921,0.6541,1.6342,1.6415,1.6537,1.6717,1.696,1.728,1.7728,1.8393,1.9307,2.0301,2.0959,2.1268,2.1169,2.0981,2.0735,2.0477,2.005,1.8967,1.774,1.6285,1.4343,1.4284,1.3763,1.2332,1.0687,0.9366,0.8636,0.8332,0.798,0.7162,0.574,0.4057,0.2943,0.2954,0.383,0.5021,1.6611,1.6721,1.6875,1.7079,1.7345,1.7686,1.8126,1.8686,1.9341,1.998,2.0425,2.0582,2.0584,2.0243,1.8127,1.7012,1.7629,1.7429,1.7084,1.6396,1.5286,1.4495,1.3459,1.1819,0.9717,0.7673,0.6835,0.7123,0.7125,0.6073,0.3684,0.0539,-0.132,-0.0673,0.1331,0.3419,1.6812,1.6941,1.7107,1.7316,1.7575,1.7891,1.8269,1.8702,1.9153,1.9548,1.9788,1.9779,1.9389,1.7836,1.2879,1.0829,1.5382,1.6656,1.6633,1.5846,1.5203,1.424,1.2912,1.1015,0.8198,0.4617,0.3769,0.5811,0.6544,0.5324,0.1709,-0.3724,-0.6585,-0.4538,-0.091,0.2156,1.6953,1.7087,1.7252,1.7451,1.7686,1.7957,1.826,1.8578,1.8877,1.9102,1.9177,1.8996,1.8341,1.6623,1.3138,1.2001,1.4856,1.5892,1.538,1.5053,1.475,1.3602,1.2185,1.0416,0.7747,0.403,0.32,0.5918,0.6699,0.5433,0.1324,-0.5381,-0.8783,-0.5925,-0.1604,0.1786,1.7043,1.7174,1.7329,1.7508,1.771,1.7932,1.8164,1.8389,1.8577,1.8685,1.8655,1.8405,1.7811,1.6734,1.5395,1.4903,1.5394,1.5589,1.5262,1.4881,1.392,1.2307,1.1029,1.0023,0.8509,0.7075,0.7254,0.7499,0.7562,0.6547,0.3363,-0.1706,-0.4634,-0.3196,-0.0182,0.2506,1.7092,1.7214,1.7353,1.7508,1.7675,1.785,1.8022,1.8174,1.8282,1.8315,1.8234,1.799,1.7545,1.6909,1.6251,1.5842,1.5669,1.5418,1.4933,1.409,1.2364,0.9826,0.8853,0.9385,0.9053,0.8295,0.8003,0.823,0.88,0.8312,0.6235,0.3157,0.1002,0.0987,0.2306,0.3914,1.7107,1.7217,1.7338,1.7467,1.7602,1.7735,1.7857,1.7954,1.8007,1.7995,1.7892,1.7677,1.7341,1.6911,1.646,1.6058,1.5681,1.5212,1.4509,1.3318,1.114,0.8021,0.7213,0.8882,0.9367,0.8987,0.8742,0.9369,1.0535,1.0058,0.8351,0.6322,0.4786,0.4278,0.4646,0.5446,1.7097,1.7192,1.7294,1.74,1.7504,1.7602,1.7685,1.774,1.7755,1.7715,1.7604,1.7412,1.714,1.6801,1.6424,1.6024,1.5578,1.5016,1.423,1.3044,1.1271,0.9272,0.8651,0.9406,0.9781,0.9647,0.9585,1.006,1.0776,1.0416,0.9242,0.7945,0.6922,0.6413,0.6421,0.678]}]