docs/data/wind_grid.json
[{"header":{"la1":42.85,"la2":41.18,"lo1":11.55,"lo2":14.05,"nx":36,"ny":24,"dx":0.07143,"dy":0.07261,"parameterCategory":2,"parameterNumber":2,"parameterNumberName":"eastward_wind","parameterUnit":"m.s-1"},"data":[0.0341,0.0219,0.0076,-0.0085,-0.0255,-0.0415,-0.0545,-0.062,-0.0622,-0.0549,-0.0412,-0.0235,-0.0041,0.0147,0.0311,0.0432,0.0491,0.047,0.0355,0.0155,-0.0088,-0.0304,-0.0426,-0.043,-0.0337,-0.0187,-0.0018,0.015,0.0307,0.0448,0.0574,0.0687,0.0788,0.0878,0.096,0.1033,0.0385,0.0244,0.0068,-0.0143,-0.0379,-0.0619,-0.0824,-0.0953,-0.0968,-0.0864,-0.0664,-0.0408,-0.0136,0.0125,0.0352,0.0526,0.062,0.0598,0.0422,0.0083,-0.0354,-0.0743,-0.0935,-0.0896,-0.0701,-0.0445,-0.019,0.004,0.0238,0.0408,0.0554,0.0681,0.0793,0.0891,0.0979,0.1057,0.047,0.0314,0.0103,-0.017,-0.05,-0.0863,-0.1202,-0.1433,-0.1477,-0.1316,-0.1006,-0.0629,-0.0245,0.0112,0.0425,0.0679,0.0842,0.0854,0.0614,0.0046,-0.0774,-0.1517,-0.1805,-0.1609,-0.1185,-0.0744,-0.0367,-0.0062,0.0182,0.038,0.0545,0.0685,0.0806,0.0912,0.1005,0.1088,0.061,0.0451,0.0212,-0.013,-0.0587,-0.1143,-0.1722,-0.2161,-0.2269,-0.199,-0.1473,-0.0901,-0.0364,0.0114,0.0534,0.0899,0.1194,0.1336,0.1105,0.0197,-0.1417,-0.2971,-0.3335,-0.2645,-0.1754,-0.1035,-0.0513,-0.0134,0.015,0.0372,0.0552,0.0702,0.0831,0.0943,0.104,0.1126,0.082,0.0682,0.0438,0.0038,-0.0572,-0.1413,-0.2423,-0.3321,-0.3579,-0.3007,-0.208,-0.1206,-0.0476,0.0138,0.0675,0.1176,0.1687,0.2181,0.2276,0.1037,-0.2113,-0.5554,-0.5715,-0.3807,-0.2217,-0.1213,-0.0577,-0.0151,0.0155,0.0388,0.0576,0.0733,0.0867,0.0984,0.1085,0.1174,0.111,0.1029,0.0829,0.0417,-0.0332,-0.1528,-0.3217,-0.5095,-0.5745,-0.441,-0.2729,-0.1476,-0.0549,0.0198,0.0844,0.1465,0.2224,0.3387,0.4699,0.3613,-0.1452,-0.7176,-0.6965,-0.4083,-0.2208,-0.1152,-0.0518,-0.0101,0.0198,0.0429,0.0618,0.0778,0.0916,0.1036,0.114,0.1231,0.1476,0.1491,0.1399,0.1076,0.0279,-0.1217,-0.3535,-0.6623,-0.7918,-0.5431,-0.3084,-0.1615,-0.0556,0.0317,0.1067,0.1733,0.2546,0.4168,0.7185,0.6622,0.0886,-0.3323,-0.4071,-0.278,-0.1615,-0.0849,-0.0347,0.0004,0.0271,0.0489,0.0674,0.0835,0.0976,0.1099,0.1206,0.1299,0.1897,0.2017,0.2017,0.1872,0.1244,-0.0353,-0.269,-0.5276,-0.6278,-0.4675,-0.2961,-0.1643,-0.0519,0.0529,0.1468,0.2123,0.2604,0.3499,0.4958,0.3963,0.0494,-0.1006,-0.1478,-0.1303,-0.0867,-0.046,-0.0136,0.0126,0.0352,0.0554,0.0737,0.0901,0.1047,0.1175,0.1285,0.1378,0.2359,0.2589,0.2427,0.2057,0.2193,0.0752,-0.1522,-0.34,-0.4278,-0.4033,-0.3025,-0.1784,-0.0553,0.0826,0.2388,0.3186,0.2932,0.275,0.2535,0.1045,-0.1584,-0.143,-0.0731,-0.0501,-0.0331,-0.0158,0.002,0.021,0.0409,0.061,0.0801,0.0976,0.113,0.1264,0.1377,0.1471,0.286,0.3449,0.3761,0.3775,0.4428,0.2072,-0.0983,-0.3333,-0.5233,-0.5646,-0.3908,-0.2183,-0.0866,0.0854,0.4269,0.6041,0.3728,0.2722,0.2115,0.0892,-0.0817,-0.0862,-0.0262,-0.0075,-0.0062,-0.0051,0.0032,0.0196,0.0412,0.0642,0.0862,0.1059,0.1228,0.1369,0.1486,0.1579,0.3263,0.4469,0.6822,1.1534,1.0403,0.3412,-0.1195,-0.401,-0.7872,-0.9727,-0.5019,-0.2627,-0.1669,-0.0602,0.3222,0.5983,0.3573,0.2996,0.2655,0.185,0.09,0.0446,0.0332,0.0153,-0.0101,-0.0266,-0.0214,0.0024,0.0337,0.0649,0.0925,0.1157,0.1346,0.1496,0.1614,0.1705,0.3296,0.4638,0.7211,1.1131,0.9685,0.2471,-0.2278,-0.4336,-0.6048,-0.7229,-0.4315,-0.2897,-0.2812,-0.3908,-0.1842,0.153,0.2913,0.3913,0.3968,0.293,0.193,0.1228,0.0683,0.0065,-0.0644,-0.1063,-0.0883,-0.0356,0.0194,0.0652,0.1011,0.1286,0.1494,0.1651,0.1767,0.1852,0.2908,0.3797,0.5029,0.5884,0.4205,0.0215,-0.3275,-0.5063,-0.4601,-0.3899,-0.3235,-0.3828,-0.3644,-0.4936,-0.3094,0.1433,0.3481,0.5933,0.595,0.3725,0.241,0.1542,0.0744,-0.0371,-0.1948,-0.2845,-0.2086,-0.0872,0.0064,0.0708,0.1153,0.1465,0.1686,0.1841,0.1948,0.2019,0.2331,0.2714,0.2996,0.2737,0.1412,-0.0749,-0.2876,-0.425,-0.3825,-0.2526,-0.24,-0.5731,-0.6307,0.2016,0.1164,0.3665,0.4692,0.5392,0.5116,0.356,0.2331,0.1506,0.0703,-0.0723,-0.3323,-0.4881,-0.3123,-0.1122,0.0134,0.0901,0.1392,0.1717,0.1931,0.2071,0.2158,0.2209,0.1797,0.1873,0.1777,0.1334,0.0444,-0.0731,-0.1813,-0.2347,-0.1881,-0.0771,-0.0274,-0.1327,-0.0173,0.2849,0.277,0.4619,1.1115,0.6348,0.4265,0.2819,0.1604,0.1078,0.0706,-0.0338,-0.2385,-0.365,-0.2306,-0.0585,0.0566,0.1291,0.1754,0.2049,0.2232,0.2337,0.2392,0.2414,0.1404,0.1343,0.1152,0.0775,0.0221,-0.0393,-0.0852,-0.0896,-0.0285,0.1194,0.3889,-0.0647,0.0002,0.1803,0.2957,0.5852,0.9344,0.5901,0.3615,0.1877,-0.0056,0.0124,0.0705,0.0427,-0.0371,-0.0846,-0.0365,0.0517,0.129,0.1851,0.2223,0.2448,0.257,0.2625,0.2638,0.2627,0.1151,0.105,0.0869,0.0599,0.0272,-0.0029,-0.0179,-0.0034,0.0548,0.1771,0.3611,0.1637,0.1634,0.2394,0.2734,0.3881,0.4575,0.3772,0.2724,0.159,-0.0319,0.0022,0.091,0.1069,0.0896,0.0793,0.102,0.153,0.2085,0.2503,0.2748,0.286,0.2895,0.2892,0.2868,0.2829,0.1007,0.0909,0.0767,0.059,0.0407,0.0273,0.0259,0.0432,0.0834,0.1419,0.1851,0.1767,0.2211,0.2514,0.2612,0.2967,0.3073,0.2538,0.2041,0.1915,0.1295,0.1167,0.1454,0.1616,0.1502,0.1178,0.1283,0.2097,0.2851,0.3207,0.326,0.3174,0.3095,0.3068,0.3046,0.3004,0.0939,0.0859,0.0759,0.0649,0.0554,0.0507,0.0544,0.0693,0.0951,0.1263,0.1521,0.1716,0.1994,0.231,0.2767,0.2935,0.2681,0.2322,0.2069,0.2015,0.1896,0.1853,0.1998,0.2144,0.1766,0.0082,-0.0267,0.2373,0.3834,0.4043,0.371,0.3247,0.3037,0.3092,0.3155,0.3146,0.0919,0.086,0.0794,0.0732,0.069,0.0686,0.0741,0.0864,0.1046,0.1259,0.1472,0.1688,0.194,0.2258,0.2665,0.2791,0.2534,0.228,0.2028,0.195,0.2048,0.2152,0.2406,0.2794,0.2736,0.0451,-0.014,0.4694,0.5736,0.5184,0.4234,0.3278,0.2927,0.3101,0.3256,0.3279,0.0929,0.0889,0.085,0.0819,0.0808,0.0827,0.0887,0.0991,0.1133,0.1301,0.1484,0.168,0.1897,0.2137,0.2357,0.2441,0.2369,0.2241,0.2101,0.2053,0.2108,0.2195,0.2522,0.3409,0.4956,0.7681,1.3134,1.189,0.8485,0.6558,0.5117,0.3915,0.3372,0.3382,0.3453,0.3437,0.0956,0.0931,0.0912,0.0902,0.0909,0.0941,0.1002,0.1093,0.1212,0.1352,0.1508,0.1676,0.1852,0.2027,0.2172,0.225,0.2258,0.2223,0.2175,0.2138,0.205,0.1777,0.1858,0.3305,0.6243,1.1808,1.9116,1.5142,0.9518,0.754,0.6139,0.4914,0.4176,0.3875,0.374,0.3622,0.0992,0.098,0.0974,0.0978,0.0997,0.1035,0.1095,0.1177,0.128,0.14,0.1533,0.1675,0.182,0.1957,0.2072,0.2152,0.2196,0.2212,0.2208,0.2165,0.195,0.1305,0.1079,0.283,0.5851,0.9747,1.2618,1.071,0.8329,0.7888,0.6817,0.5648,0.4814,0.4318,0.4016,0.3799,0.1032,0.103,0.1034,0.1048,0.1074,0.1115,0.1173,0.1248,0.1339,0.1444,0.1559,0.168,0.1802,0.1918,0.2021,0.2104,0.2167,0.2214,0.2243,0.223,0.2097,0.1794,0.1873,0.3128,0.5218,0.745,0.8779,0.8521,0.8103,0.7838,0.6935,0.5925,0.5133,0.4584,0.4206,0.393]},{"header":{"la1":42.85,"la2":41.18,"lo1":11.55,"lo2":14.05,"nx":36,"ny":24,"dx":0.07143,"dy":0.07261,"parameterCategory":2,"parameterNumber":3,"parameterNumberName":"northward_wind","parameterUnit":"m.s-1"},"data":[0.3743,0.3543,0.3307,0.3038,0.2746,0.2455,0.2199,0.2014,0.193,0.1948,0.2046,0.2188,0.2344,0.2493,0.2626,0.2739,0.283,0.2894,0.2926,0.2926,0.2904,0.2881,0.2875,0.2897,0.2943,0.3007,0.3079,0.3155,0.3233,0.3311,0.3389,0.3466,0.3543,0.3618,0.3691,0.3761,0.3815,0.3587,0.3304,0.2963,0.257,0.2156,0.1776,0.1503,0.1396,0.1463,0.1654,0.1899,0.214,0.2353,0.2534,0.2686,0.2809,0.2894,0.2928,0.2903,0.2836,0.2766,0.2738,0.2765,0.2832,0.2919,0.301,0.3101,0.3191,0.3278,0.3365,0.345,0.3534,0.3616,0.3695,0.3772,0.393,0.3679,0.3347,0.2918,0.2385,0.1774,0.1171,0.0722,0.0571,0.0745,0.1121,0.1541,0.191,0.2206,0.2444,0.2645,0.2817,0.2943,0.2986,0.2915,0.275,0.2583,0.2521,0.2578,0.2695,0.2821,0.294,0.3048,0.315,0.3248,0.3343,0.3437,0.3529,0.3619,0.3705,0.3788,0.4099,0.3837,0.3467,0.2946,0.2229,0.1308,0.0284,-0.0547,-0.0797,-0.0373,0.0389,0.1119,0.167,0.2058,0.2352,0.2611,0.2861,0.3076,0.3164,0.3016,0.2633,0.2242,0.2148,0.2317,0.254,0.2727,0.2876,0.3001,0.3113,0.322,0.3325,0.3428,0.3529,0.3627,0.3721,0.3811,0.4332,0.4082,0.3703,0.3116,0.2201,0.0831,-0.098,-0.2718,-0.3248,-0.2165,-0.0558,0.0686,0.1456,0.1917,0.2244,0.256,0.2934,0.3349,0.361,0.3369,0.2524,0.1611,0.156,0.2029,0.2414,0.266,0.2828,0.2961,0.308,0.3195,0.3309,0.3422,0.3533,0.3642,0.3745,0.3842,0.4629,0.4415,0.4074,0.3504,0.2473,0.0611,-0.2455,-0.6293,-0.7676,-0.4789,-0.1507,0.0403,0.1332,0.1785,0.2083,0.2431,0.2969,0.3773,0.4585,0.434,0.2797,0.1201,0.1248,0.1965,0.2403,0.2644,0.2801,0.2928,0.3048,0.317,0.3295,0.342,0.3544,0.3664,0.3778,0.3883,0.4976,0.4801,0.4522,0.4092,0.3197,0.1164,-0.2907,-0.9512,-1.2527,-0.6621,-0.1661,0.0522,0.135,0.1634,0.1795,0.2106,0.2769,0.3978,0.565,0.5485,0.356,0.2299,0.2035,0.2301,0.2525,0.2669,0.2781,0.2891,0.301,0.3141,0.328,0.3422,0.3563,0.3697,0.3822,0.3937,0.5368,0.5183,0.4816,0.4512,0.4187,0.2694,-0.0653,-0.5799,-0.8031,-0.3775,-0.0282,0.112,0.1475,0.1393,0.1249,0.1417,0.2116,0.3287,0.4542,0.4491,0.3699,0.3252,0.2845,0.2679,0.2652,0.2676,0.2734,0.2827,0.2952,0.3101,0.3264,0.3429,0.3591,0.3743,0.3882,0.4007,0.5846,0.566,0.487,0.4047,0.4993,0.4615,0.2772,0.072,0.0023,0.0926,0.1726,0.1892,0.1591,0.0971,0.0197,0.0055,0.1026,0.2231,0.3129,0.3531,0.3862,0.3721,0.3161,0.282,0.2654,0.2592,0.2614,0.2708,0.2859,0.3044,0.3244,0.3444,0.3634,0.3807,0.3962,0.4098,0.6463,0.6637,0.6401,0.6124,0.7481,0.6796,0.546,0.4483,0.4039,0.3824,0.3256,0.2501,0.1626,0.0484,-0.1559,-0.2574,-0.0166,0.1513,0.2456,0.3074,0.3571,0.3495,0.3051,0.27,0.2465,0.2346,0.2359,0.2495,0.2711,0.2964,0.3224,0.3472,0.3699,0.3898,0.407,0.4215,0.7085,0.7908,0.9611,1.3205,1.2629,0.8947,0.7431,0.6685,0.5376,0.4875,0.4117,0.2825,0.1527,0.0289,-0.1501,-0.2717,-0.0168,0.1434,0.2259,0.268,0.2923,0.2916,0.2679,0.2347,0.2019,0.1829,0.1882,0.2142,0.2497,0.2868,0.3216,0.3528,0.3798,0.4027,0.4214,0.4366,0.7431,0.8478,1.0409,1.319,1.2578,0.9607,0.9113,0.9524,0.7392,0.5542,0.4484,0.2923,0.1221,-0.0651,-0.0564,-0.028,0.0628,0.2124,0.2763,0.2648,0.2589,0.2502,0.2257,0.1791,0.118,0.0823,0.1043,0.1615,0.2232,0.278,0.3245,0.3633,0.3951,0.4207,0.4407,0.4559,0.7423,0.8238,0.9336,1.0273,1.0,0.934,1.0147,1.1945,1.0291,0.6984,0.4762,0.2834,0.1664,-0.1036,-0.0684,-0.0593,0.0295,0.3803,0.4124,0.2777,0.2397,0.2196,0.1861,0.1093,-0.0219,-0.0994,-0.0235,0.0991,0.1999,0.2761,0.3351,0.3817,0.4182,0.446,0.4663,0.4806,0.7211,0.7739,0.829,0.8661,0.8722,0.8887,0.9711,1.0842,0.9925,0.7386,0.5346,0.2358,0.1785,0.602,0.0711,-0.4244,-0.2163,0.1867,0.2989,0.2424,0.2049,0.1826,0.1541,0.0603,-0.1535,-0.2897,-0.1279,0.0645,0.1966,0.2889,0.3583,0.4118,0.4521,0.4808,0.4998,0.5114,0.695,0.7289,0.7607,0.7844,0.8016,0.8268,0.8683,0.8952,0.8534,0.799,0.7581,0.5902,0.6371,1.1403,0.151,-0.5115,-0.0922,0.0546,0.1871,0.1863,0.1162,0.1037,0.1272,0.0785,-0.0791,-0.1838,-0.063,0.1005,0.2258,0.3218,0.398,0.4574,0.5003,0.5279,0.543,0.5493,0.6706,0.6939,0.7154,0.7336,0.7503,0.7691,0.7896,0.8052,0.8314,0.9685,1.3774,0.7445,0.6768,0.6625,0.3254,0.0333,0.0275,0.1494,0.2417,0.1503,-0.1281,-0.0701,0.1002,0.1308,0.0769,0.0373,0.0806,0.1731,0.2753,0.372,0.4558,0.5221,0.5668,0.5901,0.5969,0.5942,0.6498,0.6667,0.6826,0.6971,0.7108,0.7251,0.7413,0.7649,0.8215,0.9838,1.2959,0.9525,0.773,0.7531,0.481,0.3082,0.2816,0.3932,0.4748,0.274,-0.1514,-0.0729,0.1353,0.1843,0.1521,0.1122,0.1244,0.2044,0.3185,0.4325,0.5322,0.6097,0.6557,0.6689,0.6607,0.6443,0.6321,0.645,0.6573,0.6688,0.68,0.6919,0.7066,0.7296,0.7724,0.843,0.8889,0.8117,0.7814,0.7579,0.5653,0.4851,0.4904,0.6981,0.9312,0.6076,0.3155,0.2325,0.2591,0.2396,0.1381,-0.01,-0.0293,0.1448,0.3463,0.5038,0.626,0.7191,0.7651,0.7594,0.7284,0.6945,0.617,0.6272,0.6368,0.646,0.6551,0.6648,0.6766,0.6928,0.7152,0.7382,0.7414,0.7134,0.6809,0.6323,0.5831,0.5816,0.5816,0.7433,0.8899,0.8066,0.6099,0.4634,0.3915,0.3003,0.0725,-0.3773,-0.474,0.0374,0.4056,0.6003,0.7261,0.8242,0.8665,0.838,0.785,0.7368,0.6041,0.6122,0.6198,0.6272,0.6343,0.6417,0.6499,0.6594,0.6691,0.6748,0.6697,0.6518,0.6258,0.5964,0.5821,0.5833,0.6066,0.7235,0.9543,1.0517,0.7651,0.5985,0.5123,0.4089,0.1698,-0.3898,-0.5205,0.2622,0.6113,0.7491,0.8169,0.8701,0.8973,0.8677,0.8145,0.7644,0.5929,0.5994,0.6055,0.6112,0.6167,0.6219,0.6271,0.6319,0.6351,0.6347,0.6282,0.6154,0.5987,0.5833,0.5765,0.5826,0.6155,0.7025,0.8431,0.8843,0.7609,0.6845,0.6448,0.5804,0.5133,0.582,1.0598,1.0551,0.9785,0.978,0.9374,0.8965,0.8827,0.8613,0.8223,0.7791,0.5832,0.5884,0.5932,0.5977,0.6017,0.6053,0.6083,0.6103,0.6107,0.6083,0.6026,0.5938,0.5838,0.5762,0.5749,0.5845,0.612,0.6626,0.7209,0.7453,0.7457,0.7912,0.8075,0.7435,0.7782,1.0998,1.6196,1.4386,1.362,1.3154,1.1426,0.9939,0.9145,0.8696,0.8293,0.7888,0.5747,0.5789,0.5828,0.5862,0.5891,0.5915,0.5931,0.5938,0.593,0.5904,0.586,0.5804,0.5749,0.5719,0.5739,0.5839,0.6046,0.6358,0.6708,0.7047,0.7602,0.868,0.901,0.8231,0.8651,1.0808,1.3267,1.5084,1.8565,1.7222,1.3672,1.1165,0.976,0.8965,0.8421,0.7977,0.5673,0.5707,0.5738,0.5765,0.5786,0.5802,0.5811,0.5811,0.5801,0.5781,0.5751,0.5718,0.5693,0.5691,0.5728,0.5823,0.5987,0.6219,0.6507,0.6881,0.7447,0.8171,0.8418,0.825,0.8774,1.0259,1.2377,1.562,1.919,1.7859,1.4367,1.1759,1.0162,0.9185,0.8532,0.8042]}]