docs/data/wind_grid.json
[{"header":{"la1":42.85,"la2":41.18,"lo1":11.55,"lo2":14.05,"nx":36,"ny":24,"dx":0.07143,"dy":0.07261,"parameterCategory":2,"parameterNumber":2,"parameterNumberName":"eastward_wind","parameterUnit":"m.s-1"},"data":[-0.3508,-0.3615,-0.3733,-0.386,-0.3993,-0.4122,-0.4236,-0.4322,-0.4378,-0.4409,-0.4438,-0.449,-0.4588,-0.4743,-0.4955,-0.5212,-0.5486,-0.5738,-0.5926,-0.602,-0.601,-0.5909,-0.5746,-0.5549,-0.5341,-0.5137,-0.4946,-0.4772,-0.4615,-0.4476,-0.4352,-0.4242,-0.4145,-0.4058,-0.3981,-0.3911,-0.3519,-0.3641,-0.3781,-0.3939,-0.4111,-0.4285,-0.444,-0.4549,-0.4595,-0.4589,-0.4567,-0.4579,-0.4663,-0.484,-0.5112,-0.5464,-0.5856,-0.6226,-0.6499,-0.6618,-0.657,-0.6389,-0.6131,-0.5845,-0.5562,-0.5299,-0.5064,-0.4857,-0.4676,-0.452,-0.4383,-0.4265,-0.4161,-0.407,-0.3989,-0.3917,-0.3521,-0.366,-0.3826,-0.4024,-0.4254,-0.4503,-0.4738,-0.49,-0.4938,-0.4858,-0.4735,-0.4664,-0.4713,-0.4911,-0.5262,-0.5751,-0.6329,-0.6898,-0.7315,-0.7462,-0.7327,-0.6997,-0.6585,-0.6168,-0.5787,-0.5454,-0.5169,-0.4928,-0.4724,-0.4551,-0.4404,-0.4278,-0.4169,-0.4075,-0.3992,-0.3918,-0.3512,-0.3665,-0.3857,-0.4101,-0.441,-0.4783,-0.5176,-0.547,-0.5515,-0.5288,-0.496,-0.4734,-0.4715,-0.493,-0.538,-0.606,-0.6929,-0.7843,-0.852,-0.8692,-0.8357,-0.7748,-0.709,-0.6495,-0.5995,-0.5585,-0.5251,-0.4978,-0.4754,-0.4568,-0.4412,-0.4281,-0.4169,-0.4073,-0.3989,-0.3915,-0.3486,-0.3649,-0.3861,-0.4148,-0.4547,-0.5099,-0.5788,-0.6409,-0.6528,-0.5986,-0.5242,-0.475,-0.4631,-0.4862,-0.5423,-0.6338,-0.7629,-0.9146,-1.0327,-1.0491,-0.9704,-0.8597,-0.7586,-0.6779,-0.6155,-0.5673,-0.5297,-0.4999,-0.476,-0.4566,-0.4406,-0.4273,-0.4161,-0.4064,-0.3981,-0.3907,-0.3442,-0.3605,-0.3821,-0.4128,-0.4592,-0.5331,-0.647,-0.7813,-0.8222,-0.6983,-0.5468,-0.462,-0.4411,-0.4669,-0.5332,-0.6471,-0.8247,-1.0667,-1.2767,-1.2824,-1.1166,-0.9343,-0.7945,-0.6947,-0.6228,-0.5697,-0.5295,-0.4984,-0.4739,-0.4544,-0.4385,-0.4254,-0.4143,-0.4049,-0.3967,-0.3896,-0.3381,-0.3534,-0.3733,-0.4016,-0.446,-0.5242,-0.6688,-0.8923,-0.9892,-0.7572,-0.5222,-0.4186,-0.4008,-0.4332,-0.5065,-0.6307,-0.8342,-1.1449,-1.4503,-1.4401,-1.1893,-0.9584,-0.7999,-0.6931,-0.6184,-0.5643,-0.5239,-0.4931,-0.4691,-0.4502,-0.435,-0.4224,-0.4119,-0.4029,-0.395,-0.3881,-0.3309,-0.3445,-0.3612,-0.3829,-0.4143,-0.4675,-0.5699,-0.7406,-0.8061,-0.5873,-0.3976,-0.3354,-0.3433,-0.388,-0.4646,-0.5831,-0.7649,-1.0278,-1.284,-1.291,-1.0968,-0.9065,-0.7688,-0.6718,-0.6022,-0.5511,-0.5129,-0.4841,-0.4618,-0.4443,-0.4303,-0.4187,-0.4089,-0.4005,-0.3931,-0.3865,-0.3234,-0.3356,-0.3494,-0.3642,-0.3789,-0.3921,-0.4018,-0.3959,-0.3279,-0.2198,-0.1919,-0.2281,-0.28,-0.3395,-0.4175,-0.5273,-0.6744,-0.8446,-0.9833,-1.0085,-0.9275,-0.8164,-0.7167,-0.6374,-0.5769,-0.5315,-0.4976,-0.4721,-0.4526,-0.4373,-0.4249,-0.4146,-0.4057,-0.3979,-0.391,-0.3848,-0.3162,-0.3283,-0.3416,-0.3546,-0.3628,-0.3545,-0.3018,-0.1491,0.1271,0.2393,0.0433,-0.1325,-0.2297,-0.2968,-0.374,-0.4883,-0.6398,-0.7882,-0.8771,-0.8835,-0.8278,-0.7461,-0.6656,-0.5982,-0.5462,-0.5075,-0.4791,-0.4582,-0.4424,-0.4299,-0.4195,-0.4106,-0.4027,-0.3956,-0.3891,-0.3832,-0.3092,-0.3226,-0.3389,-0.3578,-0.3774,-0.3886,-0.3563,-0.149,0.5298,0.8465,0.2138,-0.0948,-0.2073,-0.2632,-0.3315,-0.4698,-0.6944,-0.9291,-1.0199,-0.948,-0.824,-0.7108,-0.6222,-0.5574,-0.5119,-0.4806,-0.4591,-0.4439,-0.4325,-0.4232,-0.415,-0.4074,-0.4003,-0.3937,-0.3875,-0.3817,-0.3015,-0.3168,-0.3377,-0.3672,-0.4107,-0.4761,-0.5656,-0.5824,-0.0275,0.4206,0.0706,-0.1311,-0.2071,-0.2351,-0.2873,-0.4611,-0.8534,-1.3933,-1.4923,-1.1582,-0.8645,-0.6824,-0.5745,-0.5108,-0.4735,-0.452,-0.4394,-0.4313,-0.425,-0.4189,-0.4125,-0.4058,-0.399,-0.3924,-0.3862,-0.3805,-0.2918,-0.308,-0.332,-0.3692,-0.4308,-0.5385,-0.7243,-0.9026,-0.7438,-0.2309,-0.1212,-0.193,-0.2171,-0.2361,-0.2752,-0.4673,-1.019,-2.1615,-2.1775,-1.3182,-0.8406,-0.6117,-0.5025,-0.4519,-0.4307,-0.4238,-0.423,-0.4233,-0.4221,-0.4186,-0.413,-0.4061,-0.3989,-0.3918,-0.3853,-0.3794,-0.2791,-0.2941,-0.3169,-0.3529,-0.4122,-0.512,-0.6709,-0.8632,-0.7048,-0.2691,-0.1051,-0.2428,-0.2857,-0.0354,-0.2222,-0.5179,-0.9429,-1.5991,-1.6722,-1.0542,-0.6457,-0.4598,-0.3939,-0.3797,-0.3865,-0.401,-0.4152,-0.4246,-0.4275,-0.4246,-0.4176,-0.4087,-0.3996,-0.3914,-0.3843,-0.3782,-0.2631,-0.2747,-0.292,-0.3181,-0.3575,-0.4137,-0.4779,-0.4907,-0.3218,-0.0178,0.1607,0.0693,-0.0286,-0.0059,-0.1941,-0.7208,-1.1791,-0.948,-0.8355,-0.5622,-0.3105,-0.2336,-0.2592,-0.3042,-0.3506,-0.3929,-0.4246,-0.4419,-0.4453,-0.4387,-0.4264,-0.4126,-0.4001,-0.39,-0.3824,-0.3764,-0.2448,-0.2514,-0.2607,-0.2731,-0.288,-0.2999,-0.291,-0.2201,-0.0332,0.3061,0.8026,0.3583,0.1883,0.0191,-0.1509,-0.5852,-0.9418,-0.626,-0.3874,-0.188,0.0191,-0.0107,-0.1406,-0.2473,-0.3391,-0.4153,-0.4651,-0.4844,-0.4801,-0.4619,-0.438,-0.415,-0.3972,-0.3855,-0.3783,-0.3733,-0.2255,-0.2267,-0.228,-0.228,-0.2235,-0.2073,-0.165,-0.0736,0.0948,0.3743,0.7335,0.4611,0.2477,0.2029,0.0139,-0.176,-0.2808,-0.1497,-0.0012,0.0186,0.0753,0.0393,-0.0905,-0.23,-0.3716,-0.4918,-0.5567,-0.5633,-0.5354,-0.493,-0.4479,-0.4099,-0.3858,-0.3748,-0.3707,-0.3686,-0.2066,-0.2033,-0.198,-0.189,-0.173,-0.1443,-0.0943,-0.0131,0.1054,0.2496,0.3457,0.2953,0.2453,0.2356,0.2043,0.1835,0.0973,0.214,0.3646,0.2247,0.1156,0.0362,-0.0795,-0.2492,-0.4604,-0.6494,-0.7202,-0.6824,-0.6087,-0.5279,-0.4498,-0.3894,-0.3602,-0.3557,-0.3596,-0.3627,-0.1895,-0.1825,-0.1728,-0.1587,-0.1375,-0.1059,-0.0598,0.003,0.0797,0.1553,0.2016,0.2068,0.209,0.258,0.4972,0.6022,0.313,0.3146,0.4106,0.4625,0.2971,0.1211,-0.0455,-0.2692,-0.5723,-0.8623,-0.9226,-0.8098,-0.6869,-0.5635,-0.4437,-0.3551,-0.3247,-0.3338,-0.3488,-0.3576,-0.1746,-0.1653,-0.1531,-0.1366,-0.1142,-0.0842,-0.0454,0.0019,0.0536,0.1014,0.1362,0.1591,0.19,0.2741,0.4693,0.5308,0.3596,0.3873,0.6916,0.8333,0.4657,0.2277,0.0381,-0.2288,-0.5931,-0.9142,-0.972,-0.8893,-0.7601,-0.6036,-0.4505,-0.3413,-0.31,-0.326,-0.3456,-0.356,-0.1623,-0.1517,-0.1383,-0.1213,-0.0998,-0.073,-0.0409,-0.0046,0.0332,0.0685,0.0989,0.127,0.1636,0.2243,0.3027,0.3304,0.3129,0.3777,0.558,0.6176,0.4587,0.357,0.2361,-0.067,-0.4991,-0.8763,-1.1082,-1.0437,-0.8417,-0.6485,-0.4866,-0.3784,-0.3394,-0.3426,-0.3532,-0.3589,-0.1525,-0.1413,-0.1277,-0.1112,-0.0914,-0.068,-0.0413,-0.0124,0.0172,0.0458,0.0727,0.0999,0.1315,0.1705,0.2099,0.2356,0.2579,0.3098,0.3866,0.4312,0.4767,0.6403,0.6594,0.2407,-0.3451,-0.8964,-1.2657,-1.139,-0.8728,-0.6695,-0.5232,-0.4289,-0.3832,-0.3688,-0.3656,-0.3636,-0.1449,-0.1336,-0.1204,-0.1049,-0.087,-0.0666,-0.0442,-0.0203,0.004,0.0281,0.0516,0.0756,0.1014,0.1291,0.1563,0.1811,0.2089,0.2489,0.3018,0.3743,0.5369,0.8656,0.9625,0.4735,-0.1523,-0.6684,-0.9567,-0.9386,-0.7849,-0.6388,-0.5287,-0.4541,-0.4099,-0.3868,-0.3746,-0.3666,-0.1392,-0.1282,-0.1157,-0.1014,-0.0853,-0.0675,-0.0483,-0.0281,-0.0076,0.013,0.0334,0.0541,0.0753,0.0972,0.1191,0.1417,0.1677,0.2017,0.2492,0.327,0.4727,0.6762,0.7033,0.3888,-0.0484,-0.4173,-0.6362,-0.6901,-0.6441,-0.5703,-0.5024,-0.4504,-0.4145,-0.3913,-0.3762,-0.3656]},{"header":{"la1":42.85,"la2":41.18,"lo1":11.55,"lo2":14.05,"nx":36,"ny":24,"dx":0.07143,"dy":0.07261,"parameterCategory":2,"parameterNumber":3,"parameterNumberName":"northward_wind","parameterUnit":"m.s-1"},"data":[-0.2507,-0.2338,-0.2136,-0.1907,-0.1661,-0.1421,-0.1217,-0.1083,-0.104,-0.1083,-0.1185,-0.1305,-0.1409,-0.1475,-0.1498,-0.1484,-0.1446,-0.14,-0.1363,-0.1348,-0.1359,-0.1396,-0.1454,-0.1526,-0.1608,-0.1696,-0.1788,-0.1884,-0.1981,-0.208,-0.2179,-0.2277,-0.2374,-0.2467,-0.2557,-0.2641,-0.2556,-0.2357,-0.2108,-0.1808,-0.1468,-0.1117,-0.0808,-0.0606,-0.0561,-0.0672,-0.088,-0.1106,-0.1288,-0.1397,-0.1431,-0.1404,-0.1338,-0.126,-0.1197,-0.1172,-0.119,-0.1245,-0.1326,-0.1421,-0.1523,-0.1628,-0.1736,-0.1846,-0.1957,-0.2068,-0.218,-0.229,-0.2397,-0.2501,-0.26,-0.2692,-0.2638,-0.241,-0.2107,-0.1717,-0.124,-0.0707,-0.0202,0.0141,0.0197,-0.0045,-0.0456,-0.0868,-0.1173,-0.134,-0.1381,-0.1327,-0.1211,-0.1077,-0.0972,-0.0935,-0.0971,-0.1062,-0.118,-0.1307,-0.1434,-0.156,-0.1686,-0.1811,-0.1937,-0.2063,-0.2188,-0.2312,-0.2432,-0.2547,-0.2655,-0.2756,-0.2765,-0.2517,-0.2162,-0.1668,-0.1005,-0.0182,0.0695,0.1357,0.1464,0.0947,0.013,-0.0607,-0.1093,-0.1328,-0.1365,-0.126,-0.1061,-0.0828,-0.0649,-0.06,-0.0685,-0.0843,-0.102,-0.1189,-0.1347,-0.1495,-0.1639,-0.1781,-0.1923,-0.2065,-0.2207,-0.2345,-0.2479,-0.2607,-0.2726,-0.2836,-0.2951,-0.2702,-0.2316,-0.1728,-0.0851,0.0394,0.1956,0.336,0.3662,0.2522,0.0874,-0.0396,-0.1107,-0.1394,-0.1401,-0.1218,-0.0892,-0.049,-0.0173,-0.0123,-0.032,-0.0601,-0.0862,-0.1081,-0.1269,-0.1438,-0.1599,-0.1758,-0.1918,-0.2078,-0.2237,-0.2393,-0.2544,-0.2686,-0.2817,-0.2936,-0.3205,-0.2987,-0.2616,-0.1993,-0.0954,0.0752,0.3357,0.636,0.7294,0.4722,0.1529,-0.0426,-0.1305,-0.1572,-0.1508,-0.1228,-0.0749,-0.0095,0.0468,0.0488,0.0067,-0.039,-0.0739,-0.0998,-0.1206,-0.1391,-0.1567,-0.1743,-0.1921,-0.2102,-0.2282,-0.2459,-0.2629,-0.2788,-0.2933,-0.3062,-0.3527,-0.3383,-0.3097,-0.2557,-0.1553,0.0317,0.372,0.8737,1.0842,0.6044,0.1238,-0.1008,-0.1765,-0.1871,-0.1687,-0.1323,-0.0748,0.0102,0.0924,0.0899,0.0258,-0.031,-0.069,-0.0953,-0.1163,-0.1354,-0.1542,-0.1736,-0.1936,-0.2141,-0.2347,-0.2549,-0.2742,-0.292,-0.308,-0.322,-0.3902,-0.3873,-0.3747,-0.3436,-0.2764,-0.139,0.1279,0.541,0.7025,0.2726,-0.0966,-0.228,-0.245,-0.2236,-0.1904,-0.1498,-0.0967,-0.0238,0.0469,0.05,0.0018,-0.0421,-0.072,-0.094,-0.1132,-0.1322,-0.1522,-0.1736,-0.1963,-0.2198,-0.2436,-0.2669,-0.2889,-0.3091,-0.3268,-0.3418,-0.4299,-0.4413,-0.45,-0.4519,-0.4391,-0.3984,-0.3179,-0.2282,-0.2609,-0.4069,-0.4464,-0.387,-0.3133,-0.2547,-0.2085,-0.1673,-0.1263,-0.0824,-0.0435,-0.0316,-0.0444,-0.0621,-0.0778,-0.0929,-0.1094,-0.1283,-0.1499,-0.174,-0.2002,-0.2277,-0.2556,-0.2829,-0.3084,-0.3313,-0.3509,-0.3668,-0.4678,-0.4937,-0.5246,-0.5613,-0.6044,-0.6545,-0.7194,-0.8371,-1.0549,-1.1084,-0.8029,-0.5125,-0.3498,-0.2684,-0.2181,-0.177,-0.146,-0.1249,-0.106,-0.089,-0.0786,-0.0753,-0.0784,-0.0876,-0.1024,-0.1224,-0.1467,-0.1747,-0.2056,-0.2384,-0.2718,-0.3042,-0.3342,-0.3604,-0.3819,-0.3984,-0.4995,-0.5378,-0.5876,-0.6534,-0.7412,-0.8556,-0.9943,-1.1709,-1.5988,-1.8195,-1.0395,-0.5359,-0.3348,-0.2719,-0.2285,-0.177,-0.1532,-0.1625,-0.1604,-0.129,-0.0948,-0.0738,-0.0677,-0.074,-0.0899,-0.1131,-0.1419,-0.1754,-0.2128,-0.2528,-0.2936,-0.333,-0.3687,-0.3989,-0.4223,-0.4388,-0.5217,-0.5681,-0.6301,-0.7149,-0.8322,-0.9917,-1.1859,-1.3326,-1.4308,-1.4767,-0.8686,-0.4272,-0.2839,-0.3202,-0.2683,-0.1599,-0.148,-0.2539,-0.2732,-0.1737,-0.0926,-0.0514,-0.04,-0.0487,-0.07,-0.0994,-0.1349,-0.176,-0.2221,-0.272,-0.3232,-0.3723,-0.4157,-0.4505,-0.4754,-0.4905,-0.5322,-0.5814,-0.6473,-0.7376,-0.8641,-1.0425,-1.2802,-1.4934,-1.3497,-0.9837,-0.5584,-0.2636,-0.1777,-0.3287,-0.2633,-0.066,-0.0793,-0.4539,-0.465,-0.1908,-0.0503,0.0057,0.0124,-0.0083,-0.0416,-0.0809,-0.1252,-0.1759,-0.2338,-0.2977,-0.3639,-0.4268,-0.4806,-0.5208,-0.5459,-0.5572,-0.5309,-0.5776,-0.6388,-0.7207,-0.832,-0.9833,-1.1748,-1.3464,-1.2017,-0.7354,-0.355,-0.1685,-0.0982,0.3129,0.0787,0.2232,0.3141,-0.1228,-0.2453,-0.0592,0.075,0.1236,0.1002,0.0481,-0.0062,-0.058,-0.1119,-0.1739,-0.2474,-0.3315,-0.4203,-0.5041,-0.5725,-0.6183,-0.6406,-0.6432,-0.5194,-0.5594,-0.6097,-0.6731,-0.7521,-0.8454,-0.936,-0.9577,-0.7856,-0.4643,-0.2086,-0.0416,0.1764,0.5748,0.2826,0.7285,1.3626,0.5167,0.1346,0.1676,0.3302,0.3471,0.229,0.113,0.0306,-0.031,-0.0913,-0.1654,-0.2604,-0.3752,-0.4997,-0.6164,-0.7057,-0.7558,-0.7681,-0.753,-0.5004,-0.5317,-0.5683,-0.6102,-0.6547,-0.6937,-0.706,-0.6519,-0.4969,-0.2859,-0.1649,0.1131,0.1288,0.2082,0.2314,0.6226,1.0496,0.4844,0.1852,0.3369,0.7743,0.684,0.3547,0.1583,0.0603,0.0048,-0.0523,-0.1396,-0.2667,-0.4299,-0.6132,-0.784,-0.9032,-0.951,-0.9378,-0.8894,-0.4773,-0.4994,-0.523,-0.5461,-0.5643,-0.569,-0.546,-0.4785,-0.3625,-0.2307,-0.157,-0.036,-0.0204,-0.0425,0.0283,0.1412,0.2102,0.0346,-0.0765,0.2161,0.8161,0.7014,0.3349,0.1471,0.0831,0.0705,0.0329,-0.0763,-0.2561,-0.4953,-0.7749,-1.0364,-1.1965,-1.2222,-1.1537,-1.0483,-0.4527,-0.4669,-0.4799,-0.4894,-0.4912,-0.4795,-0.4469,-0.3882,-0.3073,-0.2221,-0.1532,-0.101,-0.0901,-0.1098,-0.2228,-0.2741,-0.1997,-0.339,-0.531,-0.182,0.1839,0.2615,0.1538,0.087,0.1214,0.2161,0.2166,0.046,-0.2227,-0.5673,-0.9908,-1.3968,-1.6039,-1.5646,-1.3969,-1.2102,-0.429,-0.4369,-0.4422,-0.443,-0.4364,-0.4188,-0.3872,-0.341,-0.2846,-0.2277,-0.1813,-0.1552,-0.1659,-0.2702,-0.6339,-0.7771,-0.4239,-0.3926,-0.4654,-0.3235,-0.1605,-0.0561,-0.0327,0.0109,0.1738,0.466,0.5215,0.1849,-0.1939,-0.6308,-1.2105,-1.7947,-2.0364,-1.8884,-1.6008,-1.3343,-0.4073,-0.4106,-0.411,-0.4069,-0.3966,-0.3783,-0.3511,-0.3158,-0.2763,-0.2387,-0.211,-0.2037,-0.2364,-0.3559,-0.6127,-0.6901,-0.455,-0.3637,-0.3767,-0.3861,-0.2968,-0.237,-0.1983,-0.1045,0.1105,0.4803,0.5562,0.1064,-0.2368,-0.6566,-1.2826,-1.9424,-2.1936,-1.9968,-1.6654,-1.3735,-0.3883,-0.3885,-0.3859,-0.3795,-0.3682,-0.3514,-0.329,-0.3025,-0.2747,-0.2501,-0.2346,-0.2361,-0.2659,-0.3362,-0.4289,-0.4525,-0.3904,-0.3506,-0.3576,-0.3648,-0.3691,-0.4159,-0.4172,-0.2976,-0.1247,-0.0505,-0.2434,-0.2703,-0.3428,-0.6338,-1.1344,-1.6687,-1.9083,-1.7996,-1.5526,-1.3123,-0.3721,-0.3703,-0.3661,-0.3588,-0.348,-0.3334,-0.3155,-0.2955,-0.2758,-0.2595,-0.2507,-0.2538,-0.273,-0.3077,-0.3439,-0.3572,-0.3471,-0.3411,-0.3543,-0.3922,-0.5006,-0.7051,-0.7605,-0.545,-0.3385,-0.332,-0.4806,-0.4255,-0.4139,-0.5933,-0.9199,-1.269,-1.4674,-1.4619,-1.3371,-1.1828,-0.3585,-0.3556,-0.3507,-0.3434,-0.3336,-0.3213,-0.307,-0.292,-0.2778,-0.2667,-0.2611,-0.2632,-0.2743,-0.292,-0.3101,-0.3217,-0.3281,-0.3399,-0.3702,-0.4429,-0.6141,-0.8994,-0.9758,-0.701,-0.4582,-0.3837,-0.407,-0.4103,-0.4393,-0.5597,-0.7592,-0.9727,-1.1183,-1.158,-1.1155,-1.0336,-0.3472,-0.3438,-0.3388,-0.3319,-0.3233,-0.313,-0.3017,-0.2903,-0.2799,-0.2719,-0.268,-0.2691,-0.2755,-0.2858,-0.2975,-0.3088,-0.3217,-0.3423,-0.3814,-0.458,-0.5973,-0.7721,-0.812,-0.658,-0.4933,-0.4129,-0.3979,-0.4095,-0.449,-0.5334,-0.6568,-0.7887,-0.8898,-0.9373,-0.934,-0.8974]}]