docs/data/wind_grid.json
{"header": {"la1":42.1,"la2":41.55,"lo1":12.1,"lo2":12.95,"nx":50,"ny":50,"dx":0.01735,"dy":0.01122,"parameterCategory":2,"parameterNumber":2,"parameterNumberName":"eastward_wind","parameterUnit":"m.s-1"}, "data":
[rows 0 to 45 of 50, columns 0 to 49 of 50]
1.1351,1.1326,1.1303,1.1283,1.1266,1.1254,1.1246,1.1244,1.1249,1.1261,1.1282,1.1313,1.1356,1.1413,1.1486,1.1579,1.1694,1.1836,1.201,1.2221,1.2475,1.278,1.3142,1.3571,1.4072,1.4651,1.5315,1.6065,1.6903,1.7825,1.8827,1.9899,2.1024,2.2181,2.3343,2.4475,2.5538,2.6493,2.7305,2.7948,2.8407,2.8683,2.8787,2.8743,2.8575,2.8312,2.7979,2.76,2.7192,2.6771
1.128,1.1251,1.1224,1.1199,1.1178,1.1161,1.1148,1.114,1.1139,1.1144,1.1158,1.1182,1.1218,1.1267,1.1332,1.1416,1.1522,1.1655,1.182,1.2022,1.227,1.257,1.2931,1.3361,1.387,1.4464,1.5149,1.5929,1.6805,1.7776,1.8837,1.9977,2.1181,2.2426,2.3682,2.491,2.6065,2.7101,2.7974,2.8655,2.9127,2.9391,2.9464,2.9373,2.915,2.8828,2.8437,2.8002,2.7543,2.7076
1.1209,1.1176,1.1145,1.1116,1.1091,1.1068,1.105,1.1036,1.1028,1.1027,1.1034,1.1051,1.1078,1.1119,1.1175,1.125,1.1346,1.1469,1.1624,1.1817,1.2056,1.2349,1.2707,1.3138,1.3653,1.426,1.4966,1.5775,1.6691,1.7711,1.8831,2.0043,2.133,2.2669,2.4026,2.5359,2.6615,2.7739,2.8681,2.9403,2.9886,3.0134,3.0168,3.0023,2.9737,2.9349,2.8894,2.8399,2.7886,2.7371
1.114,1.1103,1.1068,1.1034,1.1004,1.0976,1.0952,1.0933,1.0919,1.0911,1.091,1.0919,1.0938,1.097,1.1017,1.1081,1.1167,1.1279,1.1423,1.1605,1.1833,1.2118,1.247,1.2901,1.342,1.4039,1.4765,1.5603,1.6558,1.7628,1.8809,2.0093,2.1466,2.2903,2.4368,2.5815,2.7183,2.8406,2.9423,3.0189,3.0682,3.0908,3.0896,3.0687,3.033,2.9869,2.9344,2.8786,2.8217,2.7652
1.1071,1.103,1.0991,1.0953,1.0918,1.0885,1.0855,1.083,1.0809,1.0794,1.0787,1.0787,1.0798,1.082,1.0857,1.0911,1.0986,1.1086,1.1217,1.1387,1.1604,1.1878,1.2223,1.265,1.3172,1.3801,1.4546,1.5413,1.6406,1.7525,1.8767,2.0125,2.1585,2.3123,2.4703,2.6272,2.7761,2.9093,3.0193,3.1006,3.1508,3.1706,3.1638,3.1358,3.0921,3.0381,2.9782,2.9157,2.853,2.7917
1.1004,1.0959,1.0916,1.0874,1.0833,1.0795,1.076,1.0728,1.0701,1.0679,1.0663,1.0655,1.0657,1.067,1.0697,1.074,1.0803,1.0891,1.1009,1.1164,1.1368,1.163,1.1965,1.2387,1.291,1.3548,1.431,1.5205,1.6236,1.7403,1.8704,2.0134,2.168,2.3321,2.5019,2.6718,2.8339,2.979,3.0982,3.1846,3.2354,3.2518,3.2386,3.2024,3.15,3.0876,3.0199,2.9506,2.8821,2.8158
1.0938,1.089,1.0842,1.0795,1.075,1.0706,1.0665,1.0627,1.0593,1.0564,1.0541,1.0524,1.0517,1.052,1.0537,1.0569,1.062,1.0694,1.0798,1.0939,1.1127,1.1375,1.1697,1.2111,1.2633,1.3278,1.4057,1.4978,1.6046,1.726,1.8619,2.0118,2.1747,2.3489,2.5306,2.714,2.8902,3.0483,3.1775,3.2694,3.3205,3.3328,3.3123,3.2672,3.2054,3.1341,3.0586,2.9825,2.9082,2.8373
1.0874,1.0822,1.077,1.0719,1.0668,1.062,1.0573,1.0529,1.0488,1.0451,1.0419,1.0395,1.0378,1.0371,1.0377,1.0398,1.0436,1.0498,1.0587,1.0712,1.0883,1.1115,1.1423,1.1826,1.2344,1.2994,1.3789,1.4736,1.5838,1.7097,1.8509,2.0072,2.1779,2.3616,2.555,2.7521,2.943,3.1151,3.2551,3.3528,3.4042,3.4117,3.3832,3.3284,3.2569,3.1766,3.0932,3.0105,2.9309,2.8555
1.0811,1.0755,1.07,1.0644,1.0589,1.0535,1.0482,1.0432,1.0384,1.0339,1.03,1.0266,1.024,1.0224,1.0219,1.0228,1.0255,1.0303,1.0377,1.0486,1.064,1.0852,1.1143,1.1533,1.2045,1.2698,1.3507,1.4478,1.5615,1.6915,1.8376,1.9995,2.177,2.3692,2.5735,2.7839,2.9898,3.1765,3.3281,3.4321,3.4835,3.4858,3.4487,3.384,3.3027,3.2136,3.1227,3.0338,2.9493,2.8701
1.0751,1.0691,1.0632,1.0572,1.0512,1.0453,1.0394,1.0337,1.0282,1.023,1.0182,1.014,1.0104,1.0078,1.0062,1.006,1.0075,1.011,1.0171,1.0264,1.0399,1.0592,1.0862,1.1236,1.1738,1.2393,1.3214,1.421,1.5379,1.6718,1.8222,1.9887,2.1716,2.3707,2.5843,2.8069,3.0274,3.2291,3.3928,3.5033,3.5548,3.5518,3.506,3.4315,3.3408,3.2435,3.1459,3.0516,2.9629,2.8804
1.0693,1.063,1.0566,1.0502,1.0438,1.0373,1.0309,1.0246,1.0183,1.0124,1.0067,1.0015,0.997,0.9934,0.9908,0.9895,0.9899,0.9923,0.9971,1.0049,1.0166,1.0337,1.0585,1.0938,1.1428,1.2081,1.2914,1.3933,1.5135,1.651,1.8049,1.9748,2.1613,2.3652,2.5858,2.8186,3.0525,3.2686,3.4446,3.562,3.6138,3.6057,3.5517,3.4682,3.3693,3.2649,3.1616,3.0631,2.9711,2.8862
1.0637,1.0571,1.0504,1.0436,1.0367,1.0297,1.0227,1.0157,1.0088,1.002,0.9955,0.9894,0.9839,0.9792,0.9756,0.9733,0.9726,0.9741,0.9779,0.9845,0.9946,1.0095,1.0317,1.0645,1.1118,1.1767,1.2611,1.3654,1.4888,1.6296,1.7863,1.9583,2.1463,2.3521,2.5765,2.8165,3.0613,3.2905,3.4783,3.6027,3.6554,3.6431,3.5823,3.4915,3.386,3.2763,3.169,3.0675,2.9733,2.887
1.0583,1.0514,1.0444,1.0372,1.0299,1.0225,1.0149,1.0073,0.9996,0.992,0.9846,0.9776,0.971,0.9653,0.9606,0.9573,0.9558,0.9565,0.9597,0.9656,0.9745,0.9873,1.0066,1.0364,1.0814,1.1456,1.231,1.3378,1.4644,1.6083,1.7672,1.9399,2.127,2.3314,2.5556,2.7985,3.0505,3.2901,3.4884,3.6198,3.6743,3.6596,3.5944,3.4988,3.3892,3.2765,3.1671,3.0643,2.9694,2.8826
1.0533,1.0461,1.0388,1.0312,1.0235,1.0156,1.0075,0.9993,0.9909,0.9825,0.9742,0.9661,0.9585,0.9517,0.9459,0.9417,0.9394,0.9397,0.9428,0.9487,0.9572,0.9683,0.9844,1.0103,1.0523,1.1153,1.2016,1.311,1.4411,1.5881,1.7486,1.9205,2.1044,2.3037,2.523,2.7636,3.0176,3.2637,3.4701,3.6081,3.6657,3.6513,3.585,3.4881,3.3777,3.2647,3.1556,3.0532,2.959,2.873
1.0486,1.0411,1.0335,1.0257,1.0176,1.0092,1.0006,0.9918,0.9827,0.9734,0.9641,0.955,0.9463,0.9383,0.9315,0.9263,0.9233,0.9234,0.927,0.9342,0.9435,0.9537,0.9663,0.9873,1.0252,1.0863,1.1734,1.2857,1.4196,1.57,1.7318,1.9016,2.0798,2.2704,2.4797,2.712,2.9619,3.209,3.4202,3.564,3.6265,3.6158,3.5524,3.4584,3.3508,3.2406,3.1341,3.0343,2.9422,2.8581
1.0441,1.0365,1.0286,1.0205,1.0121,1.0034,0.9943,0.9849,0.975,0.9649,0.9546,0.9444,0.9345,0.9253,0.9172,0.9109,0.9073,0.9074,0.9123,0.9221,0.9345,0.9453,0.9539,0.9683,1.0005,1.0591,1.147,1.2625,1.4007,1.5549,1.7179,1.8849,2.0553,2.2336,2.4282,2.6459,2.8848,3.1266,3.3383,3.4866,3.5557,3.5523,3.4965,3.4097,3.3088,3.2045,3.1031,3.0076,2.9192,2.8382
1.0401,1.0323,1.0242,1.0159,1.0072,0.9981,0.9886,0.9786,0.9681,0.9571,0.9457,0.9343,0.9231,0.9125,0.9031,0.8956,0.891,0.891,0.8977,0.9119,0.9306,0.9445,0.9487,0.9538,0.9784,1.0338,1.1225,1.2419,1.3852,1.5438,1.7084,1.8721,2.0331,2.1964,2.3718,2.5692,2.7904,3.0204,3.2278,3.3788,3.4557,3.463,3.4189,3.3434,3.2527,3.1572,3.0632,2.9738,2.8905,2.8136
1.0364,1.0284,1.0202,1.0117,1.0028,0.9935,0.9836,0.9731,0.9619,0.95,0.9376,0.9248,0.9121,0.9,0.8891,0.88,0.8742,0.8736,0.8817,0.9017,0.9307,0.9523,0.9512,0.9433,0.9581,1.01,1.1002,1.2242,1.3738,1.5378,1.7047,1.8651,2.0159,2.162,2.3149,2.4873,2.6851,2.8974,3.0956,3.2469,3.3321,3.3525,3.3233,3.2624,3.1847,3.1004,3.0156,2.9338,2.8566,2.7847
1.033,1.025,1.0167,1.0081,0.9991,0.9896,0.9794,0.9685,0.9566,0.9438,0.9302,0.916,0.9017,0.8879,0.8752,0.8643,0.8564,0.8541,0.8622,0.8872,0.9299,0.9653,0.9581,0.9329,0.9372,0.9868,1.08,1.2099,1.3668,1.5376,1.7078,1.8656,2.006,2.1339,2.2622,2.4067,2.5771,2.7669,2.9517,3.1005,3.193,3.2274,3.2147,3.1703,3.1074,3.0358,2.9616,2.8884,2.8182,2.7521
1.0301,1.022,1.0137,1.0051,0.9961,0.9865,0.9761,0.9649,0.9525,0.9388,0.9239,0.9081,0.892,0.8761,0.8613,0.8482,0.8376,0.8319,0.8364,0.8613,0.9151,0.969,0.9557,0.913,0.9113,0.9629,1.0615,1.199,1.3646,1.5436,1.7186,1.8748,2.0055,2.1152,2.2183,2.3336,2.4745,2.6389,2.8069,2.9502,3.048,3.0952,3.0989,3.0714,3.024,2.9658,2.9028,2.8389,2.7764,2.7164
1.0275,1.0195,1.0112,1.0027,0.9937,0.9842,0.9739,0.9624,0.9495,0.935,0.9188,0.9012,0.8829,0.8648,0.8477,0.832,0.8181,0.8069,0.8029,0.8165,0.8632,0.9242,0.9111,0.8688,0.8758,0.9369,1.0445,1.1915,1.3673,1.5558,1.737,1.8931,2.0153,2.1077,2.1866,2.2732,2.3845,2.5224,2.6713,2.8059,2.9059,2.9634,2.9817,2.9699,2.9375,2.8926,2.841,2.7866,2.7318,2.6783
1.0253,1.0174,1.0093,1.0009,0.9922,0.9829,0.9727,0.9613,0.9481,0.9329,0.9153,0.8956,0.8747,0.8538,0.8341,0.8159,0.7983,0.7805,0.7633,0.7519,0.7575,0.7824,0.7877,0.7904,0.829,0.909,1.0296,1.1877,1.3745,1.5734,1.7621,1.9197,2.035,2.1121,2.1686,2.2286,2.3119,2.4236,2.552,2.6752,2.7737,2.8379,2.8679,2.8697,2.8509,2.8184,2.7777,2.7325,2.6856,2.6386
1.0236,1.0158,1.0079,0.9998,0.9914,0.9825,0.9728,0.9616,0.9485,0.9326,0.9136,0.8916,0.8675,0.8433,0.8206,0.7999,0.7792,0.7549,0.7228,0.6796,0.6231,0.578,0.6133,0.6918,0.777,0.8817,1.0175,1.1875,1.3854,1.5949,1.7918,1.9521,2.0624,2.1265,2.1637,2.2003,2.2582,2.3452,2.4528,2.5624,2.6561,2.723,2.7612,2.7738,2.7665,2.7451,2.7143,2.6779,2.6384,2.5977
1.0222,1.0146,1.007,0.9993,0.9915,0.9832,0.9741,0.9636,0.9509,0.9348,0.9144,0.8896,0.8615,0.8329,0.8068,0.7839,0.7614,0.7327,0.6888,0.6195,0.5183,0.4321,0.4807,0.608,0.7316,0.8595,1.0099,1.191,1.3989,1.6179,1.8224,1.9861,2.0932,2.1473,2.1688,2.186,2.2222,2.2868,2.3741,2.4688,2.5547,2.621,2.6638,2.6842,2.6862,2.6741,2.6521,2.6236,2.591,2.5564
1.0211,1.0138,1.0066,0.9995,0.9923,0.9849,0.9768,0.9674,0.9556,0.9397,0.9182,0.8902,0.857,0.8226,0.7919,0.7671,0.7449,0.7157,0.6666,0.5856,0.4732,0.388,0.432,0.5638,0.7037,0.8467,1.0083,1.1979,1.4133,1.6393,1.8497,2.0163,2.1217,2.1688,2.1791,2.1815,2.1999,2.2451,2.3137,2.3932,2.4696,2.5324,2.5768,2.6022,2.611,2.6065,2.5919,2.5704,2.5442,2.5151
1.0204,1.0135,1.0067,1.0002,0.9938,0.9875,0.9809,0.9731,0.9629,0.9481,0.9259,0.8944,0.8544,0.8118,0.7748,0.7482,0.7286,0.7037,0.6575,0.5794,0.4787,0.4112,0.4459,0.5602,0.698,0.8461,1.0135,1.2077,1.4268,1.6561,1.8692,2.0371,2.1416,2.1851,2.1887,2.1813,2.1865,2.2159,2.268,2.333,2.399,2.4565,2.5,2.5281,2.5416,2.5429,2.5345,2.5189,2.4983,2.4743
1.0201,1.0135,1.0072,1.0014,0.996,0.991,0.9862,0.9807,0.9731,0.9605,0.9387,0.9035,0.8547,0.8004,0.7541,0.7252,0.7104,0.6946,0.6588,0.5938,0.514,0.4654,0.4924,0.586,0.7123,0.8576,1.0252,1.2196,1.4378,1.6656,1.8773,2.0444,2.1484,2.1911,2.1926,2.1803,2.177,2.1944,2.2327,2.2847,2.3405,2.3916,2.4328,2.4616,2.4781,2.4836,2.4801,2.4696,2.4538,2.4344
1.02,1.0137,1.008,1.0029,0.9986,0.9952,0.9925,0.9899,0.9859,0.9771,0.9576,0.9194,0.8594,0.7881,0.7282,0.696,0.6882,0.6854,0.6654,0.6191,0.5618,0.5293,0.552,0.6286,0.7411,0.8789,1.0421,1.2322,1.4451,1.6667,1.8727,2.0362,2.1396,2.1839,2.1872,2.1746,2.1671,2.1765,2.2041,2.245,2.2914,2.3361,2.3739,2.4021,2.4202,2.4287,2.429,2.4226,2.411,2.3955
1.0201,1.0143,1.0091,1.0048,1.0017,0.9998,0.9995,1.0003,1.0011,0.9981,0.9836,0.9446,0.8711,0.7757,0.6964,0.6601,0.6612,0.6741,0.6725,0.6468,0.6107,0.5921,0.6134,0.6782,0.7781,0.9066,1.0622,1.2444,1.448,1.6593,1.856,2.0135,2.1159,2.1634,2.1714,2.162,2.1542,2.1589,2.179,2.2112,2.2495,2.288,2.3221,2.349,2.3676,2.3781,2.3812,2.378,2.3699,2.3579
1.0205,1.015,1.0104,1.0068,1.0048,1.0046,1.0067,1.0113,1.0175,1.0223,1.0165,0.981,0.8934,0.7656,0.6603,0.6204,0.6323,0.6611,0.6775,0.6716,0.6545,0.6483,0.6709,0.7284,0.8183,0.9372,1.0835,1.2553,1.4468,1.6448,1.8294,1.9792,2.0799,2.1313,2.1458,2.1421,2.1366,2.1398,2.1551,2.1807,2.2125,2.2456,2.276,2.3011,2.3197,2.3313,2.3365,2.336,2.3307,2.3217
1.021,1.0159,1.0117,1.0089,1.0078,1.0092,1.0136,1.0217,1.0337,1.0473,1.0536,1.0279,0.9299,0.7634,0.6276,0.5855,0.6084,0.6503,0.6814,0.692,0.6911,0.6961,0.7219,0.7755,0.8579,0.9679,1.1042,1.2643,1.442,1.6251,1.7962,1.937,2.0354,2.0906,2.1122,2.1154,2.1143,2.1181,2.1309,2.1521,2.1789,2.2075,2.2346,2.2578,2.2758,2.2881,2.2947,2.2963,2.2934,2.2869
1.0217,1.0169,1.0131,1.0108,1.0106,1.0132,1.0195,1.0306,1.0475,1.0694,1.0886,1.0777,0.978,0.7774,0.6135,0.5694,0.5984,0.647,0.6867,0.7093,0.7213,0.736,0.7657,0.8177,0.8947,0.9968,1.1233,1.2712,1.4345,1.6022,1.7594,1.8908,1.9863,2.0446,2.073,2.0835,2.0876,2.0937,2.1058,2.1243,2.1474,2.1724,2.1967,2.2182,2.2355,2.248,2.2557,2.2589,2.258,2.2536
1.0224,1.0179,1.0144,1.0126,1.013,1.0163,1.0239,1.037,1.0571,1.0843,1.1126,1.1144,1.0225,0.8109,0.6329,0.5827,0.6078,0.6543,0.6963,0.7258,0.7469,0.7694,0.8031,0.8547,0.9277,1.023,1.14,1.276,1.4251,1.5778,1.7215,1.8436,1.9357,1.9962,2.0306,2.0479,2.0575,2.0667,2.0794,2.0966,2.1173,2.1397,2.1617,2.1816,2.1981,2.2107,2.2192,2.2236,2.2243,2.2218
1.0233,1.0189,1.0157,1.0141,1.0147,1.0185,1.0265,1.0402,1.0611,1.0894,1.1191,1.1243,1.043,0.8513,0.6818,0.6226,0.635,0.6725,0.7112,0.7432,0.7699,0.7981,0.8351,0.8869,0.9567,1.046,1.1543,1.2789,1.4147,1.5533,1.6843,1.7975,1.8858,1.9477,1.9868,2.0101,2.0251,2.0378,2.0519,2.0687,2.088,2.1086,2.1288,2.1474,2.1633,2.1759,2.1848,2.1902,2.1923,2.1913
1.0242,1.0199,1.0168,1.0153,1.0159,1.0196,1.0274,1.0403,1.0596,1.0846,1.1088,1.1084,1.0367,0.8825,0.7388,0.6752,0.6731,0.6985,0.731,0.7622,0.7917,0.8235,0.863,0.9148,0.982,1.0659,1.1662,1.2804,1.404,1.5297,1.6491,1.7539,1.8383,1.9006,1.9434,1.9717,1.9914,2.0076,2.0235,2.0407,2.0593,2.0787,2.0977,2.1153,2.1307,2.1431,2.1525,2.1587,2.1618,2.1622
1.0251,1.0209,1.0178,1.0162,1.0166,1.0198,1.0266,1.0377,1.0536,1.0727,1.0878,1.0792,1.017,0.9004,0.7875,0.7267,0.7142,0.7287,0.7542,0.783,0.8132,0.8469,0.8878,0.9393,1.004,1.083,1.176,1.2808,1.3933,1.5075,1.6165,1.7135,1.7939,1.8559,1.9012,1.9335,1.9573,1.9767,1.9946,2.0126,2.0311,2.0498,2.068,2.0849,2.0998,2.1122,2.1219,2.1287,2.1328,2.1343
1.0262,1.0219,1.0187,1.0168,1.0168,1.0192,1.0245,1.0331,1.0448,1.0572,1.0633,1.0485,0.9961,0.9094,0.8238,0.7707,0.7531,0.7597,0.7791,0.8049,0.8345,0.8689,0.9103,0.9611,1.0233,1.0978,1.1841,1.2804,1.383,1.4871,1.5868,1.6768,1.7531,1.8142,1.8611,1.8963,1.9235,1.9457,1.9656,1.9846,2.0034,2.0218,2.0395,2.056,2.0706,2.083,2.0929,2.1003,2.1052,2.1077
1.0273,1.0229,1.0195,1.0174,1.0168,1.0181,1.0217,1.0276,1.0349,1.0412,1.0404,1.0225,0.979,0.9145,0.8501,0.8062,0.7877,0.7896,0.8045,0.8273,0.8558,0.8899,0.931,0.9807,1.0404,1.1106,1.1909,1.2795,1.3734,1.4685,1.56,1.6435,1.7159,1.7757,1.8234,1.8607,1.8905,1.9151,1.9368,1.9569,1.9761,1.9946,2.0121,2.0283,2.0427,2.0551,2.0653,2.0732,2.0788,2.0821
1.0285,1.024,1.0204,1.0178,1.0166,1.0168,1.0186,1.0218,1.0254,1.0267,1.0213,1.0027,0.967,0.9183,0.8698,0.8346,0.8178,0.8173,0.8292,0.8497,0.8768,0.9102,0.9504,0.9987,1.0558,1.1219,1.1967,1.2784,1.3646,1.4517,1.536,1.6137,1.6823,1.7405,1.7883,1.827,1.8587,1.8853,1.9086,1.9297,1.9495,1.9682,1.9856,2.0017,2.0161,2.0286,2.0391,2.0474,2.0536,2.0577
1.0298,1.0253,1.0214,1.0184,1.0164,1.0155,1.0157,1.0165,1.0169,1.0148,1.0067,0.9888,0.9595,0.9222,0.8856,0.8579,0.8437,0.8428,0.8528,0.8715,0.8973,0.9296,0.9687,1.0153,1.0697,1.132,1.2017,1.2773,1.3567,1.4368,1.5146,1.5871,1.6521,1.7083,1.7558,1.7954,1.8284,1.8565,1.8811,1.9032,1.9236,1.9425,1.9601,1.9762,1.9906,2.0033,2.014,2.0227,2.0294,2.0342
1.0313,1.0266,1.0224,1.019,1.0164,1.0145,1.0132,1.0121,1.0102,1.0057,0.9963,0.9798,0.9557,0.9269,0.899,0.8777,0.8664,0.8659,0.8751,0.8926,0.9171,0.9482,0.986,1.0307,1.0824,1.1412,1.2062,1.2763,1.3496,1.4235,1.4956,1.5634,1.6249,1.6792,1.726,1.7658,1.7997,1.8289,1.8545,1.8775,1.8984,1.9177,1.9355,1.9517,1.9662,1.979,1.99,1.9991,2.0063,2.0117
1.033,1.0281,1.0237,1.0199,1.0166,1.0139,1.0114,1.0088,1.0052,0.9993,0.9895,0.9747,0.955,0.9325,0.9112,0.895,0.8867,0.8871,0.8961,0.9127,0.9361,0.9661,1.0024,1.0451,1.0943,1.1496,1.2104,1.2755,1.3434,1.4119,1.4788,1.5423,1.6006,1.6528,1.6986,1.7383,1.7727,1.8026,1.829,1.8527,1.8742,1.8938,1.9118,1.9281,1.9428,1.9558,1.967,1.9765,1.9842,1.9901
1.0348,1.0298,1.0252,1.021,1.0173,1.0138,1.0105,1.0068,1.0021,0.9954,0.9858,0.9728,0.9566,0.939,0.9227,0.9107,0.905,0.9067,0.9157,0.9318,0.9543,0.9831,1.0179,1.0587,1.1053,1.1574,1.2143,1.275,1.338,1.4016,1.464,1.5235,1.5788,1.6289,1.6736,1.7129,1.7474,1.7778,1.8047,1.8289,1.8508,1.8708,1.889,1.9055,1.9203,1.9335,1.945,1.9548,1.9629,1.9694
1.0368,1.0317,1.027,1.0225,1.0183,1.0143,1.0103,1.0059,1.0006,0.9937,0.9846,0.9732,0.96,0.9462,0.9339,0.9253,0.9219,0.9248,0.9341,0.9499,0.9717,0.9993,1.0327,1.0715,1.1157,1.1648,1.2181,1.2747,1.3334,1.3926,1.4509,1.5069,1.5593,1.6073,1.6507,1.6894,1.7238,1.7544,1.7817,1.8062,1.8284,1.8487,1.8671,1.8838,1.8988,1.9122,1.9239,1.934,1.9425,1.9494
1.039,1.0339,1.029,1.0243,1.0199,1.0155,1.011,1.0062,1.0005,0.9937,0.9854,0.9756,0.9648,0.9541,0.945,0.9391,0.9377,0.9417,0.9515,0.967,0.9882,1.0148,1.0467,1.0837,1.1255,1.1718,1.2218,1.2747,1.3295,1.3848,1.4394,1.4921,1.5418,1.5878,1.6298,1.6678,1.7018,1.7324,1.7598,1.7846,1.807,1.8275,1.8461,1.8629,1.8781,1.8917,1.9037,1.914,1.9229,1.9302
1.0415,1.0363,1.0313,1.0266,1.0219,1.0173,1.0125,1.0075,1.0018,0.9953,0.9878,0.9795,0.9707,0.9625,0.9559,0.9523,0.9526,0.9577,0.9678,0.9832,1.0038,1.0294,1.06,1.0952,1.1348,1.1784,1.2254,1.275,1.3263,1.3781,1.4293,1.479,1.5261,1.5702,1.6108,1.6479,1.6814,1.7118,1.7392,1.7641,1.7867,1.8072,1.826,1.843,1.8583,1.8721,1.8842,1.8949,1.9041,1.9118
