docs/data/wind_grid.json
[{"header":{"la1":42.85,"la2":41.18,"lo1":11.55,"lo2":14.05,"nx":36,"ny":24,"dx":0.07143,"dy":0.07261,"parameterCategory":2,"parameterNumber":2,"parameterNumberName":"eastward_wind","parameterUnit":"m.s-1"},"data":[1.3164,1.2893,1.2599,1.2291,1.1988,1.172,1.1528,1.1453,1.1526,1.1747,1.2088,1.2502,1.2943,1.3375,1.3775,1.4129,1.4434,1.469,1.4901,1.5074,1.5218,1.5338,1.5438,1.5519,1.5582,1.5628,1.5658,1.5675,1.568,1.5675,1.5662,1.5644,1.5621,1.5596,1.557,1.5544,1.306,1.2732,1.236,1.195,1.1522,1.1114,1.0793,1.0635,1.0703,1.1006,1.1486,1.2059,1.2646,1.3198,1.369,1.4112,1.4462,1.4743,1.4966,1.5144,1.529,1.5413,1.5517,1.5599,1.5662,1.5705,1.573,1.5739,1.5735,1.5721,1.5699,1.5672,1.5641,1.5608,1.5575,1.5542,1.2988,1.26,1.2138,1.16,1.0996,1.0371,0.9823,0.95,0.9545,0.9986,1.0704,1.1524,1.2317,1.3023,1.3624,1.4121,1.4518,1.482,1.5046,1.522,1.5365,1.5493,1.5603,1.569,1.5752,1.5791,1.5809,1.5809,1.5794,1.5769,1.5736,1.5697,1.5656,1.5614,1.5572,1.5533,1.2965,1.2521,1.1967,1.1279,1.0445,0.949,0.8538,0.7873,0.7843,0.8547,0.9693,1.0905,1.1978,1.2867,1.3589,1.4165,1.4606,1.4919,1.5127,1.5283,1.5428,1.5571,1.5696,1.5793,1.5856,1.5889,1.5897,1.5884,1.5856,1.5817,1.577,1.5718,1.5665,1.5612,1.5562,1.5515,1.3012,1.2527,1.1895,1.1061,0.9961,0.8548,0.6907,0.5508,0.5256,0.6512,0.8462,1.0264,1.1678,1.2757,1.3593,1.4244,1.4723,1.5023,1.5175,1.5292,1.5455,1.5642,1.5802,1.5913,1.5977,1.6,1.5993,1.5964,1.5918,1.5862,1.5798,1.5732,1.5665,1.56,1.554,1.5485,1.3146,1.2651,1.198,1.1048,0.9722,0.7817,0.5192,0.2363,0.1515,0.395,0.7259,0.9776,1.1496,1.2716,1.3636,1.435,1.4859,1.5107,1.5124,1.5185,1.5435,1.5722,1.5937,1.6064,1.6121,1.6127,1.6099,1.6047,1.5979,1.5902,1.5819,1.5734,1.5652,1.5573,1.5502,1.5439,1.3379,1.2916,1.2272,1.1344,0.9957,0.7811,0.4465,0.0048,-0.1711,0.2305,0.6804,0.9679,1.1495,1.2749,1.3704,1.447,1.5015,1.5195,1.5014,1.5044,1.5471,1.5887,1.6142,1.6263,1.6294,1.627,1.6211,1.613,1.6035,1.5932,1.5826,1.5721,1.5621,1.5528,1.5445,1.5374,1.3706,1.3323,1.2783,1.1991,1.0787,0.8909,0.6018,0.2332,0.0957,0.4075,0.7544,0.9975,1.163,1.281,1.376,1.4596,1.5248,1.55,1.5334,1.5396,1.5857,1.6256,1.6461,1.6522,1.6498,1.6426,1.6325,1.6208,1.6081,1.5948,1.5815,1.5686,1.5565,1.5456,1.5361,1.5282,1.4112,1.3849,1.348,1.2937,1.2105,1.0809,0.8911,0.6747,0.5566,0.6198,0.8148,1.0242,1.1753,1.279,1.3714,1.4701,1.5635,1.6229,1.6396,1.65,1.6717,1.6872,1.6899,1.6835,1.6722,1.6584,1.6433,1.6273,1.6109,1.5942,1.5779,1.5622,1.5478,1.5351,1.5244,1.5158,1.4563,1.4446,1.4292,1.4069,1.3708,1.3039,1.168,0.8964,0.4839,0.3512,0.7072,1.0258,1.1764,1.2494,1.3366,1.4702,1.6242,1.7478,1.8045,1.807,1.7884,1.7646,1.74,1.7164,1.6941,1.6728,1.6521,1.6316,1.6111,1.5907,1.5707,1.5518,1.5347,1.52,1.5081,1.4992,1.502,1.5053,1.5124,1.5252,1.5439,1.5587,1.5118,1.1663,0.0074,-0.5316,0.5594,1.0653,1.1645,1.1501,1.2321,1.4475,1.7255,1.9728,2.0676,2.0137,1.9207,1.8432,1.7867,1.7448,1.7118,1.6836,1.6578,1.6328,1.608,1.5832,1.5589,1.536,1.5156,1.4987,1.4858,1.477,1.5443,1.5605,1.5872,1.6314,1.7046,1.824,1.9972,2.0447,1.045,0.2582,0.9104,1.2197,1.147,0.8997,1.0237,1.4145,1.9069,2.4363,2.5426,2.2755,2.0434,1.9022,1.8171,1.7619,1.7217,1.6889,1.6592,1.6302,1.6008,1.5708,1.541,1.513,1.4885,1.4692,1.4556,1.4478,1.5796,1.6048,1.6441,1.7073,1.8125,1.9943,2.3078,2.6935,2.2915,1.5211,1.3979,1.4713,1.322,0.818,0.9487,1.4775,2.1122,3.1164,3.137,2.4593,2.091,1.9127,1.8189,1.7623,1.7218,1.6879,1.656,1.6235,1.589,1.5524,1.5152,1.4799,1.45,1.4279,1.4146,1.4093,1.6062,1.6353,1.6784,1.744,1.8461,2.0065,2.2414,2.477,2.2816,1.7848,1.6081,1.6804,1.6789,1.3236,1.3798,1.7119,2.142,2.6917,2.7624,2.3031,2.0007,1.8552,1.7866,1.7455,1.7125,1.6812,1.6489,1.6134,1.5729,1.5272,1.4787,1.4326,1.3949,1.37,1.3587,1.3589,1.6241,1.6527,1.6924,1.7479,1.8248,1.9258,2.0361,2.0846,1.9562,1.7557,1.6745,1.6729,1.6487,1.7717,1.6441,2.0329,2.4081,2.2439,2.1823,1.9924,1.8049,1.7364,1.7284,1.718,1.6978,1.6713,1.6399,1.6016,1.5534,1.4942,1.4278,1.364,1.3147,1.2877,1.2828,1.294,1.6347,1.6601,1.6927,1.734,1.7836,1.8359,1.8737,1.8654,1.7958,1.7171,1.6879,1.7667,1.7325,1.7041,1.7469,2.0175,2.2654,2.0781,1.9387,1.7771,1.5792,1.5968,1.6721,1.693,1.6834,1.6612,1.6317,1.5916,1.5337,1.4537,1.3569,1.2626,1.1957,1.1703,1.1809,1.2126,1.64,1.6611,1.6863,1.7151,1.7451,1.7708,1.7823,1.7702,1.7375,1.7059,1.6927,1.7233,1.748,1.7561,1.765,1.8538,1.9225,1.8755,1.8044,1.7184,1.5503,1.5782,1.6594,1.6821,1.6732,1.6527,1.6272,1.5886,1.5196,1.4079,1.2592,1.1111,1.0188,1.0062,1.0505,1.1172,1.6419,1.659,1.678,1.6979,1.7164,1.7301,1.7348,1.7285,1.7152,1.7045,1.7045,1.7194,1.7507,1.762,1.7657,1.7913,1.8084,1.7659,1.7106,1.7464,1.6993,1.6757,1.6853,1.6833,1.6662,1.6434,1.626,1.5977,1.5197,1.3645,1.1331,0.8949,0.7711,0.7972,0.9026,1.0197,1.6421,1.6558,1.6702,1.6844,1.6968,1.7057,1.7094,1.7081,1.7044,1.7026,1.7065,1.7178,1.7346,1.7505,1.7731,1.7814,1.7844,1.7728,1.7647,1.8394,1.7934,1.7372,1.7065,1.6863,1.6616,1.6258,1.616,1.6191,1.5417,1.3416,1.0094,0.6543,0.505,0.5979,0.7782,0.9452,1.6413,1.6525,1.6638,1.6745,1.6838,1.6907,1.6949,1.6967,1.6977,1.7001,1.7058,1.7156,1.7293,1.7472,1.769,1.7774,1.784,1.8189,1.9411,2.0008,1.8495,1.7519,1.7048,1.6864,1.6736,1.6342,1.6243,1.6735,1.5939,1.3659,0.9804,0.5656,0.407,0.5313,0.7402,0.9237,1.6403,1.6496,1.6588,1.6674,1.675,1.6812,1.6859,1.6894,1.6929,1.6973,1.7038,1.713,1.725,1.7397,1.7546,1.7656,1.7801,1.8169,1.8869,1.9033,1.8039,1.7064,1.6644,1.6727,1.7062,1.7647,1.8728,1.8332,1.6787,1.4399,1.096,0.7452,0.5897,0.6582,0.8144,0.9656,1.6392,1.6471,1.6549,1.6623,1.6689,1.6747,1.6797,1.6843,1.6889,1.6942,1.701,1.7094,1.7195,1.731,1.7424,1.7532,1.7661,1.7851,1.8026,1.7846,1.7047,1.5991,1.5685,1.6282,1.7153,1.8444,1.9884,1.9159,1.7321,1.5157,1.2585,1.0134,0.8778,0.8779,0.9552,1.0513,1.6382,1.6451,1.6519,1.6584,1.6644,1.67,1.6752,1.6801,1.6852,1.6908,1.6973,1.7049,1.7133,1.7223,1.7312,1.7395,1.7473,1.7529,1.7482,1.7159,1.6379,1.5288,1.5025,1.5885,1.6895,1.7917,1.8645,1.8304,1.7116,1.5553,1.38,1.2172,1.1108,1.0784,1.1012,1.1501,1.6372,1.6434,1.6494,1.6553,1.6609,1.6663,1.6714,1.6764,1.6816,1.6871,1.6932,1.6998,1.7067,1.7138,1.7204,1.7259,1.7292,1.7279,1.7164,1.6863,1.6314,1.5682,1.5531,1.6019,1.6675,1.7255,1.7567,1.7373,1.6682,1.5674,1.4526,1.3446,1.2652,1.2258,1.2219,1.2407]},{"header":{"la1":42.85,"la2":41.18,"lo1":11.55,"lo2":14.05,"nx":36,"ny":24,"dx":0.07143,"dy":0.07261,"parameterCategory":2,"parameterNumber":3,"parameterNumberName":"northward_wind","parameterUnit":"m.s-1"},"data":[0.6821,0.6516,0.6174,0.5804,0.542,0.5051,0.4734,0.4508,0.4395,0.4387,0.4443,0.4509,0.4536,0.4494,0.4375,0.4191,0.3976,0.3777,0.3649,0.3634,0.3747,0.3973,0.4278,0.4625,0.4985,0.5337,0.5671,0.5981,0.6266,0.6526,0.6763,0.6978,0.7174,0.7352,0.7513,0.766,0.6819,0.6465,0.6054,0.5587,0.508,0.4571,0.4125,0.3817,0.3702,0.3774,0.3954,0.4139,0.4244,0.4223,0.4066,0.3792,0.3448,0.3114,0.2888,0.2848,0.3014,0.3348,0.3781,0.4249,0.4712,0.5146,0.5542,0.59,0.622,0.6508,0.6765,0.6997,0.7204,0.7392,0.756,0.7712,0.6856,0.6453,0.5961,0.5372,0.469,0.3958,0.3276,0.2801,0.2676,0.2905,0.3324,0.3724,0.3961,0.3976,0.3765,0.3352,0.2798,0.2229,0.1828,0.1753,0.2033,0.2564,0.3202,0.3845,0.444,0.4971,0.5436,0.5843,0.6199,0.6512,0.6789,0.7034,0.7253,0.7448,0.7622,0.7778,0.6948,0.6503,0.5931,0.52,0.4284,0.32,0.2081,0.1241,0.1062,0.1612,0.2505,0.3283,0.3724,0.3791,0.3505,0.2891,0.2001,0.1011,0.0281,0.017,0.0705,0.16,0.2563,0.3444,0.4199,0.4834,0.5369,0.5822,0.6209,0.6545,0.6837,0.7095,0.7322,0.7523,0.7702,0.786,0.7115,0.6647,0.6015,0.515,0.3964,0.2378,0.0471,-0.1209,-0.1599,-0.0338,0.1501,0.2894,0.3601,0.3717,0.3338,0.2471,0.109,-0.0642,-0.2023,-0.2143,-0.1031,0.0516,0.1946,0.3111,0.4032,0.4764,0.5357,0.5847,0.6259,0.661,0.6914,0.718,0.7413,0.7618,0.7799,0.7959,0.737,0.6915,0.6272,0.5336,0.3933,0.1802,-0.1283,-0.473,-0.5803,-0.296,0.0588,0.2762,0.3685,0.3799,0.3322,0.2225,0.029,-0.2555,-0.5135,-0.5157,-0.2918,-0.0422,0.1527,0.2946,0.3992,0.4789,0.5417,0.5927,0.6351,0.6712,0.7022,0.7292,0.7528,0.7735,0.7917,0.8076,0.7718,0.7322,0.6745,0.5865,0.4461,0.2113,-0.1856,-0.7455,-0.9759,-0.4569,0.0678,0.3199,0.4044,0.4036,0.348,0.2313,0.0137,-0.3526,-0.7358,-0.721,-0.3834,-0.0666,0.1539,0.3045,0.412,0.4926,0.5556,0.6066,0.649,0.685,0.716,0.7431,0.7667,0.7875,0.8055,0.8213,0.8148,0.7858,0.7428,0.676,0.5671,0.3811,0.0604,-0.4009,-0.5788,-0.1316,0.269,0.4303,0.4605,0.4323,0.3716,0.271,0.0948,-0.1998,-0.5154,-0.5178,-0.2483,0.0163,0.2076,0.3427,0.4416,0.5171,0.577,0.6259,0.667,0.7023,0.7329,0.7597,0.7833,0.8038,0.8217,0.837,0.8632,0.848,0.8255,0.7907,0.7348,0.6439,0.5067,0.3599,0.3478,0.4851,0.5704,0.5634,0.509,0.4432,0.3799,0.3081,0.2032,0.0527,-0.0916,-0.1084,0.0093,0.1612,0.2941,0.4,0.4834,0.55,0.6043,0.6497,0.6886,0.7225,0.7525,0.779,0.8024,0.8228,0.8403,0.8551,0.9132,0.9126,0.912,0.911,0.9089,0.9039,0.8963,0.902,0.9551,0.9628,0.8254,0.6596,0.5128,0.4039,0.3437,0.3056,0.2535,0.1864,0.1373,0.1411,0.2012,0.2902,0.3813,0.4623,0.5305,0.5872,0.635,0.6762,0.7124,0.7449,0.7743,0.8008,0.8242,0.8445,0.8617,0.8758,0.9607,0.9733,0.9918,1.0194,1.0601,1.1164,1.1779,1.2079,1.2306,1.2539,0.9762,0.6874,0.4435,0.2722,0.236,0.2541,0.2286,0.1694,0.1534,0.2056,0.2884,0.3743,0.4528,0.5204,0.5774,0.6253,0.6666,0.7033,0.737,0.7686,0.798,0.825,0.849,0.8694,0.8863,0.8996,1.0026,1.025,1.0572,1.1042,1.1737,1.2741,1.4031,1.4857,1.3515,1.2237,0.9772,0.67,0.33,-0.0026,0.0529,0.1854,0.149,-0.0157,-0.0282,0.149,0.3139,0.4293,0.5112,0.5728,0.6213,0.6612,0.6961,0.7286,0.7605,0.7923,0.8232,0.852,0.8774,0.8985,0.915,0.927,1.0368,1.0651,1.1044,1.16,1.2404,1.3579,1.5232,1.687,1.5526,1.2444,0.9666,0.7025,0.4057,-0.0942,-0.0143,0.1729,0.0648,-0.3361,-0.3281,0.0912,0.3478,0.4843,0.5656,0.6207,0.6607,0.692,0.7199,0.7486,0.7803,0.8146,0.8496,0.8825,0.9109,0.9331,0.949,0.9591,1.063,1.0934,1.1337,1.188,1.2617,1.3613,1.4861,1.596,1.5165,1.2725,1.0492,0.7774,0.6324,0.0409,0.2943,0.1755,-0.039,-0.1518,-0.1028,0.2304,0.4442,0.55,0.6167,0.6632,0.6929,0.7127,0.7321,0.758,0.7928,0.8343,0.8779,0.9186,0.952,0.9758,0.9902,0.9969,1.0818,1.1115,1.1489,1.196,1.2543,1.323,1.3922,1.4302,1.3973,1.3533,1.3374,1.2086,0.9783,1.2373,0.6075,-0.0849,-0.781,-0.0533,0.3052,0.4858,0.5399,0.579,0.6487,0.6968,0.7132,0.7145,0.7217,0.7475,0.7926,0.8499,0.9101,0.9643,1.0054,1.0305,1.0412,1.0416,1.0948,1.1223,1.1552,1.1939,1.238,1.2845,1.3267,1.3575,1.3955,1.5268,1.8325,1.8763,1.557,1.16,0.8457,0.1809,-0.3694,0.2932,0.713,0.7001,0.4316,0.4832,0.6606,0.7257,0.7131,0.6774,0.6658,0.7006,0.7726,0.8616,0.951,1.0271,1.0787,1.1025,1.1044,1.0937,1.1034,1.1283,1.1568,1.1889,1.2237,1.2597,1.2958,1.3374,1.4087,1.5633,1.7996,1.7408,1.6854,1.6493,1.2164,0.9077,0.8086,1.153,1.4263,1.0748,0.4514,0.5223,0.7388,0.7638,0.6722,0.5553,0.5168,0.5914,0.727,0.8732,1.009,1.1181,1.1817,1.1968,1.1804,1.1516,1.1092,1.1315,1.1565,1.1838,1.2132,1.2445,1.2791,1.3226,1.3861,1.4768,1.5595,1.5845,1.6901,1.7092,1.5402,1.4991,1.4789,1.9617,2.459,1.7934,1.1875,0.9727,0.9284,0.806,0.5542,0.2592,0.1865,0.3963,0.6657,0.8952,1.0912,1.2445,1.3177,1.3098,1.2622,1.2087,1.1129,1.1331,1.1553,1.1794,1.2054,1.2337,1.2656,1.304,1.3517,1.406,1.4549,1.4962,1.5524,1.6303,1.933,2.0759,1.7947,2.0764,2.3875,2.2313,1.769,1.3723,1.1231,0.8525,0.3986,-0.2419,-0.3702,0.1943,0.6531,0.9437,1.1832,1.3785,1.4539,1.4114,1.329,1.253,1.1153,1.1337,1.1538,1.1754,1.1988,1.2243,1.2528,1.2852,1.322,1.3613,1.4006,1.4433,1.5047,1.6306,1.898,1.9914,1.8458,2.0358,2.5727,2.7943,2.0846,1.5843,1.2789,0.9709,0.4909,-0.264,-0.4199,0.4178,0.8178,1.0295,1.2364,1.4295,1.5006,1.4458,1.3535,1.2718,1.1167,1.1336,1.1519,1.1716,1.1928,1.2158,1.241,1.2687,1.299,1.3316,1.3669,1.4091,1.4687,1.5625,1.6819,1.7435,1.7755,1.9501,2.2854,2.3667,1.9694,1.6302,1.4237,1.1892,0.9196,0.8613,1.3557,1.3262,1.1502,1.1413,1.2385,1.3664,1.4263,1.3965,1.3294,1.263,1.1173,1.1329,1.1497,1.1678,1.1871,1.2078,1.2303,1.2546,1.281,1.3097,1.3418,1.3803,1.4297,1.4926,1.5602,1.6167,1.6795,1.7868,1.9067,1.9036,1.7507,1.6473,1.6003,1.418,1.2623,1.465,1.9495,1.7302,1.3693,1.2325,1.2337,1.2873,1.3243,1.3172,1.2811,1.2372,1.1173,1.1318,1.1473,1.1639,1.1815,1.2004,1.2207,1.2424,1.2659,1.2916,1.3204,1.3538,1.3934,1.4389,1.4868,1.5346,1.5868,1.6463,1.6914,1.6859,1.6506,1.6838,1.706,1.5371,1.3927,1.4594,1.6178,1.5572,1.3797,1.2666,1.2326,1.2413,1.2551,1.2532,1.2348,1.2078,1.1168,1.1303,1.1447,1.16,1.1762,1.1934,1.2118,1.2314,1.2526,1.2756,1.301,1.3296,1.3616,1.3968,1.4337,1.4713,1.5096,1.5455,1.5701,1.5776,1.5859,1.6207,1.6191,1.5147,1.4116,1.3952,1.4212,1.3972,1.3253,1.2606,1.2268,1.2173,1.2164,1.212,1.2002,1.1826]}]