docs/data/wind_grid.json
[{"header":{"la1":42.85,"la2":41.18,"lo1":11.55,"lo2":14.05,"nx":36,"ny":24,"dx":0.07143,"dy":0.07261,"parameterCategory":2,"parameterNumber":2,"parameterNumberName":"eastward_wind","parameterUnit":"m.s-1"},"data":[-0.7533,-0.758,-0.7623,-0.7661,-0.769,-0.7704,-0.7694,-0.7648,-0.7559,-0.7432,-0.7284,-0.714,-0.7022,-0.6946,-0.6919,-0.6934,-0.698,-0.7034,-0.7071,-0.7073,-0.703,-0.6945,-0.6831,-0.67,-0.6565,-0.6432,-0.6307,-0.6191,-0.6086,-0.5992,-0.5907,-0.5832,-0.5765,-0.5705,-0.5653,-0.5606,-0.767,-0.7732,-0.7792,-0.785,-0.7906,-0.7952,-0.7971,-0.7938,-0.7833,-0.7656,-0.744,-0.723,-0.7064,-0.6968,-0.6949,-0.7,-0.71,-0.7216,-0.7302,-0.7322,-0.7265,-0.7144,-0.6984,-0.6809,-0.6635,-0.6472,-0.6324,-0.6191,-0.6072,-0.5969,-0.5877,-0.5797,-0.5727,-0.5666,-0.5612,-0.5566,-0.7823,-0.7902,-0.7981,-0.8066,-0.8161,-0.8263,-0.8346,-0.8358,-0.824,-0.7982,-0.7647,-0.7326,-0.7086,-0.6959,-0.6954,-0.7063,-0.7257,-0.748,-0.7652,-0.7699,-0.7605,-0.7411,-0.7173,-0.6931,-0.6706,-0.6506,-0.633,-0.6179,-0.6048,-0.5935,-0.5838,-0.5754,-0.5682,-0.562,-0.5566,-0.552,-0.7996,-0.8094,-0.8192,-0.8304,-0.8449,-0.8642,-0.886,-0.8998,-0.8891,-0.8485,-0.7928,-0.7418,-0.7064,-0.6895,-0.6914,-0.711,-0.7459,-0.7881,-0.8214,-0.8292,-0.8099,-0.7759,-0.7391,-0.7055,-0.6767,-0.6524,-0.6321,-0.6151,-0.6008,-0.5888,-0.5787,-0.5701,-0.5628,-0.5566,-0.5513,-0.5467,-0.8195,-0.8314,-0.8429,-0.8559,-0.875,-0.9067,-0.9542,-1.0007,-0.9999,-0.9283,-0.8287,-0.7468,-0.6959,-0.6742,-0.6791,-0.7105,-0.7694,-0.8482,-0.9145,-0.9243,-0.8795,-0.8174,-0.7612,-0.7158,-0.68,-0.6515,-0.6286,-0.6101,-0.595,-0.5826,-0.5723,-0.5637,-0.5565,-0.5504,-0.5453,-0.5409,-0.8431,-0.8582,-0.8711,-0.8835,-0.9026,-0.9441,-1.0292,-1.1497,-1.1855,-1.0423,-0.8609,-0.7379,-0.6714,-0.6456,-0.6536,-0.6972,-0.786,-0.9246,-1.0575,-1.0628,-0.961,-0.8553,-0.7766,-0.7201,-0.6783,-0.6466,-0.6219,-0.6024,-0.587,-0.5746,-0.5644,-0.5561,-0.5491,-0.5433,-0.5385,-0.5344,-0.8722,-0.893,-0.9087,-0.9177,-0.9268,-0.9595,-1.0621,-1.2703,-1.3724,-1.1155,-0.8475,-0.6992,-0.6269,-0.6001,-0.6095,-0.6598,-0.7689,-0.9611,-1.1734,-1.1671,-1.0034,-0.8667,-0.7763,-0.7145,-0.6699,-0.6365,-0.6111,-0.5916,-0.5765,-0.5646,-0.555,-0.5472,-0.5408,-0.5354,-0.5309,-0.5273,-0.908,-0.9409,-0.9662,-0.9733,-0.9603,-0.9511,-0.9953,-1.1307,-1.1877,-0.9618,-0.7425,-0.6228,-0.5618,-0.5368,-0.5432,-0.5905,-0.6974,-0.8725,-1.0539,-1.0651,-0.9475,-0.8374,-0.757,-0.698,-0.6537,-0.6205,-0.5957,-0.5773,-0.5634,-0.5527,-0.5442,-0.5372,-0.5315,-0.5266,-0.5227,-0.5194,-0.9494,-1.0053,-1.0585,-1.0805,-1.0396,-0.9576,-0.8922,-0.854,-0.7847,-0.6679,-0.5814,-0.5249,-0.4831,-0.4592,-0.4548,-0.4893,-0.5996,-0.7483,-0.8659,-0.898,-0.8567,-0.791,-0.7271,-0.673,-0.6303,-0.5983,-0.5754,-0.5592,-0.5477,-0.539,-0.532,-0.5262,-0.5213,-0.5171,-0.5137,-0.5109,-0.9888,-1.0789,-1.1919,-1.2795,-1.2171,-1.0207,-0.8448,-0.6802,-0.4725,-0.3694,-0.4217,-0.4308,-0.3965,-0.372,-0.3601,-0.3602,-0.5272,-0.7188,-0.8317,-0.8554,-0.8202,-0.76,-0.6971,-0.6422,-0.5994,-0.5692,-0.5497,-0.5377,-0.5298,-0.5239,-0.5189,-0.5144,-0.5103,-0.5068,-0.5039,-0.5017,-1.0104,-1.1291,-1.3106,-1.5214,-1.4638,-1.1047,-0.8644,-0.6587,-0.2145,-0.0083,-0.3128,-0.3612,-0.2929,-0.2426,-0.3025,-0.3469,-0.574,-0.8587,-0.99,-0.9489,-0.847,-0.7481,-0.667,-0.6045,-0.5597,-0.5319,-0.5183,-0.513,-0.5106,-0.5083,-0.5055,-0.5022,-0.4988,-0.4958,-0.4934,-0.4917,-0.9998,-1.1139,-1.2862,-1.4808,-1.4144,-1.0841,-0.9357,-0.8955,-0.541,-0.2505,-0.3654,-0.3282,-0.1743,0.0437,-0.1099,-0.4076,-0.7938,-1.3305,-1.4567,-1.1615,-0.8995,-0.7324,-0.6267,-0.5563,-0.5091,-0.4852,-0.4817,-0.4869,-0.4917,-0.4934,-0.4924,-0.4898,-0.4867,-0.4838,-0.4818,-0.4807,-0.959,-1.0392,-1.1358,-1.2017,-1.1363,-1.0006,-0.993,-1.1118,-0.9534,-0.6192,-0.4526,-0.3195,-0.1827,0.1182,-0.0387,-0.4636,-1.0365,-2.1446,-2.1635,-1.3311,-0.889,-0.6733,-0.5637,-0.4993,-0.4527,-0.4325,-0.4444,-0.4638,-0.4762,-0.4809,-0.4805,-0.4774,-0.4736,-0.4705,-0.4687,-0.4684,-0.9046,-0.9504,-0.991,-1.0028,-0.969,-0.9302,-0.9526,-1.023,-0.9307,-0.6778,-0.4976,-0.3044,-0.2379,-0.2152,-0.3202,-0.6485,-1.0681,-1.6482,-1.7001,-1.1107,-0.7128,-0.5296,-0.4687,-0.4454,-0.4157,-0.3975,-0.4215,-0.4513,-0.4675,-0.4721,-0.4698,-0.4644,-0.4588,-0.4548,-0.4534,-0.4542,-0.8513,-0.8748,-0.8903,-0.8897,-0.8737,-0.8588,-0.8597,-0.8531,-0.7766,-0.6593,-0.5847,-0.5185,-0.4443,-0.4804,-0.5098,-0.9561,-1.3863,-1.1302,-0.9816,-0.6639,-0.3458,-0.2641,-0.3318,-0.3936,-0.4122,-0.4097,-0.4301,-0.4559,-0.4682,-0.4678,-0.4598,-0.4492,-0.44,-0.435,-0.4345,-0.4375,-0.805,-0.8164,-0.8213,-0.8174,-0.8063,-0.7927,-0.7775,-0.7497,-0.7012,-0.6616,-0.6764,-0.7539,-0.6761,-0.5802,-0.6231,-0.9091,-1.1888,-0.8944,-0.6316,-0.2831,0.1843,0.1053,-0.181,-0.3385,-0.4101,-0.4409,-0.4637,-0.479,-0.4794,-0.4674,-0.4484,-0.4283,-0.4135,-0.4078,-0.4103,-0.4177,-0.7666,-0.7712,-0.7711,-0.7655,-0.755,-0.7407,-0.7221,-0.6977,-0.6717,-0.6622,-0.6804,-0.7146,-0.8445,-0.8973,-0.6602,-0.6475,-0.6794,-0.572,-0.4234,-0.1748,0.2633,0.1655,-0.1371,-0.3178,-0.4265,-0.4952,-0.5279,-0.5255,-0.502,-0.4692,-0.4317,-0.3957,-0.3728,-0.3692,-0.3794,-0.3948,-0.7347,-0.7355,-0.7327,-0.726,-0.7156,-0.702,-0.6855,-0.6675,-0.6528,-0.6495,-0.6622,-0.7039,-0.8605,-0.8685,-0.503,-0.3604,-0.4047,-0.3892,-0.3844,-0.2238,-0.0608,-0.0655,-0.1958,-0.3417,-0.487,-0.6168,-0.6583,-0.6041,-0.5334,-0.4705,-0.4064,-0.3442,-0.3104,-0.3166,-0.3433,-0.3714,-0.7081,-0.7065,-0.7022,-0.695,-0.6849,-0.6725,-0.6585,-0.6445,-0.6334,-0.6284,-0.6312,-0.6425,-0.6454,-0.51,-0.0733,0.0853,-0.2101,-0.2714,-0.2363,-0.0046,-0.0445,-0.1243,-0.2242,-0.3643,-0.5659,-0.8199,-0.8751,-0.6903,-0.5558,-0.4684,-0.378,-0.2797,-0.2337,-0.2616,-0.3115,-0.3534,-0.6856,-0.6825,-0.6773,-0.6698,-0.6602,-0.6489,-0.6364,-0.6238,-0.6123,-0.6025,-0.5923,-0.5736,-0.5203,-0.3701,-0.0844,0.0096,-0.1505,-0.1064,0.2637,0.4436,0.0891,-0.0781,-0.1846,-0.3307,-0.5507,-0.8447,-0.907,-0.6541,-0.5373,-0.4664,-0.3732,-0.255,-0.2019,-0.2424,-0.3023,-0.3485,-0.6663,-0.6623,-0.6565,-0.6489,-0.6396,-0.6289,-0.617,-0.6044,-0.5913,-0.5768,-0.5576,-0.5265,-0.469,-0.3701,-0.249,-0.1895,-0.1785,-0.0831,0.1331,0.2144,0.0759,0.0082,-0.0523,-0.2099,-0.41,-0.526,-0.4492,-0.4582,-0.4933,-0.4782,-0.4118,-0.3162,-0.2647,-0.283,-0.3237,-0.3593,-0.6497,-0.645,-0.6388,-0.6312,-0.622,-0.6115,-0.5997,-0.5867,-0.5721,-0.5546,-0.5318,-0.499,-0.4512,-0.3873,-0.3195,-0.2656,-0.2153,-0.1366,-0.0362,0.0261,0.0761,0.2146,0.2432,-0.0091,-0.2707,-0.3727,-0.3137,-0.3881,-0.5155,-0.5317,-0.4768,-0.4037,-0.3556,-0.3473,-0.3611,-0.38,-0.6351,-0.63,-0.6236,-0.6158,-0.6067,-0.5963,-0.5844,-0.571,-0.5556,-0.537,-0.5136,-0.4832,-0.4443,-0.3978,-0.3483,-0.2997,-0.2477,-0.185,-0.113,-0.0303,0.1166,0.3885,0.4691,0.1327,-0.1843,-0.3394,-0.3928,-0.5027,-0.6538,-0.6263,-0.5393,-0.4666,-0.4197,-0.3989,-0.396,-0.4019,-0.6223,-0.6168,-0.6102,-0.6024,-0.5933,-0.5829,-0.5711,-0.5576,-0.5419,-0.5234,-0.5009,-0.4736,-0.4409,-0.4036,-0.3632,-0.3204,-0.2737,-0.2201,-0.1565,-0.0716,0.0618,0.2347,0.2661,0.0607,-0.173,-0.3273,-0.4313,-0.5581,-0.6732,-0.6424,-0.5595,-0.495,-0.4535,-0.4305,-0.421,-0.4198]},{"header":{"la1":42.85,"la2":41.18,"lo1":11.55,"lo2":14.05,"nx":36,"ny":24,"dx":0.07143,"dy":0.07261,"parameterCategory":2,"parameterNumber":3,"parameterNumberName":"northward_wind","parameterUnit":"m.s-1"},"data":[-0.5692,-0.5696,-0.5688,-0.5668,-0.5633,-0.5586,-0.5528,-0.5461,-0.5385,-0.5296,-0.5188,-0.5056,-0.4894,-0.4702,-0.4483,-0.4245,-0.4001,-0.3772,-0.3579,-0.3438,-0.3352,-0.3314,-0.3311,-0.3327,-0.3354,-0.3386,-0.342,-0.3456,-0.3494,-0.3533,-0.3573,-0.3615,-0.3658,-0.3702,-0.3745,-0.3787,-0.5791,-0.58,-0.5795,-0.5773,-0.5734,-0.5678,-0.5611,-0.5538,-0.5463,-0.538,-0.5277,-0.5142,-0.4966,-0.4745,-0.448,-0.4181,-0.3865,-0.3564,-0.3318,-0.3157,-0.3084,-0.308,-0.3116,-0.3169,-0.3224,-0.3278,-0.3329,-0.3378,-0.3427,-0.3475,-0.3525,-0.3576,-0.3627,-0.3679,-0.3729,-0.3778,-0.5898,-0.5914,-0.5912,-0.5888,-0.5839,-0.5766,-0.5677,-0.559,-0.5517,-0.5452,-0.5371,-0.5246,-0.5061,-0.4809,-0.449,-0.4106,-0.3679,-0.326,-0.2926,-0.2742,-0.2711,-0.2778,-0.2885,-0.2993,-0.3087,-0.3167,-0.3236,-0.3299,-0.3359,-0.3418,-0.3478,-0.3538,-0.3599,-0.3659,-0.3718,-0.3774,-0.6014,-0.604,-0.6045,-0.6018,-0.5952,-0.5844,-0.5705,-0.5576,-0.5503,-0.5487,-0.5464,-0.5372,-0.519,-0.4911,-0.4529,-0.4034,-0.3434,-0.2804,-0.2308,-0.2104,-0.2184,-0.2399,-0.2624,-0.2809,-0.295,-0.3058,-0.3145,-0.3221,-0.3292,-0.3362,-0.3432,-0.3504,-0.3575,-0.3646,-0.3714,-0.3778,-0.6141,-0.6182,-0.6197,-0.6171,-0.6085,-0.5917,-0.5667,-0.5412,-0.5319,-0.5428,-0.5548,-0.5532,-0.5367,-0.507,-0.4631,-0.4005,-0.3149,-0.2129,-0.1294,-0.1095,-0.1459,-0.1959,-0.2362,-0.2639,-0.2826,-0.2956,-0.3057,-0.3144,-0.3225,-0.3307,-0.3389,-0.3473,-0.3557,-0.3639,-0.3718,-0.3792,-0.6277,-0.634,-0.6375,-0.6362,-0.6266,-0.6026,-0.5576,-0.4988,-0.4779,-0.5219,-0.5651,-0.5753,-0.5612,-0.5313,-0.4847,-0.4114,-0.295,-0.1281,0.0262,0.0369,-0.0623,-0.1563,-0.2162,-0.2514,-0.2726,-0.2867,-0.2974,-0.3068,-0.316,-0.3253,-0.335,-0.3449,-0.3547,-0.3644,-0.3735,-0.3819,-0.6419,-0.6511,-0.658,-0.6602,-0.6535,-0.6282,-0.5658,-0.4558,-0.4054,-0.5105,-0.5929,-0.6092,-0.594,-0.5661,-0.5241,-0.4507,-0.3163,-0.09,0.1534,0.1478,-0.02,-0.1437,-0.2104,-0.2457,-0.2658,-0.279,-0.2894,-0.2992,-0.3093,-0.32,-0.3314,-0.3432,-0.3549,-0.3662,-0.3767,-0.3863,-0.6558,-0.6686,-0.6798,-0.6879,-0.6901,-0.6785,-0.635,-0.5451,-0.5054,-0.6039,-0.6647,-0.6593,-0.634,-0.6117,-0.5878,-0.5317,-0.407,-0.2007,0.014,0.0326,-0.0826,-0.1721,-0.2206,-0.246,-0.2608,-0.2713,-0.2808,-0.2909,-0.3022,-0.3148,-0.3284,-0.3425,-0.3566,-0.3699,-0.3822,-0.393,-0.6683,-0.6846,-0.6997,-0.7133,-0.7273,-0.7424,-0.7522,-0.7571,-0.784,-0.8165,-0.7852,-0.7202,-0.6736,-0.6641,-0.687,-0.6695,-0.543,-0.3728,-0.2309,-0.1765,-0.1914,-0.218,-0.2362,-0.2472,-0.2549,-0.2621,-0.2707,-0.2813,-0.2944,-0.3096,-0.3262,-0.3435,-0.3605,-0.3764,-0.3906,-0.4028,-0.678,-0.6968,-0.7131,-0.7252,-0.7452,-0.7927,-0.8611,-0.9564,-1.0994,-1.1315,-0.9425,-0.7742,-0.6993,-0.7059,-0.8274,-0.8955,-0.6652,-0.4727,-0.3568,-0.2916,-0.261,-0.2485,-0.2438,-0.2428,-0.2447,-0.2495,-0.2577,-0.2698,-0.2856,-0.3044,-0.3253,-0.3468,-0.3678,-0.3869,-0.4034,-0.4168,-0.6835,-0.7037,-0.7182,-0.7174,-0.7305,-0.8211,-0.942,-1.0836,-1.4089,-1.5769,-1.0699,-0.7882,-0.7048,-0.7131,-0.8128,-0.9002,-0.6449,-0.4773,-0.3917,-0.3298,-0.2827,-0.2523,-0.2359,-0.2291,-0.2285,-0.2325,-0.2414,-0.2559,-0.2756,-0.2997,-0.3265,-0.3539,-0.3801,-0.4031,-0.4221,-0.4365,-0.684,-0.7055,-0.7214,-0.7224,-0.7437,-0.8625,-1.0158,-1.1243,-1.246,-1.3256,-0.9631,-0.7434,-0.7067,-0.7968,-0.7075,-0.6105,-0.4969,-0.4465,-0.4162,-0.3382,-0.2709,-0.2301,-0.2111,-0.2061,-0.2079,-0.213,-0.2228,-0.24,-0.265,-0.2963,-0.3314,-0.367,-0.4001,-0.428,-0.4495,-0.4642,-0.6791,-0.7017,-0.7238,-0.7463,-0.7935,-0.9037,-1.0631,-1.1948,-1.1261,-0.967,-0.7817,-0.7127,-0.6784,-0.7891,-0.6487,-0.4354,-0.3387,-0.5034,-0.5047,-0.3235,-0.2238,-0.1785,-0.1685,-0.1778,-0.1914,-0.199,-0.2061,-0.224,-0.2548,-0.2958,-0.3426,-0.3899,-0.4324,-0.4661,-0.4893,-0.5026,-0.6687,-0.691,-0.7161,-0.748,-0.7987,-0.8837,-1.0014,-1.1066,-1.0312,-0.7942,-0.6428,-0.7625,-0.7718,-0.1701,-0.3275,-0.1108,0.061,-0.2458,-0.3399,-0.2125,-0.1153,-0.0804,-0.1016,-0.145,-0.1865,-0.2011,-0.1964,-0.209,-0.2456,-0.3002,-0.3645,-0.429,-0.4844,-0.5244,-0.5473,-0.5557,-0.6533,-0.6729,-0.6955,-0.7235,-0.7611,-0.8107,-0.863,-0.8775,-0.78,-0.593,-0.4486,-0.3956,-0.2632,0.0673,-0.0975,0.4502,1.1481,0.3065,-0.0444,-0.0277,0.1002,0.1066,0.0031,-0.0925,-0.1585,-0.1845,-0.1769,-0.1878,-0.2352,-0.3116,-0.4037,-0.495,-0.5687,-0.6142,-0.6313,-0.6277,-0.6342,-0.6494,-0.6661,-0.6846,-0.7045,-0.7223,-0.7255,-0.6891,-0.5868,-0.4309,-0.3003,-0.0873,-0.1169,-0.1005,-0.0458,0.3848,0.834,0.2859,0.0052,0.1212,0.4943,0.4071,0.1217,-0.0244,-0.0841,-0.1042,-0.109,-0.1388,-0.215,-0.3313,-0.4709,-0.6069,-0.7071,-0.7529,-0.7513,-0.7224,-0.6129,-0.6231,-0.633,-0.6417,-0.6469,-0.6439,-0.6235,-0.5735,-0.4864,-0.3741,-0.2882,-0.1872,-0.0591,-0.013,-0.0958,-0.011,0.0556,-0.0972,-0.1962,0.0326,0.5369,0.4327,0.1327,0.0169,0.0111,0.0421,0.0415,-0.0333,-0.1734,-0.3605,-0.5809,-0.795,-0.934,-0.9632,-0.9149,-0.8387,-0.591,-0.5966,-0.6005,-0.6014,-0.597,-0.5833,-0.5553,-0.5082,-0.4416,-0.3646,-0.2916,-0.208,-0.0645,-0.0411,-0.2228,-0.2778,-0.2592,-0.3961,-0.5483,-0.2915,0.0015,0.0764,0.0209,0.0273,0.1403,0.3101,0.3398,0.1527,-0.1081,-0.399,-0.7436,-1.094,-1.2879,-1.2564,-1.1129,-0.9629,-0.5699,-0.5716,-0.571,-0.5667,-0.5569,-0.5392,-0.511,-0.471,-0.4205,-0.3646,-0.3085,-0.2524,-0.2086,-0.2537,-0.4673,-0.5477,-0.4007,-0.4498,-0.5322,-0.4743,-0.3046,-0.1683,-0.0931,0.0211,0.2851,0.7335,0.8271,0.3616,-0.0577,-0.4393,-0.9193,-1.4641,-1.7205,-1.5655,-1.2896,-1.0608,-0.5504,-0.5492,-0.5455,-0.5382,-0.526,-0.5076,-0.482,-0.4491,-0.4105,-0.3694,-0.3301,-0.2989,-0.2914,-0.3413,-0.4693,-0.5123,-0.4307,-0.456,-0.6011,-0.6667,-0.4458,-0.2939,-0.1892,-0.0388,0.2575,0.784,0.8998,0.2848,-0.1039,-0.4592,-0.9663,-1.6081,-1.8978,-1.6746,-1.3433,-1.0885,-0.5329,-0.5297,-0.5241,-0.5153,-0.5025,-0.4851,-0.4628,-0.436,-0.4062,-0.3759,-0.3489,-0.3305,-0.3294,-0.3546,-0.3977,-0.4169,-0.4129,-0.4454,-0.5286,-0.5498,-0.4478,-0.371,-0.3046,-0.174,0.0117,0.1139,-0.0981,-0.1442,-0.2319,-0.4473,-0.8125,-1.2982,-1.5619,-1.4574,-1.2298,-1.0308,-0.5175,-0.513,-0.5064,-0.497,-0.4846,-0.4688,-0.4497,-0.4279,-0.4047,-0.382,-0.3625,-0.3498,-0.3475,-0.3568,-0.3725,-0.3845,-0.3946,-0.4157,-0.4441,-0.4505,-0.4416,-0.4751,-0.4745,-0.336,-0.1948,-0.2107,-0.3786,-0.3214,-0.3306,-0.4235,-0.6161,-0.899,-1.1013,-1.1212,-1.0318,-0.9198,-0.5041,-0.4989,-0.4918,-0.4826,-0.4709,-0.4568,-0.4406,-0.4227,-0.4043,-0.3868,-0.3719,-0.3617,-0.3577,-0.3599,-0.3661,-0.3734,-0.382,-0.3941,-0.4077,-0.4214,-0.4573,-0.5516,-0.5826,-0.4329,-0.2978,-0.2708,-0.3094,-0.3417,-0.3913,-0.4077,-0.4974,-0.6581,-0.7988,-0.8589,-0.8475,-0.8009,-0.4926,-0.4871,-0.4799,-0.4711,-0.4604,-0.448,-0.4341,-0.4193,-0.4043,-0.3903,-0.3783,-0.3695,-0.3646,-0.3636,-0.3654,-0.3692,-0.3747,-0.3822,-0.3921,-0.4081,-0.4424,-0.4971,-0.5048,-0.422,-0.3372,-0.3059,-0.3202,-0.3619,-0.398,-0.4046,-0.4535,-0.5463,-0.638,-0.6951,-0.712,-0.7005]}]