docs/data/wind_grid.json
[{"header":{"la1":42.85,"la2":41.18,"lo1":11.55,"lo2":14.05,"nx":36,"ny":24,"dx":0.07143,"dy":0.07261,"parameterCategory":2,"parameterNumber":2,"parameterNumberName":"eastward_wind","parameterUnit":"m.s-1"},"data":[-0.445,-0.4664,-0.4901,-0.515,-0.5392,-0.5595,-0.5717,-0.5714,-0.5551,-0.5223,-0.4754,-0.4186,-0.3564,-0.2924,-0.2295,-0.1699,-0.116,-0.0705,-0.0364,-0.0155,-0.0074,-0.0098,-0.0193,-0.0325,-0.0467,-0.0604,-0.0724,-0.0823,-0.0899,-0.0954,-0.099,-0.1009,-0.1015,-0.101,-0.0997,-0.0979,-0.4529,-0.4794,-0.5103,-0.5452,-0.5818,-0.6162,-0.6416,-0.6498,-0.6341,-0.5928,-0.5309,-0.4562,-0.3762,-0.2957,-0.2172,-0.1427,-0.0745,-0.0169,0.0248,0.0468,0.0495,0.0375,0.0172,-0.006,-0.0286,-0.0486,-0.0653,-0.0784,-0.0881,-0.0948,-0.0989,-0.1008,-0.1011,-0.1002,-0.0984,-0.096,-0.4559,-0.4874,-0.5267,-0.5741,-0.6285,-0.6851,-0.7339,-0.7594,-0.7466,-0.6915,-0.6047,-0.503,-0.3987,-0.2972,-0.1998,-0.1063,-0.0181,0.0586,0.113,0.1356,0.127,0.0976,0.0598,0.0221,-0.0113,-0.0391,-0.061,-0.0774,-0.089,-0.0965,-0.1007,-0.1023,-0.102,-0.1002,-0.0976,-0.0945,-0.4514,-0.487,-0.5346,-0.5969,-0.6749,-0.7658,-0.8569,-0.9192,-0.9155,-0.8338,-0.7023,-0.5585,-0.4216,-0.2954,-0.1766,-0.0603,0.0562,0.1657,0.2443,0.2665,0.2337,0.1723,0.1069,0.0493,0.0024,-0.034,-0.0613,-0.0808,-0.0938,-0.1015,-0.1052,-0.1057,-0.1041,-0.1011,-0.0973,-0.093,-0.4363,-0.4733,-0.5272,-0.6043,-0.7107,-0.8506,-1.0159,-1.159,-1.1816,-1.0412,-0.8241,-0.6162,-0.4395,-0.2871,-0.1475,-0.0075,0.1465,0.3137,0.4447,0.4635,0.3765,0.2575,0.152,0.07,0.0086,-0.0364,-0.0685,-0.0903,-0.1037,-0.1106,-0.1127,-0.1113,-0.1077,-0.1028,-0.0972,-0.0916,-0.4071,-0.4401,-0.4948,-0.5823,-0.7157,-0.9121,-1.1875,-1.4962,-1.5911,-1.3143,-0.9458,-0.6584,-0.4429,-0.2674,-0.1113,0.0449,0.2342,0.4888,0.7298,0.7355,0.5376,0.3322,0.1811,0.076,0.002,-0.05,-0.0855,-0.108,-0.1203,-0.1248,-0.1238,-0.1192,-0.1126,-0.105,-0.0972,-0.0898,-0.3609,-0.3808,-0.4254,-0.5124,-0.6616,-0.8967,-1.2601,-1.7606,-1.9717,-1.4969,-0.9903,-0.6595,-0.4231,-0.2287,-0.0596,0.0951,0.2805,0.5848,0.9483,0.9343,0.619,0.3512,0.1754,0.0584,-0.0226,-0.0789,-0.1157,-0.1367,-0.1453,-0.145,-0.1389,-0.1294,-0.1185,-0.1074,-0.0969,-0.0874,-0.2967,-0.2889,-0.3036,-0.3714,-0.5225,-0.7652,-1.099,-1.5033,-1.6548,-1.2929,-0.9035,-0.6193,-0.3837,-0.1626,0.0374,0.1784,0.2865,0.4774,0.7391,0.7417,0.5042,0.2836,0.1262,0.0131,-0.0697,-0.1277,-0.1634,-0.1797,-0.181,-0.1723,-0.1581,-0.1415,-0.1249,-0.1093,-0.0955,-0.0836,-0.2189,-0.1631,-0.1119,-0.123,-0.2747,-0.5497,-0.8372,-1.0544,-1.1155,-1.0009,-0.8048,-0.5842,-0.3491,-0.0692,0.2501,0.4086,0.352,0.3372,0.3993,0.3997,0.2987,0.1683,0.0472,-0.0577,-0.1431,-0.2036,-0.2358,-0.2422,-0.2299,-0.2073,-0.1808,-0.1545,-0.1304,-0.1096,-0.0921,-0.0778,-0.1431,-0.0216,0.1504,0.2873,0.1318,-0.3088,-0.6785,-0.8905,-1.0039,-0.9957,-0.8186,-0.5952,-0.3614,-0.0172,0.6454,0.9684,0.5031,0.2861,0.2413,0.2146,0.155,0.0655,-0.0405,-0.1517,-0.2521,-0.3209,-0.3457,-0.3316,-0.2946,-0.2495,-0.2053,-0.1662,-0.1334,-0.1067,-0.0855,-0.069,-0.0972,0.0759,0.3772,0.7615,0.6368,-0.1387,-0.6643,-0.9087,-1.1367,-1.2362,-0.8939,-0.6375,-0.4493,-0.2037,0.4833,0.9581,0.426,0.2462,0.2091,0.1622,0.0908,-0.0043,-0.1271,-0.2746,-0.4193,-0.51,-0.516,-0.4579,-0.3757,-0.2957,-0.2277,-0.1732,-0.1309,-0.0986,-0.0742,-0.0563,-0.1047,0.0576,0.3363,0.6826,0.5285,-0.2595,-0.789,-0.9895,-1.0562,-1.0882,-0.8568,-0.6907,-0.5718,-0.5152,-0.3181,0.036,0.157,0.2881,0.3151,0.1981,0.0776,-0.0467,-0.2108,-0.4383,-0.69,-0.8311,-0.7811,-0.6259,-0.4657,-0.3368,-0.2406,-0.1704,-0.1195,-0.0829,-0.0568,-0.0385,-0.1592,-0.0606,0.0693,0.145,-0.059,-0.5197,-0.9085,-1.1064,-1.0326,-0.9026,-0.8136,-0.8405,-0.7461,-0.587,-0.5122,-0.2353,0.0716,0.5449,0.5585,0.2513,0.0769,-0.0686,-0.2778,-0.6315,-1.1078,-1.3555,-1.1495,-0.807,-0.5375,-0.3553,-0.2339,-0.1517,-0.0956,-0.0573,-0.0316,-0.0149,-0.2295,-0.193,-0.1705,-0.2124,-0.3753,-0.6283,-0.8681,-1.0185,-0.9704,-0.8263,-0.7976,-1.0602,-1.1123,-0.5191,-0.4702,-0.2495,-0.0074,0.3141,0.3765,0.1912,0.0621,-0.0633,-0.2842,-0.7358,-1.4748,-1.8654,-1.4272,-0.89,-0.5404,-0.3291,-0.1972,-0.1119,-0.0561,-0.0201,0.0021,0.0149,-0.2898,-0.2895,-0.3101,-0.3711,-0.4828,-0.6252,-0.7551,-0.825,-0.7994,-0.7381,-0.7258,-0.7573,-0.7038,-0.6914,-0.4491,-0.1643,-0.0134,0.0541,0.129,0.1084,0.0615,-0.0133,-0.1962,-0.5862,-1.2096,-1.5547,-1.2062,-0.7448,-0.4361,-0.2466,-0.1269,-0.0495,-0.0002,0.0291,0.0444,0.0506,-0.3309,-0.3461,-0.377,-0.4298,-0.5036,-0.5853,-0.6533,-0.6865,-0.6832,-0.6858,-0.7483,-0.6873,-0.6005,-0.4893,-0.3409,-0.1351,-0.0228,0.036,0.0998,0.1056,0.0933,0.0628,-0.0698,-0.3097,-0.6117,-0.7742,-0.6572,-0.4362,-0.2523,-0.1215,-0.0303,0.032,0.0703,0.0891,0.094,0.0908,-0.3537,-0.3731,-0.4024,-0.4427,-0.491,-0.5393,-0.5772,-0.5975,-0.6064,-0.6329,-0.7014,-0.6046,-0.3044,-0.1469,-0.1663,-0.0542,0.0387,0.1421,0.2118,0.1652,0.1066,0.0896,0.0164,-0.0995,-0.2097,-0.2532,-0.2157,-0.139,-0.0572,0.0158,0.0769,0.1238,0.1508,0.1565,0.1476,0.1328,-0.3627,-0.3811,-0.4051,-0.4342,-0.4657,-0.4948,-0.5163,-0.5279,-0.5327,-0.5363,-0.5207,-0.4133,-0.1729,-0.0647,0.0816,0.221,0.2073,0.3191,0.4494,0.2918,0.1798,0.1288,0.0858,0.04,0.0114,0.0117,0.0318,0.0674,0.1065,0.1412,0.1767,0.2125,0.2316,0.2233,0.199,0.1719,-0.3621,-0.3775,-0.3958,-0.4159,-0.4358,-0.4525,-0.4631,-0.4658,-0.4599,-0.4419,-0.3976,-0.3039,-0.1585,0.0559,0.5565,0.7497,0.3759,0.3497,0.4192,0.368,0.273,0.2003,0.1635,0.1466,0.1326,0.0801,0.0727,0.1885,0.2453,0.2501,0.2541,0.2768,0.2923,0.2738,0.2379,0.2023,-0.3553,-0.3672,-0.3802,-0.3933,-0.4049,-0.4129,-0.4152,-0.4099,-0.3948,-0.3654,-0.3131,-0.2268,-0.0921,0.1367,0.5153,0.6351,0.3875,0.3329,0.4306,0.4765,0.3382,0.2634,0.2423,0.246,0.2465,0.136,0.1085,0.3843,0.4112,0.3527,0.3072,0.2996,0.3082,0.2911,0.2561,0.2201,-0.3445,-0.3531,-0.3616,-0.3692,-0.3746,-0.3762,-0.3723,-0.3611,-0.3402,-0.306,-0.2532,-0.1751,-0.0629,0.0919,0.2604,0.3281,0.2939,0.2986,0.3662,0.3903,0.3356,0.3184,0.3273,0.348,0.4266,0.6202,1.0073,0.897,0.6075,0.4443,0.3545,0.3109,0.2992,0.2847,0.2578,0.2269,-0.3316,-0.3371,-0.3419,-0.3452,-0.3459,-0.3429,-0.3347,-0.3196,-0.2958,-0.2608,-0.2115,-0.145,-0.0595,0.0401,0.1333,0.1907,0.2167,0.2457,0.2852,0.3118,0.3382,0.4019,0.4306,0.425,0.544,0.9107,1.4315,1.1198,0.6377,0.4734,0.3923,0.3348,0.3021,0.2795,0.255,0.2281,-0.3176,-0.3205,-0.3223,-0.3222,-0.3195,-0.3132,-0.302,-0.2849,-0.2603,-0.2266,-0.1826,-0.1274,-0.0622,0.008,0.0733,0.1249,0.1645,0.2014,0.2402,0.2842,0.3548,0.4632,0.4922,0.4516,0.5336,0.7548,0.9322,0.7217,0.4475,0.4322,0.4034,0.3526,0.311,0.28,0.2532,0.2273,-0.3032,-0.304,-0.3033,-0.3008,-0.2956,-0.287,-0.2741,-0.256,-0.2318,-0.2006,-0.1619,-0.1159,-0.0641,-0.01,0.042,0.0884,0.1298,0.1695,0.2118,0.2631,0.3335,0.4127,0.44,0.4311,0.4785,0.5749,0.6187,0.5212,0.4171,0.4166,0.3976,0.355,0.3136,0.2795,0.2509,0.2251]},{"header":{"la1":42.85,"la2":41.18,"lo1":11.55,"lo2":14.05,"nx":36,"ny":24,"dx":0.07143,"dy":0.07261,"parameterCategory":2,"parameterNumber":3,"parameterNumberName":"northward_wind","parameterUnit":"m.s-1"},"data":[-0.7432,-0.7561,-0.7706,-0.7863,-0.8025,-0.8177,-0.83,-0.8376,-0.8387,-0.8329,-0.8205,-0.8024,-0.7794,-0.7521,-0.721,-0.6871,-0.6523,-0.6195,-0.5918,-0.5717,-0.5598,-0.5545,-0.5535,-0.5542,-0.555,-0.5546,-0.5526,-0.5488,-0.5435,-0.5368,-0.5289,-0.5203,-0.5111,-0.5018,-0.4924,-0.4833,-0.7427,-0.7576,-0.7753,-0.7955,-0.8175,-0.8393,-0.8581,-0.8705,-0.8735,-0.8663,-0.8503,-0.8273,-0.7988,-0.7652,-0.7263,-0.6825,-0.6363,-0.5922,-0.5562,-0.5334,-0.5242,-0.5252,-0.5314,-0.5387,-0.5444,-0.5474,-0.5476,-0.545,-0.54,-0.5331,-0.5248,-0.5154,-0.5054,-0.4951,-0.4849,-0.475,-0.7389,-0.7557,-0.7769,-0.8027,-0.8326,-0.8644,-0.8938,-0.9145,-0.9204,-0.9102,-0.8875,-0.8573,-0.8219,-0.781,-0.7326,-0.6754,-0.6115,-0.5483,-0.4984,-0.4723,-0.4707,-0.4847,-0.5037,-0.521,-0.5337,-0.5411,-0.5437,-0.5423,-0.5375,-0.5301,-0.5209,-0.5104,-0.4992,-0.4877,-0.4764,-0.4656,-0.7307,-0.7487,-0.7732,-0.8053,-0.8456,-0.8926,-0.9403,-0.9768,-0.9876,-0.9695,-0.9337,-0.8924,-0.8491,-0.8009,-0.7421,-0.6674,-0.5759,-0.4782,-0.4013,-0.3723,-0.3903,-0.4306,-0.4714,-0.5033,-0.5247,-0.537,-0.542,-0.5413,-0.5363,-0.5279,-0.5173,-0.5052,-0.4924,-0.4795,-0.4669,-0.455,-0.7165,-0.7343,-0.7608,-0.7991,-0.8518,-0.9204,-0.9999,-1.0691,-1.0901,-1.0512,-0.9883,-0.9305,-0.8798,-0.8269,-0.7596,-0.6649,-0.532,-0.3695,-0.2352,-0.2067,-0.2742,-0.3655,-0.4394,-0.4894,-0.5201,-0.5369,-0.5437,-0.5431,-0.537,-0.527,-0.5143,-0.5,-0.485,-0.4701,-0.4559,-0.4426,-0.6949,-0.7096,-0.7353,-0.7773,-0.8419,-0.9359,-1.0634,-1.1998,-1.2456,-1.1542,-1.0419,-0.9658,-0.9128,-0.8616,-0.7925,-0.6822,-0.5001,-0.2295,0.0267,0.0413,-0.1359,-0.3073,-0.4194,-0.4858,-0.5235,-0.5431,-0.5504,-0.5487,-0.5404,-0.5276,-0.5118,-0.4944,-0.4766,-0.4592,-0.443,-0.4282,-0.6647,-0.6718,-0.6911,-0.7312,-0.8021,-0.9147,-1.0843,-1.3033,-1.3903,-1.222,-1.0685,-0.991,-0.9475,-0.9081,-0.8496,-0.7411,-0.533,-0.166,0.2435,0.2326,-0.0675,-0.2971,-0.4271,-0.4987,-0.538,-0.5576,-0.5636,-0.5593,-0.5473,-0.5301,-0.5098,-0.4881,-0.4666,-0.4461,-0.4275,-0.4111,-0.6261,-0.6189,-0.6224,-0.6509,-0.7195,-0.8349,-0.9982,-1.1908,-1.2668,-1.152,-1.0532,-1.0075,-0.9862,-0.969,-0.9364,-0.854,-0.6718,-0.3508,0.0026,0.028,-0.1872,-0.364,-0.4691,-0.5301,-0.5653,-0.5826,-0.5856,-0.5767,-0.5588,-0.535,-0.5081,-0.4807,-0.4542,-0.43,-0.4086,-0.3904,-0.5818,-0.5516,-0.5241,-0.5241,-0.5852,-0.7053,-0.8473,-0.978,-1.0515,-1.0573,-1.0386,-1.0283,-1.0322,-1.0431,-1.0541,-1.0166,-0.8633,-0.6332,-0.4223,-0.3482,-0.3968,-0.4706,-0.5308,-0.5753,-0.6058,-0.6213,-0.6202,-0.6039,-0.5763,-0.5423,-0.5061,-0.4708,-0.4382,-0.4095,-0.3851,-0.3652,-0.5396,-0.48,-0.4012,-0.3392,-0.3919,-0.5532,-0.7069,-0.8547,-1.021,-1.0989,-1.0665,-1.061,-1.0862,-1.1192,-1.1864,-1.217,-1.0142,-0.7947,-0.6385,-0.5579,-0.5403,-0.5577,-0.5904,-0.6287,-0.6631,-0.6813,-0.675,-0.6455,-0.6015,-0.5518,-0.5024,-0.4568,-0.4166,-0.3828,-0.3554,-0.334,-0.5119,-0.4299,-0.3008,-0.1503,-0.1888,-0.4231,-0.5646,-0.7228,-1.1357,-1.3237,-1.109,-1.0984,-1.1533,-1.1955,-1.2188,-1.2354,-1.0222,-0.8006,-0.6676,-0.612,-0.5954,-0.6043,-0.6373,-0.6912,-0.7496,-0.7812,-0.7646,-0.7086,-0.6355,-0.5615,-0.4939,-0.4354,-0.3865,-0.3473,-0.3172,-0.2953,-0.5087,-0.4293,-0.3082,-0.1736,-0.2102,-0.3774,-0.3783,-0.3441,-0.7548,-1.0977,-1.0618,-1.1372,-1.2364,-1.3278,-1.2723,-1.1293,-0.9132,-0.6379,-0.537,-0.5693,-0.5919,-0.616,-0.6705,-0.7704,-0.8936,-0.9591,-0.9125,-0.7978,-0.6742,-0.5655,-0.4752,-0.4019,-0.3439,-0.2997,-0.2679,-0.2468,-0.5276,-0.471,-0.4006,-0.3469,-0.3644,-0.3807,-0.2457,-0.0097,-0.2481,-0.7451,-1.021,-1.2046,-1.2957,-1.3801,-1.3278,-1.1152,-0.8245,-0.339,-0.3102,-0.5062,-0.5634,-0.5997,-0.6839,-0.8632,-1.1261,-1.2643,-1.1284,-0.8978,-0.7012,-0.5519,-0.4379,-0.3499,-0.2832,-0.2354,-0.2042,-0.1865,-0.5568,-0.5234,-0.4895,-0.4679,-0.4608,-0.4263,-0.3126,-0.1641,-0.3139,-0.7413,-1.0429,-1.2854,-1.3629,-1.4602,-1.2666,-1.0922,-0.8977,-0.547,-0.4427,-0.51,-0.5203,-0.5475,-0.6526,-0.9042,-1.3369,-1.5716,-1.2952,-0.9384,-0.6827,-0.5042,-0.372,-0.2715,-0.1979,-0.1491,-0.1219,-0.1117,-0.5865,-0.5689,-0.5533,-0.5429,-0.5342,-0.5133,-0.4765,-0.4745,-0.6182,-0.8682,-1.0571,-1.1802,-1.2794,-1.3784,-1.2095,-1.0921,-1.1364,-0.8236,-0.595,-0.4874,-0.4218,-0.4378,-0.5543,-0.7926,-1.169,-1.3776,-1.1502,-0.8323,-0.5911,-0.4115,-0.27,-0.1589,-0.0797,-0.0336,-0.0166,-0.0203,-0.6122,-0.6046,-0.5993,-0.5975,-0.5986,-0.602,-0.6171,-0.672,-0.7957,-0.9636,-1.0865,-1.1719,-1.1685,-1.1728,-1.0768,-1.0103,-1.0313,-0.7605,-0.5193,-0.3751,-0.2558,-0.2901,-0.4297,-0.6008,-0.7914,-0.887,-0.7972,-0.6211,-0.4438,-0.2799,-0.13,-0.0036,0.0826,0.1198,0.116,0.0882,-0.6328,-0.6316,-0.6331,-0.6384,-0.6488,-0.6673,-0.7016,-0.7632,-0.8584,-0.9744,-1.0672,-1.0888,-1.0432,-0.9979,-0.8995,-0.7837,-0.674,-0.4505,-0.2662,-0.2506,-0.2197,-0.25,-0.3526,-0.4557,-0.5416,-0.5758,-0.5355,-0.433,-0.2923,-0.1295,0.0449,0.2045,0.3037,0.3199,0.2766,0.21,-0.6483,-0.6512,-0.657,-0.6667,-0.6821,-0.7058,-0.7415,-0.7928,-0.8586,-0.9277,-0.9762,-0.9814,-0.9622,-0.912,-0.6265,-0.4373,-0.3776,-0.1048,0.1358,-0.0702,-0.1867,-0.2434,-0.302,-0.3646,-0.4283,-0.4823,-0.4651,-0.3413,-0.1709,0.0211,0.2449,0.4702,0.5925,0.5626,0.452,0.3321,-0.6588,-0.6641,-0.6721,-0.6838,-0.7002,-0.7228,-0.7529,-0.7905,-0.832,-0.8689,-0.8875,-0.8743,-0.8162,-0.6291,-0.1155,0.0793,-0.1816,-0.0469,0.1145,0.09,-0.0559,-0.1721,-0.2381,-0.2937,-0.3926,-0.5948,-0.631,-0.3279,-0.0601,0.1646,0.4343,0.7451,0.8946,0.7909,0.5997,0.4289,-0.665,-0.6714,-0.68,-0.6915,-0.7064,-0.7252,-0.7478,-0.7726,-0.796,-0.8113,-0.8088,-0.7755,-0.6872,-0.4857,-0.1297,-0.0067,-0.1484,-0.054,0.2373,0.356,0.0569,-0.1038,-0.1673,-0.2073,-0.2975,-0.573,-0.6356,-0.1413,0.1245,0.3103,0.5435,0.8534,1.0047,0.8721,0.657,0.4731,-0.6674,-0.6738,-0.6819,-0.692,-0.7042,-0.7183,-0.7336,-0.7481,-0.7585,-0.7596,-0.7442,-0.7024,-0.6205,-0.4856,-0.3249,-0.2369,-0.203,-0.0928,0.0981,0.158,0.0166,-0.0724,-0.0969,-0.0995,-0.0723,0.0431,0.3894,0.4068,0.4162,0.4966,0.5902,0.7437,0.8394,0.7648,0.6106,0.4602,-0.6667,-0.6724,-0.6794,-0.6875,-0.6965,-0.7061,-0.7151,-0.7217,-0.7231,-0.7156,-0.6941,-0.6531,-0.5878,-0.4995,-0.405,-0.3272,-0.2576,-0.1688,-0.0752,-0.0365,-0.0507,-0.0428,-0.0315,-0.0192,0.0929,0.3902,0.7592,0.6857,0.7755,0.8002,0.7043,0.6641,0.662,0.6154,0.5215,0.4143,-0.6634,-0.6682,-0.6736,-0.6795,-0.6855,-0.6911,-0.695,-0.6959,-0.6915,-0.6791,-0.6557,-0.6186,-0.5666,-0.5023,-0.433,-0.3653,-0.298,-0.2277,-0.1626,-0.1147,-0.0722,-0.0172,-0.0027,0.0086,0.1354,0.3733,0.6081,0.8779,1.3334,1.2075,0.8774,0.6787,0.5839,0.5169,0.4429,0.362,-0.6583,-0.6619,-0.6657,-0.6695,-0.6728,-0.6749,-0.675,-0.6718,-0.6637,-0.6489,-0.6255,-0.5924,-0.5493,-0.4981,-0.442,-0.3837,-0.3241,-0.264,-0.206,-0.1511,-0.0945,-0.0416,-0.0172,0.0194,0.1372,0.3326,0.5875,0.9882,1.4048,1.2703,0.9239,0.6828,0.5449,0.4565,0.3836,0.3143]}]