docs/data/wind_grid.json
[{"header":{"la1":42.85,"la2":41.18,"lo1":11.55,"lo2":14.05,"nx":36,"ny":24,"dx":0.07143,"dy":0.07261,"parameterCategory":2,"parameterNumber":2,"parameterNumberName":"eastward_wind","parameterUnit":"m.s-1"},"data":[2.2687,2.2745,2.2791,2.2817,2.2813,2.2762,2.2639,2.2412,2.2055,2.1553,2.0913,2.0156,1.9304,1.8377,1.7395,1.6385,1.5391,1.4476,1.3706,1.3132,1.2779,1.265,1.2734,1.3001,1.3395,1.3851,1.4319,1.4764,1.5174,1.5542,1.5869,1.616,1.6418,1.6648,1.6853,1.7037,2.2936,2.3033,2.3123,2.3203,2.3264,2.3289,2.3242,2.3066,2.2707,2.214,2.1383,2.0476,1.9456,1.8345,1.7152,1.5898,1.4635,1.3461,1.2494,1.1817,1.144,1.135,1.1544,1.1991,1.2594,1.3246,1.3871,1.4435,1.493,1.5359,1.573,1.6052,1.6333,1.658,1.6799,1.6993,2.3193,2.3334,2.3475,2.3618,2.3768,2.3913,2.4006,2.3947,2.3614,2.2952,2.2015,2.09,1.9674,1.8348,1.6904,1.5333,1.3684,1.2114,1.0868,1.0106,0.9765,0.9733,1.0074,1.08,1.1723,1.2641,1.3457,1.4149,1.4729,1.5215,1.5624,1.5973,1.6272,1.6533,1.6761,1.6962,2.3454,2.3644,2.3839,2.4049,2.4303,2.4626,2.4983,2.5187,2.4942,2.4106,2.2853,2.1433,1.9956,1.8402,1.6686,1.4718,1.2489,1.0233,0.8519,0.7818,0.7775,0.7808,0.8284,0.9466,1.0866,1.2117,1.3133,1.3944,1.4594,1.5123,1.5559,1.5926,1.6238,1.6506,1.674,1.6946,2.3717,2.3966,2.4215,2.4477,2.4822,2.5376,2.6202,2.702,2.7028,2.5779,2.3903,2.203,2.028,1.8525,1.6567,1.4161,1.1082,0.7478,0.4633,0.4413,0.5741,0.5886,0.6335,0.8253,1.0247,1.1806,1.2972,1.3856,1.4544,1.5093,1.5541,1.5915,1.6231,1.6502,1.6737,1.6944,2.3977,2.4311,2.4631,2.4909,2.5257,2.5995,2.7509,2.9667,3.0369,2.8021,2.4977,2.2554,2.0584,1.8724,1.6649,1.3922,0.9863,0.3785,-0.2567,-0.1885,0.3876,0.5126,0.5499,0.7965,1.0217,1.1848,1.3027,1.3907,1.4586,1.5127,1.5569,1.5938,1.625,1.6518,1.6751,1.6955,2.4219,2.47,2.5177,2.5455,2.5588,2.6204,2.8135,3.1876,3.3709,2.9594,2.5473,2.2799,2.0801,1.8982,1.6997,1.4337,0.9937,0.1783,-1.0287,-0.9156,0.2783,0.6468,0.7406,0.9162,1.0897,1.2259,1.3291,1.4083,1.4708,1.5215,1.5636,1.5991,1.6293,1.6552,1.6778,1.6977,2.4379,2.5085,2.5988,2.6455,2.5969,2.5914,2.7231,2.9877,3.102,2.806,2.4972,2.2742,2.0928,1.9235,1.7485,1.5371,1.1961,0.5824,-0.1971,-0.057,0.7358,0.9698,1.0093,1.0882,1.1916,1.2877,1.3678,1.4333,1.4878,1.5337,1.5729,1.6064,1.6351,1.66,1.6816,1.7006,2.4323,2.5158,2.6694,2.7966,2.6244,2.529,2.5796,2.6718,2.6941,2.5957,2.4369,2.2674,2.105,1.94,1.7698,1.6265,1.4416,1.1296,0.8406,0.9166,1.2562,1.2442,1.1908,1.2243,1.2858,1.349,1.4065,1.4582,1.5048,1.5465,1.5831,1.6147,1.642,1.6654,1.6859,1.7039,2.3963,2.4449,2.5317,2.5888,2.4338,2.4206,2.4842,2.555,2.6201,2.6082,2.4561,2.2824,2.1298,1.9603,1.7068,1.5781,1.5756,1.4164,1.2548,1.2117,1.2663,1.278,1.2869,1.3185,1.3555,1.3926,1.4317,1.4738,1.5167,1.557,1.5927,1.6232,1.6491,1.671,1.6901,1.707,2.3463,2.3354,2.2573,2.0254,2.0614,2.3066,2.4382,2.5333,2.7333,2.8371,2.5158,2.3042,2.1739,2.05,1.7869,1.6018,1.6394,1.4794,1.349,1.3206,1.3307,1.3474,1.3677,1.3826,1.3893,1.3996,1.4272,1.4707,1.519,1.5636,1.601,1.6313,1.6558,1.676,1.6934,1.7091,2.31,2.2765,2.1808,2.0177,2.0638,2.2998,2.4334,2.4918,2.6015,2.6766,2.4657,2.3149,2.2222,2.1741,2.0848,1.9035,1.6688,1.2432,1.1004,1.2778,1.3859,1.4238,1.4302,1.408,1.3617,1.3351,1.3695,1.4406,1.5112,1.5674,1.6089,1.639,1.6614,1.6792,1.6946,1.7091,2.2953,2.2722,2.229,2.1918,2.2374,2.3523,2.444,2.4827,2.4821,2.4689,2.4004,2.3551,2.292,2.2049,2.1746,2.0505,1.7031,0.5138,0.442,1.1828,1.4159,1.472,1.4633,1.3889,1.2377,1.145,1.2411,1.3902,1.5021,1.574,1.6185,1.6462,1.6645,1.6787,1.6918,1.7053,2.2933,2.2851,2.2756,2.2796,2.3148,2.374,2.4303,2.4645,2.4561,2.4212,2.3915,2.425,2.425,2.2286,2.2163,2.2257,2.0073,1.224,0.9798,1.3406,1.4649,1.4881,1.4768,1.3698,1.0902,0.9067,1.1236,1.3687,1.5141,1.592,1.6319,1.6516,1.6622,1.6711,1.6819,1.6957,2.2946,2.2957,2.2995,2.312,2.3371,2.3707,2.4025,2.4211,2.4204,2.4159,2.416,2.3956,2.3575,2.3903,2.2563,2.2595,2.0438,1.867,1.6512,1.5467,1.4093,1.3956,1.4677,1.429,1.2143,1.0632,1.2341,1.4432,1.5665,1.6257,1.6473,1.6499,1.6475,1.6497,1.66,1.677,2.2951,2.3005,2.3084,2.3211,2.3392,2.3601,2.3795,2.3937,2.4075,2.4447,2.5393,2.4254,2.3876,2.3439,2.2731,2.1778,2.0746,2.0393,1.9108,1.5659,0.9412,1.0618,1.4346,1.5436,1.4927,1.4433,1.5008,1.5919,1.6501,1.6683,1.6561,1.6292,1.607,1.6034,1.619,1.646,2.2939,2.3008,2.3095,2.3208,2.3344,2.3493,2.3639,2.3785,2.3995,2.444,2.5197,2.4547,2.4299,2.4298,2.3413,2.2786,2.2392,2.2643,2.2355,1.784,0.8911,1.0609,1.5253,1.6882,1.7134,1.7126,1.7256,1.7398,1.7372,1.7062,1.6441,1.5683,1.517,1.5153,1.5516,1.6013,2.2913,2.2984,2.3068,2.3166,2.3276,2.3395,2.3518,2.3657,2.3838,2.4083,2.4276,2.4232,2.4421,2.4536,2.4613,2.4709,2.4355,2.5862,2.8037,2.3705,1.8567,1.7111,1.8083,1.8697,1.8793,1.876,1.8702,1.8514,1.811,1.7321,1.5997,1.4394,1.3457,1.3711,1.4586,1.5485,2.2876,2.2946,2.3023,2.311,2.3204,2.3304,2.3412,2.3531,2.3668,2.3816,2.3939,2.4048,2.4269,2.4853,2.7007,2.7991,2.5907,2.6798,2.8346,2.8154,2.471,2.2041,2.1048,2.052,1.992,1.9357,1.9214,1.9194,1.8722,1.757,1.5405,1.251,1.1041,1.2005,1.3689,1.5065,2.2833,2.2899,2.2971,2.3048,2.3131,2.3219,2.3314,2.3416,2.3528,2.3648,2.3776,2.3948,2.4274,2.5057,2.6775,2.7383,2.6303,2.7385,3.1839,3.3994,2.8186,2.5095,2.3653,2.2338,2.0875,1.9581,1.9327,1.9731,1.9346,1.8085,1.5493,1.1761,0.9962,1.1389,1.3467,1.5028,2.2787,2.2849,2.2915,2.2985,2.306,2.3139,2.3224,2.3315,2.3416,2.3528,2.3664,2.3857,2.4175,2.4719,2.5432,2.5801,2.5996,2.7203,2.9824,3.0712,2.8587,2.7693,2.697,2.4802,2.2343,2.0906,2.0759,2.0608,2.0092,1.9023,1.6865,1.3841,1.2162,1.2836,1.4275,1.55,2.274,2.2798,2.2859,2.2923,2.2991,2.3064,2.3141,2.3226,2.332,2.3428,2.3563,2.3746,2.4005,2.4358,2.4754,2.5111,2.556,2.6407,2.7554,2.8326,2.9334,3.2226,3.2955,2.8453,2.4056,2.1731,2.1121,2.1048,2.0853,2.023,1.8711,1.6679,1.5279,1.5105,1.564,1.6312,2.2691,2.2746,2.2803,2.2862,2.2926,2.2992,2.3065,2.3143,2.3232,2.3335,2.3462,2.3624,2.3832,2.409,2.4384,2.4717,2.5154,2.5784,2.6623,2.7831,3.0489,3.5844,3.7489,3.1091,2.5459,2.2581,2.1545,2.1418,2.171,2.1342,2.0085,1.8595,1.7454,1.6947,1.6945,1.7183,2.2643,2.2694,2.2747,2.2803,2.2862,2.2924,2.2991,2.3065,2.3149,2.3245,2.3361,2.3502,2.3675,2.3883,2.4129,2.4427,2.4814,2.5347,2.6112,2.7366,2.9669,3.2906,3.3551,2.9803,2.5741,2.3234,2.2042,2.168,2.1826,2.1558,2.0641,1.9577,1.8702,1.8166,1.7949,1.7943]},{"header":{"la1":42.85,"la2":41.18,"lo1":11.55,"lo2":14.05,"nx":36,"ny":24,"dx":0.07143,"dy":0.07261,"parameterCategory":2,"parameterNumber":3,"parameterNumberName":"northward_wind","parameterUnit":"m.s-1"},"data":[0.8355,0.8469,0.856,0.8623,0.8655,0.8651,0.8598,0.8482,0.8285,0.7999,0.7621,0.7155,0.6603,0.5964,0.5235,0.4419,0.3529,0.2592,0.1647,0.0744,-0.0047,-0.0638,-0.0964,-0.1026,-0.0892,-0.0658,-0.0397,-0.0154,0.0055,0.0225,0.0361,0.0469,0.0554,0.0622,0.0677,0.0723,0.8666,0.8817,0.8941,0.9035,0.9101,0.9134,0.9123,0.9039,0.8851,0.8543,0.8119,0.7594,0.6973,0.6249,0.5408,0.4443,0.3365,0.2206,0.1012,-0.0161,-0.1222,-0.2003,-0.2341,-0.2234,-0.185,-0.1378,-0.0932,-0.0559,-0.0264,-0.0037,0.0136,0.0268,0.037,0.0451,0.0516,0.057,0.9007,0.9204,0.9367,0.9495,0.9596,0.9682,0.9741,0.9722,0.9557,0.9214,0.8718,0.8115,0.742,0.6613,0.5653,0.4512,0.3193,0.1747,0.0238,-0.1309,-0.2833,-0.4002,-0.4343,-0.3858,-0.3003,-0.2157,-0.1467,-0.0945,-0.0562,-0.0282,-0.0078,0.0075,0.0191,0.0281,0.0354,0.0415,0.9387,0.9648,0.9859,1.0015,1.0143,1.0291,1.0472,1.0595,1.0487,1.0064,0.9431,0.8717,0.7952,0.7082,0.6014,0.467,0.3033,0.1198,-0.0678,-0.2639,-0.4956,-0.7049,-0.7349,-0.596,-0.4255,-0.2893,-0.1929,-0.1268,-0.0814,-0.0498,-0.0273,-0.0109,0.0014,0.0111,0.0189,0.0255,0.9817,1.018,1.0464,1.0634,1.0742,1.0933,1.1323,1.1775,1.181,1.1172,1.0243,0.9371,0.8569,0.7695,0.6567,0.501,0.2932,0.0482,-0.1827,-0.3888,-0.7198,-1.1464,-1.1452,-0.8131,-0.5251,-0.3388,-0.2225,-0.1487,-0.1004,-0.0678,-0.045,-0.0285,-0.0159,-0.006,0.0021,0.0091,1.0302,1.0853,1.1288,1.1462,1.1424,1.1527,1.2184,1.3363,1.3783,1.2531,1.1032,1.0002,0.9262,0.8512,0.7443,0.5731,0.3091,-0.0466,-0.3748,-0.4933,-0.7676,-1.3932,-1.3481,-0.871,-0.5372,-0.3432,-0.2286,-0.1582,-0.113,-0.0827,-0.0614,-0.0456,-0.0335,-0.0237,-0.0154,-0.008,1.0812,1.1711,1.2544,1.2805,1.2328,1.1949,1.2612,1.464,1.569,1.3447,1.1469,1.0512,1.0034,0.9618,0.8843,0.7184,0.4109,-0.0718,-0.6013,-0.6075,-0.5743,-0.8694,-0.9075,-0.6642,-0.4457,-0.3028,-0.2141,-0.1583,-0.1216,-0.0962,-0.0777,-0.0634,-0.0519,-0.0423,-0.0339,-0.0262,1.1204,1.2637,1.4458,1.5305,1.3733,1.213,1.2117,1.3459,1.414,1.2612,1.1351,1.0893,1.0907,1.1118,1.1064,0.9832,0.6692,0.1858,-0.2922,-0.3973,-0.4272,-0.4877,-0.4909,-0.4187,-0.3227,-0.2458,-0.1929,-0.1569,-0.1311,-0.1115,-0.0958,-0.083,-0.0721,-0.0625,-0.0539,-0.0458,1.1185,1.2955,1.6109,1.8684,1.4891,1.1777,1.1117,1.1424,1.161,1.1329,1.1095,1.124,1.1854,1.3032,1.4637,1.4452,1.07,0.5834,0.1579,-0.1829,-0.5445,-0.5049,-0.3446,-0.2734,-0.2321,-0.2037,-0.1826,-0.1646,-0.1478,-0.1321,-0.118,-0.1056,-0.0947,-0.0849,-0.0758,-0.067,1.0552,1.1735,1.3656,1.4861,1.1693,1.0249,1.0064,1.0318,1.0731,1.0952,1.1044,1.1581,1.2706,1.4821,1.9908,2.2582,1.4854,0.8889,0.462,0.0458,-0.354,-0.3638,-0.2304,-0.1869,-0.1883,-0.198,-0.2003,-0.1922,-0.1776,-0.1611,-0.1456,-0.1321,-0.1204,-0.11,-0.1001,-0.0904,0.9588,0.9747,0.8918,0.573,0.6032,0.8399,0.9152,0.9666,1.09,1.1507,1.1094,1.19,1.3425,1.5385,1.9696,2.2994,1.5079,1.0193,0.6964,0.3711,0.0819,-0.0522,-0.094,-0.1428,-0.2045,-0.2513,-0.2641,-0.2494,-0.2243,-0.1995,-0.179,-0.1628,-0.1496,-0.1382,-0.1274,-0.1164,0.8769,0.8505,0.7394,0.5391,0.5774,0.7816,0.8523,0.8698,0.9778,1.0743,1.0921,1.2207,1.4323,1.6962,1.6388,1.4957,1.2506,1.0635,0.9011,0.6043,0.3163,0.112,-0.0346,-0.1735,-0.3139,-0.4006,-0.3948,-0.3408,-0.2861,-0.2451,-0.2168,-0.1971,-0.1825,-0.1701,-0.1581,-0.1456,0.8237,0.8026,0.7524,0.7006,0.7229,0.7921,0.8216,0.808,0.8438,0.9391,1.059,1.2712,1.4395,1.7851,1.6322,1.2782,1.1285,1.1961,1.1499,0.7005,0.3576,0.1176,-0.0725,-0.2836,-0.543,-0.6868,-0.5955,-0.4512,-0.3509,-0.2911,-0.256,-0.2344,-0.2195,-0.2067,-0.1935,-0.1789,0.788,0.779,0.7629,0.7528,0.7639,0.7878,0.8046,0.8095,0.8165,0.8482,0.9647,1.3584,1.4992,1.3488,1.2459,1.2056,1.0759,1.0166,0.9342,0.5537,0.2052,-0.02,-0.1772,-0.3968,-0.765,-0.9754,-0.7569,-0.5261,-0.397,-0.3297,-0.2942,-0.2748,-0.2621,-0.25,-0.2352,-0.2173,0.7588,0.7565,0.7522,0.7506,0.755,0.7631,0.769,0.7659,0.7394,0.6801,0.6533,0.795,0.9231,0.728,1.0286,1.1757,0.7617,0.7597,0.5659,0.1969,-0.2107,-0.3464,-0.3327,-0.427,-0.6763,-0.8338,-0.6902,-0.517,-0.4136,-0.3588,-0.3325,-0.3213,-0.3145,-0.3038,-0.2861,-0.2625,0.7313,0.731,0.7294,0.7279,0.7268,0.7242,0.7147,0.6873,0.6167,0.447,0.1133,0.2535,0.4542,0.6619,0.767,0.7914,0.6765,0.5445,0.2604,-0.2449,-1.0114,-0.8935,-0.5156,-0.4319,-0.5048,-0.5709,-0.5435,-0.4764,-0.4194,-0.3858,-0.3758,-0.3804,-0.3843,-0.3748,-0.3501,-0.3157,0.704,0.7034,0.7012,0.6974,0.6913,0.6802,0.659,0.6171,0.5342,0.3724,0.1342,0.2301,0.1579,0.0973,0.4155,0.4746,0.4151,0.2124,-0.0441,-0.4045,-1.1458,-0.9862,-0.5669,-0.4423,-0.4619,-0.5094,-0.5194,-0.4848,-0.4402,-0.4181,-0.4296,-0.4624,-0.4848,-0.4724,-0.4303,-0.3765,0.6769,0.6751,0.6712,0.6647,0.6544,0.6381,0.6116,0.5686,0.5015,0.4087,0.3218,0.2648,0.0695,-0.0039,0.0475,-0.0042,0.0485,-0.1456,-0.3614,-0.3489,-0.5439,-0.58,-0.479,-0.4481,-0.5148,-0.6303,-0.6593,-0.5652,-0.4754,-0.4502,-0.4938,-0.5797,-0.6328,-0.6028,-0.5236,-0.4389,0.6504,0.647,0.6412,0.6324,0.6193,0.6004,0.5729,0.5342,0.4824,0.4204,0.355,0.2781,0.1633,-0.0117,-0.5407,-0.7803,-0.2506,-0.2443,-0.3707,-0.423,-0.4175,-0.4261,-0.4294,-0.4654,-0.6082,-0.9082,-0.9763,-0.6662,-0.4848,-0.4604,-0.5517,-0.7205,-0.8134,-0.7397,-0.606,-0.4877,0.6247,0.6198,0.6123,0.6017,0.587,0.567,0.5402,0.5053,0.4619,0.4104,0.3499,0.2721,0.1557,-0.0619,-0.4876,-0.631,-0.3079,-0.2868,-0.5302,-0.6414,-0.4656,-0.441,-0.4597,-0.4857,-0.5961,-0.9299,-1.0115,-0.5443,-0.4008,-0.4264,-0.557,-0.7752,-0.8886,-0.7888,-0.6323,-0.5032,0.6002,0.5939,0.585,0.5731,0.5574,0.5371,0.5112,0.4789,0.4397,0.3926,0.3352,0.261,0.157,0.0052,-0.1738,-0.2487,-0.2202,-0.2733,-0.4324,-0.5086,-0.4949,-0.5702,-0.6096,-0.5399,-0.4536,-0.3297,0.0231,-0.0417,-0.2444,-0.3652,-0.4896,-0.6546,-0.7484,-0.695,-0.5832,-0.4788,0.5769,0.5694,0.5595,0.5467,0.5304,0.5101,0.4849,0.4544,0.4177,0.3738,0.3205,0.2543,0.1707,0.0704,-0.0291,-0.0983,-0.1476,-0.2221,-0.3268,-0.4336,-0.606,-0.9146,-1.0069,-0.7136,-0.3968,-0.0272,0.431,0.1682,-0.2303,-0.3569,-0.4217,-0.5045,-0.5626,-0.5527,-0.4969,-0.4293,0.555,0.5466,0.5358,0.5224,0.5058,0.4855,0.461,0.4319,0.3973,0.3564,0.3078,0.2502,0.1828,0.1082,0.034,-0.0338,-0.1011,-0.1822,-0.2874,-0.4396,-0.7247,-1.2031,-1.3397,-0.8712,-0.4497,-0.1489,0.0186,-0.1685,-0.4445,-0.4342,-0.4035,-0.4198,-0.4432,-0.4427,-0.4158,-0.3748,0.5344,0.5252,0.5139,0.5,0.4832,0.4632,0.4394,0.4115,0.3788,0.3409,0.2968,0.2463,0.1895,0.128,0.0644,-0.0005,-0.0705,-0.1533,-0.2603,-0.4153,-0.6586,-0.9606,-1.031,-0.7607,-0.4668,-0.2771,-0.2191,-0.3318,-0.477,-0.45,-0.3941,-0.3768,-0.376,-0.3706,-0.3533,-0.3262]}]