docs/data/wind_grid.json
[{"header":{"la1":42.85,"la2":41.18,"lo1":11.55,"lo2":14.05,"nx":36,"ny":24,"dx":0.07143,"dy":0.07261,"parameterCategory":2,"parameterNumber":2,"parameterNumberName":"eastward_wind","parameterUnit":"m.s-1"},"data":[3.6718,3.6757,3.6786,3.6801,3.68,3.6777,3.6724,3.6635,3.6499,3.6309,3.6058,3.5744,3.5365,3.4926,3.4434,3.3909,3.3383,3.2902,3.2514,3.2253,3.2123,3.2103,3.2155,3.2242,3.2336,3.2419,3.2483,3.2526,3.2548,3.2551,3.2539,3.2514,3.2481,3.2442,3.24,3.2358,3.6856,3.691,3.6954,3.6987,3.7003,3.6998,3.6962,3.6886,3.6755,3.6557,3.6284,3.5929,3.5489,3.4963,3.4355,3.3683,3.2991,3.2351,3.1853,3.1559,3.1477,3.1555,3.1719,3.1907,3.2082,3.2224,3.2329,3.2397,3.2434,3.2445,3.2435,3.2409,3.2372,3.2329,3.2282,3.2236,3.6998,3.7067,3.713,3.7181,3.7218,3.7235,3.7223,3.7167,3.705,3.685,3.6555,3.6158,3.5652,3.5028,3.4276,3.3403,3.2456,3.1555,3.0874,3.0549,3.0582,3.0848,3.1199,3.1539,3.1821,3.2034,3.2183,3.2277,3.2327,3.2342,3.2331,3.23,3.2257,3.2206,3.2153,3.2101,3.714,3.7228,3.731,3.7381,3.744,3.7481,3.7497,3.7472,3.7379,3.7184,3.6871,3.6434,3.5866,3.5141,3.4224,3.3083,3.1747,3.0392,2.9378,2.9035,2.9337,2.9962,3.0616,3.1165,3.1577,3.1867,3.2058,3.2174,3.2231,3.2245,3.2227,3.2187,3.2133,3.2072,3.201,3.195,3.7282,3.739,3.7492,3.7585,3.7663,3.7724,3.7764,3.7774,3.7718,3.7541,3.7218,3.6754,3.614,3.5333,3.4254,3.2798,3.0897,2.874,2.7073,2.6768,2.7679,2.895,3.0044,3.0843,3.1388,3.1745,3.1967,3.2093,3.2148,3.2153,3.2122,3.2067,3.1998,3.1922,3.1847,3.1778,3.7422,3.7552,3.7677,3.7792,3.7887,3.7954,3.799,3.8002,3.7984,3.7858,3.7561,3.7104,3.6482,3.5638,3.4451,3.2718,3.0163,2.6775,2.388,2.3758,2.5857,2.8067,2.9644,3.066,3.1297,3.169,3.1921,3.204,3.2082,3.2067,3.2014,3.1937,3.1845,3.1751,3.166,3.1579,3.7557,3.7712,3.7866,3.8007,3.8121,3.8187,3.8176,3.8091,3.8052,3.806,3.7879,3.7483,3.6901,3.6087,3.49,3.3079,3.0176,2.5801,2.156,2.1687,2.4971,2.7831,2.9627,3.0697,3.1337,3.1715,3.1924,3.2017,3.203,3.1984,3.1898,3.1789,3.1668,3.1549,3.1439,3.1344,3.7684,3.7869,3.8058,3.824,3.8394,3.8486,3.8468,3.8315,3.8235,3.8356,3.8275,3.7934,3.7418,3.6694,3.5615,3.3955,3.1379,2.761,2.3927,2.377,2.6298,2.8594,3.0071,3.0966,3.1504,3.1814,3.1971,3.202,3.1987,3.1897,3.1767,3.1614,3.1456,3.1305,3.1171,3.1063,3.7797,3.8017,3.8251,3.8492,3.872,3.8907,3.9016,3.9053,3.9114,3.9137,3.8896,3.8491,3.8046,3.7465,3.6538,3.5097,3.3089,3.0658,2.8546,2.7979,2.8806,2.991,3.0782,3.1378,3.1754,3.1966,3.2052,3.2039,3.1948,3.1798,3.1608,3.14,3.1192,3.1002,3.0842,3.0719,3.7888,3.8144,3.8431,3.8748,3.9086,3.9425,3.973,4.0016,4.0367,4.0376,3.969,3.9088,3.8786,3.8458,3.7654,3.6201,3.4316,3.2446,3.1086,3.0514,3.0612,3.1021,3.1457,3.1803,3.2031,3.2144,3.2153,3.2068,3.1904,3.1677,3.1409,3.1127,3.0855,3.0617,3.0427,3.0292,3.7946,3.8234,3.8572,3.8973,3.9444,3.9977,4.0502,4.0887,4.1447,4.1768,4.0301,3.9561,3.9662,3.9896,3.9132,3.7178,3.4664,3.2374,3.1181,3.1043,3.1311,3.1647,3.1945,3.2166,3.2296,3.2331,3.2267,3.2103,3.1849,3.1522,3.1149,3.0767,3.0412,3.0115,2.9893,2.9754,3.7958,3.8268,3.8644,3.9113,3.971,4.047,4.1359,4.1947,4.1579,4.124,4.0138,3.9814,4.0569,4.2206,4.112,3.7917,3.3984,2.9867,2.8816,3.0207,3.133,3.1944,3.2281,3.2468,3.2549,3.2529,3.2399,3.2149,3.1782,3.1319,3.0801,3.0281,2.9814,2.9445,2.9196,2.9068,3.7917,3.8229,3.8615,3.9108,3.9763,4.0661,4.1863,4.2996,4.2166,4.0476,3.9659,4.0216,4.0639,4.2834,4.1738,3.774,3.2977,2.5246,2.4978,2.9338,3.1377,3.2214,3.2583,3.2754,3.2812,3.2762,3.2575,3.2225,3.1708,3.1053,3.0323,2.9603,2.8984,2.853,2.8268,2.8185,3.782,3.8112,3.8471,3.8925,3.9519,4.031,4.1311,4.2211,4.1506,3.9492,3.8786,4.1069,4.1526,3.5708,3.7965,3.6659,3.4084,2.8904,2.7773,3.0461,3.2017,3.2677,3.294,3.3066,3.3124,3.3077,3.2849,3.2378,3.1649,3.0707,2.9652,2.8632,2.7799,2.7254,2.7019,2.7045,3.7672,3.7925,3.8225,3.8586,3.9021,3.9526,4.0014,4.0141,3.9256,3.7616,3.6549,3.6776,3.6677,3.5322,3.6239,3.6209,3.6476,3.3762,3.1993,3.2295,3.3063,3.3351,3.3351,3.3411,3.3531,3.3564,3.3331,3.2703,3.1653,3.0259,2.8688,2.7197,2.606,2.5441,2.5328,2.5583,3.7484,3.7686,3.7912,3.8159,3.8413,3.8629,3.869,3.8364,3.7392,3.575,3.3839,3.2895,3.4028,3.5172,3.5464,3.5708,3.5915,3.4154,3.2816,3.3071,3.4233,3.4119,3.3699,3.3773,3.4126,3.4416,3.4249,3.3379,3.181,2.9687,2.7272,2.5016,2.345,2.2845,2.3061,2.3759,3.7272,3.7421,3.7573,3.7715,3.7823,3.7845,3.7694,3.7247,3.6403,3.515,3.3857,3.3644,3.3297,3.318,3.4547,3.4757,3.4116,3.2464,3.1315,3.2401,3.4297,3.4144,3.3766,3.4168,3.5112,3.6042,3.6059,3.4705,3.2242,2.897,2.5189,2.1673,1.9534,1.921,2.0163,2.1625,3.7051,3.7152,3.724,3.7303,3.7314,3.7236,3.7018,3.6609,3.5994,3.5248,3.4596,3.414,3.3262,3.3124,3.4414,3.4522,3.318,3.005,2.7637,3.0384,3.2417,3.3142,3.3584,3.4663,3.674,3.9168,3.9538,3.695,3.2969,2.8121,2.2334,1.6842,1.4052,1.4595,1.6886,1.9445,3.6832,3.6892,3.6933,3.6942,3.6899,3.678,3.6561,3.6227,3.5792,3.5312,3.487,3.4487,3.4174,3.434,3.5334,3.564,3.3394,3.0251,2.854,2.9806,3.1186,3.2322,3.3328,3.5027,3.8524,4.3879,4.4904,3.9321,3.3474,2.7286,1.9377,1.1475,0.8209,1.0219,1.4132,1.7774,3.6622,3.6651,3.6658,3.6633,3.6563,3.6434,3.6236,3.5968,3.5645,3.5302,3.4977,3.4705,3.4548,3.4662,3.5198,3.5234,3.3465,3.127,2.9579,2.9156,3.0642,3.1845,3.2885,3.4581,3.8055,4.4209,4.5485,3.7842,3.2604,2.6822,1.8375,0.9477,0.6082,0.8753,1.3264,1.7255,3.6425,3.6431,3.6416,3.6371,3.6289,3.6162,3.5987,3.5767,3.5514,3.5248,3.4992,3.477,3.4613,3.4553,3.4532,3.4188,3.3159,3.1747,3.0447,3.0121,3.088,3.1492,3.2055,3.3187,3.4784,3.5045,3.107,3.0846,3.05,2.6913,2.0322,1.317,0.9947,1.1433,1.4808,1.8105,3.6244,3.6233,3.6202,3.6146,3.606,3.5939,3.5784,3.5598,3.5388,3.5167,3.4948,3.4742,3.4556,3.4381,3.4153,3.3739,3.3047,3.2194,3.1465,3.1161,3.1119,3.0811,3.0779,3.1679,3.2213,3.0239,2.6485,2.7864,2.9138,2.7306,2.3167,1.8565,1.5927,1.6033,1.776,1.9894,3.6077,3.6055,3.6014,3.5952,3.5865,3.5751,3.5611,3.5448,3.5266,3.5072,3.4873,3.4672,3.4467,3.4242,3.3961,3.3574,3.3065,3.2495,3.1985,3.1584,3.1093,3.0269,3.0034,3.092,3.1308,3.0257,2.8787,2.8816,2.8994,2.7804,2.5355,2.2592,2.0688,2.0192,2.0809,2.1961,3.5924,3.5893,3.5847,3.5781,3.5695,3.5588,3.5459,3.5312,3.5148,3.4972,3.4785,3.4588,3.4378,3.4141,3.386,3.3517,3.3113,3.2678,3.225,3.182,3.1296,3.0708,3.0565,3.0982,3.1164,3.0728,3.0074,2.9696,2.9295,2.8354,2.6837,2.515,2.3842,2.3243,2.3328,2.3863]},{"header":{"la1":42.85,"la2":41.18,"lo1":11.55,"lo2":14.05,"nx":36,"ny":24,"dx":0.07143,"dy":0.07261,"parameterCategory":2,"parameterNumber":3,"parameterNumberName":"northward_wind","parameterUnit":"m.s-1"},"data":[1.2246,1.1943,1.1614,1.1268,1.0922,1.0605,1.0354,1.0207,1.0184,1.027,1.0415,1.055,1.0608,1.0543,1.0338,1.0011,0.9614,0.9232,0.8963,0.8885,0.9023,0.9352,0.9808,1.0327,1.0854,1.1356,1.1814,1.2219,1.2571,1.2872,1.3128,1.3343,1.3524,1.3675,1.3801,1.3908,1.2137,1.1778,1.1373,1.0927,1.0458,1.0005,0.9631,0.9414,0.9407,0.9598,0.9898,1.0181,1.0333,1.0281,0.9996,0.9494,0.8854,0.8215,0.7756,0.7621,0.7849,0.8365,0.9045,0.9773,1.0475,1.1111,1.1667,1.2142,1.2541,1.2874,1.3149,1.3375,1.3559,1.371,1.3834,1.3937,1.2053,1.1634,1.114,1.0566,0.9921,0.9248,0.8646,0.8273,0.8273,0.8651,0.9233,0.9779,1.0097,1.008,0.9684,0.8919,0.7878,0.6788,0.5991,0.5783,0.6212,0.7082,0.813,0.9167,1.0099,1.0896,1.1561,1.2107,1.2552,1.2911,1.3199,1.3429,1.3613,1.3759,1.3877,1.3971,1.201,1.1533,1.0947,1.0223,0.9342,0.8323,0.7297,0.657,0.6527,0.7255,0.8367,0.9366,0.9952,1.0005,0.9471,0.8325,0.6636,0.4733,0.33,0.3015,0.3915,0.5458,0.7099,0.8562,0.9775,1.075,1.1523,1.2134,1.2614,1.299,1.3283,1.351,1.3686,1.3821,1.3927,1.401,1.2025,1.1505,1.0839,0.9968,0.8814,0.731,0.5528,0.3988,0.3732,0.5173,0.7296,0.9025,0.999,1.0149,0.9468,0.7843,0.5184,0.1825,-0.0865,-0.1168,0.0823,0.3588,0.6095,0.8078,0.9585,1.0723,1.1585,1.2242,1.2741,1.3119,1.3405,1.3618,1.3776,1.3894,1.3982,1.4049,1.2112,1.1576,1.087,0.9903,0.8525,0.6505,0.3628,0.0425,-0.0524,0.241,0.6288,0.897,1.0339,1.0618,0.9833,0.776,0.3955,-0.1644,-0.6677,-0.6771,-0.2608,0.196,0.5443,0.7896,0.9625,1.0869,1.1777,1.2447,1.2941,1.3303,1.3565,1.3751,1.3882,1.3973,1.4036,1.4083,1.2279,1.1763,1.1076,1.012,0.8706,0.6476,0.2833,-0.2258,-0.4364,0.0659,0.6243,0.9531,1.1123,1.1493,1.0707,0.8468,0.4037,-0.3356,-1.0923,-1.0654,-0.4264,0.1604,0.5578,0.8197,0.9976,1.1224,1.2117,1.2759,1.3218,1.3541,1.3761,1.3905,1.3996,1.4051,1.4083,1.4104,1.252,1.2058,1.1454,1.0628,0.9435,0.7596,0.4654,0.0604,-0.0893,0.3374,0.7952,1.0821,1.2354,1.278,1.2098,1.0081,0.6199,-0.009,-0.6561,-0.6705,-0.1631,0.3256,0.6693,0.9028,1.0647,1.1791,1.2604,1.3176,1.3569,1.3827,1.3985,1.4071,1.4108,1.4117,1.4111,1.4102,1.2817,1.2433,1.1949,1.1324,1.0491,0.9353,0.7845,0.6318,0.6067,0.771,1.0142,1.2403,1.3905,1.4417,1.3856,1.2137,0.9216,0.5353,0.1919,0.1272,0.3338,0.6075,0.843,1.0235,1.1569,1.2535,1.3218,1.3684,1.3982,1.4151,1.4225,1.4234,1.4203,1.4154,1.4104,1.4062,1.3148,1.2846,1.2486,1.2056,1.1542,1.0929,1.0186,0.9259,0.8219,0.8411,1.0992,1.3827,1.5679,1.6373,1.5837,1.4051,1.128,0.8325,0.6325,0.5948,0.6951,0.8578,1.0211,1.1582,1.2638,1.3406,1.3934,1.4267,1.4442,1.4497,1.4463,1.4373,1.4257,1.414,1.4039,1.3964,1.3491,1.3264,1.3006,1.2719,1.2409,1.2073,1.1617,1.0463,0.6736,0.4905,1.0928,1.5327,1.7703,1.8694,1.8051,1.5621,1.1611,0.7347,0.5497,0.6446,0.8377,1.0245,1.1777,1.2943,1.3787,1.4366,1.4726,1.4904,1.4933,1.4844,1.4673,1.4459,1.4238,1.404,1.3885,1.3781,1.3832,1.3666,1.3483,1.3285,1.3077,1.2871,1.2684,1.2356,0.995,0.8314,1.3246,1.7319,1.9666,2.1221,2.036,1.6895,0.998,0.0215,-0.1793,0.3792,0.8604,1.1538,1.3289,1.4356,1.5013,1.54,1.5579,1.5582,1.5435,1.5167,1.4822,1.4449,1.4098,1.3808,1.36,1.3479,1.4163,1.4047,1.3919,1.3775,1.361,1.3419,1.3227,1.3156,1.3065,1.3657,1.645,1.9447,2.0727,2.1921,2.13,1.7857,0.8642,-1.3235,-1.373,0.1612,0.9672,1.3378,1.5111,1.5937,1.6339,1.6504,1.6487,1.6294,1.5934,1.5438,1.4861,1.4278,1.3763,1.3371,1.3123,1.3012,1.4482,1.441,1.4329,1.4233,1.4108,1.3932,1.3689,1.3452,1.3879,1.566,1.8127,2.0968,2.1683,2.039,2.0751,1.9917,1.5612,-0.0414,-0.3592,0.691,1.3581,1.6514,1.7489,1.7728,1.7752,1.7673,1.7458,1.7049,1.6426,1.5623,1.4724,1.385,1.3123,1.2625,1.2372,1.2325,1.4788,1.4757,1.4724,1.4685,1.4635,1.457,1.452,1.4659,1.5452,1.6964,1.8488,2.0023,2.1288,2.3492,2.1485,2.4571,2.965,1.8682,1.3437,1.6039,1.9846,2.0939,2.0267,1.9573,1.9174,1.8904,1.8531,1.789,1.6924,1.5685,1.4309,1.3007,1.1999,1.1415,1.1239,1.1357,1.5078,1.5087,1.5102,1.5128,1.5169,1.5249,1.5427,1.5842,1.6631,1.7534,1.7577,2.0197,2.0576,2.1208,2.1372,2.4281,2.7549,2.2813,2.0666,2.2307,2.6211,2.5439,2.2641,2.1108,2.0507,2.0255,1.9838,1.8934,1.7483,1.5588,1.3466,1.1497,1.0113,0.9525,0.9603,1.0068,1.5349,1.5393,1.5452,1.5535,1.5654,1.5837,1.613,1.6593,1.7218,1.7755,1.7736,1.9078,1.9946,2.0062,2.0373,2.1465,2.2876,2.3936,2.495,2.4961,2.7141,2.6207,2.3458,2.2041,2.1777,2.1977,2.1699,2.0401,1.8194,1.5302,1.1997,0.895,0.7081,0.6723,0.7406,0.849,1.5596,1.5669,1.5764,1.5888,1.6056,1.6287,1.6606,1.7028,1.7521,1.7989,1.8417,1.904,1.9651,1.9688,1.8914,1.913,2.1866,2.7002,3.0998,2.6924,2.5246,2.4376,2.3096,2.2511,2.3187,2.4595,2.4683,2.2493,1.9083,1.4845,0.98,0.5063,0.2657,0.3039,0.4841,0.6833,1.5817,1.5911,1.603,1.618,1.637,1.6614,1.6919,1.7286,1.769,1.8095,1.8486,1.8853,1.9033,1.8502,1.5961,1.4999,2.0334,2.6256,2.9269,2.7022,2.5049,2.3531,2.2587,2.2642,2.451,2.8179,2.8882,2.4596,1.9785,1.4376,0.7439,0.0614,-0.2176,-0.0529,0.2649,0.555,1.601,1.6119,1.6252,1.6413,1.661,1.6847,1.7126,1.7442,1.7779,1.8113,1.8417,1.8637,1.8628,1.8018,1.6282,1.5977,1.9895,2.4088,2.6982,2.7665,2.4976,2.2779,2.1753,2.2047,2.4161,2.8489,2.9398,2.3848,1.95,1.4258,0.6708,-0.1051,-0.3959,-0.1729,0.1975,0.5181,1.6176,1.6294,1.6433,1.6598,1.679,1.7013,1.7265,1.7539,1.7824,1.8101,1.8345,1.8515,1.8539,1.8329,1.8017,1.8499,2.0429,2.295,2.5181,2.5571,2.3348,2.0996,2.0014,2.0502,2.1751,2.2268,1.9915,1.9502,1.8394,1.4657,0.8528,0.2157,-0.0671,0.0535,0.3286,0.5921,1.6317,1.6439,1.658,1.6741,1.6925,1.7132,1.7359,1.76,1.7846,1.8085,1.8301,1.8473,1.8585,1.866,1.8837,1.9402,2.0489,2.1798,2.2738,2.249,2.0578,1.7932,1.7144,1.8501,1.9654,1.9048,1.7145,1.7733,1.7629,1.5215,1.1118,0.686,0.4446,0.4426,0.5767,0.7426,1.6436,1.6558,1.6697,1.6853,1.7026,1.7217,1.7422,1.7637,1.7856,1.807,1.8272,1.8457,1.8629,1.8821,1.9107,1.9571,2.0211,2.0841,2.1104,2.0533,1.8722,1.6089,1.5449,1.7276,1.8607,1.8622,1.8041,1.7866,1.7314,1.5635,1.3048,1.0358,0.8521,0.7945,0.8325,0.9152,1.6534,1.6655,1.6789,1.6938,1.7101,1.7277,1.7463,1.7658,1.7856,1.8053,1.8246,1.8435,1.8629,1.8849,1.9123,1.9468,1.9848,2.0139,2.0138,1.9606,1.8402,1.6941,1.6552,1.7435,1.8241,1.8422,1.8201,1.7833,1.715,1.5927,1.4258,1.2527,1.1192,1.0508,1.0425,1.0727]}]