docs/data/wind_grid.json
[{"header":{"la1":42.85,"la2":41.18,"lo1":11.55,"lo2":14.05,"nx":36,"ny":24,"dx":0.07143,"dy":0.07261,"parameterCategory":2,"parameterNumber":2,"parameterNumberName":"eastward_wind","parameterUnit":"m.s-1"},"data":[-1.1701,-1.1721,-1.1724,-1.1707,-1.1662,-1.158,-1.1445,-1.124,-1.0951,-1.0575,-1.0122,-0.9614,-0.9075,-0.8529,-0.7998,-0.7503,-0.7069,-0.6725,-0.6496,-0.6391,-0.639,-0.6452,-0.6536,-0.6615,-0.668,-0.673,-0.6769,-0.6796,-0.6814,-0.6824,-0.6827,-0.6824,-0.6818,-0.681,-0.6801,-0.6791,-1.1924,-1.1967,-1.1998,-1.2012,-1.2003,-1.1961,-1.1862,-1.1676,-1.1371,-1.0938,-1.0392,-0.9771,-0.9114,-0.845,-0.7803,-0.7195,-0.6656,-0.6236,-0.5987,-0.5935,-0.6043,-0.6221,-0.6387,-0.6507,-0.659,-0.6649,-0.6691,-0.6722,-0.6741,-0.6751,-0.6753,-0.6748,-0.674,-0.6729,-0.6718,-0.6707,-1.2154,-1.2223,-1.2284,-1.2337,-1.2381,-1.2405,-1.2381,-1.2252,-1.1947,-1.1436,-1.0754,-0.9975,-0.9163,-0.8354,-0.7564,-0.6805,-0.6109,-0.5555,-0.5267,-0.533,-0.5673,-0.6073,-0.6346,-0.648,-0.6548,-0.6595,-0.6631,-0.6659,-0.6675,-0.6682,-0.668,-0.6672,-0.666,-0.6645,-0.663,-0.6617,-1.2384,-1.248,-1.2573,-1.2669,-1.2779,-1.2907,-1.3029,-1.3042,-1.2777,-1.2143,-1.1237,-1.0227,-0.9214,-0.8232,-0.7277,-0.6328,-0.5388,-0.4562,-0.4142,-0.4436,-0.533,-0.62,-0.6564,-0.6589,-0.6566,-0.657,-0.6589,-0.6607,-0.6617,-0.6617,-0.6609,-0.6594,-0.6575,-0.6555,-0.6536,-0.652,-1.2608,-1.2727,-1.2847,-1.2982,-1.3163,-1.3434,-1.3816,-1.4165,-1.4045,-1.3165,-1.1851,-1.0498,-0.9238,-0.8068,-0.6945,-0.5788,-0.4488,-0.3071,-0.2133,-0.2799,-0.5015,-0.6945,-0.719,-0.6814,-0.6614,-0.656,-0.6558,-0.6564,-0.6564,-0.6554,-0.6536,-0.6512,-0.6485,-0.6458,-0.6433,-0.6413,-1.2815,-1.2949,-1.3081,-1.3236,-1.3472,-1.3891,-1.4646,-1.5707,-1.6,-1.4527,-1.2488,-1.0703,-0.9181,-0.7826,-0.6563,-0.5255,-0.3578,-0.1073,0.1657,0.076,-0.4038,-0.7564,-0.7582,-0.6886,-0.6615,-0.6545,-0.6532,-0.6528,-0.6515,-0.6492,-0.6461,-0.6424,-0.6385,-0.6349,-0.6318,-0.6293,-1.2998,-1.3129,-1.324,-1.3376,-1.3635,-1.4138,-1.513,-1.6945,-1.7868,-1.5494,-1.2785,-1.0712,-0.8982,-0.7432,-0.6045,-0.4759,-0.3103,0.0132,0.5621,0.4888,-0.2492,-0.6066,-0.6765,-0.6649,-0.6554,-0.6524,-0.6513,-0.6498,-0.6469,-0.6428,-0.6379,-0.6325,-0.6273,-0.6225,-0.6186,-0.6156,-1.315,-1.3252,-1.3275,-1.3311,-1.3615,-1.4174,-1.4956,-1.6095,-1.6515,-1.4714,-1.2499,-1.0519,-0.8632,-0.677,-0.5094,-0.3969,-0.3123,-0.1321,0.1629,0.0345,-0.4703,-0.6371,-0.6537,-0.6542,-0.653,-0.6522,-0.6508,-0.6476,-0.6425,-0.636,-0.6286,-0.6211,-0.6141,-0.608,-0.6032,-0.5998,-1.3284,-1.3351,-1.3225,-1.3026,-1.3533,-1.428,-1.4835,-1.5068,-1.475,-1.3726,-1.2202,-1.0352,-0.8259,-0.5775,-0.298,-0.1724,-0.2598,-0.3112,-0.3168,-0.4945,-0.8403,-0.8139,-0.6992,-0.6653,-0.6578,-0.6556,-0.6525,-0.6467,-0.6383,-0.6283,-0.6177,-0.6074,-0.5982,-0.5906,-0.5849,-0.5811,-1.3423,-1.3522,-1.3466,-1.3401,-1.3924,-1.474,-1.5431,-1.5439,-1.471,-1.3814,-1.242,-1.0428,-0.8155,-0.4988,0.1098,0.4222,-0.1148,-0.3874,-0.4938,-0.6128,-0.7771,-0.7764,-0.7031,-0.6728,-0.6654,-0.663,-0.6578,-0.6479,-0.6344,-0.6193,-0.6042,-0.5904,-0.5786,-0.5693,-0.5628,-0.5589,-1.3563,-1.3749,-1.3891,-1.3979,-1.4204,-1.5516,-1.7017,-1.7181,-1.5048,-1.4046,-1.2918,-1.068,-0.8521,-0.6043,-0.008,0.4216,-0.2003,-0.4833,-0.5849,-0.6329,-0.6768,-0.6909,-0.6797,-0.674,-0.677,-0.6787,-0.6707,-0.6531,-0.6309,-0.608,-0.5869,-0.5685,-0.5537,-0.5427,-0.5356,-0.5322,-1.3673,-1.393,-1.4136,-1.415,-1.4569,-1.6797,-1.9957,-2.19,-1.8259,-1.5012,-1.3218,-1.0998,-0.9038,-0.7773,-0.6312,-0.4285,-0.4917,-0.6536,-0.7117,-0.6772,-0.6614,-0.6607,-0.6653,-0.6799,-0.7033,-0.7159,-0.6998,-0.6648,-0.6268,-0.5925,-0.5633,-0.5395,-0.5213,-0.5087,-0.5017,-0.4996,-1.3729,-1.4048,-1.4383,-1.4789,-1.577,-1.8198,-2.2312,-2.6676,-2.3355,-1.7,-1.3481,-1.1902,-1.018,-0.807,-0.7422,-0.5604,-0.5642,-0.874,-0.8968,-0.7137,-0.6537,-0.6402,-0.6525,-0.6923,-0.7601,-0.7991,-0.7541,-0.6804,-0.6174,-0.5682,-0.5298,-0.5001,-0.4785,-0.4649,-0.459,-0.4597,-1.3717,-1.4078,-1.4519,-1.5152,-1.6262,-1.8246,-2.1227,-2.4143,-2.2143,-1.6639,-1.3528,-1.3289,-1.2947,-0.7396,-0.646,-0.3302,-0.3757,-0.6573,-0.7563,-0.6645,-0.6067,-0.5925,-0.6212,-0.6921,-0.8217,-0.9018,-0.8021,-0.6784,-0.5905,-0.5282,-0.4814,-0.4458,-0.4211,-0.4077,-0.4049,-0.4108,-1.3629,-1.399,-1.4441,-1.5052,-1.5936,-1.7173,-1.8574,-1.9248,-1.7777,-1.5201,-1.3649,-1.2638,-1.0828,-0.9898,-0.6334,-0.2402,0.0518,-0.3855,-0.577,-0.5652,-0.4782,-0.4747,-0.5528,-0.645,-0.7618,-0.8292,-0.7415,-0.6214,-0.5315,-0.4651,-0.4127,-0.3713,-0.3436,-0.3321,-0.3361,-0.3513,-1.3471,-1.3796,-1.4185,-1.4662,-1.5243,-1.5876,-1.635,-1.6259,-1.5407,-1.4589,-1.5199,-1.3807,-1.2407,-1.0246,-0.7817,-0.4222,-0.144,-0.4345,-0.5698,-0.4744,-0.178,-0.2485,-0.466,-0.5721,-0.625,-0.636,-0.5837,-0.5062,-0.4369,-0.3766,-0.3201,-0.2702,-0.2379,-0.2316,-0.2489,-0.2802,-1.3263,-1.3533,-1.3834,-1.4167,-1.4509,-1.4797,-1.4909,-1.4726,-1.4328,-1.4211,-1.4893,-1.3891,-1.3418,-1.3194,-1.0347,-0.8156,-0.6764,-0.6754,-0.6736,-0.5271,-0.1406,-0.2291,-0.4587,-0.5262,-0.5099,-0.4597,-0.4044,-0.3589,-0.3177,-0.2684,-0.2041,-0.1352,-0.0926,-0.0982,-0.1415,-0.1994,-1.3026,-1.3238,-1.3458,-1.3676,-1.3867,-1.3987,-1.3987,-1.3847,-1.3647,-1.3547,-1.3515,-1.3285,-1.3672,-1.382,-1.3462,-1.2998,-1.0292,-0.8177,-0.7228,-0.7346,-0.5854,-0.5282,-0.5504,-0.5118,-0.403,-0.2753,-0.2078,-0.1975,-0.1885,-0.1529,-0.0729,0.0377,0.1026,0.0693,-0.021,-0.1173,-1.278,-1.294,-1.3095,-1.3234,-1.3337,-1.3382,-1.3352,-1.3251,-1.3123,-1.3017,-1.2941,-1.2937,-1.3237,-1.4346,-1.9256,-2.1498,-1.3604,-0.9638,-0.8741,-1.0287,-0.9008,-0.7614,-0.6584,-0.5131,-0.2961,-0.0851,-0.0318,-0.0457,-0.059,-0.0457,0.0464,0.2194,0.3174,0.2342,0.0827,-0.0526,-1.2536,-1.2655,-1.2762,-1.2848,-1.2903,-1.2914,-1.2877,-1.2802,-1.2712,-1.2635,-1.2608,-1.271,-1.317,-1.4673,-1.8523,-1.9617,-1.4309,-1.1601,-1.3184,-1.4488,-1.1174,-0.9334,-0.7859,-0.557,-0.2421,-0.0086,0.0347,0.1311,0.0862,0.0428,0.1051,0.2897,0.3999,0.2933,0.12,-0.027,-1.2303,-1.239,-1.2462,-1.2515,-1.2541,-1.2536,-1.2501,-1.2442,-1.2377,-1.2328,-1.2333,-1.2461,-1.2848,-1.3704,-1.487,-1.482,-1.3118,-1.1994,-1.2528,-1.2838,-1.1768,-1.1368,-1.0371,-0.7152,-0.248,0.2304,0.6953,0.5648,0.2505,0.1049,0.095,0.1915,0.2633,0.2004,0.0742,-0.0468,-1.2084,-1.2146,-1.2194,-1.2225,-1.2234,-1.2221,-1.2186,-1.2138,-1.2087,-1.2053,-1.206,-1.2149,-1.2364,-1.2707,-1.2983,-1.2802,-1.2174,-1.1698,-1.172,-1.1991,-1.2934,-1.5575,-1.6013,-1.059,-0.3485,0.4103,1.1199,0.7712,0.2711,0.1161,0.0654,0.0743,0.0929,0.062,-0.011,-0.095,-1.188,-1.1923,-1.1953,-1.1969,-1.1967,-1.1948,-1.1914,-1.1871,-1.1826,-1.1792,-1.1784,-1.1817,-1.1897,-1.1992,-1.2009,-1.185,-1.1562,-1.1354,-1.1433,-1.2066,-1.42,-1.9002,-2.0523,-1.3427,-0.545,0.1037,0.4788,0.3333,0.1252,0.0953,0.042,0.004,-0.0157,-0.0448,-0.0924,-0.1504,-1.169,-1.1718,-1.1736,-1.174,-1.173,-1.1707,-1.1672,-1.163,-1.1585,-1.1545,-1.1516,-1.1504,-1.1501,-1.1487,-1.1424,-1.1293,-1.1131,-1.1046,-1.1195,-1.1857,-1.3552,-1.6246,-1.6588,-1.2178,-0.6534,-0.1991,0.0575,0.1053,0.0994,0.077,0.0111,-0.0463,-0.0855,-0.1198,-0.1586,-0.2025]},{"header":{"la1":42.85,"la2":41.18,"lo1":11.55,"lo2":14.05,"nx":36,"ny":24,"dx":0.07143,"dy":0.07261,"parameterCategory":2,"parameterNumber":3,"parameterNumberName":"northward_wind","parameterUnit":"m.s-1"},"data":[-0.0997,-0.1133,-0.1275,-0.1421,-0.1568,-0.1709,-0.183,-0.1917,-0.1958,-0.1949,-0.1897,-0.181,-0.1699,-0.1569,-0.1424,-0.1273,-0.1129,-0.1009,-0.0935,-0.0913,-0.0934,-0.0967,-0.0981,-0.0958,-0.0902,-0.0826,-0.0739,-0.065,-0.056,-0.0469,-0.0379,-0.0288,-0.0198,-0.0109,-0.0023,0.0062,-0.1039,-0.1197,-0.1365,-0.1543,-0.1729,-0.1916,-0.2085,-0.2209,-0.2263,-0.224,-0.2155,-0.203,-0.1879,-0.1709,-0.1519,-0.1314,-0.1111,-0.0946,-0.0857,-0.087,-0.0966,-0.1077,-0.1132,-0.1105,-0.1021,-0.0913,-0.0802,-0.0695,-0.0593,-0.0492,-0.0393,-0.0294,-0.0196,-0.0099,-0.0005,0.0086,-0.108,-0.1264,-0.1461,-0.1674,-0.1909,-0.2166,-0.2418,-0.2611,-0.2687,-0.2631,-0.2483,-0.2295,-0.2093,-0.1874,-0.1627,-0.1346,-0.1049,-0.0795,-0.0673,-0.0756,-0.1019,-0.13,-0.1416,-0.1343,-0.1181,-0.1013,-0.0866,-0.0739,-0.0624,-0.0514,-0.0406,-0.0298,-0.0191,-0.0085,0.0018,0.0117,-0.1122,-0.1338,-0.1567,-0.1814,-0.2103,-0.2459,-0.286,-0.3199,-0.332,-0.318,-0.29,-0.2608,-0.2342,-0.2077,-0.1769,-0.1383,-0.0927,-0.0489,-0.0266,-0.0476,-0.1124,-0.1807,-0.1985,-0.1714,-0.1372,-0.1108,-0.0921,-0.0777,-0.0653,-0.0535,-0.0418,-0.03,-0.0181,-0.0065,0.0048,0.0155,-0.1169,-0.1435,-0.1704,-0.1972,-0.2294,-0.277,-0.3442,-0.4118,-0.435,-0.3979,-0.341,-0.2954,-0.2628,-0.2337,-0.1979,-0.1467,-0.0755,0.0076,0.0632,0.0263,-0.1224,-0.288,-0.2978,-0.2149,-0.1515,-0.1159,-0.0951,-0.0805,-0.068,-0.0557,-0.043,-0.0299,-0.0168,-0.0038,0.0086,0.0204,-0.1228,-0.1592,-0.194,-0.2205,-0.2466,-0.3003,-0.4083,-0.5531,-0.6076,-0.5063,-0.393,-0.3282,-0.2941,-0.2682,-0.2326,-0.1704,-0.0653,0.0915,0.2474,0.2098,-0.0629,-0.3613,-0.3522,-0.2186,-0.1452,-0.1122,-0.0952,-0.083,-0.0713,-0.0585,-0.0446,-0.0299,-0.015,-0.0004,0.0135,0.0264,-0.1286,-0.1855,-0.2447,-0.2734,-0.268,-0.2977,-0.431,-0.6759,-0.7869,-0.5827,-0.4193,-0.352,-0.3283,-0.3159,-0.2907,-0.2272,-0.097,0.1341,0.4415,0.4171,0.1027,-0.1283,-0.1853,-0.1419,-0.1132,-0.1016,-0.095,-0.0874,-0.0768,-0.063,-0.0469,-0.0298,-0.0125,0.0042,0.0199,0.0341,-0.1252,-0.2176,-0.349,-0.4162,-0.3179,-0.2567,-0.3478,-0.5446,-0.635,-0.5058,-0.4036,-0.3676,-0.3681,-0.3824,-0.3852,-0.3373,-0.2055,0.0144,0.2544,0.2801,0.2283,0.1528,0.0225,-0.0478,-0.0797,-0.0958,-0.1016,-0.0982,-0.087,-0.0704,-0.0507,-0.0297,-0.009,0.0104,0.0281,0.0438,-0.0915,-0.2056,-0.4511,-0.6683,-0.3566,-0.16,-0.2019,-0.3206,-0.4045,-0.4147,-0.3921,-0.3868,-0.4152,-0.4699,-0.5353,-0.5267,-0.3766,-0.172,0.0172,0.1864,0.4392,0.3784,0.1334,-0.0045,-0.0744,-0.1106,-0.1246,-0.1212,-0.1054,-0.0822,-0.0559,-0.0292,-0.0039,0.019,0.0391,0.0563,-0.011,-0.0639,-0.1937,-0.2856,0.0084,0.0518,-0.0459,-0.2012,-0.4114,-0.5067,-0.4337,-0.4138,-0.4655,-0.5604,-0.7457,-0.8375,-0.5506,-0.3108,-0.1249,0.0768,0.3088,0.2817,0.0969,-0.0335,-0.1149,-0.1614,-0.1759,-0.1639,-0.1351,-0.0991,-0.062,-0.027,0.0042,0.0311,0.0538,0.0724,0.0894,0.1454,0.3231,0.7779,0.7185,0.3076,0.1283,-0.0665,-0.6118,-0.8812,-0.4892,-0.4331,-0.5206,-0.6257,-0.7666,-0.8637,-0.5802,-0.3712,-0.2246,-0.0891,0.0271,0.0453,-0.0256,-0.1216,-0.2121,-0.2693,-0.2734,-0.2349,-0.1781,-0.1197,-0.0667,-0.0209,0.0174,0.0487,0.0736,0.0931,0.1605,0.2586,0.4709,0.7967,0.7307,0.4002,0.3387,0.3507,-0.1309,-0.5296,-0.3754,-0.4295,-0.593,-0.7662,-0.7357,-0.6566,-0.5243,-0.3588,-0.261,-0.1837,-0.1124,-0.0905,-0.1353,-0.2443,-0.3894,-0.4789,-0.4453,-0.3407,-0.2311,-0.1388,-0.0652,-0.0071,0.0386,0.0738,0.1004,0.1199,0.1881,0.2663,0.3821,0.4863,0.4604,0.392,0.4869,0.7093,0.4752,0.0192,-0.2099,-0.4328,-0.618,-0.8355,-0.7902,-0.7086,-0.5678,-0.2719,-0.2285,-0.2083,-0.1524,-0.1391,-0.2014,-0.3816,-0.6843,-0.8623,-0.7092,-0.4653,-0.2765,-0.1446,-0.0501,0.0197,0.0716,0.1095,0.1361,0.1539,0.1899,0.2398,0.2958,0.3359,0.3447,0.3646,0.4555,0.5823,0.4742,0.1869,-0.0487,-0.4563,-0.6474,-0.9826,-0.7676,-1.0367,-0.7868,-0.3902,-0.2593,-0.19,-0.1299,-0.1243,-0.2068,-0.4585,-0.9652,-1.2734,-0.9253,-0.5297,-0.2792,-0.1209,-0.0128,0.065,0.1208,0.159,0.1831,0.1966,0.1837,0.2158,0.248,0.2739,0.2945,0.3238,0.3706,0.4042,0.3765,0.3578,0.3613,0.1663,-0.2349,-0.4193,-0.6557,-1.0949,-0.5468,-0.4167,-0.229,-0.1117,-0.0553,-0.0594,-0.1405,-0.3643,-0.7793,-1.0321,-0.772,-0.4388,-0.2113,-0.0581,0.0523,0.1337,0.1907,0.2259,0.2435,0.249,0.1775,0.2005,0.2234,0.245,0.2668,0.2929,0.3245,0.3599,0.4258,0.6357,1.1166,1.0615,0.6279,0.0524,-0.2356,-0.4553,-0.4032,-0.2402,-0.0551,0.0218,0.0126,0.0069,-0.0425,-0.1798,-0.3771,-0.4903,-0.4101,-0.247,-0.0931,0.0366,0.1444,0.2293,0.2863,0.3142,0.3193,0.3112,0.1734,0.1917,0.2106,0.2302,0.2518,0.2777,0.3119,0.365,0.4708,0.7044,1.0729,0.9902,1.2506,1.3598,0.3432,-0.0115,-0.0459,0.1351,0.3069,0.2191,0.0441,0.0499,0.0471,-0.0304,-0.1304,-0.1906,-0.1725,-0.0887,0.0255,0.1448,0.2585,0.3547,0.4136,0.4272,0.4098,0.3806,0.1713,0.187,0.2039,0.2225,0.244,0.2708,0.3075,0.3634,0.4548,0.5932,0.7364,0.8625,1.3568,1.4298,0.6016,0.3383,0.3007,0.5867,0.9058,0.5656,0.3128,0.2098,0.1555,0.0758,-0.0324,-0.1395,-0.1499,-0.0325,0.1157,0.2531,0.3867,0.5089,0.5741,0.5607,0.5073,0.4503,0.1704,0.1846,0.2003,0.2181,0.2392,0.2655,0.3005,0.349,0.4158,0.4991,0.5874,0.6882,0.8091,0.7484,0.5736,0.5585,0.4765,0.6794,0.8937,0.8616,0.6076,0.4012,0.2803,0.1651,-0.0201,-0.3276,-0.3915,-0.0521,0.2034,0.3636,0.5093,0.6614,0.7346,0.683,0.5894,0.5074,0.1702,0.1834,0.1982,0.2151,0.235,0.2594,0.2902,0.3292,0.3772,0.4317,0.4878,0.5403,0.5714,0.5524,0.5392,0.5405,0.5237,0.6958,1.1301,1.3229,0.8206,0.5453,0.4082,0.2824,0.0788,-0.3217,-0.4128,0.1268,0.3749,0.4938,0.5966,0.7239,0.7899,0.7279,0.6264,0.5391,0.1704,0.1828,0.1966,0.2123,0.2307,0.2524,0.2784,0.3092,0.3444,0.3818,0.4179,0.4479,0.4652,0.469,0.4734,0.4819,0.5213,0.6655,0.9268,1.0085,0.7827,0.639,0.5634,0.4554,0.3493,0.3667,0.691,0.6917,0.6527,0.6715,0.6759,0.7022,0.7259,0.6892,0.6172,0.5453,0.1707,0.1822,0.1951,0.2096,0.2261,0.2451,0.2669,0.2914,0.3178,0.3448,0.3701,0.3911,0.4062,0.417,0.4287,0.449,0.4944,0.5824,0.689,0.7317,0.7208,0.7835,0.8002,0.6488,0.5704,0.7399,1.079,0.9686,0.9553,0.9354,0.8166,0.7275,0.6852,0.6462,0.5943,0.5385,0.171,0.1817,0.1936,0.2068,0.2216,0.2381,0.2564,0.2762,0.297,0.3177,0.3371,0.3543,0.3689,0.3825,0.3986,0.4225,0.4611,0.5168,0.5783,0.6337,0.7214,0.9059,0.9645,0.7623,0.6624,0.7503,0.9056,1.0654,1.3696,1.2631,0.9837,0.7956,0.6939,0.6312,0.5789,0.5297,0.1711,0.1811,0.192,0.2041,0.2173,0.2317,0.2473,0.2638,0.2808,0.2977,0.3138,0.329,0.3434,0.3584,0.3761,0.3996,0.4319,0.4735,0.5226,0.5831,0.6754,0.7991,0.8304,0.7311,0.6763,0.7308,0.87,1.1284,1.4226,1.3148,1.0344,0.8291,0.7049,0.6266,0.5692,0.5214]}]