docs/data/wind_grid.json
[{"header":{"la1":42.85,"la2":41.18,"lo1":11.55,"lo2":14.05,"nx":36,"ny":24,"dx":0.07143,"dy":0.07261,"parameterCategory":2,"parameterNumber":2,"parameterNumberName":"eastward_wind","parameterUnit":"m.s-1"},"data":[-0.613,-0.6156,-0.6178,-0.6196,-0.6208,-0.6212,-0.62,-0.6165,-0.6103,-0.602,-0.5931,-0.5857,-0.5819,-0.5829,-0.5893,-0.6005,-0.6148,-0.6295,-0.6416,-0.6487,-0.6499,-0.6457,-0.6377,-0.6277,-0.617,-0.6064,-0.5966,-0.5876,-0.5795,-0.5724,-0.5661,-0.5606,-0.5557,-0.5513,-0.5475,-0.5442,-0.6227,-0.6262,-0.6294,-0.6324,-0.6353,-0.6376,-0.6382,-0.6353,-0.6273,-0.6148,-0.6003,-0.5878,-0.5807,-0.5812,-0.5901,-0.6068,-0.6288,-0.652,-0.6706,-0.6804,-0.68,-0.6714,-0.658,-0.6428,-0.6277,-0.6138,-0.6014,-0.5906,-0.5813,-0.5732,-0.5662,-0.5601,-0.5549,-0.5503,-0.5463,-0.5428,-0.634,-0.6387,-0.643,-0.6477,-0.6531,-0.6591,-0.6642,-0.6642,-0.6547,-0.6353,-0.611,-0.5895,-0.5766,-0.5756,-0.5878,-0.6128,-0.6477,-0.6854,-0.7155,-0.7287,-0.7236,-0.7058,-0.6829,-0.6598,-0.6389,-0.6208,-0.6056,-0.5928,-0.5821,-0.5731,-0.5655,-0.5591,-0.5535,-0.5488,-0.5446,-0.5411,-0.6475,-0.6535,-0.6591,-0.6653,-0.6739,-0.6864,-0.7013,-0.7106,-0.7015,-0.6695,-0.6269,-0.5897,-0.5674,-0.5635,-0.5797,-0.6167,-0.6725,-0.7369,-0.7883,-0.8053,-0.7871,-0.7507,-0.7117,-0.6774,-0.6492,-0.6265,-0.6083,-0.5937,-0.5818,-0.5721,-0.564,-0.5572,-0.5515,-0.5466,-0.5424,-0.5388,-0.6639,-0.6716,-0.6782,-0.6853,-0.6965,-0.7178,-0.7522,-0.7872,-0.7854,-0.7278,-0.6487,-0.5855,-0.5495,-0.5409,-0.5607,-0.613,-0.7012,-0.8151,-0.9104,-0.9292,-0.8768,-0.8042,-0.741,-0.6927,-0.6567,-0.6296,-0.6088,-0.5927,-0.5799,-0.5697,-0.5614,-0.5545,-0.5488,-0.5439,-0.5397,-0.5361,-0.6844,-0.6949,-0.7026,-0.7085,-0.7185,-0.746,-0.8094,-0.9038,-0.9317,-0.815,-0.6678,-0.5691,-0.5175,-0.5023,-0.523,-0.5896,-0.7186,-0.9154,-1.1005,-1.111,-0.9821,-0.8531,-0.7622,-0.7012,-0.659,-0.6286,-0.6062,-0.5893,-0.5762,-0.5659,-0.5577,-0.5509,-0.5452,-0.5404,-0.5363,-0.5328,-0.7106,-0.7267,-0.7373,-0.74,-0.7402,-0.758,-0.8337,-0.9998,-1.0831,-0.8708,-0.6498,-0.5277,-0.4667,-0.4426,-0.456,-0.5264,-0.6849,-0.9604,-1.2563,-1.2489,-1.0367,-0.8683,-0.7644,-0.6985,-0.6541,-0.6226,-0.5999,-0.583,-0.5703,-0.5605,-0.5527,-0.5463,-0.5408,-0.5362,-0.5323,-0.5289,-0.7438,-0.7719,-0.7923,-0.7942,-0.7743,-0.7536,-0.7776,-0.8824,-0.9276,-0.7368,-0.5543,-0.4551,-0.3973,-0.3585,-0.3463,-0.4012,-0.5627,-0.8269,-1.0901,-1.1111,-0.9627,-0.8321,-0.744,-0.6839,-0.6415,-0.6112,-0.5894,-0.5738,-0.5623,-0.5535,-0.5466,-0.5407,-0.5357,-0.5313,-0.5275,-0.5243,-0.7829,-0.8338,-0.8823,-0.9001,-0.8549,-0.7665,-0.6917,-0.6439,-0.5745,-0.4726,-0.4073,-0.3671,-0.3214,-0.2548,-0.1708,-0.18,-0.3762,-0.6298,-0.8195,-0.8806,-0.8424,-0.7755,-0.7125,-0.6613,-0.6224,-0.5942,-0.5746,-0.5614,-0.5521,-0.5451,-0.5394,-0.5343,-0.5297,-0.5255,-0.5219,-0.5189,-0.8203,-0.9049,-1.0128,-1.0969,-1.0325,-0.8329,-0.6523,-0.4834,-0.273,-0.1762,-0.2541,-0.2905,-0.2589,-0.164,0.0793,0.1999,-0.2065,-0.5605,-0.7507,-0.8104,-0.7917,-0.7403,-0.6839,-0.6348,-0.5972,-0.5712,-0.5551,-0.5458,-0.54,-0.5356,-0.5314,-0.5272,-0.5229,-0.5189,-0.5154,-0.5126,-0.8408,-0.9535,-1.1293,-1.3363,-1.2783,-0.9168,-0.6715,-0.4606,-0.0024,0.2116,-0.1457,-0.2487,-0.2184,-0.1417,0.0599,0.2077,-0.2936,-0.7319,-0.9265,-0.9108,-0.8221,-0.7327,-0.6596,-0.6038,-0.5643,-0.5405,-0.5299,-0.5272,-0.5267,-0.5257,-0.5232,-0.5195,-0.5153,-0.5111,-0.5075,-0.5049,-0.83,-0.9383,-1.105,-1.2959,-1.2286,-0.8939,-0.738,-0.6925,-0.3361,-0.0489,-0.2158,-0.2499,-0.1836,-0.0813,-0.1174,-0.2649,-0.6779,-1.2938,-1.4492,-1.1495,-0.8882,-0.727,-0.6283,-0.5638,-0.5205,-0.499,-0.4983,-0.5065,-0.5137,-0.5166,-0.5154,-0.5115,-0.5064,-0.5015,-0.4977,-0.4953,-0.7902,-0.8649,-0.9563,-1.0184,-0.9495,-0.8073,-0.7907,-0.9023,-0.7489,-0.4354,-0.3202,-0.2747,-0.2039,-0.0438,-0.1131,-0.4381,-1.0119,-2.1933,-2.2155,-1.3434,-0.8928,-0.6808,-0.5764,-0.515,-0.4678,-0.4466,-0.4624,-0.4876,-0.504,-0.51,-0.5084,-0.5026,-0.4954,-0.4891,-0.4849,-0.483,-0.7375,-0.7779,-0.8134,-0.8203,-0.7811,-0.7352,-0.75,-0.8155,-0.7236,-0.4782,-0.3397,-0.2944,-0.2725,-0.1243,-0.277,-0.6333,-1.0906,-1.6853,-1.7362,-1.1285,-0.7307,-0.553,-0.4948,-0.4693,-0.4304,-0.4059,-0.4388,-0.4797,-0.5021,-0.5076,-0.5023,-0.4915,-0.4802,-0.4716,-0.4672,-0.4667,-0.6862,-0.7045,-0.7144,-0.7081,-0.6855,-0.6628,-0.6555,-0.6403,-0.5486,-0.3994,-0.3019,-0.2819,-0.251,-0.2027,-0.387,-0.9901,-1.5513,-1.1835,-0.9987,-0.6844,-0.3854,-0.3112,-0.3756,-0.4306,-0.4366,-0.4263,-0.4563,-0.4944,-0.5125,-0.5106,-0.4956,-0.475,-0.4564,-0.445,-0.4418,-0.4448,-0.6425,-0.6484,-0.6475,-0.6371,-0.6184,-0.5955,-0.5683,-0.5219,-0.4356,-0.3098,-0.1683,-0.2723,-0.2921,-0.3107,-0.4585,-0.9083,-1.2955,-0.9198,-0.6224,-0.3076,0.1032,0.0262,-0.2452,-0.3952,-0.459,-0.4852,-0.5122,-0.5345,-0.537,-0.5183,-0.4844,-0.4459,-0.416,-0.4027,-0.4048,-0.4157,-0.607,-0.6062,-0.6001,-0.5875,-0.5686,-0.5435,-0.5097,-0.4607,-0.3897,-0.2939,-0.1908,-0.2578,-0.3479,-0.384,-0.4306,-0.5718,-0.6506,-0.4951,-0.3115,-0.1646,0.1759,0.0773,-0.2188,-0.397,-0.5,-0.5626,-0.5956,-0.599,-0.5759,-0.5288,-0.4622,-0.3919,-0.3448,-0.3352,-0.3524,-0.3791,-0.5788,-0.5742,-0.5655,-0.5518,-0.5328,-0.508,-0.4759,-0.4348,-0.3845,-0.3316,-0.299,-0.3175,-0.3677,-0.3803,-0.3483,-0.3517,-0.3653,-0.1738,0.0357,-0.1394,-0.1344,-0.1671,-0.3042,-0.4481,-0.5773,-0.6795,-0.7163,-0.6883,-0.6286,-0.5415,-0.4229,-0.2964,-0.2253,-0.2359,-0.2867,-0.3394,-0.5564,-0.5499,-0.5399,-0.5261,-0.5081,-0.4855,-0.4582,-0.4263,-0.3922,-0.3616,-0.344,-0.3441,-0.3494,-0.324,-0.1987,-0.1452,-0.2568,-0.1665,-0.0668,-0.2081,-0.2529,-0.2955,-0.3822,-0.5093,-0.6678,-0.8197,-0.8525,-0.7837,-0.69,-0.5614,-0.3779,-0.1679,-0.0698,-0.1266,-0.2269,-0.3083,-0.5389,-0.5313,-0.5211,-0.5078,-0.4914,-0.4719,-0.4495,-0.4251,-0.4008,-0.3799,-0.3654,-0.3565,-0.3437,-0.3039,-0.2098,-0.179,-0.254,-0.2572,-0.2766,-0.2982,-0.298,-0.3371,-0.4118,-0.5378,-0.7111,-0.8632,-0.8918,-0.8607,-0.7565,-0.6015,-0.3815,-0.1181,-0.0033,-0.0881,-0.2108,-0.3022,-0.5251,-0.5173,-0.5073,-0.495,-0.4805,-0.4639,-0.4456,-0.4266,-0.4081,-0.3918,-0.3785,-0.3665,-0.3506,-0.3233,-0.2874,-0.2757,-0.2916,-0.2971,-0.2981,-0.3024,-0.3105,-0.3246,-0.3753,-0.5086,-0.7088,-0.9161,-1.0981,-1.022,-0.8274,-0.6595,-0.4687,-0.2503,-0.1373,-0.1743,-0.2573,-0.3274,-0.5144,-0.5067,-0.4973,-0.4862,-0.4735,-0.4594,-0.4443,-0.429,-0.4142,-0.4008,-0.3886,-0.3769,-0.3635,-0.3471,-0.3311,-0.3236,-0.324,-0.3234,-0.32,-0.3148,-0.2928,-0.2327,-0.2317,-0.4089,-0.6716,-0.9741,-1.2634,-1.0984,-0.8223,-0.6965,-0.5728,-0.4266,-0.3278,-0.3098,-0.3366,-0.3724,-0.5062,-0.4988,-0.4901,-0.4801,-0.469,-0.4571,-0.4445,-0.4319,-0.4197,-0.4083,-0.3977,-0.3875,-0.377,-0.3663,-0.3571,-0.3511,-0.3479,-0.3446,-0.3381,-0.3215,-0.2689,-0.149,-0.1112,-0.3222,-0.5954,-0.8384,-0.9757,-0.8662,-0.7177,-0.6975,-0.6332,-0.5357,-0.4561,-0.4171,-0.4105,-0.4196,-0.4998,-0.4929,-0.485,-0.4761,-0.4664,-0.4562,-0.4456,-0.4351,-0.4248,-0.4151,-0.4061,-0.3975,-0.3893,-0.3817,-0.3752,-0.3704,-0.3667,-0.3624,-0.3546,-0.3362,-0.2927,-0.2241,-0.22,-0.3573,-0.5462,-0.7032,-0.7772,-0.746,-0.7012,-0.6924,-0.6491,-0.5826,-0.5225,-0.4829,-0.4638,-0.4585]},{"header":{"la1":42.85,"la2":41.18,"lo1":11.55,"lo2":14.05,"nx":36,"ny":24,"dx":0.07143,"dy":0.07261,"parameterCategory":2,"parameterNumber":3,"parameterNumberName":"northward_wind","parameterUnit":"m.s-1"},"data":[-0.8034,-0.8018,-0.7993,-0.7957,-0.791,-0.7853,-0.7792,-0.7732,-0.7675,-0.7617,-0.7545,-0.7447,-0.731,-0.713,-0.6908,-0.6655,-0.6389,-0.6135,-0.5921,-0.5768,-0.5682,-0.5653,-0.5665,-0.5699,-0.5743,-0.5789,-0.5835,-0.5879,-0.592,-0.5961,-0.6,-0.6038,-0.6076,-0.6112,-0.6148,-0.6183,-0.8081,-0.8066,-0.8039,-0.7996,-0.7935,-0.786,-0.778,-0.771,-0.7659,-0.7623,-0.7578,-0.7498,-0.7361,-0.7158,-0.6888,-0.6565,-0.6212,-0.5871,-0.5593,-0.5417,-0.5348,-0.5364,-0.5427,-0.5509,-0.5591,-0.5666,-0.5733,-0.5793,-0.5847,-0.5898,-0.5945,-0.5992,-0.6037,-0.608,-0.6122,-0.6162,-0.8126,-0.8112,-0.8082,-0.803,-0.7949,-0.7839,-0.7716,-0.7615,-0.7571,-0.758,-0.7596,-0.756,-0.7437,-0.7212,-0.6883,-0.6461,-0.5973,-0.5487,-0.5102,-0.4898,-0.4882,-0.499,-0.5144,-0.5298,-0.5431,-0.5541,-0.5631,-0.5708,-0.5775,-0.5836,-0.5893,-0.5948,-0.6,-0.6051,-0.6099,-0.6145,-0.8165,-0.8153,-0.8124,-0.8063,-0.7953,-0.778,-0.7561,-0.7373,-0.7325,-0.7434,-0.7583,-0.7642,-0.7554,-0.7312,-0.6914,-0.6357,-0.5659,-0.4914,-0.4327,-0.4099,-0.4222,-0.4517,-0.4824,-0.5079,-0.5274,-0.5421,-0.5535,-0.5627,-0.5706,-0.5777,-0.5844,-0.5907,-0.5968,-0.6026,-0.6082,-0.6134,-0.8193,-0.8185,-0.8161,-0.8102,-0.7964,-0.7695,-0.7276,-0.6846,-0.6742,-0.7087,-0.7531,-0.7764,-0.7737,-0.7485,-0.7018,-0.6302,-0.529,-0.4066,-0.306,-0.2835,-0.3313,-0.3967,-0.4503,-0.488,-0.5137,-0.5317,-0.5449,-0.5554,-0.5643,-0.5723,-0.5798,-0.5871,-0.5941,-0.6008,-0.6071,-0.6131,-0.8198,-0.8191,-0.8181,-0.8146,-0.8017,-0.7661,-0.6913,-0.5878,-0.5529,-0.6467,-0.7507,-0.7987,-0.8019,-0.7763,-0.7255,-0.6402,-0.5017,-0.3004,-0.1125,-0.1007,-0.2263,-0.3472,-0.4262,-0.4742,-0.5039,-0.5236,-0.5377,-0.5489,-0.5585,-0.5673,-0.5758,-0.5841,-0.5921,-0.5998,-0.607,-0.6137,-0.8165,-0.8143,-0.8143,-0.8165,-0.8137,-0.7842,-0.6879,-0.5006,-0.4122,-0.6086,-0.781,-0.8414,-0.8426,-0.8166,-0.7683,-0.6817,-0.5225,-0.2513,0.0446,0.0373,-0.173,-0.3317,-0.4205,-0.4697,-0.499,-0.518,-0.5319,-0.5432,-0.5533,-0.5629,-0.5724,-0.5818,-0.5911,-0.5999,-0.6081,-0.6156,-0.8072,-0.7989,-0.7951,-0.8034,-0.8239,-0.8332,-0.7832,-0.6428,-0.5795,-0.7548,-0.8851,-0.9106,-0.8935,-0.8676,-0.8346,-0.7662,-0.6224,-0.3811,-0.1248,-0.1044,-0.2505,-0.368,-0.4356,-0.4742,-0.4981,-0.5145,-0.5272,-0.5382,-0.5486,-0.559,-0.5697,-0.5806,-0.5912,-0.6015,-0.6109,-0.6192,-0.7917,-0.7682,-0.7448,-0.745,-0.7981,-0.8845,-0.9443,-0.9628,-1.0005,-1.061,-1.0519,-0.9945,-0.9436,-0.9222,-0.9299,-0.9018,-0.7667,-0.579,-0.4176,-0.3584,-0.3845,-0.4267,-0.4592,-0.4819,-0.4986,-0.5118,-0.523,-0.5335,-0.5443,-0.5557,-0.5679,-0.5806,-0.5932,-0.6051,-0.6159,-0.6252,-0.7745,-0.7253,-0.6519,-0.5932,-0.6723,-0.8932,-1.0913,-1.2423,-1.402,-1.4374,-1.2454,-1.0671,-0.9753,-0.961,-1.0558,-1.1115,-0.8881,-0.6858,-0.5582,-0.4908,-0.4671,-0.4662,-0.4744,-0.4858,-0.4979,-0.5093,-0.5195,-0.5294,-0.5403,-0.5529,-0.5672,-0.5824,-0.5975,-0.6116,-0.624,-0.6343,-0.7672,-0.6957,-0.5601,-0.3759,-0.4448,-0.883,-1.2283,-1.4413,-1.7435,-1.8936,-1.3934,-1.0918,-0.9768,-0.9565,-1.0404,-1.1159,-0.8646,-0.6733,-0.5725,-0.518,-0.487,-0.4732,-0.4731,-0.4825,-0.4963,-0.5089,-0.518,-0.5263,-0.5368,-0.5509,-0.5681,-0.5868,-0.6055,-0.6224,-0.6367,-0.6477,-0.781,-0.7157,-0.5902,-0.4211,-0.5146,-1.0045,-1.4071,-1.6031,-1.659,-1.6777,-1.3051,-1.0496,-0.96,-0.9632,-0.9329,-0.8538,-0.7044,-0.5732,-0.5219,-0.4917,-0.4649,-0.451,-0.4546,-0.4738,-0.4996,-0.5176,-0.5228,-0.5252,-0.5335,-0.5495,-0.5712,-0.5954,-0.6191,-0.6396,-0.6558,-0.6671,-0.8136,-0.7808,-0.7329,-0.7137,-0.8576,-1.1891,-1.538,-1.7753,-1.6512,-1.3908,-1.1411,-0.9903,-0.938,-0.9721,-0.9192,-0.7088,-0.5292,-0.4931,-0.4892,-0.4461,-0.4122,-0.4001,-0.4179,-0.4628,-0.52,-0.5496,-0.5387,-0.5254,-0.5293,-0.5488,-0.578,-0.6107,-0.6416,-0.6667,-0.6844,-0.6948,-0.8501,-0.8487,-0.8576,-0.9061,-1.0341,-1.24,-1.471,-1.6467,-1.5492,-1.245,-1.0344,-0.9684,-0.9511,-0.807,-0.7459,-0.4207,-0.148,-0.3317,-0.4057,-0.363,-0.3131,-0.3039,-0.3522,-0.4399,-0.5474,-0.5956,-0.5537,-0.5189,-0.5205,-0.5485,-0.591,-0.6375,-0.6789,-0.7094,-0.7272,-0.7339,-0.8779,-0.8935,-0.9231,-0.9789,-1.0702,-1.1886,-1.3035,-1.3547,-1.2604,-1.0711,-0.9396,-0.8944,-0.822,-0.7019,-0.6055,0.1701,1.0045,0.1201,-0.2287,-0.2253,-0.1092,-0.114,-0.2396,-0.3751,-0.4979,-0.5537,-0.5178,-0.4881,-0.5019,-0.5494,-0.6155,-0.6845,-0.7413,-0.7769,-0.7905,-0.7881,-0.8929,-0.9137,-0.9447,-0.9895,-1.0473,-1.1084,-1.1513,-1.1443,-1.0653,-0.9405,-0.8346,-0.8812,-0.85,-0.7546,-0.5642,0.0705,0.6413,0.0602,-0.2229,-0.0956,0.2904,0.1986,-0.1078,-0.2842,-0.3776,-0.4162,-0.4136,-0.4211,-0.469,-0.5539,-0.6609,-0.7674,-0.8468,-0.8834,-0.8827,-0.8604,-0.8966,-0.9164,-0.942,-0.9733,-1.007,-1.0354,-1.0458,-1.025,-0.9696,-0.895,-0.835,-0.8559,-0.9008,-0.8984,-0.6674,-0.3988,-0.2407,-0.3641,-0.4493,-0.192,0.3353,0.2283,-0.0875,-0.2278,-0.2617,-0.2513,-0.2542,-0.3107,-0.4185,-0.5653,-0.7405,-0.9121,-1.0241,-1.0481,-1.0103,-0.9503,-0.8924,-0.9088,-0.9277,-0.9479,-0.9663,-0.9778,-0.976,-0.9564,-0.9212,-0.8816,-0.8552,-0.8552,-0.9047,-0.8997,-0.7378,-0.6326,-0.5603,-0.6762,-0.8468,-0.5182,-0.1948,-0.1209,-0.1888,-0.2098,-0.1401,-0.0174,0.0022,-0.1456,-0.3523,-0.5856,-0.8641,-1.1482,-1.3057,-1.2811,-1.1665,-1.0472,-0.8833,-0.8958,-0.9088,-0.9211,-0.9303,-0.9334,-0.9275,-0.9115,-0.8879,-0.8626,-0.8425,-0.8315,-0.826,-0.7956,-0.7692,-0.7721,-0.668,-0.6974,-0.762,-0.5948,-0.4409,-0.3312,-0.2787,-0.204,-0.0162,0.3174,0.3869,0.0289,-0.3003,-0.6081,-1.0,-1.4452,-1.6546,-1.5292,-1.3068,-1.1236,-0.8715,-0.8805,-0.889,-0.8959,-0.8996,-0.8985,-0.8912,-0.8778,-0.8597,-0.8399,-0.8208,-0.8029,-0.7833,-0.7601,-0.7579,-0.753,-0.6767,-0.635,-0.6039,-0.5901,-0.5073,-0.4059,-0.3274,-0.2271,-0.0229,0.3606,0.4456,-0.0176,-0.3224,-0.6128,-1.0317,-1.5609,-1.7987,-1.6168,-1.3484,-1.1438,-0.8586,-0.8647,-0.8698,-0.873,-0.8734,-0.87,-0.8623,-0.8503,-0.8349,-0.8173,-0.7986,-0.7788,-0.7575,-0.7362,-0.7194,-0.6955,-0.6515,-0.6099,-0.583,-0.5605,-0.4919,-0.408,-0.3468,-0.2822,-0.1835,-0.1255,-0.2825,-0.3232,-0.4051,-0.5883,-0.8964,-1.3027,-1.5222,-1.4381,-1.2542,-1.0949,-0.8455,-0.8493,-0.8518,-0.8526,-0.8509,-0.8462,-0.8382,-0.8269,-0.8129,-0.7967,-0.7786,-0.759,-0.7378,-0.7159,-0.6929,-0.6653,-0.6305,-0.5938,-0.5591,-0.5163,-0.444,-0.3591,-0.3268,-0.3225,-0.3066,-0.3558,-0.4832,-0.4477,-0.4677,-0.5513,-0.7221,-0.9664,-1.1397,-1.1602,-1.0906,-1.0028,-0.8327,-0.8346,-0.8353,-0.8344,-0.8313,-0.8258,-0.8176,-0.8068,-0.7937,-0.7784,-0.7612,-0.7422,-0.7216,-0.6995,-0.6753,-0.6477,-0.616,-0.5809,-0.5413,-0.4889,-0.4104,-0.3174,-0.2959,-0.3352,-0.3584,-0.3919,-0.4358,-0.4657,-0.5012,-0.521,-0.6124,-0.76,-0.886,-0.9421,-0.938,-0.9044,-0.8205,-0.821,-0.8203,-0.8181,-0.8141,-0.8081,-0.7998,-0.7894,-0.7769,-0.7624,-0.746,-0.7279,-0.7081,-0.6865,-0.6628,-0.6363,-0.6066,-0.5729,-0.5336,-0.4838,-0.4198,-0.3559,-0.3373,-0.3625,-0.3889,-0.4144,-0.4454,-0.482,-0.5049,-0.5159,-0.5725,-0.6641,-0.7507,-0.8057,-0.8258,-0.8216]}]