docs/data/wind_grid.json
[{"header":{"la1":42.85,"la2":41.18,"lo1":11.55,"lo2":14.05,"nx":36,"ny":24,"dx":0.07143,"dy":0.07261,"parameterCategory":2,"parameterNumber":2,"parameterNumberName":"eastward_wind","parameterUnit":"m.s-1"},"data":[-0.606,-0.616,-0.627,-0.6388,-0.6508,-0.6618,-0.6705,-0.6752,-0.6752,-0.6709,-0.6641,-0.6574,-0.6531,-0.6527,-0.6564,-0.6638,-0.6732,-0.6828,-0.69,-0.6934,-0.6922,-0.6868,-0.6785,-0.6684,-0.6577,-0.647,-0.6367,-0.6271,-0.6182,-0.6101,-0.6027,-0.5961,-0.59,-0.5845,-0.5795,-0.575,-0.6089,-0.6208,-0.6345,-0.65,-0.6666,-0.6829,-0.6964,-0.7039,-0.7031,-0.6944,-0.6814,-0.6687,-0.6603,-0.6585,-0.6636,-0.6747,-0.6895,-0.7047,-0.7161,-0.721,-0.7183,-0.7096,-0.697,-0.6829,-0.6686,-0.655,-0.6425,-0.6312,-0.621,-0.6119,-0.6038,-0.5965,-0.59,-0.5841,-0.5789,-0.5741,-0.6111,-0.625,-0.6418,-0.6619,-0.6852,-0.7102,-0.7329,-0.7467,-0.7455,-0.7291,-0.7045,-0.6812,-0.6661,-0.6621,-0.6694,-0.6864,-0.71,-0.7346,-0.7531,-0.7597,-0.7535,-0.7383,-0.7189,-0.6988,-0.6799,-0.6629,-0.6478,-0.6347,-0.6231,-0.613,-0.6042,-0.5963,-0.5894,-0.5832,-0.5777,-0.5728,-0.6118,-0.6275,-0.6475,-0.6731,-0.7055,-0.7443,-0.7845,-0.8132,-0.8138,-0.7824,-0.7356,-0.694,-0.6685,-0.6616,-0.6722,-0.6981,-0.7357,-0.7768,-0.8077,-0.8159,-0.8012,-0.7738,-0.7434,-0.7152,-0.6907,-0.6698,-0.6521,-0.6371,-0.6243,-0.6133,-0.6038,-0.5955,-0.5882,-0.5817,-0.576,-0.571,-0.6106,-0.6275,-0.65,-0.6807,-0.7235,-0.782,-0.8543,-0.9184,-0.9283,-0.8652,-0.7746,-0.703,-0.6638,-0.654,-0.6692,-0.7071,-0.7656,-0.8351,-0.8891,-0.8974,-0.8631,-0.814,-0.768,-0.73,-0.6995,-0.6748,-0.6547,-0.6382,-0.6243,-0.6126,-0.6025,-0.5939,-0.5863,-0.5796,-0.5738,-0.5686,-0.607,-0.6241,-0.6474,-0.6809,-0.7315,-0.8108,-0.9306,-1.0698,-1.1112,-0.979,-0.809,-0.6982,-0.6461,-0.6355,-0.6569,-0.7082,-0.7918,-0.9035,-0.9981,-1.0014,-0.9298,-0.8501,-0.7871,-0.7401,-0.7046,-0.677,-0.6551,-0.6374,-0.6228,-0.6106,-0.6003,-0.5914,-0.5836,-0.5768,-0.5709,-0.5657,-0.601,-0.617,-0.6387,-0.6703,-0.7201,-0.8056,-0.9582,-1.1868,-1.2846,-1.0483,-0.7959,-0.6627,-0.6095,-0.6034,-0.632,-0.6938,-0.7949,-0.9398,-1.0745,-1.0704,-0.9645,-0.8651,-0.7938,-0.7426,-0.7046,-0.6755,-0.6527,-0.6345,-0.6197,-0.6074,-0.597,-0.588,-0.5801,-0.5733,-0.5673,-0.562,-0.5933,-0.607,-0.6249,-0.6498,-0.6872,-0.7502,-0.8641,-1.0413,-1.1082,-0.8935,-0.6877,-0.5882,-0.5529,-0.5569,-0.5935,-0.6622,-0.7635,-0.8931,-1.0069,-1.0113,-0.9322,-0.8504,-0.7861,-0.737,-0.6992,-0.6701,-0.6474,-0.6295,-0.615,-0.603,-0.5927,-0.5837,-0.5758,-0.5689,-0.5628,-0.5576,-0.5845,-0.5957,-0.6093,-0.6257,-0.6458,-0.6709,-0.7014,-0.7238,-0.6852,-0.5865,-0.5201,-0.4916,-0.483,-0.4969,-0.5424,-0.6223,-0.7263,-0.8305,-0.9022,-0.9153,-0.8794,-0.8249,-0.7712,-0.7254,-0.689,-0.6609,-0.6393,-0.6225,-0.6089,-0.5974,-0.5875,-0.5786,-0.5706,-0.5636,-0.5574,-0.5522,-0.5756,-0.585,-0.5955,-0.6064,-0.6155,-0.6164,-0.5935,-0.5144,-0.3628,-0.2896,-0.3591,-0.4028,-0.4089,-0.4209,-0.4752,-0.5836,-0.7252,-0.8524,-0.9181,-0.9162,-0.8725,-0.8136,-0.7569,-0.7101,-0.6743,-0.648,-0.6286,-0.6138,-0.6017,-0.5912,-0.5816,-0.5727,-0.5645,-0.5572,-0.5509,-0.5457,-0.5672,-0.5756,-0.5854,-0.5963,-0.6067,-0.6117,-0.5931,-0.4845,-0.1389,0.0212,-0.2563,-0.3467,-0.3342,-0.3154,-0.3759,-0.5456,-0.7902,-1.0229,-1.1075,-1.0365,-0.9196,-0.8175,-0.7416,-0.6892,-0.6543,-0.6314,-0.6159,-0.6043,-0.5943,-0.5848,-0.5754,-0.566,-0.5572,-0.5493,-0.5428,-0.5376,-0.559,-0.5673,-0.5782,-0.5927,-0.6135,-0.6448,-0.6898,-0.6998,-0.4118,-0.1786,-0.3071,-0.3329,-0.2682,-0.165,-0.2313,-0.5124,-0.9527,-1.4775,-1.5717,-1.2595,-0.9822,-0.8105,-0.7115,-0.6565,-0.6271,-0.6114,-0.6023,-0.5954,-0.588,-0.5792,-0.5691,-0.5585,-0.5483,-0.5394,-0.5325,-0.5275,-0.5505,-0.5588,-0.5705,-0.5883,-0.6179,-0.6706,-0.7659,-0.8845,-0.7588,-0.4867,-0.3862,-0.3514,-0.2822,-0.1045,-0.1611,-0.5438,-1.1429,-2.196,-2.2091,-1.4186,-0.9673,-0.748,-0.647,-0.6053,-0.5917,-0.5897,-0.5906,-0.5896,-0.5846,-0.5754,-0.5631,-0.5495,-0.5367,-0.5262,-0.5188,-0.5144,-0.5412,-0.5486,-0.5596,-0.5768,-0.6053,-0.6535,-0.7297,-0.8115,-0.7318,-0.5111,-0.3936,-0.3759,-0.3629,-0.2202,-0.3459,-0.713,-1.1748,-1.7235,-1.7628,-1.177,-0.7725,-0.5883,-0.5341,-0.5344,-0.552,-0.5714,-0.5857,-0.5912,-0.5872,-0.5748,-0.557,-0.5376,-0.5202,-0.5075,-0.5,-0.4971,-0.5309,-0.5365,-0.5448,-0.5574,-0.5764,-0.6034,-0.6337,-0.6385,-0.5596,-0.4235,-0.3409,-0.3437,-0.3259,-0.2947,-0.4513,-1.0668,-1.6398,-1.2383,-1.0239,-0.6989,-0.3984,-0.3189,-0.3796,-0.4559,-0.5193,-0.5668,-0.5963,-0.6066,-0.5993,-0.5784,-0.5495,-0.5195,-0.4949,-0.4795,-0.4735,-0.4743,-0.5199,-0.5231,-0.5276,-0.5337,-0.5413,-0.5478,-0.5452,-0.5159,-0.4413,-0.3229,-0.1784,-0.3512,-0.3536,-0.3517,-0.4887,-0.9546,-1.361,-0.9338,-0.5945,-0.2933,0.0533,-0.0048,-0.2365,-0.4002,-0.5133,-0.5916,-0.635,-0.6443,-0.6255,-0.5867,-0.5371,-0.4886,-0.4532,-0.4367,-0.4362,-0.4446,-0.5087,-0.5093,-0.51,-0.5103,-0.509,-0.5028,-0.486,-0.4502,-0.3888,-0.2991,-0.1973,-0.2832,-0.3228,-0.3222,-0.3943,-0.5345,-0.604,-0.3959,-0.1758,-0.0932,0.122,0.0457,-0.2052,-0.4021,-0.5554,-0.6663,-0.7187,-0.7138,-0.6692,-0.5986,-0.5135,-0.434,-0.3843,-0.3723,-0.3857,-0.4085,-0.4979,-0.4963,-0.4939,-0.49,-0.4832,-0.4713,-0.451,-0.4195,-0.3762,-0.3276,-0.2958,-0.303,-0.3053,-0.2927,-0.2216,-0.1892,-0.2103,0.0457,0.3183,0.0547,-0.0434,-0.1176,-0.2737,-0.4604,-0.6526,-0.8085,-0.8614,-0.8182,-0.7301,-0.6127,-0.4726,-0.3439,-0.2788,-0.2851,-0.326,-0.3705,-0.4881,-0.4847,-0.4801,-0.4736,-0.4642,-0.4505,-0.4312,-0.4056,-0.3753,-0.3452,-0.3226,-0.3068,-0.2803,-0.1952,0.0867,0.2004,-0.0262,0.0828,0.2294,0.0955,-0.0478,-0.1859,-0.3388,-0.5312,-0.7674,-0.9863,-1.0301,-0.9286,-0.7975,-0.6316,-0.4251,-0.2338,-0.1584,-0.1984,-0.2743,-0.341,-0.4794,-0.4748,-0.4688,-0.461,-0.4506,-0.437,-0.4197,-0.3987,-0.3754,-0.3518,-0.3289,-0.3021,-0.2556,-0.1485,0.0642,0.1329,-0.0119,0.0072,0.1301,0.1743,-0.0274,-0.2131,-0.3752,-0.5673,-0.8115,-1.0306,-1.0701,-0.9942,-0.8617,-0.6671,-0.4196,-0.1922,-0.1126,-0.1691,-0.2589,-0.3331,-0.4721,-0.4666,-0.4599,-0.4516,-0.4411,-0.4283,-0.4128,-0.395,-0.3754,-0.3544,-0.3312,-0.3017,-0.2565,-0.184,-0.0957,-0.0615,-0.0801,-0.0533,0.0293,0.0411,-0.1055,-0.2601,-0.3844,-0.5505,-0.7868,-1.0139,-1.1654,-1.1105,-0.9334,-0.7216,-0.4868,-0.284,-0.2001,-0.2274,-0.292,-0.3513,-0.466,-0.4601,-0.4531,-0.4447,-0.4346,-0.4227,-0.4089,-0.3933,-0.376,-0.357,-0.3351,-0.3082,-0.2729,-0.2287,-0.1854,-0.1602,-0.1495,-0.131,-0.1097,-0.1328,-0.2212,-0.3029,-0.3471,-0.4837,-0.7374,-1.0413,-1.2769,-1.1832,-0.9663,-0.7623,-0.5723,-0.4184,-0.3371,-0.3271,-0.3533,-0.3871,-0.4611,-0.4551,-0.4481,-0.4398,-0.4303,-0.4193,-0.4069,-0.393,-0.3777,-0.3607,-0.3414,-0.319,-0.2928,-0.2643,-0.2382,-0.2196,-0.2081,-0.2008,-0.2039,-0.2328,-0.2846,-0.3089,-0.3069,-0.4258,-0.6567,-0.9093,-1.0712,-1.0429,-0.9083,-0.76,-0.6235,-0.513,-0.4432,-0.415,-0.4147,-0.4269,-0.4573,-0.4513,-0.4444,-0.4366,-0.4277,-0.4176,-0.4064,-0.3941,-0.3806,-0.3657,-0.3494,-0.3313,-0.3119,-0.2924,-0.2751,-0.2623,-0.255,-0.2544,-0.2638,-0.2868,-0.3161,-0.3309,-0.3486,-0.4384,-0.5954,-0.7584,-0.8629,-0.8729,-0.813,-0.7259,-0.6371,-0.5608,-0.5059,-0.4745,-0.462,-0.4611]},{"header":{"la1":42.85,"la2":41.18,"lo1":11.55,"lo2":14.05,"nx":36,"ny":24,"dx":0.07143,"dy":0.07261,"parameterCategory":2,"parameterNumber":3,"parameterNumberName":"northward_wind","parameterUnit":"m.s-1"},"data":[-0.8316,-0.8253,-0.8171,-0.8069,-0.795,-0.7821,-0.7692,-0.7573,-0.7467,-0.7369,-0.7262,-0.7128,-0.6951,-0.6725,-0.6453,-0.6148,-0.5835,-0.5545,-0.5311,-0.5157,-0.5088,-0.5094,-0.5151,-0.5239,-0.5341,-0.5447,-0.5553,-0.5655,-0.5755,-0.5851,-0.5943,-0.6033,-0.6119,-0.6202,-0.628,-0.6355,-0.8415,-0.8347,-0.8252,-0.8127,-0.7976,-0.7808,-0.7642,-0.75,-0.7396,-0.7323,-0.7248,-0.7136,-0.6957,-0.6701,-0.6368,-0.5977,-0.556,-0.517,-0.4865,-0.4688,-0.4646,-0.4709,-0.4834,-0.4984,-0.5138,-0.5285,-0.5422,-0.555,-0.5669,-0.5782,-0.589,-0.5992,-0.6091,-0.6184,-0.6272,-0.6355,-0.8531,-0.8459,-0.8349,-0.8194,-0.7994,-0.7758,-0.7519,-0.7327,-0.7226,-0.7207,-0.7208,-0.7152,-0.6988,-0.67,-0.629,-0.5777,-0.5201,-0.4646,-0.4225,-0.4025,-0.405,-0.4226,-0.4464,-0.4706,-0.4928,-0.5123,-0.5294,-0.5448,-0.5588,-0.5719,-0.5842,-0.5959,-0.607,-0.6175,-0.6273,-0.6364,-0.8669,-0.8596,-0.8473,-0.8283,-0.8012,-0.7662,-0.7276,-0.6963,-0.6853,-0.6958,-0.7124,-0.7184,-0.706,-0.6743,-0.624,-0.5559,-0.474,-0.3901,-0.3272,-0.3058,-0.3243,-0.3633,-0.4053,-0.442,-0.4722,-0.4969,-0.5175,-0.5354,-0.5515,-0.5663,-0.5802,-0.5934,-0.6059,-0.6176,-0.6286,-0.6386,-0.8832,-0.8769,-0.8642,-0.8422,-0.8067,-0.7542,-0.687,-0.6252,-0.608,-0.6468,-0.6989,-0.7261,-0.7204,-0.686,-0.6253,-0.5369,-0.4196,-0.2862,-0.1832,-0.1639,-0.2192,-0.2968,-0.3647,-0.4162,-0.4544,-0.4836,-0.5071,-0.5272,-0.5451,-0.5617,-0.5773,-0.5921,-0.6061,-0.6192,-0.6313,-0.6423,-0.9025,-0.8986,-0.8877,-0.8652,-0.8234,-0.751,-0.638,-0.5067,-0.4644,-0.5686,-0.6891,-0.7458,-0.7461,-0.7081,-0.6382,-0.5308,-0.3726,-0.1641,0.0133,0.0212,-0.1054,-0.2385,-0.3343,-0.398,-0.4415,-0.4734,-0.4987,-0.5203,-0.5398,-0.5581,-0.5756,-0.5922,-0.6078,-0.6225,-0.6359,-0.6479,-0.9246,-0.9252,-0.9194,-0.9017,-0.8623,-0.7826,-0.6321,-0.4076,-0.3134,-0.5224,-0.7191,-0.7907,-0.7866,-0.7421,-0.6666,-0.5512,-0.3711,-0.1032,0.1547,0.1473,-0.0495,-0.2195,-0.3262,-0.3917,-0.435,-0.4666,-0.4921,-0.5147,-0.5357,-0.5558,-0.5753,-0.594,-0.6116,-0.628,-0.6428,-0.656,-0.9487,-0.9558,-0.9587,-0.9529,-0.9299,-0.8732,-0.7545,-0.5652,-0.49,-0.6832,-0.8363,-0.8688,-0.8407,-0.7856,-0.7089,-0.6009,-0.4413,-0.2115,0.0121,0.0226,-0.1261,-0.2589,-0.3435,-0.3968,-0.4335,-0.462,-0.4867,-0.5098,-0.5324,-0.5547,-0.5767,-0.5979,-0.618,-0.6365,-0.6529,-0.6671,-0.9733,-0.9883,-1.0025,-1.0138,-1.018,-1.0083,-0.978,-0.9409,-0.959,-1.0233,-1.0228,-0.9659,-0.8983,-0.8316,-0.7569,-0.6623,-0.5408,-0.3958,-0.2675,-0.2291,-0.2711,-0.3277,-0.3725,-0.4058,-0.4328,-0.4572,-0.4809,-0.5049,-0.5297,-0.5549,-0.5802,-0.6048,-0.6279,-0.6488,-0.667,-0.6822,-0.9961,-1.0192,-1.0454,-1.0753,-1.1085,-1.1451,-1.188,-1.2567,-1.3761,-1.4016,-1.2239,-1.0499,-0.9432,-0.874,-0.8044,-0.7147,-0.6114,-0.5124,-0.4334,-0.3871,-0.3737,-0.3792,-0.3923,-0.4087,-0.4277,-0.4492,-0.473,-0.4992,-0.5273,-0.5567,-0.5865,-0.6155,-0.6425,-0.6664,-0.6866,-0.7027,-1.0149,-1.0449,-1.0817,-1.1276,-1.1854,-1.2568,-1.3392,-1.4396,-1.6761,-1.7975,-1.3642,-1.082,-0.9645,-0.9173,-0.8577,-0.7512,-0.6348,-0.548,-0.4905,-0.4449,-0.4113,-0.3934,-0.3899,-0.3976,-0.4134,-0.4352,-0.4616,-0.4917,-0.525,-0.5605,-0.5967,-0.6318,-0.6639,-0.6914,-0.7135,-0.73,-1.0276,-1.0623,-1.1062,-1.1631,-1.238,-1.3356,-1.449,-1.5313,-1.5885,-1.6125,-1.2826,-1.0468,-0.9672,-0.9799,-0.9345,-0.7647,-0.6057,-0.5357,-0.5048,-0.4506,-0.3997,-0.3687,-0.3595,-0.3676,-0.3871,-0.4137,-0.4454,-0.4819,-0.5229,-0.5671,-0.6124,-0.6561,-0.695,-0.7268,-0.7506,-0.7665,-1.0329,-1.0693,-1.1156,-1.1762,-1.2574,-1.3673,-1.5071,-1.6045,-1.5639,-1.3552,-1.1324,-0.9931,-0.9504,-1.0129,-0.9712,-0.6949,-0.4987,-0.5429,-0.5402,-0.4244,-0.3417,-0.2994,-0.2953,-0.316,-0.3477,-0.3839,-0.4239,-0.4693,-0.5209,-0.5777,-0.6365,-0.6923,-0.7405,-0.7774,-0.8019,-0.8151,-1.0307,-1.0657,-1.1095,-1.1656,-1.2389,-1.3352,-1.4553,-1.5722,-1.4907,-1.2292,-1.0394,-0.9722,-0.9532,-0.8179,-0.7629,-0.4062,-0.1159,-0.3447,-0.4209,-0.3152,-0.2054,-0.1592,-0.1863,-0.2421,-0.2971,-0.3466,-0.3961,-0.4524,-0.5187,-0.5941,-0.6729,-0.7471,-0.808,-0.8501,-0.8728,-0.8794,-1.0218,-1.0529,-1.0904,-1.136,-1.191,-1.2547,-1.3172,-1.34,-1.2515,-1.0858,-0.9691,-0.915,-0.8345,-0.6998,-0.6155,0.1957,1.0352,0.1605,-0.1785,-0.1132,0.0869,0.1107,-0.0255,-0.1554,-0.2422,-0.3023,-0.3584,-0.4269,-0.5142,-0.6178,-0.7284,-0.8309,-0.9096,-0.9556,-0.9706,-0.9633,-1.0076,-1.0334,-1.0628,-1.0958,-1.131,-1.1634,-1.1812,-1.162,-1.0886,-0.9871,-0.9202,-0.895,-0.8791,-0.7983,-0.5951,0.0818,0.6741,0.1027,-0.1509,0.0826,0.6264,0.5211,0.1342,-0.0888,-0.1931,-0.2463,-0.2993,-0.3824,-0.5021,-0.6509,-0.8129,-0.9611,-1.0645,-1.1086,-1.1031,-1.0691,-0.9901,-1.0102,-1.0317,-1.0535,-1.0731,-1.0858,-1.0837,-1.0582,-1.0091,-0.9534,-0.92,-0.9229,-1.0498,-1.0961,-0.7506,-0.4258,-0.2354,-0.3405,-0.3974,-0.0339,0.6817,0.5486,0.125,-0.0845,-0.1495,-0.1551,-0.189,-0.2992,-0.4746,-0.6947,-0.9397,-1.1627,-1.2986,-1.3241,-1.2736,-1.1937,-0.971,-0.9859,-1.0007,-1.014,-1.0235,-1.0262,-1.0181,-0.9974,-0.9674,-0.939,-0.9262,-0.9502,-1.0883,-1.1038,-0.8395,-0.6915,-0.5816,-0.666,-0.8237,-0.4555,-0.0401,0.0539,-0.0613,-0.1303,-0.0863,0.0268,0.0307,-0.1568,-0.431,-0.7496,-1.1153,-1.4549,-1.6268,-1.5982,-1.467,-1.3216,-0.9514,-0.9621,-0.9717,-0.9791,-0.9828,-0.9809,-0.9719,-0.9562,-0.9368,-0.9195,-0.9112,-0.9194,-0.94,-0.9083,-0.8621,-0.8627,-0.7101,-0.698,-0.7484,-0.5793,-0.3974,-0.2701,-0.2321,-0.1839,-0.0092,0.3252,0.3893,-0.0066,-0.4084,-0.8083,-1.2987,-1.7791,-1.9759,-1.858,-1.6297,-1.42,-0.9324,-0.9396,-0.9454,-0.949,-0.9492,-0.9453,-0.9367,-0.9241,-0.9093,-0.8953,-0.8844,-0.8767,-0.8656,-0.8432,-0.8425,-0.8354,-0.7234,-0.6502,-0.6129,-0.602,-0.5068,-0.4032,-0.3383,-0.2594,-0.0681,0.3366,0.4227,-0.1348,-0.4908,-0.8518,-1.3651,-1.9,-2.1026,-1.9451,-1.6816,-1.4515,-0.9144,-0.919,-0.922,-0.923,-0.9212,-0.9162,-0.9079,-0.8968,-0.8838,-0.8702,-0.8566,-0.842,-0.8243,-0.8038,-0.7859,-0.7546,-0.6923,-0.6325,-0.5977,-0.575,-0.5126,-0.4447,-0.4022,-0.3618,-0.3111,-0.3504,-0.685,-0.6895,-0.67,-0.8675,-1.2567,-1.6824,-1.8744,-1.7882,-1.5925,-1.4035,-0.8977,-0.9002,-0.9012,-0.9004,-0.8973,-0.8917,-0.8835,-0.873,-0.8607,-0.8469,-0.8318,-0.8148,-0.7951,-0.7728,-0.7472,-0.7132,-0.6685,-0.6225,-0.584,-0.5454,-0.4904,-0.4355,-0.4181,-0.429,-0.4876,-0.7194,-1.0551,-0.9315,-0.7852,-0.8616,-1.0964,-1.3671,-1.524,-1.52,-1.422,-1.3015,-0.8822,-0.8831,-0.8827,-0.8807,-0.8767,-0.8706,-0.8624,-0.8521,-0.8401,-0.8263,-0.8107,-0.793,-0.7728,-0.7497,-0.723,-0.6912,-0.6544,-0.6154,-0.5763,-0.5324,-0.4756,-0.4157,-0.403,-0.4458,-0.5321,-0.6905,-0.8406,-0.8337,-0.7903,-0.8385,-0.9738,-1.1347,-1.248,-1.2797,-1.2472,-1.1844,-0.868,-0.8677,-0.8662,-0.8633,-0.8586,-0.8522,-0.844,-0.8339,-0.822,-0.8084,-0.7929,-0.7753,-0.7555,-0.733,-0.7075,-0.6786,-0.6466,-0.6123,-0.5759,-0.5351,-0.4879,-0.4444,-0.4351,-0.4713,-0.5392,-0.6296,-0.7082,-0.741,-0.7582,-0.8054,-0.8906,-0.9892,-1.0676,-1.1057,-1.1045,-1.0777]}]