docs/data/wind_grid.json
[{"header":{"la1":42.85,"la2":41.18,"lo1":11.55,"lo2":14.05,"nx":36,"ny":24,"dx":0.07143,"dy":0.07261,"parameterCategory":2,"parameterNumber":2,"parameterNumberName":"eastward_wind","parameterUnit":"m.s-1"},"data":[1.9424,1.9257,1.9047,1.8798,1.8528,1.8269,1.8064,1.796,1.7988,1.815,1.8413,1.8725,1.9029,1.9273,1.9409,1.9381,1.9125,1.8565,1.7652,1.6423,1.5066,1.3899,1.3225,1.3142,1.3524,1.4152,1.4844,1.5493,1.6058,1.6529,1.6917,1.7234,1.7495,1.771,1.789,1.8042,1.9514,1.9323,1.9061,1.8723,1.8328,1.792,1.7572,1.7373,1.7392,1.7638,1.8052,1.8539,1.9015,1.9415,1.9689,1.9772,1.9567,1.8922,1.7676,1.578,1.3517,1.1561,1.0605,1.0795,1.1728,1.2905,1.4021,1.496,1.5711,1.6298,1.6758,1.712,1.7409,1.7643,1.7835,1.7995,1.9677,1.9476,1.9161,1.8711,1.8132,1.7478,1.6866,1.6469,1.6449,1.6839,1.7508,1.827,1.899,1.9602,2.0074,2.0357,2.0332,1.9734,1.8139,1.5171,1.112,0.7504,0.616,0.722,0.9357,1.1482,1.3199,1.4485,1.5429,1.6124,1.6643,1.7039,1.7348,1.7593,1.7792,1.7957,1.9944,1.977,1.9426,1.8848,1.801,1.6953,1.5843,1.5015,1.4884,1.5562,1.6709,1.7909,1.896,1.9832,2.0556,2.1153,2.155,2.1386,1.9743,1.5249,0.7521,-0.0009,-0.1647,0.2023,0.6599,1.0141,1.256,1.4176,1.5272,1.6036,1.6587,1.6997,1.7312,1.7561,1.7761,1.7927,2.035,2.028,1.9979,1.9295,1.8119,1.6441,1.4406,1.2587,1.214,1.3511,1.5618,1.75,1.8958,2.0099,2.1086,2.2087,2.3241,2.4369,2.3973,1.8206,0.3622,-1.3244,-1.387,-0.3774,0.447,0.9446,1.2369,1.4148,1.5286,1.6052,1.6594,1.6994,1.7301,1.7543,1.774,1.7902,2.0914,2.1095,2.1015,2.0333,1.8768,1.625,1.2734,0.8733,0.7376,1.0546,1.4458,1.7215,1.9055,2.0399,2.157,2.2923,2.5015,2.8624,3.2737,2.8223,0.6579,-2.1525,-2.0289,-0.4811,0.493,1.0042,1.2829,1.4456,1.5476,1.6162,1.6653,1.7021,1.7307,1.7536,1.7723,1.788,2.1593,2.2264,2.2808,2.2432,2.0408,1.695,1.2062,0.5347,0.2394,0.8413,1.4068,1.7333,1.9337,2.0736,2.1921,2.334,2.5858,3.1388,4.1339,3.9509,1.9341,0.0277,-0.3617,0.3082,0.8655,1.1946,1.3851,1.5013,1.5778,1.6322,1.6733,1.7057,1.7317,1.7529,1.7705,1.7854,2.22,2.359,2.5506,2.6231,2.3276,1.8656,1.3868,0.8594,0.652,1.0795,1.5099,1.7923,1.9811,2.112,2.2132,2.3247,2.5201,2.9163,3.4786,3.329,2.6557,2.0686,1.4436,1.2688,1.3307,1.4248,1.501,1.5592,1.6061,1.6456,1.6793,1.7077,1.7315,1.7513,1.7679,1.782,2.2378,2.4224,2.7761,3.0759,2.5692,1.9941,1.6134,1.3506,1.2667,1.3958,1.6291,1.8628,2.0404,2.1562,2.2265,2.2878,2.4061,2.6027,2.8006,2.8876,3.1886,2.9981,2.2538,1.8227,1.6487,1.5888,1.5774,1.5907,1.617,1.6481,1.6787,1.7059,1.7288,1.7478,1.7636,1.7771,2.1895,2.3151,2.5319,2.6672,2.2767,1.9371,1.6797,1.4832,1.3233,1.3314,1.6214,1.9193,2.1111,2.208,2.2284,2.2284,2.3376,2.4727,2.5894,2.7277,2.9818,2.8581,2.3694,1.9897,1.7558,1.625,1.5705,1.5691,1.5964,1.6333,1.6689,1.6989,1.7228,1.7416,1.7568,1.7699,2.105,2.1268,2.0749,1.8311,1.8195,1.8083,1.6403,1.4507,1.0549,0.8445,1.5511,2.0004,2.214,2.2902,2.2564,2.2314,2.3565,2.4946,2.5694,2.5872,2.5916,2.4809,2.2207,1.923,1.6628,1.4937,1.4412,1.4731,1.5371,1.6003,1.6508,1.6876,1.7135,1.7322,1.7467,1.7593,2.0333,2.0077,1.9225,1.7841,1.7727,1.7308,1.5641,1.4199,1.2901,1.204,1.7521,2.1652,2.3612,2.5035,2.3094,2.3199,2.4552,2.7099,2.7737,2.6108,2.4616,2.2984,2.0579,1.7233,1.3503,1.1178,1.1388,1.2924,1.4458,1.5577,1.6302,1.6745,1.7012,1.7185,1.7317,1.7439,1.9909,1.9598,1.9058,1.8437,1.7936,1.6987,1.521,1.2374,1.5165,1.7067,2.0618,2.4423,2.5157,2.3988,2.1422,2.3128,2.5118,3.19,3.2176,2.6965,2.4341,2.224,1.9338,1.4483,0.7595,0.3668,0.6386,1.0637,1.3576,1.5266,1.6172,1.6629,1.6854,1.6982,1.7089,1.721,1.9712,1.9445,1.9075,1.8635,1.81,1.73,1.6239,1.5815,1.6573,1.8998,2.2183,2.7464,2.8757,2.3963,2.2753,2.2064,2.3955,2.8286,2.9152,2.6114,2.3998,2.2061,1.8955,1.275,0.1816,-0.4528,0.2231,0.9445,1.342,1.5353,1.6211,1.6527,1.6613,1.6651,1.673,1.6869,1.9658,1.9445,1.9175,1.8853,1.847,1.8014,1.7594,1.7585,1.8501,2.0184,2.1782,2.3396,2.3628,2.2029,2.2771,2.2089,2.805,2.6006,2.5604,2.4708,2.3816,2.2586,1.9882,1.4497,0.5605,0.0331,0.5318,1.1258,1.4551,1.5986,1.6406,1.6346,1.6162,1.6071,1.6147,1.6361,1.969,1.9533,1.9348,1.9144,1.8936,1.8764,1.8732,1.9026,1.9764,2.0605,2.0627,2.1189,2.1958,2.2574,2.3004,2.4523,2.7074,2.5258,2.4373,2.4113,2.457,2.3891,2.1434,1.8006,1.3908,1.1617,1.299,1.5356,1.6717,1.6997,1.6566,1.5836,1.5231,1.5024,1.5211,1.5627,1.9771,1.9667,1.9556,1.9452,1.9377,1.9373,1.9504,1.9835,2.0341,2.0765,2.0708,2.1275,2.2197,2.2568,2.2653,2.3258,2.3894,2.3769,2.3534,2.3699,2.4684,2.4119,2.2287,2.0661,1.958,1.9441,1.9843,1.9849,1.9215,1.8019,1.6341,1.4544,1.3348,1.3186,1.3784,1.4645,1.9877,1.9817,1.9764,1.9732,1.974,1.9816,1.9991,2.0278,2.0636,2.0964,2.1224,2.163,2.225,2.235,2.1663,2.1576,2.2408,2.3003,2.3235,2.3081,2.3234,2.3028,2.2455,2.2376,2.351,2.5663,2.6255,2.4238,2.1572,1.8762,1.5418,1.1892,0.9894,1.0294,1.1892,1.3526,1.9989,1.9964,1.9953,1.9966,2.0019,2.0126,2.0299,2.0535,2.0809,2.1081,2.1336,2.1588,2.1741,2.1365,1.9514,1.8723,2.1232,2.2509,2.2859,2.2468,2.2399,2.2318,2.2404,2.3408,2.65,3.2109,3.3375,2.7973,2.3328,1.9235,1.4094,0.8074,0.5138,0.6951,1.0097,1.2626,2.0096,2.0097,2.0113,2.0153,2.0226,2.034,2.0497,2.0691,2.0906,2.112,2.131,2.1441,2.1407,2.0934,1.9655,1.9282,2.0933,2.1912,2.203,2.1948,2.1842,2.1602,2.185,2.3322,2.6904,3.3184,3.4607,2.814,2.3854,1.9811,1.4021,0.6533,0.3049,0.5736,0.9599,1.2452,2.0193,2.0211,2.0245,2.0299,2.0379,2.0488,2.0625,2.0785,2.0955,2.1119,2.1255,2.1329,2.1281,2.1038,2.0666,2.0658,2.1171,2.1615,2.1765,2.1663,2.1035,2.0126,2.0124,2.1821,2.4651,2.685,2.5806,2.5087,2.3575,2.0848,1.6326,1.0401,0.7172,0.8389,1.1008,1.3215,2.0277,2.0307,2.035,2.041,2.0489,2.0589,2.0708,2.084,2.0976,2.1103,2.1204,2.126,2.1247,2.1163,2.1072,2.1098,2.1251,2.1365,2.1287,2.0809,1.9417,1.6973,1.6367,1.9265,2.2458,2.4086,2.3898,2.4024,2.3672,2.235,1.9402,1.5518,1.285,1.247,1.3398,1.4573,2.0349,2.0385,2.0432,2.0493,2.0569,2.0659,2.0761,2.0871,2.098,2.1081,2.1162,2.1212,2.1225,2.1206,2.1184,2.1187,2.1195,2.1125,2.0833,2.0034,1.8084,1.4566,1.3538,1.7444,2.1047,2.2983,2.3662,2.4013,2.473,2.4029,2.1629,1.8807,1.6651,1.5672,1.5619,1.6008,2.0408,2.0447,2.0496,2.0555,2.0625,2.0705,2.0793,2.0885,2.0975,2.1057,2.1124,2.117,2.1193,2.1195,2.1183,2.116,2.1099,2.094,2.0571,1.9787,1.8285,1.6259,1.5845,1.8061,2.0546,2.2179,2.3105,2.3941,2.4876,2.4297,2.2405,2.0343,1.8688,1.7675,1.725,1.7213]},{"header":{"la1":42.85,"la2":41.18,"lo1":11.55,"lo2":14.05,"nx":36,"ny":24,"dx":0.07143,"dy":0.07261,"parameterCategory":2,"parameterNumber":3,"parameterNumberName":"northward_wind","parameterUnit":"m.s-1"},"data":[1.4919,1.4537,1.4046,1.3449,1.2765,1.2038,1.1329,1.0702,1.0196,0.9803,0.9467,0.9113,0.8671,0.8094,0.736,0.6463,0.5409,0.4221,0.2939,0.1643,0.0483,-0.0328,-0.0601,-0.0299,0.0445,0.1426,0.2473,0.3479,0.4395,0.5205,0.5913,0.6528,0.7062,0.7527,0.7935,0.8293,1.5387,1.4982,1.4423,1.3698,1.2824,1.1864,1.0923,1.0131,0.9579,0.9259,0.9062,0.8841,0.848,0.7913,0.7116,0.6082,0.4818,0.3335,0.1654,-0.0168,-0.1931,-0.3208,-0.3555,-0.2901,-0.1589,-0.0046,0.1451,0.2784,0.3927,0.4891,0.5703,0.6389,0.6972,0.7471,0.7901,0.8275,1.5987,1.5584,1.496,1.4075,1.2926,1.1584,1.0225,0.9118,0.8493,0.8357,0.8465,0.8514,0.8314,0.7792,0.6938,0.5755,0.4252,0.2432,0.0265,-0.2323,-0.5194,-0.7474,-0.7932,-0.6459,-0.4062,-0.1631,0.0469,0.2184,0.3562,0.4673,0.5577,0.632,0.6939,0.7461,0.7906,0.8289,1.676,1.641,1.5758,1.4699,1.3165,1.1198,0.9047,0.726,0.648,0.6799,0.7576,0.8139,0.8208,0.7766,0.6859,0.5518,0.375,0.158,-0.1045,-0.4556,-0.9486,-1.4175,-1.4707,-1.1172,-0.6766,-0.308,-0.0292,0.1791,0.337,0.4591,0.5557,0.6335,0.6973,0.7504,0.7953,0.8336,1.7741,1.7546,1.6967,1.5778,1.3768,1.084,0.7184,0.3784,0.2571,0.4087,0.6345,0.7798,0.8232,0.7875,0.6914,0.5412,0.3354,0.0807,-0.2024,-0.593,-1.3964,-2.435,-2.43,-1.6123,-0.8843,-0.39,-0.0581,0.1733,0.3413,0.4678,0.566,0.6441,0.7076,0.76,0.8041,0.8417,1.894,1.9071,1.8784,1.7641,1.517,1.1013,0.4878,-0.2278,-0.4878,-0.0114,0.5102,0.7746,0.8493,0.8146,0.7113,0.5493,0.3155,0.0054,-0.2887,-0.5264,-1.402,-3.0229,-2.9126,-1.7229,-0.8732,-0.3529,-0.0189,0.2089,0.3724,0.4947,0.5891,0.664,0.7247,0.7748,0.8168,0.8527,2.0287,2.0973,2.1378,2.0686,1.7921,1.271,0.4329,-0.7886,-1.3276,-0.3069,0.5193,0.8412,0.9075,0.8538,0.7385,0.5773,0.3427,-0.0156,-0.4032,-0.4362,-0.7805,-1.6412,-1.7666,-1.1574,-0.59,-0.19,0.0867,0.2833,0.4278,0.5376,0.6233,0.6918,0.7476,0.7939,0.8328,0.8661,2.1579,2.2973,2.4582,2.5032,2.2005,1.6276,0.8617,-0.1179,-0.5291,0.211,0.7974,0.9962,0.9921,0.8886,0.7441,0.5982,0.4245,0.1486,-0.168,-0.2336,-0.2396,-0.4086,-0.5729,-0.4582,-0.2073,0.0357,0.2315,0.3827,0.4997,0.5918,0.6656,0.7255,0.7748,0.816,0.851,0.8811,2.2507,2.4353,2.6945,2.8791,2.5352,1.9907,1.4747,1.0547,0.9258,1.0845,1.2032,1.1922,1.0831,0.8946,0.6586,0.5162,0.4772,0.3604,0.1847,0.0607,0.0019,-0.0146,-0.0559,-0.0101,0.1129,0.2538,0.3814,0.4886,0.5774,0.6508,0.7117,0.7622,0.8043,0.8397,0.87,0.8966,2.2916,2.4677,2.6686,2.7718,2.5981,2.2285,1.8945,1.7164,1.7015,1.6959,1.5477,1.3709,1.1727,0.8918,0.3979,0.147,0.4394,0.4773,0.3798,0.2432,0.0999,0.1031,0.1839,0.2624,0.3465,0.4314,0.5111,0.5842,0.6502,0.7081,0.7575,0.799,0.8337,0.863,0.8884,0.9111,2.2922,2.457,2.6687,2.9473,2.8647,2.4012,2.1414,2.0498,2.0376,2.0623,1.7698,1.5067,1.2644,0.9902,0.4932,0.1545,0.4963,0.5063,0.4406,0.4015,0.3575,0.3579,0.4092,0.4649,0.5116,0.5543,0.6018,0.6555,0.7097,0.7587,0.7999,0.8334,0.8607,0.8837,0.9041,0.923,2.2616,2.4116,2.6257,2.898,2.8139,2.4253,2.3113,2.347,2.1878,2.0484,1.8452,1.6266,1.3476,1.0459,0.8893,0.7584,0.6162,0.3084,0.2229,0.4173,0.5302,0.5745,0.6005,0.6093,0.5984,0.5952,0.6306,0.6915,0.752,0.8009,0.8371,0.8633,0.8829,0.8991,0.9144,0.9301,2.2049,2.3151,2.4424,2.5363,2.4778,2.3563,2.4064,2.5856,2.4228,2.1103,1.9284,1.8489,1.6294,0.9606,0.8773,0.887,0.6169,-0.348,-0.3863,0.3717,0.6475,0.7311,0.7392,0.6863,0.5703,0.4988,0.5754,0.6941,0.7827,0.8379,0.8694,0.8866,0.8967,0.9053,0.9158,0.9293,2.1377,2.2084,2.2726,2.3053,2.2915,2.2837,2.355,2.4701,2.3794,2.1465,2.0411,2.0951,2.1338,2.2954,1.2834,0.6585,0.6775,0.2711,0.1474,0.5967,0.8056,0.8648,0.8499,0.7363,0.4765,0.3131,0.4995,0.7052,0.8215,0.8768,0.897,0.8994,0.8961,0.8959,0.9026,0.9166,2.0748,2.1203,2.1572,2.1781,2.1863,2.2021,2.2397,2.267,2.2254,2.1782,2.1979,2.209,2.2037,2.4644,1.4103,0.5944,0.9245,0.9039,0.8892,0.9489,0.9448,0.9461,0.9499,0.8508,0.6123,0.4602,0.6122,0.7925,0.8888,0.9217,0.9162,0.8927,0.8696,0.8597,0.8667,0.887,2.022,2.0537,2.0795,2.0979,2.1119,2.128,2.1473,2.1615,2.1783,2.2637,2.4763,2.5819,2.3833,2.1103,1.649,1.2106,1.1151,1.26,1.3486,1.1895,0.794,0.8528,1.0289,1.0203,0.9111,0.8359,0.8752,0.9461,0.9803,0.9671,0.9158,0.8482,0.7951,0.7782,0.7965,0.8351,1.9791,2.0033,2.0239,2.0409,2.0558,2.0712,2.0887,2.1119,2.1582,2.2684,2.4434,2.4338,2.4174,2.3741,1.9519,1.6927,1.6438,1.8764,2.0579,1.5993,0.8074,0.9022,1.1601,1.1931,1.1459,1.1057,1.0976,1.0977,1.0735,1.0019,0.8778,0.7325,0.6335,0.6234,0.6798,0.7591,1.9441,1.964,1.9818,1.9976,2.0126,2.0285,2.0478,2.0751,2.1199,2.1889,2.2582,2.2928,2.4003,2.416,2.2579,2.2137,2.1753,2.6952,3.3568,2.4219,1.683,1.4355,1.4079,1.3637,1.2984,1.2433,1.2201,1.2096,1.1586,1.0255,0.7887,0.5001,0.3304,0.3709,0.5186,0.6688,1.9152,1.9323,1.9482,1.9632,1.9781,1.9943,2.0139,2.0397,2.0748,2.118,2.1609,2.202,2.2589,2.3473,2.7265,2.9165,2.4991,2.792,3.1771,2.8499,2.2937,1.868,1.6497,1.5109,1.3799,1.2357,1.2024,1.2798,1.25,1.0648,0.6829,0.1667,-0.0948,0.0728,0.3634,0.597,1.8906,1.9058,1.9204,1.9346,1.9491,1.965,1.9835,2.0061,2.0336,2.0652,2.0994,2.1394,2.2013,2.3405,2.669,2.7843,2.5328,2.6656,3.1761,3.4009,2.6096,2.0886,1.8182,1.639,1.4705,1.2595,1.2137,1.4078,1.3874,1.1733,0.7073,0.0359,-0.2851,-0.0346,0.3259,0.5916,1.8692,1.883,1.8965,1.9099,1.9237,1.9387,1.9556,1.9752,1.9979,2.0237,2.0534,2.0913,2.1485,2.2451,2.3737,2.426,2.4139,2.5397,2.8478,2.9162,2.482,2.1285,1.9372,1.7747,1.6369,1.6067,1.7639,1.7258,1.5904,1.3836,0.9757,0.4152,0.1072,0.2218,0.4682,0.6744,1.8503,1.8629,1.8754,1.8879,1.9009,1.9147,1.93,1.9471,1.9665,1.9884,2.0143,2.0467,2.0903,2.1479,2.2081,2.2483,2.2819,2.3544,2.4451,2.4208,2.2483,2.1271,2.076,1.9167,1.7766,1.8053,1.9769,1.8911,1.8098,1.6785,1.3532,0.9445,0.6701,0.6252,0.7084,0.8155,1.8331,1.8447,1.8562,1.8678,1.8798,1.8925,1.9062,1.9212,1.9379,1.9567,1.9784,2.0044,2.0358,2.0718,2.1075,2.1376,2.1662,2.1989,2.2187,2.1915,2.1355,2.1544,2.1763,2.0013,1.8446,1.8191,1.8695,1.9319,2.0991,1.9905,1.6545,1.3123,1.0673,0.9536,0.937,0.9659,1.8174,1.828,1.8386,1.8493,1.8603,1.8718,1.884,1.8971,1.9115,1.9273,1.9451,1.9652,1.9878,2.0118,2.035,2.0556,2.0735,2.0871,2.0896,2.0762,2.0653,2.0874,2.0806,1.9686,1.8556,1.8158,1.8461,1.9646,2.1364,2.0437,1.7647,1.4936,1.2904,1.167,1.1099,1.095]}]