docs/data/wind_grid.json
[{"header":{"la1":42.85,"la2":41.18,"lo1":11.55,"lo2":14.05,"nx":36,"ny":24,"dx":0.07143,"dy":0.07261,"parameterCategory":2,"parameterNumber":2,"parameterNumberName":"eastward_wind","parameterUnit":"m.s-1"},"data":[-0.6155,-0.618,-0.618,-0.6156,-0.6109,-0.6044,-0.5962,-0.5863,-0.5748,-0.5622,-0.55,-0.54,-0.5335,-0.5311,-0.5325,-0.536,-0.5391,-0.5383,-0.5304,-0.5144,-0.4927,-0.4709,-0.4545,-0.4459,-0.4433,-0.4435,-0.444,-0.4436,-0.4419,-0.4392,-0.4357,-0.4319,-0.4279,-0.4239,-0.4201,-0.4165,-0.6386,-0.6427,-0.6434,-0.6409,-0.6357,-0.6285,-0.6196,-0.6084,-0.594,-0.577,-0.5597,-0.5454,-0.5368,-0.5349,-0.5393,-0.5481,-0.557,-0.5601,-0.5507,-0.525,-0.4872,-0.4501,-0.427,-0.421,-0.4257,-0.433,-0.4383,-0.4406,-0.4402,-0.4378,-0.4344,-0.4303,-0.4261,-0.4219,-0.4179,-0.4142,-0.6667,-0.6733,-0.6753,-0.6726,-0.6664,-0.6587,-0.6503,-0.6393,-0.6221,-0.5981,-0.5719,-0.5501,-0.5376,-0.5361,-0.5452,-0.5626,-0.5826,-0.5953,-0.586,-0.5429,-0.4709,-0.4008,-0.3682,-0.3755,-0.3988,-0.4196,-0.4325,-0.4381,-0.4388,-0.4366,-0.4329,-0.4284,-0.4239,-0.4194,-0.4153,-0.4114,-0.7012,-0.7122,-0.7164,-0.713,-0.7044,-0.6959,-0.691,-0.6856,-0.6674,-0.6312,-0.588,-0.5529,-0.5338,-0.5323,-0.5478,-0.5784,-0.6188,-0.6542,-0.6547,-0.5836,-0.4357,-0.2861,-0.2459,-0.2999,-0.3648,-0.4074,-0.4291,-0.4374,-0.4384,-0.4356,-0.4312,-0.4262,-0.4212,-0.4165,-0.4121,-0.4082,-0.7437,-0.763,-0.7719,-0.7671,-0.7521,-0.7397,-0.7439,-0.7596,-0.7486,-0.6867,-0.6084,-0.5505,-0.5218,-0.5199,-0.5428,-0.5912,-0.6649,-0.7512,-0.7962,-0.6969,-0.3947,-0.0499,-0.0309,-0.2096,-0.3407,-0.4053,-0.4318,-0.4397,-0.439,-0.4346,-0.429,-0.4233,-0.4178,-0.4128,-0.4084,-0.4045,-0.7954,-0.8301,-0.8509,-0.8453,-0.8144,-0.7859,-0.8019,-0.8758,-0.8997,-0.7729,-0.6249,-0.5354,-0.4968,-0.4943,-0.5234,-0.5896,-0.7063,-0.8855,-1.0673,-0.984,-0.4941,0.1085,0.0868,-0.2049,-0.3623,-0.424,-0.4432,-0.4449,-0.44,-0.4331,-0.4259,-0.4193,-0.4135,-0.4083,-0.4039,-0.4001,-0.854,-0.9165,-0.9673,-0.9698,-0.9054,-0.8288,-0.8301,-0.978,-1.0731,-0.8295,-0.6025,-0.4945,-0.4541,-0.4514,-0.4812,-0.5564,-0.7033,-0.9664,-1.3325,-1.2946,-0.8185,-0.3846,-0.2757,-0.3784,-0.4435,-0.4624,-0.46,-0.4505,-0.4396,-0.4297,-0.4211,-0.4139,-0.4079,-0.4029,-0.3986,-0.395,-0.9096,-1.0117,-1.1265,-1.1711,-1.0443,-0.8697,-0.7875,-0.8498,-0.89,-0.6779,-0.497,-0.4204,-0.3942,-0.3899,-0.4081,-0.4753,-0.6236,-0.8631,-1.1274,-1.1568,-1.1101,-0.9733,-0.7274,-0.5975,-0.5383,-0.501,-0.4728,-0.4512,-0.435,-0.4228,-0.4137,-0.4066,-0.4009,-0.3963,-0.3924,-0.3892,-0.9433,-1.0739,-1.2555,-1.3825,-1.1732,-0.8986,-0.7106,-0.5954,-0.4861,-0.3684,-0.3241,-0.3258,-0.3275,-0.3152,-0.2908,-0.3257,-0.4932,-0.7135,-0.9152,-1.1252,-1.5113,-1.4045,-0.9727,-0.7204,-0.5897,-0.5153,-0.4698,-0.4412,-0.4231,-0.4113,-0.4032,-0.3972,-0.3924,-0.3886,-0.3854,-0.3827,-0.9424,-1.065,-1.2084,-1.2835,-1.1496,-0.9003,-0.6496,-0.3968,-0.0822,0.0504,-0.1149,-0.2371,-0.2713,-0.2486,-0.1211,-0.0513,-0.3712,-0.6542,-0.8508,-1.0525,-1.3324,-1.2671,-0.9462,-0.7145,-0.5747,-0.491,-0.4426,-0.4162,-0.4022,-0.3945,-0.3896,-0.3858,-0.3827,-0.3799,-0.3775,-0.3754,-0.9135,-1.0218,-1.1541,-1.3144,-1.2555,-0.9178,-0.6462,-0.3503,0.3547,0.704,0.0537,-0.1914,-0.2362,-0.2209,-0.1253,-0.0437,-0.4306,-0.7687,-0.9348,-0.9708,-0.9911,-0.9322,-0.7766,-0.6188,-0.4993,-0.4238,-0.387,-0.3746,-0.3727,-0.3734,-0.3738,-0.3733,-0.372,-0.3704,-0.3688,-0.3675,-0.8645,-0.9595,-1.0942,-1.2684,-1.2003,-0.8815,-0.7298,-0.6734,-0.1485,0.2683,-0.0666,-0.2085,-0.2126,-0.1628,-0.2139,-0.3631,-0.6939,-1.2336,-1.3768,-1.0854,-0.8734,-0.7398,-0.6152,-0.489,-0.377,-0.3106,-0.3011,-0.3189,-0.3381,-0.3511,-0.358,-0.3607,-0.361,-0.3602,-0.3592,-0.3586,-0.7992,-0.8655,-0.942,-0.9935,-0.9272,-0.7977,-0.8104,-0.9873,-0.7591,-0.3409,-0.2416,-0.2469,-0.2237,-0.1307,-0.2035,-0.4626,-0.874,-2.2025,-2.2563,-1.2378,-0.8035,-0.6036,-0.4777,-0.3565,-0.2208,-0.1481,-0.1914,-0.2603,-0.3069,-0.3325,-0.3448,-0.3493,-0.3499,-0.3492,-0.3486,-0.3486,-0.7273,-0.7637,-0.7929,-0.7952,-0.7564,-0.7176,-0.7542,-0.8531,-0.7284,-0.4171,-0.2733,-0.2679,-0.2692,-0.201,-0.3304,-0.518,-0.7468,-1.4709,-1.6228,-0.9935,-0.6071,-0.4279,-0.3439,-0.2547,-0.1003,-0.0071,-0.1116,-0.2266,-0.2919,-0.3236,-0.3365,-0.3395,-0.3382,-0.3363,-0.3357,-0.3368,-0.6593,-0.6752,-0.6816,-0.6719,-0.6476,-0.6264,-0.6246,-0.6107,-0.4976,-0.3192,-0.2084,-0.1888,-0.1634,-0.0227,-0.3565,-0.5624,-1.174,-0.9049,-0.8028,-0.5248,-0.2368,-0.1547,-0.1952,-0.2017,-0.1294,-0.0721,-0.1493,-0.2455,-0.3025,-0.3279,-0.3339,-0.3299,-0.3233,-0.3191,-0.319,-0.322,-0.6001,-0.6038,-0.5997,-0.5856,-0.5633,-0.5373,-0.5061,-0.4513,-0.349,-0.2067,-0.0607,-0.099,-0.12,-0.1501,-0.3141,-0.6324,-0.9727,-0.6494,-0.3961,-0.1131,0.2881,0.2113,-0.0436,-0.1649,-0.1994,-0.212,-0.2554,-0.3068,-0.3375,-0.3444,-0.3341,-0.3156,-0.2995,-0.2927,-0.2952,-0.3031,-0.5501,-0.5467,-0.5369,-0.5199,-0.4957,-0.4645,-0.4228,-0.3629,-0.2781,-0.1712,-0.0684,-0.0836,-0.0333,-0.0065,-0.1499,-0.2822,-0.3474,-0.1886,0.0071,0.1095,0.384,0.2876,0.0139,-0.1514,-0.2523,-0.3213,-0.3682,-0.3909,-0.3907,-0.3696,-0.3309,-0.2861,-0.255,-0.249,-0.2611,-0.2793,-0.5084,-0.5005,-0.4874,-0.4684,-0.4429,-0.4101,-0.3682,-0.3147,-0.2498,-0.1807,-0.1244,-0.0816,0.0065,0.053,0.1411,0.1878,0.0797,0.2551,0.5202,0.279,0.2023,0.1307,-0.0155,-0.1732,-0.325,-0.4509,-0.5058,-0.4963,-0.4596,-0.4006,-0.3171,-0.2256,-0.173,-0.1804,-0.2166,-0.2531,-0.4735,-0.463,-0.448,-0.428,-0.4024,-0.3706,-0.332,-0.2863,-0.235,-0.1822,-0.131,-0.0738,0.0094,0.1804,0.7333,0.9748,0.3892,0.3505,0.4827,0.4186,0.263,0.1209,-0.0211,-0.1981,-0.4131,-0.6072,-0.6525,-0.6095,-0.5422,-0.4409,-0.2976,-0.1337,-0.0558,-0.0997,-0.1746,-0.2324,-0.4444,-0.4323,-0.4164,-0.3963,-0.3715,-0.3418,-0.307,-0.2673,-0.2238,-0.1773,-0.1263,-0.0624,0.0383,0.2464,0.6732,0.811,0.4324,0.3536,0.5586,0.6621,0.368,0.1878,0.0387,-0.1748,-0.4519,-0.6655,-0.7048,-0.7339,-0.6456,-0.5019,-0.314,-0.0973,-0.0027,-0.0706,-0.1639,-0.2292,-0.4202,-0.4072,-0.3911,-0.3713,-0.3478,-0.3203,-0.2889,-0.2537,-0.2149,-0.1722,-0.1229,-0.0602,0.0301,0.1681,0.3338,0.3862,0.3134,0.3142,0.4371,0.4833,0.3736,0.3265,0.2357,-0.0412,-0.4282,-0.8027,-1.1382,-1.0338,-0.7704,-0.5815,-0.3996,-0.2093,-0.1128,-0.1396,-0.2001,-0.2484,-0.3999,-0.3867,-0.3707,-0.3517,-0.3296,-0.3042,-0.2757,-0.2439,-0.2089,-0.1697,-0.1246,-0.0698,-0.0007,0.0826,0.1611,0.2014,0.2102,0.2373,0.2952,0.3467,0.4399,0.6844,0.7293,0.2581,-0.3311,-0.9164,-1.4386,-1.1803,-0.7957,-0.6403,-0.5029,-0.36,-0.268,-0.2461,-0.2603,-0.2812,-0.3831,-0.3698,-0.3543,-0.3362,-0.3155,-0.2922,-0.2661,-0.2374,-0.2057,-0.1706,-0.1309,-0.0854,-0.0336,0.0215,0.0714,0.108,0.1359,0.1706,0.2234,0.3141,0.534,0.9921,1.1347,0.5035,-0.1705,-0.6829,-0.9658,-0.8566,-0.7026,-0.6665,-0.5688,-0.455,-0.3712,-0.3284,-0.3146,-0.3145,-0.369,-0.3561,-0.3411,-0.324,-0.3047,-0.2832,-0.2595,-0.2335,-0.2051,-0.174,-0.1398,-0.1024,-0.0623,-0.0216,0.0162,0.0493,0.0806,0.1178,0.1724,0.2687,0.4558,0.7275,0.7699,0.3821,-0.0948,-0.459,-0.6559,-0.69,-0.6859,-0.6619,-0.5807,-0.4909,-0.4207,-0.3757,-0.3514,-0.3402]},{"header":{"la1":42.85,"la2":41.18,"lo1":11.55,"lo2":14.05,"nx":36,"ny":24,"dx":0.07143,"dy":0.07261,"parameterCategory":2,"parameterNumber":3,"parameterNumberName":"northward_wind","parameterUnit":"m.s-1"},"data":[-0.5995,-0.5824,-0.5616,-0.5371,-0.51,-0.4825,-0.4582,-0.4409,-0.4333,-0.4351,-0.443,-0.452,-0.458,-0.4581,-0.4515,-0.4387,-0.4213,-0.4017,-0.3824,-0.3656,-0.353,-0.3461,-0.3456,-0.3511,-0.3614,-0.3746,-0.3892,-0.4041,-0.4188,-0.433,-0.4465,-0.4593,-0.4714,-0.4828,-0.4934,-0.5034,-0.6076,-0.5882,-0.563,-0.5315,-0.4944,-0.4545,-0.4177,-0.3919,-0.3836,-0.3927,-0.4127,-0.434,-0.4489,-0.4536,-0.4473,-0.4312,-0.4081,-0.3816,-0.3558,-0.3338,-0.3176,-0.3091,-0.3098,-0.3195,-0.3353,-0.354,-0.3734,-0.3922,-0.4099,-0.4265,-0.442,-0.4564,-0.4699,-0.4824,-0.494,-0.5048,-0.6193,-0.5981,-0.5686,-0.5285,-0.4769,-0.4162,-0.3557,-0.3117,-0.3006,-0.3246,-0.3685,-0.4118,-0.4414,-0.4529,-0.4468,-0.4256,-0.3936,-0.3567,-0.3218,-0.2937,-0.2732,-0.2618,-0.2645,-0.2813,-0.3061,-0.3326,-0.3579,-0.381,-0.402,-0.4211,-0.4386,-0.4546,-0.4695,-0.4832,-0.4958,-0.5074,-0.6358,-0.6144,-0.5817,-0.5326,-0.4616,-0.3672,-0.2601,-0.1737,-0.1533,-0.2102,-0.3035,-0.3865,-0.4389,-0.4595,-0.4529,-0.4238,-0.3776,-0.3236,-0.2757,-0.243,-0.2198,-0.2026,-0.2075,-0.2376,-0.2761,-0.3125,-0.3443,-0.3718,-0.3959,-0.4174,-0.4367,-0.4543,-0.4705,-0.4854,-0.499,-0.5114,-0.6579,-0.6391,-0.6069,-0.5517,-0.4595,-0.3153,-0.1186,0.0736,0.1256,-0.0144,-0.215,-0.3654,-0.4481,-0.4783,-0.4698,-0.4295,-0.3616,-0.2767,-0.2044,-0.176,-0.1655,-0.1378,-0.1445,-0.1964,-0.2516,-0.2974,-0.3348,-0.3658,-0.3924,-0.4158,-0.4368,-0.4559,-0.4733,-0.4893,-0.5038,-0.517,-0.6852,-0.673,-0.6479,-0.5957,-0.4903,-0.2913,0.05,0.4934,0.6512,0.287,-0.1279,-0.3689,-0.4794,-0.5152,-0.5033,-0.4507,-0.3541,-0.214,-0.0787,-0.0696,-0.1246,-0.1091,-0.1168,-0.1798,-0.2414,-0.291,-0.3308,-0.3637,-0.3919,-0.4167,-0.439,-0.4595,-0.4782,-0.4953,-0.5108,-0.5246,-0.7154,-0.7132,-0.7036,-0.6695,-0.5733,-0.3539,0.0991,0.8772,1.2445,0.4958,-0.1442,-0.4311,-0.5423,-0.5743,-0.5599,-0.5,-0.3809,-0.1843,0.0533,0.0445,-0.0924,-0.1267,-0.1468,-0.1934,-0.2466,-0.2936,-0.3328,-0.3658,-0.3945,-0.4202,-0.4437,-0.4654,-0.4854,-0.5036,-0.5201,-0.5347,-0.7443,-0.7519,-0.7607,-0.7564,-0.6921,-0.5214,-0.173,0.4098,0.6668,0.0985,-0.3705,-0.5655,-0.634,-0.6542,-0.6463,-0.5919,-0.4679,-0.2777,-0.083,-0.0496,-0.0589,-0.0805,-0.1461,-0.2059,-0.258,-0.3023,-0.3395,-0.3715,-0.4,-0.4263,-0.4509,-0.474,-0.4954,-0.5149,-0.5324,-0.5477,-0.7682,-0.7796,-0.7938,-0.8043,-0.7763,-0.7049,-0.5822,-0.4396,-0.441,-0.6081,-0.7114,-0.732,-0.7327,-0.7448,-0.7746,-0.7501,-0.603,-0.4179,-0.2568,-0.1175,0.0712,0.0333,-0.1224,-0.2146,-0.2721,-0.3147,-0.3493,-0.3797,-0.4077,-0.4346,-0.4606,-0.4855,-0.5087,-0.5298,-0.5484,-0.5643,-0.7875,-0.7981,-0.8053,-0.8082,-0.8184,-0.8476,-0.8973,-0.9896,-1.1714,-1.2353,-1.035,-0.8736,-0.8103,-0.8206,-0.9535,-1.032,-0.7373,-0.5098,-0.3541,-0.1965,-0.0227,-0.0375,-0.1583,-0.2401,-0.2921,-0.3299,-0.3608,-0.389,-0.4167,-0.4449,-0.4731,-0.5005,-0.5262,-0.5493,-0.5692,-0.5855,-0.8043,-0.8162,-0.8224,-0.8159,-0.8346,-0.9561,-1.1278,-1.309,-1.6657,-1.8606,-1.2564,-0.9456,-0.8555,-0.8568,-0.9482,-1.0392,-0.7133,-0.5213,-0.4141,-0.311,-0.22,-0.1982,-0.2335,-0.2777,-0.3155,-0.3458,-0.3718,-0.3977,-0.426,-0.4567,-0.4886,-0.5201,-0.5494,-0.5751,-0.5962,-0.6127,-0.8195,-0.8346,-0.8425,-0.8314,-0.869,-1.071,-1.3446,-1.5407,-1.5879,-1.6051,-1.1858,-0.9327,-0.884,-0.9667,-0.8666,-0.6828,-0.5349,-0.4939,-0.4663,-0.3775,-0.305,-0.274,-0.2794,-0.3052,-0.3356,-0.3601,-0.3801,-0.404,-0.4346,-0.4704,-0.5086,-0.5463,-0.5807,-0.6096,-0.632,-0.6478,-0.8321,-0.8527,-0.874,-0.9026,-0.9849,-1.1831,-1.4852,-1.7842,-1.586,-1.289,-1.0291,-0.8959,-0.8642,-1.018,-0.8535,-0.4095,-0.3122,-0.5732,-0.589,-0.39,-0.3028,-0.2719,-0.2801,-0.3132,-0.3523,-0.3739,-0.3845,-0.4068,-0.4427,-0.4871,-0.5353,-0.5824,-0.6241,-0.657,-0.6799,-0.6934,-0.8401,-0.8658,-0.8986,-0.9483,-1.0377,-1.1906,-1.4003,-1.5768,-1.4656,-1.1423,-0.9299,-0.9026,-0.8889,-0.6195,-0.3989,0.1157,0.0883,-0.2696,-0.4038,-0.297,-0.2175,-0.1963,-0.2346,-0.3005,-0.3653,-0.3879,-0.3854,-0.4075,-0.452,-0.5096,-0.573,-0.6345,-0.6865,-0.7238,-0.7452,-0.753,-0.842,-0.869,-0.9039,-0.9525,-1.0226,-1.117,-1.218,-1.2644,-1.1671,-0.9823,-0.8516,-0.7751,-0.6403,-0.4058,-0.2122,0.2885,0.9276,0.1751,-0.1434,-0.1336,0.0026,0.0015,-0.1322,-0.2572,-0.3427,-0.3748,-0.3789,-0.407,-0.4641,-0.5414,-0.6287,-0.7128,-0.7797,-0.8205,-0.8351,-0.8305,-0.8376,-0.8624,-0.8929,-0.9309,-0.9768,-1.0257,-1.0606,-1.0521,-0.9811,-0.8865,-0.8565,-0.7217,-0.6801,-0.5494,-0.308,0.178,0.6339,0.1226,-0.1336,0.0149,0.5053,0.383,-0.0006,-0.1999,-0.2895,-0.327,-0.3498,-0.3946,-0.475,-0.5852,-0.7122,-0.8345,-0.9238,-0.9632,-0.959,-0.9296,-0.8282,-0.849,-0.8727,-0.899,-0.926,-0.9479,-0.9549,-0.9361,-0.8919,-0.8479,-0.8437,-0.7859,-0.8573,-0.8836,-0.5395,-0.2776,-0.1558,-0.2934,-0.3946,-0.1005,0.5693,0.4195,0.001,-0.1835,-0.2388,-0.2447,-0.2665,-0.3444,-0.4738,-0.6411,-0.8366,-1.0275,-1.1514,-1.174,-1.1244,-1.0493,-0.8157,-0.8319,-0.8491,-0.8661,-0.8806,-0.889,-0.8863,-0.8697,-0.8427,-0.8168,-0.8006,-0.8008,-0.9063,-0.9233,-0.744,-0.6535,-0.5445,-0.68,-0.911,-0.506,-0.1257,-0.0496,-0.1578,-0.216,-0.1733,-0.0664,-0.0586,-0.2256,-0.4535,-0.7072,-1.0097,-1.324,-1.5007,-1.4652,-1.3232,-1.1769,-0.8017,-0.8138,-0.8256,-0.836,-0.8432,-0.8451,-0.8397,-0.8266,-0.8085,-0.7908,-0.7789,-0.7809,-0.8047,-0.8311,-0.9959,-1.0855,-0.7555,-0.7363,-0.8223,-0.6432,-0.462,-0.349,-0.3176,-0.2675,-0.0913,0.2662,0.3423,-0.0735,-0.4434,-0.7757,-1.1942,-1.6866,-1.9281,-1.7734,-1.5023,-1.2798,-0.7874,-0.7961,-0.8039,-0.8099,-0.813,-0.8119,-0.8059,-0.7955,-0.7822,-0.7692,-0.7598,-0.7584,-0.7704,-0.8176,-0.9647,-1.0073,-0.7859,-0.6938,-0.6924,-0.6965,-0.587,-0.5024,-0.449,-0.3573,-0.1406,0.3016,0.4026,-0.1631,-0.52,-0.8333,-1.2657,-1.8326,-2.103,-1.8854,-1.5633,-1.3167,-0.7736,-0.7797,-0.7846,-0.7878,-0.7884,-0.7859,-0.7802,-0.7715,-0.7611,-0.7507,-0.7427,-0.7399,-0.7466,-0.7712,-0.8104,-0.8029,-0.7294,-0.676,-0.6675,-0.6623,-0.6309,-0.6247,-0.603,-0.5097,-0.3741,-0.3102,-0.5174,-0.5752,-0.6885,-0.8887,-1.1788,-1.572,-1.7937,-1.6885,-1.4682,-1.2745,-0.7607,-0.7648,-0.7677,-0.769,-0.7683,-0.7652,-0.7597,-0.7522,-0.7436,-0.7349,-0.7275,-0.7232,-0.7236,-0.7292,-0.7332,-0.7202,-0.6896,-0.6632,-0.6536,-0.6587,-0.6988,-0.8039,-0.8316,-0.6902,-0.5747,-0.617,-0.7786,-0.7675,-0.8979,-0.9967,-1.094,-1.2693,-1.4045,-1.3985,-1.3007,-1.1848,-0.7489,-0.7515,-0.753,-0.7531,-0.7515,-0.7482,-0.743,-0.7364,-0.7289,-0.7212,-0.7141,-0.7084,-0.7046,-0.7017,-0.6965,-0.6852,-0.6694,-0.6571,-0.6568,-0.6806,-0.762,-0.9303,-0.9814,-0.8015,-0.6799,-0.6872,-0.7659,-0.9352,-1.2103,-1.1684,-1.0892,-1.1162,-1.1722,-1.1857,-1.1496,-1.0886,-0.7382,-0.7397,-0.7402,-0.7395,-0.7375,-0.734,-0.7292,-0.7233,-0.7166,-0.7095,-0.7026,-0.6963,-0.6905,-0.6846,-0.6776,-0.6688,-0.66,-0.6554,-0.6616,-0.6893,-0.755,-0.8514,-0.8747,-0.7874,-0.7213,-0.734,-0.8261,-1.0319,-1.2513,-1.1966,-1.0819,-1.0461,-1.0527,-1.0565,-1.0402,-1.0073]}]