docs/data/wind_grid.json
[{"header":{"la1":42.85,"la2":41.18,"lo1":11.55,"lo2":14.05,"nx":36,"ny":24,"dx":0.07143,"dy":0.07261,"parameterCategory":2,"parameterNumber":2,"parameterNumberName":"eastward_wind","parameterUnit":"m.s-1"},"data":[1.5757,1.579,1.5834,1.5887,1.5944,1.599,1.6007,1.5972,1.5867,1.5683,1.5427,1.5112,1.4749,1.4348,1.3917,1.3467,1.3019,1.2604,1.2258,1.2007,1.1858,1.1806,1.1838,1.1938,1.208,1.2239,1.2397,1.2545,1.2677,1.2795,1.2901,1.2996,1.3084,1.3165,1.3241,1.3312,1.5756,1.5801,1.5868,1.5958,1.6065,1.6173,1.6253,1.6263,1.6168,1.5953,1.5636,1.5245,1.4802,1.4315,1.3785,1.3219,1.2642,1.2103,1.1668,1.138,1.124,1.1226,1.1317,1.1494,1.1718,1.1949,1.2162,1.2348,1.2508,1.2645,1.2764,1.2871,1.2968,1.3057,1.314,1.3219,1.5733,1.5788,1.5879,1.6012,1.619,1.6398,1.6593,1.6696,1.6626,1.6355,1.5932,1.5427,1.488,1.4292,1.3645,1.2927,1.2158,1.1423,1.0855,1.055,1.0473,1.053,1.0704,1.0993,1.1333,1.1656,1.1932,1.2157,1.234,1.2494,1.2625,1.2741,1.2847,1.2944,1.3035,1.3121,1.568,1.5738,1.5847,1.6027,1.6298,1.6663,1.7074,1.7381,1.7372,1.6976,1.6343,1.5656,1.4978,1.4283,1.3509,1.2599,1.1538,1.0447,0.9642,0.9405,0.9573,0.9767,1.002,1.0464,1.0963,1.1391,1.1724,1.1979,1.2178,1.2341,1.2481,1.2605,1.2719,1.2825,1.2924,1.3018,1.5591,1.5637,1.5748,1.5962,1.6335,1.6928,1.7742,1.8529,1.869,1.7959,1.6874,1.5896,1.5072,1.4288,1.3407,1.2286,1.0792,0.8988,0.7566,0.7604,0.865,0.9151,0.9377,1.0013,1.0684,1.1194,1.1555,1.1816,1.2017,1.2182,1.2327,1.2459,1.2581,1.2696,1.2805,1.2907,1.5463,1.5477,1.5559,1.5768,1.6211,1.7056,1.8507,2.0403,2.1061,1.9386,1.7392,1.6046,1.5118,1.4301,1.3377,1.2112,1.0128,0.7006,0.365,0.4115,0.7624,0.8986,0.9132,0.9882,1.0601,1.1096,1.1425,1.1659,1.1843,1.2004,1.2154,1.2295,1.2429,1.2556,1.2675,1.2789,1.5304,1.5265,1.5282,1.5422,1.5838,1.6789,1.8735,2.2086,2.3681,2.0353,1.7422,1.5944,1.5066,1.4294,1.3411,1.2208,1.0116,0.5929,-0.0563,0.0068,0.6731,0.9078,0.9613,1.0202,1.072,1.1069,1.1298,1.1472,1.163,1.1788,1.1948,1.2106,1.2257,1.24,1.2534,1.266,1.5128,1.5034,1.4993,1.5028,1.5284,1.6041,1.756,2.0045,2.1126,1.8571,1.6475,1.5534,1.493,1.4216,1.3336,1.2406,1.1034,0.8122,0.3998,0.4708,0.8805,1.0085,1.0408,1.0675,1.0882,1.1003,1.1087,1.119,1.1331,1.1505,1.1694,1.1882,1.2061,1.2227,1.2379,1.252,1.4953,1.481,1.4817,1.493,1.4834,1.5171,1.5792,1.6268,1.5986,1.5131,1.4894,1.5015,1.4845,1.4036,1.2623,1.1814,1.1906,1.1179,0.9884,0.9968,1.0992,1.1028,1.1027,1.1002,1.0875,1.0724,1.0652,1.0712,1.0886,1.1123,1.1377,1.162,1.184,1.2035,1.2209,1.2367,1.4785,1.4519,1.437,1.4346,1.4013,1.4376,1.4554,1.3749,1.1712,1.0975,1.3061,1.4697,1.5092,1.4081,1.0514,0.85,1.1975,1.3253,1.2926,1.2157,1.1494,1.1438,1.1426,1.1042,1.0463,0.9968,0.9771,0.9897,1.0223,1.0616,1.0992,1.132,1.1594,1.1825,1.2022,1.2199,1.467,1.4193,1.3376,1.1869,1.2144,1.3795,1.4202,1.2886,0.757,0.4717,1.164,1.4959,1.5908,1.5451,1.1776,0.8777,1.3459,1.5386,1.54,1.435,1.3174,1.2424,1.1694,1.0573,0.923,0.8251,0.808,0.8566,0.9294,0.999,1.0559,1.0998,1.1333,1.1598,1.1818,1.2011,1.4699,1.4165,1.3254,1.1979,1.2324,1.4033,1.4833,1.4768,1.1272,0.8744,1.3269,1.5991,1.6927,1.7104,1.7219,1.606,1.6915,1.8486,1.8494,1.6585,1.4736,1.3222,1.1569,0.9245,0.6417,0.4628,0.502,0.6588,0.8145,0.9318,1.013,1.0682,1.1067,1.1354,1.1589,1.1798,1.4899,1.4502,1.3991,1.3597,1.3918,1.4749,1.5448,1.6924,1.4858,1.4366,1.5809,1.7324,1.7695,1.8362,1.956,1.8927,1.9255,2.2186,2.211,1.8076,1.5512,1.348,1.1051,0.705,0.1159,-0.2246,0.029,0.4253,0.7065,0.8775,0.9792,1.0406,1.0799,1.1082,1.132,1.1546,1.5198,1.4971,1.4762,1.4699,1.4909,1.5255,1.544,1.5082,1.5223,1.611,1.7206,1.834,1.8402,1.5759,1.9111,2.1948,2.0338,2.0329,2.0311,1.7618,1.5154,1.3135,1.0617,0.5484,-0.4016,-0.9625,-0.3582,0.2932,0.6636,0.8586,0.9619,1.0176,1.0504,1.0747,1.098,1.123,1.5518,1.5413,1.5352,1.5384,1.5525,1.5708,1.5829,1.593,1.6409,1.7409,1.8284,1.841,1.7795,1.709,1.9318,2.2255,1.4644,1.775,1.7995,1.5995,1.3088,1.1739,1.0611,0.6754,-0.0782,-0.5386,-0.1041,0.4193,0.7263,0.884,0.9598,0.9933,1.0103,1.0273,1.0513,1.0817,1.5819,1.5791,1.5804,1.5877,1.6011,1.6189,1.641,1.676,1.7435,1.8603,2.0214,1.9171,1.864,1.8244,1.8911,1.826,1.5558,1.7668,1.7707,1.4221,0.7477,0.8346,1.0742,0.9486,0.6168,0.401,0.5008,0.7067,0.8567,0.9345,0.9582,0.952,0.9434,0.9529,0.9837,1.0273,1.609,1.6111,1.6168,1.6271,1.6425,1.6635,1.6922,1.7347,1.7996,1.8953,2.0068,1.9428,1.8671,1.86,1.9667,1.9897,1.9548,1.9979,1.9796,1.5648,0.6848,0.8314,1.1863,1.1855,1.0445,0.9352,0.9176,0.949,0.9786,0.977,0.934,0.867,0.8219,0.832,0.887,0.9585,1.6328,1.6383,1.647,1.6598,1.6772,1.7002,1.7307,1.7711,1.8227,1.8805,1.9232,1.9259,1.8947,1.935,2.2668,2.4164,2.2786,2.2807,2.3672,2.1067,1.6393,1.4569,1.4623,1.3879,1.2511,1.136,1.086,1.0726,1.0531,0.9944,0.8714,0.7074,0.6105,0.6494,0.7634,0.8828,1.6536,1.6615,1.6723,1.6867,1.7054,1.7291,1.7589,1.7952,1.8372,1.8811,1.9215,1.9621,2.0328,2.2681,3.0218,3.3341,2.6151,2.4565,2.5433,2.7181,2.327,1.9659,1.7576,1.5616,1.327,1.1117,1.0608,1.0994,1.0881,0.9997,0.7919,0.487,0.3268,0.4425,0.6482,0.8229,1.6716,1.6811,1.6934,1.7088,1.7281,1.7517,1.78,1.8134,1.8513,1.8932,1.9413,2.0075,2.1282,2.4025,2.9546,3.1347,2.6908,2.6667,3.3035,3.6441,2.7787,2.3065,2.0372,1.7491,1.404,1.1015,1.0424,1.1015,1.1089,1.0258,0.7859,0.3992,0.2035,0.3678,0.6163,0.8114,1.687,1.6976,1.7108,1.7268,1.7461,1.7692,1.7963,1.8278,1.864,1.9061,1.9582,2.0306,2.1438,2.3244,2.5431,2.6241,2.568,2.6618,3.0171,3.1406,2.7921,2.599,2.4337,2.0502,1.5755,1.2129,1.0291,1.0637,1.1304,1.0918,0.912,0.6173,0.4462,0.5302,0.7059,0.8621,1.7,1.7114,1.725,1.7412,1.7603,1.7826,1.8086,1.8386,1.8733,1.9143,1.9649,2.0306,2.1184,2.2285,2.3366,2.4028,2.4428,2.5293,2.6676,2.7475,2.8262,3.1442,3.2056,2.5396,1.8006,1.2558,0.9274,1.0409,1.1887,1.1882,1.0817,0.9081,0.7831,0.7825,0.8598,0.9536,1.7109,1.7226,1.7364,1.7524,1.7711,1.7926,1.8174,1.8458,1.8785,1.9168,1.9625,2.0179,2.0842,2.1578,2.2283,2.2867,2.3411,2.4117,2.5048,2.6348,2.9373,3.5976,3.8067,2.9061,2.0227,1.4655,1.2048,1.2206,1.2876,1.2737,1.2039,1.1008,1.0155,0.9864,1.0076,1.0535,1.7198,1.7317,1.7453,1.7611,1.7791,1.7996,1.8229,1.8495,1.8797,1.9143,1.9543,2.0002,2.0515,2.1058,2.1591,2.2095,2.2611,2.3229,2.4074,2.5465,2.8147,3.2104,3.276,2.7307,2.0955,1.6512,1.4115,1.3223,1.3031,1.297,1.2638,1.207,1.1535,1.1244,1.1236,1.1426]},{"header":{"la1":42.85,"la2":41.18,"lo1":11.55,"lo2":14.05,"nx":36,"ny":24,"dx":0.07143,"dy":0.07261,"parameterCategory":2,"parameterNumber":3,"parameterNumberName":"northward_wind","parameterUnit":"m.s-1"},"data":[0.5196,0.5291,0.5361,0.5403,0.5418,0.5406,0.5363,0.5284,0.5163,0.5005,0.4819,0.4626,0.4442,0.428,0.4146,0.4037,0.3943,0.3845,0.3721,0.3559,0.3361,0.314,0.2909,0.2674,0.2436,0.22,0.1969,0.1749,0.1543,0.1353,0.1181,0.1026,0.0887,0.0764,0.0656,0.0562,0.5472,0.5596,0.5688,0.5746,0.5772,0.5772,0.574,0.5665,0.5529,0.5331,0.5092,0.4845,0.4619,0.4435,0.43,0.4213,0.4156,0.4095,0.3986,0.3802,0.3553,0.3278,0.3004,0.2736,0.2466,0.2196,0.1935,0.1689,0.1461,0.1256,0.1072,0.0909,0.0766,0.0641,0.0532,0.0438,0.5791,0.5957,0.6079,0.6152,0.6188,0.6204,0.6202,0.6152,0.6006,0.5748,0.5419,0.5086,0.4799,0.4585,0.4455,0.441,0.4428,0.4451,0.4384,0.4152,0.3788,0.341,0.3087,0.279,0.2486,0.2177,0.1879,0.1603,0.1354,0.1133,0.0939,0.077,0.0624,0.0499,0.0391,0.03,0.6168,0.64,0.6565,0.6648,0.6678,0.6709,0.6772,0.6808,0.6675,0.631,0.5818,0.5344,0.4969,0.4716,0.4596,0.4619,0.478,0.4998,0.5056,0.4716,0.4053,0.3461,0.3114,0.2823,0.2485,0.2129,0.179,0.1483,0.1213,0.0979,0.0778,0.0606,0.046,0.0336,0.0232,0.0146,0.662,0.6967,0.7209,0.7294,0.7265,0.7273,0.746,0.7739,0.7702,0.7109,0.6292,0.5597,0.5108,0.4809,0.4697,0.4809,0.5209,0.5872,0.6354,0.5813,0.4343,0.3263,0.3032,0.2817,0.2438,0.2027,0.1647,0.1314,0.1028,0.0786,0.0582,0.0412,0.0269,0.0151,0.0054,-0.0025,0.7154,0.7723,0.8147,0.8236,0.8012,0.7843,0.8175,0.9046,0.9345,0.8179,0.6759,0.5784,0.5188,0.4846,0.4725,0.4902,0.5591,0.7104,0.8981,0.8303,0.4987,0.3046,0.2957,0.2739,0.2292,0.1835,0.1428,0.108,0.0789,0.0547,0.0348,0.0185,0.0051,-0.0058,-0.0145,-0.0214,0.7735,0.872,0.9628,0.9845,0.9115,0.8339,0.8548,1.0118,1.1011,0.8919,0.6926,0.5819,0.5194,0.4824,0.4657,0.4792,0.5565,0.7773,1.1869,1.1302,0.5757,0.3393,0.2856,0.2452,0.1979,0.1519,0.1113,0.0769,0.0487,0.0257,0.0072,-0.0078,-0.0197,-0.0292,-0.0365,-0.0421,0.8193,0.9814,1.1905,1.2858,1.0888,0.8699,0.8173,0.9088,0.9594,0.8042,0.6567,0.5702,0.5165,0.4778,0.4509,0.4467,0.4911,0.6344,0.8668,0.7625,0.3586,0.2301,0.2155,0.1891,0.1495,0.1074,0.0692,0.0373,0.0116,-0.0088,-0.0249,-0.0376,-0.0475,-0.055,-0.0606,-0.0645,0.8183,1.0206,1.3867,1.6877,1.2364,0.8478,0.7342,0.7302,0.7234,0.6712,0.6096,0.5598,0.5203,0.4785,0.4306,0.4026,0.4079,0.4387,0.4568,0.3176,0.045,0.062,0.1307,0.124,0.0899,0.0511,0.0165,-0.0111,-0.0324,-0.0487,-0.0613,-0.0709,-0.0781,-0.0834,-0.0868,-0.0888,0.7469,0.8815,1.1037,1.2435,0.8709,0.6873,0.6409,0.6348,0.6376,0.6285,0.5948,0.566,0.5456,0.5021,0.3977,0.3408,0.3531,0.3211,0.2757,0.1913,0.0757,0.0661,0.0821,0.0596,0.0208,-0.0175,-0.0476,-0.0686,-0.0832,-0.0936,-0.1015,-0.1073,-0.1115,-0.114,-0.115,-0.1147,0.6378,0.6539,0.5583,0.1928,0.226,0.4914,0.5718,0.6001,0.6453,0.6717,0.6027,0.5883,0.608,0.6017,0.4573,0.3477,0.329,0.2278,0.1536,0.1174,0.0842,0.0571,0.0272,-0.0155,-0.0631,-0.1019,-0.1245,-0.1347,-0.1395,-0.1424,-0.1448,-0.1464,-0.1471,-0.1467,-0.1451,-0.1422,0.546,0.5132,0.3844,0.1545,0.199,0.4432,0.5619,0.6176,0.6067,0.6218,0.5891,0.6174,0.6997,0.8201,0.7205,0.4852,0.2913,0.0491,-0.0428,0.0012,0.0097,-0.0136,-0.0536,-0.1075,-0.1667,-0.2065,-0.2143,-0.2067,-0.1986,-0.1933,-0.1901,-0.1876,-0.1849,-0.1815,-0.177,-0.1713,0.4881,0.4614,0.4022,0.3429,0.3727,0.4701,0.5615,0.7683,0.512,0.5324,0.5661,0.6612,0.7443,0.9285,0.8465,0.518,0.2588,-0.2968,-0.3431,-0.1105,-0.0803,-0.1062,-0.1471,-0.2061,-0.2825,-0.3257,-0.3066,-0.276,-0.2562,-0.2444,-0.2366,-0.2304,-0.2247,-0.2183,-0.2108,-0.202,0.4515,0.4389,0.4193,0.4085,0.4256,0.4634,0.4929,0.4438,0.4423,0.4708,0.52,0.7193,0.803,0.84,0.6195,0.5351,0.3604,-0.0456,-0.1894,-0.1452,-0.1828,-0.2232,-0.248,-0.2888,-0.3626,-0.4031,-0.3666,-0.3308,-0.3097,-0.2953,-0.2842,-0.2751,-0.2667,-0.2575,-0.2467,-0.2343,0.4231,0.4186,0.413,0.4122,0.4203,0.434,0.4419,0.4328,0.4136,0.3869,0.3797,0.4471,0.5118,0.4142,0.4891,0.5237,0.2004,0.1089,-0.0739,-0.2273,-0.3726,-0.4057,-0.3666,-0.3551,-0.3785,-0.395,-0.3894,-0.3795,-0.3653,-0.3486,-0.3336,-0.3219,-0.3117,-0.3001,-0.2855,-0.2684,0.3971,0.3956,0.3937,0.3933,0.3951,0.397,0.3937,0.3791,0.3468,0.2838,0.1748,0.2152,0.2762,0.3319,0.3194,0.2597,0.1423,0.0127,-0.1892,-0.4202,-0.7265,-0.6706,-0.4943,-0.434,-0.4345,-0.4492,-0.4631,-0.4602,-0.4366,-0.4072,-0.3846,-0.3713,-0.3613,-0.3476,-0.328,-0.3044,0.3717,0.3705,0.3686,0.3663,0.3634,0.3582,0.3475,0.3273,0.2927,0.2368,0.1668,0.1796,0.0908,0.0285,0.0866,0.0335,-0.0622,-0.263,-0.4631,-0.5631,-0.7949,-0.7283,-0.561,-0.5204,-0.5592,-0.6223,-0.647,-0.604,-0.5299,-0.4675,-0.4335,-0.4234,-0.4188,-0.4032,-0.3749,-0.3415,0.3468,0.3448,0.3415,0.3369,0.3304,0.3207,0.306,0.284,0.2534,0.2154,0.1766,0.1264,0.0068,-0.0673,-0.2463,-0.391,-0.3833,-0.6418,-0.9364,-0.6992,-0.6437,-0.6187,-0.5803,-0.6109,-0.7494,-0.956,-1.0049,-0.8235,-0.6288,-0.5133,-0.4716,-0.4791,-0.4902,-0.4689,-0.4243,-0.3765,0.3226,0.3192,0.3143,0.3075,0.2983,0.2857,0.2686,0.2458,0.2166,0.1809,0.136,0.0693,-0.0396,-0.2604,-0.8955,-1.1647,-0.6542,-0.7071,-0.8737,-0.7974,-0.6863,-0.6247,-0.6189,-0.6952,-0.9562,-1.4845,-1.6026,-1.0445,-0.6696,-0.5162,-0.488,-0.5356,-0.5716,-0.5342,-0.4654,-0.4021,0.2992,0.2944,0.2879,0.2793,0.268,0.2533,0.2344,0.2103,0.18,0.1415,0.0897,0.0129,-0.1152,-0.3685,-0.8458,-1.008,-0.6889,-0.6756,-0.8869,-0.9777,-0.7649,-0.6845,-0.6804,-0.7305,-0.9479,-1.5364,-1.6776,-0.8711,-0.5424,-0.4517,-0.4674,-0.554,-0.6059,-0.5566,-0.4769,-0.4091,0.2769,0.2708,0.2628,0.2527,0.2398,0.2235,0.2032,0.1777,0.1458,0.105,0.0504,-0.0268,-0.142,-0.3143,-0.5164,-0.6045,-0.5791,-0.6275,-0.772,-0.8313,-0.7756,-0.7985,-0.8122,-0.7492,-0.6916,-0.5649,-0.057,-0.0985,-0.2701,-0.3305,-0.3946,-0.4835,-0.5334,-0.5064,-0.449,-0.3945,0.2558,0.2486,0.2394,0.228,0.2138,0.1964,0.175,0.1486,0.116,0.0748,0.0218,-0.0479,-0.1392,-0.2508,-0.3614,-0.4373,-0.4862,-0.5529,-0.642,-0.7211,-0.842,-1.085,-1.1544,-0.8749,-0.5431,-0.0759,0.5338,0.2425,-0.1081,-0.211,-0.2952,-0.3761,-0.424,-0.4257,-0.3996,-0.3658,0.2361,0.2278,0.2177,0.2053,0.1902,0.172,0.15,0.1233,0.0909,0.0512,0.0022,-0.0581,-0.1301,-0.2104,-0.2895,-0.3587,-0.4221,-0.4926,-0.5783,-0.697,-0.9254,-1.3312,-1.4501,-1.0064,-0.5627,-0.1864,0.0684,-0.0077,-0.0975,-0.1334,-0.2189,-0.2956,-0.3423,-0.358,-0.3517,-0.3341,0.2177,0.2086,0.1977,0.1846,0.169,0.1504,0.1282,0.1018,0.0704,0.033,-0.0113,-0.0633,-0.1223,-0.1859,-0.2504,-0.3133,-0.3768,-0.4471,-0.5337,-0.6573,-0.856,-1.1115,-1.165,-0.894,-0.5707,-0.3171,-0.1651,-0.121,-0.1007,-0.1247,-0.1939,-0.2553,-0.2945,-0.3126,-0.3145,-0.3061]}]