docs/data/wind_grid.json
{"header": {"la1":42.1,"la2":41.55,"lo1":12.1,"lo2":12.95,"nx":50,"ny":50,"dx":0.01735,"dy":0.01122,"parameterCategory":2,"parameterNumber":3,"parameterNumberName":"northward_wind","parameterUnit":"m.s-1"}, "data":
[rows 0 to 40 of 50, columns 0 to 49 of 50]
-0.4335,-0.4319,-0.43,-0.4276,-0.4249,-0.4217,-0.4181,-0.4141,-0.4097,-0.4049,-0.3998,-0.3944,-0.3888,-0.3829,-0.3768,-0.3705,-0.364,-0.3573,-0.3503,-0.343,-0.3353,-0.327,-0.3183,-0.3091,-0.2995,-0.2899,-0.2804,-0.2716,-0.2639,-0.2579,-0.2541,-0.2529,-0.2546,-0.2592,-0.2665,-0.2759,-0.2865,-0.2975,-0.3077,-0.3161,-0.3222,-0.3255,-0.3261,-0.3243,-0.3204,-0.3149,-0.3084,-0.3014,-0.2941,-0.2869
-0.4375,-0.436,-0.4341,-0.4318,-0.4291,-0.4259,-0.4223,-0.4182,-0.4137,-0.4088,-0.4036,-0.398,-0.3922,-0.3861,-0.3799,-0.3735,-0.3669,-0.3601,-0.3531,-0.3457,-0.3377,-0.3293,-0.3201,-0.3104,-0.3002,-0.2898,-0.2795,-0.2698,-0.2612,-0.2546,-0.2504,-0.2492,-0.2514,-0.257,-0.2658,-0.2771,-0.2899,-0.303,-0.315,-0.3249,-0.3318,-0.3353,-0.3356,-0.333,-0.328,-0.3214,-0.3138,-0.3056,-0.2974,-0.2893
-0.4417,-0.4403,-0.4385,-0.4363,-0.4336,-0.4304,-0.4267,-0.4226,-0.418,-0.4129,-0.4075,-0.4018,-0.3958,-0.3895,-0.3832,-0.3766,-0.37,-0.3632,-0.3561,-0.3486,-0.3405,-0.3318,-0.3224,-0.3121,-0.3012,-0.2899,-0.2785,-0.2678,-0.2583,-0.2508,-0.2461,-0.2448,-0.2475,-0.2543,-0.2648,-0.2784,-0.2937,-0.3093,-0.3235,-0.335,-0.3427,-0.3464,-0.3461,-0.3425,-0.3364,-0.3284,-0.3194,-0.31,-0.3006,-0.2915
-0.4461,-0.4448,-0.4431,-0.4409,-0.4382,-0.435,-0.4313,-0.4271,-0.4224,-0.4172,-0.4116,-0.4057,-0.3995,-0.3931,-0.3866,-0.3799,-0.3732,-0.3664,-0.3593,-0.3518,-0.3437,-0.3348,-0.325,-0.3142,-0.3025,-0.2901,-0.2777,-0.2657,-0.255,-0.2465,-0.2411,-0.2397,-0.2429,-0.251,-0.2635,-0.2797,-0.298,-0.3165,-0.3332,-0.3465,-0.3551,-0.3588,-0.3578,-0.353,-0.3453,-0.3357,-0.3252,-0.3143,-0.3037,-0.2936
-0.4506,-0.4495,-0.4479,-0.4458,-0.4432,-0.44,-0.4362,-0.4319,-0.4271,-0.4218,-0.416,-0.4098,-0.4034,-0.3968,-0.3901,-0.3834,-0.3766,-0.3698,-0.3627,-0.3553,-0.3472,-0.3382,-0.328,-0.3167,-0.3041,-0.2907,-0.2769,-0.2635,-0.2513,-0.2416,-0.2354,-0.2337,-0.2374,-0.2468,-0.2616,-0.2808,-0.3025,-0.3245,-0.3442,-0.3595,-0.369,-0.3726,-0.3706,-0.3642,-0.3547,-0.3432,-0.3309,-0.3186,-0.3066,-0.2954
-0.4554,-0.4544,-0.4529,-0.4509,-0.4483,-0.4452,-0.4414,-0.437,-0.4321,-0.4266,-0.4206,-0.4142,-0.4075,-0.4007,-0.3938,-0.3869,-0.3801,-0.3734,-0.3665,-0.3592,-0.3512,-0.3421,-0.3317,-0.3197,-0.3063,-0.2916,-0.2763,-0.2611,-0.2473,-0.236,-0.2287,-0.2266,-0.2307,-0.2415,-0.2589,-0.2815,-0.3072,-0.3332,-0.3563,-0.3739,-0.3844,-0.3876,-0.3843,-0.376,-0.3643,-0.3508,-0.3366,-0.3225,-0.3092,-0.2969
-0.4603,-0.4595,-0.4581,-0.4563,-0.4538,-0.4507,-0.4469,-0.4425,-0.4374,-0.4316,-0.4254,-0.4187,-0.4118,-0.4047,-0.3976,-0.3906,-0.3838,-0.3771,-0.3704,-0.3634,-0.3556,-0.3466,-0.336,-0.3234,-0.3089,-0.2929,-0.2758,-0.2587,-0.2428,-0.2297,-0.2209,-0.2181,-0.2225,-0.2348,-0.2549,-0.2814,-0.3118,-0.3425,-0.3695,-0.3896,-0.4011,-0.4037,-0.3987,-0.3882,-0.374,-0.3581,-0.3418,-0.326,-0.3113,-0.2979
-0.4654,-0.4648,-0.4636,-0.4619,-0.4595,-0.4565,-0.4527,-0.4482,-0.443,-0.437,-0.4305,-0.4236,-0.4163,-0.4088,-0.4015,-0.3944,-0.3876,-0.3811,-0.3747,-0.3681,-0.3606,-0.3518,-0.341,-0.3279,-0.3123,-0.2946,-0.2756,-0.2562,-0.2379,-0.2225,-0.2119,-0.208,-0.2124,-0.2262,-0.2493,-0.2802,-0.3158,-0.3518,-0.3833,-0.4063,-0.4187,-0.4205,-0.4135,-0.4002,-0.3833,-0.3649,-0.3464,-0.3288,-0.3127,-0.2983
-0.4707,-0.4703,-0.4694,-0.4678,-0.4656,-0.4626,-0.4589,-0.4543,-0.4489,-0.4428,-0.436,-0.4286,-0.421,-0.4132,-0.4055,-0.3982,-0.3914,-0.3851,-0.3792,-0.3731,-0.3662,-0.3577,-0.3469,-0.3332,-0.3164,-0.297,-0.2756,-0.2535,-0.2324,-0.2142,-0.2013,-0.1959,-0.2001,-0.2152,-0.2414,-0.277,-0.3186,-0.3607,-0.3973,-0.4234,-0.4366,-0.4373,-0.4279,-0.4117,-0.3918,-0.3707,-0.35,-0.3307,-0.3133,-0.2979
-0.4763,-0.4761,-0.4754,-0.4741,-0.472,-0.4692,-0.4654,-0.4608,-0.4553,-0.4489,-0.4418,-0.4341,-0.4259,-0.4177,-0.4096,-0.4021,-0.3953,-0.3892,-0.3839,-0.3786,-0.3725,-0.3646,-0.3538,-0.3395,-0.3214,-0.2999,-0.2759,-0.2507,-0.2262,-0.2048,-0.189,-0.1816,-0.185,-0.2012,-0.2304,-0.2711,-0.3191,-0.368,-0.4103,-0.4399,-0.454,-0.4533,-0.4412,-0.4218,-0.3989,-0.3751,-0.3523,-0.3314,-0.3128,-0.2966
-0.482,-0.4822,-0.4818,-0.4807,-0.4788,-0.4761,-0.4724,-0.4678,-0.4621,-0.4555,-0.448,-0.4398,-0.4312,-0.4224,-0.4138,-0.406,-0.3991,-0.3934,-0.3887,-0.3845,-0.3795,-0.3724,-0.3619,-0.347,-0.3274,-0.3036,-0.2765,-0.2477,-0.2193,-0.1939,-0.1745,-0.1644,-0.1666,-0.1833,-0.2154,-0.2612,-0.3161,-0.3725,-0.4211,-0.4545,-0.4694,-0.4673,-0.4523,-0.4297,-0.4038,-0.3776,-0.3529,-0.3306,-0.3111,-0.2942
-0.488,-0.4885,-0.4884,-0.4876,-0.486,-0.4835,-0.4799,-0.4753,-0.4695,-0.4626,-0.4547,-0.446,-0.4367,-0.4273,-0.4181,-0.4098,-0.4029,-0.3975,-0.3937,-0.3908,-0.3873,-0.3814,-0.3713,-0.3557,-0.3344,-0.3079,-0.2774,-0.2445,-0.2116,-0.1815,-0.1577,-0.1441,-0.1442,-0.1608,-0.1952,-0.246,-0.308,-0.3722,-0.4276,-0.4651,-0.4811,-0.4775,-0.4599,-0.4344,-0.4059,-0.3776,-0.3514,-0.3281,-0.3079,-0.2906
-0.4941,-0.495,-0.4953,-0.4949,-0.4936,-0.4913,-0.4879,-0.4833,-0.4774,-0.4703,-0.462,-0.4527,-0.4427,-0.4325,-0.4225,-0.4136,-0.4064,-0.4015,-0.3987,-0.3975,-0.3961,-0.3918,-0.3822,-0.3658,-0.3424,-0.3129,-0.2784,-0.2409,-0.2027,-0.1671,-0.1381,-0.1199,-0.1169,-0.1325,-0.1685,-0.2238,-0.2926,-0.3648,-0.4273,-0.4694,-0.4867,-0.4822,-0.4625,-0.4347,-0.4042,-0.3745,-0.3474,-0.3236,-0.3031,-0.2858
-0.5005,-0.5019,-0.5026,-0.5026,-0.5016,-0.4997,-0.4965,-0.492,-0.486,-0.4787,-0.4699,-0.46,-0.4492,-0.438,-0.4271,-0.4174,-0.4098,-0.4051,-0.4035,-0.4045,-0.4057,-0.4036,-0.3948,-0.3773,-0.3514,-0.3182,-0.2794,-0.2367,-0.1926,-0.1506,-0.1152,-0.0914,-0.0841,-0.0975,-0.134,-0.1928,-0.2679,-0.3478,-0.4175,-0.4644,-0.4839,-0.4793,-0.4585,-0.4295,-0.3981,-0.3679,-0.3406,-0.3168,-0.2966,-0.2796
-0.5071,-0.509,-0.5102,-0.5106,-0.5101,-0.5085,-0.5057,-0.5013,-0.4954,-0.4878,-0.4786,-0.4679,-0.4562,-0.4439,-0.4319,-0.4211,-0.4128,-0.4082,-0.4079,-0.4116,-0.4163,-0.4172,-0.4092,-0.3901,-0.3608,-0.3236,-0.2799,-0.2315,-0.1808,-0.1315,-0.0886,-0.0578,-0.0449,-0.0547,-0.0903,-0.1513,-0.2315,-0.3184,-0.3952,-0.4475,-0.4701,-0.4669,-0.4467,-0.418,-0.3871,-0.3574,-0.3308,-0.3078,-0.2883,-0.272
-0.5139,-0.5163,-0.5181,-0.5191,-0.5191,-0.518,-0.5155,-0.5114,-0.5055,-0.4978,-0.4881,-0.4768,-0.464,-0.4505,-0.437,-0.4248,-0.4154,-0.4105,-0.4115,-0.4183,-0.4278,-0.4326,-0.4254,-0.4037,-0.3702,-0.3283,-0.2795,-0.2251,-0.1671,-0.1095,-0.0578,-0.0185,0.0016,-0.0031,-0.0362,-0.0977,-0.1816,-0.2745,-0.3579,-0.4162,-0.4434,-0.4436,-0.426,-0.3996,-0.3707,-0.3429,-0.3179,-0.2963,-0.2781,-0.263
-0.5209,-0.5239,-0.5263,-0.5279,-0.5286,-0.5281,-0.5261,-0.5223,-0.5166,-0.5088,-0.4987,-0.4866,-0.4728,-0.4578,-0.4425,-0.4285,-0.4175,-0.4118,-0.4137,-0.424,-0.4395,-0.4498,-0.443,-0.4171,-0.3782,-0.3313,-0.2775,-0.2169,-0.1511,-0.0841,-0.0221,0.0271,0.0561,0.0583,0.0293,-0.0311,-0.1171,-0.2147,-0.3045,-0.3694,-0.4029,-0.4088,-0.3962,-0.3742,-0.349,-0.3243,-0.302,-0.2826,-0.2663,-0.2527
-0.528,-0.5317,-0.5348,-0.5372,-0.5386,-0.5388,-0.5374,-0.5342,-0.5287,-0.5208,-0.5105,-0.4976,-0.4826,-0.466,-0.4488,-0.4325,-0.4191,-0.4117,-0.4136,-0.4272,-0.4501,-0.4677,-0.4607,-0.4282,-0.383,-0.3316,-0.2732,-0.2066,-0.1325,-0.055,0.0187,0.0797,0.1193,0.1298,0.1064,0.0484,-0.0383,-0.1395,-0.2352,-0.3076,-0.3492,-0.363,-0.3578,-0.3421,-0.3223,-0.3021,-0.2833,-0.2668,-0.2529,-0.2412
-0.5353,-0.5397,-0.5436,-0.5468,-0.5491,-0.5502,-0.5496,-0.5469,-0.5419,-0.5342,-0.5235,-0.51,-0.4938,-0.4755,-0.4561,-0.437,-0.4206,-0.4102,-0.4103,-0.4257,-0.4561,-0.4832,-0.4747,-0.4332,-0.3821,-0.3276,-0.266,-0.1938,-0.111,-0.0221,0.0649,0.1395,0.1912,0.2115,0.1946,0.1399,0.0532,-0.0511,-0.1526,-0.2332,-0.2843,-0.308,-0.3121,-0.3045,-0.2914,-0.2766,-0.2622,-0.2492,-0.2381,-0.2287
-0.5427,-0.5479,-0.5527,-0.5569,-0.5601,-0.5622,-0.5625,-0.5607,-0.5563,-0.5488,-0.538,-0.5239,-0.5065,-0.4865,-0.4647,-0.4425,-0.4221,-0.4072,-0.4031,-0.4162,-0.4507,-0.487,-0.4758,-0.4261,-0.3728,-0.3185,-0.2555,-0.1784,-0.0868,0.0146,0.1164,0.2061,0.2714,0.3021,0.2921,0.2405,0.1537,0.0464,-0.0609,-0.15,-0.2116,-0.2464,-0.261,-0.2626,-0.2572,-0.2486,-0.2392,-0.2302,-0.2222,-0.2153
-0.5501,-0.5562,-0.5619,-0.5672,-0.5716,-0.5748,-0.5764,-0.5756,-0.572,-0.565,-0.5542,-0.5394,-0.521,-0.4994,-0.4751,-0.4495,-0.4244,-0.4035,-0.3918,-0.396,-0.4233,-0.4595,-0.4475,-0.4004,-0.354,-0.3044,-0.2419,-0.1607,-0.0601,0.0545,0.1722,0.2784,0.3581,0.3994,0.3955,0.3461,0.2583,0.1476,0.0343,-0.0632,-0.1353,-0.1815,-0.207,-0.2183,-0.221,-0.219,-0.215,-0.2102,-0.2055,-0.2013
-0.5575,-0.5645,-0.5713,-0.5778,-0.5835,-0.5881,-0.591,-0.5916,-0.5891,-0.5828,-0.5721,-0.5569,-0.5374,-0.5142,-0.4877,-0.4587,-0.4286,-0.4002,-0.3779,-0.3662,-0.369,-0.3822,-0.3781,-0.3562,-0.3276,-0.2866,-0.226,-0.1412,-0.0318,0.0964,0.2307,0.3539,0.448,0.499,0.4998,0.4508,0.3608,0.2462,0.1273,0.0221,-0.0596,-0.1165,-0.1524,-0.1732,-0.184,-0.1888,-0.1901,-0.1896,-0.1884,-0.187
-0.5649,-0.5729,-0.5808,-0.5885,-0.5957,-0.6019,-0.6065,-0.6087,-0.6076,-0.6022,-0.5918,-0.5762,-0.5557,-0.531,-0.5027,-0.4707,-0.4356,-0.3992,-0.3646,-0.3334,-0.3034,-0.281,-0.2911,-0.306,-0.2991,-0.2676,-0.2091,-0.1209,-0.0029,0.1384,0.289,0.4285,0.5359,0.595,0.5984,0.548,0.4547,0.3362,0.2127,0.1013,0.0116,-0.0544,-0.0997,-0.1291,-0.1475,-0.1586,-0.1652,-0.169,-0.1712,-0.1726
-0.5722,-0.5812,-0.5903,-0.5994,-0.6082,-0.6162,-0.6227,-0.6269,-0.6276,-0.6235,-0.6136,-0.5975,-0.5758,-0.5498,-0.52,-0.486,-0.4466,-0.4026,-0.356,-0.3074,-0.2544,-0.2145,-0.2317,-0.2671,-0.2746,-0.2497,-0.1924,-0.1008,0.0249,0.178,0.343,0.4968,0.6151,0.6798,0.6837,0.6308,0.5342,0.4127,0.2863,0.1708,0.0754,0.0023,-0.0506,-0.0875,-0.1126,-0.1295,-0.141,-0.1488,-0.1543,-0.1583
-0.5793,-0.5893,-0.5997,-0.6102,-0.6208,-0.6308,-0.6396,-0.6462,-0.6491,-0.6467,-0.6375,-0.6208,-0.5976,-0.57,-0.5393,-0.5045,-0.4625,-0.4122,-0.3555,-0.295,-0.2341,-0.1957,-0.2113,-0.2463,-0.2571,-0.2345,-0.1768,-0.0819,0.05,0.2122,0.3882,0.5526,0.6784,0.746,0.7489,0.6934,0.5947,0.4724,0.3454,0.2285,0.1299,0.0521,-0.0065,-0.0494,-0.0801,-0.1021,-0.1179,-0.1294,-0.1379,-0.1445
-0.5861,-0.5971,-0.6088,-0.6209,-0.6333,-0.6455,-0.6568,-0.6663,-0.6721,-0.672,-0.6638,-0.6462,-0.6206,-0.5907,-0.5596,-0.5256,-0.4834,-0.4292,-0.365,-0.2976,-0.2373,-0.2049,-0.2148,-0.2399,-0.2465,-0.2221,-0.1627,-0.0653,0.0706,0.2383,0.4204,0.5902,0.7193,0.7874,0.789,0.7323,0.634,0.5136,0.389,0.2734,0.1742,0.094,0.0316,-0.0156,-0.0508,-0.0769,-0.0964,-0.1111,-0.1224,-0.1313
-0.5925,-0.6046,-0.6175,-0.6312,-0.6455,-0.6601,-0.6743,-0.687,-0.6963,-0.6994,-0.6928,-0.674,-0.6445,-0.6108,-0.5789,-0.5476,-0.5081,-0.453,-0.3845,-0.3136,-0.2555,-0.2261,-0.2286,-0.2418,-0.2407,-0.2124,-0.1507,-0.0516,0.0855,0.2541,0.4367,0.6063,0.7344,0.8012,0.8022,0.7468,0.652,0.5367,0.4173,0.3055,0.2081,0.1276,0.0634,0.0134,-0.025,-0.0544,-0.0769,-0.0943,-0.108,-0.1189
-0.5985,-0.6116,-0.6257,-0.6409,-0.6572,-0.6742,-0.6915,-0.708,-0.7216,-0.729,-0.7249,-0.7049,-0.6694,-0.6288,-0.5951,-0.568,-0.5341,-0.4815,-0.4117,-0.3394,-0.2822,-0.2517,-0.2459,-0.2476,-0.2379,-0.2048,-0.1408,-0.0415,0.0939,0.2589,0.4363,0.6004,0.7239,0.7883,0.7901,0.7387,0.6506,0.5432,0.4314,0.3256,0.2321,0.1532,0.0888,0.0374,-0.003,-0.0347,-0.0595,-0.0792,-0.0948,-0.1075
-0.6039,-0.618,-0.6332,-0.6499,-0.668,-0.6874,-0.7079,-0.7285,-0.7472,-0.7602,-0.7605,-0.7398,-0.6959,-0.6438,-0.6058,-0.5837,-0.5578,-0.5105,-0.4424,-0.3702,-0.3125,-0.2784,-0.2638,-0.2551,-0.2372,-0.1991,-0.1334,-0.0353,0.0957,0.2531,0.421,0.5753,0.6915,0.753,0.7568,0.7118,0.6328,0.5356,0.4332,0.3352,0.247,0.1712,0.1081,0.0566,0.0152,-0.018,-0.0445,-0.0658,-0.083,-0.0971
-0.6088,-0.6236,-0.6399,-0.6579,-0.6777,-0.6994,-0.723,-0.7477,-0.772,-0.7919,-0.799,-0.78,-0.7257,-0.6557,-0.6095,-0.5925,-0.5757,-0.5355,-0.4716,-0.4012,-0.3428,-0.3041,-0.2813,-0.2632,-0.2379,-0.1954,-0.1286,-0.0331,0.0914,0.2384,0.3936,0.5355,0.6428,0.7012,0.708,0.6708,0.6025,0.5166,0.4249,0.3356,0.254,0.1824,0.1216,0.0711,0.0296,-0.0042,-0.0318,-0.0542,-0.0727,-0.0879
-0.6129,-0.6284,-0.6456,-0.6647,-0.686,-0.7097,-0.736,-0.7646,-0.7945,-0.822,-0.8382,-0.8246,-0.7606,-0.6666,-0.6077,-0.5947,-0.5862,-0.5534,-0.4955,-0.4287,-0.3703,-0.3275,-0.2975,-0.2716,-0.2399,-0.1937,-0.1266,-0.0347,0.0818,0.2169,0.3578,0.4863,0.5841,0.6393,0.6494,0.6205,0.5633,0.4894,0.4087,0.3287,0.2542,0.1877,0.1301,0.0813,0.0405,0.0066,-0.0213,-0.0445,-0.0638,-0.0799
-0.6163,-0.6323,-0.6502,-0.6701,-0.6926,-0.7178,-0.7463,-0.778,-0.8125,-0.847,-0.8729,-0.8682,-0.7993,-0.681,-0.6066,-0.594,-0.5904,-0.5637,-0.5123,-0.4506,-0.3935,-0.3479,-0.3122,-0.2799,-0.243,-0.1939,-0.1273,-0.0398,0.0681,0.1909,0.3173,0.4322,0.5207,0.5727,0.586,0.5651,0.5187,0.4563,0.3866,0.316,0.2489,0.1879,0.1341,0.0876,0.0481,0.0148,-0.0132,-0.0367,-0.0564,-0.0731
-0.6188,-0.6352,-0.6535,-0.6741,-0.6972,-0.7234,-0.7532,-0.7869,-0.8243,-0.8633,-0.896,-0.8994,-0.8322,-0.7014,-0.6141,-0.5959,-0.5914,-0.568,-0.5227,-0.4665,-0.4118,-0.3648,-0.3251,-0.2879,-0.2469,-0.196,-0.1304,-0.0477,0.0515,0.1621,0.2747,0.3769,0.4566,0.5055,0.5214,0.5078,0.4713,0.4198,0.3604,0.2989,0.2392,0.1839,0.1342,0.0905,0.0527,0.0204,-0.0071,-0.0306,-0.0505,-0.0675
-0.6205,-0.6371,-0.6556,-0.6764,-0.6998,-0.7264,-0.7565,-0.7907,-0.8287,-0.8684,-0.9022,-0.9077,-0.846,-0.7221,-0.6312,-0.6029,-0.5921,-0.5689,-0.5282,-0.4772,-0.4254,-0.3782,-0.336,-0.2955,-0.2516,-0.1996,-0.1357,-0.0578,0.0329,0.1322,0.2323,0.3229,0.3945,0.4403,0.4584,0.4509,0.4232,0.3814,0.3316,0.2786,0.2261,0.1764,0.131,0.0904,0.0547,0.0237,-0.0031,-0.0261,-0.0459,-0.063
-0.6214,-0.6379,-0.6564,-0.6771,-0.7004,-0.7266,-0.7562,-0.7894,-0.8256,-0.8624,-0.8916,-0.8934,-0.8384,-0.7344,-0.6501,-0.6127,-0.5936,-0.5684,-0.5305,-0.4838,-0.4351,-0.3886,-0.3451,-0.3024,-0.2568,-0.2045,-0.1425,-0.0696,0.0133,0.1024,0.1912,0.2716,0.336,0.3789,0.3984,0.3961,0.3759,0.3427,0.3014,0.2562,0.2104,0.1663,0.1252,0.0878,0.0544,0.025,-0.0008,-0.0232,-0.0427,-0.0597
-0.6213,-0.6378,-0.656,-0.6762,-0.6989,-0.7242,-0.7524,-0.7833,-0.8161,-0.8474,-0.8694,-0.8656,-0.818,-0.7359,-0.6634,-0.6215,-0.5952,-0.5672,-0.5308,-0.4875,-0.4415,-0.3962,-0.3524,-0.3086,-0.2621,-0.2102,-0.1506,-0.0825,-0.0067,0.0733,0.1523,0.2239,0.2819,0.322,0.3425,0.3443,0.3303,0.3044,0.2707,0.2326,0.1931,0.1541,0.1172,0.0831,0.0521,0.0245,-0.0001,-0.0217,-0.0407,-0.0574
-0.6205,-0.6366,-0.6543,-0.6739,-0.6956,-0.7195,-0.7456,-0.7735,-0.8018,-0.8268,-0.8414,-0.8334,-0.7932,-0.7294,-0.669,-0.6266,-0.5958,-0.5654,-0.5298,-0.489,-0.4455,-0.4016,-0.3581,-0.314,-0.2676,-0.2166,-0.1595,-0.0959,-0.0266,0.0455,0.116,0.18,0.2324,0.2699,0.2909,0.2959,0.2871,0.2674,0.2402,0.2084,0.1746,0.1405,0.1076,0.0767,0.0482,0.0224,-0.0008,-0.0215,-0.0398,-0.0561
-0.6189,-0.6344,-0.6515,-0.6702,-0.6906,-0.7128,-0.7365,-0.761,-0.7845,-0.8035,-0.812,-0.8018,-0.7683,-0.7183,-0.6681,-0.6276,-0.5947,-0.5628,-0.5278,-0.4889,-0.4476,-0.4052,-0.3625,-0.3188,-0.2729,-0.2233,-0.1689,-0.1094,-0.046,0.0191,0.0825,0.1399,0.1875,0.2226,0.2437,0.2511,0.2465,0.232,0.2104,0.1842,0.1554,0.1258,0.0967,0.0688,0.0428,0.0189,-0.0028,-0.0224,-0.04,-0.0557
-0.6165,-0.6314,-0.6477,-0.6653,-0.6843,-0.7046,-0.7256,-0.7466,-0.7656,-0.7796,-0.7837,-0.7727,-0.7447,-0.7046,-0.6624,-0.6249,-0.5917,-0.5593,-0.5249,-0.4876,-0.4482,-0.4074,-0.3658,-0.3229,-0.278,-0.2301,-0.1784,-0.1229,-0.0646,-0.0055,0.0516,0.1034,0.1469,0.1797,0.2007,0.2099,0.2086,0.1985,0.1817,0.1602,0.136,0.1105,0.0848,0.06,0.0364,0.0144,-0.0059,-0.0243,-0.0411,-0.0562
-0.6135,-0.6277,-0.643,-0.6595,-0.6769,-0.6951,-0.7135,-0.7312,-0.7463,-0.7562,-0.7573,-0.7464,-0.7226,-0.6897,-0.6538,-0.6193,-0.5869,-0.5549,-0.5212,-0.4854,-0.4477,-0.4085,-0.3681,-0.3264,-0.2829,-0.2368,-0.1878,-0.136,-0.0823,-0.0285,0.0233,0.0703,0.1101,0.1409,0.1616,0.1722,0.1735,0.167,0.1542,0.1369,0.1166,0.0948,0.0724,0.0503,0.029,0.0089,-0.0099,-0.0271,-0.0429,-0.0574
-0.6098,-0.6233,-0.6376,-0.6528,-0.6686,-0.6848,-0.7008,-0.7154,-0.7272,-0.7339,-0.7331,-0.7225,-0.7021,-0.6744,-0.6432,-0.6117,-0.5807,-0.5495,-0.5169,-0.4825,-0.4463,-0.4086,-0.3697,-0.3294,-0.2874,-0.2433,-0.1969,-0.1486,-0.099,-0.0498,-0.0026,0.0403,0.0769,0.1058,0.1261,0.1377,0.1411,0.1374,0.128,0.1143,0.0976,0.079,0.0596,0.04,0.0209,0.0026,-0.0146,-0.0307,-0.0455,-0.0592
