docs/data/wind_grid.json
[{"header":{"la1":42.85,"la2":41.18,"lo1":11.55,"lo2":14.05,"nx":36,"ny":24,"dx":0.07143,"dy":0.07261,"parameterCategory":2,"parameterNumber":2,"parameterNumberName":"eastward_wind","parameterUnit":"m.s-1"},"data":[-0.4914,-0.4924,-0.4905,-0.4859,-0.4791,-0.4709,-0.4618,-0.4523,-0.4431,-0.4348,-0.4286,-0.426,-0.4279,-0.4347,-0.4456,-0.4591,-0.4724,-0.4822,-0.4852,-0.4798,-0.4677,-0.453,-0.4402,-0.4313,-0.4256,-0.4211,-0.4165,-0.4112,-0.4051,-0.3986,-0.3919,-0.3852,-0.3788,-0.3728,-0.3672,-0.362,-0.5144,-0.5166,-0.5148,-0.5091,-0.5003,-0.4896,-0.4782,-0.4663,-0.4539,-0.4418,-0.4319,-0.4267,-0.4282,-0.4371,-0.4527,-0.4729,-0.4938,-0.5095,-0.5134,-0.5019,-0.4778,-0.451,-0.432,-0.4236,-0.4215,-0.4206,-0.4181,-0.4135,-0.4073,-0.4003,-0.3929,-0.3857,-0.3787,-0.3723,-0.3663,-0.3609,-0.5433,-0.5479,-0.5466,-0.5394,-0.5275,-0.5137,-0.5,-0.4861,-0.4703,-0.4522,-0.4356,-0.4255,-0.4255,-0.4367,-0.4587,-0.4892,-0.5229,-0.5501,-0.5573,-0.5334,-0.4826,-0.4295,-0.4018,-0.4014,-0.411,-0.4181,-0.4194,-0.4159,-0.4095,-0.4017,-0.3935,-0.3856,-0.3781,-0.3712,-0.3649,-0.3593,-0.5801,-0.5892,-0.5897,-0.5803,-0.5632,-0.5443,-0.5292,-0.5166,-0.4983,-0.4702,-0.4407,-0.4212,-0.4178,-0.4314,-0.4616,-0.5068,-0.5623,-0.6138,-0.6331,-0.5874,-0.4751,-0.3589,-0.3239,-0.3567,-0.395,-0.416,-0.4219,-0.4189,-0.4117,-0.4027,-0.3935,-0.3848,-0.3767,-0.3694,-0.3629,-0.3571,-0.6267,-0.6451,-0.6507,-0.6384,-0.6111,-0.5821,-0.5672,-0.5668,-0.5524,-0.504,-0.4474,-0.4113,-0.4022,-0.418,-0.4572,-0.5214,-0.6112,-0.7142,-0.7774,-0.7065,-0.4627,-0.1899,-0.1717,-0.2987,-0.385,-0.4203,-0.4279,-0.4232,-0.4138,-0.403,-0.3926,-0.3829,-0.3743,-0.3668,-0.3601,-0.3543,-0.6847,-0.7212,-0.7408,-0.7275,-0.6798,-0.6257,-0.6088,-0.6481,-0.6607,-0.5613,-0.4496,-0.3897,-0.3749,-0.3925,-0.4394,-0.522,-0.6549,-0.8506,-1.0456,-0.9806,-0.5604,-0.0707,-0.0857,-0.3017,-0.407,-0.4381,-0.4387,-0.4284,-0.4151,-0.402,-0.3902,-0.3798,-0.3709,-0.3631,-0.3565,-0.3507,-0.7516,-0.8211,-0.8771,-0.8747,-0.7878,-0.6746,-0.6293,-0.721,-0.7928,-0.5971,-0.4193,-0.3456,-0.3321,-0.3521,-0.4014,-0.4924,-0.6536,-0.9319,-1.3082,-1.2745,-0.842,-0.4732,-0.3748,-0.4404,-0.4721,-0.4685,-0.4516,-0.4321,-0.4141,-0.3986,-0.3858,-0.375,-0.366,-0.3584,-0.3519,-0.3464,-0.8156,-0.9325,-1.0657,-1.1161,-0.9578,-0.7315,-0.5985,-0.6148,-0.6388,-0.4588,-0.3158,-0.2716,-0.2742,-0.2969,-0.3386,-0.4209,-0.5769,-0.8252,-1.0999,-1.1377,-1.1081,-0.9876,-0.7529,-0.6176,-0.5455,-0.4963,-0.4589,-0.4303,-0.4085,-0.3918,-0.3787,-0.3683,-0.3597,-0.3525,-0.3464,-0.3413,-0.8543,-1.0055,-1.2193,-1.3706,-1.1155,-0.7738,-0.5334,-0.3861,-0.2667,-0.1602,-0.1422,-0.1759,-0.2097,-0.2325,-0.247,-0.3002,-0.4576,-0.6721,-0.8797,-1.104,-1.5086,-1.4017,-0.9689,-0.7156,-0.581,-0.5019,-0.4518,-0.4188,-0.3965,-0.3807,-0.3689,-0.3595,-0.3519,-0.3455,-0.34,-0.3354,-0.8527,-0.9947,-1.1634,-1.2521,-1.0872,-0.7746,-0.4641,-0.1753,0.1577,0.2858,0.0817,-0.0829,-0.1518,-0.1719,-0.1293,-0.1039,-0.3552,-0.6091,-0.8049,-1.0204,-1.3195,-1.2552,-0.9291,-0.6967,-0.5576,-0.4741,-0.4243,-0.3949,-0.377,-0.3651,-0.3563,-0.3491,-0.3429,-0.3374,-0.3327,-0.3287,-0.8182,-0.9433,-1.1,-1.2966,-1.2206,-0.784,-0.4295,-0.0917,0.6373,0.9984,0.2681,-0.0354,-0.1082,-0.1185,-0.1108,-0.0946,-0.402,-0.7113,-0.8745,-0.9195,-0.9523,-0.9,-0.7476,-0.595,-0.4822,-0.4115,-0.3747,-0.3584,-0.3511,-0.3464,-0.3421,-0.3376,-0.3329,-0.3285,-0.3245,-0.3212,-0.7602,-0.8686,-1.0271,-1.2388,-1.1473,-0.7118,-0.4544,-0.3429,0.1535,0.5398,0.1326,-0.0645,-0.0765,-0.0007,-0.0867,-0.2904,-0.626,-1.1571,-1.2996,-1.0173,-0.8166,-0.6932,-0.579,-0.467,-0.3723,-0.3167,-0.3048,-0.313,-0.3222,-0.3272,-0.3281,-0.326,-0.3225,-0.3187,-0.3153,-0.3126,-0.6834,-0.756,-0.8408,-0.8941,-0.7919,-0.5781,-0.4881,-0.5777,-0.4074,-0.0928,-0.0748,-0.1413,-0.1153,0.0492,-0.0503,-0.3746,-0.7962,-2.1113,-2.1648,-1.1596,-0.7375,-0.5498,-0.4398,-0.3444,-0.246,-0.1947,-0.2229,-0.2678,-0.2972,-0.3116,-0.3162,-0.3152,-0.3117,-0.3077,-0.3045,-0.3026,-0.6001,-0.6359,-0.6615,-0.6503,-0.5781,-0.4837,-0.452,-0.495,-0.404,-0.1923,-0.1273,-0.2095,-0.2324,-0.1053,-0.2445,-0.4832,-0.6842,-1.3819,-1.5331,-0.9132,-0.539,-0.3723,-0.3054,-0.2505,-0.1569,-0.099,-0.1666,-0.2424,-0.2851,-0.3039,-0.3084,-0.3053,-0.2994,-0.2941,-0.2911,-0.2904,-0.5232,-0.5347,-0.533,-0.5083,-0.4594,-0.4055,-0.3703,-0.3401,-0.2515,-0.1203,-0.0486,-0.0796,-0.0935,-0.0141,-0.2937,-0.5346,-1.0296,-0.7999,-0.711,-0.4473,-0.1777,-0.1049,-0.1543,-0.1881,-0.1656,-0.138,-0.1896,-0.2551,-0.2934,-0.3072,-0.3049,-0.2943,-0.2827,-0.275,-0.2726,-0.2745,-0.4583,-0.4565,-0.4439,-0.4177,-0.3794,-0.3358,-0.291,-0.234,-0.1435,-0.0067,0.1814,0.0244,-0.0201,-0.0736,-0.2311,-0.5327,-0.834,-0.5357,-0.2991,-0.0427,0.3122,0.2408,0.0001,-0.1332,-0.1928,-0.2221,-0.2621,-0.3027,-0.3235,-0.3219,-0.3031,-0.2767,-0.2545,-0.2442,-0.2456,-0.2534,-0.4056,-0.3968,-0.3799,-0.3541,-0.3201,-0.2797,-0.2325,-0.1728,-0.0914,0.0232,0.1605,0.0799,0.0785,0.0959,-0.0453,-0.1714,-0.2308,-0.0744,0.1137,0.191,0.4048,0.3184,0.0666,-0.1049,-0.2222,-0.3048,-0.3573,-0.3796,-0.3752,-0.3466,-0.2971,-0.2404,-0.2008,-0.1921,-0.2057,-0.2264,-0.3631,-0.3507,-0.3322,-0.3071,-0.2756,-0.238,-0.1937,-0.1408,-0.0777,-0.0086,0.0442,0.063,0.1218,0.163,0.2669,0.3215,0.2088,0.3752,0.6266,0.4004,0.2989,0.2107,0.0581,-0.1153,-0.2887,-0.433,-0.4966,-0.4887,-0.4489,-0.3805,-0.2792,-0.1661,-0.1004,-0.109,-0.1528,-0.1962,-0.3289,-0.3147,-0.2957,-0.2716,-0.2423,-0.208,-0.1685,-0.1237,-0.0747,-0.0254,0.0191,0.0648,0.1379,0.3123,0.8951,1.1497,0.5388,0.4954,0.6347,0.631,0.4348,0.248,0.0761,-0.1311,-0.3806,-0.6026,-0.6548,-0.613,-0.5436,-0.4294,-0.2567,-0.0531,0.0448,-0.01,-0.1026,-0.1728,-0.3012,-0.2863,-0.2675,-0.2445,-0.2175,-0.1865,-0.1515,-0.113,-0.0718,-0.0289,0.0171,0.0755,0.1735,0.3879,0.8347,0.9803,0.5942,0.5441,0.8684,1.0327,0.6013,0.3496,0.1598,-0.0959,-0.4208,-0.6674,-0.7128,-0.7554,-0.6692,-0.5108,-0.283,-0.0091,0.1114,0.0255,-0.0911,-0.1709,-0.2788,-0.2637,-0.2454,-0.2238,-0.1989,-0.1708,-0.1396,-0.1055,-0.0687,-0.0287,0.0174,0.0774,0.1674,0.3095,0.483,0.5416,0.4779,0.5108,0.7005,0.7693,0.5999,0.5138,0.3938,0.0636,-0.3905,-0.822,-1.2002,-1.0975,-0.8331,-0.6322,-0.4068,-0.1582,-0.0313,-0.0641,-0.1391,-0.1972,-0.2606,-0.2457,-0.2281,-0.2079,-0.1849,-0.1593,-0.1311,-0.1003,-0.0668,-0.0296,0.0136,0.0671,0.1365,0.2223,0.3053,0.3517,0.3709,0.4176,0.5005,0.5622,0.6539,0.9217,0.9678,0.4135,-0.278,-0.9522,-1.5314,-1.2749,-0.929,-0.7693,-0.5747,-0.3695,-0.2392,-0.205,-0.2186,-0.241,-0.2457,-0.2313,-0.2146,-0.1956,-0.1744,-0.151,-0.1254,-0.0974,-0.0669,-0.0331,0.0054,0.0503,0.1025,0.1594,0.2126,0.2542,0.29,0.3361,0.4018,0.5051,0.7513,1.2748,1.4393,0.6991,-0.0962,-0.7007,-1.0438,-1.0091,-0.9759,-0.9043,-0.7062,-0.515,-0.3841,-0.3168,-0.2914,-0.2854,-0.2337,-0.2198,-0.204,-0.1863,-0.1668,-0.1453,-0.1219,-0.0966,-0.069,-0.0388,-0.0054,0.0317,0.0722,0.1142,0.1545,0.1913,0.2281,0.2725,0.3359,0.4448,0.6564,0.9668,1.013,0.5544,-0.015,-0.4606,-0.7329,-0.8728,-0.9777,-0.917,-0.7383,-0.5736,-0.4557,-0.3822,-0.3411,-0.3196]},{"header":{"la1":42.85,"la2":41.18,"lo1":11.55,"lo2":14.05,"nx":36,"ny":24,"dx":0.07143,"dy":0.07261,"parameterCategory":2,"parameterNumber":3,"parameterNumberName":"northward_wind","parameterUnit":"m.s-1"},"data":[-0.5319,-0.5141,-0.4923,-0.4668,-0.4386,-0.41,-0.3845,-0.3663,-0.358,-0.3595,-0.3674,-0.3771,-0.3842,-0.3862,-0.382,-0.3721,-0.3578,-0.3408,-0.3232,-0.3071,-0.2943,-0.2867,-0.2857,-0.2912,-0.302,-0.316,-0.3317,-0.3478,-0.3637,-0.3792,-0.394,-0.408,-0.4213,-0.4339,-0.4457,-0.4566,-0.5407,-0.5205,-0.4943,-0.4616,-0.4231,-0.3817,-0.3434,-0.3163,-0.307,-0.3156,-0.3356,-0.3575,-0.3739,-0.3808,-0.3777,-0.3655,-0.3466,-0.3239,-0.3003,-0.2785,-0.2607,-0.25,-0.2493,-0.2587,-0.2753,-0.2952,-0.3159,-0.3361,-0.3553,-0.3733,-0.3902,-0.406,-0.4208,-0.4346,-0.4474,-0.4593,-0.5534,-0.5313,-0.5006,-0.4591,-0.4058,-0.3432,-0.2807,-0.2349,-0.2225,-0.2458,-0.2895,-0.3335,-0.3647,-0.3789,-0.3769,-0.3612,-0.3355,-0.3043,-0.2726,-0.2433,-0.218,-0.2014,-0.2013,-0.2183,-0.2447,-0.2733,-0.3004,-0.3253,-0.348,-0.3687,-0.3877,-0.4053,-0.4216,-0.4366,-0.4505,-0.4633,-0.5711,-0.5487,-0.5148,-0.464,-0.391,-0.2941,-0.1842,-0.0951,-0.073,-0.1292,-0.2225,-0.306,-0.3599,-0.3836,-0.3822,-0.3608,-0.3245,-0.2805,-0.238,-0.2016,-0.166,-0.1362,-0.137,-0.17,-0.2128,-0.2526,-0.287,-0.3166,-0.3426,-0.3658,-0.3869,-0.4062,-0.424,-0.4403,-0.4552,-0.4688,-0.5945,-0.5747,-0.5411,-0.4842,-0.3898,-0.2425,-0.0415,0.1549,0.2092,0.0695,-0.1315,-0.2822,-0.3662,-0.3996,-0.3973,-0.3675,-0.315,-0.249,-0.1901,-0.1539,-0.1132,-0.0554,-0.0596,-0.123,-0.1868,-0.2376,-0.278,-0.3114,-0.34,-0.3654,-0.3883,-0.4092,-0.4283,-0.4459,-0.4619,-0.4763,-0.6234,-0.6097,-0.583,-0.5292,-0.422,-0.2194,0.1285,0.5797,0.7408,0.3742,-0.0422,-0.283,-0.3938,-0.4323,-0.4271,-0.3872,-0.3131,-0.2086,-0.111,-0.0924,-0.0858,-0.0151,-0.0236,-0.1058,-0.1778,-0.2324,-0.2752,-0.3105,-0.3408,-0.3677,-0.3921,-0.4145,-0.435,-0.4538,-0.4708,-0.4861,-0.6555,-0.6508,-0.6378,-0.602,-0.5062,-0.2847,0.1766,0.9683,1.3411,0.5851,-0.0572,-0.3423,-0.452,-0.4855,-0.4771,-0.4303,-0.3372,-0.191,-0.0286,-0.0299,-0.0823,-0.068,-0.0774,-0.1299,-0.1878,-0.2376,-0.2789,-0.314,-0.3449,-0.3729,-0.3986,-0.4224,-0.4445,-0.4645,-0.4826,-0.4985,-0.6871,-0.6899,-0.6895,-0.6801,-0.624,-0.4582,-0.1032,0.4922,0.7552,0.1831,-0.2843,-0.4735,-0.5377,-0.5579,-0.5549,-0.5111,-0.4082,-0.2582,-0.1147,-0.0775,-0.05,-0.0529,-0.1022,-0.1545,-0.2045,-0.2489,-0.2874,-0.3212,-0.352,-0.3808,-0.4079,-0.4334,-0.4571,-0.4786,-0.4977,-0.5143,-0.7162,-0.7216,-0.7163,-0.7071,-0.7081,-0.6533,-0.5266,-0.3762,-0.3728,-0.5354,-0.6282,-0.6362,-0.6287,-0.6401,-0.6757,-0.6587,-0.5231,-0.3607,-0.2253,-0.0993,0.0756,0.0436,-0.0893,-0.1689,-0.2215,-0.2629,-0.2984,-0.3307,-0.3614,-0.3912,-0.4202,-0.4478,-0.4735,-0.4967,-0.517,-0.5342,-0.7442,-0.7558,-0.7555,-0.7517,-0.7919,-0.82,-0.8587,-0.9449,-1.1264,-1.1842,-0.9585,-0.772,-0.6956,-0.7065,-0.8553,-0.9439,-0.6437,-0.4271,-0.2905,-0.155,-0.0045,-0.0169,-0.1211,-0.1932,-0.241,-0.2779,-0.31,-0.3408,-0.372,-0.4039,-0.4356,-0.4663,-0.4948,-0.5201,-0.5417,-0.5593,-0.7704,-0.7955,-0.8305,-0.8863,-0.8958,-0.9568,-1.1056,-1.2818,-1.6447,-1.8461,-1.186,-0.8326,-0.7255,-0.7282,-0.8393,-0.9468,-0.6064,-0.4218,-0.33,-0.2445,-0.1692,-0.1525,-0.185,-0.2256,-0.2612,-0.2912,-0.3194,-0.3494,-0.3828,-0.4185,-0.455,-0.4903,-0.5226,-0.5506,-0.5734,-0.591,-0.7901,-0.8227,-0.8639,-0.9013,-0.9281,-1.0767,-1.3366,-1.5358,-1.5725,-1.5724,-1.0977,-0.797,-0.7349,-0.834,-0.7301,-0.545,-0.4063,-0.387,-0.3739,-0.2961,-0.2363,-0.2138,-0.2227,-0.2479,-0.2755,-0.2987,-0.3229,-0.3544,-0.393,-0.4358,-0.4797,-0.5218,-0.5596,-0.5909,-0.6148,-0.6313,-0.8007,-0.8349,-0.8748,-0.9193,-0.9954,-1.1788,-1.4885,-1.7869,-1.6041,-1.2357,-0.9108,-0.725,-0.6767,-0.8827,-0.7021,-0.2309,-0.1587,-0.4817,-0.5056,-0.3047,-0.2291,-0.2084,-0.2214,-0.2524,-0.2817,-0.2971,-0.3173,-0.355,-0.4037,-0.4577,-0.5128,-0.565,-0.6102,-0.6453,-0.6693,-0.683,-0.8029,-0.8367,-0.878,-0.9328,-1.0211,-1.1745,-1.3994,-1.6109,-1.4748,-1.0719,-0.7927,-0.7058,-0.6596,-0.2488,-0.1575,0.3684,0.283,-0.153,-0.31,-0.2135,-0.1494,-0.1388,-0.1806,-0.2403,-0.2837,-0.291,-0.3091,-0.3571,-0.4192,-0.4883,-0.5594,-0.6262,-0.6816,-0.7207,-0.7425,-0.7497,-0.7981,-0.8294,-0.8681,-0.9185,-0.9888,-1.0848,-1.1912,-1.2398,-1.12,-0.8949,-0.7265,-0.5922,-0.3523,0.0732,0.055,0.5466,1.0043,0.287,-0.0488,-0.063,0.0513,0.0423,-0.0899,-0.2076,-0.2743,-0.2934,-0.3164,-0.3695,-0.4439,-0.5323,-0.6269,-0.716,-0.786,-0.8277,-0.8417,-0.8353,-0.7874,-0.8142,-0.846,-0.8842,-0.9294,-0.977,-1.0096,-0.9938,-0.9082,-0.8069,-0.8162,-0.5597,-0.4763,-0.2862,-0.0914,0.3336,0.7155,0.2158,-0.0583,0.061,0.5192,0.3992,0.026,-0.1687,-0.2531,-0.2894,-0.3229,-0.3827,-0.4745,-0.5925,-0.7253,-0.8519,-0.9437,-0.983,-0.9765,-0.9434,-0.7726,-0.7939,-0.8175,-0.8429,-0.8678,-0.8865,-0.8884,-0.8619,-0.8096,-0.7686,-0.7938,-0.673,-0.7199,-0.7514,-0.3882,-0.1489,-0.0571,-0.2243,-0.3517,-0.074,0.5754,0.4281,0.015,-0.1723,-0.2345,-0.2496,-0.2806,-0.3646,-0.4974,-0.6675,-0.8665,-1.0615,-1.1877,-1.2087,-1.1541,-1.0727,-0.7557,-0.7716,-0.7877,-0.8029,-0.8147,-0.8191,-0.811,-0.7877,-0.7543,-0.7248,-0.7039,-0.6875,-0.7912,-0.813,-0.6441,-0.5739,-0.479,-0.652,-0.9088,-0.5033,-0.1235,-0.0466,-0.1577,-0.2262,-0.2012,-0.1138,-0.1151,-0.2799,-0.5026,-0.7528,-1.0562,-1.376,-1.5561,-1.5166,-1.3655,-1.2094,-0.7383,-0.7495,-0.7598,-0.768,-0.7722,-0.7702,-0.7598,-0.741,-0.7173,-0.6942,-0.6765,-0.673,-0.6983,-0.741,-0.9603,-1.074,-0.7203,-0.7287,-0.8427,-0.7002,-0.4968,-0.367,-0.3362,-0.2999,-0.149,0.1821,0.2518,-0.1583,-0.517,-0.8383,-1.2539,-1.7541,-2.0017,-1.8397,-1.5548,-1.3194,-0.7215,-0.729,-0.7351,-0.7388,-0.7389,-0.7343,-0.7241,-0.7091,-0.6913,-0.6741,-0.6615,-0.6595,-0.6775,-0.7441,-0.9302,-0.9886,-0.7633,-0.7108,-0.8127,-0.864,-0.6611,-0.5416,-0.4863,-0.4093,-0.2199,0.2023,0.2997,-0.281,-0.619,-0.9092,-1.332,-1.9056,-2.183,-1.9569,-1.6198,-1.3594,-0.7059,-0.7107,-0.7139,-0.7149,-0.7129,-0.7074,-0.6983,-0.6861,-0.6725,-0.6597,-0.6507,-0.6497,-0.6632,-0.7015,-0.7592,-0.7662,-0.7095,-0.6947,-0.749,-0.7667,-0.6987,-0.6767,-0.6579,-0.5775,-0.4741,-0.4642,-0.7452,-0.772,-0.8112,-0.9693,-1.2443,-1.6384,-1.8636,-1.7528,-1.5211,-1.3161,-0.6919,-0.6947,-0.696,-0.6954,-0.6924,-0.6869,-0.6789,-0.669,-0.6584,-0.6486,-0.6417,-0.6402,-0.6468,-0.6624,-0.6791,-0.6803,-0.6683,-0.6688,-0.6889,-0.7098,-0.7541,-0.8729,-0.9083,-0.7685,-0.6852,-0.8098,-1.0839,-0.9973,-0.9998,-1.058,-1.149,-1.3249,-1.4609,-1.4515,-1.3467,-1.2225,-0.6795,-0.6809,-0.681,-0.6795,-0.6761,-0.6709,-0.664,-0.6559,-0.6474,-0.6396,-0.6339,-0.6315,-0.6333,-0.6386,-0.6439,-0.6455,-0.6458,-0.6527,-0.6723,-0.7138,-0.8158,-1.014,-1.0733,-0.8825,-0.7798,-0.8354,-0.9486,-1.0486,-1.2248,-1.1883,-1.1274,-1.1611,-1.2182,-1.2295,-1.1887,-1.1217,-0.6686,-0.6691,-0.6684,-0.6665,-0.6631,-0.6583,-0.6524,-0.6457,-0.6387,-0.6324,-0.6274,-0.6244,-0.6239,-0.6252,-0.6274,-0.6299,-0.6345,-0.6453,-0.6681,-0.7136,-0.8007,-0.9201,-0.9513,-0.8606,-0.8036,-0.8341,-0.9261,-1.0853,-1.2529,-1.2071,-1.1116,-1.0835,-1.0914,-1.0934,-1.0735,-1.036]}]