docs/data/wind_grid.json
[{"header":{"la1":42.85,"la2":41.18,"lo1":11.55,"lo2":14.05,"nx":36,"ny":24,"dx":0.07143,"dy":0.07261,"parameterCategory":2,"parameterNumber":2,"parameterNumberName":"eastward_wind","parameterUnit":"m.s-1"},"data":[0.3538,0.3875,0.4247,0.4648,0.5068,0.5486,0.5879,0.6228,0.6536,0.6844,0.7224,0.7762,0.8511,0.9442,1.039,1.1067,1.1194,1.0705,0.9779,0.8675,0.7588,0.6613,0.5777,0.5073,0.4482,0.3985,0.3564,0.3204,0.2894,0.2625,0.239,0.2184,0.2001,0.1839,0.1694,0.1563,0.3568,0.3949,0.4382,0.4866,0.5387,0.5918,0.6411,0.6816,0.7116,0.7367,0.7703,0.8298,0.9295,1.0722,1.2351,1.3605,1.3842,1.2941,1.1377,0.9696,0.8194,0.6952,0.5952,0.515,0.4499,0.3966,0.3523,0.315,0.2832,0.2559,0.2323,0.2116,0.1933,0.1772,0.1628,0.1499,0.3565,0.3992,0.4496,0.5084,0.5751,0.6464,0.714,0.766,0.7935,0.8029,0.8185,0.873,0.997,1.2092,1.4892,1.7282,1.7682,1.588,1.318,1.0664,0.8667,0.7156,0.6014,0.5137,0.4448,0.3894,0.3441,0.3063,0.2745,0.2473,0.2238,0.2033,0.1853,0.1695,0.1554,0.1428,0.3516,0.3985,0.4561,0.5271,0.6137,0.7141,0.8171,0.8967,0.923,0.8981,0.8689,0.8955,1.0283,1.3123,1.757,2.1933,2.2535,1.9037,1.469,1.125,0.8828,0.7136,0.5921,0.5016,0.4319,0.3766,0.3317,0.2945,0.2632,0.2366,0.2136,0.1937,0.1762,0.1608,0.1471,0.1349,0.3407,0.3901,0.4535,0.5365,0.6462,0.789,0.958,1.1064,1.1442,1.0476,0.9252,0.8881,0.9942,1.298,1.8494,2.4667,2.544,2.034,1.4869,1.1024,0.8513,0.6833,0.5653,0.4783,0.4114,0.3584,0.3154,0.2797,0.2497,0.2241,0.2021,0.1829,0.1661,0.1513,0.1382,0.1265,0.3224,0.3718,0.4372,0.5271,0.6557,0.8449,1.1143,1.414,1.5072,1.2621,0.9742,0.8431,0.8871,1.1182,1.5623,2.0696,2.1499,1.7472,1.3016,0.9829,0.7714,0.6271,0.5236,0.4458,0.3849,0.336,0.2959,0.2625,0.2343,0.2102,0.1894,0.1712,0.1553,0.1412,0.1287,0.1175,0.2964,0.3422,0.4035,0.4901,0.6199,0.8277,1.1712,1.6547,1.8552,1.3998,0.946,0.7481,0.7333,0.8548,1.0889,1.3387,1.401,1.2347,1.0039,0.8101,0.6653,0.5572,0.474,0.4082,0.3549,0.311,0.2746,0.2439,0.2178,0.1954,0.176,0.159,0.144,0.1307,0.1188,0.1082,0.2634,0.3021,0.3533,0.4244,0.5298,0.6974,0.9741,1.3657,1.5149,1.1238,0.7606,0.601,0.5711,0.6211,0.7206,0.8244,0.8687,0.8304,0.7455,0.6519,0.5656,0.4901,0.4254,0.3705,0.3242,0.2853,0.2525,0.2247,0.2009,0.1804,0.1624,0.1465,0.1325,0.1199,0.1087,0.0986,0.2255,0.2549,0.2919,0.3402,0.4058,0.4981,0.6238,0.7511,0.7593,0.6249,0.502,0.4421,0.4342,0.461,0.5074,0.5593,0.5986,0.6106,0.5927,0.5513,0.4967,0.4391,0.3848,0.3367,0.2955,0.2605,0.231,0.206,0.1845,0.1657,0.1491,0.1343,0.1211,0.1092,0.0985,0.089,0.1852,0.205,0.2277,0.2535,0.2823,0.3134,0.3427,0.3559,0.3315,0.3072,0.3124,0.3229,0.3468,0.3789,0.4092,0.4446,0.4929,0.5393,0.5536,0.5248,0.4702,0.4103,0.3557,0.3091,0.2702,0.238,0.2112,0.1887,0.1693,0.1522,0.1368,0.1229,0.1102,0.0987,0.0884,0.0793,0.1451,0.1565,0.1675,0.1766,0.1814,0.1791,0.1714,0.1738,0.1992,0.2085,0.2194,0.2568,0.3203,0.3821,0.398,0.412,0.49,0.6075,0.6492,0.5835,0.4856,0.4014,0.3369,0.2874,0.2488,0.2184,0.1941,0.174,0.1566,0.1409,0.1262,0.1126,0.1,0.0886,0.0785,0.0696,0.1068,0.1117,0.1148,0.1143,0.1077,0.092,0.0677,0.0539,0.1133,0.163,0.164,0.221,0.3411,0.5018,0.4627,0.4063,0.5582,0.9009,0.9671,0.7277,0.5236,0.4008,0.3241,0.2708,0.2317,0.2029,0.1811,0.1635,0.1478,0.1328,0.1181,0.1039,0.0908,0.079,0.0687,0.0599,0.0711,0.0715,0.0698,0.065,0.0558,0.041,0.0205,0.0007,0.0185,0.0557,0.0977,0.2039,0.3028,0.5415,0.4768,0.345,0.5932,1.435,1.4525,0.8367,0.5305,0.395,0.3165,0.2601,0.2197,0.1926,0.1741,0.1594,0.145,0.1295,0.1132,0.0972,0.0823,0.0695,0.0587,0.05,0.0379,0.035,0.0304,0.0237,0.0151,0.0057,-0.0015,-0.0038,-0.0135,-0.0404,-0.0105,0.2238,0.2994,0.1142,0.1647,0.158,0.312,0.9187,1.0419,0.6605,0.4816,0.4042,0.3286,0.2599,0.2142,0.19,0.1771,0.166,0.1514,0.1329,0.1122,0.0919,0.0739,0.0593,0.048,0.0394,0.0069,0.0014,-0.0057,-0.0145,-0.0244,-0.0346,-0.0449,-0.0617,-0.111,-0.2062,-0.2736,-0.2055,-0.135,-0.2896,-0.0825,-0.0498,-0.0674,0.164,0.3444,0.4112,0.539,0.532,0.3887,0.2706,0.2148,0.1999,0.198,0.1906,0.1721,0.145,0.1149,0.0866,0.0636,0.0469,0.0354,0.0277,-0.0221,-0.0302,-0.04,-0.0519,-0.066,-0.0835,-0.1084,-0.1525,-0.241,-0.409,-0.6591,-0.6395,-0.5063,-0.3591,-0.2868,-0.1973,-0.1352,-0.1308,-0.0321,0.3467,0.9885,0.8778,0.4695,0.2685,0.2187,0.2347,0.254,0.2468,0.2135,0.167,0.1188,0.0774,0.0476,0.0296,0.0197,0.0143,-0.0493,-0.0599,-0.0726,-0.0881,-0.1074,-0.1329,-0.1698,-0.2281,-0.324,-0.4761,-0.6544,-0.6384,-0.7807,-0.8667,-0.6017,-0.5104,-0.4636,-0.5271,-0.5178,0.0342,1.0145,0.8604,0.3806,0.2088,0.2345,0.3288,0.3814,0.3551,0.282,0.197,0.1182,0.057,0.0201,0.0042,-0.0001,-0.0007,-0.0747,-0.0875,-0.1029,-0.1216,-0.1452,-0.176,-0.218,-0.2768,-0.3577,-0.4575,-0.5512,-0.6416,-0.8692,-0.9603,-0.9919,-1.0568,-0.8881,-0.9838,-1.1989,-0.7031,-0.0688,0.1285,0.059,0.0952,0.2974,0.5502,0.6376,0.5315,0.3739,0.2284,0.1053,0.0171,-0.024,-0.0297,-0.0228,-0.016,-0.0981,-0.1127,-0.1302,-0.1515,-0.1777,-0.2109,-0.2533,-0.3077,-0.3748,-0.4517,-0.5352,-0.6391,-0.7885,-1.0223,-1.6877,-1.9571,-1.254,-1.1252,-1.2398,-1.213,-0.8249,-0.4909,-0.2988,-0.0432,0.3973,0.9095,1.0163,0.7242,0.4578,0.2522,0.0819,-0.0356,-0.0748,-0.0629,-0.0423,-0.0286,-0.1192,-0.1353,-0.1544,-0.1772,-0.2047,-0.2383,-0.2795,-0.3293,-0.3884,-0.4567,-0.537,-0.6406,-0.7944,-1.0796,-1.6112,-1.7715,-1.3138,-1.2216,-1.603,-1.7958,-1.249,-0.9193,-0.678,-0.2807,0.3287,0.9649,1.085,0.7447,0.4862,0.267,0.0748,-0.0566,-0.0937,-0.0745,-0.0501,-0.0354,-0.1381,-0.1553,-0.1753,-0.1989,-0.2268,-0.2599,-0.2992,-0.3455,-0.3996,-0.4628,-0.5387,-0.6359,-0.7712,-0.9667,-1.19,-1.2612,-1.1755,-1.2075,-1.4352,-1.5262,-1.3863,-1.3998,-1.2942,-0.7594,-0.006,0.5602,0.7292,0.6624,0.4773,0.2743,0.0983,-0.0195,-0.0617,-0.0578,-0.0451,-0.0367,-0.1548,-0.1726,-0.1931,-0.2169,-0.2445,-0.2767,-0.314,-0.3573,-0.4073,-0.4655,-0.5345,-0.619,-0.7238,-0.847,-0.9617,-1.025,-1.053,-1.1208,-1.2473,-1.3871,-1.6769,-2.2918,-2.4315,-1.5292,-0.4257,0.3786,0.7558,0.6587,0.4409,0.2566,0.1159,0.0235,-0.0211,-0.0347,-0.0366,-0.0367,-0.1693,-0.1873,-0.208,-0.2315,-0.2585,-0.2894,-0.3248,-0.3651,-0.4112,-0.464,-0.525,-0.5957,-0.6763,-0.762,-0.8413,-0.9053,-0.9653,-1.0494,-1.1835,-1.4258,-1.9728,-2.9378,-3.2049,-2.0782,-0.8225,0.0301,0.4285,0.4422,0.3167,0.1931,0.0979,0.0328,-0.0055,-0.025,-0.0345,-0.0398,-0.1817,-0.1998,-0.2202,-0.2433,-0.2694,-0.2989,-0.3321,-0.3695,-0.4117,-0.4591,-0.5123,-0.5717,-0.6361,-0.7028,-0.7679,-0.831,-0.9002,-0.9931,-1.138,-1.3932,-1.854,-2.4519,-2.5641,-1.8704,-0.9861,-0.3253,0.0359,0.1527,0.143,0.0959,0.0481,0.0105,-0.0154,-0.0318,-0.0418,-0.0482]},{"header":{"la1":42.85,"la2":41.18,"lo1":11.55,"lo2":14.05,"nx":36,"ny":24,"dx":0.07143,"dy":0.07261,"parameterCategory":2,"parameterNumber":3,"parameterNumberName":"northward_wind","parameterUnit":"m.s-1"},"data":[3.121,3.1125,3.1015,3.0875,3.07,3.0484,3.0216,2.9881,2.9456,2.891,2.8211,2.7334,2.6283,2.5123,2.4008,2.3174,2.2823,2.2974,2.3465,2.4084,2.4683,2.5194,2.5605,2.5924,2.6168,2.6353,2.6493,2.66,2.6682,2.6745,2.6794,2.6834,2.6867,2.6896,2.6922,2.6947,3.1396,3.1321,3.1219,3.1085,3.0915,3.0702,3.0437,3.0105,2.9672,2.9088,2.8292,2.722,2.5834,2.4172,2.2456,2.1152,2.0731,2.1222,2.221,2.3261,2.4159,2.4856,2.5374,2.5753,2.603,2.6234,2.6384,2.6495,2.6579,2.6642,2.6691,2.6731,2.6764,2.6792,2.6819,2.6845,3.1599,3.1536,3.1444,3.1317,3.115,3.0939,3.0682,3.0366,2.9954,2.9369,2.8508,2.7252,2.5477,2.3115,2.0389,1.8186,1.7688,1.8922,2.0792,2.2467,2.3719,2.4597,2.5204,2.5626,2.5922,2.6132,2.6284,2.6394,2.6476,2.6537,2.6584,2.6622,2.6653,2.6681,2.6708,2.6735,3.1818,3.1772,3.1692,3.1572,3.1403,3.1184,3.0922,3.0627,3.0271,2.9748,2.8891,2.7523,2.5422,2.2307,1.8171,1.4419,1.3852,1.646,1.9591,2.194,2.3485,2.4476,2.5121,2.555,2.5843,2.6047,2.6191,2.6295,2.6371,2.6427,2.647,2.6505,2.6534,2.6561,2.6588,2.6616,3.2055,3.2029,3.1967,3.1855,3.1677,3.1425,3.1112,3.0797,3.0528,3.0163,2.9422,2.8083,2.5906,2.2465,1.7387,1.2206,1.157,1.5425,1.9375,2.1988,2.3565,2.4525,2.5129,2.5523,2.5788,2.5972,2.6101,2.6193,2.626,2.6309,2.6347,2.6377,2.6404,2.643,2.6456,2.6485,3.2308,3.2312,3.2277,3.2183,3.1998,3.1684,3.1226,3.0733,3.0515,3.0478,3.0011,2.8859,2.6939,2.3982,1.9718,1.5358,1.4604,1.7525,2.0625,2.2693,2.3947,2.4714,2.5201,2.5522,2.5742,2.5895,2.6004,2.6082,2.6137,2.6178,2.621,2.6235,2.6259,2.6283,2.631,2.6341,3.2578,3.2621,3.2629,3.2576,3.2416,3.207,3.1433,3.0543,3.0196,3.0687,3.062,2.9714,2.8186,2.6088,2.3474,2.1042,2.0246,2.121,2.261,2.3708,2.445,2.4942,2.5278,2.5513,2.5681,2.5802,2.5889,2.5952,2.5997,2.6029,2.6054,2.6075,2.6096,2.6119,2.6147,2.618,3.2856,3.2951,3.3023,3.3049,3.2981,3.2738,3.2188,3.131,3.0929,3.1491,3.1451,3.0576,2.9266,2.7763,2.62,2.4832,2.4049,2.3937,2.4187,2.4519,2.4826,2.5083,2.529,2.5454,2.558,2.5675,2.5746,2.5796,2.5832,2.5856,2.5875,2.5891,2.5909,2.5931,2.5961,2.5999,3.3134,3.329,3.3444,3.3583,3.3679,3.3688,3.3565,3.3369,3.3381,3.3403,3.2699,3.1396,2.9959,2.8641,2.7504,2.6522,2.5718,2.5157,2.4864,2.4804,2.4889,2.5031,2.5178,2.5308,2.5415,2.5499,2.5562,2.5606,2.5635,2.5653,2.5666,2.5678,2.5693,2.5716,2.5749,2.5793,3.3398,3.3616,3.386,3.413,3.4421,3.4723,3.5039,3.547,3.6185,3.6132,3.4257,3.2013,3.0105,2.8679,2.7729,2.6944,2.6042,2.5134,2.4555,2.4421,2.4547,2.4736,2.4909,2.5053,2.517,2.5263,2.533,2.5374,2.5401,2.5414,2.5422,2.5429,2.5442,2.5466,2.5504,2.5558,3.3629,3.3905,3.4231,3.4623,3.5097,3.5662,3.6279,3.6933,3.8451,3.926,3.55,3.2175,2.957,2.7703,2.7073,2.6691,2.5507,2.3843,2.3004,2.326,2.3797,2.4201,2.4472,2.4673,2.4833,2.4956,2.5042,2.5095,2.5122,2.5132,2.5134,2.5136,2.5147,2.5173,2.5219,2.5286,3.3814,3.4132,3.4517,3.4998,3.5612,3.6395,3.7311,3.7961,3.8075,3.7978,3.5086,3.2075,2.8716,2.5171,2.5605,2.6329,2.4365,2.0364,1.9366,2.1334,2.2789,2.3475,2.3854,2.4147,2.4392,2.4575,2.4696,2.4763,2.4794,2.48,2.4794,2.4789,2.4796,2.4826,2.4884,2.4971,3.3942,3.428,3.4693,3.5209,3.5876,3.6753,3.7868,3.8857,3.8174,3.65,3.4571,3.2941,3.0293,2.4403,2.5207,2.6762,2.3625,1.4683,1.4386,1.9792,2.1883,2.252,2.2958,2.3427,2.3835,2.412,2.4288,2.4374,2.4407,2.4408,2.4392,2.4375,2.4375,2.4408,2.4484,2.4602,3.4011,3.4348,3.4752,3.5246,3.586,3.6627,3.7522,3.8268,3.7774,3.6223,3.4952,3.4364,3.3929,3.1035,2.947,2.8383,2.5838,1.9542,1.8004,2.0555,2.0834,2.0785,2.1497,2.245,2.3179,2.3605,2.3818,2.3915,2.3951,2.3948,2.3915,2.3874,2.3859,2.3898,2.4003,2.4167,3.4024,3.4343,3.4713,3.5145,3.5646,3.6202,3.6738,3.7024,3.6779,3.6415,3.631,3.5748,3.4629,3.5666,3.2121,2.9428,2.8057,2.624,2.3704,2.097,1.7152,1.6682,1.912,2.1297,2.2515,2.3055,2.3265,2.336,2.341,2.341,2.3349,2.3263,2.3215,2.3261,2.3416,2.3656,3.3993,3.4283,3.4609,3.497,3.5359,3.575,3.6085,3.6301,3.6503,3.7241,3.9039,3.8684,3.7249,3.5369,3.3494,3.071,2.8954,2.8735,2.6447,1.9119,0.7412,0.9329,1.6603,2.0502,2.2029,2.2454,2.2544,2.2644,2.2765,2.2797,2.2689,2.2505,2.239,2.2453,2.27,2.3065,3.3927,3.4187,3.4469,3.4769,3.508,3.5383,3.5664,3.5949,3.6395,3.735,3.8812,3.839,3.9026,3.9332,3.5625,3.3397,3.2225,3.2466,3.1505,2.241,0.6509,0.9058,1.7198,2.0851,2.1773,2.1587,2.1416,2.1655,2.2015,2.2149,2.1945,2.1555,2.131,2.1427,2.1851,2.2415,3.3838,3.4068,3.4312,3.4567,3.4827,3.5087,3.5353,3.566,3.6089,3.6698,3.7289,3.7697,3.9293,3.9598,3.7296,3.6355,3.5292,3.7333,4.0595,3.2364,2.2501,1.9663,2.1263,2.2113,2.1381,1.9909,1.9435,2.0306,2.1255,2.1575,2.1171,2.0386,1.9941,2.0211,2.0941,2.1781,3.3732,3.3935,3.4149,3.4369,3.4594,3.4824,3.5069,3.5347,3.5686,3.608,3.6472,3.6895,3.747,3.7827,3.9385,4.0217,3.7177,3.7901,3.9657,3.7018,3.1516,2.6978,2.4884,2.3283,2.069,1.7226,1.6503,1.9007,2.0804,2.1262,2.0542,1.9206,1.8553,1.9098,2.02,2.1312,3.3614,3.3795,3.3981,3.4173,3.437,3.4572,3.4786,3.5021,3.5281,3.5561,3.5848,3.6157,3.6534,3.7211,3.8883,3.9363,3.7244,3.723,4.0033,4.1385,3.5049,2.9879,2.6794,2.428,2.1058,1.6945,1.6119,1.9547,2.1162,2.139,2.0421,1.879,1.8053,1.8733,1.9981,2.1184,3.3489,3.3648,3.3812,3.3979,3.4149,3.4324,3.4505,3.4695,3.4895,3.5101,3.5311,3.5538,3.5826,3.6276,3.6857,3.6861,3.6217,3.6359,3.7891,3.7955,3.3878,2.9833,2.7401,2.5347,2.2934,2.1356,2.2325,2.2416,2.2212,2.1932,2.1001,1.966,1.8997,1.9441,2.0429,2.1459,3.3358,3.3498,3.364,3.3785,3.393,3.4077,3.4226,3.4377,3.4528,3.4678,3.4825,3.4977,3.5149,3.5344,3.5479,3.5372,3.5077,3.4946,3.4911,3.3876,3.1088,2.8211,2.7132,2.6198,2.4493,2.3521,2.3957,2.3603,2.3039,2.26,2.1904,2.1045,2.055,2.0705,2.1297,2.2028,3.3223,3.3345,3.3468,3.3591,3.3714,3.3835,3.3954,3.4069,3.4179,3.4282,3.4375,3.4457,3.4526,3.4564,3.4523,3.4347,3.4044,3.365,3.3003,3.1663,2.9397,2.7193,2.6794,2.6602,2.5418,2.4326,2.3925,2.3753,2.352,2.3209,2.2757,2.2248,2.1921,2.1936,2.2247,2.2712,3.3086,3.3192,3.3297,3.34,3.3501,3.3597,3.3689,3.3773,3.3848,3.391,3.3956,3.398,3.3974,3.392,3.3789,3.3554,3.3195,3.2677,3.1893,3.0685,2.9077,2.7655,2.7132,2.6807,2.5996,2.5102,2.4524,2.4229,2.4023,2.3788,2.349,2.318,2.2969,2.2942,2.31,2.3385]}]