docs/data/wind_grid.json
{"header": {"la1":42.1,"la2":41.55,"lo1":12.1,"lo2":12.95,"nx":50,"ny":50,"dx":0.01735,"dy":0.01122,"parameterCategory":2,"parameterNumber":3,"parameterNumberName":"northward_wind","parameterUnit":"m.s-1"}, "data":
[rows 0 to 45 of 50, columns 0 to 49 of 50]
2.0613,2.0614,2.0616,2.0621,2.0628,2.0637,2.0648,2.0662,2.0679,2.0697,2.0719,2.0744,2.0771,2.0802,2.0838,2.0878,2.0925,2.098,2.1045,2.1122,2.1214,2.1323,2.1452,2.1604,2.1781,2.1983,2.2213,2.2471,2.2755,2.3065,2.3399,2.3752,2.412,2.4496,2.4871,2.5234,2.5573,2.5877,2.6135,2.6338,2.6483,2.6571,2.6604,2.6591,2.6538,2.6456,2.6352,2.6232,2.6104,2.5971
2.0579,2.0579,2.058,2.0584,2.0589,2.0597,2.0608,2.0621,2.0636,2.0654,2.0674,2.0697,2.0722,2.0751,2.0784,2.0822,2.0865,2.0916,2.0978,2.1051,2.114,2.1248,2.1377,2.1531,2.1711,2.192,2.2158,2.2427,2.2725,2.3052,2.3406,2.3782,2.4175,2.4579,2.4983,2.5376,2.5743,2.6072,2.6348,2.6563,2.6712,2.6795,2.6818,2.679,2.6721,2.662,2.6497,2.6361,2.6216,2.6069
2.0545,2.0543,2.0543,2.0546,2.055,2.0557,2.0567,2.0578,2.0593,2.0609,2.0628,2.0649,2.0673,2.07,2.073,2.0764,2.0804,2.0851,2.0908,2.0977,2.1063,2.1168,2.1297,2.1451,2.1635,2.185,2.2097,2.2377,2.269,2.3034,2.3408,2.3807,2.4227,2.466,2.5096,2.5521,2.592,2.6276,2.6573,2.68,2.6952,2.703,2.7041,2.6996,2.6906,2.6785,2.6643,2.6487,2.6326,2.6164
2.051,2.0507,2.0506,2.0507,2.0511,2.0517,2.0525,2.0536,2.0549,2.0564,2.0582,2.0602,2.0624,2.0648,2.0675,2.0705,2.0741,2.0783,2.0835,2.09,2.0982,2.1084,2.1211,2.1366,2.1553,2.1773,2.2029,2.2321,2.2648,2.301,2.3405,2.3828,2.4276,2.474,2.5209,2.567,2.6103,2.6488,2.6808,2.7048,2.7203,2.7274,2.727,2.7205,2.7094,2.695,2.6786,2.6611,2.6432,2.6255
2.0475,2.0471,2.0468,2.0468,2.0471,2.0475,2.0483,2.0493,2.0505,2.0519,2.0535,2.0554,2.0574,2.0595,2.0619,2.0646,2.0677,2.0714,2.076,2.0819,2.0896,2.0994,2.1119,2.1274,2.1464,2.169,2.1955,2.2259,2.2601,2.2981,2.3396,2.3844,2.4319,2.4815,2.532,2.5818,2.6288,2.6707,2.7051,2.7306,2.7462,2.7524,2.7503,2.7416,2.728,2.7112,2.6925,2.6729,2.6532,2.634
2.0439,2.0433,2.043,2.0429,2.043,2.0433,2.044,2.0449,2.046,2.0473,2.0489,2.0506,2.0524,2.0543,2.0564,2.0586,2.0612,2.0643,2.0683,2.0735,2.0805,2.0898,2.102,2.1175,2.1368,2.16,2.1874,2.219,2.2547,2.2945,2.3381,2.3853,2.4356,2.4884,2.5426,2.5964,2.6474,2.6928,2.73,2.7569,2.7727,2.7778,2.7737,2.7625,2.7462,2.7268,2.7057,2.684,2.6626,2.6418
2.0403,2.0396,2.0391,2.0388,2.0388,2.0391,2.0396,2.0404,2.0415,2.0427,2.0442,2.0457,2.0474,2.0491,2.0508,2.0527,2.0547,2.0571,2.0603,2.0648,2.071,2.0797,2.0915,2.107,2.1265,2.1504,2.1787,2.2116,2.2488,2.2903,2.336,2.3854,2.4385,2.4945,2.5523,2.6101,2.6654,2.7148,2.7549,2.7835,2.7993,2.8031,2.7968,2.7828,2.7636,2.7414,2.7179,2.6942,2.6709,2.6487
2.0366,2.0357,2.0351,2.0347,2.0346,2.0347,2.0352,2.0359,2.0369,2.0381,2.0395,2.0409,2.0425,2.0439,2.0454,2.0467,2.0481,2.0498,2.0522,2.0557,2.0611,2.069,2.0804,2.0957,2.1156,2.1401,2.1694,2.2036,2.2424,2.2856,2.3332,2.3848,2.4403,2.4993,2.5607,2.6227,2.6823,2.7359,2.7793,2.8095,2.8254,2.8277,2.8189,2.8019,2.7798,2.7548,2.7289,2.7031,2.6782,2.6546
2.0329,2.0318,2.031,2.0305,2.0303,2.0303,2.0307,2.0313,2.0323,2.0334,2.0348,2.0362,2.0376,2.0389,2.04,2.0409,2.0417,2.0425,2.0439,2.0463,2.0506,2.0577,2.0686,2.0838,2.1039,2.1292,2.1596,2.1951,2.2355,2.2804,2.3297,2.3833,2.441,2.5026,2.5673,2.6332,2.6974,2.7552,2.8021,2.8341,2.85,2.8507,2.8392,2.8192,2.7941,2.7665,2.7382,2.7106,2.6842,2.6594
2.0291,2.0279,2.0269,2.0262,2.0259,2.0258,2.0261,2.0267,2.0276,2.0287,2.03,2.0314,2.0327,2.0339,2.0347,2.0352,2.0353,2.0353,2.0355,2.0366,2.0397,2.0458,2.056,2.0711,2.0916,2.1177,2.1494,2.1863,2.2283,2.2748,2.3258,2.381,2.4404,2.5041,2.5716,2.6411,2.7096,2.7718,2.8222,2.8562,2.872,2.8711,2.857,2.834,2.806,2.7759,2.7456,2.7163,2.6887,2.6629
2.0252,2.0238,2.0227,2.0219,2.0213,2.0212,2.0213,2.0219,2.0228,2.0239,2.0253,2.0267,2.028,2.0291,2.0297,2.0297,2.0292,2.0281,2.0271,2.0268,2.0284,2.0332,2.0427,2.0577,2.0787,2.1058,2.1388,2.1773,2.2209,2.2691,2.3214,2.3779,2.4385,2.5036,2.5731,2.6456,2.7179,2.7844,2.8384,2.8743,2.8902,2.8877,2.8711,2.8454,2.8149,2.7827,2.7507,2.7201,2.6914,2.6649
2.0213,2.0198,2.0184,2.0174,2.0167,2.0164,2.0165,2.017,2.0179,2.0191,2.0205,2.022,2.0233,2.0244,2.0248,2.0245,2.0233,2.0212,2.0187,2.0167,2.0165,2.0199,2.0286,2.0436,2.0653,2.0936,2.1282,2.1684,2.2137,2.2633,2.3169,2.3741,2.4353,2.5009,2.5714,2.6459,2.7213,2.7915,2.8489,2.8869,2.9029,2.8992,2.8806,2.8527,2.8202,2.7864,2.7532,2.7217,2.6924,2.6654
2.0174,2.0156,2.0141,2.0128,2.012,2.0115,2.0115,2.012,2.0128,2.0141,2.0156,2.0172,2.0187,2.0199,2.0203,2.0197,2.0178,2.0147,2.0106,2.0065,2.0042,2.0059,2.0137,2.0289,2.0516,2.0814,2.1177,2.1598,2.2068,2.2579,2.3125,2.3701,2.431,2.4961,2.5663,2.6415,2.7187,2.7918,2.8522,2.8921,2.9087,2.9042,2.8843,2.855,2.8214,2.7867,2.7529,2.721,2.6914,2.6643
2.0134,2.0114,2.0096,2.0082,2.0071,2.0065,2.0064,2.0068,2.0077,2.009,2.0107,2.0125,2.0142,2.0155,2.016,2.0153,2.0129,2.0086,2.0028,1.9964,1.9915,1.9912,1.9981,2.0137,2.0378,2.0695,2.1077,2.1517,2.2006,2.2532,2.3085,2.366,2.426,2.4895,2.558,2.632,2.7096,2.7843,2.8468,2.8886,2.9061,2.9017,2.8815,2.8519,2.818,2.7833,2.7495,2.7178,2.6885,2.6616
2.0093,2.007,2.005,2.0034,2.0021,2.0013,2.001,2.0014,2.0023,2.0037,2.0056,2.0077,2.0098,2.0114,2.0121,2.0113,2.0086,2.0034,1.9957,1.9866,1.9785,1.9756,1.9817,1.9983,2.0244,2.0582,2.0987,2.1447,2.1954,2.2495,2.3054,2.3625,2.4207,2.4814,2.5466,2.6178,2.6937,2.7683,2.832,2.8754,2.8943,2.891,2.8717,2.843,2.81,2.7761,2.7432,2.7122,2.6835,2.6572
2.0052,2.0027,2.0004,1.9984,1.9969,1.9959,1.9955,1.9957,1.9967,1.9982,2.0003,2.0028,2.0053,2.0074,2.0085,2.008,2.0051,1.9991,1.9897,1.9775,1.9655,1.9594,1.9648,1.9832,2.0119,2.0483,2.091,2.1391,2.1917,2.2472,2.3037,2.36,2.4158,2.4727,2.5332,2.5996,2.6717,2.7443,2.8077,2.8522,2.8729,2.8718,2.8548,2.8283,2.7974,2.7653,2.7339,2.7043,2.6767,2.6514
2.0011,1.9982,1.9956,1.9934,1.9916,1.9903,1.9897,1.9898,1.9907,1.9924,1.9948,1.9977,2.0007,2.0034,2.0052,2.0052,2.0026,1.9962,1.9852,1.9697,1.953,1.9428,1.9479,1.9692,2.0014,2.0405,2.0852,2.1352,2.1897,2.2466,2.3038,2.3591,2.4121,2.4643,2.5187,2.5786,2.6449,2.7134,2.7751,2.8201,2.843,2.845,2.8315,2.8084,2.7805,2.7511,2.722,2.6942,2.6681,2.644
1.9969,1.9937,1.9908,1.9882,1.986,1.9845,1.9836,1.9836,1.9845,1.9863,1.989,1.9924,1.996,1.9995,2.0021,2.003,2.0011,1.9949,1.983,1.9645,1.9422,1.9268,1.9321,1.958,1.9942,2.0356,2.0818,2.1334,2.1896,2.2482,2.306,2.3604,2.4104,2.4573,2.5047,2.5566,2.6153,2.6779,2.7364,2.7811,2.8062,2.812,2.8028,2.7841,2.7601,2.734,2.7077,2.6822,2.658,2.6354
1.9927,1.9892,1.9858,1.9828,1.9803,1.9784,1.9772,1.977,1.9778,1.9797,1.9828,1.9867,1.9911,1.9955,1.9992,2.0013,2.0006,1.9954,1.9838,1.9637,1.9359,1.914,1.9204,1.9522,1.992,2.0345,2.0812,2.1338,2.1916,2.2519,2.3107,2.3644,2.4113,2.4527,2.4924,2.5356,2.5855,2.6408,2.6946,2.7381,2.765,2.7747,2.7704,2.7565,2.737,2.7147,2.6915,2.6686,2.6465,2.6256
1.9885,1.9846,1.9808,1.9774,1.9744,1.972,1.9705,1.9699,1.9706,1.9727,1.976,1.9805,1.9858,1.9913,1.9963,1.9999,2.001,1.9979,1.9883,1.9692,1.9388,1.911,1.9191,1.9559,1.9963,2.0375,2.0835,2.1365,2.1958,2.258,2.3181,2.3714,2.4155,2.4514,2.4834,2.5173,2.5578,2.6048,2.653,2.6943,2.7224,2.7356,2.736,2.727,2.712,2.6937,2.6739,2.6537,2.6339,2.6148
1.9844,1.98,1.9757,1.9718,1.9683,1.9654,1.9633,1.9624,1.9629,1.965,1.9686,1.9738,1.98,1.9867,1.9932,1.9986,2.0019,2.0018,1.9963,1.9827,1.9574,1.9302,1.9385,1.9726,2.0075,2.0445,2.0883,2.1412,2.2018,2.2661,2.328,2.3814,2.4231,2.4538,2.4783,2.5033,2.5343,2.5727,2.6145,2.6526,2.6808,2.6968,2.7012,2.6968,2.6862,2.6718,2.6553,2.638,2.6205,2.6034
1.9802,1.9754,1.9706,1.9661,1.962,1.9585,1.9558,1.9544,1.9546,1.9565,1.9605,1.9664,1.9736,1.9816,1.9897,1.9971,2.003,2.0065,2.0067,2.0027,1.9933,1.9814,1.9843,2.0012,2.0238,2.0542,2.0951,2.1475,2.2094,2.2759,2.3398,2.3939,2.4337,2.4599,2.4775,2.4941,2.5162,2.5461,2.5811,2.6151,2.6424,2.66,2.6676,2.6671,2.6604,2.6496,2.6363,2.6217,2.6065,2.5914
1.9761,1.9708,1.9655,1.9604,1.9556,1.9513,1.9479,1.9458,1.9455,1.9473,1.9515,1.9581,1.9666,1.976,1.9857,1.995,2.0035,2.0109,2.0173,2.0242,2.0344,2.0446,2.0388,2.0328,2.0414,2.065,2.103,2.1549,2.2179,2.2867,2.3528,2.4079,2.4465,2.4689,2.4805,2.4897,2.5036,2.5255,2.5537,2.5831,2.6084,2.6264,2.6362,2.6386,2.6352,2.6277,2.6173,2.6053,2.5923,2.579
1.9721,1.9663,1.9604,1.9546,1.949,1.9439,1.9397,1.9367,1.9356,1.9371,1.9416,1.949,1.9588,1.9699,1.9812,1.9922,2.003,2.0139,2.0259,2.0412,2.0635,2.0833,2.074,2.0566,2.0566,2.0755,2.1113,2.1627,2.2267,2.2974,2.3656,2.4219,2.4598,2.4792,2.486,2.4889,2.4959,2.5106,2.5322,2.5567,2.5793,2.5967,2.6076,2.6121,2.6113,2.6064,2.5986,2.5889,2.578,2.5665
1.9683,1.9619,1.9554,1.9489,1.9425,1.9364,1.931,1.927,1.9249,1.9258,1.9304,1.9388,1.9504,1.9634,1.9763,1.9886,2.0011,2.0148,2.0308,2.0508,2.0755,2.0934,2.0857,2.0695,2.0678,2.0847,2.1194,2.1705,2.2351,2.307,2.3768,2.4339,2.4714,2.4888,2.4921,2.4903,2.4916,2.5002,2.5159,2.5355,2.5549,2.5709,2.582,2.5878,2.5889,2.5862,2.5806,2.5729,2.5638,2.554
1.9646,1.9577,1.9506,1.9433,1.9359,1.9287,1.9221,1.9167,1.9133,1.9133,1.9177,1.9274,1.9412,1.9568,1.9715,1.9847,1.9979,2.0132,2.0316,2.0533,2.0759,2.0894,2.0849,2.0747,2.0754,2.0926,2.127,2.1778,2.2423,2.3144,2.3847,2.4422,2.4794,2.4957,2.4968,2.492,2.4892,2.4929,2.5035,2.5185,2.5346,2.5488,2.5594,2.5659,2.5682,2.5671,2.5633,2.5573,2.5499,2.5416
1.9611,1.9537,1.946,1.9379,1.9295,1.9212,1.9131,1.906,1.9009,1.8994,1.9034,1.9143,1.9313,1.9506,1.9676,1.9811,1.9939,2.0093,2.0288,2.0506,2.0704,2.0813,2.0804,2.0764,2.0809,2.0995,2.134,2.1842,2.2477,2.3189,2.3883,2.4453,2.4822,2.4981,2.4986,2.4923,2.487,2.4872,2.4937,2.5047,2.5176,2.5298,2.5396,2.5461,2.5492,2.5493,2.5468,2.5424,2.5364,2.5294
1.9579,1.95,1.9416,1.9327,1.9234,1.9138,1.9041,1.8951,1.8877,1.884,1.8869,1.899,1.9204,1.9453,1.9655,1.9789,1.9899,2.0041,2.0233,2.0446,2.0629,2.0732,2.0757,2.0771,2.0854,2.1057,2.1402,2.1894,2.2511,2.32,2.3872,2.4427,2.4791,2.4954,2.4964,2.4902,2.4839,2.4819,2.4853,2.4931,2.5032,2.5134,2.5221,2.5283,2.5319,2.5328,2.5314,2.5281,2.5233,2.5175
1.955,1.9467,1.9377,1.928,1.9177,1.9068,1.8955,1.8842,1.8742,1.8674,1.868,1.8808,1.9079,1.9411,1.9663,1.9791,1.9869,1.9986,2.0166,2.0372,2.0549,2.0661,2.0719,2.0776,2.0892,2.1111,2.1457,2.1934,2.2524,2.3179,2.3817,2.4348,2.4705,2.4875,2.4901,2.4851,2.4791,2.476,2.4775,2.4829,2.4906,2.499,2.5065,2.5123,2.516,2.5174,2.5168,2.5145,2.5108,2.506
1.9525,1.9437,1.9342,1.9239,1.9126,1.9005,1.8875,1.874,1.8608,1.8502,1.8469,1.8589,1.8925,1.9377,1.9701,1.9819,1.9858,1.9941,2.0101,2.0298,2.0474,2.0601,2.069,2.0783,2.0927,2.1159,2.1501,2.1959,2.2517,2.3129,2.3726,2.4227,2.4574,2.4754,2.48,2.4771,2.4722,2.4692,2.4696,2.4733,2.4792,2.486,2.4925,2.4978,2.5014,2.5031,2.5031,2.5016,2.4987,2.4948
1.9503,1.9412,1.9312,1.9203,1.9083,1.8951,1.8806,1.8649,1.8486,1.8337,1.825,1.8337,1.8731,1.9336,1.9754,1.9862,1.9859,1.9909,2.0047,2.0232,2.0409,2.0551,2.0668,2.079,2.0956,2.1198,2.1535,2.1971,2.2492,2.3059,2.361,2.4078,2.4413,2.4602,2.4671,2.4666,2.4635,2.4611,2.4612,2.4639,2.4686,2.4742,2.4797,2.4844,2.4879,2.4898,2.4903,2.4894,2.4872,2.484
1.9486,1.9392,1.9289,1.9175,1.9049,1.8908,1.8752,1.8577,1.8387,1.8197,1.8053,1.8085,1.8505,1.9259,1.9779,1.9888,1.9861,1.9888,2.0006,2.0179,2.0356,2.0511,2.065,2.0796,2.0981,2.1229,2.1558,2.1971,2.2455,2.2975,2.3479,2.3913,2.4235,2.4431,2.4521,2.4541,2.4531,2.4519,2.4522,2.4544,2.4583,2.463,2.4678,2.4721,2.4754,2.4774,2.4782,2.4777,2.4762,2.4737
1.9473,1.9377,1.9272,1.9155,1.9025,1.8879,1.8715,1.8529,1.8323,1.8105,1.7921,1.7903,1.8308,1.9131,1.9723,1.9863,1.9846,1.9871,1.9979,2.014,2.0315,2.048,2.0636,2.0801,2.0999,2.1251,2.1571,2.196,2.2407,2.2882,2.3343,2.3744,2.405,2.4252,2.4361,2.4404,2.4415,2.4417,2.4426,2.4448,2.4482,2.4524,2.4566,2.4605,2.4636,2.4657,2.4668,2.4667,2.4657,2.4637
1.9465,1.9369,1.9262,1.9144,1.9013,1.8865,1.8698,1.8509,1.8299,1.8077,1.7885,1.7854,1.8224,1.8995,1.9591,1.9784,1.9811,1.9853,1.9959,2.0114,2.0286,2.0457,2.0626,2.0805,2.1013,2.1265,2.1574,2.1941,2.2353,2.2786,2.3206,2.3576,2.3868,2.4072,2.4196,2.426,2.4291,2.4308,2.4325,2.435,2.4383,2.442,2.4459,2.4496,2.4525,2.4547,2.4559,2.4562,2.4556,2.4541
1.9462,1.9366,1.9259,1.9142,1.9011,1.8865,1.8701,1.8518,1.8317,1.8111,1.7946,1.7937,1.8267,1.8907,1.9444,1.968,1.9762,1.9833,1.9946,2.0097,2.0267,2.0442,2.0619,2.0808,2.1021,2.1273,2.1571,2.1915,2.2295,2.2691,2.3074,2.3416,2.3693,2.3897,2.4032,2.4114,2.4162,2.4194,2.4221,2.425,2.4283,2.432,2.4357,2.4391,2.442,2.4442,2.4456,2.4462,2.4459,2.4449
1.9464,1.9368,1.9264,1.9148,1.9021,1.888,1.8723,1.8552,1.8371,1.8196,1.8074,1.8098,1.8384,1.8884,1.9334,1.9587,1.9714,1.9815,1.9937,2.0088,2.0257,2.0433,2.0615,2.081,2.1027,2.1275,2.1561,2.1884,2.2236,2.2598,2.2949,2.3265,2.3528,2.373,2.3874,2.3969,2.4033,2.4077,2.4114,2.4148,2.4184,2.4221,2.4257,2.4291,2.432,2.4343,2.4358,2.4366,2.4366,2.436
1.947,1.9377,1.9275,1.9163,1.9041,1.8907,1.8762,1.8607,1.8451,1.8313,1.8233,1.8283,1.8524,1.8908,1.9274,1.9521,1.9676,1.98,1.9934,2.0086,2.0253,2.043,2.0615,2.0812,2.103,2.1273,2.1548,2.1851,2.2177,2.251,2.2833,2.3126,2.3375,2.3573,2.3722,2.3829,2.3904,2.3961,2.4006,2.4047,2.4086,2.4124,2.4161,2.4194,2.4224,2.4247,2.4264,2.4274,2.4278,2.4274
1.9481,1.939,1.9292,1.9185,1.907,1.8946,1.8814,1.8678,1.8549,1.8444,1.84,1.8462,1.8662,1.896,1.9257,1.9486,1.9653,1.9794,1.9936,2.009,2.0256,2.0432,2.0617,2.0815,2.1031,2.1269,2.1531,2.1817,2.2119,2.2427,2.2724,2.2997,2.3234,2.3428,2.3579,2.3694,2.3779,2.3845,2.3899,2.3946,2.3989,2.4029,2.4067,2.4101,2.4131,2.4155,2.4174,2.4186,2.4192,2.4192
1.9496,1.9409,1.9315,1.9214,1.9106,1.8993,1.8875,1.8759,1.8654,1.8579,1.8559,1.8626,1.8791,1.9026,1.927,1.9479,1.9648,1.9796,1.9943,2.0098,2.0263,2.0438,2.0623,2.0819,2.1031,2.1262,2.1513,2.1783,2.2064,2.2349,2.2625,2.288,2.3104,2.3293,2.3445,2.3565,2.3659,2.3733,2.3794,2.3846,2.3893,2.3936,2.3975,2.401,2.4041,2.4067,2.4087,2.4101,2.4109,2.4112
1.9515,1.9431,1.9342,1.9248,1.9149,1.9046,1.8943,1.8846,1.8762,1.8709,1.8706,1.8772,1.891,1.9101,1.9304,1.9492,1.9657,1.9808,1.9957,2.0112,2.0275,2.0448,2.063,2.0824,2.1031,2.1255,2.1495,2.1749,2.2012,2.2277,2.2533,2.2772,2.2985,2.3168,2.332,2.3444,2.3543,2.3624,2.3691,2.3748,2.3799,2.3845,2.3886,2.3923,2.3955,2.3982,2.4003,2.4019,2.403,2.4035
1.9537,1.9458,1.9374,1.9287,1.9196,1.9105,1.9015,1.8934,1.8869,1.8833,1.884,1.8902,1.902,1.9178,1.9351,1.952,1.9678,1.9827,1.9976,2.013,2.0291,2.0461,2.064,2.083,2.1032,2.1247,2.1476,2.1716,2.1963,2.221,2.245,2.2674,2.2877,2.3054,2.3205,2.333,2.3433,2.3519,2.3591,2.3653,2.3707,2.3756,2.3799,2.3837,2.3871,2.3899,2.3923,2.3941,2.3953,2.3961
1.9562,1.9487,1.9409,1.9329,1.9247,1.9166,1.9089,1.9022,1.8972,1.8949,1.8963,1.9021,1.9122,1.9256,1.9407,1.9559,1.9708,1.9854,2.0001,2.0152,2.031,2.0476,2.0651,2.0836,2.1032,2.124,2.1458,2.1685,2.1917,2.2149,2.2374,2.2585,2.2778,2.2949,2.3097,2.3223,2.3329,2.3419,2.3495,2.3561,2.3618,2.3669,2.3715,2.3755,2.379,2.382,2.3845,2.3864,2.3879,2.3889
1.959,1.952,1.9447,1.9374,1.9301,1.9229,1.9164,1.9109,1.9071,1.9057,1.9075,1.9129,1.9218,1.9334,1.9467,1.9605,1.9745,1.9886,2.0029,2.0177,2.0332,2.0494,2.0665,2.0844,2.1034,2.1233,2.1441,2.1656,2.1875,2.2093,2.2304,2.2504,2.2688,2.2853,2.2998,2.3124,2.3231,2.3324,2.3403,2.3472,2.3532,2.3586,2.3633,2.3675,2.3711,2.3743,2.3769,2.3791,2.3808,2.3819
1.9619,1.9554,1.9488,1.9421,1.9355,1.9293,1.9238,1.9193,1.9164,1.9158,1.9178,1.9229,1.9308,1.9411,1.9529,1.9656,1.9788,1.9923,2.0061,2.0205,2.0356,2.0514,2.0679,2.0853,2.1036,2.1227,2.1426,2.163,2.1836,2.2041,2.224,2.243,2.2605,2.2765,2.2906,2.3031,2.3139,2.3233,2.3315,2.3386,2.3449,2.3505,2.3554,2.3598,2.3636,2.3669,2.3697,2.372,2.3738,2.3752
1.9651,1.9591,1.953,1.9469,1.9411,1.9357,1.931,1.9274,1.9253,1.9252,1.9274,1.9322,1.9393,1.9486,1.9593,1.971,1.9834,1.9962,2.0096,2.0236,2.0382,2.0535,2.0695,2.0863,2.1039,2.1222,2.1411,2.1605,2.18,2.1994,2.2183,2.2362,2.253,2.2683,2.2822,2.2945,2.3053,2.3148,2.3231,2.3305,2.3369,2.3427,2.3478,2.3523,2.3563,2.3597,2.3627,2.3651,2.3671,2.3687
1.9684,1.9628,1.9573,1.9518,1.9467,1.942,1.938,1.9352,1.9337,1.934,1.9363,1.9408,1.9474,1.9558,1.9656,1.9765,1.9882,2.0004,2.0133,2.0268,2.0409,2.0557,2.0712,2.0874,2.1043,2.1218,2.1399,2.1583,2.1768,2.1951,2.213,2.2301,2.2461,2.2609,2.2743,2.2864,2.2972,2.3067,2.3152,2.3227,2.3293,2.3352,2.3404,2.3451,2.3492,2.3528,2.3559,2.3585,2.3607,2.3624
