docs/data/wind_grid.json
[{"header":{"la1":42.85,"la2":41.18,"lo1":11.55,"lo2":14.05,"nx":36,"ny":24,"dx":0.07143,"dy":0.07261,"parameterCategory":2,"parameterNumber":2,"parameterNumberName":"eastward_wind","parameterUnit":"m.s-1"},"data":[-0.4713,-0.4753,-0.4773,-0.4772,-0.4754,-0.4721,-0.4673,-0.461,-0.4531,-0.4443,-0.4362,-0.4307,-0.429,-0.4318,-0.4383,-0.4467,-0.4537,-0.4552,-0.4473,-0.4284,-0.4014,-0.3729,-0.3493,-0.3335,-0.3241,-0.318,-0.3129,-0.3075,-0.3017,-0.2954,-0.2891,-0.2829,-0.277,-0.2715,-0.2664,-0.2618,-0.4937,-0.4992,-0.502,-0.5021,-0.5001,-0.4968,-0.492,-0.4849,-0.4747,-0.462,-0.4494,-0.4404,-0.4378,-0.4425,-0.454,-0.4698,-0.485,-0.4923,-0.4832,-0.4531,-0.4071,-0.3602,-0.3274,-0.3126,-0.309,-0.3088,-0.3077,-0.3045,-0.2996,-0.2936,-0.2872,-0.2808,-0.2747,-0.2691,-0.264,-0.2594,-0.5205,-0.5283,-0.5323,-0.5324,-0.5302,-0.5272,-0.524,-0.5181,-0.5056,-0.4861,-0.4651,-0.4496,-0.4446,-0.4517,-0.4703,-0.4979,-0.5283,-0.5489,-0.5413,-0.4906,-0.404,-0.3184,-0.2732,-0.27,-0.2838,-0.2961,-0.3017,-0.3014,-0.2973,-0.2914,-0.2848,-0.2782,-0.272,-0.2663,-0.2612,-0.2566,-0.5531,-0.5647,-0.5705,-0.5702,-0.5666,-0.5645,-0.5667,-0.5678,-0.5547,-0.5227,-0.4847,-0.4569,-0.4473,-0.457,-0.4852,-0.5304,-0.5878,-0.6397,-0.6466,-0.5614,-0.3834,-0.207,-0.1521,-0.1958,-0.2502,-0.2832,-0.297,-0.2991,-0.2954,-0.2891,-0.2821,-0.2751,-0.2687,-0.263,-0.2579,-0.2535,-0.593,-0.6112,-0.6206,-0.619,-0.6106,-0.6075,-0.6223,-0.6478,-0.6425,-0.5827,-0.5085,-0.4592,-0.4428,-0.4554,-0.4945,-0.5624,-0.6634,-0.7858,-0.8561,-0.7309,-0.3575,0.0385,0.0677,-0.1043,-0.2244,-0.2786,-0.297,-0.2989,-0.2939,-0.2864,-0.2786,-0.2713,-0.2648,-0.2591,-0.2542,-0.25,-0.641,-0.6716,-0.6899,-0.6869,-0.6653,-0.651,-0.6838,-0.775,-0.8061,-0.6748,-0.5275,-0.4485,-0.4268,-0.4438,-0.4929,-0.5817,-0.7355,-0.9875,-1.261,-1.1428,-0.4882,0.2074,0.1896,-0.0955,-0.2406,-0.2921,-0.304,-0.3007,-0.2923,-0.283,-0.2742,-0.2666,-0.2601,-0.2546,-0.2501,-0.2462,-0.6958,-0.7481,-0.7884,-0.7901,-0.741,-0.6868,-0.7117,-0.8879,-0.9947,-0.7345,-0.5048,-0.4118,-0.3962,-0.422,-0.4779,-0.5731,-0.7507,-1.1083,-1.6712,-1.6037,-0.8461,-0.2973,-0.1659,-0.2561,-0.3109,-0.3224,-0.3152,-0.3024,-0.2893,-0.2778,-0.2683,-0.2606,-0.2545,-0.2496,-0.2455,-0.2422,-0.7501,-0.8326,-0.9164,-0.9459,-0.8531,-0.7172,-0.6582,-0.7427,-0.7931,-0.5694,-0.3928,-0.3409,-0.3527,-0.3957,-0.4581,-0.5404,-0.6793,-0.9481,-1.3067,-1.2748,-1.0124,-0.8134,-0.5755,-0.4498,-0.39,-0.3514,-0.3221,-0.2996,-0.2826,-0.2699,-0.2604,-0.2534,-0.2481,-0.244,-0.2408,-0.2381,-0.7904,-0.8966,-1.0174,-1.0875,-0.9628,-0.7473,-0.5679,-0.4526,-0.3415,-0.2262,-0.2043,-0.2465,-0.3044,-0.3754,-0.4612,-0.5274,-0.5925,-0.7252,-0.8867,-1.0037,-1.2288,-1.1372,-0.7721,-0.5468,-0.4269,-0.3582,-0.3157,-0.2883,-0.2704,-0.2585,-0.2504,-0.2449,-0.2411,-0.2382,-0.236,-0.2342,-0.8077,-0.9237,-1.0394,-1.0931,-1.0356,-0.7831,-0.4987,-0.2188,0.1205,0.2517,0.0329,-0.1542,-0.259,-0.3565,-0.5243,-0.6131,-0.5573,-0.6108,-0.7118,-0.8543,-1.0709,-1.0099,-0.7305,-0.5268,-0.405,-0.3331,-0.291,-0.2664,-0.2521,-0.2437,-0.2387,-0.2357,-0.2339,-0.2326,-0.2317,-0.2308,-0.8006,-0.9331,-1.1276,-1.4358,-1.3513,-0.8449,-0.4799,-0.1378,0.6213,0.9986,0.228,-0.1093,-0.2219,-0.2925,-0.4692,-0.6011,-0.5271,-0.5972,-0.6661,-0.6983,-0.732,-0.689,-0.5583,-0.4289,-0.336,-0.2792,-0.2492,-0.2352,-0.229,-0.2267,-0.2263,-0.2266,-0.2273,-0.2279,-0.2283,-0.2283,-0.7627,-0.8925,-1.0998,-1.387,-1.2845,-0.7885,-0.5232,-0.4175,0.1082,0.5166,0.0836,-0.1445,-0.205,-0.2015,-0.2455,-0.3602,-0.5008,-0.7783,-0.8523,-0.6795,-0.5571,-0.4748,-0.3906,-0.3086,-0.2436,-0.2069,-0.1967,-0.1991,-0.2045,-0.2099,-0.2149,-0.2191,-0.2225,-0.2249,-0.2265,-0.2273,-0.694,-0.7854,-0.898,-0.9771,-0.8733,-0.6474,-0.5681,-0.6805,-0.4917,-0.1492,-0.1357,-0.2239,-0.2329,-0.1664,-0.1666,-0.2419,-0.4748,-1.3188,-1.3536,-0.7139,-0.4396,-0.3164,-0.2485,-0.1984,-0.1549,-0.134,-0.1456,-0.1661,-0.1832,-0.1965,-0.2068,-0.2148,-0.2206,-0.2246,-0.227,-0.2281,-0.6108,-0.6597,-0.7,-0.7004,-0.6326,-0.5425,-0.524,-0.5833,-0.4824,-0.2493,-0.1891,-0.2938,-0.3279,-0.2044,-0.1609,-0.0424,-0.2668,-0.8195,-0.925,-0.5067,-0.2454,-0.1346,-0.1096,-0.1114,-0.1057,-0.0964,-0.1158,-0.1453,-0.1702,-0.1896,-0.2045,-0.2156,-0.2233,-0.2281,-0.2307,-0.2315,-0.5302,-0.5508,-0.5583,-0.5412,-0.4982,-0.4505,-0.4231,-0.3976,-0.3018,-0.1587,-0.0931,-0.1674,-0.2469,-0.3792,-0.1609,-0.0269,-0.6789,-0.4414,-0.3477,-0.1347,0.0825,0.1274,0.0514,-0.0294,-0.0813,-0.0971,-0.1126,-0.1408,-0.1689,-0.1923,-0.2103,-0.2233,-0.2318,-0.2365,-0.2381,-0.2377,-0.4601,-0.4649,-0.4589,-0.4384,-0.4051,-0.3661,-0.3247,-0.2677,-0.1701,-0.0132,0.2309,-0.1183,-0.1638,-0.1909,-0.1544,-0.2687,-0.5312,-0.2413,-0.0128,0.2187,0.5317,0.4607,0.2193,0.0621,-0.0327,-0.0836,-0.1173,-0.1506,-0.1813,-0.2066,-0.2259,-0.2393,-0.2472,-0.2502,-0.2496,-0.2468,-0.4016,-0.3977,-0.3857,-0.3641,-0.3338,-0.2963,-0.2507,-0.19,-0.1034,0.0264,0.1985,0.0222,-0.0859,-0.0795,-0.0103,0.0023,0.0058,0.18,0.3718,0.448,0.6217,0.5426,0.3041,0.1266,0.0017,-0.0818,-0.137,-0.1775,-0.2096,-0.2343,-0.2519,-0.2635,-0.2691,-0.2688,-0.2645,-0.2582,-0.353,-0.3443,-0.3293,-0.3072,-0.2782,-0.2424,-0.1989,-0.1455,-0.081,-0.0109,0.0333,0.0102,-0.0295,0.0127,0.3393,0.5072,0.4372,0.6159,0.8352,0.6955,0.5945,0.4874,0.3276,0.1525,-0.0064,-0.1211,-0.1829,-0.2241,-0.2563,-0.2757,-0.2859,-0.2915,-0.2932,-0.2891,-0.2805,-0.2703,-0.3126,-0.3011,-0.2845,-0.2624,-0.2346,-0.2012,-0.1619,-0.1168,-0.0676,-0.02,0.018,0.0507,0.1174,0.3568,1.122,1.4415,0.8,0.7899,0.9647,1.1396,0.8661,0.5942,0.3831,0.169,-0.0465,-0.1844,-0.2189,-0.2855,-0.3278,-0.3328,-0.3222,-0.3116,-0.3084,-0.304,-0.2938,-0.2811,-0.2787,-0.2655,-0.2482,-0.2264,-0.2,-0.1689,-0.1334,-0.0938,-0.0513,-0.0071,0.0407,0.1057,0.2278,0.5085,1.0669,1.2569,0.8814,0.9497,1.6213,1.9543,1.1656,0.7456,0.4936,0.2219,-0.0741,-0.2305,-0.2546,-0.4259,-0.4503,-0.4142,-0.3641,-0.3213,-0.3095,-0.31,-0.3023,-0.2892,-0.2501,-0.236,-0.2184,-0.1971,-0.1719,-0.1429,-0.1101,-0.0736,-0.0335,0.0113,0.0654,0.1403,0.2583,0.4472,0.6779,0.7813,0.7718,0.9233,1.3167,1.4529,1.113,0.9076,0.7393,0.3861,-0.0689,-0.4878,-0.8861,-0.8176,-0.6323,-0.5294,-0.4364,-0.3587,-0.3262,-0.3191,-0.3095,-0.2951,-0.2258,-0.2113,-0.1937,-0.173,-0.1489,-0.1215,-0.0907,-0.0562,-0.0175,0.0271,0.0813,0.1518,0.2467,0.367,0.4902,0.5794,0.6524,0.7751,0.9395,1.0237,1.0671,1.2974,1.3306,0.7435,0.0237,-0.6628,-1.2384,-1.0199,-0.7799,-0.681,-0.5481,-0.4334,-0.3693,-0.3391,-0.3186,-0.2999,-0.2052,-0.1905,-0.1731,-0.153,-0.13,-0.104,-0.0748,-0.0421,-0.0051,0.0376,0.0883,0.1499,0.2244,0.3091,0.3948,0.473,0.5511,0.6447,0.7513,0.8718,1.116,1.6519,1.8235,1.036,0.1937,-0.438,-0.8033,-0.8526,-0.9389,-0.861,-0.6585,-0.5028,-0.4108,-0.3594,-0.327,-0.3028,-0.1876,-0.1729,-0.156,-0.1365,-0.1145,-0.0898,-0.0622,-0.0313,0.0035,0.0432,0.0888,0.1417,0.2017,0.2671,0.3341,0.4008,0.4699,0.5467,0.6377,0.765,0.9904,1.3181,1.3653,0.8714,0.259,-0.224,-0.5426,-0.7686,-0.9562,-0.8817,-0.6816,-0.5259,-0.4279,-0.3681,-0.3294,-0.302]},{"header":{"la1":42.85,"la2":41.18,"lo1":11.55,"lo2":14.05,"nx":36,"ny":24,"dx":0.07143,"dy":0.07261,"parameterCategory":2,"parameterNumber":3,"parameterNumberName":"northward_wind","parameterUnit":"m.s-1"},"data":[-0.2704,-0.254,-0.2345,-0.2121,-0.1875,-0.1624,-0.1397,-0.1227,-0.1136,-0.1123,-0.1162,-0.1214,-0.1244,-0.1233,-0.1172,-0.1062,-0.0906,-0.0712,-0.0489,-0.0255,-0.0042,0.0107,0.0153,0.0086,-0.0074,-0.0289,-0.0529,-0.0772,-0.1007,-0.1229,-0.1436,-0.1628,-0.1806,-0.1969,-0.212,-0.2258,-0.2755,-0.2569,-0.2338,-0.2057,-0.1728,-0.1374,-0.1042,-0.0799,-0.0698,-0.0744,-0.088,-0.1031,-0.1135,-0.1165,-0.1117,-0.0996,-0.081,-0.0566,-0.0268,0.0069,0.0404,0.0649,0.0718,0.0593,0.0334,0.0015,-0.0312,-0.0623,-0.091,-0.117,-0.1407,-0.1622,-0.1817,-0.1995,-0.2157,-0.2304,-0.2829,-0.2624,-0.2356,-0.2005,-0.156,-0.1036,-0.0504,-0.0105,0.0022,-0.0146,-0.0478,-0.0807,-0.1031,-0.1121,-0.109,-0.0957,-0.0739,-0.0442,-0.0056,0.0434,0.0989,0.1432,0.1534,0.1272,0.0823,0.0343,-0.0101,-0.0492,-0.0834,-0.1134,-0.1399,-0.1636,-0.1849,-0.204,-0.2213,-0.2368,-0.293,-0.2715,-0.2417,-0.1997,-0.1401,-0.0602,0.0321,0.1085,0.1293,0.0847,0.0101,-0.0551,-0.0954,-0.1121,-0.1106,-0.0958,-0.071,-0.0372,0.0085,0.0769,0.1742,0.2639,0.2766,0.2155,0.1359,0.0651,0.0072,-0.0401,-0.0795,-0.113,-0.1421,-0.1677,-0.1905,-0.2108,-0.229,-0.2453,-0.3059,-0.2845,-0.2542,-0.208,-0.1333,-0.014,0.154,0.3217,0.3699,0.2536,0.0881,-0.0321,-0.0956,-0.1192,-0.118,-0.101,-0.0733,-0.0393,0.0034,0.0845,0.2509,0.444,0.446,0.3075,0.179,0.0851,0.0158,-0.0377,-0.0809,-0.117,-0.148,-0.175,-0.199,-0.2203,-0.2393,-0.2561,-0.3207,-0.3002,-0.2722,-0.2295,-0.15,0.009,0.2988,0.686,0.8262,0.5131,0.1638,-0.0293,-0.1112,-0.1362,-0.1327,-0.1122,-0.081,-0.0508,-0.0347,0.0257,0.248,0.547,0.5304,0.3351,0.186,0.0847,0.0118,-0.044,-0.0887,-0.126,-0.158,-0.186,-0.2108,-0.2329,-0.2525,-0.2697,-0.336,-0.3141,-0.2877,-0.2577,-0.2,-0.0416,0.337,1.0206,1.346,0.6911,0.1488,-0.0752,-0.1486,-0.1643,-0.1563,-0.1321,-0.0945,-0.0616,-0.0796,-0.0558,0.1576,0.346,0.3653,0.2594,0.1494,0.062,-0.0059,-0.0596,-0.1034,-0.1404,-0.1725,-0.2009,-0.2263,-0.2489,-0.2689,-0.2865,-0.3517,-0.3223,-0.2823,-0.2585,-0.2596,-0.1833,0.0857,0.5961,0.8281,0.3327,-0.0514,-0.1803,-0.2028,-0.1994,-0.1924,-0.1693,-0.1199,-0.0645,-0.0356,0.0369,0.2221,0.2805,0.2433,0.1748,0.0965,0.0251,-0.0345,-0.0836,-0.1246,-0.1601,-0.1915,-0.22,-0.2457,-0.2688,-0.2892,-0.3069,-0.3729,-0.3356,-0.2616,-0.1994,-0.2922,-0.3543,-0.3063,-0.1983,-0.197,-0.3234,-0.361,-0.3092,-0.2511,-0.2306,-0.2546,-0.2524,-0.1703,-0.0771,0.0122,0.1714,0.4436,0.403,0.2292,0.1227,0.0449,-0.019,-0.0715,-0.1147,-0.1516,-0.1845,-0.2149,-0.2434,-0.2696,-0.2933,-0.3141,-0.3317,-0.4059,-0.381,-0.3309,-0.299,-0.4051,-0.5295,-0.6455,-0.7611,-0.9308,-0.9588,-0.675,-0.4089,-0.261,-0.2313,-0.3696,-0.4603,-0.2359,-0.0934,0.0033,0.1445,0.3383,0.3195,0.1726,0.0653,-0.0116,-0.0708,-0.1163,-0.1522,-0.1834,-0.213,-0.2424,-0.2713,-0.2986,-0.3232,-0.3445,-0.3619,-0.4466,-0.4464,-0.453,-0.4818,-0.5125,-0.6925,-0.9461,-1.1529,-1.4638,-1.6393,-0.9016,-0.4271,-0.2063,-0.1426,-0.2982,-0.4478,-0.1887,-0.0798,-0.0276,0.0432,0.119,0.1266,0.0665,-0.0097,-0.0807,-0.1357,-0.1715,-0.1958,-0.2187,-0.2446,-0.2737,-0.3043,-0.3338,-0.3602,-0.3821,-0.399,-0.4848,-0.4999,-0.5156,-0.5156,-0.5725,-0.8726,-1.2858,-1.5656,-1.4874,-1.3778,-0.793,-0.3431,-0.1085,-0.0121,0.0115,-0.0335,-0.0235,-0.0674,-0.0796,-0.0247,0.0179,0.0223,-0.0157,-0.0858,-0.1674,-0.2246,-0.2416,-0.2442,-0.2548,-0.2775,-0.3088,-0.3437,-0.3775,-0.4068,-0.4294,-0.4449,-0.5153,-0.5413,-0.5729,-0.619,-0.7456,-1.0503,-1.5261,-1.9811,-1.6821,-1.0775,-0.5762,-0.2368,-0.0476,0.078,0.168,0.213,0.1481,-0.1759,-0.2027,-0.0509,-0.003,-0.0055,-0.0533,-0.1498,-0.2808,-0.3555,-0.3275,-0.2906,-0.2867,-0.31,-0.3486,-0.3926,-0.434,-0.4674,-0.4903,-0.5028,-0.5362,-0.5702,-0.6172,-0.6918,-0.8279,-1.0649,-1.4021,-1.7164,-1.5067,-0.8892,-0.4463,-0.1942,-0.0881,0.4021,0.3096,0.6043,0.4532,0.0613,-0.0652,0.0015,0.0434,0.0348,-0.0389,-0.1767,-0.3785,-0.4836,-0.3903,-0.315,-0.3069,-0.3411,-0.3964,-0.4572,-0.511,-0.5497,-0.5708,-0.5766,-0.5462,-0.5824,-0.6315,-0.7024,-0.8069,-0.9501,-1.1064,-1.1752,-0.9937,-0.6529,-0.4014,-0.2246,0.0236,0.2895,0.342,0.703,0.6854,0.3072,0.0948,0.0996,0.2037,0.1874,0.0419,-0.129,-0.3131,-0.4083,-0.3456,-0.2947,-0.3103,-0.3729,-0.4598,-0.5495,-0.6224,-0.6661,-0.6797,-0.6711,-0.546,-0.5788,-0.6207,-0.6742,-0.7398,-0.8093,-0.8558,-0.8297,-0.6967,-0.5219,-0.4565,-0.3178,-0.2243,-0.0341,0.1157,0.3577,0.4983,0.2122,0.0483,0.189,0.6296,0.5158,0.1567,-0.0471,-0.1633,-0.216,-0.2142,-0.2277,-0.2957,-0.4106,-0.5519,-0.6908,-0.7926,-0.8361,-0.8282,-0.7906,-0.538,-0.5648,-0.5962,-0.6315,-0.6671,-0.6941,-0.6961,-0.655,-0.5705,-0.4827,-0.4553,-0.4034,-0.5679,-0.648,-0.2422,-0.0589,-0.0111,-0.1417,-0.2311,0.0444,0.678,0.5378,0.1496,-0.0102,-0.0396,-0.0163,-0.0198,-0.1049,-0.2597,-0.4598,-0.6913,-0.9162,-1.0615,-1.0865,-1.0256,-0.9342,-0.5254,-0.5457,-0.5674,-0.5886,-0.6056,-0.6124,-0.6011,-0.567,-0.5161,-0.4681,-0.4439,-0.4701,-0.6765,-0.7356,-0.5675,-0.526,-0.406,-0.5234,-0.7263,-0.3899,-0.0267,0.0628,-0.0171,-0.0259,0.0991,0.307,0.3437,0.1077,-0.2025,-0.5242,-0.8908,-1.2658,-1.4754,-1.4325,-1.2625,-1.0868,-0.5109,-0.5255,-0.5396,-0.5515,-0.5584,-0.5569,-0.5439,-0.5195,-0.4888,-0.4625,-0.454,-0.481,-0.5558,-0.6588,-1.0224,-1.198,-0.6946,-0.6339,-0.7333,-0.6917,-0.4608,-0.287,-0.2049,-0.0755,0.2547,0.8594,0.991,0.3538,-0.1737,-0.6011,-1.1084,-1.6959,-1.983,-1.7988,-1.4757,-1.2097,-0.4963,-0.5065,-0.5153,-0.5215,-0.5234,-0.5192,-0.5082,-0.4916,-0.4732,-0.4598,-0.4595,-0.4822,-0.5397,-0.6722,-0.9747,-1.0707,-0.7533,-0.6897,-0.9272,-1.0536,-0.7011,-0.5125,-0.3989,-0.2115,0.1812,0.9182,1.0857,0.2089,-0.2882,-0.6766,-1.1941,-1.8692,-2.1909,-1.932,-1.5484,-1.2538,-0.4827,-0.4896,-0.495,-0.498,-0.4977,-0.4933,-0.485,-0.474,-0.4634,-0.4573,-0.4612,-0.4814,-0.5265,-0.6093,-0.717,-0.7438,-0.6783,-0.6857,-0.8167,-0.8677,-0.7586,-0.7329,-0.6852,-0.4827,-0.2057,-0.077,-0.4193,-0.4676,-0.5388,-0.7504,-1.0897,-1.5581,-1.8225,-1.6974,-1.4349,-1.2036,-0.4705,-0.4752,-0.4785,-0.4799,-0.4787,-0.475,-0.4691,-0.4622,-0.4564,-0.4545,-0.4598,-0.4761,-0.5065,-0.5506,-0.5949,-0.6148,-0.6167,-0.6422,-0.7012,-0.7589,-0.8648,-1.1184,-1.1849,-0.8429,-0.5477,-0.5756,-0.8713,-0.7694,-0.7794,-0.8579,-0.9771,-1.1929,-1.3574,-1.3514,-1.2351,-1.0966,-0.46,-0.4632,-0.4653,-0.4658,-0.4646,-0.4618,-0.4578,-0.4537,-0.4509,-0.4512,-0.4566,-0.469,-0.489,-0.5146,-0.54,-0.5598,-0.5788,-0.6105,-0.6651,-0.7623,-0.9849,-1.4135,-1.5422,-1.0777,-0.7277,-0.661,-0.7413,-0.8456,-1.0416,-1.0048,-0.9499,-1.0026,-1.0777,-1.097,-1.0549,-0.9821,-0.4509,-0.4533,-0.4546,-0.4548,-0.4539,-0.452,-0.4495,-0.4473,-0.4463,-0.4478,-0.4528,-0.4623,-0.4763,-0.4937,-0.5125,-0.5321,-0.5559,-0.591,-0.6485,-0.7508,-0.9392,-1.1968,-1.2553,-1.0061,-0.7759,-0.7016,-0.7492,-0.9006,-1.0744,-1.0276,-0.9341,-0.9154,-0.9339,-0.9426,-0.9246,-0.8854]}]