docs/data/wind_grid.json
[{"header":{"la1":42.85,"la2":41.18,"lo1":11.55,"lo2":14.05,"nx":36,"ny":24,"dx":0.07143,"dy":0.07261,"parameterCategory":2,"parameterNumber":2,"parameterNumberName":"eastward_wind","parameterUnit":"m.s-1"},"data":[2.8722,2.8866,2.9,2.9116,2.9192,2.9203,2.9109,2.8866,2.8436,2.7798,2.695,2.5911,2.4702,2.3347,2.1878,2.0348,1.8851,1.752,1.6503,1.5906,1.5748,1.5956,1.6405,1.6972,1.7563,1.8119,1.861,1.9028,1.9372,1.9651,1.9873,2.0047,2.0184,2.0291,2.0375,2.0443,2.9039,2.9239,2.9444,2.9646,2.9826,2.995,2.9961,2.9789,2.9364,2.8648,2.765,2.6405,2.4945,2.3286,2.1443,1.9458,1.7447,1.5627,1.4271,1.3589,1.3605,1.4153,1.4993,1.5917,1.6796,1.7566,1.8209,1.8729,1.9141,1.9462,1.9709,1.9897,2.004,2.0148,2.0231,2.0297,2.9349,2.9612,2.9899,3.0208,3.0526,3.082,3.1013,3.0982,3.0592,2.9774,2.8565,2.7051,2.529,2.3277,2.0973,1.8367,1.5574,1.2939,1.1008,1.0236,1.0643,1.1833,1.332,1.4769,1.6026,1.7051,1.7858,1.8481,1.8953,1.9308,1.957,1.9763,1.9904,2.0008,2.0086,2.0146,2.9642,2.9968,3.0341,3.0771,3.1265,3.1802,3.2299,3.2547,3.2255,3.1271,2.9728,2.7854,2.5749,2.3359,2.0537,1.7125,1.3137,0.9069,0.6062,0.5227,0.6528,0.8931,1.1455,1.3627,1.534,1.6638,1.7602,1.831,1.8826,1.9197,1.9461,1.9647,1.9777,1.9868,1.9934,1.9984,2.9904,3.0287,3.074,3.1291,3.1976,3.2828,3.3805,3.46,3.4543,3.323,3.1109,2.8753,2.63,2.3587,2.0284,1.5954,1.0248,0.3633,-0.1529,-0.2285,0.1035,0.5626,0.9658,1.2698,1.4874,1.6409,1.7488,1.8244,1.8772,1.9135,1.9382,1.9546,1.9653,1.9723,1.977,1.9806,3.0122,3.055,3.1066,3.171,3.2553,3.3711,3.5301,3.7054,3.7509,3.5506,3.2464,2.9578,2.6875,2.4003,2.0439,1.5381,0.7743,-0.2786,-1.2051,-1.2305,-0.5021,0.2784,0.8496,1.2293,1.4787,1.6443,1.7553,1.8299,1.8797,1.9123,1.9329,1.9453,1.9524,1.9563,1.9586,1.9603,3.0289,3.0746,3.1296,3.1981,3.2884,3.4166,3.6106,3.8728,3.9814,3.696,3.3209,3.0107,2.7387,2.4609,2.1183,1.6104,0.7638,-0.5937,-1.9722,-1.9253,-0.7891,0.2226,0.8728,1.2713,1.5198,1.6785,1.7812,1.8476,1.8896,1.9149,1.929,1.9356,1.9378,1.9376,1.9367,1.9363,3.0401,3.0872,3.143,3.2107,3.2961,3.4095,3.5667,3.7605,3.827,3.6092,3.3114,3.0331,2.7791,2.5313,2.243,1.8264,1.133,0.0092,-1.1694,-1.2005,-0.2995,0.5293,1.0691,1.4022,1.6097,1.741,1.8239,1.8751,1.9047,1.9196,1.9247,1.9236,1.9194,1.9143,1.9098,1.907,3.046,3.0934,3.1486,3.2136,3.2908,3.3834,3.4918,3.5971,3.6387,3.5521,3.3299,3.0545,2.8049,2.5913,2.376,2.0944,1.669,1.0604,0.4635,0.3284,0.6538,1.0608,1.376,1.5909,1.7318,1.822,1.8773,1.9081,1.9217,1.9233,1.9172,1.9067,1.8949,1.8839,1.8754,1.8705,3.0466,3.0938,3.1483,3.2116,3.2848,3.3704,3.476,3.6266,3.8373,3.8543,3.481,3.0807,2.8005,2.6152,2.4704,2.3058,2.0839,1.8108,1.5512,1.4162,1.4442,1.5601,1.6861,1.7887,1.8616,1.9081,1.933,1.941,1.9363,1.9225,1.9031,1.8815,1.8607,1.8432,1.8307,1.824,3.042,3.0885,3.1424,3.2054,3.2789,3.3652,3.4739,3.6731,4.2391,4.5178,3.6471,3.055,2.7443,2.5812,2.5017,2.4232,2.3169,2.2058,2.0949,1.9875,1.9234,1.913,1.9326,1.9586,1.9784,1.9868,1.9832,1.9683,1.9441,1.913,1.8783,1.8435,1.8123,1.7877,1.7715,1.7643,3.032,3.0769,3.1296,3.1921,3.2668,3.3546,3.4482,3.5374,3.8486,4.0663,3.4294,2.9505,2.6635,2.4816,2.4744,2.4681,2.4256,2.3996,2.3609,2.2665,2.1809,2.1297,2.1031,2.0868,2.071,2.0503,2.0219,1.9853,1.9408,1.8905,1.8377,1.787,1.7436,1.7114,1.6925,1.687,3.0165,3.0584,3.108,3.1675,3.2404,3.3294,3.4276,3.4921,3.48,3.3923,3.1148,2.9125,2.718,2.4462,2.4565,2.4858,2.4689,2.4818,2.4734,2.3848,2.3069,2.2518,2.2108,2.1746,2.1372,2.0949,2.0457,1.9885,1.9229,1.8504,1.7752,1.7043,1.6457,1.6056,1.5865,1.5868,2.9956,3.033,3.0767,3.1288,3.1922,3.2696,3.3581,3.4304,3.3693,3.1483,2.9514,2.987,2.9737,2.4242,2.5066,2.4978,2.4754,2.4759,2.4659,2.4155,2.3578,2.3117,2.2725,2.2296,2.179,2.1202,2.053,1.9762,1.8878,1.7881,1.6829,1.584,1.5056,1.458,1.4437,1.4572,2.9703,3.0017,3.0372,3.0777,3.1238,3.1739,3.2189,3.2263,3.1316,2.9515,2.809,2.7403,2.6558,2.5937,2.5365,2.4809,2.4277,2.4699,2.4668,2.4191,2.3526,2.32,2.3002,2.2603,2.1999,2.1263,2.0434,1.9484,1.8351,1.7,1.5508,1.4092,1.3029,1.2504,1.2513,1.2917,2.9419,2.9666,2.9929,3.0204,3.0472,3.0685,3.0727,3.038,2.9451,2.8212,2.7601,2.549,2.5434,2.5391,2.5292,2.4964,2.4594,2.5041,2.5059,2.4144,2.2645,2.2739,2.3081,2.2754,2.2019,2.1119,2.0164,1.9082,1.7687,1.5848,1.3656,1.1532,1.0059,0.9574,0.996,1.0863,2.9121,2.9302,2.9478,2.9637,2.975,2.9766,2.9604,2.9168,2.8443,2.7668,2.7355,2.6079,2.3795,2.2929,2.4895,2.5467,2.5636,2.6046,2.6176,2.4892,2.262,2.2831,2.3315,2.2838,2.1827,2.071,1.9714,1.8632,1.7002,1.4478,1.1129,0.7777,0.5711,0.553,0.6724,0.8474,2.8824,2.8947,2.9052,2.9123,2.9134,2.9049,2.8824,2.8426,2.7882,2.7291,2.6678,2.5612,2.3444,2.3027,2.5403,2.6316,2.6521,2.7242,2.7873,2.68,2.5161,2.4368,2.39,2.2886,2.1369,1.9929,1.9085,1.8265,1.6485,1.308,0.7934,0.2538,-0.027,0.0447,0.3088,0.6048,2.8539,2.8616,2.8668,2.8681,2.8635,2.8509,2.8281,2.7945,2.752,2.7036,2.6484,2.5794,2.5124,2.5418,2.7114,2.7692,2.715,2.7695,2.8313,2.8788,2.7375,2.5879,2.4625,2.2988,2.0802,1.8878,1.8406,1.8076,1.6274,1.207,0.4837,-0.3173,-0.6602,-0.4356,0.0046,0.4202,2.8274,2.8316,2.8331,2.8309,2.8235,2.8099,2.7892,2.7614,2.7278,2.6902,2.6504,2.6128,2.5946,2.628,2.7187,2.7525,2.7375,2.8206,3.061,3.1685,2.8882,2.7034,2.5561,2.3508,2.0817,1.8646,1.8245,1.7931,1.6312,1.2012,0.3947,-0.5271,-0.891,-0.5956,-0.089,0.366,2.8031,2.8048,2.804,2.7997,2.7914,2.7784,2.7603,2.7376,2.7113,2.6832,2.656,2.6349,2.6287,2.6463,2.6811,2.707,2.7356,2.8175,2.9634,3.0102,2.8961,2.8275,2.7362,2.4952,2.1654,1.9039,1.7687,1.7526,1.6548,1.3005,0.6325,-0.1205,-0.4652,-0.2952,0.0886,0.4675,2.781,2.7811,2.7788,2.7736,2.7652,2.7533,2.7379,2.7194,2.699,2.6782,2.6594,2.646,2.6424,2.6507,2.6682,2.69,2.7217,2.7754,2.841,2.8811,2.9307,3.0818,3.1031,2.7556,2.2937,1.9108,1.7057,1.7338,1.6896,1.4362,0.9845,0.4892,0.2064,0.2265,0.4286,0.6778,2.7611,2.76,2.7569,2.7515,2.7435,2.7329,2.7198,2.7048,2.6888,2.6731,2.6594,2.65,2.6469,2.651,2.6618,2.6786,2.7037,2.7395,2.7848,2.8482,2.9921,3.2793,3.3635,2.9492,2.4388,2.0509,1.849,1.8026,1.7386,1.559,1.2726,0.9652,0.7574,0.7085,0.7854,0.9232,2.7432,2.7413,2.7378,2.7324,2.725,2.7156,2.7046,2.6923,2.6795,2.6672,2.6568,2.6494,2.6463,2.6481,2.655,2.6671,2.6855,2.7119,2.7504,2.8155,2.9404,3.1161,3.1399,2.8714,2.5042,2.2012,2.0105,1.906,1.8109,1.6701,1.4814,1.2851,1.1374,1.0727,1.0868,1.1529]},{"header":{"la1":42.85,"la2":41.18,"lo1":11.55,"lo2":14.05,"nx":36,"ny":24,"dx":0.07143,"dy":0.07261,"parameterCategory":2,"parameterNumber":3,"parameterNumberName":"northward_wind","parameterUnit":"m.s-1"},"data":[0.8741,0.8813,0.89,0.9006,0.9132,0.928,0.9452,0.9651,0.9882,1.0155,1.0479,1.0862,1.1305,1.1801,1.2339,1.2892,1.342,1.3864,1.4157,1.4252,1.4137,1.3841,1.3419,1.2926,1.2408,1.1894,1.1402,1.094,1.0511,1.0116,0.9753,0.9422,0.9119,0.8843,0.8594,0.8369,0.8642,0.8708,0.8791,0.8895,0.9025,0.9179,0.9359,0.9565,0.9804,1.0091,1.0447,1.0885,1.1411,1.2022,1.271,1.345,1.419,1.4837,1.527,1.5394,1.5193,1.4734,1.412,1.3445,1.2773,1.2137,1.1549,1.1014,1.0529,1.009,0.9692,0.9333,0.9009,0.8717,0.8455,0.822,0.8528,0.8584,0.866,0.8763,0.8897,0.9064,0.9259,0.9474,0.9711,0.9998,1.0373,1.0865,1.1485,1.2232,1.3107,1.4103,1.5167,1.6153,1.6829,1.6989,1.6611,1.5856,1.4936,1.4002,1.3131,1.235,1.1657,1.1046,1.0504,1.0022,0.9592,0.9207,0.8863,0.8556,0.8283,0.8041,0.8397,0.8439,0.8503,0.8602,0.8746,0.894,0.9173,0.9414,0.9638,0.9887,1.0253,1.0794,1.1515,1.2413,1.3505,1.4832,1.6387,1.797,1.9104,1.9298,1.8532,1.7234,1.5832,1.4546,1.3438,1.2499,1.1701,1.1017,1.0423,0.9903,0.9443,0.9037,0.8676,0.8356,0.8074,0.7827,0.825,0.827,0.8315,0.8403,0.8558,0.8803,0.9135,0.9472,0.9679,0.9802,1.0087,1.0663,1.1496,1.2546,1.3852,1.5553,1.7798,2.043,2.2482,2.2667,2.1043,1.8781,1.6688,1.4981,1.3627,1.2542,1.1653,1.091,1.0274,0.9723,0.924,0.8815,0.8441,0.8111,0.7823,0.7573,0.8088,0.8077,0.8089,0.8149,0.8299,0.8608,0.9139,0.9781,1.0036,0.9808,0.9858,1.0465,1.1439,1.2631,1.4084,1.6068,1.9053,2.3257,2.7037,2.7066,2.3773,2.0103,1.7239,1.5156,1.3616,1.2433,1.1489,1.0708,1.0047,0.9475,0.8976,0.8537,0.8152,0.7815,0.7524,0.7275,0.7916,0.7864,0.7824,0.7822,0.7914,0.8219,0.8941,1.0133,1.0643,0.9735,0.944,1.018,1.1388,1.2721,1.4187,1.6142,1.9355,2.4682,3.0294,3.0073,2.5073,2.0386,1.7136,1.4923,1.3341,1.2144,1.1192,1.0405,0.9735,0.9154,0.8644,0.8196,0.7804,0.7463,0.7171,0.6925,0.7742,0.7641,0.753,0.7426,0.7371,0.7468,0.7948,0.8996,0.9468,0.8461,0.8464,0.9775,1.1451,1.2967,1.43,1.5812,1.8234,2.24,2.7002,2.7014,2.2971,1.9032,1.6217,1.4245,1.2798,1.1677,1.0767,1.0001,0.9339,0.8757,0.8242,0.7787,0.7388,0.7045,0.6756,0.6518,0.758,0.7428,0.724,0.7009,0.6737,0.6431,0.6113,0.5741,0.5077,0.4823,0.65,0.9302,1.1859,1.3653,1.4748,1.5549,1.6645,1.8474,2.0427,2.0622,1.8862,1.665,1.4754,1.3252,1.2053,1.1069,1.0234,0.9507,0.8863,0.8284,0.7765,0.7302,0.6898,0.6553,0.6269,0.6043,0.7446,0.7251,0.6995,0.6653,0.6184,0.55,0.4365,0.2164,-0.1512,-0.2208,0.3306,0.9119,1.303,1.5189,1.5919,1.5843,1.5687,1.5839,1.6162,1.6125,1.5445,1.4369,1.3222,1.2157,1.1212,1.0374,0.9623,0.8942,0.8315,0.7738,0.7209,0.6734,0.632,0.5972,0.5695,0.5487,0.735,0.713,0.6835,0.6431,0.587,0.506,0.374,0.0659,-0.8669,-1.3244,0.0617,1.0168,1.5394,1.8044,1.8133,1.6775,1.5378,1.446,1.4021,1.3751,1.3319,1.2669,1.1904,1.112,1.0363,0.9645,0.8967,0.8322,0.7706,0.7119,0.6569,0.6069,0.5635,0.5282,0.5016,0.4835,0.73,0.7077,0.6777,0.6372,0.5829,0.5131,0.4351,0.3341,-0.2151,-0.5999,0.4385,1.2947,1.8405,2.2438,2.1268,1.7849,1.5122,1.3428,1.2832,1.2532,1.2057,1.147,1.084,1.0197,0.9554,0.8919,0.8291,0.7667,0.7044,0.6426,0.5831,0.5283,0.4815,0.4451,0.4201,0.4062,0.7295,0.7088,0.6816,0.6456,0.5991,0.5435,0.4946,0.4899,0.4412,0.4773,0.9944,1.619,1.9633,2.3803,2.2439,1.7784,1.4604,1.2476,1.2251,1.1875,1.1187,1.0547,0.996,0.9383,0.8801,0.8213,0.7613,0.6991,0.6337,0.5656,0.4975,0.4341,0.3811,0.3429,0.321,0.3139,0.7326,0.7152,0.6929,0.6645,0.6291,0.5874,0.545,0.5163,0.5566,0.7765,1.1929,1.8545,2.0709,2.1337,1.8638,1.625,1.4481,1.2756,1.2018,1.1148,1.0349,0.9771,0.9229,0.8669,0.8104,0.7538,0.6953,0.6317,0.5602,0.4805,0.3968,0.318,0.2546,0.2141,0.1981,0.2027,0.7381,0.7247,0.7084,0.689,0.6667,0.6435,0.6254,0.6311,0.7034,0.8497,1.0225,1.2892,1.517,1.4133,1.5489,1.5177,1.6204,1.308,1.0966,0.9962,0.9676,0.9366,0.8724,0.805,0.7451,0.6903,0.634,0.5685,0.487,0.3873,0.2759,0.1695,0.0886,0.0467,0.0435,0.0686,0.7445,0.7352,0.7246,0.7135,0.7031,0.6964,0.6996,0.7233,0.7692,0.7814,0.6343,0.8204,1.0076,1.2201,1.2432,1.3241,1.4439,1.1089,0.8634,0.8652,1.0313,0.9904,0.843,0.7442,0.6813,0.6333,0.584,0.5177,0.4209,0.2873,0.1266,-0.0294,-0.1383,-0.1762,-0.1517,-0.0905,0.7505,0.7446,0.7387,0.7338,0.7313,0.7336,0.7438,0.7632,0.7802,0.7523,0.6433,0.7563,0.7316,0.6795,0.8491,0.8691,0.8285,0.58,0.3937,0.6142,1.0155,0.9574,0.7633,0.6632,0.6176,0.5923,0.5597,0.4938,0.3737,0.1852,-0.0614,-0.3058,-0.4565,-0.4723,-0.3907,-0.2697,0.7552,0.7517,0.7489,0.7476,0.7489,0.7538,0.7631,0.7747,0.7811,0.7708,0.7524,0.7406,0.6274,0.5535,0.3868,0.2384,0.304,0.0273,-0.2955,0.1363,0.514,0.6214,0.5832,0.5563,0.5659,0.59,0.584,0.5135,0.3592,0.0925,-0.29,-0.6814,-0.8839,-0.8361,-0.6532,-0.4483,0.7579,0.7559,0.7548,0.755,0.757,0.7611,0.7668,0.7719,0.7722,0.7634,0.7423,0.6956,0.5907,0.3434,-0.3908,-0.6816,-0.0648,-0.0757,-0.2478,-0.1426,0.1124,0.2999,0.3775,0.4415,0.5387,0.6413,0.659,0.5681,0.3795,0.0342,-0.5086,-1.087,-1.3309,-1.1752,-0.8704,-0.5838,0.7586,0.7573,0.7566,0.7568,0.7579,0.7597,0.7612,0.7604,0.7541,0.738,0.7048,0.639,0.5056,0.2134,-0.3371,-0.5111,-0.1179,-0.0729,-0.3405,-0.4593,-0.1227,0.0616,0.1596,0.2991,0.4924,0.6545,0.6816,0.611,0.424,0.0472,-0.5696,-1.2359,-1.4928,-1.2881,-0.9394,-0.6276,0.7574,0.7561,0.7551,0.7545,0.7539,0.7529,0.7503,0.7442,0.7318,0.7087,0.6678,0.5969,0.4754,0.2799,0.0475,-0.0432,0.0091,-0.0333,-0.2085,-0.2768,-0.1901,-0.2101,-0.1832,0.0539,0.3774,0.6279,0.7742,0.7154,0.4959,0.134,-0.3992,-0.9513,-1.1975,-1.0828,-0.8217,-0.5645,0.7547,0.7529,0.7512,0.7493,0.7468,0.743,0.7369,0.7267,0.7098,0.6826,0.6401,0.5751,0.4809,0.3592,0.2377,0.1601,0.116,0.0454,-0.0607,-0.1636,-0.3475,-0.72,-0.8152,-0.3451,0.2053,0.6257,0.8787,0.7838,0.5356,0.2258,-0.1579,-0.5316,-0.7384,-0.7303,-0.5961,-0.4289,0.7506,0.7482,0.7455,0.7422,0.7379,0.7318,0.7229,0.7098,0.6903,0.6618,0.6212,0.5655,0.4934,0.4094,0.3258,0.2536,0.1869,0.1064,-0.0023,-0.171,-0.515,-1.092,-1.2487,-0.6338,0.018,0.4532,0.6632,0.6389,0.4823,0.2677,0.0181,-0.2189,-0.373,-0.4125,-0.3639,-0.2725,0.7457,0.7426,0.7389,0.7343,0.7283,0.7204,0.7095,0.6945,0.6739,0.6458,0.6086,0.5611,0.5035,0.4388,0.3717,0.3048,0.2343,0.1499,0.0351,-0.1435,-0.4401,-0.8075,-0.8839,-0.5117,-0.0543,0.2736,0.4416,0.4676,0.3972,0.2719,0.1198,-0.0274,-0.1345,-0.1817,-0.1737,-0.1295]}]