docs/data/wind_grid.json
[{"header":{"la1":42.85,"la2":41.18,"lo1":11.55,"lo2":14.05,"nx":36,"ny":24,"dx":0.07143,"dy":0.07261,"parameterCategory":2,"parameterNumber":2,"parameterNumberName":"eastward_wind","parameterUnit":"m.s-1"},"data":[-0.2133,-0.219,-0.223,-0.2254,-0.2266,-0.2269,-0.2266,-0.2259,-0.225,-0.2247,-0.2267,-0.2327,-0.2439,-0.2607,-0.2825,-0.3073,-0.3318,-0.3519,-0.3635,-0.3644,-0.3558,-0.3417,-0.3267,-0.3129,-0.3006,-0.2886,-0.2763,-0.2637,-0.2509,-0.2384,-0.2263,-0.215,-0.2045,-0.1948,-0.1859,-0.1778,-0.2301,-0.2373,-0.242,-0.2443,-0.2449,-0.2446,-0.2438,-0.242,-0.2388,-0.235,-0.2332,-0.2369,-0.2484,-0.2687,-0.2971,-0.3312,-0.3662,-0.3951,-0.41,-0.4059,-0.3856,-0.359,-0.3363,-0.3205,-0.3088,-0.2975,-0.2849,-0.2713,-0.2571,-0.2432,-0.2299,-0.2175,-0.2061,-0.1958,-0.1864,-0.1779,-0.2516,-0.2612,-0.2671,-0.269,-0.2686,-0.2679,-0.2677,-0.2662,-0.2603,-0.2502,-0.2411,-0.2396,-0.2501,-0.2743,-0.3114,-0.3589,-0.4111,-0.4561,-0.4773,-0.4618,-0.4145,-0.3611,-0.3279,-0.3162,-0.3117,-0.3044,-0.2928,-0.2783,-0.2626,-0.2471,-0.2325,-0.219,-0.2069,-0.196,-0.1862,-0.1775,-0.2793,-0.2934,-0.3014,-0.3025,-0.2995,-0.298,-0.3015,-0.3054,-0.2982,-0.2762,-0.2516,-0.2395,-0.2469,-0.2749,-0.3228,-0.3894,-0.4697,-0.5468,-0.5855,-0.5474,-0.435,-0.3181,-0.2762,-0.2915,-0.3088,-0.3106,-0.3006,-0.2848,-0.2672,-0.2499,-0.2339,-0.2194,-0.2066,-0.1952,-0.1852,-0.1763,-0.3151,-0.3378,-0.3508,-0.3502,-0.3402,-0.3347,-0.3478,-0.373,-0.3716,-0.3232,-0.2654,-0.2339,-0.2358,-0.2675,-0.3272,-0.4174,-0.5412,-0.685,-0.7808,-0.7114,-0.4508,-0.1765,-0.1519,-0.2517,-0.3087,-0.3201,-0.3095,-0.2909,-0.2705,-0.2512,-0.2337,-0.2184,-0.2051,-0.1935,-0.1834,-0.1745,-0.3604,-0.4003,-0.4267,-0.4249,-0.3966,-0.3737,-0.4004,-0.486,-0.5168,-0.4006,-0.275,-0.2161,-0.2128,-0.2486,-0.3183,-0.4303,-0.6066,-0.8702,-1.1394,-1.0653,-0.574,-0.0679,-0.0778,-0.2601,-0.3322,-0.3382,-0.3201,-0.2957,-0.2717,-0.2502,-0.2316,-0.2157,-0.2022,-0.1906,-0.1806,-0.1719,-0.4129,-0.4853,-0.5481,-0.5553,-0.4856,-0.4078,-0.4217,-0.5888,-0.6899,-0.4512,-0.2476,-0.1741,-0.1748,-0.217,-0.292,-0.4114,-0.6149,-0.9799,-1.4959,-1.4488,-0.8748,-0.4589,-0.3456,-0.3851,-0.3893,-0.3635,-0.3296,-0.2973,-0.2694,-0.2462,-0.227,-0.2112,-0.1979,-0.1867,-0.177,-0.1687,-0.4604,-0.5816,-0.7291,-0.7907,-0.6333,-0.4349,-0.3618,-0.4477,-0.5001,-0.2961,-0.1394,-0.1005,-0.123,-0.1769,-0.2527,-0.359,-0.5348,-0.8333,-1.1913,-1.2154,-1.1066,-0.9565,-0.7008,-0.5433,-0.4498,-0.3828,-0.3317,-0.2923,-0.262,-0.2384,-0.2197,-0.2046,-0.1922,-0.1817,-0.1727,-0.1649,-0.4783,-0.6336,-0.8827,-1.0744,-0.769,-0.4334,-0.2524,-0.1629,-0.0773,0.0195,0.0374,-0.0043,-0.0645,-0.1369,-0.2188,-0.3007,-0.4268,-0.6273,-0.8498,-1.0774,-1.4871,-1.3714,-0.904,-0.6246,-0.4719,-0.3796,-0.3193,-0.278,-0.2485,-0.2267,-0.2099,-0.1964,-0.1853,-0.1759,-0.1679,-0.1608,-0.4494,-0.5763,-0.7504,-0.8502,-0.6214,-0.3648,-0.1463,0.0665,0.3318,0.4334,0.2521,0.0916,-0.0064,-0.0975,-0.2188,-0.2802,-0.3617,-0.5307,-0.711,-0.9418,-1.2719,-1.2011,-0.8419,-0.5874,-0.4362,-0.3451,-0.2891,-0.2533,-0.2291,-0.2116,-0.198,-0.187,-0.1778,-0.1698,-0.1627,-0.1565,-0.3886,-0.4648,-0.5223,-0.512,-0.4765,-0.2964,-0.0893,0.1577,0.7449,1.0387,0.427,0.1504,0.0489,-0.0222,-0.1701,-0.2693,-0.3711,-0.5839,-0.7234,-0.7799,-0.8335,-0.7864,-0.6253,-0.4667,-0.3535,-0.2834,-0.2436,-0.2206,-0.2057,-0.1946,-0.1854,-0.1774,-0.1702,-0.1637,-0.1577,-0.1523,-0.3201,-0.3695,-0.4169,-0.4632,-0.4216,-0.235,-0.1122,-0.0505,0.3578,0.6713,0.3335,0.1492,0.0945,0.1073,0.0027,-0.1977,-0.4801,-0.9525,-1.0805,-0.8202,-0.6416,-0.5321,-0.4271,-0.3278,-0.2509,-0.2069,-0.1905,-0.1854,-0.1822,-0.1785,-0.1739,-0.1688,-0.1635,-0.1582,-0.1531,-0.1483,-0.2524,-0.2823,-0.3092,-0.3178,-0.2628,-0.1641,-0.1487,-0.2801,-0.0825,0.1802,0.1928,0.1213,0.1029,0.1386,0.0505,-0.1964,-0.583,-1.8308,-1.8813,-0.9236,-0.5279,-0.3592,-0.2695,-0.2071,-0.158,-0.1353,-0.1426,-0.1555,-0.1633,-0.1662,-0.1655,-0.1625,-0.1583,-0.1536,-0.149,-0.1448,-0.1882,-0.2006,-0.2046,-0.1897,-0.1476,-0.102,-0.1018,-0.1376,-0.0551,0.1379,0.1985,0.0989,0.0637,0.1774,-0.0274,-0.2682,-0.4506,-1.1157,-1.2613,-0.6648,-0.313,-0.1655,-0.1226,-0.1157,-0.1092,-0.1016,-0.117,-0.1389,-0.1538,-0.1609,-0.162,-0.1593,-0.1548,-0.1499,-0.1454,-0.1415,-0.1309,-0.1309,-0.1224,-0.1014,-0.0687,-0.0356,-0.0139,0.015,0.1121,0.2713,0.3736,0.3202,0.2398,0.2847,-0.0351,-0.3117,-0.7424,-0.5262,-0.4403,-0.1957,0.0424,0.1009,0.0408,-0.0326,-0.0849,-0.1019,-0.1166,-0.1402,-0.158,-0.1656,-0.1649,-0.1594,-0.1523,-0.1461,-0.1415,-0.1381,-0.0819,-0.0744,-0.0598,-0.0367,-0.006,0.0296,0.0715,0.1359,0.2541,0.4657,0.8028,0.6032,0.4398,0.2563,0.0643,-0.2505,-0.5374,-0.2372,-0.0028,0.2092,0.4689,0.4107,0.2056,0.0575,-0.042,-0.0989,-0.1363,-0.1655,-0.1813,-0.1829,-0.1742,-0.1606,-0.1479,-0.1396,-0.1356,-0.1338,-0.041,-0.029,-0.0111,0.0135,0.045,0.0841,0.1348,0.208,0.3221,0.5079,0.7565,0.6106,0.4738,0.4328,0.2877,0.1555,0.1006,0.2746,0.4705,0.4896,0.5588,0.4958,0.2974,0.1189,-0.028,-0.1364,-0.2019,-0.229,-0.2303,-0.2146,-0.1872,-0.1565,-0.1341,-0.1253,-0.1254,-0.1278,-0.0071,0.0077,0.0274,0.0528,0.0847,0.1244,0.1748,0.241,0.3278,0.4314,0.5082,0.4978,0.4861,0.508,0.6465,0.7169,0.6022,0.7886,1.0455,0.8254,0.6468,0.5121,0.344,0.1387,-0.0795,-0.2645,-0.3467,-0.3412,-0.3077,-0.2596,-0.1977,-0.1344,-0.0979,-0.0966,-0.1095,-0.1206,0.021,0.0372,0.0578,0.0833,0.1145,0.1523,0.1981,0.2531,0.3164,0.3806,0.4311,0.466,0.5222,0.7055,1.3599,1.6467,0.9912,0.9776,1.1653,1.3111,0.989,0.6733,0.4238,0.1494,-0.1759,-0.4719,-0.5416,-0.4794,-0.4086,-0.3188,-0.2052,-0.0872,-0.0341,-0.057,-0.0931,-0.1156,0.044,0.061,0.0817,0.1066,0.1362,0.171,0.2115,0.2574,0.3073,0.358,0.4076,0.4652,0.5651,0.7996,1.2983,1.466,1.079,1.1372,1.8204,2.1619,1.3235,0.8599,0.5625,0.216,-0.2085,-0.5459,-0.6095,-0.6281,-0.5378,-0.402,-0.239,-0.0694,-0.0018,-0.043,-0.0919,-0.1186,0.0628,0.08,0.1004,0.1243,0.1519,0.1837,0.2195,0.2592,0.3019,0.3474,0.3977,0.4616,0.559,0.7176,0.9163,0.9973,0.971,1.1114,1.506,1.6408,1.2806,1.0592,0.8606,0.4293,-0.1429,-0.6664,-1.0891,-0.9795,-0.7037,-0.5155,-0.3359,-0.1627,-0.0801,-0.0899,-0.1172,-0.1327,0.0781,0.0951,0.1148,0.1374,0.1632,0.1921,0.2243,0.2595,0.2978,0.3398,0.3877,0.447,0.5249,0.6238,0.7249,0.7945,0.8512,0.9622,1.1207,1.2027,1.2545,1.5211,1.5568,0.8675,0.0147,-0.7869,-1.4427,-1.165,-0.7997,-0.6437,-0.4697,-0.303,-0.2017,-0.1656,-0.1573,-0.1535,0.0905,0.107,0.1258,0.1472,0.171,0.1975,0.2267,0.2585,0.2932,0.3316,0.375,0.4261,0.4865,0.5547,0.623,0.6848,0.7486,0.831,0.9315,1.0546,1.3251,1.9326,2.1281,1.2195,0.2412,-0.4896,-0.897,-0.8751,-0.8534,-0.779,-0.5812,-0.4047,-0.2893,-0.226,-0.1926,-0.1728,0.1003,0.1162,0.1341,0.1541,0.1762,0.2006,0.2271,0.256,0.2874,0.3219,0.3603,0.4034,0.4515,0.5032,0.556,0.6088,0.6653,0.7322,0.8175,0.9475,1.1922,1.5572,1.6075,1.041,0.3381,-0.209,-0.5444,-0.7245,-0.8556,-0.7895,-0.6017,-0.439,-0.3274,-0.2569,-0.2131,-0.1845]},{"header":{"la1":42.85,"la2":41.18,"lo1":11.55,"lo2":14.05,"nx":36,"ny":24,"dx":0.07143,"dy":0.07261,"parameterCategory":2,"parameterNumber":3,"parameterNumberName":"northward_wind","parameterUnit":"m.s-1"},"data":[-0.3705,-0.3526,-0.332,-0.3088,-0.2838,-0.2589,-0.2371,-0.2216,-0.2147,-0.2161,-0.2226,-0.2296,-0.233,-0.2303,-0.2203,-0.2036,-0.1812,-0.1553,-0.1283,-0.1029,-0.0822,-0.0699,-0.0689,-0.0797,-0.0996,-0.125,-0.1524,-0.1799,-0.2061,-0.2307,-0.2534,-0.2744,-0.2936,-0.3112,-0.3274,-0.3421,-0.3718,-0.3513,-0.3266,-0.2973,-0.2637,-0.2282,-0.1957,-0.173,-0.1659,-0.1744,-0.1922,-0.2104,-0.222,-0.2233,-0.2131,-0.1926,-0.1635,-0.1291,-0.0924,-0.0568,-0.0261,-0.007,-0.006,-0.024,-0.055,-0.0915,-0.1284,-0.1632,-0.1949,-0.2236,-0.2494,-0.2728,-0.2939,-0.313,-0.3304,-0.3461,-0.3751,-0.352,-0.323,-0.2862,-0.2404,-0.1872,-0.1341,-0.0957,-0.0866,-0.1091,-0.149,-0.1876,-0.2127,-0.22,-0.2098,-0.1838,-0.1455,-0.0992,-0.0499,-0.0005,0.0467,0.08,0.0811,0.0481,-0.0027,-0.0562,-0.1053,-0.1485,-0.1861,-0.2189,-0.2478,-0.2734,-0.2963,-0.3168,-0.3352,-0.3517,-0.3806,-0.3556,-0.3229,-0.2785,-0.217,-0.1353,-0.0416,0.0346,0.0516,-0.0014,-0.0869,-0.162,-0.2079,-0.2236,-0.2128,-0.1794,-0.1275,-0.0643,0.0005,0.0646,0.1381,0.2042,0.205,0.1382,0.053,-0.0235,-0.0866,-0.1382,-0.1812,-0.2177,-0.2492,-0.2767,-0.3011,-0.3228,-0.3421,-0.3594,-0.3884,-0.3624,-0.328,-0.2788,-0.2016,-0.0793,0.0929,0.2643,0.3099,0.1807,-0.0032,-0.14,-0.2137,-0.2383,-0.2262,-0.1829,-0.1113,-0.0205,0.0649,0.1314,0.2321,0.3721,0.3656,0.2289,0.0971,-0.0024,-0.077,-0.1351,-0.1819,-0.221,-0.2543,-0.2833,-0.3088,-0.3315,-0.3515,-0.3693,-0.3979,-0.3708,-0.3372,-0.2907,-0.2089,-0.0463,0.2514,0.6505,0.7932,0.4589,0.079,-0.1404,-0.2393,-0.2693,-0.2547,-0.2012,-0.1047,0.0337,0.1664,0.2021,0.2655,0.4618,0.4431,0.2561,0.1042,-0.0027,-0.0809,-0.141,-0.1892,-0.2293,-0.2636,-0.2935,-0.3198,-0.3431,-0.3637,-0.3819,-0.408,-0.3766,-0.341,-0.3062,-0.2485,-0.0881,0.2997,1.0019,1.337,0.6517,0.067,-0.1936,-0.2928,-0.3197,-0.304,-0.2456,-0.1306,0.0571,0.274,0.2733,0.2258,0.2989,0.2939,0.1828,0.067,-0.0262,-0.0988,-0.1564,-0.2034,-0.243,-0.2772,-0.3074,-0.3342,-0.358,-0.379,-0.3974,-0.4202,-0.3771,-0.32,-0.2872,-0.2959,-0.2226,0.0542,0.5751,0.809,0.2909,-0.1355,-0.3109,-0.3707,-0.3874,-0.3796,-0.329,-0.212,-0.0313,0.1532,0.197,0.2218,0.2258,0.1735,0.0963,0.0118,-0.0643,-0.1276,-0.1798,-0.2236,-0.2615,-0.2951,-0.3253,-0.3524,-0.3766,-0.3979,-0.4164,-0.4423,-0.3891,-0.2869,-0.2017,-0.3214,-0.3894,-0.3254,-0.2036,-0.1993,-0.3457,-0.438,-0.4547,-0.452,-0.4624,-0.4937,-0.4741,-0.3375,-0.1635,-0.0069,0.1422,0.3518,0.3125,0.1467,0.0379,-0.0428,-0.1088,-0.1634,-0.209,-0.2485,-0.2841,-0.3168,-0.347,-0.3747,-0.3994,-0.421,-0.4394,-0.4821,-0.4483,-0.3834,-0.3415,-0.4696,-0.5673,-0.6371,-0.7139,-0.8471,-0.8876,-0.7175,-0.5728,-0.5094,-0.5193,-0.6589,-0.7424,-0.4612,-0.2494,-0.1028,0.0568,0.2448,0.2253,0.0812,-0.0248,-0.1,-0.1577,-0.2036,-0.2419,-0.2766,-0.3098,-0.342,-0.3729,-0.4016,-0.4272,-0.4492,-0.4673,-0.5321,-0.535,-0.5632,-0.6552,-0.6679,-0.7315,-0.8861,-1.0297,-1.2573,-1.3834,-0.9044,-0.6268,-0.5307,-0.5262,-0.6355,-0.7441,-0.4308,-0.2549,-0.1607,-0.0702,0.0137,0.0248,-0.0314,-0.1007,-0.1627,-0.2113,-0.247,-0.2765,-0.3059,-0.3375,-0.3706,-0.4035,-0.4343,-0.4615,-0.4839,-0.5014,-0.5764,-0.5978,-0.6376,-0.6849,-0.7149,-0.8719,-1.1303,-1.3077,-1.2822,-1.22,-0.857,-0.6034,-0.5323,-0.6104,-0.4828,-0.3603,-0.2481,-0.207,-0.1882,-0.1397,-0.0977,-0.0882,-0.1164,-0.1694,-0.2284,-0.2711,-0.2927,-0.31,-0.3342,-0.3662,-0.4027,-0.4401,-0.4749,-0.5044,-0.5274,-0.5435,-0.609,-0.6361,-0.6728,-0.7186,-0.8021,-0.9959,-1.3023,-1.507,-1.4558,-1.05,-0.7384,-0.5516,-0.4754,-0.5882,-0.3767,-0.0805,-0.0355,-0.2233,-0.2408,-0.1551,-0.1214,-0.1197,-0.1527,-0.2175,-0.2973,-0.3416,-0.3379,-0.338,-0.359,-0.3955,-0.44,-0.4858,-0.5272,-0.5602,-0.583,-0.5962,-0.6312,-0.661,-0.7009,-0.7583,-0.8536,-1.0163,-1.2533,-1.5127,-1.3732,-0.9508,-0.672,-0.5458,-0.4717,0.0213,0.0023,0.4484,0.3138,-0.0342,-0.1465,-0.1117,-0.0758,-0.0786,-0.1372,-0.2335,-0.349,-0.4011,-0.3665,-0.3538,-0.3787,-0.4268,-0.4861,-0.5463,-0.5981,-0.6353,-0.6561,-0.663,-0.6444,-0.6743,-0.7138,-0.7679,-0.8449,-0.9496,-1.0677,-1.1324,-1.0288,-0.8289,-0.684,-0.5353,-0.2492,0.1698,0.132,0.5838,0.6337,0.1902,-0.035,-0.0248,0.0981,0.0873,-0.0579,-0.2014,-0.3177,-0.3688,-0.3509,-0.3517,-0.3929,-0.4629,-0.5479,-0.6321,-0.6998,-0.7406,-0.7544,-0.7481,-0.65,-0.6774,-0.7116,-0.7544,-0.8067,-0.8636,-0.9086,-0.9103,-0.8527,-0.8009,-0.8849,-0.6434,-0.506,-0.2595,-0.0932,0.2097,0.4094,0.0744,-0.1038,0.0693,0.5865,0.4576,0.0553,-0.1516,-0.2456,-0.2829,-0.2944,-0.3258,-0.3987,-0.507,-0.6359,-0.7615,-0.8535,-0.8935,-0.8875,-0.8551,-0.6498,-0.6731,-0.7003,-0.7313,-0.7641,-0.7933,-0.8093,-0.8026,-0.78,-0.784,-0.8621,-0.7434,-0.8237,-0.8767,-0.4763,-0.2713,-0.2006,-0.3308,-0.417,-0.098,0.6414,0.4787,0.0311,-0.1499,-0.187,-0.1719,-0.1792,-0.2536,-0.3865,-0.5605,-0.7646,-0.9645,-1.0942,-1.1172,-1.0636,-0.9832,-0.6458,-0.6648,-0.6856,-0.7073,-0.7277,-0.7433,-0.7499,-0.746,-0.7378,-0.7387,-0.7466,-0.7579,-0.9216,-0.9743,-0.8567,-0.8277,-0.6636,-0.7479,-0.9352,-0.5986,-0.1902,-0.0839,-0.1781,-0.2044,-0.1094,0.0545,0.0846,-0.1,-0.3505,-0.6225,-0.9433,-1.2763,-1.4633,-1.4254,-1.2744,-1.1188,-0.6399,-0.655,-0.6707,-0.686,-0.6993,-0.7088,-0.7128,-0.7119,-0.7096,-0.7109,-0.7199,-0.7497,-0.8238,-0.9563,-1.4436,-1.6717,-1.0191,-0.8961,-0.9901,-1.0043,-0.725,-0.5058,-0.4086,-0.2873,-0.0079,0.4764,0.5819,0.0927,-0.3256,-0.6865,-1.1339,-1.659,-1.9163,-1.7519,-1.4639,-1.2278,-0.6332,-0.6453,-0.6573,-0.6685,-0.6779,-0.6846,-0.6883,-0.6898,-0.6914,-0.6966,-0.7107,-0.7439,-0.8164,-0.9889,-1.3825,-1.5067,-1.0945,-1.006,-1.3451,-1.5307,-1.0359,-0.7758,-0.6332,-0.4372,-0.0777,0.5253,0.6601,0.0001,-0.3987,-0.7368,-1.2024,-1.8124,-2.1024,-1.8703,-1.5278,-1.2663,-0.6265,-0.6363,-0.6458,-0.6544,-0.6617,-0.6674,-0.6714,-0.6748,-0.6792,-0.6876,-0.7044,-0.7372,-0.7987,-0.9079,-1.0486,-1.0831,-0.9968,-1.0074,-1.1906,-1.2599,-1.0876,-1.0217,-0.9506,-0.7128,-0.3974,-0.2116,-0.4026,-0.4589,-0.5656,-0.7731,-1.0929,-1.5264,-1.7692,-1.6584,-1.425,-1.2206,-0.6203,-0.6284,-0.6361,-0.6432,-0.6494,-0.6546,-0.6591,-0.6638,-0.6701,-0.68,-0.6969,-0.7247,-0.7684,-0.828,-0.8863,-0.9115,-0.9121,-0.9432,-1.0174,-1.0794,-1.1788,-1.4501,-1.5173,-1.1006,-0.7002,-0.5752,-0.6879,-0.6596,-0.7376,-0.8318,-0.9668,-1.1836,-1.3439,-1.3445,-1.2445,-1.1241,-0.6146,-0.6215,-0.6281,-0.6342,-0.6397,-0.6448,-0.6498,-0.6553,-0.6624,-0.6726,-0.6878,-0.71,-0.74,-0.7754,-0.809,-0.8335,-0.8551,-0.891,-0.9518,-1.056,-1.2989,-1.7848,-1.9333,-1.3657,-0.8882,-0.6964,-0.6855,-0.7748,-0.9387,-0.923,-0.9176,-0.9981,-1.0846,-1.1125,-1.0815,-1.0212,-0.6096,-0.6156,-0.6214,-0.6268,-0.632,-0.637,-0.6422,-0.6481,-0.6555,-0.6652,-0.6785,-0.696,-0.7176,-0.742,-0.7665,-0.7902,-0.8169,-0.8552,-0.9172,-1.0278,-1.2359,-1.5276,-1.5885,-1.27,-0.9438,-0.7793,-0.7559,-0.8465,-0.9646,-0.9388,-0.898,-0.9147,-0.9521,-0.9725,-0.9645,-0.9351]}]