docs/data/wind_grid.json
[{"header":{"la1":42.85,"la2":41.18,"lo1":11.55,"lo2":14.05,"nx":36,"ny":24,"dx":0.07143,"dy":0.07261,"parameterCategory":2,"parameterNumber":2,"parameterNumberName":"eastward_wind","parameterUnit":"m.s-1"},"data":[-0.5759,-0.5788,-0.5821,-0.5854,-0.5888,-0.5914,-0.5926,-0.5914,-0.5872,-0.5805,-0.5731,-0.567,-0.5644,-0.5668,-0.5746,-0.5875,-0.6037,-0.6205,-0.635,-0.6447,-0.6487,-0.6474,-0.6426,-0.6357,-0.6281,-0.6206,-0.6135,-0.6071,-0.6013,-0.5962,-0.5917,-0.5877,-0.5841,-0.5809,-0.578,-0.5754,-0.5802,-0.5841,-0.5886,-0.5937,-0.5993,-0.6048,-0.6085,-0.6083,-0.6027,-0.5919,-0.5787,-0.5673,-0.5611,-0.5627,-0.5729,-0.5913,-0.6154,-0.6408,-0.6621,-0.6747,-0.6775,-0.6722,-0.6623,-0.6508,-0.6393,-0.6287,-0.6195,-0.6114,-0.6045,-0.5985,-0.5934,-0.5888,-0.5848,-0.5813,-0.5782,-0.5755,-0.585,-0.5899,-0.5958,-0.6033,-0.6125,-0.623,-0.6324,-0.636,-0.6292,-0.6114,-0.5881,-0.5671,-0.5547,-0.5544,-0.5677,-0.5944,-0.6315,-0.6719,-0.7048,-0.7211,-0.7194,-0.7056,-0.6867,-0.6679,-0.6511,-0.6369,-0.6251,-0.6153,-0.6072,-0.6004,-0.5946,-0.5896,-0.5853,-0.5815,-0.5781,-0.5752,-0.5904,-0.5963,-0.6036,-0.6136,-0.6277,-0.6467,-0.6681,-0.6826,-0.6765,-0.6458,-0.6031,-0.5656,-0.5429,-0.539,-0.5558,-0.5945,-0.653,-0.7206,-0.7753,-0.7956,-0.7812,-0.7493,-0.7152,-0.6858,-0.6624,-0.6441,-0.6298,-0.6184,-0.6092,-0.6017,-0.5953,-0.5899,-0.5853,-0.5812,-0.5776,-0.5745,-0.5963,-0.6031,-0.6115,-0.6235,-0.6428,-0.6741,-0.7189,-0.762,-0.764,-0.7059,-0.6248,-0.5596,-0.5218,-0.5119,-0.5317,-0.5858,-0.6777,-0.7963,-0.8956,-0.9175,-0.869,-0.8016,-0.7443,-0.702,-0.6716,-0.6494,-0.6329,-0.6202,-0.6102,-0.6021,-0.5954,-0.5897,-0.5848,-0.5805,-0.5767,-0.5735,-0.6034,-0.6111,-0.6198,-0.6319,-0.6534,-0.6964,-0.7769,-0.8859,-0.9188,-0.7973,-0.6442,-0.5412,-0.4857,-0.4671,-0.4862,-0.5547,-0.6898,-0.8946,-1.0854,-1.098,-0.9726,-0.8497,-0.7661,-0.7121,-0.6764,-0.6517,-0.6338,-0.6205,-0.6101,-0.6017,-0.5948,-0.5888,-0.5837,-0.5792,-0.5753,-0.5719,-0.6123,-0.6215,-0.6302,-0.6395,-0.6558,-0.6968,-0.7987,-0.989,-1.0801,-0.8562,-0.6253,-0.4969,-0.4294,-0.3981,-0.4065,-0.4783,-0.6467,-0.9368,-1.2425,-1.2358,-1.0264,-0.8653,-0.7699,-0.7124,-0.6754,-0.6502,-0.6323,-0.619,-0.6087,-0.6004,-0.5934,-0.5873,-0.582,-0.5774,-0.5733,-0.5698,-0.6239,-0.6369,-0.6477,-0.6533,-0.6552,-0.6689,-0.728,-0.86,-0.9142,-0.7156,-0.5262,-0.4209,-0.3535,-0.3003,-0.274,-0.3272,-0.5049,-0.7925,-1.0716,-1.0968,-0.9533,-0.8314,-0.7532,-0.7026,-0.6687,-0.6452,-0.6284,-0.616,-0.6063,-0.5983,-0.5913,-0.5852,-0.5797,-0.5748,-0.5706,-0.567,-0.6381,-0.6593,-0.6798,-0.6883,-0.6729,-0.6419,-0.6175,-0.5986,-0.5401,-0.44,-0.3749,-0.3309,-0.272,-0.178,-0.0551,-0.0517,-0.2826,-0.5761,-0.7903,-0.8641,-0.8356,-0.7792,-0.7274,-0.6872,-0.6579,-0.6373,-0.6227,-0.6118,-0.6031,-0.5955,-0.5887,-0.5824,-0.5766,-0.5714,-0.567,-0.5632,-0.6522,-0.6865,-0.7299,-0.7634,-0.7373,-0.6528,-0.5584,-0.4274,-0.2264,-0.1324,-0.2189,-0.2564,-0.2102,-0.0741,0.2676,0.4374,-0.0703,-0.4936,-0.7171,-0.7947,-0.7891,-0.7501,-0.7067,-0.6707,-0.6448,-0.6275,-0.6157,-0.6069,-0.5995,-0.5925,-0.5856,-0.5789,-0.5726,-0.567,-0.5621,-0.5583,-0.6601,-0.7057,-0.776,-0.858,-0.8354,-0.692,-0.5782,-0.4093,0.0529,0.2748,-0.1108,-0.2228,-0.181,-0.0723,0.2286,0.4458,-0.1704,-0.6757,-0.9,-0.9005,-0.8253,-0.7497,-0.6921,-0.6534,-0.6298,-0.6165,-0.6085,-0.6023,-0.5962,-0.5895,-0.5822,-0.5746,-0.5674,-0.5609,-0.5556,-0.5517,-0.6559,-0.7001,-0.7672,-0.8429,-0.8188,-0.7036,-0.6735,-0.6621,-0.2993,-0.0054,-0.1971,-0.2407,-0.1617,-0.0462,-0.0526,-0.1783,-0.6166,-1.2667,-1.4371,-1.1466,-0.8976,-0.7515,-0.6718,-0.6314,-0.6133,-0.6061,-0.6026,-0.599,-0.5939,-0.5869,-0.5783,-0.5691,-0.5602,-0.5525,-0.5467,-0.5428,-0.6403,-0.6716,-0.71,-0.7379,-0.7203,-0.6941,-0.7535,-0.8866,-0.7329,-0.4283,-0.3307,-0.2971,-0.2047,-0.0006,-0.0524,-0.3948,-0.9825,-2.1881,-2.2136,-1.3463,-0.9081,-0.7119,-0.6299,-0.6032,-0.5997,-0.6009,-0.6003,-0.5981,-0.5932,-0.5849,-0.5738,-0.5614,-0.5497,-0.5403,-0.5339,-0.5307,-0.6195,-0.6375,-0.6548,-0.6633,-0.6602,-0.669,-0.7226,-0.8011,-0.7184,-0.4996,-0.3823,-0.3536,-0.3224,-0.0453,-0.2424,-0.6025,-1.0589,-1.6743,-1.7354,-1.1376,-0.7513,-0.5876,-0.5526,-0.5698,-0.5952,-0.6033,-0.6011,-0.5999,-0.5949,-0.5837,-0.5676,-0.5496,-0.5334,-0.5217,-0.5154,-0.5138,-0.599,-0.6082,-0.6154,-0.6183,-0.619,-0.6257,-0.6424,-0.6443,-0.5768,-0.4679,-0.3997,-0.3616,-0.2806,-0.2013,-0.3798,-0.9475,-1.456,-1.156,-1.0041,-0.7019,-0.4075,-0.3422,-0.4285,-0.5218,-0.5816,-0.5997,-0.6036,-0.6068,-0.6008,-0.5834,-0.5579,-0.53,-0.5067,-0.4925,-0.4879,-0.4905,-0.5812,-0.5852,-0.5873,-0.587,-0.585,-0.5824,-0.5759,-0.553,-0.5024,-0.4403,-0.4016,-0.4009,-0.3845,-0.3619,-0.4953,-0.8982,-1.2378,-0.9154,-0.6471,-0.3329,0.0933,0.0092,-0.2889,-0.4685,-0.5618,-0.6036,-0.6236,-0.6292,-0.6158,-0.5845,-0.541,-0.4955,-0.4609,-0.4455,-0.4473,-0.459,-0.5666,-0.5674,-0.5665,-0.5637,-0.5585,-0.5503,-0.5363,-0.5123,-0.4773,-0.4389,-0.411,-0.4216,-0.4944,-0.5387,-0.5414,-0.6559,-0.7075,-0.5509,-0.3697,-0.2048,0.1668,0.0605,-0.2619,-0.4619,-0.5827,-0.6558,-0.688,-0.6812,-0.6452,-0.587,-0.511,-0.433,-0.3811,-0.3707,-0.3898,-0.4193,-0.5548,-0.5537,-0.5511,-0.5466,-0.5398,-0.53,-0.516,-0.4971,-0.4747,-0.4543,-0.4456,-0.4646,-0.5327,-0.5602,-0.5657,-0.5858,-0.517,-0.2699,-0.056,-0.2037,-0.1769,-0.2085,-0.3572,-0.5148,-0.6606,-0.7817,-0.82,-0.77,-0.6897,-0.5908,-0.4626,-0.3258,-0.2487,-0.2611,-0.3178,-0.3762,-0.5456,-0.5434,-0.5398,-0.5347,-0.5277,-0.5184,-0.5068,-0.4933,-0.4797,-0.47,-0.4695,-0.4845,-0.5146,-0.551,-0.631,-0.6604,-0.5045,-0.279,-0.1476,-0.2598,-0.3054,-0.3541,-0.447,-0.5806,-0.7592,-0.9666,-1.0111,-0.8678,-0.7363,-0.6006,-0.4098,-0.1843,-0.0771,-0.1406,-0.2523,-0.3429,-0.5385,-0.5357,-0.5318,-0.5267,-0.5203,-0.5124,-0.5035,-0.4942,-0.4861,-0.4817,-0.4839,-0.4949,-0.5159,-0.5515,-0.6146,-0.6266,-0.507,-0.3735,-0.3079,-0.3038,-0.349,-0.4118,-0.4926,-0.6108,-0.7845,-1.0016,-1.0469,-0.8818,-0.7653,-0.6321,-0.4141,-0.1305,-0.0036,-0.0985,-0.2357,-0.3377,-0.5332,-0.5302,-0.5264,-0.5217,-0.5161,-0.5097,-0.503,-0.4967,-0.4919,-0.4899,-0.4924,-0.5004,-0.5143,-0.534,-0.5531,-0.5432,-0.4863,-0.4126,-0.356,-0.3462,-0.3885,-0.4393,-0.4964,-0.5929,-0.7292,-0.8385,-0.8412,-0.8271,-0.7923,-0.7037,-0.5228,-0.2829,-0.1554,-0.197,-0.29,-0.368,-0.5294,-0.5264,-0.5228,-0.5186,-0.5139,-0.5089,-0.5039,-0.4995,-0.4965,-0.4956,-0.4975,-0.5025,-0.5101,-0.5181,-0.5208,-0.5089,-0.479,-0.4413,-0.4127,-0.4085,-0.4256,-0.4342,-0.449,-0.5407,-0.6745,-0.7777,-0.8086,-0.8237,-0.8677,-0.8293,-0.6835,-0.5008,-0.3796,-0.3551,-0.383,-0.4212,-0.5266,-0.5238,-0.5206,-0.517,-0.5131,-0.5091,-0.5054,-0.5022,-0.5001,-0.4995,-0.5006,-0.5033,-0.5068,-0.5091,-0.5072,-0.4981,-0.4815,-0.4624,-0.4485,-0.4446,-0.4417,-0.4143,-0.4028,-0.5003,-0.6353,-0.7426,-0.8068,-0.8959,-1.0436,-0.9893,-0.819,-0.6548,-0.54,-0.4845,-0.4712,-0.4776,-0.5247,-0.5222,-0.5193,-0.5163,-0.5131,-0.5099,-0.507,-0.5046,-0.5031,-0.5025,-0.5029,-0.5041,-0.5053,-0.5054,-0.5029,-0.4967,-0.4875,-0.4778,-0.4707,-0.467,-0.4605,-0.4444,-0.4491,-0.5184,-0.62,-0.7154,-0.8044,-0.9324,-1.067,-1.0151,-0.864,-0.7265,-0.627,-0.5662,-0.5359,-0.5244]},{"header":{"la1":42.85,"la2":41.18,"lo1":11.55,"lo2":14.05,"nx":36,"ny":24,"dx":0.07143,"dy":0.07261,"parameterCategory":2,"parameterNumber":3,"parameterNumberName":"northward_wind","parameterUnit":"m.s-1"},"data":[-0.7761,-0.7722,-0.7668,-0.7597,-0.7511,-0.7416,-0.7319,-0.7231,-0.7157,-0.7091,-0.7018,-0.692,-0.6782,-0.6595,-0.636,-0.6089,-0.5801,-0.5524,-0.5288,-0.5115,-0.5011,-0.4966,-0.4961,-0.4979,-0.5006,-0.5037,-0.5067,-0.5096,-0.5124,-0.5154,-0.5185,-0.5217,-0.525,-0.5285,-0.532,-0.5355,-0.7831,-0.7789,-0.7726,-0.7639,-0.7528,-0.7399,-0.7269,-0.7161,-0.7091,-0.7054,-0.7019,-0.6951,-0.6821,-0.6615,-0.6333,-0.5989,-0.561,-0.5241,-0.4936,-0.4737,-0.4651,-0.4652,-0.4701,-0.4766,-0.4831,-0.4889,-0.4938,-0.4982,-0.5023,-0.5062,-0.5102,-0.5143,-0.5185,-0.5228,-0.5271,-0.5313,-0.7905,-0.786,-0.7789,-0.7681,-0.753,-0.7341,-0.7142,-0.6985,-0.6918,-0.6941,-0.699,-0.6987,-0.6884,-0.6663,-0.6322,-0.5874,-0.5352,-0.4828,-0.4408,-0.4181,-0.4151,-0.4248,-0.4391,-0.453,-0.4645,-0.4735,-0.4806,-0.4865,-0.4917,-0.4967,-0.5017,-0.5068,-0.512,-0.5172,-0.5224,-0.5274,-0.7982,-0.7938,-0.786,-0.773,-0.7525,-0.7234,-0.6889,-0.6603,-0.6524,-0.6679,-0.6908,-0.7038,-0.6991,-0.676,-0.6349,-0.5759,-0.5012,-0.4211,-0.3577,-0.3324,-0.3443,-0.3739,-0.4042,-0.4283,-0.4458,-0.4582,-0.4672,-0.4745,-0.4809,-0.4869,-0.493,-0.4992,-0.5055,-0.5118,-0.518,-0.5239,-0.8059,-0.8021,-0.7946,-0.7802,-0.754,-0.7096,-0.646,-0.5832,-0.5673,-0.6141,-0.6765,-0.7131,-0.7171,-0.6937,-0.6454,-0.5694,-0.4613,-0.33,-0.2218,-0.1971,-0.2471,-0.3149,-0.369,-0.4054,-0.4286,-0.4436,-0.454,-0.4623,-0.4696,-0.4768,-0.4841,-0.4916,-0.4992,-0.5068,-0.5141,-0.5211,-0.8128,-0.8099,-0.804,-0.7915,-0.7635,-0.7036,-0.5928,-0.4479,-0.3991,-0.5243,-0.6651,-0.7345,-0.7466,-0.7228,-0.6697,-0.579,-0.4313,-0.2158,-0.0143,-0.0014,-0.135,-0.2618,-0.3421,-0.3882,-0.4144,-0.4302,-0.4409,-0.4495,-0.4577,-0.466,-0.4748,-0.4839,-0.4932,-0.5023,-0.511,-0.5191,-0.8172,-0.8145,-0.8112,-0.8054,-0.787,-0.7295,-0.5851,-0.3281,-0.2103,-0.4679,-0.6962,-0.7816,-0.7908,-0.765,-0.7133,-0.621,-0.4522,-0.1628,0.1543,0.1465,-0.0781,-0.2449,-0.3343,-0.38,-0.4039,-0.4175,-0.4271,-0.4356,-0.4446,-0.4545,-0.4652,-0.4764,-0.4877,-0.4987,-0.509,-0.5185,-0.817,-0.811,-0.8072,-0.8106,-0.818,-0.8023,-0.7105,-0.512,-0.425,-0.6485,-0.8197,-0.8611,-0.8467,-0.8174,-0.7786,-0.7052,-0.5554,-0.3014,-0.0278,-0.0059,-0.1615,-0.283,-0.3477,-0.3794,-0.3948,-0.4037,-0.4111,-0.4195,-0.4298,-0.4419,-0.4553,-0.4692,-0.4832,-0.4964,-0.5087,-0.5196,-0.8111,-0.7939,-0.7761,-0.7772,-0.8214,-0.8886,-0.9227,-0.9155,-0.9439,-1.0142,-1.0136,-0.9572,-0.9016,-0.8712,-0.8672,-0.8335,-0.7013,-0.5126,-0.3445,-0.2813,-0.3065,-0.3448,-0.3685,-0.379,-0.3827,-0.3853,-0.3903,-0.3994,-0.4123,-0.4279,-0.4452,-0.4629,-0.4802,-0.4964,-0.5109,-0.5234,-0.8027,-0.7645,-0.7043,-0.6557,-0.7295,-0.9322,-1.1142,-1.2511,-1.398,-1.4261,-1.227,-1.0391,-0.9366,-0.9081,-0.9763,-1.0188,-0.8196,-0.6296,-0.5022,-0.43,-0.3988,-0.3866,-0.3784,-0.3695,-0.3613,-0.3576,-0.3617,-0.3735,-0.3913,-0.4126,-0.4354,-0.4583,-0.48,-0.4996,-0.5166,-0.5307,-0.8014,-0.7442,-0.6283,-0.4644,-0.5299,-0.9485,-1.2896,-1.4922,-1.7528,-1.8855,-1.3848,-1.0681,-0.9388,-0.9059,-0.9662,-1.0242,-0.8053,-0.6306,-0.5318,-0.4703,-0.4265,-0.3943,-0.3681,-0.3445,-0.3247,-0.3152,-0.3211,-0.3401,-0.3667,-0.3966,-0.4272,-0.4569,-0.4842,-0.508,-0.5276,-0.543,-0.8171,-0.7659,-0.6589,-0.5076,-0.5995,-1.0857,-1.5133,-1.7314,-1.7222,-1.69,-1.3019,-1.0237,-0.9173,-0.9008,-0.8853,-0.8095,-0.6711,-0.5515,-0.5002,-0.4573,-0.412,-0.3724,-0.3376,-0.3024,-0.2681,-0.2516,-0.2652,-0.2991,-0.3399,-0.3818,-0.4228,-0.4613,-0.4955,-0.5241,-0.5463,-0.5622,-0.8478,-0.8264,-0.7913,-0.7827,-0.9318,-1.2788,-1.6725,-1.9909,-1.7792,-1.4376,-1.1365,-0.9481,-0.8919,-0.9184,-0.8918,-0.6897,-0.5195,-0.4901,-0.4844,-0.4224,-0.3668,-0.3244,-0.2908,-0.2493,-0.1941,-0.1658,-0.198,-0.2565,-0.3155,-0.3718,-0.4255,-0.4752,-0.5182,-0.5521,-0.5761,-0.591,-0.8803,-0.8874,-0.9054,-0.9622,-1.0996,-1.3229,-1.5829,-1.7767,-1.6554,-1.2872,-1.0244,-0.8972,-0.8751,-0.8724,-0.7486,-0.4338,-0.1768,-0.3391,-0.4007,-0.3433,-0.2778,-0.2407,-0.2297,-0.2037,-0.1383,-0.0987,-0.1507,-0.2279,-0.3004,-0.3707,-0.4401,-0.5047,-0.5589,-0.5982,-0.622,-0.6327,-0.9032,-0.9254,-0.9617,-1.0246,-1.1242,-1.2539,-1.3812,-1.4356,-1.3213,-1.0987,-0.9394,-0.8615,-0.8036,-0.7036,-0.6176,0.1028,0.8616,0.0764,-0.2244,-0.2112,-0.101,-0.086,-0.1474,-0.1738,-0.1465,-0.1234,-0.1588,-0.2218,-0.2961,-0.3812,-0.4724,-0.5592,-0.6287,-0.6724,-0.691,-0.6913,-0.913,-0.9389,-0.9751,-1.0251,-1.0884,-1.155,-1.2011,-1.1907,-1.1003,-0.969,-0.8882,-0.8138,-0.8028,-0.7467,-0.57,0.0173,0.5399,0.0379,-0.1972,-0.0882,0.2299,0.162,-0.0563,-0.1437,-0.1526,-0.1469,-0.1618,-0.209,-0.2908,-0.402,-0.5306,-0.6548,-0.7466,-0.7902,-0.792,-0.77,-0.9117,-0.9354,-0.9647,-0.9995,-1.0363,-1.0667,-1.0769,-1.0525,-0.9921,-0.9202,-0.8807,-0.848,-0.8811,-0.8896,-0.6611,-0.3994,-0.2309,-0.2979,-0.3446,-0.1476,0.2682,0.186,-0.0461,-0.1223,-0.111,-0.0789,-0.0808,-0.1456,-0.2663,-0.4303,-0.6261,-0.8178,-0.9433,-0.9717,-0.9319,-0.8681,-0.9025,-0.9218,-0.9433,-0.9657,-0.9857,-0.9975,-0.9945,-0.9722,-0.9339,-0.8929,-0.8633,-0.8498,-0.8948,-0.8907,-0.7241,-0.6104,-0.5001,-0.5063,-0.5778,-0.3809,-0.1485,-0.0875,-0.1248,-0.1111,-0.0182,0.1112,0.1335,-0.0078,-0.2153,-0.4623,-0.7663,-1.0797,-1.2542,-1.2281,-1.1032,-0.9738,-0.8887,-0.9033,-0.9181,-0.9316,-0.9414,-0.9442,-0.9369,-0.9186,-0.8921,-0.8637,-0.8392,-0.8223,-0.813,-0.7809,-0.7581,-0.7621,-0.6063,-0.5401,-0.5476,-0.4614,-0.3482,-0.2537,-0.1929,-0.1006,0.0984,0.4226,0.4898,0.1568,-0.1645,-0.4877,-0.9158,-1.4073,-1.6388,-1.501,-1.2569,-1.057,-0.8726,-0.883,-0.8926,-0.9001,-0.9039,-0.9021,-0.8934,-0.8778,-0.8571,-0.834,-0.8111,-0.7891,-0.7659,-0.7409,-0.742,-0.7349,-0.62,-0.5323,-0.4979,-0.494,-0.4108,-0.314,-0.23,-0.1164,0.0986,0.4679,0.5487,0.1298,-0.1708,-0.4831,-0.9465,-1.5342,-1.7979,-1.5972,-1.3022,-1.0785,-0.8557,-0.8627,-0.8684,-0.8718,-0.8719,-0.8676,-0.8584,-0.8444,-0.8264,-0.8059,-0.7838,-0.7603,-0.7352,-0.7106,-0.6903,-0.6572,-0.5918,-0.5261,-0.4882,-0.465,-0.3975,-0.313,-0.2455,-0.1658,-0.0428,0.0488,-0.0528,-0.1058,-0.224,-0.4379,-0.7878,-1.2449,-1.4909,-1.399,-1.1976,-1.0242,-0.8388,-0.8431,-0.8459,-0.8466,-0.8444,-0.8387,-0.8292,-0.816,-0.7995,-0.7804,-0.7591,-0.7358,-0.7106,-0.684,-0.655,-0.6179,-0.5692,-0.5179,-0.4733,-0.4261,-0.3519,-0.2659,-0.2306,-0.2087,-0.1557,-0.1421,-0.1956,-0.197,-0.2678,-0.3764,-0.5812,-0.8645,-1.0636,-1.09,-1.0161,-0.9221,-0.8226,-0.8248,-0.8254,-0.8241,-0.8204,-0.8137,-0.8041,-0.7913,-0.7758,-0.7577,-0.7373,-0.7146,-0.6898,-0.6625,-0.6319,-0.596,-0.5542,-0.5087,-0.4606,-0.4022,-0.3197,-0.2268,-0.2062,-0.2274,-0.2138,-0.2007,-0.2108,-0.2506,-0.2939,-0.3243,-0.447,-0.628,-0.7783,-0.8468,-0.8467,-0.8135,-0.8071,-0.8077,-0.8068,-0.8041,-0.7993,-0.792,-0.7822,-0.7699,-0.755,-0.7377,-0.7182,-0.6964,-0.6723,-0.6457,-0.6158,-0.5821,-0.5442,-0.5022,-0.4551,-0.3987,-0.3295,-0.2631,-0.2415,-0.2525,-0.2526,-0.2486,-0.2582,-0.2845,-0.2972,-0.3167,-0.4,-0.5189,-0.6266,-0.6951,-0.7227,-0.7224]}]