docs/data/wind_grid.json
[{"header":{"la1":42.85,"la2":41.18,"lo1":11.55,"lo2":14.05,"nx":36,"ny":24,"dx":0.07143,"dy":0.07261,"parameterCategory":2,"parameterNumber":2,"parameterNumberName":"eastward_wind","parameterUnit":"m.s-1"},"data":[2.5044,2.5034,2.5017,2.499,2.4952,2.4897,2.4819,2.471,2.4561,2.4365,2.4122,2.3834,2.3505,2.3135,2.272,2.2255,2.173,2.1138,2.0479,1.978,1.9112,1.8591,1.8317,1.8314,1.8516,1.8825,1.916,1.9474,1.9748,1.9979,2.017,2.0328,2.046,2.0571,2.0667,2.0752,2.5141,2.5141,2.5134,2.5119,2.5096,2.5059,2.5001,2.4906,2.4757,2.4546,2.4274,2.395,2.3581,2.3169,2.2709,2.2189,2.159,2.0885,2.0046,1.9078,1.8082,1.7294,1.6956,1.7106,1.7568,1.8129,1.8659,1.9108,1.947,1.9757,1.9984,2.0166,2.0314,2.0437,2.0541,2.0632,2.5241,2.5252,2.5257,2.5256,2.525,2.5241,2.5218,2.5154,2.5015,2.4781,2.4463,2.4086,2.3667,2.3211,2.2709,2.2145,2.1487,2.0681,1.9639,1.8267,1.6648,1.5293,1.4868,1.5412,1.6393,1.7365,1.816,1.8766,1.9217,1.9555,1.9813,2.0013,2.0172,2.0304,2.0414,2.0511,2.5343,2.5368,2.5385,2.5396,2.5411,2.5441,2.5484,2.5492,2.538,2.51,2.4696,2.4237,2.3754,2.325,2.2713,2.2124,2.1446,2.0606,1.9424,1.7535,1.4703,1.199,1.1511,1.3111,1.5086,1.6648,1.7743,1.8493,1.9014,1.9386,1.966,1.9869,2.0035,2.017,2.0285,2.0385,2.5448,2.5491,2.5524,2.5543,2.5568,2.5644,2.5805,2.5988,2.5953,2.5554,2.4969,2.438,2.3817,2.3261,2.2697,2.2111,2.1477,2.0744,1.9718,1.7528,1.2658,0.6713,0.6602,1.0652,1.4067,1.6209,1.7516,1.8337,1.8878,1.9253,1.9526,1.9733,1.9898,2.0034,2.015,2.0252,2.5556,2.5631,2.5691,2.5712,2.5714,2.5805,2.614,2.6722,2.6909,2.6168,2.5223,2.4467,2.3823,2.3203,2.2605,2.2051,2.1534,2.1077,2.0756,1.9277,1.3088,0.3571,0.4095,1.0119,1.4103,1.6302,1.7555,1.8313,1.8806,1.9147,1.94,1.9597,1.9756,1.9889,2.0006,2.011,2.5659,2.5795,2.593,2.5963,2.5865,2.5852,2.6261,2.7352,2.7938,2.6565,2.5251,2.4432,2.374,2.301,2.2311,2.1801,2.15,2.1351,2.171,2.1316,1.7018,1.1273,1.0214,1.3019,1.5428,1.6918,1.7813,1.8376,1.876,1.9043,1.9265,1.9447,1.9599,1.973,1.9846,1.9952,2.5731,2.5961,2.6296,2.6453,2.6099,2.5756,2.5869,2.6563,2.6895,2.578,2.4838,2.4271,2.359,2.2589,2.1507,2.0973,2.1132,2.1372,2.1428,2.0961,1.9725,1.8195,1.6639,1.6533,1.7114,1.768,1.8099,1.8413,1.8672,1.8898,1.9096,1.9268,1.9417,1.9548,1.9665,1.9774,2.5718,2.5995,2.6614,2.7176,2.6292,2.5519,2.5197,2.4958,2.4517,2.4042,2.4082,2.4139,2.354,2.1906,1.9427,1.8434,1.999,2.1327,2.1584,2.1207,2.1023,2.0699,1.9407,1.8571,1.8241,1.814,1.816,1.8275,1.8456,1.8664,1.8866,1.9046,1.92,1.9335,1.9455,1.9569,2.559,2.5699,2.6,2.6214,2.5416,2.5048,2.4628,2.3598,2.172,2.1116,2.3027,2.4312,2.4006,2.158,1.5056,1.156,1.8208,2.1648,2.2417,2.1956,2.1278,2.0961,2.0231,1.9313,1.8514,1.7964,1.7738,1.78,1.8028,1.8303,1.8558,1.877,1.894,1.9081,1.9207,1.9328,2.5427,2.5257,2.4769,2.3583,2.3723,2.4615,2.447,2.3072,1.822,1.5586,2.2224,2.522,2.5437,2.3568,1.6692,1.1684,1.9624,2.3333,2.4145,2.3428,2.2342,2.1461,2.0459,1.9146,1.7762,1.6783,1.6526,1.6828,1.7332,1.7807,1.8177,1.8442,1.8632,1.8778,1.8908,1.9038,2.5362,2.509,2.45,2.3592,2.3793,2.4762,2.4833,2.4207,2.1769,1.9679,2.4474,2.7331,2.7573,2.7362,2.3852,2.2446,2.4158,2.6867,2.7335,2.5422,2.355,2.199,2.0302,1.8077,1.551,1.3886,1.4094,1.5262,1.6409,1.7233,1.7757,1.8073,1.8268,1.8408,1.8539,1.8682,2.5434,2.5241,2.4937,2.4679,2.4881,2.5367,2.545,2.3375,2.6382,2.5887,2.8137,3.1186,3.0615,2.6091,2.3042,2.522,2.6542,3.1548,3.1639,2.6958,2.4221,2.2167,1.9829,1.6218,1.1139,0.8236,1.0239,1.3362,1.5503,1.672,1.7357,1.767,1.7828,1.7939,1.8066,1.8233,2.5593,2.5517,2.544,2.5453,2.5661,2.6006,2.6432,2.7656,2.7752,2.8235,3.0476,3.5409,3.6627,3.1978,2.7105,2.4663,2.6352,2.9321,2.9493,2.6432,2.3919,2.1926,1.9472,1.4875,0.682,0.2166,0.707,1.226,1.5091,1.6445,1.7021,1.7209,1.7252,1.7302,1.7431,1.7649,2.5777,2.5794,2.5842,2.5966,2.6199,2.6535,2.6975,2.7562,2.8352,2.982,3.1584,3.2829,3.2645,3.2943,2.8193,2.4703,3.1663,2.8539,2.6929,2.4762,2.249,2.1176,1.9598,1.5902,0.9458,0.5621,0.9103,1.3226,1.5501,1.6473,1.6707,1.6586,1.6407,1.637,1.654,1.6876,2.5949,2.6029,2.6147,2.633,2.6597,2.6962,2.7451,2.8153,2.9296,3.1246,3.3854,3.3558,3.2639,3.1325,2.928,2.878,3.0814,2.8016,2.5631,2.2953,1.9547,1.9683,1.9909,1.8059,1.5061,1.3211,1.3954,1.5494,1.6451,1.6648,1.6249,1.557,1.503,1.4926,1.5263,1.5859,2.6093,2.6212,2.6372,2.6589,2.6882,2.7273,2.7802,2.8554,2.9688,3.1411,3.3444,3.3015,3.3054,3.2957,2.9904,2.8475,2.7684,2.5932,2.4095,2.2342,1.9083,1.9534,2.0382,1.9626,1.8327,1.746,1.7327,1.7479,1.7393,1.673,1.5397,1.3763,1.2662,1.2648,1.347,1.459,2.6202,2.6344,2.6525,2.6758,2.7058,2.7446,2.7952,2.8623,2.9502,3.0549,3.1408,3.173,3.2723,3.2632,2.9414,2.7804,2.6452,2.3778,2.16,2.2651,2.187,2.1367,2.1199,2.059,1.975,1.91,1.8836,1.8692,1.8131,1.6667,1.3989,1.0658,0.8703,0.9288,1.1214,1.3205,2.6275,2.6428,2.6615,2.6847,2.7135,2.7491,2.7931,2.8465,2.9082,2.9708,3.019,3.0456,3.0533,2.9714,2.7778,2.7155,2.618,2.393,2.2601,2.3611,2.3232,2.2532,2.1917,2.1196,2.0232,1.9045,1.8761,1.934,1.8858,1.676,1.2447,0.6516,0.3479,0.5529,0.913,1.2112,2.6315,2.6468,2.6651,2.6869,2.713,2.7438,2.7797,2.82,2.8621,2.9005,2.9271,2.9349,2.9138,2.8453,2.749,2.7042,2.6146,2.4888,2.4697,2.4952,2.3919,2.3052,2.2369,2.1687,2.0763,1.922,1.8862,2.0424,1.9971,1.7571,1.2429,0.4888,0.1216,0.4176,0.8544,1.1876,2.6324,2.6471,2.6641,2.6839,2.7065,2.7321,2.7603,2.7897,2.818,2.8411,2.8541,2.8516,2.8286,2.7835,2.7282,2.6725,2.5966,2.5145,2.4736,2.4544,2.3849,2.3078,2.2553,2.2161,2.1845,2.2088,2.3668,2.3194,2.1612,1.9339,1.5049,0.9032,0.568,0.7097,1.0111,1.2725,2.6307,2.6443,2.6597,2.6769,2.696,2.7166,2.7381,2.7591,2.7777,2.7909,2.7957,2.7887,2.7679,2.7339,2.6904,2.6387,2.5774,2.5146,2.4633,2.4149,2.3441,2.2649,2.2356,2.2404,2.2608,2.3701,2.5662,2.4577,2.31,2.1648,1.8613,1.4618,1.1891,1.1622,1.2798,1.427,2.6269,2.6392,2.6527,2.6673,2.683,2.6992,2.7151,2.7298,2.7415,2.7483,2.748,2.7389,2.7198,2.6911,2.654,2.6092,2.5582,2.5047,2.4513,2.392,2.3138,2.2265,2.2067,2.243,2.2795,2.3457,2.4144,2.4125,2.4606,2.3815,2.1246,1.8317,1.6134,1.5224,1.5331,1.5928,2.6214,2.6323,2.6439,2.6561,2.6686,2.681,2.6926,2.7025,2.7093,2.7117,2.7084,2.6981,2.6802,2.6548,2.6224,2.5837,2.5399,2.4925,2.4419,2.3852,2.3199,2.259,2.2405,2.2588,2.2827,2.3141,2.3493,2.3996,2.4793,2.4191,2.2243,2.0144,1.8497,1.7547,1.7239,1.7355]},{"header":{"la1":42.85,"la2":41.18,"lo1":11.55,"lo2":14.05,"nx":36,"ny":24,"dx":0.07143,"dy":0.07261,"parameterCategory":2,"parameterNumber":3,"parameterNumberName":"northward_wind","parameterUnit":"m.s-1"},"data":[1.4462,1.4227,1.3928,1.3568,1.3162,1.2741,1.2353,1.2045,1.185,1.1768,1.1761,1.1779,1.1775,1.1721,1.1608,1.1442,1.1239,1.1023,1.0818,1.0647,1.0529,1.0482,1.0513,1.0623,1.0796,1.1011,1.1247,1.1487,1.172,1.194,1.2143,1.2327,1.2493,1.2643,1.2776,1.2896,1.4682,1.4424,1.4072,1.3618,1.3075,1.2488,1.1932,1.1506,1.1282,1.1263,1.1373,1.151,1.1592,1.1579,1.1466,1.1265,1.1006,1.0723,1.0454,1.023,1.0075,1.0012,1.0059,1.0215,1.0456,1.0745,1.1049,1.1348,1.1628,1.1885,1.2116,1.2321,1.2502,1.2662,1.2803,1.2927,1.4984,1.4718,1.4314,1.3744,1.3004,1.2142,1.1284,1.0626,1.035,1.0474,1.0826,1.1185,1.1411,1.1461,1.1345,1.1095,1.0753,1.0375,1.0021,0.9735,0.9536,0.9446,0.9512,0.974,1.0081,1.0469,1.0859,1.1227,1.1561,1.1856,1.2114,1.2339,1.2533,1.2701,1.2847,1.2974,1.5395,1.5155,1.4722,1.4025,1.3014,1.1708,1.0275,0.9112,0.8714,0.9179,1.0047,1.0813,1.1264,1.1395,1.1268,1.0942,1.0479,0.9961,0.9497,0.916,0.8932,0.8804,0.8886,0.9218,0.9694,1.0208,1.07,1.1144,1.1532,1.1865,1.2147,1.2387,1.2589,1.2762,1.291,1.3038,1.594,1.579,1.5396,1.4605,1.3265,1.1284,0.8762,0.6398,0.5653,0.7008,0.9007,1.0467,1.1213,1.1421,1.1259,1.083,1.0195,0.9455,0.8828,0.8499,0.8352,0.8239,0.8315,0.874,0.9357,1.0004,1.0603,1.1123,1.1562,1.1925,1.2225,1.2472,1.2677,1.285,1.2996,1.312,1.6625,1.6677,1.6464,1.5701,1.4058,1.1237,0.6943,0.179,-0.0052,0.372,0.7975,1.0363,1.1361,1.1578,1.1344,1.0795,0.9956,0.888,0.7947,0.771,0.7815,0.8053,0.8093,0.8436,0.9135,0.9905,1.0605,1.1194,1.1671,1.2052,1.2356,1.26,1.28,1.2965,1.3104,1.3222,1.7408,1.781,1.8039,1.7573,1.5762,1.2275,0.6437,-0.2422,-0.642,0.1426,0.801,1.0848,1.1797,1.1876,1.1516,1.087,0.9898,0.8526,0.7273,0.7145,0.6749,0.7075,0.7552,0.8131,0.9027,0.9952,1.0751,1.139,1.1883,1.2259,1.2549,1.2776,1.2959,1.3109,1.3235,1.3342,1.8161,1.9013,2.0022,2.0304,1.8351,1.4625,0.9465,0.254,-0.0381,0.5418,1.0177,1.2062,1.2496,1.225,1.1686,1.0994,1.0086,0.8765,0.7423,0.6162,0.3287,0.3325,0.5702,0.7597,0.905,1.0206,1.1095,1.175,1.2221,1.256,1.2809,1.3,1.3154,1.3281,1.3389,1.3482,1.8686,1.9826,2.1498,2.2725,2.046,1.7002,1.3802,1.1253,1.0775,1.2323,1.3424,1.3625,1.3302,1.2582,1.1598,1.0865,1.0295,0.9202,0.7416,0.3751,-0.3319,-0.1898,0.3967,0.7398,0.9432,1.0792,1.1717,1.2323,1.271,1.296,1.3135,1.3269,1.338,1.3478,1.3564,1.3639,1.8877,1.9936,2.1196,2.1861,2.065,1.844,1.6666,1.6237,1.7348,1.7877,1.6362,1.5034,1.4104,1.2938,1.0876,0.9813,1.0283,0.9514,0.787,0.4624,-0.0369,0.0407,0.5027,0.8342,1.0482,1.1882,1.2724,1.3161,1.3362,1.3455,1.3513,1.3569,1.3629,1.3693,1.3756,1.3814,1.8815,1.9746,2.0894,2.2291,2.183,1.9313,1.8025,1.8361,2.1244,2.2913,1.8314,1.5954,1.4937,1.3976,1.1543,0.9895,1.0361,0.933,0.8197,0.7033,0.5689,0.5958,0.8005,1.0344,1.2337,1.3683,1.4267,1.4319,1.4169,1.4012,1.3915,1.388,1.3889,1.3922,1.3965,1.4005,1.8581,1.94,2.0542,2.1978,2.1497,1.9266,1.8399,1.8538,1.9904,2.0824,1.7999,1.6319,1.5762,1.603,1.4166,1.2039,1.0172,0.736,0.6488,0.7712,0.8437,0.9197,1.0645,1.2765,1.5106,1.6585,1.657,1.5803,1.5057,1.456,1.429,1.4173,1.4146,1.4162,1.4191,1.4217,1.8213,1.8803,1.9475,1.9952,1.9556,1.8687,1.8461,1.8073,1.8956,1.8252,1.7194,1.6662,1.6366,1.6009,1.415,1.1889,0.9449,0.2208,0.1897,0.7434,0.9614,1.0857,1.2446,1.5146,1.9001,2.1205,1.9704,1.7377,1.5814,1.4969,1.4571,1.4422,1.4396,1.4417,1.4444,1.4457,1.7794,1.8158,1.8476,1.8602,1.8434,1.8224,1.8389,1.9075,1.8721,1.7561,1.6914,1.7173,1.7358,1.7549,1.3401,0.9093,0.9552,0.6688,0.5712,0.8945,1.0647,1.1737,1.3341,1.6577,2.2384,2.5792,2.2115,1.819,1.6062,1.5083,1.4705,1.4622,1.4658,1.4714,1.4746,1.4742,1.7404,1.762,1.7779,1.7833,1.779,1.7761,1.7853,1.7939,1.7607,1.7015,1.6733,1.6824,1.6707,1.6819,1.3068,0.8585,1.3076,1.1508,1.0906,1.1214,1.1259,1.1742,1.3225,1.5957,2.0477,2.3201,2.0475,1.7243,1.5505,1.4822,1.4698,1.4819,1.4992,1.5109,1.5137,1.5093,1.7073,1.7208,1.7299,1.7334,1.7326,1.731,1.7292,1.72,1.6955,1.6662,1.6479,1.7518,1.6966,1.5948,1.4239,1.2946,1.3695,1.3692,1.3821,1.2571,0.9667,1.0309,1.2548,1.434,1.6155,1.7077,1.6158,1.4855,1.4247,1.4277,1.4658,1.5142,1.5526,1.5698,1.5674,1.5536,1.6803,1.6891,1.6948,1.6972,1.6966,1.6938,1.6884,1.6783,1.6638,1.6513,1.646,1.6786,1.6764,1.6512,1.5364,1.4779,1.5236,1.7044,1.8325,1.5163,0.9635,1.0387,1.2527,1.3125,1.2901,1.219,1.1619,1.1819,1.2621,1.3667,1.4791,1.582,1.6476,1.6621,1.6411,1.6076,1.6583,1.6643,1.6682,1.6696,1.6687,1.6657,1.6605,1.6532,1.6454,1.6405,1.6414,1.6476,1.6638,1.6603,1.6137,1.6241,1.7467,2.2271,2.7312,2.0676,1.5559,1.3823,1.3403,1.2295,0.9918,0.6784,0.5893,0.8177,1.0946,1.3246,1.5308,1.7121,1.809,1.7969,1.7327,1.6662,1.6402,1.6446,1.6472,1.6481,1.6472,1.6447,1.6408,1.636,1.6316,1.6289,1.6289,1.6313,1.636,1.6406,1.6694,1.6916,1.8223,2.2508,2.5817,2.3403,1.9498,1.6377,1.4281,1.1729,0.7015,-0.0574,-0.227,0.4666,0.99,1.3224,1.6124,1.8906,2.0175,1.9444,1.8171,1.7144,1.6253,1.6285,1.6305,1.6311,1.6304,1.6286,1.626,1.623,1.6205,1.6192,1.6196,1.6224,1.6291,1.645,1.6766,1.7038,1.8277,2.1166,2.5445,2.7096,2.148,1.757,1.4988,1.2058,0.7022,-0.1604,-0.3557,0.5707,1.0657,1.3671,1.6551,1.9662,2.1042,1.999,1.8468,1.7326,1.6128,1.6153,1.6169,1.6174,1.6171,1.616,1.6144,1.6128,1.6117,1.6117,1.6134,1.618,1.6276,1.6458,1.675,1.7214,1.8241,2.0204,2.2945,2.3557,2.0392,1.7624,1.5765,1.3498,1.046,0.861,1.1634,1.2234,1.3019,1.4569,1.6336,1.8414,1.9541,1.9058,1.8034,1.7146,1.6022,1.6043,1.6056,1.6062,1.6062,1.6057,1.605,1.6045,1.6045,1.6056,1.6087,1.6147,1.6255,1.6436,1.6717,1.7162,1.7892,1.8942,1.9928,1.9865,1.8548,1.7472,1.6923,1.5243,1.3314,1.3446,1.5885,1.5116,1.5448,1.6,1.6351,1.7115,1.7745,1.7726,1.7282,1.6756,1.5931,1.5949,1.5962,1.5969,1.5972,1.5972,1.5972,1.5974,1.5983,1.6004,1.6042,1.6109,1.6216,1.638,1.6622,1.6965,1.7427,1.7942,1.8281,1.8149,1.7654,1.761,1.7726,1.6257,1.4698,1.4397,1.5066,1.6165,1.8162,1.7735,1.6806,1.6632,1.6777,1.6804,1.6629,1.6349,1.5852,1.5868,1.5881,1.5889,1.5895,1.5899,1.5904,1.5912,1.5927,1.5953,1.5995,1.606,1.6158,1.6296,1.6484,1.6725,1.7003,1.7261,1.7393,1.7326,1.7175,1.7204,1.7086,1.6201,1.5254,1.4963,1.5452,1.6875,1.8509,1.8037,1.6973,1.647,1.6338,1.6285,1.6181,1.6019]}]