docs/data/wind_grid.json
[{"header":{"la1":42.85,"la2":41.18,"lo1":11.55,"lo2":14.05,"nx":36,"ny":24,"dx":0.07143,"dy":0.07261,"parameterCategory":2,"parameterNumber":2,"parameterNumberName":"eastward_wind","parameterUnit":"m.s-1"},"data":[-1.1798,-1.1834,-1.1844,-1.1828,-1.1784,-1.1707,-1.159,-1.1418,-1.1183,-1.0886,-1.0548,-1.0196,-0.9858,-0.9549,-0.9276,-0.9034,-0.8808,-0.8583,-0.8344,-0.809,-0.7843,-0.765,-0.7556,-0.7571,-0.7667,-0.7801,-0.7938,-0.8059,-0.8157,-0.8233,-0.829,-0.8333,-0.8364,-0.8386,-0.8403,-0.8416,-1.2087,-1.2148,-1.2181,-1.2185,-1.2162,-1.2111,-1.2018,-1.1853,-1.1588,-1.1219,-1.0781,-1.0326,-0.9901,-0.9532,-0.9223,-0.8962,-0.8725,-0.8478,-0.8187,-0.7834,-0.7453,-0.7145,-0.7024,-0.7109,-0.7322,-0.7567,-0.7786,-0.7961,-0.8091,-0.8185,-0.8251,-0.8298,-0.8331,-0.8354,-0.8371,-0.8383,-1.2422,-1.2519,-1.258,-1.2607,-1.2613,-1.261,-1.2582,-1.2468,-1.2183,-1.1702,-1.1098,-1.048,-0.9933,-0.9488,-0.9144,-0.8877,-0.8648,-0.8399,-0.8056,-0.7548,-0.6894,-0.6323,-0.6159,-0.6429,-0.6884,-0.7314,-0.7646,-0.7881,-0.8042,-0.815,-0.8222,-0.827,-0.8302,-0.8324,-0.8339,-0.835,-1.2814,-1.2963,-1.306,-1.3108,-1.3141,-1.3213,-1.3335,-1.3384,-1.3122,-1.2444,-1.1534,-1.065,-0.9926,-0.9389,-0.9017,-0.8769,-0.8586,-0.8385,-0.803,-0.7317,-0.6103,-0.4872,-0.4673,-0.5458,-0.6392,-0.7095,-0.7554,-0.7842,-0.8021,-0.8133,-0.8203,-0.8247,-0.8276,-0.8294,-0.8307,-0.8316,-1.3276,-1.3505,-1.3655,-1.3711,-1.3737,-1.3891,-1.4311,-1.4826,-1.4736,-1.3627,-1.2102,-1.0786,-0.9833,-0.9196,-0.8808,-0.8612,-0.8537,-0.8475,-0.8246,-0.743,-0.5258,-0.2378,-0.2343,-0.4391,-0.6052,-0.7025,-0.7564,-0.7864,-0.8036,-0.8135,-0.8194,-0.8229,-0.825,-0.8263,-0.8272,-0.8278,-1.3816,-1.4186,-1.4439,-1.4489,-1.4403,-1.453,-1.5387,-1.7036,-1.7568,-1.5364,-1.2654,-1.0762,-0.9574,-0.8846,-0.8456,-0.8351,-0.8461,-0.8655,-0.8755,-0.8294,-0.5661,-0.0834,-0.1123,-0.4306,-0.6267,-0.7233,-0.7711,-0.7954,-0.8083,-0.8153,-0.8191,-0.8212,-0.8223,-0.8229,-0.8232,-0.8234,-1.4417,-1.5027,-1.5523,-1.5614,-1.5216,-1.4951,-1.5902,-1.8946,-2.0635,-1.6562,-1.2608,-1.0368,-0.9069,-0.8269,-0.7856,-0.786,-0.8246,-0.8786,-0.9099,-0.9101,-0.8253,-0.5526,-0.4826,-0.6182,-0.7201,-0.7721,-0.797,-0.8088,-0.8145,-0.8173,-0.8185,-0.8189,-0.8189,-0.8187,-0.8185,-0.8184,-1.4995,-1.5943,-1.6936,-1.7317,-1.636,-1.5145,-1.51,-1.6879,-1.7766,-1.4497,-1.1378,-0.9529,-0.8317,-0.7401,-0.6804,-0.6858,-0.7663,-0.8714,-0.9403,-1.0262,-1.2346,-1.1846,-0.9654,-0.864,-0.8362,-0.8279,-0.8239,-0.8211,-0.8191,-0.8177,-0.8165,-0.8154,-0.8143,-0.8134,-0.8126,-0.8122,-1.5398,-1.6605,-1.8062,-1.8957,-1.7467,-1.5251,-1.3779,-1.3157,-1.237,-1.0887,-0.9572,-0.851,-0.7469,-0.6257,-0.4882,-0.4663,-0.6429,-0.8448,-1.0127,-1.2806,-1.7917,-1.6837,-1.2465,-1.0166,-0.9136,-0.8644,-0.8391,-0.8257,-0.8186,-0.8146,-0.812,-0.8099,-0.808,-0.8065,-0.8053,-0.8047,-1.5521,-1.6778,-1.8094,-1.8731,-1.7924,-1.5333,-1.2755,-1.0779,-0.8847,-0.7854,-0.8005,-0.7671,-0.6787,-0.5231,-0.1709,0.0123,-0.4828,-0.8387,-1.0538,-1.2864,-1.6095,-1.5544,-1.2472,-1.0414,-0.928,-0.866,-0.8334,-0.8176,-0.8104,-0.8068,-0.8044,-0.802,-0.7997,-0.7976,-0.796,-0.7953,-1.5372,-1.6712,-1.8623,-2.154,-2.0678,-1.5579,-1.1986,-0.9641,-0.6344,-0.4829,-0.7038,-0.7201,-0.6398,-0.5172,-0.2105,0.0209,-0.5677,-0.9763,-1.1659,-1.2296,-1.2776,-1.2411,-1.1105,-0.9803,-0.8857,-0.8285,-0.8021,-0.7944,-0.7939,-0.7944,-0.7937,-0.7915,-0.7887,-0.786,-0.7841,-0.7834,-1.4926,-1.6193,-1.82,-2.0989,-1.9898,-1.4565,-1.1226,-0.99,-0.7968,-0.64,-0.7323,-0.7141,-0.6108,-0.4848,-0.4961,-0.5857,-0.9095,-1.4221,-1.57,-1.3418,-1.1808,-1.0814,-0.9857,-0.8875,-0.8002,-0.7486,-0.7422,-0.757,-0.7715,-0.7792,-0.7808,-0.7785,-0.7746,-0.7709,-0.7686,-0.7682,-1.42,-1.5063,-1.6115,-1.6805,-1.5551,-1.2713,-1.0731,-1.0124,-0.9966,-0.8598,-0.7975,-0.7562,-0.6513,-0.4489,-0.5145,-0.7319,-1.1015,-2.2741,-2.3285,-1.4842,-1.1338,-0.9775,-0.8823,-0.7893,-0.6807,-0.6212,-0.6579,-0.7144,-0.7495,-0.7645,-0.7668,-0.7624,-0.7559,-0.7505,-0.7479,-0.7484,-1.336,-1.379,-1.4105,-1.397,-1.3035,-1.1634,-1.0628,-1.0449,-1.0055,-0.9049,-0.8357,-0.8223,-0.7868,-0.4483,-0.6323,-0.6987,-0.9563,-1.6526,-1.8051,-1.2931,-0.9757,-0.833,-0.7763,-0.7125,-0.5837,-0.5028,-0.5937,-0.6901,-0.7385,-0.7545,-0.7523,-0.7417,-0.7299,-0.7217,-0.7193,-0.7222,-1.2579,-1.2727,-1.2718,-1.2424,-1.18,-1.1033,-1.0422,-1.0051,-0.9646,-0.9193,-0.8867,-0.8284,-0.6881,-0.5092,-0.6947,-0.7205,-1.3921,-1.1991,-1.1469,-0.9111,-0.6396,-0.5755,-0.6462,-0.6751,-0.6155,-0.5626,-0.6304,-0.7091,-0.7463,-0.7506,-0.7352,-0.7116,-0.6905,-0.679,-0.6787,-0.6871,-1.1932,-1.1935,-1.1814,-1.153,-1.1097,-1.0605,-1.0164,-0.9808,-0.9532,-0.9533,-1.0253,-0.9094,-0.832,-0.7351,-0.8001,-0.9951,-1.2809,-1.0522,-0.8595,-0.5625,-0.0681,-0.1726,-0.5061,-0.6574,-0.6938,-0.6993,-0.7301,-0.7631,-0.7705,-0.7502,-0.7096,-0.6624,-0.6262,-0.6128,-0.6206,-0.641,-1.1422,-1.1358,-1.1208,-1.0963,-1.0641,-1.0287,-0.9952,-0.9671,-0.95,-0.9603,-1.0125,-0.9438,-0.9197,-0.9266,-0.8823,-0.9239,-0.9328,-0.7859,-0.6067,-0.4348,0.0239,-0.1125,-0.4883,-0.6782,-0.7654,-0.8102,-0.8338,-0.8333,-0.8055,-0.7489,-0.6662,-0.5767,-0.5171,-0.5093,-0.5396,-0.5834,-1.1026,-1.0936,-1.0786,-1.0578,-1.0326,-1.0056,-0.9796,-0.9578,-0.9436,-0.9407,-0.941,-0.9275,-0.9436,-0.9535,-0.9463,-0.943,-0.8251,-0.5039,-0.1958,-0.4447,-0.4292,-0.4601,-0.6145,-0.752,-0.8539,-0.927,-0.9494,-0.9168,-0.8495,-0.7458,-0.5976,-0.4321,-0.3374,-0.3584,-0.4383,-0.5206,-1.0718,-1.062,-1.0482,-1.0305,-1.0102,-0.9888,-0.9683,-0.9505,-0.9374,-0.9292,-0.9238,-0.921,-0.9292,-0.9577,-1.0752,-1.126,-0.865,-0.5533,-0.3736,-0.5952,-0.6391,-0.6711,-0.7475,-0.8436,-0.9473,-1.0458,-1.066,-1.0019,-0.8999,-0.7488,-0.5207,-0.2417,-0.1041,-0.1918,-0.345,-0.4703,-1.0478,-1.0381,-1.0256,-1.0105,-0.9938,-0.9764,-0.9598,-0.945,-0.9332,-0.9246,-0.9194,-0.919,-0.9286,-0.9633,-1.0536,-1.0729,-0.8919,-0.7341,-0.7453,-0.7907,-0.7556,-0.7948,-0.8567,-0.9253,-1.0094,-1.0863,-1.1008,-1.0716,-0.953,-0.7727,-0.5071,-0.1652,-0.0048,-0.1312,-0.3163,-0.4563,-1.0288,-1.0196,-1.0084,-0.9955,-0.9814,-0.9671,-0.9533,-0.9408,-0.9304,-0.9226,-0.9178,-0.9172,-0.9233,-0.94,-0.9616,-0.9469,-0.8748,-0.8036,-0.7843,-0.7963,-0.8378,-0.9204,-0.9793,-1.0053,-1.0602,-1.1665,-1.3085,-1.2199,-0.9993,-0.8062,-0.5921,-0.333,-0.1919,-0.2514,-0.378,-0.4875,-1.0135,-1.005,-0.995,-0.9838,-0.9719,-0.9598,-0.9482,-0.9376,-0.9284,-0.9213,-0.9164,-0.9143,-0.9156,-0.919,-0.9186,-0.903,-0.8709,-0.8407,-0.8333,-0.8623,-0.9546,-1.1093,-1.1646,-1.096,-1.0984,-1.2359,-1.4649,-1.279,-0.9288,-0.7824,-0.6773,-0.5381,-0.4382,-0.4324,-0.484,-0.5468,-1.0012,-0.9933,-0.9845,-0.9747,-0.9645,-0.9541,-0.9441,-0.9349,-0.9268,-0.9201,-0.915,-0.9116,-0.9095,-0.9074,-0.9023,-0.8916,-0.8773,-0.8684,-0.8782,-0.9254,-1.0432,-1.2385,-1.2924,-1.1521,-1.0937,-1.1405,-1.1809,-0.9687,-0.6689,-0.6805,-0.7004,-0.6506,-0.593,-0.5699,-0.5814,-0.61,-0.991,-0.9839,-0.976,-0.9674,-0.9585,-0.9495,-0.9408,-0.9327,-0.9254,-0.9192,-0.914,-0.9098,-0.9062,-0.9024,-0.8975,-0.8913,-0.8862,-0.888,-0.9055,-0.9516,-1.0409,-1.1561,-1.1882,-1.1149,-1.0583,-1.0384,-0.9853,-0.8104,-0.6314,-0.6599,-0.7089,-0.7021,-0.6745,-0.6554,-0.6532,-0.6638]},{"header":{"la1":42.85,"la2":41.18,"lo1":11.55,"lo2":14.05,"nx":36,"ny":24,"dx":0.07143,"dy":0.07261,"parameterCategory":2,"parameterNumber":3,"parameterNumberName":"northward_wind","parameterUnit":"m.s-1"},"data":[-0.7269,-0.7261,-0.7222,-0.7151,-0.705,-0.6925,-0.6786,-0.6642,-0.6499,-0.6353,-0.6197,-0.602,-0.5812,-0.5573,-0.5307,-0.5022,-0.4733,-0.446,-0.4221,-0.4029,-0.3889,-0.3797,-0.3743,-0.372,-0.372,-0.374,-0.3777,-0.3828,-0.3889,-0.3957,-0.403,-0.4106,-0.4182,-0.4258,-0.4333,-0.4404,-0.7469,-0.7472,-0.7435,-0.7352,-0.7225,-0.7064,-0.6888,-0.6718,-0.6565,-0.6427,-0.6284,-0.6112,-0.5896,-0.5632,-0.5324,-0.4983,-0.4632,-0.4299,-0.4016,-0.3805,-0.3669,-0.3594,-0.3559,-0.3549,-0.356,-0.3593,-0.3645,-0.3712,-0.379,-0.3875,-0.3964,-0.4055,-0.4145,-0.4233,-0.4318,-0.4399,-0.7703,-0.7728,-0.7697,-0.7597,-0.7427,-0.7203,-0.6957,-0.6735,-0.6572,-0.6463,-0.6362,-0.622,-0.6008,-0.5721,-0.5363,-0.4951,-0.4511,-0.4092,-0.375,-0.3528,-0.3426,-0.34,-0.3395,-0.339,-0.3402,-0.3442,-0.3508,-0.3594,-0.3692,-0.3796,-0.3903,-0.4009,-0.4114,-0.4216,-0.4313,-0.4404,-0.798,-0.8046,-0.8033,-0.7914,-0.7677,-0.7339,-0.6953,-0.6615,-0.6432,-0.6406,-0.6418,-0.635,-0.6162,-0.5856,-0.5444,-0.4937,-0.4369,-0.3813,-0.3384,-0.3175,-0.3186,-0.3298,-0.333,-0.3279,-0.3252,-0.3286,-0.3367,-0.3475,-0.3595,-0.3721,-0.3848,-0.3973,-0.4095,-0.4211,-0.432,-0.4422,-0.8309,-0.8452,-0.8492,-0.8363,-0.8026,-0.7494,-0.6823,-0.6192,-0.5943,-0.6153,-0.6438,-0.6521,-0.6381,-0.6065,-0.5598,-0.4978,-0.4222,-0.3427,-0.2827,-0.2667,-0.2974,-0.3475,-0.35,-0.3226,-0.3095,-0.3117,-0.322,-0.3356,-0.3504,-0.3655,-0.3804,-0.395,-0.4089,-0.422,-0.4343,-0.4456,-0.8689,-0.898,-0.9155,-0.9053,-0.8581,-0.7759,-0.6588,-0.522,-0.4714,-0.5597,-0.6476,-0.6784,-0.6697,-0.6382,-0.588,-0.5151,-0.4149,-0.2942,-0.1948,-0.1839,-0.2535,-0.3693,-0.3641,-0.3051,-0.2859,-0.2915,-0.3065,-0.3242,-0.3424,-0.3603,-0.3776,-0.3943,-0.4101,-0.425,-0.4387,-0.4511,-0.9085,-0.9644,-1.0151,-1.0198,-0.9509,-0.833,-0.6668,-0.4216,-0.3097,-0.5227,-0.6812,-0.7237,-0.7143,-0.6844,-0.6371,-0.5592,-0.4365,-0.2696,-0.1171,-0.1109,-0.1374,-0.2152,-0.2505,-0.2395,-0.2473,-0.2678,-0.2913,-0.3142,-0.3361,-0.3569,-0.3768,-0.3958,-0.4137,-0.4304,-0.4456,-0.4591,-0.9382,-1.0328,-1.1588,-1.2167,-1.0898,-0.9236,-0.7757,-0.5839,-0.4994,-0.6722,-0.7846,-0.7944,-0.7709,-0.7472,-0.7194,-0.6512,-0.5133,-0.3259,-0.1623,-0.0639,0.1252,0.1176,-0.041,-0.143,-0.2031,-0.2455,-0.2789,-0.3072,-0.3325,-0.3561,-0.3786,-0.4001,-0.4204,-0.4391,-0.4558,-0.4705,-0.9365,-1.0525,-1.2768,-1.4679,-1.1911,-0.9831,-0.9303,-0.9108,-0.9335,-0.9803,-0.9521,-0.8808,-0.8293,-0.8236,-0.8602,-0.8333,-0.6511,-0.4254,-0.2108,0.086,0.587,0.4946,0.1189,-0.0776,-0.1755,-0.2332,-0.2731,-0.3046,-0.3324,-0.3585,-0.3837,-0.408,-0.431,-0.4519,-0.4704,-0.4861,-0.8901,-0.9543,-1.0755,-1.157,-0.9308,-0.9358,-1.0556,-1.1901,-1.3581,-1.39,-1.1588,-0.958,-0.8701,-0.8875,-1.0837,-1.1988,-0.8081,-0.5038,-0.2736,0.018,0.3901,0.3547,0.0859,-0.0844,-0.1787,-0.2362,-0.2759,-0.3074,-0.3361,-0.3643,-0.3926,-0.4204,-0.4467,-0.4703,-0.4906,-0.5071,-0.8238,-0.7996,-0.6669,-0.2865,-0.3599,-0.852,-1.1869,-1.4148,-1.7667,-1.9547,-1.3271,-0.9859,-0.8815,-0.8916,-1.0571,-1.2059,-0.7721,-0.5015,-0.335,-0.1661,-0.0049,0.0283,-0.0499,-0.1383,-0.2063,-0.254,-0.2874,-0.3151,-0.3432,-0.3737,-0.4062,-0.4387,-0.4693,-0.4962,-0.5183,-0.5352,-0.779,-0.7246,-0.567,-0.2898,-0.3954,-0.9466,-1.3982,-1.651,-1.6794,-1.678,-1.2183,-0.94,-0.884,-0.9551,-0.8757,-0.7339,-0.5536,-0.4338,-0.3645,-0.2604,-0.1648,-0.1233,-0.1397,-0.189,-0.245,-0.2857,-0.3075,-0.3264,-0.3527,-0.3868,-0.4255,-0.4651,-0.5017,-0.5327,-0.5565,-0.5729,-0.7663,-0.7353,-0.6748,-0.6336,-0.7747,-1.1316,-1.5623,-1.9597,-1.6831,-1.3158,-1.0129,-0.8764,-0.8623,-0.9872,-0.842,-0.4962,-0.3525,-0.4274,-0.4235,-0.2705,-0.1808,-0.1446,-0.1593,-0.2163,-0.2942,-0.3388,-0.3359,-0.3382,-0.3628,-0.4038,-0.4531,-0.5035,-0.5488,-0.5847,-0.6094,-0.6233,-0.7685,-0.7666,-0.7701,-0.8114,-0.9386,-1.1633,-1.4442,-1.6609,-1.5168,-1.1018,-0.8458,-0.8598,-0.8913,-0.8364,-0.5222,-0.2124,-0.0785,-0.2042,-0.2804,-0.1809,-0.0959,-0.0705,-0.1154,-0.2111,-0.3385,-0.3984,-0.358,-0.3432,-0.3719,-0.4266,-0.4935,-0.561,-0.6188,-0.6601,-0.6832,-0.6905,-0.7692,-0.7827,-0.8079,-0.8588,-0.9482,-1.0728,-1.2004,-1.2495,-1.1009,-0.8155,-0.6152,-0.5867,-0.5806,-0.4227,-0.3305,-0.0744,1.0496,0.2378,-0.0451,-0.0138,0.1292,0.1323,-0.0024,-0.1514,-0.2903,-0.3558,-0.3325,-0.3318,-0.379,-0.4588,-0.5548,-0.6497,-0.7257,-0.7715,-0.7868,-0.7796,-0.7618,-0.7791,-0.8048,-0.8433,-0.895,-0.95,-0.982,-0.9462,-0.8027,-0.5639,-0.2992,-0.3194,-0.3783,-0.3861,-0.2373,0.2096,0.7811,0.2398,-0.0054,0.1507,0.6182,0.5065,0.1455,-0.0612,-0.178,-0.2358,-0.2576,-0.298,-0.3824,-0.5049,-0.6498,-0.7908,-0.8939,-0.9385,-0.9315,-0.8949,-0.7465,-0.7613,-0.7802,-0.803,-0.8263,-0.8406,-0.8291,-0.7709,-0.6528,-0.4806,-0.3054,-0.3189,-0.258,-0.2048,-0.2122,-0.0621,0.0287,-0.1286,-0.2403,0.0629,0.6861,0.5548,0.1766,-0.0067,-0.0793,-0.1025,-0.1368,-0.2282,-0.3761,-0.5683,-0.7951,-1.018,-1.1627,-1.1876,-1.1267,-1.0354,-0.7261,-0.7362,-0.747,-0.7569,-0.7621,-0.7557,-0.7288,-0.673,-0.5875,-0.4851,-0.3981,-0.3385,-0.2286,-0.1876,-0.2054,-0.1717,-0.2097,-0.5022,-0.8589,-0.2896,0.1166,0.1838,0.0786,0.0057,0.0214,0.1061,0.0964,-0.0967,-0.3565,-0.6481,-1.0004,-1.3699,-1.5779,-1.5339,-1.3626,-1.186,-0.7033,-0.7086,-0.7125,-0.7134,-0.708,-0.6925,-0.6622,-0.6148,-0.5522,-0.483,-0.4176,-0.3561,-0.2923,-0.2401,-0.1609,-0.1297,-0.2315,-0.4406,-0.583,-0.1552,-0.0259,0.0161,0.0061,0.0078,0.1265,0.4539,0.521,0.0584,-0.3569,-0.7348,-1.2209,-1.8011,-2.0872,-1.9016,-1.5758,-1.3077,-0.6801,-0.6813,-0.6801,-0.6752,-0.6643,-0.6453,-0.616,-0.5761,-0.5274,-0.4743,-0.4207,-0.3677,-0.3142,-0.2547,-0.178,-0.1541,-0.203,-0.1929,0.0933,0.2581,0.0429,0.0046,-0.0029,-0.0045,0.0972,0.4829,0.5758,-0.0716,-0.465,-0.8114,-1.3084,-1.9749,-2.2959,-2.0353,-1.648,-1.3503,-0.6579,-0.6559,-0.6512,-0.6428,-0.6293,-0.6094,-0.5823,-0.5482,-0.5082,-0.4647,-0.4196,-0.3739,-0.3271,-0.2786,-0.2332,-0.2091,-0.1934,-0.1277,0.0298,0.1054,0.0563,0.0747,0.0746,-0.0054,-0.096,-0.2173,-0.5806,-0.621,-0.687,-0.8867,-1.2099,-1.6663,-1.9267,-1.799,-1.5326,-1.2977,-0.6373,-0.633,-0.626,-0.6157,-0.6011,-0.5816,-0.5568,-0.527,-0.4931,-0.4562,-0.4176,-0.3781,-0.3382,-0.2989,-0.2632,-0.2327,-0.1977,-0.1401,-0.0604,0.01,0.1051,0.2907,0.3378,0.0924,-0.2088,-0.5766,-0.9707,-0.8829,-0.938,-1.022,-1.1153,-1.3085,-1.4618,-1.4501,-1.3293,-1.1872,-0.6186,-0.6127,-0.6044,-0.5931,-0.5783,-0.5597,-0.537,-0.5107,-0.4812,-0.4493,-0.4159,-0.3816,-0.3471,-0.3131,-0.2804,-0.2476,-0.2096,-0.1597,-0.095,-0.0046,0.1686,0.4821,0.5753,0.1975,-0.204,-0.5422,-0.7893,-0.9876,-1.2961,-1.2351,-1.1148,-1.127,-1.1824,-1.1921,-1.1445,-1.0682,-0.602,-0.5951,-0.586,-0.5743,-0.5598,-0.5422,-0.5215,-0.4979,-0.4719,-0.444,-0.4147,-0.3846,-0.3542,-0.3237,-0.2931,-0.261,-0.2244,-0.1793,-0.1201,-0.0323,0.1132,0.3056,0.3397,0.0958,-0.2165,-0.4946,-0.745,-1.0513,-1.3418,-1.2663,-1.1019,-1.0386,-1.0345,-1.0321,-1.0083,-0.966]}]