docs/data/wind_grid.json
[{"header":{"la1":42.85,"la2":41.18,"lo1":11.55,"lo2":14.05,"nx":36,"ny":24,"dx":0.07143,"dy":0.07261,"parameterCategory":2,"parameterNumber":2,"parameterNumberName":"eastward_wind","parameterUnit":"m.s-1"},"data":[0.0042,0.0003,-0.004,-0.0086,-0.0131,-0.0173,-0.0207,-0.0225,-0.0226,-0.0206,-0.0169,-0.0116,-0.0051,0.0026,0.0115,0.0212,0.0312,0.0403,0.0472,0.0509,0.0511,0.0486,0.0442,0.0393,0.0345,0.0305,0.0273,0.025,0.0236,0.0229,0.0228,0.0232,0.024,0.025,0.0262,0.0275,0.0036,-0.001,-0.0062,-0.012,-0.0182,-0.0242,-0.0292,-0.0323,-0.0326,-0.0299,-0.0247,-0.0177,-0.0094,0.0005,0.0121,0.0254,0.0397,0.0531,0.0632,0.0677,0.0664,0.0607,0.0528,0.0447,0.0375,0.0318,0.0275,0.0246,0.0229,0.0221,0.0221,0.0226,0.0236,0.0248,0.0262,0.0277,0.0036,-0.0018,-0.0081,-0.0154,-0.0238,-0.0326,-0.0406,-0.0459,-0.0467,-0.0425,-0.0348,-0.0253,-0.0146,-0.0024,0.0125,0.0309,0.0521,0.0731,0.0886,0.0942,0.0893,0.0775,0.0637,0.0508,0.0403,0.0324,0.027,0.0235,0.0216,0.0209,0.021,0.0218,0.0231,0.0246,0.0263,0.0281,0.0042,-0.0017,-0.0091,-0.0183,-0.0295,-0.0425,-0.0559,-0.0657,-0.0675,-0.0602,-0.0477,-0.0342,-0.0209,-0.0064,0.0121,0.0371,0.0692,0.1041,0.1305,0.137,0.1235,0.1,0.0761,0.0564,0.0419,0.0319,0.0254,0.0216,0.0197,0.0192,0.0197,0.0209,0.0226,0.0245,0.0266,0.0286,0.0058,-0.0005,-0.0087,-0.0195,-0.034,-0.053,-0.0756,-0.0953,-0.0999,-0.0852,-0.0629,-0.0435,-0.028,-0.0122,0.009,0.0417,0.0902,0.1508,0.1996,0.2059,0.1722,0.1266,0.0877,0.0597,0.0411,0.0293,0.0223,0.0186,0.0171,0.0171,0.0182,0.0199,0.0221,0.0245,0.027,0.0295,0.0086,0.0023,-0.0061,-0.0179,-0.035,-0.0604,-0.0965,-0.1364,-0.1489,-0.117,-0.0768,-0.0508,-0.035,-0.0207,0.0006,0.039,0.1069,0.2086,0.3016,0.3036,0.2284,0.1489,0.0927,0.0574,0.0362,0.024,0.0173,0.0143,0.0136,0.0145,0.0164,0.019,0.0218,0.0249,0.0278,0.0307,0.0125,0.0069,-0.0009,-0.0122,-0.0294,-0.0573,-0.1035,-0.1677,-0.194,-0.1361,-0.0791,-0.0525,-0.0415,-0.0328,-0.0161,0.021,0.0979,0.2346,0.3796,0.3745,0.2532,0.1474,0.0826,0.046,0.0259,0.0153,0.0103,0.0088,0.0095,0.0116,0.0146,0.0181,0.0218,0.0256,0.0292,0.0325,0.0176,0.0131,0.0069,-0.0021,-0.0157,-0.038,-0.0754,-0.1285,-0.1492,-0.1004,-0.0598,-0.0476,-0.0483,-0.0495,-0.0421,-0.0163,0.0447,0.16,0.2886,0.2919,0.1926,0.1052,0.0528,0.0246,0.0102,0.0036,0.0016,0.0024,0.0049,0.0086,0.0129,0.0176,0.0224,0.027,0.0312,0.035,0.0235,0.0205,0.0165,0.0111,0.0034,-0.008,-0.0242,-0.041,-0.0428,-0.03,-0.0284,-0.041,-0.0584,-0.0721,-0.0761,-0.0663,-0.0364,0.0209,0.0859,0.1031,0.0707,0.0333,0.0088,-0.0039,-0.0091,-0.0099,-0.0081,-0.0045,0.0002,0.0057,0.0117,0.0178,0.0237,0.0293,0.0342,0.0385,0.0298,0.0284,0.0268,0.0251,0.0233,0.0216,0.0206,0.0231,0.0335,0.0331,0.002,-0.0384,-0.0762,-0.1039,-0.1165,-0.1191,-0.1183,-0.1094,-0.0866,-0.0617,-0.0475,-0.0414,-0.0376,-0.0336,-0.029,-0.0237,-0.0179,-0.0114,-0.0043,0.0033,0.0111,0.0189,0.0263,0.0329,0.0386,0.0433,0.0361,0.0361,0.0366,0.0378,0.0405,0.0451,0.0513,0.058,0.076,0.0863,0.0228,-0.0444,-0.1061,-0.1527,-0.1643,-0.1674,-0.1962,-0.2386,-0.2417,-0.1957,-0.1422,-0.1028,-0.0769,-0.0594,-0.0466,-0.0363,-0.027,-0.0179,-0.0084,0.0015,0.0116,0.0214,0.0305,0.0384,0.0449,0.05,0.0421,0.0432,0.0451,0.0483,0.0536,0.0618,0.0729,0.0809,0.077,0.0694,0.0153,-0.0553,-0.1406,-0.2346,-0.2202,-0.202,-0.2776,-0.4302,-0.4505,-0.323,-0.2122,-0.1444,-0.1038,-0.078,-0.0602,-0.0468,-0.0352,-0.0239,-0.012,0.0006,0.0135,0.026,0.0373,0.0467,0.0539,0.059,0.0475,0.0494,0.0521,0.0562,0.0623,0.0713,0.0839,0.0962,0.0859,0.0553,0.0073,-0.0552,-0.1184,-0.2571,-0.2346,-0.2066,-0.3389,-0.6927,-0.6951,-0.4037,-0.2407,-0.1604,-0.1161,-0.0885,-0.0696,-0.0554,-0.043,-0.0301,-0.0156,0.0006,0.0175,0.0336,0.0477,0.0588,0.0665,0.0711,0.0525,0.0548,0.0579,0.0621,0.0677,0.075,0.0836,0.0907,0.0855,0.0652,0.0278,-0.0525,-0.0773,-0.0199,-0.1157,-0.196,-0.3213,-0.5163,-0.5347,-0.3368,-0.213,-0.1526,-0.117,-0.0926,-0.0761,-0.064,-0.0526,-0.0384,-0.0202,0.0014,0.0243,0.0459,0.0638,0.0766,0.0841,0.0873,0.0569,0.0596,0.0629,0.067,0.0719,0.0775,0.0831,0.0876,0.0919,0.1018,0.1054,0.067,0.0171,-0.0006,-0.0551,-0.2555,-0.4459,-0.3222,-0.2745,-0.2097,-0.167,-0.1423,-0.1151,-0.094,-0.0826,-0.0764,-0.068,-0.0521,-0.0278,0.0028,0.0355,0.0656,0.0888,0.103,0.1088,0.1086,0.061,0.0639,0.0674,0.0716,0.0764,0.082,0.0886,0.0979,0.1165,0.1605,0.2443,0.191,0.1465,0.0812,0.0158,-0.174,-0.3377,-0.2058,-0.136,-0.1331,-0.1728,-0.1591,-0.1152,-0.0939,-0.0934,-0.1002,-0.098,-0.0778,-0.0413,0.005,0.054,0.0975,0.1277,0.1417,0.1424,0.1356,0.0648,0.068,0.0717,0.0762,0.0815,0.0881,0.0969,0.1106,0.1348,0.1798,0.2413,0.2201,0.3005,0.348,0.1774,0.0643,-0.0221,-0.0206,-0.0093,-0.0657,-0.1686,-0.1513,-0.0999,-0.0909,-0.1166,-0.1519,-0.1601,-0.1257,-0.0639,0.0091,0.0841,0.1487,0.1876,0.1966,0.1858,0.1674,0.0683,0.0718,0.0758,0.0807,0.0866,0.0942,0.1044,0.1191,0.1408,0.1702,0.2002,0.2358,0.3504,0.3925,0.3748,0.3659,0.1989,0.097,0.0929,0.0335,-0.0404,-0.062,-0.0584,-0.0857,-0.1636,-0.262,-0.2847,-0.2047,-0.0936,0.0176,0.1291,0.2249,0.2723,0.2667,0.2351,0.2001,0.0715,0.0752,0.0795,0.0848,0.0912,0.0993,0.1098,0.1239,0.1425,0.1656,0.1937,0.2345,0.2999,0.4037,0.7277,0.8602,0.3911,0.1491,0.1002,0.0809,0.0485,0.0207,-0.0058,-0.0712,-0.2194,-0.4389,-0.4829,-0.2869,-0.1099,0.0326,0.179,0.3102,0.3622,0.3329,0.2766,0.2256,0.0744,0.0782,0.0828,0.0882,0.0949,0.1031,0.1135,0.1267,0.1433,0.1642,0.1912,0.23,0.2931,0.4204,0.6801,0.7486,0.4127,0.1883,0.109,0.0988,0.0963,0.0918,0.067,-0.0155,-0.1866,-0.4507,-0.5047,-0.2297,-0.0716,0.0524,0.2,0.3424,0.3946,0.3553,0.2904,0.2345,0.0768,0.0808,0.0855,0.091,0.0977,0.1058,0.1157,0.128,0.1432,0.1622,0.1869,0.2212,0.2727,0.3523,0.4437,0.444,0.319,0.1962,0.1322,0.1207,0.1501,0.1994,0.2001,0.1063,-0.0313,-0.0975,0.0247,0.0279,0.016,0.0725,0.178,0.2887,0.3378,0.3171,0.2697,0.2243,0.0789,0.0829,0.0876,0.0931,0.0996,0.1074,0.1167,0.128,0.1416,0.1584,0.1794,0.2066,0.2415,0.2822,0.3126,0.3039,0.2534,0.1974,0.167,0.1774,0.2536,0.3965,0.433,0.275,0.1132,0.0896,0.1856,0.1382,0.0766,0.0882,0.1462,0.214,0.2534,0.2532,0.23,0.2014,0.0806,0.0846,0.0892,0.0945,0.1007,0.108,0.1166,0.1268,0.1387,0.153,0.1699,0.1899,0.2121,0.233,0.2446,0.2388,0.2175,0.1955,0.1912,0.2259,0.3365,0.5305,0.5831,0.3841,0.1966,0.1257,0.1301,0.1165,0.093,0.0965,0.1257,0.1633,0.1903,0.198,0.1904,0.1755,0.0819,0.0858,0.0902,0.0953,0.1012,0.1079,0.1157,0.1247,0.1349,0.1467,0.1599,0.1742,0.1885,0.2003,0.2062,0.2041,0.1965,0.1914,0.2004,0.2394,0.3261,0.442,0.4668,0.3512,0.2204,0.1463,0.1191,0.1061,0.0975,0.1001,0.1149,0.1353,0.1522,0.1603,0.1595,0.1527]},{"header":{"la1":42.85,"la2":41.18,"lo1":11.55,"lo2":14.05,"nx":36,"ny":24,"dx":0.07143,"dy":0.07261,"parameterCategory":2,"parameterNumber":3,"parameterNumberName":"northward_wind","parameterUnit":"m.s-1"},"data":[-0.5406,-0.5384,-0.5356,-0.5321,-0.5278,-0.5226,-0.5166,-0.5094,-0.5008,-0.4902,-0.4769,-0.4605,-0.4405,-0.4168,-0.3897,-0.3602,-0.3305,-0.3033,-0.2819,-0.2686,-0.2638,-0.2662,-0.2733,-0.2826,-0.2924,-0.3014,-0.3093,-0.3157,-0.3208,-0.3248,-0.3278,-0.3301,-0.3317,-0.333,-0.3339,-0.3347,-0.5463,-0.5443,-0.5416,-0.538,-0.5336,-0.5283,-0.5222,-0.5151,-0.5067,-0.4962,-0.4825,-0.4647,-0.442,-0.4138,-0.3801,-0.342,-0.3019,-0.2648,-0.2364,-0.2212,-0.2197,-0.2288,-0.2435,-0.2598,-0.2751,-0.2882,-0.2989,-0.3073,-0.3136,-0.3184,-0.3219,-0.3244,-0.3262,-0.3275,-0.3285,-0.3293,-0.5524,-0.5506,-0.5478,-0.5442,-0.5394,-0.5338,-0.5273,-0.5203,-0.5125,-0.5028,-0.4893,-0.4706,-0.4452,-0.412,-0.3702,-0.32,-0.2641,-0.2103,-0.17,-0.1527,-0.159,-0.1808,-0.2083,-0.2348,-0.2574,-0.2754,-0.2892,-0.2995,-0.3069,-0.3123,-0.3161,-0.3188,-0.3206,-0.3219,-0.3229,-0.3237,-0.5589,-0.5572,-0.5546,-0.5507,-0.5453,-0.5386,-0.5311,-0.5236,-0.5168,-0.509,-0.4972,-0.4784,-0.4509,-0.4128,-0.3617,-0.2953,-0.215,-0.1317,-0.0694,-0.0508,-0.075,-0.121,-0.169,-0.2097,-0.2411,-0.2642,-0.2809,-0.2927,-0.301,-0.3067,-0.3106,-0.3131,-0.3149,-0.316,-0.3169,-0.3176,-0.5658,-0.5645,-0.562,-0.5578,-0.5515,-0.5428,-0.5322,-0.5223,-0.5164,-0.5131,-0.5054,-0.4882,-0.4597,-0.4177,-0.3577,-0.2727,-0.1569,-0.0214,0.0849,0.1017,0.0367,-0.053,-0.1308,-0.1884,-0.2286,-0.2561,-0.2749,-0.2875,-0.296,-0.3016,-0.3052,-0.3075,-0.3089,-0.3098,-0.3104,-0.311,-0.5732,-0.5725,-0.5703,-0.5661,-0.5589,-0.5475,-0.531,-0.5132,-0.5064,-0.5128,-0.5137,-0.4999,-0.4718,-0.4283,-0.3631,-0.2626,-0.1067,0.1091,0.2984,0.3046,0.1596,0.0059,-0.1048,-0.1768,-0.2228,-0.2525,-0.2717,-0.2841,-0.292,-0.2969,-0.2999,-0.3015,-0.3024,-0.3029,-0.3033,-0.3038,-0.5812,-0.5812,-0.5799,-0.5764,-0.5694,-0.5563,-0.5339,-0.5031,-0.4909,-0.5127,-0.5245,-0.5138,-0.4868,-0.4448,-0.3815,-0.2793,-0.1052,0.1734,0.4539,0.4448,0.2185,0.0197,-0.1056,-0.1805,-0.2259,-0.2539,-0.2714,-0.2822,-0.2887,-0.2925,-0.2944,-0.2952,-0.2954,-0.2953,-0.2954,-0.2957,-0.5895,-0.5907,-0.5908,-0.5891,-0.5841,-0.5737,-0.5543,-0.5258,-0.5141,-0.5352,-0.5442,-0.5309,-0.5032,-0.4647,-0.4104,-0.3253,-0.1808,0.0516,0.2925,0.3004,0.1234,-0.037,-0.139,-0.2002,-0.2371,-0.2596,-0.2733,-0.2813,-0.2857,-0.2878,-0.2883,-0.2879,-0.2872,-0.2866,-0.2863,-0.2864,-0.5981,-0.6007,-0.6027,-0.6035,-0.6024,-0.5984,-0.5906,-0.5814,-0.5797,-0.5831,-0.5735,-0.5492,-0.517,-0.4813,-0.4397,-0.3809,-0.2892,-0.1587,-0.0322,-0.0002,-0.0597,-0.1347,-0.1915,-0.2289,-0.2526,-0.2673,-0.2759,-0.2805,-0.2823,-0.2822,-0.2811,-0.2794,-0.2777,-0.2763,-0.2756,-0.2756,-0.6065,-0.6107,-0.6147,-0.6184,-0.6215,-0.624,-0.626,-0.6295,-0.6374,-0.6353,-0.6053,-0.5636,-0.5211,-0.4846,-0.4558,-0.4223,-0.3702,-0.302,-0.2384,-0.2041,-0.2039,-0.2212,-0.2407,-0.2563,-0.2672,-0.2741,-0.2776,-0.2786,-0.2776,-0.2752,-0.2722,-0.2689,-0.2661,-0.264,-0.2629,-0.263,-0.6145,-0.6201,-0.626,-0.6322,-0.6388,-0.6459,-0.6529,-0.6591,-0.6725,-0.6799,-0.6289,-0.5684,-0.5071,-0.458,-0.4454,-0.4413,-0.4102,-0.3602,-0.3191,-0.2938,-0.2795,-0.2735,-0.2728,-0.2745,-0.2764,-0.2774,-0.2768,-0.2746,-0.2709,-0.2661,-0.2609,-0.2559,-0.2517,-0.2488,-0.2475,-0.2479,-0.6217,-0.6286,-0.6359,-0.644,-0.6528,-0.6624,-0.6722,-0.6782,-0.6762,-0.6707,-0.6301,-0.5662,-0.4798,-0.3723,-0.3985,-0.4497,-0.4228,-0.3423,-0.3092,-0.313,-0.3054,-0.293,-0.2843,-0.2799,-0.2777,-0.2757,-0.2725,-0.2678,-0.2615,-0.2542,-0.2466,-0.2394,-0.2337,-0.23,-0.2287,-0.2298,-0.6279,-0.6357,-0.6442,-0.6534,-0.6631,-0.673,-0.682,-0.6875,-0.6847,-0.6728,-0.6354,-0.5601,-0.5041,-0.3485,-0.3901,-0.4897,-0.4436,-0.255,-0.2422,-0.305,-0.302,-0.285,-0.2749,-0.2717,-0.2707,-0.2688,-0.2648,-0.2582,-0.2493,-0.239,-0.2282,-0.2183,-0.2107,-0.2062,-0.2054,-0.208,-0.633,-0.6416,-0.6509,-0.6608,-0.6708,-0.6802,-0.687,-0.6894,-0.6943,-0.7051,-0.6807,-0.5368,-0.5038,-0.7605,-0.6034,-0.6015,-0.5686,-0.3761,-0.3075,-0.3072,-0.2697,-0.2442,-0.2429,-0.2508,-0.257,-0.2583,-0.2545,-0.2462,-0.2343,-0.22,-0.2049,-0.191,-0.1808,-0.1758,-0.1763,-0.1814,-0.637,-0.6462,-0.6561,-0.6668,-0.6778,-0.6885,-0.6984,-0.7097,-0.735,-0.7847,-0.8232,-0.7906,-0.7569,-0.8006,-0.7229,-0.7416,-0.8432,-0.5812,-0.3891,-0.2686,-0.1696,-0.1506,-0.1873,-0.2219,-0.2409,-0.2471,-0.2438,-0.2332,-0.2171,-0.1969,-0.1751,-0.1552,-0.1413,-0.1361,-0.1396,-0.1494,-0.6397,-0.6494,-0.66,-0.6716,-0.6843,-0.6984,-0.7156,-0.7417,-0.7916,-0.889,-1.0351,-1.0549,-0.9771,-0.874,-0.7961,-0.7532,-0.7727,-0.549,-0.3284,-0.1573,0.0208,-0.0107,-0.1287,-0.198,-0.2298,-0.2401,-0.2362,-0.2216,-0.1986,-0.1695,-0.1371,-0.1073,-0.088,-0.0841,-0.0937,-0.1117,-0.6412,-0.6512,-0.6623,-0.6749,-0.6892,-0.7066,-0.7295,-0.764,-0.8213,-0.9157,-1.0287,-1.0415,-1.2193,-1.2994,-0.9108,-0.7179,-0.5647,-0.3171,-0.1156,-0.0699,0.0511,0.0082,-0.121,-0.1957,-0.2308,-0.2438,-0.2385,-0.2155,-0.1807,-0.1379,-0.089,-0.0427,-0.0158,-0.0167,-0.0386,-0.0697,-0.6413,-0.6515,-0.6629,-0.6759,-0.6912,-0.71,-0.7346,-0.7689,-0.8175,-0.8809,-0.9453,-1.0215,-1.2577,-1.2928,-0.9051,-0.7056,-0.4621,-0.0118,0.318,0.0293,-0.0679,-0.1037,-0.1659,-0.2141,-0.2454,-0.2698,-0.2658,-0.2202,-0.1627,-0.1026,-0.0313,0.0403,0.0768,0.0633,0.0206,-0.0283,-0.6401,-0.6501,-0.6613,-0.6742,-0.6893,-0.7077,-0.7306,-0.76,-0.7969,-0.8398,-0.8851,-0.9381,-0.9943,-0.9439,-0.8062,-0.7722,-0.4936,-0.0627,0.1631,-0.0318,-0.124,-0.1769,-0.2142,-0.2362,-0.2618,-0.3289,-0.3404,-0.2255,-0.1328,-0.0641,0.0243,0.1242,0.1686,0.1354,0.0688,0.0029,-0.6375,-0.6471,-0.6578,-0.6699,-0.6839,-0.7004,-0.72,-0.7432,-0.7697,-0.7978,-0.8247,-0.8459,-0.8472,-0.8071,-0.7645,-0.7302,-0.511,-0.2406,-0.1112,-0.1032,-0.1694,-0.237,-0.2659,-0.2545,-0.2405,-0.3156,-0.3342,-0.1305,-0.058,-0.0234,0.051,0.155,0.2004,0.1593,0.0847,0.0136,-0.6337,-0.6426,-0.6524,-0.6633,-0.6757,-0.6895,-0.7052,-0.7223,-0.7402,-0.757,-0.7697,-0.7736,-0.7618,-0.731,-0.6891,-0.6199,-0.4824,-0.3171,-0.1976,-0.1759,-0.2511,-0.3384,-0.3613,-0.294,-0.1739,-0.0193,0.224,0.1899,0.0651,0.0154,0.0413,0.1094,0.1458,0.1193,0.0611,0.0006,-0.6288,-0.6368,-0.6455,-0.655,-0.6653,-0.6764,-0.6882,-0.7001,-0.7111,-0.7197,-0.7233,-0.7186,-0.7023,-0.6726,-0.6284,-0.563,-0.4718,-0.3741,-0.3065,-0.3033,-0.3829,-0.5168,-0.5483,-0.3953,-0.1596,0.1548,0.4603,0.3434,0.1344,0.0342,0.0173,0.0426,0.0623,0.0502,0.0144,-0.029,-0.6231,-0.6301,-0.6376,-0.6454,-0.6537,-0.6621,-0.6705,-0.6781,-0.684,-0.6868,-0.6847,-0.6756,-0.6575,-0.6289,-0.5887,-0.5359,-0.4735,-0.414,-0.378,-0.3893,-0.4751,-0.6331,-0.676,-0.4833,-0.2214,0.0436,0.2248,0.2034,0.0935,0.016,-0.013,-0.0122,-0.0071,-0.0144,-0.0357,-0.0646,-0.6167,-0.6227,-0.6289,-0.6352,-0.6415,-0.6475,-0.653,-0.6572,-0.6593,-0.6583,-0.6529,-0.6416,-0.6233,-0.5971,-0.5629,-0.5216,-0.4771,-0.4379,-0.4159,-0.4256,-0.48,-0.5636,-0.5762,-0.4534,-0.2711,-0.0972,0.0173,0.0411,0.0085,-0.0292,-0.0505,-0.0572,-0.0594,-0.0661,-0.08,-0.0995]}]