docs/data/wind_grid.json
[{"header":{"la1":42.85,"la2":41.18,"lo1":11.55,"lo2":14.05,"nx":36,"ny":24,"dx":0.07143,"dy":0.07261,"parameterCategory":2,"parameterNumber":2,"parameterNumberName":"eastward_wind","parameterUnit":"m.s-1"},"data":[-0.7098,-0.716,-0.7219,-0.7275,-0.7323,-0.7354,-0.7355,-0.7311,-0.7213,-0.7064,-0.6887,-0.671,-0.6562,-0.6465,-0.6425,-0.644,-0.6496,-0.6568,-0.6629,-0.6655,-0.6637,-0.6577,-0.6487,-0.6381,-0.627,-0.6161,-0.6059,-0.5965,-0.5881,-0.5806,-0.5739,-0.568,-0.5628,-0.5582,-0.5541,-0.5505,-0.7235,-0.7315,-0.7396,-0.748,-0.7564,-0.7638,-0.7679,-0.7654,-0.7537,-0.7329,-0.7066,-0.6805,-0.6594,-0.6463,-0.6425,-0.6475,-0.6591,-0.6733,-0.685,-0.6902,-0.6873,-0.6778,-0.6643,-0.6493,-0.6345,-0.6208,-0.6084,-0.5974,-0.5878,-0.5795,-0.5723,-0.566,-0.5605,-0.5557,-0.5515,-0.5479,-0.7387,-0.7487,-0.7594,-0.7714,-0.7851,-0.7999,-0.8125,-0.816,-0.803,-0.7723,-0.7313,-0.6911,-0.6599,-0.6421,-0.6388,-0.6497,-0.6717,-0.6982,-0.7199,-0.7285,-0.722,-0.7051,-0.6837,-0.6621,-0.6423,-0.625,-0.6101,-0.5974,-0.5867,-0.5776,-0.5698,-0.5632,-0.5576,-0.5527,-0.5485,-0.5448,-0.7556,-0.7679,-0.7811,-0.7969,-0.8174,-0.8444,-0.8744,-0.894,-0.8828,-0.834,-0.7657,-0.7016,-0.6552,-0.6306,-0.6284,-0.6485,-0.688,-0.7376,-0.778,-0.7906,-0.7737,-0.7414,-0.7066,-0.6754,-0.6493,-0.6278,-0.6103,-0.596,-0.5842,-0.5745,-0.5664,-0.5597,-0.554,-0.5491,-0.5449,-0.5413,-0.775,-0.7897,-0.805,-0.8234,-0.8506,-0.8943,-0.9574,-1.0183,-1.0196,-0.9328,-0.8103,-0.7077,-0.6405,-0.6073,-0.6062,-0.6388,-0.7064,-0.799,-0.8778,-0.8929,-0.8478,-0.7851,-0.7299,-0.6867,-0.6537,-0.6282,-0.6083,-0.5926,-0.5801,-0.5701,-0.5619,-0.5552,-0.5496,-0.5448,-0.5407,-0.5373,-0.7979,-0.8158,-0.8325,-0.8507,-0.8794,-0.9372,-1.0491,-1.2029,-1.2491,-1.0742,-0.8517,-0.6978,-0.6087,-0.566,-0.5642,-0.6094,-0.714,-0.8795,-1.0363,-1.0452,-0.9358,-0.8255,-0.7465,-0.6921,-0.6534,-0.6248,-0.6032,-0.5868,-0.5741,-0.5641,-0.5562,-0.5497,-0.5444,-0.5398,-0.536,-0.5327,-0.8262,-0.8498,-0.8691,-0.8831,-0.9009,-0.9508,-1.0881,-1.3526,-1.4799,-1.1656,-0.8387,-0.6534,-0.5531,-0.5006,-0.4912,-0.5411,-0.6756,-0.9139,-1.1678,-1.1618,-0.9815,-0.8376,-0.747,-0.6877,-0.6464,-0.6164,-0.5943,-0.5779,-0.5656,-0.5563,-0.5491,-0.5432,-0.5383,-0.5342,-0.5306,-0.5276,-0.8614,-0.8975,-0.9261,-0.9366,-0.9284,-0.9302,-0.9999,-1.1786,-1.2535,-0.9815,-0.7176,-0.5677,-0.4751,-0.4077,-0.371,-0.4081,-0.5542,-0.7932,-1.025,-1.0444,-0.9187,-0.8063,-0.7282,-0.6727,-0.632,-0.6022,-0.5807,-0.5654,-0.5546,-0.5468,-0.5407,-0.5358,-0.5315,-0.5279,-0.5247,-0.5219,-0.9027,-0.9631,-1.021,-1.0457,-1.0037,-0.9207,-0.8611,-0.8338,-0.7654,-0.6352,-0.5359,-0.4651,-0.3907,-0.2927,-0.174,-0.165,-0.3635,-0.6136,-0.7923,-0.8499,-0.8181,-0.7584,-0.6996,-0.6497,-0.6104,-0.5815,-0.5617,-0.549,-0.5409,-0.5354,-0.5312,-0.5275,-0.5241,-0.5209,-0.5181,-0.5156,-0.9421,-1.0393,-1.162,-1.2575,-1.1887,-0.9739,-0.7852,-0.6154,-0.4034,-0.3008,-0.3645,-0.3812,-0.3266,-0.1962,0.1158,0.27,-0.1805,-0.5513,-0.7411,-0.7987,-0.7802,-0.7297,-0.6728,-0.6215,-0.5808,-0.5525,-0.536,-0.528,-0.5246,-0.5227,-0.521,-0.5187,-0.5161,-0.5133,-0.5107,-0.5085,-0.9626,-1.0909,-1.2894,-1.522,-1.4572,-1.0531,-0.7819,-0.5661,-0.1225,0.0833,-0.2527,-0.3399,-0.2951,-0.1947,0.0786,0.2763,-0.2757,-0.7263,-0.9194,-0.9037,-0.8155,-0.7249,-0.6481,-0.5862,-0.5397,-0.5115,-0.5011,-0.5019,-0.5062,-0.5096,-0.5108,-0.5099,-0.5077,-0.505,-0.5025,-0.5005,-0.948,-1.0712,-1.2598,-1.4755,-1.3987,-1.0146,-0.8275,-0.7744,-0.4311,-0.1602,-0.3174,-0.3478,-0.2758,-0.1699,-0.1852,-0.292,-0.6861,-1.279,-1.4272,-1.1377,-0.882,-0.7198,-0.6146,-0.5384,-0.4812,-0.4519,-0.4542,-0.4715,-0.4878,-0.4977,-0.5016,-0.5013,-0.4989,-0.4957,-0.493,-0.4912,-0.9005,-0.9856,-1.0891,-1.1585,-1.0767,-0.904,-0.8629,-0.99,-0.7997,-0.5177,-0.4199,-0.3944,-0.3193,-0.1426,-0.2045,-0.4956,-1.0292,-2.1416,-2.1609,-1.3259,-0.8873,-0.6743,-0.5602,-0.4792,-0.4047,-0.3691,-0.3971,-0.4423,-0.474,-0.4899,-0.4948,-0.4932,-0.489,-0.4846,-0.4813,-0.4798,-0.8384,-0.8845,-0.9242,-0.9302,-0.8808,-0.8175,-0.8127,-0.8498,-0.7669,-0.5547,-0.4409,-0.4446,-0.4346,-0.231,-0.3646,-0.6978,-1.1293,-1.6711,-1.7089,-1.1214,-0.73,-0.5492,-0.4793,-0.428,-0.346,-0.2983,-0.3575,-0.4304,-0.4726,-0.4895,-0.491,-0.4848,-0.4765,-0.4698,-0.4661,-0.4654,-0.778,-0.7989,-0.8096,-0.8007,-0.7713,-0.7391,-0.7216,-0.6995,-0.6134,-0.479,-0.3956,-0.3899,-0.3588,-0.3109,-0.4689,-1.06,-1.631,-1.2229,-1.0136,-0.6937,-0.3914,-0.3122,-0.3656,-0.3985,-0.3686,-0.338,-0.39,-0.456,-0.4909,-0.4982,-0.4891,-0.4731,-0.458,-0.4482,-0.445,-0.4467,-0.7263,-0.7332,-0.7318,-0.7192,-0.6963,-0.6683,-0.6367,-0.589,-0.5069,-0.3909,-0.262,-0.3775,-0.3785,-0.3773,-0.5149,-0.9665,-1.3641,-0.9674,-0.6546,-0.3258,0.0941,0.0204,-0.2419,-0.3799,-0.43,-0.4503,-0.4867,-0.5211,-0.5299,-0.5148,-0.4851,-0.4521,-0.4265,-0.4146,-0.4149,-0.4224,-0.684,-0.6834,-0.6765,-0.6621,-0.6405,-0.6125,-0.5765,-0.5271,-0.4586,-0.3696,-0.2771,-0.3331,-0.345,-0.3399,-0.4382,-0.5932,-0.6858,-0.5478,-0.3735,-0.1956,0.1665,0.0716,-0.2176,-0.3949,-0.5054,-0.5806,-0.6209,-0.6195,-0.5866,-0.5346,-0.4716,-0.4107,-0.371,-0.3616,-0.3732,-0.3924,-0.6499,-0.6451,-0.6355,-0.6203,-0.5993,-0.5724,-0.5386,-0.4965,-0.4463,-0.3938,-0.3575,-0.3516,-0.332,-0.3204,-0.3049,-0.3092,-0.3697,-0.2626,-0.1295,-0.1935,-0.1385,-0.1617,-0.2978,-0.4546,-0.6188,-0.769,-0.818,-0.7528,-0.655,-0.5521,-0.441,-0.3357,-0.2788,-0.285,-0.3216,-0.36,-0.6224,-0.6153,-0.6044,-0.5891,-0.5694,-0.5449,-0.5155,-0.4817,-0.4452,-0.4105,-0.3835,-0.3633,-0.3369,-0.2769,-0.0705,0.0162,-0.2115,-0.2138,-0.1505,-0.1748,-0.2124,-0.2638,-0.3604,-0.5155,-0.7444,-1.019,-1.0782,-0.8901,-0.7162,-0.5642,-0.4003,-0.2353,-0.1615,-0.2023,-0.2748,-0.334,-0.6002,-0.5919,-0.5806,-0.5659,-0.5477,-0.526,-0.5012,-0.4739,-0.4456,-0.4185,-0.3938,-0.3685,-0.3316,-0.2534,-0.0923,-0.0426,-0.1883,-0.2164,-0.1423,-0.1091,-0.2004,-0.2693,-0.359,-0.5194,-0.771,-1.0709,-1.1324,-0.925,-0.7418,-0.5729,-0.3893,-0.1947,-0.1128,-0.1727,-0.26,-0.326,-0.5822,-0.5735,-0.5623,-0.5485,-0.532,-0.513,-0.4919,-0.4692,-0.446,-0.4229,-0.3998,-0.374,-0.3391,-0.2862,-0.2227,-0.2037,-0.233,-0.2315,-0.1848,-0.1664,-0.1978,-0.2102,-0.2639,-0.4336,-0.684,-0.9077,-1.0069,-0.9231,-0.7289,-0.567,-0.4243,-0.2778,-0.2032,-0.2297,-0.2886,-0.3397,-0.5676,-0.5588,-0.5481,-0.5352,-0.5204,-0.5037,-0.4856,-0.4663,-0.4465,-0.4263,-0.4053,-0.3822,-0.3546,-0.322,-0.2916,-0.2762,-0.2724,-0.2599,-0.2343,-0.2079,-0.1553,-0.0343,-0.0162,-0.2588,-0.5722,-0.8525,-1.0682,-0.9191,-0.6191,-0.501,-0.4436,-0.3723,-0.3204,-0.315,-0.3379,-0.3665,-0.5557,-0.5471,-0.537,-0.5252,-0.5118,-0.4971,-0.4813,-0.4646,-0.4473,-0.4296,-0.4112,-0.3915,-0.3702,-0.348,-0.3281,-0.3132,-0.3009,-0.2845,-0.2586,-0.2125,-0.1033,0.1115,0.1759,-0.1245,-0.4584,-0.6983,-0.801,-0.6265,-0.3605,-0.3779,-0.4222,-0.4129,-0.3886,-0.3773,-0.3818,-0.3944,-0.546,-0.5378,-0.5282,-0.5174,-0.5054,-0.4924,-0.4784,-0.4638,-0.4487,-0.4331,-0.4171,-0.4006,-0.3835,-0.3666,-0.3508,-0.3367,-0.3224,-0.3044,-0.2771,-0.2287,-0.1369,-0.0087,0.01,-0.1737,-0.3994,-0.5543,-0.5903,-0.4704,-0.3241,-0.3522,-0.41,-0.4257,-0.42,-0.4131,-0.4123,-0.417]},{"header":{"la1":42.85,"la2":41.18,"lo1":11.55,"lo2":14.05,"nx":36,"ny":24,"dx":0.07143,"dy":0.07261,"parameterCategory":2,"parameterNumber":3,"parameterNumberName":"northward_wind","parameterUnit":"m.s-1"},"data":[-0.8346,-0.8306,-0.8251,-0.818,-0.8096,-0.8003,-0.7909,-0.7824,-0.7752,-0.7686,-0.7614,-0.7516,-0.7377,-0.7189,-0.6954,-0.6681,-0.6392,-0.6114,-0.588,-0.5713,-0.5622,-0.5594,-0.5612,-0.5656,-0.5712,-0.5772,-0.5833,-0.5893,-0.5952,-0.6012,-0.6072,-0.6132,-0.6193,-0.6253,-0.6312,-0.637,-0.8413,-0.8369,-0.8306,-0.8219,-0.8111,-0.7986,-0.7862,-0.7758,-0.7691,-0.7652,-0.7616,-0.7545,-0.7413,-0.7205,-0.692,-0.6571,-0.6185,-0.5809,-0.5502,-0.5308,-0.5236,-0.5258,-0.5334,-0.543,-0.5528,-0.562,-0.5704,-0.5783,-0.5857,-0.593,-0.6002,-0.6073,-0.6144,-0.6214,-0.6283,-0.6349,-0.8485,-0.8439,-0.8367,-0.8259,-0.8113,-0.7932,-0.7744,-0.7595,-0.7531,-0.755,-0.7592,-0.7583,-0.7475,-0.725,-0.6904,-0.6446,-0.5909,-0.5369,-0.4939,-0.4714,-0.47,-0.4825,-0.5003,-0.518,-0.5334,-0.5463,-0.5574,-0.5671,-0.5761,-0.5848,-0.5932,-0.6016,-0.6099,-0.618,-0.6259,-0.6334,-0.8564,-0.8518,-0.8439,-0.8309,-0.811,-0.7833,-0.7509,-0.7241,-0.7167,-0.731,-0.7522,-0.7638,-0.7584,-0.7348,-0.6929,-0.6324,-0.555,-0.4715,-0.4056,-0.3801,-0.3944,-0.428,-0.4629,-0.4918,-0.514,-0.5309,-0.5445,-0.556,-0.5665,-0.5766,-0.5864,-0.5962,-0.6058,-0.6151,-0.6241,-0.6326,-0.8647,-0.8607,-0.853,-0.8385,-0.8128,-0.7706,-0.711,-0.6527,-0.638,-0.6816,-0.7397,-0.7736,-0.7768,-0.7532,-0.7042,-0.6259,-0.5131,-0.3752,-0.2614,-0.236,-0.2905,-0.3648,-0.4254,-0.4677,-0.4964,-0.5167,-0.5321,-0.5451,-0.557,-0.5685,-0.5798,-0.5911,-0.6023,-0.6131,-0.6234,-0.633,-0.8729,-0.8701,-0.8639,-0.8507,-0.8226,-0.7652,-0.6617,-0.5274,-0.4824,-0.5988,-0.7302,-0.7952,-0.8067,-0.7837,-0.7307,-0.6374,-0.4824,-0.2546,-0.041,-0.0277,-0.1708,-0.3079,-0.3967,-0.4499,-0.4825,-0.5041,-0.5204,-0.5343,-0.5474,-0.5604,-0.5735,-0.5866,-0.5996,-0.6121,-0.6239,-0.6347,-0.8799,-0.878,-0.8746,-0.8672,-0.8465,-0.7896,-0.6542,-0.4165,-0.3076,-0.5471,-0.7603,-0.8412,-0.8514,-0.8287,-0.7793,-0.6849,-0.5068,-0.1992,0.1381,0.1298,-0.1101,-0.2898,-0.3886,-0.442,-0.4729,-0.4931,-0.5088,-0.5231,-0.5374,-0.5522,-0.5675,-0.5829,-0.5981,-0.6126,-0.6261,-0.6383,-0.8838,-0.8809,-0.8788,-0.8798,-0.8803,-0.8582,-0.7694,-0.5862,-0.507,-0.7165,-0.8777,-0.9181,-0.908,-0.8862,-0.8548,-0.7817,-0.6214,-0.3483,-0.0559,-0.0325,-0.1987,-0.3302,-0.4034,-0.4428,-0.4658,-0.482,-0.4961,-0.5106,-0.5265,-0.5437,-0.5618,-0.5802,-0.5982,-0.6152,-0.6307,-0.6444,-0.8837,-0.8744,-0.8643,-0.8664,-0.8962,-0.9405,-0.9618,-0.9574,-0.9925,-1.0646,-1.0642,-1.0108,-0.963,-0.9473,-0.9638,-0.9371,-0.7873,-0.5766,-0.3935,-0.325,-0.3523,-0.3957,-0.426,-0.4444,-0.4568,-0.4677,-0.4802,-0.4957,-0.5141,-0.5349,-0.5569,-0.5792,-0.6008,-0.6208,-0.6385,-0.6538,-0.8811,-0.8585,-0.821,-0.7906,-0.8425,-0.9854,-1.1258,-1.2598,-1.433,-1.478,-1.2755,-1.0892,-0.9955,-0.9882,-1.1085,-1.1775,-0.9275,-0.7039,-0.5607,-0.4813,-0.4482,-0.4385,-0.4367,-0.4374,-0.4403,-0.4468,-0.4589,-0.4768,-0.4996,-0.5257,-0.5533,-0.5809,-0.607,-0.6306,-0.6509,-0.6676,-0.8823,-0.8472,-0.7723,-0.6636,-0.7088,-0.999,-1.2493,-1.4442,-1.8012,-1.9804,-1.4349,-1.1146,-0.9899,-0.969,-1.084,-1.1821,-0.9059,-0.7015,-0.5902,-0.5211,-0.4733,-0.4427,-0.425,-0.4157,-0.4123,-0.4161,-0.4297,-0.4529,-0.483,-0.5169,-0.5523,-0.5869,-0.6189,-0.6468,-0.6697,-0.6876,-0.8939,-0.8627,-0.7935,-0.693,-0.756,-1.0879,-1.375,-1.526,-1.653,-1.7273,-1.3369,-1.0691,-0.9607,-0.9317,-0.9292,-0.8804,-0.7393,-0.6141,-0.5578,-0.5035,-0.4496,-0.4109,-0.3894,-0.3785,-0.3721,-0.3738,-0.3917,-0.4243,-0.4653,-0.5102,-0.5559,-0.5998,-0.6392,-0.6722,-0.6976,-0.7158,-0.9148,-0.9034,-0.8825,-0.8787,-0.9809,-1.2141,-1.4635,-1.6025,-1.5684,-1.3865,-1.1638,-1.0079,-0.9449,-0.9377,-0.9139,-0.7321,-0.5679,-0.5588,-0.5519,-0.4599,-0.3844,-0.3412,-0.3298,-0.3318,-0.3277,-0.3252,-0.3492,-0.3951,-0.45,-0.5086,-0.5679,-0.624,-0.6728,-0.7113,-0.7384,-0.755,-0.9363,-0.944,-0.9588,-0.9996,-1.0942,-1.2452,-1.4187,-1.5637,-1.491,-1.251,-1.0705,-0.9818,-0.9593,-0.8886,-0.7877,-0.4619,-0.1931,-0.3813,-0.4446,-0.3498,-0.2485,-0.2094,-0.2385,-0.2831,-0.3005,-0.2956,-0.3207,-0.3749,-0.4419,-0.5162,-0.5932,-0.6659,-0.727,-0.7711,-0.7975,-0.8089,-0.9509,-0.9687,-0.996,-1.0412,-1.111,-1.201,-1.2902,-1.3332,-1.264,-1.1225,-1.0215,-0.9684,-0.8977,-0.8085,-0.6761,0.1099,0.9357,0.0859,-0.2199,-0.1489,0.0422,0.0518,-0.0957,-0.2219,-0.2833,-0.2978,-0.3175,-0.3671,-0.4424,-0.5362,-0.6388,-0.7364,-0.814,-0.8624,-0.8824,-0.8817,-0.9565,-0.9767,-1.0038,-1.0405,-1.0863,-1.1348,-1.1703,-1.1694,-1.1174,-1.0429,-1.0063,-0.9976,-0.96,-0.8622,-0.6501,0.0068,0.5839,0.0476,-0.1703,0.0625,0.6078,0.4829,0.0689,-0.1492,-0.2369,-0.269,-0.2944,-0.3484,-0.4424,-0.5694,-0.7145,-0.8527,-0.9539,-1.0013,-1.0023,-0.9765,-0.9543,-0.9728,-0.9952,-1.0216,-1.0497,-1.074,-1.0857,-1.0757,-1.0447,-1.0112,-1.0011,-0.9999,-1.088,-1.1134,-0.7827,-0.4633,-0.2639,-0.3235,-0.3459,-0.0166,0.6752,0.5247,0.0829,-0.1179,-0.1734,-0.1749,-0.1965,-0.2818,-0.4262,-0.6144,-0.8327,-1.0427,-1.1786,-1.2084,-1.1636,-1.092,-0.9465,-0.9618,-0.9789,-0.9967,-1.0133,-1.025,-1.0275,-1.0186,-1.0014,-0.9855,-0.9801,-0.9969,-1.1082,-1.1146,-0.8572,-0.7035,-0.5673,-0.5653,-0.6461,-0.3759,-0.027,0.044,-0.0738,-0.135,-0.0857,0.0292,0.0375,-0.1394,-0.3873,-0.6684,-1.0009,-1.3366,-1.5218,-1.4925,-1.3567,-1.2146,-0.9354,-0.9473,-0.9596,-0.9712,-0.9806,-0.9857,-0.9848,-0.9775,-0.9662,-0.9553,-0.9493,-0.9528,-0.9636,-0.9251,-0.8747,-0.873,-0.6913,-0.6104,-0.6186,-0.5195,-0.3664,-0.2553,-0.2202,-0.1651,0.0181,0.3739,0.4465,0.0313,-0.3586,-0.7235,-1.1799,-1.6931,-1.9339,-1.7881,-1.5281,-1.3118,-0.9226,-0.9314,-0.9398,-0.947,-0.9519,-0.9534,-0.9506,-0.9438,-0.9342,-0.9236,-0.9133,-0.9028,-0.8863,-0.8581,-0.8529,-0.8421,-0.7102,-0.6123,-0.5893,-0.5935,-0.4829,-0.3809,-0.3135,-0.2221,-0.0122,0.4126,0.5071,-0.0442,-0.417,-0.7635,-1.2394,-1.8328,-2.1004,-1.8928,-1.5828,-1.3425,-0.9091,-0.9153,-0.9208,-0.9248,-0.9267,-0.9258,-0.9217,-0.9146,-0.9049,-0.8932,-0.8795,-0.8629,-0.8414,-0.8162,-0.793,-0.7551,-0.682,-0.6122,-0.5785,-0.5586,-0.4929,-0.4246,-0.3758,-0.3137,-0.2157,-0.1651,-0.3582,-0.4249,-0.5632,-0.7939,-1.1265,-1.5587,-1.7941,-1.6954,-1.4819,-1.2935,-0.8955,-0.8997,-0.9028,-0.9045,-0.9043,-0.9018,-0.8967,-0.8889,-0.8786,-0.8659,-0.8505,-0.8318,-0.8092,-0.7829,-0.7524,-0.7125,-0.661,-0.6091,-0.568,-0.5293,-0.4759,-0.4242,-0.4042,-0.3887,-0.3763,-0.449,-0.5927,-0.5976,-0.7489,-0.8684,-1.0052,-1.2236,-1.3867,-1.3943,-1.3049,-1.1953,-0.8824,-0.8848,-0.8862,-0.8862,-0.8845,-0.8807,-0.8747,-0.8663,-0.8555,-0.8422,-0.8262,-0.807,-0.7843,-0.758,-0.7273,-0.6909,-0.6493,-0.6063,-0.5647,-0.5205,-0.466,-0.4105,-0.3988,-0.421,-0.4507,-0.5132,-0.5994,-0.7687,-1.0245,-0.9999,-0.9689,-1.0413,-1.1304,-1.1646,-1.1417,-1.09,-0.8698,-0.8709,-0.8709,-0.8696,-0.8667,-0.862,-0.8553,-0.8465,-0.8354,-0.822,-0.8059,-0.7871,-0.7651,-0.74,-0.7113,-0.6788,-0.6433,-0.606,-0.5677,-0.5264,-0.4802,-0.4382,-0.4276,-0.4525,-0.4954,-0.5614,-0.6694,-0.8673,-1.0606,-1.0221,-0.9525,-0.9579,-0.9962,-1.0225,-1.0221,-1.0008]}]