docs/data/wind_grid.json
[{"header":{"la1":42.85,"la2":41.18,"lo1":11.55,"lo2":14.05,"nx":36,"ny":24,"dx":0.07143,"dy":0.07261,"parameterCategory":2,"parameterNumber":2,"parameterNumberName":"eastward_wind","parameterUnit":"m.s-1"},"data":[-0.6344,-0.6385,-0.6403,-0.6396,-0.6365,-0.6312,-0.6232,-0.6122,-0.5979,-0.581,-0.5634,-0.5474,-0.5354,-0.5285,-0.5265,-0.5281,-0.5305,-0.5298,-0.5226,-0.5072,-0.486,-0.4644,-0.4482,-0.4398,-0.4375,-0.4382,-0.4394,-0.4399,-0.4394,-0.438,-0.436,-0.4338,-0.4314,-0.4291,-0.4269,-0.4249,-0.6596,-0.6658,-0.669,-0.6692,-0.6668,-0.6621,-0.6548,-0.6432,-0.6259,-0.6033,-0.5784,-0.556,-0.5398,-0.5319,-0.5324,-0.5393,-0.5481,-0.5522,-0.5441,-0.5194,-0.4821,-0.445,-0.4217,-0.4156,-0.4203,-0.4278,-0.4338,-0.437,-0.4378,-0.4369,-0.4351,-0.4328,-0.4304,-0.428,-0.4258,-0.4237,-0.6896,-0.6989,-0.7041,-0.7052,-0.7036,-0.7008,-0.6965,-0.687,-0.667,-0.6354,-0.5982,-0.5647,-0.5417,-0.5324,-0.5368,-0.5525,-0.5736,-0.5889,-0.5823,-0.5405,-0.4685,-0.3977,-0.3643,-0.371,-0.394,-0.4148,-0.4281,-0.4347,-0.4367,-0.4361,-0.4341,-0.4317,-0.4291,-0.4267,-0.4244,-0.4224,-0.7257,-0.7398,-0.7479,-0.7498,-0.7481,-0.7482,-0.7523,-0.7528,-0.7329,-0.6853,-0.625,-0.5723,-0.5386,-0.5268,-0.5368,-0.5665,-0.6102,-0.6514,-0.657,-0.5872,-0.4373,-0.2851,-0.2434,-0.2965,-0.3607,-0.403,-0.4249,-0.4342,-0.4365,-0.4356,-0.4332,-0.4304,-0.4276,-0.4251,-0.4228,-0.4209,-0.7693,-0.7917,-0.8049,-0.8065,-0.8012,-0.8028,-0.825,-0.8571,-0.848,-0.767,-0.6599,-0.5752,-0.5262,-0.5109,-0.5275,-0.5762,-0.6571,-0.7557,-0.8116,-0.7125,-0.4011,-0.0489,-0.0286,-0.207,-0.3372,-0.4012,-0.4279,-0.4367,-0.4375,-0.4352,-0.4319,-0.4286,-0.4257,-0.4231,-0.421,-0.4192,-0.8214,-0.8587,-0.8833,-0.8844,-0.8656,-0.8575,-0.9052,-1.018,-1.0543,-0.89,-0.6922,-0.5637,-0.4982,-0.4792,-0.5013,-0.5694,-0.6983,-0.9018,-1.1109,-1.0255,-0.5089,0.1108,0.0894,-0.2032,-0.3593,-0.42,-0.4393,-0.442,-0.439,-0.4344,-0.43,-0.4262,-0.4231,-0.4207,-0.4188,-0.4172,-0.8799,-0.9436,-0.9959,-1.0033,-0.9524,-0.9013,-0.9453,-1.1574,-1.2814,-0.9742,-0.6785,-0.5218,-0.4485,-0.4268,-0.4497,-0.5275,-0.6892,-0.988,-1.4079,-1.3666,-0.8473,-0.3936,-0.2787,-0.3788,-0.4411,-0.4583,-0.4559,-0.4476,-0.439,-0.4319,-0.4266,-0.4227,-0.4198,-0.4178,-0.4163,-0.4151,-0.9354,-1.0365,-1.1473,-1.191,-1.0799,-0.9342,-0.8919,-1.0036,-1.0632,-0.8093,-0.571,-0.4417,-0.3767,-0.3526,-0.3668,-0.4372,-0.5947,-0.8614,-1.1665,-1.2016,-1.1499,-1.0056,-0.742,-0.6008,-0.5357,-0.496,-0.468,-0.4482,-0.4348,-0.4263,-0.421,-0.4177,-0.4157,-0.4144,-0.4135,-0.4128,-0.9701,-1.0987,-1.2693,-1.3839,-1.1988,-0.956,-0.8012,-0.7238,-0.6403,-0.5118,-0.4098,-0.3402,-0.2911,-0.2614,-0.2501,-0.2945,-0.4508,-0.6747,-0.9005,-1.1455,-1.5878,-1.4701,-0.9958,-0.7234,-0.5849,-0.5083,-0.4635,-0.4376,-0.4234,-0.4162,-0.4128,-0.4114,-0.4108,-0.4107,-0.4106,-0.4105,-0.972,-1.0963,-1.2362,-1.3079,-1.1944,-0.959,-0.7351,-0.5451,-0.3373,-0.2296,-0.2549,-0.2431,-0.2017,-0.1662,-0.1136,-0.0922,-0.3255,-0.5759,-0.787,-1.0356,-1.3764,-1.3094,-0.9575,-0.7102,-0.5647,-0.48,-0.4335,-0.4113,-0.4029,-0.4013,-0.4023,-0.404,-0.4056,-0.4069,-0.4078,-0.4084,-0.946,-1.0625,-1.2109,-1.4049,-1.3415,-0.976,-0.7117,-0.4965,-0.0905,0.1003,-0.1484,-0.1682,-0.1058,-0.0593,-0.0655,-0.0719,-0.3388,-0.6282,-0.8016,-0.8843,-0.9547,-0.9174,-0.7629,-0.6028,-0.4814,-0.4059,-0.3728,-0.3673,-0.3737,-0.3827,-0.3907,-0.3967,-0.4009,-0.4036,-0.4054,-0.4066,-0.897,-1.0021,-1.1554,-1.3568,-1.2808,-0.92,-0.7377,-0.6826,-0.3639,-0.1017,-0.1715,-0.1227,-0.0041,0.1446,0.0451,-0.1797,-0.497,-0.9819,-1.1294,-0.923,-0.7838,-0.6919,-0.5859,-0.464,-0.3484,-0.2795,-0.2766,-0.3071,-0.3396,-0.3641,-0.3806,-0.391,-0.3974,-0.4013,-0.4036,-0.4052,-0.8278,-0.9013,-0.9874,-1.0456,-0.9677,-0.8055,-0.7693,-0.8827,-0.7212,-0.3866,-0.214,-0.1043,0.0086,0.2259,0.1211,-0.1953,-0.6012,-1.7914,-1.8503,-1.0267,-0.7004,-0.5553,-0.4515,-0.3289,-0.1741,-0.0886,-0.1482,-0.2427,-0.3105,-0.3517,-0.3756,-0.389,-0.3962,-0.4001,-0.4025,-0.4041,-0.7502,-0.79,-0.8217,-0.8222,-0.7721,-0.711,-0.7155,-0.7834,-0.678,-0.3961,-0.2097,-0.1025,-0.0539,0.1538,-0.0435,-0.1719,-0.4349,-1.1478,-1.3147,-0.8272,-0.5471,-0.4191,-0.3439,-0.2352,-0.0341,0.0887,-0.0516,-0.2094,-0.303,-0.3533,-0.3793,-0.3918,-0.3973,-0.3997,-0.4013,-0.4028,-0.6765,-0.6932,-0.699,-0.6855,-0.6528,-0.6187,-0.6025,-0.5807,-0.4772,-0.3147,-0.2008,-0.1305,-0.029,0.0912,-0.1087,-0.2008,-0.8805,-0.6684,-0.6382,-0.4719,-0.2984,-0.2439,-0.2495,-0.2124,-0.0892,-0.0038,-0.1116,-0.2473,-0.3311,-0.3742,-0.393,-0.3987,-0.3988,-0.3982,-0.3987,-0.4005,-0.6125,-0.6158,-0.61,-0.5925,-0.5648,-0.5323,-0.4962,-0.4426,-0.3543,-0.2523,-0.1978,-0.1863,-0.1298,-0.0626,-0.1561,-0.4063,-0.7318,-0.4858,-0.3312,-0.1915,-0.0039,-0.0417,-0.1657,-0.2199,-0.2189,-0.2184,-0.2743,-0.3463,-0.3932,-0.413,-0.414,-0.4053,-0.3958,-0.3912,-0.392,-0.3957,-0.5589,-0.5545,-0.5431,-0.5235,-0.4962,-0.4621,-0.4199,-0.3649,-0.2963,-0.2292,-0.1945,-0.1711,-0.1237,-0.1015,-0.1095,-0.1856,-0.2471,-0.1498,-0.0319,-0.0192,0.0537,0.0073,-0.1303,-0.2372,-0.322,-0.3949,-0.4502,-0.4765,-0.4785,-0.4632,-0.4347,-0.4013,-0.3774,-0.3712,-0.3775,-0.3875,-0.5145,-0.5057,-0.4913,-0.4705,-0.4433,-0.4096,-0.3689,-0.3206,-0.2676,-0.2182,-0.1804,-0.1433,-0.1021,-0.0668,0.0807,0.1406,0.0586,0.1697,0.348,0.1623,0.0519,-0.0238,-0.1322,-0.2713,-0.4361,-0.5956,-0.6624,-0.6315,-0.5775,-0.5177,-0.4454,-0.3701,-0.3267,-0.3297,-0.3537,-0.3766,-0.4779,-0.4665,-0.4505,-0.4294,-0.4029,-0.3712,-0.3342,-0.2927,-0.2488,-0.206,-0.1647,-0.1185,-0.0545,0.0902,0.5388,0.7283,0.288,0.2538,0.353,0.3431,0.1833,0.03,-0.1133,-0.3003,-0.5589,-0.8427,-0.9095,-0.7854,-0.6782,-0.5755,-0.4474,-0.3057,-0.2394,-0.2731,-0.3288,-0.3685,-0.4477,-0.4349,-0.4182,-0.3974,-0.3723,-0.343,-0.3097,-0.2733,-0.2346,-0.1945,-0.1511,-0.0974,-0.014,0.1561,0.4938,0.6034,0.3235,0.2865,0.5242,0.6455,0.3175,0.119,-0.0412,-0.2717,-0.5928,-0.9081,-0.9721,-0.8815,-0.776,-0.6504,-0.4799,-0.2809,-0.196,-0.253,-0.3264,-0.3727,-0.4228,-0.4093,-0.3926,-0.3725,-0.349,-0.322,-0.292,-0.2593,-0.2241,-0.1862,-0.1433,-0.0898,-0.0142,0.0991,0.2333,0.2799,0.2348,0.2593,0.399,0.4494,0.3235,0.2606,0.1598,-0.125,-0.5189,-0.8697,-1.0974,-1.0385,-0.892,-0.7627,-0.5898,-0.3958,-0.2981,-0.317,-0.3625,-0.3943,-0.4022,-0.3886,-0.3722,-0.3531,-0.3311,-0.3064,-0.2791,-0.2494,-0.2173,-0.1822,-0.1425,-0.0952,-0.0365,0.0333,0.0995,0.1368,0.1527,0.188,0.2502,0.2991,0.3799,0.6079,0.6468,0.18,-0.3912,-0.896,-1.2621,-1.1406,-1.0178,-0.9285,-0.7537,-0.5704,-0.4566,-0.4208,-0.4208,-0.4271,-0.3853,-0.3718,-0.356,-0.338,-0.3175,-0.2949,-0.27,-0.2431,-0.214,-0.1822,-0.147,-0.1073,-0.0627,-0.0155,0.0278,0.0614,0.0896,0.1252,0.1764,0.2607,0.4667,0.9061,1.0442,0.4225,-0.2379,-0.7191,-0.9909,-1.0766,-1.2216,-1.1375,-0.9025,-0.7028,-0.5743,-0.5066,-0.4751,-0.4599,-0.3714,-0.3583,-0.3432,-0.3263,-0.3074,-0.2866,-0.264,-0.2396,-0.2134,-0.1852,-0.1547,-0.1218,-0.0869,-0.0516,-0.0185,0.0112,0.0403,0.075,0.1253,0.2139,0.3893,0.6482,0.6862,0.3,-0.1793,-0.558,-0.8192,-1.0424,-1.2465,-1.1655,-0.9422,-0.7573,-0.6333,-0.5569,-0.5117,-0.4845]},{"header":{"la1":42.85,"la2":41.18,"lo1":11.55,"lo2":14.05,"nx":36,"ny":24,"dx":0.07143,"dy":0.07261,"parameterCategory":2,"parameterNumber":3,"parameterNumberName":"northward_wind","parameterUnit":"m.s-1"},"data":[-0.6435,-0.6422,-0.6396,-0.6353,-0.6294,-0.622,-0.6133,-0.6036,-0.593,-0.5811,-0.5675,-0.5515,-0.533,-0.5119,-0.4888,-0.4646,-0.4408,-0.4191,-0.401,-0.3876,-0.3792,-0.3749,-0.3737,-0.3746,-0.3773,-0.3815,-0.387,-0.3936,-0.401,-0.4089,-0.4173,-0.4259,-0.4345,-0.443,-0.4513,-0.4593,-0.6535,-0.6528,-0.6504,-0.646,-0.6395,-0.6309,-0.621,-0.6103,-0.5995,-0.588,-0.5747,-0.5582,-0.538,-0.514,-0.4867,-0.4574,-0.428,-0.4011,-0.3797,-0.3656,-0.3587,-0.357,-0.3579,-0.3603,-0.364,-0.3692,-0.376,-0.3839,-0.3928,-0.4022,-0.412,-0.4219,-0.4317,-0.4414,-0.4507,-0.4596,-0.6643,-0.6645,-0.6626,-0.658,-0.6503,-0.6395,-0.6269,-0.6143,-0.6033,-0.5936,-0.5823,-0.5667,-0.5453,-0.5182,-0.4859,-0.4498,-0.4123,-0.3776,-0.3516,-0.3382,-0.3365,-0.3407,-0.3449,-0.3477,-0.3513,-0.357,-0.3648,-0.3742,-0.3846,-0.3957,-0.407,-0.4184,-0.4297,-0.4406,-0.451,-0.4609,-0.6759,-0.6775,-0.6764,-0.6717,-0.6622,-0.6474,-0.6287,-0.6108,-0.5995,-0.595,-0.5898,-0.5774,-0.5558,-0.5257,-0.4878,-0.4428,-0.3932,-0.3455,-0.3115,-0.3019,-0.315,-0.3345,-0.342,-0.3402,-0.3399,-0.3447,-0.3534,-0.3645,-0.3767,-0.3896,-0.4027,-0.4158,-0.4286,-0.4409,-0.4525,-0.4634,-0.6882,-0.6917,-0.6925,-0.6882,-0.6766,-0.6551,-0.6232,-0.5898,-0.5756,-0.5856,-0.5964,-0.5916,-0.5711,-0.5384,-0.4949,-0.4394,-0.3719,-0.2998,-0.2471,-0.2455,-0.2961,-0.3555,-0.3607,-0.3384,-0.3287,-0.3318,-0.3418,-0.3548,-0.3692,-0.3842,-0.3993,-0.4142,-0.4287,-0.4426,-0.4555,-0.4675,-0.7004,-0.7072,-0.7112,-0.709,-0.6963,-0.667,-0.6116,-0.5356,-0.5061,-0.5583,-0.6052,-0.6124,-0.5931,-0.5587,-0.5114,-0.4463,-0.3564,-0.241,-0.1375,-0.1422,-0.2534,-0.3781,-0.375,-0.3268,-0.3116,-0.3165,-0.3294,-0.3453,-0.3622,-0.3796,-0.397,-0.4141,-0.4305,-0.446,-0.4604,-0.4735,-0.7115,-0.7227,-0.7327,-0.7352,-0.7239,-0.6931,-0.6193,-0.4774,-0.408,-0.5414,-0.6332,-0.6456,-0.6234,-0.5889,-0.5434,-0.4751,-0.3679,-0.2092,-0.0323,-0.038,-0.1553,-0.2554,-0.2881,-0.2791,-0.2834,-0.2982,-0.3166,-0.3361,-0.3561,-0.3762,-0.3962,-0.4157,-0.4343,-0.4518,-0.4677,-0.482,-0.719,-0.7353,-0.7562,-0.7674,-0.755,-0.7362,-0.6913,-0.5857,-0.5339,-0.6461,-0.7084,-0.6958,-0.6612,-0.6301,-0.5994,-0.5407,-0.428,-0.2686,-0.1161,-0.0679,-0.0124,-0.0399,-0.1452,-0.2114,-0.2505,-0.2794,-0.3043,-0.3278,-0.351,-0.3741,-0.3972,-0.4196,-0.4409,-0.4605,-0.4782,-0.4936,-0.7194,-0.7366,-0.7716,-0.8025,-0.7699,-0.7763,-0.8045,-0.8178,-0.8435,-0.8725,-0.8335,-0.7576,-0.6989,-0.6797,-0.6979,-0.673,-0.5332,-0.3628,-0.2111,-0.0391,0.2383,0.1823,-0.044,-0.1654,-0.2269,-0.2646,-0.2937,-0.3203,-0.3468,-0.3737,-0.4005,-0.4265,-0.451,-0.4732,-0.4927,-0.5092,-0.7115,-0.7154,-0.7272,-0.7376,-0.7123,-0.795,-0.9179,-1.0377,-1.1784,-1.2011,-0.9976,-0.8129,-0.7219,-0.7193,-0.8602,-0.9463,-0.6469,-0.4229,-0.269,-0.0938,0.122,0.0997,-0.0609,-0.163,-0.2189,-0.2545,-0.2835,-0.3125,-0.3431,-0.3749,-0.4068,-0.4375,-0.4659,-0.4912,-0.5126,-0.5301,-0.7018,-0.6842,-0.6266,-0.4835,-0.5274,-0.8046,-1.0408,-1.2206,-1.5158,-1.6735,-1.1358,-0.8281,-0.721,-0.7161,-0.8343,-0.9469,-0.6064,-0.4113,-0.306,-0.2048,-0.1102,-0.0915,-0.1367,-0.1843,-0.2175,-0.2426,-0.2694,-0.302,-0.3391,-0.3782,-0.4172,-0.4542,-0.4877,-0.5164,-0.5398,-0.5577,-0.7007,-0.6791,-0.6161,-0.5001,-0.5644,-0.896,-1.2095,-1.3955,-1.4362,-1.4403,-1.0417,-0.7796,-0.7109,-0.7766,-0.6958,-0.546,-0.4073,-0.3562,-0.3292,-0.2604,-0.2016,-0.1764,-0.1811,-0.1955,-0.2053,-0.2162,-0.2432,-0.2856,-0.3347,-0.385,-0.4338,-0.4793,-0.5192,-0.5521,-0.577,-0.5943,-0.7097,-0.703,-0.6863,-0.6832,-0.7834,-1.0265,-1.3375,-1.5955,-1.4468,-1.1455,-0.8735,-0.7157,-0.6628,-0.8096,-0.6613,-0.2657,-0.1816,-0.3932,-0.4084,-0.2651,-0.2045,-0.1822,-0.1822,-0.185,-0.1711,-0.1613,-0.1995,-0.265,-0.333,-0.3985,-0.4606,-0.5172,-0.5654,-0.6026,-0.6282,-0.6429,-0.721,-0.7301,-0.746,-0.7869,-0.883,-1.0483,-1.2621,-1.4472,-1.3345,-0.9977,-0.7669,-0.7068,-0.6681,-0.2591,-0.2155,0.2285,0.1884,-0.1359,-0.2595,-0.1914,-0.1418,-0.1288,-0.1491,-0.1645,-0.1352,-0.1016,-0.1621,-0.2549,-0.3419,-0.4242,-0.503,-0.5748,-0.6338,-0.6754,-0.6989,-0.7072,-0.7275,-0.7445,-0.7709,-0.8151,-0.886,-0.9827,-1.0843,-1.13,-1.0281,-0.8324,-0.6914,-0.6076,-0.4416,-0.2098,-0.0537,0.3834,0.9004,0.2423,-0.051,-0.0701,0.018,0.0134,-0.0804,-0.1467,-0.1495,-0.1338,-0.1863,-0.2743,-0.3684,-0.4674,-0.5688,-0.6632,-0.7371,-0.7817,-0.7972,-0.7916,-0.7266,-0.7448,-0.7697,-0.804,-0.848,-0.8954,-0.9281,-0.9156,-0.8372,-0.7296,-0.6793,-0.6135,-0.5451,-0.381,-0.1633,0.2576,0.6423,0.1906,-0.0531,0.0309,0.3849,0.292,0.0063,-0.1327,-0.1788,-0.1967,-0.2358,-0.3072,-0.4063,-0.5292,-0.6675,-0.8001,-0.8969,-0.9391,-0.9333,-0.8999,-0.7195,-0.7352,-0.7543,-0.777,-0.8008,-0.8196,-0.8227,-0.7985,-0.7466,-0.691,-0.6715,-0.6417,-0.7266,-0.7504,-0.387,-0.1409,-0.0405,-0.1735,-0.2796,-0.0681,0.43,0.3157,-0.0037,-0.1461,-0.1906,-0.2028,-0.2335,-0.3113,-0.4369,-0.6055,-0.8103,-1.0149,-1.1487,-1.1718,-1.1154,-1.0311,-0.7082,-0.7202,-0.7332,-0.7464,-0.7573,-0.7617,-0.7545,-0.7324,-0.6988,-0.6661,-0.6464,-0.6517,-0.7689,-0.7793,-0.5332,-0.4219,-0.3586,-0.5069,-0.7161,-0.3876,-0.0979,-0.0461,-0.1372,-0.1932,-0.1774,-0.1176,-0.123,-0.2526,-0.4449,-0.6874,-1.0021,-1.3419,-1.5349,-1.4938,-1.3346,-1.1709,-0.6949,-0.7031,-0.7111,-0.7177,-0.721,-0.7187,-0.7086,-0.6902,-0.6665,-0.6433,-0.627,-0.6246,-0.6378,-0.6185,-0.6262,-0.6505,-0.5023,-0.5478,-0.6352,-0.4851,-0.3559,-0.2853,-0.2762,-0.2531,-0.1425,0.0892,0.1368,-0.1529,-0.4446,-0.7586,-1.2003,-1.7412,-2.0092,-1.8358,-1.5322,-1.2833,-0.681,-0.6861,-0.6903,-0.6925,-0.6916,-0.6863,-0.6758,-0.6603,-0.6418,-0.623,-0.6071,-0.5958,-0.5869,-0.5811,-0.6134,-0.6219,-0.5287,-0.5044,-0.506,-0.5024,-0.4547,-0.4232,-0.4029,-0.3412,-0.1869,0.1125,0.1797,-0.2018,-0.4887,-0.7971,-1.2667,-1.9005,-2.2046,-1.9598,-1.598,-1.3216,-0.6675,-0.6702,-0.6716,-0.6711,-0.6679,-0.6614,-0.6512,-0.6378,-0.6222,-0.606,-0.5905,-0.5767,-0.5647,-0.5571,-0.5571,-0.5454,-0.5142,-0.4976,-0.4983,-0.5018,-0.5199,-0.5688,-0.5758,-0.4878,-0.3559,-0.2734,-0.3686,-0.4347,-0.5867,-0.8113,-1.1446,-1.5979,-1.8527,-1.7349,-1.4874,-1.2709,-0.6549,-0.6558,-0.6554,-0.6532,-0.6488,-0.6418,-0.6323,-0.6203,-0.6067,-0.5924,-0.5781,-0.5644,-0.552,-0.5417,-0.5328,-0.5215,-0.5089,-0.504,-0.5125,-0.5438,-0.6382,-0.8174,-0.8683,-0.6841,-0.5156,-0.4658,-0.4964,-0.5452,-0.7406,-0.8671,-1.0086,-1.2337,-1.4009,-1.4004,-1.2937,-1.1659,-0.6433,-0.643,-0.6414,-0.6382,-0.6332,-0.6263,-0.6173,-0.6067,-0.5947,-0.582,-0.5691,-0.5566,-0.5449,-0.5345,-0.5253,-0.5174,-0.513,-0.5171,-0.5382,-0.5957,-0.7387,-0.9981,-1.0735,-0.8166,-0.619,-0.5544,-0.5778,-0.7478,-1.0125,-0.9892,-0.9614,-1.0357,-1.1231,-1.151,-1.1175,-1.0536,-0.633,-0.6318,-0.6294,-0.6257,-0.6205,-0.6138,-0.6055,-0.596,-0.5854,-0.5742,-0.5628,-0.5518,-0.5415,-0.5324,-0.525,-0.5203,-0.5207,-0.5303,-0.5568,-0.6152,-0.7278,-0.8792,-0.9156,-0.7828,-0.661,-0.6254,-0.6812,-0.8587,-1.0491,-1.01,-0.9398,-0.9437,-0.978,-0.9979,-0.9892,-0.9585]}]