docs/data/wind_grid.json
[{"header":{"la1":42.85,"la2":41.18,"lo1":11.55,"lo2":14.05,"nx":36,"ny":24,"dx":0.07143,"dy":0.07261,"parameterCategory":2,"parameterNumber":2,"parameterNumberName":"eastward_wind","parameterUnit":"m.s-1"},"data":[-0.2998,-0.3005,-0.2979,-0.2921,-0.2839,-0.2741,-0.2639,-0.2544,-0.2466,-0.2412,-0.2393,-0.242,-0.25,-0.2634,-0.2815,-0.3026,-0.3239,-0.3414,-0.3514,-0.3517,-0.3434,-0.3304,-0.3167,-0.3045,-0.2938,-0.2836,-0.2731,-0.2623,-0.2513,-0.2404,-0.2299,-0.22,-0.2108,-0.2023,-0.1946,-0.1875,-0.3242,-0.326,-0.3231,-0.3155,-0.304,-0.2903,-0.2762,-0.2631,-0.2519,-0.2434,-0.2392,-0.2409,-0.25,-0.267,-0.2914,-0.3212,-0.3524,-0.3783,-0.3916,-0.3875,-0.3685,-0.3439,-0.3232,-0.3094,-0.2997,-0.2903,-0.2799,-0.2683,-0.2562,-0.2441,-0.2326,-0.2218,-0.2118,-0.2028,-0.1946,-0.1871,-0.3552,-0.3594,-0.3567,-0.3465,-0.3303,-0.3109,-0.2916,-0.2742,-0.2589,-0.246,-0.2376,-0.237,-0.2466,-0.2677,-0.3004,-0.343,-0.3903,-0.4315,-0.4511,-0.4367,-0.3927,-0.3432,-0.3128,-0.3032,-0.3005,-0.2954,-0.2861,-0.274,-0.2606,-0.2472,-0.2345,-0.2227,-0.2121,-0.2025,-0.194,-0.1863,-0.3949,-0.4041,-0.403,-0.3897,-0.3657,-0.3371,-0.3107,-0.2892,-0.27,-0.2506,-0.2349,-0.2293,-0.2382,-0.2634,-0.3061,-0.3664,-0.4403,-0.5122,-0.5487,-0.5138,-0.4094,-0.3005,-0.262,-0.278,-0.2963,-0.3,-0.2925,-0.2794,-0.2643,-0.2493,-0.2354,-0.2227,-0.2115,-0.2015,-0.1927,-0.1849,-0.4455,-0.4649,-0.4695,-0.4527,-0.4157,-0.3706,-0.3333,-0.311,-0.2915,-0.2613,-0.231,-0.2162,-0.2225,-0.2509,-0.3038,-0.3861,-0.5015,-0.6369,-0.728,-0.6646,-0.4222,-0.1659,-0.1435,-0.2391,-0.295,-0.3081,-0.3003,-0.2845,-0.267,-0.2501,-0.2349,-0.2215,-0.2098,-0.1996,-0.1906,-0.1828,-0.5084,-0.5482,-0.569,-0.5516,-0.4915,-0.4137,-0.3565,-0.3429,-0.337,-0.2831,-0.2233,-0.1945,-0.1969,-0.2267,-0.2868,-0.389,-0.5555,-0.8059,-1.0607,-0.9932,-0.5364,-0.0637,-0.0734,-0.2464,-0.3167,-0.3247,-0.3099,-0.2889,-0.2679,-0.2491,-0.2327,-0.2188,-0.2069,-0.1967,-0.1878,-0.1801,-0.5807,-0.6576,-0.72,-0.7166,-0.6155,-0.4731,-0.3731,-0.37,-0.3961,-0.2951,-0.1971,-0.158,-0.159,-0.1881,-0.2478,-0.356,-0.5521,-0.9039,-1.3938,-1.3506,-0.8173,-0.4305,-0.3254,-0.3643,-0.3706,-0.3487,-0.319,-0.2905,-0.2659,-0.2454,-0.2285,-0.2144,-0.2027,-0.1928,-0.1842,-0.1768,-0.6488,-0.7788,-0.9297,-0.9879,-0.8099,-0.5529,-0.3783,-0.3253,-0.3184,-0.2135,-0.1276,-0.1018,-0.1092,-0.1358,-0.1841,-0.277,-0.4555,-0.7559,-1.1049,-1.1327,-1.0375,-0.8994,-0.6601,-0.5138,-0.4282,-0.3675,-0.3215,-0.2863,-0.2593,-0.2384,-0.2218,-0.2084,-0.1973,-0.188,-0.18,-0.1731,-0.6871,-0.8547,-1.1001,-1.2784,-0.9847,-0.6148,-0.3667,-0.2159,-0.1099,-0.0287,-0.0109,-0.0295,-0.0531,-0.0755,-0.0974,-0.1554,-0.3136,-0.5436,-0.7767,-1.005,-1.4015,-1.2925,-0.8521,-0.5912,-0.4499,-0.3653,-0.3106,-0.2734,-0.2471,-0.2277,-0.2128,-0.2008,-0.1909,-0.1825,-0.1753,-0.1689,-0.6787,-0.8297,-1.0153,-1.1156,-0.9204,-0.6164,-0.3382,-0.0971,0.1632,0.2697,0.1437,0.0434,0.0002,-0.0187,0.0021,0.0145,-0.1999,-0.437,-0.6394,-0.8747,-1.1962,-1.1313,-0.7944,-0.5575,-0.4177,-0.3342,-0.2831,-0.251,-0.2295,-0.214,-0.2021,-0.1923,-0.184,-0.1767,-0.1703,-0.1646,-0.6344,-0.7559,-0.8926,-1.0316,-0.9683,-0.6167,-0.3321,-0.0679,0.4926,0.7645,0.2751,0.0892,0.0465,0.034,0.0243,0.0259,-0.2232,-0.4916,-0.6486,-0.7174,-0.7785,-0.7398,-0.5922,-0.446,-0.3417,-0.2772,-0.2411,-0.221,-0.2082,-0.1987,-0.1908,-0.1836,-0.177,-0.1709,-0.1653,-0.1603,-0.5695,-0.6702,-0.8054,-0.975,-0.9016,-0.5602,-0.3845,-0.3251,0.0981,0.434,0.1934,0.0906,0.0864,0.1296,0.0583,-0.1122,-0.3964,-0.8528,-0.9808,-0.7516,-0.5972,-0.5029,-0.4093,-0.3183,-0.2465,-0.2053,-0.191,-0.1882,-0.1868,-0.1843,-0.1805,-0.1758,-0.1707,-0.1655,-0.1606,-0.1561,-0.49,-0.5588,-0.6356,-0.6841,-0.6066,-0.4543,-0.4373,-0.5804,-0.3878,-0.0199,0.0811,0.074,0.0863,0.1683,0.0895,-0.1802,-0.5346,-1.6694,-1.7162,-0.8476,-0.4951,-0.3472,-0.2674,-0.2083,-0.1582,-0.1343,-0.1439,-0.16,-0.1699,-0.1738,-0.1733,-0.1701,-0.1657,-0.1608,-0.1562,-0.152,-0.4057,-0.442,-0.4692,-0.4659,-0.4158,-0.3602,-0.3779,-0.4631,-0.3435,-0.0397,0.0993,0.0652,0.0434,0.1044,-0.0558,-0.3234,-0.4438,-1.0163,-1.1509,-0.616,-0.308,-0.1804,-0.1402,-0.1273,-0.1095,-0.0957,-0.1173,-0.1453,-0.1627,-0.1702,-0.1708,-0.1673,-0.162,-0.1566,-0.1519,-0.1479,-0.3268,-0.3408,-0.3433,-0.3271,-0.2929,-0.2592,-0.2446,-0.2193,-0.0903,0.1227,0.2619,0.2405,0.1706,0.1876,-0.0807,-0.3683,-0.5606,-0.4464,-0.398,-0.1998,-0.0101,0.0379,-0.0051,-0.0591,-0.0937,-0.1023,-0.1223,-0.1511,-0.1701,-0.1767,-0.1743,-0.167,-0.1587,-0.1517,-0.1467,-0.1433,-0.2583,-0.2589,-0.2499,-0.2289,-0.1974,-0.16,-0.1152,-0.0412,0.0979,0.325,0.6395,0.4882,0.3482,0.189,0.0338,-0.2075,-0.3922,-0.1732,0.0037,0.1496,0.3145,0.2734,0.1274,0.0118,-0.0698,-0.1185,-0.155,-0.184,-0.1973,-0.1954,-0.1832,-0.1669,-0.1525,-0.1434,-0.1391,-0.1374,-0.2006,-0.1931,-0.1779,-0.1538,-0.1205,-0.0776,-0.0205,0.0627,0.1885,0.3757,0.6029,0.4904,0.3807,0.3511,0.2626,0.1746,0.1374,0.2885,0.4507,0.4139,0.3871,0.3449,0.2071,0.06,-0.0719,-0.174,-0.2354,-0.2566,-0.2502,-0.2272,-0.1943,-0.1602,-0.136,-0.1266,-0.1267,-0.1294,-0.1523,-0.14,-0.1212,-0.0949,-0.0602,-0.0159,0.0413,0.116,0.2112,0.3195,0.4003,0.4053,0.4027,0.4393,0.6649,0.7752,0.6289,0.7787,1.0308,0.7612,0.5421,0.4066,0.2606,0.0743,-0.135,-0.3203,-0.3994,-0.3796,-0.33,-0.2699,-0.2007,-0.1344,-0.0971,-0.0956,-0.1085,-0.1201,-0.1122,-0.0969,-0.076,-0.0488,-0.0143,0.0283,0.0806,0.1432,0.2144,0.2865,0.3468,0.3966,0.4747,0.7114,1.5185,1.8657,1.0475,0.9495,1.1065,1.1786,0.8693,0.5742,0.3417,0.0813,-0.2401,-0.5511,-0.6237,-0.5277,-0.4282,-0.322,-0.202,-0.0846,-0.0329,-0.055,-0.0902,-0.1129,-0.0788,-0.0618,-0.0401,-0.0129,0.0202,0.0599,0.1064,0.1594,0.2173,0.2771,0.3385,0.4129,0.5405,0.8316,1.4394,1.6381,1.1242,1.0711,1.6051,1.8823,1.1621,0.7479,0.4722,0.1428,-0.2727,-0.6269,-0.6951,-0.6645,-0.5417,-0.3894,-0.2255,-0.0647,-0.0016,-0.0403,-0.087,-0.1136,-0.0511,-0.0334,-0.0115,0.015,0.0462,0.0827,0.1242,0.1706,0.2212,0.2759,0.3379,0.4176,0.5383,0.7312,0.9679,1.0502,0.9708,1.0346,1.3387,1.4421,1.1289,0.9328,0.7485,0.344,-0.1992,-0.7015,-1.0972,-0.9742,-0.6724,-0.4691,-0.299,-0.1447,-0.0719,-0.0818,-0.1083,-0.1246,-0.0283,-0.0103,0.0112,0.0365,0.0658,0.0992,0.1367,0.1783,0.2239,0.2744,0.3328,0.4049,0.4987,0.6154,0.729,0.7937,0.8232,0.8928,1.0098,1.0707,1.1157,1.3582,1.3891,0.753,-0.0409,-0.7967,-1.4286,-1.1314,-0.6971,-0.5274,-0.3875,-0.2556,-0.1742,-0.1463,-0.142,-0.1415,-0.0095,0.0084,0.0292,0.0532,0.0805,0.1111,0.1452,0.1828,0.2241,0.2699,0.3219,0.3826,0.4534,0.5306,0.603,0.6595,0.7073,0.7665,0.8426,0.9441,1.1843,1.7347,1.9124,1.0805,0.1804,-0.4954,-0.8631,-0.7585,-0.6061,-0.5615,-0.4464,-0.3263,-0.2421,-0.195,-0.1707,-0.1569,0.0059,0.0233,0.0432,0.0658,0.0912,0.1194,0.1504,0.1844,0.2216,0.2623,0.3075,0.3577,0.4124,0.4689,0.5228,0.5712,0.6175,0.6698,0.7382,0.8486,1.0656,1.3943,1.4389,0.9219,0.2814,-0.2102,-0.4853,-0.5638,-0.5888,-0.5551,-0.4501,-0.346,-0.2688,-0.2183,-0.1865,-0.1659]},{"header":{"la1":42.85,"la2":41.18,"lo1":11.55,"lo2":14.05,"nx":36,"ny":24,"dx":0.07143,"dy":0.07261,"parameterCategory":2,"parameterNumber":3,"parameterNumberName":"northward_wind","parameterUnit":"m.s-1"},"data":[-0.6286,-0.6171,-0.6037,-0.5883,-0.5714,-0.5539,-0.5378,-0.525,-0.5168,-0.5129,-0.5114,-0.5092,-0.5041,-0.4947,-0.4804,-0.462,-0.4405,-0.4177,-0.3954,-0.3756,-0.36,-0.3507,-0.3491,-0.3552,-0.3672,-0.3829,-0.4,-0.4172,-0.4339,-0.4498,-0.4647,-0.4786,-0.4916,-0.5037,-0.515,-0.5254,-0.6322,-0.6193,-0.6036,-0.5846,-0.5625,-0.5386,-0.5158,-0.4985,-0.4901,-0.4905,-0.4956,-0.4997,-0.4987,-0.4904,-0.4746,-0.4523,-0.4252,-0.3958,-0.3668,-0.3407,-0.3195,-0.3068,-0.3059,-0.3169,-0.336,-0.3587,-0.3817,-0.4036,-0.4239,-0.4424,-0.4595,-0.4751,-0.4895,-0.5028,-0.515,-0.5263,-0.6369,-0.6227,-0.6045,-0.5812,-0.5517,-0.5169,-0.4813,-0.4542,-0.4446,-0.4538,-0.4724,-0.4885,-0.4947,-0.4887,-0.4711,-0.4435,-0.4084,-0.3699,-0.3322,-0.298,-0.2683,-0.2486,-0.2486,-0.2691,-0.3004,-0.3334,-0.364,-0.3911,-0.4151,-0.4364,-0.4555,-0.4728,-0.4886,-0.503,-0.5162,-0.5282,-0.6428,-0.6276,-0.6074,-0.5797,-0.5408,-0.4883,-0.4271,-0.376,-0.3618,-0.3907,-0.438,-0.4762,-0.4942,-0.4917,-0.4717,-0.4369,-0.3904,-0.3381,-0.2891,-0.2474,-0.2058,-0.1698,-0.1711,-0.2116,-0.2631,-0.3098,-0.3488,-0.3811,-0.4086,-0.4323,-0.4533,-0.4721,-0.4891,-0.5046,-0.5187,-0.5315,-0.6497,-0.6338,-0.6127,-0.5826,-0.5346,-0.4569,-0.3456,-0.2332,-0.2012,-0.2801,-0.3906,-0.4672,-0.5009,-0.5021,-0.479,-0.4352,-0.3722,-0.2967,-0.2301,-0.1901,-0.1424,-0.0704,-0.0758,-0.1553,-0.2333,-0.2932,-0.3389,-0.3751,-0.4051,-0.4306,-0.4531,-0.4732,-0.4914,-0.5078,-0.5228,-0.5362,-0.6568,-0.6397,-0.619,-0.5912,-0.5419,-0.44,-0.2479,0.0135,0.1082,-0.1068,-0.3452,-0.4734,-0.5208,-0.5231,-0.4967,-0.4441,-0.3606,-0.2447,-0.1341,-0.1159,-0.1115,-0.02,-0.0311,-0.1366,-0.2252,-0.289,-0.3366,-0.3741,-0.4051,-0.4317,-0.4552,-0.4764,-0.4955,-0.513,-0.5287,-0.5428,-0.6633,-0.6421,-0.6185,-0.5981,-0.5673,-0.4714,-0.2223,0.2412,0.464,0.0122,-0.3623,-0.5147,-0.5588,-0.5565,-0.5283,-0.4721,-0.3748,-0.2193,-0.0346,-0.0391,-0.1175,-0.0998,-0.1088,-0.1735,-0.2417,-0.2975,-0.3418,-0.3779,-0.4084,-0.4353,-0.4596,-0.4817,-0.5019,-0.5202,-0.5368,-0.5515,-0.6707,-0.6393,-0.5973,-0.5748,-0.5924,-0.5629,-0.3938,-0.051,0.1058,-0.24,-0.5092,-0.5995,-0.6119,-0.6001,-0.5769,-0.5277,-0.4322,-0.2878,-0.1388,-0.1121,-0.1159,-0.1234,-0.1646,-0.2154,-0.2673,-0.3132,-0.3519,-0.385,-0.4144,-0.4412,-0.4661,-0.4892,-0.5106,-0.53,-0.5474,-0.5627,-0.6848,-0.6447,-0.568,-0.5044,-0.601,-0.6769,-0.6621,-0.5997,-0.6086,-0.7039,-0.7354,-0.704,-0.6654,-0.646,-0.6493,-0.6247,-0.5204,-0.388,-0.2705,-0.1681,-0.03,-0.0572,-0.1705,-0.2417,-0.2911,-0.3303,-0.3636,-0.3935,-0.4216,-0.4486,-0.4746,-0.4992,-0.5221,-0.5429,-0.5612,-0.577,-0.7119,-0.6841,-0.6331,-0.6012,-0.6992,-0.8022,-0.8939,-0.9891,-1.1289,-1.1616,-0.9669,-0.7909,-0.6991,-0.6776,-0.7548,-0.8052,-0.6043,-0.4472,-0.3387,-0.2275,-0.1011,-0.1135,-0.2067,-0.2713,-0.3137,-0.3457,-0.3736,-0.4008,-0.4286,-0.4568,-0.4849,-0.512,-0.5371,-0.5596,-0.579,-0.5952,-0.7472,-0.7434,-0.7499,-0.7869,-0.8069,-0.9192,-1.0909,-1.2472,-1.5162,-1.6636,-1.1344,-0.8216,-0.7004,-0.6753,-0.7379,-0.805,-0.5766,-0.4405,-0.3687,-0.3065,-0.2501,-0.2401,-0.2707,-0.3051,-0.3325,-0.3549,-0.3778,-0.4041,-0.4338,-0.4655,-0.4975,-0.5284,-0.5568,-0.5816,-0.6022,-0.6185,-0.7804,-0.7901,-0.8044,-0.8131,-0.8494,-1.0375,-1.2967,-1.4738,-1.4801,-1.456,-1.058,-0.774,-0.6776,-0.7153,-0.65,-0.5334,-0.4315,-0.3818,-0.3636,-0.3394,-0.3143,-0.3041,-0.3116,-0.3264,-0.3389,-0.3506,-0.3706,-0.4006,-0.4365,-0.4748,-0.5134,-0.5502,-0.5832,-0.6109,-0.6326,-0.6484,-0.8072,-0.8246,-0.8468,-0.8788,-0.9604,-1.1512,-1.4378,-1.6989,-1.5387,-1.2106,-0.9062,-0.685,-0.6015,-0.7315,-0.6157,-0.3077,-0.2543,-0.3543,-0.3659,-0.3365,-0.3194,-0.3126,-0.3186,-0.3278,-0.3268,-0.3246,-0.3485,-0.3907,-0.438,-0.4867,-0.535,-0.5804,-0.6199,-0.6511,-0.6733,-0.6871,-0.8268,-0.8499,-0.8817,-0.9312,-1.0191,-1.1673,-1.3699,-1.5519,-1.4399,-1.1023,-0.8361,-0.6337,-0.535,-0.1028,-0.2261,0.1634,0.027,-0.2404,-0.317,-0.3041,-0.2771,-0.2707,-0.2939,-0.3162,-0.3088,-0.2924,-0.3265,-0.3834,-0.443,-0.5045,-0.5664,-0.6243,-0.6727,-0.7077,-0.7286,-0.7376,-0.8389,-0.8641,-0.898,-0.9461,-1.0155,-1.1083,-1.2079,-1.2575,-1.1735,-1.0146,-0.8903,-0.7298,-0.452,-0.1214,-0.1251,0.2725,0.1456,-0.1196,-0.2597,-0.2386,-0.1352,-0.1358,-0.2305,-0.2982,-0.3127,-0.3076,-0.3353,-0.388,-0.4543,-0.5313,-0.6133,-0.6905,-0.7516,-0.7895,-0.8047,-0.8033,-0.8438,-0.8678,-0.8981,-0.9366,-0.9836,-1.0347,-1.0748,-1.0794,-1.0409,-1.0252,-1.157,-0.9209,-0.7633,-0.5103,-0.3555,-0.1223,-0.0145,-0.2116,-0.3042,-0.1529,0.2534,0.1551,-0.1457,-0.2789,-0.3145,-0.321,-0.3388,-0.3857,-0.4645,-0.5678,-0.6836,-0.7935,-0.8737,-0.9105,-0.9096,-0.8871,-0.8432,-0.864,-0.8887,-0.9169,-0.9471,-0.9747,-0.9918,-0.9923,-0.9864,-1.0187,-1.1309,-1.0092,-1.094,-1.1506,-0.7255,-0.5237,-0.4348,-0.468,-0.4788,-0.2515,0.2998,0.1737,-0.1648,-0.2863,-0.2916,-0.2627,-0.2662,-0.3358,-0.4576,-0.6122,-0.7882,-0.9574,-1.0672,-1.0894,-1.0497,-0.9883,-0.8388,-0.8561,-0.8753,-0.8955,-0.9151,-0.9312,-0.9409,-0.944,-0.9478,-0.9646,-0.9867,-1.0056,-1.1881,-1.2422,-1.0829,-1.0265,-0.7989,-0.6885,-0.6846,-0.5788,-0.3285,-0.2565,-0.3233,-0.3259,-0.2239,-0.0663,-0.0361,-0.2025,-0.4264,-0.6631,-0.9343,-1.2106,-1.3653,-1.3371,-1.2181,-1.0961,-0.8324,-0.8465,-0.8612,-0.8759,-0.8893,-0.9,-0.9072,-0.9117,-0.9171,-0.9274,-0.9441,-0.9794,-1.0568,-1.1795,-1.6438,-1.8631,-1.133,-0.8381,-0.8148,-0.9379,-0.7499,-0.5822,-0.4978,-0.3829,-0.1242,0.3204,0.4173,-0.0292,-0.4047,-0.7169,-1.0909,-1.5218,-1.7315,-1.5998,-1.37,-1.183,-0.8251,-0.8364,-0.8479,-0.8589,-0.8688,-0.8768,-0.8829,-0.8881,-0.8944,-0.9044,-0.9223,-0.9567,-1.0263,-1.1891,-1.5722,-1.6855,-1.2067,-1.0149,-1.2698,-1.4356,-1.0123,-0.7915,-0.6665,-0.496,-0.1791,0.3657,0.4881,-0.1174,-0.474,-0.7633,-1.1491,-1.6468,-1.8819,-1.6953,-1.4214,-1.2139,-0.8175,-0.8268,-0.8359,-0.8445,-0.8522,-0.8588,-0.8644,-0.87,-0.8768,-0.8873,-0.9049,-0.936,-0.9924,-1.0922,-1.2199,-1.2319,-1.0986,-1.042,-1.1593,-1.207,-1.0472,-0.967,-0.8959,-0.7079,-0.4565,-0.3117,-0.5031,-0.5491,-0.6306,-0.8019,-1.064,-1.4165,-1.6135,-1.5253,-1.3394,-1.1777,-0.8101,-0.8178,-0.8252,-0.8322,-0.8385,-0.8442,-0.8495,-0.8551,-0.8621,-0.8721,-0.8877,-0.9121,-0.9492,-0.9986,-1.0418,-1.0437,-1.0091,-0.9954,-1.0255,-1.0512,-1.0926,-1.2528,-1.2886,-0.994,-0.7094,-0.6448,-0.7775,-0.7379,-0.7855,-0.8594,-0.9672,-1.1422,-1.2722,-1.2741,-1.1955,-1.1012,-0.8032,-0.8096,-0.8158,-0.8216,-0.827,-0.832,-0.837,-0.8424,-0.8489,-0.8578,-0.8703,-0.8877,-0.9104,-0.9351,-0.9534,-0.9568,-0.9501,-0.9513,-0.9724,-1.0234,-1.1651,-1.4741,-1.571,-1.1847,-0.8574,-0.7376,-0.7489,-0.822,-0.9558,-0.941,-0.9323,-0.9955,-1.0655,-1.0892,-1.0661,-1.0199,-0.7966,-0.8021,-0.8073,-0.8123,-0.817,-0.8215,-0.8261,-0.831,-0.8368,-0.8442,-0.8538,-0.8658,-0.8797,-0.8934,-0.9034,-0.9082,-0.9108,-0.9195,-0.944,-1.0011,-1.1237,-1.3063,-1.3423,-1.1259,-0.905,-0.7992,-0.7954,-0.8769,-0.9776,-0.9551,-0.9186,-0.9305,-0.9609,-0.9785,-0.9738,-0.9523]}]