docs/data/wind_grid.json
[{"header":{"la1":42.85,"la2":41.18,"lo1":11.55,"lo2":14.05,"nx":36,"ny":24,"dx":0.07143,"dy":0.07261,"parameterCategory":2,"parameterNumber":2,"parameterNumberName":"eastward_wind","parameterUnit":"m.s-1"},"data":[-0.5712,-0.5744,-0.5748,-0.5725,-0.5677,-0.5607,-0.5515,-0.5401,-0.5265,-0.5113,-0.4961,-0.4829,-0.4736,-0.4692,-0.4696,-0.4736,-0.4785,-0.4812,-0.4783,-0.4684,-0.453,-0.4367,-0.4242,-0.4177,-0.4156,-0.4157,-0.4158,-0.4149,-0.413,-0.4101,-0.4066,-0.4027,-0.3987,-0.3948,-0.391,-0.3873,-0.5957,-0.6008,-0.6024,-0.6002,-0.595,-0.5873,-0.5775,-0.5648,-0.548,-0.5276,-0.5061,-0.4874,-0.4746,-0.4695,-0.4723,-0.4812,-0.4924,-0.5,-0.4973,-0.4803,-0.452,-0.423,-0.4047,-0.4001,-0.4038,-0.4093,-0.4131,-0.4142,-0.413,-0.4102,-0.4065,-0.4023,-0.398,-0.3937,-0.3896,-0.3858,-0.6256,-0.634,-0.6373,-0.6352,-0.6291,-0.6211,-0.6121,-0.5997,-0.5799,-0.5515,-0.5194,-0.4912,-0.4726,-0.4663,-0.4726,-0.4898,-0.5124,-0.5307,-0.5304,-0.5001,-0.4434,-0.3865,-0.3597,-0.3657,-0.3844,-0.4009,-0.4105,-0.414,-0.4135,-0.4105,-0.4064,-0.4017,-0.3969,-0.3923,-0.3879,-0.3839,-0.6626,-0.6766,-0.683,-0.6805,-0.6719,-0.6631,-0.6582,-0.6522,-0.6315,-0.5895,-0.5379,-0.4934,-0.4653,-0.4566,-0.4678,-0.4976,-0.5408,-0.5828,-0.5943,-0.5416,-0.4203,-0.2954,-0.2615,-0.3062,-0.3594,-0.3936,-0.4101,-0.4154,-0.4148,-0.4111,-0.4061,-0.4007,-0.3954,-0.3904,-0.3857,-0.3815,-0.7087,-0.7331,-0.7459,-0.7423,-0.7262,-0.7129,-0.7179,-0.7355,-0.7232,-0.6534,-0.5627,-0.4908,-0.4488,-0.4361,-0.4523,-0.4992,-0.5764,-0.6696,-0.7253,-0.6488,-0.393,-0.0996,-0.0831,-0.2336,-0.3427,-0.3948,-0.4149,-0.4194,-0.417,-0.4117,-0.4054,-0.3992,-0.3933,-0.3879,-0.383,-0.3786,-0.7651,-0.8094,-0.8381,-0.8343,-0.7988,-0.7658,-0.7834,-0.8643,-0.8902,-0.7518,-0.5849,-0.4753,-0.4174,-0.3987,-0.4176,-0.4818,-0.6041,-0.7915,-0.9779,-0.9122,-0.4862,0.034,0.0155,-0.2333,-0.3647,-0.4138,-0.427,-0.4259,-0.4195,-0.4117,-0.4039,-0.3967,-0.3903,-0.3846,-0.3795,-0.3751,-0.8287,-0.9097,-0.98,-0.9877,-0.9079,-0.8153,-0.816,-0.9762,-1.0773,-0.8186,-0.5681,-0.4335,-0.3656,-0.3381,-0.3511,-0.4233,-0.5817,-0.8608,-1.2282,-1.1968,-0.7786,-0.4008,-0.3029,-0.3875,-0.4382,-0.4495,-0.4436,-0.4325,-0.4208,-0.4102,-0.4009,-0.393,-0.3862,-0.3803,-0.3752,-0.3708,-0.8856,-1.0209,-1.1857,-1.2547,-1.0805,-0.8599,-0.7715,-0.8453,-0.891,-0.6728,-0.4703,-0.3594,-0.2937,-0.2496,-0.2359,-0.2963,-0.468,-0.7411,-1.0266,-1.075,-1.0678,-0.9515,-0.7143,-0.5851,-0.5237,-0.4851,-0.4566,-0.4349,-0.4184,-0.4057,-0.3957,-0.3876,-0.3808,-0.375,-0.37,-0.3658,-0.9086,-1.0808,-1.3576,-1.5708,-1.2343,-0.8724,-0.6845,-0.5962,-0.5129,-0.4001,-0.322,-0.2697,-0.2139,-0.1367,-0.0395,-0.0515,-0.276,-0.5603,-0.8074,-1.0609,-1.4957,-1.387,-0.9474,-0.6975,-0.5705,-0.4994,-0.456,-0.4283,-0.41,-0.3973,-0.3878,-0.3802,-0.3739,-0.3685,-0.3638,-0.3598,-0.8789,-1.0178,-1.2089,-1.3189,-1.0685,-0.8072,-0.6014,-0.4193,-0.2078,-0.1071,-0.1705,-0.1918,-0.1494,-0.0368,0.2653,0.4252,-0.0765,-0.468,-0.7223,-0.9747,-1.2999,-1.2395,-0.9151,-0.6891,-0.5572,-0.4799,-0.4349,-0.4093,-0.3943,-0.3846,-0.3773,-0.3711,-0.3657,-0.3608,-0.3566,-0.353,-0.8144,-0.8949,-0.9489,-0.9167,-0.8855,-0.7368,-0.5617,-0.366,0.0687,0.2798,-0.0619,-0.148,-0.1119,-0.0245,0.2345,0.4368,-0.1444,-0.5676,-0.7765,-0.8588,-0.92,-0.8834,-0.7416,-0.5978,-0.4913,-0.4247,-0.391,-0.3772,-0.3717,-0.3683,-0.3648,-0.3608,-0.3564,-0.3521,-0.3483,-0.3451,-0.7433,-0.7938,-0.8353,-0.8672,-0.8325,-0.6828,-0.5956,-0.5624,-0.2288,0.0354,-0.117,-0.145,-0.0833,0.017,-0.0151,-0.1389,-0.4806,-1.0042,-1.1582,-0.9352,-0.7811,-0.6845,-0.5855,-0.4814,-0.3892,-0.3342,-0.324,-0.3345,-0.3454,-0.3511,-0.352,-0.3498,-0.3461,-0.3422,-0.3386,-0.3359,-0.6751,-0.7068,-0.7332,-0.7417,-0.6976,-0.6245,-0.6381,-0.7898,-0.5858,-0.3037,-0.202,-0.1645,-0.1062,0.0518,-0.0338,-0.3131,-0.6953,-1.8683,-1.9211,-1.0633,-0.7136,-0.5599,-0.4641,-0.3703,-0.2648,-0.208,-0.2401,-0.2902,-0.322,-0.3367,-0.3408,-0.3391,-0.335,-0.3307,-0.3272,-0.3251,-0.6119,-0.6276,-0.635,-0.6257,-0.5949,-0.5668,-0.5858,-0.6328,-0.547,-0.3316,-0.2107,-0.1793,-0.1704,-0.1043,-0.2241,-0.4067,-0.6106,-1.2442,-1.3843,-0.8641,-0.5548,-0.4168,-0.3549,-0.289,-0.1715,-0.0999,-0.1799,-0.2659,-0.3114,-0.3295,-0.3327,-0.3285,-0.3221,-0.3164,-0.313,-0.3119,-0.5563,-0.5606,-0.5572,-0.5433,-0.5208,-0.5006,-0.4923,-0.474,-0.3883,-0.2536,-0.1642,-0.1443,-0.1368,-0.103,-0.2875,-0.454,-1.0029,-0.7719,-0.6989,-0.4849,-0.2639,-0.2034,-0.2389,-0.2486,-0.1951,-0.151,-0.2111,-0.2833,-0.3212,-0.3322,-0.3276,-0.3163,-0.3047,-0.2971,-0.2943,-0.2953,-0.509,-0.5064,-0.4976,-0.4819,-0.4605,-0.4363,-0.4078,-0.3618,-0.2809,-0.1681,-0.0503,-0.0927,-0.1094,-0.1422,-0.2688,-0.5382,-0.8373,-0.5693,-0.3712,-0.1607,0.1404,0.0788,-0.1237,-0.2244,-0.2562,-0.2684,-0.3026,-0.3381,-0.3516,-0.3438,-0.3227,-0.2975,-0.2776,-0.2681,-0.2684,-0.2743,-0.4697,-0.4629,-0.4511,-0.4339,-0.4116,-0.3838,-0.3482,-0.2988,-0.2303,-0.1434,-0.0587,-0.0746,-0.0252,-0.0005,-0.147,-0.2699,-0.3283,-0.1979,-0.041,0.0178,0.2137,0.1358,-0.085,-0.2244,-0.3148,-0.3786,-0.416,-0.4205,-0.399,-0.3606,-0.3117,-0.2629,-0.2306,-0.223,-0.2327,-0.2485,-0.4371,-0.4278,-0.4143,-0.3963,-0.3734,-0.3451,-0.3099,-0.2659,-0.2131,-0.1568,-0.1112,-0.0766,0.0047,0.037,0.0447,0.0542,-0.0106,0.169,0.4227,0.1608,0.0676,0.0026,-0.1213,-0.2591,-0.4026,-0.5336,-0.5805,-0.534,-0.4595,-0.3781,-0.2876,-0.1997,-0.1511,-0.1568,-0.1883,-0.2205,-0.4103,-0.3995,-0.3852,-0.367,-0.3446,-0.3177,-0.2856,-0.2484,-0.2071,-0.1651,-0.1256,-0.0831,-0.0248,0.0771,0.4099,0.5592,0.1932,0.2149,0.3362,0.204,0.0786,-0.0305,-0.1474,-0.2998,-0.5078,-0.7461,-0.7997,-0.6573,-0.5204,-0.3938,-0.2549,-0.1123,-0.0466,-0.0835,-0.1472,-0.1976,-0.3882,-0.3766,-0.3621,-0.3444,-0.3233,-0.2985,-0.2701,-0.2383,-0.2041,-0.1686,-0.1315,-0.0877,-0.0235,0.1039,0.3685,0.4538,0.2114,0.1581,0.2376,0.2729,0.1131,-0.0148,-0.1334,-0.3005,-0.5399,-0.8004,-0.8539,-0.7182,-0.5628,-0.4088,-0.2468,-0.0759,-0.0021,-0.0565,-0.1334,-0.1897,-0.37,-0.3583,-0.344,-0.3271,-0.3074,-0.285,-0.2598,-0.2323,-0.2028,-0.1714,-0.137,-0.0956,-0.0388,0.0461,0.1477,0.1771,0.1242,0.111,0.1618,0.1747,0.0939,0.0327,-0.0466,-0.2264,-0.4856,-0.7382,-0.9105,-0.8112,-0.5789,-0.4081,-0.2755,-0.1478,-0.0827,-0.106,-0.1569,-0.2,-0.3552,-0.3435,-0.3298,-0.3139,-0.2958,-0.2755,-0.2532,-0.2289,-0.203,-0.1752,-0.1445,-0.109,-0.0659,-0.0154,0.031,0.0514,0.0489,0.0532,0.0717,0.0811,0.0965,0.1799,0.1851,-0.0643,-0.3972,-0.7398,-1.0536,-0.8484,-0.4716,-0.336,-0.2834,-0.2244,-0.1815,-0.1775,-0.1969,-0.2206,-0.343,-0.3317,-0.3187,-0.3039,-0.2873,-0.269,-0.2491,-0.2277,-0.2048,-0.1804,-0.154,-0.125,-0.0932,-0.0606,-0.0327,-0.0152,-0.006,0.0034,0.0181,0.0445,0.1229,0.3136,0.3761,0.0665,-0.2847,-0.5614,-0.6964,-0.4887,-0.1725,-0.1933,-0.2505,-0.2516,-0.2348,-0.2269,-0.2311,-0.2417,-0.3332,-0.3223,-0.3101,-0.2964,-0.2812,-0.2647,-0.2469,-0.2279,-0.2079,-0.1867,-0.1644,-0.1409,-0.1167,-0.0935,-0.0735,-0.0584,-0.047,-0.0356,-0.0194,0.0121,0.0823,0.1939,0.2069,0.0167,-0.22,-0.3914,-0.4362,-0.3,-0.1293,-0.1628,-0.233,-0.257,-0.257,-0.2535,-0.2538,-0.2581]},{"header":{"la1":42.85,"la2":41.18,"lo1":11.55,"lo2":14.05,"nx":36,"ny":24,"dx":0.07143,"dy":0.07261,"parameterCategory":2,"parameterNumber":3,"parameterNumberName":"northward_wind","parameterUnit":"m.s-1"},"data":[-0.7823,-0.7773,-0.7699,-0.7599,-0.7473,-0.733,-0.7178,-0.7027,-0.6884,-0.6744,-0.6595,-0.6421,-0.6211,-0.5959,-0.5668,-0.5344,-0.5002,-0.4658,-0.4334,-0.4048,-0.3819,-0.3667,-0.3602,-0.3622,-0.3705,-0.3827,-0.3965,-0.4105,-0.4241,-0.4368,-0.4487,-0.4598,-0.4701,-0.4796,-0.4884,-0.4966,-0.7965,-0.7919,-0.784,-0.7723,-0.7569,-0.7387,-0.7196,-0.7018,-0.6869,-0.6745,-0.662,-0.6462,-0.6251,-0.5977,-0.5642,-0.5257,-0.4839,-0.4415,-0.4013,-0.3657,-0.337,-0.3184,-0.3129,-0.3203,-0.3361,-0.3555,-0.3753,-0.3941,-0.4112,-0.4266,-0.4407,-0.4534,-0.465,-0.4757,-0.4854,-0.4944,-0.813,-0.8091,-0.8008,-0.787,-0.7673,-0.7425,-0.7158,-0.6924,-0.6768,-0.6687,-0.6623,-0.6512,-0.6315,-0.6022,-0.5637,-0.5174,-0.4655,-0.4122,-0.362,-0.3177,-0.2803,-0.255,-0.2512,-0.2687,-0.297,-0.3269,-0.3544,-0.3785,-0.3993,-0.4175,-0.4336,-0.448,-0.4609,-0.4727,-0.4834,-0.4931,-0.8319,-0.8299,-0.8221,-0.8061,-0.78,-0.7438,-0.7018,-0.665,-0.6472,-0.6501,-0.6585,-0.6576,-0.6416,-0.611,-0.567,-0.5108,-0.4451,-0.3759,-0.3132,-0.261,-0.2117,-0.1711,-0.1698,-0.2077,-0.2563,-0.2999,-0.3358,-0.3651,-0.3894,-0.4101,-0.428,-0.4438,-0.458,-0.4708,-0.4824,-0.4929,-0.8537,-0.8554,-0.85,-0.8329,-0.7991,-0.745,-0.672,-0.6004,-0.5742,-0.6062,-0.6493,-0.6676,-0.658,-0.6264,-0.5767,-0.5092,-0.4239,-0.3285,-0.2468,-0.1969,-0.1427,-0.0688,-0.073,-0.1487,-0.2229,-0.2795,-0.3222,-0.3554,-0.3822,-0.4047,-0.4241,-0.4412,-0.4565,-0.4703,-0.4827,-0.4939,-0.8778,-0.8864,-0.8877,-0.873,-0.8326,-0.7563,-0.6308,-0.4717,-0.4127,-0.5258,-0.6418,-0.6877,-0.6837,-0.6509,-0.5968,-0.519,-0.4101,-0.2695,-0.1417,-0.1161,-0.1059,-0.0184,-0.0285,-0.1262,-0.2098,-0.2706,-0.3155,-0.3503,-0.3783,-0.4018,-0.4222,-0.4404,-0.4566,-0.4713,-0.4845,-0.4963,-0.9022,-0.9221,-0.9381,-0.9333,-0.8898,-0.7991,-0.6296,-0.3454,-0.2121,-0.4715,-0.6701,-0.7293,-0.7218,-0.6861,-0.6316,-0.5506,-0.4259,-0.2404,-0.0357,-0.0366,-0.097,-0.0785,-0.0902,-0.152,-0.2187,-0.2733,-0.3159,-0.3497,-0.3775,-0.4013,-0.4224,-0.4413,-0.4586,-0.4742,-0.4882,-0.5006,-0.922,-0.9561,-1.0001,-1.019,-0.9672,-0.8795,-0.7481,-0.5314,-0.4333,-0.6381,-0.7789,-0.7991,-0.7708,-0.7307,-0.6845,-0.6133,-0.4915,-0.3153,-0.14,-0.0893,-0.0409,-0.0427,-0.1103,-0.1766,-0.235,-0.2829,-0.3212,-0.3524,-0.3791,-0.4027,-0.4244,-0.4443,-0.4625,-0.4791,-0.494,-0.507,-0.9292,-0.97,-1.0453,-1.1087,-1.0197,-0.9542,-0.9259,-0.896,-0.9121,-0.9669,-0.9523,-0.886,-0.8213,-0.779,-0.7609,-0.7186,-0.5926,-0.4284,-0.2713,-0.1039,0.1439,0.0988,-0.086,-0.1901,-0.2519,-0.2952,-0.3287,-0.3568,-0.382,-0.4056,-0.4281,-0.4492,-0.4689,-0.4868,-0.5026,-0.5162,-0.9203,-0.9424,-0.9805,-1.0063,-0.9426,-0.9846,-1.0773,-1.1841,-1.3304,-1.3604,-1.1546,-0.9653,-0.8596,-0.8181,-0.8648,-0.9002,-0.6886,-0.502,-0.3526,-0.1772,0.0314,0.0143,-0.1282,-0.2195,-0.2726,-0.308,-0.3358,-0.3607,-0.385,-0.4093,-0.4334,-0.4566,-0.4783,-0.4978,-0.5147,-0.5288,-0.9049,-0.8965,-0.8435,-0.6914,-0.7318,-0.9943,-1.2148,-1.3915,-1.699,-1.8644,-1.3157,-1.0016,-0.8778,-0.8381,-0.8624,-0.9041,-0.6693,-0.5079,-0.4046,-0.3004,-0.2022,-0.1784,-0.2173,-0.261,-0.2935,-0.3177,-0.3391,-0.3618,-0.3868,-0.4134,-0.4407,-0.4672,-0.4918,-0.5135,-0.5316,-0.546,-0.8979,-0.881,-0.8199,-0.7028,-0.764,-1.0825,-1.386,-1.5714,-1.6156,-1.6291,-1.2356,-0.975,-0.8856,-0.9071,-0.8226,-0.6662,-0.5307,-0.4612,-0.4244,-0.3628,-0.3034,-0.2732,-0.2738,-0.2889,-0.3046,-0.318,-0.3347,-0.3581,-0.3866,-0.4181,-0.4508,-0.4825,-0.5115,-0.536,-0.5553,-0.5693,-0.9022,-0.8985,-0.8832,-0.8794,-0.975,-1.2084,-1.5097,-1.7884,-1.602,-1.335,-1.0861,-0.9387,-0.8789,-0.9397,-0.8131,-0.4523,-0.348,-0.4555,-0.4619,-0.3693,-0.314,-0.286,-0.2828,-0.2928,-0.3011,-0.3052,-0.3208,-0.3497,-0.3854,-0.4248,-0.4658,-0.5055,-0.5407,-0.5687,-0.5887,-0.601,-0.9103,-0.9215,-0.9383,-0.9784,-1.0712,-1.2298,-1.4313,-1.5898,-1.4915,-1.2031,-1.003,-0.9443,-0.9209,-0.6988,-0.4764,0.0097,-0.0344,-0.2818,-0.3667,-0.3126,-0.2551,-0.2319,-0.2496,-0.2784,-0.2929,-0.2912,-0.3073,-0.342,-0.3858,-0.4359,-0.4894,-0.5411,-0.5851,-0.6172,-0.6362,-0.6442,-0.9148,-0.9338,-0.9613,-1.0058,-1.0756,-1.17,-1.2679,-1.3129,-1.2291,-1.0688,-0.9577,-0.8926,-0.7889,-0.6861,-0.3537,0.1511,0.5052,-0.0147,-0.2286,-0.2045,-0.0815,-0.0732,-0.1695,-0.2477,-0.2844,-0.2931,-0.3061,-0.3387,-0.3892,-0.454,-0.5269,-0.5979,-0.6551,-0.6906,-0.7044,-0.7024,-0.9129,-0.9333,-0.96,-0.996,-1.0416,-1.0911,-1.1278,-1.1251,-1.068,-0.994,-0.9767,-0.9175,-0.8726,-0.7433,-0.4774,-0.0511,0.2784,-0.0776,-0.2436,-0.0899,0.3414,0.2433,-0.0643,-0.208,-0.259,-0.2753,-0.2897,-0.3249,-0.3895,-0.48,-0.5866,-0.6911,-0.7685,-0.8038,-0.8019,-0.779,-0.9051,-0.9234,-0.9453,-0.971,-0.9984,-1.0223,-1.0333,-1.0223,-0.991,-0.9634,-0.9694,-0.954,-1.1128,-1.1693,-0.7115,-0.4299,-0.3106,-0.4024,-0.465,-0.1921,0.3955,0.2736,-0.0628,-0.1946,-0.2192,-0.2083,-0.216,-0.273,-0.3751,-0.513,-0.6798,-0.8462,-0.956,-0.9775,-0.9364,-0.874,-0.8934,-0.9083,-0.9248,-0.9419,-0.9577,-0.9687,-0.9707,-0.9615,-0.9455,-0.9337,-0.9355,-0.9709,-1.1663,-1.1919,-0.8506,-0.6997,-0.6027,-0.7136,-0.9109,-0.5436,-0.1984,-0.1178,-0.1883,-0.2124,-0.154,-0.0494,-0.0325,-0.1594,-0.3394,-0.5503,-0.8142,-1.0957,-1.2558,-1.2261,-1.1024,-0.9768,-0.8794,-0.8909,-0.9027,-0.9137,-0.9225,-0.9271,-0.926,-0.9191,-0.9095,-0.9026,-0.904,-0.9234,-0.9601,-0.9367,-0.9213,-0.9415,-0.7438,-0.7486,-0.8234,-0.6499,-0.4783,-0.3601,-0.3077,-0.2387,-0.0696,0.2322,0.2976,-0.0184,-0.3041,-0.5814,-0.9577,-1.4128,-1.637,-1.4969,-1.254,-1.059,-0.8645,-0.873,-0.8811,-0.8878,-0.8924,-0.8937,-0.8913,-0.8855,-0.878,-0.8714,-0.868,-0.8687,-0.8676,-0.8607,-0.8937,-0.8984,-0.7599,-0.6958,-0.6838,-0.6815,-0.5732,-0.4703,-0.3944,-0.2908,-0.09,0.2702,0.3517,-0.0585,-0.3214,-0.5834,-0.9905,-1.5385,-1.7979,-1.5948,-1.3009,-1.0828,-0.8495,-0.8556,-0.8608,-0.8647,-0.8666,-0.866,-0.8627,-0.857,-0.8497,-0.8421,-0.8347,-0.8272,-0.8181,-0.8095,-0.8057,-0.781,-0.7205,-0.6728,-0.6566,-0.6423,-0.5851,-0.5338,-0.4832,-0.387,-0.251,-0.1674,-0.2937,-0.3216,-0.3785,-0.5405,-0.8446,-1.2626,-1.4943,-1.4011,-1.2028,-1.0344,-0.8349,-0.8391,-0.8423,-0.8441,-0.8442,-0.8423,-0.8382,-0.8322,-0.8247,-0.816,-0.8064,-0.7955,-0.7831,-0.7693,-0.7523,-0.7258,-0.6893,-0.6554,-0.6319,-0.6114,-0.5951,-0.6116,-0.6074,-0.5017,-0.3874,-0.3735,-0.472,-0.4221,-0.3887,-0.4574,-0.6446,-0.9049,-1.0866,-1.107,-1.0331,-0.9415,-0.8211,-0.8237,-0.8253,-0.8256,-0.8245,-0.8216,-0.817,-0.8106,-0.8027,-0.7934,-0.7827,-0.7704,-0.7564,-0.7402,-0.7207,-0.6967,-0.6691,-0.6423,-0.62,-0.605,-0.6113,-0.6667,-0.6878,-0.5724,-0.4586,-0.4137,-0.4144,-0.3793,-0.3174,-0.3572,-0.5023,-0.6811,-0.8205,-0.8811,-0.8774,-0.8432,-0.8081,-0.8095,-0.8099,-0.8091,-0.807,-0.8035,-0.7983,-0.7917,-0.7835,-0.7739,-0.7628,-0.7501,-0.7356,-0.7191,-0.7002,-0.6787,-0.6558,-0.6333,-0.6141,-0.602,-0.6062,-0.6313,-0.6314,-0.5644,-0.487,-0.4381,-0.4085,-0.3633,-0.307,-0.3403,-0.4517,-0.5774,-0.6803,-0.7422,-0.7648,-0.7613]}]