docs/data/wind_grid.json
[{"header":{"la1":42.85,"la2":41.18,"lo1":11.55,"lo2":14.05,"nx":36,"ny":24,"dx":0.07143,"dy":0.07261,"parameterCategory":2,"parameterNumber":2,"parameterNumberName":"eastward_wind","parameterUnit":"m.s-1"},"data":[-0.5332,-0.5439,-0.555,-0.5662,-0.577,-0.5861,-0.5919,-0.5927,-0.5873,-0.5763,-0.562,-0.5474,-0.5355,-0.5283,-0.5266,-0.53,-0.5367,-0.5443,-0.5498,-0.5507,-0.5461,-0.5365,-0.5236,-0.5092,-0.4946,-0.4807,-0.468,-0.4567,-0.4468,-0.4382,-0.4308,-0.4243,-0.4186,-0.4137,-0.4093,-0.4054,-0.544,-0.557,-0.5711,-0.5862,-0.6019,-0.6167,-0.6278,-0.6314,-0.6248,-0.6082,-0.5857,-0.563,-0.5452,-0.5353,-0.5345,-0.542,-0.5554,-0.5704,-0.5816,-0.5845,-0.5778,-0.5633,-0.5445,-0.5244,-0.5052,-0.4878,-0.4726,-0.4596,-0.4485,-0.4391,-0.4311,-0.4243,-0.4184,-0.4134,-0.4089,-0.4051,-0.555,-0.5704,-0.5879,-0.6081,-0.6309,-0.6552,-0.6766,-0.6875,-0.6803,-0.654,-0.6168,-0.5803,-0.5532,-0.5395,-0.5402,-0.5545,-0.5791,-0.6074,-0.6289,-0.6347,-0.6227,-0.5986,-0.5697,-0.5413,-0.516,-0.4944,-0.4764,-0.4615,-0.4493,-0.4392,-0.4308,-0.4238,-0.4179,-0.4128,-0.4084,-0.4046,-0.5658,-0.5837,-0.6046,-0.6303,-0.6626,-0.702,-0.7437,-0.7727,-0.7678,-0.7231,-0.6582,-0.5984,-0.5571,-0.538,-0.5412,-0.5658,-0.6093,-0.662,-0.7037,-0.7128,-0.6875,-0.6441,-0.5986,-0.5585,-0.5256,-0.4994,-0.4786,-0.4622,-0.4491,-0.4385,-0.43,-0.4229,-0.417,-0.412,-0.4077,-0.404,-0.5763,-0.5962,-0.62,-0.6505,-0.693,-0.7537,-0.8331,-0.9064,-0.9144,-0.8302,-0.7105,-0.6126,-0.5524,-0.5272,-0.5337,-0.572,-0.6443,-0.7426,-0.826,-0.8373,-0.7782,-0.698,-0.6274,-0.5728,-0.532,-0.5016,-0.4786,-0.4611,-0.4476,-0.4369,-0.4285,-0.4216,-0.4159,-0.4111,-0.4069,-0.4033,-0.5867,-0.6083,-0.6333,-0.6658,-0.7146,-0.7963,-0.9316,-1.1028,-1.1552,-0.98,-0.7593,-0.6114,-0.5325,-0.5027,-0.5125,-0.5642,-0.6714,-0.8436,-1.0126,-1.0181,-0.884,-0.7465,-0.6472,-0.5795,-0.5327,-0.4997,-0.4757,-0.458,-0.4447,-0.4345,-0.4264,-0.4199,-0.4145,-0.41,-0.4061,-0.4027,-0.5976,-0.621,-0.646,-0.6756,-0.7199,-0.8035,-0.9736,-1.2608,-1.3931,-1.0776,-0.7539,-0.5765,-0.4915,-0.4614,-0.4732,-0.5307,-0.6577,-0.8927,-1.1632,-1.1545,-0.9381,-0.7596,-0.6462,-0.5739,-0.5259,-0.4929,-0.4697,-0.453,-0.4407,-0.4313,-0.424,-0.4181,-0.4132,-0.4091,-0.4055,-0.4022,-0.61,-0.637,-0.6631,-0.6868,-0.7136,-0.7646,-0.8802,-1.086,-1.1685,-0.9026,-0.6433,-0.5003,-0.4293,-0.4045,-0.4163,-0.4682,-0.5816,-0.7825,-1.0067,-1.018,-0.8602,-0.7175,-0.6202,-0.5554,-0.5116,-0.4818,-0.4611,-0.4465,-0.4359,-0.4278,-0.4215,-0.4163,-0.412,-0.4083,-0.405,-0.402,-0.6241,-0.6591,-0.6931,-0.7159,-0.7202,-0.7198,-0.7348,-0.7534,-0.7092,-0.5876,-0.4797,-0.4035,-0.3543,-0.3374,-0.3505,-0.3909,-0.4852,-0.6265,-0.7521,-0.7844,-0.7289,-0.6498,-0.5806,-0.5286,-0.4922,-0.4677,-0.4511,-0.4396,-0.4311,-0.4246,-0.4194,-0.4151,-0.4114,-0.4081,-0.405,-0.4022,-0.6369,-0.6853,-0.7408,-0.783,-0.7708,-0.7177,-0.6638,-0.5748,-0.4195,-0.3276,-0.3376,-0.3133,-0.2717,-0.2619,-0.2985,-0.324,-0.4259,-0.5755,-0.6748,-0.6951,-0.6581,-0.5989,-0.5424,-0.4994,-0.4709,-0.4532,-0.4418,-0.4337,-0.4274,-0.4224,-0.4183,-0.4147,-0.4115,-0.4085,-0.4056,-0.4028,-0.6419,-0.7025,-0.7851,-0.8706,-0.8541,-0.7522,-0.6929,-0.5786,-0.23,-0.068,-0.2509,-0.2442,-0.1728,-0.138,-0.236,-0.3107,-0.455,-0.6886,-0.8017,-0.7577,-0.6605,-0.5724,-0.509,-0.4706,-0.4513,-0.4423,-0.4364,-0.431,-0.4261,-0.422,-0.4186,-0.4156,-0.4127,-0.4098,-0.407,-0.4041,-0.6319,-0.6919,-0.7732,-0.8555,-0.8401,-0.7739,-0.8174,-0.862,-0.5202,-0.243,-0.2722,-0.2031,-0.0661,0.1123,-0.0129,-0.2761,-0.6179,-1.1249,-1.2432,-0.9477,-0.695,-0.5471,-0.4712,-0.4417,-0.4389,-0.4422,-0.4396,-0.4335,-0.4281,-0.4241,-0.421,-0.4182,-0.4153,-0.4123,-0.4092,-0.4061,-0.6065,-0.6532,-0.7071,-0.7489,-0.7515,-0.7731,-0.9153,-1.1794,-0.893,-0.5047,-0.3044,-0.1974,-0.0844,0.1817,0.0689,-0.2818,-0.8066,-1.9264,-1.9461,-1.1013,-0.6717,-0.4831,-0.4145,-0.413,-0.4442,-0.4641,-0.4551,-0.4412,-0.4332,-0.429,-0.4259,-0.4228,-0.4194,-0.4159,-0.4123,-0.4087,-0.572,-0.6037,-0.6354,-0.6598,-0.6787,-0.7246,-0.8301,-0.9325,-0.8111,-0.4818,-0.2789,-0.2052,-0.1879,-0.1165,-0.1511,-0.3807,-0.7397,-1.3739,-1.4489,-0.8613,-0.4911,-0.3418,-0.3244,-0.3779,-0.4615,-0.4979,-0.4712,-0.4491,-0.4409,-0.4373,-0.4339,-0.4298,-0.4252,-0.4206,-0.4161,-0.4119,-0.5348,-0.5548,-0.5735,-0.5891,-0.6053,-0.6321,-0.6682,-0.6677,-0.542,-0.3268,-0.1912,-0.1962,-0.2341,-0.37,-0.2689,-0.5437,-0.8354,-0.7244,-0.6558,-0.3992,-0.1528,-0.1025,-0.1897,-0.3115,-0.426,-0.4738,-0.4628,-0.4548,-0.4535,-0.4511,-0.4458,-0.439,-0.432,-0.4256,-0.4201,-0.4152,-0.4983,-0.5098,-0.5193,-0.5261,-0.5306,-0.532,-0.5204,-0.4692,-0.3488,-0.1611,0.0664,-0.2239,-0.2315,-0.2334,-0.2512,-0.4546,-0.6657,-0.4357,-0.239,-0.0224,0.2559,0.1923,-0.043,-0.2274,-0.3581,-0.4296,-0.4613,-0.4769,-0.4802,-0.4738,-0.4619,-0.449,-0.4379,-0.4295,-0.4233,-0.4181,-0.4641,-0.4689,-0.4711,-0.4697,-0.4631,-0.4478,-0.416,-0.3553,-0.2558,-0.1152,0.0414,-0.0939,-0.1391,-0.1155,-0.111,-0.1406,-0.1649,-0.029,0.1178,0.1754,0.3266,0.2549,0.0182,-0.1864,-0.3493,-0.4642,-0.526,-0.5418,-0.5304,-0.507,-0.4799,-0.4554,-0.4386,-0.4295,-0.4243,-0.42,-0.4327,-0.4324,-0.429,-0.4213,-0.4074,-0.3844,-0.348,-0.294,-0.2226,-0.1443,-0.092,-0.0944,-0.0885,-0.0502,0.1608,0.275,0.2007,0.318,0.4689,0.3531,0.2708,0.1752,0.0079,-0.2015,-0.4239,-0.6123,-0.6873,-0.6595,-0.6044,-0.5477,-0.4937,-0.4501,-0.4272,-0.4219,-0.4219,-0.4206,-0.4045,-0.4003,-0.3929,-0.3811,-0.3635,-0.3381,-0.3033,-0.2583,-0.2059,-0.1533,-0.1101,-0.0722,-0.0097,0.1702,0.7162,0.9307,0.4689,0.4341,0.5413,0.6338,0.4389,0.2252,0.0218,-0.2282,-0.5406,-0.8439,-0.9115,-0.7973,-0.6882,-0.5909,-0.5006,-0.4287,-0.4012,-0.4082,-0.4179,-0.4207,-0.3796,-0.3727,-0.3626,-0.3484,-0.3292,-0.304,-0.2721,-0.2338,-0.1909,-0.146,-0.0992,-0.041,0.0576,0.2699,0.6728,0.8018,0.5187,0.5307,0.9318,1.1256,0.6305,0.3239,0.0949,-0.1976,-0.5751,-0.9102,-0.9741,-0.8988,-0.7699,-0.636,-0.5157,-0.4195,-0.3877,-0.4031,-0.418,-0.4224,-0.3578,-0.349,-0.3373,-0.322,-0.3025,-0.2783,-0.249,-0.215,-0.1769,-0.1348,-0.0862,-0.0233,0.0702,0.214,0.384,0.4527,0.4274,0.5069,0.7446,0.8223,0.5984,0.4488,0.2953,-0.0422,-0.5011,-0.9161,-1.2141,-1.1075,-0.8476,-0.6746,-0.5528,-0.4596,-0.4195,-0.4204,-0.4265,-0.4267,-0.339,-0.329,-0.3164,-0.3007,-0.2815,-0.2584,-0.2314,-0.2004,-0.1655,-0.1258,-0.0794,-0.0217,0.0526,0.1437,0.2333,0.292,0.3318,0.4025,0.5015,0.5511,0.5841,0.7565,0.771,0.2785,-0.3611,-0.9658,-1.4538,-1.2079,-0.8136,-0.6691,-0.5845,-0.5108,-0.4653,-0.4468,-0.4388,-0.432,-0.3229,-0.3122,-0.2992,-0.2836,-0.265,-0.2432,-0.2181,-0.1895,-0.1574,-0.1209,-0.0789,-0.0295,0.0281,0.0914,0.1523,0.204,0.2517,0.308,0.3739,0.4541,0.632,1.0235,1.1463,0.5318,-0.1751,-0.7121,-0.9903,-0.8504,-0.6395,-0.6245,-0.5905,-0.5359,-0.492,-0.4647,-0.4477,-0.4354,-0.3092,-0.2982,-0.2852,-0.2698,-0.252,-0.2315,-0.2082,-0.182,-0.1526,-0.1197,-0.0827,-0.0412,0.0045,0.0524,0.0994,0.1436,0.1871,0.2349,0.2931,0.3801,0.5426,0.7804,0.8079,0.4161,-0.085,-0.4692,-0.6628,-0.6617,-0.6124,-0.6071,-0.5791,-0.5358,-0.4976,-0.4696,-0.4498,-0.435]},{"header":{"la1":42.85,"la2":41.18,"lo1":11.55,"lo2":14.05,"nx":36,"ny":24,"dx":0.07143,"dy":0.07261,"parameterCategory":2,"parameterNumber":3,"parameterNumberName":"northward_wind","parameterUnit":"m.s-1"},"data":[-0.5805,-0.5742,-0.5662,-0.5568,-0.5462,-0.5353,-0.5253,-0.5176,-0.5128,-0.5107,-0.5096,-0.5075,-0.5024,-0.4934,-0.4803,-0.4637,-0.4454,-0.4276,-0.4129,-0.4032,-0.3994,-0.4005,-0.4053,-0.4122,-0.42,-0.4281,-0.4362,-0.4442,-0.452,-0.4596,-0.4671,-0.4745,-0.4816,-0.4886,-0.4952,-0.5016,-0.5848,-0.5775,-0.568,-0.556,-0.5418,-0.5264,-0.512,-0.5016,-0.4971,-0.4983,-0.502,-0.5042,-0.5015,-0.4923,-0.4764,-0.4545,-0.4291,-0.4039,-0.3836,-0.3718,-0.3695,-0.3746,-0.3841,-0.3953,-0.4067,-0.4176,-0.4279,-0.4375,-0.4467,-0.4555,-0.4641,-0.4724,-0.4805,-0.4883,-0.4957,-0.5027,-0.5902,-0.5821,-0.5708,-0.5555,-0.5358,-0.5128,-0.4899,-0.4732,-0.4687,-0.4765,-0.49,-0.5006,-0.5026,-0.4939,-0.4743,-0.4446,-0.4079,-0.37,-0.3401,-0.3258,-0.3279,-0.3412,-0.3589,-0.3767,-0.3929,-0.4071,-0.4197,-0.431,-0.4416,-0.4517,-0.4614,-0.4708,-0.4799,-0.4886,-0.4968,-0.5046,-0.5969,-0.5884,-0.5756,-0.5566,-0.5295,-0.4938,-0.4537,-0.4219,-0.4154,-0.4374,-0.4713,-0.4976,-0.5077,-0.5004,-0.4762,-0.4356,-0.3807,-0.3199,-0.2719,-0.2549,-0.2692,-0.2991,-0.3305,-0.3575,-0.3794,-0.3971,-0.412,-0.4251,-0.4371,-0.4484,-0.4593,-0.4699,-0.48,-0.4897,-0.4989,-0.5075,-0.6052,-0.5971,-0.5837,-0.5618,-0.5264,-0.472,-0.3987,-0.3289,-0.3126,-0.3681,-0.4451,-0.4985,-0.5201,-0.5148,-0.4859,-0.4318,-0.3494,-0.2462,-0.1604,-0.1429,-0.1882,-0.2501,-0.3021,-0.3403,-0.3678,-0.3886,-0.4053,-0.4198,-0.433,-0.4456,-0.4578,-0.4696,-0.4811,-0.4919,-0.5021,-0.5115,-0.6148,-0.6081,-0.5962,-0.5745,-0.5341,-0.4598,-0.3338,-0.1755,-0.1233,-0.2612,-0.4222,-0.5122,-0.5444,-0.5407,-0.5088,-0.4427,-0.3272,-0.1537,0.0105,0.0197,-0.0946,-0.2062,-0.2812,-0.3286,-0.3598,-0.3822,-0.3999,-0.4153,-0.4296,-0.4434,-0.457,-0.4703,-0.4832,-0.4954,-0.5068,-0.5171,-0.625,-0.6206,-0.6123,-0.5961,-0.5612,-0.4837,-0.3189,-0.0437,0.0806,-0.1934,-0.4451,-0.5533,-0.5846,-0.5805,-0.5506,-0.4829,-0.3481,-0.1116,0.1498,0.143,-0.0473,-0.1933,-0.2772,-0.3257,-0.3562,-0.3779,-0.3954,-0.4112,-0.4265,-0.4418,-0.4571,-0.4722,-0.4868,-0.5007,-0.5134,-0.5247,-0.6343,-0.6316,-0.6274,-0.6213,-0.6064,-0.5611,-0.4437,-0.2299,-0.1397,-0.3738,-0.564,-0.6283,-0.6381,-0.6327,-0.6163,-0.5637,-0.4403,-0.2287,-0.0019,0.0151,-0.1187,-0.228,-0.2926,-0.3309,-0.356,-0.3748,-0.3912,-0.4072,-0.4236,-0.4406,-0.4581,-0.4755,-0.4924,-0.5081,-0.5224,-0.5348,-0.6411,-0.637,-0.632,-0.6325,-0.6455,-0.6601,-0.6518,-0.6262,-0.6534,-0.7327,-0.7506,-0.7197,-0.6921,-0.6901,-0.713,-0.696,-0.5753,-0.4087,-0.267,-0.2166,-0.2431,-0.2842,-0.3161,-0.3387,-0.3559,-0.3709,-0.3859,-0.4022,-0.4202,-0.4398,-0.4602,-0.4807,-0.5004,-0.5186,-0.5346,-0.5482,-0.6455,-0.6354,-0.6164,-0.6009,-0.6345,-0.7264,-0.8229,-0.9295,-1.0836,-1.1272,-0.9512,-0.7963,-0.7281,-0.7335,-0.8435,-0.9052,-0.6917,-0.51,-0.4002,-0.3431,-0.3238,-0.3245,-0.3322,-0.3419,-0.3523,-0.3638,-0.3778,-0.3952,-0.416,-0.4393,-0.464,-0.4887,-0.5122,-0.5333,-0.5514,-0.566,-0.6507,-0.6339,-0.5924,-0.5274,-0.5578,-0.7561,-0.9414,-1.103,-1.4223,-1.584,-1.0971,-0.823,-0.7369,-0.7397,-0.8296,-0.9093,-0.6715,-0.5092,-0.4286,-0.3805,-0.3508,-0.3365,-0.3331,-0.3361,-0.3423,-0.3515,-0.3654,-0.3853,-0.4105,-0.4395,-0.4703,-0.5008,-0.5292,-0.554,-0.5742,-0.5896,-0.6605,-0.6464,-0.6083,-0.5473,-0.5918,-0.8286,-1.0477,-1.1687,-1.2893,-1.3568,-1.0084,-0.7824,-0.7321,-0.81,-0.7276,-0.6408,-0.5259,-0.4521,-0.4207,-0.3773,-0.3421,-0.3233,-0.3182,-0.3209,-0.3259,-0.3331,-0.3477,-0.3721,-0.4043,-0.4414,-0.4808,-0.5193,-0.5543,-0.5835,-0.6058,-0.6211,-0.6745,-0.6729,-0.6657,-0.6696,-0.7466,-0.9236,-1.1228,-1.2053,-1.2282,-1.0508,-0.8499,-0.7347,-0.6812,-0.7949,-0.6656,-0.4771,-0.3689,-0.4473,-0.449,-0.3543,-0.3051,-0.2861,-0.2883,-0.2997,-0.3079,-0.3119,-0.3268,-0.3573,-0.3988,-0.4471,-0.4984,-0.5481,-0.5918,-0.626,-0.6495,-0.6631,-0.6876,-0.6977,-0.7135,-0.7478,-0.8219,-0.9426,-1.0912,-1.2376,-1.1647,-0.9216,-0.7534,-0.7528,-0.711,-0.101,-0.3631,-0.179,-0.0022,-0.2496,-0.3373,-0.2755,-0.2264,-0.2142,-0.2396,-0.2753,-0.2979,-0.3007,-0.3121,-0.3462,-0.3972,-0.4597,-0.5277,-0.5932,-0.6485,-0.6881,-0.7108,-0.7192,-0.6951,-0.7108,-0.7338,-0.7699,-0.8249,-0.8974,-0.9723,-1.0087,-0.9359,-0.7886,-0.679,-0.6054,-0.3848,-0.0246,-0.1906,0.3454,1.0448,0.2199,-0.1297,-0.1504,-0.0688,-0.0732,-0.1617,-0.2394,-0.2836,-0.2974,-0.3063,-0.3393,-0.4001,-0.4823,-0.5753,-0.6649,-0.7363,-0.7801,-0.7966,-0.7931,-0.6959,-0.7121,-0.7334,-0.7615,-0.7964,-0.8329,-0.858,-0.849,-0.7895,-0.7075,-0.675,-0.6011,-0.518,-0.3408,-0.2379,0.243,0.7186,0.1711,-0.1189,-0.0525,0.2329,0.1611,-0.0722,-0.1945,-0.2432,-0.2611,-0.276,-0.3181,-0.4002,-0.516,-0.6506,-0.78,-0.8746,-0.9176,-0.9158,-0.8881,-0.6914,-0.7052,-0.7218,-0.7407,-0.7601,-0.7752,-0.7779,-0.7593,-0.719,-0.6767,-0.6661,-0.6254,-0.6501,-0.6587,-0.4261,-0.2122,-0.0937,-0.2236,-0.3203,-0.137,0.2648,0.1795,-0.0687,-0.1713,-0.1835,-0.1655,-0.1757,-0.2507,-0.3839,-0.5601,-0.7662,-0.9652,-1.0937,-1.1202,-1.0746,-1.0026,-0.6833,-0.694,-0.7055,-0.717,-0.7263,-0.7304,-0.7251,-0.7079,-0.6813,-0.6547,-0.636,-0.627,-0.6826,-0.6893,-0.5656,-0.4973,-0.4201,-0.5099,-0.647,-0.4022,-0.1596,-0.1083,-0.1658,-0.1738,-0.092,0.0394,0.0565,-0.11,-0.3453,-0.6125,-0.9291,-1.2495,-1.426,-1.3963,-1.2633,-1.1235,-0.6734,-0.681,-0.6883,-0.6945,-0.698,-0.6968,-0.6893,-0.6749,-0.6559,-0.6365,-0.6209,-0.6138,-0.6205,-0.6265,-0.7022,-0.7444,-0.5614,-0.5481,-0.5952,-0.486,-0.3769,-0.3037,-0.2681,-0.1914,0.0162,0.3836,0.4592,0.0587,-0.3161,-0.6659,-1.1021,-1.5927,-1.8231,-1.6823,-1.4303,-1.2192,-0.6628,-0.6679,-0.6721,-0.6748,-0.6749,-0.6713,-0.6635,-0.6516,-0.6368,-0.6217,-0.6086,-0.6001,-0.5994,-0.6171,-0.6874,-0.7059,-0.5831,-0.5245,-0.5105,-0.5067,-0.459,-0.414,-0.3665,-0.2581,-0.0158,0.4244,0.5209,-0.0077,-0.37,-0.7058,-1.1612,-1.7273,-1.9831,-1.7836,-1.4841,-1.2503,-0.6525,-0.6555,-0.6575,-0.6579,-0.6562,-0.6517,-0.6442,-0.6339,-0.6219,-0.6095,-0.5981,-0.5897,-0.5867,-0.5936,-0.6092,-0.6007,-0.5556,-0.5198,-0.5068,-0.5036,-0.506,-0.5254,-0.5079,-0.3996,-0.2329,-0.1297,-0.2815,-0.3544,-0.5095,-0.7405,-1.0581,-1.4675,-1.6906,-1.5949,-1.3881,-1.2041,-0.6427,-0.6442,-0.6447,-0.6437,-0.641,-0.6361,-0.6291,-0.6202,-0.61,-0.5994,-0.5894,-0.581,-0.5755,-0.5732,-0.5707,-0.5595,-0.5393,-0.5222,-0.5175,-0.5316,-0.5898,-0.7081,-0.7361,-0.5806,-0.426,-0.4017,-0.4821,-0.5133,-0.7035,-0.8285,-0.9529,-1.1535,-1.304,-1.308,-1.2191,-1.1105,-0.6337,-0.6341,-0.6336,-0.6318,-0.6285,-0.6236,-0.6171,-0.6092,-0.6004,-0.5911,-0.5821,-0.5739,-0.5669,-0.5609,-0.5542,-0.5451,-0.5348,-0.529,-0.5355,-0.5685,-0.6618,-0.8348,-0.8846,-0.6956,-0.5387,-0.4981,-0.5414,-0.7249,-1.0098,-0.9802,-0.9314,-0.9867,-1.0631,-1.0901,-1.0637,-1.01,-0.6256,-0.6253,-0.624,-0.6217,-0.6182,-0.6134,-0.6075,-0.6004,-0.5926,-0.5844,-0.5762,-0.5684,-0.5612,-0.5544,-0.5476,-0.5409,-0.536,-0.5364,-0.5485,-0.5832,-0.6562,-0.7559,-0.7775,-0.6797,-0.5893,-0.5737,-0.6464,-0.8442,-1.0503,-1.0064,-0.9208,-0.911,-0.9375,-0.9556,-0.9497,-0.9245]}]