docs/data/wind_grid.json
[{"header":{"la1":42.85,"la2":41.18,"lo1":11.55,"lo2":14.05,"nx":36,"ny":24,"dx":0.07143,"dy":0.07261,"parameterCategory":2,"parameterNumber":2,"parameterNumberName":"eastward_wind","parameterUnit":"m.s-1"},"data":[-1.0208,-1.0307,-1.0417,-1.0537,-1.0661,-1.0781,-1.0884,-1.0961,-1.1009,-1.1045,-1.1099,-1.1208,-1.1398,-1.1666,-1.1955,-1.2169,-1.2211,-1.2057,-1.1762,-1.1411,-1.1064,-1.0752,-1.0481,-1.0248,-1.0047,-0.9873,-0.972,-0.9585,-0.9464,-0.9356,-0.9258,-0.917,-0.9091,-0.902,-0.8956,-0.8899,-1.0242,-1.0358,-1.0493,-1.0646,-1.0812,-1.098,-1.1125,-1.1224,-1.1261,-1.1258,-1.127,-1.1372,-1.1627,-1.2051,-1.2567,-1.2978,-1.3061,-1.2774,-1.2273,-1.1737,-1.1259,-1.0861,-1.0538,-1.0272,-1.0049,-0.986,-0.9696,-0.9552,-0.9425,-0.9311,-0.921,-0.9118,-0.9036,-0.8963,-0.8897,-0.884,-1.0268,-1.0403,-1.0566,-1.0762,-1.0991,-1.1239,-1.1468,-1.1618,-1.1641,-1.1553,-1.1459,-1.1502,-1.1811,-1.2459,-1.3373,-1.4172,-1.4315,-1.373,-1.2856,-1.205,-1.1415,-1.0933,-1.0563,-1.027,-1.0031,-0.983,-0.9658,-0.9507,-0.9374,-0.9256,-0.9151,-0.9056,-0.8972,-0.8897,-0.883,-0.8771,-1.0282,-1.0432,-1.0625,-1.0872,-1.1187,-1.1566,-1.1961,-1.2247,-1.2268,-1.201,-1.1681,-1.156,-1.186,-1.2745,-1.4232,-1.5714,-1.5926,-1.4768,-1.3349,-1.2246,-1.1478,-1.094,-1.0545,-1.0239,-0.9991,-0.9783,-0.9604,-0.9449,-0.9311,-0.919,-0.9081,-0.8984,-0.8897,-0.882,-0.8753,-0.8694,-1.0278,-1.0439,-1.0654,-1.0949,-1.1363,-1.1934,-1.2642,-1.3272,-1.3366,-1.2757,-1.1952,-1.1499,-1.1657,-1.261,-1.4498,-1.6633,-1.6901,-1.5194,-1.3408,-1.2186,-1.14,-1.0869,-1.0481,-1.0177,-0.9928,-0.9717,-0.9535,-0.9376,-0.9235,-0.9111,-0.8999,-0.8899,-0.8811,-0.8732,-0.8664,-0.8605,-1.0252,-1.0414,-1.0635,-1.0956,-1.1446,-1.222,-1.3401,-1.4786,-1.5195,-1.385,-1.2184,-1.1247,-1.1134,-1.1846,-1.3415,-1.5233,-1.5545,-1.4224,-1.2811,-1.1835,-1.1191,-1.0735,-1.0382,-1.0092,-0.9846,-0.9634,-0.945,-0.9288,-0.9145,-0.9018,-0.8904,-0.8802,-0.8711,-0.8631,-0.8562,-0.8504,-1.0206,-1.0355,-1.0559,-1.086,-1.1341,-1.2176,-1.3684,-1.5976,-1.697,-1.4541,-1.1971,-1.0678,-1.0325,-1.0663,-1.1553,-1.2565,-1.2924,-1.2507,-1.1887,-1.1364,-1.0946,-1.059,-1.0276,-0.9996,-0.975,-0.9536,-0.9349,-0.9185,-0.904,-0.8911,-0.8794,-0.869,-0.8596,-0.8515,-0.8445,-0.8387,-1.0145,-1.0271,-1.0437,-1.067,-1.1028,-1.1639,-1.276,-1.4521,-1.5182,-1.2978,-1.0818,-0.9713,-0.9306,-0.9395,-0.9872,-1.0517,-1.1012,-1.1216,-1.12,-1.1046,-1.0799,-1.05,-1.019,-0.9899,-0.9642,-0.942,-0.923,-0.9066,-0.892,-0.8789,-0.8669,-0.8561,-0.8464,-0.838,-0.831,-0.8253,-1.0077,-1.0178,-1.03,-1.0449,-1.0635,-1.0873,-1.1171,-1.1395,-1.1004,-0.995,-0.9088,-0.8518,-0.8161,-0.8124,-0.8499,-0.9213,-1.0032,-1.0709,-1.1078,-1.1102,-1.0869,-1.0512,-1.0137,-0.9799,-0.9515,-0.9283,-0.9092,-0.8928,-0.8783,-0.865,-0.8527,-0.8413,-0.8311,-0.8223,-0.8151,-0.8097,-1.0012,-1.0095,-1.0186,-1.0279,-1.0353,-1.0352,-1.0132,-0.9398,-0.8,-0.7235,-0.7519,-0.7397,-0.6936,-0.6703,-0.7142,-0.8278,-0.9758,-1.108,-1.1767,-1.1716,-1.1228,-1.063,-1.0093,-0.967,-0.9352,-0.9115,-0.8929,-0.8772,-0.863,-0.8495,-0.8365,-0.8243,-0.8132,-0.8038,-0.7964,-0.7912,-0.9956,-1.003,-1.0114,-1.0203,-1.0285,-1.0313,-1.0127,-0.9132,-0.6062,-0.4652,-0.6576,-0.6561,-0.5578,-0.4778,-0.5389,-0.744,-1.022,-1.2812,-1.3817,-1.3111,-1.1858,-1.0763,-0.9978,-0.9459,-0.9125,-0.8902,-0.8739,-0.8599,-0.8464,-0.8324,-0.8182,-0.8043,-0.7918,-0.7815,-0.7739,-0.7692,-0.9907,-0.9983,-1.0077,-1.02,-1.0373,-1.0638,-1.103,-1.1114,-0.849,-0.6306,-0.6858,-0.6105,-0.4254,-0.1866,-0.3019,-0.6742,-1.1728,-1.7381,-1.8479,-1.5337,-1.2466,-1.0664,-0.9638,-0.9087,-0.88,-0.864,-0.8528,-0.8418,-0.8291,-0.814,-0.7974,-0.7806,-0.7656,-0.7538,-0.7461,-0.7424,-0.9861,-0.9939,-1.0046,-1.0202,-1.0456,-1.091,-1.1744,-1.2827,-1.1629,-0.8988,-0.7444,-0.602,-0.4457,-0.099,-0.2168,-0.7019,-1.351,-2.4664,-2.4858,-1.6827,-1.2175,-0.9892,-0.8869,-0.848,-0.8366,-0.8342,-0.8316,-0.8249,-0.8124,-0.7946,-0.7733,-0.7515,-0.7324,-0.7185,-0.7109,-0.7093,-0.9812,-0.9889,-0.9996,-1.0155,-1.0407,-1.0825,-1.1474,-1.2154,-1.1474,-0.9507,-0.792,-0.5987,-0.5299,-0.504,-0.5558,-0.8713,-1.2961,-1.9395,-2.0139,-1.4164,-0.9913,-0.7975,-0.7507,-0.7625,-0.7864,-0.8057,-0.815,-0.8125,-0.7984,-0.7746,-0.7446,-0.7139,-0.6881,-0.6716,-0.6653,-0.6677,-0.9758,-0.9827,-0.992,-1.0051,-1.0239,-1.0496,-1.0785,-1.0886,-1.0412,-0.9675,-0.9164,-0.8274,-0.7148,-0.6903,-0.7512,-1.1126,-1.4197,-1.3164,-1.227,-0.8974,-0.545,-0.4601,-0.5592,-0.6667,-0.7423,-0.7886,-0.8102,-0.8099,-0.7902,-0.7544,-0.7085,-0.6622,-0.626,-0.6069,-0.6049,-0.6155,-0.9698,-0.9755,-0.9827,-0.9919,-1.0033,-1.0156,-1.0241,-1.0204,-1.0063,-1.0222,-1.1225,-1.0756,-0.9689,-0.8427,-0.8836,-1.0962,-1.2837,-1.0622,-0.8162,-0.4521,0.0584,-0.032,-0.3794,-0.6,-0.7262,-0.7968,-0.8271,-0.824,-0.7916,-0.734,-0.66,-0.5867,-0.5347,-0.5155,-0.5248,-0.551,-0.9636,-0.9679,-0.973,-0.9789,-0.9851,-0.9905,-0.9931,-0.9929,-0.9986,-1.0355,-1.1135,-1.0754,-1.113,-1.1423,-0.9835,-0.967,-0.9233,-0.703,-0.4747,-0.2982,0.1392,0.0191,-0.3636,-0.6096,-0.7583,-0.8443,-0.8767,-0.8621,-0.8069,-0.7137,-0.5918,-0.472,-0.3978,-0.3874,-0.4226,-0.4759,-0.9575,-0.9605,-0.9639,-0.9674,-0.9708,-0.9735,-0.9753,-0.9779,-0.9866,-1.0071,-1.0308,-1.048,-1.1397,-1.158,-1.0157,-0.9446,-0.7707,-0.3455,0.0037,-0.2891,-0.297,-0.3333,-0.5106,-0.6908,-0.8372,-0.936,-0.9641,-0.9267,-0.839,-0.696,-0.4996,-0.3042,-0.2037,-0.2235,-0.3066,-0.3992,-0.9516,-0.9536,-0.9557,-0.9578,-0.9597,-0.9613,-0.9629,-0.9659,-0.9722,-0.9827,-0.9954,-1.0119,-1.0361,-1.0334,-1.0427,-1.0529,-0.7997,-0.4105,-0.2001,-0.4658,-0.5235,-0.5635,-0.6585,-0.7867,-0.9257,-1.0405,-1.0616,-0.9988,-0.8838,-0.691,-0.4058,-0.1137,0.0071,-0.0662,-0.2088,-0.3409,-0.9461,-0.9473,-0.9486,-0.9497,-0.9507,-0.9516,-0.9528,-0.9549,-0.9586,-0.9641,-0.9707,-0.9778,-0.9835,-0.9876,-1.0171,-1.012,-0.8294,-0.6346,-0.6423,-0.6928,-0.6503,-0.69,-0.7643,-0.8587,-0.9737,-1.0702,-1.0868,-1.0506,-0.9363,-0.7185,-0.3858,-0.0431,0.0851,-0.0137,-0.1793,-0.3244,-0.941,-0.9417,-0.9423,-0.9427,-0.9431,-0.9435,-0.944,-0.945,-0.9466,-0.9487,-0.9508,-0.952,-0.9513,-0.9492,-0.9446,-0.9097,-0.8176,-0.721,-0.6878,-0.6953,-0.7259,-0.7944,-0.855,-0.9101,-0.9968,-1.1009,-1.1947,-1.1521,-1.0028,-0.7815,-0.4827,-0.1895,-0.0617,-0.1154,-0.2388,-0.3583,-0.9363,-0.9365,-0.9366,-0.9366,-0.9365,-0.9363,-0.9361,-0.936,-0.936,-0.9357,-0.9348,-0.9324,-0.9274,-0.9186,-0.902,-0.8689,-0.8174,-0.767,-0.7428,-0.756,-0.818,-0.9144,-0.9525,-0.9504,-1.0101,-1.1426,-1.2779,-1.2119,-1.0407,-0.842,-0.6161,-0.4079,-0.2939,-0.2915,-0.3515,-0.4269,-0.932,-0.9319,-0.9316,-0.9312,-0.9306,-0.9299,-0.929,-0.928,-0.9267,-0.9249,-0.922,-0.9174,-0.9102,-0.8989,-0.8817,-0.8565,-0.826,-0.7999,-0.7917,-0.8147,-0.8827,-0.9802,-1.0033,-0.9695,-0.9969,-1.0836,-1.156,-1.1243,-1.012,-0.8683,-0.7128,-0.5724,-0.4813,-0.4521,-0.4682,-0.5057,-0.928,-0.9276,-0.927,-0.9263,-0.9253,-0.9242,-0.9228,-0.9211,-0.9189,-0.916,-0.912,-0.9064,-0.8984,-0.8875,-0.8728,-0.8549,-0.8364,-0.8232,-0.8233,-0.845,-0.8931,-0.9504,-0.9695,-0.9587,-0.9722,-1.0124,-1.0419,-1.025,-0.9609,-0.869,-0.767,-0.6729,-0.6043,-0.5694,-0.5641,-0.5777]},{"header":{"la1":42.85,"la2":41.18,"lo1":11.55,"lo2":14.05,"nx":36,"ny":24,"dx":0.07143,"dy":0.07261,"parameterCategory":2,"parameterNumber":3,"parameterNumberName":"northward_wind","parameterUnit":"m.s-1"},"data":[-0.4143,-0.3994,-0.3823,-0.3635,-0.3444,-0.3273,-0.3153,-0.3118,-0.3193,-0.338,-0.3659,-0.3999,-0.4364,-0.4723,-0.5035,-0.5253,-0.5342,-0.5303,-0.5178,-0.5015,-0.4853,-0.4709,-0.4591,-0.4497,-0.4428,-0.4379,-0.4348,-0.4332,-0.4329,-0.4337,-0.4354,-0.4377,-0.4405,-0.4436,-0.4469,-0.4502,-0.4144,-0.3962,-0.3741,-0.3484,-0.3203,-0.2929,-0.2713,-0.262,-0.27,-0.2963,-0.3369,-0.3858,-0.438,-0.4901,-0.537,-0.57,-0.5803,-0.5684,-0.5441,-0.5173,-0.4933,-0.4739,-0.4588,-0.4476,-0.4396,-0.4343,-0.4311,-0.4298,-0.4299,-0.4313,-0.4336,-0.4366,-0.4401,-0.4439,-0.4478,-0.4517,-0.4171,-0.3955,-0.3677,-0.333,-0.292,-0.2479,-0.2084,-0.1863,-0.1933,-0.2322,-0.2935,-0.3644,-0.4378,-0.5121,-0.584,-0.6371,-0.6487,-0.6197,-0.5745,-0.5323,-0.499,-0.4742,-0.4562,-0.4434,-0.4347,-0.4292,-0.4263,-0.4255,-0.4263,-0.4285,-0.4317,-0.4356,-0.44,-0.4446,-0.4493,-0.4539,-0.4238,-0.3994,-0.3658,-0.3207,-0.2622,-0.1915,-0.1187,-0.0678,-0.0693,-0.1318,-0.2301,-0.3339,-0.4323,-0.531,-0.6359,-0.7228,-0.7355,-0.6752,-0.6002,-0.5408,-0.4989,-0.47,-0.4501,-0.4365,-0.4277,-0.4225,-0.4202,-0.4202,-0.4221,-0.4253,-0.4297,-0.4348,-0.4403,-0.4459,-0.4515,-0.4569,-0.4358,-0.4101,-0.3723,-0.3174,-0.2385,-0.1298,0.0032,0.1197,0.1378,0.0239,-0.1457,-0.2972,-0.419,-0.5313,-0.6564,-0.773,-0.7871,-0.6983,-0.6028,-0.5346,-0.4896,-0.4597,-0.4397,-0.4265,-0.4183,-0.414,-0.4128,-0.414,-0.4172,-0.422,-0.4278,-0.4343,-0.4412,-0.4481,-0.4547,-0.4609,-0.4543,-0.43,-0.3918,-0.3316,-0.2363,-0.0861,0.1366,0.3898,0.4658,0.2357,-0.0623,-0.2712,-0.405,-0.5074,-0.6103,-0.7048,-0.7194,-0.6491,-0.5693,-0.5103,-0.4702,-0.4431,-0.425,-0.4132,-0.4064,-0.4035,-0.4039,-0.4069,-0.4119,-0.4185,-0.4262,-0.4345,-0.4431,-0.4514,-0.4593,-0.4664,-0.4795,-0.4604,-0.4278,-0.3721,-0.2762,-0.1085,0.1821,0.599,0.773,0.3699,-0.0532,-0.2864,-0.4085,-0.4833,-0.5418,-0.5867,-0.5944,-0.5609,-0.5143,-0.4739,-0.4433,-0.4213,-0.4063,-0.3968,-0.392,-0.3912,-0.3936,-0.3988,-0.4062,-0.4152,-0.4252,-0.4358,-0.4463,-0.4564,-0.4657,-0.4739,-0.5107,-0.5007,-0.4803,-0.4415,-0.3691,-0.2357,0.0017,0.3452,0.4771,0.1373,-0.1882,-0.3575,-0.4405,-0.4829,-0.5055,-0.5151,-0.5098,-0.4896,-0.4623,-0.4356,-0.4133,-0.3962,-0.3844,-0.3775,-0.3752,-0.3769,-0.382,-0.39,-0.4003,-0.4123,-0.4253,-0.4386,-0.4516,-0.4637,-0.4746,-0.4838,-0.5455,-0.5476,-0.545,-0.5327,-0.502,-0.4391,-0.3317,-0.2075,-0.181,-0.2827,-0.3879,-0.4552,-0.4926,-0.5079,-0.5054,-0.4902,-0.4686,-0.4451,-0.4223,-0.4013,-0.3832,-0.369,-0.3597,-0.3554,-0.3559,-0.3606,-0.369,-0.3806,-0.3945,-0.4103,-0.4269,-0.4437,-0.4597,-0.4743,-0.4868,-0.4971,-0.5807,-0.5961,-0.6135,-0.632,-0.6487,-0.6566,-0.6432,-0.5997,-0.5482,-0.5265,-0.5286,-0.5382,-0.5505,-0.554,-0.5333,-0.4918,-0.4488,-0.4168,-0.3934,-0.3726,-0.354,-0.3399,-0.3318,-0.3299,-0.3336,-0.3422,-0.3547,-0.3706,-0.3891,-0.4096,-0.431,-0.4522,-0.4719,-0.4893,-0.5037,-0.5149,-0.6122,-0.64,-0.6764,-0.7245,-0.7873,-0.8628,-0.925,-0.8817,-0.633,-0.5283,-0.5923,-0.5937,-0.6103,-0.6317,-0.5946,-0.5066,-0.4319,-0.398,-0.3791,-0.3524,-0.3255,-0.3071,-0.299,-0.2999,-0.3079,-0.3212,-0.3388,-0.3601,-0.3845,-0.4111,-0.4387,-0.4655,-0.4899,-0.5106,-0.5269,-0.5385,-0.6365,-0.6737,-0.7244,-0.7956,-0.8974,-1.0423,-1.2287,-1.3339,-0.972,-0.6747,-0.6524,-0.6248,-0.6652,-0.7769,-0.7023,-0.5102,-0.3948,-0.4095,-0.4105,-0.3462,-0.2931,-0.2652,-0.2573,-0.2633,-0.2777,-0.2974,-0.3213,-0.3492,-0.381,-0.4156,-0.4514,-0.4858,-0.5163,-0.5409,-0.5587,-0.5699,-0.6512,-0.693,-0.7505,-0.8324,-0.9529,-1.1359,-1.4088,-1.6976,-1.4452,-0.9272,-0.6844,-0.6386,-0.6511,-0.8177,-0.7287,-0.411,-0.2772,-0.5057,-0.5147,-0.3307,-0.2385,-0.202,-0.2,-0.2172,-0.2423,-0.2704,-0.3016,-0.3374,-0.3786,-0.4243,-0.4716,-0.5166,-0.555,-0.584,-0.6025,-0.6115,-0.6551,-0.6964,-0.7521,-0.8294,-0.9396,-1.0982,-1.3126,-1.5152,-1.3469,-0.8702,-0.6206,-0.6631,-0.6721,-0.3416,-0.3943,-0.0456,0.2075,-0.197,-0.3331,-0.2158,-0.1263,-0.0938,-0.1167,-0.1603,-0.2024,-0.2401,-0.2785,-0.3232,-0.3769,-0.4383,-0.5028,-0.5632,-0.6124,-0.6458,-0.6628,-0.6664,-0.6494,-0.6858,-0.7328,-0.794,-0.8734,-0.9714,-1.0711,-1.1011,-0.931,-0.6271,-0.4367,-0.4274,-0.3756,-0.2111,-0.1731,0.6607,1.5868,0.4895,-0.0117,-0.0391,0.0897,0.1028,-0.0009,-0.098,-0.1615,-0.2053,-0.2478,-0.3024,-0.3737,-0.4591,-0.5501,-0.6343,-0.6984,-0.735,-0.7457,-0.7376,-0.6362,-0.6652,-0.7002,-0.7414,-0.787,-0.8291,-0.8461,-0.7961,-0.639,-0.3916,-0.1228,-0.273,-0.297,-0.2558,-0.1071,0.5455,1.1618,0.3996,-0.0368,0.0681,0.4835,0.4039,0.1106,-0.0532,-0.1251,-0.1598,-0.1986,-0.2656,-0.3645,-0.4879,-0.6219,-0.744,-0.8286,-0.8637,-0.8573,-0.827,-0.6183,-0.6394,-0.6625,-0.6859,-0.7057,-0.7132,-0.6936,-0.6276,-0.5034,-0.3261,-0.1437,-0.2253,-0.2527,-0.2311,-0.1911,-0.0179,0.0544,-0.2527,-0.473,-0.1289,0.514,0.4146,0.092,-0.0551,-0.0892,-0.0809,-0.1034,-0.195,-0.3425,-0.5261,-0.729,-0.9127,-1.0241,-1.0438,-1.0003,-0.9318,-0.5985,-0.6124,-0.6257,-0.6361,-0.6399,-0.6309,-0.6011,-0.5437,-0.4589,-0.3615,-0.2909,-0.2789,-0.2547,-0.251,-0.3224,-0.3473,-0.4087,-0.8459,-1.2755,-0.6525,-0.1359,-0.0039,-0.0648,-0.092,-0.0307,0.0816,0.0898,-0.0731,-0.3078,-0.5743,-0.8764,-1.1555,-1.2962,-1.2716,-1.1616,-1.039,-0.5788,-0.5869,-0.593,-0.5952,-0.5906,-0.5756,-0.5466,-0.5024,-0.4465,-0.3896,-0.3474,-0.3261,-0.3202,-0.3592,-0.5076,-0.5679,-0.5468,-0.8429,-1.071,-0.7325,-0.4641,-0.2824,-0.204,-0.1314,0.0422,0.3507,0.4096,0.0545,-0.2947,-0.628,-1.0301,-1.4228,-1.5837,-1.4863,-1.2968,-1.1213,-0.5604,-0.5642,-0.5656,-0.5631,-0.5548,-0.5388,-0.514,-0.4809,-0.4429,-0.4064,-0.3784,-0.3642,-0.37,-0.4143,-0.5117,-0.5501,-0.5476,-0.6516,-0.7044,-0.6974,-0.5451,-0.3802,-0.2789,-0.1881,-0.0099,0.3585,0.4367,-0.0738,-0.3808,-0.6732,-1.0878,-1.5223,-1.6875,-1.5581,-1.34,-1.1477,-0.5439,-0.5449,-0.5434,-0.5384,-0.5289,-0.5141,-0.4938,-0.469,-0.4422,-0.4173,-0.3985,-0.3899,-0.3963,-0.4225,-0.4629,-0.4912,-0.5169,-0.569,-0.6207,-0.6142,-0.4966,-0.3689,-0.2986,-0.2614,-0.2291,-0.2848,-0.614,-0.6091,-0.5596,-0.6987,-1.0036,-1.3457,-1.501,-1.4292,-1.2664,-1.1078,-0.5296,-0.5287,-0.5255,-0.5196,-0.5102,-0.4972,-0.4808,-0.4619,-0.4424,-0.4247,-0.4116,-0.4058,-0.4093,-0.423,-0.443,-0.4632,-0.4844,-0.5088,-0.5216,-0.4914,-0.3977,-0.2865,-0.2524,-0.2907,-0.3806,-0.6322,-0.9744,-0.8454,-0.6727,-0.7027,-0.877,-1.0897,-1.2142,-1.2084,-1.1251,-1.0227,-0.5175,-0.5154,-0.5114,-0.5052,-0.4965,-0.4853,-0.472,-0.4574,-0.4428,-0.4298,-0.4201,-0.4153,-0.4165,-0.4233,-0.4341,-0.4462,-0.4577,-0.4647,-0.4571,-0.4182,-0.3343,-0.2276,-0.2033,-0.2825,-0.4047,-0.5862,-0.7462,-0.7334,-0.6685,-0.6829,-0.7775,-0.8999,-0.9873,-1.0097,-0.9797,-0.9246,-0.5072,-0.5044,-0.5001,-0.4941,-0.4863,-0.4768,-0.4659,-0.4544,-0.4431,-0.433,-0.4254,-0.4211,-0.4206,-0.4235,-0.4287,-0.4345,-0.4386,-0.4369,-0.4232,-0.3894,-0.3316,-0.2681,-0.254,-0.3087,-0.3995,-0.5064,-0.592,-0.6208,-0.6232,-0.6477,-0.7058,-0.7786,-0.8374,-0.8645,-0.86,-0.8346]}]