docs/data/wind_grid.json
[{"header":{"la1":42.85,"la2":41.18,"lo1":11.55,"lo2":14.05,"nx":36,"ny":24,"dx":0.07143,"dy":0.07261,"parameterCategory":2,"parameterNumber":2,"parameterNumberName":"eastward_wind","parameterUnit":"m.s-1"},"data":[0.6988,0.6893,0.6779,0.6647,0.6503,0.6351,0.6202,0.606,0.5928,0.5804,0.568,0.5546,0.5394,0.5219,0.5021,0.4805,0.4583,0.4374,0.4199,0.4074,0.4001,0.3971,0.3966,0.3973,0.3979,0.3982,0.398,0.3974,0.3968,0.3963,0.3961,0.3962,0.3967,0.3977,0.399,0.4008,0.71,0.6997,0.6867,0.6711,0.6536,0.6351,0.6171,0.6007,0.5867,0.5747,0.563,0.55,0.5342,0.5148,0.4914,0.4646,0.4359,0.4085,0.3863,0.3724,0.3672,0.3682,0.3722,0.3766,0.3798,0.3817,0.3824,0.3824,0.3821,0.3819,0.3821,0.3826,0.3837,0.3852,0.3871,0.3895,0.7239,0.7128,0.698,0.6793,0.6575,0.6337,0.6105,0.5906,0.5758,0.5653,0.5561,0.5448,0.5292,0.5079,0.4802,0.4461,0.4073,0.3686,0.3381,0.3227,0.3227,0.3321,0.3439,0.3538,0.3604,0.364,0.3655,0.3659,0.3658,0.366,0.3665,0.3677,0.3693,0.3716,0.3743,0.3774,0.7414,0.73,0.7133,0.6908,0.6627,0.6307,0.5984,0.5718,0.5559,0.5497,0.5464,0.5391,0.5247,0.5019,0.4695,0.4258,0.3711,0.3119,0.2653,0.2486,0.2616,0.2877,0.3124,0.33,0.3404,0.3454,0.3471,0.3475,0.3475,0.348,0.3491,0.3509,0.3535,0.3567,0.3603,0.3643,0.7637,0.7531,0.7352,0.7085,0.6721,0.6273,0.5788,0.5378,0.5196,0.5243,0.5332,0.5332,0.5215,0.498,0.4613,0.4069,0.329,0.2317,0.1501,0.1344,0.1791,0.2371,0.2811,0.3074,0.3205,0.3256,0.3267,0.3264,0.3264,0.3273,0.3292,0.3322,0.3359,0.3403,0.3451,0.3502,0.7923,0.7847,0.7675,0.7373,0.6914,0.6295,0.5548,0.4836,0.4584,0.4879,0.5187,0.5283,0.5197,0.4965,0.4579,0.396,0.2931,0.1342,-0.0214,-0.0287,0.0852,0.1924,0.257,0.2889,0.3014,0.304,0.3029,0.3014,0.3013,0.303,0.3063,0.3109,0.3163,0.3223,0.3285,0.335,0.8284,0.828,0.816,0.7853,0.7307,0.6511,0.5486,0.4383,0.3996,0.4615,0.5106,0.5259,0.5192,0.4964,0.4594,0.4006,0.292,0.0864,-0.1588,-0.1512,0.0387,0.1792,0.2489,0.2761,0.2816,0.2782,0.273,0.27,0.2704,0.2739,0.2797,0.2868,0.2946,0.3026,0.3107,0.3187,0.8726,0.8861,0.8883,0.8648,0.8037,0.7077,0.5928,0.4843,0.4442,0.4783,0.5107,0.5247,0.5182,0.4938,0.4585,0.4149,0.3397,0.1849,-0.012,-0.0229,0.1126,0.214,0.258,0.266,0.2568,0.243,0.2326,0.2287,0.2314,0.2387,0.2487,0.2596,0.2706,0.2813,0.2915,0.3014,0.9224,0.9598,0.9934,0.9953,0.9284,0.8018,0.6665,0.5551,0.4854,0.4669,0.4936,0.5201,0.5157,0.483,0.4375,0.409,0.3916,0.3339,0.2492,0.2184,0.2466,0.2723,0.2715,0.249,0.2174,0.1895,0.1738,0.1722,0.1813,0.1961,0.2129,0.2294,0.2446,0.2585,0.2712,0.283,0.9699,1.0393,1.1303,1.201,1.1314,0.9243,0.7303,0.5591,0.3702,0.3052,0.4305,0.5154,0.5142,0.4654,0.3817,0.3432,0.4089,0.4295,0.4073,0.3758,0.3492,0.318,0.2718,0.2113,0.1488,0.1026,0.0848,0.0933,0.117,0.1456,0.173,0.1969,0.2171,0.2344,0.2497,0.2636,1.0014,1.0954,1.2458,1.4277,1.3731,1.0303,0.7857,0.5795,0.135,-0.0781,0.3695,0.5384,0.5146,0.4415,0.3784,0.343,0.4445,0.5059,0.5097,0.4702,0.4106,0.3384,0.2479,0.1378,0.0276,-0.0439,-0.0533,-0.016,0.0377,0.0888,0.1308,0.1635,0.189,0.2096,0.2271,0.243,1.0056,1.0947,1.2336,1.3952,1.3331,1.0189,0.8396,0.7665,0.4641,0.231,0.5243,0.6341,0.516,0.322,0.3578,0.446,0.5292,0.6159,0.6232,0.5427,0.4437,0.3348,0.1977,0.016,-0.1819,-0.2949,-0.2649,-0.1587,-0.0513,0.0317,0.0905,0.1315,0.1611,0.1839,0.2032,0.2209,0.9864,1.0472,1.1204,1.1678,1.1008,0.952,0.8733,0.8902,0.8257,0.7214,0.7858,0.8568,0.6718,0.2641,0.3193,0.4947,0.598,0.7516,0.7488,0.5842,0.4438,0.3087,0.1337,-0.1427,-0.5065,-0.6959,-0.5507,-0.3115,-0.1304,-0.0145,0.0575,0.103,0.1336,0.1568,0.1769,0.1964,0.9586,0.9928,1.0216,1.025,0.9857,0.9262,0.8905,0.8859,0.886,0.9246,1.0042,1.1213,1.0586,0.1464,0.4949,0.5755,0.6087,0.684,0.678,0.5375,0.3865,0.2552,0.0867,-0.2444,-0.7881,-1.0728,-0.7633,-0.395,-0.1659,-0.0368,0.0362,0.0782,0.1049,0.1258,0.1463,0.1681,0.9338,0.9532,0.9658,0.9649,0.9497,0.931,0.9234,0.9367,0.9966,1.1392,1.2936,1.3065,1.018,0.9664,0.716,0.6226,0.536,0.5989,0.5653,0.4173,0.2265,0.1433,0.0721,-0.1715,-0.6117,-0.8587,-0.6276,-0.3292,-0.1389,-0.032,0.0247,0.0531,0.0698,0.0862,0.1075,0.1337,0.9156,0.9291,0.9385,0.9427,0.9439,0.949,0.9683,1.0184,1.1349,1.3778,1.7446,1.9918,1.6044,1.097,0.9086,0.7087,0.5882,0.6038,0.5236,0.2759,-0.1161,-0.0677,0.0673,-0.0185,-0.2276,-0.3604,-0.3073,-0.1822,-0.078,-0.0137,0.0138,0.0178,0.0176,0.0291,0.0554,0.0912,0.9033,0.9152,0.9257,0.9355,0.9475,0.9673,1.0038,1.0725,1.1997,1.423,1.7039,1.7179,1.6306,1.5496,1.1101,0.8641,0.7289,0.6404,0.544,0.3139,-0.1538,-0.0745,0.1194,0.0999,-0.0161,-0.1128,-0.1322,-0.0889,-0.0318,-0.0002,-0.0087,-0.0439,-0.0694,-0.0581,-0.0152,0.0401,0.8946,0.9066,0.9189,0.9327,0.9509,0.9775,1.0192,1.085,1.1845,1.3164,1.4322,1.4708,1.5618,1.5392,1.1422,0.9477,0.8028,0.6355,0.526,0.5386,0.3471,0.2617,0.2612,0.1847,0.0284,-0.1395,-0.1885,-0.1031,-0.0156,0.0063,-0.0488,-0.1508,-0.2136,-0.1845,-0.1021,-0.0139,0.8879,0.9001,0.9135,0.9295,0.9499,0.9776,1.0164,1.0695,1.1374,1.2116,1.2704,1.2994,1.3035,1.2118,1.0352,0.9921,0.8708,0.7258,0.6811,0.8592,0.7064,0.5335,0.4122,0.2543,-0.015,-0.3965,-0.4797,-0.1758,0.0083,0.0282,-0.0893,-0.2946,-0.4029,-0.3241,-0.1806,-0.0546,0.8817,0.8939,0.9076,0.9239,0.944,0.9694,1.0017,1.0413,1.086,1.129,1.1596,1.1687,1.1468,1.0819,1.0096,0.9798,0.9077,0.8975,1.1685,1.321,0.9368,0.7079,0.5559,0.3622,0.0527,-0.415,-0.5166,-0.0567,0.1152,0.1003,-0.0678,-0.3482,-0.4852,-0.3725,-0.1989,-0.0589,0.8753,0.8871,0.9004,0.9158,0.934,0.9557,0.9811,1.0096,1.0387,1.0637,1.0787,1.078,1.0576,1.0197,0.9791,0.9435,0.9113,0.9358,1.0701,1.1142,0.9495,0.8392,0.7439,0.5514,0.3095,0.1887,0.3838,0.3753,0.3049,0.2325,0.0667,-0.1761,-0.3101,-0.2531,-0.1289,-0.0168,0.8684,0.8795,0.8918,0.9056,0.9213,0.939,0.9584,0.9785,0.9972,1.0116,1.0181,1.0139,0.9979,0.9726,0.9438,0.9164,0.8982,0.907,0.9417,0.9538,0.9548,1.0427,1.052,0.7965,0.5375,0.4964,0.6657,0.566,0.4603,0.3935,0.2528,0.0738,-0.0458,-0.0585,-0.0082,0.0568,0.861,0.8711,0.882,0.894,0.9071,0.9211,0.9356,0.9495,0.9615,0.9694,0.9714,0.966,0.9531,0.9343,0.9126,0.892,0.878,0.8764,0.8872,0.9112,0.9928,1.198,1.2641,0.9545,0.6631,0.5529,0.558,0.5467,0.5771,0.5332,0.3977,0.2536,0.1499,0.1067,0.1104,0.1374,0.853,0.862,0.8715,0.8817,0.8923,0.9032,0.9138,0.9233,0.9307,0.9346,0.9341,0.9283,0.9174,0.9024,0.8855,0.8692,0.8569,0.8521,0.8581,0.8846,0.9568,1.0759,1.0921,0.9061,0.6991,0.5828,0.5439,0.5509,0.591,0.5585,0.4555,0.3483,0.2665,0.2197,0.2041,0.2092]},{"header":{"la1":42.85,"la2":41.18,"lo1":11.55,"lo2":14.05,"nx":36,"ny":24,"dx":0.07143,"dy":0.07261,"parameterCategory":2,"parameterNumber":3,"parameterNumberName":"northward_wind","parameterUnit":"m.s-1"},"data":[0.6283,0.6299,0.63,0.6284,0.6246,0.6181,0.6078,0.5925,0.5712,0.5444,0.5134,0.481,0.4497,0.4217,0.3982,0.3797,0.3658,0.355,0.3457,0.3362,0.3255,0.3136,0.3012,0.2892,0.2782,0.2687,0.2609,0.2549,0.2505,0.2477,0.2462,0.2458,0.2463,0.2477,0.2496,0.252,0.6514,0.6549,0.6569,0.6574,0.6561,0.6524,0.6445,0.63,0.6065,0.5738,0.5344,0.493,0.4539,0.4203,0.3939,0.3751,0.3631,0.3556,0.3492,0.3409,0.3292,0.3146,0.2989,0.2838,0.2703,0.2591,0.2502,0.2437,0.2393,0.2367,0.2356,0.2359,0.2372,0.2392,0.2419,0.245,0.6771,0.6829,0.6872,0.6903,0.6926,0.6938,0.6917,0.6812,0.6562,0.6148,0.5622,0.5071,0.4569,0.416,0.3864,0.3685,0.3612,0.3608,0.3607,0.3546,0.3402,0.3201,0.2984,0.2783,0.2613,0.2478,0.2378,0.2308,0.2264,0.2243,0.224,0.2251,0.2273,0.2303,0.2339,0.2379,0.706,0.7145,0.7213,0.7271,0.7337,0.7427,0.7525,0.7538,0.7303,0.6747,0.599,0.5223,0.4565,0.4065,0.3735,0.3586,0.3609,0.3752,0.3885,0.3858,0.3638,0.3316,0.2992,0.2717,0.2501,0.234,0.2228,0.2155,0.2115,0.2102,0.2109,0.2133,0.2167,0.2209,0.2256,0.2306,0.7387,0.7506,0.7599,0.7677,0.7779,0.7967,0.8284,0.8596,0.8472,0.7638,0.645,0.535,0.4491,0.3884,0.3522,0.3422,0.3613,0.4057,0.4488,0.4499,0.406,0.3488,0.2992,0.2617,0.2349,0.2164,0.2043,0.1973,0.1942,0.1942,0.1964,0.2004,0.2054,0.2111,0.2171,0.2233,0.7765,0.7933,0.8055,0.8136,0.823,0.8477,0.9087,1.0042,1.0288,0.8841,0.6885,0.5354,0.4289,0.3577,0.3177,0.3129,0.3548,0.4523,0.56,0.5607,0.463,0.363,0.2917,0.2445,0.2134,0.1934,0.1813,0.1752,0.1738,0.1759,0.1803,0.1864,0.1935,0.201,0.2086,0.2161,0.8206,0.8458,0.8634,0.8703,0.8706,0.8839,0.9522,1.1155,1.201,0.9619,0.6883,0.5084,0.3906,0.3109,0.2644,0.2596,0.317,0.4673,0.6613,0.654,0.4872,0.3505,0.2664,0.2152,0.1832,0.1634,0.1525,0.1485,0.1499,0.155,0.1625,0.1715,0.1811,0.1908,0.2002,0.2092,0.8719,0.9123,0.9432,0.9526,0.9356,0.9111,0.9224,1.0099,1.045,0.8327,0.604,0.4486,0.3357,0.2477,0.1869,0.1718,0.2228,0.3571,0.5285,0.5349,0.4027,0.2889,0.2167,0.1715,0.1423,0.1246,0.1164,0.116,0.1216,0.1313,0.1431,0.1559,0.1686,0.1809,0.1923,0.203,0.928,0.9946,1.0573,1.0866,1.0507,0.9676,0.8865,0.8181,0.7225,0.5879,0.4745,0.3757,0.2765,0.1752,0.0794,0.0425,0.0899,0.176,0.2636,0.2878,0.2456,0.1916,0.148,0.1147,0.0902,0.0751,0.0707,0.0759,0.0883,0.1046,0.1224,0.14,0.1565,0.1717,0.1854,0.1976,0.98,1.0829,1.2063,1.301,1.2527,1.0841,0.9242,0.7362,0.4699,0.3241,0.3487,0.3168,0.2317,0.1184,-0.0519,-0.1294,-0.029,0.028,0.0644,0.0915,0.0996,0.0913,0.073,0.0489,0.0253,0.0108,0.0113,0.026,0.0492,0.0755,0.1012,0.1248,0.1457,0.1639,0.1798,0.1936,1.0113,1.1435,1.3318,1.5351,1.4908,1.2196,1.0639,0.8449,0.2162,-0.0742,0.266,0.2899,0.211,0.1219,-0.0392,-0.1418,-0.0802,-0.1021,-0.1087,-0.0654,-0.0182,0.0051,0.0015,-0.024,-0.058,-0.0781,-0.0693,-0.037,0.0045,0.0452,0.0812,0.1116,0.1371,0.1583,0.1762,0.1914,1.0071,1.1363,1.3163,1.5032,1.4626,1.2798,1.3256,1.3926,0.7798,0.2703,0.3582,0.2995,0.2044,0.1649,0.1015,-0.0201,-0.143,-0.3251,-0.3574,-0.2208,-0.1112,-0.0612,-0.0609,-0.1047,-0.1729,-0.2113,-0.1827,-0.1142,-0.0427,0.0174,0.065,0.1025,0.1322,0.1559,0.1752,0.1912,0.9697,1.068,1.1822,1.2698,1.2658,1.2843,1.5257,1.8984,1.5388,0.8119,0.4742,0.3503,0.2253,0.1661,0.1181,-0.048,-0.2639,-0.6651,-0.6664,-0.3324,-0.1651,-0.1033,-0.1083,-0.1873,-0.3315,-0.4112,-0.3296,-0.1939,-0.0822,-0.0015,0.0566,0.0997,0.1323,0.1574,0.1774,0.1935,0.9147,0.9807,1.0464,1.0954,1.1293,1.2122,1.4145,1.6577,1.4355,0.8204,0.4722,0.4383,0.3794,-0.3075,-0.0884,-0.2092,-0.4146,-0.5324,-0.5109,-0.2907,-0.1715,-0.1278,-0.1339,-0.235,-0.4637,-0.596,-0.4373,-0.2354,-0.0958,-0.0039,0.0595,0.105,0.1384,0.1634,0.1828,0.1983,0.8563,0.8994,0.9397,0.9736,1.0082,1.0642,1.1434,1.1637,0.9586,0.6064,0.389,0.3343,-0.0044,-0.647,-0.2046,-0.5249,-1.027,-0.5049,-0.2836,-0.1973,-0.1951,-0.1762,-0.1428,-0.2007,-0.3794,-0.4901,-0.3663,-0.1966,-0.0729,0.0131,0.0746,0.1189,0.1507,0.1738,0.1913,0.2054,0.8012,0.8288,0.8533,0.8735,0.8908,0.9055,0.9017,0.8348,0.6609,0.4077,0.1464,0.5617,0.3916,0.0237,-0.0278,-0.3808,-0.7536,-0.3401,-0.1157,-0.1501,-0.3697,-0.3119,-0.1475,-0.1228,-0.1913,-0.2407,-0.1997,-0.1144,-0.0295,0.0427,0.0992,0.1402,0.1682,0.1874,0.2019,0.2139,0.7515,0.7681,0.7811,0.7888,0.7894,0.778,0.7425,0.6652,0.5365,0.3658,0.1903,0.3978,0.6814,0.7538,0.3347,0.101,-0.0234,0.0605,0.1309,-0.0072,-0.3767,-0.2986,-0.0898,-0.0423,-0.0786,-0.1195,-0.1172,-0.0674,0.0047,0.0745,0.1295,0.1663,0.1881,0.2017,0.2127,0.223,0.7076,0.7164,0.7209,0.7197,0.7101,0.6882,0.6482,0.5856,0.5037,0.4218,0.3895,0.4857,0.7594,0.823,0.5991,0.5186,0.367,0.3199,0.311,0.3101,0.1254,0.0457,0.0671,0.0398,-0.0519,-0.1632,-0.1873,-0.0957,0.0176,0.1057,0.1628,0.192,0.2035,0.2114,0.2212,0.2316,0.6697,0.6729,0.672,0.6654,0.6515,0.6281,0.5935,0.5484,0.4994,0.4614,0.4575,0.5083,0.6011,0.6754,0.8935,0.9989,0.6275,0.5008,0.5333,0.8161,0.5924,0.3638,0.24,0.1188,-0.0801,-0.3703,-0.4314,-0.1683,0.0356,0.147,0.1981,0.2074,0.2042,0.2121,0.2267,0.2401,0.6373,0.6369,0.6327,0.6238,0.6091,0.588,0.5607,0.5293,0.4994,0.4799,0.481,0.5089,0.5626,0.6582,0.8588,0.9197,0.7148,0.758,1.3145,1.598,0.931,0.5729,0.3931,0.2232,-0.0241,-0.3892,-0.4673,-0.0903,0.1203,0.2201,0.2429,0.2163,0.1983,0.2134,0.2354,0.2517,0.6099,0.6073,0.6015,0.592,0.5783,0.5606,0.5396,0.5177,0.4986,0.4874,0.4892,0.5074,0.5445,0.6061,0.6833,0.7077,0.6913,0.7983,1.102,1.2013,0.8944,0.6825,0.5604,0.3865,0.1762,0.0477,0.1438,0.1962,0.2887,0.3534,0.3313,0.2687,0.2343,0.2409,0.2575,0.27,0.5869,0.5831,0.5768,0.5676,0.5555,0.541,0.525,0.5092,0.4964,0.4893,0.4909,0.503,0.5267,0.5607,0.5962,0.6201,0.6473,0.7188,0.823,0.8516,0.7974,0.8195,0.813,0.5942,0.363,0.2696,0.2916,0.3421,0.5446,0.5889,0.4889,0.3802,0.3168,0.296,0.2935,0.2951,0.5676,0.5633,0.5569,0.5485,0.5382,0.5264,0.514,0.5024,0.4932,0.4883,0.4893,0.4971,0.5118,0.5318,0.5537,0.5756,0.6037,0.6458,0.6926,0.7255,0.7795,0.9339,0.9864,0.7297,0.4853,0.381,0.3953,0.6109,0.9736,0.8923,0.6604,0.4951,0.4013,0.3547,0.333,0.3225,0.5514,0.5469,0.5409,0.5334,0.5246,0.515,0.5053,0.4964,0.4895,0.4858,0.4861,0.491,0.5004,0.5133,0.5287,0.5465,0.5686,0.5964,0.6279,0.6655,0.7303,0.8299,0.8442,0.6946,0.5374,0.4734,0.5303,0.7619,1.0308,0.946,0.723,0.5576,0.4569,0.3991,0.3663,0.3472]}]