docs/data/wind_grid.json
[{"header":{"la1":42.85,"la2":41.18,"lo1":11.55,"lo2":14.05,"nx":36,"ny":24,"dx":0.07143,"dy":0.07261,"parameterCategory":2,"parameterNumber":2,"parameterNumberName":"eastward_wind","parameterUnit":"m.s-1"},"data":[3.9114,3.9226,3.9335,3.9434,3.951,3.954,3.9496,3.9344,3.9054,3.8614,3.8027,3.7311,3.6484,3.5563,3.4566,3.3525,3.2499,3.1571,3.0835,3.0359,3.0152,3.0164,3.0315,3.0526,3.074,3.0922,3.1058,3.1146,3.119,3.1199,3.1179,3.1139,3.1087,3.1029,3.0968,3.091,3.9347,3.9499,3.966,3.9824,3.9979,4.0099,4.0139,4.0044,3.9757,3.9257,3.8556,3.7693,3.6695,3.5575,3.4337,3.3004,3.1646,3.0401,2.9445,2.8913,2.8815,2.904,2.9432,2.9857,3.0235,3.0533,3.0745,3.0878,3.0947,3.0966,3.0948,3.0906,3.0849,3.0784,3.0719,3.0658,3.9572,3.9767,3.9986,4.023,4.0493,4.075,4.094,4.0959,4.0697,4.0107,3.9237,3.8173,3.6967,3.5615,3.4084,3.2353,3.0489,2.8713,2.7383,2.6793,2.695,2.7586,2.8382,2.9125,2.9722,3.0158,3.0449,3.0623,3.071,3.0732,3.0709,3.0659,3.0592,3.0518,3.0446,3.0379,3.978,4.0017,4.0295,4.063,4.1031,4.149,4.1937,4.2192,4.2002,4.1253,4.0095,3.8746,3.7298,3.5706,3.3849,3.1604,2.8962,2.6248,2.4213,2.3588,2.4334,2.5756,2.7209,2.8393,2.9253,2.9831,3.0192,3.0394,3.0484,3.0497,3.046,3.0393,3.0311,3.0225,3.0142,3.007,3.9963,4.0234,4.0564,4.0983,4.1534,4.226,4.3136,4.3882,4.388,4.2795,4.1105,3.9354,3.7661,3.5875,3.3732,3.0906,2.7142,2.2742,1.9282,1.8723,2.0812,2.3665,2.6078,2.7789,2.8907,2.9598,2.9995,3.0197,3.0269,3.0258,3.0195,3.0103,2.9999,2.9895,2.9801,2.9722,4.0113,4.0405,4.0767,4.1241,4.1906,4.2895,4.4349,4.6025,4.6486,4.4658,4.2054,3.9842,3.7987,3.6142,3.388,3.0615,2.5585,1.8563,1.2356,1.2155,1.6902,2.1873,2.5353,2.7506,2.8777,2.9497,2.9873,3.0035,3.0062,3.0006,2.9902,2.9776,2.9644,2.952,2.9412,2.9326,4.0227,4.0526,4.0891,4.1366,4.2041,4.3107,4.4911,4.756,4.8693,4.5806,4.2373,3.9985,3.8195,3.6501,3.4415,3.1208,2.5656,1.6554,0.725,0.7556,1.5077,2.1574,2.552,2.7726,2.8923,2.954,2.9818,2.9892,2.9844,2.9725,2.9568,2.9398,2.9232,2.9084,2.8962,2.8871,4.0309,4.0603,4.0947,4.137,4.1931,4.276,4.4111,4.6081,4.6797,4.4343,4.1628,3.9717,3.8244,3.6882,3.5273,3.2795,2.836,2.0822,1.2763,1.2501,1.8444,2.3666,2.6786,2.8464,2.9311,2.9688,2.9794,2.974,2.9592,2.9392,2.917,2.8948,2.8743,2.8569,2.8433,2.8341,4.0365,4.0649,4.0966,4.1323,4.1728,4.2192,4.2715,4.314,4.2883,4.1771,4.0499,3.9275,3.8138,3.7132,3.6142,3.4771,3.2368,2.8469,2.4346,2.3219,2.5072,2.7267,2.8719,2.9482,2.9799,2.9849,2.9739,2.9532,2.9268,2.8977,2.8681,2.8401,2.8154,2.7953,2.7806,2.7718,4.0402,4.0681,4.0984,4.1305,4.1625,4.1889,4.1975,4.1663,4.0858,4.0234,3.9793,3.8901,3.7824,3.6986,3.6592,3.6371,3.5844,3.4665,3.2949,3.15,3.0839,3.0651,3.0549,3.0397,3.0176,2.9899,2.9574,2.9215,2.8833,2.8446,2.807,2.7726,2.7433,2.7206,2.7054,2.6981,4.0422,4.0703,4.1012,4.1348,4.1699,4.2021,4.2173,4.1719,4.0021,3.9269,3.9579,3.866,3.7154,3.596,3.6184,3.7273,3.8559,3.9537,3.9038,3.6959,3.4662,3.2903,3.1696,3.0864,3.0242,2.9717,2.9225,2.8737,2.8246,2.7762,2.73,2.6885,2.6541,2.629,2.6143,2.61,4.0421,4.0708,4.1035,4.1414,4.1868,4.243,4.3099,4.3418,4.1613,4.0086,3.9862,3.879,3.6312,3.2867,3.4845,3.7724,4.1217,4.5492,4.564,4.1126,3.6739,3.3708,3.1811,3.0641,2.9851,2.9221,2.8638,2.8058,2.7472,2.6889,2.633,2.583,2.5428,2.5156,2.5029,2.5041,4.0392,4.0681,4.1018,4.1427,4.1958,4.2699,4.378,4.4949,4.3866,4.159,4.0495,4.0186,3.8073,3.2898,3.5423,3.8712,4.3643,5.2939,5.2778,4.3251,3.6523,3.2605,3.0583,2.9574,2.8942,2.8381,2.7789,2.7154,2.6483,2.5792,2.5112,2.45,2.4022,2.3732,2.3651,2.3761,4.0331,4.061,4.0936,4.1332,4.1838,4.2516,4.3397,4.4219,4.3558,4.1731,4.0917,4.2083,4.2171,3.8164,3.8215,4.1078,4.4723,4.8721,4.8101,3.983,3.2506,2.8674,2.7668,2.7643,2.7574,2.7235,2.6686,2.6015,2.5261,2.444,2.3591,2.2808,2.2218,2.1918,2.1931,2.2209,4.0237,4.0494,4.0788,4.113,4.1533,4.2001,4.2466,4.2663,4.216,4.1337,4.0929,4.0744,3.9968,3.9119,3.998,4.5029,5.0307,4.4912,4.0067,3.186,2.2706,2.0441,2.3002,2.5177,2.5986,2.5877,2.5339,2.4632,2.3802,2.2813,2.1698,2.0627,1.9856,1.9565,1.9767,2.0336,4.0115,4.0343,4.0593,4.0866,4.1155,4.1434,4.163,4.1622,4.1374,4.1199,4.1547,4.036,4.0217,4.0057,4.0894,4.4465,4.7731,4.24,3.5527,2.3252,0.5645,0.8267,1.8292,2.3172,2.4555,2.4358,2.3693,2.2979,2.2127,2.0924,1.9358,1.7763,1.6685,1.6472,1.7056,1.8122,3.9972,4.0169,4.0377,4.0588,4.0791,4.0961,4.1059,4.1056,4.1002,4.1083,4.1432,4.0903,4.1095,4.141,4.1283,4.1952,4.164,3.8705,3.4323,2.3543,0.3659,0.7212,1.8202,2.2821,2.3444,2.2469,2.1524,2.1008,2.0328,1.8869,1.6516,1.3944,1.2368,1.2439,1.3774,1.5644,3.9817,3.9985,4.0155,4.0321,4.0471,4.0591,4.0666,4.07,4.0728,4.0805,4.0891,4.0931,4.1389,4.1668,4.2169,4.2315,4.0333,3.7292,3.5976,3.1747,2.2787,2.035,2.2889,2.3856,2.2248,1.9624,1.8445,1.8754,1.8631,1.6898,1.3273,0.9008,0.6744,0.7576,1.0209,1.3194,3.9654,3.9798,3.9939,4.0073,4.0191,4.0289,4.0361,4.0417,4.0474,4.0551,4.0651,4.0825,4.1202,4.2053,4.4872,4.5975,4.1318,3.7883,3.6893,3.675,3.275,2.9125,2.7376,2.5119,2.0858,1.5843,1.4726,1.6742,1.7402,1.5456,1.0344,0.3894,0.0999,0.3102,0.7284,1.1353,3.9489,3.9612,3.973,3.9841,3.994,4.0025,4.0096,4.016,4.0227,4.0311,4.0433,4.0642,4.1068,4.2088,4.4319,4.4848,4.1397,3.9124,4.0289,4.1352,3.6915,3.3456,3.0754,2.6866,2.1045,1.5129,1.3995,1.6166,1.6892,1.5032,0.9428,0.2044,-0.1057,0.1622,0.6371,1.0785,3.9322,3.9428,3.9528,3.9622,3.9706,3.978,3.9846,3.9908,3.9975,4.0056,4.0171,4.0357,4.0688,4.1269,4.1959,4.1774,4.0356,3.9251,3.955,3.9588,3.7832,3.6646,3.4879,3.0177,2.3426,1.7824,1.5403,1.5909,1.6849,1.5659,1.1302,0.5487,0.2689,0.433,0.7993,1.1712,3.9156,3.9246,3.9331,3.941,3.9481,3.9545,3.9602,3.9656,3.9712,3.9776,3.9862,3.9984,4.0161,4.0372,4.0469,4.0168,3.9465,3.8834,3.8607,3.8551,3.912,4.1575,4.1831,3.5394,2.6492,1.8762,1.4385,1.5522,1.7247,1.6877,1.427,1.0723,0.8625,0.9062,1.1141,1.3691,3.8989,3.9066,3.9137,3.9203,3.9261,3.9313,3.9358,3.9399,3.9438,3.9478,3.9523,3.9575,3.9625,3.964,3.954,3.9249,3.8804,3.8391,3.8216,3.8578,4.0509,4.5077,4.6464,3.9142,2.9697,2.2126,1.8073,1.7851,1.864,1.8432,1.6979,1.4989,1.3608,1.3505,1.4495,1.6037,3.8824,3.8888,3.8947,3.9,3.9045,3.9084,3.9116,3.914,3.9159,3.9171,3.9176,3.9169,3.9136,3.9054,3.8888,3.8619,3.8286,3.7994,3.7913,3.836,3.9916,4.2499,4.2757,3.805,3.1422,2.5788,2.2343,2.1043,2.0703,2.0227,1.9275,1.8101,1.7213,1.6974,1.7402,1.8284]},{"header":{"la1":42.85,"la2":41.18,"lo1":11.55,"lo2":14.05,"nx":36,"ny":24,"dx":0.07143,"dy":0.07261,"parameterCategory":2,"parameterNumber":3,"parameterNumberName":"northward_wind","parameterUnit":"m.s-1"},"data":[0.0631,0.0777,0.0939,0.1113,0.1282,0.1422,0.1497,0.1466,0.1298,0.098,0.0524,-0.0047,-0.0712,-0.1456,-0.2265,-0.3114,-0.3948,-0.4687,-0.5234,-0.552,-0.5529,-0.5306,-0.493,-0.4481,-0.4021,-0.3589,-0.3206,-0.2878,-0.2606,-0.2385,-0.2208,-0.2069,-0.1962,-0.188,-0.1818,-0.1771,0.0713,0.0898,0.1117,0.1368,0.1638,0.1895,0.2082,0.2128,0.1968,0.1582,0.1001,0.0277,-0.0553,-0.1484,-0.2519,-0.3646,-0.4801,-0.5851,-0.6616,-0.6958,-0.6855,-0.6408,-0.5773,-0.5086,-0.4433,-0.3856,-0.3371,-0.2974,-0.2657,-0.2408,-0.2217,-0.2072,-0.1964,-0.1884,-0.1827,-0.1786,0.0773,0.0998,0.1281,0.1629,0.204,0.2482,0.2871,0.3071,0.294,0.2437,0.1651,0.0708,-0.0331,-0.1478,-0.2789,-0.4297,-0.5946,-0.7521,-0.8664,-0.907,-0.8714,-0.7847,-0.6784,-0.5746,-0.4838,-0.4089,-0.3491,-0.3025,-0.2668,-0.2399,-0.2199,-0.2054,-0.1952,-0.188,-0.1832,-0.18,0.0798,0.1057,0.1402,0.1861,0.2457,0.3183,0.394,0.4466,0.4417,0.368,0.2514,0.1236,-0.0047,-0.1415,-0.3027,-0.5031,-0.7444,-0.9953,-1.1809,-1.227,-1.1336,-0.9671,-0.7918,-0.6395,-0.5177,-0.424,-0.3535,-0.301,-0.2626,-0.2348,-0.2151,-0.2016,-0.1926,-0.187,-0.1835,-0.1816,0.0775,0.1053,0.1443,0.2002,0.2805,0.3929,0.5332,0.6581,0.6762,0.5486,0.3565,0.179,0.0266,-0.126,-0.3128,-0.5695,-0.922,-1.3406,-1.6701,-1.7134,-1.4882,-1.1768,-0.9006,-0.6893,-0.5356,-0.4254,-0.3468,-0.291,-0.2519,-0.225,-0.2071,-0.1957,-0.189,-0.1855,-0.1841,-0.1838,0.0695,0.0967,0.1364,0.1969,0.2925,0.4463,0.6813,0.9545,1.0368,0.7829,0.4523,0.2169,0.0538,-0.0973,-0.2926,-0.5936,-1.0733,-1.752,-2.3558,-2.3697,-1.8829,-1.3568,-0.9666,-0.7028,-0.5262,-0.407,-0.3258,-0.2708,-0.2341,-0.2104,-0.196,-0.1882,-0.1848,-0.1843,-0.1855,-0.1873,0.0559,0.0791,0.1138,0.1688,0.2618,0.4283,0.73,1.1813,1.373,0.9226,0.4547,0.2068,0.0708,-0.0507,-0.2254,-0.5264,-1.0652,-1.9516,-2.86,-2.8282,-2.0685,-1.3846,-0.9378,-0.6584,-0.4804,-0.3648,-0.289,-0.2398,-0.2091,-0.1913,-0.1824,-0.1797,-0.1809,-0.1843,-0.1886,-0.193,0.0378,0.0541,0.0783,0.1165,0.1819,0.3022,0.5299,0.8878,1.0266,0.6267,0.2774,0.1387,0.0831,0.0195,-0.1071,-0.3519,-0.8007,-1.5434,-2.325,-2.3432,-1.7346,-1.1668,-0.7888,-0.5496,-0.3971,-0.2992,-0.2369,-0.199,-0.178,-0.1687,-0.1675,-0.1715,-0.1785,-0.1867,-0.1948,-0.2019,0.0173,0.0254,0.0362,0.0517,0.0753,0.1127,0.1689,0.2178,0.1544,0.004,-0.0218,0.0497,0.1146,0.1228,0.0506,-0.1211,-0.4141,-0.8311,-1.2316,-1.3157,-1.0843,-0.7913,-0.5578,-0.3942,-0.2851,-0.2151,-0.1729,-0.1507,-0.1426,-0.1445,-0.1531,-0.1656,-0.1796,-0.1935,-0.2058,-0.2157,-0.0029,-0.0025,-0.0038,-0.0085,-0.0203,-0.0484,-0.1181,-0.2918,-0.614,-0.7132,-0.351,0.0003,0.2007,0.2753,0.2369,0.1004,-0.101,-0.3235,-0.5084,-0.5853,-0.5386,-0.4278,-0.313,-0.2213,-0.158,-0.1198,-0.1014,-0.0979,-0.1056,-0.1211,-0.1416,-0.1643,-0.1867,-0.207,-0.2238,-0.2364,-0.0206,-0.0259,-0.0352,-0.0515,-0.0797,-0.1296,-0.226,-0.475,-1.2285,-1.5948,-0.5787,0.066,0.3712,0.4966,0.4554,0.2829,0.0763,-0.0893,-0.184,-0.2168,-0.1982,-0.1475,-0.0921,-0.05,-0.0265,-0.0199,-0.0269,-0.0444,-0.07,-0.1015,-0.1361,-0.171,-0.2034,-0.2309,-0.2521,-0.2666,-0.0346,-0.0429,-0.0556,-0.0749,-0.1027,-0.1396,-0.1793,-0.2457,-0.7101,-1.0448,-0.2985,0.2931,0.5943,0.7651,0.7037,0.4069,0.1175,-0.0814,-0.1248,-0.0665,0.0101,0.0745,0.111,0.1189,0.106,0.0804,0.0467,0.0066,-0.0391,-0.0889,-0.1405,-0.1903,-0.2345,-0.2699,-0.295,-0.3098,-0.0446,-0.0539,-0.0667,-0.0837,-0.1045,-0.1235,-0.1223,-0.0811,-0.1604,-0.2244,0.1348,0.6616,0.8192,0.8842,0.8305,0.3942,0.0485,-0.226,-0.2239,0.0041,0.1985,0.3096,0.3321,0.2975,0.2402,0.1781,0.1158,0.052,-0.0156,-0.0871,-0.1599,-0.2286,-0.2872,-0.3309,-0.3582,-0.3705,-0.0514,-0.0602,-0.0715,-0.085,-0.0994,-0.1102,-0.1096,-0.0967,-0.1026,-0.0362,0.2671,1.0225,1.2405,0.8217,0.535,0.1567,-0.1377,-0.1745,-0.1043,0.2009,0.5258,0.6708,0.6226,0.4977,0.3731,0.2679,0.1769,0.0897,-0.0018,-0.0999,-0.2008,-0.2952,-0.3722,-0.4241,-0.4499,-0.4537,-0.0557,-0.0637,-0.0731,-0.0836,-0.0941,-0.1021,-0.1055,-0.1048,-0.1015,-0.082,-0.0052,0.2375,0.4003,0.2312,0.2509,-0.2795,-0.7657,-0.2582,0.1234,0.64,1.2382,1.3301,1.0176,0.706,0.4884,0.3406,0.2271,0.1201,0.0027,-0.1303,-0.2721,-0.4047,-0.5066,-0.5646,-0.5803,-0.5653,-0.0585,-0.0655,-0.0735,-0.0821,-0.0907,-0.0986,-0.1059,-0.1166,-0.146,-0.2468,-0.4987,-0.3767,-0.1778,0.0279,-0.0108,-0.3084,-0.5822,-0.1867,0.3006,1.2007,2.5559,2.3146,1.4011,0.8475,0.5532,0.3866,0.2687,0.1499,0.0031,-0.1797,-0.3861,-0.5802,-0.717,-0.7733,-0.761,-0.7089,-0.0603,-0.0666,-0.0736,-0.0813,-0.0895,-0.0987,-0.1109,-0.1325,-0.1812,-0.2968,-0.4846,-0.4052,-0.535,-0.6268,-0.2613,-0.211,-0.1883,-0.0159,0.2716,1.1127,2.7051,2.3906,1.38,0.8178,0.5446,0.4112,0.3179,0.1956,0.0114,-0.2453,-0.5578,-0.8561,-1.0408,-1.0724,-0.9971,-0.8802,-0.0615,-0.0673,-0.0738,-0.0811,-0.0895,-0.1,-0.1149,-0.1392,-0.1816,-0.2482,-0.3161,-0.3742,-0.6144,-0.6712,-0.3814,-0.2901,-0.1568,-0.0118,0.0248,0.3958,1.1128,1.2623,0.9324,0.6412,0.4928,0.4492,0.4072,0.2776,0.0423,-0.3157,-0.7922,-1.2607,-1.5016,-1.4583,-1.2681,-1.0575,-0.0624,-0.0677,-0.0738,-0.0809,-0.0895,-0.1003,-0.1154,-0.1372,-0.1688,-0.2096,-0.255,-0.3122,-0.3914,-0.4155,-0.4722,-0.5129,-0.2433,-0.0741,-0.0479,-0.0471,0.2664,0.5037,0.5119,0.4543,0.454,0.5319,0.5439,0.3795,0.0939,-0.362,-1.0304,-1.7158,-1.9998,-1.8286,-1.4976,-1.1938,-0.0628,-0.0679,-0.0737,-0.0805,-0.0888,-0.0992,-0.1128,-0.131,-0.1545,-0.1829,-0.2154,-0.2526,-0.2921,-0.3357,-0.431,-0.4516,-0.2632,-0.1749,-0.3525,-0.4634,-0.0855,0.1505,0.2407,0.3038,0.4073,0.5468,0.5732,0.4179,0.1466,-0.3379,-1.0936,-1.8847,-2.1832,-1.9527,-1.5683,-1.2338,-0.063,-0.0677,-0.0732,-0.0796,-0.0873,-0.0967,-0.1085,-0.1231,-0.1409,-0.1616,-0.1845,-0.2092,-0.2353,-0.2653,-0.2968,-0.2843,-0.2158,-0.1898,-0.2708,-0.2922,-0.1348,-0.0355,0.024,0.1467,0.3142,0.4587,0.5294,0.4593,0.2105,-0.2346,-0.888,-1.5508,-1.8434,-1.7184,-1.4327,-1.158,-0.0629,-0.0672,-0.0723,-0.0781,-0.085,-0.0933,-0.1031,-0.1148,-0.1283,-0.1434,-0.1594,-0.1759,-0.1919,-0.2061,-0.2124,-0.1994,-0.1715,-0.1575,-0.1682,-0.1652,-0.1568,-0.2257,-0.2375,-0.0433,0.2063,0.4277,0.5822,0.5011,0.2447,-0.1264,-0.5997,-1.0574,-1.3119,-1.315,-1.1758,-1.0028,-0.0624,-0.0664,-0.071,-0.0762,-0.0823,-0.0893,-0.0974,-0.1066,-0.1168,-0.1277,-0.1387,-0.1492,-0.1581,-0.1636,-0.1627,-0.153,-0.1384,-0.1281,-0.1273,-0.1387,-0.1975,-0.3471,-0.3931,-0.1702,0.0976,0.3078,0.4209,0.3735,0.1922,-0.0733,-0.3892,-0.6891,-0.8875,-0.95,-0.9112,-0.8249,-0.0618,-0.0654,-0.0695,-0.074,-0.0792,-0.0851,-0.0916,-0.0988,-0.1064,-0.1141,-0.1215,-0.1279,-0.1325,-0.134,-0.1312,-0.1241,-0.1149,-0.1082,-0.1091,-0.1265,-0.1798,-0.2666,-0.2792,-0.145,0.0335,0.1748,0.2441,0.2198,0.1091,-0.0632,-0.2676,-0.4644,-0.6109,-0.6851,-0.6947,-0.663]}]