docs/data/wind_grid.json
[{"header":{"la1":42.85,"la2":41.18,"lo1":11.55,"lo2":14.05,"nx":36,"ny":24,"dx":0.07143,"dy":0.07261,"parameterCategory":2,"parameterNumber":2,"parameterNumberName":"eastward_wind","parameterUnit":"m.s-1"},"data":[-0.3757,-0.389,-0.4033,-0.4184,-0.4334,-0.4469,-0.4573,-0.4626,-0.4617,-0.4553,-0.4456,-0.4355,-0.4281,-0.4251,-0.4271,-0.4335,-0.4426,-0.4519,-0.4583,-0.4597,-0.4551,-0.4453,-0.4317,-0.416,-0.3996,-0.3836,-0.3685,-0.3545,-0.3418,-0.3303,-0.3201,-0.3109,-0.3027,-0.2953,-0.2888,-0.2829,-0.3817,-0.3975,-0.4153,-0.4349,-0.4556,-0.4755,-0.4917,-0.5003,-0.4986,-0.4871,-0.4697,-0.4523,-0.4397,-0.4347,-0.4381,-0.449,-0.4647,-0.481,-0.4927,-0.4959,-0.4892,-0.4746,-0.4551,-0.4337,-0.4125,-0.3926,-0.3745,-0.3583,-0.3439,-0.3313,-0.3201,-0.3103,-0.3016,-0.294,-0.2872,-0.2811,-0.3867,-0.4052,-0.427,-0.4524,-0.4813,-0.5117,-0.5388,-0.5549,-0.5529,-0.5322,-0.5011,-0.4709,-0.4499,-0.4419,-0.4477,-0.4657,-0.4923,-0.5208,-0.5417,-0.5471,-0.5355,-0.5118,-0.4828,-0.4532,-0.4257,-0.4011,-0.3796,-0.3611,-0.345,-0.3312,-0.3192,-0.3089,-0.2998,-0.2919,-0.285,-0.2789,-0.3901,-0.4111,-0.437,-0.4693,-0.509,-0.5558,-0.6037,-0.6375,-0.6376,-0.5994,-0.5421,-0.49,-0.4563,-0.4444,-0.4536,-0.4823,-0.5266,-0.5767,-0.6143,-0.622,-0.5987,-0.5581,-0.5139,-0.473,-0.4377,-0.408,-0.3831,-0.3622,-0.3447,-0.3299,-0.3173,-0.3065,-0.2973,-0.2892,-0.2823,-0.2761,-0.3912,-0.4141,-0.4434,-0.482,-0.5343,-0.6043,-0.6895,-0.7644,-0.7755,-0.7009,-0.5927,-0.5053,-0.4547,-0.4385,-0.4526,-0.4956,-0.5664,-0.6542,-0.7236,-0.7319,-0.6817,-0.6108,-0.5447,-0.4902,-0.4467,-0.4119,-0.3839,-0.3612,-0.3425,-0.327,-0.3141,-0.3032,-0.2938,-0.2858,-0.2789,-0.2729,-0.3894,-0.413,-0.4438,-0.4862,-0.5481,-0.6423,-0.7821,-0.943,-0.9906,-0.8372,-0.6381,-0.5048,-0.4384,-0.4202,-0.4403,-0.4985,-0.601,-0.7453,-0.8716,-0.8744,-0.7721,-0.6576,-0.5672,-0.5001,-0.45,-0.4115,-0.3814,-0.3575,-0.3382,-0.3225,-0.3096,-0.2987,-0.2895,-0.2817,-0.2749,-0.2691,-0.3848,-0.4076,-0.4372,-0.4781,-0.5397,-0.6413,-0.8181,-1.0793,-1.1906,-0.9209,-0.6291,-0.47,-0.401,-0.3863,-0.4129,-0.4814,-0.6039,-0.7925,-0.9767,-0.9705,-0.8178,-0.6738,-0.5711,-0.4986,-0.4456,-0.4056,-0.3749,-0.3508,-0.3317,-0.3163,-0.3037,-0.2932,-0.2844,-0.2769,-0.2704,-0.2648,-0.3777,-0.3985,-0.4245,-0.4586,-0.5071,-0.5838,-0.7167,-0.9181,-0.9936,-0.7518,-0.5144,-0.392,-0.3417,-0.3369,-0.3702,-0.4424,-0.5593,-0.7236,-0.8785,-0.8825,-0.7646,-0.6446,-0.5527,-0.4844,-0.433,-0.394,-0.3641,-0.341,-0.3229,-0.3085,-0.2967,-0.2868,-0.2785,-0.2714,-0.2653,-0.26,-0.369,-0.3876,-0.4095,-0.4351,-0.4652,-0.5011,-0.5426,-0.5741,-0.5362,-0.4255,-0.3395,-0.2914,-0.2689,-0.2744,-0.3152,-0.394,-0.5034,-0.6222,-0.711,-0.725,-0.6712,-0.5944,-0.5216,-0.4611,-0.4135,-0.3771,-0.3495,-0.3285,-0.3122,-0.2993,-0.2887,-0.2798,-0.2721,-0.2655,-0.2597,-0.2548,-0.3596,-0.3767,-0.3959,-0.4166,-0.4361,-0.4474,-0.4336,-0.3613,-0.215,-0.1372,-0.1816,-0.2002,-0.1927,-0.199,-0.248,-0.3501,-0.4882,-0.6167,-0.6854,-0.682,-0.63,-0.5591,-0.4902,-0.4327,-0.3884,-0.3555,-0.3315,-0.3138,-0.3002,-0.2894,-0.2802,-0.2723,-0.2653,-0.2591,-0.2537,-0.2491,-0.3499,-0.3665,-0.3857,-0.4075,-0.4304,-0.4489,-0.4432,-0.3432,-0.0114,0.1402,-0.0852,-0.1392,-0.1175,-0.1019,-0.1579,-0.3127,-0.5457,-0.775,-0.8577,-0.7812,-0.656,-0.5445,-0.4595,-0.399,-0.3575,-0.3297,-0.311,-0.2979,-0.2879,-0.2795,-0.2719,-0.2648,-0.2582,-0.2523,-0.2472,-0.2429,-0.3395,-0.3563,-0.3771,-0.4039,-0.4401,-0.4908,-0.5586,-0.5839,-0.2844,-0.0392,-0.1185,-0.1104,-0.0509,0.0272,-0.0389,-0.2827,-0.7028,-1.2334,-1.3273,-0.9987,-0.7064,-0.5236,-0.4161,-0.3542,-0.3193,-0.3001,-0.2892,-0.2824,-0.2767,-0.2709,-0.2645,-0.2577,-0.2511,-0.245,-0.2399,-0.2359,-0.3277,-0.3442,-0.3661,-0.3968,-0.4434,-0.5195,-0.6468,-0.7995,-0.6445,-0.3173,-0.166,-0.0975,-0.042,0.067,0.0092,-0.3003,-0.8783,-1.9766,-1.9902,-1.1561,-0.6811,-0.449,-0.3395,-0.2913,-0.273,-0.2683,-0.2689,-0.2699,-0.2689,-0.2651,-0.2588,-0.2512,-0.2435,-0.2368,-0.2316,-0.2279,-0.3138,-0.3289,-0.3493,-0.3785,-0.4226,-0.4919,-0.5944,-0.6985,-0.5992,-0.3177,-0.1493,-0.0895,-0.0736,-0.005,-0.0956,-0.4138,-0.8497,-1.4543,-1.5089,-0.8942,-0.4722,-0.2779,-0.2157,-0.2092,-0.2219,-0.2394,-0.2549,-0.2647,-0.2675,-0.2639,-0.2555,-0.2449,-0.2347,-0.2265,-0.2211,-0.2181,-0.2977,-0.3099,-0.3262,-0.3484,-0.3792,-0.4202,-0.4642,-0.4736,-0.3758,-0.2069,-0.0945,-0.0521,-0.012,0.0827,-0.1347,-0.6821,-1.1779,-0.8743,-0.7085,-0.3899,-0.0876,-0.0024,-0.0529,-0.1196,-0.1769,-0.2227,-0.2551,-0.2728,-0.2766,-0.2691,-0.2543,-0.2372,-0.2222,-0.212,-0.207,-0.2057,-0.2798,-0.2883,-0.2988,-0.3118,-0.3267,-0.3401,-0.3416,-0.3093,-0.2245,-0.1086,-0.02,-0.006,0.0012,0.0038,-0.1308,-0.5565,-0.9243,-0.5593,-0.2652,0.0215,0.3559,0.3049,0.0958,-0.0513,-0.1559,-0.2326,-0.2811,-0.3022,-0.3004,-0.2819,-0.2535,-0.2239,-0.2014,-0.1897,-0.1872,-0.1899,-0.2612,-0.2656,-0.2703,-0.2747,-0.2769,-0.273,-0.2555,-0.2156,-0.1503,-0.073,-0.0165,0.0028,0.0822,0.1196,0.0134,-0.1259,-0.2144,-0.0637,0.1132,0.2131,0.4243,0.3597,0.1419,-0.0342,-0.1781,-0.287,-0.347,-0.361,-0.3428,-0.3022,-0.2487,-0.1974,-0.1646,-0.1548,-0.16,-0.1706,-0.2426,-0.2433,-0.2431,-0.241,-0.2351,-0.2225,-0.1993,-0.1626,-0.114,-0.0622,-0.0179,0.0313,0.1229,0.1692,0.2696,0.3198,0.208,0.3081,0.4604,0.3424,0.3026,0.2449,0.1103,-0.0633,-0.2498,-0.3995,-0.4601,-0.4509,-0.4048,-0.3293,-0.2343,-0.1478,-0.1039,-0.1052,-0.1268,-0.1499,-0.225,-0.2227,-0.2188,-0.2123,-0.2018,-0.1855,-0.1616,-0.1293,-0.0902,-0.0477,-0.0025,0.0538,0.1352,0.2933,0.7592,0.9433,0.4789,0.4039,0.4803,0.4994,0.3794,0.2481,0.1031,-0.0955,-0.3413,-0.5367,-0.5775,-0.5517,-0.4846,-0.3662,-0.2149,-0.0812,-0.0304,-0.0539,-0.0976,-0.1338,-0.2088,-0.2042,-0.1976,-0.1885,-0.1756,-0.158,-0.1348,-0.1058,-0.0715,-0.0323,0.0138,0.0745,0.1699,0.3587,0.7149,0.8227,0.522,0.4547,0.6581,0.7588,0.4915,0.3153,0.1588,-0.0757,-0.38,-0.5878,-0.6214,-0.6765,-0.5932,-0.4237,-0.223,-0.0558,-0.0014,-0.0365,-0.0892,-0.1298,-0.1942,-0.1879,-0.1797,-0.169,-0.1551,-0.1372,-0.1151,-0.0883,-0.0567,-0.0198,0.0251,0.0841,0.1691,0.2959,0.4424,0.4888,0.4292,0.4371,0.5578,0.6018,0.4947,0.4371,0.3396,0.0562,-0.3563,-0.7464,-1.0797,-1.0028,-0.7429,-0.5007,-0.2836,-0.1217,-0.0592,-0.0735,-0.1094,-0.1404,-0.1814,-0.174,-0.1648,-0.1532,-0.1389,-0.1214,-0.1003,-0.0753,-0.0461,-0.0118,0.0294,0.0808,0.146,0.2238,0.2963,0.334,0.3444,0.3729,0.4288,0.4727,0.5419,0.7292,0.7563,0.3419,-0.2538,-0.8746,-1.3527,-1.1772,-0.8185,-0.5514,-0.3537,-0.2176,-0.1499,-0.1359,-0.1458,-0.1604,-0.1703,-0.1622,-0.1524,-0.1405,-0.1263,-0.1093,-0.0894,-0.0662,-0.0394,-0.0083,0.0279,0.0705,0.1195,0.1716,0.2187,0.2535,0.2806,0.3141,0.3623,0.4392,0.6169,0.9608,1.0603,0.568,-0.0729,-0.632,-0.965,-0.932,-0.728,-0.5346,-0.385,-0.2796,-0.2168,-0.1883,-0.1803,-0.1812,-0.1608,-0.1523,-0.1422,-0.1304,-0.1165,-0.1003,-0.0816,-0.0603,-0.0359,-0.0083,0.023,0.0579,0.0958,0.1344,0.1704,0.202,0.232,0.2669,0.3162,0.3995,0.555,0.7678,0.7975,0.4798,0.0326,-0.3554,-0.5902,-0.6395,-0.5706,-0.4685,-0.3741,-0.3002,-0.2495,-0.2193,-0.2038,-0.197]},{"header":{"la1":42.85,"la2":41.18,"lo1":11.55,"lo2":14.05,"nx":36,"ny":24,"dx":0.07143,"dy":0.07261,"parameterCategory":2,"parameterNumber":3,"parameterNumberName":"northward_wind","parameterUnit":"m.s-1"},"data":[-0.6721,-0.6653,-0.6567,-0.6464,-0.6347,-0.6222,-0.6098,-0.5983,-0.5881,-0.5785,-0.5681,-0.5551,-0.5381,-0.5164,-0.4903,-0.461,-0.431,-0.4035,-0.382,-0.369,-0.3653,-0.3695,-0.3792,-0.3921,-0.4064,-0.4209,-0.4349,-0.4483,-0.4609,-0.4729,-0.4841,-0.4948,-0.5048,-0.5142,-0.5231,-0.5314,-0.6801,-0.6726,-0.6627,-0.6503,-0.6356,-0.6196,-0.6038,-0.5902,-0.5801,-0.5727,-0.5651,-0.5539,-0.5364,-0.5115,-0.4792,-0.441,-0.4003,-0.3623,-0.3333,-0.3181,-0.3175,-0.3283,-0.3457,-0.3658,-0.3861,-0.4052,-0.4228,-0.439,-0.4538,-0.4675,-0.4803,-0.4922,-0.5034,-0.5139,-0.5236,-0.5326,-0.6895,-0.6815,-0.6702,-0.655,-0.6358,-0.6137,-0.5913,-0.5733,-0.5634,-0.5609,-0.5598,-0.5534,-0.5369,-0.5087,-0.4685,-0.4178,-0.3605,-0.3051,-0.2637,-0.2462,-0.253,-0.2763,-0.3065,-0.3371,-0.3651,-0.3898,-0.4113,-0.4304,-0.4475,-0.463,-0.4773,-0.4906,-0.5029,-0.5144,-0.525,-0.5348,-0.701,-0.6928,-0.6802,-0.6617,-0.6361,-0.6037,-0.5684,-0.5397,-0.5292,-0.5374,-0.5508,-0.5545,-0.5413,-0.51,-0.4603,-0.3925,-0.3097,-0.2241,-0.1602,-0.1409,-0.1652,-0.2124,-0.2631,-0.308,-0.3452,-0.3758,-0.4013,-0.4231,-0.4423,-0.4596,-0.4754,-0.4901,-0.5036,-0.5162,-0.5277,-0.5382,-0.7148,-0.7073,-0.6942,-0.6728,-0.6397,-0.5918,-0.5313,-0.4761,-0.4602,-0.4932,-0.5375,-0.5596,-0.5523,-0.5182,-0.4585,-0.37,-0.2501,-0.1115,-0.0038,0.014,-0.0504,-0.1405,-0.2204,-0.2823,-0.3289,-0.3648,-0.3935,-0.4176,-0.4386,-0.4575,-0.4748,-0.4909,-0.5057,-0.5194,-0.5319,-0.5432,-0.7314,-0.726,-0.7142,-0.6922,-0.6532,-0.5877,-0.4871,-0.3714,-0.3341,-0.4239,-0.5275,-0.5751,-0.5732,-0.5362,-0.4681,-0.361,-0.1986,0.0206,0.21,0.2168,0.0744,-0.0778,-0.1897,-0.2659,-0.3189,-0.358,-0.3886,-0.4142,-0.4366,-0.457,-0.4757,-0.4932,-0.5094,-0.5243,-0.5379,-0.5499,-0.7507,-0.7491,-0.7416,-0.7236,-0.6866,-0.6143,-0.4809,-0.2846,-0.2029,-0.3829,-0.5515,-0.6121,-0.6069,-0.5652,-0.4932,-0.3797,-0.1959,0.0863,0.3641,0.3554,0.1351,-0.0593,-0.1847,-0.264,-0.3172,-0.356,-0.3867,-0.4129,-0.4363,-0.458,-0.4783,-0.4974,-0.5152,-0.5315,-0.5461,-0.559,-0.772,-0.776,-0.776,-0.7683,-0.7453,-0.6927,-0.5864,-0.4202,-0.3544,-0.5191,-0.6494,-0.6768,-0.6518,-0.6024,-0.5318,-0.4288,-0.2694,-0.0306,0.208,0.217,0.0474,-0.1079,-0.2103,-0.2766,-0.3227,-0.3578,-0.387,-0.4131,-0.4374,-0.4605,-0.4827,-0.5038,-0.5235,-0.5414,-0.5573,-0.571,-0.794,-0.8048,-0.8148,-0.822,-0.8226,-0.8104,-0.7794,-0.742,-0.7522,-0.804,-0.804,-0.7565,-0.6988,-0.6408,-0.575,-0.4892,-0.3738,-0.2296,-0.0991,-0.0645,-0.1198,-0.1926,-0.2517,-0.2962,-0.3313,-0.3611,-0.3881,-0.414,-0.4394,-0.4646,-0.4892,-0.5129,-0.5349,-0.5548,-0.5721,-0.5866,-0.8147,-0.8327,-0.8534,-0.8769,-0.9031,-0.9313,-0.9625,-1.0105,-1.0961,-1.1108,-0.9673,-0.8241,-0.7336,-0.674,-0.615,-0.5387,-0.4473,-0.3555,-0.2819,-0.2439,-0.2426,-0.2616,-0.2866,-0.3122,-0.3375,-0.3626,-0.3882,-0.4146,-0.442,-0.4701,-0.4982,-0.5254,-0.5507,-0.573,-0.5918,-0.6068,-0.8322,-0.8564,-0.8865,-0.9245,-0.973,-1.0332,-1.1011,-1.1734,-1.3336,-1.4184,-1.0795,-0.8482,-0.7469,-0.705,-0.6556,-0.5704,-0.4718,-0.3903,-0.3392,-0.3097,-0.295,-0.2933,-0.3015,-0.3166,-0.3364,-0.3594,-0.3853,-0.4137,-0.4446,-0.4773,-0.5105,-0.5428,-0.5723,-0.5976,-0.618,-0.6333,-0.8446,-0.8731,-0.9096,-0.9577,-1.0223,-1.1084,-1.2121,-1.2863,-1.2938,-1.2846,-1.0171,-0.8168,-0.7437,-0.7556,-0.7093,-0.5815,-0.4471,-0.3539,-0.3222,-0.3106,-0.297,-0.2891,-0.2921,-0.3052,-0.3251,-0.3496,-0.378,-0.4104,-0.4468,-0.4864,-0.5274,-0.5669,-0.6024,-0.6315,-0.6533,-0.6679,-0.8508,-0.8809,-0.9198,-0.9714,-1.0419,-1.14,-1.2707,-1.3913,-1.3051,-1.1018,-0.8994,-0.7716,-0.722,-0.7681,-0.7212,-0.5355,-0.3734,-0.2939,-0.2889,-0.2851,-0.2641,-0.2504,-0.256,-0.2761,-0.3026,-0.332,-0.3649,-0.4032,-0.448,-0.4983,-0.5509,-0.6014,-0.645,-0.6787,-0.7011,-0.7133,-0.8507,-0.8797,-0.9164,-0.9642,-1.0274,-1.1118,-1.2173,-1.3106,-1.2359,-1.0022,-0.8259,-0.7591,-0.7295,-0.5215,-0.5512,-0.3598,-0.1728,-0.235,-0.2626,-0.2357,-0.1834,-0.1614,-0.1863,-0.229,-0.2695,-0.3059,-0.3439,-0.39,-0.4471,-0.5138,-0.5846,-0.6517,-0.7071,-0.7455,-0.7664,-0.7726,-0.8449,-0.8706,-0.9019,-0.9404,-0.9873,-1.0419,-1.0949,-1.1121,-1.0331,-0.8882,-0.7816,-0.7105,-0.5716,-0.3137,-0.4379,-0.0196,0.4573,-0.0202,-0.1885,-0.1315,0.0099,0.0241,-0.0768,-0.1703,-0.2298,-0.2696,-0.31,-0.3655,-0.4413,-0.534,-0.6342,-0.7276,-0.7995,-0.8417,-0.8557,-0.8495,-0.8348,-0.856,-0.8804,-0.908,-0.9375,-0.9647,-0.9792,-0.9619,-0.8997,-0.8207,-0.7893,-0.7112,-0.672,-0.5659,-0.4776,-0.1036,0.2429,-0.0762,-0.1952,-0.0044,0.3985,0.3203,0.0349,-0.1237,-0.1887,-0.2154,-0.2496,-0.3182,-0.4248,-0.5604,-0.7089,-0.8448,-0.9398,-0.9807,-0.9764,-0.946,-0.822,-0.8385,-0.8562,-0.8743,-0.8905,-0.9009,-0.8988,-0.8773,-0.8376,-0.7983,-0.7869,-0.7617,-0.8636,-0.9137,-0.6544,-0.4499,-0.3161,-0.3458,-0.3476,-0.0855,0.4382,0.3375,0.0225,-0.1203,-0.1417,-0.1172,-0.1315,-0.2278,-0.39,-0.5945,-0.8213,-1.0268,-1.1521,-1.1763,-1.1313,-1.0595,-0.8079,-0.8202,-0.8324,-0.8434,-0.8513,-0.8535,-0.8469,-0.83,-0.8065,-0.7857,-0.7769,-0.7953,-0.9174,-0.9449,-0.7957,-0.7146,-0.5733,-0.5293,-0.5697,-0.3781,-0.106,-0.0437,-0.1269,-0.1529,-0.0653,0.0818,0.1027,-0.0747,-0.3367,-0.6375,-0.9784,-1.292,-1.4503,-1.4253,-1.3069,-1.1758,-0.7937,-0.8025,-0.8106,-0.8169,-0.8201,-0.8189,-0.8121,-0.8001,-0.7856,-0.7739,-0.7709,-0.7853,-0.8208,-0.848,-0.9647,-1.0226,-0.7267,-0.5821,-0.5673,-0.514,-0.4013,-0.3159,-0.2808,-0.2011,0.026,0.4013,0.4748,0.088,-0.3018,-0.6843,-1.1438,-1.5876,-1.7683,-1.6614,-1.4547,-1.2654,-0.78,-0.7862,-0.7913,-0.7946,-0.7954,-0.7929,-0.7869,-0.7782,-0.7687,-0.7612,-0.7591,-0.7657,-0.7832,-0.8243,-0.9351,-0.9602,-0.7513,-0.6123,-0.5871,-0.5942,-0.5245,-0.4719,-0.4219,-0.3013,-0.0339,0.4216,0.5158,-0.0149,-0.3647,-0.7177,-1.2028,-1.698,-1.8838,-1.7407,-1.502,-1.2943,-0.7673,-0.7714,-0.7745,-0.7759,-0.7754,-0.7725,-0.7674,-0.7607,-0.7536,-0.7479,-0.7452,-0.7474,-0.7567,-0.7779,-0.8064,-0.7894,-0.7034,-0.6246,-0.5936,-0.5888,-0.5928,-0.6248,-0.6121,-0.4866,-0.3022,-0.2288,-0.4772,-0.4939,-0.515,-0.7268,-1.1015,-1.4985,-1.6757,-1.5983,-1.4217,-1.2516,-0.7555,-0.7582,-0.7599,-0.7602,-0.7589,-0.7559,-0.7514,-0.7459,-0.74,-0.7348,-0.7312,-0.73,-0.7318,-0.7357,-0.7347,-0.714,-0.6724,-0.6327,-0.6152,-0.6297,-0.7072,-0.8631,-0.9023,-0.7151,-0.5361,-0.5724,-0.7818,-0.6967,-0.617,-0.7215,-0.955,-1.2108,-1.3574,-1.3557,-1.2683,-1.1605,-0.7449,-0.7465,-0.7472,-0.7467,-0.745,-0.742,-0.7379,-0.733,-0.7276,-0.7225,-0.718,-0.7143,-0.7111,-0.707,-0.6984,-0.6818,-0.6593,-0.6413,-0.6418,-0.6813,-0.8026,-1.0197,-1.0791,-0.8539,-0.6551,-0.6153,-0.6637,-0.6552,-0.6436,-0.7107,-0.8482,-1.0021,-1.1088,-1.1398,-1.1119,-1.0562,-0.7353,-0.7361,-0.7361,-0.7351,-0.7331,-0.7301,-0.7262,-0.7216,-0.7166,-0.7114,-0.7062,-0.701,-0.6954,-0.6886,-0.6792,-0.667,-0.6545,-0.6483,-0.6585,-0.7008,-0.7953,-0.9229,-0.9505,-0.8249,-0.691,-0.6313,-0.6258,-0.6307,-0.6475,-0.6982,-0.7821,-0.8759,-0.9495,-0.9855,-0.9854,-0.9619]}]