docs/data/wind_grid.json
[{"header":{"la1":42.85,"la2":41.18,"lo1":11.55,"lo2":14.05,"nx":36,"ny":24,"dx":0.07143,"dy":0.07261,"parameterCategory":2,"parameterNumber":2,"parameterNumberName":"eastward_wind","parameterUnit":"m.s-1"},"data":[0.0245,0.0226,0.0217,0.0223,0.025,0.031,0.0419,0.0595,0.0861,0.1235,0.173,0.235,0.3081,0.3876,0.4632,0.52,0.5455,0.5389,0.5107,0.4745,0.4394,0.4095,0.3857,0.3674,0.3535,0.3429,0.3349,0.3288,0.3241,0.3205,0.3175,0.3151,0.3131,0.3113,0.3097,0.3082,0.0113,0.0076,0.0044,0.0022,0.0017,0.0042,0.0118,0.0274,0.0546,0.0963,0.1552,0.233,0.3305,0.444,0.5592,0.6463,0.6762,0.648,0.5885,0.5251,0.4713,0.43,0.3995,0.3774,0.3614,0.3496,0.341,0.3345,0.3295,0.3257,0.3227,0.3202,0.3181,0.3162,0.3145,0.3129,-0.0021,-0.0079,-0.0137,-0.0193,-0.0242,-0.0271,-0.0254,-0.0147,0.0108,0.0563,0.125,0.2201,0.3466,0.5078,0.6891,0.8339,0.8682,0.7923,0.6767,0.5741,0.4982,0.4456,0.4096,0.3849,0.3675,0.3552,0.3463,0.3397,0.3347,0.3309,0.3279,0.3254,0.3232,0.3213,0.3194,0.3177,-0.0153,-0.0233,-0.032,-0.0414,-0.0517,-0.0621,-0.0702,-0.0693,-0.0489,-0.0003,0.0787,0.1899,0.3431,0.5561,0.8299,1.0743,1.1119,0.9475,0.7516,0.6065,0.5125,0.4529,0.4145,0.3891,0.3718,0.3597,0.351,0.3446,0.3399,0.3362,0.3332,0.3307,0.3286,0.3266,0.3246,0.3228,-0.0279,-0.0381,-0.0495,-0.0627,-0.0787,-0.0984,-0.1211,-0.1382,-0.1286,-0.0747,0.0175,0.1401,0.3045,0.5418,0.8787,1.2162,1.2575,1.0125,0.7646,0.6032,0.5072,0.4497,0.4137,0.3903,0.3744,0.3633,0.3553,0.3494,0.345,0.3416,0.3388,0.3364,0.3342,0.3322,0.3301,0.3281,-0.0396,-0.0516,-0.0653,-0.0816,-0.1022,-0.1304,-0.1701,-0.2157,-0.2254,-0.158,-0.0468,0.0792,0.231,0.4379,0.7239,1.0114,1.0623,0.878,0.6851,0.5588,0.4836,0.438,0.409,0.3896,0.3762,0.3666,0.3596,0.3544,0.3505,0.3474,0.3448,0.3425,0.3403,0.3381,0.3359,0.3337,-0.0501,-0.0636,-0.079,-0.097,-0.1195,-0.1506,-0.1983,-0.266,-0.2953,-0.2109,-0.0912,0.0231,0.1451,0.2928,0.4717,0.6379,0.6964,0.6415,0.5594,0.4958,0.4531,0.4242,0.4039,0.3891,0.3783,0.3703,0.3644,0.3599,0.3566,0.3538,0.3514,0.3491,0.3469,0.3446,0.3422,0.3397,-0.0592,-0.074,-0.0905,-0.1093,-0.1312,-0.1583,-0.1948,-0.2403,-0.2553,-0.1951,-0.1094,-0.0221,0.0693,0.1694,0.2784,0.3798,0.4449,0.4658,0.461,0.4474,0.4316,0.4162,0.4024,0.3909,0.3819,0.3751,0.37,0.3663,0.3634,0.361,0.3587,0.3565,0.3541,0.3515,0.3488,0.346,-0.0669,-0.0828,-0.1005,-0.1199,-0.1412,-0.1641,-0.1879,-0.2084,-0.2132,-0.1888,-0.1339,-0.0633,0.0094,0.0832,0.1634,0.2489,0.3283,0.3885,0.4236,0.4354,0.4314,0.4201,0.4074,0.3963,0.3876,0.3814,0.377,0.3739,0.3715,0.3693,0.3671,0.3647,0.362,0.3591,0.3559,0.3526,-0.0729,-0.09,-0.109,-0.13,-0.1526,-0.1762,-0.2002,-0.2268,-0.2591,-0.2572,-0.1852,-0.1037,-0.0375,0.022,0.0932,0.1884,0.2991,0.3981,0.457,0.4708,0.4581,0.4378,0.4193,0.4052,0.3955,0.3893,0.3854,0.3829,0.3809,0.379,0.3767,0.3739,0.3707,0.3672,0.3635,0.3596,-0.077,-0.0951,-0.1157,-0.1388,-0.1647,-0.1929,-0.2222,-0.2565,-0.3358,-0.3757,-0.2357,-0.1359,-0.0756,-0.0304,0.0353,0.1595,0.3358,0.5075,0.585,0.5629,0.5102,0.4655,0.435,0.4159,0.4047,0.3986,0.3955,0.3938,0.3923,0.3904,0.3877,0.3843,0.3803,0.3759,0.3713,0.3667,-0.0789,-0.0977,-0.1194,-0.1446,-0.1741,-0.2084,-0.2447,-0.271,-0.2988,-0.3173,-0.2286,-0.1667,-0.1125,-0.0793,-0.0272,0.1461,0.4426,0.7914,0.8693,0.7091,0.5713,0.4917,0.4486,0.4256,0.4141,0.4092,0.4077,0.4072,0.4063,0.4041,0.4005,0.3958,0.3905,0.3849,0.3792,0.3737,-0.0781,-0.097,-0.1189,-0.1449,-0.1761,-0.214,-0.2574,-0.2909,-0.2745,-0.2432,-0.2248,-0.2599,-0.2013,-0.0926,-0.0502,0.1721,0.5719,1.2251,1.2406,0.8185,0.5982,0.4999,0.4538,0.432,0.4232,0.4216,0.4231,0.4244,0.4238,0.4206,0.4152,0.4083,0.4009,0.3936,0.3867,0.3803,-0.0746,-0.0928,-0.1138,-0.1384,-0.1677,-0.2023,-0.2403,-0.27,-0.2567,-0.2223,-0.234,-0.3966,-0.4213,-0.0255,0.0144,0.29,0.6242,0.9635,1.0041,0.7235,0.5562,0.4834,0.4499,0.4353,0.4329,0.4376,0.4437,0.4473,0.4463,0.4407,0.4317,0.4211,0.4105,0.401,0.3928,0.3857,-0.0686,-0.0852,-0.1042,-0.1257,-0.1501,-0.1767,-0.202,-0.2169,-0.2123,-0.2096,-0.224,-0.2312,-0.1825,-0.1885,0.0531,0.56,0.989,0.7279,0.6411,0.5487,0.4887,0.4622,0.4437,0.4379,0.4458,0.4605,0.4736,0.4793,0.4759,0.4648,0.4492,0.4323,0.4172,0.4053,0.3962,0.3891,-0.0603,-0.075,-0.0912,-0.109,-0.1278,-0.1465,-0.1625,-0.1732,-0.1838,-0.2219,-0.3194,-0.2059,-0.1377,-0.0491,0.1169,0.5085,0.8169,0.5895,0.466,0.4457,0.4783,0.4683,0.4407,0.442,0.4662,0.4972,0.5195,0.5253,0.5151,0.4932,0.4654,0.4383,0.4171,0.4033,0.395,0.3895,-0.0504,-0.063,-0.0763,-0.0902,-0.1043,-0.1174,-0.1288,-0.1393,-0.1566,-0.2014,-0.2837,-0.1836,0.0245,0.1236,0.1507,0.2976,0.3976,0.3504,0.3002,0.3606,0.4712,0.459,0.4285,0.4484,0.5015,0.5586,0.5911,0.5911,0.5662,0.5248,0.476,0.4321,0.4035,0.3909,0.3874,0.3863,-0.0394,-0.0498,-0.0604,-0.071,-0.0812,-0.0904,-0.0984,-0.1062,-0.117,-0.1325,-0.1319,-0.0593,0.0926,0.1497,0.18,0.2387,0.2568,0.1948,0.1223,0.2323,0.3364,0.3762,0.3989,0.4598,0.5595,0.6551,0.6935,0.6774,0.6296,0.5585,0.4757,0.405,0.3695,0.3657,0.3736,0.3804,-0.0278,-0.0361,-0.0443,-0.0521,-0.0592,-0.0651,-0.0696,-0.0728,-0.0743,-0.0705,-0.0497,0.0018,0.075,0.1457,0.2471,0.2814,0.2309,0.1753,0.1369,0.1717,0.2354,0.297,0.3618,0.4698,0.6272,0.7625,0.791,0.7675,0.7041,0.5969,0.4675,0.3603,0.3215,0.3354,0.3593,0.3751,-0.0159,-0.0223,-0.0284,-0.0338,-0.0383,-0.0414,-0.0426,-0.0415,-0.0366,-0.0249,-0.0012,0.0381,0.0909,0.1571,0.2374,0.2612,0.2194,0.1801,0.1358,0.1198,0.1775,0.2279,0.3017,0.4489,0.6591,0.8042,0.8277,0.8759,0.8004,0.6501,0.4781,0.3427,0.3013,0.3248,0.356,0.3753,-0.004,-0.0088,-0.0131,-0.0165,-0.0188,-0.0195,-0.0182,-0.014,-0.0057,0.0085,0.0309,0.0626,0.1027,0.1487,0.1908,0.2076,0.1974,0.1762,0.1492,0.1382,0.1365,0.1153,0.1578,0.3512,0.6507,0.9498,1.2227,1.1557,0.9305,0.7178,0.5295,0.3944,0.3436,0.3507,0.3701,0.3831,0.0076,0.0042,0.0015,-0.0003,-0.0008,0.0002,0.0035,0.0095,0.0191,0.0335,0.0534,0.079,0.109,0.1401,0.1662,0.1801,0.1806,0.1706,0.1526,0.1224,0.0401,-0.1237,-0.1517,0.1429,0.5807,1.0635,1.4531,1.3045,0.9962,0.7617,0.5877,0.4696,0.4108,0.3943,0.3942,0.3958,0.0188,0.0166,0.0152,0.0147,0.0155,0.0179,0.0223,0.0292,0.0392,0.0527,0.07,0.0907,0.1135,0.136,0.1547,0.1663,0.1692,0.1621,0.141,0.0881,-0.048,-0.2994,-0.3703,-0.0226,0.4431,0.8693,1.1321,1.0985,0.9192,0.7467,0.6121,0.5172,0.4597,0.4303,0.4162,0.408,0.0295,0.0283,0.0279,0.0285,0.0303,0.0336,0.0387,0.0459,0.0556,0.0679,0.0828,0.0998,0.1177,0.135,0.1496,0.1593,0.1623,0.1561,0.1346,0.0831,-0.0233,-0.1701,-0.1901,0.0325,0.3542,0.6431,0.8208,0.8513,0.7838,0.6881,0.5998,0.5302,0.4813,0.4496,0.4296,0.4159]},{"header":{"la1":42.85,"la2":41.18,"lo1":11.55,"lo2":14.05,"nx":36,"ny":24,"dx":0.07143,"dy":0.07261,"parameterCategory":2,"parameterNumber":3,"parameterNumberName":"northward_wind","parameterUnit":"m.s-1"},"data":[-0.0011,-0.0234,-0.048,-0.074,-0.1003,-0.1244,-0.1434,-0.154,-0.1544,-0.1452,-0.1293,-0.1111,-0.0946,-0.082,-0.0728,-0.0644,-0.0526,-0.0352,-0.0126,0.013,0.0394,0.0652,0.0898,0.1129,0.1346,0.155,0.1741,0.192,0.2089,0.2247,0.2395,0.2533,0.266,0.2778,0.2887,0.2985,-0.0069,-0.0332,-0.0634,-0.0971,-0.1329,-0.1678,-0.1967,-0.2135,-0.2137,-0.1977,-0.1712,-0.1426,-0.119,-0.1041,-0.0976,-0.0937,-0.0838,-0.0632,-0.0341,-0.0017,0.0303,0.0603,0.088,0.1134,0.1369,0.1587,0.1791,0.198,0.2158,0.2324,0.2479,0.2623,0.2756,0.2878,0.2989,0.309,-0.0098,-0.0403,-0.0769,-0.1202,-0.1696,-0.2217,-0.2687,-0.2982,-0.2991,-0.2705,-0.2247,-0.178,-0.1427,-0.1247,-0.1238,-0.13,-0.1243,-0.0971,-0.0571,-0.0151,0.0235,0.0579,0.0885,0.116,0.1411,0.1642,0.1856,0.2056,0.2242,0.2416,0.2577,0.2727,0.2865,0.2991,0.3105,0.3208,-0.0086,-0.0427,-0.0858,-0.1402,-0.2077,-0.2867,-0.367,-0.4248,-0.4302,-0.3771,-0.2943,-0.217,-0.1637,-0.1404,-0.1474,-0.1708,-0.1715,-0.1317,-0.0758,-0.0232,0.0214,0.0593,0.0921,0.1212,0.1475,0.1716,0.1939,0.2148,0.2342,0.2523,0.2692,0.2848,0.2991,0.312,0.3237,0.3341,-0.0017,-0.038,-0.0861,-0.1511,-0.2394,-0.3565,-0.4966,-0.6188,-0.6418,-0.5359,-0.3812,-0.2558,-0.179,-0.147,-0.1566,-0.1933,-0.1985,-0.1462,-0.0789,-0.0207,0.0265,0.0657,0.0993,0.1291,0.1561,0.181,0.2041,0.2257,0.2459,0.2648,0.2824,0.2986,0.3134,0.3268,0.3387,0.3491,0.0119,-0.0238,-0.0733,-0.1442,-0.2493,-0.4076,-0.6362,-0.8924,-0.9703,-0.7476,-0.4655,-0.2809,-0.184,-0.143,-0.1416,-0.1642,-0.1642,-0.1185,-0.0589,-0.0056,0.0391,0.077,0.1101,0.1399,0.1672,0.1925,0.2162,0.2385,0.2595,0.2792,0.2976,0.3144,0.3298,0.3435,0.3556,0.366,0.0328,0.0011,-0.044,-0.1113,-0.2173,-0.3925,-0.6866,-1.1021,-1.2743,-0.8813,-0.4779,-0.2684,-0.1733,-0.1321,-0.1174,-0.1142,-0.1022,-0.0694,-0.0256,0.0179,0.0572,0.0923,0.124,0.1531,0.1803,0.2059,0.2302,0.2533,0.2751,0.2957,0.3149,0.3325,0.3485,0.3627,0.3749,0.3853,0.0601,0.0361,0.0018,-0.0503,-0.1339,-0.2746,-0.514,-0.8541,-0.9848,-0.657,-0.3533,-0.2095,-0.15,-0.1232,-0.1054,-0.0871,-0.0632,-0.0313,0.0056,0.0428,0.0776,0.1098,0.1399,0.1682,0.1952,0.2211,0.246,0.2699,0.2927,0.3144,0.3346,0.3532,0.3699,0.3846,0.397,0.4071,0.092,0.0783,0.0593,0.0311,-0.0136,-0.0862,-0.1965,-0.3171,-0.3406,-0.2468,-0.1673,-0.1367,-0.1321,-0.1299,-0.1161,-0.088,-0.0502,-0.0089,0.0309,0.0667,0.0988,0.1286,0.157,0.1846,0.2115,0.2378,0.2634,0.2884,0.3125,0.3355,0.3571,0.377,0.3946,0.4098,0.4223,0.4321,0.1254,0.1229,0.121,0.1192,0.1162,0.1081,0.0884,0.0569,0.0359,0.0196,-0.0305,-0.0917,-0.1432,-0.1695,-0.158,-0.1128,-0.0513,0.0088,0.0567,0.092,0.1209,0.1478,0.1746,0.2016,0.2287,0.2557,0.2824,0.3087,0.3345,0.3593,0.3828,0.4043,0.4233,0.4392,0.4517,0.4609,0.1572,0.165,0.1786,0.2008,0.2349,0.2813,0.3233,0.299,0.1589,0.1046,0.035,-0.0915,-0.1983,-0.2599,-0.241,-0.1571,-0.0519,0.0406,0.0963,0.1235,0.1443,0.1668,0.1918,0.2185,0.2463,0.2744,0.3026,0.3308,0.3588,0.3862,0.4123,0.4363,0.457,0.4737,0.4862,0.4943,0.1847,0.2002,0.2251,0.265,0.3279,0.4242,0.5541,0.6301,0.3827,0.1696,0.0437,-0.1293,-0.2822,-0.4082,-0.3599,-0.2049,-0.0326,0.1196,0.1698,0.1627,0.1667,0.1831,0.2066,0.234,0.2634,0.2934,0.3237,0.3543,0.3854,0.4165,0.4465,0.4739,0.4972,0.5151,0.5271,0.5335,0.206,0.2257,0.2562,0.3039,0.3795,0.5004,0.6876,0.8907,0.7073,0.3021,0.0209,-0.1844,-0.3146,-0.4591,-0.4108,-0.2132,-0.0027,0.2442,0.2603,0.1928,0.1804,0.1912,0.215,0.2461,0.2793,0.3122,0.3449,0.3786,0.4139,0.4505,0.4865,0.5194,0.5464,0.5657,0.5766,0.58,0.2208,0.241,0.271,0.3159,0.3836,0.4854,0.6273,0.764,0.6409,0.2724,-0.0062,-0.2291,-0.3147,-0.5499,-0.3293,-0.1777,-0.0485,0.1503,0.2114,0.1877,0.1713,0.1763,0.2091,0.2525,0.2934,0.3299,0.3649,0.4021,0.4435,0.4885,0.5341,0.5757,0.6084,0.6291,0.6373,0.6353,0.2298,0.2477,0.2728,0.3075,0.3545,0.4146,0.4769,0.4936,0.3763,0.1662,0.0092,-0.1024,-0.2486,-0.3896,-0.235,-0.1631,-0.2395,0.0191,0.1716,0.1727,0.0976,0.0982,0.1778,0.254,0.3069,0.3449,0.3799,0.4211,0.4718,0.5306,0.5921,0.648,0.6892,0.7106,0.7129,0.7012,0.2347,0.2488,0.2671,0.2897,0.3157,0.3403,0.35,0.3192,0.227,0.1014,0.0147,0.0016,-0.0176,-0.0802,-0.0321,-0.0449,-0.1163,0.1369,0.2955,0.1755,-0.1441,-0.084,0.1386,0.2651,0.3227,0.3513,0.3805,0.4274,0.4945,0.5765,0.6648,0.7446,0.7984,0.8174,0.8067,0.7784,0.2371,0.2474,0.2594,0.2721,0.2834,0.2881,0.278,0.2431,0.1807,0.1039,0.0415,0.077,0.3279,0.46,0.27,0.2616,0.3206,0.539,0.6789,0.3861,-0.1527,-0.0711,0.1931,0.3111,0.3374,0.3293,0.3429,0.4057,0.5054,0.6262,0.7581,0.8774,0.9483,0.9563,0.9195,0.8642,0.2389,0.246,0.2533,0.2596,0.263,0.2601,0.2472,0.2218,0.1864,0.1524,0.1451,0.2204,0.459,0.5513,0.5692,0.6583,0.6845,1.0047,1.3183,0.8817,0.4562,0.3304,0.3746,0.3897,0.3305,0.2311,0.2181,0.3388,0.5043,0.6799,0.8737,1.0535,1.1437,1.1225,1.041,0.9487,0.241,0.2459,0.2504,0.2534,0.2538,0.25,0.2407,0.2267,0.212,0.2062,0.2262,0.2947,0.4173,0.5891,1.0078,1.1765,0.9059,1.0745,1.2755,1.1819,0.8934,0.667,0.5658,0.4781,0.3038,0.0221,-0.0329,0.2594,0.5203,0.7375,0.9883,1.2372,1.3408,1.2734,1.1403,1.0129,0.2441,0.2477,0.2508,0.2528,0.253,0.2511,0.2471,0.2428,0.2423,0.2524,0.2835,0.3472,0.4564,0.6503,0.9791,1.0898,0.9397,1.0522,1.4042,1.5478,1.1253,0.862,0.7291,0.5997,0.3866,0.0255,-0.0493,0.3951,0.6221,0.7947,1.0382,1.305,1.4099,1.3237,1.1736,1.0361,0.2483,0.2514,0.2542,0.2564,0.2578,0.2586,0.2596,0.2626,0.271,0.2897,0.3251,0.3848,0.4777,0.6129,0.7672,0.8469,0.8755,1.0002,1.2297,1.2978,1.1055,0.9846,0.9144,0.7849,0.6425,0.6346,0.9244,0.9044,0.8081,0.8452,1.001,1.198,1.2907,1.2404,1.1272,1.0129,0.2534,0.2566,0.2597,0.2627,0.2658,0.2693,0.2742,0.2823,0.296,0.3187,0.3545,0.4073,0.4801,0.5706,0.6631,0.7369,0.8051,0.9017,1.0105,1.0595,1.0714,1.1663,1.1898,1.0028,0.8586,0.9735,1.262,1.1326,0.9258,0.8751,0.939,1.0464,1.1118,1.0992,1.0361,0.9586,0.2594,0.2629,0.2666,0.2707,0.2753,0.2811,0.289,0.3003,0.3169,0.3409,0.3748,0.4203,0.4778,0.5442,0.613,0.6791,0.7464,0.8214,0.8978,0.971,1.0892,1.3047,1.3663,1.1314,0.9502,0.964,1.0579,1.0221,0.9205,0.872,0.8881,0.936,0.9727,0.9737,0.9427,0.8951,0.2658,0.2698,0.2743,0.2794,0.2854,0.293,0.3029,0.316,0.3339,0.3577,0.3889,0.4282,0.4753,0.5283,0.5844,0.6419,0.7018,0.7656,0.8344,0.9168,1.0374,1.1859,1.219,1.0833,0.9528,0.9151,0.9254,0.9115,0.8724,0.8455,0.8459,0.8639,0.8806,0.8821,0.8656,0.8365]}]