docs/data/wind_grid.json
[{"header":{"la1":42.85,"la2":41.18,"lo1":11.55,"lo2":14.05,"nx":36,"ny":24,"dx":0.07143,"dy":0.07261,"parameterCategory":2,"parameterNumber":2,"parameterNumberName":"eastward_wind","parameterUnit":"m.s-1"},"data":[-0.8525,-0.8647,-0.8773,-0.8899,-0.9015,-0.9103,-0.9135,-0.9081,-0.8921,-0.8655,-0.8312,-0.7936,-0.7567,-0.7236,-0.6957,-0.6736,-0.6568,-0.6444,-0.6355,-0.6289,-0.6238,-0.6195,-0.6155,-0.6115,-0.6076,-0.6035,-0.5995,-0.5956,-0.5918,-0.5882,-0.5849,-0.5818,-0.5789,-0.5764,-0.5741,-0.572,-0.8702,-0.8858,-0.9028,-0.9213,-0.9404,-0.958,-0.9695,-0.9689,-0.9512,-0.9158,-0.868,-0.816,-0.7667,-0.7245,-0.6909,-0.6658,-0.6481,-0.6361,-0.6283,-0.6231,-0.6192,-0.6159,-0.6125,-0.6088,-0.6049,-0.6008,-0.5966,-0.5924,-0.5884,-0.5847,-0.5812,-0.578,-0.5751,-0.5725,-0.5702,-0.5682,-0.8884,-0.9077,-0.9297,-0.9556,-0.9856,-1.0178,-1.0457,-1.057,-1.039,-0.9889,-0.918,-0.8429,-0.7757,-0.7216,-0.6815,-0.6537,-0.6361,-0.6257,-0.6201,-0.617,-0.6148,-0.6126,-0.6099,-0.6065,-0.6024,-0.598,-0.5935,-0.589,-0.5848,-0.5808,-0.5772,-0.5739,-0.5709,-0.5683,-0.566,-0.564,-0.9069,-0.9298,-0.9568,-0.9908,-1.0349,-1.0904,-1.1502,-1.1906,-1.1776,-1.0999,-0.986,-0.873,-0.7804,-0.7118,-0.665,-0.6359,-0.6203,-0.6137,-0.6117,-0.6115,-0.6113,-0.6103,-0.6081,-0.6046,-0.6002,-0.5953,-0.5902,-0.5853,-0.5807,-0.5765,-0.5727,-0.5693,-0.5663,-0.5637,-0.5614,-0.5594,-0.9259,-0.9518,-0.9827,-1.0234,-1.0823,-1.1703,-1.2888,-1.3997,-1.4087,-1.2714,-1.0727,-0.8996,-0.7744,-0.6903,-0.6379,-0.6102,-0.6007,-0.6016,-0.6053,-0.608,-0.6094,-0.6093,-0.6074,-0.6035,-0.5983,-0.5925,-0.5866,-0.5811,-0.5761,-0.5716,-0.5677,-0.5642,-0.5612,-0.5586,-0.5564,-0.5545,-0.9459,-0.9747,-1.0073,-1.0497,-1.1165,-1.2355,-1.4411,-1.706,-1.787,-1.5099,-1.1554,-0.9044,-0.7475,-0.6505,-0.595,-0.5727,-0.576,-0.5921,-0.6048,-0.6083,-0.6097,-0.6103,-0.6081,-0.6031,-0.5964,-0.5892,-0.5823,-0.576,-0.5706,-0.566,-0.562,-0.5585,-0.5556,-0.553,-0.5508,-0.549,-0.9689,-1.0016,-1.0346,-1.071,-1.1271,-1.2452,-1.5041,-1.9526,-2.1599,-1.6656,-1.154,-0.859,-0.6901,-0.5858,-0.5266,-0.5125,-0.5387,-0.5825,-0.6091,-0.6104,-0.6121,-0.6138,-0.6106,-0.6034,-0.5942,-0.585,-0.5768,-0.5698,-0.5641,-0.5594,-0.5555,-0.5522,-0.5493,-0.5468,-0.5447,-0.543,-0.9969,-1.0388,-1.0765,-1.1031,-1.1251,-1.1828,-1.3517,-1.6752,-1.8077,-1.3958,-0.992,-0.755,-0.6043,-0.4918,-0.4144,-0.4035,-0.4678,-0.5537,-0.6013,-0.6122,-0.6202,-0.6224,-0.6157,-0.6039,-0.5908,-0.5789,-0.5693,-0.5618,-0.5562,-0.5518,-0.5482,-0.5451,-0.5423,-0.5399,-0.5379,-0.5364,-1.0299,-1.0922,-1.1531,-1.1845,-1.1597,-1.1111,-1.1049,-1.1365,-1.087,-0.9168,-0.7577,-0.6311,-0.5108,-0.3738,-0.2205,-0.1833,-0.3399,-0.5124,-0.6046,-0.6377,-0.6469,-0.6403,-0.6235,-0.6032,-0.5844,-0.5694,-0.5586,-0.5514,-0.5465,-0.543,-0.54,-0.5372,-0.5346,-0.5323,-0.5304,-0.5289,-1.0614,-1.157,-1.2768,-1.37,-1.3066,-1.1083,-0.9443,-0.8113,-0.6451,-0.5531,-0.5698,-0.5352,-0.4413,-0.2752,0.0792,0.2523,-0.1924,-0.5302,-0.6818,-0.7185,-0.7029,-0.6688,-0.6315,-0.5982,-0.572,-0.554,-0.5433,-0.5378,-0.535,-0.5331,-0.531,-0.5286,-0.5261,-0.5237,-0.5218,-0.5205,-1.0754,-1.2002,-1.3933,-1.6206,-1.5555,-1.1473,-0.8701,-0.6892,-0.3943,-0.2593,-0.4662,-0.4874,-0.4089,-0.2825,0.0319,0.2549,-0.3039,-0.7381,-0.9119,-0.882,-0.7879,-0.7002,-0.6326,-0.5832,-0.5493,-0.5295,-0.5216,-0.5208,-0.522,-0.5226,-0.5216,-0.5194,-0.5166,-0.5139,-0.5118,-0.5106,-1.0563,-1.1755,-1.3593,-1.572,-1.4902,-1.0735,-0.827,-0.7398,-0.5524,-0.4024,-0.4947,-0.4879,-0.3913,-0.2687,-0.2709,-0.354,-0.7273,-1.2966,-1.4327,-1.1368,-0.8759,-0.7136,-0.6152,-0.5527,-0.5121,-0.4925,-0.4924,-0.501,-0.5087,-0.5124,-0.5122,-0.5095,-0.5057,-0.5022,-0.4997,-0.4988,-1.0059,-1.0868,-1.1849,-1.2474,-1.1493,-0.9314,-0.803,-0.8016,-0.7432,-0.6101,-0.5611,-0.5432,-0.4501,-0.2416,-0.2983,-0.571,-1.0718,-2.1427,-2.1583,-1.3284,-0.887,-0.6742,-0.5685,-0.5078,-0.4631,-0.4435,-0.4583,-0.4822,-0.4981,-0.5043,-0.5034,-0.4985,-0.4925,-0.4875,-0.4846,-0.4842,-0.9422,-0.984,-1.0176,-1.0136,-0.9452,-0.8453,-0.784,-0.7776,-0.7397,-0.6439,-0.591,-0.6182,-0.6039,-0.3233,-0.4626,-0.7712,-1.1695,-1.6836,-1.7116,-1.121,-0.7257,-0.5461,-0.4863,-0.462,-0.4276,-0.4057,-0.4357,-0.4736,-0.4946,-0.4999,-0.495,-0.4851,-0.4749,-0.4676,-0.4645,-0.4656,-0.8816,-0.8987,-0.9038,-0.8863,-0.8434,-0.7912,-0.7519,-0.7257,-0.6845,-0.6299,-0.5965,-0.5783,-0.5035,-0.4081,-0.5749,-1.1158,-1.6415,-1.2374,-1.0101,-0.6789,-0.3764,-0.3005,-0.3627,-0.4192,-0.4304,-0.4234,-0.4507,-0.4857,-0.5022,-0.5002,-0.4856,-0.466,-0.4487,-0.4386,-0.4368,-0.4413,-0.8309,-0.8351,-0.8299,-0.8122,-0.7829,-0.749,-0.7171,-0.6863,-0.6509,-0.6173,-0.6039,-0.6011,-0.5756,-0.5407,-0.6526,-1.04,-1.3852,-0.9607,-0.6068,-0.2806,0.1083,0.035,-0.2255,-0.3754,-0.4435,-0.473,-0.4999,-0.5211,-0.5229,-0.5045,-0.4716,-0.4346,-0.4062,-0.3943,-0.3977,-0.4101,-0.7903,-0.7883,-0.7798,-0.7639,-0.7416,-0.716,-0.6894,-0.6624,-0.6356,-0.614,-0.6053,-0.6048,-0.6328,-0.6519,-0.6512,-0.7319,-0.725,-0.4491,-0.1803,-0.0748,0.1874,0.0944,-0.1853,-0.3651,-0.4743,-0.5416,-0.5767,-0.5806,-0.5576,-0.5114,-0.4467,-0.379,-0.3341,-0.3258,-0.3439,-0.3717,-0.7581,-0.7533,-0.7439,-0.7298,-0.7117,-0.6911,-0.6694,-0.6479,-0.6282,-0.6137,-0.6073,-0.6124,-0.6459,-0.6562,-0.6298,-0.602,-0.4402,0.0247,0.4085,0.0871,-0.0167,-0.0913,-0.2437,-0.4018,-0.544,-0.6553,-0.6954,-0.667,-0.6065,-0.5203,-0.4053,-0.2841,-0.2164,-0.2274,-0.2778,-0.3305,-0.7324,-0.7263,-0.717,-0.7044,-0.6893,-0.6723,-0.6547,-0.6376,-0.6225,-0.6114,-0.6057,-0.607,-0.6149,-0.6194,-0.6473,-0.6567,-0.4054,0.0277,0.2901,0.1439,-0.0172,-0.1554,-0.292,-0.4496,-0.6316,-0.801,-0.8373,-0.7622,-0.6639,-0.5354,-0.3585,-0.1591,-0.0663,-0.1209,-0.218,-0.2982,-0.7116,-0.705,-0.696,-0.6848,-0.6718,-0.6575,-0.6429,-0.6287,-0.6161,-0.6061,-0.5991,-0.5952,-0.5933,-0.5954,-0.6213,-0.611,-0.3998,-0.0972,0.1896,0.2741,0.022,-0.1598,-0.3001,-0.4655,-0.6703,-0.8457,-0.8783,-0.8379,-0.7242,-0.5665,-0.3563,-0.1103,-0.0031,-0.0832,-0.2008,-0.2903,-0.6944,-0.6877,-0.6793,-0.6691,-0.6577,-0.6453,-0.6327,-0.6203,-0.6089,-0.5987,-0.5898,-0.5815,-0.5729,-0.5634,-0.5494,-0.4984,-0.364,-0.1651,0.0418,0.0961,-0.0405,-0.1509,-0.2476,-0.4195,-0.6566,-0.8903,-1.0866,-1.0,-0.7816,-0.6051,-0.4265,-0.2289,-0.1268,-0.1628,-0.2429,-0.3124,-0.68,-0.6734,-0.6654,-0.6562,-0.6459,-0.6349,-0.6235,-0.6122,-0.6011,-0.5904,-0.5796,-0.5679,-0.5539,-0.5349,-0.5047,-0.4497,-0.3583,-0.2409,-0.136,-0.097,-0.1047,-0.0657,-0.0738,-0.2937,-0.6048,-0.9444,-1.2631,-1.0716,-0.7366,-0.6,-0.4994,-0.3799,-0.2977,-0.2861,-0.3153,-0.3532,-0.6678,-0.6614,-0.6538,-0.6453,-0.6358,-0.6257,-0.6152,-0.6044,-0.5934,-0.5821,-0.5699,-0.556,-0.5388,-0.5158,-0.483,-0.4353,-0.371,-0.2977,-0.2322,-0.1838,-0.1178,0.0274,0.0745,-0.1879,-0.5138,-0.7876,-0.9318,-0.7732,-0.544,-0.5405,-0.5257,-0.4654,-0.4083,-0.3817,-0.3822,-0.3962,-0.6574,-0.6511,-0.6439,-0.6358,-0.627,-0.6176,-0.6076,-0.5972,-0.5862,-0.5745,-0.5615,-0.5465,-0.5281,-0.5048,-0.4744,-0.4352,-0.388,-0.3368,-0.2874,-0.2375,-0.1683,-0.0741,-0.066,-0.2358,-0.4597,-0.6336,-0.6985,-0.6182,-0.5156,-0.525,-0.53,-0.5007,-0.4645,-0.4399,-0.4305,-0.432]},{"header":{"la1":42.85,"la2":41.18,"lo1":11.55,"lo2":14.05,"nx":36,"ny":24,"dx":0.07143,"dy":0.07261,"parameterCategory":2,"parameterNumber":3,"parameterNumberName":"northward_wind","parameterUnit":"m.s-1"},"data":[-0.8607,-0.855,-0.8479,-0.8393,-0.8294,-0.8192,-0.8098,-0.8026,-0.7983,-0.7966,-0.7955,-0.7928,-0.7863,-0.775,-0.7586,-0.7381,-0.7153,-0.693,-0.6741,-0.6607,-0.6538,-0.6524,-0.655,-0.66,-0.666,-0.6725,-0.679,-0.6855,-0.6919,-0.6981,-0.7044,-0.7106,-0.7167,-0.7226,-0.7285,-0.7341,-0.8639,-0.8573,-0.8487,-0.8377,-0.8244,-0.8097,-0.7959,-0.7861,-0.7825,-0.7846,-0.7891,-0.7913,-0.7875,-0.7759,-0.7561,-0.7294,-0.6984,-0.6675,-0.642,-0.6261,-0.6206,-0.6234,-0.6311,-0.6407,-0.6505,-0.6599,-0.6686,-0.6768,-0.6845,-0.692,-0.6994,-0.7065,-0.7135,-0.7204,-0.727,-0.7333,-0.8674,-0.8601,-0.8498,-0.8357,-0.8171,-0.7947,-0.772,-0.7558,-0.7525,-0.7624,-0.778,-0.7898,-0.7913,-0.78,-0.7559,-0.7201,-0.6759,-0.6305,-0.594,-0.575,-0.5744,-0.5861,-0.6026,-0.6192,-0.6341,-0.6469,-0.6581,-0.6681,-0.6773,-0.6861,-0.6946,-0.7028,-0.7108,-0.7186,-0.726,-0.7331,-0.8712,-0.8634,-0.8518,-0.8344,-0.8086,-0.7732,-0.7323,-0.6997,-0.6945,-0.7207,-0.7595,-0.7892,-0.7998,-0.79,-0.7605,-0.712,-0.6469,-0.5752,-0.5182,-0.4963,-0.509,-0.5389,-0.5703,-0.5969,-0.6178,-0.6344,-0.648,-0.6597,-0.6704,-0.6804,-0.6901,-0.6995,-0.7086,-0.7174,-0.7258,-0.7337,-0.875,-0.8673,-0.8554,-0.8358,-0.8025,-0.7481,-0.6713,-0.5965,-0.5803,-0.6446,-0.7326,-0.7932,-0.8168,-0.8094,-0.7744,-0.7101,-0.6133,-0.4932,-0.3937,-0.3715,-0.4189,-0.484,-0.5377,-0.5762,-0.6033,-0.6231,-0.6387,-0.6519,-0.6638,-0.6752,-0.6861,-0.6968,-0.7072,-0.7171,-0.7266,-0.7353,-0.878,-0.8707,-0.8602,-0.842,-0.8059,-0.7325,-0.599,-0.4247,-0.3673,-0.5253,-0.7095,-0.8119,-0.8478,-0.8424,-0.8042,-0.7259,-0.5903,-0.3899,-0.2025,-0.1904,-0.3147,-0.4343,-0.5129,-0.5613,-0.5922,-0.6138,-0.6305,-0.6447,-0.6578,-0.6704,-0.6827,-0.6949,-0.7067,-0.718,-0.7285,-0.7383,-0.8783,-0.8708,-0.8627,-0.8517,-0.826,-0.755,-0.5825,-0.2765,-0.1357,-0.4499,-0.7387,-0.8621,-0.8971,-0.8921,-0.8573,-0.7769,-0.6175,-0.3433,-0.0463,-0.0534,-0.2615,-0.418,-0.5058,-0.5552,-0.5855,-0.6066,-0.6232,-0.638,-0.6521,-0.666,-0.68,-0.6939,-0.7074,-0.7202,-0.7321,-0.7429,-0.8739,-0.8622,-0.8532,-0.8522,-0.8554,-0.8321,-0.7222,-0.49,-0.3896,-0.6604,-0.8792,-0.9511,-0.9613,-0.957,-0.9415,-0.8797,-0.7292,-0.4775,-0.2159,-0.1939,-0.3372,-0.452,-0.5184,-0.5571,-0.582,-0.6005,-0.6163,-0.6314,-0.6465,-0.6621,-0.6781,-0.6941,-0.7097,-0.7244,-0.7379,-0.7498,-0.8637,-0.8391,-0.8142,-0.8108,-0.8544,-0.9228,-0.9567,-0.9498,-0.9892,-1.0821,-1.0992,-1.0579,-1.0235,-1.0278,-1.0704,-1.0557,-0.8968,-0.6833,-0.5088,-0.444,-0.4666,-0.5065,-0.538,-0.5608,-0.5786,-0.594,-0.6089,-0.6243,-0.6409,-0.6586,-0.6773,-0.6961,-0.7143,-0.7313,-0.7465,-0.7596,-0.8514,-0.8031,-0.7319,-0.675,-0.7507,-0.963,-1.1566,-1.3158,-1.5023,-1.5502,-1.3368,-1.1446,-1.0573,-1.0743,-1.2535,-1.3522,-1.0473,-0.7929,-0.6438,-0.5686,-0.5419,-0.5399,-0.5477,-0.5592,-0.5721,-0.5857,-0.6001,-0.6164,-0.6349,-0.6557,-0.6779,-0.7005,-0.7221,-0.7419,-0.7591,-0.7733,-0.8479,-0.7784,-0.6468,-0.4675,-0.5355,-0.9694,-1.3197,-1.5508,-1.9078,-2.0864,-1.5097,-1.1682,-1.0438,-1.0406,-1.2143,-1.3549,-1.0074,-0.7619,-0.6408,-0.5822,-0.5517,-0.5389,-0.5392,-0.5484,-0.5617,-0.5758,-0.5904,-0.6075,-0.6287,-0.6536,-0.6808,-0.7084,-0.7346,-0.7578,-0.7771,-0.7921,-0.8645,-0.8011,-0.6788,-0.5129,-0.6064,-1.098,-1.5088,-1.7142,-1.7958,-1.8324,-1.4043,-1.1073,-1.0013,-0.9931,-0.9889,-0.9508,-0.786,-0.6194,-0.5575,-0.5372,-0.5177,-0.5073,-0.5121,-0.5298,-0.5516,-0.5687,-0.5817,-0.5983,-0.6224,-0.6529,-0.6872,-0.7219,-0.7541,-0.7815,-0.8028,-0.818,-0.899,-0.8676,-0.8216,-0.8044,-0.9501,-1.2864,-1.643,-1.8854,-1.7611,-1.4932,-1.2085,-1.0074,-0.9509,-0.9889,-0.9474,-0.7627,-0.5748,-0.4933,-0.4881,-0.476,-0.4533,-0.4452,-0.4653,-0.5073,-0.5526,-0.5752,-0.5785,-0.5896,-0.6164,-0.6549,-0.6994,-0.7443,-0.7845,-0.8166,-0.8394,-0.8533,-0.9371,-0.9368,-0.9472,-0.9975,-1.1281,-1.3384,-1.5747,-1.7543,-1.6548,-1.3376,-1.0927,-0.9362,-0.9011,-0.8935,-0.8002,-0.466,-0.1802,-0.3474,-0.4193,-0.3892,-0.3384,-0.3305,-0.3869,-0.4756,-0.564,-0.597,-0.5789,-0.5795,-0.6104,-0.6611,-0.7211,-0.7809,-0.832,-0.8692,-0.8915,-0.9011,-0.9664,-0.9829,-1.0138,-1.0714,-1.1651,-1.2867,-1.405,-1.4587,-1.3656,-1.1782,-1.0372,-0.9444,-0.8743,-0.7971,-0.6706,0.1416,1.0116,0.0932,-0.2628,-0.2418,-0.0919,-0.0979,-0.2544,-0.4085,-0.5237,-0.5695,-0.555,-0.5587,-0.6021,-0.6737,-0.7584,-0.8409,-0.9071,-0.9485,-0.9656,-0.9649,-0.9827,-1.0044,-1.0366,-1.0829,-1.1428,-1.2064,-1.2523,-1.2495,-1.18,-1.0855,-1.0594,-0.929,-0.901,-0.8304,-0.6309,0.0324,0.6278,0.013,-0.2776,-0.0898,0.4172,0.2981,-0.0989,-0.3201,-0.425,-0.4667,-0.4782,-0.5101,-0.5852,-0.6945,-0.8205,-0.9401,-1.0272,-1.068,-1.0692,-1.0474,-0.9877,-1.0084,-1.035,-1.0676,-1.1031,-1.1337,-1.1473,-1.1321,-1.0889,-1.046,-1.0447,-0.979,-0.9863,-0.9892,-0.7413,-0.4633,-0.3128,-0.4718,-0.5727,-0.2251,0.4731,0.3317,-0.0876,-0.276,-0.3234,-0.3149,-0.3279,-0.4105,-0.5511,-0.7261,-0.9204,-1.1025,-1.2191,-1.245,-1.2077,-1.1473,-0.9847,-1.0018,-1.0217,-1.0431,-1.063,-1.0764,-1.0775,-1.0627,-1.0356,-1.0081,-0.9867,-0.965,-0.9998,-0.9908,-0.8056,-0.6961,-0.6604,-0.865,-1.1119,-0.6666,-0.2354,-0.1409,-0.2406,-0.282,-0.2033,-0.0498,-0.0313,-0.2349,-0.5009,-0.7714,-1.0664,-1.3535,-1.51,-1.486,-1.3723,-1.253,-0.9768,-0.9899,-1.0038,-1.017,-1.0275,-1.0322,-1.0284,-1.0154,-0.9955,-0.9731,-0.951,-0.9309,-0.9149,-0.8688,-0.7991,-0.7865,-0.7601,-0.882,-0.9969,-0.7805,-0.5762,-0.4387,-0.3855,-0.307,-0.0719,0.3844,0.4791,-0.0399,-0.4803,-0.8308,-1.2261,-1.6556,-1.8555,-1.7345,-1.5181,-1.3371,-0.9662,-0.9757,-0.9849,-0.9926,-0.9973,-0.9973,-0.9915,-0.9796,-0.9628,-0.943,-0.9212,-0.8976,-0.8691,-0.8298,-0.7959,-0.7848,-0.7689,-0.7903,-0.8004,-0.7957,-0.68,-0.5628,-0.4836,-0.3761,-0.1221,0.4221,0.5447,-0.1792,-0.5881,-0.8971,-1.2906,-1.7749,-1.9936,-1.8228,-1.5661,-1.3656,-0.9545,-0.961,-0.9666,-0.9705,-0.9717,-0.9691,-0.9623,-0.951,-0.9358,-0.9176,-0.8968,-0.8731,-0.846,-0.8163,-0.7911,-0.7735,-0.7599,-0.7572,-0.7626,-0.7503,-0.6793,-0.6074,-0.5576,-0.4951,-0.4057,-0.4066,-0.7575,-0.787,-0.8158,-0.9701,-1.2209,-1.5592,-1.7457,-1.6633,-1.4861,-1.3282,-0.9426,-0.9467,-0.9498,-0.9511,-0.95,-0.9459,-0.9384,-0.9276,-0.9136,-0.8968,-0.8774,-0.8557,-0.832,-0.8078,-0.7857,-0.7669,-0.751,-0.7386,-0.7263,-0.7018,-0.6566,-0.6166,-0.602,-0.5909,-0.6205,-0.8272,-1.1737,-1.0575,-1.0236,-1.0722,-1.1509,-1.3038,-1.423,-1.4226,-1.3446,-1.2504,-0.931,-0.9333,-0.9345,-0.934,-0.9314,-0.9264,-0.9187,-0.9083,-0.8953,-0.8798,-0.8623,-0.8429,-0.8222,-0.8012,-0.7812,-0.7625,-0.7452,-0.7284,-0.7094,-0.6829,-0.6465,-0.6119,-0.6053,-0.6278,-0.6947,-0.8391,-0.9914,-1.0817,-1.2363,-1.2021,-1.1437,-1.1722,-1.2251,-1.2415,-1.2151,-1.1668,-0.92,-0.921,-0.9207,-0.919,-0.9155,-0.91,-0.9023,-0.8923,-0.8802,-0.8661,-0.8502,-0.8329,-0.8147,-0.7961,-0.7778,-0.7601,-0.7427,-0.7251,-0.7056,-0.6823,-0.6549,-0.6302,-0.6265,-0.6561,-0.7221,-0.8242,-0.9471,-1.1074,-1.2621,-1.2213,-1.1355,-1.1114,-1.1221,-1.13,-1.1202,-1.0957]}]