docs/data/wind_grid.json
[{"header":{"la1":42.85,"la2":41.18,"lo1":11.55,"lo2":14.05,"nx":36,"ny":24,"dx":0.07143,"dy":0.07261,"parameterCategory":2,"parameterNumber":2,"parameterNumberName":"eastward_wind","parameterUnit":"m.s-1"},"data":[-0.0014,-0.0148,-0.0295,-0.0452,-0.0611,-0.0755,-0.0862,-0.0903,-0.086,-0.0732,-0.054,-0.0315,-0.0091,0.0107,0.026,0.0352,0.037,0.0297,0.0126,-0.0132,-0.0434,-0.0709,-0.0891,-0.0956,-0.0926,-0.0838,-0.0726,-0.061,-0.05,-0.0399,-0.0307,-0.0222,-0.0145,-0.0075,-0.0009,0.0051,-0.0051,-0.0211,-0.0396,-0.0605,-0.0832,-0.1058,-0.1244,-0.1337,-0.1294,-0.1108,-0.0817,-0.0482,-0.0156,0.0126,0.0345,0.0488,0.0534,0.0455,0.0215,-0.0188,-0.0687,-0.1136,-0.1392,-0.1425,-0.1306,-0.1124,-0.0937,-0.0767,-0.0619,-0.049,-0.0379,-0.028,-0.0191,-0.0111,-0.0038,0.0029,-0.0074,-0.0261,-0.0486,-0.0759,-0.1082,-0.144,-0.1776,-0.1984,-0.1958,-0.1671,-0.121,-0.0699,-0.0227,0.0169,0.0477,0.0694,0.0803,0.0751,0.0444,-0.0195,-0.108,-0.1878,-0.2231,-0.2125,-0.1802,-0.1457,-0.1161,-0.0924,-0.0734,-0.0579,-0.0448,-0.0334,-0.0234,-0.0144,-0.0063,0.0011,-0.0075,-0.0286,-0.055,-0.089,-0.1337,-0.1904,-0.2527,-0.3001,-0.304,-0.2552,-0.1767,-0.0967,-0.0288,0.0249,0.0664,0.0984,0.1218,0.1297,0.0999,0.0008,-0.1674,-0.3253,-0.3676,-0.3123,-0.2385,-0.1794,-0.137,-0.1065,-0.0837,-0.0658,-0.0511,-0.0384,-0.0273,-0.0173,-0.0084,-0.0003,-0.005,-0.028,-0.057,-0.0961,-0.1535,-0.2396,-0.3556,-0.4672,-0.4921,-0.3953,-0.2507,-0.1247,-0.0305,0.0387,0.0912,0.1351,0.1791,0.2244,0.231,0.0959,-0.2306,-0.567,-0.5876,-0.4232,-0.2884,-0.2045,-0.1521,-0.1171,-0.092,-0.0726,-0.0566,-0.0428,-0.0306,-0.0197,-0.0099,-0.0011,0.0001,-0.0247,-0.0548,-0.0939,-0.1571,-0.2731,-0.473,-0.7309,-0.8204,-0.5981,-0.328,-0.1422,-0.0218,0.0615,0.1232,0.1758,0.242,0.3602,0.5074,0.383,-0.1643,-0.718,-0.7025,-0.4573,-0.2996,-0.2112,-0.1583,-0.1235,-0.0983,-0.0784,-0.0616,-0.0467,-0.0335,-0.0215,-0.0108,-0.0012,0.0081,-0.0211,-0.0549,-0.0876,-0.1364,-0.2567,-0.5193,-0.9624,-1.1682,-0.7425,-0.3501,-0.1306,0.0032,0.0977,0.1678,0.2197,0.283,0.4466,0.8,0.7286,0.0376,-0.399,-0.472,-0.3652,-0.2659,-0.2001,-0.1572,-0.1271,-0.1038,-0.084,-0.0663,-0.0503,-0.0357,-0.0226,-0.0108,-0.0004,0.0214,-0.0178,-0.0732,-0.1075,-0.1055,-0.1771,-0.387,-0.7238,-0.8678,-0.5626,-0.2699,-0.0875,0.0422,0.1521,0.2434,0.2899,0.3015,0.3624,0.512,0.3547,-0.1542,-0.329,-0.3207,-0.2753,-0.2248,-0.185,-0.1556,-0.1319,-0.1107,-0.0907,-0.0716,-0.0538,-0.0374,-0.0227,-0.0097,0.0016,0.0475,0.0026,-0.0988,-0.1898,-0.0782,-0.0668,-0.1861,-0.3311,-0.3847,-0.3046,-0.1735,-0.0441,0.0787,0.2233,0.397,0.4653,0.3665,0.2696,0.179,-0.1025,-0.6029,-0.5503,-0.3303,-0.241,-0.2023,-0.1801,-0.1623,-0.1435,-0.1224,-0.1001,-0.078,-0.0571,-0.0382,-0.0215,-0.0071,0.0051,0.0931,0.0792,0.031,-0.0062,0.1174,0.0748,-0.0406,-0.1553,-0.2625,-0.2795,-0.1582,-0.0299,0.0843,0.266,0.6846,0.9073,0.4933,0.2544,0.1019,-0.1326,-0.4525,-0.445,-0.2866,-0.217,-0.1998,-0.1964,-0.1878,-0.1688,-0.1425,-0.1136,-0.0855,-0.0599,-0.0375,-0.0183,-0.0023,0.0108,0.1453,0.1863,0.2982,0.5667,0.5207,0.2194,0.0556,-0.0757,-0.3697,-0.5162,-0.1924,-0.0342,0.0374,0.1475,0.5761,0.9017,0.436,0.2288,0.1212,-0.0073,-0.1486,-0.2034,-0.194,-0.2003,-0.2295,-0.2533,-0.2479,-0.2162,-0.1735,-0.1311,-0.0931,-0.0608,-0.0339,-0.012,0.0056,0.0193,0.1797,0.24,0.3687,0.5685,0.5148,0.2461,0.1253,0.0853,-0.132,-0.3004,-0.1117,-0.0304,-0.0366,-0.0931,0.0322,0.221,0.2147,0.1941,0.1649,0.0817,-0.0108,-0.0827,-0.1431,-0.224,-0.3272,-0.3914,-0.3671,-0.292,-0.2141,-0.1492,-0.0979,-0.0574,-0.0255,-0.0008,0.018,0.0317,0.1898,0.2342,0.2999,0.3545,0.3117,0.2057,0.1634,0.1968,0.1325,0.0164,0.0005,-0.0379,-0.0749,-0.1623,-0.102,0.0301,0.1005,0.2414,0.2453,0.1248,0.0378,-0.04,-0.1363,-0.2959,-0.5327,-0.6692,-0.5596,-0.385,-0.2519,-0.1601,-0.0946,-0.0459,-0.0093,0.0176,0.0366,0.0493,0.1868,0.2117,0.2372,0.2466,0.2238,0.1863,0.1701,0.1789,0.1609,0.1233,0.0834,-0.07,-0.1319,-0.0841,-0.0375,-0.0529,0.003,0.1433,0.1791,0.1101,0.0394,-0.0317,-0.1364,-0.3507,-0.7423,-0.9735,-0.7199,-0.4371,-0.2618,-0.1525,-0.0773,-0.0222,0.0183,0.0463,0.0638,0.0735,0.1817,0.1951,0.2055,0.2071,0.198,0.1854,0.1795,0.1822,0.1944,0.2292,0.2515,0.1706,0.0412,-0.0922,0.0007,-0.0693,-0.0652,0.0546,0.1069,0.0723,0.0005,-0.0479,-0.1165,-0.2922,-0.6084,-0.798,-0.6137,-0.3811,-0.2251,-0.12,-0.0419,0.0185,0.0623,0.0897,0.1027,0.106,0.1792,0.1876,0.1939,0.1964,0.1958,0.1957,0.2013,0.2188,0.2626,0.3671,0.5699,0.409,0.3125,0.1862,0.1502,0.07,0.0112,0.0973,0.121,0.0408,-0.1171,-0.107,-0.0895,-0.1784,-0.3266,-0.4157,-0.3668,-0.2599,-0.1581,-0.0685,0.0123,0.0816,0.1308,0.1545,0.1572,0.1481,0.1798,0.1867,0.1927,0.1978,0.2031,0.2113,0.2263,0.255,0.3096,0.4123,0.5589,0.4898,0.621,0.7107,0.4505,0.3511,0.2697,0.2341,0.1997,0.0813,-0.1302,-0.1051,-0.0544,-0.0957,-0.1702,-0.2211,-0.218,-0.1697,-0.0972,-0.0116,0.0841,0.1765,0.2372,0.2504,0.2303,0.1992,0.1825,0.1894,0.1965,0.2041,0.2136,0.2269,0.2472,0.2789,0.3269,0.392,0.4562,0.5209,0.7291,0.8241,0.8925,0.9332,0.5971,0.3451,0.287,0.1968,0.0706,0.0203,0.0022,-0.0463,-0.1236,-0.2016,-0.2163,-0.1514,-0.0625,0.0394,0.1708,0.3157,0.3995,0.3837,0.3187,0.2536,0.1865,0.1939,0.2021,0.2118,0.2239,0.2401,0.2625,0.2933,0.3344,0.3854,0.4457,0.5311,0.6734,0.9422,1.8225,2.2063,1.0006,0.4292,0.2907,0.2294,0.1677,0.1069,0.055,-0.0139,-0.1342,-0.3279,-0.37,-0.1794,-0.0406,0.0754,0.2516,0.4841,0.602,0.5271,0.3981,0.296,0.1908,0.1988,0.208,0.219,0.2327,0.2501,0.2728,0.3021,0.3394,0.3861,0.4467,0.5351,0.6855,1.0061,1.6931,1.8901,1.031,0.4868,0.2502,0.203,0.1978,0.1499,0.0973,0.0292,-0.0902,-0.3275,-0.3826,-0.087,0.0079,0.0802,0.2618,0.5478,0.6876,0.5779,0.4209,0.3064,0.1949,0.2034,0.2132,0.225,0.2392,0.2569,0.279,0.3066,0.341,0.3843,0.4411,0.5214,0.6451,0.8411,1.073,1.0807,0.7782,0.4734,0.2923,0.2334,0.2091,0.1731,0.1373,0.0922,0.0514,0.0936,0.3384,0.2574,0.0564,0.0149,0.1492,0.3844,0.5177,0.4689,0.364,0.2774,0.1985,0.2072,0.2173,0.2293,0.2435,0.2608,0.2817,0.3072,0.3383,0.3767,0.4254,0.4887,0.5715,0.6692,0.7433,0.7218,0.5937,0.439,0.3233,0.2565,0.2138,0.1888,0.1767,0.1457,0.1482,0.3103,0.6434,0.3742,-0.1103,-0.2015,-0.0547,0.1428,0.2724,0.2972,0.2656,0.2234,0.2013,0.2101,0.2202,0.2319,0.2457,0.262,0.2813,0.3042,0.3314,0.3637,0.4024,0.4481,0.499,0.5463,0.5702,0.5485,0.481,0.3944,0.3161,0.2557,0.2123,0.1954,0.1959,0.1667,0.1553,0.2108,0.2454,-0.107,-0.6464,-0.5522,-0.2644,-0.0424,0.095,0.1582,0.1732,0.1661,0.2033,0.2119,0.2217,0.233,0.246,0.261,0.2783,0.2983,0.3213,0.3475,0.3768,0.4082,0.4386,0.4617,0.468,0.4496,0.4078,0.353,0.2975,0.2486,0.2113,0.1924,0.1833,0.1589,0.1292,0.0958,-0.0163,-0.3512,-0.7222,-0.6159,-0.3388,-0.132,-0.0021,0.0712,0.1063,0.1192]},{"header":{"la1":42.85,"la2":41.18,"lo1":11.55,"lo2":14.05,"nx":36,"ny":24,"dx":0.07143,"dy":0.07261,"parameterCategory":2,"parameterNumber":3,"parameterNumberName":"northward_wind","parameterUnit":"m.s-1"},"data":[-0.5408,-0.5468,-0.5531,-0.5596,-0.566,-0.5716,-0.5749,-0.5746,-0.5694,-0.5588,-0.5435,-0.5246,-0.5031,-0.4798,-0.4552,-0.4299,-0.4054,-0.3833,-0.3656,-0.3535,-0.3469,-0.3441,-0.3434,-0.3434,-0.3433,-0.3429,-0.3421,-0.3408,-0.3389,-0.3364,-0.3334,-0.3299,-0.3262,-0.3222,-0.3183,-0.3143,-0.547,-0.5543,-0.5625,-0.5716,-0.5814,-0.5912,-0.599,-0.6019,-0.5973,-0.5845,-0.5648,-0.5408,-0.5142,-0.4858,-0.4556,-0.424,-0.3926,-0.3644,-0.3432,-0.3313,-0.3281,-0.33,-0.333,-0.3351,-0.3363,-0.3367,-0.3365,-0.3357,-0.3341,-0.3317,-0.3286,-0.3249,-0.3209,-0.3166,-0.3123,-0.308,-0.5529,-0.5617,-0.5718,-0.5839,-0.5983,-0.6148,-0.6306,-0.6401,-0.6373,-0.6202,-0.5929,-0.5609,-0.5276,-0.4932,-0.4564,-0.4165,-0.3748,-0.3366,-0.3096,-0.3001,-0.3061,-0.3179,-0.3263,-0.3296,-0.3305,-0.331,-0.3313,-0.3308,-0.3294,-0.327,-0.3237,-0.3197,-0.3152,-0.3104,-0.3057,-0.301,-0.5585,-0.5686,-0.5805,-0.5954,-0.6155,-0.6423,-0.6733,-0.6977,-0.6992,-0.6726,-0.6298,-0.5849,-0.5432,-0.5027,-0.459,-0.4084,-0.3508,-0.2937,-0.2552,-0.2528,-0.283,-0.3178,-0.3316,-0.3298,-0.3267,-0.3259,-0.3263,-0.3263,-0.3251,-0.3225,-0.3188,-0.3142,-0.3091,-0.3037,-0.2983,-0.2932,-0.5638,-0.5753,-0.5884,-0.605,-0.6301,-0.6709,-0.7302,-0.79,-0.8039,-0.7522,-0.6759,-0.6106,-0.5598,-0.5151,-0.4661,-0.4036,-0.3216,-0.2265,-0.1562,-0.168,-0.2599,-0.3508,-0.3607,-0.3358,-0.323,-0.3206,-0.3216,-0.3222,-0.3211,-0.3183,-0.3139,-0.3084,-0.3024,-0.2961,-0.2901,-0.2844,-0.5692,-0.5827,-0.5966,-0.6121,-0.6374,-0.6906,-0.7937,-0.9352,-0.9858,-0.8643,-0.722,-0.6309,-0.575,-0.5316,-0.4828,-0.4115,-0.2992,-0.1339,0.0313,0.0081,-0.2007,-0.3817,-0.3803,-0.3303,-0.3139,-0.314,-0.3173,-0.319,-0.318,-0.3145,-0.309,-0.3022,-0.2949,-0.2876,-0.2806,-0.2742,-0.575,-0.5925,-0.6095,-0.6215,-0.6352,-0.6833,-0.8158,-1.0631,-1.181,-0.942,-0.735,-0.6353,-0.5864,-0.5542,-0.5157,-0.4467,-0.3167,-0.0852,0.2265,0.2037,-0.0828,-0.2505,-0.296,-0.2917,-0.2969,-0.3069,-0.3146,-0.3177,-0.3163,-0.3114,-0.304,-0.2954,-0.2863,-0.2775,-0.2695,-0.2624,-0.5798,-0.6048,-0.6336,-0.6474,-0.6336,-0.6429,-0.7327,-0.9175,-1.0027,-0.8321,-0.6872,-0.6209,-0.5945,-0.585,-0.5719,-0.5226,-0.4031,-0.1976,0.036,0.0556,-0.0094,-0.0726,-0.1777,-0.2435,-0.2814,-0.3044,-0.3166,-0.3201,-0.3169,-0.3092,-0.2989,-0.2875,-0.2762,-0.2655,-0.2562,-0.2483,-0.5798,-0.6114,-0.6579,-0.6909,-0.6392,-0.588,-0.5962,-0.6543,-0.6882,-0.6601,-0.621,-0.5999,-0.6003,-0.6234,-0.6633,-0.654,-0.5362,-0.3669,-0.2026,-0.06,0.1495,0.0983,-0.1072,-0.2231,-0.2825,-0.3136,-0.3272,-0.3282,-0.3208,-0.3082,-0.2933,-0.278,-0.2636,-0.2508,-0.2401,-0.2315,-0.5715,-0.6007,-0.6389,-0.6596,-0.6121,-0.5219,-0.4586,-0.475,-0.5586,-0.6066,-0.5885,-0.583,-0.5986,-0.6502,-0.7992,-0.8784,-0.6636,-0.4822,-0.3338,-0.1654,0.0342,0.0109,-0.146,-0.2505,-0.3099,-0.3412,-0.3512,-0.345,-0.3288,-0.308,-0.2862,-0.2657,-0.2474,-0.2322,-0.2201,-0.211,-0.556,-0.5796,-0.6155,-0.6726,-0.6394,-0.4438,-0.2738,-0.274,-0.5812,-0.7366,-0.5833,-0.5684,-0.5798,-0.6106,-0.7687,-0.8876,-0.6745,-0.5217,-0.4118,-0.3095,-0.2158,-0.1992,-0.2515,-0.3144,-0.3661,-0.3957,-0.3961,-0.3739,-0.3413,-0.3073,-0.2759,-0.2486,-0.226,-0.2082,-0.195,-0.186,-0.5355,-0.5518,-0.5853,-0.6466,-0.5917,-0.3037,0.0279,0.2107,-0.1934,-0.5368,-0.5263,-0.5561,-0.5518,-0.4906,-0.5639,-0.6616,-0.6125,-0.4777,-0.4046,-0.3796,-0.3398,-0.3198,-0.338,-0.3893,-0.4568,-0.4963,-0.4751,-0.4176,-0.3561,-0.3028,-0.2591,-0.2241,-0.1969,-0.1769,-0.1633,-0.1552,-0.5127,-0.5153,-0.5184,-0.5052,-0.4016,-0.14,0.2641,0.6795,0.3613,-0.2269,-0.4858,-0.5504,-0.5631,-0.4557,-0.5299,-0.6847,-0.6347,-0.3238,-0.2908,-0.3908,-0.3795,-0.3634,-0.3824,-0.4595,-0.5977,-0.6793,-0.5985,-0.4687,-0.364,-0.2874,-0.2307,-0.1882,-0.157,-0.1358,-0.1231,-0.1174,-0.4928,-0.4829,-0.4625,-0.4151,-0.3093,-0.1157,0.1667,0.44,0.2478,-0.2752,-0.5468,-0.533,-0.5296,-0.8618,-0.7584,-0.8558,-0.7977,-0.5258,-0.4068,-0.4101,-0.3702,-0.3496,-0.3789,-0.4911,-0.7299,-0.8803,-0.7004,-0.4871,-0.345,-0.2511,-0.1847,-0.1364,-0.1025,-0.0816,-0.072,-0.0712,-0.4802,-0.465,-0.4385,-0.3922,-0.3157,-0.2054,-0.0826,-0.0328,-0.2014,-0.5096,-0.7181,-0.7768,-0.8262,-0.9788,-0.8572,-0.9096,-1.055,-0.7495,-0.5244,-0.3868,-0.2858,-0.268,-0.3211,-0.4322,-0.6305,-0.7535,-0.6079,-0.4159,-0.2799,-0.1857,-0.1161,-0.0641,-0.0289,-0.0108,-0.0078,-0.0154,-0.476,-0.4617,-0.4399,-0.4079,-0.3657,-0.3206,-0.2965,-0.339,-0.4891,-0.7217,-0.9415,-1.0398,-0.9992,-0.9584,-0.8983,-0.9053,-0.9632,-0.7022,-0.4507,-0.2688,-0.0894,-0.1215,-0.2357,-0.321,-0.405,-0.4422,-0.3769,-0.2691,-0.1724,-0.0921,-0.0232,0.0331,0.0696,0.0814,0.072,0.0501,-0.4785,-0.4683,-0.4547,-0.4383,-0.4226,-0.4162,-0.435,-0.4995,-0.6221,-0.7905,-0.9435,-1.0095,-1.2593,-1.3663,-1.0005,-0.856,-0.7096,-0.4172,-0.1589,-0.1341,-0.0473,-0.0869,-0.1853,-0.2259,-0.2325,-0.2111,-0.165,-0.1078,-0.0464,0.0193,0.0906,0.1586,0.1999,0.1995,0.1675,0.1233,-0.4848,-0.4795,-0.4739,-0.4697,-0.4707,-0.4833,-0.5163,-0.5781,-0.6703,-0.7812,-0.8873,-1.0119,-1.3116,-1.3802,-1.0869,-0.9409,-0.6121,0.0119,0.5376,0.0575,-0.1109,-0.1448,-0.1651,-0.151,-0.1051,-0.0499,-0.0079,0.0317,0.0777,0.1351,0.2162,0.3119,0.3659,0.3412,0.2714,0.1965,-0.4925,-0.4916,-0.4922,-0.4959,-0.5059,-0.5262,-0.5612,-0.6139,-0.6831,-0.7627,-0.847,-0.9444,-1.0564,-1.1096,-1.2671,-1.3511,-0.7192,-0.0605,0.2841,-0.0272,-0.1339,-0.1568,-0.1383,-0.0829,-0.0052,0.0323,0.0458,0.137,0.2,0.2461,0.3305,0.4636,0.537,0.4744,0.3592,0.255,-0.4999,-0.5023,-0.5069,-0.5152,-0.5292,-0.5513,-0.5835,-0.6267,-0.6794,-0.7385,-0.8008,-0.8651,-0.9282,-1.004,-1.183,-1.2105,-0.7406,-0.3172,-0.1746,-0.1901,-0.1725,-0.1555,-0.1074,-0.0204,0.0869,0.0894,0.0849,0.3138,0.3573,0.3539,0.4002,0.5235,0.5988,0.5224,0.3945,0.2828,-0.5059,-0.5105,-0.5175,-0.5279,-0.5429,-0.5639,-0.5918,-0.6264,-0.6664,-0.7098,-0.7538,-0.7962,-0.836,-0.878,-0.9159,-0.8551,-0.6355,-0.3943,-0.2491,-0.2091,-0.1872,-0.1445,-0.0831,0.0254,0.2104,0.4734,0.854,0.7719,0.5617,0.4661,0.4372,0.4749,0.511,0.4636,0.37,0.2771,-0.5101,-0.516,-0.524,-0.5348,-0.5493,-0.568,-0.5911,-0.6182,-0.6481,-0.6791,-0.7089,-0.7349,-0.7549,-0.7647,-0.7506,-0.6842,-0.5587,-0.4166,-0.3069,-0.2393,-0.1812,-0.1221,-0.0837,0.023,0.2754,0.7194,1.2403,0.9947,0.6913,0.583,0.4901,0.4397,0.4198,0.3825,0.3208,0.2518,-0.5124,-0.5188,-0.5269,-0.5373,-0.5503,-0.5661,-0.5847,-0.6054,-0.6272,-0.6484,-0.6671,-0.6809,-0.6866,-0.6794,-0.6514,-0.5941,-0.5091,-0.4129,-0.3241,-0.2462,-0.1688,-0.1078,-0.0983,-0.0053,0.2326,0.5599,0.8089,0.7761,0.7678,0.7052,0.5524,0.4407,0.3764,0.3276,0.2761,0.2215,-0.513,-0.5192,-0.5269,-0.5362,-0.5474,-0.5603,-0.5748,-0.5901,-0.6053,-0.619,-0.6294,-0.6343,-0.6311,-0.6164,-0.586,-0.5375,-0.4729,-0.399,-0.3233,-0.2478,-0.1733,-0.1157,-0.0828,0.0013,0.1741,0.3852,0.5545,0.6669,0.7734,0.7156,0.5579,0.4314,0.3488,0.2902,0.24,0.1924]}]