docs/data/wind_grid.json
[{"header":{"la1":42.85,"la2":41.18,"lo1":11.55,"lo2":14.05,"nx":36,"ny":24,"dx":0.07143,"dy":0.07261,"parameterCategory":2,"parameterNumber":2,"parameterNumberName":"eastward_wind","parameterUnit":"m.s-1"},"data":[1.2599,1.2731,1.2862,1.2981,1.3072,1.3107,1.3051,1.2864,1.2511,1.1979,1.128,1.044,0.9492,0.8466,0.7391,0.6306,0.5273,0.438,0.372,0.3362,0.3315,0.3529,0.3919,0.4399,0.4905,0.5392,0.5838,0.6234,0.6578,0.6873,0.7123,0.7335,0.7514,0.7665,0.7793,0.7903,1.2835,1.302,1.3217,1.3419,1.361,1.3755,1.38,1.3675,1.3318,1.2701,1.1847,1.0811,0.9642,0.8372,0.7019,0.5615,0.4236,0.3018,0.2137,0.1729,0.1805,0.2256,0.2919,0.3653,0.4367,0.5013,0.5576,0.6054,0.6456,0.6789,0.7064,0.7292,0.7479,0.7635,0.7765,0.7874,1.3066,1.3308,1.3583,1.389,1.4218,1.4532,1.4757,1.4767,1.4431,1.3692,1.2612,1.1305,0.9859,0.8297,0.6604,0.4773,0.2873,0.112,-0.0135,-0.0596,-0.0251,0.0637,0.1745,0.2847,0.3831,0.4667,0.5357,0.592,0.6375,0.6741,0.7035,0.7272,0.7463,0.7618,0.7745,0.7851,1.3279,1.358,1.3937,1.4365,1.4871,1.5436,1.5972,1.6262,1.6008,1.5068,1.3615,1.1924,1.0139,0.8257,0.6183,0.3806,0.1122,-0.1563,-0.3515,-0.4011,-0.3071,-0.1368,0.0445,0.2049,0.3361,0.44,0.5215,0.5852,0.635,0.6738,0.7042,0.7279,0.7466,0.7614,0.7734,0.7832,1.3461,1.3814,1.4249,1.4798,1.5502,1.64,1.7447,1.8312,1.8282,1.695,1.484,1.2605,1.0446,0.8267,0.5839,0.2856,-0.0937,-0.5262,-0.861,-0.9054,-0.6789,-0.3635,-0.0805,0.1401,0.3049,0.4272,0.5186,0.5874,0.6394,0.6788,0.7087,0.7314,0.7488,0.7622,0.7728,0.7814,1.36,1.3992,1.4484,1.5126,1.5997,1.7229,1.8951,2.0865,2.1372,1.9231,1.6049,1.3174,1.0693,0.8331,0.5702,0.2253,-0.2755,-0.957,-1.5557,-1.569,-1.0852,-0.5585,-0.1623,0.1116,0.3009,0.4343,0.5302,0.6002,0.6516,0.6893,0.7171,0.7374,0.7524,0.7635,0.7721,0.7791,1.3688,1.41,1.4619,1.5297,1.6229,1.7602,1.9735,2.2658,2.3873,2.0703,1.6616,1.3387,1.0777,0.8412,0.586,0.2426,-0.3047,-1.1726,-2.0558,-2.0244,-1.2795,-0.6015,-0.1501,0.1404,0.3329,0.4651,0.558,0.6243,0.6717,0.7054,0.729,0.7455,0.7568,0.7648,0.7708,0.7757,1.3722,1.4137,1.4652,1.5309,1.6177,1.7384,1.9121,2.1318,2.2078,1.9572,1.6218,1.3206,1.0638,0.8417,0.6214,0.3413,-0.0995,-0.8052,-1.5467,-1.5606,-0.9675,-0.4055,-0.0211,0.2316,0.4017,0.5191,0.6013,0.659,0.699,0.726,0.7436,0.7545,0.761,0.7649,0.7676,0.7701,1.3706,1.411,1.4604,1.5214,1.5975,1.693,1.809,1.9238,1.9654,1.8599,1.6043,1.2943,1.0244,0.8167,0.645,0.4576,0.1941,-0.1761,-0.5344,-0.5988,-0.3627,-0.0629,0.1841,0.3665,0.4977,0.5913,0.6571,0.7023,0.7318,0.7497,0.7592,0.7629,0.7632,0.7621,0.761,0.7608,1.3643,1.4029,1.4498,1.5068,1.5764,1.662,1.7716,1.9311,2.1569,2.1674,1.7363,1.2701,0.9434,0.7421,0.6222,0.5219,0.3919,0.2317,0.0937,0.052,0.1251,0.2589,0.3975,0.5154,0.607,0.6742,0.721,0.7512,0.768,0.7745,0.7738,0.7685,0.7613,0.7542,0.7489,0.7461,1.3537,1.39,1.4343,1.4888,1.5566,1.6426,1.7593,1.974,2.5962,2.9082,1.8954,1.1855,0.7967,0.5914,0.5335,0.5184,0.4606,0.3738,0.3255,0.342,0.4052,0.4921,0.5811,0.6582,0.7184,0.7615,0.789,0.8027,0.8048,0.7978,0.7846,0.7683,0.752,0.7381,0.7283,0.7234,1.3391,1.3723,1.4132,1.4646,1.531,1.6195,1.7398,1.8704,2.1472,2.3757,1.6075,1.0,0.6225,0.3489,0.3886,0.4847,0.4445,0.2935,0.2731,0.4141,0.5539,0.66,0.7371,0.7914,0.8278,0.8493,0.8578,0.8542,0.8398,0.8167,0.7882,0.7582,0.7307,0.7091,0.6953,0.6895,1.3206,1.3496,1.3853,1.4306,1.4902,1.5718,1.6948,2.0573,1.5959,1.5487,1.1886,0.8329,0.6105,0.2788,0.3398,0.4981,0.4253,0.0372,0.0405,0.4295,0.6798,0.8178,0.8884,0.9217,0.9352,0.936,0.9256,0.9037,0.8705,0.8279,0.7798,0.732,0.6908,0.661,0.6444,0.6403,1.2991,1.3225,1.3509,1.386,1.4302,1.4841,1.528,1.4355,1.3916,1.2507,0.9823,0.7554,0.6986,0.6747,0.5755,0.5815,0.523,0.291,0.2872,0.6265,0.8909,1.0211,1.0575,1.055,1.0407,1.0202,0.9911,0.95,0.895,0.8275,0.753,0.6811,0.6223,0.5841,0.5681,0.5708,1.2757,1.2927,1.3123,1.3347,1.3593,1.3819,1.3877,1.3491,1.2469,1.0679,0.8922,0.7645,0.7118,0.7033,0.6801,0.6227,0.5419,0.6272,0.7373,0.9822,1.2348,1.3029,1.248,1.1868,1.1404,1.0999,1.0541,0.9935,0.9127,0.8118,0.6991,0.5916,0.5092,0.4644,0.4565,0.4755,1.2518,1.2625,1.2734,1.2834,1.2903,1.2886,1.2674,1.2104,1.1027,0.9614,0.8793,0.6683,0.6784,0.7069,0.7377,0.7095,0.6422,0.8194,1.0242,1.3082,1.6613,1.6136,1.4166,1.2971,1.2265,1.1737,1.1167,1.0379,0.9258,0.7778,0.6059,0.442,0.327,0.2825,0.2989,0.3508,1.2289,1.2341,1.2376,1.2379,1.2323,1.216,1.1819,1.1216,1.0328,0.933,0.8741,0.7645,0.6068,0.5663,0.8241,0.9392,0.9816,1.0943,1.2278,1.4299,1.727,1.6725,1.4874,1.3685,1.2948,1.2429,1.1852,1.0911,0.9409,0.7256,0.4585,0.2006,0.0413,0.0176,0.0899,0.2,1.2083,1.2092,1.2074,1.2015,1.1891,1.1669,1.1313,1.0794,1.0132,0.9425,0.8783,0.7995,0.6339,0.6443,1.1212,1.3495,1.2938,1.2779,1.2407,1.4661,1.5998,1.5887,1.5057,1.4166,1.3485,1.3113,1.269,1.1615,0.9666,0.6638,0.2522,-0.1584,-0.3702,-0.3279,-0.1522,0.0428,1.1908,1.1887,1.1837,1.1746,1.1598,1.1376,1.1063,1.066,1.0194,0.9724,0.9314,0.9006,0.9075,1.1213,1.7933,2.0379,1.5812,1.4653,1.5058,1.9085,1.8112,1.6715,1.5697,1.4711,1.3888,1.3715,1.3625,1.2321,0.9994,0.6179,0.0404,-0.5647,-0.8179,-0.6616,-0.3583,-0.0778,1.1765,1.1727,1.1663,1.1564,1.142,1.1226,1.0979,1.069,1.039,1.0129,0.999,1.0124,1.0921,1.3289,1.7769,1.9232,1.6789,1.7618,2.3958,2.6998,2.0997,1.825,1.6945,1.5572,1.4206,1.3783,1.3739,1.2297,1.0191,0.6294,-0.0167,-0.7155,-0.9834,-0.7733,-0.4203,-0.1107,1.1655,1.161,1.1544,1.1451,1.1327,1.1173,1.0994,1.0806,1.0638,1.0542,1.0594,1.0927,1.1756,1.3299,1.5217,1.6178,1.6423,1.8117,2.1845,2.3247,2.0977,2.0006,1.9329,1.7263,1.4741,1.2984,1.1769,1.1465,1.0311,0.7097,0.1665,-0.4138,-0.6743,-0.5577,-0.2928,-0.0367,1.1573,1.1529,1.1469,1.139,1.1293,1.1181,1.1063,1.0956,1.0888,1.0901,1.1053,1.1423,1.2094,1.3069,1.4143,1.5025,1.5895,1.7282,1.9047,2.0164,2.1105,2.3509,2.4086,2.0242,1.5801,1.2624,1.1012,1.1153,1.0469,0.809,0.4306,0.0372,-0.1858,-0.1834,-0.0511,0.1123,1.1516,1.1477,1.1427,1.1366,1.1296,1.1223,1.1156,1.1111,1.1112,1.1189,1.1382,1.1731,1.2262,1.2956,1.3733,1.453,1.5419,1.6522,1.7804,1.9291,2.1858,2.6259,2.7484,2.2445,1.7056,1.3568,1.1934,1.144,1.0633,0.889,0.6398,0.3852,0.213,0.1612,0.2014,0.2847,1.1477,1.1447,1.1409,1.1367,1.1322,1.1282,1.1255,1.1255,1.13,1.1412,1.1615,1.1931,1.2368,1.2914,1.3543,1.4242,1.5037,1.5978,1.7119,1.8648,2.0999,2.3899,2.4467,2.131,1.7383,1.4515,1.2845,1.1869,1.0889,0.9527,0.7827,0.6126,0.4836,0.4188,0.4127,0.4445]},{"header":{"la1":42.85,"la2":41.18,"lo1":11.55,"lo2":14.05,"nx":36,"ny":24,"dx":0.07143,"dy":0.07261,"parameterCategory":2,"parameterNumber":3,"parameterNumberName":"northward_wind","parameterUnit":"m.s-1"},"data":[0.6558,0.6657,0.6767,0.6886,0.7007,0.712,0.7208,0.7252,0.7238,0.7164,0.704,0.6879,0.6692,0.6487,0.6264,0.6027,0.5786,0.5554,0.5348,0.5181,0.5053,0.4956,0.4878,0.4805,0.4732,0.4654,0.457,0.4482,0.4391,0.4299,0.4208,0.412,0.4035,0.3955,0.388,0.3811,0.66,0.6716,0.6852,0.7007,0.7178,0.7349,0.7494,0.7577,0.7571,0.7469,0.7296,0.7082,0.6848,0.6597,0.6325,0.6031,0.5723,0.5427,0.5175,0.4991,0.4873,0.4803,0.4754,0.4706,0.4649,0.4579,0.4499,0.441,0.4316,0.422,0.4124,0.4031,0.3942,0.3858,0.378,0.371,0.6627,0.6759,0.6922,0.7123,0.7362,0.7626,0.7873,0.8035,0.8042,0.7884,0.7619,0.732,0.7022,0.672,0.6391,0.6019,0.5611,0.521,0.4884,0.4683,0.4602,0.4592,0.4599,0.4591,0.4557,0.4499,0.4421,0.433,0.4232,0.413,0.4029,0.3931,0.3837,0.3749,0.3669,0.3596,0.6633,0.6777,0.6965,0.7215,0.7544,0.7952,0.839,0.8718,0.8761,0.8476,0.8023,0.7582,0.7207,0.6859,0.6473,0.6,0.5436,0.485,0.439,0.4181,0.4199,0.4314,0.4417,0.4467,0.4462,0.4414,0.4337,0.4243,0.4138,0.403,0.3922,0.3817,0.3718,0.3626,0.3543,0.3469,0.6614,0.6759,0.696,0.7251,0.7678,0.8291,0.9073,0.9788,0.9939,0.9344,0.8494,0.7827,0.7383,0.7022,0.66,0.6011,0.5211,0.4288,0.3564,0.3377,0.3634,0.3984,0.4232,0.4351,0.4372,0.433,0.4249,0.4147,0.4034,0.3916,0.38,0.3688,0.3583,0.3487,0.3401,0.3325,0.6566,0.6698,0.6889,0.7187,0.7677,0.8501,0.9806,1.1356,1.1843,1.0498,0.8882,0.7952,0.752,0.7229,0.6825,0.6138,0.5044,0.3577,0.2342,0.2253,0.299,0.369,0.4095,0.4266,0.4297,0.4248,0.4155,0.404,0.3915,0.3787,0.3661,0.3541,0.3429,0.3328,0.3239,0.3163,0.6492,0.6593,0.6741,0.6986,0.7431,0.8295,0.9974,1.2594,1.3724,1.1144,0.8717,0.7795,0.7607,0.7527,0.7227,0.6517,0.5222,0.3253,0.1412,0.1451,0.2681,0.3617,0.4073,0.4233,0.4238,0.4164,0.405,0.3918,0.3778,0.3637,0.3501,0.3371,0.3252,0.3146,0.3054,0.2978,0.6403,0.6459,0.6535,0.6661,0.6908,0.7447,0.8635,1.0708,1.1539,0.9129,0.7405,0.7286,0.7716,0.8011,0.789,0.7246,0.6007,0.4173,0.2448,0.2314,0.321,0.3887,0.4181,0.4242,0.4184,0.4069,0.3927,0.3775,0.3619,0.3464,0.3315,0.3175,0.3047,0.2935,0.2841,0.2766,0.6314,0.6323,0.6318,0.6297,0.6262,0.6228,0.6213,0.6093,0.5307,0.4358,0.499,0.6619,0.8061,0.8849,0.8901,0.8293,0.7182,0.5797,0.4591,0.4115,0.4197,0.4326,0.4334,0.4245,0.4106,0.3945,0.3776,0.3604,0.3432,0.3263,0.31,0.2947,0.2809,0.269,0.2594,0.2521,0.6241,0.6214,0.6147,0.6012,0.5759,0.5273,0.4273,0.208,-0.1723,-0.2775,0.175,0.6247,0.8989,1.0283,1.0373,0.9562,0.8294,0.6995,0.5956,0.5284,0.4895,0.463,0.4398,0.4178,0.3971,0.3775,0.3586,0.34,0.3215,0.303,0.285,0.2681,0.253,0.2403,0.2305,0.2237,0.6196,0.6154,0.6063,0.5892,0.5583,0.5021,0.3881,0.0814,-0.8565,-1.3126,-0.0769,0.6988,1.0797,1.2557,1.2439,1.0957,0.9048,0.7387,0.6309,0.5633,0.5101,0.4652,0.4285,0.3991,0.3751,0.3545,0.3353,0.3162,0.2966,0.2763,0.2561,0.2368,0.2198,0.206,0.1961,0.1902,0.6181,0.6146,0.6071,0.5937,0.572,0.5402,0.4964,0.405,-0.1686,-0.615,0.2611,0.9203,1.3004,1.5458,1.5012,1.2216,0.919,0.6651,0.5697,0.5404,0.4905,0.4373,0.3951,0.3651,0.3433,0.3253,0.3081,0.2896,0.2689,0.2461,0.2224,0.1996,0.1796,0.1644,0.1546,0.1504,0.619,0.6178,0.6143,0.6083,0.6008,0.597,0.6063,0.5127,0.643,0.4581,0.7577,1.152,1.3954,1.6759,1.6445,1.2591,0.8939,0.4902,0.4565,0.4966,0.4383,0.3755,0.3358,0.3146,0.3021,0.2916,0.2789,0.2619,0.2396,0.2127,0.1831,0.1543,0.1299,0.1126,0.1036,0.1025,0.621,0.6227,0.6239,0.6252,0.6291,0.642,0.6813,0.7989,0.7737,0.7563,0.9634,1.2743,1.4028,1.735,1.448,1.2072,0.9864,0.6425,0.5137,0.4457,0.3338,0.2641,0.2453,0.2487,0.2551,0.2573,0.2516,0.2363,0.2108,0.1763,0.1366,0.0977,0.066,0.0463,0.0396,0.0441,0.623,0.6273,0.6324,0.6392,0.6499,0.668,0.6988,0.7389,0.7728,0.8473,0.9677,1.1144,1.3184,1.503,1.3006,1.1989,1.3189,0.8716,0.5323,0.3034,0.1231,0.0797,0.1255,0.1756,0.2105,0.23,0.2331,0.2185,0.1859,0.1376,0.0799,0.0235,-0.0196,-0.0415,-0.0421,-0.0271,0.6237,0.6301,0.6378,0.648,0.6619,0.6816,0.7087,0.7446,0.7955,0.8666,0.9134,0.9867,1.0312,1.1226,1.04,1.0396,1.1359,0.719,0.3384,0.0677,-0.1819,-0.1435,0.0109,0.1151,0.1816,0.2217,0.2344,0.2171,0.1703,0.0975,0.008,-0.079,-0.1396,-0.1606,-0.1469,-0.1125,0.6225,0.63,0.6391,0.6507,0.6657,0.6853,0.711,0.7449,0.7901,0.8449,0.8882,0.8881,0.6939,0.5751,0.6706,0.6189,0.5209,0.2141,-0.0572,-0.1177,-0.2368,-0.1892,-0.034,0.0882,0.1835,0.2506,0.2731,0.2446,0.1711,0.0574,-0.0864,-0.2262,-0.3118,-0.3216,-0.2767,-0.2097,0.619,0.6268,0.6361,0.6474,0.6615,0.6789,0.7005,0.7267,0.757,0.7859,0.7946,0.7364,0.5473,0.4445,0.2319,0.042,0.0355,-0.294,-0.6119,-0.3365,-0.2041,-0.1342,-0.0326,0.09,0.2247,0.3402,0.3721,0.3109,0.1928,0.0207,-0.2068,-0.4321,-0.5476,-0.522,-0.4208,-0.3073,0.6133,0.6205,0.629,0.6389,0.6505,0.664,0.6792,0.695,0.7086,0.7128,0.6922,0.6222,0.4847,0.2142,-0.5036,-0.7816,-0.2859,-0.3762,-0.5643,-0.499,-0.3264,-0.1794,-0.0587,0.0878,0.2831,0.4841,0.5233,0.394,0.2264,-0.0025,-0.3262,-0.6587,-0.7972,-0.7104,-0.5408,-0.3815,0.6055,0.6116,0.6185,0.6262,0.6346,0.6432,0.6513,0.6569,0.6564,0.6428,0.6045,0.524,0.372,0.0693,-0.4619,-0.6345,-0.3301,-0.3554,-0.6419,-0.7584,-0.4501,-0.2639,-0.1368,0.0349,0.2727,0.5092,0.5526,0.4134,0.2513,0.0068,-0.3595,-0.7425,-0.8881,-0.7734,-0.5787,-0.4051,0.5959,0.6007,0.6056,0.6107,0.6154,0.6192,0.6207,0.6178,0.6069,0.5822,0.5352,0.4534,0.3192,0.1144,-0.1218,-0.2289,-0.2189,-0.3019,-0.496,-0.5627,-0.4401,-0.3857,-0.3205,-0.1154,0.164,0.3758,0.4486,0.4086,0.2739,0.0518,-0.2631,-0.5812,-0.7217,-0.6581,-0.5125,-0.3693,0.5852,0.5883,0.5911,0.5935,0.5948,0.5941,0.5902,0.581,0.5634,0.5331,0.4844,0.4107,0.3062,0.1743,0.0421,-0.0515,-0.1177,-0.2063,-0.3142,-0.3867,-0.4684,-0.6636,-0.7058,-0.3784,0.0227,0.3218,0.4744,0.4232,0.2809,0.0967,-0.1285,-0.3445,-0.4635,-0.4603,-0.386,-0.2931,0.5736,0.575,0.5758,0.5757,0.5739,0.5697,0.5617,0.5482,0.5269,0.4948,0.4485,0.3852,0.3043,0.2109,0.117,0.0334,-0.0438,-0.1272,-0.2197,-0.3314,-0.5341,-0.8835,-0.9808,-0.5696,-0.1143,0.1947,0.3396,0.3297,0.2384,0.1124,-0.0332,-0.1701,-0.2589,-0.2824,-0.256,-0.2054,0.5615,0.5614,0.5604,0.558,0.5537,0.5467,0.5359,0.5199,0.4969,0.4651,0.4227,0.3687,0.3038,0.2312,0.1563,0.0827,0.009,-0.0696,-0.1602,-0.2808,-0.467,-0.6967,-0.7409,-0.4866,-0.1669,0.0674,0.1897,0.2149,0.1776,0.1062,0.019,-0.0653,-0.1266,-0.1539,-0.1499,-0.1254]}]