docs/data/wind_grid.json
[{"header":{"la1":42.85,"la2":41.18,"lo1":11.55,"lo2":14.05,"nx":36,"ny":24,"dx":0.07143,"dy":0.07261,"parameterCategory":2,"parameterNumber":2,"parameterNumberName":"eastward_wind","parameterUnit":"m.s-1"},"data":[1.6675,1.6611,1.656,1.6523,1.6498,1.6481,1.6468,1.6453,1.6429,1.6385,1.631,1.6188,1.6005,1.5751,1.5427,1.5047,1.4646,1.4278,1.3998,1.3846,1.3823,1.39,1.404,1.4217,1.4413,1.4617,1.482,1.5018,1.5208,1.5389,1.556,1.5723,1.5878,1.6025,1.6164,1.6295,1.6547,1.6472,1.6417,1.6381,1.6364,1.6359,1.636,1.6362,1.6357,1.6334,1.6276,1.616,1.5961,1.566,1.5248,1.4738,1.4178,1.3657,1.3284,1.3132,1.3189,1.3373,1.3606,1.3853,1.4104,1.4355,1.4597,1.4827,1.5044,1.5247,1.5438,1.5618,1.5788,1.5949,1.61,1.6243,1.6392,1.63,1.6236,1.6202,1.6196,1.6208,1.6228,1.625,1.6269,1.6277,1.6249,1.6154,1.595,1.5603,1.5082,1.4386,1.357,1.2784,1.2256,1.2159,1.2437,1.2847,1.3209,1.3517,1.3811,1.4101,1.4379,1.4639,1.488,1.5104,1.5314,1.5512,1.5698,1.5874,1.6039,1.6193,1.6202,1.6081,1.6001,1.597,1.5983,1.6023,1.6069,1.6112,1.6157,1.6203,1.6225,1.6174,1.5989,1.5607,1.4964,1.4014,1.278,1.1481,1.0627,1.0723,1.1617,1.2536,1.3016,1.3281,1.3563,1.3871,1.4173,1.4455,1.4716,1.4959,1.5188,1.5404,1.5608,1.58,1.5979,1.6147,1.5969,1.5798,1.5685,1.5656,1.5707,1.58,1.5889,1.5956,1.6017,1.6101,1.6192,1.622,1.6092,1.5711,1.4966,1.3713,1.1827,0.9462,0.7682,0.8203,1.0787,1.293,1.3276,1.3195,1.337,1.3669,1.398,1.4274,1.4548,1.4808,1.5055,1.5292,1.5516,1.5727,1.5923,1.6104,1.569,1.5428,1.5242,1.5206,1.533,1.5528,1.5707,1.5827,1.5885,1.5969,1.6137,1.6287,1.6274,1.596,1.5186,1.3691,1.1017,0.6678,0.2023,0.2945,0.9196,1.3465,1.3535,1.3082,1.3191,1.3481,1.3787,1.408,1.4362,1.4638,1.4909,1.5171,1.5421,1.5654,1.5869,1.6067,1.5383,1.496,1.4602,1.451,1.4777,1.5174,1.5504,1.578,1.588,1.5828,1.6035,1.6366,1.6546,1.6379,1.5706,1.4229,1.1211,0.5166,-0.4001,-0.3097,0.6774,1.1416,1.2497,1.2692,1.297,1.3275,1.3561,1.3842,1.4132,1.4434,1.4739,1.5037,1.532,1.5582,1.5821,1.6036,1.5107,1.4458,1.3736,1.3422,1.3997,1.4723,1.5135,1.5428,1.5558,1.5425,1.5772,1.6434,1.6914,1.6952,1.6474,1.5346,1.2971,0.8309,0.2245,0.2966,0.8069,1.0155,1.1492,1.2279,1.2721,1.3001,1.3238,1.3502,1.3816,1.4168,1.4532,1.4886,1.5216,1.5514,1.5779,1.6013,1.4981,1.4172,1.3042,1.2253,1.3355,1.4363,1.4594,1.4352,1.3926,1.3929,1.5018,1.646,1.7413,1.7623,1.7189,1.6485,1.5206,1.2749,1.0094,0.9336,0.9181,0.9614,1.1191,1.2092,1.2428,1.2548,1.2689,1.2959,1.3352,1.3811,1.4279,1.4718,1.5111,1.5454,1.5749,1.6003,1.5083,1.4368,1.3519,1.3056,1.3776,1.4325,1.4127,1.2849,1.037,0.983,1.3349,1.6546,1.8174,1.8434,1.7275,1.6488,1.6661,1.5516,1.3816,1.2073,1.0359,1.0539,1.167,1.2054,1.1884,1.1636,1.1665,1.2049,1.2661,1.334,1.3983,1.4545,1.5019,1.5412,1.5738,1.601,1.5361,1.4814,1.4324,1.4092,1.418,1.4478,1.4041,1.2046,0.5236,0.1531,1.1687,1.72,1.9418,1.9911,1.8265,1.684,1.7729,1.7027,1.5849,1.4556,1.3308,1.2747,1.2481,1.1714,1.0524,0.965,0.9703,1.0547,1.1682,1.2767,1.3675,1.4397,1.4961,1.5402,1.5752,1.6036,1.5732,1.5277,1.4785,1.4313,1.4416,1.4796,1.4406,1.3441,0.9921,0.7201,1.4229,1.8834,2.0935,2.2087,2.1403,2.0054,1.9046,1.7262,1.6296,1.6011,1.5236,1.4213,1.2791,1.0426,0.7303,0.5343,0.6058,0.8262,1.0469,1.2189,1.3435,1.4325,1.4966,1.5439,1.58,1.6086,1.6171,1.5824,1.5467,1.5214,1.5278,1.5365,1.4902,1.3183,1.5087,1.5286,1.8089,2.068,2.179,2.2752,2.2499,2.1781,2.0231,1.5047,1.4575,1.6583,1.6244,1.495,1.2605,0.8079,0.1011,-0.3117,0.0252,0.553,0.9391,1.1844,1.3391,1.4392,1.5062,1.5532,1.5881,1.6154,1.6655,1.6432,1.624,1.6141,1.6163,1.6143,1.5948,1.6202,1.6643,1.8178,2.0318,2.183,2.2142,2.2116,2.2727,2.3495,2.2568,1.8561,1.6979,1.7568,1.6756,1.5278,1.2624,0.6496,-0.533,-1.2451,-0.4565,0.4121,0.9225,1.2051,1.3672,1.4644,1.5258,1.5675,1.5983,1.6231,1.7147,1.7032,1.6958,1.6952,1.7008,1.7075,1.7157,1.7484,1.8511,2.0387,2.2091,2.2771,2.278,2.3,2.3201,2.401,2.5034,2.2428,2.0269,1.8386,1.6024,1.4796,1.3338,0.8524,-0.0986,-0.6862,-0.0977,0.6224,1.0587,1.2979,1.4304,1.506,1.5517,1.5829,1.6077,1.6297,1.7619,1.7589,1.7603,1.7676,1.7816,1.8029,1.8379,1.9045,2.0293,2.2221,2.4339,2.4576,2.4051,2.3575,2.3683,2.4193,2.4799,2.368,2.2048,1.8112,1.1462,1.2217,1.4254,1.2526,0.8524,0.6056,0.7759,1.0829,1.3082,1.4412,1.5138,1.5518,1.5737,1.5917,1.6112,1.6322,1.8057,1.8093,1.8175,1.8319,1.854,1.8868,1.9363,2.013,2.1276,2.2806,2.4285,2.4412,2.5278,2.578,2.4854,2.4932,2.5153,2.5736,2.5571,2.0504,1.1041,1.2443,1.596,1.6092,1.5048,1.4536,1.4882,1.5383,1.5716,1.588,1.589,1.5801,1.5743,1.5823,1.6028,1.6281,1.8454,1.854,1.8675,1.8871,1.9148,1.9532,2.0061,2.0778,2.1693,2.2714,2.3598,2.4337,2.5691,2.6293,2.6918,2.7647,2.7385,2.9675,3.2793,2.7173,2.1065,1.9,1.9265,1.9224,1.9259,1.9928,2.005,1.8955,1.7807,1.6982,1.6288,1.5657,1.5322,1.5436,1.5795,1.618,1.8806,1.893,1.9101,1.9331,1.9636,2.0033,2.0541,2.117,2.1905,2.2687,2.3457,2.4278,2.5309,2.6898,3.135,3.329,2.9529,3.0656,3.2814,3.216,2.7805,2.4305,2.2691,2.1872,2.1986,2.3819,2.4228,2.1278,1.8994,1.7552,1.6296,1.5052,1.447,1.4845,1.5515,1.6087,1.9115,1.9265,1.9458,1.9706,2.0018,2.0405,2.0875,2.1427,2.205,2.272,2.3435,2.4254,2.5355,2.7272,3.0839,3.2071,2.9878,3.0974,3.6384,3.8974,3.1767,2.7765,2.5749,2.4068,2.3088,2.4384,2.478,2.1017,1.8958,1.7645,1.63,1.4761,1.4053,1.4618,1.5462,1.6121,1.9382,1.9548,1.9754,2.0007,2.0315,2.0682,2.1113,2.1605,2.2153,2.2752,2.3414,2.4187,2.518,2.655,2.8132,2.8884,2.9013,3.0448,3.3721,3.4815,3.21,3.0903,2.9833,2.6806,2.342,2.0881,1.7983,1.787,1.7922,1.7342,1.654,1.549,1.4897,1.5191,1.5805,1.635,1.961,1.9785,1.9995,2.0246,2.0543,2.0888,2.1283,2.1726,2.2217,2.2756,2.3355,2.4038,2.4843,2.5772,2.669,2.739,2.805,2.9162,3.0645,3.1641,3.2972,3.683,3.7743,3.1335,2.4516,1.9211,1.5351,1.6321,1.6666,1.6537,1.6571,1.6298,1.6011,1.6068,1.637,1.6717,1.9802,1.9981,2.019,2.0435,2.0717,2.1039,2.1401,2.1803,2.2245,2.2728,2.3258,2.3845,2.4493,2.5185,2.587,2.6517,2.7212,2.8102,2.9234,3.0842,3.4411,4.1697,4.3949,3.4815,2.6132,2.0604,1.7672,1.6443,1.4784,1.5233,1.6269,1.667,1.672,1.6771,1.6918,1.7118,1.9963,2.0141,2.0347,2.0582,2.0848,2.1147,2.1479,2.1844,2.2242,2.2672,2.3138,2.364,2.4176,2.4735,2.5302,2.5882,2.6522,2.7306,2.8364,3.0056,3.3166,3.7574,3.8386,3.286,2.6477,2.1896,1.8924,1.6499,1.4553,1.507,1.6282,1.693,1.717,1.7274,1.7372,1.749]},{"header":{"la1":42.85,"la2":41.18,"lo1":11.55,"lo2":14.05,"nx":36,"ny":24,"dx":0.07143,"dy":0.07261,"parameterCategory":2,"parameterNumber":3,"parameterNumberName":"northward_wind","parameterUnit":"m.s-1"},"data":[0.6043,0.6177,0.627,0.6317,0.6318,0.6268,0.6158,0.5972,0.5698,0.5339,0.4919,0.4475,0.4042,0.3645,0.33,0.3013,0.2789,0.2628,0.2527,0.2473,0.244,0.2387,0.2275,0.2088,0.1838,0.1551,0.1253,0.0964,0.0692,0.0443,0.0217,0.0014,-0.0168,-0.0329,-0.0471,-0.0597,0.6516,0.6701,0.6834,0.6913,0.6943,0.6925,0.6848,0.6674,0.6366,0.5919,0.5375,0.4802,0.4259,0.3779,0.3376,0.3054,0.2816,0.2666,0.2604,0.2623,0.2686,0.2715,0.2629,0.2398,0.2062,0.1684,0.1309,0.096,0.0644,0.0362,0.0114,-0.0105,-0.0297,-0.0465,-0.0612,-0.074,0.7065,0.7322,0.7508,0.7621,0.7683,0.7719,0.7722,0.7614,0.7286,0.6702,0.5954,0.5183,0.4487,0.3904,0.3435,0.3073,0.2818,0.2677,0.2667,0.2803,0.3049,0.3255,0.321,0.2866,0.2362,0.1836,0.1353,0.0931,0.0566,0.0253,-0.0017,-0.025,-0.0451,-0.0625,-0.0774,-0.0902,0.7713,0.8078,0.8338,0.8479,0.8554,0.8661,0.8842,0.8945,0.8651,0.7822,0.6699,0.5609,0.4709,0.4009,0.3473,0.3069,0.2786,0.2641,0.2677,0.2969,0.3567,0.4186,0.4189,0.3539,0.271,0.1966,0.1353,0.0854,0.0444,0.0103,-0.0184,-0.0427,-0.0634,-0.0809,-0.0959,-0.1084,0.8486,0.9037,0.9423,0.9572,0.9578,0.9718,1.0246,1.0943,1.0872,0.9499,0.7619,0.6027,0.4883,0.408,0.3495,0.305,0.2723,0.2537,0.2558,0.2966,0.4134,0.5705,0.5664,0.428,0.2964,0.1985,0.1259,0.0702,0.026,-0.0098,-0.0394,-0.0641,-0.0849,-0.1023,-0.1169,-0.1291,0.9398,1.0299,1.0969,1.1123,1.0828,1.0751,1.1749,1.3895,1.462,1.1846,0.851,0.6281,0.4946,0.4109,0.3521,0.305,0.2658,0.2378,0.2263,0.2548,0.4044,0.6614,0.6425,0.4411,0.2848,0.1783,0.1022,0.0449,0.0001,-0.0358,-0.0653,-0.0896,-0.1099,-0.1269,-0.1408,-0.1522,1.0394,1.1947,1.3362,1.3697,1.2588,1.154,1.2476,1.6399,1.8591,1.3446,0.8636,0.6127,0.4847,0.412,0.3612,0.3141,0.2659,0.2258,0.202,0.2089,0.302,0.4427,0.4549,0.3399,0.2235,0.1323,0.0626,0.0087,-0.0338,-0.0681,-0.0962,-0.1195,-0.1388,-0.1548,-0.1678,-0.1781,1.1213,1.3752,1.6962,1.8405,1.5373,1.1988,1.1413,1.3727,1.4929,1.0902,0.7292,0.549,0.463,0.4192,0.3894,0.3468,0.2823,0.2245,0.2022,0.2093,0.2449,0.2691,0.263,0.2111,0.1379,0.0681,0.0097,-0.0374,-0.0754,-0.1065,-0.1322,-0.1537,-0.1716,-0.1863,-0.198,-0.207,1.1329,1.4502,2.0037,2.4504,1.7754,1.1625,0.9445,0.8894,0.8029,0.6345,0.5188,0.4665,0.445,0.445,0.4627,0.4394,0.3268,0.2187,0.1734,0.1924,0.2729,0.2556,0.1787,0.1135,0.0516,-0.0047,-0.0524,-0.0914,-0.1234,-0.1502,-0.1729,-0.1923,-0.2085,-0.2217,-0.2319,-0.2393,1.0384,1.2621,1.6096,1.8228,1.2794,0.9456,0.7728,0.5949,0.3317,0.2034,0.3158,0.4036,0.4474,0.4896,0.6043,0.6666,0.389,0.1791,0.0946,0.116,0.2049,0.1893,0.0967,0.0223,-0.036,-0.0831,-0.1206,-0.1507,-0.176,-0.1981,-0.2178,-0.2351,-0.2497,-0.2613,-0.2698,-0.2752,0.8838,0.9444,0.8631,0.4287,0.4553,0.7068,0.7163,0.5442,-0.0457,-0.3392,0.1757,0.3917,0.4887,0.5485,0.6121,0.6711,0.317,0.0366,-0.0788,-0.0565,0.0028,0.0114,-0.0311,-0.0833,-0.1296,-0.1657,-0.1917,-0.2122,-0.2309,-0.249,-0.2664,-0.2822,-0.2957,-0.3059,-0.3126,-0.3156,0.7458,0.737,0.6129,0.3643,0.408,0.6699,0.8551,0.9477,0.4079,0.0114,0.2739,0.4408,0.5782,0.7662,0.5997,0.3766,0.0797,-0.3196,-0.4426,-0.2935,-0.19,-0.1563,-0.1647,-0.1918,-0.2223,-0.2451,-0.2586,-0.2707,-0.2852,-0.3017,-0.3187,-0.3345,-0.3476,-0.3568,-0.3614,-0.3614,0.6475,0.6378,0.5895,0.5349,0.5733,0.7222,0.9854,1.5398,0.8909,0.4818,0.4095,0.5256,0.6122,0.8011,0.5784,0.2556,-0.0838,-0.9405,-0.9948,-0.4947,-0.3374,-0.2946,-0.2836,-0.2854,-0.2934,-0.2995,-0.3066,-0.32,-0.3376,-0.3566,-0.3758,-0.3936,-0.4078,-0.4164,-0.4184,-0.4142,0.5748,0.5745,0.5648,0.5629,0.5974,0.6871,0.8293,0.8807,0.7526,0.4757,0.384,0.6236,0.7165,0.5475,0.3313,0.1777,-0.0139,-0.5373,-0.7016,-0.5045,-0.4502,-0.4333,-0.3997,-0.3605,-0.3214,-0.3015,-0.3273,-0.3627,-0.3916,-0.4167,-0.4408,-0.4632,-0.4803,-0.4886,-0.4867,-0.4759,0.5139,0.5172,0.5181,0.5241,0.5445,0.5839,0.6278,0.62,0.4894,0.2822,0.1605,0.2081,0.2577,0.1046,0.1751,0.1426,-0.2524,-0.2655,-0.4099,-0.5198,-0.6439,-0.6453,-0.5419,-0.4471,-0.3715,-0.3363,-0.3743,-0.4236,-0.4585,-0.4874,-0.5181,-0.5491,-0.5724,-0.5802,-0.5711,-0.5492,0.4585,0.4608,0.4612,0.4623,0.4657,0.4685,0.4563,0.3995,0.2692,0.0633,-0.1916,-0.1743,-0.0688,0.0236,0.0138,-0.0869,-0.2549,-0.2892,-0.4266,-0.6713,-1.0709,-0.9817,-0.6984,-0.5559,-0.4931,-0.4762,-0.499,-0.5274,-0.5466,-0.5713,-0.612,-0.661,-0.6969,-0.7024,-0.6781,-0.6362,0.4071,0.4061,0.4024,0.3961,0.3859,0.3673,0.3304,0.2609,0.147,-0.0149,-0.1895,-0.1802,-0.3116,-0.391,-0.2039,-0.2194,-0.2893,-0.4025,-0.5344,-0.7263,-1.1431,-1.0393,-0.7577,-0.646,-0.6373,-0.6738,-0.6964,-0.6766,-0.6503,-0.6613,-0.724,-0.8145,-0.8766,-0.8716,-0.8135,-0.7361,0.3593,0.3547,0.3465,0.3339,0.315,0.2863,0.2422,0.1771,0.0893,-0.0131,-0.1049,-0.1892,-0.3876,-0.4625,-0.4459,-0.5042,-0.4705,-0.5734,-0.6948,-0.6763,-0.7815,-0.7945,-0.725,-0.7128,-0.8067,-0.9759,-1.0179,-0.8704,-0.7436,-0.7352,-0.8488,-1.0307,-1.1418,-1.0991,-0.9716,-0.8388,0.3155,0.3076,0.2956,0.2788,0.2553,0.223,0.1792,0.1222,0.0531,-0.0229,-0.1009,-0.1904,-0.3073,-0.4598,-0.8661,-1.0457,-0.6522,-0.6176,-0.6831,-0.6896,-0.6939,-0.7075,-0.7166,-0.7686,-0.977,-1.4407,-1.5459,-1.045,-0.7627,-0.7534,-0.9545,-1.2901,-1.4694,-1.3404,-1.1119,-0.9186,0.2757,0.2651,0.2506,0.2312,0.2058,0.173,0.1317,0.0815,0.0234,-0.0411,-0.1122,-0.1959,-0.3065,-0.4885,-0.8192,-0.9286,-0.6763,-0.6246,-0.7213,-0.7656,-0.7162,-0.7375,-0.7638,-0.7929,-0.9507,-1.4711,-1.5989,-0.8332,-0.6046,-0.6746,-0.9514,-1.389,-1.6076,-1.4264,-1.1541,-0.9412,0.2398,0.2273,0.2111,0.1904,0.1645,0.1326,0.0941,0.049,-0.0024,-0.0599,-0.1248,-0.2014,-0.2982,-0.4273,-0.5712,-0.6286,-0.5968,-0.6091,-0.6819,-0.7269,-0.7742,-0.889,-0.9307,-0.832,-0.6979,-0.4774,0.1233,0.0232,-0.2989,-0.514,-0.7858,-1.1424,-1.3396,-1.2509,-1.0623,-0.8948,0.2076,0.1939,0.1767,0.1555,0.1299,0.0993,0.0634,0.0223,-0.0242,-0.0761,-0.1346,-0.2016,-0.2796,-0.367,-0.4492,-0.5027,-0.5344,-0.5788,-0.6473,-0.7417,-0.9371,-1.282,-1.3782,-1.0166,-0.5715,0.0377,0.8085,0.4016,-0.1638,-0.3746,-0.5756,-0.8124,-0.9701,-0.9805,-0.9026,-0.8051,0.1789,0.1643,0.1467,0.1255,0.1005,0.0714,0.0379,0.0001,-0.0422,-0.0892,-0.1414,-0.1991,-0.2623,-0.3283,-0.3906,-0.4444,-0.4946,-0.5548,-0.6403,-0.7851,-1.0851,-1.6061,-1.7566,-1.1986,-0.6333,-0.1528,0.1568,-0.0307,-0.2753,-0.3188,-0.4407,-0.6006,-0.7215,-0.7678,-0.7532,-0.7083,0.1532,0.1383,0.1205,0.0997,0.0755,0.0479,0.0166,-0.0184,-0.0571,-0.0996,-0.146,-0.1962,-0.2495,-0.3043,-0.3584,-0.4112,-0.4668,-0.5335,-0.6261,-0.773,-1.0203,-1.3388,-1.4058,-1.0711,-0.6709,-0.3629,-0.2065,-0.2373,-0.2966,-0.316,-0.3948,-0.4997,-0.5856,-0.6325,-0.6416,-0.6253]}]