docs/data/wind_grid.json
{"header": {"la1":42.1,"la2":41.55,"lo1":12.1,"lo2":12.95,"nx":50,"ny":50,"dx":0.01735,"dy":0.01122,"parameterCategory":2,"parameterNumber":2,"parameterNumberName":"eastward_wind","parameterUnit":"m.s-1"}, "data":
[rows 0 to 39 of 50, columns 0 to 49 of 50]
-1.0737,-1.0715,-1.0688,-1.0653,-1.0612,-1.0563,-1.0505,-1.044,-1.0365,-1.0281,-1.0189,-1.0087,-0.9977,-0.9857,-0.973,-0.9593,-0.9447,-0.9292,-0.9127,-0.8949,-0.8755,-0.8544,-0.8309,-0.8048,-0.7754,-0.7423,-0.7052,-0.6636,-0.6175,-0.5668,-0.5118,-0.4529,-0.3909,-0.3271,-0.2628,-0.2001,-0.1412,-0.0882,-0.0431,-0.0075,0.0178,0.0328,0.0382,0.0351,0.025,0.0095,-0.01,-0.0322,-0.0561,-0.0808
-1.081,-1.0791,-1.0765,-1.0733,-1.0693,-1.0645,-1.0588,-1.0523,-1.0448,-1.0364,-1.0271,-1.0168,-1.0056,-0.9935,-0.9805,-0.9667,-0.952,-0.9364,-0.9199,-0.9021,-0.8829,-0.8618,-0.8384,-0.8122,-0.7826,-0.749,-0.711,-0.6682,-0.6202,-0.5672,-0.5092,-0.4467,-0.3806,-0.312,-0.2427,-0.1748,-0.1108,-0.0533,-0.0048,0.0329,0.0589,0.0733,0.0769,0.0712,0.058,0.0392,0.0164,-0.009,-0.0358,-0.0631
-1.0885,-1.0868,-1.0845,-1.0814,-1.0776,-1.073,-1.0674,-1.0609,-1.0535,-1.045,-1.0355,-1.0251,-1.0137,-1.0014,-0.9882,-0.9741,-0.9593,-0.9436,-0.9271,-0.9094,-0.8903,-0.8694,-0.8463,-0.8201,-0.7904,-0.7564,-0.7176,-0.6735,-0.6238,-0.5684,-0.5074,-0.4413,-0.3708,-0.2972,-0.2224,-0.1487,-0.0791,-0.0168,0.0355,0.0755,0.1022,0.1156,0.1171,0.1083,0.0916,0.0691,0.0426,0.0139,-0.0159,-0.0459
-1.0961,-1.0947,-1.0927,-1.0898,-1.0862,-1.0817,-1.0763,-1.0698,-1.0624,-1.0539,-1.0443,-1.0336,-1.022,-1.0094,-0.996,-0.9817,-0.9666,-0.9508,-0.9342,-0.9166,-0.8977,-0.8772,-0.8543,-0.8284,-0.7987,-0.7644,-0.725,-0.6797,-0.6283,-0.5705,-0.5065,-0.4367,-0.3617,-0.2828,-0.2022,-0.1223,-0.0466,0.0212,0.0776,0.1201,0.1474,0.1596,0.1585,0.1462,0.1255,0.0989,0.0685,0.0362,0.0032,-0.0296
-1.104,-1.1029,-1.1011,-1.0985,-1.0951,-1.0908,-1.0854,-1.0791,-1.0716,-1.063,-1.0533,-1.0425,-1.0305,-1.0176,-1.0038,-0.9892,-0.9739,-0.9579,-0.9412,-0.9237,-0.9051,-0.8849,-0.8624,-0.8369,-0.8074,-0.7731,-0.7331,-0.6868,-0.6337,-0.5737,-0.5067,-0.4331,-0.3536,-0.2693,-0.1825,-0.0959,-0.0135,0.0603,0.1213,0.1664,0.1941,0.2049,0.2007,0.1844,0.1592,0.1282,0.0937,0.0576,0.0213,-0.0143
-1.112,-1.1112,-1.1097,-1.1074,-1.1042,-1.1001,-1.0949,-1.0887,-1.0812,-1.0725,-1.0626,-1.0516,-1.0393,-1.026,-1.0118,-0.9968,-0.981,-0.9648,-0.948,-0.9305,-0.9122,-0.8925,-0.8706,-0.8456,-0.8165,-0.7822,-0.7419,-0.6947,-0.6401,-0.5779,-0.5081,-0.4308,-0.3468,-0.2571,-0.1638,-0.0702,0.0194,0.0998,0.1659,0.2139,0.242,0.2508,0.243,0.2222,0.1922,0.1564,0.1176,0.0777,0.0381,-0.0002
-1.1202,-1.1198,-1.1186,-1.1166,-1.1137,-1.1098,-1.1048,-1.0986,-1.0912,-1.0824,-1.0724,-1.061,-1.0484,-1.0346,-1.0199,-1.0043,-0.9881,-0.9714,-0.9544,-0.937,-0.9189,-0.8998,-0.8786,-0.8544,-0.8259,-0.7919,-0.7514,-0.7034,-0.6474,-0.5832,-0.5107,-0.43,-0.3416,-0.2466,-0.1469,-0.0459,0.0514,0.139,0.2107,0.2617,0.29,0.2966,0.2848,0.259,0.2238,0.183,0.1397,0.096,0.0532,0.0122
-1.1286,-1.1285,-1.1277,-1.1261,-1.1235,-1.1198,-1.115,-1.109,-1.1015,-1.0927,-1.0825,-1.0708,-1.0578,-1.0435,-1.0281,-1.0118,-0.995,-0.9778,-0.9604,-0.9429,-0.9251,-0.9066,-0.8863,-0.8631,-0.8355,-0.802,-0.7614,-0.7128,-0.6557,-0.5896,-0.5146,-0.4308,-0.3384,-0.2384,-0.1324,-0.024,0.0814,0.1767,0.2544,0.3086,0.3371,0.3411,0.3248,0.2937,0.253,0.2072,0.1596,0.1121,0.0663,0.0228
-1.1372,-1.1375,-1.1371,-1.1358,-1.1336,-1.1302,-1.1257,-1.1197,-1.1124,-1.1035,-1.093,-1.081,-1.0675,-1.0526,-1.0365,-1.0194,-1.0017,-0.9837,-0.9658,-0.9481,-0.9305,-0.9126,-0.8935,-0.8715,-0.8451,-0.8124,-0.772,-0.723,-0.6647,-0.597,-0.5199,-0.4333,-0.3375,-0.233,-0.1212,-0.0056,0.108,0.2113,0.2954,0.3531,0.3817,0.3828,0.3618,0.3251,0.279,0.2283,0.1764,0.1256,0.077,0.0313
-1.1459,-1.1467,-1.1467,-1.1459,-1.144,-1.141,-1.1367,-1.131,-1.1237,-1.1148,-1.1042,-1.0918,-1.0777,-1.0621,-1.0451,-1.027,-1.0082,-0.9892,-0.9705,-0.9523,-0.9348,-0.9177,-0.8998,-0.8794,-0.8545,-0.8229,-0.783,-0.7336,-0.6744,-0.6053,-0.5263,-0.4376,-0.3392,-0.2311,-0.1143,0.0079,0.1294,0.2409,0.3317,0.3931,0.4217,0.4198,0.394,0.352,0.3006,0.2454,0.1897,0.1359,0.0849,0.0374
-1.1548,-1.1561,-1.1566,-1.1562,-1.1548,-1.1522,-1.1483,-1.1428,-1.1356,-1.1267,-1.1159,-1.1031,-1.0885,-1.072,-1.054,-1.0347,-1.0146,-0.9943,-0.9743,-0.9554,-0.9378,-0.9213,-0.9049,-0.8866,-0.8635,-0.8334,-0.7942,-0.7447,-0.6847,-0.6143,-0.5339,-0.4437,-0.3435,-0.233,-0.1126,0.0151,0.1439,0.2632,0.3607,0.4259,0.4547,0.4501,0.4197,0.3727,0.3168,0.2576,0.1988,0.1425,0.0898,0.0409
-1.1639,-1.1657,-1.1668,-1.1669,-1.166,-1.1639,-1.1603,-1.1551,-1.1481,-1.1392,-1.1282,-1.1151,-1.0999,-1.0825,-1.0634,-1.0427,-1.021,-0.9989,-0.9773,-0.957,-0.9389,-0.9231,-0.9085,-0.8925,-0.872,-0.8437,-0.8054,-0.7559,-0.6952,-0.6237,-0.5423,-0.4513,-0.3505,-0.2391,-0.1168,0.0146,0.1492,0.2757,0.3796,0.4486,0.4779,0.471,0.437,0.3859,0.3263,0.2642,0.2032,0.1452,0.0912,0.0415
-1.1731,-1.1755,-1.1771,-1.1779,-1.1775,-1.1759,-1.1728,-1.168,-1.1613,-1.1525,-1.1414,-1.1279,-1.112,-1.0938,-1.0734,-1.0511,-1.0275,-1.0032,-0.9793,-0.9571,-0.9379,-0.9225,-0.9099,-0.897,-0.8796,-0.8537,-0.8166,-0.7672,-0.7057,-0.6332,-0.551,-0.46,-0.3599,-0.2495,-0.1275,0.0054,0.1438,0.2758,0.3853,0.4582,0.4884,0.4803,0.4437,0.3901,0.3283,0.2645,0.2023,0.1436,0.0892,0.0392
-1.1825,-1.1855,-1.1878,-1.1892,-1.1895,-1.1885,-1.1859,-1.1816,-1.1752,-1.1666,-1.1555,-1.1417,-1.1252,-1.106,-1.0842,-1.0602,-1.0343,-1.0074,-0.9806,-0.9555,-0.9343,-0.9188,-0.9085,-0.8996,-0.8863,-0.8633,-0.8276,-0.7782,-0.7159,-0.6423,-0.5597,-0.4693,-0.3711,-0.2636,-0.1444,-0.013,0.1262,0.2615,0.3754,0.4517,0.4837,0.4757,0.4385,0.3842,0.3219,0.258,0.1959,0.1375,0.0835,0.0339
-1.1919,-1.1956,-1.1986,-1.2007,-1.2018,-1.2015,-1.1996,-1.1958,-1.1899,-1.1815,-1.1705,-1.1565,-1.1394,-1.1193,-1.0961,-1.0702,-1.042,-1.012,-0.9814,-0.9522,-0.9276,-0.9113,-0.9038,-0.8999,-0.8918,-0.8725,-0.8384,-0.7889,-0.7254,-0.6507,-0.5676,-0.4784,-0.3834,-0.2807,-0.1671,-0.0406,0.0961,0.2317,0.3479,0.4273,0.4619,0.4559,0.4204,0.3676,0.307,0.2446,0.184,0.1269,0.0741,0.0256
-1.2015,-1.2059,-1.2097,-1.2126,-1.2144,-1.2149,-1.2138,-1.2107,-1.2054,-1.1974,-1.1865,-1.1725,-1.155,-1.134,-1.1095,-1.0817,-1.0509,-1.0175,-0.9824,-0.9477,-0.9178,-0.8994,-0.895,-0.8979,-0.8965,-0.8815,-0.849,-0.7991,-0.7341,-0.6577,-0.5741,-0.4865,-0.3957,-0.2996,-0.1942,-0.0759,0.0544,0.1868,0.303,0.3846,0.4227,0.4206,0.3893,0.3405,0.2835,0.2244,0.1667,0.112,0.0612,0.0144
-1.2111,-1.2163,-1.2209,-1.2247,-1.2274,-1.2288,-1.2286,-1.2263,-1.2217,-1.2143,-1.2038,-1.1898,-1.172,-1.1503,-1.1245,-1.0949,-1.0617,-1.025,-0.985,-0.9433,-0.9054,-0.8825,-0.8819,-0.8941,-0.9009,-0.8906,-0.8596,-0.8087,-0.7415,-0.6629,-0.5785,-0.4925,-0.4066,-0.3186,-0.2238,-0.1167,0.0035,0.1289,0.2424,0.3251,0.3673,0.3711,0.3461,0.3036,0.2522,0.198,0.1444,0.0931,0.0451,0.0006
-1.2208,-1.2268,-1.2322,-1.237,-1.2407,-1.2432,-1.2439,-1.2427,-1.2389,-1.2323,-1.2223,-1.2085,-1.1906,-1.1684,-1.1417,-1.1105,-1.0751,-1.0355,-0.9911,-0.9417,-0.8926,-0.8617,-0.8657,-0.8902,-0.9067,-0.9009,-0.8704,-0.8176,-0.7474,-0.6659,-0.58,-0.4954,-0.4147,-0.3359,-0.2533,-0.1601,-0.053,0.0622,0.1701,0.2526,0.299,0.3098,0.293,0.2584,0.2143,0.1662,0.1177,0.0706,0.026,-0.0157
-1.2304,-1.2373,-1.2437,-1.2495,-1.2543,-1.2579,-1.2598,-1.2597,-1.257,-1.2513,-1.242,-1.2287,-1.2111,-1.1886,-1.1611,-1.1288,-1.0918,-1.0503,-1.0029,-0.9472,-0.8851,-0.8417,-0.851,-0.8907,-0.9165,-0.9133,-0.8817,-0.8259,-0.7516,-0.6661,-0.5779,-0.4942,-0.4186,-0.3494,-0.2802,-0.2024,-0.1108,-0.0084,0.0916,0.1723,0.2224,0.2406,0.2328,0.2072,0.1712,0.1301,0.0874,0.0451,0.0044,-0.0341
-1.24,-1.2478,-1.2552,-1.2621,-1.2681,-1.273,-1.2762,-1.2774,-1.2759,-1.2713,-1.263,-1.2505,-1.2333,-1.211,-1.1832,-1.1501,-1.1122,-1.0702,-1.023,-0.9659,-0.8948,-0.8366,-0.8508,-0.9039,-0.9339,-0.929,-0.8938,-0.8334,-0.7538,-0.6633,-0.5718,-0.4882,-0.4173,-0.3576,-0.3019,-0.2402,-0.1651,-0.0772,0.013,0.0901,0.1427,0.1676,0.1686,0.1522,0.1247,0.091,0.0544,0.0173,-0.0192,-0.0543
-1.2494,-1.2582,-1.2667,-1.2748,-1.2821,-1.2883,-1.293,-1.2957,-1.2957,-1.2924,-1.2853,-1.2738,-1.2575,-1.2356,-1.208,-1.1746,-1.1364,-1.0953,-1.052,-1.003,-0.9391,-0.8775,-0.8906,-0.9406,-0.9616,-0.9486,-0.9067,-0.84,-0.7541,-0.6575,-0.5616,-0.4771,-0.41,-0.3592,-0.3166,-0.2707,-0.2122,-0.1394,-0.0603,0.0115,0.0647,0.0949,0.1037,0.0958,0.0764,0.05,0.0197,-0.0122,-0.0443,-0.0759
-1.2587,-1.2685,-1.2781,-1.2874,-1.2961,-1.3038,-1.3102,-1.3145,-1.3161,-1.3144,-1.3087,-1.2986,-1.2833,-1.2625,-1.2356,-1.2023,-1.1642,-1.1246,-1.0881,-1.0564,-1.0253,-0.9942,-0.9921,-1.0043,-0.9992,-0.9713,-0.9199,-0.8456,-0.7524,-0.649,-0.5479,-0.4614,-0.3971,-0.3541,-0.3234,-0.2923,-0.2495,-0.1917,-0.1245,-0.0595,-0.0076,0.0258,0.0407,0.0401,0.0281,0.0085,-0.0158,-0.0426,-0.0705,-0.0984
-1.2678,-1.2786,-1.2893,-1.2999,-1.3101,-1.3195,-1.3275,-1.3337,-1.3371,-1.3372,-1.3331,-1.3244,-1.3107,-1.2915,-1.2658,-1.2332,-1.1952,-1.1567,-1.1265,-1.1143,-1.1264,-1.1467,-1.1234,-1.0799,-1.0406,-0.9946,-0.9323,-0.8498,-0.7491,-0.6386,-0.5316,-0.4424,-0.3798,-0.3433,-0.323,-0.3049,-0.2765,-0.2327,-0.1775,-0.1207,-0.072,-0.0374,-0.0183,-0.0132,-0.019,-0.0326,-0.0515,-0.0735,-0.0972,-0.1216
-1.2766,-1.2883,-1.3003,-1.3122,-1.3239,-1.335,-1.345,-1.3531,-1.3586,-1.3606,-1.3583,-1.3512,-1.3393,-1.322,-1.2985,-1.2672,-1.2291,-1.1901,-1.1625,-1.1619,-1.1992,-1.2449,-1.2151,-1.1414,-1.077,-1.0153,-0.9427,-0.8524,-0.7447,-0.6274,-0.5149,-0.4226,-0.3607,-0.3291,-0.3173,-0.31,-0.2939,-0.263,-0.2194,-0.1713,-0.1273,-0.0935,-0.0722,-0.063,-0.0639,-0.0725,-0.0865,-0.1042,-0.1241,-0.1452
-1.285,-1.2977,-1.3108,-1.3242,-1.3374,-1.3503,-1.3623,-1.3727,-1.3804,-1.3844,-1.3839,-1.3785,-1.3683,-1.3536,-1.333,-1.3041,-1.2659,-1.2244,-1.1941,-1.1933,-1.2304,-1.2714,-1.2471,-1.1748,-1.1018,-1.0305,-0.9502,-0.8535,-0.74,-0.6173,-0.5001,-0.405,-0.3432,-0.3149,-0.3092,-0.3103,-0.3043,-0.2843,-0.2516,-0.2122,-0.1739,-0.1423,-0.1205,-0.1087,-0.106,-0.1105,-0.1205,-0.1343,-0.1508,-0.1688
-1.2929,-1.3066,-1.3209,-1.3356,-1.3505,-1.3652,-1.3794,-1.392,-1.4022,-1.4085,-1.4098,-1.4057,-1.3971,-1.3851,-1.3686,-1.3434,-1.3058,-1.2602,-1.2224,-1.212,-1.2346,-1.2607,-1.2426,-1.1837,-1.1135,-1.039,-0.9541,-0.8532,-0.736,-0.61,-0.4899,-0.3929,-0.3309,-0.3043,-0.3023,-0.3089,-0.3104,-0.2995,-0.276,-0.245,-0.2127,-0.1844,-0.1632,-0.1502,-0.145,-0.1464,-0.153,-0.1636,-0.1769,-0.1921
-1.3003,-1.315,-1.3304,-1.3464,-1.3628,-1.3795,-1.3958,-1.411,-1.4238,-1.4326,-1.4357,-1.4326,-1.4249,-1.4155,-1.404,-1.3841,-1.3483,-1.2983,-1.2505,-1.2257,-1.2298,-1.2403,-1.2246,-1.178,-1.1147,-1.0412,-0.9548,-0.8521,-0.7337,-0.607,-0.4864,-0.3891,-0.3269,-0.3005,-0.2996,-0.309,-0.3153,-0.311,-0.2953,-0.2716,-0.2451,-0.2204,-0.2008,-0.1875,-0.1808,-0.1799,-0.1839,-0.1917,-0.2024,-0.2151
-1.3071,-1.3227,-1.3391,-1.3564,-1.3744,-1.3929,-1.4114,-1.4292,-1.4449,-1.4564,-1.4614,-1.4588,-1.4508,-1.4432,-1.4374,-1.4244,-1.392,-1.3386,-1.2805,-1.2405,-1.2264,-1.2226,-1.2055,-1.1663,-1.1094,-1.0386,-0.953,-0.851,-0.7338,-0.6091,-0.4906,-0.3946,-0.3324,-0.3051,-0.3032,-0.3127,-0.3212,-0.3213,-0.3114,-0.2938,-0.2725,-0.2516,-0.2339,-0.2211,-0.2136,-0.2111,-0.2131,-0.2186,-0.227,-0.2375
-1.3133,-1.3296,-1.3469,-1.3654,-1.3848,-1.405,-1.4258,-1.4462,-1.4649,-1.4796,-1.4868,-1.4842,-1.4744,-1.467,-1.4667,-1.4616,-1.4336,-1.3783,-1.3119,-1.2586,-1.2286,-1.2118,-1.1902,-1.1537,-1.1011,-1.0333,-0.9499,-0.8503,-0.7367,-0.6164,-0.5023,-0.4092,-0.3474,-0.3183,-0.3137,-0.3213,-0.3297,-0.3321,-0.3262,-0.3133,-0.2965,-0.279,-0.2634,-0.2514,-0.2436,-0.2401,-0.2405,-0.2443,-0.2507,-0.2593
-1.3186,-1.3356,-1.3538,-1.3733,-1.3939,-1.4158,-1.4385,-1.4615,-1.4833,-1.5014,-1.5115,-1.509,-1.4955,-1.4856,-1.4898,-1.4921,-1.4686,-1.413,-1.3417,-1.2788,-1.236,-1.2076,-1.1799,-1.1428,-1.0922,-1.0271,-0.9466,-0.8508,-0.7423,-0.6282,-0.5202,-0.4312,-0.3703,-0.339,-0.3307,-0.3348,-0.3416,-0.3445,-0.3409,-0.3314,-0.318,-0.3035,-0.2899,-0.2789,-0.2712,-0.267,-0.2663,-0.2686,-0.2735,-0.2803
-1.3232,-1.3408,-1.3596,-1.3799,-1.4016,-1.4247,-1.4492,-1.4744,-1.4991,-1.5207,-1.5344,-1.5328,-1.5145,-1.4988,-1.5047,-1.5122,-1.4921,-1.4382,-1.366,-1.2979,-1.2461,-1.2082,-1.1741,-1.1346,-1.0844,-1.0212,-0.9439,-0.8526,-0.7503,-0.6436,-0.5426,-0.4584,-0.3989,-0.3654,-0.353,-0.3529,-0.3568,-0.3588,-0.3562,-0.3489,-0.3381,-0.3259,-0.3141,-0.304,-0.2966,-0.2921,-0.2906,-0.2917,-0.2952,-0.3007
-1.327,-1.3449,-1.3643,-1.3851,-1.4076,-1.4317,-1.4574,-1.4843,-1.5113,-1.5361,-1.5534,-1.5539,-1.5314,-1.5073,-1.5107,-1.5194,-1.5016,-1.4513,-1.3821,-1.3131,-1.2563,-1.2114,-1.1715,-1.129,-1.0783,-1.0165,-0.9423,-0.8559,-0.7603,-0.6613,-0.5677,-0.4886,-0.4308,-0.3955,-0.379,-0.3745,-0.375,-0.3753,-0.3726,-0.3663,-0.3573,-0.3469,-0.3365,-0.3274,-0.3203,-0.3156,-0.3134,-0.3137,-0.316,-0.3202
-1.3298,-1.3481,-1.3677,-1.3889,-1.4118,-1.4365,-1.4629,-1.4907,-1.5191,-1.5458,-1.5656,-1.5682,-1.5438,-1.5123,-1.5092,-1.515,-1.4984,-1.453,-1.3894,-1.3231,-1.2645,-1.2152,-1.1709,-1.1254,-1.0739,-1.0132,-0.942,-0.8606,-0.7717,-0.6804,-0.594,-0.5201,-0.4641,-0.4275,-0.4074,-0.3987,-0.3955,-0.3935,-0.39,-0.3841,-0.376,-0.3668,-0.3576,-0.3492,-0.3424,-0.3377,-0.335,-0.3345,-0.336,-0.3391
-1.3318,-1.3501,-1.3699,-1.3912,-1.4142,-1.439,-1.4655,-1.4934,-1.5219,-1.5488,-1.5688,-1.572,-1.5482,-1.5143,-1.5033,-1.5031,-1.4865,-1.4463,-1.3894,-1.3276,-1.2697,-1.2183,-1.171,-1.1232,-1.071,-1.0114,-0.9431,-0.8665,-0.784,-0.6999,-0.6203,-0.5513,-0.4974,-0.4599,-0.4369,-0.4243,-0.4177,-0.4132,-0.4083,-0.4022,-0.3946,-0.3861,-0.3776,-0.3698,-0.3633,-0.3585,-0.3555,-0.3544,-0.355,-0.3573
-1.3328,-1.3511,-1.3708,-1.392,-1.4148,-1.4392,-1.4652,-1.4924,-1.5198,-1.545,-1.5631,-1.5651,-1.5437,-1.5121,-1.4956,-1.4884,-1.4706,-1.4346,-1.384,-1.3274,-1.2718,-1.22,-1.171,-1.1218,-1.0692,-1.0107,-0.9453,-0.8733,-0.7966,-0.7192,-0.6458,-0.5814,-0.5297,-0.4918,-0.4664,-0.4506,-0.4408,-0.4338,-0.4274,-0.4206,-0.413,-0.405,-0.3969,-0.3895,-0.3831,-0.3782,-0.375,-0.3733,-0.3733,-0.3747
-1.333,-1.3511,-1.3705,-1.3913,-1.4136,-1.4373,-1.4623,-1.488,-1.5133,-1.5358,-1.5507,-1.5511,-1.5326,-1.5055,-1.4864,-1.4734,-1.4538,-1.4206,-1.3753,-1.3236,-1.2709,-1.22,-1.1705,-1.1207,-1.0682,-1.0111,-0.9484,-0.8806,-0.8094,-0.7379,-0.6701,-0.6099,-0.5604,-0.5224,-0.4954,-0.4769,-0.4643,-0.455,-0.447,-0.4393,-0.4314,-0.4234,-0.4156,-0.4083,-0.4021,-0.3971,-0.3935,-0.3915,-0.3908,-0.3915
-1.3323,-1.3501,-1.369,-1.3892,-1.4107,-1.4334,-1.4569,-1.4807,-1.5035,-1.5227,-1.5344,-1.5334,-1.518,-1.4953,-1.4755,-1.4588,-1.4373,-1.4059,-1.3647,-1.3174,-1.2677,-1.2183,-1.1693,-1.1196,-1.0676,-1.012,-0.9521,-0.8882,-0.8219,-0.7557,-0.6929,-0.6365,-0.5891,-0.5515,-0.5232,-0.5027,-0.4878,-0.4764,-0.4668,-0.4581,-0.4497,-0.4415,-0.4337,-0.4265,-0.4203,-0.4152,-0.4113,-0.4088,-0.4077,-0.4078
-1.3308,-1.3481,-1.3665,-1.3859,-1.4064,-1.4278,-1.4496,-1.4712,-1.4912,-1.5073,-1.5161,-1.5145,-1.5016,-1.4824,-1.4631,-1.4442,-1.4215,-1.3912,-1.3531,-1.3094,-1.2628,-1.2152,-1.1672,-1.1183,-1.0673,-1.0134,-0.9561,-0.8958,-0.8339,-0.7725,-0.714,-0.6612,-0.6158,-0.5787,-0.5497,-0.5276,-0.5108,-0.4976,-0.4866,-0.4769,-0.4679,-0.4593,-0.4514,-0.4441,-0.4378,-0.4325,-0.4284,-0.4255,-0.4239,-0.4234
-1.3286,-1.3453,-1.3629,-1.3815,-1.4009,-1.4208,-1.4408,-1.4601,-1.4774,-1.4906,-1.4973,-1.4952,-1.4844,-1.4678,-1.4493,-1.4295,-1.4061,-1.3768,-1.3411,-1.3003,-1.2564,-1.2109,-1.1644,-1.1166,-1.0669,-1.0149,-0.9602,-0.9033,-0.8454,-0.7881,-0.7336,-0.6838,-0.6404,-0.6041,-0.5747,-0.5515,-0.5332,-0.5185,-0.5062,-0.4955,-0.4858,-0.4768,-0.4686,-0.4612,-0.4547,-0.4492,-0.4448,-0.4416,-0.4395,-0.4385
-1.3256,-1.3417,-1.3585,-1.3761,-1.3942,-1.4126,-1.4307,-1.4478,-1.4626,-1.4735,-1.4785,-1.4762,-1.4668,-1.4521,-1.4345,-1.4145,-1.391,-1.3626,-1.3289,-1.2906,-1.2492,-1.2057,-1.1608,-1.1145,-1.0664,-1.0164,-0.9642,-0.9105,-0.8561,-0.8026,-0.7515,-0.7046,-0.663,-0.6275,-0.5981,-0.5741,-0.5547,-0.5388,-0.5254,-0.5137,-0.5033,-0.4939,-0.4854,-0.4778,-0.471,-0.4653,-0.4606,-0.4571,-0.4546,-0.4531
