docs/data/wind_grid.json
[{"header":{"la1":42.85,"la2":41.18,"lo1":11.55,"lo2":14.05,"nx":36,"ny":24,"dx":0.07143,"dy":0.07261,"parameterCategory":2,"parameterNumber":2,"parameterNumberName":"eastward_wind","parameterUnit":"m.s-1"},"data":[1.2801,1.2875,1.2954,1.3033,1.3101,1.3147,1.315,1.309,1.295,1.2719,1.2396,1.199,1.151,1.0966,1.0372,0.9752,0.9145,0.8614,0.8227,0.8037,0.8055,0.8245,0.8546,0.8896,0.925,0.9579,0.9868,1.0114,1.0318,1.0485,1.0619,1.0726,1.0811,1.0877,1.093,1.0971,1.2859,1.2957,1.3068,1.3188,1.3307,1.3409,1.3467,1.3444,1.3311,1.3049,1.2662,1.2167,1.1576,1.0898,1.0138,0.9314,0.8474,0.7716,0.717,0.6944,0.7054,0.742,0.7922,0.8454,0.8953,0.9389,0.9752,1.0048,1.0283,1.0469,1.0613,1.0724,1.0809,1.0874,1.0923,1.0962,1.2901,1.3023,1.317,1.3342,1.3532,1.3721,1.387,1.392,1.3808,1.3504,1.3025,1.241,1.1684,1.0846,0.988,0.8776,0.7575,0.6427,0.5597,0.5326,0.564,0.6339,0.7175,0.7976,0.8667,0.9229,0.9672,1.0016,1.0278,1.0477,1.0626,1.0736,1.0818,1.0877,1.0921,1.0953,1.2918,1.3062,1.3246,1.3478,1.376,1.4078,1.4384,1.4574,1.4512,1.4134,1.3506,1.2727,1.1839,1.0826,0.9625,0.8159,0.64,0.4539,0.3139,0.282,0.3608,0.4954,0.6337,0.7513,0.8435,0.9132,0.9651,1.0033,1.0312,1.0515,1.0661,1.0764,1.0836,1.0886,1.0921,1.0945,1.2899,1.3056,1.3271,1.3564,1.3953,1.4447,1.5013,1.5484,1.5535,1.4998,1.4105,1.3099,1.2034,1.0852,0.943,0.756,0.4996,0.1811,-0.0836,-0.116,0.0768,0.3337,0.5538,0.7171,0.8329,0.9142,0.9712,1.0112,1.0392,1.0586,1.0718,1.0806,1.0863,1.0898,1.092,1.0933,1.2833,1.2987,1.3215,1.3552,1.4042,1.4736,1.5667,1.6662,1.6958,1.6059,1.4733,1.3468,1.2238,1.0923,0.9358,0.7199,0.3771,-0.1548,-0.6848,-0.6963,-0.2545,0.1933,0.5075,0.7112,0.8432,0.9299,0.9877,1.0264,1.0522,1.069,1.0797,1.086,1.0895,1.091,1.0914,1.0914,1.2712,1.2836,1.3042,1.3385,1.3935,1.4773,1.5995,1.7531,1.8139,1.6797,1.5169,1.3765,1.2415,1.0991,0.9389,0.7297,0.3698,-0.3203,-1.1701,-1.1383,-0.4143,0.1768,0.5361,0.7498,0.8805,0.9626,1.0151,1.0487,1.0697,1.0823,1.0891,1.0921,1.0925,1.0915,1.0899,1.0882,1.2534,1.2589,1.2717,1.3002,1.355,1.4431,1.5638,1.6953,1.7437,1.6625,1.5405,1.4042,1.2566,1.0935,0.9217,0.7561,0.5202,0.021,-0.6452,-0.6627,-0.1134,0.3615,0.658,0.8358,0.944,1.0108,1.052,1.0769,1.0909,1.0975,1.0993,1.0979,1.0946,1.0905,1.0864,1.083,1.2314,1.2253,1.2216,1.2336,1.2832,1.3772,1.4996,1.6255,1.7141,1.7177,1.6103,1.4507,1.2781,1.0645,0.804,0.6616,0.6609,0.537,0.2993,0.249,0.4401,0.668,0.8392,0.9526,1.0246,1.0689,1.0948,1.1084,1.1138,1.1133,1.109,1.1023,1.0945,1.0868,1.0801,1.0748,1.2089,1.1881,1.1578,1.1345,1.1733,1.2894,1.4395,1.6533,1.9602,2.0597,1.7848,1.5216,1.3291,1.0622,0.4985,0.2175,0.6663,0.8842,0.8979,0.8743,0.899,0.9598,1.0234,1.0737,1.108,1.1285,1.1382,1.1402,1.1363,1.1279,1.1166,1.1037,1.0908,1.079,1.0693,1.0623,1.1919,1.1602,1.1054,1.0362,1.0583,1.2003,1.3365,1.6013,2.3924,2.7796,1.9605,1.5719,1.4295,1.2707,0.6746,0.2472,0.8626,1.2261,1.336,1.2877,1.2185,1.1838,1.1758,1.1778,1.1804,1.1804,1.1766,1.1686,1.1561,1.1397,1.1205,1.1003,1.0812,1.0648,1.0522,1.0438,1.1848,1.1538,1.1036,1.045,1.0634,1.1464,1.1474,1.1624,1.7651,2.2428,1.7759,1.5568,1.5405,1.6147,1.4883,1.1928,1.3497,1.7763,1.8807,1.636,1.4434,1.3424,1.2883,1.2536,1.2293,1.214,1.2036,1.1906,1.1716,1.1468,1.1184,1.0894,1.0628,1.0412,1.0258,1.0169,1.186,1.1641,1.136,1.1138,1.1185,1.1102,1.0022,0.8115,1.0289,1.4356,1.5068,1.5512,1.5886,1.7617,1.7535,1.458,1.622,2.4954,2.5166,1.866,1.5755,1.4501,1.3697,1.2997,1.2422,1.2162,1.2135,1.205,1.182,1.1478,1.1076,1.0669,1.0308,1.0033,0.9862,0.9787,1.1906,1.1769,1.1621,1.1502,1.139,1.1051,1.0206,0.9156,1.0083,1.2391,1.3672,1.6049,1.6732,1.4274,1.4556,1.3431,1.4063,2.0026,2.1362,1.786,1.6263,1.5445,1.4476,1.3349,1.23,1.1919,1.2127,1.2153,1.1878,1.1408,1.0838,1.0264,0.9776,0.9441,0.9274,0.9252,1.195,1.1858,1.176,1.1658,1.1517,1.1263,1.0891,1.068,1.1088,1.1616,1.177,1.2375,1.2923,1.2051,1.2694,1.0666,0.8088,1.282,1.5575,1.6445,1.7449,1.7175,1.5603,1.3991,1.2719,1.2208,1.2349,1.2316,1.1913,1.1233,1.0401,0.9569,0.8904,0.8517,0.8413,0.8519,1.198,1.1911,1.1834,1.1744,1.1628,1.1475,1.1315,1.1228,1.1173,1.0725,0.9555,0.8677,0.9839,1.1204,1.1414,1.0318,0.8977,1.1265,1.3397,1.6613,2.1481,2.0463,1.6925,1.4808,1.3664,1.3141,1.2955,1.2637,1.1957,1.0926,0.966,0.8398,0.7471,0.7084,0.7177,0.7549,1.1999,1.1941,1.1876,1.1799,1.1705,1.1595,1.1474,1.133,1.1062,1.045,0.9551,0.9239,0.7891,0.7316,1.0132,1.0754,1.0598,1.0387,1.0804,1.5029,2.1921,2.072,1.7012,1.518,1.4436,1.4177,1.3897,1.3218,1.2076,1.0481,0.848,0.645,0.5123,0.4903,0.5483,0.6352,1.201,1.1959,1.1901,1.1832,1.175,1.1652,1.1529,1.1355,1.1077,1.0647,1.0142,0.9489,0.7594,0.7278,1.0103,1.0953,1.0459,0.797,0.5113,1.0653,1.5457,1.6582,1.5741,1.5091,1.5108,1.5623,1.5529,1.4203,1.2315,0.9947,0.68,0.338,0.1452,0.1845,0.3423,0.5074,1.2017,1.1971,1.1918,1.1855,1.1779,1.1685,1.1565,1.1401,1.1172,1.0872,1.0514,1.0064,0.9575,0.9936,1.1363,1.1756,1.0763,0.8612,0.7139,1.054,1.2833,1.4306,1.4783,1.4975,1.5775,1.7847,1.8255,1.5279,1.2483,0.9508,0.5065,-0.042,-0.3076,-0.1403,0.1584,0.4079,1.2023,1.1981,1.1932,1.1873,1.1803,1.1717,1.1609,1.147,1.1295,1.1086,1.0859,1.0648,1.0573,1.087,1.1487,1.1661,1.1179,1.0671,1.1332,1.1839,1.2618,1.3979,1.4722,1.4956,1.5576,1.7969,1.8536,1.438,1.2082,0.9532,0.4775,-0.1869,-0.4954,-0.254,0.1063,0.3846,1.2029,1.199,1.1945,1.1893,1.183,1.1754,1.1662,1.1552,1.1425,1.1286,1.1154,1.1062,1.1068,1.1214,1.1426,1.1528,1.1503,1.1544,1.1832,1.225,1.3485,1.5179,1.5896,1.5332,1.4379,1.3045,0.994,1.035,1.1401,1.0399,0.6875,0.1632,-0.126,-0.0116,0.2377,0.4555,1.2036,1.2001,1.1961,1.1915,1.186,1.1797,1.1723,1.164,1.155,1.1462,1.139,1.1353,1.1375,1.1462,1.1585,1.171,1.1855,1.2096,1.2534,1.3415,1.537,1.829,1.9115,1.676,1.395,1.0553,0.6556,0.8854,1.2387,1.2461,1.0006,0.6472,0.4027,0.3721,0.4664,0.5869,1.2045,1.2014,1.1979,1.1939,1.1894,1.1843,1.1786,1.1726,1.1666,1.1614,1.1578,1.1572,1.1606,1.1683,1.18,1.1958,1.2187,1.2553,1.3187,1.4406,1.6854,2.064,2.1655,1.8065,1.4509,1.1793,1.0348,1.252,1.6026,1.5259,1.2568,0.9774,0.7726,0.6831,0.684,0.7286,1.2056,1.2029,1.1999,1.1966,1.193,1.189,1.1849,1.1808,1.177,1.1743,1.1732,1.1747,1.1793,1.1876,1.2002,1.2185,1.2455,1.2872,1.3552,1.4708,1.6609,1.8904,1.9406,1.728,1.4808,1.314,1.2775,1.4397,1.6545,1.5792,1.3551,1.1407,0.9789,0.8839,0.8477,0.8499]},{"header":{"la1":42.85,"la2":41.18,"lo1":11.55,"lo2":14.05,"nx":36,"ny":24,"dx":0.07143,"dy":0.07261,"parameterCategory":2,"parameterNumber":3,"parameterNumberName":"northward_wind","parameterUnit":"m.s-1"},"data":[1.4932,1.5069,1.523,1.5414,1.5616,1.5824,1.6027,1.6211,1.6372,1.6511,1.6643,1.6782,1.6941,1.7124,1.7329,1.7544,1.7745,1.7895,1.7951,1.7878,1.7667,1.7338,1.6926,1.6474,1.6014,1.5569,1.5152,1.4772,1.443,1.4125,1.3856,1.362,1.3414,1.3234,1.3077,1.2941,1.4844,1.4993,1.5177,1.5397,1.5645,1.5909,1.6165,1.6389,1.6566,1.6702,1.6824,1.6963,1.7141,1.7368,1.7645,1.7959,1.8281,1.8551,1.869,1.8628,1.8348,1.7893,1.7336,1.6744,1.6166,1.5626,1.5139,1.4706,1.4326,1.3996,1.3711,1.3465,1.3254,1.3073,1.2918,1.2785,1.4716,1.4873,1.5081,1.5346,1.5662,1.6011,1.6356,1.6645,1.6839,1.6947,1.7028,1.7145,1.7335,1.7612,1.7979,1.8434,1.8949,1.9436,1.9736,1.9695,1.9282,1.8605,1.7815,1.7025,1.6293,1.5642,1.5075,1.4588,1.4173,1.3821,1.3524,1.3274,1.3063,1.2885,1.2735,1.2609,1.4532,1.4689,1.4919,1.5236,1.5645,1.613,1.6635,1.7054,1.7272,1.7294,1.7263,1.7317,1.7509,1.784,1.8314,1.8956,1.9775,2.0663,2.1296,2.1289,2.0589,1.9501,1.8342,1.7279,1.636,1.5584,1.4937,1.44,1.3956,1.359,1.3289,1.3041,1.2836,1.2667,1.2527,1.2411,1.4277,1.4415,1.4653,1.5023,1.5549,1.6238,1.7042,1.7758,1.8035,1.7819,1.7525,1.7459,1.7647,1.8038,1.8621,1.9472,2.0725,2.2359,2.3727,2.3751,2.2382,2.0534,1.8831,1.7431,1.6309,1.5413,1.4695,1.412,1.366,1.3292,1.2998,1.2762,1.2572,1.2418,1.2293,1.2191,1.3929,1.4014,1.4227,1.4629,1.5276,1.6224,1.7511,1.8901,1.9387,1.8563,1.7739,1.7518,1.7738,1.8206,1.8871,1.9868,2.1571,2.4383,2.7296,2.7265,2.445,2.1423,1.9083,1.7361,1.6071,1.5083,1.4319,1.3727,1.327,1.2918,1.2646,1.2434,1.2268,1.2137,1.2033,1.195,1.3471,1.344,1.356,1.394,1.4671,1.5829,1.7566,1.9883,2.0834,1.9011,1.7631,1.7417,1.7788,1.8385,1.9093,2.0037,2.1786,2.5412,3.012,2.9907,2.5453,2.1518,1.882,1.6944,1.5575,1.4548,1.3774,1.3197,1.2771,1.2459,1.2228,1.2056,1.1926,1.1827,1.175,1.169,1.2897,1.2647,1.2541,1.2787,1.3554,1.4805,1.6453,1.8442,1.9229,1.7727,1.6858,1.7118,1.785,1.8684,1.9462,2.0144,2.1177,2.365,2.7174,2.7139,2.3647,2.0324,1.7899,1.6123,1.4783,1.3772,1.303,1.2507,1.215,1.1909,1.1746,1.1632,1.155,1.149,1.1446,1.1415,1.2244,1.1622,1.1027,1.0886,1.1717,1.3258,1.4625,1.5361,1.5255,1.4874,1.5448,1.6702,1.8011,1.9229,2.0336,2.0808,2.0642,2.1038,2.2004,2.1918,2.033,1.8329,1.6504,1.4954,1.3687,1.2718,1.2047,1.163,1.1395,1.127,1.1204,1.1168,1.1147,1.1135,1.1128,1.1127,1.1631,1.0503,0.8998,0.7802,0.8772,1.1572,1.3344,1.3136,1.119,1.0634,1.3495,1.637,1.8355,1.9928,2.1902,2.2766,2.0778,1.9448,1.8934,1.8488,1.7623,1.638,1.4963,1.3537,1.2266,1.1314,1.0758,1.0533,1.0502,1.0552,1.062,1.0681,1.073,1.077,1.0803,1.0834,1.1281,0.9751,0.7258,0.4228,0.5112,1.0507,1.3458,1.2859,0.7036,0.3967,1.1871,1.6588,1.9014,2.0495,2.1985,2.2837,2.0173,1.8035,1.6951,1.6428,1.5798,1.4806,1.3469,1.191,1.0414,0.9392,0.9044,0.9178,0.9486,0.9787,1.0022,1.0193,1.0316,1.0407,1.0479,1.054,1.1384,0.9942,0.7616,0.4849,0.5962,1.1652,1.5258,1.6128,1.1843,0.8534,1.3783,1.7657,1.9969,2.1433,2.1951,2.0552,1.8369,1.5797,1.4848,1.4929,1.4546,1.3587,1.2083,1.0047,0.7882,0.6611,0.6739,0.7579,0.8421,0.9042,0.946,0.9736,0.9924,1.0059,1.0164,1.0253,1.189,1.0961,0.9795,0.9079,1.0529,1.39,1.6877,1.8857,1.7383,1.5237,1.6567,1.8898,2.0398,2.2868,2.3512,1.9863,1.6999,1.3026,1.2759,1.3946,1.3678,1.2656,1.0912,0.8091,0.4496,0.2642,0.3904,0.5978,0.7496,0.8429,0.8992,0.9343,0.9574,0.974,0.9869,0.9978,1.2551,1.2132,1.1824,1.2026,1.3168,1.5005,1.6808,1.8045,1.7574,1.667,1.7452,1.9678,2.0506,2.0822,2.0372,1.8719,1.6913,1.4349,1.3528,1.3632,1.3007,1.197,1.0219,0.689,0.1753,-0.0857,0.1888,0.5081,0.7005,0.8063,0.8666,0.9036,0.9281,0.9459,0.96,0.9722,1.3151,1.3045,1.3102,1.348,1.4257,1.5279,1.623,1.6777,1.6702,1.6511,1.6742,1.756,1.8696,1.9106,1.8742,1.7859,1.7851,1.5925,1.4275,1.319,1.2241,1.1478,1.0152,0.7416,0.3261,0.1024,0.3016,0.5542,0.7099,0.797,0.8486,0.8819,0.9053,0.9227,0.9368,0.9493,1.3606,1.365,1.382,1.4168,1.4689,1.5289,1.5813,1.6115,1.615,1.5952,1.5386,1.5306,1.631,1.7566,1.7305,1.7017,1.7135,1.537,1.3638,1.2339,1.1381,1.1174,1.0345,0.8625,0.6535,0.536,0.5806,0.6784,0.7534,0.8036,0.8401,0.8686,0.8903,0.9062,0.9186,0.9298,1.3917,1.4019,1.4205,1.4488,1.4848,1.5229,1.5554,1.5759,1.5814,1.5682,1.5351,1.5478,1.5547,1.5499,1.5624,1.5218,1.468,1.3428,1.228,1.1643,1.1188,1.1015,1.0284,0.9226,0.8287,0.7824,0.778,0.7837,0.7919,0.8084,0.8347,0.8646,0.8879,0.9006,0.9077,0.9147,1.4112,1.4228,1.4398,1.4619,1.4875,1.5134,1.5354,1.5503,1.5567,1.5545,1.5478,1.5407,1.5185,1.4905,1.3613,1.264,1.2595,1.1675,1.102,1.0831,1.0628,1.0355,0.9769,0.9155,0.8903,0.9121,0.9111,0.8526,0.8039,0.7971,0.8287,0.8772,0.9086,0.912,0.9059,0.9041,1.422,1.433,1.4473,1.4645,1.483,1.501,1.5161,1.5265,1.5311,1.5295,1.5211,1.5019,1.4603,1.3465,1.0225,0.8963,1.1031,1.0877,1.0282,0.9076,0.9254,0.9203,0.8814,0.8574,0.9018,1.0488,1.0804,0.8916,0.7727,0.7561,0.8162,0.9123,0.9593,0.9392,0.9092,0.8949,1.4264,1.4361,1.4477,1.4606,1.4739,1.4862,1.4961,1.502,1.5029,1.4974,1.4828,1.4529,1.3923,1.2624,1.0311,0.9515,1.0529,0.9923,0.7465,0.6382,0.7809,0.7679,0.7247,0.7352,0.8255,1.0416,1.0904,0.7828,0.6596,0.6634,0.7672,0.9222,0.9883,0.9477,0.9012,0.8802,1.4263,1.4343,1.4433,1.4527,1.4619,1.4697,1.4751,1.4769,1.4738,1.4639,1.4444,1.4099,1.3519,1.261,1.1535,1.0917,1.0582,0.9617,0.8009,0.7192,0.668,0.5086,0.4274,0.5116,0.6209,0.6282,0.4406,0.4343,0.4536,0.4916,0.6297,0.8105,0.9019,0.892,0.865,0.8541,1.423,1.4292,1.4358,1.4423,1.448,1.4522,1.4539,1.452,1.4453,1.4321,1.41,1.3759,1.3266,1.2623,1.1922,1.1281,1.059,0.9618,0.8394,0.6965,0.4327,-0.0013,-0.1353,0.1841,0.4173,0.3884,0.2164,0.2497,0.1781,0.2076,0.403,0.6136,0.7434,0.7917,0.8069,0.8186,1.4175,1.4219,1.4264,1.4303,1.4332,1.4343,1.4329,1.428,1.4185,1.403,1.38,1.3476,1.3049,1.2525,1.1932,1.1281,1.0508,0.9512,0.8177,0.6115,0.2248,-0.3754,-0.5368,-0.0398,0.2987,0.3471,0.2651,0.0799,-0.2619,-0.1487,0.1771,0.4404,0.6064,0.6978,0.7486,0.7825,1.4103,1.4132,1.4157,1.4174,1.4179,1.4165,1.4126,1.4053,1.3938,1.3769,1.3536,1.3227,1.2838,1.2368,1.1819,1.1175,1.039,0.9383,0.8007,0.5943,0.2741,-0.1044,-0.2007,0.0632,0.2884,0.3346,0.2405,-0.0166,-0.3188,-0.206,0.1046,0.3588,0.5289,0.6367,0.706,0.7542]}]