docs/data/wind_grid.json
[{"header":{"la1":42.85,"la2":41.18,"lo1":11.55,"lo2":14.05,"nx":36,"ny":24,"dx":0.07143,"dy":0.07261,"parameterCategory":2,"parameterNumber":2,"parameterNumberName":"eastward_wind","parameterUnit":"m.s-1"},"data":[-0.2489,-0.2581,-0.2672,-0.276,-0.284,-0.2902,-0.2932,-0.2913,-0.2832,-0.2689,-0.2502,-0.2293,-0.2089,-0.1907,-0.1762,-0.1662,-0.1617,-0.1634,-0.1718,-0.1861,-0.2036,-0.22,-0.2314,-0.2363,-0.2357,-0.2314,-0.2254,-0.2188,-0.2122,-0.2059,-0.2,-0.1945,-0.1893,-0.1846,-0.1802,-0.1762,-0.2591,-0.2705,-0.2823,-0.2944,-0.3066,-0.3177,-0.3254,-0.3262,-0.3173,-0.298,-0.2714,-0.2419,-0.2136,-0.189,-0.1694,-0.1557,-0.1489,-0.1507,-0.163,-0.186,-0.2153,-0.2423,-0.2586,-0.2625,-0.2576,-0.2486,-0.2386,-0.2289,-0.2201,-0.2121,-0.2049,-0.1984,-0.1926,-0.1872,-0.1823,-0.1778,-0.2697,-0.2837,-0.2985,-0.3147,-0.3327,-0.3518,-0.3689,-0.3769,-0.3682,-0.3408,-0.301,-0.2579,-0.2182,-0.185,-0.159,-0.14,-0.1288,-0.1283,-0.1444,-0.1815,-0.2337,-0.281,-0.3036,-0.3012,-0.2862,-0.2689,-0.253,-0.2395,-0.228,-0.2182,-0.2098,-0.2023,-0.1957,-0.1897,-0.1843,-0.1793,-0.2807,-0.2976,-0.3157,-0.3361,-0.3612,-0.393,-0.4285,-0.4542,-0.4493,-0.4065,-0.3421,-0.277,-0.2215,-0.1777,-0.144,-0.118,-0.0982,-0.0884,-0.103,-0.1618,-0.2616,-0.3529,-0.3801,-0.3557,-0.3201,-0.2901,-0.2672,-0.2495,-0.2355,-0.224,-0.2143,-0.2059,-0.1985,-0.1919,-0.186,-0.1806,-0.2921,-0.3127,-0.334,-0.3575,-0.3889,-0.4376,-0.5079,-0.5778,-0.5879,-0.51,-0.3964,-0.2963,-0.2206,-0.1651,-0.1236,-0.0899,-0.0563,-0.02,-0.0086,-0.0924,-0.2906,-0.479,-0.4937,-0.4161,-0.3511,-0.3081,-0.279,-0.258,-0.242,-0.2292,-0.2185,-0.2092,-0.2011,-0.1938,-0.1874,-0.1816,-0.3039,-0.3302,-0.356,-0.3797,-0.4108,-0.4735,-0.597,-0.7688,-0.8272,-0.659,-0.4521,-0.3065,-0.2104,-0.1439,-0.0961,-0.0578,-0.0103,0.0784,0.193,0.1086,-0.2501,-0.5576,-0.5527,-0.441,-0.3653,-0.3182,-0.2869,-0.2645,-0.2474,-0.2337,-0.2221,-0.2121,-0.2033,-0.1954,-0.1884,-0.1822,-0.3154,-0.3523,-0.3892,-0.4118,-0.4254,-0.4788,-0.6359,-0.9345,-1.0795,-0.7643,-0.4654,-0.2932,-0.1858,-0.1097,-0.0556,-0.0202,0.02,0.1392,0.4137,0.3581,-0.1601,-0.4295,-0.4674,-0.4166,-0.362,-0.3207,-0.2911,-0.2691,-0.252,-0.2378,-0.2255,-0.2147,-0.2051,-0.1966,-0.1891,-0.1824,-0.3218,-0.3761,-0.4455,-0.4815,-0.446,-0.4456,-0.553,-0.7671,-0.8605,-0.627,-0.3992,-0.2537,-0.1479,-0.0573,0.0157,0.045,0.037,0.0667,0.1751,0.033,-0.4157,-0.5374,-0.4729,-0.4082,-0.3576,-0.3205,-0.2938,-0.2733,-0.2565,-0.2419,-0.2288,-0.2171,-0.2066,-0.1973,-0.1891,-0.182,-0.3127,-0.3779,-0.4973,-0.5958,-0.4629,-0.3888,-0.4254,-0.4909,-0.4985,-0.4185,-0.3133,-0.2114,-0.1096,0.0135,0.1611,0.2101,0.0986,-0.0152,-0.1174,-0.3951,-0.9056,-0.837,-0.5524,-0.4187,-0.3561,-0.3212,-0.298,-0.2793,-0.2625,-0.2469,-0.2325,-0.2194,-0.2077,-0.1974,-0.1885,-0.1808,-0.2804,-0.3199,-0.389,-0.4342,-0.3135,-0.3006,-0.3407,-0.3685,-0.3682,-0.342,-0.2761,-0.1905,-0.0948,0.064,0.43,0.6233,0.2135,-0.0462,-0.2084,-0.433,-0.7479,-0.7245,-0.5182,-0.4025,-0.3509,-0.3258,-0.3081,-0.2904,-0.2719,-0.2537,-0.2367,-0.2214,-0.208,-0.1965,-0.1868,-0.1787,-0.2367,-0.2311,-0.1742,0.0015,-0.026,-0.2143,-0.3126,-0.3507,-0.3686,-0.3785,-0.2779,-0.1903,-0.1209,-0.0143,0.347,0.6201,0.1395,-0.1313,-0.2612,-0.3516,-0.4466,-0.4633,-0.4089,-0.3656,-0.3501,-0.3449,-0.3329,-0.3115,-0.2865,-0.2625,-0.2411,-0.2227,-0.2072,-0.1942,-0.1836,-0.1751,-0.2021,-0.1798,-0.111,0.0091,-0.0271,-0.2167,-0.3464,-0.4067,-0.3759,-0.3426,-0.2571,-0.1994,-0.1677,-0.1598,-0.0837,0.0022,-0.1259,-0.352,-0.426,-0.361,-0.3359,-0.3332,-0.3315,-0.3453,-0.3796,-0.4031,-0.3869,-0.3471,-0.3064,-0.2723,-0.2448,-0.2224,-0.2041,-0.1896,-0.1781,-0.1695,-0.1823,-0.1676,-0.1388,-0.115,-0.1553,-0.2631,-0.3878,-0.4931,-0.424,-0.2934,-0.226,-0.2433,-0.2284,-0.1941,-0.1744,-0.1645,-0.2727,-0.7103,-0.7296,-0.4055,-0.2944,-0.2712,-0.2902,-0.3552,-0.4679,-0.5351,-0.4801,-0.393,-0.3266,-0.28,-0.2455,-0.2187,-0.1975,-0.1812,-0.1693,-0.1611,-0.1699,-0.1652,-0.1604,-0.1667,-0.2003,-0.2643,-0.3492,-0.4263,-0.3726,-0.2249,-0.1721,-0.317,-0.3683,-0.1931,-0.1701,-0.2026,-0.2711,-0.483,-0.5241,-0.3294,-0.2366,-0.2197,-0.2552,-0.363,-0.5679,-0.6878,-0.5604,-0.4212,-0.3358,-0.281,-0.2409,-0.2094,-0.1849,-0.1671,-0.1555,-0.1487,-0.1583,-0.1584,-0.161,-0.1707,-0.1919,-0.2242,-0.2591,-0.2696,-0.2069,-0.0908,-0.019,-0.0562,-0.1082,-0.0987,-0.1466,-0.2228,-0.5169,-0.3206,-0.2518,-0.1905,-0.1638,-0.1679,-0.2067,-0.3129,-0.4934,-0.598,-0.5101,-0.401,-0.3272,-0.2736,-0.2292,-0.1916,-0.1626,-0.1437,-0.1341,-0.131,-0.1449,-0.1456,-0.148,-0.1533,-0.1616,-0.1702,-0.1702,-0.1441,-0.0717,0.0548,0.2245,0.1815,0.1114,0.0248,-0.0407,-0.2024,-0.385,-0.1897,-0.0816,-0.0815,-0.1557,-0.151,-0.1551,-0.2316,-0.3414,-0.4113,-0.4046,-0.3628,-0.3139,-0.2623,-0.2092,-0.1601,-0.1236,-0.1049,-0.1015,-0.1064,-0.1297,-0.129,-0.1284,-0.1278,-0.1259,-0.1194,-0.1016,-0.0632,0.0051,0.1084,0.2249,0.2124,0.3348,0.4065,0.2193,0.1252,0.0556,0.1001,0.1482,0.0561,-0.1399,-0.1232,-0.1016,-0.1707,-0.2714,-0.353,-0.3846,-0.3665,-0.3186,-0.2545,-0.1791,-0.1046,-0.0545,-0.0415,-0.0541,-0.0748,-0.1137,-0.1107,-0.1068,-0.1011,-0.0922,-0.0772,-0.0523,-0.0129,0.043,0.1115,0.1771,0.2489,0.4239,0.5126,0.6501,0.727,0.4708,0.3643,0.3905,0.3029,0.1379,0.0434,-0.0224,-0.1353,-0.2915,-0.4458,-0.4992,-0.4398,-0.3516,-0.2547,-0.1358,-0.009,0.0641,0.055,0.0071,-0.0398,-0.0978,-0.0926,-0.0858,-0.0764,-0.063,-0.0439,-0.0167,0.0205,0.0682,0.1246,0.1897,0.2781,0.4178,0.6925,1.5624,1.9378,0.9,0.5292,0.5205,0.6512,0.442,0.2301,0.0728,-0.1073,-0.3628,-0.6778,-0.7497,-0.5491,-0.3968,-0.2675,-0.092,0.1216,0.2263,0.166,0.0641,-0.0129,-0.0827,-0.0757,-0.0666,-0.0547,-0.0389,-0.0179,0.0097,0.0449,0.0886,0.1417,0.2087,0.3033,0.4601,0.7857,1.4562,1.662,0.9717,0.7055,1.0125,1.2115,0.682,0.378,0.1844,-0.0388,-0.3457,-0.7173,-0.7969,-0.5473,-0.4244,-0.3101,-0.1073,0.1709,0.299,0.2053,0.0773,-0.0103,-0.0689,-0.0605,-0.0498,-0.0364,-0.0193,0.0023,0.0294,0.0629,0.104,0.1546,0.2195,0.309,0.4437,0.6523,0.9002,0.955,0.7783,0.6998,0.848,0.9015,0.6612,0.4999,0.3689,0.1202,-0.1926,-0.4104,-0.4037,-0.4212,-0.4649,-0.4203,-0.2411,0.0096,0.1439,0.1071,0.0245,-0.0392,-0.0567,-0.0472,-0.0356,-0.0214,-0.0039,0.0176,0.0437,0.0754,0.1136,0.1603,0.2185,0.2936,0.3912,0.5088,0.6133,0.6461,0.6128,0.5972,0.6305,0.6397,0.6298,0.7408,0.7496,0.3825,-0.0325,-0.2818,-0.3112,-0.4105,-0.6561,-0.6651,-0.4672,-0.2358,-0.0892,-0.0502,-0.0644,-0.0883,-0.046,-0.036,-0.0239,-0.0094,0.008,0.0288,0.0536,0.0829,0.1177,0.1591,0.2086,0.2676,0.3357,0.4063,0.4635,0.4913,0.4946,0.4974,0.5128,0.5445,0.6549,0.952,1.0516,0.5742,0.0832,-0.2247,-0.3926,-0.6883,-1.1456,-1.0299,-0.6928,-0.4268,-0.2615,-0.1793,-0.1476,-0.1388,-0.037,-0.0267,-0.0145,-0.0001,0.0167,0.0365,0.0596,0.0863,0.1173,0.153,0.1938,0.2394,0.288,0.3346,0.3724,0.3962,0.4086,0.4186,0.4362,0.4779,0.5823,0.7578,0.7785,0.4767,0.1056,-0.1901,-0.4501,-0.8278,-1.2123,-1.0895,-0.7636,-0.5126,-0.352,-0.2575,-0.2057,-0.1783]},{"header":{"la1":42.85,"la2":41.18,"lo1":11.55,"lo2":14.05,"nx":36,"ny":24,"dx":0.07143,"dy":0.07261,"parameterCategory":2,"parameterNumber":3,"parameterNumberName":"northward_wind","parameterUnit":"m.s-1"},"data":[-0.5706,-0.5715,-0.5712,-0.5698,-0.567,-0.5626,-0.5562,-0.5473,-0.5353,-0.5197,-0.5007,-0.4785,-0.4536,-0.4264,-0.3975,-0.3677,-0.3389,-0.3131,-0.2929,-0.2796,-0.2731,-0.2721,-0.2746,-0.2791,-0.2848,-0.2913,-0.298,-0.3048,-0.3113,-0.3173,-0.3229,-0.3279,-0.3324,-0.3364,-0.34,-0.3433,-0.5821,-0.584,-0.5848,-0.5843,-0.5824,-0.579,-0.5737,-0.5654,-0.5531,-0.5359,-0.5141,-0.4883,-0.4591,-0.4268,-0.3917,-0.3547,-0.3179,-0.285,-0.2605,-0.2472,-0.2444,-0.2484,-0.2551,-0.2626,-0.2706,-0.2791,-0.2877,-0.2962,-0.3041,-0.3113,-0.3177,-0.3234,-0.3284,-0.3329,-0.3368,-0.3403,-0.5948,-0.5983,-0.6003,-0.6008,-0.5999,-0.5981,-0.5949,-0.5885,-0.5765,-0.5572,-0.5314,-0.5009,-0.4667,-0.4287,-0.3863,-0.3397,-0.2909,-0.2463,-0.2152,-0.2043,-0.2116,-0.2263,-0.239,-0.2484,-0.2575,-0.2674,-0.2779,-0.2881,-0.2974,-0.3058,-0.3131,-0.3194,-0.3249,-0.3297,-0.3339,-0.3376,-0.6092,-0.6148,-0.6185,-0.6198,-0.6197,-0.6197,-0.6205,-0.6189,-0.6087,-0.5859,-0.5536,-0.5166,-0.4768,-0.4331,-0.3828,-0.3236,-0.2564,-0.1903,-0.146,-0.1434,-0.1778,-0.2173,-0.2356,-0.2404,-0.2466,-0.2568,-0.2689,-0.2808,-0.2917,-0.3011,-0.3092,-0.316,-0.3219,-0.3269,-0.3313,-0.3351,-0.6255,-0.6345,-0.6406,-0.6425,-0.6418,-0.6431,-0.6506,-0.6604,-0.6558,-0.6254,-0.5806,-0.5345,-0.4893,-0.4412,-0.3842,-0.3108,-0.2157,-0.1066,-0.0262,-0.0403,-0.1452,-0.2466,-0.2595,-0.2399,-0.237,-0.2469,-0.2609,-0.2748,-0.2871,-0.2975,-0.3062,-0.3134,-0.3194,-0.3245,-0.329,-0.3329,-0.6439,-0.6589,-0.6699,-0.6723,-0.6671,-0.6654,-0.6813,-0.716,-0.7268,-0.6757,-0.6079,-0.5514,-0.5032,-0.4547,-0.3954,-0.3109,-0.182,0.0055,0.1931,0.1656,-0.0739,-0.2786,-0.278,-0.2303,-0.2239,-0.237,-0.2544,-0.2706,-0.2843,-0.2953,-0.3043,-0.3115,-0.3175,-0.3226,-0.327,-0.3309,-0.6634,-0.6891,-0.7123,-0.7177,-0.6998,-0.683,-0.6982,-0.7602,-0.7946,-0.7108,-0.6228,-0.563,-0.5174,-0.4749,-0.4223,-0.3388,-0.1918,0.0669,0.4171,0.391,0.0639,-0.1294,-0.1844,-0.1869,-0.2037,-0.2277,-0.2504,-0.269,-0.2836,-0.2948,-0.3035,-0.3105,-0.3162,-0.3211,-0.3253,-0.3291,-0.6797,-0.7213,-0.7726,-0.7954,-0.7476,-0.6945,-0.6872,-0.7245,-0.7435,-0.684,-0.6182,-0.5685,-0.5312,-0.502,-0.4692,-0.4051,-0.2736,-0.0508,0.2058,0.2269,0.1554,0.0807,-0.0471,-0.1313,-0.185,-0.2233,-0.2512,-0.2713,-0.2856,-0.2961,-0.304,-0.3102,-0.3154,-0.3199,-0.3239,-0.3275,-0.6847,-0.7364,-0.823,-0.8911,-0.7879,-0.692,-0.6626,-0.6685,-0.6743,-0.6555,-0.6154,-0.5727,-0.5427,-0.5333,-0.5423,-0.5167,-0.3979,-0.2253,-0.0523,0.1044,0.3475,0.286,0.0383,-0.1054,-0.1832,-0.2299,-0.2594,-0.2783,-0.2907,-0.2992,-0.3055,-0.3105,-0.3149,-0.3189,-0.3226,-0.3261,-0.6729,-0.7114,-0.768,-0.8018,-0.7203,-0.6589,-0.6336,-0.6458,-0.6892,-0.6994,-0.6364,-0.5764,-0.5449,-0.5535,-0.6467,-0.7003,-0.5099,-0.3373,-0.1886,-0.0094,0.2144,0.1839,-0.0054,-0.1332,-0.2072,-0.2511,-0.2767,-0.2909,-0.2988,-0.3037,-0.3075,-0.311,-0.3145,-0.3179,-0.3214,-0.3247,-0.651,-0.6667,-0.6667,-0.6253,-0.6217,-0.6143,-0.592,-0.6161,-0.7634,-0.8418,-0.6643,-0.5709,-0.5291,-0.5255,-0.6243,-0.7065,-0.5135,-0.3697,-0.2668,-0.1669,-0.072,-0.061,-0.1266,-0.1986,-0.2533,-0.2878,-0.3041,-0.3089,-0.3091,-0.3087,-0.3093,-0.3111,-0.3137,-0.3169,-0.3203,-0.3236,-0.6299,-0.6346,-0.6283,-0.6113,-0.6054,-0.5772,-0.5276,-0.5042,-0.6297,-0.7285,-0.623,-0.5509,-0.5023,-0.4492,-0.4786,-0.5066,-0.4365,-0.3183,-0.2605,-0.2433,-0.2134,-0.2022,-0.224,-0.2666,-0.3131,-0.342,-0.3435,-0.3314,-0.3196,-0.3124,-0.3096,-0.3101,-0.3125,-0.3158,-0.3193,-0.3227,-0.6134,-0.6147,-0.6109,-0.6023,-0.5853,-0.5459,-0.4789,-0.4048,-0.467,-0.5697,-0.5696,-0.5242,-0.5036,-0.4298,-0.4515,-0.4699,-0.4002,-0.1829,-0.1643,-0.2566,-0.2637,-0.2603,-0.2758,-0.3188,-0.3845,-0.4222,-0.3955,-0.354,-0.3262,-0.312,-0.307,-0.3075,-0.3108,-0.315,-0.3191,-0.3227,-0.601,-0.6006,-0.5966,-0.5875,-0.5698,-0.5385,-0.492,-0.4458,-0.4778,-0.5561,-0.5695,-0.4919,-0.4824,-0.7441,-0.5341,-0.4805,-0.424,-0.2885,-0.2434,-0.2775,-0.27,-0.2652,-0.2865,-0.3418,-0.442,-0.5016,-0.4348,-0.3614,-0.3211,-0.3039,-0.3001,-0.3035,-0.3096,-0.3158,-0.3207,-0.3242,-0.592,-0.5911,-0.5874,-0.58,-0.5678,-0.5504,-0.531,-0.5235,-0.5522,-0.6043,-0.6331,-0.6131,-0.6106,-0.6078,-0.5484,-0.4719,-0.2926,-0.3549,-0.3289,-0.2789,-0.2124,-0.2069,-0.257,-0.3205,-0.4041,-0.4527,-0.3983,-0.3321,-0.2965,-0.2854,-0.2891,-0.2999,-0.3117,-0.3208,-0.326,-0.3284,-0.5859,-0.5854,-0.5831,-0.5788,-0.573,-0.5671,-0.5651,-0.5754,-0.6079,-0.6679,-0.7554,-0.7005,-0.6856,-0.6579,-0.5872,-0.4617,-0.3419,-0.3784,-0.3427,-0.227,-0.0177,-0.063,-0.2059,-0.2766,-0.3137,-0.3244,-0.2973,-0.2639,-0.25,-0.2565,-0.2766,-0.3018,-0.3231,-0.335,-0.3383,-0.3369,-0.5819,-0.5822,-0.5817,-0.5807,-0.58,-0.5813,-0.5879,-0.6045,-0.6364,-0.6888,-0.7528,-0.7405,-0.8547,-0.9141,-0.7138,-0.5999,-0.4988,-0.407,-0.3226,-0.2289,0.0102,-0.0493,-0.2023,-0.2471,-0.2339,-0.1989,-0.17,-0.1657,-0.1844,-0.2205,-0.2694,-0.3204,-0.3558,-0.3668,-0.3612,-0.3507,-0.5793,-0.5806,-0.5817,-0.5832,-0.5859,-0.5913,-0.6014,-0.6188,-0.6454,-0.6805,-0.7166,-0.7638,-0.9074,-0.955,-0.8967,-0.8591,-0.6364,-0.3536,-0.1556,-0.2968,-0.2616,-0.2416,-0.2632,-0.2363,-0.1501,-0.0424,0.0006,-0.0386,-0.1039,-0.1812,-0.2755,-0.3723,-0.4278,-0.4247,-0.3956,-0.368,-0.5774,-0.5795,-0.582,-0.5852,-0.5899,-0.5973,-0.6084,-0.6246,-0.6467,-0.6741,-0.7073,-0.7548,-0.8273,-0.9304,-1.2762,-1.4317,-0.8377,-0.4522,-0.3126,-0.4918,-0.4563,-0.3941,-0.3395,-0.2395,-0.0618,0.1563,0.2077,0.0939,-0.0182,-0.1373,-0.29,-0.4595,-0.539,-0.498,-0.4301,-0.3816,-0.5758,-0.5786,-0.5819,-0.5862,-0.592,-0.6,-0.611,-0.6257,-0.6446,-0.6682,-0.698,-0.7392,-0.8028,-0.9301,-1.2134,-1.2898,-0.8818,-0.6338,-0.6972,-0.7778,-0.6027,-0.5204,-0.4414,-0.2861,-0.0415,0.2104,0.2619,0.1803,0.0668,-0.0751,-0.2678,-0.4937,-0.5913,-0.5243,-0.4366,-0.3802,-0.5742,-0.5774,-0.5813,-0.586,-0.5922,-0.6002,-0.6105,-0.6236,-0.64,-0.6602,-0.6857,-0.7199,-0.7696,-0.8465,-0.9374,-0.9308,-0.7916,-0.681,-0.6856,-0.7034,-0.6738,-0.6944,-0.6496,-0.429,-0.1075,0.1903,0.3981,0.3311,0.1651,0.0185,-0.1651,-0.3714,-0.4767,-0.4529,-0.3979,-0.3581,-0.5723,-0.5758,-0.5799,-0.5848,-0.5909,-0.5984,-0.6078,-0.6193,-0.6332,-0.65,-0.6705,-0.6961,-0.7281,-0.7649,-0.7909,-0.7771,-0.7241,-0.6775,-0.6701,-0.6994,-0.807,-1.051,-1.1023,-0.7055,-0.2219,0.2179,0.5596,0.4222,0.247,0.1427,-0.02,-0.1954,-0.3072,-0.3399,-0.3345,-0.3231,-0.5702,-0.5737,-0.5778,-0.5826,-0.5883,-0.5953,-0.6035,-0.6133,-0.6248,-0.6382,-0.6537,-0.6713,-0.6903,-0.7071,-0.7144,-0.7049,-0.6828,-0.6661,-0.6751,-0.7376,-0.9309,-1.3332,-1.457,-0.923,-0.3627,0.0484,0.2785,0.3012,0.3521,0.2867,0.1012,-0.0707,-0.1874,-0.2493,-0.2764,-0.288,-0.5678,-0.5712,-0.5751,-0.5796,-0.5849,-0.591,-0.5981,-0.6062,-0.6154,-0.6257,-0.6369,-0.6485,-0.6594,-0.6672,-0.6691,-0.6636,-0.6547,-0.6523,-0.6711,-0.7357,-0.8872,-1.1152,-1.1512,-0.8258,-0.4242,-0.1103,0.0934,0.237,0.3636,0.3039,0.1324,-0.0201,-0.1281,-0.1965,-0.2372,-0.2614]}]