docs/data/wind_grid.json
[{"header":{"la1":42.85,"la2":41.18,"lo1":11.55,"lo2":14.05,"nx":36,"ny":24,"dx":0.07143,"dy":0.07261,"parameterCategory":2,"parameterNumber":2,"parameterNumberName":"eastward_wind","parameterUnit":"m.s-1"},"data":[-1.1772,-1.1782,-1.1792,-1.1802,-1.1809,-1.181,-1.1799,-1.1769,-1.1715,-1.1637,-1.154,-1.1432,-1.1319,-1.1204,-1.1084,-1.095,-1.0789,-1.0585,-1.0326,-1.0018,-0.9694,-0.9416,-0.9239,-0.9179,-0.9208,-0.9279,-0.9356,-0.9419,-0.9463,-0.9487,-0.9497,-0.9495,-0.9487,-0.9474,-0.9459,-0.9444,-1.1821,-1.1836,-1.1853,-1.1874,-1.1897,-1.1917,-1.1926,-1.1909,-1.1854,-1.176,-1.1639,-1.1506,-1.1376,-1.1253,-1.1133,-1.1002,-1.084,-1.0612,-1.0285,-0.9846,-0.9346,-0.8917,-0.8691,-0.8693,-0.8836,-0.9015,-0.9171,-0.9285,-0.9357,-0.9397,-0.9413,-0.9415,-0.9408,-0.9395,-0.9381,-0.9367,-1.1868,-1.1886,-1.191,-1.1945,-1.199,-1.2043,-1.209,-1.2103,-1.2051,-1.1929,-1.1761,-1.1587,-1.143,-1.1298,-1.1186,-1.1077,-1.0937,-1.071,-1.0311,-0.9665,-0.8817,-0.8062,-0.777,-0.796,-0.8351,-0.8718,-0.8987,-0.9158,-0.9258,-0.9309,-0.933,-0.9332,-0.9324,-0.9311,-0.9296,-0.9282,-1.1908,-1.1927,-1.1956,-1.2004,-1.208,-1.2187,-1.231,-1.2394,-1.2359,-1.2177,-1.1917,-1.1667,-1.147,-1.133,-1.1237,-1.1172,-1.1101,-1.0944,-1.0531,-0.9596,-0.8032,-0.6495,-0.6158,-0.6899,-0.7794,-0.8442,-0.8837,-0.9059,-0.9175,-0.9228,-0.9245,-0.9244,-0.9233,-0.9218,-0.9203,-0.9189,-1.1941,-1.1952,-1.1979,-1.2036,-1.2147,-1.2334,-1.2603,-1.2869,-1.2895,-1.2566,-1.2106,-1.1727,-1.1475,-1.1329,-1.1266,-1.1273,-1.1336,-1.1395,-1.1192,-1.0048,-0.7182,-0.3742,-0.3624,-0.5723,-0.7375,-0.8298,-0.8772,-0.9004,-0.911,-0.9151,-0.9158,-0.9149,-0.9133,-0.9115,-0.9099,-0.9086,-1.1963,-1.1955,-1.196,-1.2013,-1.2154,-1.2432,-1.2932,-1.3627,-1.3858,-1.3135,-1.2275,-1.1721,-1.1416,-1.1269,-1.1242,-1.1335,-1.1582,-1.2044,-1.2553,-1.1738,-0.7754,-0.2021,-0.2292,-0.5554,-0.7501,-0.8414,-0.8823,-0.8997,-0.9059,-0.907,-0.9059,-0.904,-0.9018,-0.8999,-0.8982,-0.8971,-1.1981,-1.1928,-1.187,-1.1887,-1.2054,-1.2391,-1.3056,-1.4301,-1.4929,-1.3517,-1.2223,-1.1572,-1.1261,-1.1126,-1.1125,-1.1285,-1.168,-1.2487,-1.3802,-1.3557,-1.0544,-0.6851,-0.5993,-0.7323,-0.8312,-0.8778,-0.8957,-0.9005,-0.8997,-0.897,-0.8939,-0.891,-0.8884,-0.8864,-0.885,-0.8841,-1.2011,-1.1886,-1.167,-1.1565,-1.1836,-1.2207,-1.2669,-1.3503,-1.3868,-1.2717,-1.1717,-1.124,-1.1004,-1.088,-1.0868,-1.1049,-1.151,-1.2271,-1.3144,-1.3278,-1.3283,-1.2247,-1.0365,-0.9532,-0.9291,-0.9171,-0.9064,-0.8966,-0.8888,-0.8828,-0.8783,-0.875,-0.8725,-0.8708,-0.8698,-0.8695,-1.2098,-1.1932,-1.1479,-1.1046,-1.1689,-1.2112,-1.2128,-1.2026,-1.1679,-1.114,-1.0883,-1.0793,-1.0677,-1.0532,-1.0402,-1.0528,-1.114,-1.1931,-1.2696,-1.3852,-1.6456,-1.5692,-1.2601,-1.0786,-0.9856,-0.9328,-0.9003,-0.8805,-0.8688,-0.8621,-0.858,-0.8554,-0.8537,-0.8527,-0.8525,-0.853,-1.2272,-1.224,-1.2035,-1.187,-1.2461,-1.2367,-1.1864,-1.1029,-0.9709,-0.9138,-0.9907,-1.036,-1.0327,-1.012,-0.9711,-0.9522,-1.0757,-1.1904,-1.2713,-1.3708,-1.5358,-1.4867,-1.2619,-1.0897,-0.9781,-0.9071,-0.8658,-0.8451,-0.8364,-0.8332,-0.8322,-0.8318,-0.8316,-0.8319,-0.8328,-0.8344,-1.2476,-1.2684,-1.3186,-1.4354,-1.4158,-1.2833,-1.1952,-1.0787,-0.7643,-0.6034,-0.9151,-1.0118,-0.993,-0.9576,-0.9494,-0.9452,-1.104,-1.2615,-1.3346,-1.3367,-1.3319,-1.2775,-1.1542,-1.0194,-0.9054,-0.8283,-0.7927,-0.7856,-0.7902,-0.7965,-0.8013,-0.8043,-0.8064,-0.8082,-0.8105,-0.8135,-1.2603,-1.2896,-1.3478,-1.4356,-1.4121,-1.2925,-1.2348,-1.2032,-0.988,-0.8157,-0.9849,-1.0206,-0.9449,-0.8154,-0.8841,-1.0277,-1.2166,-1.5139,-1.5877,-1.4082,-1.2643,-1.1562,-1.0395,-0.9033,-0.7655,-0.6788,-0.6709,-0.7019,-0.7333,-0.7545,-0.7669,-0.7739,-0.7781,-0.7815,-0.7853,-0.79,-1.2624,-1.2851,-1.3161,-1.3414,-1.3235,-1.2792,-1.2693,-1.3051,-1.2446,-1.1312,-1.1036,-1.0412,-0.9581,-0.7578,-0.8381,-1.0384,-1.2782,-2.0535,-2.086,-1.4945,-1.2177,-1.0618,-0.9305,-0.7653,-0.555,-0.4373,-0.5038,-0.608,-0.676,-0.7129,-0.7317,-0.7411,-0.7466,-0.7511,-0.7565,-0.7634,-1.259,-1.2734,-1.2876,-1.2945,-1.2875,-1.2759,-1.2766,-1.2894,-1.2765,-1.2517,-1.2145,-1.0401,-0.9686,-1.0054,-1.0109,-0.9745,-1.1231,-1.6085,-1.7188,-1.3453,-1.0793,-0.9281,-0.8221,-0.658,-0.3733,-0.2109,-0.3757,-0.5449,-0.6345,-0.6774,-0.6972,-0.7061,-0.711,-0.716,-0.7233,-0.7331,-1.2548,-1.2648,-1.2734,-1.2785,-1.2799,-1.2815,-1.2878,-1.3004,-1.3287,-1.3957,-1.4508,-1.3704,-1.2492,-1.2803,-1.1066,-0.9623,-1.1561,-1.233,-1.2535,-1.0501,-0.7762,-0.6875,-0.7032,-0.6315,-0.4389,-0.3175,-0.4227,-0.5459,-0.6153,-0.6488,-0.6627,-0.6668,-0.6689,-0.674,-0.684,-0.6982,-1.2518,-1.2602,-1.2682,-1.2754,-1.2829,-1.2934,-1.3111,-1.3447,-1.4182,-1.5865,-1.8995,-1.7567,-1.5944,-1.4009,-1.2686,-1.1725,-1.1825,-1.1772,-1.0921,-0.7726,-0.2012,-0.2921,-0.5778,-0.634,-0.5705,-0.5141,-0.5279,-0.5695,-0.6031,-0.621,-0.6244,-0.6194,-0.6158,-0.6212,-0.6366,-0.6584,-1.2498,-1.2582,-1.267,-1.2768,-1.289,-1.3062,-1.3334,-1.3803,-1.4674,-1.6323,-1.8683,-1.7836,-1.9168,-1.9923,-1.5147,-1.3314,-1.2488,-1.1862,-1.0863,-0.7664,-0.117,-0.2394,-0.5595,-0.6383,-0.6077,-0.5604,-0.5425,-0.5565,-0.5783,-0.5878,-0.5786,-0.558,-0.5448,-0.5531,-0.5799,-0.6142,-1.2483,-1.2571,-1.267,-1.2788,-1.2938,-1.3147,-1.3452,-1.3919,-1.4631,-1.5611,-1.6537,-1.7216,-1.9786,-2.0307,-1.6809,-1.5471,-1.3612,-1.2205,-1.1918,-1.0113,-0.7128,-0.6183,-0.6574,-0.6467,-0.5721,-0.4747,-0.4428,-0.492,-0.5401,-0.5518,-0.5262,-0.4779,-0.4489,-0.4681,-0.5169,-0.5698,-1.2465,-1.2557,-1.2663,-1.2791,-1.2953,-1.3167,-1.3459,-1.3857,-1.4379,-1.4991,-1.5602,-1.6259,-1.7095,-1.7404,-1.8722,-1.9554,-1.5012,-1.2553,-1.1991,-1.1419,-0.9733,-0.8168,-0.7247,-0.6395,-0.5009,-0.2849,-0.2351,-0.413,-0.5122,-0.5243,-0.4777,-0.3906,-0.342,-0.3843,-0.4626,-0.5346,-1.2442,-1.2534,-1.2641,-1.277,-1.2929,-1.313,-1.3385,-1.3704,-1.4085,-1.4505,-1.4932,-1.5365,-1.5808,-1.6415,-1.8037,-1.8404,-1.503,-1.28,-1.2496,-1.2733,-1.0516,-0.8432,-0.709,-0.6168,-0.4931,-0.2613,-0.2069,-0.4608,-0.5293,-0.5123,-0.4543,-0.3555,-0.3009,-0.3539,-0.4421,-0.5194,-1.2409,-1.2499,-1.2603,-1.2725,-1.2871,-1.3048,-1.326,-1.3508,-1.3787,-1.4082,-1.4374,-1.4656,-1.4941,-1.5301,-1.5708,-1.537,-1.3902,-1.2517,-1.1975,-1.1528,-0.9476,-0.6997,-0.5676,-0.5563,-0.5604,-0.5894,-0.7607,-0.7103,-0.5667,-0.4895,-0.4493,-0.398,-0.3655,-0.3976,-0.4625,-0.5269,-1.2366,-1.2451,-1.2547,-1.2658,-1.2786,-1.2935,-1.3105,-1.3294,-1.3495,-1.3698,-1.3887,-1.4054,-1.4192,-1.4283,-1.4223,-1.3781,-1.2907,-1.1912,-1.0992,-0.9695,-0.7062,-0.333,-0.2109,-0.405,-0.5735,-0.741,-0.9765,-0.7954,-0.4636,-0.3781,-0.4079,-0.4289,-0.4355,-0.4586,-0.5004,-0.5479,-1.2314,-1.2391,-1.2477,-1.2574,-1.2682,-1.2803,-1.2935,-1.3074,-1.3214,-1.3344,-1.3453,-1.3528,-1.355,-1.3487,-1.3272,-1.2826,-1.2133,-1.1245,-1.012,-0.8373,-0.5204,-0.0525,0.0722,-0.2766,-0.5301,-0.6633,-0.7088,-0.4741,-0.1075,-0.1653,-0.328,-0.4219,-0.4678,-0.5003,-0.5349,-0.5721,-1.2253,-1.2322,-1.2396,-1.2478,-1.2566,-1.266,-1.2758,-1.2855,-1.2945,-1.3019,-1.3066,-1.3071,-1.3015,-1.2871,-1.2599,-1.2162,-1.1537,-1.0704,-0.9574,-0.7913,-0.5411,-0.2517,-0.1734,-0.3543,-0.5193,-0.5841,-0.5366,-0.3134,-0.0574,-0.1286,-0.3053,-0.4212,-0.4862,-0.5281,-0.5625,-0.5951]},{"header":{"la1":42.85,"la2":41.18,"lo1":11.55,"lo2":14.05,"nx":36,"ny":24,"dx":0.07143,"dy":0.07261,"parameterCategory":2,"parameterNumber":3,"parameterNumberName":"northward_wind","parameterUnit":"m.s-1"},"data":[-0.1662,-0.1619,-0.1528,-0.1388,-0.1206,-0.0995,-0.0772,-0.0556,-0.036,-0.0187,-0.0033,0.0109,0.0246,0.0377,0.0502,0.0618,0.0722,0.0814,0.0894,0.0963,0.1024,0.108,0.1138,0.1197,0.1255,0.1306,0.1343,0.1363,0.1368,0.1359,0.1336,0.1304,0.1265,0.122,0.1172,0.1123,-0.1972,-0.194,-0.1841,-0.1672,-0.1439,-0.1161,-0.087,-0.06,-0.0373,-0.0193,-0.0045,0.0091,0.0226,0.036,0.049,0.061,0.0716,0.0807,0.0884,0.0949,0.1003,0.1053,0.1114,0.1191,0.1272,0.1342,0.1392,0.1418,0.1423,0.1409,0.1379,0.1339,0.129,0.1235,0.1178,0.112,-0.235,-0.2342,-0.2242,-0.2035,-0.1725,-0.134,-0.0933,-0.0573,-0.0309,-0.0142,-0.0028,0.008,0.0202,0.0335,0.0468,0.0592,0.0696,0.078,0.0848,0.0905,0.0942,0.097,0.1033,0.1147,0.1276,0.1382,0.1451,0.1484,0.1486,0.1465,0.1426,0.1373,0.1312,0.1246,0.1178,0.111,-0.2812,-0.2856,-0.2773,-0.2524,-0.21,-0.1536,-0.0918,-0.0385,-0.007,0.0026,0.0035,0.0073,0.0166,0.0295,0.0433,0.0558,0.0654,0.0714,0.0761,0.0813,0.0824,0.0778,0.0837,0.1048,0.1274,0.1435,0.1527,0.1564,0.1561,0.1528,0.1475,0.1407,0.1331,0.125,0.1169,0.109,-0.3378,-0.3526,-0.3504,-0.3224,-0.264,-0.1782,-0.0763,0.0156,0.0567,0.0418,0.0154,0.0053,0.0106,0.023,0.0373,0.0501,0.058,0.0576,0.0546,0.0635,0.0671,0.0401,0.0457,0.0921,0.1309,0.1531,0.1636,0.1667,0.1649,0.1599,0.1526,0.1439,0.1343,0.1245,0.1149,0.1057,-0.4049,-0.4395,-0.4541,-0.4285,-0.3496,-0.2206,-0.0494,0.1332,0.202,0.1129,0.0263,-0.0031,-0.0005,0.0124,0.0271,0.041,0.0482,0.0345,0.0006,0.0191,0.0669,0.0157,0.0248,0.1005,0.1484,0.1707,0.1792,0.1797,0.1754,0.1677,0.1577,0.1465,0.1346,0.1227,0.1112,0.1006,-0.4789,-0.5473,-0.6011,-0.5941,-0.4897,-0.3085,-0.0633,0.2529,0.385,0.1607,0.0074,-0.0268,-0.0184,-0.0043,0.008,0.0237,0.0386,0.021,-0.0699,-0.0481,0.1228,0.1329,0.1265,0.1628,0.1875,0.1979,0.1996,0.1956,0.1873,0.176,0.1626,0.1481,0.1333,0.1189,0.1054,0.0932,-0.5466,-0.6606,-0.7906,-0.8412,-0.6909,-0.4526,-0.2064,0.066,0.1801,0.0144,-0.0786,-0.0699,-0.0405,-0.029,-0.0327,-0.02,0.0208,0.0493,0.0323,0.1161,0.3581,0.3911,0.3016,0.2547,0.2383,0.2308,0.2236,0.2137,0.2006,0.1846,0.1667,0.1481,0.1297,0.1122,0.0964,0.0826,-0.5858,-0.7298,-0.9365,-1.085,-0.8551,-0.588,-0.4136,-0.3015,-0.2724,-0.2849,-0.2225,-0.1205,-0.0548,-0.0599,-0.1288,-0.1456,-0.0388,0.0714,0.1658,0.3627,0.7246,0.6668,0.4323,0.3245,0.2825,0.2636,0.2498,0.2342,0.215,0.193,0.1694,0.1455,0.1226,0.1017,0.0833,0.0677,-0.5833,-0.7097,-0.8607,-0.9428,-0.8034,-0.6573,-0.5838,-0.5958,-0.6938,-0.6853,-0.4057,-0.1527,-0.0365,-0.0682,-0.3277,-0.48,-0.1383,0.0674,0.1929,0.3677,0.6061,0.5884,0.4335,0.3487,0.3134,0.2962,0.28,0.2583,0.2312,0.2009,0.1695,0.1389,0.1105,0.0855,0.0643,0.0474,-0.5507,-0.6475,-0.7358,-0.7819,-0.7659,-0.7046,-0.7303,-0.8226,-1.0929,-1.2591,-0.5544,-0.1219,0.0374,0.0261,-0.2458,-0.4718,-0.0825,0.0849,0.1658,0.2677,0.3733,0.4037,0.3747,0.3504,0.3433,0.3385,0.3212,0.2896,0.2497,0.2072,0.1653,0.1261,0.091,0.0613,0.0374,0.0196,-0.5032,-0.5849,-0.6723,-0.7526,-0.7462,-0.7457,-0.9093,-1.0796,-1.0385,-0.9673,-0.3948,0.0051,0.142,0.1311,0.1138,0.0859,0.1189,0.0759,0.0779,0.1873,0.2766,0.3232,0.3437,0.365,0.3963,0.4123,0.3864,0.3316,0.2696,0.2095,0.1538,0.1036,0.0605,0.0256,-0.0004,-0.0181,-0.4453,-0.5109,-0.5793,-0.6351,-0.6645,-0.7601,-1.0406,-1.3893,-1.1294,-0.5783,-0.1064,0.1741,0.2594,0.1549,0.2095,0.3223,0.2729,-0.1147,-0.1357,0.1453,0.257,0.3075,0.3451,0.4018,0.4931,0.5458,0.4837,0.3796,0.2846,0.2024,0.1297,0.0662,0.0135,-0.0266,-0.0536,-0.0688,-0.3805,-0.4284,-0.4758,-0.5186,-0.5684,-0.6777,-0.8976,-1.1467,-0.9305,-0.2978,0.1384,0.2781,0.3202,0.7172,0.4742,0.5015,0.5078,0.2094,0.0867,0.2208,0.2879,0.3215,0.3564,0.4322,0.5877,0.6864,0.5632,0.4053,0.2812,0.1779,0.0861,0.006,-0.0584,-0.1031,-0.1281,-0.1366,-0.3136,-0.3458,-0.3767,-0.4065,-0.4434,-0.5035,-0.5828,-0.5926,-0.3453,0.1077,0.4478,0.5446,0.6093,0.7912,0.5941,0.5736,1.1406,0.6304,0.3809,0.3294,0.3377,0.3463,0.3612,0.417,0.5349,0.609,0.5144,0.3749,0.2483,0.1292,0.0146,-0.0886,-0.1682,-0.2157,-0.2321,-0.226,-0.2483,-0.2671,-0.283,-0.2956,-0.3055,-0.3097,-0.2868,-0.1816,0.0721,0.4747,0.9257,0.8724,0.7826,0.7196,0.6644,0.7672,1.0069,0.659,0.4285,0.3621,0.3832,0.3753,0.3606,0.3816,0.428,0.4514,0.4078,0.3153,0.1958,0.0563,-0.0945,-0.2359,-0.338,-0.3822,-0.376,-0.3407,-0.1869,-0.1943,-0.1969,-0.1928,-0.1786,-0.1463,-0.0783,0.0527,0.2707,0.5778,0.8955,0.8585,0.9581,1.0199,0.7491,0.6839,0.6301,0.4433,0.2856,0.3124,0.3849,0.376,0.3531,0.3606,0.387,0.4047,0.3783,0.2902,0.1491,-0.0345,-0.2515,-0.4648,-0.6032,-0.6266,-0.5677,-0.4795,-0.1309,-0.1291,-0.1212,-0.1045,-0.0751,-0.026,0.0527,0.1718,0.3342,0.5214,0.6766,0.7727,0.9796,1.0279,0.8118,0.7264,0.5389,0.1896,-0.1036,0.1882,0.3168,0.3375,0.3363,0.3545,0.4127,0.4948,0.4906,0.3413,0.1262,-0.1338,-0.4605,-0.8082,-1.0044,-0.9615,-0.7971,-0.6272,-0.0812,-0.0726,-0.0573,-0.033,0.0036,0.0568,0.1312,0.2294,0.3476,0.4718,0.5821,0.6772,0.77,0.8165,0.94,1.0063,0.6069,0.239,0.0621,0.2764,0.3178,0.3156,0.3149,0.3477,0.4716,0.735,0.788,0.44,0.1059,-0.2278,-0.677,-1.2206,-1.4897,-1.3133,-1.0031,-0.7464,-0.0383,-0.0251,-0.0054,0.0225,0.0609,0.112,0.1774,0.2565,0.3453,0.4358,0.5197,0.5938,0.6593,0.7317,0.8776,0.9088,0.6174,0.4,0.4184,0.4756,0.3554,0.2969,0.2775,0.3056,0.4333,0.7561,0.8306,0.3479,0.0178,-0.3014,-0.7643,-1.3864,-1.687,-1.4413,-1.0741,-0.7898,-0.0021,0.0139,0.0357,0.0646,0.1017,0.1481,0.204,0.2679,0.3368,0.4059,0.4707,0.5285,0.5803,0.6319,0.6798,0.6584,0.5394,0.4306,0.4082,0.4025,0.3202,0.2387,0.2029,0.216,0.2545,0.2497,0.0465,-0.0186,-0.1569,-0.375,-0.6804,-1.1018,-1.3423,-1.2208,-0.9677,-0.7428,0.028,0.0454,0.0677,0.0958,0.1302,0.1713,0.2185,0.2706,0.3252,0.3791,0.4295,0.4741,0.5119,0.541,0.5528,0.5295,0.471,0.4088,0.3658,0.3203,0.2337,0.121,0.0824,0.1177,0.1083,-0.0117,-0.182,-0.2033,-0.4152,-0.5335,-0.6126,-0.7791,-0.9134,-0.8971,-0.7793,-0.6411,0.0526,0.0703,0.0922,0.1186,0.1497,0.1855,0.2254,0.2681,0.3119,0.3545,0.3938,0.4276,0.4542,0.4705,0.4719,0.4534,0.4171,0.3729,0.3261,0.2654,0.1682,0.0403,0.0084,0.0628,0.0421,-0.0608,-0.1931,-0.4534,-0.8656,-0.7955,-0.6408,-0.6247,-0.6607,-0.6602,-0.6088,-0.5312,0.0725,0.0898,0.1106,0.1349,0.1627,0.1937,0.2273,0.2626,0.298,0.3318,0.3625,0.3881,0.4068,0.4165,0.4147,0.3999,0.3733,0.3378,0.2941,0.237,0.1604,0.0803,0.052,0.0561,0.0132,-0.092,-0.2671,-0.5901,-0.9254,-0.8375,-0.6403,-0.5508,-0.5284,-0.5142,-0.4833,-0.4368]}]