docs/data/wind_grid.json
[{"header":{"la1":42.85,"la2":41.18,"lo1":11.55,"lo2":14.05,"nx":36,"ny":24,"dx":0.07143,"dy":0.07261,"parameterCategory":2,"parameterNumber":2,"parameterNumberName":"eastward_wind","parameterUnit":"m.s-1"},"data":[3.2717,3.2768,3.2809,3.2839,3.2856,3.2856,3.2839,3.2801,3.274,3.2653,3.2539,3.2401,3.2241,3.2065,3.1878,3.1684,3.1484,3.1278,3.1063,3.084,3.0615,3.0398,3.0198,3.0012,2.9826,2.9628,2.9413,2.9183,2.8946,2.8709,2.8478,2.8258,2.8053,2.7864,2.7693,2.7541,3.282,3.2885,3.2939,3.2979,3.3004,3.3012,3.3,3.2967,3.2908,3.2819,3.2697,3.2542,3.2362,3.2163,3.1955,3.1742,3.1526,3.1303,3.1066,3.0808,3.0539,3.0288,3.008,2.9909,2.9739,2.9544,2.9317,2.9066,2.8803,2.8541,2.8287,2.8048,2.7828,2.7629,2.7452,2.7296,3.2925,3.3007,3.3076,3.3128,3.3161,3.3174,3.3167,3.314,3.3086,3.2998,3.2869,3.2696,3.2489,3.2261,3.2027,3.1794,3.1564,3.1328,3.1068,3.076,3.0405,3.0077,2.9866,2.975,2.963,2.945,2.9208,2.8927,2.8631,2.8337,2.8058,2.7799,2.7565,2.7356,2.7173,2.7015,3.3032,3.3138,3.3227,3.3291,3.3327,3.3339,3.333,3.3304,3.326,3.3185,3.3055,3.2863,3.262,3.2352,3.2085,3.1832,3.1593,3.1356,3.1088,3.0719,3.0184,2.9649,2.9456,2.9512,2.9508,2.9351,2.9082,2.8757,2.8417,2.8087,2.7779,2.75,2.7253,2.7037,2.6851,2.6695,3.314,3.3285,3.3407,3.3483,3.351,3.3504,3.3471,3.342,3.3384,3.3356,3.3256,3.3045,3.2751,3.2426,3.2113,3.184,3.1604,3.1382,3.1146,3.0774,2.9932,2.8833,2.8755,2.9247,2.9419,2.926,2.893,2.8538,2.8142,2.777,2.7435,2.7139,2.6882,2.6663,2.6479,2.6328,3.3246,3.3462,3.3653,3.3748,3.3736,3.3675,3.3575,3.3403,3.3329,3.3465,3.3481,3.3256,3.288,3.2457,3.2076,3.1788,3.1582,3.1384,3.1175,3.1009,3.0147,2.8301,2.8377,2.9265,2.9448,2.9173,2.8722,2.8236,2.7776,2.7364,2.7007,2.6701,2.6442,2.6226,2.6049,2.5909,3.3331,3.3686,3.4057,3.4212,3.4061,3.3874,3.3708,3.3289,3.3035,3.3575,3.3808,3.3531,3.2999,3.24,3.1886,3.1588,3.1497,3.1398,3.1049,3.1115,3.1357,3.0299,2.9815,2.9895,2.9598,2.903,2.8395,2.7797,2.7276,2.6837,2.6472,2.6168,2.5918,2.5714,2.5552,2.5429,3.3327,3.3903,3.4764,3.5218,3.4569,3.4059,3.4034,3.3837,3.3702,3.4323,3.4459,3.3935,3.3111,3.2171,3.1324,3.0975,3.1208,3.1536,3.16,3.2225,3.4008,3.3759,3.2027,3.0709,2.9648,2.8684,2.7839,2.7142,2.6589,2.6154,2.5807,2.5527,2.53,2.5118,2.498,2.4882,3.3091,3.377,3.5403,3.6916,3.4846,3.3887,3.4458,3.5227,3.5933,3.6298,3.5689,3.4527,3.3251,3.1712,2.9858,2.9165,3.0359,3.1595,3.2496,3.4292,3.8101,3.7218,3.3476,3.0979,2.9249,2.7917,2.6903,2.6172,2.5656,2.5282,2.4995,2.4764,2.4577,2.4429,2.4323,2.4259,3.2532,3.2691,3.3397,3.3963,3.1992,3.2789,3.4762,3.6897,3.9474,4.0205,3.7642,3.5233,3.3552,3.144,2.6807,2.4344,2.9054,3.1701,3.291,3.4308,3.6609,3.5974,3.2872,3.0181,2.8063,2.646,2.5392,2.477,2.4423,2.4202,2.4028,2.3874,2.3741,2.3637,2.3571,2.355,3.1881,3.1145,2.9194,2.4581,2.5479,3.1313,3.5021,3.7985,4.3939,4.6966,3.9428,3.5616,3.4101,3.2768,2.8112,2.4482,3.0063,3.2771,3.3621,3.371,3.3715,3.2887,3.0844,2.8285,2.5792,2.3937,2.3033,2.2822,2.2869,2.2924,2.2917,2.2859,2.2785,2.2727,2.2708,2.274,3.1548,3.0522,2.828,2.4718,2.5888,3.1805,3.5514,3.725,4.0471,4.281,3.7992,3.5219,3.4524,3.4688,3.465,3.2563,3.338,3.5488,3.5852,3.4172,3.2594,3.0968,2.8695,2.5549,2.2015,1.9684,1.9475,2.0296,2.1069,2.1515,2.1696,2.1724,2.1695,2.1678,2.1711,2.1809,3.1637,3.0943,2.9883,2.9079,3.0358,3.3451,3.5957,3.6941,3.7076,3.714,3.5634,3.4389,3.4267,3.6514,3.7617,3.4794,3.519,3.9727,3.9762,3.4877,3.2009,2.9691,2.6808,2.2339,1.6304,1.2878,1.471,1.754,1.928,2.0101,2.0405,2.0461,2.044,2.0447,2.0539,2.0728,3.1944,3.1654,3.1404,3.156,3.255,3.4163,3.5658,3.6517,3.6329,3.5414,3.4389,3.3833,3.3533,3.0862,3.4414,3.5405,3.5169,3.6904,3.7097,3.3703,3.0854,2.8483,2.5487,2.0085,1.1234,0.6379,1.1057,1.5655,1.7896,1.8797,1.905,1.9022,1.8943,1.8958,1.9131,1.9455,3.2256,3.2216,3.229,3.2621,3.3292,3.4169,3.4957,3.5345,3.5073,3.4301,3.3573,3.3107,3.2439,3.1208,3.3727,3.5457,3.3624,3.4114,3.3535,3.1331,2.8643,2.6982,2.4933,2.0483,1.347,0.9514,1.2328,1.5465,1.7017,1.7558,1.7543,1.7282,1.7058,1.7074,1.7391,1.7941,3.2484,3.2558,3.2723,3.3024,3.346,3.3942,3.4317,3.442,3.4145,3.3575,3.3071,3.225,3.2332,3.245,3.3334,3.3851,3.3424,3.3161,3.1944,2.9101,2.4872,2.4928,2.4746,2.1867,1.7829,1.5171,1.4948,1.5609,1.6108,1.6152,1.5712,1.5021,1.4525,1.4579,1.5195,1.6146,3.2616,3.2728,3.2898,3.3134,3.3416,3.3687,3.3864,3.3869,3.3669,3.3319,3.3027,3.2646,3.2074,3.1972,3.3235,3.3678,3.3345,3.248,3.1267,2.8825,2.4328,2.4672,2.478,2.2281,1.8752,1.5762,1.4307,1.4245,1.4574,1.4409,1.3407,1.1911,1.092,1.1176,1.2445,1.4094,3.2672,3.2788,3.2936,3.3113,3.33,3.3461,3.3554,3.3544,3.3427,3.3239,3.3035,3.2774,3.2169,3.2271,3.4358,3.5057,3.3719,3.1945,3.0973,3.0322,2.8134,2.6699,2.5048,2.165,1.6594,1.1374,0.9397,1.0893,1.2467,1.2527,1.0691,0.7623,0.575,0.67,0.9276,1.1993,3.2672,3.2779,3.2902,3.3035,3.3164,3.3269,3.3328,3.3329,3.3274,3.3186,3.3097,3.3045,3.3169,3.4249,3.8046,3.9582,3.4968,3.2354,3.1568,3.1825,3.0319,2.8224,2.546,2.0792,1.3079,0.3071,0.0739,0.6887,1.0665,1.1125,0.8228,0.2696,-0.0394,0.2065,0.6492,1.0353,3.2635,3.2728,3.2829,3.2931,3.3025,3.3101,3.3147,3.3161,3.3148,3.313,3.314,3.3252,3.3659,3.4875,3.7581,3.8355,3.5064,3.3097,3.3362,3.3865,3.1706,2.9592,2.6647,2.1328,1.2625,0.1409,-0.1025,0.6466,1.0324,1.089,0.7623,0.0805,-0.2908,0.0411,0.5602,0.9832,3.2573,3.2653,3.2735,3.2815,3.2887,3.2946,3.2986,3.3009,3.3023,3.3043,3.3103,3.3261,3.3622,3.4319,3.5196,3.5219,3.4076,3.3111,3.3044,3.3049,3.2396,3.1987,3.0084,2.4462,1.6208,0.9152,0.736,0.8781,1.1306,1.1987,0.9666,0.4755,0.1747,0.3539,0.7239,1.0647,3.2495,3.2562,3.2629,3.2693,3.275,3.2796,3.2832,3.2858,3.2882,3.2916,3.2982,3.3109,3.333,3.3635,3.3873,3.3762,3.3282,3.282,3.2676,3.2896,3.4182,3.7628,3.8036,3.0179,2.0232,1.2162,0.7476,0.9609,1.3318,1.4063,1.2673,0.9994,0.8042,0.8339,1.0149,1.2314,3.2405,3.2461,3.2516,3.2566,3.2611,3.2648,3.2677,3.2701,3.2723,3.2753,3.2799,3.2874,3.2977,3.3079,3.3106,3.2979,3.2722,3.2497,3.2532,3.3251,3.5954,4.2253,4.4275,3.4496,2.3756,1.6142,1.2514,1.3872,1.637,1.6125,1.4955,1.3465,1.2313,1.2155,1.2923,1.4164,3.2308,3.2354,3.2397,3.2436,3.247,3.2498,3.2519,3.2535,3.2549,3.2564,3.2584,3.2609,3.2633,3.2634,3.258,3.2452,3.2279,3.2163,3.2291,3.3043,3.5139,3.8596,3.8977,3.2952,2.5404,1.9694,1.6707,1.6307,1.6822,1.6667,1.6121,1.5426,1.4859,1.4727,1.5097,1.5825]},{"header":{"la1":42.85,"la2":41.18,"lo1":11.55,"lo2":14.05,"nx":36,"ny":24,"dx":0.07143,"dy":0.07261,"parameterCategory":2,"parameterNumber":3,"parameterNumberName":"northward_wind","parameterUnit":"m.s-1"},"data":[0.8917,0.9051,0.9172,0.9278,0.9363,0.9412,0.9405,0.9313,0.9113,0.8803,0.8398,0.7928,0.742,0.6889,0.6343,0.5785,0.522,0.466,0.4123,0.3631,0.3217,0.2924,0.2789,0.2807,0.2934,0.3112,0.3294,0.3455,0.3584,0.3681,0.3747,0.379,0.3813,0.3822,0.3821,0.3812,0.9199,0.9371,0.9534,0.969,0.9836,0.9959,1.0027,0.9984,0.978,0.9402,0.8888,0.8297,0.7675,0.7043,0.6399,0.5736,0.5055,0.4368,0.3697,0.3064,0.2511,0.2124,0.1997,0.213,0.2421,0.2752,0.3052,0.3293,0.3472,0.3599,0.3682,0.3733,0.3759,0.3768,0.3765,0.3754,0.9503,0.9719,0.993,1.0143,1.0371,1.0614,1.0828,1.0903,1.0715,1.0223,0.952,0.8741,0.797,0.7219,0.6467,0.5682,0.4854,0.4001,0.3158,0.2333,0.1536,0.0937,0.0823,0.1203,0.18,0.2372,0.2827,0.3159,0.3389,0.3541,0.3635,0.3689,0.3713,0.3718,0.3711,0.3696,0.9833,1.0103,1.0363,1.0632,1.0953,1.1378,1.1878,1.2243,1.2127,1.1405,1.0338,0.9256,0.829,0.7418,0.6561,0.5641,0.4617,0.3527,0.2475,0.1452,0.0241,-0.0902,-0.0989,-0.0023,0.113,0.204,0.267,0.3086,0.3353,0.3518,0.3613,0.3661,0.3677,0.3673,0.3657,0.3635,1.0195,1.0537,1.085,1.1151,1.1539,1.2196,1.3235,1.4322,1.4464,1.3178,1.1348,0.9782,0.8599,0.7636,0.6709,0.5656,0.4364,0.2867,0.1505,0.0507,-0.1139,-0.3634,-0.3558,-0.1302,0.0649,0.1893,0.265,0.3108,0.3382,0.3538,0.3618,0.3649,0.3649,0.3631,0.3603,0.3571,1.0597,1.1052,1.1446,1.1736,1.2066,1.2872,1.4722,1.7501,1.8462,1.5656,1.2331,1.0159,0.883,0.7873,0.6959,0.5829,0.4225,0.1972,-0.0281,-0.0673,-0.1419,-0.5187,-0.4846,-0.1501,0.0796,0.209,0.2825,0.3247,0.3484,0.3604,0.365,0.3652,0.3626,0.3587,0.3543,0.3499,1.1024,1.1683,1.2273,1.2546,1.2548,1.3071,1.5348,2.0254,2.2728,1.7347,1.2526,1.0137,0.8933,0.8147,0.7376,0.6313,0.4574,0.16,-0.241,-0.2166,0.0234,-0.1091,-0.1365,0.0314,0.175,0.2655,0.3195,0.3501,0.3655,0.3711,0.3705,0.3664,0.3604,0.3537,0.3473,0.3415,1.14,1.2368,1.3446,1.3933,1.3212,1.2715,1.3895,1.7225,1.8778,1.4697,1.1218,0.9647,0.895,0.8505,0.8003,0.7185,0.5708,0.3276,0.0478,0.1008,0.4025,0.415,0.2945,0.2708,0.3035,0.3418,0.3694,0.3843,0.3884,0.3852,0.3774,0.3676,0.3572,0.3474,0.3386,0.3313,1.1567,1.2762,1.4442,1.5622,1.3882,1.2119,1.1581,1.1775,1.1338,0.9952,0.9139,0.8998,0.9049,0.9022,0.8837,0.8355,0.7197,0.5587,0.4404,0.5238,0.8321,0.7725,0.5352,0.4335,0.4128,0.4189,0.426,0.4251,0.4159,0.4013,0.3844,0.3675,0.352,0.3384,0.3273,0.3185,1.1409,1.2473,1.3755,1.4447,1.3154,1.1362,0.9813,0.8338,0.6339,0.5561,0.7123,0.8583,0.946,0.979,0.9683,0.9544,0.8382,0.6995,0.6099,0.6267,0.757,0.7282,0.5868,0.5127,0.4942,0.4951,0.4909,0.4741,0.4479,0.4184,0.3899,0.3645,0.343,0.3256,0.3122,0.3023,1.1003,1.1833,1.2699,1.346,1.3056,1.0782,0.8724,0.6764,0.2585,0.0466,0.571,0.8728,1.0462,1.1273,1.0471,0.9819,0.8821,0.7542,0.6656,0.6255,0.6248,0.6074,0.5678,0.5549,0.574,0.5923,0.5797,0.5379,0.485,0.4343,0.391,0.3558,0.3281,0.3071,0.2919,0.2815,1.0462,1.1137,1.199,1.3034,1.2507,0.9963,0.8147,0.7234,0.4885,0.3197,0.6643,0.9486,1.2003,1.4918,1.2953,1.049,0.8887,0.7398,0.6599,0.6107,0.5699,0.5467,0.5508,0.6043,0.7015,0.7637,0.7239,0.6246,0.5247,0.4443,0.3834,0.338,0.3046,0.2807,0.2646,0.2549,0.9831,1.029,1.0771,1.1029,1.0355,0.8892,0.7893,0.7841,0.735,0.6714,0.8032,1.0373,1.2222,1.5693,1.3488,1.0882,0.909,0.6541,0.615,0.58,0.5129,0.4849,0.5251,0.6726,0.9365,1.0941,0.95,0.7237,0.5525,0.438,0.3605,0.3066,0.269,0.2437,0.2285,0.2211,0.9173,0.9412,0.956,0.9455,0.8937,0.8194,0.7703,0.7644,0.7378,0.7026,0.7916,1.1166,1.2379,1.1737,1.1183,1.1886,1.0217,0.7347,0.6166,0.5084,0.4004,0.37,0.4503,0.6951,1.1777,1.4713,1.1385,0.7639,0.5355,0.4006,0.3149,0.2567,0.2173,0.193,0.1812,0.1787,0.8558,0.8646,0.8631,0.8451,0.8091,0.7659,0.7316,0.7056,0.6602,0.5907,0.5613,0.6687,0.7909,0.6388,0.9678,1.2031,0.8906,0.744,0.5359,0.336,0.163,0.1502,0.2899,0.5518,0.9753,1.2281,0.9685,0.6462,0.444,0.3227,0.2422,0.1845,0.1454,0.1245,0.1197,0.1263,0.8017,0.8018,0.7936,0.7752,0.7471,0.7138,0.6784,0.6344,0.5598,0.413,0.1496,0.1812,0.3826,0.6059,0.7317,0.817,0.77,0.5725,0.3233,0.0721,-0.2387,-0.167,0.0888,0.3081,0.52,0.6279,0.5423,0.3977,0.2894,0.2116,0.1452,0.0871,0.0467,0.0323,0.041,0.0632,0.7551,0.7503,0.7392,0.7209,0.6958,0.6649,0.627,0.5755,0.495,0.3571,0.1668,0.2214,0.2149,0.2011,0.4162,0.4649,0.4078,0.1804,-0.0509,-0.1326,-0.3213,-0.2462,-0.0305,0.1044,0.1666,0.1602,0.1267,0.117,0.116,0.0912,0.0334,-0.0397,-0.0896,-0.0917,-0.057,-0.0091,0.715,0.7074,0.6946,0.6763,0.6523,0.6223,0.5848,0.536,0.4706,0.3884,0.315,0.2742,0.1611,0.1056,0.0431,-0.0457,-0.0126,-0.2979,-0.623,-0.3632,-0.2522,-0.1814,-0.0912,-0.0488,-0.1121,-0.2685,-0.309,-0.1603,-0.0304,-0.0061,-0.079,-0.2024,-0.2785,-0.2517,-0.1688,-0.0829,0.6803,0.6707,0.657,0.6386,0.6153,0.5866,0.5514,0.5084,0.4568,0.3995,0.3421,0.2785,0.182,-0.0084,-0.6076,-0.8726,-0.3381,-0.4158,-0.623,-0.6267,-0.4207,-0.2573,-0.1725,-0.1662,-0.3332,-0.7719,-0.8724,-0.3762,-0.0872,-0.0446,-0.1658,-0.3827,-0.4995,-0.4153,-0.2663,-0.1406,0.6498,0.639,0.6247,0.6063,0.5837,0.5564,0.5238,0.4855,0.4413,0.3917,0.3351,0.262,0.1457,-0.0894,-0.555,-0.7151,-0.3983,-0.4521,-0.8915,-1.0952,-0.6083,-0.372,-0.2739,-0.2306,-0.3348,-0.8113,-0.9309,-0.1911,0.035,0.0011,-0.1736,-0.4508,-0.5897,-0.4736,-0.2982,-0.1603,0.6229,0.6113,0.5966,0.5784,0.5565,0.5305,0.5,0.4648,0.4243,0.3775,0.3213,0.2475,0.14,-0.0228,-0.2188,-0.3073,-0.2984,-0.4092,-0.6807,-0.7786,-0.5888,-0.508,-0.4529,-0.296,-0.1139,0.1363,0.7374,0.6278,0.2922,0.1,-0.0816,-0.3015,-0.4224,-0.3651,-0.244,-0.1356,0.599,0.5869,0.572,0.5541,0.5328,0.5079,0.4791,0.446,0.4079,0.3635,0.31,0.2429,0.1563,0.0498,-0.0582,-0.1369,-0.2004,-0.3002,-0.4307,-0.5149,-0.5976,-0.8257,-0.8802,-0.4953,-0.0135,0.625,1.4148,0.9796,0.3421,0.1362,0.0184,-0.1123,-0.2002,-0.2013,-0.1485,-0.0836,0.5778,0.5653,0.5504,0.5327,0.5121,0.4882,0.4608,0.4295,0.3936,0.3519,0.3029,0.2444,0.1753,0.0978,0.0198,-0.0522,-0.1243,-0.2095,-0.3091,-0.4304,-0.6607,-1.106,-1.2419,-0.6832,-0.095,0.4048,0.7123,0.4481,0.0712,0.0649,0.0562,-0.0038,-0.0587,-0.0767,-0.0607,-0.0276,0.5588,0.5461,0.5313,0.5139,0.4939,0.471,0.445,0.4153,0.3816,0.3431,0.2989,0.2482,0.1911,0.1291,0.0653,0.0008,-0.0669,-0.1434,-0.2354,-0.3626,-0.5706,-0.8496,-0.9014,-0.5599,-0.1468,0.1661,0.2996,0.1868,0.0281,0.0446,0.0653,0.0444,0.0154,0.0003,0.0035,0.0201]}]