docs/data/wind_grid.json
[{"header":{"la1":42.85,"la2":41.18,"lo1":11.55,"lo2":14.05,"nx":36,"ny":24,"dx":0.07143,"dy":0.07261,"parameterCategory":2,"parameterNumber":2,"parameterNumberName":"eastward_wind","parameterUnit":"m.s-1"},"data":[-0.7377,-0.7446,-0.7523,-0.7608,-0.77,-0.7795,-0.789,-0.7982,-0.8077,-0.8187,-0.8337,-0.8551,-0.8842,-0.9198,-0.9557,-0.982,-0.9891,-0.975,-0.9458,-0.9104,-0.8753,-0.8436,-0.816,-0.7924,-0.7721,-0.7546,-0.7394,-0.7261,-0.7143,-0.704,-0.6948,-0.6866,-0.6794,-0.673,-0.6673,-0.6623,-0.7382,-0.7459,-0.7548,-0.7649,-0.7761,-0.7878,-0.7992,-0.8093,-0.8182,-0.828,-0.8427,-0.8675,-0.9067,-0.9608,-1.0212,-1.0679,-1.079,-1.0508,-1.0001,-0.9455,-0.8966,-0.856,-0.8228,-0.7957,-0.7731,-0.754,-0.7376,-0.7235,-0.7111,-0.7003,-0.6908,-0.6824,-0.675,-0.6685,-0.6628,-0.6578,-0.7382,-0.7467,-0.7569,-0.7691,-0.7832,-0.7987,-0.8138,-0.826,-0.8337,-0.8392,-0.8497,-0.8751,-0.9249,-1.005,-1.1075,-1.194,-1.2104,-1.1511,-1.0618,-0.9792,-0.9139,-0.8643,-0.8263,-0.7963,-0.7719,-0.7516,-0.7344,-0.7196,-0.7068,-0.6956,-0.6859,-0.6773,-0.6699,-0.6633,-0.6577,-0.6527,-0.7374,-0.7466,-0.7581,-0.7727,-0.791,-0.8127,-0.8356,-0.8537,-0.8601,-0.8561,-0.8549,-0.874,-0.9297,-1.0373,-1.1993,-1.3551,-1.3775,-1.2591,-1.1139,-1.0007,-0.9216,-0.866,-0.8252,-0.7936,-0.7683,-0.7472,-0.7294,-0.7142,-0.7011,-0.6898,-0.6799,-0.6713,-0.6638,-0.6574,-0.6517,-0.6469,-0.7355,-0.7451,-0.7577,-0.7746,-0.7977,-0.8289,-0.867,-0.9012,-0.9094,-0.8859,-0.8594,-0.861,-0.9101,-1.0273,-1.2297,-1.4503,-1.4778,-1.3039,-1.1215,-0.996,-0.9146,-0.8594,-0.8191,-0.7877,-0.7622,-0.7409,-0.7228,-0.7074,-0.6942,-0.6827,-0.6728,-0.6643,-0.6569,-0.6505,-0.6451,-0.6404,-0.7325,-0.7419,-0.7546,-0.7726,-0.7995,-0.8411,-0.903,-0.9744,-0.9963,-0.9333,-0.861,-0.834,-0.8624,-0.9556,-1.1234,-1.3095,-1.341,-1.207,-1.0623,-0.9612,-0.8938,-0.8459,-0.8091,-0.7791,-0.754,-0.7327,-0.7145,-0.699,-0.6858,-0.6744,-0.6646,-0.6562,-0.649,-0.6428,-0.6375,-0.6331,-0.7282,-0.7368,-0.7484,-0.7652,-0.7916,-0.8365,-0.9156,-1.0333,-1.0837,-0.9638,-0.8419,-0.7902,-0.795,-0.8483,-0.9446,-1.0467,-1.0809,-1.0362,-0.97,-0.9135,-0.8683,-0.8306,-0.7977,-0.769,-0.7441,-0.7227,-0.7045,-0.6891,-0.6759,-0.6647,-0.6552,-0.647,-0.64,-0.634,-0.6291,-0.625,-0.723,-0.7302,-0.7395,-0.7526,-0.7726,-0.8062,-0.8663,-0.9585,-0.9932,-0.8833,-0.7774,-0.7274,-0.7182,-0.7421,-0.7933,-0.8541,-0.8966,-0.9091,-0.9003,-0.8794,-0.8512,-0.8195,-0.7878,-0.7585,-0.7328,-0.7109,-0.6926,-0.6774,-0.6646,-0.6537,-0.6445,-0.6366,-0.6299,-0.6243,-0.6196,-0.6159,-0.7175,-0.723,-0.7297,-0.7379,-0.7486,-0.763,-0.7817,-0.7977,-0.7821,-0.7306,-0.6851,-0.6541,-0.6381,-0.6451,-0.6816,-0.7415,-0.8071,-0.8587,-0.8835,-0.8792,-0.8535,-0.8176,-0.7807,-0.7474,-0.7196,-0.6969,-0.6786,-0.6638,-0.6516,-0.6413,-0.6325,-0.625,-0.6186,-0.6133,-0.6091,-0.6058,-0.7121,-0.7162,-0.7207,-0.7254,-0.7294,-0.7305,-0.723,-0.6949,-0.639,-0.6051,-0.6057,-0.5856,-0.5546,-0.5442,-0.582,-0.6705,-0.7855,-0.8881,-0.9389,-0.9284,-0.8813,-0.8251,-0.7745,-0.7339,-0.7029,-0.6797,-0.662,-0.6482,-0.637,-0.6275,-0.6192,-0.6121,-0.606,-0.601,-0.5972,-0.5945,-0.7072,-0.7105,-0.714,-0.7175,-0.7202,-0.7203,-0.7119,-0.6734,-0.5594,-0.5073,-0.5602,-0.5303,-0.4617,-0.4124,-0.4605,-0.6135,-0.8283,-1.0339,-1.1107,-1.0449,-0.933,-0.8346,-0.7626,-0.7133,-0.6804,-0.6581,-0.6424,-0.6306,-0.6209,-0.6124,-0.6047,-0.5978,-0.5919,-0.5871,-0.5837,-0.5817,-0.7028,-0.7059,-0.7094,-0.7136,-0.7192,-0.7277,-0.7406,-0.7427,-0.6452,-0.5615,-0.5583,-0.492,-0.3705,-0.2181,-0.299,-0.5674,-0.9557,-1.4171,-1.5039,-1.2326,-0.9837,-0.8252,-0.7321,-0.6791,-0.6491,-0.6314,-0.62,-0.6114,-0.6038,-0.5964,-0.589,-0.582,-0.5758,-0.5711,-0.5682,-0.567,-0.6989,-0.7019,-0.7058,-0.7112,-0.7199,-0.7357,-0.7658,-0.806,-0.7599,-0.6517,-0.5687,-0.4762,-0.3768,-0.1598,-0.2402,-0.5859,-1.0995,-2.029,-2.0438,-1.3585,-0.9594,-0.7607,-0.6666,-0.6251,-0.6076,-0.5999,-0.5957,-0.5917,-0.5867,-0.5801,-0.5723,-0.5642,-0.5572,-0.5522,-0.5499,-0.5499,-0.6952,-0.6982,-0.7021,-0.7077,-0.7167,-0.7318,-0.7554,-0.7806,-0.754,-0.6731,-0.5919,-0.4689,-0.4232,-0.4057,-0.4557,-0.7005,-1.0418,-1.58,-1.6408,-1.132,-0.7723,-0.6047,-0.5542,-0.5504,-0.5585,-0.5668,-0.5722,-0.5736,-0.5708,-0.564,-0.5543,-0.5436,-0.5346,-0.529,-0.5275,-0.5296,-0.6915,-0.6942,-0.6977,-0.7026,-0.7097,-0.7193,-0.7303,-0.7347,-0.7191,-0.6968,-0.6784,-0.62,-0.5369,-0.4969,-0.577,-0.8801,-1.139,-1.0443,-0.9662,-0.6963,-0.4161,-0.3414,-0.4008,-0.4663,-0.5108,-0.5381,-0.5534,-0.5598,-0.5581,-0.5491,-0.5345,-0.5183,-0.5054,-0.499,-0.4995,-0.5052,-0.6877,-0.69,-0.6929,-0.6966,-0.7014,-0.7067,-0.7114,-0.7134,-0.717,-0.7472,-0.835,-0.7893,-0.7099,-0.6175,-0.6602,-0.849,-1.0146,-0.8156,-0.6068,-0.3309,0.0341,-0.0257,-0.2585,-0.4011,-0.4787,-0.5213,-0.5439,-0.5533,-0.5509,-0.5361,-0.5115,-0.4846,-0.465,-0.4584,-0.4637,-0.4761,-0.6838,-0.6857,-0.6879,-0.6906,-0.6938,-0.6972,-0.7007,-0.7058,-0.7193,-0.7578,-0.825,-0.7883,-0.7925,-0.8041,-0.708,-0.7067,-0.6744,-0.4853,-0.2947,-0.181,0.0979,0.0192,-0.2295,-0.3856,-0.4738,-0.5213,-0.5455,-0.5563,-0.5517,-0.5264,-0.483,-0.436,-0.4062,-0.4029,-0.4191,-0.443,-0.6799,-0.6813,-0.683,-0.6849,-0.6871,-0.6897,-0.6932,-0.6992,-0.7109,-0.7313,-0.7504,-0.7557,-0.8025,-0.8084,-0.7037,-0.6445,-0.5104,-0.1636,0.1172,-0.1136,-0.1498,-0.1853,-0.3018,-0.4144,-0.4933,-0.5322,-0.5506,-0.5678,-0.5641,-0.5229,-0.4473,-0.3659,-0.3233,-0.3323,-0.3688,-0.4096,-0.676,-0.677,-0.6781,-0.6795,-0.6811,-0.6831,-0.686,-0.6906,-0.6979,-0.7073,-0.7155,-0.7217,-0.729,-0.7126,-0.686,-0.6798,-0.5025,-0.1864,-0.0048,-0.1594,-0.2351,-0.2923,-0.3671,-0.453,-0.5215,-0.531,-0.5325,-0.5878,-0.5964,-0.5333,-0.4132,-0.2853,-0.2322,-0.2643,-0.3266,-0.3843,-0.6722,-0.6727,-0.6734,-0.6742,-0.6752,-0.6765,-0.6784,-0.6811,-0.6846,-0.6884,-0.6907,-0.6903,-0.6848,-0.6711,-0.6667,-0.6523,-0.5106,-0.319,-0.2128,-0.2019,-0.2644,-0.3302,-0.3965,-0.4794,-0.5581,-0.5521,-0.5462,-0.6737,-0.6684,-0.5697,-0.413,-0.2557,-0.1979,-0.2416,-0.3142,-0.3775,-0.6683,-0.6686,-0.6688,-0.6691,-0.6695,-0.67,-0.6706,-0.6715,-0.6723,-0.6723,-0.6706,-0.6657,-0.6562,-0.6415,-0.6227,-0.5833,-0.4938,-0.3759,-0.2808,-0.2584,-0.3,-0.3371,-0.3816,-0.4761,-0.6139,-0.7713,-0.9796,-0.9383,-0.7836,-0.6309,-0.4681,-0.3245,-0.2642,-0.2872,-0.341,-0.3927,-0.6646,-0.6645,-0.6643,-0.6641,-0.6638,-0.6635,-0.6631,-0.6623,-0.661,-0.6586,-0.6541,-0.6465,-0.6347,-0.6174,-0.5922,-0.552,-0.491,-0.4191,-0.3601,-0.3338,-0.3232,-0.2887,-0.2896,-0.4169,-0.6279,-0.91,-1.1773,-1.0698,-0.8509,-0.6814,-0.5399,-0.4284,-0.3705,-0.3665,-0.3912,-0.4231,-0.661,-0.6605,-0.6599,-0.6592,-0.6584,-0.6573,-0.6559,-0.6539,-0.6511,-0.6469,-0.6407,-0.6316,-0.6186,-0.6005,-0.5754,-0.5411,-0.4972,-0.4494,-0.407,-0.3723,-0.3242,-0.2361,-0.2102,-0.3583,-0.5791,-0.8103,-0.9673,-0.9399,-0.8154,-0.6918,-0.587,-0.5058,-0.4561,-0.4384,-0.4428,-0.4576,-0.6575,-0.6567,-0.6557,-0.6546,-0.6532,-0.6515,-0.6493,-0.6464,-0.6425,-0.6372,-0.63,-0.6201,-0.6069,-0.5896,-0.5671,-0.5389,-0.5057,-0.4705,-0.436,-0.4002,-0.3524,-0.2932,-0.2872,-0.3877,-0.541,-0.6888,-0.7834,-0.7935,-0.743,-0.673,-0.6051,-0.549,-0.5102,-0.4898,-0.4845,-0.4885]},{"header":{"la1":42.85,"la2":41.18,"lo1":11.55,"lo2":14.05,"nx":36,"ny":24,"dx":0.07143,"dy":0.07261,"parameterCategory":2,"parameterNumber":3,"parameterNumberName":"northward_wind","parameterUnit":"m.s-1"},"data":[-0.4571,-0.4441,-0.4289,-0.4119,-0.394,-0.3765,-0.3614,-0.3506,-0.3452,-0.344,-0.3442,-0.342,-0.3348,-0.322,-0.3067,-0.295,-0.2928,-0.3018,-0.3187,-0.3385,-0.3576,-0.3743,-0.3883,-0.4,-0.4099,-0.4185,-0.4262,-0.4332,-0.4398,-0.4461,-0.4522,-0.458,-0.4637,-0.4692,-0.4744,-0.4793,-0.459,-0.4437,-0.4251,-0.4033,-0.3789,-0.3541,-0.3323,-0.3175,-0.3126,-0.3163,-0.323,-0.3254,-0.3175,-0.2973,-0.2695,-0.2465,-0.242,-0.259,-0.2882,-0.3189,-0.3456,-0.3669,-0.3836,-0.3968,-0.4076,-0.4167,-0.4248,-0.4322,-0.4392,-0.4459,-0.4525,-0.4588,-0.465,-0.4709,-0.4765,-0.4818,-0.4628,-0.4453,-0.4229,-0.3947,-0.3611,-0.3242,-0.2896,-0.2662,-0.2616,-0.2753,-0.296,-0.309,-0.3027,-0.2718,-0.2214,-0.1753,-0.1673,-0.2022,-0.2537,-0.3004,-0.3361,-0.362,-0.3808,-0.3949,-0.4061,-0.4154,-0.4237,-0.4314,-0.4388,-0.446,-0.453,-0.46,-0.4667,-0.4731,-0.4792,-0.485,-0.4697,-0.4504,-0.424,-0.3885,-0.3422,-0.2858,-0.2266,-0.1827,-0.1762,-0.2104,-0.2602,-0.2951,-0.2962,-0.2544,-0.1707,-0.0837,-0.0714,-0.1407,-0.225,-0.2893,-0.3324,-0.3609,-0.3804,-0.3944,-0.4054,-0.4146,-0.4229,-0.4308,-0.4386,-0.4463,-0.454,-0.4615,-0.4689,-0.476,-0.4827,-0.4889,-0.4803,-0.4605,-0.4314,-0.3891,-0.328,-0.2431,-0.1382,-0.0449,-0.0265,-0.1051,-0.2142,-0.2883,-0.3061,-0.2627,-0.1554,-0.0291,-0.0131,-0.1157,-0.2225,-0.294,-0.3376,-0.3647,-0.3825,-0.3952,-0.4052,-0.414,-0.4222,-0.4303,-0.4385,-0.4468,-0.4552,-0.4636,-0.4718,-0.4797,-0.4871,-0.4938,-0.4956,-0.4772,-0.4484,-0.4028,-0.33,-0.2138,-0.0391,0.1614,0.2228,0.0459,-0.1716,-0.2989,-0.3388,-0.3098,-0.2209,-0.1133,-0.0951,-0.1753,-0.2606,-0.3174,-0.3516,-0.3725,-0.3864,-0.3966,-0.4051,-0.4131,-0.4211,-0.4295,-0.4383,-0.4475,-0.4569,-0.4663,-0.4756,-0.4844,-0.4926,-0.5,-0.5154,-0.5012,-0.4771,-0.436,-0.3641,-0.2359,-0.0084,0.3248,0.4653,0.1408,-0.1877,-0.3456,-0.3954,-0.3839,-0.3336,-0.2749,-0.2555,-0.283,-0.3215,-0.3508,-0.3696,-0.3817,-0.3903,-0.3973,-0.4041,-0.4114,-0.4194,-0.4282,-0.4379,-0.4483,-0.4591,-0.4699,-0.4805,-0.4905,-0.4997,-0.5078,-0.5391,-0.5318,-0.5173,-0.4897,-0.4379,-0.34,-0.1592,0.1127,0.2177,-0.0663,-0.3249,-0.4379,-0.4705,-0.4632,-0.4341,-0.3992,-0.3762,-0.3709,-0.3751,-0.3808,-0.3852,-0.3887,-0.392,-0.3961,-0.4014,-0.4081,-0.4164,-0.4262,-0.4373,-0.4493,-0.4619,-0.4746,-0.487,-0.4985,-0.5087,-0.5176,-0.5648,-0.5662,-0.5647,-0.5573,-0.5386,-0.4998,-0.4333,-0.3599,-0.3677,-0.4661,-0.5327,-0.5519,-0.55,-0.5358,-0.5098,-0.4762,-0.4449,-0.4222,-0.4081,-0.3993,-0.3936,-0.3904,-0.3896,-0.3914,-0.3958,-0.4027,-0.4119,-0.4232,-0.4362,-0.4506,-0.4658,-0.481,-0.4956,-0.5089,-0.5206,-0.5302,-0.5899,-0.6004,-0.6127,-0.6268,-0.6423,-0.6582,-0.6754,-0.7073,-0.7778,-0.8018,-0.7174,-0.6482,-0.6187,-0.6015,-0.5714,-0.5256,-0.4794,-0.4446,-0.4214,-0.4051,-0.3929,-0.3849,-0.3812,-0.3819,-0.3864,-0.3943,-0.4052,-0.4188,-0.4347,-0.4524,-0.4711,-0.4897,-0.5073,-0.523,-0.5361,-0.5464,-0.6119,-0.6303,-0.6545,-0.687,-0.7305,-0.7867,-0.8494,-0.9028,-0.995,-1.0469,-0.8274,-0.6999,-0.6718,-0.6743,-0.6372,-0.5603,-0.4885,-0.4452,-0.4212,-0.4009,-0.3831,-0.3708,-0.3653,-0.3662,-0.3721,-0.3822,-0.3957,-0.4127,-0.4326,-0.455,-0.4786,-0.502,-0.5236,-0.5421,-0.5568,-0.5675,-0.6285,-0.6524,-0.6848,-0.7296,-0.7926,-0.8798,-0.9876,-1.0613,-1.0182,-0.9753,-0.8045,-0.7025,-0.711,-0.7926,-0.7219,-0.5749,-0.4672,-0.4367,-0.4252,-0.3928,-0.3631,-0.345,-0.339,-0.3424,-0.352,-0.3656,-0.383,-0.4044,-0.4299,-0.4589,-0.4895,-0.5195,-0.5465,-0.5686,-0.5848,-0.5953,-0.6385,-0.6647,-0.7003,-0.7496,-0.8198,-0.9208,-1.0601,-1.193,-1.0941,-0.8814,-0.7321,-0.6875,-0.697,-0.8121,-0.7295,-0.5159,-0.3904,-0.4563,-0.4581,-0.3759,-0.3245,-0.2993,-0.2969,-0.3083,-0.325,-0.3439,-0.3659,-0.393,-0.4262,-0.4646,-0.5057,-0.5453,-0.5797,-0.606,-0.6231,-0.6318,-0.6416,-0.667,-0.7007,-0.7461,-0.8086,-0.8946,-1.0053,-1.1054,-1.0251,-0.7866,-0.6503,-0.693,-0.7074,-0.5155,-0.5231,-0.2903,-0.1091,-0.3038,-0.3715,-0.3077,-0.2416,-0.2133,-0.2299,-0.2622,-0.2914,-0.3161,-0.3424,-0.3763,-0.4203,-0.4731,-0.53,-0.5842,-0.6288,-0.6595,-0.6757,-0.6798,-0.6386,-0.6608,-0.6888,-0.7244,-0.769,-0.8222,-0.8743,-0.8882,-0.7944,-0.6203,-0.5026,-0.4989,-0.4924,-0.4092,-0.3771,0.1429,0.7111,0.0642,-0.2126,-0.1909,-0.061,-0.0437,-0.1312,-0.2089,-0.2535,-0.28,-0.3075,-0.3493,-0.4096,-0.4851,-0.5673,-0.6441,-0.7031,-0.7374,-0.7483,-0.7424,-0.631,-0.6487,-0.6694,-0.6932,-0.7185,-0.7408,-0.7479,-0.7161,-0.6203,-0.4625,-0.2827,-0.3217,-0.3706,-0.396,-0.3186,0.0724,0.4491,-0.0091,-0.2468,-0.0957,0.2985,0.2277,-0.0332,-0.1682,-0.2147,-0.2274,-0.2487,-0.3019,-0.3893,-0.5019,-0.6255,-0.7384,-0.8172,-0.8509,-0.8469,-0.8213,-0.6208,-0.6335,-0.6472,-0.6605,-0.6711,-0.6738,-0.6599,-0.6175,-0.5373,-0.4191,-0.2946,-0.3238,-0.3068,-0.2864,-0.3535,-0.2859,-0.2491,-0.4389,-0.5592,-0.251,0.3277,0.2365,-0.0518,-0.1664,-0.169,-0.134,-0.1377,-0.2163,-0.3529,-0.5252,-0.7153,-0.8869,-0.9912,-1.0114,-0.9741,-0.9143,-0.6094,-0.6179,-0.6257,-0.6315,-0.6329,-0.6261,-0.6063,-0.5688,-0.5126,-0.4457,-0.3927,-0.37,-0.3104,-0.3101,-0.483,-0.555,-0.5783,-0.8451,-1.1179,-0.6871,-0.2706,-0.1536,-0.1979,-0.1935,-0.0932,0.0506,0.0755,-0.0763,-0.3009,-0.5564,-0.8432,-1.1052,-1.2369,-1.2164,-1.1185,-1.0097,-0.5981,-0.6032,-0.6069,-0.6079,-0.6046,-0.5946,-0.5757,-0.5469,-0.5099,-0.4711,-0.4408,-0.4235,-0.4218,-0.4968,-0.7436,-0.8358,-0.7164,-0.8725,-1.0247,-0.8501,-0.6146,-0.4324,-0.3368,-0.226,-0.0013,0.3396,0.4062,0.0701,-0.2663,-0.5923,-0.9791,-1.3494,-1.4994,-1.4111,-1.2402,-1.0832,-0.5877,-0.5903,-0.5913,-0.5897,-0.5845,-0.5744,-0.5588,-0.5378,-0.5136,-0.4906,-0.4745,-0.4717,-0.495,-0.5774,-0.7401,-0.7961,-0.7297,-0.7943,-0.9333,-0.9821,-0.7487,-0.5591,-0.4345,-0.2913,-0.0418,0.3607,0.4433,-0.016,-0.3178,-0.6185,-1.027,-1.4406,-1.5949,-1.4764,-1.2789,-1.1065,-0.5785,-0.5795,-0.5789,-0.5761,-0.5706,-0.5617,-0.5495,-0.5347,-0.5191,-0.5058,-0.4988,-0.5034,-0.5274,-0.579,-0.6466,-0.682,-0.6929,-0.7449,-0.8379,-0.8538,-0.7219,-0.6047,-0.5228,-0.4077,-0.2575,-0.1979,-0.4122,-0.4271,-0.4456,-0.6256,-0.9415,-1.2742,-1.4221,-1.358,-1.2116,-1.0703,-0.5707,-0.5707,-0.5693,-0.5661,-0.561,-0.5537,-0.5445,-0.5342,-0.5243,-0.517,-0.5149,-0.5213,-0.5393,-0.5692,-0.6035,-0.6306,-0.6539,-0.6865,-0.7194,-0.7136,-0.6657,-0.6433,-0.6281,-0.532,-0.4342,-0.4886,-0.6739,-0.6008,-0.5323,-0.621,-0.8183,-1.0336,-1.1567,-1.1558,-1.0833,-0.9937,-0.5641,-0.5635,-0.5618,-0.5588,-0.5543,-0.5486,-0.5418,-0.5348,-0.5286,-0.5247,-0.5248,-0.5307,-0.5434,-0.5619,-0.583,-0.603,-0.6219,-0.6403,-0.6525,-0.6498,-0.6448,-0.6743,-0.6874,-0.5994,-0.5131,-0.5158,-0.5686,-0.5634,-0.554,-0.6115,-0.7282,-0.8584,-0.9485,-0.9751,-0.9522,-0.9059,-0.5587,-0.5578,-0.556,-0.5533,-0.5496,-0.5452,-0.5403,-0.5355,-0.5317,-0.5297,-0.5308,-0.5356,-0.5445,-0.5567,-0.5708,-0.5849,-0.5981,-0.6092,-0.6161,-0.6187,-0.6257,-0.6457,-0.6458,-0.5945,-0.5388,-0.5206,-0.5299,-0.5393,-0.5558,-0.6001,-0.6721,-0.7519,-0.8145,-0.8453,-0.8457,-0.8264]}]