docs/data/wind_grid.json
[{"header":{"la1":42.85,"la2":41.18,"lo1":11.55,"lo2":14.05,"nx":36,"ny":24,"dx":0.07143,"dy":0.07261,"parameterCategory":2,"parameterNumber":2,"parameterNumberName":"eastward_wind","parameterUnit":"m.s-1"},"data":[2.7242,2.714,2.7005,2.6838,2.6643,2.643,2.621,2.5994,2.5789,2.5592,2.5394,2.5184,2.4949,2.4678,2.4362,2.3988,2.3544,2.3016,2.2402,2.1725,2.1059,2.0521,2.0217,2.0172,2.0325,2.058,2.0859,2.1118,2.1341,2.1525,2.1675,2.1799,2.1902,2.1989,2.2065,2.2134,2.7437,2.7333,2.7186,2.6993,2.6758,2.6497,2.623,2.5979,2.5758,2.5563,2.5377,2.5179,2.4951,2.468,2.4353,2.3956,2.3464,2.2844,2.2061,2.1116,2.0113,1.9297,1.8916,1.9012,1.9409,1.9901,2.0361,2.0743,2.1045,2.1278,2.146,2.1604,2.1721,2.182,2.1905,2.1981,2.767,2.7572,2.7414,2.7187,2.6895,2.6556,2.621,2.5901,2.566,2.5482,2.5328,2.516,2.4952,2.4691,2.4367,2.3963,2.3447,2.2756,2.1785,2.043,1.8782,1.7377,1.6893,1.7369,1.827,1.9153,1.9861,2.0385,2.0764,2.1042,2.1249,2.1409,2.1537,2.1644,2.1737,2.182,2.7952,2.7875,2.7715,2.745,2.7074,2.6609,2.612,2.57,2.5432,2.5306,2.5229,2.512,2.4947,2.4706,2.44,2.4018,2.353,2.2852,2.1769,1.9874,1.6952,1.4142,1.3594,1.5119,1.6995,1.8445,1.943,2.0082,2.0519,2.0823,2.1044,2.1212,2.1348,2.1461,2.1561,2.165,2.8294,2.8266,2.8131,2.7835,2.7344,2.6678,2.5925,2.5268,2.4949,2.4972,2.5065,2.5056,2.493,2.4715,2.4437,2.4108,2.3724,2.3243,2.2391,2.0149,1.5021,0.8861,0.8701,1.2698,1.5996,1.7998,1.9169,1.9874,2.032,2.0622,2.084,2.101,2.1148,2.1267,2.1372,2.1468,2.8698,2.8771,2.8722,2.8432,2.7804,2.6847,2.565,2.4476,2.4031,2.4448,2.4859,2.4979,2.4896,2.4697,2.4445,2.4188,2.3971,2.3907,2.4001,2.2431,1.5642,0.5679,0.6187,1.2187,1.6028,1.8051,1.914,1.9764,2.0154,2.0422,2.0625,2.079,2.093,2.1054,2.1166,2.127,2.9145,2.9391,2.9552,2.9375,2.8601,2.7291,2.5602,2.3734,2.3049,2.4034,2.4717,2.491,2.4835,2.4612,2.4354,2.4165,2.4117,2.4405,2.5512,2.5041,1.9903,1.3674,1.2439,1.5108,1.7309,1.8576,1.9278,1.9692,1.9972,2.019,2.0375,2.0539,2.0685,2.0817,2.0938,2.1052,2.957,3.0041,3.0592,3.0757,2.9786,2.8085,2.6216,2.4458,2.3771,2.4239,2.4659,2.4834,2.4732,2.4404,2.4029,2.3871,2.4011,2.4323,2.4757,2.4284,2.2854,2.1094,1.9107,1.863,1.8884,1.9166,1.9362,1.9524,1.9693,1.9876,2.0062,2.0239,2.0401,2.0548,2.0683,2.0809,2.9873,3.0483,3.1373,3.203,3.0796,2.8871,2.703,2.5402,2.4277,2.3923,2.4309,2.4702,2.4604,2.4021,2.3189,2.2923,2.3577,2.4186,2.4353,2.4227,2.473,2.4197,2.2033,2.057,1.9776,1.9318,1.9094,1.9076,1.921,1.9423,1.9657,1.9877,2.0072,2.0242,2.0394,2.0536,3.0006,3.0559,3.1213,3.1555,3.0846,2.9391,2.7602,2.5335,2.227,2.1129,2.3222,2.4598,2.4561,2.3598,2.1548,2.0529,2.2926,2.4391,2.4782,2.4605,2.4551,2.409,2.2589,2.0975,1.9594,1.8607,1.814,1.8141,1.8419,1.8791,1.9148,1.945,1.9693,1.9893,2.0065,2.0225,3.0021,3.0499,3.107,3.1755,3.1496,2.9962,2.8406,2.5766,1.8123,1.4158,2.2153,2.497,2.4716,2.3451,2.158,2.0442,2.3405,2.5395,2.5989,2.5469,2.4639,2.369,2.221,2.0183,1.8026,1.6481,1.6052,1.6495,1.7256,1.7982,1.8554,1.897,1.9269,1.9496,1.9688,1.9867,2.9969,3.0393,3.0955,3.1634,3.1417,3.0389,2.9842,2.9052,2.4298,1.9886,2.4668,2.645,2.5103,2.2725,2.171,2.3011,2.5027,2.8045,2.8815,2.7069,2.5355,2.3701,2.149,1.8234,1.4335,1.1845,1.2178,1.3998,1.5791,1.7092,1.7938,1.8467,1.8804,1.9042,1.9245,1.9444,2.9873,3.0204,3.0568,3.0848,3.0823,3.085,3.1434,2.8696,3.3381,2.8817,2.8621,2.9493,2.7553,2.0798,1.9671,2.2869,2.5395,3.302,3.3449,2.8541,2.6012,2.3841,2.0724,1.5343,0.7547,0.3067,0.6183,1.1043,1.44,1.6342,1.7404,1.7971,1.8286,1.8501,1.8703,1.893,2.9769,3.0024,3.0276,3.0493,3.0721,3.1252,3.263,3.6089,3.4948,3.1613,3.1239,3.2729,3.2859,2.9322,2.4057,1.9299,2.2654,2.9182,3.0711,2.8215,2.6277,2.4191,2.0635,1.3468,0.0904,-0.6338,0.1286,0.937,1.3819,1.6013,1.7035,1.7471,1.766,1.7804,1.8004,1.8282,2.9681,2.9901,3.0129,3.0376,3.0709,3.1262,3.215,3.3072,3.3031,3.3008,3.3767,3.3821,3.2727,3.448,2.5763,1.8647,2.7094,2.7055,2.8036,2.7596,2.6558,2.5057,2.1863,1.5465,0.512,-0.0929,0.4505,1.0957,1.4567,1.6217,1.6796,1.6857,1.6782,1.6817,1.7049,1.7443,2.9613,2.9821,3.0048,3.0313,3.0655,3.1114,3.1685,3.2284,3.3025,3.4776,3.8229,3.8217,3.5838,3.2697,2.8901,2.6473,2.7941,2.8112,2.8598,2.795,2.699,2.6276,2.3667,1.9337,1.4128,1.1102,1.2249,1.4663,1.6214,1.6719,1.647,1.5863,1.5367,1.5306,1.5697,1.6354,2.9554,2.9757,2.9985,3.0252,3.0579,3.0985,3.1486,3.2134,3.3154,3.5058,3.7779,3.7237,3.7792,3.7873,3.2325,2.9925,2.9606,3.0857,3.1838,2.9515,2.7195,2.6646,2.4707,2.2001,1.9517,1.8168,1.7978,1.8085,1.789,1.7124,1.5718,1.4038,1.2923,1.2934,1.3812,1.5004,2.9497,2.9695,2.9918,3.0179,3.0489,3.0867,3.1339,3.1961,3.2834,3.401,3.5108,3.5743,3.7915,3.8249,3.4789,3.3595,3.2511,3.5406,4.0166,3.2628,2.8354,2.6654,2.5021,2.328,2.2063,2.1741,2.1487,2.0538,1.9174,1.7231,1.4301,1.0836,0.8832,0.9446,1.1449,1.3535,2.9433,2.9624,2.9839,3.0087,3.0377,3.0725,3.1148,3.1675,3.2326,3.3061,3.375,3.4391,3.5159,3.56,3.7892,3.9218,3.4356,3.463,3.6226,3.0096,2.7934,2.6413,2.4954,2.3706,2.3146,2.3759,2.3884,2.2102,2.0027,1.7237,1.2629,0.6553,0.3464,0.5565,0.9271,1.2368,2.9359,2.954,2.9743,2.9974,3.0239,3.0547,3.0909,3.1332,3.1811,3.2315,3.2799,3.3264,3.3771,3.4664,3.707,3.7731,3.3801,3.1125,2.6781,2.4629,2.6405,2.5606,2.4404,2.3532,2.3255,2.4028,2.4235,2.2293,2.0443,1.764,1.2404,0.4848,0.1158,0.4162,0.8632,1.2084,2.9274,2.9444,2.9631,2.984,3.0075,3.0341,3.064,3.0972,3.1328,3.1688,3.2034,3.2368,3.2743,3.3296,3.3982,3.3703,3.1905,2.9661,2.7129,2.5894,2.5506,2.4113,2.3051,2.2779,2.2682,2.2446,2.1653,2.141,2.0674,1.8706,1.4678,0.8878,0.5613,0.7079,1.0182,1.2909,2.9179,2.9334,2.9503,2.9689,2.9892,3.0116,3.0358,3.0615,3.0878,3.1134,3.1373,3.1591,3.1798,3.1985,3.201,3.1538,3.0435,2.896,2.7416,2.5991,2.4055,2.1278,2.0298,2.1473,2.2054,2.1653,2.0866,2.1115,2.1121,2.0171,1.7699,1.4167,1.1693,1.156,1.2851,1.444,2.9074,2.9213,2.9363,2.9524,2.9697,2.988,3.0072,3.0267,3.0458,3.0634,3.0784,3.0899,3.0965,3.0943,3.0743,3.0248,2.9411,2.8301,2.6988,2.533,2.2759,1.9173,1.8236,2.0534,2.1734,2.1722,2.1434,2.1561,2.196,2.1512,1.9805,1.7548,1.5764,1.5089,1.5358,1.6091,2.896,2.9084,2.9215,2.9352,2.9495,2.9642,2.979,2.9934,3.0066,3.0177,3.0256,3.0289,3.0258,3.0128,2.9848,2.9366,2.8657,2.7725,2.6552,2.5016,2.2922,2.0634,1.9969,2.1056,2.1835,2.1925,2.1793,2.183,2.2082,2.1783,2.0664,1.9242,1.8037,1.7368,1.7255,1.7521]},{"header":{"la1":42.85,"la2":41.18,"lo1":11.55,"lo2":14.05,"nx":36,"ny":24,"dx":0.07143,"dy":0.07261,"parameterCategory":2,"parameterNumber":3,"parameterNumberName":"northward_wind","parameterUnit":"m.s-1"},"data":[-0.1256,-0.1299,-0.1369,-0.147,-0.16,-0.1759,-0.1944,-0.2153,-0.2388,-0.2652,-0.2948,-0.3276,-0.3636,-0.4027,-0.4448,-0.4901,-0.5388,-0.5913,-0.6471,-0.7038,-0.7556,-0.7932,-0.8085,-0.7995,-0.771,-0.731,-0.686,-0.6405,-0.5965,-0.5549,-0.5159,-0.4796,-0.4458,-0.4143,-0.3851,-0.3582,-0.1061,-0.1089,-0.1152,-0.1254,-0.1395,-0.157,-0.1771,-0.1996,-0.2246,-0.2528,-0.2848,-0.321,-0.361,-0.4046,-0.4518,-0.503,-0.5591,-0.6219,-0.6929,-0.7716,-0.8497,-0.9085,-0.929,-0.9077,-0.858,-0.7963,-0.7335,-0.6744,-0.6204,-0.5713,-0.5265,-0.4856,-0.448,-0.4135,-0.3818,-0.3527,-0.0833,-0.0839,-0.0889,-0.0994,-0.1152,-0.1353,-0.1581,-0.1824,-0.2085,-0.2381,-0.2725,-0.3121,-0.3564,-0.4047,-0.4568,-0.5134,-0.576,-0.6482,-0.7363,-0.8474,-0.9745,-1.0778,-1.1056,-1.0541,-0.963,-0.8671,-0.7806,-0.7057,-0.641,-0.5843,-0.5338,-0.4884,-0.4472,-0.4096,-0.3754,-0.3443,-0.0566,-0.0533,-0.0561,-0.0668,-0.0858,-0.1109,-0.1385,-0.1656,-0.192,-0.2215,-0.2577,-0.3011,-0.3501,-0.4032,-0.4598,-0.5204,-0.5866,-0.6628,-0.7626,-0.9149,-1.1364,-1.3437,-1.3769,-1.2461,-1.0782,-0.9341,-0.8205,-0.73,-0.6556,-0.5922,-0.5367,-0.4872,-0.4426,-0.4021,-0.3655,-0.3325,-0.0254,-0.0153,-0.0131,-0.0238,-0.0485,-0.0833,-0.121,-0.154,-0.179,-0.2046,-0.2411,-0.2886,-0.3428,-0.4007,-0.4611,-0.5239,-0.5891,-0.6569,-0.7429,-0.9209,-1.3018,-1.7505,-1.7579,-1.4473,-1.1706,-0.9788,-0.844,-0.7429,-0.6621,-0.5939,-0.5344,-0.4814,-0.4336,-0.3904,-0.3515,-0.3167,0.0102,0.0327,0.0461,0.0379,0.0032,-0.0494,-0.1076,-0.1573,-0.1796,-0.1911,-0.2239,-0.2754,-0.3355,-0.3985,-0.462,-0.5252,-0.5856,-0.6296,-0.6457,-0.7739,-1.2801,-1.9874,-1.9494,-1.5021,-1.1824,-0.9811,-0.8441,-0.742,-0.6595,-0.589,-0.5266,-0.4704,-0.4196,-0.3738,-0.3327,-0.2962,0.0473,0.0916,0.1316,0.1349,0.0812,-0.0015,-0.088,-0.1709,-0.1983,-0.1816,-0.2067,-0.2625,-0.3294,-0.3985,-0.4652,-0.5275,-0.5831,-0.6084,-0.5376,-0.5833,-1.0271,-1.4707,-1.5356,-1.3129,-1.0987,-0.9409,-0.8231,-0.7292,-0.6494,-0.5783,-0.5135,-0.4542,-0.4002,-0.3516,-0.3083,-0.2703,0.0768,0.1519,0.2509,0.2957,0.1941,0.0626,-0.0356,-0.1216,-0.1592,-0.1526,-0.1843,-0.2481,-0.3246,-0.4034,-0.4764,-0.537,-0.5884,-0.6274,-0.6308,-0.7335,-1.0122,-1.1437,-1.1651,-1.0959,-0.988,-0.8843,-0.7934,-0.7119,-0.6359,-0.5639,-0.4958,-0.4325,-0.3747,-0.3229,-0.2774,-0.238,0.0817,0.1738,0.3472,0.4932,0.2792,0.1057,0.0396,-0.0114,-0.0549,-0.0927,-0.1495,-0.2286,-0.3185,-0.4142,-0.5076,-0.5673,-0.6025,-0.6529,-0.7335,-0.918,-1.2193,-1.1892,-1.0559,-0.977,-0.9082,-0.8409,-0.7724,-0.7003,-0.6248,-0.5484,-0.4743,-0.4049,-0.3419,-0.2863,-0.2384,-0.198,0.0524,0.1062,0.2017,0.2645,0.0954,0.0827,0.1259,0.1114,0.0321,-0.0384,-0.1063,-0.2021,-0.3034,-0.4172,-0.5725,-0.6452,-0.6244,-0.666,-0.7471,-0.8992,-1.11,-1.1008,-0.9803,-0.9112,-0.8708,-0.832,-0.7787,-0.7069,-0.6225,-0.5343,-0.4487,-0.3698,-0.2999,-0.2397,-0.1895,-0.1486,0.0076,-0.003,-0.0918,-0.3609,-0.3066,0.055,0.2871,0.3146,0.0553,-0.071,-0.0666,-0.1709,-0.2683,-0.3631,-0.5403,-0.6478,-0.6404,-0.6908,-0.7431,-0.8085,-0.8859,-0.9086,-0.8864,-0.8786,-0.8902,-0.8877,-0.8389,-0.7466,-0.6343,-0.5211,-0.4165,-0.3241,-0.2452,-0.18,-0.1278,-0.0876,-0.0221,-0.0543,-0.1604,-0.3556,-0.2707,0.1811,0.61,0.8414,0.427,0.0745,-0.017,-0.13,-0.2107,-0.2151,-0.3797,-0.5765,-0.6923,-0.7663,-0.7862,-0.7778,-0.7888,-0.8077,-0.8367,-0.9052,-1.0135,-1.0717,-0.9953,-0.8324,-0.6584,-0.5031,-0.3713,-0.2617,-0.1726,-0.1025,-0.0498,-0.0123,-0.0292,-0.0441,-0.0785,-0.0958,0.0354,0.3784,0.8717,1.4,0.9741,0.3225,0.0242,-0.0203,-0.106,-0.2099,-0.3988,-0.709,-0.8365,-0.8759,-0.8672,-0.7887,-0.7615,-0.7723,-0.8308,-0.9961,-1.3023,-1.4851,-1.2801,-0.9495,-0.6742,-0.4646,-0.3019,-0.1737,-0.0744,-0.001,0.0494,0.0808,-0.0262,-0.02,-0.0064,0.0416,0.1697,0.4072,0.7409,1.0379,0.8233,0.2488,-0.0251,0.1489,0.2014,-0.2479,-0.64,-1.1229,-1.1101,-0.9449,-0.859,-0.7873,-0.7649,-0.7729,-0.8292,-1.0598,-1.609,-1.9674,-1.5277,-0.9977,-0.6337,-0.3817,-0.1936,-0.0487,0.0593,0.1329,0.176,0.1953,-0.0253,-0.0085,0.0201,0.0734,0.1656,0.2994,0.4458,0.5046,0.3177,-0.0192,-0.2275,-0.2401,-0.3282,-0.5959,-0.7855,-1.2643,-1.7339,-1.1276,-0.843,-0.7834,-0.8491,-0.8478,-0.8112,-0.952,-1.3777,-1.6638,-1.3112,-0.8402,-0.4926,-0.2362,-0.0338,0.1264,0.242,0.3105,0.3374,0.3349,-0.0309,-0.013,0.0133,0.0522,0.1046,0.1616,0.195,0.1527,-0.0096,-0.2643,-0.528,-0.4733,-0.4567,-0.534,-0.727,-1.1179,-1.4677,-0.9908,-0.7009,-0.7829,-1.2184,-1.1056,-0.7903,-0.7373,-0.8651,-0.9458,-0.7938,-0.5289,-0.2695,-0.033,0.1828,0.366,0.4921,0.5467,0.5413,0.5012,-0.0424,-0.0283,-0.0101,0.0118,0.0339,0.0467,0.0319,-0.033,-0.1604,-0.3394,-0.5159,-0.4842,-0.485,-0.517,-0.6135,-0.7469,-0.7516,-0.4942,-0.2908,-0.5393,-1.2429,-1.0829,-0.6566,-0.5089,-0.4951,-0.4841,-0.3998,-0.2399,-0.0327,0.202,0.4541,0.6889,0.8367,0.8588,0.7909,0.6896,-0.0573,-0.0482,-0.0386,-0.0301,-0.0267,-0.0353,-0.0655,-0.1255,-0.2154,-0.32,-0.403,-0.4411,-0.4833,-0.5092,-0.5595,-0.5673,-0.3968,0.0187,0.31,0.0833,-0.3077,-0.4314,-0.3291,-0.2619,-0.2661,-0.3073,-0.2686,-0.0802,0.1674,0.4411,0.7669,1.1082,1.2983,1.2468,1.0685,0.8808,-0.0728,-0.0686,-0.0657,-0.066,-0.0726,-0.0896,-0.1216,-0.1706,-0.2337,-0.3011,-0.3592,-0.4045,-0.4465,-0.4996,-0.6504,-0.7074,-0.2853,0.2335,0.5767,0.9495,0.5154,0.1543,0.0359,-0.0137,-0.1394,-0.4553,-0.516,-0.037,0.3551,0.6695,1.0649,1.5535,1.8003,1.6237,1.3072,1.0346,-0.0874,-0.0868,-0.0884,-0.0938,-0.1048,-0.1239,-0.1527,-0.1913,-0.2371,-0.2845,-0.328,-0.366,-0.4031,-0.4589,-0.5829,-0.5898,-0.1644,0.5072,1.7882,2.3651,1.1183,0.5542,0.3647,0.2566,0.0743,-0.4056,-0.517,0.2835,0.655,0.8934,1.2326,1.7316,1.9891,1.7606,1.4012,1.1061,-0.0999,-0.1018,-0.106,-0.1137,-0.126,-0.1441,-0.1684,-0.1983,-0.2318,-0.2657,-0.2968,-0.3233,-0.3459,-0.3676,-0.3769,-0.2881,0.0091,0.5435,1.3132,1.5748,1.073,0.8063,0.7159,0.5915,0.5156,0.6577,1.2533,1.2229,1.1039,1.1502,1.281,1.5379,1.7024,1.5776,1.325,1.0868,-0.1098,-0.1131,-0.1186,-0.127,-0.1388,-0.1545,-0.1741,-0.1967,-0.2208,-0.244,-0.2638,-0.2778,-0.2832,-0.2743,-0.2338,-0.1246,0.0913,0.4144,0.7593,0.9275,0.9609,1.1537,1.2217,0.954,0.8732,1.2618,1.9303,1.6823,1.549,1.509,1.3919,1.3712,1.3911,1.3249,1.1797,1.0155,-0.1172,-0.1212,-0.1269,-0.1349,-0.1453,-0.1582,-0.1733,-0.1897,-0.206,-0.2204,-0.2305,-0.2334,-0.2253,-0.1992,-0.1435,-0.042,0.1167,0.3226,0.5364,0.7274,0.9844,1.4358,1.5709,1.166,1.0068,1.217,1.5195,1.7183,2.1175,1.9615,1.5744,1.3476,1.2423,1.1578,1.0532,0.9352,-0.1223,-0.1263,-0.1316,-0.1386,-0.1471,-0.1571,-0.1681,-0.1793,-0.1893,-0.1965,-0.1988,-0.1933,-0.1763,-0.1426,-0.0852,0.0031,0.1253,0.2758,0.4437,0.6343,0.8896,1.1971,1.2819,1.0903,1.0014,1.122,1.3661,1.7548,2.1882,2.0275,1.6174,1.3321,1.1681,1.058,0.9607,0.8643]}]