docs/data/wind_grid.json
[{"header":{"la1":42.85,"la2":41.18,"lo1":11.55,"lo2":14.05,"nx":36,"ny":24,"dx":0.07143,"dy":0.07261,"parameterCategory":2,"parameterNumber":2,"parameterNumberName":"eastward_wind","parameterUnit":"m.s-1"},"data":[-0.6948,-0.7003,-0.7037,-0.7048,-0.7035,-0.6997,-0.6927,-0.6815,-0.6655,-0.6451,-0.6221,-0.5991,-0.5782,-0.5608,-0.5469,-0.5355,-0.5244,-0.5109,-0.4927,-0.4693,-0.4434,-0.4208,-0.4073,-0.4049,-0.4108,-0.4207,-0.4311,-0.4401,-0.447,-0.452,-0.4553,-0.4574,-0.4585,-0.4591,-0.4592,-0.459,-0.7196,-0.7276,-0.733,-0.7358,-0.7362,-0.7344,-0.7292,-0.7185,-0.6999,-0.6735,-0.6423,-0.6114,-0.5845,-0.5639,-0.5495,-0.5395,-0.5304,-0.5173,-0.4947,-0.4598,-0.417,-0.3792,-0.3604,-0.3638,-0.3808,-0.4015,-0.4198,-0.4338,-0.4436,-0.4501,-0.4542,-0.4566,-0.4579,-0.4584,-0.4584,-0.4581,-0.7488,-0.7603,-0.7683,-0.773,-0.7756,-0.7774,-0.7776,-0.7708,-0.7502,-0.7142,-0.6692,-0.6253,-0.5895,-0.5648,-0.5507,-0.5445,-0.5413,-0.5324,-0.5061,-0.452,-0.3741,-0.3027,-0.2763,-0.298,-0.3401,-0.3797,-0.4093,-0.4292,-0.4418,-0.4495,-0.454,-0.4564,-0.4575,-0.4579,-0.4577,-0.4573,-0.7836,-0.8002,-0.8117,-0.818,-0.8223,-0.8299,-0.8422,-0.849,-0.8299,-0.7765,-0.7055,-0.6397,-0.5907,-0.5608,-0.5483,-0.5497,-0.559,-0.5639,-0.541,-0.4592,-0.3068,-0.1528,-0.1201,-0.1983,-0.2922,-0.3606,-0.4033,-0.4284,-0.4427,-0.4506,-0.4548,-0.4568,-0.4575,-0.4575,-0.4571,-0.4565,-0.8252,-0.8503,-0.8674,-0.8742,-0.8765,-0.8895,-0.9266,-0.9728,-0.9676,-0.8763,-0.7525,-0.6506,-0.5838,-0.5481,-0.5385,-0.5515,-0.5833,-0.6215,-0.6284,-0.525,-0.2327,0.1253,0.137,-0.0846,-0.2589,-0.3564,-0.4073,-0.4335,-0.4469,-0.4536,-0.4566,-0.4577,-0.4577,-0.4572,-0.4564,-0.4555,-0.8747,-0.9152,-0.9441,-0.9505,-0.9399,-0.9468,-1.0197,-1.1636,-1.2111,-1.0237,-0.7974,-0.647,-0.5621,-0.5215,-0.5153,-0.5421,-0.6049,-0.7038,-0.8001,-0.7269,-0.3086,0.3038,0.2744,-0.0768,-0.2843,-0.381,-0.4252,-0.4454,-0.4544,-0.458,-0.459,-0.4588,-0.4579,-0.4568,-0.4556,-0.4544,-0.9298,-0.998,-1.0564,-1.0688,-1.0229,-0.9864,-1.0639,-1.329,-1.4762,-1.1251,-0.7907,-0.6111,-0.5191,-0.4758,-0.4703,-0.5075,-0.5982,-0.7559,-0.9577,-0.9375,-0.6363,-0.2421,-0.1437,-0.2843,-0.3866,-0.4346,-0.4545,-0.4616,-0.4633,-0.4628,-0.4613,-0.4595,-0.4577,-0.456,-0.4543,-0.4529,-0.9804,-1.089,-1.2133,-1.2652,-1.147,-1.006,-0.9923,-1.1478,-1.2263,-0.9444,-0.6811,-0.536,-0.4549,-0.408,-0.3925,-0.4297,-0.5379,-0.7049,-0.872,-0.9359,-1.0352,-0.9336,-0.6758,-0.5523,-0.5119,-0.4951,-0.4846,-0.4768,-0.4709,-0.4662,-0.4626,-0.4595,-0.4568,-0.4546,-0.4526,-0.4509,-1.0067,-1.144,-1.3429,-1.4857,-1.2618,-1.0052,-0.8715,-0.8215,-0.7543,-0.6264,-0.5187,-0.4423,-0.3808,-0.322,-0.2626,-0.2766,-0.4277,-0.6217,-0.8069,-1.0707,-1.5779,-1.4581,-0.9755,-0.7142,-0.5938,-0.5347,-0.5029,-0.4848,-0.4739,-0.4668,-0.4619,-0.4581,-0.455,-0.4523,-0.4501,-0.4483,-0.9949,-1.1175,-1.2678,-1.3493,-1.1938,-0.969,-0.7764,-0.6185,-0.445,-0.3533,-0.3724,-0.3591,-0.3141,-0.242,-0.0686,0.0209,-0.309,-0.5878,-0.7888,-1.0294,-1.3737,-1.3095,-0.9662,-0.7349,-0.608,-0.539,-0.5016,-0.4815,-0.4704,-0.4637,-0.459,-0.4553,-0.452,-0.4491,-0.4468,-0.4449,-0.9542,-1.0505,-1.155,-1.2531,-1.2051,-0.9403,-0.7246,-0.5466,-0.2231,-0.0714,-0.2763,-0.3013,-0.2611,-0.2082,-0.0745,0.03,-0.3653,-0.6941,-0.8642,-0.9297,-0.9864,-0.9478,-0.8043,-0.6641,-0.5662,-0.508,-0.4788,-0.466,-0.4604,-0.4571,-0.4542,-0.451,-0.4478,-0.4448,-0.4423,-0.4404,-0.8978,-0.9763,-1.079,-1.206,-1.1478,-0.8751,-0.7193,-0.6646,-0.4237,-0.2264,-0.2882,-0.2662,-0.211,-0.1516,-0.1883,-0.3118,-0.615,-1.1058,-1.2458,-1.0127,-0.8524,-0.7545,-0.6596,-0.5666,-0.4907,-0.4472,-0.4367,-0.4411,-0.4465,-0.4489,-0.4483,-0.4458,-0.4423,-0.4389,-0.4362,-0.4345,-0.8309,-0.884,-0.942,-0.9767,-0.9101,-0.775,-0.7296,-0.8028,-0.685,-0.4372,-0.3103,-0.2351,-0.1831,-0.1174,-0.178,-0.4016,-0.7739,-1.9559,-2.0087,-1.1407,-0.7861,-0.6335,-0.5465,-0.4735,-0.4005,-0.3627,-0.3825,-0.4139,-0.4336,-0.4419,-0.4429,-0.4398,-0.4352,-0.4309,-0.4279,-0.4265,-0.7612,-0.7885,-0.8074,-0.8008,-0.7539,-0.6959,-0.6869,-0.7303,-0.6492,-0.4316,-0.2874,-0.209,-0.1757,-0.0374,-0.258,-0.428,-0.6466,-1.3114,-1.4604,-0.9347,-0.6224,-0.4874,-0.4388,-0.4024,-0.3363,-0.2939,-0.3441,-0.3995,-0.4291,-0.4397,-0.4391,-0.4327,-0.425,-0.419,-0.4158,-0.4154,-0.6967,-0.7062,-0.7059,-0.6893,-0.6564,-0.6212,-0.5995,-0.575,-0.4861,-0.3436,-0.2401,-0.1946,-0.1139,0.0715,-0.2834,-0.4633,-1.0203,-0.8157,-0.7587,-0.5446,-0.3171,-0.2606,-0.3146,-0.3544,-0.344,-0.3242,-0.3643,-0.4135,-0.4394,-0.4446,-0.4364,-0.4222,-0.4085,-0.3999,-0.3975,-0.3998,-0.6412,-0.6404,-0.6314,-0.6123,-0.584,-0.551,-0.5143,-0.462,-0.3755,-0.2579,-0.143,-0.189,-0.1691,-0.1402,-0.288,-0.5654,-0.8638,-0.6147,-0.4286,-0.2102,0.1197,0.0484,-0.1863,-0.3144,-0.3705,-0.3961,-0.4278,-0.4569,-0.4668,-0.4568,-0.4322,-0.4023,-0.3784,-0.3677,-0.3694,-0.3781,-0.5951,-0.5884,-0.5753,-0.5549,-0.5275,-0.4937,-0.452,-0.3969,-0.3235,-0.2341,-0.152,-0.1688,-0.1482,-0.135,-0.211,-0.3173,-0.3776,-0.26,-0.1117,-0.0374,0.1973,0.1086,-0.1446,-0.305,-0.408,-0.4775,-0.5178,-0.5274,-0.5115,-0.4746,-0.4203,-0.3613,-0.321,-0.3127,-0.3274,-0.3497,-0.5571,-0.5471,-0.5318,-0.5109,-0.484,-0.4511,-0.4109,-0.3623,-0.3055,-0.247,-0.2019,-0.1748,-0.1316,-0.104,-0.0264,0.0046,-0.0694,0.0861,0.3198,0.0821,0.0096,-0.0537,-0.1893,-0.3374,-0.4828,-0.6071,-0.6557,-0.6283,-0.5727,-0.4969,-0.394,-0.2814,-0.2165,-0.2262,-0.2719,-0.3177,-0.526,-0.5141,-0.4979,-0.4771,-0.4514,-0.4207,-0.3846,-0.3435,-0.2989,-0.2548,-0.2149,-0.1754,-0.1216,-0.0046,0.3792,0.5461,0.1398,0.1323,0.2397,0.1167,0.0014,-0.1033,-0.2232,-0.3788,-0.5775,-0.7823,-0.8292,-0.7394,-0.6439,-0.5278,-0.3619,-0.1649,-0.0695,-0.1249,-0.2194,-0.2925,-0.5005,-0.4877,-0.4714,-0.4513,-0.4273,-0.3993,-0.3675,-0.3324,-0.2953,-0.2574,-0.2185,-0.1732,-0.1042,0.0389,0.3346,0.4291,0.157,0.0814,0.1472,0.1791,0.0302,-0.0919,-0.2115,-0.3824,-0.6139,-0.8331,-0.8768,-0.8195,-0.7207,-0.5821,-0.3765,-0.1193,-0.0033,-0.0885,-0.2065,-0.2895,-0.4797,-0.4667,-0.4507,-0.4316,-0.4094,-0.3842,-0.3561,-0.3257,-0.2934,-0.2594,-0.2224,-0.1778,-0.1156,-0.0212,0.0917,0.1233,0.0603,0.0351,0.077,0.0882,0.0157,-0.0365,-0.1163,-0.3095,-0.5816,-0.8394,-1.0299,-0.9684,-0.8129,-0.6703,-0.4818,-0.2581,-0.141,-0.1757,-0.2531,-0.3149,-0.4628,-0.4498,-0.4345,-0.4166,-0.3963,-0.3736,-0.3487,-0.3219,-0.2933,-0.2629,-0.2295,-0.1908,-0.1434,-0.0876,-0.0368,-0.0157,-0.022,-0.0229,-0.0075,0.004,0.0318,0.1391,0.1492,-0.1363,-0.5106,-0.8799,-1.1838,-1.0551,-0.8849,-0.784,-0.6279,-0.4524,-0.3386,-0.3122,-0.3312,-0.3585,-0.449,-0.4364,-0.4219,-0.4053,-0.3867,-0.3663,-0.3441,-0.3204,-0.2952,-0.2684,-0.2395,-0.2077,-0.1729,-0.1373,-0.1073,-0.0894,-0.0817,-0.0741,-0.0595,-0.0279,0.0686,0.2978,0.3723,0.0061,-0.4099,-0.7393,-0.931,-0.9373,-0.9644,-0.9079,-0.7446,-0.5858,-0.4757,-0.4207,-0.4033,-0.4034,-0.4379,-0.4258,-0.4122,-0.3969,-0.38,-0.3616,-0.3418,-0.3208,-0.2987,-0.2754,-0.2509,-0.2252,-0.199,-0.1739,-0.1527,-0.1374,-0.1265,-0.1158,-0.0986,-0.0622,0.0213,0.1543,0.1689,-0.0631,-0.3619,-0.6067,-0.7679,-0.8764,-0.9728,-0.9231,-0.7774,-0.643,-0.546,-0.4861,-0.4541,-0.4393]},{"header":{"la1":42.85,"la2":41.18,"lo1":11.55,"lo2":14.05,"nx":36,"ny":24,"dx":0.07143,"dy":0.07261,"parameterCategory":2,"parameterNumber":3,"parameterNumberName":"northward_wind","parameterUnit":"m.s-1"},"data":[-0.6795,-0.6773,-0.6734,-0.6678,-0.6603,-0.6515,-0.6417,-0.6317,-0.6217,-0.6114,-0.6,-0.5865,-0.5703,-0.551,-0.5293,-0.5059,-0.4825,-0.461,-0.4432,-0.4303,-0.4222,-0.4178,-0.4155,-0.4143,-0.4138,-0.4142,-0.4154,-0.4175,-0.4204,-0.4239,-0.4279,-0.4323,-0.437,-0.4418,-0.4466,-0.4513,-0.69,-0.6882,-0.6842,-0.6778,-0.6688,-0.6578,-0.6457,-0.6341,-0.6239,-0.6147,-0.6048,-0.5921,-0.5753,-0.5539,-0.5283,-0.4999,-0.4708,-0.444,-0.4232,-0.4102,-0.4049,-0.4041,-0.4044,-0.4041,-0.4037,-0.404,-0.4055,-0.4082,-0.4118,-0.4162,-0.4212,-0.4265,-0.432,-0.4376,-0.4432,-0.4487,-0.7016,-0.7006,-0.6967,-0.6892,-0.6778,-0.6628,-0.6461,-0.631,-0.6206,-0.6145,-0.6088,-0.599,-0.5826,-0.559,-0.5289,-0.4935,-0.4559,-0.421,-0.3956,-0.3845,-0.3867,-0.3943,-0.3985,-0.3976,-0.3951,-0.3941,-0.3953,-0.3984,-0.4029,-0.4083,-0.4143,-0.4207,-0.4272,-0.4338,-0.4403,-0.4465,-0.7146,-0.7149,-0.7116,-0.7032,-0.6881,-0.6661,-0.6396,-0.6158,-0.6043,-0.606,-0.6105,-0.6076,-0.5934,-0.5681,-0.5325,-0.4879,-0.4372,-0.3879,-0.3541,-0.3486,-0.3706,-0.399,-0.4074,-0.3982,-0.3882,-0.3839,-0.3844,-0.3881,-0.3936,-0.4002,-0.4075,-0.4151,-0.4228,-0.4304,-0.4379,-0.445,-0.7288,-0.7316,-0.7302,-0.7215,-0.7021,-0.669,-0.6221,-0.5747,-0.5577,-0.5801,-0.6091,-0.6197,-0.6097,-0.5832,-0.5423,-0.4865,-0.4158,-0.339,-0.2835,-0.2878,-0.3569,-0.4386,-0.4439,-0.4054,-0.3803,-0.3717,-0.3721,-0.3769,-0.3838,-0.392,-0.4007,-0.4097,-0.4188,-0.4277,-0.4362,-0.4442,-0.7438,-0.751,-0.7541,-0.7474,-0.7247,-0.6782,-0.5964,-0.4879,-0.4474,-0.5281,-0.6096,-0.64,-0.6344,-0.6074,-0.563,-0.4965,-0.4006,-0.2743,-0.1591,-0.1686,-0.3097,-0.4727,-0.4675,-0.3953,-0.3622,-0.3545,-0.3573,-0.3645,-0.3736,-0.3836,-0.3941,-0.4049,-0.4155,-0.4258,-0.4355,-0.4446,-0.7582,-0.7723,-0.7847,-0.7845,-0.7612,-0.7082,-0.5984,-0.4006,-0.3054,-0.4936,-0.6365,-0.6769,-0.6699,-0.6434,-0.601,-0.5308,-0.4155,-0.2396,-0.0378,-0.0458,-0.1931,-0.3188,-0.3561,-0.3351,-0.3272,-0.3314,-0.3404,-0.3512,-0.3629,-0.3753,-0.388,-0.4007,-0.4132,-0.4251,-0.4363,-0.4464,-0.7683,-0.7913,-0.822,-0.8368,-0.8081,-0.7626,-0.6859,-0.5387,-0.4698,-0.6228,-0.7246,-0.7357,-0.7151,-0.6922,-0.6653,-0.6053,-0.4849,-0.3096,-0.1377,-0.0875,-0.0365,-0.0705,-0.1854,-0.2519,-0.2853,-0.3062,-0.3225,-0.3374,-0.3521,-0.3671,-0.3824,-0.3976,-0.4123,-0.4262,-0.4389,-0.4502,-0.7691,-0.7951,-0.8488,-0.8964,-0.8357,-0.8115,-0.8196,-0.8184,-0.8425,-0.8862,-0.8667,-0.8076,-0.7611,-0.75,-0.7739,-0.7498,-0.6032,-0.4208,-0.2547,-0.0675,0.2331,0.1726,-0.0706,-0.1962,-0.254,-0.2847,-0.3054,-0.3233,-0.341,-0.3593,-0.3778,-0.396,-0.4135,-0.4296,-0.444,-0.4565,-0.758,-0.7667,-0.7888,-0.8061,-0.7581,-0.8265,-0.9409,-1.0567,-1.1983,-1.2272,-1.0394,-0.8714,-0.7912,-0.7957,-0.9463,-1.0371,-0.7293,-0.4966,-0.3302,-0.1349,0.1049,0.0825,-0.0872,-0.1895,-0.24,-0.2677,-0.2881,-0.308,-0.3293,-0.3517,-0.3745,-0.3967,-0.4176,-0.4365,-0.4528,-0.4664,-0.7436,-0.7239,-0.6576,-0.4908,-0.5362,-0.8263,-1.0612,-1.239,-1.5326,-1.6881,-1.1794,-0.8943,-0.795,-0.7907,-0.9191,-1.0394,-0.6965,-0.5022,-0.3901,-0.2703,-0.1562,-0.1275,-0.1677,-0.2085,-0.2327,-0.2486,-0.2663,-0.2893,-0.3162,-0.3447,-0.3734,-0.4009,-0.4262,-0.4482,-0.4665,-0.4809,-0.7394,-0.7128,-0.6387,-0.5059,-0.5722,-0.9135,-1.2206,-1.3983,-1.45,-1.4657,-1.0968,-0.8568,-0.7882,-0.826,-0.761,-0.6342,-0.508,-0.4792,-0.4526,-0.3529,-0.2671,-0.2238,-0.2147,-0.2159,-0.2136,-0.2148,-0.2329,-0.2648,-0.3017,-0.3394,-0.3761,-0.4106,-0.4414,-0.4671,-0.4873,-0.5019,-0.748,-0.7371,-0.714,-0.7046,-0.804,-1.045,-1.3409,-1.5769,-1.4469,-1.1862,-0.9455,-0.8002,-0.7613,-0.8544,-0.7262,-0.362,-0.2897,-0.5761,-0.5929,-0.3765,-0.2789,-0.2337,-0.2147,-0.1996,-0.1717,-0.155,-0.185,-0.2365,-0.2884,-0.338,-0.3853,-0.429,-0.4669,-0.4968,-0.5181,-0.5316,-0.7608,-0.7674,-0.7801,-0.8183,-0.9125,-1.073,-1.2747,-1.4447,-1.3475,-1.056,-0.8561,-0.7779,-0.7586,-0.6746,-0.3704,0.1268,0.1004,-0.2628,-0.4002,-0.2913,-0.2142,-0.1806,-0.1795,-0.1732,-0.1309,-0.0974,-0.1465,-0.217,-0.2819,-0.3442,-0.405,-0.4615,-0.5086,-0.5429,-0.5636,-0.573,-0.7695,-0.7854,-0.8106,-0.8539,-0.9238,-1.0185,-1.1169,-1.1637,-1.0798,-0.9165,-0.8038,-0.7439,-0.6441,-0.4988,-0.2143,0.2921,0.9319,0.1887,-0.1339,-0.1495,-0.0527,-0.0426,-0.1108,-0.1502,-0.1386,-0.1212,-0.1562,-0.2163,-0.2847,-0.3608,-0.4409,-0.5165,-0.5766,-0.6143,-0.63,-0.6297,-0.771,-0.7892,-0.8143,-0.849,-0.894,-0.9429,-0.979,-0.9751,-0.9145,-0.8308,-0.7935,-0.792,-0.7247,-0.5677,-0.3011,0.1936,0.6472,0.1461,-0.12,-0.0423,0.2962,0.2171,-0.0255,-0.126,-0.146,-0.1467,-0.1647,-0.2117,-0.288,-0.3877,-0.5006,-0.6086,-0.6882,-0.7254,-0.7256,-0.7049,-0.7661,-0.7826,-0.803,-0.8273,-0.8536,-0.8763,-0.8856,-0.8717,-0.8349,-0.7964,-0.7867,-0.7825,-0.8638,-0.8766,-0.5083,-0.2329,-0.1083,-0.24,-0.349,-0.1373,0.3394,0.2419,-0.0237,-0.1162,-0.1172,-0.0933,-0.099,-0.163,-0.2756,-0.4228,-0.5947,-0.7626,-0.8726,-0.8957,-0.8576,-0.7984,-0.7566,-0.77,-0.7849,-0.8006,-0.815,-0.8243,-0.8239,-0.8112,-0.7896,-0.7696,-0.7613,-0.7754,-0.8902,-0.8987,-0.6587,-0.5395,-0.4498,-0.5869,-0.8057,-0.4481,-0.1449,-0.0739,-0.1227,-0.1239,-0.0438,0.0801,0.1007,-0.0416,-0.2403,-0.4635,-0.7309,-1.0087,-1.1654,-1.138,-1.02,-0.8997,-0.7446,-0.7546,-0.7649,-0.7744,-0.7815,-0.7842,-0.7805,-0.7701,-0.7556,-0.7419,-0.734,-0.7379,-0.7548,-0.7433,-0.7867,-0.8268,-0.6092,-0.6211,-0.7021,-0.5135,-0.3666,-0.2689,-0.218,-0.1379,0.0558,0.3988,0.4728,0.1127,-0.2086,-0.5029,-0.8781,-1.3186,-1.5336,-1.4,-1.1681,-0.9814,-0.7314,-0.7385,-0.7451,-0.7504,-0.7533,-0.7526,-0.7476,-0.7386,-0.7271,-0.7153,-0.7057,-0.6995,-0.6959,-0.7012,-0.7632,-0.7782,-0.6275,-0.5552,-0.5098,-0.4886,-0.4329,-0.3593,-0.2929,-0.1856,0.0356,0.4419,0.5339,0.0612,-0.2442,-0.525,-0.9232,-1.4426,-1.6872,-1.4951,-1.216,-1.0074,-0.718,-0.7227,-0.7266,-0.729,-0.7293,-0.7268,-0.7212,-0.7129,-0.7025,-0.6913,-0.6804,-0.6703,-0.6621,-0.6602,-0.6667,-0.6476,-0.5858,-0.5314,-0.4982,-0.4798,-0.4505,-0.4215,-0.3805,-0.2861,-0.1447,-0.0542,-0.1931,-0.2427,-0.3433,-0.5267,-0.8123,-1.1936,-1.4052,-1.3159,-1.127,-0.9652,-0.7049,-0.7078,-0.7097,-0.7102,-0.7088,-0.7052,-0.6993,-0.6912,-0.6814,-0.6705,-0.659,-0.6474,-0.6362,-0.626,-0.6139,-0.5911,-0.5558,-0.5206,-0.4947,-0.4784,-0.4767,-0.5071,-0.5079,-0.4066,-0.2985,-0.2905,-0.384,-0.3731,-0.4472,-0.5372,-0.6776,-0.8863,-1.0375,-1.0477,-0.9726,-0.8814,-0.6926,-0.694,-0.6945,-0.6936,-0.6911,-0.6868,-0.6807,-0.6727,-0.6633,-0.6526,-0.641,-0.6287,-0.6159,-0.6021,-0.5858,-0.5647,-0.5394,-0.5144,-0.4949,-0.486,-0.5027,-0.5667,-0.5891,-0.4804,-0.3816,-0.3547,-0.3815,-0.456,-0.5699,-0.5714,-0.6081,-0.7108,-0.8072,-0.8461,-0.8321,-0.7926,-0.681,-0.6814,-0.6807,-0.6789,-0.6757,-0.671,-0.6647,-0.6569,-0.6477,-0.6374,-0.6259,-0.6136,-0.6003,-0.5857,-0.5692,-0.5506,-0.5304,-0.5112,-0.4961,-0.4899,-0.5014,-0.5322,-0.5357,-0.4782,-0.4201,-0.4014,-0.428,-0.5066,-0.5859,-0.5776,-0.5821,-0.6309,-0.6879,-0.7234,-0.7309,-0.7184]}]