docs/data/wind_grid.json
[{"header":{"la1":42.85,"la2":41.18,"lo1":11.55,"lo2":14.05,"nx":36,"ny":24,"dx":0.07143,"dy":0.07261,"parameterCategory":2,"parameterNumber":2,"parameterNumberName":"eastward_wind","parameterUnit":"m.s-1"},"data":[2.2945,2.2961,2.298,2.3,2.3021,2.304,2.3057,2.3067,2.3067,2.3055,2.3024,2.297,2.2886,2.2769,2.2619,2.2443,2.2257,2.2085,2.1957,2.1895,2.1905,2.1977,2.2089,2.222,2.2354,2.2479,2.2591,2.2689,2.2772,2.2842,2.29,2.2949,2.2989,2.3023,2.3051,2.3074,2.2929,2.2948,2.2971,2.2997,2.3024,2.3052,2.3076,2.3094,2.3102,2.3096,2.3068,2.301,2.2913,2.2767,2.2569,2.2323,2.2049,2.1789,2.1597,2.1516,2.1555,2.1686,2.1869,2.2064,2.2249,2.2414,2.2553,2.2669,2.2764,2.2842,2.2905,2.2956,2.2998,2.3032,2.3059,2.3082,2.2908,2.2929,2.2957,2.299,2.3026,2.3062,2.3096,2.3123,2.3141,2.3145,2.3126,2.307,2.2963,2.2786,2.2526,2.2179,2.1767,2.1356,2.1052,2.0948,2.1054,2.1301,2.1601,2.1892,2.2147,2.2357,2.2527,2.2661,2.2767,2.2851,2.2917,2.2969,2.3011,2.3044,2.307,2.3092,2.2879,2.2904,2.2936,2.2976,2.3022,2.3071,2.3115,2.3152,2.3181,2.3199,2.3197,2.3154,2.3044,2.284,2.2509,2.2025,2.1393,2.0709,2.0195,2.0069,2.0336,2.0806,2.1298,2.1723,2.2061,2.2322,2.252,2.267,2.2784,2.2871,2.2937,2.2988,2.3028,2.3059,2.3083,2.3103,2.2842,2.2867,2.2904,2.2952,2.3011,2.3074,2.313,2.3171,2.3206,2.3247,2.3279,2.3265,2.3168,2.295,2.2554,2.1905,2.0945,1.9769,1.8832,1.8707,1.9349,2.0231,2.1007,2.1595,2.2019,2.2323,2.2541,2.27,2.2816,2.2902,2.2966,2.3013,2.3049,2.3076,2.3097,2.3114,2.2794,2.2817,2.2855,2.2911,2.2984,2.3067,2.3138,2.3169,2.3188,2.3269,2.3371,2.3411,2.3349,2.3143,2.2713,2.1923,2.0578,1.8629,1.688,1.6838,1.8238,1.9738,2.0836,2.1567,2.205,2.2375,2.2599,2.2755,2.2866,2.2945,2.3002,2.3043,2.3073,2.3095,2.3112,2.3125,2.2732,2.2749,2.2784,2.2843,2.2931,2.3042,2.3141,2.3155,2.3128,2.3293,2.3506,2.3613,2.3601,2.3441,2.3042,2.2228,2.0683,1.8091,1.5423,1.5515,1.7722,1.9682,2.0935,2.17,2.2179,2.2488,2.2695,2.2835,2.2932,2.2999,2.3045,2.3077,2.3099,2.3114,2.3125,2.3134,2.2656,2.266,2.2682,2.2733,2.2827,2.297,2.3137,2.323,2.3269,2.3527,2.3781,2.3903,2.3939,2.3858,2.3559,2.2882,2.1572,1.9362,1.7024,1.6958,1.8727,2.0339,2.1375,2.2008,2.2403,2.2657,2.2825,2.2937,2.3011,2.3061,2.3092,2.3112,2.3123,2.313,2.3135,2.3139,2.2566,2.2549,2.2544,2.2567,2.264,2.2798,2.3072,2.3445,2.3863,2.4199,2.4275,2.4284,2.4362,2.4402,2.4238,2.3757,2.2893,2.1634,2.0395,2.0087,2.0698,2.146,2.204,2.2432,2.269,2.2862,2.2976,2.3051,2.3098,2.3125,2.3139,2.3144,2.3144,2.3141,2.3139,2.3138,2.2468,2.2419,2.2372,2.2336,2.2337,2.2436,2.2775,2.3611,2.5001,2.5622,2.4984,2.4671,2.486,2.5121,2.5085,2.4682,2.409,2.3448,2.2847,2.2471,2.2413,2.2544,2.2717,2.2871,2.299,2.3075,2.3133,2.3167,2.3183,2.3186,2.318,2.3169,2.3155,2.3143,2.3134,2.3128,2.2368,2.2283,2.2182,2.2059,2.1921,2.1806,2.1911,2.299,2.6577,2.8226,2.5525,2.4866,2.5427,2.6175,2.6242,2.559,2.4982,2.4694,2.4403,2.3946,2.3553,2.334,2.3259,2.3246,2.3258,2.3272,2.3279,2.3275,2.3261,2.3238,2.321,2.3181,2.3153,2.313,2.3114,2.3106,2.2278,2.216,2.2004,2.1789,2.1479,2.102,2.0387,2.0183,2.3386,2.5978,2.4658,2.465,2.5899,2.7512,2.8093,2.6352,2.5531,2.5865,2.5816,2.4953,2.4233,2.3825,2.362,2.352,2.3469,2.3435,2.3404,2.3367,2.3323,2.3274,2.3222,2.3173,2.313,2.3097,2.3076,2.3066,2.221,2.2067,2.1874,2.1598,2.1179,2.0497,1.9365,1.8003,1.9408,2.2267,2.3344,2.3999,2.5185,2.9039,2.9865,2.6162,2.549,2.7279,2.728,2.5473,2.4485,2.4024,2.3804,2.369,2.3619,2.3562,2.3503,2.3438,2.3365,2.3287,2.3209,2.3136,2.3076,2.3034,2.301,2.3004,2.2169,2.2017,2.1814,2.1531,2.112,2.0506,1.9637,1.8782,1.9492,2.1399,2.2494,2.3468,2.3701,2.247,2.4944,2.4385,2.411,2.5789,2.6153,2.5004,2.4292,2.3975,2.3844,2.3778,2.3721,2.3656,2.3577,2.3486,2.3382,2.3271,2.316,2.3059,2.298,2.2929,2.2909,2.2913,2.2158,2.2011,2.1822,2.1575,2.1251,2.0841,2.0401,2.0186,2.0576,2.1132,2.1318,2.1687,2.2026,2.1257,2.279,2.2524,2.1463,2.333,2.4256,2.4143,2.3836,2.3744,2.3792,2.3821,2.3797,2.3729,2.363,2.351,2.3371,2.3219,2.3064,2.2924,2.282,2.2767,2.276,2.2788,2.2173,2.204,2.1878,2.1682,2.1452,2.1205,2.0999,2.0919,2.0931,2.0623,1.9619,1.9431,2.0339,2.1414,2.2114,2.2234,2.1852,2.2914,2.3605,2.3661,2.3319,2.3417,2.3734,2.3878,2.3876,2.3792,2.3665,2.3511,2.333,2.3124,2.2905,2.2706,2.2571,2.2524,2.2552,2.2624,2.2208,2.2093,2.196,2.1809,2.1646,2.1487,2.1351,2.1239,2.1053,2.0557,1.9736,1.985,1.9545,1.9448,2.153,2.2452,2.2823,2.3233,2.3506,2.3617,2.3278,2.3429,2.3852,2.4018,2.3978,2.3846,2.3684,2.3491,2.3258,2.2982,2.2668,2.2375,2.2197,2.2182,2.2282,2.2428,2.2257,2.216,2.2053,2.1936,2.1816,2.1697,2.1583,2.1455,2.1261,2.0951,2.0632,2.0426,1.9584,1.9577,2.1873,2.291,2.324,2.3375,2.3181,2.3844,2.4014,2.4084,2.4271,2.4283,2.4093,2.3882,2.3707,2.3457,2.3151,2.2798,2.2357,2.1914,2.1685,2.1749,2.1975,2.2226,2.2315,2.2235,2.2148,2.2057,2.1964,2.1871,2.1776,2.1666,2.1527,2.1359,2.1206,2.109,2.1034,2.1656,2.329,2.3795,2.3605,2.3765,2.3876,2.4974,2.4992,2.4965,2.4964,2.4694,2.4185,2.3914,2.3838,2.3376,2.296,2.2587,2.2045,2.1426,2.1154,2.1344,2.1717,2.2072,2.2378,2.2312,2.2244,2.2173,2.2101,2.203,2.1957,2.188,2.1797,2.172,2.1677,2.171,2.192,2.2507,2.3406,2.3738,2.3866,2.4534,2.6046,2.6698,2.5993,2.6131,2.6151,2.5441,2.4302,2.3799,2.3739,2.281,2.2527,2.2369,2.1904,2.1247,2.0965,2.1209,2.1637,2.2028,2.2444,2.2392,2.2338,2.2284,2.2231,2.218,2.2131,2.2087,2.2051,2.2036,2.2064,2.2172,2.241,2.281,2.3278,2.365,2.4093,2.4852,2.5854,2.639,2.6998,2.8349,2.8711,2.7088,2.465,2.2552,2.0688,2.0938,2.1824,2.2178,2.1999,2.1545,2.1304,2.1456,2.1787,2.2117,2.2511,2.2471,2.243,2.2391,2.2355,2.2323,2.2297,2.228,2.228,2.2306,2.2376,2.251,2.2729,2.3034,2.3393,2.3792,2.4302,2.4993,2.5835,2.6926,2.9167,3.2882,3.3871,3.0127,2.5626,2.1796,1.9161,2.0002,2.1469,2.213,2.2203,2.1997,2.184,2.1889,2.2078,2.2303,2.2579,2.2549,2.252,2.2494,2.2472,2.2457,2.2451,2.2457,2.2482,2.2535,2.2627,2.277,2.2975,2.3243,2.3572,2.3975,2.4493,2.5184,2.6155,2.7783,3.1034,3.6121,3.7458,3.2419,2.7014,2.3181,2.1162,2.1166,2.1879,2.234,2.246,2.2389,2.2303,2.2305,2.2394,2.2526,2.2646,2.2625,2.2606,2.2592,2.2583,2.2582,2.2592,2.2615,2.2659,2.2728,2.2833,2.298,2.3176,2.3428,2.3742,2.4137,2.4648,2.5339,2.6344,2.7958,3.0598,3.3772,3.4448,3.1395,2.757,2.4695,2.3073,2.2557,2.2604,2.2731,2.2765,2.272,2.2662,2.2643,2.2676,2.2743]},{"header":{"la1":42.85,"la2":41.18,"lo1":11.55,"lo2":14.05,"nx":36,"ny":24,"dx":0.07143,"dy":0.07261,"parameterCategory":2,"parameterNumber":3,"parameterNumberName":"northward_wind","parameterUnit":"m.s-1"},"data":[1.0829,1.1003,1.1194,1.1397,1.1604,1.1799,1.1962,1.2071,1.2115,1.2099,1.205,1.2003,1.1988,1.2027,1.2126,1.2275,1.2449,1.2605,1.2697,1.2685,1.2558,1.2332,1.204,1.1719,1.1398,1.1096,1.0822,1.0579,1.0367,1.0185,1.0028,0.9895,0.978,0.9683,0.9598,0.9526,1.0879,1.1082,1.1313,1.157,1.1845,1.2118,1.2353,1.2506,1.2546,1.2481,1.2357,1.224,1.2185,1.2223,1.2365,1.26,1.2893,1.3174,1.3357,1.3366,1.3184,1.285,1.2432,1.1995,1.1578,1.1203,1.0877,1.0598,1.0362,1.0164,0.9999,0.986,0.9744,0.9646,0.9564,0.9493,1.0914,1.1146,1.1422,1.1747,1.2119,1.2516,1.2883,1.3129,1.3172,1.3009,1.2741,1.2498,1.237,1.24,1.2601,1.2967,1.3456,1.3961,1.4311,1.435,1.4051,1.352,1.2898,1.2291,1.1749,1.1288,1.0905,1.059,1.0333,1.0123,0.9952,0.9812,0.9697,0.9601,0.9522,0.9455,1.0924,1.1182,1.1503,1.1906,1.2407,1.3,1.3615,1.407,1.4141,1.3783,1.3231,1.2763,1.2518,1.2531,1.2807,1.3358,1.4164,1.5078,1.5755,1.5829,1.5269,1.4365,1.3416,1.2574,1.1881,1.1328,1.0891,1.0546,1.0273,1.0058,0.9886,0.9748,0.9638,0.9548,0.9475,0.9414,1.09,1.1176,1.1531,1.2005,1.2652,1.3523,1.4586,1.5532,1.5726,1.494,1.3818,1.2985,1.2589,1.2582,1.2939,1.3712,1.4986,1.664,1.7982,1.807,1.6915,1.5334,1.3904,1.2778,1.1929,1.1294,1.0817,1.0455,1.0177,0.9964,0.9799,0.967,0.9569,0.9488,0.9423,0.9369,1.0839,1.1113,1.1478,1.1988,1.2743,1.3905,1.5636,1.7622,1.8233,1.6492,1.4334,1.304,1.2528,1.2527,1.2943,1.3896,1.5693,1.8485,2.1098,2.1101,1.8749,1.6154,1.4176,1.2795,1.1836,1.1158,1.0668,1.0309,1.0042,0.9842,0.9692,0.9578,0.9491,0.9423,0.9369,0.9325,1.0738,1.0992,1.1328,1.1805,1.2542,1.3789,1.5986,1.9239,2.0616,1.7419,1.4205,1.2734,1.2307,1.2382,1.2803,1.3742,1.5723,1.9381,2.3391,2.3227,1.9595,1.6234,1.3976,1.252,1.1557,1.09,1.0438,1.0107,0.9868,0.9695,0.9568,0.9476,0.9408,0.9357,0.9317,0.9284,1.0605,1.0822,1.1097,1.1467,1.2015,1.2927,1.4573,1.7132,1.8121,1.5244,1.2793,1.1998,1.2005,1.2261,1.2619,1.3258,1.4693,1.7568,2.0923,2.0924,1.7936,1.5098,1.3169,1.1918,1.1089,1.0525,1.0132,0.9856,0.9662,0.9527,0.9433,0.9369,0.9325,0.9295,0.9271,0.9251,1.0455,1.063,1.0832,1.1066,1.1343,1.168,1.2084,1.237,1.182,1.066,1.0468,1.1105,1.1865,1.2403,1.2643,1.277,1.3206,1.4339,1.5736,1.5898,1.4643,1.3134,1.1936,1.1081,1.0482,1.0064,0.9772,0.957,0.9435,0.9348,0.9295,0.9266,0.9251,0.9243,0.9237,0.923,1.0302,1.0443,1.059,1.0729,1.0819,1.0759,1.03,0.8896,0.6247,0.5322,0.7901,1.0518,1.2251,1.3173,1.323,1.2668,1.203,1.175,1.1866,1.1948,1.167,1.1157,1.0623,1.017,0.982,0.9564,0.9385,0.9269,0.9202,0.9171,0.9166,0.9177,0.9194,0.9212,0.9224,0.923,1.0153,1.0277,1.0406,1.0528,1.0611,1.0566,1.0107,0.8122,0.1716,-0.1329,0.6079,1.0748,1.3478,1.5067,1.4797,1.3104,1.1154,0.9646,0.9085,0.9272,0.9525,0.9573,0.9472,0.9322,0.9179,0.907,0.9002,0.8974,0.8979,0.9011,0.9059,0.9114,0.9168,0.9212,0.9243,0.9258,1.0009,1.0128,1.0267,1.0434,1.0649,1.0958,1.14,1.1333,0.6584,0.2978,0.7841,1.1834,1.5166,1.8531,1.7571,1.3748,1.0049,0.6866,0.6127,0.7197,0.8035,0.8424,0.8566,0.8602,0.8608,0.8618,0.8648,0.8704,0.8784,0.8882,0.899,0.9096,0.9189,0.926,0.9306,0.9326,0.9863,0.998,1.0132,1.0347,1.0689,1.13,1.2441,1.396,1.2285,0.9373,1.0252,1.2864,1.5042,1.9905,1.8854,1.3235,0.8721,0.3362,0.3166,0.5894,0.7159,0.7669,0.7899,0.8028,0.8126,0.8224,0.8339,0.8475,0.8632,0.8804,0.898,0.9144,0.928,0.9377,0.9432,0.9447,0.9705,0.9812,0.9959,1.0176,1.0523,1.1108,1.203,1.301,1.214,1.0115,1.0333,1.3588,1.4619,1.233,1.3109,1.0916,0.8325,0.5223,0.4572,0.6036,0.6874,0.7248,0.744,0.7585,0.7732,0.7897,0.8085,0.8298,0.8537,0.8793,0.9051,0.9286,0.9473,0.9592,0.9642,0.9636,0.9531,0.9616,0.9732,0.9897,1.0139,1.0479,1.0861,1.0943,1.0053,0.853,0.7802,0.8798,0.9471,0.7203,0.9667,0.8801,0.8056,0.7143,0.6336,0.6506,0.6948,0.713,0.716,0.7248,0.7414,0.7635,0.7891,0.8182,0.8509,0.8867,0.9234,0.9566,0.9813,0.9944,0.9966,0.9907,0.9342,0.9396,0.9463,0.9549,0.9649,0.9733,0.9696,0.9306,0.8257,0.6324,0.3485,0.4388,0.5801,0.7151,0.7677,0.7729,0.766,0.6755,0.6078,0.6469,0.7505,0.7402,0.6999,0.6965,0.7154,0.7436,0.776,0.8127,0.8554,0.9042,0.9565,1.0041,1.0367,1.0486,1.043,1.0271,0.9147,0.9164,0.918,0.9187,0.9167,0.9076,0.8829,0.8288,0.7288,0.5647,0.3636,0.4267,0.3621,0.3063,0.5333,0.5852,0.5766,0.4907,0.4312,0.5514,0.7471,0.7271,0.6666,0.6646,0.6936,0.7306,0.7683,0.8121,0.8663,0.9322,1.0079,1.0789,1.122,1.1269,1.1045,1.0713,0.8952,0.8935,0.8905,0.885,0.875,0.8568,0.825,0.7731,0.6965,0.5999,0.5159,0.4622,0.3037,0.2485,0.3078,0.2879,0.3566,0.2659,0.1277,0.3434,0.527,0.5849,0.5921,0.6239,0.6785,0.7244,0.7598,0.8134,0.8832,0.969,1.0773,1.1854,1.2411,1.227,1.1752,1.1174,0.8765,0.872,0.8654,0.8558,0.8412,0.8194,0.7873,0.7426,0.6854,0.621,0.5579,0.4907,0.4003,0.2843,-0.0387,-0.1746,0.1809,0.2306,0.1725,0.2592,0.3623,0.4387,0.4928,0.5731,0.6734,0.7164,0.7286,0.822,0.9146,1.0096,1.1476,1.3003,1.3664,1.322,1.2349,1.1528,0.8591,0.8524,0.8434,0.8312,0.8145,0.7919,0.7618,0.7236,0.678,0.6271,0.572,0.5082,0.4223,0.2752,0.0043,-0.0772,0.1652,0.2514,0.2162,0.1974,0.2634,0.2952,0.3471,0.4866,0.6716,0.738,0.7444,0.9209,0.9889,1.0474,1.1768,1.3428,1.4115,1.3536,1.2533,1.1627,0.8434,0.8351,0.8245,0.811,0.7935,0.7713,0.7437,0.7103,0.6715,0.6278,0.5787,0.5204,0.4451,0.3415,0.2258,0.191,0.2463,0.2695,0.2385,0.2125,0.1615,0.0418,0.0405,0.2882,0.6504,0.9763,1.2891,1.2495,1.1104,1.0758,1.1477,1.2692,1.33,1.295,1.2179,1.1417,0.8293,0.82,0.8085,0.7943,0.7769,0.7556,0.7302,0.7004,0.6663,0.6279,0.5844,0.5341,0.4748,0.4077,0.3469,0.3154,0.308,0.2899,0.2437,0.1537,-0.0757,-0.4876,-0.5887,-0.0925,0.5385,1.1232,1.5522,1.4119,1.1727,1.0789,1.0944,1.1585,1.2015,1.1926,1.1497,1.0984,0.817,0.807,0.7951,0.7808,0.7637,0.7436,0.7201,0.6932,0.6628,0.6287,0.5908,0.5484,0.5018,0.4537,0.4101,0.376,0.3458,0.3035,0.2277,0.0712,-0.2818,-0.8714,-1.0305,-0.3846,0.3511,0.9136,1.2268,1.2229,1.1074,1.0405,1.0368,1.0664,1.0928,1.0955,1.0765,1.047,0.8062,0.7959,0.7839,0.7697,0.7533,0.7343,0.7126,0.6881,0.6608,0.6306,0.5975,0.5615,0.5234,0.4847,0.4474,0.4115,0.3721,0.3177,0.2286,0.0669,-0.2213,-0.5854,-0.6565,-0.256,0.2652,0.6782,0.9207,0.9977,0.9892,0.9729,0.9761,0.9939,1.0116,1.0183,1.0122,0.9974]}]