docs/data/wind_grid.json
[{"header":{"la1":42.85,"la2":41.18,"lo1":11.55,"lo2":14.05,"nx":36,"ny":24,"dx":0.07143,"dy":0.07261,"parameterCategory":2,"parameterNumber":2,"parameterNumberName":"eastward_wind","parameterUnit":"m.s-1"},"data":[3.2998,3.2988,3.2934,3.2834,3.2689,3.2501,3.227,3.1992,3.166,3.1276,3.0848,3.0392,2.9926,2.9462,2.9011,2.8582,2.8187,2.7836,2.7545,2.7318,2.7155,2.7042,2.6965,2.6907,2.6859,2.6814,2.6771,2.6727,2.6683,2.664,2.6599,2.656,2.6525,2.6493,2.6467,2.6445,3.3385,3.3403,3.3364,3.3266,3.3115,3.2919,3.2679,3.2386,3.202,3.1575,3.1066,3.0521,2.9968,2.9424,2.89,2.8402,2.7941,2.7536,2.7213,2.6987,2.6849,2.6773,2.6729,2.6694,2.666,2.6624,2.6584,2.6543,2.6501,2.6459,2.6418,2.6381,2.6347,2.6317,2.6293,2.6274,3.384,3.3899,3.3883,3.3787,3.3623,3.3416,3.3181,3.2894,3.2502,3.1975,3.1345,3.0674,3.0009,2.9371,2.8762,2.8179,2.7631,2.7149,2.6786,2.658,2.6512,2.6516,2.6521,2.6503,2.6469,2.643,2.6389,2.6346,2.6302,2.626,2.622,2.6183,2.6151,2.6123,2.6102,2.6086,3.438,3.4509,3.4532,3.443,3.4231,3.4002,3.3798,3.3578,3.3191,3.2539,3.1706,3.0845,3.0036,2.9291,2.8591,2.7911,2.7244,2.6634,2.6199,2.6058,2.6179,2.6368,2.6428,2.6372,2.6296,2.6232,2.6179,2.6129,2.6082,2.6038,2.5998,2.5963,2.5933,2.5909,2.5891,2.5879,3.5025,3.5279,3.5381,3.5268,3.4975,3.4666,3.4532,3.4546,3.4275,3.3373,3.2151,3.1,3.0018,2.9165,2.8381,2.7606,2.6782,2.5929,2.5298,2.5285,2.588,2.6541,2.6593,2.6318,2.6122,2.6014,2.5941,2.5882,2.583,2.5785,2.5747,2.5715,2.5689,2.5669,2.5656,2.565,3.5786,3.6274,3.6565,3.6457,3.5938,3.5369,3.5287,3.5901,3.6064,3.4531,3.2567,3.1046,2.9901,2.8958,2.8113,2.7284,2.6318,2.5054,2.3823,2.3917,2.5323,2.6776,2.6739,2.6156,2.5867,2.5736,2.5653,2.5587,2.5532,2.5489,2.5456,2.5431,2.5412,2.5399,2.5393,2.5394,3.6624,3.7531,3.8296,3.8336,3.7337,3.6079,3.5711,3.7013,3.7956,3.53,3.2552,3.0837,2.9631,2.8614,2.7712,2.6919,2.6019,2.4513,2.2439,2.2539,2.4121,2.5337,2.5717,2.555,2.5438,2.5361,2.5285,2.5218,2.5167,2.5135,2.5116,2.5105,2.5098,2.5094,2.5096,2.5106,3.7381,3.8888,4.0687,4.142,3.9443,3.6804,3.5454,3.5817,3.6129,3.3859,3.1681,3.0323,2.9218,2.8057,2.693,2.6226,2.585,2.4978,2.3535,2.303,2.2334,2.2661,2.3973,2.4666,2.4879,2.4875,2.4802,2.4738,2.4707,2.4704,2.4715,2.4728,2.4738,2.4747,2.476,2.478,3.7759,3.9668,4.2633,4.4875,4.129,3.7217,3.4829,3.3478,3.2286,3.0983,3.0241,2.9706,2.8822,2.7269,2.513,2.4217,2.5237,2.5722,2.4942,2.2899,1.8936,1.9709,2.2711,2.3993,2.43,2.4245,2.4133,2.4085,2.4111,2.4175,2.4242,2.4293,2.4327,2.4351,2.4375,2.4407,3.7568,3.9154,4.1239,4.2413,3.9857,3.6843,3.4233,3.1688,2.8558,2.7184,2.8572,2.9308,2.8795,2.676,2.1488,1.8647,2.4068,2.6614,2.6466,2.4269,2.0833,2.103,2.3001,2.3731,2.3628,2.3301,2.3115,2.3154,2.3331,2.3532,2.3694,2.38,2.386,2.3896,2.3929,2.3974,3.6994,3.8026,3.8884,3.9058,3.8636,3.6464,3.419,3.137,2.4416,2.0961,2.7297,2.9476,2.9423,2.8031,2.2793,1.8793,2.5524,2.8708,2.9018,2.7354,2.5204,2.424,2.4026,2.343,2.242,2.1595,2.1426,2.1797,2.2332,2.2786,2.3087,2.3252,2.3329,2.3367,2.3404,2.3463,3.6311,3.7046,3.7794,3.8535,3.8088,3.6109,3.5125,3.4689,2.9516,2.5407,2.8885,3.0366,3.0332,2.9886,2.8992,2.7987,2.9798,3.2884,3.3272,3.0516,2.7905,2.6052,2.445,2.238,1.9844,1.8219,1.8551,1.9902,2.1166,2.2005,2.2459,2.2656,2.2717,2.2733,2.2766,2.2844,3.5615,3.6119,3.6593,3.6846,3.6392,3.5635,3.6054,3.7785,3.5673,3.1827,3.1208,3.1592,3.1364,3.0259,3.0302,3.0625,3.2257,3.8902,3.9012,3.2639,2.9038,2.6606,2.4154,2.0432,1.5029,1.1902,1.4206,1.7741,2.0102,2.134,2.1866,2.2005,2.1979,2.1937,2.1959,2.2074,3.4953,3.5254,3.5468,3.5486,3.526,3.5126,3.5641,3.6635,3.559,3.3089,3.2197,3.248,3.2642,3.2651,3.1304,3.0707,3.2125,3.5612,3.5939,3.1809,2.8504,2.6175,2.37,1.8982,1.0283,0.5124,1.0685,1.6569,1.9671,2.098,2.1334,2.1236,2.1011,2.0866,2.0891,2.1086,3.4368,3.4535,3.4623,3.46,3.4502,3.4472,3.462,3.4664,3.3959,3.2957,3.2551,3.2501,3.2537,3.2951,3.1773,3.0908,3.6204,3.37,3.2196,2.931,2.5966,2.4505,2.3496,2.0106,1.3304,0.9085,1.3148,1.7871,2.0263,2.0983,2.0774,2.0172,1.9597,1.9322,1.9417,1.98,3.3875,3.3966,3.3999,3.397,3.3902,3.3837,3.3767,3.3569,3.3163,3.2826,3.2923,3.2864,3.2667,3.2479,3.2288,3.3225,3.5311,3.3065,3.0755,2.6646,2.02,2.0994,2.336,2.2594,1.996,1.8251,1.931,2.0988,2.1626,2.1156,1.9929,1.8451,1.7332,1.6975,1.7342,1.8135,3.3465,3.3514,3.3521,3.3487,3.3421,3.3332,3.321,3.303,3.2821,3.273,3.2866,3.2761,3.2698,3.2685,3.25,3.2681,3.2746,3.1964,3.0585,2.6785,1.9392,2.0707,2.4121,2.4876,2.4668,2.4668,2.4837,2.4432,2.3211,2.1181,1.8407,1.5461,1.3534,1.336,1.4488,1.6084,3.3124,3.3149,3.3142,3.3105,3.3041,3.2954,3.2845,3.2719,3.2607,3.2562,3.2574,3.2573,3.268,3.2744,3.285,3.2904,3.2385,3.1875,3.191,2.9798,2.6397,2.5416,2.6216,2.7014,2.8201,2.996,3.0216,2.7924,2.4713,2.0888,1.5922,1.0469,0.7368,0.8156,1.0958,1.3866,3.2836,3.2846,3.2833,3.2796,3.2739,3.2666,3.2581,3.2495,3.2427,3.2394,3.2395,3.2429,3.2536,3.2825,3.3946,3.4444,3.2751,3.2035,3.2051,3.1708,2.9903,2.8462,2.8134,2.8733,3.0973,3.5639,3.6629,3.1002,2.5733,2.0443,1.3088,0.4006,-0.0521,0.2467,0.7727,1.2089,3.259,3.2591,3.2575,3.2541,3.2493,3.2433,3.2368,3.2307,3.226,3.2236,3.2241,3.2287,3.242,3.2792,3.3701,3.3958,3.2731,3.2239,3.3202,3.3831,3.1424,2.9859,2.9264,2.951,3.1415,3.6443,3.7621,3.044,2.547,2.0321,1.2328,0.141,-0.3848,0.0404,0.6715,1.1572,3.2375,3.2372,3.2354,3.2324,3.2283,3.2234,3.2183,3.2137,3.21,3.208,3.2084,3.2122,3.2223,3.2434,3.2713,3.2687,3.2263,3.2076,3.2517,3.2575,3.1354,3.0429,2.9946,2.9569,2.9603,2.941,2.6549,2.5767,2.4078,2.0642,1.4875,0.686,0.2353,0.4421,0.878,1.2612,3.2185,3.2179,3.2161,3.2133,3.2098,3.2057,3.2014,3.1975,3.1942,3.1921,3.1915,3.1931,3.1976,3.2046,3.209,3.2007,3.1805,3.1655,3.1618,3.1418,3.1015,3.1019,3.0942,2.9812,2.8319,2.6057,2.3321,2.3664,2.2371,2.0679,1.7927,1.3653,1.0538,1.0489,1.2361,1.4625,3.2015,3.2006,3.1988,3.1962,3.193,3.1894,3.1855,3.1818,3.1785,3.1758,3.1739,3.1728,3.1725,3.1716,3.1675,3.1572,3.1414,3.1249,3.1088,3.0913,3.0909,3.1543,3.1805,3.0163,2.8056,2.5955,2.4217,2.2413,1.9819,1.9925,1.9515,1.7625,1.5778,1.5144,1.5678,1.679,3.186,3.1849,3.183,3.1805,3.1775,3.174,3.1703,3.1666,3.1629,3.1594,3.1561,3.1528,3.1491,3.1439,3.136,3.1242,3.1088,3.0914,3.0736,3.0593,3.0625,3.0948,3.0897,2.9677,2.7901,2.6069,2.419,2.172,1.9494,1.9849,2.0237,1.9578,1.8632,1.8096,1.8157,1.8657]},{"header":{"la1":42.85,"la2":41.18,"lo1":11.55,"lo2":14.05,"nx":36,"ny":24,"dx":0.07143,"dy":0.07261,"parameterCategory":2,"parameterNumber":3,"parameterNumberName":"northward_wind","parameterUnit":"m.s-1"},"data":[1.041,1.0326,1.0263,1.0222,1.0207,1.0229,1.0306,1.0461,1.0713,1.1057,1.1467,1.19,1.2319,1.2694,1.3013,1.3272,1.3472,1.3618,1.3716,1.3776,1.3814,1.3848,1.3892,1.3958,1.4049,1.4165,1.43,1.4446,1.4597,1.4747,1.4891,1.5026,1.5151,1.5265,1.5368,1.5459,1.0076,0.9958,0.986,0.9781,0.972,0.9684,0.9703,0.9829,1.0109,1.0547,1.1095,1.1672,1.2213,1.2678,1.3057,1.3352,1.3571,1.3719,1.3802,1.3831,1.3829,1.3827,1.3847,1.3904,1.4001,1.4134,1.4293,1.4465,1.4641,1.4813,1.4975,1.5125,1.5261,1.5382,1.549,1.5585,0.97,0.954,0.9402,0.9277,0.915,0.9012,0.8903,0.893,0.9221,0.9812,1.0593,1.1399,1.2114,1.2695,1.3143,1.3478,1.372,1.3875,1.394,1.3917,1.3846,1.3788,1.3777,1.3823,1.393,1.4089,1.4283,1.4492,1.47,1.4898,1.508,1.5245,1.5391,1.552,1.5633,1.5729,0.9274,0.9059,0.8877,0.871,0.8507,0.8207,0.7825,0.7572,0.7811,0.8686,0.9906,1.1089,1.2051,1.2769,1.3288,1.3661,1.3934,1.4123,1.4187,1.4074,1.3867,1.3729,1.3687,1.3716,1.3834,1.4034,1.4279,1.4535,1.4783,1.501,1.5214,1.5393,1.5549,1.5683,1.5798,1.5895,0.8784,0.8495,0.8263,0.8075,0.7827,0.732,0.6405,0.54,0.5376,0.6898,0.9017,1.0809,1.2082,1.2939,1.3511,1.3905,1.4221,1.4526,1.4703,1.4437,1.3897,1.3685,1.364,1.3596,1.3717,1.3977,1.4293,1.4611,1.4904,1.5163,1.5386,1.5577,1.5739,1.5876,1.5991,1.6086,0.8222,0.7814,0.7506,0.7336,0.7167,0.6548,0.4825,0.2019,0.1078,0.4283,0.8148,1.0742,1.2305,1.3257,1.3842,1.4209,1.4539,1.5103,1.5866,1.5435,1.3931,1.3679,1.3628,1.3411,1.3566,1.3936,1.4354,1.4746,1.5087,1.5372,1.5609,1.5806,1.5969,1.6105,1.6216,1.6306,0.7597,0.6991,0.6515,0.6365,0.6506,0.6219,0.4132,-0.0934,-0.3594,0.248,0.8156,1.1184,1.2814,1.3776,1.4339,1.4607,1.4783,1.544,1.7277,1.6852,1.3325,1.2569,1.2753,1.2903,1.3366,1.3953,1.4509,1.4979,1.5358,1.5657,1.5895,1.6088,1.6245,1.6373,1.6477,1.6559,0.6969,0.6091,0.5297,0.5018,0.5652,0.6363,0.559,0.2346,0.0792,0.5548,0.989,1.2237,1.3597,1.4526,1.514,1.5288,1.5016,1.4896,1.5368,1.3764,0.9017,0.8416,1.0497,1.2079,1.3223,1.4127,1.4832,1.5362,1.5751,1.6038,1.6257,1.643,1.6571,1.6687,1.6779,1.6849,0.6447,0.5326,0.4344,0.3974,0.4699,0.6518,0.7911,0.8282,0.9036,1.0891,1.2454,1.3533,1.4464,1.5463,1.6542,1.6788,1.5676,1.4371,1.2895,0.9079,0.1581,0.2926,0.851,1.1645,1.3443,1.4627,1.5431,1.596,1.6302,1.6532,1.67,1.6837,1.6953,1.705,1.7127,1.7182,0.6113,0.4719,0.3495,0.2997,0.308,0.6298,0.9783,1.2206,1.4281,1.5209,1.4665,1.4586,1.5141,1.6278,1.8804,2.0112,1.6743,1.4275,1.2335,0.915,0.4307,0.5001,0.9313,1.2381,1.4357,1.5654,1.6436,1.6844,1.7038,1.7142,1.7223,1.7306,1.7391,1.7468,1.7528,1.7565,0.6057,0.4199,0.1177,-0.413,-0.2726,0.5803,1.1621,1.4758,1.7671,1.8975,1.6029,1.5122,1.5501,1.641,1.8562,2.0181,1.6237,1.3592,1.214,1.0996,0.9766,1.0039,1.1973,1.4202,1.6125,1.7439,1.8015,1.8078,1.7959,1.7849,1.7808,1.783,1.7887,1.7949,1.7995,1.801,0.6477,0.4593,0.1345,-0.3389,-0.1529,0.7756,1.4236,1.7056,1.7487,1.7641,1.5732,1.506,1.5694,1.6969,1.6733,1.5982,1.4067,1.1196,1.0319,1.1403,1.2143,1.2963,1.443,1.6546,1.8891,2.0385,2.0396,1.9673,1.8996,1.8589,1.8419,1.84,1.8451,1.8512,1.8547,1.8536,0.7395,0.6131,0.4517,0.3475,0.576,1.1198,1.6248,1.9218,1.7985,1.5978,1.4779,1.4542,1.5132,1.7299,1.6563,1.4694,1.2802,0.6539,0.6278,1.1108,1.3269,1.4635,1.628,1.8987,2.2854,2.5075,2.3616,2.1379,1.9944,1.925,1.9013,1.9016,1.9109,1.9195,1.9221,1.9172,0.8524,0.7941,0.7545,0.792,0.9758,1.2777,1.5837,1.7908,1.7134,1.4803,1.3691,1.4082,1.4301,1.3531,1.4345,1.4022,1.3438,1.0173,0.9423,1.2553,1.4659,1.6005,1.7527,2.06,2.6296,2.9655,2.6084,2.236,2.0453,1.9705,1.9571,1.9719,1.9932,2.0072,2.008,1.996,0.9572,0.9413,0.952,1.0126,1.1362,1.3,1.4516,1.5253,1.4523,1.2752,1.152,1.2019,1.2439,1.0982,1.3469,1.3959,1.4047,1.3579,1.3689,1.5165,1.6838,1.7569,1.8206,2.0314,2.4551,2.7187,2.4654,2.1732,2.0293,1.9923,2.0152,2.0628,2.1067,2.128,2.1222,2.0955,1.0416,1.0454,1.0695,1.1208,1.1977,1.2833,1.3471,1.3521,1.2618,1.0399,0.651,0.9737,1.1137,1.2256,1.3236,1.3933,1.4255,1.4923,1.6072,1.7617,1.9796,1.9461,1.8593,1.9137,2.0677,2.1667,2.0997,1.998,1.9642,2.0032,2.0928,2.1991,2.2792,2.3045,2.2779,2.2209,1.1054,1.1162,1.1398,1.1771,1.2234,1.2667,1.289,1.2692,1.1838,0.9971,0.7148,0.931,1.1518,1.2176,1.3073,1.3982,1.516,1.7313,1.9275,1.9377,2.037,1.9848,1.8567,1.812,1.8064,1.7913,1.7741,1.7999,1.8823,2.0218,2.2152,2.4223,2.558,2.5691,2.4875,2.3725,1.1529,1.1649,1.1844,1.2101,1.2378,1.2596,1.2654,1.2444,1.189,1.1035,1.0437,1.1022,1.1903,1.2214,1.2725,1.3521,1.6003,2.119,2.5672,2.1571,1.9789,1.9008,1.8093,1.719,1.6058,1.4671,1.4405,1.5882,1.7992,2.0568,2.4001,2.7829,3.0015,2.944,2.7429,2.5343,1.1889,1.1999,1.2151,1.2329,1.25,1.2618,1.263,1.2493,1.2211,1.1883,1.1744,1.1957,1.2288,1.241,1.144,1.0972,1.544,2.0952,2.4201,2.2434,2.0347,1.8761,1.7604,1.6388,1.4344,1.0889,1.0155,1.3924,1.7398,2.094,2.603,3.2431,3.5641,3.3506,2.9749,2.663,1.217,1.2265,1.2383,1.2511,1.2628,1.2705,1.2718,1.2657,1.2542,1.2436,1.2428,1.2553,1.272,1.2677,1.1867,1.1852,1.5315,1.9359,2.3128,2.4317,2.0796,1.8447,1.7105,1.599,1.4115,1.0362,0.9502,1.4378,1.7585,2.0976,2.6525,3.4264,3.801,3.4976,3.0473,2.7008,1.2398,1.248,1.2575,1.2674,1.2763,1.2827,1.2857,1.2853,1.2832,1.283,1.2883,1.3003,1.3154,1.3257,1.3332,1.4,1.5884,1.846,2.1088,2.1705,1.9427,1.728,1.6215,1.5833,1.5406,1.5359,1.7393,1.7713,1.839,2.0501,2.4555,3.0321,3.3567,3.2097,2.8993,2.6268,1.259,1.2662,1.2743,1.2826,1.2903,1.2966,1.3014,1.3048,1.3083,1.3136,1.3229,1.337,1.3557,1.3795,1.4163,1.4866,1.6034,1.7453,1.8592,1.861,1.7146,1.5085,1.442,1.5303,1.6227,1.7705,1.9812,1.9104,1.8888,1.9791,2.1994,2.529,2.764,2.7729,2.6423,2.483,1.2757,1.2823,1.2895,1.2969,1.3042,1.3109,1.3171,1.3232,1.3299,1.3387,1.3507,1.367,1.3885,1.4172,1.4577,1.516,1.5915,1.669,1.7171,1.6955,1.5713,1.3638,1.3081,1.476,1.6288,1.7584,1.8565,1.8794,1.9015,1.9238,2.0358,2.2215,2.3784,2.4356,2.4039,2.3284,1.2905,1.2967,1.3034,1.3105,1.3177,1.3249,1.3322,1.3399,1.3488,1.3596,1.3733,1.3908,1.4132,1.4417,1.4783,1.5237,1.5744,1.6201,1.6434,1.6244,1.5494,1.4419,1.4161,1.5137,1.6311,1.7302,1.8073,1.8662,1.9014,1.9105,1.9681,2.0709,2.1682,2.2221,2.2263,2.1957]}]