docs/data/wind_grid.json
[{"header":{"la1":42.85,"la2":41.18,"lo1":11.55,"lo2":14.05,"nx":36,"ny":24,"dx":0.07143,"dy":0.07261,"parameterCategory":2,"parameterNumber":2,"parameterNumberName":"eastward_wind","parameterUnit":"m.s-1"},"data":[-0.4301,-0.4406,-0.4523,-0.4649,-0.4779,-0.4902,-0.5006,-0.5077,-0.5108,-0.5106,-0.5092,-0.5093,-0.5133,-0.5226,-0.5376,-0.557,-0.5787,-0.5991,-0.6146,-0.6222,-0.6212,-0.6125,-0.5985,-0.5817,-0.564,-0.5466,-0.5303,-0.5155,-0.5021,-0.4903,-0.4797,-0.4704,-0.4621,-0.4548,-0.4482,-0.4424,-0.4317,-0.444,-0.4582,-0.4743,-0.4916,-0.5089,-0.5239,-0.5334,-0.5357,-0.5314,-0.5242,-0.5191,-0.5204,-0.5305,-0.5498,-0.5771,-0.6088,-0.6395,-0.6624,-0.6724,-0.6682,-0.6528,-0.6308,-0.6064,-0.5823,-0.5599,-0.5398,-0.5222,-0.5068,-0.4934,-0.4818,-0.4717,-0.4629,-0.4552,-0.4483,-0.4423,-0.4325,-0.4467,-0.4638,-0.4843,-0.5081,-0.5336,-0.5573,-0.5727,-0.5743,-0.5622,-0.5439,-0.5292,-0.5254,-0.5357,-0.5609,-0.5996,-0.6474,-0.6954,-0.731,-0.7437,-0.7323,-0.7042,-0.669,-0.6335,-0.601,-0.5726,-0.5483,-0.5277,-0.5103,-0.4956,-0.483,-0.4723,-0.463,-0.455,-0.4479,-0.4417,-0.4319,-0.4477,-0.4678,-0.4935,-0.526,-0.5649,-0.6055,-0.635,-0.6378,-0.6107,-0.5707,-0.5386,-0.5257,-0.5355,-0.5682,-0.6232,-0.6964,-0.7748,-0.8333,-0.8485,-0.8201,-0.7681,-0.7118,-0.661,-0.6183,-0.5833,-0.5547,-0.5314,-0.5122,-0.4964,-0.4831,-0.4719,-0.4623,-0.4541,-0.447,-0.4407,-0.4293,-0.4462,-0.4687,-0.4993,-0.5418,-0.5999,-0.6716,-0.7354,-0.7464,-0.6877,-0.6045,-0.5433,-0.5176,-0.5263,-0.5677,-0.6433,-0.7538,-0.8853,-0.988,-1.0027,-0.9355,-0.8406,-0.7541,-0.6849,-0.6315,-0.5903,-0.5581,-0.5326,-0.5121,-0.4955,-0.4818,-0.4704,-0.4608,-0.4526,-0.4454,-0.4392,-0.4244,-0.4414,-0.4645,-0.4977,-0.5478,-0.6263,-0.7446,-0.8819,-0.9231,-0.7954,-0.6338,-0.5337,-0.4953,-0.5038,-0.5535,-0.6493,-0.8038,-1.0153,-1.1985,-1.2039,-1.0612,-0.9047,-0.7847,-0.699,-0.6373,-0.5918,-0.5573,-0.5306,-0.5096,-0.4929,-0.4792,-0.4679,-0.4584,-0.4503,-0.4434,-0.4373,-0.4173,-0.433,-0.4544,-0.4856,-0.5348,-0.6193,-0.7702,-0.996,-1.0926,-0.861,-0.6169,-0.4938,-0.4532,-0.4647,-0.5203,-0.6272,-0.8076,-1.0819,-1.3488,-1.3402,-1.124,-0.9255,-0.7893,-0.6974,-0.6331,-0.5865,-0.5517,-0.5253,-0.5047,-0.4885,-0.4753,-0.4644,-0.4553,-0.4475,-0.4408,-0.4349,-0.4083,-0.4217,-0.4393,-0.4636,-0.5005,-0.5626,-0.6753,-0.851,-0.9176,-0.706,-0.5062,-0.4149,-0.3903,-0.409,-0.4679,-0.5739,-0.7406,-0.9777,-1.2043,-1.2115,-1.0448,-0.8815,-0.7628,-0.6789,-0.6186,-0.5744,-0.5415,-0.5167,-0.4975,-0.4824,-0.4702,-0.4601,-0.4516,-0.4442,-0.4377,-0.4321,-0.3985,-0.4093,-0.4224,-0.4383,-0.4577,-0.482,-0.5115,-0.5329,-0.4939,-0.3966,-0.3348,-0.3137,-0.3141,-0.3393,-0.401,-0.5068,-0.6522,-0.8158,-0.9448,-0.9702,-0.9015,-0.8055,-0.7185,-0.649,-0.596,-0.5565,-0.5272,-0.5053,-0.4885,-0.4753,-0.4644,-0.4553,-0.4474,-0.4404,-0.4343,-0.4289,-0.3886,-0.3975,-0.4075,-0.4178,-0.4262,-0.4262,-0.4019,-0.3204,-0.1649,-0.0912,-0.1679,-0.2203,-0.2346,-0.2552,-0.3205,-0.446,-0.6129,-0.7706,-0.8629,-0.8721,-0.822,-0.7478,-0.6748,-0.6143,-0.5681,-0.5343,-0.5099,-0.4921,-0.4785,-0.4676,-0.4584,-0.4502,-0.4429,-0.4364,-0.4305,-0.4254,-0.3792,-0.3872,-0.3965,-0.4068,-0.4166,-0.4208,-0.401,-0.2889,0.067,0.232,-0.0597,-0.161,-0.1565,-0.1446,-0.2132,-0.3949,-0.6598,-0.9164,-1.0163,-0.9491,-0.829,-0.7201,-0.6363,-0.5765,-0.5358,-0.5088,-0.4908,-0.4783,-0.4687,-0.4605,-0.4528,-0.4455,-0.4385,-0.4321,-0.4264,-0.4214,-0.3701,-0.378,-0.3884,-0.4025,-0.4228,-0.4538,-0.4989,-0.5088,-0.213,0.0255,-0.1114,-0.145,-0.0884,0.0115,-0.0694,-0.3558,-0.8203,-1.3869,-1.4926,-1.1638,-0.8735,-0.6942,-0.5898,-0.5307,-0.4983,-0.481,-0.4717,-0.4659,-0.4608,-0.4551,-0.4486,-0.4414,-0.4342,-0.4274,-0.4216,-0.4167,-0.3609,-0.3687,-0.3799,-0.3974,-0.4267,-0.4795,-0.5758,-0.6993,-0.5664,-0.2914,-0.1911,-0.1576,-0.0985,0.0593,-0.0135,-0.3796,-1.0085,-2.1577,-2.1742,-1.3249,-0.8484,-0.6198,-0.5142,-0.4698,-0.4547,-0.4528,-0.4554,-0.4576,-0.4571,-0.4531,-0.4464,-0.4381,-0.4295,-0.4219,-0.4157,-0.411,-0.3508,-0.3578,-0.3683,-0.3852,-0.4135,-0.4618,-0.5382,-0.6189,-0.5387,-0.3172,-0.1964,-0.1724,-0.1643,-0.0957,-0.1711,-0.5221,-0.9941,-1.6228,-1.6826,-1.0617,-0.6422,-0.4529,-0.3947,-0.392,-0.4086,-0.4293,-0.4471,-0.4579,-0.4607,-0.4563,-0.4468,-0.435,-0.4236,-0.4143,-0.4076,-0.4034,-0.3398,-0.3449,-0.3528,-0.3651,-0.3839,-0.4109,-0.4413,-0.4461,-0.368,-0.2342,-0.1483,-0.1301,-0.1023,-0.0117,-0.2383,-0.8295,-1.3628,-1.0372,-0.8683,-0.5563,-0.2659,-0.1865,-0.2389,-0.309,-0.3706,-0.4203,-0.4551,-0.4731,-0.4757,-0.4663,-0.4494,-0.4304,-0.4138,-0.4022,-0.3958,-0.3932,-0.328,-0.3307,-0.3347,-0.3406,-0.3479,-0.3543,-0.3519,-0.3236,-0.2526,-0.148,-0.0434,-0.0912,-0.0981,-0.1078,-0.2572,-0.712,-1.0993,-0.7144,-0.4117,-0.1453,0.1583,0.1073,-0.098,-0.2486,-0.3592,-0.441,-0.4917,-0.5116,-0.5064,-0.4838,-0.4519,-0.4196,-0.3951,-0.3819,-0.378,-0.3792,-0.316,-0.3161,-0.3163,-0.3161,-0.3144,-0.3081,-0.2914,-0.2567,-0.1994,-0.1235,-0.0509,-0.0735,-0.0589,-0.0482,-0.149,-0.2974,-0.3735,-0.182,0.0205,0.0684,0.2248,0.1593,-0.0584,-0.2417,-0.3945,-0.511,-0.5727,-0.5819,-0.556,-0.5082,-0.4492,-0.3944,-0.3595,-0.3483,-0.3522,-0.3614,-0.3044,-0.3022,-0.2991,-0.2947,-0.2873,-0.275,-0.2544,-0.2231,-0.1811,-0.1349,-0.0993,-0.0797,-0.0396,-0.0169,0.0375,0.0646,0.0241,0.2608,0.528,0.2487,0.1232,0.0441,-0.1012,-0.2852,-0.4839,-0.6462,-0.7083,-0.6859,-0.6243,-0.5374,-0.4351,-0.3445,-0.2988,-0.2993,-0.32,-0.3419,-0.2938,-0.2896,-0.2843,-0.2771,-0.2669,-0.2524,-0.2322,-0.2056,-0.174,-0.141,-0.1105,-0.0794,-0.0344,0.0638,0.3721,0.497,0.2236,0.303,0.441,0.3043,0.1585,0.0212,-0.1316,-0.3366,-0.5927,-0.8113,-0.8565,-0.7978,-0.705,-0.5731,-0.4143,-0.2765,-0.2245,-0.248,-0.2912,-0.3265,-0.2843,-0.2789,-0.272,-0.2633,-0.2519,-0.2371,-0.2184,-0.1956,-0.1696,-0.1417,-0.1117,-0.0748,-0.0161,0.1061,0.3437,0.4186,0.2406,0.2349,0.343,0.3829,0.2042,0.0441,-0.1145,-0.3413,-0.6373,-0.8632,-0.9017,-0.9052,-0.8011,-0.6253,-0.4206,-0.2504,-0.1951,-0.2305,-0.2831,-0.3229,-0.2762,-0.2699,-0.2622,-0.2528,-0.2411,-0.2268,-0.2096,-0.1895,-0.1668,-0.1414,-0.1123,-0.0752,-0.0211,0.0619,0.1606,0.1958,0.1665,0.1826,0.2575,0.2754,0.1796,0.0994,-0.0076,-0.2535,-0.613,-0.9566,-1.2328,-1.1615,-0.9255,-0.694,-0.4794,-0.3168,-0.2535,-0.2678,-0.3035,-0.3337,-0.2695,-0.2627,-0.2546,-0.2449,-0.2335,-0.2199,-0.2041,-0.186,-0.1656,-0.1426,-0.1158,-0.0829,-0.041,0.0101,0.059,0.0863,0.0967,0.1174,0.1496,0.1633,0.1779,0.2668,0.2664,-0.0482,-0.5285,-1.0499,-1.4535,-1.3027,-0.9862,-0.7389,-0.548,-0.4131,-0.3452,-0.3308,-0.3402,-0.354,-0.264,-0.257,-0.2488,-0.2393,-0.2282,-0.2155,-0.201,-0.1847,-0.1663,-0.1457,-0.1222,-0.0949,-0.0635,-0.0297,0.0013,0.0244,0.0417,0.0607,0.0839,0.117,0.2062,0.4091,0.4713,0.1168,-0.3805,-0.84,-1.1199,-1.0875,-0.9033,-0.7234,-0.5797,-0.4758,-0.4129,-0.3839,-0.3751,-0.375,-0.2597,-0.2526,-0.2445,-0.2353,-0.2249,-0.2131,-0.1998,-0.1851,-0.1687,-0.1506,-0.1305,-0.1083,-0.0843,-0.0599,-0.0374,-0.0182,-0.0015,0.0159,0.0383,0.0771,0.1589,0.2823,0.2926,0.0582,-0.2868,-0.5998,-0.7928,-0.829,-0.7617,-0.6636,-0.5714,-0.498,-0.4468,-0.4157,-0.3991,-0.3911]},{"header":{"la1":42.85,"la2":41.18,"lo1":11.55,"lo2":14.05,"nx":36,"ny":24,"dx":0.07143,"dy":0.07261,"parameterCategory":2,"parameterNumber":3,"parameterNumberName":"northward_wind","parameterUnit":"m.s-1"},"data":[-0.7213,-0.7104,-0.6974,-0.6824,-0.6661,-0.6498,-0.6351,-0.6239,-0.6173,-0.6147,-0.614,-0.6126,-0.6081,-0.5992,-0.5858,-0.5688,-0.5501,-0.5322,-0.5177,-0.5087,-0.5056,-0.5078,-0.514,-0.5224,-0.5322,-0.5425,-0.5529,-0.5633,-0.5736,-0.5838,-0.5937,-0.6034,-0.6128,-0.6219,-0.6305,-0.6386,-0.727,-0.7145,-0.6987,-0.6796,-0.6578,-0.635,-0.6142,-0.5993,-0.5929,-0.5944,-0.5999,-0.6041,-0.6029,-0.5942,-0.578,-0.5556,-0.5298,-0.5047,-0.485,-0.4742,-0.4728,-0.4791,-0.49,-0.5031,-0.5167,-0.5301,-0.543,-0.5555,-0.5675,-0.5792,-0.5906,-0.6016,-0.6122,-0.6223,-0.6318,-0.6408,-0.7347,-0.7205,-0.7016,-0.6772,-0.6473,-0.6137,-0.5815,-0.5585,-0.5519,-0.5618,-0.5796,-0.5945,-0.5994,-0.5916,-0.5715,-0.541,-0.504,-0.467,-0.4387,-0.4259,-0.4291,-0.4432,-0.4622,-0.4818,-0.5004,-0.5175,-0.5332,-0.5479,-0.5619,-0.5753,-0.5882,-0.6005,-0.6124,-0.6237,-0.6342,-0.644,-0.7452,-0.7299,-0.7079,-0.6773,-0.6362,-0.5853,-0.5309,-0.4893,-0.4804,-0.5076,-0.5504,-0.5848,-0.5996,-0.5934,-0.568,-0.526,-0.4714,-0.4138,-0.3703,-0.3559,-0.3702,-0.3994,-0.4313,-0.46,-0.4845,-0.5055,-0.5241,-0.541,-0.5569,-0.572,-0.5866,-0.6005,-0.6138,-0.6263,-0.638,-0.6487,-0.7593,-0.744,-0.7202,-0.6838,-0.6298,-0.5533,-0.4577,-0.3717,-0.352,-0.418,-0.512,-0.5793,-0.6076,-0.6027,-0.5708,-0.5139,-0.4335,-0.34,-0.2673,-0.254,-0.294,-0.3504,-0.4006,-0.4398,-0.4703,-0.495,-0.516,-0.5351,-0.5528,-0.5698,-0.5861,-0.6017,-0.6166,-0.6305,-0.6433,-0.655,-0.7775,-0.7642,-0.7413,-0.7027,-0.6386,-0.5339,-0.3749,-0.1924,-0.1354,-0.2893,-0.4785,-0.5894,-0.6293,-0.6231,-0.5836,-0.5118,-0.4009,-0.2532,-0.1274,-0.1218,-0.2118,-0.3072,-0.377,-0.425,-0.4595,-0.4865,-0.5094,-0.5302,-0.5498,-0.5687,-0.587,-0.6045,-0.6211,-0.6366,-0.6508,-0.6635,-0.8,-0.7912,-0.7734,-0.7397,-0.6773,-0.562,-0.3539,-0.049,0.0784,-0.2114,-0.5011,-0.6337,-0.67,-0.6563,-0.6097,-0.5293,-0.4007,-0.2098,-0.027,-0.0322,-0.171,-0.2917,-0.3689,-0.4182,-0.4529,-0.4803,-0.5041,-0.5263,-0.5478,-0.5689,-0.5895,-0.6093,-0.628,-0.6453,-0.6609,-0.6746,-0.8257,-0.8241,-0.8161,-0.7961,-0.7534,-0.6672,-0.5023,-0.2501,-0.1518,-0.4118,-0.6385,-0.7216,-0.7286,-0.7001,-0.6477,-0.5685,-0.4512,-0.2856,-0.1269,-0.1191,-0.223,-0.3166,-0.378,-0.4188,-0.4494,-0.4754,-0.4996,-0.5232,-0.5469,-0.5706,-0.594,-0.6166,-0.6379,-0.6573,-0.6744,-0.6892,-0.853,-0.8602,-0.8652,-0.8652,-0.8551,-0.8266,-0.7721,-0.7109,-0.7245,-0.8135,-0.851,-0.8314,-0.7932,-0.7482,-0.6913,-0.6164,-0.5217,-0.413,-0.3196,-0.2912,-0.3199,-0.36,-0.3937,-0.4213,-0.446,-0.4701,-0.4948,-0.5204,-0.547,-0.5741,-0.6012,-0.6273,-0.6516,-0.6735,-0.6924,-0.7081,-0.8792,-0.8955,-0.9143,-0.9356,-0.9593,-0.9849,-1.0151,-1.0681,-1.1698,-1.1969,-1.0572,-0.925,-0.8472,-0.7951,-0.7366,-0.6579,-0.5693,-0.4881,-0.4266,-0.3922,-0.3828,-0.3883,-0.401,-0.4179,-0.4384,-0.4621,-0.4885,-0.5173,-0.548,-0.5798,-0.6117,-0.6424,-0.6707,-0.6956,-0.7163,-0.7326,-0.9018,-0.9261,-0.9567,-0.9961,-1.0473,-1.1122,-1.187,-1.2682,-1.4452,-1.5381,-1.1911,-0.9684,-0.881,-0.8474,-0.7907,-0.6876,-0.5781,-0.4989,-0.4511,-0.4183,-0.3965,-0.3873,-0.39,-0.4029,-0.4234,-0.4495,-0.4798,-0.5135,-0.55,-0.5883,-0.6268,-0.6637,-0.6972,-0.7256,-0.7481,-0.7646,-0.9186,-0.9483,-0.987,-1.0385,-1.1084,-1.202,-1.3148,-1.3955,-1.4066,-1.4019,-1.1383,-0.9533,-0.8989,-0.9311,-0.8682,-0.6959,-0.5395,-0.4678,-0.4416,-0.4055,-0.3728,-0.3555,-0.3563,-0.3724,-0.3986,-0.431,-0.4679,-0.5088,-0.5534,-0.6006,-0.6484,-0.6939,-0.7341,-0.7667,-0.7906,-0.8062,-0.9282,-0.9603,-1.002,-1.0578,-1.1343,-1.24,-1.3797,-1.5064,-1.4187,-1.2179,-1.0296,-0.928,-0.8913,-0.9548,-0.8882,-0.6202,-0.4264,-0.4568,-0.456,-0.3713,-0.3128,-0.2863,-0.2936,-0.3236,-0.3633,-0.4065,-0.4524,-0.5027,-0.5583,-0.6182,-0.6793,-0.737,-0.7863,-0.8236,-0.8479,-0.8604,-0.9305,-0.9617,-1.0016,-1.0534,-1.122,-1.2129,-1.3251,-1.4233,-1.3485,-1.118,-0.9583,-0.9358,-0.9216,-0.703,-0.6698,-0.326,-0.0414,-0.2695,-0.3515,-0.2727,-0.1848,-0.1525,-0.1901,-0.2554,-0.3194,-0.3767,-0.4327,-0.494,-0.5643,-0.6425,-0.7237,-0.7995,-0.8613,-0.9036,-0.9256,-0.9308,-0.9262,-0.9541,-0.9884,-1.0304,-1.0817,-1.141,-1.1986,-1.2189,-1.1408,-0.9978,-0.8979,-0.8446,-0.7312,-0.5173,-0.5096,0.2798,1.1251,0.2227,-0.1395,-0.0941,0.093,0.1091,-0.0361,-0.1764,-0.2735,-0.3425,-0.4054,-0.4787,-0.5692,-0.6754,-0.7879,-0.892,-0.9715,-1.0172,-1.0308,-1.0213,-0.9168,-0.9401,-0.967,-0.9976,-1.0303,-1.0609,-1.0782,-1.0628,-1.0011,-0.9201,-0.8803,-0.8156,-0.7875,-0.687,-0.5055,0.1553,0.7487,0.1402,-0.1462,0.0779,0.6269,0.518,0.1176,-0.1195,-0.2364,-0.2997,-0.3594,-0.4462,-0.5678,-0.7181,-0.8819,-1.0317,-1.136,-1.1793,-1.1715,-1.1341,-0.9042,-0.9225,-0.9423,-0.9626,-0.9812,-0.9939,-0.9936,-0.9733,-0.9336,-0.8925,-0.8767,-0.8579,-0.9617,-1.004,-0.686,-0.3853,-0.2175,-0.3678,-0.4586,-0.0708,0.679,0.5412,0.098,-0.1291,-0.2088,-0.2253,-0.2648,-0.3763,-0.5514,-0.7717,-1.0182,-1.2435,-1.3807,-1.4048,-1.3506,-1.2658,-0.8899,-0.9036,-0.9174,-0.9301,-0.9397,-0.9433,-0.9378,-0.9214,-0.8977,-0.8761,-0.8664,-0.8838,-1.006,-1.0244,-0.8159,-0.703,-0.6135,-0.7746,-1.0057,-0.5457,-0.0808,0.0184,-0.1096,-0.1948,-0.1652,-0.0625,-0.0621,-0.2473,-0.5181,-0.8351,-1.2025,-1.546,-1.7201,-1.6891,-1.5522,-1.4001,-0.8752,-0.8851,-0.8943,-0.9018,-0.9061,-0.9057,-0.8993,-0.8872,-0.872,-0.8588,-0.8531,-0.8625,-0.8874,-0.8834,-0.9173,-0.9473,-0.7664,-0.7979,-0.8832,-0.6449,-0.4521,-0.333,-0.309,-0.273,-0.1068,0.2211,0.2841,-0.1072,-0.5037,-0.9006,-1.3925,-1.8785,-2.0785,-1.957,-1.7212,-1.5033,-0.8608,-0.8678,-0.8736,-0.8777,-0.879,-0.8768,-0.8707,-0.8613,-0.8503,-0.8403,-0.8338,-0.8326,-0.8348,-0.8435,-0.8968,-0.9083,-0.7777,-0.7063,-0.635,-0.6014,-0.5606,-0.4989,-0.4578,-0.3815,-0.1822,0.2281,0.3149,-0.241,-0.5923,-0.9488,-1.4622,-2.0022,-2.208,-2.0468,-1.7754,-1.5368,-0.8473,-0.8519,-0.8554,-0.8572,-0.8568,-0.8538,-0.8481,-0.8402,-0.8311,-0.8221,-0.8143,-0.8084,-0.8045,-0.8058,-0.8131,-0.7957,-0.7367,-0.6786,-0.6333,-0.6131,-0.6091,-0.6177,-0.6081,-0.5411,-0.4507,-0.4691,-0.8,-0.8021,-0.7765,-0.968,-1.3545,-1.782,-1.9756,-1.8865,-1.6845,-1.4882,-0.8347,-0.8377,-0.8395,-0.8398,-0.8384,-0.8349,-0.8294,-0.8223,-0.8141,-0.8054,-0.7969,-0.7887,-0.7811,-0.7741,-0.7645,-0.7438,-0.7099,-0.675,-0.6503,-0.6464,-0.6822,-0.7667,-0.7904,-0.7018,-0.6637,-0.8481,-1.1723,-1.0473,-0.8949,-0.9642,-1.1942,-1.4633,-1.6195,-1.613,-1.5103,-1.3841,-0.8233,-0.8249,-0.8256,-0.8249,-0.8227,-0.819,-0.8137,-0.807,-0.7993,-0.7909,-0.782,-0.7727,-0.7631,-0.7524,-0.7389,-0.7206,-0.6984,-0.678,-0.6678,-0.6806,-0.7412,-0.8564,-0.8883,-0.7854,-0.741,-0.835,-0.9637,-0.9506,-0.9008,-0.9417,-1.0713,-1.2285,-1.3392,-1.368,-1.3316,-1.2641,-0.8129,-0.8136,-0.8134,-0.812,-0.8094,-0.8055,-0.8003,-0.794,-0.7866,-0.7784,-0.7695,-0.76,-0.7497,-0.7382,-0.725,-0.7101,-0.6947,-0.6828,-0.6804,-0.6968,-0.7434,-0.8097,-0.8269,-0.7788,-0.753,-0.7869,-0.8391,-0.8598,-0.8684,-0.9082,-0.9871,-1.081,-1.1558,-1.1904,-1.1855,-1.1546]}]