docs/data/wind_grid.json
[{"header":{"la1":42.85,"la2":41.18,"lo1":11.55,"lo2":14.05,"nx":36,"ny":24,"dx":0.07143,"dy":0.07261,"parameterCategory":2,"parameterNumber":2,"parameterNumberName":"eastward_wind","parameterUnit":"m.s-1"},"data":[0.2121,0.2153,0.2212,0.2293,0.239,0.2488,0.2571,0.262,0.2623,0.2573,0.2471,0.2327,0.2149,0.1952,0.1752,0.1572,0.1449,0.1427,0.1547,0.1818,0.2194,0.2586,0.2906,0.3116,0.3233,0.3295,0.3334,0.3366,0.3398,0.3431,0.3463,0.3492,0.3518,0.3541,0.3559,0.3574,0.1963,0.1999,0.2075,0.2188,0.2332,0.2485,0.2622,0.2711,0.2729,0.2667,0.253,0.2332,0.2089,0.1814,0.1522,0.1239,0.1017,0.0936,0.1089,0.1522,0.2158,0.2797,0.3242,0.3447,0.3493,0.348,0.3463,0.3462,0.3474,0.3495,0.3519,0.3543,0.3564,0.3582,0.3596,0.3607,0.1758,0.179,0.1881,0.2037,0.2249,0.249,0.2718,0.2877,0.2922,0.2838,0.2644,0.2371,0.2042,0.1667,0.1251,0.0813,0.0409,0.0176,0.0333,0.1056,0.2231,0.3372,0.3984,0.4054,0.389,0.3721,0.3614,0.3566,0.3556,0.3565,0.3582,0.36,0.3615,0.3627,0.3635,0.3641,0.1488,0.15,0.1598,0.1803,0.2113,0.2496,0.2883,0.3173,0.3265,0.3132,0.2836,0.2452,0.2012,0.1518,0.095,0.029,-0.044,-0.1052,-0.1056,0.0145,0.2515,0.4801,0.5539,0.5052,0.4403,0.3977,0.3759,0.3666,0.3638,0.3639,0.365,0.3662,0.3671,0.3676,0.3677,0.3675,0.1137,0.1094,0.1172,0.1422,0.1867,0.2472,0.3143,0.3698,0.388,0.3612,0.3116,0.2567,0.1996,0.1373,0.0646,-0.0283,-0.1535,-0.3037,-0.3862,-0.2088,0.285,0.7832,0.8238,0.6253,0.4839,0.4152,0.3858,0.3749,0.3719,0.3718,0.3726,0.3731,0.3731,0.3727,0.3719,0.3709,0.0693,0.0537,0.0528,0.0789,0.1401,0.233,0.3464,0.4562,0.4936,0.43,0.3438,0.2682,0.1971,0.1226,0.0368,-0.0776,-0.2628,-0.5795,-0.9409,-0.7653,0.1267,0.9888,0.9718,0.6507,0.4816,0.4134,0.3886,0.3813,0.3802,0.3807,0.3811,0.3807,0.3796,0.378,0.3761,0.3741,0.0171,-0.0184,-0.041,-0.0248,0.055,0.1891,0.3546,0.5332,0.6004,0.4814,0.3636,0.2745,0.1909,0.103,0.0082,-0.1066,-0.3046,-0.7454,-1.5175,-1.4079,-0.2685,0.4489,0.6026,0.4983,0.4235,0.3944,0.3874,0.3882,0.3904,0.3916,0.3912,0.3894,0.3866,0.3833,0.3799,0.3767,-0.0364,-0.0984,-0.1587,-0.174,-0.0753,0.1062,0.2987,0.4643,0.5231,0.4514,0.3637,0.2765,0.1796,0.0681,-0.0467,-0.1406,-0.2541,-0.5283,-0.9642,-0.8188,-0.2026,0.0827,0.2572,0.3331,0.3608,0.3779,0.3914,0.4006,0.4052,0.4057,0.4032,0.3989,0.3937,0.3882,0.3829,0.3783,-0.0805,-0.1638,-0.2481,-0.2906,-0.1968,0.0155,0.2283,0.3757,0.4442,0.441,0.3805,0.2868,0.1692,0.0084,-0.1945,-0.2894,-0.2311,-0.2397,-0.3036,-0.1953,-0.0118,0.0228,0.1526,0.2685,0.3406,0.3849,0.4112,0.4241,0.4273,0.4242,0.4175,0.4091,0.4004,0.392,0.3845,0.3782,-0.1086,-0.2091,-0.3025,-0.3424,-0.3171,-0.0668,0.2043,0.3924,0.53,0.5615,0.4467,0.3135,0.1771,-0.0389,-0.5147,-0.7676,-0.3052,-0.0876,-0.0329,0.0027,0.0267,0.0668,0.1807,0.2914,0.3734,0.427,0.4551,0.4633,0.4586,0.4473,0.4334,0.419,0.4055,0.3936,0.3836,0.3757,-0.1156,-0.2454,-0.4539,-0.814,-0.7189,-0.1458,0.2338,0.4483,0.7056,0.8237,0.5233,0.34,0.2134,0.0506,-0.4085,-0.7564,-0.1932,0.0442,0.1127,0.137,0.154,0.1967,0.2786,0.373,0.4569,0.5122,0.5307,0.5215,0.4993,0.4738,0.4491,0.4267,0.4074,0.3914,0.3789,0.3696,-0.0896,-0.2206,-0.4439,-0.7656,-0.6453,-0.0519,0.3231,0.4706,0.5916,0.6722,0.4826,0.3479,0.2477,0.149,0.0995,0.042,0.1236,0.1754,0.1966,0.2362,0.2751,0.3231,0.3938,0.4892,0.5926,0.6555,0.647,0.5987,0.5457,0.4995,0.4611,0.4292,0.4033,0.3831,0.3683,0.3583,-0.0292,-0.1186,-0.2326,-0.3099,-0.1725,0.1483,0.4014,0.5045,0.494,0.4799,0.4177,0.3549,0.3069,0.1584,0.2101,0.3372,0.3305,0.172,0.1663,0.2975,0.3716,0.4294,0.5006,0.6163,0.7827,0.8773,0.8028,0.6822,0.587,0.5173,0.4641,0.4222,0.3895,0.3655,0.3494,0.3399,0.0466,0.0031,-0.0298,-0.0146,0.0899,0.2551,0.3988,0.4741,0.4687,0.4344,0.4006,0.3541,0.3584,0.5515,0.4539,0.5987,0.5193,0.3303,0.2905,0.3965,0.4784,0.5321,0.5882,0.7077,0.9422,1.0853,0.9216,0.7314,0.6049,0.518,0.4522,0.4003,0.3609,0.334,0.3185,0.3122,0.1185,0.1042,0.106,0.1384,0.208,0.2977,0.3759,0.42,0.4265,0.4149,0.4048,0.405,0.4675,0.5965,0.539,0.6489,0.5278,0.4911,0.4802,0.544,0.6262,0.6527,0.6574,0.7217,0.8799,0.9822,0.8638,0.7056,0.5868,0.4956,0.4197,0.3569,0.3102,0.2821,0.2712,0.2725,0.1781,0.1784,0.1914,0.2216,0.2681,0.3213,0.3674,0.3967,0.4081,0.4071,0.3987,0.4007,0.4286,0.4877,0.5145,0.5445,0.5327,0.5604,0.6087,0.6907,0.8181,0.7921,0.7156,0.7071,0.7485,0.7733,0.7242,0.6358,0.543,0.4518,0.3625,0.2826,0.2258,0.2004,0.2019,0.2188,0.2248,0.2315,0.2469,0.2719,0.3046,0.3397,0.3708,0.3932,0.4058,0.4085,0.4023,0.4058,0.383,0.3803,0.4982,0.5609,0.6045,0.6839,0.7638,0.7928,0.8578,0.8279,0.7456,0.7031,0.6901,0.6792,0.6451,0.5816,0.4962,0.3939,0.2772,0.1632,0.089,0.0758,0.1062,0.1516,0.261,0.2702,0.2851,0.3057,0.3302,0.3559,0.3792,0.3979,0.4108,0.4176,0.4204,0.4201,0.3864,0.3981,0.5663,0.6587,0.7098,0.8541,0.9682,0.9199,0.8709,0.8199,0.7588,0.7065,0.6798,0.6786,0.6541,0.5692,0.4591,0.3304,0.1643,-0.0181,-0.1226,-0.0992,-0.0111,0.0788,0.2894,0.2993,0.313,0.3303,0.35,0.3703,0.3895,0.4063,0.4199,0.4309,0.4409,0.4523,0.4719,0.5495,0.7611,0.8441,0.795,0.9292,1.0581,1.1945,1.0382,0.8861,0.7868,0.7129,0.6855,0.7627,0.7765,0.5799,0.4188,0.2715,0.0509,-0.2374,-0.3838,-0.2868,-0.1175,0.0206,0.312,0.3219,0.3345,0.3495,0.3661,0.3834,0.4003,0.4163,0.4312,0.4458,0.4625,0.4858,0.5272,0.6132,0.7597,0.819,0.8296,1.0168,1.4961,1.7176,1.2173,0.9617,0.8298,0.7197,0.648,0.745,0.7739,0.4521,0.3319,0.2333,0.0159,-0.3233,-0.4922,-0.3543,-0.1507,0.0036,0.3304,0.3401,0.3517,0.3651,0.3799,0.3953,0.411,0.4267,0.4428,0.4601,0.481,0.5095,0.5521,0.616,0.6928,0.7528,0.8287,1.0022,1.2923,1.3881,1.1623,1.0157,0.9197,0.7577,0.5504,0.3103,-0.0602,0.0169,0.2132,0.2396,0.1028,-0.145,-0.2902,-0.2234,-0.0835,0.0374,0.3457,0.355,0.3659,0.3782,0.3917,0.406,0.421,0.4366,0.4534,0.4722,0.4948,0.5236,0.5617,0.6101,0.6652,0.7245,0.8015,0.9144,1.0392,1.0917,1.0849,1.1561,1.1597,0.8904,0.5256,0.0673,-0.4454,-0.1651,0.2518,0.3324,0.2453,0.0927,-0.0169,-0.0229,0.0341,0.1031,0.3585,0.3675,0.3778,0.3894,0.402,0.4155,0.4299,0.4454,0.4624,0.4815,0.5041,0.5314,0.5648,0.6047,0.6503,0.7024,0.7651,0.8394,0.9134,0.9765,1.0756,1.298,1.371,1.0142,0.602,0.242,0.0293,0.2245,0.5247,0.4931,0.3708,0.2527,0.1674,0.1346,0.1443,0.1742,0.3694,0.3781,0.388,0.3989,0.4108,0.4238,0.4377,0.4528,0.4695,0.4883,0.5099,0.5352,0.5647,0.5988,0.6374,0.6812,0.7307,0.7851,0.8422,0.9072,1.0071,1.1486,1.1666,0.9398,0.6508,0.4229,0.3269,0.4221,0.5659,0.5285,0.425,0.3357,0.2711,0.236,0.2272,0.2354]},{"header":{"la1":42.85,"la2":41.18,"lo1":11.55,"lo2":14.05,"nx":36,"ny":24,"dx":0.07143,"dy":0.07261,"parameterCategory":2,"parameterNumber":3,"parameterNumberName":"northward_wind","parameterUnit":"m.s-1"},"data":[0.4118,0.4285,0.4468,0.4665,0.4867,0.5053,0.5195,0.526,0.5224,0.5089,0.488,0.4637,0.4399,0.4191,0.403,0.3922,0.387,0.3871,0.392,0.4001,0.4081,0.411,0.4042,0.386,0.3586,0.3261,0.2921,0.259,0.228,0.1994,0.1734,0.1498,0.1284,0.1091,0.0917,0.0761,0.4212,0.4407,0.4634,0.4893,0.5181,0.5471,0.5716,0.5851,0.582,0.562,0.5303,0.4945,0.4611,0.4337,0.4137,0.4015,0.397,0.4006,0.412,0.4303,0.4509,0.4644,0.4599,0.4347,0.3951,0.3502,0.3059,0.2651,0.2284,0.1959,0.167,0.1413,0.1184,0.098,0.0798,0.0636,0.4284,0.4505,0.4776,0.5112,0.552,0.5981,0.642,0.6704,0.6699,0.6378,0.586,0.531,0.4835,0.4472,0.4225,0.4085,0.4051,0.4125,0.4323,0.4661,0.5108,0.5472,0.5468,0.5046,0.4412,0.3763,0.318,0.268,0.2254,0.1889,0.1574,0.1298,0.1056,0.0843,0.0654,0.0488,0.4324,0.4559,0.4864,0.528,0.5848,0.658,0.7394,0.8023,0.8099,0.752,0.6604,0.5725,0.5049,0.4582,0.4286,0.4129,0.4102,0.4212,0.4487,0.5023,0.5928,0.6845,0.6884,0.6014,0.4927,0.3987,0.324,0.2649,0.217,0.1773,0.1437,0.1148,0.0897,0.0677,0.0484,0.0316,0.4323,0.4547,0.4858,0.533,0.6072,0.72,0.8719,1.0188,1.0532,0.9311,0.7549,0.6134,0.5211,0.4647,0.4315,0.4145,0.4122,0.4258,0.456,0.5197,0.6802,0.9038,0.8989,0.7057,0.5296,0.4055,0.3177,0.2524,0.2014,0.1599,0.1253,0.0957,0.0701,0.0478,0.0284,0.0116,0.4277,0.4455,0.471,0.5166,0.6028,0.7593,1.0228,1.3643,1.4837,1.1897,0.8478,0.6372,0.5251,0.4654,0.4321,0.4143,0.4113,0.4285,0.46,0.4957,0.6705,1.0341,1.0068,0.7213,0.5138,0.3823,0.2931,0.2278,0.1771,0.136,0.1015,0.0721,0.0465,0.0243,0.005,-0.0116,0.42,0.4284,0.4385,0.4693,0.5539,0.7314,1.0788,1.6705,1.951,1.3679,0.8581,0.6178,0.5116,0.4617,0.434,0.4155,0.4071,0.4249,0.4773,0.476,0.5046,0.6882,0.7174,0.5688,0.4288,0.3258,0.2496,0.1909,0.144,0.1052,0.0723,0.0437,0.0187,-0.0031,-0.0221,-0.0382,0.4127,0.4087,0.3905,0.3881,0.4662,0.6261,0.8962,1.3279,1.5154,1.0762,0.7067,0.5467,0.4855,0.4607,0.4455,0.4265,0.4031,0.3953,0.4162,0.3824,0.2772,0.299,0.3777,0.3709,0.3142,0.2499,0.1923,0.1438,0.1031,0.0683,0.0378,0.0106,-0.0136,-0.0349,-0.0533,-0.0687,0.4117,0.4017,0.3533,0.3008,0.4012,0.5239,0.6317,0.7247,0.6997,0.555,0.47,0.4564,0.465,0.4748,0.4807,0.4658,0.4138,0.3607,0.3169,0.2226,0.039,0.0725,0.1994,0.2339,0.2118,0.1704,0.1277,0.0895,0.056,0.026,-0.0016,-0.0272,-0.0506,-0.0714,-0.0892,-0.1038,0.4196,0.4246,0.4069,0.3907,0.4666,0.4917,0.4721,0.3745,0.1573,0.0635,0.2382,0.39,0.4725,0.5134,0.545,0.5568,0.4413,0.3365,0.2633,0.183,0.0814,0.0876,0.1426,0.1518,0.1275,0.0917,0.058,0.0295,0.0042,-0.0204,-0.0452,-0.0697,-0.0929,-0.1135,-0.1308,-0.1443,0.4291,0.4603,0.5188,0.6405,0.6245,0.5103,0.4322,0.2675,-0.2623,-0.5382,0.0763,0.3861,0.5308,0.5973,0.5815,0.5664,0.4213,0.2861,0.2092,0.1691,0.1365,0.1215,0.1131,0.0872,0.0457,0.006,-0.0199,-0.0358,-0.0508,-0.0697,-0.0925,-0.1173,-0.1413,-0.1626,-0.1795,-0.1916,0.428,0.4692,0.5396,0.6374,0.617,0.5144,0.4928,0.4772,0.1072,-0.1779,0.1955,0.4601,0.6392,0.8171,0.7096,0.5073,0.3371,0.1566,0.0904,0.1149,0.1197,0.1045,0.0728,0.018,-0.0525,-0.103,-0.1123,-0.1052,-0.1061,-0.1199,-0.1433,-0.1709,-0.198,-0.2209,-0.2376,-0.2475,0.4122,0.4459,0.4888,0.5246,0.5156,0.4979,0.5587,0.6908,0.5461,0.3117,0.3751,0.5819,0.6996,0.9054,0.7763,0.4596,0.2671,-0.071,-0.0968,0.0574,0.0917,0.0787,0.0331,-0.0548,-0.1808,-0.2541,-0.219,-0.1707,-0.1558,-0.1689,-0.1981,-0.2334,-0.2668,-0.2928,-0.3088,-0.3148,0.3866,0.409,0.4313,0.4458,0.4488,0.4625,0.5198,0.6025,0.5268,0.3589,0.3828,0.7091,0.8248,0.6564,0.498,0.3836,0.2775,0.0608,-0.004,0.0613,0.0855,0.0712,0.0146,-0.1004,-0.2884,-0.3917,-0.2946,-0.2107,-0.1925,-0.216,-0.2604,-0.3108,-0.3551,-0.3852,-0.3986,-0.3973,0.3574,0.3709,0.3824,0.3895,0.3937,0.4029,0.4212,0.4227,0.3474,0.2212,0.162,0.2604,0.353,0.2218,0.3439,0.3537,0.1018,0.1169,0.074,0.0844,0.1243,0.1104,0.0323,-0.0824,-0.2355,-0.3211,-0.2596,-0.2065,-0.2138,-0.2643,-0.3376,-0.4143,-0.4758,-0.5098,-0.5152,-0.4993,0.3277,0.3351,0.34,0.3416,0.3401,0.3359,0.324,0.2864,0.1963,0.0274,-0.242,-0.1615,-0.0094,0.142,0.1826,0.162,0.0773,0.0554,0.0246,0.0924,0.2815,0.2318,0.07,-0.0377,-0.1172,-0.1595,-0.1576,-0.1675,-0.2232,-0.3202,-0.4423,-0.5636,-0.6513,-0.6846,-0.6689,-0.6245,0.2992,0.3018,0.3019,0.2984,0.2905,0.276,0.2494,0.1999,0.1125,-0.0339,-0.2259,-0.1659,-0.2236,-0.2701,-0.0472,-0.0099,-0.0302,-0.1016,-0.1495,-0.0092,0.2936,0.2304,0.053,-0.0206,-0.0324,-0.0176,-0.0251,-0.0944,-0.2205,-0.389,-0.5905,-0.79,-0.9179,-0.9337,-0.8676,-0.7716,0.2723,0.2714,0.2676,0.2601,0.2475,0.2276,0.1967,0.1495,0.0816,-0.0045,-0.0818,-0.1327,-0.2839,-0.3403,-0.3033,-0.3334,-0.255,-0.3285,-0.4594,-0.265,-0.0672,-0.0139,-0.0452,-0.035,0.0578,0.2035,0.2239,0.0424,-0.2028,-0.4712,-0.7915,-1.1276,-1.3158,-1.2693,-1.1013,-0.9255,0.2474,0.2437,0.2372,0.2268,0.2116,0.1898,0.1595,0.1186,0.0671,0.0088,-0.0497,-0.1142,-0.2047,-0.3387,-0.7458,-0.9293,-0.4741,-0.4067,-0.4772,-0.4767,-0.3324,-0.2243,-0.1702,-0.0777,0.1587,0.5945,0.6878,0.2093,-0.2036,-0.5603,-1.0045,-1.5322,-1.793,-1.6186,-1.3094,-1.0493,0.2245,0.2188,0.2103,0.1982,0.1818,0.16,0.1317,0.0964,0.0545,0.0072,-0.0453,-0.1086,-0.1992,-0.3659,-0.6961,-0.8031,-0.5132,-0.4559,-0.655,-0.7598,-0.5064,-0.3926,-0.3272,-0.1954,0.0915,0.6326,0.7549,0.0906,-0.3117,-0.6455,-1.0966,-1.6954,-1.9857,-1.7456,-1.3827,-1.0967,0.2036,0.1964,0.1867,0.1737,0.157,0.1358,0.1097,0.0784,0.042,0.0005,-0.0476,-0.1066,-0.1863,-0.3009,-0.4348,-0.4809,-0.4338,-0.4495,-0.5683,-0.6218,-0.5708,-0.6026,-0.594,-0.4334,-0.213,-0.1099,-0.356,-0.4186,-0.5369,-0.7433,-1.0296,-1.4263,-1.6536,-1.5328,-1.2814,-1.0541,0.1846,0.1765,0.1659,0.1526,0.136,0.1157,0.0915,0.0632,0.0305,-0.0069,-0.0501,-0.1016,-0.1643,-0.2377,-0.3073,-0.3487,-0.3694,-0.4096,-0.4797,-0.5581,-0.7064,-1.0055,-1.0911,-0.7661,-0.4936,-0.4894,-0.6761,-0.6626,-0.8266,-0.9257,-0.9843,-1.1279,-1.2462,-1.2228,-1.101,-0.9577,0.1675,0.1586,0.1477,0.1342,0.1179,0.0986,0.0761,0.05,0.0203,-0.0134,-0.0517,-0.0956,-0.145,-0.1978,-0.2477,-0.2896,-0.329,-0.3799,-0.455,-0.5801,-0.8443,-1.317,-1.455,-0.9897,-0.6535,-0.5867,-0.6665,-0.8912,-1.275,-1.1996,-1.0293,-0.9924,-1.0111,-0.9987,-0.9386,-0.8532,0.152,0.1427,0.1315,0.1181,0.1024,0.084,0.0628,0.0388,0.0116,-0.0188,-0.0528,-0.0905,-0.1314,-0.1741,-0.2165,-0.2583,-0.3033,-0.3599,-0.4408,-0.5716,-0.795,-1.0852,-1.156,-0.9112,-0.6963,-0.6463,-0.7439,-1.0208,-1.3339,-1.2438,-1.0358,-0.9289,-0.8896,-0.8617,-0.8197,-0.7633]}]