docs/data/wind_grid.json
[{"header":{"la1":42.85,"la2":41.18,"lo1":11.55,"lo2":14.05,"nx":36,"ny":24,"dx":0.07143,"dy":0.07261,"parameterCategory":2,"parameterNumber":2,"parameterNumberName":"eastward_wind","parameterUnit":"m.s-1"},"data":[-0.762,-0.7657,-0.7679,-0.7685,-0.7674,-0.7646,-0.7594,-0.7511,-0.7394,-0.7245,-0.7082,-0.6925,-0.6794,-0.6701,-0.6648,-0.6625,-0.6615,-0.6595,-0.6544,-0.6451,-0.633,-0.6215,-0.6143,-0.6129,-0.6155,-0.6197,-0.6234,-0.6257,-0.6265,-0.6259,-0.6244,-0.6223,-0.6199,-0.6173,-0.6148,-0.6123,-0.7795,-0.785,-0.7886,-0.7905,-0.7907,-0.7893,-0.7856,-0.7776,-0.7635,-0.7435,-0.7204,-0.6983,-0.6805,-0.6689,-0.6638,-0.6637,-0.6658,-0.666,-0.6599,-0.6448,-0.6226,-0.6017,-0.5911,-0.593,-0.6022,-0.6124,-0.6202,-0.6247,-0.6264,-0.626,-0.6244,-0.6219,-0.6191,-0.6162,-0.6133,-0.6106,-0.8003,-0.8084,-0.814,-0.8173,-0.8192,-0.8208,-0.8213,-0.8163,-0.8004,-0.7723,-0.7376,-0.7046,-0.6794,-0.6647,-0.6604,-0.6644,-0.6728,-0.6785,-0.6725,-0.6467,-0.6028,-0.5601,-0.5442,-0.5578,-0.5825,-0.604,-0.6178,-0.6248,-0.6271,-0.6266,-0.6244,-0.6214,-0.6181,-0.6147,-0.6115,-0.6085,-0.8254,-0.8374,-0.8456,-0.8502,-0.8535,-0.8599,-0.8704,-0.8765,-0.8615,-0.8187,-0.762,-0.7105,-0.6741,-0.6549,-0.6522,-0.6634,-0.6834,-0.7018,-0.7011,-0.6593,-0.5674,-0.4696,-0.449,-0.5001,-0.5586,-0.5977,-0.6183,-0.627,-0.629,-0.6276,-0.6244,-0.6206,-0.6166,-0.6128,-0.6092,-0.606,-0.8558,-0.8744,-0.887,-0.8919,-0.8937,-0.9048,-0.9361,-0.975,-0.9711,-0.8962,-0.7949,-0.7126,-0.6605,-0.6358,-0.6354,-0.6571,-0.6967,-0.742,-0.7637,-0.71,-0.5269,-0.2885,-0.2813,-0.4321,-0.5449,-0.6014,-0.625,-0.6324,-0.6322,-0.6288,-0.6241,-0.6192,-0.6145,-0.6102,-0.6063,-0.6028,-0.8924,-0.9231,-0.9451,-0.9496,-0.941,-0.9477,-1.0097,-1.1308,-1.1709,-1.0143,-0.826,-0.7017,-0.6327,-0.602,-0.6033,-0.6374,-0.7048,-0.7975,-0.8767,-0.844,-0.5891,-0.1684,-0.1899,-0.4369,-0.5717,-0.6241,-0.6398,-0.6406,-0.6359,-0.6295,-0.623,-0.6169,-0.6115,-0.6066,-0.6025,-0.5988,-0.9333,-0.9863,-1.0325,-1.0419,-1.0041,-0.9754,-1.0428,-1.268,-1.3929,-1.0955,-0.8133,-0.6626,-0.5846,-0.5473,-0.5456,-0.5889,-0.6858,-0.8309,-0.9724,-0.9712,-0.8493,-0.5903,-0.5118,-0.6011,-0.6532,-0.665,-0.6596,-0.649,-0.6381,-0.6284,-0.6201,-0.6131,-0.6071,-0.602,-0.5976,-0.5939,-0.9704,-1.0562,-1.158,-1.2011,-1.1015,-0.9851,-0.9766,-1.1103,-1.1773,-0.9349,-0.7112,-0.5888,-0.5162,-0.467,-0.4457,-0.4867,-0.6117,-0.7894,-0.9439,-1.0542,-1.2869,-1.2331,-0.969,-0.8206,-0.7496,-0.706,-0.6751,-0.6526,-0.6362,-0.624,-0.6147,-0.6072,-0.6011,-0.5959,-0.5915,-0.5879,-0.9872,-1.0959,-1.2631,-1.3881,-1.1916,-0.9757,-0.8662,-0.8208,-0.7555,-0.6425,-0.5576,-0.4986,-0.4391,-0.3631,-0.2714,-0.2781,-0.4713,-0.7119,-0.9409,-1.2952,-1.954,-1.8163,-1.2563,-0.9531,-0.8041,-0.723,-0.675,-0.6456,-0.6271,-0.6149,-0.606,-0.599,-0.5932,-0.5882,-0.584,-0.5805,-0.9722,-1.0642,-1.1844,-1.2517,-1.108,-0.9321,-0.7797,-0.632,-0.4456,-0.3536,-0.4076,-0.42,-0.3744,-0.2685,0.0036,0.1467,-0.3074,-0.6683,-0.9268,-1.2479,-1.6971,-1.6271,-1.2188,-0.9444,-0.7892,-0.7004,-0.6505,-0.6236,-0.6091,-0.6004,-0.594,-0.5885,-0.5834,-0.5787,-0.5747,-0.5716,-0.9351,-0.9974,-1.0539,-1.0792,-1.0501,-0.896,-0.7432,-0.5726,-0.1868,0.0023,-0.3037,-0.3737,-0.3318,-0.2478,-0.0195,0.1576,-0.3742,-0.7733,-0.9841,-1.0957,-1.1984,-1.1702,-1.0045,-0.8355,-0.7111,-0.6344,-0.5975,-0.5851,-0.5825,-0.5816,-0.5795,-0.576,-0.5716,-0.5672,-0.5635,-0.5607,-0.8903,-0.9356,-0.9871,-1.0449,-1.011,-0.8568,-0.7689,-0.7309,-0.4468,-0.2161,-0.3504,-0.3647,-0.2947,-0.1922,-0.2266,-0.3519,-0.681,-1.1866,-1.3404,-1.1406,-1.0083,-0.9202,-0.8152,-0.6966,-0.5874,-0.5221,-0.5138,-0.5324,-0.5508,-0.5612,-0.5641,-0.5621,-0.5579,-0.5532,-0.5495,-0.5473,-0.843,-0.8725,-0.9022,-0.9174,-0.8778,-0.8056,-0.8049,-0.8951,-0.7706,-0.5226,-0.4265,-0.3773,-0.3075,-0.1526,-0.231,-0.4869,-0.8678,-2.009,-2.0623,-1.2502,-0.9191,-0.7712,-0.6726,-0.5643,-0.4312,-0.3577,-0.4044,-0.4765,-0.5226,-0.5441,-0.55,-0.5474,-0.5414,-0.5355,-0.5316,-0.5303,-0.7967,-0.8113,-0.8202,-0.8143,-0.7872,-0.7598,-0.7731,-0.8243,-0.7502,-0.5568,-0.4419,-0.3894,-0.3629,-0.2313,-0.3788,-0.4873,-0.7572,-1.4197,-1.5543,-1.0523,-0.7461,-0.6091,-0.5485,-0.4695,-0.3099,-0.2097,-0.3237,-0.4467,-0.5113,-0.536,-0.5386,-0.5307,-0.5199,-0.5115,-0.5076,-0.5081,-0.7554,-0.7597,-0.758,-0.7469,-0.7277,-0.7097,-0.7024,-0.6888,-0.6178,-0.5037,-0.4245,-0.3918,-0.334,-0.2156,-0.4446,-0.5291,-1.3651,-1.0244,-0.9105,-0.6708,-0.4213,-0.3611,-0.4172,-0.4309,-0.3508,-0.2849,-0.3719,-0.475,-0.5273,-0.5397,-0.5288,-0.508,-0.4882,-0.4763,-0.4739,-0.4788,-0.7206,-0.719,-0.7124,-0.6999,-0.6824,-0.6626,-0.6397,-0.6032,-0.5385,-0.4475,-0.3511,-0.3913,-0.4006,-0.4025,-0.522,-0.8095,-1.1915,-0.8476,-0.5905,-0.3188,0.0773,-0.0085,-0.2852,-0.4188,-0.4534,-0.463,-0.5076,-0.5547,-0.5697,-0.5527,-0.5148,-0.4703,-0.4357,-0.4211,-0.4253,-0.4402,-0.6922,-0.6872,-0.6783,-0.6651,-0.6478,-0.6263,-0.599,-0.5614,-0.509,-0.4409,-0.3696,-0.4079,-0.5023,-0.5493,-0.5565,-0.6426,-0.6606,-0.4542,-0.2278,-0.1281,0.1655,0.0552,-0.2554,-0.4411,-0.5517,-0.6259,-0.6677,-0.6676,-0.6318,-0.5691,-0.4862,-0.4005,-0.3436,-0.3334,-0.3567,-0.3917,-0.6693,-0.6626,-0.6527,-0.6394,-0.6225,-0.6018,-0.5763,-0.5451,-0.5084,-0.4713,-0.4501,-0.4718,-0.5416,-0.5707,-0.5864,-0.5916,-0.4529,-0.0305,0.3696,0.0191,-0.0864,-0.1687,-0.3376,-0.5124,-0.682,-0.8343,-0.8839,-0.8146,-0.7073,-0.5834,-0.4329,-0.2762,-0.1878,-0.2034,-0.2702,-0.3386,-0.651,-0.6435,-0.6334,-0.6205,-0.6049,-0.5864,-0.565,-0.5412,-0.517,-0.497,-0.4895,-0.502,-0.5321,-0.5755,-0.6953,-0.7421,-0.4493,-0.0355,0.2291,0.0524,-0.1202,-0.2702,-0.422,-0.5983,-0.8274,-1.1035,-1.1643,-0.9664,-0.7789,-0.5963,-0.3678,-0.1075,0.0179,-0.0581,-0.19,-0.2958,-0.6365,-0.6287,-0.6189,-0.607,-0.5931,-0.5772,-0.5599,-0.5421,-0.5256,-0.5136,-0.5099,-0.5172,-0.5369,-0.5783,-0.6683,-0.6814,-0.4546,-0.176,0.083,0.1616,-0.1121,-0.3258,-0.4865,-0.6543,-0.8815,-1.1649,-1.2252,-1.0138,-0.8197,-0.618,-0.357,-0.0391,0.1062,-0.0052,-0.1655,-0.2842,-0.625,-0.6173,-0.6081,-0.5973,-0.5852,-0.5718,-0.5579,-0.5443,-0.5323,-0.5239,-0.5207,-0.5239,-0.5342,-0.552,-0.5691,-0.5389,-0.4224,-0.2535,-0.0746,-0.0389,-0.23,-0.4242,-0.5534,-0.6742,-0.8448,-1.0228,-1.1111,-1.0263,-0.8294,-0.6438,-0.4363,-0.1922,-0.0613,-0.1116,-0.2196,-0.3114,-0.6159,-0.6086,-0.6001,-0.5905,-0.5799,-0.5687,-0.5573,-0.5465,-0.5371,-0.5301,-0.5263,-0.5258,-0.5277,-0.529,-0.5211,-0.4884,-0.4224,-0.3371,-0.2695,-0.2845,-0.4113,-0.571,-0.6369,-0.6787,-0.8036,-0.9883,-1.174,-1.0338,-0.7578,-0.6291,-0.5202,-0.3808,-0.2826,-0.2717,-0.3122,-0.3624,-0.6087,-0.6018,-0.5941,-0.5855,-0.5764,-0.5668,-0.5574,-0.5484,-0.5405,-0.5341,-0.5294,-0.5261,-0.5229,-0.5172,-0.5042,-0.4791,-0.4421,-0.4036,-0.3862,-0.4198,-0.5218,-0.6547,-0.6848,-0.6765,-0.7535,-0.8716,-0.937,-0.7831,-0.5626,-0.5631,-0.5519,-0.4859,-0.4214,-0.3926,-0.3963,-0.416,-0.603,-0.5966,-0.5896,-0.582,-0.574,-0.5658,-0.5577,-0.55,-0.543,-0.5369,-0.5317,-0.5269,-0.5215,-0.5138,-0.502,-0.4851,-0.4652,-0.4498,-0.4512,-0.4827,-0.5488,-0.6238,-0.6535,-0.6637,-0.7072,-0.7593,-0.759,-0.6515,-0.5344,-0.5478,-0.5602,-0.5312,-0.4922,-0.4658,-0.4568,-0.4605]},{"header":{"la1":42.85,"la2":41.18,"lo1":11.55,"lo2":14.05,"nx":36,"ny":24,"dx":0.07143,"dy":0.07261,"parameterCategory":2,"parameterNumber":3,"parameterNumberName":"northward_wind","parameterUnit":"m.s-1"},"data":[-0.7385,-0.7354,-0.7299,-0.7219,-0.7116,-0.6992,-0.6856,-0.6714,-0.6568,-0.6416,-0.6246,-0.6045,-0.5805,-0.5522,-0.5197,-0.4839,-0.4459,-0.4074,-0.3703,-0.3368,-0.309,-0.2893,-0.2795,-0.2794,-0.2868,-0.2991,-0.3139,-0.3295,-0.3452,-0.3604,-0.3749,-0.3887,-0.4017,-0.414,-0.4255,-0.4362,-0.7535,-0.751,-0.7454,-0.7365,-0.7241,-0.709,-0.6926,-0.6764,-0.6616,-0.6476,-0.6321,-0.6129,-0.588,-0.557,-0.5199,-0.4777,-0.432,-0.3851,-0.3394,-0.2974,-0.262,-0.2375,-0.2279,-0.2328,-0.2478,-0.2677,-0.289,-0.31,-0.3298,-0.3484,-0.3656,-0.3816,-0.3965,-0.4102,-0.423,-0.4348,-0.7704,-0.769,-0.7636,-0.7533,-0.7378,-0.7177,-0.6957,-0.6755,-0.6603,-0.6497,-0.639,-0.6229,-0.5985,-0.565,-0.5228,-0.4728,-0.4173,-0.3597,-0.3034,-0.2505,-0.2032,-0.1697,-0.1608,-0.1756,-0.2033,-0.2343,-0.264,-0.2911,-0.3155,-0.3375,-0.3575,-0.3757,-0.3924,-0.4077,-0.4218,-0.4347,-0.7895,-0.7902,-0.7857,-0.774,-0.7537,-0.7248,-0.691,-0.6608,-0.6445,-0.6427,-0.6435,-0.6351,-0.6132,-0.5779,-0.5301,-0.4709,-0.4026,-0.331,-0.2627,-0.1984,-0.1329,-0.0801,-0.0731,-0.1084,-0.1564,-0.2017,-0.2408,-0.2742,-0.3032,-0.3285,-0.3511,-0.3715,-0.3899,-0.4068,-0.4221,-0.4361,-0.8111,-0.8157,-0.8139,-0.8016,-0.7751,-0.7319,-0.6738,-0.6167,-0.5945,-0.6163,-0.6444,-0.6511,-0.6341,-0.5979,-0.5449,-0.4751,-0.3898,-0.2978,-0.217,-0.1494,-0.0631,0.0282,0.0279,-0.0432,-0.1158,-0.1748,-0.2222,-0.2611,-0.2938,-0.3221,-0.347,-0.3693,-0.3894,-0.4077,-0.4243,-0.4392,-0.8347,-0.8463,-0.8512,-0.8413,-0.8086,-0.7469,-0.6467,-0.5204,-0.4731,-0.5602,-0.6468,-0.676,-0.6643,-0.6279,-0.5716,-0.4919,-0.3854,-0.261,-0.1617,-0.1142,-0.0294,0.0813,0.0739,-0.0119,-0.0931,-0.1584,-0.2105,-0.2529,-0.2883,-0.3187,-0.3455,-0.3695,-0.3913,-0.411,-0.4287,-0.4446,-0.8582,-0.8815,-0.9014,-0.9004,-0.8628,-0.7869,-0.6504,-0.4226,-0.3157,-0.5226,-0.6776,-0.7188,-0.7063,-0.6705,-0.6162,-0.5328,-0.4074,-0.2449,-0.1166,-0.0987,-0.0025,0.0589,0.046,-0.014,-0.0874,-0.1528,-0.2064,-0.2501,-0.2869,-0.3187,-0.347,-0.3726,-0.3958,-0.4169,-0.4358,-0.4526,-0.8765,-0.9151,-0.9653,-0.9879,-0.9359,-0.8565,-0.7504,-0.5763,-0.497,-0.6638,-0.7747,-0.7856,-0.7591,-0.7266,-0.6874,-0.6135,-0.478,-0.2963,-0.1405,-0.0232,0.2212,0.2514,0.1147,0.0008,-0.0867,-0.1552,-0.209,-0.2526,-0.2895,-0.322,-0.3516,-0.3787,-0.4035,-0.4261,-0.4462,-0.4637,-0.8809,-0.9267,-1.0134,-1.0869,-0.985,-0.9168,-0.8997,-0.8835,-0.9022,-0.9478,-0.929,-0.8672,-0.8139,-0.7918,-0.8016,-0.7639,-0.5993,-0.3877,-0.1708,0.1517,0.6936,0.6007,0.2193,0.0161,-0.0942,-0.1656,-0.2177,-0.2595,-0.2955,-0.3285,-0.3593,-0.3882,-0.415,-0.4392,-0.4605,-0.4789,-0.867,-0.8907,-0.9342,-0.9641,-0.886,-0.9299,-1.0294,-1.1372,-1.2757,-1.3035,-1.1131,-0.9412,-0.8544,-0.846,-0.9729,-1.0506,-0.7324,-0.4641,-0.2376,0.0738,0.4787,0.4433,0.1596,-0.0199,-0.1212,-0.1854,-0.2316,-0.2695,-0.3041,-0.3376,-0.3703,-0.4018,-0.4311,-0.4574,-0.4801,-0.499,-0.846,-0.8331,-0.7679,-0.5866,-0.6315,-0.9233,-1.1538,-1.328,-1.616,-1.7694,-1.2611,-0.9744,-0.8712,-0.8572,-0.9574,-1.0568,-0.7052,-0.4714,-0.313,-0.1364,0.0394,0.0781,-0.0031,-0.0942,-0.163,-0.2117,-0.2481,-0.2804,-0.3136,-0.3487,-0.3849,-0.4203,-0.4533,-0.4823,-0.5065,-0.5255,-0.8352,-0.8118,-0.7366,-0.5977,-0.6643,-1.0088,-1.3183,-1.498,-1.5422,-1.5521,-1.1856,-0.9474,-0.8777,-0.9103,-0.8367,-0.6868,-0.5197,-0.4187,-0.3565,-0.2513,-0.1494,-0.1015,-0.1132,-0.1563,-0.2039,-0.2393,-0.2638,-0.2898,-0.3229,-0.3619,-0.404,-0.4457,-0.4841,-0.5166,-0.5421,-0.5606,-0.8387,-0.8302,-0.8077,-0.7978,-0.8976,-1.1411,-1.4425,-1.685,-1.5504,-1.2834,-1.0433,-0.8994,-0.8647,-0.9448,-0.8191,-0.4481,-0.314,-0.4203,-0.421,-0.2731,-0.1802,-0.1371,-0.1429,-0.1846,-0.2387,-0.2691,-0.2769,-0.2954,-0.331,-0.3779,-0.4301,-0.4817,-0.5279,-0.5647,-0.5909,-0.6069,-0.8474,-0.8561,-0.8703,-0.9096,-1.0052,-1.1688,-1.3753,-1.5499,-1.4519,-1.1601,-0.9629,-0.8775,-0.8646,-0.8601,-0.5076,-0.0287,0.0167,-0.199,-0.2879,-0.1923,-0.0985,-0.0642,-0.1014,-0.1774,-0.263,-0.2976,-0.2837,-0.2961,-0.3386,-0.399,-0.4675,-0.5347,-0.592,-0.6336,-0.6582,-0.6684,-0.8527,-0.8707,-0.8976,-0.9426,-1.0147,-1.1125,-1.2148,-1.2653,-1.1857,-1.0315,-0.9274,-0.8653,-0.813,-0.8005,-0.3695,0.1302,0.9544,0.1948,-0.0809,-0.0285,0.1526,0.1637,0.0169,-0.1249,-0.2308,-0.2745,-0.2696,-0.2894,-0.3464,-0.4288,-0.5236,-0.6155,-0.6891,-0.7346,-0.7522,-0.7492,-0.8512,-0.8713,-0.8983,-0.9351,-0.9825,-1.0345,-1.0745,-1.0759,-1.0248,-0.9633,-0.9705,-0.8944,-0.8447,-0.7274,-0.422,0.1301,0.6592,0.1469,-0.0747,0.1489,0.75,0.6129,0.1757,-0.0487,-0.1523,-0.1967,-0.2187,-0.2636,-0.35,-0.4704,-0.6095,-0.7432,-0.8411,-0.8853,-0.8827,-0.8533,-0.8435,-0.8618,-0.884,-0.9105,-0.9392,-0.965,-0.9784,-0.9705,-0.9445,-0.9279,-0.9529,-0.9102,-0.9618,-0.968,-0.5906,-0.2874,-0.1411,-0.2702,-0.3547,0.0245,0.8292,0.6613,0.1903,-0.0129,-0.0738,-0.0806,-0.1053,-0.1936,-0.3393,-0.5255,-0.7403,-0.9483,-1.0832,-1.1093,-1.0581,-0.9799,-0.8313,-0.8463,-0.863,-0.8807,-0.8973,-0.9094,-0.9127,-0.9051,-0.8911,-0.8813,-0.8785,-0.8802,-0.9765,-0.9744,-0.6999,-0.5578,-0.482,-0.6777,-0.974,-0.44,0.0379,0.143,0.0347,-0.0241,0.0231,0.1409,0.146,-0.0487,-0.3099,-0.5939,-0.9254,-1.2658,-1.4564,-1.4197,-1.2696,-1.1152,-0.8165,-0.828,-0.8398,-0.851,-0.8601,-0.865,-0.8641,-0.8571,-0.8464,-0.8359,-0.827,-0.8226,-0.8249,-0.7841,-0.7502,-0.7596,-0.6157,-0.6937,-0.8152,-0.5283,-0.2988,-0.1497,-0.0979,-0.0433,0.138,0.5281,0.6102,0.1274,-0.2984,-0.6702,-1.1257,-1.6548,-1.913,-1.7486,-1.4605,-1.2248,-0.8006,-0.809,-0.8168,-0.8234,-0.8277,-0.8286,-0.8253,-0.8179,-0.8076,-0.7955,-0.7823,-0.7676,-0.748,-0.7225,-0.7299,-0.7276,-0.6202,-0.5721,-0.5167,-0.4861,-0.3749,-0.2365,-0.1522,-0.0775,0.1084,0.5692,0.6769,0.0138,-0.396,-0.7429,-1.2082,-1.8121,-2.0996,-1.8684,-1.5262,-1.2644,-0.7845,-0.7902,-0.795,-0.7983,-0.7995,-0.7978,-0.7929,-0.7848,-0.7739,-0.7605,-0.7447,-0.726,-0.7039,-0.6813,-0.6644,-0.6351,-0.5772,-0.5219,-0.4801,-0.4413,-0.3289,-0.1871,-0.1151,-0.113,-0.1045,-0.1368,-0.438,-0.499,-0.6106,-0.825,-1.1286,-1.5398,-1.7725,-1.6604,-1.4261,-1.2203,-0.7688,-0.7723,-0.7748,-0.7758,-0.7747,-0.7713,-0.7652,-0.7563,-0.7448,-0.7307,-0.7139,-0.6941,-0.6717,-0.6473,-0.6208,-0.5865,-0.5409,-0.49,-0.4358,-0.3579,-0.2053,0.0149,0.0817,-0.0712,-0.2467,-0.4894,-0.7799,-0.7438,-0.8792,-0.982,-1.0636,-1.2312,-1.3656,-1.3555,-1.2499,-1.1259,-0.7538,-0.7556,-0.7563,-0.7555,-0.7529,-0.7483,-0.7413,-0.7318,-0.7199,-0.7055,-0.6885,-0.6687,-0.6463,-0.6211,-0.5923,-0.5577,-0.5156,-0.4649,-0.3999,-0.298,-0.1088,0.1848,0.2656,-0.0092,-0.2793,-0.5096,-0.6986,-0.9283,-1.2882,-1.2239,-1.088,-1.0836,-1.1265,-1.1332,-1.0912,-1.0246,-0.7397,-0.7401,-0.7395,-0.7374,-0.7337,-0.7281,-0.7205,-0.7107,-0.6987,-0.6843,-0.6675,-0.6482,-0.6262,-0.6013,-0.5727,-0.5393,-0.4993,-0.4502,-0.3852,-0.289,-0.1396,0.0409,0.0804,-0.0939,-0.3127,-0.5146,-0.7254,-1.0349,-1.3417,-1.2625,-1.088,-1.0149,-1.0033,-0.9979,-0.9758,-0.9385]}]