docs/data/wind_grid.json
[{"header":{"la1":42.85,"la2":41.18,"lo1":11.55,"lo2":14.05,"nx":36,"ny":24,"dx":0.07143,"dy":0.07261,"parameterCategory":2,"parameterNumber":2,"parameterNumberName":"eastward_wind","parameterUnit":"m.s-1"},"data":[-0.9793,-0.9796,-0.9831,-0.9894,-0.9977,-1.0061,-1.0121,-1.0133,-1.0081,-0.9963,-0.9793,-0.9595,-0.9392,-0.9201,-0.9028,-0.8867,-0.8704,-0.8512,-0.8274,-0.7987,-0.769,-0.7455,-0.7354,-0.7408,-0.7584,-0.7824,-0.8079,-0.832,-0.8534,-0.8721,-0.8882,-0.9021,-0.9141,-0.9246,-0.9339,-0.9422,-0.9666,-0.9668,-0.972,-0.9825,-0.9972,-1.0134,-1.0269,-1.0332,-1.029,-1.0137,-0.9902,-0.9631,-0.9364,-0.9129,-0.8936,-0.8774,-0.8615,-0.841,-0.8106,-0.7675,-0.7175,-0.6761,-0.6604,-0.6743,-0.7073,-0.7466,-0.7839,-0.8162,-0.843,-0.8651,-0.8834,-0.8987,-0.9117,-0.9228,-0.9326,-0.9412,-0.9479,-0.9464,-0.9529,-0.969,-0.9937,-1.023,-1.0503,-1.0667,-1.0648,-1.0431,-1.0079,-0.9684,-0.9319,-0.9024,-0.8814,-0.8674,-0.8559,-0.8383,-0.802,-0.7359,-0.6447,-0.564,-0.5399,-0.5772,-0.6424,-0.7072,-0.7609,-0.8027,-0.835,-0.8602,-0.8802,-0.8966,-0.9102,-0.9218,-0.9318,-0.9406,-0.9205,-0.9139,-0.9197,-0.9423,-0.9821,-1.034,-1.0871,-1.1247,-1.1285,-1.0934,-1.0355,-0.9748,-0.9232,-0.8854,-0.863,-0.8547,-0.8553,-0.8515,-0.8179,-0.7197,-0.543,-0.3666,-0.3351,-0.4399,-0.5691,-0.6715,-0.7439,-0.7946,-0.8311,-0.8582,-0.8792,-0.896,-0.9099,-0.9216,-0.9317,-0.9406,-0.8816,-0.8625,-0.8613,-0.8898,-0.9521,-1.0411,-1.1425,-1.2278,-1.2465,-1.1792,-1.0748,-0.979,-0.9056,-0.8564,-0.8323,-0.8342,-0.8589,-0.892,-0.8916,-0.7699,-0.4366,-0.0285,-0.0192,-0.2893,-0.5146,-0.6547,-0.7402,-0.7951,-0.8325,-0.8596,-0.8803,-0.8968,-0.9105,-0.9221,-0.9321,-0.9409,-0.8295,-0.783,-0.7581,-0.7861,-0.8818,-1.029,-1.2101,-1.399,-1.4603,-1.309,-1.116,-0.9717,-0.8717,-0.8068,-0.7785,-0.7932,-0.8552,-0.9607,-1.0642,-0.9775,-0.5029,0.1808,0.1457,-0.2666,-0.5315,-0.6742,-0.7553,-0.8054,-0.8392,-0.864,-0.8832,-0.8988,-0.9119,-0.9231,-0.9329,-0.9415,-0.7689,-0.6685,-0.5772,-0.5798,-0.7333,-0.9685,-1.2343,-1.553,-1.6896,-1.4026,-1.119,-0.9382,-0.8131,-0.7253,-0.6829,-0.7066,-0.8102,-0.9976,-1.2377,-1.2096,-0.8326,-0.3973,-0.305,-0.4873,-0.6389,-0.7305,-0.7863,-0.823,-0.8494,-0.87,-0.887,-0.9013,-0.9136,-0.9244,-0.9338,-0.9421,-0.7212,-0.5387,-0.2886,-0.1794,-0.4722,-0.8595,-1.1481,-1.4008,-1.493,-1.2777,-1.0479,-0.8739,-0.7269,-0.5986,-0.5125,-0.5299,-0.6779,-0.9028,-1.1093,-1.146,-1.1441,-1.0318,-0.8321,-0.7651,-0.774,-0.7982,-0.8211,-0.8411,-0.8591,-0.8755,-0.8903,-0.9036,-0.9152,-0.9255,-0.9345,-0.9426,-0.7306,-0.4969,-0.0385,0.3533,-0.2575,-0.8201,-1.0605,-1.1694,-1.1797,-1.0927,-0.9589,-0.8002,-0.6234,-0.4209,-0.2029,-0.1676,-0.4365,-0.7475,-0.9755,-1.1794,-1.507,-1.4255,-1.1006,-0.9323,-0.8673,-0.8462,-0.844,-0.8513,-0.8636,-0.8778,-0.8918,-0.9047,-0.9161,-0.9261,-0.9348,-0.9427,-0.8269,-0.6847,-0.4187,-0.2454,-0.7505,-0.9986,-1.0767,-1.0978,-1.081,-1.0349,-0.9218,-0.7419,-0.5237,-0.2403,0.2963,0.5675,-0.1521,-0.655,-0.9309,-1.1453,-1.3796,-1.3409,-1.1243,-0.9769,-0.8961,-0.8555,-0.8416,-0.8454,-0.8586,-0.8748,-0.8906,-0.9044,-0.916,-0.9258,-0.9343,-0.9419,-0.967,-0.9858,-1.1599,-1.706,-1.6538,-1.2521,-1.1387,-1.1081,-1.0846,-1.0781,-0.9293,-0.6968,-0.4254,-0.1496,0.2831,0.5958,-0.2236,-0.7543,-1.0019,-1.0997,-1.1547,-1.1358,-1.0441,-0.9436,-0.8626,-0.8136,-0.8018,-0.8167,-0.8417,-0.8664,-0.8869,-0.9027,-0.9148,-0.9244,-0.9325,-0.94,-1.0761,-1.1603,-1.3833,-1.748,-1.6785,-1.3065,-1.1726,-1.1514,-1.1059,-1.0586,-0.9137,-0.6644,-0.3023,0.1454,0.0392,-0.2121,-0.6213,-1.1525,-1.3329,-1.2001,-1.1075,-1.0457,-0.9701,-0.8708,-0.7627,-0.6973,-0.7089,-0.7617,-0.8148,-0.8549,-0.8822,-0.9002,-0.9123,-0.9212,-0.9287,-0.936,-1.1321,-1.2013,-1.3157,-1.4219,-1.3798,-1.244,-1.1764,-1.206,-1.1344,-1.0712,-0.9257,-0.6776,-0.3963,0.2834,0.0723,-0.4096,-0.8174,-1.8713,-1.9395,-1.3322,-1.1056,-1.001,-0.9113,-0.7768,-0.5807,-0.4676,-0.5551,-0.6917,-0.7888,-0.8468,-0.8796,-0.8977,-0.9079,-0.9149,-0.9216,-0.9289,-1.1552,-1.1972,-1.2463,-1.2761,-1.2587,-1.2133,-1.1771,-1.145,-1.1498,-1.1554,-1.0551,-0.6861,-0.5532,-0.7604,-0.4907,-0.3106,-0.6182,-1.3569,-1.5549,-1.232,-1.0348,-0.9349,-0.8609,-0.7106,-0.4057,-0.2185,-0.4272,-0.6554,-0.7852,-0.8509,-0.8817,-0.8943,-0.8992,-0.9029,-0.9086,-0.9169,-1.1664,-1.1918,-1.2162,-1.2302,-1.2284,-1.2178,-1.2097,-1.2148,-1.262,-1.368,-1.449,-1.3389,-1.1813,-1.4307,-0.7581,-0.2949,-0.9072,-1.0008,-1.1296,-1.0277,-0.8362,-0.783,-0.8104,-0.7389,-0.5146,-0.3656,-0.5225,-0.7121,-0.8212,-0.8712,-0.8872,-0.8862,-0.8809,-0.8797,-0.8857,-0.8976,-1.1754,-1.1933,-1.2102,-1.2233,-1.2324,-1.242,-1.261,-1.3063,-1.4147,-1.6592,-2.0933,-2.1548,-1.8297,-1.437,-1.1238,-0.9199,-1.0069,-1.0682,-1.0966,-0.8758,-0.3788,-0.4721,-0.7564,-0.8213,-0.7582,-0.707,-0.7566,-0.8371,-0.8876,-0.902,-0.8892,-0.8632,-0.8413,-0.8359,-0.8472,-0.8683,-1.1849,-1.2002,-1.2158,-1.2315,-1.2488,-1.272,-1.3096,-1.3775,-1.5052,-1.7417,-2.0657,-2.0455,-2.2401,-2.3188,-1.6187,-1.3529,-1.2715,-1.2945,-1.2874,-0.9904,-0.327,-0.4581,-0.808,-0.9223,-0.9361,-0.9371,-0.9515,-0.9644,-0.9608,-0.9318,-0.8755,-0.807,-0.7601,-0.7569,-0.7867,-0.8279,-1.1949,-1.2098,-1.2261,-1.2447,-1.2675,-1.2983,-1.3437,-1.4137,-1.5206,-1.6678,-1.8145,-1.9434,-2.3255,-2.4225,-2.0773,-1.9753,-1.6801,-1.5566,-1.5762,-1.4092,-1.067,-0.9468,-1.0041,-1.0439,-1.0632,-1.0838,-1.09,-1.0686,-1.0272,-0.9549,-0.8362,-0.6928,-0.6087,-0.6298,-0.7049,-0.7813,-1.2048,-1.2199,-1.2373,-1.2579,-1.2835,-1.3171,-1.3627,-1.4254,-1.5082,-1.6079,-1.7147,-1.8397,-2.0086,-2.1862,-2.7922,-3.087,-2.1029,-1.7425,-1.7469,-1.9106,-1.5946,-1.3107,-1.1902,-1.1492,-1.1467,-1.1695,-1.1751,-1.1427,-1.0867,-0.9811,-0.7867,-0.5269,-0.3954,-0.48,-0.6266,-0.7447,-1.2138,-1.2293,-1.2473,-1.2688,-1.2952,-1.3285,-1.371,-1.4248,-1.4907,-1.5672,-1.6533,-1.7555,-1.8918,-2.1363,-2.6733,-2.8333,-2.1808,-1.957,-2.4091,-2.6851,-1.9194,-1.4788,-1.286,-1.2095,-1.1891,-1.1918,-1.1934,-1.1905,-1.1488,-1.0374,-0.802,-0.4621,-0.2996,-0.4262,-0.6081,-0.7419,-1.2216,-1.2372,-1.2554,-1.2769,-1.3027,-1.3341,-1.3724,-1.4184,-1.4725,-1.5345,-1.6052,-1.6895,-1.8,-1.9607,-2.1522,-2.176,-1.9984,-1.9448,-2.1621,-2.2185,-1.791,-1.4303,-1.2672,-1.219,-1.214,-1.2302,-1.2615,-1.2578,-1.2335,-1.1491,-0.9446,-0.6571,-0.4991,-0.5566,-0.6805,-0.784,-1.228,-1.2434,-1.2612,-1.282,-1.3065,-1.3353,-1.3693,-1.4087,-1.4539,-1.5048,-1.5621,-1.6281,-1.7059,-1.7939,-1.8662,-1.8741,-1.8259,-1.8027,-1.8214,-1.7488,-1.4962,-1.2129,-1.1212,-1.1747,-1.2212,-1.2616,-1.2947,-1.308,-1.37,-1.33,-1.1544,-0.9345,-0.7885,-0.7627,-0.8028,-0.8555,-1.2329,-1.2478,-1.265,-1.2847,-1.3073,-1.3334,-1.3632,-1.397,-1.4347,-1.4763,-1.5217,-1.5711,-1.6232,-1.6726,-1.7062,-1.7109,-1.6911,-1.664,-1.6227,-1.5202,-1.3165,-1.0619,-1.002,-1.1306,-1.2172,-1.2684,-1.3128,-1.4233,-1.62,-1.5493,-1.3336,-1.133,-0.9955,-0.9314,-0.9193,-0.9316,-1.2363,-1.2506,-1.2668,-1.2852,-1.3058,-1.3291,-1.3552,-1.3839,-1.4153,-1.449,-1.4844,-1.5208,-1.5558,-1.5852,-1.603,-1.6043,-1.5894,-1.56,-1.5096,-1.4211,-1.285,-1.1403,-1.098,-1.1607,-1.2249,-1.2768,-1.3453,-1.4871,-1.6537,-1.5871,-1.3979,-1.2304,-1.1116,-1.0407,-1.007,-0.9965]},{"header":{"la1":42.85,"la2":41.18,"lo1":11.55,"lo2":14.05,"nx":36,"ny":24,"dx":0.07143,"dy":0.07261,"parameterCategory":2,"parameterNumber":3,"parameterNumberName":"northward_wind","parameterUnit":"m.s-1"},"data":[-0.1672,-0.1663,-0.1624,-0.1554,-0.146,-0.1351,-0.1242,-0.1146,-0.1069,-0.101,-0.096,-0.0908,-0.0841,-0.0752,-0.0638,-0.0504,-0.0357,-0.0211,-0.0079,0.0029,0.0113,0.0181,0.0245,0.0312,0.0383,0.0452,0.0514,0.0566,0.0606,0.0635,0.0652,0.0659,0.0658,0.0649,0.0636,0.0619,-0.1853,-0.1852,-0.1807,-0.1715,-0.1583,-0.1428,-0.1274,-0.1145,-0.1058,-0.1009,-0.0982,-0.0952,-0.0899,-0.0811,-0.0684,-0.0523,-0.0342,-0.0162,-0.0008,0.0103,0.0169,0.0214,0.0266,0.0339,0.0426,0.0513,0.0589,0.0649,0.0692,0.0719,0.0733,0.0734,0.0726,0.071,0.0689,0.0664,-0.2083,-0.2102,-0.2056,-0.1933,-0.174,-0.1505,-0.1269,-0.1083,-0.098,-0.0959,-0.098,-0.0997,-0.0973,-0.0893,-0.075,-0.0552,-0.0317,-0.0082,0.0105,0.0206,0.022,0.0201,0.0229,0.0327,0.0458,0.058,0.0677,0.0747,0.0793,0.0818,0.0826,0.0819,0.0801,0.0776,0.0744,0.071,-0.238,-0.2445,-0.2413,-0.2252,-0.1963,-0.1587,-0.1199,-0.0895,-0.0764,-0.0811,-0.0939,-0.1044,-0.1073,-0.101,-0.085,-0.0599,-0.028,0.005,0.0296,0.0369,0.0245,0.0055,0.0049,0.0247,0.0479,0.0662,0.0788,0.0869,0.0916,0.0935,0.0933,0.0914,0.0883,0.0844,0.0801,0.0755,-0.2764,-0.2929,-0.2955,-0.276,-0.232,-0.1703,-0.1024,-0.0458,-0.0262,-0.0488,-0.0847,-0.1109,-0.122,-0.1186,-0.1011,-0.0691,-0.024,0.0269,0.065,0.0681,0.0256,-0.0386,-0.0384,0.0119,0.0536,0.0791,0.0941,0.1025,0.1066,0.1073,0.1056,0.102,0.0972,0.0916,0.0856,0.0797,-0.3245,-0.3617,-0.3821,-0.3633,-0.2958,-0.1943,-0.0763,0.0387,0.078,0.0073,-0.0748,-0.1233,-0.1442,-0.145,-0.1271,-0.088,-0.025,0.0574,0.1281,0.1312,0.0567,-0.0719,-0.064,0.0218,0.0744,0.1013,0.1156,0.1228,0.1252,0.1239,0.1198,0.1138,0.1065,0.0987,0.0908,0.0832,-0.3788,-0.4555,-0.5237,-0.5229,-0.4139,-0.249,-0.0732,0.1201,0.199,0.0475,-0.0848,-0.1492,-0.1772,-0.1833,-0.1683,-0.1257,-0.0466,0.0716,0.1872,0.1908,0.1581,0.0804,0.0554,0.0915,0.1191,0.1354,0.1448,0.1489,0.1482,0.1436,0.136,0.1265,0.1161,0.1055,0.0952,0.0857,-0.4236,-0.5594,-0.7387,-0.8157,-0.6098,-0.3354,-0.1363,0.0246,0.0826,-0.0339,-0.1383,-0.1929,-0.2221,-0.2356,-0.2305,-0.1926,-0.107,0.0226,0.1469,0.2222,0.3664,0.3616,0.2479,0.1921,0.1781,0.179,0.1821,0.1819,0.1767,0.167,0.1543,0.14,0.1254,0.1113,0.0982,0.0865,-0.4281,-0.6013,-0.9212,-1.1872,-0.7718,-0.375,-0.2008,-0.132,-0.1339,-0.1801,-0.218,-0.2469,-0.2751,-0.3003,-0.3182,-0.2981,-0.204,-0.0659,0.092,0.3278,0.724,0.6555,0.3846,0.2675,0.2339,0.2295,0.2297,0.2244,0.2121,0.1946,0.1744,0.1536,0.1335,0.115,0.0987,0.0848,-0.3713,-0.4872,-0.6822,-0.8048,-0.4709,-0.2695,-0.1929,-0.2009,-0.2822,-0.3297,-0.2976,-0.2982,-0.3312,-0.3691,-0.4218,-0.4442,-0.3059,-0.1545,0.0106,0.2551,0.5661,0.55,0.3748,0.2974,0.2859,0.2938,0.2949,0.2815,0.2567,0.2266,0.1954,0.1657,0.1387,0.1152,0.0954,0.0792,-0.2812,-0.2965,-0.225,0.0608,0.0452,-0.109,-0.1313,-0.1874,-0.4178,-0.5421,-0.3519,-0.3348,-0.3929,-0.4459,-0.4606,-0.4656,-0.3442,-0.223,-0.098,0.0678,0.2358,0.3022,0.3,0.3171,0.3606,0.3961,0.3952,0.3611,0.3122,0.2617,0.215,0.174,0.1389,0.1098,0.0864,0.0684,-0.2047,-0.1766,-0.0753,0.0992,0.0797,-0.0359,-0.0532,-0.0819,-0.2088,-0.3757,-0.3078,-0.3454,-0.4597,-0.5928,-0.545,-0.4449,-0.3564,-0.2859,-0.2113,-0.0667,0.0789,0.1856,0.2717,0.3776,0.5058,0.5848,0.5577,0.4694,0.3757,0.2952,0.2288,0.1744,0.1302,0.0955,0.0692,0.0503,-0.1567,-0.1293,-0.0759,-0.0185,-0.0084,-0.0046,0.0362,-0.2381,0.2221,-0.0959,-0.2342,-0.3134,-0.4449,-0.656,-0.6111,-0.5066,-0.3989,-0.3625,-0.3342,-0.1245,0.0376,0.164,0.2952,0.4893,0.7649,0.9219,0.7958,0.5925,0.4328,0.3171,0.2297,0.1613,0.108,0.0681,0.0402,0.0223,-0.1282,-0.1092,-0.0814,-0.0528,-0.0275,0.0163,0.123,0.402,0.2998,-0.041,-0.197,-0.2525,-0.3166,-0.864,-0.5903,-0.7542,-0.4758,-0.2753,-0.2303,-0.0668,0.0787,0.1948,0.3304,0.5775,1.014,1.2702,0.9869,0.6643,0.4547,0.3139,0.2092,0.1275,0.0653,0.0218,-0.005,-0.0184,-0.1095,-0.0964,-0.0788,-0.0585,-0.0339,0.0032,0.0615,0.1126,0.0466,-0.0924,-0.1717,-0.198,-0.3017,-0.24,-0.4903,-0.7522,0.3768,-0.005,-0.0321,0.0695,0.1887,0.2604,0.3469,0.5415,0.8803,1.0821,0.879,0.6137,0.4214,0.2776,0.1602,0.0641,-0.0076,-0.0522,-0.0724,-0.0754,-0.0959,-0.0863,-0.0741,-0.0596,-0.0426,-0.023,-0.0058,-0.0101,-0.0581,-0.1374,-0.2237,-0.0057,-0.0812,-0.2007,-0.2394,-0.0826,0.3241,0.1307,0.1187,0.2128,0.3466,0.346,0.355,0.4556,0.607,0.6931,0.6303,0.4954,0.3526,0.2129,0.0782,-0.0408,-0.1258,-0.1662,-0.1693,-0.1511,-0.0849,-0.0778,-0.0692,-0.0595,-0.0496,-0.0414,-0.0397,-0.052,-0.0835,-0.1334,-0.1955,-0.0883,0.0407,0.08,-0.0059,0.05,0.1411,0.2073,0.2704,0.3059,0.3791,0.3705,0.3659,0.4162,0.4864,0.5284,0.506,0.4192,0.2896,0.1332,-0.041,-0.2066,-0.3141,-0.3373,-0.3012,-0.2447,-0.0755,-0.0701,-0.0639,-0.0574,-0.0516,-0.0483,-0.0496,-0.058,-0.0731,-0.0895,-0.0873,-0.028,0.0968,0.1561,0.2653,0.3625,0.3104,0.3701,0.463,0.4014,0.3811,0.3783,0.3896,0.4262,0.4913,0.5667,0.5619,0.4325,0.254,0.05,-0.1971,-0.4556,-0.6014,-0.5742,-0.461,-0.3454,-0.0669,-0.0625,-0.0577,-0.0529,-0.0488,-0.0463,-0.0461,-0.0481,-0.0504,-0.0469,-0.0263,0.0255,0.1148,0.2842,0.7809,0.993,0.5233,0.442,0.4953,0.5406,0.4802,0.4428,0.4409,0.4638,0.5522,0.7683,0.811,0.4976,0.2221,-0.0278,-0.3568,-0.7543,-0.9508,-0.8249,-0.6053,-0.4268,-0.0585,-0.0547,-0.0505,-0.0463,-0.0423,-0.0388,-0.0358,-0.0322,-0.0257,-0.0115,0.0175,0.0712,0.1673,0.3613,0.737,0.8605,0.5625,0.4993,0.6771,0.77,0.5919,0.5431,0.533,0.5099,0.5395,0.7776,0.8369,0.3741,0.1239,-0.0894,-0.4185,-0.8734,-1.0934,-0.9158,-0.6537,-0.4547,-0.0504,-0.0466,-0.0425,-0.0381,-0.0335,-0.0285,-0.0227,-0.0148,-0.0028,0.0169,0.0494,0.1019,0.1854,0.314,0.4663,0.5241,0.4811,0.4968,0.6071,0.6636,0.654,0.7277,0.7439,0.6079,0.4323,0.2489,-0.0951,-0.0867,-0.0442,-0.1344,-0.344,-0.6586,-0.8395,-0.7536,-0.5742,-0.4181,-0.0423,-0.0384,-0.0341,-0.0292,-0.0236,-0.0172,-0.0091,0.0016,0.0168,0.0389,0.0712,0.1175,0.1815,0.2616,0.3404,0.3899,0.4166,0.4609,0.5353,0.6264,0.8061,1.1491,1.2425,0.8497,0.4117,-0.025,-0.4527,-0.2973,-0.1684,-0.1801,-0.2535,-0.4009,-0.5151,-0.5122,-0.4342,-0.342,-0.0344,-0.0302,-0.0255,-0.02,-0.0136,-0.0059,0.0038,0.0162,0.0328,0.0552,0.0853,0.1247,0.1737,0.2294,0.2842,0.3315,0.3759,0.432,0.5144,0.6546,0.9535,1.4923,1.6504,1.0565,0.4869,0.0804,-0.1632,-0.2051,-0.2647,-0.2417,-0.2158,-0.2586,-0.3147,-0.3315,-0.3061,-0.26,-0.0267,-0.0222,-0.017,-0.011,-0.0039,0.0048,0.0154,0.0287,0.0456,0.0672,0.0945,0.128,0.1674,0.2108,0.2555,0.3002,0.3484,0.4087,0.4953,0.6373,0.8842,1.2109,1.2778,0.9203,0.5022,0.1885,-0.0179,-0.1641,-0.2746,-0.2465,-0.1924,-0.1878,-0.2072,-0.2188,-0.2116,-0.1898]}]