docs/data/wind_grid.json
[{"header":{"la1":42.85,"la2":41.18,"lo1":11.55,"lo2":14.05,"nx":36,"ny":24,"dx":0.07143,"dy":0.07261,"parameterCategory":2,"parameterNumber":2,"parameterNumberName":"eastward_wind","parameterUnit":"m.s-1"},"data":[1.6739,1.6719,1.6693,1.6658,1.6614,1.656,1.6499,1.6434,1.6367,1.6296,1.6218,1.613,1.603,1.5917,1.579,1.5637,1.5438,1.5167,1.48,1.4345,1.3864,1.3468,1.3264,1.3288,1.3485,1.3772,1.4075,1.4353,1.4592,1.4788,1.4947,1.5075,1.5178,1.5261,1.533,1.5387,1.6756,1.674,1.6716,1.6679,1.6628,1.6563,1.6489,1.6414,1.6344,1.6276,1.6203,1.6115,1.6012,1.5899,1.5777,1.5636,1.5443,1.5139,1.466,1.3976,1.3178,1.2506,1.2215,1.236,1.2783,1.329,1.3762,1.4154,1.4464,1.4703,1.4888,1.503,1.5141,1.5229,1.53,1.5358,1.6774,1.6763,1.6742,1.6704,1.6643,1.6557,1.6456,1.6358,1.6284,1.623,1.6173,1.609,1.5983,1.5868,1.5761,1.5659,1.5519,1.5236,1.4646,1.3595,1.2163,1.0891,1.0473,1.097,1.1871,1.2753,1.3461,1.3987,1.4369,1.4646,1.4849,1.5,1.5114,1.5203,1.5273,1.5331,1.6789,1.6789,1.6777,1.6739,1.6662,1.6539,1.6378,1.6224,1.614,1.6131,1.6122,1.6055,1.5933,1.5803,1.5715,1.5692,1.5699,1.558,1.4994,1.3434,1.0692,0.7968,0.7446,0.8966,1.0829,1.2268,1.3248,1.3897,1.4332,1.4629,1.4837,1.4987,1.5098,1.5183,1.525,1.5305,1.6801,1.682,1.6828,1.6798,1.6703,1.6519,1.6232,1.5919,1.5796,1.5925,1.6054,1.6018,1.5852,1.5669,1.5582,1.5677,1.5971,1.6328,1.6189,1.4254,0.912,0.287,0.2704,0.6747,1.0061,1.2061,1.3228,1.393,1.437,1.4657,1.4852,1.499,1.5091,1.5168,1.5228,1.5279,1.6803,1.6861,1.6914,1.6909,1.6799,1.6542,1.6037,1.53,1.5012,1.5562,1.6018,1.6011,1.5727,1.5403,1.5252,1.5462,1.6179,1.7463,1.8787,1.741,1.0171,-0.031,0.0217,0.6444,1.0359,1.2393,1.3484,1.4107,1.4484,1.4726,1.4888,1.5003,1.5087,1.5152,1.5204,1.5248,1.6781,1.6915,1.7084,1.7142,1.6993,1.6695,1.6046,1.4682,1.3981,1.5356,1.6207,1.6098,1.554,1.4905,1.4525,1.4761,1.5888,1.8133,2.129,2.0866,1.5301,0.8622,0.7149,0.9844,1.2024,1.3276,1.398,1.4393,1.4648,1.4816,1.4933,1.5017,1.5081,1.5131,1.5173,1.5211,1.6693,1.6947,1.7433,1.7711,1.7302,1.6959,1.6659,1.5763,1.5293,1.6458,1.6924,1.6345,1.5271,1.403,1.3037,1.3079,1.4568,1.7072,1.9618,2.0157,2.0439,1.8704,1.5383,1.4145,1.4114,1.4336,1.4541,1.4695,1.481,1.4898,1.4965,1.5019,1.5062,1.5098,1.513,1.5162,1.6452,1.6737,1.7759,1.8808,1.7398,1.6977,1.7579,1.8119,1.8671,1.9034,1.8299,1.6782,1.4959,1.2695,1.0012,0.9306,1.2003,1.5234,1.7886,2.0982,2.668,2.527,1.9656,1.6744,1.5574,1.5122,1.4952,1.4903,1.4908,1.4935,1.4966,1.4995,1.5021,1.5045,1.5069,1.5096,1.6007,1.5858,1.6145,1.6466,1.5045,1.6251,1.8377,2.0431,2.2789,2.3306,2.038,1.7323,1.4783,1.1528,0.4642,0.1015,0.8899,1.3913,1.6851,2.0078,2.43,2.3653,1.9881,1.7403,1.6084,1.5395,1.506,1.4924,1.4891,1.4899,1.4917,1.4935,1.495,1.4965,1.4984,1.5009,1.555,1.4658,1.2658,0.8273,0.9213,1.5208,1.9187,2.2097,2.74,3.0115,2.2272,1.7509,1.4764,1.226,0.5937,0.0964,0.9697,1.4098,1.6217,1.7976,1.9576,1.9661,1.8349,1.6906,1.5792,1.5087,1.4769,1.4702,1.4735,1.4781,1.4814,1.4832,1.4841,1.4851,1.4867,1.4893,1.5421,1.4313,1.2055,0.8535,0.9785,1.6108,2.0402,2.2463,2.4789,2.6295,2.09,1.692,1.4357,1.183,1.3742,1.2498,1.3815,1.5515,1.636,1.7008,1.7637,1.7729,1.7123,1.6046,1.4857,1.4089,1.3993,1.4225,1.4454,1.4595,1.4661,1.4683,1.4687,1.4692,1.4708,1.4741,1.57,1.4958,1.3888,1.3127,1.4598,1.8153,2.1381,2.3121,2.2631,2.1365,1.8692,1.6033,1.4543,1.4126,1.8186,1.6121,1.6075,1.6696,1.682,1.6873,1.7174,1.7149,1.6533,1.5179,1.3254,1.2157,1.2722,1.3599,1.4133,1.4382,1.4472,1.4486,1.4476,1.4473,1.4494,1.4541,1.6182,1.5873,1.5643,1.5884,1.7076,1.9042,2.1024,2.2329,2.1856,2.0075,1.8011,1.5317,1.4333,1.286,1.6456,1.8486,1.7111,1.6456,1.6733,1.7065,1.744,1.7366,1.6561,1.4742,1.1746,1.0115,1.1673,1.3192,1.3914,1.4187,1.425,1.4224,1.4183,1.417,1.4203,1.428,1.6655,1.6615,1.6726,1.7147,1.7977,1.9083,2.0131,2.0707,2.0478,1.9884,1.9225,1.752,1.5755,1.5021,1.6565,1.8648,1.2132,1.5342,1.6738,1.7706,1.8531,1.8408,1.7255,1.5324,1.2689,1.1252,1.2258,1.336,1.387,1.4013,1.3972,1.386,1.3763,1.374,1.3806,1.394,1.7025,1.711,1.7315,1.7695,1.825,1.8891,1.9453,1.9788,1.9985,2.0818,2.3677,1.9578,1.78,1.6209,1.6373,1.5518,1.3116,1.5605,1.7343,1.8849,2.0825,2.0275,1.8276,1.639,1.465,1.3626,1.356,1.3773,1.3864,1.3788,1.3579,1.3318,1.3132,1.3114,1.3262,1.3507,1.7285,1.7412,1.762,1.792,1.8297,1.8697,1.905,1.9341,1.9738,2.0807,2.301,2.0301,1.6948,1.5919,1.6702,1.6673,1.6566,1.7424,1.8431,1.9484,2.1266,2.0679,1.8739,1.703,1.5592,1.46,1.4092,1.3863,1.3694,1.3434,1.3005,1.2489,1.2154,1.2197,1.2537,1.2985,1.7456,1.7588,1.777,1.8001,1.8265,1.8534,1.8781,1.9014,1.9301,1.9708,1.9841,1.8698,1.6617,1.6179,1.7681,1.8257,1.8256,1.8835,1.9138,1.9887,2.0282,1.9862,1.8696,1.7167,1.5577,1.4332,1.372,1.3476,1.329,1.2952,1.2244,1.1259,1.0671,1.0931,1.1666,1.2433,1.7564,1.7686,1.7837,1.8015,1.8207,1.8397,1.8572,1.8729,1.887,1.8949,1.8798,1.8276,1.7694,1.7941,1.9741,2.0489,1.9416,1.9788,2.0447,2.2397,2.1476,2.0261,1.8967,1.7205,1.507,1.342,1.3018,1.2775,1.2683,1.2457,1.1496,0.9794,0.885,0.9582,1.0886,1.2002,1.7629,1.7736,1.7861,1.8,1.8143,1.8281,1.8404,1.8505,1.8569,1.8568,1.846,1.8271,1.8201,1.8623,1.9772,2.0229,1.9935,2.117,2.527,2.7247,2.328,2.1407,1.9963,1.7703,1.4771,1.2878,1.2557,1.1406,1.1807,1.2153,1.1302,0.9235,0.8092,0.9102,1.0656,1.1893,1.7666,1.7759,1.7862,1.7972,1.8082,1.8186,1.8276,1.8345,1.8384,1.8385,1.8349,1.8319,1.8397,1.8702,1.9197,1.9583,2.0062,2.1401,2.3837,2.4804,2.3652,2.3463,2.2652,1.9467,1.4943,1.0432,0.5958,0.7413,1.09,1.24,1.2038,1.0521,0.9554,1.0089,1.1194,1.2185,1.7685,1.7765,1.7852,1.7941,1.8029,1.8111,1.8181,1.8237,1.8274,1.8294,1.831,1.8351,1.8468,1.8696,1.9023,1.9422,2.0009,2.098,2.2218,2.3253,2.4834,2.8327,2.9067,2.3273,1.61,0.8768,0.1767,0.5752,1.2245,1.3947,1.3468,1.2396,1.1636,1.1646,1.214,1.274,1.7693,1.7762,1.7836,1.791,1.7983,1.8051,1.8112,1.8163,1.8206,1.8245,1.8291,1.8366,1.8493,1.8693,1.8974,1.9353,1.9888,2.0644,2.1645,2.3131,2.6284,3.2395,3.4255,2.6391,1.8178,1.1991,0.8776,1.1989,1.6999,1.655,1.4986,1.3852,1.3162,1.2937,1.3062,1.3354,1.7693,1.7754,1.7818,1.7882,1.7945,1.8005,1.806,1.8111,1.816,1.8212,1.8276,1.8365,1.8496,1.8682,1.8937,1.9282,1.975,2.0394,2.1308,2.2777,2.5403,2.9036,2.9665,2.4933,1.9243,1.5135,1.3557,1.5233,1.77,1.7125,1.5686,1.4694,1.4103,1.3829,1.3793,1.3907]},{"header":{"la1":42.85,"la2":41.18,"lo1":11.55,"lo2":14.05,"nx":36,"ny":24,"dx":0.07143,"dy":0.07261,"parameterCategory":2,"parameterNumber":3,"parameterNumberName":"northward_wind","parameterUnit":"m.s-1"},"data":[0.2818,0.3037,0.3275,0.353,0.3791,0.4035,0.4229,0.4329,0.4306,0.4155,0.3901,0.3586,0.3244,0.2894,0.2542,0.2183,0.1816,0.1443,0.1069,0.0711,0.0395,0.016,0.0037,0.0029,0.01,0.0208,0.0317,0.0408,0.0473,0.0514,0.0533,0.0534,0.0522,0.0501,0.0472,0.0439,0.2911,0.317,0.3463,0.3794,0.4157,0.4528,0.4849,0.504,0.503,0.4808,0.4432,0.3986,0.3532,0.3095,0.2669,0.224,0.1795,0.1333,0.0858,0.0383,-0.0056,-0.0382,-0.051,-0.0436,-0.0241,-0.0019,0.0176,0.0323,0.0423,0.0483,0.0512,0.0517,0.0506,0.0483,0.0451,0.0415,0.299,0.3291,0.3643,0.4064,0.4568,0.5141,0.57,0.6081,0.6109,0.5747,0.5136,0.4469,0.3856,0.3314,0.281,0.2303,0.1763,0.1188,0.0583,-0.0058,-0.0721,-0.1244,-0.1377,-0.111,-0.0675,-0.0267,0.0045,0.0259,0.0393,0.0469,0.0503,0.0509,0.0494,0.0467,0.0431,0.0391,0.3051,0.3393,0.38,0.4312,0.4989,0.5877,0.6896,0.7713,0.785,0.7171,0.6076,0.5026,0.4195,0.3544,0.2972,0.2384,0.1724,0.0995,0.0239,-0.0589,-0.1653,-0.2674,-0.2797,-0.2047,-0.1159,-0.0482,-0.0038,0.0236,0.0395,0.0477,0.051,0.051,0.0489,0.0454,0.0412,0.0365,0.3097,0.3481,0.393,0.4498,0.5335,0.6657,0.8543,1.0436,1.0918,0.9417,0.7265,0.5582,0.4496,0.3773,0.3174,0.2518,0.1694,0.0708,-0.0243,-0.1098,-0.2674,-0.4935,-0.4909,-0.3053,-0.15,-0.0557,-0.0019,0.0281,0.044,0.0513,0.0534,0.0521,0.0488,0.0442,0.0391,0.0337,0.3133,0.3584,0.4073,0.4618,0.5463,0.7176,1.0425,1.4856,1.6444,1.2687,0.8418,0.5921,0.4675,0.3997,0.3457,0.2781,0.1759,0.0277,-0.1222,-0.1611,-0.2728,-0.6266,-0.5989,-0.3175,-0.1334,-0.0363,0.0145,0.0407,0.0533,0.0578,0.0574,0.054,0.049,0.043,0.0368,0.0305,0.3158,0.3759,0.4394,0.485,0.5316,0.6866,1.1042,1.8816,2.2549,1.4919,0.8482,0.5703,0.4664,0.4242,0.3897,0.3304,0.218,0.0174,-0.2529,-0.2382,-0.1042,-0.2558,-0.2922,-0.1587,-0.0507,0.0115,0.0446,0.0608,0.0668,0.0666,0.0626,0.0565,0.0492,0.0415,0.0339,0.0266,0.311,0.3994,0.5181,0.5814,0.5232,0.5523,0.8373,1.4079,1.6661,1.0923,0.6394,0.4811,0.4524,0.4595,0.4588,0.4207,0.3211,0.1494,-0.046,-0.0011,0.2344,0.2266,0.0949,0.0502,0.0572,0.0721,0.0821,0.0853,0.0831,0.0769,0.0685,0.0589,0.049,0.0393,0.0302,0.0218,0.281,0.3886,0.6019,0.7842,0.5262,0.3656,0.4196,0.5391,0.5224,0.3598,0.3057,0.3641,0.4478,0.5181,0.5642,0.5553,0.463,0.3368,0.2522,0.3376,0.632,0.5687,0.3141,0.1885,0.1427,0.1272,0.1196,0.1114,0.1006,0.0878,0.0742,0.0606,0.0478,0.0359,0.0252,0.0158,0.2116,0.2711,0.3925,0.4741,0.2228,0.1259,0.0859,-0.0309,-0.2917,-0.3729,-0.0421,0.2757,0.4806,0.6047,0.6959,0.7277,0.592,0.468,0.3958,0.418,0.5494,0.5134,0.3469,0.2418,0.1932,0.171,0.1555,0.1384,0.1189,0.0986,0.079,0.061,0.0449,0.0308,0.0187,0.0083,0.1236,0.0972,-0.0176,-0.3371,-0.3079,-0.0988,-0.1188,-0.3102,-0.9265,-1.2613,-0.2991,0.2762,0.5822,0.7396,0.7616,0.7582,0.6477,0.5463,0.4707,0.4204,0.4044,0.369,0.3003,0.2477,0.2247,0.2141,0.197,0.1698,0.1386,0.1086,0.082,0.0591,0.0397,0.0235,0.0101,-0.0011,0.0554,-0.0056,-0.1461,-0.3628,-0.3325,-0.1778,-0.205,-0.2995,-0.5938,-0.7956,-0.1318,0.3898,0.7499,1.0551,0.9259,0.7793,0.6885,0.6127,0.5445,0.4397,0.3517,0.2919,0.2531,0.2451,0.2677,0.2844,0.2605,0.2107,0.1597,0.1165,0.0816,0.0537,0.0312,0.0133,-0.001,-0.0125,0.0188,-0.0325,-0.1109,-0.1858,-0.1886,-0.1749,-0.228,-0.2832,-0.2786,-0.1986,0.132,0.5333,0.8043,1.1299,0.9808,0.8819,0.783,0.6748,0.6355,0.4457,0.2984,0.2188,0.201,0.2487,0.358,0.4255,0.361,0.2584,0.1772,0.1188,0.0758,0.0434,0.0187,-0.0003,-0.0149,-0.0261,0.0018,-0.0333,-0.0752,-0.1109,-0.1317,-0.157,-0.2046,-0.2498,-0.2221,-0.0901,0.1624,0.6339,0.8295,1.0899,0.9244,1.1834,0.9929,0.6971,0.5642,0.3516,0.1704,0.0918,0.1147,0.2333,0.4588,0.591,0.4467,0.2837,0.1788,0.1103,0.0622,0.0272,0.0016,-0.0173,-0.0313,-0.0419,-0.0072,-0.032,-0.0591,-0.0847,-0.1083,-0.135,-0.1655,-0.1862,-0.1821,-0.1752,-0.1396,0.0873,0.4063,0.4319,0.8045,1.251,0.9848,0.683,0.3933,0.1244,-0.1086,-0.148,-0.0339,0.1405,0.3657,0.4876,0.3842,0.2508,0.1563,0.089,0.0399,0.0047,-0.0199,-0.0372,-0.0497,-0.0591,-0.0139,-0.0332,-0.0539,-0.0751,-0.097,-0.1205,-0.1457,-0.1744,-0.2295,-0.4004,-0.8204,-0.5706,-0.2449,0.1652,0.4256,0.6983,0.7689,0.459,0.1353,-0.1876,-0.589,-0.5063,-0.2121,0.005,0.1752,0.2657,0.2541,0.1932,0.123,0.0595,0.0106,-0.0226,-0.0436,-0.0576,-0.0682,-0.0766,-0.0202,-0.0363,-0.0539,-0.0727,-0.0931,-0.116,-0.1441,-0.1861,-0.269,-0.4581,-0.7748,-0.607,-0.6946,-0.7602,-0.1304,0.1191,0.1686,-0.016,-0.2357,-0.3857,-0.682,-0.5859,-0.2938,-0.078,0.0898,0.2027,0.2338,0.1863,0.1041,0.0281,-0.0237,-0.0507,-0.0633,-0.073,-0.0833,-0.0927,-0.0263,-0.0407,-0.0566,-0.0741,-0.0938,-0.1172,-0.1473,-0.1913,-0.2618,-0.3674,-0.4685,-0.5262,-0.811,-0.8969,-0.6713,-0.6314,-0.4037,-0.4723,-0.6488,-0.5485,-0.5225,-0.4506,-0.2906,-0.094,0.1361,0.3645,0.424,0.2774,0.1054,-0.0094,-0.0623,-0.0693,-0.0645,-0.0734,-0.091,-0.1065,-0.0325,-0.0458,-0.0607,-0.0775,-0.0968,-0.12,-0.1495,-0.189,-0.2422,-0.3078,-0.377,-0.4612,-0.5991,-0.8,-1.5049,-1.8375,-0.8819,-0.6552,-0.7408,-0.852,-0.6721,-0.4881,-0.3207,-0.1015,0.2527,0.778,0.8928,0.42,0.0797,-0.0769,-0.1093,-0.0635,-0.0293,-0.0538,-0.0932,-0.1204,-0.0385,-0.0512,-0.0655,-0.0817,-0.1004,-0.1228,-0.1504,-0.1849,-0.2277,-0.2789,-0.3398,-0.4211,-0.5512,-0.8187,-1.405,-1.5893,-0.9736,-0.8038,-1.1856,-1.4002,-0.8746,-0.5927,-0.4143,-0.1867,0.1951,0.8228,0.9628,0.2774,-0.0802,-0.2177,-0.1931,-0.0674,-0.0019,-0.0487,-0.1078,-0.1422,-0.0443,-0.0565,-0.0703,-0.0859,-0.1041,-0.1254,-0.1508,-0.1815,-0.2185,-0.263,-0.3183,-0.3927,-0.5042,-0.6803,-0.897,-0.9496,-0.812,-0.7944,-0.9985,-1.0746,-0.8463,-0.7075,-0.6036,-0.3931,-0.1191,0.0381,-0.1798,-0.267,-0.4091,-0.4896,-0.3881,-0.2032,-0.1037,-0.119,-0.1572,-0.1797,-0.0498,-0.0616,-0.0749,-0.09,-0.1074,-0.1275,-0.1511,-0.1789,-0.212,-0.2515,-0.3003,-0.3629,-0.445,-0.5464,-0.6407,-0.6789,-0.671,-0.6938,-0.7651,-0.8028,-0.8168,-0.9428,-0.9676,-0.6792,-0.4071,-0.361,-0.4813,-0.5578,-0.9257,-0.9824,-0.7323,-0.4646,-0.3053,-0.2493,-0.2364,-0.2308,-0.0548,-0.0663,-0.0792,-0.0937,-0.1102,-0.1292,-0.1511,-0.1765,-0.2062,-0.2412,-0.283,-0.3333,-0.3924,-0.456,-0.512,-0.5485,-0.5718,-0.6032,-0.6502,-0.7127,-0.8485,-1.1437,-1.2371,-0.8694,-0.5803,-0.5171,-0.6188,-1.0668,-1.8304,-1.6389,-1.103,-0.7167,-0.4929,-0.3774,-0.3187,-0.2845,-0.0595,-0.0706,-0.083,-0.0969,-0.1127,-0.1305,-0.1508,-0.174,-0.2007,-0.2314,-0.2668,-0.307,-0.3513,-0.3965,-0.4378,-0.472,-0.5025,-0.5372,-0.584,-0.6568,-0.788,-0.9742,-1.0143,-0.8183,-0.6483,-0.6371,-0.8251,-1.3476,-1.9518,-1.7519,-1.2308,-0.8445,-0.6069,-0.4666,-0.3828,-0.3297]}]