docs/data/wind_grid.json
[{"header":{"la1":42.85,"la2":41.18,"lo1":11.55,"lo2":14.05,"nx":36,"ny":24,"dx":0.07143,"dy":0.07261,"parameterCategory":2,"parameterNumber":2,"parameterNumberName":"eastward_wind","parameterUnit":"m.s-1"},"data":[1.2041,1.1673,1.1223,1.0702,1.0135,0.957,0.907,0.8704,0.8514,0.8497,0.8598,0.8742,0.8861,0.8916,0.8895,0.8808,0.8677,0.853,0.8396,0.8296,0.8239,0.822,0.8232,0.8264,0.8309,0.8362,0.842,0.8482,0.8547,0.8614,0.8682,0.875,0.8817,0.8884,0.8948,0.901,1.2306,1.1879,1.1329,1.0657,0.9888,0.9087,0.8362,0.7845,0.7636,0.7732,0.8024,0.8361,0.8625,0.876,0.8761,0.8652,0.8473,0.8272,0.8096,0.7979,0.7932,0.7941,0.7987,0.8051,0.8124,0.82,0.8278,0.8357,0.8437,0.8518,0.8599,0.8678,0.8757,0.8832,0.8905,0.8975,1.2671,1.2192,1.1529,1.0663,0.9602,0.8419,0.7284,0.6468,0.6215,0.6545,0.721,0.7892,0.8387,0.8632,0.865,0.8495,0.8232,0.7936,0.769,0.7555,0.7539,0.7605,0.7707,0.7818,0.7927,0.803,0.8131,0.8229,0.8326,0.8422,0.8517,0.861,0.87,0.8786,0.8867,0.8944,1.3178,1.2668,1.1899,1.0806,0.9344,0.7548,0.5645,0.4174,0.3795,0.4638,0.6065,0.7358,0.8196,0.8571,0.8586,0.8345,0.794,0.7479,0.7109,0.696,0.7027,0.7204,0.7398,0.7572,0.7723,0.7857,0.798,0.8099,0.8215,0.8329,0.8439,0.8546,0.8649,0.8745,0.8836,0.892,1.3869,1.3383,1.2554,1.1244,0.9299,0.6599,0.3276,0.0276,-0.0511,0.155,0.4571,0.6876,0.8151,0.8632,0.8592,0.8214,0.7599,0.6854,0.6248,0.6106,0.6377,0.6757,0.7081,0.7327,0.752,0.7683,0.783,0.797,0.8106,0.8239,0.8367,0.8489,0.8605,0.8713,0.8813,0.8905,1.479,1.4424,1.3643,1.2221,0.9847,0.6093,0.0548,-0.5825,-0.7918,-0.2892,0.3142,0.6773,0.8407,0.8865,0.8676,0.8119,0.7266,0.6108,0.5054,0.4985,0.5675,0.6345,0.6799,0.7102,0.7325,0.7511,0.768,0.7842,0.8,0.8154,0.8302,0.8442,0.8572,0.8692,0.8801,0.89,1.5963,1.5868,1.5331,1.4029,1.1523,0.715,-0.0237,-1.0918,-1.5463,-0.581,0.3273,0.7565,0.9106,0.9266,0.8768,0.8021,0.7075,0.5676,0.4165,0.4203,0.5285,0.6111,0.6598,0.6907,0.7139,0.734,0.753,0.7716,0.79,0.8078,0.8248,0.8407,0.8552,0.8684,0.8802,0.8907,1.7372,1.7754,1.7758,1.6923,1.4708,1.0668,0.4209,-0.4614,-0.8127,-0.0428,0.6421,0.9453,1.0236,0.9723,0.86,0.7618,0.6942,0.6022,0.4919,0.4836,0.5525,0.6094,0.6461,0.6725,0.6949,0.7163,0.7377,0.7592,0.7807,0.8015,0.821,0.839,0.8551,0.8694,0.8819,0.8928,1.8909,2.0016,2.1001,2.112,1.9384,1.5861,1.1613,0.7809,0.6777,0.8835,1.0908,1.1883,1.1675,1.0106,0.7465,0.5937,0.6246,0.6329,0.5939,0.5743,0.5864,0.6076,0.6291,0.6508,0.6734,0.697,0.7216,0.747,0.7724,0.7969,0.8195,0.8397,0.8573,0.8725,0.8855,0.8966,2.0329,2.233,2.4842,2.6791,2.5397,2.1077,1.7569,1.5511,1.4575,1.4373,1.429,1.4211,1.3566,1.0992,0.4443,0.1107,0.4905,0.6134,0.5997,0.5782,0.5734,0.5818,0.5988,0.6217,0.6478,0.6756,0.7047,0.7352,0.7658,0.7949,0.821,0.8436,0.8625,0.8783,0.8913,0.9022,2.1254,2.3918,2.7883,3.2342,3.1274,2.483,2.1622,1.9952,1.6645,1.5322,1.611,1.6284,1.6351,1.4905,0.6992,0.1395,0.5484,0.5748,0.5171,0.5015,0.5088,0.5254,0.5513,0.5843,0.619,0.6524,0.6869,0.7242,0.762,0.797,0.8271,0.8517,0.8714,0.887,0.8994,0.9096,2.1391,2.3974,2.7688,3.1669,3.063,2.5683,2.4988,2.5854,2.119,1.7431,1.7674,1.8192,1.9534,2.2134,1.8364,1.1089,0.7177,0.401,0.2991,0.3578,0.4043,0.4404,0.4869,0.5422,0.5916,0.6291,0.6678,0.7148,0.7631,0.8056,0.8396,0.8653,0.8845,0.8988,0.9098,0.9187,2.0822,2.2738,2.4978,2.6629,2.6071,2.5031,2.7002,3.0725,2.7397,2.1117,1.9104,2.0296,2.11,2.423,2.1718,1.2986,0.6102,0.0382,0.0095,0.2061,0.2722,0.3206,0.4016,0.5015,0.576,0.6074,0.6467,0.7102,0.774,0.8248,0.8611,0.8857,0.902,0.9133,0.9218,0.9286,1.9904,2.1152,2.2355,2.3112,2.3277,2.3797,2.5771,2.8303,2.6234,2.0781,1.8921,2.2498,2.3547,1.7294,1.6154,0.8682,0.1858,0.0458,0.0434,0.0909,0.0787,0.1255,0.2741,0.4573,0.5762,0.5907,0.634,0.7248,0.8057,0.8609,0.8943,0.9129,0.9229,0.929,0.9338,0.9384,1.8929,1.9736,2.0451,2.0959,2.1331,2.1893,2.2775,2.312,2.1237,1.8043,1.6381,1.6948,1.7044,1.6023,1.2679,-0.0437,-1.2613,-0.3178,-0.063,-0.1443,-0.3186,-0.2485,0.0671,0.3831,0.568,0.612,0.6821,0.7913,0.8741,0.9203,0.9399,0.9446,0.9434,0.942,0.943,0.946,1.8022,1.8558,1.9018,1.9368,1.9636,1.9867,1.9933,1.9378,1.7755,1.537,1.3005,1.3144,1.395,1.4053,1.039,0.0039,-0.8538,-0.3777,-0.2812,-0.5099,-1.0538,-0.8472,-0.1708,0.3146,0.594,0.735,0.8456,0.9403,0.9916,1.0042,0.9932,0.9727,0.9545,0.9452,0.9446,0.9489,1.7207,1.7565,1.7857,1.8061,1.8166,1.8136,1.7859,1.7152,1.5928,1.4351,1.2931,1.3124,1.3414,1.3119,0.9945,0.4705,-0.0315,-0.4345,-0.7307,-0.7241,-1.1644,-0.9195,-0.1744,0.3726,0.7498,1.0046,1.146,1.1823,1.1565,1.1043,1.0411,0.9803,0.9397,0.927,0.933,0.945,1.648,1.6711,1.688,1.6965,1.6945,1.678,1.6412,1.579,1.4941,1.4033,1.3347,1.3021,1.3039,1.2601,0.9534,0.6322,0.0815,-1.0371,-2.0032,-0.9058,-0.5283,-0.3249,0.1044,0.5843,1.062,1.4748,1.6243,1.5112,1.3486,1.2037,1.0652,0.9417,0.875,0.8757,0.9058,0.9355,1.5832,1.597,1.6048,1.6048,1.5949,1.5728,1.5361,1.4842,1.4211,1.3557,1.2963,1.2417,1.1801,1.0572,0.8814,0.8261,0.2733,-0.7277,-1.285,-0.3023,-0.0651,0.0954,0.3911,0.8256,1.4166,2.0919,2.2407,1.8359,1.5178,1.2889,1.0655,0.8518,0.7589,0.8021,0.8751,0.928,1.5256,1.5324,1.5336,1.5278,1.5135,1.4893,1.4545,1.4094,1.3566,1.2993,1.2388,1.1708,1.0835,0.9618,0.8528,0.7813,0.4285,0.0501,0.3589,0.6303,0.2998,0.3381,0.5636,0.9488,1.5253,2.2165,2.3604,1.9053,1.6076,1.3695,1.1006,0.8161,0.7019,0.7761,0.8733,0.9363,1.4743,1.4759,1.4724,1.4628,1.4459,1.4211,1.388,1.3469,1.2989,1.2448,1.1837,1.112,1.0243,0.9194,0.8114,0.6878,0.4966,0.3427,0.4052,0.4706,0.4034,0.4374,0.5861,0.9062,1.379,1.7866,1.8857,1.8118,1.6541,1.474,1.2333,0.9676,0.8362,0.8613,0.9234,0.9681,1.4287,1.4265,1.4197,1.4075,1.3892,1.3642,1.3325,1.294,1.2489,1.1972,1.1378,1.0687,0.988,0.8961,0.7958,0.6841,0.562,0.4671,0.4382,0.4389,0.423,0.376,0.4052,0.7301,1.215,1.6428,1.8756,1.8101,1.7301,1.6305,1.4234,1.1936,1.0469,1.0019,1.0049,1.0161,1.3882,1.3832,1.3741,1.3602,1.3411,1.3163,1.2858,1.2492,1.2067,1.1579,1.102,1.0383,0.9661,0.8862,0.8001,0.71,0.6225,0.5527,0.5114,0.4851,0.4286,0.2781,0.2267,0.5856,1.0721,1.4687,1.6877,1.7726,1.915,1.8326,1.5874,1.3594,1.2037,1.1201,1.0821,1.0649,1.3523,1.3452,1.3345,1.3196,1.3001,1.2758,1.2465,1.2119,1.172,1.1266,1.0752,1.0177,0.9543,0.8859,0.8142,0.7423,0.6756,0.6208,0.5808,0.5461,0.4901,0.3998,0.4057,0.6537,1.0072,1.3182,1.5438,1.7482,1.9381,1.8597,1.6326,1.4294,1.2846,1.1921,1.1367,1.1034]},{"header":{"la1":42.85,"la2":41.18,"lo1":11.55,"lo2":14.05,"nx":36,"ny":24,"dx":0.07143,"dy":0.07261,"parameterCategory":2,"parameterNumber":3,"parameterNumberName":"northward_wind","parameterUnit":"m.s-1"},"data":[1.5311,1.4819,1.4248,1.3613,1.2948,1.2318,1.1816,1.1544,1.1573,1.1901,1.2456,1.3131,1.3835,1.4515,1.5154,1.5749,1.6292,1.6756,1.7102,1.7296,1.7331,1.7228,1.7025,1.6764,1.6473,1.6173,1.5875,1.5584,1.5304,1.5034,1.4778,1.4536,1.4309,1.4098,1.3905,1.3731,1.5306,1.4716,1.3998,1.3152,1.2207,1.1248,1.0428,0.9948,0.9963,1.0485,1.1359,1.2369,1.3354,1.4251,1.507,1.5841,1.6572,1.7219,1.7702,1.7947,1.7942,1.7737,1.7412,1.7035,1.6647,1.6269,1.591,1.557,1.5249,1.4945,1.466,1.4392,1.4143,1.3914,1.3706,1.3519,1.5378,1.4693,1.381,1.2695,1.1349,0.9855,0.845,0.7534,0.7494,0.8386,0.9852,1.1417,1.2801,1.3958,1.4975,1.5963,1.697,1.7925,1.8645,1.8957,1.8839,1.8428,1.789,1.7339,1.6821,1.6351,1.5924,1.5531,1.5168,1.4829,1.4512,1.4216,1.3944,1.3695,1.3472,1.3274,1.5562,1.4803,1.3763,1.2345,1.0462,0.8118,0.5603,0.371,0.3476,0.5157,0.7802,1.0309,1.2229,1.3643,1.4828,1.6063,1.7496,1.9018,2.0204,2.0593,2.0174,1.9339,1.8443,1.7645,1.697,1.6399,1.5902,1.5459,1.5054,1.4678,1.4328,1.4004,1.3707,1.3437,1.3197,1.2989,1.5894,1.5113,1.3972,1.2284,0.979,0.6223,0.1661,-0.2543,-0.3436,0.0109,0.5209,0.9241,1.1767,1.331,1.4527,1.5987,1.8067,2.069,2.2882,2.3311,2.2099,2.0429,1.8988,1.7888,1.7051,1.6388,1.5832,1.5344,1.49,1.4488,1.4104,1.3749,1.3424,1.3132,1.2875,1.2656,1.6395,1.5678,1.4561,1.2767,0.9816,0.4928,-0.2772,-1.2079,-1.5091,-0.6984,0.2787,0.8756,1.1627,1.2922,1.3843,1.5363,1.827,2.2834,2.7193,2.744,2.4399,2.1396,1.9327,1.7963,1.7014,1.6295,1.5704,1.5183,1.4704,1.4255,1.3833,1.3442,1.3086,1.2769,1.2495,1.2266,1.7058,1.6509,1.5596,1.4006,1.1131,0.5778,-0.4239,-1.9943,-2.6889,-1.1549,0.2974,0.9704,1.1996,1.2329,1.2343,1.3498,1.7015,2.3621,3.0851,3.0673,2.5516,2.1534,1.919,1.7773,1.6827,1.6117,1.5521,1.498,1.4467,1.3976,1.351,1.3076,1.2683,1.2338,1.2046,1.1808,1.7833,1.7544,1.7012,1.5965,1.3871,0.9769,0.1984,-1.0249,-1.5231,-0.2631,0.8252,1.2458,1.2832,1.1197,0.9184,0.9262,1.2987,1.9726,2.6501,2.7066,2.338,2.0335,1.8478,1.732,1.6516,1.5879,1.5308,1.4753,1.42,1.3653,1.3126,1.2637,1.2199,1.1821,1.151,1.1267,1.8631,1.8638,1.8572,1.8239,1.7243,1.5238,1.2209,0.9177,0.9702,1.3964,1.6446,1.6238,1.3989,0.9285,0.2569,0.026,0.6047,1.3328,1.8491,2.0275,1.9614,1.8434,1.7465,1.6742,1.617,1.5652,1.5119,1.4538,1.3917,1.3285,1.2673,1.2108,1.1612,1.1196,1.0866,1.0622,1.9347,1.9594,1.9917,2.0175,1.9977,1.9489,1.9687,2.1777,2.6687,2.8732,2.4325,1.9962,1.5832,0.8243,-0.9185,-1.7909,-0.1457,0.9253,1.4123,1.6245,1.6892,1.684,1.6558,1.6245,1.5933,1.5559,1.505,1.4394,1.3643,1.2869,1.2128,1.1461,1.089,1.043,1.0084,0.985,1.9905,2.026,2.0709,2.1103,2.1138,2.1616,2.3326,2.7058,3.7484,4.2765,2.9703,2.2643,1.8882,1.3451,-0.4799,-1.7794,0.0518,0.9661,1.306,1.4683,1.5535,1.5877,1.5965,1.5993,1.5993,1.5808,1.5268,1.4406,1.3395,1.2382,1.1453,1.0646,0.9984,0.9476,0.9124,0.8917,2.0302,2.0653,2.1009,2.1215,2.1429,2.267,2.4501,2.6184,3.1863,3.6194,2.8449,2.3761,2.1958,2.1827,1.7306,0.9653,1.0306,1.2149,1.3009,1.4151,1.4972,1.5382,1.566,1.6071,1.6627,1.679,1.6042,1.4654,1.3141,1.1757,1.057,0.959,0.8821,0.8269,0.7928,0.7778,2.0589,2.0925,2.1258,2.1581,2.2176,2.3407,2.4705,2.5012,2.5851,2.7314,2.5832,2.4378,2.374,2.3744,2.2509,1.8095,1.5081,1.2035,1.1974,1.3968,1.4782,1.5079,1.5453,1.6417,1.8158,1.909,1.7588,1.5029,1.2704,1.0839,0.9354,0.8178,0.7296,0.6713,0.642,0.638,2.0809,2.1155,2.1539,2.2008,2.2695,2.3645,2.4557,2.5002,2.5267,2.5634,2.5384,2.4998,2.4941,2.4963,2.305,2.0055,1.7402,1.4323,1.3582,1.4545,1.4678,1.4638,1.5004,1.644,1.974,2.183,1.889,1.4776,1.1647,0.9379,0.7634,0.6259,0.5257,0.4671,0.4495,0.4654,2.097,2.1329,2.1742,2.2241,2.2864,2.3585,2.4267,2.4766,2.5194,2.5811,2.6402,2.6411,2.6326,2.8549,2.3983,2.0056,1.8137,1.7353,1.6078,1.5075,1.3927,1.3607,1.4022,1.5146,1.7855,1.9648,1.6717,1.2558,0.9434,0.714,0.5242,0.3637,0.2482,0.1941,0.201,0.253,2.1072,2.143,2.1838,2.231,2.2851,2.3437,2.4017,2.4589,2.5332,2.6685,2.8865,2.939,2.7782,2.602,2.3816,2.0645,1.8762,1.8389,1.7133,1.4753,1.1524,1.1806,1.2797,1.286,1.3,1.2692,1.0615,0.801,0.5949,0.4108,0.2092,0.0062,-0.1384,-0.1783,-0.1202,-0.0043,2.1118,2.1462,2.1847,2.2278,2.2753,2.3262,2.3802,2.4419,2.5271,2.6658,2.8459,2.8042,2.6531,2.5663,2.4057,2.212,2.0461,1.9356,1.8278,1.555,1.1261,1.1597,1.2053,1.0401,0.7583,0.4482,0.2338,0.1786,0.1681,0.0658,-0.1752,-0.4834,-0.6915,-0.6903,-0.5262,-0.3007,2.1113,2.1436,2.1791,2.2179,2.26,2.3053,2.3546,2.4115,2.4819,2.5666,2.6322,2.621,2.5788,2.5536,2.484,2.3991,2.1809,2.0104,1.9868,1.801,1.5104,1.3455,1.1635,0.7713,0.1062,-0.6708,-0.9321,-0.572,-0.2413,-0.2406,-0.5968,-1.1474,-1.4789,-1.3606,-0.9928,-0.603,2.1065,2.1363,2.1686,2.2032,2.2404,2.28,2.3227,2.3694,2.4203,2.4697,2.5023,2.5073,2.5013,2.5165,2.6964,2.7806,2.3281,2.0593,2.0067,1.9615,1.7445,1.4728,1.1344,0.5466,-0.5539,-2.1964,-2.5616,-1.248,-0.4542,-0.3873,-0.9462,-1.9035,-2.4056,-2.047,-1.3968,-0.8329,2.0983,2.1254,2.1542,2.1848,2.217,2.2508,2.2861,2.3225,2.3583,2.3895,2.4102,2.4192,2.4279,2.4745,2.6368,2.6712,2.3307,2.1019,2.1144,2.1606,1.8645,1.5456,1.1751,0.5649,-0.5562,-2.3881,-2.7929,-0.9613,-0.2243,-0.2525,-0.9592,-2.1808,-2.7848,-2.2842,-1.5118,-0.8906,2.0873,2.1115,2.137,2.1636,2.191,2.2191,2.2474,2.275,2.3002,2.3208,2.3344,2.3419,2.3502,2.3733,2.4083,2.3694,2.2147,2.0783,2.05,2.0213,1.8247,1.6007,1.3426,0.8756,0.2029,-0.1804,0.5195,0.5433,0.3901,0.1736,-0.47,-1.4704,-2.0322,-1.7795,-1.2338,-0.7404,2.074,2.0954,2.1176,2.1404,2.1633,2.1862,2.2083,2.2287,2.2463,2.2594,2.2672,2.2699,2.2697,2.2675,2.2533,2.2022,2.1105,2.0169,1.9486,1.8724,1.7666,1.7268,1.6656,1.2826,0.8362,0.8886,1.5067,1.2089,0.9587,0.7603,0.2355,-0.4639,-0.9371,-0.9726,-0.7444,-0.4551,2.0591,2.0778,2.0968,2.1159,2.1348,2.1529,2.1698,2.1844,2.196,2.2033,2.2057,2.2028,2.1942,2.1779,2.1483,2.0978,2.0278,1.9503,1.8744,1.7991,1.7544,1.8371,1.88,1.5238,1.136,1.0459,1.1694,1.2393,1.4745,1.3085,0.7877,0.2398,-0.1532,-0.3073,-0.272,-0.1426,2.0429,2.059,2.0751,2.0909,2.1061,2.1201,2.1324,2.1423,2.149,2.1517,2.1494,2.1416,2.127,2.104,2.0696,2.0215,1.9608,1.8921,1.8207,1.7548,1.7203,1.747,1.7255,1.5053,1.2468,1.1228,1.1433,1.3009,1.5383,1.4074,1.0051,0.602,0.3002,0.1351,0.0927,0.1316]}]