docs/data/wind_grid.json
[{"header":{"la1":42.85,"la2":41.18,"lo1":11.55,"lo2":14.05,"nx":36,"ny":24,"dx":0.07143,"dy":0.07261,"parameterCategory":2,"parameterNumber":2,"parameterNumberName":"eastward_wind","parameterUnit":"m.s-1"},"data":[0.1646,0.1585,0.1519,0.1449,0.1381,0.1322,0.1281,0.1268,0.1293,0.1357,0.1456,0.1582,0.1729,0.1891,0.2064,0.2241,0.2413,0.2565,0.2681,0.2748,0.2765,0.2738,0.2683,0.2612,0.2536,0.2462,0.2394,0.2333,0.228,0.2235,0.2197,0.2165,0.2138,0.2117,0.21,0.2086,0.1624,0.155,0.1466,0.1373,0.1276,0.1183,0.111,0.1076,0.1098,0.1179,0.1309,0.1474,0.1661,0.1866,0.2086,0.2318,0.2551,0.2761,0.2916,0.2995,0.2994,0.2931,0.2832,0.272,0.2611,0.2511,0.2424,0.2349,0.2286,0.2234,0.2192,0.2157,0.2129,0.2107,0.2089,0.2075,0.161,0.1523,0.1418,0.1296,0.1157,0.1012,0.0884,0.081,0.0823,0.0933,0.1116,0.1337,0.1576,0.1831,0.2109,0.2416,0.2741,0.3045,0.3268,0.3359,0.3316,0.3182,0.3011,0.284,0.2686,0.2555,0.2446,0.2357,0.2285,0.2227,0.218,0.2144,0.2115,0.2092,0.2075,0.2063,0.1608,0.1508,0.1383,0.1226,0.1034,0.0811,0.0586,0.0427,0.0419,0.0588,0.0867,0.1174,0.1475,0.1784,0.2126,0.2529,0.2993,0.3462,0.3808,0.3909,0.3768,0.35,0.3213,0.296,0.2752,0.2587,0.2456,0.2354,0.2273,0.221,0.2161,0.2124,0.2095,0.2074,0.2059,0.2048,0.1622,0.1514,0.1371,0.1182,0.0928,0.0597,0.0205,-0.0135,-0.0198,0.0103,0.0567,0.0998,0.1366,0.1717,0.2117,0.263,0.3296,0.4057,0.4647,0.4739,0.4376,0.3866,0.3411,0.3057,0.2793,0.2596,0.2447,0.2334,0.2249,0.2183,0.2134,0.2097,0.207,0.2052,0.2038,0.203,0.1656,0.1546,0.1397,0.1187,0.0884,0.0437,-0.0196,-0.0894,-0.1106,-0.0508,0.0281,0.0857,0.1262,0.1622,0.2049,0.2654,0.3554,0.4767,0.5816,0.585,0.5049,0.4184,0.354,0.3097,0.279,0.2572,0.2413,0.2296,0.2208,0.2144,0.2096,0.2063,0.204,0.2025,0.2015,0.201,0.1712,0.161,0.1468,0.1264,0.0953,0.0457,-0.0349,-0.146,-0.1912,-0.0886,0.0198,0.081,0.1172,0.1484,0.1886,0.2511,0.3536,0.5116,0.667,0.662,0.5373,0.4255,0.3518,0.3045,0.2729,0.2508,0.235,0.2235,0.2151,0.2091,0.2049,0.2021,0.2003,0.1994,0.199,0.199,0.1788,0.1704,0.1587,0.1418,0.1161,0.0751,0.0088,-0.0823,-0.117,-0.0329,0.0466,0.0865,0.1076,0.1279,0.1606,0.2163,0.3073,0.4436,0.5787,0.5833,0.4855,0.3936,0.3309,0.2892,0.2606,0.2404,0.2257,0.2151,0.2076,0.2024,0.199,0.1971,0.1962,0.196,0.1963,0.1969,0.1879,0.1821,0.1741,0.1629,0.1466,0.1224,0.0886,0.0528,0.043,0.065,0.0855,0.0922,0.0913,0.0963,0.12,0.1682,0.2401,0.3282,0.4045,0.4227,0.3869,0.3388,0.2979,0.2668,0.2436,0.2264,0.2137,0.2045,0.1983,0.1943,0.1922,0.1915,0.1917,0.1926,0.1937,0.195,0.1981,0.1951,0.1913,0.1864,0.1796,0.1701,0.1567,0.1397,0.1231,0.1148,0.1089,0.0893,0.061,0.0451,0.0629,0.1161,0.1881,0.2577,0.306,0.323,0.3129,0.2895,0.2642,0.2418,0.2236,0.2096,0.1991,0.1918,0.1872,0.1849,0.1845,0.1854,0.1871,0.1892,0.1914,0.1935,0.2083,0.2082,0.2084,0.2092,0.2105,0.2112,0.2074,0.1891,0.1331,0.1063,0.1191,0.0786,0.0103,-0.0432,-0.0225,0.063,0.1681,0.2567,0.2988,0.298,0.2792,0.2563,0.2348,0.2165,0.2018,0.1904,0.1821,0.1768,0.1742,0.1742,0.176,0.179,0.1827,0.1864,0.1898,0.1927,0.2181,0.2204,0.224,0.2295,0.2374,0.2462,0.2465,0.2306,0.2055,0.1503,0.1384,0.0743,-0.0477,-0.1936,-0.1422,0.0188,0.1908,0.349,0.3849,0.3245,0.2688,0.2317,0.2071,0.1902,0.1778,0.1686,0.1623,0.1592,0.1592,0.1621,0.167,0.173,0.1792,0.1848,0.1896,0.1933,0.2269,0.231,0.2371,0.246,0.2591,0.277,0.288,0.1293,0.3831,0.2508,0.1724,0.1106,-0.0043,-0.2414,-0.1867,0.0261,0.2375,0.5203,0.5275,0.3511,0.2507,0.1996,0.1738,0.1599,0.1505,0.1433,0.1389,0.1382,0.1416,0.1486,0.1579,0.168,0.1775,0.1855,0.1916,0.1958,0.2343,0.2397,0.2471,0.2578,0.2736,0.2983,0.3449,0.4718,0.4346,0.2914,0.2128,0.167,0.1302,-0.0823,-0.0297,0.1028,0.24,0.4023,0.4234,0.2905,0.1907,0.142,0.1274,0.1234,0.1189,0.1132,0.1099,0.112,0.1203,0.1337,0.1497,0.1656,0.1795,0.19,0.197,0.2011,0.2404,0.2463,0.2542,0.2649,0.2797,0.301,0.3316,0.3615,0.3488,0.3188,0.299,0.2271,0.0853,-0.087,0.0608,0.2004,0.2788,0.2717,0.257,0.1712,0.0694,0.0426,0.0661,0.0827,0.0829,0.0755,0.0715,0.0774,0.0939,0.1176,0.144,0.1686,0.188,0.2008,0.2076,0.2103,0.2452,0.2512,0.2588,0.2685,0.2808,0.296,0.3127,0.3266,0.3392,0.3843,0.5088,0.329,0.2616,0.1642,0.1901,0.2413,0.2692,0.2409,0.1853,0.0634,-0.117,-0.0904,0.0082,0.0463,0.042,0.0235,0.015,0.0282,0.0599,0.1012,0.1441,0.1814,0.2077,0.2214,0.2253,0.2239,0.2488,0.2547,0.2618,0.2704,0.2806,0.2924,0.3053,0.3203,0.3452,0.4013,0.4952,0.4125,0.4778,0.5376,0.3651,0.3196,0.2791,0.2179,0.1535,0.0517,-0.1398,-0.1043,-0.0009,0.0232,-0.0101,-0.0599,-0.0777,-0.0456,0.0162,0.0867,0.1551,0.2111,0.2449,0.2553,0.2513,0.242,0.2516,0.2572,0.2639,0.2716,0.2806,0.2908,0.3029,0.3183,0.3408,0.3731,0.4026,0.4238,0.5421,0.5839,0.5244,0.5087,0.3568,0.1884,0.1117,0.1068,0.0392,0.0208,0.0371,0.0091,-0.0859,-0.2067,-0.2379,-0.1516,-0.0331,0.0786,0.1816,0.2639,0.3038,0.3027,0.2831,0.2619,0.2537,0.2591,0.2653,0.2724,0.2806,0.29,0.3013,0.3153,0.3333,0.355,0.3788,0.4121,0.4691,0.5467,0.7863,0.8864,0.4848,0.2182,0.1306,0.1272,0.1189,0.105,0.0815,0.0066,-0.167,-0.4194,-0.4705,-0.2561,-0.0646,0.0813,0.2168,0.3282,0.3703,0.3497,0.311,0.2778,0.2552,0.2603,0.2661,0.2727,0.2803,0.2891,0.2994,0.3118,0.3268,0.3448,0.3669,0.3977,0.4468,0.5431,0.7428,0.7921,0.4948,0.2609,0.1343,0.1058,0.1485,0.1641,0.1409,0.0488,-0.1451,-0.4389,-0.499,-0.2074,-0.0354,0.0941,0.2319,0.3531,0.3949,0.3658,0.3201,0.283,0.2563,0.2611,0.2665,0.2727,0.2797,0.2877,0.2971,0.3081,0.321,0.3366,0.356,0.3823,0.4209,0.4797,0.5462,0.5355,0.4118,0.2748,0.1798,0.1575,0.2041,0.2577,0.2553,0.1587,0.0088,-0.0762,0.0344,0.0435,0.0463,0.1118,0.2132,0.3099,0.3511,0.3372,0.3048,0.2753,0.2569,0.2614,0.2665,0.2722,0.2786,0.2859,0.2943,0.3039,0.315,0.3282,0.3441,0.364,0.3888,0.4164,0.4335,0.4151,0.3565,0.2877,0.241,0.2407,0.3072,0.4286,0.4572,0.3125,0.1514,0.1104,0.1874,0.1485,0.1056,0.1288,0.1884,0.2508,0.2863,0.2897,0.2761,0.2591,0.2571,0.2613,0.266,0.2712,0.2771,0.2836,0.291,0.2993,0.3087,0.3194,0.3315,0.3452,0.3596,0.3713,0.3734,0.3586,0.328,0.2948,0.2774,0.2972,0.3842,0.5426,0.5859,0.412,0.236,0.1569,0.1506,0.1406,0.1291,0.1423,0.1755,0.2129,0.2394,0.2498,0.2483,0.2414,0.2569,0.2609,0.2652,0.27,0.2752,0.281,0.2874,0.2944,0.3021,0.3104,0.3193,0.3283,0.3361,0.3407,0.3388,0.3285,0.312,0.2965,0.2932,0.3163,0.3805,0.4712,0.4891,0.3873,0.2662,0.1908,0.1596,0.1477,0.1451,0.1539,0.1727,0.1949,0.2132,0.2239,0.2275,0.2265]},{"header":{"la1":42.85,"la2":41.18,"lo1":11.55,"lo2":14.05,"nx":36,"ny":24,"dx":0.07143,"dy":0.07261,"parameterCategory":2,"parameterNumber":3,"parameterNumberName":"northward_wind","parameterUnit":"m.s-1"},"data":[-0.6366,-0.6327,-0.6284,-0.6237,-0.6186,-0.6132,-0.6079,-0.6026,-0.5971,-0.5911,-0.5836,-0.5736,-0.5604,-0.5434,-0.5226,-0.4989,-0.4742,-0.4511,-0.4326,-0.4211,-0.4172,-0.4194,-0.4256,-0.4337,-0.4418,-0.449,-0.4549,-0.4594,-0.4625,-0.4646,-0.4657,-0.4662,-0.4663,-0.466,-0.4655,-0.465,-0.6387,-0.6344,-0.6295,-0.624,-0.6181,-0.6118,-0.6058,-0.6002,-0.5953,-0.5902,-0.5837,-0.574,-0.5598,-0.5398,-0.5139,-0.4828,-0.4488,-0.4166,-0.3916,-0.3783,-0.3773,-0.3857,-0.3989,-0.4133,-0.4263,-0.4371,-0.4454,-0.4514,-0.4555,-0.458,-0.4594,-0.46,-0.46,-0.4597,-0.4592,-0.4586,-0.6409,-0.6361,-0.6306,-0.6241,-0.6168,-0.6089,-0.6013,-0.595,-0.5907,-0.5877,-0.5835,-0.5753,-0.5606,-0.5376,-0.5052,-0.4635,-0.4151,-0.3673,-0.3312,-0.3159,-0.322,-0.3422,-0.3672,-0.3909,-0.4105,-0.4256,-0.4364,-0.4439,-0.4487,-0.4516,-0.453,-0.4535,-0.4534,-0.4529,-0.4523,-0.4517,-0.6433,-0.6381,-0.6317,-0.624,-0.6147,-0.6041,-0.5932,-0.5845,-0.5808,-0.5817,-0.5825,-0.5777,-0.5637,-0.5381,-0.4982,-0.4422,-0.3712,-0.2957,-0.2386,-0.2218,-0.2447,-0.2875,-0.3316,-0.3683,-0.3959,-0.4154,-0.4286,-0.4372,-0.4424,-0.4453,-0.4465,-0.4467,-0.4463,-0.4456,-0.4448,-0.444,-0.6461,-0.6404,-0.6333,-0.6242,-0.6126,-0.5978,-0.5806,-0.5654,-0.5611,-0.5696,-0.5801,-0.5817,-0.5701,-0.5429,-0.4961,-0.4231,-0.319,-0.1941,-0.0952,-0.0796,-0.1409,-0.2249,-0.2969,-0.3492,-0.3846,-0.4078,-0.4226,-0.4315,-0.4366,-0.439,-0.4398,-0.4395,-0.4386,-0.4375,-0.4364,-0.4356,-0.6493,-0.6433,-0.6356,-0.6256,-0.6119,-0.5926,-0.5655,-0.5357,-0.5264,-0.5503,-0.5779,-0.5887,-0.5808,-0.554,-0.5033,-0.4164,-0.2743,-0.073,0.1054,0.1111,-0.0261,-0.1707,-0.2736,-0.3391,-0.3795,-0.4042,-0.4188,-0.4271,-0.4312,-0.4327,-0.4326,-0.4315,-0.43,-0.4285,-0.4271,-0.4261,-0.6531,-0.6469,-0.639,-0.6287,-0.6146,-0.5935,-0.5596,-0.512,-0.4922,-0.5379,-0.5835,-0.6009,-0.5959,-0.5716,-0.5233,-0.4352,-0.2757,-0.0139,0.2525,0.2438,0.0286,-0.1591,-0.2756,-0.3432,-0.3824,-0.4048,-0.4173,-0.4236,-0.426,-0.426,-0.4247,-0.4226,-0.4203,-0.4181,-0.4164,-0.4153,-0.6574,-0.6511,-0.6432,-0.6334,-0.6209,-0.6036,-0.5772,-0.5402,-0.5264,-0.5675,-0.6057,-0.6193,-0.6139,-0.5929,-0.5534,-0.4819,-0.3508,-0.1322,0.0975,0.1052,-0.0634,-0.2143,-0.3081,-0.362,-0.3923,-0.4088,-0.4171,-0.4203,-0.4203,-0.4184,-0.4155,-0.4121,-0.4089,-0.4061,-0.4041,-0.4028,-0.6621,-0.6557,-0.6477,-0.6382,-0.6275,-0.6162,-0.6049,-0.5968,-0.6019,-0.621,-0.6364,-0.6394,-0.6295,-0.6102,-0.5826,-0.5376,-0.4585,-0.3379,-0.2174,-0.1858,-0.2408,-0.309,-0.3583,-0.3885,-0.4054,-0.4138,-0.4167,-0.4161,-0.4132,-0.4091,-0.4044,-0.3996,-0.3953,-0.3919,-0.3896,-0.3884,-0.6673,-0.6605,-0.6518,-0.6414,-0.6302,-0.6203,-0.616,-0.6233,-0.6436,-0.6582,-0.6608,-0.6549,-0.6346,-0.6102,-0.5946,-0.5783,-0.5418,-0.4832,-0.423,-0.3873,-0.3825,-0.3929,-0.4047,-0.4126,-0.4164,-0.4166,-0.4142,-0.4097,-0.4039,-0.3974,-0.3907,-0.3844,-0.379,-0.3749,-0.3724,-0.3715,-0.6732,-0.6659,-0.6559,-0.6428,-0.6269,-0.6107,-0.601,-0.6115,-0.66,-0.682,-0.6756,-0.665,-0.6191,-0.5665,-0.5677,-0.5945,-0.5887,-0.5504,-0.5107,-0.4807,-0.4583,-0.443,-0.433,-0.4262,-0.4204,-0.4145,-0.4078,-0.4,-0.3915,-0.3825,-0.3736,-0.3656,-0.3589,-0.3543,-0.3518,-0.3515,-0.6803,-0.6727,-0.6613,-0.6445,-0.6209,-0.5907,-0.5652,-0.5653,-0.5977,-0.662,-0.6895,-0.6809,-0.5881,-0.4256,-0.481,-0.6026,-0.6169,-0.5462,-0.5106,-0.5056,-0.4845,-0.4586,-0.4384,-0.4247,-0.4147,-0.4058,-0.3965,-0.3862,-0.3751,-0.3636,-0.3523,-0.3422,-0.3342,-0.329,-0.3269,-0.3278,-0.689,-0.6818,-0.6701,-0.6511,-0.6207,-0.5734,-0.5167,-0.6518,-0.3978,-0.6266,-0.7305,-0.7031,-0.6421,-0.3865,-0.465,-0.6751,-0.6703,-0.464,-0.4472,-0.5008,-0.4766,-0.4412,-0.4184,-0.4064,-0.3983,-0.39,-0.38,-0.368,-0.3545,-0.3401,-0.3258,-0.313,-0.3032,-0.2976,-0.2964,-0.2994,-0.6996,-0.6941,-0.6842,-0.667,-0.6375,-0.586,-0.4932,-0.3043,-0.3975,-0.7085,-0.8404,-0.6929,-0.6561,-1.0517,-0.8472,-0.8863,-0.8859,-0.6256,-0.5243,-0.4978,-0.4264,-0.3793,-0.3686,-0.3714,-0.3727,-0.3684,-0.3591,-0.3458,-0.3296,-0.3115,-0.2929,-0.2762,-0.264,-0.2581,-0.2589,-0.2654,-0.7117,-0.7092,-0.7036,-0.6931,-0.6748,-0.645,-0.6039,-0.5866,-0.7031,-0.9326,-1.0991,-1.1165,-1.135,-1.3832,-1.0916,-1.1627,-1.3921,-0.9326,-0.6216,-0.4318,-0.2799,-0.2452,-0.2874,-0.3256,-0.3429,-0.3443,-0.3358,-0.3208,-0.301,-0.2774,-0.2523,-0.2293,-0.2134,-0.2078,-0.2126,-0.225,-0.7247,-0.726,-0.7262,-0.725,-0.7226,-0.7221,-0.7344,-0.7892,-0.9279,-1.16,-1.4175,-1.5904,-1.4707,-1.3299,-1.1914,-1.1667,-1.2522,-0.8748,-0.528,-0.269,-0.0107,-0.0506,-0.2031,-0.2857,-0.3172,-0.3221,-0.313,-0.295,-0.2698,-0.2381,-0.2021,-0.1685,-0.1468,-0.143,-0.1555,-0.1779,-0.7375,-0.7427,-0.7486,-0.7562,-0.7676,-0.7879,-0.8274,-0.9033,-1.0338,-1.224,-1.4141,-1.496,-1.7751,-1.8838,-1.3112,-1.042,-0.8507,-0.5154,-0.2369,-0.1505,0.0321,-0.0225,-0.1862,-0.2719,-0.3031,-0.3074,-0.2963,-0.2724,-0.2383,-0.1943,-0.141,-0.0888,-0.0583,-0.0606,-0.0879,-0.1261,-0.7489,-0.7574,-0.768,-0.782,-0.802,-0.8323,-0.8797,-0.9524,-1.0555,-1.1822,-1.3049,-1.4436,-1.8062,-1.8515,-1.2244,-0.9153,-0.6393,-0.0988,0.302,-0.0281,-0.127,-0.1635,-0.234,-0.2817,-0.301,-0.3096,-0.2996,-0.259,-0.2073,-0.1478,-0.0704,0.0111,0.053,0.036,-0.0159,-0.0754,-0.7581,-0.7689,-0.7825,-0.8,-0.8237,-0.8564,-0.9017,-0.9626,-1.0389,-1.1247,-1.2111,-1.3024,-1.3845,-1.2696,-0.9183,-0.8117,-0.6083,-0.1351,0.1346,-0.0716,-0.1812,-0.2428,-0.2809,-0.2949,-0.3012,-0.3436,-0.3497,-0.2487,-0.167,-0.1009,-0.0044,0.1105,0.1624,0.1226,0.0425,-0.0373,-0.7646,-0.7767,-0.7916,-0.8103,-0.8342,-0.8649,-0.9039,-0.9517,-1.0063,-1.0631,-1.1149,-1.1511,-1.1426,-1.0377,-0.8709,-0.7936,-0.6142,-0.321,-0.1364,-0.1097,-0.2148,-0.2973,-0.3256,-0.3055,-0.273,-0.3247,-0.3386,-0.1477,-0.0859,-0.0556,0.0264,0.1467,0.2001,0.1512,0.0617,-0.0241,-0.7683,-0.7808,-0.7957,-0.8138,-0.8359,-0.8625,-0.8941,-0.9299,-0.9676,-1.0029,-1.0292,-1.0365,-1.0101,-0.9404,-0.8465,-0.7475,-0.5985,-0.4061,-0.247,-0.2114,-0.3004,-0.3893,-0.408,-0.3372,-0.2064,-0.0364,0.2163,0.1776,0.0412,-0.0155,0.0137,0.0928,0.1354,0.1036,0.0337,-0.0394,-0.7694,-0.7815,-0.7955,-0.812,-0.8312,-0.8532,-0.8777,-0.9034,-0.9281,-0.9483,-0.9588,-0.9532,-0.925,-0.8722,-0.8,-0.7105,-0.5984,-0.4767,-0.3848,-0.3662,-0.4335,-0.5459,-0.5695,-0.4274,-0.1916,0.1377,0.4587,0.335,0.1111,0.0017,-0.0164,0.0134,0.0361,0.0212,-0.0222,-0.0747,-0.7682,-0.7794,-0.7921,-0.8064,-0.8224,-0.8398,-0.858,-0.8757,-0.891,-0.9009,-0.9021,-0.8906,-0.8634,-0.8195,-0.7604,-0.688,-0.6059,-0.526,-0.4698,-0.4613,-0.5211,-0.6443,-0.6785,-0.5077,-0.2552,0.0173,0.2078,0.1835,0.064,-0.0212,-0.0533,-0.0521,-0.0465,-0.0559,-0.082,-0.1173,-0.7651,-0.7751,-0.7861,-0.7981,-0.811,-0.8243,-0.8373,-0.8488,-0.8573,-0.8606,-0.8564,-0.8423,-0.8167,-0.7791,-0.7306,-0.6734,-0.612,-0.555,-0.5146,-0.5038,-0.5333,-0.5912,-0.5966,-0.4857,-0.3112,-0.1354,-0.017,0.0062,-0.031,-0.0735,-0.0979,-0.1058,-0.109,-0.1176,-0.1349,-0.1589]}]