docs/data/wind_grid.json
{"header": {"la1":42.1,"la2":41.55,"lo1":12.1,"lo2":12.95,"nx":50,"ny":50,"dx":0.01735,"dy":0.01122,"parameterCategory":2,"parameterNumber":2,"parameterNumberName":"eastward_wind","parameterUnit":"m.s-1"}, "data":
[rows 0 to 41 of 50, columns 0 to 49 of 50]
-0.1248,-0.1272,-0.1303,-0.134,-0.1386,-0.144,-0.1502,-0.1573,-0.1654,-0.1744,-0.1843,-0.1951,-0.2069,-0.2197,-0.2334,-0.2481,-0.264,-0.2811,-0.2996,-0.32,-0.3426,-0.368,-0.3968,-0.4298,-0.4678,-0.5117,-0.5622,-0.6202,-0.6863,-0.7608,-0.8439,-0.9352,-1.0336,-1.1375,-1.2441,-1.3502,-1.4515,-1.5437,-1.6229,-1.6858,-1.7306,-1.757,-1.7659,-1.7595,-1.7405,-1.7117,-1.6757,-1.6351,-1.5917,-1.547
-0.1164,-0.1186,-0.1214,-0.125,-0.1294,-0.1346,-0.1408,-0.1478,-0.1558,-0.1648,-0.1747,-0.1856,-0.1975,-0.2103,-0.224,-0.2387,-0.2544,-0.2713,-0.2896,-0.3096,-0.3317,-0.3566,-0.385,-0.4177,-0.4557,-0.4998,-0.5512,-0.6106,-0.679,-0.7568,-0.8443,-0.9412,-1.0466,-1.1587,-1.2747,-1.3906,-1.5017,-1.6027,-1.6888,-1.7563,-1.8029,-1.8284,-1.8343,-1.8232,-1.7985,-1.7635,-1.7213,-1.6748,-1.626,-1.5765
-0.1079,-0.1098,-0.1124,-0.1158,-0.12,-0.125,-0.131,-0.138,-0.146,-0.155,-0.165,-0.1759,-0.1879,-0.2008,-0.2145,-0.2292,-0.2449,-0.2616,-0.2796,-0.2991,-0.3207,-0.345,-0.3728,-0.405,-0.4427,-0.487,-0.5389,-0.5996,-0.6701,-0.751,-0.8429,-0.9456,-1.0583,-1.1793,-1.3054,-1.4322,-1.5541,-1.665,-1.7589,-1.8313,-1.8797,-1.904,-1.9061,-1.8894,-1.858,-1.816,-1.7671,-1.7142,-1.6596,-1.6051
-0.0992,-0.1008,-0.1031,-0.1063,-0.1103,-0.1152,-0.121,-0.1279,-0.1359,-0.1449,-0.155,-0.1661,-0.1782,-0.1912,-0.2051,-0.2198,-0.2354,-0.2519,-0.2696,-0.2887,-0.3097,-0.3332,-0.3603,-0.3918,-0.429,-0.4731,-0.5254,-0.5871,-0.6595,-0.7434,-0.8395,-0.948,-1.0682,-1.1985,-1.3355,-1.4743,-1.6083,-1.7303,-1.833,-1.9108,-1.9609,-1.9833,-1.9807,-1.9574,-1.9185,-1.8687,-1.8123,-1.7526,-1.692,-1.6322
-0.0903,-0.0916,-0.0937,-0.0965,-0.1003,-0.105,-0.1108,-0.1176,-0.1255,-0.1346,-0.1448,-0.156,-0.1683,-0.1815,-0.1956,-0.2104,-0.2261,-0.2425,-0.2598,-0.2784,-0.2987,-0.3214,-0.3475,-0.3781,-0.4145,-0.4582,-0.5106,-0.5731,-0.647,-0.7336,-0.8338,-0.9479,-1.0758,-1.2156,-1.3643,-1.5161,-1.6637,-1.798,-1.9105,-1.9943,-2.0459,-2.0658,-2.0575,-2.0266,-1.9791,-1.9208,-1.8564,-1.7895,-1.7227,-1.6576
-0.0813,-0.0822,-0.0839,-0.0865,-0.09,-0.0946,-0.1002,-0.1069,-0.1149,-0.124,-0.1343,-0.1457,-0.1583,-0.1717,-0.1861,-0.2011,-0.2169,-0.2332,-0.2503,-0.2684,-0.288,-0.3097,-0.3347,-0.3641,-0.3996,-0.4425,-0.4947,-0.5576,-0.6328,-0.7216,-0.8254,-0.9449,-1.0802,-1.2299,-1.3907,-1.5566,-1.719,-1.8672,-1.9905,-2.0808,-2.1338,-2.1505,-2.1355,-2.0958,-2.0389,-1.9713,-1.8985,-1.8241,-1.751,-1.6806
-0.072,-0.0726,-0.074,-0.0762,-0.0795,-0.0838,-0.0892,-0.0959,-0.1038,-0.1131,-0.1235,-0.1352,-0.1481,-0.1619,-0.1766,-0.192,-0.208,-0.2244,-0.2413,-0.2589,-0.2777,-0.2983,-0.322,-0.35,-0.3842,-0.4261,-0.4777,-0.5406,-0.6166,-0.7073,-0.8142,-0.9385,-1.0808,-1.2401,-1.4134,-1.5942,-1.7727,-1.9362,-2.0717,-2.169,-2.2232,-2.2358,-2.2131,-2.1637,-2.0964,-2.0191,-1.9375,-1.8556,-1.7762,-1.7008
-0.0626,-0.0628,-0.0638,-0.0657,-0.0686,-0.0727,-0.0779,-0.0845,-0.0924,-0.1018,-0.1124,-0.1244,-0.1377,-0.1519,-0.1671,-0.183,-0.1993,-0.2159,-0.2328,-0.25,-0.268,-0.2875,-0.3096,-0.3361,-0.3686,-0.4091,-0.4597,-0.5222,-0.5985,-0.6905,-0.7998,-0.9281,-1.0767,-1.2451,-1.4308,-1.627,-1.8228,-2.003,-2.1519,-2.2568,-2.312,-2.3199,-2.2883,-2.2283,-2.1501,-2.0627,-1.9723,-1.8831,-1.7978,-1.7175
-0.0529,-0.0527,-0.0533,-0.0548,-0.0574,-0.0612,-0.0662,-0.0727,-0.0806,-0.09,-0.1009,-0.1133,-0.127,-0.1419,-0.1577,-0.1741,-0.191,-0.2081,-0.225,-0.242,-0.2592,-0.2774,-0.2979,-0.3224,-0.353,-0.3919,-0.4411,-0.5028,-0.5788,-0.6712,-0.782,-0.9134,-1.067,-1.2435,-1.4409,-1.6527,-1.8664,-2.0646,-2.228,-2.3411,-2.3972,-2.3996,-2.3586,-2.2873,-2.198,-2.1006,-2.0017,-1.9056,-1.8148,-1.7303
-0.0431,-0.0424,-0.0425,-0.0436,-0.0458,-0.0493,-0.0541,-0.0604,-0.0683,-0.0778,-0.089,-0.1018,-0.116,-0.1316,-0.1481,-0.1654,-0.1831,-0.2008,-0.2181,-0.235,-0.2515,-0.2685,-0.2872,-0.3095,-0.3378,-0.3745,-0.422,-0.4823,-0.5575,-0.6496,-0.7609,-0.8938,-1.0509,-1.2339,-1.4417,-1.6682,-1.9001,-2.1171,-2.296,-2.4179,-2.4749,-2.4714,-2.4205,-2.338,-2.2379,-2.1309,-2.0243,-1.9221,-1.8266,-1.7385
-0.0331,-0.0318,-0.0315,-0.0321,-0.0339,-0.037,-0.0415,-0.0476,-0.0555,-0.0651,-0.0766,-0.0898,-0.1046,-0.121,-0.1385,-0.1568,-0.1755,-0.1941,-0.2122,-0.2292,-0.2454,-0.2611,-0.2777,-0.2975,-0.3232,-0.3574,-0.4027,-0.4612,-0.535,-0.6259,-0.7363,-0.8691,-1.0277,-1.2148,-1.4308,-1.6703,-1.9196,-2.1556,-2.3506,-2.4818,-2.5399,-2.5308,-2.4704,-2.3772,-2.2673,-2.1521,-2.0389,-1.9317,-1.8325,-1.7417
-0.0228,-0.0211,-0.0202,-0.0202,-0.0215,-0.0242,-0.0284,-0.0343,-0.0421,-0.0518,-0.0635,-0.0772,-0.0927,-0.11,-0.1286,-0.1482,-0.1682,-0.1882,-0.2073,-0.225,-0.241,-0.2556,-0.2701,-0.287,-0.3095,-0.3408,-0.3835,-0.4398,-0.5115,-0.6002,-0.7085,-0.8393,-0.9968,-1.185,-1.406,-1.6558,-1.9205,-2.1746,-2.3857,-2.5266,-2.5864,-2.5725,-2.5039,-2.4018,-2.2838,-2.1622,-2.0442,-1.9336,-1.8319,-1.7395
-0.0125,-0.0101,-0.0085,-0.008,-0.0088,-0.0109,-0.0147,-0.0203,-0.028,-0.0377,-0.0497,-0.0639,-0.0802,-0.0985,-0.1184,-0.1394,-0.1611,-0.1828,-0.2035,-0.2225,-0.2389,-0.2525,-0.2647,-0.2783,-0.2972,-0.325,-0.3648,-0.4184,-0.4874,-0.5731,-0.6777,-0.8044,-0.9578,-1.1435,-1.3653,-1.6213,-1.8981,-2.168,-2.3943,-2.5452,-2.6079,-2.5911,-2.5167,-2.4085,-2.2854,-2.1598,-2.0392,-1.9269,-1.8244,-1.7315
-0.0019,0.0011,0.0034,0.0045,0.0044,0.0029,-0.0004,-0.0057,-0.0131,-0.0229,-0.0351,-0.0498,-0.0669,-0.0863,-0.1075,-0.1303,-0.1539,-0.1778,-0.2008,-0.2218,-0.2393,-0.2524,-0.2621,-0.2718,-0.2864,-0.3104,-0.3467,-0.3973,-0.4631,-0.5449,-0.6444,-0.7647,-0.911,-1.09,-1.3077,-1.5645,-1.8483,-2.1304,-2.3699,-2.5307,-2.5979,-2.5813,-2.5051,-2.3947,-2.27,-2.1438,-2.0232,-1.9114,-1.8096,-1.7177
0.0088,0.0126,0.0155,0.0174,0.0181,0.0172,0.0145,0.0097,0.0026,-0.0071,-0.0195,-0.0347,-0.0526,-0.0731,-0.0959,-0.1205,-0.1464,-0.1728,-0.1988,-0.2229,-0.2426,-0.2558,-0.2628,-0.2679,-0.2774,-0.2969,-0.3296,-0.3769,-0.439,-0.5161,-0.609,-0.7207,-0.8566,-1.0246,-1.2327,-1.484,-1.7685,-2.0574,-2.3072,-2.4776,-2.5517,-2.5394,-2.4663,-2.3587,-2.2368,-2.1136,-1.9958,-1.8868,-1.7876,-1.698
0.0196,0.0242,0.028,0.0307,0.0322,0.0321,0.0301,0.0259,0.0191,0.0096,-0.0029,-0.0185,-0.0372,-0.0589,-0.0832,-0.1098,-0.1381,-0.1675,-0.1971,-0.2253,-0.2488,-0.2633,-0.2674,-0.2667,-0.2701,-0.2846,-0.3134,-0.3572,-0.4154,-0.4871,-0.5723,-0.6733,-0.7957,-0.9483,-1.1413,-1.3803,-1.6584,-1.9478,-2.2036,-2.383,-2.4667,-2.4637,-2.3993,-2.2999,-2.1857,-2.0692,-1.9574,-1.8534,-1.7586,-1.6727
0.0306,0.036,0.0407,0.0443,0.0467,0.0475,0.0464,0.0429,0.0367,0.0274,0.0149,-0.0011,-0.0205,-0.0433,-0.0691,-0.0977,-0.1284,-0.1608,-0.1945,-0.228,-0.2575,-0.275,-0.2759,-0.2677,-0.2639,-0.2731,-0.2981,-0.3385,-0.3926,-0.4583,-0.5347,-0.6232,-0.7294,-0.8628,-1.0355,-1.2561,-1.5206,-1.8037,-2.0611,-2.2484,-2.3442,-2.3554,-2.3055,-2.2197,-2.1176,-2.0115,-1.9084,-1.8118,-1.7229,-1.6419
0.0416,0.0479,0.0536,0.0583,0.0617,0.0636,0.0634,0.0608,0.0552,0.0464,0.034,0.0178,-0.0022,-0.026,-0.0533,-0.0838,-0.1168,-0.152,-0.1895,-0.2291,-0.2669,-0.2901,-0.2874,-0.2696,-0.2576,-0.2617,-0.2833,-0.3207,-0.3708,-0.4303,-0.497,-0.5716,-0.6593,-0.7705,-0.9189,-1.1158,-1.3607,-1.6315,-1.8859,-2.0798,-2.1896,-2.219,-2.1884,-2.1208,-2.0347,-1.9421,-1.8502,-1.7627,-1.6812,-1.6063
0.0526,0.0599,0.0667,0.0725,0.0772,0.0802,0.0812,0.0796,0.0749,0.0667,0.0546,0.0383,0.0177,-0.007,-0.0356,-0.0677,-0.1027,-0.1401,-0.1803,-0.225,-0.2725,-0.3049,-0.2981,-0.2687,-0.2489,-0.2492,-0.2687,-0.3038,-0.3501,-0.4033,-0.4599,-0.5195,-0.5873,-0.6744,-0.7961,-0.9661,-1.1873,-1.4412,-1.6889,-1.8876,-2.0119,-2.0618,-2.0536,-2.0073,-1.9399,-1.8631,-1.7842,-1.7073,-1.6344,-1.5665
0.0636,0.072,0.0799,0.087,0.093,0.0974,0.0997,0.0994,0.0958,0.0883,0.0766,0.0604,0.0395,0.0141,-0.0156,-0.0492,-0.0857,-0.1242,-0.165,-0.2111,-0.2655,-0.3086,-0.2982,-0.2588,-0.235,-0.2347,-0.2538,-0.2875,-0.3307,-0.3777,-0.424,-0.4683,-0.5156,-0.578,-0.6723,-0.8146,-1.0105,-1.2451,-1.4832,-1.6843,-1.8222,-1.8928,-1.9078,-1.8841,-1.8369,-1.7772,-1.7124,-1.647,-1.5835,-1.5232
0.0746,0.0841,0.0932,0.1017,0.1091,0.1151,0.1189,0.1201,0.1178,0.1113,0.1002,0.0842,0.0631,0.0372,0.0067,-0.028,-0.0656,-0.1044,-0.1431,-0.1839,-0.2332,-0.2788,-0.2692,-0.2318,-0.2137,-0.2176,-0.2386,-0.2721,-0.3126,-0.3539,-0.39,-0.4192,-0.4465,-0.4851,-0.5535,-0.6696,-0.841,-1.0557,-1.2823,-1.4831,-1.6318,-1.721,-1.7582,-1.7566,-1.7294,-1.687,-1.6368,-1.5833,-1.5296,-1.4773
0.0854,0.0961,0.1065,0.1164,0.1255,0.1332,0.1389,0.1418,0.141,0.1358,0.1254,0.1096,0.0885,0.0623,0.0313,-0.0041,-0.0426,-0.0811,-0.1159,-0.1449,-0.171,-0.1948,-0.1961,-0.1855,-0.1852,-0.1982,-0.2232,-0.2575,-0.2961,-0.332,-0.3587,-0.3738,-0.3827,-0.3999,-0.4456,-0.5388,-0.6882,-0.8838,-1.0975,-1.295,-1.4507,-1.5548,-1.611,-1.6294,-1.6211,-1.5953,-1.5592,-1.5176,-1.4737,-1.4294
0.096,0.1079,0.1197,0.1312,0.1421,0.1517,0.1594,0.1643,0.1655,0.1617,0.1522,0.1368,0.1156,0.0892,0.0581,0.0223,-0.0169,-0.0555,-0.0868,-0.103,-0.0991,-0.0868,-0.1028,-0.1311,-0.1541,-0.1783,-0.2084,-0.2441,-0.2813,-0.3126,-0.3309,-0.3337,-0.327,-0.3266,-0.3539,-0.4287,-0.5594,-0.7371,-0.9368,-1.1278,-1.2859,-1.4004,-1.4716,-1.5069,-1.5151,-1.5045,-1.4816,-1.4513,-1.4168,-1.3805
0.1064,0.1195,0.1327,0.1459,0.1586,0.1704,0.1804,0.1878,0.1911,0.1891,0.1807,0.1654,0.144,0.1175,0.0866,0.051,0.0112,-0.0286,-0.0591,-0.0684,-0.0482,-0.0188,-0.0389,-0.0872,-0.1267,-0.1603,-0.195,-0.2322,-0.2683,-0.2958,-0.3074,-0.3004,-0.2818,-0.2685,-0.2826,-0.3433,-0.4584,-0.6194,-0.8041,-0.9856,-1.1419,-1.2617,-1.3435,-1.3919,-1.4139,-1.4164,-1.4054,-1.3855,-1.36,-1.3313
0.1163,0.1307,0.1454,0.1603,0.1751,0.1892,0.2018,0.2119,0.2179,0.218,0.2107,0.1955,0.1733,0.1464,0.1161,0.0814,0.0414,-0.0006,-0.0341,-0.0451,-0.0265,-0.0011,-0.0169,-0.0631,-0.1072,-0.1459,-0.1838,-0.2221,-0.2572,-0.2819,-0.2886,-0.2751,-0.249,-0.2278,-0.2335,-0.2841,-0.3859,-0.531,-0.6999,-0.8693,-1.0199,-1.1407,-1.2288,-1.2866,-1.3194,-1.3328,-1.3321,-1.3214,-1.304,-1.2824
0.1258,0.1414,0.1576,0.1743,0.1911,0.2077,0.2233,0.2366,0.2458,0.2486,0.2426,0.2269,0.203,0.1748,0.1453,0.1127,0.0735,0.0288,-0.0105,-0.0293,-0.022,-0.0075,-0.0189,-0.0552,-0.0964,-0.1359,-0.1751,-0.2137,-0.248,-0.2708,-0.2748,-0.2582,-0.2291,-0.2047,-0.2062,-0.2495,-0.3398,-0.4694,-0.6219,-0.7774,-0.9194,-1.0376,-1.128,-1.1918,-1.2325,-1.2545,-1.2624,-1.2597,-1.2496,-1.2344
0.1347,0.1515,0.1692,0.1876,0.2067,0.2259,0.2446,0.2615,0.2745,0.2807,0.2766,0.2599,0.2327,0.2015,0.1723,0.1431,0.1064,0.06,0.014,-0.0155,-0.0217,-0.0185,-0.0284,-0.0561,-0.0919,-0.1299,-0.1688,-0.2071,-0.2406,-0.2623,-0.2657,-0.2493,-0.2211,-0.1976,-0.1979,-0.2359,-0.3155,-0.4303,-0.5662,-0.707,-0.8384,-0.9512,-1.041,-1.1078,-1.1538,-1.1823,-1.197,-1.2011,-1.1973,-1.1878
0.143,0.1609,0.18,0.2001,0.2213,0.2432,0.2652,0.2861,0.3037,0.3143,0.3129,0.2951,0.2622,0.2251,0.195,0.1702,0.1383,0.0921,0.0403,0.0005,-0.0185,-0.0256,-0.037,-0.0599,-0.0911,-0.1267,-0.1645,-0.2019,-0.2346,-0.2561,-0.2605,-0.2469,-0.2227,-0.2029,-0.204,-0.2379,-0.308,-0.4087,-0.5286,-0.6544,-0.7742,-0.8798,-0.9668,-1.0342,-1.0832,-1.1163,-1.1363,-1.1458,-1.1474,-1.1429
0.1505,0.1694,0.1898,0.2115,0.2348,0.2593,0.2847,0.3099,0.3327,0.349,0.352,0.3334,0.2922,0.2443,0.2109,0.1914,0.1663,0.1226,0.0676,0.0197,-0.0102,-0.0267,-0.0418,-0.0633,-0.0918,-0.1252,-0.1615,-0.1979,-0.2299,-0.2517,-0.2583,-0.2492,-0.231,-0.2164,-0.2196,-0.2505,-0.3119,-0.3996,-0.5045,-0.6159,-0.7239,-0.8213,-0.9039,-0.9701,-1.0205,-1.0565,-1.0803,-1.0942,-1.1002,-1.1
0.1571,0.177,0.1984,0.2216,0.2467,0.2737,0.3023,0.3318,0.3604,0.3837,0.3932,0.3759,0.3243,0.2593,0.2188,0.2045,0.1872,0.1482,0.093,0.0401,0.002,-0.0226,-0.0425,-0.0649,-0.0924,-0.1244,-0.1594,-0.1946,-0.226,-0.2485,-0.2581,-0.2543,-0.2428,-0.2342,-0.24,-0.2686,-0.3226,-0.3987,-0.4901,-0.5881,-0.6847,-0.7736,-0.8509,-0.9147,-0.965,-1.0026,-1.0291,-1.0463,-1.0558,-1.0593
0.1628,0.1834,0.2058,0.2302,0.2569,0.2859,0.3174,0.3509,0.3851,0.416,0.4344,0.4221,0.3604,0.2721,0.2199,0.2095,0.1996,0.1663,0.1137,0.0592,0.0159,-0.0152,-0.04,-0.0647,-0.0924,-0.1237,-0.1576,-0.1918,-0.2228,-0.2462,-0.2588,-0.2604,-0.2557,-0.253,-0.2618,-0.2888,-0.3365,-0.4027,-0.4821,-0.5681,-0.654,-0.7346,-0.8062,-0.8668,-0.916,-0.9542,-0.9824,-1.002,-1.0143,-1.0207
0.1675,0.1887,0.2118,0.2371,0.2649,0.2956,0.3292,0.3659,0.4047,0.4426,0.4705,0.4665,0.3993,0.287,0.2199,0.2099,0.2045,0.1764,0.1281,0.075,0.0291,-0.0066,-0.0356,-0.0629,-0.0915,-0.1227,-0.156,-0.1894,-0.22,-0.2443,-0.2598,-0.2665,-0.268,-0.2708,-0.2825,-0.3085,-0.3511,-0.409,-0.4782,-0.5536,-0.6299,-0.7026,-0.7684,-0.8254,-0.8728,-0.9108,-0.9399,-0.9611,-0.9756,-0.9845
0.1711,0.1927,0.2163,0.2421,0.2707,0.3023,0.3373,0.3759,0.4175,0.4598,0.4943,0.4981,0.4319,0.3067,0.2266,0.211,0.2051,0.1801,0.1366,0.0864,0.0402,0.0019,-0.0304,-0.0601,-0.09,-0.1215,-0.1543,-0.187,-0.2174,-0.2426,-0.2608,-0.2718,-0.2786,-0.2863,-0.3007,-0.3261,-0.3648,-0.4158,-0.4765,-0.5428,-0.6106,-0.676,-0.7363,-0.7895,-0.8348,-0.8719,-0.9013,-0.9236,-0.9397,-0.9504
0.1736,0.1954,0.2191,0.2453,0.274,0.3059,0.3412,0.3802,0.4223,0.4652,0.5007,0.5065,0.4455,0.3261,0.2414,0.2158,0.2043,0.18,0.1404,0.0938,0.0487,0.0091,-0.0253,-0.057,-0.0881,-0.1199,-0.1525,-0.1848,-0.215,-0.241,-0.2613,-0.276,-0.2873,-0.2991,-0.3158,-0.341,-0.3766,-0.4221,-0.4757,-0.5344,-0.5947,-0.6536,-0.7087,-0.7581,-0.801,-0.837,-0.8662,-0.8891,-0.9063,-0.9185
0.1751,0.1968,0.2205,0.2464,0.2749,0.3064,0.341,0.3788,0.4191,0.4589,0.4899,0.492,0.4376,0.3369,0.2575,0.2227,0.2036,0.1779,0.141,0.0977,0.0545,0.0148,-0.0209,-0.0539,-0.086,-0.1182,-0.1506,-0.1825,-0.2126,-0.2392,-0.2614,-0.279,-0.2939,-0.309,-0.3277,-0.3529,-0.3861,-0.4273,-0.4751,-0.5273,-0.5813,-0.6345,-0.6848,-0.7306,-0.7711,-0.8057,-0.8344,-0.8575,-0.8754,-0.8887
0.1754,0.1969,0.2203,0.2457,0.2735,0.3039,0.337,0.3724,0.409,0.4432,0.4668,0.4637,0.4168,0.3372,0.2681,0.2285,0.2028,0.1749,0.1395,0.0991,0.0578,0.0187,-0.0174,-0.0513,-0.084,-0.1164,-0.1487,-0.1803,-0.2103,-0.2374,-0.2609,-0.2809,-0.2987,-0.3164,-0.3367,-0.362,-0.3933,-0.4311,-0.4742,-0.5211,-0.5696,-0.6178,-0.6638,-0.7063,-0.7443,-0.7774,-0.8054,-0.8284,-0.8468,-0.8609
0.1748,0.1958,0.2186,0.2432,0.27,0.2988,0.3296,0.3618,0.3936,0.4215,0.4377,0.4307,0.3913,0.3294,0.2714,0.231,0.201,0.1711,0.1367,0.0984,0.0591,0.021,-0.015,-0.0492,-0.0822,-0.1147,-0.1468,-0.1781,-0.208,-0.2355,-0.26,-0.2818,-0.3017,-0.3215,-0.3431,-0.3684,-0.3984,-0.4334,-0.4727,-0.5152,-0.5591,-0.603,-0.6452,-0.6846,-0.7203,-0.7518,-0.7789,-0.8017,-0.8202,-0.8349
0.1731,0.1936,0.2155,0.2392,0.2645,0.2914,0.3195,0.348,0.375,0.3968,0.407,0.3979,0.3653,0.3168,0.2684,0.2295,0.1976,0.1665,0.1328,0.0963,0.0588,0.0218,-0.0137,-0.0478,-0.0808,-0.1132,-0.1451,-0.1761,-0.2058,-0.2335,-0.2588,-0.2819,-0.3034,-0.3247,-0.3473,-0.3726,-0.4016,-0.4343,-0.4706,-0.5093,-0.5494,-0.5896,-0.6284,-0.665,-0.6986,-0.7285,-0.7547,-0.777,-0.7955,-0.8106
0.1705,0.1903,0.2113,0.2337,0.2574,0.2822,0.3075,0.3323,0.3546,0.3712,0.3771,0.3674,0.3404,0.3015,0.2608,0.2246,0.1924,0.161,0.128,0.093,0.0571,0.0214,-0.0134,-0.0471,-0.0799,-0.112,-0.1435,-0.1742,-0.2037,-0.2314,-0.2573,-0.2813,-0.304,-0.3264,-0.3497,-0.375,-0.403,-0.434,-0.4677,-0.5035,-0.5403,-0.5772,-0.6132,-0.6473,-0.6788,-0.7073,-0.7324,-0.7542,-0.7726,-0.7879
0.1671,0.186,0.206,0.227,0.249,0.2715,0.294,0.3153,0.3336,0.346,0.3489,0.3393,0.3167,0.2849,0.2502,0.2169,0.1855,0.1545,0.1223,0.0888,0.0544,0.0199,-0.014,-0.0471,-0.0794,-0.1112,-0.1422,-0.1725,-0.2017,-0.2294,-0.2555,-0.2801,-0.3037,-0.3269,-0.3507,-0.3759,-0.4031,-0.4326,-0.4642,-0.4975,-0.5316,-0.5658,-0.5991,-0.631,-0.6607,-0.6877,-0.7119,-0.7331,-0.7513,-0.7666
0.1629,0.1809,0.1998,0.2194,0.2396,0.2599,0.2797,0.2978,0.3126,0.3218,0.3228,0.3136,0.2944,0.2677,0.2376,0.2072,0.1772,0.147,0.1159,0.0837,0.0507,0.0175,-0.0153,-0.0477,-0.0795,-0.1107,-0.1412,-0.171,-0.1998,-0.2274,-0.2536,-0.2786,-0.3027,-0.3264,-0.3505,-0.3755,-0.4021,-0.4304,-0.4602,-0.4913,-0.5232,-0.555,-0.5861,-0.616,-0.644,-0.6697,-0.693,-0.7135,-0.7314,-0.7467
0.1581,0.1751,0.1928,0.2109,0.2294,0.2476,0.2649,0.2802,0.2922,0.2989,0.2986,0.29,0.2733,0.2504,0.2239,0.1961,0.1677,0.1388,0.1089,0.078,0.0463,0.0144,-0.0174,-0.0489,-0.08,-0.1105,-0.1405,-0.1698,-0.1982,-0.2255,-0.2517,-0.2769,-0.3012,-0.3252,-0.3494,-0.3742,-0.4002,-0.4274,-0.4558,-0.4851,-0.5149,-0.5447,-0.574,-0.602,-0.6285,-0.653,-0.6753,-0.6953,-0.7129,-0.728
