docs/data/wind_grid.json
{"header": {"la1":42.1,"la2":41.55,"lo1":12.1,"lo2":12.95,"nx":50,"ny":50,"dx":0.01735,"dy":0.01122,"parameterCategory":2,"parameterNumber":3,"parameterNumberName":"northward_wind","parameterUnit":"m.s-1"}, "data":
[rows 0 to 39 of 50, columns 0 to 49 of 50]
-2.2407,-2.3163,-2.3928,-2.4545,-2.4818,-2.4608,-2.3909,-2.2842,-2.1588,-2.0314,-1.9132,-1.8098,-1.7229,-1.6516,-1.5941,-1.5484,-1.5126,-1.4854,-1.4657,-1.4521,-1.4425,-1.4336,-1.4218,-1.4033,-1.376,-1.3398,-1.2959,-1.2465,-1.1939,-1.14,-1.0863,-1.0342,-0.9844,-0.938,-0.8955,-0.8575,-0.8243,-0.7963,-0.7735,-0.7558,-0.7428,-0.7341,-0.7292,-0.7273,-0.728,-0.7307,-0.735,-0.7404,-0.7467,-0.7536
-2.2305,-2.3025,-2.3767,-2.437,-2.4635,-2.4417,-2.371,-2.2641,-2.1392,-2.0131,-1.8968,-1.7959,-1.7117,-1.6431,-1.5883,-1.545,-1.5116,-1.487,-1.4704,-1.4607,-1.4557,-1.4518,-1.4438,-1.4271,-1.3988,-1.3592,-1.3105,-1.2557,-1.1977,-1.1389,-1.0808,-1.0249,-0.9719,-0.9228,-0.8781,-0.8385,-0.8044,-0.7758,-0.753,-0.7356,-0.7233,-0.7156,-0.7117,-0.711,-0.7129,-0.7167,-0.722,-0.7285,-0.7357,-0.7435
-2.2139,-2.2784,-2.346,-2.4011,-2.4242,-2.4015,-2.3323,-2.2287,-2.1081,-1.9866,-1.8749,-1.7784,-1.6984,-1.6337,-1.5823,-1.5419,-1.5111,-1.4891,-1.4757,-1.4703,-1.471,-1.4732,-1.4702,-1.4555,-1.4256,-1.3814,-1.3266,-1.2653,-1.2012,-1.1369,-1.0742,-1.0142,-0.958,-0.9062,-0.8595,-0.8185,-0.7835,-0.7546,-0.732,-0.7152,-0.7038,-0.6971,-0.6944,-0.6949,-0.698,-0.7029,-0.7093,-0.7168,-0.7249,-0.7336
-2.1936,-2.247,-2.3037,-2.3499,-2.3676,-2.344,-2.2781,-2.1806,-2.0674,-1.9533,-1.8486,-1.7583,-1.6839,-1.624,-1.5766,-1.5395,-1.5113,-1.4917,-1.4814,-1.4807,-1.4881,-1.498,-1.5013,-1.4889,-1.4565,-1.4061,-1.3435,-1.2746,-1.2037,-1.1336,-1.0659,-1.0019,-0.9424,-0.8881,-0.8396,-0.7974,-0.7618,-0.7329,-0.7107,-0.6947,-0.6844,-0.6789,-0.6775,-0.6792,-0.6834,-0.6895,-0.697,-0.7054,-0.7145,-0.724
-2.173,-2.2125,-2.2553,-2.2896,-2.3001,-2.2752,-2.2136,-2.1241,-2.0203,-1.9155,-1.8193,-1.7367,-1.6689,-1.6148,-1.572,-1.5383,-1.5125,-1.495,-1.4873,-1.4914,-1.5064,-1.5259,-1.5373,-1.5274,-1.491,-1.4324,-1.3604,-1.2827,-1.2044,-1.1282,-1.0557,-0.9877,-0.925,-0.8684,-0.8183,-0.7752,-0.7395,-0.711,-0.6896,-0.6747,-0.6657,-0.6615,-0.6613,-0.6642,-0.6696,-0.6767,-0.6851,-0.6944,-0.7044,-0.7147
-2.1563,-2.1803,-2.2069,-2.2275,-2.2292,-2.2023,-2.1448,-2.0636,-1.9699,-1.8754,-1.7887,-1.7147,-1.6545,-1.6068,-1.5691,-1.539,-1.5154,-1.499,-1.493,-1.5013,-1.5247,-1.5559,-1.5772,-1.5701,-1.5278,-1.4586,-1.3754,-1.2882,-1.2023,-1.1201,-1.0428,-0.971,-0.9055,-0.8468,-0.7956,-0.7522,-0.7168,-0.6893,-0.6692,-0.6558,-0.6481,-0.6453,-0.6462,-0.6502,-0.6565,-0.6645,-0.6738,-0.684,-0.6947,-0.7058
-2.1473,-2.1552,-2.1646,-2.1701,-2.1618,-2.1315,-2.0771,-2.0033,-1.9193,-1.8351,-1.7583,-1.6934,-1.6414,-1.6009,-1.5689,-1.5425,-1.5205,-1.5041,-1.4981,-1.5092,-1.5409,-1.5853,-1.6187,-1.6141,-1.5637,-1.4817,-1.3863,-1.2894,-1.1962,-1.1084,-1.0268,-0.9516,-0.8836,-0.8233,-0.7715,-0.7284,-0.6941,-0.6683,-0.6501,-0.6385,-0.6324,-0.6308,-0.6328,-0.6375,-0.6446,-0.6533,-0.6633,-0.6741,-0.6856,-0.6974
-2.1485,-2.1406,-2.1324,-2.122,-2.1025,-2.0673,-2.0141,-1.9462,-1.8708,-1.7962,-1.7293,-1.6739,-1.6307,-1.598,-1.5724,-1.5501,-1.529,-1.5109,-1.5024,-1.5134,-1.5516,-1.6096,-1.6562,-1.6535,-1.593,-1.497,-1.3897,-1.2842,-1.1848,-1.0924,-1.007,-0.929,-0.8589,-0.7976,-0.7458,-0.7039,-0.6717,-0.6484,-0.6328,-0.6235,-0.6191,-0.6186,-0.6213,-0.6265,-0.6339,-0.643,-0.6535,-0.6649,-0.677,-0.6895
-2.1608,-2.1378,-2.1121,-2.0853,-2.0535,-2.0117,-1.9578,-1.8939,-1.8256,-1.7599,-1.7025,-1.6566,-1.6229,-1.5991,-1.5808,-1.5631,-1.5426,-1.5208,-1.5061,-1.5126,-1.5527,-1.6214,-1.68,-1.6782,-1.6074,-1.4989,-1.3823,-1.2708,-1.1672,-1.0714,-0.9831,-0.9027,-0.831,-0.7693,-0.7185,-0.6788,-0.6498,-0.6302,-0.6182,-0.6117,-0.609,-0.6093,-0.6121,-0.6173,-0.6246,-0.6338,-0.6446,-0.6564,-0.669,-0.6821
-2.1826,-2.1457,-2.1029,-2.0594,-2.0144,-1.9648,-1.9085,-1.8469,-1.7844,-1.7266,-1.6782,-1.6422,-1.6187,-1.605,-1.5957,-1.5838,-1.5638,-1.5361,-1.5106,-1.5059,-1.5403,-1.6118,-1.6771,-1.6751,-1.5971,-1.4818,-1.3614,-1.2477,-1.1425,-1.0448,-0.9545,-0.8722,-0.7995,-0.738,-0.689,-0.6527,-0.6283,-0.6139,-0.6065,-0.6034,-0.6025,-0.6031,-0.6054,-0.6099,-0.6167,-0.6257,-0.6365,-0.6486,-0.6617,-0.6752
-2.2102,-2.1608,-2.1018,-2.0419,-1.9836,-1.9253,-1.8654,-1.8049,-1.747,-1.6962,-1.6565,-1.6305,-1.6181,-1.6163,-1.6183,-1.6146,-1.5958,-1.5599,-1.5182,-1.4944,-1.5123,-1.574,-1.6359,-1.6328,-1.5551,-1.4425,-1.3256,-1.2147,-1.1105,-1.0125,-0.9209,-0.8372,-0.7638,-0.7031,-0.6566,-0.625,-0.6068,-0.5991,-0.5977,-0.5986,-0.5994,-0.5998,-0.6011,-0.6043,-0.6102,-0.6186,-0.6292,-0.6415,-0.6549,-0.6689
-2.2383,-2.1782,-2.1045,-2.0294,-1.9582,-1.8912,-1.8272,-1.767,-1.7129,-1.6684,-1.637,-1.6212,-1.621,-1.6333,-1.6501,-1.6583,-1.6428,-1.5967,-1.5325,-1.4803,-1.4702,-1.5078,-1.5544,-1.5499,-1.4818,-1.3822,-1.2763,-1.1725,-1.0718,-0.9745,-0.882,-0.797,-0.723,-0.6634,-0.6204,-0.5946,-0.5842,-0.5849,-0.5908,-0.5965,-0.599,-0.5989,-0.5985,-0.6,-0.6045,-0.6122,-0.6226,-0.635,-0.6487,-0.6631
-2.2608,-2.1921,-2.1061,-2.0179,-1.9352,-1.8602,-1.7923,-1.732,-1.681,-1.6424,-1.619,-1.6136,-1.6266,-1.6555,-1.6916,-1.7176,-1.7096,-1.6517,-1.5571,-1.4664,-1.4179,-1.4205,-1.4434,-1.4375,-1.386,-1.3068,-1.217,-1.1231,-1.0273,-0.9311,-0.8376,-0.7509,-0.6761,-0.6176,-0.5787,-0.5598,-0.5586,-0.5693,-0.5839,-0.5952,-0.5997,-0.5989,-0.5966,-0.5962,-0.5994,-0.6063,-0.6164,-0.6289,-0.6429,-0.6578
-2.272,-2.1972,-2.1021,-2.0036,-1.9118,-1.8301,-1.759,-1.6987,-1.6506,-1.6173,-1.6015,-1.6063,-1.6332,-1.6811,-1.7417,-1.7935,-1.8001,-1.7296,-1.5945,-1.4534,-1.3582,-1.3211,-1.3191,-1.3133,-1.2812,-1.2248,-1.1525,-1.0693,-0.9784,-0.8828,-0.7874,-0.6981,-0.6216,-0.5641,-0.5293,-0.5181,-0.5273,-0.5493,-0.5738,-0.5915,-0.5987,-0.5976,-0.5939,-0.5919,-0.594,-0.6005,-0.6105,-0.6233,-0.6377,-0.6531
-2.2679,-2.1896,-2.089,-1.9839,-1.8857,-1.7993,-1.726,-1.666,-1.6207,-1.5921,-1.5833,-1.5976,-1.6383,-1.7066,-1.7961,-1.8828,-1.9139,-1.8313,-1.6437,-1.4388,-1.2905,-1.2154,-1.1945,-1.1929,-1.1798,-1.1443,-1.0878,-1.0138,-0.9264,-0.83,-0.7311,-0.6375,-0.5581,-0.5005,-0.4697,-0.4666,-0.4869,-0.5211,-0.5565,-0.5818,-0.5927,-0.5927,-0.5886,-0.5861,-0.5879,-0.5943,-0.6047,-0.6179,-0.6329,-0.6489
-2.2468,-2.1674,-2.0649,-1.9567,-1.8553,-1.7665,-1.6922,-1.6331,-1.5904,-1.566,-1.5629,-1.5855,-1.6385,-1.7261,-1.8461,-1.974,-2.0399,-1.9476,-1.6959,-1.4154,-1.2114,-1.1051,-1.0768,-1.0856,-1.0901,-1.0712,-1.0265,-0.9589,-0.8726,-0.773,-0.6681,-0.5679,-0.4833,-0.4243,-0.3968,-0.4018,-0.4337,-0.4808,-0.5279,-0.5621,-0.5786,-0.5816,-0.5792,-0.5777,-0.5803,-0.5875,-0.5987,-0.6127,-0.6286,-0.6453
-2.2092,-2.1307,-2.0294,-1.9217,-1.82,-1.7309,-1.6569,-1.5992,-1.5589,-1.5378,-1.5392,-1.5678,-1.6299,-1.7327,-1.8783,-2.0446,-2.1476,-2.0485,-1.7307,-1.3743,-1.1198,-0.9936,-0.9717,-0.9969,-1.0163,-1.0085,-0.971,-0.9061,-0.8177,-0.7119,-0.5978,-0.4876,-0.3951,-0.3325,-0.3074,-0.3203,-0.3642,-0.4248,-0.4847,-0.5294,-0.5539,-0.5627,-0.5644,-0.5659,-0.5708,-0.5798,-0.5925,-0.6078,-0.6246,-0.6422
-2.1576,-2.0815,-1.9838,-1.8792,-1.7798,-1.6922,-1.6198,-1.5639,-1.5257,-1.507,-1.511,-1.5427,-1.6093,-1.7195,-1.878,-2.065,-2.1886,-2.0823,-1.7186,-1.3117,-1.0254,-0.893,-0.8878,-0.9305,-0.9594,-0.9569,-0.9219,-0.8559,-0.7622,-0.6467,-0.5194,-0.3951,-0.2908,-0.222,-0.1981,-0.219,-0.2757,-0.351,-0.4251,-0.4825,-0.5178,-0.5354,-0.544,-0.5507,-0.5594,-0.5713,-0.5861,-0.6031,-0.6212,-0.6397
-2.0957,-2.0229,-1.9302,-1.8307,-1.7353,-1.6509,-1.5808,-1.5269,-1.4904,-1.473,-1.4777,-1.5093,-1.5747,-1.6822,-1.8359,-2.0144,-2.1254,-2.0082,-1.6421,-1.237,-0.9519,-0.8259,-0.8364,-0.8879,-0.918,-0.9152,-0.8787,-0.8085,-0.7063,-0.5772,-0.4322,-0.2888,-0.1682,-0.0901,-0.0661,-0.0958,-0.167,-0.259,-0.3496,-0.4222,-0.471,-0.5003,-0.5184,-0.5323,-0.5463,-0.5621,-0.5798,-0.5987,-0.6184,-0.638
-2.0271,-1.958,-1.8712,-1.7779,-1.6877,-1.6072,-1.5401,-1.4882,-1.4529,-1.4356,-1.4391,-1.4673,-1.5261,-1.6216,-1.7538,-1.8974,-1.9684,-1.8424,-1.5178,-1.1665,-0.9195,-0.811,-0.823,-0.8658,-0.8882,-0.8811,-0.8405,-0.7636,-0.6499,-0.5035,-0.336,-0.1678,-0.0255,0.0654,0.09,0.0498,-0.0388,-0.1508,-0.2607,-0.3511,-0.4161,-0.4594,-0.4888,-0.5116,-0.5321,-0.5526,-0.5736,-0.595,-0.6163,-0.6372
-1.9554,-1.8901,-1.8094,-1.7225,-1.6381,-1.562,-1.498,-1.448,-1.4133,-1.3952,-1.3957,-1.4179,-1.4659,-1.5426,-1.6437,-1.7416,-1.7683,-1.6438,-1.3813,-1.1052,-0.9151,-0.8326,-0.8316,-0.8532,-0.8646,-0.852,-0.8062,-0.7209,-0.5934,-0.4264,-0.2314,-0.0323,0.1373,0.2444,0.2695,0.2158,0.1053,-0.0305,-0.1629,-0.2735,-0.3564,-0.4151,-0.4573,-0.4898,-0.5177,-0.5435,-0.5682,-0.5922,-0.6153,-0.6374
-1.8835,-1.8218,-1.7468,-1.6663,-1.5876,-1.516,-1.4551,-1.4067,-1.372,-1.3522,-1.3484,-1.3628,-1.3975,-1.4528,-1.5214,-1.578,-1.5729,-1.4603,-1.2566,-1.0447,-0.8987,-0.8355,-0.826,-0.8363,-0.8424,-0.826,-0.7748,-0.6804,-0.5376,-0.3473,-0.1208,0.1146,0.3171,0.443,0.4675,0.3961,0.2591,0.0955,-0.0619,-0.1942,-0.2959,-0.3706,-0.4258,-0.4686,-0.5041,-0.5353,-0.5639,-0.5906,-0.6155,-0.6388
-1.8134,-1.755,-1.6853,-1.6108,-1.5374,-1.47,-1.4119,-1.3647,-1.3297,-1.3074,-1.2987,-1.3044,-1.3251,-1.3595,-1.4,-1.4264,-1.4052,-1.31,-1.1519,-0.9813,-0.8501,-0.7849,-0.7864,-0.81,-0.8203,-0.8026,-0.7462,-0.6423,-0.4839,-0.2693,-0.0089,0.2664,0.5053,0.6516,0.6734,0.5801,0.4126,0.2189,0.0354,-0.1186,-0.2386,-0.3288,-0.3967,-0.4494,-0.4923,-0.529,-0.5614,-0.5906,-0.6173,-0.6416
-1.7466,-1.6912,-1.6262,-1.5569,-1.4884,-1.4248,-1.369,-1.3228,-1.287,-1.2621,-1.2482,-1.2451,-1.2525,-1.2684,-1.2869,-1.2943,-1.269,-1.1932,-1.0695,-0.9245,-0.7935,-0.7201,-0.7388,-0.7829,-0.8004,-0.7818,-0.7204,-0.6074,-0.4342,-0.1965,0.0967,0.4119,0.6873,0.8531,0.8698,0.7523,0.5534,0.3302,0.1222,-0.0518,-0.1885,-0.2927,-0.372,-0.4338,-0.4836,-0.5253,-0.5612,-0.5928,-0.6209,-0.6461
-1.6839,-1.6312,-1.5704,-1.5057,-1.4414,-1.3811,-1.3273,-1.2817,-1.245,-1.2174,-1.1986,-1.1875,-1.1829,-1.1829,-1.1847,-1.1813,-1.1593,-1.1036,-1.009,-0.8865,-0.7637,-0.6939,-0.7172,-0.7663,-0.7855,-0.7644,-0.6977,-0.5767,-0.3912,-0.1343,0.1864,0.5354,0.8421,1.0236,1.0341,0.8942,0.668,0.4201,0.192,0.0017,-0.1487,-0.2646,-0.3537,-0.4232,-0.479,-0.525,-0.5639,-0.5973,-0.6266,-0.6524
-1.6259,-1.5756,-1.5183,-1.4576,-1.397,-1.3395,-1.2874,-1.2421,-1.2046,-1.1747,-1.1518,-1.1339,-1.1187,-1.105,-1.0932,-1.0836,-1.0689,-1.034,-0.9667,-0.8699,-0.7677,-0.7099,-0.7252,-0.7633,-0.7763,-0.7502,-0.6784,-0.5513,-0.3574,-0.0883,0.2501,0.6207,0.9471,1.1379,1.1432,0.9881,0.7442,0.4806,0.2396,0.0383,-0.1219,-0.2465,-0.3431,-0.4189,-0.4794,-0.5287,-0.5699,-0.6048,-0.6347,-0.6607
-1.5728,-1.5246,-1.4705,-1.4132,-1.3557,-1.3006,-1.2499,-1.205,-1.1668,-1.1353,-1.1094,-1.0864,-1.0623,-1.0356,-1.0111,-0.9967,-0.9911,-0.9772,-0.9366,-0.8674,-0.7906,-0.745,-0.7487,-0.7695,-0.7716,-0.7391,-0.6628,-0.5321,-0.335,-0.0624,0.28,0.6553,0.9856,1.1775,1.1807,1.0219,0.7742,0.5068,0.2618,0.0557,-0.1098,-0.2398,-0.3416,-0.4216,-0.4855,-0.5372,-0.5798,-0.6153,-0.6455,-0.6712
-1.5244,-1.4783,-1.4269,-1.3726,-1.3179,-1.2649,-1.2155,-1.1711,-1.1326,-1.1004,-1.0733,-1.0472,-1.0155,-0.9756,-0.9367,-0.917,-0.9211,-0.9282,-0.9129,-0.8699,-0.8164,-0.7806,-0.7744,-0.7793,-0.7699,-0.7308,-0.6512,-0.5201,-0.3253,-0.0587,0.2738,0.6358,0.9532,1.1381,1.1433,0.9933,0.7561,0.4974,0.2574,0.053,-0.1133,-0.2455,-0.3498,-0.4322,-0.4979,-0.5508,-0.5938,-0.6294,-0.659,-0.6841
-1.4808,-1.4365,-1.3876,-1.336,-1.2838,-1.2329,-1.1848,-1.141,-1.1029,-1.0711,-1.0447,-1.0181,-0.9805,-0.9258,-0.8695,-0.8428,-0.857,-0.8845,-0.892,-0.8714,-0.8368,-0.8088,-0.7963,-0.7889,-0.7698,-0.7253,-0.6441,-0.5154,-0.3282,-0.0759,0.2344,0.5683,0.8594,1.0308,1.041,0.9094,0.6945,0.4545,0.2273,0.0303,-0.1326,-0.2638,-0.3683,-0.4512,-0.5171,-0.5699,-0.6124,-0.6471,-0.6756,-0.6993
-1.4415,-1.399,-1.3525,-1.3035,-1.2537,-1.2047,-1.1581,-1.1154,-1.0783,-1.0481,-1.0247,-1.0008,-0.9591,-0.888,-0.811,-0.7769,-0.8015,-0.8472,-0.8734,-0.8703,-0.8501,-0.8286,-0.8126,-0.7972,-0.771,-0.7227,-0.6418,-0.5182,-0.3426,-0.1107,0.1693,0.466,0.7228,0.8765,0.8924,0.7841,0.5979,0.3832,0.1744,-0.011,-0.1671,-0.2947,-0.3972,-0.4787,-0.5434,-0.5947,-0.6356,-0.6685,-0.6951,-0.717
-1.4064,-1.3657,-1.3214,-1.2748,-1.2274,-1.1805,-1.1357,-1.0945,-1.0591,-1.0317,-1.0132,-0.9954,-0.9528,-0.865,-0.7672,-0.7276,-0.7613,-0.8201,-0.8588,-0.8678,-0.858,-0.8416,-0.8245,-0.8043,-0.7736,-0.7232,-0.6442,-0.5277,-0.3665,-0.1583,0.0877,0.3437,0.5637,0.6978,0.7182,0.633,0.4771,0.29,0.1023,-0.0688,-0.2158,-0.3377,-0.4363,-0.5148,-0.5768,-0.6254,-0.6636,-0.6937,-0.7177,-0.7371
-1.3751,-1.3361,-1.294,-1.2498,-1.2048,-1.1602,-1.1175,-1.0784,-1.0453,-1.0214,-1.0088,-0.9993,-0.9597,-0.86,-0.7487,-0.7073,-0.7445,-0.8069,-0.8503,-0.866,-0.8627,-0.8503,-0.8334,-0.8109,-0.7778,-0.7271,-0.6512,-0.5431,-0.3974,-0.2139,-0.0021,0.2143,0.3987,0.5132,0.5356,0.4703,0.342,0.1817,0.0153,-0.1405,-0.2772,-0.3919,-0.4852,-0.5593,-0.6172,-0.6619,-0.6962,-0.7227,-0.7433,-0.7596
-1.3472,-1.3101,-1.2701,-1.2283,-1.1858,-1.1436,-1.1033,-1.0666,-1.0362,-1.0159,-1.0084,-1.006,-0.9719,-0.8721,-0.7622,-0.7214,-0.7528,-0.8081,-0.8489,-0.8662,-0.8665,-0.857,-0.8409,-0.8177,-0.7838,-0.7339,-0.6621,-0.5629,-0.4329,-0.2733,-0.0934,0.087,0.2393,0.335,0.3568,0.3065,0.2011,0.0642,-0.0826,-0.2237,-0.3498,-0.4566,-0.5435,-0.612,-0.6644,-0.7039,-0.7333,-0.7552,-0.7716,-0.7841
-1.3226,-1.2872,-1.2494,-1.21,-1.1699,-1.1304,-1.0927,-1.0587,-1.0311,-1.0134,-1.0085,-1.0083,-0.9786,-0.892,-0.7979,-0.7594,-0.7788,-0.8205,-0.8537,-0.8692,-0.8707,-0.863,-0.8482,-0.8252,-0.7917,-0.7434,-0.6761,-0.5859,-0.4708,-0.3332,-0.1817,-0.0328,0.0916,0.1699,0.189,0.1486,0.0605,-0.0575,-0.1877,-0.3157,-0.4318,-0.5306,-0.6104,-0.6721,-0.718,-0.7512,-0.7746,-0.7909,-0.8024,-0.8106
-1.3008,-1.2672,-1.2315,-1.1944,-1.1569,-1.12,-1.085,-1.0537,-1.0286,-1.0126,-1.0072,-1.0042,-0.9771,-0.9095,-0.8372,-0.8032,-0.8113,-0.8386,-0.8624,-0.8744,-0.8758,-0.8694,-0.8557,-0.8336,-0.801,-0.7549,-0.6923,-0.6107,-0.5093,-0.3913,-0.2645,-0.1422,-0.0416,0.021,0.0354,0.0006,-0.0756,-0.1797,-0.297,-0.4142,-0.5215,-0.6125,-0.6849,-0.7391,-0.7774,-0.8031,-0.8194,-0.8294,-0.8353,-0.8387
-1.2815,-1.2497,-1.216,-1.1813,-1.1462,-1.112,-1.0796,-1.0509,-1.0278,-1.0124,-1.0048,-0.9972,-0.9721,-0.9219,-0.8692,-0.841,-0.8415,-0.8572,-0.8727,-0.8808,-0.8817,-0.8763,-0.8638,-0.8427,-0.8113,-0.7676,-0.7096,-0.636,-0.5472,-0.4462,-0.3403,-0.2405,-0.1601,-0.1115,-0.1029,-0.1358,-0.2047,-0.2995,-0.4077,-0.517,-0.617,-0.701,-0.7659,-0.8118,-0.8415,-0.8588,-0.8672,-0.8701,-0.8698,-0.868
-1.2645,-1.2343,-1.2027,-1.1702,-1.1376,-1.1058,-1.076,-1.0495,-1.0279,-1.0124,-1.0022,-0.9909,-0.9679,-0.9304,-0.8922,-0.8694,-0.8656,-0.8732,-0.8821,-0.8872,-0.8877,-0.8832,-0.8719,-0.8518,-0.8218,-0.7806,-0.7272,-0.661,-0.5832,-0.4971,-0.4089,-0.3278,-0.2644,-0.2284,-0.2264,-0.26,-0.3256,-0.4152,-0.5178,-0.6218,-0.7165,-0.7943,-0.8516,-0.8889,-0.9093,-0.9172,-0.9171,-0.9123,-0.9054,-0.898
-1.2494,-1.2209,-1.1912,-1.1608,-1.1305,-1.101,-1.0735,-1.0489,-1.0285,-1.0127,-1.0003,-0.9866,-0.9657,-0.9369,-0.9083,-0.8895,-0.8832,-0.8852,-0.8895,-0.8924,-0.8929,-0.8894,-0.8792,-0.8602,-0.8317,-0.7931,-0.7441,-0.6848,-0.6169,-0.5435,-0.4703,-0.4049,-0.3559,-0.331,-0.3359,-0.3722,-0.4374,-0.5251,-0.6253,-0.7266,-0.8177,-0.8902,-0.9402,-0.9685,-0.979,-0.9772,-0.9679,-0.955,-0.9413,-0.9281
-1.236,-1.2091,-1.1812,-1.1528,-1.1246,-1.0973,-1.0717,-1.0488,-1.0293,-1.0132,-0.9993,-0.9845,-0.9654,-0.9422,-0.9196,-0.9034,-0.8954,-0.8935,-0.8943,-0.8956,-0.8964,-0.8939,-0.8848,-0.8672,-0.8404,-0.8046,-0.7598,-0.707,-0.6477,-0.5854,-0.525,-0.4728,-0.436,-0.4211,-0.4328,-0.473,-0.5399,-0.6281,-0.7283,-0.829,-0.9181,-0.9862,-1.0292,-1.0484,-1.0488,-1.0369,-1.0183,-0.9973,-0.9767,-0.9578
-1.2241,-1.1988,-1.1726,-1.146,-1.1197,-1.0943,-1.0705,-1.0489,-1.0301,-1.0138,-0.9991,-0.9839,-0.9663,-0.9466,-0.9277,-0.913,-0.9037,-0.899,-0.8971,-0.8971,-0.8979,-0.8962,-0.8883,-0.8721,-0.8474,-0.8144,-0.774,-0.7271,-0.6758,-0.6231,-0.5735,-0.5325,-0.5061,-0.5,-0.5183,-0.5629,-0.6327,-0.723,-0.8249,-0.9264,-1.0145,-1.0791,-1.1156,-1.126,-1.1165,-1.0947,-1.067,-1.0381,-1.0108,-0.9864
