docs/data/wind_grid.json
[{"header":{"la1":42.85,"la2":41.18,"lo1":11.55,"lo2":14.05,"nx":36,"ny":24,"dx":0.07143,"dy":0.07261,"parameterCategory":2,"parameterNumber":2,"parameterNumberName":"eastward_wind","parameterUnit":"m.s-1"},"data":[-0.2876,-0.2991,-0.3117,-0.3252,-0.3389,-0.3517,-0.3622,-0.3689,-0.371,-0.3692,-0.3655,-0.3626,-0.363,-0.3682,-0.3785,-0.3931,-0.41,-0.4261,-0.4382,-0.4439,-0.4422,-0.4341,-0.4216,-0.4065,-0.3906,-0.375,-0.3603,-0.3468,-0.3345,-0.3235,-0.3137,-0.3049,-0.297,-0.29,-0.2837,-0.2779,-0.2904,-0.3039,-0.3194,-0.3366,-0.355,-0.3732,-0.3885,-0.3979,-0.3992,-0.3931,-0.3832,-0.3747,-0.3717,-0.3766,-0.3901,-0.411,-0.4362,-0.4609,-0.4793,-0.487,-0.4828,-0.4691,-0.4497,-0.4282,-0.4068,-0.3869,-0.3689,-0.3529,-0.3389,-0.3265,-0.3157,-0.3062,-0.2978,-0.2903,-0.2837,-0.2778,-0.2923,-0.308,-0.3267,-0.3487,-0.374,-0.4009,-0.4254,-0.4411,-0.4419,-0.4279,-0.4065,-0.3876,-0.3785,-0.3826,-0.4005,-0.4308,-0.4694,-0.5088,-0.5379,-0.548,-0.5378,-0.5134,-0.4829,-0.452,-0.4235,-0.3984,-0.3767,-0.3581,-0.3423,-0.3286,-0.3169,-0.3068,-0.2979,-0.2902,-0.2833,-0.2772,-0.2927,-0.3104,-0.3324,-0.3601,-0.3947,-0.4355,-0.4777,-0.5081,-0.5104,-0.4811,-0.4374,-0.4003,-0.3815,-0.3839,-0.4075,-0.4513,-0.5113,-0.5762,-0.6249,-0.6372,-0.6128,-0.5683,-0.5201,-0.4762,-0.439,-0.4082,-0.3828,-0.3618,-0.3443,-0.3296,-0.3171,-0.3065,-0.2973,-0.2894,-0.2824,-0.2762,-0.2911,-0.3102,-0.3349,-0.368,-0.4132,-0.474,-0.5482,-0.6139,-0.6249,-0.5637,-0.476,-0.409,-0.3766,-0.3769,-0.4075,-0.4686,-0.5601,-0.6697,-0.7555,-0.7676,-0.7108,-0.6306,-0.5569,-0.4975,-0.4512,-0.415,-0.3863,-0.3633,-0.3445,-0.3291,-0.3162,-0.3053,-0.296,-0.2879,-0.2809,-0.2747,-0.287,-0.3064,-0.3322,-0.3683,-0.4217,-0.5035,-0.6254,-0.7656,-0.8076,-0.677,-0.5103,-0.4038,-0.3582,-0.3578,-0.3955,-0.4741,-0.6027,-0.7794,-0.9323,-0.9367,-0.8173,-0.6857,-0.5841,-0.5108,-0.4572,-0.4171,-0.3863,-0.3621,-0.3428,-0.3271,-0.3141,-0.3032,-0.2939,-0.2859,-0.2789,-0.2727,-0.2804,-0.2987,-0.3232,-0.3577,-0.4107,-0.4992,-0.6539,-0.8828,-0.9801,-0.7465,-0.4979,-0.3686,-0.3208,-0.3237,-0.3674,-0.4562,-0.6071,-0.8359,-1.0579,-1.0508,-0.871,-0.7049,-0.5897,-0.511,-0.455,-0.4137,-0.3824,-0.3581,-0.3389,-0.3235,-0.3108,-0.3001,-0.291,-0.2832,-0.2763,-0.2703,-0.2716,-0.2879,-0.3088,-0.337,-0.3782,-0.4448,-0.5616,-0.7394,-0.8064,-0.5956,-0.393,-0.2955,-0.2639,-0.2748,-0.3231,-0.4127,-0.5535,-0.7516,-0.9392,-0.9452,-0.8074,-0.6708,-0.57,-0.4974,-0.4442,-0.4045,-0.3744,-0.3513,-0.3331,-0.3185,-0.3064,-0.2963,-0.2875,-0.2799,-0.2733,-0.2674,-0.2616,-0.2755,-0.2923,-0.3125,-0.3369,-0.3668,-0.4025,-0.4301,-0.3969,-0.3014,-0.2326,-0.2016,-0.195,-0.2143,-0.2673,-0.3589,-0.4845,-0.6238,-0.7316,-0.7521,-0.6942,-0.6121,-0.5362,-0.4746,-0.4268,-0.3905,-0.363,-0.342,-0.3256,-0.3124,-0.3013,-0.2918,-0.2835,-0.2762,-0.2697,-0.264,-0.2511,-0.2632,-0.2772,-0.2922,-0.3063,-0.3134,-0.2988,-0.2326,-0.1005,-0.0331,-0.0839,-0.1156,-0.1241,-0.1437,-0.202,-0.3122,-0.4603,-0.601,-0.6814,-0.6864,-0.639,-0.5708,-0.5039,-0.4479,-0.4048,-0.3726,-0.3489,-0.3311,-0.3172,-0.3058,-0.2959,-0.2871,-0.2791,-0.272,-0.2657,-0.2602,-0.2406,-0.2519,-0.2652,-0.2805,-0.2965,-0.3086,-0.2996,-0.208,0.0908,0.2279,0.0098,-0.0576,-0.0565,-0.0577,-0.119,-0.2752,-0.5138,-0.752,-0.8439,-0.7765,-0.66,-0.5556,-0.4757,-0.4185,-0.3788,-0.3518,-0.3332,-0.3196,-0.3089,-0.2995,-0.2907,-0.2823,-0.2745,-0.2674,-0.261,-0.2556,-0.2299,-0.2409,-0.2552,-0.2743,-0.3011,-0.3402,-0.3943,-0.4131,-0.1494,0.0654,-0.0179,-0.0281,0.002,0.0472,-0.0141,-0.2465,-0.6694,-1.2096,-1.3108,-0.9924,-0.7126,-0.5404,-0.4396,-0.3813,-0.3478,-0.3286,-0.3171,-0.3091,-0.302,-0.2946,-0.2864,-0.2779,-0.2696,-0.262,-0.2555,-0.2502,-0.2183,-0.2289,-0.2438,-0.2659,-0.3014,-0.3623,-0.4682,-0.5983,-0.464,-0.1806,-0.0551,-0.0059,0.0249,0.08,0.0304,-0.2584,-0.8411,-1.956,-1.973,-1.153,-0.6974,-0.4793,-0.3765,-0.33,-0.3109,-0.3047,-0.3033,-0.3021,-0.2987,-0.2925,-0.2838,-0.2738,-0.264,-0.2554,-0.2485,-0.2434,-0.2055,-0.2147,-0.2281,-0.2488,-0.2821,-0.3371,-0.422,-0.5104,-0.422,-0.1712,-0.0246,0.0135,0.0216,0.0854,-0.0321,-0.3533,-0.7947,-1.4258,-1.4956,-0.9066,-0.5134,-0.3344,-0.2739,-0.2633,-0.2712,-0.2845,-0.2962,-0.3026,-0.3019,-0.2948,-0.283,-0.2694,-0.2564,-0.2461,-0.2389,-0.2344,-0.1913,-0.198,-0.2077,-0.2222,-0.2439,-0.2742,-0.3074,-0.3103,-0.2149,-0.0467,0.0683,0.0897,0.1006,0.1888,-0.0511,-0.5981,-1.0701,-0.8279,-0.7124,-0.4404,-0.181,-0.1048,-0.1403,-0.1915,-0.2379,-0.2764,-0.3035,-0.3164,-0.3154,-0.3031,-0.2837,-0.2625,-0.2443,-0.2317,-0.225,-0.2224,-0.1762,-0.1796,-0.1843,-0.1908,-0.1984,-0.2041,-0.1982,-0.1596,-0.0651,0.0816,0.2415,0.1961,0.1572,0.1093,-0.0482,-0.4814,-0.84,-0.5369,-0.3069,-0.082,0.1819,0.1428,-0.02,-0.138,-0.2265,-0.294,-0.3362,-0.3513,-0.3433,-0.3182,-0.2836,-0.2486,-0.2222,-0.2081,-0.2043,-0.2061,-0.1608,-0.1608,-0.1607,-0.1597,-0.1562,-0.1462,-0.1226,-0.0748,0.0051,0.1164,0.2293,0.2003,0.2133,0.224,0.0821,-0.0891,-0.2077,-0.116,0.0079,0.0795,0.2375,0.1879,0.0182,-0.1271,-0.2543,-0.3547,-0.4089,-0.416,-0.3895,-0.3399,-0.2776,-0.2191,-0.1817,-0.1701,-0.175,-0.1857,-0.146,-0.143,-0.1388,-0.1324,-0.122,-0.1047,-0.0763,-0.0328,0.0265,0.0938,0.1469,0.1743,0.2328,0.2603,0.2964,0.301,0.1568,0.1746,0.2665,0.1828,0.1514,0.1052,-0.0041,-0.155,-0.3283,-0.4736,-0.5307,-0.5125,-0.4548,-0.3671,-0.26,-0.1635,-0.1146,-0.1156,-0.1389,-0.1636,-0.1325,-0.1272,-0.1201,-0.1103,-0.0965,-0.0767,-0.0491,-0.0126,0.0314,0.0776,0.1195,0.1601,0.2161,0.3295,0.7002,0.8505,0.3978,0.2584,0.2863,0.2982,0.2134,0.1153,-0.0047,-0.1843,-0.4203,-0.6189,-0.6603,-0.6189,-0.5358,-0.4029,-0.2363,-0.0893,-0.0334,-0.0592,-0.1069,-0.1462,-0.1207,-0.1137,-0.1048,-0.0932,-0.0781,-0.0584,-0.0332,-0.0026,0.0323,0.0695,0.108,0.1531,0.222,0.3656,0.6558,0.7392,0.4346,0.3106,0.4125,0.4744,0.3011,0.1815,0.0543,-0.1616,-0.456,-0.6694,-0.7048,-0.7374,-0.6405,-0.4589,-0.2427,-0.061,-0.0015,-0.04,-0.0977,-0.1419,-0.1105,-0.1025,-0.0927,-0.0804,-0.0652,-0.0465,-0.024,0.0023,0.0317,0.0637,0.0993,0.1429,0.2047,0.2992,0.4103,0.4318,0.3466,0.3055,0.3585,0.383,0.3288,0.3142,0.2386,-0.0283,-0.425,-0.801,-1.1144,-1.038,-0.7816,-0.5343,-0.3059,-0.1324,-0.0647,-0.0804,-0.1199,-0.1536,-0.1022,-0.0936,-0.0834,-0.0711,-0.0564,-0.0391,-0.0189,0.004,0.0294,0.0575,0.089,0.1262,0.1724,0.2269,0.2745,0.2884,0.2724,0.2678,0.2921,0.328,0.4158,0.6201,0.6537,0.2542,-0.319,-0.9136,-1.369,-1.2007,-0.8517,-0.5842,-0.3799,-0.2359,-0.1636,-0.1487,-0.1597,-0.1755,-0.0954,-0.0867,-0.0765,-0.0646,-0.0507,-0.0348,-0.0167,0.0034,0.0256,0.0499,0.0767,0.1067,0.1399,0.1737,0.201,0.2152,0.2205,0.2316,0.2617,0.3315,0.5112,0.8542,0.9523,0.4762,-0.1404,-0.6772,-0.9961,-0.9627,-0.7619,-0.5678,-0.414,-0.3034,-0.2367,-0.2063,-0.1977,-0.1985,-0.0901,-0.0815,-0.0715,-0.0602,-0.0473,-0.0328,-0.0166,0.0011,0.0204,0.0412,0.0636,0.0874,0.112,0.1355,0.1552,0.1697,0.1822,0.2006,0.2365,0.3113,0.4615,0.6691,0.6989,0.3938,-0.0355,-0.4077,-0.6323,-0.6774,-0.607,-0.5027,-0.4049,-0.3272,-0.2732,-0.2408,-0.2239,-0.2161]},{"header":{"la1":42.85,"la2":41.18,"lo1":11.55,"lo2":14.05,"nx":36,"ny":24,"dx":0.07143,"dy":0.07261,"parameterCategory":2,"parameterNumber":3,"parameterNumberName":"northward_wind","parameterUnit":"m.s-1"},"data":[-0.6583,-0.6476,-0.6346,-0.6196,-0.6032,-0.5863,-0.5707,-0.5579,-0.5487,-0.5424,-0.537,-0.5296,-0.518,-0.5009,-0.4782,-0.4513,-0.4227,-0.3959,-0.3751,-0.363,-0.3605,-0.3663,-0.3778,-0.3925,-0.4083,-0.4241,-0.439,-0.453,-0.466,-0.478,-0.4891,-0.4995,-0.5091,-0.5181,-0.5264,-0.5342,-0.6652,-0.653,-0.6375,-0.6188,-0.5972,-0.5745,-0.5533,-0.537,-0.528,-0.5255,-0.5254,-0.5226,-0.5128,-0.494,-0.4659,-0.4301,-0.3903,-0.3524,-0.3235,-0.3089,-0.3099,-0.3229,-0.3429,-0.3655,-0.3878,-0.4085,-0.4272,-0.4441,-0.4592,-0.473,-0.4855,-0.4971,-0.5078,-0.5176,-0.5267,-0.5351,-0.6741,-0.6604,-0.6421,-0.6185,-0.5894,-0.5567,-0.525,-0.5014,-0.4924,-0.4976,-0.5087,-0.5152,-0.5098,-0.4897,-0.4545,-0.4059,-0.3484,-0.2916,-0.2491,-0.2318,-0.2409,-0.2678,-0.3019,-0.3359,-0.3667,-0.3934,-0.4163,-0.4361,-0.4534,-0.4689,-0.4829,-0.4956,-0.5073,-0.5181,-0.5279,-0.537,-0.6856,-0.6711,-0.65,-0.6206,-0.5812,-0.5324,-0.4801,-0.4394,-0.4286,-0.4502,-0.4844,-0.5085,-0.5113,-0.4905,-0.4465,-0.3801,-0.2949,-0.2049,-0.1373,-0.1179,-0.1462,-0.1995,-0.2561,-0.306,-0.347,-0.38,-0.407,-0.4296,-0.4489,-0.466,-0.4813,-0.4952,-0.5079,-0.5196,-0.5303,-0.5399,-0.7007,-0.6863,-0.6637,-0.629,-0.5774,-0.5046,-0.4138,-0.332,-0.3118,-0.37,-0.452,-0.5063,-0.521,-0.5,-0.4463,-0.3579,-0.2322,-0.0834,0.0332,0.0514,-0.0211,-0.1221,-0.2115,-0.2802,-0.3314,-0.3701,-0.4004,-0.4251,-0.4461,-0.4645,-0.481,-0.4961,-0.5098,-0.5225,-0.5339,-0.5442,-0.7198,-0.7074,-0.6858,-0.6492,-0.5882,-0.4887,-0.3382,-0.1661,-0.1118,-0.2531,-0.4241,-0.5189,-0.5443,-0.5219,-0.4597,-0.351,-0.1783,0.0601,0.2685,0.2753,0.1157,-0.0549,-0.1802,-0.2651,-0.3233,-0.3652,-0.3972,-0.4231,-0.4451,-0.4645,-0.4822,-0.4984,-0.5133,-0.5269,-0.5392,-0.5502,-0.7429,-0.7351,-0.7186,-0.6868,-0.6274,-0.5177,-0.3203,-0.0326,0.0873,-0.1823,-0.4476,-0.563,-0.5858,-0.5579,-0.4912,-0.3751,-0.1784,0.131,0.4392,0.4293,0.1818,-0.0373,-0.1783,-0.2666,-0.3248,-0.366,-0.3975,-0.4234,-0.4458,-0.4661,-0.4849,-0.5023,-0.5185,-0.5333,-0.5465,-0.5582,-0.7693,-0.7685,-0.7616,-0.743,-0.7025,-0.6203,-0.4628,-0.223,-0.1292,-0.371,-0.5777,-0.6469,-0.6433,-0.6046,-0.5381,-0.4333,-0.2636,-0.0019,0.2635,0.2727,0.0802,-0.096,-0.2116,-0.2852,-0.335,-0.3714,-0.4005,-0.4254,-0.448,-0.4692,-0.4892,-0.5082,-0.5259,-0.542,-0.5564,-0.5687,-0.7971,-0.8051,-0.811,-0.8121,-0.8031,-0.7757,-0.7225,-0.6617,-0.6709,-0.7501,-0.7782,-0.7501,-0.7041,-0.6527,-0.59,-0.5044,-0.3847,-0.23,-0.087,-0.0503,-0.1146,-0.198,-0.2644,-0.313,-0.3495,-0.379,-0.4046,-0.4282,-0.451,-0.4734,-0.4953,-0.5164,-0.5361,-0.5539,-0.5695,-0.5825,-0.8238,-0.841,-0.8607,-0.8828,-0.9071,-0.9326,-0.9604,-1.006,-1.0944,-1.1136,-0.9734,-0.8358,-0.7499,-0.693,-0.6365,-0.5629,-0.4735,-0.3813,-0.3049,-0.2648,-0.2642,-0.2855,-0.3123,-0.3383,-0.3623,-0.3851,-0.4076,-0.4305,-0.4542,-0.4787,-0.5034,-0.5275,-0.55,-0.57,-0.5869,-0.6005,-0.847,-0.8722,-0.9038,-0.9444,-0.9968,-1.0626,-1.1361,-1.2078,-1.3548,-1.4344,-1.1,-0.8706,-0.7688,-0.7252,-0.6783,-0.6,-0.5105,-0.4377,-0.3892,-0.3565,-0.3381,-0.3339,-0.34,-0.3522,-0.3681,-0.3866,-0.4074,-0.4309,-0.4568,-0.4849,-0.514,-0.5425,-0.5689,-0.5918,-0.6102,-0.624,-0.8643,-0.8951,-0.935,-0.9883,-1.0606,-1.1578,-1.276,-1.3585,-1.3416,-1.3129,-1.0473,-0.8455,-0.7666,-0.7665,-0.7258,-0.6133,-0.4976,-0.4277,-0.4015,-0.3791,-0.3576,-0.345,-0.3434,-0.3507,-0.3638,-0.3811,-0.4023,-0.428,-0.4582,-0.4922,-0.5282,-0.5635,-0.5954,-0.6218,-0.6417,-0.655,-0.8744,-0.9076,-0.9508,-1.0087,-1.0884,-1.1998,-1.3496,-1.4891,-1.3873,-1.1533,-0.9378,-0.8023,-0.7504,-0.7767,-0.7366,-0.5714,-0.4323,-0.4006,-0.3975,-0.3689,-0.3401,-0.323,-0.3221,-0.3324,-0.3481,-0.3671,-0.3905,-0.4203,-0.4575,-0.501,-0.5478,-0.5934,-0.6332,-0.6641,-0.6847,-0.6959,-0.8769,-0.9093,-0.9506,-1.0045,-1.0762,-1.172,-1.2919,-1.398,-1.3146,-1.0571,-0.8684,-0.7851,-0.7559,-0.6133,-0.6015,-0.401,-0.2203,-0.3174,-0.3563,-0.3251,-0.2802,-0.2593,-0.2724,-0.2977,-0.3213,-0.3432,-0.3692,-0.4051,-0.4533,-0.512,-0.5761,-0.6376,-0.6888,-0.7246,-0.7441,-0.75,-0.8728,-0.9018,-0.9373,-0.9811,-1.0345,-1.0968,-1.1574,-1.1782,-1.0927,-0.9364,-0.8267,-0.765,-0.642,-0.4163,-0.5015,-0.0517,0.4449,-0.0661,-0.2637,-0.2389,-0.1365,-0.1235,-0.1918,-0.2518,-0.2857,-0.3069,-0.3331,-0.377,-0.4426,-0.5262,-0.6184,-0.7054,-0.7729,-0.8127,-0.8261,-0.8205,-0.8634,-0.8877,-0.9157,-0.9474,-0.9816,-1.0133,-1.0311,-1.014,-0.9473,-0.8585,-0.8076,-0.8022,-0.7582,-0.6427,-0.5349,-0.1355,0.2233,-0.1187,-0.2725,-0.1485,0.1489,0.093,-0.1091,-0.2118,-0.2433,-0.2494,-0.2691,-0.3253,-0.4202,-0.5449,-0.6839,-0.8123,-0.9025,-0.9416,-0.938,-0.9098,-0.8507,-0.8699,-0.8905,-0.9117,-0.9312,-0.9443,-0.9439,-0.9222,-0.8798,-0.834,-0.8099,-0.8196,-0.9524,-1.0058,-0.702,-0.475,-0.3444,-0.3958,-0.4257,-0.2231,0.1769,0.1054,-0.1149,-0.1986,-0.1877,-0.1464,-0.1488,-0.2314,-0.3789,-0.5699,-0.7849,-0.9812,-1.1014,-1.1252,-1.083,-1.0155,-0.8363,-0.8508,-0.8654,-0.8788,-0.889,-0.893,-0.8874,-0.8708,-0.8465,-0.8249,-0.8186,-0.8505,-0.9993,-1.0238,-0.7952,-0.6813,-0.5781,-0.5879,-0.6585,-0.4657,-0.2337,-0.1737,-0.2166,-0.2053,-0.0986,0.0504,0.0766,-0.0794,-0.3184,-0.602,-0.929,-1.2314,-1.3843,-1.3611,-1.2486,-1.1244,-0.8214,-0.8321,-0.842,-0.8501,-0.855,-0.8551,-0.8492,-0.8375,-0.8232,-0.812,-0.8107,-0.8279,-0.8605,-0.8491,-0.8403,-0.8525,-0.6853,-0.6215,-0.6322,-0.5551,-0.452,-0.37,-0.3193,-0.222,0.0043,0.3476,0.4148,0.081,-0.2703,-0.635,-1.082,-1.5137,-1.6891,-1.5865,-1.3887,-1.2083,-0.8069,-0.8145,-0.8211,-0.8258,-0.8278,-0.8263,-0.8209,-0.8124,-0.8028,-0.7949,-0.7916,-0.7938,-0.7962,-0.7942,-0.8195,-0.8206,-0.7006,-0.6187,-0.5933,-0.5914,-0.5357,-0.4772,-0.4135,-0.2854,-0.0282,0.3755,0.4579,0.0199,-0.2994,-0.6498,-1.1321,-1.6193,-1.8006,-1.6623,-1.4329,-1.2346,-0.7931,-0.7985,-0.8027,-0.8052,-0.8055,-0.8032,-0.7984,-0.7916,-0.7838,-0.7766,-0.7707,-0.7659,-0.7607,-0.7557,-0.7529,-0.7305,-0.6728,-0.6194,-0.5936,-0.5852,-0.5754,-0.5771,-0.5455,-0.4224,-0.2373,-0.1331,-0.2913,-0.3214,-0.3942,-0.6364,-1.0241,-1.4218,-1.5976,-1.5236,-1.3543,-1.1922,-0.7803,-0.7839,-0.7864,-0.7875,-0.7867,-0.7841,-0.7795,-0.7735,-0.7664,-0.7591,-0.7516,-0.7438,-0.7351,-0.725,-0.7113,-0.6879,-0.6541,-0.6221,-0.6039,-0.605,-0.6431,-0.7339,-0.7514,-0.5974,-0.4233,-0.3919,-0.4999,-0.4593,-0.4625,-0.6148,-0.8713,-1.1356,-1.285,-1.2868,-1.2049,-1.1033,-0.7685,-0.7708,-0.7721,-0.7722,-0.7707,-0.7678,-0.7633,-0.7576,-0.7508,-0.7433,-0.735,-0.7259,-0.7155,-0.7032,-0.6877,-0.6679,-0.6453,-0.6259,-0.6179,-0.6338,-0.7018,-0.8383,-0.8774,-0.7059,-0.5284,-0.4543,-0.4591,-0.464,-0.4979,-0.6022,-0.7621,-0.9276,-1.0402,-1.0757,-1.0525,-1.0019,-0.7577,-0.759,-0.7594,-0.7588,-0.7568,-0.7537,-0.7492,-0.7436,-0.737,-0.7294,-0.7209,-0.7114,-0.7005,-0.6881,-0.6736,-0.6574,-0.6413,-0.629,-0.6269,-0.6446,-0.6965,-0.7737,-0.7873,-0.6885,-0.5709,-0.5015,-0.4809,-0.4892,-0.5257,-0.5982,-0.6988,-0.8034,-0.884,-0.925,-0.9295,-0.9105]}]