docs/data/wind_grid.json
[{"header":{"la1":42.85,"la2":41.18,"lo1":11.55,"lo2":14.05,"nx":36,"ny":24,"dx":0.07143,"dy":0.07261,"parameterCategory":2,"parameterNumber":2,"parameterNumberName":"eastward_wind","parameterUnit":"m.s-1"},"data":[-0.5722,-0.575,-0.5748,-0.5718,-0.5664,-0.5591,-0.5504,-0.5405,-0.5298,-0.519,-0.5094,-0.5027,-0.4999,-0.5015,-0.5069,-0.5142,-0.5208,-0.523,-0.5174,-0.5028,-0.4813,-0.4582,-0.4389,-0.4256,-0.4172,-0.4113,-0.4058,-0.3999,-0.3935,-0.3866,-0.3797,-0.3729,-0.3664,-0.3603,-0.3547,-0.3495,-0.5989,-0.6034,-0.6038,-0.6002,-0.5933,-0.5844,-0.5742,-0.5625,-0.5489,-0.534,-0.5201,-0.5101,-0.5064,-0.5097,-0.5194,-0.5331,-0.5468,-0.5541,-0.5479,-0.5244,-0.4874,-0.4494,-0.4226,-0.4102,-0.4066,-0.4054,-0.403,-0.3986,-0.3926,-0.3857,-0.3785,-0.3713,-0.3645,-0.3582,-0.3523,-0.347,-0.6317,-0.639,-0.6404,-0.6359,-0.6268,-0.616,-0.6049,-0.5925,-0.5758,-0.5543,-0.5326,-0.5167,-0.5108,-0.5162,-0.5321,-0.556,-0.5826,-0.6012,-0.5966,-0.5565,-0.4864,-0.4166,-0.3796,-0.377,-0.3878,-0.3967,-0.3996,-0.3972,-0.3916,-0.3845,-0.3768,-0.3692,-0.3621,-0.3555,-0.3495,-0.3441,-0.6725,-0.6848,-0.6884,-0.6822,-0.669,-0.6548,-0.6448,-0.6362,-0.6179,-0.585,-0.548,-0.5212,-0.5113,-0.519,-0.5433,-0.5824,-0.6316,-0.6761,-0.6836,-0.6155,-0.4704,-0.3254,-0.2806,-0.3173,-0.3622,-0.3882,-0.3973,-0.3966,-0.3908,-0.3829,-0.3746,-0.3665,-0.359,-0.3522,-0.3461,-0.3407,-0.7232,-0.7452,-0.7542,-0.7456,-0.723,-0.7008,-0.6956,-0.705,-0.6927,-0.6355,-0.5666,-0.5206,-0.5049,-0.5155,-0.5496,-0.6081,-0.6936,-0.7956,-0.8542,-0.7541,-0.4495,-0.1211,-0.0976,-0.2431,-0.3433,-0.3867,-0.3991,-0.3975,-0.3901,-0.3809,-0.3716,-0.3629,-0.3551,-0.3482,-0.3421,-0.3368,-0.7854,-0.826,-0.8493,-0.8395,-0.7965,-0.7512,-0.7507,-0.8124,-0.8331,-0.714,-0.5802,-0.5079,-0.4878,-0.503,-0.5465,-0.6234,-0.7529,-0.9594,-1.1794,-1.0867,-0.5591,0.0201,0.0043,-0.2389,-0.3603,-0.4005,-0.4066,-0.3999,-0.3891,-0.3779,-0.3675,-0.3582,-0.3502,-0.3434,-0.3375,-0.3324,-0.8564,-0.9307,-0.9906,-0.991,-0.9076,-0.8027,-0.7776,-0.907,-0.9969,-0.764,-0.5555,-0.4707,-0.4569,-0.481,-0.5318,-0.6157,-0.7665,-1.0585,-1.5045,-1.4537,-0.8673,-0.4181,-0.3064,-0.3819,-0.4242,-0.4286,-0.4172,-0.4016,-0.3864,-0.373,-0.3617,-0.3522,-0.3444,-0.3377,-0.3322,-0.3274,-0.9243,-1.0468,-1.1839,-1.236,-1.0793,-0.8577,-0.738,-0.7804,-0.8163,-0.6105,-0.4481,-0.4013,-0.4137,-0.4544,-0.5123,-0.5876,-0.7103,-0.9361,-1.2274,-1.2212,-1.0632,-0.905,-0.6811,-0.558,-0.4962,-0.4549,-0.4234,-0.3989,-0.38,-0.3653,-0.3538,-0.3447,-0.3373,-0.3313,-0.3263,-0.322,-0.9664,-1.1241,-1.3407,-1.4907,-1.2393,-0.8985,-0.6597,-0.5174,-0.3986,-0.286,-0.2664,-0.3088,-0.3652,-0.4321,-0.5104,-0.5733,-0.6406,-0.7656,-0.9167,-1.0596,-1.3376,-1.245,-0.8735,-0.6491,-0.5297,-0.4604,-0.4168,-0.3879,-0.3682,-0.3541,-0.3437,-0.3357,-0.3293,-0.3241,-0.3198,-0.3162,-0.9674,-1.118,-1.2924,-1.3829,-1.2241,-0.9028,-0.5828,-0.2888,0.0485,0.1774,-0.035,-0.2171,-0.3188,-0.4104,-0.5572,-0.6338,-0.6121,-0.6844,-0.7913,-0.9433,-1.1762,-1.1165,-0.8334,-0.6294,-0.508,-0.4359,-0.3929,-0.3669,-0.3506,-0.3396,-0.3316,-0.3255,-0.3206,-0.3165,-0.3131,-0.3102,-0.934,-1.0716,-1.2474,-1.4765,-1.3942,-0.9184,-0.5435,-0.1975,0.5386,0.9027,0.1572,-0.1697,-0.2789,-0.347,-0.5079,-0.6243,-0.601,-0.7037,-0.7826,-0.8108,-0.8408,-0.7962,-0.6642,-0.5343,-0.4411,-0.3838,-0.3529,-0.3371,-0.3284,-0.3228,-0.3186,-0.3149,-0.3117,-0.3088,-0.3063,-0.3041,-0.8738,-0.9957,-1.1754,-1.4155,-1.316,-0.8402,-0.5627,-0.4461,0.0536,0.4409,0.0225,-0.1973,-0.2549,-0.2451,-0.3103,-0.4456,-0.6199,-0.9415,-1.0245,-0.8237,-0.6814,-0.5898,-0.5015,-0.4175,-0.3513,-0.3138,-0.3025,-0.3028,-0.305,-0.3061,-0.306,-0.3048,-0.3032,-0.3013,-0.2996,-0.2981,-0.791,-0.874,-0.9713,-1.0338,-0.9242,-0.692,-0.5921,-0.6813,-0.509,-0.1929,-0.1819,-0.2612,-0.2712,-0.2152,-0.2495,-0.3717,-0.6368,-1.5673,-1.604,-0.8831,-0.5746,-0.4376,-0.3634,-0.3101,-0.2642,-0.2421,-0.2532,-0.2719,-0.285,-0.2924,-0.2957,-0.2964,-0.2956,-0.2943,-0.2931,-0.2922,-0.6997,-0.7422,-0.7735,-0.7646,-0.6882,-0.5868,-0.5518,-0.5958,-0.5021,-0.2857,-0.2262,-0.3132,-0.3405,-0.2173,-0.2726,-0.2733,-0.4607,-1.0173,-1.1298,-0.6657,-0.3785,-0.2564,-0.2266,-0.2251,-0.2149,-0.2031,-0.2245,-0.2535,-0.2735,-0.2847,-0.2895,-0.2902,-0.2891,-0.2876,-0.2865,-0.2862,-0.6145,-0.63,-0.631,-0.6069,-0.5561,-0.4993,-0.4622,-0.4303,-0.3357,-0.1939,-0.1234,-0.1932,-0.2717,-0.3838,-0.2836,-0.2744,-0.7527,-0.5721,-0.4918,-0.2684,-0.0387,0.0105,-0.0659,-0.1463,-0.1945,-0.2072,-0.2254,-0.2534,-0.2745,-0.2855,-0.2884,-0.2863,-0.2827,-0.28,-0.2791,-0.2796,-0.5418,-0.5423,-0.5313,-0.5052,-0.4658,-0.4203,-0.373,-0.3115,-0.2101,-0.0438,0.2205,-0.1254,-0.1862,-0.2375,-0.2518,-0.3899,-0.6089,-0.3514,-0.1328,0.1026,0.4283,0.3539,0.1021,-0.0607,-0.1578,-0.2096,-0.2445,-0.2735,-0.2913,-0.2966,-0.2922,-0.2826,-0.2737,-0.2692,-0.2692,-0.2718,-0.4818,-0.4745,-0.4585,-0.4326,-0.3976,-0.3555,-0.3055,-0.2406,-0.1484,-0.0074,0.1826,0.0016,-0.1103,-0.1114,-0.1025,-0.1182,-0.1118,0.0734,0.2745,0.341,0.5206,0.436,0.1828,-0.0062,-0.1434,-0.2386,-0.2959,-0.3223,-0.3281,-0.3191,-0.2984,-0.2732,-0.2549,-0.25,-0.2546,-0.2621,-0.4328,-0.4213,-0.4031,-0.3777,-0.3453,-0.3061,-0.2593,-0.2026,-0.1338,-0.0578,-0.0088,-0.0333,-0.0655,-0.0344,0.1987,0.3268,0.2913,0.5331,0.8129,0.5937,0.4697,0.3615,0.1953,0.0053,-0.1835,-0.3377,-0.4069,-0.4079,-0.3872,-0.3526,-0.3024,-0.2469,-0.2145,-0.2167,-0.2345,-0.2515,-0.3926,-0.3789,-0.3598,-0.3352,-0.305,-0.2692,-0.2277,-0.1806,-0.1296,-0.0807,-0.0439,-0.0171,0.0352,0.2232,0.8354,1.0945,0.6003,0.6721,0.8724,0.9519,0.6943,0.4467,0.2411,0.0105,-0.2593,-0.4996,-0.5563,-0.5134,-0.4657,-0.3992,-0.305,-0.1987,-0.1489,-0.1738,-0.2148,-0.2438,-0.3593,-0.3445,-0.3253,-0.3017,-0.2736,-0.2411,-0.2045,-0.1644,-0.1221,-0.0797,-0.0368,0.0171,0.1154,0.3409,0.792,0.9484,0.666,0.7616,1.3297,1.6009,0.9457,0.589,0.355,0.0699,-0.281,-0.5567,-0.6084,-0.6292,-0.5699,-0.4697,-0.3342,-0.1809,-0.1166,-0.1588,-0.2124,-0.2457,-0.3316,-0.3163,-0.2974,-0.2749,-0.2488,-0.2191,-0.1861,-0.1503,-0.1119,-0.0707,-0.0234,0.0392,0.1359,0.2901,0.4795,0.5699,0.5783,0.7261,1.0678,1.1872,0.9209,0.7765,0.6295,0.2646,-0.2174,-0.6447,-0.9767,-0.9022,-0.7103,-0.5745,-0.4252,-0.2697,-0.1934,-0.2062,-0.2384,-0.2605,-0.3084,-0.293,-0.2746,-0.2532,-0.2288,-0.2014,-0.1711,-0.138,-0.102,-0.0617,-0.0145,0.0452,0.1244,0.2247,0.3291,0.4091,0.4814,0.5992,0.7529,0.8463,0.9374,1.2303,1.2824,0.6645,-0.0754,-0.7352,-1.2462,-1.0519,-0.8219,-0.7126,-0.5583,-0.4059,-0.3134,-0.2831,-0.2805,-0.2832,-0.2889,-0.2736,-0.2558,-0.2355,-0.2125,-0.187,-0.1589,-0.128,-0.094,-0.0557,-0.0114,0.0415,0.105,0.1775,0.2523,0.3236,0.3987,0.4909,0.6005,0.7387,1.027,1.6291,1.8181,0.9839,0.1166,-0.5046,-0.847,-0.8843,-0.9482,-0.8748,-0.6766,-0.5086,-0.402,-0.3457,-0.3188,-0.3053,-0.2724,-0.2574,-0.2403,-0.221,-0.1994,-0.1755,-0.1492,-0.1203,-0.0885,-0.053,-0.0127,0.0333,0.0856,0.1429,0.2029,0.2648,0.3317,0.4096,0.507,0.6506,0.9065,1.2714,1.3291,0.8139,0.1873,-0.2915,-0.595,-0.7977,-0.9616,-0.8931,-0.7037,-0.5473,-0.4437,-0.3804,-0.3431,-0.3207]},{"header":{"la1":42.85,"la2":41.18,"lo1":11.55,"lo2":14.05,"nx":36,"ny":24,"dx":0.07143,"dy":0.07261,"parameterCategory":2,"parameterNumber":3,"parameterNumberName":"northward_wind","parameterUnit":"m.s-1"},"data":[-0.3482,-0.3315,-0.3112,-0.2873,-0.2607,-0.2334,-0.2084,-0.1895,-0.1789,-0.1767,-0.1801,-0.1852,-0.1884,-0.1877,-0.1826,-0.1733,-0.161,-0.1469,-0.1324,-0.1192,-0.1087,-0.1031,-0.1037,-0.1107,-0.123,-0.1386,-0.1556,-0.173,-0.1901,-0.2066,-0.2223,-0.2372,-0.2513,-0.2645,-0.2769,-0.2884,-0.3567,-0.3381,-0.314,-0.2839,-0.2482,-0.2095,-0.173,-0.1459,-0.1339,-0.1375,-0.1507,-0.1657,-0.1761,-0.1793,-0.1748,-0.1639,-0.1482,-0.1296,-0.1103,-0.092,-0.0766,-0.0675,-0.0682,-0.0791,-0.0973,-0.1189,-0.1411,-0.1627,-0.183,-0.2021,-0.2199,-0.2365,-0.252,-0.2664,-0.2798,-0.2921,-0.3687,-0.3485,-0.3207,-0.283,-0.2344,-0.1769,-0.1187,-0.0746,-0.0595,-0.0755,-0.1088,-0.142,-0.1643,-0.173,-0.1693,-0.1557,-0.1351,-0.1105,-0.0849,-0.0597,-0.0361,-0.02,-0.0206,-0.0393,-0.0679,-0.0984,-0.1272,-0.1535,-0.1774,-0.199,-0.2189,-0.2372,-0.2541,-0.2698,-0.2841,-0.2973,-0.3848,-0.3645,-0.3341,-0.2887,-0.223,-0.1352,-0.0346,0.0484,0.0724,0.0277,-0.0485,-0.115,-0.1555,-0.1711,-0.1676,-0.1499,-0.1221,-0.0888,-0.0555,-0.0233,0.0132,0.0459,0.0452,0.0093,-0.037,-0.0795,-0.1159,-0.1469,-0.174,-0.1981,-0.2199,-0.2398,-0.2581,-0.2749,-0.2902,-0.3042,-0.4056,-0.3876,-0.3578,-0.3076,-0.2238,-0.0915,0.0907,0.2704,0.3232,0.2034,0.0324,-0.091,-0.1549,-0.1768,-0.1719,-0.1483,-0.11,-0.0626,-0.019,0.0136,0.0628,0.1328,0.1289,0.0575,-0.0126,-0.067,-0.1095,-0.1443,-0.1739,-0.1999,-0.2233,-0.2447,-0.2642,-0.2821,-0.2984,-0.3131,-0.4303,-0.4176,-0.3939,-0.3474,-0.2539,-0.0739,0.2403,0.6513,0.7999,0.4738,0.1107,-0.0885,-0.171,-0.1935,-0.1846,-0.1542,-0.1027,-0.0314,0.0361,0.0527,0.0808,0.1786,0.1688,0.0721,-0.0078,-0.0659,-0.1104,-0.1466,-0.1775,-0.2048,-0.2295,-0.2521,-0.2728,-0.2918,-0.309,-0.3244,-0.4569,-0.4512,-0.4391,-0.4092,-0.3289,-0.1364,0.2784,1.002,1.3438,0.659,0.0938,-0.1374,-0.2104,-0.2222,-0.2079,-0.1731,-0.1117,-0.0165,0.0926,0.0912,0.06,0.0943,0.0916,0.0345,-0.0261,-0.0769,-0.1187,-0.1541,-0.1851,-0.213,-0.2386,-0.2624,-0.2843,-0.3044,-0.3225,-0.3385,-0.482,-0.4812,-0.4788,-0.4713,-0.4296,-0.2968,0.0127,0.5564,0.8007,0.2819,-0.1182,-0.2493,-0.268,-0.2584,-0.2439,-0.2123,-0.1485,-0.0569,0.0324,0.0484,0.0461,0.0458,0.026,-0.01,-0.0533,-0.0952,-0.1327,-0.166,-0.1963,-0.2244,-0.2509,-0.2759,-0.2991,-0.3204,-0.3394,-0.356,-0.5041,-0.5033,-0.4965,-0.4899,-0.4963,-0.4767,-0.3949,-0.2761,-0.2787,-0.4137,-0.4487,-0.3879,-0.3209,-0.2906,-0.3021,-0.2923,-0.2096,-0.1151,-0.0421,0.0138,0.0837,0.0697,0.0084,-0.0384,-0.0791,-0.1164,-0.1502,-0.1812,-0.2104,-0.2387,-0.2663,-0.2929,-0.3179,-0.3406,-0.3607,-0.3778,-0.5252,-0.5248,-0.5158,-0.5098,-0.5465,-0.6302,-0.7344,-0.8624,-1.068,-1.1097,-0.7912,-0.4972,-0.3363,-0.2943,-0.4034,-0.4777,-0.2741,-0.1441,-0.0752,-0.0165,0.047,0.0387,-0.0171,-0.0647,-0.1046,-0.1394,-0.1702,-0.1986,-0.2268,-0.2556,-0.285,-0.314,-0.3414,-0.3662,-0.3875,-0.4049,-0.5469,-0.5503,-0.5426,-0.5125,-0.5465,-0.759,-1.0201,-1.2534,-1.6665,-1.8961,-1.0416,-0.5183,-0.2883,-0.2225,-0.3465,-0.4676,-0.2294,-0.1227,-0.0831,-0.0525,-0.027,-0.0282,-0.0564,-0.0943,-0.1326,-0.1658,-0.1926,-0.2174,-0.2444,-0.2747,-0.3074,-0.3403,-0.3715,-0.3989,-0.4215,-0.4388,-0.5688,-0.5785,-0.5738,-0.5381,-0.599,-0.9222,-1.3331,-1.6122,-1.6093,-1.5591,-0.9046,-0.4223,-0.1932,-0.1126,-0.1102,-0.1081,-0.0694,-0.0806,-0.0889,-0.066,-0.0523,-0.0569,-0.081,-0.1207,-0.1655,-0.1992,-0.2182,-0.2362,-0.2621,-0.2959,-0.3344,-0.3739,-0.4105,-0.4415,-0.4653,-0.4818,-0.5888,-0.6094,-0.6304,-0.665,-0.7897,-1.0933,-1.5531,-1.9822,-1.71,-1.1493,-0.6425,-0.2875,-0.1136,-0.0751,-0.0233,0.1241,0.1035,-0.1254,-0.1476,-0.0601,-0.0385,-0.0463,-0.0808,-0.1395,-0.2089,-0.2475,-0.2468,-0.2523,-0.2783,-0.3194,-0.3684,-0.4183,-0.4632,-0.4987,-0.5231,-0.5368,-0.6032,-0.6334,-0.6749,-0.7439,-0.8755,-1.1059,-1.4304,-1.7304,-1.5303,-0.9326,-0.4877,-0.2155,-0.1034,0.385,0.2259,0.5136,0.3909,0.0643,-0.045,-0.0073,0.0217,0.0127,-0.0466,-0.1393,-0.2481,-0.2965,-0.2663,-0.2602,-0.292,-0.3472,-0.4136,-0.4803,-0.5373,-0.578,-0.6006,-0.6078,-0.6087,-0.6421,-0.6876,-0.7544,-0.8544,-0.9921,-1.1418,-1.206,-1.026,-0.6856,-0.4281,-0.2464,0.0038,0.2863,0.2856,0.6135,0.6603,0.2792,0.0779,0.0842,0.1893,0.1749,0.0387,-0.0985,-0.213,-0.2641,-0.2477,-0.2534,-0.3025,-0.3824,-0.4778,-0.5716,-0.6465,-0.6915,-0.7065,-0.6994,-0.6051,-0.6356,-0.6746,-0.7249,-0.7868,-0.8522,-0.8946,-0.8651,-0.7284,-0.545,-0.4638,-0.3224,-0.2373,-0.0573,0.0755,0.3139,0.4738,0.1857,0.0285,0.1766,0.6258,0.5107,0.151,-0.0399,-0.1311,-0.1695,-0.1834,-0.2215,-0.3058,-0.4287,-0.5729,-0.7124,-0.814,-0.8581,-0.8515,-0.8158,-0.5943,-0.6192,-0.6482,-0.6807,-0.7133,-0.737,-0.7355,-0.6906,-0.6008,-0.5039,-0.4645,-0.4138,-0.5786,-0.6596,-0.2705,-0.0915,-0.0387,-0.1609,-0.2423,0.0377,0.6766,0.5342,0.14,-0.0228,-0.0551,-0.0386,-0.0503,-0.1385,-0.2915,-0.4879,-0.715,-0.9356,-1.0782,-1.1034,-1.0445,-0.9559,-0.5795,-0.5981,-0.6176,-0.6364,-0.6508,-0.6547,-0.6402,-0.6025,-0.5469,-0.4931,-0.4638,-0.4876,-0.688,-0.7465,-0.5898,-0.5501,-0.4249,-0.5299,-0.7262,-0.386,-0.0254,0.058,-0.0314,-0.0548,0.0461,0.2233,0.2504,0.0335,-0.2546,-0.5602,-0.9144,-1.2791,-1.4834,-1.4416,-1.2759,-1.1048,-0.5632,-0.5761,-0.5884,-0.5981,-0.6026,-0.5985,-0.5827,-0.5551,-0.5207,-0.4907,-0.4788,-0.5033,-0.5757,-0.6788,-1.0436,-1.2185,-0.7077,-0.6308,-0.7172,-0.6518,-0.4394,-0.2864,-0.2219,-0.1166,0.1695,0.7036,0.8192,0.2446,-0.2381,-0.6401,-1.1286,-1.6994,-1.9791,-1.7994,-1.4841,-1.2248,-0.547,-0.5557,-0.5628,-0.5671,-0.5668,-0.5603,-0.5468,-0.5275,-0.5062,-0.4899,-0.4871,-0.5075,-0.5632,-0.6944,-0.9954,-1.0898,-0.7619,-0.6718,-0.8459,-0.9426,-0.6579,-0.5065,-0.4154,-0.2541,0.0933,0.7521,0.9018,0.1082,-0.3471,-0.713,-1.212,-1.8685,-2.182,-1.9294,-1.555,-1.2677,-0.5321,-0.5376,-0.5415,-0.5427,-0.5404,-0.534,-0.5234,-0.5101,-0.4971,-0.4886,-0.4903,-0.5084,-0.5515,-0.6322,-0.7372,-0.7596,-0.6836,-0.6683,-0.762,-0.8017,-0.7274,-0.7294,-0.6985,-0.5154,-0.2642,-0.1505,-0.4635,-0.5082,-0.5773,-0.7796,-1.1083,-1.5646,-1.8225,-1.7003,-1.4442,-1.2187,-0.5188,-0.5222,-0.524,-0.5238,-0.5209,-0.5153,-0.5074,-0.4985,-0.4905,-0.4865,-0.4899,-0.5041,-0.5323,-0.5739,-0.6149,-0.6298,-0.6233,-0.6357,-0.6808,-0.7363,-0.8548,-1.1196,-1.1912,-0.8625,-0.5821,-0.6054,-0.8747,-0.7839,-0.7996,-0.8766,-0.9947,-1.2066,-1.3678,-1.3623,-1.249,-1.1141,-0.5073,-0.5093,-0.51,-0.5091,-0.5063,-0.5018,-0.4961,-0.4901,-0.4854,-0.4838,-0.4873,-0.4976,-0.5153,-0.5384,-0.5605,-0.5759,-0.5889,-0.6135,-0.6623,-0.7588,-0.9854,-1.415,-1.543,-1.0898,-0.7515,-0.6853,-0.7587,-0.859,-1.0459,-1.0121,-0.964,-1.0187,-1.0937,-1.1133,-1.0728,-1.0021,-0.4975,-0.4986,-0.4987,-0.4976,-0.4952,-0.4917,-0.4877,-0.4838,-0.4811,-0.4807,-0.4839,-0.4915,-0.5033,-0.5183,-0.5342,-0.5502,-0.5698,-0.6007,-0.655,-0.7563,-0.945,-1.2021,-1.2614,-1.0193,-0.7964,-0.724,-0.7684,-0.9121,-1.0767,-1.0331,-0.947,-0.9323,-0.9524,-0.9621,-0.9452,-0.9076]}]