docs/data/wind_grid.json
[{"header":{"la1":42.85,"la2":41.18,"lo1":11.55,"lo2":14.05,"nx":36,"ny":24,"dx":0.07143,"dy":0.07261,"parameterCategory":2,"parameterNumber":2,"parameterNumberName":"eastward_wind","parameterUnit":"m.s-1"},"data":[3.4451,3.4258,3.4042,3.381,3.3571,3.3338,3.3133,3.2973,3.287,3.2822,3.2812,3.2819,3.2822,3.2806,3.2766,3.2703,3.2626,3.2551,3.2495,3.2472,3.2485,3.2527,3.2582,3.2636,3.2677,3.2699,3.27,3.268,3.2641,3.2586,3.252,3.2445,3.2367,3.2287,3.221,3.2137,3.4488,3.4265,3.4008,3.3722,3.3415,3.3109,3.2836,3.263,3.2519,3.2498,3.2537,3.2595,3.2636,3.264,3.2599,3.2516,3.2405,3.2291,3.2208,3.2183,3.2223,3.2308,3.2411,3.2506,3.2577,3.2618,3.2627,3.2607,3.2563,3.25,3.2422,3.2336,3.2245,3.2153,3.2066,3.1984,3.4549,3.4296,3.3992,3.3637,3.3237,3.2818,3.2429,3.2141,3.2015,3.2051,3.2183,3.233,3.2432,3.2466,3.2423,3.2307,3.2134,3.1946,3.1809,3.1781,3.187,3.2034,3.2213,3.2368,3.2479,3.2541,3.2558,3.2536,3.2484,3.2407,3.2314,3.2212,3.2105,3.2,3.19,3.1808,3.4648,3.4367,3.4014,3.3577,3.3054,3.2462,3.1871,3.142,3.1262,3.1416,3.1729,3.2025,3.2218,3.2291,3.2244,3.2079,3.1805,3.1477,3.1227,3.1194,3.1389,3.1697,3.1999,3.2236,3.2394,3.2477,3.2498,3.2468,3.2401,3.2306,3.2192,3.2069,3.1943,3.182,3.1706,3.1604,3.4796,3.4496,3.4102,3.3584,3.2914,3.2078,3.1139,3.0342,3.0099,3.0516,3.1175,3.1701,3.2008,3.2124,3.2076,3.1854,3.143,3.0846,3.0359,3.033,3.0754,3.1318,3.1799,3.2135,3.2338,3.2434,3.2449,3.2404,3.2313,3.2192,3.2052,3.1902,3.1752,3.1609,3.1479,3.1365,3.5005,3.4706,3.4293,3.3718,3.2915,3.1804,3.0355,2.8878,2.8403,2.938,3.0618,3.1416,3.1818,3.1964,3.1924,3.1671,3.1095,3.0122,2.9179,2.9184,3.0057,3.1,3.168,3.21,3.2328,3.242,3.2415,3.2341,3.2217,3.206,3.1884,3.1702,3.1523,3.1355,3.1207,3.1081,3.5284,3.5014,3.4623,3.4047,3.3193,3.1916,3.0051,2.7787,2.6942,2.8633,3.0336,3.1239,3.1643,3.1782,3.1766,3.1567,3.0987,2.9758,2.8328,2.8391,2.9734,3.0958,3.1735,3.2169,3.2379,3.2438,3.2393,3.2274,3.2104,3.1901,3.1681,3.1457,3.1243,3.1047,3.0878,3.0741,3.5633,3.5426,3.5109,3.4616,3.3848,3.266,3.0918,2.8877,2.8099,2.9247,3.0429,3.1123,3.1416,3.1491,3.1515,3.1488,3.12,3.0345,2.9212,2.9232,3.0338,3.1365,3.2009,3.2351,3.2487,3.2481,3.2374,3.2194,3.1964,3.1702,3.1426,3.1152,3.0895,3.0668,3.0478,3.0331,3.6042,3.5931,3.5742,3.542,3.4872,3.3966,3.259,3.0946,2.9745,2.953,3.0202,3.0866,3.1015,3.0919,3.0976,3.1246,3.1472,3.1371,3.104,3.1057,3.1544,3.2076,3.2436,3.2609,3.263,3.2533,3.2345,3.2088,3.1782,3.1447,3.1102,3.0767,3.0459,3.0195,2.9983,2.983,3.6488,3.6499,3.6483,3.6407,3.62,3.5692,3.4511,3.199,2.8026,2.6469,2.8903,3.0462,3.0316,2.9725,2.9803,3.0612,3.154,3.2146,3.2388,3.2493,3.2638,3.2794,3.2887,3.288,3.2772,3.257,3.2287,3.1938,3.154,3.1115,3.0684,3.0272,2.9904,2.9598,2.9367,2.9216,3.694,3.7082,3.7261,3.7485,3.774,3.7911,3.7447,3.4223,2.3587,1.8632,2.7652,3.0519,2.9193,2.7128,2.738,2.9479,3.1529,3.2841,3.3396,3.3486,3.3437,3.3364,3.3262,3.3106,3.2877,3.2567,3.2179,3.1723,3.1216,3.0678,3.0139,2.9632,2.9189,2.8837,2.8592,2.8455,3.736,3.7623,3.7983,3.8498,3.9258,4.0378,4.181,4.1979,3.3193,2.582,3.0936,3.2024,2.805,2.1658,2.3125,2.8299,3.1898,3.3978,3.4517,3.4273,3.3991,3.3746,3.351,3.3245,3.2915,3.2501,3.2001,3.1423,3.0783,3.0105,2.9426,2.8793,2.8255,2.7853,2.7605,2.7507,3.7717,3.8067,3.8554,3.9263,4.0354,4.2119,4.4882,4.6226,4.5869,3.784,3.5932,3.5873,3.1833,1.9651,2.1397,2.9007,3.278,3.543,3.5578,3.4783,3.4274,3.3886,3.3575,3.326,3.2863,3.2354,3.1734,3.1016,3.0216,2.9357,2.8487,2.768,2.7017,2.6561,2.6335,2.6319,3.7991,3.8384,3.8917,3.967,4.0779,4.2468,4.5019,4.8506,4.6488,4.0882,3.8881,3.9789,3.9756,3.6081,3.153,3.2035,3.3094,3.48,3.5276,3.4823,3.4116,3.3595,3.3363,3.3126,3.2712,3.2111,3.136,3.0485,2.949,2.839,2.7247,2.6183,2.5346,2.484,2.4687,2.4831,3.8177,3.8572,3.9084,3.9759,4.0661,4.1837,4.3196,4.4049,4.3045,4.1501,4.1197,4.0861,3.9817,4.1474,3.6479,3.3181,3.0794,3.3991,3.5357,3.4642,3.2887,3.2354,3.2765,3.2864,3.2471,3.1757,3.0862,2.9821,2.8598,2.7167,2.5606,2.4135,2.3039,2.2508,2.2537,2.2977,3.8286,3.8655,3.9108,3.9661,4.0318,4.1042,4.1686,4.1978,4.1921,4.2508,4.466,4.4357,4.2599,4.0453,3.8365,3.5094,3.2771,3.5967,3.742,3.4552,2.9142,2.9722,3.204,3.263,3.2163,3.1258,3.0215,2.9041,2.7572,2.5675,2.3434,2.1271,1.9784,1.9317,1.9753,2.0726,3.8335,3.8667,3.9054,3.9494,3.9974,4.0455,4.0869,4.1191,4.1612,4.2656,4.4391,4.3827,4.3849,4.3907,4.0945,3.9309,3.9207,4.2168,4.3942,3.7845,2.8932,2.9742,3.2347,3.2646,3.1748,3.0527,2.9402,2.8217,2.6522,2.3968,2.0599,1.7223,1.5155,1.5016,1.6294,1.8151,3.8341,3.8636,3.8965,3.9322,3.9696,4.0066,4.0417,4.0778,4.125,4.1932,4.2587,4.2896,4.4046,4.4384,4.3515,4.3596,4.3849,5.014,5.7407,4.5541,3.6805,3.4236,3.3811,3.28,3.1091,2.9465,2.8485,2.7502,2.5629,2.2237,1.7129,1.1735,0.8928,0.9705,1.2463,1.5563,3.8319,3.858,3.8863,3.9164,3.9475,3.9789,4.0107,4.045,4.0853,4.1315,4.1769,4.2235,4.2912,4.3922,4.7332,4.8852,4.5754,4.8995,5.2226,4.3834,3.9713,3.6955,3.4997,3.2853,3.0272,2.8339,2.7858,2.6996,2.4963,2.0873,1.3817,0.5874,0.2443,0.4749,0.9284,1.3601,3.8277,3.8509,3.8757,3.9018,3.9287,3.9564,3.9851,4.0158,4.0497,4.0866,4.1262,4.1732,4.2432,4.3843,4.6769,4.7679,4.5044,4.3948,4.0432,3.8452,3.9279,3.7764,3.5746,3.3077,2.9866,2.7875,2.7543,2.5968,2.4247,2.0388,1.2752,0.3728,0.0104,0.31,0.829,1.2998,3.8221,3.8429,3.8649,3.8878,3.9116,3.9362,3.9619,3.9891,4.0182,4.0498,4.0852,4.1287,4.1903,4.2856,4.4002,4.4221,4.3207,4.1937,4.0223,3.9305,3.9096,3.8351,3.6965,3.4061,2.9941,2.6052,2.2723,2.2957,2.3367,2.0885,1.4907,0.7718,0.4364,0.6122,1.0069,1.4001,3.8154,3.8341,3.8538,3.8742,3.8954,3.9172,3.9399,3.9638,3.989,4.0162,4.0465,4.0822,4.1265,4.1787,4.2221,4.2233,4.1739,4.0978,4.0155,3.955,3.9373,3.9932,3.9737,3.6236,3.072,2.4688,2.0161,2.1482,2.3086,2.191,1.8208,1.3687,1.1051,1.1362,1.3499,1.6123,3.8078,3.8247,3.8423,3.8606,3.8793,3.8987,3.9186,3.9393,3.9609,3.9837,4.0082,4.035,4.0638,4.091,4.1073,4.101,4.0695,4.0214,3.9703,3.9365,3.9666,4.1244,4.1792,3.7995,3.2309,2.6912,2.3583,2.3418,2.3946,2.3181,2.1021,1.8375,1.654,1.6206,1.7106,1.861,3.7996,3.8148,3.8306,3.8468,3.8634,3.8804,3.8977,3.9154,3.9334,3.9519,3.9708,3.9896,4.0073,4.0206,4.0248,4.0151,3.9909,3.9563,3.9203,3.8997,3.9253,4.0078,4.0009,3.7385,3.3343,2.9509,2.6943,2.5884,2.5422,2.461,2.3218,2.1608,2.037,1.9892,2.017,2.0952]},{"header":{"la1":42.85,"la2":41.18,"lo1":11.55,"lo2":14.05,"nx":36,"ny":24,"dx":0.07143,"dy":0.07261,"parameterCategory":2,"parameterNumber":3,"parameterNumberName":"northward_wind","parameterUnit":"m.s-1"},"data":[-0.4762,-0.4894,-0.5044,-0.5213,-0.5398,-0.5591,-0.5788,-0.5982,-0.6173,-0.6365,-0.657,-0.6796,-0.705,-0.7332,-0.7638,-0.7951,-0.8248,-0.8497,-0.8662,-0.8717,-0.8654,-0.8486,-0.8237,-0.7933,-0.7597,-0.7246,-0.6888,-0.6533,-0.6184,-0.5845,-0.5519,-0.5209,-0.4914,-0.4639,-0.4382,-0.4146,-0.4673,-0.4813,-0.498,-0.5172,-0.5385,-0.5612,-0.584,-0.6057,-0.6258,-0.6453,-0.6661,-0.6901,-0.7187,-0.7523,-0.7904,-0.8313,-0.872,-0.9073,-0.931,-0.9384,-0.9283,-0.9037,-0.8694,-0.8297,-0.7877,-0.7451,-0.7031,-0.6621,-0.6224,-0.5844,-0.5482,-0.5139,-0.4818,-0.4519,-0.4244,-0.3993,-0.456,-0.4708,-0.4891,-0.5112,-0.5367,-0.5645,-0.5923,-0.6174,-0.6382,-0.6563,-0.6756,-0.6999,-0.7315,-0.771,-0.8183,-0.8723,-0.9293,-0.9815,-1.0172,-1.0266,-1.0086,-0.9705,-0.9215,-0.8689,-0.8161,-0.7649,-0.7157,-0.6686,-0.6239,-0.5814,-0.5413,-0.5037,-0.4687,-0.4365,-0.4071,-0.3805,-0.4416,-0.4568,-0.4767,-0.5022,-0.5334,-0.5691,-0.6059,-0.6375,-0.6588,-0.6721,-0.6862,-0.7087,-0.7424,-0.7882,-0.8463,-0.9172,-0.9983,-1.0788,-1.1358,-1.147,-1.1119,-1.0494,-0.9784,-0.9085,-0.8431,-0.7822,-0.7253,-0.672,-0.6218,-0.5747,-0.5305,-0.4895,-0.4516,-0.4169,-0.3856,-0.3577,-0.4234,-0.4382,-0.4591,-0.4879,-0.5262,-0.574,-0.6271,-0.673,-0.6954,-0.6965,-0.6984,-0.7159,-0.751,-0.8026,-0.8716,-0.9617,-1.0762,-1.2042,-1.3014,-1.312,-1.24,-1.1359,-1.0343,-0.9444,-0.8656,-0.7951,-0.7307,-0.671,-0.6154,-0.5634,-0.515,-0.4703,-0.4294,-0.3923,-0.3592,-0.3301,-0.4007,-0.4137,-0.4339,-0.4646,-0.5096,-0.5724,-0.652,-0.7289,-0.7567,-0.7306,-0.7104,-0.7209,-0.757,-0.8135,-0.891,-0.9972,-1.147,-1.3429,-1.5109,-1.5137,-1.3733,-1.2121,-1.078,-0.9703,-0.8802,-0.8015,-0.7303,-0.6646,-0.6035,-0.5465,-0.4938,-0.4453,-0.4012,-0.3617,-0.3269,-0.2968,-0.3731,-0.382,-0.3986,-0.4273,-0.4746,-0.5485,-0.6547,-0.7744,-0.8155,-0.7539,-0.7152,-0.723,-0.7616,-0.8221,-0.9033,-1.0141,-1.1774,-1.4175,-1.6525,-1.644,-1.442,-1.2451,-1.0962,-0.9807,-0.8846,-0.8,-0.723,-0.6517,-0.5851,-0.523,-0.4656,-0.4131,-0.3658,-0.324,-0.2876,-0.2568,-0.3407,-0.3427,-0.3514,-0.3718,-0.412,-0.4827,-0.5909,-0.714,-0.7631,-0.7303,-0.712,-0.7248,-0.7674,-0.8329,-0.9146,-1.0164,-1.1548,-1.3464,-1.5319,-1.5342,-1.3807,-1.2188,-1.0861,-0.9756,-0.8788,-0.7906,-0.7086,-0.6315,-0.5592,-0.4917,-0.4293,-0.3725,-0.3218,-0.2775,-0.2399,-0.2088,-0.3047,-0.2969,-0.2926,-0.2965,-0.3171,-0.3679,-0.4612,-0.5853,-0.6913,-0.7403,-0.7317,-0.7314,-0.7781,-0.855,-0.939,-1.0283,-1.132,-1.2463,-1.3361,-1.3449,-1.2733,-1.17,-1.0639,-0.9623,-0.8659,-0.7742,-0.6868,-0.6036,-0.5249,-0.4511,-0.3831,-0.3215,-0.2671,-0.2205,-0.1819,-0.1512,-0.2674,-0.2475,-0.2257,-0.2044,-0.1905,-0.2014,-0.2769,-0.4833,-0.8267,-0.9768,-0.8155,-0.7348,-0.7962,-0.9073,-0.9975,-1.0746,-1.167,-1.259,-1.3085,-1.2968,-1.2361,-1.1483,-1.0501,-0.9495,-0.8498,-0.7522,-0.6578,-0.567,-0.4808,-0.3997,-0.325,-0.2578,-0.1993,-0.1504,-0.1114,-0.0822,-0.2321,-0.1996,-0.1581,-0.1054,-0.0408,0.0262,0.0383,-0.2244,-1.1662,-1.595,-0.886,-0.6831,-0.8247,-1.0404,-1.1226,-1.1597,-1.2745,-1.4225,-1.4729,-1.4007,-1.2843,-1.1663,-1.0528,-0.9418,-0.8323,-0.7251,-0.6209,-0.5208,-0.4253,-0.3354,-0.2525,-0.1784,-0.1151,-0.0639,-0.0254,0.001,-0.2028,-0.1595,-0.1008,-0.0183,0.1014,0.2791,0.5275,0.646,-0.2814,-0.9913,-0.5849,-0.4702,-0.8231,-1.3861,-1.3491,-1.2511,-1.4498,-1.8121,-1.8707,-1.6134,-1.3769,-1.2065,-1.0675,-0.9385,-0.8132,-0.6918,-0.5749,-0.4631,-0.3565,-0.2556,-0.1622,-0.0792,-0.0098,0.0436,0.0803,0.1013,-0.1828,-0.1333,-0.0648,0.0342,0.1845,0.4258,0.8263,1.4449,0.7535,-0.0066,-0.1243,0.108,-0.2737,-1.495,-1.4226,-1.2714,-1.6347,-2.3791,-2.3829,-1.7867,-1.4443,-1.248,-1.0907,-0.9388,-0.7907,-0.6499,-0.5175,-0.3922,-0.2723,-0.1573,-0.0496,0.0459,0.1234,0.1787,0.211,0.2228,-0.1739,-0.1239,-0.0559,0.04,0.1795,0.385,0.6598,0.8493,0.6398,0.1454,0.0704,0.7878,0.9593,-0.0068,-0.7869,-1.3395,-1.8512,-2.118,-2.093,-1.6934,-1.461,-1.3117,-1.1371,-0.9446,-0.7608,-0.5951,-0.4457,-0.3064,-0.1713,-0.0377,0.0908,0.2052,0.2945,0.351,0.3742,0.3699,-0.1755,-0.1303,-0.0712,0.0067,0.1091,0.2363,0.3634,0.4026,0.2364,-0.0156,-0.0938,0.0413,-0.0168,-0.2184,-0.6565,-1.9066,-2.9989,-2.0441,-1.651,-1.5355,-1.5951,-1.5163,-1.2394,-0.9513,-0.7132,-0.5207,-0.3576,-0.2068,-0.0546,0.1049,0.2662,0.4119,0.5194,0.5744,0.5791,0.5471,-0.1856,-0.1482,-0.1024,-0.0471,0.016,0.078,0.115,0.0854,-0.0342,-0.1954,-0.337,-0.2493,-0.2565,-0.3662,-0.7333,-1.7036,-2.4943,-1.7231,-1.3095,-1.5003,-2.1477,-1.9751,-1.357,-0.9176,-0.6266,-0.4204,-0.2568,-0.1011,0.0709,0.2695,0.486,0.686,0.822,0.8676,0.8349,0.7559,-0.2012,-0.1725,-0.1398,-0.1046,-0.0709,-0.0471,-0.0477,-0.0878,-0.168,-0.2663,-0.3475,-0.3203,-0.3646,-0.431,-0.6641,-1.0259,-1.1963,-0.919,-0.7196,-1.1571,-2.18,-1.9572,-1.2292,-0.7675,-0.4848,-0.3046,-0.166,-0.0104,0.1911,0.4504,0.7595,1.0551,1.2337,1.248,1.1427,0.9886,-0.2192,-0.1985,-0.1769,-0.1565,-0.141,-0.1362,-0.1488,-0.1832,-0.2353,-0.2912,-0.3337,-0.3661,-0.4108,-0.4574,-0.6504,-0.7676,-0.6707,-0.2977,-0.0495,-0.3307,-0.8888,-1.0298,-0.7754,-0.5043,-0.317,-0.231,-0.1515,0.0309,0.2922,0.6348,1.0824,1.5342,1.7665,1.7025,1.4748,1.2181,-0.2374,-0.2233,-0.2101,-0.1995,-0.1944,-0.198,-0.2133,-0.2411,-0.2782,-0.3183,-0.3576,-0.4008,-0.458,-0.5658,-0.8167,-0.8984,-0.5267,-0.0593,0.238,0.6258,0.1526,-0.2458,-0.3124,-0.2318,-0.1799,-0.2993,-0.3161,0.0363,0.3987,0.8018,1.3874,2.0274,2.303,2.1157,1.7462,1.3921,-0.2545,-0.2454,-0.2379,-0.2336,-0.234,-0.2411,-0.2562,-0.279,-0.3081,-0.341,-0.3773,-0.4205,-0.4806,-0.5845,-0.7636,-0.7914,-0.3987,0.2513,1.4785,2.004,0.8042,0.1887,0.0092,0.0044,0.002,-0.2387,-0.2948,0.3023,0.6066,0.9262,1.5096,2.2078,2.4918,2.2531,1.8356,1.4528,-0.2696,-0.2641,-0.2605,-0.2597,-0.263,-0.2712,-0.2849,-0.304,-0.3275,-0.3546,-0.3851,-0.4205,-0.4641,-0.5185,-0.5631,-0.5009,-0.2238,0.2967,1.0382,1.2668,0.7026,0.3175,0.2039,0.2082,0.327,0.6181,1.2272,1.1613,0.9286,0.9974,1.3878,1.9109,2.1616,2.0197,1.7028,1.3836,-0.2824,-0.2793,-0.2781,-0.2793,-0.2837,-0.2918,-0.3038,-0.3194,-0.3381,-0.3592,-0.3819,-0.4056,-0.4282,-0.4427,-0.4278,-0.3421,-0.1467,0.1555,0.4673,0.5631,0.4227,0.3298,0.3196,0.3309,0.5442,1.1337,1.8404,1.5632,1.1123,1.0075,1.185,1.4783,1.6572,1.6203,1.443,1.2264,-0.2928,-0.2913,-0.2915,-0.2936,-0.2983,-0.3055,-0.3154,-0.3278,-0.3418,-0.3568,-0.3715,-0.3839,-0.3901,-0.3826,-0.3477,-0.2679,-0.1328,0.0423,0.2034,0.2854,0.304,0.3464,0.3632,0.3604,0.5435,0.9508,1.3117,1.2594,1.0377,0.9423,1.0059,1.1475,1.2537,1.2582,1.1727,1.0416,-0.301,-0.3005,-0.3013,-0.3037,-0.3079,-0.314,-0.3217,-0.3308,-0.3406,-0.3501,-0.3577,-0.3612,-0.3569,-0.3391,-0.3001,-0.233,-0.1366,-0.0223,0.0865,0.1709,0.239,0.3027,0.3282,0.3492,0.4721,0.693,0.8809,0.9185,0.8616,0.8252,0.8522,0.9191,0.9762,0.9868,0.9457,0.8686]}]