docs/data/wind_grid.json
[{"header":{"la1":42.85,"la2":41.18,"lo1":11.55,"lo2":14.05,"nx":36,"ny":24,"dx":0.07143,"dy":0.07261,"parameterCategory":2,"parameterNumber":2,"parameterNumberName":"eastward_wind","parameterUnit":"m.s-1"},"data":[-0.285,-0.2914,-0.2967,-0.3012,-0.3052,-0.3091,-0.313,-0.3169,-0.3211,-0.3266,-0.3353,-0.3495,-0.3706,-0.399,-0.434,-0.4731,-0.5124,-0.547,-0.5718,-0.5839,-0.5839,-0.5754,-0.5628,-0.5487,-0.5343,-0.5197,-0.5051,-0.4908,-0.4772,-0.4643,-0.4525,-0.4416,-0.4317,-0.4227,-0.4144,-0.4068,-0.2979,-0.3055,-0.3114,-0.316,-0.3199,-0.3239,-0.3279,-0.3313,-0.3332,-0.3349,-0.3397,-0.3519,-0.3742,-0.4078,-0.4518,-0.5033,-0.5567,-0.6036,-0.6348,-0.6441,-0.6338,-0.6132,-0.5917,-0.5727,-0.5556,-0.5387,-0.5218,-0.5054,-0.4897,-0.4752,-0.4619,-0.45,-0.4392,-0.4295,-0.4207,-0.4126,-0.3152,-0.3248,-0.3316,-0.3361,-0.3398,-0.3446,-0.3508,-0.3555,-0.3549,-0.3494,-0.3458,-0.3524,-0.3746,-0.414,-0.4697,-0.5387,-0.6143,-0.6827,-0.7243,-0.7246,-0.6891,-0.6431,-0.6093,-0.5891,-0.5731,-0.5561,-0.5378,-0.5193,-0.5016,-0.4855,-0.4709,-0.4579,-0.4464,-0.4361,-0.4268,-0.4184,-0.3382,-0.3516,-0.3602,-0.3641,-0.3665,-0.3729,-0.3861,-0.3989,-0.3971,-0.3772,-0.3552,-0.3499,-0.3695,-0.415,-0.485,-0.5784,-0.6896,-0.799,-0.8645,-0.8428,-0.7428,-0.6382,-0.5936,-0.5894,-0.5853,-0.5718,-0.5527,-0.5323,-0.5128,-0.4951,-0.4793,-0.4655,-0.4533,-0.4425,-0.4328,-0.4242,-0.3691,-0.3896,-0.4021,-0.4043,-0.4014,-0.408,-0.4377,-0.4794,-0.4849,-0.4316,-0.3689,-0.3411,-0.3557,-0.4077,-0.4936,-0.6164,-0.7817,-0.9751,-1.1124,-1.0528,-0.7934,-0.5454,-0.5161,-0.574,-0.5959,-0.5875,-0.5672,-0.5445,-0.523,-0.5038,-0.4871,-0.4726,-0.4599,-0.4488,-0.4389,-0.43,-0.4093,-0.4442,-0.4672,-0.4673,-0.4484,-0.4434,-0.4987,-0.6204,-0.6649,-0.525,-0.3781,-0.3179,-0.3292,-0.3895,-0.4899,-0.639,-0.8675,-1.2122,-1.5709,-1.4892,-0.9371,-0.4618,-0.4642,-0.5856,-0.6185,-0.6064,-0.5815,-0.5556,-0.5321,-0.5118,-0.4943,-0.4793,-0.4664,-0.4551,-0.4451,-0.4361,-0.4573,-0.5196,-0.5719,-0.5774,-0.521,-0.4672,-0.5199,-0.7515,-0.8828,-0.5865,-0.3427,-0.2663,-0.2868,-0.3621,-0.4747,-0.6312,-0.8841,-1.3508,-2.0386,-1.9729,-1.2211,-0.7799,-0.6651,-0.6755,-0.6607,-0.6287,-0.5951,-0.5654,-0.5403,-0.5191,-0.5012,-0.486,-0.473,-0.4617,-0.4517,-0.4427,-0.5037,-0.607,-0.726,-0.773,-0.6435,-0.4772,-0.4339,-0.568,-0.6432,-0.3942,-0.209,-0.1758,-0.2299,-0.3353,-0.4681,-0.6094,-0.8012,-1.1493,-1.6023,-1.587,-1.3184,-1.1406,-0.9218,-0.7856,-0.704,-0.6477,-0.6061,-0.5739,-0.5479,-0.5263,-0.5083,-0.4931,-0.4801,-0.469,-0.4591,-0.4501,-0.5287,-0.6631,-0.8566,-0.9948,-0.7645,-0.469,-0.2865,-0.2013,-0.1179,-0.0121,0.0064,-0.0549,-0.1622,-0.323,-0.5297,-0.6634,-0.7215,-0.8732,-1.0858,-1.2515,-1.5236,-1.4303,-1.0598,-0.8384,-0.7224,-0.6564,-0.6139,-0.5823,-0.5564,-0.5346,-0.5163,-0.501,-0.4882,-0.4773,-0.4676,-0.4586,-0.518,-0.6436,-0.797,-0.8787,-0.7195,-0.426,-0.1443,0.0956,0.3565,0.4492,0.259,0.0743,-0.0777,-0.2978,-0.7416,-0.9764,-0.7273,-0.7264,-0.8559,-1.0562,-1.3352,-1.2797,-0.9946,-0.8069,-0.7095,-0.658,-0.6241,-0.5952,-0.5686,-0.5454,-0.5261,-0.5105,-0.4979,-0.4873,-0.4778,-0.4688,-0.4776,-0.5858,-0.724,-0.8998,-0.8244,-0.3899,-0.0262,0.2673,0.7911,1.0492,0.4639,0.1752,0.0341,-0.1305,-0.6054,-0.9545,-0.6532,-0.6818,-0.7769,-0.8491,-0.9265,-0.913,-0.8109,-0.7272,-0.6894,-0.6733,-0.6521,-0.6209,-0.588,-0.5599,-0.5382,-0.5221,-0.5099,-0.4998,-0.4906,-0.4815,-0.4163,-0.5072,-0.646,-0.8399,-0.7421,-0.2684,0.0733,0.2365,0.524,0.7395,0.4128,0.2299,0.147,0.1216,-0.031,-0.305,-0.5114,-0.8672,-0.9803,-0.8114,-0.7167,-0.6778,-0.6546,-0.6643,-0.7118,-0.7469,-0.724,-0.6682,-0.6157,-0.5777,-0.5526,-0.5363,-0.525,-0.5159,-0.5071,-0.4977,-0.3389,-0.3948,-0.4615,-0.4967,-0.3682,-0.0873,0.1348,0.198,0.2448,0.3471,0.3249,0.3048,0.2562,0.1892,0.1235,-0.0935,-0.4463,-1.5222,-1.5776,-0.8509,-0.5915,-0.5217,-0.542,-0.6472,-0.8323,-0.9434,-0.8604,-0.7326,-0.6453,-0.5954,-0.5685,-0.554,-0.5451,-0.5375,-0.529,-0.5186,-0.2573,-0.2772,-0.2846,-0.2512,-0.1442,0.0129,0.1429,0.1981,0.23,0.2989,0.3403,0.406,0.4168,0.2863,0.1235,0.0267,-0.2138,-0.8942,-1.0628,-0.6294,-0.4083,-0.3584,-0.4284,-0.6289,-0.9851,-1.1871,-0.982,-0.7712,-0.6601,-0.6082,-0.5858,-0.5771,-0.573,-0.5678,-0.5588,-0.546,-0.1841,-0.1805,-0.1611,-0.1142,-0.0347,0.0623,0.1479,0.2084,0.2702,0.3626,0.4397,0.4292,0.3637,0.3854,0.1343,0.02,-0.5345,-0.3891,-0.389,-0.2619,-0.141,-0.1458,-0.2745,-0.5097,-0.8468,-1.0339,-0.8934,-0.7335,-0.6505,-0.6165,-0.608,-0.6108,-0.6144,-0.6116,-0.6003,-0.582,-0.1246,-0.1089,-0.0805,-0.0354,0.0259,0.0958,0.1648,0.2336,0.3239,0.4809,0.7435,0.5974,0.4571,0.3006,0.1465,-0.1099,-0.3927,-0.1788,-0.0475,0.0348,0.1307,0.0797,-0.109,-0.3336,-0.5615,-0.6977,-0.7008,-0.6611,-0.6348,-0.63,-0.6429,-0.6639,-0.6788,-0.6769,-0.6578,-0.6284,-0.0786,-0.0577,-0.0275,0.0133,0.0637,0.1205,0.1815,0.2509,0.3439,0.4918,0.6946,0.5679,0.38,0.3041,0.2294,0.1234,0.0745,0.2015,0.3346,0.2729,0.1947,0.1518,-0.0059,-0.2118,-0.4096,-0.5514,-0.6193,-0.6376,-0.6431,-0.6605,-0.699,-0.7487,-0.7806,-0.7735,-0.7352,-0.6849,-0.0439,-0.0213,0.0081,0.0446,0.0877,0.1361,0.1895,0.25,0.3221,0.4043,0.46,0.4244,0.3435,0.3254,0.3816,0.4044,0.3896,0.6057,0.8404,0.6162,0.3914,0.2367,0.0659,-0.1572,-0.4019,-0.6084,-0.6976,-0.6938,-0.6851,-0.7087,-0.778,-0.8768,-0.9353,-0.9068,-0.8284,-0.7453,-0.0181,0.0045,0.0321,0.0648,0.1022,0.1437,0.1889,0.2377,0.2889,0.3361,0.3643,0.3649,0.3619,0.4186,0.6756,0.7925,0.5942,0.7482,0.9555,1.0991,0.7622,0.4268,0.1621,-0.1274,-0.4771,-0.8197,-0.9004,-0.7965,-0.7449,-0.7606,-0.8595,-1.029,-1.1223,-1.0475,-0.9123,-0.7935,0.0008,0.0225,0.0481,0.0773,0.1099,0.1454,0.1831,0.2221,0.2604,0.2941,0.3192,0.3383,0.3695,0.4574,0.6565,0.7326,0.6573,0.8792,1.603,1.9475,1.095,0.6093,0.2977,-0.0508,-0.4821,-0.879,-0.9582,-0.869,-0.8053,-0.7999,-0.8938,-1.0896,-1.1982,-1.0985,-0.94,-0.8089,0.0145,0.035,0.0584,0.0845,0.113,0.1434,0.1752,0.2072,0.2382,0.2665,0.2921,0.3189,0.3576,0.4236,0.5127,0.5712,0.6342,0.8528,1.2783,1.4145,1.0296,0.7698,0.5577,0.1559,-0.363,-0.8037,-1.0705,-1.0091,-0.8725,-0.8274,-0.8668,-0.9856,-1.0639,-1.0071,-0.8918,-0.784,0.0241,0.0432,0.0645,0.0878,0.1129,0.1393,0.1664,0.1936,0.2202,0.2457,0.271,0.299,0.3346,0.3818,0.4372,0.4945,0.574,0.7119,0.8804,0.9497,0.9525,1.1328,1.1449,0.5467,-0.1838,-0.8111,-1.2501,-1.0951,-0.9153,-0.8631,-0.839,-0.8632,-0.8921,-0.8694,-0.806,-0.7331,0.0306,0.0483,0.0676,0.0885,0.1107,0.1337,0.1573,0.181,0.2045,0.2279,0.2519,0.2782,0.3091,0.3461,0.389,0.4391,0.5042,0.5901,0.6846,0.7807,0.9815,1.4649,1.6245,0.8516,0.0187,-0.5793,-0.8995,-0.9337,-0.9729,-0.9314,-0.8394,-0.7955,-0.782,-0.7615,-0.7235,-0.6758,0.0346,0.0509,0.0685,0.0872,0.1069,0.1273,0.1481,0.1691,0.1901,0.2113,0.2334,0.2571,0.2838,0.3143,0.3492,0.3901,0.4397,0.4997,0.5712,0.6717,0.8605,1.1514,1.1865,0.7008,0.0981,-0.3678,-0.6606,-0.8445,-0.9775,-0.9324,-0.82,-0.7486,-0.7119,-0.6855,-0.6561,-0.6222]},{"header":{"la1":42.85,"la2":41.18,"lo1":11.55,"lo2":14.05,"nx":36,"ny":24,"dx":0.07143,"dy":0.07261,"parameterCategory":2,"parameterNumber":3,"parameterNumberName":"northward_wind","parameterUnit":"m.s-1"},"data":[-0.339,-0.3437,-0.3499,-0.3573,-0.3653,-0.3728,-0.3784,-0.3804,-0.3778,-0.371,-0.361,-0.35,-0.3402,-0.3332,-0.3303,-0.3322,-0.3391,-0.3509,-0.3668,-0.3854,-0.4038,-0.4182,-0.4249,-0.4233,-0.4157,-0.4056,-0.3957,-0.3877,-0.3819,-0.3784,-0.3769,-0.3769,-0.3782,-0.3802,-0.3828,-0.3858,-0.337,-0.3426,-0.3506,-0.3611,-0.3734,-0.386,-0.3964,-0.4014,-0.399,-0.3891,-0.3739,-0.3571,-0.3422,-0.3316,-0.327,-0.3292,-0.3384,-0.3545,-0.3772,-0.4053,-0.4348,-0.458,-0.4665,-0.4591,-0.442,-0.4229,-0.4064,-0.3941,-0.3859,-0.3812,-0.3793,-0.3793,-0.3808,-0.3833,-0.3864,-0.3898,-0.3327,-0.3385,-0.3483,-0.3627,-0.3815,-0.4026,-0.4218,-0.4334,-0.4321,-0.4169,-0.3928,-0.3666,-0.344,-0.3284,-0.3214,-0.3239,-0.336,-0.3577,-0.3892,-0.4315,-0.4819,-0.5241,-0.535,-0.5126,-0.4762,-0.4422,-0.4165,-0.3992,-0.3887,-0.3831,-0.3811,-0.3816,-0.3836,-0.3867,-0.3904,-0.3944,-0.3245,-0.3292,-0.3399,-0.359,-0.3871,-0.4222,-0.4582,-0.484,-0.4861,-0.461,-0.4202,-0.3785,-0.3448,-0.3224,-0.3125,-0.3155,-0.3315,-0.36,-0.4006,-0.4605,-0.5503,-0.6393,-0.6514,-0.589,-0.5151,-0.4593,-0.4231,-0.4014,-0.3894,-0.3838,-0.3823,-0.3836,-0.3866,-0.3906,-0.3952,-0.3998,-0.3113,-0.3116,-0.3203,-0.3434,-0.3843,-0.4414,-0.5084,-0.5663,-0.5788,-0.5311,-0.4576,-0.3914,-0.3426,-0.312,-0.2988,-0.3028,-0.3244,-0.3625,-0.4105,-0.4776,-0.6259,-0.8298,-0.8297,-0.6728,-0.5428,-0.465,-0.4218,-0.3986,-0.3872,-0.3829,-0.383,-0.3857,-0.3901,-0.3953,-0.4009,-0.4064,-0.2921,-0.2815,-0.2807,-0.3042,-0.3614,-0.4501,-0.5665,-0.6931,-0.7346,-0.6313,-0.4985,-0.3996,-0.3342,-0.2953,-0.279,-0.284,-0.3129,-0.3694,-0.4343,-0.4697,-0.6152,-0.9448,-0.922,-0.6823,-0.5283,-0.4492,-0.4094,-0.3902,-0.3823,-0.3809,-0.3834,-0.3883,-0.3945,-0.4012,-0.408,-0.4144,-0.2688,-0.2362,-0.2071,-0.2184,-0.2996,-0.4299,-0.5945,-0.8022,-0.8908,-0.7057,-0.5174,-0.3945,-0.316,-0.2708,-0.2527,-0.2573,-0.289,-0.3648,-0.4811,-0.4759,-0.4536,-0.6185,-0.6571,-0.5467,-0.4591,-0.411,-0.3874,-0.3776,-0.3758,-0.3787,-0.3845,-0.392,-0.4003,-0.4089,-0.417,-0.4245,-0.25,-0.1838,-0.0875,-0.0478,-0.184,-0.3791,-0.5521,-0.7172,-0.7783,-0.6524,-0.4997,-0.3747,-0.2865,-0.2385,-0.2235,-0.2274,-0.2476,-0.3005,-0.3765,-0.3375,-0.1837,-0.2061,-0.3259,-0.3702,-0.3708,-0.3649,-0.3625,-0.3644,-0.3697,-0.3775,-0.3871,-0.3976,-0.4084,-0.419,-0.4287,-0.4372,-0.2535,-0.1668,0.0165,0.1785,-0.087,-0.3562,-0.5104,-0.6178,-0.6692,-0.6299,-0.5012,-0.3519,-0.2448,-0.1995,-0.2081,-0.2203,-0.2103,-0.2164,-0.2179,-0.1174,0.1385,0.083,-0.1411,-0.2567,-0.3057,-0.329,-0.3434,-0.3552,-0.3667,-0.3791,-0.3923,-0.4061,-0.4197,-0.4325,-0.4438,-0.4534,-0.291,-0.243,-0.1409,-0.0727,-0.293,-0.4278,-0.5258,-0.6522,-0.8292,-0.8556,-0.5874,-0.3284,-0.1811,-0.1448,-0.2419,-0.3088,-0.198,-0.1605,-0.1476,-0.0807,0.0586,0.0303,-0.1182,-0.2199,-0.2784,-0.3136,-0.3364,-0.3534,-0.3687,-0.3844,-0.4012,-0.4185,-0.4353,-0.4506,-0.4637,-0.474,-0.344,-0.3639,-0.448,-0.6845,-0.6664,-0.5264,-0.5461,-0.6902,-1.167,-1.4233,-0.6932,-0.2667,-0.0764,-0.0269,-0.1642,-0.2878,-0.1395,-0.117,-0.1277,-0.1149,-0.0877,-0.1021,-0.1641,-0.2309,-0.2845,-0.3217,-0.3448,-0.3608,-0.3763,-0.3942,-0.4146,-0.436,-0.4568,-0.4751,-0.4899,-0.5007,-0.3811,-0.4285,-0.5352,-0.6994,-0.6738,-0.5377,-0.5206,-0.5652,-0.8358,-1.0266,-0.5068,-0.1302,0.0566,0.1437,0.1052,0.0315,-0.0108,-0.1123,-0.1604,-0.1427,-0.1395,-0.16,-0.2031,-0.2605,-0.3185,-0.3572,-0.371,-0.3769,-0.3884,-0.4079,-0.4331,-0.4605,-0.4864,-0.5084,-0.5248,-0.5353,-0.3926,-0.432,-0.4913,-0.5457,-0.5351,-0.493,-0.4874,-0.4897,-0.5091,-0.4792,-0.2338,0.0409,0.1693,0.2001,0.2084,0.2429,0.1334,-0.2497,-0.2875,-0.1609,-0.1525,-0.1793,-0.226,-0.2956,-0.381,-0.4286,-0.4142,-0.3968,-0.4018,-0.4249,-0.4583,-0.4947,-0.5282,-0.5546,-0.5719,-0.5805,-0.3875,-0.4122,-0.44,-0.4587,-0.4574,-0.4497,-0.456,-0.4704,-0.4435,-0.3217,-0.1202,0.163,0.2782,0.5086,0.3621,0.6047,0.4177,-0.0102,-0.1558,-0.1326,-0.1482,-0.1805,-0.2324,-0.3164,-0.4404,-0.5057,-0.4488,-0.407,-0.4111,-0.4446,-0.4929,-0.5441,-0.5887,-0.6201,-0.6365,-0.6398,-0.3758,-0.3898,-0.4028,-0.4103,-0.4104,-0.4078,-0.4067,-0.398,-0.354,-0.2709,-0.1745,-0.0237,0.1691,0.3004,0.3798,0.685,0.4839,0.2011,-0.0242,-0.1107,-0.1326,-0.1601,-0.2183,-0.2973,-0.4002,-0.4577,-0.4181,-0.3906,-0.4121,-0.4687,-0.5432,-0.6188,-0.6796,-0.7155,-0.7258,-0.7173,-0.3629,-0.3702,-0.3757,-0.3778,-0.3755,-0.3697,-0.3595,-0.3399,-0.3088,-0.2984,-0.3934,-0.2123,-0.0917,0.08,0.1781,0.3122,0.3406,0.1042,-0.0977,-0.1453,-0.0638,-0.0967,-0.1951,-0.2586,-0.3046,-0.3284,-0.3255,-0.3412,-0.402,-0.5005,-0.62,-0.7365,-0.8214,-0.8571,-0.8494,-0.8165,-0.3511,-0.3541,-0.3555,-0.354,-0.3493,-0.3408,-0.3277,-0.3099,-0.2938,-0.3064,-0.3785,-0.2786,-0.2912,-0.3153,-0.1012,-0.0214,-0.0415,-0.214,-0.3635,-0.278,-0.0674,-0.1049,-0.2067,-0.2322,-0.2112,-0.175,-0.1739,-0.2453,-0.3759,-0.5443,-0.7383,-0.9261,-1.047,-1.0671,-1.0149,-0.9367,-0.3411,-0.3415,-0.3403,-0.3369,-0.3307,-0.3215,-0.3094,-0.2955,-0.2845,-0.2835,-0.2866,-0.2816,-0.3583,-0.3917,-0.3774,-0.4077,-0.3763,-0.5833,-0.8286,-0.5548,-0.3452,-0.2772,-0.2679,-0.2171,-0.0868,0.093,0.1236,-0.074,-0.3338,-0.6027,-0.9083,-1.2203,-1.3944,-1.3575,-1.2139,-1.065,-0.3331,-0.3319,-0.3294,-0.325,-0.3186,-0.3102,-0.3001,-0.2896,-0.2811,-0.2772,-0.2786,-0.2924,-0.3371,-0.4395,-0.7941,-0.9557,-0.6078,-0.6649,-0.8077,-0.7607,-0.5771,-0.433,-0.3434,-0.2186,0.0565,0.552,0.6587,0.1246,-0.3177,-0.6739,-1.0943,-1.5808,-1.8189,-1.6647,-1.3933,-1.1687,-0.327,-0.325,-0.3219,-0.3174,-0.3116,-0.3045,-0.2967,-0.2893,-0.2841,-0.283,-0.2896,-0.311,-0.3635,-0.4913,-0.7656,-0.8595,-0.6529,-0.6768,-0.9365,-1.0574,-0.7268,-0.5394,-0.43,-0.2858,0.0102,0.5996,0.7345,-0.0085,-0.427,-0.7488,-1.1727,-1.7267,-1.9921,-1.7766,-1.4552,-1.2064,-0.3228,-0.3204,-0.3173,-0.3132,-0.3082,-0.3027,-0.2972,-0.2927,-0.2906,-0.293,-0.3033,-0.3271,-0.3744,-0.4581,-0.5657,-0.6107,-0.595,-0.6508,-0.8054,-0.8551,-0.7088,-0.6154,-0.5536,-0.4384,-0.2855,-0.2395,-0.5669,-0.6062,-0.6605,-0.8325,-1.1011,-1.4756,-1.6888,-1.5829,-1.3617,-1.1651,-0.3201,-0.3177,-0.3148,-0.3113,-0.3074,-0.3035,-0.3,-0.2979,-0.2984,-0.3033,-0.3149,-0.3368,-0.3726,-0.4227,-0.4761,-0.5132,-0.5407,-0.5884,-0.6525,-0.6807,-0.6811,-0.7376,-0.75,-0.6168,-0.5279,-0.6617,-0.9733,-0.8804,-0.9023,-0.9652,-1.0362,-1.1892,-1.3111,-1.2987,-1.1966,-1.0762,-0.3186,-0.3165,-0.314,-0.3113,-0.3085,-0.3059,-0.3042,-0.3039,-0.3062,-0.3123,-0.3239,-0.3425,-0.3691,-0.4024,-0.4376,-0.47,-0.5019,-0.5398,-0.5813,-0.6224,-0.6925,-0.8374,-0.8829,-0.7206,-0.6327,-0.7005,-0.832,-0.9669,-1.2031,-1.1508,-1.0463,-1.0488,-1.0879,-1.091,-1.0476,-0.9804,-0.3182,-0.3164,-0.3145,-0.3125,-0.3107,-0.3093,-0.3089,-0.31,-0.3134,-0.3201,-0.3308,-0.3465,-0.3673,-0.3921,-0.4192,-0.447,-0.4764,-0.509,-0.5459,-0.5921,-0.6633,-0.7577,-0.7813,-0.7045,-0.6615,-0.7059,-0.8201,-1.0239,-1.2411,-1.1791,-1.0415,-0.9827,-0.972,-0.9637,-0.9386,-0.8986]}]