docs/data/wind_grid.json
[{"header":{"la1":42.85,"la2":41.18,"lo1":11.55,"lo2":14.05,"nx":36,"ny":24,"dx":0.07143,"dy":0.07261,"parameterCategory":2,"parameterNumber":2,"parameterNumberName":"eastward_wind","parameterUnit":"m.s-1"},"data":[-0.437,-0.4475,-0.4584,-0.4696,-0.4805,-0.49,-0.4966,-0.4987,-0.4954,-0.4873,-0.4766,-0.4663,-0.4592,-0.457,-0.4605,-0.4688,-0.4801,-0.4913,-0.4993,-0.5012,-0.4962,-0.4851,-0.4699,-0.4528,-0.4357,-0.4195,-0.4048,-0.3919,-0.3807,-0.371,-0.3628,-0.3557,-0.3497,-0.3445,-0.34,-0.336,-0.4474,-0.46,-0.4737,-0.4885,-0.5039,-0.5187,-0.5303,-0.5351,-0.5306,-0.5172,-0.499,-0.4815,-0.4696,-0.4661,-0.4718,-0.4857,-0.505,-0.5249,-0.5393,-0.5433,-0.5354,-0.5181,-0.4955,-0.4716,-0.4489,-0.4284,-0.4107,-0.3957,-0.383,-0.3725,-0.3636,-0.3562,-0.35,-0.3447,-0.3402,-0.3363,-0.4581,-0.473,-0.4898,-0.5091,-0.5312,-0.5549,-0.5763,-0.588,-0.5829,-0.5602,-0.5281,-0.4982,-0.4785,-0.4727,-0.4816,-0.5042,-0.5368,-0.5721,-0.5983,-0.6051,-0.5905,-0.5612,-0.5264,-0.4923,-0.4621,-0.4366,-0.4155,-0.3984,-0.3844,-0.3731,-0.3639,-0.3563,-0.35,-0.3448,-0.3403,-0.3365,-0.469,-0.4862,-0.5061,-0.5305,-0.5612,-0.5993,-0.6401,-0.6692,-0.666,-0.6253,-0.5668,-0.5151,-0.4832,-0.4742,-0.4876,-0.5229,-0.5774,-0.6409,-0.69,-0.7001,-0.6691,-0.6164,-0.5614,-0.5131,-0.4738,-0.4428,-0.4185,-0.3995,-0.3845,-0.3728,-0.3634,-0.3558,-0.3497,-0.3446,-0.3403,-0.3366,-0.4801,-0.4993,-0.5217,-0.5503,-0.5903,-0.6484,-0.7256,-0.7979,-0.8069,-0.727,-0.6152,-0.5279,-0.4797,-0.4671,-0.4861,-0.5375,-0.6248,-0.7404,-0.8379,-0.8498,-0.7781,-0.6811,-0.5959,-0.5303,-0.4815,-0.4455,-0.4186,-0.3985,-0.3832,-0.3714,-0.3622,-0.3549,-0.3491,-0.3443,-0.3403,-0.3368,-0.4919,-0.5129,-0.5364,-0.5662,-0.6112,-0.6887,-0.8204,-0.9892,-1.0416,-0.8706,-0.6595,-0.5253,-0.462,-0.4479,-0.4726,-0.539,-0.6645,-0.8636,-1.0601,-1.0653,-0.9045,-0.7391,-0.6193,-0.5379,-0.4822,-0.4432,-0.4153,-0.3951,-0.3802,-0.369,-0.3604,-0.3537,-0.3484,-0.344,-0.3404,-0.3372,-0.5053,-0.5286,-0.5524,-0.5788,-0.6176,-0.6946,-0.8593,-1.1445,-1.2769,-0.9631,-0.6492,-0.4891,-0.4247,-0.4152,-0.4448,-0.5166,-0.6595,-0.9252,-1.2379,-1.2271,-0.9688,-0.754,-0.6172,-0.5305,-0.4736,-0.4351,-0.4084,-0.3896,-0.376,-0.3659,-0.3583,-0.3524,-0.3478,-0.3439,-0.3407,-0.3379,-0.5214,-0.55,-0.5763,-0.5969,-0.6159,-0.6562,-0.7623,-0.9649,-1.0476,-0.78,-0.5311,-0.4113,-0.3688,-0.3728,-0.4089,-0.4733,-0.5903,-0.8043,-1.0555,-1.0653,-0.8746,-0.7016,-0.5843,-0.5071,-0.4559,-0.4217,-0.3985,-0.3825,-0.371,-0.3626,-0.3562,-0.3514,-0.3475,-0.3443,-0.3416,-0.339,-0.5402,-0.58,-0.6183,-0.6409,-0.6348,-0.6154,-0.6108,-0.6139,-0.5579,-0.4351,-0.3496,-0.3107,-0.3026,-0.3287,-0.3847,-0.4405,-0.5125,-0.6349,-0.7576,-0.7845,-0.7129,-0.6162,-0.5339,-0.4735,-0.4323,-0.4053,-0.3875,-0.3752,-0.3664,-0.3598,-0.3549,-0.3511,-0.348,-0.3455,-0.3431,-0.3409,-0.5579,-0.6158,-0.6842,-0.7365,-0.7122,-0.6237,-0.5333,-0.4066,-0.2032,-0.1005,-0.1717,-0.2151,-0.2306,-0.2785,-0.4011,-0.4664,-0.4833,-0.5779,-0.6551,-0.664,-0.6167,-0.5478,-0.4841,-0.4372,-0.4074,-0.3897,-0.3783,-0.3699,-0.3634,-0.3585,-0.3548,-0.352,-0.3497,-0.3477,-0.3457,-0.3436,-0.5657,-0.6397,-0.7449,-0.8588,-0.8328,-0.6697,-0.5587,-0.394,0.0704,0.2915,-0.05,-0.1471,-0.1475,-0.1712,-0.3364,-0.4556,-0.4993,-0.6748,-0.7646,-0.7077,-0.601,-0.5064,-0.4403,-0.4028,-0.3867,-0.3806,-0.3755,-0.3694,-0.3637,-0.3595,-0.3566,-0.3546,-0.3529,-0.3513,-0.3495,-0.3475,-0.5545,-0.6274,-0.7299,-0.838,-0.8114,-0.6859,-0.6783,-0.6834,-0.3017,0.0277,-0.1026,-0.1151,-0.064,0.0093,-0.083,-0.304,-0.6043,-1.0892,-1.1981,-0.8862,-0.621,-0.4676,-0.3931,-0.3711,-0.3787,-0.3888,-0.386,-0.3763,-0.3681,-0.3633,-0.3608,-0.3594,-0.3582,-0.3567,-0.3549,-0.3527,-0.5245,-0.5797,-0.6443,-0.6929,-0.6828,-0.6759,-0.7884,-0.8968,-0.8314,-0.3709,-0.1749,-0.0987,-0.0408,0.0655,0.0092,-0.2506,-0.7435,-1.8972,-1.9167,-1.0305,-0.5815,-0.3884,-0.3266,-0.3426,-0.3976,-0.4301,-0.4142,-0.3896,-0.3757,-0.37,-0.3679,-0.367,-0.3659,-0.3643,-0.362,-0.3592,-0.4839,-0.5197,-0.5548,-0.5786,-0.5908,-0.63,-0.7489,-0.9406,-0.7945,-0.3737,-0.1479,-0.0864,-0.0698,0.0703,-0.0572,-0.2569,-0.5873,-1.2858,-1.3792,-0.7623,-0.3762,-0.2264,-0.2228,-0.3052,-0.4299,-0.4859,-0.4408,-0.4001,-0.3841,-0.3797,-0.3787,-0.3778,-0.3764,-0.374,-0.371,-0.3673,-0.441,-0.4624,-0.4815,-0.4956,-0.5089,-0.5355,-0.5806,-0.5938,-0.45,-0.1932,-0.0288,-0.0205,-0.0396,-0.0873,-0.0901,-0.3039,-0.4831,-0.5171,-0.5107,-0.2572,-0.0022,0.0429,-0.0671,-0.223,-0.3785,-0.4466,-0.4222,-0.4001,-0.3948,-0.3947,-0.3943,-0.3926,-0.3896,-0.3858,-0.3814,-0.3765,-0.3999,-0.4113,-0.4201,-0.4252,-0.4277,-0.4278,-0.4158,-0.3595,-0.2203,0.0004,0.2623,0.0431,-0.0019,-0.0368,-0.0707,-0.2202,-0.3605,-0.212,-0.0578,0.1531,0.4463,0.3725,0.1027,-0.1154,-0.2748,-0.3621,-0.395,-0.4101,-0.4179,-0.4194,-0.4162,-0.4106,-0.4044,-0.3984,-0.3925,-0.3863,-0.362,-0.3661,-0.367,-0.3637,-0.3546,-0.3363,-0.2999,-0.2303,-0.1144,0.0512,0.2334,0.1129,0.0196,0.0109,0.0334,0.0241,0.0279,0.1756,0.3284,0.3727,0.5243,0.4427,0.1747,-0.0579,-0.2402,-0.3655,-0.4346,-0.4616,-0.4652,-0.4571,-0.4431,-0.4282,-0.4166,-0.4087,-0.4024,-0.3957,-0.3279,-0.3264,-0.3214,-0.3115,-0.2948,-0.268,-0.2262,-0.164,-0.0808,0.0115,0.0742,0.0667,0.0385,0.0597,0.2496,0.3587,0.3455,0.5445,0.7475,0.5808,0.4678,0.3546,0.1653,-0.0648,-0.2981,-0.4854,-0.5662,-0.564,-0.539,-0.5067,-0.4698,-0.4364,-0.4176,-0.4119,-0.409,-0.4038,-0.2976,-0.2921,-0.2829,-0.2688,-0.2483,-0.2192,-0.1795,-0.1284,-0.0686,-0.0093,0.0364,0.0674,0.1111,0.2543,0.6926,0.8651,0.5621,0.647,0.804,0.8796,0.6516,0.4084,0.1813,-0.0876,-0.4035,-0.6797,-0.7427,-0.6876,-0.6311,-0.5663,-0.4926,-0.4262,-0.3996,-0.4055,-0.4122,-0.4106,-0.2712,-0.2628,-0.2509,-0.2346,-0.2127,-0.1842,-0.1485,-0.1059,-0.0588,-0.0111,0.0348,0.0857,0.1668,0.3399,0.663,0.7723,0.6058,0.7188,1.194,1.4094,0.858,0.5143,0.2601,-0.0556,-0.4427,-0.7448,-0.8003,-0.8128,-0.7442,-0.6429,-0.5285,-0.4231,-0.3867,-0.4036,-0.4176,-0.418,-0.2484,-0.2382,-0.2247,-0.2074,-0.1856,-0.1586,-0.1265,-0.0896,-0.0492,-0.0062,0.0403,0.0969,0.1775,0.2995,0.4445,0.518,0.5426,0.6835,0.9747,1.0671,0.8169,0.6497,0.4792,0.1068,-0.3907,-0.8363,-1.1803,-1.0983,-0.8878,-0.7448,-0.6083,-0.4845,-0.4291,-0.4282,-0.4325,-0.428,-0.229,-0.2176,-0.2034,-0.1859,-0.1647,-0.1395,-0.1103,-0.0774,-0.0411,-0.0014,0.0432,0.0965,0.1635,0.2456,0.3301,0.3973,0.4627,0.5665,0.6939,0.7567,0.7971,0.9936,1.0107,0.4555,-0.2622,-0.9345,-1.4584,-1.25,-0.9859,-0.8684,-0.7231,-0.5867,-0.5057,-0.4717,-0.4547,-0.4398,-0.2125,-0.2006,-0.1862,-0.1689,-0.1486,-0.1251,-0.0984,-0.0685,-0.0355,0.0009,0.0417,0.0887,0.143,0.2036,0.2654,0.3248,0.3877,0.4631,0.547,0.6436,0.8487,1.2951,1.4349,0.7339,-0.0753,-0.694,-1.0372,-1.0482,-1.0737,-1.0067,-0.8252,-0.6681,-0.567,-0.5094,-0.4746,-0.4497,-0.1988,-0.1866,-0.1723,-0.1556,-0.1363,-0.1144,-0.0898,-0.0626,-0.0326,0.0004,0.0368,0.0773,0.1221,0.1701,0.2196,0.2699,0.3234,0.3833,0.4546,0.5571,0.744,1.0158,1.0463,0.5932,0.0061,-0.4641,-0.7614,-0.9427,-1.0816,-1.0199,-0.845,-0.6952,-0.5932,-0.5278,-0.4847,-0.454]},{"header":{"la1":42.85,"la2":41.18,"lo1":11.55,"lo2":14.05,"nx":36,"ny":24,"dx":0.07143,"dy":0.07261,"parameterCategory":2,"parameterNumber":3,"parameterNumberName":"northward_wind","parameterUnit":"m.s-1"},"data":[-0.2706,-0.2582,-0.2436,-0.2271,-0.2096,-0.1926,-0.1786,-0.1701,-0.169,-0.175,-0.1856,-0.1974,-0.2075,-0.2138,-0.2157,-0.2135,-0.2085,-0.2025,-0.1975,-0.1953,-0.1965,-0.201,-0.2079,-0.2163,-0.2255,-0.235,-0.2446,-0.2542,-0.2638,-0.2732,-0.2825,-0.2916,-0.3005,-0.3091,-0.3174,-0.3251,-0.2716,-0.2569,-0.2388,-0.217,-0.1924,-0.1669,-0.1448,-0.1311,-0.1302,-0.1419,-0.1615,-0.1824,-0.1992,-0.2092,-0.2116,-0.2073,-0.1982,-0.1874,-0.1786,-0.1747,-0.1768,-0.1838,-0.1939,-0.2053,-0.2171,-0.2287,-0.24,-0.251,-0.2618,-0.2724,-0.2827,-0.2929,-0.3027,-0.3121,-0.3211,-0.3296,-0.2746,-0.2578,-0.2357,-0.2073,-0.1723,-0.1329,-0.0952,-0.0702,-0.0684,-0.0911,-0.1278,-0.1646,-0.1922,-0.2074,-0.21,-0.2018,-0.1856,-0.1663,-0.1506,-0.1446,-0.1493,-0.1616,-0.1772,-0.1932,-0.2084,-0.2225,-0.2357,-0.2482,-0.2603,-0.2721,-0.2836,-0.2948,-0.3057,-0.3161,-0.3259,-0.3351,-0.2803,-0.262,-0.2363,-0.2004,-0.1516,-0.0896,-0.0219,0.0295,0.0359,-0.0098,-0.0807,-0.1453,-0.1891,-0.2109,-0.2132,-0.1987,-0.1703,-0.1351,-0.1065,-0.0978,-0.1102,-0.1335,-0.1584,-0.1808,-0.2,-0.2168,-0.2319,-0.2459,-0.2594,-0.2724,-0.2852,-0.2976,-0.3097,-0.3211,-0.3319,-0.3419,-0.2896,-0.2712,-0.2435,-0.2012,-0.1368,-0.042,0.082,0.1976,0.2218,0.1225,-0.0195,-0.13,-0.1949,-0.2235,-0.2245,-0.201,-0.1535,-0.0885,-0.0331,-0.023,-0.0558,-0.1006,-0.1396,-0.1697,-0.1931,-0.2123,-0.229,-0.2444,-0.2592,-0.2736,-0.2877,-0.3015,-0.3149,-0.3276,-0.3394,-0.3503,-0.3026,-0.2862,-0.2599,-0.2161,-0.1409,-0.011,0.2002,0.4604,0.5447,0.3144,0.0369,-0.1336,-0.2169,-0.2493,-0.2484,-0.2158,-0.1439,-0.0292,0.0813,0.087,0.0076,-0.0711,-0.1259,-0.1626,-0.1889,-0.2095,-0.2273,-0.2438,-0.2598,-0.2756,-0.2913,-0.3067,-0.3217,-0.3358,-0.3489,-0.3606,-0.3187,-0.3065,-0.2861,-0.2495,-0.1795,-0.0402,0.2352,0.6801,0.8789,0.4374,0.0191,-0.1799,-0.2614,-0.291,-0.29,-0.2541,-0.1655,-0.0037,0.1758,0.1711,0.0395,-0.063,-0.1241,-0.1618,-0.1879,-0.2085,-0.2266,-0.2439,-0.2611,-0.2785,-0.2961,-0.3135,-0.3304,-0.3462,-0.3607,-0.3735,-0.3361,-0.3293,-0.3179,-0.2971,-0.2539,-0.1575,0.0485,0.3938,0.5365,0.1676,-0.1477,-0.2775,-0.3243,-0.3464,-0.3551,-0.3283,-0.241,-0.0893,0.0702,0.0823,-0.0107,-0.088,-0.1359,-0.1669,-0.1896,-0.2086,-0.2264,-0.2443,-0.2629,-0.2823,-0.3023,-0.3223,-0.3415,-0.3595,-0.3756,-0.3895,-0.3522,-0.3493,-0.3448,-0.3402,-0.3343,-0.314,-0.2616,-0.1971,-0.2265,-0.3515,-0.406,-0.396,-0.3862,-0.4063,-0.4551,-0.4579,-0.3564,-0.2229,-0.1169,-0.0797,-0.098,-0.1281,-0.1535,-0.174,-0.1918,-0.2086,-0.2259,-0.2445,-0.265,-0.2871,-0.3103,-0.3336,-0.356,-0.3766,-0.3946,-0.4097,-0.3656,-0.3623,-0.3544,-0.3481,-0.3695,-0.4286,-0.5032,-0.6166,-0.8111,-0.8745,-0.6666,-0.4894,-0.42,-0.4449,-0.5993,-0.6829,-0.465,-0.3012,-0.2135,-0.1701,-0.1555,-0.1571,-0.1659,-0.1781,-0.192,-0.2071,-0.224,-0.2437,-0.2668,-0.2928,-0.3205,-0.3485,-0.3751,-0.3989,-0.4191,-0.4352,-0.377,-0.3711,-0.3498,-0.3108,-0.3333,-0.4843,-0.6477,-0.8285,-1.2413,-1.451,-0.8468,-0.5129,-0.409,-0.4215,-0.5682,-0.6843,-0.4402,-0.3006,-0.24,-0.2011,-0.1761,-0.1659,-0.1674,-0.1763,-0.1889,-0.203,-0.2197,-0.2411,-0.2681,-0.2997,-0.334,-0.3684,-0.4006,-0.4286,-0.4512,-0.4679,-0.3889,-0.3851,-0.365,-0.3265,-0.3623,-0.5549,-0.7457,-0.8585,-1.0491,-1.1599,-0.7295,-0.4459,-0.3694,-0.4205,-0.4027,-0.3668,-0.2956,-0.2745,-0.2619,-0.2099,-0.1714,-0.1555,-0.1568,-0.1685,-0.1834,-0.197,-0.2125,-0.236,-0.2687,-0.3087,-0.3525,-0.3961,-0.4359,-0.469,-0.4937,-0.5101,-0.4017,-0.4062,-0.4076,-0.4172,-0.4842,-0.6381,-0.8137,-0.8185,-0.9503,-0.7649,-0.52,-0.3506,-0.2865,-0.4211,-0.3606,-0.193,-0.154,-0.333,-0.3399,-0.2019,-0.1415,-0.1242,-0.1332,-0.1567,-0.1808,-0.1934,-0.2039,-0.2289,-0.2697,-0.3217,-0.3792,-0.436,-0.4861,-0.525,-0.5511,-0.5651,-0.4123,-0.4247,-0.4424,-0.4756,-0.5427,-0.6537,-0.7998,-0.9757,-0.8951,-0.609,-0.395,-0.3196,-0.2578,0.2988,-0.0201,0.0916,0.1993,-0.1034,-0.2033,-0.1222,-0.0699,-0.0604,-0.091,-0.139,-0.183,-0.1972,-0.1975,-0.2222,-0.273,-0.3419,-0.4196,-0.4956,-0.5596,-0.6048,-0.6296,-0.6371,-0.4178,-0.4334,-0.4555,-0.4889,-0.5392,-0.6067,-0.6801,-0.7174,-0.6319,-0.4543,-0.3134,-0.213,0.031,0.4564,0.1608,0.5639,1.1765,0.3843,0.0308,0.0019,0.0739,0.0673,-0.0197,-0.1028,-0.1621,-0.1854,-0.1866,-0.214,-0.2792,-0.3732,-0.4818,-0.587,-0.6704,-0.7206,-0.7377,-0.7306,-0.4176,-0.4325,-0.4518,-0.477,-0.5078,-0.5399,-0.5602,-0.5436,-0.4678,-0.3574,-0.2922,-0.209,-0.1344,0.0358,0.0776,0.4584,0.8706,0.3346,0.036,0.0855,0.3501,0.2825,0.0631,-0.054,-0.105,-0.1256,-0.1399,-0.1859,-0.2813,-0.418,-0.5774,-0.7306,-0.8418,-0.891,-0.8859,-0.8493,-0.4132,-0.4252,-0.4394,-0.4553,-0.4709,-0.4814,-0.478,-0.4502,-0.3947,-0.3291,-0.2919,-0.2577,-0.3188,-0.3515,-0.1527,0.0049,0.0837,-0.0729,-0.1889,-0.0134,0.3767,0.2965,0.0645,-0.0256,-0.0274,-0.0012,-0.0124,-0.1038,-0.2653,-0.4765,-0.7219,-0.9582,-1.1101,-1.1393,-1.0814,-0.9913,-0.4061,-0.4148,-0.424,-0.4326,-0.4385,-0.4382,-0.4272,-0.4023,-0.3652,-0.3263,-0.2998,-0.2998,-0.3793,-0.4057,-0.3567,-0.3418,-0.2745,-0.3927,-0.5496,-0.3012,-0.0503,0.0121,-0.0307,-0.0199,0.0896,0.2556,0.2758,0.065,-0.2258,-0.5473,-0.9235,-1.3034,-1.5123,-1.4746,-1.312,-1.1403,-0.3979,-0.4037,-0.4089,-0.4126,-0.4131,-0.4084,-0.3966,-0.3772,-0.3527,-0.3291,-0.3145,-0.3188,-0.3496,-0.41,-0.6221,-0.7152,-0.4569,-0.4501,-0.5204,-0.4456,-0.3013,-0.1916,-0.1318,-0.0306,0.2261,0.6901,0.7852,0.2648,-0.2049,-0.6233,-1.137,-1.716,-1.9889,-1.8195,-1.5152,-1.2582,-0.3897,-0.3931,-0.3956,-0.3963,-0.3942,-0.3882,-0.3778,-0.3634,-0.3471,-0.3329,-0.3257,-0.3318,-0.3599,-0.435,-0.6015,-0.6524,-0.4873,-0.4494,-0.538,-0.5818,-0.4168,-0.3036,-0.2253,-0.0995,0.1808,0.7334,0.856,0.1457,-0.3012,-0.6894,-1.2158,-1.8779,-2.1796,-1.9416,-1.5816,-1.2975,-0.3821,-0.3838,-0.3845,-0.3836,-0.3804,-0.3746,-0.3661,-0.3556,-0.3448,-0.3362,-0.3333,-0.3402,-0.3627,-0.4082,-0.4679,-0.4822,-0.4436,-0.4374,-0.4857,-0.499,-0.429,-0.3831,-0.3414,-0.2438,-0.101,-0.0466,-0.3321,-0.3954,-0.515,-0.7533,-1.1063,-1.5759,-1.8343,-1.7182,-1.4683,-1.2437,-0.3754,-0.376,-0.3756,-0.3739,-0.3706,-0.3654,-0.3587,-0.3511,-0.3438,-0.3386,-0.3377,-0.3434,-0.3578,-0.3808,-0.4039,-0.4124,-0.4083,-0.4119,-0.4278,-0.4354,-0.4428,-0.4904,-0.4999,-0.4015,-0.3313,-0.4385,-0.6792,-0.6421,-0.7618,-0.8734,-0.9962,-1.2142,-1.3812,-1.3793,-1.2679,-1.1326,-0.3697,-0.3696,-0.3686,-0.3666,-0.3635,-0.3591,-0.3539,-0.3484,-0.3434,-0.3401,-0.3399,-0.3439,-0.3524,-0.3644,-0.3759,-0.383,-0.3871,-0.3936,-0.4051,-0.4237,-0.4693,-0.5642,-0.593,-0.489,-0.4368,-0.5019,-0.6218,-0.807,-1.1027,-1.059,-0.9806,-1.0247,-1.1003,-1.1225,-1.0833,-1.0126,-0.3649,-0.3644,-0.3632,-0.3612,-0.3584,-0.3548,-0.3508,-0.3467,-0.3433,-0.3411,-0.3411,-0.3437,-0.3489,-0.3559,-0.3631,-0.3694,-0.3756,-0.3838,-0.3967,-0.4194,-0.4616,-0.5195,-0.5343,-0.4915,-0.4788,-0.5371,-0.6659,-0.9048,-1.1465,-1.0886,-0.9681,-0.9365,-0.9524,-0.9627,-0.947,-0.9098]}]