docs/data/wind_grid.json
[{"header":{"la1":42.85,"la2":41.18,"lo1":11.55,"lo2":14.05,"nx":36,"ny":24,"dx":0.07143,"dy":0.07261,"parameterCategory":2,"parameterNumber":2,"parameterNumberName":"eastward_wind","parameterUnit":"m.s-1"},"data":[4.1008,4.1236,4.1471,4.1702,4.1913,4.2078,4.2162,4.2126,4.1944,4.1612,4.1153,4.0605,4.001,3.9399,3.8795,3.8216,3.7679,3.7207,3.6817,3.6519,3.6308,3.6163,3.6059,3.5972,3.5886,3.5793,3.569,3.5577,3.5456,3.5329,3.52,3.5072,3.4948,3.4829,3.4717,3.4614,4.1231,4.1514,4.1818,4.2138,4.2455,4.2736,4.2926,4.2957,4.2772,4.236,4.1764,4.1057,4.0306,3.9551,3.8815,3.811,3.7455,3.6883,3.643,3.6119,3.5939,3.585,3.5806,3.5769,3.5719,3.5648,3.5556,3.5446,3.5322,3.519,3.5054,3.4918,3.4785,3.4659,3.4542,3.4435,4.1439,4.1781,4.2166,4.2596,4.306,4.352,4.3898,4.4066,4.3896,4.3356,4.254,4.1596,4.0635,3.9703,3.8808,3.7944,3.7125,3.64,3.5852,3.5535,3.543,3.5451,3.5508,3.5547,3.5545,3.55,3.5419,3.5309,3.518,3.5039,3.4893,3.4747,3.4605,3.447,3.4347,3.4235,4.1619,4.2019,4.249,4.3047,4.3699,4.4429,4.5138,4.5593,4.5489,4.4721,4.352,4.2214,4.0979,3.9846,3.8777,3.7722,3.6668,3.5689,3.4969,3.4666,3.4729,3.4957,3.5178,3.5322,3.5377,3.5358,3.5283,3.5169,3.503,3.4876,3.4715,3.4555,3.4401,3.4257,3.4127,3.4011,4.1757,4.2207,4.2754,4.3436,4.4302,4.5394,4.6659,4.7724,4.7823,4.6592,4.4689,4.2846,4.129,3.9963,3.8738,3.7483,3.6106,3.4685,3.3622,3.3374,3.3805,3.44,3.4858,3.5124,3.5232,3.5229,3.5151,3.5025,3.4868,3.4695,3.4516,3.434,3.4171,3.4016,3.3877,3.3757,4.1839,4.2322,4.2921,4.3693,4.4734,4.6197,4.8224,5.0454,5.1087,4.8891,4.5812,4.3326,4.1488,4.0035,3.8726,3.7326,3.5603,3.3503,3.1771,3.167,3.2799,3.3922,3.4634,3.4997,3.5131,3.5123,3.5026,3.4875,3.4692,3.4493,3.429,3.4092,3.3906,3.3738,3.3591,3.3467,4.1859,4.2352,4.2964,4.3756,4.4846,4.6458,4.8975,5.2414,5.383,5.0352,4.6236,4.3415,4.1491,4.0043,3.8772,3.7391,3.5538,3.2916,3.0432,3.0498,3.2319,3.3804,3.4617,3.4981,3.5086,3.5039,3.4903,3.4713,3.4494,3.4262,3.4029,3.3805,3.3599,3.3416,3.326,3.3133,4.1817,4.2298,4.2884,4.3624,4.4602,4.5981,4.802,5.0679,5.1637,4.8827,4.5537,4.308,4.1298,3.9972,3.8865,3.7705,3.6169,3.3977,3.1819,3.1709,3.3097,3.4248,3.485,3.5078,3.5087,3.4968,3.4772,3.453,3.4265,3.3991,3.3721,3.3467,3.3237,3.3037,3.2873,3.2747,4.1719,4.2173,4.2714,4.3365,4.4165,4.5159,4.6366,4.7541,4.7866,4.6798,4.479,4.2654,4.0978,3.9815,3.8942,3.8105,3.7105,3.5847,3.4656,3.4276,3.4626,3.5033,3.523,3.5234,3.5104,3.4888,3.4616,3.4311,3.399,3.3666,3.3353,3.3063,3.2805,3.2589,3.2418,3.2295,4.1573,4.1996,4.249,4.3066,4.3736,4.4509,4.5411,4.6553,4.7992,4.8004,4.5224,4.2352,4.0547,3.9569,3.8965,3.8422,3.7854,3.7251,3.6645,3.6178,3.592,3.576,3.559,3.5368,3.5092,3.4771,3.4417,3.404,3.3655,3.3272,3.2908,3.2574,3.2285,3.205,3.1876,3.1763,4.1388,4.1779,4.2234,4.2765,4.3387,4.4117,4.5014,4.6488,5.059,5.2651,4.6062,4.1777,3.994,3.9304,3.9013,3.8633,3.835,3.8232,3.7951,3.7373,3.6757,3.6245,3.5815,3.5416,3.5013,3.4593,3.4153,3.3699,3.324,3.2789,3.2362,3.1976,3.1649,3.1396,3.1224,3.1132,4.1165,4.1522,4.1942,4.2444,4.306,4.384,4.4851,4.5864,4.7568,4.9037,4.4013,4.0527,3.9266,3.915,3.9384,3.8751,3.8705,3.9415,3.939,3.8285,3.7228,3.6453,3.5858,3.5341,3.4841,3.4332,3.3807,3.327,3.2728,3.2195,3.1689,3.1235,3.0862,3.0591,3.0431,3.0377,4.0906,4.1222,4.1596,4.2053,4.2634,4.3413,4.4558,4.7496,4.3859,4.3258,4.0955,3.9267,3.8656,3.9592,3.9948,3.8453,3.8745,4.112,4.1108,3.8767,3.7265,3.6352,3.5701,3.5133,3.4566,3.3975,3.3362,3.2735,3.2099,3.1464,3.0853,3.0307,2.9872,2.9584,2.9454,2.9467,4.0615,4.0878,4.1187,4.156,4.2023,4.2596,4.3144,4.2659,4.2168,4.0733,3.8954,3.8809,3.8646,3.4672,3.7219,3.7384,3.7679,3.9482,3.973,3.8015,3.6707,3.5917,3.536,3.4808,3.4187,3.3509,3.2802,3.2079,3.1335,3.057,2.9811,2.9127,2.8604,2.8304,2.8238,2.8368,4.0298,4.05,4.0726,4.0981,4.1264,4.1545,4.1693,4.141,4.0353,3.8458,3.6836,3.6347,3.5953,3.4972,3.6034,3.6364,3.6017,3.7055,3.7378,3.6614,3.5671,3.5216,3.4914,3.4408,3.3709,3.2916,3.2107,3.1292,3.0432,2.9493,2.8507,2.7599,2.694,2.6646,2.6713,2.7046,3.9968,4.0105,4.0243,4.0373,4.0475,4.0494,4.031,3.9716,3.8464,3.6512,3.4476,3.3638,3.4263,3.4951,3.5593,3.6078,3.608,3.6416,3.635,3.5585,3.4491,3.4498,3.4518,3.3976,3.3109,3.2155,3.1253,3.0382,2.9413,2.8236,2.6877,2.5578,2.4703,2.4469,2.4806,2.5487,3.9639,3.9714,3.9772,3.9797,3.9758,3.9603,3.9241,3.8553,3.7437,3.5919,3.4498,3.4102,3.2674,3.2082,3.4867,3.5983,3.6242,3.6227,3.6023,3.5378,3.4337,3.4368,3.4262,3.348,3.2323,3.1165,3.0237,2.9404,2.8355,2.6845,2.4862,2.2866,2.1658,2.1638,2.2507,2.3747,3.9323,3.9347,3.9342,3.929,3.9165,3.8926,3.8521,3.7901,3.7055,3.608,3.5215,3.4394,3.2489,3.2239,3.5411,3.6632,3.6463,3.6176,3.6141,3.5658,3.501,3.4601,3.4014,3.2865,3.1318,2.9969,2.9195,2.8501,2.7377,2.5448,2.2513,1.9354,1.7709,1.8243,2.0019,2.2029,3.9029,3.9013,3.8964,3.8866,3.8699,3.8439,3.806,3.7551,3.6932,3.627,3.5647,3.5055,3.4575,3.5237,3.7745,3.8573,3.6936,3.6141,3.5934,3.5476,3.5166,3.4662,3.3772,3.2257,3.0305,2.9002,2.8676,2.7784,2.648,2.4265,2.0332,1.5734,1.3711,1.5143,1.7983,2.0733,3.8762,3.8719,3.8642,3.852,3.8341,3.809,3.7761,3.7356,3.6897,3.6429,3.6006,3.5695,3.5669,3.6306,3.7719,3.8134,3.6909,3.5992,3.5271,3.5032,3.5149,3.4765,3.3797,3.1977,2.9608,2.8474,2.8312,2.632,2.5313,2.3547,1.9523,1.4417,1.2295,1.4114,1.7329,2.0306,3.8523,3.8462,3.837,3.824,3.8064,3.7837,3.7558,3.7236,3.689,3.6552,3.6265,3.6089,3.6113,3.6418,3.6872,3.6952,3.6485,3.5905,3.5422,3.5257,3.5345,3.532,3.4607,3.2445,2.9062,2.5439,2.1589,2.2123,2.3737,2.3355,2.0569,1.6693,1.4815,1.5921,1.8386,2.0887,3.8311,3.8239,3.8141,3.8011,3.7847,3.7645,3.7411,3.7151,3.6883,3.6629,3.642,3.6289,3.627,3.6359,3.6466,3.6429,3.6194,3.5877,3.5627,3.5586,3.5961,3.6906,3.6914,3.4067,2.9303,2.3363,1.8268,2.0047,2.2984,2.3642,2.2295,2.0083,1.8736,1.9048,2.045,2.2164,3.8123,3.8046,3.7947,3.7822,3.7671,3.7494,3.7295,3.7081,3.6866,3.6664,3.6495,3.6375,3.6313,3.6294,3.6271,3.6187,3.6025,3.5833,3.5708,3.5809,3.6504,3.8155,3.8661,3.5499,3.0616,2.5571,2.2237,2.2417,2.3868,2.4443,2.3888,2.2776,2.1959,2.194,2.2629,2.3677,3.7957,3.7878,3.778,3.7662,3.7524,3.7368,3.7196,3.7016,3.6836,3.6666,3.6517,3.6397,3.6306,3.6233,3.6154,3.6047,3.5907,3.5764,3.5683,3.5786,3.6284,3.7167,3.7173,3.5022,3.1613,2.8234,2.5958,2.5285,2.5488,2.5606,2.5295,2.4721,2.4253,2.4167,2.4497,2.5114]},{"header":{"la1":42.85,"la2":41.18,"lo1":11.55,"lo2":14.05,"nx":36,"ny":24,"dx":0.07143,"dy":0.07261,"parameterCategory":2,"parameterNumber":3,"parameterNumberName":"northward_wind","parameterUnit":"m.s-1"},"data":[0.9787,0.9593,0.9388,0.9185,0.9005,0.8879,0.8855,0.8982,0.9295,0.98,1.0466,1.1241,1.2068,1.2902,1.3712,1.4471,1.5154,1.5725,1.6152,1.6412,1.6511,1.6477,1.6355,1.6186,1.6,1.5819,1.5652,1.5504,1.5376,1.5266,1.5173,1.5094,1.5026,1.4968,1.4917,1.4871,0.9552,0.9295,0.9009,0.87,0.8389,0.812,0.7963,0.8009,0.8336,0.896,0.9823,1.0828,1.188,1.2922,1.3924,1.4867,1.5726,1.6448,1.6969,1.7243,1.7277,1.7129,1.6879,1.6592,1.6311,1.6057,1.5837,1.5651,1.5496,1.5368,1.5263,1.5175,1.5102,1.5039,1.4986,1.4938,0.9331,0.9007,0.8625,0.8182,0.7688,0.7188,0.6788,0.6658,0.6971,0.778,0.8959,1.0305,1.1664,1.2963,1.4195,1.5371,1.6475,1.7433,1.8108,1.8389,1.8289,1.7936,1.7481,1.7027,1.6623,1.6283,1.6006,1.5782,1.5603,1.5459,1.5343,1.525,1.5173,1.5109,1.5054,1.5006,0.914,0.8751,0.8268,0.7669,0.6933,0.6083,0.5243,0.4727,0.4955,0.6086,0.7812,0.9686,1.1448,1.3045,1.4528,1.5977,1.7431,1.8784,1.9744,2.0017,1.9634,1.8909,1.8135,1.7457,1.6907,1.6478,1.6145,1.5888,1.5689,1.5534,1.5413,1.5317,1.524,1.5176,1.5122,1.5074,0.8997,0.8554,0.7984,0.7231,0.6222,0.4891,0.3299,0.1944,0.1887,0.3663,0.6395,0.9058,1.131,1.3204,1.491,1.6634,1.8549,2.0586,2.2121,2.2341,2.1357,1.9985,1.8762,1.7819,1.7124,1.6615,1.624,1.5961,1.5751,1.5592,1.5471,1.5377,1.5303,1.5243,1.5191,1.5146,0.8916,0.8445,0.7821,0.6963,0.573,0.3903,0.1265,-0.1712,-0.2538,0.0587,0.5023,0.867,1.139,1.35,1.532,1.7206,1.9576,2.262,2.5253,2.5313,2.3199,2.0905,1.9191,1.8021,1.7224,1.667,1.6277,1.5993,1.5786,1.5632,1.5518,1.5432,1.5365,1.5311,1.5265,1.5223,0.8906,0.8438,0.7816,0.6949,0.5667,0.364,0.0316,-0.4377,-0.6341,-0.138,0.4635,0.8892,1.1851,1.4021,1.5772,1.754,1.996,2.3667,2.7453,2.7315,2.4084,2.1146,1.9206,1.7975,1.7173,1.663,1.6253,1.5986,1.5794,1.5657,1.5557,1.5484,1.5429,1.5384,1.5345,1.5308,0.8962,0.8529,0.7964,0.7195,0.6089,0.4399,0.1728,-0.1903,-0.3206,0.0923,0.5917,0.9838,1.2781,1.489,1.6393,1.7696,1.9426,2.2234,2.5296,2.5329,2.2763,2.0346,1.8717,1.7667,1.6975,1.6503,1.6175,1.5945,1.5783,1.567,1.5593,1.5539,1.55,1.5468,1.5439,1.5407,0.9072,0.8694,0.8221,0.7611,0.6798,0.5683,0.42,0.2673,0.2324,0.4052,0.7347,1.1073,1.4195,1.63,1.7448,1.8039,1.8662,1.9769,2.1028,2.1201,2.0166,1.8909,1.7908,1.7189,1.668,1.6318,1.6062,1.5882,1.5761,1.5682,1.5633,1.5605,1.5586,1.557,1.5551,1.5525,0.9215,0.8901,0.8527,0.8077,0.7527,0.6827,0.5863,0.4374,0.2314,0.2415,0.7002,1.2288,1.6257,1.859,1.929,1.8922,1.8353,1.8119,1.822,1.8267,1.8008,1.7556,1.7089,1.6686,1.6363,1.6117,1.5937,1.5815,1.5739,1.5701,1.5688,1.569,1.5697,1.57,1.5692,1.5671,0.9375,0.9119,0.8831,0.851,0.8154,0.7737,0.7065,0.5099,-0.1376,-0.4532,0.5917,1.4064,1.9289,2.231,2.2354,2.0383,1.8341,1.7025,1.6542,1.657,1.6651,1.6606,1.6461,1.6274,1.6091,1.5937,1.5825,1.5757,1.5731,1.5739,1.5769,1.5809,1.5846,1.587,1.5874,1.5854,0.9537,0.933,0.9108,0.8878,0.8658,0.8493,0.8478,0.8205,0.375,0.0896,0.9198,1.6942,2.2728,2.7687,2.6918,2.1861,1.7953,1.5525,1.4956,1.5447,1.5875,1.6072,1.6094,1.6016,1.5904,1.5805,1.5741,1.5723,1.5749,1.5809,1.5892,1.5979,1.6053,1.6101,1.6113,1.6089,0.9693,0.9524,0.9348,0.9174,0.9023,0.8955,0.9193,1.0821,0.8377,0.8824,1.3689,2.0519,2.3958,3.0221,2.9431,2.1384,1.6918,1.3564,1.343,1.4827,1.5607,1.5958,1.6024,1.5938,1.5817,1.5727,1.5692,1.5719,1.58,1.5925,1.6074,1.6223,1.6345,1.6418,1.6432,1.6391,0.9838,0.9698,0.9554,0.9411,0.9279,0.9168,0.9037,0.8454,0.8688,1.0523,1.462,2.3952,2.6337,1.7889,2.0154,1.8063,1.5942,1.4321,1.4078,1.5093,1.6012,1.6413,1.6316,1.6044,1.5815,1.5691,1.5673,1.5745,1.5892,1.61,1.6342,1.6578,1.6762,1.686,1.6862,1.6782,0.9972,0.9853,0.9732,0.961,0.9489,0.9366,0.9226,0.911,0.9287,0.9709,1.0566,1.3396,1.4215,0.8755,1.4688,1.5323,1.5165,1.4814,1.4888,1.6014,1.7594,1.785,1.7032,1.6273,1.5839,1.5667,1.5671,1.5798,1.6028,1.6349,1.6727,1.7096,1.7367,1.7483,1.7442,1.7282,1.0094,0.9991,0.9886,0.9778,0.9669,0.9554,0.943,0.9271,0.8874,0.7364,0.3575,0.4877,0.7675,1.0294,1.2123,1.3769,1.4578,1.4242,1.4752,1.7156,2.1132,2.044,1.7844,1.6395,1.5787,1.5621,1.568,1.5875,1.6204,1.6682,1.7275,1.7859,1.8258,1.8367,1.8214,1.7904,1.0205,1.0113,1.0018,0.992,0.9813,0.9689,0.952,0.9217,0.8505,0.6763,0.3914,0.5203,0.5306,0.5078,0.9078,1.1034,1.2263,1.2857,1.3587,1.6386,2.1486,2.0545,1.7552,1.6072,1.5582,1.5563,1.5717,1.5972,1.6402,1.7092,1.8031,1.8985,1.9568,1.959,1.9196,1.8629,1.0305,1.0222,1.0134,1.0038,0.9929,0.9791,0.959,0.9251,0.8644,0.7685,0.6788,0.6493,0.4902,0.4462,0.6196,0.6925,0.9699,1.1681,1.193,1.3677,1.6279,1.6837,1.5918,1.5311,1.5312,1.5598,1.5831,1.6083,1.6587,1.7535,1.8996,2.0557,2.1372,2.1132,2.0302,1.9367,1.0397,1.032,1.0236,1.0143,1.0032,0.989,0.969,0.9392,0.8961,0.8421,0.7899,0.7385,0.6602,0.5545,0.1611,-0.012,0.7022,1.1026,1.1963,1.2681,1.3529,1.4081,1.416,1.4418,1.5128,1.5823,1.6001,1.621,1.6751,1.7896,1.9936,2.2267,2.3281,2.259,2.1228,1.9926,1.0483,1.041,1.0331,1.0241,1.0133,0.9997,0.9817,0.9575,0.9264,0.8899,0.8502,0.803,0.7316,0.581,0.2403,0.1552,0.6772,1.0545,1.2305,1.2663,1.2388,1.2221,1.2364,1.3294,1.4823,1.5925,1.6113,1.6554,1.6976,1.802,2.0226,2.2895,2.3977,2.3075,2.1509,2.0082,1.0564,1.0496,1.0421,1.0336,1.0235,1.0111,0.9956,0.9762,0.9527,0.9252,0.8935,0.8538,0.7958,0.7027,0.592,0.6118,0.8222,1.0387,1.1711,1.1954,1.1045,0.966,0.9435,1.13,1.4053,1.6297,1.7839,1.769,1.7297,1.7857,1.9557,2.1685,2.2689,2.2153,2.0951,1.9752,1.0642,1.0579,1.0509,1.0431,1.0339,1.023,1.01,0.9943,0.976,0.9548,0.9303,0.9007,0.8636,0.821,0.7942,0.8252,0.9195,1.0217,1.077,1.0424,0.8481,0.496,0.4065,0.7978,1.2726,1.6565,1.8913,1.8277,1.7371,1.7498,1.8517,1.985,2.0639,2.0537,1.988,1.9075,1.0718,1.066,1.0596,1.0525,1.0444,1.035,1.0242,1.0116,0.9973,0.9812,0.9633,0.9434,0.9226,0.9053,0.9025,0.9253,0.9696,1.01,1.0102,0.9194,0.6467,0.1732,0.0453,0.5544,1.1141,1.5092,1.7113,1.7241,1.6889,1.6984,1.7578,1.8362,1.8917,1.9016,1.8739,1.8276,1.0791,1.0739,1.0682,1.0619,1.0548,1.0469,1.038,1.0281,1.0171,1.0052,0.9927,0.9802,0.9692,0.9628,0.9655,0.9791,0.9983,1.0074,0.9818,0.8852,0.6746,0.3934,0.3378,0.6488,1.0458,1.349,1.5235,1.5903,1.6111,1.6359,1.6785,1.7285,1.7675,1.783,1.775,1.7514]}]