docs/data/wind_grid.json
[{"header":{"la1":42.85,"la2":41.18,"lo1":11.55,"lo2":14.05,"nx":36,"ny":24,"dx":0.07143,"dy":0.07261,"parameterCategory":2,"parameterNumber":2,"parameterNumberName":"eastward_wind","parameterUnit":"m.s-1"},"data":[-0.6984,-0.702,-0.7053,-0.7077,-0.7085,-0.7066,-0.7005,-0.6881,-0.6678,-0.6381,-0.5983,-0.5486,-0.4905,-0.4277,-0.3683,-0.3241,-0.3048,-0.3111,-0.3345,-0.3638,-0.3917,-0.4144,-0.4315,-0.4433,-0.4508,-0.455,-0.4566,-0.4563,-0.4546,-0.452,-0.4487,-0.4451,-0.4414,-0.4377,-0.4341,-0.4308,-0.7087,-0.7142,-0.7198,-0.7251,-0.7295,-0.7315,-0.729,-0.7189,-0.6981,-0.664,-0.6155,-0.5522,-0.4741,-0.3839,-0.293,-0.2246,-0.202,-0.2261,-0.2752,-0.3269,-0.3701,-0.4023,-0.4245,-0.439,-0.4477,-0.4521,-0.4535,-0.4527,-0.4505,-0.4473,-0.4434,-0.4392,-0.435,-0.4308,-0.4269,-0.4233,-0.7189,-0.7264,-0.7347,-0.7436,-0.7529,-0.7611,-0.7654,-0.7606,-0.741,-0.7023,-0.6437,-0.5646,-0.4622,-0.3338,-0.1901,-0.0755,-0.0493,-0.1121,-0.2073,-0.2917,-0.3533,-0.3948,-0.4213,-0.4374,-0.4463,-0.4503,-0.451,-0.4494,-0.4463,-0.4422,-0.4375,-0.4326,-0.4277,-0.4231,-0.4187,-0.4149,-0.7285,-0.738,-0.7491,-0.7622,-0.7777,-0.7951,-0.8112,-0.8176,-0.8023,-0.7577,-0.6861,-0.5907,-0.4654,-0.2954,-0.0779,0.1172,0.1466,0.0116,-0.1502,-0.2706,-0.3479,-0.3953,-0.4233,-0.4391,-0.447,-0.4497,-0.449,-0.4461,-0.4418,-0.4365,-0.4309,-0.4251,-0.4195,-0.4143,-0.4095,-0.4053,-0.737,-0.7483,-0.7619,-0.779,-0.8014,-0.8308,-0.8661,-0.8951,-0.8904,-0.834,-0.742,-0.6315,-0.4953,-0.3062,-0.039,0.2313,0.2645,0.0626,-0.1444,-0.2804,-0.3604,-0.406,-0.4312,-0.4442,-0.4494,-0.4499,-0.4472,-0.4425,-0.4366,-0.43,-0.4232,-0.4164,-0.41,-0.4041,-0.3989,-0.3944,-0.7442,-0.7566,-0.7719,-0.7918,-0.8196,-0.8608,-0.9213,-0.9915,-1.0097,-0.9252,-0.7993,-0.6779,-0.5503,-0.387,-0.163,0.0649,0.1037,-0.0524,-0.2182,-0.3278,-0.3914,-0.4263,-0.4442,-0.4518,-0.453,-0.4503,-0.445,-0.4382,-0.4305,-0.4223,-0.4141,-0.4062,-0.3988,-0.3922,-0.3866,-0.3819,-0.7497,-0.7627,-0.7785,-0.7989,-0.8278,-0.8728,-0.9484,-1.0594,-1.1074,-0.9825,-0.8296,-0.7131,-0.6105,-0.4977,-0.3641,-0.2405,-0.2028,-0.2592,-0.338,-0.3975,-0.4335,-0.4522,-0.4598,-0.4604,-0.4566,-0.4501,-0.4419,-0.4326,-0.4228,-0.4129,-0.4032,-0.394,-0.3856,-0.3783,-0.3722,-0.3673,-0.7538,-0.7667,-0.7819,-0.8006,-0.8253,-0.8613,-0.9187,-1.0006,-1.0302,-0.9296,-0.8152,-0.729,-0.6565,-0.5865,-0.5157,-0.4545,-0.4237,-0.4277,-0.4477,-0.4659,-0.4759,-0.4782,-0.4748,-0.4679,-0.4588,-0.4482,-0.4369,-0.4251,-0.4132,-0.4013,-0.3899,-0.3794,-0.3699,-0.3618,-0.3552,-0.3503,-0.7565,-0.7691,-0.7833,-0.7994,-0.818,-0.8399,-0.8653,-0.8876,-0.8826,-0.841,-0.7877,-0.734,-0.6842,-0.6398,-0.6001,-0.5663,-0.543,-0.5313,-0.526,-0.5203,-0.5114,-0.4996,-0.4862,-0.4722,-0.458,-0.4437,-0.4294,-0.4151,-0.4009,-0.387,-0.3738,-0.3616,-0.3509,-0.342,-0.3351,-0.3303,-0.7582,-0.7706,-0.7841,-0.7985,-0.8134,-0.827,-0.8364,-0.836,-0.823,-0.8062,-0.7788,-0.738,-0.6971,-0.6638,-0.639,-0.6196,-0.6045,-0.5929,-0.5797,-0.5607,-0.5376,-0.5138,-0.4915,-0.4713,-0.4529,-0.4355,-0.4187,-0.402,-0.3855,-0.3694,-0.354,-0.34,-0.3279,-0.3181,-0.311,-0.3067,-0.7589,-0.7713,-0.7848,-0.7992,-0.8141,-0.828,-0.8375,-0.8347,-0.814,-0.8054,-0.7843,-0.7431,-0.6981,-0.6626,-0.6479,-0.6421,-0.6389,-0.6377,-0.6251,-0.5937,-0.5547,-0.5184,-0.4883,-0.4635,-0.4423,-0.4228,-0.4041,-0.3853,-0.3664,-0.3477,-0.3298,-0.3135,-0.2996,-0.289,-0.2819,-0.2784,-0.7586,-0.7711,-0.785,-0.8005,-0.8179,-0.8373,-0.8582,-0.8694,-0.8389,-0.8121,-0.7919,-0.7572,-0.6957,-0.6302,-0.6331,-0.6489,-0.6638,-0.6926,-0.6856,-0.6245,-0.5597,-0.5093,-0.4732,-0.4467,-0.4251,-0.4053,-0.3854,-0.3647,-0.3433,-0.3214,-0.3001,-0.2807,-0.2647,-0.253,-0.2464,-0.2445,-0.7571,-0.7696,-0.7838,-0.8001,-0.8195,-0.8436,-0.8739,-0.9025,-0.8798,-0.834,-0.8131,-0.8167,-0.7522,-0.6178,-0.6259,-0.655,-0.6803,-0.7658,-0.7608,-0.6364,-0.5389,-0.4772,-0.4414,-0.4192,-0.4012,-0.3829,-0.3628,-0.3403,-0.3158,-0.2897,-0.2637,-0.2398,-0.2206,-0.2079,-0.2024,-0.2034,-0.7541,-0.7664,-0.7803,-0.7963,-0.8154,-0.8383,-0.8645,-0.8863,-0.875,-0.8464,-0.8413,-0.9025,-0.9002,-0.6308,-0.6685,-0.6668,-0.6712,-0.7081,-0.6942,-0.575,-0.4668,-0.408,-0.3883,-0.381,-0.3718,-0.3571,-0.3372,-0.3127,-0.284,-0.2519,-0.2185,-0.1876,-0.1638,-0.1501,-0.1473,-0.1535,-0.7497,-0.7613,-0.7742,-0.7889,-0.8056,-0.824,-0.8423,-0.8546,-0.8581,-0.872,-0.8902,-0.8623,-0.794,-0.7902,-0.7002,-0.6738,-0.6814,-0.6325,-0.5618,-0.4426,-0.3174,-0.2851,-0.3144,-0.3374,-0.3409,-0.33,-0.3099,-0.2828,-0.2486,-0.2074,-0.1622,-0.1197,-0.0886,-0.0746,-0.0776,-0.0931,-0.7439,-0.7545,-0.7661,-0.7789,-0.7927,-0.8073,-0.8215,-0.8358,-0.8603,-0.9295,-1.084,-0.9104,-0.8161,-0.723,-0.6819,-0.6574,-0.6534,-0.5672,-0.4502,-0.2954,-0.0917,-0.1238,-0.244,-0.3015,-0.3143,-0.3045,-0.2833,-0.253,-0.2114,-0.1563,-0.0913,-0.0287,0.0137,0.0255,0.0102,-0.0215,-0.737,-0.7463,-0.7564,-0.7672,-0.7786,-0.7905,-0.8033,-0.82,-0.8511,-0.9223,-1.0429,-0.9037,-0.639,-0.5312,-0.6231,-0.6142,-0.5555,-0.4266,-0.3066,-0.235,-0.0607,-0.104,-0.232,-0.2878,-0.296,-0.2831,-0.261,-0.2276,-0.1762,-0.1004,-0.0021,0.0957,0.1549,0.157,0.1169,0.059,-0.7291,-0.7372,-0.7457,-0.7546,-0.7638,-0.7735,-0.7841,-0.7978,-0.8182,-0.8459,-0.852,-0.7648,-0.5714,-0.518,-0.6087,-0.6025,-0.496,-0.2487,-0.053,-0.22,-0.2346,-0.2365,-0.2749,-0.2921,-0.2843,-0.2701,-0.2518,-0.2128,-0.1472,-0.0442,0.1044,0.2599,0.3404,0.3162,0.233,0.1387,-0.7206,-0.7274,-0.7344,-0.7415,-0.7486,-0.7558,-0.7632,-0.7712,-0.7791,-0.7818,-0.7647,-0.7126,-0.6429,-0.6187,-0.6596,-0.6727,-0.52,-0.2913,-0.1722,-0.3249,-0.3389,-0.3243,-0.3156,-0.2981,-0.274,-0.275,-0.2725,-0.206,-0.1212,0.003,0.205,0.432,0.5302,0.4626,0.3284,0.1989,-0.7117,-0.7172,-0.7227,-0.7281,-0.7332,-0.7379,-0.742,-0.7449,-0.7449,-0.7385,-0.7203,-0.6888,-0.6543,-0.637,-0.6522,-0.649,-0.5381,-0.4223,-0.4405,-0.478,-0.4072,-0.3718,-0.3437,-0.3015,-0.2542,-0.2614,-0.265,-0.1496,-0.0785,0.0293,0.2406,0.4947,0.5979,0.5111,0.3587,0.2182,-0.7025,-0.7069,-0.711,-0.7148,-0.7181,-0.7205,-0.7218,-0.7211,-0.7171,-0.708,-0.6919,-0.6697,-0.6459,-0.6273,-0.6148,-0.5884,-0.528,-0.467,-0.4516,-0.4512,-0.4244,-0.4037,-0.3771,-0.3149,-0.2182,-0.1037,0.0468,0.0315,-0.0153,0.0311,0.1857,0.3829,0.4762,0.4242,0.3077,0.1898,-0.6933,-0.6965,-0.6994,-0.7018,-0.7034,-0.7041,-0.7032,-0.7003,-0.6944,-0.6846,-0.6704,-0.6524,-0.6324,-0.6124,-0.591,-0.5617,-0.5217,-0.4822,-0.4573,-0.4439,-0.4362,-0.4452,-0.4397,-0.3581,-0.2109,-0.006,0.1843,0.1176,0.0161,0.0141,0.0986,0.2163,0.2862,0.2737,0.2085,0.1284,-0.6841,-0.6863,-0.6881,-0.6893,-0.6896,-0.6888,-0.6865,-0.6822,-0.6754,-0.6655,-0.6525,-0.6366,-0.6185,-0.5986,-0.5761,-0.5493,-0.5185,-0.4885,-0.4646,-0.4492,-0.4478,-0.4738,-0.4838,-0.3981,-0.2491,-0.0796,0.039,0.0333,-0.0137,-0.0201,0.022,0.0852,0.1302,0.1345,0.104,0.0559,-0.6751,-0.6765,-0.6773,-0.6775,-0.6767,-0.6748,-0.6715,-0.6664,-0.6591,-0.6494,-0.6372,-0.6226,-0.6058,-0.5869,-0.5656,-0.5417,-0.516,-0.4908,-0.4687,-0.4523,-0.4464,-0.4544,-0.449,-0.3882,-0.284,-0.1726,-0.0938,-0.0688,-0.0715,-0.0664,-0.0418,-0.007,0.0205,0.028,0.0148,-0.0127]},{"header":{"la1":42.85,"la2":41.18,"lo1":11.55,"lo2":14.05,"nx":36,"ny":24,"dx":0.07143,"dy":0.07261,"parameterCategory":2,"parameterNumber":3,"parameterNumberName":"northward_wind","parameterUnit":"m.s-1"},"data":[-0.695,-0.6985,-0.7013,-0.703,-0.703,-0.7004,-0.6938,-0.6818,-0.6628,-0.6358,-0.6003,-0.5566,-0.5061,-0.4524,-0.4019,-0.3634,-0.3441,-0.3439,-0.3561,-0.3726,-0.388,-0.3998,-0.4078,-0.4122,-0.4138,-0.4133,-0.4111,-0.4077,-0.4034,-0.3985,-0.3934,-0.3881,-0.3828,-0.3777,-0.3729,-0.3685,-0.7067,-0.712,-0.7169,-0.7211,-0.724,-0.7245,-0.7208,-0.7104,-0.6909,-0.6602,-0.6174,-0.5623,-0.4956,-0.4201,-0.3453,-0.2888,-0.2674,-0.2803,-0.3111,-0.3435,-0.3695,-0.3877,-0.3991,-0.4054,-0.4078,-0.4074,-0.4051,-0.4013,-0.3966,-0.3912,-0.3855,-0.3797,-0.3739,-0.3684,-0.3633,-0.3586,-0.7185,-0.7257,-0.7331,-0.7404,-0.7473,-0.7526,-0.754,-0.7477,-0.7291,-0.6948,-0.6436,-0.5753,-0.4886,-0.3828,-0.2677,-0.1772,-0.1541,-0.1959,-0.2598,-0.315,-0.3536,-0.3781,-0.3924,-0.3997,-0.4024,-0.4018,-0.399,-0.3947,-0.3893,-0.3832,-0.3769,-0.3704,-0.3641,-0.3581,-0.3526,-0.3477,-0.73,-0.7392,-0.7492,-0.7602,-0.772,-0.7841,-0.7941,-0.796,-0.781,-0.7427,-0.6815,-0.5995,-0.4934,-0.3542,-0.1828,-0.0338,-0.0102,-0.105,-0.2161,-0.2959,-0.3449,-0.3731,-0.3884,-0.3956,-0.3977,-0.3964,-0.3928,-0.3876,-0.3814,-0.3745,-0.3672,-0.36,-0.353,-0.3465,-0.3405,-0.3353,-0.7408,-0.752,-0.7646,-0.7791,-0.7963,-0.817,-0.8401,-0.8576,-0.851,-0.806,-0.7306,-0.6361,-0.5191,-0.3629,-0.1529,0.0509,0.0756,-0.0667,-0.208,-0.2971,-0.3469,-0.3737,-0.3872,-0.3929,-0.3936,-0.3911,-0.3863,-0.38,-0.3726,-0.3646,-0.3564,-0.3482,-0.3404,-0.3332,-0.3268,-0.3213,-0.7506,-0.7634,-0.7782,-0.7956,-0.8174,-0.8462,-0.8849,-0.9277,-0.9372,-0.8781,-0.7821,-0.6787,-0.565,-0.4247,-0.2444,-0.0699,-0.0385,-0.1441,-0.2528,-0.3214,-0.3593,-0.3789,-0.3881,-0.3909,-0.3896,-0.3854,-0.3792,-0.3715,-0.3628,-0.3535,-0.344,-0.3347,-0.326,-0.318,-0.3111,-0.3053,-0.759,-0.7732,-0.7895,-0.8087,-0.8327,-0.8648,-0.9113,-0.9735,-0.9996,-0.925,-0.8173,-0.7156,-0.6155,-0.5082,-0.3906,-0.2871,-0.2499,-0.2793,-0.3237,-0.3563,-0.3754,-0.3852,-0.3889,-0.3884,-0.3848,-0.3789,-0.3711,-0.3618,-0.3515,-0.3407,-0.3297,-0.3191,-0.3092,-0.3004,-0.2929,-0.2869,-0.7659,-0.7811,-0.7983,-0.8184,-0.8423,-0.872,-0.9101,-0.9533,-0.9671,-0.9151,-0.8322,-0.7423,-0.6546,-0.5721,-0.4951,-0.4305,-0.391,-0.3779,-0.3788,-0.3831,-0.3866,-0.3882,-0.3875,-0.3843,-0.3788,-0.3711,-0.3616,-0.3506,-0.3385,-0.3258,-0.313,-0.3007,-0.2895,-0.2796,-0.2716,-0.2655,-0.7711,-0.7871,-0.805,-0.8255,-0.8491,-0.8765,-0.9078,-0.9383,-0.9543,-0.9335,-0.8615,-0.7653,-0.6759,-0.6031,-0.5437,-0.4932,-0.451,-0.4196,-0.3999,-0.3902,-0.3864,-0.3846,-0.3821,-0.3776,-0.3708,-0.3617,-0.3505,-0.3376,-0.3233,-0.3083,-0.2933,-0.279,-0.266,-0.255,-0.2464,-0.2404,-0.7746,-0.7911,-0.8097,-0.8308,-0.8549,-0.8833,-0.9201,-0.9768,-1.0603,-1.071,-0.9336,-0.7841,-0.6752,-0.6018,-0.552,-0.5082,-0.4601,-0.4141,-0.3838,-0.3726,-0.372,-0.3732,-0.3723,-0.3682,-0.3609,-0.3506,-0.3377,-0.3225,-0.3056,-0.2877,-0.2698,-0.2528,-0.2378,-0.2254,-0.2163,-0.2106,-0.7763,-0.7931,-0.8121,-0.8336,-0.8583,-0.8872,-0.9251,-1.0008,-1.2197,-1.3266,-1.0041,-0.7795,-0.6467,-0.5652,-0.5311,-0.4994,-0.4357,-0.3591,-0.3203,-0.3263,-0.3439,-0.3554,-0.359,-0.3565,-0.3492,-0.3379,-0.323,-0.3051,-0.2849,-0.2632,-0.2415,-0.221,-0.2032,-0.1892,-0.1798,-0.1749,-0.776,-0.7927,-0.8117,-0.8332,-0.8577,-0.8845,-0.9107,-0.9383,-1.0682,-1.1609,-0.9319,-0.7463,-0.6058,-0.4775,-0.4863,-0.487,-0.3846,-0.2196,-0.1787,-0.2527,-0.3096,-0.3355,-0.3441,-0.3432,-0.3361,-0.3236,-0.3065,-0.2852,-0.2606,-0.234,-0.2069,-0.1815,-0.16,-0.1442,-0.1348,-0.1317,-0.7735,-0.7898,-0.8082,-0.829,-0.8523,-0.8771,-0.8982,-0.9037,-0.9164,-0.9209,-0.8315,-0.7317,-0.6468,-0.455,-0.4786,-0.496,-0.3398,-0.0014,0.0091,-0.1962,-0.2875,-0.3186,-0.3285,-0.3289,-0.3219,-0.3082,-0.2883,-0.2628,-0.2325,-0.1988,-0.164,-0.1315,-0.1049,-0.087,-0.0786,-0.0791,-0.769,-0.7844,-0.8015,-0.8206,-0.8417,-0.864,-0.8844,-0.8969,-0.8922,-0.8632,-0.8097,-0.737,-0.7255,-0.8517,-0.6461,-0.5199,-0.3722,-0.1591,-0.1169,-0.2349,-0.2859,-0.3011,-0.31,-0.3131,-0.3073,-0.2924,-0.2692,-0.2384,-0.2003,-0.1564,-0.11,-0.0667,-0.0328,-0.0127,-0.0074,-0.0144,-0.7627,-0.7767,-0.7921,-0.8088,-0.8266,-0.8445,-0.8601,-0.8685,-0.8653,-0.8592,-0.856,-0.8338,-0.8216,-0.8795,-0.7108,-0.4728,-0.3212,-0.3405,-0.307,-0.2921,-0.2642,-0.2618,-0.2836,-0.2965,-0.2933,-0.2772,-0.2505,-0.2133,-0.1648,-0.1058,-0.0411,0.0197,0.0645,0.0858,0.0838,0.0647,-0.7548,-0.7673,-0.7807,-0.7948,-0.8091,-0.8229,-0.8345,-0.8429,-0.8531,-0.8854,-0.9594,-0.9648,-0.902,-0.8211,-0.7046,-0.5032,-0.3735,-0.3996,-0.3754,-0.2932,-0.1678,-0.1864,-0.2558,-0.2836,-0.2823,-0.2649,-0.2352,-0.1908,-0.1283,-0.0465,0.0483,0.1384,0.1996,0.2185,0.2001,0.1594,-0.7457,-0.7566,-0.7679,-0.7796,-0.7912,-0.8022,-0.8123,-0.8231,-0.8413,-0.8818,-0.9451,-0.9281,-0.9223,-0.9103,-0.7238,-0.5765,-0.4901,-0.4576,-0.428,-0.3276,-0.158,-0.1826,-0.2577,-0.281,-0.2764,-0.2605,-0.2313,-0.1784,-0.0958,0.0201,0.1643,0.3045,0.3894,0.3951,0.3429,0.2666,-0.7357,-0.745,-0.7546,-0.7641,-0.7735,-0.7825,-0.7915,-0.8021,-0.8177,-0.8409,-0.8616,-0.8644,-0.9015,-0.8861,-0.6695,-0.5503,-0.5085,-0.4864,-0.4916,-0.4209,-0.3202,-0.2853,-0.2895,-0.2846,-0.2762,-0.2763,-0.2568,-0.1855,-0.0721,0.089,0.3068,0.5283,0.6421,0.611,0.4995,0.3735,-0.7252,-0.733,-0.7408,-0.7485,-0.7559,-0.7631,-0.7702,-0.7781,-0.7874,-0.7971,-0.8019,-0.7976,-0.7812,-0.6991,-0.4991,-0.4337,-0.4895,-0.4879,-0.4858,-0.4582,-0.4024,-0.3472,-0.3095,-0.2803,-0.2752,-0.3277,-0.335,-0.202,-0.0479,0.1489,0.4444,0.7654,0.9027,0.8106,0.6287,0.4544,-0.7143,-0.7207,-0.727,-0.733,-0.7386,-0.7438,-0.7485,-0.7528,-0.7563,-0.7573,-0.7524,-0.7366,-0.6996,-0.6194,-0.4963,-0.4548,-0.4858,-0.4833,-0.4823,-0.486,-0.4268,-0.3583,-0.3031,-0.2579,-0.239,-0.3142,-0.3323,-0.122,0.0103,0.1837,0.4932,0.8523,0.9959,0.877,0.6698,0.4803,-0.7033,-0.7084,-0.7132,-0.7176,-0.7215,-0.7247,-0.727,-0.7281,-0.7271,-0.7226,-0.712,-0.6914,-0.6559,-0.602,-0.5425,-0.5084,-0.4948,-0.4792,-0.4695,-0.4572,-0.4007,-0.3269,-0.2723,-0.2223,-0.1493,-0.0355,0.1712,0.1559,0.1051,0.1876,0.4165,0.6969,0.8281,0.7579,0.6001,0.4417,-0.6922,-0.6961,-0.6996,-0.7026,-0.7049,-0.7062,-0.7063,-0.7048,-0.7007,-0.693,-0.6798,-0.6592,-0.6297,-0.5924,-0.5541,-0.5224,-0.4965,-0.4717,-0.4467,-0.4109,-0.3429,-0.2598,-0.2255,-0.1985,-0.0924,0.1299,0.3727,0.2845,0.1566,0.1682,0.2969,0.4666,0.5667,0.5522,0.4653,0.3585,-0.6812,-0.684,-0.6863,-0.688,-0.6889,-0.6886,-0.687,-0.6835,-0.6774,-0.668,-0.6541,-0.6349,-0.6101,-0.5811,-0.5505,-0.5208,-0.4919,-0.4617,-0.4266,-0.3772,-0.3012,-0.2178,-0.2005,-0.1954,-0.1052,0.0585,0.1929,0.1835,0.1272,0.1283,0.1948,0.288,0.3539,0.3629,0.3239,0.2609,-0.6704,-0.6723,-0.6735,-0.6741,-0.6737,-0.6721,-0.6691,-0.6642,-0.6569,-0.6467,-0.6329,-0.6152,-0.5936,-0.5688,-0.542,-0.5141,-0.4847,-0.4523,-0.4138,-0.364,-0.3006,-0.2414,-0.2186,-0.2008,-0.1373,-0.0398,0.04,0.0654,0.0626,0.0741,0.1129,0.1651,0.2062,0.2195,0.204,0.1689]}]