docs/data/wind_grid.json
[{"header":{"la1":42.85,"la2":41.18,"lo1":11.55,"lo2":14.05,"nx":36,"ny":24,"dx":0.07143,"dy":0.07261,"parameterCategory":2,"parameterNumber":2,"parameterNumberName":"eastward_wind","parameterUnit":"m.s-1"},"data":[-0.5627,-0.565,-0.5674,-0.5697,-0.5717,-0.5727,-0.5716,-0.5674,-0.5593,-0.5475,-0.5333,-0.5189,-0.5061,-0.4964,-0.4903,-0.488,-0.4889,-0.492,-0.4961,-0.5004,-0.5044,-0.5077,-0.5104,-0.5127,-0.5145,-0.5161,-0.5174,-0.5186,-0.5196,-0.5204,-0.5212,-0.5218,-0.5224,-0.5229,-0.5234,-0.5239,-0.5686,-0.572,-0.5759,-0.5802,-0.5848,-0.5889,-0.5907,-0.5878,-0.5783,-0.5622,-0.5419,-0.521,-0.503,-0.4898,-0.4824,-0.4806,-0.4833,-0.4889,-0.4954,-0.5014,-0.5061,-0.5097,-0.5124,-0.5144,-0.5161,-0.5175,-0.5186,-0.5196,-0.5204,-0.5211,-0.5218,-0.5223,-0.5228,-0.5233,-0.5237,-0.5241,-0.5751,-0.5797,-0.5853,-0.5922,-0.6007,-0.6102,-0.6182,-0.6197,-0.6094,-0.5862,-0.5552,-0.5239,-0.4979,-0.48,-0.4711,-0.4706,-0.4768,-0.4868,-0.4971,-0.5051,-0.5103,-0.5135,-0.5155,-0.5171,-0.5183,-0.5193,-0.5201,-0.5208,-0.5214,-0.5219,-0.5224,-0.5228,-0.5232,-0.5236,-0.5239,-0.5242,-0.5822,-0.588,-0.5952,-0.605,-0.6187,-0.6373,-0.658,-0.6711,-0.6622,-0.6263,-0.5757,-0.5268,-0.4889,-0.4648,-0.4543,-0.4567,-0.4693,-0.4873,-0.504,-0.5143,-0.5185,-0.5196,-0.5201,-0.5205,-0.521,-0.5214,-0.5218,-0.5221,-0.5224,-0.5227,-0.523,-0.5233,-0.5235,-0.5238,-0.524,-0.5242,-0.5898,-0.5967,-0.6052,-0.6173,-0.6366,-0.668,-0.7129,-0.7558,-0.7561,-0.6932,-0.6038,-0.5266,-0.4727,-0.4407,-0.4287,-0.4359,-0.46,-0.4934,-0.5217,-0.5331,-0.5319,-0.5282,-0.5259,-0.5247,-0.5242,-0.5238,-0.5236,-0.5234,-0.5234,-0.5234,-0.5235,-0.5236,-0.5237,-0.5239,-0.524,-0.5241,-0.5985,-0.6064,-0.6155,-0.6279,-0.6498,-0.6933,-0.7747,-0.8847,-0.9174,-0.7915,-0.6299,-0.5148,-0.4435,-0.4027,-0.3884,-0.4022,-0.4445,-0.5059,-0.5564,-0.5644,-0.5493,-0.5377,-0.5321,-0.5294,-0.5276,-0.5262,-0.5252,-0.5245,-0.5241,-0.5239,-0.5238,-0.5238,-0.5238,-0.5237,-0.5237,-0.5238,-0.6089,-0.6185,-0.6278,-0.6377,-0.6546,-0.6963,-0.7992,-0.9905,-1.0821,-0.855,-0.6168,-0.4776,-0.3958,-0.3449,-0.323,-0.3417,-0.4075,-0.5069,-0.5886,-0.5893,-0.5603,-0.5449,-0.5382,-0.5342,-0.531,-0.5284,-0.5264,-0.5251,-0.5244,-0.5241,-0.5239,-0.5237,-0.5235,-0.5234,-0.5232,-0.5231,-0.6218,-0.6354,-0.6469,-0.6532,-0.6561,-0.6709,-0.731,-0.8632,-0.9172,-0.718,-0.5238,-0.4095,-0.3301,-0.2616,-0.2132,-0.227,-0.3229,-0.4556,-0.5513,-0.5679,-0.5573,-0.5504,-0.545,-0.5393,-0.5339,-0.5296,-0.5265,-0.5248,-0.524,-0.5236,-0.5235,-0.5232,-0.5229,-0.5226,-0.5222,-0.522,-0.637,-0.6589,-0.6801,-0.6894,-0.6751,-0.6461,-0.6244,-0.6086,-0.5531,-0.4534,-0.3823,-0.3285,-0.2592,-0.1548,-0.0209,0.0027,-0.175,-0.3787,-0.5018,-0.5506,-0.5641,-0.5629,-0.5547,-0.5445,-0.5354,-0.5287,-0.5247,-0.5229,-0.5224,-0.5225,-0.5226,-0.5223,-0.5219,-0.5213,-0.5207,-0.5203,-0.652,-0.6869,-0.7307,-0.7646,-0.7396,-0.6581,-0.5689,-0.447,-0.2601,-0.1701,-0.2407,-0.2632,-0.2078,-0.0648,0.2792,0.4501,-0.0117,-0.3724,-0.5464,-0.6038,-0.6064,-0.5891,-0.5674,-0.5479,-0.533,-0.5235,-0.5192,-0.5185,-0.5195,-0.5206,-0.5212,-0.521,-0.5202,-0.5192,-0.5183,-0.5177,-0.6605,-0.7065,-0.7769,-0.8584,-0.8364,-0.6971,-0.5892,-0.4325,-0.0059,0.1982,-0.1448,-0.2357,-0.188,-0.0771,0.2312,0.4538,-0.1175,-0.5624,-0.7517,-0.7489,-0.685,-0.6238,-0.5776,-0.5447,-0.5226,-0.5106,-0.5079,-0.5107,-0.515,-0.5182,-0.5194,-0.519,-0.5176,-0.516,-0.5146,-0.5138,-0.6569,-0.7014,-0.7684,-0.8435,-0.8202,-0.7083,-0.6808,-0.6723,-0.3331,-0.0574,-0.2233,-0.2537,-0.1761,-0.0677,-0.0733,-0.1618,-0.5351,-1.085,-1.2277,-0.9837,-0.7732,-0.6477,-0.5747,-0.5291,-0.4989,-0.4848,-0.488,-0.4994,-0.5099,-0.516,-0.5177,-0.5164,-0.5137,-0.5109,-0.5088,-0.508,-0.6418,-0.6734,-0.712,-0.7401,-0.7235,-0.6986,-0.7573,-0.8865,-0.7391,-0.4449,-0.3437,-0.3055,-0.2177,-0.0402,-0.0993,-0.3807,-0.873,-1.8601,-1.88,-1.1656,-0.7994,-0.6298,-0.5484,-0.5004,-0.4605,-0.4419,-0.4594,-0.4873,-0.5067,-0.5155,-0.5163,-0.5126,-0.5073,-0.5026,-0.4998,-0.4992,-0.6215,-0.6399,-0.6576,-0.6666,-0.6642,-0.6735,-0.7265,-0.8033,-0.7227,-0.5076,-0.3893,-0.3569,-0.3249,-0.0483,-0.2535,-0.588,-0.9882,-1.4631,-1.5,-1.0062,-0.682,-0.5384,-0.4929,-0.4704,-0.4287,-0.4015,-0.4383,-0.4844,-0.5105,-0.5187,-0.5152,-0.506,-0.4961,-0.4887,-0.4855,-0.4861,-0.6015,-0.6112,-0.6188,-0.6223,-0.6235,-0.6305,-0.6472,-0.6491,-0.5822,-0.4735,-0.4041,-0.365,-0.2835,-0.2016,-0.382,-0.9413,-1.4493,-1.0998,-0.9248,-0.6576,-0.4041,-0.3436,-0.4028,-0.4484,-0.443,-0.4269,-0.4616,-0.5054,-0.5266,-0.5266,-0.5127,-0.4931,-0.4754,-0.4649,-0.4627,-0.4668,-0.5842,-0.5887,-0.5914,-0.5916,-0.59,-0.5878,-0.5815,-0.5587,-0.5081,-0.4446,-0.403,-0.4018,-0.3871,-0.3662,-0.5008,-0.8997,-1.2348,-0.9027,-0.6355,-0.353,0.0179,-0.053,-0.3006,-0.4336,-0.4846,-0.504,-0.5305,-0.5538,-0.5567,-0.5382,-0.5046,-0.4663,-0.4366,-0.4241,-0.4273,-0.4397,-0.5702,-0.5715,-0.5712,-0.5689,-0.5642,-0.5564,-0.5428,-0.5189,-0.4837,-0.4439,-0.4135,-0.425,-0.4987,-0.5445,-0.5597,-0.678,-0.7242,-0.5638,-0.3863,-0.2457,0.079,-0.0141,-0.2918,-0.454,-0.5443,-0.5989,-0.6268,-0.6255,-0.599,-0.5507,-0.4835,-0.4122,-0.3646,-0.3558,-0.3751,-0.4042,-0.559,-0.5585,-0.5564,-0.5525,-0.5463,-0.5371,-0.5236,-0.505,-0.4829,-0.4623,-0.4536,-0.4741,-0.5418,-0.575,-0.6217,-0.6602,-0.5674,-0.2948,-0.0632,-0.2456,-0.2384,-0.2654,-0.3923,-0.5206,-0.6346,-0.7291,-0.759,-0.718,-0.6503,-0.5622,-0.4432,-0.3136,-0.2402,-0.2527,-0.3079,-0.3649,-0.5504,-0.5488,-0.5459,-0.5414,-0.5351,-0.5266,-0.5158,-0.5031,-0.4904,-0.4818,-0.4835,-0.5027,-0.5418,-0.607,-0.775,-0.838,-0.5956,-0.3286,-0.1905,-0.3533,-0.3908,-0.423,-0.496,-0.5984,-0.7312,-0.8852,-0.9181,-0.8084,-0.7008,-0.5783,-0.3971,-0.1792,-0.0751,-0.137,-0.2461,-0.3346,-0.544,-0.5419,-0.5387,-0.5344,-0.5287,-0.5219,-0.514,-0.506,-0.4996,-0.4975,-0.5035,-0.5216,-0.5569,-0.6254,-0.7518,-0.7831,-0.6101,-0.4642,-0.4595,-0.4885,-0.4728,-0.5117,-0.5735,-0.6538,-0.769,-0.9173,-0.9486,-0.832,-0.7387,-0.6163,-0.4056,-0.1281,-0.0036,-0.0967,-0.2314,-0.3314,-0.5394,-0.5371,-0.5341,-0.5302,-0.5256,-0.5205,-0.5151,-0.5105,-0.5079,-0.5092,-0.5165,-0.5324,-0.5595,-0.6007,-0.6454,-0.6443,-0.5794,-0.513,-0.4904,-0.4972,-0.5307,-0.5944,-0.6467,-0.6897,-0.7553,-0.8192,-0.8238,-0.812,-0.7797,-0.695,-0.5171,-0.2799,-0.1537,-0.1947,-0.2862,-0.3629,-0.5361,-0.534,-0.5313,-0.5281,-0.5246,-0.5209,-0.5175,-0.5152,-0.5147,-0.5174,-0.5244,-0.5367,-0.5546,-0.5759,-0.5916,-0.5879,-0.5633,-0.537,-0.5282,-0.5473,-0.6094,-0.7052,-0.7419,-0.7257,-0.748,-0.791,-0.8086,-0.8222,-0.8652,-0.827,-0.6812,-0.4987,-0.3775,-0.3527,-0.3799,-0.4173,-0.534,-0.5321,-0.5299,-0.5274,-0.5248,-0.5223,-0.5203,-0.5194,-0.5201,-0.5232,-0.5291,-0.5381,-0.5496,-0.5611,-0.5685,-0.5677,-0.5601,-0.5541,-0.5607,-0.5925,-0.6663,-0.7741,-0.8013,-0.7492,-0.7457,-0.78,-0.8175,-0.8997,-1.0443,-0.99,-0.8196,-0.6549,-0.5395,-0.4834,-0.4693,-0.475,-0.5328,-0.5312,-0.5294,-0.5275,-0.5256,-0.5241,-0.5231,-0.523,-0.5243,-0.5273,-0.5322,-0.5388,-0.5465,-0.5539,-0.5591,-0.5613,-0.5621,-0.5661,-0.5803,-0.6126,-0.6694,-0.7356,-0.7567,-0.737,-0.739,-0.7712,-0.8283,-0.9405,-1.068,-1.0167,-0.8667,-0.7289,-0.6286,-0.567,-0.5357,-0.5234]},{"header":{"la1":42.85,"la2":41.18,"lo1":11.55,"lo2":14.05,"nx":36,"ny":24,"dx":0.07143,"dy":0.07261,"parameterCategory":2,"parameterNumber":3,"parameterNumberName":"northward_wind","parameterUnit":"m.s-1"},"data":[-0.7613,-0.7599,-0.7571,-0.7529,-0.7471,-0.7399,-0.7316,-0.7228,-0.7135,-0.7031,-0.6905,-0.6744,-0.6537,-0.628,-0.5978,-0.5641,-0.5293,-0.4963,-0.4688,-0.449,-0.4377,-0.4335,-0.4343,-0.4377,-0.4421,-0.4467,-0.4509,-0.4547,-0.4582,-0.4613,-0.4643,-0.4672,-0.47,-0.4727,-0.4754,-0.4781,-0.77,-0.7688,-0.766,-0.7613,-0.7544,-0.7455,-0.7356,-0.7258,-0.7169,-0.7083,-0.6975,-0.6822,-0.6603,-0.631,-0.5943,-0.5516,-0.5059,-0.4621,-0.4266,-0.404,-0.3952,-0.3968,-0.4042,-0.4137,-0.4229,-0.431,-0.4377,-0.4434,-0.4482,-0.4524,-0.4563,-0.4599,-0.4634,-0.4669,-0.4702,-0.4734,-0.7788,-0.778,-0.7752,-0.7698,-0.7609,-0.7488,-0.735,-0.7225,-0.7142,-0.7095,-0.7038,-0.6917,-0.6698,-0.6366,-0.5921,-0.5368,-0.4742,-0.4124,-0.3634,-0.3378,-0.3358,-0.3493,-0.3685,-0.3871,-0.4027,-0.415,-0.4245,-0.432,-0.4382,-0.4435,-0.4483,-0.4527,-0.457,-0.4611,-0.4651,-0.4689,-0.7876,-0.7873,-0.7848,-0.7786,-0.7671,-0.749,-0.7262,-0.7058,-0.6974,-0.7019,-0.708,-0.7036,-0.6836,-0.6472,-0.5935,-0.5214,-0.4326,-0.3382,-0.2641,-0.2357,-0.2518,-0.2894,-0.3281,-0.3596,-0.3829,-0.3997,-0.4118,-0.421,-0.4284,-0.4347,-0.4403,-0.4456,-0.4507,-0.4556,-0.4602,-0.4647,-0.7957,-0.7963,-0.7947,-0.7886,-0.7743,-0.7469,-0.7051,-0.6622,-0.6494,-0.6761,-0.7089,-0.7197,-0.7042,-0.6655,-0.6031,-0.5113,-0.3835,-0.2291,-0.1022,-0.0744,-0.136,-0.2198,-0.2878,-0.3348,-0.3657,-0.3861,-0.4002,-0.4106,-0.4189,-0.426,-0.4325,-0.4387,-0.4446,-0.4503,-0.4558,-0.4609,-0.8023,-0.8038,-0.8039,-0.8003,-0.7863,-0.7497,-0.6758,-0.5759,-0.5413,-0.6244,-0.7123,-0.7451,-0.7345,-0.6948,-0.6274,-0.5194,-0.3459,-0.0929,0.1446,0.1588,-0.0024,-0.1573,-0.2579,-0.3176,-0.3532,-0.3753,-0.39,-0.4008,-0.4096,-0.4175,-0.4248,-0.432,-0.4389,-0.4455,-0.4519,-0.4578,-0.8059,-0.8071,-0.8091,-0.8113,-0.8064,-0.774,-0.6772,-0.4956,-0.4114,-0.5927,-0.745,-0.7891,-0.7764,-0.7368,-0.673,-0.5647,-0.3681,-0.0293,0.3447,0.3351,0.0651,-0.1387,-0.2517,-0.3126,-0.3467,-0.3673,-0.381,-0.3915,-0.4005,-0.409,-0.4173,-0.4255,-0.4336,-0.4414,-0.4487,-0.4555,-0.8045,-0.8018,-0.802,-0.8111,-0.828,-0.8308,-0.7752,-0.6343,-0.5706,-0.7323,-0.8458,-0.8573,-0.8275,-0.7892,-0.743,-0.6584,-0.4861,-0.1913,0.129,0.1532,-0.0358,-0.1873,-0.2727,-0.3189,-0.3449,-0.3608,-0.3722,-0.3818,-0.391,-0.4003,-0.4099,-0.4195,-0.4291,-0.4382,-0.4467,-0.4544,-0.7973,-0.783,-0.7681,-0.7722,-0.8202,-0.8947,-0.942,-0.9494,-0.9761,-1.025,-1.0062,-0.9391,-0.8771,-0.8437,-0.8395,-0.8017,-0.6528,-0.438,-0.2455,-0.1757,-0.212,-0.2663,-0.3051,-0.3288,-0.3434,-0.3536,-0.3622,-0.3711,-0.3807,-0.3913,-0.4026,-0.4142,-0.4256,-0.4364,-0.4463,-0.455,-0.7878,-0.7526,-0.6956,-0.6494,-0.7225,-0.9222,-1.1009,-1.2306,-1.3616,-1.3816,-1.192,-1.0098,-0.9081,-0.8814,-0.9601,-1.0085,-0.7866,-0.5743,-0.432,-0.354,-0.3259,-0.3229,-0.3273,-0.3325,-0.3375,-0.3429,-0.3496,-0.3584,-0.3693,-0.382,-0.3958,-0.41,-0.4239,-0.4367,-0.4482,-0.4579,-0.7852,-0.7315,-0.6205,-0.4622,-0.5258,-0.9309,-1.2583,-1.4473,-1.6795,-1.7974,-1.3341,-1.0342,-0.9082,-0.8761,-0.9469,-1.0143,-0.7712,-0.5759,-0.4664,-0.4029,-0.3629,-0.3398,-0.3284,-0.3244,-0.3245,-0.3275,-0.3338,-0.3436,-0.3568,-0.3725,-0.3899,-0.4077,-0.4248,-0.4403,-0.4534,-0.464,-0.7991,-0.7511,-0.6491,-0.5036,-0.5923,-1.0607,-1.4695,-1.6742,-1.6604,-1.621,-1.2575,-0.9931,-0.888,-0.87,-0.8447,-0.7731,-0.6227,-0.4797,-0.4207,-0.3855,-0.349,-0.3218,-0.3079,-0.3043,-0.3058,-0.3094,-0.316,-0.3274,-0.3436,-0.3636,-0.3859,-0.4087,-0.4301,-0.4487,-0.4636,-0.4746,-0.8272,-0.808,-0.7754,-0.7679,-0.912,-1.2467,-1.6246,-1.9049,-1.7402,-1.3979,-1.1063,-0.928,-0.8699,-0.8754,-0.833,-0.6473,-0.4627,-0.3874,-0.3796,-0.3431,-0.2998,-0.272,-0.267,-0.277,-0.2901,-0.297,-0.3012,-0.3118,-0.3307,-0.3561,-0.3854,-0.4153,-0.4425,-0.4647,-0.481,-0.4916,-0.857,-0.8652,-0.8836,-0.9395,-1.0729,-1.2901,-1.5457,-1.7496,-1.6286,-1.2586,-1.0032,-0.8882,-0.8697,-0.8672,-0.7197,-0.4002,-0.1335,-0.2608,-0.3121,-0.2639,-0.2012,-0.1762,-0.2002,-0.2444,-0.2856,-0.3002,-0.2934,-0.2975,-0.3182,-0.3512,-0.3909,-0.4312,-0.4664,-0.4928,-0.5092,-0.5173,-0.8773,-0.8999,-0.9361,-0.9978,-1.0952,-1.2225,-1.3489,-1.4054,-1.2942,-1.0769,-0.9244,-0.8507,-0.795,-0.7025,-0.599,0.123,0.8691,0.1185,-0.1572,-0.1249,0.0049,0.0114,-0.0935,-0.1914,-0.2587,-0.2843,-0.2754,-0.2772,-0.3036,-0.3496,-0.4062,-0.4631,-0.5097,-0.5397,-0.5531,-0.5543,-0.8849,-0.911,-0.9469,-0.9962,-1.0586,-1.1244,-1.1708,-1.1624,-1.0763,-0.9531,-0.8837,-0.8111,-0.7953,-0.7336,-0.5476,0.0411,0.5568,0.0777,-0.1323,0.019,0.4033,0.3171,0.0301,-0.1225,-0.1901,-0.215,-0.2194,-0.2358,-0.281,-0.352,-0.438,-0.5226,-0.5858,-0.6165,-0.6189,-0.6053,-0.8817,-0.9055,-0.9346,-0.9691,-1.0057,-1.0362,-1.0472,-1.025,-0.9688,-0.9042,-0.8739,-0.8399,-0.8722,-0.8788,-0.6286,-0.3559,-0.1868,-0.2523,-0.2905,-0.0473,0.4506,0.3486,0.0495,-0.0812,-0.1135,-0.1082,-0.1132,-0.1591,-0.2442,-0.3594,-0.496,-0.6293,-0.7167,-0.7375,-0.7118,-0.6699,-0.8709,-0.8902,-0.9117,-0.934,-0.954,-0.9662,-0.9641,-0.9436,-0.9082,-0.8712,-0.8449,-0.8315,-0.8802,-0.8711,-0.6599,-0.5258,-0.4342,-0.4704,-0.5677,-0.3191,-0.0409,0.0236,-0.0428,-0.0706,-0.026,0.0598,0.0723,-0.0372,-0.193,-0.3722,-0.5873,-0.806,-0.9275,-0.9108,-0.8268,-0.7403,-0.8556,-0.8702,-0.885,-0.8985,-0.9084,-0.9115,-0.9048,-0.8876,-0.8625,-0.8355,-0.8112,-0.7919,-0.7759,-0.718,-0.6186,-0.5942,-0.5113,-0.4903,-0.5142,-0.3916,-0.2611,-0.162,-0.1166,-0.0634,0.0676,0.3017,0.3502,0.0945,-0.1489,-0.3851,-0.6882,-1.0306,-1.1909,-1.0969,-0.9308,-0.7958,-0.8381,-0.8484,-0.858,-0.8654,-0.8692,-0.8675,-0.8591,-0.8438,-0.8232,-0.7996,-0.7747,-0.7476,-0.7125,-0.6592,-0.6074,-0.5845,-0.5174,-0.4551,-0.4108,-0.3979,-0.3148,-0.2097,-0.1351,-0.0632,0.074,0.3366,0.395,0.073,-0.1545,-0.382,-0.7092,-1.118,-1.3003,-1.1626,-0.9612,-0.8097,-0.8197,-0.8266,-0.8322,-0.8355,-0.8354,-0.831,-0.8216,-0.8072,-0.7884,-0.7662,-0.7408,-0.7112,-0.6752,-0.6327,-0.5915,-0.5522,-0.4979,-0.439,-0.3962,-0.3654,-0.2767,-0.1586,-0.0889,-0.0622,-0.0172,0.0189,-0.0761,-0.1158,-0.2013,-0.3557,-0.6013,-0.9186,-1.089,-1.0264,-0.8893,-0.7721,-0.8015,-0.8056,-0.8082,-0.8086,-0.806,-0.7999,-0.7898,-0.7757,-0.7578,-0.7364,-0.7114,-0.6824,-0.6488,-0.6114,-0.5722,-0.5297,-0.48,-0.4257,-0.3716,-0.3029,-0.175,0.0023,0.0605,-0.0196,-0.0763,-0.1256,-0.195,-0.1918,-0.2459,-0.3243,-0.4638,-0.658,-0.7954,-0.8144,-0.7649,-0.7022,-0.7838,-0.7858,-0.7861,-0.7844,-0.7801,-0.7728,-0.7623,-0.7483,-0.731,-0.7103,-0.6863,-0.6587,-0.6274,-0.5928,-0.555,-0.5132,-0.4657,-0.4117,-0.3473,-0.2546,-0.0957,0.1271,0.1841,0.0236,-0.0942,-0.1534,-0.191,-0.2356,-0.287,-0.3039,-0.378,-0.4978,-0.6002,-0.6479,-0.649,-0.6279,-0.7671,-0.7673,-0.766,-0.7628,-0.7573,-0.7492,-0.7383,-0.7244,-0.7076,-0.6877,-0.6648,-0.6387,-0.6094,-0.5768,-0.5409,-0.5008,-0.4552,-0.4022,-0.3363,-0.2458,-0.1161,0.028,0.0652,-0.0277,-0.1206,-0.1769,-0.2178,-0.2631,-0.2924,-0.3012,-0.3478,-0.4242,-0.4967,-0.5442,-0.5643,-0.5658]}]