docs/data/wind_grid.json
[{"header":{"la1":42.85,"la2":41.18,"lo1":11.55,"lo2":14.05,"nx":36,"ny":24,"dx":0.07143,"dy":0.07261,"parameterCategory":2,"parameterNumber":2,"parameterNumberName":"eastward_wind","parameterUnit":"m.s-1"},"data":[2.8593,2.8978,2.9411,2.9882,3.0362,3.0811,3.1168,3.1372,3.1383,3.1203,3.0875,3.0471,3.0057,2.968,2.9367,2.912,2.8932,2.8779,2.8637,2.8479,2.8292,2.8072,2.7827,2.7566,2.73,2.7035,2.6778,2.6531,2.6296,2.6074,2.5864,2.5668,2.5486,2.5317,2.5163,2.5021,2.8607,2.9062,2.9599,3.0212,3.0876,3.1532,3.2085,3.2418,3.2442,3.2152,3.1636,3.1027,3.0439,2.9939,2.9556,2.9287,2.9111,2.8992,2.8882,2.8737,2.8535,2.8279,2.7986,2.7676,2.7366,2.7063,2.6774,2.65,2.6243,2.6001,2.5776,2.5567,2.5373,2.5195,2.5033,2.4887,2.8548,2.9072,2.9726,3.0522,3.1445,3.2431,3.3333,3.3921,3.3984,3.3488,3.2631,3.1682,3.0834,3.0171,2.9708,2.9429,2.9297,2.9254,2.9214,2.9096,2.8865,2.8542,2.8173,2.7795,2.7427,2.7079,2.6753,2.645,2.6169,2.5908,2.5667,2.5444,2.5239,2.5052,2.4883,2.4731,2.8383,2.8961,2.9731,3.0738,3.201,3.3511,3.5051,3.6186,3.6364,3.5451,3.3938,3.2422,3.1202,3.0335,2.979,2.9525,2.9491,2.9605,2.971,2.9634,2.9327,2.8876,2.8384,2.791,2.7472,2.7072,2.6708,2.6375,2.607,2.579,2.5532,2.5296,2.508,2.4884,2.4708,2.4552,2.8074,2.8667,2.9519,3.0732,3.2418,3.4661,3.7343,3.971,4.0245,3.8383,3.5569,3.3153,3.1457,3.0372,2.9759,2.9541,2.9679,3.0095,3.0502,3.0477,2.9966,2.9267,2.8592,2.7998,2.7482,2.703,2.6628,2.6267,2.594,2.5642,2.5369,2.5119,2.4892,2.4687,2.4505,2.4345,2.758,2.8117,2.897,3.031,3.2369,3.5459,3.9869,4.4839,4.643,4.2345,3.718,3.362,3.147,3.0213,2.956,2.9411,2.9783,3.07,3.1705,3.1695,3.071,2.962,2.873,2.8021,2.7436,2.6939,2.6505,2.612,2.5774,2.546,2.5172,2.4909,2.4671,2.4457,2.4268,2.4105,2.6878,2.7243,2.7948,2.9239,3.145,3.5056,4.0848,4.8947,5.2351,4.4995,3.762,3.3446,3.1133,2.9811,2.9134,2.9033,2.9591,3.0973,3.268,3.2613,3.1094,2.9718,2.871,2.7939,2.7313,2.6785,2.6329,2.5927,2.5567,2.5239,2.4938,2.4662,2.4411,2.4187,2.3993,2.3828,2.5973,2.6006,2.6328,2.7302,2.9361,3.2824,3.8,4.463,4.7202,4.1614,3.6017,3.2591,3.0498,2.9176,2.8406,2.8276,2.8901,3.0212,3.166,3.1707,3.057,2.9424,2.8499,2.7742,2.7104,2.656,2.6092,2.5682,2.5314,2.4976,2.4662,2.4371,2.4106,2.3871,2.367,2.3504,2.4933,2.4437,2.402,2.4267,2.6038,2.9357,3.3295,3.6813,3.8177,3.6762,3.414,3.1651,2.9814,2.8418,2.7227,2.6893,2.7837,2.9112,3.0036,3.0211,2.9718,2.8964,2.8184,2.7456,2.6812,2.6258,2.5789,2.5383,2.5015,2.4669,2.434,2.4029,2.3746,2.3497,2.3288,2.3123,2.3933,2.2771,2.1152,1.9879,2.1381,2.5725,2.9832,3.3231,3.6463,3.7187,3.4082,3.1113,2.9352,2.7919,2.5496,2.4347,2.6859,2.8817,2.973,2.9813,2.9365,2.8661,2.7879,2.7116,2.6434,2.5868,2.5413,2.5029,2.4672,2.4318,2.3967,2.3629,2.3318,2.3049,2.2832,2.2671,2.3246,2.1592,1.8811,1.5354,1.6417,2.3025,2.7643,3.1471,3.984,4.3836,3.4962,3.0576,2.9216,2.8554,2.6119,2.4384,2.752,3.0095,3.1116,3.0635,2.9621,2.8586,2.7615,2.6718,2.5943,2.5359,2.4952,2.4625,2.4292,2.3926,2.3538,2.3153,2.28,2.2504,2.2279,2.2128,2.3078,2.1509,1.8963,1.5937,1.7096,2.2882,2.5966,2.7176,3.3133,3.7864,3.2268,2.9424,2.926,3.0429,2.9738,2.8307,3.004,3.4246,3.5241,3.2543,3.019,2.8596,2.7349,2.623,2.5277,2.4678,2.4404,2.4195,2.3895,2.3494,2.3036,2.2574,2.2157,2.1824,2.1593,2.1466,2.335,2.231,2.1003,2.0133,2.1329,2.3882,2.4914,2.4916,2.5255,2.8615,2.848,2.837,2.8686,3.1296,3.0937,2.8938,3.161,4.1432,4.1632,3.4116,3.0402,2.8492,2.7074,2.5685,2.4411,2.3802,2.3825,2.3797,2.3503,2.3014,2.2431,2.1842,2.1329,2.0947,2.0722,2.0646,2.3784,2.324,2.2768,2.2724,2.3407,2.4324,2.4535,2.3701,2.4299,2.5641,2.6035,2.8354,2.8848,2.3576,2.6592,2.7298,2.9269,3.5827,3.7038,3.2382,2.9766,2.8319,2.6946,2.5347,2.3728,2.3113,2.3452,2.3505,2.3113,2.245,2.1659,2.087,2.0212,1.9776,1.959,1.9617,2.4167,2.3905,2.3752,2.3824,2.4128,2.4443,2.4499,2.432,2.4142,2.347,2.2603,2.312,2.3155,2.0377,2.4038,2.5504,2.5484,2.8173,2.9829,2.9525,2.9361,2.8717,2.7213,2.5513,2.4026,2.3411,2.3488,2.3295,2.2674,2.1738,2.0619,1.9508,1.8633,1.8155,1.8086,1.8321,2.4428,2.429,2.4222,2.425,2.434,2.4389,2.4284,2.3931,2.3079,2.1071,1.7627,1.7833,1.9617,2.1398,2.3011,2.46,2.5199,2.5797,2.657,2.8288,3.1306,3.0502,2.7734,2.5805,2.4598,2.3962,2.36,2.3064,2.215,2.0822,1.9173,1.7509,1.6296,1.5842,1.6076,1.6712,2.4578,2.4483,2.442,2.4387,2.4351,2.4247,2.3992,2.3461,2.2419,2.0483,1.792,1.8435,1.7962,1.7693,2.1562,2.3392,2.3941,2.3457,2.3295,2.6313,3.1422,3.0448,2.7365,2.5601,2.4668,2.4158,2.3686,2.2907,2.1633,1.9725,1.7171,1.4484,1.2727,1.2519,1.3456,1.4815,2.465,2.4564,2.4486,2.4404,2.4293,2.4106,2.3783,2.3244,2.2397,2.1246,2.0204,1.9647,1.7925,1.7751,2.1347,2.2701,2.2643,2.0516,1.8096,2.2246,2.5928,2.6702,2.5751,2.4865,2.4472,2.45,2.4234,2.3102,2.1299,1.86,1.4585,0.9997,0.7386,0.8027,1.0372,1.2844,2.4673,2.4585,2.449,2.4378,2.4228,2.401,2.3689,2.323,2.2622,2.1929,2.1305,2.0803,2.0381,2.0929,2.2545,2.2949,2.2334,2.0508,1.9118,2.0934,2.2833,2.3969,2.4093,2.3963,2.4296,2.5596,2.5832,2.3566,2.1126,1.7801,1.2072,0.4621,0.0949,0.335,0.7664,1.1324,2.4669,2.4576,2.4471,2.4344,2.4181,2.3964,2.3678,2.3311,2.2878,2.2425,2.2024,2.1741,2.1681,2.2044,2.2679,2.2846,2.2367,2.1416,2.0462,2.0198,2.1595,2.2462,2.2722,2.2932,2.3574,2.5487,2.5926,2.2655,2.0767,1.7893,1.1671,0.259,-0.1695,0.172,0.6877,1.0928,2.4652,2.4556,2.4446,2.4316,2.4155,2.3955,2.371,2.3422,2.3105,2.2792,2.2526,2.2353,2.2321,2.2448,2.2624,2.2642,2.2367,2.1786,2.1071,2.0873,2.1262,2.1215,2.1176,2.1593,2.1879,2.118,1.8512,1.9153,2.0544,1.9381,1.4666,0.7472,0.348,0.5129,0.8715,1.1897,2.4629,2.4534,2.4424,2.4296,2.4145,2.3967,2.3761,2.3532,2.3293,2.3065,2.2873,2.2742,2.2687,2.2695,2.2709,2.2646,2.2435,2.2067,2.1644,2.1287,2.0644,1.9277,1.8851,2.0084,2.0582,1.8869,1.5413,1.8028,2.2586,2.2699,1.9216,1.4278,1.0898,1.053,1.1937,1.3737,2.4606,2.4512,2.4406,2.4285,2.4147,2.399,2.3817,2.3631,2.3443,2.3266,2.3114,2.2999,2.2924,2.2874,2.2819,2.2714,2.2524,2.2232,2.1839,2.1242,2.0013,1.7885,1.7285,1.9204,2.0304,1.9882,1.944,2.2925,2.8336,2.7117,2.3018,1.8975,1.6106,1.4907,1.5001,1.5727,2.4584,2.4494,2.4393,2.428,2.4155,2.4017,2.3869,2.3714,2.356,2.3415,2.3286,2.3178,2.309,2.301,2.292,2.2794,2.2606,2.2334,2.1939,2.1311,2.0256,1.8919,1.8595,1.9673,2.0641,2.1135,2.2193,2.5467,2.914,2.7936,2.4455,2.1298,1.9015,1.7733,1.7306,1.7435]},{"header":{"la1":42.85,"la2":41.18,"lo1":11.55,"lo2":14.05,"nx":36,"ny":24,"dx":0.07143,"dy":0.07261,"parameterCategory":2,"parameterNumber":3,"parameterNumberName":"northward_wind","parameterUnit":"m.s-1"},"data":[1.7432,1.7469,1.7529,1.7609,1.7707,1.7817,1.7935,1.8052,1.8161,1.8248,1.8292,1.8264,1.8133,1.7872,1.7468,1.6936,1.6324,1.5723,1.5242,1.4967,1.4929,1.5093,1.5387,1.5739,1.6095,1.6422,1.6706,1.6946,1.7145,1.7309,1.7444,1.7555,1.7647,1.7723,1.7787,1.7841,1.7247,1.7282,1.7347,1.7441,1.7559,1.7695,1.7841,1.7992,1.8141,1.8276,1.837,1.838,1.8255,1.7943,1.7409,1.6651,1.5736,1.4812,1.4083,1.372,1.3766,1.4128,1.4654,1.5216,1.5736,1.6181,1.6546,1.6839,1.7072,1.7259,1.7408,1.7529,1.7627,1.7709,1.7776,1.7832,1.7016,1.7044,1.7112,1.7222,1.7366,1.7533,1.7711,1.7895,1.8089,1.8289,1.8462,1.8548,1.846,1.8111,1.7415,1.6332,1.4922,1.3424,1.225,1.1771,1.2045,1.2812,1.3746,1.4628,1.537,1.5957,1.6408,1.6753,1.7017,1.7222,1.7382,1.7511,1.7614,1.7699,1.7769,1.7827,1.6725,1.6736,1.6804,1.6933,1.7113,1.7323,1.7536,1.7745,1.7976,1.8256,1.8554,1.8774,1.8786,1.8442,1.7578,1.6048,1.3828,1.1258,0.9209,0.8598,0.947,1.1069,1.2693,1.4034,1.5047,1.5784,1.6316,1.6702,1.6987,1.7202,1.7369,1.7501,1.7607,1.7694,1.7766,1.7825,1.6355,1.6331,1.6389,1.6542,1.6778,1.7058,1.7321,1.7535,1.7763,1.8131,1.8622,1.9069,1.9279,1.9037,1.8065,1.6006,1.2543,0.793,0.3999,0.3327,0.5747,0.8977,1.1658,1.3562,1.4847,1.5707,1.6289,1.6692,1.6982,1.7198,1.7365,1.7498,1.7606,1.7695,1.7768,1.7828,1.5884,1.5789,1.5812,1.5987,1.6311,1.6718,1.7091,1.7302,1.7435,1.7886,1.8661,1.945,1.9995,2.0027,1.914,1.6679,1.1702,0.364,-0.4288,-0.4634,0.1299,0.7126,1.1024,1.3411,1.4862,1.5762,1.6338,1.6725,1.7,1.7206,1.7368,1.75,1.7609,1.7699,1.7773,1.7834,1.5286,1.5053,1.4974,1.5146,1.5595,1.6222,1.683,1.7164,1.7182,1.7674,1.8754,1.9955,2.0986,2.1548,2.1126,1.8785,1.2976,0.1776,-1.1216,-1.0828,-0.0857,0.6891,1.132,1.3767,1.5147,1.5953,1.6451,1.6782,1.7024,1.7214,1.7371,1.7503,1.7614,1.7707,1.7784,1.7846,1.4552,1.4054,1.3723,1.3792,1.4403,1.5371,1.6311,1.6941,1.7193,1.7707,1.894,2.0573,2.2248,2.3688,2.4336,2.2896,1.7785,0.7935,-0.3295,-0.4,0.3294,0.9281,1.2746,1.463,1.5653,1.6227,1.6578,1.6827,1.7029,1.7207,1.7364,1.7502,1.762,1.7719,1.78,1.7864,1.372,1.2764,1.1851,1.1509,1.2336,1.3967,1.5359,1.6119,1.6492,1.7179,1.8832,2.114,2.3632,2.635,2.9171,2.9382,2.4689,1.7575,1.1091,0.8938,1.0718,1.3115,1.4786,1.573,1.621,1.6457,1.6627,1.6796,1.6979,1.7165,1.734,1.7496,1.7629,1.7738,1.7824,1.7891,1.2942,1.1348,0.932,0.7729,0.8798,1.2061,1.4327,1.4968,1.4472,1.4834,1.79,2.1528,2.4837,2.8683,3.5565,3.882,3.0603,2.3726,1.9366,1.7037,1.6357,1.6458,1.6645,1.6669,1.6559,1.6453,1.6465,1.6609,1.6832,1.7073,1.7296,1.7488,1.7645,1.7769,1.7863,1.7932,1.2505,1.0396,0.7141,0.3355,0.4362,1.0511,1.3832,1.4252,1.1763,1.0236,1.68,2.2089,2.5811,2.9091,3.5164,3.9282,3.1035,2.566,2.28,2.0881,1.953,1.8618,1.788,1.7129,1.6407,1.5947,1.5905,1.6177,1.6562,1.6933,1.7244,1.749,1.768,1.7823,1.7925,1.7994,1.2663,1.0644,0.757,0.4086,0.5282,1.1258,1.4114,1.4406,1.3555,1.3104,1.8367,2.3216,2.6875,2.9719,3.0457,3.0241,2.7791,2.5352,2.4078,2.2631,2.1129,1.9795,1.8463,1.6946,1.5411,1.4544,1.4721,1.5449,1.6195,1.6783,1.7214,1.7527,1.7755,1.7916,1.8023,1.8087,1.3368,1.1969,1.0277,0.9138,1.0427,1.3284,1.4551,1.3953,1.5054,1.708,2.0691,2.4378,2.6828,3.0737,3.0636,2.7768,2.6107,2.4952,2.4683,2.3346,2.1838,2.0379,1.8647,1.623,1.3304,1.182,1.2855,1.4574,1.5869,1.6709,1.7259,1.7635,1.7896,1.8071,1.8175,1.8223,1.4313,1.3546,1.2882,1.2766,1.3573,1.473,1.5234,1.5172,1.5935,1.8449,2.1484,2.5172,2.6321,2.6226,2.6778,2.6264,2.5746,2.4944,2.441,2.3294,2.2044,2.0743,1.8899,1.5797,1.1277,0.9018,1.1389,1.4161,1.5856,1.6829,1.7436,1.7853,1.8142,1.8323,1.8409,1.8422,1.5231,1.4871,1.4672,1.4796,1.527,1.5847,1.6244,1.6609,1.7568,1.9095,2.0449,2.2088,2.3537,2.3211,2.4618,2.5884,2.7305,2.5282,2.4006,2.2996,2.2103,2.1202,1.9583,1.677,1.2837,1.0765,1.2604,1.493,1.6363,1.7202,1.7778,1.8224,1.8548,1.8726,1.8765,1.8707,1.6009,1.5871,1.5862,1.6034,1.6372,1.6788,1.7222,1.7753,1.846,1.8888,1.8024,1.9154,2.0531,2.2234,2.3105,2.4816,2.627,2.4869,2.3852,2.2869,2.22,2.1793,2.0409,1.8419,1.632,1.5205,1.5667,1.6585,1.7248,1.7751,1.8272,1.8808,1.9215,1.9374,1.9301,1.9098,1.6634,1.6612,1.6685,1.6869,1.7155,1.7513,1.7925,1.8387,1.8814,1.885,1.8158,1.8958,1.8958,1.8813,2.0998,2.2369,2.355,2.4413,2.4762,2.3359,2.2246,2.1895,2.0752,1.9518,1.8701,1.8484,1.8512,1.8346,1.8149,1.828,1.8876,1.9725,2.034,2.0413,2.0075,1.9601,1.7127,1.7167,1.7276,1.7461,1.7716,1.8028,1.8379,1.874,1.9037,1.9158,1.9158,1.9226,1.8535,1.8297,1.8884,1.9331,2.1839,2.5734,2.8818,2.4691,2.2383,2.1461,2.0579,1.9988,2.0274,2.139,2.155,2.0055,1.8725,1.8523,1.953,2.1194,2.223,2.1981,2.1069,2.0149,1.7514,1.7587,1.771,1.7888,1.8115,1.8382,1.867,1.8954,1.919,1.9342,1.9409,1.9356,1.9039,1.8311,1.5425,1.4197,1.9674,2.4369,2.6394,2.299,2.1699,2.079,2.0049,1.9913,2.1378,2.5225,2.6048,2.1393,1.8432,1.8082,1.9965,2.3165,2.4813,2.378,2.1978,2.054,1.7817,1.7905,1.8032,1.8197,1.8397,1.8622,1.8858,1.9085,1.9277,1.941,1.9463,1.9387,1.9064,1.8119,1.5845,1.5289,1.8943,2.1533,2.0999,2.0229,2.0566,1.9765,1.9027,1.8994,2.0546,2.5329,2.6446,1.9209,1.6258,1.6386,1.9229,2.3841,2.5986,2.4387,2.2114,2.0476,1.8054,1.8148,1.827,1.842,1.8594,1.8784,1.8978,1.9162,1.9317,1.9425,1.9462,1.9393,1.9146,1.8618,1.7942,1.8072,1.9359,2.0445,2.0517,2.0204,1.9464,1.8105,1.7253,1.7193,1.7276,1.625,1.1659,1.1508,1.2028,1.293,1.6189,2.0793,2.3229,2.2561,2.1031,1.9807,1.8239,1.8332,1.8446,1.8581,1.8732,1.8892,1.9052,1.9201,1.9327,1.9415,1.9448,1.9408,1.9274,1.9062,1.8906,1.9056,1.9512,1.9881,1.9834,1.9237,1.7719,1.5433,1.4613,1.5271,1.4652,1.1261,0.6517,0.7542,0.66,0.7301,1.1314,1.5863,1.8718,1.9475,1.9198,1.8722,1.8382,1.8471,1.8576,1.8695,1.8825,1.896,1.9093,1.9216,1.9318,1.9392,1.9425,1.9413,1.9355,1.9278,1.9241,1.9302,1.9418,1.9421,1.9106,1.8219,1.6364,1.3716,1.3051,1.4245,1.3713,1.1204,0.8348,0.4695,-0.1723,0.0432,0.6681,1.1849,1.5128,1.6767,1.7398,1.757,1.8491,1.8574,1.8669,1.8774,1.8886,1.9,1.9111,1.9211,1.9296,1.9357,1.9391,1.9393,1.9369,1.9332,1.9303,1.9283,1.9231,1.9048,1.8599,1.7715,1.6261,1.4615,1.4055,1.4285,1.3535,1.1491,0.8379,0.3022,-0.2797,-0.0685,0.5136,0.9912,1.3087,1.4994,1.605,1.6611]}]