docs/data/wind_grid.json
[{"header":{"la1":42.85,"la2":41.18,"lo1":11.55,"lo2":14.05,"nx":36,"ny":24,"dx":0.07143,"dy":0.07261,"parameterCategory":2,"parameterNumber":2,"parameterNumberName":"eastward_wind","parameterUnit":"m.s-1"},"data":[1.6944,1.6956,1.697,1.6987,1.7001,1.7009,1.7001,1.6968,1.6903,1.6797,1.6648,1.6455,1.6217,1.5933,1.5608,1.5253,1.4897,1.4582,1.4357,1.426,1.4301,1.4459,1.4695,1.4971,1.5255,1.5526,1.5776,1.5999,1.6196,1.6367,1.6515,1.6644,1.6755,1.6851,1.6934,1.7006,1.6949,1.6968,1.6994,1.7027,1.7062,1.7093,1.7109,1.7094,1.7033,1.6917,1.6743,1.6513,1.6224,1.587,1.5447,1.4963,1.4453,1.3985,1.3651,1.3526,1.3622,1.3892,1.426,1.4657,1.5041,1.5389,1.5694,1.5957,1.6181,1.6371,1.6532,1.6669,1.6785,1.6884,1.6969,1.7041,1.6949,1.6976,1.7015,1.7067,1.7131,1.7199,1.7255,1.7273,1.7223,1.7093,1.6885,1.6609,1.6262,1.5829,1.5284,1.462,1.3868,1.3139,1.2616,1.2456,1.2677,1.3157,1.374,1.4315,1.483,1.527,1.5636,1.5939,1.6189,1.6396,1.6567,1.6709,1.6828,1.6928,1.7012,1.7083,1.694,1.6975,1.7027,1.7102,1.7202,1.7324,1.745,1.7531,1.7506,1.7346,1.7079,1.6744,1.6339,1.5826,1.5146,1.4241,1.3113,1.1919,1.1037,1.0844,1.135,1.2228,1.3158,1.3979,1.4654,1.5191,1.5618,1.5956,1.6227,1.6445,1.6622,1.6766,1.6884,1.6982,1.7064,1.7132,1.6921,1.6959,1.7021,1.7117,1.7259,1.7457,1.7699,1.7909,1.7934,1.77,1.7321,1.6907,1.6455,1.5885,1.5083,1.3902,1.2224,1.0196,0.8591,0.8402,0.9561,1.1163,1.2599,1.3719,1.4557,1.5183,1.5656,1.6019,1.6301,1.6522,1.6699,1.684,1.6955,1.7048,1.7125,1.7188,1.6887,1.6924,1.6989,1.7097,1.7273,1.7551,1.7959,1.8416,1.8552,1.8136,1.7557,1.7065,1.6603,1.6033,1.5177,1.3774,1.1468,0.815,0.517,0.5115,0.7574,1.0249,1.2257,1.3642,1.4599,1.5275,1.5768,1.6135,1.6415,1.6631,1.6799,1.6932,1.7039,1.7124,1.7193,1.725,1.6839,1.6866,1.6921,1.7024,1.7205,1.7521,1.8054,1.8792,1.9092,1.8407,1.7656,1.7168,1.6773,1.6286,1.55,1.409,1.1499,0.7158,0.2658,0.282,0.6639,1.0103,1.2393,1.3856,1.4822,1.5486,1.596,1.6309,1.657,1.6769,1.6922,1.7041,1.7135,1.7209,1.7268,1.7317,1.6777,1.6785,1.6818,1.689,1.7033,1.7294,1.7745,1.8367,1.8606,1.8061,1.7527,1.7212,1.6969,1.6641,1.6048,1.4917,1.2791,0.9182,0.5326,0.5249,0.8316,1.1193,1.3132,1.4389,1.5229,1.5811,1.6228,1.6534,1.6761,1.6933,1.7063,1.7163,1.724,1.73,1.7347,1.7385,1.6704,1.6688,1.6684,1.6705,1.6772,1.6914,1.7159,1.7454,1.7589,1.749,1.7345,1.7257,1.7204,1.708,1.6733,1.5995,1.4685,1.273,1.0799,1.0408,1.1584,1.307,1.427,1.5143,1.5768,1.6221,1.6553,1.6799,1.6981,1.7117,1.7218,1.7293,1.735,1.7393,1.7426,1.7454,1.6629,1.6582,1.6535,1.6491,1.6462,1.6471,1.6567,1.6815,1.7188,1.7367,1.73,1.734,1.7491,1.7596,1.747,1.7002,1.624,1.5319,1.449,1.4119,1.4331,1.4866,1.5449,1.5956,1.6362,1.6674,1.6911,1.7088,1.7218,1.7312,1.7379,1.7426,1.7459,1.7483,1.7502,1.7517,1.6559,1.6482,1.639,1.6278,1.6141,1.5993,1.5915,1.6211,1.7349,1.7856,1.7323,1.7423,1.7817,1.8219,1.8298,1.7833,1.72,1.6688,1.6321,1.6079,1.6039,1.6195,1.6448,1.6711,1.6942,1.7131,1.7276,1.7384,1.7459,1.7508,1.7538,1.7554,1.7561,1.7565,1.7568,1.7572,1.6503,1.6401,1.6271,1.6099,1.5861,1.5528,1.51,1.4893,1.614,1.7173,1.7079,1.743,1.8061,1.8572,1.9532,1.8494,1.7636,1.7216,1.7076,1.7006,1.7018,1.7112,1.7242,1.7368,1.7478,1.7566,1.7631,1.7672,1.7692,1.7695,1.7684,1.7666,1.7647,1.763,1.7618,1.7612,1.6468,1.6351,1.6198,1.5992,1.5697,1.5256,1.4592,1.3864,1.4546,1.5975,1.6744,1.7341,1.7913,1.9881,2.121,1.8584,1.7664,1.7186,1.7175,1.7422,1.7651,1.7819,1.791,1.7949,1.7964,1.7968,1.7961,1.7941,1.7907,1.7861,1.7807,1.7752,1.7704,1.7666,1.7642,1.7631,1.6458,1.6337,1.6181,1.5975,1.5692,1.5297,1.4776,1.4289,1.4669,1.5735,1.6453,1.73,1.7488,1.6344,1.7965,1.7796,1.7512,1.7365,1.7425,1.7862,1.8306,1.8535,1.8552,1.8483,1.8404,1.8331,1.8259,1.8181,1.8093,1.7995,1.7892,1.7796,1.7716,1.7661,1.763,1.762,1.6473,1.6358,1.6214,1.6035,1.5809,1.5538,1.5259,1.5123,1.5352,1.5704,1.583,1.5978,1.6044,1.522,1.6675,1.7225,1.7168,1.7546,1.7963,1.8598,1.9284,1.9444,1.9219,1.8975,1.879,1.8644,1.8515,1.8384,1.8242,1.8086,1.7924,1.7776,1.7662,1.7593,1.7567,1.7571,1.651,1.6407,1.6285,1.6142,1.5979,1.581,1.5672,1.5621,1.5646,1.5532,1.5127,1.4332,1.4858,1.5578,1.642,1.7166,1.7322,1.7806,1.8429,1.94,2.061,2.0457,1.98,1.9378,1.9102,1.8895,1.8719,1.8544,1.8347,1.8123,1.7883,1.7663,1.7507,1.7437,1.7438,1.7478,1.6565,1.6477,1.6378,1.6268,1.6152,1.6042,1.5953,1.5886,1.5789,1.5539,1.5156,1.4835,1.3912,1.3651,1.6255,1.7574,1.8012,1.8245,1.8551,1.9572,2.0816,2.0662,2.0075,1.9651,1.932,1.906,1.8856,1.8654,1.8409,1.8102,1.7746,1.7414,1.7207,1.7165,1.7233,1.7343,1.6632,1.656,1.6482,1.6399,1.6316,1.6238,1.6167,1.6093,1.5981,1.5792,1.5548,1.5194,1.3984,1.4046,1.7671,1.9342,1.9046,1.8284,1.7379,1.9382,2.0422,2.05,2.0249,1.9868,1.9441,1.9103,1.8909,1.8715,1.8433,1.8033,1.7511,1.6999,1.6734,1.6777,1.6974,1.7189,1.6707,1.665,1.6591,1.653,1.6472,1.6416,1.6364,1.6308,1.6234,1.6139,1.604,1.5956,1.6034,1.7441,2.1592,2.304,2.0444,1.932,1.9166,2.1874,2.1657,2.1125,2.0716,2.0172,1.9492,1.9012,1.89,1.8714,1.8409,1.7949,1.7249,1.6509,1.6198,1.6385,1.6745,1.7068,1.6787,1.6745,1.6702,1.666,1.6622,1.6589,1.656,1.6536,1.6517,1.6515,1.6566,1.6756,1.7327,1.8832,2.152,2.2387,2.0986,2.127,2.4656,2.6329,2.3334,2.2171,2.1618,2.0764,1.9654,1.8956,1.8846,1.8514,1.8288,1.7905,1.7169,1.6325,1.5996,1.6254,1.6681,1.7045,1.687,1.6841,1.6813,1.6788,1.6769,1.6757,1.6754,1.6765,1.6797,1.6869,1.7021,1.7327,1.7915,1.8908,2.0088,2.068,2.082,2.1705,2.3685,2.4502,2.365,2.3625,2.3442,2.2035,2.0134,1.8676,1.7705,1.7788,1.8065,1.793,1.7381,1.6699,1.638,1.6524,1.6847,1.715,1.6954,1.6936,1.6922,1.6913,1.6911,1.6919,1.694,1.6981,1.7052,1.7172,1.7369,1.7688,1.8174,1.8824,1.9512,2.0068,2.0595,2.1394,2.2432,2.3264,2.4354,2.6523,2.7075,2.4283,2.1,1.8491,1.7034,1.7415,1.798,1.8033,1.7711,1.7269,1.7,1.7002,1.716,1.7349,1.7037,1.703,1.7028,1.7032,1.7046,1.7071,1.7113,1.7177,1.7274,1.7418,1.7627,1.7924,1.832,1.8801,1.9319,1.9839,2.0407,2.1111,2.1979,2.3134,2.5245,2.8694,2.9628,2.5945,2.2016,1.9386,1.8105,1.8008,1.8218,1.8226,1.8021,1.7738,1.7527,1.7456,1.7494,1.7581,1.7118,1.7121,1.7129,1.7145,1.7171,1.7211,1.7268,1.7349,1.7461,1.7614,1.782,1.8089,1.8424,1.8817,1.9252,1.9726,2.0263,2.0908,2.1732,2.2907,2.4743,2.6968,2.7425,2.5165,2.2361,2.0311,1.9176,1.8739,1.8602,1.8479,1.8294,1.8083,1.7909,1.7811,1.7784,1.7801]},{"header":{"la1":42.85,"la2":41.18,"lo1":11.55,"lo2":14.05,"nx":36,"ny":24,"dx":0.07143,"dy":0.07261,"parameterCategory":2,"parameterNumber":3,"parameterNumberName":"northward_wind","parameterUnit":"m.s-1"},"data":[0.9744,0.995,1.0172,1.0405,1.0635,1.0844,1.1001,1.1079,1.1057,1.0939,1.0753,1.0537,1.0329,1.0155,1.0026,0.9942,0.989,0.9847,0.9784,0.9677,0.9514,0.9303,0.906,0.8805,0.8554,0.8319,0.8103,0.791,0.7739,0.7589,0.7458,0.7344,0.7244,0.7157,0.7081,0.7014,0.9844,1.0089,1.0364,1.0667,1.0987,1.1295,1.1546,1.1682,1.1658,1.1476,1.1187,1.0865,1.0574,1.035,1.0209,1.0146,1.0141,1.0155,1.0137,1.0039,0.9844,0.957,0.9254,0.893,0.8622,0.8342,0.8095,0.788,0.7694,0.7535,0.7398,0.7281,0.718,0.7094,0.7019,0.6954,0.9925,1.021,1.0546,1.0938,1.1383,1.185,1.2269,1.2526,1.2511,1.2211,1.1737,1.1239,1.0822,1.0533,1.0382,1.0361,1.0445,1.0572,1.0645,1.0565,1.0307,0.992,0.9485,0.9061,0.8678,0.8347,0.8066,0.7829,0.763,0.7464,0.7324,0.7206,0.7107,0.7022,0.695,0.6888,0.9975,1.0298,1.0695,1.1189,1.1798,1.2512,1.3241,1.3763,1.3794,1.3263,1.2438,1.1645,1.105,1.0681,1.0526,1.0576,1.0815,1.116,1.1417,1.1366,1.0966,1.0369,0.9742,0.9179,0.8706,0.8319,0.8005,0.7751,0.7543,0.7374,0.7234,0.7119,0.7022,0.6942,0.6874,0.6817,0.9984,1.0333,1.0779,1.1368,1.2162,1.322,1.4499,1.5623,1.5821,1.4792,1.3279,1.2023,1.1209,1.0764,1.0616,1.0761,1.1236,1.1984,1.2626,1.2603,1.1874,1.0887,0.9977,0.9244,0.8676,0.824,0.7903,0.7638,0.7429,0.7262,0.7127,0.7017,0.6928,0.6853,0.6792,0.674,0.9944,1.0297,1.0762,1.1404,1.234,1.3757,1.5837,1.8205,1.892,1.6785,1.4043,1.2217,1.1232,1.0759,1.0628,1.085,1.1589,1.2963,1.4345,1.4309,1.2901,1.1317,1.0078,0.9189,0.8554,0.8092,0.7748,0.7487,0.7286,0.7128,0.7004,0.6904,0.6824,0.6758,0.6704,0.666,0.9851,1.0185,1.0622,1.1235,1.2165,1.3697,1.6332,2.0164,2.1776,1.7996,1.4044,1.1989,1.1074,1.068,1.0566,1.0766,1.1581,1.3427,1.5629,1.5524,1.3359,1.1302,0.9883,0.8945,0.8308,0.7861,0.7537,0.7297,0.7114,0.6974,0.6866,0.678,0.6712,0.6657,0.6613,0.6577,0.9714,1.0006,1.0374,1.0869,1.1591,1.2757,1.4775,1.7793,1.8946,1.5628,1.2596,1.1271,1.0807,1.0625,1.0514,1.0532,1.1001,1.2375,1.419,1.4145,1.2308,1.0531,0.93,0.8485,0.7935,0.755,0.7273,0.707,0.6919,0.6804,0.6716,0.6649,0.6596,0.6554,0.6521,0.6493,0.9548,0.9787,1.0068,1.0405,1.0819,1.1349,1.2016,1.2591,1.2199,1.0915,1.03,1.0398,1.0669,1.08,1.0662,1.0343,1.0155,1.0446,1.1049,1.1027,1.0185,0.9202,0.8422,0.7861,0.7462,0.7177,0.697,0.6818,0.6706,0.6623,0.6561,0.6515,0.6479,0.6452,0.643,0.6412,0.937,0.9563,0.977,0.998,1.0162,1.0237,1.0007,0.9031,0.7034,0.6267,0.8064,0.9848,1.0989,1.1513,1.1289,1.0442,0.9423,0.8697,0.8429,0.834,0.8126,0.7796,0.7459,0.7171,0.6945,0.6773,0.6647,0.6554,0.6488,0.6441,0.6408,0.6384,0.6368,0.6355,0.6345,0.6336,0.9192,0.9353,0.952,0.9678,0.9798,0.9803,0.9482,0.8054,0.3443,0.1246,0.6614,1.0015,1.2029,1.3175,1.275,1.0939,0.871,0.6854,0.6066,0.6181,0.6457,0.658,0.6572,0.6508,0.6436,0.6373,0.6327,0.6296,0.6278,0.6268,0.6265,0.6265,0.6267,0.6269,0.627,0.6269,0.9018,0.9162,0.9318,0.9489,0.9681,0.9918,1.0224,1.0164,0.6825,0.43,0.7864,1.09,1.3479,1.6054,1.5252,1.158,0.7555,0.3811,0.2911,0.4166,0.5152,0.563,0.5837,0.5928,0.5973,0.6005,0.6033,0.6061,0.6089,0.6117,0.6143,0.6166,0.6185,0.62,0.621,0.6216,0.8843,0.8976,0.9133,0.9331,0.9612,1.0074,1.09,1.1983,1.0803,0.8801,0.9623,1.1871,1.3648,1.734,1.6553,1.1175,0.6133,-0.0364,-0.0597,0.2792,0.4352,0.4981,0.5276,0.5451,0.558,0.5689,0.5783,0.5866,0.5938,0.6,0.6052,0.6096,0.6131,0.6156,0.6172,0.618,0.8661,0.878,0.8927,0.9123,0.941,0.9865,1.0559,1.1286,1.066,0.9239,0.961,1.2644,1.3703,1.2736,1.1929,0.9039,0.5817,0.2013,0.1236,0.3112,0.4153,0.4614,0.4872,0.5077,0.5266,0.5443,0.56,0.5732,0.5841,0.593,0.6005,0.6067,0.6114,0.6145,0.6162,0.6167,0.8467,0.8564,0.8683,0.8837,0.9045,0.9323,0.9627,0.9699,0.9038,0.7911,0.7421,0.8337,0.9133,0.734,0.8839,0.6652,0.5072,0.4457,0.3631,0.3815,0.4238,0.4455,0.4595,0.4792,0.5038,0.529,0.5512,0.5685,0.5817,0.5922,0.6014,0.6091,0.6148,0.618,0.6188,0.6181,0.8263,0.8331,0.8408,0.8497,0.8594,0.8675,0.8659,0.8368,0.757,0.6107,0.3985,0.4363,0.5524,0.6674,0.6678,0.5731,0.4972,0.4263,0.3554,0.3798,0.4568,0.4542,0.4408,0.4575,0.491,0.5276,0.5571,0.5762,0.5885,0.5985,0.6086,0.6181,0.6247,0.6272,0.6259,0.6226,0.8053,0.8087,0.8119,0.8143,0.8142,0.8083,0.7899,0.7484,0.6717,0.5479,0.4007,0.4238,0.3007,0.2218,0.43,0.4338,0.3761,0.2507,0.1642,0.2829,0.451,0.4417,0.4144,0.4383,0.4924,0.5502,0.5874,0.6013,0.6057,0.6115,0.6221,0.6348,0.6431,0.6433,0.6377,0.6299,0.7843,0.7846,0.7837,0.7806,0.7737,0.76,0.7353,0.6944,0.6341,0.5577,0.4861,0.4168,0.2265,0.161,0.2206,0.1819,0.186,-0.0094,-0.2275,0.0763,0.2803,0.3394,0.3607,0.4167,0.5148,0.6146,0.6565,0.6472,0.6317,0.6284,0.6401,0.6593,0.6704,0.6661,0.6528,0.6385,0.7639,0.7615,0.7573,0.7504,0.7392,0.7219,0.696,0.6595,0.6121,0.5567,0.4968,0.4231,0.3228,0.2072,-0.078,-0.1977,0.0522,-0.0048,-0.1057,0.0851,0.1774,0.2298,0.2786,0.3787,0.5476,0.7201,0.7574,0.7006,0.6592,0.6442,0.6567,0.6856,0.7002,0.6887,0.6662,0.6451,0.7446,0.74,0.7334,0.7238,0.7103,0.6916,0.6664,0.6337,0.5937,0.547,0.4929,0.4264,0.3379,0.1973,-0.0438,-0.1197,0.0536,0.1006,0.1462,0.1788,0.1316,0.1025,0.1321,0.279,0.5221,0.7412,0.7809,0.7284,0.6818,0.6548,0.6627,0.695,0.7113,0.6962,0.6695,0.6455,0.7267,0.7204,0.712,0.7008,0.6861,0.667,0.6429,0.6131,0.5775,0.5358,0.4867,0.427,0.3505,0.2492,0.1388,0.0965,0.1254,0.1384,0.1415,0.1261,0.0091,-0.1705,-0.1997,0.0413,0.3977,0.673,0.809,0.7829,0.705,0.6582,0.6536,0.6759,0.6897,0.6797,0.6583,0.6376,0.7102,0.7027,0.6931,0.6809,0.6657,0.6468,0.6237,0.5961,0.5637,0.5259,0.4819,0.4301,0.3688,0.3,0.2359,0.1956,0.1746,0.148,0.101,-0.0041,-0.2817,-0.7511,-0.8722,-0.376,0.2114,0.6486,0.8826,0.8204,0.7068,0.6481,0.6338,0.6434,0.6526,0.6491,0.6368,0.6228,0.6953,0.6868,0.6765,0.6638,0.6484,0.6299,0.6079,0.5822,0.5524,0.5181,0.479,0.4346,0.3852,0.3331,0.2838,0.2412,0.2003,0.147,0.0579,-0.1235,-0.5226,-1.1667,-1.3377,-0.6821,0.0145,0.4774,0.6979,0.709,0.654,0.6168,0.6059,0.6101,0.6165,0.6172,0.6122,0.6048,0.6818,0.6727,0.6619,0.649,0.6337,0.6158,0.5949,0.5708,0.5434,0.5123,0.4775,0.439,0.3973,0.3538,0.3101,0.2658,0.216,0.1492,0.0436,-0.1428,-0.4661,-0.8653,-0.9488,-0.5514,-0.0581,0.3018,0.4983,0.567,0.5748,0.5708,0.572,0.5782,0.585,0.5888,0.5888,0.5866]}]