docs/data/wind_grid.json
[{"header":{"la1":42.85,"la2":41.18,"lo1":11.55,"lo2":14.05,"nx":36,"ny":24,"dx":0.07143,"dy":0.07261,"parameterCategory":2,"parameterNumber":2,"parameterNumberName":"eastward_wind","parameterUnit":"m.s-1"},"data":[-0.1517,-0.1617,-0.1728,-0.1845,-0.196,-0.206,-0.2126,-0.2138,-0.2084,-0.1961,-0.1784,-0.1573,-0.1349,-0.1124,-0.0907,-0.0702,-0.0517,-0.0361,-0.0249,-0.0188,-0.0179,-0.0214,-0.0278,-0.0357,-0.044,-0.0521,-0.0595,-0.0662,-0.0722,-0.0773,-0.0818,-0.0857,-0.089,-0.0918,-0.0942,-0.0962,-0.1563,-0.1687,-0.1831,-0.1991,-0.2161,-0.2323,-0.2447,-0.2496,-0.2439,-0.2273,-0.2024,-0.1735,-0.1437,-0.1149,-0.0874,-0.0612,-0.0367,-0.0159,-0.001,0.0058,0.0046,-0.0029,-0.0138,-0.0258,-0.0375,-0.0481,-0.0575,-0.0655,-0.0724,-0.0783,-0.0833,-0.0875,-0.091,-0.0939,-0.0963,-0.0983,-0.16,-0.1748,-0.1929,-0.2144,-0.2392,-0.2654,-0.2885,-0.3012,-0.2961,-0.2719,-0.2348,-0.1936,-0.1538,-0.1173,-0.0829,-0.0492,-0.0163,0.0133,0.0343,0.0419,0.0361,0.0213,0.003,-0.0151,-0.0312,-0.0449,-0.0563,-0.0658,-0.0736,-0.0801,-0.0855,-0.0899,-0.0935,-0.0965,-0.0989,-0.1008,-0.1619,-0.179,-0.2009,-0.2288,-0.264,-0.3057,-0.3485,-0.3782,-0.3764,-0.3378,-0.278,-0.217,-0.164,-0.1189,-0.0774,-0.0349,0.0107,0.0557,0.0884,0.0965,0.0805,0.0519,0.0217,-0.0047,-0.0261,-0.0431,-0.0566,-0.0673,-0.0759,-0.0829,-0.0885,-0.0931,-0.0967,-0.0997,-0.102,-0.1038,-0.1614,-0.1801,-0.205,-0.239,-0.2859,-0.3494,-0.4271,-0.4953,-0.5049,-0.4351,-0.3313,-0.2397,-0.1714,-0.1191,-0.0722,-0.0208,0.0427,0.1156,0.1723,0.1797,0.1407,0.087,0.0394,0.0029,-0.024,-0.0439,-0.0589,-0.0705,-0.0796,-0.0868,-0.0926,-0.0971,-0.1007,-0.1035,-0.1056,-0.1071,-0.1579,-0.1769,-0.2031,-0.2405,-0.2966,-0.3829,-0.5112,-0.6584,-0.702,-0.5631,-0.3804,-0.2511,-0.171,-0.1169,-0.0697,-0.013,0.0701,0.1863,0.2903,0.2925,0.2077,0.1165,0.0493,0.0041,-0.0266,-0.0481,-0.0638,-0.0757,-0.0849,-0.0921,-0.0977,-0.1021,-0.1054,-0.1079,-0.1097,-0.1109,-0.1513,-0.1691,-0.1937,-0.2296,-0.2856,-0.3797,-0.5431,-0.7822,-0.8833,-0.6416,-0.3808,-0.2344,-0.158,-0.1117,-0.0722,-0.02,0.0693,0.2198,0.3776,0.3719,0.2383,0.119,0.0424,-0.005,-0.0355,-0.0564,-0.0716,-0.0831,-0.0919,-0.0988,-0.1041,-0.1081,-0.111,-0.113,-0.1143,-0.115,-0.1421,-0.1572,-0.1776,-0.2064,-0.2501,-0.3222,-0.4478,-0.6355,-0.7064,-0.494,-0.2887,-0.1836,-0.1332,-0.1048,-0.0804,-0.0448,0.0228,0.1453,0.2813,0.284,0.1757,0.0772,0.0139,-0.0252,-0.0507,-0.0686,-0.0821,-0.0925,-0.1007,-0.107,-0.1117,-0.1151,-0.1173,-0.1186,-0.1193,-0.1195,-0.131,-0.1428,-0.1577,-0.177,-0.2023,-0.2362,-0.2803,-0.3194,-0.2974,-0.2106,-0.147,-0.1182,-0.1056,-0.0991,-0.0923,-0.0791,-0.0492,0.0077,0.0728,0.0881,0.0502,0.0048,-0.0292,-0.0527,-0.07,-0.0835,-0.0947,-0.1039,-0.1112,-0.1168,-0.1207,-0.1232,-0.1245,-0.1249,-0.1247,-0.1241,-0.1193,-0.128,-0.1381,-0.1494,-0.1609,-0.1685,-0.1612,-0.1149,-0.0155,0.0326,-0.0212,-0.0657,-0.0875,-0.0993,-0.1059,-0.1122,-0.1187,-0.1158,-0.0972,-0.0761,-0.0669,-0.0678,-0.0734,-0.0811,-0.0901,-0.0995,-0.1087,-0.1169,-0.1235,-0.1282,-0.131,-0.1323,-0.1323,-0.1315,-0.1302,-0.1287,-0.1077,-0.1139,-0.121,-0.1288,-0.1364,-0.1414,-0.133,-0.0663,0.1511,0.2503,0.0555,-0.0426,-0.0874,-0.1126,-0.1197,-0.138,-0.1841,-0.2373,-0.2462,-0.2044,-0.1559,-0.1236,-0.108,-0.1042,-0.1078,-0.1153,-0.1239,-0.1319,-0.1379,-0.1416,-0.1429,-0.1424,-0.1405,-0.1381,-0.1354,-0.1329,-0.0966,-0.1012,-0.1067,-0.114,-0.1249,-0.1449,-0.186,-0.2139,-0.0022,0.1338,0.0267,-0.0464,-0.1017,-0.1652,-0.1262,-0.1504,-0.2587,-0.4258,-0.4501,-0.3246,-0.2165,-0.1549,-0.1262,-0.118,-0.1214,-0.1304,-0.1407,-0.1496,-0.1553,-0.1574,-0.1564,-0.1532,-0.1488,-0.1441,-0.1398,-0.1361,-0.086,-0.0892,-0.0936,-0.1007,-0.1137,-0.1416,-0.2117,-0.4756,-0.1087,-0.0199,-0.0151,-0.0515,-0.085,-0.1431,-0.0853,-0.1524,-0.3224,-0.691,-0.694,-0.3975,-0.2295,-0.1523,-0.1234,-0.1205,-0.1309,-0.1463,-0.1612,-0.172,-0.1771,-0.1765,-0.1716,-0.1642,-0.156,-0.1485,-0.1423,-0.1377,-0.0757,-0.0774,-0.0803,-0.0853,-0.0946,-0.1109,-0.1267,-0.0627,-0.0386,-0.0136,0.0003,-0.0541,-0.0725,-0.0111,-0.0697,-0.1704,-0.3132,-0.5133,-0.5288,-0.3137,-0.1678,-0.1061,-0.0969,-0.1131,-0.1395,-0.1671,-0.1895,-0.2027,-0.2056,-0.1997,-0.188,-0.1738,-0.1603,-0.1493,-0.1414,-0.1364,-0.0657,-0.0658,-0.0664,-0.068,-0.0707,-0.0736,-0.0697,-0.0472,-0.0085,0.0461,0.0831,0.06,0.0172,-0.0002,-0.0486,-0.2537,-0.4461,-0.3207,-0.2557,-0.1426,-0.0355,-0.0125,-0.0499,-0.1018,-0.1544,-0.2007,-0.2331,-0.2472,-0.244,-0.2276,-0.204,-0.179,-0.1579,-0.1432,-0.1347,-0.1308,-0.0562,-0.0546,-0.0528,-0.0507,-0.0476,-0.0416,-0.0285,-0.002,0.0455,0.1252,0.2373,0.1882,0.141,0.0732,0.0018,-0.1884,-0.3451,-0.2101,-0.1074,-0.0009,0.1352,0.1079,-0.0031,-0.1012,-0.1886,-0.2605,-0.3041,-0.3139,-0.2959,-0.2599,-0.2157,-0.1736,-0.1424,-0.1253,-0.1193,-0.1196,-0.0474,-0.0443,-0.0404,-0.0353,-0.028,-0.0169,0.0012,0.0305,0.0768,0.1475,0.2303,0.209,0.289,0.3334,0.1304,0.0053,-0.0659,-0.0401,0.0064,0.0526,0.1594,0.1241,-0.0034,-0.1309,-0.2589,-0.3672,-0.4207,-0.4127,-0.3643,-0.2944,-0.2164,-0.1473,-0.1039,-0.0894,-0.0929,-0.1025,-0.0396,-0.0352,-0.0297,-0.0226,-0.013,0.0004,0.0196,0.0467,0.0835,0.1282,0.1686,0.2061,0.3258,0.3557,0.238,0.188,0.0933,0.0675,0.0917,0.0642,0.0662,0.0391,-0.0512,-0.1926,-0.3747,-0.5426,-0.6005,-0.5466,-0.4471,-0.3278,-0.1987,-0.0883,-0.0333,-0.0332,-0.0571,-0.0821,-0.0329,-0.0276,-0.0212,-0.013,-0.0024,0.0113,0.0294,0.0525,0.0806,0.1118,0.1434,0.1802,0.2287,0.2656,0.3797,0.4338,0.2011,0.0975,0.0889,0.0744,0.0492,0.0039,-0.0871,-0.252,-0.5006,-0.7561,-0.8085,-0.6817,-0.5308,-0.3606,-0.1697,-0.0067,0.0547,0.0269,-0.0241,-0.0655,-0.0274,-0.0217,-0.0147,-0.0062,0.0044,0.0175,0.0336,0.0528,0.0749,0.0989,0.1244,0.1527,0.1867,0.2395,0.3506,0.3788,0.2124,0.1104,0.0905,0.0926,0.0625,0.0173,-0.0734,-0.2561,-0.5365,-0.8064,-0.8561,-0.7554,-0.6036,-0.4027,-0.171,0.0249,0.0894,0.0476,-0.0149,-0.0622,-0.0231,-0.0172,-0.0101,-0.0017,0.0083,0.0203,0.0343,0.0504,0.0682,0.0873,0.1076,0.1298,0.156,0.1909,0.2298,0.2255,0.1627,0.1076,0.0887,0.0861,0.085,0.0897,0.0329,-0.1663,-0.4754,-0.7626,-0.9413,-0.8783,-0.6799,-0.4572,-0.2312,-0.0508,0.0211,0.0035,-0.0396,-0.0762,-0.02,-0.0141,-0.0072,0.0008,0.0101,0.0208,0.0328,0.0462,0.0607,0.0761,0.092,0.1088,0.1267,0.1449,0.1568,0.1497,0.1237,0.0984,0.0886,0.099,0.1538,0.2754,0.2901,0.0248,-0.3723,-0.7774,-1.0661,-0.9574,-0.7113,-0.4924,-0.3035,-0.1602,-0.0859,-0.0713,-0.0841,-0.1015,-0.0178,-0.0121,-0.0056,0.0019,0.0103,0.0196,0.03,0.0411,0.053,0.0652,0.0775,0.0897,0.1013,0.1106,0.1144,0.1094,0.0977,0.0877,0.0896,0.1195,0.2184,0.417,0.4747,0.173,-0.2368,-0.6013,-0.8153,-0.7882,-0.6377,-0.4786,-0.3401,-0.2332,-0.1663,-0.1356,-0.1273,-0.1285,-0.0165,-0.0111,-0.005,0.0018,0.0092,0.0174,0.0262,0.0355,0.0451,0.0547,0.0641,0.0728,0.0803,0.0853,0.0866,0.0837,0.0785,0.076,0.084,0.1162,0.1943,0.3092,0.3221,0.1278,-0.1539,-0.4043,-0.5551,-0.5799,-0.5191,-0.4286,-0.3388,-0.2636,-0.2094,-0.1762,-0.1586,-0.1503]},{"header":{"la1":42.85,"la2":41.18,"lo1":11.55,"lo2":14.05,"nx":36,"ny":24,"dx":0.07143,"dy":0.07261,"parameterCategory":2,"parameterNumber":3,"parameterNumberName":"northward_wind","parameterUnit":"m.s-1"},"data":[-0.6672,-0.6612,-0.6538,-0.645,-0.635,-0.6242,-0.6132,-0.6026,-0.5926,-0.5824,-0.5708,-0.5562,-0.5375,-0.514,-0.4861,-0.455,-0.4231,-0.394,-0.3712,-0.3576,-0.3537,-0.3583,-0.3686,-0.3819,-0.3963,-0.4104,-0.4237,-0.436,-0.4472,-0.4573,-0.4666,-0.4752,-0.4831,-0.4903,-0.4971,-0.5033,-0.6741,-0.6676,-0.6593,-0.6489,-0.6367,-0.6232,-0.6097,-0.5976,-0.5878,-0.5792,-0.5696,-0.5559,-0.536,-0.5087,-0.474,-0.4333,-0.39,-0.3496,-0.3188,-0.3029,-0.3026,-0.3145,-0.3333,-0.3545,-0.3753,-0.3944,-0.4114,-0.4263,-0.4396,-0.4513,-0.4619,-0.4714,-0.4802,-0.4882,-0.4955,-0.5023,-0.6821,-0.6753,-0.6659,-0.6533,-0.6377,-0.6196,-0.6012,-0.5859,-0.5764,-0.5717,-0.567,-0.5566,-0.5366,-0.5052,-0.462,-0.4079,-0.3467,-0.2875,-0.2433,-0.2249,-0.2331,-0.259,-0.2919,-0.3247,-0.3539,-0.3788,-0.3998,-0.4175,-0.4327,-0.446,-0.4577,-0.4683,-0.4779,-0.4866,-0.4946,-0.5019,-0.6916,-0.6847,-0.6742,-0.6592,-0.6387,-0.6128,-0.5845,-0.5612,-0.5515,-0.5555,-0.5619,-0.559,-0.5407,-0.5054,-0.4521,-0.3799,-0.2913,-0.1991,-0.1302,-0.11,-0.1377,-0.1902,-0.2459,-0.2944,-0.3337,-0.3649,-0.3897,-0.41,-0.427,-0.4416,-0.4545,-0.466,-0.4763,-0.4858,-0.4944,-0.5022,-0.7029,-0.6965,-0.6857,-0.6684,-0.6421,-0.6043,-0.5566,-0.513,-0.4997,-0.5233,-0.5538,-0.5649,-0.5504,-0.5119,-0.4483,-0.3545,-0.226,-0.0757,0.0419,0.0604,-0.0119,-0.1124,-0.2009,-0.2682,-0.3176,-0.3542,-0.3822,-0.4044,-0.4227,-0.4384,-0.4522,-0.4645,-0.4757,-0.4859,-0.4951,-0.5035,-0.7163,-0.7113,-0.7015,-0.6838,-0.653,-0.6016,-0.5229,-0.4324,-0.4029,-0.4715,-0.5483,-0.5789,-0.5682,-0.5269,-0.4557,-0.3433,-0.1695,0.0696,0.2785,0.2853,0.1255,-0.0449,-0.1693,-0.2526,-0.3088,-0.3484,-0.3779,-0.4009,-0.42,-0.4364,-0.451,-0.4641,-0.4761,-0.487,-0.4969,-0.5058,-0.7316,-0.7294,-0.7228,-0.7082,-0.679,-0.6226,-0.5186,-0.3651,-0.301,-0.441,-0.5689,-0.609,-0.5954,-0.551,-0.4782,-0.3617,-0.1666,0.1415,0.4498,0.4399,0.1919,-0.0269,-0.1669,-0.2535,-0.3094,-0.348,-0.3767,-0.3995,-0.4187,-0.4356,-0.4509,-0.4649,-0.4777,-0.4894,-0.5,-0.5094,-0.7483,-0.7503,-0.7492,-0.7423,-0.7241,-0.6836,-0.6015,-0.4721,-0.4207,-0.5497,-0.6474,-0.6598,-0.6293,-0.5797,-0.5123,-0.412,-0.248,0.0098,0.2741,0.283,0.0904,-0.0853,-0.1995,-0.2711,-0.3184,-0.352,-0.378,-0.3995,-0.4184,-0.4357,-0.4518,-0.4668,-0.4807,-0.4934,-0.5047,-0.5147,-0.7655,-0.7723,-0.7785,-0.7827,-0.7825,-0.7738,-0.7524,-0.7276,-0.7404,-0.7817,-0.7729,-0.7205,-0.6597,-0.6031,-0.5457,-0.472,-0.364,-0.2163,-0.0759,-0.0399,-0.1041,-0.1865,-0.2512,-0.2974,-0.3312,-0.3576,-0.3799,-0.3998,-0.4185,-0.4365,-0.4537,-0.4701,-0.4854,-0.4993,-0.5116,-0.5221,-0.7817,-0.7934,-0.807,-0.8228,-0.8413,-0.8635,-0.8925,-0.9424,-1.0309,-1.0489,-0.911,-0.7679,-0.6698,-0.607,-0.5636,-0.516,-0.4481,-0.3654,-0.2915,-0.2523,-0.252,-0.2722,-0.297,-0.3204,-0.3416,-0.3613,-0.3804,-0.3993,-0.4184,-0.4376,-0.4568,-0.4753,-0.4925,-0.5079,-0.5212,-0.5322,-0.7955,-0.8114,-0.831,-0.8561,-0.8893,-0.9339,-0.9908,-1.0648,-1.2479,-1.3439,-1.008,-0.7731,-0.6435,-0.574,-0.5558,-0.5371,-0.4853,-0.417,-0.3657,-0.3368,-0.3218,-0.3174,-0.3212,-0.3308,-0.3441,-0.3598,-0.3774,-0.3966,-0.4173,-0.4391,-0.4613,-0.4829,-0.5028,-0.5203,-0.5347,-0.5459,-0.8059,-0.8244,-0.8476,-0.8781,-0.9196,-0.9787,-1.0644,-1.1437,-1.1563,-1.1898,-0.9365,-0.7262,-0.5891,-0.4688,-0.5272,-0.5497,-0.4885,-0.3791,-0.3369,-0.3427,-0.335,-0.3231,-0.3189,-0.3239,-0.3354,-0.3509,-0.3694,-0.3907,-0.4147,-0.4408,-0.4679,-0.4942,-0.518,-0.538,-0.5535,-0.5645,-0.8124,-0.8317,-0.8558,-0.8866,-0.9277,-0.9851,-1.077,-1.3668,-0.9857,-0.9561,-0.8186,-0.6506,-0.5777,-0.4781,-0.565,-0.5838,-0.4952,-0.2648,-0.2491,-0.3201,-0.312,-0.2918,-0.2875,-0.2975,-0.3142,-0.3336,-0.3554,-0.3807,-0.4101,-0.4432,-0.4779,-0.5113,-0.5406,-0.5637,-0.5798,-0.5897,-0.8149,-0.8336,-0.8561,-0.8835,-0.9166,-0.9543,-0.9795,-0.8959,-0.8889,-0.8895,-0.7917,-0.5723,-0.5207,-0.7751,-0.6784,-0.6637,-0.6063,-0.3942,-0.3174,-0.3047,-0.2423,-0.2076,-0.2201,-0.2513,-0.2817,-0.308,-0.3342,-0.365,-0.4029,-0.4468,-0.4936,-0.538,-0.575,-0.6015,-0.617,-0.6234,-0.8141,-0.8312,-0.8509,-0.8731,-0.8972,-0.9193,-0.9291,-0.9175,-0.9082,-0.9049,-0.8901,-0.8282,-0.7814,-0.8032,-0.7612,-0.7725,-0.8502,-0.6011,-0.3935,-0.2223,-0.0527,-0.027,-0.1119,-0.1921,-0.2424,-0.2741,-0.303,-0.3406,-0.3912,-0.4526,-0.5188,-0.5804,-0.6283,-0.6575,-0.6691,-0.6681,-0.8108,-0.8259,-0.8425,-0.8603,-0.878,-0.8932,-0.9027,-0.9075,-0.919,-0.9608,-1.0518,-1.0628,-0.995,-0.8998,-0.8326,-0.7843,-0.789,-0.5714,-0.3234,-0.0455,0.3185,0.2503,-0.0005,-0.1429,-0.2035,-0.2283,-0.2535,-0.3001,-0.3715,-0.4617,-0.5596,-0.6489,-0.7118,-0.7404,-0.7408,-0.7251,-0.8057,-0.8188,-0.8328,-0.8473,-0.8614,-0.8742,-0.8856,-0.8988,-0.9233,-0.975,-1.0492,-1.0611,-1.2363,-1.3156,-0.9509,-0.7652,-0.6087,-0.3525,-0.1258,0.0202,0.3675,0.2766,0.0015,-0.1334,-0.1652,-0.1544,-0.1651,-0.2301,-0.3391,-0.4755,-0.6249,-0.7592,-0.8413,-0.8595,-0.8344,-0.793,-0.7994,-0.8108,-0.8227,-0.8348,-0.8468,-0.8587,-0.8713,-0.8873,-0.9118,-0.9489,-0.9927,-1.0588,-1.2802,-1.3146,-0.9597,-0.7737,-0.5274,-0.0547,0.3066,0.0026,-0.0109,-0.0196,-0.115,-0.1591,-0.1114,-0.0145,0.0002,-0.1183,-0.2941,-0.4953,-0.72,-0.9239,-1.0265,-1.013,-0.9417,-0.8633,-0.7924,-0.8022,-0.8124,-0.8227,-0.8333,-0.8441,-0.8562,-0.8711,-0.8909,-0.9167,-0.9482,-0.992,-1.0434,-1.0011,-0.8893,-0.8637,-0.5833,-0.1513,0.0676,-0.239,-0.2611,-0.2399,-0.24,-0.1993,-0.0491,0.2032,0.2531,-0.0008,-0.2608,-0.5181,-0.8222,-1.1102,-1.2262,-1.1599,-1.0326,-0.9177,-0.7848,-0.7933,-0.802,-0.8108,-0.8199,-0.8293,-0.8396,-0.8516,-0.8659,-0.8822,-0.8996,-0.9149,-0.9154,-0.8823,-0.8527,-0.8247,-0.6242,-0.4186,-0.4882,-0.5747,-0.43,-0.3843,-0.3574,-0.2754,-0.0869,0.2209,0.2841,-0.0534,-0.2889,-0.5324,-0.8572,-1.18,-1.2991,-1.2093,-1.0616,-0.9351,-0.7769,-0.7841,-0.7915,-0.7989,-0.8064,-0.8141,-0.8221,-0.8306,-0.8396,-0.8481,-0.8544,-0.8547,-0.843,-0.8168,-0.7827,-0.7251,-0.6152,-0.5151,-0.509,-0.5236,-0.5019,-0.5201,-0.5117,-0.4132,-0.2629,-0.181,-0.3076,-0.3274,-0.3699,-0.531,-0.7889,-1.0515,-1.167,-1.1197,-1.0114,-0.9085,-0.7688,-0.7749,-0.781,-0.787,-0.7929,-0.7987,-0.8043,-0.8096,-0.8141,-0.8168,-0.816,-0.8093,-0.7937,-0.768,-0.7314,-0.6793,-0.6122,-0.554,-0.5304,-0.5395,-0.5946,-0.7134,-0.7427,-0.5891,-0.424,-0.3892,-0.4751,-0.4396,-0.4283,-0.5244,-0.6927,-0.8666,-0.965,-0.9675,-0.9161,-0.8525,-0.7607,-0.7657,-0.7706,-0.7752,-0.7796,-0.7836,-0.787,-0.7896,-0.7907,-0.7894,-0.7845,-0.7744,-0.7576,-0.733,-0.7002,-0.6594,-0.6149,-0.5785,-0.5642,-0.5857,-0.6728,-0.837,-0.8825,-0.6999,-0.5194,-0.4427,-0.4411,-0.4405,-0.4569,-0.5221,-0.626,-0.7344,-0.8087,-0.833,-0.8197,-0.7889,-0.7526,-0.7566,-0.7603,-0.7638,-0.7668,-0.7692,-0.7707,-0.7711,-0.7697,-0.7659,-0.7588,-0.7474,-0.7308,-0.7086,-0.6811,-0.6497,-0.6186,-0.5948,-0.5875,-0.6085,-0.6722,-0.7645,-0.7828,-0.6785,-0.5567,-0.4843,-0.4591,-0.4592,-0.4795,-0.5247,-0.5895,-0.6577,-0.7107,-0.7384,-0.7429,-0.7323]}]