docs/data/wind_grid.json
[{"header":{"la1":42.85,"la2":41.18,"lo1":11.55,"lo2":14.05,"nx":36,"ny":24,"dx":0.07143,"dy":0.07261,"parameterCategory":2,"parameterNumber":2,"parameterNumberName":"eastward_wind","parameterUnit":"m.s-1"},"data":[3.1131,3.1472,3.1855,3.2269,3.2693,3.3095,3.3427,3.3643,3.3709,3.3623,3.3414,3.3126,3.28,3.2461,3.2121,3.1782,3.1443,3.1105,3.0766,3.0424,3.0071,2.9704,2.9319,2.8922,2.8519,2.8118,2.7729,2.7359,2.7013,2.6695,2.6405,2.6144,2.5912,2.5705,2.5524,2.5365,3.1149,3.1546,3.2011,3.254,3.3112,3.368,3.4173,3.4499,3.4592,3.4444,3.4117,3.37,3.3264,3.284,3.2436,3.2043,3.1658,3.128,3.091,3.0543,3.0168,2.9771,2.9349,2.8906,2.8454,2.8006,2.7574,2.7168,2.6793,2.6453,2.6149,2.588,2.5643,2.5435,2.5256,2.5101,3.1101,3.1552,3.2109,3.2782,3.3558,3.4387,3.5154,3.5686,3.5824,3.5547,3.4997,3.4365,3.3769,3.3242,3.2766,3.2312,3.1867,3.1434,3.1026,3.0641,3.0253,2.9832,2.9368,2.887,2.8358,2.7852,2.737,2.6923,2.6518,2.6158,2.5843,2.5568,2.533,2.5126,2.4953,2.4805,3.0958,3.145,3.2096,3.2934,3.3984,3.5213,3.6474,3.7427,3.7663,3.7098,3.6104,3.5109,3.4297,3.3658,3.3116,3.2597,3.2065,3.154,3.1076,3.069,3.0316,2.9884,2.9372,2.8804,2.8215,2.7639,2.7097,2.6607,2.6173,2.5797,2.5475,2.5201,2.4969,2.4773,2.461,2.4474,3.0689,3.1188,3.1896,3.2895,3.4267,3.6072,3.8207,4.009,4.0591,3.9335,3.7432,3.5862,3.48,3.4083,3.3512,3.2931,3.2263,3.1551,3.0972,3.0626,3.0339,2.9921,2.9352,2.8691,2.8004,2.734,2.6732,2.6196,2.5738,2.5354,2.5035,2.477,2.4552,2.4372,2.4224,2.4105,3.0261,3.0705,3.1408,3.2504,3.4171,3.6637,4.0097,4.394,4.5199,4.2283,3.8715,3.6437,3.5208,3.4525,3.4015,3.3407,3.2536,3.1444,3.0573,3.0365,3.0315,2.9942,2.9289,2.8501,2.7686,2.6917,2.6234,2.5658,2.5187,2.481,2.4509,2.4268,2.4074,2.3918,2.3793,2.3695,2.9652,2.9944,3.0515,3.1568,3.3364,3.625,4.0793,4.7021,4.9602,4.4226,3.9117,3.657,3.5471,3.5033,3.4752,3.4215,3.314,3.1519,3.0109,3.008,3.0322,2.9945,2.915,2.8186,2.7206,2.631,2.5551,2.4947,2.4487,2.4143,2.3885,2.3686,2.3531,2.3408,2.3313,2.3242,2.8865,2.8864,2.9103,2.9891,3.1584,3.4401,3.8519,4.3692,4.5716,4.1693,3.8,3.6221,3.5632,3.571,3.5952,3.5676,3.4467,3.258,3.0925,3.0584,3.0542,2.9924,2.8883,2.7673,2.6477,2.5428,2.4599,2.4002,2.3599,2.3334,2.3153,2.3022,2.2921,2.2841,2.2782,2.2744,2.7958,2.7489,2.7076,2.7242,2.8733,3.1516,3.473,3.7526,3.8645,3.783,3.6536,3.5744,3.5781,3.664,3.8027,3.8359,3.6642,3.4461,3.2768,3.1767,3.096,2.9853,2.8432,2.6867,2.5366,2.4124,2.3251,2.2736,2.2477,2.2363,2.2311,2.2277,2.2246,2.2218,2.2199,2.2196,2.7087,2.602,2.4532,2.3354,2.4659,2.8434,3.1853,3.4426,3.6606,3.7268,3.6089,3.5407,3.5875,3.7513,4.1195,4.3018,3.8991,3.6125,3.4398,3.2941,3.1429,2.9706,2.7736,2.5627,2.3648,2.2145,2.1305,2.1033,2.1082,2.1234,2.1374,2.1465,2.1513,2.1537,2.1559,2.1594,2.6498,2.4986,2.2441,1.9285,2.0239,2.6132,3.0044,3.2822,3.8164,4.0616,3.625,3.501,3.5879,3.7621,4.0911,4.3205,3.9159,3.7316,3.6165,3.4268,3.1947,2.9464,2.6734,2.3752,2.0926,1.902,1.8429,1.8768,1.9412,1.9987,2.0381,2.061,2.073,2.0797,2.0854,2.0927,2.6381,2.495,2.2613,1.9832,2.0887,2.6123,2.8748,2.9503,3.378,3.7109,3.4585,3.4148,3.5981,3.8974,3.8666,3.8112,3.8052,3.9958,3.9842,3.6171,3.2452,2.9087,2.5427,2.1036,1.6524,1.3903,1.4183,1.5913,1.7591,1.8743,1.9408,1.9745,1.9901,1.9984,2.0065,2.0177,2.6666,2.5728,2.4535,2.3739,2.4853,2.7211,2.8074,2.6953,2.8871,3.154,3.2176,3.2781,3.4429,3.96,3.8501,3.6064,3.7659,4.5888,4.584,3.7586,3.2428,2.8556,2.4109,1.7736,0.9908,0.5907,0.8577,1.2931,1.6002,1.7716,1.8548,1.8889,1.9003,1.9059,1.915,1.9312,2.7099,2.663,2.6225,2.622,2.6902,2.7831,2.8201,2.8103,2.8612,2.9695,3.0357,3.1884,3.2294,2.9828,3.3029,3.3473,3.4904,4.0442,4.1069,3.5417,3.1409,2.8154,2.3618,1.5788,0.4226,-0.1568,0.4457,1.1354,1.529,1.7143,1.7855,1.8005,1.7958,1.7935,1.8039,1.8283,2.7478,2.7283,2.7193,2.7322,2.7687,2.8098,2.8331,2.8411,2.8465,2.8201,2.7759,2.8191,2.8531,2.6448,2.9867,3.1516,3.2156,3.3062,3.3288,3.1805,3.059,2.8756,2.4683,1.767,0.7893,0.2735,0.722,1.2767,1.5851,1.7078,1.7253,1.6948,1.6591,1.6454,1.662,1.7029,2.7734,2.7664,2.7668,2.7774,2.7961,2.8143,2.8226,2.8139,2.7711,2.6476,2.4186,2.3882,2.5418,2.707,2.8336,2.9984,3.103,2.9821,2.8977,2.9752,3.2407,3.1141,2.6459,2.122,1.5971,1.314,1.412,1.6153,1.7258,1.7267,1.6495,1.5413,1.4578,1.4359,1.4746,1.5495,2.7873,2.7849,2.7867,2.7926,2.8003,2.8049,2.7996,2.7756,2.7164,2.5957,2.4304,2.4484,2.4147,2.3949,2.6149,2.7068,2.7035,2.5183,2.386,2.6931,3.2451,3.1147,2.6706,2.3239,2.0841,1.9776,1.9645,1.9471,1.876,1.7346,1.5231,1.291,1.1396,1.1306,1.2293,1.369,2.7923,2.791,2.7914,2.793,2.7935,2.7895,2.7764,2.7481,2.698,2.6252,2.5546,2.5065,2.3854,2.3442,2.3842,2.3534,2.345,1.9903,1.598,2.1615,2.6007,2.6667,2.5099,2.3624,2.3186,2.3794,2.38,2.2247,2.0015,1.7155,1.3243,0.8905,0.6467,0.7107,0.9383,1.1809,2.7912,2.7894,2.7879,2.7859,2.7817,2.7729,2.7566,2.7297,2.6906,2.6419,2.5905,2.5342,2.4586,2.351,2.0375,1.9014,2.145,1.9568,1.7464,1.9939,2.2168,2.3254,2.3171,2.3161,2.4391,2.7273,2.7877,2.4395,2.0862,1.69,1.1058,0.3893,0.0418,0.2692,0.6807,1.0347,2.7861,2.7833,2.78,2.7753,2.7681,2.7567,2.7394,2.7148,2.6823,2.6431,2.5977,2.5425,2.4648,2.3256,2.0678,1.98,2.126,2.0718,1.9445,1.9098,2.0434,2.0917,2.1035,2.1872,2.4,2.7694,2.8495,2.4234,2.0959,1.7067,1.0629,0.1953,-0.2076,0.1139,0.6039,0.9945,2.7784,2.7745,2.7696,2.7631,2.7539,2.7412,2.7237,2.7007,2.6718,2.6368,2.5948,2.5421,2.4708,2.3693,2.2511,2.1931,2.1841,2.1193,2.0129,1.964,1.9235,1.7856,1.7448,1.9244,2.1783,2.3315,2.2434,2.1895,2.055,1.7865,1.3033,0.6374,0.2722,0.4301,0.7732,1.0828,2.7692,2.7643,2.7581,2.7502,2.7399,2.7263,2.7089,2.6869,2.66,2.6277,2.5887,2.5409,2.4815,2.4104,2.338,2.2802,2.2272,2.1525,2.0555,1.9307,1.6654,1.1963,1.0642,1.5158,1.9415,2.1155,2.1012,2.0987,2.0215,1.8888,1.6148,1.2187,0.9398,0.9236,1.0694,1.2525,2.7592,2.7534,2.7462,2.7373,2.7261,2.7121,2.6947,2.6735,2.648,2.6177,2.5817,2.539,2.4891,2.4329,2.3742,2.3152,2.2496,2.1651,2.0462,1.8464,1.4373,0.7605,0.5731,1.2274,1.7759,2.0152,2.0708,2.044,2.0012,1.9663,1.8155,1.582,1.3882,1.3151,1.3486,1.4362,2.7488,2.7422,2.7343,2.7246,2.7129,2.6986,2.6813,2.6607,2.6364,2.6078,2.5744,2.5359,2.4918,2.4428,2.3894,2.3304,2.2608,2.1708,2.0426,1.8382,1.5006,1.0825,0.9874,1.3584,1.7419,1.9474,2.0164,2.0127,1.9991,1.9809,1.8936,1.7583,1.6348,1.5662,1.5588,1.5947]},{"header":{"la1":42.85,"la2":41.18,"lo1":11.55,"lo2":14.05,"nx":36,"ny":24,"dx":0.07143,"dy":0.07261,"parameterCategory":2,"parameterNumber":3,"parameterNumberName":"northward_wind","parameterUnit":"m.s-1"},"data":[2.2431,2.2381,2.233,2.2278,2.2222,2.2159,2.2087,2.1999,2.1883,2.172,2.1481,2.1133,2.0641,1.9984,1.9156,1.8187,1.7158,1.6198,1.5462,1.507,1.506,1.5376,1.5907,1.6542,1.7195,1.7818,1.8387,1.8898,1.9354,1.9761,2.0126,2.0457,2.0757,2.103,2.1279,2.1507,2.2393,2.2341,2.2292,2.2242,2.2189,2.2132,2.2068,2.1997,2.1909,2.1779,2.1565,2.1213,2.0667,1.9876,1.881,1.7485,1.6001,1.4572,1.3486,1.2983,1.3116,1.3742,1.4634,1.5596,1.6511,1.7326,1.8032,1.8639,1.9164,1.9622,2.0027,2.0389,2.0716,2.1012,2.128,2.1523,2.2339,2.2285,2.2235,2.2186,2.2134,2.2077,2.2015,2.1957,2.1906,2.1836,2.1685,2.1367,2.0792,1.9866,1.8507,1.6676,1.4466,1.2217,1.0506,0.9859,1.0348,1.1589,1.3098,1.4552,1.5811,1.6854,1.7707,1.8409,1.8999,1.9504,1.9946,2.0339,2.0692,2.101,2.1298,2.1557,2.2265,2.2205,2.2153,2.2105,2.2052,2.1984,2.1901,2.1833,2.1821,2.1854,2.183,2.161,2.106,2.0033,1.8353,1.5842,1.2472,0.8708,0.577,0.4962,0.6342,0.8815,1.1353,1.3497,1.5173,1.6454,1.7443,1.8225,1.8867,1.9411,1.9885,2.0307,2.0687,2.1028,2.1336,2.1612,2.2164,2.2093,2.2037,2.1993,2.1941,2.1853,2.1706,2.1553,2.1549,2.1758,2.1976,2.1954,2.1521,2.0485,1.8546,1.525,1.0142,0.3529,-0.2047,-0.2918,0.0705,0.5552,0.9641,1.2621,1.4711,1.6187,1.7266,1.8095,1.8768,1.934,1.9843,2.0294,2.0701,2.1067,2.1397,2.169,2.2026,2.1933,2.1868,2.1833,2.1802,2.1708,2.1457,2.1054,2.094,2.1481,2.2126,2.2419,2.2222,2.1348,1.938,1.5498,0.8363,-0.2964,-1.4114,-1.4528,-0.5907,0.2669,0.8525,1.2215,1.4556,1.61,1.7185,1.8011,1.8689,1.928,1.9812,2.0295,2.0735,2.1131,2.1484,2.1796,2.184,2.1701,2.1609,2.1587,2.1616,2.1596,2.1324,2.0621,2.0249,2.128,2.2422,2.3053,2.3191,2.2711,2.115,1.7421,0.9377,-0.5965,-2.4,-2.3423,-0.9148,0.2147,0.8765,1.2543,1.4777,1.6185,1.7165,1.7933,1.86,1.9211,1.9781,2.0309,2.079,2.1223,2.1604,2.1936,2.1599,2.1367,2.1194,2.1158,2.1294,2.1486,2.149,2.1111,2.0956,2.1944,2.3071,2.3876,2.4392,2.4558,2.396,2.1396,1.4804,0.1998,-1.3087,-1.3886,-0.3395,0.5397,1.0635,1.3588,1.5281,1.6331,1.7101,1.7781,1.8444,1.9101,1.9737,2.0332,2.0873,2.1351,2.1766,2.212,2.1316,2.0914,2.0533,2.0368,2.0635,2.1193,2.1674,2.1983,2.2374,2.3053,2.3872,2.4755,2.5664,2.6685,2.7757,2.7027,2.2184,1.4225,0.6358,0.396,0.6903,1.0685,1.337,1.4929,1.5768,1.6296,1.6803,1.742,1.8144,1.8914,1.9671,2.0371,2.0994,2.1532,2.1985,2.2359,2.1045,2.0401,1.9605,1.8987,1.9361,2.0569,2.1558,2.2315,2.3113,2.3724,2.4419,2.5498,2.6742,2.8458,3.2128,3.3886,2.7772,2.1641,1.7164,1.4858,1.4606,1.5262,1.5825,1.5949,1.5776,1.5681,1.5966,1.6664,1.7613,1.8628,1.9591,2.0448,2.1179,2.1787,2.2279,2.267,2.09,2.0053,1.8792,1.7369,1.7722,1.9898,2.1161,2.1998,2.3466,2.4072,2.4654,2.6114,2.7536,2.8953,3.211,3.4337,2.8617,2.3976,2.1222,1.9694,1.8828,1.8206,1.7379,1.6116,1.4691,1.3852,1.4126,1.5289,1.6795,1.8263,1.9544,2.0609,2.147,2.2153,2.268,2.3076,2.0985,2.0159,1.895,1.7629,1.8016,1.9912,2.0544,2.0609,2.2097,2.3667,2.4964,2.6808,2.8278,2.9343,2.9467,2.914,2.6541,2.2737,2.1232,2.1317,2.0942,1.9917,1.8048,1.5099,1.1659,0.9752,1.0655,1.3156,1.5767,1.7937,1.9631,2.0935,2.1931,2.2679,2.3223,2.3604,2.1288,2.0685,1.9968,1.9451,1.9743,2.0314,1.9958,2.0045,1.939,2.2791,2.5475,2.7839,2.8851,2.9618,2.934,2.822,2.5552,1.8993,1.8649,2.1799,2.228,2.1139,1.8338,1.3101,0.5905,0.2154,0.5342,1.0667,1.4932,1.7917,2.0017,2.1537,2.2643,2.3429,2.3958,2.4286,2.1701,2.1331,2.098,2.0796,2.0845,2.0779,2.0065,1.8498,1.9558,2.2954,2.5679,2.8941,2.9889,2.8965,2.871,2.8832,2.7952,2.2914,2.1575,2.353,2.383,2.2568,1.9212,1.2076,0.047,-0.5633,0.1187,0.9564,1.5088,1.8557,2.0884,2.2534,2.3704,2.4483,2.4941,2.5158,2.2124,2.1912,2.174,2.1648,2.161,2.1487,2.1177,2.1004,2.1872,2.3376,2.454,2.6162,2.7587,2.8047,2.8467,3.112,3.4389,2.931,2.6681,2.6171,2.5719,2.4506,2.1355,1.4862,0.4789,-0.0725,0.4731,1.1956,1.6862,2.0058,2.2332,2.403,2.5229,2.5943,2.6242,2.6253,2.2513,2.2399,2.2318,2.228,2.227,2.2259,2.2276,2.248,2.2943,2.3012,2.1485,2.3808,2.5216,2.6928,2.8042,3.0806,3.3177,3.1048,2.9677,2.8198,2.6853,2.6243,2.3866,1.9602,1.4481,1.1746,1.3496,1.6893,1.9823,2.2211,2.4314,2.6118,2.7384,2.7956,2.7942,2.7593,2.2857,2.2808,2.2785,2.2796,2.2838,2.2915,2.3049,2.3262,2.3435,2.3096,2.1849,2.3364,2.424,2.4473,2.7221,2.9425,3.1211,3.3083,3.4079,3.0827,2.7232,2.6876,2.5494,2.3131,2.1084,2.0332,2.0788,2.1672,2.2837,2.4492,2.6674,2.8945,3.0448,3.0714,3.0087,2.914,2.316,2.3154,2.3174,2.3223,2.3306,2.3427,2.359,2.3778,2.3911,2.3877,2.3858,2.4346,2.4309,2.4633,2.7702,2.9711,3.1991,3.7856,4.336,3.5698,3.0362,2.8186,2.6643,2.5268,2.4845,2.5594,2.5906,2.5178,2.5044,2.6351,2.9192,3.2708,3.4752,3.4293,3.2541,3.0717,2.3424,2.345,2.35,2.3578,2.3687,2.3829,2.4002,2.4193,2.4374,2.4543,2.4787,2.5193,2.572,2.7011,2.9806,3.078,3.2035,3.7093,4.0569,3.6309,3.2484,2.944,2.7451,2.64,2.6904,2.9465,3.0078,2.7199,2.5974,2.7288,3.1288,3.6936,3.9758,3.7927,3.4658,3.1924,2.3654,2.3704,2.3775,2.3872,2.3997,2.4151,2.4333,2.4538,2.4764,2.5024,2.5367,2.5855,2.6608,2.7925,2.9798,3.0579,3.1516,3.4093,3.6276,3.6759,3.3055,2.9615,2.7518,2.6543,2.7006,2.9828,3.0527,2.6356,2.5264,2.6849,3.1509,3.8493,4.179,3.9184,3.5282,3.2258,2.3853,2.392,2.4006,2.4116,2.4251,2.4412,2.4601,2.4818,2.5069,2.5369,2.5749,2.6259,2.6969,2.7939,2.9018,2.9864,3.0852,3.2426,3.4166,3.4281,3.1382,2.8348,2.6655,2.5885,2.5429,2.4584,2.1764,2.1967,2.3158,2.4954,2.8965,3.4683,3.7812,3.6584,3.3902,3.1554,2.4026,2.4103,2.42,2.4317,2.4458,2.4623,2.4815,2.5037,2.5296,2.5604,2.5981,2.6454,2.7048,2.7757,2.8508,2.9227,2.9987,3.0818,3.1367,3.0784,2.8578,2.5944,2.5002,2.5012,2.4168,2.1787,1.8579,1.979,2.0786,2.2005,2.5211,2.9324,3.2084,3.2462,3.1474,3.0194,2.4173,2.4258,2.4361,2.4483,2.4625,2.4791,2.4981,2.5201,2.5454,2.575,2.61,2.6514,2.6997,2.7535,2.809,2.8624,2.9113,2.947,2.9444,2.8633,2.678,2.452,2.4018,2.4536,2.3864,2.2163,2.0554,1.9631,1.7725,1.8814,2.22,2.5627,2.8059,2.913,2.9176,2.8728,2.4299,2.4388,2.4494,2.4617,2.4758,2.4921,2.5106,2.5316,2.5556,2.5829,2.6141,2.6494,2.6883,2.7296,2.7704,2.8075,2.8359,2.8471,2.8262,2.7563,2.634,2.505,2.4587,2.4554,2.3925,2.2733,2.1341,1.9443,1.7341,1.8296,2.1147,2.3859,2.5852,2.7011,2.7475,2.7491]}]