docs/data/wind_grid.json
[{"header":{"la1":42.85,"la2":41.18,"lo1":11.55,"lo2":14.05,"nx":36,"ny":24,"dx":0.07143,"dy":0.07261,"parameterCategory":2,"parameterNumber":2,"parameterNumberName":"eastward_wind","parameterUnit":"m.s-1"},"data":[-0.7042,-0.708,-0.7101,-0.7104,-0.7089,-0.7055,-0.6999,-0.6912,-0.679,-0.6638,-0.6473,-0.6317,-0.6191,-0.6105,-0.6057,-0.6036,-0.6018,-0.5976,-0.5884,-0.5732,-0.5546,-0.5376,-0.5278,-0.527,-0.5331,-0.5423,-0.5513,-0.5586,-0.5638,-0.5669,-0.5683,-0.5685,-0.5677,-0.5663,-0.5645,-0.5625,-0.724,-0.7297,-0.7332,-0.7346,-0.7341,-0.7321,-0.7277,-0.7191,-0.7044,-0.6838,-0.6602,-0.6381,-0.6209,-0.6104,-0.6064,-0.6072,-0.609,-0.6067,-0.5948,-0.5701,-0.5363,-0.5055,-0.4906,-0.4948,-0.5108,-0.5293,-0.5452,-0.5567,-0.5641,-0.5682,-0.5699,-0.5699,-0.5689,-0.5671,-0.565,-0.5626,-0.7479,-0.7563,-0.7617,-0.7643,-0.7653,-0.766,-0.7659,-0.7603,-0.7436,-0.7141,-0.6782,-0.6449,-0.6204,-0.6073,-0.6051,-0.6113,-0.6207,-0.6245,-0.6109,-0.5696,-0.504,-0.4419,-0.4195,-0.4402,-0.4787,-0.5143,-0.5401,-0.5565,-0.566,-0.5707,-0.5723,-0.5719,-0.5703,-0.568,-0.5654,-0.5625,-0.777,-0.7897,-0.7978,-0.8013,-0.8031,-0.8083,-0.8186,-0.8248,-0.8088,-0.7633,-0.7038,-0.651,-0.6153,-0.5985,-0.5993,-0.6147,-0.6387,-0.6583,-0.6502,-0.5841,-0.4495,-0.3103,-0.2814,-0.354,-0.4402,-0.502,-0.5394,-0.56,-0.5705,-0.5749,-0.5757,-0.5744,-0.572,-0.5689,-0.5656,-0.5622,-0.8128,-0.8327,-0.8454,-0.8487,-0.848,-0.8572,-0.8893,-0.9311,-0.927,-0.8462,-0.7382,-0.6528,-0.6013,-0.5798,-0.5845,-0.6132,-0.6622,-0.7176,-0.74,-0.6539,-0.3882,-0.0568,-0.0464,-0.2537,-0.4152,-0.5037,-0.5482,-0.5693,-0.5783,-0.5808,-0.58,-0.5773,-0.5737,-0.5697,-0.5656,-0.5616,-0.8562,-0.8897,-0.9125,-0.9149,-0.9017,-0.9044,-0.9689,-1.1009,-1.1452,-0.9735,-0.77,-0.64,-0.572,-0.5456,-0.5535,-0.5972,-0.6806,-0.8006,-0.9108,-0.8508,-0.4667,0.1086,0.0804,-0.252,-0.4455,-0.5328,-0.5703,-0.5851,-0.5892,-0.5883,-0.5848,-0.5802,-0.5751,-0.57,-0.565,-0.5604,-0.9055,-0.9637,-1.0126,-1.0201,-0.9743,-0.9359,-1.0037,-1.2514,-1.3906,-1.0603,-0.7529,-0.5962,-0.5213,-0.4898,-0.4952,-0.5489,-0.665,-0.8512,-1.0657,-1.0512,-0.7907,-0.4231,-0.3268,-0.4579,-0.5499,-0.5899,-0.6035,-0.6053,-0.6018,-0.5961,-0.5895,-0.5827,-0.5759,-0.5696,-0.5637,-0.5584,-0.9521,-1.0462,-1.153,-1.1959,-1.0864,-0.9497,-0.9279,-1.0717,-1.1464,-0.8755,-0.6347,-0.514,-0.4498,-0.4081,-0.3925,-0.4416,-0.5829,-0.7905,-0.9846,-1.074,-1.229,-1.14,-0.8653,-0.7279,-0.6779,-0.6542,-0.6382,-0.6251,-0.6136,-0.603,-0.5932,-0.5841,-0.5757,-0.5681,-0.5613,-0.5554,-0.9788,-1.0993,-1.2692,-1.3888,-1.1937,-0.9477,-0.8002,-0.7329,-0.654,-0.531,-0.4537,-0.4137,-0.3718,-0.3045,-0.2114,-0.22,-0.4293,-0.6881,-0.9241,-1.2511,-1.8551,-1.7214,-1.1821,-0.8951,-0.7641,-0.6995,-0.6631,-0.6395,-0.6219,-0.6075,-0.595,-0.5838,-0.5739,-0.5651,-0.5574,-0.551,-0.9733,-1.0858,-1.2201,-1.2912,-1.1597,-0.9201,-0.692,-0.4924,-0.2669,-0.1685,-0.2678,-0.3275,-0.3131,-0.217,0.0796,0.2395,-0.2547,-0.6388,-0.9002,-1.2019,-1.6166,-1.5492,-1.1669,-0.9168,-0.7844,-0.7135,-0.6727,-0.6458,-0.6256,-0.6089,-0.5944,-0.5815,-0.57,-0.5601,-0.5517,-0.5448,-0.9419,-1.0393,-1.1607,-1.3108,-1.2502,-0.903,-0.6205,-0.382,0.0678,0.2871,-0.133,-0.2832,-0.2898,-0.2269,0.0368,0.2466,-0.3343,-0.758,-0.9728,-1.0734,-1.1618,-1.1339,-0.9865,-0.8466,-0.7552,-0.7019,-0.6693,-0.6454,-0.6253,-0.6074,-0.5912,-0.5766,-0.5637,-0.5527,-0.5436,-0.5364,-0.8922,-0.9753,-1.0975,-1.2624,-1.1864,-0.8216,-0.5839,-0.479,-0.1943,0.0275,-0.1954,-0.2884,-0.2821,-0.2419,-0.2529,-0.3434,-0.6792,-1.206,-1.3628,-1.1448,-1.0005,-0.9153,-0.8325,-0.7588,-0.7092,-0.6817,-0.6621,-0.6425,-0.6227,-0.6036,-0.5855,-0.5688,-0.5541,-0.5418,-0.5322,-0.5251,-0.8283,-0.8824,-0.9455,-0.9826,-0.8903,-0.6922,-0.5691,-0.5812,-0.4951,-0.3219,-0.2977,-0.3164,-0.2924,-0.2256,-0.2837,-0.5104,-0.8965,-2.0766,-2.1296,-1.273,-0.9262,-0.7843,-0.7181,-0.6859,-0.6766,-0.6757,-0.6628,-0.6415,-0.6195,-0.5979,-0.5769,-0.5573,-0.5401,-0.5263,-0.5164,-0.5101,-0.7603,-0.7846,-0.7994,-0.7825,-0.7112,-0.6111,-0.5481,-0.5454,-0.493,-0.3677,-0.3117,-0.3424,-0.3397,-0.1402,-0.38,-0.5533,-0.8141,-1.4708,-1.6011,-1.0726,-0.7555,-0.6269,-0.6046,-0.6278,-0.6704,-0.6927,-0.6696,-0.6407,-0.6153,-0.5902,-0.5647,-0.5402,-0.5194,-0.504,-0.4945,-0.49,-0.6986,-0.7032,-0.6959,-0.6679,-0.6169,-0.5569,-0.509,-0.4722,-0.4082,-0.3124,-0.2446,-0.2419,-0.2237,-0.114,-0.4266,-0.6087,-1.462,-1.069,-0.9321,-0.6793,-0.4239,-0.3707,-0.4596,-0.559,-0.6395,-0.6727,-0.6577,-0.635,-0.6103,-0.5806,-0.5472,-0.5145,-0.488,-0.471,-0.4637,-0.4634,-0.6477,-0.6419,-0.6264,-0.5984,-0.5589,-0.5135,-0.4677,-0.4164,-0.3432,-0.2306,-0.0769,-0.1142,-0.1774,-0.2568,-0.448,-0.8217,-1.2527,-0.8735,-0.5998,-0.3192,0.0862,-0.0037,-0.3028,-0.4827,-0.5848,-0.6327,-0.6448,-0.6362,-0.6103,-0.5702,-0.5217,-0.474,-0.4384,-0.4213,-0.4205,-0.4289,-0.6076,-0.5968,-0.5789,-0.5528,-0.5195,-0.4808,-0.4375,-0.3857,-0.317,-0.2185,-0.1,-0.1404,-0.1702,-0.1916,-0.3828,-0.5593,-0.6296,-0.4517,-0.2415,-0.1334,0.1757,0.0638,-0.255,-0.4535,-0.5771,-0.6517,-0.6812,-0.6684,-0.6249,-0.5609,-0.4834,-0.4075,-0.3576,-0.3462,-0.3618,-0.3867,-0.5766,-0.5638,-0.5456,-0.5218,-0.4928,-0.4591,-0.4207,-0.3762,-0.3237,-0.2652,-0.2208,-0.2143,-0.1868,-0.1955,-0.3291,-0.3883,-0.3539,-0.0397,0.302,-0.0127,-0.0931,-0.1624,-0.3222,-0.4867,-0.6378,-0.762,-0.8009,-0.7474,-0.6588,-0.5531,-0.4275,-0.3006,-0.2298,-0.2402,-0.2901,-0.3412,-0.5529,-0.5395,-0.5221,-0.5007,-0.4753,-0.4464,-0.4142,-0.3789,-0.3416,-0.3063,-0.2814,-0.2703,-0.2672,-0.2886,-0.3167,-0.3149,-0.2733,-0.0309,0.1636,-0.0233,-0.1523,-0.2626,-0.3885,-0.5415,-0.7338,-0.9502,-0.9971,-0.8505,-0.7,-0.548,-0.365,-0.1645,-0.0695,-0.1262,-0.2249,-0.3042,-0.5349,-0.5218,-0.5056,-0.4865,-0.4645,-0.4402,-0.4139,-0.3865,-0.3597,-0.3362,-0.3194,-0.3112,-0.3114,-0.3187,-0.3191,-0.3126,-0.2718,-0.1541,-0.0422,-0.0163,-0.165,-0.3038,-0.4266,-0.572,-0.7701,-0.998,-1.0452,-0.8936,-0.7239,-0.5475,-0.343,-0.1088,-0.0031,-0.0845,-0.2024,-0.2907,-0.5213,-0.5088,-0.4941,-0.4772,-0.4584,-0.438,-0.4167,-0.3954,-0.3754,-0.3583,-0.3458,-0.3387,-0.3362,-0.3352,-0.3303,-0.318,-0.2843,-0.2168,-0.1352,-0.1237,-0.2337,-0.349,-0.4421,-0.5621,-0.7368,-0.9226,-1.0486,-0.9489,-0.7157,-0.5315,-0.3751,-0.2086,-0.1201,-0.1575,-0.2369,-0.3055,-0.511,-0.4995,-0.4862,-0.4714,-0.4554,-0.4384,-0.421,-0.4041,-0.3885,-0.3753,-0.3651,-0.3583,-0.3538,-0.3497,-0.343,-0.3307,-0.3082,-0.2752,-0.2474,-0.2599,-0.3248,-0.3906,-0.4264,-0.5185,-0.6876,-0.9141,-1.1593,-0.9629,-0.5729,-0.4305,-0.3812,-0.3144,-0.2625,-0.2629,-0.2968,-0.337,-0.5034,-0.4928,-0.481,-0.4681,-0.4543,-0.4401,-0.4258,-0.4121,-0.3996,-0.3888,-0.3802,-0.3736,-0.3685,-0.3635,-0.3571,-0.3479,-0.3353,-0.322,-0.3177,-0.3354,-0.3749,-0.4018,-0.403,-0.4789,-0.6181,-0.7673,-0.8366,-0.5848,-0.2051,-0.2412,-0.3355,-0.3528,-0.3403,-0.3368,-0.3492,-0.3699,-0.4978,-0.4882,-0.4777,-0.4664,-0.4546,-0.4426,-0.4307,-0.4194,-0.409,-0.4,-0.3925,-0.3865,-0.3814,-0.3767,-0.3716,-0.3657,-0.3597,-0.3561,-0.3595,-0.3743,-0.397,-0.413,-0.4269,-0.4797,-0.5614,-0.6237,-0.5946,-0.3868,-0.153,-0.204,-0.3164,-0.365,-0.3761,-0.3791,-0.3857,-0.397]},{"header":{"la1":42.85,"la2":41.18,"lo1":11.55,"lo2":14.05,"nx":36,"ny":24,"dx":0.07143,"dy":0.07261,"parameterCategory":2,"parameterNumber":3,"parameterNumberName":"northward_wind","parameterUnit":"m.s-1"},"data":[-0.7915,-0.7882,-0.7828,-0.7751,-0.7652,-0.7535,-0.7408,-0.7278,-0.7149,-0.7016,-0.6869,-0.6693,-0.6478,-0.6223,-0.593,-0.5611,-0.5284,-0.4975,-0.4708,-0.45,-0.4359,-0.4279,-0.4249,-0.4258,-0.4297,-0.4358,-0.4435,-0.4524,-0.4619,-0.4717,-0.4818,-0.4918,-0.5016,-0.5112,-0.5204,-0.5293,-0.8041,-0.8012,-0.7956,-0.7868,-0.7749,-0.7604,-0.7448,-0.7298,-0.7167,-0.7049,-0.692,-0.6755,-0.6534,-0.625,-0.5906,-0.5518,-0.5112,-0.4726,-0.4403,-0.4173,-0.404,-0.3984,-0.3983,-0.4018,-0.4082,-0.4167,-0.4269,-0.4381,-0.4498,-0.4617,-0.4736,-0.4852,-0.4965,-0.5074,-0.5178,-0.5276,-0.8181,-0.8161,-0.8105,-0.8004,-0.7852,-0.7657,-0.7441,-0.7248,-0.7114,-0.7035,-0.6961,-0.6833,-0.6618,-0.6307,-0.5904,-0.5424,-0.4902,-0.4401,-0.4001,-0.3761,-0.3675,-0.3683,-0.3724,-0.3782,-0.3865,-0.3973,-0.4101,-0.4238,-0.438,-0.452,-0.4659,-0.4793,-0.4922,-0.5045,-0.5161,-0.527,-0.8339,-0.8336,-0.8288,-0.8172,-0.7973,-0.7688,-0.7348,-0.7046,-0.6899,-0.6918,-0.6973,-0.6933,-0.6747,-0.6414,-0.5943,-0.5344,-0.465,-0.3956,-0.3431,-0.322,-0.3296,-0.3467,-0.3556,-0.359,-0.366,-0.3781,-0.3934,-0.4099,-0.4266,-0.443,-0.459,-0.4743,-0.4889,-0.5027,-0.5156,-0.5275,-0.8515,-0.8546,-0.8521,-0.8401,-0.8144,-0.7714,-0.7118,-0.6522,-0.6306,-0.6584,-0.6944,-0.7075,-0.6945,-0.66,-0.6063,-0.532,-0.4371,-0.3323,-0.2525,-0.241,-0.2941,-0.3561,-0.3631,-0.347,-0.3464,-0.3589,-0.3769,-0.3965,-0.4161,-0.435,-0.4532,-0.4705,-0.4869,-0.5023,-0.5165,-0.5296,-0.8704,-0.8794,-0.883,-0.8735,-0.8428,-0.7822,-0.6786,-0.5433,-0.4929,-0.5926,-0.6936,-0.7317,-0.7245,-0.69,-0.6322,-0.5448,-0.4177,-0.2504,-0.0984,-0.0983,-0.2333,-0.3762,-0.3737,-0.3281,-0.3226,-0.3385,-0.3608,-0.3841,-0.4067,-0.4283,-0.4488,-0.4683,-0.4866,-0.5037,-0.5193,-0.5336,-0.8886,-0.9075,-0.9243,-0.9234,-0.8902,-0.819,-0.6796,-0.4346,-0.3173,-0.5487,-0.7251,-0.7759,-0.7677,-0.7345,-0.6799,-0.5886,-0.4375,-0.2072,0.0506,0.0447,-0.1032,-0.225,-0.27,-0.27,-0.2881,-0.3164,-0.3456,-0.3732,-0.399,-0.4232,-0.4462,-0.468,-0.4884,-0.5073,-0.5245,-0.5399,-0.9015,-0.9334,-0.9773,-0.9981,-0.9536,-0.8861,-0.7852,-0.6024,-0.5178,-0.7047,-0.8307,-0.8462,-0.8222,-0.7939,-0.7595,-0.6825,-0.527,-0.2976,-0.0715,0.0078,0.1118,0.0791,-0.0804,-0.1852,-0.2496,-0.2959,-0.3328,-0.3644,-0.3931,-0.42,-0.4457,-0.4701,-0.4929,-0.5139,-0.5326,-0.5492,-0.9013,-0.9383,-1.0169,-1.0872,-0.9927,-0.9435,-0.9444,-0.9389,-0.9665,-1.0203,-0.9998,-0.9313,-0.876,-0.8627,-0.8912,-0.8606,-0.678,-0.4425,-0.2163,0.0592,0.5108,0.422,0.0626,-0.1289,-0.2254,-0.2829,-0.3238,-0.3578,-0.3889,-0.4188,-0.4477,-0.4752,-0.5009,-0.5241,-0.5446,-0.5622,-0.8844,-0.8971,-0.9308,-0.9567,-0.8799,-0.9519,-1.0839,-1.2192,-1.3867,-1.4222,-1.2031,-1.0049,-0.9074,-0.9125,-1.0966,-1.2067,-0.8371,-0.545,-0.3194,-0.0374,0.3183,0.2833,0.0242,-0.1384,-0.2261,-0.2791,-0.318,-0.3524,-0.386,-0.4195,-0.4526,-0.4841,-0.5133,-0.5393,-0.5617,-0.5802,-0.8626,-0.8349,-0.7454,-0.5213,-0.5776,-0.9387,-1.2184,-1.4279,-1.7776,-1.962,-1.367,-1.0283,-0.8996,-0.8867,-1.0569,-1.2108,-0.8058,-0.5578,-0.4014,-0.2357,-0.0756,-0.0402,-0.1111,-0.1872,-0.2406,-0.278,-0.3108,-0.3455,-0.3832,-0.4223,-0.4612,-0.4983,-0.532,-0.5613,-0.5855,-0.6044,-0.8549,-0.8165,-0.7152,-0.5382,-0.6195,-1.0372,-1.3961,-1.5985,-1.6718,-1.7004,-1.2705,-0.9796,-0.8702,-0.8596,-0.8262,-0.7432,-0.5981,-0.508,-0.4496,-0.3441,-0.2441,-0.195,-0.1976,-0.2226,-0.2465,-0.2667,-0.2947,-0.334,-0.3798,-0.4278,-0.4753,-0.52,-0.5597,-0.5928,-0.6185,-0.637,-0.8655,-0.8468,-0.8113,-0.7928,-0.9101,-1.1946,-1.5305,-1.7888,-1.6517,-1.3737,-1.0964,-0.9009,-0.8395,-0.8672,-0.7774,-0.4946,-0.3939,-0.5243,-0.526,-0.365,-0.2669,-0.2183,-0.2114,-0.2246,-0.232,-0.235,-0.2651,-0.3182,-0.3779,-0.4387,-0.4982,-0.5533,-0.6008,-0.6382,-0.6645,-0.6807,-0.8831,-0.8871,-0.898,-0.9398,-1.0492,-1.2346,-1.4614,-1.6477,-1.5463,-1.2377,-1.0092,-0.8469,-0.8102,-0.8737,-0.5405,-0.117,-0.0816,-0.3002,-0.3863,-0.2806,-0.1806,-0.1401,-0.1631,-0.202,-0.2125,-0.2008,-0.239,-0.3085,-0.3832,-0.4594,-0.5348,-0.6046,-0.6624,-0.704,-0.7286,-0.739,-0.8968,-0.9135,-0.9412,-0.9908,-1.0722,-1.1822,-1.2953,-1.3518,-1.2712,-1.1124,-1.0035,-0.9275,-0.843,-0.7959,-0.4295,0.0269,0.7857,0.0817,-0.171,-0.1098,0.0733,0.0873,-0.0485,-0.1608,-0.208,-0.2145,-0.2492,-0.3167,-0.4002,-0.4943,-0.5925,-0.6842,-0.7565,-0.801,-0.8184,-0.816,-0.9022,-0.9227,-0.9517,-0.9927,-1.0465,-1.1058,-1.1523,-1.1581,-1.1103,-1.0552,-1.0742,-1.0741,-0.9754,-0.7956,-0.4993,0.0205,0.5131,0.0453,-0.1488,0.0769,0.6659,0.5304,0.1013,-0.1103,-0.1929,-0.2255,-0.2612,-0.3261,-0.423,-0.5451,-0.6808,-0.8093,-0.903,-0.9453,-0.943,-0.9151,-0.8998,-0.9192,-0.9437,-0.9736,-1.0069,-1.0376,-1.0558,-1.0524,-1.0319,-1.024,-1.0593,-1.0447,-1.124,-1.1334,-0.69,-0.3739,-0.2221,-0.3223,-0.3829,-0.0247,0.7461,0.5785,0.1086,-0.0988,-0.165,-0.1798,-0.2115,-0.2986,-0.4359,-0.6101,-0.8116,-1.0076,-1.1349,-1.1592,-1.1101,-1.0355,-0.8916,-0.9079,-0.9267,-0.9472,-0.9673,-0.9832,-0.9905,-0.9872,-0.9786,-0.9762,-0.9834,-1.0016,-1.1379,-1.1387,-0.7881,-0.6163,-0.5261,-0.6667,-0.9056,-0.4405,-0.0123,0.0698,-0.0559,-0.1349,-0.1143,-0.0274,-0.0301,-0.2002,-0.4296,-0.6853,-0.9914,-1.3107,-1.4904,-1.4548,-1.3113,-1.164,-0.8799,-0.8927,-0.9064,-0.9199,-0.9318,-0.9398,-0.9422,-0.9388,-0.9326,-0.9274,-0.9251,-0.9288,-0.9375,-0.8783,-0.7837,-0.7708,-0.6418,-0.6788,-0.7618,-0.4993,-0.3234,-0.2231,-0.2062,-0.1822,-0.0432,0.2818,0.3498,-0.0663,-0.4333,-0.762,-1.1814,-1.6798,-1.925,-1.7677,-1.4926,-1.2676,-0.8663,-0.8759,-0.8854,-0.894,-0.9006,-0.9039,-0.9034,-0.8989,-0.8917,-0.8831,-0.8731,-0.8601,-0.8366,-0.7926,-0.7634,-0.7473,-0.6469,-0.573,-0.4564,-0.3991,-0.3915,-0.3353,-0.2984,-0.2482,-0.0922,0.3074,0.4009,-0.1811,-0.5266,-0.8256,-1.2545,-1.8279,-2.1028,-1.8814,-1.554,-1.3042,-0.852,-0.8589,-0.8651,-0.8701,-0.8732,-0.8735,-0.8708,-0.8648,-0.8561,-0.8446,-0.83,-0.8103,-0.7832,-0.7493,-0.7173,-0.679,-0.6156,-0.5428,-0.4664,-0.4278,-0.4074,-0.3725,-0.3501,-0.3344,-0.3076,-0.3403,-0.6317,-0.663,-0.7115,-0.8792,-1.1624,-1.5609,-1.7871,-1.6801,-1.4563,-1.2603,-0.8378,-0.8424,-0.8461,-0.8485,-0.849,-0.8472,-0.8428,-0.8356,-0.8255,-0.8124,-0.7957,-0.7746,-0.7484,-0.718,-0.6844,-0.645,-0.5959,-0.5416,-0.4903,-0.4496,-0.4079,-0.3583,-0.3446,-0.3841,-0.4651,-0.671,-0.968,-0.8844,-0.8966,-0.9624,-1.062,-1.2457,-1.3869,-1.3825,-1.2843,-1.1678,-0.824,-0.8268,-0.8286,-0.829,-0.8277,-0.8244,-0.8187,-0.8105,-0.7996,-0.7858,-0.7687,-0.748,-0.7234,-0.6952,-0.6636,-0.6278,-0.5875,-0.5447,-0.5022,-0.459,-0.4035,-0.3283,-0.3082,-0.3921,-0.5134,-0.6742,-0.8242,-0.938,-1.1226,-1.0888,-1.0361,-1.0794,-1.1444,-1.1624,-1.1284,-1.0686,-0.8109,-0.8122,-0.8125,-0.8115,-0.8089,-0.8045,-0.798,-0.7892,-0.7779,-0.764,-0.7473,-0.7276,-0.7048,-0.6791,-0.6505,-0.6191,-0.5852,-0.5496,-0.513,-0.4734,-0.4256,-0.374,-0.3659,-0.4317,-0.5358,-0.6592,-0.795,-0.9757,-1.151,-1.1072,-1.0193,-1.001,-1.0179,-1.0276,-1.015,-0.9846]}]