docs/data/wind_grid.json
[{"header":{"la1":42.85,"la2":41.18,"lo1":11.55,"lo2":14.05,"nx":36,"ny":24,"dx":0.07143,"dy":0.07261,"parameterCategory":2,"parameterNumber":2,"parameterNumberName":"eastward_wind","parameterUnit":"m.s-1"},"data":[-0.3023,-0.3186,-0.3361,-0.3545,-0.3728,-0.3894,-0.4022,-0.409,-0.4085,-0.4016,-0.3909,-0.3803,-0.3733,-0.3722,-0.3779,-0.3894,-0.4044,-0.4192,-0.4297,-0.4324,-0.4262,-0.4123,-0.393,-0.3711,-0.3487,-0.3274,-0.3079,-0.2904,-0.2751,-0.2618,-0.2503,-0.2404,-0.2319,-0.2245,-0.2181,-0.2124,-0.3096,-0.329,-0.3507,-0.3746,-0.3998,-0.424,-0.4437,-0.4544,-0.4529,-0.4398,-0.4201,-0.4008,-0.3879,-0.3851,-0.3935,-0.412,-0.437,-0.4624,-0.4808,-0.4859,-0.4762,-0.4546,-0.4262,-0.3957,-0.3662,-0.3393,-0.3157,-0.2954,-0.2781,-0.2634,-0.2511,-0.2407,-0.2318,-0.2243,-0.2178,-0.2122,-0.3159,-0.3386,-0.3651,-0.396,-0.4309,-0.4676,-0.5003,-0.52,-0.518,-0.4939,-0.4578,-0.4233,-0.4007,-0.3949,-0.4073,-0.4367,-0.4783,-0.5224,-0.5547,-0.5629,-0.5451,-0.5091,-0.4657,-0.4226,-0.3837,-0.3502,-0.322,-0.2988,-0.2796,-0.2638,-0.2508,-0.2401,-0.2312,-0.2237,-0.2173,-0.2118,-0.3203,-0.3461,-0.3776,-0.4166,-0.4646,-0.5208,-0.5783,-0.6188,-0.6193,-0.5743,-0.507,-0.4464,-0.4087,-0.3986,-0.4167,-0.462,-0.5304,-0.6079,-0.6661,-0.6776,-0.6408,-0.5776,-0.5101,-0.4496,-0.3992,-0.3584,-0.3258,-0.2999,-0.2792,-0.2627,-0.2494,-0.2387,-0.2299,-0.2226,-0.2164,-0.2112,-0.3219,-0.3501,-0.3858,-0.4326,-0.4954,-0.5793,-0.681,-0.7704,-0.7838,-0.6954,-0.5674,-0.4647,-0.4068,-0.3918,-0.4167,-0.4826,-0.5912,-0.7279,-0.8369,-0.8492,-0.7685,-0.6561,-0.5535,-0.4719,-0.4094,-0.3619,-0.3257,-0.2979,-0.2765,-0.2598,-0.2467,-0.2363,-0.228,-0.2212,-0.2155,-0.2105,-0.3202,-0.3493,-0.387,-0.4384,-0.5127,-0.6253,-0.7919,-0.9832,-1.0398,-0.8579,-0.6219,-0.4646,-0.3874,-0.3693,-0.4011,-0.4873,-0.6434,-0.8702,-1.0727,-1.0765,-0.9092,-0.7247,-0.583,-0.4822,-0.4105,-0.3587,-0.3207,-0.2923,-0.2711,-0.2551,-0.2428,-0.2333,-0.2258,-0.2196,-0.2145,-0.21,-0.3151,-0.3434,-0.3799,-0.4297,-0.5039,-0.6253,-0.8354,-1.1454,-1.2774,-0.9576,-0.6121,-0.4242,-0.3434,-0.328,-0.3648,-0.4611,-0.6438,-0.9417,-1.2434,-1.2327,-0.9781,-0.7425,-0.581,-0.4733,-0.3994,-0.3473,-0.31,-0.2829,-0.2632,-0.2487,-0.2379,-0.2298,-0.2234,-0.2182,-0.2138,-0.2099,-0.307,-0.3333,-0.3657,-0.4078,-0.4667,-0.5586,-0.7164,-0.9548,-1.0441,-0.7579,-0.4775,-0.3339,-0.2751,-0.2693,-0.3088,-0.4006,-0.5639,-0.8175,-1.0731,-1.0786,-0.8777,-0.6813,-0.5405,-0.4433,-0.3754,-0.3276,-0.2938,-0.27,-0.2531,-0.2412,-0.2326,-0.2262,-0.2213,-0.2172,-0.2137,-0.2104,-0.2969,-0.3209,-0.3488,-0.3814,-0.4192,-0.4631,-0.5127,-0.5492,-0.5033,-0.3722,-0.2724,-0.2188,-0.1943,-0.1993,-0.241,-0.3262,-0.4564,-0.6173,-0.7534,-0.7765,-0.6911,-0.5765,-0.476,-0.3983,-0.3415,-0.3011,-0.2732,-0.2543,-0.2417,-0.2332,-0.2275,-0.2234,-0.2201,-0.2173,-0.2146,-0.2118,-0.2859,-0.3083,-0.3337,-0.3612,-0.3875,-0.4038,-0.3887,-0.3008,-0.1222,-0.0281,-0.0867,-0.1175,-0.1162,-0.1239,-0.1681,-0.262,-0.3967,-0.5326,-0.6158,-0.6215,-0.5667,-0.4869,-0.4096,-0.347,-0.3013,-0.27,-0.2498,-0.2374,-0.2302,-0.2261,-0.2236,-0.222,-0.2206,-0.219,-0.217,-0.2146,-0.2741,-0.2962,-0.3222,-0.3521,-0.3844,-0.4122,-0.4099,-0.2884,0.1234,0.3114,0.0267,-0.0556,-0.0491,-0.0414,-0.0866,-0.2142,-0.4202,-0.6345,-0.7173,-0.6504,-0.535,-0.4298,-0.3492,-0.293,-0.2571,-0.2361,-0.2255,-0.2212,-0.2204,-0.2212,-0.2224,-0.2234,-0.2236,-0.2229,-0.2214,-0.2191,-0.261,-0.2835,-0.3119,-0.3488,-0.3988,-0.4691,-0.5624,-0.5998,-0.2213,0.087,-0.02,-0.0347,0.0014,0.0509,0.0055,-0.178,-0.5428,-1.0442,-1.1361,-0.8224,-0.5475,-0.3793,-0.2837,-0.2327,-0.209,-0.2013,-0.2027,-0.2081,-0.2147,-0.2208,-0.2255,-0.2286,-0.2301,-0.2301,-0.2286,-0.2259,-0.2457,-0.2679,-0.2974,-0.3393,-0.4027,-0.5059,-0.677,-0.8797,-0.6777,-0.2571,-0.0808,-0.0351,0.003,0.0784,0.044,-0.1655,-0.6659,-1.7571,-1.7736,-0.9527,-0.4994,-0.2865,-0.193,-0.1599,-0.1571,-0.1685,-0.1852,-0.202,-0.2163,-0.2272,-0.2347,-0.2393,-0.2413,-0.241,-0.2389,-0.2352,-0.2273,-0.2473,-0.2746,-0.3138,-0.3732,-0.4663,-0.604,-0.7439,-0.6104,-0.2355,-0.0382,-0.0418,-0.0491,0.0835,0.0025,-0.1697,-0.4892,-1.1738,-1.2685,-0.6749,-0.2815,-0.1089,-0.0631,-0.0735,-0.1055,-0.1435,-0.1793,-0.2082,-0.2293,-0.2432,-0.2518,-0.2564,-0.2578,-0.2565,-0.2528,-0.2473,-0.2058,-0.2217,-0.243,-0.2721,-0.3125,-0.3661,-0.4231,-0.4314,-0.2864,-0.0295,0.1311,0.1047,0.0492,0.0051,-0.006,-0.2036,-0.3693,-0.4128,-0.4143,-0.1656,0.0901,0.1566,0.0978,0.0152,-0.0657,-0.1377,-0.1949,-0.2344,-0.2584,-0.2715,-0.2781,-0.2807,-0.2801,-0.2766,-0.2703,-0.262,-0.182,-0.1926,-0.2057,-0.2216,-0.2395,-0.2541,-0.2498,-0.1929,-0.045,0.2016,0.5194,0.243,0.1585,0.0803,0.0371,-0.1152,-0.253,-0.1137,0.0331,0.2297,0.4819,0.4344,0.2409,0.0791,-0.0573,-0.1691,-0.2469,-0.29,-0.3082,-0.3132,-0.3129,-0.3111,-0.3076,-0.301,-0.2912,-0.279,-0.1572,-0.1622,-0.1672,-0.1712,-0.1712,-0.161,-0.1288,-0.0577,0.0681,0.259,0.4821,0.3222,0.1999,0.1843,0.1605,0.1297,0.1235,0.258,0.3987,0.4363,0.5466,0.4906,0.2911,0.0894,-0.1038,-0.263,-0.3556,-0.3852,-0.3813,-0.3664,-0.3526,-0.3441,-0.3377,-0.3281,-0.314,-0.297,-0.1329,-0.1328,-0.1312,-0.1263,-0.1152,-0.0934,-0.0541,0.009,0.0978,0.2002,0.2687,0.249,0.2164,0.2302,0.3628,0.4445,0.426,0.5943,0.76,0.6344,0.536,0.4402,0.2777,0.0499,-0.2166,-0.4437,-0.5361,-0.5207,-0.4739,-0.4258,-0.3897,-0.3723,-0.3652,-0.3542,-0.3357,-0.3136,-0.11,-0.106,-0.0995,-0.089,-0.0723,-0.0467,-0.0092,0.0417,0.1028,0.1636,0.2073,0.2303,0.2624,0.3778,0.743,0.8865,0.6269,0.6966,0.8294,0.9262,0.7287,0.5081,0.292,0.0081,-0.3547,-0.6709,-0.7377,-0.6633,-0.5757,-0.4858,-0.4168,-0.3868,-0.3823,-0.373,-0.3517,-0.3257,-0.0893,-0.0824,-0.0727,-0.0591,-0.0402,-0.0145,0.0191,0.0602,0.106,0.1517,0.1932,0.2356,0.3023,0.4475,0.7198,0.8112,0.6734,0.783,1.2234,1.4197,0.9306,0.6169,0.3706,0.0365,-0.3988,-0.7381,-0.7968,-0.7939,-0.6898,-0.5489,-0.439,-0.3908,-0.3858,-0.3787,-0.3574,-0.3301,-0.071,-0.0622,-0.0506,-0.0355,-0.0162,0.0083,0.0381,0.0727,0.1107,0.1502,0.1916,0.24,0.3085,0.4125,0.5367,0.6005,0.6269,0.7623,1.0336,1.121,0.9004,0.7506,0.5884,0.2091,-0.3314,-0.8232,-1.1875,-1.1032,-0.833,-0.6133,-0.4687,-0.4014,-0.3841,-0.373,-0.3521,-0.3261,-0.0552,-0.0451,-0.0326,-0.017,0.002,0.0249,0.0517,0.082,0.1153,0.1512,0.1908,0.2372,0.2952,0.3665,0.4403,0.5009,0.563,0.663,0.7851,0.8476,0.8893,1.0684,1.0835,0.5668,-0.1768,-0.9231,-1.4639,-1.2748,-0.8975,-0.6423,-0.4903,-0.4132,-0.3805,-0.3607,-0.3391,-0.3152,-0.0418,-0.031,-0.018,-0.0025,0.0158,0.0371,0.0615,0.0888,0.1188,0.1515,0.1879,0.2293,0.2772,0.3308,0.3863,0.441,0.5011,0.5745,0.6569,0.7513,0.9425,1.3308,1.4463,0.8453,0.0543,-0.6268,-1.0233,-0.9962,-0.7851,-0.6002,-0.4779,-0.407,-0.3683,-0.3432,-0.3212,-0.2996,-0.0304,-0.0193,-0.0064,0.0088,0.0262,0.0461,0.0685,0.0933,0.1204,0.1502,0.1829,0.2191,0.2592,0.3026,0.3481,0.3955,0.4472,0.5066,0.5778,0.6787,0.8554,1.0994,1.1296,0.7384,0.1851,-0.2942,-0.585,-0.6571,-0.5972,-0.5066,-0.4308,-0.3785,-0.3443,-0.3199,-0.2996,-0.2807]},{"header":{"la1":42.85,"la2":41.18,"lo1":11.55,"lo2":14.05,"nx":36,"ny":24,"dx":0.07143,"dy":0.07261,"parameterCategory":2,"parameterNumber":3,"parameterNumberName":"northward_wind","parameterUnit":"m.s-1"},"data":[-0.1817,-0.1682,-0.1524,-0.1347,-0.1161,-0.0982,-0.0835,-0.0746,-0.0731,-0.0788,-0.0892,-0.1008,-0.1107,-0.1169,-0.1191,-0.1175,-0.1136,-0.1089,-0.1055,-0.1047,-0.1072,-0.1127,-0.1205,-0.1298,-0.1399,-0.1504,-0.161,-0.1716,-0.1821,-0.1925,-0.2027,-0.2127,-0.2223,-0.2316,-0.2404,-0.2486,-0.1827,-0.1667,-0.147,-0.1237,-0.0976,-0.071,-0.0481,-0.0341,-0.0329,-0.0443,-0.0636,-0.0841,-0.1005,-0.1102,-0.1128,-0.1093,-0.1018,-0.0931,-0.0866,-0.0846,-0.0881,-0.096,-0.1069,-0.1192,-0.1318,-0.1444,-0.1568,-0.169,-0.1808,-0.1925,-0.2039,-0.2149,-0.2256,-0.2358,-0.2454,-0.2543,-0.186,-0.1675,-0.1434,-0.1129,-0.076,-0.0351,0.0032,0.0282,0.03,0.0076,-0.0285,-0.0645,-0.0913,-0.1057,-0.1083,-0.1011,-0.0874,-0.0717,-0.0598,-0.0564,-0.0624,-0.0751,-0.091,-0.1075,-0.1235,-0.1387,-0.153,-0.1668,-0.1802,-0.1932,-0.2059,-0.2181,-0.2299,-0.2411,-0.2516,-0.2613,-0.1925,-0.172,-0.1437,-0.1049,-0.0534,0.0103,0.0778,0.1279,0.1336,0.0888,0.0195,-0.0434,-0.0854,-0.1055,-0.107,-0.0939,-0.0699,-0.0415,-0.0198,-0.0149,-0.0273,-0.0493,-0.0734,-0.0957,-0.1157,-0.1335,-0.1499,-0.1654,-0.1803,-0.1948,-0.2089,-0.2225,-0.2356,-0.2479,-0.2594,-0.2698,-0.2031,-0.1822,-0.1511,-0.1048,-0.0365,0.0601,0.1812,0.29,0.3112,0.2167,0.0802,-0.0267,-0.088,-0.1128,-0.1114,-0.0894,-0.0497,0.0008,0.0412,0.0465,0.0187,-0.0203,-0.0561,-0.0854,-0.1093,-0.1297,-0.1479,-0.165,-0.1814,-0.1975,-0.2131,-0.2283,-0.2428,-0.2565,-0.269,-0.2804,-0.2187,-0.1997,-0.1692,-0.1198,-0.0389,0.0932,0.2955,0.53,0.602,0.3943,0.1336,-0.03,-0.1066,-0.131,-0.1238,-0.0917,-0.0329,0.0513,0.1258,0.1278,0.069,0.005,-0.0437,-0.0788,-0.1056,-0.1276,-0.1473,-0.1657,-0.1837,-0.2015,-0.2189,-0.2359,-0.2521,-0.2672,-0.281,-0.2933,-0.2391,-0.225,-0.2003,-0.1569,-0.0787,0.0654,0.3281,0.7189,0.8841,0.5011,0.1108,-0.0787,-0.1483,-0.1617,-0.1457,-0.1061,-0.0356,0.076,0.1874,0.1837,0.0933,0.0121,-0.042,-0.0784,-0.1053,-0.1276,-0.1479,-0.1676,-0.1872,-0.2069,-0.2265,-0.2457,-0.2639,-0.2808,-0.296,-0.3093,-0.2633,-0.2569,-0.2434,-0.2164,-0.1633,-0.0585,0.1442,0.4608,0.5837,0.2386,-0.0658,-0.1845,-0.2107,-0.2013,-0.175,-0.1334,-0.0692,0.0268,0.1234,0.1267,0.0564,-0.0087,-0.053,-0.0838,-0.1078,-0.129,-0.1495,-0.1704,-0.1919,-0.214,-0.2363,-0.2582,-0.279,-0.2981,-0.3149,-0.3291,-0.289,-0.292,-0.2929,-0.2891,-0.2756,-0.2444,-0.1881,-0.1302,-0.1698,-0.2989,-0.3462,-0.318,-0.277,-0.2412,-0.206,-0.1654,-0.1164,-0.0583,-0.0058,0.008,-0.0148,-0.045,-0.0705,-0.0918,-0.1112,-0.1307,-0.1513,-0.1736,-0.1976,-0.2229,-0.2489,-0.2744,-0.2985,-0.3202,-0.3388,-0.3538,-0.3134,-0.3257,-0.3409,-0.36,-0.3843,-0.4174,-0.4713,-0.5843,-0.7926,-0.8594,-0.6324,-0.4276,-0.3237,-0.2742,-0.2355,-0.1926,-0.1521,-0.119,-0.0922,-0.075,-0.0707,-0.0754,-0.0848,-0.0974,-0.1127,-0.1309,-0.1522,-0.1768,-0.2043,-0.2341,-0.265,-0.2954,-0.3238,-0.3487,-0.3693,-0.3851,-0.3338,-0.3535,-0.38,-0.4162,-0.4663,-0.5357,-0.6316,-0.7954,-1.2338,-1.451,-0.8229,-0.4599,-0.3376,-0.31,-0.2728,-0.2115,-0.1688,-0.1566,-0.146,-0.1224,-0.1007,-0.0898,-0.0892,-0.0964,-0.1095,-0.1278,-0.151,-0.1791,-0.2117,-0.2479,-0.2858,-0.3231,-0.3573,-0.3863,-0.4089,-0.4247,-0.3481,-0.3725,-0.4055,-0.451,-0.514,-0.5986,-0.6986,-0.7862,-0.9898,-1.1336,-0.6854,-0.3944,-0.3274,-0.3978,-0.3407,-0.2123,-0.1635,-0.2113,-0.2194,-0.1581,-0.1095,-0.0859,-0.0801,-0.086,-0.0998,-0.1199,-0.1463,-0.1795,-0.2196,-0.2651,-0.3133,-0.3604,-0.4025,-0.4365,-0.4608,-0.4756,-0.3556,-0.3813,-0.4158,-0.4627,-0.5271,-0.6136,-0.7183,-0.7972,-0.7658,-0.662,-0.4481,-0.3059,-0.2604,-0.4162,-0.3462,-0.136,-0.1013,-0.3282,-0.336,-0.1706,-0.0899,-0.0584,-0.054,-0.0643,-0.082,-0.1054,-0.1361,-0.1764,-0.2272,-0.2866,-0.3503,-0.4119,-0.4651,-0.505,-0.5301,-0.5413,-0.3563,-0.3804,-0.4118,-0.4533,-0.5081,-0.5796,-0.6649,-0.7364,-0.6779,-0.4749,-0.3002,-0.2861,-0.2488,0.3027,-0.0023,0.1102,0.2026,-0.1022,-0.1956,-0.0932,-0.0217,0.0047,-0.0061,-0.0306,-0.0557,-0.0823,-0.1171,-0.1665,-0.233,-0.3138,-0.4015,-0.4854,-0.5542,-0.6006,-0.6233,-0.6262,-0.3513,-0.3717,-0.3971,-0.4284,-0.4665,-0.51,-0.5501,-0.5566,-0.4695,-0.2996,-0.1599,-0.0915,0.0667,0.3667,0.1654,0.518,1.0276,0.3568,0.0444,0.033,0.1178,0.1278,0.0659,0.0113,-0.0212,-0.0458,-0.0817,-0.1428,-0.2332,-0.348,-0.4746,-0.5937,-0.6849,-0.7364,-0.7496,-0.7351,-0.3424,-0.358,-0.3761,-0.3962,-0.4168,-0.4334,-0.4353,-0.4016,-0.3097,-0.1661,-0.031,0.0571,0.0402,0.0846,0.1084,0.4275,0.7723,0.3106,0.0481,0.1117,0.3692,0.3183,0.1369,0.0471,0.0222,0.0165,-0.0125,-0.0909,-0.2207,-0.3911,-0.5815,-0.7579,-0.8808,-0.9307,-0.9187,-0.871,-0.3314,-0.3422,-0.3534,-0.3639,-0.3711,-0.3704,-0.3541,-0.3117,-0.2363,-0.134,-0.0418,-0.0302,-0.1377,-0.1958,-0.078,0.0292,0.0834,-0.071,-0.1809,0.0055,0.3891,0.3243,0.1261,0.0599,0.0858,0.1372,0.1279,0.0138,-0.1857,-0.4446,-0.7388,-1.0096,-1.1745,-1.2024,-1.1349,-1.0299,-0.3197,-0.3264,-0.3322,-0.3357,-0.3348,-0.3261,-0.3052,-0.2685,-0.2164,-0.1584,-0.1179,-0.1269,-0.2126,-0.2511,-0.2836,-0.3105,-0.2571,-0.3874,-0.5491,-0.2921,-0.0266,0.0497,0.0243,0.0567,0.1944,0.3799,0.4064,0.194,-0.1269,-0.5084,-0.9547,-1.3732,-1.5853,-1.5471,-1.3791,-1.1922,-0.3086,-0.3121,-0.3141,-0.3134,-0.3085,-0.2974,-0.2783,-0.2507,-0.2174,-0.1859,-0.1689,-0.18,-0.2245,-0.3184,-0.5973,-0.7094,-0.4404,-0.4411,-0.5176,-0.4398,-0.2849,-0.1593,-0.0821,0.0413,0.3199,0.7606,0.8457,0.386,-0.0875,-0.5731,-1.1791,-1.7768,-2.0225,-1.8736,-1.5844,-1.3169,-0.2986,-0.2999,-0.2995,-0.2967,-0.2904,-0.2798,-0.2644,-0.245,-0.2244,-0.2078,-0.2027,-0.2172,-0.2622,-0.3684,-0.5769,-0.6409,-0.4682,-0.4348,-0.5343,-0.581,-0.4046,-0.2754,-0.1808,-0.0335,0.2654,0.7854,0.8931,0.2617,-0.1626,-0.6134,-1.2569,-1.9272,-2.1814,-1.983,-1.6495,-1.3564,-0.2901,-0.29,-0.2884,-0.2847,-0.2784,-0.2694,-0.2578,-0.2446,-0.2323,-0.2243,-0.2253,-0.2409,-0.278,-0.3443,-0.4257,-0.4513,-0.4162,-0.4165,-0.4748,-0.4906,-0.4123,-0.3583,-0.3071,-0.1889,-0.0247,0.0199,-0.2984,-0.3165,-0.3406,-0.6151,-1.1146,-1.6524,-1.894,-1.7847,-1.5363,-1.295,-0.2832,-0.2822,-0.28,-0.2762,-0.2707,-0.2635,-0.2551,-0.2464,-0.2392,-0.236,-0.2396,-0.2531,-0.2787,-0.3153,-0.3517,-0.3698,-0.3722,-0.3822,-0.4041,-0.4141,-0.4224,-0.4768,-0.4864,-0.363,-0.2614,-0.3832,-0.6732,-0.5628,-0.4581,-0.5949,-0.907,-1.2529,-1.4513,-1.4454,-1.32,-1.165,-0.2776,-0.2763,-0.2739,-0.2705,-0.2659,-0.2604,-0.2544,-0.2488,-0.2448,-0.2441,-0.2483,-0.2587,-0.2757,-0.2971,-0.3179,-0.3329,-0.3432,-0.3551,-0.3712,-0.3941,-0.4484,-0.5589,-0.5914,-0.4589,-0.36,-0.4008,-0.4998,-0.4941,-0.4778,-0.5662,-0.7503,-0.958,-1.1016,-1.1407,-1.0976,-1.0154,-0.2732,-0.2718,-0.2696,-0.2666,-0.2629,-0.2588,-0.2547,-0.2511,-0.2491,-0.2496,-0.2535,-0.2613,-0.2729,-0.2869,-0.301,-0.3135,-0.3249,-0.3376,-0.3546,-0.3822,-0.4331,-0.5025,-0.5172,-0.4466,-0.3842,-0.3833,-0.4157,-0.4373,-0.4645,-0.5339,-0.6474,-0.7741,-0.8729,-0.9194,-0.9156,-0.8787]}]