docs/data/wind_grid.json
[{"header":{"la1":42.85,"la2":41.18,"lo1":11.55,"lo2":14.05,"nx":36,"ny":24,"dx":0.07143,"dy":0.07261,"parameterCategory":2,"parameterNumber":2,"parameterNumberName":"eastward_wind","parameterUnit":"m.s-1"},"data":[-0.6647,-0.6642,-0.6609,-0.6548,-0.6465,-0.6364,-0.6252,-0.6136,-0.6019,-0.5907,-0.5809,-0.5734,-0.569,-0.5679,-0.5698,-0.5733,-0.5762,-0.5757,-0.5688,-0.5548,-0.5357,-0.5164,-0.502,-0.4945,-0.4922,-0.4922,-0.4921,-0.4909,-0.4883,-0.4846,-0.4801,-0.4752,-0.4702,-0.4652,-0.4604,-0.4559,-0.6863,-0.6868,-0.6835,-0.6763,-0.6659,-0.6533,-0.6397,-0.6255,-0.611,-0.5968,-0.5839,-0.5742,-0.5689,-0.5689,-0.5738,-0.5821,-0.5903,-0.5932,-0.5851,-0.5626,-0.5293,-0.4966,-0.4764,-0.4716,-0.4761,-0.4825,-0.4868,-0.4879,-0.4862,-0.4826,-0.4779,-0.4726,-0.4672,-0.4618,-0.4567,-0.452,-0.7128,-0.7153,-0.7125,-0.7038,-0.6904,-0.6742,-0.6575,-0.6407,-0.6232,-0.6047,-0.587,-0.5733,-0.5663,-0.5673,-0.5767,-0.5926,-0.6106,-0.6221,-0.6142,-0.5764,-0.5128,-0.4506,-0.4223,-0.43,-0.4517,-0.4705,-0.4815,-0.4853,-0.4844,-0.4807,-0.4754,-0.4696,-0.4636,-0.4578,-0.4525,-0.4475,-0.7458,-0.7522,-0.7508,-0.7402,-0.7218,-0.7,-0.6795,-0.6614,-0.6415,-0.6166,-0.5904,-0.5698,-0.5594,-0.5612,-0.5761,-0.6037,-0.6396,-0.671,-0.6717,-0.6097,-0.4789,-0.3452,-0.3103,-0.3611,-0.4211,-0.4598,-0.4785,-0.4844,-0.4834,-0.4787,-0.4725,-0.4658,-0.4593,-0.4531,-0.4474,-0.4422,-0.7868,-0.8008,-0.8038,-0.7911,-0.7638,-0.7312,-0.7056,-0.6908,-0.6728,-0.6369,-0.5944,-0.562,-0.5458,-0.5472,-0.5681,-0.6109,-0.6762,-0.752,-0.7914,-0.7058,-0.4395,-0.129,-0.113,-0.2789,-0.4001,-0.4587,-0.4812,-0.4862,-0.483,-0.4765,-0.4689,-0.4612,-0.4539,-0.4472,-0.4413,-0.436,-0.8366,-0.8655,-0.8802,-0.8672,-0.8238,-0.7688,-0.7324,-0.7327,-0.7304,-0.6698,-0.5956,-0.546,-0.5222,-0.5211,-0.5454,-0.6036,-0.7075,-0.8643,-1.0196,-0.9505,-0.5279,0.0158,-0.0051,-0.2766,-0.4219,-0.4769,-0.4918,-0.4903,-0.4827,-0.4733,-0.4638,-0.455,-0.4471,-0.4401,-0.434,-0.4288,-0.8931,-0.9484,-0.9924,-0.9895,-0.9172,-0.8162,-0.7505,-0.7673,-0.7975,-0.6904,-0.578,-0.5154,-0.4852,-0.4777,-0.4981,-0.5634,-0.6975,-0.931,-1.2399,-1.2115,-0.8289,-0.4469,-0.3474,-0.4423,-0.4998,-0.5133,-0.507,-0.4942,-0.4804,-0.4677,-0.4565,-0.4469,-0.4386,-0.4315,-0.4254,-0.4203,-0.9467,-1.0391,-1.1437,-1.1832,-1.0591,-0.877,-0.7529,-0.7234,-0.7216,-0.6171,-0.5191,-0.4661,-0.4345,-0.4133,-0.4127,-0.4688,-0.613,-0.8402,-1.0783,-1.1271,-1.1474,-1.0332,-0.7876,-0.6542,-0.5905,-0.5491,-0.5173,-0.4925,-0.4732,-0.4581,-0.4461,-0.4362,-0.428,-0.4211,-0.4153,-0.4105,-0.9799,-1.0986,-1.2646,-1.3815,-1.1869,-0.9282,-0.7441,-0.6269,-0.5379,-0.4598,-0.4231,-0.4049,-0.3775,-0.3293,-0.2638,-0.2815,-0.4667,-0.7027,-0.9148,-1.1584,-1.6032,-1.4909,-1.036,-0.7744,-0.6386,-0.5603,-0.5112,-0.4793,-0.458,-0.443,-0.4317,-0.4227,-0.4151,-0.4087,-0.4034,-0.3991,-0.9812,-1.0921,-1.2222,-1.2906,-1.1686,-0.9458,-0.7308,-0.5365,-0.3194,-0.2234,-0.3042,-0.3483,-0.3297,-0.2527,-0.0303,0.0877,-0.3152,-0.6407,-0.8589,-1.0904,-1.4081,-1.3429,-1.0055,-0.765,-0.6199,-0.5321,-0.4801,-0.4503,-0.4331,-0.4219,-0.4134,-0.4062,-0.3998,-0.3942,-0.3896,-0.386,-0.957,-1.0544,-1.1728,-1.3147,-1.2629,-0.968,-0.7423,-0.5274,-0.0576,0.1703,-0.2081,-0.3179,-0.2999,-0.2367,-0.0502,0.0963,-0.38,-0.7483,-0.9287,-0.9884,-1.0323,-0.9828,-0.8258,-0.6639,-0.5394,-0.4594,-0.4191,-0.4038,-0.3986,-0.3956,-0.3919,-0.3874,-0.3823,-0.3776,-0.3737,-0.3709,-0.9149,-1.0002,-1.1202,-1.2743,-1.2148,-0.9364,-0.8053,-0.7648,-0.4,-0.1067,-0.2828,-0.3255,-0.2741,-0.1855,-0.2233,-0.3517,-0.6738,-1.183,-1.3242,-1.0755,-0.8963,-0.7785,-0.6581,-0.5289,-0.4101,-0.3378,-0.3258,-0.3419,-0.3582,-0.3669,-0.369,-0.3668,-0.3627,-0.3585,-0.3553,-0.3535,-0.8585,-0.9182,-0.9868,-1.033,-0.9753,-0.8608,-0.8627,-0.9944,-0.8261,-0.5012,-0.3907,-0.3541,-0.2945,-0.1498,-0.227,-0.4836,-0.8631,-2.061,-2.1113,-1.2078,-0.8234,-0.6426,-0.5206,-0.3924,-0.2432,-0.1619,-0.2067,-0.2767,-0.3205,-0.3408,-0.3467,-0.3451,-0.3406,-0.3362,-0.3334,-0.3329,-0.7964,-0.8298,-0.8568,-0.8601,-0.8267,-0.7914,-0.8173,-0.8949,-0.7972,-0.5472,-0.4155,-0.3771,-0.359,-0.2258,-0.3821,-0.5335,-0.7544,-1.414,-1.5508,-0.9909,-0.6434,-0.4782,-0.393,-0.2903,-0.1125,-0.0078,-0.1198,-0.2373,-0.2981,-0.3223,-0.3268,-0.3219,-0.3144,-0.3087,-0.3066,-0.3083,-0.7379,-0.7534,-0.7607,-0.7538,-0.7338,-0.7158,-0.714,-0.7038,-0.6165,-0.4801,-0.396,-0.3696,-0.334,-0.296,-0.4437,-0.5746,-1.1838,-0.9269,-0.8292,-0.5727,-0.3035,-0.225,-0.2566,-0.2447,-0.1485,-0.0791,-0.1576,-0.2506,-0.2992,-0.3138,-0.3085,-0.2943,-0.2803,-0.2723,-0.2721,-0.2779,-0.6871,-0.6922,-0.6906,-0.6804,-0.6632,-0.6432,-0.6198,-0.5795,-0.5061,-0.413,-0.3366,-0.3846,-0.3619,-0.3456,-0.4463,-0.7023,-1.0119,-0.7121,-0.4727,-0.199,0.1947,0.1208,-0.1196,-0.2195,-0.2313,-0.228,-0.261,-0.3017,-0.3198,-0.3127,-0.2874,-0.2554,-0.2303,-0.2208,-0.2262,-0.2405,-0.6444,-0.6435,-0.6373,-0.6251,-0.6072,-0.584,-0.5537,-0.5111,-0.4538,-0.3894,-0.3382,-0.3464,-0.2893,-0.2585,-0.3495,-0.4434,-0.4775,-0.3068,-0.1075,-0.0023,0.2837,0.1888,-0.0732,-0.2138,-0.2857,-0.3294,-0.358,-0.367,-0.3528,-0.3148,-0.2564,-0.1929,-0.1506,-0.1446,-0.1654,-0.1958,-0.6088,-0.6042,-0.5954,-0.5819,-0.5634,-0.5396,-0.5097,-0.4725,-0.4295,-0.3867,-0.3531,-0.3218,-0.2549,-0.2227,-0.1763,-0.1426,-0.1546,0.1048,0.4119,0.1363,0.0661,0.0103,-0.1152,-0.2386,-0.3463,-0.4309,-0.4641,-0.4461,-0.397,-0.3185,-0.2092,-0.0907,-0.0236,-0.0373,-0.0918,-0.1484,-0.579,-0.5723,-0.562,-0.5478,-0.5295,-0.5068,-0.4796,-0.448,-0.4138,-0.3795,-0.3462,-0.3077,-0.2533,-0.1527,0.1534,0.2879,0.0305,0.1491,0.3163,0.1852,0.0618,-0.038,-0.1415,-0.2676,-0.4152,-0.5432,-0.5715,-0.5334,-0.4529,-0.3286,-0.1558,0.0426,0.138,0.0788,-0.025,-0.1102,-0.554,-0.546,-0.535,-0.5208,-0.5031,-0.4821,-0.4577,-0.4303,-0.4009,-0.3699,-0.3362,-0.2946,-0.2322,-0.1109,0.1261,0.2078,0.0509,0.0805,0.2242,0.2779,0.1027,-0.0153,-0.1177,-0.2639,-0.453,-0.5903,-0.6142,-0.6378,-0.5226,-0.3515,-0.1432,0.0971,0.2059,0.1213,-0.0025,-0.0969,-0.5329,-0.5242,-0.513,-0.4991,-0.4824,-0.463,-0.4409,-0.4165,-0.39,-0.3611,-0.3283,-0.2875,-0.2307,-0.1471,-0.0476,-0.0036,-0.0112,0.0315,0.1308,0.1636,0.0946,0.0622,0.0001,-0.1857,-0.4555,-0.7439,-1.0432,-0.9118,-0.5873,-0.3621,-0.187,-0.0094,0.0836,0.0443,-0.0398,-0.1135,-0.5151,-0.5061,-0.4949,-0.4815,-0.4658,-0.4479,-0.4278,-0.4056,-0.3813,-0.3545,-0.3239,-0.2874,-0.2421,-0.1877,-0.1337,-0.0959,-0.0684,-0.0271,0.0267,0.0673,0.1292,0.2854,0.3131,0.006,-0.3973,-0.8551,-1.3381,-1.021,-0.4599,-0.268,-0.2017,-0.1246,-0.0678,-0.0678,-0.1041,-0.1478,-0.5,-0.4909,-0.4799,-0.4671,-0.4524,-0.4358,-0.4173,-0.397,-0.3748,-0.3502,-0.3227,-0.2912,-0.2554,-0.2163,-0.178,-0.144,-0.1115,-0.0735,-0.0268,0.04,0.1859,0.4812,0.5725,0.168,-0.2732,-0.6288,-0.8101,-0.4973,-0.026,-0.0601,-0.1555,-0.1681,-0.1519,-0.1473,-0.1608,-0.1839,-0.4871,-0.4781,-0.4675,-0.4553,-0.4415,-0.4261,-0.4091,-0.3904,-0.3701,-0.3479,-0.3234,-0.2965,-0.2672,-0.2363,-0.2054,-0.1751,-0.144,-0.1084,-0.0627,0.0077,0.1342,0.3118,0.3408,0.0975,-0.1977,-0.4059,-0.4452,-0.2271,0.0369,-0.0171,-0.1339,-0.1815,-0.1908,-0.1931,-0.2005,-0.2136]},{"header":{"la1":42.85,"la2":41.18,"lo1":11.55,"lo2":14.05,"nx":36,"ny":24,"dx":0.07143,"dy":0.07261,"parameterCategory":2,"parameterNumber":3,"parameterNumberName":"northward_wind","parameterUnit":"m.s-1"},"data":[-0.733,-0.7294,-0.7236,-0.7155,-0.7052,-0.693,-0.6798,-0.666,-0.6521,-0.6378,-0.6219,-0.6033,-0.5811,-0.555,-0.525,-0.4918,-0.4567,-0.4212,-0.3872,-0.3567,-0.3318,-0.3147,-0.3071,-0.3087,-0.3175,-0.3305,-0.3455,-0.3611,-0.3763,-0.391,-0.4049,-0.4182,-0.4307,-0.4425,-0.4537,-0.4642,-0.747,-0.744,-0.738,-0.7289,-0.7166,-0.7017,-0.6856,-0.6699,-0.6557,-0.6423,-0.6279,-0.6101,-0.5871,-0.5584,-0.524,-0.4847,-0.442,-0.3982,-0.356,-0.3175,-0.2855,-0.2639,-0.2568,-0.2639,-0.2805,-0.3013,-0.3227,-0.3433,-0.3624,-0.38,-0.3964,-0.4116,-0.4258,-0.4391,-0.4515,-0.463,-0.763,-0.7608,-0.7549,-0.7444,-0.729,-0.7093,-0.6877,-0.6681,-0.6534,-0.6432,-0.6332,-0.6183,-0.5958,-0.5648,-0.5254,-0.4785,-0.4259,-0.3712,-0.3184,-0.2697,-0.2265,-0.1961,-0.19,-0.2079,-0.2382,-0.2704,-0.3,-0.3262,-0.3494,-0.3701,-0.3888,-0.4061,-0.422,-0.4367,-0.4503,-0.4629,-0.7812,-0.7808,-0.7755,-0.7636,-0.7435,-0.7154,-0.6825,-0.6532,-0.6373,-0.6354,-0.6362,-0.6286,-0.6085,-0.5759,-0.5311,-0.4748,-0.4087,-0.3387,-0.2732,-0.2145,-0.1545,-0.1037,-0.0995,-0.1408,-0.1938,-0.2409,-0.2795,-0.3113,-0.3382,-0.3617,-0.3827,-0.4018,-0.4194,-0.4356,-0.4505,-0.4642,-0.8017,-0.8046,-0.8016,-0.789,-0.7632,-0.7215,-0.6655,-0.6104,-0.5888,-0.6091,-0.6357,-0.6425,-0.6271,-0.5937,-0.544,-0.4769,-0.3922,-0.2974,-0.2146,-0.1561,-0.0816,0.0142,0.0113,-0.075,-0.1572,-0.2184,-0.2641,-0.3,-0.3297,-0.3554,-0.3783,-0.3993,-0.4185,-0.4362,-0.4524,-0.4671,-0.8242,-0.8328,-0.8353,-0.8248,-0.7939,-0.7353,-0.6393,-0.5182,-0.4727,-0.555,-0.6368,-0.6646,-0.6543,-0.6211,-0.5686,-0.4921,-0.3841,-0.2466,-0.124,-0.0913,-0.0498,0.0746,0.0633,-0.0509,-0.1434,-0.2082,-0.2557,-0.2929,-0.324,-0.3512,-0.3758,-0.3985,-0.4194,-0.4387,-0.4562,-0.472,-0.8469,-0.8646,-0.8784,-0.8756,-0.8427,-0.7732,-0.6428,-0.425,-0.3231,-0.5187,-0.6646,-0.7035,-0.6927,-0.6607,-0.6112,-0.5323,-0.4068,-0.2238,-0.0318,-0.0295,-0.0585,-0.0128,-0.0176,-0.0844,-0.1541,-0.2099,-0.2537,-0.2896,-0.3207,-0.349,-0.3752,-0.3998,-0.4226,-0.4435,-0.4624,-0.4793,-0.8659,-0.8947,-0.9289,-0.9434,-0.9061,-0.8406,-0.7392,-0.5712,-0.4947,-0.6512,-0.7547,-0.7646,-0.741,-0.7132,-0.6799,-0.6126,-0.4835,-0.3004,-0.1268,-0.0721,-0.0126,-0.0042,-0.0587,-0.1173,-0.1712,-0.2166,-0.2545,-0.2878,-0.3187,-0.3482,-0.3764,-0.4032,-0.4283,-0.4512,-0.4717,-0.4897,-0.8754,-0.9094,-0.9646,-1.0079,-0.9493,-0.9055,-0.885,-0.8631,-0.8771,-0.9178,-0.8982,-0.8392,-0.7906,-0.7748,-0.7916,-0.7611,-0.608,-0.4182,-0.2498,-0.0793,0.1607,0.1207,-0.0431,-0.1318,-0.1838,-0.2215,-0.2537,-0.2847,-0.3161,-0.3479,-0.3792,-0.4093,-0.4372,-0.4625,-0.4848,-0.5038,-0.8726,-0.895,-0.9258,-0.945,-0.9083,-0.9415,-1.0136,-1.1027,-1.229,-1.2533,-1.07,-0.906,-0.8261,-0.8256,-0.963,-1.0466,-0.7371,-0.497,-0.3283,-0.1478,0.0557,0.0437,-0.0793,-0.1525,-0.1916,-0.2187,-0.2455,-0.2763,-0.3109,-0.3475,-0.3839,-0.4187,-0.4505,-0.4788,-0.5029,-0.5228,-0.864,-0.8681,-0.8441,-0.7575,-0.7849,-0.9634,-1.1316,-1.2788,-1.5507,-1.6981,-1.2081,-0.9334,-0.8388,-0.8329,-0.9434,-1.0504,-0.7046,-0.4974,-0.379,-0.2647,-0.1602,-0.128,-0.1509,-0.1741,-0.1863,-0.1982,-0.2215,-0.2578,-0.3015,-0.3471,-0.3916,-0.433,-0.47,-0.5017,-0.5277,-0.5481,-0.8589,-0.8582,-0.8305,-0.7654,-0.8087,-1.0358,-1.2747,-1.428,-1.4728,-1.4854,-1.1309,-0.9027,-0.8433,-0.893,-0.8142,-0.6609,-0.5112,-0.451,-0.4145,-0.3276,-0.2493,-0.2045,-0.1856,-0.1706,-0.149,-0.1407,-0.1696,-0.2254,-0.2881,-0.3487,-0.4048,-0.4552,-0.4987,-0.5343,-0.5618,-0.5817,-0.8588,-0.866,-0.8666,-0.8744,-0.9487,-1.13,-1.3793,-1.5952,-1.4702,-1.2178,-0.9876,-0.8552,-0.8218,-0.9295,-0.7889,-0.3885,-0.2856,-0.4962,-0.5081,-0.3353,-0.2478,-0.2009,-0.1731,-0.1349,-0.0645,-0.0227,-0.0831,-0.1838,-0.2767,-0.3573,-0.428,-0.4897,-0.541,-0.5807,-0.6086,-0.6262,-0.8592,-0.8749,-0.8951,-0.9317,-1.0073,-1.1378,-1.3132,-1.4692,-1.3738,-1.0905,-0.9001,-0.8425,-0.8278,-0.6918,-0.41,0.1173,0.0996,-0.2227,-0.3442,-0.2488,-0.1677,-0.1297,-0.1253,-0.0942,0.0203,0.104,-0.0102,-0.1609,-0.2809,-0.3804,-0.4676,-0.5433,-0.6041,-0.6474,-0.6733,-0.6848,-0.8559,-0.8752,-0.9008,-0.9389,-0.9965,-1.0751,-1.1593,-1.198,-1.1124,-0.9493,-0.8374,-0.7863,-0.7225,-0.6828,-0.26,0.287,0.9299,0.1944,-0.1098,-0.0976,0.0383,0.0509,-0.0411,-0.08,-0.0198,0.0352,-0.0553,-0.1896,-0.3115,-0.4243,-0.531,-0.6258,-0.6991,-0.7442,-0.7625,-0.7615,-0.8475,-0.8661,-0.8893,-0.9191,-0.9559,-0.9952,-1.0227,-1.0128,-0.9478,-0.8573,-0.8054,-0.7896,-0.7582,-0.6469,-0.3483,0.1754,0.6404,0.1421,-0.1048,0.0411,0.512,0.402,0.0627,-0.0799,-0.1028,-0.104,-0.153,-0.2444,-0.359,-0.4889,-0.626,-0.7528,-0.8444,-0.8861,-0.8848,-0.859,-0.8351,-0.8507,-0.8686,-0.8887,-0.9093,-0.9256,-0.9289,-0.9099,-0.8681,-0.8222,-0.8014,-0.8017,-0.9209,-0.9512,-0.5495,-0.2547,-0.1252,-0.2616,-0.3635,-0.0734,0.572,0.4339,0.0513,-0.1043,-0.1406,-0.1437,-0.1756,-0.2637,-0.3989,-0.568,-0.7615,-0.9483,-1.0694,-1.0928,-1.0467,-0.9763,-0.82,-0.832,-0.8445,-0.8568,-0.8668,-0.8714,-0.8666,-0.8497,-0.8241,-0.8003,-0.7903,-0.8121,-0.9545,-0.9658,-0.676,-0.5373,-0.4659,-0.6407,-0.8943,-0.4688,-0.0875,-0.008,-0.1047,-0.1592,-0.1297,-0.0493,-0.0524,-0.2055,-0.4157,-0.654,-0.9409,-1.2399,-1.4081,-1.3744,-1.2395,-1.1007,-0.8039,-0.8124,-0.8204,-0.8271,-0.8309,-0.83,-0.8228,-0.8091,-0.7917,-0.7758,-0.7675,-0.7739,-0.7927,-0.7623,-0.7346,-0.7465,-0.6079,-0.6748,-0.7824,-0.576,-0.3953,-0.2842,-0.255,-0.2202,-0.0847,0.2105,0.2718,-0.1007,-0.4342,-0.7379,-1.1267,-1.5887,-1.816,-1.6694,-1.4122,-1.2011,-0.7877,-0.7934,-0.798,-0.8008,-0.801,-0.7975,-0.7897,-0.778,-0.7641,-0.7505,-0.7395,-0.7314,-0.7211,-0.7045,-0.7179,-0.719,-0.6265,-0.6009,-0.5951,-0.5875,-0.4954,-0.4113,-0.3637,-0.3011,-0.1413,0.23,0.3159,-0.209,-0.529,-0.8082,-1.2028,-1.7287,-1.9814,-1.7765,-1.4722,-1.2383,-0.7722,-0.7755,-0.7777,-0.7781,-0.7761,-0.7712,-0.7634,-0.7528,-0.7403,-0.7272,-0.714,-0.7006,-0.6856,-0.6708,-0.6614,-0.6418,-0.6025,-0.5762,-0.5688,-0.558,-0.5153,-0.483,-0.4596,-0.4145,-0.3523,-0.3541,-0.5976,-0.6376,-0.7095,-0.8758,-1.1319,-1.4893,-1.6929,-1.593,-1.3845,-1.2007,-0.7576,-0.7592,-0.7596,-0.7583,-0.7551,-0.7495,-0.7417,-0.7317,-0.72,-0.7071,-0.6934,-0.6786,-0.6629,-0.6467,-0.6301,-0.6096,-0.5852,-0.5648,-0.5516,-0.54,-0.5336,-0.5519,-0.5572,-0.5186,-0.5188,-0.6547,-0.8838,-0.8399,-0.9174,-0.9919,-1.0655,-1.2151,-1.3336,-1.3239,-1.2294,-1.1181,-0.7442,-0.7445,-0.7437,-0.7413,-0.7372,-0.7313,-0.7235,-0.714,-0.7029,-0.6905,-0.6771,-0.6625,-0.6471,-0.6309,-0.6139,-0.5956,-0.5771,-0.5608,-0.549,-0.5436,-0.5539,-0.5917,-0.6045,-0.5706,-0.5877,-0.6849,-0.8069,-0.9616,-1.2146,-1.1673,-1.0723,-1.08,-1.1214,-1.1276,-1.0897,-1.0294,-0.732,-0.7314,-0.7296,-0.7265,-0.722,-0.7159,-0.7083,-0.6992,-0.6887,-0.677,-0.6642,-0.6505,-0.636,-0.6209,-0.6053,-0.5895,-0.5745,-0.5616,-0.5526,-0.5503,-0.5592,-0.5788,-0.5864,-0.5845,-0.616,-0.6959,-0.8218,-1.0341,-1.2531,-1.1948,-1.0676,-1.0172,-1.0121,-1.0084,-0.9884,-0.9542]}]