docs/data/wind_grid.json
[{"header":{"la1":42.85,"la2":41.18,"lo1":11.55,"lo2":14.05,"nx":36,"ny":24,"dx":0.07143,"dy":0.07261,"parameterCategory":2,"parameterNumber":2,"parameterNumberName":"eastward_wind","parameterUnit":"m.s-1"},"data":[1.6098,1.6024,1.5962,1.5913,1.5873,1.5838,1.5804,1.5762,1.5705,1.5624,1.5509,1.5349,1.5137,1.4868,1.4547,1.4191,1.3833,1.3522,1.3309,1.3225,1.3266,1.3399,1.3586,1.3802,1.4032,1.4268,1.4505,1.4738,1.4964,1.5181,1.539,1.559,1.578,1.5961,1.6133,1.6295,1.5973,1.589,1.5825,1.5778,1.5747,1.5725,1.5706,1.5679,1.5636,1.5563,1.5449,1.5276,1.5032,1.4704,1.4292,1.3811,1.3308,1.2865,1.258,1.2517,1.2655,1.2905,1.3186,1.3466,1.3745,1.4023,1.4296,1.4561,1.4815,1.5057,1.5287,1.5506,1.5714,1.591,1.6096,1.627,1.5824,1.5726,1.5655,1.5612,1.5595,1.5594,1.5598,1.5594,1.5569,1.5511,1.5402,1.5221,1.4945,1.4551,1.4024,1.3366,1.2632,1.1956,1.1549,1.1569,1.195,1.2441,1.2849,1.3175,1.3482,1.3791,1.4096,1.439,1.4669,1.4934,1.5186,1.5425,1.5651,1.5864,1.6064,1.6251,1.5644,1.5521,1.5437,1.5399,1.5405,1.544,1.5482,1.5513,1.5514,1.5471,1.5371,1.5188,1.4888,1.4427,1.3764,1.2867,1.1755,1.0622,0.9936,1.0181,1.1212,1.224,1.2755,1.3004,1.327,1.3584,1.3909,1.4226,1.4527,1.4814,1.5087,1.5347,1.5592,1.5824,1.604,1.6241,1.5425,1.5258,1.5147,1.5114,1.516,1.5256,1.5369,1.5464,1.5497,1.5453,1.5351,1.5175,1.4863,1.4349,1.3555,1.2375,1.0684,0.8591,0.7058,0.774,1.0482,1.2799,1.3155,1.2986,1.311,1.3403,1.3736,1.4066,1.4385,1.4691,1.4987,1.5269,1.5537,1.5789,1.6023,1.6239,1.5166,1.492,1.4746,1.4708,1.4819,1.5023,1.5267,1.5513,1.5603,1.547,1.5321,1.5165,1.4871,1.4327,1.3442,1.2036,0.9682,0.583,0.1605,0.263,0.8937,1.3426,1.3484,1.2897,1.2944,1.323,1.3563,1.3898,1.4229,1.4557,1.4878,1.519,1.5485,1.5761,1.6015,1.6247,1.4881,1.4497,1.4179,1.4093,1.4319,1.4692,1.5102,1.5624,1.5858,1.5444,1.5208,1.5136,1.4902,1.4331,1.3393,1.1989,0.9474,0.425,-0.4125,-0.3215,0.6481,1.1211,1.2316,1.246,1.2716,1.3036,1.3361,1.3691,1.4036,1.4394,1.4754,1.5104,1.5435,1.574,1.6018,1.6268,1.4622,1.4047,1.3434,1.3169,1.3627,1.4236,1.4666,1.5118,1.5318,1.49,1.4861,1.5078,1.4976,1.4271,1.3113,1.1927,1.0345,0.6838,0.1674,0.2599,0.7766,0.9898,1.1221,1.2003,1.2461,1.2779,1.3067,1.339,1.3766,1.4178,1.4601,1.5009,1.5388,1.5731,1.6036,1.6304,1.4487,1.3775,1.2848,1.2235,1.3062,1.3829,1.4005,1.3795,1.3368,1.3247,1.4064,1.5049,1.5228,1.4076,1.173,1.0434,1.0921,1.0362,0.8868,0.8762,0.9103,0.9497,1.0925,1.1807,1.218,1.2355,1.2561,1.2897,1.3357,1.3881,1.4411,1.4907,1.5351,1.5739,1.6073,1.636,1.4545,1.3884,1.3152,1.2767,1.325,1.3659,1.3419,1.2181,0.9811,0.9272,1.2516,1.5255,1.6056,1.4316,0.7988,0.4415,1.03,1.2503,1.2272,1.1322,1.0108,1.0325,1.1377,1.1778,1.1667,1.1491,1.1592,1.2049,1.2732,1.348,1.4189,1.481,1.5336,1.5774,1.6137,1.6439,1.4759,1.4193,1.3626,1.3171,1.3265,1.3647,1.3199,1.1283,0.4878,0.1398,1.1045,1.619,1.7911,1.7074,1.0215,0.479,1.2098,1.4439,1.443,1.3689,1.2765,1.2351,1.2156,1.1468,1.0363,0.9569,0.9697,1.0616,1.1828,1.2987,1.3966,1.475,1.5366,1.5851,1.6236,1.6547,1.5082,1.4574,1.3978,1.3362,1.3462,1.3849,1.3408,1.2509,0.9134,0.6741,1.3607,1.8154,2.024,2.1512,1.9679,1.6755,1.656,1.5955,1.5466,1.5311,1.4685,1.3803,1.2499,1.0244,0.7219,0.5334,0.6117,0.8401,1.0696,1.2502,1.3825,1.4779,1.5472,1.5985,1.6377,1.6685,1.5501,1.51,1.467,1.4341,1.4343,1.4302,1.3665,1.2954,1.3159,1.429,1.7509,2.0316,2.1562,2.2721,2.2181,2.0915,1.9376,1.4783,1.4369,1.6123,1.5814,1.4624,1.2395,0.7983,0.1001,-0.3085,0.0347,0.5731,0.9707,1.2264,1.3897,1.4963,1.5681,1.6186,1.6558,1.6847,1.5988,1.5717,1.5467,1.5301,1.5228,1.5025,1.4441,1.3721,1.4508,1.7225,1.9913,2.1662,2.2103,2.2975,2.2649,2.3358,2.2308,1.8277,1.6715,1.7233,1.6462,1.5068,1.2512,0.6481,-0.5305,-1.2447,-0.4464,0.4393,0.9654,1.2604,1.4315,1.5348,1.6001,1.6441,1.6764,1.7021,1.6497,1.6341,1.622,1.6154,1.6126,1.6057,1.5932,1.6091,1.7403,1.9891,2.2009,2.2782,2.2838,2.2961,2.3168,2.3972,2.4958,2.2211,2.0011,1.8159,1.587,1.4704,1.3321,0.8592,-0.0893,-0.6785,-0.0769,0.664,1.1183,1.3706,1.5112,1.591,1.6384,1.6702,1.6956,1.7179,1.6997,1.6934,1.6912,1.6943,1.7032,1.7187,1.7497,1.8227,1.9755,2.2186,2.4936,2.4861,2.4175,2.3564,2.3607,2.4086,2.4698,2.3517,2.1877,1.7998,1.1434,1.221,1.432,1.2706,0.8792,0.6397,0.8237,1.1494,1.3918,1.5361,1.6134,1.6508,1.6703,1.6869,1.7066,1.7284,1.7469,1.7482,1.7541,1.7662,1.7864,1.8187,1.8716,1.9597,2.0977,2.2882,2.4804,2.4711,2.5334,2.5767,2.4777,2.4819,2.503,2.5622,2.5487,2.0456,1.1039,1.2471,1.6115,1.6418,1.5533,1.5158,1.5659,1.6348,1.6851,1.7099,1.7077,1.6878,1.6721,1.6775,1.7007,1.7298,1.7904,1.7976,1.8099,1.8288,1.8568,1.8974,1.9558,2.0379,2.1456,2.2675,2.3701,2.4416,2.5696,2.6271,2.6857,2.757,2.7303,2.963,3.2785,2.717,2.1108,1.9129,1.956,1.9736,1.9954,2.0707,2.0961,2.0176,1.9297,1.8528,1.7641,1.6666,1.6104,1.624,1.673,1.7228,1.8296,1.8412,1.8581,1.8815,1.9134,1.9561,2.0124,2.0835,2.1675,2.2565,2.3409,2.4249,2.5271,2.6851,3.1322,3.3276,2.9487,3.0635,3.2814,3.2185,2.7907,2.4552,2.3158,2.2606,2.2862,2.4391,2.4752,2.2692,2.0981,1.9563,1.7811,1.5762,1.4766,1.5359,1.6375,1.717,1.8643,1.8791,1.8988,1.9246,1.9578,1.9997,2.0513,2.1128,2.1821,2.256,2.3326,2.4174,2.5287,2.7217,3.081,3.2053,2.9858,3.0977,3.6397,3.8984,3.1907,2.8112,2.6375,2.5056,2.4321,2.51,2.5356,2.3252,2.1872,2.0461,1.8253,1.538,1.407,1.5036,1.6373,1.7311,1.8947,1.9115,1.9329,1.9595,1.9924,2.0321,2.0792,2.1332,2.1932,2.258,2.3283,2.4087,2.5102,2.6492,2.8095,2.8866,2.9019,3.0486,3.3778,3.4902,3.232,3.1313,3.0517,2.8,2.5347,2.3728,2.2339,2.2336,2.2419,2.1619,1.9686,1.7102,1.5715,1.6129,1.7045,1.7768,1.921,1.939,1.961,1.9876,2.0194,2.0566,2.0995,2.1477,2.2009,2.2588,2.3222,2.3937,2.4769,2.5724,2.6669,2.7398,2.8096,2.9253,3.0786,3.1849,3.3269,3.7139,3.8151,3.2454,2.6892,2.3359,2.1179,2.212,2.3625,2.3395,2.1721,1.9631,1.8241,1.7913,1.8136,1.8453,1.9435,1.9621,1.9842,2.0102,2.0404,2.0751,2.1143,2.1578,2.2055,2.2573,2.3137,2.3755,2.4434,2.5158,2.5877,2.6564,2.7308,2.8258,2.946,3.1146,3.4745,4.1843,4.4006,3.575,2.8519,2.4638,2.3155,2.4139,2.6211,2.5553,2.3482,2.1519,2.0143,1.9441,1.9204,1.9178,1.9627,1.9814,2.0032,2.0282,2.0568,2.0891,2.125,2.1644,2.2073,2.2537,2.3035,2.357,2.4141,2.4736,2.5345,2.5973,2.6673,2.7529,2.8671,3.045,3.3604,3.7954,3.885,3.4031,2.8863,2.5759,2.4605,2.5223,2.6572,2.5953,2.4151,2.2487,2.1258,2.0475,2.0035,1.9808]},{"header":{"la1":42.85,"la2":41.18,"lo1":11.55,"lo2":14.05,"nx":36,"ny":24,"dx":0.07143,"dy":0.07261,"parameterCategory":2,"parameterNumber":3,"parameterNumberName":"northward_wind","parameterUnit":"m.s-1"},"data":[0.561,0.5726,0.5791,0.58,0.5752,0.5644,0.5467,0.5205,0.4845,0.4395,0.3883,0.3352,0.2847,0.2399,0.2029,0.1748,0.1556,0.1448,0.1412,0.1427,0.1456,0.1454,0.1376,0.1205,0.0959,0.067,0.037,0.008,-0.019,-0.0436,-0.0656,-0.0852,-0.1025,-0.1178,-0.1311,-0.1428,0.6159,0.6329,0.6435,0.6475,0.6452,0.6371,0.622,0.596,0.5553,0.4994,0.4333,0.3647,0.3008,0.2462,0.2031,0.1722,0.1536,0.1465,0.1499,0.1615,0.1765,0.1861,0.181,0.1584,0.1238,0.0844,0.0455,0.0098,-0.0221,-0.0501,-0.0745,-0.0957,-0.1141,-0.1301,-0.1439,-0.1558,0.6797,0.7043,0.7205,0.7278,0.7284,0.7252,0.7176,0.6975,0.6534,0.5814,0.4914,0.399,0.3164,0.2491,0.1987,0.1652,0.1479,0.1461,0.159,0.186,0.223,0.2529,0.2517,0.2154,0.1607,0.1042,0.0531,0.0092,-0.028,-0.0595,-0.0861,-0.1088,-0.1281,-0.1446,-0.1586,-0.1705,0.7548,0.7911,0.815,0.8251,0.8266,0.83,0.84,0.8412,0.7999,0.7003,0.5674,0.4372,0.3288,0.2462,0.1879,0.1521,0.1374,0.1422,0.1657,0.2129,0.2901,0.3665,0.3694,0.2962,0.2035,0.1218,0.056,0.0037,-0.0384,-0.0728,-0.1012,-0.1248,-0.1447,-0.1614,-0.1754,-0.1871,0.844,0.8999,0.9371,0.9481,0.9421,0.9479,0.9927,1.0555,1.0379,0.8799,0.6628,0.4734,0.3327,0.2338,0.1682,0.1313,0.1211,0.1348,0.1668,0.2269,0.3644,0.5478,0.5436,0.3846,0.2356,0.1272,0.0489,-0.0098,-0.0551,-0.0912,-0.1204,-0.1444,-0.1643,-0.1809,-0.1946,-0.2058,0.9486,1.0408,1.1073,1.1191,1.0825,1.0649,1.156,1.3687,1.4375,1.1327,0.7563,0.4906,0.3195,0.2076,0.1365,0.0998,0.0973,0.1269,0.1689,0.2088,0.3636,0.6547,0.6329,0.4021,0.2256,0.1081,0.0263,-0.0337,-0.0794,-0.1154,-0.1443,-0.1679,-0.1873,-0.2032,-0.2163,-0.2268,1.0627,1.2211,1.3621,1.3928,1.2763,1.1597,1.2401,1.6322,1.8574,1.3064,0.7684,0.4619,0.2818,0.1646,0.0883,0.0516,0.0584,0.1116,0.1856,0.1921,0.2565,0.4078,0.4205,0.2899,0.1599,0.0606,-0.0131,-0.0687,-0.1117,-0.1456,-0.173,-0.1953,-0.2137,-0.2287,-0.2408,-0.2503,1.1603,1.4167,1.7309,1.8692,1.5715,1.2258,1.1476,1.3644,1.4778,1.0407,0.6238,0.3799,0.2238,0.1058,0.0161,-0.0265,-0.0117,0.05,0.1289,0.1578,0.1981,0.2248,0.2103,0.1492,0.0686,-0.0055,-0.0658,-0.1134,-0.1511,-0.1814,-0.2063,-0.2268,-0.2436,-0.2573,-0.2682,-0.2765,1.1902,1.5107,2.0398,2.4541,1.8258,1.223,0.9762,0.8913,0.779,0.5759,0.4064,0.2816,0.1685,0.0418,-0.0999,-0.1666,-0.1211,-0.0527,0.019,0.1118,0.2606,0.2349,0.1245,0.0454,-0.0214,-0.0791,-0.1266,-0.1649,-0.196,-0.2219,-0.2436,-0.262,-0.2772,-0.2894,-0.2988,-0.3055,1.1181,1.361,1.7088,1.9149,1.4303,1.0673,0.8417,0.6233,0.3262,0.1643,0.2134,0.2134,0.1514,0.0152,-0.2855,-0.4442,-0.2434,-0.1591,-0.1026,0.0073,0.1637,0.149,0.0327,-0.0511,-0.1103,-0.1556,-0.1912,-0.2199,-0.2443,-0.2656,-0.2844,-0.3008,-0.3144,-0.3252,-0.3331,-0.338,0.9839,1.0921,1.0983,0.8359,0.8338,0.9021,0.8272,0.6131,-0.0304,-0.3444,0.0907,0.2011,0.203,0.1355,-0.1959,-0.4426,-0.2616,-0.2713,-0.2734,-0.1922,-0.0943,-0.0704,-0.1109,-0.1601,-0.2007,-0.2315,-0.2549,-0.2746,-0.2933,-0.3113,-0.3282,-0.3433,-0.3559,-0.3655,-0.3716,-0.3743,0.8516,0.8995,0.8746,0.7655,0.7765,0.8768,1.0058,1.082,0.4972,0.0158,0.1786,0.2394,0.3026,0.4302,0.2595,-0.041,-0.2389,-0.5062,-0.5762,-0.42,-0.3026,-0.2542,-0.2505,-0.2652,-0.2824,-0.2963,-0.3089,-0.3236,-0.3405,-0.358,-0.3749,-0.3903,-0.4027,-0.4114,-0.4157,-0.4157,0.7408,0.775,0.784,0.7771,0.7977,0.9047,1.1857,1.5817,1.2159,0.5291,0.2824,0.2952,0.3428,0.5295,0.3933,0.0486,-0.2572,-0.9942,-1.0383,-0.5983,-0.4448,-0.3909,-0.3654,-0.3482,-0.3324,-0.3252,-0.3387,-0.3621,-0.3853,-0.4065,-0.4261,-0.4435,-0.4571,-0.4653,-0.4672,-0.4633,0.6452,0.6723,0.6903,0.7057,0.7406,0.8418,1.0592,1.3196,1.0892,0.4825,0.2089,0.3541,0.4278,0.2582,0.1463,0.1057,-0.1305,-0.6408,-0.7837,-0.6058,-0.5468,-0.5188,-0.4727,-0.4129,-0.3406,-0.3028,-0.3455,-0.3969,-0.433,-0.4604,-0.4846,-0.5064,-0.5229,-0.531,-0.5294,-0.5194,0.5588,0.5779,0.5924,0.6066,0.632,0.6846,0.7614,0.776,0.5486,0.1524,-0.1002,-0.0771,-0.0134,-0.1734,0.0037,0.0872,-0.5309,-0.4397,-0.5343,-0.617,-0.7172,-0.7095,-0.6037,-0.4968,-0.3976,-0.3486,-0.3962,-0.4558,-0.4949,-0.5247,-0.5548,-0.5848,-0.6074,-0.6152,-0.6069,-0.5864,0.4795,0.4901,0.4965,0.5002,0.5037,0.5054,0.4859,0.3934,0.1668,-0.2031,-0.6691,-0.5403,-0.3577,-0.1963,-0.1662,-0.2705,-0.5081,-0.4628,-0.5432,-0.7444,-1.0948,-1.0118,-0.7478,-0.6048,-0.5318,-0.5068,-0.5287,-0.5582,-0.5776,-0.6013,-0.6404,-0.6879,-0.723,-0.729,-0.7063,-0.6667,0.4069,0.4094,0.4067,0.3983,0.3821,0.3516,0.2912,0.1758,-0.0187,-0.3053,-0.6316,-0.5261,-0.4737,-0.4797,-0.3491,-0.3717,-0.4395,-0.5173,-0.6115,-0.7811,-1.1576,-1.0624,-0.8016,-0.6919,-0.6766,-0.7057,-0.7237,-0.7016,-0.6735,-0.6825,-0.7429,-0.8314,-0.8928,-0.8889,-0.8335,-0.7596,0.3412,0.3367,0.3262,0.3081,0.2794,0.2346,0.1647,0.0603,-0.0822,-0.2474,-0.3769,-0.418,-0.4961,-0.5331,-0.5489,-0.603,-0.5675,-0.6281,-0.7062,-0.716,-0.8226,-0.8357,-0.7693,-0.7538,-0.8385,-0.9975,-1.0341,-0.8853,-0.7567,-0.746,-0.8575,-1.0376,-1.1483,-1.1075,-0.9839,-0.8558,0.2824,0.2724,0.2562,0.2321,0.1976,0.1491,0.0829,-0.0032,-0.1059,-0.2118,-0.3008,-0.3695,-0.4441,-0.5616,-0.9119,-1.0665,-0.7168,-0.6629,-0.7026,-0.7173,-0.7329,-0.7509,-0.7584,-0.8032,-0.9989,-1.4482,-1.5495,-1.0499,-0.7645,-0.7522,-0.9531,-1.2901,-1.4699,-1.3426,-1.118,-0.93,0.2304,0.2165,0.1967,0.1696,0.1334,0.0865,0.0275,-0.0432,-0.1219,-0.2018,-0.2769,-0.3497,-0.4376,-0.5876,-0.8702,-0.9631,-0.7351,-0.6739,-0.7384,-0.7702,-0.7468,-0.776,-0.7998,-0.821,-0.9666,-1.4747,-1.5998,-0.8305,-0.592,-0.6564,-0.9381,-1.3855,-1.6075,-1.4261,-1.1564,-0.9485,0.1847,0.1684,0.1467,0.1185,0.083,0.0394,-0.0126,-0.0719,-0.1363,-0.2025,-0.2691,-0.3389,-0.4213,-0.53,-0.6517,-0.6978,-0.6632,-0.6631,-0.714,-0.7507,-0.8062,-0.9206,-0.9577,-0.8535,-0.7103,-0.4819,0.1201,0.0328,-0.2604,-0.4633,-0.7483,-1.1259,-1.3334,-1.2466,-1.0609,-0.8986,0.145,0.1272,0.1047,0.0767,0.0429,0.0029,-0.0431,-0.0943,-0.1492,-0.2064,-0.2656,-0.3281,-0.3967,-0.4716,-0.5409,-0.5842,-0.6071,-0.6401,-0.6957,-0.7812,-0.9687,-1.2999,-1.3901,-1.0304,-0.5791,0.0373,0.8002,0.4249,-0.058,-0.2542,-0.4918,-0.7666,-0.9463,-0.967,-0.8961,-0.8054,0.1104,0.0919,0.0694,0.0423,0.0105,-0.0261,-0.0672,-0.1122,-0.1602,-0.2106,-0.2629,-0.3175,-0.3744,-0.4319,-0.4851,-0.5297,-0.5707,-0.6208,-0.6955,-0.8288,-1.1131,-1.6129,-1.7579,-1.2074,-0.6358,-0.1405,0.1902,0.0875,-0.0203,-0.0947,-0.303,-0.5232,-0.6785,-0.7437,-0.7411,-0.7053,0.0803,0.0617,0.0396,0.0137,-0.0161,-0.0496,-0.0866,-0.1268,-0.1694,-0.2141,-0.2605,-0.3082,-0.357,-0.4055,-0.4523,-0.4972,-0.5442,-0.6017,-0.684,-0.8189,-1.0512,-1.3542,-1.4154,-1.0803,-0.6696,-0.3383,-0.1368,-0.0697,-0.0213,-0.0744,-0.24,-0.4076,-0.5316,-0.6015,-0.6256,-0.6202]}]