docs/data/wind_grid.json
[{"header":{"la1":42.85,"la2":41.18,"lo1":11.55,"lo2":14.05,"nx":36,"ny":24,"dx":0.07143,"dy":0.07261,"parameterCategory":2,"parameterNumber":2,"parameterNumberName":"eastward_wind","parameterUnit":"m.s-1"},"data":[-0.4051,-0.4087,-0.4107,-0.4114,-0.4111,-0.4104,-0.4094,-0.4085,-0.4081,-0.4093,-0.4138,-0.4236,-0.4403,-0.4643,-0.4949,-0.5298,-0.5652,-0.5963,-0.6181,-0.6278,-0.6261,-0.6168,-0.6042,-0.5911,-0.5783,-0.5657,-0.5532,-0.5411,-0.5294,-0.5185,-0.5083,-0.499,-0.4905,-0.4827,-0.4756,-0.4691,-0.4212,-0.4258,-0.4281,-0.4283,-0.4271,-0.4256,-0.4238,-0.4216,-0.4185,-0.4157,-0.4163,-0.424,-0.4416,-0.4703,-0.5093,-0.556,-0.605,-0.6481,-0.6758,-0.6824,-0.6701,-0.6485,-0.6272,-0.6099,-0.5952,-0.5812,-0.5673,-0.5534,-0.5402,-0.5278,-0.5165,-0.5063,-0.497,-0.4887,-0.4811,-0.4743,-0.442,-0.4483,-0.4512,-0.4507,-0.4485,-0.4464,-0.4452,-0.4431,-0.4369,-0.4271,-0.4197,-0.4221,-0.4393,-0.4731,-0.5232,-0.5868,-0.6575,-0.7214,-0.7593,-0.7565,-0.7184,-0.6708,-0.6374,-0.62,-0.608,-0.5952,-0.5806,-0.5654,-0.5506,-0.5368,-0.5244,-0.5133,-0.5034,-0.4946,-0.4866,-0.4795,-0.469,-0.4786,-0.4827,-0.4811,-0.4766,-0.4742,-0.4771,-0.4806,-0.4725,-0.4496,-0.4255,-0.4167,-0.4311,-0.4702,-0.5338,-0.621,-0.7266,-0.8312,-0.8926,-0.8677,-0.7643,-0.6565,-0.6125,-0.6133,-0.6154,-0.6076,-0.5933,-0.5767,-0.5604,-0.5453,-0.5319,-0.52,-0.5096,-0.5003,-0.4921,-0.4847,-0.504,-0.52,-0.5273,-0.5237,-0.5132,-0.5086,-0.5228,-0.5489,-0.5467,-0.4949,-0.4345,-0.4048,-0.4137,-0.4581,-0.5363,-0.6523,-0.8117,-0.9996,-1.1325,-1.0705,-0.8076,-0.5527,-0.5242,-0.5912,-0.6223,-0.621,-0.6062,-0.5877,-0.5696,-0.5533,-0.5389,-0.5265,-0.5156,-0.5061,-0.4977,-0.4901,-0.5483,-0.5768,-0.593,-0.5873,-0.5624,-0.5448,-0.576,-0.6673,-0.6996,-0.5738,-0.4389,-0.379,-0.3831,-0.4334,-0.5242,-0.6661,-0.8894,-1.2285,-1.581,-1.4991,-0.9476,-0.4638,-0.4675,-0.6006,-0.6437,-0.6392,-0.6199,-0.5983,-0.5782,-0.5607,-0.5456,-0.5327,-0.5216,-0.512,-0.5035,-0.4958,-0.6007,-0.6518,-0.691,-0.6901,-0.6356,-0.5749,-0.5973,-0.7768,-0.8858,-0.6251,-0.4028,-0.3261,-0.3358,-0.3962,-0.4953,-0.6444,-0.8959,-1.3606,-2.0408,-1.9759,-1.2315,-0.7897,-0.6765,-0.6944,-0.6876,-0.6621,-0.6337,-0.608,-0.5861,-0.5676,-0.5521,-0.539,-0.5278,-0.5182,-0.5097,-0.502,-0.6539,-0.7371,-0.8226,-0.8518,-0.7502,-0.6007,-0.5346,-0.6231,-0.6773,-0.4505,-0.2763,-0.2365,-0.2728,-0.3539,-0.4634,-0.5957,-0.7958,-1.1542,-1.6087,-1.5948,-1.3284,-1.1527,-0.9391,-0.8091,-0.7337,-0.6826,-0.6453,-0.6166,-0.5936,-0.5746,-0.5589,-0.5457,-0.5346,-0.5251,-0.5167,-0.5091,-0.6939,-0.8032,-0.9287,-1.0018,-0.8661,-0.6255,-0.4278,-0.311,-0.2065,-0.0941,-0.0704,-0.1178,-0.1989,-0.3185,-0.4726,-0.5874,-0.6815,-0.8678,-1.0951,-1.2627,-1.5262,-1.436,-1.078,-0.865,-0.7547,-0.6929,-0.6538,-0.6251,-0.6019,-0.5826,-0.5666,-0.5533,-0.5424,-0.5331,-0.5249,-0.5173,-0.7108,-0.8325,-0.9555,-1.0126,-0.9472,-0.6526,-0.3297,-0.0482,0.2559,0.3703,0.1789,0.0073,-0.1133,-0.2745,-0.5884,-0.7551,-0.6401,-0.7127,-0.8675,-1.0724,-1.3446,-1.2916,-1.0175,-0.8371,-0.744,-0.6954,-0.6639,-0.6375,-0.6136,-0.5929,-0.5759,-0.5625,-0.5517,-0.5428,-0.5348,-0.5272,-0.7017,-0.8433,-1.0598,-1.4142,-1.3121,-0.6996,-0.251,0.0956,0.7188,1.0264,0.383,0.1005,-0.009,-0.1256,-0.476,-0.7325,-0.583,-0.6792,-0.7961,-0.8749,-0.9525,-0.9403,-0.8423,-0.7616,-0.725,-0.7096,-0.69,-0.6615,-0.6317,-0.6066,-0.5875,-0.5736,-0.5633,-0.5549,-0.5472,-0.5396,-0.6585,-0.7966,-1.0267,-1.3555,-1.2266,-0.5934,-0.1757,0.0291,0.3546,0.6457,0.3042,0.1423,0.0958,0.107,-0.0297,-0.2852,-0.5135,-0.8863,-1.0061,-0.8456,-0.7545,-0.7163,-0.693,-0.7008,-0.7447,-0.7776,-0.7567,-0.7055,-0.6576,-0.6234,-0.6013,-0.5874,-0.578,-0.5705,-0.5632,-0.5552,-0.5814,-0.6743,-0.7921,-0.8707,-0.7243,-0.3939,-0.1521,0.149,-0.172,0.1195,0.1808,0.2002,0.1837,0.1748,0.1018,-0.1297,-0.4875,-1.5382,-1.5926,-0.891,-0.6379,-0.5675,-0.5844,-0.6826,-0.8561,-0.9604,-0.8834,-0.7652,-0.6851,-0.6402,-0.6166,-0.6045,-0.5974,-0.5914,-0.5844,-0.5754,-0.4894,-0.5329,-0.565,-0.5471,-0.4395,-0.2858,-0.2075,-0.3414,-0.2452,0.0433,0.1793,0.2892,0.3114,0.1889,0.0646,-0.0052,-0.282,-0.9531,-1.1069,-0.6837,-0.4619,-0.408,-0.4729,-0.6627,-0.9984,-1.188,-0.9966,-0.801,-0.6992,-0.6527,-0.6336,-0.627,-0.6244,-0.6206,-0.6131,-0.6018,-0.4026,-0.4137,-0.4078,-0.3704,-0.2975,-0.2139,-0.1602,-0.1344,-0.0349,0.1351,0.2541,0.2778,0.2482,0.2871,0.0582,-0.0219,-0.8097,-0.5319,-0.4799,-0.3314,-0.1931,-0.1916,-0.3193,-0.5469,-0.8674,-1.0442,-0.9136,-0.7658,-0.6907,-0.6614,-0.6555,-0.6597,-0.6642,-0.6625,-0.6527,-0.6363,-0.3299,-0.3239,-0.3039,-0.2656,-0.2105,-0.1487,-0.089,-0.0202,0.0894,0.2596,0.4822,0.3889,0.3019,0.1993,0.0492,-0.2557,-0.6347,-0.3394,-0.1609,-0.0377,0.1081,0.053,-0.1517,-0.3763,-0.5969,-0.7279,-0.7332,-0.6987,-0.6772,-0.6756,-0.6897,-0.7106,-0.7253,-0.7242,-0.7072,-0.6805,-0.2721,-0.2577,-0.233,-0.1967,-0.15,-0.096,-0.0354,0.0386,0.1392,0.2816,0.449,0.3735,0.2893,0.2561,0.1406,0.008,-0.0669,0.0501,0.1846,0.1786,0.1755,0.1261,-0.0511,-0.2587,-0.4518,-0.5891,-0.6563,-0.6774,-0.6867,-0.7065,-0.7443,-0.791,-0.8206,-0.8145,-0.7797,-0.7339,-0.227,-0.2087,-0.1828,-0.1488,-0.1071,-0.0587,-0.0031,0.0621,0.1393,0.2236,0.2848,0.2849,0.2788,0.2829,0.3119,0.3228,0.2719,0.4132,0.5681,0.4667,0.3162,0.1809,0.0124,-0.2063,-0.443,-0.6407,-0.7277,-0.7302,-0.7287,-0.7552,-0.8206,-0.9104,-0.963,-0.9372,-0.8663,-0.7908,-0.192,-0.1722,-0.1466,-0.115,-0.0775,-0.0346,0.0137,0.0673,0.1244,0.1788,0.2196,0.2437,0.2711,0.3493,0.6413,0.7736,0.5041,0.5834,0.7505,0.9924,0.6835,0.3611,0.1049,-0.176,-0.5121,-0.8352,-0.9118,-0.8261,-0.7895,-0.8101,-0.9001,-1.0496,-1.1316,-1.065,-0.9439,-0.8365,-0.165,-0.1449,-0.1204,-0.0912,-0.0577,-0.02,0.0212,0.0651,0.1097,0.1518,0.1886,0.2238,0.2739,0.3833,0.615,0.6996,0.5814,0.7813,1.5575,1.9368,1.0396,0.5494,0.2435,-0.0974,-0.5156,-0.8909,-0.9654,-0.8999,-0.8572,-0.8598,-0.9404,-1.1058,-1.1987,-1.1114,-0.9709,-0.8528,-0.1442,-0.1246,-0.1014,-0.0747,-0.0447,-0.0118,0.0236,0.0605,0.0976,0.1338,0.1693,0.208,0.2602,0.3407,0.4433,0.5039,0.5568,0.7753,1.2251,1.3745,0.9787,0.7206,0.5133,0.1128,-0.4009,-0.831,-1.0904,-1.0454,-0.9438,-0.9136,-0.9375,-1.0251,-1.0858,-1.0344,-0.9314,-0.8334,-0.1283,-0.1095,-0.0879,-0.0636,-0.0367,-0.0077,0.023,0.0548,0.0871,0.1195,0.153,0.1901,0.2354,0.292,0.3547,0.4148,0.4946,0.6364,0.8146,0.8931,0.9058,1.1046,1.1232,0.5117,-0.2256,-0.8449,-1.2609,-1.1411,-1.0431,-1.0076,-0.9536,-0.9423,-0.9493,-0.921,-0.86,-0.7914,-0.1164,-0.0985,-0.0785,-0.0564,-0.0323,-0.0065,0.0205,0.0485,0.0771,0.1064,0.1371,0.1706,0.2088,0.2526,0.301,0.355,0.4232,0.514,0.6159,0.7224,0.9413,1.4538,1.6218,0.823,-0.0285,-0.633,-0.9627,-1.0703,-1.2253,-1.1606,-1.0016,-0.9097,-0.8684,-0.8348,-0.792,-0.7434,-0.1075,-0.0908,-0.0723,-0.0521,-0.0304,-0.0074,0.0166,0.0414,0.067,0.0933,0.1209,0.1506,0.183,0.219,0.2587,0.3039,0.3576,0.4227,0.5012,0.6117,0.8159,1.1255,1.165,0.663,0.0418,-0.442,-0.7674,-1.029,-1.2471,-1.1767,-0.9991,-0.8806,-0.8157,-0.7734,-0.7357,-0.6978]},{"header":{"la1":42.85,"la2":41.18,"lo1":11.55,"lo2":14.05,"nx":36,"ny":24,"dx":0.07143,"dy":0.07261,"parameterCategory":2,"parameterNumber":3,"parameterNumberName":"northward_wind","parameterUnit":"m.s-1"},"data":[-0.4029,-0.4078,-0.4143,-0.4221,-0.4307,-0.4388,-0.4451,-0.4481,-0.4467,-0.4411,-0.4324,-0.4222,-0.4123,-0.4045,-0.3996,-0.3986,-0.4018,-0.4093,-0.4208,-0.4351,-0.4499,-0.4613,-0.4662,-0.4636,-0.4556,-0.4454,-0.4356,-0.4276,-0.4218,-0.4182,-0.4165,-0.4163,-0.4173,-0.4191,-0.4215,-0.4242,-0.3998,-0.4054,-0.4136,-0.4245,-0.4374,-0.4507,-0.4618,-0.4679,-0.4671,-0.4592,-0.4461,-0.4309,-0.4167,-0.4055,-0.3988,-0.3973,-0.4017,-0.4123,-0.4292,-0.4519,-0.4768,-0.4966,-0.5032,-0.4953,-0.4786,-0.4602,-0.4442,-0.4323,-0.4243,-0.4197,-0.4177,-0.4176,-0.4189,-0.4212,-0.424,-0.4272,-0.3937,-0.3994,-0.4093,-0.4241,-0.4435,-0.465,-0.4848,-0.4973,-0.4979,-0.4859,-0.4654,-0.4423,-0.4216,-0.4058,-0.3965,-0.3944,-0.4002,-0.4144,-0.4384,-0.4738,-0.5182,-0.5561,-0.5652,-0.5435,-0.5089,-0.4767,-0.4522,-0.4357,-0.4256,-0.4203,-0.4182,-0.4186,-0.4205,-0.4234,-0.4269,-0.4307,-0.3832,-0.3873,-0.3979,-0.4174,-0.4461,-0.4814,-0.517,-0.5426,-0.5468,-0.5267,-0.4924,-0.4566,-0.4265,-0.4049,-0.3925,-0.3897,-0.3969,-0.4149,-0.4457,-0.4971,-0.5789,-0.6615,-0.6724,-0.6135,-0.5436,-0.4909,-0.4567,-0.4362,-0.4248,-0.4195,-0.4182,-0.4194,-0.4223,-0.4262,-0.4305,-0.435,-0.3667,-0.3657,-0.3739,-0.3976,-0.4394,-0.4965,-0.561,-0.6152,-0.6284,-0.5897,-0.5284,-0.4723,-0.43,-0.4019,-0.3865,-0.3828,-0.3918,-0.4142,-0.4485,-0.5069,-0.6463,-0.8392,-0.839,-0.6906,-0.5678,-0.4945,-0.4537,-0.432,-0.4213,-0.4173,-0.4175,-0.4202,-0.4245,-0.4296,-0.435,-0.4404,-0.3432,-0.3299,-0.3276,-0.3517,-0.4114,-0.501,-0.6117,-0.7251,-0.7622,-0.6774,-0.5674,-0.485,-0.4299,-0.3963,-0.3788,-0.3745,-0.3849,-0.4158,-0.4579,-0.4884,-0.6317,-0.9474,-0.9259,-0.6978,-0.552,-0.4775,-0.4402,-0.4223,-0.4151,-0.414,-0.4166,-0.4214,-0.4275,-0.4341,-0.4408,-0.4471,-0.3145,-0.2766,-0.2434,-0.2548,-0.3419,-0.4778,-0.6365,-0.8188,-0.8931,-0.7426,-0.5889,-0.4876,-0.4237,-0.3884,-0.3728,-0.3676,-0.3739,-0.4107,-0.4876,-0.4824,-0.4712,-0.6319,-0.6704,-0.566,-0.4838,-0.4391,-0.4173,-0.4085,-0.4072,-0.4103,-0.4161,-0.4236,-0.4319,-0.4403,-0.4484,-0.4558,-0.2902,-0.2148,-0.1089,-0.066,-0.214,-0.4254,-0.6023,-0.7522,-0.805,-0.7066,-0.5827,-0.4792,-0.4099,-0.3806,-0.3791,-0.3763,-0.3627,-0.368,-0.4045,-0.357,-0.2012,-0.2226,-0.3455,-0.3933,-0.3969,-0.3929,-0.3916,-0.3941,-0.3997,-0.4076,-0.4171,-0.4276,-0.4384,-0.4488,-0.4585,-0.467,-0.2894,-0.1903,0.0074,0.1777,-0.104,-0.4019,-0.5754,-0.6864,-0.7383,-0.7087,-0.597,-0.4681,-0.3851,-0.3746,-0.4293,-0.4498,-0.3789,-0.3178,-0.2747,-0.1465,0.134,0.0757,-0.1604,-0.2812,-0.3323,-0.3565,-0.3713,-0.3833,-0.3949,-0.4073,-0.4205,-0.4343,-0.4479,-0.4606,-0.472,-0.4815,-0.3253,-0.2628,-0.1456,-0.0703,-0.299,-0.4746,-0.6088,-0.7449,-0.9088,-0.9307,-0.6859,-0.453,-0.3341,-0.3486,-0.575,-0.7119,-0.4299,-0.2829,-0.2168,-0.1177,0.0448,0.0168,-0.1398,-0.2452,-0.3045,-0.3395,-0.3622,-0.3792,-0.3947,-0.4106,-0.4274,-0.4447,-0.4616,-0.4769,-0.49,-0.5004,-0.38,-0.3824,-0.4368,-0.6205,-0.619,-0.5763,-0.6588,-0.8126,-1.2265,-1.4446,-0.7887,-0.3992,-0.2365,-0.2244,-0.4752,-0.692,-0.3489,-0.2231,-0.1908,-0.1572,-0.1175,-0.1275,-0.1895,-0.256,-0.3085,-0.3445,-0.3673,-0.3836,-0.3996,-0.418,-0.4386,-0.4602,-0.481,-0.4993,-0.5142,-0.5252,-0.4234,-0.4544,-0.53,-0.6456,-0.6437,-0.6229,-0.6814,-0.7352,-0.982,-1.1128,-0.6289,-0.276,-0.1162,-0.0804,-0.0692,-0.1298,-0.118,-0.167,-0.1962,-0.1758,-0.1697,-0.1875,-0.2285,-0.2833,-0.338,-0.3745,-0.3885,-0.3959,-0.4088,-0.4292,-0.4548,-0.4823,-0.5084,-0.5304,-0.5469,-0.5577,-0.4457,-0.4761,-0.5232,-0.5721,-0.5976,-0.6394,-0.7111,-0.5337,-0.8825,-0.683,-0.3883,-0.13,-0.0071,0.0055,0.1073,0.1752,0.0989,-0.2577,-0.2943,-0.1802,-0.176,-0.2032,-0.2484,-0.3141,-0.3932,-0.437,-0.4252,-0.4118,-0.4193,-0.4436,-0.4775,-0.5141,-0.5476,-0.5741,-0.5917,-0.6006,-0.4524,-0.4762,-0.5064,-0.5386,-0.5736,-0.6307,-0.7365,-0.9502,-0.8626,-0.5353,-0.2702,-0.0454,0.0542,0.4089,0.3093,0.6029,0.4442,0.0064,-0.1546,-0.1422,-0.1644,-0.1992,-0.2511,-0.3313,-0.4464,-0.5061,-0.455,-0.4192,-0.4263,-0.461,-0.5096,-0.5608,-0.6053,-0.6368,-0.6535,-0.6574,-0.4505,-0.4683,-0.4896,-0.5136,-0.5427,-0.5832,-0.6376,-0.6736,-0.5907,-0.4182,-0.2716,-0.118,0.112,0.3824,0.3733,0.7119,0.747,0.2913,-0.0037,-0.1137,-0.1428,-0.1734,-0.2338,-0.3113,-0.4082,-0.4618,-0.4258,-0.4023,-0.4257,-0.4828,-0.5572,-0.6326,-0.6931,-0.7291,-0.7399,-0.7321,-0.4439,-0.4568,-0.4713,-0.4871,-0.5043,-0.5217,-0.5321,-0.515,-0.452,-0.3836,-0.4176,-0.2284,-0.119,0.0668,0.1798,0.3987,0.5456,0.1899,-0.081,-0.15,-0.0678,-0.1034,-0.208,-0.2729,-0.317,-0.339,-0.3364,-0.353,-0.4141,-0.5123,-0.6309,-0.7468,-0.8312,-0.8672,-0.8602,-0.8284,-0.4352,-0.4437,-0.4526,-0.461,-0.4676,-0.4698,-0.4619,-0.437,-0.3971,-0.3719,-0.4053,-0.3097,-0.3483,-0.3803,-0.1212,0.0001,0.0012,-0.2019,-0.3827,-0.2951,-0.0715,-0.1114,-0.2196,-0.2468,-0.225,-0.1873,-0.1852,-0.2561,-0.386,-0.5531,-0.7457,-0.9324,-1.0528,-1.0733,-1.0221,-0.9455,-0.4259,-0.4309,-0.4352,-0.4381,-0.4381,-0.433,-0.4202,-0.3985,-0.3719,-0.3509,-0.3385,-0.332,-0.4248,-0.4588,-0.4061,-0.4169,-0.3852,-0.6276,-0.9125,-0.595,-0.364,-0.2917,-0.283,-0.232,-0.0997,0.0827,0.1147,-0.0828,-0.3414,-0.6081,-0.9116,-1.2225,-1.3963,-1.3601,-1.2178,-1.0708,-0.417,-0.4193,-0.4205,-0.4199,-0.4164,-0.4089,-0.3964,-0.3794,-0.3607,-0.345,-0.337,-0.346,-0.3885,-0.48,-0.8076,-0.9603,-0.627,-0.7094,-0.8698,-0.7909,-0.5982,-0.4508,-0.3597,-0.2334,0.0449,0.5464,0.6547,0.1173,-0.323,-0.675,-1.0933,-1.5802,-1.8187,-1.6649,-1.3947,-1.172,-0.4092,-0.4096,-0.4089,-0.4064,-0.4016,-0.3939,-0.3833,-0.3707,-0.3582,-0.3491,-0.3482,-0.3632,-0.4087,-0.5248,-0.7812,-0.8695,-0.6731,-0.7033,-0.9492,-1.0604,-0.7421,-0.5561,-0.4456,-0.3004,-0.0025,0.5933,0.7299,-0.0201,-0.4299,-0.7425,-1.1656,-1.7244,-1.992,-1.7757,-1.4545,-1.2075,-0.4027,-0.402,-0.4001,-0.3969,-0.392,-0.3852,-0.3769,-0.3681,-0.3604,-0.3566,-0.3605,-0.3779,-0.4181,-0.4931,-0.592,-0.633,-0.6182,-0.673,-0.8206,-0.8664,-0.7231,-0.6292,-0.5664,-0.4522,-0.3026,-0.2663,-0.6147,-0.638,-0.6546,-0.8078,-1.0795,-1.4652,-1.6844,-1.5791,-1.3586,-1.1641,-0.3976,-0.3962,-0.3939,-0.3906,-0.3861,-0.3806,-0.3746,-0.3688,-0.3647,-0.3644,-0.3706,-0.3867,-0.4164,-0.4602,-0.5079,-0.5413,-0.5665,-0.6117,-0.6721,-0.6972,-0.6944,-0.7455,-0.7559,-0.627,-0.5454,-0.6988,-1.0476,-0.9141,-0.8499,-0.8927,-0.9842,-1.1599,-1.2949,-1.2885,-1.1899,-1.0728,-0.3937,-0.3921,-0.3898,-0.3867,-0.383,-0.3788,-0.3746,-0.3711,-0.3696,-0.3713,-0.3781,-0.3917,-0.4133,-0.4416,-0.4722,-0.5009,-0.5298,-0.5646,-0.6027,-0.6398,-0.704,-0.8403,-0.8836,-0.7271,-0.6441,-0.7177,-0.8464,-0.9102,-1.035,-1.0032,-0.9572,-0.9985,-1.059,-1.0734,-1.0368,-0.9747,-0.391,-0.3893,-0.3872,-0.3846,-0.3817,-0.3787,-0.376,-0.3743,-0.3743,-0.3772,-0.3839,-0.3953,-0.4117,-0.4323,-0.4554,-0.4797,-0.5057,-0.535,-0.5683,-0.6102,-0.6758,-0.7643,-0.7859,-0.7105,-0.6662,-0.7025,-0.7896,-0.9205,-1.057,-1.0183,-0.9398,-0.922,-0.9355,-0.9412,-0.9249,-0.8911]}]