docs/data/wind_grid.json
[{"header":{"la1":42.85,"la2":41.18,"lo1":11.55,"lo2":14.05,"nx":36,"ny":24,"dx":0.07143,"dy":0.07261,"parameterCategory":2,"parameterNumber":2,"parameterNumberName":"eastward_wind","parameterUnit":"m.s-1"},"data":[-0.0644,-0.0745,-0.0856,-0.0975,-0.1096,-0.1211,-0.1308,-0.1375,-0.1407,-0.1413,-0.1412,-0.1433,-0.1499,-0.1626,-0.1816,-0.2056,-0.2319,-0.2565,-0.275,-0.2841,-0.2826,-0.272,-0.2551,-0.2349,-0.2137,-0.1931,-0.174,-0.1567,-0.1414,-0.1279,-0.1161,-0.1058,-0.0968,-0.089,-0.0821,-0.076,-0.067,-0.0788,-0.0922,-0.1072,-0.1233,-0.1392,-0.1529,-0.1617,-0.1639,-0.1603,-0.1547,-0.1521,-0.1567,-0.171,-0.1957,-0.2292,-0.2677,-0.3046,-0.3321,-0.3439,-0.3386,-0.3198,-0.2932,-0.2637,-0.2348,-0.2082,-0.1846,-0.1641,-0.1464,-0.1313,-0.1183,-0.1073,-0.0978,-0.0896,-0.0825,-0.0763,-0.0689,-0.0825,-0.0986,-0.1177,-0.1396,-0.1631,-0.1846,-0.1986,-0.1998,-0.1887,-0.1724,-0.1607,-0.1608,-0.1764,-0.2086,-0.256,-0.3139,-0.3717,-0.4144,-0.4294,-0.4152,-0.381,-0.3382,-0.2953,-0.2563,-0.2225,-0.1939,-0.17,-0.15,-0.1334,-0.1195,-0.1078,-0.098,-0.0897,-0.0825,-0.0763,-0.0698,-0.085,-0.1039,-0.1277,-0.1576,-0.1932,-0.2303,-0.2572,-0.2591,-0.2333,-0.1961,-0.1678,-0.1597,-0.1758,-0.2174,-0.2844,-0.3728,-0.4673,-0.5378,-0.5557,-0.5207,-0.4572,-0.3888,-0.3273,-0.276,-0.2343,-0.2007,-0.1736,-0.1517,-0.1339,-0.1193,-0.1074,-0.0974,-0.0891,-0.082,-0.0759,-0.0691,-0.0855,-0.1067,-0.135,-0.174,-0.2271,-0.2929,-0.3516,-0.361,-0.3048,-0.2262,-0.1698,-0.1495,-0.1653,-0.2172,-0.3086,-0.4419,-0.6008,-0.7253,-0.7427,-0.6601,-0.544,-0.4385,-0.3547,-0.2905,-0.2414,-0.2036,-0.174,-0.1508,-0.1324,-0.1177,-0.1058,-0.096,-0.0879,-0.0811,-0.0752,-0.0667,-0.0834,-0.1054,-0.1361,-0.1819,-0.2534,-0.3621,-0.4894,-0.5273,-0.4056,-0.2516,-0.1574,-0.1244,-0.1401,-0.2011,-0.3159,-0.5018,-0.7583,-0.9817,-0.988,-0.8125,-0.6203,-0.4737,-0.3699,-0.2958,-0.2417,-0.2014,-0.1707,-0.1472,-0.1289,-0.1145,-0.1031,-0.0938,-0.0862,-0.0799,-0.0744,-0.0626,-0.0786,-0.0994,-0.1285,-0.1732,-0.2494,-0.3871,-0.5969,-0.6875,-0.4666,-0.2326,-0.1151,-0.0789,-0.0966,-0.1628,-0.2891,-0.505,-0.8382,-1.1659,-1.1551,-0.8879,-0.6433,-0.4767,-0.3656,-0.2887,-0.2337,-0.1934,-0.1633,-0.1406,-0.1232,-0.1099,-0.0994,-0.0911,-0.0842,-0.0785,-0.0735,-0.0571,-0.0719,-0.09,-0.1135,-0.1469,-0.2014,-0.3011,-0.4608,-0.5209,-0.316,-0.122,-0.0339,-0.012,-0.035,-0.1023,-0.2241,-0.4204,-0.7069,-0.9856,-0.994,-0.7867,-0.5851,-0.4407,-0.3402,-0.2689,-0.2173,-0.1796,-0.1518,-0.1312,-0.1158,-0.1041,-0.0951,-0.088,-0.0822,-0.0772,-0.0728,-0.0512,-0.0647,-0.0802,-0.0976,-0.1166,-0.1364,-0.1559,-0.163,-0.1121,-0.0096,0.0515,0.0708,0.0692,0.0417,-0.0255,-0.1422,-0.3067,-0.4978,-0.6536,-0.6847,-0.6007,-0.485,-0.3819,-0.3006,-0.2392,-0.1939,-0.1609,-0.1369,-0.1196,-0.107,-0.0977,-0.0907,-0.0851,-0.0805,-0.0764,-0.0726,-0.0452,-0.0585,-0.0734,-0.0889,-0.1017,-0.1033,-0.0727,0.0308,0.2234,0.3154,0.2279,0.1691,0.1543,0.1331,0.0646,-0.0682,-0.2472,-0.4198,-0.525,-0.5397,-0.4867,-0.4048,-0.3234,-0.2554,-0.2033,-0.1653,-0.1384,-0.1197,-0.1067,-0.0978,-0.0914,-0.0867,-0.0829,-0.0796,-0.0764,-0.0733,-0.0392,-0.0534,-0.0703,-0.0903,-0.1118,-0.1287,-0.1149,0.0246,0.4844,0.6957,0.346,0.2319,0.2378,0.2498,0.1796,-0.0073,-0.283,-0.5522,-0.6603,-0.5957,-0.4743,-0.3615,-0.2728,-0.208,-0.1631,-0.133,-0.1135,-0.1013,-0.0938,-0.0892,-0.0863,-0.0841,-0.0822,-0.0801,-0.0778,-0.0751,-0.0326,-0.048,-0.0684,-0.0964,-0.1365,-0.1959,-0.2785,-0.3065,0.1005,0.4302,0.2779,0.25,0.3116,0.4056,0.3264,0.039,-0.4399,-1.0286,-1.1411,-0.806,-0.51,-0.326,-0.2172,-0.1537,-0.1175,-0.0977,-0.0878,-0.0836,-0.0825,-0.0828,-0.0835,-0.0839,-0.0838,-0.0829,-0.0811,-0.0785,-0.0241,-0.0402,-0.0628,-0.0965,-0.1501,-0.2412,-0.3978,-0.5893,-0.3919,0.0176,0.1824,0.243,0.3143,0.4553,0.3865,0.0249,-0.6245,-1.8234,-1.8423,-0.9682,-0.4802,-0.2451,-0.1343,-0.0849,-0.0656,-0.0611,-0.0636,-0.069,-0.075,-0.0804,-0.0846,-0.0874,-0.0887,-0.0885,-0.0868,-0.0839,-0.0131,-0.0282,-0.0497,-0.082,-0.1328,-0.2148,-0.3385,-0.4656,-0.3441,-0.005,0.1849,0.2319,0.2544,0.4543,0.2688,-0.0986,-0.5815,-1.2579,-1.3317,-0.6976,-0.2688,-0.0725,-0.0082,0.0008,-0.0099,-0.027,-0.0449,-0.061,-0.074,-0.084,-0.0912,-0.0958,-0.098,-0.0978,-0.0956,-0.0917,0.0005,-0.0116,-0.0287,-0.0531,-0.088,-0.1354,-0.187,-0.1975,-0.0787,0.1269,0.2585,0.2836,0.3209,0.3845,0.195,-0.3798,-0.8773,-0.6221,-0.4932,-0.1859,0.1135,0.1998,0.1538,0.0926,0.0403,-0.0032,-0.038,-0.0642,-0.0829,-0.0959,-0.1047,-0.1102,-0.1124,-0.1116,-0.1079,-0.1021,0.0163,0.0081,-0.0027,-0.0164,-0.0327,-0.0473,-0.0477,-0.0071,0.1001,0.2612,0.4294,0.3209,0.3054,0.2953,0.157,-0.2736,-0.6394,-0.3172,-0.06,0.2157,0.5491,0.5007,0.3005,0.164,0.0693,-0.0011,-0.0511,-0.084,-0.1047,-0.1175,-0.1258,-0.1309,-0.1325,-0.13,-0.1236,-0.1148,0.033,0.029,0.0246,0.0205,0.0187,0.0242,0.0459,0.0957,0.1807,0.2964,0.4124,0.3513,0.3013,0.2907,0.2462,0.1131,0.0105,0.1179,0.2613,0.3824,0.6146,0.5536,0.3474,0.1877,0.0617,-0.0331,-0.0924,-0.1247,-0.1412,-0.1489,-0.1533,-0.1568,-0.1574,-0.1524,-0.1421,-0.1291,0.0495,0.0494,0.0502,0.0531,0.0602,0.0751,0.1025,0.1464,0.2063,0.2721,0.3175,0.3198,0.3101,0.3266,0.4581,0.5026,0.3818,0.4105,0.4898,0.466,0.4792,0.4397,0.3214,0.1701,0.014,-0.1046,-0.1607,-0.1845,-0.1926,-0.1886,-0.1832,-0.1834,-0.1838,-0.1762,-0.1609,-0.1429,0.0651,0.068,0.0726,0.0799,0.0916,0.1097,0.1363,0.1722,0.215,0.258,0.2925,0.319,0.3581,0.4829,0.8928,1.0533,0.628,0.5156,0.5559,0.6447,0.5563,0.4467,0.3222,0.1503,-0.0511,-0.1838,-0.2129,-0.2532,-0.2628,-0.2363,-0.2094,-0.2021,-0.2037,-0.1949,-0.1755,-0.1531,0.0791,0.0842,0.0912,0.101,0.1146,0.1332,0.1574,0.1871,0.2206,0.2552,0.2896,0.3298,0.3977,0.5515,0.8566,0.9481,0.6769,0.6127,0.8339,0.9477,0.6814,0.5241,0.3874,0.1756,-0.0891,-0.2291,-0.2487,-0.3893,-0.3756,-0.2961,-0.2316,-0.2084,-0.2089,-0.2009,-0.1807,-0.1569,0.0913,0.0979,0.1064,0.1174,0.1315,0.1494,0.1712,0.1967,0.2252,0.2561,0.2904,0.3338,0.3985,0.5008,0.6226,0.6592,0.6047,0.6167,0.743,0.7933,0.7003,0.6652,0.5831,0.3078,-0.0933,-0.4809,-0.8527,-0.7823,-0.5412,-0.3642,-0.2577,-0.2136,-0.2038,-0.1941,-0.1756,-0.1533,0.1017,0.1092,0.1185,0.1299,0.1438,0.1607,0.1804,0.2031,0.2283,0.2564,0.2885,0.3278,0.3783,0.4402,0.4987,0.5286,0.5376,0.5674,0.6272,0.6808,0.7721,0.9904,1.0278,0.6004,-0.0091,-0.6556,-1.1693,-0.9838,-0.627,-0.4023,-0.2783,-0.22,-0.1965,-0.1813,-0.1635,-0.1438,0.1104,0.1184,0.128,0.1393,0.1528,0.1685,0.1866,0.2069,0.2296,0.2548,0.2834,0.3165,0.3547,0.3959,0.4337,0.4624,0.487,0.5212,0.5741,0.663,0.8652,1.2433,1.3512,0.8343,0.1693,-0.4121,-0.7625,-0.7337,-0.5391,-0.375,-0.2715,-0.2146,-0.1846,-0.1653,-0.1479,-0.1305,0.1176,0.1258,0.1353,0.1464,0.1592,0.1738,0.1903,0.2087,0.229,0.2514,0.2762,0.3036,0.3334,0.3641,0.3933,0.4202,0.4478,0.4834,0.5372,0.6308,0.804,1.0372,1.072,0.7394,0.2734,-0.1309,-0.3783,-0.437,-0.3807,-0.3002,-0.2354,-0.1922,-0.1649,-0.1458,-0.1298,-0.1149]},{"header":{"la1":42.85,"la2":41.18,"lo1":11.55,"lo2":14.05,"nx":36,"ny":24,"dx":0.07143,"dy":0.07261,"parameterCategory":2,"parameterNumber":3,"parameterNumberName":"northward_wind","parameterUnit":"m.s-1"},"data":[-0.364,-0.3448,-0.3226,-0.2979,-0.2717,-0.2464,-0.225,-0.2108,-0.2058,-0.2094,-0.2184,-0.2286,-0.236,-0.2383,-0.2348,-0.2261,-0.2144,-0.2025,-0.1933,-0.1894,-0.1917,-0.1994,-0.211,-0.2247,-0.2394,-0.254,-0.2682,-0.2818,-0.2947,-0.307,-0.3187,-0.3298,-0.3402,-0.3501,-0.3594,-0.368,-0.3669,-0.3444,-0.3171,-0.285,-0.2492,-0.2128,-0.181,-0.1602,-0.1553,-0.1658,-0.1857,-0.2066,-0.2216,-0.2273,-0.2229,-0.21,-0.1915,-0.1722,-0.1576,-0.1519,-0.1564,-0.169,-0.1864,-0.2057,-0.2249,-0.2432,-0.2603,-0.2761,-0.2909,-0.3047,-0.3177,-0.3299,-0.3414,-0.3522,-0.3623,-0.3716,-0.3729,-0.3471,-0.3139,-0.2724,-0.2227,-0.1682,-0.117,-0.0824,-0.0767,-0.1007,-0.1412,-0.1809,-0.2082,-0.2188,-0.2129,-0.1928,-0.163,-0.1309,-0.1067,-0.0988,-0.1085,-0.1305,-0.1576,-0.185,-0.2102,-0.2329,-0.2531,-0.2713,-0.2879,-0.3033,-0.3176,-0.3311,-0.3437,-0.3554,-0.3663,-0.3763,-0.3833,-0.3548,-0.3159,-0.2635,-0.1951,-0.1116,-0.0238,0.0418,0.0523,0.0008,-0.0804,-0.1531,-0.199,-0.2159,-0.207,-0.176,-0.1275,-0.0725,-0.0306,-0.0206,-0.043,-0.083,-0.1257,-0.164,-0.1965,-0.2238,-0.2471,-0.2676,-0.286,-0.3029,-0.3187,-0.3334,-0.3471,-0.3599,-0.3716,-0.3823,-0.3994,-0.37,-0.3272,-0.2648,-0.1746,-0.0495,0.105,0.2428,0.2721,0.1597,-0.0036,-0.1302,-0.1999,-0.2226,-0.2087,-0.1629,-0.0866,0.0091,0.0855,0.0957,0.0434,-0.0292,-0.0945,-0.146,-0.1858,-0.2172,-0.2432,-0.2655,-0.2855,-0.3039,-0.321,-0.3371,-0.3521,-0.3659,-0.3786,-0.3901,-0.4223,-0.3951,-0.3527,-0.2857,-0.1786,-0.0081,0.2474,0.5389,0.629,0.379,0.0653,-0.1305,-0.22,-0.2432,-0.2223,-0.1612,-0.0519,0.1057,0.2461,0.2497,0.1381,0.0175,-0.0727,-0.1355,-0.1803,-0.2142,-0.2417,-0.2653,-0.2866,-0.3064,-0.3249,-0.3424,-0.3588,-0.3739,-0.3877,-0.3999,-0.4522,-0.4311,-0.3957,-0.3352,-0.23,-0.0425,0.2893,0.7711,0.9721,0.5125,0.0447,-0.1835,-0.2669,-0.2793,-0.2499,-0.1807,-0.0536,0.1532,0.3629,0.3558,0.1836,0.0295,-0.0715,-0.1366,-0.1815,-0.2151,-0.2427,-0.2669,-0.2892,-0.3104,-0.3306,-0.3498,-0.3678,-0.3844,-0.3992,-0.4122,-0.4877,-0.4768,-0.4554,-0.4151,-0.3395,-0.197,0.0661,0.4618,0.6151,0.2089,-0.1536,-0.3011,-0.337,-0.3257,-0.2882,-0.2228,-0.1127,0.0618,0.2419,0.2473,0.1126,-0.0119,-0.0949,-0.1497,-0.1886,-0.2193,-0.2456,-0.2699,-0.2932,-0.316,-0.3382,-0.3595,-0.3795,-0.3978,-0.414,-0.4278,-0.5262,-0.5281,-0.5257,-0.515,-0.4883,-0.4334,-0.3396,-0.2372,-0.2524,-0.3894,-0.4583,-0.4463,-0.4094,-0.3699,-0.3267,-0.2717,-0.1958,-0.0958,-0.0013,0.022,-0.0241,-0.0836,-0.1318,-0.1687,-0.1985,-0.2246,-0.2492,-0.2735,-0.2982,-0.3231,-0.348,-0.3722,-0.3948,-0.4153,-0.4329,-0.4475,-0.5642,-0.5792,-0.5968,-0.6173,-0.6405,-0.6661,-0.6983,-0.7629,-0.8977,-0.9339,-0.7425,-0.5604,-0.4557,-0.3986,-0.3556,-0.3089,-0.2568,-0.2039,-0.1578,-0.1318,-0.1309,-0.1451,-0.1645,-0.1851,-0.2062,-0.2283,-0.2517,-0.2768,-0.3037,-0.3319,-0.3607,-0.3888,-0.4149,-0.438,-0.4573,-0.4725,-0.5977,-0.6242,-0.659,-0.7056,-0.7685,-0.8509,-0.9477,-1.0515,-1.2791,-1.4004,-0.9191,-0.595,-0.4585,-0.4118,-0.3768,-0.3281,-0.2841,-0.2562,-0.2331,-0.2065,-0.1863,-0.1784,-0.1812,-0.1918,-0.2077,-0.2277,-0.2514,-0.2787,-0.3093,-0.3425,-0.377,-0.4107,-0.4417,-0.4682,-0.4893,-0.5046,-0.6238,-0.6583,-0.7046,-0.7685,-0.8578,-0.9806,-1.1319,-1.2401,-1.2396,-1.217,-0.8318,-0.534,-0.4262,-0.4429,-0.4078,-0.3275,-0.2816,-0.2894,-0.2844,-0.2408,-0.2025,-0.1817,-0.1772,-0.1847,-0.2,-0.2209,-0.2468,-0.2779,-0.3145,-0.3554,-0.3984,-0.4404,-0.4781,-0.5089,-0.5315,-0.546,-0.6407,-0.6787,-0.7297,-0.7997,-0.898,-1.0373,-1.2255,-1.4005,-1.2735,-0.9706,-0.6565,-0.4213,-0.3431,-0.4442,-0.4042,-0.2765,-0.2362,-0.3443,-0.3464,-0.2453,-0.1824,-0.1524,-0.1487,-0.1614,-0.1816,-0.2062,-0.236,-0.2732,-0.3186,-0.3712,-0.4273,-0.4817,-0.5288,-0.5648,-0.5881,-0.5998,-0.6479,-0.6853,-0.7341,-0.799,-0.8867,-1.0051,-1.154,-1.2862,-1.1794,-0.8406,-0.5572,-0.344,-0.2562,0.1026,-0.1855,-0.1158,-0.0324,-0.2104,-0.2626,-0.1833,-0.1071,-0.0746,-0.0891,-0.1212,-0.1526,-0.1824,-0.2165,-0.2615,-0.3203,-0.391,-0.4677,-0.5411,-0.6018,-0.6435,-0.665,-0.6697,-0.6467,-0.6802,-0.7219,-0.7741,-0.8386,-0.9143,-0.9883,-1.0129,-0.9043,-0.7051,-0.5507,-0.4158,-0.2179,-0.0097,-0.1158,0.1656,0.5607,0.082,-0.1115,-0.0625,0.0718,0.0904,0.0065,-0.0696,-0.1158,-0.1468,-0.1824,-0.2372,-0.3161,-0.4159,-0.526,-0.6298,-0.7099,-0.7562,-0.7699,-0.76,-0.6391,-0.6668,-0.6994,-0.7367,-0.7771,-0.8149,-0.8358,-0.8144,-0.7353,-0.6455,-0.6457,-0.5159,-0.4327,-0.2853,-0.2222,0.0701,0.3597,0.0315,-0.1139,0.0517,0.4219,0.3538,0.1042,-0.0273,-0.0745,-0.0906,-0.1196,-0.1879,-0.3,-0.4474,-0.6127,-0.7661,-0.8736,-0.9188,-0.9112,-0.8733,-0.6275,-0.6491,-0.6727,-0.6972,-0.7196,-0.7345,-0.7333,-0.7075,-0.6609,-0.6249,-0.6384,-0.5781,-0.6545,-0.7032,-0.4454,-0.2786,-0.189,-0.2702,-0.3108,-0.0478,0.4553,0.3672,0.0922,-0.0207,-0.0226,0.0129,0.0037,-0.0927,-0.263,-0.4866,-0.7421,-0.9775,-1.1216,-1.148,-1.093,-1.0064,-0.6138,-0.63,-0.6463,-0.6614,-0.6727,-0.6767,-0.6696,-0.6499,-0.623,-0.6017,-0.5926,-0.6009,-0.7178,-0.7489,-0.6231,-0.5722,-0.4703,-0.5238,-0.6465,-0.3667,-0.0593,0.0175,-0.0412,-0.0426,0.0627,0.2173,0.2419,0.0677,-0.203,-0.5329,-0.922,-1.2864,-1.4713,-1.4406,-1.2994,-1.1429,-0.5997,-0.6114,-0.6224,-0.6313,-0.6365,-0.6361,-0.6287,-0.6149,-0.5984,-0.585,-0.5802,-0.5928,-0.6312,-0.6754,-0.8391,-0.9153,-0.6301,-0.5603,-0.5934,-0.47,-0.3329,-0.232,-0.1781,-0.0775,0.164,0.5339,0.606,0.2404,-0.1531,-0.5768,-1.11,-1.6325,-1.8461,-1.7191,-1.4734,-1.2479,-0.586,-0.5944,-0.6017,-0.6068,-0.6088,-0.6069,-0.6006,-0.591,-0.5804,-0.5723,-0.5704,-0.5795,-0.605,-0.6659,-0.8099,-0.8485,-0.6474,-0.5363,-0.5051,-0.4999,-0.4368,-0.3737,-0.307,-0.1651,0.1203,0.5626,0.6525,0.1741,-0.1842,-0.5938,-1.1712,-1.7616,-1.9829,-1.8125,-1.5284,-1.2809,-0.5734,-0.5793,-0.584,-0.5869,-0.5874,-0.585,-0.5801,-0.5733,-0.5662,-0.5611,-0.5603,-0.5669,-0.585,-0.6207,-0.667,-0.6632,-0.5897,-0.5259,-0.5005,-0.4944,-0.4948,-0.519,-0.4937,-0.3432,-0.1193,0.0076,-0.1584,-0.1936,-0.2843,-0.5732,-1.0387,-1.5203,-1.7339,-1.6417,-1.4312,-1.2283,-0.562,-0.5661,-0.5692,-0.5707,-0.5704,-0.5681,-0.5642,-0.5592,-0.5542,-0.5506,-0.5499,-0.5537,-0.5632,-0.5778,-0.5888,-0.5797,-0.5495,-0.5205,-0.5097,-0.5258,-0.6027,-0.7613,-0.7976,-0.5796,-0.3394,-0.2763,-0.3814,-0.341,-0.3563,-0.5418,-0.8505,-1.1696,-1.3499,-1.3497,-1.2462,-1.1179,-0.5518,-0.5547,-0.5566,-0.5573,-0.5566,-0.5545,-0.5513,-0.5475,-0.5437,-0.5407,-0.5395,-0.5407,-0.5442,-0.5484,-0.5491,-0.542,-0.5287,-0.519,-0.5254,-0.5687,-0.6955,-0.9256,-0.9892,-0.7305,-0.4707,-0.3546,-0.3465,-0.352,-0.3961,-0.5225,-0.7144,-0.9132,-1.0481,-1.0886,-1.057,-0.9915,-0.5427,-0.5447,-0.5459,-0.546,-0.5452,-0.5433,-0.5407,-0.5375,-0.5343,-0.5317,-0.5299,-0.5293,-0.5294,-0.5294,-0.5274,-0.5229,-0.5179,-0.5183,-0.5339,-0.581,-0.6817,-0.8181,-0.8452,-0.6955,-0.5201,-0.4153,-0.3798,-0.3856,-0.4282,-0.5142,-0.634,-0.7585,-0.854,-0.9012,-0.9037,-0.8771]}]