docs/data/wind_grid.json
[{"header":{"la1":42.85,"la2":41.18,"lo1":11.55,"lo2":14.05,"nx":36,"ny":24,"dx":0.07143,"dy":0.07261,"parameterCategory":2,"parameterNumber":2,"parameterNumberName":"eastward_wind","parameterUnit":"m.s-1"},"data":[-1.1275,-1.1332,-1.139,-1.1448,-1.1501,-1.154,-1.1554,-1.153,-1.1456,-1.1332,-1.1165,-1.0969,-1.0755,-1.053,-1.0292,-1.0034,-0.9741,-0.9395,-0.8984,-0.8515,-0.8033,-0.7615,-0.7331,-0.7199,-0.7181,-0.7218,-0.7266,-0.7299,-0.7313,-0.7307,-0.7287,-0.7259,-0.7226,-0.7191,-0.7158,-0.7127,-1.1364,-1.1434,-1.1512,-1.1596,-1.1684,-1.1764,-1.1819,-1.1823,-1.1754,-1.1607,-1.1401,-1.1162,-1.0912,-1.0663,-1.0411,-1.0144,-0.9835,-0.9447,-0.8938,-0.8294,-0.7583,-0.6969,-0.6622,-0.6566,-0.6688,-0.6858,-0.7,-0.7093,-0.714,-0.7152,-0.7141,-0.7117,-0.7087,-0.7055,-0.7024,-0.6996,-1.1442,-1.1525,-1.1623,-1.1739,-1.1874,-1.202,-1.2149,-1.221,-1.2154,-1.1967,-1.1689,-1.138,-1.108,-1.0804,-1.0546,-1.0288,-0.9991,-0.959,-0.8979,-0.8062,-0.69,-0.5873,-0.5442,-0.5622,-0.6052,-0.6451,-0.6728,-0.689,-0.6968,-0.6993,-0.6987,-0.6965,-0.6937,-0.6906,-0.6878,-0.6854,-1.1504,-1.1595,-1.1709,-1.1859,-1.2057,-1.2305,-1.257,-1.2759,-1.2738,-1.2464,-1.2044,-1.1615,-1.1244,-1.094,-1.069,-1.0469,-1.024,-0.9912,-0.9272,-0.7977,-0.5894,-0.3876,-0.3396,-0.427,-0.5323,-0.6063,-0.6491,-0.6709,-0.6805,-0.6832,-0.6824,-0.6801,-0.6772,-0.6744,-0.6719,-0.6698,-1.1544,-1.1632,-1.1751,-1.1927,-1.2196,-1.259,-1.3106,-1.3592,-1.3674,-1.3185,-1.2468,-1.1843,-1.1381,-1.1054,-1.0826,-1.0674,-1.0588,-1.0516,-1.0144,-0.8574,-0.4807,-0.0387,-0.0206,-0.2777,-0.4761,-0.583,-0.6345,-0.657,-0.6652,-0.6664,-0.6647,-0.6619,-0.659,-0.6564,-0.6543,-0.6528,-1.1556,-1.1625,-1.1725,-1.1902,-1.2226,-1.2787,-1.3691,-1.4838,-1.5223,-1.4167,-1.2878,-1.1997,-1.1454,-1.1123,-1.0933,-1.0864,-1.0968,-1.138,-1.1953,-1.0813,-0.5533,0.1789,0.1466,-0.2529,-0.4856,-0.5896,-0.632,-0.6468,-0.6495,-0.6476,-0.6443,-0.6411,-0.6383,-0.6362,-0.6349,-0.6342,-1.1543,-1.1569,-1.1606,-1.1734,-1.2075,-1.2744,-1.3947,-1.5904,-1.6824,-1.4845,-1.2993,-1.198,-1.143,-1.1131,-1.0993,-1.099,-1.1208,-1.1981,-1.3636,-1.3263,-0.9007,-0.4183,-0.3059,-0.4632,-0.5758,-0.6232,-0.6364,-0.6354,-0.63,-0.6244,-0.6199,-0.6166,-0.6146,-0.6135,-0.6133,-0.6138,-1.1516,-1.1479,-1.1396,-1.1392,-1.174,-1.2429,-1.3438,-1.486,-1.5445,-1.397,-1.2568,-1.1759,-1.1303,-1.1077,-1.1016,-1.1055,-1.1231,-1.1764,-1.2659,-1.2576,-1.2013,-1.0564,-0.8271,-0.7206,-0.6814,-0.6554,-0.6324,-0.614,-0.6012,-0.5935,-0.5894,-0.5876,-0.5873,-0.588,-0.5894,-0.5914,-1.1502,-1.1416,-1.1213,-1.1031,-1.1441,-1.2117,-1.2737,-1.3162,-1.3096,-1.252,-1.1923,-1.1438,-1.1096,-1.0971,-1.1072,-1.1184,-1.1228,-1.1451,-1.1879,-1.2772,-1.5289,-1.4408,-1.0821,-0.8568,-0.73,-0.6507,-0.6002,-0.5709,-0.5566,-0.5516,-0.5514,-0.5534,-0.5563,-0.5596,-0.5632,-0.5671,-1.1521,-1.1438,-1.1283,-1.1191,-1.147,-1.2034,-1.249,-1.247,-1.1909,-1.1485,-1.1415,-1.1133,-1.0805,-1.0757,-1.1296,-1.1654,-1.1337,-1.1453,-1.1755,-1.2489,-1.4088,-1.3454,-1.074,-0.8494,-0.6898,-0.5821,-0.5204,-0.4948,-0.4908,-0.4967,-0.5054,-0.514,-0.5216,-0.5284,-0.5347,-0.5408,-1.157,-1.1507,-1.136,-1.1083,-1.1241,-1.2137,-1.2817,-1.27,-1.1158,-1.0356,-1.1143,-1.0888,-1.0359,-1.0128,-1.0906,-1.1591,-1.1375,-1.1914,-1.218,-1.1969,-1.1761,-1.0977,-0.9291,-0.7308,-0.549,-0.4226,-0.3714,-0.3754,-0.4016,-0.4298,-0.4531,-0.4708,-0.4842,-0.4949,-0.5042,-0.5128,-1.1642,-1.1612,-1.1477,-1.1191,-1.1425,-1.2597,-1.3766,-1.4315,-1.2712,-1.1314,-1.1358,-1.0723,-0.9793,-0.8798,-0.9307,-1.0329,-1.1514,-1.3872,-1.4365,-1.2465,-1.0848,-0.9439,-0.768,-0.5373,-0.2848,-0.1245,-0.1256,-0.2096,-0.2946,-0.357,-0.3987,-0.4264,-0.4455,-0.4599,-0.472,-0.4831,-1.1729,-1.1763,-1.1771,-1.1827,-1.2246,-1.323,-1.4583,-1.5882,-1.4872,-1.293,-1.1754,-1.0566,-0.9676,-0.8329,-0.8693,-0.9514,-1.1353,-1.8763,-1.9057,-1.3162,-1.0257,-0.8321,-0.6201,-0.3024,0.1311,0.3768,0.2212,-0.0233,-0.1915,-0.2908,-0.3488,-0.3839,-0.4068,-0.4237,-0.4381,-0.4517,-1.1809,-1.1908,-1.2037,-1.2262,-1.2706,-1.3441,-1.4394,-1.523,-1.4771,-1.3493,-1.2396,-1.036,-0.9556,-0.9308,-0.9173,-0.7903,-0.9072,-1.4016,-1.5258,-1.1601,-0.8951,-0.7099,-0.5057,-0.1349,0.5056,0.8714,0.4924,0.093,-0.1293,-0.2456,-0.3089,-0.3452,-0.3685,-0.3861,-0.4022,-0.4184,-1.186,-1.2,-1.2182,-1.2442,-1.2823,-1.3328,-1.3873,-1.424,-1.4242,-1.4331,-1.4487,-1.3473,-1.1916,-1.1881,-0.9598,-0.7412,-0.6943,-0.9412,-1.0328,-0.8791,-0.6564,-0.5422,-0.4366,-0.1622,0.3261,0.6158,0.3597,0.0525,-0.1288,-0.2265,-0.2797,-0.3097,-0.3291,-0.3458,-0.3633,-0.3827,-1.1874,-1.203,-1.2224,-1.2471,-1.2783,-1.315,-1.3531,-1.39,-1.4442,-1.587,-1.9,-1.7573,-1.5487,-1.2904,-1.0982,-0.8884,-0.7704,-0.8689,-0.8567,-0.6469,-0.2797,-0.3099,-0.3889,-0.2688,-0.0456,0.0961,0.0483,-0.0681,-0.1619,-0.2217,-0.2554,-0.2732,-0.2855,-0.3002,-0.3203,-0.3443,-1.1852,-1.2009,-1.2196,-1.2419,-1.2684,-1.2987,-1.3333,-1.3778,-1.4537,-1.61,-1.8553,-1.7469,-1.798,-1.8256,-1.3155,-1.0716,-0.9509,-0.8914,-0.8161,-0.6066,-0.2209,-0.2716,-0.3803,-0.326,-0.2123,-0.1275,-0.1103,-0.1411,-0.1831,-0.214,-0.2281,-0.2303,-0.2329,-0.2468,-0.2725,-0.3042,-1.18,-1.1949,-1.2121,-1.2321,-1.2551,-1.2818,-1.3139,-1.3564,-1.4192,-1.5082,-1.5896,-1.6252,-1.8207,-1.838,-1.4082,-1.2163,-1.0361,-0.8953,-0.8702,-0.7061,-0.5076,-0.4308,-0.4015,-0.3291,-0.2222,-0.1198,-0.0889,-0.1324,-0.1776,-0.1971,-0.1944,-0.1782,-0.1694,-0.1865,-0.223,-0.2652,-1.1722,-1.1859,-1.2014,-1.219,-1.2389,-1.262,-1.2894,-1.3236,-1.3666,-1.4152,-1.4573,-1.4915,-1.5283,-1.4808,-1.4221,-1.4283,-1.1074,-0.8758,-0.7923,-0.6256,-0.5464,-0.4619,-0.3801,-0.2909,-0.162,0.0322,0.0765,-0.0871,-0.1675,-0.1757,-0.1582,-0.1269,-0.1087,-0.1329,-0.1818,-0.2335,-1.1623,-1.1746,-1.1882,-1.2032,-1.2201,-1.239,-1.2606,-1.2854,-1.3129,-1.3398,-1.361,-1.3726,-1.3684,-1.3451,-1.3656,-1.3529,-1.083,-0.8115,-0.529,-0.4261,-0.4728,-0.3765,-0.2797,-0.2237,-0.1501,0.0431,0.091,-0.1641,-0.1889,-0.1463,-0.1219,-0.1035,-0.0893,-0.1126,-0.1618,-0.215,-1.1509,-1.1616,-1.1731,-1.1856,-1.1991,-1.2138,-1.2295,-1.2461,-1.2622,-1.2755,-1.2828,-1.2806,-1.2665,-1.2435,-1.2181,-1.1478,-0.9823,-0.7722,-0.57,-0.4686,-0.3533,-0.1326,-0.0175,-0.085,-0.1966,-0.3333,-0.6169,-0.4991,-0.2001,-0.0551,-0.0508,-0.0843,-0.0999,-0.121,-0.1612,-0.209,-1.1383,-1.1472,-1.1566,-1.1665,-1.1768,-1.1873,-1.1978,-1.2076,-1.2154,-1.2194,-1.2173,-1.2067,-1.1859,-1.1539,-1.1059,-1.0257,-0.9007,-0.7444,-0.5813,-0.402,-0.0849,0.4162,0.5729,0.2025,-0.1594,-0.5123,-0.9491,-0.5979,0.0757,0.2376,0.1213,-0.0053,-0.0773,-0.1212,-0.164,-0.2094,-1.1247,-1.1319,-1.1393,-1.1467,-1.1539,-1.1607,-1.1666,-1.1709,-1.1725,-1.1699,-1.1612,-1.1447,-1.1185,-1.0801,-1.0252,-0.9466,-0.8394,-0.7043,-0.5369,-0.294,0.148,0.8439,1.0365,0.4364,-0.0439,-0.3197,-0.4097,0.0833,0.8621,0.7299,0.3502,0.1037,-0.0303,-0.1076,-0.1634,-0.212,-1.1107,-1.1162,-1.1215,-1.1265,-1.131,-1.1345,-1.1366,-1.1366,-1.1334,-1.1259,-1.1126,-1.0919,-1.0621,-1.0207,-0.9646,-0.8897,-0.7922,-0.6678,-0.5042,-0.2682,0.0927,0.5248,0.6348,0.3138,0.0039,-0.1299,-0.0355,0.4313,0.9721,0.8172,0.4257,0.1558,-0.0025,-0.0987,-0.165,-0.2173]},{"header":{"la1":42.85,"la2":41.18,"lo1":11.55,"lo2":14.05,"nx":36,"ny":24,"dx":0.07143,"dy":0.07261,"parameterCategory":2,"parameterNumber":3,"parameterNumberName":"northward_wind","parameterUnit":"m.s-1"},"data":[0.0606,0.0637,0.071,0.0828,0.0986,0.1175,0.1384,0.1601,0.1818,0.2035,0.2251,0.2467,0.2683,0.2898,0.3111,0.332,0.3523,0.3717,0.3898,0.4058,0.4185,0.4266,0.4287,0.4247,0.4158,0.4037,0.3898,0.3753,0.3607,0.3464,0.3325,0.3193,0.3066,0.2947,0.2835,0.2731,0.0304,0.0318,0.0392,0.0527,0.072,0.0955,0.1211,0.1469,0.1717,0.1955,0.219,0.2425,0.2663,0.2902,0.3141,0.338,0.3617,0.3848,0.407,0.4275,0.445,0.4564,0.4587,0.4515,0.4375,0.4201,0.4017,0.3835,0.3659,0.3491,0.3333,0.3183,0.3042,0.2911,0.2789,0.2676,-0.0064,-0.0078,-0.0012,0.0147,0.0393,0.0701,0.1032,0.1348,0.1629,0.1881,0.2126,0.2377,0.2634,0.2897,0.3163,0.3434,0.371,0.3986,0.4258,0.4526,0.4782,0.4966,0.4992,0.4854,0.4625,0.4374,0.4131,0.3905,0.3697,0.3504,0.3325,0.3158,0.3002,0.2858,0.2726,0.2605,-0.0512,-0.0582,-0.0539,-0.0353,-0.0024,0.0407,0.0869,0.1281,0.1595,0.1836,0.2066,0.232,0.2593,0.2875,0.3166,0.3472,0.3795,0.4126,0.4451,0.479,0.5187,0.5535,0.5563,0.5273,0.489,0.4534,0.4224,0.3954,0.3714,0.3496,0.3297,0.3113,0.2943,0.2786,0.2644,0.2515,-0.1059,-0.1234,-0.1257,-0.105,-0.0592,0.0053,0.0762,0.1367,0.1715,0.1861,0.2015,0.2252,0.2536,0.283,0.3135,0.3473,0.3858,0.4267,0.464,0.5003,0.5593,0.6309,0.6297,0.5693,0.5103,0.4641,0.4274,0.3967,0.37,0.3461,0.3243,0.3043,0.2859,0.2691,0.2538,0.2402,-0.1708,-0.2081,-0.227,-0.2084,-0.1434,-0.0436,0.072,0.1774,0.2193,0.2009,0.196,0.2166,0.2458,0.2748,0.3042,0.3397,0.3861,0.4407,0.4854,0.5091,0.5693,0.6727,0.6651,0.5831,0.5153,0.4652,0.426,0.3933,0.3649,0.3393,0.316,0.2945,0.2747,0.2567,0.2405,0.2262,-0.2424,-0.3139,-0.372,-0.3701,-0.2756,-0.1234,0.0487,0.2269,0.2915,0.2101,0.1813,0.2041,0.2363,0.2612,0.2827,0.3155,0.3704,0.4439,0.5057,0.5117,0.5476,0.6015,0.6024,0.5541,0.5012,0.4559,0.4178,0.3849,0.3557,0.329,0.3043,0.2813,0.2602,0.2409,0.2238,0.2089,-0.3074,-0.426,-0.5634,-0.6185,-0.4671,-0.242,-0.0458,0.1273,0.1969,0.1432,0.1422,0.1875,0.2274,0.2398,0.2356,0.2554,0.3219,0.4112,0.4824,0.5174,0.5771,0.5911,0.5616,0.5219,0.4794,0.4395,0.4039,0.3719,0.3425,0.3149,0.2889,0.2644,0.2417,0.2211,0.2031,0.1877,-0.3427,-0.4923,-0.7134,-0.8752,-0.6257,-0.3469,-0.1792,-0.0785,-0.0349,-0.007,0.0733,0.1721,0.2288,0.2114,0.1274,0.1054,0.2247,0.3535,0.4466,0.5426,0.6833,0.6602,0.5622,0.5011,0.4567,0.4191,0.3856,0.3549,0.3256,0.2971,0.2695,0.243,0.2184,0.1964,0.1774,0.1616,-0.334,-0.4622,-0.6208,-0.7085,-0.5475,-0.3869,-0.2947,-0.2649,-0.2854,-0.2455,-0.0284,0.1732,0.2625,0.2069,-0.0936,-0.267,0.0995,0.3077,0.4098,0.5087,0.6228,0.6132,0.5324,0.4732,0.4301,0.3949,0.364,0.3348,0.3056,0.2757,0.2456,0.2164,0.1893,0.1654,0.1454,0.1296,-0.2943,-0.3862,-0.4635,-0.4843,-0.469,-0.413,-0.4164,-0.4477,-0.5364,-0.6076,-0.1152,0.2228,0.3501,0.3178,0.0005,-0.2581,0.1524,0.307,0.3635,0.4295,0.4904,0.5026,0.4734,0.4347,0.3983,0.3672,0.34,0.313,0.2832,0.2506,0.2166,0.1832,0.1525,0.1262,0.1052,0.0899,-0.2422,-0.3158,-0.3899,-0.4526,-0.4465,-0.4481,-0.5997,-0.7507,-0.5976,-0.4391,0.0101,0.3475,0.4657,0.4424,0.4131,0.3588,0.3619,0.2727,0.2507,0.3505,0.4176,0.4378,0.4261,0.3974,0.364,0.3372,0.3163,0.2917,0.2596,0.2216,0.1809,0.141,0.1051,0.0758,0.0542,0.0404,-0.1828,-0.241,-0.3002,-0.3476,-0.3733,-0.4649,-0.7425,-1.102,-0.8163,-0.2197,0.2405,0.5062,0.5991,0.475,0.53,0.6271,0.525,0.0243,-0.0084,0.298,0.3935,0.4119,0.3992,0.3681,0.3304,0.3084,0.2976,0.2738,0.235,0.187,0.1355,0.0857,0.0424,0.0095,-0.0117,-0.0218,-0.119,-0.1607,-0.2016,-0.2383,-0.283,-0.3871,-0.6035,-0.8539,-0.63,0.0173,0.4581,0.5961,0.6594,1.2602,0.848,0.8594,0.7929,0.3906,0.2376,0.3676,0.4095,0.4081,0.3875,0.3511,0.308,0.2924,0.2887,0.2579,0.2063,0.143,0.0751,0.0103,-0.0433,-0.0799,-0.0981,-0.1006,-0.0546,-0.0817,-0.1073,-0.132,-0.1639,-0.2192,-0.2944,-0.3017,-0.053,0.3984,0.7401,0.863,1.0148,1.3504,0.9699,0.9283,1.2539,0.8086,0.5446,0.4601,0.4282,0.4092,0.3845,0.3484,0.311,0.2942,0.2789,0.2354,0.1679,0.0839,-0.0085,-0.0965,-0.1651,-0.2041,-0.2132,-0.2004,0.0073,-0.0073,-0.0189,-0.0273,-0.0331,-0.0336,-0.0081,0.0978,0.348,0.7375,1.1555,1.1634,1.0993,1.0789,0.9732,0.9964,1.1348,0.8205,0.5781,0.4624,0.4134,0.4049,0.3828,0.349,0.3173,0.2927,0.2615,0.2052,0.1187,0.0051,-0.1262,-0.2531,-0.3445,-0.3804,-0.3669,-0.3246,0.0646,0.0607,0.0614,0.0688,0.0859,0.1205,0.1896,0.3195,0.5326,0.8277,1.1246,1.1096,1.1669,1.1967,0.9668,0.8772,0.798,0.6012,0.4293,0.4075,0.405,0.3993,0.3741,0.343,0.3193,0.3002,0.2638,0.188,0.0688,-0.0924,-0.2899,-0.4879,-0.6156,-0.6317,-0.5664,-0.4715,0.116,0.1205,0.131,0.15,0.1812,0.2314,0.31,0.4272,0.5852,0.7656,0.913,0.9953,1.1479,1.1698,0.9285,0.8126,0.6583,0.3415,0.0751,0.3043,0.3808,0.3775,0.3519,0.3284,0.3308,0.3593,0.3384,0.2138,0.031,-0.201,-0.5033,-0.8312,-1.0163,-0.9691,-0.801,-0.6257,0.1607,0.1714,0.1885,0.2142,0.2517,0.3049,0.3782,0.4738,0.5875,0.705,0.8049,0.8811,0.9396,0.9251,0.874,0.8657,0.6516,0.3606,0.2006,0.3543,0.3743,0.3482,0.3145,0.3002,0.3508,0.5131,0.5432,0.2729,-0.0063,-0.3054,-0.7223,-1.236,-1.4924,-1.3185,-1.0099,-0.75,0.1985,0.2132,0.2339,0.2625,0.3009,0.3511,0.4145,0.4903,0.5738,0.6563,0.7277,0.7814,0.8117,0.8149,0.8278,0.8167,0.6443,0.4737,0.4517,0.482,0.3835,0.3025,0.2488,0.2372,0.3017,0.5196,0.5701,0.1887,-0.0992,-0.3927,-0.8193,-1.3992,-1.6834,-1.4456,-1.0841,-0.7981,0.2296,0.2464,0.2686,0.2974,0.3338,0.3786,0.4317,0.4915,0.5543,0.6145,0.6661,0.7042,0.7256,0.7315,0.7264,0.6875,0.5915,0.4907,0.4459,0.4223,0.3195,0.1898,0.1196,0.1231,0.1459,0.1311,-0.0267,-0.104,-0.2769,-0.4961,-0.7668,-1.1415,-1.3584,-1.2367,-0.985,-0.7567,0.2545,0.2721,0.2943,0.3217,0.3548,0.3936,0.4375,0.4848,0.5327,0.5775,0.6152,0.6423,0.6568,0.6575,0.6422,0.6035,0.5398,0.4682,0.4048,0.3273,0.1768,-0.0391,-0.1135,-0.0224,0.0064,-0.0809,-0.1912,-0.2698,-0.5954,-0.729,-0.7569,-0.8666,-0.9656,-0.934,-0.8078,-0.6615,0.274,0.2915,0.3127,0.3379,0.3672,0.4003,0.4363,0.4739,0.5108,0.5443,0.5719,0.5909,0.5993,0.5957,0.5778,0.5435,0.4932,0.4314,0.3574,0.2503,0.0635,-0.2043,-0.2744,-0.1158,-0.07,-0.1488,-0.2825,-0.6417,-1.2144,-1.1085,-0.8498,-0.7557,-0.7441,-0.7165,-0.6481,-0.5577,0.2889,0.3057,0.3253,0.348,0.3735,0.4014,0.4309,0.4608,0.4893,0.5145,0.5345,0.5472,0.5511,0.5447,0.5266,0.4957,0.4519,0.3951,0.3211,0.217,0.0664,-0.1021,-0.155,-0.0982,-0.0995,-0.1996,-0.4101,-0.8397,-1.2975,-1.1702,-0.8693,-0.7011,-0.6282,-0.582,-0.5297,-0.4672]}]