docs/data/wind_grid.json
[{"header":{"la1":42.85,"la2":41.18,"lo1":11.55,"lo2":14.05,"nx":36,"ny":24,"dx":0.07143,"dy":0.07261,"parameterCategory":2,"parameterNumber":2,"parameterNumberName":"eastward_wind","parameterUnit":"m.s-1"},"data":[-0.5958,-0.603,-0.6089,-0.6134,-0.6163,-0.617,-0.6148,-0.6083,-0.5968,-0.581,-0.5627,-0.545,-0.5303,-0.5202,-0.5147,-0.5129,-0.5123,-0.51,-0.5029,-0.4899,-0.4725,-0.4552,-0.4423,-0.4356,-0.4336,-0.4338,-0.4341,-0.4336,-0.4319,-0.4294,-0.4264,-0.423,-0.4196,-0.4163,-0.4132,-0.4103,-0.6162,-0.6258,-0.6339,-0.6406,-0.6461,-0.6499,-0.6507,-0.6455,-0.6318,-0.6099,-0.5834,-0.5577,-0.5374,-0.5249,-0.5203,-0.5218,-0.5258,-0.5269,-0.519,-0.4986,-0.4685,-0.439,-0.4208,-0.4165,-0.4207,-0.4266,-0.4308,-0.4323,-0.4316,-0.4293,-0.4261,-0.4226,-0.419,-0.4155,-0.4122,-0.4091,-0.6399,-0.6525,-0.6633,-0.6727,-0.6817,-0.6912,-0.6991,-0.6992,-0.6841,-0.652,-0.6109,-0.5719,-0.5428,-0.5269,-0.524,-0.5318,-0.5449,-0.5542,-0.5471,-0.5132,-0.4558,-0.3994,-0.3736,-0.3806,-0.4003,-0.4175,-0.4277,-0.4317,-0.4317,-0.4293,-0.4259,-0.4219,-0.418,-0.4143,-0.4109,-0.4078,-0.6675,-0.6843,-0.6983,-0.7102,-0.7231,-0.7416,-0.7653,-0.7817,-0.7685,-0.7177,-0.6486,-0.5863,-0.5438,-0.5233,-0.5236,-0.5416,-0.5715,-0.6,-0.6018,-0.5462,-0.4273,-0.3054,-0.2734,-0.3198,-0.3744,-0.4096,-0.4268,-0.4328,-0.4327,-0.4297,-0.4255,-0.421,-0.4168,-0.4128,-0.4093,-0.4061,-0.7001,-0.7233,-0.7416,-0.7547,-0.769,-0.7983,-0.8536,-0.9155,-0.9173,-0.8243,-0.6976,-0.5968,-0.5358,-0.51,-0.5146,-0.5472,-0.6052,-0.6758,-0.7141,-0.6374,-0.394,-0.1086,-0.0939,-0.2465,-0.3575,-0.4108,-0.4314,-0.4365,-0.4346,-0.4301,-0.4248,-0.4197,-0.415,-0.4109,-0.4073,-0.4041,-0.7383,-0.7726,-0.7989,-0.8113,-0.8175,-0.8497,-0.9526,-1.1257,-1.184,-0.9834,-0.7445,-0.5916,-0.5119,-0.4818,-0.4908,-0.5391,-0.6341,-0.7807,-0.9264,-0.8651,-0.4786,0.0242,0.0048,-0.2468,-0.3802,-0.43,-0.4435,-0.4427,-0.4369,-0.43,-0.4233,-0.4175,-0.4125,-0.4083,-0.4048,-0.4018,-0.7807,-0.8346,-0.8807,-0.8949,-0.8738,-0.876,-0.997,-1.3102,-1.4765,-1.093,-0.7355,-0.5517,-0.4655,-0.4339,-0.4443,-0.5024,-0.626,-0.8437,-1.1299,-1.1056,-0.7649,-0.4128,-0.3183,-0.4046,-0.4555,-0.4663,-0.4601,-0.449,-0.4378,-0.4283,-0.4204,-0.4142,-0.4092,-0.4052,-0.4019,-0.3991,-0.8204,-0.9028,-0.993,-1.0309,-0.9551,-0.8741,-0.9085,-1.1053,-1.1993,-0.8937,-0.6145,-0.469,-0.3969,-0.3649,-0.3674,-0.4222,-0.5529,-0.7619,-0.9851,-1.0423,-1.0935,-0.9904,-0.7444,-0.6085,-0.5433,-0.5023,-0.4726,-0.4508,-0.435,-0.4236,-0.4154,-0.4094,-0.4049,-0.4013,-0.3985,-0.3961,-0.8433,-0.947,-1.0855,-1.1789,-1.0343,-0.8599,-0.7687,-0.739,-0.6749,-0.541,-0.4335,-0.3649,-0.3171,-0.2801,-0.2501,-0.281,-0.4329,-0.6381,-0.8407,-1.0991,-1.5791,-1.4627,-0.9915,-0.7254,-0.5907,-0.5157,-0.4707,-0.443,-0.4258,-0.415,-0.408,-0.4031,-0.3996,-0.3969,-0.3947,-0.3928,-0.8397,-0.9384,-1.0507,-1.1089,-1.0147,-0.8377,-0.671,-0.5171,-0.3278,-0.2286,-0.2655,-0.2698,-0.2414,-0.1987,-0.0922,-0.0386,-0.3181,-0.581,-0.7849,-1.0279,-1.3706,-1.305,-0.9565,-0.7148,-0.5747,-0.4935,-0.4473,-0.4223,-0.4091,-0.4021,-0.3981,-0.3955,-0.3936,-0.392,-0.3906,-0.3894,-0.8138,-0.9032,-1.0128,-1.1478,-1.1012,-0.8343,-0.6325,-0.4492,-0.0718,0.109,-0.152,-0.2015,-0.1737,-0.1401,-0.0771,-0.0263,-0.3598,-0.6725,-0.8422,-0.908,-0.9644,-0.9219,-0.7687,-0.6151,-0.5029,-0.4339,-0.4001,-0.3879,-0.3854,-0.386,-0.3869,-0.3875,-0.3875,-0.3872,-0.3866,-0.386,-0.7708,-0.8502,-0.9631,-1.1093,-1.0529,-0.7869,-0.6537,-0.611,-0.3212,-0.0833,-0.17,-0.1584,-0.1072,-0.0445,-0.0957,-0.2607,-0.5767,-1.0824,-1.2257,-0.9803,-0.8102,-0.7039,-0.5974,-0.4881,-0.3936,-0.3384,-0.3294,-0.3427,-0.358,-0.3693,-0.3763,-0.3801,-0.382,-0.3827,-0.3828,-0.3827,-0.7132,-0.7686,-0.8327,-0.8756,-0.8174,-0.6992,-0.6848,-0.7903,-0.647,-0.346,-0.1984,-0.1095,-0.0651,0.01,-0.0513,-0.3221,-0.7219,-1.9641,-2.0188,-1.1045,-0.7278,-0.5618,-0.4611,-0.3671,-0.2641,-0.2095,-0.2428,-0.2963,-0.3341,-0.3564,-0.3687,-0.3749,-0.3776,-0.3787,-0.3791,-0.3794,-0.6493,-0.6791,-0.7026,-0.7023,-0.6647,-0.6217,-0.6352,-0.7019,-0.6041,-0.3407,-0.1688,-0.0537,-0.0219,-0.0161,-0.1769,-0.3382,-0.5829,-1.2871,-1.4391,-0.8794,-0.5447,-0.3967,-0.3353,-0.2765,-0.1699,-0.1034,-0.1815,-0.2704,-0.3238,-0.3524,-0.3666,-0.3726,-0.3745,-0.3749,-0.3752,-0.3758,-0.5884,-0.6003,-0.6036,-0.592,-0.566,-0.5398,-0.528,-0.5071,-0.403,-0.2312,-0.1058,-0.0579,-0.0268,0.0779,-0.214,-0.3771,-1.0471,-0.7778,-0.6929,-0.4576,-0.2166,-0.153,-0.1985,-0.2228,-0.1858,-0.1499,-0.2094,-0.2863,-0.3355,-0.3609,-0.3712,-0.373,-0.3714,-0.3699,-0.3699,-0.3712,-0.5349,-0.536,-0.5297,-0.514,-0.4897,-0.4606,-0.4256,-0.3689,-0.2671,-0.1209,0.0343,-0.0035,-0.0304,-0.0639,-0.2134,-0.5159,-0.8621,-0.5515,-0.3229,-0.0915,0.2298,0.1625,-0.0607,-0.1804,-0.2282,-0.2508,-0.2917,-0.3384,-0.3692,-0.3819,-0.381,-0.3729,-0.3645,-0.3605,-0.3613,-0.3648,-0.4896,-0.4843,-0.4729,-0.4544,-0.4287,-0.3957,-0.3522,-0.2909,-0.2043,-0.0925,0.0189,-0.0086,-0.0275,-0.0347,-0.1172,-0.2294,-0.2824,-0.1204,0.0673,0.125,0.3138,0.2315,-0.0051,-0.1622,-0.266,-0.3389,-0.3879,-0.4138,-0.421,-0.4128,-0.3917,-0.365,-0.3455,-0.3408,-0.3466,-0.3557,-0.4517,-0.4425,-0.4282,-0.408,-0.3815,-0.3477,-0.3049,-0.2507,-0.1852,-0.1156,-0.0629,-0.0429,-0.0205,-0.0,0.0817,0.1207,0.0783,0.3145,0.6112,0.3271,0.2049,0.1189,-0.0234,-0.1793,-0.3315,-0.4581,-0.5147,-0.5112,-0.488,-0.451,-0.3968,-0.3362,-0.3008,-0.3039,-0.3248,-0.3448,-0.4202,-0.4087,-0.3928,-0.3721,-0.3459,-0.3138,-0.2751,-0.2298,-0.1798,-0.1305,-0.0883,-0.0518,-0.0042,0.1099,0.4909,0.6577,0.3061,0.3892,0.5598,0.48,0.2953,0.1294,-0.0233,-0.2026,-0.4157,-0.6097,-0.6556,-0.6152,-0.5672,-0.4983,-0.3979,-0.2819,-0.227,-0.2555,-0.3028,-0.3368,-0.3942,-0.3813,-0.3649,-0.3443,-0.3194,-0.2899,-0.2558,-0.2176,-0.177,-0.136,-0.0955,-0.0503,0.0179,0.161,0.4539,0.5531,0.3383,0.3672,0.629,0.7475,0.4069,0.1919,0.0272,-0.1848,-0.4509,-0.6622,-0.7021,-0.7209,-0.6655,-0.5673,-0.4267,-0.2614,-0.1907,-0.2384,-0.3002,-0.3395,-0.3726,-0.3593,-0.3428,-0.323,-0.2998,-0.2729,-0.2428,-0.2099,-0.1749,-0.1384,-0.0993,-0.053,0.0116,0.1097,0.2291,0.278,0.2604,0.3188,0.4813,0.5337,0.3859,0.2957,0.1883,-0.0713,-0.4238,-0.7518,-1.0218,-0.9586,-0.795,-0.67,-0.5205,-0.3574,-0.2759,-0.2917,-0.33,-0.357,-0.3549,-0.3415,-0.3254,-0.3067,-0.2851,-0.2608,-0.234,-0.2049,-0.174,-0.141,-0.1048,-0.0629,-0.0112,0.0512,0.1131,0.1541,0.1829,0.234,0.3059,0.349,0.3992,0.5749,0.5997,0.1841,-0.3384,-0.8389,-1.248,-1.0896,-0.9048,-0.8074,-0.6569,-0.5029,-0.4078,-0.378,-0.3783,-0.3839,-0.3404,-0.3272,-0.3118,-0.2942,-0.2743,-0.2523,-0.2282,-0.2023,-0.1746,-0.145,-0.1128,-0.0769,-0.0364,0.0073,0.0494,0.0856,0.12,0.1619,0.2141,0.2861,0.4542,0.8242,0.9423,0.393,-0.2064,-0.664,-0.9294,-0.966,-1.0372,-0.9678,-0.777,-0.6119,-0.5052,-0.449,-0.423,-0.4108,-0.3285,-0.3157,-0.3011,-0.2847,-0.2664,-0.2464,-0.2247,-0.2015,-0.1767,-0.1504,-0.1222,-0.0919,-0.0595,-0.0261,0.0067,0.0379,0.0696,0.106,0.1536,0.2301,0.3779,0.5983,0.6281,0.2831,-0.1509,-0.499,-0.7318,-0.9029,-1.0521,-0.9875,-0.8076,-0.6559,-0.5534,-0.4903,-0.453,-0.4307]},{"header":{"la1":42.85,"la2":41.18,"lo1":11.55,"lo2":14.05,"nx":36,"ny":24,"dx":0.07143,"dy":0.07261,"parameterCategory":2,"parameterNumber":3,"parameterNumberName":"northward_wind","parameterUnit":"m.s-1"},"data":[-0.6486,-0.6476,-0.6458,-0.6431,-0.6393,-0.6343,-0.6284,-0.6216,-0.6138,-0.6048,-0.5939,-0.5802,-0.5633,-0.5432,-0.5202,-0.4954,-0.4704,-0.447,-0.4274,-0.4129,-0.4036,-0.3987,-0.3969,-0.3972,-0.399,-0.4018,-0.4055,-0.4099,-0.4147,-0.4199,-0.4253,-0.4309,-0.4365,-0.4421,-0.4477,-0.453,-0.6545,-0.6538,-0.6522,-0.6496,-0.6456,-0.6401,-0.6335,-0.6264,-0.6191,-0.6111,-0.6011,-0.5876,-0.5696,-0.5468,-0.5195,-0.489,-0.4575,-0.4281,-0.4045,-0.3891,-0.3815,-0.3795,-0.3804,-0.3827,-0.3859,-0.39,-0.3948,-0.4004,-0.4063,-0.4126,-0.4191,-0.4257,-0.4322,-0.4387,-0.445,-0.4511,-0.6601,-0.6597,-0.6584,-0.6558,-0.6513,-0.6446,-0.6363,-0.6279,-0.6211,-0.6156,-0.6086,-0.5968,-0.5784,-0.5528,-0.5204,-0.4823,-0.4411,-0.4023,-0.373,-0.3581,-0.3564,-0.3612,-0.3661,-0.3697,-0.3734,-0.3782,-0.3841,-0.3907,-0.3979,-0.4054,-0.413,-0.4207,-0.4283,-0.4357,-0.4429,-0.4497,-0.6649,-0.6648,-0.6639,-0.6615,-0.6565,-0.6473,-0.6342,-0.6213,-0.6147,-0.6152,-0.6155,-0.6084,-0.5909,-0.563,-0.5247,-0.4764,-0.4205,-0.3652,-0.3255,-0.315,-0.3304,-0.3515,-0.3607,-0.3612,-0.3624,-0.3667,-0.3733,-0.3811,-0.3895,-0.3983,-0.4072,-0.416,-0.4248,-0.4333,-0.4414,-0.4491,-0.6685,-0.6683,-0.6677,-0.6662,-0.6613,-0.6484,-0.6245,-0.5969,-0.5872,-0.603,-0.621,-0.6236,-0.6089,-0.5796,-0.5357,-0.4752,-0.397,-0.3095,-0.2444,-0.2447,-0.3058,-0.3679,-0.3748,-0.3585,-0.3522,-0.3551,-0.3624,-0.3714,-0.3813,-0.3914,-0.4017,-0.4119,-0.4219,-0.4316,-0.4408,-0.4494,-0.6701,-0.6688,-0.668,-0.6682,-0.6663,-0.6516,-0.6088,-0.5399,-0.5135,-0.5716,-0.6283,-0.6456,-0.6347,-0.6055,-0.5587,-0.4871,-0.3805,-0.2347,-0.0967,-0.1082,-0.2573,-0.3882,-0.3869,-0.3493,-0.3383,-0.342,-0.3509,-0.3616,-0.373,-0.3848,-0.3967,-0.4085,-0.42,-0.431,-0.4414,-0.4509,-0.6691,-0.6645,-0.6607,-0.6624,-0.6699,-0.6654,-0.6121,-0.4807,-0.4127,-0.5513,-0.6551,-0.6808,-0.6702,-0.6439,-0.6012,-0.5268,-0.3994,-0.1958,0.0542,0.0395,-0.1644,-0.2854,-0.3185,-0.313,-0.3163,-0.3264,-0.3386,-0.3515,-0.3649,-0.3785,-0.3923,-0.4059,-0.4192,-0.4318,-0.4434,-0.454,-0.666,-0.6552,-0.6422,-0.6388,-0.6632,-0.6923,-0.6767,-0.5848,-0.5372,-0.6538,-0.7288,-0.7332,-0.7146,-0.6964,-0.6736,-0.6122,-0.4815,-0.286,-0.0882,-0.0621,-0.0925,-0.1347,-0.2148,-0.2633,-0.2906,-0.3098,-0.3259,-0.3411,-0.3566,-0.3725,-0.3886,-0.4046,-0.42,-0.4344,-0.4476,-0.4592,-0.6631,-0.6458,-0.6224,-0.607,-0.6461,-0.7236,-0.7829,-0.8056,-0.8318,-0.8659,-0.8465,-0.7958,-0.7593,-0.76,-0.7976,-0.7771,-0.6174,-0.4223,-0.2607,-0.1294,0.0487,0.0097,-0.1462,-0.2298,-0.2706,-0.2945,-0.3127,-0.33,-0.3479,-0.3667,-0.3859,-0.4049,-0.423,-0.4396,-0.4544,-0.4672,-0.6632,-0.641,-0.6142,-0.6016,-0.6307,-0.7553,-0.8962,-1.011,-1.1259,-1.1448,-0.9901,-0.8508,-0.788,-0.8104,-0.997,-1.1065,-0.7591,-0.506,-0.3462,-0.1966,-0.0362,-0.0498,-0.1586,-0.2251,-0.2592,-0.2799,-0.2975,-0.3167,-0.3382,-0.3612,-0.3847,-0.4077,-0.4292,-0.4485,-0.4651,-0.4788,-0.6686,-0.6396,-0.5801,-0.4622,-0.508,-0.7856,-1.0258,-1.1875,-1.3997,-1.5097,-1.1069,-0.8712,-0.79,-0.7985,-0.9624,-1.1088,-0.7191,-0.4998,-0.3868,-0.2897,-0.2066,-0.184,-0.2077,-0.2326,-0.2478,-0.2597,-0.2761,-0.2992,-0.3268,-0.3563,-0.3859,-0.4142,-0.4401,-0.4625,-0.4811,-0.4955,-0.6825,-0.6565,-0.5954,-0.4879,-0.5544,-0.8913,-1.2028,-1.3716,-1.3838,-1.3542,-1.0478,-0.8415,-0.7824,-0.8181,-0.7639,-0.6453,-0.5025,-0.442,-0.4093,-0.334,-0.2701,-0.2371,-0.2284,-0.227,-0.2226,-0.2233,-0.2421,-0.2755,-0.314,-0.3532,-0.3912,-0.4266,-0.4581,-0.4842,-0.5044,-0.5189,-0.7043,-0.6957,-0.6795,-0.6793,-0.7856,-1.0375,-1.3455,-1.5057,-1.4998,-1.1774,-0.9319,-0.7955,-0.7593,-0.8454,-0.7245,-0.3613,-0.2703,-0.4798,-0.4929,-0.3326,-0.258,-0.2236,-0.2115,-0.2014,-0.1764,-0.1609,-0.1931,-0.248,-0.3029,-0.3547,-0.4036,-0.4485,-0.487,-0.5173,-0.5385,-0.5514,-0.7264,-0.7355,-0.7529,-0.7978,-0.9011,-1.0765,-1.3053,-1.5431,-1.4268,-1.0714,-0.856,-0.7779,-0.7605,-0.6787,-0.3774,0.1228,0.1069,-0.2097,-0.332,-0.2462,-0.1777,-0.1512,-0.1625,-0.1693,-0.1344,-0.1013,-0.1541,-0.2306,-0.2999,-0.365,-0.4276,-0.4852,-0.5331,-0.5675,-0.5878,-0.5963,-0.742,-0.7604,-0.7896,-0.8388,-0.9169,-1.0234,-1.1383,-1.2006,-1.1087,-0.9256,-0.8054,-0.7476,-0.6714,-0.6013,-0.2306,0.2865,0.928,0.2031,-0.1015,-0.1021,0.0146,0.02,-0.0759,-0.1407,-0.1423,-0.1276,-0.1684,-0.2361,-0.3091,-0.3874,-0.469,-0.5458,-0.6068,-0.6445,-0.6592,-0.6571,-0.7485,-0.7691,-0.7977,-0.8372,-0.8883,-0.9445,-0.9879,-0.9876,-0.9231,-0.8327,-0.793,-0.7897,-0.7272,-0.586,-0.3073,0.1924,0.6462,0.1551,-0.0945,0.0246,0.4449,0.3434,0.0298,-0.1135,-0.1556,-0.1671,-0.1931,-0.2453,-0.3228,-0.4221,-0.5356,-0.6452,-0.7262,-0.763,-0.7612,-0.7374,-0.7473,-0.7659,-0.7892,-0.8171,-0.8476,-0.8745,-0.8872,-0.8742,-0.8355,-0.7943,-0.7839,-0.7733,-0.8184,-0.8145,-0.4876,-0.222,-0.1007,-0.2327,-0.3345,-0.0799,0.4991,0.3738,0.0274,-0.1138,-0.1466,-0.1446,-0.1602,-0.2208,-0.3247,-0.4658,-0.6374,-0.8089,-0.922,-0.9441,-0.9016,-0.8368,-0.7405,-0.7557,-0.7729,-0.7912,-0.8083,-0.8201,-0.8214,-0.8089,-0.786,-0.7637,-0.7513,-0.7533,-0.8311,-0.8296,-0.6183,-0.5075,-0.4348,-0.5878,-0.8133,-0.4391,-0.0985,-0.0255,-0.1078,-0.1475,-0.1106,-0.0318,-0.0232,-0.1359,-0.3038,-0.5126,-0.7808,-1.0686,-1.2323,-1.2015,-1.0741,-0.9443,-0.7304,-0.742,-0.754,-0.7654,-0.7744,-0.7786,-0.7757,-0.7652,-0.7494,-0.7331,-0.7206,-0.7155,-0.7194,-0.6992,-0.7206,-0.7495,-0.5839,-0.6286,-0.7237,-0.553,-0.387,-0.28,-0.2417,-0.1905,-0.0533,0.1905,0.2426,-0.0179,-0.2753,-0.5494,-0.9318,-1.3954,-1.6237,-1.4804,-1.2313,-1.0306,-0.7187,-0.7271,-0.735,-0.7417,-0.7458,-0.7461,-0.7415,-0.7322,-0.7194,-0.7054,-0.692,-0.6803,-0.6694,-0.6645,-0.7046,-0.7148,-0.6065,-0.5761,-0.5887,-0.5925,-0.4925,-0.4096,-0.3502,-0.2567,-0.0756,0.2246,0.2911,-0.0335,-0.2818,-0.554,-0.9704,-1.5253,-1.7879,-1.5813,-1.2811,-1.0568,-0.7065,-0.7123,-0.7172,-0.7206,-0.7218,-0.7199,-0.7145,-0.7059,-0.6945,-0.6816,-0.6681,-0.6545,-0.6419,-0.6344,-0.6352,-0.6207,-0.5808,-0.5579,-0.5617,-0.559,-0.528,-0.517,-0.4852,-0.3744,-0.2134,-0.0913,-0.1302,-0.1877,-0.3218,-0.5225,-0.835,-1.2517,-1.4824,-1.3866,-1.1834,-1.0096,-0.6945,-0.6982,-0.7009,-0.7022,-0.7014,-0.6983,-0.6925,-0.6842,-0.6738,-0.6617,-0.6487,-0.6352,-0.622,-0.6104,-0.5991,-0.5829,-0.5622,-0.5479,-0.5449,-0.5513,-0.5885,-0.6898,-0.7112,-0.5374,-0.3464,-0.236,-0.2073,-0.2492,-0.3794,-0.4912,-0.664,-0.9064,-1.0783,-1.0931,-1.014,-0.9172,-0.683,-0.6851,-0.6863,-0.686,-0.6841,-0.6802,-0.6742,-0.6662,-0.6565,-0.6453,-0.633,-0.6201,-0.607,-0.5941,-0.5809,-0.5667,-0.5529,-0.5441,-0.5455,-0.568,-0.6466,-0.818,-0.8714,-0.6494,-0.44,-0.3249,-0.2927,-0.3645,-0.4668,-0.484,-0.5629,-0.7015,-0.8206,-0.8702,-0.8592,-0.8191,-0.6722,-0.6732,-0.6731,-0.6719,-0.6692,-0.6648,-0.6588,-0.6512,-0.642,-0.6316,-0.6202,-0.6082,-0.5958,-0.5832,-0.5707,-0.5587,-0.5485,-0.5432,-0.5478,-0.572,-0.6338,-0.7295,-0.7466,-0.6214,-0.4824,-0.3998,-0.3825,-0.4291,-0.4789,-0.4844,-0.527,-0.6078,-0.686,-0.7337,-0.7473,-0.7373]}]