docs/data/wind_grid.json
[{"header":{"la1":42.85,"la2":41.18,"lo1":11.55,"lo2":14.05,"nx":36,"ny":24,"dx":0.07143,"dy":0.07261,"parameterCategory":2,"parameterNumber":2,"parameterNumberName":"eastward_wind","parameterUnit":"m.s-1"},"data":[0.7724,0.7696,0.7652,0.7586,0.7496,0.7376,0.722,0.7022,0.6774,0.6469,0.6105,0.5682,0.5208,0.4695,0.4158,0.3621,0.3117,0.2692,0.239,0.2238,0.2231,0.2346,0.2555,0.2831,0.3148,0.348,0.3803,0.4105,0.4376,0.4615,0.4822,0.5001,0.5155,0.5286,0.5399,0.5496,0.7853,0.784,0.781,0.7757,0.7677,0.7565,0.7414,0.7216,0.6958,0.6627,0.6215,0.5723,0.516,0.4538,0.3871,0.3184,0.2521,0.1955,0.1572,0.1422,0.1484,0.1694,0.2003,0.2387,0.2813,0.3243,0.3647,0.4009,0.4324,0.4592,0.482,0.501,0.517,0.5305,0.5418,0.5514,0.799,0.7997,0.7986,0.7949,0.7882,0.7781,0.7641,0.7453,0.7194,0.6841,0.6377,0.5804,0.5135,0.4383,0.3555,0.2664,0.1757,0.0954,0.0441,0.0343,0.0582,0.0959,0.1395,0.1911,0.2479,0.3033,0.3529,0.3955,0.4312,0.4606,0.4847,0.5045,0.5207,0.534,0.545,0.5543,0.8135,0.8168,0.8181,0.8164,0.8111,0.8021,0.7894,0.7725,0.7485,0.7123,0.6603,0.5933,0.5139,0.4238,0.3222,0.2066,0.0775,-0.0482,-0.1272,-0.1179,-0.0443,0.025,0.0783,0.1442,0.219,0.2889,0.3481,0.3965,0.4354,0.4665,0.4912,0.5109,0.5266,0.5393,0.5496,0.558,0.8282,0.8353,0.8402,0.8409,0.8364,0.8275,0.8152,0.8003,0.7809,0.7471,0.6897,0.6109,0.5169,0.4111,0.2906,0.1447,-0.0418,-0.2627,-0.4252,-0.3701,-0.1482,-0.0116,0.0291,0.1081,0.2042,0.2878,0.3544,0.4063,0.4467,0.4778,0.5019,0.5205,0.5349,0.5463,0.5553,0.5626,0.8426,0.8555,0.8664,0.8702,0.8653,0.8544,0.8384,0.8187,0.8054,0.7838,0.7245,0.6319,0.5207,0.3989,0.2639,0.0956,-0.155,-0.5525,-0.9914,-0.8842,-0.2867,-0.008,0.0138,0.1097,0.219,0.3075,0.3754,0.427,0.466,0.4953,0.5171,0.5333,0.5455,0.5547,0.5619,0.5677,0.8548,0.8772,0.9008,0.9106,0.9002,0.8845,0.8636,0.8216,0.8008,0.8149,0.7642,0.6552,0.5212,0.381,0.2385,0.0739,-0.1875,-0.7185,-1.5985,-1.4892,-0.4052,0.0045,0.0917,0.1825,0.2744,0.3517,0.4129,0.4596,0.4941,0.5189,0.5366,0.5491,0.5579,0.5643,0.5691,0.573,0.8599,0.896,0.95,0.9793,0.9426,0.9163,0.9126,0.8821,0.86,0.8866,0.8271,0.6844,0.5136,0.3435,0.1894,0.0575,-0.1096,-0.4513,-0.9504,-0.7458,0.076,0.3122,0.291,0.3079,0.359,0.4161,0.4657,0.5038,0.5306,0.5486,0.56,0.5671,0.5714,0.5741,0.5761,0.5777,0.8492,0.8902,0.9904,1.0836,0.9629,0.9269,0.9877,1.0529,1.1073,1.1042,0.9574,0.7273,0.4938,0.2705,0.0594,-0.0478,-0.0523,-0.1138,-0.1607,0.1442,0.784,0.7242,0.4807,0.4267,0.4508,0.4936,0.5321,0.5592,0.5754,0.5834,0.5863,0.5863,0.585,0.5834,0.582,0.5812,0.8178,0.824,0.8634,0.8967,0.7839,0.8802,1.068,1.2795,1.5491,1.5929,1.1922,0.7746,0.4593,0.1803,-0.2024,-0.3876,-0.1003,0.0185,0.0936,0.3126,0.6512,0.6564,0.5314,0.5099,0.5427,0.5845,0.614,0.627,0.6277,0.622,0.6137,0.605,0.597,0.5904,0.5855,0.5823,0.7818,0.7294,0.5919,0.2689,0.3414,0.8081,1.1488,1.453,2.1111,2.4564,1.4202,0.7694,0.3927,0.1309,-0.1816,-0.3944,-0.0649,0.0239,0.0795,0.232,0.4099,0.4996,0.535,0.5857,0.6512,0.7026,0.7202,0.7096,0.6867,0.6619,0.6394,0.6205,0.6052,0.5935,0.5852,0.5799,0.7683,0.6983,0.5417,0.2868,0.3847,0.883,1.252,1.4545,1.7557,1.9521,1.2303,0.6739,0.2802,-0.0662,-0.0162,0.0695,0.0546,-0.1655,-0.1915,0.0895,0.3251,0.4731,0.5803,0.6898,0.806,0.8771,0.8655,0.8083,0.748,0.6982,0.6593,0.6293,0.6066,0.5901,0.579,0.5725,0.7839,0.7398,0.6712,0.6245,0.7468,1.0413,1.3316,1.5019,1.4519,1.2984,0.9438,0.5868,0.3229,-0.1607,-0.0107,0.3078,0.1625,-0.76,-0.7911,-0.0214,0.3385,0.5264,0.6633,0.8221,1.0278,1.1426,1.0534,0.91,0.7995,0.7225,0.6675,0.627,0.5976,0.5772,0.5646,0.5583,0.8136,0.8003,0.7932,0.8221,0.9258,1.0976,1.2826,1.4141,1.3536,1.1287,0.8657,0.5478,0.4482,0.4845,0.4618,0.7136,0.4847,-0.1619,-0.2964,0.1782,0.4801,0.6414,0.7577,0.9261,1.2188,1.393,1.1952,0.9673,0.8199,0.7243,0.6574,0.6084,0.5736,0.5511,0.5392,0.5355,0.8422,0.8474,0.8643,0.9054,0.9794,1.078,1.1739,1.2242,1.1835,1.096,1.011,0.8324,0.6735,0.6817,0.6359,0.7787,0.2342,0.336,0.3584,0.5408,0.7324,0.8112,0.8473,0.9435,1.1417,1.2667,1.1217,0.9303,0.7933,0.6966,0.6237,0.568,0.529,0.5069,0.4993,0.5021,0.8633,0.8763,0.8985,0.9342,0.9838,1.0399,1.0878,1.1114,1.1179,1.1902,1.4754,1.1229,0.9245,0.7334,0.6785,0.5565,0.3424,0.5362,0.6889,0.8409,1.0142,0.9957,0.93,0.9308,0.9785,1.0022,0.9367,0.8296,0.7288,0.6411,0.5639,0.4996,0.4561,0.438,0.4413,0.4569,0.8766,0.8914,0.9122,0.9399,0.973,1.0069,1.0354,1.057,1.0896,1.1932,1.4144,1.1723,0.8994,0.8174,0.7977,0.7596,0.7489,0.8789,1.0221,1.0493,1.0769,1.0553,0.9893,0.9365,0.8965,0.8545,0.7975,0.7268,0.6487,0.5657,0.4778,0.3953,0.3433,0.3367,0.3629,0.4011,0.8838,0.8979,0.9155,0.9365,0.9596,0.9821,1.0021,1.0211,1.0473,1.0895,1.1118,1.0248,0.8877,0.8678,1.005,1.0755,1.0606,1.2239,1.3803,1.3109,1.2116,1.1319,1.0531,0.9561,0.8552,0.7755,0.7165,0.645,0.5658,0.4797,0.3706,0.2489,0.1797,0.2007,0.2695,0.3412,0.8871,0.8996,0.9142,0.9304,0.9472,0.9635,0.9784,0.9926,1.0074,1.0201,1.0167,0.9879,0.9679,1.0494,1.4016,1.5551,1.294,1.3891,1.5552,1.8004,1.5585,1.3223,1.1593,0.9912,0.8207,0.7473,0.7251,0.5767,0.4694,0.3907,0.2655,0.0858,-0.0094,0.061,0.1864,0.293,0.8879,0.8989,0.911,0.9238,0.9369,0.9494,0.961,0.9716,0.981,0.9876,0.9894,0.9922,1.0215,1.1342,1.3884,1.4842,1.3786,1.5846,2.3135,2.6632,1.9036,1.5402,1.3298,1.0718,0.7842,0.6938,0.6864,0.3749,0.3138,0.3049,0.213,0.0215,-0.0839,0.0106,0.1576,0.2759,0.8874,0.897,0.9072,0.9179,0.9286,0.9389,0.9486,0.9576,0.9659,0.9738,0.9831,1.0005,1.0402,1.1201,1.2308,1.3029,1.371,1.5974,2.0299,2.1904,1.9217,1.817,1.6914,1.2928,0.7553,0.2273,-0.3556,-0.226,0.1049,0.2371,0.2269,0.1181,0.0431,0.0952,0.2001,0.296,0.8862,0.8947,0.9036,0.9128,0.922,0.9311,0.9399,0.9487,0.9577,0.9681,0.9821,1.0043,1.0413,1.0971,1.1658,1.2379,1.3346,1.4955,1.6986,1.8403,2.0092,2.4371,2.528,1.7728,0.858,-0.058,-0.9096,-0.5014,0.0699,0.2308,0.2639,0.236,0.2044,0.2219,0.277,0.3399,0.8846,0.8923,0.9003,0.9085,0.9169,0.9253,0.9339,0.9429,0.953,0.9651,0.9814,1.0044,1.0374,1.0817,1.1369,1.2039,1.2921,1.4117,1.561,1.7597,2.1645,2.964,3.2096,2.1682,1.0887,0.2816,-0.1676,-0.0001,0.2538,0.2749,0.2986,0.3095,0.3088,0.3206,0.3504,0.3894,0.8829,0.8899,0.8973,0.9049,0.9128,0.9209,0.9295,0.9389,0.9497,0.9628,0.9798,1.0022,1.0319,1.0701,1.1177,1.177,1.2528,1.3512,1.4825,1.6813,2.0292,2.5114,2.594,1.9589,1.1908,0.6134,0.3029,0.2564,0.2854,0.297,0.3311,0.3589,0.3743,0.3888,0.4093,0.435]},{"header":{"la1":42.85,"la2":41.18,"lo1":11.55,"lo2":14.05,"nx":36,"ny":24,"dx":0.07143,"dy":0.07261,"parameterCategory":2,"parameterNumber":3,"parameterNumberName":"northward_wind","parameterUnit":"m.s-1"},"data":[0.202,0.2202,0.2402,0.2619,0.2846,0.3066,0.3254,0.3379,0.3418,0.3369,0.3249,0.3085,0.2902,0.2707,0.25,0.2274,0.2018,0.1722,0.1385,0.1016,0.0647,0.0328,0.0104,-0.0019,-0.0069,-0.009,-0.0113,-0.0155,-0.0221,-0.0306,-0.0407,-0.0518,-0.0634,-0.0752,-0.0868,-0.0981,0.2065,0.2275,0.2516,0.2789,0.3093,0.3408,0.3694,0.3891,0.3947,0.3856,0.3659,0.3417,0.3171,0.2934,0.2697,0.2442,0.2149,0.1799,0.1374,0.0875,0.0348,-0.0099,-0.0359,-0.0421,-0.0369,-0.0296,-0.0255,-0.026,-0.0307,-0.0388,-0.0492,-0.0609,-0.0734,-0.086,-0.0983,-0.1102,0.2094,0.2333,0.2616,0.2955,0.3363,0.383,0.4294,0.4635,0.4725,0.454,0.4188,0.3804,0.3466,0.3179,0.2916,0.2639,0.2316,0.1913,0.1385,0.0686,-0.0141,-0.0857,-0.1158,-0.1044,-0.0771,-0.0535,-0.04,-0.0361,-0.0394,-0.0474,-0.0585,-0.0712,-0.0847,-0.0983,-0.1115,-0.1241,0.2105,0.2371,0.2691,0.3096,0.3632,0.4333,0.5139,0.5803,0.5976,0.5566,0.4877,0.4239,0.3771,0.3438,0.3162,0.2876,0.2536,0.2102,0.1493,0.0533,-0.089,-0.2253,-0.2567,-0.1957,-0.1239,-0.076,-0.052,-0.0445,-0.0473,-0.0563,-0.0687,-0.0829,-0.0978,-0.1126,-0.1268,-0.1401,0.2098,0.2393,0.2741,0.3184,0.3835,0.4859,0.631,0.7769,0.819,0.7178,0.5733,0.4665,0.4048,0.3699,0.3442,0.3167,0.282,0.2396,0.1832,0.0711,-0.1727,-0.4671,-0.4773,-0.2974,-0.1594,-0.0877,-0.0573,-0.0497,-0.0544,-0.0657,-0.0804,-0.0966,-0.1132,-0.1294,-0.1447,-0.1587,0.2082,0.2425,0.2801,0.3221,0.387,0.5181,0.7653,1.0999,1.2217,0.9526,0.6547,0.4926,0.4239,0.3962,0.3783,0.3538,0.3173,0.2757,0.2444,0.1691,-0.1373,-0.6166,-0.5928,-0.3125,-0.1485,-0.0775,-0.0532,-0.0515,-0.0612,-0.0764,-0.0942,-0.1129,-0.1315,-0.1492,-0.1657,-0.1805,0.2054,0.2515,0.3013,0.3364,0.3703,0.4872,0.8046,1.3914,1.6713,1.1115,0.6555,0.478,0.4302,0.4258,0.4244,0.4056,0.3635,0.3097,0.2839,0.2674,0.0866,-0.2073,-0.2764,-0.1612,-0.079,-0.0464,-0.0424,-0.0527,-0.0698,-0.0901,-0.1115,-0.133,-0.1537,-0.1731,-0.1906,-0.2061,0.1964,0.2659,0.363,0.415,0.3615,0.376,0.5931,1.0292,1.2281,0.8081,0.4959,0.4138,0.4291,0.4673,0.4938,0.485,0.4338,0.3624,0.3104,0.3031,0.3211,0.2404,0.093,0.0278,0.0055,-0.0125,-0.0341,-0.0583,-0.0834,-0.1087,-0.1336,-0.1578,-0.1807,-0.2018,-0.2204,-0.2364,0.1665,0.2513,0.4311,0.5894,0.3618,0.2186,0.2582,0.3519,0.344,0.2368,0.234,0.3273,0.4367,0.5315,0.6039,0.6134,0.5363,0.4418,0.3827,0.405,0.5616,0.506,0.2791,0.137,0.0563,0.0022,-0.0397,-0.0745,-0.1054,-0.1342,-0.162,-0.1888,-0.2139,-0.2366,-0.2562,-0.2724,0.1037,0.1443,0.2416,0.3095,0.0842,0.0055,-0.0232,-0.1171,-0.3292,-0.3801,-0.0568,0.2605,0.472,0.6152,0.7537,0.8101,0.6458,0.5095,0.4305,0.4226,0.4976,0.4566,0.2922,0.1546,0.0552,-0.0168,-0.0685,-0.1067,-0.1384,-0.1683,-0.1979,-0.227,-0.2545,-0.279,-0.2995,-0.3154,0.0266,-0.0114,-0.1331,-0.4455,-0.415,-0.2026,-0.2129,-0.3722,-0.8853,-1.1691,-0.2807,0.2681,0.5564,0.7116,0.7975,0.8369,0.6786,0.5332,0.4391,0.3943,0.3746,0.3256,0.2252,0.1083,0.0014,-0.0789,-0.1281,-0.158,-0.1832,-0.2109,-0.2417,-0.2738,-0.3044,-0.3311,-0.3523,-0.3674,-0.0293,-0.0985,-0.2452,-0.4649,-0.4336,-0.2783,-0.3204,-0.4253,-0.629,-0.7562,-0.1188,0.3799,0.6881,0.8925,0.8691,0.7995,0.6801,0.4805,0.3807,0.3621,0.3209,0.2532,0.1541,0.026,-0.1083,-0.1989,-0.2256,-0.2274,-0.2369,-0.2605,-0.2939,-0.331,-0.3664,-0.396,-0.4176,-0.4307,-0.0535,-0.1107,-0.1947,-0.2735,-0.2776,-0.2738,-0.3676,-0.4856,-0.4213,-0.2275,0.1417,0.5222,0.756,0.9688,0.9537,0.9495,0.7893,0.2776,0.2201,0.335,0.2977,0.2157,0.0976,-0.0724,-0.2808,-0.3965,-0.3574,-0.3027,-0.2915,-0.3144,-0.3553,-0.4021,-0.4454,-0.4789,-0.4999,-0.5087,-0.0578,-0.0964,-0.1414,-0.1793,-0.2031,-0.2405,-0.3202,-0.4072,-0.3376,-0.0934,0.2082,0.6126,0.782,1.111,1.0335,1.4101,1.1514,0.5711,0.3657,0.3526,0.2914,0.2041,0.0712,-0.138,-0.4352,-0.5868,-0.4571,-0.3529,-0.3363,-0.3709,-0.4296,-0.494,-0.5498,-0.5881,-0.6059,-0.6058,-0.0544,-0.0803,-0.1078,-0.1333,-0.1574,-0.1881,-0.2264,-0.2439,-0.1903,-0.0953,0.0064,0.2437,0.5822,0.7979,1.0033,1.52,1.2594,0.8268,0.4949,0.3579,0.3155,0.2443,0.0923,-0.1133,-0.3605,-0.4901,-0.414,-0.3524,-0.3673,-0.4334,-0.5252,-0.6196,-0.6949,-0.737,-0.7448,-0.727,-0.0495,-0.0675,-0.0862,-0.1043,-0.122,-0.1398,-0.1543,-0.1567,-0.1555,-0.2343,-0.5454,-0.2032,0.0578,0.4142,0.6388,0.9239,1.018,0.6573,0.3652,0.3073,0.4718,0.3895,0.1367,-0.0573,-0.2042,-0.2845,-0.2968,-0.3181,-0.3905,-0.5093,-0.6563,-0.8016,-0.9064,-0.9465,-0.9284,-0.8763,-0.0453,-0.0583,-0.0716,-0.0844,-0.0965,-0.1072,-0.1159,-0.1254,-0.1558,-0.2687,-0.5049,-0.3099,-0.3722,-0.4355,0.0964,0.3186,0.3635,0.1798,0.0097,0.1216,0.4744,0.3767,0.0964,-0.0561,-0.1216,-0.1398,-0.1683,-0.257,-0.4063,-0.604,-0.8406,-1.0752,-1.2257,-1.244,-1.1656,-1.0519,-0.0424,-0.0522,-0.0621,-0.0716,-0.0805,-0.0888,-0.0975,-0.1111,-0.1403,-0.1967,-0.2531,-0.2776,-0.5008,-0.5793,-0.4527,-0.4464,-0.2269,-0.2903,-0.462,-0.2618,-0.0362,0.0101,-0.074,-0.1171,-0.0616,0.0653,0.0721,-0.1333,-0.4093,-0.7156,-1.0864,-1.4786,-1.6987,-1.6429,-1.4438,-1.2356,-0.0412,-0.049,-0.0568,-0.0644,-0.0719,-0.0797,-0.0891,-0.103,-0.1255,-0.158,-0.1969,-0.2552,-0.3721,-0.5821,-1.321,-1.6614,-0.7168,-0.4869,-0.563,-0.6645,-0.4708,-0.3325,-0.293,-0.2243,0.003,0.4586,0.5553,0.0258,-0.4325,-0.8336,-1.3434,-1.957,-2.2618,-2.0561,-1.691,-1.3834,-0.0416,-0.0481,-0.0548,-0.0616,-0.0688,-0.0768,-0.0868,-0.1006,-0.1204,-0.1482,-0.1879,-0.2526,-0.3737,-0.6438,-1.235,-1.4224,-0.8248,-0.6599,-1.0216,-1.2247,-0.7849,-0.6223,-0.5605,-0.4235,-0.112,0.4851,0.62,-0.1314,-0.5752,-0.9437,-1.4566,-2.1496,-2.4881,-2.2063,-1.7787,-1.4407,-0.0433,-0.0492,-0.0554,-0.062,-0.0693,-0.0778,-0.0885,-0.1028,-0.1224,-0.15,-0.1905,-0.254,-0.3598,-0.5354,-0.7545,-0.8149,-0.6933,-0.6877,-0.8873,-0.9853,-0.9074,-0.9824,-0.9986,-0.7838,-0.5013,-0.3858,-0.6907,-0.7472,-0.8488,-1.0643,-1.3831,-1.8378,-2.1004,-1.9575,-1.6609,-1.3919,-0.0463,-0.0519,-0.058,-0.0647,-0.0724,-0.0815,-0.093,-0.1079,-0.1278,-0.1552,-0.1938,-0.2493,-0.3283,-0.4307,-0.5304,-0.5805,-0.5922,-0.6415,-0.7532,-0.8884,-1.1476,-1.6601,-1.812,-1.2957,-0.8722,-0.8441,-1.0861,-1.0415,-1.1788,-1.2734,-1.3323,-1.4926,-1.626,-1.5957,-1.4503,-1.2798,-0.0501,-0.0558,-0.062,-0.069,-0.0771,-0.0868,-0.0989,-0.1143,-0.1343,-0.1608,-0.1959,-0.2422,-0.3009,-0.3683,-0.4333,-0.4859,-0.5353,-0.6082,-0.7283,-0.939,-1.3866,-2.1804,-2.4109,-1.6459,-1.0911,-0.9559,-1.0362,-1.2629,-1.667,-1.5796,-1.3829,-1.3358,-1.3529,-1.3345,-1.2609,-1.158,-0.0547,-0.0605,-0.0669,-0.0742,-0.0828,-0.0931,-0.1057,-0.1213,-0.141,-0.166,-0.1975,-0.2366,-0.2831,-0.3348,-0.3881,-0.4422,-0.5039,-0.5882,-0.7177,-0.9348,-1.3091,-1.7949,-1.9138,-1.506,-1.1373,-1.018,-1.1009,-1.391,-1.7305,-1.628,-1.3888,-1.2616,-1.2116,-1.1749,-1.1223,-1.0532]}]