docs/data/wind_grid.json
[{"header":{"la1":42.85,"la2":41.18,"lo1":11.55,"lo2":14.05,"nx":36,"ny":24,"dx":0.07143,"dy":0.07261,"parameterCategory":2,"parameterNumber":2,"parameterNumberName":"eastward_wind","parameterUnit":"m.s-1"},"data":[0.2326,0.2251,0.2179,0.2109,0.2041,0.198,0.1933,0.1912,0.192,0.1951,0.1983,0.1989,0.1946,0.1841,0.1673,0.1454,0.1205,0.0957,0.0746,0.0596,0.0519,0.0513,0.0573,0.0685,0.0834,0.1002,0.1175,0.1342,0.1497,0.1637,0.1762,0.1873,0.1971,0.2057,0.2134,0.2202,0.22,0.2112,0.2025,0.1936,0.1844,0.1751,0.1673,0.1635,0.1659,0.1736,0.183,0.1889,0.1873,0.1761,0.1552,0.126,0.0918,0.0577,0.0294,0.0114,0.0043,0.0067,0.0169,0.0335,0.0544,0.0771,0.0994,0.12,0.1386,0.1548,0.1689,0.1811,0.1917,0.2009,0.209,0.2161,0.2054,0.195,0.1847,0.1736,0.1606,0.1455,0.1305,0.1215,0.1249,0.1411,0.1624,0.1782,0.1817,0.1702,0.1438,0.1044,0.056,0.0068,-0.0318,-0.0515,-0.0534,-0.0447,-0.0286,-0.005,0.0237,0.0536,0.0817,0.1067,0.1283,0.1467,0.1623,0.1755,0.1867,0.1963,0.2047,0.2121,0.1884,0.1761,0.1643,0.1511,0.1336,0.1087,0.0779,0.0535,0.0552,0.0883,0.1335,0.1676,0.1797,0.1683,0.1351,0.0814,0.011,-0.0647,-0.1214,-0.1369,-0.1188,-0.0953,-0.0738,-0.0438,-0.0063,0.0316,0.0659,0.0952,0.1197,0.1399,0.1566,0.1705,0.1822,0.1921,0.2006,0.2081,0.1682,0.1539,0.141,0.1271,0.106,0.0674,0.0046,-0.0626,-0.0736,-0.0009,0.0953,0.1606,0.1845,0.1729,0.1315,0.0606,-0.0427,-0.1694,-0.2695,-0.2683,-0.1844,-0.1206,-0.1035,-0.0756,-0.0314,0.014,0.0538,0.0866,0.1132,0.1346,0.152,0.1662,0.178,0.1879,0.1964,0.2039,0.1443,0.1272,0.114,0.1023,0.0827,0.0331,-0.0801,-0.2532,-0.3137,-0.1382,0.0595,0.1671,0.2005,0.1856,0.1355,0.0491,-0.0916,-0.3083,-0.5344,-0.5112,-0.2722,-0.1169,-0.1107,-0.0951,-0.0477,0.0031,0.0466,0.0816,0.1091,0.1309,0.1483,0.1624,0.174,0.1837,0.192,0.1994,0.1162,0.0955,0.083,0.0765,0.0667,0.0263,-0.1138,-0.4244,-0.5846,-0.2321,0.0746,0.2035,0.2313,0.2042,0.1437,0.0532,-0.0989,-0.3874,-0.804,-0.7744,-0.4093,-0.2237,-0.1598,-0.1158,-0.0567,-0.0005,0.0449,0.08,0.1071,0.1283,0.1451,0.1587,0.1698,0.1791,0.1871,0.1942,0.0837,0.0593,0.0548,0.059,0.0522,0.047,-0.0183,-0.2203,-0.317,-0.0371,0.1945,0.2784,0.2751,0.2187,0.135,0.053,-0.0501,-0.2594,-0.5484,-0.5791,-0.5211,-0.4395,-0.2703,-0.1459,-0.0592,0.003,0.0478,0.0808,0.106,0.1259,0.1417,0.1545,0.165,0.1737,0.1812,0.188,0.0462,0.0134,0.0367,0.0904,0.0208,0.0503,0.1256,0.1569,0.2111,0.3193,0.3791,0.3769,0.3265,0.2162,0.0509,-0.0386,-0.0179,-0.0747,-0.2277,-0.4354,-0.8096,-0.7191,-0.3569,-0.1534,-0.0475,0.0133,0.0525,0.081,0.1036,0.1222,0.1372,0.1492,0.1588,0.1669,0.1739,0.1804,0.0041,-0.0689,-0.1042,-0.1051,-0.2027,-0.0142,0.2332,0.4198,0.5924,0.6594,0.5653,0.4753,0.3897,0.2231,-0.1897,-0.416,-0.0513,0.0611,-0.0229,-0.2541,-0.5979,-0.5535,-0.2725,-0.1006,-0.0173,0.0246,0.0516,0.0751,0.0967,0.1153,0.1303,0.1418,0.1507,0.1579,0.1643,0.1706,-0.0263,-0.1678,-0.4275,-0.9321,-0.8187,-0.1121,0.3377,0.5894,0.8793,1.0169,0.7003,0.549,0.4701,0.3547,-0.0608,-0.391,0.0741,0.2047,0.1618,0.0353,-0.1168,-0.1474,-0.0724,-0.0109,0.0108,0.0164,0.0301,0.0547,0.0815,0.1039,0.1203,0.1316,0.1395,0.1458,0.1517,0.1579,-0.0141,-0.172,-0.4599,-0.8862,-0.7376,0.009,0.5034,0.731,0.7865,0.8599,0.6831,0.5857,0.5326,0.4782,0.5067,0.3874,0.3861,0.322,0.2675,0.2317,0.1662,0.1169,0.0911,0.0527,-0.0104,-0.0536,-0.0371,0.0116,0.057,0.0883,0.1073,0.118,0.1243,0.1292,0.1345,0.141,0.0476,-0.0618,-0.2079,-0.3116,-0.1442,0.2578,0.6084,1.0454,0.5913,0.6494,0.6371,0.6177,0.5838,0.5955,0.7604,0.7508,0.6364,0.2356,0.198,0.3274,0.3197,0.2697,0.1923,0.0606,-0.1332,-0.2458,-0.1683,-0.0492,0.0298,0.072,0.0918,0.0999,0.1031,0.1059,0.1108,0.1184,0.1338,0.081,0.0388,0.0546,0.1807,0.3791,0.5295,0.4711,0.5008,0.614,0.6433,0.6564,0.635,0.3718,0.8048,1.275,0.9726,0.4871,0.368,0.4357,0.4315,0.3784,0.2711,0.0625,-0.2867,-0.4824,-0.2855,-0.0854,0.0164,0.0598,0.0738,0.0747,0.0722,0.0722,0.0775,0.0881,0.2187,0.2027,0.2052,0.2445,0.3287,0.4336,0.5133,0.5464,0.5908,0.6631,0.7046,0.6706,0.5702,0.4191,0.8539,1.3589,0.4659,0.6261,0.5883,0.5614,0.5254,0.4725,0.3645,0.1562,-0.1581,-0.3354,-0.1998,-0.0474,0.0272,0.0515,0.0496,0.0367,0.0249,0.0221,0.0304,0.0474,0.2906,0.2935,0.3114,0.3504,0.4092,0.476,0.5356,0.5868,0.6488,0.7469,0.9039,0.7217,0.6644,0.6279,0.766,0.779,0.5164,0.6759,0.7147,0.6525,0.5418,0.5259,0.4592,0.3009,0.1087,-0.0102,-0.0082,0.0291,0.0465,0.0384,0.0106,-0.0247,-0.0505,-0.0542,-0.0363,-0.0058,0.3477,0.3594,0.3819,0.4166,0.4618,0.5122,0.5629,0.615,0.6773,0.7658,0.8808,0.7775,0.6732,0.6628,0.7875,0.8386,0.8243,0.8764,0.9154,0.7907,0.5605,0.5634,0.5355,0.4068,0.2587,0.15,0.0957,0.071,0.048,0.009,-0.0532,-0.1255,-0.1724,-0.1693,-0.1274,-0.0712,0.3924,0.4079,0.431,0.4618,0.4993,0.541,0.5849,0.6313,0.6816,0.7336,0.7666,0.7487,0.6941,0.7187,0.9877,1.1163,1.0524,1.1035,1.1914,1.0728,0.8657,0.734,0.624,0.4673,0.2929,0.1544,0.0861,0.0552,0.0219,-0.0378,-0.1449,-0.2822,-0.3626,-0.3314,-0.2386,-0.1416,0.4272,0.4442,0.4666,0.4945,0.5269,0.5628,0.601,0.6408,0.6812,0.7187,0.7476,0.7695,0.8113,0.9791,1.5131,1.7327,1.2816,1.2358,1.3368,1.5116,1.2305,0.9432,0.7282,0.5051,0.2581,0.0629,0.0154,-0.0,-0.0268,-0.0887,-0.2404,-0.4737,-0.5985,-0.5054,-0.3394,-0.1975,0.4547,0.472,0.4934,0.5187,0.5476,0.5792,0.6129,0.6478,0.6833,0.7184,0.7545,0.8008,0.8859,1.0818,1.4701,1.6012,1.3362,1.395,1.975,2.2719,1.5326,1.1124,0.8487,0.5656,0.2406,0.015,-0.0255,-0.1079,-0.1009,-0.1223,-0.2709,-0.549,-0.6965,-0.5681,-0.3706,-0.2131,0.4763,0.4934,0.5137,0.537,0.5631,0.5915,0.6218,0.6535,0.6867,0.7219,0.7624,0.8161,0.8991,1.0309,1.1914,1.2619,1.2547,1.3773,1.7082,1.8156,1.4779,1.2457,1.0606,0.7199,0.275,-0.1432,-0.5131,-0.4167,-0.189,-0.1187,-0.2005,-0.3943,-0.5141,-0.446,-0.3056,-0.1788,0.4935,0.5101,0.5292,0.5508,0.5746,0.6005,0.6282,0.6576,0.689,0.7236,0.7638,0.8143,0.8808,0.9642,1.0488,1.1086,1.1581,1.2482,1.371,1.4163,1.4032,1.5373,1.5406,1.0332,0.3833,-0.2655,-0.836,-0.5582,-0.1506,-0.0525,-0.0895,-0.1903,-0.2675,-0.2583,-0.1914,-0.1122,0.5072,0.5231,0.5411,0.5611,0.5831,0.6069,0.6324,0.6597,0.6891,0.7216,0.7587,0.8025,0.8542,0.912,0.9693,1.0202,1.0706,1.1315,1.1986,1.2666,1.419,1.8064,1.9361,1.2869,0.5599,-0.0055,-0.3149,-0.1725,0.0549,0.0496,0.0027,-0.0538,-0.0994,-0.1081,-0.082,-0.0385,0.5179,0.5331,0.55,0.5687,0.589,0.6109,0.6344,0.6595,0.6867,0.7164,0.7494,0.7863,0.8273,0.8707,0.9141,0.9557,0.9975,1.043,1.0953,1.1698,1.3164,1.5488,1.5738,1.1639,0.6472,0.2458,0.0348,0.0298,0.0873,0.0788,0.0533,0.0257,0.0022,-0.0059,0.0045,0.0279]},{"header":{"la1":42.85,"la2":41.18,"lo1":11.55,"lo2":14.05,"nx":36,"ny":24,"dx":0.07143,"dy":0.07261,"parameterCategory":2,"parameterNumber":3,"parameterNumberName":"northward_wind","parameterUnit":"m.s-1"},"data":[0.3213,0.336,0.3506,0.3645,0.3771,0.3866,0.3904,0.3851,0.3681,0.339,0.3001,0.255,0.2068,0.1577,0.1082,0.0582,0.0073,-0.0448,-0.0976,-0.1493,-0.1959,-0.2313,-0.2503,-0.2522,-0.2412,-0.2234,-0.2037,-0.185,-0.1688,-0.1552,-0.1441,-0.1353,-0.1283,-0.1227,-0.1183,-0.1147,0.343,0.3618,0.3812,0.4011,0.4212,0.44,0.4531,0.454,0.4368,0.4002,0.349,0.2905,0.2305,0.1717,0.114,0.0563,-0.003,-0.065,-0.1305,-0.1987,-0.2639,-0.3136,-0.3351,-0.327,-0.3,-0.2666,-0.2346,-0.2073,-0.1851,-0.1677,-0.1542,-0.1437,-0.1357,-0.1294,-0.1246,-0.1207,0.366,0.3895,0.4143,0.4412,0.4716,0.5053,0.5365,0.5519,0.5367,0.4867,0.4135,0.3335,0.2571,0.1869,0.1207,0.0552,-0.0127,-0.0852,-0.1657,-0.2577,-0.3572,-0.4372,-0.4618,-0.4298,-0.3719,-0.3136,-0.2652,-0.2277,-0.1995,-0.1784,-0.1628,-0.151,-0.1423,-0.1356,-0.1305,-0.1266,0.3905,0.4197,0.4501,0.4838,0.5264,0.583,0.6496,0.7,0.6934,0.6156,0.499,0.3831,0.2845,0.202,0.1282,0.0558,-0.0202,-0.1025,-0.1959,-0.3172,-0.4813,-0.6334,-0.6589,-0.5665,-0.4512,-0.3578,-0.2905,-0.2432,-0.21,-0.1863,-0.1693,-0.157,-0.148,-0.1413,-0.1362,-0.1323,0.4173,0.454,0.4903,0.5283,0.5801,0.6667,0.8001,0.9383,0.9619,0.8154,0.6067,0.4324,0.3074,0.2149,0.1369,0.0599,-0.0237,-0.114,-0.2092,-0.3448,-0.611,-0.9334,-0.9378,-0.7105,-0.5138,-0.3855,-0.3039,-0.2508,-0.2151,-0.1907,-0.1736,-0.1615,-0.1527,-0.1464,-0.1416,-0.138,0.4471,0.4964,0.5421,0.5791,0.6247,0.7324,0.9685,1.3134,1.434,1.1021,0.7117,0.4623,0.3173,0.2235,0.148,0.0708,-0.0196,-0.1209,-0.2029,-0.2928,-0.6076,-1.1074,-1.0782,-0.7467,-0.5169,-0.3819,-0.3001,-0.2484,-0.2144,-0.1914,-0.1756,-0.1646,-0.1568,-0.1512,-0.1471,-0.1439,0.4782,0.5521,0.6239,0.6593,0.6626,0.7375,1.0328,1.6437,1.9469,1.2985,0.7232,0.4425,0.3066,0.2271,0.1636,0.0938,0.0015,-0.1155,-0.2015,-0.2244,-0.4293,-0.72,-0.7636,-0.5986,-0.4475,-0.3457,-0.28,-0.2371,-0.2086,-0.1893,-0.176,-0.1669,-0.1606,-0.1561,-0.1528,-0.1503,0.5011,0.6149,0.7596,0.8296,0.7261,0.6672,0.8367,1.2662,1.4638,0.9713,0.5527,0.3634,0.2792,0.2298,0.1859,0.1315,0.0494,-0.0657,-0.1712,-0.2387,-0.3654,-0.4436,-0.4655,-0.4225,-0.3541,-0.2947,-0.2512,-0.221,-0.2001,-0.1857,-0.1758,-0.1691,-0.1646,-0.1615,-0.1593,-0.1574,0.4933,0.6339,0.8834,1.086,0.7882,0.5486,0.523,0.5827,0.5484,0.3874,0.2874,0.2609,0.2534,0.2392,0.213,0.1777,0.1138,0.012,-0.1077,-0.2592,-0.4621,-0.4431,-0.3605,-0.3157,-0.2789,-0.2477,-0.2236,-0.2055,-0.1921,-0.1826,-0.1761,-0.172,-0.1695,-0.168,-0.167,-0.1659,0.4384,0.5344,0.6904,0.7874,0.528,0.3663,0.2712,0.1493,-0.0613,-0.1455,0.0326,0.1828,0.2525,0.2655,0.231,0.2059,0.1694,0.0796,-0.0363,-0.192,-0.3712,-0.3695,-0.2879,-0.2464,-0.2268,-0.2147,-0.2048,-0.1956,-0.1876,-0.1817,-0.1781,-0.1765,-0.1761,-0.1764,-0.1766,-0.1762,0.3573,0.3747,0.325,0.1104,0.1164,0.1905,0.1174,-0.0497,-0.5043,-0.7408,-0.1432,0.1681,0.2943,0.3308,0.2746,0.2228,0.2048,0.1164,0.0211,-0.0745,-0.1676,-0.2037,-0.1967,-0.1924,-0.1973,-0.2027,-0.2017,-0.1955,-0.1886,-0.1841,-0.1825,-0.1833,-0.1854,-0.1875,-0.1889,-0.1892,0.2862,0.2689,0.1973,0.0736,0.0776,0.1101,0.0624,0.0143,-0.2675,-0.4379,-0.0421,0.2311,0.3705,0.443,0.4106,0.3354,0.2411,0.077,-0.0057,-0.0188,-0.0589,-0.1003,-0.1318,-0.1645,-0.2013,-0.2249,-0.2226,-0.2077,-0.1952,-0.1895,-0.1897,-0.1934,-0.1983,-0.2026,-0.2053,-0.2058,0.2367,0.2175,0.1781,0.1326,0.1079,0.0728,0.031,0.2498,-0.1367,-0.0586,0.1288,0.3162,0.4293,0.4873,0.4781,0.446,0.3113,-0.1241,-0.1663,-0.0108,-0.0121,-0.0515,-0.1009,-0.1675,-0.2531,-0.3012,-0.2721,-0.2286,-0.2039,-0.1964,-0.1995,-0.2076,-0.2166,-0.2236,-0.2273,-0.2274,0.2025,0.1869,0.1626,0.1333,0.0997,0.0512,-0.0261,-0.1965,-0.1568,0.0281,0.1869,0.3599,0.4504,0.8045,0.5635,0.6315,0.5282,0.1489,-0.0015,0.0362,0.0129,-0.0295,-0.0858,-0.1758,-0.3176,-0.3964,-0.3172,-0.2394,-0.2065,-0.2022,-0.2125,-0.2284,-0.2435,-0.2537,-0.2576,-0.2557,0.1774,0.1643,0.1456,0.1219,0.0921,0.0535,0.0049,-0.037,-0.0127,0.0567,0.1239,0.2444,0.4553,0.6842,0.567,0.6872,0.83,0.4396,0.1827,0.0719,0.0154,-0.0214,-0.0701,-0.1495,-0.2676,-0.3358,-0.2776,-0.2161,-0.1964,-0.2062,-0.2313,-0.2604,-0.2845,-0.2978,-0.2996,-0.2926,0.158,0.1467,0.1315,0.1127,0.0904,0.0654,0.0418,0.0292,0.0328,0.0169,-0.0933,0.0793,0.1885,0.3543,0.406,0.5443,0.6769,0.3803,0.1454,0.0331,-0.0022,-0.0169,-0.057,-0.1063,-0.1587,-0.1875,-0.1744,-0.1609,-0.1741,-0.2112,-0.2616,-0.3125,-0.3494,-0.3638,-0.3579,-0.34,0.1426,0.1329,0.1206,0.1061,0.09,0.0738,0.0601,0.0507,0.0401,0.0034,-0.0815,-0.0001,-0.0875,-0.1477,0.1252,0.2271,0.2366,0.0926,-0.0481,-0.0543,-0.0147,-0.0269,-0.0621,-0.0789,-0.0757,-0.0589,-0.0535,-0.0833,-0.1433,-0.2218,-0.312,-0.3989,-0.4542,-0.4623,-0.4362,-0.3975,0.1299,0.1216,0.1116,0.1002,0.0883,0.0766,0.0661,0.0565,0.0442,0.0236,0.0009,-0.0249,-0.1751,-0.2273,-0.1527,-0.1578,-0.0829,-0.1937,-0.3496,-0.204,-0.1178,-0.0948,-0.0929,-0.0676,0.0047,0.1076,0.1292,0.0265,-0.1077,-0.242,-0.389,-0.5355,-0.6164,-0.5986,-0.5305,-0.459,0.1192,0.1119,0.1036,0.0943,0.0847,0.0751,0.0658,0.0561,0.0444,0.0288,0.0074,-0.0307,-0.1026,-0.2133,-0.5697,-0.7341,-0.3155,-0.269,-0.342,-0.3222,-0.2397,-0.1826,-0.1466,-0.0775,0.085,0.3662,0.4276,0.145,-0.0896,-0.2732,-0.4767,-0.7039,-0.8139,-0.7423,-0.6156,-0.5091,0.1096,0.1032,0.096,0.088,0.0796,0.071,0.062,0.052,0.0399,0.0239,0.0004,-0.0381,-0.1054,-0.2432,-0.5304,-0.6235,-0.3585,-0.2956,-0.4195,-0.4831,-0.3371,-0.2777,-0.238,-0.1436,0.0543,0.3972,0.4741,0.0913,-0.1396,-0.3138,-0.5189,-0.7731,-0.8938,-0.795,-0.6459,-0.5285,0.101,0.0951,0.0885,0.0813,0.0736,0.0653,0.0562,0.0458,0.033,0.016,-0.0082,-0.0448,-0.1026,-0.1937,-0.3046,-0.3402,-0.2915,-0.2905,-0.3651,-0.4021,-0.3846,-0.4239,-0.4221,-0.2997,-0.1264,-0.0232,-0.1302,-0.1753,-0.2616,-0.3748,-0.5019,-0.6655,-0.7582,-0.7086,-0.6052,-0.5115,0.093,0.0874,0.0813,0.0744,0.067,0.0588,0.0495,0.0387,0.0254,0.0082,-0.015,-0.047,-0.0907,-0.1459,-0.1995,-0.2295,-0.2403,-0.2649,-0.3134,-0.3738,-0.4937,-0.7257,-0.7906,-0.537,-0.3035,-0.2334,-0.2858,-0.304,-0.4353,-0.4952,-0.5078,-0.5545,-0.5967,-0.5844,-0.5329,-0.4729,0.0854,0.0801,0.0741,0.0675,0.0602,0.0519,0.0426,0.0315,0.0182,0.0015,-0.0198,-0.0468,-0.0801,-0.1176,-0.1538,-0.1837,-0.2109,-0.2468,-0.3022,-0.3979,-0.6009,-0.962,-1.0671,-0.703,-0.417,-0.3161,-0.3303,-0.4735,-0.7183,-0.6713,-0.5571,-0.5146,-0.5086,-0.4969,-0.4686,-0.4311,0.0783,0.073,0.0672,0.0607,0.0534,0.0451,0.0357,0.0247,0.0116,-0.0042,-0.0234,-0.0465,-0.0732,-0.1024,-0.1322,-0.1618,-0.1939,-0.235,-0.2952,-0.3941,-0.5636,-0.784,-0.8358,-0.6383,-0.4495,-0.375,-0.4087,-0.5681,-0.756,-0.7011,-0.5712,-0.4974,-0.4648,-0.4443,-0.4217,-0.3952]}]