docs/data/wind_grid.json
[{"header":{"la1":42.22,"la2":41.45,"lo1":11.9,"lo2":12.97,"nx":16,"ny":12,"dx":0.07133,"dy":0.07,"parameterCategory":2,"parameterNumber":2,"parameterNumberName":"eastward_wind","parameterUnit":"m.s-1"},"data":[0.0243,0.1126,0.2637,0.4447,0.4939,0.3215,0.0973,-0.0668,-0.1826,-0.29,-0.4222,-0.5851,-0.745,-0.8487,-0.8721,-0.8353,-0.0265,0.0603,0.2844,0.6991,0.8899,0.4945,0.1154,-0.0816,-0.1898,-0.2913,-0.4575,-0.7101,-0.9787,-1.125,-1.1042,-0.9952,-0.1253,-0.1158,0.0415,0.6253,0.987,0.4457,0.0461,-0.1222,-0.1944,-0.2657,-0.4766,-0.8905,-1.3982,-1.5995,-1.4273,-1.1717,-0.2398,-0.3835,-0.578,-0.3146,0.2045,0.1181,-0.081,-0.1682,-0.1949,-0.2284,-0.479,-1.0872,-2.0694,-2.2984,-1.7559,-1.296,-0.2963,-0.5166,-0.8965,-0.8027,-0.1716,-0.0386,-0.2033,-0.2879,-0.1258,-0.2062,-0.4688,-1.0419,-2.2013,-2.4689,-1.759,-1.2558,-0.2599,-0.4003,-0.5534,-0.4225,-0.0602,0.0638,-0.0939,-0.1976,-0.0494,-0.1764,-0.4785,-0.791,-1.2178,-1.5361,-1.3106,-1.0279,-0.1741,-0.2123,-0.1997,-0.0476,0.2172,0.4352,0.2933,0.0783,-0.1427,-0.1709,-0.5101,-0.7991,-0.7706,-0.8418,-0.8092,-0.7235,-0.0916,-0.0736,-0.0056,0.1482,0.4175,0.8741,0.5253,0.274,0.1479,-0.0449,-0.3275,-0.5355,-0.489,-0.3978,-0.3922,-0.4302,-0.0331,0.0054,0.0798,0.2048,0.3856,0.5633,0.4602,0.386,0.4565,0.1257,-0.1277,-0.2305,-0.1012,0.0722,-0.0261,-0.1889,0.0011,0.0418,0.1042,0.1894,0.2845,0.3449,0.3295,0.3277,0.3187,0.1422,-0.0248,-0.0589,0.1266,0.3086,0.1553,-0.0524,0.0172,0.0527,0.0996,0.1544,0.206,0.2363,0.2377,0.2256,0.1867,0.0967,0.0075,-0.0055,0.0963,0.1861,0.1098,-0.0285,0.0213,0.0499,0.0836,0.119,0.1491,0.166,0.1661,0.15,0.1143,0.0596,0.0086,-0.0064,0.0239,0.05,0.0173,-0.0552]},{"header":{"la1":42.22,"la2":41.45,"lo1":11.9,"lo2":12.97,"nx":16,"ny":12,"dx":0.07133,"dy":0.07,"parameterCategory":2,"parameterNumber":3,"parameterNumberName":"northward_wind","parameterUnit":"m.s-1"},"data":[-0.7984,-0.9127,-1.0488,-1.1854,-1.1703,-0.8741,-0.5014,-0.2388,-0.0911,-0.0099,0.0349,0.0504,0.0443,0.0341,0.0324,0.0385,-0.8778,-1.0271,-1.2217,-1.5283,-1.6671,-1.1075,-0.495,-0.1712,-0.0378,0.0298,0.0739,0.0731,0.0331,0.0017,0.0047,0.0247,-0.9464,-1.1328,-1.3193,-1.5869,-1.791,-1.0429,-0.3448,-0.0625,-0.0265,0.0324,0.1189,0.0919,-0.0362,-0.1016,-0.0575,0.0014,-0.9926,-1.2637,-1.5497,-1.4852,-1.1496,-0.5732,-0.0874,0.0708,-0.1497,0.0072,0.2133,0.1371,-0.2199,-0.3183,-0.1362,-0.0137,-0.9651,-1.2957,-1.7662,-1.6622,-0.8092,-0.2044,0.1063,0.1878,0.4113,0.3505,0.448,0.3872,-0.2138,-0.3691,-0.1111,0.0124,-0.8228,-1.0442,-1.2609,-1.0496,-0.4066,0.0404,0.2231,0.3454,0.7542,0.6212,0.8405,1.1863,0.5845,0.1211,0.0699,0.0725,-0.6166,-0.6843,-0.6623,-0.4198,-0.0324,0.2412,0.4109,0.5172,0.7202,0.6653,1.1283,1.8724,1.0839,0.4239,0.1724,0.0894,-0.4236,-0.4035,-0.3062,-0.1041,0.1478,0.3066,0.4456,0.5078,0.4991,0.5745,0.831,1.0771,0.6824,0.2024,0.0225,0.0004,-0.2765,-0.2243,-0.1232,0.0255,0.186,0.2984,0.3751,0.4131,0.4068,0.4607,0.522,0.4387,-0.0123,-0.4203,-0.3335,-0.1647,-0.174,-0.1162,-0.0303,0.0771,0.1858,0.2731,0.3372,0.3799,0.3936,0.3902,0.3403,0.114,-0.4284,-0.8039,-0.562,-0.2813,-0.1049,-0.0513,0.0184,0.0983,0.1774,0.2453,0.2977,0.3321,0.3425,0.3202,0.2363,0.0229,-0.3387,-0.57,-0.4629,-0.2708,-0.0586,-0.0118,0.0443,0.1055,0.1654,0.2178,0.2582,0.2829,0.2862,0.2589,0.183,0.0378,-0.1549,-0.2832,-0.2722,-0.1889]}]