docs/data/wind_grid.json
[{"header":{"la1":42.85,"la2":41.18,"lo1":11.55,"lo2":14.05,"nx":36,"ny":24,"dx":0.07143,"dy":0.07261,"parameterCategory":2,"parameterNumber":2,"parameterNumberName":"eastward_wind","parameterUnit":"m.s-1"},"data":[-0.3937,-0.4004,-0.4074,-0.4143,-0.4204,-0.4246,-0.4253,-0.4208,-0.4097,-0.3914,-0.3662,-0.3351,-0.2991,-0.2592,-0.2164,-0.1721,-0.129,-0.0906,-0.061,-0.0431,-0.0374,-0.0418,-0.0528,-0.0671,-0.0821,-0.0961,-0.1083,-0.1186,-0.1269,-0.1335,-0.1386,-0.1425,-0.1455,-0.1477,-0.1494,-0.1508,-0.4016,-0.4103,-0.42,-0.4305,-0.4409,-0.45,-0.4553,-0.454,-0.4432,-0.422,-0.3912,-0.3529,-0.3088,-0.2596,-0.2059,-0.1486,-0.0909,-0.0388,0.0003,0.0207,0.0216,0.0079,-0.0139,-0.038,-0.0608,-0.0805,-0.0968,-0.1098,-0.1199,-0.1276,-0.1334,-0.1376,-0.1408,-0.143,-0.1447,-0.1461,-0.4087,-0.4197,-0.4325,-0.4473,-0.4637,-0.4802,-0.4936,-0.4984,-0.489,-0.4633,-0.424,-0.3758,-0.3215,-0.2615,-0.1943,-0.1194,-0.0398,0.0352,0.0904,0.1132,0.1033,0.0718,0.0322,-0.0062,-0.0393,-0.0659,-0.0866,-0.1023,-0.114,-0.1225,-0.1287,-0.1331,-0.1362,-0.1384,-0.1399,-0.1411,-0.4146,-0.4276,-0.4436,-0.4633,-0.4874,-0.5151,-0.5424,-0.5597,-0.554,-0.5201,-0.4662,-0.4037,-0.3374,-0.2657,-0.1836,-0.086,0.0272,0.1422,0.2273,0.2519,0.2171,0.152,0.0837,0.0254,-0.02,-0.054,-0.0789,-0.0968,-0.1096,-0.1185,-0.1247,-0.1289,-0.1317,-0.1336,-0.1349,-0.1358,-0.4185,-0.433,-0.4517,-0.4763,-0.509,-0.5517,-0.6023,-0.6454,-0.649,-0.5977,-0.5168,-0.434,-0.3552,-0.2736,-0.1779,-0.0546,0.1067,0.293,0.4383,0.4604,0.3692,0.2433,0.1334,0.0513,-0.0067,-0.047,-0.0749,-0.094,-0.107,-0.1157,-0.1213,-0.125,-0.1272,-0.1285,-0.1294,-0.13,-0.42,-0.4352,-0.4553,-0.483,-0.5226,-0.5809,-0.6637,-0.7557,-0.7821,-0.6923,-0.5656,-0.4596,-0.372,-0.2862,-0.1837,-0.0401,0.1755,0.4716,0.7314,0.7391,0.5372,0.3219,0.1656,0.0629,-0.0036,-0.047,-0.0755,-0.0942,-0.1063,-0.1139,-0.1185,-0.1211,-0.1224,-0.123,-0.1233,-0.1235,-0.4188,-0.4334,-0.453,-0.4806,-0.5216,-0.5862,-0.6909,-0.8354,-0.8948,-0.7518,-0.5853,-0.4706,-0.3848,-0.304,-0.2066,-0.0626,0.1767,0.5589,0.9455,0.9326,0.6166,0.3372,0.1593,0.0519,-0.014,-0.0552,-0.0811,-0.0974,-0.1073,-0.113,-0.1158,-0.1169,-0.117,-0.1167,-0.1162,-0.116,-0.415,-0.4278,-0.4448,-0.4685,-0.5032,-0.5573,-0.6431,-0.7583,-0.801,-0.6862,-0.5582,-0.4659,-0.3936,-0.3257,-0.2452,-0.1269,0.0703,0.3882,0.7203,0.7298,0.4798,0.2519,0.1054,0.0167,-0.0374,-0.0706,-0.091,-0.103,-0.1094,-0.1123,-0.1128,-0.112,-0.1106,-0.109,-0.1078,-0.1071,-0.4091,-0.4193,-0.4321,-0.449,-0.4727,-0.5071,-0.555,-0.6067,-0.6247,-0.5895,-0.5261,-0.4593,-0.4011,-0.3484,-0.2895,-0.2081,-0.085,0.0892,0.2598,0.3005,0.2131,0.1041,0.0212,-0.0339,-0.069,-0.0906,-0.1031,-0.1095,-0.1116,-0.111,-0.1087,-0.1056,-0.1023,-0.0995,-0.0974,-0.0963,-0.402,-0.409,-0.417,-0.4263,-0.4381,-0.4547,-0.4816,-0.5275,-0.5907,-0.6057,-0.5355,-0.4611,-0.4084,-0.3686,-0.3284,-0.2762,-0.2084,-0.1288,-0.0525,-0.0089,-0.0095,-0.0346,-0.0631,-0.0861,-0.1019,-0.1112,-0.1153,-0.1154,-0.1127,-0.1081,-0.1025,-0.0968,-0.0915,-0.0873,-0.0844,-0.0831,-0.3945,-0.3985,-0.4018,-0.4039,-0.4042,-0.4039,-0.4121,-0.4688,-0.6586,-0.7465,-0.5636,-0.463,-0.4138,-0.3845,-0.3572,-0.3192,-0.2814,-0.2539,-0.2219,-0.1795,-0.1466,-0.1317,-0.1283,-0.1292,-0.13,-0.1288,-0.1251,-0.1192,-0.1114,-0.1025,-0.0933,-0.0845,-0.077,-0.0714,-0.0679,-0.0667,-0.3876,-0.3891,-0.3886,-0.3848,-0.3752,-0.3562,-0.3263,-0.317,-0.4858,-0.6194,-0.5201,-0.4645,-0.4222,-0.3966,-0.3775,-0.3365,-0.3166,-0.3448,-0.3396,-0.2757,-0.2206,-0.1879,-0.1699,-0.1588,-0.1501,-0.1412,-0.131,-0.1194,-0.1065,-0.093,-0.0797,-0.0675,-0.0575,-0.0505,-0.0467,-0.0462,-0.3817,-0.3816,-0.3789,-0.3718,-0.3568,-0.3273,-0.2731,-0.2045,-0.277,-0.4236,-0.4773,-0.5217,-0.4741,-0.3968,-0.3783,-0.3185,-0.3094,-0.4413,-0.4424,-0.3189,-0.2482,-0.2114,-0.1901,-0.1751,-0.1615,-0.1474,-0.132,-0.1151,-0.097,-0.0784,-0.0602,-0.0439,-0.0311,-0.0228,-0.0195,-0.0206,-0.3772,-0.3764,-0.3732,-0.366,-0.352,-0.327,-0.2873,-0.2455,-0.2861,-0.3993,-0.478,-0.628,-0.6401,-0.236,-0.3106,-0.23,-0.1747,-0.3225,-0.3622,-0.2875,-0.2358,-0.2083,-0.1932,-0.1803,-0.1654,-0.1478,-0.1278,-0.1059,-0.0822,-0.0575,-0.0332,-0.0115,0.0049,0.0141,0.0158,0.0114,-0.374,-0.3734,-0.371,-0.3659,-0.3571,-0.3439,-0.329,-0.3268,-0.3661,-0.4372,-0.4846,-0.4808,-0.3978,-0.2945,-0.2728,-0.0438,0.2125,-0.0911,-0.2249,-0.2263,-0.1948,-0.1829,-0.1842,-0.1786,-0.1638,-0.143,-0.1188,-0.0917,-0.0619,-0.0295,0.0035,0.0331,0.0542,0.0635,0.0614,0.0508,-0.3718,-0.3718,-0.3708,-0.3686,-0.3654,-0.3625,-0.3639,-0.3787,-0.4186,-0.4934,-0.6125,-0.4342,-0.3855,-0.322,-0.2706,-0.0816,0.0974,-0.0933,-0.1958,-0.1904,-0.1312,-0.1409,-0.1725,-0.1753,-0.159,-0.1344,-0.106,-0.0738,-0.0365,0.0063,0.0525,0.0947,0.1225,0.1299,0.1194,0.0981,-0.3701,-0.3709,-0.3713,-0.3716,-0.3723,-0.3752,-0.3831,-0.401,-0.4352,-0.4964,-0.5844,-0.4725,-0.3163,-0.2618,-0.3038,-0.2576,-0.1996,-0.2102,-0.2227,-0.201,-0.1258,-0.1402,-0.1771,-0.1755,-0.1524,-0.124,-0.0935,-0.0555,-0.0081,0.0493,0.1158,0.1791,0.2165,0.217,0.19,0.1514,-0.3687,-0.3701,-0.3716,-0.3734,-0.3763,-0.3813,-0.3901,-0.4047,-0.4263,-0.452,-0.4601,-0.4074,-0.2979,-0.2796,-0.4055,-0.437,-0.3441,-0.2564,-0.2115,-0.2466,-0.2239,-0.2077,-0.2032,-0.1793,-0.1442,-0.1202,-0.0951,-0.043,0.0223,0.0974,0.1921,0.2888,0.3383,0.3215,0.2667,0.2043,-0.3671,-0.369,-0.3711,-0.3737,-0.3773,-0.3825,-0.39,-0.4,-0.4114,-0.42,-0.4164,-0.3947,-0.3737,-0.4223,-0.6398,-0.7221,-0.4622,-0.3105,-0.2721,-0.3447,-0.3162,-0.2746,-0.2365,-0.1834,-0.1327,-0.1426,-0.142,-0.0309,0.0649,0.1476,0.2652,0.4003,0.4601,0.4165,0.3295,0.2444,-0.3654,-0.3674,-0.3698,-0.3726,-0.3762,-0.3808,-0.3865,-0.393,-0.3992,-0.4028,-0.4018,-0.399,-0.4104,-0.4734,-0.6225,-0.6637,-0.4879,-0.3902,-0.4424,-0.4842,-0.3885,-0.3343,-0.2824,-0.1948,-0.1001,-0.1186,-0.1276,0.0815,0.1537,0.1962,0.2989,0.4411,0.5026,0.448,0.3499,0.2579,-0.3633,-0.3654,-0.3678,-0.3705,-0.3737,-0.3775,-0.3818,-0.3862,-0.3902,-0.393,-0.3949,-0.3995,-0.4151,-0.452,-0.5016,-0.5054,-0.4483,-0.4094,-0.4273,-0.4399,-0.417,-0.4183,-0.3846,-0.2473,-0.0396,0.1905,0.4869,0.4444,0.2942,0.2386,0.2818,0.3783,0.429,0.3944,0.3184,0.2404,-0.361,-0.363,-0.3652,-0.3677,-0.3705,-0.3735,-0.3768,-0.38,-0.383,-0.3857,-0.3888,-0.3944,-0.4053,-0.4225,-0.4379,-0.4361,-0.4171,-0.4032,-0.4077,-0.425,-0.4765,-0.5928,-0.6121,-0.3869,-0.0428,0.3803,0.7613,0.6207,0.371,0.2557,0.2448,0.2858,0.3158,0.3018,0.2563,0.2013,-0.3584,-0.3603,-0.3623,-0.3645,-0.3668,-0.3693,-0.3718,-0.3743,-0.3766,-0.379,-0.382,-0.3863,-0.3926,-0.4001,-0.4051,-0.4036,-0.3971,-0.3942,-0.4034,-0.4377,-0.5351,-0.7237,-0.7777,-0.5064,-0.133,0.2299,0.4678,0.4462,0.3166,0.2286,0.2012,0.21,0.2217,0.2153,0.1899,0.1545,-0.3556,-0.3573,-0.3591,-0.3609,-0.3629,-0.3648,-0.3668,-0.3687,-0.3706,-0.3725,-0.3747,-0.3774,-0.3808,-0.3839,-0.3854,-0.3846,-0.3829,-0.3849,-0.3976,-0.433,-0.5111,-0.6222,-0.6362,-0.4586,-0.197,0.0467,0.2043,0.2426,0.2093,0.1699,0.1508,0.1491,0.1514,0.1466,0.1316,0.109]},{"header":{"la1":42.85,"la2":41.18,"lo1":11.55,"lo2":14.05,"nx":36,"ny":24,"dx":0.07143,"dy":0.07261,"parameterCategory":2,"parameterNumber":3,"parameterNumberName":"northward_wind","parameterUnit":"m.s-1"},"data":[-0.2029,-0.2152,-0.2285,-0.2424,-0.2561,-0.2682,-0.2769,-0.2802,-0.2766,-0.2657,-0.2486,-0.227,-0.2023,-0.1759,-0.1484,-0.1207,-0.094,-0.0698,-0.0498,-0.035,-0.0254,-0.0201,-0.0173,-0.0158,-0.0144,-0.0125,-0.01,-0.0068,-0.003,0.0013,0.006,0.0108,0.0157,0.0206,0.0252,0.0297,-0.2082,-0.2229,-0.2396,-0.258,-0.2774,-0.2959,-0.3106,-0.318,-0.3149,-0.3009,-0.278,-0.2495,-0.218,-0.185,-0.1509,-0.1162,-0.0821,-0.0512,-0.0266,-0.0105,-0.0026,-0.0009,-0.0022,-0.0042,-0.0055,-0.0055,-0.0041,-0.0014,0.0022,0.0065,0.0113,0.0164,0.0216,0.0267,0.0316,0.0363,-0.2119,-0.2291,-0.2496,-0.2736,-0.3008,-0.3292,-0.3544,-0.3696,-0.3681,-0.3483,-0.3154,-0.2765,-0.236,-0.195,-0.1529,-0.1088,-0.064,-0.0224,0.0095,0.0268,0.03,0.0245,0.0162,0.0088,0.0039,0.0017,0.0019,0.004,0.0075,0.012,0.0171,0.0225,0.0281,0.0336,0.0388,0.0436,-0.2131,-0.2326,-0.2569,-0.2873,-0.3247,-0.3681,-0.4119,-0.4431,-0.4454,-0.4143,-0.3629,-0.3076,-0.2555,-0.206,-0.1551,-0.0993,-0.0383,0.0217,0.0667,0.0843,0.0766,0.057,0.0372,0.0222,0.0128,0.0083,0.0074,0.0092,0.0128,0.0176,0.0232,0.0292,0.0353,0.0412,0.0468,0.0519,-0.2112,-0.232,-0.2593,-0.2958,-0.3447,-0.4088,-0.4848,-0.5505,-0.5633,-0.5066,-0.4194,-0.3396,-0.2749,-0.218,-0.1594,-0.0906,-0.0064,0.0862,0.1572,0.1725,0.1399,0.0946,0.0579,0.0337,0.02,0.0136,0.0121,0.014,0.0181,0.0236,0.0299,0.0366,0.0433,0.0498,0.0558,0.0612,-0.2052,-0.2259,-0.2542,-0.2942,-0.3525,-0.4388,-0.561,-0.6956,-0.7367,-0.6227,-0.4726,-0.3641,-0.2908,-0.2316,-0.1696,-0.0901,0.0209,0.1644,0.2853,0.2918,0.2103,0.1274,0.0721,0.0403,0.0239,0.0169,0.0158,0.0185,0.0235,0.03,0.0374,0.045,0.0525,0.0597,0.0662,0.0719,-0.1949,-0.2136,-0.2397,-0.2781,-0.3373,-0.433,-0.5894,-0.804,-0.8911,-0.6947,-0.4871,-0.3691,-0.3007,-0.2479,-0.1897,-0.1086,0.0166,0.2023,0.3797,0.375,0.244,0.135,0.0718,0.0389,0.0234,0.0179,0.0184,0.0226,0.0292,0.0371,0.0457,0.0546,0.0631,0.0711,0.0782,0.0842,-0.1807,-0.1952,-0.2156,-0.2459,-0.2938,-0.3726,-0.5024,-0.6804,-0.7486,-0.5881,-0.4345,-0.3532,-0.3074,-0.2695,-0.2219,-0.1506,-0.0397,0.1225,0.28,0.2885,0.1886,0.1031,0.0539,0.0293,0.019,0.0171,0.0204,0.0268,0.0353,0.0451,0.0554,0.0657,0.0756,0.0845,0.0922,0.0986,-0.1635,-0.1722,-0.184,-0.2013,-0.2286,-0.2729,-0.34,-0.4154,-0.442,-0.4042,-0.361,-0.335,-0.3196,-0.3005,-0.2655,-0.2069,-0.1217,-0.0156,0.079,0.109,0.0828,0.0486,0.026,0.0152,0.0127,0.0156,0.0223,0.0315,0.0424,0.0544,0.0669,0.079,0.0904,0.1005,0.1089,0.1155,-0.1451,-0.1472,-0.149,-0.151,-0.1547,-0.1641,-0.1875,-0.234,-0.2944,-0.3243,-0.3239,-0.3332,-0.3463,-0.346,-0.32,-0.2649,-0.1889,-0.1094,-0.0454,-0.0093,0.0018,0.0016,0.0003,0.0019,0.0069,0.0147,0.0249,0.0371,0.0509,0.0656,0.0806,0.0952,0.1085,0.1199,0.129,0.1357,-0.1271,-0.123,-0.1153,-0.1023,-0.0823,-0.0565,-0.0401,-0.0916,-0.2896,-0.3749,-0.3184,-0.3501,-0.3923,-0.4101,-0.3865,-0.3188,-0.2253,-0.137,-0.081,-0.0529,-0.0367,-0.0256,-0.0162,-0.0068,0.0035,0.0153,0.0288,0.044,0.0609,0.0789,0.0973,0.115,0.1308,0.1438,0.1536,0.16,-0.1115,-0.1025,-0.0874,-0.0623,-0.0218,0.042,0.1304,0.1767,-0.0653,-0.2688,-0.2993,-0.3859,-0.4522,-0.4801,-0.4557,-0.3639,-0.2259,-0.086,-0.0387,-0.0474,-0.0461,-0.0361,-0.0236,-0.0105,0.0031,0.0176,0.0337,0.052,0.0725,0.0949,0.1179,0.1399,0.159,0.1739,0.1841,0.1896,-0.0993,-0.0876,-0.0686,-0.0377,0.013,0.0976,0.2344,0.3901,0.241,-0.0861,-0.296,-0.4536,-0.5255,-0.5086,-0.4923,-0.3897,-0.2135,0.0346,0.0499,-0.0295,-0.0451,-0.0383,-0.0253,-0.0104,0.0049,0.0209,0.0388,0.0602,0.0855,0.114,0.1436,0.1718,0.1954,0.2126,0.2226,0.226,-0.0911,-0.079,-0.0602,-0.0309,0.0151,0.087,0.1906,0.293,0.1972,-0.0876,-0.3085,-0.5175,-0.6085,-0.9105,-0.5581,-0.4023,-0.2785,-0.0752,-0.0139,-0.0424,-0.0483,-0.0415,-0.0263,-0.0088,0.0073,0.0231,0.0419,0.0667,0.0986,0.1363,0.1763,0.2139,0.2441,0.2636,0.272,0.2711,-0.0863,-0.0757,-0.0602,-0.0378,-0.0062,0.0355,0.0798,0.0912,0.0035,-0.1507,-0.2678,-0.3728,-0.5391,-0.6858,-0.5179,-0.4092,-0.4556,-0.2328,-0.0878,-0.0533,-0.0659,-0.0612,-0.0325,-0.0073,0.0084,0.0206,0.0381,0.0672,0.1095,0.162,0.2189,0.2716,0.3111,0.3323,0.3359,0.3267,-0.084,-0.076,-0.0651,-0.051,-0.0344,-0.0183,-0.0123,-0.0349,-0.0992,-0.1776,-0.2082,-0.2162,-0.282,-0.3935,-0.3426,-0.3243,-0.3659,-0.165,-0.0182,-0.0291,-0.1405,-0.1186,-0.0403,-0.0029,0.0051,0.0047,0.0168,0.0534,0.114,0.1915,0.2763,0.3536,0.4064,0.4263,0.4183,0.3938,-0.083,-0.0776,-0.0711,-0.0639,-0.0576,-0.0556,-0.0637,-0.0883,-0.1293,-0.1718,-0.1935,-0.1825,-0.0442,0.0315,-0.1022,-0.0991,-0.0512,0.1081,0.2223,0.0931,-0.1379,-0.1082,-0.014,0.0111,-0.0107,-0.0449,-0.0449,0.0109,0.1068,0.2253,0.3552,0.4727,0.5432,0.5531,0.5203,0.4703,-0.0823,-0.079,-0.0756,-0.0729,-0.0721,-0.0754,-0.0854,-0.1034,-0.1265,-0.1463,-0.1489,-0.1055,0.0426,0.1029,0.1283,0.1973,0.2058,0.4161,0.6295,0.3524,0.1279,0.0612,0.0629,0.0339,-0.0547,-0.1703,-0.1907,-0.0748,0.0884,0.2643,0.4586,0.6378,0.7278,0.7091,0.6328,0.5469,-0.0811,-0.0793,-0.0778,-0.0772,-0.0784,-0.0824,-0.0899,-0.1003,-0.1105,-0.1143,-0.1018,-0.0587,0.0219,0.1466,0.4674,0.5962,0.3655,0.4485,0.5682,0.4638,0.3201,0.2141,0.1534,0.0686,-0.1115,-0.3917,-0.4468,-0.1686,0.0868,0.3081,0.5644,0.8153,0.9189,0.8537,0.726,0.6056,-0.079,-0.078,-0.0773,-0.0774,-0.0787,-0.0814,-0.0853,-0.0892,-0.0904,-0.0842,-0.0641,-0.0216,0.0544,0.1964,0.4447,0.5259,0.3832,0.4035,0.5287,0.5751,0.4201,0.3212,0.2564,0.1513,-0.053,-0.3974,-0.4686,-0.0606,0.164,0.3506,0.6079,0.8813,0.987,0.9021,0.7567,0.6259,-0.076,-0.0752,-0.0747,-0.0746,-0.075,-0.0757,-0.0762,-0.0752,-0.0704,-0.0584,-0.0349,0.0058,0.071,0.1683,0.28,0.3308,0.3274,0.3687,0.4582,0.4888,0.4412,0.4372,0.4174,0.3095,0.1707,0.1428,0.3822,0.3733,0.3162,0.3849,0.5628,0.7713,0.8674,0.8192,0.7101,0.6017,-0.0722,-0.0713,-0.0705,-0.0697,-0.0688,-0.0676,-0.0653,-0.0608,-0.0524,-0.0376,-0.0136,0.0225,0.0731,0.1364,0.1998,0.2453,0.2787,0.3239,0.3795,0.4254,0.4981,0.6487,0.6891,0.5123,0.365,0.4381,0.6668,0.5651,0.4144,0.4033,0.4926,0.6144,0.6866,0.6782,0.6197,0.5477,-0.0677,-0.0665,-0.0651,-0.0635,-0.0615,-0.0586,-0.0542,-0.0474,-0.0369,-0.0211,0.0017,0.0327,0.0721,0.1176,0.1635,0.2053,0.2453,0.2905,0.3447,0.4197,0.5638,0.8014,0.8657,0.6368,0.4543,0.4439,0.5111,0.4854,0.4169,0.3991,0.4377,0.5001,0.5457,0.5527,0.527,0.4849,-0.0628,-0.0612,-0.0592,-0.0568,-0.0537,-0.0495,-0.0436,-0.0354,-0.0239,-0.0081,0.0129,0.0395,0.0716,0.1076,0.1452,0.1831,0.2227,0.2676,0.3236,0.4042,0.5318,0.6865,0.7223,0.5924,0.4634,0.4174,0.4189,0.4093,0.3867,0.3794,0.3966,0.4273,0.4532,0.4614,0.4508,0.4272]}]