docs/data/wind_grid.json
[{"header":{"la1":42.85,"la2":41.18,"lo1":11.55,"lo2":14.05,"nx":36,"ny":24,"dx":0.07143,"dy":0.07261,"parameterCategory":2,"parameterNumber":2,"parameterNumberName":"eastward_wind","parameterUnit":"m.s-1"},"data":[1.2406,1.242,1.2429,1.2429,1.2413,1.237,1.2286,1.2141,1.192,1.1608,1.1199,1.0693,1.0091,0.94,0.8632,0.7815,0.7006,0.6284,0.574,0.5438,0.5395,0.5569,0.5889,0.6283,0.6696,0.7092,0.7455,0.7777,0.8058,0.8302,0.8513,0.8696,0.8855,0.8995,0.9117,0.9226,1.2526,1.2559,1.2593,1.2623,1.2643,1.2641,1.2596,1.248,1.2264,1.1926,1.1459,1.0867,1.015,0.9306,0.8336,0.7263,0.6157,0.5147,0.4401,0.4047,0.4103,0.4476,0.5028,0.5635,0.6221,0.6749,0.7207,0.7596,0.7925,0.8202,0.8436,0.8634,0.8804,0.8951,0.9079,0.9192,1.2645,1.2699,1.2761,1.2828,1.2897,1.2956,1.2978,1.2917,1.272,1.2352,1.1811,1.1114,1.0265,0.9246,0.8026,0.66,0.5038,0.3548,0.2457,0.2043,0.2326,0.3077,0.401,0.4929,0.5743,0.6427,0.6989,0.7447,0.782,0.8125,0.8378,0.8588,0.8766,0.8918,0.9049,0.9164,1.2759,1.2835,1.2925,1.3033,1.3163,1.3308,1.344,1.3485,1.3334,1.2919,1.2267,1.144,1.045,0.925,0.7749,0.586,0.3596,0.1257,-0.0475,-0.0936,-0.0133,0.133,0.2875,0.4224,0.5312,0.6163,0.6826,0.7344,0.7752,0.8078,0.8343,0.856,0.8741,0.8894,0.9026,0.9142,1.2864,1.2958,1.3075,1.3224,1.3419,1.3673,1.3974,1.4219,1.4166,1.3653,1.2812,1.1822,1.0704,0.9357,0.7596,0.5174,0.1898,-0.1948,-0.4962,-0.5388,-0.3405,-0.0657,0.1777,0.364,0.5006,0.6006,0.6745,0.7303,0.7731,0.8066,0.8333,0.8549,0.8729,0.888,0.901,0.9124,1.2955,1.3064,1.3201,1.338,1.3628,1.3986,1.4498,1.508,1.5224,1.4493,1.3348,1.2193,1.1005,0.9605,0.7705,0.4854,0.0432,-0.5728,-1.1168,-1.1311,-0.7005,-0.2371,0.1049,0.336,0.492,0.6,0.677,0.7334,0.776,0.8088,0.8347,0.8556,0.8728,0.8873,0.8998,0.9108,1.3031,1.3148,1.3294,1.3486,1.3753,1.415,1.478,1.5662,1.6035,1.5024,1.3659,1.2468,1.1323,1.0005,0.8191,0.5313,0.0381,-0.7586,-1.5684,-1.5408,-0.8721,-0.2743,0.1137,0.356,0.512,0.617,0.6905,0.7438,0.7836,0.8141,0.8381,0.8575,0.8735,0.8871,0.8989,0.9094,1.3089,1.3209,1.3357,1.3544,1.3791,1.4136,1.4636,1.5277,1.5496,1.4724,1.3662,1.2642,1.1637,1.0519,0.9017,0.6642,0.2565,-0.4059,-1.0985,-1.117,-0.5887,-0.1001,0.2224,0.4266,0.5596,0.6499,0.7136,0.76,0.7948,0.8217,0.8429,0.8601,0.8744,0.8868,0.8977,0.9076,1.3132,1.325,1.3393,1.3568,1.3785,1.4056,1.4382,1.4701,1.4809,1.4494,1.3744,1.2813,1.1924,1.1049,0.9964,0.8321,0.5731,0.2055,-0.1501,-0.2311,-0.0406,0.201,0.3924,0.5285,0.624,0.6923,0.7422,0.7794,0.8078,0.83,0.8478,0.8624,0.8749,0.8858,0.8958,0.9051,1.3159,1.3274,1.341,1.3574,1.3774,1.4019,1.4328,1.4765,1.5378,1.5406,1.4234,1.2984,1.2111,1.1481,1.0796,0.973,0.8162,0.6284,0.4608,0.3793,0.3998,0.4749,0.5586,0.6316,0.6901,0.7358,0.7712,0.7986,0.8201,0.8373,0.8515,0.8634,0.8739,0.8836,0.8927,0.9015,1.3174,1.3282,1.341,1.3565,1.3758,1.4012,1.4361,1.4947,1.66,1.7447,1.4739,1.2935,1.2085,1.1715,1.144,1.0677,0.9432,0.8142,0.7204,0.6652,0.6447,0.6538,0.6803,0.7129,0.7447,0.7725,0.7955,0.8142,0.8293,0.8418,0.8525,0.8619,0.8707,0.8791,0.8876,0.8962,1.3177,1.3276,1.3392,1.3532,1.3713,1.3973,1.4414,1.4933,1.5377,1.599,1.3981,1.2469,1.1815,1.136,1.2107,1.1289,0.976,0.8116,0.7528,0.7567,0.75,0.7434,0.7481,0.7622,0.7801,0.797,0.8113,0.823,0.8328,0.8415,0.8493,0.8566,0.8639,0.8716,0.8797,0.8886,1.317,1.3257,1.3357,1.3471,1.3611,1.3804,1.4206,1.6561,1.3205,1.3639,1.2807,1.1561,1.1439,1.2135,1.3287,1.155,0.9641,0.6718,0.6562,0.7655,0.7752,0.7616,0.7629,0.7773,0.7939,0.8068,0.8157,0.8224,0.8284,0.8344,0.8403,0.8463,0.8526,0.8599,0.8683,0.878,1.3156,1.3231,1.331,1.3393,1.3474,1.3523,1.3385,1.2244,1.2388,1.2999,1.2419,1.0554,1.0175,1.2809,1.2338,1.1306,0.9922,0.8061,0.7544,0.784,0.7305,0.696,0.7186,0.7588,0.7877,0.8013,0.8063,0.8093,0.8135,0.8188,0.8243,0.8296,0.8355,0.8429,0.8524,0.8639,1.314,1.3202,1.3265,1.3321,1.3361,1.3351,1.3227,1.3002,1.3047,1.325,1.3143,1.2382,1.2094,1.2157,1.21,1.0664,0.9269,0.972,0.9083,0.7462,0.5069,0.471,0.6047,0.7167,0.768,0.78,0.7783,0.7787,0.7847,0.7931,0.8003,0.8056,0.8111,0.8191,0.8308,0.8456,1.3124,1.3178,1.3228,1.3271,1.3298,1.3298,1.327,1.3267,1.3416,1.3904,1.5034,1.3324,1.2854,1.2499,1.2339,1.1248,1.0101,1.0864,1.0175,0.614,-0.0773,0.0403,0.4736,0.6868,0.745,0.7359,0.7192,0.7212,0.7384,0.7572,0.7689,0.7737,0.7776,0.7867,0.8026,0.8229,1.3112,1.3159,1.3204,1.3243,1.3273,1.3295,1.3322,1.3392,1.3586,1.4057,1.4863,1.3857,1.281,1.2599,1.3261,1.3294,1.3001,1.3318,1.2889,0.8053,-0.128,0.0336,0.53,0.7204,0.7163,0.6415,0.5988,0.6213,0.6725,0.7144,0.7331,0.7336,0.7328,0.744,0.7674,0.7968,1.3103,1.3148,1.3191,1.3232,1.327,1.3309,1.3361,1.3448,1.3596,1.3806,1.3914,1.3606,1.2979,1.3134,1.5564,1.6702,1.5783,1.6006,1.6771,1.4045,0.8972,0.7326,0.8182,0.8108,0.6509,0.4346,0.3629,0.4667,0.5954,0.6751,0.6992,0.6865,0.6756,0.6918,0.7285,0.7706,1.3099,1.3143,1.3188,1.3232,1.3277,1.3329,1.3393,1.3479,1.3591,1.3712,1.3796,1.3851,1.4127,1.5659,2.0584,2.2454,1.825,1.7465,1.823,1.967,1.621,1.2979,1.1236,0.9187,0.5568,0.0974,0.0015,0.3072,0.5438,0.656,0.6767,0.6407,0.6168,0.6429,0.6964,0.7517,1.3097,1.3143,1.3189,1.3238,1.3291,1.3351,1.3423,1.3513,1.3623,1.3756,1.3929,1.4231,1.4942,1.6749,2.0268,2.1375,1.8906,1.9289,2.4501,2.7057,2.0414,1.6436,1.4004,1.0908,0.6216,0.0606,-0.0495,0.3598,0.5777,0.6713,0.6779,0.6255,0.595,0.6271,0.6883,0.7488,1.3097,1.3144,1.3194,1.3247,1.3306,1.3374,1.3454,1.3553,1.3677,1.3841,1.4077,1.4469,1.5173,1.637,1.7833,1.8436,1.8302,1.9402,2.2405,2.3404,2.0705,1.9152,1.7722,1.4101,0.9231,0.5953,0.6387,0.6608,0.6837,0.7183,0.7112,0.666,0.6395,0.6627,0.7132,0.7663,1.3098,1.3147,1.3199,1.3256,1.332,1.3395,1.3483,1.3591,1.3728,1.391,1.4166,1.4544,1.5099,1.5839,1.66,1.7133,1.7587,1.847,1.9727,2.0443,2.1125,2.3607,2.4058,1.8787,1.2442,0.8623,0.7906,0.7785,0.7723,0.7789,0.7673,0.7377,0.7187,0.7293,0.7612,0.7998,1.3098,1.3149,1.3203,1.3264,1.3332,1.3411,1.3505,1.3619,1.3762,1.3947,1.4192,1.4521,1.4947,1.5451,1.5969,1.645,1.6965,1.7649,1.8518,1.9665,2.2122,2.6913,2.8303,2.1992,1.494,1.0511,0.8757,0.8454,0.8456,0.8433,0.8304,0.8103,0.7967,0.7991,0.8162,0.8408,1.3097,1.3149,1.3206,1.3268,1.3339,1.3421,1.3517,1.3633,1.3775,1.3952,1.4175,1.4454,1.4789,1.517,1.5573,1.5993,1.6464,1.7051,1.7839,1.9073,2.1289,2.4292,2.4799,2.0885,1.5912,1.2293,1.0363,0.9585,0.9288,0.911,0.8933,0.8758,0.8636,0.8613,0.8688,0.8828]},{"header":{"la1":42.85,"la2":41.18,"lo1":11.55,"lo2":14.05,"nx":36,"ny":24,"dx":0.07143,"dy":0.07261,"parameterCategory":2,"parameterNumber":3,"parameterNumberName":"northward_wind","parameterUnit":"m.s-1"},"data":[0.3901,0.4174,0.4475,0.4794,0.5113,0.5398,0.5602,0.5676,0.5588,0.5337,0.4963,0.4521,0.4067,0.3637,0.3249,0.2912,0.2625,0.2386,0.2192,0.2039,0.1917,0.1821,0.1741,0.1674,0.1614,0.1562,0.1515,0.1472,0.1435,0.1401,0.1372,0.1346,0.1323,0.1303,0.1285,0.127,0.4013,0.4344,0.4727,0.5156,0.5615,0.6058,0.6411,0.6579,0.6488,0.6132,0.5585,0.4959,0.4344,0.379,0.3314,0.2912,0.2579,0.2311,0.2102,0.1945,0.183,0.1743,0.1673,0.1614,0.156,0.1512,0.1468,0.1429,0.1394,0.1363,0.1335,0.1311,0.1291,0.1273,0.1257,0.1244,0.4094,0.4486,0.4961,0.5531,0.6187,0.6885,0.7509,0.7873,0.7799,0.7256,0.6408,0.5484,0.464,0.3931,0.3352,0.288,0.2496,0.2192,0.1967,0.1814,0.1716,0.1648,0.1595,0.1547,0.1501,0.1458,0.1418,0.1382,0.135,0.1321,0.1297,0.1275,0.1257,0.1242,0.1229,0.1218,0.4127,0.4573,0.5142,0.5872,0.6791,0.7885,0.901,0.9806,0.9812,0.8904,0.7489,0.6078,0.492,0.4034,0.3354,0.2813,0.237,0.2018,0.1772,0.1634,0.1571,0.1538,0.1508,0.1475,0.1438,0.1401,0.1365,0.1332,0.1303,0.1278,0.1256,0.1238,0.1223,0.121,0.12,0.1191,0.4093,0.4573,0.5216,0.6096,0.7314,0.8964,1.0978,1.2751,1.3039,1.1337,0.8813,0.6643,0.511,0.4065,0.3314,0.2719,0.221,0.1784,0.15,0.1393,0.1397,0.1418,0.142,0.1402,0.1373,0.1341,0.1309,0.128,0.1254,0.1233,0.1214,0.12,0.1188,0.1179,0.1172,0.1166,0.3977,0.4458,0.5124,0.6087,0.7536,0.9772,1.3087,1.6873,1.801,1.4541,1.0029,0.6918,0.5092,0.3993,0.3242,0.2631,0.206,0.1524,0.1162,0.1113,0.1225,0.131,0.1337,0.133,0.1307,0.1279,0.1251,0.1225,0.1203,0.1186,0.1172,0.1161,0.1154,0.1148,0.1145,0.1142,0.3778,0.4215,0.4829,0.5739,0.7181,0.962,1.3853,2.0013,2.2602,1.6501,1.0025,0.6503,0.4764,0.3816,0.317,0.2598,0.2004,0.1385,0.0941,0.0941,0.1129,0.1238,0.1268,0.1261,0.124,0.1215,0.119,0.1168,0.1151,0.1138,0.1128,0.1123,0.112,0.1119,0.112,0.112,0.3507,0.386,0.4345,0.5052,0.6158,0.8026,1.1312,1.6208,1.8074,1.2735,0.77,0.5263,0.4186,0.3614,0.3156,0.2659,0.2095,0.1519,0.1113,0.1057,0.1148,0.1198,0.1204,0.1191,0.117,0.1148,0.1127,0.1109,0.1097,0.1089,0.1086,0.1086,0.1089,0.1093,0.1098,0.1102,0.319,0.3437,0.3753,0.4174,0.4759,0.5603,0.6776,0.7897,0.7478,0.5451,0.4118,0.3717,0.3646,0.3563,0.3303,0.2834,0.2252,0.171,0.1349,0.1196,0.1153,0.1139,0.1128,0.1114,0.1097,0.1078,0.1061,0.1049,0.1042,0.104,0.1044,0.1052,0.1062,0.1072,0.1082,0.109,0.2861,0.3005,0.316,0.332,0.3458,0.3506,0.3263,0.2226,-0.0011,-0.0944,0.0897,0.2582,0.3524,0.392,0.3768,0.3156,0.2355,0.166,0.1237,0.1062,0.1019,0.1022,0.103,0.103,0.1021,0.1008,0.0995,0.0987,0.0987,0.0993,0.1006,0.1022,0.1041,0.1058,0.1073,0.1085,0.2549,0.261,0.2649,0.2644,0.2549,0.229,0.17,0.0134,-0.449,-0.6716,-0.1062,0.2338,0.4075,0.4964,0.4767,0.3653,0.2281,0.1164,0.0646,0.0624,0.0752,0.0863,0.0928,0.0952,0.0951,0.094,0.0929,0.0925,0.0931,0.0948,0.0972,0.1001,0.1029,0.1055,0.1076,0.109,0.2271,0.2277,0.2252,0.2179,0.2039,0.1836,0.1648,0.1318,-0.1639,-0.3756,0.0007,0.2955,0.5038,0.6753,0.6427,0.4174,0.1811,-0.0182,-0.066,-0.0061,0.0454,0.0737,0.0866,0.0904,0.0897,0.0877,0.0861,0.086,0.0876,0.0906,0.0947,0.0991,0.1033,0.1068,0.1094,0.1111,0.2032,0.2007,0.1956,0.1873,0.1766,0.1693,0.1848,0.2859,0.1269,0.0459,0.1701,0.363,0.5168,0.7721,0.7451,0.397,0.101,-0.2205,-0.2305,-0.0576,0.035,0.0766,0.0908,0.0912,0.0865,0.0817,0.0789,0.0789,0.0818,0.0869,0.0933,0.1,0.106,0.1106,0.1136,0.1151,0.1827,0.1786,0.1727,0.165,0.1572,0.153,0.1558,0.1421,0.1225,0.1112,0.1916,0.3944,0.4819,0.6445,0.481,0.2455,0.0325,-0.1246,-0.1423,-0.02,0.0714,0.1112,0.1126,0.0991,0.0848,0.0746,0.0698,0.0704,0.0756,0.084,0.0941,0.104,0.1124,0.1181,0.1211,0.1218,0.165,0.16,0.1536,0.1462,0.1386,0.1321,0.1259,0.1136,0.0866,0.0482,0.0449,0.1508,0.2946,0.312,0.2856,0.0286,-0.1623,-0.0669,-0.0216,0.0705,0.1791,0.2009,0.1565,0.1114,0.0809,0.0634,0.0567,0.059,0.0684,0.0823,0.0981,0.113,0.1245,0.1311,0.1331,0.1319,0.1495,0.1437,0.1367,0.1286,0.1196,0.1093,0.0955,0.0718,0.0245,-0.0771,-0.2705,-0.0995,0.0108,0.1334,0.099,-0.0322,-0.129,-0.0686,0.0017,0.156,0.3902,0.352,0.2039,0.1148,0.0672,0.0429,0.0357,0.0427,0.0597,0.0826,0.1074,0.1299,0.1455,0.152,0.151,0.1458,0.1356,0.1291,0.1213,0.1122,0.1013,0.0876,0.0683,0.0378,-0.0156,-0.114,-0.2544,-0.1618,-0.1928,-0.2424,-0.1125,-0.1189,-0.119,-0.0988,-0.0566,0.1157,0.4116,0.3593,0.1874,0.0894,0.0356,0.0066,0.0012,0.0186,0.0494,0.0861,0.1248,0.159,0.1796,0.1833,0.1754,0.1631,0.1231,0.1159,0.1075,0.0973,0.085,0.0692,0.048,0.0178,-0.0254,-0.0818,-0.1298,-0.1532,-0.2581,-0.3094,-0.3518,-0.4001,-0.2568,-0.172,-0.189,-0.0442,0.1224,0.1547,0.0947,0.0351,-0.013,-0.0523,-0.0563,-0.0151,0.0396,0.0943,0.1516,0.2032,0.2292,0.2245,0.2041,0.1814,0.1119,0.1042,0.0951,0.0843,0.0711,0.0548,0.0339,0.007,-0.0267,-0.0649,-0.1034,-0.1494,-0.2255,-0.3668,-0.7912,-0.9605,-0.4401,-0.1972,-0.1543,-0.0659,-0.0143,0.0095,-0.0017,-0.0236,-0.0594,-0.1295,-0.1422,-0.044,0.0417,0.1082,0.1814,0.2529,0.2824,0.2641,0.2285,0.1956,0.102,0.0939,0.0844,0.0732,0.0599,0.0437,0.0239,-0.0,-0.0284,-0.0609,-0.099,-0.1502,-0.2339,-0.4039,-0.7359,-0.8274,-0.447,-0.1909,-0.0494,-0.0098,-0.0569,-0.0826,-0.0926,-0.0775,-0.0672,-0.1295,-0.145,0.0094,0.0799,0.1265,0.1948,0.2715,0.3018,0.2774,0.2361,0.1996,0.0933,0.085,0.0753,0.0641,0.0508,0.0352,0.0167,-0.005,-0.0304,-0.0602,-0.0966,-0.1454,-0.2174,-0.3267,-0.451,-0.4636,-0.3261,-0.1817,-0.0866,-0.0658,-0.1277,-0.2132,-0.2369,-0.1594,-0.0447,0.0697,0.2318,0.2165,0.1537,0.1453,0.1835,0.2397,0.267,0.2529,0.2215,0.191,0.0857,0.0773,0.0677,0.0566,0.0437,0.0288,0.0116,-0.0083,-0.0314,-0.0584,-0.091,-0.1318,-0.1837,-0.2439,-0.2924,-0.293,-0.2416,-0.1791,-0.1422,-0.1589,-0.2669,-0.4582,-0.5087,-0.312,-0.0661,0.1796,0.3849,0.3139,0.1963,0.1538,0.163,0.193,0.2128,0.2103,0.1935,0.1735,0.0792,0.0708,0.0613,0.0505,0.0382,0.0242,0.0082,-0.01,-0.0307,-0.0546,-0.0823,-0.1143,-0.15,-0.185,-0.209,-0.2116,-0.1943,-0.1743,-0.1746,-0.2247,-0.3735,-0.6274,-0.6953,-0.4304,-0.1339,0.098,0.2338,0.2291,0.1737,0.1427,0.1416,0.1555,0.1681,0.1705,0.1638,0.1528,0.0736,0.0654,0.0562,0.0458,0.0342,0.021,0.0063,-0.0102,-0.0286,-0.0493,-0.0721,-0.0969,-0.1223,-0.1451,-0.161,-0.1668,-0.1654,-0.1661,-0.184,-0.2396,-0.3563,-0.5092,-0.5403,-0.3772,-0.1663,0.0016,0.1015,0.1319,0.1258,0.1175,0.1189,0.1271,0.1356,0.1395,0.1381,0.1331]}]