docs/data/wind_grid.json
[{"header":{"la1":42.85,"la2":41.18,"lo1":11.55,"lo2":14.05,"nx":36,"ny":24,"dx":0.07143,"dy":0.07261,"parameterCategory":2,"parameterNumber":2,"parameterNumberName":"eastward_wind","parameterUnit":"m.s-1"},"data":[0.6867,0.6813,0.6772,0.6741,0.6719,0.6698,0.6676,0.6648,0.6609,0.6548,0.6449,0.6294,0.6068,0.5765,0.5389,0.4954,0.4489,0.4032,0.3625,0.3305,0.3093,0.3001,0.3027,0.3159,0.3367,0.3617,0.3879,0.4132,0.4368,0.4582,0.4772,0.4942,0.5092,0.5226,0.5346,0.5454,0.6735,0.6671,0.6627,0.6602,0.6587,0.6576,0.6563,0.6549,0.6533,0.6503,0.6433,0.629,0.605,0.5701,0.5243,0.4693,0.4088,0.3489,0.2966,0.2573,0.2331,0.2245,0.2322,0.2544,0.2863,0.3219,0.3569,0.3892,0.4179,0.443,0.4648,0.4837,0.5002,0.5147,0.5274,0.5389,0.6561,0.648,0.6431,0.6411,0.6408,0.6406,0.6395,0.6386,0.6398,0.6422,0.6412,0.6306,0.6063,0.5664,0.5106,0.4401,0.3595,0.2782,0.2097,0.1635,0.1388,0.132,0.1465,0.1826,0.2309,0.2808,0.3266,0.3666,0.4006,0.4293,0.4536,0.4742,0.4919,0.5073,0.5207,0.5326,0.6332,0.6219,0.6156,0.6146,0.6167,0.6176,0.6144,0.6103,0.6135,0.626,0.6373,0.6348,0.612,0.5672,0.4997,0.4092,0.2987,0.1818,0.0881,0.0414,0.0286,0.0255,0.0469,0.1038,0.175,0.2423,0.2998,0.3472,0.386,0.4177,0.444,0.4659,0.4845,0.5004,0.5143,0.5265,0.6031,0.5856,0.576,0.5767,0.5844,0.5887,0.5789,0.5596,0.5596,0.5933,0.6308,0.6433,0.624,0.5745,0.4949,0.3811,0.2274,0.0447,-0.1038,-0.1316,-0.0824,-0.0705,-0.05,0.0328,0.1293,0.2128,0.28,0.3331,0.3751,0.4088,0.4362,0.4588,0.4778,0.4941,0.5081,0.5205,0.5647,0.5349,0.5164,0.5185,0.5396,0.5569,0.5376,0.4739,0.4507,0.5364,0.6263,0.6605,0.6444,0.5893,0.4993,0.3661,0.1637,-0.1346,-0.4386,-0.4281,-0.1922,-0.1027,-0.0887,0.0002,0.107,0.1982,0.2699,0.3253,0.3684,0.4025,0.4301,0.4528,0.4718,0.4879,0.502,0.5144,0.5191,0.4671,0.4253,0.4222,0.471,0.5271,0.5185,0.3959,0.3213,0.4976,0.6472,0.6947,0.6745,0.6088,0.5095,0.3732,0.1561,-0.2355,-0.7796,-0.7465,-0.3248,-0.1522,-0.0827,0.0052,0.1088,0.199,0.2695,0.3233,0.365,0.3982,0.4251,0.4473,0.4658,0.4817,0.4955,0.5077,0.4741,0.3897,0.2989,0.2648,0.3626,0.4983,0.5561,0.4958,0.4572,0.6047,0.7234,0.7519,0.7135,0.6225,0.5009,0.3793,0.2251,-0.0665,-0.4513,-0.4988,-0.4374,-0.3506,-0.1532,0.0043,0.1227,0.2108,0.2757,0.3247,0.3631,0.3943,0.4201,0.4415,0.4594,0.4748,0.4881,0.5002,0.4445,0.3347,0.1953,0.1057,0.2571,0.4769,0.6247,0.6887,0.7338,0.7989,0.837,0.8283,0.7627,0.618,0.4028,0.278,0.2774,0.1755,-0.0397,-0.3142,-0.7878,-0.6776,-0.2353,0.0144,0.1482,0.2284,0.2827,0.3244,0.3591,0.3887,0.4137,0.4345,0.4518,0.4665,0.4794,0.4912,0.4411,0.328,0.2045,0.1431,0.2314,0.4731,0.6981,0.8365,0.9281,0.9663,0.9486,0.915,0.8378,0.632,0.1156,-0.1662,0.2459,0.3452,0.2148,-0.0878,-0.5231,-0.47,-0.1245,0.086,0.1885,0.2419,0.2794,0.3144,0.3483,0.3788,0.4045,0.4253,0.442,0.456,0.4683,0.4799,0.4634,0.3465,0.1804,-0.0688,0.0095,0.4683,0.787,0.9446,1.0476,1.084,1.0302,1.0026,0.9558,0.8141,0.2763,-0.1368,0.3865,0.5002,0.4227,0.2612,0.0719,0.032,0.1219,0.1943,0.2179,0.2242,0.245,0.2832,0.3258,0.363,0.3918,0.4131,0.4292,0.4422,0.4538,0.4653,0.5122,0.4037,0.2298,-0.0148,0.0871,0.5845,0.9124,1.0371,1.0635,1.0792,1.0783,1.0829,1.0765,1.0593,0.9506,0.7694,0.7203,0.575,0.4886,0.4745,0.4092,0.3506,0.3158,0.2623,0.1764,0.1194,0.1465,0.2202,0.2907,0.3422,0.3761,0.3976,0.4121,0.4234,0.4342,0.446,0.5859,0.5145,0.4263,0.3711,0.4968,0.7815,1.0078,1.0986,1.0899,1.106,1.1341,1.1373,1.1556,1.119,1.1309,1.1361,0.9596,0.3418,0.2902,0.5628,0.5827,0.5242,0.4263,0.2554,-0.0016,-0.1514,-0.0396,0.1335,0.2533,0.3222,0.359,0.3779,0.3884,0.3969,0.4069,0.4198,0.6698,0.6388,0.619,0.6423,0.7441,0.8984,1.0278,1.0883,1.1091,1.1656,1.21,1.1371,1.1389,1.5343,1.3517,1.4691,1.2921,0.7636,0.5842,0.7076,0.7022,0.6319,0.5023,0.2418,-0.2148,-0.4772,-0.2038,0.083,0.2377,0.3108,0.3413,0.351,0.3535,0.3577,0.3677,0.3839,0.7483,0.7443,0.756,0.7965,0.8713,0.9648,1.0477,1.1076,1.172,1.2724,1.3592,1.3648,1.4165,1.592,1.4452,1.5383,1.3981,1.1788,0.974,0.867,0.7618,0.6883,0.5846,0.3472,-0.0479,-0.2778,-0.085,0.1397,0.2603,0.3097,0.319,0.3095,0.2984,0.2975,0.3105,0.3347,0.8144,0.8249,0.8485,0.8897,0.9483,1.0166,1.0856,1.1571,1.2517,1.4013,1.609,1.5819,1.5202,1.483,1.4347,1.4095,1.3748,1.2764,1.1424,0.93,0.6329,0.6423,0.66,0.5167,0.2996,0.162,0.1834,0.2559,0.3015,0.3079,0.2812,0.2388,0.2061,0.2021,0.2268,0.2686,0.8672,0.8849,0.9125,0.9515,1.0012,1.0589,1.1228,1.197,1.2938,1.4306,1.5886,1.5595,1.5762,1.5925,1.4718,1.4243,1.3941,1.3874,1.3542,1.0836,0.6289,0.668,0.7418,0.645,0.4949,0.3795,0.3325,0.3292,0.3261,0.2912,0.2136,0.1148,0.0484,0.0515,0.1086,0.1852,0.9086,0.9295,0.9579,0.9944,1.0387,1.0899,1.1482,1.2155,1.295,1.384,1.458,1.497,1.5791,1.6041,1.5542,1.5479,1.5032,1.5913,1.738,1.448,1.1083,0.9515,0.8679,0.7264,0.542,0.3752,0.307,0.3217,0.3237,0.2603,0.1099,-0.0915,-0.2112,-0.1693,-0.0401,0.094,0.9406,0.9628,0.9906,1.0246,1.0645,1.1102,1.1615,1.2186,1.2808,1.3434,1.3984,1.4459,1.4978,1.5574,1.7415,1.8285,1.6162,1.6586,1.7757,1.7835,1.4846,1.2026,0.9988,0.7823,0.5034,0.1946,0.1224,0.2645,0.3175,0.2399,0.0014,-0.3591,-0.549,-0.4145,-0.177,0.0221,0.9652,0.9874,1.014,1.0454,1.0814,1.1218,1.1662,1.214,1.2639,1.3133,1.3596,1.4045,1.4557,1.5388,1.7045,1.7604,1.6341,1.7061,2.1054,2.3047,1.7292,1.3645,1.1239,0.8633,0.5283,0.1597,0.0824,0.2783,0.3457,0.2696,-0.0076,-0.4636,-0.6941,-0.5026,-0.2156,0.0068,0.9839,1.0054,1.0305,1.0592,1.0915,1.127,1.1654,1.2057,1.2471,1.2882,1.3283,1.3691,1.4156,1.4771,1.5488,1.5782,1.5774,1.6669,1.8965,1.9607,1.6807,1.4701,1.3044,1.0269,0.6764,0.4024,0.3221,0.3602,0.4176,0.3707,0.1513,-0.2044,-0.4092,-0.3138,-0.1131,0.0633,0.9978,1.0183,1.0416,1.0678,1.0966,1.1278,1.161,1.1954,1.2304,1.2653,1.2999,1.3351,1.3728,1.4138,1.4524,1.4788,1.5042,1.5593,1.6347,1.6477,1.6074,1.6751,1.6661,1.2926,0.8442,0.5046,0.3163,0.3994,0.5453,0.5354,0.3787,0.1487,-0.0116,-0.02,0.0638,0.1667,1.0078,1.0271,1.0486,1.0723,1.098,1.1255,1.1543,1.1839,1.2138,1.2436,1.273,1.3024,1.3319,1.361,1.3875,1.4099,1.433,1.4634,1.4957,1.5236,1.6066,1.8627,1.9523,1.4892,0.9929,0.6623,0.5169,0.5962,0.7568,0.7123,0.5575,0.389,0.2644,0.2169,0.2326,0.2789,1.0147,1.0327,1.0524,1.0738,1.0968,1.1209,1.146,1.1715,1.1971,1.2225,1.2474,1.2715,1.2949,1.3168,1.3365,1.354,1.3711,1.3898,1.4115,1.4465,1.5318,1.6833,1.6967,1.4068,1.0541,0.8018,0.6855,0.7079,0.7867,0.7495,0.6344,0.5161,0.4246,0.3744,0.3631,0.3777]},{"header":{"la1":42.85,"la2":41.18,"lo1":11.55,"lo2":14.05,"nx":36,"ny":24,"dx":0.07143,"dy":0.07261,"parameterCategory":2,"parameterNumber":3,"parameterNumberName":"northward_wind","parameterUnit":"m.s-1"},"data":[0.3412,0.3577,0.3739,0.3896,0.4037,0.4144,0.4186,0.4127,0.3936,0.3611,0.3178,0.2679,0.2151,0.1618,0.1088,0.0561,0.0031,-0.0504,-0.1041,-0.1563,-0.2031,-0.2385,-0.2574,-0.2591,-0.2479,-0.2297,-0.2093,-0.1899,-0.1727,-0.158,-0.1458,-0.1358,-0.1275,-0.1207,-0.1151,-0.1104,0.3652,0.3862,0.4078,0.4302,0.453,0.4741,0.4889,0.4898,0.4704,0.4293,0.372,0.307,0.2408,0.1768,0.1149,0.054,-0.0075,-0.0709,-0.1372,-0.2058,-0.2711,-0.3207,-0.342,-0.3338,-0.3067,-0.2729,-0.2404,-0.2122,-0.189,-0.1704,-0.1555,-0.1437,-0.1343,-0.1267,-0.1205,-0.1154,0.3904,0.4165,0.4442,0.4746,0.5092,0.5473,0.5823,0.5994,0.5821,0.5259,0.4438,0.3544,0.2698,0.1929,0.1218,0.0527,-0.0175,-0.0914,-0.1725,-0.2647,-0.364,-0.4436,-0.4681,-0.4363,-0.3784,-0.32,-0.2709,-0.2325,-0.2031,-0.1807,-0.1636,-0.1504,-0.1401,-0.1319,-0.1254,-0.1201,0.4169,0.4489,0.4828,0.5212,0.5699,0.6342,0.709,0.7652,0.7574,0.67,0.5391,0.4093,0.2995,0.2088,0.1294,0.0532,-0.0252,-0.1087,-0.2026,-0.3237,-0.4871,-0.6383,-0.6637,-0.5721,-0.4574,-0.3641,-0.2963,-0.248,-0.2134,-0.1882,-0.1695,-0.1555,-0.1448,-0.1364,-0.1298,-0.1245,0.4453,0.4848,0.5249,0.5684,0.6286,0.7277,0.8776,1.0315,1.0571,0.8932,0.6595,0.464,0.3242,0.2222,0.1381,0.0573,-0.0286,-0.1198,-0.215,-0.3504,-0.6156,-0.9357,-0.9401,-0.715,-0.5198,-0.3918,-0.3097,-0.2553,-0.2181,-0.1919,-0.1729,-0.1589,-0.1483,-0.1402,-0.1338,-0.1286,0.4761,0.5277,0.5766,0.6191,0.6752,0.8009,1.0663,1.4492,1.5823,1.2131,0.7772,0.4971,0.3343,0.2307,0.1498,0.0692,-0.0237,-0.1257,-0.2065,-0.2966,-0.6116,-1.1081,-1.0793,-0.7511,-0.5231,-0.3884,-0.3058,-0.2526,-0.2168,-0.1918,-0.1738,-0.1607,-0.1508,-0.1433,-0.1374,-0.1327,0.5078,0.5825,0.655,0.6943,0.7093,0.8061,1.1404,1.8161,2.1505,1.4329,0.7916,0.4751,0.3214,0.2344,0.1681,0.0956,-0.0005,-0.1193,-0.2025,-0.2258,-0.4342,-0.7242,-0.7679,-0.6047,-0.4547,-0.3526,-0.2856,-0.2408,-0.2101,-0.1884,-0.1727,-0.1612,-0.1526,-0.1461,-0.141,-0.1368,0.5314,0.6435,0.7828,0.8512,0.7624,0.7282,0.9296,1.4044,1.6204,1.0754,0.6055,0.3868,0.2894,0.2386,0.199,0.1443,0.0537,-0.0691,-0.1755,-0.2435,-0.371,-0.4496,-0.4729,-0.4308,-0.3625,-0.3019,-0.2566,-0.2239,-0.2004,-0.1832,-0.1705,-0.1612,-0.1542,-0.149,-0.1448,-0.1414,0.5256,0.663,0.8992,1.0876,0.816,0.6054,0.598,0.6682,0.6284,0.4436,0.3175,0.2715,0.2569,0.2528,0.2516,0.2246,0.135,0.0104,-0.1173,-0.2679,-0.4639,-0.4463,-0.3692,-0.3258,-0.2882,-0.2551,-0.2283,-0.2072,-0.1906,-0.1779,-0.1683,-0.1613,-0.1562,-0.1525,-0.1495,-0.1468,0.4751,0.5718,0.7219,0.814,0.5783,0.4334,0.3471,0.2202,-0.0122,-0.1161,0.0467,0.1798,0.2449,0.2809,0.3266,0.3463,0.2161,0.0768,-0.0531,-0.2074,-0.3784,-0.3771,-0.2996,-0.2584,-0.2367,-0.2216,-0.2082,-0.1954,-0.1837,-0.1742,-0.1671,-0.1624,-0.1593,-0.1572,-0.1555,-0.1536,0.399,0.4241,0.3878,0.1995,0.2058,0.2777,0.2155,0.0406,-0.4684,-0.7331,-0.1372,0.15,0.2686,0.3235,0.3484,0.3609,0.2325,0.0982,-0.0077,-0.1021,-0.1897,-0.2224,-0.2135,-0.2062,-0.207,-0.2081,-0.2031,-0.1928,-0.1817,-0.173,-0.1676,-0.165,-0.1642,-0.1641,-0.1637,-0.1626,0.3302,0.3241,0.2693,0.1653,0.1722,0.2192,0.2016,0.157,-0.1582,-0.4,-0.0414,0.1934,0.3255,0.4191,0.3899,0.3178,0.2064,0.0384,-0.0425,-0.0572,-0.0929,-0.1276,-0.1524,-0.1784,-0.2089,-0.2278,-0.2214,-0.202,-0.1845,-0.174,-0.1698,-0.1699,-0.172,-0.1742,-0.1753,-0.1748,0.2791,0.2706,0.2448,0.2133,0.2042,0.2072,0.2271,0.2914,0.1968,0.0431,0.1116,0.2581,0.3591,0.4613,0.4349,0.3724,0.2332,-0.1509,-0.1875,-0.0567,-0.054,-0.0833,-0.1225,-0.1793,-0.2571,-0.3013,-0.2689,-0.2197,-0.1885,-0.1752,-0.1735,-0.178,-0.1844,-0.1896,-0.1921,-0.1915,0.2401,0.2336,0.2205,0.2051,0.1934,0.1901,0.207,0.2432,0.1959,0.0969,0.1216,0.2969,0.3848,0.5555,0.4383,0.5702,0.4014,0.0486,-0.0639,-0.024,-0.0325,-0.0609,-0.1055,-0.1844,-0.3185,-0.3963,-0.313,-0.2265,-0.1848,-0.1735,-0.1788,-0.1914,-0.2045,-0.2136,-0.2168,-0.2146,0.2079,0.2018,0.1919,0.1797,0.1676,0.1588,0.1554,0.1446,0.09,-0.0007,-0.0459,0.0457,0.224,0.3166,0.3953,0.6052,0.2837,0.1883,0.0614,0.0051,-0.0215,-0.0449,-0.0849,-0.1545,-0.2661,-0.3328,-0.2677,-0.1948,-0.1648,-0.1673,-0.188,-0.215,-0.2385,-0.2517,-0.2535,-0.2466,0.18,0.1734,0.1637,0.1516,0.1376,0.1219,0.1014,0.0646,-0.0111,-0.1613,-0.4263,-0.2898,-0.1171,0.1014,0.1982,0.2674,0.2164,0.1339,0.0373,-0.0114,-0.0125,-0.0258,-0.0646,-0.1051,-0.149,-0.1713,-0.1493,-0.1245,-0.1279,-0.1588,-0.2071,-0.2588,-0.2976,-0.3133,-0.3077,-0.2897,0.1557,0.1481,0.1378,0.1247,0.1085,0.0878,0.0589,0.013,-0.0653,-0.2039,-0.3996,-0.3105,-0.3609,-0.3998,-0.073,0.0348,0.0484,-0.0067,-0.063,-0.0608,-0.0174,-0.0302,-0.0621,-0.0678,-0.0524,-0.025,-0.009,-0.0274,-0.0779,-0.1527,-0.2459,-0.3399,-0.4014,-0.4115,-0.3845,-0.3442,0.1342,0.1259,0.1149,0.101,0.0834,0.0607,0.0301,-0.0131,-0.0743,-0.1535,-0.223,-0.2606,-0.4186,-0.461,-0.303,-0.2665,-0.1601,-0.1472,-0.1801,-0.1512,-0.11,-0.0918,-0.0825,-0.043,0.0436,0.1544,0.1853,0.1013,-0.0186,-0.1524,-0.3128,-0.4799,-0.574,-0.5557,-0.481,-0.4041,0.1155,0.1065,0.0951,0.0808,0.063,0.0405,0.012,-0.0244,-0.0692,-0.119,-0.1662,-0.2154,-0.2846,-0.3613,-0.6247,-0.7536,-0.3501,-0.2206,-0.2278,-0.2817,-0.2246,-0.1703,-0.1237,-0.0363,0.1392,0.4034,0.4622,0.2364,0.033,-0.1551,-0.3911,-0.6649,-0.7979,-0.715,-0.5702,-0.4524,0.0991,0.0898,0.0783,0.0641,0.0468,0.0259,0.0005,-0.0297,-0.0642,-0.1015,-0.1402,-0.184,-0.2427,-0.3493,-0.5804,-0.6513,-0.3885,-0.2938,-0.4094,-0.4807,-0.3266,-0.2599,-0.2039,-0.0837,0.1358,0.4475,0.5153,0.2448,0.0439,-0.1494,-0.41,-0.7395,-0.8929,-0.7729,-0.5981,-0.4665,0.0849,0.0755,0.0641,0.0504,0.0341,0.015,-0.0073,-0.0327,-0.061,-0.0916,-0.1248,-0.1632,-0.2132,-0.2855,-0.3716,-0.3893,-0.3258,-0.3043,-0.3653,-0.3985,-0.3748,-0.4036,-0.3836,-0.2246,0.0062,0.1894,0.2129,0.1532,0.0183,-0.1348,-0.3323,-0.58,-0.7151,-0.6594,-0.5406,-0.438,0.0726,0.0633,0.0522,0.0392,0.0241,0.0067,-0.0129,-0.0349,-0.0589,-0.085,-0.1135,-0.1457,-0.1837,-0.2272,-0.266,-0.2808,-0.2762,-0.2846,-0.3199,-0.3711,-0.483,-0.7108,-0.7677,-0.4667,-0.1408,0.0779,0.1905,0.1171,-0.0473,-0.1405,-0.243,-0.3825,-0.4813,-0.4889,-0.4416,-0.3834,0.062,0.0528,0.0422,0.0299,0.016,0.0002,-0.0173,-0.0365,-0.0574,-0.0799,-0.1043,-0.1308,-0.1595,-0.1888,-0.2141,-0.2315,-0.2452,-0.2674,-0.3099,-0.3943,-0.5893,-0.9551,-1.064,-0.6462,-0.2621,-0.0409,0.0422,-0.0407,-0.1721,-0.1754,-0.2005,-0.2702,-0.3342,-0.3601,-0.3513,-0.3255,0.0527,0.0438,0.0337,0.0222,0.0094,-0.0049,-0.0207,-0.0377,-0.0561,-0.0757,-0.0966,-0.1187,-0.1416,-0.1643,-0.1852,-0.2043,-0.2247,-0.2534,-0.3012,-0.3881,-0.5484,-0.7664,-0.811,-0.5707,-0.3057,-0.1412,-0.0838,-0.1263,-0.1898,-0.1839,-0.187,-0.2204,-0.2583,-0.2815,-0.286,-0.277]}]