docs/data/wind_grid.json
[{"header":{"la1":42.85,"la2":41.18,"lo1":11.55,"lo2":14.05,"nx":36,"ny":24,"dx":0.07143,"dy":0.07261,"parameterCategory":2,"parameterNumber":2,"parameterNumberName":"eastward_wind","parameterUnit":"m.s-1"},"data":[2.4999,2.4662,2.4244,2.3749,2.3202,2.2649,2.2154,2.1786,2.1592,2.1572,2.1679,2.1839,2.198,2.2045,2.1991,2.1778,2.1364,2.0706,1.9778,1.8627,1.7416,1.6415,1.5872,1.5866,1.6281,1.6923,1.7629,1.8303,1.8904,1.9423,1.9866,2.0243,2.0567,2.0846,2.1091,2.1306,2.5248,2.4874,2.4376,2.3747,2.3008,2.2223,2.15,2.0973,2.0744,2.0821,2.111,2.1474,2.1795,2.2001,2.2047,2.1893,2.1477,2.0702,1.9461,1.7736,1.5768,1.4119,1.3364,1.3618,1.4531,1.567,1.6764,1.7709,1.8489,1.9124,1.9643,2.0071,2.0429,2.0733,2.0995,2.1224,2.5609,2.5217,2.4641,2.3843,2.2827,2.1664,2.0529,1.9689,1.9386,1.9658,2.029,2.0997,2.159,2.1993,2.2186,2.2153,2.1822,2.1017,1.9436,1.6806,1.3364,1.0354,0.9304,1.0324,1.229,1.4266,1.5901,1.7168,1.8134,1.8878,1.9462,1.9931,2.0316,2.0639,2.0914,2.1153,2.6121,2.5761,2.5137,2.4155,2.2755,2.0982,1.9074,1.7562,1.7087,1.7792,1.9111,2.0403,2.1383,2.203,2.241,2.2575,2.2498,2.1941,2.0246,1.6361,0.9934,0.3717,0.2447,0.5682,0.9734,1.2941,1.5202,1.6775,1.7892,1.8713,1.9338,1.9831,2.0231,2.0564,2.0847,2.1093,2.6825,2.6592,2.6019,2.4891,2.3017,2.0315,1.6968,1.3899,1.2956,1.476,1.7524,1.9765,2.1229,2.2123,2.2684,2.3107,2.3525,2.3839,2.3016,1.8149,0.6283,-0.7535,-0.7979,0.0596,0.7737,1.218,1.4898,1.6634,1.7806,1.8644,1.9275,1.977,2.0172,2.0508,2.0794,2.1042,2.7735,2.7801,2.7497,2.6392,2.4041,2.0147,1.4477,0.7908,0.5586,1.0314,1.5862,1.9334,2.1233,2.2272,2.2928,2.3573,2.4632,2.6677,2.9148,2.5426,0.8281,-1.4448,-1.3395,-0.0444,0.7943,1.2531,1.5161,1.679,1.7881,1.8665,1.9263,1.974,2.0133,2.0465,2.0749,2.0997,2.8791,2.9404,2.98,2.912,2.6389,2.1393,1.3627,0.2548,-0.2309,0.7128,1.5392,1.9515,2.1494,2.2454,2.3016,2.3688,2.5099,2.8534,3.5243,3.379,1.8112,0.2993,0.0085,0.589,1.0886,1.3999,1.5918,1.7173,1.806,1.8735,1.9277,1.9725,2.0104,2.0428,2.0709,2.0955,2.979,3.1142,3.2899,3.345,3.0166,2.4329,1.7039,0.8166,0.4522,1.1105,1.7144,2.0406,2.1989,2.2591,2.2777,2.3202,2.4435,2.6975,3.0565,2.8942,2.281,1.8206,1.4135,1.3508,1.4603,1.5825,1.6807,1.7584,1.823,1.8788,1.9277,1.9702,2.007,2.0388,2.0665,2.0909,3.0387,3.2198,3.5309,3.7824,3.3298,2.7146,2.1792,1.7242,1.5258,1.6582,1.9236,2.1486,2.2597,2.2589,2.1858,2.1744,2.3097,2.4763,2.5758,2.5033,2.4654,2.3697,2.0044,1.7865,1.7164,1.7126,1.7368,1.7765,1.8245,1.8746,1.9223,1.9649,2.0019,2.0337,2.0612,2.0854,3.039,3.1827,3.3881,3.5069,3.2089,2.838,2.4759,2.106,1.6994,1.5891,1.9422,2.2382,2.3358,2.2634,1.9789,1.825,2.1758,2.3919,2.4615,2.4401,2.4274,2.3549,2.1373,1.9401,1.8078,1.7358,1.7192,1.7461,1.7971,1.8547,1.9089,1.9556,1.9944,2.0267,2.0541,2.0782,3.0031,3.0841,3.141,3.1137,3.0786,2.9108,2.7034,2.3396,1.2597,0.7118,1.8634,2.3646,2.4516,2.3494,2.0362,1.8225,2.2279,2.4505,2.5107,2.4657,2.3858,2.281,2.1188,1.9204,1.7301,1.6063,1.5858,1.6444,1.7327,1.818,1.8884,1.9429,1.9846,2.0173,2.0444,2.0683,2.9629,3.0129,3.0525,3.0774,3.0561,2.9852,3.0188,3.0308,2.1821,1.5203,2.2458,2.6231,2.6104,2.4782,2.2474,2.2821,2.4393,2.659,2.7057,2.5659,2.4123,2.2549,2.0519,1.7684,1.4386,1.2348,1.2792,1.4578,1.6367,1.7725,1.8663,1.9295,1.9727,2.0044,2.0304,2.054,2.9292,2.9641,2.9942,3.0127,3.0141,3.0573,3.2609,3.5897,3.2593,2.7228,2.7988,3.0719,2.9523,2.2842,2.0376,2.3429,2.5211,3.0018,3.0203,2.6605,2.4276,2.2239,1.9602,1.5155,0.8588,0.4799,0.7692,1.2216,1.5441,1.7394,1.853,1.9185,1.958,1.9854,2.009,2.0327,2.9033,2.9293,2.9524,2.9725,3.0007,3.0742,3.2326,3.42,3.2951,3.0396,3.0959,3.5346,3.6554,3.3232,2.5146,2.0343,2.3776,2.8178,2.8582,2.6054,2.358,2.1516,1.8904,1.3364,0.2823,-0.3488,0.3432,1.0963,1.5256,1.7473,1.8576,1.9098,1.9356,1.9539,1.9745,2.0001,2.8847,2.9062,2.9276,2.9513,2.9856,3.0429,3.1227,3.1798,3.1537,3.1445,3.2249,3.2954,3.2188,3.0935,2.6223,2.0086,3.3162,2.873,2.7037,2.4393,2.1022,1.9625,1.8702,1.4774,0.6548,0.1408,0.6548,1.2762,1.6366,1.8102,1.8786,1.8938,1.8921,1.897,1.9172,1.9505,2.8717,2.8911,2.9119,2.936,2.9671,3.0077,3.053,3.0915,3.1342,3.2496,3.4854,3.3841,3.2567,3.0684,2.8572,2.8575,3.2538,2.949,2.7033,2.2276,1.4253,1.5368,1.8639,1.7887,1.4708,1.2658,1.4158,1.6754,1.8457,1.9095,1.8962,1.8446,1.7994,1.7915,1.8228,1.8772,2.8622,2.8805,2.9005,2.9235,2.9509,2.9834,3.0202,3.0636,3.13,3.257,3.443,3.3557,3.2907,3.2628,3.0534,2.989,3.0063,2.9919,2.8966,2.3639,1.341,1.5181,1.9807,2.0769,2.0276,2.0015,2.0386,2.0773,2.0734,2.0074,1.876,1.716,1.6072,1.6022,1.6761,1.7775,2.8548,2.8722,2.8913,2.9128,2.9377,2.9666,3.0005,3.0427,3.1002,3.1756,3.2381,3.243,3.2829,3.2915,3.2268,3.2139,3.1337,3.2196,3.4077,2.9257,2.3603,2.196,2.2859,2.3466,2.3923,2.4659,2.4869,2.4056,2.2741,2.081,1.7892,1.4468,1.2477,1.2987,1.4786,1.6631,2.8485,2.865,2.8831,2.9032,2.9261,2.9523,2.9828,3.0191,3.0621,3.108,3.1453,3.1703,3.2024,3.2648,3.5314,3.6591,3.2943,3.2735,3.3773,3.256,2.9235,2.6697,2.5831,2.5764,2.6354,2.7725,2.803,2.641,2.438,2.1474,1.6695,1.0526,0.7428,0.9424,1.2901,1.5724,2.8427,2.8582,2.8752,2.894,2.9149,2.9384,2.965,2.9949,3.0276,3.0605,3.0905,3.1197,3.1615,3.2567,3.483,3.5544,3.3101,3.2719,3.5043,3.629,3.1899,2.9185,2.8002,2.749,2.7613,2.8458,2.8668,2.7549,2.5757,2.2637,1.6925,0.8961,0.5174,0.8138,1.2426,1.5617,2.8369,2.8515,2.8674,2.8846,2.9036,2.9244,2.9473,2.9721,2.9981,3.0243,3.0503,3.0788,3.118,3.1817,3.2632,3.2798,3.2226,3.2308,3.3586,3.3911,3.1922,3.0642,2.9964,2.9039,2.8465,2.8665,2.9203,2.8699,2.7259,2.4733,1.9922,1.3373,0.9779,1.1144,1.408,1.6562,2.8311,2.8447,2.8593,2.8751,2.8921,2.9105,2.9302,2.9509,2.9724,2.9941,3.0163,3.0407,3.07,3.1055,3.1376,3.147,3.1392,3.15,3.1843,3.1888,3.1755,3.2566,3.2762,3.0826,2.9311,2.9194,2.9901,2.9512,2.9107,2.7693,2.4075,1.9447,1.6321,1.585,1.6877,1.8193,2.825,2.8377,2.8511,2.8654,2.8806,2.8968,2.9137,2.9312,2.9492,2.9673,2.9858,3.0051,3.0257,3.0463,3.0627,3.0704,3.0731,3.0806,3.0954,3.119,3.1984,3.4072,3.4761,3.2015,2.9881,2.9278,2.9481,3.0202,3.1996,3.0877,2.7324,2.3592,2.0883,1.9648,1.9526,1.9931,2.8187,2.8304,2.8427,2.8556,2.8692,2.8833,2.8979,2.9128,2.9279,2.943,2.958,2.9729,2.9875,3.0007,3.0109,3.0173,3.0218,3.0287,3.0427,3.0749,3.1529,3.2802,3.305,3.1461,2.9921,2.9293,2.9469,3.0637,3.2378,3.1425,2.8516,2.5624,2.3427,2.2101,2.152,2.1419]},{"header":{"la1":42.85,"la2":41.18,"lo1":11.55,"lo2":14.05,"nx":36,"ny":24,"dx":0.07143,"dy":0.07261,"parameterCategory":2,"parameterNumber":3,"parameterNumberName":"northward_wind","parameterUnit":"m.s-1"},"data":[1.0533,1.0217,0.9817,0.9337,0.8797,0.8241,0.7729,0.7324,0.7068,0.6955,0.6934,0.6931,0.6874,0.6714,0.6425,0.5999,0.5449,0.48,0.4092,0.3385,0.2771,0.2373,0.2298,0.2565,0.3097,0.3777,0.4502,0.5205,0.5855,0.644,0.6958,0.7414,0.7815,0.8166,0.8474,0.8745,1.0815,1.0469,0.9997,0.9393,0.8674,0.7898,0.717,0.6614,0.6324,0.6301,0.6444,0.661,0.6678,0.6578,0.6278,0.5774,0.5083,0.4235,0.3273,0.2253,0.1299,0.0646,0.054,0.1021,0.1894,0.2915,0.3919,0.4831,0.563,0.6319,0.691,0.7417,0.7853,0.8229,0.8554,0.8835,1.1208,1.0852,1.0312,0.9552,0.8571,0.7437,0.6314,0.546,0.5106,0.5277,0.5747,0.6222,0.6503,0.6503,0.6201,0.5602,0.4731,0.3631,0.2346,0.0879,-0.0684,-0.1878,-0.2031,-0.1074,0.0435,0.1988,0.3366,0.4523,0.548,0.6272,0.6929,0.7479,0.7942,0.8335,0.8671,0.8959,1.1751,1.1432,1.0854,0.9924,0.8581,0.6861,0.4991,0.3487,0.2979,0.3593,0.4744,0.5777,0.6391,0.6538,0.6241,0.5524,0.4418,0.3002,0.1365,-0.0626,-0.3272,-0.5753,-0.5938,-0.3822,-0.1156,0.1145,0.2953,0.4354,0.5452,0.6326,0.7033,0.7611,0.8091,0.8493,0.8831,0.9119,1.248,1.229,1.1767,1.0707,0.8917,0.6302,0.3022,-0.0018,-0.0969,0.0776,0.3388,0.536,0.6426,0.6747,0.6458,0.5601,0.418,0.2316,0.0358,-0.1833,-0.598,-1.1454,-1.1349,-0.6686,-0.2385,0.0677,0.2836,0.4409,0.5594,0.6511,0.7239,0.7826,0.8306,0.8705,0.9038,0.9318,1.3406,1.3505,1.3242,1.2213,0.9986,0.6234,0.0661,-0.5908,-0.8242,-0.347,0.2007,0.5231,0.6737,0.7202,0.6928,0.5946,0.4146,0.1525,-0.1018,-0.2319,-0.6366,-1.4678,-1.4044,-0.7386,-0.2358,0.0923,0.3156,0.4751,0.5937,0.6845,0.7557,0.8128,0.8592,0.8975,0.9293,0.9559,1.4474,1.5086,1.5471,1.4848,1.2312,0.7569,-0.0047,-1.1257,-1.6253,-0.6472,0.1911,0.5813,0.7439,0.7948,0.7722,0.6728,0.4688,0.1273,-0.26,-0.2734,-0.3625,-0.769,-0.8042,-0.4373,-0.0763,0.1954,0.3934,0.5392,0.6487,0.7328,0.7988,0.8517,0.8947,0.9302,0.9595,0.9839,1.5492,1.6785,1.8375,1.8858,1.5932,1.059,0.3646,-0.5211,-0.8895,-0.1793,0.4336,0.7234,0.8483,0.8946,0.8881,0.8081,0.6165,0.3013,-0.0355,-0.1234,-0.1891,-0.2559,-0.2268,-0.0668,0.1489,0.347,0.5061,0.6285,0.7221,0.7947,0.8522,0.8987,0.9368,0.9683,0.9944,1.016,1.6152,1.788,2.0592,2.2669,1.8916,1.3563,0.8861,0.5095,0.3999,0.5772,0.7723,0.8943,0.9605,1.0039,1.0451,1.0131,0.8246,0.5564,0.288,0.027,-0.3236,-0.2652,-0.0086,0.1873,0.3625,0.5161,0.6404,0.7362,0.8097,0.8674,0.9139,0.9524,0.9845,1.0114,1.0336,1.0519,1.6283,1.7792,1.973,2.0795,1.8534,1.5125,1.2179,1.0442,0.9938,1.0026,1.0115,1.0319,1.0497,1.0872,1.2417,1.3296,1.0105,0.7303,0.4972,0.2196,-0.1184,-0.0805,0.1918,0.4049,0.5678,0.6953,0.7897,0.8572,0.9074,0.9476,0.9816,1.0113,1.037,1.0589,1.077,1.0915,1.6044,1.7188,1.8432,1.9564,1.9001,1.6013,1.3951,1.2864,1.1571,1.1093,1.1322,1.128,1.108,1.0944,1.2144,1.3385,1.006,0.7687,0.6171,0.4843,0.3558,0.3556,0.486,0.6438,0.7858,0.8917,0.9544,0.9879,1.0104,1.0311,1.0525,1.0737,1.0934,1.1106,1.1245,1.135,1.5632,1.6548,1.772,1.9115,1.8562,1.6078,1.5135,1.5112,1.35,1.208,1.2244,1.2202,1.1663,1.1181,0.9489,0.9624,0.8383,0.6349,0.5633,0.6139,0.6345,0.6677,0.7529,0.8818,1.0231,1.1176,1.1369,1.1225,1.1119,1.1133,1.1236,1.1382,1.1534,1.1666,1.1765,1.1827,1.5124,1.5766,1.6465,1.6936,1.6492,1.5658,1.5897,1.6169,1.6414,1.3929,1.329,1.3828,1.3186,0.9523,0.6955,0.786,0.6997,0.3141,0.3018,0.6514,0.7929,0.8687,0.9531,1.088,1.2738,1.3802,1.3265,1.2457,1.202,1.1889,1.193,1.2046,1.2177,1.2282,1.2342,1.2354,1.46,1.4992,1.5325,1.5454,1.5301,1.5229,1.5813,1.7174,1.6367,1.422,1.3779,1.567,1.6544,1.8138,0.9435,0.4046,0.6145,0.5973,0.5609,0.8021,0.9526,1.0322,1.0992,1.2246,1.4512,1.5808,1.452,1.3263,1.2699,1.2549,1.2606,1.2747,1.289,1.298,1.2996,1.2944,1.4133,1.4365,1.4533,1.4597,1.4586,1.4653,1.4918,1.5119,1.4545,1.3598,1.3312,1.3866,1.4125,1.3251,0.9484,0.3556,1.372,1.0163,0.9492,1.0443,1.1641,1.2046,1.2116,1.2749,1.4167,1.5049,1.4311,1.3503,1.3158,1.3137,1.33,1.3534,1.373,1.3813,1.3764,1.3615,1.3748,1.3891,1.3987,1.403,1.4041,1.4061,1.4076,1.3948,1.3529,1.2926,1.2237,1.3403,1.332,1.2669,1.0979,1.0628,1.3552,1.1856,1.1684,1.2566,1.4125,1.3844,1.3023,1.2991,1.3452,1.3816,1.3745,1.3566,1.3542,1.3722,1.4077,1.4497,1.4804,1.4866,1.4692,1.4381,1.344,1.3531,1.359,1.3614,1.3611,1.3585,1.3513,1.3349,1.3067,1.2693,1.2278,1.2816,1.3213,1.312,1.1951,1.1595,1.2141,1.2937,1.3728,1.3901,1.4615,1.4303,1.3528,1.3303,1.3423,1.3607,1.3713,1.3789,1.3959,1.4347,1.5003,1.5778,1.6285,1.6259,1.5821,1.5232,1.3194,1.3254,1.329,1.3299,1.3283,1.3239,1.3157,1.3028,1.2858,1.2691,1.2618,1.2757,1.3119,1.3081,1.2142,1.1958,1.2788,1.4883,1.6617,1.538,1.4666,1.4225,1.3823,1.365,1.3722,1.3889,1.401,1.4125,1.4378,1.4969,1.6088,1.7533,1.8381,1.806,1.7096,1.6088,1.2996,1.3036,1.3058,1.3059,1.3038,1.2994,1.2925,1.2833,1.2731,1.2645,1.2605,1.2621,1.2627,1.2355,1.1503,1.1225,1.295,1.5339,1.6938,1.7514,1.6048,1.4811,1.4206,1.4001,1.4064,1.4167,1.4211,1.4423,1.4728,1.5448,1.7098,1.956,2.0863,1.9908,1.8206,1.6754,1.2836,1.2864,1.2877,1.2874,1.2854,1.2817,1.2765,1.2701,1.2635,1.2579,1.2539,1.2505,1.2426,1.219,1.1665,1.162,1.3184,1.5627,1.9739,2.15,1.7406,1.5329,1.4539,1.4312,1.4378,1.4348,1.434,1.4889,1.5035,1.5587,1.7357,2.034,2.1876,2.0567,1.8569,1.6983,1.2706,1.2727,1.2736,1.2732,1.2716,1.2688,1.265,1.2606,1.2562,1.2523,1.2491,1.2459,1.2412,1.2334,1.2285,1.2582,1.3606,1.5427,1.7961,1.8732,1.6702,1.5246,1.4693,1.4553,1.4773,1.5428,1.6565,1.6141,1.5224,1.5237,1.6491,1.8706,2.0005,1.9341,1.7952,1.6699,1.26,1.2617,1.2624,1.2621,1.261,1.259,1.2565,1.2537,1.2509,1.2486,1.247,1.2462,1.2467,1.2502,1.2633,1.2989,1.3694,1.4735,1.5781,1.6056,1.5442,1.491,1.4765,1.4683,1.4986,1.6103,1.7801,1.6597,1.455,1.4248,1.5134,1.6518,1.7479,1.7471,1.6854,1.6099,1.2514,1.2528,1.2535,1.2535,1.2528,1.2517,1.2502,1.2486,1.2473,1.2465,1.2467,1.2484,1.2527,1.2616,1.2792,1.3107,1.3588,1.418,1.4696,1.4901,1.4824,1.4817,1.485,1.4693,1.4843,1.5434,1.5857,1.4532,1.253,1.2861,1.3989,1.5054,1.5784,1.6012,1.583,1.5445,1.2442,1.2455,1.2463,1.2466,1.2464,1.246,1.2454,1.2448,1.2447,1.2453,1.247,1.2506,1.257,1.2678,1.285,1.3106,1.3443,1.3818,1.4149,1.4364,1.4496,1.463,1.4663,1.4555,1.4569,1.4696,1.4516,1.3455,1.2239,1.2582,1.3522,1.4309,1.4839,1.508,1.5066,1.4882]}]