docs/data/wind_grid.json
[{"header":{"la1":42.85,"la2":41.18,"lo1":11.55,"lo2":14.05,"nx":36,"ny":24,"dx":0.07143,"dy":0.07261,"parameterCategory":2,"parameterNumber":2,"parameterNumberName":"eastward_wind","parameterUnit":"m.s-1"},"data":[-1.1502,-1.1526,-1.1547,-1.1562,-1.157,-1.1566,-1.1541,-1.1488,-1.1401,-1.1278,-1.1124,-1.0947,-1.0756,-1.0554,-1.0339,-1.0102,-0.9828,-0.95,-0.9106,-0.8652,-0.8186,-0.7784,-0.7519,-0.7409,-0.7416,-0.7482,-0.7558,-0.7621,-0.7662,-0.7684,-0.769,-0.7686,-0.7677,-0.7664,-0.7652,-0.764,-1.1599,-1.1632,-1.1664,-1.1695,-1.1723,-1.1742,-1.1741,-1.1704,-1.1617,-1.1476,-1.1294,-1.1086,-1.087,-1.0651,-1.0427,-1.0184,-0.9897,-0.9529,-0.9038,-0.8411,-0.7713,-0.7115,-0.6786,-0.6755,-0.6906,-0.7109,-0.7285,-0.7411,-0.7489,-0.7531,-0.7549,-0.7551,-0.7546,-0.7537,-0.7528,-0.752,-1.1693,-1.1735,-1.1779,-1.1829,-1.1884,-1.1941,-1.1983,-1.198,-1.1898,-1.1729,-1.1497,-1.124,-1.0988,-1.0752,-1.0527,-1.0298,-1.0028,-0.9649,-0.9057,-0.8155,-0.7005,-0.5989,-0.5576,-0.5784,-0.6251,-0.669,-0.7006,-0.7205,-0.7319,-0.7377,-0.7402,-0.7408,-0.7406,-0.74,-0.7395,-0.7391,-1.1781,-1.1828,-1.1882,-1.1951,-1.2043,-1.2159,-1.2283,-1.2357,-1.2297,-1.207,-1.1742,-1.1402,-1.1099,-1.0845,-1.0632,-1.0445,-1.0246,-0.9945,-0.9326,-0.8047,-0.5971,-0.3954,-0.3489,-0.44,-0.5502,-0.6292,-0.6765,-0.7026,-0.716,-0.7223,-0.7248,-0.7255,-0.7254,-0.7251,-0.7249,-0.725,-1.1859,-1.1903,-1.1959,-1.2043,-1.2176,-1.2378,-1.2651,-1.2908,-1.2917,-1.2554,-1.2028,-1.1552,-1.1183,-1.0911,-1.0721,-1.0607,-1.056,-1.0523,-1.0175,-0.8622,-0.4859,-0.042,-0.0248,-0.2875,-0.4925,-0.6053,-0.6621,-0.6893,-0.7016,-0.7066,-0.7083,-0.7086,-0.7086,-0.7087,-0.7091,-0.7098,-1.1923,-1.195,-1.1988,-1.2072,-1.2244,-1.2545,-1.3045,-1.3707,-1.3918,-1.3202,-1.23,-1.1644,-1.1208,-1.0923,-1.0762,-1.0734,-1.0894,-1.1361,-1.1963,-1.0838,-0.5573,0.1779,0.1448,-0.2619,-0.5022,-0.6126,-0.6606,-0.6801,-0.6872,-0.6892,-0.6895,-0.6895,-0.6898,-0.6904,-0.6916,-0.6931,-1.1974,-1.1958,-1.193,-1.1978,-1.2191,-1.2574,-1.3237,-1.4378,-1.4939,-1.3647,-1.2371,-1.1611,-1.1145,-1.0856,-1.0715,-1.0749,-1.1059,-1.1934,-1.3636,-1.3271,-0.9049,-0.4233,-0.3126,-0.4753,-0.5945,-0.6481,-0.6667,-0.6705,-0.6695,-0.6678,-0.6669,-0.6671,-0.6682,-0.6699,-0.6722,-0.6749,-1.2032,-1.1938,-1.1734,-1.1643,-1.1985,-1.2467,-1.2991,-1.3756,-1.407,-1.3073,-1.2074,-1.1427,-1.0987,-1.0687,-1.0535,-1.0588,-1.0925,-1.165,-1.2647,-1.2596,-1.2057,-1.0631,-0.838,-0.7369,-0.7034,-0.6829,-0.665,-0.6511,-0.6427,-0.639,-0.6387,-0.6404,-0.6433,-0.6468,-0.6508,-0.6551,-1.2138,-1.1997,-1.153,-1.1062,-1.182,-1.2457,-1.2683,-1.2755,-1.2573,-1.2101,-1.1618,-1.1169,-1.0755,-1.0411,-1.0164,-1.0185,-1.0612,-1.1219,-1.1846,-1.2808,-1.5303,-1.4444,-1.0947,-0.8766,-0.7555,-0.6813,-0.6353,-0.6104,-0.6003,-0.5994,-0.6031,-0.6087,-0.6149,-0.6212,-0.6274,-0.6335,-1.2327,-1.2323,-1.2116,-1.1943,-1.265,-1.2819,-1.2692,-1.2352,-1.1724,-1.1318,-1.124,-1.0928,-1.0475,-1.0059,-0.9592,-0.9403,-1.0313,-1.1151,-1.174,-1.2565,-1.4146,-1.3537,-1.0913,-0.8737,-0.7191,-0.6154,-0.5576,-0.5362,-0.5367,-0.547,-0.5599,-0.5723,-0.5833,-0.5931,-0.602,-0.6104,-1.2541,-1.2789,-1.3308,-1.4453,-1.4318,-1.3376,-1.3025,-1.2544,-1.1048,-1.0321,-1.103,-1.0744,-1.0099,-0.9582,-0.9409,-0.9343,-1.0536,-1.1753,-1.2263,-1.214,-1.1953,-1.1192,-0.955,-0.7605,-0.5813,-0.457,-0.4091,-0.4178,-0.4491,-0.4825,-0.5105,-0.5324,-0.5494,-0.5632,-0.575,-0.5858,-1.267,-1.3016,-1.3626,-1.4482,-1.4336,-1.3607,-1.3663,-1.3889,-1.2336,-1.1155,-1.1249,-1.0649,-0.9597,-0.8307,-0.8897,-0.9912,-1.1406,-1.3991,-1.4569,-1.2749,-1.1169,-0.9773,-0.8023,-0.5711,-0.3166,-0.1555,-0.1603,-0.2511,-0.3433,-0.4122,-0.4595,-0.4917,-0.5146,-0.532,-0.5465,-0.5598,-1.2681,-1.2972,-1.3343,-1.3664,-1.3651,-1.3588,-1.4079,-1.5733,-1.3662,-1.2495,-1.1666,-1.0589,-0.9661,-0.7926,-0.8623,-0.9727,-1.1738,-1.8925,-1.9206,-1.3548,-1.0694,-0.8751,-0.6606,-0.3372,0.1066,0.3585,0.1951,-0.0623,-0.2414,-0.3491,-0.4135,-0.4535,-0.4801,-0.4999,-0.5166,-0.5322,-1.2619,-1.2835,-1.3057,-1.3228,-1.3323,-1.3457,-1.372,-1.3654,-1.3463,-1.3095,-1.239,-1.0425,-0.968,-1.0095,-0.9582,-0.8243,-0.9934,-1.4739,-1.5755,-1.2171,-0.9491,-0.7593,-0.5506,-0.1701,0.4912,0.8703,0.4746,0.0546,-0.1822,-0.3086,-0.3787,-0.4197,-0.4462,-0.4663,-0.4845,-0.5025,-1.2533,-1.2701,-1.2866,-1.3012,-1.3148,-1.3305,-1.3477,-1.3589,-1.3742,-1.4201,-1.4569,-1.3663,-1.2408,-1.2803,-1.0288,-0.7973,-1.105,-1.1347,-1.1414,-0.9552,-0.7112,-0.5897,-0.4838,-0.2028,0.3023,0.603,0.3331,0.007,-0.1886,-0.2962,-0.3557,-0.3893,-0.4108,-0.4292,-0.4486,-0.47,-1.2442,-1.2586,-1.2731,-1.2876,-1.3029,-1.3205,-1.3418,-1.3722,-1.4352,-1.5919,-1.9053,-1.7549,-1.5812,-1.3685,-1.1958,-1.0805,-1.1197,-1.0802,-0.9894,-0.7264,-0.3037,-0.3383,-0.4356,-0.3178,-0.089,0.056,0.0017,-0.1265,-0.2317,-0.3001,-0.3383,-0.357,-0.3689,-0.3844,-0.4067,-0.4338,-1.235,-1.2482,-1.2619,-1.2766,-1.2931,-1.3132,-1.3404,-1.3835,-1.464,-1.6252,-1.8671,-1.7726,-1.8968,-1.9624,-1.4223,-1.2071,-1.1232,-1.0659,-0.9797,-0.7077,-0.2414,-0.2995,-0.4312,-0.3825,-0.2678,-0.1823,-0.1694,-0.21,-0.2637,-0.3026,-0.3174,-0.3142,-0.3117,-0.326,-0.3566,-0.3941,-1.2257,-1.238,-1.2512,-1.2658,-1.2828,-1.3041,-1.333,-1.3758,-1.4419,-1.5358,-1.6247,-1.6838,-1.9411,-1.9748,-1.4981,-1.3053,-1.1637,-1.0999,-1.1569,-0.8642,-0.5878,-0.4922,-0.464,-0.3918,-0.2806,-0.1714,-0.1427,-0.2037,-0.2689,-0.2985,-0.2887,-0.2524,-0.2294,-0.2505,-0.3001,-0.3543,-1.2159,-1.2273,-1.2398,-1.2539,-1.2703,-1.2906,-1.317,-1.3523,-1.3986,-1.4529,-1.5044,-1.5546,-1.6108,-1.5613,-1.4585,-1.4476,-1.2002,-1.0483,-1.0078,-0.738,-0.6307,-0.5357,-0.4498,-0.3572,-0.2167,0.0044,0.0534,-0.1533,-0.2745,-0.2987,-0.2596,-0.1775,-0.1307,-0.1727,-0.2507,-0.3232,-1.2054,-1.2159,-1.2274,-1.2402,-1.2551,-1.2728,-1.2945,-1.3209,-1.3517,-1.384,-1.4126,-1.4333,-1.4359,-1.4077,-1.4032,-1.3843,-1.1581,-0.9115,-0.5763,-0.4373,-0.5331,-0.4462,-0.3496,-0.2925,-0.2077,0.0194,0.0747,-0.2426,-0.3313,-0.3156,-0.2526,-0.1475,-0.0905,-0.1445,-0.2337,-0.3116,-1.1941,-1.2035,-1.2137,-1.2248,-1.2374,-1.2518,-1.2683,-1.2867,-1.3059,-1.3237,-1.3364,-1.3399,-1.3296,-1.3057,-1.2757,-1.208,-1.0556,-0.849,-0.6246,-0.5109,-0.4102,-0.1924,-0.0788,-0.1545,-0.2687,-0.392,-0.6601,-0.5992,-0.4231,-0.3302,-0.2711,-0.2015,-0.1609,-0.1927,-0.2583,-0.323,-1.1822,-1.1903,-1.1989,-1.2081,-1.2181,-1.229,-1.2405,-1.2521,-1.2627,-1.2704,-1.2724,-1.2659,-1.2483,-1.2179,-1.1711,-1.094,-0.9736,-0.8176,-0.6482,-0.4628,-0.1389,0.38,0.5408,0.1412,-0.2467,-0.5918,-0.9638,-0.7392,-0.372,-0.27,-0.2658,-0.2565,-0.2466,-0.2631,-0.3024,-0.3485,-1.1697,-1.1764,-1.1833,-1.1905,-1.1979,-1.2053,-1.2124,-1.2186,-1.2226,-1.223,-1.2177,-1.2046,-1.1814,-1.1455,-1.0929,-1.017,-0.9121,-0.7773,-0.6071,-0.3579,0.0996,0.829,1.0321,0.3826,-0.1508,-0.4633,-0.6051,-0.4019,-0.0839,-0.1192,-0.2225,-0.2733,-0.2949,-0.3151,-0.3434,-0.3772,-1.1568,-1.1621,-1.1673,-1.1725,-1.1774,-1.1817,-1.1851,-1.1868,-1.1859,-1.181,-1.1706,-1.1528,-1.1258,-1.0871,-1.0335,-0.961,-0.8654,-0.7415,-0.5765,-0.3355,0.0371,0.4881,0.5992,0.2395,-0.129,-0.3382,-0.3833,-0.2344,-0.0422,-0.0913,-0.2101,-0.2831,-0.3225,-0.3498,-0.376,-0.4038]},{"header":{"la1":42.85,"la2":41.18,"lo1":11.55,"lo2":14.05,"nx":36,"ny":24,"dx":0.07143,"dy":0.07261,"parameterCategory":2,"parameterNumber":3,"parameterNumberName":"northward_wind","parameterUnit":"m.s-1"},"data":[0.0083,0.0122,0.0204,0.033,0.0494,0.0688,0.0897,0.1107,0.131,0.1504,0.1695,0.1888,0.2087,0.2296,0.2514,0.2739,0.2968,0.3193,0.3408,0.3601,0.3759,0.3863,0.3901,0.3871,0.3786,0.3668,0.3534,0.3394,0.3256,0.3121,0.2993,0.2871,0.2756,0.2647,0.2546,0.2452,-0.0201,-0.0174,-0.0089,0.0059,0.0264,0.051,0.0772,0.1026,0.1255,0.1461,0.1655,0.1852,0.2063,0.2289,0.2533,0.2793,0.3062,0.3335,0.36,0.3848,0.4061,0.4203,0.4242,0.4174,0.4032,0.3856,0.3671,0.3492,0.3322,0.3163,0.3015,0.2876,0.2747,0.2627,0.2517,0.2415,-0.0545,-0.0543,-0.0461,-0.0285,-0.0018,0.0312,0.0664,0.0987,0.1247,0.1448,0.1626,0.1813,0.2026,0.2267,0.2538,0.2837,0.3157,0.3489,0.3818,0.4141,0.4446,0.4667,0.4707,0.4562,0.4318,0.4054,0.3805,0.3579,0.3376,0.3192,0.3023,0.2868,0.2725,0.2593,0.2473,0.2363,-0.0967,-0.1015,-0.0951,-0.0742,-0.0383,0.0091,0.0605,0.1055,0.1352,0.1508,0.1621,0.1768,0.197,0.222,0.2516,0.2859,0.3246,0.3654,0.4054,0.446,0.4923,0.5327,0.5363,0.5041,0.4621,0.4238,0.3916,0.3644,0.3408,0.32,0.3012,0.2841,0.2684,0.2541,0.2411,0.2294,-0.1481,-0.1628,-0.1625,-0.1391,-0.0894,-0.0179,0.0644,0.137,0.1728,0.1715,0.1648,0.1708,0.1884,0.2133,0.2446,0.2836,0.3312,0.3836,0.4312,0.4741,0.5404,0.622,0.6207,0.5522,0.4865,0.4365,0.3981,0.3672,0.3411,0.3182,0.2978,0.2792,0.2623,0.2468,0.2329,0.2204,-0.2091,-0.2425,-0.2581,-0.2369,-0.1684,-0.0595,0.0771,0.2146,0.2673,0.2141,0.1673,0.1605,0.1753,0.1988,0.2292,0.2717,0.3309,0.4037,0.4656,0.4925,0.5541,0.6701,0.6614,0.568,0.4925,0.4386,0.3979,0.3653,0.3377,0.3134,0.2916,0.2717,0.2535,0.237,0.2222,0.2091,-0.2761,-0.342,-0.3954,-0.3912,-0.296,-0.1372,0.0613,0.2968,0.3906,0.2431,0.1516,0.1407,0.1566,0.1759,0.1992,0.2403,0.3108,0.4095,0.5004,0.506,0.5312,0.5884,0.5893,0.535,0.4771,0.4293,0.3906,0.3584,0.3304,0.3054,0.2824,0.2613,0.2419,0.2242,0.2085,0.1948,-0.3365,-0.4469,-0.5765,-0.6285,-0.4816,-0.259,-0.0489,0.1627,0.2498,0.145,0.0939,0.1097,0.1347,0.1426,0.1414,0.1698,0.2518,0.3646,0.4604,0.5005,0.5606,0.5748,0.5417,0.4985,0.4536,0.4129,0.3778,0.3471,0.3196,0.294,0.27,0.2475,0.2267,0.2078,0.1912,0.177,-0.3682,-0.5073,-0.7182,-0.8756,-0.633,-0.3675,-0.2058,-0.1012,-0.06,-0.0524,0.0005,0.0761,0.1197,0.1003,0.0225,0.0091,0.1414,0.2896,0.4027,0.5165,0.6789,0.6525,0.5417,0.4755,0.4299,0.3929,0.3612,0.3325,0.3056,0.2795,0.2542,0.2299,0.2073,0.187,0.1694,0.1547,-0.3578,-0.4734,-0.6201,-0.7027,-0.5434,-0.4075,-0.3378,-0.3161,-0.3349,-0.3014,-0.1142,0.0583,0.133,0.0799,-0.2029,-0.3664,0.0069,0.2326,0.3537,0.4729,0.608,0.5981,0.5081,0.4457,0.4034,0.3704,0.3422,0.3158,0.2893,0.2621,0.2346,0.2078,0.1827,0.1605,0.1418,0.127,-0.3192,-0.395,-0.4466,-0.4237,-0.4197,-0.4309,-0.4733,-0.5131,-0.5725,-0.6238,-0.2054,0.0843,0.1923,0.1645,-0.1212,-0.3603,0.0565,0.2305,0.3034,0.382,0.454,0.471,0.4426,0.4061,0.3734,0.3462,0.3225,0.2984,0.2716,0.2419,0.2107,0.1798,0.1512,0.1265,0.1067,0.0921,-0.2722,-0.3299,-0.3764,-0.3989,-0.408,-0.4832,-0.6733,-0.8263,-0.6709,-0.4999,-0.1132,0.1733,0.2696,0.24,0.2623,0.2389,0.2708,0.2125,0.203,0.302,0.3727,0.3983,0.3923,0.3701,0.3439,0.3224,0.3045,0.2826,0.2535,0.2187,0.1811,0.1437,0.1099,0.082,0.0613,0.048,-0.2223,-0.2701,-0.3158,-0.3542,-0.399,-0.5334,-0.8371,-1.1183,-0.966,-0.3544,0.0702,0.2818,0.3508,0.2863,0.4009,0.5159,0.4507,0.0029,-0.0261,0.2545,0.3475,0.3712,0.3664,0.3452,0.3183,0.3022,0.2923,0.2704,0.2351,0.191,0.1429,0.0956,0.0542,0.0223,0.0016,-0.0085,-0.1697,-0.2075,-0.2458,-0.2867,-0.3483,-0.4796,-0.7276,-1.0383,-0.8094,-0.1416,0.2658,0.3331,0.3483,0.6726,0.6511,0.8147,0.7468,0.3506,0.2025,0.3215,0.3648,0.3699,0.3578,0.3329,0.3029,0.2922,0.2877,0.2602,0.2138,0.1554,0.0911,0.0286,-0.0238,-0.06,-0.0782,-0.0813,-0.1159,-0.1432,-0.1714,-0.2034,-0.249,-0.3227,-0.4192,-0.4462,-0.2025,0.2478,0.5693,0.6327,0.7215,1.0499,0.7955,0.9063,1.2341,0.7591,0.4897,0.4107,0.3905,0.3785,0.3591,0.3329,0.3061,0.2938,0.2819,0.2455,0.1854,0.1069,0.0178,-0.0688,-0.1373,-0.1768,-0.1867,-0.1749,-0.0625,-0.0794,-0.0955,-0.1113,-0.1278,-0.1411,-0.1286,-0.0328,0.2144,0.6169,1.0923,0.9147,0.8541,0.8558,0.8164,0.9192,1.0934,0.7591,0.5121,0.415,0.3987,0.3891,0.3629,0.3372,0.3159,0.2991,0.276,0.2291,0.1506,0.0419,-0.0878,-0.2158,-0.3091,-0.3468,-0.3346,-0.2935,-0.0114,-0.0186,-0.0227,-0.0221,-0.0133,0.012,0.0721,0.1954,0.4073,0.7159,1.0519,0.9553,1.0068,1.0624,0.8362,0.7786,0.7157,0.5116,0.3349,0.3473,0.3932,0.3857,0.3579,0.3381,0.3286,0.3218,0.2964,0.2313,0.1201,-0.0383,-0.2387,-0.4431,-0.5765,-0.5952,-0.5304,-0.4358,0.0358,0.0367,0.0425,0.0557,0.0802,0.1232,0.1951,0.3071,0.4627,0.6443,0.7903,0.8586,1.0204,1.0536,0.83,0.733,0.5706,0.216,-0.0974,0.2098,0.3366,0.3517,0.3397,0.3349,0.3558,0.3959,0.3853,0.2776,0.1068,-0.1258,-0.4406,-0.7865,-0.9832,-0.9364,-0.7647,-0.5868,0.0778,0.085,0.0978,0.1185,0.1505,0.1982,0.2662,0.3574,0.4679,0.5831,0.6805,0.7554,0.8209,0.8273,0.8328,0.8475,0.5819,0.251,0.07,0.2878,0.331,0.3236,0.3117,0.3228,0.3932,0.5456,0.5746,0.3561,0.1036,-0.202,-0.6492,-1.2034,-1.4794,-1.2968,-0.9752,-0.7081,0.1141,0.1255,0.1425,0.1669,0.2008,0.2466,0.3058,0.378,0.4587,0.5394,0.6104,0.6667,0.7062,0.7311,0.7843,0.7865,0.5848,0.4061,0.4225,0.4756,0.357,0.288,0.2588,0.2797,0.3727,0.5669,0.6098,0.3354,0.0708,-0.2454,-0.7242,-1.3705,-1.6827,-1.4277,-1.0465,-0.7509,0.1446,0.1585,0.1775,0.2028,0.2356,0.2769,0.3268,0.3839,0.4448,0.5043,0.5569,0.5988,0.6286,0.6487,0.6604,0.6292,0.5318,0.4372,0.4129,0.4012,0.3007,0.1862,0.1397,0.1829,0.2678,0.3395,0.3185,0.2204,-0.0149,-0.2804,-0.6179,-1.0678,-1.3221,-1.1963,-0.9333,-0.6996,0.1697,0.1848,0.2043,0.2288,0.259,0.2951,0.3366,0.3821,0.429,0.4739,0.5133,0.5445,0.5656,0.5755,0.5699,0.5387,0.4812,0.4186,0.3676,0.3024,0.1657,-0.0363,-0.0988,0.0361,0.158,0.2267,0.2941,0.1463,-0.2422,-0.416,-0.5258,-0.7182,-0.8677,-0.8547,-0.7339,-0.5912,0.1899,0.2053,0.2242,0.2471,0.2741,0.3052,0.3396,0.3761,0.4127,0.447,0.4766,0.4993,0.5133,0.5166,0.5063,0.4796,0.4375,0.3855,0.3234,0.2302,0.0588,-0.2017,-0.2723,-0.0682,0.0719,0.1145,0.0776,-0.2456,-0.7427,-0.6802,-0.5411,-0.5453,-0.596,-0.6026,-0.5528,-0.4742,0.2059,0.2209,0.2387,0.2595,0.2834,0.3099,0.3384,0.3677,0.3965,0.4229,0.4451,0.4614,0.4702,0.4697,0.4585,0.4352,0.4001,0.3535,0.2916,0.2016,0.0654,-0.0938,-0.1375,-0.0425,0.0279,0.0141,-0.1143,-0.4513,-0.8112,-0.7253,-0.5382,-0.4637,-0.4534,-0.4467,-0.4194,-0.3738]}]