docs/data/wind_grid.json
{"header": {"la1":42.1,"la2":41.55,"lo1":12.1,"lo2":12.95,"nx":50,"ny":50,"dx":0.01735,"dy":0.01122,"parameterCategory":2,"parameterNumber":3,"parameterNumberName":"northward_wind","parameterUnit":"m.s-1"}, "data":
[rows 0 to 40 of 50, columns 0 to 49 of 50]
-1.9839,-2.0477,-2.1162,-2.1743,-2.2012,-2.1793,-2.1039,-1.985,-1.8407,-1.6896,-1.545,-1.4146,-1.3013,-1.2053,-1.1249,-1.0583,-1.0032,-0.958,-0.9214,-0.8921,-0.8689,-0.85,-0.8333,-0.8167,-0.7981,-0.7766,-0.752,-0.7249,-0.6961,-0.6666,-0.6373,-0.6092,-0.583,-0.5594,-0.5387,-0.5214,-0.5073,-0.4965,-0.4884,-0.4827,-0.4789,-0.4766,-0.4754,-0.4752,-0.4757,-0.477,-0.479,-0.4817,-0.4849,-0.4887
-1.9817,-2.0391,-2.1027,-2.1577,-2.1828,-2.1595,-2.0829,-1.9631,-1.8184,-1.6673,-1.5234,-1.3942,-1.2825,-1.1883,-1.1099,-1.0451,-0.9918,-0.9483,-0.9133,-0.886,-0.865,-0.8487,-0.8345,-0.8195,-0.8014,-0.7793,-0.7531,-0.7239,-0.6927,-0.6609,-0.6295,-0.5996,-0.5719,-0.5473,-0.5261,-0.5087,-0.4951,-0.485,-0.4779,-0.4731,-0.4702,-0.4686,-0.4679,-0.468,-0.4688,-0.4703,-0.4724,-0.4753,-0.4788,-0.4828
-1.9763,-2.0231,-2.0768,-2.124,-2.1439,-2.1184,-2.0422,-1.9246,-1.783,-1.6354,-1.4949,-1.3691,-1.2607,-1.1696,-1.094,-1.0317,-0.9805,-0.9388,-0.9057,-0.8805,-0.8622,-0.849,-0.8376,-0.8245,-0.8068,-0.7835,-0.7552,-0.7233,-0.6893,-0.6548,-0.6211,-0.5891,-0.5599,-0.5343,-0.5128,-0.4956,-0.4827,-0.4737,-0.4678,-0.4643,-0.4623,-0.4614,-0.4612,-0.4615,-0.4624,-0.464,-0.4662,-0.4692,-0.4728,-0.4771
-1.9712,-2.0036,-2.0428,-2.0776,-2.089,-2.0601,-1.9853,-1.8723,-1.7369,-1.5955,-1.4608,-1.3402,-1.2365,-1.1496,-1.0777,-1.0184,-0.9697,-0.93,-0.8988,-0.8758,-0.8606,-0.851,-0.8431,-0.8321,-0.8145,-0.7894,-0.7581,-0.7228,-0.6856,-0.6481,-0.6117,-0.5776,-0.5469,-0.5204,-0.4987,-0.482,-0.4702,-0.4627,-0.4584,-0.4564,-0.4556,-0.4554,-0.4555,-0.4559,-0.4568,-0.4582,-0.4604,-0.4634,-0.4671,-0.4715
-1.9708,-1.9858,-2.0067,-2.0251,-2.0251,-1.9914,-1.918,-1.8108,-1.6832,-1.5499,-1.4227,-1.3088,-1.2109,-1.1291,-1.0615,-1.0057,-0.9597,-0.9221,-0.8927,-0.872,-0.86,-0.8548,-0.8511,-0.8425,-0.8243,-0.7965,-0.7614,-0.7221,-0.6811,-0.6403,-0.6012,-0.5649,-0.5326,-0.5053,-0.4837,-0.4679,-0.4577,-0.4522,-0.4501,-0.4499,-0.4504,-0.4509,-0.4512,-0.4514,-0.4519,-0.453,-0.455,-0.4579,-0.4616,-0.4662
-1.9796,-1.9754,-1.9752,-1.9744,-1.9603,-1.9197,-1.8467,-1.745,-1.6256,-1.5012,-1.3824,-1.2759,-1.1847,-1.1087,-1.046,-0.9942,-0.951,-0.9154,-0.8875,-0.8688,-0.8605,-0.8603,-0.8617,-0.8554,-0.836,-0.8043,-0.7644,-0.7205,-0.6754,-0.6312,-0.5891,-0.5505,-0.5168,-0.4889,-0.4676,-0.4533,-0.4453,-0.4425,-0.4431,-0.4451,-0.4471,-0.4481,-0.4483,-0.448,-0.4479,-0.4485,-0.4501,-0.4527,-0.4564,-0.4611
-2.0011,-1.9771,-1.9542,-1.9319,-1.9013,-1.8517,-1.7771,-1.6795,-1.5675,-1.4517,-1.3414,-1.2429,-1.1589,-1.0892,-1.032,-0.9844,-0.9442,-0.9101,-0.8832,-0.8661,-0.8612,-0.8668,-0.874,-0.8701,-0.8483,-0.8114,-0.7659,-0.7171,-0.6679,-0.6201,-0.5751,-0.5343,-0.4991,-0.4708,-0.4504,-0.438,-0.433,-0.4338,-0.4378,-0.4426,-0.446,-0.4475,-0.4472,-0.446,-0.4448,-0.4446,-0.4455,-0.4478,-0.4514,-0.4561
-2.037,-1.9934,-1.9468,-1.9014,-1.8525,-1.7915,-1.7129,-1.6174,-1.5113,-1.4033,-1.3012,-1.2107,-1.1342,-1.0713,-1.02,-0.977,-0.9397,-0.9068,-0.88,-0.8634,-0.8613,-0.8728,-0.8862,-0.8842,-0.8588,-0.8158,-0.7645,-0.7109,-0.6577,-0.6066,-0.5588,-0.5158,-0.4793,-0.4508,-0.4316,-0.422,-0.4209,-0.4262,-0.4346,-0.4425,-0.4476,-0.4491,-0.4478,-0.4451,-0.4426,-0.4411,-0.4413,-0.4432,-0.4466,-0.4513
-2.0866,-2.0239,-1.9533,-1.8839,-1.815,-1.7407,-1.656,-1.5605,-1.4586,-1.3572,-1.2629,-1.1802,-1.1113,-1.0557,-1.0108,-0.9728,-0.9384,-0.906,-0.878,-0.8602,-0.8592,-0.8754,-0.8945,-0.8935,-0.8637,-0.8148,-0.7584,-0.7008,-0.6444,-0.5902,-0.5396,-0.4945,-0.4567,-0.4284,-0.4109,-0.4047,-0.4086,-0.4196,-0.4333,-0.445,-0.4517,-0.4529,-0.45,-0.4453,-0.4409,-0.4381,-0.4373,-0.4386,-0.4419,-0.4467
-2.1458,-2.0653,-1.9712,-1.8774,-1.7878,-1.6989,-1.6064,-1.5092,-1.4101,-1.3143,-1.227,-1.1519,-1.0908,-1.0429,-1.0051,-0.9728,-0.9414,-0.9088,-0.8777,-0.856,-0.8532,-0.871,-0.8932,-0.892,-0.8585,-0.8055,-0.7461,-0.686,-0.6272,-0.5704,-0.5173,-0.47,-0.431,-0.4029,-0.3876,-0.3857,-0.3957,-0.4136,-0.4337,-0.4498,-0.4581,-0.4585,-0.4534,-0.4462,-0.4396,-0.4351,-0.4333,-0.4342,-0.4373,-0.4422
-2.2082,-2.1117,-1.9952,-1.8779,-1.7679,-1.6641,-1.563,-1.463,-1.3657,-1.2746,-1.1937,-1.1261,-1.073,-1.0334,-1.0037,-0.9782,-0.9503,-0.9165,-0.8799,-0.851,-0.8419,-0.8562,-0.8769,-0.8743,-0.8395,-0.7861,-0.7266,-0.6661,-0.6059,-0.547,-0.4913,-0.4416,-0.4013,-0.3736,-0.3609,-0.364,-0.3811,-0.4072,-0.4347,-0.4558,-0.4658,-0.4649,-0.4571,-0.4471,-0.4381,-0.432,-0.4292,-0.4296,-0.4326,-0.4377
-2.2652,-2.1552,-2.0191,-1.8805,-1.7516,-1.6337,-1.5241,-1.421,-1.3248,-1.238,-1.1632,-1.1029,-1.0581,-1.0276,-1.0075,-0.9904,-0.9671,-0.9311,-0.886,-0.8456,-0.8251,-0.8296,-0.8434,-0.8387,-0.8061,-0.7566,-0.7003,-0.6412,-0.5805,-0.5196,-0.4612,-0.4088,-0.3668,-0.3393,-0.3294,-0.3381,-0.3632,-0.3986,-0.4346,-0.4612,-0.4729,-0.4707,-0.4601,-0.4471,-0.4358,-0.4282,-0.4247,-0.4248,-0.4279,-0.4333
-2.3081,-2.1877,-2.036,-1.8799,-1.7349,-1.6047,-1.4877,-1.3819,-1.2869,-1.2039,-1.135,-1.082,-1.0457,-1.0253,-1.0167,-1.0108,-0.994,-0.9552,-0.8976,-0.8403,-0.8034,-0.7929,-0.7959,-0.789,-0.7617,-0.7195,-0.6687,-0.6122,-0.5513,-0.4883,-0.4266,-0.3708,-0.3265,-0.2988,-0.2916,-0.3061,-0.3399,-0.3853,-0.4305,-0.4631,-0.4768,-0.4736,-0.4605,-0.445,-0.432,-0.4233,-0.4194,-0.4196,-0.4231,-0.4289
-2.3294,-2.2024,-2.04,-1.8714,-1.7144,-1.5748,-1.4522,-1.3445,-1.251,-1.172,-1.1088,-1.0629,-1.0354,-1.0261,-1.0312,-1.04,-1.0331,-0.9909,-0.9156,-0.8351,-0.777,-0.7491,-0.7408,-0.7327,-0.7124,-0.6788,-0.6341,-0.5802,-0.519,-0.453,-0.387,-0.3267,-0.279,-0.2503,-0.2454,-0.2658,-0.3084,-0.3642,-0.4188,-0.458,-0.4744,-0.471,-0.4566,-0.4398,-0.4259,-0.417,-0.4133,-0.4139,-0.418,-0.4245
-2.3242,-2.1945,-2.0271,-1.8515,-1.6873,-1.5419,-1.416,-1.3079,-1.2164,-1.1415,-1.0839,-1.0449,-1.0262,-1.0284,-1.0491,-1.0769,-1.0845,-1.039,-0.9394,-0.8283,-0.7452,-0.7002,-0.6836,-0.6769,-0.6641,-0.6384,-0.5989,-0.5468,-0.4839,-0.4137,-0.3417,-0.2752,-0.2226,-0.1918,-0.1885,-0.2144,-0.2657,-0.3316,-0.3958,-0.442,-0.4624,-0.4606,-0.4468,-0.4304,-0.417,-0.4089,-0.4061,-0.4077,-0.4128,-0.4202
-2.2916,-2.1626,-1.9956,-1.8188,-1.6523,-1.5048,-1.3781,-1.2711,-1.1825,-1.1118,-1.0596,-1.0271,-1.0164,-1.0298,-1.0668,-1.1162,-1.1431,-1.0951,-0.9649,-0.8163,-0.7062,-0.6472,-0.6282,-0.6266,-0.621,-0.6012,-0.565,-0.5129,-0.4467,-0.3703,-0.2902,-0.2152,-0.1556,-0.121,-0.1183,-0.1491,-0.2086,-0.2843,-0.358,-0.412,-0.4381,-0.4405,-0.4298,-0.4159,-0.4049,-0.3988,-0.3977,-0.401,-0.4074,-0.416
-2.2337,-2.1084,-1.9463,-1.7733,-1.609,-1.4631,-1.3381,-1.2337,-1.1486,-1.0823,-1.0351,-1.0083,-1.0044,-1.0271,-1.0779,-1.1474,-1.1942,-1.1444,-0.9816,-0.7948,-0.6599,-0.5926,-0.5781,-0.5847,-0.5852,-0.5689,-0.5336,-0.4792,-0.4076,-0.3226,-0.2316,-0.1451,-0.0757,-0.0353,-0.0318,-0.067,-0.1345,-0.22,-0.3035,-0.3664,-0.4004,-0.4098,-0.4052,-0.3965,-0.3895,-0.3867,-0.3884,-0.3938,-0.402,-0.412
-2.1555,-2.0358,-1.8818,-1.7166,-1.5583,-1.4169,-1.2958,-1.1953,-1.1144,-1.0525,-1.0097,-0.9874,-0.9883,-1.0166,-1.0754,-1.1562,-1.2139,-1.1608,-0.9746,-0.762,-0.6116,-0.543,-0.5382,-0.5532,-0.5573,-0.5417,-0.5049,-0.4462,-0.3668,-0.2704,-0.165,-0.0633,0.0193,0.0681,0.0736,0.0343,-0.0417,-0.1377,-0.2319,-0.3054,-0.35,-0.3694,-0.3737,-0.3723,-0.3713,-0.3731,-0.3783,-0.3865,-0.3968,-0.4084
-2.063,-1.95,-1.8061,-1.6511,-1.5015,-1.367,-1.2515,-1.1559,-1.0796,-1.0219,-0.9828,-0.9636,-0.9668,-0.9961,-1.0542,-1.1317,-1.183,-1.1235,-0.9348,-0.7226,-0.5738,-0.5103,-0.5141,-0.5327,-0.5362,-0.5189,-0.4787,-0.4139,-0.3243,-0.2134,-0.0898,0.0316,0.1316,0.1918,0.2003,0.1562,0.0701,-0.0382,-0.1451,-0.2314,-0.289,-0.321,-0.3366,-0.3446,-0.3509,-0.3584,-0.3679,-0.3792,-0.3919,-0.4054
-1.9622,-1.8564,-1.7234,-1.58,-1.4406,-1.3144,-1.2056,-1.1156,-1.0439,-0.9901,-0.9541,-0.9365,-0.9393,-0.9652,-1.0144,-1.0753,-1.1058,-1.0397,-0.8703,-0.6851,-0.5563,-0.5031,-0.5075,-0.5207,-0.5197,-0.499,-0.4543,-0.3819,-0.2803,-0.1517,-0.0056,0.1406,0.2629,0.3375,0.3496,0.2989,0.1997,0.0759,-0.0466,-0.1482,-0.221,-0.2675,-0.2961,-0.3148,-0.3295,-0.3433,-0.3576,-0.3725,-0.3877,-0.4031
-1.8585,-1.7597,-1.6377,-1.5062,-1.3776,-1.2603,-1.1588,-1.0745,-1.0075,-0.9572,-0.9233,-0.9061,-0.9065,-0.9255,-0.961,-0.9996,-1.0067,-0.9389,-0.7993,-0.6514,-0.5513,-0.511,-0.5082,-0.5109,-0.5048,-0.4808,-0.4313,-0.3505,-0.235,-0.086,0.0869,0.2634,0.4131,0.5052,0.5205,0.46,0.3434,0.2,0.0587,-0.0606,-0.1501,-0.2122,-0.2545,-0.2846,-0.3082,-0.3288,-0.3481,-0.3667,-0.3846,-0.4019
-1.756,-1.6639,-1.5521,-1.4321,-1.3141,-1.2059,-1.1116,-1.033,-0.9703,-0.9231,-0.8907,-0.8728,-0.8696,-0.8804,-0.9013,-0.9194,-0.9093,-0.8455,-0.7338,-0.6172,-0.5372,-0.5035,-0.4967,-0.4966,-0.4896,-0.4637,-0.4094,-0.3196,-0.1892,-0.0178,0.1857,0.3973,0.5793,0.6912,0.7084,0.6339,0.4948,0.3276,0.1648,0.0264,-0.0805,-0.1585,-0.2144,-0.2558,-0.2884,-0.3158,-0.3401,-0.3623,-0.3829,-0.4019
-1.6576,-1.5717,-1.4693,-1.3597,-1.2518,-1.1521,-1.0647,-0.9915,-0.9327,-0.8881,-0.8566,-0.8377,-0.8303,-0.8329,-0.8413,-0.8447,-0.8256,-0.7688,-0.6785,-0.5808,-0.5043,-0.465,-0.4658,-0.4769,-0.4743,-0.4475,-0.3887,-0.29,-0.1445,0.0503,0.2862,0.5362,0.7538,0.8866,0.9032,0.8103,0.6445,0.4509,0.2652,0.1075,-0.0164,-0.1093,-0.1782,-0.2303,-0.2713,-0.3052,-0.3342,-0.3599,-0.3829,-0.4036
-1.5652,-1.4848,-1.3908,-1.2907,-1.1918,-1.0999,-1.0188,-0.9504,-0.8951,-0.8526,-0.8219,-0.8016,-0.7903,-0.7859,-0.7848,-0.7793,-0.7576,-0.7095,-0.6352,-0.5482,-0.4681,-0.4219,-0.4336,-0.4583,-0.4606,-0.433,-0.3696,-0.2624,-0.1028,0.1142,0.3815,0.6697,0.9227,1.0753,1.0889,0.9748,0.781,0.5611,0.3536,0.178,0.0389,-0.0674,-0.1478,-0.2095,-0.2582,-0.2979,-0.3312,-0.3599,-0.385,-0.4071
-1.4798,-1.4044,-1.3177,-1.2259,-1.135,-1.05,-0.9745,-0.9103,-0.858,-0.8174,-0.7872,-0.7658,-0.7511,-0.7411,-0.7334,-0.7235,-0.7036,-0.665,-0.6042,-0.5271,-0.4495,-0.4052,-0.4196,-0.4473,-0.4502,-0.4204,-0.3525,-0.2379,-0.0665,0.1688,0.4626,0.7833,1.0666,1.2351,1.244,1.11,0.8916,0.6495,0.4241,0.2339,0.0823,-0.0351,-0.1252,-0.1949,-0.2501,-0.2947,-0.3317,-0.3629,-0.3897,-0.4128
-1.4019,-1.331,-1.2507,-1.166,-1.082,-1.0031,-0.9324,-0.8717,-0.8219,-0.7829,-0.7534,-0.7315,-0.7142,-0.6997,-0.6872,-0.6755,-0.66,-0.6317,-0.5842,-0.5196,-0.4528,-0.4154,-0.4244,-0.4447,-0.4434,-0.4099,-0.3378,-0.2177,-0.0383,0.209,0.5199,0.8617,1.1644,1.3423,1.347,1.1993,0.9649,0.7088,0.4721,0.2721,0.1116,-0.014,-0.1115,-0.1876,-0.2479,-0.2964,-0.3362,-0.3693,-0.3971,-0.4208
-1.3314,-1.2646,-1.1899,-1.1114,-1.0334,-0.9596,-0.8929,-0.8351,-0.7874,-0.7499,-0.7215,-0.6997,-0.6808,-0.6624,-0.6457,-0.6335,-0.6236,-0.6063,-0.5723,-0.5219,-0.469,-0.4381,-0.4389,-0.4478,-0.4393,-0.4014,-0.326,-0.2029,-0.0204,0.2306,0.5462,0.8931,1.2001,1.3795,1.3824,1.2314,0.9937,0.7346,0.4945,0.2906,0.1253,-0.0054,-0.1079,-0.1885,-0.2524,-0.3036,-0.3452,-0.3793,-0.4077,-0.4314
-1.2681,-1.205,-1.1352,-1.0621,-0.9893,-0.92,-0.8567,-0.8013,-0.7552,-0.719,-0.6921,-0.6715,-0.652,-0.6299,-0.6085,-0.5957,-0.5921,-0.5859,-0.565,-0.5285,-0.4883,-0.4621,-0.4554,-0.4533,-0.4372,-0.3951,-0.3176,-0.1943,-0.0139,0.232,0.5388,0.8741,1.1694,1.3424,1.347,1.2041,0.9764,0.7256,0.4907,0.2886,0.1228,-0.0099,-0.1151,-0.1982,-0.2641,-0.3167,-0.3591,-0.3934,-0.4215,-0.4447
-1.2117,-1.152,-1.0866,-1.0182,-0.95,-0.8845,-0.8241,-0.7708,-0.726,-0.6911,-0.6661,-0.6478,-0.6287,-0.6028,-0.5755,-0.5613,-0.564,-0.5688,-0.5599,-0.5355,-0.5055,-0.4826,-0.4703,-0.4595,-0.4368,-0.3912,-0.3131,-0.1925,-0.0191,0.2139,0.5007,0.8102,1.0811,1.2412,1.2501,1.1241,0.9172,0.6841,0.4614,0.2665,0.1039,-0.028,-0.1334,-0.2171,-0.2835,-0.3362,-0.3782,-0.4118,-0.4389,-0.4608
-1.1616,-1.1051,-1.0436,-0.9796,-0.9154,-0.8535,-0.7957,-0.7441,-0.7004,-0.6667,-0.6439,-0.6292,-0.612,-0.582,-0.5474,-0.5314,-0.5403,-0.5547,-0.5557,-0.5411,-0.5191,-0.4988,-0.483,-0.4659,-0.4382,-0.3902,-0.3131,-0.1975,-0.0348,0.1795,0.4384,0.7134,0.9523,1.0954,1.1091,1.0045,0.8243,0.6149,0.4095,0.2255,0.0692,-0.0593,-0.163,-0.2455,-0.3108,-0.3623,-0.4027,-0.4346,-0.4598,-0.4799
-1.1172,-1.0638,-1.006,-0.9459,-0.8855,-0.8269,-0.7717,-0.7219,-0.6793,-0.6467,-0.6261,-0.6158,-0.6021,-0.5687,-0.527,-0.5094,-0.5233,-0.5446,-0.5528,-0.5455,-0.5295,-0.5116,-0.4938,-0.4728,-0.4417,-0.3926,-0.3176,-0.2088,-0.0594,0.133,0.3604,0.5976,0.8018,0.9261,0.9433,0.8598,0.7076,0.524,0.3383,0.1677,0.0198,-0.1035,-0.2037,-0.2835,-0.3462,-0.395,-0.4327,-0.4618,-0.4843,-0.5017
-1.0782,-1.0276,-0.9733,-0.9169,-0.8602,-0.8047,-0.7523,-0.7044,-0.6633,-0.6318,-0.6134,-0.6073,-0.5984,-0.5641,-0.5185,-0.5006,-0.5162,-0.54,-0.5519,-0.5494,-0.5379,-0.5222,-0.5039,-0.4806,-0.4475,-0.3984,-0.3266,-0.2256,-0.0906,0.0789,0.2746,0.4747,0.6453,0.7505,0.7689,0.7033,0.5766,0.4178,0.2518,0.0952,-0.0432,-0.16,-0.2553,-0.3309,-0.3896,-0.4344,-0.4681,-0.4934,-0.5122,-0.5263
-1.0439,-0.9961,-0.945,-0.8922,-0.839,-0.7869,-0.7373,-0.6919,-0.6527,-0.6228,-0.6061,-0.6031,-0.5985,-0.5672,-0.5239,-0.5067,-0.5198,-0.5412,-0.5535,-0.5537,-0.5455,-0.532,-0.5139,-0.4897,-0.4557,-0.4074,-0.3394,-0.2467,-0.1262,0.0211,0.187,0.3532,0.4934,0.5803,0.5973,0.5451,0.4392,0.3018,0.1538,0.0106,-0.1182,-0.2279,-0.3173,-0.3875,-0.4408,-0.4803,-0.5088,-0.5291,-0.5435,-0.5536
-1.0138,-0.9687,-0.9208,-0.8714,-0.8216,-0.7729,-0.7265,-0.6839,-0.6472,-0.6194,-0.6042,-0.6022,-0.5994,-0.5743,-0.5389,-0.523,-0.531,-0.5471,-0.5576,-0.5591,-0.5534,-0.5419,-0.5246,-0.5002,-0.4662,-0.4192,-0.3552,-0.2708,-0.1642,-0.0373,0.1019,0.2385,0.352,0.4219,0.4354,0.3916,0.3012,0.1808,0.0476,-0.0839,-0.2039,-0.3063,-0.3891,-0.4528,-0.4994,-0.5323,-0.5544,-0.5688,-0.5778,-0.5831
-0.9874,-0.945,-0.9002,-0.854,-0.8077,-0.7624,-0.7193,-0.6799,-0.6461,-0.6207,-0.6067,-0.6037,-0.6004,-0.5817,-0.5556,-0.542,-0.5453,-0.5558,-0.5638,-0.5658,-0.5621,-0.5525,-0.5362,-0.512,-0.4784,-0.433,-0.3732,-0.2967,-0.2028,-0.0942,0.0218,0.1331,0.2237,0.2781,0.2862,0.2466,0.1664,0.0582,-0.0638,-0.1861,-0.2985,-0.394,-0.4698,-0.526,-0.5649,-0.5898,-0.6044,-0.6118,-0.6146,-0.6146
-0.9644,-0.9245,-0.8826,-0.8396,-0.7966,-0.7547,-0.715,-0.6789,-0.6482,-0.6252,-0.6119,-0.607,-0.6022,-0.5882,-0.5697,-0.5588,-0.5591,-0.5652,-0.5711,-0.5736,-0.5718,-0.564,-0.5486,-0.5247,-0.4916,-0.448,-0.3922,-0.3231,-0.2408,-0.1483,-0.052,0.0379,0.109,0.1493,0.1509,0.112,0.0373,-0.0634,-0.178,-0.2939,-0.4004,-0.4897,-0.5583,-0.6063,-0.6362,-0.6521,-0.658,-0.6576,-0.6535,-0.6476
-0.9443,-0.9068,-0.8677,-0.8278,-0.788,-0.7493,-0.7129,-0.6801,-0.6523,-0.6314,-0.6183,-0.6116,-0.6053,-0.5942,-0.5808,-0.5721,-0.5707,-0.5741,-0.5786,-0.5819,-0.5819,-0.5756,-0.5609,-0.5373,-0.5049,-0.4632,-0.4114,-0.3491,-0.2771,-0.1986,-0.1192,-0.0473,0.0072,0.0348,0.0291,-0.0118,-0.0848,-0.1821,-0.293,-0.4053,-0.5076,-0.5916,-0.653,-0.6921,-0.7121,-0.7179,-0.7143,-0.7053,-0.6938,-0.6815
-0.9268,-0.8916,-0.8551,-0.8181,-0.7813,-0.7458,-0.7124,-0.6826,-0.6573,-0.638,-0.625,-0.6167,-0.6093,-0.5998,-0.5894,-0.5821,-0.5798,-0.5815,-0.5853,-0.5895,-0.5911,-0.5861,-0.572,-0.5489,-0.5174,-0.4777,-0.4298,-0.3739,-0.3112,-0.2448,-0.1797,-0.123,-0.0828,-0.0667,-0.08,-0.1248,-0.199,-0.2962,-0.4066,-0.5179,-0.618,-0.6975,-0.7518,-0.7815,-0.7908,-0.7858,-0.772,-0.754,-0.7346,-0.7158
-0.9114,-0.8784,-0.8444,-0.8101,-0.7761,-0.7434,-0.713,-0.6857,-0.6626,-0.6445,-0.6315,-0.6221,-0.6139,-0.605,-0.5963,-0.5897,-0.5867,-0.5871,-0.5904,-0.5951,-0.5979,-0.5939,-0.5806,-0.5583,-0.5281,-0.4908,-0.4469,-0.397,-0.3426,-0.2868,-0.234,-0.1902,-0.1623,-0.1564,-0.1775,-0.2274,-0.3049,-0.4045,-0.5168,-0.6292,-0.7287,-0.8046,-0.852,-0.872,-0.8703,-0.854,-0.8297,-0.8023,-0.7751,-0.7497
-0.8979,-0.867,-0.8353,-0.8034,-0.7721,-0.742,-0.714,-0.689,-0.6677,-0.6506,-0.6375,-0.6274,-0.6185,-0.6099,-0.6018,-0.5955,-0.5918,-0.5912,-0.5936,-0.5982,-0.6013,-0.5981,-0.5858,-0.5648,-0.5366,-0.5021,-0.4623,-0.4181,-0.3713,-0.3247,-0.2824,-0.2498,-0.2324,-0.2358,-0.2643,-0.32,-0.402,-0.5055,-0.6214,-0.7364,-0.8364,-0.9094,-0.9502,-0.9607,-0.9479,-0.9204,-0.8857,-0.8492,-0.8142,-0.7825
-0.886,-0.8571,-0.8275,-0.7979,-0.7689,-0.7412,-0.7154,-0.6923,-0.6724,-0.656,-0.6429,-0.6323,-0.623,-0.6144,-0.6065,-0.6,-0.5956,-0.594,-0.5953,-0.5988,-0.6015,-0.5987,-0.5877,-0.5686,-0.5428,-0.5115,-0.4758,-0.4371,-0.3971,-0.3588,-0.3257,-0.3025,-0.2943,-0.3059,-0.3413,-0.4028,-0.4898,-0.5979,-0.718,-0.8363,-0.9372,-1.0078,-1.0424,-1.044,-1.0207,-0.9826,-0.9382,-0.8932,-0.8511,-0.8134
