docs/data/wind_grid.json
[{"header":{"la1":42.85,"la2":41.18,"lo1":11.55,"lo2":14.05,"nx":36,"ny":24,"dx":0.07143,"dy":0.07261,"parameterCategory":2,"parameterNumber":2,"parameterNumberName":"eastward_wind","parameterUnit":"m.s-1"},"data":[-0.8064,-0.8113,-0.8169,-0.823,-0.8291,-0.8342,-0.8368,-0.8353,-0.8284,-0.8163,-0.8009,-0.7848,-0.7702,-0.7587,-0.7506,-0.7454,-0.7419,-0.7385,-0.7338,-0.7275,-0.7205,-0.7152,-0.7144,-0.7189,-0.7274,-0.7376,-0.7478,-0.7569,-0.7647,-0.7712,-0.7766,-0.7812,-0.7852,-0.7887,-0.7919,-0.7947,-0.8093,-0.8159,-0.8238,-0.833,-0.8431,-0.8532,-0.8607,-0.8621,-0.8542,-0.8369,-0.8137,-0.7897,-0.7689,-0.7536,-0.7441,-0.7391,-0.7365,-0.7336,-0.7274,-0.7166,-0.7026,-0.691,-0.6883,-0.6964,-0.711,-0.7271,-0.7416,-0.7534,-0.7628,-0.7702,-0.7761,-0.7809,-0.7851,-0.7887,-0.7919,-0.7948,-0.8122,-0.8207,-0.8312,-0.8442,-0.8603,-0.8789,-0.8964,-0.9053,-0.8973,-0.871,-0.8338,-0.7963,-0.766,-0.7457,-0.7348,-0.7313,-0.7315,-0.7307,-0.7234,-0.705,-0.6761,-0.6496,-0.644,-0.6618,-0.6896,-0.7157,-0.7361,-0.751,-0.7618,-0.7698,-0.776,-0.7809,-0.7851,-0.7887,-0.7919,-0.7948,-0.8148,-0.8256,-0.8388,-0.856,-0.8796,-0.912,-0.9498,-0.978,-0.9736,-0.9293,-0.8645,-0.8038,-0.7593,-0.7325,-0.721,-0.7211,-0.7272,-0.7322,-0.7264,-0.6975,-0.6374,-0.573,-0.5643,-0.6106,-0.6652,-0.7062,-0.7333,-0.7508,-0.7623,-0.7703,-0.7763,-0.7811,-0.7851,-0.7887,-0.7919,-0.7949,-0.8174,-0.8308,-0.8468,-0.8669,-0.8975,-0.949,-1.0264,-1.105,-1.1168,-1.03,-0.9075,-0.8081,-0.7442,-0.7103,-0.6996,-0.7062,-0.7233,-0.7409,-0.7445,-0.7099,-0.5954,-0.4353,-0.4345,-0.5533,-0.6495,-0.7053,-0.7361,-0.7536,-0.7643,-0.7714,-0.7768,-0.7812,-0.7851,-0.7886,-0.7918,-0.7949,-0.82,-0.8381,-0.8579,-0.878,-0.9083,-0.9763,-1.1161,-1.3157,-1.3838,-1.1858,-0.9497,-0.7971,-0.7134,-0.6739,-0.6657,-0.6822,-0.7166,-0.756,-0.7804,-0.7634,-0.6241,-0.3482,-0.3656,-0.5526,-0.666,-0.7203,-0.7463,-0.7596,-0.7673,-0.7727,-0.7771,-0.781,-0.7847,-0.7882,-0.7915,-0.7947,-0.822,-0.85,-0.8813,-0.9002,-0.9111,-0.968,-1.1485,-1.5057,-1.6826,-1.2942,-0.9366,-0.7512,-0.6592,-0.6174,-0.6115,-0.6397,-0.6974,-0.7658,-0.8043,-0.8092,-0.7865,-0.6347,-0.592,-0.6698,-0.7252,-0.7507,-0.7614,-0.7664,-0.7697,-0.7729,-0.7764,-0.78,-0.7837,-0.7874,-0.7909,-0.7942,-0.8189,-0.8643,-0.9326,-0.969,-0.9227,-0.9143,-1.0314,-1.2847,-1.3962,-1.09,-0.8102,-0.6606,-0.5795,-0.536,-0.5254,-0.5616,-0.6494,-0.755,-0.8257,-0.9019,-1.0785,-1.0567,-0.9036,-0.826,-0.7969,-0.7826,-0.7741,-0.7697,-0.7689,-0.7705,-0.7738,-0.7777,-0.7819,-0.786,-0.7898,-0.7935,-0.8,-0.855,-0.9842,-1.1022,-0.9332,-0.8317,-0.8528,-0.8931,-0.8554,-0.7287,-0.6217,-0.5453,-0.4824,-0.4303,-0.3889,-0.4147,-0.5596,-0.7301,-0.8789,-1.1001,-1.4976,-1.4185,-1.0957,-0.9235,-0.8408,-0.7973,-0.7741,-0.7637,-0.7614,-0.7639,-0.7685,-0.7738,-0.779,-0.7838,-0.7883,-0.7923,-0.7573,-0.7758,-0.838,-0.8845,-0.7221,-0.7096,-0.7323,-0.6717,-0.5004,-0.4003,-0.444,-0.4348,-0.3778,-0.314,-0.1998,-0.1444,-0.454,-0.7271,-0.9143,-1.1087,-1.3607,-1.3214,-1.0915,-0.9316,-0.836,-0.7798,-0.7513,-0.7422,-0.7445,-0.7517,-0.7601,-0.7681,-0.7751,-0.7811,-0.7862,-0.7908,-0.7071,-0.6621,-0.5409,-0.2478,-0.2943,-0.5998,-0.7217,-0.6449,-0.2311,-0.0167,-0.3242,-0.3492,-0.2576,-0.182,-0.1536,-0.1264,-0.5038,-0.8432,-1.0211,-1.0825,-1.1215,-1.0932,-0.9884,-0.8736,-0.7786,-0.7172,-0.6947,-0.7,-0.7165,-0.7342,-0.7493,-0.7612,-0.7705,-0.7777,-0.7837,-0.7888,-0.6783,-0.6108,-0.469,-0.2491,-0.3122,-0.6407,-0.854,-0.923,-0.5682,-0.2664,-0.3651,-0.299,-0.1137,0.1251,-0.0699,-0.3654,-0.7379,-1.24,-1.3953,-1.2075,-1.0752,-0.9904,-0.8974,-0.7825,-0.6614,-0.5867,-0.5901,-0.6343,-0.6797,-0.7141,-0.738,-0.7543,-0.7657,-0.7739,-0.7805,-0.7861,-0.679,-0.6294,-0.558,-0.5028,-0.5723,-0.7633,-0.9869,-1.2047,-1.012,-0.6331,-0.4408,-0.2986,-0.0951,0.2021,-0.0389,-0.4684,-0.9132,-2.0253,-2.0864,-1.3607,-1.0749,-0.9395,-0.828,-0.6761,-0.4698,-0.3529,-0.4319,-0.5564,-0.6441,-0.6974,-0.7293,-0.7487,-0.761,-0.7695,-0.7764,-0.7825,-0.6966,-0.6703,-0.6466,-0.648,-0.7032,-0.8117,-0.953,-1.0844,-0.9784,-0.6813,-0.4704,-0.3402,-0.2201,0.5984,-0.2099,-0.6404,-0.8364,-1.4637,-1.6391,-1.2397,-0.9991,-0.8728,-0.7737,-0.6023,-0.2927,-0.1116,-0.3042,-0.5109,-0.6288,-0.6918,-0.7261,-0.745,-0.756,-0.7637,-0.7704,-0.7772,-0.7181,-0.7064,-0.7017,-0.7133,-0.748,-0.8021,-0.859,-0.8794,-0.7974,-0.6463,-0.5157,-0.3734,-0.067,0.4386,-0.3489,-0.7037,-0.9905,-1.037,-1.1254,-1.0034,-0.8108,-0.741,-0.729,-0.6238,-0.3899,-0.2447,-0.381,-0.5465,-0.6464,-0.7006,-0.7285,-0.7418,-0.7485,-0.754,-0.7609,-0.7692,-0.7376,-0.7331,-0.7341,-0.7436,-0.762,-0.7842,-0.7978,-0.7836,-0.7271,-0.6459,-0.5935,-0.3835,-0.4479,-0.4363,-0.6277,-0.835,-0.9938,-1.0265,-1.0424,-0.848,-0.428,-0.4928,-0.688,-0.6932,-0.5981,-0.5298,-0.5601,-0.6285,-0.6844,-0.7183,-0.7327,-0.7346,-0.7334,-0.7363,-0.7451,-0.7572,-0.7543,-0.7529,-0.755,-0.7611,-0.7701,-0.7781,-0.7784,-0.764,-0.7327,-0.6894,-0.6463,-0.6936,-1.4565,-1.8546,-1.1514,-1.066,-1.102,-1.1814,-1.2105,-0.9516,-0.3874,-0.4832,-0.7272,-0.7638,-0.7155,-0.6674,-0.6592,-0.6852,-0.718,-0.7359,-0.7324,-0.7149,-0.701,-0.7036,-0.7198,-0.7405,-0.7687,-0.7688,-0.7711,-0.7754,-0.7806,-0.7848,-0.7853,-0.781,-0.7746,-0.776,-0.8194,-1.0455,-1.7885,-2.0162,-1.5962,-1.5561,-1.4087,-1.4463,-1.5568,-1.3496,-1.0155,-0.8784,-0.8747,-0.8344,-0.7495,-0.6556,-0.6303,-0.6857,-0.739,-0.752,-0.7233,-0.6707,-0.6374,-0.649,-0.6848,-0.7211,-0.7816,-0.7828,-0.7855,-0.7896,-0.7946,-0.7998,-0.8052,-0.8123,-0.8264,-0.8601,-0.9425,-1.1257,-1.4127,-1.6537,-2.1931,-2.453,-1.74,-1.6001,-1.6989,-1.8484,-1.5039,-1.1871,-1.0164,-0.8913,-0.7319,-0.499,-0.4475,-0.6543,-0.7702,-0.7788,-0.7123,-0.6018,-0.5435,-0.5827,-0.6509,-0.7062,-0.7936,-0.7959,-0.7994,-0.8043,-0.8107,-0.8187,-0.8293,-0.8453,-0.8719,-0.9189,-1.0016,-1.1357,-1.3241,-1.5991,-2.0952,-2.253,-1.8025,-1.7659,-2.3562,-2.6716,-1.8235,-1.3295,-1.0895,-0.941,-0.7761,-0.4947,-0.4305,-0.7637,-0.8622,-0.8356,-0.7318,-0.5753,-0.5,-0.559,-0.644,-0.7068,-0.8049,-0.8082,-0.8128,-0.819,-0.8272,-0.838,-0.8528,-0.8741,-0.9062,-0.9553,-1.0288,-1.1335,-1.2746,-1.4611,-1.6671,-1.7329,-1.6595,-1.728,-2.0489,-2.1348,-1.6607,-1.2589,-1.0659,-0.9791,-0.924,-0.9493,-1.1825,-1.1421,-1.0121,-0.9234,-0.8105,-0.67,-0.5944,-0.6213,-0.6797,-0.7283,-0.8156,-0.8199,-0.8256,-0.8331,-0.8428,-0.8557,-0.873,-0.8968,-0.9299,-0.9759,-1.0385,-1.1202,-1.2212,-1.3353,-1.4378,-1.4907,-1.5087,-1.559,-1.636,-1.5855,-1.3225,-1.0251,-0.9263,-0.9648,-1.0186,-1.185,-1.4696,-1.3105,-1.0957,-1.0085,-0.9122,-0.8043,-0.7336,-0.7207,-0.7393,-0.7639,-0.8255,-0.8307,-0.8373,-0.8458,-0.8568,-0.8709,-0.8893,-0.9134,-0.945,-0.9861,-1.038,-1.1011,-1.1731,-1.2472,-1.3114,-1.3548,-1.3816,-1.4021,-1.3989,-1.3174,-1.1207,-0.8717,-0.8139,-0.9308,-1.0263,-1.1368,-1.2302,-1.1631,-1.0922,-1.0642,-0.9856,-0.8978,-0.8336,-0.8028,-0.7965,-0.8017,-0.8346,-0.8405,-0.8478,-0.8571,-0.8687,-0.8833,-0.9016,-0.9248,-0.9537,-0.9893,-1.0319,-1.0808,-1.1334,-1.1851,-1.2299,-1.2628,-1.2827,-1.2876,-1.2658,-1.1977,-1.0753,-0.9404,-0.9001,-0.9554,-1.0182,-1.0738,-1.1058,-1.095,-1.0891,-1.0712,-1.0108,-0.9434,-0.8901,-0.8566,-0.84,-0.8342]},{"header":{"la1":42.85,"la2":41.18,"lo1":11.55,"lo2":14.05,"nx":36,"ny":24,"dx":0.07143,"dy":0.07261,"parameterCategory":2,"parameterNumber":3,"parameterNumberName":"northward_wind","parameterUnit":"m.s-1"},"data":[-0.38,-0.376,-0.3689,-0.3585,-0.3453,-0.3304,-0.315,-0.3006,-0.2881,-0.2772,-0.2668,-0.2556,-0.2424,-0.2268,-0.209,-0.1896,-0.1699,-0.1511,-0.1344,-0.1207,-0.11,-0.1015,-0.0941,-0.0871,-0.0804,-0.0744,-0.0694,-0.0658,-0.0635,-0.0624,-0.0625,-0.0635,-0.0652,-0.0675,-0.0703,-0.0734,-0.3991,-0.3956,-0.3876,-0.3748,-0.3577,-0.3376,-0.3172,-0.2992,-0.2856,-0.2761,-0.2683,-0.2593,-0.247,-0.2307,-0.2107,-0.1882,-0.1648,-0.1427,-0.124,-0.1101,-0.1009,-0.0945,-0.0883,-0.0808,-0.0727,-0.0652,-0.0594,-0.0553,-0.0531,-0.0525,-0.0532,-0.0549,-0.0575,-0.0608,-0.0644,-0.0684,-0.4222,-0.4199,-0.4114,-0.3954,-0.3722,-0.3435,-0.3138,-0.2889,-0.2738,-0.2682,-0.2667,-0.2629,-0.253,-0.2364,-0.2138,-0.187,-0.1586,-0.1319,-0.1106,-0.0976,-0.0931,-0.0925,-0.0884,-0.0784,-0.0662,-0.0557,-0.0481,-0.0435,-0.0415,-0.0414,-0.043,-0.0458,-0.0495,-0.0538,-0.0586,-0.0635,-0.4505,-0.4512,-0.4432,-0.4236,-0.3913,-0.348,-0.3002,-0.2603,-0.242,-0.2468,-0.2601,-0.267,-0.2619,-0.2453,-0.2195,-0.187,-0.1512,-0.1172,-0.0921,-0.0818,-0.0891,-0.1043,-0.1033,-0.0832,-0.0609,-0.0447,-0.0348,-0.0297,-0.0281,-0.0291,-0.0319,-0.036,-0.0411,-0.0468,-0.0528,-0.0589,-0.485,-0.4922,-0.4879,-0.4655,-0.4208,-0.3539,-0.2708,-0.1941,-0.1666,-0.1997,-0.2472,-0.2738,-0.2758,-0.2593,-0.2296,-0.1898,-0.1433,-0.0974,-0.0647,-0.0574,-0.0884,-0.1465,-0.1449,-0.0935,-0.0523,-0.0293,-0.0178,-0.0131,-0.0127,-0.0151,-0.0197,-0.0256,-0.0325,-0.0399,-0.0474,-0.0548,-0.526,-0.5461,-0.553,-0.5321,-0.4726,-0.3725,-0.2296,-0.0646,-0.0049,-0.1167,-0.2357,-0.2902,-0.2984,-0.2807,-0.2467,-0.1989,-0.1385,-0.0735,-0.0272,-0.018,-0.0606,-0.1791,-0.1701,-0.0808,-0.0285,-0.005,0.0046,0.0072,0.0054,0.0006,-0.0063,-0.0147,-0.0239,-0.0333,-0.0427,-0.0516,-0.571,-0.6138,-0.6481,-0.6407,-0.5637,-0.4275,-0.2273,0.0616,0.1914,-0.0602,-0.2593,-0.3279,-0.333,-0.3112,-0.2739,-0.2203,-0.1466,-0.0597,-0.0028,0.0077,0.0425,-0.0168,-0.041,-0.0041,0.0202,0.0304,0.0333,0.0317,0.0264,0.0183,0.0081,-0.0034,-0.0155,-0.0275,-0.0391,-0.0498,-0.6111,-0.6854,-0.7753,-0.8107,-0.6993,-0.5253,-0.34,-0.1128,-0.018,-0.2168,-0.3617,-0.3942,-0.3793,-0.35,-0.3137,-0.261,-0.1791,-0.0755,0.0081,0.0959,0.2968,0.3024,0.1752,0.1073,0.0825,0.0732,0.0675,0.0606,0.0508,0.0381,0.0234,0.0078,-0.008,-0.0231,-0.0372,-0.0498,-0.6307,-0.725,-0.8756,-0.9917,-0.8081,-0.6081,-0.4943,-0.4387,-0.4613,-0.5286,-0.5283,-0.4794,-0.4298,-0.3927,-0.3683,-0.3301,-0.237,-0.112,0.0311,0.278,0.7152,0.6388,0.3324,0.1902,0.1373,0.1178,0.1069,0.0949,0.0791,0.0601,0.0394,0.0183,-0.0021,-0.021,-0.0379,-0.0526,-0.6202,-0.6954,-0.7972,-0.8559,-0.7277,-0.619,-0.5838,-0.6583,-0.8556,-0.9288,-0.7303,-0.5606,-0.4737,-0.4311,-0.4341,-0.4426,-0.3005,-0.1499,0.0042,0.2387,0.553,0.5288,0.3243,0.2168,0.1787,0.1664,0.1555,0.1374,0.1127,0.0843,0.0551,0.0268,0.0007,-0.0226,-0.0426,-0.0592,-0.5906,-0.633,-0.656,-0.6232,-0.6145,-0.5888,-0.5851,-0.7211,-1.2462,-1.5247,-0.8942,-0.6012,-0.5051,-0.4674,-0.4468,-0.4494,-0.295,-0.1571,-0.0433,0.0909,0.2296,0.272,0.2395,0.2196,0.2262,0.2352,0.2246,0.1936,0.1526,0.1098,0.0689,0.0315,-0.0016,-0.0298,-0.0529,-0.0712,-0.5578,-0.5842,-0.5993,-0.6008,-0.5908,-0.5457,-0.4988,-0.5045,-0.8677,-1.1518,-0.7822,-0.5767,-0.5284,-0.55,-0.4568,-0.3386,-0.2175,-0.1213,-0.0625,0.0126,0.0967,0.1569,0.1974,0.2481,0.3158,0.3569,0.3325,0.2679,0.1975,0.1335,0.0775,0.0289,-0.0122,-0.0456,-0.0715,-0.0906,-0.5273,-0.5461,-0.559,-0.5619,-0.5441,-0.4978,-0.4182,-0.3073,-0.4321,-0.6435,-0.6117,-0.5041,-0.5162,-0.5559,-0.4405,-0.2407,-0.1183,-0.0819,-0.0706,-0.002,0.0697,0.1339,0.2044,0.3143,0.4772,0.5706,0.4875,0.3515,0.2381,0.1489,0.0757,0.0145,-0.0355,-0.0742,-0.1018,-0.1199,-0.4995,-0.5129,-0.5212,-0.5206,-0.507,-0.4775,-0.428,-0.37,-0.4298,-0.5725,-0.5953,-0.4181,-0.3998,-0.977,-0.3969,-0.0013,0.0391,-0.0077,-0.02,0.0358,0.0977,0.1546,0.228,0.3711,0.6323,0.7877,0.6114,0.4031,0.2566,0.147,0.0569,-0.0185,-0.0785,-0.1216,-0.1485,-0.1622,-0.4747,-0.4847,-0.491,-0.4921,-0.4874,-0.4781,-0.4679,-0.4744,-0.5402,-0.6661,-0.7713,-0.7659,-0.774,-1.0514,-0.3434,0.0906,0.4559,0.1624,0.0845,0.1127,0.1671,0.2012,0.2454,0.3569,0.5568,0.6761,0.552,0.3811,0.2417,0.1222,0.0144,-0.0794,-0.1515,-0.1971,-0.218,-0.2214,-0.4525,-0.4609,-0.4671,-0.4712,-0.4743,-0.4794,-0.4932,-0.5303,-0.62,-0.8139,-1.1488,-1.3177,-0.9608,-0.5862,-0.2716,0.0873,0.3551,0.2055,0.1644,0.1978,0.2655,0.2614,0.2603,0.3188,0.4115,0.4651,0.4261,0.3298,0.2096,0.0772,-0.0588,-0.1822,-0.2715,-0.3146,-0.3185,-0.3002,-0.4323,-0.4397,-0.4462,-0.4524,-0.4599,-0.472,-0.4946,-0.5392,-0.6277,-0.8032,-1.0662,-0.9566,-0.3162,0.0295,-0.0878,0.0525,0.1661,0.2249,0.2691,0.2681,0.2878,0.2804,0.2766,0.3156,0.3801,0.4301,0.4195,0.3322,0.1912,0.0193,-0.1708,-0.3502,-0.4664,-0.4927,-0.4562,-0.3981,-0.4133,-0.4197,-0.4259,-0.4326,-0.4412,-0.454,-0.475,-0.5099,-0.566,-0.6417,-0.6781,-0.516,-0.0456,0.1378,0.157,0.2729,0.2637,0.3522,0.4581,0.3686,0.316,0.2969,0.3025,0.3491,0.4541,0.5904,0.6042,0.4308,0.1992,-0.0468,-0.3268,-0.61,-0.7683,-0.7416,-0.624,-0.504,-0.3948,-0.4001,-0.4053,-0.411,-0.4181,-0.4277,-0.4414,-0.4601,-0.4817,-0.493,-0.4585,-0.3308,-0.1174,0.1238,0.6165,0.8227,0.4269,0.4016,0.4779,0.5081,0.4157,0.3497,0.3402,0.3931,0.573,0.9426,1.0204,0.575,0.197,-0.1173,-0.4937,-0.9274,-1.1384,-1.0063,-0.7762,-0.5899,-0.3766,-0.3805,-0.3842,-0.3879,-0.3919,-0.3966,-0.4018,-0.4058,-0.4041,-0.3857,-0.3334,-0.2305,-0.0709,0.173,0.5662,0.6967,0.4471,0.4315,0.6529,0.7617,0.5134,0.4062,0.3811,0.4055,0.5539,0.9762,1.0762,0.4482,0.0944,-0.185,-0.5625,-1.0554,-1.2896,-1.1026,-0.828,-0.6203,-0.3588,-0.361,-0.3628,-0.3641,-0.3647,-0.3644,-0.3621,-0.3556,-0.3407,-0.3102,-0.2555,-0.1688,-0.0448,0.1201,0.2972,0.3745,0.3578,0.403,0.5427,0.5958,0.5022,0.4711,0.4574,0.4036,0.3596,0.2776,-0.0649,-0.0887,-0.111,-0.2538,-0.4945,-0.8317,-1.0231,-0.9335,-0.7463,-0.5837,-0.3413,-0.3419,-0.3417,-0.3406,-0.338,-0.3334,-0.3257,-0.3126,-0.291,-0.2568,-0.2055,-0.1337,-0.0412,0.0659,0.1671,0.2349,0.2776,0.3332,0.4053,0.4541,0.505,0.6346,0.6684,0.4742,0.2391,-0.0752,-0.4496,-0.3357,-0.3082,-0.3552,-0.4265,-0.5728,-0.6886,-0.6845,-0.6027,-0.5065,-0.3244,-0.3235,-0.3215,-0.3181,-0.3129,-0.3051,-0.2937,-0.2769,-0.2528,-0.2187,-0.1728,-0.1139,-0.0437,0.0324,0.1047,0.1655,0.2179,0.2721,0.3318,0.4032,0.535,0.7838,0.8591,0.5543,0.2335,-0.0427,-0.246,-0.358,-0.5365,-0.496,-0.4226,-0.4416,-0.4888,-0.5015,-0.4729,-0.4238,-0.3083,-0.306,-0.3024,-0.2972,-0.29,-0.28,-0.2664,-0.248,-0.2234,-0.1913,-0.1508,-0.102,-0.0465,0.0122,0.0697,0.1232,0.1736,0.225,0.2825,0.3581,0.4781,0.6366,0.6654,0.4687,0.2207,0.0041,-0.1797,-0.3801,-0.5647,-0.5162,-0.4133,-0.3794,-0.3848,-0.3897,-0.3784,-0.3537]}]