docs/data/wind_grid.json
[{"header":{"la1":42.85,"la2":41.18,"lo1":11.55,"lo2":14.05,"nx":36,"ny":24,"dx":0.07143,"dy":0.07261,"parameterCategory":2,"parameterNumber":2,"parameterNumberName":"eastward_wind","parameterUnit":"m.s-1"},"data":[0.9294,0.9312,0.9324,0.9333,0.9342,0.9362,0.9402,0.9476,0.9595,0.9764,0.9982,1.024,1.053,1.0844,1.1171,1.1497,1.18,1.2045,1.2192,1.2212,1.2095,1.1861,1.1543,1.1179,1.0799,1.0424,1.0068,0.9737,0.9436,0.9165,0.8922,0.8706,0.8515,0.8346,0.8197,0.8065,0.9315,0.9324,0.9322,0.9309,0.929,0.9276,0.9285,0.9339,0.9459,0.9655,0.9921,1.0243,1.0606,1.1003,1.1427,1.1869,1.2301,1.267,1.2903,1.294,1.2766,1.2423,1.1978,1.149,1.1003,1.0542,1.0118,0.9737,0.9398,0.91,0.8838,0.861,0.8411,0.8238,0.8087,0.7955,0.9346,0.9347,0.9328,0.9286,0.9225,0.9156,0.9106,0.9114,0.9226,0.946,0.9799,1.0209,1.0664,1.116,1.1703,1.2301,1.293,1.351,1.3897,1.3958,1.367,1.3134,1.2484,1.182,1.1195,1.063,1.0131,0.9695,0.932,0.8997,0.872,0.8483,0.828,0.8106,0.7956,0.7827,0.9395,0.9391,0.9354,0.9278,0.9158,0.9003,0.8843,0.8752,0.8834,0.9134,0.9597,1.0135,1.0703,1.1308,1.1984,1.2778,1.3706,1.4665,1.5358,1.545,1.491,1.4015,1.3044,1.2138,1.1343,1.0661,1.0083,0.9596,0.9187,0.8845,0.8559,0.832,0.8118,0.7947,0.7802,0.7678,0.9471,0.9469,0.9419,0.9307,0.9116,0.8834,0.848,0.8171,0.8169,0.8615,0.9312,1.0037,1.0735,1.1441,1.2238,1.3246,1.4596,1.6244,1.7589,1.7698,1.6573,1.5024,1.3583,1.238,1.14,1.0601,0.9949,0.9418,0.8987,0.8636,0.8349,0.8115,0.7921,0.7759,0.7623,0.7509,0.9583,0.9597,0.955,0.9412,0.915,0.8719,0.8074,0.732,0.7102,0.7896,0.9011,0.9972,1.0788,1.1561,1.242,1.3576,1.5377,1.8109,2.0794,2.0822,1.8457,1.5916,1.3935,1.2448,1.1305,1.0408,0.9699,0.914,0.8701,0.8356,0.8083,0.7865,0.7687,0.7541,0.742,0.7319,0.9739,0.9796,0.9781,0.9646,0.9338,0.8798,0.7912,0.664,0.6091,0.7406,0.8918,1.0025,1.09,1.1682,1.2503,1.3615,1.5544,1.9072,2.3282,2.3118,1.942,1.6159,1.3879,1.2238,1.0997,1.0038,0.9299,0.8737,0.8315,0.7998,0.7756,0.7568,0.7417,0.7294,0.7192,0.7108,0.9943,1.0086,1.0159,1.0075,0.9757,0.9184,0.8356,0.732,0.6937,0.7967,0.9196,1.0221,1.1094,1.1841,1.2525,1.3365,1.4847,1.7581,2.0843,2.0904,1.812,1.5402,1.332,1.1708,1.0438,0.945,0.871,0.818,0.781,0.7552,0.7366,0.7224,0.7112,0.7019,0.6941,0.6877,1.018,1.0471,1.0736,1.0808,1.0482,0.9817,0.9092,0.8504,0.8315,0.8687,0.9482,1.0456,1.1372,1.2085,1.2547,1.2995,1.3961,1.5499,1.6948,1.7112,1.5874,1.4141,1.2432,1.0897,0.9599,0.8588,0.788,0.7432,0.717,0.7015,0.6916,0.6841,0.6777,0.6719,0.6669,0.6627,1.0402,1.0896,1.1514,1.1991,1.1642,1.0558,0.964,0.8961,0.8325,0.8286,0.9345,1.0661,1.1784,1.2489,1.251,1.2418,1.3546,1.4889,1.5658,1.551,1.4547,1.3104,1.1473,0.9851,0.8417,0.7347,0.6717,0.6446,0.6381,0.6396,0.6421,0.643,0.6421,0.6401,0.6379,0.6359,1.0516,1.1178,1.2178,1.3328,1.3025,1.1151,1.0004,0.9204,0.7445,0.6609,0.9007,1.0957,1.2478,1.34,1.2988,1.2533,1.4173,1.6179,1.6933,1.6008,1.4345,1.249,1.0535,0.8529,0.6716,0.5499,0.5062,0.5165,0.5455,0.5725,0.5909,0.6011,0.6056,0.6069,0.6071,0.6074,1.0441,1.1086,1.2044,1.311,1.2765,1.1054,1.0331,1.0191,0.8831,0.7859,0.9537,1.1396,1.3402,1.5513,1.4934,1.4292,1.6283,2.0794,2.1665,1.8107,1.4757,1.2105,0.9578,0.6826,0.4148,0.2607,0.2694,0.3586,0.4465,0.5073,0.5429,0.5611,0.5693,0.5726,0.5744,0.5766,1.0184,1.0648,1.12,1.1583,1.1256,1.0561,1.0518,1.1047,1.0437,0.9484,1.0063,1.171,1.3269,1.6223,1.5584,1.4735,1.8165,2.9081,2.9182,1.9936,1.4838,1.1689,0.8689,0.4867,0.0436,-0.1789,-0.0369,0.1966,0.3624,0.4566,0.5042,0.5254,0.5333,0.5361,0.5386,0.5426,0.9832,1.0104,1.0348,1.0434,1.027,1.008,1.0216,1.0592,1.0158,0.9141,0.9389,1.1938,1.2957,1.2859,1.2947,1.4213,1.7164,2.3288,2.3922,1.7762,1.3892,1.1329,0.832,0.3706,-0.2697,-0.5839,-0.2598,0.1129,0.3289,0.4345,0.4795,0.4938,0.4955,0.495,0.4974,0.504,0.9465,0.9605,0.9697,0.9697,0.9604,0.9509,0.9485,0.9367,0.867,0.7385,0.6565,0.7458,0.8859,0.7452,1.0762,1.4872,1.8842,1.6488,1.558,1.4024,1.323,1.1902,0.8961,0.4672,-0.0749,-0.3529,-0.1098,0.1949,0.3698,0.4461,0.467,0.4615,0.4495,0.4433,0.4468,0.4585,0.9119,0.9176,0.919,0.9144,0.9036,0.8881,0.8645,0.8165,0.7114,0.5037,0.1712,0.2017,0.4373,0.7117,0.8856,1.2764,1.6153,1.2668,1.0808,1.196,1.5759,1.4482,1.0103,0.6482,0.3527,0.2082,0.2726,0.3947,0.4665,0.4806,0.4561,0.4158,0.3828,0.3713,0.3812,0.4038,0.8805,0.8807,0.877,0.8681,0.8532,0.8302,0.7939,0.7319,0.6232,0.4374,0.1969,0.2655,0.3047,0.3108,0.554,0.721,0.8055,0.6239,0.4932,0.8627,1.5815,1.4331,0.9742,0.7211,0.6066,0.5859,0.6076,0.6123,0.582,0.519,0.4299,0.336,0.2745,0.2656,0.2955,0.34,0.852,0.8483,0.8409,0.8286,0.81,0.7828,0.7429,0.6836,0.5983,0.4898,0.3969,0.3604,0.2682,0.2172,0.1252,0.0545,0.2108,0.0195,-0.2755,0.2042,0.7101,0.8377,0.7308,0.6781,0.7405,0.8699,0.9153,0.8276,0.6967,0.5487,0.374,0.1978,0.1012,0.1185,0.1936,0.2734,0.8264,0.8199,0.8097,0.795,0.7743,0.7459,0.7074,0.6563,0.5921,0.5206,0.453,0.3861,0.2861,0.068,-0.6343,-0.9241,-0.2074,-0.139,-0.2966,-0.2609,0.0752,0.3299,0.4407,0.5754,0.8344,1.1761,1.2521,1.0237,0.7956,0.5708,0.3028,0.016,-0.1158,-0.0376,0.1028,0.221,0.8035,0.7948,0.7828,0.7666,0.7451,0.7172,0.6816,0.6375,0.5853,0.5271,0.4629,0.3827,0.2529,-0.021,-0.5643,-0.7343,-0.2821,-0.2225,-0.6206,-0.8159,-0.3066,-0.0479,0.1118,0.3829,0.8013,1.241,1.3282,1.1051,0.8581,0.5974,0.289,-0.0564,-0.2056,-0.0931,0.0741,0.2043,0.7829,0.7728,0.7596,0.7426,0.721,0.6942,0.6613,0.6221,0.5763,0.5237,0.4612,0.3799,0.2597,0.0739,-0.1479,-0.2257,-0.1565,-0.2104,-0.4519,-0.5537,-0.4498,-0.5105,-0.4536,-0.0153,0.5879,1.0814,1.3571,1.219,0.8839,0.6156,0.3662,0.1001,-0.0368,0.0146,0.1287,0.2302,0.7645,0.7534,0.7395,0.7222,0.701,0.6753,0.6447,0.6088,0.5671,0.5184,0.4601,0.387,0.2922,0.1756,0.0619,-0.0078,-0.0492,-0.1337,-0.2761,-0.4363,-0.7588,-1.4153,-1.5745,-0.6982,0.2817,1.0324,1.554,1.2688,0.7524,0.5514,0.4312,0.2874,0.1869,0.1775,0.2233,0.2816,0.7482,0.7364,0.7221,0.7048,0.6841,0.6596,0.6309,0.5976,0.5591,0.5144,0.4618,0.3992,0.3252,0.2432,0.1632,0.0933,0.0225,-0.0757,-0.2261,-0.4886,-1.0658,-2.1049,-2.404,-1.2083,-0.0364,0.6956,1.0125,0.7745,0.3944,0.4047,0.4289,0.3798,0.3224,0.2985,0.3082,0.3354,0.7336,0.7215,0.707,0.6899,0.6699,0.6465,0.6195,0.5884,0.5529,0.5122,0.4653,0.4117,0.3514,0.2863,0.2195,0.1508,0.0724,-0.0324,-0.1912,-0.4613,-0.9406,-1.5709,-1.6919,-0.9777,-0.1541,0.3884,0.6052,0.5116,0.3427,0.3703,0.4179,0.4119,0.3861,0.3685,0.3673,0.3791]},{"header":{"la1":42.85,"la2":41.18,"lo1":11.55,"lo2":14.05,"nx":36,"ny":24,"dx":0.07143,"dy":0.07261,"parameterCategory":2,"parameterNumber":3,"parameterNumberName":"northward_wind","parameterUnit":"m.s-1"},"data":[1.7891,1.7481,1.7012,1.6494,1.5951,1.5426,1.4978,1.4669,1.4537,1.4571,1.4711,1.4872,1.4977,1.4976,1.4852,1.4617,1.4313,1.4,1.3749,1.3618,1.3624,1.375,1.3956,1.4199,1.4449,1.4687,1.4909,1.5112,1.53,1.5476,1.5643,1.5802,1.5956,1.6104,1.6246,1.6384,1.7937,1.746,1.689,1.6228,1.5498,1.4756,1.4103,1.3663,1.3528,1.369,1.4033,1.4395,1.4643,1.4702,1.4552,1.4214,1.3747,1.3257,1.2872,1.2695,1.2755,1.2998,1.334,1.3705,1.405,1.4359,1.463,1.4869,1.5084,1.5283,1.5469,1.5647,1.5818,1.5982,1.614,1.6292,1.8048,1.7505,1.6821,1.5976,1.4976,1.3882,1.2853,1.2141,1.1981,1.2392,1.3122,1.3842,1.4324,1.4475,1.4283,1.3779,1.3041,1.2234,1.1605,1.1369,1.1563,1.204,1.2613,1.3161,1.3631,1.4021,1.4343,1.4617,1.4858,1.5079,1.5286,1.5484,1.5674,1.5857,1.6032,1.6199,1.8252,1.7658,1.6863,1.5806,1.4442,1.2789,1.1048,0.9725,0.9461,1.0389,1.1889,1.3235,1.4076,1.4352,1.4097,1.3345,1.2161,1.0769,0.9664,0.9364,0.9896,1.0839,1.1798,1.2598,1.3216,1.3686,1.4053,1.4355,1.4619,1.4861,1.509,1.5311,1.5523,1.5727,1.5922,1.6108,1.8579,1.7973,1.7103,1.5849,1.406,1.1594,0.8543,0.5779,0.5127,0.7243,1.0317,1.2691,1.4004,1.4414,1.4073,1.3004,1.1146,0.8668,0.656,0.6234,0.7616,0.9452,1.0985,1.2084,1.284,1.3369,1.3761,1.4078,1.4358,1.4621,1.4876,1.5124,1.5363,1.5594,1.5812,1.6017,1.9055,1.8502,1.7643,1.6292,1.4154,1.0784,0.5719,-0.0207,-0.213,0.281,0.881,1.2521,1.426,1.4735,1.4301,1.2946,1.0311,0.6081,0.1895,0.1743,0.4995,0.8213,1.0382,1.1718,1.2539,1.307,1.3452,1.3768,1.406,1.4348,1.4636,1.4919,1.5194,1.5456,1.5702,1.5931,1.9688,1.928,1.8571,1.7324,1.5146,1.1353,0.4739,-0.5121,-0.9384,-0.0103,0.8812,1.3205,1.4961,1.5329,1.4811,1.3393,1.0439,0.4813,-0.185,-0.1634,0.3674,0.7853,1.0257,1.1577,1.2314,1.2762,1.309,1.3388,1.3697,1.4024,1.436,1.4693,1.5015,1.5317,1.5596,1.5852,2.0452,2.0296,1.9911,1.9025,1.7229,1.3989,0.8511,0.0645,-0.25,0.492,1.1682,1.4887,1.6034,1.6067,1.5445,1.4264,1.196,0.7492,0.2092,0.1821,0.5656,0.8839,1.067,1.1618,1.2091,1.236,1.2595,1.2879,1.3228,1.3625,1.4038,1.4445,1.4828,1.5181,1.5499,1.5784,2.1282,2.1475,2.1602,2.1328,2.011,1.7773,1.4709,1.1796,1.1256,1.3506,1.5738,1.6939,1.7191,1.6703,1.5776,1.4906,1.372,1.1418,0.8832,0.8054,0.9135,1.0456,1.129,1.1635,1.1695,1.1704,1.1835,1.2145,1.26,1.3128,1.3668,1.4179,1.4644,1.5056,1.5418,1.5734,2.2056,2.263,2.3429,2.4057,2.3303,2.1157,1.9287,1.8305,1.8315,1.863,1.8693,1.8657,1.8197,1.7142,1.5313,1.4421,1.4526,1.3393,1.2063,1.1406,1.1441,1.1667,1.1667,1.1338,1.0852,1.0524,1.0591,1.1055,1.1755,1.2524,1.3258,1.3913,1.4478,1.4958,1.5365,1.571,2.2632,2.3452,2.4782,2.6382,2.5942,2.3292,2.1874,2.1268,2.0366,2.0027,2.0235,1.9918,1.8979,1.7682,1.576,1.4528,1.4765,1.3341,1.2225,1.2118,1.2277,1.2171,1.1572,1.0456,0.9156,0.8359,0.8524,0.9452,1.0664,1.1837,1.2848,1.3681,1.4357,1.4905,1.5352,1.5721,2.2929,2.3705,2.4883,2.6202,2.5808,2.3918,2.3412,2.3548,2.2161,2.1068,2.1472,2.1127,1.9481,1.7232,1.7113,1.653,1.4455,1.0301,0.9093,1.1073,1.226,1.2203,1.1049,0.8787,0.5988,0.4409,0.517,0.7256,0.941,1.1171,1.2519,1.3539,1.4318,1.4921,1.5395,1.5777,2.3009,2.3562,2.4219,2.4696,2.4459,2.3952,2.4173,2.4842,2.4237,2.3245,2.3134,2.2999,2.1305,1.6915,1.7399,1.7644,1.3801,0.3516,0.3205,0.9911,1.2212,1.2115,1.0384,0.651,0.082,-0.2203,0.0445,0.4839,0.8331,1.0737,1.2388,1.3554,1.4399,1.5027,1.5507,1.5884,2.3008,2.3373,2.3723,2.3941,2.3965,2.4005,2.4283,2.4624,2.4575,2.4648,2.4956,2.4835,2.4391,2.1369,2.0904,1.9009,1.5654,0.9065,0.775,1.1545,1.2522,1.1936,1.0064,0.5131,-0.3785,-0.8626,-0.3138,0.361,0.8047,1.0793,1.2572,1.378,1.4629,1.524,1.5693,1.6043,2.3015,2.3286,2.3538,2.3743,2.3914,2.4124,2.4411,2.4751,2.5313,2.6511,2.78,2.7923,2.7126,3.0234,2.3971,1.9142,1.5745,1.6128,1.5051,1.3852,1.1478,1.064,1.0201,0.6668,-0.0603,-0.4815,-0.0553,0.5105,0.8969,1.1447,1.3098,1.4231,1.5012,1.5557,1.595,1.625,2.3054,2.3291,2.3529,2.3766,2.4022,2.4334,2.4749,2.5372,2.6511,2.8698,3.1851,3.3595,3.1399,2.8679,2.5765,2.1112,1.7883,1.9849,1.9568,1.4369,0.5275,0.6525,1.0347,0.9682,0.6443,0.4362,0.5605,0.8235,1.0624,1.2486,1.3874,1.4862,1.5525,1.5959,1.6258,1.649,2.3114,2.3346,2.3593,2.3863,2.4178,2.4572,2.5106,2.5901,2.7186,2.9252,3.1664,3.2124,3.3686,3.4193,2.8788,2.5724,2.4626,2.655,2.7247,1.8911,0.486,0.6744,1.1895,1.2339,1.0768,0.9453,0.9442,1.0537,1.2071,1.3545,1.4744,1.5597,1.6115,1.6401,1.6584,1.6738,2.3182,2.3416,2.3675,2.397,2.432,2.4757,2.5332,2.6122,2.7211,2.8588,2.9903,3.1066,3.3944,3.4528,3.1144,3.0078,2.9665,3.4661,4.0701,2.9893,1.9297,1.5782,1.5682,1.4573,1.2281,0.9902,0.9333,1.0898,1.2865,1.444,1.5588,1.6332,1.6683,1.6801,1.6874,1.6968,2.3244,2.3481,2.3748,2.4053,2.4415,2.4857,2.541,2.6107,2.6963,2.7928,2.8898,2.9919,3.1091,3.1761,3.3835,3.4987,3.2189,3.5331,3.8922,3.5172,2.8263,2.2573,1.9297,1.6321,1.2097,0.6394,0.5188,1.0004,1.3487,1.5304,1.633,1.6879,1.7041,1.7047,1.7082,1.7163,2.3293,2.353,2.3796,2.4101,2.4455,2.4875,2.5376,2.5969,2.6648,2.7382,2.8135,2.8909,2.9735,3.088,3.3218,3.4007,3.2274,3.3853,3.8878,4.1025,3.2356,2.5855,2.1853,1.8189,1.3283,0.6179,0.4655,1.1867,1.5135,1.6426,1.6961,1.7102,1.7095,1.7139,1.7236,1.7344,2.3325,2.3557,2.3816,2.411,2.4445,2.4831,2.5273,2.5773,2.6322,2.6905,2.7504,2.8125,2.8814,2.9695,3.0733,3.1139,3.1114,3.2444,3.5523,3.6058,3.111,2.68,2.4013,2.0787,1.7149,1.5379,1.8376,1.8399,1.7869,1.7935,1.7772,1.7454,1.7284,1.7331,1.7447,1.7558,2.3337,2.3561,2.3809,2.4086,2.4395,2.4742,2.5127,2.5549,2.6002,2.6474,2.6958,2.7456,2.7986,2.8559,2.9091,2.9424,2.972,3.0401,3.1215,3.075,2.8709,2.7491,2.6813,2.3721,2.0416,2.0039,2.2619,2.1242,2.0041,1.966,1.8934,1.8252,1.7868,1.7758,1.7775,1.7828,2.3332,2.3544,2.3777,2.4033,2.4314,2.4622,2.4957,2.5314,2.5689,2.6075,2.6465,2.6857,2.725,2.763,2.7959,2.8205,2.8418,2.8647,2.8702,2.8248,2.7639,2.8281,2.8685,2.549,2.212,2.0868,2.1091,2.1078,2.1623,2.1182,2.0011,1.9085,1.8533,1.8265,1.8159,1.8131,2.331,2.3509,2.3725,2.3959,2.4212,2.4483,2.4772,2.5075,2.5387,2.5702,2.6015,2.6319,2.6608,2.6869,2.7082,2.7235,2.7331,2.7354,2.7235,2.6961,2.6831,2.7245,2.7111,2.5058,2.2669,2.1314,2.0941,2.119,2.1809,2.1452,2.0449,1.9598,1.9035,1.8702,1.8521,1.843]}]