docs/data/wind_grid.json
[{"header":{"la1":42.85,"la2":41.18,"lo1":11.55,"lo2":14.05,"nx":36,"ny":24,"dx":0.07143,"dy":0.07261,"parameterCategory":2,"parameterNumber":2,"parameterNumberName":"eastward_wind","parameterUnit":"m.s-1"},"data":[-0.5839,-0.5916,-0.5992,-0.6065,-0.613,-0.6177,-0.6193,-0.6162,-0.6074,-0.5936,-0.5769,-0.5606,-0.5478,-0.5405,-0.5396,-0.5447,-0.5541,-0.5647,-0.5733,-0.5772,-0.575,-0.5674,-0.5561,-0.5429,-0.5293,-0.5161,-0.504,-0.4931,-0.4834,-0.4748,-0.4672,-0.4606,-0.4547,-0.4495,-0.4449,-0.4408,-0.5977,-0.6075,-0.6175,-0.6279,-0.6383,-0.6477,-0.6536,-0.6525,-0.6419,-0.6219,-0.5965,-0.5717,-0.5526,-0.5425,-0.5428,-0.5527,-0.5698,-0.5891,-0.6046,-0.6112,-0.6073,-0.5948,-0.5775,-0.5586,-0.5403,-0.5236,-0.5088,-0.496,-0.4849,-0.4754,-0.4672,-0.4601,-0.454,-0.4486,-0.4438,-0.4396,-0.6129,-0.6249,-0.6377,-0.6521,-0.6683,-0.6857,-0.7005,-0.7057,-0.6938,-0.6636,-0.623,-0.5838,-0.5547,-0.5404,-0.5424,-0.5602,-0.5903,-0.625,-0.6527,-0.6631,-0.654,-0.6316,-0.6039,-0.5763,-0.5516,-0.5305,-0.5127,-0.4979,-0.4856,-0.4753,-0.4665,-0.4591,-0.4527,-0.4472,-0.4424,-0.4381,-0.6294,-0.6438,-0.6595,-0.6782,-0.702,-0.7323,-0.7655,-0.7874,-0.7772,-0.7283,-0.6594,-0.5957,-0.5513,-0.5308,-0.5353,-0.5648,-0.6169,-0.6801,-0.7311,-0.7458,-0.7226,-0.6797,-0.6344,-0.5946,-0.562,-0.5359,-0.5152,-0.4986,-0.4851,-0.4742,-0.4651,-0.4575,-0.451,-0.4454,-0.4406,-0.4363,-0.6479,-0.6648,-0.6829,-0.7049,-0.7363,-0.7846,-0.8523,-0.9168,-0.9193,-0.831,-0.7064,-0.603,-0.5375,-0.5089,-0.5159,-0.561,-0.6473,-0.764,-0.863,-0.8804,-0.82,-0.7372,-0.6652,-0.6101,-0.5691,-0.5385,-0.5152,-0.4973,-0.4832,-0.4719,-0.4628,-0.4551,-0.4487,-0.4432,-0.4384,-0.4342,-0.6693,-0.6893,-0.709,-0.7313,-0.7652,-0.8294,-0.9482,-1.108,-1.156,-0.9772,-0.7499,-0.5937,-0.506,-0.4685,-0.4761,-0.5363,-0.666,-0.8717,-1.0694,-1.079,-0.9348,-0.7896,-0.6869,-0.6179,-0.5705,-0.5368,-0.5122,-0.4938,-0.4796,-0.4685,-0.4595,-0.4521,-0.4459,-0.4405,-0.4359,-0.4318,-0.6952,-0.7203,-0.7422,-0.7607,-0.7852,-0.8435,-0.9897,-1.2625,-1.3927,-1.0722,-0.7381,-0.5491,-0.4499,-0.4039,-0.4055,-0.4706,-0.6307,-0.9201,-1.2391,-1.2304,-0.9937,-0.8041,-0.6869,-0.6131,-0.5641,-0.53,-0.5056,-0.4877,-0.4743,-0.4639,-0.4555,-0.4486,-0.4426,-0.4375,-0.433,-0.4291,-0.7269,-0.7629,-0.7927,-0.8075,-0.8078,-0.821,-0.9013,-1.0872,-1.1639,-0.8878,-0.6169,-0.4618,-0.3702,-0.3129,-0.2923,-0.3434,-0.5036,-0.7758,-1.0563,-1.0766,-0.9083,-0.7601,-0.6612,-0.5951,-0.5497,-0.518,-0.4955,-0.4794,-0.4674,-0.4583,-0.4508,-0.4445,-0.4391,-0.4342,-0.4299,-0.4261,-0.7637,-0.821,-0.8761,-0.9021,-0.8713,-0.8071,-0.7638,-0.7454,-0.6798,-0.5462,-0.4366,-0.3554,-0.2807,-0.2012,-0.1185,-0.1284,-0.3148,-0.5623,-0.7536,-0.8133,-0.7667,-0.691,-0.6224,-0.5688,-0.5293,-0.5015,-0.4823,-0.4691,-0.4595,-0.4521,-0.4458,-0.4403,-0.4353,-0.4307,-0.4265,-0.4228,-0.7986,-0.8882,-0.9993,-1.0853,-1.0302,-0.8528,-0.6953,-0.5419,-0.3383,-0.2321,-0.2714,-0.2638,-0.2018,-0.0992,0.1175,0.2214,-0.1487,-0.4792,-0.6607,-0.7174,-0.6966,-0.6435,-0.587,-0.5397,-0.5049,-0.4815,-0.4668,-0.4575,-0.4511,-0.4458,-0.441,-0.4362,-0.4315,-0.427,-0.4228,-0.4191,-0.8164,-0.9336,-1.1103,-1.3126,-1.2593,-0.9274,-0.71,-0.5165,-0.0836,0.1169,-0.1661,-0.2072,-0.138,-0.0469,0.1163,0.2323,-0.2221,-0.6309,-0.8138,-0.7976,-0.7119,-0.6264,-0.5583,-0.5093,-0.4771,-0.4586,-0.4496,-0.4456,-0.4432,-0.4404,-0.4368,-0.4325,-0.4277,-0.423,-0.4187,-0.4149,-0.8027,-0.916,-1.0849,-1.2734,-1.2121,-0.9098,-0.7898,-0.7654,-0.407,-0.113,-0.2147,-0.1904,-0.0774,0.0739,0.0162,-0.1671,-0.5714,-1.1592,-1.306,-1.0174,-0.7669,-0.6148,-0.5261,-0.4746,-0.4458,-0.4332,-0.4318,-0.4348,-0.4371,-0.4369,-0.4341,-0.4294,-0.4239,-0.4185,-0.4137,-0.4099,-0.7589,-0.8396,-0.9362,-1.0035,-0.9467,-0.8324,-0.8557,-1.0028,-0.8256,-0.4581,-0.2892,-0.2012,-0.1063,0.1268,0.0402,-0.3241,-0.8882,-2.0185,-2.0386,-1.1989,-0.7669,-0.5678,-0.4767,-0.4355,-0.4152,-0.4083,-0.4156,-0.4273,-0.4349,-0.4365,-0.4332,-0.4269,-0.4196,-0.4128,-0.4074,-0.4035,-0.7009,-0.7476,-0.7898,-0.8051,-0.779,-0.7549,-0.8,-0.8929,-0.7817,-0.4772,-0.2938,-0.2093,-0.19,-0.1858,-0.2052,-0.5397,-0.9871,-1.5372,-1.5765,-0.9893,-0.6126,-0.4486,-0.4004,-0.3972,-0.3978,-0.3935,-0.407,-0.4277,-0.4398,-0.4411,-0.4347,-0.4244,-0.4135,-0.4045,-0.3984,-0.3948,-0.6429,-0.6668,-0.6832,-0.6847,-0.6724,-0.6635,-0.6713,-0.6626,-0.5532,-0.3733,-0.2579,-0.2285,-0.2122,-0.1997,-0.3279,-0.9225,-1.5286,-1.0774,-0.859,-0.5628,-0.3047,-0.2388,-0.291,-0.3547,-0.3924,-0.4006,-0.4195,-0.445,-0.4566,-0.4525,-0.438,-0.4194,-0.4025,-0.3908,-0.3847,-0.3828,-0.5912,-0.6017,-0.6058,-0.6011,-0.5888,-0.5726,-0.5496,-0.5007,-0.4032,-0.2711,-0.1495,-0.2576,-0.2404,-0.2252,-0.3439,-0.8033,-1.2288,-0.7854,-0.4635,-0.2061,0.0763,0.024,-0.1726,-0.309,-0.392,-0.4366,-0.47,-0.492,-0.4918,-0.4719,-0.4405,-0.407,-0.3809,-0.3669,-0.3635,-0.3662,-0.5469,-0.5493,-0.5464,-0.5371,-0.521,-0.4976,-0.4629,-0.4092,-0.3319,-0.2389,-0.157,-0.1966,-0.1704,-0.143,-0.2054,-0.337,-0.4298,-0.2721,-0.0952,-0.0182,0.1418,0.0787,-0.1269,-0.296,-0.4302,-0.5288,-0.581,-0.583,-0.5502,-0.4981,-0.4362,-0.3771,-0.3381,-0.3261,-0.3322,-0.3446,-0.5093,-0.5066,-0.4994,-0.4867,-0.4677,-0.4414,-0.4057,-0.3584,-0.3012,-0.243,-0.2005,-0.1754,-0.1284,-0.0877,0.0682,0.1375,0.0181,0.1088,0.2552,0.1398,0.074,-0.0025,-0.1449,-0.3272,-0.5327,-0.7197,-0.7864,-0.7258,-0.6292,-0.5268,-0.4174,-0.3159,-0.261,-0.2633,-0.2916,-0.3204,-0.4777,-0.4716,-0.4615,-0.4468,-0.4267,-0.4004,-0.3673,-0.3273,-0.2826,-0.2378,-0.1961,-0.1502,-0.0794,0.0912,0.6152,0.824,0.311,0.2236,0.3051,0.3615,0.2022,0.0293,-0.1418,-0.3637,-0.6656,-0.9982,-1.0711,-0.8834,-0.7093,-0.5545,-0.3892,-0.2279,-0.1573,-0.1927,-0.2539,-0.3011,-0.451,-0.4427,-0.431,-0.4154,-0.3952,-0.3702,-0.3401,-0.3054,-0.2672,-0.2266,-0.1819,-0.1241,-0.0282,0.1742,0.5669,0.6882,0.361,0.3048,0.5935,0.7398,0.3522,0.106,-0.0853,-0.3406,-0.6941,-1.0632,-1.1369,-0.9506,-0.7647,-0.5843,-0.3903,-0.1926,-0.1127,-0.1674,-0.2431,-0.2965,-0.4285,-0.4189,-0.4064,-0.3905,-0.3709,-0.3474,-0.32,-0.289,-0.2544,-0.2159,-0.1708,-0.1117,-0.0243,0.11,0.2683,0.3204,0.2614,0.2858,0.4512,0.5057,0.328,0.206,0.0779,-0.2039,-0.5928,-0.9371,-1.1322,-1.0324,-0.7955,-0.6089,-0.4434,-0.2808,-0.2008,-0.2219,-0.2709,-0.3104,-0.4096,-0.3993,-0.3865,-0.3708,-0.352,-0.3301,-0.305,-0.2767,-0.2449,-0.209,-0.1668,-0.1144,-0.0472,0.0343,0.1113,0.1524,0.1662,0.2018,0.2656,0.297,0.3184,0.4508,0.4599,0.0648,-0.4476,-0.9137,-1.2706,-1.0742,-0.728,-0.5879,-0.4931,-0.3902,-0.321,-0.3051,-0.3176,-0.3354,-0.3938,-0.3832,-0.3703,-0.3551,-0.3373,-0.3169,-0.2938,-0.2679,-0.239,-0.2064,-0.169,-0.1254,-0.0751,-0.0212,0.0278,0.064,0.0918,0.1247,0.1667,0.2226,0.3572,0.6618,0.7579,0.2725,-0.2842,-0.6982,-0.9008,-0.7528,-0.5291,-0.523,-0.5044,-0.4475,-0.3952,-0.367,-0.3588,-0.3603,-0.3806,-0.3699,-0.3573,-0.3427,-0.326,-0.3071,-0.2859,-0.2623,-0.2362,-0.2072,-0.1749,-0.1392,-0.1005,-0.0613,-0.0249,0.0063,0.0344,0.0646,0.1034,0.1659,0.2888,0.4724,0.4931,0.186,-0.2039,-0.4953,-0.6257,-0.5815,-0.4997,-0.5043,-0.4986,-0.4648,-0.4276,-0.4007,-0.3857,-0.3791]},{"header":{"la1":42.85,"la2":41.18,"lo1":11.55,"lo2":14.05,"nx":36,"ny":24,"dx":0.07143,"dy":0.07261,"parameterCategory":2,"parameterNumber":3,"parameterNumberName":"northward_wind","parameterUnit":"m.s-1"},"data":[-0.8011,-0.7972,-0.7918,-0.785,-0.7768,-0.7677,-0.7586,-0.7503,-0.7431,-0.7366,-0.7295,-0.7199,-0.7065,-0.6886,-0.6662,-0.6403,-0.6129,-0.5868,-0.5651,-0.5501,-0.5425,-0.5414,-0.5448,-0.5508,-0.5579,-0.5655,-0.5729,-0.5803,-0.5874,-0.5944,-0.6014,-0.6082,-0.6149,-0.6214,-0.6278,-0.6339,-0.8079,-0.8037,-0.7975,-0.7891,-0.7785,-0.7665,-0.7545,-0.7444,-0.7376,-0.7335,-0.7296,-0.7224,-0.7095,-0.6895,-0.6623,-0.6289,-0.5921,-0.5565,-0.5277,-0.5101,-0.5045,-0.5084,-0.5177,-0.5291,-0.5406,-0.5514,-0.5614,-0.5707,-0.5794,-0.5878,-0.5959,-0.6038,-0.6115,-0.619,-0.6262,-0.6331,-0.8155,-0.811,-0.804,-0.7935,-0.7794,-0.762,-0.7439,-0.7296,-0.7231,-0.7242,-0.7274,-0.7258,-0.7151,-0.6932,-0.66,-0.616,-0.5646,-0.5129,-0.472,-0.4514,-0.4517,-0.4659,-0.4855,-0.5051,-0.5224,-0.5372,-0.5499,-0.5612,-0.5715,-0.5813,-0.5907,-0.5998,-0.6086,-0.6171,-0.6253,-0.633,-0.8239,-0.8196,-0.8119,-0.7992,-0.78,-0.7535,-0.7227,-0.6974,-0.69,-0.7024,-0.7211,-0.731,-0.725,-0.7021,-0.6617,-0.6034,-0.5288,-0.4482,-0.3847,-0.3612,-0.3771,-0.4123,-0.4492,-0.4802,-0.5045,-0.5235,-0.5389,-0.5521,-0.564,-0.5751,-0.5858,-0.5962,-0.6063,-0.616,-0.6252,-0.6338,-0.8333,-0.8297,-0.8221,-0.8079,-0.783,-0.7426,-0.6866,-0.6321,-0.618,-0.6574,-0.7099,-0.7403,-0.7421,-0.7191,-0.6718,-0.5963,-0.4872,-0.3531,-0.2424,-0.2188,-0.2744,-0.3502,-0.4128,-0.4575,-0.4887,-0.5113,-0.5288,-0.5435,-0.5568,-0.5694,-0.5815,-0.5934,-0.6048,-0.6158,-0.6261,-0.6357,-0.8432,-0.841,-0.835,-0.8217,-0.7939,-0.7388,-0.6417,-0.5172,-0.4755,-0.5818,-0.7016,-0.7605,-0.7702,-0.7477,-0.6966,-0.6066,-0.4564,-0.2343,-0.0249,-0.0126,-0.1558,-0.2943,-0.3856,-0.4416,-0.477,-0.5014,-0.5199,-0.5356,-0.5501,-0.564,-0.5778,-0.5913,-0.6044,-0.6168,-0.6285,-0.6391,-0.8527,-0.8523,-0.8495,-0.8413,-0.8193,-0.7632,-0.6354,-0.4153,-0.3151,-0.5346,-0.7296,-0.8033,-0.8121,-0.7903,-0.7428,-0.6519,-0.4795,-0.1795,0.1519,0.1433,-0.0959,-0.2774,-0.3793,-0.4362,-0.4704,-0.4937,-0.5119,-0.528,-0.5436,-0.5591,-0.5747,-0.5902,-0.6053,-0.6195,-0.6327,-0.6445,-0.8605,-0.8609,-0.8608,-0.8609,-0.8568,-0.8299,-0.7427,-0.5717,-0.4983,-0.6903,-0.8379,-0.8748,-0.8655,-0.845,-0.8145,-0.7441,-0.5902,-0.3257,-0.0398,-0.0179,-0.1852,-0.3196,-0.3967,-0.4403,-0.4674,-0.487,-0.5038,-0.52,-0.5369,-0.5544,-0.5725,-0.5905,-0.608,-0.6244,-0.6393,-0.6524,-0.8653,-0.8629,-0.8597,-0.8635,-0.8841,-0.9123,-0.9218,-0.9135,-0.945,-1.0112,-1.0103,-0.9614,-0.9186,-0.9041,-0.917,-0.8899,-0.7494,-0.5497,-0.3741,-0.3098,-0.3405,-0.388,-0.4231,-0.4467,-0.4639,-0.4788,-0.494,-0.5107,-0.5295,-0.5499,-0.5713,-0.5927,-0.6134,-0.6324,-0.6492,-0.6636,-0.8676,-0.8576,-0.8375,-0.821,-0.8594,-0.9638,-1.0735,-1.1908,-1.3529,-1.3961,-1.2067,-1.0356,-0.953,-0.9472,-1.0502,-1.1091,-0.8822,-0.6761,-0.5425,-0.4686,-0.4399,-0.435,-0.4389,-0.446,-0.455,-0.4662,-0.4807,-0.4991,-0.521,-0.5457,-0.5718,-0.5978,-0.6224,-0.6446,-0.6637,-0.6792,-0.871,-0.8534,-0.8086,-0.7378,-0.7707,-0.9843,-1.1823,-1.355,-1.6979,-1.8715,-1.3549,-1.0607,-0.957,-0.9461,-1.0364,-1.1151,-0.8666,-0.6809,-0.5788,-0.514,-0.4699,-0.4443,-0.4335,-0.4327,-0.4378,-0.4474,-0.4626,-0.4843,-0.5114,-0.5423,-0.5749,-0.6071,-0.637,-0.663,-0.6844,-0.7008,-0.8797,-0.865,-0.824,-0.7585,-0.8055,-1.0545,-1.2848,-1.4162,-1.5429,-1.6243,-1.2585,-1.0183,-0.9431,-0.9616,-0.9312,-0.8556,-0.7204,-0.6102,-0.5593,-0.5042,-0.4516,-0.4178,-0.4048,-0.4063,-0.4134,-0.4231,-0.4399,-0.4666,-0.5014,-0.541,-0.5826,-0.6231,-0.6598,-0.6904,-0.714,-0.7305,-0.8931,-0.8915,-0.8836,-0.8869,-0.9663,-1.1478,-1.3525,-1.4931,-1.4298,-1.284,-1.0895,-0.9622,-0.9156,-0.9722,-0.9171,-0.7167,-0.5664,-0.5723,-0.5658,-0.4672,-0.3911,-0.3526,-0.3516,-0.3716,-0.3907,-0.4001,-0.4162,-0.4486,-0.493,-0.5442,-0.598,-0.6499,-0.6954,-0.7312,-0.7561,-0.7708,-0.9054,-0.9163,-0.9327,-0.9677,-1.0428,-1.1629,-1.3032,-1.4125,-1.3506,-1.1489,-0.9933,-0.9501,-0.9283,-0.7133,-0.7133,-0.4531,-0.2299,-0.4059,-0.4608,-0.3608,-0.2583,-0.2234,-0.2638,-0.3306,-0.3812,-0.3927,-0.4011,-0.4356,-0.4896,-0.5552,-0.6259,-0.6937,-0.7509,-0.792,-0.816,-0.8255,-0.9121,-0.929,-0.9529,-0.99,-1.0455,-1.1169,-1.1874,-1.2181,-1.1535,-1.0244,-0.9295,-0.8762,-0.7479,-0.5096,-0.5609,0.0539,0.7495,0.0148,-0.2449,-0.1617,0.0319,0.0382,-0.1199,-0.2664,-0.3555,-0.3841,-0.3928,-0.4277,-0.492,-0.5773,-0.673,-0.7649,-0.8381,-0.8833,-0.901,-0.8984,-0.9117,-0.9292,-0.9518,-0.9811,-1.0168,-1.0538,-1.079,-1.0721,-1.0195,-0.9453,-0.9073,-0.8904,-0.8264,-0.6888,-0.5494,-0.0313,0.4489,-0.0147,-0.1929,0.0514,0.6007,0.4732,0.0476,-0.1876,-0.2931,-0.3354,-0.3602,-0.408,-0.4937,-0.612,-0.7489,-0.8804,-0.9767,-1.0209,-1.0199,-0.9928,-0.9057,-0.921,-0.9389,-0.9592,-0.98,-0.9966,-1.0014,-0.9864,-0.9515,-0.9135,-0.8997,-0.8827,-0.8945,-0.8882,-0.6761,-0.4423,-0.2861,-0.3432,-0.357,-0.0252,0.6687,0.5151,0.0606,-0.1568,-0.2293,-0.2433,-0.2686,-0.3483,-0.4819,-0.6583,-0.8659,-1.0672,-1.1977,-1.225,-1.1793,-1.1072,-0.8958,-0.9079,-0.9209,-0.9338,-0.9449,-0.9509,-0.9481,-0.9343,-0.912,-0.8898,-0.8747,-0.8673,-0.9044,-0.9027,-0.7823,-0.6948,-0.5713,-0.5704,-0.6495,-0.3826,-0.0377,0.0272,-0.103,-0.1824,-0.1569,-0.0661,-0.0637,-0.2237,-0.4501,-0.7132,-1.0306,-1.3548,-1.5341,-1.5041,-1.3694,-1.2283,-0.8839,-0.8928,-0.9016,-0.9092,-0.9143,-0.915,-0.9097,-0.8981,-0.8822,-0.8656,-0.8515,-0.8426,-0.8421,-0.8389,-0.9039,-0.9413,-0.7088,-0.6152,-0.622,-0.5247,-0.3793,-0.2799,-0.2595,-0.2245,-0.0744,0.2312,0.2933,-0.0737,-0.4257,-0.7669,-1.2046,-1.7028,-1.9375,-1.7941,-1.5379,-1.3241,-0.8711,-0.8773,-0.8828,-0.8867,-0.8882,-0.8862,-0.8801,-0.8699,-0.8569,-0.8428,-0.8293,-0.8178,-0.8106,-0.8191,-0.8823,-0.8941,-0.7289,-0.6182,-0.5909,-0.5933,-0.4993,-0.4179,-0.3676,-0.2915,-0.108,0.2639,0.3465,-0.1384,-0.4759,-0.8019,-1.2608,-1.8388,-2.1006,-1.8967,-1.5915,-1.3542,-0.8582,-0.8622,-0.8652,-0.8667,-0.866,-0.8625,-0.856,-0.8466,-0.835,-0.8221,-0.8089,-0.7963,-0.7866,-0.7845,-0.7899,-0.7658,-0.6903,-0.6189,-0.5855,-0.5697,-0.5273,-0.4918,-0.4603,-0.3958,-0.2953,-0.2408,-0.4024,-0.4659,-0.6018,-0.8235,-1.1468,-1.5694,-1.7999,-1.7025,-1.492,-1.3056,-0.8458,-0.848,-0.8493,-0.849,-0.8468,-0.8425,-0.8358,-0.8268,-0.816,-0.8037,-0.7907,-0.7774,-0.7646,-0.7528,-0.7378,-0.7091,-0.6641,-0.6181,-0.5852,-0.5629,-0.5481,-0.5556,-0.5538,-0.4988,-0.4494,-0.49,-0.6005,-0.6148,-0.7677,-0.8848,-1.0217,-1.2379,-1.3986,-1.4058,-1.3171,-1.2084,-0.834,-0.8349,-0.8348,-0.8333,-0.8302,-0.8253,-0.8185,-0.8098,-0.7994,-0.7876,-0.7747,-0.7609,-0.7463,-0.7301,-0.7103,-0.6839,-0.6514,-0.6184,-0.5909,-0.572,-0.5677,-0.5891,-0.5978,-0.5542,-0.5279,-0.5568,-0.6235,-0.782,-1.0217,-1.001,-0.9793,-1.0554,-1.1447,-1.1787,-1.1557,-1.1041,-0.823,-0.8229,-0.8218,-0.8195,-0.8158,-0.8105,-0.8036,-0.7951,-0.785,-0.7736,-0.761,-0.7471,-0.7319,-0.7149,-0.6951,-0.6719,-0.6461,-0.6205,-0.5982,-0.5821,-0.5762,-0.5819,-0.5827,-0.5691,-0.5703,-0.6083,-0.6975,-0.8773,-1.055,-1.0207,-0.9607,-0.9713,-1.0112,-1.0377,-1.0371,-1.0155]}]