docs/data/wind_grid.json
[{"header":{"la1":42.85,"la2":41.18,"lo1":11.55,"lo2":14.05,"nx":36,"ny":24,"dx":0.07143,"dy":0.07261,"parameterCategory":2,"parameterNumber":2,"parameterNumberName":"eastward_wind","parameterUnit":"m.s-1"},"data":[1.6008,1.5928,1.5837,1.5738,1.5637,1.5545,1.5475,1.5441,1.5454,1.5521,1.5642,1.581,1.6017,1.6246,1.6464,1.6627,1.6697,1.667,1.6576,1.6451,1.6322,1.62,1.6087,1.5982,1.5883,1.5788,1.5696,1.5607,1.552,1.5436,1.5356,1.5279,1.5206,1.5138,1.5076,1.5019,1.6035,1.5939,1.5825,1.5695,1.5556,1.5421,1.5311,1.5248,1.5256,1.5342,1.5506,1.5738,1.6034,1.6376,1.6721,1.6982,1.7071,1.6985,1.6803,1.6601,1.6418,1.6262,1.6127,1.6006,1.5895,1.5789,1.5688,1.5589,1.5493,1.5401,1.5313,1.5229,1.5151,1.5078,1.5011,1.495,1.6078,1.5965,1.5825,1.5656,1.5464,1.5263,1.5084,1.497,1.4962,1.5077,1.5301,1.5616,1.6023,1.6526,1.7082,1.7524,1.7631,1.7408,1.7063,1.6749,1.6503,1.6313,1.6158,1.6024,1.5901,1.5785,1.5673,1.5564,1.5459,1.5358,1.5261,1.517,1.5085,1.5006,1.4935,1.4872,1.6143,1.6017,1.585,1.5636,1.5372,1.5072,1.4774,1.456,1.452,1.4686,1.5004,1.542,1.5942,1.6628,1.7483,1.8236,1.8354,1.7866,1.7287,1.6852,1.6556,1.6344,1.6177,1.6033,1.5901,1.5774,1.5651,1.5532,1.5416,1.5305,1.5199,1.5099,1.5007,1.4923,1.4847,1.478,1.6239,1.6106,1.5917,1.5657,1.531,1.487,1.4373,1.3955,1.3848,1.4131,1.4614,1.5142,1.5741,1.653,1.7607,1.8663,1.8792,1.8058,1.733,1.6856,1.6559,1.6352,1.6185,1.6036,1.5895,1.5757,1.5622,1.549,1.5362,1.524,1.5123,1.5014,1.4914,1.4823,1.4743,1.4673,1.6374,1.6246,1.605,1.5759,1.5335,1.4734,1.3947,1.3145,1.2891,1.3443,1.4194,1.4819,1.5409,1.6126,1.7079,1.8015,1.8191,1.7654,1.7109,1.6754,1.6524,1.6347,1.6189,1.6036,1.5884,1.5733,1.5583,1.5437,1.5296,1.516,1.5032,1.4912,1.4803,1.4706,1.4621,1.4549,1.6553,1.6449,1.6273,1.5985,1.553,1.4824,1.3788,1.2546,1.2088,1.2982,1.3907,1.4512,1.5001,1.5535,1.6178,1.6785,1.7045,1.6954,1.6779,1.6631,1.6497,1.6357,1.6203,1.6039,1.587,1.5701,1.5534,1.537,1.5213,1.5062,1.4921,1.4789,1.467,1.4565,1.4476,1.4402,1.6776,1.672,1.6599,1.6371,1.5967,1.5298,1.429,1.3125,1.2675,1.3205,1.3777,1.4207,1.4555,1.4915,1.5357,1.5837,1.6227,1.6469,1.6591,1.6612,1.6546,1.6413,1.624,1.6049,1.5853,1.5659,1.547,1.5286,1.5111,1.4943,1.4785,1.464,1.451,1.4397,1.4303,1.4229,1.7035,1.7051,1.7027,1.6924,1.6673,1.617,1.5323,1.4246,1.3375,1.3071,1.3375,1.3792,1.4039,1.4254,1.4628,1.5194,1.5827,1.6367,1.6705,1.681,1.6728,1.6539,1.6306,1.6063,1.5827,1.5601,1.5386,1.518,1.4984,1.4796,1.4621,1.4459,1.4316,1.4194,1.4096,1.4023,1.7314,1.7422,1.7532,1.7621,1.7634,1.7435,1.6714,1.4947,1.2078,1.0846,1.2289,1.3272,1.3406,1.3391,1.3767,1.4642,1.5754,1.6732,1.7274,1.7329,1.7085,1.6737,1.6386,1.6065,1.5778,1.5518,1.5276,1.5047,1.4827,1.4617,1.4419,1.4238,1.4079,1.3947,1.3846,1.3776,1.7586,1.7794,1.8057,1.8389,1.8792,1.9183,1.9113,1.6859,0.9116,0.5574,1.1249,1.2958,1.2607,1.2022,1.2434,1.402,1.6085,1.7894,1.8635,1.8304,1.7609,1.6958,1.6436,1.6025,1.5688,1.5397,1.5131,1.4879,1.4635,1.4398,1.4173,1.3965,1.3786,1.3643,1.354,1.3479,1.7822,1.8118,1.8521,1.909,1.9924,2.1168,2.2871,2.3532,1.6262,1.0366,1.2909,1.3095,1.1745,0.9974,1.0304,1.3415,1.7101,2.0741,2.1488,1.9752,1.8135,1.7067,1.6374,1.5897,1.5533,1.5227,1.4946,1.4674,1.4403,1.4133,1.3869,1.3626,1.3419,1.3262,1.3162,1.3116,1.7994,1.8347,1.8837,1.9549,2.0644,2.2421,2.5335,2.8776,2.5315,1.8176,1.5086,1.3174,1.1778,0.8707,0.8889,1.3767,1.8498,2.5067,2.5197,2.077,1.8185,1.6839,1.6099,1.564,1.5299,1.5001,1.4717,1.4429,1.4128,1.3813,1.3495,1.3197,1.2949,1.2776,1.2686,1.2672,1.8089,1.8456,1.8958,1.9668,2.0715,2.2292,2.4533,2.6739,2.4833,1.9529,1.6096,1.2799,1.187,1.2939,1.2976,1.5866,1.9163,2.2484,2.2773,1.9543,1.7232,1.6067,1.5544,1.5244,1.4987,1.4726,1.445,1.415,1.3813,1.3433,1.3028,1.2643,1.2334,1.2142,1.2078,1.2122,1.8104,1.8449,1.8898,1.9494,2.0285,2.1294,2.2367,2.2808,2.1461,1.9285,1.791,1.6219,1.4858,1.4899,1.5234,1.8893,2.2267,2.0077,1.8929,1.7086,1.5296,1.4694,1.4753,1.4764,1.4631,1.4415,1.4154,1.3849,1.3468,1.299,1.2441,1.1906,1.1499,1.1294,1.1294,1.1444,1.8055,1.8353,1.8717,1.916,1.9674,2.0204,2.058,2.0507,1.993,1.9792,2.1468,1.9128,1.7707,1.6273,1.6659,1.8925,2.097,1.8811,1.6976,1.5063,1.2818,1.305,1.4004,1.4326,1.4275,1.408,1.3841,1.3549,1.3122,1.2492,1.1691,1.089,1.0326,1.0138,1.0282,1.0625,1.7961,1.8203,1.8481,1.8789,1.9102,1.9366,1.9496,1.9434,1.934,1.9787,2.1152,1.9658,1.8836,1.8815,1.7702,1.7849,1.785,1.6618,1.5341,1.4368,1.2482,1.2811,1.3764,1.4033,1.393,1.3706,1.3505,1.3288,1.2838,1.1976,1.073,0.9447,0.8648,0.8572,0.9023,0.9689,1.784,1.8031,1.8236,1.8445,1.8637,1.8779,1.8841,1.8836,1.8861,1.9052,1.9218,1.889,1.9,1.9032,1.8274,1.7999,1.6979,1.4874,1.3295,1.4392,1.4099,1.3826,1.3877,1.3806,1.3562,1.3223,1.3089,1.3112,1.2719,1.1531,0.9556,0.7453,0.6355,0.662,0.7623,0.8747,1.7707,1.7855,1.8006,1.8149,1.8271,1.8356,1.8397,1.8407,1.8424,1.8463,1.8456,1.8372,1.8371,1.8427,1.9079,1.94,1.7317,1.5199,1.43,1.5525,1.5019,1.4218,1.3721,1.3479,1.3217,1.2587,1.2448,1.3119,1.292,1.1349,0.8446,0.5267,0.3922,0.4779,0.6457,0.8035,1.7573,1.7686,1.7796,1.7896,1.7977,1.8032,1.8059,1.8066,1.8064,1.8055,1.8026,1.7986,1.7991,1.8168,1.8817,1.8935,1.7372,1.6216,1.6925,1.7551,1.5428,1.3701,1.285,1.2878,1.3178,1.2669,1.252,1.4008,1.3677,1.1691,0.8218,0.4468,0.3031,0.4167,0.6099,0.7823,1.7441,1.7528,1.7609,1.7679,1.7734,1.7769,1.7784,1.7782,1.7768,1.7742,1.7705,1.7668,1.766,1.7727,1.7846,1.7633,1.6879,1.6247,1.6351,1.6171,1.4055,1.1422,1.0376,1.1457,1.3316,1.5151,1.7485,1.6988,1.5007,1.255,0.932,0.6108,0.4695,0.5329,0.6779,0.8204,1.7315,1.7381,1.744,1.7489,1.7525,1.7545,1.7549,1.7539,1.7514,1.7478,1.7431,1.7377,1.7326,1.7271,1.716,1.6863,1.6343,1.576,1.5166,1.3945,1.092,0.6418,0.5143,0.8618,1.2734,1.6573,1.971,1.8473,1.5812,1.3365,1.0845,0.8564,0.7326,0.7341,0.8074,0.8993,1.7196,1.7245,1.7287,1.732,1.7342,1.735,1.7344,1.7324,1.7291,1.7243,1.7182,1.7106,1.7011,1.6881,1.6676,1.6343,1.5848,1.5174,1.4171,1.2294,0.851,0.2925,0.1508,0.6419,1.1512,1.5199,1.7254,1.6959,1.5421,1.3682,1.1945,1.0422,0.9453,0.9176,0.9416,0.9904,1.7083,1.7118,1.7148,1.7168,1.7178,1.7175,1.716,1.7132,1.7089,1.7031,1.6955,1.6857,1.673,1.6556,1.6308,1.595,1.5441,1.4714,1.3605,1.1766,0.8788,0.5322,0.4529,0.7433,1.0998,1.3639,1.507,1.5267,1.463,1.3635,1.2546,1.1558,1.0852,1.0522,1.0524,1.074]},{"header":{"la1":42.85,"la2":41.18,"lo1":11.55,"lo2":14.05,"nx":36,"ny":24,"dx":0.07143,"dy":0.07261,"parameterCategory":2,"parameterNumber":3,"parameterNumberName":"northward_wind","parameterUnit":"m.s-1"},"data":[0.5734,0.5486,0.521,0.4914,0.461,0.4318,0.4068,0.3885,0.3784,0.3755,0.3761,0.3758,0.3711,0.3609,0.3484,0.3403,0.3437,0.3613,0.3895,0.4229,0.4568,0.4889,0.5185,0.5454,0.5699,0.5925,0.6132,0.6325,0.6504,0.6671,0.6826,0.6971,0.7105,0.7229,0.7343,0.7448,0.5722,0.5434,0.5104,0.4733,0.4335,0.3939,0.3593,0.335,0.325,0.3277,0.3366,0.3427,0.3387,0.3219,0.2966,0.2763,0.277,0.3033,0.3458,0.3926,0.4366,0.4756,0.5099,0.5401,0.567,0.5914,0.6137,0.6343,0.6533,0.6709,0.6873,0.7025,0.7165,0.7294,0.7413,0.7521,0.5741,0.5414,0.502,0.4555,0.4025,0.3462,0.2943,0.2581,0.2477,0.2622,0.2883,0.3082,0.3085,0.2826,0.2349,0.1902,0.186,0.2309,0.2982,0.3638,0.4195,0.4655,0.504,0.537,0.566,0.592,0.6157,0.6374,0.6575,0.676,0.6932,0.7091,0.7238,0.7372,0.7494,0.7605,0.5805,0.5443,0.4986,0.4412,0.3704,0.2879,0.2039,0.1413,0.1276,0.1664,0.2274,0.2743,0.2859,0.2523,0.1735,0.0874,0.0767,0.156,0.2581,0.344,0.4097,0.4606,0.5019,0.5367,0.5672,0.5944,0.6192,0.642,0.6631,0.6825,0.7006,0.7172,0.7325,0.7464,0.759,0.7703,0.5929,0.5547,0.5041,0.4361,0.3446,0.2247,0.0828,-0.041,-0.0695,0.0219,0.1524,0.2451,0.2776,0.2468,0.1503,0.029,0.0135,0.1239,0.2484,0.3425,0.4105,0.4621,0.5038,0.5392,0.5704,0.5986,0.6244,0.6482,0.6702,0.6906,0.7095,0.7268,0.7427,0.7571,0.7701,0.7816,0.6125,0.575,0.5231,0.449,0.3405,0.1794,-0.0492,-0.3019,-0.3803,-0.1739,0.0802,0.2316,0.2875,0.2735,0.2011,0.1068,0.0933,0.1803,0.2816,0.3612,0.4213,0.4689,0.509,0.544,0.5756,0.6045,0.6312,0.6559,0.6789,0.7003,0.72,0.7382,0.7547,0.7697,0.7829,0.7946,0.6399,0.6067,0.5592,0.4884,0.3782,0.199,-0.0956,-0.5036,-0.6706,-0.2985,0.0737,0.2529,0.3146,0.3151,0.2817,0.2412,0.2357,0.2766,0.3344,0.3888,0.4362,0.478,0.5157,0.5502,0.5821,0.6118,0.6394,0.6652,0.6893,0.7117,0.7325,0.7516,0.7688,0.7843,0.7979,0.8096,0.6745,0.6494,0.6128,0.5571,0.4682,0.321,0.0763,-0.2629,-0.3935,-0.0863,0.193,0.3148,0.3492,0.346,0.3308,0.3184,0.3203,0.3402,0.3721,0.409,0.4473,0.4852,0.5219,0.5567,0.5895,0.6202,0.6491,0.6761,0.7014,0.7251,0.7471,0.7672,0.7853,0.8013,0.8152,0.8269,0.7141,0.7001,0.6796,0.6481,0.5976,0.5158,0.3925,0.2557,0.2131,0.2899,0.3631,0.3857,0.3712,0.3469,0.3322,0.3313,0.3403,0.3566,0.3806,0.412,0.4488,0.4877,0.5262,0.5629,0.5974,0.6297,0.66,0.6885,0.7154,0.7406,0.764,0.7855,0.8046,0.8213,0.8355,0.847,0.756,0.7543,0.752,0.7482,0.7403,0.7224,0.6833,0.6125,0.528,0.4861,0.4735,0.4278,0.3572,0.2993,0.2823,0.2971,0.3178,0.3351,0.3581,0.3939,0.4384,0.4845,0.5282,0.5685,0.6056,0.6401,0.6722,0.7026,0.7313,0.7584,0.7838,0.8069,0.8275,0.845,0.8593,0.8705,0.7968,0.8068,0.8217,0.844,0.8761,0.9165,0.9426,0.8664,0.5672,0.4371,0.5197,0.435,0.2903,0.1749,0.1698,0.2302,0.2705,0.2777,0.2968,0.3508,0.417,0.4773,0.5291,0.5742,0.6145,0.6513,0.6856,0.7181,0.7491,0.7788,0.8068,0.8323,0.8547,0.8732,0.8876,0.8981,0.8334,0.8527,0.8811,0.9237,0.9884,1.0857,1.2165,1.2831,0.9215,0.6178,0.5906,0.4281,0.1902,-0.0614,-0.0087,0.1613,0.2164,0.1607,0.1673,0.2829,0.3923,0.471,0.5305,0.5802,0.6239,0.6634,0.6999,0.7348,0.7688,0.802,0.8338,0.8628,0.8877,0.9074,0.9217,0.9308,0.8637,0.889,0.9251,0.9782,1.0589,1.1849,1.3793,1.5944,1.3914,0.9536,0.6755,0.4225,0.2113,-0.15,-0.0844,0.164,0.184,-0.0144,-0.0077,0.2355,0.3851,0.4695,0.5315,0.5856,0.6334,0.6756,0.7142,0.7517,0.7897,0.8282,0.8658,0.9001,0.9287,0.9499,0.9634,0.97,0.8869,0.9145,0.9523,1.0053,1.0811,1.19,1.3363,1.4736,1.3639,1.0454,0.7812,0.4054,0.2646,0.1426,0.2355,0.2342,0.1665,0.1021,0.1244,0.3021,0.4019,0.4591,0.5225,0.5871,0.642,0.6867,0.7265,0.7669,0.8106,0.8574,0.9043,0.947,0.9811,1.0039,1.0152,1.0171,0.9035,0.9304,0.9656,1.0114,1.0706,1.1436,1.2198,1.2592,1.2058,1.1301,1.0904,0.9313,0.695,0.7644,0.487,0.1696,-0.1698,0.1976,0.3666,0.41,0.3594,0.3782,0.4855,0.5843,0.6502,0.6941,0.7321,0.7756,0.8287,0.8894,0.952,1.0085,1.0507,1.0743,1.0804,1.0739,0.9145,0.9393,0.9698,1.0067,1.0498,1.096,1.1369,1.1617,1.1863,1.3047,1.6139,1.6012,1.2807,0.8859,0.7033,0.3507,0.0593,0.4169,0.6138,0.4699,0.0861,0.1614,0.437,0.5925,0.6602,0.69,0.7192,0.7683,0.8392,0.9242,1.0133,1.0925,1.1462,1.1677,1.1622,1.1409,0.9215,0.9436,0.9694,0.9989,1.0312,1.0644,1.0963,1.131,1.1931,1.3404,1.5786,1.492,1.4106,1.3737,1.0092,0.8005,0.7434,0.9503,1.0908,0.7334,0.0769,0.1774,0.5004,0.6409,0.6667,0.65,0.6598,0.7279,0.836,0.9623,1.0944,1.2103,1.2793,1.2903,1.2611,1.2157,0.9259,0.9453,0.9673,0.9915,1.0176,1.0449,1.0744,1.1113,1.1671,1.2501,1.3243,1.3329,1.4113,1.4196,1.2308,1.1788,1.1658,1.4821,1.8093,1.3206,0.8177,0.6644,0.7133,0.724,0.6446,0.5188,0.4984,0.636,0.8208,1.0062,1.1982,1.3692,1.4543,1.4379,1.3682,1.2898,0.9285,0.9457,0.9647,0.9854,1.0075,1.0314,1.058,1.0901,1.1304,1.1764,1.2148,1.2406,1.2733,1.3029,1.4531,1.533,1.3695,1.5664,1.7775,1.6855,1.3416,1.0606,0.9269,0.8117,0.5978,0.2622,0.1963,0.5335,0.8286,1.0585,1.3038,1.5363,1.6313,1.5722,1.456,1.3464,0.93,0.9454,0.9621,0.9802,0.9995,1.0205,1.0436,1.0698,1.0993,1.1298,1.1576,1.1834,1.2161,1.2813,1.4305,1.4844,1.4081,1.5576,1.9618,2.1306,1.6114,1.2674,1.0859,0.9265,0.6782,0.2605,0.1739,0.6805,0.9376,1.1181,1.3521,1.5984,1.6934,1.617,1.4858,1.3674,0.9309,0.9447,0.9596,0.9756,0.9928,1.0111,1.031,1.0526,1.0757,1.0993,1.1228,1.1481,1.1814,1.2337,1.3023,1.3412,1.3727,1.5083,1.7594,1.8247,1.554,1.3414,1.2241,1.0907,0.9499,0.945,1.2679,1.2483,1.1442,1.1775,1.3228,1.5032,1.5874,1.5439,1.4459,1.3481,0.9312,0.9438,0.9572,0.9716,0.9868,1.0031,1.0203,1.0387,1.0579,1.0779,1.0989,1.1224,1.1516,1.1887,1.23,1.2684,1.3174,1.4017,1.4972,1.51,1.4318,1.4029,1.3876,1.2591,1.1675,1.3203,1.6432,1.5018,1.2767,1.2175,1.273,1.3703,1.4301,1.4209,1.3677,1.3024,0.9313,0.9427,0.9549,0.9679,0.9816,0.9961,1.0113,1.0273,1.0441,1.0618,1.0807,1.1018,1.1264,1.1549,1.1865,1.2206,1.2617,1.3117,1.356,1.373,1.3856,1.4576,1.4845,1.3483,1.2486,1.3053,1.4194,1.3836,1.2756,1.2221,1.2335,1.2764,1.3104,1.3132,1.2883,1.2493,0.931,0.9416,0.9527,0.9645,0.9769,0.9899,1.0036,1.0179,1.0329,1.0488,1.0658,1.0846,1.1056,1.1291,1.1549,1.1834,1.2151,1.2486,1.279,1.3046,1.3406,1.3968,1.4059,1.3259,1.2544,1.2511,1.2774,1.2687,1.2301,1.2023,1.2011,1.2172,1.2333,1.2363,1.224,1.201]}]