docs/data/wind_grid.json
{"header": {"la1":42.1,"la2":41.55,"lo1":12.1,"lo2":12.95,"nx":50,"ny":50,"dx":0.01735,"dy":0.01122,"parameterCategory":2,"parameterNumber":3,"parameterNumberName":"northward_wind","parameterUnit":"m.s-1"}, "data":
[rows 0 to 39 of 50, columns 0 to 49 of 50]
-3.246,-3.2462,-3.2462,-3.2458,-3.245,-3.2438,-3.2421,-3.24,-3.2374,-3.2342,-3.2304,-3.2261,-3.221,-3.2151,-3.2083,-3.2005,-3.1913,-3.1807,-3.1681,-3.1532,-3.1357,-3.1148,-3.0903,-3.0615,-3.028,-2.9893,-2.9451,-2.8953,-2.8396,-2.7784,-2.7118,-2.6405,-2.5656,-2.4882,-2.4105,-2.3346,-2.2631,-2.1988,-2.1441,-2.1009,-2.0699,-2.0515,-2.0446,-2.0478,-2.0595,-2.0776,-2.1004,-2.1264,-2.1544,-2.1832
-3.2519,-3.2524,-3.2526,-3.2524,-3.2518,-3.2509,-3.2495,-3.2476,-3.2452,-3.2423,-3.2389,-3.2348,-3.2301,-3.2246,-3.2183,-3.2109,-3.2024,-3.1923,-3.1803,-3.166,-3.1489,-3.1284,-3.104,-3.0751,-3.041,-3.0014,-2.9558,-2.904,-2.8459,-2.7814,-2.711,-2.6352,-2.555,-2.4718,-2.3877,-2.3053,-2.2276,-2.1578,-2.0989,-2.053,-2.0211,-2.0034,-1.9987,-2.0051,-2.0205,-2.0426,-2.0694,-2.0992,-2.1307,-2.1626
-3.2579,-3.2586,-3.259,-3.2591,-3.2588,-3.2581,-3.2569,-3.2553,-3.2532,-3.2505,-3.2474,-3.2436,-3.2393,-3.2342,-3.2284,-3.2216,-3.2136,-3.2042,-3.1929,-3.1793,-3.1628,-3.1428,-3.1186,-3.0896,-3.0551,-3.0146,-2.9677,-2.914,-2.8533,-2.7856,-2.7113,-2.6308,-2.545,-2.4556,-2.3647,-2.2752,-2.1906,-2.1147,-2.0511,-2.0023,-1.9696,-1.953,-1.9508,-1.9609,-1.9806,-2.0072,-2.0384,-2.0724,-2.1075,-2.1427
-3.2639,-3.2649,-3.2655,-3.2659,-3.2658,-3.2653,-3.2644,-3.263,-3.2612,-3.2588,-3.2559,-3.2525,-3.2485,-3.2439,-3.2386,-3.2323,-3.225,-3.2163,-3.2058,-3.193,-3.1772,-3.1578,-3.134,-3.1051,-3.0703,-3.029,-2.9808,-2.9251,-2.8619,-2.791,-2.7127,-2.6274,-2.536,-2.44,-2.3418,-2.2445,-2.1523,-2.0697,-2.0009,-1.949,-1.9156,-1.9004,-1.9014,-1.9158,-1.9403,-1.9719,-2.0079,-2.0461,-2.0851,-2.1237
-3.27,-3.2712,-3.2721,-3.2727,-3.2729,-3.2726,-3.272,-3.2708,-3.2692,-3.2671,-3.2646,-3.2615,-3.2578,-3.2536,-3.2488,-3.2432,-3.2366,-3.2287,-3.2191,-3.2072,-3.1923,-3.1736,-3.1504,-3.1216,-3.0866,-3.0446,-2.995,-2.9375,-2.8718,-2.7977,-2.7154,-2.6253,-2.5282,-2.4254,-2.3195,-2.2139,-2.1134,-2.0233,-1.9487,-1.8935,-1.8595,-1.8461,-1.8509,-1.8702,-1.9002,-1.9372,-1.9782,-2.021,-2.0639,-2.1059
-3.2761,-3.2776,-3.2787,-3.2796,-3.28,-3.28,-3.2796,-3.2787,-3.2774,-3.2755,-3.2732,-3.2704,-3.2672,-3.2634,-3.2591,-3.2541,-3.2483,-3.2413,-3.2326,-3.2218,-3.2079,-3.1901,-3.1675,-3.1391,-3.1039,-3.0613,-3.0105,-2.9511,-2.8829,-2.8058,-2.7197,-2.6249,-2.522,-2.4124,-2.2985,-2.184,-2.0745,-1.9761,-1.8952,-1.8364,-1.8019,-1.7908,-1.8,-1.8248,-1.8608,-1.9036,-1.9499,-1.9974,-2.0443,-2.0896
-3.2822,-3.284,-3.2854,-3.2865,-3.2872,-3.2875,-3.2873,-3.2867,-3.2856,-3.284,-3.2819,-3.2794,-3.2765,-3.2731,-3.2693,-3.265,-3.2599,-3.2539,-3.2463,-3.2367,-3.224,-3.2073,-3.1855,-3.1575,-3.1223,-3.079,-3.0271,-2.9659,-2.8954,-2.8152,-2.7255,-2.6262,-2.5178,-2.4015,-2.2795,-2.1559,-2.0366,-1.9292,-1.8414,-1.7787,-1.7439,-1.7356,-1.7497,-1.7807,-1.823,-1.8719,-1.9237,-1.9758,-2.0266,-2.0752
-3.2883,-3.2904,-3.2921,-3.2935,-3.2945,-3.295,-3.2951,-3.2947,-3.2938,-3.2924,-3.2906,-3.2884,-3.2858,-3.2828,-3.2795,-3.2758,-3.2716,-3.2665,-3.2602,-3.2518,-3.2405,-3.2251,-3.2043,-3.1768,-3.1417,-3.0979,-3.0447,-2.9819,-2.909,-2.8261,-2.7329,-2.6296,-2.5162,-2.3935,-2.2636,-2.1306,-2.0011,-1.8841,-1.7886,-1.7219,-1.6868,-1.6817,-1.7013,-1.7389,-1.788,-1.843,-1.9002,-1.9569,-2.0114,-2.0629
-3.2945,-3.2969,-3.2989,-3.3006,-3.3018,-3.3026,-3.303,-3.3028,-3.3021,-3.301,-3.2994,-3.2973,-3.295,-3.2924,-3.2895,-3.2865,-3.2831,-3.2791,-3.274,-3.2671,-3.2573,-3.2433,-3.2237,-3.197,-3.1619,-3.1176,-3.0633,-2.9987,-2.9237,-2.8381,-2.742,-2.6352,-2.5174,-2.3891,-2.2518,-2.1096,-1.9698,-1.8425,-1.739,-1.6678,-1.6326,-1.631,-1.6565,-1.701,-1.7568,-1.8179,-1.8803,-1.9411,-1.999,-2.0532
-3.3007,-3.3034,-3.3057,-3.3077,-3.3092,-3.3103,-3.3109,-3.311,-3.3105,-3.3095,-3.3081,-3.3063,-3.3042,-3.3018,-3.2994,-3.2969,-3.2944,-3.2915,-3.2878,-3.2825,-3.2744,-3.2621,-3.2437,-3.2178,-3.1829,-3.1381,-3.0826,-3.0163,-2.9392,-2.8513,-2.7527,-2.643,-2.5219,-2.389,-2.2454,-2.0947,-1.9447,-1.807,-1.6949,-1.6191,-1.5838,-1.5859,-1.6173,-1.6685,-1.7308,-1.7976,-1.8646,-1.9292,-1.99,-2.0464
-3.307,-3.3099,-3.3126,-3.3149,-3.3167,-3.3181,-3.3189,-3.3192,-3.319,-3.3182,-3.3169,-3.3152,-3.3132,-3.3111,-3.3091,-3.3071,-3.3054,-3.3036,-3.3013,-3.2978,-3.2916,-3.2811,-3.2642,-3.2392,-3.2045,-3.159,-3.1024,-3.0343,-2.9552,-2.8652,-2.7646,-2.6531,-2.5298,-2.3939,-2.2455,-2.0877,-1.9283,-1.7804,-1.6596,-1.5789,-1.5433,-1.5489,-1.586,-1.6434,-1.7115,-1.7832,-1.8541,-1.9216,-1.9847,-2.0428
-3.3132,-3.3165,-3.3195,-3.3221,-3.3243,-3.3259,-3.327,-3.3276,-3.3275,-3.3269,-3.3257,-3.3241,-3.3222,-3.3203,-3.3185,-3.317,-3.3159,-3.3152,-3.3144,-3.3128,-3.3087,-3.3002,-3.285,-3.261,-3.2264,-3.1803,-3.1222,-3.0524,-2.9713,-2.8795,-2.7776,-2.6651,-2.5412,-2.4042,-2.2532,-2.0903,-1.9231,-1.7659,-1.6367,-1.551,-1.5147,-1.5232,-1.565,-1.6276,-1.7002,-1.7756,-1.8493,-1.9189,-1.9834,-2.0425
-3.3195,-3.3231,-3.3265,-3.3294,-3.3319,-3.3339,-3.3353,-3.336,-3.3362,-3.3356,-3.3346,-3.333,-3.3312,-3.3293,-3.3276,-3.3264,-3.326,-3.3263,-3.327,-3.3273,-3.3255,-3.3193,-3.3059,-3.2828,-3.2482,-3.2013,-3.1419,-3.0702,-2.9871,-2.8938,-2.791,-2.6788,-2.5559,-2.4201,-2.2693,-2.1042,-1.9316,-1.7668,-1.6301,-1.5393,-1.5017,-1.5118,-1.5568,-1.6227,-1.6982,-1.7757,-1.8509,-1.9214,-1.9864,-2.0458
-3.3257,-3.3297,-3.3334,-3.3368,-3.3396,-3.3419,-3.3436,-3.3446,-3.3449,-3.3446,-3.3435,-3.342,-3.3401,-3.3381,-3.3365,-3.3355,-3.3354,-3.3366,-3.3387,-3.3411,-3.3418,-3.3381,-3.3265,-3.3043,-3.2697,-3.2218,-3.1607,-3.087,-3.002,-2.9073,-2.8043,-2.6934,-2.5734,-2.4413,-2.2938,-2.13,-1.9556,-1.7858,-1.643,-1.5475,-1.5076,-1.5175,-1.5634,-1.6302,-1.7064,-1.7841,-1.8591,-1.9293,-1.9939,-2.0527
-3.332,-3.3364,-3.3405,-3.3442,-3.3474,-3.3501,-3.3521,-3.3534,-3.3539,-3.3536,-3.3526,-3.351,-3.349,-3.3469,-3.3451,-3.344,-3.3442,-3.346,-3.3495,-3.3538,-3.3571,-3.3561,-3.3465,-3.325,-3.29,-3.2411,-3.1783,-3.1025,-3.0155,-2.9195,-2.8167,-2.7082,-2.5927,-2.467,-2.3263,-2.1678,-1.9957,-1.8247,-1.6781,-1.5782,-1.5348,-1.5422,-1.586,-1.651,-1.7252,-1.801,-1.8742,-1.9427,-2.0058,-2.0633
-3.3382,-3.343,-3.3475,-3.3516,-3.3553,-3.3583,-3.3607,-3.3623,-3.363,-3.3629,-3.3619,-3.3602,-3.3579,-3.3555,-3.3534,-3.3521,-3.3523,-3.3545,-3.3589,-3.3651,-3.3711,-3.3729,-3.3652,-3.3442,-3.3087,-3.2585,-3.194,-3.1161,-3.027,-2.9298,-2.8275,-2.7221,-2.6128,-2.4958,-2.3652,-2.2164,-2.0513,-1.8832,-1.7356,-1.6323,-1.5841,-1.5863,-1.625,-1.6849,-1.7545,-1.8263,-1.8959,-1.9614,-2.0219,-2.0773
-3.3443,-3.3496,-3.3546,-3.3591,-3.3632,-3.3667,-3.3695,-3.3714,-3.3724,-3.3724,-3.3714,-3.3695,-3.367,-3.3642,-3.3616,-3.3598,-3.3597,-3.3619,-3.3669,-3.3746,-3.3831,-3.3878,-3.3818,-3.361,-3.3246,-3.2733,-3.2072,-3.1273,-3.0361,-2.9374,-2.8358,-2.7341,-2.6321,-2.526,-2.4086,-2.2734,-2.1197,-1.9589,-1.8137,-1.7079,-1.654,-1.6486,-1.6791,-1.7311,-1.7937,-1.8593,-1.9238,-1.9851,-2.0421,-2.0945
-3.3505,-3.3562,-3.3616,-3.3667,-3.3713,-3.3753,-3.3785,-3.3808,-3.382,-3.3822,-3.3812,-3.3792,-3.3763,-3.373,-3.3698,-3.3673,-3.3664,-3.3682,-3.3732,-3.3818,-3.3924,-3.3998,-3.3952,-3.374,-3.337,-3.2849,-3.2175,-3.1357,-3.0422,-2.942,-2.8408,-2.743,-2.6493,-2.5555,-2.4536,-2.335,-2.1967,-2.0473,-1.9075,-1.8009,-1.7408,-1.726,-1.7459,-1.7878,-1.8412,-1.8991,-1.9571,-2.0131,-2.0658,-2.1148
-3.3565,-3.3627,-3.3686,-3.3743,-3.3794,-3.3839,-3.3876,-3.3903,-3.3919,-3.3923,-3.3914,-3.3892,-3.386,-3.3821,-3.3781,-3.3746,-3.3727,-3.3735,-3.3779,-3.3864,-3.3981,-3.4075,-3.4037,-3.382,-3.3449,-3.2928,-3.2247,-3.141,-3.0451,-2.9429,-2.8419,-2.7479,-2.6626,-2.582,-2.4969,-2.3971,-2.2769,-2.1419,-2.0105,-1.9047,-1.8388,-1.8139,-1.822,-1.8523,-1.8952,-1.9442,-1.9949,-2.0448,-2.0926,-2.1375
-3.3625,-3.3692,-3.3756,-3.3818,-3.3876,-3.3927,-3.3969,-3.4002,-3.4022,-3.4028,-3.4019,-3.3996,-3.3961,-3.3916,-3.3866,-3.382,-3.3788,-3.3782,-3.3812,-3.3884,-3.3994,-3.4092,-3.4055,-3.384,-3.3481,-3.297,-3.2287,-3.1434,-3.0448,-2.9402,-2.8387,-2.748,-2.6709,-2.6035,-2.5357,-2.4553,-2.3544,-2.2359,-2.1148,-2.0119,-1.9415,-1.9071,-1.9034,-1.9216,-1.9536,-1.9931,-2.0359,-2.0793,-2.1218,-2.1624
-3.3683,-3.3755,-3.3826,-3.3894,-3.3958,-3.4015,-3.4064,-3.4103,-3.4128,-3.4137,-3.413,-3.4106,-3.4067,-3.4016,-3.3957,-3.3898,-3.3849,-3.3825,-3.3836,-3.3886,-3.3967,-3.4041,-3.4,-3.3808,-3.3478,-3.2982,-3.2298,-3.1428,-3.0414,-2.9339,-2.8312,-2.7431,-2.6734,-2.6185,-2.5673,-2.5058,-2.4242,-2.3226,-2.2136,-2.1155,-2.0427,-2.0004,-1.986,-1.9929,-2.0143,-2.0444,-2.0792,-2.1159,-2.1529,-2.189
-3.374,-3.3818,-3.3894,-3.3969,-3.4039,-3.4104,-3.4161,-3.4206,-3.4237,-3.4251,-3.4245,-3.4221,-3.4179,-3.4123,-3.4055,-3.3982,-3.3915,-3.3869,-3.3857,-3.3882,-3.3927,-3.3957,-3.3916,-3.376,-3.3458,-3.2975,-3.2287,-3.1399,-3.0354,-2.9245,-2.82,-2.7334,-2.6701,-2.6263,-2.5901,-2.546,-2.4824,-2.3976,-2.3014,-2.21,-2.1372,-2.0896,-2.0665,-2.0635,-2.0751,-2.0963,-2.1234,-2.1536,-2.1851,-2.2167
-3.3795,-3.3878,-3.3961,-3.4042,-3.4121,-3.4194,-3.4259,-3.4312,-3.435,-3.4369,-3.4366,-3.4342,-3.4297,-3.4236,-3.4161,-3.4076,-3.3989,-3.3918,-3.3881,-3.3884,-3.391,-3.3924,-3.3883,-3.3736,-3.344,-3.2955,-3.2258,-3.1349,-3.0273,-2.9131,-2.8062,-2.7201,-2.6617,-2.6273,-2.6039,-2.5749,-2.5274,-2.4583,-2.3753,-2.2922,-2.2218,-2.1714,-2.142,-2.1311,-2.1344,-2.1477,-2.1677,-2.1918,-2.218,-2.2452
-3.3848,-3.3937,-3.4026,-3.4115,-3.4201,-3.4283,-3.4358,-3.442,-3.4467,-3.4492,-3.4492,-3.4468,-3.4421,-3.4357,-3.4277,-3.4181,-3.4074,-3.3975,-3.391,-3.3894,-3.392,-3.395,-3.3909,-3.3742,-3.3426,-3.2926,-3.2214,-3.1285,-3.0182,-2.9008,-2.7916,-2.7054,-2.6505,-2.6231,-2.6098,-2.593,-2.5594,-2.5046,-2.4345,-2.3607,-2.2949,-2.2442,-2.2111,-2.1943,-2.1908,-2.1975,-2.2112,-2.2297,-2.251,-2.2739
-3.3899,-3.3993,-3.4088,-3.4185,-3.428,-3.4372,-3.4456,-3.453,-3.4586,-3.4619,-3.4623,-3.4599,-3.455,-3.4483,-3.4401,-3.4299,-3.4175,-3.4046,-3.3946,-3.3906,-3.3928,-3.397,-3.393,-3.3744,-3.3404,-3.2884,-3.2155,-3.1211,-3.009,-2.8895,-2.7785,-2.692,-2.6391,-2.6165,-2.6102,-2.6028,-2.5803,-2.5381,-2.4802,-2.4163,-2.3564,-2.3076,-2.2728,-2.2522,-2.2437,-2.2449,-2.2533,-2.2668,-2.2836,-2.3026
-3.3946,-3.4046,-3.4148,-3.4252,-3.4356,-3.4458,-3.4554,-3.464,-3.4708,-3.4751,-3.476,-3.4734,-3.468,-3.4611,-3.4532,-3.443,-3.4294,-3.4134,-3.3993,-3.3918,-3.392,-3.3951,-3.3905,-3.3712,-3.3357,-3.2823,-3.2084,-3.1133,-3.0007,-2.8808,-2.7693,-2.6827,-2.6308,-2.6105,-2.6084,-2.6071,-2.5932,-2.5615,-2.5147,-2.4604,-2.4073,-2.3618,-2.3272,-2.3044,-2.2924,-2.2894,-2.2934,-2.3026,-2.3155,-2.3309
-3.399,-3.4095,-3.4203,-3.4315,-3.4428,-3.4541,-3.465,-3.475,-3.4832,-3.4887,-3.4902,-3.4873,-3.481,-3.4736,-3.4662,-3.457,-3.4431,-3.4243,-3.4057,-3.3935,-3.3899,-3.3899,-3.3837,-3.3639,-3.3279,-3.274,-3.2001,-3.1056,-2.9944,-2.8759,-2.7656,-2.6798,-2.6281,-2.6082,-2.6073,-2.6093,-2.6014,-2.578,-2.5407,-2.4955,-2.4493,-2.4079,-2.3747,-2.3512,-2.3369,-2.3308,-2.3313,-2.3369,-2.3464,-2.3587
-3.403,-3.414,-3.4254,-3.4373,-3.4495,-3.4619,-3.4742,-3.4857,-3.4956,-3.5026,-3.505,-3.5016,-3.4937,-3.4851,-3.4784,-3.4711,-3.4578,-3.437,-3.414,-3.3965,-3.3878,-3.3834,-3.3745,-3.3538,-3.3177,-3.264,-3.1911,-3.0987,-2.9905,-2.8756,-2.7684,-2.6843,-2.6325,-2.6114,-2.6095,-2.6122,-2.6077,-2.5905,-2.561,-2.5236,-2.4839,-2.447,-2.4161,-2.3928,-2.3773,-2.369,-2.3668,-2.3696,-2.3761,-2.3856
-3.4065,-3.418,-3.43,-3.4426,-3.4556,-3.4691,-3.4827,-3.4959,-3.5077,-3.5167,-3.5204,-3.5166,-3.5061,-3.495,-3.4888,-3.4841,-3.4724,-3.4504,-3.4237,-3.401,-3.3866,-3.377,-3.3646,-3.3423,-3.306,-3.2531,-3.182,-3.0929,-2.9893,-2.8798,-2.7774,-2.6961,-2.6442,-2.6207,-2.6161,-2.6174,-2.6143,-2.6012,-2.5777,-2.5469,-2.5131,-2.4806,-2.4522,-2.4298,-2.4139,-2.4042,-2.4,-2.4004,-2.4045,-2.4115
-3.4096,-3.4215,-3.434,-3.4471,-3.461,-3.4754,-3.4903,-3.5051,-3.5191,-3.5305,-3.5362,-3.5325,-3.5185,-3.5029,-3.4964,-3.4944,-3.4848,-3.4627,-3.4334,-3.4064,-3.3866,-3.3717,-3.3552,-3.3309,-3.2941,-3.2422,-3.1735,-3.0886,-2.9907,-2.8878,-2.7915,-2.7137,-2.662,-2.6358,-2.6274,-2.626,-2.6225,-2.6117,-2.5926,-2.5669,-2.5382,-2.5097,-2.484,-2.4629,-2.4471,-2.4365,-2.4309,-2.4294,-2.4316,-2.4365
-3.4121,-3.4243,-3.4372,-3.4509,-3.4654,-3.4807,-3.4967,-3.5131,-3.5291,-3.5431,-3.5517,-3.549,-3.5312,-3.5091,-3.5007,-3.5008,-3.4932,-3.4717,-3.4415,-3.4116,-3.3873,-3.3675,-3.347,-3.3203,-3.2828,-3.2319,-3.1661,-3.0858,-2.9944,-2.8988,-2.8091,-2.7354,-2.6842,-2.6553,-2.6428,-2.638,-2.633,-2.6231,-2.6068,-2.5851,-2.5604,-2.5354,-2.5123,-2.4926,-2.4772,-2.4662,-2.4596,-2.4568,-2.4572,-2.4604
-3.4142,-3.4266,-3.4398,-3.4539,-3.4689,-3.4848,-3.5017,-3.5193,-3.537,-3.5534,-3.565,-3.5645,-3.5441,-3.5144,-3.5023,-3.503,-3.4967,-3.4764,-3.4466,-3.4155,-3.3881,-3.3643,-3.3401,-3.311,-3.2728,-3.2229,-3.16,-3.0846,-2.9999,-2.9118,-2.8288,-2.7594,-2.709,-2.6779,-2.6615,-2.653,-2.6458,-2.6358,-2.6211,-2.6022,-2.5807,-2.5586,-2.5378,-2.5195,-2.5047,-2.4936,-2.4863,-2.4824,-2.4815,-2.4832
-3.4156,-3.4282,-3.4416,-3.4559,-3.4712,-3.4875,-3.5049,-3.5232,-3.542,-3.56,-3.5738,-3.5754,-3.5544,-3.5197,-3.503,-3.5018,-3.4955,-3.4766,-3.4484,-3.4174,-3.3882,-3.3614,-3.3342,-3.303,-3.2642,-3.2154,-3.1554,-3.0849,-3.0066,-2.9257,-2.8493,-2.7843,-2.7351,-2.7022,-2.6823,-2.6702,-2.6606,-2.6498,-2.6359,-2.6189,-2.5997,-2.58,-2.5611,-2.5441,-2.53,-2.519,-2.5112,-2.5065,-2.5046,-2.505
-3.4164,-3.4291,-3.4425,-3.4569,-3.4723,-3.4887,-3.5063,-3.5248,-3.5438,-3.562,-3.5761,-3.5783,-3.5584,-3.5238,-3.5038,-3.4988,-3.4912,-3.4735,-3.4471,-3.4171,-3.3873,-3.3585,-3.3291,-3.2962,-3.2569,-3.2092,-3.1521,-3.0863,-3.0141,-2.94,-2.8697,-2.8088,-2.761,-2.727,-2.7043,-2.689,-2.677,-2.6649,-2.6512,-2.6353,-2.6179,-2.5999,-2.5826,-2.5668,-2.5534,-2.5425,-2.5345,-2.5292,-2.5264,-2.5258
-3.4167,-3.4293,-3.4427,-3.457,-3.4722,-3.4885,-3.5057,-3.5238,-3.5421,-3.5593,-3.5719,-3.5731,-3.5551,-3.5249,-3.504,-3.4949,-3.4853,-3.4681,-3.4435,-3.4148,-3.385,-3.3552,-3.3244,-3.2903,-3.2509,-3.2044,-3.1501,-3.0885,-3.022,-2.954,-2.8893,-2.8324,-2.7862,-2.7515,-2.7266,-2.7087,-2.6944,-2.681,-2.667,-2.6517,-2.6354,-2.6188,-2.6028,-2.588,-2.5751,-2.5645,-2.5563,-2.5505,-2.547,-2.5456
-3.4163,-3.4288,-3.442,-3.4561,-3.471,-3.4868,-3.5034,-3.5206,-3.5375,-3.5527,-3.5629,-3.5625,-3.547,-3.5222,-3.5023,-3.4903,-3.4785,-3.4614,-3.4381,-3.4108,-3.3816,-3.3514,-3.3198,-3.2851,-3.2459,-3.2007,-3.149,-3.0915,-3.03,-2.9675,-2.9078,-2.8545,-2.81,-2.7751,-2.7487,-2.7287,-2.7124,-2.6977,-2.6831,-2.6681,-2.6525,-2.6369,-2.6218,-2.6079,-2.5955,-2.5851,-2.5768,-2.5707,-2.5666,-2.5645
-3.4154,-3.4277,-3.4406,-3.4543,-3.4687,-3.4839,-3.4996,-3.5154,-3.5306,-3.5435,-3.5511,-3.5496,-3.5365,-3.5166,-3.4985,-3.4848,-3.4713,-3.454,-3.4317,-3.4056,-3.3772,-3.3471,-3.3151,-3.2804,-3.2416,-3.1978,-3.1487,-3.0948,-3.0379,-2.9802,-2.925,-2.875,-2.8323,-2.7976,-2.7701,-2.7485,-2.7306,-2.7146,-2.6995,-2.6844,-2.6693,-2.6543,-2.64,-2.6266,-2.6147,-2.6045,-2.5962,-2.5898,-2.5852,-2.5825
-3.414,-3.4259,-3.4385,-3.4516,-3.4655,-3.4798,-3.4943,-3.5087,-3.522,-3.5326,-3.5381,-3.536,-3.5251,-3.5089,-3.4927,-3.4783,-3.4637,-3.4461,-3.4246,-3.3995,-3.3719,-3.3422,-3.3104,-3.2759,-3.2378,-3.1955,-3.1489,-3.0984,-3.0454,-2.9921,-2.9408,-2.8939,-2.8529,-2.8186,-2.7906,-2.7678,-2.7486,-2.7316,-2.7159,-2.7006,-2.6857,-2.6712,-2.6573,-2.6445,-2.6329,-2.6229,-2.6145,-2.6079,-2.6029,-2.5997
-3.412,-3.4235,-3.4356,-3.4483,-3.4613,-3.4747,-3.488,-3.5009,-3.5123,-3.5209,-3.5249,-3.5225,-3.5134,-3.4999,-3.4852,-3.4708,-3.4556,-3.438,-3.417,-3.3928,-3.366,-3.3369,-3.3056,-3.2716,-3.2345,-3.1937,-3.1494,-3.102,-3.0526,-3.0031,-2.9553,-2.9111,-2.8719,-2.8383,-2.81,-2.7864,-2.7662,-2.7484,-2.7321,-2.7166,-2.7018,-2.6875,-2.674,-2.6615,-2.6502,-2.6403,-2.6319,-2.6251,-2.6198,-2.6161
-3.4095,-3.4207,-3.4322,-3.4442,-3.4565,-3.4688,-3.4809,-3.4923,-3.502,-3.509,-3.5118,-3.5093,-3.5015,-3.4899,-3.4766,-3.4625,-3.4471,-3.4295,-3.409,-3.3856,-3.3596,-3.3312,-3.3006,-3.2674,-3.2313,-3.1922,-3.1501,-3.1054,-3.0593,-3.0132,-2.9685,-2.9268,-2.8893,-2.8565,-2.8282,-2.8041,-2.7833,-2.7648,-2.748,-2.7323,-2.7174,-2.7033,-2.6901,-2.6778,-2.6667,-2.6568,-2.6484,-2.6414,-2.6359,-2.6318
