docs/data/wind_grid.json
[{"header":{"la1":42.85,"la2":41.18,"lo1":11.55,"lo2":14.05,"nx":36,"ny":24,"dx":0.07143,"dy":0.07261,"parameterCategory":2,"parameterNumber":2,"parameterNumberName":"eastward_wind","parameterUnit":"m.s-1"},"data":[-0.785,-0.7886,-0.7906,-0.791,-0.7898,-0.7871,-0.7827,-0.7761,-0.7672,-0.7567,-0.7462,-0.7378,-0.7333,-0.7336,-0.7383,-0.7459,-0.7535,-0.7577,-0.755,-0.7441,-0.7271,-0.7092,-0.6959,-0.6894,-0.6885,-0.6902,-0.6924,-0.6938,-0.6941,-0.6934,-0.692,-0.6901,-0.688,-0.6858,-0.6836,-0.6814,-0.8038,-0.809,-0.8121,-0.8131,-0.8124,-0.8105,-0.8068,-0.8,-0.7886,-0.7733,-0.7569,-0.7435,-0.7364,-0.737,-0.745,-0.7582,-0.7725,-0.7816,-0.7783,-0.7588,-0.7268,-0.6943,-0.6741,-0.6697,-0.6752,-0.6833,-0.69,-0.6939,-0.6954,-0.6952,-0.6939,-0.6919,-0.6896,-0.6872,-0.6848,-0.6824,-0.8266,-0.8342,-0.8387,-0.8405,-0.8406,-0.8404,-0.8398,-0.8351,-0.8216,-0.7983,-0.7714,-0.749,-0.7371,-0.7377,-0.7506,-0.7731,-0.7996,-0.8194,-0.8177,-0.7822,-0.7176,-0.6534,-0.6236,-0.6309,-0.6534,-0.674,-0.6877,-0.6948,-0.6976,-0.6976,-0.6961,-0.6939,-0.6913,-0.6886,-0.686,-0.6835,-0.8545,-0.8659,-0.8726,-0.8747,-0.8749,-0.8779,-0.8856,-0.8905,-0.877,-0.8391,-0.7916,-0.7531,-0.7331,-0.7333,-0.7528,-0.7894,-0.8375,-0.882,-0.8916,-0.8296,-0.6918,-0.5513,-0.5133,-0.5638,-0.6249,-0.6659,-0.6879,-0.6979,-0.7011,-0.7008,-0.6988,-0.696,-0.693,-0.69,-0.6872,-0.6845,-0.8889,-0.9068,-0.9174,-0.9189,-0.9161,-0.9216,-0.9475,-0.9828,-0.979,-0.909,-0.8183,-0.7522,-0.7206,-0.72,-0.7472,-0.8025,-0.8859,-0.9841,-1.0406,-0.9504,-0.6609,-0.3325,-0.3139,-0.4819,-0.6056,-0.6675,-0.6945,-0.7044,-0.7064,-0.7048,-0.7018,-0.6982,-0.6947,-0.6914,-0.6882,-0.6854,-0.9308,-0.9607,-0.9802,-0.9806,-0.9661,-0.9644,-1.0172,-1.1319,-1.1705,-1.0181,-0.8417,-0.7372,-0.6941,-0.6933,-0.7276,-0.8015,-0.9295,-1.1256,-1.3252,-1.2465,-0.7638,-0.1836,-0.2038,-0.4801,-0.6294,-0.6893,-0.7101,-0.7148,-0.7132,-0.7093,-0.7048,-0.7003,-0.6963,-0.6925,-0.6892,-0.6862,-0.9786,-1.0301,-1.072,-1.0769,-1.034,-0.9946,-1.0477,-1.2648,-1.3894,-1.0912,-0.8195,-0.6931,-0.6488,-0.65,-0.6874,-0.77,-0.9267,-1.2099,-1.6057,-1.5674,-1.0836,-0.6593,-0.5521,-0.6485,-0.7107,-0.731,-0.7325,-0.7272,-0.7202,-0.7135,-0.7074,-0.7021,-0.6975,-0.6935,-0.69,-0.6869,-1.0248,-1.1074,-1.1969,-1.2312,-1.137,-1.0121,-0.981,-1.1006,-1.1645,-0.9143,-0.7012,-0.6114,-0.5851,-0.5912,-0.6242,-0.699,-0.8467,-1.0947,-1.3807,-1.4163,-1.3757,-1.2421,-0.9935,-0.863,-0.8068,-0.7753,-0.7536,-0.7376,-0.7256,-0.7164,-0.7091,-0.7032,-0.6984,-0.6942,-0.6906,-0.6875,-1.0552,-1.1611,-1.2984,-1.3888,-1.2372,-1.0217,-0.8707,-0.7852,-0.6908,-0.5685,-0.5125,-0.5067,-0.5125,-0.5235,-0.5412,-0.5919,-0.7268,-0.9255,-1.1344,-1.3705,-1.8004,-1.6882,-1.238,-0.986,-0.8641,-0.8006,-0.7644,-0.7421,-0.7274,-0.7172,-0.7096,-0.7037,-0.6988,-0.6947,-0.6911,-0.6879,-1.0597,-1.1656,-1.2824,-1.3411,-1.2503,-1.0232,-0.785,-0.5531,-0.2704,-0.1511,-0.2988,-0.4073,-0.4433,-0.4569,-0.4535,-0.4535,-0.6279,-0.8365,-1.027,-1.2651,-1.5965,-1.5349,-1.2058,-0.9844,-0.8633,-0.7973,-0.7604,-0.7387,-0.7251,-0.7158,-0.7089,-0.7035,-0.6989,-0.6949,-0.6914,-0.6883,-1.0407,-1.1458,-1.2887,-1.4926,-1.4274,-1.0445,-0.7508,-0.4701,0.1412,0.4433,-0.1337,-0.3494,-0.3822,-0.3808,-0.4137,-0.4376,-0.6368,-0.8791,-1.0325,-1.1129,-1.1873,-1.1608,-1.0292,-0.9028,-0.8185,-0.7698,-0.7435,-0.7288,-0.7196,-0.713,-0.7077,-0.7031,-0.699,-0.6951,-0.6917,-0.6886,-0.9997,-1.0965,-1.2454,-1.4483,-1.369,-0.9888,-0.7766,-0.6891,-0.264,0.071,-0.2327,-0.3565,-0.3327,-0.246,-0.3036,-0.4888,-0.7598,-1.191,-1.3225,-1.1356,-1.0155,-0.945,-0.8732,-0.8059,-0.7574,-0.7313,-0.7208,-0.7163,-0.7133,-0.7103,-0.7069,-0.7031,-0.6992,-0.6953,-0.6918,-0.6886,-0.9385,-1.0049,-1.0851,-1.1388,-1.0541,-0.8749,-0.8104,-0.9021,-0.7445,-0.4449,-0.3904,-0.4063,-0.3591,-0.1714,-0.2175,-0.4791,-0.8357,-1.924,-1.9771,-1.2199,-0.925,-0.8097,-0.756,-0.7252,-0.7061,-0.6986,-0.7014,-0.7064,-0.7095,-0.7098,-0.7078,-0.7041,-0.6997,-0.6953,-0.6915,-0.6883,-0.869,-0.9028,-0.9289,-0.9236,-0.8656,-0.7906,-0.7735,-0.821,-0.7336,-0.5219,-0.4326,-0.4535,-0.4601,-0.3929,-0.3776,-0.398,-0.6599,-1.3297,-1.4789,-1.0216,-0.762,-0.6631,-0.6485,-0.6652,-0.6837,-0.6877,-0.6927,-0.7036,-0.7114,-0.7137,-0.7113,-0.7061,-0.7,-0.6945,-0.6902,-0.6872,-0.8035,-0.8154,-0.8165,-0.7981,-0.7594,-0.717,-0.6915,-0.6676,-0.5852,-0.4627,-0.393,-0.3979,-0.4012,-0.3901,-0.4215,-0.4136,-1.1473,-0.8959,-0.8391,-0.6637,-0.4868,-0.4548,-0.5254,-0.6066,-0.6656,-0.6856,-0.6963,-0.7129,-0.7235,-0.7244,-0.7182,-0.7083,-0.6984,-0.691,-0.6865,-0.6843,-0.7475,-0.7472,-0.738,-0.7173,-0.6863,-0.6508,-0.6137,-0.565,-0.4877,-0.3827,-0.2647,-0.37,-0.3739,-0.3771,-0.4346,-0.6561,-0.9881,-0.7046,-0.518,-0.3569,-0.1304,-0.1927,-0.3999,-0.5462,-0.6401,-0.6916,-0.7238,-0.7454,-0.7518,-0.7442,-0.7274,-0.7074,-0.6907,-0.6812,-0.6782,-0.6787,-0.7016,-0.6948,-0.6812,-0.6599,-0.6315,-0.5975,-0.5574,-0.5067,-0.4407,-0.3583,-0.274,-0.3163,-0.2884,-0.2588,-0.3224,-0.3997,-0.448,-0.308,-0.1525,-0.1549,-0.0613,-0.1338,-0.3496,-0.5223,-0.6553,-0.7508,-0.8038,-0.816,-0.802,-0.7732,-0.7349,-0.6953,-0.6678,-0.6588,-0.6623,-0.6695,-0.6644,-0.6541,-0.6385,-0.6172,-0.5903,-0.558,-0.5199,-0.4749,-0.4232,-0.3698,-0.3286,-0.303,-0.2457,-0.2025,-0.072,-0.0047,-0.0859,0.1111,0.4032,0.0655,-0.1099,-0.2161,-0.3689,-0.5475,-0.7359,-0.9023,-0.9677,-0.9329,-0.8735,-0.8091,-0.7342,-0.6584,-0.615,-0.6167,-0.638,-0.6579,-0.6344,-0.6222,-0.6059,-0.585,-0.5595,-0.5296,-0.4952,-0.4564,-0.4145,-0.3725,-0.3324,-0.2869,-0.2156,-0.0511,0.4741,0.7001,0.1766,0.1734,0.3179,0.175,-0.0261,-0.2086,-0.3814,-0.5877,-0.8515,-1.1365,-1.2023,-1.0657,-0.9525,-0.8511,-0.7281,-0.5933,-0.5304,-0.5618,-0.6133,-0.6491,-0.6102,-0.5971,-0.5806,-0.5605,-0.5367,-0.5093,-0.4784,-0.4444,-0.4079,-0.3693,-0.3266,-0.2711,-0.1789,0.017,0.4169,0.5462,0.1981,0.1213,0.2759,0.3529,0.0519,-0.1766,-0.3623,-0.5887,-0.8873,-1.1955,-1.259,-1.1339,-1.0256,-0.9097,-0.7527,-0.5684,-0.4896,-0.5424,-0.61,-0.6519,-0.5907,-0.5773,-0.5612,-0.542,-0.5199,-0.4949,-0.467,-0.4365,-0.4033,-0.3668,-0.3242,-0.2685,-0.1858,-0.0575,0.0967,0.1438,0.0695,0.0552,0.1468,0.1668,-0.0008,-0.1431,-0.2762,-0.5096,-0.8244,-1.1052,-1.2627,-1.2181,-1.1104,-1.0035,-0.8495,-0.6729,-0.5834,-0.6007,-0.6422,-0.6707,-0.575,-0.5618,-0.5462,-0.5281,-0.5077,-0.4847,-0.4595,-0.4318,-0.4016,-0.3678,-0.3285,-0.28,-0.218,-0.1428,-0.0729,-0.0417,-0.0454,-0.0404,-0.0172,-0.0238,-0.0577,-0.0201,-0.0368,-0.3342,-0.7323,-1.1022,-1.3624,-1.2854,-1.2203,-1.152,-0.9967,-0.8312,-0.7278,-0.695,-0.6947,-0.6997,-0.5625,-0.5496,-0.5347,-0.5179,-0.4989,-0.478,-0.4551,-0.4301,-0.4028,-0.3726,-0.3385,-0.2991,-0.2543,-0.2073,-0.167,-0.1428,-0.1328,-0.126,-0.1189,-0.1124,-0.0659,0.106,0.1682,-0.1933,-0.6266,-0.9716,-1.1764,-1.2678,-1.4227,-1.3468,-1.1324,-0.9512,-0.8343,-0.7724,-0.7432,-0.7286,-0.5526,-0.5402,-0.5262,-0.5105,-0.4931,-0.474,-0.4533,-0.4309,-0.4067,-0.3804,-0.3516,-0.3204,-0.2876,-0.2557,-0.2288,-0.2102,-0.1996,-0.1933,-0.1876,-0.1736,-0.1243,-0.0253,-0.0239,-0.262,-0.5797,-0.8523,-1.0573,-1.2569,-1.4481,-1.3738,-1.1692,-1.0006,-0.8875,-0.8175,-0.7757,-0.75]},{"header":{"la1":42.85,"la2":41.18,"lo1":11.55,"lo2":14.05,"nx":36,"ny":24,"dx":0.07143,"dy":0.07261,"parameterCategory":2,"parameterNumber":3,"parameterNumberName":"northward_wind","parameterUnit":"m.s-1"},"data":[-0.6559,-0.6548,-0.6516,-0.6459,-0.6377,-0.6274,-0.6151,-0.6011,-0.5856,-0.5684,-0.5494,-0.5284,-0.5058,-0.4821,-0.4582,-0.4353,-0.415,-0.3994,-0.3902,-0.3877,-0.3903,-0.3946,-0.3966,-0.3949,-0.3903,-0.3847,-0.3799,-0.3766,-0.3753,-0.3757,-0.3775,-0.3805,-0.3843,-0.3887,-0.3935,-0.3984,-0.6743,-0.6743,-0.6715,-0.6655,-0.6565,-0.6447,-0.6308,-0.6154,-0.5988,-0.5806,-0.5601,-0.537,-0.5114,-0.4838,-0.4552,-0.4271,-0.402,-0.3832,-0.3744,-0.3774,-0.3895,-0.4029,-0.409,-0.4053,-0.3957,-0.3853,-0.377,-0.3718,-0.3697,-0.3701,-0.3724,-0.3762,-0.3809,-0.3862,-0.3918,-0.3976,-0.6951,-0.6966,-0.6945,-0.6883,-0.6777,-0.6635,-0.6469,-0.6294,-0.6119,-0.5935,-0.5726,-0.5477,-0.5189,-0.4869,-0.4525,-0.4173,-0.3844,-0.3595,-0.3505,-0.3637,-0.3961,-0.4296,-0.4416,-0.4293,-0.4072,-0.3873,-0.3736,-0.366,-0.3632,-0.3639,-0.367,-0.3718,-0.3776,-0.384,-0.3907,-0.3974,-0.7186,-0.7224,-0.7216,-0.715,-0.7021,-0.6834,-0.6613,-0.6396,-0.6215,-0.6055,-0.5864,-0.5609,-0.5293,-0.4926,-0.4515,-0.4068,-0.3611,-0.3229,-0.3088,-0.3385,-0.4157,-0.498,-0.5156,-0.4734,-0.4234,-0.388,-0.3677,-0.3579,-0.3551,-0.3567,-0.3611,-0.3673,-0.3746,-0.3824,-0.3903,-0.398,-0.745,-0.7523,-0.7539,-0.7474,-0.7312,-0.7049,-0.6711,-0.6381,-0.6189,-0.6122,-0.6012,-0.5775,-0.5436,-0.5027,-0.4551,-0.3986,-0.333,-0.2665,-0.2293,-0.2752,-0.441,-0.644,-0.6512,-0.5282,-0.4326,-0.3809,-0.3562,-0.3464,-0.3449,-0.3484,-0.3549,-0.3631,-0.3722,-0.3816,-0.391,-0.3999,-0.7739,-0.7866,-0.7927,-0.788,-0.7684,-0.7315,-0.6756,-0.6106,-0.5837,-0.6075,-0.6182,-0.5989,-0.5631,-0.5197,-0.468,-0.4009,-0.3096,-0.1916,-0.0849,-0.1218,-0.3824,-0.7427,-0.7262,-0.5259,-0.4095,-0.3574,-0.3364,-0.3306,-0.3327,-0.3393,-0.3486,-0.3594,-0.3707,-0.3821,-0.3931,-0.4034,-0.804,-0.824,-0.8376,-0.8378,-0.8175,-0.7728,-0.6942,-0.5737,-0.5202,-0.6067,-0.6478,-0.6287,-0.5888,-0.5461,-0.4977,-0.4274,-0.3161,-0.1478,0.0499,0.0365,-0.1767,-0.4178,-0.4785,-0.3983,-0.3411,-0.3161,-0.309,-0.3113,-0.319,-0.33,-0.3428,-0.3567,-0.3708,-0.3845,-0.3974,-0.4091,-0.8324,-0.8601,-0.8815,-0.8885,-0.8733,-0.8349,-0.7687,-0.6658,-0.6182,-0.6925,-0.7125,-0.6704,-0.6195,-0.584,-0.556,-0.4976,-0.378,-0.2069,-0.0416,0.0103,0.072,0.0109,-0.152,-0.2303,-0.2562,-0.2683,-0.2788,-0.2909,-0.3051,-0.3211,-0.3383,-0.3559,-0.3732,-0.3895,-0.4044,-0.4176,-0.8561,-0.8889,-0.9084,-0.9083,-0.9155,-0.9054,-0.8854,-0.8727,-0.8873,-0.8967,-0.8265,-0.7212,-0.6472,-0.6318,-0.6699,-0.6535,-0.4953,-0.3051,-0.136,0.0708,0.4295,0.3517,0.0398,-0.1216,-0.1926,-0.2281,-0.2515,-0.2718,-0.2923,-0.3138,-0.3359,-0.3578,-0.3789,-0.3982,-0.4153,-0.4299,-0.874,-0.9153,-0.9432,-0.9525,-0.9858,-0.9822,-1.0006,-1.0782,-1.2293,-1.2518,-0.9957,-0.7647,-0.6543,-0.6646,-0.8736,-0.9995,-0.6295,-0.3699,-0.1963,0.0128,0.2829,0.2511,0.0393,-0.0936,-0.1623,-0.2013,-0.2292,-0.2548,-0.2812,-0.3087,-0.3366,-0.3638,-0.3893,-0.412,-0.4315,-0.4473,-0.8842,-0.9413,-1.0212,-1.146,-1.1328,-1.0562,-1.0953,-1.2263,-1.6154,-1.8322,-1.1452,-0.7611,-0.6275,-0.6272,-0.8197,-0.996,-0.5769,-0.3608,-0.2472,-0.1258,-0.0085,0.0133,-0.0463,-0.109,-0.1524,-0.1824,-0.2093,-0.239,-0.2718,-0.3066,-0.3417,-0.3755,-0.4064,-0.433,-0.4548,-0.4713,-0.8801,-0.9424,-1.032,-1.1405,-1.1301,-1.0885,-1.1764,-1.2884,-1.4201,-1.4992,-1.0031,-0.6824,-0.5913,-0.656,-0.5542,-0.4523,-0.3386,-0.3272,-0.309,-0.2083,-0.1245,-0.0897,-0.0969,-0.1209,-0.1426,-0.1606,-0.1859,-0.2219,-0.2641,-0.3088,-0.3534,-0.3956,-0.4332,-0.4643,-0.488,-0.5043,-0.8595,-0.9115,-0.9729,-1.0261,-1.043,-1.0842,-1.2265,-1.3923,-1.2895,-1.0513,-0.7678,-0.5926,-0.5291,-0.636,-0.4354,-0.113,-0.0875,-0.4432,-0.4659,-0.231,-0.131,-0.0945,-0.0958,-0.113,-0.1233,-0.1276,-0.1552,-0.204,-0.2599,-0.3177,-0.3749,-0.4284,-0.4746,-0.5105,-0.5351,-0.5493,-0.8279,-0.866,-0.9055,-0.9398,-0.9714,-1.0309,-1.1467,-1.2734,-1.1695,-0.852,-0.615,-0.575,-0.5479,-0.1457,-0.0359,0.4542,0.3311,-0.1164,-0.2609,-0.1364,-0.0499,-0.0235,-0.0505,-0.0906,-0.1059,-0.0981,-0.131,-0.1939,-0.264,-0.3374,-0.4115,-0.4806,-0.5381,-0.5788,-0.6018,-0.6099,-0.7919,-0.8186,-0.8447,-0.869,-0.8952,-0.9322,-0.9786,-0.9883,-0.8672,-0.643,-0.4692,-0.3887,-0.256,-0.0162,0.1251,0.6107,0.8322,0.278,0.0105,0.0278,0.1577,0.1601,0.0438,-0.0548,-0.1003,-0.1086,-0.1391,-0.2008,-0.2803,-0.3724,-0.4705,-0.5633,-0.6366,-0.6808,-0.6964,-0.6909,-0.7553,-0.773,-0.7893,-0.8034,-0.8155,-0.8244,-0.8196,-0.7736,-0.6574,-0.4857,-0.3332,-0.2447,-0.257,-0.1836,-0.0046,0.3406,0.6055,0.2277,0.0274,0.1705,0.6197,0.5092,0.1626,-0.0132,-0.0851,-0.1152,-0.1485,-0.2096,-0.3031,-0.4242,-0.5622,-0.695,-0.792,-0.8346,-0.8291,-0.7961,-0.7201,-0.7307,-0.7389,-0.7436,-0.743,-0.7334,-0.7065,-0.6502,-0.5577,-0.4401,-0.3407,-0.3264,-0.4513,-0.501,-0.2323,-0.0481,0.0187,-0.1158,-0.208,0.067,0.6789,0.5437,0.1641,-0.0058,-0.061,-0.0742,-0.104,-0.1855,-0.3172,-0.4909,-0.6991,-0.9059,-1.041,-1.0647,-1.0086,-0.9247,-0.6875,-0.6924,-0.6944,-0.692,-0.6833,-0.6651,-0.6333,-0.5839,-0.5186,-0.4495,-0.4016,-0.4069,-0.5205,-0.5488,-0.4351,-0.387,-0.3129,-0.4699,-0.7096,-0.3043,0.0543,0.1239,0.0227,-0.0397,-0.0179,0.0593,0.0563,-0.0967,-0.3116,-0.5665,-0.8878,-1.2318,-1.4269,-1.3861,-1.2264,-1.0626,-0.6579,-0.6587,-0.6562,-0.6494,-0.6366,-0.6162,-0.5863,-0.547,-0.5016,-0.4586,-0.4306,-0.4304,-0.4607,-0.5067,-0.6999,-0.7962,-0.4994,-0.5069,-0.5995,-0.3969,-0.2316,-0.1347,-0.1145,-0.0865,0.0425,0.3294,0.3892,0.0263,-0.3087,-0.6371,-1.0857,-1.6331,-1.9044,-1.7294,-1.4234,-1.1734,-0.6318,-0.6296,-0.6243,-0.6151,-0.601,-0.5811,-0.5553,-0.5245,-0.4917,-0.4622,-0.4426,-0.4389,-0.4563,-0.5159,-0.6741,-0.7221,-0.5211,-0.4382,-0.4051,-0.3897,-0.3211,-0.2538,-0.2153,-0.1574,-0.0026,0.3539,0.4363,-0.0608,-0.3747,-0.6798,-1.1506,-1.7931,-2.1019,-1.8538,-1.4881,-1.2099,-0.609,-0.6048,-0.5979,-0.5877,-0.5737,-0.5556,-0.5337,-0.5092,-0.4843,-0.4624,-0.4471,-0.4421,-0.4518,-0.4829,-0.5291,-0.5289,-0.4642,-0.4115,-0.3877,-0.3741,-0.3459,-0.3281,-0.311,-0.2644,-0.1974,-0.1911,-0.415,-0.4469,-0.5081,-0.6914,-1.0193,-1.4818,-1.7429,-1.624,-1.374,-1.1563,-0.5893,-0.584,-0.5763,-0.5659,-0.5526,-0.5365,-0.5179,-0.498,-0.4782,-0.4607,-0.4477,-0.4412,-0.4427,-0.4518,-0.4604,-0.4522,-0.4252,-0.3975,-0.3797,-0.3706,-0.3761,-0.4117,-0.4218,-0.3699,-0.352,-0.4667,-0.6821,-0.6183,-0.6294,-0.7073,-0.8576,-1.0992,-1.277,-1.2803,-1.1746,-1.0476,-0.5724,-0.5664,-0.5585,-0.5484,-0.5361,-0.5218,-0.5059,-0.4893,-0.4729,-0.4582,-0.4464,-0.4384,-0.4345,-0.4332,-0.4304,-0.4215,-0.4063,-0.3907,-0.3803,-0.3806,-0.4045,-0.464,-0.4828,-0.4257,-0.4155,-0.4857,-0.5788,-0.6483,-0.7585,-0.7515,-0.7749,-0.8807,-0.985,-1.0214,-0.9923,-0.9312,-0.5579,-0.5517,-0.5438,-0.5342,-0.523,-0.5103,-0.4965,-0.4823,-0.4683,-0.4554,-0.4444,-0.4356,-0.4289,-0.4234,-0.4171,-0.4087,-0.3986,-0.3892,-0.3841,-0.388,-0.4075,-0.44,-0.4499,-0.4313,-0.4376,-0.486,-0.5622,-0.6713,-0.7742,-0.7565,-0.7389,-0.7769,-0.8305,-0.8613,-0.859,-0.8326]}]