docs/data/wind_grid.json
[{"header":{"la1":42.85,"la2":41.18,"lo1":11.55,"lo2":14.05,"nx":36,"ny":24,"dx":0.07143,"dy":0.07261,"parameterCategory":2,"parameterNumber":2,"parameterNumberName":"eastward_wind","parameterUnit":"m.s-1"},"data":[0.7729,0.771,0.768,0.7635,0.7571,0.748,0.7354,0.718,0.6944,0.6634,0.624,0.5755,0.5178,0.4513,0.3773,0.2986,0.2209,0.1523,0.1019,0.0763,0.077,0.1,0.1378,0.1831,0.23,0.2748,0.3156,0.3516,0.3828,0.4094,0.4319,0.4509,0.4669,0.4804,0.4918,0.5016,0.7854,0.7849,0.7835,0.7808,0.7763,0.7693,0.7586,0.7426,0.7192,0.6863,0.6424,0.5867,0.5184,0.4372,0.3433,0.2392,0.1321,0.035,-0.0353,-0.0658,-0.0545,-0.0106,0.0514,0.1192,0.1845,0.2433,0.2943,0.3374,0.3734,0.4033,0.4279,0.4481,0.4648,0.4786,0.4901,0.4998,0.7986,0.7997,0.8001,0.7996,0.7976,0.7934,0.7859,0.7728,0.7509,0.7167,0.6681,0.6043,0.5242,0.4261,0.3076,0.1684,0.0159,-0.1292,-0.2338,-0.2699,-0.235,-0.1523,-0.0506,0.0498,0.1392,0.2147,0.2768,0.3271,0.3677,0.4003,0.4264,0.4473,0.4642,0.4779,0.4891,0.4984,0.8122,0.8151,0.8176,0.8195,0.8203,0.8198,0.8168,0.8086,0.7901,0.7554,0.7017,0.629,0.5369,0.4212,0.2745,0.0892,-0.1332,-0.363,-0.532,-0.5727,-0.4849,-0.3291,-0.1641,-0.0187,0.0997,0.1932,0.2661,0.3228,0.3669,0.4012,0.4279,0.4488,0.4652,0.4782,0.4887,0.4973,0.826,0.831,0.8357,0.8401,0.8439,0.8469,0.849,0.848,0.836,0.8018,0.7419,0.66,0.5568,0.4261,0.253,0.0146,-0.3083,-0.6886,-0.9865,-1.0243,-0.8172,-0.5302,-0.2732,-0.0738,0.0745,0.184,0.2653,0.3262,0.372,0.4066,0.4328,0.4526,0.4678,0.4795,0.4887,0.4963,0.8398,0.8469,0.8542,0.8613,0.8677,0.8732,0.8782,0.8833,0.8805,0.849,0.7834,0.6935,0.5829,0.4443,0.2558,-0.0251,-0.4608,-1.071,-1.6127,-1.6241,-1.1828,-0.7032,-0.3435,-0.0962,0.0736,0.1925,0.2773,0.3388,0.3838,0.4167,0.4408,0.4585,0.4715,0.4812,0.4887,0.4948,0.8533,0.8628,0.8729,0.883,0.8923,0.8992,0.9018,0.9009,0.9009,0.8811,0.8189,0.7256,0.6122,0.4755,0.2924,0.0094,-0.4737,-1.2602,-2.0673,-2.0385,-1.3568,-0.7381,-0.3285,-0.0669,0.105,0.2218,0.3034,0.3612,0.4023,0.4313,0.4517,0.4659,0.4758,0.4827,0.488,0.4923,0.8661,0.8783,0.8916,0.9058,0.9197,0.9307,0.9338,0.9236,0.9158,0.9116,0.8574,0.7577,0.6399,0.5118,0.3555,0.124,-0.2688,-0.9142,-1.5972,-1.6106,-1.0668,-0.5544,-0.2072,0.0187,0.1688,0.2714,0.3427,0.3923,0.4266,0.4496,0.4646,0.474,0.4796,0.4831,0.4856,0.4878,0.8777,0.8926,0.9097,0.9291,0.9503,0.9725,0.9938,1.0134,1.0329,1.0226,0.932,0.7935,0.6572,0.5369,0.4174,0.2625,0.0252,-0.3176,-0.6527,-0.7166,-0.5043,-0.2355,-0.0167,0.1428,0.2562,0.3362,0.3921,0.4303,0.4551,0.4701,0.4781,0.4813,0.4817,0.481,0.4802,0.4803,0.8874,0.9048,0.9257,0.9507,0.9808,1.0176,1.0663,1.1451,1.2691,1.2827,1.0624,0.822,0.6464,0.5285,0.4459,0.3597,0.2377,0.0844,-0.0516,-0.1012,-0.0464,0.0639,0.1793,0.2774,0.3534,0.409,0.4475,0.4721,0.4857,0.4909,0.4902,0.4859,0.48,0.4744,0.4702,0.4681,0.8945,0.9138,0.9377,0.9675,1.0052,1.053,1.1156,1.2255,1.536,1.6908,1.1768,0.807,0.589,0.4617,0.4199,0.3962,0.3325,0.2459,0.1904,0.1852,0.2199,0.2789,0.3441,0.4027,0.4495,0.4832,0.5046,0.515,0.516,0.5098,0.4987,0.4853,0.472,0.4608,0.4531,0.4493,0.8984,0.9186,0.9439,0.9764,1.0186,1.0725,1.1347,1.191,1.3419,1.442,1.0566,0.7385,0.5074,0.3103,0.3377,0.3975,0.3447,0.2086,0.1805,0.2716,0.3595,0.4259,0.4762,0.5135,0.5396,0.5551,0.5606,0.5564,0.5437,0.5243,0.5006,0.4761,0.4539,0.4366,0.4257,0.4213,0.8988,0.9185,0.9432,0.9752,1.0173,1.0727,1.1395,1.1903,1.1683,1.0798,0.8777,0.698,0.5498,0.2655,0.3121,0.4265,0.3447,0.0115,0.0092,0.2942,0.4612,0.5473,0.5916,0.6138,0.6233,0.6232,0.6138,0.5949,0.5668,0.5314,0.492,0.4534,0.4204,0.3966,0.3837,0.3809,0.8959,0.9137,0.9357,0.9636,0.9996,1.046,1.1017,1.1489,1.1068,0.955,0.7992,0.7024,0.6808,0.6662,0.5304,0.5122,0.4488,0.2281,0.2051,0.4393,0.6028,0.6794,0.7048,0.708,0.7014,0.6871,0.6637,0.6295,0.5837,0.5283,0.4679,0.4102,0.3635,0.3335,0.3212,0.324,0.8904,0.9053,0.923,0.9443,0.9696,0.9982,1.0248,1.0295,0.9739,0.8693,0.7791,0.7031,0.6762,0.6999,0.6274,0.5667,0.5231,0.53,0.5605,0.6807,0.7946,0.829,0.8162,0.7956,0.7736,0.7471,0.7112,0.661,0.5941,0.5117,0.4212,0.3358,0.271,0.2362,0.2308,0.2467,0.8831,0.8947,0.9076,0.9216,0.9359,0.9476,0.9505,0.9327,0.8859,0.8353,0.8491,0.6537,0.6448,0.6561,0.6567,0.6272,0.5861,0.6862,0.7888,0.8799,0.9606,0.9514,0.9072,0.8708,0.8387,0.8048,0.7596,0.6931,0.5995,0.4792,0.3423,0.2135,0.1239,0.09,0.1041,0.1462,0.8751,0.8836,0.8922,0.9001,0.906,0.9072,0.8995,0.8785,0.8458,0.8205,0.8334,0.7227,0.5668,0.5221,0.6964,0.7721,0.8136,0.9188,1.0127,1.0183,0.9953,0.9909,0.9695,0.9338,0.898,0.8647,0.8172,0.7335,0.6051,0.4304,0.22,0.0194,-0.1036,-0.1206,-0.0625,0.0254,0.8674,0.8733,0.8785,0.8822,0.8832,0.8796,0.8694,0.8513,0.8274,0.8031,0.7744,0.7089,0.5695,0.5652,0.8681,1.0183,1.0322,1.1329,1.199,1.2032,1.1379,1.0832,1.0433,0.9939,0.9527,0.9363,0.9006,0.7907,0.6152,0.3704,0.0511,-0.2647,-0.427,-0.3926,-0.2541,-0.0998,0.8605,0.8645,0.8674,0.8687,0.8675,0.8626,0.8533,0.8395,0.8222,0.803,0.781,0.7551,0.7464,0.8673,1.2572,1.3991,1.2046,1.2565,1.3547,1.5836,1.4229,1.2517,1.1456,1.0554,0.994,1.0221,1.0228,0.8453,0.6179,0.3158,-0.122,-0.5816,-0.7748,-0.6532,-0.4164,-0.1959,0.8548,0.8575,0.8592,0.8595,0.8577,0.8534,0.8464,0.8371,0.8266,0.8166,0.8103,0.8164,0.8601,0.9973,1.2545,1.3446,1.2681,1.4288,1.9674,2.2107,1.6847,1.4148,1.274,1.1294,0.9994,1.0159,1.0256,0.7709,0.5745,0.294,-0.1771,-0.6992,-0.9023,-0.7404,-0.466,-0.2231,0.8503,0.8523,0.8536,0.8536,0.8523,0.8495,0.8453,0.8405,0.8363,0.8351,0.8409,0.862,0.9122,1.0057,1.124,1.1984,1.2613,1.4449,1.7725,1.8872,1.6788,1.5755,1.4934,1.2715,0.9859,0.7351,0.4608,0.4665,0.4869,0.3159,-0.0531,-0.4743,-0.6672,-0.5755,-0.3685,-0.1668,0.8469,0.8488,0.85,0.8504,0.85,0.8489,0.8475,0.8467,0.8476,0.8527,0.8654,0.8907,0.9344,0.9981,1.0722,1.1444,1.2314,1.3642,1.5205,1.6125,1.686,1.8926,1.9355,1.5469,1.0471,0.576,0.2259,0.3262,0.4428,0.3642,0.1325,-0.1393,-0.2975,-0.2895,-0.1828,-0.0518,0.8446,0.8464,0.8479,0.849,0.8497,0.8503,0.8514,0.8536,0.8584,0.8673,0.883,0.9083,0.9454,0.9943,1.0521,1.1174,1.1961,1.2944,1.4049,1.5297,1.7502,2.1435,2.2549,1.7607,1.1798,0.7275,0.4719,0.4539,0.4841,0.4281,0.2873,0.1213,0.005,-0.0255,0.012,0.0819,0.843,0.8451,0.847,0.8487,0.8506,0.8527,0.8557,0.8603,0.8674,0.8785,0.8952,0.9191,0.9513,0.992,1.0404,1.0971,1.1642,1.2441,1.3401,1.4685,1.6705,1.9262,1.971,1.6552,1.2375,0.9,0.6936,0.6067,0.5643,0.5014,0.4048,0.2976,0.2136,0.1738,0.1764,0.2068]},{"header":{"la1":42.85,"la2":41.18,"lo1":11.55,"lo2":14.05,"nx":36,"ny":24,"dx":0.07143,"dy":0.07261,"parameterCategory":2,"parameterNumber":3,"parameterNumberName":"northward_wind","parameterUnit":"m.s-1"},"data":[0.7778,0.7896,0.8021,0.8149,0.8273,0.838,0.8454,0.8475,0.8429,0.8312,0.8134,0.7909,0.7653,0.7373,0.7076,0.6768,0.6461,0.6172,0.592,0.5715,0.5558,0.5437,0.5337,0.5243,0.5145,0.5039,0.4923,0.4799,0.4669,0.4535,0.44,0.4267,0.4137,0.4013,0.3895,0.3787,0.7868,0.8008,0.8163,0.8332,0.8508,0.8676,0.8807,0.8867,0.8826,0.8678,0.8445,0.8158,0.7841,0.7501,0.714,0.6761,0.6376,0.6015,0.5712,0.5491,0.5349,0.5262,0.5198,0.5133,0.5055,0.4958,0.4845,0.4718,0.4581,0.4439,0.4295,0.4152,0.4014,0.3882,0.3758,0.3644,0.7945,0.8108,0.8297,0.8516,0.8763,0.9023,0.9256,0.9392,0.9364,0.916,0.883,0.8447,0.8049,0.764,0.7204,0.6729,0.6228,0.575,0.5367,0.5132,0.5037,0.5022,0.5025,0.5008,0.4957,0.4873,0.4762,0.463,0.4485,0.4332,0.4177,0.4023,0.3874,0.3733,0.3602,0.3482,0.8003,0.8185,0.8407,0.8681,0.9021,0.9423,0.9837,1.0134,1.0143,0.9818,0.9303,0.8768,0.8273,0.7795,0.7279,0.6682,0.6003,0.5321,0.4793,0.4555,0.4577,0.4707,0.4824,0.4876,0.4859,0.4787,0.4675,0.4535,0.4378,0.4212,0.4042,0.3875,0.3714,0.3563,0.3424,0.3299,0.8037,0.8231,0.8476,0.8799,0.924,0.9836,1.0571,1.1224,1.1341,1.0738,0.9849,0.9082,0.8493,0.7971,0.7392,0.6655,0.5714,0.4663,0.385,0.3643,0.3937,0.4337,0.4622,0.4756,0.4772,0.4707,0.4587,0.4433,0.4259,0.4075,0.3888,0.3705,0.353,0.3367,0.3219,0.3089,0.8042,0.8236,0.8485,0.8829,0.9339,1.0135,1.1336,1.2731,1.3159,1.1906,1.0327,0.9294,0.8678,0.8186,0.7596,0.6741,0.5481,0.3842,0.2474,0.2379,0.3212,0.401,0.448,0.468,0.4709,0.4635,0.4497,0.4322,0.4126,0.3919,0.3711,0.3508,0.3316,0.314,0.2983,0.2847,0.802,0.8198,0.8423,0.8737,0.9225,1.0066,1.1587,1.3878,1.4857,1.2585,1.0318,0.9259,0.8812,0.8473,0.7958,0.7075,0.5617,0.3457,0.1439,0.1485,0.2865,0.3938,0.4477,0.4673,0.4677,0.4572,0.4403,0.4198,0.3972,0.3737,0.3503,0.3277,0.3066,0.2874,0.2707,0.2566,0.7976,0.8127,0.8305,0.8536,0.8875,0.9458,1.0564,1.2353,1.3053,1.1004,0.936,0.8931,0.895,0.8901,0.8541,0.7742,0.6386,0.4422,0.2569,0.2438,0.3463,0.4267,0.4641,0.4734,0.4668,0.451,0.4298,0.4054,0.3792,0.3524,0.3258,0.3004,0.2769,0.2561,0.2383,0.2239,0.7921,0.8043,0.8167,0.8294,0.8426,0.8569,0.873,0.879,0.827,0.7462,0.7641,0.8495,0.9258,0.9592,0.9393,0.8673,0.752,0.6108,0.488,0.4428,0.4594,0.4817,0.4889,0.4822,0.4659,0.4435,0.4172,0.3883,0.3579,0.327,0.2966,0.2678,0.2415,0.2186,0.1998,0.1853,0.7867,0.7967,0.8053,0.8107,0.809,0.7916,0.7371,0.5969,0.3433,0.2667,0.5494,0.8295,0.9985,1.0718,1.0581,0.9743,0.853,0.7298,0.6327,0.5736,0.5443,0.527,0.5095,0.488,0.4624,0.4333,0.4016,0.3678,0.3325,0.2967,0.2616,0.2284,0.1986,0.1734,0.1536,0.1394,0.7819,0.7912,0.7988,0.8029,0.8,0.7818,0.7239,0.5261,-0.102,-0.4046,0.3885,0.8853,1.134,1.2475,1.2202,1.0861,0.9148,0.7635,0.6687,0.617,0.5807,0.5492,0.5187,0.4873,0.4543,0.4194,0.3824,0.3433,0.3024,0.2605,0.2191,0.1802,0.1459,0.118,0.0974,0.0844,0.7778,0.7877,0.7968,0.8047,0.8112,0.8177,0.8276,0.7983,0.3688,0.0498,0.6084,1.0385,1.3002,1.483,1.4129,1.183,0.9188,0.682,0.6001,0.6004,0.5831,0.5521,0.5167,0.4796,0.4412,0.4014,0.3596,0.3149,0.2672,0.2173,0.1673,0.1204,0.08,0.0488,0.0281,0.0176,0.7736,0.7846,0.7963,0.8093,0.8261,0.8542,0.9107,0.996,0.8899,0.7414,0.9278,1.2009,1.3783,1.5595,1.493,1.2134,0.8932,0.4964,0.4694,0.5697,0.5734,0.5458,0.5085,0.4671,0.4242,0.3804,0.3341,0.2834,0.227,0.166,0.1035,0.0448,-0.0042,-0.0393,-0.0588,-0.0641,0.7684,0.7805,0.794,0.8102,0.8315,0.8627,0.9085,0.9558,0.9296,0.913,1.048,1.2902,1.4012,1.7268,1.4036,1.1873,0.9921,0.6622,0.5566,0.5783,0.5705,0.5455,0.5028,0.4532,0.4049,0.3581,0.3085,0.2512,0.1833,0.1057,0.0237,-0.0533,-0.1151,-0.1542,-0.1695,-0.1648,0.7615,0.774,0.7882,0.8049,0.8256,0.8511,0.8796,0.9011,0.9086,0.9389,1.0115,1.1302,1.3207,1.5026,1.2915,1.1966,1.3216,0.9071,0.6445,0.5788,0.6025,0.5861,0.5119,0.4395,0.3843,0.3381,0.2882,0.2239,0.1394,0.0358,-0.0781,-0.1853,-0.266,-0.308,-0.3122,-0.2886,0.7525,0.7646,0.7782,0.7937,0.8117,0.8316,0.8517,0.8698,0.889,0.9153,0.9228,0.9896,1.0338,1.1213,1.0351,1.0386,1.1426,0.7649,0.4978,0.5308,0.7672,0.7147,0.5271,0.4168,0.3624,0.3287,0.2859,0.2131,0.1026,-0.0434,-0.2111,-0.3692,-0.4784,-0.5173,-0.4954,-0.4376,0.7412,0.7522,0.7644,0.7778,0.7924,0.8079,0.8235,0.8393,0.8575,0.8797,0.8976,0.8935,0.6945,0.5714,0.6528,0.599,0.5205,0.2516,0.0605,0.2988,0.7638,0.6926,0.4642,0.3646,0.3455,0.3529,0.3291,0.2393,0.0842,-0.1298,-0.3872,-0.6324,-0.7816,-0.7991,-0.7223,-0.6073,0.7279,0.7373,0.7474,0.7581,0.7692,0.7804,0.7912,0.8014,0.8113,0.8188,0.8109,0.7411,0.5427,0.429,0.1589,-0.0546,-0.0104,-0.2941,-0.6037,-0.2009,0.1936,0.3159,0.2846,0.2842,0.3552,0.4596,0.4687,0.3248,0.0917,-0.2174,-0.6101,-0.9951,-1.192,-1.1473,-0.9731,-0.7774,0.7129,0.7204,0.728,0.7357,0.743,0.7495,0.7544,0.7567,0.7545,0.7423,0.7062,0.6206,0.4625,0.1438,-0.7151,-1.0465,-0.3984,-0.418,-0.6032,-0.5678,-0.2702,-0.0299,0.0845,0.1923,0.3886,0.6761,0.7306,0.4345,0.1023,-0.2907,-0.8302,-1.3873,-1.6206,-1.4721,-1.1812,-0.907,0.6965,0.7019,0.707,0.7114,0.7148,0.7164,0.7151,0.7091,0.6954,0.6675,0.6139,0.5152,0.3352,-0.0235,-0.6595,-0.8623,-0.4592,-0.4578,-0.864,-1.047,-0.5484,-0.2576,-0.1075,0.0577,0.3166,0.6862,0.7598,0.3566,0.0544,-0.3226,-0.9041,-1.5321,-1.7752,-1.5805,-1.2478,-0.9494,0.6793,0.6825,0.6849,0.6862,0.6858,0.6827,0.6757,0.6626,0.6402,0.6026,0.5409,0.441,0.2817,0.0399,-0.2382,-0.3561,-0.3241,-0.4123,-0.6684,-0.7538,-0.5473,-0.4399,-0.3648,-0.1691,0.0748,0.1916,0.0316,0.011,-0.0469,-0.3047,-0.7653,-1.2688,-1.4968,-1.3867,-1.1369,-0.8899,0.6616,0.6627,0.6626,0.661,0.6571,0.65,0.6384,0.62,0.5921,0.5502,0.4882,0.3987,0.275,0.121,-0.031,-0.1331,-0.1993,-0.2955,-0.4209,-0.4946,-0.5566,-0.7487,-0.7957,-0.4793,-0.1576,-0.0724,-0.1818,-0.1314,-0.1136,-0.2673,-0.5617,-0.8841,-1.0675,-1.0546,-0.9235,-0.7612,0.6438,0.6429,0.6407,0.6365,0.6297,0.6194,0.6043,0.5826,0.552,0.5096,0.4518,0.3755,0.2803,0.1723,0.066,-0.0256,-0.1078,-0.1973,-0.2969,-0.4118,-0.6184,-0.9819,-1.0837,-0.6823,-0.3011,-0.1409,-0.1268,-0.1196,-0.1356,-0.2335,-0.407,-0.5977,-0.7268,-0.7553,-0.7034,-0.612,0.6264,0.6237,0.6195,0.6131,0.604,0.5913,0.574,0.5505,0.5193,0.4785,0.4262,0.3616,0.2856,0.2023,0.118,0.0369,-0.0428,-0.1274,-0.2242,-0.3516,-0.5476,-0.7897,-0.8411,-0.6027,-0.3349,-0.183,-0.1293,-0.1197,-0.1406,-0.2038,-0.3053,-0.4171,-0.5019,-0.5364,-0.5219,-0.4747]}]