docs/data/wind_grid.json
{"header": {"la1":42.1,"la2":41.55,"lo1":12.1,"lo2":12.95,"nx":50,"ny":50,"dx":0.01735,"dy":0.01122,"parameterCategory":2,"parameterNumber":3,"parameterNumberName":"northward_wind","parameterUnit":"m.s-1"}, "data":
[rows 0 to 39 of 50, columns 0 to 49 of 50]
-1.7768,-1.783,-1.7896,-1.7966,-1.8041,-1.8121,-1.8207,-1.8296,-1.8391,-1.849,-1.8591,-1.8693,-1.8794,-1.889,-1.8978,-1.9051,-1.9103,-1.9127,-1.9116,-1.9062,-1.8955,-1.8791,-1.8563,-1.8268,-1.7904,-1.7473,-1.6979,-1.6425,-1.582,-1.5173,-1.4493,-1.3792,-1.3082,-1.2378,-1.1695,-1.105,-1.0461,-0.9942,-0.9508,-0.9167,-0.8921,-0.8767,-0.8696,-0.8697,-0.8757,-0.8861,-0.8999,-0.9159,-0.9334,-0.9516
-1.7788,-1.7852,-1.7921,-1.7995,-1.8074,-1.8158,-1.8249,-1.8346,-1.8449,-1.8557,-1.867,-1.8786,-1.8903,-1.9016,-1.9122,-1.9215,-1.9288,-1.9332,-1.9339,-1.93,-1.9205,-1.9046,-1.8816,-1.8513,-1.8134,-1.768,-1.7156,-1.6568,-1.5923,-1.5232,-1.4505,-1.3754,-1.2994,-1.2238,-1.1505,-1.0813,-1.0181,-0.9628,-0.9169,-0.8814,-0.8566,-0.8421,-0.8367,-0.8391,-0.8477,-0.8609,-0.8773,-0.8959,-0.9157,-0.9359
-1.7806,-1.7872,-1.7943,-1.802,-1.8102,-1.8192,-1.8288,-1.8392,-1.8503,-1.8622,-1.8747,-1.8877,-1.901,-1.9142,-1.9269,-1.9384,-1.948,-1.9548,-1.9576,-1.9555,-1.9473,-1.9321,-1.9092,-1.878,-1.8385,-1.7906,-1.7351,-1.6724,-1.6037,-1.5299,-1.4522,-1.372,-1.2906,-1.2096,-1.131,-1.0566,-0.9889,-0.9298,-0.8813,-0.8444,-0.8196,-0.8061,-0.8028,-0.8078,-0.8193,-0.8355,-0.8549,-0.8761,-0.8983,-0.9208
-1.7821,-1.7889,-1.7962,-1.8041,-1.8128,-1.8221,-1.8323,-1.8434,-1.8553,-1.8682,-1.882,-1.8965,-1.9115,-1.9268,-1.9418,-1.9558,-1.968,-1.9774,-1.9828,-1.9828,-1.9763,-1.9621,-1.9392,-1.9072,-1.8658,-1.8154,-1.7563,-1.6896,-1.6163,-1.5375,-1.4546,-1.3689,-1.2819,-1.1954,-1.1111,-1.0314,-0.9587,-0.8956,-0.8442,-0.806,-0.7812,-0.7691,-0.7681,-0.7761,-0.7909,-0.8104,-0.8328,-0.8569,-0.8816,-0.9062
-1.7833,-1.7903,-1.7978,-1.806,-1.8149,-1.8246,-1.8353,-1.847,-1.8598,-1.8737,-1.8888,-1.9048,-1.9217,-1.9392,-1.9567,-1.9735,-1.9887,-2.0011,-2.0094,-2.0121,-2.0076,-1.9946,-1.9719,-1.939,-1.8957,-1.8423,-1.7795,-1.7084,-1.6301,-1.546,-1.4576,-1.3663,-1.2736,-1.1813,-1.0912,-1.0058,-0.9279,-0.8605,-0.8061,-0.7665,-0.7419,-0.7315,-0.7332,-0.7445,-0.7629,-0.7858,-0.8115,-0.8385,-0.8657,-0.8925
-1.7843,-1.7914,-1.799,-1.8074,-1.8166,-1.8267,-1.8378,-1.8501,-1.8637,-1.8786,-1.895,-1.9126,-1.9315,-1.9513,-1.9715,-1.9914,-2.01,-2.0259,-2.0377,-2.0435,-2.0414,-2.0299,-2.0076,-1.9737,-1.9283,-1.8716,-1.8046,-1.7286,-1.645,-1.5554,-1.4613,-1.3643,-1.2658,-1.1676,-1.0716,-0.9804,-0.8971,-0.8251,-0.7675,-0.7264,-0.7022,-0.6937,-0.6985,-0.7135,-0.7356,-0.7622,-0.7912,-0.8211,-0.8508,-0.8797
-1.785,-1.7921,-1.7999,-1.8084,-1.8178,-1.8282,-1.8397,-1.8526,-1.8669,-1.8828,-1.9004,-1.9197,-1.9406,-1.9629,-1.986,-2.0094,-2.0318,-2.0518,-2.0676,-2.0771,-2.078,-2.0683,-2.0464,-2.0116,-1.9637,-1.9034,-1.8317,-1.7504,-1.6611,-1.5656,-1.4656,-1.3628,-1.2586,-1.1547,-1.0529,-0.9559,-0.867,-0.7902,-0.7292,-0.6866,-0.6629,-0.6567,-0.6648,-0.6837,-0.7098,-0.7401,-0.7724,-0.8052,-0.8373,-0.8682
-1.7854,-1.7925,-1.8004,-1.809,-1.8185,-1.8291,-1.841,-1.8543,-1.8693,-1.8862,-1.905,-1.9259,-1.9489,-1.9738,-2.0002,-2.0273,-2.054,-2.0787,-2.0992,-2.113,-2.1175,-2.1101,-2.0889,-2.0529,-2.0022,-1.9376,-1.8608,-1.7736,-1.6781,-1.5764,-1.4704,-1.3618,-1.2522,-1.1428,-1.0355,-0.9329,-0.8384,-0.7568,-0.6923,-0.6482,-0.6251,-0.6212,-0.6329,-0.6558,-0.6859,-0.72,-0.7555,-0.791,-0.8254,-0.8581
-1.7855,-1.7926,-1.8004,-1.8091,-1.8187,-1.8295,-1.8416,-1.8553,-1.8709,-1.8885,-1.9085,-1.9311,-1.9562,-1.9838,-2.0136,-2.0448,-2.0763,-2.1063,-2.1324,-2.1515,-2.1603,-2.1557,-2.1353,-2.0979,-2.0438,-1.9744,-1.8916,-1.7979,-1.6957,-1.5875,-1.4754,-1.3613,-1.2465,-1.1323,-1.0201,-0.9123,-0.8126,-0.726,-0.658,-0.6123,-0.5899,-0.5885,-0.6038,-0.6308,-0.6649,-0.7024,-0.7409,-0.7789,-0.8153,-0.8497
-1.7853,-1.7923,-1.8001,-1.8087,-1.8183,-1.8292,-1.8414,-1.8554,-1.8715,-1.8899,-1.9109,-1.935,-1.9622,-1.9926,-2.0259,-2.0616,-2.0985,-2.1346,-2.1672,-2.1926,-2.2067,-2.2055,-2.1859,-2.1468,-2.0887,-2.0136,-1.924,-1.823,-1.7136,-1.5985,-1.4803,-1.3609,-1.2416,-1.1234,-1.0072,-0.8951,-0.7907,-0.6996,-0.628,-0.5807,-0.5589,-0.56,-0.5789,-0.6096,-0.6473,-0.688,-0.7291,-0.7692,-0.8072,-0.843
-1.7848,-1.7917,-1.7994,-1.8079,-1.8174,-1.8282,-1.8405,-1.8546,-1.871,-1.89,-1.912,-1.9374,-1.9666,-1.9998,-2.0369,-2.0774,-2.1202,-2.1632,-2.2034,-2.2364,-2.2569,-2.2599,-2.2413,-2.2,-2.1369,-2.0549,-1.9576,-1.8485,-1.7312,-1.6089,-1.4846,-1.3602,-1.2372,-1.1161,-0.9973,-0.8821,-0.774,-0.679,-0.6042,-0.5553,-0.534,-0.5373,-0.5592,-0.5933,-0.634,-0.6772,-0.7204,-0.7621,-0.8015,-0.8383
-1.784,-1.7907,-1.7982,-1.8065,-1.8159,-1.8265,-1.8387,-1.8529,-1.8694,-1.8888,-1.9115,-1.9382,-1.9693,-2.0052,-2.046,-2.0915,-2.1407,-2.1915,-2.2406,-2.2827,-2.3113,-2.3194,-2.3019,-2.2574,-2.1881,-2.0979,-1.9917,-1.8736,-1.7478,-1.618,-1.4875,-1.3586,-1.2328,-1.1101,-0.9904,-0.8739,-0.7637,-0.6658,-0.5883,-0.538,-0.5169,-0.5218,-0.5461,-0.5827,-0.6256,-0.6707,-0.7153,-0.758,-0.7982,-0.8356
-1.7828,-1.7894,-1.7967,-1.8047,-1.8138,-1.8242,-1.8362,-1.8501,-1.8666,-1.8861,-1.9094,-1.937,-1.9698,-2.0082,-2.0528,-2.1034,-2.1594,-2.2189,-2.2783,-2.3315,-2.37,-2.3845,-2.368,-2.3192,-2.2418,-2.1419,-2.0254,-1.8975,-1.7626,-1.6249,-1.4882,-1.3552,-1.2276,-1.105,-0.9863,-0.8708,-0.7606,-0.6615,-0.5822,-0.5306,-0.5093,-0.5151,-0.5407,-0.5787,-0.6227,-0.6686,-0.7139,-0.757,-0.7975,-0.835
-1.7815,-1.7878,-1.7947,-1.8025,-1.8112,-1.8212,-1.8327,-1.8464,-1.8626,-1.882,-1.9054,-1.9337,-1.9678,-2.0085,-2.0566,-2.1123,-2.1754,-2.2443,-2.3154,-2.3819,-2.433,-2.4556,-2.4399,-2.3849,-2.297,-2.1855,-2.0576,-1.9191,-1.7746,-1.6286,-1.4855,-1.349,-1.2204,-1.0995,-0.9841,-0.8724,-0.7648,-0.6666,-0.5869,-0.5344,-0.5125,-0.5181,-0.5437,-0.5817,-0.6256,-0.6713,-0.7163,-0.7591,-0.7993,-0.8366
-1.7798,-1.7858,-1.7924,-1.7998,-1.808,-1.8175,-1.8285,-1.8416,-1.8572,-1.8763,-1.8995,-1.9281,-1.9631,-2.0056,-2.0568,-2.1174,-2.1875,-2.2661,-2.3504,-2.4329,-2.4999,-2.5329,-2.5175,-2.4534,-2.3521,-2.2269,-2.0867,-1.937,-1.7825,-1.6279,-1.4785,-1.3384,-1.2099,-1.0922,-0.9825,-0.8772,-0.7753,-0.6808,-0.6026,-0.5499,-0.527,-0.5312,-0.5553,-0.5918,-0.6343,-0.6787,-0.7225,-0.7643,-0.8036,-0.8402
-1.778,-1.7836,-1.7898,-1.7967,-1.8044,-1.8132,-1.8235,-1.8358,-1.8507,-1.8689,-1.8916,-1.92,-1.9553,-1.9991,-2.0529,-2.1176,-2.1943,-2.2827,-2.3808,-2.4819,-2.5693,-2.6161,-2.6,-2.5225,-2.404,-2.2634,-2.1106,-1.9499,-1.7852,-1.6218,-1.4656,-1.3222,-1.1943,-1.0812,-0.9791,-0.8831,-0.7901,-0.7023,-0.6278,-0.576,-0.5519,-0.5537,-0.575,-0.6086,-0.6484,-0.6904,-0.7322,-0.7724,-0.8104,-0.8458
-1.7759,-1.7812,-1.7869,-1.7932,-1.8003,-1.8083,-1.8178,-1.8291,-1.8429,-1.86,-1.8817,-1.9093,-1.9443,-1.9886,-2.044,-2.1122,-2.1943,-2.2914,-2.4032,-2.5247,-2.6377,-2.7032,-2.6847,-2.5878,-2.4482,-2.2916,-2.127,-1.9561,-1.7816,-1.6091,-1.4458,-1.2987,-1.1716,-1.0641,-0.9715,-0.8872,-0.8061,-0.7282,-0.6599,-0.6104,-0.5854,-0.5842,-0.6017,-0.6312,-0.6672,-0.706,-0.7451,-0.7831,-0.8193,-0.8533
-1.7736,-1.7785,-1.7838,-1.7895,-1.7958,-1.803,-1.8114,-1.8215,-1.834,-1.8496,-1.8698,-1.8959,-1.9299,-1.9738,-2.0299,-2.1001,-2.1861,-2.2898,-2.4127,-2.5543,-2.6977,-2.7885,-2.7648,-2.641,-2.4779,-2.3074,-2.1336,-1.9544,-1.7709,-1.589,-1.418,-1.2666,-1.1402,-1.0387,-0.9568,-0.8862,-0.8196,-0.7544,-0.695,-0.6496,-0.6245,-0.6204,-0.6334,-0.6582,-0.6899,-0.7248,-0.7607,-0.7961,-0.8301,-0.8624
-1.7712,-1.7757,-1.7804,-1.7855,-1.7911,-1.7973,-1.8046,-1.8133,-1.8241,-1.8379,-1.8559,-1.8799,-1.912,-1.9545,-2.01,-2.0807,-2.1686,-2.2754,-2.4043,-2.56,-2.7339,-2.8569,-2.8248,-2.6681,-2.4848,-2.3066,-2.1287,-1.9439,-1.7524,-1.5611,-1.3815,-1.2249,-1.0986,-1.0031,-0.9326,-0.8772,-0.8271,-0.7769,-0.7288,-0.6895,-0.6657,-0.6593,-0.6681,-0.6881,-0.7152,-0.746,-0.7784,-0.8109,-0.8425,-0.8729
-1.7687,-1.7728,-1.7769,-1.7814,-1.7861,-1.7914,-1.7974,-1.8046,-1.8135,-1.825,-1.8405,-1.8616,-1.8907,-1.9306,-1.9841,-2.0538,-2.1412,-2.2469,-2.3736,-2.5294,-2.7196,-2.8733,-2.8317,-2.649,-2.4608,-2.2869,-2.1116,-1.9246,-1.7263,-1.5255,-1.3363,-1.1733,-1.0462,-0.9565,-0.8977,-0.8582,-0.8258,-0.7924,-0.7574,-0.7264,-0.7055,-0.6981,-0.7036,-0.7193,-0.742,-0.7688,-0.7976,-0.8271,-0.8563,-0.8845
-1.7662,-1.7697,-1.7734,-1.7772,-1.7811,-1.7853,-1.7901,-1.7956,-1.8024,-1.8114,-1.8237,-1.8412,-1.8663,-1.9023,-1.9524,-2.0194,-2.1042,-2.2051,-2.3206,-2.4551,-2.6218,-2.7737,-2.7336,-2.5654,-2.4035,-2.2491,-2.0832,-1.8973,-1.6935,-1.483,-1.2833,-1.1127,-0.9838,-0.8993,-0.8522,-0.8289,-0.8147,-0.7989,-0.7786,-0.7574,-0.7414,-0.7347,-0.7381,-0.7504,-0.7692,-0.7923,-0.8177,-0.8443,-0.8709,-0.8971
-1.7636,-1.7667,-1.7699,-1.773,-1.7761,-1.7794,-1.7828,-1.7866,-1.7913,-1.7974,-1.8061,-1.8192,-1.8393,-1.8699,-1.915,-1.9778,-2.0585,-2.1528,-2.2514,-2.3465,-2.4381,-2.5156,-2.5055,-2.4232,-2.3211,-2.1981,-2.0463,-1.8636,-1.6553,-1.4354,-1.2247,-1.0456,-0.914,-0.8342,-0.7984,-0.791,-0.7948,-0.7967,-0.7916,-0.7815,-0.7719,-0.7674,-0.7703,-0.7802,-0.7959,-0.8158,-0.8382,-0.862,-0.8863,-0.9104
-1.761,-1.7637,-1.7664,-1.7689,-1.7713,-1.7736,-1.7758,-1.778,-1.7804,-1.7836,-1.7884,-1.7964,-1.8103,-1.834,-1.8723,-1.9294,-2.0056,-2.0936,-2.1768,-2.2318,-2.2368,-2.2111,-2.241,-2.268,-2.2322,-2.1415,-2.0044,-1.8258,-1.6141,-1.3854,-1.164,-0.9763,-0.8417,-0.7661,-0.741,-0.7486,-0.7692,-0.7878,-0.7974,-0.7987,-0.7965,-0.7957,-0.7992,-0.808,-0.8216,-0.8388,-0.8586,-0.88,-0.902,-0.9242
-1.7584,-1.7608,-1.763,-1.765,-1.7668,-1.7682,-1.7693,-1.77,-1.7704,-1.7706,-1.7713,-1.7736,-1.7802,-1.7953,-1.8249,-1.8747,-1.9462,-2.0308,-2.1061,-2.1396,-2.1026,-2.037,-2.0773,-2.1516,-2.1546,-2.0866,-1.9609,-1.7862,-1.5722,-1.3367,-1.1063,-0.9109,-0.7736,-0.7018,-0.6862,-0.707,-0.7423,-0.7756,-0.7984,-0.8106,-0.816,-0.8196,-0.8249,-0.8335,-0.8457,-0.861,-0.8787,-0.8978,-0.9179,-0.9382
-1.7559,-1.758,-1.7598,-1.7614,-1.7626,-1.7633,-1.7635,-1.763,-1.7617,-1.7593,-1.7559,-1.7521,-1.7502,-1.7548,-1.7733,-1.814,-1.8807,-1.9652,-2.0425,-2.077,-2.0465,-1.9966,-2.0249,-2.0869,-2.0956,-2.0368,-1.9182,-1.7468,-1.5325,-1.2931,-1.0568,-0.8564,-0.7176,-0.6491,-0.6411,-0.6721,-0.7188,-0.7636,-0.7974,-0.819,-0.8316,-0.8399,-0.8476,-0.8567,-0.8683,-0.8822,-0.8981,-0.9155,-0.9337,-0.9524
-1.7534,-1.7553,-1.7568,-1.758,-1.7588,-1.7591,-1.7587,-1.7574,-1.7548,-1.7503,-1.7432,-1.7333,-1.7219,-1.7139,-1.7186,-1.7477,-1.8088,-1.8957,-1.9822,-2.0326,-2.0292,-2.0064,-2.0214,-2.0544,-2.0513,-1.9925,-1.8772,-1.7093,-1.4972,-1.2582,-1.0208,-0.8191,-0.6806,-0.6148,-0.6117,-0.649,-0.7029,-0.7554,-0.7971,-0.8261,-0.8449,-0.8575,-0.8677,-0.8779,-0.8893,-0.9023,-0.9169,-0.9327,-0.9494,-0.9666
-1.7511,-1.7527,-1.754,-1.755,-1.7556,-1.7556,-1.7549,-1.7533,-1.7502,-1.7445,-1.7347,-1.7189,-1.697,-1.6739,-1.6617,-1.6768,-1.7312,-1.8212,-1.92,-1.9907,-2.0154,-2.0149,-2.0222,-2.0319,-2.0143,-1.9516,-1.8383,-1.6749,-1.4682,-1.2345,-1.0015,-0.8032,-0.6671,-0.6032,-0.6017,-0.6408,-0.6972,-0.7534,-0.7997,-0.8337,-0.8572,-0.8735,-0.886,-0.8973,-0.9089,-0.9214,-0.935,-0.9495,-0.9649,-0.9807
-1.7489,-1.7503,-1.7515,-1.7523,-1.7528,-1.7528,-1.7523,-1.7509,-1.7481,-1.7425,-1.7315,-1.7109,-1.6777,-1.6365,-1.604,-1.6031,-1.6502,-1.7429,-1.8533,-1.9423,-1.9896,-2.0056,-2.0109,-2.007,-1.9788,-1.9126,-1.8015,-1.6444,-1.4464,-1.2228,-0.9997,-0.8092,-0.6776,-0.6147,-0.6117,-0.6484,-0.703,-0.7589,-0.8067,-0.8433,-0.8697,-0.8887,-0.9032,-0.9155,-0.9274,-0.9395,-0.9523,-0.9659,-0.9801,-0.9947
-1.7467,-1.7481,-1.7492,-1.75,-1.7505,-1.7507,-1.7506,-1.7501,-1.7486,-1.7446,-1.7347,-1.7114,-1.6667,-1.6038,-1.5475,-1.5304,-1.5713,-1.6662,-1.7847,-1.887,-1.9503,-1.9787,-1.9859,-1.9761,-1.9421,-1.8746,-1.7672,-1.6181,-1.4319,-1.2224,-1.0136,-0.8345,-0.709,-0.6465,-0.6396,-0.6705,-0.7198,-0.7722,-0.8186,-0.8555,-0.8833,-0.9039,-0.9198,-0.9329,-0.945,-0.9569,-0.9691,-0.9818,-0.9949,-1.0085
-1.7447,-1.746,-1.7471,-1.7479,-1.7486,-1.7492,-1.7499,-1.7506,-1.7512,-1.7506,-1.7444,-1.722,-1.6669,-1.5784,-1.4957,-1.4651,-1.5034,-1.5996,-1.7214,-1.8302,-1.9032,-1.9404,-1.9512,-1.9401,-1.9044,-1.8379,-1.7357,-1.5962,-1.4239,-1.2313,-1.0396,-0.8742,-0.756,-0.6936,-0.6814,-0.7045,-0.746,-0.7925,-0.8354,-0.8709,-0.8986,-0.9197,-0.9362,-0.9499,-0.9621,-0.9737,-0.9854,-0.9973,-1.0095,-1.0221
-1.7428,-1.744,-1.7451,-1.7461,-1.747,-1.7481,-1.7496,-1.7519,-1.7552,-1.759,-1.7594,-1.7425,-1.6806,-1.5647,-1.4557,-1.4173,-1.4563,-1.5517,-1.6706,-1.7787,-1.8553,-1.8977,-1.9119,-1.9018,-1.8668,-1.8031,-1.7073,-1.5786,-1.4213,-1.2469,-1.0735,-0.9228,-0.8126,-0.7505,-0.7326,-0.747,-0.7796,-0.8187,-0.8566,-0.8892,-0.9156,-0.9364,-0.953,-0.9667,-0.9788,-0.9901,-1.0012,-1.0124,-1.0239,-1.0355
-1.7409,-1.7421,-1.7432,-1.7444,-1.7456,-1.7472,-1.7496,-1.7534,-1.7594,-1.7678,-1.7756,-1.768,-1.7058,-1.5679,-1.4391,-1.398,-1.4371,-1.5267,-1.6363,-1.7374,-1.812,-1.856,-1.8722,-1.8638,-1.8307,-1.7709,-1.6822,-1.5648,-1.4229,-1.2666,-1.1115,-0.9756,-0.8735,-0.8121,-0.7889,-0.7947,-0.8182,-0.8494,-0.8814,-0.9102,-0.9344,-0.9541,-0.9701,-0.9835,-0.9953,-1.0062,-1.0167,-1.0273,-1.0379,-1.0487
-1.739,-1.7403,-1.7415,-1.7427,-1.7442,-1.7462,-1.7494,-1.7544,-1.7624,-1.7742,-1.7877,-1.7881,-1.7316,-1.5889,-1.4544,-1.4117,-1.4453,-1.5231,-1.6182,-1.7076,-1.7761,-1.8183,-1.835,-1.8279,-1.7972,-1.7418,-1.6605,-1.5543,-1.4273,-1.2883,-1.1506,-1.0286,-0.9346,-0.8744,-0.8468,-0.8449,-0.8598,-0.8832,-0.9089,-0.9334,-0.9547,-0.9727,-0.9877,-1.0004,-1.0117,-1.022,-1.032,-1.0418,-1.0518,-1.0618
-1.7372,-1.7385,-1.7397,-1.7411,-1.7427,-1.7451,-1.7487,-1.7543,-1.7632,-1.7761,-1.791,-1.7937,-1.7441,-1.6173,-1.4948,-1.4504,-1.4731,-1.5349,-1.6129,-1.6883,-1.748,-1.7862,-1.8019,-1.7955,-1.7671,-1.716,-1.6421,-1.5466,-1.4334,-1.3105,-1.1885,-1.0794,-0.9931,-0.9347,-0.9037,-0.8953,-0.9025,-0.9186,-0.9383,-0.9581,-0.9763,-0.9922,-1.0058,-1.0175,-1.028,-1.0377,-1.047,-1.0562,-1.0654,-1.0747
-1.7354,-1.7367,-1.7379,-1.7394,-1.7411,-1.7436,-1.7473,-1.753,-1.7616,-1.7733,-1.7853,-1.7845,-1.7407,-1.6405,-1.5413,-1.4982,-1.5095,-1.5549,-1.6159,-1.677,-1.727,-1.7598,-1.7733,-1.7669,-1.7405,-1.6937,-1.6267,-1.541,-1.4406,-1.3319,-1.2241,-1.1266,-1.0476,-0.9914,-0.9581,-0.9444,-0.945,-0.9545,-0.9686,-0.9839,-0.9988,-1.0123,-1.0242,-1.0348,-1.0444,-1.0534,-1.0619,-1.0704,-1.0788,-1.0874
-1.7336,-1.7348,-1.7361,-1.7375,-1.7393,-1.7418,-1.7453,-1.7504,-1.7577,-1.7666,-1.7737,-1.7679,-1.7297,-1.6551,-1.5805,-1.5427,-1.5457,-1.5772,-1.6232,-1.6712,-1.7115,-1.7384,-1.7491,-1.7422,-1.7174,-1.6745,-1.6139,-1.5373,-1.4481,-1.3521,-1.2567,-1.1695,-1.0972,-1.0435,-1.0089,-0.9911,-0.9863,-0.9902,-0.9991,-1.0103,-1.0218,-1.0329,-1.043,-1.0523,-1.0608,-1.0689,-1.0767,-1.0844,-1.0921,-1.0999
-1.7317,-1.733,-1.7342,-1.7356,-1.7373,-1.7395,-1.7426,-1.7469,-1.7523,-1.7579,-1.7601,-1.7505,-1.7182,-1.6638,-1.6096,-1.5788,-1.5772,-1.5983,-1.6321,-1.6687,-1.7003,-1.7213,-1.7288,-1.7212,-1.6977,-1.6583,-1.6034,-1.5348,-1.4556,-1.3707,-1.286,-1.208,-1.1418,-1.0908,-1.0557,-1.035,-1.0258,-1.025,-1.0294,-1.0366,-1.045,-1.0537,-1.0619,-1.0698,-1.0772,-1.0843,-1.0913,-1.0982,-1.1052,-1.1123
-1.7299,-1.731,-1.7322,-1.7335,-1.7351,-1.737,-1.7395,-1.7426,-1.7461,-1.7487,-1.7472,-1.7359,-1.7092,-1.6694,-1.6302,-1.6062,-1.6027,-1.6165,-1.6407,-1.6681,-1.6919,-1.7075,-1.7119,-1.7033,-1.6809,-1.6446,-1.5948,-1.5333,-1.4629,-1.3875,-1.3122,-1.2421,-1.1816,-1.1334,-1.0983,-1.0755,-1.0631,-1.0583,-1.0589,-1.0627,-1.0682,-1.0744,-1.0809,-1.0872,-1.0935,-1.0996,-1.1057,-1.1119,-1.1181,-1.1245
-1.728,-1.7291,-1.7302,-1.7313,-1.7327,-1.7342,-1.7361,-1.7381,-1.7398,-1.74,-1.7362,-1.7246,-1.7029,-1.6734,-1.6449,-1.6266,-1.6225,-1.6312,-1.6483,-1.6681,-1.6855,-1.6964,-1.6978,-1.6883,-1.6667,-1.6331,-1.5879,-1.5326,-1.4697,-1.4026,-1.3354,-1.2723,-1.2168,-1.1714,-1.1369,-1.1128,-1.0979,-1.09,-1.0873,-1.0881,-1.091,-1.095,-1.0997,-1.1046,-1.1096,-1.1147,-1.12,-1.1253,-1.1309,-1.1366
-1.726,-1.727,-1.728,-1.7291,-1.7301,-1.7313,-1.7325,-1.7335,-1.7338,-1.7324,-1.7273,-1.7164,-1.6987,-1.6766,-1.6556,-1.6415,-1.6374,-1.6428,-1.6545,-1.6684,-1.6804,-1.6871,-1.686,-1.6755,-1.6547,-1.6235,-1.5823,-1.5324,-1.4761,-1.4161,-1.3559,-1.2989,-1.248,-1.2053,-1.1716,-1.1469,-1.1301,-1.1198,-1.1145,-1.1127,-1.1132,-1.1153,-1.1182,-1.1217,-1.1256,-1.1297,-1.134,-1.1386,-1.1434,-1.1484
