docs/data/wind_grid.json
[{"header":{"la1":42.85,"la2":41.18,"lo1":11.55,"lo2":14.05,"nx":36,"ny":24,"dx":0.07143,"dy":0.07261,"parameterCategory":2,"parameterNumber":2,"parameterNumberName":"eastward_wind","parameterUnit":"m.s-1"},"data":[2.9833,3.0016,3.0206,3.039,3.0549,3.0648,3.0645,3.0491,3.0144,2.9577,2.8787,2.7785,2.6582,2.5192,2.3633,2.1957,2.0265,1.8714,1.7486,1.6721,1.6451,1.6594,1.7007,1.7546,1.8107,1.8629,1.9084,1.9469,1.9788,2.0053,2.0274,2.0459,2.0618,2.0757,2.0879,2.099,3.0041,3.028,3.0547,3.0831,3.1113,3.1349,3.1478,3.1419,3.1097,3.0473,2.9554,2.8369,2.6934,2.5245,2.3294,2.1109,1.8812,1.6659,1.4995,1.4097,1.4011,1.4543,1.54,1.6337,1.7209,1.7955,1.8564,1.9051,1.9439,1.975,2.0003,2.0212,2.039,2.0543,2.0679,2.0801,3.0206,3.0503,3.0856,3.1264,3.1713,3.2156,3.2505,3.262,3.2357,3.165,3.0544,2.9123,2.742,2.5396,2.2967,2.0084,1.6847,1.3663,1.1231,1.0173,1.0546,1.1848,1.3468,1.5005,1.629,1.7301,1.8074,1.866,1.9109,1.9459,1.9738,1.9967,2.016,2.0327,2.0474,2.0607,3.0304,3.065,3.1091,3.1642,3.2307,3.3055,3.3775,3.4224,3.4084,3.3215,3.1793,3.0054,2.8065,2.5711,2.2764,1.897,1.4262,0.9193,0.5259,0.4039,0.5548,0.8391,1.1282,1.3661,1.5444,1.6731,1.7652,1.8316,1.8807,1.9182,1.9479,1.9722,1.9928,2.0106,2.0264,2.0407,3.0303,3.0676,3.1188,3.1883,3.2803,3.3969,3.5302,3.6421,3.6544,3.529,3.3273,3.1107,2.8865,2.6285,2.2908,1.8093,1.1212,0.261,-0.4564,-0.5801,-0.146,0.4339,0.9143,1.2539,1.4814,1.632,1.7331,1.8029,1.8533,1.8916,1.9221,1.9473,1.9689,1.9878,2.0046,2.02,3.0169,3.0523,3.1059,3.1865,3.3034,3.4672,3.6869,3.9257,3.9972,3.7784,3.4741,3.2119,2.9774,2.7214,2.3737,1.8195,0.8821,-0.5615,-1.9674,-2.0259,-0.9658,0.077,0.7745,1.1997,1.4559,1.6128,1.7123,1.7791,1.8273,1.8646,1.8952,1.9211,1.9437,1.9638,1.9818,1.9982,2.987,3.012,3.0587,3.1418,3.2764,3.4759,3.7631,4.1365,4.2901,3.9438,3.5593,3.2879,3.0728,2.8555,2.5571,2.0293,0.9906,-0.944,-3.2028,-3.1323,-1.3665,0.0128,0.8022,1.2356,1.4766,1.6148,1.6992,1.756,1.7991,1.8347,1.8655,1.8926,1.9167,1.9381,1.9575,1.9752,2.9389,2.9398,2.9611,3.0307,3.1752,3.3945,3.6709,3.9726,4.0815,3.8381,3.5562,3.3373,3.1683,3.0253,2.8468,2.4771,1.6435,0.0463,-1.8393,-1.9432,-0.6497,0.4161,1.0311,1.36,1.5329,1.626,1.6826,1.725,1.7627,1.798,1.8309,1.8606,1.887,1.9104,1.9314,1.9506,2.8759,2.8326,2.7926,2.812,2.9682,3.2431,3.5224,3.728,3.8068,3.7385,3.5683,3.3838,3.2552,3.2079,3.2245,3.0941,2.5254,1.5745,0.6067,0.2993,0.6424,1.0761,1.368,1.5222,1.5903,1.6198,1.6426,1.6725,1.7101,1.7506,1.7895,1.8243,1.8544,1.8804,1.9033,1.924,2.8121,2.706,2.5483,2.4218,2.5885,3.054,3.4616,3.7294,3.931,3.9496,3.6841,3.4299,3.309,3.343,3.6441,3.8056,3.1821,2.5399,2.0299,1.7221,1.6357,1.6553,1.6718,1.6477,1.5968,1.5547,1.5488,1.5802,1.6326,1.6894,1.7408,1.7839,1.8189,1.8479,1.8727,1.8951,2.7741,2.6179,2.3306,1.9503,2.083,2.9147,3.5191,3.8492,4.2611,4.4572,3.8163,3.432,3.308,3.3428,3.6287,3.854,3.3398,3.0,2.7504,2.4707,2.2233,2.034,1.8618,1.6738,1.4882,1.3692,1.3583,1.4282,1.5252,1.6153,1.6871,1.741,1.7813,1.8128,1.8392,1.8631,2.7849,2.6399,2.3753,2.0327,2.2012,3.0709,3.7123,3.9908,4.1024,4.1552,3.6723,3.3546,3.2752,3.3389,3.3355,3.3269,3.2744,3.3776,3.319,2.9287,2.5508,2.2404,1.9302,1.5643,1.1838,0.968,1.0175,1.2064,1.3955,1.5378,1.6347,1.6987,1.7422,1.7744,1.8014,1.8268,2.8384,2.7572,2.6442,2.5855,2.8234,3.3646,3.8767,4.1856,4.0409,3.7375,3.4328,3.2633,3.2062,3.3435,3.284,3.1493,3.2562,3.928,3.9169,3.1751,2.6928,2.3306,1.9246,1.3436,0.6212,0.2512,0.5172,0.955,1.2788,1.4775,1.5931,1.6601,1.7012,1.7308,1.7571,1.7841,2.9039,2.884,2.88,2.9449,3.1444,3.4598,3.7891,4.0228,3.9037,3.5249,3.2665,3.2482,3.2162,2.615,2.9576,2.9334,2.9755,3.4667,3.5318,3.0481,2.677,2.3675,1.9457,1.2086,0.1006,-0.4604,0.133,0.8258,1.2406,1.4593,1.57,1.6246,1.654,1.6766,1.7016,1.7319,2.9562,2.9706,3.0076,3.0885,3.2266,3.4038,3.5696,3.6439,3.5254,3.2798,3.0991,3.0171,2.8867,2.7022,2.8012,2.6543,2.4105,2.7961,2.9291,2.7856,2.6061,2.4226,2.0745,1.4233,0.4738,-0.0329,0.4175,0.9857,1.3244,1.4914,1.5615,1.5831,1.5894,1.6015,1.6275,1.6658,2.9869,3.0138,3.0571,3.1229,3.21,3.302,3.3672,3.3628,3.2609,3.1015,2.9944,2.8457,2.8236,2.7733,2.7606,2.6323,2.4893,2.6512,2.7037,2.6436,2.5928,2.5223,2.2447,1.8009,1.2935,1.0106,1.112,1.3344,1.4866,1.5498,1.5482,1.5145,1.4859,1.4885,1.5247,1.5817,2.9983,3.0261,3.0632,3.1099,3.1612,3.2051,3.2234,3.1976,3.1236,3.0287,2.9726,2.8781,2.6983,2.6208,2.7157,2.6928,2.6504,2.639,2.6201,2.5913,2.5908,2.5381,2.3245,2.0473,1.7955,1.6577,1.6348,1.6475,1.6425,1.5962,1.5015,1.385,1.3087,1.3142,1.3842,1.4794,2.9957,3.0196,3.0479,3.0786,3.1072,3.1258,3.125,3.0979,3.0464,2.984,2.9216,2.8294,2.659,2.6112,2.6934,2.6907,2.656,2.6072,2.5899,2.5529,2.5187,2.4584,2.3248,2.1544,2.0182,1.9648,1.932,1.8523,1.7494,1.6111,1.4032,1.1582,1.0189,1.0647,1.2122,1.3705,2.9841,3.003,3.0231,3.0422,3.057,3.0627,3.0546,3.0303,2.9914,2.9431,2.887,2.8176,2.7422,2.7048,2.6932,2.6862,2.6462,2.581,2.5443,2.4629,2.4525,2.4105,2.3158,2.1921,2.0988,2.1122,2.1134,1.9606,1.8031,1.6091,1.2854,0.8617,0.6513,0.7953,1.0575,1.2862,2.9674,2.9815,2.9949,3.0061,3.0126,3.0116,3.0007,2.979,2.9475,2.9081,2.8624,2.8116,2.7619,2.7219,2.6938,2.68,2.6306,2.537,2.3812,2.3176,2.4038,2.3933,2.3199,2.2069,2.1025,2.1168,2.1257,1.9231,1.8013,1.6297,1.2715,0.747,0.4968,0.7008,1.0148,1.2682,2.9481,2.958,2.9665,2.9723,2.9736,2.969,2.9571,2.9375,2.9108,2.8779,2.8404,2.8,2.7596,2.7226,2.6915,2.6609,2.6093,2.5269,2.4257,2.3874,2.4155,2.4134,2.3614,2.2375,2.0667,1.8868,1.6594,1.6945,1.7748,1.7047,1.4406,1.0322,0.8034,0.9067,1.13,1.3331,2.9276,2.9342,2.9391,2.9411,2.9393,2.9327,2.9205,2.9025,2.879,2.8509,2.819,2.7848,2.7497,2.7154,2.6819,2.6449,2.5971,2.5378,2.4812,2.4519,2.4566,2.4899,2.4809,2.3205,2.0703,1.7581,1.4419,1.6042,1.8419,1.8463,1.679,1.4226,1.2426,1.2336,1.3305,1.4522,2.9071,2.9111,2.9131,2.9126,2.9087,2.9009,2.8887,2.8719,2.8509,2.8261,2.7981,2.7678,2.7362,2.7036,2.6697,2.6325,2.5899,2.544,2.5026,2.4774,2.4854,2.5525,2.5773,2.3955,2.1342,1.8841,1.7374,1.8564,2.0507,2.0121,1.8616,1.6857,1.5511,1.5014,1.5238,1.5826,2.8869,2.8888,2.8888,2.8865,2.8813,2.8727,2.8606,2.8448,2.8255,2.803,2.7778,2.7503,2.7209,2.69,2.6571,2.6215,2.5831,2.5436,2.5075,2.4819,2.4784,2.5035,2.4945,2.3691,2.1837,2.0192,1.9403,1.9908,2.0815,2.0479,1.94,1.8235,1.7303,1.6805,1.6742,1.6979]},{"header":{"la1":42.85,"la2":41.18,"lo1":11.55,"lo2":14.05,"nx":36,"ny":24,"dx":0.07143,"dy":0.07261,"parameterCategory":2,"parameterNumber":3,"parameterNumberName":"northward_wind","parameterUnit":"m.s-1"},"data":[-0.2301,-0.2689,-0.3104,-0.3536,-0.3959,-0.4327,-0.4575,-0.4635,-0.4465,-0.408,-0.3557,-0.3009,-0.2547,-0.2248,-0.2147,-0.2234,-0.2452,-0.27,-0.2859,-0.283,-0.2574,-0.212,-0.1542,-0.0915,-0.0299,0.0269,0.0774,0.1211,0.1585,0.1901,0.2169,0.2395,0.2585,0.2746,0.2883,0.2999,-0.2606,-0.3079,-0.361,-0.4196,-0.4814,-0.5405,-0.5861,-0.6043,-0.5843,-0.5266,-0.4454,-0.3616,-0.2936,-0.2535,-0.2464,-0.2711,-0.3191,-0.3736,-0.4124,-0.4166,-0.3804,-0.3124,-0.2281,-0.1411,-0.0602,0.0108,0.0711,0.1213,0.1628,0.197,0.2253,0.2486,0.2679,0.284,0.2975,0.3088,-0.2892,-0.3456,-0.4119,-0.49,-0.5798,-0.6756,-0.7609,-0.8074,-0.7872,-0.6964,-0.5639,-0.4307,-0.3282,-0.273,-0.2712,-0.3222,-0.4158,-0.5254,-0.6075,-0.6223,-0.561,-0.4488,-0.3192,-0.1959,-0.0892,-0.0012,0.0696,0.1262,0.1713,0.2074,0.2364,0.2599,0.2791,0.2948,0.3078,0.3185,-0.3143,-0.3791,-0.4588,-0.559,-0.686,-0.8399,-1.0012,-1.1146,-1.105,-0.9513,-0.7219,-0.505,-0.3503,-0.2738,-0.2799,-0.3709,-0.5416,-0.7559,-0.9256,-0.9538,-0.8302,-0.6292,-0.4241,-0.2491,-0.1108,-0.0048,0.0759,0.1375,0.1849,0.2217,0.2507,0.2737,0.2922,0.3071,0.3192,0.3292,-0.3343,-0.4054,-0.4954,-0.6158,-0.7842,-1.02,-1.3202,-1.5933,-1.6308,-1.3417,-0.9219,-0.5704,-0.3452,-0.243,-0.2581,-0.4006,-0.6902,-1.1036,-1.4628,-1.5007,-1.2187,-0.8453,-0.5249,-0.2862,-0.1156,0.0057,0.093,0.1568,0.2043,0.2403,0.2681,0.2898,0.3069,0.3206,0.3316,0.3406,-0.3487,-0.4228,-0.5166,-0.6464,-0.8441,-1.1646,-1.6712,-2.2888,-2.4796,-1.8806,-1.1161,-0.5885,-0.2917,-0.1665,-0.1878,-0.3756,-0.8053,-1.547,-2.3066,-2.3222,-1.6823,-1.034,-0.5794,-0.2843,-0.0923,0.0355,0.1231,0.1848,0.2296,0.2629,0.2882,0.3078,0.3231,0.3352,0.3448,0.3524,-0.3589,-0.4332,-0.5227,-0.6429,-0.8327,-1.1759,-1.822,-2.8447,-3.301,-2.2394,-1.1358,-0.5001,-0.1707,-0.0378,-0.0598,-0.2536,-0.7414,-1.753,-3.0053,-2.9595,-1.9043,-1.0471,-0.5284,-0.221,-0.0329,0.0868,0.1661,0.2206,0.2596,0.2885,0.3103,0.3271,0.3401,0.3503,0.3582,0.3645,-0.3681,-0.444,-0.5262,-0.6197,-0.7538,-1.004,-1.4932,-2.2638,-2.5695,-1.7158,-0.8348,-0.2874,0.0163,0.1324,0.101,-0.0508,-0.4112,-1.2012,-2.2204,-2.2559,-1.4568,-0.7704,-0.3455,-0.0928,0.0602,0.1559,0.2183,0.2612,0.2922,0.3154,0.3332,0.3469,0.3574,0.3655,0.3717,0.3764,-0.379,-0.4654,-0.5533,-0.6244,-0.6769,-0.7683,-0.9627,-1.2044,-1.2307,-0.9084,-0.4482,-0.0249,0.2504,0.32,0.2035,0.078,-0.0349,-0.3577,-0.7931,-0.9048,-0.6429,-0.3216,-0.0817,0.0741,0.1711,0.2318,0.272,0.3011,0.3236,0.3414,0.3554,0.3661,0.3742,0.3802,0.3846,0.3878,-0.3881,-0.4992,-0.6281,-0.7281,-0.7076,-0.6224,-0.6175,-0.697,-0.8085,-0.7386,-0.2863,0.219,0.5424,0.5541,0.0991,-0.168,0.1534,0.2042,0.0866,-0.0026,0.0156,0.0961,0.1789,0.2388,0.2753,0.2978,0.3156,0.3329,0.3495,0.364,0.3755,0.3839,0.3899,0.3939,0.3965,0.3983,-0.3814,-0.5179,-0.7115,-0.9226,-0.8725,-0.5646,-0.419,-0.4997,-1.0146,-1.2907,-0.2897,0.4838,0.9529,1.0734,0.4183,-0.0924,0.4191,0.6121,0.6108,0.5228,0.4438,0.4045,0.3858,0.3675,0.3459,0.3317,0.3337,0.3482,0.3662,0.3816,0.3926,0.3997,0.4038,0.4059,0.4069,0.4073,-0.3425,-0.474,-0.6637,-0.8719,-0.8012,-0.4387,-0.2381,-0.2147,-0.5442,-0.76,0.0596,0.8183,1.4236,1.9901,1.6438,1.009,0.9096,1.0407,1.0468,0.8717,0.7188,0.6156,0.5306,0.4412,0.3531,0.3024,0.3075,0.3404,0.3724,0.3944,0.4071,0.4133,0.4155,0.4157,0.415,0.4142,-0.2709,-0.3645,-0.4735,-0.5445,-0.4569,-0.2538,-0.1214,-0.0743,-0.0941,0.0155,0.5142,1.1301,1.5523,2.2661,2.0323,1.3662,1.1763,1.4111,1.4022,1.0785,0.8905,0.7652,0.633,0.4614,0.2687,0.1731,0.2265,0.3145,0.3744,0.4062,0.4203,0.4247,0.4244,0.4223,0.4201,0.4184,-0.1836,-0.2359,-0.279,-0.2828,-0.2203,-0.1251,-0.0641,-0.0516,0.0029,0.2419,0.6633,1.3406,1.5595,1.4854,1.4562,1.2817,1.2178,1.2958,1.2877,1.1152,1.008,0.9048,0.7379,0.4831,0.1592,0.0099,0.1515,0.3053,0.3872,0.4224,0.4335,0.4334,0.429,0.4243,0.4208,0.4189,-0.0977,-0.1217,-0.1327,-0.1191,-0.0779,-0.0258,0.016,0.0536,0.1356,0.2701,0.4291,0.7318,0.9909,0.9042,1.1189,1.2105,1.3381,1.195,1.1466,1.1444,1.1834,1.1126,0.893,0.6,0.2779,0.1245,0.2318,0.3592,0.4239,0.4458,0.446,0.437,0.4267,0.419,0.4153,0.4146,-0.0216,-0.0293,-0.0262,-0.0084,0.0232,0.0619,0.1021,0.1462,0.1876,0.141,-0.1641,0.1924,0.4648,0.7678,0.892,1.082,1.236,1.1322,1.1222,1.2486,1.5263,1.4224,1.0659,0.7652,0.5351,0.4184,0.4231,0.4602,0.4771,0.4718,0.4531,0.4304,0.412,0.4026,0.4012,0.4044,0.0433,0.0448,0.0544,0.0735,0.1012,0.1346,0.1706,0.2036,0.211,0.1228,-0.1114,0.1307,0.2775,0.302,0.6214,0.8127,0.9568,1.0475,1.1258,1.262,1.5762,1.4659,1.1137,0.8562,0.6925,0.6088,0.576,0.555,0.5278,0.4912,0.4476,0.4051,0.3771,0.3698,0.3766,0.3883,0.0979,0.1047,0.1176,0.1371,0.1626,0.1922,0.2229,0.2484,0.2556,0.2302,0.2076,0.2665,0.2493,0.249,0.4003,0.4958,0.7738,1.0681,1.195,1.2108,1.2704,1.2131,1.034,0.8611,0.7488,0.7023,0.6758,0.6261,0.5645,0.4982,0.4242,0.3528,0.3139,0.3181,0.343,0.3687,0.1439,0.1537,0.1683,0.1877,0.2114,0.238,0.2651,0.2886,0.304,0.3113,0.3232,0.3454,0.3488,0.3186,0.0763,-0.0366,0.5803,1.0482,1.2375,1.3487,1.2367,1.0938,0.9525,0.8291,0.7559,0.7574,0.7572,0.6731,0.5823,0.4938,0.3907,0.2822,0.2326,0.261,0.3113,0.3522,0.1829,0.1944,0.2097,0.2287,0.2509,0.2752,0.3001,0.3234,0.3436,0.3613,0.3791,0.3947,0.3939,0.3363,0.1341,0.0955,0.5687,1.0408,1.543,1.7287,1.2998,1.0331,0.88,0.7842,0.7367,0.7598,0.7675,0.6625,0.5712,0.4823,0.3755,0.253,0.1993,0.2403,0.3011,0.3473,0.216,0.2284,0.244,0.2624,0.2833,0.306,0.3294,0.3524,0.3743,0.3951,0.4146,0.4302,0.4344,0.4148,0.3805,0.4419,0.679,0.9965,1.3288,1.4152,1.1468,0.8987,0.7725,0.7215,0.6911,0.6685,0.6282,0.5976,0.5289,0.4563,0.3855,0.3033,0.2587,0.2785,0.3206,0.3574,0.2442,0.2571,0.2726,0.2903,0.3102,0.3315,0.3537,0.3762,0.3984,0.4201,0.4409,0.4596,0.4744,0.4867,0.512,0.5851,0.7237,0.8964,1.0383,1.0474,0.8877,0.6803,0.6097,0.6429,0.644,0.6144,0.5958,0.5574,0.4337,0.3847,0.3776,0.3546,0.3325,0.3349,0.3543,0.3765,0.2684,0.2815,0.2967,0.3138,0.3326,0.3528,0.374,0.3957,0.4177,0.4397,0.4616,0.4833,0.5056,0.5319,0.5708,0.633,0.7193,0.8108,0.8695,0.8503,0.7293,0.5553,0.5141,0.591,0.6117,0.5865,0.5467,0.4249,0.24,0.2689,0.3428,0.3705,0.3734,0.3759,0.3848,0.397,0.2892,0.3023,0.317,0.3335,0.3514,0.3706,0.3908,0.4116,0.4331,0.455,0.4774,0.5008,0.5262,0.5561,0.594,0.6426,0.6985,0.7496,0.776,0.7575,0.6873,0.5982,0.569,0.5932,0.5941,0.5601,0.4912,0.3535,0.214,0.2491,0.3324,0.3773,0.3941,0.4012,0.4075,0.4146]}]