docs/data/wind_grid.json
[{"header":{"la1":42.85,"la2":41.18,"lo1":11.55,"lo2":14.05,"nx":36,"ny":24,"dx":0.07143,"dy":0.07261,"parameterCategory":2,"parameterNumber":2,"parameterNumberName":"eastward_wind","parameterUnit":"m.s-1"},"data":[-0.8432,-0.8545,-0.8661,-0.8776,-0.8881,-0.896,-0.8987,-0.8934,-0.8781,-0.853,-0.821,-0.7859,-0.7519,-0.7218,-0.6971,-0.6779,-0.6639,-0.654,-0.647,-0.6417,-0.6371,-0.6328,-0.6284,-0.6238,-0.6191,-0.6144,-0.6098,-0.6053,-0.6011,-0.5971,-0.5934,-0.59,-0.5869,-0.5841,-0.5816,-0.5794,-0.8603,-0.8747,-0.8904,-0.9073,-0.9249,-0.9409,-0.9513,-0.9504,-0.9333,-0.8999,-0.855,-0.8064,-0.7609,-0.7224,-0.6926,-0.6713,-0.6572,-0.6485,-0.6432,-0.6393,-0.6357,-0.6318,-0.6275,-0.6227,-0.6176,-0.6125,-0.6075,-0.6026,-0.598,-0.5938,-0.5899,-0.5864,-0.5832,-0.5804,-0.5779,-0.5757,-0.878,-0.8959,-0.9162,-0.94,-0.9676,-0.9973,-1.0229,-1.033,-1.0157,-0.9682,-0.9014,-0.831,-0.7685,-0.7192,-0.6837,-0.6607,-0.6479,-0.6421,-0.6398,-0.6383,-0.6358,-0.6321,-0.6274,-0.622,-0.6163,-0.6106,-0.605,-0.5996,-0.5947,-0.5901,-0.5861,-0.5824,-0.5792,-0.5763,-0.5738,-0.5716,-0.8962,-0.9175,-0.9425,-0.9737,-1.0144,-1.0658,-1.1213,-1.1587,-1.1459,-1.0722,-0.9646,-0.8583,-0.7718,-0.7089,-0.6677,-0.6447,-0.6358,-0.6359,-0.639,-0.6404,-0.6385,-0.6341,-0.6284,-0.6219,-0.6152,-0.6085,-0.6021,-0.5962,-0.5908,-0.586,-0.5817,-0.5779,-0.5746,-0.5717,-0.5692,-0.5671,-0.9152,-0.9394,-0.968,-1.0054,-1.0598,-1.1414,-1.252,-1.3557,-1.3636,-1.2334,-1.0454,-0.882,-0.7645,-0.687,-0.6411,-0.6207,-0.6204,-0.6322,-0.6448,-0.649,-0.6453,-0.6383,-0.6304,-0.6222,-0.614,-0.6061,-0.5987,-0.5921,-0.5862,-0.5811,-0.5767,-0.5729,-0.5695,-0.5667,-0.5642,-0.5622,-0.9356,-0.9626,-0.9929,-1.0317,-1.0931,-1.2033,-1.3956,-1.6447,-1.7207,-1.4582,-1.1223,-0.8847,-0.7369,-0.6469,-0.598,-0.5839,-0.5993,-0.633,-0.6625,-0.6667,-0.6556,-0.6437,-0.6329,-0.6225,-0.6124,-0.6028,-0.5943,-0.587,-0.5807,-0.5754,-0.571,-0.5672,-0.5639,-0.5611,-0.5587,-0.5567,-0.9593,-0.9906,-1.0214,-1.0545,-1.1051,-1.2135,-1.4552,-1.8774,-2.0733,-1.6048,-1.1195,-0.8397,-0.6797,-0.582,-0.5289,-0.5225,-0.5617,-0.6284,-0.6813,-0.6819,-0.6629,-0.6482,-0.6353,-0.6223,-0.6097,-0.5982,-0.5885,-0.5804,-0.574,-0.5687,-0.5644,-0.5607,-0.5575,-0.5548,-0.5525,-0.5507,-0.9882,-1.0292,-1.0655,-1.0897,-1.1072,-1.1569,-1.3119,-1.615,-1.7394,-1.348,-0.964,-0.7386,-0.5949,-0.4879,-0.4152,-0.4102,-0.4846,-0.5888,-0.658,-0.67,-0.6629,-0.6523,-0.6377,-0.6212,-0.6051,-0.5913,-0.5803,-0.572,-0.5657,-0.5608,-0.5569,-0.5535,-0.5505,-0.5479,-0.5457,-0.544,-1.0225,-1.0844,-1.1449,-1.1752,-1.1476,-1.0937,-1.0802,-1.1047,-1.0543,-0.8907,-0.7387,-0.618,-0.5026,-0.3698,-0.22,-0.186,-0.3485,-0.5311,-0.6341,-0.6704,-0.6752,-0.6629,-0.6415,-0.6181,-0.5971,-0.5806,-0.5688,-0.5609,-0.5556,-0.5517,-0.5484,-0.5454,-0.5426,-0.5401,-0.538,-0.5364,-1.0551,-1.151,-1.2716,-1.3654,-1.3004,-1.0981,-0.9304,-0.7955,-0.6299,-0.539,-0.5565,-0.524,-0.4333,-0.271,0.0801,0.252,-0.1959,-0.5395,-0.6965,-0.7362,-0.7206,-0.685,-0.6457,-0.6106,-0.5829,-0.5637,-0.5523,-0.5465,-0.5435,-0.5413,-0.5391,-0.5366,-0.5339,-0.5313,-0.5293,-0.5278,-1.0701,-1.1955,-1.3902,-1.6197,-1.5539,-1.1415,-0.862,-0.6803,-0.3844,-0.2493,-0.4544,-0.4755,-0.4,-0.2777,0.0333,0.255,-0.306,-0.744,-0.9209,-0.8932,-0.8001,-0.7124,-0.644,-0.5934,-0.5582,-0.5375,-0.5293,-0.5284,-0.5297,-0.5303,-0.5294,-0.5271,-0.5242,-0.5213,-0.5191,-0.5178,-1.0515,-1.1713,-1.3564,-1.5709,-1.4885,-1.0691,-0.8225,-0.736,-0.5454,-0.3925,-0.481,-0.471,-0.3797,-0.2654,-0.2686,-0.3532,-0.7295,-1.3024,-1.4403,-1.1456,-0.8857,-0.7236,-0.6248,-0.561,-0.5189,-0.4983,-0.4983,-0.5075,-0.5158,-0.5198,-0.5197,-0.5169,-0.513,-0.5094,-0.5069,-0.5058,-1.0014,-1.0826,-1.1813,-1.2443,-1.1459,-0.9274,-0.8004,-0.8015,-0.7404,-0.6004,-0.5415,-0.5082,-0.4229,-0.2392,-0.2963,-0.5699,-1.0747,-2.1504,-2.1665,-1.3369,-0.896,-0.6832,-0.5769,-0.5145,-0.4673,-0.4462,-0.4621,-0.4876,-0.5046,-0.5113,-0.5106,-0.5057,-0.4995,-0.4944,-0.4914,-0.491,-0.9379,-0.9799,-1.0135,-1.0096,-0.9411,-0.8413,-0.781,-0.776,-0.7362,-0.6337,-0.5685,-0.5575,-0.5358,-0.3205,-0.4586,-0.7704,-1.1724,-1.6904,-1.7199,-1.13,-0.7342,-0.5541,-0.494,-0.4679,-0.4296,-0.4055,-0.4379,-0.4785,-0.5008,-0.5067,-0.5019,-0.4919,-0.4816,-0.4741,-0.471,-0.472,-0.8776,-0.8946,-0.8998,-0.8822,-0.8392,-0.7871,-0.748,-0.7216,-0.6789,-0.6211,-0.5834,-0.5571,-0.4869,-0.4075,-0.5719,-1.1162,-1.6424,-1.2442,-1.021,-0.689,-0.382,-0.3053,-0.3694,-0.4256,-0.4339,-0.4249,-0.4541,-0.4911,-0.5087,-0.5069,-0.4923,-0.4725,-0.4549,-0.4447,-0.4428,-0.4474,-0.8272,-0.8313,-0.8261,-0.8082,-0.7789,-0.7448,-0.7128,-0.6816,-0.6455,-0.612,-0.6016,-0.5993,-0.5715,-0.5373,-0.6517,-1.0426,-1.3893,-0.9743,-0.6268,-0.2927,0.1148,0.0388,-0.231,-0.3833,-0.4505,-0.4788,-0.506,-0.5277,-0.5298,-0.5112,-0.4779,-0.4404,-0.4117,-0.3997,-0.4031,-0.4156,-0.7871,-0.785,-0.7764,-0.7603,-0.738,-0.7122,-0.6855,-0.6583,-0.6313,-0.6104,-0.6036,-0.6028,-0.6313,-0.6515,-0.6532,-0.7396,-0.7425,-0.4851,-0.2281,-0.1019,0.1942,0.0974,-0.1933,-0.3755,-0.484,-0.5503,-0.5848,-0.5883,-0.5649,-0.518,-0.4525,-0.3839,-0.3385,-0.3301,-0.3485,-0.3766,-0.7553,-0.7504,-0.741,-0.7268,-0.7086,-0.688,-0.6662,-0.6446,-0.6251,-0.611,-0.6052,-0.611,-0.6456,-0.6569,-0.634,-0.6127,-0.469,-0.0459,0.3035,0.0248,-0.0452,-0.1085,-0.2591,-0.4153,-0.5553,-0.6651,-0.7044,-0.6752,-0.6137,-0.5265,-0.4102,-0.2876,-0.2191,-0.2303,-0.2813,-0.3348,-0.7301,-0.724,-0.7146,-0.7021,-0.6869,-0.6699,-0.6524,-0.6354,-0.6206,-0.6099,-0.6049,-0.6071,-0.6163,-0.6225,-0.6506,-0.66,-0.4333,-0.0416,0.1956,0.0652,-0.0701,-0.1878,-0.3136,-0.4651,-0.6431,-0.8107,-0.8466,-0.7704,-0.6708,-0.541,-0.3624,-0.1609,-0.0671,-0.1224,-0.2207,-0.302,-0.7098,-0.7032,-0.6943,-0.6831,-0.6702,-0.656,-0.6415,-0.6276,-0.6155,-0.606,-0.5999,-0.5971,-0.5968,-0.6008,-0.6266,-0.618,-0.427,-0.1545,0.0989,0.1721,-0.042,-0.1969,-0.3231,-0.481,-0.6813,-0.855,-0.8875,-0.8449,-0.7301,-0.5715,-0.3598,-0.1114,-0.0031,-0.0842,-0.2032,-0.2939,-0.6932,-0.6865,-0.6782,-0.6681,-0.6568,-0.6447,-0.6323,-0.6204,-0.6094,-0.6,-0.5921,-0.5853,-0.5785,-0.5712,-0.5599,-0.5145,-0.3931,-0.2142,-0.0301,0.0195,-0.0928,-0.1805,-0.2658,-0.4327,-0.6663,-0.8968,-1.0899,-1.0035,-0.786,-0.6093,-0.43,-0.2311,-0.1281,-0.1646,-0.2458,-0.3162,-0.6794,-0.6728,-0.665,-0.6559,-0.6458,-0.6351,-0.6241,-0.6132,-0.6028,-0.593,-0.5834,-0.5732,-0.5612,-0.5448,-0.5182,-0.4688,-0.386,-0.2795,-0.1835,-0.1431,-0.1359,-0.0788,-0.0809,-0.3026,-0.6129,-0.9489,-1.2635,-1.0734,-0.7393,-0.603,-0.5027,-0.3831,-0.3006,-0.2891,-0.3189,-0.3574,-0.6677,-0.6614,-0.654,-0.6456,-0.6364,-0.6267,-0.6166,-0.6064,-0.5962,-0.5858,-0.5748,-0.5625,-0.5473,-0.5269,-0.4974,-0.4542,-0.3954,-0.3277,-0.2651,-0.2134,-0.136,0.0242,0.0747,-0.1937,-0.5212,-0.7929,-0.9349,-0.7754,-0.5447,-0.5418,-0.5285,-0.4689,-0.4121,-0.3857,-0.3865,-0.4009,-0.6577,-0.6516,-0.6446,-0.6368,-0.6283,-0.6193,-0.6098,-0.6,-0.5899,-0.5791,-0.5674,-0.5538,-0.5374,-0.5164,-0.4888,-0.4529,-0.4092,-0.3609,-0.3122,-0.2595,-0.1835,-0.0812,-0.0706,-0.2426,-0.4673,-0.6399,-0.703,-0.6206,-0.5161,-0.5261,-0.5328,-0.5044,-0.4688,-0.4445,-0.4353,-0.4371]},{"header":{"la1":42.85,"la2":41.18,"lo1":11.55,"lo2":14.05,"nx":36,"ny":24,"dx":0.07143,"dy":0.07261,"parameterCategory":2,"parameterNumber":3,"parameterNumberName":"northward_wind","parameterUnit":"m.s-1"},"data":[-0.8756,-0.8705,-0.864,-0.8562,-0.8473,-0.838,-0.8295,-0.823,-0.8193,-0.8179,-0.8172,-0.8149,-0.8092,-0.799,-0.7842,-0.7656,-0.7448,-0.7245,-0.7072,-0.695,-0.6887,-0.6875,-0.69,-0.6946,-0.7004,-0.7065,-0.7127,-0.7189,-0.725,-0.731,-0.737,-0.7428,-0.7486,-0.7542,-0.7596,-0.7648,-0.8783,-0.8724,-0.8645,-0.8545,-0.8424,-0.8291,-0.8166,-0.8077,-0.8046,-0.8069,-0.8114,-0.8137,-0.8105,-0.8001,-0.7822,-0.7579,-0.7296,-0.7015,-0.6782,-0.6637,-0.6587,-0.6613,-0.6683,-0.6772,-0.6864,-0.6952,-0.7035,-0.7113,-0.7188,-0.7259,-0.7329,-0.7396,-0.7462,-0.7526,-0.7587,-0.7646,-0.8812,-0.8745,-0.8653,-0.8525,-0.8355,-0.8151,-0.7943,-0.7795,-0.7767,-0.7862,-0.8011,-0.8124,-0.8141,-0.8042,-0.7824,-0.7498,-0.7096,-0.6681,-0.6348,-0.6175,-0.6168,-0.6274,-0.6425,-0.6578,-0.6717,-0.6838,-0.6944,-0.7039,-0.7128,-0.7211,-0.7291,-0.7369,-0.7444,-0.7516,-0.7584,-0.7649,-0.8842,-0.8771,-0.8667,-0.8509,-0.8274,-0.795,-0.7574,-0.7274,-0.7229,-0.7475,-0.7839,-0.8119,-0.8222,-0.8137,-0.7871,-0.7429,-0.6835,-0.6182,-0.5663,-0.5461,-0.5576,-0.5846,-0.6133,-0.6377,-0.6572,-0.6728,-0.6858,-0.697,-0.7072,-0.7167,-0.7258,-0.7346,-0.7431,-0.7512,-0.7589,-0.7661,-0.8871,-0.88,-0.8693,-0.8516,-0.8213,-0.7714,-0.7006,-0.6315,-0.6167,-0.6768,-0.7589,-0.8157,-0.8383,-0.832,-0.8004,-0.7419,-0.6535,-0.5441,-0.4535,-0.4331,-0.4758,-0.5348,-0.5838,-0.6192,-0.6444,-0.6632,-0.6781,-0.6908,-0.7022,-0.713,-0.7232,-0.7331,-0.7427,-0.7518,-0.7604,-0.7683,-0.8889,-0.8821,-0.8726,-0.8564,-0.8238,-0.7567,-0.6334,-0.4718,-0.4187,-0.5658,-0.7374,-0.8332,-0.8673,-0.8631,-0.8286,-0.7572,-0.6333,-0.4506,-0.2802,-0.2691,-0.3814,-0.4897,-0.5612,-0.6058,-0.6349,-0.6556,-0.6718,-0.6856,-0.6981,-0.7099,-0.7214,-0.7325,-0.7433,-0.7535,-0.7631,-0.7718,-0.888,-0.8806,-0.8731,-0.8637,-0.8413,-0.777,-0.6179,-0.3342,-0.2034,-0.4956,-0.7645,-0.8799,-0.9134,-0.9099,-0.8787,-0.8053,-0.6591,-0.4087,-0.1387,-0.145,-0.3332,-0.4748,-0.5548,-0.6007,-0.6298,-0.6505,-0.667,-0.6814,-0.6948,-0.7077,-0.7205,-0.733,-0.7452,-0.7567,-0.7674,-0.777,-0.8821,-0.8701,-0.8611,-0.8608,-0.866,-0.8474,-0.7476,-0.5325,-0.4393,-0.691,-0.8948,-0.9627,-0.9735,-0.9711,-0.9585,-0.9022,-0.763,-0.5314,-0.2926,-0.2721,-0.4013,-0.5052,-0.5663,-0.6032,-0.6282,-0.6474,-0.6636,-0.6783,-0.6924,-0.7065,-0.7207,-0.7349,-0.7487,-0.7618,-0.7737,-0.7843,-0.8705,-0.8451,-0.8195,-0.8158,-0.8598,-0.9296,-0.9654,-0.9599,-0.9956,-1.0813,-1.0984,-1.0619,-1.0318,-1.0384,-1.082,-1.07,-0.92,-0.72,-0.5583,-0.4979,-0.5175,-0.5538,-0.5841,-0.608,-0.6281,-0.6456,-0.6614,-0.6762,-0.691,-0.7064,-0.7224,-0.7387,-0.7546,-0.7695,-0.7829,-0.7944,-0.857,-0.8075,-0.7349,-0.6769,-0.7523,-0.9635,-1.1529,-1.3013,-1.468,-1.5095,-1.3166,-1.1424,-1.0633,-1.0825,-1.2593,-1.3565,-1.0627,-0.8207,-0.6804,-0.6093,-0.5838,-0.5826,-0.5929,-0.6092,-0.6277,-0.6454,-0.6611,-0.6756,-0.6907,-0.7075,-0.7258,-0.7448,-0.7635,-0.7807,-0.7957,-0.8082,-0.8528,-0.7818,-0.6485,-0.4678,-0.5356,-0.9677,-1.3116,-1.5269,-1.8361,-1.9905,-1.4752,-1.1657,-1.0507,-1.0482,-1.2197,-1.3586,-1.0235,-0.7915,-0.6777,-0.6203,-0.5897,-0.579,-0.5853,-0.6043,-0.6287,-0.6501,-0.6652,-0.6775,-0.6918,-0.71,-0.7314,-0.7543,-0.7767,-0.7969,-0.8137,-0.8269,-0.869,-0.8042,-0.6803,-0.5132,-0.6064,-1.096,-1.5033,-1.7039,-1.7564,-1.7713,-1.3853,-1.115,-1.0124,-0.9976,-0.9949,-0.9626,-0.8108,-0.6654,-0.6093,-0.5794,-0.5539,-0.5451,-0.5599,-0.596,-0.6398,-0.6697,-0.679,-0.683,-0.6938,-0.7138,-0.74,-0.7687,-0.7963,-0.8202,-0.8389,-0.8521,-0.9037,-0.871,-0.8237,-0.8054,-0.9503,-1.2851,-1.6408,-1.8852,-1.7559,-1.4828,-1.2156,-1.0399,-0.9789,-0.9918,-0.9518,-0.776,-0.6064,-0.571,-0.5668,-0.5213,-0.4843,-0.4771,-0.5126,-0.5869,-0.6761,-0.7215,-0.7077,-0.6903,-0.695,-0.7186,-0.753,-0.7908,-0.8259,-0.8543,-0.8744,-0.8864,-0.9421,-0.9408,-0.9501,-0.9995,-1.1291,-1.3383,-1.5739,-1.7537,-1.654,-1.3409,-1.1116,-0.9979,-0.9711,-0.8967,-0.8084,-0.4781,-0.2022,-0.3994,-0.4758,-0.4203,-0.3539,-0.3474,-0.4257,-0.561,-0.7195,-0.7877,-0.7324,-0.6886,-0.6911,-0.7245,-0.7734,-0.8255,-0.8713,-0.9049,-0.9246,-0.9325,-0.9719,-0.9876,-1.0176,-1.0745,-1.1673,-1.2882,-1.406,-1.4598,-1.3682,-1.1847,-1.0498,-0.9666,-0.8923,-0.7979,-0.6783,0.1344,1.0087,0.0763,-0.2823,-0.244,-0.0721,-0.0823,-0.2713,-0.476,-0.6552,-0.7336,-0.6909,-0.658,-0.6768,-0.7327,-0.8069,-0.8819,-0.9429,-0.9809,-0.9959,-0.994,-0.9888,-1.0099,-1.0414,-1.087,-1.1463,-1.2096,-1.2554,-1.253,-1.1846,-1.0908,-1.062,-0.931,-0.9064,-0.8368,-0.6383,0.0258,0.6234,0.0048,-0.2803,-0.0624,0.5004,0.3653,-0.0889,-0.359,-0.5045,-0.5669,-0.5727,-0.5887,-0.6491,-0.7466,-0.8632,-0.9755,-1.0577,-1.0958,-1.0957,-1.0736,-0.9945,-1.0145,-1.0406,-1.0728,-1.1079,-1.1384,-1.152,-1.1371,-1.0944,-1.0509,-1.0473,-0.9823,-0.9895,-0.9921,-0.7476,-0.4705,-0.3203,-0.479,-0.5742,-0.1973,0.5646,0.4053,-0.0711,-0.3002,-0.3751,-0.3811,-0.3965,-0.4735,-0.6054,-0.7709,-0.9561,-1.1305,-1.2423,-1.2666,-1.2295,-1.1701,-0.9921,-1.0087,-1.0282,-1.0492,-1.0689,-1.0823,-1.0834,-1.0687,-1.0417,-1.014,-0.992,-0.9699,-1.003,-0.9935,-0.8105,-0.7018,-0.6677,-0.8744,-1.1237,-0.6634,-0.2087,-0.1154,-0.2397,-0.3074,-0.2506,-0.1124,-0.0974,-0.294,-0.5497,-0.8099,-1.0945,-1.3723,-1.5238,-1.5,-1.389,-1.2723,-0.9848,-0.9975,-1.0111,-1.0241,-1.0344,-1.039,-1.0353,-1.0223,-1.0024,-0.9799,-0.9575,-0.937,-0.9203,-0.8736,-0.8016,-0.7878,-0.7663,-0.8913,-1.007,-0.7859,-0.5773,-0.4418,-0.4006,-0.3393,-0.1254,0.3055,0.3951,-0.1022,-0.5255,-0.864,-1.2473,-1.6648,-1.8593,-1.7414,-1.5303,-1.3537,-0.9748,-0.984,-0.9929,-1.0004,-1.005,-1.005,-0.9992,-0.9873,-0.9705,-0.9506,-0.9287,-0.9048,-0.8758,-0.8355,-0.7993,-0.7876,-0.7754,-0.7987,-0.8069,-0.8009,-0.6899,-0.5801,-0.5103,-0.4134,-0.1754,0.3418,0.4584,-0.2329,-0.6255,-0.9249,-1.3081,-1.7804,-1.9938,-1.8271,-1.5766,-1.3809,-0.9636,-0.9699,-0.9753,-0.9791,-0.9801,-0.9775,-0.9707,-0.9594,-0.9442,-0.926,-0.9051,-0.8813,-0.8538,-0.8237,-0.7977,-0.7804,-0.7686,-0.7671,-0.772,-0.7607,-0.6986,-0.6397,-0.5977,-0.5367,-0.4488,-0.4479,-0.7808,-0.81,-0.8406,-0.9918,-1.2376,-1.5689,-1.7515,-1.6711,-1.498,-1.3437,-0.9522,-0.9562,-0.959,-0.9602,-0.9591,-0.955,-0.9475,-0.9367,-0.9227,-0.9059,-0.8866,-0.8649,-0.8412,-0.8169,-0.7949,-0.7768,-0.7623,-0.7516,-0.7416,-0.7227,-0.6918,-0.6738,-0.6662,-0.6417,-0.658,-0.849,-1.1759,-1.0668,-1.0374,-1.0862,-1.1657,-1.3173,-1.435,-1.435,-1.3591,-1.2672,-0.9411,-0.9433,-0.9443,-0.9438,-0.9412,-0.9362,-0.9285,-0.9181,-0.9052,-0.8898,-0.8723,-0.853,-0.8326,-0.8119,-0.7924,-0.7747,-0.759,-0.7447,-0.73,-0.7121,-0.6936,-0.6864,-0.687,-0.6865,-0.7331,-0.8628,-1.0052,-1.0916,-1.2394,-1.2077,-1.1552,-1.1865,-1.2401,-1.2571,-1.2317,-1.1848,-0.9306,-0.9314,-0.9311,-0.9294,-0.9259,-0.9204,-0.9127,-0.9028,-0.8908,-0.8769,-0.8612,-0.8441,-0.8263,-0.8082,-0.7907,-0.7742,-0.7587,-0.744,-0.7294,-0.7145,-0.7009,-0.6928,-0.693,-0.7093,-0.76,-0.8507,-0.9651,-1.117,-1.2639,-1.2257,-1.1461,-1.1259,-1.1384,-1.1472,-1.1383,-1.1147]}]