docs/data/wind_grid.json
[{"header":{"la1":42.85,"la2":41.18,"lo1":11.55,"lo2":14.05,"nx":36,"ny":24,"dx":0.07143,"dy":0.07261,"parameterCategory":2,"parameterNumber":2,"parameterNumberName":"eastward_wind","parameterUnit":"m.s-1"},"data":[-0.11,-0.119,-0.1296,-0.1415,-0.1539,-0.1653,-0.1737,-0.1771,-0.1739,-0.1637,-0.1477,-0.1276,-0.1056,-0.0838,-0.0639,-0.0478,-0.0376,-0.0353,-0.0426,-0.0589,-0.0803,-0.1002,-0.1123,-0.1139,-0.1068,-0.0948,-0.081,-0.0673,-0.0546,-0.0431,-0.033,-0.0239,-0.0158,-0.0086,-0.0022,0.0036,-0.1084,-0.1189,-0.1322,-0.1483,-0.1664,-0.1845,-0.1993,-0.2072,-0.205,-0.192,-0.1701,-0.1427,-0.1131,-0.0841,-0.0575,-0.0354,-0.0208,-0.0175,-0.0298,-0.0589,-0.0988,-0.1353,-0.1545,-0.1528,-0.137,-0.1158,-0.0945,-0.0756,-0.0593,-0.0455,-0.0337,-0.0234,-0.0145,-0.0067,0.0003,0.0064,-0.1033,-0.1148,-0.1309,-0.1523,-0.1785,-0.2071,-0.2333,-0.2498,-0.2501,-0.2321,-0.2005,-0.1621,-0.122,-0.0834,-0.0479,-0.017,0.0058,0.0139,-0.0033,-0.0539,-0.1305,-0.2011,-0.2301,-0.2146,-0.1784,-0.1406,-0.1087,-0.0832,-0.063,-0.0468,-0.0334,-0.0221,-0.0125,-0.004,0.0034,0.0099,-0.0933,-0.1046,-0.1227,-0.1499,-0.1872,-0.2325,-0.2791,-0.3134,-0.3191,-0.2913,-0.2419,-0.1861,-0.1319,-0.0815,-0.0349,0.0081,0.0459,0.0692,0.0547,-0.0287,-0.1824,-0.3309,-0.3677,-0.3069,-0.228,-0.1652,-0.1203,-0.0883,-0.0647,-0.0465,-0.0319,-0.0198,-0.0095,-0.0006,0.0072,0.0139,-0.077,-0.0852,-0.1028,-0.1351,-0.1862,-0.2566,-0.3398,-0.4127,-0.4315,-0.3796,-0.2954,-0.2134,-0.1415,-0.0778,-0.0191,0.0387,0.1004,0.1626,0.1836,0.0667,-0.2395,-0.5695,-0.5867,-0.4118,-0.2684,-0.1796,-0.1247,-0.0887,-0.0633,-0.0441,-0.0289,-0.0163,-0.0055,0.0038,0.0118,0.0188,-0.0532,-0.0536,-0.0647,-0.0978,-0.1637,-0.2671,-0.4079,-0.562,-0.6143,-0.5,-0.3528,-0.2379,-0.1478,-0.0709,-0.0009,0.0698,0.1587,0.2942,0.4446,0.3388,-0.1672,-0.7216,-0.7028,-0.4359,-0.2659,-0.1727,-0.1182,-0.0832,-0.0585,-0.0397,-0.0244,-0.0116,-0.0005,0.0091,0.0174,0.0245,-0.0231,-0.0086,-0.0017,-0.0246,-0.1036,-0.2415,-0.4371,-0.6893,-0.7949,-0.5876,-0.3855,-0.2515,-0.1483,-0.0581,0.0228,0.0978,0.1923,0.3782,0.7121,0.6546,0.0653,-0.3525,-0.4292,-0.3131,-0.2101,-0.144,-0.1018,-0.0729,-0.0512,-0.0337,-0.0188,-0.0059,0.0055,0.0154,0.0239,0.0312,0.0087,0.0436,0.0839,0.0922,-0.0003,-0.1721,-0.3739,-0.5826,-0.6621,-0.5281,-0.3789,-0.2565,-0.1449,-0.0351,0.0666,0.1392,0.1957,0.3018,0.4704,0.3745,0.0261,-0.1259,-0.1816,-0.1741,-0.1403,-0.1079,-0.0822,-0.0614,-0.0435,-0.0273,-0.0126,0.0007,0.0125,0.0227,0.0316,0.039,0.034,0.0843,0.1514,0.1968,0.0952,-0.0996,-0.2925,-0.4395,-0.507,-0.4828,-0.3907,-0.2728,-0.1485,-0.0012,0.1699,0.2572,0.2287,0.2137,0.204,0.0713,-0.1646,-0.1549,-0.1085,-0.0995,-0.0913,-0.0804,-0.0678,-0.0535,-0.0379,-0.0218,-0.0064,0.0079,0.0205,0.0314,0.0405,0.048,0.0474,0.1034,0.1656,0.1954,0.1433,-0.0524,-0.2688,-0.4433,-0.5975,-0.6301,-0.4743,-0.3142,-0.1805,0.0065,0.3834,0.5795,0.3144,0.2025,0.1478,0.0426,-0.1032,-0.1105,-0.0698,-0.063,-0.068,-0.071,-0.0665,-0.0543,-0.0371,-0.0184,-0.0004,0.0159,0.0299,0.0416,0.051,0.0585,0.0482,0.1132,0.2213,0.4091,0.3481,-0.0153,-0.2932,-0.4948,-0.825,-0.9878,-0.5771,-0.3624,-0.262,-0.1376,0.2748,0.5734,0.2913,0.2228,0.1921,0.1194,0.0344,-0.0087,-0.0248,-0.0464,-0.0729,-0.0902,-0.0878,-0.0689,-0.0431,-0.0172,0.0059,0.0254,0.0413,0.0539,0.0636,0.0708,0.0331,0.0945,0.2068,0.3775,0.3001,-0.0806,-0.3554,-0.4872,-0.6509,-0.7691,-0.5232,-0.3997,-0.3756,-0.4388,-0.2465,0.071,0.2036,0.3177,0.33,0.2192,0.1193,0.0522,0.0003,-0.0572,-0.1216,-0.1598,-0.1456,-0.1015,-0.0551,-0.0163,0.0142,0.0377,0.0556,0.069,0.0786,0.0853,0.0029,0.0396,0.0894,0.1186,0.0202,-0.2042,-0.4076,-0.5082,-0.4949,-0.4804,-0.4441,-0.498,-0.4797,-0.5329,-0.3752,0.0381,0.2445,0.5577,0.5646,0.2973,0.1592,0.0762,0.003,-0.0967,-0.2354,-0.314,-0.2493,-0.1458,-0.0659,-0.0108,0.0276,0.0549,0.0743,0.0878,0.0968,0.1022,-0.0319,-0.0206,-0.0166,-0.0419,-0.1239,-0.2529,-0.3811,-0.4632,-0.4446,-0.3858,-0.3988,-0.6676,-0.7307,-0.2229,-0.0573,0.2972,0.3389,0.4306,0.4342,0.266,0.1479,0.0727,-0.0004,-0.1274,-0.3547,-0.4898,-0.3385,-0.1671,-0.0595,0.0067,0.0499,0.0791,0.0987,0.1113,0.1185,0.1218,-0.0609,-0.0647,-0.0788,-0.1121,-0.1702,-0.2447,-0.3144,-0.3527,-0.3375,-0.2972,-0.2872,-0.332,-0.2867,-0.1948,0.0665,0.3828,0.6275,0.3895,0.2836,0.1817,0.0875,0.0425,0.0038,-0.0927,-0.2732,-0.3835,-0.2682,-0.1209,-0.022,0.0414,0.0835,0.1118,0.1298,0.1399,0.144,0.1441,-0.0804,-0.0903,-0.1081,-0.1364,-0.1749,-0.2172,-0.2518,-0.2655,-0.2522,-0.2239,-0.2017,-0.1952,-0.1573,-0.0756,0.0788,0.3205,0.5157,0.3396,0.2181,0.1057,-0.0318,-0.0214,0.0105,-0.024,-0.098,-0.1412,-0.1011,-0.0261,0.0406,0.0912,0.1278,0.1529,0.1678,0.1738,0.1731,0.1686,-0.0909,-0.102,-0.1179,-0.1389,-0.1635,-0.1872,-0.2037,-0.2073,-0.1971,-0.1819,-0.1781,-0.1382,0.0498,0.155,0.1124,0.1971,0.2544,0.2269,0.1781,0.0947,-0.049,-0.0265,0.0304,0.0329,0.0125,0.0014,0.0194,0.0614,0.1089,0.149,0.1793,0.2003,0.2112,0.2115,0.2043,0.1939,-0.0945,-0.1045,-0.117,-0.1317,-0.1468,-0.1596,-0.1666,-0.1652,-0.1555,-0.14,-0.1152,-0.0466,0.1224,0.1827,0.1513,0.1828,0.1899,0.187,0.1903,0.1434,0.0776,0.0598,0.0741,0.0794,0.0661,0.0397,0.0478,0.1111,0.173,0.2103,0.2322,0.2478,0.2548,0.2487,0.2342,0.2175,-0.0935,-0.1015,-0.1106,-0.1202,-0.129,-0.1351,-0.1365,-0.1317,-0.1202,-0.1009,-0.0688,-0.0135,0.0624,0.1271,0.2279,0.2703,0.1931,0.1783,0.1831,0.1664,0.1364,0.1175,0.1191,0.1235,0.0899,-0.0408,-0.0677,0.135,0.2508,0.2788,0.2796,0.2819,0.2854,0.2761,0.2571,0.2365,-0.0895,-0.0954,-0.1016,-0.1074,-0.1118,-0.1135,-0.1114,-0.1042,-0.0911,-0.0707,-0.0405,0.0018,0.0549,0.1202,0.2109,0.2404,0.1851,0.1688,0.1813,0.1888,0.1591,0.1462,0.1554,0.1775,0.167,-0.0116,-0.0573,0.314,0.3958,0.3645,0.3215,0.2953,0.2918,0.2859,0.2692,0.2488,-0.0837,-0.0877,-0.0915,-0.0944,-0.0958,-0.0947,-0.0903,-0.0816,-0.068,-0.0485,-0.022,0.0119,0.0528,0.0997,0.1451,0.1644,0.1581,0.1573,0.1679,0.1712,0.1581,0.1543,0.1735,0.2318,0.3411,0.5462,0.9658,0.8674,0.6015,0.4596,0.3728,0.3178,0.2973,0.2887,0.2745,0.2559,-0.0769,-0.0794,-0.0812,-0.0821,-0.0814,-0.0784,-0.0725,-0.0632,-0.0498,-0.032,-0.0092,0.0182,0.0494,0.0818,0.1102,0.1279,0.1363,0.1431,0.1503,0.1527,0.1475,0.1356,0.144,0.2363,0.4444,0.8644,1.428,1.1149,0.6651,0.5141,0.4259,0.3581,0.319,0.2976,0.2794,0.2605,-0.0698,-0.0709,-0.0713,-0.0706,-0.0685,-0.0643,-0.0577,-0.0482,-0.0355,-0.0195,-0.0,0.0224,0.0467,0.071,0.0925,0.1093,0.1216,0.1316,0.1396,0.1441,0.1394,0.1127,0.1024,0.2092,0.4171,0.7044,0.9185,0.7527,0.5396,0.5137,0.4563,0.3892,0.3404,0.3084,0.2844,0.2636,-0.0626,-0.0627,-0.062,-0.0602,-0.057,-0.0521,-0.0452,-0.0359,-0.0241,-0.0098,0.007,0.0256,0.0454,0.065,0.0831,0.0989,0.1122,0.1239,0.134,0.1417,0.1437,0.136,0.1453,0.2247,0.3666,0.5249,0.6145,0.5729,0.5175,0.505,0.4572,0.3979,0.3496,0.314,0.287,0.2647]},{"header":{"la1":42.85,"la2":41.18,"lo1":11.55,"lo2":14.05,"nx":36,"ny":24,"dx":0.07143,"dy":0.07261,"parameterCategory":2,"parameterNumber":3,"parameterNumberName":"northward_wind","parameterUnit":"m.s-1"},"data":[0.2394,0.2217,0.2003,0.1756,0.1485,0.1213,0.0972,0.0798,0.0719,0.0737,0.0833,0.0977,0.1141,0.1308,0.1469,0.162,0.1756,0.1868,0.1948,0.1991,0.2003,0.1999,0.1994,0.1999,0.2014,0.2038,0.2068,0.2102,0.214,0.2181,0.2225,0.2271,0.2319,0.2367,0.2416,0.2464,0.2483,0.2283,0.2027,0.1711,0.1345,0.0956,0.0597,0.0337,0.0233,0.0293,0.0473,0.0709,0.0953,0.1184,0.1397,0.1595,0.1776,0.1924,0.2021,0.2055,0.2035,0.1993,0.1964,0.1961,0.198,0.2009,0.2044,0.2082,0.2123,0.2167,0.2215,0.2265,0.2318,0.2371,0.2424,0.2477,0.2619,0.24,0.2101,0.1704,0.1203,0.0627,0.0057,-0.037,-0.0519,-0.0366,-0.002,0.0376,0.0738,0.1049,0.1324,0.1583,0.183,0.204,0.2167,0.2173,0.2076,0.1955,0.189,0.1894,0.1931,0.1974,0.2017,0.206,0.2104,0.2153,0.2205,0.226,0.2318,0.2377,0.2436,0.2493,0.2813,0.2592,0.2261,0.1777,0.1101,0.0229,-0.0738,-0.1523,-0.1769,-0.1391,-0.0695,-0.0019,0.0508,0.0908,0.1245,0.1577,0.1927,0.2256,0.2453,0.24,0.2115,0.1812,0.1712,0.1777,0.1869,0.1938,0.1991,0.2037,0.2084,0.2137,0.2194,0.2256,0.2321,0.2386,0.2452,0.2515,0.3077,0.288,0.255,0.2005,0.1133,-0.017,-0.1878,-0.3508,-0.4015,-0.3034,-0.1569,-0.0427,0.0298,0.0766,0.1143,0.155,0.2058,0.2637,0.3047,0.2896,0.2166,0.1432,0.1366,0.1631,0.1817,0.1912,0.1967,0.2013,0.2062,0.2118,0.2183,0.2252,0.2326,0.24,0.2473,0.2543,0.3411,0.3275,0.3004,0.2476,0.1473,-0.0319,-0.3213,-0.6793,-0.8085,-0.5441,-0.2442,-0.07,0.0163,0.0622,0.0978,0.1434,0.2144,0.3197,0.426,0.4052,0.2515,0.115,0.1169,0.1614,0.1826,0.1906,0.1947,0.1985,0.2033,0.2095,0.2169,0.225,0.2334,0.2419,0.2501,0.2579,0.3798,0.3749,0.3594,0.3218,0.2289,0.0269,-0.3598,-0.9761,-1.256,-0.7117,-0.258,-0.0604,0.0153,0.0454,0.0685,0.1108,0.1952,0.3476,0.5568,0.5388,0.3262,0.2043,0.1754,0.1854,0.1905,0.1911,0.1916,0.1942,0.1992,0.2064,0.2151,0.2248,0.2347,0.2446,0.2539,0.2626,0.4213,0.423,0.4135,0.3966,0.3435,0.178,-0.146,-0.6289,-0.838,-0.4461,-0.1296,-0.0071,0.0234,0.02,0.0161,0.0435,0.1258,0.2659,0.4214,0.4213,0.3403,0.2932,0.2417,0.2122,0.1967,0.1882,0.185,0.1868,0.1928,0.2019,0.2129,0.2248,0.2368,0.2484,0.2591,0.2687,0.4651,0.4715,0.4413,0.4004,0.4364,0.3598,0.178,-0.0139,-0.0787,0.0001,0.0604,0.0618,0.0294,-0.0207,-0.0765,-0.0786,0.0163,0.1432,0.2496,0.311,0.3784,0.3571,0.2715,0.2195,0.1913,0.1764,0.1713,0.1741,0.1829,0.1956,0.2102,0.2254,0.2401,0.2538,0.266,0.2767,0.5135,0.5451,0.5488,0.5394,0.6235,0.5496,0.4343,0.3547,0.3263,0.303,0.2139,0.1138,0.0249,-0.0676,-0.2187,-0.2917,-0.0946,0.0614,0.1653,0.2494,0.3304,0.3193,0.2506,0.2001,0.1681,0.1502,0.1459,0.1533,0.1684,0.1873,0.2075,0.2272,0.2454,0.2616,0.2756,0.2872,0.558,0.6352,0.7786,1.0603,1.0153,0.7336,0.6326,0.5867,0.496,0.4682,0.3051,0.1319,0.0045,-0.0914,-0.2211,-0.3069,-0.1039,0.047,0.1364,0.1888,0.225,0.2266,0.1962,0.1576,0.1224,0.1014,0.1023,0.121,0.1484,0.1777,0.2058,0.2314,0.2539,0.273,0.2886,0.301,0.5791,0.6716,0.8326,1.0565,1.0122,0.8054,0.8244,0.9021,0.6849,0.4911,0.3101,0.1147,-0.0363,-0.1454,-0.1542,-0.1436,-0.0479,0.1256,0.1993,0.1795,0.1724,0.1657,0.1428,0.1,0.0458,0.0137,0.0298,0.075,0.1244,0.169,0.2075,0.2403,0.2676,0.2896,0.3066,0.3191,0.5714,0.6443,0.7398,0.8223,0.8145,0.8021,0.9507,1.1924,0.9847,0.5673,0.285,0.0863,-0.0434,-0.1755,-0.1779,-0.2019,-0.0863,0.3434,0.3806,0.1959,0.147,0.1282,0.1,0.0356,-0.0733,-0.1374,-0.0767,0.0217,0.1032,0.166,0.216,0.2565,0.2888,0.3134,0.3311,0.3428,0.5468,0.5954,0.6467,0.6856,0.7068,0.7544,0.8817,1.0391,0.9073,0.5376,0.2772,0.069,-0.0151,-0.2438,-0.2322,-0.5043,-0.3232,0.0963,0.227,0.1505,0.1116,0.0929,0.0694,-0.0079,-0.1819,-0.2919,-0.1625,-0.0088,0.0981,0.1752,0.2356,0.2839,0.3212,0.3476,0.3644,0.3735,0.5177,0.5494,0.58,0.6059,0.6303,0.6675,0.7213,0.7431,0.6381,0.4604,0.3431,0.2477,0.1,0.0836,-0.2088,-0.5743,-0.3264,-0.1067,0.0664,0.0882,0.0379,0.029,0.0471,0.0054,-0.1235,-0.208,-0.1132,0.0162,0.1184,0.2008,0.2702,0.3271,0.3693,0.3959,0.409,0.4124,0.4897,0.5108,0.5305,0.5477,0.5634,0.5791,0.5873,0.5658,0.5008,0.4384,0.4587,0.5361,0.3908,0.1726,-0.0062,-0.1831,-0.203,-0.0216,0.1192,0.0695,-0.1563,-0.1091,0.0276,0.047,-0.002,-0.0378,-0.0065,0.0666,0.1529,0.2405,0.3226,0.3918,0.4399,0.4637,0.4677,0.4604,0.4649,0.4789,0.4914,0.5014,0.5084,0.5107,0.5033,0.4804,0.447,0.431,0.4582,0.4776,0.586,0.6145,0.253,0.1064,0.1088,0.2644,0.3859,0.2076,-0.1704,-0.1067,0.0606,0.0896,0.0507,0.0075,0.0114,0.0772,0.1785,0.2886,0.3953,0.4863,0.5426,0.5565,0.5417,0.5161,0.4434,0.4526,0.4601,0.465,0.4665,0.4632,0.4534,0.437,0.42,0.4137,0.4247,0.4632,0.6266,0.6533,0.4129,0.3482,0.3651,0.6294,0.9168,0.5545,0.2554,0.1635,0.169,0.1324,0.0255,-0.1165,-0.1407,0.0064,0.1867,0.3443,0.4892,0.617,0.6846,0.6742,0.6254,0.5739,0.4252,0.431,0.4352,0.437,0.4358,0.4311,0.4226,0.4116,0.402,0.3987,0.4063,0.4312,0.4736,0.4798,0.5156,0.552,0.4924,0.6815,0.8627,0.7656,0.5456,0.3786,0.2871,0.1794,-0.0451,-0.4447,-0.531,-0.1069,0.2144,0.4158,0.59,0.7601,0.8391,0.7885,0.6983,0.6216,0.41,0.4135,0.4156,0.4157,0.4136,0.409,0.4024,0.3951,0.3891,0.3872,0.3917,0.4039,0.4213,0.445,0.5055,0.5325,0.5208,0.6511,0.9282,1.0441,0.7078,0.5097,0.3995,0.271,0.0236,-0.4678,-0.5803,0.0439,0.3527,0.5176,0.6607,0.82,0.8959,0.8309,0.7294,0.6464,0.3974,0.3995,0.4004,0.3997,0.3974,0.3936,0.3887,0.3837,0.3799,0.3788,0.3817,0.3893,0.402,0.4225,0.4522,0.4764,0.5135,0.6176,0.7899,0.841,0.6928,0.5986,0.5387,0.431,0.3006,0.2794,0.5913,0.6112,0.6123,0.67,0.7155,0.7792,0.8199,0.7846,0.7139,0.6465,0.3871,0.3883,0.3885,0.3876,0.3855,0.3825,0.379,0.3757,0.3734,0.3731,0.3757,0.3817,0.3921,0.4077,0.4284,0.4542,0.4942,0.5596,0.6338,0.6658,0.6699,0.7347,0.7503,0.613,0.5284,0.6678,0.9747,0.8834,0.9006,0.9054,0.8246,0.7737,0.7556,0.7276,0.6826,0.6335,0.3787,0.3794,0.3793,0.3784,0.3768,0.3746,0.3722,0.3701,0.369,0.3694,0.3721,0.3777,0.3867,0.3998,0.4175,0.4413,0.4742,0.5174,0.5637,0.6086,0.6856,0.8438,0.8933,0.7194,0.6276,0.699,0.8368,0.9975,1.2923,1.2008,0.9645,0.8173,0.7441,0.6991,0.6586,0.6188,0.3719,0.3723,0.3722,0.3715,0.3703,0.3688,0.3673,0.3662,0.366,0.3671,0.3701,0.3755,0.3837,0.3954,0.4111,0.4319,0.4587,0.4916,0.53,0.5788,0.6551,0.7573,0.7828,0.6993,0.6524,0.7,0.8272,1.07,1.3426,1.2483,1.008,0.8403,0.7443,0.6858,0.6428,0.606]}]