docs/data/wind_grid.json
[{"header":{"la1":42.85,"la2":41.18,"lo1":11.55,"lo2":14.05,"nx":36,"ny":24,"dx":0.07143,"dy":0.07261,"parameterCategory":2,"parameterNumber":2,"parameterNumberName":"eastward_wind","parameterUnit":"m.s-1"},"data":[-0.4803,-0.493,-0.5068,-0.5215,-0.5368,-0.5518,-0.5649,-0.5746,-0.5801,-0.5822,-0.583,-0.5857,-0.5927,-0.6055,-0.6239,-0.6466,-0.6707,-0.6917,-0.7049,-0.7065,-0.6952,-0.6728,-0.6428,-0.6092,-0.5748,-0.5417,-0.5112,-0.4835,-0.459,-0.4375,-0.4188,-0.4025,-0.3884,-0.3763,-0.3658,-0.3567,-0.4872,-0.5018,-0.518,-0.5362,-0.5561,-0.5766,-0.5951,-0.6081,-0.6131,-0.6108,-0.6058,-0.6036,-0.6089,-0.6238,-0.6486,-0.6816,-0.7188,-0.7532,-0.776,-0.7798,-0.7627,-0.7292,-0.6862,-0.6402,-0.5955,-0.5544,-0.5178,-0.4858,-0.4583,-0.4347,-0.4146,-0.3975,-0.383,-0.3707,-0.3602,-0.3512,-0.4942,-0.5107,-0.5296,-0.5521,-0.5786,-0.6083,-0.6372,-0.6577,-0.6625,-0.6516,-0.6342,-0.6222,-0.6232,-0.6403,-0.6735,-0.7216,-0.7798,-0.8376,-0.8779,-0.8849,-0.8558,-0.8017,-0.7374,-0.6735,-0.6154,-0.5647,-0.5214,-0.485,-0.4546,-0.4292,-0.4081,-0.3905,-0.3759,-0.3637,-0.3534,-0.3448,-0.5014,-0.5195,-0.541,-0.568,-0.6031,-0.6477,-0.6974,-0.7363,-0.7431,-0.7139,-0.6709,-0.6401,-0.6334,-0.6523,-0.6961,-0.7648,-0.8564,-0.957,-1.0319,-1.0428,-0.9862,-0.8931,-0.7946,-0.706,-0.6314,-0.5702,-0.5203,-0.4798,-0.447,-0.4204,-0.3988,-0.3812,-0.3669,-0.3552,-0.3455,-0.3375,-0.5092,-0.5286,-0.5516,-0.5818,-0.6257,-0.6914,-0.7806,-0.8662,-0.8849,-0.8131,-0.716,-0.6529,-0.6354,-0.6567,-0.7123,-0.8057,-0.9457,-1.1246,-1.2736,-1.2867,-1.1645,-0.999,-0.8499,-0.7311,-0.6391,-0.5679,-0.5124,-0.4689,-0.4347,-0.4078,-0.3864,-0.3695,-0.356,-0.3452,-0.3364,-0.3293,-0.5185,-0.5393,-0.5622,-0.5917,-0.6387,-0.7245,-0.8744,-1.0675,-1.1309,-0.9566,-0.7553,-0.6494,-0.6243,-0.6513,-0.7178,-0.8316,-1.0244,-1.3271,-1.6292,-1.633,-1.3693,-1.0923,-0.8852,-0.7384,-0.6326,-0.5545,-0.4957,-0.4511,-0.417,-0.3909,-0.3708,-0.3553,-0.3432,-0.3338,-0.3264,-0.3204,-0.5314,-0.555,-0.5773,-0.6001,-0.6357,-0.7171,-0.9052,-1.2353,-1.387,-1.047,-0.7358,-0.6118,-0.597,-0.638,-0.7136,-0.83,-1.038,-1.431,-1.9099,-1.8912,-1.4722,-1.1134,-0.8762,-0.7178,-0.6072,-0.5274,-0.4687,-0.4254,-0.3933,-0.3695,-0.3518,-0.3387,-0.3288,-0.3213,-0.3156,-0.3111,-0.55,-0.5817,-0.6084,-0.6225,-0.6272,-0.6559,-0.7725,-1.0156,-1.1198,-0.8308,-0.5971,-0.5317,-0.5572,-0.6268,-0.7159,-0.8148,-0.9643,-1.2561,-1.6254,-1.6322,-1.3156,-1.0207,-0.8124,-0.6664,-0.5616,-0.4856,-0.4307,-0.3915,-0.3636,-0.3438,-0.3299,-0.32,-0.313,-0.308,-0.3044,-0.3016,-0.5745,-0.6254,-0.6747,-0.6951,-0.6576,-0.5893,-0.5544,-0.5578,-0.5099,-0.4035,-0.3756,-0.4273,-0.5158,-0.6315,-0.7636,-0.8475,-0.8953,-1.0097,-1.1533,-1.171,-1.0391,-0.867,-0.7141,-0.5918,-0.4984,-0.4299,-0.3819,-0.3495,-0.3282,-0.3144,-0.3056,-0.3,-0.2966,-0.2946,-0.2934,-0.2926,-0.5991,-0.6818,-0.7889,-0.8724,-0.8004,-0.5839,-0.3917,-0.224,-0.0142,0.0557,-0.1362,-0.3301,-0.4801,-0.6421,-0.891,-1.0088,-0.9015,-0.9096,-0.9498,-0.9343,-0.851,-0.7326,-0.6116,-0.5054,-0.4211,-0.3609,-0.3224,-0.3001,-0.2881,-0.2822,-0.2799,-0.2796,-0.2805,-0.2818,-0.2833,-0.2845,-0.6086,-0.7195,-0.899,-1.1186,-1.0498,-0.6149,-0.2945,-0.0606,0.3734,0.5836,0.042,-0.277,-0.4555,-0.6048,-0.8472,-1.0068,-0.896,-0.9543,-0.9885,-0.9074,-0.7751,-0.64,-0.5175,-0.4127,-0.331,-0.278,-0.2523,-0.2445,-0.2451,-0.2491,-0.2544,-0.2602,-0.2658,-0.2708,-0.275,-0.2781,-0.5879,-0.6935,-0.864,-1.0693,-0.9807,-0.5244,-0.2159,-0.0815,0.1456,0.3099,-0.0349,-0.2789,-0.4502,-0.6136,-0.6446,-0.732,-0.9084,-1.2683,-1.3348,-1.0322,-0.7572,-0.5659,-0.4257,-0.3137,-0.227,-0.1797,-0.1729,-0.1858,-0.2022,-0.2174,-0.2312,-0.2435,-0.2541,-0.2629,-0.2697,-0.2745,-0.5387,-0.607,-0.6924,-0.7431,-0.6268,-0.3651,-0.1652,-0.0974,-0.082,-0.0621,-0.165,-0.2733,-0.36,-0.6217,-0.5948,-0.6203,-0.9738,-1.948,-1.9579,-1.1442,-0.701,-0.4694,-0.3267,-0.2139,-0.1166,-0.0723,-0.0935,-0.132,-0.1644,-0.1904,-0.2125,-0.2316,-0.2476,-0.26,-0.269,-0.2748,-0.478,-0.5086,-0.53,-0.5118,-0.4221,-0.2859,-0.1717,-0.1161,-0.1166,-0.1455,-0.1994,-0.2644,-0.2452,0.1666,-0.3125,-0.5256,-0.8058,-1.4012,-1.4683,-0.8889,-0.5069,-0.3174,-0.2177,-0.1346,-0.0438,-0.0028,-0.0439,-0.0958,-0.1365,-0.1706,-0.201,-0.2274,-0.2489,-0.2646,-0.2747,-0.2804,-0.4215,-0.4289,-0.4232,-0.3928,-0.3329,-0.2582,-0.1943,-0.1587,-0.1524,-0.1598,-0.1751,-0.2095,-0.1568,-0.1012,-0.2322,-0.5364,-0.7529,-0.7165,-0.6703,-0.425,-0.1894,-0.1065,-0.0978,-0.0787,-0.0405,-0.0197,-0.0418,-0.0789,-0.1184,-0.1592,-0.1991,-0.2345,-0.262,-0.28,-0.2893,-0.2925,-0.3754,-0.3715,-0.3576,-0.33,-0.2897,-0.2447,-0.2057,-0.1795,-0.1627,-0.1355,-0.0645,-0.2478,-0.2267,-0.1787,-0.237,-0.4347,-0.6056,-0.4111,-0.233,-0.0591,0.1284,0.1054,0.0187,-0.0148,-0.0194,-0.0198,-0.0306,-0.0587,-0.1027,-0.1558,-0.2103,-0.2585,-0.2929,-0.3109,-0.3155,-0.3124,-0.3394,-0.3309,-0.3156,-0.2928,-0.264,-0.2335,-0.2059,-0.1833,-0.1622,-0.1303,-0.0779,-0.167,-0.2395,-0.2457,-0.1605,-0.1589,-0.1528,0.013,0.1737,0.1703,0.1898,0.1652,0.0968,0.0579,0.0464,0.0462,0.0317,-0.014,-0.0828,-0.1608,-0.2394,-0.3074,-0.3501,-0.3625,-0.3547,-0.3396,-0.3115,-0.3014,-0.2868,-0.2678,-0.2457,-0.2226,-0.2007,-0.1809,-0.1625,-0.1451,-0.1382,-0.1615,-0.2153,-0.1944,0.0698,0.2069,0.198,0.4126,0.631,0.4345,0.2911,0.2198,0.1684,0.1337,0.1352,0.1698,0.1597,0.0612,-0.0616,-0.1777,-0.2898,-0.3885,-0.4404,-0.4357,-0.404,-0.3705,-0.2894,-0.279,-0.2654,-0.2491,-0.2308,-0.2117,-0.193,-0.1751,-0.1585,-0.1438,-0.1325,-0.1209,-0.0862,0.074,0.5661,0.756,0.4331,0.5181,0.676,0.7344,0.5346,0.3619,0.2659,0.2096,0.2185,0.3435,0.3671,0.1369,-0.0635,-0.2113,-0.3514,-0.486,-0.5458,-0.5111,-0.4487,-0.3965,-0.2716,-0.2611,-0.2485,-0.234,-0.2179,-0.201,-0.1837,-0.1664,-0.149,-0.1305,-0.1078,-0.0712,0.0069,0.1925,0.5418,0.66,0.4834,0.5857,1.0207,1.2152,0.75,0.5087,0.3894,0.2854,0.2324,0.355,0.3882,0.0553,-0.1392,-0.2685,-0.3932,-0.5269,-0.5861,-0.5387,-0.4658,-0.4073,-0.2567,-0.2465,-0.2345,-0.221,-0.2062,-0.1904,-0.1737,-0.156,-0.1367,-0.1139,-0.0836,-0.0372,0.0408,0.1677,0.3218,0.4011,0.4267,0.5619,0.8327,0.927,0.7485,0.6735,0.6078,0.4127,0.1883,0.0057,-0.2395,-0.2654,-0.2991,-0.3679,-0.4221,-0.487,-0.5251,-0.4999,-0.4481,-0.4002,-0.244,-0.234,-0.2225,-0.2097,-0.1956,-0.1803,-0.1637,-0.1454,-0.1245,-0.0992,-0.0661,-0.0203,0.0441,0.1281,0.2173,0.2901,0.3608,0.4687,0.6017,0.688,0.7816,1.0265,1.0812,0.6722,0.2101,-0.1789,-0.4669,-0.4317,-0.5202,-0.5528,-0.4989,-0.4692,-0.4638,-0.4471,-0.4161,-0.3824,-0.2331,-0.2233,-0.2121,-0.1997,-0.186,-0.1709,-0.1543,-0.1356,-0.114,-0.088,-0.0555,-0.0139,0.0385,0.1005,0.1665,0.2323,0.3037,0.3904,0.4916,0.6177,0.8612,1.3185,1.4537,0.8799,0.2906,-0.1144,-0.3548,-0.5672,-0.8877,-0.8112,-0.6102,-0.4937,-0.4424,-0.4137,-0.3879,-0.3625,-0.2237,-0.2139,-0.203,-0.1909,-0.1775,-0.1626,-0.1461,-0.1274,-0.1059,-0.0804,-0.0498,-0.0128,0.0311,0.0811,0.1353,0.1931,0.2572,0.332,0.4242,0.5549,0.7715,1.0582,1.1073,0.7429,0.2964,-0.0535,-0.3275,-0.6432,-0.9352,-0.8516,-0.6412,-0.5036,-0.4318,-0.3926,-0.3659,-0.344]},{"header":{"la1":42.85,"la2":41.18,"lo1":11.55,"lo2":14.05,"nx":36,"ny":24,"dx":0.07143,"dy":0.07261,"parameterCategory":2,"parameterNumber":3,"parameterNumberName":"northward_wind","parameterUnit":"m.s-1"},"data":[-0.0794,-0.086,-0.0914,-0.0951,-0.0967,-0.0953,-0.0901,-0.08,-0.0645,-0.0439,-0.0198,0.0056,0.0296,0.05,0.0655,0.0757,0.0813,0.0841,0.086,0.0891,0.0944,0.1014,0.1092,0.1166,0.1228,0.1274,0.1302,0.1314,0.131,0.1295,0.127,0.1239,0.1202,0.1163,0.1123,0.1083,-0.0996,-0.1086,-0.1165,-0.1229,-0.1273,-0.1288,-0.1258,-0.1165,-0.099,-0.0735,-0.0422,-0.0091,0.0217,0.0467,0.0642,0.0734,0.0756,0.0737,0.0717,0.0733,0.0798,0.0901,0.1017,0.1125,0.1212,0.1272,0.1308,0.132,0.1315,0.1295,0.1264,0.1226,0.1182,0.1136,0.109,0.1045,-0.1217,-0.1336,-0.1445,-0.1543,-0.1627,-0.1688,-0.1705,-0.1641,-0.1454,-0.1131,-0.071,-0.0263,0.0142,0.0456,0.065,0.0717,0.067,0.0558,0.0462,0.0454,0.0556,0.0728,0.0913,0.1074,0.1195,0.1274,0.1316,0.1329,0.1319,0.1292,0.1254,0.1206,0.1155,0.1101,0.1048,0.0996,-0.1456,-0.1609,-0.1754,-0.1892,-0.2026,-0.2155,-0.2259,-0.2274,-0.2096,-0.1673,-0.1081,-0.0456,0.0088,0.0485,0.0701,0.0717,0.0544,0.025,-0.0005,-0.0043,0.0159,0.0476,0.0783,0.1022,0.1186,0.1284,0.1331,0.1341,0.1323,0.1286,0.1237,0.1179,0.1118,0.1055,0.0993,0.0936,-0.1716,-0.1909,-0.2094,-0.2272,-0.2457,-0.267,-0.2915,-0.3107,-0.3001,-0.2419,-0.1541,-0.0652,0.0081,0.0584,0.0823,0.0766,0.0385,-0.0265,-0.0861,-0.0925,-0.0454,0.0156,0.0654,0.0993,0.1199,0.131,0.1355,0.1355,0.1325,0.1275,0.1212,0.1141,0.1068,0.0995,0.0924,0.086,-0.1998,-0.2241,-0.2469,-0.2683,-0.2905,-0.3183,-0.359,-0.409,-0.4187,-0.334,-0.2027,-0.0797,0.0163,0.0789,0.1056,0.0924,0.0284,-0.0966,-0.2283,-0.2314,-0.1215,-0.0128,0.0596,0.1021,0.125,0.1356,0.1386,0.1368,0.132,0.1253,0.1174,0.1089,0.1002,0.0916,0.0836,0.0764,-0.2305,-0.2616,-0.2901,-0.3148,-0.3374,-0.3648,-0.4082,-0.4757,-0.5075,-0.4009,-0.2354,-0.0815,0.0382,0.1133,0.1428,0.1267,0.0489,-0.1278,-0.3497,-0.3418,-0.1578,-0.0121,0.0709,0.1142,0.1347,0.142,0.1419,0.1374,0.1303,0.1216,0.1119,0.1017,0.0914,0.0815,0.0724,0.0645,-0.2635,-0.3047,-0.3426,-0.372,-0.3926,-0.4131,-0.4422,-0.475,-0.4811,-0.4084,-0.253,-0.0708,0.0777,0.1635,0.1894,0.1746,0.1156,-0.0252,-0.2091,-0.2167,-0.0778,0.0379,0.1037,0.1358,0.1479,0.1488,0.1439,0.136,0.1265,0.1157,0.104,0.0919,0.0798,0.0684,0.0582,0.0494,-0.2969,-0.3536,-0.409,-0.4491,-0.4657,-0.4786,-0.5107,-0.5562,-0.5886,-0.5347,-0.3248,-0.0587,0.1409,0.2296,0.2214,0.1953,0.1842,0.128,0.0454,0.0217,0.065,0.1166,0.1492,0.1619,0.1608,0.1526,0.1419,0.1308,0.1192,0.1067,0.0931,0.0788,0.0647,0.0514,0.0399,0.0305,-0.3252,-0.4024,-0.4883,-0.555,-0.5613,-0.556,-0.6163,-0.7621,-1.0056,-1.0154,-0.5248,-0.0353,0.2486,0.3257,0.1879,0.095,0.2086,0.2217,0.1873,0.1684,0.1747,0.1883,0.1931,0.1846,0.1668,0.1474,0.1314,0.119,0.1072,0.0939,0.0784,0.0616,0.0448,0.0294,0.0164,0.0065,-0.3384,-0.4325,-0.5516,-0.6625,-0.6536,-0.617,-0.7132,-0.9364,-1.5882,-1.9359,-0.7248,0.0737,0.4372,0.5278,0.306,0.1213,0.2708,0.256,0.2165,0.2194,0.2358,0.2417,0.2285,0.1967,0.1563,0.1232,0.1056,0.0976,0.0896,0.077,0.0595,0.0392,0.0187,0.0004,-0.0141,-0.0242,-0.3273,-0.4206,-0.5382,-0.6461,-0.6425,-0.6453,-0.8025,-0.9711,-1.2124,-1.3499,-0.3953,0.3369,0.682,0.8176,0.7294,0.53,0.381,0.1533,0.0858,0.1949,0.2706,0.2882,0.2589,0.193,0.1137,0.0622,0.0549,0.065,0.0675,0.0567,0.0357,0.0097,-0.0162,-0.0382,-0.0542,-0.0636,-0.2917,-0.3674,-0.4523,-0.5215,-0.5534,-0.6374,-0.8599,-1.0991,-0.942,-0.5077,0.1296,0.6707,0.8934,0.9125,0.8864,0.7386,0.4511,-0.1945,-0.2196,0.1686,0.3259,0.354,0.2988,0.1759,0.0212,-0.0585,-0.0239,0.0273,0.0458,0.0346,0.0058,-0.03,-0.0642,-0.0912,-0.108,-0.1149,-0.2406,-0.2951,-0.3512,-0.4008,-0.4511,-0.5474,-0.7261,-0.9156,-0.7331,-0.1267,0.4491,0.8985,1.0566,1.5579,1.0748,0.9298,0.776,0.2163,0.0754,0.3235,0.4647,0.4781,0.3764,0.1814,-0.0719,-0.187,-0.0859,0.0082,0.0332,0.0119,-0.0333,-0.086,-0.1331,-0.1658,-0.1814,-0.182,-0.1831,-0.2195,-0.2553,-0.2889,-0.3259,-0.3793,-0.4437,-0.4419,-0.2058,0.237,0.6217,0.9053,1.164,1.4744,1.1524,1.2103,1.5445,0.8713,0.5435,0.5895,0.7426,0.7215,0.5219,0.2714,0.0157,-0.103,-0.0324,0.0347,0.0351,-0.0135,-0.089,-0.17,-0.2361,-0.2741,-0.2828,-0.2694,-0.1252,-0.1467,-0.1657,-0.1808,-0.1915,-0.1943,-0.1696,-0.0686,0.1602,0.4705,0.655,1.0774,1.0823,1.1151,1.0268,1.1244,1.3306,0.8855,0.6405,0.7905,1.2355,1.112,0.6917,0.3991,0.2076,0.1142,0.105,0.0983,0.0477,-0.0478,-0.1736,-0.3017,-0.3962,-0.4346,-0.4225,-0.381,-0.0702,-0.0795,-0.0844,-0.0824,-0.07,-0.0394,0.0247,0.1441,0.328,0.5372,0.6618,0.855,0.9603,0.9548,0.8372,0.7811,0.7374,0.54,0.4252,0.696,1.2904,1.1469,0.7063,0.4521,0.3286,0.2797,0.2476,0.1817,0.0676,-0.0959,-0.3028,-0.5131,-0.6499,-0.6713,-0.6086,-0.5151,-0.0201,-0.0199,-0.014,0.0004,0.0273,0.0727,0.1451,0.2514,0.3881,0.5318,0.6529,0.7618,0.8772,0.8659,0.5676,0.411,0.4024,0.1975,-0.0229,0.3258,0.6571,0.6962,0.5399,0.4178,0.3933,0.4417,0.4336,0.2964,0.097,-0.1544,-0.4843,-0.8388,-1.0374,-0.9957,-0.8305,-0.6565,0.0239,0.0309,0.0441,0.0658,0.0991,0.1477,0.2149,0.3014,0.4018,0.5028,0.5899,0.6537,0.6716,0.5375,0.0846,-0.0862,0.2051,0.1608,0.0621,0.2154,0.3386,0.3855,0.3537,0.3408,0.437,0.6739,0.7222,0.4202,0.1198,-0.2055,-0.6725,-1.2356,-1.5064,-1.3348,-1.027,-0.7671,0.0612,0.0727,0.0901,0.115,0.1495,0.1952,0.2529,0.3211,0.3947,0.465,0.521,0.5488,0.5211,0.3801,0.0889,-0.0073,0.1742,0.2105,0.2007,0.2049,0.2116,0.1859,0.1632,0.2121,0.3756,0.6926,0.7623,0.3637,0.0885,-0.2173,-0.718,-1.3886,-1.6981,-1.4541,-1.0865,-0.7984,0.0921,0.1061,0.1253,0.1507,0.1834,0.2238,0.2716,0.3245,0.3784,0.4268,0.4614,0.4712,0.4415,0.3592,0.2473,0.1979,0.2181,0.2179,0.1983,0.1754,0.0824,-0.0764,-0.1345,-0.014,0.1622,0.2475,0.1077,0.0799,0.0152,-0.1759,-0.543,-1.0532,-1.3334,-1.2158,-0.9607,-0.734,0.117,0.1321,0.1514,0.1757,0.2052,0.2398,0.2786,0.3195,0.359,0.3925,0.4141,0.4173,0.3966,0.3521,0.2988,0.2601,0.2362,0.2056,0.1568,0.0622,-0.1702,-0.5578,-0.6698,-0.3398,-0.0477,0.0188,-0.081,-0.0339,-0.0219,-0.1042,-0.3106,-0.6139,-0.8289,-0.8451,-0.7404,-0.6092,0.1366,0.1518,0.1704,0.1926,0.2185,0.2476,0.2788,0.3103,0.3395,0.3629,0.3769,0.3779,0.3639,0.3366,0.3022,0.2671,0.2299,0.1806,0.1012,-0.052,-0.3762,-0.9017,-1.0453,-0.563,-0.1784,-0.0396,-0.0282,-0.0181,-0.0078,-0.0357,-0.1578,-0.3406,-0.4924,-0.5529,-0.5336,-0.4747,0.1518,0.1664,0.1836,0.2035,0.2258,0.2499,0.275,0.2993,0.321,0.3377,0.3469,0.3467,0.3362,0.3162,0.289,0.2557,0.2141,0.1562,0.0662,-0.0873,-0.3459,-0.6645,-0.7393,-0.4722,-0.2045,-0.0713,-0.0283,-0.0151,-0.0048,-0.0226,-0.0992,-0.2096,-0.3095,-0.3675,-0.3795,-0.3595]}]