docs/data/wind_grid.json
[{"header":{"la1":42.85,"la2":41.18,"lo1":11.55,"lo2":14.05,"nx":36,"ny":24,"dx":0.07143,"dy":0.07261,"parameterCategory":2,"parameterNumber":2,"parameterNumberName":"eastward_wind","parameterUnit":"m.s-1"},"data":[4.0342,4.0214,4.0061,3.9882,3.9679,3.9458,3.9222,3.8975,3.871,3.8413,3.8059,3.7625,3.7089,3.6442,3.5694,3.4872,3.4038,3.3279,3.269,3.234,3.2246,3.2368,3.2633,3.2971,3.3325,3.366,3.3958,3.4215,3.4428,3.4604,3.4746,3.486,3.4952,3.5027,3.5088,3.5141,4.0497,4.0363,4.0197,3.9997,3.9768,3.9515,3.9253,3.8991,3.8729,3.8446,3.81,3.7648,3.7052,3.6289,3.5357,3.4285,3.3153,3.2102,3.1306,3.0901,3.0905,3.1225,3.172,3.2268,3.2793,3.3257,3.3647,3.3967,3.4224,3.4427,3.4586,3.471,3.4808,3.4885,3.4947,3.5,4.0673,4.0533,4.0351,4.0123,3.9851,3.9545,3.923,3.8939,3.8689,3.845,3.815,3.7708,3.7064,3.6174,3.5013,3.3591,3.1997,3.0456,2.9312,2.8846,2.9076,2.977,3.0644,3.1501,3.2251,3.2868,3.3359,3.3743,3.4039,3.4264,3.4436,3.4565,3.4664,3.474,3.48,3.4851,4.0874,4.0731,4.0534,4.0271,3.9935,3.9536,3.9113,3.8747,3.8512,3.8375,3.8192,3.7814,3.7149,3.6137,3.4713,3.2823,3.0514,2.8115,2.6326,2.5814,2.6563,2.7965,2.9445,3.0727,3.1747,3.2528,3.3117,3.3556,3.3882,3.4122,3.4297,3.4426,3.4519,3.459,3.4645,3.4692,4.1107,4.0969,4.0762,4.0464,4.0048,3.9501,3.8863,3.8295,3.8052,3.814,3.8211,3.7976,3.7336,3.6234,3.4555,3.2115,2.8772,2.4855,2.1792,2.1324,2.3246,2.5918,2.8273,3.0062,3.1357,3.2284,3.2947,3.3422,3.3761,3.4002,3.4171,3.4289,3.4371,3.4431,3.4477,3.4517,4.1377,4.1259,4.106,4.0742,4.0253,3.9526,3.8529,3.7482,3.7123,3.7691,3.8233,3.822,3.7648,3.6519,3.4681,3.1774,2.7254,2.1026,1.5579,1.5411,1.962,2.4135,2.7453,2.9682,3.1169,3.2178,3.287,3.335,3.368,3.3904,3.4053,3.4151,3.4214,3.4257,3.429,3.432,4.1689,4.161,4.1448,4.1156,4.0654,3.9819,3.8493,3.6788,3.6134,3.7393,3.8437,3.8596,3.8095,3.7014,3.5202,3.2205,2.7129,1.9112,1.1095,1.1358,1.7858,2.3652,2.7408,2.9749,3.1246,3.2232,3.2893,3.3338,3.3633,3.3822,3.3938,3.4004,3.4039,3.4059,3.4074,3.4094,4.2038,4.2023,4.1938,4.1735,4.1332,4.0602,3.9391,3.7817,3.7197,3.8228,3.9038,3.9126,3.8647,3.7664,3.6064,3.3472,2.9168,2.2455,1.5625,1.5411,2.0469,2.5166,2.8291,3.0282,3.1574,3.243,3.3001,3.3375,3.361,3.3746,3.3813,3.3835,3.3834,3.3824,3.3819,3.3826,4.2413,4.2483,4.2515,4.2468,4.2277,4.184,4.1067,4.0098,3.9497,3.9512,3.9739,3.9705,3.9221,3.833,3.7005,3.5009,3.2025,2.8066,2.4438,2.3593,2.5411,2.7779,2.97,3.1084,3.205,3.2714,3.3158,3.3437,3.3593,3.3659,3.3662,3.3629,3.3581,3.3535,3.3507,3.3503,4.2792,4.2964,4.3139,4.33,4.3405,4.3353,4.2929,4.1808,4.0024,3.9238,3.9961,4.022,3.9703,3.8803,3.77,3.6143,3.3885,3.1295,2.9278,2.8533,2.8974,2.9969,3.1005,3.1873,3.2537,3.3011,3.3322,3.3496,3.356,3.3541,3.3466,3.3362,3.3257,3.317,3.3116,3.3104,4.315,4.3423,4.3749,4.4142,4.4606,4.5084,4.5242,4.384,3.8664,3.6307,3.9956,4.084,4.0006,3.8764,3.7857,3.6658,3.4206,3.1151,2.949,2.9591,3.0339,3.114,3.1855,3.2454,3.2924,3.3258,3.3456,3.3527,3.349,3.3369,3.3197,3.3006,3.283,3.2695,3.2618,3.2606,4.3458,4.3816,4.427,4.4869,4.5688,4.683,4.8298,4.8928,4.3838,3.9737,4.1733,4.2054,4.0275,3.7852,3.7006,3.6851,3.3172,2.6539,2.4857,2.7948,3.0291,3.1508,3.2233,3.2762,3.3161,3.3423,3.3539,3.3513,3.3363,3.312,3.2823,3.2519,3.2255,3.2066,3.1972,3.1976,4.3693,4.4104,4.4634,4.5349,4.6368,4.7899,5.0228,5.2733,5.0414,4.5565,4.4281,4.4617,4.2627,3.6572,3.5833,3.7854,3.2722,1.7463,1.694,2.6221,3.0077,3.1446,3.2196,3.2792,3.3245,3.3509,3.3573,3.3449,3.3167,3.2766,3.2302,3.1845,3.1466,3.1218,3.1124,3.1174,4.3843,4.4269,4.4809,4.552,4.6493,4.7857,4.9681,5.144,5.0146,4.6765,4.5642,4.7379,4.7653,4.362,4.1186,4.1409,3.8938,2.6712,2.3554,2.849,3.0196,3.0751,3.1601,3.2534,3.3213,3.3554,3.3584,3.3349,3.2896,3.2279,3.1576,3.0898,3.0364,3.0058,2.9999,3.0151,4.391,4.4318,4.4815,4.5432,4.6201,4.7126,4.8081,4.8549,4.7743,4.6484,4.6106,4.6201,4.5449,4.5025,4.4006,4.6922,5.185,4.1114,3.4123,3.1128,2.82,2.7991,3.0133,3.2068,3.3188,3.3645,3.3626,3.3242,3.2556,3.1627,3.0562,2.9546,2.8794,2.8446,2.8502,2.8857,4.3908,4.4277,4.4705,4.5199,4.575,4.631,4.6749,4.685,4.6562,4.6399,4.6845,4.6869,4.6397,4.5593,4.5283,4.7204,4.9679,4.3485,3.7451,3.0242,2.0503,2.2154,2.8376,3.187,3.3406,3.3902,3.3777,3.3186,3.2177,3.0788,2.9149,2.7583,2.6517,2.6196,2.6534,2.7265,4.3855,4.4178,4.4535,4.492,4.5314,4.5672,4.593,4.6038,4.6079,4.6305,4.6784,4.6866,4.8207,4.8858,4.6523,4.586,4.4962,4.2373,3.9272,3.231,1.9749,2.2011,2.9171,3.2702,3.4076,3.4433,3.4156,3.3278,3.1819,2.9763,2.7208,2.4719,2.3213,2.3118,2.4059,2.5426,4.3768,4.4047,4.4343,4.4649,4.4946,4.521,4.542,4.5578,4.5745,4.6004,4.6345,4.6896,4.8644,4.9108,4.7695,4.7067,4.4951,4.2341,4.113,3.9048,3.3077,3.1276,3.3089,3.4481,3.5055,3.531,3.499,3.3631,3.1526,2.8622,2.4727,2.076,1.8716,1.9283,2.1296,2.3566,4.3659,4.39,4.415,4.44,4.464,4.4859,4.5053,4.5233,4.5431,4.568,4.6006,4.65,4.7224,4.7882,4.9964,5.0902,4.6572,4.3802,4.337,4.557,4.1822,3.8281,3.6889,3.6194,3.5809,3.6534,3.6606,3.3982,3.1083,2.7555,2.2278,1.6499,1.4015,1.569,1.8994,2.2152,4.3539,4.3748,4.3961,4.4172,4.4376,4.4568,4.4749,4.4928,4.5122,4.535,4.5633,4.6009,4.6528,4.7436,4.9409,4.9912,4.7087,4.6391,5.1244,5.393,4.6552,4.1989,3.9555,3.7466,3.572,3.6289,3.6501,3.2212,2.9807,2.6855,2.1396,1.493,1.2319,1.4493,1.8275,2.1723,4.341,4.3593,4.3778,4.396,4.4137,4.4307,4.4472,4.4638,4.4815,4.5013,4.5246,4.5538,4.5932,4.6518,4.7213,4.72,4.6415,4.6716,4.9215,4.9963,4.6503,4.3979,4.2184,3.9055,3.493,3.0709,2.5425,2.5927,2.7647,2.6666,2.2776,1.7767,1.5392,1.6683,1.9574,2.2467,4.3278,4.3439,4.36,4.3758,4.3913,4.4063,4.421,4.4357,4.4509,4.4673,4.4856,4.5068,4.5323,4.5611,4.5827,4.578,4.5593,4.5788,4.6417,4.644,4.5872,4.6616,4.651,4.1988,3.5244,2.7393,2.0634,2.2938,2.6519,2.6998,2.4972,2.1995,2.0203,2.0484,2.208,2.4032,4.3143,4.3285,4.3425,4.3564,4.3699,4.3829,4.3957,4.4082,4.4208,4.4337,4.4472,4.4613,4.4758,4.4883,4.4942,4.4899,4.4823,4.4856,4.4996,4.5163,4.6005,4.8663,4.9538,4.4342,3.7049,3.0139,2.5719,2.5847,2.7489,2.7931,2.6953,2.5345,2.4171,2.4014,2.4729,2.5875,4.3007,4.3132,4.3255,4.3375,4.3491,4.3603,4.3711,4.3814,4.3914,4.401,4.4102,4.4187,4.4258,4.43,4.4294,4.4237,4.4163,4.4126,4.4168,4.4418,4.528,4.6859,4.6936,4.3444,3.8271,3.348,3.0346,2.9323,2.9378,2.9289,2.8662,2.774,2.6989,2.6735,2.7003,2.7627]},{"header":{"la1":42.85,"la2":41.18,"lo1":11.55,"lo2":14.05,"nx":36,"ny":24,"dx":0.07143,"dy":0.07261,"parameterCategory":2,"parameterNumber":3,"parameterNumberName":"northward_wind","parameterUnit":"m.s-1"},"data":[-0.4832,-0.4981,-0.5146,-0.5325,-0.5514,-0.5702,-0.588,-0.6039,-0.6178,-0.631,-0.6459,-0.6654,-0.6923,-0.7282,-0.7732,-0.8251,-0.8791,-0.9281,-0.9641,-0.9809,-0.9767,-0.9537,-0.917,-0.8719,-0.8225,-0.7719,-0.7218,-0.673,-0.6262,-0.5816,-0.5393,-0.4995,-0.4623,-0.4277,-0.3959,-0.3667,-0.4802,-0.4968,-0.5158,-0.5371,-0.5601,-0.5834,-0.605,-0.6229,-0.6362,-0.6462,-0.6572,-0.6744,-0.7025,-0.7448,-0.8023,-0.8729,-0.9501,-1.0223,-1.0752,-1.0975,-1.0867,-1.0488,-0.9941,-0.9315,-0.8672,-0.8041,-0.7439,-0.6869,-0.6332,-0.5828,-0.5357,-0.4918,-0.4511,-0.4136,-0.3794,-0.3484,-0.4755,-0.4939,-0.5159,-0.5416,-0.5705,-0.6011,-0.6298,-0.6521,-0.6643,-0.668,-0.6705,-0.6812,-0.708,-0.7566,-0.8298,-0.9269,-1.0403,-1.1513,-1.2326,-1.2614,-1.2346,-1.1688,-1.0847,-0.997,-0.9131,-0.8352,-0.7635,-0.6976,-0.6366,-0.5802,-0.528,-0.4798,-0.4355,-0.3951,-0.3586,-0.3258,-0.4683,-0.4884,-0.5134,-0.5445,-0.5818,-0.624,-0.6663,-0.6988,-0.7108,-0.7023,-0.6877,-0.6847,-0.7059,-0.7593,-0.8508,-0.984,-1.1536,-1.3322,-1.465,-1.4995,-1.4352,-1.3164,-1.1857,-1.0639,-0.9564,-0.8621,-0.7786,-0.7034,-0.6351,-0.5726,-0.5152,-0.4626,-0.4147,-0.3714,-0.3326,-0.2982,-0.4578,-0.4789,-0.5067,-0.5432,-0.5907,-0.6501,-0.7171,-0.7738,-0.7899,-0.7574,-0.7102,-0.683,-0.6923,-0.7467,-0.8563,-1.0332,-1.2848,-1.5818,-1.8135,-1.8474,-1.6967,-1.4832,-1.2857,-1.1233,-0.9912,-0.8812,-0.7865,-0.7027,-0.6273,-0.5587,-0.4962,-0.4392,-0.3876,-0.3414,-0.3005,-0.2647,-0.4432,-0.464,-0.493,-0.5335,-0.5905,-0.6698,-0.7739,-0.8809,-0.9141,-0.8351,-0.7328,-0.6709,-0.6617,-0.7113,-0.8327,-1.0499,-1.3973,-1.8735,-2.2862,-2.2991,-1.98,-1.6302,-1.36,-1.1618,-1.0106,-0.8886,-0.785,-0.6938,-0.6119,-0.5374,-0.4696,-0.4082,-0.353,-0.304,-0.2611,-0.2241,-0.4241,-0.4427,-0.4699,-0.5105,-0.5714,-0.6631,-0.7977,-0.9626,-1.0251,-0.8888,-0.7341,-0.6398,-0.608,-0.6453,-0.7665,-1.0006,-1.4024,-2.0204,-2.6242,-2.6051,-2.1212,-1.6804,-1.3775,-1.1674,-1.0098,-0.8822,-0.7728,-0.6757,-0.5876,-0.5074,-0.4343,-0.3682,-0.3093,-0.2576,-0.213,-0.1754,-0.4003,-0.4143,-0.4362,-0.4709,-0.5262,-0.6128,-0.7397,-0.8866,-0.9401,-0.8391,-0.7017,-0.5864,-0.5254,-0.5422,-0.6524,-0.8746,-1.2406,-1.7756,-2.2935,-2.3127,-1.9431,-1.5872,-1.3295,-1.14,-0.9899,-0.8627,-0.75,-0.6477,-0.5536,-0.4673,-0.3885,-0.3175,-0.2548,-0.2004,-0.1545,-0.1168,-0.3728,-0.3797,-0.3923,-0.4148,-0.4549,-0.5238,-0.6309,-0.761,-0.8553,-0.8446,-0.701,-0.5211,-0.4059,-0.3936,-0.4945,-0.7068,-1.0153,-1.3778,-1.6782,-1.7513,-1.6181,-1.4275,-1.2503,-1.0957,-0.9586,-0.8337,-0.7179,-0.6097,-0.5089,-0.4156,-0.3303,-0.2539,-0.187,-0.1301,-0.0834,-0.0465,-0.3431,-0.3412,-0.341,-0.3453,-0.3605,-0.4019,-0.5047,-0.7353,-1.1094,-1.2177,-0.8248,-0.4403,-0.2295,-0.1803,-0.2908,-0.5418,-0.876,-1.2001,-1.4153,-1.4817,-1.4306,-1.3197,-1.1894,-1.0566,-0.9262,-0.7995,-0.6776,-0.5614,-0.452,-0.3502,-0.2573,-0.1745,-0.103,-0.0437,0.0031,0.038,-0.3138,-0.3023,-0.2876,-0.2692,-0.2482,-0.2347,-0.2784,-0.5829,-1.6195,-2.107,-0.9596,-0.2776,0.0347,0.1366,-0.024,-0.3989,-0.896,-1.365,-1.5867,-1.5571,-1.437,-1.3045,-1.1714,-1.0362,-0.8992,-0.7627,-0.6294,-0.5015,-0.3807,-0.2683,-0.1659,-0.0753,0.0014,0.0629,0.1087,0.1396,-0.2875,-0.2675,-0.2396,-0.199,-0.1377,-0.0428,0.0947,0.1311,-0.726,-1.3641,-0.5664,0.033,0.3582,0.6534,0.2589,-0.3076,-1.1185,-2.0489,-2.2687,-1.8844,-1.5621,-1.3562,-1.1935,-1.0371,-0.8792,-0.7225,-0.571,-0.4271,-0.2919,-0.1662,-0.0517,0.0488,0.132,0.1953,0.2382,0.2622,-0.2668,-0.2411,-0.2046,-0.1502,-0.0645,0.0792,0.3298,0.7146,0.2779,-0.2067,-0.0145,0.4884,0.6175,0.6055,0.151,-0.3527,-1.3986,-3.1873,-3.2413,-2.1771,-1.6776,-1.4392,-1.2513,-1.0587,-0.863,-0.674,-0.4972,-0.3334,-0.1812,-0.0392,0.0912,0.2053,0.2969,0.3615,0.3983,0.4104,-0.2531,-0.2254,-0.1869,-0.1314,-0.0486,0.0768,0.2507,0.3848,0.2606,0.0197,0.1641,0.9356,1.1473,0.5308,0.0446,-0.56,-1.3177,-2.3961,-2.6066,-2.0086,-1.743,-1.5894,-1.368,-1.1025,-0.842,-0.6067,-0.3993,-0.2145,-0.0442,0.1176,0.27,0.4044,0.5083,0.573,0.5978,0.5898,-0.2464,-0.2202,-0.1853,-0.1386,-0.076,0.0033,0.0857,0.1188,0.035,-0.0838,-0.0777,0.1156,0.1157,-0.3431,-0.2204,-0.9571,-1.5436,-1.4864,-1.6595,-1.7983,-2.0545,-1.9939,-1.5887,-1.1559,-0.7936,-0.5016,-0.265,-0.0645,0.1214,0.3075,0.4935,0.6613,0.7847,0.8462,0.8477,0.8054,-0.2457,-0.2231,-0.195,-0.1605,-0.1205,-0.0797,-0.0525,-0.0643,-0.1354,-0.2651,-0.4639,-0.3849,-0.2952,-0.2817,-0.4149,-0.9153,-1.3328,-1.1768,-1.2897,-1.9173,-3.0409,-2.7854,-1.8346,-1.1472,-0.6736,-0.3319,-0.0816,0.1181,0.3115,0.529,0.7709,0.9988,1.1543,1.2034,1.159,1.0592,-0.2491,-0.2311,-0.2102,-0.1872,-0.1644,-0.1469,-0.1441,-0.1676,-0.2269,-0.3306,-0.4643,-0.4186,-0.4979,-0.569,-0.4982,-0.6481,-0.7897,-0.7719,-0.8515,-1.6146,-3.1349,-2.8052,-1.7045,-0.9536,-0.4364,-0.0763,0.1546,0.3226,0.5102,0.7713,1.1098,1.4478,1.6542,1.6655,1.5331,1.3417,-0.255,-0.2414,-0.2268,-0.2125,-0.2008,-0.1955,-0.2017,-0.2244,-0.2661,-0.323,-0.3757,-0.4179,-0.5493,-0.5903,-0.4983,-0.5117,-0.5296,-0.4117,-0.2725,-0.7162,-1.4558,-1.5716,-1.1128,-0.5793,-0.1,0.2477,0.4147,0.5177,0.6905,1.0092,1.4997,2.025,2.2991,2.2174,1.9365,1.6201,-0.2619,-0.2521,-0.2424,-0.2342,-0.2291,-0.2296,-0.2383,-0.2571,-0.2859,-0.3216,-0.3589,-0.4015,-0.4534,-0.4718,-0.4581,-0.4545,-0.4161,-0.2777,-0.1501,-0.0564,-0.4286,-0.6631,-0.5374,-0.1984,0.2169,0.5212,0.5914,0.6649,0.8387,1.2012,1.8576,2.6174,2.9496,2.7198,2.266,1.8305,-0.2689,-0.262,-0.2559,-0.2516,-0.2502,-0.2533,-0.2621,-0.2773,-0.2985,-0.3241,-0.3522,-0.3823,-0.4105,-0.4282,-0.4386,-0.4338,-0.3481,-0.1209,0.4301,0.6782,0.0663,-0.2043,-0.1616,0.071,0.4077,0.6181,0.6532,0.8522,0.9912,1.3033,1.987,2.8327,3.1797,2.8865,2.373,1.9017,-0.2752,-0.2706,-0.267,-0.2651,-0.2657,-0.2697,-0.2778,-0.2901,-0.3062,-0.3252,-0.3459,-0.3665,-0.3844,-0.3959,-0.3972,-0.3725,-0.2838,-0.0841,0.2393,0.3444,0.1099,0.012,0.0669,0.2324,0.5516,0.9494,1.3814,1.3239,1.1712,1.31,1.8101,2.4611,2.7717,2.5969,2.2061,1.8128,-0.2807,-0.2776,-0.2756,-0.2751,-0.2767,-0.2808,-0.2878,-0.2976,-0.3099,-0.3238,-0.3384,-0.3519,-0.3619,-0.3651,-0.356,-0.3233,-0.2504,-0.1281,0.0114,0.0773,0.0853,0.1552,0.2084,0.2964,0.6221,1.2011,1.7523,1.5571,1.2543,1.2515,1.5258,1.9111,2.1408,2.0981,1.8806,1.6144,-0.285,-0.2831,-0.282,-0.2823,-0.2842,-0.2879,-0.2937,-0.3012,-0.3103,-0.3201,-0.3296,-0.3374,-0.3412,-0.338,-0.3232,-0.2908,-0.2344,-0.1554,-0.0689,0.0093,0.1038,0.2277,0.2573,0.2958,0.559,0.9913,1.3247,1.303,1.1597,1.1418,1.2779,1.4831,1.6292,1.6419,1.5402,1.3811,-0.2883,-0.287,-0.2865,-0.2871,-0.2889,-0.292,-0.2964,-0.302,-0.3083,-0.3146,-0.3201,-0.3232,-0.3223,-0.3149,-0.2978,-0.2676,-0.2219,-0.1616,-0.0907,-0.0094,0.0897,0.1876,0.2311,0.289,0.4686,0.7287,0.9345,0.9977,0.984,0.9981,1.0755,1.1866,1.2742,1.2974,1.2528,1.162]}]