docs/data/wind_grid.json
[{"header":{"la1":42.85,"la2":41.18,"lo1":11.55,"lo2":14.05,"nx":36,"ny":24,"dx":0.07143,"dy":0.07261,"parameterCategory":2,"parameterNumber":2,"parameterNumberName":"eastward_wind","parameterUnit":"m.s-1"},"data":[-0.7666,-0.7711,-0.7743,-0.7763,-0.7769,-0.7757,-0.7721,-0.765,-0.7537,-0.7388,-0.7218,-0.7052,-0.691,-0.6807,-0.6744,-0.6713,-0.6698,-0.6674,-0.662,-0.6527,-0.6406,-0.6293,-0.6225,-0.6215,-0.6247,-0.6296,-0.6339,-0.6369,-0.6382,-0.6382,-0.6372,-0.6355,-0.6334,-0.6312,-0.6289,-0.6266,-0.7824,-0.7888,-0.7938,-0.7974,-0.7999,-0.801,-0.7995,-0.7932,-0.7799,-0.7596,-0.7353,-0.7116,-0.6921,-0.679,-0.6726,-0.6715,-0.6729,-0.6727,-0.6664,-0.6511,-0.6291,-0.6083,-0.5981,-0.6006,-0.6106,-0.6217,-0.6303,-0.6356,-0.6379,-0.6381,-0.6369,-0.6349,-0.6325,-0.6299,-0.6273,-0.6249,-0.8011,-0.8101,-0.8173,-0.8229,-0.828,-0.8332,-0.8373,-0.8352,-0.8203,-0.7914,-0.7545,-0.7188,-0.6911,-0.6741,-0.668,-0.6709,-0.6784,-0.6837,-0.6775,-0.6517,-0.6078,-0.5652,-0.5497,-0.5641,-0.59,-0.6126,-0.6275,-0.6354,-0.6384,-0.6385,-0.6368,-0.6343,-0.6314,-0.6283,-0.6254,-0.6227,-0.8234,-0.8363,-0.8464,-0.8538,-0.8615,-0.8734,-0.8901,-0.9012,-0.8879,-0.8429,-0.782,-0.7259,-0.6856,-0.6633,-0.6582,-0.668,-0.6872,-0.7053,-0.7046,-0.6629,-0.5709,-0.4729,-0.4527,-0.5051,-0.5652,-0.6058,-0.6276,-0.6374,-0.6402,-0.6394,-0.6368,-0.6334,-0.6298,-0.6263,-0.623,-0.62,-0.8505,-0.8698,-0.8842,-0.8924,-0.8999,-0.9193,-0.9613,-1.0104,-1.0098,-0.9294,-0.8192,-0.7293,-0.6713,-0.6423,-0.6389,-0.6589,-0.698,-0.7435,-0.7655,-0.7122,-0.5291,-0.2898,-0.283,-0.4357,-0.5507,-0.6091,-0.6341,-0.6426,-0.6433,-0.6405,-0.6364,-0.632,-0.6276,-0.6236,-0.6199,-0.6167,-0.883,-0.9141,-0.9377,-0.9455,-0.9434,-0.9616,-1.0418,-1.1847,-1.2326,-1.0611,-0.855,-0.7189,-0.642,-0.6054,-0.6026,-0.6348,-0.7027,-0.7969,-0.877,-0.8449,-0.5906,-0.1688,-0.1906,-0.4401,-0.5775,-0.6318,-0.649,-0.6509,-0.647,-0.6412,-0.6352,-0.6295,-0.6244,-0.6199,-0.616,-0.6126,-0.9193,-0.9723,-1.0201,-1.0322,-0.9998,-0.9839,-1.076,-1.3389,-1.4803,-1.1519,-0.8432,-0.6784,-0.591,-0.5455,-0.5375,-0.5787,-0.6782,-0.8279,-0.9723,-0.9713,-0.8506,-0.5921,-0.5142,-0.6053,-0.6596,-0.6731,-0.6691,-0.6595,-0.6494,-0.6402,-0.6323,-0.6256,-0.6199,-0.615,-0.6109,-0.6075,-0.951,-1.0373,-1.1431,-1.1894,-1.0893,-0.9814,-0.9951,-1.1604,-1.2407,-0.9767,-0.7346,-0.6014,-0.5188,-0.4571,-0.4234,-0.4606,-0.5931,-0.7814,-0.9422,-1.0543,-1.2881,-1.2353,-0.9727,-0.8261,-0.7569,-0.7149,-0.6851,-0.6634,-0.6475,-0.6358,-0.6268,-0.6196,-0.6137,-0.6087,-0.6045,-0.6012,-0.9612,-1.0702,-1.2483,-1.3867,-1.1721,-0.9546,-0.8615,-0.8334,-0.776,-0.6609,-0.5727,-0.5092,-0.4394,-0.3421,-0.2193,-0.2145,-0.4306,-0.6946,-0.9358,-1.295,-1.9544,-1.8173,-1.2605,-0.9597,-0.8126,-0.7326,-0.6854,-0.6565,-0.6385,-0.6265,-0.6179,-0.6111,-0.6055,-0.6007,-0.5967,-0.5935,-0.9377,-1.0235,-1.1447,-1.2154,-1.0488,-0.8848,-0.7537,-0.6212,-0.4447,-0.3585,-0.4187,-0.4335,-0.3792,-0.242,0.1127,0.3001,-0.2372,-0.6439,-0.92,-1.248,-1.6985,-1.6297,-1.2245,-0.9526,-0.7988,-0.7107,-0.6612,-0.6346,-0.6203,-0.6118,-0.6055,-0.6001,-0.5952,-0.5907,-0.587,-0.5841,-0.8927,-0.9376,-0.961,-0.9199,-0.9021,-0.8196,-0.6989,-0.5436,-0.1791,0.0022,-0.3155,-0.397,-0.3533,-0.2471,0.0685,0.3105,-0.3142,-0.7541,-0.9795,-1.0976,-1.2032,-1.177,-1.0133,-0.8457,-0.7217,-0.6449,-0.608,-0.5957,-0.5932,-0.5924,-0.5904,-0.587,-0.5828,-0.5786,-0.5751,-0.5727,-0.8456,-0.87,-0.8839,-0.888,-0.8672,-0.7772,-0.7072,-0.6657,-0.4148,-0.2131,-0.3716,-0.4076,-0.3412,-0.2415,-0.24,-0.3301,-0.6632,-1.1802,-1.3401,-1.1452,-1.0169,-0.9313,-0.8275,-0.7085,-0.5979,-0.5313,-0.5229,-0.5419,-0.5606,-0.5711,-0.5741,-0.5722,-0.5681,-0.5638,-0.5604,-0.5586,-0.803,-0.8166,-0.8251,-0.8231,-0.7924,-0.7406,-0.7322,-0.7921,-0.6986,-0.5162,-0.4695,-0.4619,-0.3858,-0.2033,-0.2546,-0.493,-0.8642,-2.008,-2.0631,-1.2575,-0.932,-0.7868,-0.6882,-0.5772,-0.4395,-0.363,-0.4107,-0.4843,-0.5311,-0.5527,-0.5586,-0.5562,-0.5505,-0.545,-0.5416,-0.5408,-0.7655,-0.7706,-0.7701,-0.7595,-0.7357,-0.7114,-0.7141,-0.7451,-0.6947,-0.5695,-0.509,-0.5277,-0.5117,-0.2455,-0.4013,-0.4867,-0.7429,-1.4119,-1.5565,-1.0646,-0.7648,-0.6298,-0.5678,-0.4835,-0.3149,-0.21,-0.3275,-0.453,-0.5181,-0.5428,-0.5455,-0.5378,-0.5275,-0.5197,-0.5165,-0.5177,-0.7339,-0.7333,-0.7277,-0.7156,-0.698,-0.6814,-0.6727,-0.6624,-0.619,-0.5548,-0.5146,-0.4934,-0.422,-0.3162,-0.4706,-0.5184,-1.2427,-0.9918,-0.9187,-0.6938,-0.4459,-0.3853,-0.4406,-0.4484,-0.3588,-0.288,-0.3762,-0.4799,-0.5317,-0.5438,-0.5332,-0.513,-0.494,-0.4829,-0.4815,-0.4874,-0.7082,-0.7043,-0.6967,-0.6849,-0.67,-0.6541,-0.6377,-0.6152,-0.58,-0.5388,-0.5098,-0.501,-0.4914,-0.472,-0.5552,-0.7844,-1.1063,-0.8361,-0.6271,-0.3594,0.0622,-0.027,-0.3125,-0.4416,-0.4673,-0.4705,-0.5116,-0.5563,-0.5699,-0.553,-0.5159,-0.4727,-0.4394,-0.4261,-0.4315,-0.4478,-0.6877,-0.6822,-0.6739,-0.6628,-0.6492,-0.6337,-0.616,-0.5942,-0.5676,-0.5394,-0.5173,-0.5241,-0.5886,-0.6254,-0.6037,-0.666,-0.6849,-0.5268,-0.3423,-0.2118,0.1472,0.0315,-0.2909,-0.4685,-0.5666,-0.6306,-0.6657,-0.6618,-0.6249,-0.5637,-0.4835,-0.4004,-0.3454,-0.3368,-0.3617,-0.3984,-0.6715,-0.6654,-0.6571,-0.6467,-0.6343,-0.6202,-0.6044,-0.5868,-0.5684,-0.5523,-0.5454,-0.5611,-0.6219,-0.6449,-0.6362,-0.6359,-0.5308,-0.2045,0.1125,-0.1568,-0.1896,-0.2381,-0.3888,-0.5421,-0.6911,-0.8295,-0.8715,-0.7969,-0.6896,-0.5708,-0.4267,-0.2745,-0.1883,-0.2054,-0.2741,-0.3445,-0.6588,-0.6525,-0.6446,-0.6351,-0.6242,-0.612,-0.599,-0.5856,-0.5733,-0.5647,-0.5637,-0.5755,-0.6005,-0.6322,-0.7206,-0.7567,-0.5369,-0.229,-0.037,-0.2259,-0.3117,-0.3834,-0.4861,-0.625,-0.8246,-1.092,-1.151,-0.9334,-0.745,-0.5752,-0.3595,-0.106,0.0178,-0.0593,-0.1932,-0.3014,-0.6489,-0.6428,-0.6354,-0.6269,-0.6175,-0.6073,-0.5968,-0.5868,-0.5784,-0.5734,-0.5738,-0.5816,-0.5981,-0.6303,-0.7001,-0.712,-0.5504,-0.3765,-0.2988,-0.2989,-0.367,-0.457,-0.5509,-0.6713,-0.8599,-1.1404,-1.2023,-0.9386,-0.7591,-0.5889,-0.3486,-0.0385,0.1062,-0.0063,-0.1691,-0.2902,-0.6411,-0.6354,-0.6287,-0.6212,-0.6131,-0.6046,-0.5962,-0.5886,-0.5825,-0.5789,-0.5791,-0.5837,-0.5933,-0.6089,-0.6246,-0.6067,-0.5322,-0.4393,-0.37,-0.3629,-0.4369,-0.5285,-0.6009,-0.6781,-0.792,-0.8904,-0.8613,-0.8233,-0.7413,-0.6195,-0.4345,-0.1945,-0.0634,-0.1149,-0.2251,-0.3189,-0.6351,-0.6297,-0.6237,-0.6171,-0.6102,-0.6031,-0.5963,-0.5902,-0.5853,-0.5823,-0.5816,-0.5833,-0.5868,-0.5903,-0.5878,-0.5689,-0.5301,-0.4846,-0.4546,-0.4653,-0.5297,-0.6173,-0.6548,-0.6752,-0.7355,-0.789,-0.7981,-0.7814,-0.7215,-0.6563,-0.5449,-0.396,-0.2925,-0.2802,-0.3211,-0.3723,-0.6303,-0.6254,-0.62,-0.6143,-0.6083,-0.6023,-0.5966,-0.5915,-0.5874,-0.5845,-0.5828,-0.5823,-0.582,-0.5802,-0.5737,-0.5597,-0.5388,-0.5183,-0.5109,-0.5309,-0.5888,-0.6679,-0.6866,-0.6738,-0.7032,-0.7423,-0.7584,-0.7342,-0.7067,-0.6877,-0.6175,-0.5203,-0.4422,-0.4078,-0.4096,-0.4288,-0.6266,-0.6221,-0.6173,-0.6123,-0.6071,-0.6019,-0.5971,-0.5927,-0.5889,-0.5859,-0.5837,-0.5818,-0.5797,-0.5762,-0.5701,-0.5608,-0.5499,-0.5419,-0.5437,-0.5626,-0.6017,-0.647,-0.6642,-0.6648,-0.6815,-0.7041,-0.7141,-0.7072,-0.7046,-0.692,-0.6425,-0.5775,-0.5212,-0.4867,-0.4741,-0.4762]},{"header":{"la1":42.85,"la2":41.18,"lo1":11.55,"lo2":14.05,"nx":36,"ny":24,"dx":0.07143,"dy":0.07261,"parameterCategory":2,"parameterNumber":3,"parameterNumberName":"northward_wind","parameterUnit":"m.s-1"},"data":[-0.7208,-0.7187,-0.7144,-0.7075,-0.6982,-0.6868,-0.6738,-0.6597,-0.6446,-0.6281,-0.6094,-0.5876,-0.562,-0.5324,-0.4991,-0.4629,-0.4249,-0.3866,-0.3499,-0.3166,-0.2889,-0.2691,-0.2587,-0.2575,-0.2634,-0.2739,-0.2867,-0.3004,-0.3141,-0.3273,-0.34,-0.352,-0.3634,-0.374,-0.3839,-0.3932,-0.7373,-0.736,-0.7319,-0.7244,-0.7136,-0.7001,-0.6848,-0.6692,-0.6537,-0.6378,-0.6198,-0.5979,-0.5707,-0.538,-0.5,-0.4575,-0.412,-0.3656,-0.3206,-0.2792,-0.2443,-0.2199,-0.2096,-0.2132,-0.2262,-0.2439,-0.2629,-0.2815,-0.2991,-0.3155,-0.3306,-0.3447,-0.3577,-0.3697,-0.3809,-0.3912,-0.7557,-0.7558,-0.7521,-0.7438,-0.7305,-0.713,-0.6935,-0.6747,-0.659,-0.6455,-0.6305,-0.6101,-0.5824,-0.5467,-0.5033,-0.4532,-0.3983,-0.3416,-0.2865,-0.2347,-0.1884,-0.1555,-0.1459,-0.1589,-0.184,-0.212,-0.2388,-0.2632,-0.285,-0.3046,-0.3223,-0.3384,-0.3531,-0.3666,-0.3789,-0.3902,-0.7766,-0.779,-0.7765,-0.7671,-0.7499,-0.7253,-0.6965,-0.6702,-0.6538,-0.647,-0.6402,-0.6249,-0.598,-0.5598,-0.5108,-0.4517,-0.3845,-0.3146,-0.2481,-0.1853,-0.1216,-0.0704,-0.0629,-0.0952,-0.1394,-0.1808,-0.2164,-0.2467,-0.2727,-0.2954,-0.3155,-0.3336,-0.3499,-0.3648,-0.3783,-0.3906,-0.8,-0.8066,-0.8069,-0.7972,-0.7746,-0.738,-0.6898,-0.6429,-0.6227,-0.6342,-0.6479,-0.6433,-0.6192,-0.5794,-0.5251,-0.4559,-0.3726,-0.2836,-0.2055,-0.1395,-0.0553,0.0322,0.0324,-0.0335,-0.1006,-0.1549,-0.1982,-0.2336,-0.2631,-0.2885,-0.3107,-0.3306,-0.3485,-0.3647,-0.3794,-0.3926,-0.8258,-0.8396,-0.8467,-0.839,-0.8103,-0.7572,-0.6747,-0.5735,-0.5351,-0.5984,-0.6571,-0.6689,-0.6482,-0.6079,-0.5506,-0.4722,-0.3688,-0.2494,-0.1551,-0.1083,-0.0234,0.0824,0.0758,-0.0034,-0.0783,-0.1385,-0.1864,-0.225,-0.257,-0.2844,-0.3084,-0.3298,-0.3492,-0.3667,-0.3825,-0.3966,-0.8518,-0.8777,-0.8997,-0.9002,-0.8651,-0.7971,-0.683,-0.4997,-0.4147,-0.5748,-0.6881,-0.7088,-0.6871,-0.6478,-0.5932,-0.5116,-0.3903,-0.2347,-0.1149,-0.0968,0.0037,0.0645,0.0525,-0.0031,-0.0713,-0.132,-0.1814,-0.2214,-0.2547,-0.2833,-0.3087,-0.3315,-0.3523,-0.3711,-0.388,-0.403,-0.8729,-0.9148,-0.9666,-0.9896,-0.9383,-0.8617,-0.7691,-0.6263,-0.5615,-0.6932,-0.7729,-0.7681,-0.7347,-0.7,-0.6616,-0.59,-0.4588,-0.2833,-0.134,-0.0177,0.2272,0.2583,0.1245,0.0144,-0.0687,-0.133,-0.1828,-0.2227,-0.2561,-0.2854,-0.3118,-0.3361,-0.3583,-0.3785,-0.3965,-0.4123,-0.8804,-0.9305,-1.0172,-1.0874,-0.9895,-0.9173,-0.8966,-0.885,-0.9049,-0.9406,-0.9103,-0.8403,-0.783,-0.7606,-0.7726,-0.7379,-0.5774,-0.3709,-0.1588,0.1596,0.6951,0.6038,0.2295,0.0316,-0.0744,-0.1419,-0.1903,-0.2284,-0.2608,-0.2903,-0.3178,-0.3437,-0.3678,-0.3896,-0.4088,-0.4253,-0.8696,-0.9012,-0.9498,-0.9808,-0.909,-0.9307,-1.0065,-1.1068,-1.2501,-1.2804,-1.0837,-0.9058,-0.8158,-0.8087,-0.9419,-1.0232,-0.7089,-0.4462,-0.2238,0.0837,0.4836,0.4495,0.1719,-0.0024,-0.0997,-0.1604,-0.2031,-0.2373,-0.268,-0.2976,-0.3268,-0.355,-0.3815,-0.4054,-0.426,-0.4431,-0.8502,-0.8512,-0.8116,-0.6802,-0.7123,-0.9253,-1.1041,-1.2659,-1.5884,-1.7609,-1.2273,-0.931,-0.8216,-0.8063,-0.9208,-1.0287,-0.6833,-0.4562,-0.3007,-0.1248,0.0508,0.091,0.0132,-0.0743,-0.1404,-0.1865,-0.2196,-0.2478,-0.2764,-0.307,-0.339,-0.3709,-0.401,-0.4275,-0.4496,-0.467,-0.837,-0.8284,-0.7812,-0.6851,-0.7335,-0.9858,-1.2215,-1.3677,-1.4623,-1.5149,-1.1398,-0.8962,-0.8135,-0.8159,-0.7811,-0.6586,-0.5054,-0.4115,-0.3499,-0.2414,-0.136,-0.0849,-0.0937,-0.135,-0.1823,-0.217,-0.2378,-0.2578,-0.2845,-0.318,-0.3554,-0.3933,-0.4286,-0.4588,-0.4824,-0.4992,-0.8335,-0.8343,-0.8244,-0.8219,-0.8967,-1.0785,-1.308,-1.4908,-1.3966,-1.2007,-0.986,-0.8419,-0.8024,-0.8572,-0.78,-0.4338,-0.3148,-0.4213,-0.4204,-0.2663,-0.1666,-0.1185,-0.1214,-0.1633,-0.2222,-0.2559,-0.257,-0.265,-0.2913,-0.3311,-0.3779,-0.4256,-0.4689,-0.5036,-0.528,-0.5426,-0.8333,-0.8452,-0.8607,-0.8934,-0.9668,-1.0917,-1.2512,-1.3864,-1.3105,-1.0785,-0.9081,-0.8122,-0.7978,-0.8522,-0.4943,-0.035,-0.0114,-0.2178,-0.2925,-0.1866,-0.0838,-0.0437,-0.0777,-0.1557,-0.2531,-0.2968,-0.2699,-0.2655,-0.2958,-0.3478,-0.4107,-0.4743,-0.5292,-0.5692,-0.5924,-0.6012,-0.8305,-0.848,-0.8717,-0.9082,-0.9644,-1.0402,-1.12,-1.1593,-1.0957,-0.9726,-0.8884,-0.8323,-0.7885,-0.7949,-0.3711,0.1086,0.7593,0.1268,-0.0933,-0.0193,0.1692,0.1848,0.0432,-0.0986,-0.2138,-0.2646,-0.2482,-0.2519,-0.2967,-0.3711,-0.4611,-0.5506,-0.623,-0.6676,-0.684,-0.6797,-0.8229,-0.8411,-0.8639,-0.8937,-0.9311,-0.9718,-1.0032,-1.0043,-0.9652,-0.9235,-0.9481,-0.8939,-0.8329,-0.7109,-0.4248,0.0645,0.5092,0.0922,-0.0696,0.1696,0.7598,0.6277,0.2045,-0.0143,-0.1189,-0.1639,-0.1791,-0.2135,-0.2902,-0.4041,-0.5406,-0.6745,-0.7735,-0.8177,-0.8138,-0.7823,-0.8109,-0.8271,-0.8458,-0.8672,-0.8901,-0.9104,-0.9211,-0.9156,-0.8979,-0.8936,-0.9297,-0.8908,-0.9197,-0.915,-0.5747,-0.299,-0.1587,-0.2447,-0.2895,0.0743,0.8408,0.6791,0.2265,0.0311,-0.0272,-0.032,-0.0516,-0.131,-0.2677,-0.449,-0.6654,-0.8794,-1.0195,-1.046,-0.9914,-0.9088,-0.796,-0.8091,-0.8231,-0.8375,-0.8508,-0.8604,-0.8631,-0.858,-0.8491,-0.8458,-0.8476,-0.8471,-0.9243,-0.9189,-0.6743,-0.5408,-0.4457,-0.5687,-0.7962,-0.3325,0.0996,0.1921,0.0862,0.0305,0.0776,0.1916,0.1999,0.0208,-0.2253,-0.505,-0.846,-1.2052,-1.4083,-1.369,-1.209,-1.0453,-0.7795,-0.7894,-0.7993,-0.8084,-0.8156,-0.8195,-0.8187,-0.8135,-0.806,-0.7989,-0.7922,-0.7871,-0.7866,-0.7507,-0.7366,-0.7521,-0.5682,-0.5782,-0.6535,-0.389,-0.1976,-0.0744,-0.0314,0.0213,0.1954,0.5597,0.6369,0.1989,-0.195,-0.5618,-1.0414,-1.6141,-1.8956,-1.7174,-1.4069,-1.1551,-0.7624,-0.7695,-0.776,-0.7813,-0.7846,-0.785,-0.7821,-0.776,-0.7676,-0.7575,-0.7458,-0.7318,-0.7133,-0.6927,-0.7121,-0.7109,-0.5687,-0.4704,-0.3537,-0.3008,-0.2526,-0.1503,-0.078,-0.0037,0.1776,0.6031,0.7023,0.1151,-0.2538,-0.5969,-1.1029,-1.7777,-2.0986,-1.8438,-1.4709,-1.19,-0.7454,-0.7502,-0.7541,-0.7565,-0.7571,-0.7552,-0.7507,-0.7434,-0.7337,-0.7216,-0.7068,-0.6889,-0.6677,-0.647,-0.6316,-0.5963,-0.5175,-0.429,-0.3475,-0.2987,-0.2224,-0.111,-0.0474,-0.0344,-0.0074,-0.0181,-0.2747,-0.3172,-0.3961,-0.6046,-0.9607,-1.4516,-1.7266,-1.6063,-1.3525,-1.1335,-0.729,-0.7319,-0.7337,-0.734,-0.7326,-0.7291,-0.7232,-0.7149,-0.704,-0.6906,-0.6743,-0.6549,-0.6325,-0.6076,-0.5787,-0.5375,-0.4786,-0.4095,-0.3394,-0.2613,-0.1308,0.0571,0.1164,-0.0025,-0.131,-0.3209,-0.5749,-0.5075,-0.5279,-0.6191,-0.787,-1.0493,-1.2414,-1.2502,-1.1463,-1.021,-0.7134,-0.7147,-0.7149,-0.7136,-0.7108,-0.706,-0.699,-0.6898,-0.6783,-0.6641,-0.6471,-0.6271,-0.6039,-0.5771,-0.5449,-0.5044,-0.4536,-0.3932,-0.3219,-0.2233,-0.0544,0.2006,0.2701,0.0471,-0.1585,-0.3272,-0.4577,-0.5435,-0.6676,-0.6632,-0.6969,-0.8185,-0.9363,-0.9815,-0.9579,-0.901,-0.6987,-0.6987,-0.6976,-0.6952,-0.6912,-0.6854,-0.6778,-0.668,-0.6559,-0.6414,-0.6243,-0.6043,-0.581,-0.554,-0.5221,-0.4839,-0.438,-0.383,-0.3148,-0.2213,-0.0841,0.0768,0.1146,-0.0225,-0.1845,-0.32,-0.4382,-0.5708,-0.6848,-0.6686,-0.6591,-0.7099,-0.7755,-0.8158,-0.8206,-0.7998]}]