docs/data/wind_grid.json
{"header": {"la1":42.1,"la2":41.55,"lo1":12.1,"lo2":12.95,"nx":50,"ny":50,"dx":0.01735,"dy":0.01122,"parameterCategory":2,"parameterNumber":3,"parameterNumberName":"northward_wind","parameterUnit":"m.s-1"}, "data":
[rows 0 to 40 of 50, columns 0 to 49 of 50]
-0.611,-0.6111,-0.611,-0.6106,-0.6099,-0.6089,-0.6076,-0.606,-0.6041,-0.6018,-0.5992,-0.5963,-0.5929,-0.5892,-0.5849,-0.5801,-0.5746,-0.5682,-0.5607,-0.552,-0.5419,-0.5303,-0.517,-0.502,-0.4856,-0.4681,-0.4499,-0.4318,-0.4144,-0.3987,-0.3855,-0.3756,-0.3695,-0.3675,-0.3694,-0.3747,-0.3825,-0.3915,-0.4004,-0.408,-0.4134,-0.4161,-0.4159,-0.4131,-0.4081,-0.4015,-0.3938,-0.3855,-0.3771,-0.3688
-0.6152,-0.6155,-0.6155,-0.6152,-0.6147,-0.6138,-0.6126,-0.6111,-0.6093,-0.6072,-0.6047,-0.6019,-0.5987,-0.5951,-0.5911,-0.5865,-0.5812,-0.5751,-0.5678,-0.5592,-0.5491,-0.5371,-0.5233,-0.5076,-0.4901,-0.4713,-0.4515,-0.4317,-0.4127,-0.3955,-0.3812,-0.3706,-0.3645,-0.3633,-0.3667,-0.3741,-0.3843,-0.3958,-0.407,-0.4164,-0.4229,-0.4259,-0.4255,-0.4219,-0.4158,-0.4079,-0.3989,-0.3893,-0.3797,-0.3705
-0.6195,-0.6199,-0.6201,-0.62,-0.6195,-0.6188,-0.6177,-0.6164,-0.6146,-0.6126,-0.6103,-0.6076,-0.6046,-0.6013,-0.5975,-0.5932,-0.5882,-0.5824,-0.5754,-0.567,-0.5568,-0.5447,-0.5304,-0.5139,-0.4952,-0.4749,-0.4534,-0.4317,-0.4107,-0.3918,-0.3761,-0.3648,-0.3587,-0.3584,-0.3635,-0.3733,-0.3864,-0.401,-0.4148,-0.4263,-0.434,-0.4373,-0.4364,-0.4318,-0.4243,-0.4148,-0.4043,-0.3933,-0.3824,-0.372
-0.6239,-0.6245,-0.6248,-0.6248,-0.6246,-0.6239,-0.623,-0.6217,-0.6201,-0.6182,-0.616,-0.6135,-0.6107,-0.6076,-0.6041,-0.6001,-0.5955,-0.5901,-0.5835,-0.5753,-0.5653,-0.5531,-0.5383,-0.5209,-0.5011,-0.479,-0.4556,-0.4317,-0.4085,-0.3875,-0.3702,-0.358,-0.3519,-0.3525,-0.3597,-0.3725,-0.3891,-0.4071,-0.4242,-0.438,-0.4469,-0.4505,-0.4489,-0.4428,-0.4336,-0.4223,-0.4099,-0.3973,-0.385,-0.3734
-0.6284,-0.6292,-0.6297,-0.6298,-0.6297,-0.6292,-0.6284,-0.6272,-0.6257,-0.6239,-0.6219,-0.6195,-0.6169,-0.614,-0.6109,-0.6073,-0.6032,-0.5982,-0.5921,-0.5844,-0.5746,-0.5623,-0.5471,-0.5289,-0.5077,-0.4838,-0.4581,-0.4317,-0.406,-0.3826,-0.3634,-0.35,-0.3438,-0.3455,-0.3551,-0.3713,-0.392,-0.4143,-0.4351,-0.4516,-0.4619,-0.4654,-0.4627,-0.4549,-0.4436,-0.4301,-0.4156,-0.4012,-0.3873,-0.3745
-0.633,-0.634,-0.6346,-0.635,-0.635,-0.6346,-0.6339,-0.6329,-0.6315,-0.6298,-0.6278,-0.6256,-0.6232,-0.6206,-0.6178,-0.6147,-0.6111,-0.6067,-0.6012,-0.5941,-0.5847,-0.5725,-0.557,-0.5379,-0.5152,-0.4894,-0.4611,-0.4318,-0.403,-0.3768,-0.3553,-0.3405,-0.3341,-0.337,-0.3493,-0.3695,-0.3951,-0.4225,-0.4476,-0.467,-0.4787,-0.4821,-0.4779,-0.4679,-0.454,-0.438,-0.4213,-0.4048,-0.3894,-0.3752
-0.6377,-0.6389,-0.6397,-0.6402,-0.6404,-0.6402,-0.6396,-0.6387,-0.6374,-0.6358,-0.6339,-0.6319,-0.6297,-0.6273,-0.6249,-0.6222,-0.6193,-0.6156,-0.6109,-0.6045,-0.5957,-0.5837,-0.568,-0.5481,-0.5238,-0.4957,-0.4646,-0.432,-0.3997,-0.3702,-0.3458,-0.3292,-0.3224,-0.3266,-0.3419,-0.3668,-0.3981,-0.4313,-0.4615,-0.4844,-0.4974,-0.5002,-0.4941,-0.4815,-0.4646,-0.4457,-0.4265,-0.408,-0.3908,-0.3754
-0.6425,-0.6439,-0.6449,-0.6456,-0.646,-0.6459,-0.6455,-0.6446,-0.6434,-0.6419,-0.6401,-0.6382,-0.6361,-0.6341,-0.632,-0.6299,-0.6277,-0.6249,-0.6211,-0.6157,-0.6076,-0.5961,-0.5803,-0.5595,-0.5336,-0.503,-0.4686,-0.4322,-0.3958,-0.3623,-0.3347,-0.3158,-0.3082,-0.3136,-0.3323,-0.3625,-0.4004,-0.4405,-0.4765,-0.5032,-0.5175,-0.5195,-0.511,-0.4951,-0.4749,-0.453,-0.4311,-0.4104,-0.3915,-0.3748
-0.6474,-0.649,-0.6503,-0.6512,-0.6517,-0.6518,-0.6515,-0.6507,-0.6496,-0.6482,-0.6464,-0.6446,-0.6427,-0.6409,-0.6392,-0.6377,-0.6362,-0.6344,-0.6318,-0.6275,-0.6206,-0.6098,-0.5939,-0.5723,-0.5447,-0.5113,-0.4732,-0.4324,-0.3914,-0.3532,-0.3215,-0.2997,-0.291,-0.2975,-0.3197,-0.3558,-0.4013,-0.4492,-0.4919,-0.5228,-0.5385,-0.5392,-0.5278,-0.5082,-0.4844,-0.4591,-0.4345,-0.4117,-0.3913,-0.3734
-0.6524,-0.6542,-0.6558,-0.6569,-0.6576,-0.6579,-0.6577,-0.657,-0.656,-0.6545,-0.6529,-0.6511,-0.6493,-0.6477,-0.6464,-0.6454,-0.6448,-0.6442,-0.6429,-0.6402,-0.6346,-0.6247,-0.6091,-0.5867,-0.5571,-0.5206,-0.4785,-0.4326,-0.3861,-0.3424,-0.3058,-0.2804,-0.27,-0.2773,-0.3032,-0.3457,-0.3995,-0.4564,-0.5066,-0.5421,-0.559,-0.5582,-0.5434,-0.5199,-0.4922,-0.4637,-0.4364,-0.4116,-0.3897,-0.3708
-0.6575,-0.6596,-0.6614,-0.6627,-0.6637,-0.6641,-0.6641,-0.6635,-0.6625,-0.6611,-0.6594,-0.6576,-0.6559,-0.6544,-0.6535,-0.6531,-0.6534,-0.654,-0.6544,-0.6534,-0.6496,-0.641,-0.6259,-0.6028,-0.5711,-0.5311,-0.4843,-0.4328,-0.3799,-0.3298,-0.2872,-0.2573,-0.2444,-0.252,-0.2814,-0.3305,-0.3935,-0.4601,-0.5187,-0.5593,-0.5776,-0.5749,-0.5566,-0.5291,-0.4976,-0.4659,-0.4363,-0.4097,-0.3867,-0.367
-0.6627,-0.6651,-0.6672,-0.6688,-0.6699,-0.6706,-0.6707,-0.6702,-0.6692,-0.6678,-0.6661,-0.6642,-0.6625,-0.6611,-0.6604,-0.6606,-0.6618,-0.6638,-0.666,-0.6673,-0.6656,-0.6588,-0.6443,-0.6204,-0.5865,-0.5427,-0.4906,-0.4326,-0.3724,-0.3148,-0.2652,-0.2296,-0.2132,-0.2203,-0.2527,-0.3085,-0.381,-0.4582,-0.5259,-0.5721,-0.5918,-0.5874,-0.5657,-0.5343,-0.4995,-0.4651,-0.4336,-0.4058,-0.3819,-0.3618
-0.668,-0.6708,-0.6731,-0.675,-0.6764,-0.6773,-0.6775,-0.6772,-0.6762,-0.6748,-0.6729,-0.6709,-0.6691,-0.6677,-0.6672,-0.6678,-0.6699,-0.6734,-0.6777,-0.6815,-0.6826,-0.6779,-0.6644,-0.6398,-0.6032,-0.5552,-0.4972,-0.432,-0.3635,-0.2971,-0.2391,-0.1964,-0.1753,-0.1808,-0.2154,-0.2774,-0.3593,-0.4475,-0.5248,-0.5771,-0.5988,-0.5931,-0.5686,-0.5343,-0.4968,-0.4606,-0.4279,-0.3993,-0.3752,-0.3551
-0.6735,-0.6765,-0.6792,-0.6814,-0.6831,-0.6842,-0.6847,-0.6844,-0.6835,-0.6819,-0.6799,-0.6777,-0.6757,-0.6742,-0.6737,-0.6747,-0.6776,-0.6825,-0.6891,-0.6959,-0.7003,-0.6983,-0.686,-0.6605,-0.621,-0.5683,-0.5038,-0.4305,-0.3526,-0.276,-0.2081,-0.1568,-0.1293,-0.1318,-0.1673,-0.2345,-0.3254,-0.4244,-0.5117,-0.5707,-0.5952,-0.5894,-0.5635,-0.5274,-0.4887,-0.4518,-0.4187,-0.3902,-0.3663,-0.3466
-0.679,-0.6824,-0.6855,-0.6881,-0.6901,-0.6915,-0.6921,-0.692,-0.6911,-0.6894,-0.6872,-0.6847,-0.6823,-0.6805,-0.6799,-0.681,-0.6846,-0.6909,-0.6998,-0.71,-0.7183,-0.7198,-0.7088,-0.6822,-0.6393,-0.5813,-0.5099,-0.4277,-0.3392,-0.251,-0.1715,-0.1095,-0.0739,-0.0716,-0.1064,-0.1774,-0.2761,-0.3852,-0.4825,-0.5489,-0.5776,-0.5737,-0.5484,-0.5126,-0.4743,-0.438,-0.4057,-0.3782,-0.3552,-0.3364
-0.6846,-0.6884,-0.6919,-0.6949,-0.6973,-0.699,-0.6999,-0.6999,-0.699,-0.6973,-0.6948,-0.6919,-0.689,-0.6867,-0.6857,-0.6868,-0.6908,-0.6983,-0.7094,-0.7233,-0.7363,-0.7418,-0.7323,-0.704,-0.6571,-0.5935,-0.5147,-0.423,-0.3228,-0.2214,-0.1282,-0.0536,-0.0077,0.0015,-0.0306,-0.1035,-0.2084,-0.3266,-0.4337,-0.5085,-0.5434,-0.5439,-0.5219,-0.4889,-0.4531,-0.4191,-0.3889,-0.3632,-0.3419,-0.3245
-0.6902,-0.6945,-0.6985,-0.7019,-0.7048,-0.7069,-0.7081,-0.7083,-0.7074,-0.7055,-0.7027,-0.6993,-0.6958,-0.6929,-0.6912,-0.6919,-0.6959,-0.7042,-0.7173,-0.7348,-0.7531,-0.7635,-0.7554,-0.7244,-0.673,-0.6037,-0.5175,-0.4158,-0.3029,-0.1864,-0.0773,0.0123,0.0708,0.089,0.0616,-0.0113,-0.1205,-0.2466,-0.3631,-0.4475,-0.491,-0.499,-0.4835,-0.4561,-0.4251,-0.395,-0.3682,-0.3453,-0.3264,-0.311
-0.696,-0.7008,-0.7052,-0.7092,-0.7126,-0.7151,-0.7167,-0.7172,-0.7164,-0.7143,-0.7111,-0.7071,-0.7029,-0.699,-0.6965,-0.6964,-0.7,-0.7084,-0.7227,-0.7433,-0.7672,-0.7833,-0.776,-0.7411,-0.6849,-0.6105,-0.5173,-0.4055,-0.2787,-0.1455,-0.0182,0.089,0.1626,0.192,0.171,0.0999,-0.0122,-0.1449,-0.2708,-0.366,-0.4208,-0.4395,-0.4337,-0.4146,-0.3905,-0.3661,-0.3439,-0.3247,-0.3089,-0.296
-0.7018,-0.7071,-0.7121,-0.7167,-0.7207,-0.7238,-0.7258,-0.7266,-0.7259,-0.7237,-0.7201,-0.7154,-0.7102,-0.7053,-0.7016,-0.7004,-0.7029,-0.7106,-0.7251,-0.7473,-0.7759,-0.7978,-0.7904,-0.7509,-0.6908,-0.6127,-0.5134,-0.3914,-0.25,-0.0982,0.0498,0.1773,0.2682,0.3105,0.2972,0.2287,0.1146,-0.0243,-0.1597,-0.267,-0.3352,-0.3674,-0.374,-0.3656,-0.3503,-0.333,-0.3165,-0.3019,-0.2896,-0.2797
-0.7076,-0.7135,-0.7192,-0.7244,-0.729,-0.7328,-0.7354,-0.7366,-0.7362,-0.7339,-0.7298,-0.7244,-0.718,-0.7118,-0.7066,-0.7038,-0.7048,-0.711,-0.7239,-0.7452,-0.7752,-0.8012,-0.7928,-0.7499,-0.689,-0.6095,-0.5054,-0.3735,-0.2166,-0.0445,0.1265,0.2766,0.3869,0.4432,0.438,0.3718,0.2552,0.11,-0.0352,-0.1554,-0.2386,-0.2861,-0.3069,-0.3109,-0.3057,-0.2967,-0.2866,-0.2772,-0.269,-0.2623
-0.7134,-0.7199,-0.7263,-0.7323,-0.7377,-0.7422,-0.7456,-0.7474,-0.7472,-0.7449,-0.7404,-0.734,-0.7264,-0.7186,-0.7117,-0.7071,-0.706,-0.7099,-0.7198,-0.7367,-0.7615,-0.785,-0.7762,-0.7363,-0.6798,-0.6014,-0.4934,-0.3519,-0.179,0.0147,0.2107,0.3854,0.5164,0.5868,0.5886,0.5232,0.4029,0.2506,0.0952,-0.038,-0.1364,-0.1999,-0.2356,-0.2526,-0.2584,-0.2581,-0.2551,-0.2511,-0.2473,-0.2442
-0.7191,-0.7264,-0.7335,-0.7403,-0.7466,-0.7521,-0.7563,-0.7588,-0.7592,-0.757,-0.752,-0.7446,-0.7356,-0.7259,-0.7171,-0.7103,-0.7068,-0.7078,-0.7137,-0.7239,-0.737,-0.7479,-0.7418,-0.7144,-0.666,-0.5898,-0.4783,-0.3272,-0.1382,0.0778,0.2996,0.4999,0.6515,0.735,0.7416,0.6747,0.5488,0.3887,0.2236,0.0781,-0.0345,-0.113,-0.1633,-0.1932,-0.2099,-0.2185,-0.2227,-0.2244,-0.2252,-0.2256
-0.7248,-0.7328,-0.7407,-0.7485,-0.7558,-0.7623,-0.7676,-0.7711,-0.7722,-0.7702,-0.7648,-0.7563,-0.7455,-0.7338,-0.7228,-0.7137,-0.7077,-0.7055,-0.7072,-0.711,-0.7127,-0.7106,-0.7088,-0.6938,-0.6519,-0.5765,-0.4609,-0.3003,-0.0957,0.1418,0.3889,0.6137,0.7845,0.8786,0.8873,0.8162,0.6834,0.5157,0.3421,0.1866,0.0619,-0.0298,-0.0931,-0.135,-0.1619,-0.1792,-0.1903,-0.1977,-0.2029,-0.207
-0.7304,-0.7391,-0.7479,-0.7567,-0.7651,-0.7729,-0.7795,-0.7843,-0.7863,-0.7848,-0.7791,-0.7692,-0.7562,-0.7421,-0.7287,-0.7174,-0.7089,-0.7037,-0.7018,-0.7013,-0.6985,-0.6941,-0.6936,-0.681,-0.6397,-0.5624,-0.4419,-0.2724,-0.0539,0.2027,0.4722,0.7185,0.905,1.0063,1.0142,0.9376,0.798,0.6242,0.4449,0.2824,0.1487,0.0466,-0.0276,-0.0798,-0.116,-0.1411,-0.1587,-0.1715,-0.1811,-0.1887
-0.7358,-0.7452,-0.755,-0.7648,-0.7745,-0.7838,-0.792,-0.7983,-0.8018,-0.801,-0.795,-0.7836,-0.7679,-0.7507,-0.7347,-0.7213,-0.7106,-0.7028,-0.6979,-0.6952,-0.693,-0.6918,-0.6901,-0.6734,-0.6286,-0.5474,-0.4218,-0.2448,-0.0153,0.256,0.5423,0.8043,1.0015,1.1063,1.1116,1.0299,0.8858,0.7092,0.5277,0.362,0.2231,0.1137,0.0312,-0.0293,-0.0733,-0.1052,-0.1287,-0.1463,-0.16,-0.1709
-0.7409,-0.7512,-0.7618,-0.7728,-0.7839,-0.7947,-0.8048,-0.8132,-0.8185,-0.8191,-0.8131,-0.7998,-0.7805,-0.7593,-0.7401,-0.7249,-0.7128,-0.7029,-0.6954,-0.6912,-0.69,-0.6907,-0.6866,-0.6651,-0.6158,-0.5306,-0.4007,-0.2186,0.0175,0.297,0.5924,0.8624,1.0641,1.169,1.1718,1.0875,0.943,0.768,0.5887,0.4239,0.2834,0.1701,0.0821,0.0154,-0.0347,-0.0723,-0.1008,-0.1228,-0.14,-0.154
-0.7457,-0.7568,-0.7684,-0.7805,-0.7931,-0.8057,-0.8178,-0.8286,-0.8365,-0.8392,-0.8338,-0.8184,-0.7943,-0.7672,-0.7441,-0.7274,-0.715,-0.7039,-0.6943,-0.688,-0.6859,-0.6854,-0.6781,-0.6527,-0.5998,-0.5116,-0.3792,-0.1952,0.0422,0.3224,0.618,0.8872,1.0871,1.1899,1.1917,1.1089,0.9689,0.8006,0.628,0.4678,0.3293,0.2152,0.1244,0.0537,-0.0009,-0.0429,-0.0755,-0.1011,-0.1215,-0.1382
-0.7502,-0.762,-0.7745,-0.7878,-0.8018,-0.8163,-0.8308,-0.8445,-0.8556,-0.8614,-0.8576,-0.8402,-0.8095,-0.7739,-0.7453,-0.7278,-0.7165,-0.7056,-0.6942,-0.6851,-0.6802,-0.6762,-0.6648,-0.6359,-0.5805,-0.4906,-0.3579,-0.1756,0.0576,0.331,0.6179,0.8782,1.0709,1.1703,1.1733,1.0965,0.9662,0.809,0.6469,0.4949,0.3613,0.2492,0.158,0.0852,0.0278,-0.0174,-0.0532,-0.0817,-0.1047,-0.1237
-0.7542,-0.7667,-0.7801,-0.7945,-0.81,-0.8264,-0.8434,-0.8602,-0.8754,-0.8855,-0.885,-0.8665,-0.8273,-0.7791,-0.7426,-0.7249,-0.7166,-0.7074,-0.695,-0.6829,-0.6737,-0.6649,-0.6489,-0.6165,-0.5591,-0.4688,-0.338,-0.1607,0.0634,0.3235,0.5945,0.8394,1.0211,1.1164,1.1229,1.0559,0.9391,0.7967,0.6481,0.5068,0.3806,0.2727,0.1831,0.1101,0.0513,0.0041,-0.0339,-0.0647,-0.0898,-0.1106
-0.7576,-0.7708,-0.785,-0.8005,-0.8173,-0.8355,-0.8549,-0.8752,-0.8948,-0.9107,-0.9157,-0.8983,-0.8494,-0.7833,-0.7358,-0.7186,-0.7151,-0.7089,-0.6963,-0.6813,-0.6675,-0.6533,-0.6323,-0.5964,-0.5373,-0.4477,-0.3204,-0.1509,0.0603,0.3026,0.5527,0.7781,0.9464,1.0374,1.049,0.9941,0.8933,0.7677,0.6345,0.5057,0.3886,0.2866,0.2002,0.1285,0.0696,0.0215,-0.0179,-0.0501,-0.0768,-0.0991
-0.7605,-0.7742,-0.7891,-0.8054,-0.8234,-0.8432,-0.8649,-0.8884,-0.9126,-0.9349,-0.9477,-0.9351,-0.8775,-0.7889,-0.7273,-0.7112,-0.7129,-0.71,-0.6976,-0.6803,-0.6622,-0.6427,-0.6168,-0.5773,-0.5169,-0.4285,-0.3061,-0.1462,0.0498,0.2715,0.4984,0.7025,0.8564,0.9431,0.9602,0.9182,0.8343,0.7264,0.6093,0.4939,0.3871,0.2921,0.2102,0.1409,0.083,0.0349,-0.005,-0.0382,-0.0659,-0.0893
-0.7628,-0.7769,-0.7923,-0.8093,-0.8282,-0.8493,-0.8728,-0.8989,-0.9271,-0.9554,-0.9766,-0.9721,-0.9105,-0.7999,-0.7234,-0.7072,-0.7119,-0.7108,-0.6987,-0.6795,-0.6577,-0.6335,-0.603,-0.5603,-0.4987,-0.4122,-0.2955,-0.1462,0.0334,0.2338,0.4371,0.6198,0.7595,0.8416,0.864,0.8345,0.7671,0.6764,0.5755,0.4737,0.3776,0.2905,0.2139,0.148,0.0919,0.0446,0.0048,-0.0287,-0.057,-0.0811
-0.7644,-0.7787,-0.7945,-0.812,-0.8315,-0.8534,-0.878,-0.9058,-0.9366,-0.9688,-0.9961,-0.9988,-0.9393,-0.8184,-0.7315,-0.7109,-0.7138,-0.7119,-0.6991,-0.6784,-0.6537,-0.6256,-0.5912,-0.5457,-0.4834,-0.3991,-0.2886,-0.1504,0.0129,0.1925,0.3733,0.5358,0.6618,0.7394,0.7662,0.7481,0.6957,0.6213,0.5357,0.4472,0.3618,0.2829,0.2122,0.1503,0.0968,0.0509,0.0118,-0.0216,-0.05,-0.0745
-0.7652,-0.7797,-0.7957,-0.8134,-0.8331,-0.8553,-0.8803,-0.9086,-0.94,-0.973,-1.0014,-1.006,-0.9516,-0.8383,-0.7507,-0.7226,-0.7189,-0.7134,-0.699,-0.6769,-0.6499,-0.6187,-0.5812,-0.5335,-0.471,-0.3893,-0.2852,-0.1579,-0.0102,0.1501,0.3101,0.4542,0.5676,0.6407,0.6709,0.6624,0.6234,0.5636,0.4921,0.4162,0.3412,0.2705,0.206,0.1484,0.0979,0.054,0.016,-0.0167,-0.045,-0.0695
-0.7654,-0.7799,-0.7958,-0.8134,-0.833,-0.855,-0.8796,-0.9071,-0.9372,-0.9678,-0.9924,-0.9937,-0.9451,-0.8509,-0.772,-0.7374,-0.7255,-0.715,-0.6982,-0.6746,-0.6459,-0.6124,-0.5727,-0.5235,-0.4613,-0.3826,-0.2848,-0.1679,-0.0347,0.108,0.2496,0.3773,0.4794,0.548,0.5806,0.5799,0.5523,0.5053,0.4465,0.3822,0.317,0.2543,0.196,0.1431,0.0959,0.0543,0.0178,-0.014,-0.0418,-0.066
-0.7648,-0.7791,-0.7948,-0.8121,-0.8313,-0.8525,-0.8761,-0.9018,-0.929,-0.9551,-0.9734,-0.9698,-0.9276,-0.8539,-0.7878,-0.7505,-0.7316,-0.7161,-0.6967,-0.6717,-0.6416,-0.6066,-0.5653,-0.5154,-0.454,-0.3784,-0.2869,-0.1797,-0.0596,0.0675,0.1929,0.3063,0.3983,0.4625,0.4965,0.5021,0.4839,0.4479,0.4003,0.3464,0.2904,0.2353,0.183,0.1348,0.0911,0.0521,0.0174,-0.0132,-0.0402,-0.0639
-0.7636,-0.7776,-0.7929,-0.8096,-0.828,-0.8481,-0.87,-0.8933,-0.9167,-0.9375,-0.9495,-0.9421,-0.9066,-0.8498,-0.7958,-0.7592,-0.7358,-0.7162,-0.6943,-0.668,-0.637,-0.6009,-0.5588,-0.5088,-0.4486,-0.3763,-0.2908,-0.1926,-0.0842,0.0292,0.1405,0.2415,0.3247,0.3846,0.4193,0.4297,0.4192,0.3925,0.3546,0.3099,0.2622,0.2142,0.1678,0.1242,0.0841,0.0477,0.015,-0.0141,-0.0401,-0.0632
-0.7616,-0.7752,-0.79,-0.806,-0.8234,-0.8421,-0.862,-0.8824,-0.9019,-0.9177,-0.9245,-0.9152,-0.8856,-0.8415,-0.7973,-0.763,-0.7374,-0.7149,-0.6911,-0.6637,-0.6319,-0.5953,-0.5529,-0.5033,-0.4448,-0.3759,-0.2961,-0.206,-0.108,-0.0065,0.0927,0.1829,0.2582,0.3142,0.3489,0.3629,0.3586,0.3397,0.31,0.2735,0.2332,0.1917,0.1508,0.1117,0.0752,0.0416,0.011,-0.0166,-0.0415,-0.0637
-0.759,-0.7721,-0.7862,-0.8014,-0.8175,-0.8347,-0.8524,-0.8699,-0.8858,-0.8973,-0.9003,-0.8905,-0.8658,-0.8307,-0.7942,-0.7626,-0.7363,-0.7121,-0.6869,-0.6587,-0.6266,-0.5898,-0.5476,-0.4988,-0.4422,-0.3768,-0.3023,-0.2196,-0.1308,-0.0397,0.0491,0.1301,0.1986,0.2508,0.2851,0.3017,0.3023,0.2897,0.2671,0.2376,0.204,0.1684,0.1326,0.0978,0.0647,0.0339,0.0055,-0.0205,-0.044,-0.0653
-0.7559,-0.7684,-0.7817,-0.7959,-0.8108,-0.8262,-0.8418,-0.8566,-0.8692,-0.8773,-0.8778,-0.8681,-0.8473,-0.8187,-0.7878,-0.759,-0.7329,-0.7079,-0.6819,-0.6532,-0.6209,-0.5843,-0.5426,-0.4949,-0.4405,-0.3785,-0.3091,-0.2331,-0.1524,-0.0702,0.0096,0.0827,0.1451,0.1938,0.2274,0.2458,0.2503,0.2429,0.2262,0.2028,0.1749,0.1447,0.1136,0.0828,0.0531,0.025,-0.0013,-0.0255,-0.0477,-0.0679
-0.7522,-0.764,-0.7765,-0.7896,-0.8032,-0.817,-0.8305,-0.8429,-0.8527,-0.8582,-0.8571,-0.8477,-0.83,-0.806,-0.7793,-0.753,-0.7276,-0.7025,-0.6761,-0.6472,-0.615,-0.5788,-0.5379,-0.4916,-0.4394,-0.3809,-0.3162,-0.2461,-0.1726,-0.0982,-0.0261,0.0401,0.0972,0.1427,0.1754,0.195,0.2024,0.1992,0.1874,0.1692,0.1464,0.121,0.0941,0.067,0.0405,0.0151,-0.009,-0.0315,-0.0523,-0.0714
