docs/data/wind_grid.json
[{"header":{"la1":42.85,"la2":41.18,"lo1":11.55,"lo2":14.05,"nx":36,"ny":24,"dx":0.07143,"dy":0.07261,"parameterCategory":2,"parameterNumber":2,"parameterNumberName":"eastward_wind","parameterUnit":"m.s-1"},"data":[-0.7542,-0.7766,-0.8017,-0.8285,-0.8548,-0.8769,-0.8896,-0.8875,-0.8665,-0.8261,-0.7699,-0.7037,-0.6335,-0.5639,-0.4979,-0.4379,-0.3856,-0.3434,-0.3134,-0.2969,-0.2936,-0.3009,-0.3154,-0.3339,-0.3537,-0.3732,-0.3912,-0.4074,-0.4216,-0.4339,-0.4443,-0.4531,-0.4606,-0.4669,-0.4722,-0.4767,-0.7636,-0.7918,-0.8254,-0.8638,-0.905,-0.944,-0.9726,-0.9806,-0.9593,-0.9072,-0.831,-0.742,-0.65,-0.5612,-0.4787,-0.4038,-0.3382,-0.2849,-0.2483,-0.2314,-0.2337,-0.2506,-0.2759,-0.3044,-0.3325,-0.3583,-0.3812,-0.4009,-0.4175,-0.4314,-0.4429,-0.4523,-0.46,-0.4664,-0.4717,-0.4762,-0.7687,-0.8029,-0.8461,-0.8993,-0.9616,-1.0279,-1.0858,-1.1154,-1.0967,-1.0249,-0.9152,-0.7908,-0.6684,-0.5554,-0.4528,-0.3596,-0.2757,-0.2053,-0.1577,-0.141,-0.1545,-0.1882,-0.2305,-0.2731,-0.3118,-0.3454,-0.3735,-0.3968,-0.4157,-0.431,-0.4432,-0.4529,-0.4606,-0.4668,-0.4719,-0.476,-0.767,-0.8061,-0.859,-0.9294,-1.0201,-1.1291,-1.2412,-1.3184,-1.3104,-1.201,-1.03,-0.8492,-0.6854,-0.5435,-0.4188,-0.3044,-0.1954,-0.0964,-0.0273,-0.0116,-0.0481,-0.1124,-0.1811,-0.2428,-0.2944,-0.3362,-0.3697,-0.3962,-0.417,-0.4331,-0.4455,-0.4551,-0.4624,-0.4681,-0.4726,-0.4763,-0.7557,-0.797,-0.8571,-0.944,-1.0679,-1.2378,-1.4469,-1.6325,-1.6592,-1.467,-1.1765,-0.9083,-0.693,-0.5207,-0.3752,-0.2403,-0.0997,0.0496,0.1654,0.1779,0.091,-0.0274,-0.134,-0.2186,-0.2837,-0.3335,-0.3716,-0.4005,-0.4223,-0.4384,-0.4504,-0.4591,-0.4655,-0.4703,-0.4739,-0.4768,-0.7322,-0.7706,-0.8316,-0.9285,-1.081,-1.3184,-1.6722,-2.0859,-2.2135,-1.8275,-1.3221,-0.9433,-0.6779,-0.4797,-0.3192,-0.1727,-0.0055,0.2178,0.4321,0.434,0.2454,0.0466,-0.1025,-0.2083,-0.2843,-0.34,-0.3809,-0.4108,-0.4323,-0.4474,-0.4579,-0.465,-0.4698,-0.4731,-0.4755,-0.4774,-0.6947,-0.7223,-0.7736,-0.8665,-1.0279,-1.3012,-1.7643,-2.447,-2.7431,-2.0677,-1.3579,-0.9171,-0.6276,-0.4116,-0.241,-0.1007,0.0543,0.3122,0.6325,0.6186,0.3234,0.067,-0.1044,-0.2196,-0.3003,-0.3582,-0.3997,-0.4286,-0.448,-0.4605,-0.4682,-0.4726,-0.475,-0.4762,-0.477,-0.4776,-0.6437,-0.6499,-0.6757,-0.7452,-0.89,-1.1395,-1.5334,-2.0714,-2.2796,-1.7494,-1.1975,-0.8243,-0.5454,-0.3084,-0.1108,0.013,0.0871,0.229,0.4466,0.4427,0.2173,0.0048,-0.1472,-0.2552,-0.3336,-0.3902,-0.4295,-0.4549,-0.47,-0.4778,-0.481,-0.4815,-0.4806,-0.4792,-0.478,-0.4771,-0.5837,-0.5559,-0.5333,-0.5533,-0.6718,-0.8924,-1.1558,-1.3868,-1.4391,-1.2616,-0.9967,-0.7249,-0.4608,-0.1736,0.1374,0.2782,0.1869,0.1245,0.1471,0.129,0.0243,-0.1035,-0.2172,-0.3106,-0.3841,-0.4378,-0.4726,-0.4915,-0.499,-0.4993,-0.496,-0.491,-0.4858,-0.4812,-0.4776,-0.4752,-0.5258,-0.4553,-0.3549,-0.2755,-0.3739,-0.6527,-0.9012,-1.065,-1.1679,-1.1487,-0.9375,-0.6751,-0.4187,-0.0779,0.556,0.8628,0.3639,0.0898,0.0001,-0.0503,-0.1175,-0.2026,-0.293,-0.3793,-0.4528,-0.5053,-0.5332,-0.5405,-0.5353,-0.5243,-0.5117,-0.4997,-0.4894,-0.481,-0.4749,-0.471,-0.4876,-0.3851,-0.2087,0.0143,-0.0562,-0.4931,-0.787,-0.9636,-1.2645,-1.4067,-0.9745,-0.6591,-0.4433,-0.2027,0.4263,0.8612,0.2893,0.0281,-0.0631,-0.1256,-0.1943,-0.274,-0.3639,-0.4594,-0.5465,-0.6031,-0.6189,-0.6048,-0.5783,-0.5507,-0.5261,-0.5056,-0.4893,-0.4771,-0.4686,-0.4634,-0.4824,-0.3853,-0.2231,-0.0262,-0.1071,-0.5153,-0.7595,-0.848,-1.0382,-1.1711,-0.871,-0.6428,-0.4955,-0.4351,-0.2756,-0.0102,-0.0045,-0.0286,-0.0561,-0.1398,-0.2309,-0.3227,-0.4279,-0.5539,-0.6812,-0.7532,-0.7414,-0.6846,-0.6242,-0.5742,-0.5353,-0.5055,-0.4831,-0.4671,-0.4568,-0.4512,-0.5059,-0.4436,-0.3637,-0.3133,-0.4087,-0.6202,-0.7641,-0.8009,-0.8185,-0.8338,-0.7456,-0.6997,-0.5813,-0.4783,-0.4218,-0.2418,-0.1138,0.0416,0.0368,-0.133,-0.2542,-0.3561,-0.4794,-0.6559,-0.8707,-0.9792,-0.9004,-0.7672,-0.6615,-0.5873,-0.5343,-0.4955,-0.4674,-0.4484,-0.4373,-0.4327,-0.5403,-0.5114,-0.4887,-0.4981,-0.5654,-0.6671,-0.7477,-0.7845,-0.7776,-0.7342,-0.6945,-0.8399,-0.8329,-0.0914,-0.3023,-0.2159,-0.0941,-0.0361,-0.0528,-0.1833,-0.2819,-0.37,-0.4985,-0.7148,-1.0291,-1.187,-1.0166,-0.8086,-0.6701,-0.5803,-0.5173,-0.4709,-0.4379,-0.4172,-0.4073,-0.406,-0.5714,-0.5619,-0.5618,-0.5805,-0.6215,-0.6727,-0.7144,-0.7325,-0.7189,-0.6829,-0.6454,-0.5961,-0.4316,-0.2055,-0.2745,-0.0669,0.2135,-0.0683,-0.192,-0.2545,-0.2814,-0.3374,-0.467,-0.6676,-0.9318,-1.0691,-0.9382,-0.7615,-0.6357,-0.5475,-0.4799,-0.4267,-0.3889,-0.3683,-0.3632,-0.3691,-0.5944,-0.5935,-0.5995,-0.615,-0.639,-0.6651,-0.6843,-0.6893,-0.6796,-0.6758,-0.7312,-0.4653,-0.4384,-0.3784,-0.3546,-0.1597,0.0542,-0.1711,-0.2912,-0.2859,-0.1764,-0.2308,-0.4133,-0.5789,-0.7206,-0.7877,-0.7435,-0.6541,-0.5692,-0.4928,-0.4205,-0.3563,-0.3116,-0.2943,-0.3006,-0.3207,-0.6098,-0.6119,-0.6183,-0.6292,-0.6431,-0.6563,-0.6646,-0.6651,-0.6608,-0.6684,-0.7112,-0.5818,-0.5034,-0.5016,-0.5243,-0.4795,-0.3931,-0.3864,-0.3897,-0.3465,-0.1694,-0.2329,-0.4241,-0.544,-0.605,-0.6179,-0.5941,-0.5512,-0.4963,-0.4265,-0.3396,-0.2501,-0.192,-0.1853,-0.2166,-0.2617,-0.6196,-0.6225,-0.6277,-0.635,-0.6431,-0.65,-0.6535,-0.6529,-0.6496,-0.6465,-0.636,-0.5972,-0.5526,-0.58,-0.8443,-0.9453,-0.7108,-0.4757,-0.3465,-0.4665,-0.4465,-0.4539,-0.5272,-0.5708,-0.5654,-0.5347,-0.5063,-0.4763,-0.4331,-0.3612,-0.2419,-0.0974,-0.0137,-0.0367,-0.1162,-0.1995,-0.626,-0.6288,-0.6328,-0.6377,-0.6426,-0.6466,-0.6486,-0.6483,-0.6464,-0.6437,-0.6402,-0.6424,-0.6805,-0.8739,-1.5252,-1.7785,-1.0317,-0.6208,-0.5136,-0.7209,-0.7004,-0.6739,-0.6728,-0.6363,-0.5543,-0.494,-0.4767,-0.4215,-0.3781,-0.3112,-0.1527,0.0809,0.2004,0.1188,-0.0278,-0.152,-0.6302,-0.6327,-0.6359,-0.6394,-0.6429,-0.6458,-0.6478,-0.6491,-0.6505,-0.654,-0.6642,-0.6937,-0.7767,-1.0014,-1.4681,-1.6022,-1.1046,-0.841,-0.96,-1.0605,-0.9091,-0.8989,-0.8817,-0.7559,-0.5601,-0.4608,-0.4469,-0.3062,-0.3115,-0.2982,-0.14,0.1464,0.2888,0.1724,-0.0042,-0.1428,-0.6332,-0.6355,-0.6382,-0.6411,-0.6441,-0.647,-0.6498,-0.6531,-0.6581,-0.6674,-0.686,-0.7245,-0.8016,-0.94,-1.1094,-1.1415,-1.0017,-0.9108,-0.958,-1.0123,-1.084,-1.2693,-1.3006,-1.0172,-0.6038,-0.2164,0.1713,0.0467,-0.2559,-0.3607,-0.2552,-0.0243,0.1102,0.0526,-0.0715,-0.1809,-0.6356,-0.6377,-0.6402,-0.643,-0.646,-0.6493,-0.6532,-0.6583,-0.666,-0.6785,-0.6997,-0.7352,-0.7911,-0.8664,-0.9363,-0.9578,-0.9343,-0.9281,-0.9798,-1.1077,-1.4332,-2.017,-2.1672,-1.5101,-0.755,-0.0726,0.5354,0.1784,-0.435,-0.5753,-0.4619,-0.281,-0.1576,-0.1424,-0.1898,-0.2508,-0.6376,-0.6397,-0.6422,-0.645,-0.6483,-0.6521,-0.6569,-0.6634,-0.6725,-0.6861,-0.7063,-0.7356,-0.7749,-0.8203,-0.861,-0.8868,-0.9051,-0.9427,-1.0347,-1.2455,-1.7318,-2.5742,-2.8116,-1.8938,-0.9853,-0.3738,-0.0914,-0.4331,-0.9751,-0.9047,-0.6699,-0.481,-0.3595,-0.3079,-0.3059,-0.3274,-0.6393,-0.6415,-0.6441,-0.6471,-0.6507,-0.655,-0.6605,-0.6677,-0.6774,-0.6908,-0.7089,-0.7328,-0.7621,-0.7944,-0.8261,-0.8563,-0.892,-0.9503,-1.06,-1.2719,-1.6589,-2.1622,-2.2624,-1.7178,-1.0861,-0.6678,-0.5369,-0.7537,-1.0523,-0.9713,-0.756,-0.5892,-0.4805,-0.4204,-0.3966,-0.395]},{"header":{"la1":42.85,"la2":41.18,"lo1":11.55,"lo2":14.05,"nx":36,"ny":24,"dx":0.07143,"dy":0.07261,"parameterCategory":2,"parameterNumber":3,"parameterNumberName":"northward_wind","parameterUnit":"m.s-1"},"data":[-0.4236,-0.449,-0.4766,-0.5056,-0.5344,-0.5604,-0.5797,-0.5884,-0.5837,-0.5651,-0.5355,-0.4988,-0.459,-0.4189,-0.3801,-0.3434,-0.3094,-0.279,-0.2529,-0.2316,-0.2146,-0.2011,-0.1897,-0.1796,-0.17,-0.1604,-0.1506,-0.1406,-0.1303,-0.1198,-0.1091,-0.0985,-0.0879,-0.0776,-0.0677,-0.0582,-0.435,-0.4653,-0.4996,-0.5376,-0.5779,-0.617,-0.6488,-0.6658,-0.6619,-0.6363,-0.5942,-0.5436,-0.4912,-0.4406,-0.393,-0.3486,-0.3077,-0.2715,-0.2416,-0.2189,-0.2027,-0.1913,-0.1824,-0.1743,-0.1662,-0.1577,-0.1484,-0.1386,-0.1282,-0.1173,-0.1061,-0.0949,-0.0837,-0.0727,-0.0621,-0.052,-0.4435,-0.4787,-0.5205,-0.5697,-0.626,-0.6857,-0.7397,-0.7732,-0.7721,-0.7335,-0.6695,-0.5967,-0.5267,-0.4631,-0.4053,-0.3516,-0.3013,-0.2564,-0.2207,-0.197,-0.1839,-0.1772,-0.1728,-0.1682,-0.1624,-0.1552,-0.1467,-0.1371,-0.1265,-0.1151,-0.1033,-0.0912,-0.0791,-0.0673,-0.0559,-0.0452,-0.4476,-0.487,-0.5361,-0.5981,-0.6753,-0.7667,-0.8611,-0.9301,-0.937,-0.872,-0.7662,-0.6575,-0.5636,-0.4853,-0.4171,-0.3527,-0.2892,-0.2297,-0.1837,-0.1598,-0.1548,-0.158,-0.1613,-0.1618,-0.159,-0.1536,-0.146,-0.1365,-0.1256,-0.1135,-0.1007,-0.0875,-0.0743,-0.0614,-0.0491,-0.0376,-0.4457,-0.4876,-0.5422,-0.6158,-0.7167,-0.8527,-1.0188,-1.1674,-1.1986,-1.0732,-0.8844,-0.7197,-0.5975,-0.5063,-0.43,-0.3551,-0.2729,-0.1863,-0.1189,-0.0975,-0.1125,-0.1346,-0.1497,-0.1565,-0.1573,-0.1537,-0.147,-0.1376,-0.126,-0.1128,-0.0986,-0.0838,-0.0691,-0.0549,-0.0414,-0.0289,-0.4369,-0.4782,-0.5339,-0.6135,-0.733,-0.9169,-1.1896,-1.5056,-1.6069,-1.3389,-1.0004,-0.7663,-0.6212,-0.5252,-0.4482,-0.3669,-0.2624,-0.1297,-0.0155,-0.0039,-0.062,-0.1132,-0.1416,-0.1546,-0.1586,-0.1569,-0.1509,-0.1412,-0.1285,-0.1136,-0.0972,-0.0803,-0.0636,-0.0475,-0.0326,-0.0191,-0.4211,-0.4582,-0.5085,-0.5831,-0.7033,-0.9076,-1.2591,-1.7735,-1.9931,-1.5156,-1.039,-0.7731,-0.629,-0.5437,-0.4789,-0.4021,-0.2838,-0.1054,0.0707,0.0682,-0.0363,-0.1075,-0.1423,-0.1584,-0.1648,-0.1649,-0.1595,-0.149,-0.1342,-0.1164,-0.0968,-0.0768,-0.0574,-0.0391,-0.0225,-0.0076,-0.4,-0.4298,-0.4683,-0.5252,-0.6212,-0.7918,-1.0844,-1.4959,-1.6602,-1.3008,-0.946,-0.7377,-0.624,-0.567,-0.533,-0.4772,-0.3625,-0.1896,-0.0257,-0.0073,-0.0757,-0.1265,-0.1538,-0.1693,-0.1781,-0.1806,-0.1756,-0.1632,-0.1446,-0.122,-0.0976,-0.0732,-0.0501,-0.029,-0.0103,0.0059,-0.3763,-0.3983,-0.4227,-0.4543,-0.5102,-0.6176,-0.7899,-0.9877,-1.079,-0.9984,-0.8389,-0.6963,-0.616,-0.6003,-0.6308,-0.618,-0.4878,-0.3211,-0.193,-0.1406,-0.1414,-0.1557,-0.1715,-0.1878,-0.202,-0.2089,-0.2044,-0.1877,-0.162,-0.1313,-0.0995,-0.0689,-0.041,-0.0165,0.0045,0.022,-0.3528,-0.3705,-0.3873,-0.4004,-0.4153,-0.4576,-0.5527,-0.7298,-0.9838,-1.0648,-0.8549,-0.6749,-0.6053,-0.6292,-0.7858,-0.8697,-0.6099,-0.3914,-0.2644,-0.2004,-0.1758,-0.1745,-0.1894,-0.2156,-0.244,-0.2605,-0.255,-0.2284,-0.1887,-0.1445,-0.1016,-0.0626,-0.0288,-0.0004,0.023,0.0417,-0.3298,-0.3475,-0.3702,-0.3949,-0.3867,-0.3345,-0.3255,-0.519,-1.2476,-1.6031,-0.9288,-0.6458,-0.5859,-0.6114,-0.7614,-0.8756,-0.5797,-0.3535,-0.237,-0.1884,-0.171,-0.1758,-0.2055,-0.2593,-0.3207,-0.3564,-0.3441,-0.293,-0.2263,-0.1602,-0.1016,-0.0521,-0.0115,0.021,0.0464,0.0657,-0.3047,-0.3207,-0.3457,-0.3785,-0.3527,-0.2011,-0.0137,0.0558,-0.5775,-1.0945,-0.7294,-0.5828,-0.5752,-0.6016,-0.6085,-0.5689,-0.4096,-0.1995,-0.1198,-0.1306,-0.1398,-0.1613,-0.2199,-0.329,-0.4639,-0.5384,-0.4966,-0.3869,-0.2712,-0.1731,-0.0949,-0.0337,0.0137,0.0497,0.0763,0.0953,-0.2757,-0.2838,-0.2922,-0.2884,-0.2254,-0.0565,0.2171,0.4944,0.2545,-0.3016,-0.4725,-0.5626,-0.5984,-0.6254,-0.6116,-0.4818,-0.3032,0.0108,0.0329,-0.0704,-0.0968,-0.1305,-0.2237,-0.421,-0.7069,-0.8576,-0.7218,-0.4938,-0.307,-0.1722,-0.0747,-0.0028,0.0501,0.0882,0.1144,0.1315,-0.2451,-0.2438,-0.2351,-0.2068,-0.137,-0.0056,0.1893,0.3926,0.2526,-0.1264,-0.3483,-0.6134,-0.7009,-0.6592,-0.5275,-0.4532,-0.3654,-0.1179,-0.0324,-0.0456,-0.0421,-0.0736,-0.1887,-0.4635,-0.9305,-1.1799,-0.8965,-0.5423,-0.3008,-0.1427,-0.0332,0.0454,0.1013,0.1391,0.1626,0.1753,-0.2166,-0.2091,-0.1929,-0.1615,-0.107,-0.0271,0.0643,0.1132,0.0362,-0.0926,-0.1705,-0.2925,-0.4292,-0.4892,-0.435,-0.51,-0.7072,-0.3153,-0.0803,0.0119,0.0415,0.0161,-0.0934,-0.3462,-0.7542,-0.9791,-0.7536,-0.4477,-0.2282,-0.0765,0.0338,0.1147,0.1708,0.2052,0.2222,0.2272,-0.1919,-0.1819,-0.1651,-0.1389,-0.1021,-0.0586,-0.0209,-0.01,-0.0293,-0.0182,0.1046,-0.0064,-0.1098,-0.2427,-0.2561,-0.3806,-0.5332,-0.1926,0.0602,0.1295,0.109,0.0964,0.0234,-0.1442,-0.3622,-0.4835,-0.4144,-0.261,-0.1112,0.0174,0.1241,0.207,0.262,0.2889,0.2942,0.2868,-0.171,-0.1607,-0.1457,-0.1255,-0.101,-0.0756,-0.0553,-0.0441,-0.0328,0.011,0.1026,0.0525,0.1757,0.259,0.0289,-0.0318,0.0007,0.2273,0.4106,0.3165,0.1387,0.1405,0.1199,0.0137,-0.1175,-0.2026,-0.1986,-0.1177,-0.0011,0.1199,0.2318,0.3231,0.3779,0.3914,0.3769,0.3513,-0.1529,-0.1431,-0.1302,-0.1144,-0.0965,-0.0785,-0.0624,-0.0476,-0.0287,0.0021,0.0389,0.0883,0.2681,0.3345,0.2922,0.3424,0.3678,0.6624,0.9358,0.6517,0.409,0.3027,0.2347,0.122,-0.037,-0.1959,-0.2247,-0.0913,0.0749,0.2193,0.3488,0.4595,0.5163,0.5065,0.4625,0.414,-0.1368,-0.1276,-0.1161,-0.1028,-0.0881,-0.0728,-0.0572,-0.0404,-0.0197,0.0078,0.0448,0.1035,0.1977,0.324,0.6494,0.7885,0.578,0.7544,0.9506,0.9626,0.7243,0.5178,0.3814,0.2209,-0.0484,-0.4571,-0.5419,-0.1424,0.1522,0.3218,0.4584,0.5876,0.6463,0.6064,0.532,0.4641,-0.122,-0.1131,-0.1025,-0.0904,-0.0769,-0.0623,-0.0464,-0.0281,-0.0057,0.0231,0.0624,0.12,0.2079,0.3604,0.6259,0.7204,0.6253,0.7902,1.2407,1.4321,0.963,0.7102,0.5662,0.3808,0.0696,-0.4566,-0.5714,0.0529,0.329,0.4467,0.5367,0.6387,0.6888,0.6422,0.5632,0.4922,-0.108,-0.0992,-0.089,-0.0773,-0.0642,-0.0496,-0.0329,-0.0134,0.0104,0.0407,0.0809,0.1363,0.2153,0.3273,0.4572,0.5348,0.5921,0.7616,1.0493,1.1484,0.98,0.9192,0.8607,0.6585,0.4225,0.3642,0.7083,0.695,0.615,0.6111,0.608,0.6252,0.6421,0.614,0.5576,0.4991,-0.0947,-0.0859,-0.0757,-0.0641,-0.0509,-0.0359,-0.0186,0.0018,0.0265,0.0573,0.0966,0.1477,0.2135,0.2941,0.3795,0.4576,0.5456,0.6745,0.8243,0.9258,1.0428,1.3158,1.3875,1.0263,0.7344,0.8045,1.1449,0.9891,0.8683,0.8218,0.7237,0.6507,0.6153,0.5837,0.5418,0.4954,-0.0821,-0.0731,-0.0628,-0.051,-0.0376,-0.0223,-0.0045,0.0164,0.0415,0.0719,0.1093,0.1553,0.2109,0.2751,0.3447,0.4187,0.5039,0.6077,0.7276,0.8756,1.1468,1.624,1.7613,1.264,0.89,0.8372,0.9302,0.9807,1.1238,1.0486,0.8508,0.7081,0.6271,0.5757,0.5321,0.4903,-0.0701,-0.0609,-0.0504,-0.0384,-0.0248,-0.0092,0.0089,0.0299,0.0548,0.0842,0.1194,0.161,0.2096,0.2647,0.3257,0.3935,0.471,0.5627,0.675,0.8296,1.072,1.3769,1.4453,1.1672,0.9091,0.8266,0.8653,0.9911,1.1545,1.0834,0.8904,0.7379,0.64,0.5756,0.5271,0.4855]}]