docs/data/wind_grid.json
[{"header":{"la1":42.85,"la2":41.18,"lo1":11.55,"lo2":14.05,"nx":36,"ny":24,"dx":0.07143,"dy":0.07261,"parameterCategory":2,"parameterNumber":2,"parameterNumberName":"eastward_wind","parameterUnit":"m.s-1"},"data":[2.846,2.8104,2.7654,2.7114,2.6511,2.5899,2.5351,2.4947,2.474,2.4732,2.4874,2.5087,2.5294,2.5437,2.5471,2.5359,2.5052,2.4499,2.3667,2.2589,2.1424,2.0436,1.9871,1.9808,2.0141,2.0685,2.1287,2.1857,2.2358,2.2785,2.3143,2.3444,2.3699,2.3918,2.4108,2.4275,2.8771,2.8378,2.784,2.7148,2.6328,2.5452,2.4643,2.4055,2.3804,2.39,2.4241,2.4677,2.5082,2.5384,2.5541,2.5516,2.5243,2.4613,2.3501,2.1874,1.9968,1.8336,1.7547,1.7719,1.8517,1.9523,2.0482,2.1297,2.1957,2.2485,2.2908,2.3251,2.3535,2.3773,2.3978,2.4157,2.9217,2.8811,2.8188,2.7306,2.617,2.4863,2.3585,2.2639,2.2299,2.2607,2.3325,2.4137,2.4839,2.5357,2.5686,2.5818,2.5681,2.5079,2.3677,2.1175,1.7808,1.4821,1.3723,1.4621,1.6418,1.8212,1.9673,2.078,2.1605,2.2226,2.2703,2.3079,2.3384,2.3638,2.3853,2.4041,2.9844,2.9483,2.8814,2.7724,2.6149,2.4145,2.1988,2.0276,1.9737,2.0529,2.2011,2.3465,2.4583,2.5361,2.5897,2.6271,2.6465,2.6209,2.477,2.1031,1.4671,0.8491,0.716,1.0206,1.401,1.6971,1.9012,2.0393,2.1347,2.203,2.2538,2.2932,2.3248,2.351,2.3733,2.3926,3.0701,3.0504,2.9903,2.8649,2.6526,2.3456,1.9657,1.6177,1.5105,1.714,2.0247,2.2748,2.4379,2.5401,2.6122,2.68,2.7604,2.8405,2.7993,2.3244,1.1325,-0.2453,-0.2954,0.5334,1.2131,1.6261,1.8713,2.0228,2.1218,2.1907,2.2414,2.2807,2.3123,2.3387,2.3613,2.381,3.1806,3.1982,3.1716,3.049,2.78,2.3345,1.689,0.9421,0.6781,1.2154,1.842,2.2281,2.4344,2.5467,2.6246,2.7168,2.8762,3.1636,3.4939,3.124,1.3606,-0.9244,-0.8236,0.4385,1.2373,1.66,1.8931,2.0318,2.1215,2.1844,2.2317,2.2692,2.3001,2.3262,2.3488,2.3688,3.3086,3.3946,3.4546,3.3822,3.0636,2.4858,1.5989,0.3349,-0.2209,0.8608,1.7994,2.254,2.4598,2.5517,2.6082,2.6988,2.904,3.3668,4.1886,4.0376,2.3783,0.8299,0.5187,1.0664,1.5248,1.7976,1.9577,2.058,2.1272,2.1795,2.2217,2.2569,2.2869,2.3127,2.3353,2.3554,3.4284,3.608,3.8394,3.9169,3.5187,2.8298,1.9966,0.988,0.5737,1.3396,2.0228,2.3672,2.513,2.5446,2.5344,2.5837,2.7736,3.1463,3.6327,3.4993,2.9017,2.4224,1.9456,1.8227,1.8815,1.9619,2.0273,2.0802,2.1267,2.169,2.2073,2.2413,2.2711,2.2969,2.3197,2.3401,3.4958,3.7342,4.1417,4.4694,3.8956,3.1514,2.5476,2.0638,1.8815,2.0521,2.3166,2.5132,2.5853,2.5168,2.3402,2.2938,2.5277,2.8203,3.0319,3.0792,3.2317,3.0958,2.5646,2.2457,2.1114,2.0619,2.0537,2.0713,2.1047,2.1446,2.1843,2.2203,2.2514,2.2781,2.3013,2.3222,3.485,3.6731,3.9428,4.0995,3.7126,3.2683,2.8805,2.5558,2.2723,2.2084,2.443,2.6454,2.6928,2.522,1.9395,1.6186,2.2657,2.6519,2.8276,2.9393,3.0962,3.0045,2.6518,2.3563,2.1568,2.038,1.9923,2.0037,2.0471,2.1003,2.1505,2.1929,2.2272,2.2551,2.2789,2.3004,3.4261,3.5286,3.5935,3.5349,3.494,3.3089,3.0896,2.8066,2.0654,1.6965,2.4494,2.7913,2.8733,2.7558,2.1139,1.6262,2.3402,2.6667,2.7824,2.8249,2.8337,2.7449,2.5314,2.2634,2.0068,1.8351,1.794,1.8519,1.946,2.0359,2.1074,2.16,2.1982,2.2271,2.2511,2.2731,3.3618,3.4222,3.4639,3.4827,3.4534,3.346,3.3271,3.3177,2.7339,2.2557,2.7282,2.9978,3.0919,3.1808,2.9211,2.6325,2.6781,2.8028,2.8414,2.8037,2.7339,2.6059,2.3782,2.0266,1.6076,1.3444,1.3905,1.6011,1.8093,1.962,2.0622,2.1248,2.1644,2.192,2.2152,2.238,3.3068,3.347,3.3787,3.3934,3.378,3.3826,3.5164,3.6223,3.5894,3.1047,3.097,3.2645,3.2664,3.2349,3.04,2.8278,2.8027,2.9426,2.9481,2.8258,2.7058,2.5369,2.2419,1.6929,0.8693,0.3927,0.746,1.296,1.6803,1.9044,2.0266,2.09,2.1235,2.1454,2.1664,2.1908,3.2621,3.2895,3.3108,3.3235,3.3358,3.3856,3.5255,3.7641,3.6341,3.3102,3.2727,3.5154,3.5597,3.032,2.9235,2.6012,2.7302,2.8974,2.9102,2.8139,2.6757,2.4987,2.1825,1.4753,0.149,-0.6377,0.215,1.133,1.6447,1.8968,2.0103,2.0534,2.0673,2.0774,2.0959,2.1254,3.2273,3.2474,3.2644,3.2798,3.3013,3.344,3.414,3.4679,3.4121,3.3283,3.3281,3.3505,3.2619,3.1876,2.912,2.5589,3.0208,2.937,2.8975,2.7703,2.5748,2.445,2.2412,1.6757,0.6157,-0.0318,0.5958,1.3464,1.7679,1.9543,2.0089,1.9994,1.9752,1.9683,1.9893,2.0332,3.2006,3.2169,3.232,3.2476,3.2673,3.2942,3.3238,3.3386,3.3322,3.3515,3.4427,3.3918,3.3248,3.2086,3.0662,2.973,3.0615,3.0322,2.974,2.7114,2.2424,2.278,2.3481,2.0943,1.6374,1.3601,1.5303,1.83,2.0107,2.0525,1.9943,1.8905,1.8056,1.7839,1.8259,1.905,3.18,3.194,3.2077,3.2219,3.238,3.256,3.2735,3.2875,3.3047,3.3489,3.4265,3.3943,3.433,3.4512,3.2569,3.1764,3.1697,3.2369,3.2499,2.8752,2.2108,2.295,2.4938,2.4479,2.3271,2.2748,2.3051,2.3249,2.2788,2.145,1.9205,1.6603,1.4853,1.4733,1.5841,1.7378,3.1637,3.1761,3.1886,3.2014,3.2151,3.2296,3.2445,3.2606,3.2821,3.3136,3.3459,3.3712,3.4639,3.4971,3.4726,3.482,3.4069,3.5842,3.8789,3.3401,2.8664,2.7183,2.7304,2.7336,2.7722,2.8796,2.9015,2.7488,2.5193,2.2058,1.7501,1.2225,0.9168,0.9941,1.2688,1.5505,3.1503,3.1616,3.1731,3.1848,3.1972,3.2104,3.2247,3.2411,3.2611,3.2854,3.3126,3.3478,3.4054,3.5088,3.8689,4.0337,3.6045,3.6124,3.7455,3.4959,3.228,3.038,2.9629,2.9612,3.0724,3.3446,3.4042,3.0694,2.7116,2.2604,1.5391,0.6088,0.1412,0.4441,0.9723,1.4022,3.1389,3.1494,3.1601,3.1711,3.1827,3.1952,3.209,3.2247,3.2431,3.2649,3.2916,3.3284,3.3902,3.5235,3.8154,3.9075,3.6101,3.5178,3.5684,3.5953,3.381,3.2243,3.1495,3.1224,3.1925,3.4342,3.4928,3.1512,2.8439,2.389,1.5498,0.3661,-0.2002,0.2459,0.8935,1.3774,3.1291,3.1389,3.1489,3.1593,3.1703,3.1822,3.1952,3.21,3.2271,3.2474,3.2728,3.3076,3.3611,3.4474,3.5541,3.5771,3.4981,3.4572,3.4896,3.4946,3.4133,3.3834,3.3554,3.2664,3.205,3.1922,3.104,3.0724,2.9749,2.6597,1.9751,1.016,0.486,0.6927,1.1358,1.5121,3.1202,3.1294,3.1388,3.1487,3.1591,3.1703,3.1826,3.1963,3.2121,3.2305,3.2531,3.2822,3.3207,3.3684,3.4114,3.4234,3.4061,3.3955,3.4062,3.4228,3.4814,3.6552,3.7028,3.4622,3.2473,3.1167,3.0072,3.0858,3.2326,3.0889,2.5776,1.9074,1.4531,1.3893,1.5479,1.7499,3.112,3.1206,3.1295,3.1388,3.1486,3.1591,3.1705,3.1831,3.1972,3.2135,3.2325,3.2552,3.2816,3.3092,3.3316,3.3417,3.3422,3.3455,3.3627,3.4121,3.558,3.8671,3.9624,3.606,3.3114,3.1736,3.1498,3.3562,3.7534,3.5886,3.0587,2.5149,2.1233,1.9481,1.9369,2.0034,3.1043,3.1124,3.1207,3.1294,3.1385,3.1482,3.1587,3.17,3.1825,3.1964,3.212,3.2293,3.2477,3.2655,3.2799,3.2893,3.2959,3.3064,3.3308,3.3883,3.5135,3.6987,3.7378,3.5328,3.3265,3.2312,3.2655,3.5025,3.8246,3.677,3.2365,2.8125,2.4955,2.3073,2.2284,2.2198]},{"header":{"la1":42.85,"la2":41.18,"lo1":11.55,"lo2":14.05,"nx":36,"ny":24,"dx":0.07143,"dy":0.07261,"parameterCategory":2,"parameterNumber":3,"parameterNumberName":"northward_wind","parameterUnit":"m.s-1"},"data":[1.251,1.2204,1.1822,1.1364,1.0849,1.0315,0.9819,0.9422,0.9161,0.9023,0.8949,0.8854,0.8662,0.8318,0.7798,0.7101,0.6247,0.5275,0.4241,0.3229,0.2363,0.1813,0.1723,0.2117,0.2881,0.3845,0.486,0.5836,0.6727,0.7519,0.8214,0.8819,0.9345,0.9802,1.0199,1.0545,1.2727,1.2392,1.1942,1.1368,1.0683,0.994,0.9238,0.87,0.842,0.839,0.8493,0.8569,0.8487,0.8172,0.7593,0.6751,0.5674,0.4406,0.3009,0.1562,0.0229,-0.0668,-0.0786,-0.0073,0.1189,0.2644,0.4059,0.5329,0.6427,0.7362,0.8155,0.8826,0.9397,0.9885,1.0302,1.066,1.3032,1.2684,1.217,1.1451,1.0517,0.9425,0.8334,0.7505,0.7179,0.7373,0.7834,0.8234,0.8353,0.8102,0.7462,0.6443,0.5078,0.3432,0.1573,-0.049,-0.2659,-0.4303,-0.4469,-0.3053,-0.0866,0.1359,0.3306,0.4919,0.6234,0.7307,0.8186,0.8912,0.9518,1.0026,1.0455,1.0819,1.3456,1.3137,1.2587,1.171,1.0433,0.8768,0.692,0.5424,0.4958,0.5658,0.6871,0.7863,0.8307,0.816,0.7455,0.6218,0.4476,0.2339,-0.0036,-0.2799,-0.6441,-0.9895,-1.009,-0.6977,-0.3102,0.0202,0.2759,0.471,0.6215,0.7394,0.8334,0.9094,0.9717,1.0233,1.0664,1.1026,1.4027,1.3817,1.3315,1.2325,1.0636,0.8097,0.4799,0.1668,0.0738,0.2713,0.5552,0.7557,0.8441,0.8409,0.7631,0.6145,0.3905,0.1032,-0.1895,-0.4845,-1.0413,-1.8137,-1.7927,-1.107,-0.4797,-0.0398,0.2646,0.4822,0.6432,0.766,0.862,0.9384,1.0004,1.0512,1.0932,1.1282,1.475,1.4786,1.4518,1.3574,1.1516,0.7907,0.2245,-0.4732,-0.7214,-0.1823,0.4251,0.7615,0.8894,0.8906,0.8046,0.6349,0.3555,-0.057,-0.4752,-0.6317,-1.1053,-2.2802,-2.1838,-1.1969,-0.4629,0.0052,0.3163,0.534,0.6929,0.8127,0.9055,0.9789,1.0381,1.0864,1.1261,1.159,1.557,1.6045,1.6355,1.5804,1.3546,0.9141,0.1496,-1.0589,-1.6157,-0.4981,0.4477,0.8538,0.9786,0.9642,0.8672,0.6951,0.3984,-0.1248,-0.8047,-0.7953,-0.6837,-1.2085,-1.2609,-0.7245,-0.2109,0.165,0.4329,0.6267,0.7701,0.8789,0.9634,1.0305,1.0846,1.1288,1.165,1.1949,1.6316,1.7375,1.8783,1.925,1.67,1.2059,0.5583,-0.3624,-0.7557,0.0875,0.7818,1.0543,1.1068,1.0458,0.9235,0.7721,0.549,0.1461,-0.3559,-0.3823,-0.1894,-0.2382,-0.2927,-0.1292,0.1389,0.3922,0.5959,0.7518,0.8704,0.9619,1.0339,1.0919,1.1391,1.1779,1.2097,1.2357,1.6712,1.8115,2.064,2.2727,1.9164,1.4834,1.1428,0.8734,0.866,1.1215,1.2859,1.3102,1.2515,1.1103,0.8968,0.7544,0.6944,0.5186,0.2701,0.122,0.0216,0.0405,0.14,0.281,0.4593,0.6344,0.7817,0.8972,0.9866,1.0571,1.1141,1.1612,1.2004,1.233,1.2598,1.2814,1.6605,1.762,1.9183,2.0131,1.7734,1.5936,1.5236,1.6093,1.9007,2.0295,1.765,1.5455,1.4021,1.1818,0.6754,0.4003,0.732,0.7627,0.6215,0.4173,0.1861,0.2136,0.41,0.5857,0.7412,0.8739,0.977,1.0534,1.1117,1.1594,1.2003,1.2361,1.2672,1.2936,1.315,1.3318,1.6215,1.6572,1.6426,1.4957,1.5043,1.6083,1.7059,1.929,2.6046,2.9678,2.0927,1.6962,1.568,1.4266,0.8645,0.4412,0.8825,0.9201,0.8264,0.7227,0.6206,0.6238,0.7377,0.8797,1.013,1.1156,1.1781,1.2132,1.2386,1.2632,1.289,1.3148,1.3388,1.3594,1.3757,1.3874,1.5866,1.5939,1.5597,1.4763,1.4998,1.6394,1.7776,1.9043,2.2435,2.5095,1.9906,1.7272,1.7169,1.8609,1.6076,1.3258,1.1851,0.8969,0.783,0.8832,0.9345,0.9741,1.0499,1.1615,1.2855,1.369,1.384,1.3689,1.3593,1.3631,1.377,1.3958,1.415,1.4313,1.4428,1.449,1.5657,1.5716,1.5639,1.5546,1.5891,1.6817,1.7939,1.9062,1.8462,1.8954,1.7751,1.6892,1.7129,1.8976,1.7363,1.7278,1.4372,0.4155,0.3488,0.9388,1.1544,1.2431,1.307,1.4025,1.5461,1.6315,1.5797,1.504,1.4636,1.454,1.4627,1.4798,1.4979,1.5117,1.5185,1.5183,1.5542,1.5641,1.5724,1.5872,1.6226,1.6827,1.7493,1.7702,1.764,1.7277,1.6689,1.6614,1.6523,1.4622,1.8389,2.3262,1.9394,1.0511,0.8238,1.1932,1.4269,1.5192,1.5321,1.5726,1.7125,1.8079,1.701,1.5922,1.5433,1.5343,1.5476,1.5705,1.5924,1.6057,1.6071,1.5978,1.5464,1.5586,1.5722,1.5911,1.6193,1.656,1.6908,1.7048,1.6829,1.6299,1.5869,1.5886,1.5533,1.4396,1.8741,2.4388,1.6664,1.5609,1.429,1.5982,1.8818,1.9198,1.7705,1.6809,1.7108,1.7556,1.6954,1.6284,1.6014,1.608,1.6376,1.6766,1.7091,1.7229,1.7152,1.6913,1.5395,1.5518,1.5656,1.5822,1.602,1.6227,1.6374,1.636,1.609,1.552,1.4668,1.5604,1.5549,1.5571,1.7061,1.7907,1.6177,1.6004,1.6217,1.9628,2.6849,2.5228,2.0102,1.771,1.7008,1.689,1.6705,1.6517,1.6526,1.6829,1.7423,1.8139,1.8674,1.8798,1.8524,1.802,1.5323,1.5435,1.5556,1.5685,1.5817,1.5928,1.5975,1.5908,1.5681,1.5261,1.4713,1.51,1.48,1.4582,1.5595,1.6024,1.5824,1.5304,1.5543,1.9562,2.8036,2.6081,2.0592,1.8073,1.7198,1.6993,1.6937,1.69,1.7045,1.7618,1.8726,2.0093,2.1013,2.1002,2.0275,1.9296,1.5249,1.5346,1.5445,1.5542,1.5628,1.5687,1.5696,1.5631,1.5482,1.5271,1.5088,1.4969,1.4484,1.4269,1.4169,1.4044,1.4532,1.3548,1.1626,1.6175,2.0284,2.0784,1.9048,1.7762,1.7364,1.7522,1.7597,1.7408,1.7482,1.8337,2.0312,2.2971,2.4561,2.4023,2.2343,2.0613,1.5175,1.5257,1.5336,1.5408,1.5466,1.5499,1.5495,1.5445,1.5349,1.5222,1.5082,1.4895,1.457,1.3915,1.1674,1.0681,1.3541,1.4002,1.3707,1.7188,1.8039,1.8086,1.7601,1.7245,1.7517,1.8403,1.8625,1.7878,1.7639,1.8676,2.1775,2.6522,2.9031,2.7274,2.4188,2.1626,1.5104,1.5172,1.5235,1.529,1.533,1.535,1.5343,1.5305,1.5236,1.5139,1.501,1.4816,1.4469,1.369,1.1974,1.1486,1.3745,1.572,1.9393,2.1165,1.8212,1.6993,1.6533,1.6634,1.7374,1.8593,1.8866,1.7916,1.7278,1.8117,2.175,2.7865,3.0942,2.8427,2.4707,2.1868,1.5036,1.5092,1.5144,1.5186,1.5216,1.5229,1.5222,1.5192,1.5138,1.5059,1.4945,1.4774,1.4497,1.4043,1.3504,1.3557,1.4554,1.6082,1.8187,1.8874,1.7139,1.5621,1.5115,1.5655,1.6757,1.7993,1.8935,1.7973,1.6063,1.6085,1.9148,2.4227,2.7113,2.5916,2.3365,2.1161,1.4972,1.502,1.5062,1.5096,1.5119,1.5129,1.5123,1.5099,1.5057,1.4993,1.4902,1.4776,1.4604,1.4401,1.4271,1.4421,1.4945,1.5728,1.6466,1.6441,1.5172,1.321,1.2648,1.4162,1.5896,1.7699,1.9865,1.7514,1.2411,1.1832,1.4911,1.8943,2.1593,2.1962,2.104,1.9848,1.4913,1.4954,1.4989,1.5017,1.5037,1.5045,1.504,1.5022,1.499,1.4941,1.4876,1.4794,1.47,1.4621,1.4612,1.474,1.5018,1.5355,1.553,1.5174,1.3859,1.1569,1.0929,1.305,1.4904,1.6052,1.6115,1.1641,0.4388,0.6017,1.0942,1.5016,1.7619,1.874,1.8831,1.8436,1.4859,1.4894,1.4924,1.4949,1.4965,1.4973,1.497,1.4958,1.4934,1.49,1.4857,1.4807,1.4761,1.4734,1.4753,1.4837,1.4971,1.5088,1.5051,1.4666,1.3746,1.249,1.2182,1.3242,1.4243,1.4435,1.3066,0.8524,0.3279,0.4964,0.9479,1.3053,1.5378,1.6659,1.7179,1.7235]}]