docs/data/wind_grid.json
{"header": {"la1":42.1,"la2":41.55,"lo1":12.1,"lo2":12.95,"nx":50,"ny":50,"dx":0.01735,"dy":0.01122,"parameterCategory":2,"parameterNumber":2,"parameterNumberName":"eastward_wind","parameterUnit":"m.s-1"}, "data":
[rows 0 to 39 of 50, columns 0 to 49 of 50]
-0.7584,-0.7567,-0.7545,-0.7517,-0.7482,-0.744,-0.739,-0.7333,-0.7267,-0.7192,-0.7109,-0.7017,-0.6915,-0.6805,-0.6685,-0.6557,-0.6418,-0.627,-0.611,-0.5937,-0.5749,-0.5541,-0.531,-0.5052,-0.4761,-0.4432,-0.4062,-0.3647,-0.3185,-0.2677,-0.2124,-0.1531,-0.0908,-0.0264,0.0384,0.1016,0.1611,0.2146,0.2601,0.296,0.3216,0.3368,0.3423,0.3392,0.3291,0.3135,0.2939,0.2716,0.2476,0.2228
-0.7652,-0.7638,-0.7618,-0.7592,-0.7558,-0.7518,-0.747,-0.7413,-0.7347,-0.7273,-0.7189,-0.7096,-0.6994,-0.6882,-0.6761,-0.6631,-0.6492,-0.6343,-0.6183,-0.6011,-0.5823,-0.5617,-0.5387,-0.5128,-0.4835,-0.4502,-0.4123,-0.3695,-0.3215,-0.2683,-0.21,-0.1472,-0.0805,-0.0114,0.0585,0.1271,0.1917,0.2497,0.2986,0.3367,0.363,0.3776,0.3812,0.3756,0.3623,0.3434,0.3204,0.2949,0.268,0.2406
-0.7722,-0.771,-0.7693,-0.7668,-0.7637,-0.7598,-0.7551,-0.7495,-0.743,-0.7356,-0.7272,-0.7178,-0.7074,-0.6961,-0.6838,-0.6707,-0.6566,-0.6416,-0.6256,-0.6084,-0.5898,-0.5694,-0.5466,-0.5209,-0.4915,-0.4577,-0.4191,-0.3751,-0.3253,-0.2697,-0.2084,-0.1419,-0.0708,0.0034,0.0789,0.1532,0.2235,0.2864,0.3392,0.3796,0.4066,0.4202,0.4217,0.413,0.3962,0.3735,0.3469,0.318,0.288,0.2578
-0.7794,-0.7784,-0.7769,-0.7747,-0.7718,-0.7681,-0.7635,-0.758,-0.7516,-0.7441,-0.7357,-0.7261,-0.7156,-0.7041,-0.6916,-0.6782,-0.664,-0.6489,-0.6328,-0.6158,-0.5974,-0.5772,-0.5547,-0.5292,-0.4999,-0.466,-0.4267,-0.3815,-0.3301,-0.2721,-0.2078,-0.1374,-0.0618,0.0177,0.0991,0.1798,0.2562,0.3247,0.3817,0.4246,0.4522,0.4646,0.4634,0.4511,0.4303,0.4035,0.373,0.3404,0.3072,0.2742
-0.7866,-0.786,-0.7847,-0.7828,-0.7801,-0.7766,-0.7722,-0.7668,-0.7604,-0.753,-0.7444,-0.7348,-0.724,-0.7123,-0.6995,-0.6858,-0.6713,-0.656,-0.6399,-0.6229,-0.6047,-0.585,-0.5629,-0.5378,-0.5088,-0.4748,-0.435,-0.3889,-0.3358,-0.2756,-0.2082,-0.1341,-0.0539,0.0311,0.1188,0.2062,0.2895,0.364,0.4257,0.4713,0.4993,0.5102,0.506,0.4896,0.4643,0.433,0.3982,0.3619,0.3254,0.2896
-0.794,-0.7937,-0.7927,-0.7911,-0.7886,-0.7853,-0.7811,-0.7759,-0.7695,-0.7621,-0.7534,-0.7436,-0.7327,-0.7206,-0.7075,-0.6934,-0.6786,-0.663,-0.6467,-0.6298,-0.6118,-0.5925,-0.5711,-0.5466,-0.518,-0.4841,-0.4441,-0.397,-0.3425,-0.2801,-0.2099,-0.132,-0.0473,0.0433,0.1375,0.2321,0.3226,0.4039,0.4707,0.5192,0.5476,0.5565,0.5487,0.5277,0.4975,0.4614,0.4223,0.3821,0.3423,0.3037
-0.8016,-0.8016,-0.8009,-0.7996,-0.7974,-0.7944,-0.7903,-0.7852,-0.779,-0.7715,-0.7628,-0.7528,-0.7416,-0.7291,-0.7156,-0.7011,-0.6857,-0.6697,-0.6532,-0.6362,-0.6185,-0.5997,-0.579,-0.5553,-0.5274,-0.4939,-0.4538,-0.406,-0.3501,-0.2857,-0.2128,-0.1315,-0.0423,0.0537,0.1544,0.2565,0.3549,0.4434,0.5159,0.5674,0.596,0.6027,0.5908,0.5648,0.5293,0.4882,0.4446,0.4006,0.3575,0.3162
-0.8093,-0.8096,-0.8093,-0.8083,-0.8064,-0.8037,-0.7999,-0.7949,-0.7888,-0.7813,-0.7725,-0.7623,-0.7508,-0.7379,-0.7238,-0.7087,-0.6927,-0.6761,-0.6591,-0.642,-0.6245,-0.6062,-0.5865,-0.5639,-0.5369,-0.5041,-0.4641,-0.4158,-0.3587,-0.2925,-0.217,-0.1325,-0.0393,0.0618,0.1689,0.2785,0.3851,0.4814,0.5599,0.6148,0.6436,0.6476,0.6312,0.5998,0.5588,0.5127,0.4646,0.4168,0.3707,0.3269
-0.8171,-0.8178,-0.8179,-0.8172,-0.8157,-0.8133,-0.8097,-0.805,-0.799,-0.7915,-0.7826,-0.7722,-0.7603,-0.7469,-0.7322,-0.7163,-0.6995,-0.6821,-0.6645,-0.6469,-0.6295,-0.6119,-0.5932,-0.572,-0.5464,-0.5145,-0.4749,-0.4263,-0.3682,-0.3003,-0.2227,-0.1354,-0.0387,0.067,0.18,0.297,0.4118,0.5163,0.6013,0.6597,0.6886,0.6897,0.6685,0.6315,0.585,0.5339,0.4816,0.4303,0.3814,0.3354
-0.825,-0.8262,-0.8267,-0.8264,-0.8253,-0.8232,-0.82,-0.8155,-0.8096,-0.8022,-0.7932,-0.7826,-0.7703,-0.7563,-0.7408,-0.724,-0.7061,-0.6876,-0.669,-0.6508,-0.6333,-0.6163,-0.599,-0.5794,-0.5556,-0.5251,-0.486,-0.4373,-0.3783,-0.309,-0.2296,-0.1401,-0.0406,0.0687,0.1868,0.3105,0.4334,0.5462,0.638,0.7001,0.729,0.7271,0.7011,0.6586,0.6068,0.5511,0.495,0.4407,0.3894,0.3415
-0.8331,-0.8347,-0.8356,-0.8358,-0.8351,-0.8334,-0.8305,-0.8263,-0.8206,-0.8133,-0.8043,-0.7934,-0.7807,-0.7661,-0.7498,-0.7318,-0.7126,-0.6927,-0.6727,-0.6534,-0.6355,-0.6191,-0.6032,-0.5859,-0.5642,-0.5355,-0.4974,-0.4488,-0.389,-0.3185,-0.2376,-0.1466,-0.0453,0.0665,0.1884,0.3176,0.4479,0.5687,0.6673,0.7332,0.7623,0.7577,0.727,0.6796,0.6231,0.5634,0.5041,0.4474,0.3942,0.345
-0.8413,-0.8433,-0.8448,-0.8455,-0.8453,-0.844,-0.8415,-0.8376,-0.8322,-0.825,-0.816,-0.8049,-0.7917,-0.7765,-0.7592,-0.74,-0.7192,-0.6974,-0.6754,-0.6544,-0.6356,-0.6195,-0.6054,-0.5909,-0.5722,-0.5457,-0.509,-0.4605,-0.4001,-0.3285,-0.2465,-0.1546,-0.0526,0.0601,0.1839,0.317,0.4533,0.5813,0.6864,0.7562,0.7858,0.7788,0.7444,0.6929,0.6327,0.57,0.5085,0.4501,0.3957,0.3456
-0.8495,-0.8521,-0.8541,-0.8553,-0.8557,-0.8549,-0.8529,-0.8494,-0.8443,-0.8373,-0.8283,-0.817,-0.8035,-0.7875,-0.7692,-0.7485,-0.7259,-0.7018,-0.6772,-0.6536,-0.6331,-0.617,-0.605,-0.594,-0.5791,-0.5556,-0.5205,-0.4723,-0.4112,-0.3386,-0.2558,-0.1638,-0.0625,0.0494,0.173,0.3076,0.4477,0.5813,0.6922,0.7658,0.7965,0.7882,0.7513,0.6971,0.6347,0.5703,0.5076,0.4484,0.3936,0.3432
-0.8579,-0.861,-0.8636,-0.8654,-0.8663,-0.8661,-0.8647,-0.8617,-0.8569,-0.8502,-0.8413,-0.83,-0.8161,-0.7994,-0.78,-0.7579,-0.7331,-0.7062,-0.6781,-0.6509,-0.6274,-0.6108,-0.6012,-0.5947,-0.5848,-0.5651,-0.5319,-0.484,-0.4222,-0.3485,-0.2651,-0.1736,-0.0742,0.0349,0.1556,0.2888,0.4298,0.5668,0.682,0.7593,0.7917,0.7835,0.746,0.6911,0.6282,0.5637,0.5011,0.4422,0.3878,0.3378
-0.8663,-0.8701,-0.8732,-0.8757,-0.8773,-0.8777,-0.8769,-0.8744,-0.8702,-0.8638,-0.8551,-0.8438,-0.8296,-0.8124,-0.792,-0.7683,-0.7413,-0.7112,-0.6787,-0.6463,-0.6182,-0.5998,-0.593,-0.5927,-0.5893,-0.5743,-0.5433,-0.4955,-0.4326,-0.3576,-0.2737,-0.1833,-0.0869,0.0172,0.1325,0.2608,0.3993,0.5366,0.6543,0.7346,0.7696,0.7635,0.7277,0.6744,0.6131,0.5502,0.489,0.4315,0.3783,0.3295
-0.8748,-0.8791,-0.883,-0.8861,-0.8884,-0.8896,-0.8895,-0.8877,-0.8841,-0.8782,-0.8698,-0.8586,-0.8443,-0.8266,-0.8053,-0.7802,-0.7509,-0.7174,-0.6799,-0.6404,-0.6051,-0.5831,-0.5798,-0.5879,-0.5929,-0.5835,-0.5548,-0.5068,-0.4423,-0.3655,-0.2809,-0.192,-0.0997,-0.0021,0.1048,0.2249,0.357,0.4911,0.6087,0.6914,0.7299,0.7279,0.6962,0.6469,0.5894,0.5298,0.4715,0.4164,0.3653,0.3182
-0.8833,-0.8883,-0.8929,-0.8968,-0.8998,-0.9018,-0.9025,-0.9015,-0.8986,-0.8933,-0.8854,-0.8745,-0.8602,-0.8423,-0.8203,-0.7939,-0.7628,-0.7261,-0.6831,-0.635,-0.5888,-0.5603,-0.5611,-0.5809,-0.5968,-0.5936,-0.5668,-0.5178,-0.4509,-0.3716,-0.2859,-0.1985,-0.111,-0.0216,0.0747,0.1834,0.3053,0.4325,0.5474,0.6312,0.6739,0.6777,0.6526,0.6096,0.5578,0.5031,0.449,0.3973,0.349,0.3042
-0.8917,-0.8975,-0.9028,-0.9075,-0.9114,-0.9143,-0.9159,-0.9158,-0.9137,-0.9092,-0.902,-0.8915,-0.8775,-0.8595,-0.8372,-0.81,-0.7776,-0.7385,-0.6908,-0.6331,-0.5721,-0.5323,-0.5385,-0.5744,-0.6031,-0.6056,-0.5796,-0.5286,-0.4582,-0.3755,-0.288,-0.2018,-0.1195,-0.0393,0.0446,0.1393,0.248,0.3648,0.4741,0.5578,0.6048,0.6158,0.5988,0.564,0.5194,0.4709,0.422,0.3746,0.3297,0.2877
-0.9001,-0.9066,-0.9127,-0.9183,-0.9232,-0.9271,-0.9297,-0.9306,-0.9295,-0.9259,-0.9195,-0.9097,-0.8962,-0.8785,-0.8562,-0.8288,-0.7959,-0.756,-0.706,-0.6408,-0.5625,-0.5053,-0.5183,-0.5745,-0.6154,-0.6212,-0.5938,-0.539,-0.4639,-0.3767,-0.2865,-0.201,-0.1237,-0.0532,0.0173,0.0964,0.1894,0.2933,0.3947,0.4765,0.5273,0.5458,0.5379,0.5121,0.4758,0.4344,0.3914,0.3488,0.3079,0.2691
-0.9084,-0.9157,-0.9227,-0.9292,-0.9351,-0.94,-0.9437,-0.9458,-0.9458,-0.9433,-0.9379,-0.9291,-0.9163,-0.8992,-0.8773,-0.8503,-0.818,-0.7796,-0.7316,-0.6659,-0.5758,-0.4985,-0.518,-0.5925,-0.6387,-0.642,-0.6097,-0.5491,-0.4678,-0.3749,-0.2809,-0.1952,-0.1225,-0.0615,-0.0047,0.058,0.1343,0.2235,0.315,0.3933,0.4466,0.4719,0.473,0.4565,0.4288,0.3948,0.3581,0.3207,0.284,0.2487
-0.9166,-0.9247,-0.9325,-0.94,-0.947,-0.9531,-0.958,-0.9613,-0.9626,-0.9614,-0.9571,-0.9494,-0.9378,-0.9217,-0.9007,-0.8746,-0.8439,-0.809,-0.7686,-0.7154,-0.6359,-0.5542,-0.5729,-0.6431,-0.6767,-0.6686,-0.6271,-0.5586,-0.4697,-0.3699,-0.271,-0.1841,-0.1152,-0.0631,-0.0196,0.0271,0.0866,0.1605,0.2407,0.3136,0.3676,0.3983,0.4073,0.3995,0.38,0.3535,0.323,0.2909,0.2586,0.227
-0.9246,-0.9335,-0.9422,-0.9508,-0.9588,-0.9662,-0.9724,-0.9771,-0.9798,-0.9799,-0.9771,-0.9707,-0.9605,-0.9458,-0.9261,-0.9014,-0.8727,-0.8427,-0.8142,-0.7869,-0.7536,-0.7147,-0.713,-0.7313,-0.7285,-0.6996,-0.6452,-0.567,-0.4696,-0.3621,-0.2574,-0.1682,-0.102,-0.0578,-0.0265,0.0052,0.0487,0.1075,0.1757,0.2416,0.2944,0.3284,0.3436,0.3432,0.3312,0.3115,0.2871,0.2602,0.2322,0.2042
-0.9323,-0.942,-0.9517,-0.9613,-0.9706,-0.9792,-0.9869,-0.9931,-0.9973,-0.9989,-0.9976,-0.9927,-0.9841,-0.9712,-0.9534,-0.9303,-0.9037,-0.8782,-0.8621,-0.8649,-0.8938,-0.9271,-0.8956,-0.836,-0.7856,-0.7316,-0.6625,-0.5739,-0.4676,-0.3521,-0.241,-0.1488,-0.0843,-0.0467,-0.026,-0.0075,0.0214,0.0659,0.122,0.1797,0.2292,0.2644,0.2839,0.2892,0.2836,0.27,0.2511,0.229,0.2052,0.1807
-0.9398,-0.9503,-0.961,-0.9716,-0.9821,-0.9921,-1.0013,-1.0091,-1.0149,-1.0182,-1.0183,-1.0151,-1.0083,-0.9976,-0.9821,-0.961,-0.9358,-0.9131,-0.9052,-0.9288,-0.9963,-1.0663,-1.0242,-0.9211,-0.8354,-0.7599,-0.6773,-0.5788,-0.4642,-0.3412,-0.224,-0.1285,-0.0647,-0.0322,-0.02,-0.0126,0.0038,0.0352,0.0795,0.1284,0.1732,0.2076,0.2293,0.2389,0.2382,0.2297,0.2157,0.198,0.1781,0.157
-0.9469,-0.9582,-0.9698,-0.9816,-0.9933,-1.0047,-1.0154,-1.0249,-1.0325,-1.0374,-1.0391,-1.0375,-1.0326,-1.0244,-1.0119,-0.9931,-0.9688,-0.9459,-0.9395,-0.9685,-1.04,-1.1049,-1.0694,-0.967,-0.869,-0.7806,-0.6879,-0.5816,-0.4603,-0.3312,-0.209,-0.1104,-0.0467,-0.0176,-0.0117,-0.0128,-0.0067,0.0136,0.0469,0.087,0.126,0.1582,0.1805,0.1926,0.1956,0.1913,0.1814,0.1676,0.1512,0.1332
-0.9536,-0.9657,-0.9782,-0.991,-1.004,-1.0168,-1.0292,-1.0404,-1.0498,-1.0565,-1.0597,-1.0594,-1.0563,-1.0509,-1.042,-1.0264,-1.0025,-0.9768,-0.9655,-0.987,-1.0424,-1.088,-1.0617,-0.9781,-0.8842,-0.7918,-0.6936,-0.5823,-0.4566,-0.3239,-0.1986,-0.098,-0.0341,-0.0067,-0.0046,-0.0114,-0.0129,-0.0017,0.0221,0.0538,0.0868,0.1157,0.1373,0.1507,0.1562,0.155,0.1485,0.1381,0.1248,0.1096
-0.9598,-0.9727,-0.986,-0.9999,-1.014,-1.0283,-1.0423,-1.0554,-1.0667,-1.0751,-1.0797,-1.0804,-1.0787,-1.0762,-1.0718,-1.0603,-1.0371,-1.0069,-0.9864,-0.9933,-1.0268,-1.0532,-1.0327,-0.9678,-0.8845,-0.7942,-0.6946,-0.5814,-0.4544,-0.3208,-0.1949,-0.094,-0.0299,-0.0028,-0.0019,-0.0115,-0.0178,-0.0134,0.0027,0.0269,0.054,0.0792,0.0993,0.113,0.12,0.1212,0.1173,0.1096,0.0991,0.0865
-0.9655,-0.979,-0.9932,-1.008,-1.0233,-1.039,-1.0546,-1.0696,-1.0829,-1.0932,-1.0991,-1.1003,-1.0991,-1.0992,-1.1,-1.0937,-1.0719,-1.037,-1.0056,-0.9959,-1.0081,-1.0183,-0.9994,-0.9476,-0.875,-0.7897,-0.692,-0.5798,-0.4543,-0.3228,-0.1992,-0.0997,-0.0356,-0.0075,-0.0055,-0.0152,-0.0238,-0.0238,-0.0136,0.0044,0.0262,0.0477,0.0658,0.0791,0.0869,0.0896,0.0879,0.0825,0.0743,0.0639
-0.9706,-0.9847,-0.9996,-1.0153,-1.0317,-1.0486,-1.0658,-1.0826,-1.098,-1.1103,-1.1175,-1.1187,-1.117,-1.1189,-1.1252,-1.1248,-1.1049,-1.0661,-1.0248,-0.9997,-0.9936,-0.9899,-0.9693,-0.9249,-0.8607,-0.7811,-0.687,-0.5782,-0.4567,-0.3301,-0.2111,-0.1146,-0.051,-0.021,-0.0162,-0.0239,-0.0325,-0.0348,-0.0286,-0.0153,0.002,0.02,0.0361,0.0485,0.0566,0.0604,0.0602,0.0567,0.0504,0.042
-0.9751,-0.9897,-1.0052,-1.0217,-1.039,-1.0571,-1.0756,-1.0942,-1.1116,-1.126,-1.1348,-1.1357,-1.132,-1.1343,-1.1459,-1.151,-1.133,-1.0916,-1.043,-1.0058,-0.9848,-0.9694,-0.9449,-0.9036,-0.845,-0.7706,-0.6812,-0.5772,-0.4617,-0.3418,-0.2293,-0.1371,-0.0744,-0.0421,-0.0335,-0.0377,-0.0445,-0.0472,-0.0434,-0.0335,-0.0197,-0.0047,0.0093,0.0208,0.0288,0.0332,0.0342,0.0321,0.0275,0.0208
-0.9789,-0.9939,-1.0099,-1.027,-1.045,-1.0641,-1.0838,-1.1038,-1.1231,-1.1397,-1.1502,-1.1511,-1.1443,-1.1448,-1.1599,-1.1688,-1.1522,-1.1101,-1.0578,-1.0127,-0.9808,-0.9556,-0.9264,-0.8855,-0.8302,-0.7601,-0.6755,-0.5774,-0.469,-0.3571,-0.252,-0.1648,-0.1035,-0.0691,-0.0562,-0.056,-0.0599,-0.0617,-0.0589,-0.0511,-0.0399,-0.0273,-0.0151,-0.0046,0.0032,0.0079,0.0098,0.0088,0.0056,0.0003
-0.9819,-0.9973,-1.0137,-1.0312,-1.0498,-1.0694,-1.0901,-1.1112,-1.1319,-1.1503,-1.1628,-1.1641,-1.1539,-1.1503,-1.1655,-1.1756,-1.16,-1.1194,-1.0672,-1.0183,-0.9792,-0.9466,-0.9128,-0.8708,-0.8173,-0.7507,-0.6709,-0.5789,-0.4781,-0.3746,-0.2773,-0.1956,-0.136,-0.0997,-0.0827,-0.0779,-0.0782,-0.0783,-0.0753,-0.0687,-0.0593,-0.0484,-0.0376,-0.0281,-0.0207,-0.0157,-0.0132,-0.0132,-0.0154,-0.0194
-0.9842,-0.9998,-1.0164,-1.0341,-1.053,-1.0731,-1.0942,-1.1159,-1.1375,-1.1569,-1.1707,-1.1726,-1.1604,-1.1518,-1.1629,-1.1712,-1.1568,-1.1196,-1.0703,-1.0211,-0.9781,-0.9405,-0.9026,-0.8593,-0.8066,-0.7428,-0.6675,-0.5817,-0.4884,-0.3933,-0.3037,-0.2274,-0.1698,-0.1321,-0.1115,-0.1023,-0.0989,-0.0966,-0.0928,-0.0865,-0.0781,-0.0685,-0.0588,-0.0501,-0.043,-0.0379,-0.035,-0.0342,-0.0354,-0.0384
-0.9858,-1.0014,-1.0181,-1.0359,-1.0549,-1.075,-1.0961,-1.1179,-1.1394,-1.1589,-1.1727,-1.1749,-1.1623,-1.1502,-1.1546,-1.159,-1.1456,-1.1127,-1.0678,-1.0204,-0.9762,-0.9355,-0.8948,-0.8501,-0.798,-0.7367,-0.6655,-0.5855,-0.4995,-0.4122,-0.3299,-0.2589,-0.2034,-0.1649,-0.1412,-0.1282,-0.1212,-0.1164,-0.1112,-0.1047,-0.0967,-0.0879,-0.079,-0.0708,-0.0639,-0.0588,-0.0555,-0.0542,-0.0546,-0.0566
-0.9866,-1.0022,-1.0188,-1.0365,-1.0552,-1.0751,-1.0958,-1.117,-1.1378,-1.1563,-1.169,-1.1707,-1.1591,-1.146,-1.1441,-1.1435,-1.1303,-1.1012,-1.0611,-1.0166,-0.9729,-0.9307,-0.8884,-0.8428,-0.7912,-0.7321,-0.6648,-0.5903,-0.511,-0.4309,-0.3553,-0.2891,-0.2359,-0.197,-0.171,-0.1547,-0.1444,-0.1371,-0.1304,-0.1232,-0.1152,-0.1067,-0.0983,-0.0905,-0.0839,-0.0786,-0.0751,-0.0732,-0.0729,-0.0741
-0.9867,-1.0021,-1.0185,-1.0358,-1.0542,-1.0735,-1.0935,-1.1136,-1.133,-1.1498,-1.1607,-1.1617,-1.1518,-1.1394,-1.1331,-1.1279,-1.1139,-1.0876,-1.0515,-1.0103,-0.9679,-0.9256,-0.8825,-0.8366,-0.7858,-0.7288,-0.6651,-0.5956,-0.5224,-0.4489,-0.3792,-0.3175,-0.2667,-0.2278,-0.2,-0.1811,-0.168,-0.1583,-0.15,-0.1419,-0.1336,-0.1252,-0.117,-0.1094,-0.1028,-0.0975,-0.0937,-0.0914,-0.0905,-0.091
-0.9861,-1.0012,-1.0172,-1.0341,-1.0519,-1.0703,-1.0893,-1.1081,-1.1257,-1.1404,-1.1494,-1.1499,-1.1418,-1.1305,-1.1217,-1.1128,-1.0977,-1.0733,-1.0403,-1.0021,-0.9615,-0.9199,-0.8768,-0.8312,-0.7814,-0.7265,-0.6662,-0.6013,-0.5335,-0.4658,-0.4015,-0.3439,-0.2953,-0.2569,-0.2279,-0.2069,-0.1915,-0.1797,-0.1698,-0.1607,-0.1519,-0.1433,-0.1352,-0.1276,-0.1211,-0.1156,-0.1115,-0.1088,-0.1074,-0.1073
-0.9847,-0.9995,-1.015,-1.0313,-1.0483,-1.0658,-1.0835,-1.1008,-1.1165,-1.1292,-1.1365,-1.1367,-1.1299,-1.1198,-1.1096,-1.0984,-1.0823,-1.0589,-1.0284,-0.9927,-0.9541,-0.9135,-0.8711,-0.8262,-0.7777,-0.7249,-0.6678,-0.6071,-0.5442,-0.4817,-0.4221,-0.3681,-0.3218,-0.284,-0.2544,-0.2318,-0.2145,-0.2009,-0.1895,-0.1794,-0.17,-0.1611,-0.1528,-0.1452,-0.1386,-0.133,-0.1286,-0.1255,-0.1236,-0.1229
-0.9828,-0.997,-1.012,-1.0276,-1.0438,-1.0602,-1.0765,-1.0922,-1.1061,-1.1168,-1.1228,-1.1227,-1.117,-1.1077,-1.097,-1.0843,-1.0674,-1.0447,-1.0161,-0.9826,-0.9458,-0.9066,-0.8653,-0.8214,-0.7744,-0.7238,-0.6698,-0.6128,-0.5543,-0.4963,-0.4409,-0.3903,-0.3461,-0.3091,-0.2792,-0.2555,-0.2368,-0.2216,-0.209,-0.1979,-0.1878,-0.1785,-0.17,-0.1623,-0.1554,-0.1497,-0.145,-0.1415,-0.1392,-0.138
-0.9802,-0.994,-1.0083,-1.0231,-1.0383,-1.0536,-1.0686,-1.0826,-1.0947,-1.1039,-1.1087,-1.1085,-1.1033,-1.0947,-1.0837,-1.0703,-1.053,-1.0309,-1.0037,-0.972,-0.937,-0.8993,-0.8593,-0.8168,-0.7714,-0.723,-0.6718,-0.6183,-0.5638,-0.5098,-0.4581,-0.4106,-0.3684,-0.3323,-0.3024,-0.278,-0.2581,-0.2418,-0.228,-0.216,-0.2053,-0.1956,-0.1867,-0.1788,-0.1718,-0.1658,-0.1608,-0.157,-0.1543,-0.1526
