docs/data/wind_grid.json
[{"header":{"la1":42.85,"la2":41.18,"lo1":11.55,"lo2":14.05,"nx":36,"ny":24,"dx":0.07143,"dy":0.07261,"parameterCategory":2,"parameterNumber":2,"parameterNumberName":"eastward_wind","parameterUnit":"m.s-1"},"data":[-0.3134,-0.3167,-0.3174,-0.3155,-0.3116,-0.3061,-0.2997,-0.2927,-0.2856,-0.2791,-0.2748,-0.2742,-0.2784,-0.2877,-0.3014,-0.3172,-0.3318,-0.3407,-0.3397,-0.3269,-0.3047,-0.2793,-0.2568,-0.2401,-0.2283,-0.2191,-0.2105,-0.2019,-0.1929,-0.1839,-0.175,-0.1666,-0.1587,-0.1514,-0.1446,-0.1385,-0.3377,-0.3424,-0.3434,-0.3409,-0.3355,-0.3285,-0.3204,-0.3115,-0.3017,-0.2916,-0.2838,-0.281,-0.2856,-0.2983,-0.3183,-0.343,-0.3675,-0.384,-0.3835,-0.3611,-0.3212,-0.2782,-0.2463,-0.2292,-0.2214,-0.2162,-0.2102,-0.2026,-0.1938,-0.1844,-0.1751,-0.1662,-0.1579,-0.1503,-0.1434,-0.1371,-0.3675,-0.3745,-0.3764,-0.3729,-0.3654,-0.3562,-0.3471,-0.3371,-0.3241,-0.3082,-0.2936,-0.2864,-0.2904,-0.307,-0.3358,-0.3743,-0.4161,-0.4482,-0.4513,-0.4103,-0.332,-0.252,-0.2072,-0.1992,-0.2055,-0.2102,-0.209,-0.203,-0.1943,-0.1845,-0.1746,-0.1652,-0.1565,-0.1487,-0.1416,-0.1353,-0.4044,-0.4158,-0.4195,-0.4144,-0.403,-0.3906,-0.3818,-0.3744,-0.3594,-0.3331,-0.3053,-0.289,-0.2908,-0.3119,-0.352,-0.4103,-0.4819,-0.5486,-0.5689,-0.495,-0.3282,-0.1616,-0.1067,-0.14,-0.1817,-0.2036,-0.2085,-0.2038,-0.1947,-0.1841,-0.1734,-0.1635,-0.1545,-0.1465,-0.1394,-0.1331,-0.4503,-0.47,-0.4782,-0.4709,-0.4512,-0.4315,-0.4261,-0.4334,-0.4228,-0.3747,-0.3189,-0.2863,-0.2841,-0.3099,-0.3625,-0.4457,-0.5647,-0.7072,-0.7949,-0.6801,-0.3194,0.0574,0.0879,-0.0634,-0.1637,-0.2034,-0.2115,-0.2058,-0.1949,-0.1829,-0.1713,-0.1609,-0.1516,-0.1436,-0.1366,-0.1305,-0.5065,-0.542,-0.562,-0.5535,-0.5165,-0.4767,-0.4743,-0.5256,-0.5427,-0.4404,-0.3276,-0.2721,-0.267,-0.2984,-0.3622,-0.4678,-0.6434,-0.9244,-1.2258,-1.112,-0.4583,0.2127,0.1979,-0.0595,-0.1821,-0.2184,-0.2197,-0.2087,-0.1945,-0.1806,-0.168,-0.1572,-0.1479,-0.1401,-0.1333,-0.1275,-0.5707,-0.6343,-0.6841,-0.6839,-0.614,-0.5239,-0.4991,-0.6068,-0.6835,-0.4819,-0.3028,-0.2358,-0.237,-0.2778,-0.3491,-0.461,-0.6608,-1.0539,-1.6623,-1.5934,-0.8147,-0.2705,-0.1369,-0.2104,-0.2484,-0.247,-0.2305,-0.2107,-0.1922,-0.1763,-0.1631,-0.1522,-0.1433,-0.1359,-0.1296,-0.1243,-0.6332,-0.7362,-0.8464,-0.8868,-0.7614,-0.5769,-0.4698,-0.4995,-0.5273,-0.3464,-0.2047,-0.17,-0.1955,-0.2548,-0.3349,-0.4322,-0.5863,-0.8806,-1.2718,-1.2453,-0.9812,-0.7801,-0.5314,-0.3931,-0.3214,-0.273,-0.2363,-0.2079,-0.186,-0.1692,-0.1562,-0.1459,-0.1378,-0.1312,-0.1257,-0.121,-0.6759,-0.8085,-0.9758,-1.0836,-0.8999,-0.6251,-0.4135,-0.2784,-0.1641,-0.058,-0.0383,-0.081,-0.1482,-0.2404,-0.3551,-0.437,-0.5006,-0.6404,-0.8197,-0.9593,-1.2206,-1.1216,-0.7262,-0.4834,-0.3531,-0.2772,-0.2291,-0.1971,-0.1748,-0.1589,-0.1473,-0.1385,-0.1318,-0.1264,-0.1218,-0.1179,-0.6865,-0.8216,-0.9666,-1.0382,-0.9369,-0.659,-0.3674,-0.0919,0.2304,0.36,0.1764,0.0122,-0.0979,-0.2261,-0.4572,-0.5785,-0.4759,-0.5163,-0.6271,-0.7931,-1.0429,-0.9784,-0.6745,-0.4562,-0.3274,-0.2514,-0.2057,-0.1771,-0.1585,-0.1458,-0.1369,-0.1305,-0.1257,-0.1218,-0.1185,-0.1154,-0.6675,-0.8061,-0.9957,-1.2701,-1.189,-0.712,-0.3673,-0.0442,0.6713,1.0221,0.3587,0.074,-0.0462,-0.1538,-0.3929,-0.5664,-0.4376,-0.4965,-0.5716,-0.6141,-0.6608,-0.621,-0.4846,-0.3513,-0.258,-0.2014,-0.1692,-0.1504,-0.1388,-0.1312,-0.1262,-0.1228,-0.1203,-0.1182,-0.1162,-0.1139,-0.6186,-0.7491,-0.9483,-1.2167,-1.1205,-0.6618,-0.4388,-0.3637,0.1693,0.5913,0.2582,0.0901,-0.0037,-0.0789,-0.134,-0.2447,-0.3882,-0.6872,-0.77,-0.5876,-0.4646,-0.3857,-0.3052,-0.2294,-0.1736,-0.1426,-0.1289,-0.1225,-0.119,-0.1172,-0.1167,-0.1168,-0.1169,-0.1166,-0.1157,-0.1142,-0.5413,-0.6333,-0.7442,-0.822,-0.7278,-0.532,-0.5062,-0.6778,-0.4438,0.0025,0.1256,0.139,0.0789,-0.0663,-0.066,-0.1096,-0.356,-1.2788,-1.3183,-0.6234,-0.3384,-0.2189,-0.1595,-0.1251,-0.1059,-0.0993,-0.0987,-0.0999,-0.1026,-0.1063,-0.1104,-0.1141,-0.1168,-0.1182,-0.1181,-0.1167,-0.451,-0.501,-0.5424,-0.5459,-0.4875,-0.419,-0.4383,-0.539,-0.3975,-0.0369,0.1481,0.2283,0.2287,0.0943,0.033,0.0314,-0.1438,-0.7124,-0.8409,-0.401,-0.1405,-0.0371,-0.0218,-0.0444,-0.0793,-0.0946,-0.0866,-0.0856,-0.092,-0.1008,-0.1093,-0.1166,-0.1217,-0.1243,-0.1244,-0.1224,-0.3637,-0.3849,-0.3932,-0.3783,-0.3402,-0.3015,-0.2852,-0.2574,-0.1109,0.1293,0.291,0.2972,0.2177,0.1912,0.0851,0.0438,-0.3219,-0.2261,-0.1963,-0.015,0.1744,0.2103,0.1346,0.0412,-0.0415,-0.0768,-0.0727,-0.0763,-0.0887,-0.1029,-0.1161,-0.1268,-0.1339,-0.1368,-0.1358,-0.132,-0.2871,-0.2913,-0.2846,-0.2634,-0.2293,-0.1882,-0.139,-0.0579,0.0929,0.3305,0.6416,0.4943,0.3669,0.2284,0.1456,-0.0119,-0.1975,-0.0051,0.1558,0.3275,0.5671,0.5052,0.2942,0.1403,0.0341,-0.025,-0.0536,-0.0758,-0.0968,-0.116,-0.1332,-0.1473,-0.156,-0.1578,-0.1536,-0.1459,-0.2223,-0.2167,-0.2022,-0.1772,-0.1416,-0.0953,-0.0335,0.0559,0.1887,0.3802,0.6046,0.4971,0.3902,0.3636,0.3059,0.2544,0.2388,0.3833,0.5427,0.5617,0.6481,0.5822,0.3797,0.2102,0.0806,-0.0085,-0.0635,-0.0977,-0.1221,-0.1427,-0.1624,-0.1805,-0.1909,-0.1892,-0.1782,-0.1636,-0.1683,-0.1567,-0.1378,-0.1105,-0.0737,-0.0264,0.0347,0.1138,0.2132,0.3242,0.4057,0.4101,0.4031,0.4301,0.6024,0.6975,0.6248,0.805,1.0379,0.8384,0.6872,0.5686,0.4147,0.2392,0.0709,-0.0572,-0.1213,-0.1493,-0.1675,-0.1825,-0.2017,-0.2258,-0.2394,-0.2303,-0.2075,-0.1829,-0.1233,-0.1083,-0.087,-0.0586,-0.0224,0.0227,0.0778,0.1433,0.2168,0.2898,0.3487,0.3925,0.4538,0.6322,1.2276,1.4839,0.94,0.9549,1.1294,1.2432,0.9625,0.6894,0.4763,0.2559,0.0217,-0.1518,-0.1939,-0.2212,-0.2346,-0.2331,-0.2422,-0.2716,-0.2905,-0.2705,-0.2334,-0.1988,-0.086,-0.0689,-0.0466,-0.0184,0.0162,0.0577,0.1061,0.1608,0.2195,0.2785,0.3358,0.3999,0.5015,0.7233,1.174,1.3271,1.0071,1.0751,1.6723,1.9669,1.2397,0.8362,0.5844,0.3081,-0.0047,-0.2022,-0.2358,-0.3504,-0.3385,-0.2941,-0.2736,-0.2903,-0.3085,-0.2853,-0.2436,-0.2057,-0.055,-0.0369,-0.0145,0.0128,0.0453,0.083,0.1257,0.1729,0.2233,0.2761,0.333,0.4018,0.5005,0.6529,0.8389,0.9198,0.9085,1.042,1.3917,1.5091,1.1889,0.9866,0.8169,0.4693,0.0158,-0.4069,-0.7941,-0.7049,-0.4788,-0.3619,-0.3026,-0.2845,-0.2851,-0.2675,-0.2348,-0.2017,-0.0293,-0.0109,0.0111,0.0372,0.0673,0.1016,0.1398,0.1816,0.2265,0.2748,0.3285,0.3921,0.4721,0.5703,0.6695,0.74,0.7986,0.9031,1.0449,1.1133,1.1428,1.3452,1.3699,0.8126,0.1191,-0.5551,-1.1363,-0.8788,-0.5336,-0.4172,-0.3387,-0.2877,-0.2632,-0.2427,-0.2172,-0.1904,-0.008,0.0102,0.0315,0.0561,0.0841,0.1154,0.1499,0.1875,0.228,0.2719,0.3205,0.3757,0.439,0.5088,0.5779,0.6404,0.7035,0.7808,0.8698,0.9711,1.1854,1.6714,1.8286,1.0925,0.2958,-0.3078,-0.6458,-0.5875,-0.5019,-0.4623,-0.3701,-0.296,-0.2522,-0.2236,-0.1992,-0.1763,0.0096,0.0273,0.0477,0.0709,0.0968,0.1255,0.1568,0.1907,0.2273,0.2668,0.3098,0.3569,0.4082,0.4623,0.5168,0.5703,0.6258,0.6883,0.7635,0.8716,1.0701,1.3653,1.4056,0.9449,0.373,-0.0709,-0.3322,-0.4373,-0.4931,-0.4595,-0.3656,-0.2884,-0.2387,-0.2061,-0.1816,-0.161]},{"header":{"la1":42.85,"la2":41.18,"lo1":11.55,"lo2":14.05,"nx":36,"ny":24,"dx":0.07143,"dy":0.07261,"parameterCategory":2,"parameterNumber":3,"parameterNumberName":"northward_wind","parameterUnit":"m.s-1"},"data":[-0.1143,-0.0948,-0.0714,-0.0444,-0.0147,0.0155,0.0424,0.0622,0.072,0.0717,0.0641,0.0537,0.044,0.0376,0.0352,0.0371,0.043,0.0526,0.0654,0.0803,0.0945,0.1041,0.1055,0.0975,0.0817,0.0611,0.0382,0.0149,-0.0077,-0.0293,-0.0496,-0.0685,-0.0861,-0.1023,-0.1173,-0.1311,-0.1213,-0.0992,-0.0714,-0.0372,0.0029,0.0458,0.0859,0.1149,0.1264,0.1198,0.1013,0.0794,0.061,0.0489,0.0436,0.0446,0.0513,0.0635,0.0815,0.1047,0.1293,0.1475,0.1514,0.139,0.115,0.0856,0.0552,0.0261,-0.0011,-0.0262,-0.0491,-0.0701,-0.0894,-0.1069,-0.123,-0.1376,-0.1321,-0.108,-0.0756,-0.0327,0.0219,0.0859,0.1502,0.1982,0.2136,0.1937,0.1531,0.1109,0.0785,0.0587,0.0499,0.0497,0.0566,0.0709,0.0947,0.1306,0.1748,0.211,0.2186,0.1952,0.1552,0.1121,0.0717,0.0355,0.0033,-0.0252,-0.0508,-0.0739,-0.0947,-0.1136,-0.1306,-0.146,-0.1477,-0.123,-0.0873,-0.0354,0.0383,0.1359,0.2472,0.3384,0.3641,0.3132,0.226,0.1473,0.0944,0.0655,0.0533,0.0518,0.0576,0.071,0.0981,0.1508,0.2333,0.3107,0.3217,0.269,0.1995,0.1368,0.0846,0.0412,0.0043,-0.0275,-0.0555,-0.0804,-0.1026,-0.1226,-0.1405,-0.1566,-0.1685,-0.1456,-0.11,-0.0525,0.0414,0.188,0.389,0.5865,0.6443,0.5123,0.3222,0.1817,0.1033,0.0668,0.0534,0.0512,0.0537,0.0589,0.0768,0.1426,0.2925,0.4635,0.4661,0.3467,0.2351,0.1523,0.0899,0.0407,0.0003,-0.034,-0.0638,-0.0901,-0.1135,-0.1344,-0.1531,-0.1696,-0.1941,-0.1758,-0.1458,-0.0919,0.0123,0.2111,0.5566,1.0065,1.169,0.8135,0.4159,0.1942,0.0969,0.0607,0.0507,0.0498,0.0476,0.0336,0.0095,0.062,0.2811,0.5526,0.5387,0.3694,0.2394,0.1497,0.0838,0.0322,-0.0099,-0.0454,-0.0763,-0.1035,-0.1278,-0.1494,-0.1686,-0.1855,-0.2224,-0.2097,-0.1895,-0.1528,-0.0651,0.1461,0.6016,1.3905,1.7616,1.0202,0.4065,0.1524,0.0682,0.0478,0.0476,0.0508,0.0477,0.0179,-0.0677,-0.0432,0.1929,0.3741,0.394,0.3024,0.2058,0.1273,0.0651,0.0149,-0.0268,-0.0623,-0.0934,-0.1211,-0.1459,-0.168,-0.1876,-0.2047,-0.251,-0.2402,-0.2223,-0.2054,-0.1689,-0.0274,0.3163,0.9114,1.1776,0.6206,0.1886,0.0444,0.023,0.0347,0.0476,0.0559,0.0588,0.0465,0.0138,0.0736,0.2571,0.3152,0.2862,0.2271,0.157,0.0915,0.0357,-0.011,-0.0504,-0.0846,-0.1152,-0.143,-0.1682,-0.1908,-0.2107,-0.2278,-0.2808,-0.2688,-0.2319,-0.1966,-0.2401,-0.229,-0.1223,0.0234,0.0315,-0.1096,-0.1514,-0.0909,-0.0161,0.0336,0.0522,0.0587,0.0708,0.0823,0.1109,0.2268,0.4526,0.4189,0.2727,0.1795,0.1082,0.0477,-0.0028,-0.0447,-0.0804,-0.1123,-0.1419,-0.1696,-0.1952,-0.2183,-0.2385,-0.2555,-0.3153,-0.3147,-0.2941,-0.2779,-0.3545,-0.4181,-0.484,-0.587,-0.7816,-0.82,-0.4978,-0.1959,-0.0197,0.0582,0.0508,0.0317,0.0755,0.0963,0.1262,0.2179,0.368,0.35,0.2236,0.1262,0.0524,-0.0061,-0.0511,-0.0862,-0.1162,-0.1447,-0.1731,-0.201,-0.2276,-0.2516,-0.2722,-0.2889,-0.3516,-0.3737,-0.4113,-0.4842,-0.4985,-0.5848,-0.7764,-0.9807,-1.3812,-1.6077,-0.7475,-0.2105,0.0374,0.1305,0.095,0.0451,0.1011,0.0959,0.0949,0.1353,0.1889,0.1886,0.1299,0.054,-0.0193,-0.0767,-0.1129,-0.1359,-0.1567,-0.1808,-0.2086,-0.238,-0.2667,-0.2923,-0.3134,-0.3294,-0.3807,-0.415,-0.4619,-0.5065,-0.5421,-0.7384,-1.076,-1.3296,-1.3233,-1.2702,-0.6045,-0.1016,0.1468,0.2515,0.241,0.2061,0.1609,0.047,0.0074,0.0627,0.0999,0.0971,0.053,-0.0245,-0.1152,-0.1783,-0.1945,-0.1928,-0.1992,-0.2189,-0.2483,-0.2819,-0.3147,-0.3431,-0.3647,-0.3792,-0.3984,-0.4359,-0.4819,-0.5358,-0.6336,-0.8722,-1.2805,-1.6864,-1.4195,-0.8586,-0.3309,0.067,0.2485,0.3,0.3162,0.3603,0.2614,-0.1412,-0.1736,0.0217,0.0762,0.069,0.0129,-0.0968,-0.2465,-0.3319,-0.2969,-0.2489,-0.2376,-0.2566,-0.2929,-0.3355,-0.376,-0.4084,-0.4301,-0.4413,-0.4056,-0.4434,-0.4916,-0.5583,-0.6696,-0.8664,-1.1604,-1.4427,-1.2438,-0.6456,-0.1749,0.1892,0.3248,0.6966,0.4769,0.6561,0.5212,0.1232,-0.0114,0.0728,0.1155,0.1019,0.0211,-0.1318,-0.3612,-0.4824,-0.3726,-0.2801,-0.2628,-0.2925,-0.3457,-0.4054,-0.4584,-0.4961,-0.5158,-0.5199,-0.4038,-0.4389,-0.4836,-0.5439,-0.6299,-0.749,-0.8816,-0.9357,-0.7544,-0.4147,-0.1482,0.0657,0.3198,0.5911,0.5023,0.7333,0.7684,0.3917,0.1729,0.1684,0.2594,0.2389,0.0938,-0.0854,-0.2891,-0.3965,-0.3234,-0.2604,-0.2693,-0.3288,-0.4144,-0.5037,-0.5761,-0.6188,-0.6307,-0.6198,-0.3948,-0.4243,-0.4602,-0.5041,-0.5565,-0.6109,-0.6438,-0.6088,-0.4724,-0.2985,-0.2476,-0.0398,0.0474,0.2111,0.2917,0.4671,0.5932,0.3012,0.1238,0.2423,0.6484,0.5406,0.1995,-0.0027,-0.1264,-0.1852,-0.1824,-0.1924,-0.2578,-0.3714,-0.5127,-0.6522,-0.7541,-0.7966,-0.7862,-0.7453,-0.381,-0.4038,-0.4293,-0.4567,-0.4828,-0.4997,-0.4925,-0.4445,-0.3557,-0.267,-0.2462,-0.163,-0.3046,-0.3897,-0.0595,0.0706,0.0898,-0.065,-0.1755,0.0868,0.6899,0.5576,0.189,0.0332,-0.0003,0.0179,0.012,-0.0729,-0.2267,-0.4267,-0.6595,-0.8865,-1.0329,-1.0564,-0.9917,-0.8953,-0.365,-0.3813,-0.3978,-0.4127,-0.4226,-0.4221,-0.4042,-0.3646,-0.3092,-0.2574,-0.2284,-0.2436,-0.4258,-0.4914,-0.415,-0.4233,-0.3217,-0.4792,-0.7177,-0.3569,0.0089,0.0999,0.0247,0.0151,0.1332,0.3324,0.3655,0.1314,-0.1766,-0.4981,-0.8673,-1.2468,-1.4589,-1.4133,-1.237,-1.0543,-0.3489,-0.3599,-0.3696,-0.3765,-0.378,-0.3712,-0.3534,-0.3247,-0.2906,-0.2615,-0.2507,-0.2767,-0.3563,-0.496,-0.9611,-1.1749,-0.6313,-0.5926,-0.7162,-0.6669,-0.4249,-0.2457,-0.1631,-0.0385,0.2805,0.8697,0.9975,0.3681,-0.1552,-0.5821,-1.0927,-1.6872,-1.9786,-1.7897,-1.4574,-1.1823,-0.334,-0.341,-0.3463,-0.3486,-0.3464,-0.3384,-0.3241,-0.3047,-0.2845,-0.2704,-0.2717,-0.3,-0.3731,-0.5433,-0.912,-1.032,-0.6921,-0.641,-0.9107,-1.0492,-0.6712,-0.4735,-0.3604,-0.1787,0.2027,0.9246,1.0888,0.2183,-0.2769,-0.6651,-1.1842,-1.8649,-2.1908,-1.9266,-1.5331,-1.229,-0.3209,-0.3252,-0.3278,-0.3279,-0.3246,-0.3176,-0.3071,-0.2948,-0.2839,-0.2792,-0.287,-0.3154,-0.376,-0.484,-0.6216,-0.6656,-0.6068,-0.6296,-0.7839,-0.8435,-0.7255,-0.6988,-0.6541,-0.4545,-0.1847,-0.0654,-0.4125,-0.4622,-0.5376,-0.7505,-1.0864,-1.553,-1.8176,-1.6885,-1.4184,-1.1788,-0.3099,-0.3126,-0.3137,-0.3128,-0.3097,-0.3044,-0.2974,-0.2903,-0.2854,-0.2861,-0.2964,-0.3211,-0.3642,-0.4251,-0.4872,-0.5219,-0.5364,-0.576,-0.6494,-0.7165,-0.8302,-1.0978,-1.1698,-0.8217,-0.5281,-0.5647,-0.8659,-0.77,-0.8009,-0.8816,-0.9875,-1.1915,-1.3496,-1.3384,-1.2158,-1.0703,-0.301,-0.3026,-0.3031,-0.3021,-0.2997,-0.2961,-0.2919,-0.2884,-0.2873,-0.2909,-0.3016,-0.3216,-0.3518,-0.3899,-0.4285,-0.4611,-0.4925,-0.5368,-0.6037,-0.7133,-0.9526,-1.4051,-1.5403,-1.0614,-0.7086,-0.65,-0.7411,-0.8722,-1.1129,-1.0644,-0.9776,-1.0082,-1.0708,-1.082,-1.0331,-0.9538,-0.2939,-0.295,-0.2952,-0.2945,-0.293,-0.2909,-0.2889,-0.2879,-0.2892,-0.2941,-0.3043,-0.3207,-0.3433,-0.3707,-0.4003,-0.431,-0.4659,-0.5124,-0.5817,-0.697,-0.9016,-1.1767,-1.2406,-0.9854,-0.7551,-0.6896,-0.7544,-0.9403,-1.1523,-1.0929,-0.9664,-0.9235,-0.927,-0.9259,-0.9005,-0.855]}]