docs/data/wind_grid.json
[{"header":{"la1":42.85,"la2":41.18,"lo1":11.55,"lo2":14.05,"nx":36,"ny":24,"dx":0.07143,"dy":0.07261,"parameterCategory":2,"parameterNumber":2,"parameterNumberName":"eastward_wind","parameterUnit":"m.s-1"},"data":[2.7292,2.7578,2.7895,2.8236,2.8584,2.8913,2.9187,2.9365,2.9425,2.9366,2.9216,2.9017,2.8809,2.8618,2.8453,2.8314,2.8185,2.8042,2.7856,2.7599,2.7259,2.6841,2.6364,2.5853,2.5334,2.4826,2.4345,2.39,2.3499,2.3142,2.2829,2.2559,2.2327,2.213,2.1964,2.1825,2.7332,2.7664,2.8048,2.8481,2.8948,2.9411,2.9813,3.0078,3.0154,3.0038,2.9786,2.948,2.9187,2.8946,2.8768,2.8647,2.856,2.8469,2.832,2.8063,2.7675,2.7169,2.6584,2.5962,2.534,2.4743,2.419,2.369,2.3249,2.2866,2.2539,2.2263,2.2032,2.184,2.1683,2.1554,2.7323,2.7699,2.8158,2.8707,2.9338,3.0012,3.0636,3.1067,3.1173,3.094,3.0493,3.0002,2.9579,2.927,2.908,2.8997,2.8992,2.9007,2.8944,2.87,2.8234,2.7587,2.684,2.6063,2.5306,2.4601,2.3964,2.3404,2.2924,2.2519,2.2184,2.1909,2.1686,2.1507,2.1364,2.1251,2.7244,2.7655,2.8186,2.8867,2.9718,3.0717,3.1744,3.252,3.2702,3.2216,3.1382,3.0571,2.9957,2.9564,2.9369,2.9351,2.9488,2.971,2.9832,2.9622,2.9006,2.8114,2.7117,2.6128,2.5202,2.4367,2.3637,2.3016,2.2501,2.2083,2.175,2.1487,2.1283,2.1125,2.1005,2.0915,2.7073,2.7493,2.8074,2.8881,2.9989,3.1454,3.3201,3.4751,3.515,3.407,3.245,3.1126,3.0273,2.9797,2.9608,2.9677,3.0028,3.0631,3.1155,3.1003,3.0052,2.8723,2.7362,2.61,2.4973,2.3993,2.3166,2.2488,2.1951,2.1536,2.1222,2.0988,2.0817,2.0692,2.0604,2.0543,2.6786,2.717,2.7748,2.8628,2.9962,3.1954,3.4792,3.7985,3.9028,3.6536,3.3479,3.1514,3.0457,2.994,2.9768,2.9914,3.05,3.1691,3.3017,3.2913,3.1249,2.9252,2.7449,2.5888,2.4545,2.3414,2.2492,2.1774,2.1237,2.0852,2.0584,2.0403,2.0283,2.0206,2.0161,2.0137,2.637,2.6648,2.713,2.7968,2.9378,3.1675,3.5382,4.0576,4.2753,3.8162,3.3761,3.1513,3.0464,2.9989,2.9839,2.9997,3.0662,3.2259,3.4438,3.4309,3.1859,2.9326,2.7192,2.5375,2.3823,2.2539,2.1537,2.0808,2.0314,2.0004,1.9823,1.9726,1.9681,1.9669,1.9677,1.9699,2.5831,2.5909,2.6154,2.6783,2.8064,3.022,3.3491,3.775,3.9428,3.5946,3.2733,3.1105,3.0353,2.9996,2.9836,2.9915,3.0412,3.1576,3.3121,3.3003,3.1,2.8666,2.647,2.4459,2.2689,2.1244,2.0184,1.9502,1.9126,1.8963,1.8927,1.8957,1.9016,1.9085,1.9158,1.9233,2.5213,2.498,2.4785,2.4964,2.602,2.7985,3.034,3.2459,3.3248,3.2474,3.1383,3.0651,3.031,3.0068,2.9728,2.9628,3.0066,3.0717,3.1186,3.0869,2.9538,2.758,2.5347,2.3068,2.0981,1.9328,1.8254,1.7731,1.7608,1.7709,1.7902,1.811,1.8301,1.8466,1.8611,1.8742,2.4618,2.4003,2.3117,2.241,2.3262,2.5699,2.7946,2.967,3.1097,3.1534,3.0857,3.047,3.0565,3.0458,2.9331,2.8702,2.993,3.0835,3.0983,3.0258,2.8737,2.6578,2.395,2.109,1.841,1.6429,1.5442,1.5322,1.5701,1.6247,1.6775,1.7215,1.756,1.7828,1.8046,1.8232,2.42,2.3309,2.1772,1.9843,2.043,2.4033,2.6389,2.8175,3.1827,3.3479,3.0885,3.0457,3.1344,3.2005,3.0271,2.8903,3.0783,3.2473,3.2769,3.1246,2.8786,2.5823,2.2305,1.8284,1.4402,1.184,1.1241,1.2072,1.3399,1.4647,1.5623,1.6329,1.6827,1.7188,1.7468,1.7704,2.4071,2.3231,2.1834,2.0159,2.0785,2.3842,2.5116,2.5278,2.868,3.1172,2.9857,3.0204,3.2457,3.5913,3.4394,3.1985,3.3141,3.7282,3.7869,3.3662,2.9327,2.5217,2.0418,1.4342,0.7926,0.4241,0.4938,0.7913,1.0886,1.31,1.4579,1.5528,1.614,1.6559,1.6878,1.7154,2.418,2.3639,2.2936,2.2459,2.3093,2.4379,2.4518,2.2111,2.5668,2.7508,2.8317,2.9481,3.1414,3.7145,3.5686,3.2427,3.4781,4.5774,4.5811,3.5683,2.9498,2.4678,1.8689,0.9603,-0.1905,-0.7819,-0.3528,0.3532,0.8758,1.1963,1.3824,1.4889,1.5517,1.593,1.6258,1.6563,2.4371,2.4107,2.3874,2.3867,2.4248,2.4758,2.5002,2.5575,2.5839,2.6156,2.6836,2.9045,2.9664,2.6739,2.9857,3.0467,3.2544,3.9315,4.0116,3.3387,2.8689,2.4596,1.8312,0.691,-1.0423,-1.926,-0.9803,0.133,0.8063,1.1653,1.3502,1.4433,1.4922,1.5249,1.5558,1.5898,2.4524,2.4418,2.4368,2.4439,2.4644,2.4885,2.507,2.5211,2.5118,2.4594,2.409,2.4665,2.4982,2.2223,2.6497,2.9099,3.0728,3.0965,3.1065,2.9579,2.8541,2.6179,2.033,1.0038,-0.4666,-1.252,-0.5278,0.3937,0.9512,1.2327,1.3586,1.4053,1.4222,1.4394,1.4691,1.5108,2.4598,2.456,2.4559,2.4613,2.4707,2.4794,2.4813,2.4667,2.4118,2.2702,2.018,1.9771,2.1592,2.3473,2.4973,2.7337,2.9092,2.7222,2.6223,2.7784,3.2161,3.0296,2.3397,1.5807,0.8136,0.4094,0.6067,0.9886,1.2482,1.3633,1.3792,1.3464,1.314,1.3149,1.353,1.4139,2.46,2.4582,2.4581,2.4597,2.4612,2.459,2.4473,2.4163,2.348,2.2146,2.0337,2.0639,2.1099,2.1277,2.2699,2.3538,2.3648,2.1622,2.0296,2.452,3.2419,3.0511,2.4143,1.9379,1.6272,1.5176,1.55,1.5852,1.5685,1.4947,1.3669,1.2191,1.1225,1.122,1.1957,1.298,2.4547,2.4528,2.4511,2.449,2.4447,2.4355,2.4169,2.3829,2.3268,2.2487,2.1778,2.1487,2.0965,2.0609,1.9555,1.8688,1.9026,1.5472,1.1218,1.7817,2.3432,2.4302,2.2246,2.0587,2.0668,2.2321,2.2782,2.0835,1.8365,1.5845,1.2856,0.9708,0.7962,0.8411,1.0023,1.1749,2.4459,2.443,2.4393,2.4341,2.4261,2.4129,2.3921,2.3607,2.3175,2.266,2.215,2.1643,2.0903,1.9217,1.394,1.1774,1.6148,1.4878,1.2711,1.5397,1.8225,1.976,1.9928,2.0519,2.3251,2.8495,2.9654,2.4532,2.0116,1.6318,1.1636,0.6269,0.3719,0.5341,0.8274,1.079,2.4349,2.4307,2.4253,2.4178,2.4073,2.3922,2.371,2.3425,2.3063,2.2637,2.2148,2.1525,2.0516,1.8418,1.4383,1.3067,1.5845,1.5898,1.4425,1.3913,1.585,1.6723,1.7273,1.9085,2.3058,2.9362,3.0732,2.452,2.0459,1.6746,1.152,0.4912,0.1919,0.4256,0.7782,1.057,2.4227,2.4173,2.4104,2.4013,2.3892,2.3731,2.3521,2.3254,2.2925,2.2528,2.2042,2.1397,2.0445,1.8992,1.7267,1.6546,1.6807,1.6389,1.5232,1.4671,1.4304,1.275,1.2568,1.5577,1.9904,2.28,2.1879,2.1236,1.9882,1.7451,1.3478,0.8278,0.548,0.66,0.9061,1.1263,2.41,2.4035,2.3954,2.3851,2.372,2.3554,2.3346,2.3089,2.2777,2.2399,2.1934,2.1341,2.0568,1.9615,1.866,1.7996,1.7522,1.6808,1.5753,1.4285,1.0997,0.5003,0.3411,0.9928,1.6506,1.9711,1.9936,2.0009,1.9511,1.8377,1.6007,1.2753,1.0502,1.0279,1.127,1.2541,2.3972,2.3898,2.3807,2.3696,2.3558,2.3389,2.3183,2.2934,2.2636,2.2278,2.1846,2.1322,2.0696,1.999,1.9275,1.8608,1.7915,1.7008,1.5653,1.3233,0.8059,-0.0769,-0.3246,0.5904,1.4071,1.8109,1.9398,1.9586,1.9723,1.9303,1.7713,1.5591,1.3907,1.3213,1.3353,1.3913,2.3846,2.3764,2.3667,2.3549,2.3407,2.3237,2.3033,2.2792,2.2506,2.2169,2.1773,2.131,2.0778,2.0191,1.9568,1.8905,1.8139,1.7136,1.5648,1.3169,0.8926,0.3538,0.2391,0.7706,1.3488,1.6963,1.8561,1.9294,1.9757,1.9448,1.8321,1.6932,1.576,1.5084,1.4912,1.5088]},{"header":{"la1":42.85,"la2":41.18,"lo1":11.55,"lo2":14.05,"nx":36,"ny":24,"dx":0.07143,"dy":0.07261,"parameterCategory":2,"parameterNumber":3,"parameterNumberName":"northward_wind","parameterUnit":"m.s-1"},"data":[1.7099,1.667,1.6185,1.5652,1.5094,1.4553,1.4091,1.3769,1.3622,1.3632,1.3719,1.3779,1.3716,1.347,1.3023,1.2404,1.1691,1.1005,1.0486,1.0243,1.0313,1.065,1.1164,1.1763,1.2376,1.2962,1.3505,1.4,1.4453,1.4868,1.5252,1.561,1.5944,1.6256,1.6548,1.6821,1.7071,1.6573,1.5985,1.5306,1.4556,1.3793,1.3121,1.267,1.2536,1.27,1.3018,1.3291,1.3353,1.3109,1.2529,1.1647,1.0572,0.9505,0.87,0.8369,0.8563,0.9166,0.9986,1.0863,1.1696,1.2445,1.3104,1.3684,1.4199,1.4664,1.509,1.5483,1.5849,1.619,1.6507,1.6802,1.7094,1.6527,1.5822,1.4956,1.3929,1.2799,1.173,1.0998,1.0858,1.132,1.2084,1.2753,1.3045,1.2831,1.2073,1.0797,0.9132,0.7389,0.6069,0.5623,0.612,0.7241,0.8582,0.9871,1.0994,1.1934,1.2716,1.3379,1.3954,1.4466,1.4933,1.5363,1.5763,1.6134,1.6479,1.6798,1.719,1.6567,1.5749,1.467,1.3268,1.1548,0.9713,0.832,0.8088,0.9162,1.082,1.2201,1.2872,1.2725,1.1745,0.9914,0.7292,0.4303,0.1972,0.1397,0.2641,0.4796,0.6999,0.8864,1.033,1.1466,1.2361,1.3092,1.3717,1.4273,1.478,1.5249,1.5686,1.6092,1.6467,1.6812,1.7383,1.6737,1.5844,1.4572,1.2742,1.0166,0.6903,0.3908,0.3254,0.5713,0.9201,1.1773,1.2968,1.2911,1.1691,0.9184,0.5138,-0.0172,-0.4667,-0.5295,-0.2187,0.1946,0.5441,0.7996,0.9797,1.1085,1.2051,1.2823,1.3483,1.4077,1.4626,1.514,1.562,1.6066,1.6475,1.6848,1.7686,1.7074,1.6188,1.4837,1.2685,0.9184,0.3725,-0.2842,-0.496,0.0772,0.7686,1.1831,1.3515,1.35,1.2088,0.9013,0.3351,-0.5718,-1.4747,-1.5021,-0.7794,-0.0573,0.4379,0.7506,0.9492,1.0817,1.1778,1.255,1.323,1.3862,1.4462,1.5032,1.5565,1.6059,1.6508,1.6913,1.8092,1.7581,1.6825,1.5608,1.3507,0.9682,0.2612,-0.8409,-1.3278,-0.245,0.7964,1.2953,1.4659,1.4497,1.2982,0.9861,0.3621,-0.841,-2.2903,-2.2405,-1.0561,-0.1113,0.444,0.7596,0.945,1.0629,1.1488,1.222,1.2916,1.3602,1.4275,1.492,1.5524,1.6078,1.6575,1.7015,1.8568,1.8212,1.7698,1.6848,1.5289,1.2336,0.6827,-0.1726,-0.518,0.3717,1.175,1.5363,1.6325,1.5687,1.4002,1.1465,0.685,-0.246,-1.4131,-1.4622,-0.5881,0.1471,0.5825,0.8224,0.9556,1.0385,1.1053,1.1733,1.2474,1.3259,1.4049,1.4806,1.5506,1.6134,1.6686,1.7164,1.9057,1.8866,1.8635,1.8257,1.7466,1.5959,1.3688,1.1395,1.1622,1.4759,1.7304,1.839,1.8231,1.6711,1.4069,1.2057,1.042,0.6427,0.1302,-0.0135,0.2517,0.5712,0.7866,0.8988,0.949,0.9804,1.0243,1.0926,1.1812,1.2795,1.378,1.4702,1.5528,1.6248,1.6861,1.7377,1.9501,1.9422,1.9388,1.9371,1.9164,1.8714,1.8531,1.9387,2.1859,2.3233,2.2055,2.1167,2.0283,1.7833,1.1837,0.8748,1.1832,1.1667,0.9867,0.8704,0.8775,0.9325,0.9576,0.93,0.8747,0.8415,0.8686,0.9573,1.083,1.2191,1.3486,1.4638,1.5625,1.645,1.7126,1.7674,1.9877,1.9823,1.9792,1.9785,1.9804,2.0045,2.0755,2.2459,2.7209,2.9572,2.4957,2.3223,2.2659,2.1061,1.4178,0.9244,1.3759,1.4233,1.3357,1.2682,1.2183,1.1547,1.0406,0.8609,0.6602,0.5426,0.5797,0.74,0.9471,1.1485,1.3234,1.4683,1.5853,1.6784,1.7515,1.8081,2.0211,2.0148,2.0044,1.99,2.0018,2.067,2.1322,2.1918,2.4761,2.7118,2.5079,2.4489,2.4888,2.573,2.3527,1.9229,1.7093,1.4337,1.3294,1.3936,1.3832,1.2698,1.0354,0.6521,0.1979,-0.0526,0.0772,0.4245,0.7858,1.0849,1.3168,1.4941,1.6291,1.731,1.807,1.8626,2.0548,2.0513,2.0459,2.0448,2.069,2.1148,2.1283,2.1018,2.1621,2.3867,2.4747,2.5237,2.5899,2.6959,2.6189,2.2971,1.8664,1.0497,1.0116,1.4187,1.4787,1.3356,0.9916,0.3295,-0.6077,-1.1004,-0.6621,0.0681,0.6546,1.0645,1.3507,1.5553,1.7033,1.8095,1.8838,1.9341,2.0895,2.092,2.0964,2.1079,2.1316,2.1563,2.1523,2.1072,2.1772,2.3779,2.5122,2.5514,2.5829,2.8518,2.6605,2.4582,2.1826,1.5447,1.3779,1.5888,1.562,1.3872,1.0084,0.1451,-1.3458,-2.1497,-1.2317,-0.094,0.6615,1.1351,1.4481,1.6656,1.818,1.9213,1.987,2.0253,2.1237,2.1319,2.1435,2.1607,2.1835,2.206,2.2208,2.2425,2.3268,2.4694,2.5884,2.6728,2.7977,3.0865,2.7445,2.6052,2.6384,2.281,1.9942,1.7924,1.5205,1.3649,1.1401,0.4523,-0.7914,-1.4997,-0.7632,0.218,0.8888,1.3219,1.6201,1.8341,1.9825,2.0745,2.1217,2.1387,2.1554,2.1681,2.1843,2.2051,2.2305,2.2594,2.2939,2.3464,2.4347,2.5497,2.6244,2.8358,2.8212,2.8288,2.7415,2.6664,2.6529,2.5631,2.3757,1.8466,1.0373,1.1078,1.297,1.0153,0.4593,0.141,0.3949,0.868,1.2756,1.5954,1.8562,2.0646,2.2074,2.2784,2.2923,2.2741,2.1839,2.1998,2.2191,2.2429,2.2715,2.3062,2.3501,2.4094,2.4885,2.5763,2.6311,2.726,2.7752,2.7789,2.777,2.7825,2.8285,3.0089,3.0514,2.2634,1.0119,1.1513,1.5204,1.4862,1.3206,1.2499,1.3293,1.4827,1.6695,1.8873,2.1303,2.3602,2.5089,2.5436,2.4991,2.4262,2.2088,2.2269,2.2484,2.2741,2.3049,2.342,2.3876,2.4438,2.51,2.5788,2.6402,2.7033,2.7654,2.7996,2.9238,3.0265,3.1298,3.7219,4.3634,3.269,2.2629,1.9262,1.9039,1.8541,1.8169,1.8559,1.893,1.8984,1.9651,2.1349,2.4109,2.7238,2.9018,2.8676,2.7258,2.5779,2.2301,2.2495,2.2723,2.299,2.3304,2.3674,2.4111,2.4618,2.5182,2.5769,2.6356,2.6981,2.7718,2.9029,3.2581,3.4026,3.2806,3.7251,4.1214,3.677,3.0272,2.5125,2.2519,2.1188,2.0815,2.1459,2.1677,2.1114,2.138,2.3005,2.6431,3.0998,3.3254,3.1789,2.9164,2.6955,2.2479,2.2681,2.2913,2.3181,2.349,2.3845,2.4251,2.4707,2.5205,2.5734,2.63,2.6952,2.7844,2.9437,3.2235,3.3256,3.2587,3.4908,3.938,4.1089,3.3499,2.7695,2.4561,2.2816,2.1981,2.2017,2.2089,2.1842,2.2176,2.3678,2.7192,3.2395,3.4878,3.287,2.9815,2.7403,2.2625,2.2828,2.3059,2.3321,2.3618,2.3953,2.4327,2.474,2.5189,2.5674,2.621,2.6844,2.7674,2.8838,3.0195,3.0975,3.1503,3.3202,3.6139,3.6576,3.1918,2.7712,2.5425,2.3854,2.2696,2.219,2.209,2.2109,2.2431,2.352,2.6053,2.9855,3.1992,3.1015,2.8917,2.7036,2.2741,2.2942,2.3167,2.3419,2.3701,2.4013,2.4356,2.4731,2.5137,2.5579,2.6068,2.6632,2.7306,2.8099,2.8901,2.9551,3.0182,3.109,3.1936,3.1364,2.8903,2.6647,2.5799,2.4658,2.3276,2.2417,2.2106,2.2179,2.2408,2.2966,2.4404,2.6582,2.8136,2.8181,2.7284,2.6178,2.283,2.3026,2.3243,2.3483,2.3746,2.4035,2.4349,2.4689,2.5054,2.5449,2.588,2.6357,2.6886,2.7451,2.8,2.8487,2.8926,2.9302,2.9363,2.8667,2.7233,2.6144,2.6026,2.5109,2.3719,2.2769,2.2369,2.2288,2.2182,2.2405,2.3308,2.46,2.5652,2.6021,2.5786,2.5249,2.2897,2.3085,2.3292,2.3517,2.3763,2.4028,2.4314,2.4619,2.4946,2.5293,2.5664,2.6058,2.6472,2.689,2.7282,2.7619,2.7877,2.7997,2.7855,2.7336,2.6566,2.6005,2.571,2.4956,2.3907,2.3094,2.2635,2.2365,2.2152,2.2309,2.2906,2.3686,2.4355,2.4703,2.4708,2.4474]}]