docs/data/wind_grid.json
[{"header":{"la1":42.85,"la2":41.18,"lo1":11.55,"lo2":14.05,"nx":36,"ny":24,"dx":0.07143,"dy":0.07261,"parameterCategory":2,"parameterNumber":2,"parameterNumberName":"eastward_wind","parameterUnit":"m.s-1"},"data":[-0.2789,-0.2916,-0.3054,-0.3199,-0.3346,-0.3482,-0.3591,-0.3654,-0.3666,-0.3633,-0.3579,-0.3538,-0.3539,-0.3602,-0.3731,-0.3916,-0.413,-0.4337,-0.4494,-0.457,-0.4553,-0.4457,-0.4304,-0.4122,-0.3933,-0.3749,-0.358,-0.3427,-0.3292,-0.3173,-0.307,-0.298,-0.2901,-0.2832,-0.2772,-0.2718,-0.2834,-0.2983,-0.3153,-0.3341,-0.3541,-0.3737,-0.3899,-0.3992,-0.3991,-0.3905,-0.3778,-0.3668,-0.3629,-0.3691,-0.3861,-0.4126,-0.4449,-0.4767,-0.5007,-0.5109,-0.5059,-0.4889,-0.4649,-0.4385,-0.4126,-0.389,-0.368,-0.3499,-0.3343,-0.321,-0.3097,-0.3,-0.2916,-0.2845,-0.2782,-0.2727,-0.287,-0.3044,-0.3251,-0.3494,-0.3772,-0.4066,-0.4332,-0.4494,-0.4486,-0.4305,-0.404,-0.3807,-0.3696,-0.3748,-0.3974,-0.4361,-0.4859,-0.5368,-0.5748,-0.5882,-0.5753,-0.5444,-0.5059,-0.4674,-0.4324,-0.4023,-0.3769,-0.3558,-0.3382,-0.3236,-0.3114,-0.3012,-0.2926,-0.2852,-0.2789,-0.2733,-0.2892,-0.309,-0.3336,-0.3643,-0.4025,-0.4477,-0.4943,-0.5274,-0.528,-0.492,-0.4391,-0.3941,-0.3711,-0.3743,-0.4043,-0.4604,-0.5381,-0.6227,-0.6863,-0.7026,-0.671,-0.6136,-0.552,-0.4967,-0.4508,-0.4136,-0.3837,-0.3598,-0.3405,-0.3249,-0.3122,-0.3017,-0.2929,-0.2855,-0.2792,-0.2737,-0.2894,-0.311,-0.3388,-0.3756,-0.4257,-0.4935,-0.5766,-0.6501,-0.6609,-0.5877,-0.4831,-0.4025,-0.3628,-0.3633,-0.402,-0.4804,-0.5994,-0.7432,-0.8563,-0.8723,-0.7976,-0.6927,-0.5975,-0.5221,-0.4646,-0.4208,-0.3872,-0.3612,-0.3408,-0.3247,-0.3118,-0.3013,-0.2927,-0.2854,-0.2793,-0.2739,-0.2872,-0.3095,-0.3387,-0.379,-0.4383,-0.5296,-0.6666,-0.8257,-0.8727,-0.7194,-0.522,-0.3941,-0.3379,-0.3367,-0.3838,-0.4843,-0.6523,-0.8858,-1.0893,-1.0952,-0.9362,-0.7624,-0.6301,-0.5366,-0.4703,-0.4221,-0.3863,-0.3594,-0.3388,-0.3228,-0.3102,-0.3001,-0.2919,-0.285,-0.2791,-0.274,-0.2826,-0.3042,-0.3323,-0.3711,-0.4299,-0.5279,-0.7011,-0.9609,-1.0725,-0.8,-0.5062,-0.3499,-0.2895,-0.2907,-0.3438,-0.4566,-0.6536,-0.9582,-1.2568,-1.2471,-1.0051,-0.784,-0.6338,-0.5339,-0.4651,-0.4161,-0.3805,-0.3541,-0.3343,-0.3192,-0.3075,-0.2982,-0.2907,-0.2844,-0.2789,-0.2741,-0.2759,-0.296,-0.3209,-0.3534,-0.399,-0.4716,-0.5994,-0.7976,-0.8717,-0.6234,-0.381,-0.2599,-0.2165,-0.2251,-0.2817,-0.3932,-0.575,-0.8388,-1.0934,-1.1016,-0.9146,-0.733,-0.6029,-0.5125,-0.4487,-0.403,-0.3698,-0.3456,-0.3278,-0.3144,-0.3042,-0.2961,-0.2894,-0.2838,-0.2789,-0.2744,-0.2681,-0.2866,-0.3083,-0.3334,-0.3618,-0.3935,-0.4272,-0.4477,-0.3973,-0.2764,-0.1886,-0.1441,-0.1274,-0.1435,-0.2033,-0.3137,-0.4703,-0.6507,-0.7956,-0.8253,-0.75,-0.6454,-0.5521,-0.4787,-0.4239,-0.3839,-0.3552,-0.3346,-0.3198,-0.3089,-0.3006,-0.294,-0.2884,-0.2836,-0.2792,-0.2751,-0.2598,-0.2777,-0.2983,-0.3206,-0.3413,-0.3513,-0.3288,-0.2321,-0.0446,0.0529,-0.0067,-0.0364,-0.0337,-0.047,-0.1115,-0.2413,-0.4179,-0.5882,-0.6908,-0.7048,-0.6544,-0.5778,-0.5025,-0.4405,-0.3939,-0.3607,-0.3378,-0.3221,-0.3112,-0.3035,-0.2975,-0.2926,-0.2882,-0.2841,-0.2802,-0.2763,-0.2511,-0.2696,-0.2919,-0.3185,-0.3481,-0.3741,-0.3696,-0.2386,0.2005,0.4002,0.1095,0.0379,0.0587,0.072,0.0031,-0.1816,-0.4586,-0.7317,-0.8416,-0.7761,-0.6549,-0.5447,-0.4602,-0.4004,-0.3603,-0.3348,-0.319,-0.3095,-0.3035,-0.2993,-0.2959,-0.2926,-0.2893,-0.2858,-0.2821,-0.2783,-0.2413,-0.2608,-0.2864,-0.3213,-0.3708,-0.4429,-0.5413,-0.5808,-0.1722,0.1624,0.0654,0.0767,0.1411,0.2189,0.1439,-0.1357,-0.6199,-1.2229,-1.3392,-0.9979,-0.6994,-0.5173,-0.4124,-0.3537,-0.3224,-0.3071,-0.3008,-0.2989,-0.2985,-0.2981,-0.2969,-0.295,-0.2922,-0.2889,-0.2852,-0.2812,-0.2293,-0.2489,-0.2762,-0.3167,-0.3804,-0.4871,-0.6672,-0.883,-0.6654,-0.2049,0.0109,0.103,0.166,0.2652,0.2028,-0.1453,-0.8068,-2.0392,-2.0593,-1.1673,-0.6759,-0.444,-0.3378,-0.2934,-0.2794,-0.2797,-0.2859,-0.293,-0.2985,-0.3015,-0.3019,-0.3003,-0.2974,-0.2937,-0.2895,-0.285,-0.2143,-0.232,-0.2573,-0.2952,-0.3546,-0.4499,-0.5931,-0.7396,-0.5969,-0.1901,0.0528,0.1227,0.1421,0.2842,0.1205,-0.2584,-0.7593,-1.4571,-1.5359,-0.895,-0.4712,-0.282,-0.2223,-0.218,-0.2346,-0.2575,-0.2794,-0.2964,-0.3069,-0.3116,-0.3118,-0.3091,-0.3049,-0.3,-0.2948,-0.2896,-0.1962,-0.2101,-0.2294,-0.2571,-0.2968,-0.3508,-0.4089,-0.4172,-0.2675,-0.0034,0.1784,0.2257,0.258,0.3878,0.087,-0.5427,-1.0717,-0.8016,-0.6744,-0.3819,-0.1074,-0.0302,-0.0746,-0.1382,-0.198,-0.2496,-0.2892,-0.3148,-0.3276,-0.3305,-0.3273,-0.321,-0.3138,-0.307,-0.3006,-0.2945,-0.176,-0.1847,-0.196,-0.2105,-0.2273,-0.2412,-0.2367,-0.1805,-0.0379,0.1796,0.4047,0.3802,0.3154,0.2453,0.0583,-0.4264,-0.8191,-0.4758,-0.2146,0.0169,0.2804,0.2366,0.0574,-0.0799,-0.1868,-0.2704,-0.3269,-0.3561,-0.3643,-0.3592,-0.3472,-0.3337,-0.322,-0.313,-0.3057,-0.2991,-0.155,-0.1583,-0.1618,-0.1644,-0.1633,-0.1524,-0.1204,-0.0515,0.0653,0.2255,0.3839,0.3475,0.2947,0.2694,0.148,-0.0287,-0.1303,0.0216,0.1911,0.224,0.3422,0.2869,0.0994,-0.0701,-0.2199,-0.3384,-0.4065,-0.4276,-0.4197,-0.3966,-0.3677,-0.342,-0.3247,-0.315,-0.3085,-0.3025,-0.1347,-0.1333,-0.1303,-0.1243,-0.1125,-0.0903,-0.0514,0.0097,0.0933,0.1869,0.2562,0.2718,0.2813,0.2877,0.3075,0.3064,0.2419,0.4176,0.632,0.4052,0.2874,0.2088,0.0733,-0.106,-0.3048,-0.4675,-0.5348,-0.5291,-0.4928,-0.44,-0.3829,-0.3379,-0.3158,-0.3099,-0.308,-0.3044,-0.116,-0.111,-0.1036,-0.0924,-0.0753,-0.0496,-0.0127,0.0367,0.0957,0.1551,0.2021,0.2335,0.2655,0.3384,0.5965,0.704,0.4345,0.4747,0.5875,0.5093,0.3639,0.219,0.0625,-0.1483,-0.4097,-0.6202,-0.6647,-0.638,-0.5798,-0.489,-0.3906,-0.3188,-0.2951,-0.2996,-0.3055,-0.3053,-0.0996,-0.0921,-0.0819,-0.0681,-0.0492,-0.024,0.0087,0.0483,0.0922,0.136,0.1754,0.2124,0.2612,0.3619,0.5673,0.631,0.4578,0.451,0.5992,0.6631,0.4438,0.269,0.1014,-0.1427,-0.4575,-0.6756,-0.7114,-0.7678,-0.6925,-0.5503,-0.4075,-0.3107,-0.2849,-0.2957,-0.3057,-0.3067,-0.0858,-0.0767,-0.0651,-0.0503,-0.0315,-0.008,0.0202,0.0526,0.0875,0.1229,0.1578,0.1947,0.2421,0.3125,0.3965,0.4236,0.393,0.4143,0.5083,0.5355,0.4327,0.3575,0.2464,-0.0335,-0.4431,-0.8386,-1.1799,-1.1022,-0.8442,-0.6225,-0.4513,-0.3452,-0.3087,-0.3084,-0.3117,-0.3095,-0.0744,-0.0645,-0.0524,-0.0376,-0.0197,0.0015,0.026,0.0532,0.0821,0.1119,0.1425,0.1752,0.2132,0.2573,0.2985,0.3205,0.3292,0.3531,0.3935,0.4178,0.4542,0.5866,0.5958,0.2168,-0.353,-0.9729,-1.4598,-1.2806,-0.9195,-0.6647,-0.4958,-0.3941,-0.3464,-0.3288,-0.3205,-0.3124,-0.0654,-0.0552,-0.0431,-0.0288,-0.0122,0.0069,0.0282,0.0514,0.0759,0.1013,0.1275,0.155,0.1842,0.2141,0.2408,0.2606,0.2771,0.2987,0.3293,0.3782,0.5046,0.7734,0.8539,0.418,-0.1808,-0.729,-1.0639,-1.03,-0.8254,-0.6391,-0.5057,-0.4196,-0.3698,-0.3426,-0.3259,-0.3131,-0.0583,-0.0482,-0.0365,-0.023,-0.0078,0.0093,0.0279,0.0479,0.0689,0.0906,0.1128,0.1354,0.1583,0.1805,0.2006,0.2181,0.2347,0.2549,0.2845,0.3388,0.4504,0.6135,0.6304,0.3442,-0.0727,-0.4481,-0.6806,-0.7296,-0.6614,-0.5639,-0.4785,-0.4152,-0.3724,-0.3443,-0.3248,-0.31]},{"header":{"la1":42.85,"la2":41.18,"lo1":11.55,"lo2":14.05,"nx":36,"ny":24,"dx":0.07143,"dy":0.07261,"parameterCategory":2,"parameterNumber":3,"parameterNumberName":"northward_wind","parameterUnit":"m.s-1"},"data":[-0.3414,-0.3188,-0.293,-0.2647,-0.2355,-0.2079,-0.1858,-0.1731,-0.1722,-0.1825,-0.2003,-0.22,-0.2368,-0.2475,-0.251,-0.2479,-0.2404,-0.2317,-0.2252,-0.2238,-0.2286,-0.2392,-0.2539,-0.271,-0.2892,-0.3075,-0.3255,-0.3428,-0.3594,-0.3754,-0.3906,-0.405,-0.4187,-0.4315,-0.4435,-0.4547,-0.3398,-0.3128,-0.2807,-0.2435,-0.2027,-0.1619,-0.1273,-0.107,-0.1067,-0.1261,-0.1579,-0.1917,-0.2191,-0.2353,-0.2392,-0.2322,-0.2178,-0.2012,-0.1886,-0.185,-0.1919,-0.2075,-0.2284,-0.2515,-0.2747,-0.2971,-0.3183,-0.3382,-0.3571,-0.3749,-0.3917,-0.4076,-0.4225,-0.4365,-0.4494,-0.4613,-0.3413,-0.31,-0.2705,-0.2219,-0.1644,-0.102,-0.0444,-0.0077,-0.0067,-0.0429,-0.1006,-0.1587,-0.2026,-0.2265,-0.2302,-0.2163,-0.1898,-0.1593,-0.1361,-0.1296,-0.1418,-0.1672,-0.1983,-0.23,-0.2598,-0.2871,-0.3119,-0.3347,-0.3558,-0.3756,-0.3941,-0.4115,-0.4278,-0.4429,-0.4568,-0.4695,-0.3475,-0.3124,-0.2657,-0.2039,-0.124,-0.0272,0.0738,0.1475,0.1542,0.0847,-0.0232,-0.123,-0.1915,-0.225,-0.227,-0.2018,-0.1552,-0.0995,-0.0566,-0.0471,-0.0725,-0.1169,-0.1646,-0.2083,-0.246,-0.2785,-0.307,-0.3326,-0.356,-0.3778,-0.3981,-0.4171,-0.4348,-0.4511,-0.4661,-0.4796,-0.3599,-0.3231,-0.2711,-0.1969,-0.0912,0.0547,0.2345,0.3941,0.4239,0.2816,0.074,-0.0932,-0.1931,-0.236,-0.2338,-0.1926,-0.1152,-0.0149,0.0662,0.0766,0.0197,-0.0595,-0.1316,-0.1895,-0.2353,-0.2727,-0.3044,-0.3325,-0.3581,-0.3818,-0.4039,-0.4246,-0.4439,-0.4615,-0.4776,-0.4919,-0.3797,-0.3445,-0.292,-0.2118,-0.086,0.1127,0.4104,0.7512,0.8548,0.5506,0.1619,-0.0919,-0.2193,-0.2654,-0.2559,-0.1972,-0.0825,0.0866,0.2377,0.2416,0.1212,-0.0095,-0.1084,-0.1786,-0.2302,-0.2707,-0.3047,-0.3347,-0.3622,-0.3878,-0.412,-0.4345,-0.4555,-0.4746,-0.4918,-0.5069,-0.4072,-0.3778,-0.3321,-0.2584,-0.1343,0.0836,0.4678,1.0285,1.2637,0.7151,0.1418,-0.1555,-0.2806,-0.3166,-0.2973,-0.2271,-0.0894,0.1359,0.3634,0.3559,0.1702,0.0036,-0.107,-0.1801,-0.2323,-0.2732,-0.308,-0.3393,-0.3686,-0.3963,-0.4226,-0.4473,-0.4702,-0.491,-0.5094,-0.5253,-0.441,-0.4216,-0.3903,-0.3379,-0.2465,-0.081,0.2204,0.6736,0.8475,0.3621,-0.0899,-0.2992,-0.3752,-0.3864,-0.356,-0.2853,-0.1606,0.0343,0.2322,0.2388,0.0941,-0.0404,-0.1317,-0.1942,-0.2408,-0.2794,-0.3138,-0.3461,-0.3772,-0.4073,-0.4362,-0.4635,-0.4887,-0.5114,-0.5311,-0.5477,-0.4782,-0.4714,-0.4593,-0.4376,-0.399,-0.3313,-0.2247,-0.1141,-0.143,-0.3226,-0.4424,-0.4794,-0.4817,-0.4644,-0.4243,-0.3569,-0.2609,-0.1402,-0.0309,-0.0027,-0.0511,-0.1156,-0.1701,-0.2143,-0.2522,-0.2871,-0.3209,-0.3544,-0.3879,-0.4211,-0.4534,-0.484,-0.5122,-0.5371,-0.5582,-0.5754,-0.5152,-0.5211,-0.5284,-0.5375,-0.5492,-0.5657,-0.5969,-0.678,-0.8488,-0.9161,-0.7591,-0.6293,-0.573,-0.5425,-0.4961,-0.4227,-0.3377,-0.2581,-0.1958,-0.1626,-0.1606,-0.1776,-0.2026,-0.2308,-0.2613,-0.2936,-0.3278,-0.3636,-0.4006,-0.438,-0.475,-0.5101,-0.542,-0.5696,-0.5922,-0.6096,-0.5483,-0.5649,-0.588,-0.6207,-0.6677,-0.7337,-0.821,-0.9459,-1.2512,-1.4048,-0.9506,-0.702,-0.6362,-0.6315,-0.5809,-0.4742,-0.3712,-0.3046,-0.2636,-0.2312,-0.2109,-0.2066,-0.2161,-0.2362,-0.2637,-0.2964,-0.3331,-0.3729,-0.4152,-0.4589,-0.5023,-0.5435,-0.5803,-0.6112,-0.6352,-0.6522,-0.5748,-0.5986,-0.6317,-0.6783,-0.7445,-0.8355,-0.9455,-1.0319,-1.1318,-1.199,-0.8827,-0.689,-0.6732,-0.7783,-0.699,-0.497,-0.3533,-0.3115,-0.2944,-0.2511,-0.2158,-0.2007,-0.2055,-0.226,-0.2566,-0.2938,-0.3358,-0.382,-0.432,-0.4845,-0.5373,-0.5871,-0.6307,-0.6655,-0.6903,-0.7056,-0.5932,-0.6204,-0.6573,-0.7081,-0.7787,-0.8755,-0.9974,-1.098,-1.0425,-0.9083,-0.7407,-0.6536,-0.6309,-0.8137,-0.7228,-0.4152,-0.2572,-0.3393,-0.3413,-0.2397,-0.1796,-0.1563,-0.1659,-0.1974,-0.2391,-0.2852,-0.3351,-0.3901,-0.451,-0.5164,-0.5829,-0.6453,-0.6981,-0.7374,-0.762,-0.7731,-0.6037,-0.6307,-0.6661,-0.7128,-0.7747,-0.8552,-0.9514,-1.0322,-0.9743,-0.7877,-0.6516,-0.6689,-0.6361,-0.0911,-0.3383,-0.1116,0.0982,-0.1496,-0.235,-0.1572,-0.078,-0.0509,-0.0873,-0.1497,-0.2124,-0.2709,-0.33,-0.3959,-0.4716,-0.5561,-0.6436,-0.7251,-0.7909,-0.8349,-0.8562,-0.8586,-0.6073,-0.6316,-0.6619,-0.6994,-0.7448,-0.7968,-0.846,-0.8627,-0.7951,-0.6657,-0.5696,-0.5179,-0.3139,0.0709,-0.1382,0.4258,1.1381,0.311,-0.0376,-0.007,0.1588,0.1722,0.0393,-0.0903,-0.1824,-0.2511,-0.3167,-0.3947,-0.4916,-0.6053,-0.7261,-0.8378,-0.9223,-0.9695,-0.9807,-0.9661,-0.6056,-0.6259,-0.6497,-0.6767,-0.7055,-0.7319,-0.746,-0.7305,-0.6706,-0.5811,-0.5081,-0.4979,-0.4524,-0.3044,-0.209,0.298,0.7949,0.2155,-0.074,0.1264,0.6368,0.5372,0.1691,-0.0491,-0.1584,-0.2206,-0.2832,-0.3755,-0.5049,-0.6653,-0.8408,-1.0018,-1.113,-1.157,-1.144,-1.0979,-0.6006,-0.6167,-0.6341,-0.6521,-0.6684,-0.6791,-0.6777,-0.6571,-0.6149,-0.5605,-0.5166,-0.5355,-0.7063,-0.7798,-0.4688,-0.2351,-0.1237,-0.3179,-0.4402,-0.0506,0.6796,0.5527,0.1415,-0.0672,-0.1396,-0.1551,-0.1978,-0.3166,-0.5024,-0.7367,-1.0008,-1.2435,-1.3907,-1.4134,-1.3489,-1.2497,-0.5938,-0.606,-0.6184,-0.6298,-0.6384,-0.6415,-0.6361,-0.62,-0.5952,-0.5703,-0.5619,-0.6065,-0.7846,-0.8308,-0.6811,-0.6255,-0.5573,-0.7935,-1.0947,-0.5595,-0.0619,0.0502,-0.0619,-0.136,-0.1006,0.0062,0.0043,-0.1941,-0.4817,-0.8179,-1.211,-1.582,-1.7702,-1.7329,-1.5771,-1.4032,-0.5865,-0.5956,-0.6042,-0.6113,-0.6158,-0.616,-0.6109,-0.6006,-0.5879,-0.5789,-0.584,-0.6173,-0.6807,-0.7405,-0.925,-1.0116,-0.7499,-0.8133,-0.9385,-0.6529,-0.431,-0.2932,-0.2582,-0.2169,-0.0448,0.3019,0.368,-0.058,-0.482,-0.9006,-1.4245,-1.9494,-2.167,-2.0315,-1.7673,-1.5208,-0.5792,-0.586,-0.592,-0.5966,-0.599,-0.5985,-0.595,-0.5892,-0.5835,-0.5819,-0.5897,-0.6125,-0.6537,-0.7312,-0.8957,-0.9435,-0.7589,-0.688,-0.6328,-0.6018,-0.5364,-0.4537,-0.4044,-0.3302,-0.133,0.3025,0.3953,-0.226,-0.5985,-0.9649,-1.5053,-2.0857,-2.3097,-2.1315,-1.8288,-1.5597,-0.5725,-0.5776,-0.582,-0.5851,-0.5865,-0.5862,-0.5842,-0.5814,-0.5794,-0.5808,-0.5886,-0.6056,-0.6355,-0.6841,-0.7433,-0.75,-0.6891,-0.6388,-0.6103,-0.5932,-0.5692,-0.5596,-0.5462,-0.4925,-0.4307,-0.4953,-0.9064,-0.8959,-0.8258,-0.9983,-1.3939,-1.8475,-2.0553,-1.955,-1.7286,-1.5063,-0.5666,-0.5705,-0.5737,-0.5759,-0.5771,-0.577,-0.5762,-0.5751,-0.5751,-0.5775,-0.584,-0.5962,-0.6151,-0.6394,-0.6599,-0.6595,-0.6374,-0.6135,-0.5987,-0.5952,-0.6184,-0.6863,-0.7075,-0.6436,-0.6581,-0.9348,-1.3583,-1.1934,-0.9682,-1.0012,-1.2245,-1.5026,-1.6658,-1.6537,-1.5356,-1.3905,-0.5613,-0.5644,-0.5669,-0.5687,-0.5697,-0.57,-0.5698,-0.5698,-0.5705,-0.573,-0.578,-0.5862,-0.5971,-0.6089,-0.6169,-0.6162,-0.6076,-0.5981,-0.5953,-0.6092,-0.6621,-0.7626,-0.7904,-0.7149,-0.7235,-0.8885,-1.0718,-1.0495,-0.9602,-0.9724,-1.0902,-1.2467,-1.3583,-1.3831,-1.3369,-1.2564,-0.5568,-0.5593,-0.5613,-0.5628,-0.5637,-0.5642,-0.5646,-0.565,-0.566,-0.5682,-0.5718,-0.5771,-0.5834,-0.5894,-0.5932,-0.5933,-0.5908,-0.5892,-0.5942,-0.6141,-0.6595,-0.7212,-0.7394,-0.7102,-0.7202,-0.7964,-0.8794,-0.9041,-0.8986,-0.9229,-0.9923,-1.0821,-1.1546,-1.1851,-1.1733,-1.1331]}]