docs/data/wind_grid.json
[{"header":{"la1":42.85,"la2":41.18,"lo1":11.55,"lo2":14.05,"nx":36,"ny":24,"dx":0.07143,"dy":0.07261,"parameterCategory":2,"parameterNumber":2,"parameterNumberName":"eastward_wind","parameterUnit":"m.s-1"},"data":[3.462,3.4565,3.446,3.4303,3.4098,3.3855,3.3584,3.3292,3.2981,3.2647,3.2285,3.1893,3.1467,3.1008,3.0517,3.0001,2.9471,2.8947,2.845,2.8002,2.7624,2.7338,2.7153,2.7058,2.7026,2.7024,2.7029,2.7026,2.7011,2.6984,2.6948,2.6906,2.6861,2.6816,2.6774,2.6736,3.4988,3.4952,3.4848,3.4673,3.4433,3.4147,3.3835,3.3509,3.317,3.281,3.242,3.1992,3.1524,3.1012,3.0455,2.9857,2.9234,2.8611,2.8019,2.7488,2.7042,2.6721,2.6552,2.6519,2.6566,2.6635,2.6691,2.6722,2.6728,2.6713,2.6684,2.6644,2.66,2.6556,2.6514,2.6477,3.5427,3.5426,3.5332,3.513,3.4834,3.4477,3.4102,3.3733,3.3368,3.2986,3.2567,3.2104,3.1592,3.1025,3.0395,2.97,2.8956,2.8203,2.7493,2.686,2.6317,2.5929,2.579,2.5874,2.6052,2.6221,2.634,2.6407,2.6432,2.6425,2.6398,2.6359,2.6315,2.627,2.6228,2.6192,3.596,3.6029,3.5963,3.5728,3.5335,3.4853,3.4371,3.3947,3.3567,3.317,3.2722,3.2222,3.167,3.1052,3.0346,2.9538,2.8634,2.7698,2.6844,2.6122,2.5454,2.4917,2.4829,2.5139,2.5519,2.5809,2.599,2.6086,2.6121,2.6116,2.6088,2.6047,2.6,2.5953,2.591,2.5876,3.6611,3.6818,3.6837,3.6568,3.6006,3.5289,3.4614,3.4117,3.3756,3.336,3.2872,3.2334,3.1751,3.1094,3.0323,2.9396,2.8282,2.7051,2.5986,2.5299,2.4594,2.3757,2.3767,2.4446,2.5051,2.5438,2.5654,2.5756,2.5789,2.5779,2.5744,2.5698,2.5647,2.5597,2.5554,2.5522,3.739,3.7873,3.8126,3.7867,3.7007,3.5838,3.4796,3.419,3.3944,3.3547,3.2975,3.2406,3.182,3.1148,3.0338,2.9323,2.7983,2.6265,2.47,2.431,2.4073,2.3216,2.3295,2.4101,2.4743,2.5128,2.5325,2.5406,2.542,2.5397,2.5354,2.5301,2.5246,2.5194,2.515,2.512,3.8249,3.9242,4.0106,4.0072,3.8652,3.6625,3.4966,3.4171,3.4124,3.3611,3.2922,3.2394,3.1863,3.1192,3.0361,2.9351,2.7959,2.5838,2.3481,2.342,2.3632,2.3401,2.3559,2.4059,2.4543,2.4837,2.4968,2.5001,2.4986,2.4949,2.4899,2.4843,2.4785,2.473,2.4687,2.4662,3.8986,4.0724,4.2971,4.3913,4.1262,3.7673,3.5249,3.4087,3.3757,3.307,3.253,3.2278,3.1901,3.1184,3.0224,2.9306,2.8286,2.6576,2.4532,2.3502,2.1698,2.1557,2.2881,2.38,2.4283,2.4474,2.4506,2.448,2.4443,2.4404,2.4359,2.4306,2.4248,2.4192,2.4151,2.4131,3.9216,4.1417,4.5347,4.8568,4.3457,3.8218,3.5342,3.3493,3.2121,3.135,3.1613,3.2119,3.2051,3.1099,2.9417,2.842,2.8462,2.7752,2.5953,2.2736,1.7165,1.8114,2.1849,2.3452,2.3909,2.3921,2.3821,2.3751,2.3731,2.3728,2.3712,2.3673,2.3618,2.3561,2.3521,2.351,3.8695,4.023,4.2659,4.4151,4.0182,3.7296,3.5121,3.2384,2.846,2.6995,2.9885,3.2127,3.2625,3.1327,2.7145,2.4826,2.8148,2.8894,2.7524,2.4225,1.9623,1.9855,2.2407,2.339,2.3325,2.2955,2.2705,2.2679,2.2782,2.2892,2.2944,2.293,2.2874,2.2811,2.277,2.2772,3.7767,3.8157,3.7583,3.4606,3.4744,3.6173,3.5616,3.2674,2.2855,1.7804,2.8269,3.2825,3.3988,3.3255,2.8614,2.5089,2.9373,3.043,2.9582,2.7477,2.5015,2.3964,2.3836,2.3218,2.2057,2.106,2.0781,2.1087,2.1549,2.1895,2.2055,2.2063,2.1989,2.1903,2.1857,2.1879,3.6975,3.688,3.5982,3.4221,3.4542,3.6467,3.7838,3.811,3.0672,2.4815,3.1112,3.4605,3.5823,3.6709,3.4614,3.2461,3.2292,3.2243,3.1597,2.9942,2.7934,2.62,2.4499,2.2132,1.916,1.7207,1.747,1.8851,2.0085,2.0803,2.107,2.1053,2.0913,2.0775,2.0718,2.0777,3.6488,3.6406,3.6052,3.5682,3.609,3.7495,3.9877,4.2926,3.9953,3.4992,3.52,3.6971,3.7263,3.698,3.546,3.4762,3.4066,3.3226,3.2892,3.1213,2.911,2.697,2.4304,1.9966,1.3637,0.9965,1.2478,1.6288,1.8685,1.9763,2.002,1.9851,1.9549,1.9313,1.9249,1.9384,3.6207,3.623,3.6207,3.6297,3.6766,3.781,3.9506,4.1301,4.0064,3.7295,3.7053,3.8972,3.9401,3.6237,3.5912,3.5324,3.5334,3.41,3.3032,3.1307,2.9014,2.6822,2.3985,1.8357,0.8168,0.2227,0.8436,1.4799,1.7912,1.8949,1.8881,1.8319,1.7701,1.7316,1.7286,1.7587,3.602,3.6113,3.6223,3.643,3.6832,3.7485,3.8292,3.8777,3.8265,3.7577,3.768,3.8048,3.7758,3.7908,3.6306,3.5601,3.8882,3.5723,3.323,3.0356,2.7091,2.5501,2.4047,1.9726,1.1595,0.6664,1.1032,1.5935,1.8129,1.8365,1.7477,1.6148,1.4994,1.4439,1.4577,1.5246,3.5866,3.5991,3.6141,3.6352,3.6653,3.7036,3.7406,3.7589,3.7566,3.7771,3.8512,3.8701,3.8189,3.7484,3.6802,3.6992,3.8162,3.5837,3.3111,2.8479,2.144,2.2163,2.4203,2.2617,1.8998,1.6608,1.7364,1.8783,1.8978,1.7743,1.5422,1.2746,1.074,1.0112,1.0788,1.2224,3.5722,3.5854,3.6007,3.6193,3.6419,3.6667,3.6896,3.7076,3.7276,3.7705,3.8373,3.8356,3.87,3.8801,3.7313,3.6758,3.6354,3.5411,3.388,2.9264,2.0697,2.2001,2.5168,2.506,2.3746,2.2757,2.231,2.158,1.9877,1.6771,1.2185,0.7121,0.3771,0.3527,0.561,0.8521,3.558,3.5709,3.5851,3.6012,3.6191,3.6379,3.6566,3.6756,3.6991,3.7315,3.7647,3.7908,3.8685,3.8827,3.7775,3.7312,3.6439,3.6038,3.6505,3.3385,2.8906,2.7318,2.7463,2.7083,2.6542,2.6455,2.5958,2.3998,2.0696,1.5472,0.7462,-0.1941,-0.7385,-0.5887,-0.0762,0.4536,3.5437,3.5558,3.5688,3.5828,3.5978,3.6135,3.6299,3.6476,3.668,3.6913,3.7149,3.7393,3.769,3.7884,3.8787,3.9278,3.7086,3.6369,3.664,3.6099,3.3416,3.1033,2.9682,2.8675,2.8215,2.9169,2.928,2.5977,2.1464,1.4505,0.2472,-1.3505,-2.1628,-1.6168,-0.6573,0.1374,3.5295,3.5406,3.5522,3.5645,3.5774,3.591,3.6052,3.6204,3.6369,3.6544,3.6718,3.6895,3.7096,3.7452,3.8408,3.8662,3.7097,3.6631,3.8322,3.9336,3.5634,3.3078,3.1423,2.988,2.8786,2.9534,2.9762,2.5981,2.1946,1.5046,0.1572,-1.8067,-2.7665,-1.9874,-0.8327,0.0526,3.5152,3.5252,3.5356,3.5464,3.5576,3.5692,3.5812,3.5937,3.6066,3.6196,3.6323,3.645,3.6597,3.6819,3.7104,3.7025,3.6496,3.6393,3.7241,3.7431,3.5767,3.4615,3.3515,3.1315,2.878,2.6706,2.4318,2.3903,2.2421,1.7609,0.7299,-0.769,-1.6147,-1.2376,-0.4409,0.2549,3.5008,3.5098,3.519,3.5284,3.5379,3.5477,3.5575,3.5674,3.5772,3.5866,3.5953,3.6034,3.6113,3.6193,3.6225,3.6106,3.5875,3.5785,3.5913,3.5903,3.6003,3.734,3.749,3.3747,2.9316,2.5378,2.2302,2.3225,2.3727,2.1428,1.5053,0.5908,-0.0507,-0.0894,0.2373,0.6385,3.4864,3.4944,3.5024,3.5104,3.5184,3.5264,3.5342,3.5417,3.5488,3.555,3.5602,3.5641,3.5664,3.5661,3.5609,3.5487,3.5328,3.5216,3.5212,3.5424,3.6535,3.9594,4.0618,3.566,3.0365,2.6579,2.459,2.4932,2.6277,2.5069,2.0515,1.4584,0.9909,0.81,0.8717,1.0515,3.4721,3.479,3.4858,3.4926,3.4991,3.5054,3.5114,3.5167,3.5213,3.5249,3.5271,3.5276,3.5258,3.5211,3.5124,3.4998,3.4854,3.4739,3.4726,3.4989,3.5932,3.7647,3.7823,3.4673,3.0767,2.7793,2.6134,2.591,2.6645,2.5799,2.2722,1.8897,1.5674,1.3858,1.3477,1.4071]},{"header":{"la1":42.85,"la2":41.18,"lo1":11.55,"lo2":14.05,"nx":36,"ny":24,"dx":0.07143,"dy":0.07261,"parameterCategory":2,"parameterNumber":3,"parameterNumberName":"northward_wind","parameterUnit":"m.s-1"},"data":[0.7946,0.7786,0.7598,0.7387,0.7162,0.6947,0.6779,0.6699,0.6735,0.6885,0.7111,0.7361,0.7583,0.7742,0.782,0.7814,0.7731,0.7585,0.7397,0.7195,0.7019,0.6921,0.6943,0.7097,0.7356,0.7674,0.8011,0.8338,0.8641,0.8913,0.9152,0.9358,0.9536,0.9687,0.9815,0.9923,0.7906,0.7716,0.7481,0.7196,0.6868,0.6526,0.6233,0.607,0.6106,0.6344,0.6715,0.7114,0.7456,0.7689,0.7796,0.7778,0.7648,0.7426,0.7136,0.681,0.6499,0.6299,0.6307,0.6544,0.6938,0.7395,0.785,0.8268,0.8637,0.8955,0.9225,0.9452,0.9642,0.98,0.9931,1.0038,0.7892,0.7678,0.7393,0.7018,0.6541,0.5988,0.5452,0.5104,0.5116,0.5519,0.6157,0.6813,0.7339,0.7678,0.782,0.7781,0.7585,0.726,0.6837,0.6329,0.5779,0.5368,0.5353,0.5772,0.6417,0.7094,0.7708,0.8235,0.8677,0.9041,0.934,0.9584,0.9782,0.9942,1.0071,1.0175,0.7916,0.7692,0.7372,0.6901,0.6226,0.5329,0.4317,0.353,0.3444,0.4194,0.5366,0.6467,0.7268,0.7741,0.792,0.7845,0.7552,0.7093,0.6517,0.5792,0.4819,0.3913,0.3879,0.4739,0.5841,0.6828,0.7634,0.8276,0.8786,0.919,0.951,0.9762,0.9961,1.0117,1.024,1.0335,0.7987,0.7785,0.7466,0.693,0.6037,0.4636,0.2713,0.0838,0.0411,0.2009,0.4311,0.6149,0.731,0.7926,0.8132,0.7999,0.7566,0.6908,0.6183,0.5354,0.3799,0.1764,0.1824,0.3648,0.5402,0.6722,0.7699,0.8435,0.8995,0.9422,0.9748,0.9996,1.0185,1.0329,1.0438,1.052,0.8104,0.7973,0.7735,0.7226,0.6183,0.4221,0.0846,-0.3575,-0.5119,-0.126,0.3259,0.6077,0.7574,0.8291,0.8501,0.8296,0.7675,0.6683,0.5708,0.5183,0.3621,0.055,0.0797,0.3378,0.5461,0.6926,0.7982,0.8759,0.9334,0.9757,1.0067,1.0294,1.046,1.0581,1.0668,1.0731,0.8244,0.8247,0.8219,0.7905,0.6886,0.4668,0.0195,-0.7538,-1.1215,-0.3541,0.3261,0.6599,0.816,0.8873,0.9076,0.8822,0.804,0.6657,0.5142,0.5054,0.4496,0.2997,0.2973,0.4528,0.6173,0.7509,0.8529,0.9285,0.9829,1.0212,1.0478,1.0661,1.0787,1.0872,1.093,1.0966,0.8348,0.8524,0.8901,0.9026,0.8057,0.6115,0.2688,-0.3001,-0.5497,0.0287,0.5351,0.7838,0.904,0.9655,0.9895,0.9677,0.8857,0.745,0.5966,0.5362,0.4459,0.4207,0.4852,0.5958,0.7244,0.842,0.936,1.0042,1.0504,1.0801,1.0986,1.1098,1.1165,1.1202,1.122,1.1223,0.8321,0.8564,0.9415,1.0296,0.8858,0.7522,0.6385,0.503,0.4994,0.6775,0.8379,0.9355,1.0003,1.0531,1.1004,1.0978,1.0057,0.8721,0.7275,0.545,0.2572,0.3103,0.5413,0.7094,0.8486,0.9652,1.0521,1.108,1.1389,1.1536,1.1591,1.16,1.1587,1.1564,1.1534,1.1501,0.8122,0.8054,0.8316,0.8577,0.7454,0.8038,0.9099,0.9921,1.0931,1.1412,1.0842,1.0605,1.0802,1.128,1.2353,1.2909,1.1247,0.9857,0.8523,0.6564,0.4042,0.4356,0.6559,0.8484,1.0108,1.1377,1.2159,1.2483,1.2515,1.2414,1.2279,1.2151,1.2041,1.1948,1.1867,1.1793,0.79,0.7306,0.5922,0.2815,0.3532,0.8124,1.1348,1.2985,1.3954,1.4443,1.2289,1.1343,1.1355,1.171,1.2464,1.3061,1.1567,1.0766,0.9971,0.8652,0.739,0.7346,0.8591,1.0475,1.2504,1.402,1.4578,1.4382,1.3895,1.3407,1.3014,1.2722,1.2507,1.2343,1.2211,1.2097,0.7901,0.7169,0.5606,0.3082,0.4142,0.9624,1.4209,1.658,1.5282,1.406,1.2392,1.1597,1.1761,1.2437,1.2174,1.1606,1.1428,1.213,1.1983,1.0369,0.9223,0.9187,1.0438,1.2999,1.629,1.8457,1.8276,1.6859,1.5453,1.442,1.3728,1.3271,1.2961,1.2737,1.256,1.2409,0.8178,0.7732,0.7071,0.6685,0.8182,1.1906,1.6345,1.9961,1.7758,1.3848,1.1947,1.1787,1.1919,1.2828,1.2342,1.0997,1.1254,1.4961,1.5004,1.1187,0.9569,0.9629,1.1499,1.5773,2.2237,2.5975,2.3485,1.9585,1.6882,1.5274,1.4326,1.3752,1.3384,1.3123,1.2915,1.273,0.8572,0.8456,0.8445,0.8876,1.0234,1.2604,1.5544,1.8022,1.6613,1.27,1.0956,1.2208,1.2703,1.043,1.0586,1.0422,1.0123,1.2084,1.2547,0.9907,0.8211,0.8425,1.1137,1.7284,2.7772,3.3689,2.7603,2.1197,1.7627,1.575,1.4727,1.4141,1.3775,1.351,1.3283,1.3067,0.8922,0.8997,0.9227,0.9761,1.0723,1.2055,1.3422,1.403,1.2698,1.0047,0.8364,0.8898,0.9381,0.8255,0.9618,1.0072,0.6316,0.8661,0.8944,0.6876,0.4071,0.4567,0.8732,1.5326,2.4387,2.9416,2.5246,2.0264,1.7346,1.578,1.4931,1.4459,1.4165,1.3928,1.3688,1.3433,0.916,0.9302,0.9558,0.9975,1.0551,1.1176,1.1581,1.1314,0.9912,0.7164,0.3058,0.592,0.7209,0.8222,0.8637,0.813,0.6678,0.7751,0.7248,0.325,-0.5019,-0.2662,0.5335,1.1812,1.7326,2.0318,1.9742,1.7938,1.6484,1.5561,1.5046,1.4792,1.4633,1.4438,1.4165,1.384,0.9292,0.943,0.9633,0.99,1.0193,1.0411,1.0377,0.9857,0.8624,0.6432,0.3531,0.527,0.6155,0.6145,0.7508,0.7753,0.7749,0.7883,0.7284,0.3251,-0.6377,-0.3651,0.4519,1.0022,1.3809,1.5977,1.6605,1.6339,1.5815,1.5396,1.523,1.5272,1.5304,1.5126,1.4749,1.4291,0.9345,0.9452,0.9587,0.9732,0.9847,0.9861,0.9672,0.9177,0.8318,0.7182,0.6306,0.6333,0.5998,0.5852,0.6325,0.6415,0.7375,0.8364,0.8953,0.6916,0.3437,0.3397,0.6656,1.0236,1.3354,1.557,1.6376,1.6126,1.5671,1.5425,1.5564,1.6026,1.6322,1.6053,1.5424,1.4748,0.9349,0.9421,0.9497,0.9559,0.9574,0.95,0.9284,0.8891,0.8334,0.7717,0.7236,0.6962,0.6657,0.613,0.4086,0.314,0.6512,0.8449,0.9203,0.9277,0.7852,0.7319,0.8601,1.107,1.4252,1.7446,1.8166,1.679,1.585,1.554,1.594,1.6976,1.7593,1.7038,1.602,1.5098,0.9329,0.937,0.9403,0.9413,0.9378,0.9273,0.9076,0.8778,0.8402,0.8005,0.7653,0.7347,0.6975,0.6223,0.4503,0.4035,0.6569,0.8622,1.0877,1.1808,0.9481,0.8596,0.9274,1.1325,1.4504,1.794,1.865,1.7049,1.5959,1.5526,1.5997,1.7345,1.8129,1.739,1.6199,1.5194,0.9299,0.9317,0.9321,0.9302,0.9245,0.9137,0.8968,0.8741,0.847,0.8185,0.7908,0.7632,0.7301,0.682,0.6262,0.6334,0.7361,0.8656,1.0014,1.035,0.9071,0.806,0.8362,1.0443,1.3621,1.6494,1.7961,1.7295,1.5875,1.5225,1.5496,1.6468,1.7096,1.6672,1.5802,1.4979,0.9269,0.927,0.9257,0.9222,0.9158,0.9058,0.8917,0.874,0.8536,0.8321,0.8104,0.7884,0.7651,0.7408,0.7254,0.7389,0.7869,0.8488,0.8956,0.8807,0.7609,0.5543,0.5166,0.833,1.2405,1.6103,1.8848,1.7454,1.5137,1.4504,1.4706,1.5251,1.5652,1.5551,1.51,1.456,0.9243,0.9233,0.921,0.917,0.9106,0.9017,0.8901,0.8761,0.8604,0.8439,0.8273,0.8112,0.796,0.7841,0.7804,0.7906,0.8141,0.8394,0.8464,0.8021,0.6489,0.344,0.2518,0.6624,1.1091,1.4393,1.6052,1.5089,1.3506,1.3599,1.401,1.4376,1.4621,1.4628,1.4416,1.4091,0.9223,0.9207,0.9179,0.9138,0.9079,0.9002,0.8906,0.8795,0.8674,0.8548,0.8424,0.8309,0.8213,0.8151,0.8146,0.821,0.8321,0.8405,0.8329,0.7879,0.6754,0.5064,0.4817,0.7325,1.0449,1.2807,1.3959,1.3803,1.3262,1.3369,1.3638,1.3844,1.3969,1.3977,1.3862,1.366]}]