docs/data/wind_grid.json
{"header": {"la1":42.1,"la2":41.55,"lo1":12.1,"lo2":12.95,"nx":50,"ny":50,"dx":0.01735,"dy":0.01122,"parameterCategory":2,"parameterNumber":2,"parameterNumberName":"eastward_wind","parameterUnit":"m.s-1"}, "data":
[rows 0 to 45 of 50, columns 0 to 49 of 50]
1.6042,1.6014,1.5985,1.5953,1.5918,1.5881,1.5842,1.5801,1.5758,1.5713,1.5668,1.5624,1.558,1.5539,1.5501,1.5469,1.5443,1.5426,1.5419,1.5423,1.544,1.5472,1.5518,1.558,1.5658,1.5751,1.5859,1.5979,1.6109,1.6247,1.639,1.6534,1.6677,1.6815,1.6945,1.7064,1.7169,1.726,1.7334,1.7393,1.7435,1.7463,1.7478,1.7482,1.7478,1.7467,1.7452,1.7432,1.7411,1.7388
1.6048,1.602,1.599,1.5956,1.592,1.5881,1.584,1.5796,1.5749,1.5701,1.5652,1.5603,1.5555,1.5509,1.5466,1.5428,1.5398,1.5376,1.5365,1.5366,1.5381,1.5411,1.5458,1.5523,1.5605,1.5703,1.5818,1.5946,1.6086,1.6234,1.6387,1.6542,1.6695,1.6843,1.6981,1.7107,1.7219,1.7313,1.739,1.7449,1.7491,1.7516,1.7528,1.7529,1.7521,1.7507,1.7488,1.7465,1.744,1.7415
1.6056,1.6027,1.5996,1.5962,1.5924,1.5883,1.5839,1.5792,1.5743,1.5691,1.5638,1.5584,1.553,1.5478,1.543,1.5387,1.535,1.5323,1.5307,1.5305,1.5317,1.5347,1.5394,1.5461,1.5547,1.5651,1.5773,1.591,1.606,1.622,1.6384,1.6551,1.6714,1.6872,1.7019,1.7153,1.727,1.7369,1.7448,1.7507,1.7548,1.7571,1.758,1.7577,1.7565,1.7546,1.7523,1.7497,1.7469,1.7441
1.6065,1.6036,1.6004,1.5969,1.593,1.5887,1.5841,1.5791,1.5738,1.5682,1.5624,1.5565,1.5506,1.5448,1.5393,1.5343,1.5301,1.5268,1.5247,1.524,1.525,1.5277,1.5325,1.5394,1.5484,1.5595,1.5725,1.5872,1.6033,1.6204,1.6381,1.6559,1.6734,1.6902,1.7059,1.72,1.7323,1.7426,1.7508,1.7567,1.7606,1.7626,1.7631,1.7624,1.7607,1.7585,1.7558,1.7528,1.7497,1.7466
1.6076,1.6047,1.6014,1.5978,1.5937,1.5893,1.5844,1.5792,1.5735,1.5675,1.5612,1.5548,1.5482,1.5418,1.5356,1.5299,1.525,1.521,1.5183,1.5171,1.5177,1.5203,1.5251,1.5322,1.5416,1.5533,1.5672,1.583,1.6003,1.6187,1.6377,1.6568,1.6755,1.6934,1.7099,1.7248,1.7377,1.7484,1.7567,1.7627,1.7663,1.7681,1.7681,1.767,1.7649,1.7622,1.7591,1.7558,1.7524,1.749
1.6089,1.6059,1.6026,1.5989,1.5947,1.5901,1.5851,1.5795,1.5735,1.5671,1.5603,1.5532,1.546,1.5388,1.5319,1.5254,1.5197,1.515,1.5116,1.5099,1.51,1.5124,1.5171,1.5244,1.5343,1.5468,1.5616,1.5786,1.5972,1.617,1.6373,1.6578,1.6777,1.6966,1.7141,1.7297,1.7432,1.7542,1.7627,1.7685,1.772,1.7733,1.773,1.7714,1.7688,1.7657,1.7622,1.7586,1.7549,1.7512
1.6103,1.6074,1.604,1.6003,1.596,1.5912,1.586,1.5801,1.5737,1.5669,1.5595,1.5518,1.5439,1.536,1.5282,1.5209,1.5143,1.5087,1.5046,1.5022,1.5019,1.5039,1.5086,1.5161,1.5264,1.5397,1.5556,1.5738,1.5938,1.6151,1.637,1.6588,1.6799,1.6999,1.7183,1.7346,1.7485,1.7599,1.7684,1.7742,1.7774,1.7784,1.7776,1.7755,1.7725,1.769,1.7651,1.7612,1.7572,1.7533
1.612,1.609,1.6057,1.6019,1.5975,1.5927,1.5872,1.5811,1.5743,1.567,1.5591,1.5508,1.5421,1.5333,1.5246,1.5163,1.5087,1.5023,1.4973,1.4942,1.4933,1.495,1.4995,1.5072,1.518,1.5321,1.5491,1.5687,1.5903,1.6132,1.6367,1.6599,1.6823,1.7033,1.7224,1.7393,1.7537,1.7652,1.7738,1.7795,1.7824,1.783,1.7818,1.7792,1.7759,1.772,1.7678,1.7636,1.7593,1.7552
1.6138,1.6109,1.6076,1.6038,1.5994,1.5944,1.5887,1.5824,1.5753,1.5675,1.559,1.55,1.5405,1.5308,1.5211,1.5118,1.5031,1.4956,1.4897,1.4858,1.4842,1.4855,1.4899,1.4977,1.5091,1.524,1.5423,1.5634,1.5867,1.6114,1.6365,1.6613,1.6849,1.7068,1.7266,1.7439,1.7585,1.7702,1.7787,1.7842,1.7868,1.787,1.7854,1.7825,1.7788,1.7746,1.7701,1.7657,1.7612,1.7569
1.6159,1.6131,1.6098,1.606,1.6016,1.5965,1.5907,1.5841,1.5766,1.5684,1.5593,1.5496,1.5392,1.5286,1.5178,1.5073,1.4975,1.4888,1.4819,1.477,1.4748,1.4756,1.4798,1.4877,1.4996,1.5155,1.5351,1.5579,1.583,1.6096,1.6366,1.6629,1.6877,1.7105,1.7307,1.7483,1.7629,1.7745,1.7829,1.7881,1.7905,1.7904,1.7884,1.7852,1.7812,1.7768,1.7721,1.7675,1.7629,1.7584
1.6181,1.6154,1.6123,1.6085,1.6041,1.599,1.593,1.5862,1.5785,1.5698,1.5601,1.5496,1.5384,1.5267,1.5147,1.5029,1.4919,1.482,1.4738,1.468,1.465,1.4652,1.4692,1.4772,1.4897,1.5066,1.5276,1.5522,1.5795,1.6082,1.6371,1.665,1.691,1.7144,1.7349,1.7524,1.7667,1.778,1.7861,1.7911,1.7932,1.7929,1.7907,1.7873,1.7832,1.7786,1.7738,1.769,1.7643,1.7597
1.6206,1.6181,1.615,1.6114,1.607,1.6019,1.5959,1.5889,1.5809,1.5717,1.5615,1.5502,1.5381,1.5252,1.512,1.4988,1.4863,1.4751,1.4657,1.4589,1.455,1.4547,1.4583,1.4664,1.4794,1.4973,1.5199,1.5465,1.5761,1.6071,1.6381,1.6678,1.6949,1.7188,1.7393,1.7563,1.7701,1.7808,1.7884,1.793,1.7949,1.7945,1.7922,1.7888,1.7845,1.7799,1.775,1.7702,1.7654,1.7608
1.6233,1.621,1.6181,1.6146,1.6104,1.6053,1.5992,1.5921,1.5838,1.5743,1.5635,1.5515,1.5383,1.5243,1.5097,1.4951,1.481,1.4683,1.4576,1.4497,1.445,1.4441,1.4473,1.4554,1.4688,1.4878,1.5121,1.541,1.573,1.6067,1.64,1.6714,1.6997,1.7239,1.7441,1.7603,1.7731,1.7828,1.7897,1.7939,1.7956,1.7951,1.7929,1.7895,1.7854,1.7808,1.7759,1.7711,1.7663,1.7616
1.6263,1.6241,1.6215,1.6182,1.6141,1.6092,1.6032,1.596,1.5875,1.5776,1.5662,1.5534,1.5393,1.524,1.5079,1.4917,1.476,1.4616,1.4496,1.4406,1.4352,1.4337,1.4366,1.4445,1.4583,1.4783,1.5044,1.5356,1.5705,1.6071,1.643,1.6764,1.7057,1.7302,1.7497,1.7647,1.776,1.7844,1.7902,1.7939,1.7954,1.7949,1.7929,1.7897,1.7857,1.7812,1.7765,1.7717,1.7669,1.7623
1.6295,1.6276,1.6252,1.6222,1.6183,1.6136,1.6077,1.6005,1.5919,1.5817,1.5698,1.5563,1.5411,1.5245,1.5069,1.4889,1.4714,1.4553,1.4419,1.432,1.4261,1.4242,1.4266,1.4341,1.448,1.4689,1.4969,1.5308,1.5688,1.6086,1.6475,1.6831,1.7136,1.7382,1.7568,1.7702,1.7795,1.786,1.7905,1.7933,1.7945,1.7942,1.7924,1.7894,1.7857,1.7814,1.7768,1.7721,1.7673,1.7627
1.6329,1.6313,1.6293,1.6265,1.623,1.6185,1.6129,1.6058,1.5971,1.5867,1.5744,1.5601,1.5439,1.526,1.5068,1.4869,1.4673,1.4494,1.4346,1.424,1.418,1.4161,1.4179,1.4247,1.4383,1.46,1.4898,1.5265,1.5681,1.6115,1.6538,1.6919,1.7238,1.7484,1.7659,1.7773,1.7843,1.7884,1.7911,1.7928,1.7936,1.7932,1.7916,1.7889,1.7854,1.7813,1.7768,1.7722,1.7676,1.763
1.6365,1.6353,1.6336,1.6313,1.6282,1.6241,1.6187,1.6118,1.6032,1.5927,1.58,1.565,1.5478,1.5286,1.5076,1.4857,1.464,1.444,1.4278,1.4168,1.4115,1.4103,1.4114,1.4166,1.4294,1.4516,1.4833,1.5232,1.5686,1.6162,1.6623,1.7033,1.7368,1.7616,1.7779,1.787,1.7911,1.7924,1.7928,1.793,1.793,1.7923,1.7908,1.7883,1.7849,1.781,1.7767,1.7722,1.7676,1.7631
1.6403,1.6396,1.6383,1.6365,1.6339,1.6302,1.6253,1.6188,1.6103,1.5997,1.5867,1.5712,1.5531,1.5325,1.5098,1.4858,1.4616,1.4393,1.4214,1.4104,1.407,1.4076,1.4078,1.4103,1.4213,1.4439,1.4777,1.5208,1.5705,1.6228,1.6733,1.7179,1.7533,1.7784,1.7934,1.8,1.8008,1.7989,1.7964,1.7946,1.7933,1.7921,1.7903,1.7878,1.7845,1.7807,1.7765,1.772,1.7676,1.7631
1.6443,1.6441,1.6434,1.6421,1.6401,1.637,1.6326,1.6266,1.6184,1.6079,1.5948,1.5787,1.5598,1.5379,1.5135,1.4872,1.4603,1.4351,1.4151,1.4041,1.4037,1.4081,1.4069,1.405,1.4138,1.4367,1.4728,1.5197,1.5741,1.6317,1.6873,1.7358,1.7737,1.7992,1.8128,1.8167,1.814,1.8083,1.8025,1.7981,1.7951,1.7927,1.7904,1.7875,1.7842,1.7804,1.7762,1.7718,1.7674,1.763
1.6485,1.6488,1.6487,1.6481,1.6467,1.6444,1.6407,1.6353,1.6277,1.6174,1.6042,1.5878,1.568,1.545,1.519,1.4903,1.4604,1.4318,1.4085,1.3961,1.3985,1.4084,1.4055,1.3984,1.4056,1.4298,1.4688,1.5199,1.5795,1.6429,1.7042,1.7573,1.7979,1.8241,1.8363,1.8371,1.8306,1.8208,1.8112,1.8036,1.7983,1.7945,1.7911,1.7878,1.7841,1.7801,1.7759,1.7715,1.7671,1.7627
1.6528,1.6537,1.6543,1.6544,1.6539,1.6524,1.6496,1.645,1.638,1.6282,1.6151,1.5984,1.578,1.554,1.5264,1.4955,1.4623,1.4294,1.4011,1.3839,1.3842,1.3967,1.3933,1.3854,1.395,1.4228,1.4657,1.5214,1.5866,1.6563,1.7238,1.782,1.8258,1.8526,1.8632,1.8608,1.85,1.8358,1.8221,1.811,1.803,1.7972,1.7926,1.7884,1.7843,1.78,1.7757,1.7712,1.7668,1.7624
1.6573,1.6587,1.6601,1.661,1.6615,1.661,1.6593,1.6557,1.6497,1.6404,1.6275,1.6106,1.5897,1.5648,1.536,1.5031,1.4666,1.4286,1.3932,1.3659,1.3528,1.3543,1.3561,1.3616,1.3812,1.4155,1.4636,1.5244,1.5954,1.6715,1.7454,1.8091,1.856,1.8835,1.8922,1.8863,1.8711,1.8523,1.8344,1.8197,1.8088,1.8008,1.7946,1.7894,1.7846,1.78,1.7754,1.7709,1.7664,1.762
1.6618,1.6639,1.666,1.6679,1.6694,1.6702,1.6697,1.6674,1.6625,1.6542,1.6416,1.6246,1.6031,1.5775,1.5478,1.5135,1.474,1.4305,1.3862,1.3449,1.3087,1.2861,1.2985,1.3299,1.3657,1.4088,1.4628,1.5288,1.6053,1.6876,1.7679,1.8368,1.8869,1.9146,1.9213,1.9117,1.8921,1.8689,1.847,1.8289,1.8151,1.8048,1.797,1.7907,1.7852,1.7801,1.7753,1.7706,1.766,1.7616
1.6663,1.6691,1.6721,1.675,1.6777,1.6798,1.6809,1.6802,1.6767,1.6695,1.6575,1.6402,1.618,1.5917,1.5616,1.5266,1.4851,1.4366,1.3832,1.3275,1.2712,1.2322,1.2511,1.302,1.3523,1.4042,1.4638,1.5345,1.6159,1.7036,1.7894,1.8629,1.9155,1.9433,1.9477,1.9346,1.9111,1.8841,1.8588,1.8377,1.8213,1.809,1.7996,1.7921,1.7858,1.7802,1.775,1.7702,1.7655,1.761
1.6708,1.6744,1.6782,1.6822,1.6862,1.6898,1.6926,1.6938,1.6923,1.6865,1.6752,1.6575,1.6342,1.6069,1.5767,1.5423,1.5003,1.4482,1.3872,1.3209,1.2552,1.2142,1.2329,1.2878,1.3454,1.4033,1.4673,1.5415,1.6264,1.7181,1.8078,1.8846,1.9389,1.9663,1.9687,1.9527,1.9262,1.8965,1.8687,1.8452,1.8268,1.8127,1.802,1.7934,1.7864,1.7803,1.7748,1.7697,1.7649,1.7604
1.6752,1.6795,1.6843,1.6894,1.6947,1.7001,1.7049,1.7083,1.7091,1.7053,1.6949,1.6767,1.6514,1.6223,1.5922,1.5596,1.5193,1.4662,1.4005,1.3285,1.2621,1.2255,1.2406,1.2899,1.3474,1.4073,1.4735,1.5495,1.6362,1.7296,1.8212,1.8995,1.9542,1.981,1.982,1.9643,1.9362,1.9051,1.8759,1.851,1.8312,1.8158,1.8039,1.7945,1.7868,1.7802,1.7744,1.7691,1.7643,1.7597
1.6794,1.6845,1.6902,1.6964,1.7032,1.7104,1.7174,1.7235,1.7271,1.726,1.7171,1.698,1.6694,1.6369,1.6062,1.5768,1.5407,1.4897,1.423,1.3501,1.287,1.2546,1.2647,1.3053,1.358,1.4165,1.4824,1.5582,1.6444,1.7373,1.8282,1.9058,1.9598,1.9859,1.9865,1.9685,1.9405,1.9093,1.8799,1.8547,1.8341,1.8179,1.8052,1.7952,1.7869,1.78,1.7739,1.7685,1.7635,1.7589
1.6834,1.6892,1.6958,1.7032,1.7114,1.7204,1.7299,1.739,1.7462,1.7486,1.7421,1.7221,1.6884,1.6495,1.6167,1.5913,1.562,1.5162,1.4523,1.3818,1.323,1.293,1.298,1.3295,1.3754,1.4301,1.4935,1.5671,1.6508,1.7406,1.8284,1.9033,1.9556,1.9812,1.9822,1.9655,1.9389,1.9092,1.8808,1.8559,1.8354,1.8189,1.8058,1.7953,1.7867,1.7794,1.7732,1.7676,1.7626,1.758
1.6872,1.6937,1.7011,1.7095,1.7192,1.73,1.7419,1.7543,1.7656,1.7728,1.7702,1.7499,1.7091,1.6595,1.622,1.6008,1.5799,1.542,1.4838,1.4183,1.364,1.335,1.3351,1.3585,1.3973,1.4468,1.5061,1.5758,1.655,1.7398,1.8225,1.8931,1.9429,1.968,1.9703,1.9561,1.9323,1.9051,1.8785,1.8549,1.835,1.8187,1.8055,1.7948,1.786,1.7786,1.7722,1.7666,1.7615,1.7569
1.6907,1.6977,1.7058,1.7153,1.7262,1.7388,1.7531,1.7688,1.7847,1.7977,1.801,1.7826,1.7331,1.6672,1.621,1.6037,1.592,1.5631,1.5129,1.4542,1.4047,1.3764,1.3724,1.3891,1.4212,1.465,1.5194,1.584,1.6574,1.7357,1.8119,1.8772,1.9239,1.9485,1.9528,1.9417,1.9215,1.8975,1.8736,1.8517,1.8329,1.8172,1.8043,1.7937,1.7849,1.7775,1.7711,1.7654,1.7603,1.7557
1.6937,1.7012,1.71,1.7203,1.7323,1.7464,1.7628,1.7816,1.802,1.8214,1.8326,1.8195,1.7622,1.675,1.6161,1.6016,1.5979,1.5777,1.5364,1.4857,1.4415,1.4144,1.4076,1.419,1.4453,1.4835,1.5325,1.5913,1.6582,1.7293,1.7983,1.8577,1.9011,1.9253,1.9315,1.924,1.9077,1.8874,1.8664,1.8468,1.8294,1.8147,1.8023,1.792,1.7833,1.776,1.7696,1.764,1.759,1.7544
1.6963,1.7043,1.7135,1.7245,1.7374,1.7526,1.7707,1.7919,1.816,1.8412,1.8607,1.8559,1.7954,1.6871,1.6137,1.5991,1.6001,1.5866,1.5537,1.5112,1.4728,1.4477,1.4393,1.4469,1.4683,1.5015,1.545,1.5978,1.6579,1.7215,1.7833,1.8368,1.8767,1.9003,1.9085,1.9043,1.8919,1.8754,1.8575,1.8403,1.8247,1.8111,1.7995,1.7897,1.7813,1.7741,1.7679,1.7624,1.7574,1.753
1.6985,1.7067,1.7163,1.7277,1.7411,1.7571,1.7762,1.7989,1.8253,1.8542,1.8795,1.882,1.824,1.7059,1.6217,1.6023,1.6025,1.5922,1.5659,1.5311,1.4985,1.476,1.4671,1.4721,1.4896,1.5182,1.5566,1.6035,1.6568,1.7132,1.768,1.8158,1.8523,1.8753,1.885,1.8838,1.8752,1.8622,1.8474,1.8327,1.819,1.8067,1.796,1.7868,1.7788,1.7719,1.7659,1.7605,1.7557,1.7514
1.7002,1.7085,1.7183,1.7299,1.7435,1.7597,1.7791,1.8021,1.829,1.8584,1.8845,1.8889,1.8363,1.726,1.6405,1.6129,1.6073,1.597,1.5752,1.5466,1.5193,1.4997,1.4911,1.4943,1.5087,1.5333,1.567,1.6084,1.6554,1.705,1.7533,1.7959,1.8292,1.8512,1.8621,1.8635,1.8581,1.8484,1.8366,1.8243,1.8125,1.8016,1.7919,1.7834,1.7759,1.7694,1.7636,1.7585,1.7539,1.7497
1.7014,1.7098,1.7195,1.731,1.7446,1.7605,1.7795,1.8017,1.827,1.854,1.8762,1.8773,1.8306,1.7391,1.662,1.6277,1.6148,1.6022,1.5829,1.5591,1.5362,1.5194,1.5115,1.5137,1.5257,1.5469,1.5763,1.6126,1.6538,1.6973,1.7398,1.7776,1.8079,1.8289,1.8405,1.8441,1.8414,1.8346,1.8254,1.8154,1.8054,1.796,1.7873,1.7796,1.7727,1.7666,1.7612,1.7563,1.7518,1.7478
1.7021,1.7104,1.72,1.7312,1.7443,1.7596,1.7774,1.7979,1.8204,1.8428,1.8589,1.855,1.8146,1.7434,1.6789,1.6422,1.6234,1.6082,1.59,1.5696,1.5503,1.5359,1.5289,1.5305,1.5406,1.5589,1.5845,1.6162,1.6523,1.6904,1.7277,1.7612,1.7887,1.8086,1.8206,1.8257,1.8253,1.821,1.8142,1.8063,1.798,1.79,1.7824,1.7755,1.7692,1.7636,1.7585,1.7539,1.7497,1.7458
1.7023,1.7104,1.7197,1.7305,1.7429,1.7572,1.7735,1.7915,1.8105,1.8277,1.8376,1.83,1.796,1.7415,1.6892,1.6537,1.6316,1.6143,1.5968,1.5787,1.5622,1.5499,1.5438,1.545,1.5536,1.5695,1.5918,1.6195,1.6509,1.6842,1.717,1.7468,1.7716,1.7903,1.8025,1.8088,1.8102,1.8079,1.8032,1.7971,1.7905,1.7837,1.7772,1.7711,1.7655,1.7603,1.7556,1.7514,1.7474,1.7438
1.7022,1.7099,1.7188,1.729,1.7405,1.7535,1.768,1.7834,1.7986,1.811,1.8159,1.8064,1.7781,1.7361,1.694,1.6616,1.6385,1.6201,1.6031,1.5868,1.5724,1.5618,1.5566,1.5575,1.565,1.5788,1.5982,1.6223,1.6498,1.6789,1.7077,1.7342,1.7567,1.7742,1.7863,1.7933,1.7961,1.7955,1.7925,1.7881,1.7829,1.7774,1.7718,1.7666,1.7616,1.7569,1.7527,1.7487,1.745,1.7416
1.7016,1.709,1.7173,1.7268,1.7373,1.7489,1.7614,1.7742,1.786,1.7944,1.7957,1.7857,1.7622,1.7292,1.6951,1.6663,1.6438,1.6253,1.6089,1.594,1.5813,1.5722,1.5676,1.5684,1.5749,1.5869,1.6038,1.6249,1.6489,1.6744,1.6997,1.7233,1.7437,1.76,1.7718,1.7793,1.7831,1.7839,1.7824,1.7793,1.7754,1.771,1.7664,1.7619,1.7575,1.7534,1.7496,1.7459,1.7426,1.7394
1.7007,1.7076,1.7154,1.724,1.7335,1.7437,1.7543,1.7646,1.7734,1.7787,1.7778,1.7679,1.7483,1.7219,1.6939,1.6686,1.6475,1.6298,1.6142,1.6005,1.5892,1.5812,1.5772,1.5779,1.5836,1.594,1.6088,1.6272,1.6482,1.6706,1.693,1.7139,1.7324,1.7475,1.7589,1.7667,1.7713,1.7731,1.7727,1.7709,1.7681,1.7647,1.761,1.7572,1.7535,1.7498,1.7464,1.7431,1.74,1.7371
1.6995,1.7059,1.7131,1.7209,1.7293,1.7381,1.7469,1.7551,1.7615,1.7645,1.7621,1.7528,1.7363,1.7146,1.6913,1.6694,1.6501,1.6334,1.6188,1.6063,1.5962,1.589,1.5856,1.5862,1.5912,1.6003,1.6133,1.6294,1.6478,1.6674,1.6872,1.7059,1.7226,1.7366,1.7476,1.7555,1.7605,1.7631,1.7637,1.7629,1.7611,1.7585,1.7556,1.7525,1.7493,1.7462,1.7432,1.7402,1.7374,1.7347
1.698,1.704,1.7105,1.7175,1.7248,1.7323,1.7396,1.7459,1.7504,1.7517,1.7485,1.7398,1.7258,1.7078,1.6881,1.669,1.6517,1.6363,1.6228,1.6114,1.6023,1.596,1.5929,1.5935,1.5979,1.6059,1.6172,1.6314,1.6475,1.6648,1.6823,1.6991,1.7142,1.7271,1.7376,1.7454,1.7507,1.7539,1.7553,1.7554,1.7543,1.7526,1.7504,1.7479,1.7452,1.7426,1.7399,1.7373,1.7348,1.7324
1.6963,1.7018,1.7077,1.7139,1.7202,1.7265,1.7324,1.7372,1.7402,1.7403,1.7367,1.7288,1.7167,1.7014,1.6847,1.6681,1.6525,1.6386,1.6263,1.6159,1.6077,1.6021,1.5994,1.5999,1.6037,1.6108,1.6208,1.6332,1.6474,1.6627,1.6782,1.6932,1.7069,1.7189,1.7288,1.7364,1.742,1.7456,1.7476,1.7483,1.7479,1.7468,1.7453,1.7433,1.7412,1.739,1.7367,1.7344,1.7322,1.73
1.6945,1.6995,1.7047,1.7102,1.7156,1.7209,1.7256,1.7291,1.7309,1.7303,1.7265,1.7192,1.7087,1.6957,1.6813,1.6668,1.653,1.6403,1.6292,1.6199,1.6125,1.6075,1.6051,1.6056,1.609,1.6152,1.6239,1.6349,1.6474,1.661,1.6748,1.6882,1.7007,1.7117,1.721,1.7285,1.7341,1.738,1.7404,1.7416,1.7419,1.7414,1.7403,1.7389,1.7372,1.7354,1.7335,1.7315,1.7295,1.7276
1.6926,1.6971,1.7017,1.7065,1.7111,1.7154,1.7191,1.7217,1.7226,1.7214,1.7176,1.711,1.7017,1.6904,1.678,1.6653,1.6531,1.6418,1.6318,1.6233,1.6167,1.6123,1.6102,1.6106,1.6136,1.619,1.6268,1.6365,1.6476,1.6596,1.6719,1.684,1.6953,1.7055,1.7142,1.7214,1.7269,1.731,1.7338,1.7355,1.7362,1.7362,1.7356,1.7346,1.7333,1.7319,1.7303,1.7286,1.7269,1.7252
1.6906,1.6946,1.6987,1.7028,1.7067,1.7103,1.7131,1.7149,1.7152,1.7136,1.7098,1.7038,1.6956,1.6858,1.6749,1.6638,1.653,1.6429,1.6339,1.6263,1.6205,1.6165,1.6146,1.615,1.6177,1.6225,1.6294,1.6379,1.6478,1.6585,1.6695,1.6804,1.6907,1.7001,1.7082,1.7151,1.7206,1.7248,1.7278,1.7297,1.7308,1.7312,1.7311,1.7305,1.7296,1.7284,1.7272,1.7258,1.7243,1.7228
