docs/data/wind_grid.json
{"header": {"la1":42.1,"la2":41.55,"lo1":12.1,"lo2":12.95,"nx":50,"ny":50,"dx":0.01735,"dy":0.01122,"parameterCategory":2,"parameterNumber":2,"parameterNumberName":"eastward_wind","parameterUnit":"m.s-1"}, "data":
[rows 0 to 45 of 50, columns 0 to 49 of 50]
1.3344,1.2496,1.1731,1.1187,1.0974,1.1107,1.1502,1.2018,1.2526,1.2946,1.3243,1.3418,1.3484,1.3461,1.3366,1.3212,1.301,1.2772,1.251,1.2244,1.2002,1.1822,1.1742,1.1791,1.198,1.2299,1.2728,1.324,1.3815,1.4436,1.5092,1.5774,1.6476,1.7188,1.7901,1.8598,1.9262,1.987,2.0401,2.0836,2.1164,2.1383,2.1499,2.1527,2.1484,2.1389,2.1259,2.1106,2.0943,2.0776
1.3638,1.2741,1.1924,1.1341,1.111,1.124,1.1634,1.2145,1.2641,1.304,1.3314,1.3463,1.3503,1.3454,1.3332,1.315,1.2916,1.2639,1.2328,1.2004,1.1701,1.1465,1.1347,1.1387,1.1596,1.1959,1.2444,1.3017,1.3652,1.433,1.5041,1.5778,1.6535,1.7305,1.8077,1.8836,1.9559,2.0222,2.0797,2.126,2.1599,2.1812,2.1907,2.1904,2.1824,2.169,2.1521,2.1334,2.1139,2.0946
1.4063,1.3138,1.2286,1.1674,1.1419,1.1525,1.1889,1.2362,1.2815,1.3173,1.3408,1.3522,1.3531,1.3454,1.3305,1.3095,1.2828,1.251,1.2146,1.1757,1.1379,1.1073,1.0909,1.0939,1.1177,1.1595,1.2148,1.279,1.349,1.4229,1.4997,1.5789,1.6603,1.7433,1.8269,1.9094,1.9884,2.0607,2.123,2.1725,2.2075,2.2277,2.2346,2.2304,2.218,2.2001,2.179,2.1564,2.1336,2.1114
1.4626,1.3693,1.2823,1.2187,1.1899,1.1956,1.2256,1.2658,1.3042,1.3339,1.3522,1.3593,1.3567,1.346,1.3284,1.3047,1.275,1.2391,1.1972,1.1509,1.1043,1.065,1.0427,1.0447,1.0724,1.1214,1.1848,1.2568,1.3337,1.4137,1.4962,1.5811,1.6682,1.7573,1.8475,1.9371,2.0233,2.1024,2.1702,2.2232,2.2591,2.2779,2.2813,2.2725,2.2549,2.2319,2.206,2.1793,2.1529,2.1277
1.532,1.4397,1.3518,1.2857,1.252,1.2503,1.271,1.3013,1.3307,1.3528,1.365,1.3673,1.3609,1.3471,1.327,1.3009,1.2684,1.2288,1.1813,1.127,1.0701,1.0203,0.9907,0.9918,1.025,1.0828,1.1555,1.2359,1.32,1.4061,1.4942,1.5844,1.6771,1.7723,1.8694,1.9664,2.0605,2.1471,2.2211,2.2778,2.3146,2.3313,2.3306,2.3162,2.2927,2.264,2.233,2.2018,2.1717,2.1435
1.6127,1.5223,1.4337,1.3641,1.3237,1.3123,1.3215,1.3403,1.3594,1.373,1.3785,1.3757,1.3654,1.3487,1.3263,1.2982,1.2636,1.2208,1.1682,1.1057,1.0374,0.975,0.9366,0.9371,0.9773,1.0457,1.1289,1.2178,1.3087,1.4006,1.4938,1.589,1.687,1.7881,1.8919,1.9968,2.0993,2.1942,2.275,2.3359,2.3734,2.3875,2.3817,2.3609,2.3307,2.2957,2.2592,2.2234,2.1896,2.1583
1.7013,1.613,1.5228,1.4482,1.3995,1.3769,1.3737,1.3803,1.3887,1.3935,1.3922,1.3843,1.3701,1.3507,1.3264,1.2968,1.2608,1.2158,1.1591,1.089,1.009,0.9325,0.8839,0.8842,0.9332,1.0135,1.1071,1.204,1.301,1.3978,1.4954,1.595,1.6977,1.8043,1.9148,2.0275,2.1388,2.2426,2.3311,2.3965,2.4346,2.4455,2.4336,2.4056,2.3681,2.3263,2.2841,2.2437,2.2061,2.172
1.7936,1.7067,1.6136,1.5326,1.4744,1.4403,1.4245,1.4192,1.4172,1.4135,1.4056,1.3926,1.3748,1.3529,1.3271,1.2968,1.2603,1.2144,1.1552,1.0793,0.9889,0.8984,0.8393,0.8398,0.8985,0.9902,1.0928,1.1961,1.2977,1.3982,1.4993,1.6024,1.7092,1.8206,1.9371,2.0574,2.1777,2.291,2.3876,2.458,2.4965,2.5035,2.4849,2.4489,2.4036,2.355,2.3071,2.2621,2.221,2.1841
1.8844,1.798,1.701,1.6126,1.5447,1.4993,1.4719,1.4556,1.4439,1.4324,1.4182,1.4005,1.3793,1.3552,1.3283,1.298,1.2621,1.2169,1.1573,1.0789,0.9818,0.8807,0.8126,0.8136,0.8802,0.9802,1.0885,1.1953,1.2993,1.4021,1.5055,1.6113,1.7211,1.8364,1.958,2.0852,2.2142,2.3371,2.4423,2.5179,2.5567,2.5594,2.5334,2.4892,2.4359,2.3806,2.3273,2.2781,2.2339,2.1946
1.9686,1.8819,1.7805,1.6848,1.6078,1.5523,1.5146,1.4885,1.4684,1.4497,1.4299,1.4079,1.3835,1.3574,1.3299,1.3002,1.266,1.223,1.1656,1.0887,0.9912,0.8869,0.8148,0.8158,0.8852,0.987,1.0954,1.202,1.3062,1.4097,1.5142,1.6216,1.7334,1.8513,1.9767,2.1095,2.2462,2.3783,2.492,2.5729,2.612,2.6101,2.5768,2.5243,2.4636,2.4021,2.344,2.2912,2.2442,2.2029
2.041,1.9539,1.8486,1.7466,1.662,1.598,1.5518,1.5177,1.4904,1.4656,1.4407,1.4146,1.3873,1.3594,1.3314,1.3029,1.2715,1.2321,1.179,1.1075,1.0172,0.9199,0.8513,0.8511,0.9156,1.0107,1.1132,1.2158,1.3178,1.4206,1.5253,1.6332,1.7458,1.8648,1.9923,2.1288,2.2714,2.4112,2.5328,2.6188,2.6581,2.652,2.6119,2.5522,2.485,2.4184,2.3564,2.3008,2.2518,2.2091
2.0975,2.0107,1.9029,1.7968,1.7066,1.6364,1.5836,1.5431,1.5099,1.4799,1.4507,1.4209,1.3907,1.3609,1.3325,1.3057,1.2777,1.2429,1.1953,1.1316,1.0539,0.9726,0.9152,0.9132,0.9657,1.0472,1.1392,1.235,1.3334,1.4345,1.5385,1.6461,1.7583,1.8769,2.0042,2.1418,2.2876,2.4328,2.5606,2.6508,2.6906,2.6812,2.6357,2.5705,2.4987,2.4285,2.3639,2.3065,2.2564,2.2128
2.1355,2.05,1.9423,1.8347,1.7416,1.6675,1.6101,1.565,1.5273,1.4932,1.4601,1.427,1.3938,1.3619,1.333,1.3078,1.2838,1.2543,1.212,1.1558,1.0916,1.0296,0.9873,0.9846,1.0234,1.0892,1.1693,1.2576,1.3518,1.4508,1.5538,1.6604,1.7711,1.8875,2.0123,2.1479,2.2934,2.4404,2.5716,2.6647,2.7052,2.6941,2.6457,2.5776,2.5035,2.4317,2.3662,2.3082,2.2577,2.2141
2.154,2.0715,1.9666,1.8605,1.7674,1.6918,1.632,1.5839,1.5431,1.5057,1.4695,1.4332,1.397,1.3626,1.3325,1.3087,1.2892,1.2652,1.227,1.1753,1.1208,1.0748,1.047,1.0463,1.0755,1.129,1.1991,1.2811,1.3718,1.469,1.571,1.6763,1.7846,1.8972,2.017,2.1473,2.2882,2.4328,2.5636,2.6576,2.699,2.6884,2.6402,2.5724,2.4988,2.4277,2.3629,2.3057,2.2559,2.2129
2.1542,2.0764,1.9769,1.8754,1.7849,1.7102,1.65,1.6005,1.5577,1.5182,1.4793,1.4401,1.4008,1.3633,1.3311,1.3081,1.2932,1.275,1.2391,1.187,1.1353,1.0983,1.0816,1.0864,1.1134,1.1609,1.2256,1.3037,1.3924,1.4888,1.5902,1.6941,1.7995,1.9069,2.0195,2.141,2.2732,2.4106,2.5368,2.6292,2.6715,2.6636,2.619,2.5549,2.4848,2.4167,2.3544,2.2992,2.251,2.2093
2.139,2.0672,1.9753,1.8808,1.7954,1.7237,1.6648,1.6155,1.572,1.5311,1.4903,1.4485,1.406,1.3649,1.3297,1.3062,1.2954,1.2833,1.2479,1.1901,1.1331,1.0973,1.0887,1.1027,1.1347,1.1832,1.2471,1.3245,1.4132,1.51,1.6117,1.7146,1.8167,1.918,2.0213,2.1313,2.251,2.3766,2.494,2.5822,2.6252,2.6219,2.5837,2.5264,2.4623,2.3993,2.341,2.289,2.2433,2.2034
2.1125,2.0475,1.9648,1.879,1.8005,1.7335,1.6774,1.6296,1.5865,1.5451,1.5031,1.4593,1.4137,1.3688,1.3297,1.304,1.2959,1.2892,1.2527,1.185,1.1159,1.0744,1.0725,1.0995,1.1422,1.1968,1.2639,1.3434,1.434,1.5328,1.6358,1.7386,1.8376,1.932,2.0247,2.1209,2.225,2.3354,2.4406,2.5221,2.5652,2.5673,2.5375,2.4891,2.433,2.3766,2.3236,2.2756,2.2331,2.1957
2.079,2.0212,1.9483,1.8722,1.8018,1.7408,1.6888,1.6436,1.602,1.5611,1.5186,1.4732,1.4252,1.3767,1.3333,1.3042,1.2957,1.2913,1.2526,1.1741,1.0895,1.0382,1.0432,1.0862,1.142,1.205,1.2775,1.361,1.4552,1.5575,1.6633,1.7669,1.8633,1.9509,2.0321,2.1131,2.1996,2.2924,2.3829,2.4559,2.4978,2.5053,2.4845,2.4458,2.3988,2.3499,2.3029,2.2597,2.2209,2.1864
2.0425,1.9919,1.9288,1.8629,1.8012,1.7469,1.7,1.6584,1.6191,1.5795,1.5373,1.4913,1.4416,1.3904,1.3432,1.3097,1.2972,1.2896,1.2474,1.1624,1.0663,1.0049,1.0166,1.074,1.1408,1.2114,1.2896,1.3782,1.4773,1.5845,1.6946,1.8004,1.8954,1.9764,2.0459,2.1107,2.1787,2.2528,2.3273,2.3901,2.4296,2.4413,2.4288,2.3997,2.3618,2.3207,2.2802,2.2421,2.2072,2.1758
2.0063,1.9626,1.909,1.8529,1.8,1.7531,1.7119,1.6746,1.6385,1.601,1.56,1.5142,1.4638,1.4109,1.3611,1.3232,1.3036,1.2874,1.2406,1.1563,1.0608,0.9965,1.0106,1.0731,1.1439,1.2189,1.3021,1.3959,1.5007,1.6141,1.73,1.8398,1.9348,2.01,2.0678,2.1162,2.1653,2.2203,2.2784,2.3302,2.3657,2.3799,2.3741,2.3536,2.3241,2.2906,2.2563,2.2233,2.1925,2.1643
1.9727,1.9355,1.8906,1.8438,1.7997,1.7602,1.7252,1.6929,1.6607,1.6262,1.5871,1.5424,1.4923,1.439,1.3875,1.3455,1.317,1.2893,1.2373,1.1582,1.0761,1.0224,1.0324,1.0856,1.1526,1.2289,1.3159,1.4147,1.5257,1.6461,1.7695,1.8852,1.9819,2.0525,2.0988,2.1308,2.1609,2.1972,2.239,2.2794,2.3096,2.3243,2.3233,2.3095,2.2874,2.2606,2.2323,2.2042,2.1773,2.1523
1.943,1.9118,1.8749,1.8369,1.8011,1.7691,1.7406,1.7138,1.6864,1.6555,1.6191,1.5762,1.5271,1.4742,1.422,1.376,1.3382,1.2983,1.2397,1.1641,1.0954,1.058,1.0629,1.1027,1.1643,1.2413,1.3315,1.4351,1.5522,1.6802,1.8122,1.9356,2.0359,2.103,2.1383,2.154,2.1656,2.1837,2.2099,2.2386,2.2625,2.2761,2.2779,2.2692,2.2529,2.232,2.2089,2.1852,2.1622,2.1403
1.9179,1.8922,1.8627,1.8326,1.8047,1.7802,1.7585,1.7379,1.7159,1.6894,1.6563,1.6156,1.568,1.516,1.4633,1.4136,1.3668,1.3152,1.248,1.1681,1.0974,1.0608,1.0694,1.1117,1.1756,1.2554,1.349,1.4569,1.5796,1.7152,1.8563,1.9886,2.094,2.1588,2.1838,2.1837,2.1776,2.1786,2.19,2.2076,2.2246,2.2357,2.2385,2.2332,2.2214,2.2053,2.1867,2.167,2.1474,2.1284
1.8975,1.877,1.8541,1.8314,1.8111,1.7939,1.7793,1.7655,1.7496,1.7284,1.6991,1.6606,1.6142,1.5629,1.51,1.4572,1.4028,1.3404,1.2625,1.1711,1.0825,1.0306,1.0502,1.1115,1.1863,1.2716,1.3688,1.4802,1.6073,1.7493,1.8988,2.04,2.1511,2.2147,2.2304,2.2157,2.1935,2.1792,2.1774,2.1846,2.1947,2.2026,2.2053,2.2019,2.1934,2.181,2.1661,2.1499,2.1334,2.1169
1.8816,1.8659,1.849,1.8332,1.82,1.8101,1.803,1.7966,1.7879,1.7728,1.7477,1.7111,1.6649,1.6135,1.5604,1.5058,1.4458,1.3744,1.2861,1.1814,1.0749,1.011,1.0375,1.1148,1.2007,1.2914,1.3913,1.5045,1.6342,1.7802,1.9358,2.0842,2.2003,2.2631,2.2712,2.2445,2.2091,2.1823,2.1693,2.1676,2.1714,2.1758,2.1775,2.1752,2.1689,2.1593,2.1475,2.1342,2.1203,2.1062
1.8697,1.8585,1.8472,1.8377,1.8314,1.8288,1.8295,1.8314,1.8309,1.8231,1.8027,1.7672,1.7191,1.6654,1.6119,1.5574,1.4951,1.4179,1.3217,1.2088,1.0962,1.0312,1.0558,1.1343,1.2239,1.3167,1.4169,1.5296,1.659,1.8058,1.9637,2.1153,2.2339,2.296,2.2991,2.2647,2.2203,2.1845,2.1633,2.1544,2.153,2.1541,2.1546,2.1526,2.1478,2.1404,2.1309,2.1201,2.1084,2.0963
1.8614,1.8543,1.8481,1.8445,1.8447,1.8495,1.8583,1.8693,1.8786,1.8797,1.865,1.8293,1.7757,1.7158,1.6605,1.6086,1.5484,1.4698,1.3706,1.257,1.1492,1.089,1.106,1.1744,1.2588,1.3486,1.4457,1.5552,1.6811,1.8246,1.9797,2.1293,2.2466,2.3074,2.3089,2.2719,2.2238,2.1834,2.1571,2.1434,2.1379,2.1364,2.1357,2.1338,2.1299,2.1241,2.1165,2.1076,2.0978,2.0874
1.8559,1.8527,1.8512,1.853,1.8594,1.8714,1.8887,1.9098,1.9305,1.9429,1.9357,1.8988,1.8343,1.7615,1.7013,1.6541,1.601,1.5262,1.4296,1.3219,1.2246,1.1702,1.1779,1.2313,1.3046,1.3867,1.4775,1.5807,1.6999,1.8361,1.9833,2.1254,2.2372,2.2961,2.2991,2.2646,2.2182,2.1775,2.1493,2.133,2.1251,2.1218,2.1201,2.1182,2.115,2.1104,2.1043,2.0969,2.0886,2.0796
1.8528,1.853,1.8558,1.8626,1.8749,1.8937,1.9196,1.9515,1.9854,2.0123,2.016,1.978,1.8959,1.7996,1.7283,1.6873,1.6464,1.581,1.4923,1.3952,1.3104,1.2614,1.2607,1.2989,1.3585,1.4298,1.5114,1.6058,1.7156,1.8411,1.9762,2.1065,2.2095,2.2658,2.2723,2.2444,2.2038,2.1665,2.1394,2.1226,2.1137,2.1095,2.1073,2.1055,2.1029,2.0992,2.0941,2.088,2.0808,2.0729
1.8513,1.8547,1.8613,1.8725,1.8901,1.9154,1.9496,1.9924,2.0409,2.0856,2.1057,2.0699,1.9637,1.8294,1.7377,1.7027,1.6783,1.6273,1.5516,1.4688,1.3974,1.354,1.347,1.3717,1.417,1.4759,1.5466,1.6303,1.7288,1.8412,1.9618,2.0776,2.17,2.2231,2.2341,2.2148,2.1826,2.1512,2.1274,2.112,2.1034,2.0992,2.0971,2.0954,2.0934,2.0903,2.0861,2.0808,2.0745,2.0675
1.8511,1.8573,1.8672,1.8823,1.9044,1.9353,1.9768,2.0299,2.0929,2.1578,2.2003,2.1743,2.042,1.8555,1.7327,1.7015,1.6945,1.6613,1.6028,1.5374,1.4806,1.4436,1.4325,1.4457,1.4775,1.5234,1.5821,1.6541,1.74,1.8385,1.9436,2.0444,2.1257,2.1752,2.1905,2.18,2.1571,2.1331,2.114,2.1013,2.0942,2.0907,2.089,2.0879,2.0863,2.0838,2.0802,2.0755,2.0698,2.0633
1.8517,1.8603,1.8729,1.8911,1.9169,1.9523,1.9997,2.061,2.1365,2.2201,2.2875,2.2797,2.1285,1.8877,1.7295,1.6961,1.7012,1.6849,1.6458,1.6001,1.5589,1.5292,1.5155,1.5189,1.538,1.5709,1.6173,1.6772,1.7503,1.8347,1.9248,2.0112,2.082,2.1279,2.1466,2.1441,2.1302,2.1138,2.1002,2.0911,2.0862,2.0841,2.0833,2.0828,2.0816,2.0795,2.0763,2.0719,2.0665,2.0603
1.8527,1.8632,1.8779,1.8986,1.927,1.9655,2.0166,2.083,2.1662,2.262,2.3474,2.3576,2.2028,1.9319,1.7488,1.7044,1.7098,1.705,1.6848,1.6592,1.6341,1.612,1.5962,1.5904,1.5972,1.6175,1.6516,1.6995,1.7603,1.8314,1.9077,1.9811,2.0425,2.0847,2.1059,2.1101,2.1042,2.095,2.0871,2.082,2.0799,2.0796,2.08,2.0802,2.0795,2.0776,2.0744,2.0701,2.0648,2.0586
1.8537,1.8657,1.8821,1.9043,1.9343,1.9742,2.0267,2.0944,2.1788,2.2761,2.3639,2.3789,2.2344,1.9766,1.7924,1.7328,1.7284,1.7289,1.7249,1.7189,1.7093,1.6938,1.675,1.6599,1.6545,1.6624,1.6847,1.7212,1.7704,1.8294,1.8933,1.9555,2.0088,2.0477,2.0705,2.0798,2.0807,2.0781,2.0757,2.0749,2.0758,2.0776,2.0793,2.0802,2.0798,2.0779,2.0746,2.07,2.0644,2.0581
1.8546,1.8677,1.885,1.9081,1.9386,1.9784,2.0298,2.0949,2.1742,2.2624,2.3371,2.343,2.2173,2.0039,1.8408,1.7723,1.7571,1.7602,1.7705,1.7828,1.7873,1.7762,1.7524,1.7267,1.7091,1.7051,1.7163,1.7421,1.7808,1.829,1.8823,1.9351,1.9815,2.0173,2.0411,2.0545,2.061,2.0642,2.0669,2.0703,2.0744,2.0784,2.0815,2.083,2.0827,2.0805,2.0767,2.0716,2.0655,2.0586
1.8552,1.8689,1.8867,1.9099,1.9399,1.9783,2.0266,2.0861,2.1556,2.2283,2.2825,2.276,2.1727,2.0102,1.8778,1.8109,1.7912,1.7982,1.8225,1.8525,1.869,1.8591,1.8274,1.7898,1.76,1.7448,1.7458,1.7621,1.7914,1.8303,1.8746,1.9195,1.9602,1.9934,2.0178,2.0344,2.0455,2.0538,2.0613,2.0689,2.0761,2.0824,2.0867,2.0887,2.0882,2.0854,2.0808,2.0748,2.0678,2.0602
1.8553,1.8693,1.8872,1.9099,1.9386,1.9744,2.0183,2.0703,2.128,2.1835,2.2182,2.2034,2.122,2.0025,1.9005,1.8428,1.8255,1.8398,1.8785,1.9248,1.9508,1.9388,1.8971,1.8473,1.8061,1.7808,1.773,1.781,1.8022,1.8332,1.8699,1.9083,1.9444,1.9754,2.0003,2.0194,2.0345,2.0473,2.0594,2.0709,2.0813,2.0897,2.0951,2.0972,2.0961,2.0923,2.0865,2.0794,2.0713,2.0628
1.855,1.869,1.8864,1.9082,1.935,1.9677,2.0063,2.0502,2.0961,2.1362,2.1562,2.138,2.0753,1.9885,1.9122,1.867,1.8567,1.8801,1.9322,1.9922,2.0245,2.0084,1.9568,1.8963,1.8457,1.8123,1.7972,1.7983,1.8128,1.8371,1.8677,1.9008,1.9332,1.9625,1.9877,2.0091,2.0277,2.0448,2.0611,2.0764,2.0899,2.1003,2.1066,2.1085,2.1064,2.1012,2.0938,2.0851,2.0757,2.066
1.8541,1.8678,1.8846,1.905,1.9297,1.9588,1.992,2.0282,2.0636,2.0916,2.1018,2.0836,2.0358,1.9729,1.9171,1.8847,1.8828,1.9145,1.9759,2.0439,2.079,2.0595,2.0014,1.9342,1.8775,1.8386,1.8181,1.8139,1.8229,1.8419,1.8675,1.8963,1.9258,1.9538,1.9795,2.0029,2.0247,2.0458,2.0662,2.0854,2.1018,2.114,2.1208,2.1221,2.1186,2.1116,2.1023,2.0919,2.0809,2.0699
1.8528,1.866,1.8819,1.9008,1.923,1.9485,1.9767,2.0059,2.0328,2.0519,2.0562,2.0398,2.0036,1.958,1.9183,1.8971,1.9028,1.9397,2.0041,2.0727,2.1069,2.0866,2.0278,1.9594,1.9008,1.8592,1.8355,1.8275,1.8324,1.8471,1.8687,1.8942,1.9214,1.9485,1.9747,2.0001,2.025,2.0498,2.0742,2.0971,2.1164,2.1301,2.1371,2.1374,2.1322,2.123,2.1116,2.0992,2.0865,2.074
1.8511,1.8637,1.8785,1.8958,1.9156,1.9377,1.9612,1.9846,2.0048,2.0178,2.0188,2.0048,1.9777,1.9449,1.9174,1.9053,1.9163,1.9545,2.0155,2.0779,2.1086,2.0902,2.0362,1.9721,1.9156,1.8743,1.8492,1.8389,1.8409,1.8524,1.8709,1.8938,1.9192,1.9458,1.9727,2.0,2.0278,2.0562,2.0844,2.1107,2.1326,2.1477,2.1546,2.1536,2.1463,2.1349,2.1212,2.1066,2.0922,2.0783
1.849,1.8608,1.8745,1.8902,1.9077,1.9267,1.9462,1.9648,1.98,1.9889,1.9883,1.977,1.9568,1.9336,1.9153,1.9099,1.9237,1.9598,2.0132,2.0657,2.0912,2.0762,2.0305,1.9743,1.923,1.8842,1.8596,1.8483,1.8484,1.8576,1.8737,1.8946,1.9188,1.945,1.9727,2.0017,2.0322,2.0639,2.0956,2.1251,2.1493,2.1654,2.1719,2.1695,2.1601,2.1463,2.1304,2.1138,2.0977,2.0823
1.8466,1.8577,1.8702,1.8843,1.8997,1.9159,1.9321,1.9469,1.9585,1.9646,1.9635,1.9547,1.94,1.9238,1.9123,1.9114,1.9261,1.9579,2.0019,2.0436,2.0637,2.0523,2.0157,1.9689,1.9246,1.8898,1.8669,1.8556,1.8547,1.8624,1.8768,1.8963,1.9195,1.9456,1.974,2.0046,2.0374,2.0719,2.1066,2.1388,2.1649,2.1817,2.1878,2.1839,2.1726,2.1567,2.1387,2.1203,2.1026,2.086
1.844,1.8543,1.8657,1.8783,1.8917,1.9056,1.919,1.931,1.9399,1.9443,1.9432,1.9366,1.9261,1.9152,1.9085,1.9105,1.9246,1.9514,1.9862,2.018,2.0332,2.0247,1.9964,1.9588,1.922,1.892,1.8716,1.8612,1.86,1.8668,1.88,1.8984,1.9209,1.9469,1.9759,2.0079,2.0426,2.0793,2.1163,2.1505,2.178,2.1952,2.2008,2.1958,2.1829,2.1652,2.1455,2.1257,2.1066,2.0889
1.8413,1.8507,1.8611,1.8723,1.8841,1.8959,1.9071,1.9168,1.9239,1.9273,1.9264,1.9217,1.9145,1.9075,1.9041,1.9076,1.9204,1.9422,1.969,1.9926,2.0038,1.9975,1.9761,1.9466,1.9168,1.8918,1.8744,1.8653,1.8644,1.8706,1.8831,1.9007,1.9227,1.9486,1.978,2.0109,2.0469,2.0852,2.1238,2.1592,2.1873,2.2047,2.2099,2.2041,2.1901,2.1713,2.1505,2.1295,2.1095,2.091
1.8384,1.8471,1.8565,1.8665,1.8768,1.8869,1.8964,1.9043,1.9101,1.9129,1.9125,1.9093,1.9045,1.9003,1.8991,1.9034,1.9145,1.9318,1.9521,1.9695,1.9775,1.9728,1.9566,1.9339,1.9102,1.89,1.8756,1.8682,1.8678,1.874,1.8859,1.903,1.9246,1.9503,1.9799,2.0132,2.05,2.089,2.1282,2.1639,2.1922,2.2095,2.2144,2.2082,2.1938,2.1745,2.1531,2.1316,2.1111,2.0921
