docs/data/wind_grid.json
[{"header":{"la1":42.85,"la2":41.18,"lo1":11.55,"lo2":14.05,"nx":36,"ny":24,"dx":0.07143,"dy":0.07261,"parameterCategory":2,"parameterNumber":2,"parameterNumberName":"eastward_wind","parameterUnit":"m.s-1"},"data":[0.8867,0.8759,0.8636,0.85,0.8352,0.8199,0.8048,0.7902,0.7761,0.7612,0.7431,0.7192,0.687,0.6451,0.5937,0.535,0.474,0.4184,0.3768,0.3557,0.3571,0.3773,0.4103,0.4494,0.4896,0.5278,0.5625,0.593,0.6194,0.6421,0.6615,0.6781,0.6924,0.7048,0.7155,0.725,0.8907,0.8789,0.865,0.8492,0.8316,0.8131,0.7951,0.7792,0.7659,0.7536,0.7384,0.7154,0.6804,0.6306,0.5649,0.4853,0.3987,0.3174,0.2575,0.2314,0.2417,0.2802,0.3343,0.3929,0.449,0.4991,0.5424,0.5789,0.6094,0.6349,0.6561,0.6739,0.689,0.7018,0.7129,0.7226,0.8958,0.8829,0.8672,0.8484,0.8265,0.8025,0.7789,0.7597,0.7477,0.7411,0.7329,0.7143,0.6783,0.62,0.5363,0.4273,0.3002,0.1751,0.0833,0.0513,0.082,0.1549,0.244,0.3313,0.4082,0.4726,0.5252,0.5677,0.602,0.6299,0.6525,0.6712,0.6867,0.6997,0.7109,0.7206,0.9023,0.8885,0.8709,0.8485,0.8206,0.7873,0.7524,0.7244,0.7132,0.7182,0.7251,0.717,0.6834,0.6176,0.5131,0.364,0.1734,-0.0298,-0.1816,-0.2188,-0.1408,-0.0025,0.1431,0.27,0.3721,0.4517,0.5133,0.561,0.5983,0.6276,0.651,0.6699,0.6855,0.6984,0.7094,0.7189,0.9106,0.8964,0.8775,0.8517,0.8165,0.7694,0.7125,0.6617,0.6471,0.6765,0.714,0.7257,0.6992,0.6289,0.5044,0.3079,0.0244,-0.3186,-0.5902,-0.6259,-0.4395,-0.1823,0.0456,0.2201,0.3478,0.4408,0.5092,0.5602,0.5988,0.6285,0.6518,0.6703,0.6853,0.6977,0.7083,0.7174,0.9211,0.9075,0.8885,0.861,0.8199,0.7574,0.6661,0.5636,0.531,0.612,0.7056,0.7454,0.7291,0.6593,0.5234,0.2872,-0.1029,-0.6613,-1.16,-1.1716,-0.7701,-0.3373,-0.0174,0.1988,0.3442,0.4443,0.5149,0.5661,0.6039,0.6325,0.6546,0.6719,0.6859,0.6975,0.7073,0.7159,0.9339,0.9219,0.9049,0.8793,0.8386,0.7703,0.6529,0.4844,0.4144,0.5722,0.7261,0.7851,0.7756,0.7116,0.5808,0.3396,-0.1,-0.8285,-1.5772,-1.5511,-0.9268,-0.3674,-0.0041,0.2224,0.3676,0.4644,0.5312,0.5787,0.6134,0.6393,0.6591,0.6745,0.687,0.6973,0.7062,0.7141,0.9485,0.9393,0.9263,0.9068,0.8757,0.8229,0.7302,0.5926,0.5397,0.6828,0.8081,0.8494,0.836,0.7807,0.6725,0.4737,0.1106,-0.4961,-1.1379,-1.1539,-0.6579,-0.199,0.1036,0.2941,0.4171,0.4994,0.5563,0.5967,0.6261,0.6478,0.6643,0.6773,0.6878,0.6966,0.7044,0.7116,0.9641,0.9584,0.9506,0.9395,0.9234,0.8996,0.866,0.8336,0.8444,0.8991,0.9294,0.9254,0.8998,0.8538,0.7758,0.6409,0.4148,0.0825,-0.2443,-0.3173,-0.1365,0.0909,0.27,0.3959,0.4829,0.5436,0.5866,0.6175,0.64,0.6566,0.6693,0.6793,0.6875,0.6947,0.7014,0.7079,0.9799,0.9775,0.9745,0.9711,0.9679,0.967,0.974,1.0034,1.0667,1.0933,1.0413,0.99,0.9518,0.9145,0.8639,0.7806,0.6529,0.4926,0.344,0.2702,0.2894,0.3585,0.4346,0.4997,0.5507,0.5889,0.6172,0.6378,0.6529,0.664,0.6725,0.6793,0.6852,0.6908,0.6964,0.7024,0.9949,0.9952,0.9958,0.9971,1.0004,1.0077,1.024,1.0678,1.1958,1.2569,1.1113,1.0262,0.98,0.9472,0.9195,0.8695,0.785,0.6901,0.6133,0.5601,0.5356,0.5389,0.5587,0.5838,0.6078,0.6278,0.6431,0.6542,0.6622,0.6679,0.6723,0.676,0.6797,0.6839,0.6888,0.6945,1.0088,1.0109,1.0134,1.0166,1.0205,1.0245,1.0269,1.0348,1.1189,1.1834,1.0996,1.035,0.9858,0.9325,0.9344,0.917,0.8351,0.7284,0.6839,0.6718,0.6516,0.6361,0.6327,0.6382,0.6471,0.655,0.6605,0.6637,0.6655,0.6664,0.667,0.668,0.6698,0.6728,0.6774,0.6835,1.0213,1.0247,1.0282,1.0316,1.0338,1.0318,1.0193,0.9956,1.0265,1.0856,1.0772,1.0273,1.0049,0.9286,0.9446,0.9529,0.8511,0.6485,0.636,0.6999,0.6896,0.6662,0.6577,0.6608,0.6659,0.6679,0.6666,0.6637,0.6604,0.6574,0.655,0.6536,0.6539,0.6563,0.6613,0.6685,1.0327,1.037,1.0413,1.0451,1.0469,1.044,1.0325,1.016,1.039,1.0988,1.1051,1.0024,0.9865,1.2504,1.0737,0.9968,0.9066,0.758,0.7122,0.7202,0.6606,0.6205,0.6293,0.6523,0.6654,0.6658,0.6592,0.6512,0.6444,0.639,0.6346,0.6313,0.6304,0.6328,0.6392,0.6488,1.0431,1.0483,1.0537,1.0587,1.0627,1.0647,1.0652,1.0729,1.1111,1.1815,1.225,1.18,1.1655,1.2104,1.1295,0.9986,0.9102,0.9116,0.8403,0.6902,0.4756,0.4365,0.5395,0.6214,0.6512,0.6482,0.6342,0.6221,0.6148,0.6097,0.6044,0.5993,0.5971,0.6004,0.6097,0.6237,1.0527,1.0589,1.0655,1.0725,1.0799,1.0887,1.1018,1.1283,1.1849,1.2962,1.4792,1.3195,1.2522,1.1968,1.1522,1.0511,0.9689,1.0144,0.9448,0.5841,-0.0223,0.0742,0.4327,0.5981,0.6315,0.6095,0.5819,0.5693,0.5686,0.5691,0.5644,0.5562,0.5515,0.5565,0.5715,0.5929,1.0614,1.0685,1.0764,1.0854,1.096,1.1098,1.1302,1.1637,1.2213,1.3206,1.4541,1.3509,1.2463,1.2214,1.2186,1.1976,1.1837,1.2373,1.2176,0.7699,-0.0638,0.0703,0.4814,0.6247,0.6044,0.5287,0.48,0.4816,0.5047,0.52,0.5165,0.5006,0.4905,0.4993,0.5248,0.5579,1.0692,1.0771,1.0861,1.0965,1.1091,1.1254,1.1475,1.1787,1.2221,1.275,1.3104,1.288,1.2456,1.249,1.352,1.4088,1.3904,1.5155,1.6587,1.3307,0.8361,0.6708,0.7228,0.6948,0.5454,0.361,0.2927,0.3523,0.4298,0.4709,0.4666,0.4338,0.4136,0.4309,0.4738,0.5231,1.0758,1.0843,1.094,1.1053,1.1188,1.1354,1.1562,1.1823,1.2129,1.2435,1.2641,1.2713,1.2851,1.3622,1.6196,1.7209,1.5414,1.6152,1.7395,1.8018,1.4635,1.152,0.9734,0.7741,0.4607,0.1039,0.0286,0.2187,0.3677,0.4351,0.427,0.3694,0.337,0.3684,0.4322,0.4973,1.0814,1.0903,1.1003,1.1119,1.1254,1.1413,1.1601,1.1818,1.2054,1.2287,1.2499,1.2726,1.3137,1.4123,1.6034,1.6688,1.5841,1.7158,2.1977,2.4182,1.8169,1.4352,1.1927,0.8998,0.4893,0.0623,-0.0189,0.2048,0.3498,0.4229,0.4152,0.347,0.3098,0.348,0.4202,0.491,1.0859,1.0949,1.105,1.1165,1.1295,1.1445,1.1614,1.1802,1.2005,1.2216,1.2443,1.2728,1.3165,1.387,1.4743,1.5231,1.5579,1.7033,1.992,2.08,1.8153,1.6401,1.4862,1.1461,0.6845,0.3303,0.2277,0.2668,0.3629,0.434,0.4384,0.3906,0.3609,0.3881,0.4467,0.5085,1.0893,1.0983,1.1083,1.1194,1.1319,1.1458,1.1613,1.1783,1.1967,1.2167,1.2394,1.2675,1.3049,1.3531,1.4056,1.4528,1.5099,1.6077,1.7283,1.7832,1.8102,1.9827,2.0039,1.532,0.9191,0.4451,0.2169,0.2742,0.393,0.4665,0.4838,0.4635,0.4471,0.4611,0.4987,0.5438,1.0919,1.1007,1.1104,1.1211,1.1329,1.1459,1.1602,1.1758,1.1928,1.2116,1.2331,1.2586,1.2894,1.3257,1.3653,1.4076,1.4587,1.5251,1.6008,1.6871,1.8687,2.2459,2.3583,1.8057,1.14,0.6546,0.4172,0.4073,0.474,0.5239,0.5407,0.5351,0.5283,0.5355,0.5574,0.5872,1.0935,1.1021,1.1114,1.1217,1.1328,1.145,1.1582,1.1727,1.1884,1.2058,1.2254,1.2478,1.2737,1.3029,1.3352,1.3711,1.4132,1.4643,1.528,1.6216,1.7907,2.027,2.0608,1.71,1.2418,0.8716,0.6603,0.5885,0.5872,0.5997,0.6044,0.6008,0.597,0.6004,0.6127,0.6313]},{"header":{"la1":42.85,"la2":41.18,"lo1":11.55,"lo2":14.05,"nx":36,"ny":24,"dx":0.07143,"dy":0.07261,"parameterCategory":2,"parameterNumber":3,"parameterNumberName":"northward_wind","parameterUnit":"m.s-1"},"data":[0.2471,0.2711,0.2976,0.3257,0.3539,0.3792,0.3976,0.405,0.3986,0.3783,0.3476,0.3114,0.2742,0.2392,0.208,0.181,0.158,0.1388,0.1225,0.1087,0.0964,0.0853,0.0747,0.0646,0.0549,0.0455,0.0365,0.0278,0.0196,0.0117,0.0044,-0.0026,-0.0091,-0.0151,-0.0206,-0.0257,0.2567,0.2858,0.3192,0.3568,0.397,0.436,0.4673,0.4828,0.4762,0.447,0.4017,0.3499,0.2993,0.2544,0.2162,0.1846,0.1587,0.1377,0.1208,0.1069,0.0948,0.0837,0.073,0.0626,0.0525,0.0427,0.0332,0.0241,0.0155,0.0073,-0.0004,-0.0076,-0.0143,-0.0205,-0.0262,-0.0314,0.2637,0.2978,0.3393,0.3888,0.446,0.507,0.5617,0.5941,0.589,0.5437,0.4727,0.3956,0.3259,0.2683,0.2223,0.1858,0.1569,0.1345,0.1173,0.1039,0.0924,0.0817,0.0709,0.0602,0.0496,0.0393,0.0294,0.0199,0.0109,0.0023,-0.0057,-0.0132,-0.0202,-0.0266,-0.0324,-0.0377,0.2663,0.3051,0.3545,0.4178,0.4976,0.5927,0.6907,0.7604,0.7621,0.6853,0.5655,0.447,0.351,0.279,0.2253,0.1843,0.1526,0.1286,0.1116,0.0997,0.0897,0.0794,0.0686,0.0573,0.0462,0.0353,0.0249,0.015,0.0055,-0.0034,-0.0118,-0.0196,-0.0269,-0.0335,-0.0395,-0.0448,0.2632,0.3048,0.3604,0.4365,0.5419,0.685,0.8599,1.0143,1.0402,0.8944,0.6788,0.4954,0.368,0.2833,0.2246,0.1806,0.146,0.1201,0.1038,0.0948,0.087,0.0772,0.0658,0.0538,0.042,0.0306,0.0197,0.0093,-0.0006,-0.01,-0.0187,-0.0269,-0.0344,-0.0413,-0.0474,-0.0528,0.253,0.2945,0.3518,0.4347,0.5598,0.7535,1.0414,1.3707,1.4699,1.1701,0.7822,0.5183,0.3669,0.2787,0.2209,0.1767,0.1396,0.1106,0.0949,0.0904,0.0851,0.0748,0.0622,0.0493,0.0368,0.0249,0.0135,0.0027,-0.0076,-0.0174,-0.0266,-0.0351,-0.043,-0.0501,-0.0564,-0.0618,0.2356,0.2731,0.3255,0.4034,0.5274,0.7382,1.1059,1.6429,1.8689,1.3379,0.7789,0.4811,0.3393,0.2654,0.2169,0.1759,0.1375,0.1053,0.0897,0.0887,0.0831,0.0708,0.0568,0.0431,0.0303,0.0181,0.0064,-0.0048,-0.0155,-0.0258,-0.0355,-0.0445,-0.0528,-0.0602,-0.0666,-0.0721,0.2121,0.2421,0.2831,0.3429,0.4368,0.5967,0.8809,1.3078,1.4711,1.0045,0.5718,0.372,0.291,0.2511,0.2185,0.1819,0.1425,0.1086,0.0915,0.0863,0.0766,0.0625,0.0483,0.035,0.0224,0.0102,-0.0016,-0.0132,-0.0244,-0.0352,-0.0456,-0.0552,-0.064,-0.0717,-0.0783,-0.0838,0.1849,0.2056,0.2317,0.266,0.3137,0.3825,0.4787,0.5693,0.5257,0.3484,0.2478,0.2358,0.2484,0.2526,0.2358,0.1985,0.152,0.1116,0.0871,0.0736,0.0614,0.0488,0.0368,0.0251,0.0134,0.0015,-0.0104,-0.0224,-0.0343,-0.0459,-0.0571,-0.0675,-0.0769,-0.0851,-0.0919,-0.0973,0.1569,0.1686,0.1807,0.1922,0.2003,0.198,0.1656,0.0538,-0.176,-0.2647,-0.0566,0.1374,0.2472,0.2939,0.2836,0.2298,0.1597,0.0997,0.0635,0.0468,0.0383,0.0315,0.0239,0.0147,0.0042,-0.0074,-0.0197,-0.0324,-0.0452,-0.0579,-0.0702,-0.0818,-0.0921,-0.1009,-0.1079,-0.1131,0.1305,0.1353,0.1376,0.1349,0.123,0.0939,0.0303,-0.1358,-0.6288,-0.8674,-0.248,0.1273,0.313,0.4011,0.3795,0.2771,0.1544,0.0551,0.0083,0.0035,0.0104,0.0143,0.0126,0.006,-0.004,-0.016,-0.0292,-0.043,-0.0572,-0.0714,-0.0854,-0.0986,-0.1102,-0.1199,-0.127,-0.1318,0.1074,0.1077,0.105,0.0973,0.0826,0.0602,0.0347,-0.0085,-0.3116,-0.5366,-0.1153,0.2102,0.4216,0.5885,0.524,0.3237,0.1152,-0.0599,-0.1032,-0.0554,-0.0153,0.0038,0.0077,0.0017,-0.0098,-0.0237,-0.0386,-0.0541,-0.0702,-0.0867,-0.1032,-0.1188,-0.1324,-0.1431,-0.1504,-0.1542,0.0876,0.0858,0.0815,0.0741,0.0642,0.0563,0.0649,0.1024,0.0374,-0.0528,0.0922,0.3106,0.4579,0.6508,0.5808,0.3073,0.0472,-0.2326,-0.242,-0.0976,-0.0204,0.0115,0.0157,0.0046,-0.0123,-0.0302,-0.048,-0.0658,-0.0844,-0.1041,-0.1245,-0.1439,-0.1604,-0.1725,-0.1795,-0.1816,0.0709,0.0682,0.0639,0.0582,0.0526,0.0513,0.0609,0.0796,0.0593,0.0404,0.139,0.3727,0.4687,0.6313,0.4111,0.1842,-0.0102,-0.1512,-0.168,-0.0617,0.0234,0.057,0.0456,0.0168,-0.0121,-0.0367,-0.0577,-0.0778,-0.0995,-0.1239,-0.1504,-0.1761,-0.1972,-0.2109,-0.2166,-0.2154,0.0563,0.0532,0.0491,0.0445,0.0404,0.0385,0.0398,0.0382,0.02,-0.0046,0.0097,0.1266,0.2757,0.3097,0.2491,-0.0042,-0.1713,-0.1037,-0.0681,0.03,0.158,0.1762,0.1048,0.0346,-0.0136,-0.0453,-0.0683,-0.0896,-0.1146,-0.1461,-0.1829,-0.2193,-0.2476,-0.2629,-0.265,-0.2573,0.0431,0.0397,0.0355,0.0308,0.026,0.021,0.0143,0.0001,-0.0337,-0.1137,-0.2804,-0.105,-0.0035,0.1099,0.0615,-0.069,-0.1528,-0.1186,-0.0582,0.1286,0.4437,0.3854,0.1681,0.0398,-0.0252,-0.0592,-0.0799,-0.0993,-0.1274,-0.17,-0.2249,-0.2803,-0.32,-0.3349,-0.3281,-0.3084,0.031,0.0271,0.0225,0.017,0.0106,0.0025,-0.0095,-0.0304,-0.0701,-0.1487,-0.2679,-0.1767,-0.2076,-0.2584,-0.157,-0.1792,-0.1873,-0.1752,-0.133,0.0645,0.4697,0.3896,0.1368,0.0049,-0.0538,-0.08,-0.0919,-0.1035,-0.1329,-0.193,-0.2803,-0.3701,-0.4267,-0.4347,-0.4079,-0.3673,0.0196,0.0152,0.0099,0.0035,-0.0044,-0.0147,-0.0291,-0.0507,-0.0831,-0.127,-0.1648,-0.1843,-0.2792,-0.3324,-0.414,-0.4853,-0.3565,-0.2538,-0.2162,-0.1766,0.0065,0.0595,-0.0127,-0.0686,-0.0933,-0.1076,-0.108,-0.0984,-0.1228,-0.2087,-0.3506,-0.4992,-0.5768,-0.5617,-0.4979,-0.4271,0.0089,0.0039,-0.0021,-0.0094,-0.0184,-0.0299,-0.0449,-0.065,-0.091,-0.1218,-0.1548,-0.1983,-0.275,-0.4295,-0.8812,-1.059,-0.5712,-0.3556,-0.3336,-0.4687,-0.3387,-0.217,-0.1742,-0.1469,-0.1225,-0.1454,-0.15,-0.0773,-0.0824,-0.2027,-0.4182,-0.6457,-0.7402,-0.6835,-0.5737,-0.4726,-0.0011,-0.0067,-0.0133,-0.0213,-0.0311,-0.0431,-0.0583,-0.0773,-0.1007,-0.1291,-0.165,-0.217,-0.3064,-0.4894,-0.8356,-0.9374,-0.6175,-0.5045,-0.7324,-0.8629,-0.5571,-0.4029,-0.3243,-0.2252,-0.1189,-0.1255,-0.1333,0.0408,0.0169,-0.1542,-0.4253,-0.6997,-0.8011,-0.7242,-0.5967,-0.4859,-0.0104,-0.0165,-0.0237,-0.0322,-0.0424,-0.0548,-0.0699,-0.0884,-0.111,-0.1391,-0.1759,-0.2279,-0.3074,-0.4287,-0.5689,-0.608,-0.5354,-0.5268,-0.6488,-0.7004,-0.6043,-0.5838,-0.5433,-0.3582,-0.0949,0.1694,0.4812,0.4178,0.1802,-0.0651,-0.3368,-0.5817,-0.6856,-0.6451,-0.5511,-0.4608,-0.0191,-0.0255,-0.033,-0.0419,-0.0524,-0.065,-0.08,-0.0981,-0.12,-0.1472,-0.182,-0.2277,-0.288,-0.3613,-0.4289,-0.4609,-0.464,-0.4859,-0.5415,-0.5953,-0.6889,-0.9056,-0.954,-0.6099,-0.1453,0.3501,0.7696,0.6071,0.2738,0.0087,-0.2206,-0.4059,-0.5032,-0.509,-0.4653,-0.4096,-0.0269,-0.0337,-0.0415,-0.0506,-0.0612,-0.0737,-0.0885,-0.106,-0.127,-0.1524,-0.1834,-0.2214,-0.2664,-0.3149,-0.3587,-0.3901,-0.4141,-0.4466,-0.4989,-0.5885,-0.7867,-1.1419,-1.2411,-0.8066,-0.2797,0.167,0.4375,0.4015,0.2121,0.0208,-0.1455,-0.2773,-0.3587,-0.3868,-0.3779,-0.3516,-0.0341,-0.041,-0.049,-0.0581,-0.0687,-0.081,-0.0954,-0.1121,-0.1318,-0.1549,-0.182,-0.2134,-0.2482,-0.2843,-0.3184,-0.3487,-0.3785,-0.4157,-0.4715,-0.5668,-0.7368,-0.9582,-0.9975,-0.7245,-0.3558,-0.0473,0.1351,0.1651,0.0933,-0.0126,-0.1179,-0.2067,-0.2687,-0.3008,-0.3081,-0.2999]}]