docs/data/wind_grid.json
[{"header":{"la1":42.85,"la2":41.18,"lo1":11.55,"lo2":14.05,"nx":36,"ny":24,"dx":0.07143,"dy":0.07261,"parameterCategory":2,"parameterNumber":2,"parameterNumberName":"eastward_wind","parameterUnit":"m.s-1"},"data":[-0.6578,-0.6719,-0.6878,-0.7049,-0.7218,-0.7359,-0.7441,-0.7426,-0.7288,-0.7027,-0.6666,-0.6246,-0.5807,-0.5383,-0.4993,-0.4652,-0.4367,-0.4147,-0.3999,-0.3925,-0.3919,-0.3968,-0.4052,-0.4153,-0.4259,-0.4361,-0.4453,-0.4533,-0.4602,-0.4659,-0.4707,-0.4745,-0.4777,-0.4802,-0.4823,-0.4841,-0.6633,-0.6811,-0.7025,-0.7271,-0.7535,-0.7787,-0.7971,-0.8021,-0.788,-0.7538,-0.7042,-0.6469,-0.5888,-0.5342,-0.4854,-0.4432,-0.4082,-0.3814,-0.3641,-0.3574,-0.3604,-0.3706,-0.3848,-0.4002,-0.4151,-0.4285,-0.4401,-0.4498,-0.4578,-0.4643,-0.4694,-0.4734,-0.4766,-0.4791,-0.4811,-0.4828,-0.666,-0.6876,-0.7152,-0.7494,-0.7896,-0.8326,-0.8702,-0.8892,-0.8765,-0.8288,-0.7566,-0.6755,-0.5971,-0.5268,-0.466,-0.4142,-0.3708,-0.3368,-0.3155,-0.31,-0.3194,-0.3386,-0.3618,-0.3845,-0.4049,-0.4222,-0.4363,-0.4477,-0.4566,-0.4636,-0.4689,-0.473,-0.476,-0.4783,-0.4801,-0.4815,-0.6643,-0.6891,-0.7228,-0.7681,-0.8269,-0.898,-0.9713,-1.0218,-1.0159,-0.9427,-0.8289,-0.7095,-0.6029,-0.5133,-0.4391,-0.3767,-0.3227,-0.2772,-0.2476,-0.2439,-0.2656,-0.3005,-0.3372,-0.3698,-0.3966,-0.4179,-0.4346,-0.4474,-0.457,-0.4642,-0.4694,-0.4732,-0.4758,-0.4777,-0.4791,-0.4802,-0.6565,-0.6825,-0.7208,-0.7768,-0.8573,-0.9685,-1.1062,-1.2289,-1.2459,-1.1167,-0.922,-0.7429,-0.6004,-0.4895,-0.402,-0.3301,-0.2645,-0.1997,-0.1509,-0.15,-0.1965,-0.2587,-0.3146,-0.3587,-0.3922,-0.4172,-0.4358,-0.4495,-0.4593,-0.4662,-0.4709,-0.4741,-0.4761,-0.4773,-0.4782,-0.4788,-0.6407,-0.6646,-0.7034,-0.7657,-0.8647,-1.0205,-1.2547,-1.5302,-1.615,-1.355,-1.0145,-0.7591,-0.5801,-0.4484,-0.3492,-0.2731,-0.2026,-0.1131,-0.0229,-0.0262,-0.1212,-0.2233,-0.3007,-0.3554,-0.3939,-0.4214,-0.4409,-0.4545,-0.4638,-0.4698,-0.4735,-0.4756,-0.4766,-0.477,-0.477,-0.4771,-0.6159,-0.6327,-0.6648,-0.7242,-0.8286,-1.0074,-1.3142,-1.7713,-1.9707,-1.5136,-1.0328,-0.7329,-0.5328,-0.3815,-0.268,-0.1957,-0.1457,-0.0603,0.0698,0.0617,-0.0844,-0.2161,-0.305,-0.3638,-0.4039,-0.4316,-0.4505,-0.4631,-0.4709,-0.4752,-0.4772,-0.4776,-0.4772,-0.4764,-0.4755,-0.4748,-0.5824,-0.5852,-0.6006,-0.6443,-0.7368,-0.8981,-1.1565,-1.5152,-1.6544,-1.2917,-0.9161,-0.661,-0.4616,-0.2801,-0.1268,-0.0564,-0.0715,-0.074,-0.011,-0.023,-0.1411,-0.2532,-0.332,-0.3856,-0.4228,-0.4484,-0.4653,-0.4754,-0.4806,-0.4822,-0.4816,-0.4798,-0.4775,-0.4751,-0.4731,-0.4716,-0.5434,-0.5239,-0.5078,-0.5191,-0.5936,-0.733,-0.8987,-1.0421,-1.0658,-0.94,-0.7665,-0.5861,-0.3911,-0.1466,0.1435,0.2557,0.0874,-0.0809,-0.1462,-0.1859,-0.2514,-0.3198,-0.3755,-0.4181,-0.45,-0.4723,-0.4858,-0.4921,-0.493,-0.4907,-0.4865,-0.4817,-0.4769,-0.4727,-0.4694,-0.4671,-0.5059,-0.4586,-0.392,-0.3392,-0.4009,-0.5759,-0.7249,-0.8073,-0.8348,-0.8085,-0.7042,-0.5522,-0.3651,-0.0541,0.6008,0.9232,0.3058,-0.0917,-0.2528,-0.3161,-0.3542,-0.3894,-0.424,-0.4567,-0.4845,-0.504,-0.5133,-0.5136,-0.5083,-0.5001,-0.4911,-0.4824,-0.4747,-0.4684,-0.4637,-0.4606,-0.4816,-0.4134,-0.2973,-0.1518,-0.1969,-0.4746,-0.6525,-0.7352,-0.8332,-0.8766,-0.7113,-0.5569,-0.4116,-0.1946,0.4597,0.9199,0.1896,-0.2433,-0.4107,-0.4437,-0.4429,-0.4491,-0.4685,-0.4975,-0.5276,-0.5474,-0.5507,-0.5411,-0.5259,-0.5095,-0.4942,-0.4808,-0.4696,-0.461,-0.4549,-0.4513,-0.4792,-0.4145,-0.3075,-0.1785,-0.2305,-0.4928,-0.6474,-0.697,-0.7578,-0.7964,-0.6835,-0.583,-0.4883,-0.4408,-0.2918,-0.0819,-0.2576,-0.5932,-0.6943,-0.5914,-0.5155,-0.4909,-0.5023,-0.5389,-0.5846,-0.6111,-0.603,-0.5749,-0.5441,-0.5168,-0.4938,-0.4749,-0.46,-0.449,-0.4419,-0.4383,-0.4959,-0.4541,-0.4008,-0.367,-0.4285,-0.566,-0.6616,-0.6904,-0.6936,-0.6894,-0.6657,-0.6845,-0.5931,-0.4832,-0.4396,-0.359,-0.4993,-1.0265,-1.0442,-0.6947,-0.5452,-0.5022,-0.5175,-0.577,-0.6621,-0.7062,-0.6707,-0.6097,-0.5581,-0.5184,-0.4872,-0.4623,-0.4434,-0.4303,-0.4229,-0.4203,-0.52,-0.5004,-0.4849,-0.4906,-0.5346,-0.6017,-0.656,-0.6834,-0.6801,-0.6646,-0.672,-0.8463,-0.8506,-0.1777,-0.3666,-0.351,-0.4012,-0.7545,-0.833,-0.6203,-0.4983,-0.467,-0.5025,-0.5926,-0.727,-0.7944,-0.7203,-0.6265,-0.5588,-0.5095,-0.4708,-0.4397,-0.4165,-0.4019,-0.3955,-0.3957,-0.5423,-0.5358,-0.5357,-0.5482,-0.5758,-0.6109,-0.6408,-0.6573,-0.6604,-0.6637,-0.6662,-0.6351,-0.489,-0.3067,-0.3513,-0.2126,0.004,-0.3499,-0.5088,-0.4594,-0.364,-0.3627,-0.4476,-0.5592,-0.6831,-0.7436,-0.6861,-0.6044,-0.5394,-0.4868,-0.4412,-0.4027,-0.3745,-0.3594,-0.3566,-0.3629,-0.5593,-0.5589,-0.5633,-0.5744,-0.5919,-0.6118,-0.6293,-0.6419,-0.6557,-0.6968,-0.8109,-0.5589,-0.4977,-0.4145,-0.3981,-0.2666,-0.1138,-0.3212,-0.4175,-0.3377,-0.1217,-0.1807,-0.378,-0.5082,-0.5904,-0.6245,-0.6039,-0.5569,-0.5048,-0.4508,-0.3957,-0.3449,-0.3094,-0.2962,-0.3027,-0.3206,-0.5711,-0.5731,-0.5782,-0.5868,-0.5983,-0.6107,-0.6223,-0.6334,-0.6504,-0.6935,-0.7792,-0.6311,-0.4468,-0.3916,-0.4822,-0.477,-0.4321,-0.4342,-0.4259,-0.3485,-0.0947,-0.1687,-0.3836,-0.4983,-0.5497,-0.5646,-0.5514,-0.5164,-0.4671,-0.4059,-0.332,-0.2571,-0.2089,-0.204,-0.231,-0.2697,-0.5792,-0.5819,-0.5865,-0.593,-0.6009,-0.6093,-0.6174,-0.6256,-0.6359,-0.6492,-0.6463,-0.5792,-0.447,-0.4381,-0.6781,-0.7664,-0.6319,-0.4671,-0.348,-0.4688,-0.4234,-0.4161,-0.4877,-0.5371,-0.5565,-0.5656,-0.5511,-0.4979,-0.4332,-0.3576,-0.2518,-0.1293,-0.0592,-0.0787,-0.1458,-0.2164,-0.5847,-0.5874,-0.5914,-0.5964,-0.6021,-0.608,-0.6137,-0.619,-0.6236,-0.625,-0.6161,-0.5933,-0.5836,-0.697,-1.1168,-1.2769,-0.8366,-0.5876,-0.5228,-0.7509,-0.6967,-0.6335,-0.6172,-0.5971,-0.5769,-0.6193,-0.6253,-0.4875,-0.3922,-0.3143,-0.1755,0.0205,0.1202,0.0519,-0.071,-0.1757,-0.5885,-0.5911,-0.5944,-0.5984,-0.6028,-0.6073,-0.6116,-0.6154,-0.6184,-0.6199,-0.6202,-0.6266,-0.6658,-0.8007,-1.0893,-1.1753,-0.8976,-0.7939,-1.0277,-1.1668,-0.9066,-0.8156,-0.7693,-0.6746,-0.5654,-0.5961,-0.6102,-0.3556,-0.3118,-0.2922,-0.1609,0.0759,0.1939,0.097,-0.0506,-0.167,-0.5912,-0.5936,-0.5966,-0.5999,-0.6036,-0.6073,-0.6111,-0.6147,-0.6185,-0.6229,-0.6307,-0.6488,-0.6914,-0.7752,-0.8819,-0.9111,-0.8514,-0.8504,-0.971,-1.0336,-0.9987,-1.0554,-1.0433,-0.8315,-0.5271,-0.2066,0.2048,0.0843,-0.2194,-0.3299,-0.2518,-0.0642,0.0461,-0.0022,-0.106,-0.1981,-0.5933,-0.5956,-0.5982,-0.6012,-0.6045,-0.608,-0.6117,-0.6158,-0.6208,-0.6276,-0.6387,-0.6582,-0.6911,-0.7383,-0.7857,-0.8093,-0.815,-0.843,-0.9095,-0.9969,-1.1766,-1.5266,-1.6112,-1.1506,-0.5854,0.012,0.6197,0.254,-0.3618,-0.5094,-0.4223,-0.2754,-0.1748,-0.1632,-0.2037,-0.2555,-0.5949,-0.5971,-0.5997,-0.6025,-0.6056,-0.6091,-0.613,-0.6177,-0.6235,-0.6315,-0.6433,-0.6607,-0.6851,-0.7151,-0.745,-0.7697,-0.7946,-0.835,-0.9071,-1.0432,-1.3455,-1.8846,-2.0391,-1.4088,-0.7466,-0.2498,-0.0001,-0.341,-0.8658,-0.805,-0.6001,-0.4413,-0.3413,-0.2997,-0.2994,-0.3186,-0.5963,-0.5985,-0.6009,-0.6037,-0.6068,-0.6104,-0.6145,-0.6195,-0.6259,-0.6342,-0.6454,-0.6605,-0.6796,-0.702,-0.7259,-0.7512,-0.7821,-0.828,-0.9043,-1.0409,-1.2867,-1.6101,-1.67,-1.2898,-0.8333,-0.5159,-0.4265,-0.6499,-0.9383,-0.8652,-0.6741,-0.5315,-0.4411,-0.3924,-0.374,-0.3742]},{"header":{"la1":42.85,"la2":41.18,"lo1":11.55,"lo2":14.05,"nx":36,"ny":24,"dx":0.07143,"dy":0.07261,"parameterCategory":2,"parameterNumber":3,"parameterNumberName":"northward_wind","parameterUnit":"m.s-1"},"data":[-0.501,-0.5133,-0.526,-0.5387,-0.551,-0.5616,-0.5691,-0.5717,-0.5683,-0.5586,-0.5439,-0.5259,-0.5062,-0.4861,-0.466,-0.4465,-0.4277,-0.4099,-0.3934,-0.3783,-0.3642,-0.3509,-0.3379,-0.3251,-0.3123,-0.2995,-0.2868,-0.2743,-0.2618,-0.2497,-0.2378,-0.2263,-0.2152,-0.2047,-0.1947,-0.1854,-0.5119,-0.5265,-0.5422,-0.5588,-0.5758,-0.5918,-0.6044,-0.6105,-0.6074,-0.5947,-0.5747,-0.5508,-0.5258,-0.5012,-0.4775,-0.4546,-0.4328,-0.4125,-0.3942,-0.3782,-0.3638,-0.3505,-0.3375,-0.3245,-0.3113,-0.2981,-0.2848,-0.2716,-0.2585,-0.2456,-0.233,-0.2208,-0.2091,-0.1979,-0.1874,-0.1776,-0.5225,-0.5395,-0.5584,-0.5796,-0.603,-0.6274,-0.6492,-0.6621,-0.6602,-0.642,-0.6127,-0.5796,-0.5472,-0.5173,-0.4893,-0.4625,-0.4366,-0.4126,-0.3919,-0.3752,-0.3614,-0.3489,-0.3364,-0.3234,-0.3099,-0.2962,-0.2824,-0.2686,-0.2548,-0.2411,-0.2277,-0.2147,-0.2022,-0.1903,-0.1793,-0.169,-0.5322,-0.5515,-0.5736,-0.5999,-0.6315,-0.6686,-0.7068,-0.7345,-0.7359,-0.7067,-0.6599,-0.6118,-0.5698,-0.5341,-0.5019,-0.4705,-0.4388,-0.4086,-0.3841,-0.3673,-0.3559,-0.3457,-0.3344,-0.3218,-0.3082,-0.2942,-0.2798,-0.2653,-0.2507,-0.2362,-0.2218,-0.2079,-0.1945,-0.1818,-0.1701,-0.1593,-0.5409,-0.5621,-0.5868,-0.6174,-0.6578,-0.712,-0.7792,-0.8399,-0.8516,-0.7973,-0.7159,-0.6448,-0.5918,-0.5516,-0.5166,-0.4804,-0.44,-0.3983,-0.3658,-0.3508,-0.3463,-0.3411,-0.3319,-0.3199,-0.3063,-0.292,-0.2772,-0.2621,-0.2466,-0.231,-0.2155,-0.2004,-0.1859,-0.1722,-0.1597,-0.1483,-0.5488,-0.5714,-0.5973,-0.6297,-0.6756,-0.7469,-0.856,-0.9854,-1.0268,-0.9135,-0.7704,-0.6715,-0.6106,-0.5704,-0.5365,-0.4971,-0.4449,-0.3818,-0.3316,-0.3229,-0.3335,-0.3361,-0.3293,-0.3178,-0.3043,-0.29,-0.275,-0.2592,-0.2427,-0.2258,-0.2087,-0.1921,-0.1762,-0.1614,-0.1479,-0.1358,-0.5567,-0.5807,-0.6065,-0.6364,-0.679,-0.7534,-0.8901,-1.0985,-1.1887,-0.9907,-0.7922,-0.6819,-0.6243,-0.5926,-0.5674,-0.53,-0.4667,-0.3774,-0.3006,-0.3,-0.3266,-0.3337,-0.3271,-0.3157,-0.3028,-0.289,-0.2741,-0.2576,-0.2397,-0.2208,-0.2017,-0.1829,-0.1652,-0.1489,-0.1344,-0.1216,-0.5654,-0.593,-0.6198,-0.644,-0.6711,-0.7217,-0.8262,-0.9879,-1.0538,-0.9073,-0.7611,-0.6757,-0.6342,-0.6223,-0.6202,-0.5945,-0.5235,-0.4226,-0.3397,-0.3253,-0.3361,-0.3346,-0.3251,-0.3139,-0.3027,-0.2906,-0.2762,-0.2587,-0.2385,-0.2166,-0.1943,-0.1727,-0.1526,-0.1345,-0.1187,-0.1052,-0.5756,-0.6117,-0.6475,-0.6708,-0.6729,-0.6766,-0.7174,-0.7892,-0.8298,-0.7998,-0.7294,-0.6672,-0.6422,-0.6617,-0.7157,-0.7213,-0.6194,-0.4961,-0.4096,-0.3681,-0.3488,-0.334,-0.3218,-0.3131,-0.3065,-0.2981,-0.2846,-0.265,-0.2406,-0.2137,-0.1867,-0.161,-0.1378,-0.1175,-0.1003,-0.0861,-0.5843,-0.6357,-0.6987,-0.7481,-0.7234,-0.6486,-0.6272,-0.6922,-0.8265,-0.8731,-0.7569,-0.6646,-0.6424,-0.6921,-0.869,-0.9613,-0.7227,-0.537,-0.4346,-0.3787,-0.3459,-0.3257,-0.3161,-0.3157,-0.3194,-0.3185,-0.3058,-0.2807,-0.2479,-0.2125,-0.1782,-0.147,-0.1198,-0.0969,-0.0783,-0.0637,-0.5839,-0.6495,-0.7498,-0.8677,-0.8338,-0.6259,-0.5184,-0.5924,-0.9896,-1.1908,-0.8054,-0.6519,-0.628,-0.6628,-0.8341,-0.9642,-0.6916,-0.5008,-0.4035,-0.3544,-0.324,-0.3073,-0.3078,-0.3264,-0.3529,-0.3663,-0.3511,-0.3116,-0.2618,-0.2122,-0.1674,-0.1289,-0.0971,-0.0715,-0.0517,-0.037,-0.5663,-0.6282,-0.7244,-0.838,-0.7883,-0.5281,-0.3448,-0.311,-0.6105,-0.8958,-0.6927,-0.6201,-0.6183,-0.6306,-0.626,-0.6437,-0.538,-0.3852,-0.3204,-0.3065,-0.2868,-0.2773,-0.2964,-0.3524,-0.4289,-0.4702,-0.4384,-0.3622,-0.2806,-0.2095,-0.1511,-0.1043,-0.0675,-0.0395,-0.0192,-0.0053,-0.5319,-0.5722,-0.6203,-0.646,-0.5684,-0.3801,-0.1867,-0.2541,-0.0343,-0.4158,-0.5475,-0.6232,-0.644,-0.6086,-0.5668,-0.5562,-0.4541,-0.2461,-0.2266,-0.2576,-0.2355,-0.2295,-0.2741,-0.393,-0.5725,-0.6674,-0.5766,-0.4231,-0.2937,-0.197,-0.1244,-0.0693,-0.0282,0.0013,0.0209,0.0326,-0.4905,-0.5083,-0.5181,-0.5001,-0.4286,-0.3017,-0.1298,0.129,0.0254,-0.3047,-0.4785,-0.671,-0.7363,-0.7556,-0.5989,-0.5618,-0.5144,-0.3302,-0.253,-0.2096,-0.1531,-0.146,-0.2184,-0.4027,-0.7113,-0.8756,-0.687,-0.4474,-0.279,-0.1641,-0.0813,-0.02,0.0241,0.0533,0.0703,0.0777,-0.4514,-0.4551,-0.4483,-0.4222,-0.3695,-0.2923,-0.202,-0.1381,-0.1905,-0.2995,-0.3674,-0.4628,-0.5613,-0.5958,-0.5645,-0.644,-0.8252,-0.4741,-0.2429,-0.0997,0.0025,-0.0009,-0.1087,-0.3049,-0.5882,-0.7403,-0.587,-0.3754,-0.2181,-0.1042,-0.0179,0.0474,0.0929,0.1195,0.1306,0.1305,-0.4187,-0.4157,-0.4045,-0.3818,-0.3468,-0.3038,-0.2641,-0.2468,-0.2604,-0.2591,-0.1724,-0.2913,-0.3594,-0.4429,-0.4536,-0.5547,-0.6768,-0.3584,-0.0871,0.077,0.2285,0.185,0.0205,-0.1489,-0.315,-0.4005,-0.3506,-0.2385,-0.1244,-0.0222,0.0658,0.1359,0.1822,0.2028,0.2029,0.1908,-0.3923,-0.3868,-0.3759,-0.3585,-0.3357,-0.3111,-0.2906,-0.2794,-0.2725,-0.2447,-0.1787,-0.2369,-0.1848,-0.1399,-0.2843,-0.3128,-0.2389,0.0329,0.2626,0.2441,0.2738,0.23,0.0918,-0.036,-0.1439,-0.2058,-0.1986,-0.1308,-0.0335,0.0691,0.1664,0.2477,0.2962,0.305,0.2862,0.256,-0.3708,-0.3648,-0.3553,-0.3422,-0.3266,-0.3106,-0.2968,-0.2861,-0.2751,-0.2582,-0.2401,-0.224,-0.1322,-0.1035,-0.1753,-0.1451,0.0108,0.4826,0.8914,0.4704,0.2737,0.2042,0.1254,0.0275,-0.0921,-0.2103,-0.2261,-0.1088,0.0353,0.1615,0.2778,0.3804,0.4333,0.4205,0.3727,0.3195,-0.3528,-0.3469,-0.3388,-0.3285,-0.3168,-0.3049,-0.2937,-0.2833,-0.2724,-0.2595,-0.244,-0.2208,-0.1837,-0.1552,-0.1171,-0.0941,0.0604,0.4569,0.7069,0.4565,0.3238,0.2478,0.1846,0.0865,-0.104,-0.4228,-0.488,-0.1437,0.1117,0.26,0.3837,0.5061,0.5632,0.5217,0.4432,0.3702,-0.337,-0.3315,-0.3243,-0.3156,-0.306,-0.2959,-0.2857,-0.2754,-0.2642,-0.2511,-0.2347,-0.2124,-0.1829,-0.1458,-0.1052,-0.076,0.0567,0.2761,0.3893,0.392,0.3544,0.3312,0.2998,0.2049,-0.0032,-0.4157,-0.5073,0.041,0.281,0.3815,0.4604,0.5566,0.606,0.5579,0.4745,0.3979,-0.3229,-0.3175,-0.3108,-0.303,-0.2943,-0.285,-0.275,-0.2643,-0.2523,-0.2381,-0.2204,-0.1976,-0.1681,-0.1313,-0.0891,-0.0334,0.0705,0.2126,0.3263,0.3675,0.4094,0.5047,0.5315,0.4241,0.2942,0.3072,0.6516,0.6359,0.5549,0.5452,0.5336,0.544,0.5584,0.5279,0.4671,0.4031,-0.3098,-0.3044,-0.298,-0.2905,-0.2822,-0.273,-0.2629,-0.2516,-0.2386,-0.2232,-0.2042,-0.1805,-0.1506,-0.1137,-0.068,-0.0071,0.0784,0.1826,0.2833,0.3837,0.567,0.8745,0.9654,0.7126,0.5505,0.7028,1.0641,0.9153,0.8121,0.7666,0.6564,0.5722,0.5306,0.4946,0.448,0.3966,-0.2975,-0.292,-0.2856,-0.2782,-0.2699,-0.2605,-0.25,-0.238,-0.2241,-0.2076,-0.1877,-0.1632,-0.133,-0.0958,-0.0495,0.0094,0.0842,0.1744,0.2809,0.4317,0.7105,1.1506,1.2704,0.896,0.6646,0.7041,0.8392,0.9201,1.1034,1.0188,0.7941,0.6328,0.5413,0.4834,0.4346,0.3878,-0.2858,-0.2802,-0.2736,-0.2661,-0.2576,-0.2479,-0.237,-0.2244,-0.2097,-0.1925,-0.1718,-0.1468,-0.1166,-0.0797,-0.0346,0.021,0.0895,0.1734,0.2805,0.4335,0.6682,0.9474,1.0182,0.8225,0.6698,0.668,0.7605,0.9351,1.1389,1.0566,0.8345,0.6614,0.5513,0.4793,0.4251,0.3788]}]