docs/data/wind_grid.json
[{"header":{"la1":42.85,"la2":41.18,"lo1":11.55,"lo2":14.05,"nx":36,"ny":24,"dx":0.07143,"dy":0.07261,"parameterCategory":2,"parameterNumber":2,"parameterNumberName":"eastward_wind","parameterUnit":"m.s-1"},"data":[-0.732,-0.7385,-0.7459,-0.754,-0.7627,-0.7715,-0.7801,-0.788,-0.7958,-0.8045,-0.8163,-0.8336,-0.8578,-0.8877,-0.9183,-0.9407,-0.9466,-0.9343,-0.909,-0.8784,-0.8481,-0.8206,-0.7968,-0.7764,-0.7589,-0.7439,-0.7309,-0.7195,-0.7096,-0.7008,-0.6931,-0.6864,-0.6804,-0.6751,-0.6705,-0.6664,-0.7328,-0.7402,-0.7488,-0.7586,-0.7693,-0.7804,-0.791,-0.8,-0.8072,-0.8144,-0.8254,-0.8451,-0.8776,-0.9232,-0.9749,-1.015,-1.0244,-1.0,-0.9561,-0.9088,-0.8666,-0.8315,-0.8028,-0.7794,-0.7599,-0.7434,-0.7294,-0.7174,-0.7069,-0.6978,-0.6899,-0.6829,-0.6769,-0.6716,-0.6669,-0.6628,-0.7331,-0.7414,-0.7514,-0.7633,-0.7771,-0.7921,-0.8067,-0.8179,-0.824,-0.8268,-0.8333,-0.8526,-0.8935,-0.9614,-1.0493,-1.124,-1.1381,-1.0868,-1.0096,-0.9382,-0.8818,-0.8389,-0.806,-0.7801,-0.759,-0.7415,-0.7267,-0.7141,-0.7033,-0.6939,-0.6858,-0.6788,-0.6727,-0.6674,-0.6628,-0.6588,-0.7326,-0.7417,-0.7531,-0.7675,-0.7856,-0.8072,-0.8298,-0.8473,-0.8524,-0.8458,-0.8404,-0.8527,-0.8978,-0.9891,-1.1286,-1.2634,-1.2828,-1.1803,-1.0548,-0.957,-0.8887,-0.8407,-0.8053,-0.778,-0.756,-0.7378,-0.7226,-0.7096,-0.6986,-0.6891,-0.681,-0.6739,-0.6679,-0.6627,-0.6582,-0.6543,-0.7311,-0.7406,-0.7531,-0.7699,-0.793,-0.8243,-0.8626,-0.8968,-0.9043,-0.8784,-0.8476,-0.8423,-0.8806,-0.9799,-1.1547,-1.3458,-1.3697,-1.2192,-1.0617,-0.9534,-0.8832,-0.8355,-0.8005,-0.7731,-0.7509,-0.7325,-0.717,-0.7038,-0.6927,-0.6832,-0.6752,-0.6683,-0.6623,-0.6573,-0.653,-0.6493,-0.7284,-0.7378,-0.7505,-0.7685,-0.7956,-0.8374,-0.9,-0.9723,-0.9942,-0.9289,-0.8522,-0.8191,-0.8383,-0.9167,-1.0619,-1.2235,-1.2511,-1.1355,-1.011,-0.9242,-0.8662,-0.8246,-0.7924,-0.766,-0.744,-0.7254,-0.7098,-0.6967,-0.6857,-0.6763,-0.6684,-0.6617,-0.656,-0.6512,-0.6471,-0.6437,-0.7244,-0.733,-0.7447,-0.7616,-0.7882,-0.8334,-0.9133,-1.0325,-1.0836,-0.9612,-0.8354,-0.779,-0.7774,-0.8215,-0.9052,-0.9948,-1.0257,-0.9884,-0.9326,-0.8846,-0.8457,-0.8125,-0.7833,-0.7577,-0.7356,-0.7168,-0.7011,-0.6881,-0.6773,-0.6683,-0.6608,-0.6544,-0.649,-0.6444,-0.6406,-0.6375,-0.7196,-0.7267,-0.7362,-0.7494,-0.7696,-0.8035,-0.8641,-0.9571,-0.9921,-0.8806,-0.7721,-0.7192,-0.7064,-0.7255,-0.7709,-0.8263,-0.8665,-0.8807,-0.8755,-0.8585,-0.8336,-0.8048,-0.7756,-0.7488,-0.7257,-0.7064,-0.6908,-0.6781,-0.6677,-0.6592,-0.6522,-0.6462,-0.6412,-0.6369,-0.6335,-0.6307,-0.7143,-0.7199,-0.7266,-0.7351,-0.746,-0.7605,-0.7795,-0.7957,-0.7801,-0.7279,-0.6811,-0.6485,-0.6305,-0.6354,-0.6692,-0.7266,-0.7905,-0.8418,-0.8674,-0.8643,-0.8398,-0.8055,-0.7703,-0.7392,-0.7138,-0.6938,-0.6783,-0.6663,-0.6568,-0.6491,-0.6427,-0.6372,-0.6325,-0.6287,-0.6256,-0.6232,-0.7091,-0.7134,-0.718,-0.7229,-0.7271,-0.7284,-0.7212,-0.6932,-0.6375,-0.6035,-0.6031,-0.5819,-0.5499,-0.5386,-0.5752,-0.6622,-0.7759,-0.8778,-0.9281,-0.9173,-0.8702,-0.8146,-0.7652,-0.7266,-0.6982,-0.6779,-0.6635,-0.6529,-0.6447,-0.638,-0.6323,-0.6274,-0.6231,-0.6195,-0.6168,-0.6148,-0.7044,-0.7079,-0.7116,-0.7152,-0.7182,-0.7187,-0.7106,-0.6724,-0.5588,-0.5071,-0.5587,-0.5278,-0.459,-0.4095,-0.4568,-0.6086,-0.8224,-1.0273,-1.1033,-1.0361,-0.9231,-0.8244,-0.7533,-0.7062,-0.6764,-0.6577,-0.6459,-0.6378,-0.6316,-0.6263,-0.6214,-0.6168,-0.6128,-0.6094,-0.6069,-0.6054,-0.7003,-0.7035,-0.7071,-0.7116,-0.7176,-0.7264,-0.7398,-0.7422,-0.6447,-0.5609,-0.557,-0.4903,-0.3689,-0.2169,-0.297,-0.5642,-0.9517,-1.4133,-1.4992,-1.225,-0.9733,-0.8136,-0.7215,-0.6714,-0.6454,-0.6324,-0.6258,-0.6217,-0.6183,-0.6145,-0.6101,-0.6055,-0.6013,-0.5979,-0.5956,-0.5947,-0.6965,-0.6997,-0.7037,-0.7094,-0.7184,-0.7347,-0.7653,-0.806,-0.7596,-0.6508,-0.5676,-0.4752,-0.3759,-0.1587,-0.2384,-0.5834,-1.0964,-2.0279,-2.0421,-1.3505,-0.9459,-0.7449,-0.6525,-0.6155,-0.6041,-0.6029,-0.6047,-0.6062,-0.6059,-0.6033,-0.5987,-0.5933,-0.5881,-0.5843,-0.5823,-0.5822,-0.6929,-0.696,-0.7001,-0.706,-0.7153,-0.7307,-0.7548,-0.7803,-0.7536,-0.6722,-0.5909,-0.4684,-0.423,-0.4055,-0.4543,-0.6983,-1.039,-1.577,-1.636,-1.1185,-0.7496,-0.5791,-0.5331,-0.5378,-0.5554,-0.5727,-0.5858,-0.5937,-0.5962,-0.5936,-0.5873,-0.5793,-0.5721,-0.5674,-0.5658,-0.5671,-0.6893,-0.6921,-0.6958,-0.7009,-0.7082,-0.7181,-0.7294,-0.7339,-0.7183,-0.696,-0.6776,-0.6195,-0.5364,-0.4969,-0.5758,-0.8786,-1.1383,-1.0394,-0.954,-0.6692,-0.3706,-0.2947,-0.3683,-0.4502,-0.5094,-0.5491,-0.5742,-0.5877,-0.5914,-0.5865,-0.5755,-0.5621,-0.5509,-0.545,-0.5447,-0.5487,-0.6856,-0.688,-0.691,-0.6949,-0.6998,-0.7054,-0.7102,-0.7123,-0.716,-0.7465,-0.8347,-0.7891,-0.7095,-0.6167,-0.6588,-0.8472,-1.0128,-0.8092,-0.5896,-0.2859,0.1236,0.0546,-0.2142,-0.3844,-0.4829,-0.5416,-0.5755,-0.592,-0.594,-0.5829,-0.5618,-0.5379,-0.5202,-0.5135,-0.5169,-0.5262,-0.6817,-0.6836,-0.686,-0.6888,-0.6921,-0.6957,-0.6993,-0.7046,-0.7182,-0.757,-0.8246,-0.7879,-0.7921,-0.8036,-0.7064,-0.7041,-0.6703,-0.4782,-0.2807,-0.1396,0.1924,0.1018,-0.188,-0.3759,-0.4899,-0.5572,-0.5931,-0.609,-0.6065,-0.5834,-0.5435,-0.5005,-0.473,-0.4687,-0.4811,-0.5,-0.6779,-0.6793,-0.681,-0.6831,-0.6854,-0.6881,-0.6917,-0.6978,-0.7097,-0.7302,-0.7496,-0.7548,-0.8019,-0.8078,-0.7022,-0.6422,-0.5066,-0.1596,0.119,-0.0963,-0.1089,-0.1427,-0.2793,-0.4192,-0.5277,-0.5912,-0.62,-0.6373,-0.6318,-0.5903,-0.5181,-0.4425,-0.4031,-0.4096,-0.4398,-0.4731,-0.674,-0.675,-0.6762,-0.6776,-0.6793,-0.6814,-0.6843,-0.689,-0.6964,-0.706,-0.7142,-0.7204,-0.7277,-0.7113,-0.6852,-0.6792,-0.4995,-0.1828,-0.0021,-0.1523,-0.2195,-0.2743,-0.3605,-0.4715,-0.5748,-0.6141,-0.622,-0.6732,-0.6768,-0.6102,-0.4924,-0.3723,-0.3235,-0.3512,-0.4045,-0.4528,-0.6702,-0.6708,-0.6715,-0.6724,-0.6734,-0.6748,-0.6767,-0.6794,-0.683,-0.6867,-0.6891,-0.6887,-0.6831,-0.6695,-0.6655,-0.6512,-0.5075,-0.3149,-0.2106,-0.201,-0.2555,-0.3179,-0.3934,-0.5024,-0.62,-0.643,-0.6421,-0.7756,-0.7633,-0.6551,-0.4967,-0.3463,-0.2929,-0.3317,-0.3945,-0.4478,-0.6664,-0.6667,-0.6669,-0.6672,-0.6676,-0.6681,-0.6688,-0.6697,-0.6705,-0.6705,-0.6687,-0.6638,-0.6541,-0.6393,-0.6204,-0.5805,-0.4898,-0.3709,-0.2762,-0.2526,-0.2856,-0.3131,-0.3625,-0.4878,-0.6748,-0.8809,-1.131,-1.0805,-0.8966,-0.7235,-0.5528,-0.4112,-0.3533,-0.3726,-0.4185,-0.4615,-0.6627,-0.6626,-0.6624,-0.6622,-0.662,-0.6617,-0.6612,-0.6605,-0.6591,-0.6566,-0.652,-0.6443,-0.6323,-0.6148,-0.5891,-0.5482,-0.486,-0.4124,-0.351,-0.3187,-0.2916,-0.2291,-0.2251,-0.3981,-0.6781,-1.0358,-1.3625,-1.2335,-0.9725,-0.7769,-0.6234,-0.509,-0.4506,-0.4437,-0.4629,-0.4882,-0.6592,-0.6587,-0.6581,-0.6574,-0.6566,-0.6555,-0.654,-0.652,-0.6491,-0.6449,-0.6385,-0.6292,-0.6159,-0.5974,-0.5718,-0.5366,-0.4913,-0.4411,-0.3943,-0.3496,-0.278,-0.1493,-0.1121,-0.3145,-0.6084,-0.9063,-1.1043,-1.0732,-0.9253,-0.7823,-0.6664,-0.5802,-0.5282,-0.5078,-0.5081,-0.5179,-0.6557,-0.6549,-0.654,-0.6528,-0.6514,-0.6497,-0.6474,-0.6445,-0.6405,-0.6351,-0.6277,-0.6177,-0.6042,-0.5864,-0.5632,-0.534,-0.4993,-0.4614,-0.422,-0.3765,-0.3104,-0.227,-0.2176,-0.3531,-0.557,-0.7506,-0.8737,-0.8903,-0.8326,-0.7528,-0.6776,-0.617,-0.5753,-0.5523,-0.5438,-0.5441]},{"header":{"la1":42.85,"la2":41.18,"lo1":11.55,"lo2":14.05,"nx":36,"ny":24,"dx":0.07143,"dy":0.07261,"parameterCategory":2,"parameterNumber":3,"parameterNumberName":"northward_wind","parameterUnit":"m.s-1"},"data":[-0.4626,-0.4494,-0.4341,-0.4171,-0.399,-0.3814,-0.3662,-0.3555,-0.35,-0.3489,-0.3491,-0.3469,-0.3395,-0.3265,-0.311,-0.2991,-0.2968,-0.306,-0.3231,-0.3432,-0.3626,-0.3797,-0.3941,-0.4063,-0.4168,-0.4259,-0.4342,-0.4419,-0.4491,-0.4561,-0.4628,-0.4693,-0.4756,-0.4816,-0.4873,-0.4926,-0.4643,-0.4489,-0.4302,-0.4082,-0.3837,-0.3588,-0.3369,-0.3221,-0.3172,-0.3209,-0.3277,-0.3301,-0.322,-0.3015,-0.2733,-0.2499,-0.2453,-0.2625,-0.292,-0.3232,-0.3502,-0.372,-0.3891,-0.4028,-0.4141,-0.4239,-0.4327,-0.4408,-0.4486,-0.4561,-0.4633,-0.4704,-0.4772,-0.4837,-0.4898,-0.4955,-0.468,-0.4504,-0.4277,-0.3994,-0.3656,-0.3286,-0.2938,-0.2703,-0.2659,-0.2797,-0.3006,-0.3136,-0.3071,-0.2757,-0.2245,-0.1778,-0.1696,-0.2049,-0.257,-0.3042,-0.3403,-0.3666,-0.3858,-0.4005,-0.4123,-0.4224,-0.4315,-0.4401,-0.4483,-0.4564,-0.4642,-0.4719,-0.4793,-0.4863,-0.493,-0.4991,-0.4747,-0.4552,-0.4287,-0.393,-0.3465,-0.2898,-0.2304,-0.1863,-0.1799,-0.2144,-0.2646,-0.2997,-0.3007,-0.2581,-0.1731,-0.0849,-0.0723,-0.1425,-0.2277,-0.2927,-0.3362,-0.3651,-0.385,-0.3996,-0.4113,-0.4213,-0.4306,-0.4395,-0.4483,-0.4569,-0.4655,-0.4739,-0.482,-0.4897,-0.4969,-0.5036,-0.4852,-0.4652,-0.436,-0.3934,-0.3319,-0.2466,-0.1413,-0.0476,-0.0292,-0.1084,-0.2184,-0.293,-0.3109,-0.2667,-0.1577,-0.0295,-0.0133,-0.1171,-0.225,-0.2971,-0.3411,-0.3684,-0.3866,-0.3998,-0.4107,-0.4204,-0.4297,-0.439,-0.4484,-0.4578,-0.4672,-0.4765,-0.4855,-0.494,-0.5019,-0.5091,-0.5003,-0.4817,-0.4527,-0.4069,-0.3337,-0.217,-0.0416,0.1598,0.2214,0.0435,-0.1756,-0.3039,-0.3442,-0.3147,-0.2243,-0.115,-0.0964,-0.1775,-0.2634,-0.3203,-0.3545,-0.3755,-0.3897,-0.4005,-0.41,-0.4192,-0.4285,-0.4383,-0.4485,-0.459,-0.4695,-0.48,-0.49,-0.4994,-0.5081,-0.5158,-0.5201,-0.5057,-0.4814,-0.4399,-0.3677,-0.239,-0.0105,0.3241,0.4652,0.139,-0.1918,-0.3512,-0.402,-0.3904,-0.3392,-0.2793,-0.2591,-0.2864,-0.3246,-0.3534,-0.3718,-0.3837,-0.3925,-0.4003,-0.4083,-0.417,-0.4267,-0.4373,-0.4487,-0.4605,-0.4726,-0.4844,-0.4958,-0.5064,-0.5159,-0.5243,-0.5437,-0.5362,-0.5214,-0.4936,-0.4414,-0.3431,-0.1617,0.1112,0.2165,-0.069,-0.3297,-0.4446,-0.4786,-0.4719,-0.4424,-0.4064,-0.382,-0.3753,-0.3782,-0.3826,-0.3861,-0.3891,-0.3927,-0.3977,-0.4045,-0.4133,-0.4238,-0.4357,-0.4488,-0.4626,-0.4766,-0.4903,-0.5033,-0.5153,-0.5258,-0.5348,-0.5693,-0.5705,-0.5687,-0.5611,-0.5421,-0.503,-0.4362,-0.3626,-0.3705,-0.4699,-0.5385,-0.56,-0.5604,-0.5476,-0.5213,-0.4862,-0.4525,-0.4272,-0.4107,-0.3998,-0.3925,-0.3885,-0.388,-0.391,-0.3976,-0.4072,-0.4194,-0.4334,-0.449,-0.4653,-0.4819,-0.4981,-0.5132,-0.5268,-0.5385,-0.5481,-0.5944,-0.6046,-0.6166,-0.6305,-0.6457,-0.6613,-0.6782,-0.71,-0.7803,-0.805,-0.7232,-0.6578,-0.6322,-0.6177,-0.5877,-0.5392,-0.4886,-0.4495,-0.4227,-0.4033,-0.3888,-0.3796,-0.3763,-0.3788,-0.3865,-0.3982,-0.4131,-0.4303,-0.4492,-0.4691,-0.4892,-0.5085,-0.5264,-0.5419,-0.5548,-0.5649,-0.6163,-0.6344,-0.6584,-0.6905,-0.7337,-0.7895,-0.8518,-0.9049,-0.9962,-1.0476,-0.8327,-0.711,-0.6893,-0.6975,-0.6614,-0.5787,-0.4991,-0.4493,-0.4206,-0.396,-0.3744,-0.3602,-0.3552,-0.3592,-0.37,-0.3857,-0.4048,-0.4265,-0.45,-0.4746,-0.4993,-0.5229,-0.5441,-0.5621,-0.5762,-0.5863,-0.6329,-0.6565,-0.6885,-0.733,-0.7955,-0.8821,-0.9892,-1.0624,-1.0196,-0.9772,-0.8104,-0.7143,-0.7317,-0.8213,-0.7607,-0.5989,-0.4774,-0.4386,-0.4226,-0.3841,-0.3476,-0.3258,-0.3209,-0.3297,-0.3472,-0.3694,-0.3945,-0.4219,-0.4515,-0.4825,-0.5135,-0.5428,-0.5685,-0.5892,-0.6043,-0.6138,-0.6428,-0.6688,-0.704,-0.7529,-0.8226,-0.9229,-1.0612,-1.193,-1.095,-0.8847,-0.7381,-0.696,-0.7134,-0.8563,-0.7879,-0.5397,-0.3978,-0.4562,-0.4561,-0.3616,-0.2964,-0.2648,-0.2657,-0.2875,-0.3175,-0.3494,-0.3821,-0.4167,-0.4541,-0.4937,-0.5336,-0.571,-0.6026,-0.6264,-0.6417,-0.6493,-0.6459,-0.6711,-0.7045,-0.7495,-0.8115,-0.8969,-1.0067,-1.1061,-1.0265,-0.7899,-0.655,-0.6964,-0.7105,-0.5195,-0.5435,-0.3029,-0.1122,-0.3012,-0.3625,-0.2769,-0.1852,-0.1482,-0.1766,-0.2305,-0.2824,-0.3267,-0.3676,-0.4102,-0.4576,-0.5094,-0.5624,-0.6115,-0.6512,-0.6781,-0.6919,-0.695,-0.643,-0.6649,-0.6927,-0.7279,-0.7721,-0.8248,-0.8765,-0.8902,-0.7968,-0.6233,-0.5057,-0.5021,-0.4956,-0.4097,-0.3836,0.1394,0.7112,0.0716,-0.1853,-0.1208,0.0626,0.0838,-0.0436,-0.1658,-0.2478,-0.3027,-0.3488,-0.3996,-0.4605,-0.5306,-0.6039,-0.671,-0.7219,-0.7509,-0.7595,-0.7532,-0.6356,-0.6529,-0.6734,-0.6968,-0.7219,-0.7439,-0.7507,-0.7188,-0.6229,-0.4647,-0.2834,-0.3222,-0.3722,-0.3986,-0.3216,0.0716,0.4509,0.0032,-0.2045,0.0269,0.5508,0.4531,0.0888,-0.1226,-0.2236,-0.2747,-0.318,-0.3776,-0.4592,-0.5581,-0.6642,-0.7602,-0.8265,-0.854,-0.849,-0.8252,-0.6254,-0.638,-0.6513,-0.6644,-0.6747,-0.6772,-0.663,-0.6204,-0.54,-0.4211,-0.2954,-0.3248,-0.3078,-0.2872,-0.3546,-0.2849,-0.2436,-0.4246,-0.5245,-0.138,0.5945,0.4684,0.0616,-0.1411,-0.2115,-0.2258,-0.253,-0.3296,-0.4479,-0.5928,-0.7514,-0.8945,-0.9811,-0.9963,-0.9623,-0.9088,-0.6142,-0.6224,-0.63,-0.6356,-0.6367,-0.6298,-0.6097,-0.572,-0.5154,-0.448,-0.3945,-0.3715,-0.3112,-0.3106,-0.4831,-0.5534,-0.573,-0.8374,-1.1138,-0.6428,-0.1609,-0.0402,-0.1418,-0.2111,-0.1895,-0.1118,-0.1089,-0.2398,-0.426,-0.6346,-0.8691,-1.0849,-1.1936,-1.1744,-1.089,-0.9937,-0.6031,-0.6079,-0.6114,-0.6122,-0.6086,-0.5984,-0.5793,-0.5502,-0.5128,-0.4737,-0.443,-0.4252,-0.4231,-0.4974,-0.7435,-0.8354,-0.7129,-0.8669,-1.0196,-0.8354,-0.5812,-0.3971,-0.3342,-0.2871,-0.1532,0.0956,0.1435,-0.1428,-0.4208,-0.6806,-0.9905,-1.2925,-1.4162,-1.3411,-1.1947,-1.0588,-0.5929,-0.5953,-0.596,-0.5942,-0.5888,-0.5785,-0.5626,-0.5413,-0.5168,-0.4935,-0.4769,-0.4736,-0.4964,-0.5781,-0.7401,-0.7956,-0.7272,-0.79,-0.9307,-0.9811,-0.7407,-0.5571,-0.4612,-0.3751,-0.2137,0.0985,0.1642,-0.2508,-0.4953,-0.7207,-1.0376,-1.3697,-1.4962,-1.3968,-1.2289,-1.0804,-0.5839,-0.5847,-0.5839,-0.5809,-0.5751,-0.566,-0.5536,-0.5385,-0.5226,-0.5089,-0.5015,-0.5057,-0.5292,-0.58,-0.6469,-0.6815,-0.6914,-0.7426,-0.8359,-0.8525,-0.7228,-0.6152,-0.5552,-0.4886,-0.4173,-0.4352,-0.6939,-0.6888,-0.6447,-0.7468,-0.9764,-1.2358,-1.3537,-1.2985,-1.1733,-1.0509,-0.5763,-0.5761,-0.5745,-0.5711,-0.5658,-0.5583,-0.5489,-0.5384,-0.5282,-0.5205,-0.5181,-0.5241,-0.5416,-0.571,-0.6048,-0.6314,-0.6543,-0.6869,-0.7203,-0.7163,-0.6715,-0.6503,-0.6416,-0.5893,-0.5738,-0.7262,-0.9852,-0.882,-0.7403,-0.756,-0.8838,-1.0428,-1.1362,-1.1308,-1.0662,-0.9869,-0.57,-0.5692,-0.5673,-0.5641,-0.5595,-0.5535,-0.5466,-0.5393,-0.5329,-0.5288,-0.5287,-0.5343,-0.5466,-0.5648,-0.5857,-0.6056,-0.6247,-0.6438,-0.6574,-0.6568,-0.6522,-0.6736,-0.6833,-0.636,-0.6244,-0.7085,-0.8131,-0.7974,-0.7412,-0.7454,-0.812,-0.9013,-0.9654,-0.9807,-0.9564,-0.913,-0.5648,-0.5637,-0.5618,-0.559,-0.5551,-0.5505,-0.5455,-0.5405,-0.5365,-0.5344,-0.5353,-0.54,-0.5487,-0.561,-0.5751,-0.5896,-0.6035,-0.6159,-0.6247,-0.6295,-0.6372,-0.6539,-0.6571,-0.6346,-0.6288,-0.6624,-0.7045,-0.7156,-0.7098,-0.7219,-0.7607,-0.8118,-0.8535,-0.8718,-0.8665,-0.8455]}]