docs/data/wind_grid.json
[{"header":{"la1":42.85,"la2":41.18,"lo1":11.55,"lo2":14.05,"nx":36,"ny":24,"dx":0.07143,"dy":0.07261,"parameterCategory":2,"parameterNumber":2,"parameterNumberName":"eastward_wind","parameterUnit":"m.s-1"},"data":[2.2265,2.1725,2.1105,2.0422,1.9711,1.9035,1.8482,1.8143,1.8083,1.8304,1.8744,1.9309,1.9915,2.0508,2.1064,2.1573,2.2024,2.2395,2.2657,2.2789,2.2786,2.2669,2.2474,2.2234,2.1981,2.1734,2.1506,2.1304,2.1133,2.0991,2.0878,2.0792,2.073,2.0688,2.0664,2.0656,2.2321,2.1684,2.0918,2.0028,1.9047,1.8061,1.7211,1.6674,1.6588,1.6966,1.7678,1.8538,1.9402,2.0201,2.0927,2.1593,2.2199,2.2713,2.3075,2.3235,2.3186,2.2971,2.2659,2.2307,2.1957,2.1633,2.1347,2.1105,2.0906,2.0748,2.0629,2.0542,2.0483,2.0448,2.0433,2.0434,2.2476,2.1744,2.0813,1.9661,1.8298,1.6815,1.5433,1.4502,1.4352,1.5031,1.6241,1.7587,1.8819,1.9873,2.0794,2.1655,2.2486,2.3237,2.3774,2.3971,2.3814,2.3413,2.2904,2.2383,2.1903,2.1483,2.113,2.0843,2.0618,2.0449,2.0328,2.0246,2.0197,2.0173,2.0171,2.0186,2.2773,2.1968,2.0878,1.9423,1.7546,1.5286,1.2922,1.1143,1.081,1.2127,1.4317,1.6475,1.8207,1.9537,2.0647,2.1732,2.2903,2.4086,2.4972,2.5211,2.4795,2.4027,2.3192,2.2432,2.1784,2.1251,2.0825,2.0496,2.025,2.0077,1.9963,1.9896,1.9864,1.9859,1.9875,1.9908,2.3259,2.2437,2.1237,1.9498,1.7021,1.364,0.9501,0.5783,0.4896,0.7709,1.1896,1.5348,1.767,1.921,2.0426,2.1725,2.3396,2.5411,2.7062,2.7323,2.6259,2.4783,2.3452,2.2382,2.1544,2.0892,2.0395,2.003,1.9777,1.9615,1.9522,1.9482,1.9478,1.9501,1.9542,1.9598,2.3974,2.3233,2.2047,2.0157,1.7173,1.2534,0.5688,-0.2195,-0.4757,0.1654,0.9537,1.4619,1.7376,1.8888,1.9993,2.1383,2.3664,2.7123,3.0438,3.0572,2.8042,2.5433,2.3504,2.2122,2.1103,2.0342,1.9786,1.9405,1.9167,1.9039,1.8991,1.8997,1.9036,1.9096,1.917,1.9254,2.4937,2.4417,2.3447,2.1686,1.8598,1.3305,0.433,-0.8676,-1.4209,-0.235,0.9093,1.4907,1.7473,1.85,1.9103,2.0269,2.2921,2.7803,3.3297,3.3133,2.888,2.5375,2.3086,2.1518,2.037,1.9523,1.8933,1.8566,1.838,1.8326,1.8356,1.8433,1.8533,1.8642,1.8755,1.8873,2.6116,2.5989,2.5506,2.425,2.162,1.6919,0.9225,-0.1358,-0.5573,0.3595,1.2128,1.6375,1.7912,1.7863,1.7311,1.7772,2.0328,2.4976,2.9916,3.022,2.7009,2.4111,2.204,2.0477,1.9251,1.8334,1.7736,1.7436,1.7369,1.7452,1.7608,1.779,1.7969,1.8138,1.8297,1.8452,2.7411,2.7847,2.8169,2.7831,2.5966,2.2294,1.7392,1.2513,1.0707,1.2956,1.6165,1.8275,1.8538,1.6817,1.3707,1.2746,1.6062,2.0362,2.3614,2.4586,2.362,2.2077,2.0501,1.8985,1.7632,1.661,1.6041,1.5906,1.6076,1.6395,1.6748,1.7073,1.7351,1.7587,1.7793,1.7986,2.863,2.9699,3.1118,3.2216,3.1042,2.7513,2.3866,2.0232,1.6401,1.5298,1.8031,1.998,1.9524,1.61,0.7482,0.3143,1.1668,1.7206,1.9752,2.0833,2.086,2.0092,1.8741,1.7018,1.5289,1.4039,1.3575,1.3817,1.4444,1.516,1.5798,1.6304,1.669,1.6988,1.7237,1.7466,2.9524,3.1023,3.3333,3.5994,3.5335,3.1332,2.8876,2.5195,1.4004,0.8685,1.8356,2.1912,2.118,1.7947,0.9225,0.3075,1.223,1.6199,1.7527,1.8578,1.9047,1.8512,1.6916,1.4435,1.1737,0.9979,0.9862,1.097,1.2464,1.3806,1.4819,1.5521,1.5997,1.6336,1.6612,1.6871,2.9937,3.1392,3.3495,3.5728,3.5256,3.3242,3.4224,3.5131,2.4873,1.6707,2.262,2.5061,2.3048,1.9045,1.807,1.6491,1.6501,1.457,1.421,1.6631,1.7914,1.74,1.5112,1.0992,0.6034,0.3181,0.4197,0.7281,1.0299,1.2506,1.3924,1.4772,1.5274,1.5606,1.5882,1.6169,2.9949,3.1053,3.2355,3.3394,3.3551,3.4281,3.7818,4.2852,3.8114,2.9581,2.8488,3.0353,2.7959,1.8962,1.9882,2.1744,1.9076,0.8806,0.8483,1.5402,1.7559,1.6842,1.3645,0.6937,-0.271,-0.7826,-0.3563,0.3369,0.8511,1.1593,1.3259,1.4085,1.4482,1.4726,1.4976,1.5298,2.9772,3.0557,3.1374,3.2083,3.2783,3.4209,3.7015,4.0099,3.7895,3.2532,3.1481,3.5436,3.6608,3.354,2.7168,2.6858,2.5488,1.6212,1.3732,1.7308,1.8021,1.6807,1.3279,0.4692,-1.0364,-1.8487,-0.9369,0.1537,0.8119,1.1457,1.292,1.3399,1.3483,1.3543,1.3761,1.4168,2.9555,3.0144,3.0754,3.1378,3.2124,3.3209,3.4586,3.5372,3.4201,3.2475,3.2253,3.2875,3.2607,3.1941,3.0524,3.3057,3.8441,2.816,2.2167,1.9883,1.775,1.6516,1.4376,0.7607,-0.4829,-1.1968,-0.4736,0.4456,0.9863,1.2232,1.2792,1.2463,1.1964,1.1768,1.2028,1.2657,2.9348,2.982,3.0314,3.084,3.1432,3.2098,3.2693,3.2872,3.2536,3.2468,3.3374,3.2923,3.2424,3.173,3.1315,3.3349,3.6137,3.0254,2.5212,2.0135,1.3858,1.4452,1.5902,1.321,0.7837,0.468,0.6998,1.0899,1.3198,1.355,1.2456,1.0723,0.9324,0.8913,0.9486,1.0641,2.916,2.955,2.9957,3.0382,3.0821,3.1247,3.158,3.1748,3.1859,3.229,3.3153,3.2804,3.2903,3.3029,3.1935,3.1811,3.1351,2.95,2.7286,2.205,1.353,1.4748,1.7953,1.8035,1.6993,1.6686,1.7294,1.7624,1.6907,1.4792,1.1266,0.7243,0.4553,0.4295,0.5863,0.8099,2.8985,2.9314,2.9653,2.9996,3.0335,3.0648,3.0911,3.1126,3.1366,3.1722,3.2086,3.2283,3.296,3.3223,3.3138,3.3099,3.1437,3.0257,3.0524,2.7112,2.221,2.0683,2.1399,2.207,2.3101,2.4761,2.52,2.3416,2.0326,1.5657,0.8738,0.0891,-0.3573,-0.2561,0.1288,0.5328,2.8823,2.9104,2.9389,2.9674,2.9951,3.021,3.0448,3.0675,3.092,3.12,3.1488,3.1804,3.2291,3.3165,3.6221,3.7513,3.2882,3.0817,3.077,3.0247,2.751,2.5324,2.4767,2.5334,2.7244,3.0455,3.1132,2.7818,2.3301,1.6589,0.5731,-0.7723,-1.4223,-1.0155,-0.2891,0.3185,2.8671,2.8914,2.9159,2.9402,2.9638,2.9865,3.0083,3.0299,3.0525,3.0769,3.1036,3.137,3.1902,3.3059,3.5604,3.6292,3.2965,3.1338,3.262,3.3539,3.0067,2.7908,2.7238,2.7594,2.9223,3.1826,3.2384,3.0085,2.5949,1.8756,0.6001,-1.1035,-1.8796,-1.2818,-0.3958,0.2851,2.8526,2.8739,2.8953,2.9164,2.9371,2.9573,2.977,2.9967,3.0171,3.0388,3.0632,3.0939,3.1392,3.2122,3.3003,3.3,3.1857,3.1166,3.1715,3.1846,3.0326,2.9462,2.9235,2.921,3.0176,3.2206,3.4338,3.2909,2.8884,2.2857,1.2225,-0.1864,-0.9426,-0.6645,-0.0508,0.4816,2.8389,2.8577,2.8765,2.8952,2.9135,2.9314,2.949,2.9666,2.9846,3.0035,3.0242,3.0488,3.0794,3.1155,3.1426,3.1333,3.09,3.0571,3.0555,3.0481,3.043,3.1212,3.1513,3.0592,3.0868,3.3253,3.6545,3.4691,3.1844,2.8301,2.0705,1.0889,0.423,0.3213,0.5412,0.8287,2.8258,2.8425,2.8591,2.8756,2.8918,2.9077,2.9233,2.9388,2.9543,2.9701,2.9867,3.0045,3.0232,3.0401,3.048,3.0399,3.0195,3.0014,2.9955,3.0076,3.0751,3.2408,3.2921,3.1343,3.093,3.2215,3.3686,3.4004,3.5701,3.3688,2.7057,1.9528,1.3875,1.1284,1.107,1.2009,2.8131,2.828,2.8428,2.8574,2.8717,2.8857,2.8994,2.9127,2.9258,2.9387,2.9514,2.9637,2.9747,2.9825,2.9842,2.978,2.9669,2.9575,2.958,2.9802,3.0458,3.1499,3.1771,3.0939,3.056,3.111,3.2104,3.3775,3.6184,3.4572,2.9341,2.3713,1.9248,1.6516,1.5343,1.5199]},{"header":{"la1":42.85,"la2":41.18,"lo1":11.55,"lo2":14.05,"nx":36,"ny":24,"dx":0.07143,"dy":0.07261,"parameterCategory":2,"parameterNumber":3,"parameterNumberName":"northward_wind","parameterUnit":"m.s-1"},"data":[1.0527,1.029,1.0005,0.9678,0.9323,0.897,0.866,0.8438,0.8333,0.8342,0.843,0.8546,0.8649,0.8717,0.8747,0.8744,0.8718,0.8677,0.8624,0.8558,0.848,0.8391,0.8295,0.8195,0.8096,0.8003,0.7916,0.7839,0.7772,0.7716,0.7671,0.7636,0.7611,0.7593,0.7583,0.7579,1.0644,1.0369,1.0021,0.9598,0.9115,0.861,0.8154,0.7835,0.7721,0.7809,0.8027,0.8273,0.8474,0.8601,0.866,0.8671,0.8655,0.8623,0.8576,0.8512,0.8427,0.8324,0.821,0.8092,0.7976,0.7868,0.7771,0.7686,0.7615,0.7558,0.7515,0.7483,0.7462,0.745,0.7445,0.7447,1.0811,1.05,1.0081,0.9537,0.8869,0.8117,0.7392,0.6874,0.6734,0.6985,0.7458,0.7934,0.8285,0.8487,0.8574,0.8596,0.8591,0.8579,0.8552,0.8494,0.8397,0.8268,0.8123,0.7977,0.7837,0.771,0.7599,0.7507,0.7433,0.7376,0.7336,0.731,0.7295,0.7291,0.7294,0.7304,1.1048,1.0714,1.0229,0.9546,0.8626,0.7477,0.6239,0.5277,0.5055,0.5666,0.6663,0.7546,0.8113,0.839,0.8487,0.8508,0.8524,0.856,0.8585,0.8542,0.8413,0.823,0.8033,0.7843,0.7671,0.752,0.7393,0.7292,0.7217,0.7164,0.713,0.7114,0.7109,0.7115,0.7128,0.7147,1.1375,1.1048,1.0526,0.9718,0.8504,0.6773,0.458,0.256,0.2054,0.3528,0.5637,0.7196,0.8018,0.833,0.8385,0.8381,0.8438,0.8594,0.8752,0.8734,0.8513,0.8214,0.7927,0.7676,0.7462,0.7283,0.7139,0.7031,0.6958,0.6913,0.6893,0.689,0.6901,0.6921,0.6947,0.6978,1.1807,1.1537,1.1044,1.0187,0.8741,0.636,0.2673,-0.1714,-0.3159,0.0441,0.4685,0.7119,0.8101,0.8311,0.8222,0.8145,0.8273,0.869,0.9176,0.9172,0.8695,0.818,0.7771,0.7449,0.7188,0.6977,0.6817,0.6707,0.6642,0.6616,0.6617,0.6637,0.6668,0.6707,0.6749,0.6794,1.2347,1.2202,1.184,1.1086,0.9645,0.6983,0.2134,-0.5298,-0.8544,-0.1544,0.4903,0.7693,0.8443,0.8291,0.7881,0.7647,0.7856,0.8627,0.9631,0.9594,0.8734,0.8004,0.75,0.7122,0.6817,0.6573,0.6398,0.6293,0.6253,0.626,0.6297,0.635,0.641,0.6472,0.6534,0.6596,1.2971,1.3028,1.292,1.2457,1.1349,0.9184,0.5268,-0.0668,-0.3088,0.266,0.7451,0.9085,0.9011,0.8142,0.7101,0.6574,0.6873,0.7793,0.8847,0.8903,0.8176,0.7531,0.7056,0.6658,0.6307,0.6022,0.5836,0.5756,0.5766,0.5833,0.5928,0.603,0.6128,0.6218,0.6302,0.6382,1.3624,1.3949,1.422,1.4207,1.3578,1.2254,1.0455,0.8745,0.8783,1.0559,1.1393,1.0926,0.9671,0.7723,0.5336,0.4236,0.5109,0.6222,0.7,0.7256,0.7081,0.6787,0.6444,0.6032,0.5599,0.5245,0.5055,0.5039,0.5151,0.5324,0.5509,0.5678,0.5823,0.5946,0.6054,0.6152,1.4213,1.4823,1.5562,1.6136,1.5842,1.491,1.4479,1.5103,1.7076,1.7757,1.527,1.2687,1.0418,0.7429,0.2107,-0.0455,0.303,0.4585,0.5086,0.5515,0.5855,0.5954,0.5734,0.5219,0.4582,0.4087,0.3918,0.4062,0.4378,0.4733,0.505,0.5305,0.5502,0.5658,0.5788,0.5904,1.4622,1.542,1.6519,1.7654,1.7473,1.6503,1.6783,1.8209,2.233,2.4506,1.8007,1.3927,1.1316,0.8636,0.3178,-0.0491,0.2796,0.2708,0.2409,0.3426,0.4629,0.522,0.5031,0.4167,0.302,0.2227,0.2185,0.272,0.3437,0.4084,0.4578,0.4929,0.5175,0.5355,0.55,0.5632,1.4783,1.5564,1.6581,1.7554,1.7462,1.7151,1.8098,1.9219,2.0693,2.1722,1.7639,1.4751,1.2202,0.9763,0.8571,0.6089,0.3197,-0.2324,-0.3526,0.0511,0.3627,0.4859,0.4498,0.2788,0.0431,-0.0978,-0.0512,0.0959,0.24,0.3457,0.4148,0.4577,0.4846,0.5031,0.5181,0.5325,1.4731,1.5357,1.6053,1.6611,1.6836,1.736,1.8724,2.0037,1.9421,1.8167,1.6855,1.6913,1.5041,0.992,0.9865,0.8454,0.261,-1.2586,-1.2898,-0.1557,0.3758,0.5352,0.4463,0.1203,-0.3708,-0.6327,-0.4273,-0.093,0.1531,0.3009,0.3831,0.4269,0.4508,0.4666,0.4808,0.4966,1.4559,1.5036,1.5522,1.5956,1.6385,1.7087,1.8198,1.9234,1.8657,1.6984,1.6577,1.9908,2.0891,1.7545,1.2665,1.0255,0.6384,-0.3964,-0.5784,0.1773,0.621,0.7284,0.5521,0.0606,-0.7446,-1.1625,-0.7118,-0.1829,0.1318,0.2924,0.3676,0.399,0.4118,0.421,0.4339,0.4524,1.434,1.4711,1.5088,1.5462,1.5875,1.64,1.699,1.7281,1.6706,1.5645,1.5239,1.595,1.5519,1.3137,1.3243,1.1944,1.2486,0.7701,0.5507,0.8016,1.1141,1.1175,0.8132,0.2849,-0.4458,-0.8327,-0.4832,-0.0444,0.2103,0.3263,0.3644,0.3654,0.3572,0.357,0.3707,0.3962,1.4105,1.44,1.4698,1.4997,1.5303,1.5606,1.5821,1.5757,1.526,1.4452,1.3544,1.4466,1.4305,1.3567,1.2846,1.2157,1.2184,1.0526,1.0166,1.2813,1.8027,1.6576,1.1277,0.6513,0.2251,0.0045,0.0881,0.2576,0.3592,0.3836,0.356,0.3065,0.2672,0.259,0.2821,0.3241,1.3867,1.41,1.4331,1.4551,1.4751,1.4903,1.4946,1.4807,1.4455,1.3958,1.347,1.379,1.3473,1.3064,1.2442,1.1781,1.149,1.1488,1.2023,1.3998,1.901,1.7433,1.2449,0.8928,0.6751,0.5867,0.5774,0.5635,0.5157,0.4327,0.3163,0.1914,0.1106,0.1064,0.1601,0.2358,1.3631,1.3814,1.3987,1.4142,1.4264,1.4332,1.4315,1.419,1.3969,1.3713,1.3514,1.3353,1.3046,1.2743,1.1572,1.091,1.1339,1.2295,1.3005,1.3157,1.4269,1.3819,1.1706,0.9879,0.9239,0.9754,0.9727,0.8241,0.6414,0.453,0.2266,-0.0137,-0.1474,-0.1131,0.01,0.1413,1.3402,1.3543,1.3671,1.3776,1.3848,1.3873,1.3836,1.3733,1.3576,1.3392,1.3191,1.2934,1.2543,1.1707,0.9611,0.8853,1.0844,1.2337,1.3083,1.3384,1.2879,1.2017,1.0865,1.0059,1.0629,1.3261,1.3824,1.0142,0.7062,0.4476,0.1141,-0.283,-0.4746,-0.3502,-0.1253,0.0676,1.3183,1.329,1.3383,1.3452,1.3492,1.3492,1.3447,1.3355,1.3222,1.3052,1.2837,1.2541,1.2073,1.1208,0.975,0.9345,1.0819,1.2274,1.4114,1.4846,1.2764,1.1159,1.0079,0.9608,1.0361,1.3523,1.4277,0.9224,0.6618,0.4435,0.0914,-0.3882,-0.6114,-0.4337,-0.1637,0.0506,1.2976,1.3057,1.3122,1.3165,1.3183,1.3168,1.3117,1.3029,1.2904,1.2739,1.2526,1.2238,1.1835,1.128,1.07,1.0592,1.114,1.2021,1.3134,1.3322,1.1671,0.9881,0.8887,0.8573,0.8401,0.7514,0.4213,0.451,0.5451,0.4733,0.2281,-0.1394,-0.3434,-0.256,-0.0661,0.1042,1.2781,1.2841,1.2885,1.2909,1.2911,1.2885,1.2829,1.2742,1.2623,1.2467,1.2268,1.2019,1.1712,1.1371,1.1089,1.1012,1.1182,1.1494,1.1714,1.1301,0.9796,0.778,0.7072,0.7442,0.6919,0.4383,0.0476,0.2593,0.5482,0.5672,0.4225,0.1959,0.0356,0.0241,0.1035,0.2034,1.2599,1.2641,1.2669,1.2679,1.2669,1.2635,1.2576,1.249,1.2376,1.2231,1.2053,1.1843,1.1606,1.1367,1.117,1.1058,1.1027,1.0996,1.0781,1.0072,0.854,0.6468,0.5967,0.6854,0.663,0.5161,0.3876,0.5278,0.7349,0.7031,0.5717,0.417,0.2972,0.2504,0.2653,0.3111,1.2429,1.2457,1.2472,1.2471,1.2452,1.2413,1.2351,1.2267,1.2158,1.2024,1.1866,1.1685,1.1489,1.1294,1.1116,1.0964,1.0819,1.0618,1.0244,0.9538,0.8397,0.7141,0.6734,0.7016,0.6845,0.6199,0.587,0.6627,0.7634,0.7323,0.6337,0.5293,0.4453,0.3986,0.3891,0.4051]}]