docs/data/wind_grid.json
[{"header":{"la1":42.85,"la2":41.18,"lo1":11.55,"lo2":14.05,"nx":36,"ny":24,"dx":0.07143,"dy":0.07261,"parameterCategory":2,"parameterNumber":2,"parameterNumberName":"eastward_wind","parameterUnit":"m.s-1"},"data":[-0.6139,-0.6162,-0.6158,-0.6127,-0.6071,-0.5993,-0.5895,-0.5775,-0.5634,-0.5478,-0.5322,-0.5186,-0.5086,-0.5031,-0.5022,-0.5044,-0.5075,-0.5082,-0.5035,-0.4919,-0.4754,-0.4583,-0.4456,-0.4392,-0.4376,-0.4384,-0.4394,-0.4396,-0.4388,-0.4371,-0.4348,-0.4321,-0.4293,-0.4264,-0.4237,-0.421,-0.6384,-0.6425,-0.6431,-0.64,-0.6338,-0.6254,-0.6148,-0.6013,-0.5841,-0.5635,-0.542,-0.523,-0.5097,-0.5037,-0.5049,-0.5118,-0.5206,-0.5257,-0.5206,-0.5017,-0.472,-0.4423,-0.4238,-0.4195,-0.4238,-0.4303,-0.4353,-0.4377,-0.4379,-0.4366,-0.4342,-0.4314,-0.4284,-0.4254,-0.4224,-0.4197,-0.6683,-0.6753,-0.6773,-0.6741,-0.6671,-0.6581,-0.6481,-0.6349,-0.6147,-0.5864,-0.5548,-0.527,-0.5082,-0.501,-0.5057,-0.5203,-0.5399,-0.5547,-0.5514,-0.5188,-0.4607,-0.4031,-0.3764,-0.3828,-0.4024,-0.4201,-0.4312,-0.4364,-0.4375,-0.4363,-0.4337,-0.4306,-0.4273,-0.424,-0.4209,-0.4181,-0.7049,-0.7169,-0.7216,-0.718,-0.7085,-0.6986,-0.6923,-0.6849,-0.6637,-0.6226,-0.5725,-0.5292,-0.5016,-0.4924,-0.5018,-0.5285,-0.5675,-0.6048,-0.6122,-0.5569,-0.4347,-0.3098,-0.2761,-0.3211,-0.3753,-0.4109,-0.4293,-0.4367,-0.438,-0.4363,-0.4332,-0.4295,-0.4259,-0.4224,-0.4191,-0.4162,-0.7502,-0.7714,-0.7816,-0.7767,-0.7604,-0.7463,-0.7491,-0.7636,-0.7503,-0.683,-0.5959,-0.5268,-0.4864,-0.4737,-0.4883,-0.5314,-0.6027,-0.689,-0.7389,-0.6597,-0.4046,-0.1138,-0.0975,-0.2469,-0.3564,-0.4103,-0.4327,-0.4396,-0.4396,-0.4365,-0.4324,-0.4281,-0.424,-0.4203,-0.4169,-0.4139,-0.8051,-0.8436,-0.8674,-0.8621,-0.8287,-0.7971,-0.8112,-0.8847,-0.9078,-0.7758,-0.6166,-0.5119,-0.457,-0.4394,-0.4572,-0.517,-0.6311,-0.8075,-0.9849,-0.9169,-0.4936,0.0188,0.0007,-0.2443,-0.3759,-0.4273,-0.4434,-0.4452,-0.4416,-0.4364,-0.431,-0.426,-0.4215,-0.4176,-0.4142,-0.4112,-0.8673,-0.9371,-0.9952,-0.9995,-0.9289,-0.8451,-0.8431,-0.9897,-1.0841,-0.8385,-0.5996,-0.4716,-0.4081,-0.3837,-0.3974,-0.4652,-0.6127,-0.8757,-1.2296,-1.1967,-0.7744,-0.4014,-0.3071,-0.3923,-0.4457,-0.4609,-0.4589,-0.4513,-0.4427,-0.4349,-0.4283,-0.4228,-0.4182,-0.4142,-0.4109,-0.408,-0.9251,-1.04,-1.1729,-1.2261,-1.0825,-0.8909,-0.805,-0.8675,-0.9075,-0.6981,-0.5042,-0.3995,-0.3399,-0.3027,-0.2943,-0.3523,-0.5102,-0.7627,-1.0306,-1.0655,-1.03,-0.9129,-0.6957,-0.5801,-0.5273,-0.4949,-0.4712,-0.4535,-0.4405,-0.4309,-0.4238,-0.4183,-0.4138,-0.4101,-0.407,-0.4043,-0.9567,-1.1036,-1.3182,-1.4737,-1.2224,-0.9179,-0.732,-0.6337,-0.5443,-0.4316,-0.3575,-0.311,-0.2633,-0.1995,-0.1212,-0.1375,-0.3391,-0.5947,-0.8148,-1.0289,-1.3963,-1.2998,-0.91,-0.686,-0.572,-0.5085,-0.4705,-0.4471,-0.4326,-0.4233,-0.4169,-0.4122,-0.4084,-0.4052,-0.4025,-0.4001,-0.9474,-1.0789,-1.2408,-1.3285,-1.1577,-0.8994,-0.6665,-0.4639,-0.2382,-0.1332,-0.2032,-0.2318,-0.198,-0.1057,0.1428,0.274,-0.1652,-0.5139,-0.7381,-0.9522,-1.2273,-1.1717,-0.8836,-0.6801,-0.5602,-0.49,-0.4501,-0.4287,-0.4177,-0.4117,-0.4078,-0.4048,-0.4021,-0.3996,-0.3974,-0.3954,-0.9072,-1.0112,-1.1266,-1.2399,-1.1858,-0.8853,-0.6371,-0.4106,0.051,0.2735,-0.0898,-0.1849,-0.1531,-0.0778,0.1253,0.2851,-0.2285,-0.6141,-0.8008,-0.862,-0.9025,-0.8618,-0.7303,-0.5972,-0.498,-0.4363,-0.4067,-0.3971,-0.396,-0.3969,-0.3973,-0.3967,-0.3953,-0.3935,-0.3917,-0.3901,-0.8498,-0.935,-1.0483,-1.1901,-1.1261,-0.8272,-0.6621,-0.6015,-0.2601,0.0146,-0.1485,-0.1791,-0.1137,-0.0021,-0.0531,-0.2036,-0.5368,-1.0387,-1.1808,-0.9511,-0.7885,-0.6872,-0.5892,-0.4882,-0.3986,-0.3458,-0.339,-0.3544,-0.3707,-0.3815,-0.387,-0.3888,-0.3883,-0.3869,-0.3854,-0.3841,-0.7809,-0.8386,-0.9023,-0.9412,-0.8707,-0.7297,-0.6952,-0.7966,-0.6459,-0.3471,-0.2382,-0.1936,-0.1335,0.0419,-0.0571,-0.367,-0.7457,-1.882,-1.9305,-1.0818,-0.7291,-0.5719,-0.4747,-0.3805,-0.2732,-0.2153,-0.2519,-0.3096,-0.3487,-0.3698,-0.3793,-0.382,-0.3814,-0.3796,-0.378,-0.377,-0.7089,-0.7389,-0.7603,-0.7548,-0.7072,-0.6507,-0.6514,-0.7094,-0.6172,-0.38,-0.2486,-0.1994,-0.1891,-0.1903,-0.2807,-0.4907,-0.6813,-1.2785,-1.4048,-0.8844,-0.5715,-0.4308,-0.3676,-0.3,-0.1767,-0.1003,-0.1882,-0.2858,-0.3409,-0.3668,-0.3761,-0.3768,-0.3739,-0.3707,-0.3687,-0.3683,-0.6425,-0.6537,-0.6547,-0.6389,-0.6067,-0.5736,-0.5563,-0.535,-0.4429,-0.2979,-0.2042,-0.1883,-0.1754,-0.1081,-0.3477,-0.5458,-1.0854,-0.8247,-0.7284,-0.503,-0.2769,-0.2152,-0.2511,-0.2608,-0.2038,-0.1565,-0.2243,-0.3082,-0.3564,-0.3758,-0.3779,-0.3716,-0.3635,-0.3578,-0.3559,-0.3569,-0.5858,-0.5861,-0.5781,-0.5598,-0.5325,-0.5011,-0.4663,-0.415,-0.3275,-0.2046,-0.0685,-0.1754,-0.1777,-0.1872,-0.3213,-0.6023,-0.9054,-0.6104,-0.388,-0.1682,0.1322,0.0703,-0.1339,-0.2381,-0.2723,-0.287,-0.3276,-0.3725,-0.3955,-0.3961,-0.3819,-0.3618,-0.3449,-0.3367,-0.3368,-0.3416,-0.5388,-0.533,-0.5207,-0.5012,-0.4748,-0.4423,-0.4018,-0.3475,-0.2735,-0.1787,-0.0814,-0.1268,-0.1014,-0.0788,-0.1937,-0.3061,-0.3549,-0.1989,-0.02,0.0308,0.2085,0.1305,-0.0923,-0.2389,-0.3366,-0.4068,-0.4515,-0.4653,-0.4536,-0.4239,-0.3818,-0.3378,-0.308,-0.3004,-0.3086,-0.322,-0.5003,-0.491,-0.4765,-0.4565,-0.4306,-0.3987,-0.3597,-0.3119,-0.2555,-0.1963,-0.1512,-0.1269,-0.0675,-0.0344,0.026,0.0606,0.0024,0.2192,0.5094,0.2139,0.0918,0.0116,-0.1237,-0.2744,-0.4288,-0.5654,-0.619,-0.5867,-0.5264,-0.4545,-0.3698,-0.2857,-0.2386,-0.2429,-0.2713,-0.2998,-0.4687,-0.4575,-0.4421,-0.4221,-0.3973,-0.3675,-0.3325,-0.2923,-0.2485,-0.205,-0.1656,-0.1253,-0.0664,0.0575,0.461,0.6385,0.2353,0.2797,0.43,0.3071,0.1427,-0.0024,-0.1439,-0.317,-0.5384,-0.7684,-0.8209,-0.7161,-0.6044,-0.4867,-0.3493,-0.2062,-0.1404,-0.1757,-0.2358,-0.2819,-0.4429,-0.4307,-0.415,-0.3957,-0.3724,-0.3453,-0.3144,-0.2802,-0.2437,-0.2063,-0.1673,-0.1203,-0.047,0.1051,0.4177,0.5206,0.2603,0.2318,0.3923,0.4652,0.21,0.027,-0.1241,-0.3206,-0.5829,-0.8295,-0.8783,-0.8123,-0.6794,-0.5252,-0.3543,-0.1734,-0.0966,-0.151,-0.2256,-0.2777,-0.4217,-0.4092,-0.3938,-0.3753,-0.3538,-0.3293,-0.3019,-0.272,-0.2401,-0.2061,-0.1684,-0.1217,-0.0552,0.0465,0.1692,0.211,0.1657,0.178,0.2775,0.305,0.1768,0.0797,-0.0251,-0.2435,-0.5532,-0.8634,-1.1186,-1.0095,-0.7466,-0.559,-0.4051,-0.2566,-0.1823,-0.2038,-0.2521,-0.2909,-0.4043,-0.3919,-0.377,-0.3597,-0.3399,-0.3177,-0.2932,-0.2667,-0.2382,-0.2074,-0.1728,-0.1317,-0.0805,-0.0188,0.0398,0.071,0.0797,0.1007,0.1381,0.1523,0.1583,0.2449,0.2459,-0.0594,-0.4748,-0.9226,-1.3443,-1.0997,-0.6896,-0.5364,-0.4483,-0.3568,-0.2954,-0.2826,-0.2961,-0.3144,-0.3901,-0.378,-0.3638,-0.3476,-0.3294,-0.3093,-0.2874,-0.2637,-0.2382,-0.2107,-0.1803,-0.1462,-0.1078,-0.0672,-0.0306,-0.0044,0.0141,0.0339,0.058,0.09,0.1778,0.3999,0.4739,0.0938,-0.35,-0.7155,-0.9131,-0.7282,-0.455,-0.4536,-0.4513,-0.407,-0.3634,-0.3402,-0.3348,-0.338,-0.3785,-0.3668,-0.3535,-0.3384,-0.3217,-0.3035,-0.2837,-0.2626,-0.2399,-0.2157,-0.1897,-0.1617,-0.1323,-0.1029,-0.0763,-0.0543,-0.0359,-0.0177,0.0048,0.0424,0.1236,0.2544,0.2671,0.0284,-0.2775,-0.5151,-0.615,-0.5349,-0.4197,-0.4315,-0.4435,-0.4222,-0.3933,-0.3718,-0.3603,-0.356]},{"header":{"la1":42.85,"la2":41.18,"lo1":11.55,"lo2":14.05,"nx":36,"ny":24,"dx":0.07143,"dy":0.07261,"parameterCategory":2,"parameterNumber":3,"parameterNumberName":"northward_wind","parameterUnit":"m.s-1"},"data":[-0.7815,-0.7774,-0.7709,-0.7615,-0.7496,-0.7356,-0.7203,-0.7045,-0.6887,-0.6725,-0.6546,-0.6338,-0.609,-0.5797,-0.5461,-0.5088,-0.4688,-0.4279,-0.3879,-0.3511,-0.3204,-0.2992,-0.2903,-0.2937,-0.3065,-0.3248,-0.3453,-0.366,-0.3857,-0.4042,-0.4212,-0.4369,-0.4513,-0.4645,-0.4767,-0.4879,-0.7974,-0.7939,-0.7872,-0.7766,-0.7623,-0.745,-0.7264,-0.7083,-0.692,-0.6768,-0.6606,-0.6406,-0.6149,-0.5829,-0.5445,-0.5003,-0.452,-0.4015,-0.3513,-0.3038,-0.2626,-0.2343,-0.2254,-0.2361,-0.2598,-0.289,-0.3184,-0.3459,-0.3707,-0.3929,-0.4128,-0.4307,-0.4468,-0.4615,-0.4749,-0.4871,-0.8156,-0.8134,-0.8067,-0.7945,-0.7764,-0.7534,-0.7283,-0.7055,-0.6885,-0.6769,-0.6655,-0.6489,-0.6238,-0.5892,-0.5454,-0.4931,-0.4341,-0.3714,-0.3085,-0.2466,-0.1878,-0.1448,-0.136,-0.1621,-0.2055,-0.251,-0.292,-0.3273,-0.3574,-0.3834,-0.406,-0.426,-0.4438,-0.4599,-0.4743,-0.4874,-0.8366,-0.8368,-0.8312,-0.8172,-0.7935,-0.7603,-0.7219,-0.6878,-0.6693,-0.6669,-0.6678,-0.6592,-0.6368,-0.6004,-0.5509,-0.4888,-0.4157,-0.3369,-0.2595,-0.1822,-0.0944,-0.0168,-0.0094,-0.0702,-0.1477,-0.2153,-0.2693,-0.3123,-0.3473,-0.3765,-0.4015,-0.4233,-0.4426,-0.4599,-0.4753,-0.4892,-0.8608,-0.8656,-0.8631,-0.8484,-0.8172,-0.7677,-0.7022,-0.6384,-0.6134,-0.6361,-0.666,-0.6734,-0.6559,-0.6186,-0.5638,-0.4907,-0.3988,-0.2954,-0.2015,-0.1215,0.0009,0.1571,0.1543,0.0221,-0.1011,-0.1903,-0.2547,-0.3032,-0.3415,-0.3729,-0.3997,-0.4229,-0.4435,-0.4618,-0.4781,-0.4928,-0.8877,-0.9011,-0.9067,-0.8944,-0.8556,-0.7843,-0.672,-0.533,-0.481,-0.574,-0.666,-0.6967,-0.6842,-0.6465,-0.5885,-0.5059,-0.391,-0.2461,-0.1174,-0.0706,0.0298,0.2507,0.2333,0.0513,-0.0898,-0.1848,-0.2515,-0.3014,-0.3407,-0.3731,-0.4008,-0.4251,-0.4466,-0.4658,-0.483,-0.4983,-0.9151,-0.9429,-0.9668,-0.9651,-0.9189,-0.8292,-0.6756,-0.4268,-0.3112,-0.5323,-0.6964,-0.7386,-0.7242,-0.6864,-0.6307,-0.5459,-0.4143,-0.225,-0.0309,-0.0253,-0.0177,0.083,0.0862,-0.0159,-0.1193,-0.1994,-0.2598,-0.3068,-0.3448,-0.377,-0.405,-0.43,-0.4523,-0.4724,-0.4902,-0.506,-0.9367,-0.9838,-1.0454,-1.073,-1.0068,-0.9074,-0.7837,-0.5919,-0.5052,-0.6817,-0.797,-0.8052,-0.7743,-0.7381,-0.6976,-0.6248,-0.4914,-0.3036,-0.1262,-0.0677,-0.0003,0.02,-0.0249,-0.0915,-0.1627,-0.2248,-0.2756,-0.3173,-0.3528,-0.3839,-0.412,-0.4376,-0.4608,-0.4817,-0.5003,-0.5165,-0.9416,-0.9983,-1.1057,-1.1968,-1.0676,-0.9737,-0.9442,-0.9209,-0.9374,-0.9828,-0.9583,-0.887,-0.8251,-0.7972,-0.8038,-0.7682,-0.6142,-0.4229,-0.2522,-0.0795,0.1601,0.1213,-0.0406,-0.1363,-0.2012,-0.2521,-0.2941,-0.3303,-0.3628,-0.393,-0.4214,-0.4479,-0.4723,-0.4943,-0.5136,-0.5302,-0.9243,-0.955,-1.0108,-1.0485,-0.9493,-0.9836,-1.0818,-1.1918,-1.3361,-1.3624,-1.1525,-0.9607,-0.8604,-0.8439,-0.9652,-1.0418,-0.739,-0.5005,-0.3319,-0.1517,0.0524,0.0383,-0.0936,-0.1809,-0.2364,-0.2774,-0.3114,-0.3427,-0.3732,-0.4035,-0.4331,-0.4614,-0.4876,-0.5109,-0.5311,-0.548,-0.8978,-0.8851,-0.8137,-0.6103,-0.658,-0.9709,-1.2139,-1.3966,-1.7009,-1.8642,-1.3096,-0.9908,-0.8704,-0.8482,-0.9448,-1.0443,-0.7035,-0.495,-0.3777,-0.2696,-0.1717,-0.1476,-0.1854,-0.2307,-0.2676,-0.2972,-0.3239,-0.3519,-0.3824,-0.4146,-0.4472,-0.4787,-0.5076,-0.5329,-0.554,-0.5708,-0.8827,-0.8568,-0.7734,-0.62,-0.691,-1.06,-1.3914,-1.5847,-1.625,-1.6288,-1.2249,-0.9579,-0.8706,-0.9003,-0.818,-0.66,-0.5039,-0.4291,-0.3926,-0.3265,-0.2669,-0.2391,-0.2437,-0.2646,-0.2873,-0.3065,-0.3275,-0.3554,-0.3893,-0.4266,-0.4647,-0.5014,-0.5345,-0.5624,-0.5843,-0.6003,-0.8838,-0.8734,-0.8474,-0.8348,-0.9403,-1.2004,-1.5263,-1.7935,-1.6411,-1.3365,-1.0682,-0.9177,-0.86,-0.9328,-0.7886,-0.3764,-0.2673,-0.4318,-0.444,-0.3283,-0.2719,-0.249,-0.2536,-0.2736,-0.292,-0.3015,-0.3196,-0.353,-0.395,-0.4411,-0.488,-0.5326,-0.5716,-0.6026,-0.6247,-0.6386,-0.8915,-0.8993,-0.9127,-0.9527,-1.0533,-1.2275,-1.4505,-1.6421,-1.5291,-1.1938,-0.9725,-0.9246,-0.9083,-0.6924,-0.3941,0.1781,0.1242,-0.199,-0.3164,-0.2585,-0.2054,-0.1903,-0.2197,-0.2624,-0.2893,-0.2911,-0.3089,-0.3506,-0.403,-0.4611,-0.521,-0.5774,-0.6248,-0.659,-0.6796,-0.6886,-0.8962,-0.9136,-0.9403,-0.9862,-1.0608,-1.1632,-1.2706,-1.3208,-1.2222,-1.0321,-0.9003,-0.834,-0.7316,-0.6053,-0.2379,0.3498,0.8143,0.152,-0.1356,-0.1369,-0.0213,-0.0223,-0.1358,-0.2319,-0.2812,-0.2939,-0.3122,-0.355,-0.4164,-0.4903,-0.5696,-0.6443,-0.7035,-0.7402,-0.7548,-0.7533,-0.8942,-0.9137,-0.9401,-0.9768,-1.0243,-1.076,-1.1134,-1.1055,-1.0321,-0.93,-0.8792,-0.8194,-0.7817,-0.6528,-0.3622,0.1333,0.5355,0.0788,-0.1545,-0.0216,0.4229,0.3139,-0.0258,-0.1931,-0.2584,-0.283,-0.3062,-0.3534,-0.4304,-0.5303,-0.6419,-0.7474,-0.8243,-0.8593,-0.8579,-0.8358,-0.886,-0.9035,-0.9248,-0.95,-0.9772,-0.9999,-1.0074,-0.9882,-0.942,-0.8918,-0.8733,-0.8559,-0.9844,-1.0251,-0.607,-0.3181,-0.1933,-0.3204,-0.4163,-0.1414,0.478,0.3436,-0.0301,-0.1867,-0.226,-0.2239,-0.242,-0.3147,-0.4329,-0.5806,-0.7483,-0.9095,-1.0138,-1.0341,-0.995,-0.935,-0.8737,-0.8877,-0.903,-0.9189,-0.9331,-0.9413,-0.9384,-0.9213,-0.8937,-0.8675,-0.8557,-0.8775,-1.0345,-1.056,-0.7877,-0.6624,-0.5586,-0.6929,-0.9153,-0.5315,-0.1686,-0.0886,-0.177,-0.2189,-0.168,-0.0585,-0.0485,-0.208,-0.4181,-0.64,-0.8951,-1.1563,-1.3025,-1.2742,-1.1589,-1.0404,-0.8592,-0.8695,-0.8798,-0.8891,-0.8956,-0.8969,-0.891,-0.8775,-0.8595,-0.8432,-0.8357,-0.8466,-0.8781,-0.8796,-0.9563,-1.013,-0.7472,-0.7497,-0.8404,-0.6832,-0.4936,-0.3661,-0.3212,-0.2642,-0.0888,0.2677,0.3439,-0.0697,-0.4172,-0.7046,-1.0516,-1.4557,-1.6534,-1.5272,-1.3063,-1.1255,-0.8439,-0.8511,-0.8576,-0.8624,-0.8645,-0.8626,-0.856,-0.845,-0.8316,-0.8191,-0.8109,-0.8098,-0.8151,-0.8357,-0.9278,-0.9528,-0.7764,-0.7158,-0.7579,-0.7822,-0.6192,-0.4983,-0.4286,-0.3409,-0.1403,0.2964,0.3974,-0.1835,-0.509,-0.7655,-1.1152,-1.5762,-1.7965,-1.6192,-1.3569,-1.1565,-0.8288,-0.8335,-0.8372,-0.8391,-0.8387,-0.8352,-0.8285,-0.819,-0.8078,-0.7968,-0.7875,-0.7814,-0.7798,-0.788,-0.8067,-0.7928,-0.7316,-0.696,-0.7107,-0.708,-0.6291,-0.5684,-0.5272,-0.4615,-0.3744,-0.3665,-0.6441,-0.667,-0.692,-0.8239,-1.0487,-1.3652,-1.5449,-1.4593,-1.2802,-1.1231,-0.8144,-0.8172,-0.8189,-0.8189,-0.817,-0.8127,-0.8061,-0.7974,-0.7874,-0.7771,-0.7672,-0.7587,-0.7523,-0.7483,-0.7427,-0.7251,-0.6958,-0.6729,-0.6629,-0.6485,-0.6274,-0.6348,-0.6345,-0.5776,-0.5584,-0.7034,-0.9804,-0.8858,-0.8616,-0.9047,-0.9777,-1.1191,-1.2289,-1.2241,-1.1449,-1.0511,-0.801,-0.8024,-0.8026,-0.8014,-0.7985,-0.7938,-0.7873,-0.7792,-0.7699,-0.76,-0.75,-0.7402,-0.7309,-0.7214,-0.7098,-0.6935,-0.674,-0.6563,-0.643,-0.6335,-0.6377,-0.6762,-0.6908,-0.6367,-0.6307,-0.7188,-0.8339,-0.9094,-1.0432,-1.0133,-0.9644,-0.9924,-1.0399,-1.0517,-1.0229,-0.9739,-0.7887,-0.789,-0.7882,-0.7862,-0.7827,-0.7778,-0.7714,-0.7637,-0.7549,-0.7454,-0.7355,-0.7253,-0.7147,-0.7036,-0.691,-0.6766,-0.6612,-0.647,-0.6359,-0.6304,-0.6366,-0.6567,-0.6623,-0.6446,-0.6541,-0.7114,-0.801,-0.9321,-1.0656,-1.0292,-0.9541,-0.9337,-0.9426,-0.9472,-0.9348,-0.9088]}]