docs/data/wind_grid.json
[{"header":{"la1":42.85,"la2":41.18,"lo1":11.55,"lo2":14.05,"nx":36,"ny":24,"dx":0.07143,"dy":0.07261,"parameterCategory":2,"parameterNumber":2,"parameterNumberName":"eastward_wind","parameterUnit":"m.s-1"},"data":[-0.1754,-0.1806,-0.1862,-0.192,-0.1984,-0.2052,-0.2122,-0.2191,-0.226,-0.2334,-0.2426,-0.2549,-0.271,-0.2911,-0.314,-0.3374,-0.3579,-0.3708,-0.3722,-0.3605,-0.3388,-0.3142,-0.2938,-0.2807,-0.2738,-0.2699,-0.2665,-0.2624,-0.2573,-0.2513,-0.2449,-0.2382,-0.2316,-0.2252,-0.2191,-0.2133,-0.179,-0.1846,-0.1905,-0.197,-0.2042,-0.2123,-0.2207,-0.2283,-0.2346,-0.2403,-0.2478,-0.2596,-0.2777,-0.3024,-0.3325,-0.3653,-0.3955,-0.4154,-0.416,-0.3926,-0.3508,-0.3065,-0.2761,-0.264,-0.2634,-0.2658,-0.2667,-0.2648,-0.2605,-0.2546,-0.2479,-0.2408,-0.2337,-0.2268,-0.2203,-0.2142,-0.1835,-0.1895,-0.1958,-0.2029,-0.2116,-0.2222,-0.2338,-0.2437,-0.2492,-0.2509,-0.2536,-0.263,-0.2823,-0.3124,-0.3522,-0.3991,-0.4464,-0.4809,-0.4832,-0.4381,-0.3531,-0.2674,-0.2234,-0.2238,-0.242,-0.2581,-0.2663,-0.2675,-0.264,-0.258,-0.2507,-0.243,-0.2354,-0.2281,-0.2213,-0.2149,-0.1893,-0.1958,-0.2022,-0.2098,-0.2202,-0.2353,-0.2545,-0.2715,-0.2771,-0.2697,-0.2612,-0.2639,-0.283,-0.319,-0.371,-0.438,-0.5147,-0.5823,-0.5996,-0.5177,-0.3355,-0.1523,-0.0973,-0.1484,-0.2113,-0.2504,-0.2677,-0.2717,-0.2684,-0.2616,-0.2535,-0.245,-0.2367,-0.229,-0.2218,-0.2152,-0.1968,-0.2037,-0.21,-0.2173,-0.2289,-0.2506,-0.286,-0.3248,-0.3352,-0.3056,-0.2707,-0.2599,-0.2773,-0.3193,-0.3846,-0.4768,-0.6,-0.7411,-0.823,-0.6985,-0.3103,0.11,0.1388,-0.0531,-0.1892,-0.2524,-0.2752,-0.2788,-0.2739,-0.2654,-0.2559,-0.2465,-0.2376,-0.2294,-0.2219,-0.2151,-0.2067,-0.2142,-0.2197,-0.225,-0.2353,-0.2621,-0.3243,-0.4206,-0.4558,-0.3664,-0.2762,-0.2456,-0.2621,-0.3106,-0.3873,-0.502,-0.6813,-0.9564,-1.2443,-1.127,-0.4513,0.2919,0.2708,-0.0487,-0.2146,-0.2757,-0.2916,-0.2893,-0.2802,-0.2691,-0.2578,-0.2473,-0.2377,-0.2292,-0.2215,-0.2146,-0.2193,-0.2276,-0.2312,-0.2328,-0.2379,-0.2589,-0.3351,-0.511,-0.6031,-0.4055,-0.2511,-0.2119,-0.2357,-0.2927,-0.3754,-0.4968,-0.7024,-1.0867,-1.6635,-1.5984,-0.8454,-0.2709,-0.1315,-0.2374,-0.3033,-0.32,-0.3145,-0.3012,-0.2861,-0.2717,-0.2587,-0.2471,-0.2371,-0.2283,-0.2206,-0.2138,-0.2353,-0.2442,-0.2402,-0.2343,-0.2404,-0.2416,-0.2708,-0.3823,-0.4376,-0.271,-0.1576,-0.1521,-0.1995,-0.2707,-0.3559,-0.4621,-0.6313,-0.9309,-1.308,-1.2977,-1.0854,-0.8853,-0.6133,-0.471,-0.4064,-0.3662,-0.3354,-0.3103,-0.2896,-0.2723,-0.2579,-0.2458,-0.2355,-0.2268,-0.2192,-0.2126,-0.2561,-0.2691,-0.2453,-0.2063,-0.2558,-0.2383,-0.1757,-0.1256,-0.0595,0.0129,0.0007,-0.0724,-0.1602,-0.254,-0.351,-0.4328,-0.5381,-0.715,-0.9133,-1.0852,-1.4078,-1.2981,-0.8599,-0.5992,-0.4658,-0.3914,-0.3449,-0.3127,-0.2888,-0.2701,-0.2552,-0.2431,-0.2331,-0.2247,-0.2175,-0.2112,-0.2819,-0.3203,-0.3344,-0.331,-0.3959,-0.2836,-0.1105,0.0807,0.3306,0.417,0.2061,0.0078,-0.1241,-0.2409,-0.3892,-0.4619,-0.493,-0.6188,-0.7647,-0.9496,-1.2214,-1.1525,-0.8264,-0.5958,-0.4632,-0.3866,-0.3394,-0.3072,-0.2835,-0.2652,-0.2507,-0.2393,-0.23,-0.2223,-0.2157,-0.2099,-0.3019,-0.3836,-0.5365,-0.8371,-0.7718,-0.3614,-0.0872,0.1679,0.746,1.0381,0.3805,0.051,-0.0969,-0.1979,-0.3533,-0.4556,-0.4985,-0.6624,-0.7734,-0.8097,-0.8437,-0.7939,-0.6481,-0.5097,-0.4164,-0.36,-0.3238,-0.2968,-0.2752,-0.2582,-0.245,-0.2348,-0.2266,-0.2199,-0.2141,-0.2088,-0.2965,-0.3899,-0.5609,-0.8131,-0.7309,-0.3243,-0.0983,0.0031,0.3694,0.6584,0.2753,0.036,-0.0845,-0.1396,-0.2128,-0.3479,-0.5741,-0.9897,-1.0994,-0.8527,-0.6806,-0.5762,-0.484,-0.4074,-0.3593,-0.3331,-0.3108,-0.2872,-0.2664,-0.2504,-0.2388,-0.2302,-0.2236,-0.2181,-0.2132,-0.2085,-0.2609,-0.327,-0.416,-0.4825,-0.3996,-0.2111,-0.1189,-0.107,-0.0864,0.1489,0.1251,0.0212,-0.0641,-0.1402,-0.1865,-0.3091,-0.6383,-1.7876,-1.8337,-0.9498,-0.5811,-0.425,-0.3516,-0.3226,-0.3291,-0.3394,-0.3165,-0.283,-0.2581,-0.2424,-0.2328,-0.2265,-0.2217,-0.2177,-0.2136,-0.2094,-0.2093,-0.2424,-0.2712,-0.2697,-0.2126,-0.1331,-0.1076,-0.1722,-0.0938,0.1003,0.1383,0.04,-0.0207,-0.1737,-0.1833,-0.2541,-0.4701,-1.1273,-1.2637,-0.7118,-0.3834,-0.2474,-0.2193,-0.2527,-0.3352,-0.3852,-0.332,-0.2767,-0.2477,-0.2343,-0.228,-0.2248,-0.2223,-0.2195,-0.2161,-0.2119,-0.1567,-0.1676,-0.169,-0.1513,-0.1118,-0.0662,-0.0361,-0.0092,0.0871,0.2526,0.3544,0.2579,0.0526,-0.0928,-0.1615,-0.2739,-0.8764,-0.6102,-0.5137,-0.2791,-0.0504,0.0052,-0.0598,-0.1584,-0.2756,-0.3368,-0.2958,-0.2518,-0.2326,-0.2269,-0.2264,-0.2269,-0.2267,-0.2249,-0.2214,-0.2167,-0.1103,-0.1086,-0.0986,-0.0767,-0.0431,-0.0025,0.0439,0.1122,0.2414,0.4917,0.9281,0.6102,0.3728,0.0955,-0.0531,-0.3438,-0.6735,-0.3532,-0.118,0.0955,0.3605,0.3049,0.107,-0.0383,-0.1475,-0.2075,-0.2172,-0.2148,-0.218,-0.2246,-0.2309,-0.2352,-0.2366,-0.2349,-0.2303,-0.2239,-0.0717,-0.0631,-0.0478,-0.024,0.0086,0.0501,0.1044,0.1837,0.3132,0.5397,0.8635,0.6469,0.4833,0.4439,0.2115,0.0538,-0.022,0.1226,0.2962,0.3403,0.4448,0.3853,0.2027,0.0554,-0.0524,-0.1201,-0.1597,-0.1901,-0.2155,-0.2335,-0.2448,-0.2513,-0.2532,-0.25,-0.2428,-0.2334,-0.0402,-0.0278,-0.0099,0.0148,0.0469,0.088,0.1411,0.2125,0.31,0.4312,0.5211,0.4993,0.5062,0.5265,0.5766,0.6092,0.4597,0.5689,0.7565,0.6106,0.4892,0.3862,0.2546,0.1114,-0.0098,-0.083,-0.1296,-0.1876,-0.235,-0.259,-0.2686,-0.2733,-0.2743,-0.2686,-0.2572,-0.2439,-0.0147,-0.0003,0.0188,0.0434,0.0743,0.1126,0.1599,0.218,0.2862,0.3558,0.408,0.4388,0.4904,0.6509,1.2577,1.5295,0.8418,0.7503,0.8826,1.0374,0.7775,0.5229,0.3338,0.1521,-0.0083,-0.0598,-0.0743,-0.211,-0.2912,-0.3058,-0.2981,-0.2918,-0.2912,-0.2844,-0.2698,-0.253,0.0057,0.0211,0.0404,0.0642,0.0932,0.1277,0.1685,0.2153,0.2663,0.3172,0.3647,0.4164,0.5054,0.7193,1.1915,1.3463,0.927,0.917,1.489,1.7845,1.0684,0.6842,0.4545,0.2113,-0.0343,-0.0972,-0.0995,-0.3729,-0.4201,-0.3804,-0.3326,-0.3006,-0.2945,-0.2905,-0.2765,-0.2585,0.022,0.0377,0.0566,0.0792,0.1058,0.1366,0.1717,0.2107,0.2523,0.2957,0.3419,0.3988,0.4854,0.6286,0.8099,0.8726,0.8161,0.9042,1.2274,1.3405,1.0347,0.8516,0.6967,0.3633,-0.0708,-0.4977,-0.976,-0.8781,-0.6162,-0.478,-0.3863,-0.3245,-0.3013,-0.2923,-0.2781,-0.26,0.0349,0.0504,0.0686,0.0897,0.114,0.1416,0.1722,0.2057,0.2417,0.2802,0.3233,0.3754,0.4436,0.5302,0.6166,0.6684,0.7008,0.7791,0.9042,0.9699,1.0114,1.2329,1.2647,0.7011,-0.0081,-0.7436,-1.4308,-1.1193,-0.7092,-0.5676,-0.4572,-0.3708,-0.3233,-0.2984,-0.2784,-0.2588,0.045,0.06,0.0772,0.0969,0.1191,0.1438,0.1709,0.2003,0.232,0.2665,0.3048,0.349,0.4008,0.4585,0.5142,0.5608,0.6061,0.6669,0.7453,0.8451,1.0689,1.5729,1.7349,0.9827,0.1617,-0.4826,-0.8582,-0.7871,-0.6927,-0.6411,-0.516,-0.4096,-0.3435,-0.3043,-0.2772,-0.2552,0.0528,0.0671,0.0833,0.1015,0.1218,0.144,0.1682,0.1944,0.2225,0.2529,0.2861,0.323,0.3634,0.4061,0.4482,0.4886,0.5309,0.5818,0.6492,0.7551,0.9577,1.2609,1.3027,0.8314,0.2416,-0.2248,-0.5044,-0.6185,-0.685,-0.6421,-0.5204,-0.4164,-0.3471,-0.3026,-0.2719,-0.2486]},{"header":{"la1":42.85,"la2":41.18,"lo1":11.55,"lo2":14.05,"nx":36,"ny":24,"dx":0.07143,"dy":0.07261,"parameterCategory":2,"parameterNumber":3,"parameterNumberName":"northward_wind","parameterUnit":"m.s-1"},"data":[-0.2014,-0.1851,-0.1671,-0.1477,-0.1276,-0.1087,-0.0937,-0.0861,-0.0883,-0.1004,-0.1194,-0.1411,-0.1614,-0.1782,-0.1904,-0.1984,-0.2029,-0.2049,-0.2054,-0.2054,-0.2055,-0.2062,-0.2077,-0.2103,-0.2141,-0.2191,-0.2252,-0.2322,-0.2401,-0.2486,-0.2575,-0.2667,-0.276,-0.2853,-0.2943,-0.303,-0.1951,-0.1755,-0.1531,-0.1277,-0.0995,-0.0703,-0.045,-0.0305,-0.0329,-0.0528,-0.0842,-0.1185,-0.149,-0.1724,-0.1882,-0.1974,-0.2016,-0.2026,-0.202,-0.2009,-0.2002,-0.2004,-0.2017,-0.2041,-0.208,-0.2134,-0.2201,-0.2281,-0.237,-0.2466,-0.2566,-0.267,-0.2773,-0.2876,-0.2975,-0.3071,-0.189,-0.1658,-0.1386,-0.106,-0.0663,-0.0204,0.025,0.0552,0.0546,0.0201,-0.0346,-0.0909,-0.1369,-0.1691,-0.1888,-0.1988,-0.2019,-0.2011,-0.1986,-0.1962,-0.1949,-0.1949,-0.1958,-0.1979,-0.2016,-0.2074,-0.2149,-0.2239,-0.2339,-0.2448,-0.2562,-0.2678,-0.2794,-0.2909,-0.3019,-0.3123,-0.183,-0.1558,-0.1239,-0.0841,-0.0305,0.042,0.1273,0.1959,0.2037,0.1377,0.0355,-0.0592,-0.1278,-0.1707,-0.1939,-0.2034,-0.2041,-0.2001,-0.195,-0.1912,-0.1901,-0.1912,-0.192,-0.1925,-0.1953,-0.2011,-0.2094,-0.2196,-0.2311,-0.2434,-0.2563,-0.2695,-0.2826,-0.2953,-0.3075,-0.3189,-0.1764,-0.1442,-0.1082,-0.0642,0.0014,0.1102,0.2725,0.4389,0.4776,0.3331,0.1284,-0.0305,-0.128,-0.1811,-0.2059,-0.2127,-0.2086,-0.1995,-0.1911,-0.1858,-0.1863,-0.1935,-0.1936,-0.1886,-0.1887,-0.1944,-0.2037,-0.2154,-0.2285,-0.2426,-0.2573,-0.2723,-0.287,-0.3013,-0.3148,-0.3273,-0.1682,-0.1271,-0.0849,-0.0433,0.0186,0.1571,0.4411,0.8425,0.9856,0.6283,0.2189,-0.0251,-0.1473,-0.2047,-0.2276,-0.2291,-0.2167,-0.1992,-0.1876,-0.181,-0.1787,-0.1974,-0.1959,-0.1822,-0.1803,-0.1868,-0.1978,-0.2112,-0.2263,-0.2426,-0.2594,-0.2765,-0.2932,-0.3093,-0.3243,-0.338,-0.1587,-0.098,-0.0352,0.0009,0.0204,0.1318,0.4941,1.2078,1.5563,0.8312,0.2075,-0.0759,-0.1942,-0.2448,-0.2633,-0.2579,-0.2328,-0.2011,-0.1874,-0.182,-0.1524,-0.1585,-0.1655,-0.1628,-0.1674,-0.1778,-0.1914,-0.2072,-0.2247,-0.2435,-0.2629,-0.2825,-0.3017,-0.3198,-0.3365,-0.3514,-0.1556,-0.0599,0.07,0.1349,0.0433,0.0148,0.2411,0.7592,0.9973,0.4437,-0.0094,-0.1952,-0.265,-0.3003,-0.3215,-0.3132,-0.268,-0.2129,-0.1786,-0.1445,-0.0678,-0.0619,-0.1042,-0.1325,-0.1512,-0.1676,-0.1846,-0.2032,-0.2236,-0.2455,-0.2682,-0.291,-0.3131,-0.3337,-0.3522,-0.3685,-0.1791,-0.0591,0.1758,0.3751,0.0765,-0.1568,-0.1624,-0.0727,-0.0929,-0.257,-0.3417,-0.3426,-0.3365,-0.3624,-0.4241,-0.4346,-0.3381,-0.2373,-0.1649,-0.074,0.0742,0.0491,-0.054,-0.1079,-0.1367,-0.1575,-0.1773,-0.1989,-0.2228,-0.2488,-0.2758,-0.3027,-0.3284,-0.352,-0.3727,-0.3902,-0.2453,-0.1722,-0.0314,0.0602,-0.2177,-0.3969,-0.5114,-0.6412,-0.8518,-0.916,-0.6681,-0.4598,-0.3756,-0.4024,-0.6009,-0.7177,-0.4287,-0.2549,-0.1671,-0.0804,0.0231,0.0148,-0.0553,-0.0999,-0.1264,-0.1469,-0.1682,-0.1931,-0.2219,-0.2536,-0.2864,-0.3189,-0.3493,-0.3764,-0.3994,-0.4179,-0.3336,-0.3448,-0.4266,-0.6799,-0.6789,-0.6368,-0.7864,-0.9867,-1.4006,-1.6263,-0.896,-0.4947,-0.3626,-0.3687,-0.5501,-0.7116,-0.3753,-0.2294,-0.174,-0.1213,-0.0729,-0.0609,-0.0783,-0.0987,-0.1152,-0.1315,-0.1536,-0.1838,-0.2203,-0.2604,-0.3016,-0.3414,-0.3779,-0.4093,-0.4347,-0.4537,-0.4058,-0.455,-0.5638,-0.7209,-0.7321,-0.7892,-1.0262,-1.2223,-1.2981,-1.3155,-0.7807,-0.422,-0.3182,-0.3905,-0.3094,-0.2365,-0.1716,-0.2049,-0.215,-0.1496,-0.1012,-0.0815,-0.0815,-0.0884,-0.0938,-0.1028,-0.1278,-0.1688,-0.2181,-0.2708,-0.3236,-0.3736,-0.4179,-0.4543,-0.4816,-0.5001,-0.4491,-0.4992,-0.5727,-0.6526,-0.7259,-0.8852,-1.1812,-1.415,-1.3271,-0.9323,-0.5561,-0.3037,-0.2103,-0.3686,-0.1961,0.0716,0.0457,-0.3362,-0.3649,-0.1569,-0.081,-0.0573,-0.0587,-0.0651,-0.0578,-0.0523,-0.0874,-0.1496,-0.2184,-0.2883,-0.3568,-0.4204,-0.4749,-0.5168,-0.545,-0.5606,-0.4706,-0.5141,-0.57,-0.6371,-0.728,-0.8793,-1.1092,-1.3543,-1.2083,-0.7576,-0.4243,-0.2498,-0.1531,0.4744,0.2375,0.5844,0.4177,-0.0366,-0.1786,-0.0722,-0.0015,0.0167,-0.0091,-0.0367,-0.026,-0.0026,-0.0535,-0.1394,-0.2284,-0.3185,-0.4078,-0.4902,-0.558,-0.6054,-0.6315,-0.6395,-0.4784,-0.5153,-0.5611,-0.6177,-0.6915,-0.7897,-0.9005,-0.9542,-0.8271,-0.5826,-0.387,-0.1962,0.1111,0.5669,0.3748,0.7075,0.6833,0.2776,0.0519,0.0685,0.1898,0.1897,0.0785,-0.007,-0.0299,-0.0253,-0.0698,-0.1533,-0.2542,-0.3674,-0.4858,-0.5961,-0.6822,-0.7334,-0.7503,-0.7421,-0.4771,-0.5074,-0.5432,-0.5852,-0.6332,-0.6829,-0.7171,-0.7013,-0.6134,-0.5171,-0.5666,-0.1874,-0.0921,0.0901,0.1705,0.3687,0.4992,0.2061,0.0418,0.1888,0.6329,0.5243,0.1861,0.0229,-0.0341,-0.0558,-0.0942,-0.1716,-0.2889,-0.4373,-0.6027,-0.7594,-0.8726,-0.9212,-0.9132,-0.8727,-0.4702,-0.4937,-0.52,-0.5479,-0.575,-0.5953,-0.598,-0.5717,-0.5204,-0.4886,-0.5404,-0.3639,-0.3951,-0.4467,-0.1654,-0.0334,0.0011,-0.1287,-0.213,0.0672,0.6869,0.5521,0.1773,0.0211,-0.0147,-0.0114,-0.0413,-0.1451,-0.3125,-0.5258,-0.7732,-1.0141,-1.1698,-1.196,-1.1294,-1.0296,-0.4601,-0.4776,-0.4958,-0.5129,-0.5265,-0.5324,-0.5254,-0.503,-0.4711,-0.4445,-0.4242,-0.4,-0.4994,-0.5438,-0.5114,-0.5191,-0.3887,-0.499,-0.7195,-0.3302,0.0351,0.1136,0.022,-0.0184,0.0457,0.1769,0.1824,-0.0284,-0.3128,-0.6277,-1.0045,-1.3988,-1.6204,-1.5723,-1.3875,-1.1963,-0.4488,-0.4614,-0.4734,-0.4834,-0.4893,-0.489,-0.4803,-0.4634,-0.442,-0.4221,-0.4087,-0.4144,-0.4651,-0.5935,-1.0686,-1.2847,-0.6843,-0.5728,-0.6478,-0.4913,-0.3017,-0.1785,-0.1381,-0.0755,0.1353,0.5754,0.668,0.1353,-0.3267,-0.7324,-1.2476,-1.8626,-2.1663,-1.9679,-1.6191,-1.3306,-0.4377,-0.4465,-0.4542,-0.4597,-0.4617,-0.4591,-0.4514,-0.4393,-0.4254,-0.4141,-0.4113,-0.428,-0.4863,-0.6459,-1.0141,-1.1281,-0.7238,-0.5535,-0.5745,-0.5991,-0.4411,-0.3351,-0.2757,-0.1808,0.0606,0.6063,0.7325,-0.0204,-0.4571,-0.8238,-1.346,-2.0489,-2.3884,-2.1116,-1.6987,-1.3794,-0.4273,-0.4335,-0.4383,-0.4412,-0.4414,-0.4384,-0.4324,-0.4242,-0.416,-0.411,-0.4145,-0.4343,-0.4835,-0.5795,-0.7048,-0.7257,-0.611,-0.5301,-0.5318,-0.5323,-0.4767,-0.4553,-0.4339,-0.3552,-0.249,-0.25,-0.6167,-0.6541,-0.7088,-0.909,-1.2451,-1.7245,-1.9984,-1.8623,-1.5783,-1.3264,-0.4182,-0.4224,-0.4255,-0.4269,-0.4264,-0.4238,-0.4194,-0.4142,-0.4098,-0.4087,-0.4143,-0.4311,-0.4634,-0.5108,-0.555,-0.5615,-0.5288,-0.4982,-0.4915,-0.4965,-0.5277,-0.6225,-0.6512,-0.5413,-0.4983,-0.6912,-1.0535,-0.9472,-0.9662,-1.0413,-1.1423,-1.3478,-1.5091,-1.4952,-1.3653,-1.2119,-0.4103,-0.4133,-0.4152,-0.4159,-0.4153,-0.4133,-0.4103,-0.4072,-0.4051,-0.4058,-0.4113,-0.4234,-0.4428,-0.4665,-0.4857,-0.4906,-0.4825,-0.4745,-0.4779,-0.5033,-0.5813,-0.7388,-0.7861,-0.645,-0.6006,-0.7161,-0.881,-1.0313,-1.2895,-1.2346,-1.1325,-1.1558,-1.2162,-1.2252,-1.1724,-1.0884,-0.4037,-0.4058,-0.4071,-0.4075,-0.4069,-0.4055,-0.4036,-0.4019,-0.4012,-0.4026,-0.4071,-0.4154,-0.4271,-0.4401,-0.4507,-0.456,-0.4572,-0.4601,-0.4725,-0.5048,-0.5726,-0.6674,-0.6948,-0.638,-0.6286,-0.7087,-0.8536,-1.0875,-1.3303,-1.2631,-1.118,-1.0643,-1.0631,-1.0594,-1.0314,-0.983]}]