docs/data/wind_grid.json
[{"header":{"la1":42.85,"la2":41.18,"lo1":11.55,"lo2":14.05,"nx":36,"ny":24,"dx":0.07143,"dy":0.07261,"parameterCategory":2,"parameterNumber":2,"parameterNumberName":"eastward_wind","parameterUnit":"m.s-1"},"data":[0.4529,0.4516,0.4505,0.4493,0.4479,0.4462,0.4441,0.4416,0.4383,0.4337,0.4268,0.4168,0.4029,0.3847,0.3626,0.3375,0.3114,0.2865,0.2656,0.2506,0.242,0.2388,0.2392,0.2414,0.2442,0.2469,0.2493,0.2512,0.2529,0.2543,0.2557,0.257,0.2584,0.2599,0.2616,0.2633,0.4511,0.4498,0.4487,0.4477,0.4465,0.4449,0.443,0.4409,0.4387,0.4356,0.4302,0.4206,0.4055,0.3843,0.3571,0.3249,0.2902,0.2569,0.2299,0.2128,0.2061,0.2073,0.2128,0.2195,0.2258,0.231,0.2351,0.2383,0.2408,0.2429,0.2448,0.2467,0.2486,0.2506,0.2526,0.2549,0.4478,0.4464,0.4454,0.4446,0.4434,0.4415,0.4391,0.437,0.4362,0.4359,0.4336,0.4258,0.4102,0.3856,0.3518,0.3096,0.2619,0.2148,0.1777,0.1584,0.157,0.1673,0.1815,0.1951,0.2061,0.2142,0.2201,0.2244,0.2278,0.2306,0.2331,0.2355,0.238,0.2405,0.2431,0.2458,0.4426,0.4408,0.4399,0.4394,0.4383,0.4355,0.4309,0.4268,0.4271,0.4322,0.4364,0.4329,0.4178,0.3899,0.3483,0.2927,0.2248,0.1535,0.0978,0.0766,0.089,0.1173,0.1463,0.1694,0.1858,0.197,0.2045,0.2098,0.2138,0.2172,0.2204,0.2234,0.2265,0.2297,0.2329,0.2362,0.4346,0.4319,0.431,0.4313,0.431,0.427,0.4169,0.4049,0.4041,0.4201,0.4381,0.4429,0.4299,0.3989,0.349,0.2775,0.1805,0.0653,-0.0287,-0.0489,-0.0027,0.0599,0.1104,0.1447,0.1663,0.1797,0.1882,0.1941,0.1986,0.2026,0.2064,0.2102,0.2141,0.218,0.2219,0.2259,0.4227,0.4179,0.4164,0.4183,0.4211,0.4178,0.3992,0.366,0.3555,0.396,0.441,0.4586,0.4483,0.4142,0.3572,0.2715,0.1417,-0.0429,-0.2152,-0.2251,-0.1066,0.0076,0.0815,0.1246,0.1489,0.1626,0.1709,0.1767,0.1816,0.1862,0.1909,0.1957,0.2005,0.2053,0.2101,0.2148,0.4054,0.3957,0.3915,0.3956,0.406,0.4118,0.3922,0.3317,0.2997,0.3805,0.4575,0.485,0.4748,0.4361,0.3736,0.2832,0.1398,-0.0984,-0.362,-0.3549,-0.1612,-0.0134,0.0687,0.1115,0.1334,0.1446,0.1513,0.1565,0.1618,0.1675,0.1735,0.1796,0.1857,0.1916,0.1973,0.203,0.3815,0.3614,0.3479,0.3511,0.3753,0.4062,0.4141,0.3793,0.3621,0.4375,0.5051,0.527,0.5108,0.4618,0.3895,0.3049,0.1883,-0.003,-0.2167,-0.2314,-0.0979,0.0112,0.0728,0.1036,0.1173,0.1231,0.1268,0.1315,0.1379,0.1456,0.1537,0.1618,0.1695,0.1767,0.1836,0.1903,0.3521,0.312,0.2731,0.2607,0.3037,0.3836,0.4472,0.4777,0.5042,0.5447,0.5753,0.5834,0.5589,0.4877,0.3781,0.2949,0.2335,0.1265,0.0126,-0.0262,0.0065,0.0515,0.0813,0.0938,0.095,0.0928,0.0933,0.0988,0.1083,0.1197,0.1313,0.1421,0.1519,0.1607,0.1688,0.1766,0.3237,0.2537,0.1614,0.0884,0.1486,0.3274,0.4684,0.549,0.6053,0.6345,0.643,0.65,0.6297,0.5328,0.3007,0.1815,0.2304,0.16,0.0763,0.043,0.0507,0.0695,0.079,0.0732,0.0583,0.0456,0.0441,0.0543,0.0712,0.0895,0.1064,0.1208,0.133,0.1435,0.1529,0.1618,0.3097,0.2147,0.0603,-0.1272,-0.0718,0.2718,0.4916,0.5889,0.6623,0.6878,0.6916,0.7242,0.7397,0.6816,0.3967,0.1952,0.2256,0.066,-0.0417,-0.0261,0.0254,0.059,0.0616,0.0352,-0.005,-0.0328,-0.0314,-0.0067,0.0257,0.0557,0.0799,0.0985,0.113,0.1249,0.1355,0.1456,0.3228,0.2323,0.0862,-0.0875,-0.0185,0.3307,0.5365,0.5989,0.646,0.6865,0.7346,0.8062,0.869,0.9198,0.7928,0.4992,0.1673,-0.315,-0.4443,-0.2112,-0.0342,0.039,0.0369,-0.0238,-0.1136,-0.1676,-0.1472,-0.0861,-0.0252,0.0213,0.0537,0.076,0.0921,0.1048,0.1162,0.1274,0.3612,0.3022,0.2275,0.1802,0.2655,0.4535,0.5734,0.5944,0.6184,0.6983,0.7917,0.8852,0.9634,0.9991,0.9336,0.5984,0.0339,-1.0535,-1.0838,-0.3697,-0.0571,0.0396,0.021,-0.0966,-0.2845,-0.386,-0.3046,-0.1715,-0.0712,-0.008,0.0304,0.054,0.0696,0.082,0.0939,0.1065,0.41,0.3833,0.3626,0.3723,0.4359,0.5282,0.5914,0.6076,0.6391,0.7372,0.8408,0.9222,0.995,1.5429,0.9775,0.549,0.0878,-0.5508,-0.6551,-0.2099,0.0179,0.0786,0.0345,-0.1346,-0.4355,-0.5944,-0.4225,-0.2193,-0.0944,-0.0256,0.0115,0.0315,0.0436,0.0543,0.0666,0.0815,0.4558,0.4498,0.4533,0.4758,0.5203,0.5742,0.6187,0.653,0.708,0.7994,0.8823,0.9344,1.0472,1.1135,0.9101,0.3228,-0.1057,0.0071,-0.008,0.0771,0.1317,0.1353,0.084,-0.0718,-0.332,-0.4745,-0.3484,-0.187,-0.0856,-0.0308,-0.0049,0.005,0.0097,0.0174,0.0312,0.0505,0.4932,0.4979,0.5106,0.5345,0.569,0.6094,0.6508,0.6973,0.7634,0.8595,0.966,0.9219,0.9366,0.9587,0.792,0.3768,0.0618,0.2251,0.2835,0.2431,0.146,0.1499,0.1409,0.0383,-0.1102,-0.2003,-0.1803,-0.1169,-0.0628,-0.032,-0.0251,-0.0332,-0.041,-0.036,-0.0165,0.0119,0.5216,0.5315,0.5474,0.5703,0.6,0.6348,0.6744,0.7218,0.7837,0.865,0.9485,0.9212,0.9003,0.8871,0.7762,0.6011,0.4805,0.5126,0.5444,0.3957,0.1599,0.1742,0.193,0.1134,-0.0002,-0.0873,-0.1139,-0.0896,-0.0533,-0.0383,-0.0565,-0.0954,-0.1229,-0.1161,-0.0808,-0.0344,0.5423,0.5545,0.5712,0.5927,0.6191,0.65,0.6855,0.7269,0.7751,0.8264,0.8637,0.8697,0.878,0.8709,0.7986,0.7369,0.6752,0.7422,0.8525,0.6517,0.4304,0.3267,0.2591,0.1461,-0.011,-0.1683,-0.2147,-0.1377,-0.0614,-0.0466,-0.1012,-0.1963,-0.2545,-0.2303,-0.1591,-0.0832,0.557,0.5699,0.5862,0.606,0.6295,0.6563,0.6865,0.7198,0.755,0.7879,0.8113,0.8221,0.8257,0.8204,0.8477,0.8668,0.7656,0.7949,0.8675,0.8551,0.6584,0.4658,0.3199,0.1579,-0.0843,-0.4222,-0.4954,-0.2185,-0.0516,-0.0352,-0.1426,-0.3271,-0.4239,-0.3548,-0.2293,-0.12,0.5669,0.5796,0.5949,0.6128,0.6333,0.6561,0.681,0.707,0.7326,0.7553,0.7717,0.7809,0.7848,0.7927,0.8306,0.8414,0.7813,0.8201,1.0418,1.1495,0.7923,0.5306,0.3584,0.192,-0.0516,-0.4435,-0.5297,-0.1123,0.0412,0.0257,-0.1258,-0.3755,-0.4968,-0.3979,-0.2462,-0.1248,0.573,0.585,0.599,0.6149,0.6325,0.6516,0.6717,0.6919,0.7109,0.7271,0.739,0.7463,0.7507,0.757,0.7678,0.7656,0.7543,0.7939,0.9149,0.9355,0.7116,0.4965,0.3659,0.257,0.1343,0.0923,0.3041,0.2915,0.2143,0.1433,-0.0073,-0.2239,-0.3429,-0.2936,-0.1858,-0.0892,0.5762,0.5873,0.5998,0.6137,0.6287,0.6444,0.6605,0.6761,0.6903,0.7021,0.7108,0.716,0.7188,0.7205,0.7206,0.716,0.712,0.7229,0.7392,0.6951,0.5495,0.3913,0.3324,0.3051,0.274,0.3623,0.5801,0.4716,0.3549,0.2888,0.1585,-0.0038,-0.1113,-0.1241,-0.0816,-0.0264,0.5771,0.5872,0.5983,0.6102,0.6228,0.6357,0.6484,0.6605,0.6711,0.6797,0.6856,0.6888,0.6894,0.6878,0.6835,0.6763,0.6673,0.6567,0.6332,0.5705,0.453,0.3254,0.2994,0.3201,0.3234,0.3685,0.4337,0.4312,0.4617,0.4187,0.2886,0.1544,0.0593,0.0189,0.0203,0.0422,0.5763,0.5853,0.595,0.6051,0.6156,0.6261,0.6361,0.6454,0.6532,0.6592,0.6629,0.6642,0.6629,0.659,0.6521,0.642,0.6279,0.6074,0.5735,0.5165,0.435,0.3572,0.3309,0.3366,0.3409,0.3572,0.3844,0.4217,0.4741,0.4408,0.3383,0.2358,0.1593,0.1155,0.0999,0.1027]},{"header":{"la1":42.85,"la2":41.18,"lo1":11.55,"lo2":14.05,"nx":36,"ny":24,"dx":0.07143,"dy":0.07261,"parameterCategory":2,"parameterNumber":3,"parameterNumberName":"northward_wind","parameterUnit":"m.s-1"},"data":[-0.0917,-0.0896,-0.0873,-0.0851,-0.0832,-0.0823,-0.0833,-0.0873,-0.095,-0.1067,-0.1218,-0.1391,-0.1575,-0.1759,-0.1938,-0.2105,-0.2252,-0.2373,-0.2458,-0.2503,-0.2507,-0.2479,-0.2431,-0.2374,-0.2315,-0.226,-0.221,-0.2166,-0.2127,-0.2093,-0.2063,-0.2036,-0.2011,-0.1988,-0.1966,-0.1946,-0.0874,-0.0843,-0.0807,-0.0766,-0.0723,-0.0686,-0.0669,-0.0693,-0.0774,-0.0918,-0.1114,-0.1339,-0.1574,-0.1807,-0.203,-0.224,-0.2429,-0.2585,-0.2692,-0.2737,-0.2722,-0.2662,-0.2579,-0.249,-0.2407,-0.2334,-0.2272,-0.222,-0.2175,-0.2137,-0.2104,-0.2073,-0.2046,-0.2021,-0.1998,-0.1975,-0.0831,-0.0789,-0.0738,-0.0674,-0.0597,-0.0513,-0.0445,-0.0429,-0.0508,-0.0695,-0.0963,-0.1266,-0.1572,-0.1866,-0.2145,-0.2409,-0.2657,-0.2869,-0.3013,-0.3058,-0.3004,-0.2887,-0.2748,-0.2616,-0.2502,-0.2409,-0.2335,-0.2275,-0.2225,-0.2183,-0.2146,-0.2114,-0.2084,-0.2057,-0.2032,-0.2008,-0.079,-0.0738,-0.0671,-0.0582,-0.046,-0.0303,-0.0135,-0.0028,-0.0086,-0.0351,-0.0749,-0.1175,-0.1578,-0.1945,-0.2287,-0.2617,-0.2947,-0.3256,-0.3474,-0.3516,-0.3382,-0.316,-0.2933,-0.2742,-0.2593,-0.248,-0.2396,-0.233,-0.2277,-0.2232,-0.2193,-0.2157,-0.2125,-0.2096,-0.2068,-0.2042,-0.0751,-0.0691,-0.0613,-0.0502,-0.0332,-0.0074,0.0275,0.0598,0.0614,0.018,-0.0469,-0.1085,-0.1608,-0.2058,-0.2464,-0.2861,-0.3294,-0.3773,-0.4155,-0.4185,-0.3875,-0.3464,-0.3112,-0.2852,-0.267,-0.2544,-0.2455,-0.2387,-0.2332,-0.2286,-0.2244,-0.2206,-0.2171,-0.2139,-0.2109,-0.2081,-0.0713,-0.0649,-0.0567,-0.0449,-0.0251,0.0108,0.0723,0.151,0.1748,0.0913,-0.0192,-0.1049,-0.1695,-0.2227,-0.2693,-0.3133,-0.3647,-0.437,-0.5093,-0.509,-0.442,-0.3729,-0.3239,-0.2924,-0.2727,-0.26,-0.2515,-0.2451,-0.2397,-0.2348,-0.2303,-0.2261,-0.2222,-0.2186,-0.2154,-0.2123,-0.0673,-0.0603,-0.0525,-0.0424,-0.0251,0.0117,0.0905,0.2241,0.2854,0.1396,-0.0155,-0.1148,-0.1867,-0.2489,-0.3033,-0.3469,-0.3914,-0.4715,-0.5795,-0.5743,-0.4694,-0.3805,-0.3257,-0.294,-0.276,-0.2655,-0.2586,-0.253,-0.2477,-0.2424,-0.2373,-0.2324,-0.228,-0.224,-0.2204,-0.217,-0.0624,-0.0538,-0.0457,-0.039,-0.0314,-0.0109,0.0436,0.1426,0.183,0.0641,-0.0566,-0.1388,-0.2107,-0.2889,-0.3651,-0.4084,-0.4182,-0.4484,-0.5152,-0.5116,-0.431,-0.359,-0.3145,-0.2904,-0.2786,-0.2729,-0.2689,-0.2642,-0.2585,-0.2521,-0.2458,-0.2399,-0.2347,-0.2301,-0.2261,-0.2224,-0.0563,-0.0436,-0.0309,-0.0245,-0.0306,-0.04,-0.0346,-0.0163,-0.0217,-0.065,-0.1123,-0.1614,-0.23,-0.3419,-0.4934,-0.5599,-0.4875,-0.424,-0.4115,-0.3979,-0.3599,-0.321,-0.2962,-0.2858,-0.2848,-0.2865,-0.286,-0.2814,-0.2737,-0.2647,-0.2561,-0.2485,-0.2423,-0.237,-0.2326,-0.2285,-0.0504,-0.0304,-0.0038,0.0171,-0.0008,-0.0534,-0.0936,-0.1158,-0.1364,-0.1477,-0.1471,-0.1649,-0.2209,-0.3687,-0.7259,-0.9064,-0.5957,-0.4189,-0.357,-0.3282,-0.3041,-0.2855,-0.2793,-0.2867,-0.3017,-0.3142,-0.3165,-0.3086,-0.295,-0.2807,-0.2682,-0.2583,-0.2508,-0.2449,-0.24,-0.2357,-0.0482,-0.0216,0.023,0.079,0.0605,-0.0563,-0.1398,-0.1744,-0.187,-0.1924,-0.1586,-0.1445,-0.1638,-0.2562,-0.6308,-0.9004,-0.543,-0.3829,-0.3288,-0.2938,-0.2675,-0.2571,-0.2681,-0.3003,-0.3419,-0.3704,-0.3711,-0.3506,-0.3236,-0.2995,-0.2814,-0.2688,-0.2601,-0.2539,-0.2489,-0.2442,-0.0533,-0.0286,0.0132,0.0655,0.0401,-0.0931,-0.1968,-0.2416,-0.214,-0.1864,-0.1444,-0.1054,-0.0854,-0.0617,-0.1613,-0.3357,-0.3482,-0.3576,-0.3477,-0.2849,-0.2387,-0.2293,-0.2607,-0.3338,-0.4269,-0.4821,-0.4654,-0.4107,-0.3574,-0.3187,-0.2941,-0.2793,-0.2705,-0.2646,-0.2597,-0.2547,-0.0649,-0.0503,-0.0315,-0.022,-0.0597,-0.148,-0.2381,-0.3008,-0.2624,-0.1833,-0.1153,-0.0465,-0.028,-0.0138,-0.0469,-0.1584,-0.2567,-0.4443,-0.4443,-0.2775,-0.1972,-0.1884,-0.2466,-0.384,-0.5792,-0.6823,-0.6047,-0.4785,-0.3867,-0.3327,-0.3038,-0.2895,-0.2825,-0.2781,-0.2738,-0.2683,-0.0785,-0.0739,-0.0724,-0.0825,-0.1153,-0.1684,-0.2264,-0.2696,-0.2461,-0.1717,-0.1008,0.0122,0.0439,-0.0108,-0.0625,-0.1126,-0.1715,-0.3084,-0.3229,-0.1897,-0.1143,-0.1163,-0.2022,-0.4027,-0.7225,-0.8865,-0.7125,-0.5108,-0.3929,-0.3345,-0.3091,-0.3004,-0.2985,-0.297,-0.2931,-0.2863,-0.09,-0.0912,-0.0966,-0.1097,-0.1329,-0.1635,-0.1932,-0.2084,-0.1938,-0.1642,-0.1359,-0.0816,-0.0592,-0.0923,-0.073,-0.0918,-0.1011,-0.1134,-0.0978,-0.0319,0.0208,0.0001,-0.1091,-0.3131,-0.6037,-0.7577,-0.6241,-0.458,-0.3634,-0.3225,-0.3121,-0.3163,-0.3233,-0.3257,-0.321,-0.3106,-0.0979,-0.1015,-0.1082,-0.1192,-0.1346,-0.1517,-0.166,-0.1721,-0.1708,-0.184,-0.2494,-0.1217,-0.0974,-0.0844,-0.076,-0.0718,-0.0704,0.0023,0.0828,0.1243,0.1654,0.1306,-0.0002,-0.1665,-0.3387,-0.4336,-0.4082,-0.3472,-0.3104,-0.304,-0.3199,-0.3456,-0.3662,-0.3716,-0.3619,-0.3431,-0.1024,-0.1064,-0.1124,-0.1206,-0.1305,-0.1404,-0.1483,-0.153,-0.1591,-0.1821,-0.2339,-0.1615,-0.1043,-0.0932,-0.0755,-0.0373,0.0494,0.2311,0.3694,0.2814,0.1988,0.1681,0.0634,-0.0609,-0.1654,-0.2241,-0.2411,-0.2458,-0.259,-0.2907,-0.3429,-0.4025,-0.4421,-0.4448,-0.4195,-0.3839,-0.1043,-0.1079,-0.1126,-0.1184,-0.1247,-0.1306,-0.1353,-0.139,-0.1437,-0.152,-0.1548,-0.1302,-0.1024,-0.0963,-0.0983,-0.0571,0.1381,0.5603,0.8957,0.5347,0.3012,0.1947,0.0972,-0.0048,-0.0852,-0.1273,-0.1487,-0.1782,-0.2215,-0.2876,-0.3876,-0.5026,-0.5681,-0.5514,-0.4914,-0.4281,-0.1044,-0.1072,-0.1107,-0.1145,-0.1184,-0.1219,-0.1244,-0.1262,-0.1274,-0.1276,-0.1228,-0.1111,-0.1009,-0.11,-0.197,-0.2308,0.0992,0.5426,0.7936,0.6557,0.4395,0.258,0.1296,0.0239,-0.0586,-0.0977,-0.1069,-0.1416,-0.1974,-0.2869,-0.4396,-0.6342,-0.7295,-0.6677,-0.5567,-0.4626,-0.1033,-0.1054,-0.1076,-0.11,-0.1121,-0.1137,-0.1146,-0.1144,-0.1131,-0.11,-0.1042,-0.0962,-0.0914,-0.1048,-0.1693,-0.1702,0.0906,0.4231,0.7519,0.8579,0.5271,0.2942,0.1539,0.0445,-0.0476,-0.0958,-0.1033,-0.1373,-0.1835,-0.2714,-0.4438,-0.6851,-0.7976,-0.7086,-0.5744,-0.4693,-0.1015,-0.1028,-0.1041,-0.1052,-0.106,-0.1062,-0.1056,-0.1039,-0.1009,-0.0961,-0.0894,-0.0813,-0.0739,-0.071,-0.0681,-0.0175,0.1326,0.3496,0.5796,0.6345,0.4419,0.2763,0.176,0.075,-0.0309,-0.1089,-0.159,-0.1609,-0.172,-0.2315,-0.3654,-0.5564,-0.6616,-0.6183,-0.5242,-0.441,-0.0993,-0.0998,-0.1003,-0.1005,-0.1002,-0.0993,-0.0975,-0.0946,-0.0904,-0.0844,-0.0766,-0.0667,-0.0547,-0.0391,-0.0123,0.0427,0.1381,0.2598,0.3639,0.3821,0.3125,0.2597,0.2324,0.1291,-0.0056,-0.1187,-0.1911,-0.1693,-0.1482,-0.1749,-0.2597,-0.3814,-0.4667,-0.4751,-0.4374,-0.3899,-0.0969,-0.0968,-0.0966,-0.096,-0.0949,-0.0931,-0.0904,-0.0866,-0.0814,-0.0745,-0.0656,-0.0541,-0.0392,-0.0187,0.0118,0.0579,0.1206,0.1895,0.2422,0.2577,0.2494,0.2728,0.2862,0.1709,0.0254,-0.0821,-0.1354,-0.1298,-0.1056,-0.1217,-0.184,-0.2656,-0.3308,-0.3584,-0.3542,-0.3345,-0.0944,-0.0938,-0.093,-0.0918,-0.09,-0.0875,-0.0842,-0.0797,-0.0739,-0.0664,-0.0568,-0.0446,-0.0289,-0.0081,0.0195,0.0555,0.0981,0.1409,0.174,0.1923,0.2056,0.2292,0.2254,0.1438,0.0359,-0.0484,-0.0955,-0.1075,-0.0995,-0.1108,-0.153,-0.2069,-0.2535,-0.2815,-0.2905,-0.2863]}]