docs/data/wind_grid.json
[{"header":{"la1":42.85,"la2":41.18,"lo1":11.55,"lo2":14.05,"nx":36,"ny":24,"dx":0.07143,"dy":0.07261,"parameterCategory":2,"parameterNumber":2,"parameterNumberName":"eastward_wind","parameterUnit":"m.s-1"},"data":[2.0388,2.0469,2.0541,2.0593,2.0607,2.0555,2.0397,2.0085,1.9571,1.8822,1.7819,1.6559,1.5045,1.3286,1.1313,0.9201,0.7091,0.5195,0.3747,0.2924,0.2761,0.3155,0.3923,0.4879,0.5881,0.6839,0.7709,0.8476,0.914,0.971,1.0197,1.0614,1.0973,1.1282,1.1552,1.1789,2.0688,2.082,2.0957,2.1091,2.1206,2.1268,2.1221,2.099,2.0498,1.9689,1.8548,1.7078,1.5277,1.3132,1.0641,0.7862,0.4977,0.2328,0.035,-0.0618,-0.0527,0.0381,0.1742,0.3244,0.4688,0.598,0.7092,0.8028,0.8809,0.946,1.0003,1.0458,1.0842,1.117,1.1452,1.1698,2.0979,2.1165,2.1375,2.1609,2.1857,2.2087,2.2225,2.2149,2.1714,2.0835,1.9513,1.779,1.5666,1.308,0.9948,0.625,0.2171,-0.1741,-0.4623,-0.575,-0.5075,-0.3194,-0.0847,0.1457,0.3484,0.5174,0.6549,0.7656,0.8548,0.9269,0.9857,1.034,1.0743,1.1082,1.1372,1.1622,2.1248,2.1486,2.1771,2.2116,2.2529,2.2997,2.3439,2.3651,2.3342,2.2342,2.0743,1.8705,1.6245,1.3212,0.9358,0.4448,-0.1474,-0.7614,-1.218,-1.3433,-1.1405,-0.7674,-0.3741,-0.0329,0.2401,0.4517,0.6145,0.7402,0.8381,0.9153,0.9769,1.0267,1.0677,1.1019,1.1309,1.156,2.1483,2.1764,2.2114,2.2563,2.3153,2.3925,2.4843,2.5608,2.5555,2.428,2.219,1.9765,1.702,1.3642,0.9121,0.2811,-0.5785,-1.5892,-2.382,-2.498,-1.9865,-1.2785,-0.6545,-0.1804,0.164,0.4131,0.5952,0.7306,0.8332,0.9123,0.9744,1.024,1.0644,1.098,1.1264,1.1509,2.1673,2.1982,2.2372,2.2892,2.362,2.4686,2.622,2.7955,2.8421,2.6491,2.3592,2.0799,1.7951,1.4487,0.9619,0.2163,-0.9482,-2.5703,-4.0005,-4.0409,-2.9205,-1.7197,-0.8391,-0.2494,0.1443,0.4134,0.6026,0.7395,0.8411,0.9182,0.9781,1.0256,1.0641,1.096,1.1231,1.1466,2.1812,2.2128,2.2525,2.3053,2.381,2.4982,2.6888,2.957,3.0692,2.7861,2.436,2.1591,1.8985,1.5817,1.1187,0.3618,-0.9444,-3.0501,-5.183,-5.1114,-3.3648,-1.8119,-0.8122,-0.1945,0.1984,0.4589,0.6385,0.7668,0.861,0.9321,0.9871,1.0306,1.0659,1.0954,1.1206,1.1427,2.1902,2.2204,2.2573,2.3047,2.3698,2.4664,2.617,2.8213,2.8959,2.6757,2.4206,2.2145,2.0125,1.7589,1.3782,0.7467,-0.345,-2.109,-3.9438,-3.9975,-2.619,-1.3525,-0.525,-0.0082,0.3235,0.545,0.6987,0.809,0.8903,0.9519,0.9996,1.0376,1.0687,1.095,1.1178,1.1383,2.195,2.2225,2.2543,2.2924,2.34,2.402,2.4819,2.5625,2.5819,2.5112,2.3986,2.2748,2.1407,1.9651,1.6896,1.238,0.5252,-0.473,-1.4319,-1.661,-1.1759,-0.5604,-0.0781,0.2593,0.4922,0.6558,0.7733,0.8596,0.9244,0.9741,1.0131,1.0446,1.0708,1.0935,1.1138,1.1325,2.1966,2.2208,2.2471,2.2755,2.3067,2.3419,2.3848,2.4411,2.5064,2.5176,2.4388,2.3536,2.2823,2.1858,1.9988,1.672,1.2091,0.6754,0.2037,-0.0379,-0.0096,0.1631,0.3596,0.53,0.6652,0.7695,0.8493,0.9105,0.9578,0.9949,1.0247,1.0493,1.0704,1.0894,1.1072,1.1245,2.1962,2.2173,2.2385,2.2588,2.2768,2.2921,2.3125,2.3777,2.5741,2.6638,2.4985,2.4347,2.4325,2.4227,2.2898,1.9851,1.5823,1.2018,0.9244,0.7408,0.6485,0.64,0.6825,0.7449,0.8089,0.8663,0.9144,0.9534,0.9848,1.0101,1.0311,1.0491,1.0654,1.081,1.0967,1.113,2.1946,2.2132,2.2306,2.2449,2.2528,2.2492,2.2304,2.2268,2.4031,2.5474,2.4924,2.5117,2.5741,2.6831,2.5595,2.1748,1.6872,1.246,1.0743,1.0176,0.9421,0.8858,0.8676,0.8791,0.9049,0.9336,0.9599,0.982,1.0004,1.0159,1.0292,1.0414,1.0535,1.0663,1.0807,1.0967,2.1923,2.2093,2.2244,2.2355,2.2381,2.2242,2.18,2.1124,2.1929,2.3761,2.4976,2.6325,2.6639,2.7538,2.6502,2.2046,1.6419,0.9585,0.9122,1.0656,1.023,0.9531,0.9243,0.9301,0.9485,0.9667,0.9808,0.9918,1.0009,1.009,1.0163,1.0237,1.0322,1.0432,1.0572,1.0743,2.1895,2.2057,2.2202,2.231,2.2347,2.2253,2.1962,2.1578,2.2111,2.3745,2.5293,2.7835,2.8303,2.4259,2.4238,2.0648,1.6386,1.2098,1.0802,1.0835,0.9383,0.841,0.8532,0.9048,0.9457,0.9668,0.9752,0.9792,0.9829,0.9867,0.99,0.9934,0.999,1.009,1.0243,1.0445,2.1863,2.2023,2.2172,2.2299,2.2387,2.2419,2.2412,2.2525,2.3168,2.4348,2.5389,2.6008,2.5729,2.5787,2.33,1.7967,1.3861,1.4714,1.3035,0.9681,0.5244,0.4418,0.6485,0.8265,0.9127,0.9384,0.9401,0.9399,0.9433,0.9474,0.9487,0.9482,0.9506,0.9606,0.9797,1.006,2.1823,2.1985,2.2143,2.2294,2.2438,2.2584,2.2779,2.3141,2.385,2.4999,2.6366,2.6012,2.5401,2.4505,2.2643,1.8449,1.5268,1.5964,1.3953,0.6743,-0.475,-0.2891,0.4089,0.7611,0.8735,0.8796,0.8642,0.8646,0.8788,0.8912,0.8924,0.8855,0.8826,0.894,0.9211,0.9585,2.1773,2.1935,2.2101,2.2271,2.2453,2.2664,2.2944,2.3363,2.4014,2.4976,2.6067,2.5573,2.4471,2.387,2.2747,2.0763,1.908,1.8498,1.6971,0.8965,-0.5756,-0.3223,0.4665,0.7958,0.8354,0.763,0.7155,0.7377,0.7889,0.8233,0.8243,0.803,0.7895,0.8054,0.8482,0.9037,2.171,2.187,2.2038,2.2216,2.2413,2.2642,2.2929,2.3304,2.379,2.4343,2.4709,2.4509,2.4002,2.3764,2.3354,2.2675,2.1294,2.1231,2.2313,1.7158,0.9274,0.7041,0.872,0.9201,0.7616,0.5191,0.4351,0.5478,0.6849,0.7577,0.7533,0.7013,0.6692,0.6976,0.7678,0.8489,2.1633,2.1788,2.1952,2.2127,2.2319,2.2538,2.2792,2.309,2.3419,2.3722,2.3884,2.3827,2.3678,2.3705,2.4789,2.5302,2.2786,2.2138,2.2716,2.2166,1.8063,1.4522,1.2766,1.0612,0.653,0.1312,0.0212,0.3532,0.6088,0.7167,0.6975,0.5999,0.5464,0.5975,0.7016,0.8084,2.1543,2.1689,2.1844,2.2007,2.2184,2.2377,2.2587,2.2811,2.3032,2.3211,2.3306,2.3307,2.33,2.3543,2.4502,2.4743,2.3109,2.2912,2.5736,2.7225,2.2157,1.8618,1.6128,1.2627,0.7179,0.0813,-0.0433,0.3823,0.622,0.7193,0.6865,0.5647,0.502,0.5648,0.6831,0.7994,2.144,2.1575,2.1717,2.1865,2.202,2.2182,2.235,2.2516,2.2666,2.2779,2.2841,2.2857,2.2882,2.3017,2.3266,2.3175,2.2693,2.291,2.4418,2.4863,2.2951,2.1901,2.0446,1.6259,1.0423,0.6187,0.5949,0.6347,0.707,0.7639,0.7357,0.6408,0.5876,0.6316,0.7277,0.829,2.1327,2.145,2.1576,2.1706,2.1838,2.1972,2.2102,2.2224,2.2326,2.2399,2.2436,2.2444,2.2446,2.2465,2.2467,2.2359,2.222,2.2374,2.2879,2.3285,2.4221,2.7149,2.7651,2.1604,1.3994,0.8761,0.6982,0.7238,0.7902,0.8335,0.8206,0.7676,0.7331,0.7535,0.8143,0.8882,2.1206,2.1315,2.1426,2.1538,2.1648,2.1755,2.1855,2.1943,2.2012,2.2056,2.2072,2.2063,2.2038,2.2,2.194,2.1853,2.1805,2.1918,2.2293,2.3182,2.5715,3.0896,3.241,2.5295,1.6987,1.1302,0.8759,0.8519,0.8941,0.9213,0.9156,0.8887,0.8691,0.8772,0.9118,0.9603,2.1079,2.1175,2.1271,2.1365,2.1455,2.154,2.1615,2.1677,2.172,2.1742,2.1741,2.1717,2.1673,2.1613,2.154,2.147,2.1451,2.1566,2.1949,2.291,2.5038,2.8125,2.8594,2.4159,1.8332,1.3857,1.1365,1.0449,1.0271,1.0235,1.0123,0.9945,0.9818,0.9841,1.0029,1.0333]},{"header":{"la1":42.85,"la2":41.18,"lo1":11.55,"lo2":14.05,"nx":36,"ny":24,"dx":0.07143,"dy":0.07261,"parameterCategory":2,"parameterNumber":3,"parameterNumberName":"northward_wind","parameterUnit":"m.s-1"},"data":[0.6247,0.6444,0.6654,0.6871,0.7079,0.7252,0.7356,0.7355,0.7219,0.6944,0.6547,0.606,0.5514,0.4931,0.4329,0.3724,0.3147,0.2637,0.2242,0.1995,0.1898,0.1925,0.2035,0.2185,0.2344,0.2494,0.2626,0.2735,0.2825,0.2896,0.2952,0.2996,0.303,0.3057,0.3077,0.3093,0.6377,0.6619,0.6892,0.719,0.75,0.7788,0.8,0.8068,0.7936,0.7589,0.7068,0.6435,0.5742,0.5014,0.4257,0.3482,0.2721,0.2041,0.1529,0.1251,0.1211,0.1351,0.159,0.1856,0.2109,0.2327,0.2507,0.2649,0.276,0.2845,0.2911,0.296,0.2998,0.3028,0.305,0.3068,0.6486,0.6777,0.7121,0.7522,0.7973,0.8441,0.8844,0.9054,0.8943,0.8477,0.7751,0.6901,0.6015,0.5111,0.4169,0.3168,0.2133,0.1172,0.0463,0.0154,0.0247,0.0603,0.1057,0.1496,0.1872,0.2172,0.2404,0.2578,0.2709,0.2806,0.2878,0.2931,0.2972,0.3002,0.3026,0.3044,0.6562,0.6898,0.7314,0.7833,0.8469,0.9211,0.9958,1.0468,1.0426,0.9731,0.8632,0.7448,0.632,0.5228,0.4084,0.2797,0.1347,-0.0106,-0.1181,-0.1508,-0.1109,-0.0342,0.0459,0.1138,0.1662,0.205,0.233,0.2532,0.2676,0.278,0.2855,0.291,0.295,0.2981,0.3004,0.3022,0.6591,0.696,0.7437,0.8066,0.8912,1.0031,1.1372,1.2535,1.2699,1.1507,0.9695,0.8011,0.6617,0.5369,0.4053,0.2449,0.0405,-0.1928,-0.3741,-0.4033,-0.2939,-0.1426,-0.0117,0.0851,0.1525,0.1987,0.2302,0.2518,0.2667,0.2771,0.2843,0.2895,0.2934,0.2963,0.2985,0.3002,0.6563,0.6943,0.7446,0.8144,0.9155,1.0667,1.2855,1.5322,1.6053,1.3759,1.0691,0.8412,0.6835,0.5542,0.4161,0.2317,-0.0401,-0.4101,-0.7332,-0.7438,-0.4971,-0.2356,-0.0478,0.0739,0.1514,0.201,0.2332,0.2543,0.2682,0.2777,0.2842,0.2888,0.2922,0.2948,0.2968,0.2985,0.6472,0.6834,0.7317,0.7997,0.9021,1.0677,1.345,1.7398,1.9043,1.5148,1.0899,0.8394,0.6906,0.5761,0.4499,0.267,-0.0353,-0.515,-0.9974,-0.9817,-0.5925,-0.2511,-0.0367,0.0905,0.1667,0.2132,0.2421,0.2603,0.272,0.2796,0.2848,0.2884,0.2912,0.2934,0.2953,0.2968,0.6325,0.6642,0.7055,0.7622,0.8454,0.9771,1.1961,1.5088,1.6268,1.2963,0.9696,0.7893,0.6864,0.6057,0.5092,0.36,0.108,-0.296,-0.715,-0.7286,-0.4203,-0.142,0.0336,0.1372,0.1982,0.2345,0.2562,0.2692,0.2772,0.2822,0.2856,0.2882,0.2904,0.2922,0.2939,0.2954,0.6137,0.6393,0.6708,0.7107,0.7633,0.8348,0.9295,1.0222,1.0179,0.8991,0.7901,0.725,0.6863,0.6495,0.589,0.4849,0.3207,0.0912,-0.1308,-0.1873,-0.0832,0.0465,0.1424,0.2036,0.2402,0.2613,0.273,0.2792,0.2826,0.2846,0.2862,0.2878,0.2894,0.291,0.2927,0.2942,0.5925,0.6118,0.6337,0.6581,0.6843,0.7097,0.7274,0.7194,0.6679,0.6351,0.6585,0.6845,0.7094,0.7194,0.6872,0.6088,0.5022,0.3847,0.2765,0.2121,0.2043,0.2271,0.2537,0.2732,0.2842,0.2887,0.2894,0.2882,0.2868,0.2858,0.2858,0.2866,0.2881,0.2898,0.2916,0.2933,0.5707,0.5847,0.5993,0.6132,0.6246,0.6301,0.6255,0.6028,0.5324,0.498,0.5924,0.6774,0.7688,0.8396,0.8146,0.7174,0.6244,0.564,0.5091,0.443,0.39,0.3602,0.3446,0.3336,0.323,0.3122,0.3021,0.2938,0.2879,0.2847,0.2837,0.2846,0.2865,0.2889,0.2912,0.2931,0.5494,0.5594,0.5692,0.578,0.5849,0.5889,0.5903,0.5874,0.5515,0.5264,0.5855,0.6832,0.8467,1.0489,0.9797,0.7939,0.6913,0.6972,0.679,0.5837,0.5014,0.4485,0.4113,0.3803,0.3524,0.328,0.3082,0.2936,0.2844,0.28,0.2796,0.2817,0.2851,0.2887,0.2918,0.2941,0.5289,0.5359,0.5428,0.5495,0.5565,0.5661,0.5826,0.604,0.582,0.5442,0.5679,0.6574,0.8026,1.1143,1.0345,0.7787,0.6948,0.8275,0.8241,0.6565,0.5623,0.5083,0.4618,0.4151,0.3712,0.3336,0.3047,0.2851,0.2744,0.2712,0.2733,0.2786,0.2849,0.2906,0.2947,0.2972,0.5091,0.5137,0.5182,0.523,0.5293,0.54,0.5585,0.5797,0.5534,0.4833,0.4854,0.6186,0.6905,0.8707,0.7599,0.6408,0.5906,0.7067,0.7304,0.641,0.6016,0.569,0.5117,0.4425,0.3779,0.3256,0.2881,0.2656,0.2564,0.2575,0.2657,0.277,0.2881,0.2965,0.3016,0.3036,0.49,0.4922,0.494,0.4957,0.4979,0.5012,0.5041,0.4942,0.4373,0.327,0.2554,0.3391,0.46,0.3466,0.5382,0.4818,0.4192,0.5103,0.5741,0.6252,0.702,0.6877,0.5789,0.4625,0.3677,0.2981,0.2534,0.2315,0.2285,0.2395,0.2588,0.2804,0.2986,0.3102,0.3149,0.3147,0.4716,0.4714,0.4702,0.4678,0.4637,0.456,0.4393,0.3992,0.3073,0.1189,-0.1956,0.005,0.1677,0.3326,0.3881,0.4055,0.4072,0.4343,0.4976,0.6725,0.9679,0.9002,0.6462,0.4581,0.3286,0.2419,0.1935,0.1787,0.1897,0.2184,0.2569,0.2952,0.3234,0.3369,0.338,0.332,0.454,0.4515,0.4474,0.4411,0.4311,0.4147,0.3861,0.3338,0.2387,0.0696,-0.159,-0.0179,0.0831,0.0973,0.2229,0.2738,0.3169,0.3432,0.3884,0.6015,0.9946,0.9071,0.6098,0.3967,0.2464,0.1462,0.1005,0.1035,0.1394,0.1969,0.2666,0.3318,0.3728,0.3832,0.3731,0.3557,0.4376,0.4331,0.4266,0.4173,0.4035,0.3829,0.3512,0.3027,0.2313,0.1404,0.0723,0.0822,0.0683,0.052,0.0277,0.0123,0.16,0.2448,0.2245,0.3899,0.5831,0.5911,0.4446,0.2763,0.1232,0.0089,-0.0271,0.0089,0.0807,0.1775,0.2939,0.4013,0.4558,0.4511,0.418,0.3823,0.4226,0.4166,0.4085,0.3973,0.3818,0.3605,0.331,0.2916,0.2426,0.191,0.1517,0.1282,0.0933,-0.0002,-0.3334,-0.4687,-0.0111,0.2178,0.2657,0.3663,0.3905,0.36,0.2664,0.1403,-0.001,-0.1297,-0.1545,-0.0801,0.0225,0.1576,0.3299,0.4914,0.5553,0.5216,0.4582,0.4032,0.4092,0.4022,0.393,0.3811,0.3655,0.3453,0.3196,0.2883,0.2527,0.2165,0.1833,0.1493,0.0955,-0.0277,-0.2883,-0.3579,-0.0236,0.2236,0.4087,0.4712,0.3282,0.2001,0.0942,0.0119,-0.0754,-0.1654,-0.1825,-0.1278,-0.0281,0.1262,0.332,0.5256,0.594,0.5456,0.469,0.4068,0.3973,0.3897,0.3801,0.3681,0.3531,0.3348,0.3127,0.2872,0.2592,0.23,0.1999,0.1649,0.1149,0.0359,-0.0565,-0.0583,0.0683,0.2116,0.3294,0.3452,0.1805,-0.0394,-0.1557,-0.1457,-0.1369,-0.178,-0.2311,-0.1951,-0.0798,0.0791,0.2716,0.4448,0.5176,0.4939,0.4383,0.3882,0.3869,0.379,0.3694,0.3577,0.3438,0.3272,0.3081,0.2866,0.2633,0.2385,0.2119,0.1815,0.1444,0.1014,0.0678,0.0725,0.1197,0.175,0.1994,0.1352,-0.0982,-0.4619,-0.5766,-0.369,-0.2155,-0.2151,-0.2843,-0.2368,-0.1079,0.0387,0.1922,0.3237,0.3949,0.404,0.3819,0.3538,0.3778,0.3699,0.3605,0.3494,0.3364,0.3215,0.3048,0.2862,0.2663,0.2449,0.2221,0.1973,0.1707,0.1449,0.1273,0.1252,0.1353,0.139,0.1057,-0.0157,-0.3044,-0.7402,-0.8504,-0.5217,-0.2715,-0.2023,-0.2103,-0.1762,-0.0862,0.0246,0.1369,0.233,0.2955,0.3218,0.3238,0.3151,0.3699,0.3621,0.353,0.3426,0.3306,0.3171,0.3022,0.286,0.2686,0.2501,0.2306,0.2103,0.1899,0.1711,0.1564,0.1467,0.137,0.1144,0.057,-0.0679,-0.2926,-0.5614,-0.6302,-0.4465,-0.2621,-0.1749,-0.1431,-0.1072,-0.0464,0.0304,0.1098,0.18,0.2318,0.2626,0.2766,0.2805]}]