docs/data/wind_grid.json
[{"header":{"la1":42.85,"la2":41.18,"lo1":11.55,"lo2":14.05,"nx":36,"ny":24,"dx":0.07143,"dy":0.07261,"parameterCategory":2,"parameterNumber":2,"parameterNumberName":"eastward_wind","parameterUnit":"m.s-1"},"data":[-0.6792,-0.6914,-0.7049,-0.7193,-0.7339,-0.747,-0.7566,-0.7604,-0.757,-0.7467,-0.7317,-0.715,-0.6995,-0.687,-0.6782,-0.6731,-0.6706,-0.6697,-0.669,-0.6676,-0.6649,-0.6607,-0.6554,-0.6492,-0.6425,-0.6356,-0.6288,-0.6221,-0.6156,-0.6095,-0.6037,-0.5983,-0.5932,-0.5886,-0.5843,-0.5805,-0.6837,-0.6984,-0.7156,-0.7351,-0.7561,-0.7765,-0.7929,-0.8007,-0.7967,-0.7808,-0.7572,-0.7317,-0.7092,-0.6923,-0.6818,-0.6768,-0.6759,-0.6771,-0.6782,-0.6777,-0.6748,-0.6697,-0.6629,-0.6552,-0.6471,-0.6389,-0.6309,-0.6232,-0.6159,-0.6091,-0.6027,-0.5968,-0.5914,-0.5864,-0.5819,-0.5778,-0.6869,-0.7043,-0.7258,-0.7517,-0.7819,-0.8142,-0.8433,-0.8601,-0.8561,-0.8304,-0.7915,-0.7513,-0.7183,-0.6957,-0.6834,-0.6797,-0.6819,-0.6868,-0.6909,-0.6916,-0.688,-0.681,-0.6719,-0.662,-0.652,-0.6422,-0.6328,-0.624,-0.6158,-0.6082,-0.6012,-0.5948,-0.589,-0.5837,-0.5789,-0.5747,-0.688,-0.7079,-0.7336,-0.767,-0.8096,-0.8608,-0.9137,-0.951,-0.9502,-0.9055,-0.8376,-0.7727,-0.7246,-0.6951,-0.6819,-0.6811,-0.6888,-0.7002,-0.7093,-0.7114,-0.7056,-0.6949,-0.6822,-0.6693,-0.6569,-0.6451,-0.6342,-0.6242,-0.6151,-0.6067,-0.5991,-0.5922,-0.5859,-0.5803,-0.5754,-0.5709,-0.6862,-0.7076,-0.7367,-0.7772,-0.8339,-0.9117,-1.0077,-1.0924,-1.1048,-1.0197,-0.8951,-0.7909,-0.7235,-0.6876,-0.6753,-0.68,-0.6967,-0.7189,-0.7363,-0.739,-0.7279,-0.7108,-0.6931,-0.6764,-0.6612,-0.6474,-0.6349,-0.6237,-0.6135,-0.6044,-0.5961,-0.5887,-0.5821,-0.5762,-0.571,-0.5665,-0.6809,-0.7023,-0.7324,-0.7767,-0.8443,-0.9503,-1.1096,-1.2933,-1.3478,-1.174,-0.9473,-0.7923,-0.7078,-0.6696,-0.6615,-0.6747,-0.7034,-0.7411,-0.7711,-0.7726,-0.7514,-0.7259,-0.7027,-0.6824,-0.6645,-0.6486,-0.6345,-0.622,-0.6109,-0.601,-0.5922,-0.5844,-0.5774,-0.5712,-0.5658,-0.5612,-0.672,-0.6914,-0.719,-0.7607,-0.8278,-0.9432,-1.1468,-1.4475,-1.575,-1.2687,-0.9382,-0.7557,-0.67,-0.6378,-0.6386,-0.6626,-0.7035,-0.7541,-0.7942,-0.7934,-0.7653,-0.7356,-0.7095,-0.6864,-0.666,-0.6481,-0.6325,-0.6189,-0.607,-0.5965,-0.5872,-0.5789,-0.5716,-0.5652,-0.5596,-0.5549,-0.6602,-0.6758,-0.6975,-0.7295,-0.7804,-0.8675,-1.0237,-1.2602,-1.3495,-1.0768,-0.8101,-0.6713,-0.6091,-0.5912,-0.6049,-0.6425,-0.6944,-0.7466,-0.7804,-0.7828,-0.7649,-0.74,-0.7135,-0.6881,-0.6652,-0.6454,-0.6285,-0.6141,-0.6016,-0.5906,-0.5809,-0.5722,-0.5645,-0.5579,-0.5522,-0.5475,-0.6467,-0.6576,-0.6718,-0.6907,-0.717,-0.7547,-0.8068,-0.8548,-0.8252,-0.7097,-0.6165,-0.5624,-0.5333,-0.5304,-0.5591,-0.617,-0.6891,-0.7502,-0.7815,-0.7863,-0.7733,-0.748,-0.7175,-0.6877,-0.6617,-0.6401,-0.6222,-0.6073,-0.5945,-0.5832,-0.5731,-0.5641,-0.556,-0.5491,-0.5433,-0.5387,-0.633,-0.6396,-0.647,-0.6547,-0.6613,-0.6626,-0.647,-0.5878,-0.4662,-0.4025,-0.4473,-0.4646,-0.4526,-0.4524,-0.4955,-0.5885,-0.709,-0.8126,-0.8598,-0.8514,-0.8137,-0.7669,-0.722,-0.6841,-0.6542,-0.6312,-0.6131,-0.5983,-0.5857,-0.5743,-0.5639,-0.5543,-0.5458,-0.5385,-0.5326,-0.5281,-0.6205,-0.6238,-0.6268,-0.6285,-0.6272,-0.6187,-0.5923,-0.5078,-0.2612,-0.1459,-0.3475,-0.3996,-0.37,-0.3436,-0.3986,-0.555,-0.7787,-0.9906,-1.065,-0.9952,-0.8849,-0.7905,-0.7214,-0.6733,-0.6405,-0.6177,-0.6009,-0.5874,-0.5754,-0.564,-0.553,-0.5426,-0.5333,-0.5255,-0.5194,-0.5153,-0.6096,-0.611,-0.6121,-0.6126,-0.6129,-0.6146,-0.621,-0.6119,-0.43,-0.2817,-0.3717,-0.3718,-0.2941,-0.1866,-0.261,-0.5225,-0.9308,-1.4199,-1.5078,-1.2161,-0.9568,-0.7958,-0.7021,-0.6485,-0.6177,-0.599,-0.586,-0.5751,-0.5642,-0.5526,-0.5405,-0.5286,-0.5179,-0.5093,-0.5031,-0.4996,-0.6004,-0.6009,-0.6015,-0.6028,-0.6072,-0.6204,-0.6547,-0.7093,-0.6398,-0.4891,-0.4236,-0.3748,-0.2935,-0.1354,-0.2044,-0.545,-1.1006,-2.09,-2.1036,-1.3688,-0.9492,-0.7434,-0.6464,-0.6033,-0.5847,-0.5761,-0.5701,-0.563,-0.5533,-0.5407,-0.5261,-0.5114,-0.4983,-0.4885,-0.4824,-0.48,-0.5926,-0.5926,-0.5929,-0.5945,-0.5999,-0.6133,-0.6403,-0.6731,-0.6337,-0.5227,-0.4451,-0.3907,-0.3522,-0.1388,-0.3364,-0.6778,-1.0926,-1.6355,-1.686,-1.1462,-0.7698,-0.5955,-0.5417,-0.5364,-0.5444,-0.5528,-0.5567,-0.5541,-0.5446,-0.5289,-0.5093,-0.4893,-0.4722,-0.4607,-0.4554,-0.4555,-0.5859,-0.5853,-0.5851,-0.5859,-0.5888,-0.5952,-0.6038,-0.6032,-0.569,-0.5125,-0.4707,-0.4299,-0.3343,-0.2066,-0.4359,-0.9538,-1.3814,-1.1393,-0.998,-0.7043,-0.4149,-0.3367,-0.3939,-0.4596,-0.5068,-0.5369,-0.552,-0.5528,-0.5407,-0.518,-0.4887,-0.459,-0.4355,-0.4223,-0.4196,-0.4245,-0.5801,-0.579,-0.578,-0.5773,-0.5771,-0.5769,-0.5741,-0.5627,-0.5382,-0.5099,-0.4978,-0.49,-0.4725,-0.4364,-0.5566,-0.9047,-1.1904,-0.8915,-0.6248,-0.3312,0.036,-0.023,-0.255,-0.4018,-0.4885,-0.54,-0.5644,-0.565,-0.5451,-0.5084,-0.4612,-0.4145,-0.3811,-0.3677,-0.3718,-0.3861,-0.575,-0.5734,-0.5717,-0.5698,-0.5675,-0.564,-0.5577,-0.5469,-0.5318,-0.5169,-0.5081,-0.5258,-0.6712,-0.749,-0.6373,-0.6878,-0.6951,-0.4958,-0.2902,-0.1728,0.101,0.0227,-0.2278,-0.3959,-0.5057,-0.5751,-0.6045,-0.5974,-0.5612,-0.5003,-0.422,-0.3459,-0.2985,-0.2906,-0.3105,-0.3411,-0.5706,-0.5687,-0.5665,-0.5639,-0.5607,-0.5564,-0.5505,-0.543,-0.5353,-0.5311,-0.5381,-0.5828,-0.7287,-0.7682,-0.6516,-0.6104,-0.4893,-0.1483,0.1294,-0.0938,-0.1336,-0.1754,-0.3021,-0.4383,-0.5606,-0.6505,-0.6794,-0.6527,-0.5907,-0.4949,-0.3679,-0.2438,-0.1802,-0.1911,-0.2404,-0.2951,-0.5669,-0.5648,-0.5624,-0.5596,-0.5563,-0.5524,-0.548,-0.5436,-0.5408,-0.5427,-0.5549,-0.5864,-0.6336,-0.6485,-0.6571,-0.6636,-0.4734,-0.1587,0.0229,-0.1114,-0.1998,-0.2755,-0.3702,-0.4897,-0.627,-0.7451,-0.768,-0.7151,-0.6296,-0.4976,-0.3117,-0.1263,-0.0505,-0.0951,-0.1811,-0.2598,-0.5638,-0.5617,-0.5593,-0.5566,-0.5536,-0.5504,-0.5472,-0.5448,-0.5444,-0.5478,-0.5574,-0.574,-0.5927,-0.6069,-0.6336,-0.6289,-0.4752,-0.2735,-0.135,-0.1078,-0.2146,-0.3135,-0.4041,-0.516,-0.6556,-0.7712,-0.7913,-0.7609,-0.6739,-0.5206,-0.301,-0.0826,-0.0022,-0.0629,-0.1631,-0.2497,-0.5613,-0.5591,-0.5568,-0.5543,-0.5517,-0.5491,-0.5468,-0.5454,-0.5455,-0.5481,-0.5537,-0.5615,-0.5689,-0.5735,-0.5721,-0.5407,-0.4503,-0.3262,-0.216,-0.1915,-0.2657,-0.3398,-0.4044,-0.5047,-0.6483,-0.7877,-0.8924,-0.8554,-0.7295,-0.5657,-0.3635,-0.1742,-0.093,-0.125,-0.1989,-0.2696,-0.5591,-0.5571,-0.5549,-0.5526,-0.5502,-0.548,-0.5462,-0.545,-0.5448,-0.5459,-0.548,-0.5503,-0.5508,-0.5468,-0.5331,-0.5006,-0.4434,-0.3728,-0.3152,-0.3007,-0.3246,-0.3387,-0.3544,-0.4532,-0.6214,-0.8183,-0.9756,-0.9111,-0.7584,-0.6046,-0.4472,-0.3098,-0.2357,-0.2319,-0.2664,-0.3101,-0.5573,-0.5553,-0.5532,-0.5511,-0.549,-0.547,-0.5452,-0.5439,-0.543,-0.5426,-0.5423,-0.541,-0.5374,-0.5291,-0.5132,-0.4865,-0.4488,-0.4072,-0.3741,-0.3589,-0.3508,-0.3195,-0.3076,-0.4083,-0.5708,-0.736,-0.8404,-0.8194,-0.7244,-0.6136,-0.5036,-0.4092,-0.3489,-0.3281,-0.3355,-0.356,-0.5557,-0.5538,-0.5518,-0.5498,-0.5478,-0.5458,-0.544,-0.5424,-0.5408,-0.5393,-0.5372,-0.5339,-0.5282,-0.5188,-0.5041,-0.4833,-0.4575,-0.4307,-0.4082,-0.392,-0.3756,-0.3522,-0.3543,-0.4245,-0.5354,-0.6423,-0.7081,-0.7114,-0.6667,-0.6004,-0.5295,-0.4662,-0.4205,-0.3965,-0.3911,-0.3973]},{"header":{"la1":42.85,"la2":41.18,"lo1":11.55,"lo2":14.05,"nx":36,"ny":24,"dx":0.07143,"dy":0.07261,"parameterCategory":2,"parameterNumber":3,"parameterNumberName":"northward_wind","parameterUnit":"m.s-1"},"data":[-0.7433,-0.7415,-0.7382,-0.7333,-0.7266,-0.7186,-0.7094,-0.6996,-0.689,-0.6772,-0.6633,-0.6463,-0.6257,-0.6014,-0.574,-0.5447,-0.5154,-0.4886,-0.4668,-0.4516,-0.4434,-0.4412,-0.4432,-0.4476,-0.4533,-0.4595,-0.4658,-0.4721,-0.4783,-0.4843,-0.4903,-0.4963,-0.5021,-0.5077,-0.5132,-0.5184,-0.7546,-0.7532,-0.7498,-0.7441,-0.7362,-0.7265,-0.7156,-0.7047,-0.6941,-0.6832,-0.67,-0.6528,-0.6303,-0.6021,-0.5688,-0.5318,-0.4939,-0.459,-0.4315,-0.4146,-0.4085,-0.4107,-0.4178,-0.427,-0.4366,-0.4459,-0.4545,-0.4626,-0.4703,-0.4777,-0.4849,-0.4919,-0.4986,-0.5052,-0.5114,-0.5174,-0.7672,-0.7662,-0.7627,-0.7561,-0.7461,-0.7331,-0.7187,-0.7054,-0.6951,-0.6868,-0.6768,-0.6609,-0.637,-0.6044,-0.5637,-0.5163,-0.4655,-0.4175,-0.381,-0.3625,-0.3616,-0.3725,-0.3883,-0.4045,-0.4192,-0.432,-0.4432,-0.4533,-0.4626,-0.4714,-0.4798,-0.4879,-0.4957,-0.5032,-0.5103,-0.517,-0.7812,-0.7811,-0.7777,-0.7699,-0.7566,-0.7378,-0.7158,-0.6963,-0.6859,-0.6843,-0.6824,-0.6711,-0.647,-0.6098,-0.5603,-0.4989,-0.4286,-0.3584,-0.3061,-0.2867,-0.2985,-0.326,-0.3556,-0.3812,-0.402,-0.4186,-0.4324,-0.4444,-0.4552,-0.4654,-0.4751,-0.4844,-0.4934,-0.502,-0.5101,-0.5176,-0.7969,-0.7983,-0.7958,-0.7871,-0.7698,-0.7415,-0.7034,-0.6671,-0.6542,-0.6691,-0.6863,-0.6849,-0.6619,-0.6203,-0.5613,-0.4832,-0.3848,-0.2763,-0.1934,-0.1765,-0.2169,-0.274,-0.3232,-0.3599,-0.3866,-0.4066,-0.4225,-0.4361,-0.4484,-0.46,-0.4711,-0.4818,-0.492,-0.5018,-0.5109,-0.5193,-0.8144,-0.8185,-0.8182,-0.8104,-0.7901,-0.7503,-0.6847,-0.6073,-0.5812,-0.636,-0.6926,-0.7062,-0.684,-0.6378,-0.5706,-0.4771,-0.3466,-0.18,-0.0406,-0.0335,-0.129,-0.2283,-0.2985,-0.3442,-0.3747,-0.3966,-0.4139,-0.4287,-0.4422,-0.4552,-0.4678,-0.48,-0.4918,-0.5029,-0.5132,-0.5225,-0.8336,-0.8417,-0.8459,-0.8426,-0.8249,-0.7807,-0.6906,-0.5531,-0.4954,-0.6177,-0.7215,-0.7423,-0.7152,-0.6633,-0.5914,-0.4915,-0.344,-0.1317,0.0688,0.0633,-0.0856,-0.2124,-0.2904,-0.3371,-0.3672,-0.3888,-0.4063,-0.4218,-0.4366,-0.4511,-0.4655,-0.4796,-0.4931,-0.5058,-0.5174,-0.5277,-0.8537,-0.8674,-0.8788,-0.8849,-0.8793,-0.8504,-0.7787,-0.658,-0.6088,-0.7261,-0.805,-0.7993,-0.7546,-0.6949,-0.6225,-0.5286,-0.3971,-0.2145,-0.0403,-0.0312,-0.1423,-0.24,-0.3009,-0.3381,-0.3631,-0.3823,-0.3991,-0.4152,-0.4313,-0.4478,-0.4643,-0.4807,-0.4963,-0.5109,-0.524,-0.5355,-0.8735,-0.8938,-0.9147,-0.9345,-0.9497,-0.9543,-0.9423,-0.922,-0.9346,-0.9681,-0.9417,-0.8702,-0.7957,-0.7281,-0.6581,-0.5746,-0.4723,-0.3546,-0.2525,-0.2204,-0.2493,-0.2888,-0.3193,-0.3413,-0.359,-0.3751,-0.3912,-0.4081,-0.4261,-0.4451,-0.4646,-0.4839,-0.5024,-0.5192,-0.5341,-0.5465,-0.8912,-0.9184,-0.9497,-0.9853,-1.0246,-1.0663,-1.11,-1.1682,-1.2614,-1.272,-1.1021,-0.9327,-0.827,-0.7593,-0.6942,-0.6137,-0.5243,-0.4411,-0.3759,-0.3368,-0.323,-0.3236,-0.33,-0.3393,-0.3509,-0.3648,-0.3811,-0.3998,-0.4208,-0.4434,-0.4669,-0.4903,-0.5123,-0.5319,-0.5486,-0.562,-0.9047,-0.938,-0.9787,-1.0291,-1.0916,-1.167,-1.2494,-1.3339,-1.517,-1.6143,-1.2196,-0.9527,-0.8404,-0.7954,-0.7384,-0.6412,-0.5386,-0.4646,-0.4163,-0.3772,-0.3472,-0.3296,-0.3233,-0.326,-0.3352,-0.3494,-0.3677,-0.3897,-0.415,-0.4429,-0.4722,-0.501,-0.5277,-0.5508,-0.5695,-0.5835,-0.9121,-0.9495,-0.9967,-1.058,-1.139,-1.2455,-1.3728,-1.4631,-1.4677,-1.4539,-1.139,-0.9136,-0.8422,-0.8608,-0.8046,-0.6495,-0.5099,-0.4542,-0.4292,-0.3798,-0.3341,-0.3056,-0.2949,-0.2978,-0.3097,-0.3274,-0.3498,-0.377,-0.4088,-0.4444,-0.4818,-0.5184,-0.5514,-0.5787,-0.5992,-0.6129,-0.9122,-0.9506,-0.9998,-1.0647,-1.153,-1.2759,-1.4406,-1.5936,-1.4833,-1.2273,-0.989,-0.859,-0.8288,-0.8824,-0.8245,-0.5836,-0.4125,-0.469,-0.4676,-0.3579,-0.2845,-0.2469,-0.2402,-0.2527,-0.2735,-0.2981,-0.3267,-0.3609,-0.4019,-0.4486,-0.498,-0.5459,-0.5876,-0.6198,-0.6413,-0.653,-0.9046,-0.9409,-0.9867,-1.0463,-1.1255,-1.2321,-1.3669,-1.4877,-1.3888,-1.084,-0.8744,-0.8354,-0.8395,-0.7846,-0.6573,-0.3207,-0.0635,-0.2817,-0.3552,-0.2627,-0.1721,-0.1331,-0.151,-0.1902,-0.228,-0.2616,-0.2968,-0.3398,-0.3935,-0.4568,-0.5247,-0.5894,-0.6431,-0.6805,-0.7009,-0.7071,-0.8902,-0.9216,-0.9599,-1.007,-1.0648,-1.1325,-1.1983,-1.2165,-1.1023,-0.8922,-0.7431,-0.6948,-0.681,-0.6144,-0.5042,0.2269,0.9664,0.1835,-0.1321,-0.094,0.0609,0.0808,-0.0224,-0.1177,-0.1776,-0.2172,-0.2563,-0.3093,-0.3815,-0.4706,-0.5676,-0.6586,-0.7291,-0.7706,-0.7847,-0.7789,-0.8706,-0.8957,-0.9244,-0.9567,-0.9908,-1.021,-1.0328,-0.9984,-0.8931,-0.7406,-0.618,-0.5316,-0.5643,-0.5724,-0.416,0.1498,0.6531,0.1369,-0.1109,0.0573,0.4841,0.4024,0.104,-0.0605,-0.1292,-0.1592,-0.1941,-0.2596,-0.361,-0.4914,-0.6359,-0.7695,-0.8633,-0.904,-0.9001,-0.8706,-0.848,-0.8664,-0.8858,-0.9047,-0.9202,-0.9263,-0.913,-0.8682,-0.7876,-0.6877,-0.6125,-0.5739,-0.5361,-0.5135,-0.444,-0.2534,-0.132,-0.2612,-0.3406,-0.0497,0.5259,0.4229,0.098,-0.0499,-0.0801,-0.0663,-0.0841,-0.1735,-0.3248,-0.5207,-0.7425,-0.9458,-1.0704,-1.0949,-1.0506,-0.9799,-0.8243,-0.8366,-0.8481,-0.8571,-0.8606,-0.8545,-0.8335,-0.7936,-0.737,-0.6751,-0.624,-0.5818,-0.5318,-0.513,-0.4989,-0.4574,-0.4255,-0.571,-0.7459,-0.4142,-0.059,0.029,-0.0456,-0.0749,-0.0088,0.107,0.1198,-0.0346,-0.2714,-0.5581,-0.8939,-1.2069,-1.3657,-1.3409,-1.2231,-1.0929,-0.8008,-0.8083,-0.8138,-0.816,-0.8128,-0.8016,-0.78,-0.7474,-0.7063,-0.6627,-0.6222,-0.5854,-0.5536,-0.5393,-0.5651,-0.5801,-0.5218,-0.5955,-0.677,-0.5342,-0.362,-0.2339,-0.1775,-0.105,0.0755,0.3717,0.4287,0.1117,-0.2297,-0.5955,-1.0538,-1.5013,-1.6839,-1.5764,-1.3691,-1.18,-0.7786,-0.7823,-0.7837,-0.7817,-0.775,-0.7621,-0.7421,-0.7153,-0.6836,-0.6499,-0.6172,-0.5871,-0.5626,-0.551,-0.5654,-0.5697,-0.5344,-0.5448,-0.5799,-0.5917,-0.4642,-0.3449,-0.2623,-0.1584,0.0445,0.3938,0.466,0.0468,-0.2619,-0.6118,-1.106,-1.6113,-1.8004,-1.6555,-1.415,-1.2068,-0.7582,-0.7591,-0.7577,-0.7532,-0.7448,-0.7318,-0.7138,-0.6914,-0.6656,-0.6383,-0.6112,-0.586,-0.5647,-0.5506,-0.5449,-0.5371,-0.5231,-0.5226,-0.5407,-0.5353,-0.459,-0.3825,-0.3257,-0.2473,-0.1364,-0.0895,-0.2708,-0.2964,-0.3576,-0.5966,-0.9928,-1.4049,-1.5878,-1.5098,-1.3319,-1.1615,-0.7397,-0.7386,-0.7354,-0.7295,-0.7205,-0.708,-0.6918,-0.6725,-0.6509,-0.628,-0.605,-0.5832,-0.5638,-0.548,-0.5356,-0.5237,-0.5117,-0.5032,-0.4964,-0.475,-0.4305,-0.395,-0.3781,-0.3307,-0.2806,-0.3373,-0.4884,-0.4377,-0.4237,-0.5703,-0.8312,-1.1043,-1.2595,-1.2606,-1.1741,-1.0671,-0.7231,-0.7207,-0.7163,-0.7097,-0.7006,-0.6887,-0.6742,-0.6573,-0.6386,-0.6189,-0.599,-0.5796,-0.5617,-0.5455,-0.531,-0.5172,-0.5036,-0.4898,-0.4736,-0.4493,-0.4177,-0.399,-0.3979,-0.3713,-0.3431,-0.3647,-0.4135,-0.422,-0.4484,-0.5498,-0.7125,-0.8836,-1.0006,-1.0372,-1.0125,-0.9591,-0.7084,-0.705,-0.7,-0.693,-0.684,-0.6729,-0.6597,-0.6447,-0.6283,-0.611,-0.5934,-0.576,-0.5592,-0.5434,-0.5284,-0.5137,-0.4988,-0.483,-0.4647,-0.4424,-0.4184,-0.4019,-0.3949,-0.3825,-0.3707,-0.3767,-0.397,-0.4204,-0.4609,-0.5357,-0.6399,-0.749,-0.8333,-0.8764,-0.8812,-0.8614]}]