docs/data/wind_grid.json
[{"header":{"la1":42.85,"la2":41.18,"lo1":11.55,"lo2":14.05,"nx":36,"ny":24,"dx":0.07143,"dy":0.07261,"parameterCategory":2,"parameterNumber":2,"parameterNumberName":"eastward_wind","parameterUnit":"m.s-1"},"data":[3.1594,3.1532,3.1453,3.1356,3.1246,3.1126,3.1004,3.0884,3.077,3.0659,3.0545,3.0421,3.0286,3.0144,3.0007,2.9893,2.9809,2.9751,2.9701,2.9644,2.957,2.9477,2.9367,2.9242,2.9105,2.8959,2.8805,2.8647,2.8487,2.8327,2.8169,2.8015,2.7867,2.7728,2.7598,2.7478,3.1712,3.1644,3.1553,3.1439,3.1304,3.1156,3.1007,3.0869,3.0747,3.0638,3.0527,3.0399,3.0247,3.0074,2.99,2.9762,2.9684,2.9655,2.9638,2.9604,2.9541,2.945,2.9335,2.9202,2.9054,2.8895,2.8728,2.8556,2.8382,2.8207,2.8035,2.7868,2.7708,2.7558,2.7419,2.7293,3.1847,3.1775,3.1671,3.1532,3.1362,3.117,3.0976,3.0806,3.0678,3.0583,3.0493,3.0374,3.0207,2.999,2.9753,2.9565,2.9498,2.9527,2.9566,2.9564,2.9513,2.9422,2.9301,2.9157,2.8996,2.8823,2.864,2.8452,2.8261,2.807,2.7882,2.77,2.7526,2.7364,2.7216,2.7083,3.2006,3.1932,3.1814,3.1647,3.1426,3.1163,3.0887,3.0654,3.0518,3.0468,3.0435,3.035,3.0182,2.9921,2.9592,2.9315,2.9264,2.9389,2.9503,2.9534,2.949,2.9394,2.9263,2.9105,2.8929,2.8739,2.8538,2.8332,2.8122,2.7912,2.7705,2.7505,2.7316,2.7141,2.6982,2.6841,3.2194,3.2125,3.1999,3.1802,3.1518,3.1145,3.0718,3.0346,3.0188,3.0249,3.0343,3.0333,3.019,2.9917,2.953,2.9169,2.9125,2.933,2.9487,2.9525,2.9475,2.9367,2.922,2.9045,2.885,2.8641,2.842,2.8192,2.796,2.7728,2.75,2.728,2.7072,2.6882,2.6711,2.6564,3.2419,3.2366,3.2247,3.2032,3.1686,3.1176,3.0503,2.9832,2.9599,2.9909,3.0232,3.0326,3.023,2.9999,2.9672,2.9363,2.93,2.9435,2.9537,2.9541,2.9467,2.9338,2.9169,2.8974,2.8758,2.8526,2.8282,2.803,2.7773,2.7514,2.726,2.7016,2.6787,2.6579,2.6396,2.6241,3.2683,3.2668,3.258,3.2381,3.2011,3.1397,3.0479,2.9405,2.9025,2.9663,3.0181,3.0334,3.0272,3.0096,2.9873,2.9681,2.9601,2.9612,2.9619,2.957,2.9461,2.9303,2.9109,2.8888,2.8647,2.839,2.8121,2.7841,2.7554,2.7265,2.698,2.6706,2.6452,2.6223,2.6027,2.5865,3.2986,3.3033,3.3016,3.2889,3.2578,3.1987,3.1048,2.9956,2.9523,2.9891,3.0211,3.0331,3.027,3.0105,2.9933,2.9813,2.9755,2.973,2.969,2.9601,2.9455,2.9262,2.9034,2.8782,2.8514,2.823,2.7932,2.762,2.7298,2.6972,2.6648,2.6338,2.6053,2.58,2.5588,2.5421,3.3318,3.3454,3.3554,3.3574,3.3434,3.3013,3.2201,3.1105,3.0175,2.979,2.9999,3.0244,3.0184,2.9953,2.977,2.9717,2.9748,2.9781,2.9756,2.9643,2.9452,2.9209,2.8936,2.8649,2.8351,2.804,2.7711,2.7364,2.7,2.6626,2.6254,2.5898,2.5572,2.5291,2.5063,2.4894,3.3658,3.3906,3.4165,3.4411,3.4578,3.4506,3.3839,3.1986,2.8891,2.7558,2.9128,3.012,3.0009,2.9529,2.9278,2.9387,2.9645,2.9847,2.9882,2.9732,2.9459,2.9134,2.8802,2.8475,2.815,2.7813,2.7455,2.7067,2.6652,2.6218,2.5781,2.5363,2.4986,2.467,2.4426,2.426,3.3976,3.4342,3.4782,3.5315,3.594,3.6556,3.6645,3.4265,2.5757,2.1857,2.8319,3.0382,2.9779,2.8573,2.8179,2.8777,2.9555,3.0099,3.0218,2.9929,2.9469,2.9006,2.8597,2.8237,2.7898,2.7547,2.7161,2.6728,2.6248,2.5733,2.5208,2.4705,2.4259,2.3899,2.3641,2.349,3.4235,3.4703,3.5307,3.6118,3.7249,3.8858,4.0976,4.1852,3.378,2.7314,3.0733,3.1677,2.9784,2.7126,2.5824,2.7988,2.9683,3.0909,3.1068,3.0266,2.9407,2.8739,2.8261,2.7902,2.7583,2.7241,2.6836,2.6351,2.5785,2.5157,2.4505,2.388,2.3338,2.2924,2.266,2.2544,3.4402,3.4932,3.5634,3.6609,3.8043,4.0274,4.3795,4.782,4.3926,3.6268,3.42,3.4778,3.2462,2.483,2.3088,2.8027,3.0,3.2323,3.2337,3.0416,2.9014,2.8154,2.7694,2.7435,2.7206,2.6909,2.6497,2.5948,2.5264,2.447,2.3627,2.2819,2.2141,2.1662,2.1411,2.1369,3.446,3.4999,3.5704,3.6667,3.8033,4.0024,4.2775,4.543,4.3289,3.7642,3.5573,3.8214,3.8832,3.4154,2.9735,2.9275,2.9523,3.1044,3.1197,2.9461,2.7812,2.6938,2.6769,2.6822,2.6796,2.6593,2.6183,2.5551,2.4696,2.3652,2.2509,2.1415,2.0537,1.9988,1.9796,1.9903,3.441,3.4908,3.5537,3.6344,3.7385,3.868,4.0033,4.0597,3.8973,3.6334,3.5127,3.5166,3.4385,3.2984,3.1705,2.9165,2.7454,2.9056,2.9173,2.746,2.5133,2.4601,2.5429,2.6147,2.6442,2.637,2.5968,2.5223,2.4117,2.2681,2.1052,1.9493,1.8314,1.7714,1.7686,1.8078,3.4269,3.4697,3.5207,3.5807,3.6487,3.7167,3.7623,3.7448,3.6426,3.5242,3.4886,3.4161,3.3866,3.3101,3.187,2.9647,2.816,2.8925,2.843,2.5368,2.0373,2.1146,2.4115,2.5685,2.6298,2.6368,2.5982,2.5083,2.3605,2.155,1.9108,1.6763,1.5137,1.4574,1.494,1.5856,3.4066,3.4413,3.4799,3.5212,3.5618,3.5935,3.6032,3.5778,3.5222,3.4732,3.4704,3.4263,3.4193,3.4109,3.2222,3.07,2.9892,2.9803,2.9282,2.5955,1.9859,2.0881,2.4153,2.5785,2.6518,2.6771,2.6449,2.5327,2.3295,2.0288,1.6494,1.2802,1.0541,1.0297,1.1506,1.3304,3.3826,3.4096,3.4376,3.4649,3.4881,3.5019,3.5005,3.4812,3.4505,3.4235,3.4058,3.3854,3.408,3.3895,3.176,3.0604,3.0386,3.0849,3.1562,2.9144,2.5759,2.4778,2.5533,2.6334,2.7108,2.7836,2.7719,2.6154,2.3315,1.9015,1.3163,0.7281,0.4257,0.4963,0.768,1.0732,3.357,3.3774,3.3973,3.4149,3.4278,3.4332,3.4286,3.4141,3.3935,3.3719,3.3503,3.3266,3.2977,3.2102,3.0084,2.9434,3.0262,3.094,3.1442,3.0829,2.8857,2.7153,2.6535,2.6713,2.7726,2.9566,2.9872,2.7235,2.3517,1.8051,0.9883,0.1261,-0.2365,-0.0048,0.4494,0.8777,3.3313,3.3464,3.3602,3.3712,3.378,3.379,3.3732,3.3609,3.3438,3.3233,3.2991,3.2678,3.22,3.1333,3.0071,2.9672,3.0214,3.0796,3.2072,3.2673,2.9898,2.7535,2.6381,2.6362,2.7426,2.9675,3.0132,2.68,2.3391,1.791,0.8895,-0.0955,-0.4769,-0.1717,0.3501,0.8179,3.3062,3.3172,3.3264,3.333,3.3359,3.3343,3.3276,3.316,3.2999,3.2796,3.2542,3.2211,3.176,3.116,3.0542,3.023,3.0239,3.0477,3.1105,3.1003,2.8644,2.5905,2.4643,2.5009,2.5901,2.6182,2.4801,2.4413,2.2986,1.871,1.1308,0.3268,-0.0363,0.1369,0.5302,0.9184,3.2823,3.2899,3.2958,3.2992,3.2995,3.2961,3.2886,3.2769,3.2611,3.2411,3.216,3.1849,3.1467,3.103,3.0608,3.028,3.0048,2.9865,2.9579,2.8536,2.5814,2.2053,2.0899,2.2828,2.4406,2.4317,2.3256,2.349,2.2772,1.9791,1.4821,0.9532,0.6536,0.6703,0.8754,1.1297,3.2595,3.2646,3.268,3.2691,3.2674,3.2626,3.2543,3.2425,3.2269,3.2073,3.1834,3.1547,3.1215,3.085,3.0477,3.0111,2.9728,2.9247,2.8458,2.6868,2.3739,1.9437,1.8391,2.1347,2.3546,2.4027,2.3735,2.3503,2.2691,2.0657,1.7561,1.4303,1.2113,1.1579,1.2348,1.375,3.2381,3.2412,3.2425,3.2418,3.2387,3.2328,3.2239,3.2119,3.1964,3.1774,3.1546,3.128,3.0976,3.064,3.0276,2.9877,2.9404,2.8776,2.7823,2.6256,2.3813,2.1107,2.0391,2.1954,2.3432,2.396,2.388,2.3521,2.2749,2.1347,1.941,1.7388,1.5868,1.5201,1.5345,1.6024]},{"header":{"la1":42.85,"la2":41.18,"lo1":11.55,"lo2":14.05,"nx":36,"ny":24,"dx":0.07143,"dy":0.07261,"parameterCategory":2,"parameterNumber":3,"parameterNumberName":"northward_wind","parameterUnit":"m.s-1"},"data":[0.836,0.8104,0.7819,0.7512,0.7198,0.6903,0.6661,0.6505,0.6454,0.6493,0.6573,0.6634,0.6626,0.6535,0.6401,0.631,0.6355,0.657,0.6914,0.7316,0.772,0.8099,0.8444,0.8755,0.9038,0.9297,0.9535,0.9756,0.9962,1.0153,1.0332,1.0498,1.0651,1.0793,1.0922,1.104,0.8306,0.8004,0.7655,0.7261,0.6836,0.6415,0.6058,0.5835,0.5793,0.5917,0.6116,0.6271,0.628,0.6106,0.5805,0.5553,0.5559,0.5884,0.6408,0.6977,0.7505,0.7968,0.8367,0.8716,0.9026,0.9306,0.9562,0.9797,1.0016,1.0219,1.0408,1.0583,1.0744,1.0892,1.1026,1.1148,0.8281,0.7933,0.751,0.7004,0.6419,0.5795,0.5223,0.4853,0.4817,0.5108,0.5548,0.5896,0.5968,0.5674,0.5074,0.4497,0.4436,0.5002,0.5845,0.6655,0.7329,0.7875,0.8324,0.8705,0.9037,0.9335,0.9606,0.9855,1.0087,1.0301,1.0501,1.0685,1.0853,1.1007,1.1147,1.1271,0.8301,0.7911,0.7414,0.6778,0.5979,0.503,0.4051,0.3341,0.3268,0.3894,0.4816,0.5538,0.5766,0.5361,0.433,0.3189,0.3042,0.4069,0.5373,0.6445,0.7243,0.7846,0.8325,0.8725,0.9073,0.9384,0.9669,0.9932,1.0175,1.0402,1.0612,1.0805,1.0982,1.1142,1.1286,1.1413,0.838,0.7966,0.7413,0.6654,0.5607,0.4192,0.247,0.0952,0.0676,0.2017,0.3902,0.5265,0.5777,0.539,0.4079,0.2427,0.2216,0.3679,0.5289,0.6468,0.7291,0.7896,0.8374,0.8778,0.9133,0.9455,0.9751,1.0027,1.0284,1.0523,1.0744,1.0948,1.1133,1.1299,1.1447,1.1576,0.853,0.8123,0.7555,0.6731,0.5489,0.3573,0.0738,-0.2503,-0.3485,-0.0574,0.3046,0.5246,0.6086,0.5904,0.487,0.3525,0.3319,0.4472,0.5777,0.6757,0.7465,0.801,0.8461,0.8856,0.9214,0.9545,0.9853,1.0143,1.0414,1.0666,1.09,1.1115,1.1309,1.1482,1.1634,1.1764,0.8753,0.8391,0.7876,0.7102,0.5866,0.3769,0.0126,-0.519,-0.7435,-0.2199,0.3155,0.5789,0.6716,0.6721,0.619,0.5535,0.5377,0.5858,0.6543,0.7163,0.7687,0.8145,0.856,0.8946,0.9308,0.965,0.9974,1.028,1.0567,1.0836,1.1084,1.1311,1.1515,1.1695,1.185,1.198,0.9039,0.8758,0.8363,0.7772,0.6829,0.5214,0.2362,-0.1888,-0.3516,0.1034,0.5206,0.7038,0.7575,0.7523,0.7222,0.6896,0.6748,0.6849,0.7117,0.7464,0.7846,0.8245,0.8644,0.9034,0.941,0.977,1.0113,1.0439,1.0747,1.1034,1.13,1.1542,1.1757,1.1944,1.2102,1.2231,0.9363,0.9185,0.8949,0.862,0.814,0.7413,0.6366,0.5328,0.5605,0.7281,0.8372,0.8599,0.8407,0.8069,0.7735,0.7464,0.7278,0.7204,0.7277,0.7506,0.7855,0.8264,0.869,0.911,0.9516,0.9903,1.0273,1.0625,1.0957,1.1268,1.1555,1.1814,1.2043,1.2237,1.2397,1.2522,0.9695,0.9619,0.9538,0.9459,0.9396,0.9392,0.9577,1.0321,1.1966,1.2655,1.1245,0.9871,0.8897,0.817,0.7716,0.7458,0.7212,0.6971,0.6934,0.7201,0.7665,0.8187,0.8697,0.9177,0.9628,1.0054,1.0458,1.0841,1.1203,1.1542,1.1856,1.2138,1.2382,1.2586,1.2745,1.2862,1.0005,1.0012,1.0051,1.0146,1.0335,1.0674,1.125,1.2405,1.5559,1.71,1.3044,1.0503,0.8877,0.7628,0.7065,0.7034,0.6707,0.6041,0.5862,0.6447,0.7282,0.8042,0.8685,0.9245,0.9754,1.0227,1.0672,1.1093,1.1491,1.1867,1.2214,1.2525,1.2791,1.3003,1.316,1.3263,1.0274,1.0338,1.0449,1.063,1.0911,1.1313,1.179,1.2264,1.3926,1.5177,1.2697,1.0758,0.8705,0.6722,0.5342,0.6432,0.5907,0.3771,0.342,0.522,0.6836,0.7914,0.8692,0.9332,0.9904,1.0431,1.0923,1.1387,1.183,1.2251,1.2644,1.2995,1.3288,1.3512,1.3661,1.3739,1.0496,1.059,1.073,1.0931,1.1207,1.155,1.1873,1.1965,1.2176,1.2549,1.2144,1.1925,1.0273,0.4767,0.3039,0.6617,0.5516,0.0078,0.0001,0.4348,0.6703,0.7908,0.8731,0.9438,1.0083,1.0673,1.1217,1.173,1.2225,1.2706,1.3163,1.3573,1.3906,1.4141,1.4272,1.4309,1.0672,1.0776,1.0917,1.1102,1.1333,1.1592,1.1823,1.1944,1.1992,1.2062,1.2248,1.3612,1.398,1.3679,0.8882,0.8261,0.7133,0.3375,0.2723,0.5535,0.7085,0.791,0.8711,0.9536,1.0296,1.0965,1.1562,1.2122,1.2677,1.3241,1.3796,1.4299,1.4693,1.4938,1.503,1.4995,1.0809,1.0911,1.1041,1.1197,1.1377,1.1563,1.1726,1.183,1.1878,1.1935,1.2179,1.2787,1.2172,1.0268,1.0561,0.9309,0.8754,0.7967,0.7313,0.7353,0.698,0.727,0.8432,0.9619,1.0571,1.1324,1.1957,1.2553,1.3178,1.3861,1.4576,1.5234,1.5723,1.597,1.5981,1.5819,1.0917,1.1012,1.1126,1.1256,1.1396,1.1534,1.1655,1.1744,1.1798,1.1761,1.1349,1.4142,1.3335,1.1755,1.1143,1.0064,0.9359,0.9868,0.9855,0.8058,0.4579,0.5306,0.8022,0.9845,1.0986,1.1766,1.2381,1.2984,1.3692,1.4561,1.5547,1.6478,1.7116,1.7329,1.717,1.6791,1.1003,1.1091,1.119,1.1299,1.1414,1.1526,1.163,1.1719,1.1786,1.1759,1.1497,1.2753,1.3712,1.3764,1.2155,1.1412,1.1477,1.2658,1.3265,1.015,0.4472,0.544,0.8661,1.0537,1.16,1.225,1.2746,1.3325,1.4149,1.5308,1.6758,1.8172,1.9033,1.9107,1.8609,1.7876,1.1075,1.1155,1.1243,1.1338,1.1437,1.1537,1.1634,1.173,1.1825,1.1925,1.2122,1.2678,1.3686,1.3815,1.2519,1.2239,1.3119,1.6006,1.8444,1.488,1.092,0.9838,1.0731,1.1674,1.2287,1.2575,1.2836,1.3444,1.4472,1.6035,1.8202,2.0412,2.1551,2.1255,2.0171,1.895,1.1137,1.1211,1.1291,1.1376,1.1466,1.1558,1.1653,1.1753,1.1864,1.2003,1.2209,1.2518,1.2828,1.2722,1.2109,1.1968,1.3533,1.6494,1.8438,1.8191,1.5489,1.338,1.2767,1.2792,1.2802,1.2437,1.2392,1.3377,1.4696,1.6613,1.9567,2.2765,2.4127,2.3227,2.1453,1.9762,1.1192,1.1261,1.1335,1.1413,1.1497,1.1584,1.1676,1.1776,1.1888,1.2021,1.2183,1.2362,1.2492,1.2456,1.2206,1.2261,1.3767,1.6506,2.0769,2.2444,1.7905,1.5205,1.4148,1.3718,1.3351,1.2566,1.2405,1.3884,1.5063,1.6871,2.0032,2.3625,2.5046,2.3882,2.1866,2.0033,1.1242,1.1306,1.1376,1.145,1.1529,1.1612,1.1702,1.1798,1.1906,1.2026,1.216,1.2298,1.2418,1.2506,1.2612,1.3004,1.4137,1.6189,1.8923,1.9684,1.7438,1.581,1.5125,1.4603,1.4279,1.4485,1.5562,1.5559,1.56,1.6778,1.924,2.2087,2.3399,2.2725,2.1201,1.9678,1.1287,1.1349,1.1415,1.1486,1.1561,1.1642,1.1728,1.1822,1.1924,1.2037,1.2161,1.2294,1.2437,1.2606,1.2859,1.3327,1.4164,1.5375,1.6569,1.6903,1.6382,1.6207,1.6155,1.5455,1.5035,1.5613,1.6705,1.6297,1.5896,1.6515,1.8039,1.9823,2.0851,2.0735,1.9913,1.8897,1.133,1.1389,1.1453,1.1521,1.1594,1.1672,1.1756,1.1847,1.1946,1.2056,1.2178,1.2316,1.2477,1.2682,1.2969,1.3396,1.4,1.4729,1.5379,1.5734,1.5977,1.6578,1.678,1.5923,1.5331,1.5516,1.5954,1.5922,1.5827,1.6207,1.7077,1.8104,1.8805,1.8928,1.8575,1.7987,1.1369,1.1426,1.1488,1.1554,1.1625,1.1701,1.1783,1.1873,1.1971,1.2079,1.2202,1.2343,1.2512,1.2723,1.2999,1.336,1.381,1.4308,1.4775,1.5173,1.5602,1.6115,1.6226,1.5728,1.5301,1.5268,1.5422,1.5507,1.5595,1.5877,1.6387,1.6977,1.7427,1.7588,1.7462,1.7142]}]