docs/data/wind_grid.json
[{"header":{"la1":42.85,"la2":41.18,"lo1":11.55,"lo2":14.05,"nx":36,"ny":24,"dx":0.07143,"dy":0.07261,"parameterCategory":2,"parameterNumber":2,"parameterNumberName":"eastward_wind","parameterUnit":"m.s-1"},"data":[0.3791,0.3867,0.3956,0.4055,0.4153,0.4235,0.4278,0.426,0.416,0.3971,0.3698,0.3356,0.2957,0.2515,0.2042,0.1556,0.1089,0.0686,0.04,0.0273,0.0311,0.0489,0.0758,0.1071,0.1392,0.1696,0.197,0.2212,0.242,0.2598,0.2747,0.2873,0.2978,0.3066,0.3139,0.3201,0.3785,0.3883,0.4006,0.4152,0.4311,0.4462,0.4573,0.46,0.4507,0.4282,0.3937,0.3502,0.3,0.2442,0.1834,0.1187,0.0537,-0.0041,-0.0448,-0.0603,-0.0492,-0.0176,0.0252,0.0711,0.1151,0.1544,0.1884,0.217,0.2409,0.2605,0.2767,0.2899,0.3007,0.3096,0.3169,0.3229,0.3753,0.3872,0.4033,0.4239,0.4484,0.4746,0.4974,0.5092,0.5022,0.4736,0.4276,0.3709,0.3074,0.2377,0.1601,0.0735,-0.0192,-0.107,-0.1695,-0.1884,-0.1616,-0.1042,-0.0352,0.0322,0.0918,0.1418,0.1828,0.216,0.2426,0.2639,0.2808,0.2943,0.3051,0.3138,0.3207,0.3264,0.3683,0.3817,0.4015,0.4291,0.4652,0.5084,0.5525,0.5831,0.5814,0.5409,0.4743,0.3977,0.3178,0.2327,0.1363,0.0217,-0.1138,-0.2558,-0.3616,-0.3842,-0.3214,-0.2143,-0.1027,-0.0056,0.0729,0.1346,0.1825,0.2195,0.2481,0.2703,0.2874,0.3007,0.311,0.3191,0.3255,0.3305,0.3558,0.3694,0.3918,0.4263,0.4762,0.5438,0.6254,0.6968,0.709,0.6408,0.5338,0.4277,0.3293,0.2298,0.1161,-0.0295,-0.2261,-0.4682,-0.6682,-0.6915,-0.5424,-0.3423,-0.1676,-0.0341,0.0641,0.1362,0.1894,0.2289,0.2583,0.2803,0.2968,0.3092,0.3185,0.3255,0.331,0.3352,0.3364,0.3474,0.3695,0.4084,0.4712,0.5671,0.7048,0.8607,0.9095,0.7734,0.5935,0.4519,0.3377,0.2285,0.1043,-0.0633,-0.3252,-0.7273,-1.1261,-1.134,-0.7985,-0.4542,-0.2069,-0.0407,0.0721,0.1503,0.2057,0.2453,0.2737,0.2942,0.309,0.3196,0.3273,0.3329,0.3371,0.3402,0.3088,0.3127,0.329,0.3666,0.436,0.5507,0.7343,0.9913,1.0997,0.8615,0.6148,0.4575,0.3391,0.2255,0.0997,-0.0633,-0.3385,-0.8575,-1.492,-1.468,-0.9242,-0.4728,-0.1895,-0.0127,0.1022,0.1795,0.2326,0.2693,0.2946,0.312,0.3239,0.3319,0.3373,0.3409,0.3435,0.3452,0.2729,0.2628,0.2639,0.2906,0.358,0.4727,0.64,0.8515,0.9332,0.7518,0.5691,0.4445,0.3352,0.2139,0.0806,-0.0515,-0.2365,-0.6133,-1.1067,-1.1187,-0.7073,-0.3417,-0.1017,0.0528,0.155,0.2238,0.2701,0.3008,0.3207,0.3333,0.341,0.3454,0.3479,0.3492,0.3498,0.35,0.2313,0.198,0.1678,0.1668,0.2293,0.3492,0.4818,0.5907,0.6264,0.5809,0.5117,0.4368,0.3401,0.1898,-0.0121,-0.1304,-0.1463,-0.2537,-0.4342,-0.4672,-0.3143,-0.1242,0.0307,0.1446,0.2255,0.2811,0.3172,0.3391,0.3513,0.3573,0.3595,0.3595,0.3585,0.3569,0.3554,0.3541,0.1916,0.1277,0.0433,-0.023,0.0369,0.2138,0.3621,0.4546,0.5126,0.5276,0.4997,0.4571,0.3823,0.1958,-0.2446,-0.4676,-0.16,-0.0445,-0.0565,-0.0613,-0.0101,0.0763,0.1667,0.2454,0.3066,0.3486,0.3727,0.3831,0.3852,0.3828,0.3783,0.3731,0.368,0.3635,0.3597,0.3568,0.167,0.0793,-0.061,-0.2291,-0.1813,0.1126,0.2937,0.39,0.5259,0.5827,0.5177,0.505,0.488,0.3786,-0.1027,-0.4468,-0.0536,0.0945,0.124,0.1396,0.1724,0.2238,0.284,0.3436,0.3937,0.4255,0.4361,0.4317,0.4207,0.4079,0.3957,0.3847,0.3753,0.3676,0.3617,0.3574,0.1684,0.0843,-0.0469,-0.1985,-0.1443,0.1253,0.2565,0.2858,0.4117,0.5161,0.5203,0.5722,0.6253,0.6879,0.5339,0.2555,0.1996,0.1854,0.1888,0.2307,0.2803,0.3303,0.3814,0.4354,0.4864,0.5141,0.5078,0.4826,0.4548,0.4302,0.4096,0.3926,0.3788,0.3681,0.3604,0.3551,0.1932,0.1356,0.0649,0.0172,0.0737,0.1957,0.2404,0.2038,0.2662,0.4116,0.5321,0.6796,0.7349,0.7725,0.7044,0.4713,0.3045,0.1441,0.1438,0.2731,0.3628,0.4215,0.4658,0.5169,0.5812,0.6142,0.5827,0.5289,0.4823,0.4461,0.4174,0.3945,0.3766,0.3633,0.3544,0.3489,0.228,0.1967,0.1693,0.1646,0.198,0.2436,0.2563,0.2369,0.2754,0.3902,0.5231,0.7963,0.891,0.8572,0.6451,0.4589,0.3164,0.2277,0.2336,0.3635,0.4729,0.5276,0.5459,0.575,0.6443,0.687,0.6312,0.555,0.4963,0.4518,0.4163,0.3879,0.3661,0.3511,0.3421,0.3378,0.2616,0.2465,0.2378,0.2418,0.2593,0.2792,0.2893,0.296,0.3231,0.3594,0.3925,0.4868,0.6068,0.6165,0.5652,0.3363,0.1515,0.2987,0.3925,0.5233,0.6618,0.6865,0.6349,0.6078,0.6327,0.6568,0.6142,0.5495,0.4931,0.4453,0.4041,0.3698,0.3442,0.3285,0.3214,0.3206,0.2895,0.2829,0.2811,0.2859,0.2962,0.3077,0.3171,0.325,0.3274,0.2912,0.1714,0.1604,0.3116,0.4878,0.4729,0.3468,0.2327,0.3717,0.5069,0.6937,0.96,0.907,0.7257,0.6345,0.6075,0.5986,0.5718,0.5282,0.4787,0.4279,0.3788,0.336,0.3059,0.2916,0.2903,0.2965,0.3118,0.3093,0.3101,0.3144,0.3214,0.3292,0.3356,0.3377,0.3265,0.2783,0.1861,0.2203,0.2676,0.29,0.4163,0.4369,0.4396,0.5062,0.5915,0.7369,1.0038,0.9404,0.7489,0.6465,0.6028,0.5828,0.5587,0.5174,0.4631,0.4024,0.3388,0.2808,0.244,0.2358,0.2475,0.2663,0.3293,0.329,0.3308,0.3346,0.3399,0.3455,0.3495,0.3494,0.3401,0.3175,0.2955,0.3015,0.2831,0.2962,0.4574,0.528,0.5436,0.5931,0.6146,0.695,0.7889,0.784,0.7055,0.6383,0.6088,0.612,0.5967,0.5303,0.4504,0.3712,0.2846,0.1988,0.1517,0.16,0.1961,0.2339,0.3434,0.3443,0.3465,0.3501,0.3545,0.3589,0.3622,0.3629,0.3597,0.3536,0.3511,0.3584,0.3751,0.4404,0.6053,0.6624,0.6073,0.6432,0.6862,0.8066,0.7781,0.7288,0.6744,0.6251,0.6176,0.6965,0.7115,0.5521,0.4267,0.3358,0.2286,0.1041,0.0444,0.0824,0.1506,0.208,0.355,0.3565,0.3591,0.3625,0.3665,0.3707,0.3743,0.3769,0.3786,0.3809,0.3872,0.4021,0.4333,0.4992,0.6057,0.6441,0.632,0.7152,0.9509,1.0572,0.8424,0.7355,0.6726,0.6126,0.5854,0.6869,0.7137,0.4584,0.3569,0.2991,0.2041,0.0673,0.002,0.055,0.1358,0.1997,0.3647,0.3666,0.3694,0.3729,0.3769,0.3812,0.3855,0.39,0.3949,0.4016,0.4125,0.4308,0.4608,0.5065,0.5594,0.5954,0.6318,0.7182,0.8622,0.9118,0.817,0.7591,0.7134,0.6199,0.4975,0.35,0.0978,0.1368,0.2484,0.2698,0.2237,0.1321,0.0781,0.1048,0.1615,0.2124,0.3729,0.3752,0.3782,0.3818,0.386,0.3906,0.3957,0.4014,0.4082,0.4173,0.43,0.4481,0.4735,0.506,0.5417,0.5768,0.6188,0.6787,0.7453,0.7787,0.7905,0.8461,0.8513,0.6902,0.4608,0.1631,-0.1646,-0.003,0.2173,0.2679,0.2567,0.2141,0.1796,0.1815,0.2074,0.2384,0.38,0.3826,0.3857,0.3895,0.3939,0.3988,0.4044,0.411,0.4189,0.4288,0.4418,0.4586,0.48,0.5056,0.5341,0.5652,0.6011,0.6432,0.6863,0.7276,0.7951,0.9306,0.9724,0.7609,0.4991,0.2605,0.1115,0.1841,0.2876,0.2909,0.2825,0.2644,0.2462,0.2415,0.2508,0.267,0.3861,0.3889,0.3923,0.3962,0.4007,0.4059,0.4119,0.4188,0.4271,0.4372,0.4497,0.465,0.4834,0.5047,0.5285,0.5548,0.5841,0.6164,0.6513,0.6931,0.7571,0.8434,0.8534,0.7133,0.5248,0.3656,0.2773,0.2773,0.2996,0.2995,0.2977,0.292,0.2842,0.2808,0.284,0.2922]},{"header":{"la1":42.85,"la2":41.18,"lo1":11.55,"lo2":14.05,"nx":36,"ny":24,"dx":0.07143,"dy":0.07261,"parameterCategory":2,"parameterNumber":3,"parameterNumberName":"northward_wind","parameterUnit":"m.s-1"},"data":[0.8499,0.861,0.8726,0.8844,0.8956,0.9051,0.9111,0.9117,0.9056,0.8926,0.874,0.8516,0.8274,0.803,0.779,0.7561,0.7345,0.7141,0.6946,0.6758,0.6571,0.6381,0.6188,0.5995,0.5802,0.5615,0.5435,0.5264,0.5103,0.4955,0.4818,0.4692,0.4578,0.4476,0.4384,0.4302,0.8602,0.8737,0.8884,0.9042,0.9206,0.936,0.9476,0.9519,0.9461,0.9297,0.905,0.8759,0.8455,0.816,0.7881,0.7622,0.7383,0.7165,0.6962,0.6767,0.6571,0.6369,0.6159,0.5946,0.5735,0.553,0.5334,0.5151,0.498,0.4824,0.4681,0.4552,0.4436,0.4332,0.424,0.4159,0.8695,0.8853,0.9034,0.9243,0.9478,0.9723,0.9939,1.0058,1.0012,0.9787,0.9435,0.9038,0.8648,0.829,0.7965,0.7672,0.741,0.7179,0.6973,0.6778,0.6575,0.6357,0.6125,0.5887,0.5652,0.5426,0.5213,0.5016,0.4836,0.4672,0.4525,0.4393,0.4275,0.4171,0.408,0.4001,0.8771,0.8949,0.9164,0.9429,0.9755,1.0141,1.0539,1.082,1.0813,1.0464,0.9917,0.9347,0.8842,0.8411,0.8038,0.771,0.7422,0.718,0.6982,0.6798,0.6592,0.635,0.6084,0.5812,0.5547,0.5296,0.5064,0.4854,0.4664,0.4495,0.4345,0.4212,0.4094,0.3992,0.3902,0.3826,0.8824,0.9015,0.9255,0.957,0.9998,1.0578,1.1298,1.1945,1.2054,1.1427,1.0491,0.9657,0.9013,0.8513,0.8099,0.7737,0.742,0.717,0.7,0.6849,0.6633,0.6346,0.6028,0.5711,0.5409,0.5131,0.488,0.4657,0.4461,0.4288,0.4138,0.4006,0.389,0.379,0.3705,0.3633,0.8849,0.9042,0.9288,0.9627,1.013,1.0914,1.2106,1.3522,1.3968,1.2681,1.1042,0.9882,0.9126,0.8587,0.8151,0.7763,0.7412,0.715,0.7044,0.6958,0.67,0.6327,0.5936,0.5564,0.5223,0.4917,0.4649,0.4417,0.4218,0.4047,0.3899,0.3772,0.3661,0.3566,0.3485,0.3419,0.8848,0.9027,0.9253,0.9569,1.0066,1.092,1.2442,1.4762,1.5779,1.3498,1.1203,0.9907,0.9155,0.8635,0.8206,0.7806,0.742,0.7131,0.7096,0.7064,0.6706,0.6228,0.5767,0.5346,0.4969,0.4638,0.4357,0.4122,0.3928,0.3765,0.3627,0.3508,0.3404,0.3316,0.3242,0.3182,0.8824,0.8979,0.9161,0.9404,0.979,1.0467,1.1667,1.3453,1.4167,1.2383,1.0679,0.972,0.9131,0.8679,0.8274,0.7879,0.7461,0.7098,0.6976,0.6866,0.6466,0.5964,0.5479,0.503,0.4624,0.4273,0.3986,0.376,0.3583,0.344,0.3318,0.3212,0.3118,0.3038,0.2971,0.292,0.8788,0.8918,0.9047,0.919,0.9413,0.9802,1.0378,1.0974,1.1061,1.0512,0.9934,0.9505,0.9146,0.8761,0.8341,0.797,0.7515,0.6982,0.6606,0.6327,0.5962,0.5527,0.5066,0.4601,0.4163,0.3792,0.351,0.3313,0.3174,0.3067,0.2972,0.2883,0.2801,0.2728,0.267,0.2628,0.8747,0.8863,0.8958,0.9021,0.9102,0.9273,0.9473,0.9591,0.9528,0.9447,0.9479,0.945,0.9316,0.8968,0.8327,0.8005,0.7532,0.6645,0.5966,0.5593,0.5316,0.4983,0.4554,0.4052,0.3551,0.3146,0.2891,0.2761,0.2698,0.2649,0.2592,0.2523,0.245,0.2384,0.2332,0.2302,0.8701,0.8817,0.8916,0.8973,0.8977,0.8979,0.8966,0.8978,0.9028,0.9026,0.9331,0.9604,0.9732,0.9571,0.868,0.8063,0.7264,0.5649,0.4657,0.4531,0.457,0.4406,0.3988,0.3374,0.2718,0.2242,0.2061,0.2085,0.2159,0.2199,0.2185,0.2131,0.2061,0.1996,0.195,0.1932,0.864,0.8756,0.8865,0.8946,0.8929,0.8794,0.8602,0.8475,0.8766,0.9043,0.9452,0.9948,1.0327,1.0615,1.0048,0.8596,0.6332,0.2784,0.1693,0.3003,0.3822,0.3894,0.3432,0.2557,0.1529,0.0899,0.0936,0.1289,0.1594,0.1744,0.1764,0.1707,0.1624,0.155,0.1508,0.1506,0.856,0.8663,0.8753,0.8805,0.8773,0.8636,0.839,0.8097,0.8374,0.9048,0.9731,1.0443,1.0874,1.0998,1.0684,0.9023,0.5495,-0.2366,-0.2689,0.1802,0.3403,0.3586,0.2996,0.168,-0.0118,-0.1066,-0.0458,0.0497,0.1093,0.1329,0.1339,0.124,0.1115,0.1019,0.0982,0.1006,0.8463,0.8551,0.8621,0.8659,0.8646,0.8576,0.8439,0.828,0.8494,0.9198,0.995,1.083,1.1323,1.3375,1.1032,0.9655,0.7574,0.1761,0.0279,0.2639,0.3592,0.3577,0.2852,0.1178,-0.1483,-0.2836,-0.1452,0.0056,0.0794,0.0992,0.0902,0.0694,0.0488,0.0358,0.0335,0.0409,0.8357,0.8434,0.8498,0.8543,0.8565,0.8571,0.8572,0.8631,0.8918,0.9481,1.0029,1.0432,1.1404,1.2966,1.1021,1.1036,1.2968,0.7672,0.4539,0.4016,0.4063,0.385,0.3089,0.1584,-0.0644,-0.1843,-0.0844,0.0299,0.0763,0.072,0.04,-0.0008,-0.0345,-0.051,-0.0485,-0.0314,0.8247,0.8317,0.838,0.8436,0.8487,0.8545,0.8632,0.8798,0.9138,0.9757,1.0623,1.0043,1.0028,1.0365,0.9744,1.0194,1.1388,0.7701,0.4979,0.4252,0.4565,0.4332,0.3457,0.2381,0.1226,0.0572,0.0728,0.0995,0.0898,0.0435,-0.0264,-0.1,-0.153,-0.1701,-0.1542,-0.1184,0.8131,0.8196,0.8258,0.8319,0.8383,0.8463,0.8577,0.876,0.9072,0.9608,1.0327,0.9714,0.8008,0.7168,0.764,0.7343,0.6713,0.4577,0.2894,0.3407,0.4542,0.4314,0.3497,0.2846,0.2426,0.2275,0.217,0.1787,0.1068,0.0052,-0.1212,-0.2483,-0.3289,-0.3358,-0.2879,-0.2186,0.8009,0.8067,0.8124,0.8182,0.8246,0.8322,0.8422,0.8562,0.8759,0.8992,0.9064,0.8494,0.7091,0.6399,0.511,0.3949,0.3723,0.1253,-0.1232,0.1555,0.3131,0.3391,0.3127,0.295,0.3199,0.3824,0.3834,0.2721,0.1224,-0.0455,-0.2504,-0.4654,-0.5838,-0.5525,-0.4413,-0.3213,0.7881,0.793,0.7979,0.8027,0.8077,0.8133,0.8197,0.827,0.8338,0.835,0.8178,0.765,0.6714,0.506,0.0849,-0.0801,0.1964,0.1104,-0.0137,0.1462,0.2273,0.2565,0.2569,0.2767,0.377,0.5958,0.64,0.3642,0.1176,-0.1032,-0.3858,-0.7183,-0.8785,-0.771,-0.5744,-0.4019,0.7747,0.7786,0.7822,0.7855,0.7886,0.7914,0.7936,0.7942,0.791,0.7795,0.7515,0.697,0.6008,0.4202,0.1093,0.007,0.1841,0.1995,0.1837,0.1918,0.1934,0.1819,0.1733,0.2085,0.3307,0.6074,0.6693,0.2761,0.0416,-0.1581,-0.4421,-0.8177,-0.9947,-0.8483,-0.6193,-0.4308,0.7609,0.7635,0.7657,0.7674,0.7683,0.7682,0.7663,0.7616,0.7517,0.7331,0.7006,0.6473,0.5641,0.4417,0.3033,0.2406,0.252,0.2383,0.2067,0.1878,0.1403,0.0528,0.0156,0.0701,0.1475,0.1502,-0.0476,-0.0705,-0.1075,-0.2181,-0.3946,-0.6468,-0.7899,-0.7136,-0.5513,-0.3995,0.7468,0.7482,0.7489,0.7489,0.7476,0.7448,0.7397,0.7311,0.7171,0.6952,0.6622,0.6144,0.5492,0.4692,0.3902,0.3349,0.2998,0.2617,0.2146,0.1502,0.0146,-0.207,-0.2754,-0.1166,-0.0148,-0.0935,-0.2792,-0.2347,-0.2785,-0.3226,-0.357,-0.4499,-0.5267,-0.5109,-0.4292,-0.3311,0.7326,0.7328,0.7322,0.7305,0.7273,0.7223,0.7147,0.7035,0.6873,0.6644,0.6329,0.5914,0.5399,0.4815,0.4232,0.3714,0.3241,0.2728,0.2074,0.1043,-0.0926,-0.3967,-0.4782,-0.2367,-0.0931,-0.1168,-0.2044,-0.3211,-0.5217,-0.4766,-0.3757,-0.3544,-0.367,-0.358,-0.3161,-0.2559,0.7186,0.7177,0.7157,0.7126,0.7079,0.7012,0.6918,0.679,0.6617,0.6389,0.6097,0.5735,0.5307,0.4835,0.4345,0.3856,0.3353,0.2781,0.2048,0.0973,-0.0679,-0.2615,-0.3128,-0.1914,-0.1035,-0.1164,-0.2024,-0.3718,-0.5524,-0.4993,-0.3735,-0.3062,-0.2804,-0.2606,-0.2304,-0.1896]}]