docs/data/wind_grid.json
[{"header":{"la1":42.85,"la2":41.18,"lo1":11.55,"lo2":14.05,"nx":36,"ny":24,"dx":0.07143,"dy":0.07261,"parameterCategory":2,"parameterNumber":2,"parameterNumberName":"eastward_wind","parameterUnit":"m.s-1"},"data":[1.1668,1.165,1.1612,1.1553,1.1474,1.1377,1.126,1.112,1.0955,1.0767,1.0563,1.0355,1.0153,0.9963,0.9785,0.9616,0.9448,0.9273,0.9085,0.8889,0.8704,0.8564,0.8502,0.8526,0.8616,0.8738,0.8866,0.8985,0.9089,0.9178,0.9254,0.9318,0.9373,0.9421,0.9464,0.9503,1.1845,1.1839,1.1808,1.1751,1.167,1.1571,1.1451,1.1304,1.1118,1.0893,1.0641,1.0385,1.0143,0.9925,0.9728,0.9545,0.9362,0.9161,0.8926,0.8652,0.8367,0.8144,0.8064,0.8141,0.8317,0.8523,0.8715,0.8877,0.9009,0.9116,0.9202,0.9273,0.9333,0.9385,0.943,0.947,1.2057,1.207,1.205,1.1994,1.1911,1.1813,1.1702,1.1562,1.1359,1.108,1.0753,1.0423,1.0127,0.9874,0.9661,0.9472,0.9282,0.9064,0.8777,0.8385,0.7904,0.7496,0.7387,0.7597,0.7949,0.8291,0.8569,0.8781,0.8941,0.9062,0.9157,0.9233,0.9296,0.9349,0.9396,0.9438,1.2313,1.2359,1.2357,1.2301,1.2206,1.2108,1.2033,1.1943,1.1741,1.1374,1.0911,1.0463,1.009,0.9801,0.9578,0.9396,0.922,0.9007,0.8691,0.8145,0.7275,0.6411,0.628,0.6851,0.7542,0.8082,0.8457,0.8712,0.8891,0.902,0.9118,0.9196,0.926,0.9315,0.9362,0.9405,1.2624,1.2728,1.2762,1.2701,1.2568,1.2452,1.2453,1.2534,1.2403,1.1852,1.1119,1.048,1.001,0.9686,0.9468,0.9313,0.9178,0.9016,0.8752,0.813,0.6614,0.4636,0.4617,0.605,0.7243,0.7976,0.8414,0.8685,0.8864,0.8991,0.9087,0.9162,0.9225,0.9279,0.9327,0.937,1.2996,1.3208,1.3327,1.3266,1.3029,1.281,1.2909,1.343,1.3581,1.2571,1.1311,1.0412,0.9846,0.9503,0.9309,0.921,0.9151,0.9082,0.8983,0.8614,0.6808,0.3562,0.376,0.5934,0.7328,0.8063,0.8465,0.8703,0.8859,0.897,0.9057,0.9128,0.9189,0.9241,0.9288,0.9332,1.3413,1.3815,1.4145,1.4145,1.3683,1.3139,1.3146,1.4199,1.488,1.3058,1.1217,1.0151,0.9552,0.9222,0.9076,0.9058,0.9112,0.9156,0.9126,0.9096,0.8398,0.6572,0.6154,0.7119,0.7893,0.8336,0.8588,0.8746,0.8858,0.8947,0.9023,0.9089,0.9147,0.9198,0.9245,0.9288,1.3806,1.4478,1.5248,1.5545,1.4659,1.3445,1.2886,1.3333,1.3607,1.2052,1.0537,0.9638,0.9107,0.8821,0.8733,0.8813,0.9016,0.9239,0.9356,0.9694,1.0605,1.0242,0.9086,0.8634,0.8596,0.8648,0.8707,0.8768,0.8835,0.8905,0.8974,0.9038,0.9095,0.9147,0.9194,0.9238,1.4049,1.4911,1.6137,1.7005,1.5553,1.3652,1.2393,1.1698,1.105,1.0183,0.9491,0.8957,0.8528,0.829,0.8274,0.8438,0.8813,0.9289,0.9824,1.0971,1.3345,1.2815,1.0673,0.9539,0.9038,0.8809,0.8718,0.8712,0.8757,0.8827,0.8902,0.8971,0.9032,0.9085,0.9132,0.9177,1.4059,1.4859,1.5815,1.6321,1.538,1.3634,1.1962,1.0535,0.9015,0.8246,0.8435,0.8256,0.7808,0.7589,0.7837,0.8047,0.8567,0.9309,1.0009,1.1013,1.2503,1.2233,1.0746,0.969,0.905,0.8681,0.8521,0.8515,0.8594,0.87,0.8801,0.8885,0.8953,0.9007,0.9056,0.9102,1.3888,1.458,1.5447,1.653,1.6103,1.366,1.1715,1.0103,0.7185,0.5799,0.769,0.7661,0.6822,0.6284,0.7159,0.7888,0.8553,0.9599,1.0271,1.064,1.095,1.0791,1.0103,0.9298,0.859,0.8129,0.8003,0.8121,0.8328,0.8524,0.8676,0.8782,0.8856,0.8911,0.8959,0.9007,1.3593,1.4184,1.5049,1.6209,1.5692,1.3219,1.1689,1.1054,0.9019,0.7336,0.7957,0.7301,0.5618,0.3345,0.469,0.7165,0.8921,1.0796,1.1407,1.0875,1.0471,1.0086,0.9478,0.8583,0.7549,0.6905,0.7005,0.7498,0.798,0.8325,0.8541,0.8667,0.8739,0.8788,0.8833,0.8884,1.3208,1.3597,1.4049,1.4323,1.3727,1.2452,1.1742,1.1964,1.1247,0.962,0.8548,0.7217,0.5655,0.2231,0.3662,0.7185,0.9356,1.3389,1.3635,1.1318,1.0345,0.9737,0.8988,0.7685,0.5738,0.4609,0.545,0.6754,0.7653,0.8163,0.8423,0.8541,0.8591,0.8622,0.8661,0.8719,1.2804,1.2994,1.3122,1.3043,1.2611,1.2008,1.1664,1.1701,1.1335,1.0342,0.9231,0.717,0.6271,0.526,0.6619,0.7559,0.8998,1.1652,1.2251,1.092,1.0007,0.9403,0.8682,0.7093,0.401,0.2156,0.4179,0.6354,0.7549,0.8113,0.8338,0.8391,0.8383,0.838,0.8415,0.8493,1.2453,1.2519,1.251,1.2374,1.2099,1.178,1.1553,1.1427,1.1266,1.1178,1.1042,0.9954,0.8429,0.7934,0.8075,0.7861,1.1987,1.0904,1.0768,1.0082,0.9141,0.8786,0.8581,0.7484,0.5094,0.3588,0.5077,0.6847,0.7817,0.8207,0.8265,0.8167,0.8049,0.8,0.805,0.8178,1.2181,1.2188,1.2141,1.2025,1.1853,1.1674,1.1545,1.1511,1.1684,1.2481,1.45,1.2942,1.1705,1.0224,0.9977,1.0478,1.1876,1.1091,1.0505,0.9314,0.7161,0.7528,0.8562,0.8409,0.7494,0.6878,0.728,0.7971,0.8357,0.8378,0.8126,0.7756,0.7462,0.7379,0.7502,0.7747,1.1985,1.1971,1.1923,1.1841,1.174,1.165,1.1615,1.1696,1.2026,1.2898,1.4369,1.3615,1.4916,1.5782,1.2746,1.2058,1.1755,1.1226,1.0616,0.948,0.691,0.7486,0.8961,0.9321,0.9166,0.9025,0.9061,0.9093,0.8944,0.8515,0.7793,0.6961,0.6402,0.636,0.6708,0.7193,1.1849,1.1832,1.1796,1.1747,1.1697,1.167,1.1698,1.1829,1.2128,1.2635,1.3182,1.374,1.5883,1.6639,1.58,1.5728,1.3503,1.135,1.0238,1.056,0.9775,0.9588,1.0036,1.0267,1.029,1.0308,1.0259,0.9988,0.9467,0.8571,0.7172,0.5531,0.4581,0.4825,0.5689,0.6577,1.1756,1.1745,1.1725,1.1703,1.169,1.1704,1.1767,1.1909,1.2155,1.2509,1.2959,1.3621,1.4705,1.6287,2.1375,2.3671,1.6124,1.2238,1.1154,1.2025,1.1666,1.1336,1.1307,1.1242,1.1068,1.094,1.0891,1.0621,0.9932,0.8647,0.6444,0.3588,0.215,0.3091,0.4737,0.6087,1.1694,1.1691,1.1686,1.1685,1.1698,1.1738,1.1819,1.1961,1.2177,1.248,1.2894,1.3501,1.4477,1.6418,2.0563,2.1758,1.6546,1.3519,1.3375,1.3767,1.2942,1.2815,1.2775,1.2363,1.1727,1.1164,1.1051,1.1099,1.0401,0.8963,0.639,0.2812,0.1097,0.2464,0.4467,0.5983,1.1653,1.1659,1.1666,1.1681,1.1711,1.1766,1.1856,1.1994,1.2192,1.2463,1.2834,1.3361,1.415,1.5367,1.6804,1.6909,1.5244,1.383,1.3503,1.3614,1.3964,1.4941,1.522,1.4087,1.2716,1.2096,1.2354,1.1958,1.0892,0.9558,0.7483,0.4697,0.3152,0.3802,0.5183,0.6371,1.1626,1.1638,1.1655,1.1682,1.1723,1.1786,1.1879,1.2011,1.2191,1.243,1.2745,1.3162,1.3705,1.4349,1.4872,1.4869,1.4333,1.3817,1.3734,1.4227,1.5886,1.9069,1.9982,1.678,1.3881,1.2735,1.2982,1.2325,1.0955,1.0067,0.8835,0.715,0.5963,0.5861,0.6406,0.7076,1.1607,1.1625,1.1649,1.1683,1.173,1.1797,1.1889,1.2012,1.2172,1.2376,1.2632,1.2945,1.3304,1.3664,1.3918,1.3959,1.3832,1.3759,1.4011,1.4971,1.7509,2.2209,2.3585,1.8741,1.4758,1.2954,1.2331,1.1391,1.0322,1.0198,0.9661,0.8681,0.7838,0.7483,0.7554,0.7831,1.1592,1.1615,1.1644,1.1682,1.1733,1.18,1.1887,1.1999,1.2139,1.231,1.2514,1.2747,1.2993,1.3223,1.3393,1.3481,1.3532,1.3671,1.4091,1.5095,1.7112,1.9885,2.0502,1.7723,1.4799,1.3024,1.1969,1.0953,1.0229,1.0228,1.0001,0.9443,0.8881,0.853,0.8422,0.8484]},{"header":{"la1":42.85,"la2":41.18,"lo1":11.55,"lo2":14.05,"nx":36,"ny":24,"dx":0.07143,"dy":0.07261,"parameterCategory":2,"parameterNumber":3,"parameterNumberName":"northward_wind","parameterUnit":"m.s-1"},"data":[0.0442,0.0424,0.0396,0.0356,0.0303,0.0239,0.0169,0.0098,0.003,-0.0037,-0.0107,-0.0186,-0.0275,-0.0377,-0.0489,-0.0609,-0.0739,-0.088,-0.1034,-0.1197,-0.1351,-0.147,-0.1529,-0.152,-0.1456,-0.1355,-0.1237,-0.1112,-0.0987,-0.0864,-0.0744,-0.0628,-0.0517,-0.0411,-0.031,-0.0215,0.0495,0.0482,0.0454,0.0408,0.0344,0.0264,0.0175,0.009,0.0017,-0.0044,-0.0105,-0.0177,-0.0269,-0.0377,-0.0499,-0.0631,-0.0773,-0.0935,-0.1128,-0.1352,-0.1586,-0.1771,-0.1852,-0.1816,-0.1699,-0.1544,-0.1379,-0.1218,-0.1065,-0.092,-0.0782,-0.0651,-0.0526,-0.0408,-0.0298,-0.0194,0.0556,0.0548,0.0522,0.0472,0.039,0.028,0.0153,0.0038,-0.004,-0.0081,-0.0113,-0.0167,-0.0255,-0.0371,-0.0502,-0.0641,-0.0788,-0.0961,-0.119,-0.1509,-0.1892,-0.2214,-0.2325,-0.2214,-0.1992,-0.175,-0.1524,-0.1321,-0.1137,-0.0969,-0.0812,-0.0665,-0.0526,-0.0396,-0.0275,-0.0163,0.0622,0.0626,0.0608,0.0553,0.0448,0.0285,0.008,-0.011,-0.0201,-0.0183,-0.014,-0.0151,-0.023,-0.0356,-0.0499,-0.064,-0.0772,-0.092,-0.1157,-0.1603,-0.2287,-0.2922,-0.3055,-0.2737,-0.2316,-0.195,-0.1654,-0.1408,-0.1197,-0.1006,-0.0831,-0.0668,-0.0515,-0.0373,-0.0241,-0.0119,0.0694,0.0718,0.0717,0.0667,0.0536,0.0291,-0.0079,-0.0468,-0.0611,-0.0424,-0.0191,-0.0115,-0.0186,-0.0333,-0.0495,-0.0633,-0.0721,-0.0764,-0.0886,-0.1437,-0.2681,-0.4032,-0.4084,-0.3287,-0.2586,-0.2098,-0.1747,-0.1472,-0.1239,-0.103,-0.0838,-0.0659,-0.0491,-0.0335,-0.0191,-0.006,0.0766,0.0824,0.0861,0.0833,0.0689,0.0354,-0.0297,-0.121,-0.1558,-0.0872,-0.0213,-0.0017,-0.011,-0.0306,-0.0503,-0.0642,-0.0665,-0.0481,-0.0157,-0.061,-0.2526,-0.4689,-0.4604,-0.346,-0.2657,-0.2147,-0.1788,-0.1506,-0.1262,-0.104,-0.0831,-0.0634,-0.045,-0.028,-0.0124,0.0016,0.0823,0.0936,0.1052,0.1082,0.0946,0.059,-0.0265,-0.1955,-0.2793,-0.1148,0.0014,0.0216,0.0009,-0.0287,-0.0541,-0.0698,-0.0692,-0.0317,0.067,0.0442,-0.1776,-0.3339,-0.3577,-0.3036,-0.2503,-0.2101,-0.1788,-0.152,-0.1273,-0.1038,-0.0811,-0.0594,-0.0391,-0.0204,-0.0035,0.0115,0.0837,0.1022,0.1312,0.1474,0.1269,0.1021,0.0529,-0.0685,-0.1287,0.0068,0.0816,0.0636,0.0155,-0.0301,-0.063,-0.082,-0.0865,-0.0667,-0.021,-0.0702,-0.2295,-0.2863,-0.283,-0.2602,-0.231,-0.2035,-0.1783,-0.1537,-0.1286,-0.1032,-0.0779,-0.0536,-0.0309,-0.0102,0.0081,0.0241,0.0755,0.0957,0.1509,0.2043,0.1405,0.1372,0.1782,0.2022,0.2376,0.273,0.2217,0.1193,0.0268,-0.0384,-0.0779,-0.0973,-0.1081,-0.1136,-0.1293,-0.2126,-0.3691,-0.3517,-0.2779,-0.2429,-0.2215,-0.2031,-0.183,-0.1592,-0.132,-0.1029,-0.0736,-0.0456,-0.0198,0.0032,0.0231,0.0399,0.0553,0.0527,0.069,0.0858,0.0272,0.1351,0.3016,0.4593,0.6391,0.6688,0.4129,0.1709,0.0264,-0.0532,-0.094,-0.1038,-0.1232,-0.1388,-0.1614,-0.2238,-0.321,-0.3167,-0.262,-0.2355,-0.2253,-0.2166,-0.2,-0.1735,-0.1399,-0.1036,-0.0677,-0.0344,-0.0046,0.0211,0.0425,0.06,0.0335,-0.0073,-0.1125,-0.3565,-0.2918,0.1182,0.4393,0.6734,1.0538,1.2553,0.5778,0.1784,0.0063,-0.0658,-0.103,-0.1113,-0.1445,-0.1509,-0.1555,-0.1847,-0.2242,-0.2382,-0.2335,-0.2375,-0.2516,-0.2581,-0.2412,-0.2027,-0.1541,-0.1048,-0.059,-0.0185,0.0162,0.0448,0.0677,0.0853,0.0277,-0.0221,-0.1384,-0.3348,-0.2433,0.2279,0.639,0.8723,0.9379,0.9549,0.4544,0.1162,-0.0258,-0.0482,-0.1021,-0.1788,-0.1939,-0.1325,-0.1083,-0.1475,-0.1795,-0.2003,-0.2224,-0.2639,-0.324,-0.3582,-0.3261,-0.2524,-0.1736,-0.1035,-0.0441,0.0052,0.0452,0.0767,0.1004,0.1172,0.0413,0.0143,-0.0293,-0.0514,0.0796,0.4015,0.7932,1.1081,0.9293,0.5658,0.2388,0.0671,-0.036,-0.0433,-0.1221,-0.3126,-0.2967,-0.012,0.0131,-0.1235,-0.1645,-0.1875,-0.2266,-0.3164,-0.4719,-0.5636,-0.4686,-0.3152,-0.1885,-0.0924,-0.018,0.0406,0.0861,0.1197,0.1428,0.1572,0.0617,0.0596,0.0663,0.1088,0.2278,0.4353,0.6988,0.925,0.7825,0.3561,0.0798,0.0983,0.0881,-0.4338,-0.3849,-0.6023,-0.5407,-0.2354,-0.1132,-0.1524,-0.1689,-0.185,-0.2261,-0.3514,-0.6231,-0.795,-0.5896,-0.3445,-0.177,-0.0608,0.0262,0.0933,0.1434,0.1776,0.1979,0.2072,0.0771,0.088,0.1113,0.159,0.2418,0.3567,0.4755,0.5221,0.3749,0.0895,-0.1223,-0.1967,-0.3182,-0.5799,-0.499,-0.6932,-0.9664,-0.5093,-0.2511,-0.1796,-0.1929,-0.1993,-0.2086,-0.3008,-0.5163,-0.6544,-0.4942,-0.2798,-0.1201,-0.0007,0.0942,0.1692,0.2233,0.2556,0.2689,0.2688,0.0831,0.097,0.1194,0.154,0.2005,0.2494,0.2763,0.2387,0.0979,-0.1267,-0.3412,-0.444,-0.4263,-0.4512,-0.4684,-0.616,-0.7924,-0.4259,-0.1635,-0.1444,-0.3043,-0.2716,-0.1842,-0.2013,-0.2847,-0.334,-0.2709,-0.1509,-0.0283,0.0856,0.1888,0.2751,0.3341,0.3603,0.3593,0.3426,0.0812,0.0925,0.1081,0.1274,0.1469,0.1573,0.1427,0.0834,-0.0327,-0.1941,-0.3405,-0.3961,-0.5466,-0.6115,-0.4215,-0.3779,-0.2965,-0.0105,0.2217,0.0498,-0.3011,-0.2539,-0.1263,-0.1084,-0.1371,-0.1559,-0.1258,-0.0441,0.0666,0.1873,0.3099,0.4196,0.4876,0.499,0.4703,0.4266,0.074,0.0812,0.0893,0.0965,0.0991,0.0905,0.0619,0.0054,-0.0802,-0.1827,-0.276,-0.3655,-0.5516,-0.5816,-0.321,-0.1895,-0.003,0.5321,1.0376,0.481,0.106,-0.006,-0.0088,-0.0251,-0.0762,-0.1463,-0.1395,-0.0118,0.1451,0.2953,0.4529,0.6076,0.692,0.6704,0.5935,0.512,0.0645,0.0676,0.0697,0.069,0.0625,0.0462,0.0158,-0.0312,-0.0931,-0.1622,-0.2291,-0.293,-0.3469,-0.307,-0.1501,-0.0922,0.0857,0.5574,0.8906,0.6822,0.3963,0.1982,0.1102,0.0504,-0.0696,-0.3313,-0.3843,-0.0326,0.2336,0.4096,0.5935,0.8054,0.9107,0.8352,0.6993,0.5813,0.0547,0.0546,0.0526,0.0473,0.0367,0.0186,-0.009,-0.0462,-0.091,-0.1385,-0.1827,-0.2166,-0.2262,-0.1875,-0.1136,-0.0661,0.1053,0.4275,0.8177,0.9534,0.5457,0.3014,0.1971,0.1386,0.0247,-0.3167,-0.3977,0.1716,0.4176,0.5405,0.683,0.8857,0.9911,0.8954,0.7426,0.6152,0.0457,0.0435,0.0391,0.0316,0.0198,0.0026,-0.0206,-0.0493,-0.0814,-0.1135,-0.1407,-0.1569,-0.154,-0.1258,-0.0772,-0.0062,0.1317,0.352,0.614,0.6828,0.4693,0.3061,0.2449,0.2385,0.2738,0.4198,0.8567,0.8259,0.7118,0.7058,0.7351,0.8187,0.8771,0.8229,0.7146,0.6106,0.0383,0.0347,0.0291,0.021,0.0096,-0.0054,-0.0242,-0.0457,-0.0684,-0.0894,-0.1052,-0.1114,-0.1036,-0.0787,-0.0355,0.0313,0.1319,0.2617,0.3794,0.4063,0.3324,0.2563,0.2405,0.29,0.4453,0.8255,1.3433,1.1407,0.9824,0.9291,0.8308,0.7799,0.7649,0.7266,0.6591,0.5843,0.0325,0.0282,0.0224,0.0145,0.0043,-0.0082,-0.0229,-0.0387,-0.0543,-0.0675,-0.0757,-0.0761,-0.0657,-0.0424,-0.0045,0.0498,0.1205,0.1989,0.2623,0.2846,0.2633,0.2246,0.2151,0.2912,0.4684,0.748,0.9987,1.0942,1.2923,1.1963,0.9555,0.8008,0.7219,0.6674,0.6119,0.554,0.0283,0.0239,0.0183,0.0112,0.0025,-0.0076,-0.0187,-0.0301,-0.0404,-0.0481,-0.0514,-0.0481,-0.0365,-0.0152,0.0168,0.0595,0.1106,0.1636,0.2078,0.234,0.2411,0.2367,0.245,0.312,0.4524,0.6445,0.8449,1.0816,1.3298,1.2342,0.9863,0.8073,0.7011,0.6322,0.5769,0.5263]}]