docs/data/wind_grid.json
[{"header":{"la1":42.22,"la2":41.45,"lo1":11.9,"lo2":12.97,"nx":16,"ny":12,"dx":0.07133,"dy":0.07,"parameterCategory":2,"parameterNumber":2,"parameterNumberName":"eastward_wind","parameterUnit":"m.s-1"},"data":[-0.4349,-0.4361,-0.424,-0.403,-0.379,-0.3372,-0.2771,-0.2186,-0.1718,-0.136,-0.1061,-0.0807,-0.0622,-0.0522,-0.0498,-0.0528,-0.4776,-0.4879,-0.469,-0.4236,-0.4018,-0.3604,-0.279,-0.2042,-0.1507,-0.1148,-0.0823,-0.0518,-0.0314,-0.0235,-0.0251,-0.0326,-0.5311,-0.5721,-0.5696,-0.4636,-0.4075,-0.3682,-0.2717,-0.1835,-0.1223,-0.0942,-0.0551,-0.0154,0.0026,0.004,-0.0015,-0.0131,-0.5836,-0.6867,-0.8055,-0.7155,-0.4886,-0.3661,-0.2728,-0.1823,-0.0995,-0.0803,-0.0153,0.037,0.0231,0.0124,0.0157,0.0032,-0.6033,-0.7398,-0.9459,-0.8991,-0.5483,-0.3678,-0.3138,-0.2888,-0.0161,-0.0169,0.074,0.1596,0.0512,0.0162,0.0331,0.016,-0.5736,-0.6664,-0.7589,-0.6939,-0.4968,-0.3784,-0.318,-0.2313,0.1059,0.0219,0.2704,0.5729,0.3187,0.1239,0.0632,0.0214,-0.5183,-0.5581,-0.5719,-0.5253,-0.463,-0.4511,-0.3838,-0.2594,-0.1088,-0.0161,0.4405,0.9883,0.5292,0.1914,0.0617,0.0045,-0.4661,-0.4796,-0.4769,-0.4599,-0.4677,-0.5691,-0.4606,-0.3656,-0.2698,-0.1069,0.205,0.4626,0.2869,0.0648,-0.0223,-0.047,-0.4257,-0.4303,-0.4281,-0.4257,-0.4405,-0.4724,-0.4314,-0.4184,-0.4609,-0.2357,-0.0256,0.0693,-0.0478,-0.184,-0.1616,-0.1172,-0.3955,-0.3971,-0.3959,-0.3953,-0.3988,-0.3992,-0.3838,-0.3855,-0.3774,-0.2583,-0.134,-0.0989,-0.2087,-0.3086,-0.2413,-0.1657,-0.372,-0.372,-0.3703,-0.368,-0.365,-0.3585,-0.3466,-0.3329,-0.3038,-0.2412,-0.1755,-0.1563,-0.206,-0.2526,-0.2243,-0.176,-0.3528,-0.3517,-0.349,-0.3449,-0.3389,-0.33,-0.3168,-0.2983,-0.2699,-0.23,-0.1914,-0.1743,-0.1851,-0.1991,-0.1908,-0.169]},{"header":{"la1":42.22,"la2":41.45,"lo1":11.9,"lo2":12.97,"nx":16,"ny":12,"dx":0.07133,"dy":0.07,"parameterCategory":2,"parameterNumber":3,"parameterNumberName":"northward_wind","parameterUnit":"m.s-1"},"data":[0.604,0.6089,0.616,0.6237,0.6156,0.5719,0.5115,0.4621,0.4373,0.4441,0.4785,0.527,0.574,0.608,0.6264,0.6338,0.6124,0.6205,0.6333,0.6591,0.6708,0.5952,0.4925,0.4134,0.3706,0.3852,0.4494,0.5322,0.6062,0.6496,0.6622,0.66,0.6208,0.6325,0.6447,0.666,0.6851,0.5834,0.4535,0.3448,0.2562,0.2911,0.417,0.5556,0.6755,0.7247,0.7132,0.6906,0.6281,0.6473,0.6696,0.6597,0.6151,0.5223,0.4053,0.2972,0.121,0.2063,0.4061,0.5982,0.7893,0.8312,0.7653,0.7169,0.6304,0.6538,0.6907,0.6805,0.5907,0.4909,0.3678,0.2982,0.179,0.2665,0.443,0.6215,0.8177,0.8582,0.7765,0.727,0.6254,0.6399,0.6545,0.637,0.5815,0.522,0.4239,0.3276,0.1106,0.3258,0.5231,0.6528,0.712,0.7585,0.7456,0.7255,0.618,0.6228,0.6227,0.6106,0.5954,0.5967,0.6281,0.5473,0.4167,0.4616,0.6042,0.6998,0.6915,0.722,0.7372,0.7337,0.6134,0.6148,0.6137,0.6113,0.6137,0.6153,0.6957,0.7314,0.6979,0.6264,0.6367,0.6792,0.7199,0.7709,0.7828,0.7661,0.6124,0.6139,0.6156,0.6193,0.6278,0.642,0.6985,0.901,1.0462,0.7777,0.6958,0.7242,0.8233,0.911,0.877,0.815,0.6137,0.6164,0.6205,0.6277,0.6407,0.6657,0.7237,0.8466,0.9005,0.7916,0.7355,0.7755,0.9106,1.0094,0.9385,0.8473,0.6161,0.6197,0.6253,0.6341,0.6485,0.6723,0.7116,0.7608,0.7799,0.7559,0.7441,0.7849,0.8783,0.941,0.9055,0.8399,0.6186,0.6229,0.6291,0.638,0.6511,0.6696,0.6937,0.7174,0.7295,0.7299,0.7368,0.7672,0.8166,0.85,0.8415,0.8087]}]