docs/data/wind_grid.json
[{"header":{"la1":42.85,"la2":41.18,"lo1":11.55,"lo2":14.05,"nx":36,"ny":24,"dx":0.07143,"dy":0.07261,"parameterCategory":2,"parameterNumber":2,"parameterNumberName":"eastward_wind","parameterUnit":"m.s-1"},"data":[-0.2947,-0.3086,-0.3239,-0.3402,-0.3569,-0.3729,-0.3865,-0.3962,-0.4012,-0.4025,-0.4023,-0.4039,-0.4101,-0.4223,-0.441,-0.4647,-0.4907,-0.5149,-0.5327,-0.5407,-0.5378,-0.5255,-0.5067,-0.4844,-0.461,-0.4383,-0.4171,-0.3979,-0.3806,-0.3654,-0.3519,-0.34,-0.3296,-0.3203,-0.3121,-0.3048,-0.2973,-0.3134,-0.3317,-0.3522,-0.3742,-0.396,-0.415,-0.4277,-0.4319,-0.4284,-0.4217,-0.4177,-0.4211,-0.4346,-0.4588,-0.492,-0.5302,-0.5667,-0.5935,-0.6041,-0.5972,-0.5763,-0.5473,-0.5153,-0.4839,-0.4549,-0.429,-0.4062,-0.3865,-0.3694,-0.3547,-0.342,-0.3309,-0.3213,-0.3128,-0.3053,-0.2988,-0.3173,-0.3392,-0.365,-0.3945,-0.4261,-0.4553,-0.4749,-0.4784,-0.4661,-0.4468,-0.4319,-0.4298,-0.4442,-0.4757,-0.5229,-0.5805,-0.6379,-0.6799,-0.6937,-0.6775,-0.6407,-0.595,-0.5491,-0.5072,-0.4706,-0.4394,-0.413,-0.3909,-0.3722,-0.3564,-0.343,-0.3315,-0.3216,-0.313,-0.3054,-0.2987,-0.3193,-0.3448,-0.3768,-0.4166,-0.4639,-0.5129,-0.549,-0.5538,-0.524,-0.4797,-0.4452,-0.4335,-0.448,-0.4889,-0.5556,-0.6437,-0.738,-0.808,-0.8246,-0.7872,-0.7204,-0.6483,-0.5832,-0.5285,-0.4836,-0.4471,-0.4175,-0.3932,-0.3732,-0.3567,-0.3429,-0.3312,-0.3212,-0.3126,-0.3051,-0.2963,-0.3184,-0.3468,-0.3846,-0.4362,-0.5058,-0.5913,-0.6673,-0.6816,-0.6146,-0.5205,-0.4533,-0.4279,-0.4421,-0.4936,-0.5847,-0.7175,-0.8761,-1.0004,-1.0165,-0.9309,-0.8106,-0.7006,-0.6125,-0.5444,-0.4919,-0.4509,-0.4186,-0.3929,-0.3722,-0.3554,-0.3416,-0.33,-0.3203,-0.3118,-0.3045,-0.2912,-0.3136,-0.343,-0.3839,-0.4443,-0.5375,-0.6775,-0.8395,-0.8886,-0.7404,-0.5554,-0.4449,-0.407,-0.4223,-0.4837,-0.5978,-0.7822,-1.0376,-1.261,-1.2664,-1.0872,-0.8898,-0.7379,-0.6291,-0.5508,-0.493,-0.4494,-0.4158,-0.3897,-0.3691,-0.3526,-0.3392,-0.3281,-0.3187,-0.3107,-0.3037,-0.2835,-0.3047,-0.3324,-0.3711,-0.4303,-0.5301,-0.7076,-0.9737,-1.0875,-0.8162,-0.5357,-0.4019,-0.3652,-0.3862,-0.4542,-0.579,-0.7909,-1.1203,-1.4468,-1.4357,-1.1648,-0.9144,-0.742,-0.6257,-0.5444,-0.4855,-0.4418,-0.4088,-0.3835,-0.3638,-0.3483,-0.3358,-0.3255,-0.3168,-0.3094,-0.3028,-0.2736,-0.2927,-0.3164,-0.3476,-0.3923,-0.4649,-0.5957,-0.8013,-0.8796,-0.6305,-0.4047,-0.3149,-0.3037,-0.3368,-0.4078,-0.5264,-0.7151,-0.9934,-1.2675,-1.2743,-1.0634,-0.8564,-0.7062,-0.6006,-0.5248,-0.4694,-0.4284,-0.3977,-0.3745,-0.3567,-0.3428,-0.3317,-0.3226,-0.3149,-0.3081,-0.3021,-0.2626,-0.2794,-0.299,-0.3214,-0.3466,-0.3745,-0.4039,-0.4197,-0.3637,-0.2481,-0.1955,-0.2037,-0.235,-0.2825,-0.3548,-0.4641,-0.6153,-0.7936,-0.9405,-0.9662,-0.8772,-0.7558,-0.6471,-0.5607,-0.4951,-0.4461,-0.4099,-0.3832,-0.3634,-0.3484,-0.3369,-0.3276,-0.3199,-0.3133,-0.3073,-0.3017,-0.2512,-0.2669,-0.2844,-0.3027,-0.3178,-0.3197,-0.2838,-0.1611,0.0701,0.1705,0.0237,-0.1057,-0.1778,-0.2332,-0.3048,-0.4185,-0.5736,-0.7271,-0.8192,-0.8246,-0.764,-0.6755,-0.5883,-0.5153,-0.4591,-0.4177,-0.3879,-0.3666,-0.3512,-0.3399,-0.3312,-0.3241,-0.318,-0.3125,-0.3072,-0.3022,-0.2398,-0.2555,-0.2743,-0.296,-0.3186,-0.3344,-0.3131,-0.1448,0.4108,0.6688,0.1748,-0.0588,-0.1471,-0.1957,-0.2554,-0.3935,-0.6255,-0.8683,-0.9613,-0.8847,-0.7531,-0.6323,-0.5373,-0.4677,-0.419,-0.3859,-0.3639,-0.3494,-0.3395,-0.3324,-0.3269,-0.3221,-0.3176,-0.3131,-0.3085,-0.3037,-0.2276,-0.2441,-0.2659,-0.2957,-0.3382,-0.4008,-0.4861,-0.509,-0.0423,0.3335,0.0763,-0.0694,-0.1405,-0.1943,-0.1948,-0.3763,-0.7875,-1.3484,-1.4499,-1.0994,-0.7899,-0.5968,-0.4817,-0.4137,-0.3741,-0.3519,-0.3399,-0.3337,-0.3302,-0.3278,-0.3254,-0.3227,-0.3195,-0.3158,-0.3115,-0.3067,-0.2135,-0.2301,-0.2537,-0.2895,-0.3473,-0.447,-0.6182,-0.8024,-0.6265,-0.1732,-0.0508,-0.088,-0.1222,-0.1552,-0.1258,-0.3791,-0.9602,-2.1472,-2.163,-1.2633,-0.7595,-0.5162,-0.3998,-0.3461,-0.324,-0.3178,-0.319,-0.3227,-0.3261,-0.328,-0.3283,-0.3271,-0.3247,-0.3211,-0.3167,-0.3114,-0.1967,-0.2115,-0.2333,-0.2672,-0.322,-0.4132,-0.5558,-0.7174,-0.5734,-0.1754,-0.0066,-0.0948,-0.1348,-0.0174,-0.1445,-0.4461,-0.8898,-1.5643,-1.6352,-0.9828,-0.5474,-0.3481,-0.2781,-0.2637,-0.2718,-0.2885,-0.3064,-0.3209,-0.3306,-0.3356,-0.3372,-0.3364,-0.3337,-0.3297,-0.3244,-0.3181,-0.1771,-0.188,-0.2041,-0.2281,-0.2639,-0.3143,-0.3704,-0.3772,-0.2161,0.0742,0.2541,0.1841,0.0518,-0.0006,-0.133,-0.6714,-1.1662,-0.8949,-0.7591,-0.4589,-0.1807,-0.0964,-0.1269,-0.1772,-0.2275,-0.2736,-0.3105,-0.335,-0.3481,-0.353,-0.3533,-0.3509,-0.347,-0.3417,-0.3348,-0.3269,-0.1554,-0.1612,-0.1693,-0.18,-0.1924,-0.2012,-0.1895,-0.1189,0.0614,0.3833,0.8397,0.5121,0.3222,0.106,-0.0593,-0.5152,-0.9032,-0.5511,-0.2856,-0.0553,0.192,0.1572,0.0067,-0.1106,-0.2078,-0.2884,-0.3444,-0.3736,-0.383,-0.3816,-0.3762,-0.3702,-0.364,-0.3567,-0.3477,-0.3372,-0.133,-0.1334,-0.1334,-0.1319,-0.1257,-0.1078,-0.0644,0.026,0.189,0.4533,0.7824,0.5695,0.4085,0.3756,0.1662,-0.0342,-0.16,-0.0368,0.1133,0.155,0.2536,0.2113,0.0618,-0.0866,-0.2319,-0.3548,-0.4262,-0.4463,-0.4382,-0.4204,-0.4032,-0.391,-0.3825,-0.3735,-0.3619,-0.3485,-0.1113,-0.1069,-0.1004,-0.0901,-0.0725,-0.0423,0.0088,0.0901,0.2072,0.3487,0.4486,0.4262,0.4202,0.4313,0.453,0.4566,0.2933,0.3391,0.4646,0.3407,0.256,0.1874,0.0716,-0.0996,-0.3107,-0.4965,-0.5719,-0.5556,-0.5116,-0.4653,-0.4283,-0.4076,-0.3985,-0.3895,-0.3757,-0.359,-0.0914,-0.0833,-0.0723,-0.0566,-0.0338,-0.0004,0.0475,0.1123,0.1913,0.2715,0.3287,0.3562,0.3934,0.51,0.9471,1.1282,0.5947,0.4547,0.5079,0.5483,0.4126,0.2661,0.1134,-0.1094,-0.4127,-0.6853,-0.7431,-0.6744,-0.5943,-0.5121,-0.4461,-0.4136,-0.407,-0.4007,-0.3858,-0.3664,-0.0739,-0.0634,-0.0497,-0.0315,-0.0071,0.0251,0.0667,0.1174,0.1739,0.2295,0.2773,0.3222,0.3911,0.5525,0.8963,0.9975,0.6479,0.5392,0.7454,0.8556,0.5713,0.3936,0.228,-0.0487,-0.4332,-0.7399,-0.7932,-0.782,-0.6877,-0.5625,-0.4624,-0.4148,-0.4081,-0.404,-0.3891,-0.3686,-0.0592,-0.0472,-0.0321,-0.0132,0.0106,0.0401,0.0756,0.1163,0.1602,0.2045,0.2481,0.2965,0.3646,0.4734,0.6059,0.6368,0.5515,0.5376,0.6535,0.7025,0.6174,0.6026,0.5116,0.1627,-0.3446,-0.7937,-1.112,-1.0393,-0.8057,-0.6147,-0.4871,-0.4256,-0.4089,-0.4004,-0.3847,-0.3646,-0.0471,-0.0343,-0.0189,-0.0003,0.0221,0.0486,0.079,0.1129,0.149,0.1864,0.2254,0.2691,0.3227,0.3874,0.4468,0.4707,0.4666,0.4853,0.543,0.609,0.7469,1.0559,1.1146,0.5701,-0.1697,-0.8655,-1.3476,-1.1835,-0.8569,-0.6364,-0.5045,-0.437,-0.4081,-0.3914,-0.3741,-0.355,-0.0374,-0.0245,-0.0093,0.0085,0.0292,0.0528,0.0793,0.1081,0.1388,0.1709,0.2048,0.2415,0.2819,0.3241,0.361,0.386,0.4054,0.4373,0.4972,0.6135,0.8896,1.3985,1.5422,0.8805,0.0676,-0.5882,-0.9553,-0.9363,-0.7548,-0.5963,-0.4916,-0.431,-0.3979,-0.3768,-0.3587,-0.3411,-0.0298,-0.0171,-0.0025,0.0142,0.0331,0.0543,0.0775,0.1025,0.1289,0.1566,0.1855,0.2158,0.2474,0.2786,0.3072,0.3325,0.3591,0.3974,0.4626,0.5853,0.8177,1.1297,1.1801,0.761,0.1911,-0.2807,-0.5597,-0.6331,-0.5863,-0.5112,-0.4481,-0.4046,-0.3762,-0.3561,-0.3394,-0.3241]},{"header":{"la1":42.85,"la2":41.18,"lo1":11.55,"lo2":14.05,"nx":36,"ny":24,"dx":0.07143,"dy":0.07261,"parameterCategory":2,"parameterNumber":3,"parameterNumberName":"northward_wind","parameterUnit":"m.s-1"},"data":[-0.0901,-0.0664,-0.0389,-0.0083,0.0238,0.0544,0.0793,0.0941,0.0958,0.0847,0.0646,0.0407,0.0178,-0.0014,-0.0156,-0.0251,-0.0311,-0.0348,-0.0379,-0.0413,-0.0459,-0.0519,-0.059,-0.067,-0.0757,-0.0849,-0.0945,-0.1043,-0.1143,-0.1245,-0.1346,-0.1447,-0.1546,-0.1642,-0.1733,-0.1819,-0.0917,-0.0635,-0.0292,0.0111,0.056,0.1013,0.1402,0.1639,0.1658,0.1457,0.111,0.0721,0.0373,0.0105,-0.0076,-0.0182,-0.0235,-0.0257,-0.0272,-0.03,-0.0348,-0.0418,-0.0503,-0.0598,-0.0699,-0.0803,-0.0911,-0.1021,-0.1133,-0.1245,-0.1358,-0.147,-0.1579,-0.1684,-0.1783,-0.1877,-0.0972,-0.0646,-0.0225,0.0302,0.0933,0.1627,0.2274,0.2697,0.2731,0.2358,0.1741,0.1098,0.057,0.0202,-0.002,-0.0127,-0.0157,-0.0147,-0.0135,-0.0151,-0.0208,-0.0297,-0.0405,-0.052,-0.0638,-0.0758,-0.0879,-0.1002,-0.1126,-0.1252,-0.1377,-0.1501,-0.1622,-0.1737,-0.1846,-0.1947,-0.1084,-0.0722,-0.0227,0.0443,0.1321,0.2395,0.3525,0.4362,0.4468,0.3742,0.2595,0.1517,0.0733,0.0249,-0.0003,-0.0093,-0.0077,-0.0006,0.0056,0.0053,-0.0028,-0.0155,-0.0299,-0.0441,-0.0579,-0.0715,-0.085,-0.0987,-0.1126,-0.1266,-0.1405,-0.1543,-0.1677,-0.1805,-0.1924,-0.2034,-0.127,-0.0897,-0.0351,0.045,0.1612,0.3232,0.524,0.7031,0.7395,0.588,0.3666,0.1887,0.0789,0.0209,-0.0042,-0.0087,0.0006,0.0181,0.0334,0.0341,0.0199,-0.0,-0.0194,-0.0368,-0.0526,-0.0676,-0.0826,-0.0977,-0.1132,-0.1288,-0.1445,-0.16,-0.1749,-0.189,-0.2021,-0.214,-0.1545,-0.12,-0.066,0.0199,0.1579,0.3792,0.7122,1.0934,1.2109,0.8802,0.4628,0.1961,0.0623,0.0041,-0.0149,-0.012,0.0073,0.0401,0.0707,0.071,0.0439,0.0135,-0.0113,-0.0311,-0.0483,-0.0645,-0.0807,-0.0974,-0.1146,-0.1322,-0.1499,-0.1673,-0.1841,-0.1999,-0.2143,-0.2271,-0.1909,-0.1645,-0.1197,-0.0426,0.0926,0.3355,0.7678,1.3986,1.6624,1.0574,0.4399,0.1347,0.0134,-0.0263,-0.0316,-0.0199,0.0064,0.051,0.0974,0.0957,0.0557,0.0186,-0.0078,-0.0278,-0.0451,-0.0619,-0.0793,-0.0977,-0.117,-0.1369,-0.1571,-0.1769,-0.1959,-0.2136,-0.2295,-0.2433,-0.2345,-0.2214,-0.1951,-0.1446,-0.0487,0.1342,0.4754,0.9921,1.1925,0.6576,0.1818,-0.0112,-0.0628,-0.0636,-0.0494,-0.0305,-0.0056,0.0314,0.0705,0.0713,0.0405,0.0115,-0.0094,-0.0263,-0.0424,-0.0594,-0.0781,-0.0985,-0.1204,-0.1433,-0.1666,-0.1894,-0.2112,-0.231,-0.2486,-0.2634,-0.2819,-0.2854,-0.284,-0.2725,-0.2411,-0.1739,-0.057,0.0702,0.0438,-0.1378,-0.2202,-0.1932,-0.139,-0.0924,-0.0591,-0.0366,-0.0202,-0.0028,0.015,0.0198,0.0106,-0.0012,-0.0124,-0.0244,-0.0388,-0.0561,-0.0765,-0.0996,-0.1249,-0.1516,-0.179,-0.2057,-0.2309,-0.2535,-0.2728,-0.2886,-0.3283,-0.3489,-0.3735,-0.4028,-0.4369,-0.4761,-0.5274,-0.629,-0.8323,-0.8867,-0.6048,-0.3352,-0.1785,-0.096,-0.0515,-0.0303,-0.0272,-0.0317,-0.0304,-0.022,-0.0138,-0.0097,-0.0111,-0.0186,-0.032,-0.0506,-0.0737,-0.1006,-0.1306,-0.1626,-0.1953,-0.2272,-0.2567,-0.2826,-0.3039,-0.3202,-0.3686,-0.4039,-0.4508,-0.5141,-0.6,-0.7133,-0.8489,-1.0078,-1.375,-1.5669,-0.8499,-0.3719,-0.161,-0.075,-0.0256,-0.0069,-0.0284,-0.0729,-0.0887,-0.0627,-0.0291,-0.0074,-0.0001,-0.0052,-0.0198,-0.0416,-0.0692,-0.1015,-0.1378,-0.1768,-0.2169,-0.2557,-0.291,-0.3208,-0.344,-0.3604,-0.399,-0.4443,-0.5059,-0.5915,-0.7116,-0.8765,-1.0774,-1.2229,-1.2725,-1.276,-0.713,-0.2866,-0.1115,-0.11,0.0186,0.0401,-0.0307,-0.1922,-0.2263,-0.119,-0.0313,0.0133,0.0266,0.0195,-0.0003,-0.0281,-0.0621,-0.1017,-0.1466,-0.1955,-0.2459,-0.2944,-0.3373,-0.3718,-0.3966,-0.4118,-0.4169,-0.4664,-0.5335,-0.6265,-0.7582,-0.9452,-1.1945,-1.3936,-1.2796,-0.8742,-0.4533,-0.1731,-0.0473,-0.0166,0.1544,0.129,0.0147,-0.4368,-0.4512,-0.1472,0.007,0.0688,0.0782,0.0593,0.0278,-0.0095,-0.0518,-0.1008,-0.1572,-0.22,-0.2854,-0.3478,-0.4012,-0.4412,-0.4663,-0.4778,-0.4222,-0.47,-0.5334,-0.6188,-0.7356,-0.8956,-1.1011,-1.2994,-1.147,-0.6593,-0.2854,-0.1303,-0.0682,0.343,0.2364,0.3412,0.3795,-0.09,-0.2172,-0.0128,0.1338,0.188,0.1666,0.1158,0.0635,0.0143,-0.0368,-0.0966,-0.1687,-0.2518,-0.3399,-0.4233,-0.4915,-0.5373,-0.5598,-0.5627,-0.4164,-0.4581,-0.5109,-0.578,-0.6621,-0.7624,-0.8618,-0.8922,-0.7229,-0.4077,-0.1651,-0.0067,0.2077,0.5789,0.3451,0.7764,1.3731,0.5521,0.1783,0.2225,0.3984,0.4189,0.2981,0.1814,0.1016,0.0439,-0.0126,-0.0842,-0.1782,-0.2925,-0.4168,-0.5333,-0.6225,-0.6728,-0.6856,-0.6712,-0.4024,-0.4356,-0.475,-0.5204,-0.5695,-0.6141,-0.633,-0.5861,-0.4409,-0.2483,-0.1542,0.1166,0.1451,0.2374,0.2743,0.6578,1.0678,0.5164,0.2271,0.3979,0.866,0.7716,0.4272,0.2274,0.1338,0.0853,0.0336,-0.0516,-0.179,-0.3431,-0.5269,-0.6978,-0.8171,-0.8652,-0.8531,-0.8058,-0.3836,-0.4079,-0.4342,-0.4608,-0.4832,-0.4931,-0.4763,-0.4167,-0.3121,-0.1979,-0.1442,-0.0229,-0.0079,-0.03,0.0582,0.1736,0.239,0.0604,-0.0497,0.2655,0.9091,0.788,0.4033,0.2151,0.162,0.1631,0.133,0.0233,-0.1607,-0.4037,-0.685,-0.9466,-1.1065,-1.133,-1.0662,-0.9628,-0.3628,-0.3792,-0.395,-0.4079,-0.4138,-0.407,-0.3804,-0.3291,-0.2578,-0.184,-0.1248,-0.0779,-0.0769,-0.0992,-0.2043,-0.2564,-0.1814,-0.3285,-0.5267,-0.1669,0.2247,0.3132,0.2073,0.1521,0.2112,0.3334,0.3435,0.163,-0.1185,-0.4712,-0.8975,-1.303,-1.5093,-1.4713,-1.3063,-1.1227,-0.3423,-0.3525,-0.3606,-0.3648,-0.362,-0.349,-0.3229,-0.2832,-0.2342,-0.1852,-0.1459,-0.1258,-0.1427,-0.2529,-0.6321,-0.7823,-0.4173,-0.3929,-0.4755,-0.3526,-0.1669,-0.0392,0.0013,0.0705,0.277,0.6211,0.6875,0.3198,-0.0831,-0.5321,-1.1151,-1.6972,-1.9372,-1.7912,-1.5077,-1.2454,-0.3235,-0.3291,-0.3322,-0.3313,-0.3247,-0.3107,-0.2884,-0.2587,-0.2251,-0.1937,-0.1719,-0.1703,-0.2092,-0.3375,-0.6089,-0.6918,-0.4536,-0.38,-0.4467,-0.4802,-0.3375,-0.2494,-0.1902,-0.0617,0.2081,0.6402,0.7282,0.2381,-0.1277,-0.5586,-1.1872,-1.8437,-2.0927,-1.8984,-1.5717,-1.2844,-0.3069,-0.3094,-0.3095,-0.3061,-0.2983,-0.2854,-0.2674,-0.2457,-0.223,-0.2036,-0.1934,-0.2003,-0.2362,-0.3139,-0.415,-0.4444,-0.3893,-0.3689,-0.4091,-0.429,-0.4184,-0.4647,-0.4569,-0.2938,-0.0598,0.0571,-0.1337,-0.1638,-0.2421,-0.5394,-1.0415,-1.5731,-1.8108,-1.704,-1.4609,-1.2246,-0.2928,-0.2933,-0.2917,-0.2873,-0.2797,-0.2687,-0.2547,-0.239,-0.2238,-0.2122,-0.2081,-0.2163,-0.241,-0.282,-0.3247,-0.3448,-0.344,-0.3527,-0.3842,-0.4374,-0.5701,-0.8247,-0.8917,-0.6038,-0.3114,-0.25,-0.3817,-0.3281,-0.321,-0.5043,-0.8317,-1.1791,-1.3763,-1.3715,-1.2492,-1.0978,-0.281,-0.2804,-0.2779,-0.2734,-0.2666,-0.2576,-0.2469,-0.2357,-0.2256,-0.2187,-0.2175,-0.2244,-0.2405,-0.2638,-0.288,-0.3066,-0.3221,-0.3462,-0.3924,-0.4884,-0.7062,-1.0713,-1.1697,-0.804,-0.4629,-0.3264,-0.3238,-0.3237,-0.3551,-0.4772,-0.6767,-0.889,-1.0335,-1.0734,-1.032,-0.9519,-0.2714,-0.2701,-0.2674,-0.2632,-0.2573,-0.2502,-0.2422,-0.2342,-0.2275,-0.2235,-0.2237,-0.2292,-0.2402,-0.2557,-0.2732,-0.2914,-0.3128,-0.3445,-0.3991,-0.4995,-0.6786,-0.9037,-0.9534,-0.7437,-0.5095,-0.3791,-0.3376,-0.339,-0.3754,-0.4583,-0.5805,-0.7108,-0.8108,-0.8578,-0.8548,-0.8191]}]