docs/data/wind_grid.json
[{"header":{"la1":42.85,"la2":41.18,"lo1":11.55,"lo2":14.05,"nx":36,"ny":24,"dx":0.07143,"dy":0.07261,"parameterCategory":2,"parameterNumber":2,"parameterNumberName":"eastward_wind","parameterUnit":"m.s-1"},"data":[0.6858,0.6837,0.6803,0.6759,0.6705,0.6643,0.6577,0.6508,0.6439,0.637,0.6302,0.6236,0.6173,0.6108,0.6037,0.5952,0.5842,0.5696,0.5506,0.5277,0.5036,0.4829,0.4698,0.4655,0.4683,0.4748,0.4824,0.4898,0.4963,0.5019,0.5068,0.5111,0.5149,0.5185,0.5218,0.525,0.6947,0.6928,0.6894,0.6844,0.678,0.6708,0.6631,0.6553,0.6475,0.6398,0.6324,0.6255,0.6192,0.6133,0.6071,0.5993,0.5885,0.5721,0.5478,0.515,0.4777,0.4455,0.4284,0.428,0.4385,0.4526,0.466,0.4773,0.4863,0.4936,0.4995,0.5046,0.5091,0.5132,0.517,0.5207,0.7054,0.7041,0.7007,0.6949,0.6873,0.6784,0.6692,0.6603,0.6515,0.6429,0.6345,0.6271,0.6211,0.6162,0.6117,0.6062,0.5974,0.5811,0.5514,0.5027,0.4395,0.3836,0.361,0.3731,0.4004,0.4276,0.4491,0.4649,0.4765,0.4853,0.4922,0.498,0.5031,0.5078,0.5121,0.5162,0.7184,0.7183,0.7152,0.7086,0.6988,0.6874,0.6761,0.666,0.6565,0.6464,0.6363,0.628,0.6223,0.6191,0.6176,0.6163,0.613,0.6023,0.5713,0.5004,0.3843,0.2727,0.2465,0.2956,0.3569,0.4033,0.434,0.454,0.4675,0.4772,0.4848,0.4912,0.4969,0.5021,0.507,0.5116,0.7342,0.7363,0.7345,0.7271,0.7141,0.6981,0.6834,0.6728,0.6636,0.6513,0.6376,0.6273,0.622,0.6215,0.6242,0.6292,0.6364,0.6431,0.6293,0.54,0.3254,0.0819,0.0714,0.2106,0.322,0.3872,0.4239,0.4455,0.4594,0.4693,0.4772,0.4841,0.4903,0.4962,0.5017,0.5068,0.753,0.7595,0.7611,0.7536,0.7356,0.7114,0.6903,0.6806,0.6758,0.6585,0.637,0.6234,0.6193,0.6228,0.6313,0.6433,0.6632,0.7028,0.7527,0.6824,0.3649,-0.0363,-0.0199,0.192,0.322,0.3872,0.4207,0.4395,0.4516,0.4609,0.4689,0.4762,0.4832,0.4898,0.496,0.5019,0.7741,0.7879,0.7974,0.7933,0.7681,0.7298,0.6964,0.6862,0.6904,0.6621,0.6297,0.6137,0.6127,0.6233,0.6401,0.658,0.6827,0.744,0.8748,0.8455,0.5387,0.2617,0.2052,0.2933,0.3638,0.4019,0.4217,0.4335,0.4424,0.4507,0.459,0.4673,0.4753,0.483,0.4902,0.4968,0.7951,0.8184,0.8415,0.8482,0.8145,0.7561,0.7042,0.6789,0.6714,0.6388,0.6073,0.5946,0.6002,0.6242,0.6585,0.6829,0.6949,0.7239,0.7822,0.7416,0.6039,0.5119,0.4351,0.4115,0.413,0.4162,0.4186,0.4223,0.4285,0.437,0.4467,0.4568,0.4665,0.4757,0.484,0.4917,0.812,0.8423,0.8744,0.8915,0.857,0.7851,0.7138,0.6596,0.6181,0.5844,0.5675,0.5635,0.5767,0.6252,0.7099,0.7548,0.7275,0.706,0.6946,0.6521,0.6089,0.5926,0.5266,0.4707,0.4348,0.412,0.4003,0.3992,0.4062,0.4178,0.4312,0.4445,0.4569,0.468,0.4778,0.4865,0.8228,0.8576,0.8902,0.9045,0.8947,0.816,0.7243,0.6374,0.5403,0.4932,0.5135,0.5205,0.5288,0.6017,0.8314,0.9597,0.7876,0.7224,0.696,0.6534,0.6136,0.5922,0.5392,0.4736,0.4148,0.3727,0.3538,0.356,0.3714,0.3918,0.4124,0.4309,0.4468,0.4602,0.4716,0.4814,0.8266,0.8695,0.9355,1.045,1.0178,0.8538,0.7454,0.6473,0.4375,0.3372,0.467,0.4722,0.4379,0.4616,0.7361,0.9491,0.7732,0.7652,0.7633,0.7063,0.6397,0.5844,0.5165,0.4291,0.3388,0.2759,0.261,0.284,0.3219,0.3596,0.3916,0.4171,0.4371,0.4529,0.4658,0.4766,0.8204,0.8636,0.9341,1.032,1.0006,0.8502,0.7861,0.7694,0.5962,0.4514,0.4825,0.4309,0.3211,0.1726,0.3154,0.5691,0.7195,0.925,0.968,0.8111,0.6773,0.5776,0.4731,0.3353,0.1762,0.077,0.0955,0.1777,0.261,0.3257,0.3722,0.4052,0.4289,0.4466,0.4605,0.472,0.8038,0.8349,0.8737,0.9026,0.8753,0.8177,0.8192,0.8844,0.8,0.6225,0.512,0.4021,0.2938,0.0744,0.1863,0.4804,0.7162,1.3302,1.3572,0.9033,0.6904,0.5582,0.4184,0.2013,-0.1099,-0.2882,-0.1556,0.0534,0.2048,0.3,0.3596,0.3978,0.4233,0.4415,0.4556,0.4674,0.7826,0.8003,0.8161,0.8205,0.8062,0.79,0.8022,0.8382,0.7912,0.6602,0.5416,0.3809,0.3129,0.2194,0.371,0.5055,0.6112,0.982,1.0789,0.8164,0.6386,0.5176,0.3776,0.1071,-0.3837,-0.6728,-0.359,-0.0162,0.1844,0.2956,0.3591,0.3968,0.4205,0.437,0.4503,0.4622,0.7624,0.7715,0.7772,0.7765,0.7696,0.7634,0.7648,0.7638,0.7349,0.6947,0.6528,0.5345,0.3857,0.2141,0.442,0.5174,0.6016,0.6857,0.7395,0.6492,0.5178,0.4471,0.3699,0.1627,-0.222,-0.4555,-0.2284,0.0508,0.2226,0.3186,0.3717,0.4009,0.418,0.4307,0.4428,0.4552,0.7457,0.7502,0.7522,0.7507,0.7465,0.7422,0.7388,0.7345,0.7345,0.7799,0.9476,0.6494,0.5773,0.499,0.5466,0.5901,0.6197,0.6509,0.6441,0.5265,0.3099,0.3297,0.3773,0.2906,0.1241,0.0224,0.0843,0.2056,0.3016,0.3611,0.3919,0.4044,0.4102,0.4178,0.43,0.4449,0.7327,0.735,0.7356,0.7343,0.7317,0.7289,0.727,0.7286,0.744,0.8027,0.9252,0.7819,0.791,0.8415,0.7362,0.7263,0.7072,0.6866,0.6494,0.5254,0.2812,0.3198,0.4082,0.3895,0.3289,0.2899,0.3003,0.341,0.3829,0.4073,0.4093,0.3964,0.3858,0.3904,0.408,0.4302,0.7229,0.7242,0.7245,0.7238,0.7225,0.7215,0.7223,0.7273,0.7417,0.7695,0.7938,0.7936,0.8701,0.9225,1.0171,1.0715,0.8823,0.7327,0.696,0.6197,0.5036,0.4668,0.4752,0.4594,0.4206,0.3809,0.3776,0.416,0.4485,0.4491,0.4151,0.3616,0.3288,0.3404,0.3759,0.4126,0.7154,0.7165,0.7169,0.7169,0.7169,0.7177,0.7203,0.7265,0.738,0.7551,0.7753,0.8064,0.8759,1.0452,1.6115,1.8553,1.1217,0.7768,0.6912,0.6405,0.5967,0.5595,0.5385,0.513,0.454,0.3318,0.3055,0.4473,0.5138,0.494,0.4127,0.2971,0.2382,0.2767,0.3439,0.399,0.7098,0.7109,0.7116,0.7124,0.7134,0.7155,0.7194,0.7263,0.7373,0.7536,0.778,0.8202,0.9054,1.1049,1.5363,1.6616,1.1383,0.8048,0.6454,0.6086,0.621,0.6026,0.5855,0.5674,0.5172,0.3524,0.3122,0.5779,0.6228,0.5597,0.4355,0.2713,0.1952,0.2537,0.3378,0.4002,0.7054,0.7066,0.7078,0.7092,0.7111,0.7141,0.7189,0.7263,0.7375,0.7542,0.7797,0.8213,0.8929,1.0134,1.159,1.1671,0.9844,0.7965,0.6782,0.6398,0.6352,0.624,0.6182,0.625,0.6561,0.7616,1.0382,0.9683,0.7739,0.6438,0.5128,0.3661,0.2893,0.3156,0.3734,0.422,0.702,0.7033,0.7048,0.7067,0.7092,0.7128,0.718,0.7256,0.7366,0.7524,0.7752,0.8086,0.8562,0.9155,0.9622,0.9512,0.8744,0.7799,0.7078,0.6677,0.6444,0.6264,0.6241,0.6536,0.7465,0.9913,1.3559,1.1412,0.822,0.7009,0.6024,0.496,0.4263,0.4136,0.4324,0.4574,0.6991,0.7006,0.7023,0.7045,0.7073,0.7112,0.7165,0.7239,0.7339,0.7476,0.7659,0.7897,0.8184,0.8465,0.8616,0.8497,0.8099,0.758,0.711,0.6751,0.6457,0.6181,0.6116,0.6529,0.7455,0.8992,1.0206,0.8917,0.7274,0.7082,0.6561,0.5811,0.5222,0.4936,0.4886,0.4948,0.6966,0.6982,0.7001,0.7024,0.7053,0.7092,0.7143,0.7209,0.7296,0.7406,0.7543,0.7703,0.7869,0.8002,0.8042,0.794,0.7699,0.7381,0.706,0.6775,0.6528,0.6332,0.6316,0.6622,0.7218,0.7936,0.8259,0.7703,0.7113,0.7052,0.6727,0.621,0.5752,0.5455,0.5311,0.5269]},{"header":{"la1":42.85,"la2":41.18,"lo1":11.55,"lo2":14.05,"nx":36,"ny":24,"dx":0.07143,"dy":0.07261,"parameterCategory":2,"parameterNumber":3,"parameterNumberName":"northward_wind","parameterUnit":"m.s-1"},"data":[-0.4626,-0.4638,-0.4659,-0.4691,-0.4733,-0.4784,-0.484,-0.4896,-0.4948,-0.4994,-0.5031,-0.5055,-0.5065,-0.5055,-0.5025,-0.4979,-0.4927,-0.4883,-0.4865,-0.488,-0.492,-0.4964,-0.4987,-0.4977,-0.4935,-0.4868,-0.4784,-0.4689,-0.4587,-0.448,-0.437,-0.4259,-0.4149,-0.404,-0.3936,-0.3836,-0.4576,-0.4583,-0.4603,-0.4639,-0.4691,-0.4756,-0.4828,-0.4899,-0.4964,-0.5019,-0.5063,-0.5094,-0.5106,-0.5092,-0.5047,-0.4973,-0.4885,-0.4811,-0.4787,-0.4832,-0.4932,-0.5036,-0.5095,-0.5088,-0.503,-0.4941,-0.4837,-0.4724,-0.4605,-0.4483,-0.4359,-0.4235,-0.4113,-0.3994,-0.3879,-0.3771,-0.4513,-0.4511,-0.4527,-0.4567,-0.4631,-0.4718,-0.4815,-0.491,-0.4989,-0.5052,-0.5102,-0.514,-0.5159,-0.5141,-0.5075,-0.4956,-0.4802,-0.4663,-0.4615,-0.4718,-0.4948,-0.5179,-0.5289,-0.526,-0.5157,-0.5028,-0.4894,-0.4758,-0.4621,-0.4482,-0.4342,-0.4203,-0.4067,-0.3936,-0.381,-0.3693,-0.4432,-0.4414,-0.4421,-0.4463,-0.4546,-0.4668,-0.4812,-0.4948,-0.5044,-0.5102,-0.5147,-0.5195,-0.5227,-0.5213,-0.5123,-0.4937,-0.4663,-0.4374,-0.4243,-0.4454,-0.4984,-0.5501,-0.5658,-0.552,-0.531,-0.5118,-0.4947,-0.4787,-0.463,-0.4473,-0.4316,-0.4161,-0.4009,-0.3864,-0.3726,-0.3599,-0.4334,-0.4287,-0.427,-0.431,-0.4419,-0.4598,-0.483,-0.5058,-0.5179,-0.5188,-0.5197,-0.5253,-0.5316,-0.5324,-0.5219,-0.4946,-0.447,-0.3847,-0.3418,-0.3785,-0.5005,-0.6174,-0.6273,-0.582,-0.5446,-0.5188,-0.4987,-0.4806,-0.4631,-0.4456,-0.428,-0.4106,-0.3936,-0.3775,-0.3624,-0.3486,-0.422,-0.4119,-0.4052,-0.4072,-0.4215,-0.4478,-0.4866,-0.5321,-0.5509,-0.5332,-0.523,-0.5304,-0.5432,-0.5496,-0.5405,-0.506,-0.4322,-0.3053,-0.1661,-0.2094,-0.4566,-0.6634,-0.6606,-0.5913,-0.5481,-0.5213,-0.5006,-0.4815,-0.4624,-0.4429,-0.4231,-0.4034,-0.3844,-0.3664,-0.3499,-0.335,-0.4105,-0.3911,-0.3724,-0.3686,-0.3886,-0.4246,-0.4786,-0.5604,-0.5966,-0.5407,-0.5174,-0.533,-0.5582,-0.5756,-0.5737,-0.5394,-0.4504,-0.2637,0.0277,-0.0065,-0.3679,-0.556,-0.5906,-0.5657,-0.5404,-0.52,-0.5013,-0.482,-0.4613,-0.4394,-0.4168,-0.3943,-0.3728,-0.3527,-0.3345,-0.3184,-0.4031,-0.3704,-0.3249,-0.3024,-0.3417,-0.3888,-0.4326,-0.5004,-0.5342,-0.4932,-0.492,-0.5316,-0.5778,-0.6126,-0.6261,-0.6031,-0.5245,-0.3721,-0.1816,-0.2266,-0.4506,-0.5294,-0.5456,-0.5434,-0.5332,-0.5198,-0.5036,-0.4838,-0.4608,-0.4354,-0.409,-0.3829,-0.3581,-0.3355,-0.3155,-0.2983,-0.4077,-0.3687,-0.2864,-0.2137,-0.3111,-0.362,-0.3578,-0.3622,-0.3682,-0.3812,-0.4411,-0.5268,-0.6029,-0.6605,-0.7015,-0.6993,-0.6284,-0.5246,-0.4451,-0.4759,-0.5898,-0.5829,-0.551,-0.5413,-0.5353,-0.5264,-0.5116,-0.4898,-0.4623,-0.4313,-0.3993,-0.3682,-0.3394,-0.3138,-0.2918,-0.2736,-0.4291,-0.4133,-0.3749,-0.3464,-0.4273,-0.3692,-0.2673,-0.2053,-0.1726,-0.2035,-0.362,-0.5245,-0.6339,-0.7082,-0.7943,-0.8318,-0.7173,-0.6143,-0.5509,-0.5416,-0.5757,-0.5743,-0.5544,-0.5488,-0.5498,-0.5467,-0.5319,-0.5043,-0.4677,-0.4273,-0.3869,-0.349,-0.3152,-0.2862,-0.2622,-0.2433,-0.4562,-0.4799,-0.5619,-0.7743,-0.721,-0.3779,-0.1216,-0.0079,0.0175,0.0391,-0.291,-0.5465,-0.6733,-0.7333,-0.8027,-0.8451,-0.7359,-0.6346,-0.5724,-0.5522,-0.5527,-0.5535,-0.5543,-0.5662,-0.5859,-0.595,-0.5767,-0.5337,-0.4788,-0.4225,-0.3699,-0.3231,-0.2831,-0.2504,-0.2248,-0.2059,-0.4707,-0.5052,-0.5973,-0.7605,-0.6808,-0.2612,0.1437,0.3729,0.1661,-0.0352,-0.3604,-0.6145,-0.7203,-0.7291,-0.7587,-0.7822,-0.7157,-0.5667,-0.5026,-0.5278,-0.5388,-0.5431,-0.5591,-0.602,-0.6674,-0.7044,-0.6677,-0.5842,-0.4942,-0.4134,-0.3444,-0.2867,-0.2399,-0.2036,-0.1772,-0.1595,-0.4691,-0.486,-0.5162,-0.528,-0.4049,-0.0883,0.3581,0.7847,0.482,-0.1141,-0.5075,-0.6955,-0.7669,-0.7313,-0.7726,-0.8424,-0.7523,-0.3567,-0.3207,-0.4918,-0.5202,-0.5266,-0.5597,-0.6559,-0.8278,-0.9293,-0.8222,-0.6484,-0.5032,-0.3916,-0.304,-0.2345,-0.1808,-0.1418,-0.1163,-0.102,-0.462,-0.4599,-0.4491,-0.4057,-0.289,-0.0724,0.235,0.5269,0.3126,-0.3016,-0.6824,-0.7316,-0.7376,-1.059,-0.95,-0.973,-0.932,-0.6162,-0.4734,-0.5069,-0.4921,-0.489,-0.5349,-0.6823,-0.9926,-1.1875,-0.9544,-0.6745,-0.4808,-0.3443,-0.2405,-0.1597,-0.0996,-0.0597,-0.0381,-0.0309,-0.4595,-0.4489,-0.4269,-0.3824,-0.3031,-0.1871,-0.0602,-0.0196,-0.2394,-0.6511,-0.9622,-1.0728,-1.1222,-1.3691,-1.0566,-1.0268,-1.3652,-0.9176,-0.6281,-0.4909,-0.4217,-0.4146,-0.4665,-0.6041,-0.8643,-1.0252,-0.8404,-0.5916,-0.404,-0.2614,-0.1462,-0.054,0.0121,0.0499,0.0622,0.0562,-0.4645,-0.4542,-0.4367,-0.4088,-0.3708,-0.3323,-0.322,-0.3965,-0.6137,-0.9597,-1.3101,-1.5644,-1.4219,-1.2611,-1.1144,-1.1036,-1.2242,-0.842,-0.5188,-0.37,-0.3162,-0.3258,-0.3767,-0.4645,-0.5837,-0.6459,-0.5719,-0.4298,-0.2832,-0.1448,-0.0167,0.0923,0.1664,0.1965,0.1893,0.1604,-0.4754,-0.4698,-0.4617,-0.4522,-0.4456,-0.4529,-0.4945,-0.5978,-0.7839,-1.0467,-1.2997,-1.4086,-1.6666,-1.7496,-1.1969,-0.9688,-0.7837,-0.4085,-0.0908,-0.1532,-0.2774,-0.2824,-0.2982,-0.3442,-0.3972,-0.4216,-0.3847,-0.2875,-0.1553,-0.0072,0.1485,0.2914,0.3799,0.3908,0.3454,0.2787,-0.4892,-0.4892,-0.4903,-0.4946,-0.5072,-0.5363,-0.5934,-0.6902,-0.8306,-1.0001,-1.1579,-1.3123,-1.6704,-1.7154,-1.1328,-0.8488,-0.5159,0.2032,0.8244,0.2442,-0.0692,-0.1674,-0.206,-0.2481,-0.3117,-0.3875,-0.3761,-0.2288,-0.045,0.1389,0.3431,0.5513,0.6659,0.6321,0.5191,0.3991,-0.5029,-0.5078,-0.5156,-0.5286,-0.5506,-0.5869,-0.643,-0.7229,-0.8246,-0.9375,-1.0469,-1.1527,-1.2451,-1.1653,-0.9257,-0.8538,-0.4693,0.2155,0.6498,0.4369,0.1637,-0.0136,-0.0934,-0.1548,-0.287,-0.5807,-0.6395,-0.2345,0.075,0.2898,0.533,0.8264,0.9746,0.8656,0.6686,0.4963,-0.5149,-0.5231,-0.5349,-0.5521,-0.5772,-0.6131,-0.662,-0.7244,-0.7971,-0.8728,-0.9419,-0.9935,-1.0042,-0.9402,-0.8528,-0.7865,-0.4478,0.0503,0.5666,0.7335,0.3182,0.108,0.031,-0.0253,-0.1582,-0.5551,-0.6489,0.0182,0.3047,0.4549,0.6489,0.9375,1.0894,0.9506,0.7285,0.5423,-0.5239,-0.5341,-0.5477,-0.5661,-0.5905,-0.6225,-0.6625,-0.7095,-0.7605,-0.8097,-0.8495,-0.8702,-0.8597,-0.8116,-0.7373,-0.6165,-0.3757,-0.0321,0.3318,0.4454,0.2799,0.205,0.1892,0.1578,0.1638,0.3254,0.8474,0.8063,0.6639,0.6571,0.7049,0.8333,0.9213,0.8425,0.6843,0.5322,-0.5298,-0.5407,-0.5545,-0.572,-0.594,-0.6208,-0.6521,-0.6864,-0.721,-0.7513,-0.7716,-0.7753,-0.7558,-0.7093,-0.633,-0.5149,-0.3395,-0.122,0.0789,0.1869,0.2458,0.3761,0.4267,0.3408,0.4082,0.8185,1.433,1.1875,0.9962,0.9307,0.8124,0.7589,0.7476,0.6956,0.5985,0.4897,-0.5326,-0.5433,-0.5563,-0.572,-0.5906,-0.6121,-0.6356,-0.6598,-0.682,-0.699,-0.7066,-0.7001,-0.6753,-0.6288,-0.5572,-0.4561,-0.3244,-0.1741,-0.0287,0.1022,0.2684,0.5181,0.5879,0.435,0.4693,0.7358,1.0198,1.135,1.3837,1.263,0.961,0.7692,0.6719,0.6008,0.5237,0.4409,-0.5327,-0.5426,-0.5541,-0.5675,-0.5826,-0.5991,-0.6161,-0.6322,-0.6454,-0.653,-0.652,-0.6393,-0.6117,-0.5669,-0.5026,-0.4177,-0.3139,-0.1972,-0.0746,0.0576,0.2204,0.3985,0.4557,0.4037,0.446,0.6147,0.8348,1.1209,1.4305,1.3094,0.9952,0.7681,0.6327,0.5427,0.4674,0.3963]}]