docs/data/wind_grid.json
[{"header":{"la1":42.85,"la2":41.18,"lo1":11.55,"lo2":14.05,"nx":36,"ny":24,"dx":0.07143,"dy":0.07261,"parameterCategory":2,"parameterNumber":2,"parameterNumberName":"eastward_wind","parameterUnit":"m.s-1"},"data":[-0.3117,-0.3179,-0.3237,-0.329,-0.3341,-0.3388,-0.3426,-0.3452,-0.3463,-0.3466,-0.3476,-0.3511,-0.3586,-0.3708,-0.387,-0.4054,-0.423,-0.4355,-0.439,-0.4315,-0.4151,-0.395,-0.3768,-0.363,-0.3531,-0.3451,-0.3376,-0.3299,-0.3219,-0.3138,-0.3058,-0.2982,-0.2909,-0.2842,-0.278,-0.2723,-0.3217,-0.329,-0.3358,-0.3422,-0.3485,-0.3548,-0.3603,-0.3636,-0.3636,-0.3607,-0.3579,-0.3586,-0.3658,-0.3806,-0.4025,-0.4292,-0.4562,-0.4762,-0.481,-0.4656,-0.434,-0.3985,-0.3717,-0.3572,-0.3503,-0.3455,-0.3399,-0.3329,-0.3248,-0.3163,-0.3078,-0.2996,-0.2919,-0.2848,-0.2783,-0.2724,-0.3338,-0.3427,-0.3507,-0.3582,-0.3662,-0.3756,-0.3852,-0.3916,-0.3904,-0.3816,-0.3709,-0.3657,-0.3709,-0.3885,-0.4181,-0.4575,-0.5009,-0.536,-0.545,-0.5139,-0.4487,-0.3807,-0.3422,-0.335,-0.3399,-0.3433,-0.3416,-0.3357,-0.3276,-0.3185,-0.3093,-0.3006,-0.2924,-0.285,-0.2783,-0.2722,-0.3486,-0.3598,-0.3693,-0.3777,-0.3875,-0.4018,-0.421,-0.4371,-0.4365,-0.4156,-0.3883,-0.3712,-0.372,-0.3923,-0.4316,-0.4893,-0.5606,-0.6284,-0.6542,-0.5947,-0.4514,-0.307,-0.259,-0.2873,-0.3225,-0.3405,-0.3439,-0.339,-0.3303,-0.3204,-0.3104,-0.301,-0.2924,-0.2847,-0.2778,-0.2717,-0.3672,-0.3822,-0.3939,-0.4022,-0.4117,-0.4321,-0.4712,-0.5161,-0.5236,-0.4742,-0.4108,-0.3723,-0.366,-0.3887,-0.4386,-0.5191,-0.6348,-0.7735,-0.8619,-0.7659,-0.4497,-0.1191,-0.0921,-0.2236,-0.31,-0.3434,-0.3494,-0.3435,-0.3331,-0.3218,-0.3108,-0.3008,-0.2919,-0.284,-0.277,-0.2708,-0.3902,-0.4124,-0.429,-0.4359,-0.4384,-0.4591,-0.5291,-0.6481,-0.6905,-0.5666,-0.4303,-0.3619,-0.3491,-0.3745,-0.4331,-0.5341,-0.7035,-0.9718,-1.2565,-1.1593,-0.5779,0.0161,0.0032,-0.2229,-0.3292,-0.3596,-0.3596,-0.349,-0.3357,-0.3224,-0.3104,-0.2998,-0.2906,-0.2827,-0.2758,-0.2697,-0.4171,-0.4527,-0.4827,-0.4902,-0.4722,-0.4693,-0.5504,-0.768,-0.8835,-0.6286,-0.412,-0.3282,-0.3184,-0.3491,-0.4114,-0.5173,-0.7115,-1.0881,-1.6569,-1.5964,-0.901,-0.417,-0.2965,-0.3597,-0.391,-0.3882,-0.3726,-0.3542,-0.3369,-0.3217,-0.3088,-0.2979,-0.2887,-0.2809,-0.2742,-0.2684,-0.4432,-0.499,-0.5599,-0.5842,-0.5268,-0.4605,-0.4764,-0.6148,-0.6841,-0.4771,-0.314,-0.2647,-0.2756,-0.3176,-0.3804,-0.4696,-0.626,-0.9186,-1.2958,-1.2852,-1.0706,-0.8936,-0.6588,-0.5273,-0.4597,-0.4154,-0.3822,-0.3563,-0.3357,-0.3192,-0.3058,-0.295,-0.2861,-0.2787,-0.2725,-0.2671,-0.4589,-0.5306,-0.625,-0.688,-0.584,-0.4435,-0.3571,-0.3212,-0.2686,-0.1852,-0.1581,-0.1824,-0.2283,-0.2899,-0.3631,-0.4279,-0.5152,-0.6772,-0.8708,-1.0366,-1.3327,-1.2347,-0.8441,-0.6124,-0.4924,-0.4248,-0.3823,-0.353,-0.3313,-0.3146,-0.3016,-0.2913,-0.2831,-0.2764,-0.2708,-0.2659,-0.4572,-0.5282,-0.6084,-0.6492,-0.5811,-0.4213,-0.2573,-0.1046,0.0784,0.1471,0.0167,-0.1024,-0.1834,-0.2668,-0.3922,-0.456,-0.4517,-0.5376,-0.6703,-0.866,-1.146,-1.088,-0.7921,-0.5891,-0.4757,-0.4115,-0.3719,-0.3447,-0.3242,-0.3084,-0.2963,-0.2871,-0.28,-0.2743,-0.2695,-0.2653,-0.4395,-0.5083,-0.602,-0.7357,-0.6886,-0.4119,-0.1887,0.0055,0.3876,0.5781,0.1541,-0.05,-0.1438,-0.2199,-0.3535,-0.4449,-0.4172,-0.4891,-0.5705,-0.6514,-0.7381,-0.7229,-0.6074,-0.4973,-0.4267,-0.3856,-0.358,-0.3353,-0.3164,-0.3017,-0.2909,-0.2831,-0.2774,-0.273,-0.2692,-0.2655,-0.4073,-0.4693,-0.5664,-0.7021,-0.6415,-0.346,-0.1437,-0.0467,0.1753,0.3439,0.1049,-0.0301,-0.1119,-0.1813,-0.2198,-0.2984,-0.3998,-0.5747,-0.631,-0.5583,-0.5177,-0.4858,-0.4398,-0.3995,-0.3806,-0.372,-0.3548,-0.3311,-0.3102,-0.2953,-0.2858,-0.2799,-0.2761,-0.2732,-0.2704,-0.2674,-0.3622,-0.4028,-0.4518,-0.4811,-0.4062,-0.2404,-0.1198,-0.1,-0.0544,0.0361,0.0258,0.0202,-0.0287,-0.1721,-0.1819,-0.2478,-0.4047,-0.8816,-0.9003,-0.5384,-0.3875,-0.3282,-0.3113,-0.3281,-0.3766,-0.408,-0.3788,-0.335,-0.3054,-0.2894,-0.2818,-0.2786,-0.2773,-0.2761,-0.2743,-0.2715,-0.3125,-0.3303,-0.341,-0.3267,-0.2676,-0.1805,-0.1138,-0.0918,-0.0687,-0.0202,0.0107,0.0988,0.1322,0.1353,-0.1243,-0.2247,-0.348,-0.6162,-0.653,-0.3922,-0.2253,-0.1667,-0.1888,-0.2708,-0.409,-0.4853,-0.4097,-0.3341,-0.2972,-0.2831,-0.2797,-0.2808,-0.2827,-0.2833,-0.282,-0.2788,-0.2665,-0.2695,-0.2632,-0.2406,-0.199,-0.1484,-0.1061,-0.0783,-0.0509,-0.0178,0.0045,0.0126,0.0191,0.0016,-0.1285,-0.2518,-0.7271,-0.4443,-0.3111,-0.1327,0.0413,0.0635,-0.0369,-0.1756,-0.3368,-0.4203,-0.3651,-0.3061,-0.2815,-0.2772,-0.2819,-0.2891,-0.295,-0.2971,-0.2952,-0.2902,-0.2279,-0.2232,-0.2112,-0.1897,-0.1592,-0.125,-0.093,-0.0647,-0.0349,0.0032,0.0563,-0.0569,-0.0401,-0.0307,-0.1149,-0.3259,-0.5751,-0.3,-0.0827,0.1371,0.4382,0.3685,0.127,-0.0501,-0.1839,-0.2573,-0.2668,-0.2609,-0.2643,-0.2763,-0.2923,-0.3079,-0.3183,-0.3207,-0.3158,-0.3066,-0.1969,-0.1887,-0.1753,-0.1561,-0.1321,-0.1057,-0.0792,-0.053,-0.0251,0.0086,0.0478,0.0001,-0.0107,-0.0022,-0.0159,-0.0731,-0.101,0.0288,0.1831,0.2929,0.514,0.4387,0.2091,0.0412,-0.0792,-0.1555,-0.1986,-0.2296,-0.2585,-0.2871,-0.316,-0.3422,-0.3578,-0.3573,-0.3449,-0.3277,-0.1721,-0.1624,-0.1491,-0.132,-0.1118,-0.0897,-0.0669,-0.0438,-0.0206,0.0013,0.0153,0.0163,0.0198,0.0458,0.2003,0.2737,0.2188,0.3313,0.4642,0.4206,0.41,0.354,0.2318,0.0912,-0.036,-0.1217,-0.1725,-0.2244,-0.2734,-0.3141,-0.3544,-0.3949,-0.4168,-0.4074,-0.3802,-0.351,-0.1521,-0.1419,-0.129,-0.1134,-0.0957,-0.0764,-0.0562,-0.0356,-0.0151,0.0044,0.0227,0.0451,0.089,0.2242,0.6603,0.8449,0.4609,0.4564,0.563,0.7049,0.569,0.4269,0.2972,0.1377,-0.032,-0.1233,-0.1476,-0.2454,-0.3184,-0.3584,-0.3997,-0.4539,-0.4829,-0.458,-0.4122,-0.3705,-0.1357,-0.1254,-0.113,-0.0986,-0.0825,-0.065,-0.0464,-0.0271,-0.007,0.0144,0.0398,0.0773,0.148,0.3084,0.63,0.7401,0.5253,0.5818,1.0101,1.2196,0.7852,0.5908,0.4526,0.2336,-0.0305,-0.1536,-0.1706,-0.368,-0.4205,-0.423,-0.4365,-0.4792,-0.5072,-0.4769,-0.425,-0.379,-0.1221,-0.1119,-0.1,-0.0864,-0.0714,-0.055,-0.0374,-0.0185,0.0021,0.0256,0.0554,0.098,0.166,0.275,0.4092,0.4729,0.4791,0.5906,0.8487,0.9578,0.8568,0.8861,0.8266,0.4755,0.004,-0.4141,-0.8062,-0.7464,-0.5828,-0.5119,-0.4742,-0.4687,-0.4752,-0.4542,-0.4144,-0.3746,-0.1107,-0.1007,-0.0891,-0.0762,-0.0619,-0.0463,-0.0292,-0.0106,0.0104,0.035,0.0656,0.1064,0.162,0.2335,0.309,0.3693,0.4291,0.5303,0.6725,0.8114,1.0561,1.5673,1.6904,0.9657,0.1405,-0.5781,-1.15,-0.9385,-0.7079,-0.6278,-0.5381,-0.4766,-0.448,-0.424,-0.3937,-0.3619,-0.1011,-0.0912,-0.08,-0.0676,-0.0539,-0.0388,-0.0222,-0.0038,0.017,0.0414,0.0709,0.1076,0.1529,0.2061,0.2629,0.3212,0.389,0.4818,0.612,0.821,1.2731,2.1285,2.3855,1.3576,0.3481,-0.3431,-0.7198,-0.7656,-0.8334,-0.7695,-0.6105,-0.4996,-0.4398,-0.4034,-0.3737,-0.3462,-0.093,-0.0832,-0.0724,-0.0604,-0.0471,-0.0325,-0.0164,0.0015,0.0218,0.0452,0.0728,0.1054,0.1438,0.1876,0.2361,0.2905,0.3564,0.4439,0.5708,0.7804,1.1554,1.6676,1.7638,1.1446,0.4147,-0.1236,-0.4585,-0.6776,-0.8463,-0.7838,-0.6201,-0.5002,-0.4292,-0.3857,-0.3548,-0.3295]},{"header":{"la1":42.85,"la2":41.18,"lo1":11.55,"lo2":14.05,"nx":36,"ny":24,"dx":0.07143,"dy":0.07261,"parameterCategory":2,"parameterNumber":3,"parameterNumberName":"northward_wind","parameterUnit":"m.s-1"},"data":[0.017,0.0305,0.0451,0.0607,0.0764,0.0905,0.1005,0.1031,0.0962,0.0795,0.0553,0.0267,-0.0031,-0.0322,-0.0599,-0.0863,-0.1114,-0.1354,-0.1581,-0.1791,-0.1971,-0.2102,-0.2168,-0.2172,-0.2132,-0.2074,-0.202,-0.198,-0.1959,-0.1956,-0.1969,-0.1996,-0.2032,-0.2075,-0.2122,-0.2171,0.026,0.0423,0.0608,0.0819,0.105,0.1283,0.1474,0.1563,0.1497,0.1268,0.0922,0.0526,0.0133,-0.0232,-0.0567,-0.0878,-0.1175,-0.1462,-0.1742,-0.201,-0.2251,-0.2426,-0.249,-0.2444,-0.2332,-0.2209,-0.2105,-0.2034,-0.1995,-0.1984,-0.1995,-0.2024,-0.2064,-0.2113,-0.2166,-0.2221,0.034,0.053,0.0758,0.1035,0.1371,0.1753,0.2119,0.2345,0.2301,0.1957,0.142,0.0841,0.0311,-0.0146,-0.0543,-0.0906,-0.1255,-0.16,-0.1943,-0.2293,-0.2648,-0.2923,-0.2985,-0.2829,-0.2581,-0.2352,-0.2183,-0.2075,-0.2019,-0.2003,-0.2016,-0.205,-0.2098,-0.2155,-0.2216,-0.2278,0.0405,0.0619,0.0884,0.1229,0.1697,0.2317,0.3024,0.3572,0.3605,0.3014,0.2097,0.1204,0.0483,-0.0075,-0.0531,-0.0944,-0.1355,-0.1775,-0.2189,-0.2628,-0.3187,-0.3724,-0.3777,-0.3354,-0.2855,-0.2475,-0.2231,-0.209,-0.2024,-0.2009,-0.2029,-0.2074,-0.2133,-0.2202,-0.2273,-0.2345,0.0454,0.0685,0.0969,0.1359,0.196,0.2913,0.4267,0.5614,0.5907,0.4698,0.2965,0.1559,0.0605,-0.0042,-0.0534,-0.0984,-0.1469,-0.201,-0.2515,-0.2954,-0.3766,-0.4959,-0.4935,-0.3913,-0.3047,-0.2517,-0.2219,-0.2066,-0.2003,-0.2,-0.2036,-0.2097,-0.2173,-0.2257,-0.2342,-0.2424,0.0488,0.0733,0.1016,0.1389,0.2035,0.3315,0.5687,0.8911,1.0044,0.7161,0.3811,0.1737,0.06,-0.007,-0.0549,-0.1,-0.1557,-0.2322,-0.3104,-0.3288,-0.3827,-0.5676,-0.5523,-0.3986,-0.2957,-0.2405,-0.2122,-0.1992,-0.1955,-0.1977,-0.2038,-0.2123,-0.2222,-0.2325,-0.2426,-0.2522,0.0512,0.0787,0.1075,0.1357,0.1834,0.3109,0.6186,1.1854,1.4595,0.8851,0.3838,0.1477,0.0403,-0.0171,-0.0575,-0.0965,-0.1504,-0.2456,-0.3827,-0.374,-0.2978,-0.3729,-0.3887,-0.3127,-0.2497,-0.2128,-0.1941,-0.1872,-0.1881,-0.1943,-0.204,-0.2157,-0.2284,-0.2412,-0.2533,-0.2643,0.0514,0.0862,0.1258,0.1485,0.1521,0.2175,0.4328,0.8419,1.0248,0.5876,0.2238,0.0686,0.0049,-0.0321,-0.0641,-0.0924,-0.1262,-0.1904,-0.2777,-0.2505,-0.1267,-0.1263,-0.1851,-0.199,-0.1881,-0.1763,-0.1708,-0.1721,-0.1791,-0.1905,-0.2048,-0.2207,-0.237,-0.2526,-0.267,-0.2796,0.0448,0.0858,0.1484,0.1946,0.1355,0.1066,0.1501,0.22,0.1891,0.0471,-0.027,-0.0316,-0.0275,-0.0445,-0.0865,-0.1122,-0.1068,-0.1173,-0.1316,-0.0771,0.0676,0.0402,-0.0701,-0.1202,-0.1356,-0.1405,-0.1459,-0.1554,-0.1694,-0.1872,-0.2072,-0.2282,-0.2489,-0.2681,-0.285,-0.2992,0.0267,0.0592,0.1038,0.1296,0.0685,0.0087,-0.0562,-0.1754,-0.398,-0.4834,-0.2801,-0.1077,-0.0301,-0.0343,-0.1477,-0.2167,-0.1094,-0.0716,-0.0651,-0.0339,0.0338,0.0225,-0.041,-0.0794,-0.0974,-0.1083,-0.1206,-0.1376,-0.1596,-0.185,-0.2124,-0.2399,-0.266,-0.2893,-0.309,-0.3246,0.0009,0.0176,0.0252,0.0079,-0.0022,-0.06,-0.1654,-0.3496,-0.8607,-1.1297,-0.4608,-0.1169,0.0204,0.0491,-0.0873,-0.2033,-0.0659,-0.034,-0.0362,-0.0299,-0.0164,-0.0189,-0.0379,-0.055,-0.0655,-0.0754,-0.0921,-0.1177,-0.1496,-0.1852,-0.2219,-0.2577,-0.2906,-0.3188,-0.3413,-0.3579,-0.0256,-0.0173,-0.0126,-0.009,-0.0253,-0.1056,-0.1966,-0.2738,-0.56,-0.7708,-0.3366,-0.0411,0.1113,0.213,0.1578,0.0662,0.0373,-0.0192,-0.0442,-0.026,-0.0155,-0.0162,-0.0234,-0.0291,-0.0287,-0.0322,-0.0545,-0.0935,-0.1401,-0.1893,-0.2385,-0.2851,-0.3264,-0.3602,-0.3853,-0.4016,-0.0505,-0.0474,-0.0469,-0.0529,-0.0824,-0.143,-0.1965,-0.1991,-0.244,-0.2923,-0.1356,0.0806,0.1779,0.2663,0.2392,0.2031,0.1374,-0.1019,-0.1231,-0.0196,0.009,0.0119,0.0042,0.0021,0.0198,0.0321,-0.004,-0.0671,-0.1341,-0.2009,-0.2662,-0.3271,-0.3793,-0.4193,-0.4458,-0.4596,-0.0733,-0.0748,-0.0805,-0.0944,-0.122,-0.1604,-0.1926,-0.2036,-0.2123,-0.1974,-0.0856,0.1897,0.2826,0.1847,0.2294,0.3954,0.328,0.0742,-0.0177,0.0326,0.0675,0.071,0.0463,0.0306,0.06,0.0923,0.0358,-0.052,-0.1386,-0.2252,-0.3116,-0.3921,-0.4586,-0.505,-0.5299,-0.5366,-0.0933,-0.0979,-0.1067,-0.1214,-0.143,-0.1682,-0.1904,-0.2051,-0.2174,-0.2297,-0.2176,-0.118,0.0039,0.0093,0.2059,0.4572,0.6307,0.2828,0.1116,0.1207,0.2122,0.207,0.1139,0.0511,0.0499,0.0646,0.0191,-0.0622,-0.1582,-0.2671,-0.3833,-0.4934,-0.58,-0.6314,-0.6476,-0.638,-0.1101,-0.1163,-0.1258,-0.1393,-0.1564,-0.1755,-0.1946,-0.2152,-0.248,-0.3263,-0.4966,-0.45,-0.3048,-0.1098,0.0526,0.2926,0.4732,0.2186,0.0849,0.2049,0.5741,0.4806,0.1951,0.066,0.0323,0.0242,-0.0057,-0.0746,-0.1838,-0.3278,-0.4935,-0.6537,-0.7706,-0.8207,-0.8118,-0.7688,-0.1241,-0.131,-0.1403,-0.1524,-0.1669,-0.1836,-0.2028,-0.228,-0.2701,-0.3537,-0.483,-0.445,-0.5425,-0.5864,-0.2127,-0.0321,0.0305,-0.057,-0.117,0.0984,0.6158,0.4971,0.1748,0.0535,0.0434,0.065,0.0505,-0.0379,-0.1933,-0.4034,-0.6574,-0.9104,-1.0755,-1.1036,-1.0332,-0.9281,-0.1359,-0.1428,-0.1518,-0.1628,-0.176,-0.1915,-0.2102,-0.235,-0.2708,-0.321,-0.3719,-0.4192,-0.5994,-0.6419,-0.4452,-0.382,-0.2746,-0.3313,-0.449,-0.2393,0.028,0.0912,0.0178,0.0069,0.1004,0.2489,0.2715,0.0913,-0.1711,-0.4862,-0.8838,-1.3085,-1.5489,-1.4986,-1.3015,-1.0986,-0.1458,-0.1527,-0.1613,-0.1715,-0.1837,-0.1981,-0.2154,-0.2372,-0.2648,-0.2981,-0.3349,-0.3822,-0.4517,-0.5174,-0.7507,-0.8696,-0.4957,-0.4318,-0.4932,-0.5165,-0.3502,-0.2241,-0.1671,-0.0644,0.1897,0.623,0.7161,0.2727,-0.1437,-0.5592,-1.1216,-1.8009,-2.1362,-1.9209,-1.5441,-1.2355,-0.1544,-0.1612,-0.1693,-0.1789,-0.1902,-0.2034,-0.2191,-0.2377,-0.26,-0.2859,-0.316,-0.3538,-0.4064,-0.5011,-0.7119,-0.7784,-0.5495,-0.5147,-0.7407,-0.8605,-0.5804,-0.4585,-0.3798,-0.2092,0.1289,0.6729,0.7928,0.2177,-0.1876,-0.595,-1.1963,-1.9975,-2.3796,-2.074,-1.6239,-1.2809,-0.1619,-0.1685,-0.1762,-0.1853,-0.1958,-0.2079,-0.2219,-0.2382,-0.257,-0.2788,-0.3044,-0.3364,-0.38,-0.4448,-0.5242,-0.5458,-0.5064,-0.5319,-0.6608,-0.7221,-0.6872,-0.7515,-0.738,-0.4978,-0.1583,0.0719,-0.0205,-0.1085,-0.3059,-0.5966,-1.0298,-1.6119,-1.9368,-1.7912,-1.4839,-1.2156,-0.1685,-0.1749,-0.1823,-0.1909,-0.2006,-0.2118,-0.2245,-0.239,-0.2555,-0.2744,-0.2966,-0.3234,-0.3566,-0.3966,-0.4351,-0.4574,-0.4722,-0.5135,-0.591,-0.6903,-0.8998,-1.3154,-1.4271,-0.9366,-0.4521,-0.2187,-0.1924,-0.2512,-0.4714,-0.6302,-0.834,-1.1405,-1.3633,-1.3689,-1.2394,-1.0828,-0.1744,-0.1806,-0.1877,-0.1958,-0.2049,-0.2153,-0.2269,-0.24,-0.2549,-0.2717,-0.291,-0.3134,-0.3394,-0.3679,-0.396,-0.4224,-0.4537,-0.5043,-0.5896,-0.7481,-1.1022,-1.7505,-1.9414,-1.2483,-0.6606,-0.3852,-0.326,-0.4801,-0.7315,-0.7231,-0.7449,-0.8764,-1.0068,-1.0525,-1.0168,-0.941,-0.1798,-0.1858,-0.1926,-0.2003,-0.2089,-0.2185,-0.2293,-0.2413,-0.2548,-0.27,-0.2871,-0.3065,-0.3282,-0.3519,-0.3775,-0.4063,-0.4437,-0.4996,-0.5905,-0.7514,-1.041,-1.4282,-1.5136,-1.1274,-0.7279,-0.5155,-0.4798,-0.6078,-0.7667,-0.7404,-0.7105,-0.7555,-0.8213,-0.8589,-0.8553,-0.8214]}]