docs/data/wind_grid.json
[{"header":{"la1":42.85,"la2":41.18,"lo1":11.55,"lo2":14.05,"nx":36,"ny":24,"dx":0.07143,"dy":0.07261,"parameterCategory":2,"parameterNumber":2,"parameterNumberName":"eastward_wind","parameterUnit":"m.s-1"},"data":[1.7307,1.7174,1.6995,1.6768,1.6494,1.6177,1.5822,1.5429,1.4997,1.452,1.4001,1.3445,1.286,1.2259,1.1654,1.1064,1.0518,1.0051,0.9702,0.9494,0.9425,0.9474,0.9616,0.9826,1.0086,1.0375,1.0676,1.0977,1.1271,1.1554,1.1825,1.2082,1.2325,1.2556,1.2773,1.2976,1.7612,1.7493,1.7316,1.7076,1.6777,1.6428,1.6039,1.5612,1.5138,1.4606,1.4014,1.3369,1.2686,1.1976,1.1252,1.0531,0.9848,0.9263,0.8846,0.8643,0.8638,0.8773,0.8999,0.9292,0.9631,0.9995,1.0362,1.0719,1.1059,1.1381,1.1684,1.1969,1.2237,1.2488,1.2724,1.2944,1.7977,1.7885,1.7717,1.7461,1.7125,1.6731,1.6304,1.5848,1.5339,1.4745,1.406,1.3304,1.2501,1.1663,1.0795,0.9903,0.9022,0.8245,0.7728,0.7579,0.7742,0.8045,0.8381,0.8757,0.918,0.9624,1.0061,1.0475,1.0861,1.1221,1.1556,1.1869,1.2162,1.2435,1.2689,1.2925,1.8416,1.8376,1.8233,1.7958,1.7562,1.7093,1.6617,1.6151,1.5631,1.4967,1.4151,1.3244,1.2294,1.1312,1.0282,0.9178,0.7997,0.6869,0.6142,0.6169,0.6803,0.7466,0.7891,0.8288,0.877,0.9288,0.9789,1.0255,1.0683,1.1078,1.1444,1.1784,1.2102,1.2397,1.267,1.2923,1.8944,1.9003,1.8924,1.8635,1.8132,1.752,1.6964,1.6546,1.6092,1.5325,1.4285,1.3162,1.2035,1.0899,0.9712,0.8382,0.6777,0.4934,0.3579,0.3977,0.5913,0.7465,0.7773,0.797,0.8444,0.901,0.9561,1.0066,1.0528,1.0953,1.1348,1.1716,1.2059,1.2377,1.2671,1.294,1.9563,1.9813,1.9899,1.9629,1.8933,1.8027,1.7296,1.7044,1.6866,1.5856,1.4389,1.2982,1.1665,1.0372,0.9058,0.7585,0.5561,0.2452,-0.0923,-0.0197,0.4529,0.7763,0.7845,0.7754,0.8206,0.8802,0.938,0.9907,1.0392,1.0843,1.1266,1.1663,1.2035,1.2378,1.2693,1.298,2.0236,2.0823,2.1317,2.1216,2.017,1.8678,1.7536,1.7423,1.7726,1.6175,1.4187,1.2577,1.1099,0.9612,0.8169,0.6773,0.4854,0.0943,-0.5454,-0.4787,0.2407,0.6004,0.699,0.7411,0.8013,0.8647,0.9229,0.976,1.0259,1.0736,1.1193,1.1626,1.2031,1.2403,1.2742,1.3047,2.0831,2.189,2.3258,2.3805,2.2033,1.9508,1.7672,1.6938,1.6714,1.5063,1.3294,1.1869,1.0299,0.8418,0.656,0.5404,0.4651,0.2528,-0.12,-0.0724,0.2412,0.4062,0.5785,0.6995,0.7847,0.8506,0.9063,0.9584,1.01,1.0616,1.1121,1.1602,1.205,1.2458,1.2824,1.3148,2.111,2.2449,2.4812,2.6742,2.3596,2.0103,1.7732,1.5743,1.3844,1.2285,1.1665,1.0994,0.9389,0.6628,0.3066,0.1678,0.3581,0.4602,0.394,0.3209,0.1531,0.2261,0.5106,0.6821,0.7737,0.831,0.8793,0.9304,0.9867,1.0457,1.1042,1.1595,1.2101,1.2552,1.2948,1.329,2.094,2.1884,2.3334,2.4213,2.1894,1.9986,1.7981,1.4542,0.9042,0.6573,0.9255,1.0321,0.8741,0.4857,-0.3557,-0.7975,0.1256,0.5865,0.6617,0.5468,0.3189,0.3603,0.5789,0.7064,0.7594,0.7874,0.8238,0.8797,0.9496,1.0239,1.0958,1.1615,1.2196,1.27,1.3127,1.3486,2.0536,2.0827,2.0564,1.8912,1.9032,2.0051,1.9633,1.5741,0.1857,-0.5248,0.7279,1.0545,0.8482,0.4544,-0.2641,-0.8,0.3111,0.7961,0.8924,0.8317,0.7186,0.6881,0.7265,0.734,0.7,0.6751,0.7058,0.7886,0.893,0.9962,1.089,1.169,1.2364,1.2924,1.3381,1.375,2.0218,2.0246,1.98,1.8789,1.9157,2.1321,2.3855,2.479,1.3493,0.4339,1.1101,1.257,0.8195,0.0486,0.2391,0.6117,0.9446,1.0656,1.0667,1.047,0.9762,0.901,0.8224,0.6935,0.5135,0.4043,0.4708,0.6415,0.8189,0.9689,1.0899,1.1869,1.2645,1.3258,1.3735,1.41,2.0082,2.0147,2.0075,2.0052,2.0839,2.3155,2.746,3.287,2.7787,1.8786,1.7008,1.7055,1.2917,-0.1542,0.2921,1.3323,1.4779,1.067,1.0231,1.1643,1.1089,0.9991,0.8436,0.5605,0.1109,-0.1521,0.0836,0.4588,0.7514,0.9584,1.109,1.2227,1.3094,1.3746,1.4222,1.456,2.0062,2.0227,2.0425,2.0826,2.1781,2.3695,2.6777,2.999,2.776,2.2387,2.0617,2.1366,2.1668,2.217,1.735,2.2961,2.108,1.5102,1.2834,1.2762,1.1401,0.9984,0.831,0.4534,-0.3061,-0.7719,-0.2425,0.3604,0.7435,0.988,1.1586,1.2847,1.3781,1.4444,1.4883,1.5155,2.0082,2.0312,2.0624,2.1117,2.1934,2.317,2.4661,2.5559,2.4692,2.3553,2.3684,2.3613,2.3651,2.7384,2.2495,2.512,2.5362,2.0368,1.643,1.3076,0.9333,0.8108,0.8042,0.56,-0.0308,-0.4071,-0.0126,0.4912,0.8356,1.0712,1.2466,1.3813,1.4793,1.5426,1.5768,1.5909,2.0097,2.0352,2.0683,2.1135,2.1748,2.25,2.3233,2.3676,2.3923,2.512,2.8331,2.8083,2.6169,2.4484,2.3193,2.3564,2.4347,2.1485,1.7992,1.1576,0.1232,0.2767,0.7526,0.7807,0.5571,0.4024,0.5227,0.7639,0.9938,1.1952,1.3729,1.5211,1.6257,1.6797,1.6931,1.6837,2.0093,2.0348,2.0658,2.1043,2.1507,2.2021,2.2531,2.3027,2.3758,2.5357,2.7901,2.7193,2.6926,2.6873,2.4224,2.3424,2.3055,2.2607,2.125,1.3936,0.0255,0.2562,0.8644,0.993,0.9153,0.8368,0.8568,0.971,1.1382,1.3302,1.5327,1.7176,1.837,1.8686,1.8404,1.7916,2.0071,2.0312,2.0594,2.0922,2.1296,2.1706,2.2147,2.2659,2.3364,2.4361,2.5301,2.5666,2.6817,2.7082,2.5653,2.5311,2.4467,2.5939,2.8752,2.1925,1.401,1.1523,1.2226,1.2006,1.0632,0.9016,0.8707,1.0142,1.2213,1.4523,1.7186,1.986,2.1354,2.1137,2.0093,1.9031,2.0035,2.0258,2.0512,2.0799,2.1119,2.1472,2.1865,2.2322,2.2878,2.3512,2.41,2.4607,2.5219,2.5905,2.8507,2.9809,2.6172,2.6674,2.8443,2.695,2.1949,1.7876,1.578,1.3837,1.0775,0.6411,0.5471,0.9361,1.2684,1.5527,1.8958,2.2885,2.4788,2.3613,2.1572,1.9928,1.9987,2.0194,2.0423,2.0678,2.0959,2.1269,2.1614,2.2002,2.2437,2.2901,2.3361,2.3827,2.4408,2.5483,2.7902,2.8688,2.633,2.6677,3.093,3.3084,2.5932,2.1354,1.8655,1.5852,1.1842,0.6161,0.4928,1.0418,1.3675,1.63,1.9717,2.4085,2.6144,2.451,2.2115,2.0307,1.9931,2.0122,2.033,2.0559,2.0808,2.1081,2.138,2.1706,2.2059,2.2428,2.281,2.3223,2.3742,2.4505,2.545,2.5724,2.5359,2.6054,2.8481,2.9124,2.5875,2.3655,2.1958,1.883,1.4999,1.2583,1.3756,1.4297,1.534,1.698,1.9227,2.2195,2.3856,2.3093,2.1491,2.0095,1.9869,2.0044,2.0234,2.0439,2.0661,2.0901,2.1159,2.1435,2.1728,2.2033,2.2351,2.2696,2.3093,2.3554,2.3985,2.4202,2.4323,2.4788,2.5564,2.5767,2.5684,2.7266,2.7476,2.2852,1.8028,1.5759,1.5922,1.6002,1.7149,1.7947,1.8732,2.0064,2.1077,2.1054,2.0365,1.9547,1.9802,1.9963,2.0135,2.032,2.0517,2.0728,2.0951,2.1186,2.1431,2.1685,2.1947,2.2223,2.2514,2.2809,2.3067,2.3256,2.3435,2.3721,2.4112,2.464,2.6196,3.0201,3.1528,2.5606,2.0078,1.7311,1.6653,1.761,1.9428,1.9191,1.8777,1.9065,1.9511,1.9631,1.939,1.8968,1.9732,1.9879,2.0035,2.02,2.0376,2.056,2.0753,2.0954,2.116,2.1371,2.1586,2.1802,2.2018,2.2224,2.2405,2.2561,2.272,2.2934,2.3267,2.391,2.5376,2.775,2.8122,2.4633,2.0788,1.852,1.7852,1.8582,1.9732,1.9431,1.8826,1.8692,1.8791,1.884,1.8735,1.8509]},{"header":{"la1":42.85,"la2":41.18,"lo1":11.55,"lo2":14.05,"nx":36,"ny":24,"dx":0.07143,"dy":0.07261,"parameterCategory":2,"parameterNumber":3,"parameterNumberName":"northward_wind","parameterUnit":"m.s-1"},"data":[-0.5519,-0.564,-0.5816,-0.6045,-0.6312,-0.6591,-0.684,-0.7021,-0.7102,-0.7075,-0.6956,-0.677,-0.6538,-0.6276,-0.5986,-0.5667,-0.532,-0.4947,-0.4561,-0.4184,-0.3863,-0.3663,-0.3645,-0.3818,-0.4134,-0.452,-0.4915,-0.5284,-0.561,-0.5891,-0.613,-0.6331,-0.65,-0.6643,-0.6763,-0.6864,-0.5284,-0.5412,-0.5625,-0.5928,-0.6306,-0.6719,-0.7103,-0.7384,-0.7503,-0.7448,-0.7256,-0.6982,-0.6668,-0.6332,-0.5972,-0.5576,-0.5135,-0.4648,-0.4121,-0.3571,-0.3058,-0.2712,-0.2683,-0.2995,-0.3523,-0.4115,-0.4673,-0.5156,-0.5559,-0.5889,-0.6159,-0.6379,-0.6561,-0.671,-0.6834,-0.6936,-0.4959,-0.5076,-0.5321,-0.5716,-0.6256,-0.6887,-0.7507,-0.7969,-0.8148,-0.8021,-0.7684,-0.7261,-0.6829,-0.6404,-0.5965,-0.5481,-0.4926,-0.4294,-0.3588,-0.2791,-0.1923,-0.125,-0.12,-0.1825,-0.2761,-0.3682,-0.4457,-0.5073,-0.5554,-0.5929,-0.6224,-0.6459,-0.6647,-0.6799,-0.6923,-0.7025,-0.4514,-0.4578,-0.4828,-0.5326,-0.6096,-0.7083,-0.8132,-0.8961,-0.925,-0.8935,-0.8287,-0.7604,-0.7007,-0.6482,-0.5967,-0.539,-0.4694,-0.3872,-0.2963,-0.1885,-0.0378,0.1118,0.1185,-0.0221,-0.1921,-0.3313,-0.4338,-0.508,-0.5623,-0.6028,-0.6336,-0.6574,-0.6763,-0.6912,-0.7033,-0.713,-0.3915,-0.3841,-0.4018,-0.4601,-0.568,-0.7227,-0.907,-1.0711,-1.1249,-1.0411,-0.9082,-0.7968,-0.7165,-0.6551,-0.5985,-0.5328,-0.4452,-0.3322,-0.216,-0.1042,0.1282,0.4806,0.4694,0.149,-0.1333,-0.3203,-0.4414,-0.5225,-0.579,-0.6197,-0.65,-0.673,-0.691,-0.7051,-0.7164,-0.7254,-0.315,-0.2777,-0.2692,-0.3256,-0.4719,-0.706,-1.0204,-1.364,-1.4854,-1.2572,-0.9901,-0.822,-0.7239,-0.6588,-0.6025,-0.5346,-0.4289,-0.2587,-0.0689,-0.024,0.1389,0.6961,0.6481,0.1701,-0.1631,-0.3581,-0.4771,-0.5542,-0.6068,-0.6442,-0.6718,-0.6926,-0.7088,-0.7215,-0.7316,-0.7396,-0.2275,-0.1343,-0.0566,-0.0805,-0.2774,-0.6082,-1.0517,-1.6297,-1.8756,-1.4107,-1.0116,-0.8157,-0.7167,-0.6563,-0.6076,-0.55,-0.4475,-0.2301,0.1193,0.0916,-0.1274,0.0992,0.144,-0.0978,-0.3092,-0.4489,-0.5404,-0.602,-0.6449,-0.6757,-0.6985,-0.716,-0.7296,-0.7404,-0.749,-0.7556,-0.151,0.0229,0.2513,0.343,0.0393,-0.4179,-0.8648,-1.3393,-1.5297,-1.2055,-0.9198,-0.773,-0.6952,-0.6453,-0.6053,-0.5698,-0.5143,-0.3787,-0.1708,-0.2724,-0.6679,-0.6741,-0.4897,-0.4528,-0.5035,-0.567,-0.6204,-0.6607,-0.6904,-0.7123,-0.7291,-0.7423,-0.7529,-0.7615,-0.7684,-0.7736,-0.1264,0.0974,0.5039,0.84,0.2994,-0.2708,-0.617,-0.8593,-0.9581,-0.9004,-0.7996,-0.7202,-0.6697,-0.6263,-0.5738,-0.5517,-0.5753,-0.5755,-0.5832,-0.8018,-1.3063,-1.2151,-0.8514,-0.6981,-0.6676,-0.681,-0.7037,-0.7239,-0.7397,-0.7519,-0.762,-0.7707,-0.7783,-0.7847,-0.7899,-0.7936,-0.1797,-0.0246,0.2249,0.379,-0.0301,-0.3064,-0.4751,-0.6266,-0.7846,-0.8392,-0.7516,-0.6805,-0.653,-0.6166,-0.4855,-0.4107,-0.5889,-0.7046,-0.7804,-0.928,-1.1817,-1.1468,-0.9352,-0.8197,-0.782,-0.7782,-0.783,-0.7871,-0.7898,-0.7923,-0.7959,-0.8004,-0.8054,-0.8101,-0.8138,-0.8161,-0.2758,-0.2396,-0.306,-0.6298,-0.6066,-0.3959,-0.352,-0.4536,-0.881,-1.0931,-0.7493,-0.6356,-0.6502,-0.673,-0.5387,-0.4223,-0.6685,-0.8457,-0.9292,-0.9602,-0.9974,-0.9872,-0.927,-0.8818,-0.8668,-0.8653,-0.8603,-0.8494,-0.8384,-0.8314,-0.8293,-0.8309,-0.8344,-0.8382,-0.8409,-0.8418,-0.3579,-0.3712,-0.4707,-0.6661,-0.6197,-0.3502,-0.1248,-0.0138,-0.4443,-0.7922,-0.6051,-0.5264,-0.6345,-0.8425,-0.789,-0.7231,-0.8539,-1.1251,-1.2069,-1.0826,-1.0062,-0.9704,-0.9454,-0.9368,-0.9497,-0.9602,-0.9431,-0.9108,-0.8832,-0.867,-0.861,-0.862,-0.8661,-0.8703,-0.8726,-0.8719,-0.4094,-0.4194,-0.4566,-0.4919,-0.4295,-0.2366,0.0638,0.394,0.1258,-0.3353,-0.4016,-0.2248,-0.3641,-0.895,-0.8485,-0.7795,-0.9483,-1.6173,-1.6547,-1.2113,-1.0607,-1.0093,-0.9875,-0.9958,-1.0468,-1.0823,-1.0354,-0.966,-0.9189,-0.8961,-0.8906,-0.8951,-0.9031,-0.9095,-0.9116,-0.9086,-0.4417,-0.44,-0.4405,-0.4246,-0.3602,-0.224,-0.0119,0.2028,0.0538,-0.3142,-0.3629,0.1707,0.3283,-0.2916,-0.6559,-0.7239,-0.8369,-1.2498,-1.3788,-1.1793,-1.1055,-1.0733,-1.0403,-1.0412,-1.1238,-1.1917,-1.1004,-0.9951,-0.9371,-0.9163,-0.9192,-0.934,-0.9507,-0.9614,-0.9627,-0.9552,-0.4671,-0.4594,-0.4482,-0.4245,-0.3773,-0.3012,-0.2104,-0.1718,-0.2994,-0.523,-0.6256,-0.4981,-0.4438,-0.5834,-0.6563,-0.7195,-0.8442,-0.9415,-1.0669,-1.137,-1.2226,-1.2095,-1.1122,-1.0566,-1.0912,-1.134,-1.0627,-0.976,-0.9323,-0.9281,-0.9514,-0.9875,-1.0199,-1.0362,-1.0334,-1.016,-0.4911,-0.4829,-0.4719,-0.4548,-0.4297,-0.4009,-0.386,-0.4222,-0.5484,-0.7751,-1.1007,-0.9678,-0.819,-0.7035,-0.7371,-0.7958,-0.8535,-0.9078,-1.01,-1.211,-1.5741,-1.4827,-1.1963,-1.0525,-1.01,-0.9982,-0.961,-0.92,-0.9081,-0.9354,-0.997,-1.0727,-1.1316,-1.1516,-1.1342,-1.0955,-0.5152,-0.5094,-0.5027,-0.495,-0.4879,-0.4872,-0.5056,-0.5611,-0.6711,-0.8512,-1.0778,-0.9832,-0.9607,-0.9811,-0.8707,-0.8731,-0.892,-0.9253,-0.9854,-1.1838,-1.6255,-1.5109,-1.1849,-1.0142,-0.9338,-0.8925,-0.8643,-0.8504,-0.8698,-0.9421,-1.0703,-1.2206,-1.3231,-1.3338,-1.276,-1.1946,-0.5388,-0.5363,-0.5346,-0.5348,-0.5391,-0.5522,-0.5811,-0.6334,-0.7131,-0.8128,-0.894,-0.9199,-0.9941,-1.0283,-1.0304,-1.0582,-0.9819,-0.9367,-0.9252,-1.0095,-1.1697,-1.1791,-1.0518,-0.9325,-0.8537,-0.8157,-0.7944,-0.7775,-0.8127,-0.9421,-1.1816,-1.4742,-1.6461,-1.6051,-1.4554,-1.3027,-0.5611,-0.5617,-0.5642,-0.5697,-0.5802,-0.5986,-0.6284,-0.6719,-0.7282,-0.7897,-0.8439,-0.8901,-0.948,-1.0422,-1.3349,-1.4639,-1.0982,-0.9451,-0.9101,-0.9005,-0.9539,-0.9715,-0.9189,-0.8372,-0.7777,-0.8074,-0.8146,-0.7021,-0.7167,-0.9079,-1.2979,-1.8172,-2.0787,-1.9117,-1.6216,-1.3876,-0.5816,-0.5847,-0.5901,-0.5987,-0.6121,-0.6317,-0.6591,-0.6948,-0.7372,-0.7826,-0.8279,-0.8755,-0.9389,-1.0558,-1.2911,-1.3615,-1.0987,-0.9372,-0.8347,-0.7995,-0.8646,-0.8704,-0.8252,-0.747,-0.6777,-0.7569,-0.7822,-0.502,-0.538,-0.7918,-1.2786,-1.9509,-2.2686,-2.0217,-1.6663,-1.4034,-0.5998,-0.6047,-0.6119,-0.6222,-0.6364,-0.6555,-0.6799,-0.7097,-0.7437,-0.7806,-0.8197,-0.8634,-0.9187,-0.9962,-1.0838,-1.0965,-1.0096,-0.9184,-0.8526,-0.8305,-0.8363,-0.8159,-0.7682,-0.6745,-0.5123,-0.2565,0.1759,0.0583,-0.2746,-0.5817,-1.0217,-1.5825,-1.8857,-1.7744,-1.5339,-1.3316,-0.6158,-0.6218,-0.63,-0.6409,-0.655,-0.6728,-0.6944,-0.7197,-0.7481,-0.7789,-0.812,-0.8484,-0.8896,-0.9343,-0.9701,-0.9734,-0.9409,-0.8969,-0.8604,-0.8364,-0.8145,-0.7911,-0.7663,-0.6612,-0.4158,0.0499,0.6411,0.3297,-0.1063,-0.3407,-0.6771,-1.0786,-1.3459,-1.3896,-1.3088,-1.2039,-0.6296,-0.6362,-0.6449,-0.6558,-0.6692,-0.6855,-0.7046,-0.7263,-0.7503,-0.7761,-0.8034,-0.8322,-0.8616,-0.8887,-0.9069,-0.909,-0.8943,-0.8707,-0.8455,-0.821,-0.7973,-0.7913,-0.7942,-0.6849,-0.4478,-0.1201,0.1304,0.0377,-0.0349,-0.1322,-0.4232,-0.7422,-0.9752,-1.0834,-1.0982,-1.0687,-0.6413,-0.6483,-0.6569,-0.6675,-0.6801,-0.6948,-0.7116,-0.7303,-0.7506,-0.7721,-0.7944,-0.8167,-0.8379,-0.8557,-0.8668,-0.8685,-0.8604,-0.8452,-0.8259,-0.8041,-0.7833,-0.7727,-0.7554,-0.6668,-0.5005,-0.306,-0.1648,-0.1027,-0.0304,-0.1043,-0.3396,-0.5857,-0.7752,-0.8908,-0.9433,-0.9553]}]