docs/data/wind_grid.json
[{"header":{"la1":42.85,"la2":41.18,"lo1":11.55,"lo2":14.05,"nx":36,"ny":24,"dx":0.07143,"dy":0.07261,"parameterCategory":2,"parameterNumber":2,"parameterNumberName":"eastward_wind","parameterUnit":"m.s-1"},"data":[-0.5247,-0.536,-0.5479,-0.5602,-0.5722,-0.5825,-0.5895,-0.5909,-0.5858,-0.5746,-0.5597,-0.5446,-0.5323,-0.525,-0.5234,-0.5272,-0.5345,-0.5428,-0.549,-0.5506,-0.5466,-0.5376,-0.5252,-0.5112,-0.4969,-0.4832,-0.4705,-0.4592,-0.449,-0.4401,-0.4322,-0.4252,-0.4189,-0.4134,-0.4084,-0.404,-0.5349,-0.5486,-0.5638,-0.5804,-0.5978,-0.6145,-0.6273,-0.6321,-0.6257,-0.6084,-0.5846,-0.5607,-0.542,-0.5318,-0.5311,-0.539,-0.5531,-0.5688,-0.5808,-0.5845,-0.5786,-0.5647,-0.5465,-0.5269,-0.5081,-0.4909,-0.4757,-0.4625,-0.4511,-0.4412,-0.4327,-0.4252,-0.4187,-0.4129,-0.4078,-0.4033,-0.5451,-0.5615,-0.5803,-0.6023,-0.6276,-0.6549,-0.6792,-0.6922,-0.6853,-0.6574,-0.6177,-0.5788,-0.55,-0.5355,-0.5363,-0.5511,-0.5766,-0.6058,-0.6283,-0.6349,-0.6238,-0.6004,-0.5722,-0.5444,-0.5195,-0.4981,-0.4801,-0.465,-0.4523,-0.4417,-0.4326,-0.4248,-0.4181,-0.4121,-0.4069,-0.4023,-0.555,-0.5738,-0.5963,-0.6244,-0.6602,-0.7044,-0.7516,-0.7848,-0.7806,-0.7323,-0.6621,-0.5976,-0.5535,-0.5334,-0.5366,-0.5621,-0.6066,-0.6606,-0.7032,-0.7133,-0.6889,-0.6464,-0.6017,-0.5622,-0.5298,-0.5038,-0.483,-0.4662,-0.4526,-0.4413,-0.4319,-0.4239,-0.417,-0.411,-0.4057,-0.401,-0.5644,-0.5852,-0.6105,-0.6438,-0.691,-0.7592,-0.8487,-0.9318,-0.942,-0.8496,-0.7184,-0.6123,-0.5478,-0.5213,-0.5281,-0.5676,-0.6415,-0.7412,-0.8258,-0.8379,-0.7797,-0.7006,-0.6311,-0.5774,-0.5372,-0.5069,-0.4838,-0.4658,-0.4516,-0.44,-0.4305,-0.4224,-0.4155,-0.4095,-0.4042,-0.3995,-0.5734,-0.5956,-0.622,-0.6573,-0.7115,-0.8034,-0.9564,-1.15,-1.2099,-1.0148,-0.7709,-0.6099,-0.5257,-0.4948,-0.5055,-0.5591,-0.6684,-0.8425,-1.0125,-1.0185,-0.8855,-0.7496,-0.6517,-0.5851,-0.539,-0.5061,-0.4818,-0.4635,-0.4492,-0.4378,-0.4284,-0.4204,-0.4136,-0.4077,-0.4025,-0.3978,-0.5829,-0.6065,-0.6324,-0.6639,-0.7128,-0.8071,-1.0004,-1.3269,-1.477,-1.1221,-0.7624,-0.5698,-0.4806,-0.4509,-0.4646,-0.5247,-0.6544,-0.8917,-1.1632,-1.1546,-0.9399,-0.7635,-0.652,-0.581,-0.5336,-0.5006,-0.4769,-0.4593,-0.4457,-0.4348,-0.4258,-0.4181,-0.4115,-0.4056,-0.4005,-0.3959,-0.5941,-0.621,-0.6472,-0.6714,-0.6999,-0.757,-0.889,-1.1252,-1.2205,-0.9209,-0.6347,-0.4835,-0.4129,-0.391,-0.4063,-0.4614,-0.5777,-0.7813,-1.0069,-1.019,-0.8633,-0.7231,-0.628,-0.5644,-0.5211,-0.491,-0.4695,-0.4537,-0.4414,-0.4314,-0.4229,-0.4156,-0.4091,-0.4034,-0.3983,-0.3937,-0.6072,-0.6422,-0.6763,-0.6986,-0.7007,-0.6978,-0.7133,-0.7348,-0.686,-0.5529,-0.4437,-0.374,-0.3321,-0.3216,-0.3404,-0.3843,-0.4809,-0.625,-0.7532,-0.7876,-0.7347,-0.6583,-0.5911,-0.5401,-0.5038,-0.4786,-0.4608,-0.4475,-0.4369,-0.428,-0.4201,-0.4131,-0.4067,-0.401,-0.3959,-0.3913,-0.6195,-0.6686,-0.7259,-0.7697,-0.7524,-0.6859,-0.6169,-0.5107,-0.3307,-0.2319,-0.2709,-0.2726,-0.245,-0.2441,-0.2909,-0.3211,-0.4218,-0.5742,-0.6774,-0.7013,-0.6677,-0.6113,-0.5566,-0.5141,-0.4848,-0.4657,-0.4525,-0.4423,-0.4334,-0.4253,-0.4179,-0.4109,-0.4044,-0.3985,-0.3932,-0.3886,-0.6239,-0.686,-0.7733,-0.8668,-0.846,-0.7158,-0.6275,-0.4871,-0.0869,0.1021,-0.1617,-0.1998,-0.144,-0.1149,-0.2241,-0.307,-0.4501,-0.6881,-0.8062,-0.7672,-0.6747,-0.59,-0.528,-0.4888,-0.4673,-0.4559,-0.4477,-0.4398,-0.4319,-0.424,-0.4164,-0.4091,-0.4021,-0.3958,-0.3902,-0.3854,-0.6129,-0.674,-0.7595,-0.8492,-0.8276,-0.7274,-0.7324,-0.7491,-0.4016,-0.1136,-0.1999,-0.1666,-0.0388,0.1408,0.021,-0.2591,-0.6119,-1.1259,-1.249,-0.9607,-0.7154,-0.5719,-0.4963,-0.4634,-0.4555,-0.4548,-0.4502,-0.442,-0.4332,-0.4246,-0.4161,-0.4077,-0.3997,-0.3925,-0.3864,-0.3815,-0.5862,-0.6326,-0.6868,-0.7275,-0.7196,-0.7162,-0.8229,-1.0048,-0.8181,-0.4373,-0.2624,-0.1765,-0.0646,0.2249,0.1244,-0.2619,-0.8028,-1.9277,-1.9495,-1.1191,-0.7023,-0.5192,-0.4482,-0.4379,-0.4578,-0.4718,-0.4632,-0.449,-0.4373,-0.4271,-0.4168,-0.4064,-0.3966,-0.3881,-0.3813,-0.3763,-0.5508,-0.5808,-0.6101,-0.6299,-0.6394,-0.6707,-0.7632,-0.8818,-0.7642,-0.4397,-0.2546,-0.1974,-0.1839,-0.1125,-0.1322,-0.3714,-0.741,-1.3804,-1.4615,-0.894,-0.5422,-0.3982,-0.372,-0.4077,-0.4704,-0.4983,-0.4769,-0.4564,-0.4436,-0.4318,-0.4185,-0.4044,-0.3914,-0.381,-0.3737,-0.3691,-0.5134,-0.5313,-0.5469,-0.5581,-0.568,-0.5875,-0.6191,-0.6214,-0.5038,-0.3015,-0.178,-0.1892,-0.2297,-0.3695,-0.2643,-0.5439,-0.8372,-0.7407,-0.6923,-0.464,-0.2464,-0.1965,-0.2601,-0.3537,-0.443,-0.4801,-0.4718,-0.4631,-0.4544,-0.4401,-0.4207,-0.3998,-0.3816,-0.3689,-0.3618,-0.3587,-0.4777,-0.487,-0.4939,-0.4975,-0.4984,-0.4967,-0.4843,-0.4363,-0.3238,-0.1478,0.0692,-0.2228,-0.2296,-0.2319,-0.2523,-0.4611,-0.675,-0.4693,-0.3049,-0.1292,0.0911,0.0428,-0.1396,-0.2864,-0.393,-0.4522,-0.4785,-0.4873,-0.4784,-0.4545,-0.4217,-0.3881,-0.3618,-0.3473,-0.3429,-0.3441,-0.4449,-0.448,-0.4483,-0.4449,-0.4365,-0.4203,-0.3894,-0.3322,-0.239,-0.1063,0.044,-0.0922,-0.1385,-0.116,-0.1167,-0.1571,-0.2014,-0.104,0.0078,0.0467,0.1503,0.0963,-0.0862,-0.2546,-0.3963,-0.4995,-0.5525,-0.5558,-0.5258,-0.4767,-0.4174,-0.3603,-0.3222,-0.3098,-0.3145,-0.3249,-0.4153,-0.4138,-0.4092,-0.4004,-0.3859,-0.3631,-0.3283,-0.2774,-0.2103,-0.1369,-0.0883,-0.0932,-0.089,-0.0519,0.1539,0.2565,0.1457,0.1884,0.2847,0.2082,0.1362,0.0535,-0.0856,-0.2691,-0.4762,-0.6599,-0.7283,-0.6808,-0.5978,-0.5046,-0.401,-0.3031,-0.2496,-0.2512,-0.2773,-0.3033,-0.3891,-0.3842,-0.3761,-0.3639,-0.3464,-0.3218,-0.2887,-0.2463,-0.1972,-0.1481,-0.108,-0.0729,-0.0128,0.1657,0.7181,0.9353,0.4182,0.3058,0.3694,0.4735,0.306,0.1181,-0.0617,-0.2912,-0.5946,-0.9108,-0.9806,-0.8272,-0.6788,-0.5365,-0.3774,-0.2196,-0.1503,-0.1842,-0.2424,-0.2862,-0.3663,-0.359,-0.3487,-0.3346,-0.3159,-0.2917,-0.2615,-0.2255,-0.1854,-0.1435,-0.0997,-0.0446,0.0511,0.2619,0.6699,0.7967,0.4683,0.4185,0.7537,0.9254,0.4888,0.2211,0.0171,-0.255,-0.6215,-0.9754,-1.0445,-0.9115,-0.7495,-0.5773,-0.3848,-0.1866,-0.1068,-0.1605,-0.2332,-0.2831,-0.3465,-0.3377,-0.3261,-0.3111,-0.2924,-0.2693,-0.2418,-0.21,-0.1744,-0.1351,-0.0897,-0.0302,0.0597,0.1999,0.3659,0.4234,0.3695,0.4068,0.5986,0.6642,0.4741,0.3531,0.2186,-0.0963,-0.528,-0.9114,-1.1574,-1.0563,-0.8107,-0.622,-0.4493,-0.279,-0.1957,-0.2153,-0.2617,-0.2977,-0.3296,-0.3198,-0.3076,-0.2925,-0.2742,-0.2524,-0.2271,-0.1982,-0.1657,-0.1289,-0.0857,-0.0317,0.0383,0.1242,0.2065,0.253,0.2734,0.3194,0.3967,0.4407,0.4838,0.6622,0.6816,0.2171,-0.3784,-0.9224,-1.3439,-1.1303,-0.7787,-0.634,-0.52,-0.3997,-0.321,-0.3003,-0.309,-0.323,-0.3153,-0.305,-0.2925,-0.2776,-0.26,-0.2396,-0.2162,-0.1898,-0.16,-0.1264,-0.0877,-0.0422,0.0108,0.0683,0.1217,0.1629,0.1972,0.2387,0.2926,0.3674,0.5429,0.9235,1.0419,0.4608,-0.1983,-0.6882,-0.9367,-0.8147,-0.6324,-0.612,-0.5546,-0.4698,-0.4018,-0.3649,-0.3511,-0.3481,-0.3033,-0.2928,-0.2804,-0.2659,-0.2492,-0.2301,-0.2085,-0.1843,-0.1574,-0.1273,-0.0936,-0.0559,-0.0148,0.0276,0.0678,0.1036,0.1375,0.1755,0.2256,0.3068,0.4636,0.6929,0.721,0.3533,-0.1131,-0.4664,-0.6435,-0.6472,-0.6095,-0.5995,-0.5551,-0.4923,-0.4375,-0.4,-0.3782,-0.3664]},{"header":{"la1":42.85,"la2":41.18,"lo1":11.55,"lo2":14.05,"nx":36,"ny":24,"dx":0.07143,"dy":0.07261,"parameterCategory":2,"parameterNumber":3,"parameterNumberName":"northward_wind","parameterUnit":"m.s-1"},"data":[-0.6666,-0.6641,-0.6604,-0.6556,-0.6496,-0.6427,-0.6355,-0.6285,-0.622,-0.6155,-0.608,-0.5983,-0.5853,-0.5686,-0.5483,-0.5254,-0.5015,-0.4789,-0.4604,-0.4478,-0.4417,-0.4412,-0.4448,-0.4507,-0.4577,-0.4651,-0.4725,-0.4799,-0.4871,-0.4943,-0.5013,-0.5082,-0.515,-0.5217,-0.5281,-0.5342,-0.6724,-0.6699,-0.6658,-0.6601,-0.6525,-0.6436,-0.6344,-0.6262,-0.6199,-0.6152,-0.6099,-0.6016,-0.5884,-0.5694,-0.5447,-0.5152,-0.4832,-0.4526,-0.428,-0.4132,-0.4089,-0.4127,-0.4213,-0.4319,-0.4427,-0.4531,-0.4628,-0.4719,-0.4806,-0.489,-0.4972,-0.5051,-0.5129,-0.5204,-0.5276,-0.5344,-0.6787,-0.6763,-0.6718,-0.6649,-0.6549,-0.6423,-0.6287,-0.6174,-0.6115,-0.6106,-0.6105,-0.606,-0.5938,-0.5727,-0.5424,-0.5037,-0.4592,-0.4149,-0.3802,-0.3629,-0.3635,-0.3762,-0.3936,-0.4112,-0.4271,-0.4409,-0.4531,-0.4641,-0.4743,-0.484,-0.4934,-0.5025,-0.5113,-0.5197,-0.5278,-0.5354,-0.6855,-0.6833,-0.6787,-0.6705,-0.6572,-0.638,-0.6151,-0.5956,-0.5891,-0.597,-0.6085,-0.6122,-0.603,-0.5801,-0.5434,-0.4923,-0.4281,-0.3595,-0.3057,-0.2859,-0.2998,-0.3303,-0.3624,-0.3898,-0.4117,-0.4293,-0.4439,-0.4566,-0.4683,-0.4794,-0.49,-0.5003,-0.5103,-0.5199,-0.5289,-0.5373,-0.6926,-0.6911,-0.687,-0.6781,-0.6612,-0.632,-0.59,-0.5482,-0.5369,-0.5658,-0.6033,-0.6222,-0.6182,-0.5943,-0.5513,-0.4854,-0.392,-0.2784,-0.1849,-0.1652,-0.2124,-0.2771,-0.3311,-0.3703,-0.3982,-0.419,-0.4356,-0.4498,-0.4628,-0.4752,-0.4872,-0.4989,-0.5102,-0.521,-0.5311,-0.5404,-0.6994,-0.699,-0.6964,-0.689,-0.6709,-0.6314,-0.5579,-0.4614,-0.4286,-0.5107,-0.6008,-0.6412,-0.6423,-0.6182,-0.5714,-0.4931,-0.3651,-0.1775,-0.0014,0.0089,-0.112,-0.2295,-0.3077,-0.3566,-0.3884,-0.4109,-0.4285,-0.4437,-0.4579,-0.4716,-0.4851,-0.4984,-0.5112,-0.5234,-0.5348,-0.5451,-0.7051,-0.7056,-0.7054,-0.7027,-0.6908,-0.6525,-0.556,-0.383,-0.3033,-0.4769,-0.6273,-0.6784,-0.6777,-0.6535,-0.6095,-0.5303,-0.3835,-0.1308,0.1473,0.1401,-0.0611,-0.2147,-0.3021,-0.352,-0.383,-0.4048,-0.4222,-0.4379,-0.4532,-0.4685,-0.4838,-0.499,-0.5137,-0.5275,-0.5403,-0.5516,-0.7082,-0.708,-0.7087,-0.7126,-0.7174,-0.7062,-0.645,-0.5112,-0.4524,-0.6068,-0.7195,-0.7393,-0.7226,-0.6993,-0.6695,-0.6074,-0.4757,-0.2526,-0.0129,0.0052,-0.1355,-0.2498,-0.3167,-0.3557,-0.3809,-0.3996,-0.416,-0.432,-0.4485,-0.4657,-0.4834,-0.501,-0.518,-0.5339,-0.5482,-0.5607,-0.7079,-0.7026,-0.6968,-0.7011,-0.7288,-0.7703,-0.795,-0.7987,-0.8296,-0.8819,-0.8689,-0.8136,-0.7677,-0.7498,-0.7567,-0.7308,-0.609,-0.4387,-0.2911,-0.2379,-0.265,-0.3071,-0.3393,-0.3617,-0.3785,-0.3933,-0.4083,-0.4249,-0.4433,-0.4633,-0.4841,-0.505,-0.5249,-0.5433,-0.5594,-0.5731,-0.7055,-0.6897,-0.6618,-0.6392,-0.6838,-0.8056,-0.9277,-1.0457,-1.1971,-1.2331,-1.0464,-0.8781,-0.7986,-0.7903,-0.8716,-0.9185,-0.7207,-0.5419,-0.4289,-0.3686,-0.3475,-0.3468,-0.3534,-0.3622,-0.3719,-0.3832,-0.3975,-0.4156,-0.4371,-0.4612,-0.4865,-0.5117,-0.5355,-0.5569,-0.5751,-0.5899,-0.7058,-0.6802,-0.6225,-0.5359,-0.5736,-0.8173,-1.0332,-1.2045,-1.5223,-1.6835,-1.1828,-0.8969,-0.8077,-0.8081,-0.8691,-0.9243,-0.7037,-0.5407,-0.4555,-0.4045,-0.3723,-0.3558,-0.3508,-0.3525,-0.3579,-0.367,-0.3818,-0.4031,-0.4298,-0.46,-0.4916,-0.5228,-0.5516,-0.5766,-0.5969,-0.6125,-0.7139,-0.6916,-0.6388,-0.5595,-0.6124,-0.8929,-1.1472,-1.2875,-1.3884,-1.4477,-1.0825,-0.8462,-0.8032,-0.893,-0.8306,-0.7038,-0.567,-0.4766,-0.439,-0.3956,-0.3583,-0.337,-0.3303,-0.3322,-0.3365,-0.3437,-0.36,-0.3871,-0.4218,-0.4607,-0.5012,-0.5404,-0.5757,-0.6051,-0.6274,-0.6429,-0.7287,-0.7221,-0.7082,-0.7083,-0.7957,-0.9974,-1.2263,-1.3888,-1.3068,-1.1218,-0.9059,-0.7769,-0.7356,-0.9199,-0.8294,-0.5523,-0.4073,-0.4548,-0.4544,-0.3657,-0.3128,-0.2901,-0.2922,-0.3051,-0.3132,-0.3167,-0.3347,-0.37,-0.4153,-0.4659,-0.5183,-0.5685,-0.6123,-0.6466,-0.6701,-0.6838,-0.7433,-0.7514,-0.7657,-0.8015,-0.8828,-1.0146,-1.1704,-1.2942,-1.2188,-0.9763,-0.7935,-0.7707,-0.723,-0.1138,-0.4283,-0.2297,-0.0321,-0.2644,-0.3466,-0.2792,-0.2167,-0.1991,-0.2306,-0.2748,-0.2998,-0.3009,-0.3171,-0.3584,-0.4142,-0.479,-0.5477,-0.6132,-0.6683,-0.7076,-0.7302,-0.7387,-0.7519,-0.7671,-0.7902,-0.8282,-0.8868,-0.9631,-1.0387,-1.0693,-0.9885,-0.8291,-0.7061,-0.6247,-0.4007,-0.0266,-0.2213,0.3202,1.0387,0.2013,-0.1412,-0.1341,-0.0137,-0.0153,-0.1309,-0.2321,-0.2859,-0.3005,-0.315,-0.3553,-0.4201,-0.5033,-0.5958,-0.6846,-0.7551,-0.7984,-0.8147,-0.8113,-0.753,-0.7691,-0.7908,-0.8199,-0.856,-0.8931,-0.9164,-0.9021,-0.8329,-0.7349,-0.6825,-0.6054,-0.5295,-0.3598,-0.2675,0.216,0.7029,0.1447,-0.1337,-0.0046,0.3913,0.2965,-0.0155,-0.1811,-0.2494,-0.2757,-0.2972,-0.3438,-0.4263,-0.54,-0.6719,-0.7989,-0.8919,-0.9341,-0.9322,-0.9047,-0.7481,-0.7619,-0.7785,-0.7976,-0.8169,-0.8309,-0.8308,-0.8068,-0.7576,-0.7018,-0.6761,-0.6368,-0.6619,-0.6721,-0.4641,-0.2609,-0.1429,-0.2775,-0.3665,-0.1106,0.4346,0.3207,-0.014,-0.1631,-0.2024,-0.2024,-0.2209,-0.2935,-0.419,-0.5874,-0.7874,-0.9823,-1.1087,-1.1344,-1.089,-1.0176,-0.7392,-0.7497,-0.7611,-0.7721,-0.7807,-0.7831,-0.7749,-0.7531,-0.7201,-0.6858,-0.6609,-0.6502,-0.7001,-0.7114,-0.6363,-0.5912,-0.5037,-0.5991,-0.7489,-0.4607,-0.1411,-0.0663,-0.1454,-0.1819,-0.1351,-0.0406,-0.0343,-0.1796,-0.3907,-0.6417,-0.9486,-1.2633,-1.4374,-1.4076,-1.2755,-1.1368,-0.7283,-0.7356,-0.7426,-0.7481,-0.7505,-0.7477,-0.7376,-0.7199,-0.6969,-0.6737,-0.6558,-0.6496,-0.6623,-0.6952,-0.8519,-0.9247,-0.6781,-0.6566,-0.7188,-0.6296,-0.4552,-0.324,-0.271,-0.2098,-0.0522,0.234,0.2918,-0.0385,-0.3652,-0.6929,-1.118,-1.6026,-1.831,-1.691,-1.4407,-1.2311,-0.7167,-0.7214,-0.7251,-0.7271,-0.7261,-0.7211,-0.7114,-0.6973,-0.6804,-0.6637,-0.651,-0.6465,-0.6573,-0.7044,-0.8313,-0.8679,-0.7058,-0.6554,-0.7358,-0.7799,-0.584,-0.4396,-0.3544,-0.259,-0.0732,0.269,0.3439,-0.0833,-0.4032,-0.7243,-1.1731,-1.7353,-1.9898,-1.7913,-1.4934,-1.2611,-0.7054,-0.708,-0.7095,-0.7092,-0.7065,-0.7008,-0.692,-0.6805,-0.6675,-0.6549,-0.6453,-0.6418,-0.649,-0.6742,-0.7122,-0.7119,-0.6618,-0.6405,-0.6775,-0.6805,-0.5726,-0.477,-0.4158,-0.3401,-0.23,-0.1536,-0.2608,-0.3379,-0.5109,-0.7467,-1.0655,-1.4751,-1.698,-1.6029,-1.3971,-1.2143,-0.6947,-0.6957,-0.6957,-0.6941,-0.6905,-0.6848,-0.6769,-0.6673,-0.6568,-0.6467,-0.6387,-0.6345,-0.636,-0.6434,-0.6503,-0.6436,-0.6236,-0.6094,-0.6053,-0.5832,-0.5287,-0.4848,-0.4657,-0.419,-0.3612,-0.3572,-0.3973,-0.4585,-0.6896,-0.8261,-0.9552,-1.1586,-1.3107,-1.3156,-1.2277,-1.1202,-0.6848,-0.6848,-0.6837,-0.6813,-0.6774,-0.6718,-0.6647,-0.6565,-0.6476,-0.639,-0.6316,-0.6263,-0.6235,-0.6222,-0.6192,-0.6109,-0.5976,-0.5834,-0.5679,-0.5432,-0.5087,-0.4865,-0.4846,-0.4612,-0.4358,-0.4429,-0.4924,-0.6979,-1.0062,-0.9778,-0.9307,-0.9891,-1.0679,-1.0966,-1.0715,-1.0191,-0.6758,-0.6751,-0.6733,-0.6705,-0.6664,-0.6611,-0.6547,-0.6474,-0.6396,-0.6319,-0.6247,-0.6185,-0.6132,-0.6081,-0.6017,-0.5926,-0.5809,-0.5672,-0.5508,-0.5302,-0.5072,-0.4907,-0.4846,-0.479,-0.4825,-0.5166,-0.6122,-0.8295,-1.0485,-1.0042,-0.9189,-0.9116,-0.9406,-0.9609,-0.9567,-0.9331]}]