docs/data/wind_grid.json
[{"header":{"la1":42.85,"la2":41.18,"lo1":11.55,"lo2":14.05,"nx":36,"ny":24,"dx":0.07143,"dy":0.07261,"parameterCategory":2,"parameterNumber":2,"parameterNumberName":"eastward_wind","parameterUnit":"m.s-1"},"data":[-0.2626,-0.2787,-0.2972,-0.3179,-0.3394,-0.3598,-0.3759,-0.3845,-0.383,-0.3713,-0.3515,-0.327,-0.3015,-0.2778,-0.258,-0.2438,-0.2366,-0.238,-0.2489,-0.2683,-0.2922,-0.3143,-0.3286,-0.3328,-0.3281,-0.3177,-0.3043,-0.2898,-0.2751,-0.2608,-0.2469,-0.2337,-0.2211,-0.2092,-0.198,-0.1876,-0.2606,-0.2794,-0.3024,-0.3295,-0.3599,-0.3908,-0.4172,-0.4328,-0.4324,-0.415,-0.3849,-0.3486,-0.312,-0.2789,-0.2516,-0.2314,-0.2204,-0.2214,-0.2377,-0.2698,-0.3114,-0.3493,-0.3709,-0.3731,-0.3616,-0.3435,-0.3236,-0.304,-0.2854,-0.268,-0.2518,-0.2366,-0.2224,-0.2092,-0.1969,-0.1855,-0.2548,-0.276,-0.3036,-0.3388,-0.3817,-0.4295,-0.4746,-0.5047,-0.5073,-0.4797,-0.4314,-0.376,-0.3233,-0.2777,-0.2403,-0.2116,-0.1933,-0.1903,-0.2119,-0.2649,-0.3407,-0.4095,-0.4408,-0.4329,-0.4053,-0.3738,-0.3444,-0.3184,-0.2954,-0.2748,-0.256,-0.2388,-0.2229,-0.2082,-0.1947,-0.1824,-0.2438,-0.2662,-0.2977,-0.3416,-0.4009,-0.4754,-0.5556,-0.6173,-0.6283,-0.5794,-0.4961,-0.4093,-0.3339,-0.2725,-0.2231,-0.183,-0.151,-0.1335,-0.1526,-0.2377,-0.385,-0.5214,-0.5599,-0.5173,-0.4568,-0.4051,-0.3643,-0.3316,-0.3042,-0.2804,-0.2592,-0.2399,-0.2223,-0.2061,-0.1914,-0.178,-0.2262,-0.2476,-0.2804,-0.3311,-0.409,-0.5222,-0.6673,-0.8025,-0.8375,-0.7363,-0.5814,-0.4445,-0.34,-0.261,-0.199,-0.1459,-0.092,-0.0349,-0.0161,-0.1374,-0.4312,-0.718,-0.7383,-0.6109,-0.5029,-0.4305,-0.38,-0.3419,-0.311,-0.2846,-0.261,-0.2397,-0.2203,-0.2026,-0.1866,-0.1723,-0.2015,-0.2188,-0.248,-0.2989,-0.3903,-0.5478,-0.7951,-1.0955,-1.2001,-0.9614,-0.6706,-0.4689,-0.3349,-0.239,-0.166,-0.1036,-0.0268,0.1074,0.2741,0.1537,-0.3699,-0.8409,-0.8312,-0.6461,-0.5205,-0.4422,-0.3887,-0.3485,-0.3156,-0.287,-0.2614,-0.238,-0.2167,-0.1974,-0.1801,-0.1647,-0.1702,-0.1813,-0.2024,-0.2418,-0.3289,-0.5108,-0.843,-1.3529,-1.5816,-1.1223,-0.7012,-0.4628,-0.3121,-0.201,-0.1164,-0.0549,0.0157,0.1965,0.5887,0.5113,-0.2202,-0.6201,-0.6787,-0.5946,-0.507,-0.4408,-0.3914,-0.3521,-0.3184,-0.2881,-0.2603,-0.2346,-0.2112,-0.1901,-0.1714,-0.155,-0.1336,-0.1402,-0.1605,-0.1839,-0.2344,-0.3947,-0.6891,-1.0911,-1.2579,-0.936,-0.6253,-0.425,-0.2744,-0.1398,-0.0256,0.0309,0.0379,0.0968,0.2584,0.0687,-0.5387,-0.7131,-0.6423,-0.5604,-0.4905,-0.4358,-0.3926,-0.3555,-0.3213,-0.2888,-0.258,-0.2294,-0.2034,-0.1802,-0.16,-0.1427,-0.0901,-0.0914,-0.1389,-0.1959,-0.1485,-0.2474,-0.4621,-0.6694,-0.7532,-0.6799,-0.5394,-0.3909,-0.2407,-0.0559,0.1685,0.2554,0.1225,-0.012,-0.1363,-0.5014,-1.173,-1.0864,-0.7271,-0.5616,-0.4831,-0.4359,-0.399,-0.3634,-0.3269,-0.2901,-0.2547,-0.2219,-0.1926,-0.1671,-0.1454,-0.1273,-0.0375,-0.0042,-0.0025,-0.0159,0.0763,-0.08,-0.3094,-0.5001,-0.6594,-0.6933,-0.5491,-0.3929,-0.246,-0.0062,0.5398,0.8283,0.285,-0.0373,-0.2396,-0.5405,-0.9634,-0.9376,-0.678,-0.5389,-0.4803,-0.4499,-0.4203,-0.3826,-0.3386,-0.2932,-0.2501,-0.2114,-0.1779,-0.1497,-0.1265,-0.1078,0.0113,0.105,0.2963,0.6923,0.6089,0.0874,-0.2259,-0.4392,-0.8191,-1.0024,-0.6114,-0.4185,-0.3183,-0.162,0.401,0.8224,0.2039,-0.1022,-0.2549,-0.3962,-0.5494,-0.5904,-0.5368,-0.5001,-0.4986,-0.5001,-0.475,-0.4227,-0.3594,-0.2976,-0.2426,-0.196,-0.1575,-0.1265,-0.1021,-0.0835,0.0297,0.1403,0.3528,0.672,0.5714,0.0745,-0.1889,-0.2838,-0.5445,-0.7501,-0.5369,-0.4435,-0.4274,-0.4687,-0.2941,-0.0405,-0.095,-0.2607,-0.3331,-0.3374,-0.3746,-0.4124,-0.4422,-0.4976,-0.5847,-0.6372,-0.594,-0.4929,-0.3881,-0.2995,-0.2285,-0.1725,-0.1287,-0.0954,-0.0707,-0.0532,0.0115,0.0892,0.1974,0.2802,0.1832,-0.0448,-0.1758,-0.1956,-0.2259,-0.3926,-0.4427,-0.519,-0.5257,-0.5558,-0.4523,-0.208,-0.2,-0.4819,-0.5016,-0.3324,-0.3034,-0.3299,-0.3991,-0.5479,-0.7935,-0.9377,-0.8008,-0.5827,-0.4109,-0.289,-0.2012,-0.1363,-0.0883,-0.0539,-0.0304,-0.0156,-0.025,0.0147,0.0508,0.0523,-0.0124,-0.1113,-0.1704,-0.1591,-0.199,-0.3025,-0.3958,-0.6459,-0.7192,-0.4696,-0.2848,-0.0712,-0.1029,-0.3002,-0.3639,-0.2721,-0.2439,-0.2685,-0.3582,-0.5815,-1.019,-1.2865,-0.9785,-0.6235,-0.3959,-0.2515,-0.1529,-0.0823,-0.0323,0.0011,0.0209,0.0305,-0.0614,-0.0455,-0.0391,-0.0534,-0.0928,-0.1419,-0.1776,-0.1964,-0.2223,-0.2534,-0.2846,-0.361,-0.3992,-0.4008,-0.2048,-0.0221,0.0339,-0.1041,-0.1787,-0.1808,-0.1743,-0.1977,-0.2824,-0.4826,-0.8464,-1.0689,-0.8303,-0.5238,-0.3152,-0.1767,-0.0782,-0.006,0.0439,0.0732,0.0855,0.086,-0.0899,-0.0857,-0.089,-0.1034,-0.128,-0.1562,-0.1798,-0.1961,-0.2051,-0.1938,-0.1402,-0.1989,-0.2107,-0.215,-0.148,-0.0566,0.0033,-0.0623,-0.104,-0.1188,-0.1183,-0.1321,-0.1932,-0.3098,-0.4712,-0.5593,-0.4746,-0.32,-0.1819,-0.0699,0.0225,0.0962,0.1453,0.1667,0.1654,0.1511,-0.1095,-0.1102,-0.1158,-0.1272,-0.1431,-0.1602,-0.1744,-0.1827,-0.1814,-0.1632,-0.1286,-0.1282,0.0628,0.1684,-0.0226,-0.0385,-0.0353,-0.0442,-0.0529,-0.0765,-0.1052,-0.1079,-0.1259,-0.1692,-0.2172,-0.2321,-0.1951,-0.1236,-0.0384,0.0514,0.1432,0.2269,0.2788,0.2859,0.2607,0.2235,-0.1219,-0.1242,-0.1294,-0.1377,-0.1478,-0.1577,-0.165,-0.1672,-0.1617,-0.1463,-0.1199,-0.0557,0.1481,0.2107,0.0908,0.0764,0.0207,-0.0067,-0.0035,-0.0234,-0.0497,-0.0585,-0.0574,-0.0616,-0.0698,-0.0745,-0.0536,0.0085,0.0859,0.1702,0.2735,0.3857,0.4487,0.4286,0.3639,0.2956,-0.129,-0.1313,-0.1354,-0.1408,-0.1468,-0.1518,-0.1543,-0.1523,-0.1441,-0.1274,-0.0978,-0.0435,0.0374,0.104,0.253,0.3244,0.1049,0.0225,0.0148,0.0322,0.0194,0.0168,0.028,0.0367,0.0171,-0.0749,-0.0914,0.0795,0.1987,0.2788,0.3901,0.544,0.6252,0.563,0.4509,0.353,-0.1323,-0.1341,-0.1368,-0.1399,-0.1428,-0.1444,-0.1436,-0.1389,-0.1289,-0.1117,-0.0846,-0.0443,0.0097,0.0866,0.2245,0.2661,0.1201,0.055,0.0766,0.0951,0.079,0.1048,0.1365,0.1511,0.1278,-0.0322,-0.0714,0.2587,0.3524,0.3792,0.4555,0.6057,0.6898,0.6113,0.4855,0.3803,-0.133,-0.1341,-0.1354,-0.1367,-0.1374,-0.1366,-0.1336,-0.1272,-0.1165,-0.1001,-0.0766,-0.0449,-0.0038,0.0489,0.1055,0.1198,0.0855,0.0666,0.08,0.0989,0.149,0.245,0.3031,0.3026,0.3314,0.4767,0.8363,0.7583,0.5528,0.4716,0.4731,0.5428,0.5935,0.5491,0.46,0.3748,-0.1321,-0.1323,-0.1326,-0.1324,-0.1314,-0.129,-0.1246,-0.1173,-0.1065,-0.0914,-0.0713,-0.0459,-0.0155,0.0181,0.0477,0.0622,0.0645,0.0728,0.0984,0.1531,0.2841,0.5038,0.5807,0.4724,0.4882,0.7768,1.2396,0.9854,0.6422,0.5359,0.4873,0.4805,0.4862,0.4619,0.4098,0.3506,-0.13,-0.1295,-0.1288,-0.1275,-0.1254,-0.1219,-0.1165,-0.1089,-0.0984,-0.0846,-0.0674,-0.0467,-0.0234,0.0009,0.0229,0.0407,0.0573,0.0815,0.1253,0.2123,0.3956,0.6918,0.7735,0.571,0.5222,0.6725,0.833,0.723,0.6006,0.5695,0.5044,0.4563,0.4294,0.4021,0.3652,0.3227,-0.1272,-0.1261,-0.1247,-0.1226,-0.1195,-0.1153,-0.1095,-0.1017,-0.0916,-0.0791,-0.064,-0.0466,-0.0274,-0.0073,0.0127,0.0329,0.0563,0.0888,0.1408,0.23,0.3795,0.5636,0.618,0.5249,0.488,0.5435,0.6014,0.5948,0.5905,0.5674,0.5001,0.44,0.3983,0.3651,0.3321,0.2976]},{"header":{"la1":42.85,"la2":41.18,"lo1":11.55,"lo2":14.05,"nx":36,"ny":24,"dx":0.07143,"dy":0.07261,"parameterCategory":2,"parameterNumber":3,"parameterNumberName":"northward_wind","parameterUnit":"m.s-1"},"data":[-0.3816,-0.3938,-0.4083,-0.4249,-0.4429,-0.4607,-0.476,-0.4864,-0.4898,-0.4855,-0.4746,-0.4588,-0.4398,-0.4187,-0.3962,-0.3734,-0.3516,-0.333,-0.3197,-0.3128,-0.3116,-0.3138,-0.3165,-0.3182,-0.3186,-0.3181,-0.3169,-0.3153,-0.3132,-0.3106,-0.3074,-0.3036,-0.2994,-0.2949,-0.2902,-0.2855,-0.3766,-0.3906,-0.4081,-0.4295,-0.454,-0.4799,-0.5035,-0.5201,-0.5255,-0.5189,-0.5025,-0.4802,-0.4548,-0.4275,-0.3986,-0.3688,-0.3398,-0.3151,-0.2989,-0.294,-0.2989,-0.3079,-0.3152,-0.3183,-0.3184,-0.3173,-0.316,-0.3143,-0.3122,-0.3095,-0.3061,-0.302,-0.2974,-0.2923,-0.2871,-0.2818,-0.3685,-0.3839,-0.4046,-0.4316,-0.4653,-0.5038,-0.5419,-0.5701,-0.5792,-0.567,-0.5401,-0.507,-0.4728,-0.438,-0.4014,-0.3621,-0.3219,-0.2867,-0.2655,-0.2659,-0.2851,-0.3089,-0.3226,-0.3243,-0.321,-0.3176,-0.3154,-0.3137,-0.3116,-0.3088,-0.3051,-0.3005,-0.2952,-0.2895,-0.2835,-0.2776,-0.3564,-0.3725,-0.3956,-0.4285,-0.4738,-0.5321,-0.5967,-0.6493,-0.6658,-0.6399,-0.5907,-0.5395,-0.4935,-0.4507,-0.4057,-0.3543,-0.2964,-0.2406,-0.2076,-0.2193,-0.2736,-0.3321,-0.352,-0.3406,-0.3263,-0.3183,-0.315,-0.3133,-0.3115,-0.3086,-0.3044,-0.2991,-0.2929,-0.2863,-0.2794,-0.2727,-0.3399,-0.3552,-0.3789,-0.4159,-0.4736,-0.56,-0.6737,-0.7826,-0.8173,-0.7533,-0.6553,-0.5744,-0.5154,-0.4663,-0.4145,-0.3493,-0.2641,-0.1661,-0.0973,-0.1262,-0.2624,-0.4059,-0.4183,-0.364,-0.3297,-0.3171,-0.3141,-0.3136,-0.3123,-0.3093,-0.3044,-0.298,-0.2905,-0.2826,-0.2746,-0.2669,-0.3188,-0.3321,-0.3537,-0.3896,-0.4541,-0.5709,-0.7626,-0.9999,-1.0862,-0.9157,-0.7207,-0.6025,-0.5351,-0.4861,-0.433,-0.3569,-0.2379,-0.0623,0.1139,0.0786,-0.1929,-0.4626,-0.4574,-0.3611,-0.3203,-0.3117,-0.3131,-0.3152,-0.3149,-0.3114,-0.3052,-0.2971,-0.2879,-0.2782,-0.2687,-0.2598,-0.2942,-0.3059,-0.3254,-0.3527,-0.4065,-0.5326,-0.7877,-1.1948,-1.3776,-1.0293,-0.74,-0.6094,-0.55,-0.512,-0.4676,-0.3922,-0.2535,-0.0058,0.3313,0.305,-0.0289,-0.2554,-0.3168,-0.2972,-0.2944,-0.3042,-0.3146,-0.3205,-0.3206,-0.3158,-0.3072,-0.2965,-0.2846,-0.2727,-0.2614,-0.2511,-0.2658,-0.2804,-0.3118,-0.3353,-0.3448,-0.4304,-0.6435,-0.9692,-1.1115,-0.8699,-0.6738,-0.5922,-0.562,-0.5469,-0.524,-0.466,-0.3401,-0.1227,0.1282,0.1539,0.098,0.0174,-0.1282,-0.2181,-0.2702,-0.3041,-0.3245,-0.333,-0.3317,-0.3234,-0.3107,-0.2958,-0.2804,-0.2655,-0.2519,-0.24,-0.2296,-0.2454,-0.3149,-0.3881,-0.2939,-0.2941,-0.4167,-0.57,-0.6463,-0.6196,-0.582,-0.5705,-0.5777,-0.5922,-0.6062,-0.5809,-0.4691,-0.2991,-0.1215,0.0524,0.3315,0.2618,-0.02,-0.1844,-0.2736,-0.3247,-0.3507,-0.3575,-0.3506,-0.3352,-0.3155,-0.2945,-0.2742,-0.2556,-0.2394,-0.2259,-0.1812,-0.1668,-0.1888,-0.2133,-0.0902,-0.119,-0.2128,-0.3257,-0.4542,-0.523,-0.5342,-0.5628,-0.6005,-0.6391,-0.7072,-0.7386,-0.5854,-0.4201,-0.2614,-0.0639,0.1845,0.149,-0.0689,-0.2243,-0.3217,-0.3793,-0.4031,-0.3999,-0.3796,-0.3511,-0.3205,-0.2911,-0.2645,-0.2415,-0.2226,-0.2075,-0.1321,-0.0633,0.0736,0.357,0.3192,0.0734,-0.0063,-0.1114,-0.466,-0.6327,-0.5241,-0.5713,-0.6318,-0.6715,-0.7232,-0.7563,-0.6151,-0.4665,-0.3449,-0.2327,-0.1303,-0.1249,-0.2142,-0.3247,-0.4232,-0.4854,-0.4963,-0.467,-0.4198,-0.3697,-0.3234,-0.2829,-0.2488,-0.2212,-0.1996,-0.1836,-0.1059,-0.0169,0.1411,0.3604,0.327,0.175,0.2564,0.3491,-0.0623,-0.4332,-0.4824,-0.5965,-0.6736,-0.6976,-0.7081,-0.6983,-0.5983,-0.4078,-0.3148,-0.3064,-0.2825,-0.2846,-0.3423,-0.4547,-0.5942,-0.6795,-0.6534,-0.5634,-0.4675,-0.3856,-0.3191,-0.2659,-0.2238,-0.1917,-0.1684,-0.1524,-0.1102,-0.0375,0.0595,0.1479,0.1632,0.2113,0.4601,0.7034,0.5697,-0.1091,-0.4659,-0.6473,-0.7242,-0.7129,-0.7384,-0.786,-0.6518,-0.1786,-0.1337,-0.3088,-0.3327,-0.3493,-0.4206,-0.5908,-0.8631,-1.0213,-0.888,-0.6742,-0.5069,-0.3877,-0.3003,-0.2344,-0.185,-0.1496,-0.126,-0.1121,-0.1338,-0.0836,-0.0276,0.0223,0.0685,0.168,0.3915,0.7087,0.4856,-0.1496,-0.5241,-0.6953,-0.754,-1.0258,-0.8938,-1.0506,-0.8817,-0.4505,-0.2978,-0.3411,-0.3328,-0.3464,-0.4345,-0.6664,-1.1127,-1.3812,-1.0778,-0.7303,-0.5063,-0.3608,-0.258,-0.182,-0.1269,-0.0902,-0.0693,-0.0605,-0.1648,-0.1315,-0.0967,-0.0621,-0.0213,0.0439,0.1361,0.1747,-0.0213,-0.3745,-0.6228,-0.7424,-0.8479,-0.9939,-0.9355,-1.1089,-0.9164,-0.6826,-0.4592,-0.3366,-0.2595,-0.2674,-0.3712,-0.5877,-0.9533,-1.172,-0.9437,-0.6476,-0.4401,-0.2949,-0.1855,-0.1018,-0.0426,-0.008,0.0056,0.0043,-0.1968,-0.1757,-0.1548,-0.1347,-0.1145,-0.095,-0.0923,-0.1514,-0.3177,-0.557,-0.7561,-0.8483,-0.825,-0.8315,-0.8259,-0.8477,-0.8188,-0.6093,-0.3856,-0.2286,-0.0795,-0.1197,-0.2699,-0.4313,-0.608,-0.7005,-0.6225,-0.4701,-0.3235,-0.1945,-0.0809,0.013,0.0767,0.1045,0.1024,0.0831,-0.2271,-0.2152,-0.2051,-0.1982,-0.1966,-0.206,-0.2389,-0.3141,-0.4413,-0.6035,-0.7409,-0.7659,-0.734,-0.7093,-0.6944,-0.6559,-0.557,-0.3189,-0.1047,-0.0945,-0.0385,-0.0826,-0.2124,-0.3178,-0.3971,-0.4284,-0.3948,-0.3105,-0.1991,-0.0753,0.0536,0.1706,0.2433,0.2547,0.2224,0.1735,-0.2543,-0.2494,-0.2473,-0.25,-0.2601,-0.2822,-0.323,-0.3885,-0.4775,-0.5746,-0.6484,-0.6767,-0.6792,-0.6626,-0.5628,-0.4738,-0.3351,0.088,0.4912,0.1037,-0.0638,-0.1278,-0.1963,-0.2568,-0.3066,-0.3443,-0.3264,-0.226,-0.0939,0.0483,0.2105,0.3754,0.4662,0.4417,0.3564,0.2661,-0.2777,-0.2777,-0.2811,-0.2895,-0.3049,-0.3302,-0.3681,-0.4193,-0.4801,-0.5402,-0.5854,-0.6063,-0.6009,-0.5449,-0.3898,-0.3249,-0.2549,0.0865,0.3354,0.1313,-0.0238,-0.1243,-0.1824,-0.2202,-0.2804,-0.4304,-0.4571,-0.2026,0.0084,0.1715,0.3625,0.5906,0.705,0.6219,0.472,0.3413,-0.2971,-0.3003,-0.3069,-0.3179,-0.3348,-0.3587,-0.3904,-0.4289,-0.4707,-0.5092,-0.5367,-0.5461,-0.5299,-0.4734,-0.3742,-0.3259,-0.2495,-0.0563,0.1279,0.1749,-0.0066,-0.132,-0.1818,-0.1855,-0.2106,-0.4081,-0.4564,-0.0276,0.179,0.3042,0.4583,0.6781,0.7929,0.6878,0.5193,0.3779,-0.3125,-0.3176,-0.3257,-0.3374,-0.3534,-0.3742,-0.3996,-0.4281,-0.4568,-0.4816,-0.4974,-0.4992,-0.4823,-0.4431,-0.389,-0.3343,-0.2534,-0.1272,0.0083,0.037,-0.0889,-0.207,-0.2374,-0.1702,-0.049,0.1316,0.4916,0.4877,0.4476,0.4785,0.5179,0.6067,0.6687,0.6083,0.4881,0.372,-0.3243,-0.3303,-0.3387,-0.3499,-0.3642,-0.3815,-0.4012,-0.422,-0.4417,-0.4574,-0.4657,-0.4636,-0.4485,-0.4198,-0.3802,-0.3311,-0.2678,-0.1928,-0.1326,-0.1364,-0.2332,-0.3861,-0.4203,-0.2358,0.0423,0.4377,0.8651,0.7539,0.7648,0.7558,0.6407,0.5724,0.5489,0.5034,0.4267,0.3421,-0.333,-0.3392,-0.3472,-0.3573,-0.3695,-0.3834,-0.3985,-0.4135,-0.4268,-0.4363,-0.44,-0.4357,-0.4223,-0.3993,-0.3677,-0.3285,-0.2831,-0.2387,-0.2125,-0.2312,-0.3292,-0.5219,-0.5791,-0.3143,0.0241,0.3682,0.6401,0.865,1.2514,1.1278,0.8082,0.6075,0.5062,0.4393,0.3741,0.3074,-0.339,-0.345,-0.3523,-0.361,-0.3711,-0.382,-0.3933,-0.4039,-0.4127,-0.4181,-0.4187,-0.4133,-0.4011,-0.3819,-0.3564,-0.3259,-0.2932,-0.2642,-0.2496,-0.2641,-0.325,-0.4234,-0.433,-0.254,0.0094,0.2843,0.5602,0.9309,1.3138,1.1839,0.852,0.6197,0.4851,0.4003,0.3342,0.2752]}]