docs/data/wind_grid.json
[{"header":{"la1":42.85,"la2":41.18,"lo1":11.55,"lo2":14.05,"nx":36,"ny":24,"dx":0.07143,"dy":0.07261,"parameterCategory":2,"parameterNumber":2,"parameterNumberName":"eastward_wind","parameterUnit":"m.s-1"},"data":[-0.7598,-0.7639,-0.7666,-0.7676,-0.7672,-0.7648,-0.7601,-0.7521,-0.7402,-0.7249,-0.708,-0.6916,-0.6779,-0.6681,-0.662,-0.6587,-0.656,-0.6512,-0.6419,-0.6274,-0.6096,-0.5936,-0.5843,-0.5836,-0.5893,-0.5979,-0.6064,-0.6133,-0.6183,-0.6214,-0.623,-0.6235,-0.6232,-0.6223,-0.621,-0.6196,-0.778,-0.784,-0.7883,-0.7907,-0.7918,-0.7913,-0.7884,-0.7809,-0.7667,-0.746,-0.7218,-0.6986,-0.68,-0.6679,-0.6623,-0.6614,-0.6619,-0.6588,-0.647,-0.6236,-0.5918,-0.5629,-0.5489,-0.5529,-0.5678,-0.5852,-0.6001,-0.6109,-0.618,-0.622,-0.6239,-0.6243,-0.6238,-0.6226,-0.6211,-0.6193,-0.7998,-0.8085,-0.8148,-0.8189,-0.8219,-0.8251,-0.8272,-0.8234,-0.8075,-0.7779,-0.7411,-0.7062,-0.68,-0.6648,-0.6605,-0.6644,-0.6718,-0.6744,-0.661,-0.6222,-0.5607,-0.5028,-0.4819,-0.5013,-0.5373,-0.5706,-0.5947,-0.6101,-0.6191,-0.6237,-0.6255,-0.6256,-0.6246,-0.6229,-0.621,-0.6189,-0.8261,-0.8388,-0.8478,-0.8533,-0.8582,-0.8671,-0.8811,-0.8901,-0.8754,-0.8295,-0.7685,-0.7136,-0.6755,-0.6562,-0.6542,-0.6665,-0.6874,-0.7047,-0.6964,-0.6346,-0.509,-0.3791,-0.3521,-0.4202,-0.5009,-0.5586,-0.5934,-0.6127,-0.6225,-0.6268,-0.6279,-0.6272,-0.6255,-0.6233,-0.6208,-0.6183,-0.8582,-0.8775,-0.8908,-0.8965,-0.9002,-0.9153,-0.9536,-1.0003,-0.9982,-0.916,-0.8052,-0.7168,-0.6623,-0.6379,-0.6392,-0.6638,-0.7079,-0.7582,-0.7782,-0.6983,-0.4511,-0.1414,-0.1319,-0.3262,-0.4772,-0.5597,-0.6009,-0.6204,-0.6288,-0.6315,-0.6311,-0.6291,-0.6264,-0.6234,-0.6203,-0.6173,-0.8968,-0.9284,-0.951,-0.9559,-0.9488,-0.9607,-1.0354,-1.1766,-1.224,-1.0484,-0.8397,-0.7055,-0.634,-0.6043,-0.6085,-0.6473,-0.7236,-0.8336,-0.9339,-0.879,-0.5242,0.0135,-0.0131,-0.3248,-0.5054,-0.5863,-0.6206,-0.634,-0.6378,-0.6372,-0.6346,-0.631,-0.627,-0.6231,-0.6193,-0.6158,-0.9405,-0.9945,-1.0408,-1.0498,-1.0124,-0.9876,-1.0706,-1.3328,-1.4769,-1.1389,-0.8244,-0.6628,-0.5841,-0.5495,-0.5516,-0.6003,-0.7078,-0.8795,-1.0743,-1.0621,-0.8291,-0.4874,-0.3965,-0.5185,-0.603,-0.6387,-0.6501,-0.6512,-0.648,-0.6431,-0.6377,-0.6322,-0.627,-0.622,-0.6175,-0.6135,-0.9813,-1.0682,-1.1681,-1.2092,-1.1104,-0.9931,-0.9903,-1.1484,-1.2278,-0.9529,-0.7069,-0.5813,-0.5133,-0.4694,-0.4523,-0.4976,-0.6301,-0.8241,-1.0042,-1.0927,-1.2526,-1.171,-0.9069,-0.7727,-0.7218,-0.6967,-0.68,-0.6672,-0.6566,-0.6476,-0.6396,-0.6324,-0.6258,-0.6199,-0.6147,-0.6101,-1.0031,-1.114,-1.2743,-1.3893,-1.2044,-0.9821,-0.8575,-0.8049,-0.7323,-0.6096,-0.5278,-0.4814,-0.4349,-0.3674,-0.2789,-0.2875,-0.4849,-0.7298,-0.9547,-1.2728,-1.8624,-1.7327,-1.2087,-0.9288,-0.7996,-0.7351,-0.6991,-0.6767,-0.6613,-0.6494,-0.6395,-0.6308,-0.6231,-0.6163,-0.6104,-0.6055,-0.9947,-1.0953,-1.2186,-1.285,-1.1562,-0.9462,-0.7493,-0.569,-0.3547,-0.258,-0.3471,-0.3951,-0.373,-0.2785,-0.0035,0.1435,-0.3198,-0.6836,-0.9337,-1.2258,-1.6297,-1.5637,-1.19,-0.9439,-0.8119,-0.7408,-0.701,-0.6769,-0.6605,-0.6478,-0.637,-0.6273,-0.6186,-0.6109,-0.6044,-0.5991,-0.9627,-1.0447,-1.1408,-1.2469,-1.1981,-0.9213,-0.685,-0.4686,-0.0349,0.1778,-0.2181,-0.3486,-0.3411,-0.2738,-0.0359,0.1521,-0.393,-0.7971,-1.0033,-1.0993,-1.184,-1.1552,-1.0084,-0.8672,-0.7724,-0.717,-0.6863,-0.668,-0.6547,-0.6432,-0.6322,-0.6216,-0.6117,-0.603,-0.5959,-0.5905,-0.9167,-0.9842,-1.0793,-1.2047,-1.1439,-0.854,-0.665,-0.5791,-0.2966,-0.0738,-0.2775,-0.3488,-0.3207,-0.2555,-0.2787,-0.3858,-0.7153,-1.23,-1.3826,-1.1665,-1.0225,-0.936,-0.8501,-0.7693,-0.7089,-0.675,-0.661,-0.6539,-0.6464,-0.6368,-0.6254,-0.6134,-0.6018,-0.5918,-0.5841,-0.5788,-0.8607,-0.9044,-0.954,-0.9821,-0.908,-0.7521,-0.6644,-0.6939,-0.602,-0.4175,-0.3765,-0.3685,-0.3292,-0.229,-0.2967,-0.5348,-0.9155,-2.0826,-2.1352,-1.2883,-0.9433,-0.8,-0.7288,-0.6827,-0.6468,-0.6298,-0.6344,-0.6403,-0.6388,-0.6302,-0.6171,-0.602,-0.5876,-0.5757,-0.5674,-0.5628,-0.8026,-0.8222,-0.8339,-0.82,-0.7632,-0.6861,-0.644,-0.6531,-0.5998,-0.4694,-0.4012,-0.382,-0.3649,-0.237,-0.4197,-0.5608,-0.8154,-1.4747,-1.6082,-1.0829,-0.7641,-0.6337,-0.6084,-0.6149,-0.6125,-0.6045,-0.6191,-0.6342,-0.6357,-0.6252,-0.607,-0.5857,-0.5662,-0.5517,-0.5435,-0.5409,-0.7502,-0.754,-0.7481,-0.7256,-0.6853,-0.6389,-0.6037,-0.5756,-0.5182,-0.4331,-0.377,-0.3703,-0.3279,-0.216,-0.4752,-0.6069,-1.3906,-1.0556,-0.9366,-0.6801,-0.4119,-0.3587,-0.4565,-0.5511,-0.6004,-0.6106,-0.6262,-0.6423,-0.6411,-0.6228,-0.5931,-0.5601,-0.5321,-0.5147,-0.5086,-0.511,-0.707,-0.7024,-0.6899,-0.6675,-0.6361,-0.6004,-0.5644,-0.5233,-0.4639,-0.3769,-0.261,-0.3779,-0.3807,-0.379,-0.5202,-0.8293,-1.2082,-0.8659,-0.6036,-0.3041,0.1481,0.0454,-0.2925,-0.4889,-0.5894,-0.6356,-0.6628,-0.6739,-0.6601,-0.6233,-0.5712,-0.5165,-0.4748,-0.4559,-0.4575,-0.4709,-0.6728,-0.6642,-0.6498,-0.6289,-0.6023,-0.5716,-0.5373,-0.4966,-0.4439,-0.3709,-0.2828,-0.348,-0.3984,-0.4161,-0.5011,-0.6192,-0.6571,-0.4685,-0.2499,-0.1185,0.2452,0.1169,-0.25,-0.4778,-0.6199,-0.7094,-0.7507,-0.7434,-0.6987,-0.6264,-0.5333,-0.4384,-0.3752,-0.3622,-0.3851,-0.4202,-0.6464,-0.636,-0.6214,-0.6023,-0.5791,-0.5524,-0.5223,-0.4881,-0.4491,-0.4081,-0.3821,-0.3941,-0.4105,-0.4225,-0.4741,-0.494,-0.4151,-0.0621,0.2946,-0.0106,-0.0765,-0.1524,-0.3392,-0.5344,-0.7182,-0.8739,-0.9252,-0.8623,-0.7583,-0.6311,-0.4715,-0.3035,-0.2082,-0.2238,-0.2936,-0.3645,-0.626,-0.6152,-0.6011,-0.5839,-0.5637,-0.5408,-0.5158,-0.489,-0.4619,-0.4383,-0.425,-0.4258,-0.4341,-0.4508,-0.4813,-0.4866,-0.361,-0.056,0.1651,-0.0009,-0.1447,-0.276,-0.4271,-0.6124,-0.8489,-1.1194,-1.179,-1.0003,-0.8242,-0.641,-0.401,-0.1229,0.0115,-0.0693,-0.2089,-0.3198,-0.6103,-0.5997,-0.5867,-0.5713,-0.5538,-0.5346,-0.5142,-0.4935,-0.474,-0.4581,-0.4486,-0.4462,-0.4496,-0.4581,-0.4726,-0.4664,-0.361,-0.1777,0.0115,0.0681,-0.1491,-0.3295,-0.4817,-0.6582,-0.8983,-1.1788,-1.2376,-1.0542,-0.8718,-0.6684,-0.3923,-0.0505,0.1059,-0.0133,-0.1835,-0.3081,-0.5983,-0.5882,-0.5763,-0.5627,-0.5477,-0.5316,-0.515,-0.4987,-0.4839,-0.4717,-0.4634,-0.4591,-0.4574,-0.4562,-0.4509,-0.4266,-0.359,-0.2464,-0.115,-0.0898,-0.241,-0.3947,-0.5125,-0.6557,-0.8594,-1.0655,-1.1826,-1.0991,-0.9008,-0.7113,-0.4867,-0.2187,-0.0752,-0.1281,-0.2421,-0.3376,-0.5892,-0.5798,-0.5691,-0.5571,-0.5442,-0.5306,-0.5169,-0.5037,-0.4917,-0.4816,-0.4738,-0.4679,-0.4628,-0.4562,-0.4441,-0.4198,-0.3771,-0.3193,-0.2709,-0.2819,-0.3695,-0.4637,-0.5119,-0.6155,-0.8078,-1.0467,-1.2704,-1.1259,-0.861,-0.73,-0.5972,-0.432,-0.318,-0.302,-0.3421,-0.3926,-0.5823,-0.5737,-0.564,-0.5535,-0.5423,-0.5308,-0.5194,-0.5084,-0.4983,-0.4894,-0.4819,-0.4753,-0.4686,-0.4603,-0.4481,-0.4296,-0.4045,-0.3784,-0.3659,-0.3864,-0.4419,-0.4889,-0.4942,-0.5778,-0.7419,-0.9177,-1.0174,-0.8951,-0.725,-0.7102,-0.6562,-0.5577,-0.4735,-0.4344,-0.4333,-0.4502,-0.5771,-0.5692,-0.5606,-0.5513,-0.5416,-0.5318,-0.522,-0.5126,-0.5039,-0.496,-0.4889,-0.4822,-0.4754,-0.4675,-0.4575,-0.445,-0.4315,-0.4211,-0.4215,-0.4395,-0.4721,-0.499,-0.5189,-0.5839,-0.692,-0.794,-0.8334,-0.7741,-0.7046,-0.7021,-0.6726,-0.6118,-0.5528,-0.5144,-0.4984,-0.4976]},{"header":{"la1":42.85,"la2":41.18,"lo1":11.55,"lo2":14.05,"nx":36,"ny":24,"dx":0.07143,"dy":0.07261,"parameterCategory":2,"parameterNumber":3,"parameterNumberName":"northward_wind","parameterUnit":"m.s-1"},"data":[-0.7853,-0.7819,-0.7765,-0.7687,-0.7587,-0.7468,-0.7339,-0.7205,-0.7071,-0.6933,-0.6778,-0.6593,-0.6367,-0.6098,-0.5788,-0.5448,-0.5093,-0.4746,-0.4429,-0.4161,-0.3956,-0.3821,-0.3758,-0.3757,-0.3807,-0.3889,-0.3991,-0.4104,-0.4221,-0.4339,-0.4455,-0.4569,-0.468,-0.4786,-0.4887,-0.4983,-0.7984,-0.7956,-0.79,-0.7812,-0.7691,-0.7544,-0.7385,-0.7232,-0.7097,-0.6973,-0.6838,-0.6664,-0.6433,-0.6136,-0.5777,-0.5369,-0.4935,-0.4507,-0.412,-0.3802,-0.3569,-0.3428,-0.3381,-0.3418,-0.3513,-0.3641,-0.3785,-0.3933,-0.408,-0.4223,-0.4362,-0.4494,-0.4621,-0.4741,-0.4855,-0.4962,-0.8131,-0.8112,-0.8056,-0.7955,-0.7802,-0.7604,-0.7385,-0.7189,-0.7051,-0.6968,-0.6888,-0.6752,-0.6528,-0.6206,-0.579,-0.5295,-0.4751,-0.421,-0.3733,-0.3363,-0.3106,-0.2963,-0.2944,-0.3036,-0.3195,-0.3382,-0.3575,-0.3763,-0.3943,-0.4113,-0.4275,-0.4427,-0.4571,-0.4707,-0.4833,-0.4951,-0.8295,-0.8294,-0.8246,-0.813,-0.7929,-0.7641,-0.7297,-0.6991,-0.6841,-0.6857,-0.6909,-0.6862,-0.6668,-0.6326,-0.5846,-0.5242,-0.4542,-0.3829,-0.3228,-0.2826,-0.2585,-0.2455,-0.2472,-0.2636,-0.2873,-0.3127,-0.3373,-0.3602,-0.3815,-0.4013,-0.4198,-0.4371,-0.4533,-0.4684,-0.4824,-0.4953,-0.8477,-0.851,-0.8487,-0.8367,-0.8107,-0.7673,-0.707,-0.6467,-0.6249,-0.6528,-0.6888,-0.7015,-0.6876,-0.6523,-0.5981,-0.5246,-0.4325,-0.3319,-0.2507,-0.2147,-0.2081,-0.2047,-0.2087,-0.2289,-0.2584,-0.2895,-0.3189,-0.3458,-0.3702,-0.3927,-0.4135,-0.4328,-0.4509,-0.4676,-0.483,-0.4971,-0.8673,-0.8766,-0.8804,-0.8709,-0.8399,-0.7786,-0.6739,-0.5371,-0.4861,-0.5868,-0.6888,-0.7267,-0.7186,-0.6829,-0.6245,-0.539,-0.4192,-0.2686,-0.1377,-0.1171,-0.1585,-0.1937,-0.1953,-0.2044,-0.2342,-0.2696,-0.3032,-0.3336,-0.3609,-0.3858,-0.4089,-0.4303,-0.4503,-0.4687,-0.4856,-0.5008,-0.8861,-0.9055,-0.9226,-0.9218,-0.8882,-0.8162,-0.6752,-0.4273,-0.3087,-0.5428,-0.7213,-0.7723,-0.7628,-0.7272,-0.6708,-0.5812,-0.4396,-0.2365,-0.032,-0.0277,-0.0716,-0.1154,-0.1464,-0.1706,-0.2104,-0.2526,-0.2906,-0.3239,-0.3536,-0.3808,-0.4062,-0.4299,-0.4519,-0.4722,-0.4906,-0.507,-0.8995,-0.932,-0.9764,-0.9975,-0.9527,-0.8845,-0.7822,-0.5972,-0.5115,-0.7009,-0.8289,-0.8448,-0.8186,-0.7856,-0.7456,-0.6677,-0.5203,-0.3105,-0.113,-0.0167,0.1488,0.1435,-0.0061,-0.1135,-0.1855,-0.2389,-0.2811,-0.3166,-0.3483,-0.3778,-0.4056,-0.4319,-0.4563,-0.4786,-0.4986,-0.5162,-0.8997,-0.9374,-1.0166,-1.0872,-0.9925,-0.9431,-0.9437,-0.9374,-0.9648,-1.0196,-1.0009,-0.9334,-0.8755,-0.8527,-0.865,-0.8276,-0.6559,-0.433,-0.2102,0.0879,0.5821,0.4913,0.1223,-0.0719,-0.171,-0.2312,-0.2747,-0.311,-0.3445,-0.3766,-0.4074,-0.4368,-0.4641,-0.4888,-0.5106,-0.5293,-0.883,-0.8963,-0.9305,-0.9566,-0.8801,-0.9527,-1.0853,-1.2203,-1.3862,-1.4218,-1.2067,-1.0126,-0.9149,-0.9058,-1.0441,-1.1288,-0.7994,-0.5255,-0.3,-0.0022,0.3786,0.3444,0.0766,-0.0886,-0.1766,-0.2297,-0.2693,-0.3053,-0.341,-0.3768,-0.4119,-0.4455,-0.4764,-0.504,-0.5276,-0.5473,-0.8612,-0.8342,-0.7452,-0.5212,-0.5778,-0.9408,-1.2226,-1.4317,-1.7747,-1.9554,-1.3723,-1.0444,-0.924,-0.9067,-1.0227,-1.1348,-0.7744,-0.5406,-0.3837,-0.2096,-0.0381,0.0028,-0.067,-0.141,-0.1912,-0.2264,-0.2592,-0.2959,-0.3364,-0.3784,-0.42,-0.4594,-0.4951,-0.5261,-0.5516,-0.5717,-0.8535,-0.8157,-0.715,-0.5383,-0.6201,-1.0411,-1.4048,-1.61,-1.6766,-1.7007,-1.2816,-1.0059,-0.9172,-0.9375,-0.8751,-0.7454,-0.5893,-0.4987,-0.4383,-0.3257,-0.2173,-0.1613,-0.1579,-0.1756,-0.191,-0.206,-0.2351,-0.2793,-0.3303,-0.3826,-0.4335,-0.481,-0.5229,-0.5579,-0.585,-0.6047,-0.8638,-0.8459,-0.8111,-0.7934,-0.9122,-1.2004,-1.5427,-1.8075,-1.666,-1.3831,-1.1141,-0.9399,-0.8925,-0.9636,-0.8489,-0.5091,-0.3903,-0.521,-0.5219,-0.3504,-0.2435,-0.1873,-0.1718,-0.1722,-0.1617,-0.1544,-0.1919,-0.2568,-0.3254,-0.3922,-0.456,-0.5144,-0.5645,-0.6038,-0.6316,-0.6491,-0.8811,-0.8859,-0.8976,-0.9405,-1.0516,-1.2401,-1.4716,-1.6625,-1.5586,-1.2451,-1.0238,-0.9016,-0.8753,-0.8673,-0.5565,-0.1159,-0.0691,-0.2883,-0.3764,-0.2636,-0.1552,-0.1073,-0.1219,-0.1448,-0.1268,-0.0986,-0.1543,-0.2429,-0.3292,-0.4125,-0.4929,-0.5664,-0.627,-0.6707,-0.6968,-0.7083,-0.8942,-0.9116,-0.9401,-0.9907,-1.0734,-1.1852,-1.3004,-1.3578,-1.2741,-1.1095,-0.9965,-0.9228,-0.8468,-0.8038,-0.4268,0.0358,0.8614,0.1139,-0.1526,-0.0869,0.109,0.1284,-0.0054,-0.1065,-0.1313,-0.1243,-0.1712,-0.2538,-0.3474,-0.4483,-0.5518,-0.6475,-0.7229,-0.7695,-0.7882,-0.7867,-0.8989,-0.92,-0.9495,-0.9912,-1.0456,-1.1056,-1.1522,-1.1565,-1.1043,-1.0414,-1.0531,-0.9973,-0.9244,-0.7776,-0.4833,0.0526,0.5743,0.0739,-0.1354,0.1048,0.7322,0.5914,0.1468,-0.0625,-0.1346,-0.16,-0.1981,-0.2693,-0.3727,-0.5008,-0.6421,-0.7754,-0.8725,-0.9169,-0.9154,-0.8877,-0.8957,-0.9155,-0.9403,-0.9705,-1.0039,-1.0344,-1.0516,-1.0458,-1.0205,-1.0057,-1.0354,-0.9981,-1.0542,-1.0599,-0.6591,-0.353,-0.2063,-0.3264,-0.4007,-0.0145,0.815,0.6396,0.1506,-0.0562,-0.1151,-0.1239,-0.1543,-0.2442,-0.3868,-0.5675,-0.7759,-0.9781,-1.1096,-1.1353,-1.086,-1.0104,-0.8867,-0.9032,-0.9222,-0.9427,-0.9625,-0.9776,-0.9834,-0.9776,-0.9648,-0.9566,-0.9562,-0.961,-1.0682,-1.0655,-0.7592,-0.6057,-0.5324,-0.7136,-0.9875,-0.4815,-0.0082,0.0938,-0.0252,-0.095,-0.0633,0.0329,0.0329,-0.142,-0.3792,-0.6439,-0.9599,-1.2884,-1.4732,-1.4374,-1.2914,-1.1416,-0.8741,-0.8871,-0.9007,-0.914,-0.9254,-0.9325,-0.9333,-0.9276,-0.918,-0.9085,-0.9005,-0.8969,-0.8986,-0.846,-0.7733,-0.7676,-0.6561,-0.7358,-0.8511,-0.5968,-0.3716,-0.2262,-0.1827,-0.1406,0.0147,0.356,0.4275,-0.0007,-0.3804,-0.7214,-1.1544,-1.6664,-1.9178,-1.7573,-1.4766,-1.2474,-0.8598,-0.8694,-0.8787,-0.887,-0.893,-0.8954,-0.8935,-0.8871,-0.8774,-0.8658,-0.8525,-0.8367,-0.8129,-0.775,-0.7564,-0.7461,-0.6649,-0.6358,-0.6117,-0.5962,-0.4721,-0.3422,-0.2679,-0.1987,-0.0288,0.3857,0.4824,-0.1124,-0.4725,-0.7858,-1.2295,-1.8183,-2.0998,-1.8735,-1.5395,-1.2849,-0.8448,-0.8516,-0.8576,-0.8622,-0.8647,-0.8642,-0.8603,-0.8529,-0.8425,-0.8292,-0.8129,-0.7925,-0.7667,-0.7371,-0.7116,-0.6818,-0.6353,-0.5964,-0.574,-0.547,-0.4512,-0.3432,-0.2861,-0.2663,-0.2393,-0.2658,-0.5504,-0.5906,-0.6595,-0.8427,-1.1368,-1.5456,-1.7772,-1.6682,-1.44,-1.2404,-0.8299,-0.8344,-0.8379,-0.8399,-0.8399,-0.8374,-0.8321,-0.8238,-0.8126,-0.7984,-0.7811,-0.7602,-0.7355,-0.7083,-0.6799,-0.6477,-0.61,-0.5716,-0.5339,-0.4797,-0.378,-0.2451,-0.2044,-0.2811,-0.3878,-0.595,-0.8786,-0.8119,-0.8599,-0.9382,-1.0394,-1.2257,-1.3694,-1.3649,-1.2649,-1.1464,-0.8156,-0.8182,-0.8198,-0.8198,-0.8181,-0.8142,-0.8078,-0.7989,-0.7873,-0.7729,-0.7556,-0.7353,-0.7121,-0.6864,-0.6584,-0.6273,-0.5925,-0.5539,-0.5079,-0.4403,-0.3241,-0.1554,-0.1104,-0.2627,-0.4299,-0.6048,-0.7592,-0.9004,-1.1245,-1.0861,-1.0208,-1.0593,-1.1235,-1.1412,-1.1064,-1.0457,-0.802,-0.8031,-0.8032,-0.8019,-0.7989,-0.794,-0.787,-0.7776,-0.7659,-0.7518,-0.7351,-0.7158,-0.694,-0.6699,-0.6434,-0.6142,-0.5817,-0.5444,-0.4987,-0.4358,-0.3442,-0.2385,-0.2157,-0.3178,-0.4562,-0.598,-0.7488,-0.9563,-1.1583,-1.1085,-1.0067,-0.9814,-0.9957,-1.0046,-0.9914,-0.9604]}]