docs/data/wind_grid.json
[{"header":{"la1":42.85,"la2":41.18,"lo1":11.55,"lo2":14.05,"nx":36,"ny":24,"dx":0.07143,"dy":0.07261,"parameterCategory":2,"parameterNumber":2,"parameterNumberName":"eastward_wind","parameterUnit":"m.s-1"},"data":[-0.588,-0.592,-0.5955,-0.5985,-0.6008,-0.602,-0.6013,-0.5978,-0.5912,-0.5819,-0.5714,-0.5619,-0.5554,-0.5532,-0.5559,-0.563,-0.5729,-0.5831,-0.5909,-0.5939,-0.5913,-0.5835,-0.5722,-0.5588,-0.5448,-0.5311,-0.5182,-0.5063,-0.4956,-0.486,-0.4775,-0.47,-0.4633,-0.4575,-0.4523,-0.4478,-0.5995,-0.6047,-0.6095,-0.6141,-0.6183,-0.6218,-0.6231,-0.6205,-0.6123,-0.5988,-0.5827,-0.5679,-0.5578,-0.5547,-0.5593,-0.5711,-0.5879,-0.6057,-0.6193,-0.6247,-0.6204,-0.6082,-0.5913,-0.5726,-0.5541,-0.5369,-0.5212,-0.5074,-0.4952,-0.4846,-0.4753,-0.4673,-0.4603,-0.4543,-0.449,-0.4444,-0.6127,-0.6192,-0.6255,-0.632,-0.6391,-0.6468,-0.653,-0.6536,-0.6441,-0.6237,-0.5978,-0.5739,-0.5578,-0.5529,-0.5601,-0.5793,-0.6075,-0.6385,-0.6625,-0.6709,-0.662,-0.6409,-0.6146,-0.5881,-0.5635,-0.5419,-0.5232,-0.5072,-0.4936,-0.482,-0.4721,-0.4637,-0.4565,-0.4503,-0.445,-0.4404,-0.6279,-0.636,-0.6438,-0.6522,-0.663,-0.6775,-0.6941,-0.7045,-0.6955,-0.6629,-0.6186,-0.5789,-0.5534,-0.5453,-0.5559,-0.5857,-0.6328,-0.688,-0.7316,-0.7435,-0.7223,-0.6835,-0.6416,-0.6038,-0.5718,-0.5452,-0.5233,-0.5053,-0.4904,-0.478,-0.4677,-0.459,-0.4517,-0.4455,-0.4403,-0.4358,-0.6457,-0.6558,-0.6649,-0.6746,-0.6885,-0.7123,-0.7489,-0.7852,-0.7839,-0.7258,-0.6455,-0.5801,-0.5409,-0.5282,-0.5421,-0.5856,-0.6617,-0.7619,-0.8459,-0.8599,-0.8071,-0.734,-0.6687,-0.6169,-0.5768,-0.5454,-0.5206,-0.5009,-0.485,-0.4722,-0.4617,-0.4531,-0.4459,-0.4399,-0.4348,-0.4305,-0.6674,-0.6804,-0.6909,-0.6998,-0.713,-0.7436,-0.8094,-0.9047,-0.9328,-0.8169,-0.6697,-0.5695,-0.5156,-0.4971,-0.5122,-0.5686,-0.6811,-0.8556,-1.0219,-1.0296,-0.9063,-0.78,-0.6878,-0.6229,-0.576,-0.5409,-0.5141,-0.4933,-0.4772,-0.4644,-0.4541,-0.4458,-0.439,-0.4333,-0.4286,-0.4246,-0.6944,-0.7132,-0.7266,-0.7327,-0.7367,-0.7583,-0.8365,-1.0015,-1.0834,-0.8755,-0.6574,-0.5347,-0.4724,-0.4473,-0.4576,-0.5181,-0.6557,-0.8989,-1.1651,-1.1577,-0.9578,-0.7938,-0.6879,-0.6172,-0.5671,-0.5303,-0.5028,-0.4821,-0.4664,-0.4543,-0.4448,-0.4372,-0.431,-0.4258,-0.4215,-0.4179,-0.728,-0.7586,-0.7817,-0.7869,-0.7716,-0.7564,-0.7849,-0.8897,-0.9344,-0.7508,-0.5714,-0.4702,-0.4119,-0.3767,-0.3685,-0.4171,-0.5546,-0.7827,-1.0148,-1.0308,-0.8883,-0.7579,-0.6653,-0.5986,-0.5494,-0.5129,-0.4861,-0.4666,-0.4524,-0.4419,-0.4338,-0.4273,-0.4219,-0.4174,-0.4136,-0.4105,-0.7669,-0.8199,-0.8703,-0.8908,-0.8508,-0.7709,-0.7061,-0.6683,-0.6091,-0.5129,-0.4411,-0.3911,-0.3437,-0.2894,-0.2294,-0.2432,-0.4039,-0.6141,-0.773,-0.8196,-0.7749,-0.7013,-0.6303,-0.5703,-0.523,-0.4878,-0.4631,-0.4465,-0.4353,-0.4273,-0.4212,-0.4162,-0.4118,-0.4081,-0.4049,-0.4024,-0.8039,-0.8898,-0.998,-1.0821,-1.0224,-0.8355,-0.6724,-0.5292,-0.3566,-0.2716,-0.3136,-0.3207,-0.2828,-0.2093,-0.0372,0.0466,-0.2724,-0.5613,-0.7168,-0.7572,-0.7258,-0.6634,-0.5959,-0.5357,-0.4878,-0.4539,-0.433,-0.4214,-0.415,-0.4109,-0.4075,-0.4042,-0.401,-0.398,-0.3954,-0.3934,-0.8239,-0.9373,-1.1115,-1.3141,-1.2589,-0.9153,-0.6903,-0.513,-0.1476,0.0204,-0.227,-0.2754,-0.233,-0.1706,-0.0408,0.0539,-0.3479,-0.7224,-0.8864,-0.854,-0.7522,-0.65,-0.5633,-0.4933,-0.4408,-0.408,-0.3938,-0.3912,-0.3925,-0.3936,-0.3934,-0.3918,-0.3895,-0.387,-0.385,-0.3835,-0.8126,-0.9218,-1.0873,-1.2748,-1.2106,-0.8914,-0.7468,-0.7105,-0.4152,-0.1745,-0.2685,-0.2581,-0.1833,-0.0845,-0.1322,-0.2927,-0.6752,-1.2512,-1.3899,-1.083,-0.8111,-0.6365,-0.5218,-0.4388,-0.3774,-0.3452,-0.344,-0.357,-0.3696,-0.3771,-0.3798,-0.3794,-0.3773,-0.375,-0.3732,-0.3723,-0.7722,-0.8486,-0.9409,-1.004,-0.9396,-0.8053,-0.7909,-0.8946,-0.7561,-0.4655,-0.3291,-0.2488,-0.1827,-0.0441,-0.1123,-0.4254,-0.9732,-2.1194,-2.1383,-1.2676,-0.8075,-0.5817,-0.4594,-0.3737,-0.2991,-0.2642,-0.2872,-0.3247,-0.3507,-0.3637,-0.3679,-0.367,-0.3641,-0.3612,-0.3594,-0.3593,-0.7184,-0.7612,-0.7991,-0.8088,-0.7738,-0.7325,-0.7492,-0.8125,-0.7259,-0.4887,-0.3346,-0.2324,-0.2031,-0.1992,-0.2713,-0.5972,-1.0312,-1.6124,-1.6582,-1.0446,-0.6362,-0.4459,-0.37,-0.3169,-0.2418,-0.2005,-0.2491,-0.3077,-0.3418,-0.356,-0.3581,-0.3541,-0.3485,-0.3441,-0.3425,-0.3436,-0.6656,-0.6864,-0.6992,-0.6961,-0.6773,-0.6586,-0.6547,-0.6428,-0.5585,-0.4224,-0.3283,-0.2753,-0.2173,-0.1091,-0.35,-0.9239,-1.4621,-1.1013,-0.9121,-0.5894,-0.2817,-0.1987,-0.2477,-0.2781,-0.2547,-0.2305,-0.2694,-0.3194,-0.3473,-0.3549,-0.3496,-0.3384,-0.3275,-0.3212,-0.3205,-0.3242,-0.6196,-0.6281,-0.6299,-0.6227,-0.6075,-0.5886,-0.5659,-0.5264,-0.4547,-0.367,-0.3104,-0.3013,-0.2806,-0.2577,-0.3968,-0.828,-1.2045,-0.8256,-0.5222,-0.2019,0.2094,0.1374,-0.1164,-0.2445,-0.2882,-0.3033,-0.3288,-0.3554,-0.3662,-0.3592,-0.3393,-0.3148,-0.2954,-0.2876,-0.2906,-0.3,-0.5813,-0.5828,-0.5792,-0.5694,-0.5537,-0.5323,-0.5034,-0.4624,-0.4077,-0.3499,-0.3124,-0.3044,-0.3,-0.3021,-0.3354,-0.458,-0.5352,-0.3818,-0.1985,-0.0501,0.2836,0.1911,-0.0835,-0.2393,-0.3224,-0.3707,-0.3985,-0.4066,-0.3956,-0.3664,-0.3221,-0.2744,-0.2425,-0.2369,-0.2504,-0.2709,-0.5498,-0.5472,-0.5405,-0.5291,-0.5127,-0.4909,-0.4628,-0.4276,-0.3874,-0.3489,-0.3212,-0.3036,-0.294,-0.2774,-0.1715,-0.1338,-0.1947,-0.0478,0.1415,-0.0139,-0.0038,-0.0307,-0.1515,-0.2735,-0.3772,-0.4551,-0.4852,-0.4719,-0.4347,-0.3756,-0.2934,-0.2059,-0.1569,-0.165,-0.2017,-0.2402,-0.5238,-0.5187,-0.5104,-0.4982,-0.4819,-0.4612,-0.4361,-0.4069,-0.3756,-0.3454,-0.3185,-0.2918,-0.2545,-0.1543,0.1658,0.2937,-0.0128,-0.0163,0.0625,-0.0499,-0.0937,-0.1328,-0.2067,-0.3134,-0.4408,-0.5501,-0.5738,-0.5416,-0.482,-0.3902,-0.2607,-0.1154,-0.048,-0.0875,-0.1578,-0.216,-0.5023,-0.4958,-0.4866,-0.4743,-0.4587,-0.4397,-0.4176,-0.3929,-0.3666,-0.3397,-0.3118,-0.2776,-0.222,-0.1016,0.1363,0.2092,0.0007,-0.0739,-0.0865,-0.0953,-0.1132,-0.147,-0.209,-0.3217,-0.4729,-0.5854,-0.6051,-0.6166,-0.539,-0.4174,-0.2598,-0.0799,-0.0022,-0.0601,-0.1449,-0.2096,-0.4845,-0.4773,-0.4677,-0.4557,-0.441,-0.4238,-0.4042,-0.3826,-0.3593,-0.3345,-0.3066,-0.2715,-0.2203,-0.1411,-0.0477,-0.0213,-0.0737,-0.1075,-0.1082,-0.1063,-0.1054,-0.0936,-0.1288,-0.2674,-0.472,-0.6808,-0.8813,-0.8013,-0.598,-0.4466,-0.3093,-0.1649,-0.0911,-0.117,-0.1747,-0.2248,-0.4697,-0.4621,-0.4526,-0.4411,-0.4274,-0.4118,-0.3942,-0.3749,-0.354,-0.3312,-0.3054,-0.2742,-0.235,-0.1879,-0.1448,-0.1265,-0.1322,-0.1371,-0.1296,-0.1094,-0.0498,0.075,0.0965,-0.127,-0.4279,-0.7543,-1.0701,-0.8801,-0.5514,-0.4276,-0.354,-0.2701,-0.2123,-0.2045,-0.2258,-0.2532,-0.4575,-0.4498,-0.4405,-0.4295,-0.4169,-0.4026,-0.3868,-0.3695,-0.3507,-0.3302,-0.3073,-0.2814,-0.2522,-0.2217,-0.1954,-0.1789,-0.1707,-0.1621,-0.144,-0.1019,0.0058,0.2145,0.2763,-0.0098,-0.3394,-0.6055,-0.7444,-0.5842,-0.3503,-0.353,-0.3599,-0.3256,-0.2886,-0.2712,-0.2724,-0.2831,-0.4472,-0.4396,-0.4307,-0.4204,-0.4087,-0.3957,-0.3813,-0.3658,-0.349,-0.3308,-0.3111,-0.2898,-0.2674,-0.2453,-0.2257,-0.2103,-0.1977,-0.1832,-0.1598,-0.1143,-0.0254,0.0987,0.1169,-0.0615,-0.288,-0.4576,-0.5172,-0.4308,-0.3207,-0.3351,-0.3572,-0.3468,-0.3261,-0.311,-0.3056,-0.3076]},{"header":{"la1":42.85,"la2":41.18,"lo1":11.55,"lo2":14.05,"nx":36,"ny":24,"dx":0.07143,"dy":0.07261,"parameterCategory":2,"parameterNumber":3,"parameterNumberName":"northward_wind","parameterUnit":"m.s-1"},"data":[-0.7533,-0.7519,-0.7495,-0.7459,-0.741,-0.7352,-0.7287,-0.7221,-0.7154,-0.7083,-0.6996,-0.6882,-0.673,-0.6536,-0.6303,-0.604,-0.5768,-0.5511,-0.5299,-0.5152,-0.5078,-0.5065,-0.5096,-0.5152,-0.5218,-0.5288,-0.5356,-0.5421,-0.5483,-0.5543,-0.5599,-0.5654,-0.5706,-0.5757,-0.5805,-0.585,-0.7591,-0.7579,-0.7553,-0.7512,-0.7452,-0.7377,-0.7295,-0.722,-0.7158,-0.7104,-0.7038,-0.6936,-0.6778,-0.6556,-0.6272,-0.5935,-0.5572,-0.5225,-0.4946,-0.4776,-0.4722,-0.4758,-0.4846,-0.4954,-0.5063,-0.5165,-0.5258,-0.5342,-0.5419,-0.549,-0.5557,-0.562,-0.5681,-0.5738,-0.5792,-0.5844,-0.7651,-0.764,-0.7614,-0.7564,-0.7486,-0.7379,-0.7259,-0.7157,-0.71,-0.7086,-0.7071,-0.7003,-0.6851,-0.6602,-0.6253,-0.5813,-0.531,-0.4812,-0.4422,-0.4224,-0.4227,-0.4361,-0.4548,-0.4735,-0.4902,-0.5043,-0.5163,-0.5266,-0.5358,-0.5441,-0.5519,-0.5591,-0.566,-0.5725,-0.5786,-0.5843,-0.7708,-0.7702,-0.7677,-0.762,-0.7515,-0.7351,-0.7145,-0.6966,-0.6906,-0.698,-0.708,-0.7092,-0.6965,-0.6692,-0.6269,-0.5689,-0.4967,-0.4199,-0.3599,-0.3376,-0.3526,-0.3861,-0.4212,-0.451,-0.4745,-0.4929,-0.5076,-0.5198,-0.5304,-0.5399,-0.5486,-0.5569,-0.5646,-0.572,-0.5788,-0.5851,-0.776,-0.776,-0.7742,-0.7685,-0.7554,-0.7303,-0.6916,-0.652,-0.6414,-0.6699,-0.7059,-0.7221,-0.7142,-0.6853,-0.6357,-0.5611,-0.4566,-0.33,-0.2261,-0.204,-0.2563,-0.3279,-0.3877,-0.4309,-0.4613,-0.4834,-0.5003,-0.5141,-0.5258,-0.5364,-0.5462,-0.5554,-0.5641,-0.5723,-0.5799,-0.5869,-0.7797,-0.7803,-0.78,-0.7765,-0.7638,-0.7301,-0.6614,-0.5676,-0.5357,-0.6175,-0.7064,-0.7441,-0.7411,-0.7115,-0.6575,-0.5691,-0.4262,-0.2179,-0.0225,-0.0111,-0.1452,-0.2758,-0.3629,-0.4174,-0.4526,-0.4769,-0.4951,-0.5097,-0.5224,-0.5339,-0.5446,-0.5549,-0.5646,-0.5738,-0.5822,-0.5899,-0.7805,-0.7807,-0.782,-0.7839,-0.7796,-0.7502,-0.6607,-0.4905,-0.4108,-0.5856,-0.7359,-0.7846,-0.7796,-0.7496,-0.6981,-0.6086,-0.4455,-0.1656,0.1425,0.1345,-0.089,-0.2601,-0.3582,-0.4147,-0.4498,-0.4738,-0.492,-0.5068,-0.52,-0.5323,-0.5441,-0.5555,-0.5664,-0.5767,-0.5861,-0.5945,-0.7768,-0.7732,-0.7727,-0.7806,-0.7964,-0.8,-0.7502,-0.6205,-0.5621,-0.7186,-0.8319,-0.8493,-0.8278,-0.798,-0.7609,-0.6901,-0.545,-0.2994,-0.0348,-0.015,-0.1718,-0.3001,-0.3765,-0.4223,-0.4522,-0.4737,-0.4907,-0.5053,-0.5188,-0.5319,-0.5448,-0.5576,-0.5699,-0.5814,-0.5919,-0.6011,-0.768,-0.7535,-0.7389,-0.7421,-0.7859,-0.8553,-0.9021,-0.9148,-0.9472,-0.9997,-0.9863,-0.9282,-0.8761,-0.8502,-0.8493,-0.8172,-0.6869,-0.5029,-0.3416,-0.284,-0.3157,-0.3652,-0.4048,-0.4343,-0.457,-0.4755,-0.491,-0.5051,-0.5187,-0.5326,-0.5469,-0.5614,-0.5755,-0.5887,-0.6004,-0.6104,-0.7572,-0.7235,-0.6706,-0.628,-0.6938,-0.8753,-1.0423,-1.1751,-1.3208,-1.3515,-1.1678,-0.9977,-0.9099,-0.8902,-0.9614,-1.0045,-0.8029,-0.6139,-0.4915,-0.4271,-0.407,-0.4111,-0.4254,-0.4434,-0.462,-0.4788,-0.4931,-0.5061,-0.5196,-0.5344,-0.5507,-0.5676,-0.5841,-0.5994,-0.6125,-0.6233,-0.753,-0.7024,-0.601,-0.4581,-0.5147,-0.8764,-1.1719,-1.3619,-1.6419,-1.7828,-1.3074,-1.0237,-0.9203,-0.9015,-0.9564,-1.0102,-0.7855,-0.6094,-0.5149,-0.4623,-0.4331,-0.4234,-0.4293,-0.4462,-0.4674,-0.4858,-0.4986,-0.5092,-0.5216,-0.5375,-0.5565,-0.5769,-0.5969,-0.6148,-0.6296,-0.6409,-0.764,-0.7186,-0.6253,-0.4945,-0.5725,-0.9837,-1.3378,-1.5176,-1.564,-1.5772,-1.2223,-0.9869,-0.9178,-0.9428,-0.8976,-0.7926,-0.6431,-0.5252,-0.4785,-0.4437,-0.4155,-0.4049,-0.4154,-0.4443,-0.48,-0.5045,-0.5119,-0.5149,-0.5243,-0.5418,-0.5652,-0.591,-0.6159,-0.6373,-0.6538,-0.6651,-0.7881,-0.7683,-0.7367,-0.7278,-0.8521,-1.14,-1.4582,-1.6857,-1.5614,-1.3006,-1.062,-0.9366,-0.9021,-0.9631,-0.8984,-0.6566,-0.4745,-0.4668,-0.4641,-0.4031,-0.3645,-0.3555,-0.3819,-0.4402,-0.512,-0.5488,-0.5368,-0.5219,-0.5261,-0.5471,-0.5782,-0.6126,-0.6447,-0.6706,-0.6883,-0.6981,-0.8139,-0.8183,-0.8316,-0.8776,-0.9907,-1.1745,-1.3886,-1.5575,-1.4572,-1.1473,-0.9431,-0.9251,-0.928,-0.7985,-0.6913,-0.3513,-0.0776,-0.2864,-0.3677,-0.3156,-0.2626,-0.2571,-0.3164,-0.4215,-0.5484,-0.6041,-0.5578,-0.5209,-0.5235,-0.5536,-0.5984,-0.6468,-0.6895,-0.7204,-0.7377,-0.7432,-0.8317,-0.8485,-0.8771,-0.9276,-1.0084,-1.1139,-1.2177,-1.2608,-1.1564,-0.9496,-0.802,-0.7599,-0.7003,-0.5106,-0.5064,0.2652,1.113,0.1956,-0.172,-0.1697,-0.0488,-0.0578,-0.1992,-0.3551,-0.4963,-0.5594,-0.5235,-0.4956,-0.5123,-0.5627,-0.6315,-0.7026,-0.7608,-0.7964,-0.8088,-0.8041,-0.8385,-0.8582,-0.8862,-0.9254,-0.9751,-1.0266,-1.0595,-1.0413,-0.9449,-0.7891,-0.6404,-0.6171,-0.6392,-0.6042,-0.4462,0.1711,0.7415,0.1329,-0.17,-0.0364,0.3747,0.2748,-0.0609,-0.2622,-0.3736,-0.4225,-0.4261,-0.4385,-0.4898,-0.5774,-0.6871,-0.7963,-0.8771,-0.9132,-0.91,-0.884,-0.8361,-0.8537,-0.8756,-0.9015,-0.9282,-0.9482,-0.9488,-0.9154,-0.8413,-0.7376,-0.6441,-0.6483,-0.7076,-0.7216,-0.5391,-0.301,-0.1666,-0.3253,-0.4337,-0.1496,0.4215,0.3052,-0.0439,-0.2118,-0.2676,-0.2732,-0.2853,-0.3452,-0.4534,-0.6008,-0.7784,-0.9537,-1.0678,-1.0904,-1.0479,-0.982,-0.8274,-0.8411,-0.8562,-0.8714,-0.8835,-0.8874,-0.8764,-0.8454,-0.7951,-0.737,-0.6938,-0.6863,-0.7283,-0.7283,-0.6147,-0.5384,-0.5014,-0.6906,-0.9241,-0.5165,-0.1501,-0.0744,-0.1618,-0.209,-0.1675,-0.0693,-0.0593,-0.2031,-0.4034,-0.6333,-0.9138,-1.2043,-1.3658,-1.3378,-1.2149,-1.0865,-0.8153,-0.8249,-0.8342,-0.8419,-0.8455,-0.8419,-0.8282,-0.8029,-0.7685,-0.732,-0.7031,-0.6877,-0.6827,-0.6658,-0.6637,-0.6733,-0.6043,-0.6966,-0.7949,-0.5653,-0.4033,-0.3031,-0.2696,-0.2219,-0.0686,0.2302,0.292,-0.0513,-0.3666,-0.666,-1.0592,-1.5152,-1.7314,-1.5993,-1.364,-1.1687,-0.8016,-0.8077,-0.8127,-0.8154,-0.8143,-0.8076,-0.794,-0.7735,-0.7481,-0.7215,-0.6977,-0.6786,-0.6627,-0.6496,-0.6579,-0.6589,-0.6076,-0.5896,-0.5304,-0.4948,-0.4594,-0.3894,-0.3356,-0.2613,-0.09,0.2625,0.3414,-0.1146,-0.4012,-0.6767,-1.0943,-1.6357,-1.8817,-1.6914,-1.4086,-1.1909,-0.7876,-0.791,-0.7929,-0.7925,-0.7888,-0.7808,-0.7682,-0.751,-0.7308,-0.7092,-0.6883,-0.669,-0.6515,-0.6371,-0.6281,-0.6138,-0.5848,-0.5539,-0.5189,-0.4952,-0.4614,-0.4167,-0.38,-0.3317,-0.259,-0.2372,-0.4321,-0.4541,-0.4922,-0.6508,-0.9541,-1.3683,-1.594,-1.5047,-1.31,-1.14,-0.7741,-0.7754,-0.7752,-0.7728,-0.7677,-0.7594,-0.7477,-0.7329,-0.7157,-0.6973,-0.6786,-0.6602,-0.6426,-0.6263,-0.6107,-0.5924,-0.5687,-0.5419,-0.5145,-0.4866,-0.4512,-0.4166,-0.4024,-0.3892,-0.3871,-0.4823,-0.6696,-0.5919,-0.5359,-0.596,-0.7673,-1.0175,-1.195,-1.2139,-1.1382,-1.0431,-0.7613,-0.7611,-0.7595,-0.7559,-0.7501,-0.7418,-0.731,-0.7178,-0.7027,-0.6864,-0.6694,-0.6523,-0.6352,-0.6182,-0.6009,-0.5818,-0.5602,-0.5362,-0.5103,-0.4808,-0.4443,-0.4082,-0.4008,-0.4122,-0.4336,-0.4911,-0.5527,-0.5384,-0.5103,-0.5349,-0.6422,-0.7987,-0.9286,-0.9847,-0.9774,-0.9392,-0.7496,-0.7483,-0.7456,-0.7414,-0.7352,-0.7271,-0.717,-0.705,-0.6915,-0.6768,-0.6613,-0.6453,-0.629,-0.6124,-0.595,-0.5765,-0.5564,-0.5344,-0.5104,-0.4833,-0.4526,-0.425,-0.4175,-0.43,-0.4523,-0.4842,-0.5121,-0.517,-0.5055,-0.5231,-0.5951,-0.695,-0.7851,-0.8404,-0.8586,-0.8512]}]