docs/data/wind_grid.json
[{"header":{"la1":42.85,"la2":41.18,"lo1":11.55,"lo2":14.05,"nx":36,"ny":24,"dx":0.07143,"dy":0.07261,"parameterCategory":2,"parameterNumber":2,"parameterNumberName":"eastward_wind","parameterUnit":"m.s-1"},"data":[-0.464,-0.4767,-0.49,-0.5034,-0.5158,-0.5257,-0.5305,-0.5278,-0.5158,-0.4938,-0.4629,-0.4254,-0.3833,-0.3384,-0.2922,-0.2462,-0.2025,-0.1639,-0.1334,-0.113,-0.1028,-0.1009,-0.1047,-0.1113,-0.1188,-0.1259,-0.132,-0.1369,-0.1405,-0.1431,-0.1447,-0.1456,-0.146,-0.1459,-0.1457,-0.1452,-0.4751,-0.491,-0.5085,-0.5275,-0.5467,-0.5641,-0.576,-0.578,-0.5662,-0.5395,-0.5002,-0.4524,-0.3997,-0.3442,-0.2868,-0.2287,-0.1725,-0.1225,-0.0844,-0.062,-0.0554,-0.0606,-0.0724,-0.0864,-0.0998,-0.1112,-0.1204,-0.1274,-0.1324,-0.1359,-0.138,-0.1392,-0.1397,-0.1398,-0.1395,-0.139,-0.4849,-0.5042,-0.5266,-0.5525,-0.5811,-0.6102,-0.6346,-0.6459,-0.6357,-0.6014,-0.5485,-0.4859,-0.4193,-0.3508,-0.2799,-0.206,-0.1314,-0.0633,-0.0127,0.0114,0.0096,-0.0091,-0.0344,-0.0591,-0.0803,-0.097,-0.1095,-0.1186,-0.1249,-0.1291,-0.1316,-0.1329,-0.1334,-0.1334,-0.133,-0.1325,-0.4926,-0.5151,-0.5426,-0.5763,-0.6171,-0.6639,-0.7103,-0.7408,-0.7355,-0.6871,-0.6105,-0.5253,-0.4414,-0.3586,-0.2726,-0.1789,-0.0771,0.0222,0.0952,0.1199,0.0988,0.0547,0.008,-0.0315,-0.062,-0.0843,-0.1001,-0.111,-0.1183,-0.1228,-0.1254,-0.1266,-0.1269,-0.1267,-0.1261,-0.1255,-0.4972,-0.5222,-0.5539,-0.5953,-0.6498,-0.7206,-0.8042,-0.8756,-0.8839,-0.8059,-0.6848,-0.5668,-0.4635,-0.3677,-0.268,-0.1521,-0.0121,0.1416,0.2589,0.2803,0.2164,0.127,0.0495,-0.0078,-0.0477,-0.0749,-0.0932,-0.1052,-0.1128,-0.1172,-0.1195,-0.1203,-0.1202,-0.1196,-0.1187,-0.1178,-0.4979,-0.5239,-0.558,-0.6043,-0.67,-0.7658,-0.9014,-1.0517,-1.0955,-0.9531,-0.7562,-0.5995,-0.4809,-0.3783,-0.271,-0.1376,0.0453,0.2819,0.4829,0.491,0.3446,0.1898,0.0786,0.0061,-0.0404,-0.0702,-0.0894,-0.1013,-0.1085,-0.1123,-0.1138,-0.1139,-0.1131,-0.1118,-0.1105,-0.1094,-0.4942,-0.5195,-0.5527,-0.5989,-0.6667,-0.7727,-0.9438,-1.1802,-1.2773,-1.0456,-0.7813,-0.608,-0.4894,-0.3906,-0.2865,-0.1512,0.0513,0.3521,0.6441,0.6352,0.4069,0.207,0.0806,0.0043,-0.0423,-0.0712,-0.089,-0.0996,-0.1053,-0.1078,-0.1081,-0.107,-0.1052,-0.1032,-0.1013,-0.0998,-0.4865,-0.509,-0.5382,-0.5781,-0.6358,-0.7242,-0.8639,-1.0523,-1.1223,-0.934,-0.7295,-0.5905,-0.4904,-0.4052,-0.3146,-0.1966,-0.023,0.2309,0.4814,0.4911,0.3148,0.154,0.0499,-0.0138,-0.0531,-0.0772,-0.0916,-0.0995,-0.103,-0.1034,-0.1019,-0.0993,-0.0962,-0.0932,-0.0906,-0.0888,-0.4754,-0.4938,-0.5168,-0.5464,-0.5865,-0.6426,-0.7187,-0.7986,-0.8224,-0.7624,-0.6654,-0.5699,-0.4914,-0.4235,-0.3501,-0.2554,-0.1292,0.0258,0.1634,0.1987,0.1393,0.0615,0.0002,-0.042,-0.0696,-0.0866,-0.0962,-0.1004,-0.1009,-0.0987,-0.0948,-0.0902,-0.0855,-0.0813,-0.078,-0.0758,-0.4622,-0.476,-0.4919,-0.5104,-0.5328,-0.5617,-0.6026,-0.6646,-0.7439,-0.7592,-0.6633,-0.5645,-0.4985,-0.4484,-0.3896,-0.3063,-0.2023,-0.0974,-0.0181,0.0163,0.0089,-0.0185,-0.0477,-0.0711,-0.0874,-0.0971,-0.1014,-0.1014,-0.0982,-0.0928,-0.0861,-0.079,-0.0724,-0.0668,-0.0627,-0.0603,-0.4482,-0.4575,-0.4668,-0.4754,-0.4827,-0.4897,-0.5071,-0.5826,-0.8264,-0.9405,-0.6938,-0.5638,-0.5133,-0.4874,-0.4386,-0.3438,-0.2216,-0.11,-0.0498,-0.0388,-0.0493,-0.0661,-0.0825,-0.0952,-0.1033,-0.1068,-0.106,-0.1016,-0.0944,-0.0851,-0.0749,-0.0648,-0.0558,-0.0486,-0.0438,-0.0415,-0.4345,-0.4401,-0.4442,-0.4451,-0.4404,-0.4267,-0.4036,-0.404,-0.6044,-0.7683,-0.6281,-0.5619,-0.5387,-0.552,-0.5039,-0.3659,-0.1849,0.0001,0.0471,-0.0129,-0.0624,-0.0901,-0.1054,-0.1135,-0.1164,-0.1149,-0.1094,-0.1005,-0.0887,-0.0748,-0.0601,-0.0461,-0.0342,-0.0253,-0.0201,-0.0184,-0.4218,-0.4247,-0.4253,-0.4217,-0.4104,-0.3851,-0.3375,-0.3051,-0.3283,-0.4943,-0.5538,-0.6253,-0.5938,-0.568,-0.5217,-0.3451,-0.1218,0.2038,0.2135,0.0233,-0.0694,-0.1077,-0.1232,-0.1282,-0.1271,-0.1215,-0.1117,-0.0979,-0.0806,-0.0609,-0.0404,-0.0213,-0.0056,0.005,0.0102,0.0102,-0.4104,-0.4117,-0.4107,-0.4057,-0.394,-0.3712,-0.3315,-0.2738,-0.3135,-0.4293,-0.5206,-0.7537,-0.7866,-0.2589,-0.3711,-0.2566,-0.0957,0.0768,0.1015,-0.0255,-0.1007,-0.1313,-0.141,-0.1413,-0.1364,-0.1273,-0.1134,-0.0943,-0.0703,-0.0426,-0.0139,0.0125,0.033,0.0453,0.0491,0.0458,-0.4004,-0.4009,-0.3995,-0.3952,-0.3869,-0.3733,-0.3558,-0.3461,-0.3698,-0.4113,-0.4411,-0.4773,-0.421,-0.3048,-0.2981,-0.1215,0.0517,-0.0419,-0.0673,-0.1111,-0.1489,-0.1609,-0.1592,-0.1534,-0.1454,-0.1339,-0.1165,-0.0913,-0.0581,-0.019,0.022,0.0593,0.0864,0.0997,0.0996,0.0897,-0.3915,-0.3917,-0.3905,-0.3876,-0.3828,-0.3765,-0.3712,-0.3721,-0.3823,-0.3933,-0.3976,-0.3328,-0.3292,-0.3055,-0.2686,-0.1352,-0.0145,-0.0942,-0.1351,-0.1624,-0.1886,-0.1863,-0.1737,-0.1635,-0.1552,-0.1451,-0.126,-0.0928,-0.0459,0.0106,0.071,0.1254,0.1617,0.1735,0.1643,0.1425,-0.3835,-0.3836,-0.3827,-0.3809,-0.3782,-0.3753,-0.3733,-0.3738,-0.3763,-0.379,-0.3842,-0.3407,-0.2336,-0.1851,-0.2527,-0.2251,-0.1766,-0.1616,-0.1597,-0.1774,-0.1945,-0.1918,-0.18,-0.1707,-0.1695,-0.1711,-0.1547,-0.1069,-0.0365,0.0467,0.1371,0.2192,0.2678,0.2718,0.2438,0.2023,-0.376,-0.376,-0.3753,-0.3741,-0.3723,-0.3704,-0.3687,-0.3672,-0.3653,-0.3611,-0.3487,-0.308,-0.2089,-0.1879,-0.2927,-0.3124,-0.2496,-0.1684,-0.1148,-0.1785,-0.1986,-0.1929,-0.181,-0.175,-0.1942,-0.2365,-0.2316,-0.1436,-0.029,0.0897,0.2212,0.3453,0.4078,0.3911,0.3306,0.2621,-0.3689,-0.3688,-0.3682,-0.367,-0.3655,-0.3636,-0.3614,-0.3585,-0.3542,-0.3467,-0.3326,-0.3076,-0.2804,-0.3008,-0.4182,-0.4607,-0.3143,-0.2084,-0.1751,-0.2546,-0.237,-0.2033,-0.1774,-0.1692,-0.2187,-0.3629,-0.3901,-0.1818,-0.0024,0.139,0.3053,0.4769,0.5498,0.5003,0.4022,0.3076,-0.3621,-0.3618,-0.3611,-0.3599,-0.3583,-0.3561,-0.3534,-0.3498,-0.3446,-0.3372,-0.3267,-0.3148,-0.311,-0.337,-0.4106,-0.4299,-0.3318,-0.2782,-0.3433,-0.387,-0.2776,-0.2058,-0.1617,-0.1372,-0.1686,-0.3497,-0.391,-0.0525,0.0963,0.1923,0.3443,0.5255,0.5997,0.5367,0.4258,0.3234,-0.3556,-0.3551,-0.3542,-0.3529,-0.351,-0.3487,-0.3456,-0.3417,-0.3366,-0.3302,-0.3229,-0.3167,-0.3166,-0.3287,-0.3488,-0.346,-0.3109,-0.2906,-0.3156,-0.3214,-0.2509,-0.1796,-0.1321,-0.0855,-0.015,0.1247,0.4418,0.4067,0.2683,0.2431,0.3231,0.4505,0.5136,0.4755,0.3907,0.3046,-0.3493,-0.3486,-0.3475,-0.346,-0.344,-0.3414,-0.3382,-0.3342,-0.3294,-0.3239,-0.3182,-0.3135,-0.3118,-0.3135,-0.3148,-0.3071,-0.2898,-0.2752,-0.2682,-0.2474,-0.1932,-0.1329,-0.106,-0.0592,0.0846,0.3991,0.7674,0.621,0.3705,0.2705,0.2817,0.3426,0.3833,0.3707,0.3217,0.2622,-0.3433,-0.3424,-0.3411,-0.3393,-0.3372,-0.3344,-0.3311,-0.3272,-0.3226,-0.3176,-0.3124,-0.3077,-0.3038,-0.3003,-0.2952,-0.2858,-0.2719,-0.2561,-0.2372,-0.2063,-0.1567,-0.109,-0.1007,-0.063,0.0741,0.3027,0.4926,0.4628,0.3352,0.2553,0.2395,0.2595,0.2788,0.2752,0.2494,0.212,-0.3375,-0.3364,-0.3349,-0.333,-0.3306,-0.3278,-0.3244,-0.3205,-0.3161,-0.3112,-0.306,-0.3007,-0.2953,-0.2892,-0.2815,-0.271,-0.2573,-0.2401,-0.218,-0.1875,-0.1486,-0.1149,-0.0978,-0.0589,0.0365,0.168,0.27,0.2871,0.2481,0.2097,0.1948,0.1983,0.2048,0.2022,0.1876,0.1642]},{"header":{"la1":42.85,"la2":41.18,"lo1":11.55,"lo2":14.05,"nx":36,"ny":24,"dx":0.07143,"dy":0.07261,"parameterCategory":2,"parameterNumber":3,"parameterNumberName":"northward_wind","parameterUnit":"m.s-1"},"data":[-0.3323,-0.3438,-0.3567,-0.3707,-0.3849,-0.398,-0.4082,-0.4136,-0.4128,-0.4054,-0.3923,-0.3752,-0.3555,-0.3342,-0.3121,-0.2899,-0.2683,-0.2486,-0.232,-0.2192,-0.2103,-0.2043,-0.2003,-0.1972,-0.1943,-0.1911,-0.1875,-0.1835,-0.1791,-0.1746,-0.1698,-0.1651,-0.1604,-0.1558,-0.1515,-0.1475,-0.3339,-0.3475,-0.3636,-0.3819,-0.4016,-0.421,-0.4374,-0.4469,-0.4469,-0.4368,-0.4186,-0.3954,-0.3698,-0.343,-0.3155,-0.2876,-0.2603,-0.2355,-0.2153,-0.2014,-0.1936,-0.1901,-0.1888,-0.188,-0.1868,-0.1848,-0.1819,-0.1782,-0.1739,-0.1693,-0.1644,-0.1594,-0.1544,-0.1497,-0.1452,-0.141,-0.3334,-0.3492,-0.3688,-0.3924,-0.4199,-0.4492,-0.4759,-0.4934,-0.4951,-0.4798,-0.4524,-0.4198,-0.3862,-0.3526,-0.3185,-0.2833,-0.2477,-0.2147,-0.1891,-0.1743,-0.1696,-0.1711,-0.1747,-0.1776,-0.1788,-0.1782,-0.176,-0.1726,-0.1684,-0.1635,-0.1584,-0.1531,-0.1479,-0.1428,-0.1381,-0.1337,-0.3301,-0.3476,-0.3706,-0.4004,-0.438,-0.4823,-0.5277,-0.5611,-0.5667,-0.5405,-0.4957,-0.4479,-0.4039,-0.3629,-0.3216,-0.2772,-0.2293,-0.1827,-0.1475,-0.1325,-0.1356,-0.147,-0.1585,-0.1666,-0.1707,-0.1716,-0.1701,-0.1669,-0.1625,-0.1574,-0.1518,-0.1462,-0.1405,-0.1352,-0.1301,-0.1256,-0.3229,-0.3412,-0.3666,-0.4022,-0.4514,-0.5169,-0.5947,-0.6624,-0.6781,-0.6269,-0.5477,-0.4769,-0.4212,-0.3738,-0.3263,-0.2715,-0.2061,-0.1355,-0.0817,-0.0688,-0.0898,-0.1191,-0.1422,-0.1563,-0.1634,-0.1655,-0.1644,-0.161,-0.1563,-0.1507,-0.1446,-0.1384,-0.1323,-0.1265,-0.1212,-0.1164,-0.3112,-0.3284,-0.354,-0.3927,-0.4514,-0.54,-0.6656,-0.8026,-0.8454,-0.7371,-0.597,-0.4989,-0.4352,-0.3857,-0.3351,-0.2718,-0.1859,-0.0782,0.0106,0.0164,-0.0391,-0.0943,-0.1298,-0.149,-0.1578,-0.1603,-0.1589,-0.155,-0.1497,-0.1433,-0.1366,-0.1297,-0.1229,-0.1166,-0.1109,-0.106,-0.2946,-0.3083,-0.3303,-0.3663,-0.4259,-0.5255,-0.6886,-0.9089,-0.9967,-0.8058,-0.6098,-0.5028,-0.4437,-0.3994,-0.3515,-0.2861,-0.1886,-0.0499,0.0782,0.0752,-0.014,-0.0862,-0.1265,-0.1462,-0.1544,-0.156,-0.1536,-0.1488,-0.1425,-0.1352,-0.1275,-0.1197,-0.1122,-0.1053,-0.0991,-0.094,-0.2735,-0.2809,-0.2949,-0.3205,-0.3671,-0.4502,-0.5906,-0.7806,-0.8543,-0.7016,-0.5598,-0.488,-0.4493,-0.4175,-0.3772,-0.3176,-0.2285,-0.1051,0.0093,0.0169,-0.0486,-0.1033,-0.1336,-0.1478,-0.1527,-0.1522,-0.1483,-0.1421,-0.1345,-0.126,-0.1171,-0.1082,-0.0997,-0.092,-0.0854,-0.08,-0.2493,-0.2481,-0.2497,-0.2578,-0.279,-0.324,-0.4026,-0.4989,-0.5481,-0.5284,-0.4943,-0.4729,-0.4603,-0.4433,-0.4118,-0.3595,-0.2851,-0.1972,-0.1232,-0.0978,-0.1118,-0.1319,-0.1451,-0.1509,-0.1513,-0.1481,-0.1424,-0.1347,-0.1256,-0.1155,-0.105,-0.0947,-0.0849,-0.0763,-0.0692,-0.0637,-0.2242,-0.2131,-0.1997,-0.1851,-0.1727,-0.1717,-0.2015,-0.2873,-0.4193,-0.4876,-0.4743,-0.475,-0.4838,-0.4794,-0.4538,-0.4019,-0.3266,-0.247,-0.1873,-0.1575,-0.1498,-0.1508,-0.1523,-0.1517,-0.1485,-0.143,-0.1356,-0.1263,-0.1155,-0.1035,-0.0909,-0.0786,-0.0673,-0.0575,-0.0498,-0.0443,-0.2013,-0.1804,-0.1516,-0.1122,-0.0603,-0.0002,0.0361,-0.0652,-0.4641,-0.6383,-0.4855,-0.4941,-0.5214,-0.5212,-0.4991,-0.4407,-0.3381,-0.2262,-0.1621,-0.1487,-0.1508,-0.1524,-0.1513,-0.1481,-0.1431,-0.1364,-0.1278,-0.117,-0.1041,-0.0896,-0.0743,-0.0592,-0.0457,-0.0345,-0.0262,-0.0211,-0.1834,-0.1548,-0.1136,-0.0528,0.038,0.1716,0.3467,0.4333,-0.0282,-0.4229,-0.4423,-0.5337,-0.5702,-0.5349,-0.531,-0.4777,-0.3133,-0.0899,-0.0246,-0.0874,-0.1286,-0.1417,-0.143,-0.1402,-0.1354,-0.1287,-0.1194,-0.1071,-0.0916,-0.0736,-0.0542,-0.0353,-0.0187,-0.0056,0.003,0.0073,-0.1729,-0.1406,-0.0931,-0.0215,0.0903,0.2696,0.5488,0.8034,0.6007,-0.0642,-0.4316,-0.6187,-0.67,-0.5478,-0.5611,-0.5271,-0.2967,0.1658,0.1877,-0.031,-0.1087,-0.1275,-0.1303,-0.1291,-0.1262,-0.1209,-0.1119,-0.0979,-0.0788,-0.0554,-0.0298,-0.005,0.0161,0.0314,0.0399,0.0422,-0.1707,-0.1393,-0.0939,-0.0265,0.076,0.2338,0.4642,0.7195,0.509,-0.1163,-0.5151,-0.6971,-0.7691,-1.182,-0.7759,-0.6195,-0.4595,-0.0772,0.0307,-0.0699,-0.1055,-0.1124,-0.1144,-0.1161,-0.1173,-0.1155,-0.1077,-0.0916,-0.0668,-0.0348,0.0007,0.0349,0.0625,0.0802,0.0873,0.0855,-0.1761,-0.1496,-0.1129,-0.0618,0.0088,0.1016,0.2013,0.2271,0.0116,-0.3798,-0.6623,-0.7831,-0.9224,-1.1896,-0.8427,-0.7242,-0.832,-0.4408,-0.1853,-0.1113,-0.0954,-0.0937,-0.0961,-0.103,-0.1118,-0.117,-0.1121,-0.0925,-0.058,-0.0117,0.0404,0.0896,0.1267,0.1464,0.149,0.1391,-0.187,-0.1676,-0.1428,-0.1121,-0.077,-0.0453,-0.0407,-0.1123,-0.3103,-0.6121,-0.9074,-0.9543,-0.8646,-0.8135,-0.6908,-0.6474,-0.7059,-0.3884,-0.1344,-0.064,-0.0859,-0.0836,-0.0783,-0.092,-0.1153,-0.1346,-0.1352,-0.1085,-0.0565,0.0142,0.094,0.168,0.2189,0.2377,0.2291,0.2043,-0.2006,-0.1886,-0.1753,-0.1623,-0.1537,-0.1586,-0.1939,-0.2819,-0.4376,-0.6527,-0.864,-0.8114,-0.5208,-0.3683,-0.451,-0.3963,-0.2918,-0.0328,0.1646,0.0763,-0.0711,-0.0671,-0.0557,-0.0856,-0.138,-0.1876,-0.1975,-0.1523,-0.0671,0.0434,0.1683,0.2833,0.3526,0.362,0.329,0.2789,-0.2144,-0.2088,-0.2045,-0.2035,-0.2101,-0.2306,-0.274,-0.3478,-0.4516,-0.5666,-0.6383,-0.5832,-0.3728,-0.2845,-0.2181,-0.1045,-0.0003,0.3792,0.7074,0.3487,0.1085,0.0255,-0.0171,-0.085,-0.193,-0.3104,-0.3345,-0.2356,-0.0895,0.0765,0.2669,0.4452,0.5353,0.5165,0.44,0.354,-0.2267,-0.2258,-0.2273,-0.2331,-0.2461,-0.27,-0.3081,-0.3614,-0.4242,-0.48,-0.5008,-0.4592,-0.3596,-0.2135,0.1042,0.2278,0.1368,0.395,0.6018,0.4477,0.2646,0.1239,0.0293,-0.0797,-0.2605,-0.512,-0.5611,-0.3261,-0.1006,0.1113,0.3679,0.6218,0.7267,0.661,0.5324,0.4114,-0.2364,-0.2385,-0.2431,-0.2517,-0.266,-0.2874,-0.3167,-0.352,-0.3876,-0.4124,-0.412,-0.3738,-0.2903,-0.1397,0.0969,0.1824,0.1484,0.2936,0.5042,0.5699,0.3462,0.1853,0.0819,-0.0362,-0.2275,-0.5235,-0.5839,-0.2502,-0.0494,0.1395,0.4059,0.6874,0.7956,0.7094,0.5622,0.4305,-0.2433,-0.2469,-0.2527,-0.2617,-0.2745,-0.2915,-0.3121,-0.334,-0.3524,-0.3603,-0.3495,-0.3128,-0.2442,-0.1405,-0.0222,0.0526,0.1103,0.2285,0.3834,0.4244,0.3081,0.2212,0.1615,0.0621,-0.0599,-0.0981,0.0774,0.0781,0.0595,0.1546,0.3516,0.5722,0.6727,0.624,0.5137,0.4046,-0.2474,-0.2515,-0.2573,-0.2653,-0.2757,-0.288,-0.3014,-0.3137,-0.3214,-0.3199,-0.3046,-0.2713,-0.218,-0.1477,-0.0718,-0.0032,0.0666,0.1521,0.2338,0.2657,0.2612,0.2952,0.2994,0.1857,0.0818,0.1281,0.2903,0.2204,0.1303,0.1575,0.2703,0.4059,0.4847,0.4783,0.4201,0.3482,-0.2493,-0.2531,-0.2583,-0.2647,-0.2723,-0.2805,-0.2884,-0.294,-0.2951,-0.2885,-0.2717,-0.2424,-0.2004,-0.1481,-0.0906,-0.0318,0.0294,0.0929,0.1503,0.1953,0.2538,0.3609,0.3923,0.2594,0.1448,0.138,0.1847,0.1708,0.1362,0.1482,0.2076,0.2834,0.3367,0.3475,0.3237,0.2829,-0.2492,-0.2525,-0.2566,-0.2613,-0.2664,-0.2712,-0.275,-0.2762,-0.2731,-0.2639,-0.247,-0.2213,-0.187,-0.1454,-0.099,-0.0498,0.0012,0.0527,0.1023,0.1531,0.2183,0.2959,0.3118,0.2334,0.1533,0.1243,0.127,0.125,0.1195,0.1309,0.1636,0.2057,0.239,0.252,0.2444,0.2228]}]