docs/data/wind_grid.json
[{"header":{"la1":42.85,"la2":41.18,"lo1":11.55,"lo2":14.05,"nx":36,"ny":24,"dx":0.07143,"dy":0.07261,"parameterCategory":2,"parameterNumber":2,"parameterNumberName":"eastward_wind","parameterUnit":"m.s-1"},"data":[0.1417,0.1325,0.1221,0.1105,0.0978,0.0846,0.0716,0.0599,0.0498,0.0407,0.0308,0.0181,0.0008,-0.0216,-0.0486,-0.078,-0.1064,-0.1294,-0.1421,-0.1421,-0.1304,-0.1111,-0.0886,-0.0655,-0.0423,-0.0191,0.0039,0.0264,0.0478,0.0678,0.0863,0.103,0.118,0.1315,0.1435,0.1542,0.1401,0.1302,0.1187,0.1051,0.0895,0.0724,0.0557,0.0415,0.0314,0.0247,0.0179,0.0069,-0.0113,-0.0381,-0.0728,-0.113,-0.1539,-0.1875,-0.2048,-0.2001,-0.1765,-0.1439,-0.112,-0.0838,-0.0577,-0.0318,-0.0059,0.0195,0.0436,0.0658,0.0859,0.1039,0.1198,0.1339,0.1462,0.1571,0.139,0.1287,0.1161,0.1001,0.0801,0.0566,0.0323,0.0126,0.0024,0.0013,0.0021,-0.0037,-0.0214,-0.0529,-0.0978,-0.1539,-0.215,-0.2682,-0.2941,-0.2781,-0.2265,-0.1668,-0.1225,-0.0936,-0.0688,-0.0421,-0.0137,0.0146,0.0414,0.0658,0.0875,0.1066,0.1232,0.1377,0.1502,0.1611,0.1387,0.1286,0.1155,0.0971,0.0713,0.0368,-0.0029,-0.0366,-0.0486,-0.0367,-0.0184,-0.0126,-0.0276,-0.064,-0.1215,-0.1995,-0.2941,-0.3868,-0.4353,-0.3945,-0.2736,-0.1522,-0.0983,-0.087,-0.0739,-0.0494,-0.0189,0.0125,0.0421,0.0686,0.0917,0.1115,0.1285,0.143,0.1554,0.1661,0.1392,0.1306,0.1186,0.099,0.0666,0.0157,-0.055,-0.1258,-0.1471,-0.1021,-0.0442,-0.0169,-0.0267,-0.0684,-0.1393,-0.2442,-0.3904,-0.5666,-0.6886,-0.6078,-0.3178,-0.0469,-0.0125,-0.0653,-0.0766,-0.0549,-0.0211,0.0141,0.0465,0.0747,0.0987,0.1189,0.1358,0.15,0.1619,0.1721,0.1403,0.1354,0.128,0.1107,0.0736,0.004,-0.1174,-0.28,-0.3389,-0.2054,-0.0659,-0.0087,-0.0155,-0.0638,-0.1462,-0.2738,-0.4804,-0.8089,-1.1624,-1.0628,-0.4621,0.0431,0.0427,-0.0701,-0.0882,-0.0599,-0.0192,0.0207,0.0557,0.0851,0.1093,0.1291,0.1453,0.1586,0.1697,0.179,0.1407,0.1431,0.1476,0.1392,0.1008,0.0221,-0.1358,-0.4227,-0.5629,-0.274,-0.0446,0.0248,0.0082,-0.0519,-0.1417,-0.2724,-0.5003,-0.9502,-1.6494,-1.5738,-0.7443,-0.2685,-0.1457,-0.1437,-0.1122,-0.0616,-0.0104,0.0343,0.071,0.1003,0.1236,0.1421,0.1568,0.1688,0.1786,0.1867,0.1369,0.1501,0.1829,0.1991,0.1473,0.0719,-0.0369,-0.237,-0.3281,-0.0962,0.0689,0.0913,0.0413,-0.0423,-0.1415,-0.2512,-0.4182,-0.744,-1.186,-1.1339,-0.7714,-0.569,-0.3631,-0.2247,-0.1277,-0.0509,0.0101,0.0574,0.0935,0.1209,0.1418,0.1578,0.1702,0.1801,0.1881,0.1948,0.1222,0.1389,0.2138,0.2938,0.1735,0.103,0.104,0.1152,0.1734,0.2621,0.2589,0.1805,0.0756,-0.0491,-0.1882,-0.2773,-0.33,-0.4624,-0.634,-0.7161,-0.8533,-0.7751,-0.4608,-0.2443,-0.1087,-0.0172,0.0468,0.0919,0.1239,0.1468,0.1634,0.1757,0.1849,0.1921,0.1979,0.2028,0.0928,0.0783,0.099,0.1228,0.0078,0.0598,0.1884,0.3662,0.6331,0.7287,0.4945,0.269,0.1055,-0.063,-0.3311,-0.4666,-0.3156,-0.3165,-0.3981,-0.52,-0.7044,-0.6449,-0.3815,-0.177,-0.0428,0.0451,0.1018,0.138,0.1614,0.1769,0.1874,0.1947,0.1999,0.2039,0.2072,0.2102,0.0628,-0.0056,-0.1469,-0.4466,-0.3908,-0.0288,0.2018,0.4534,1.0946,1.4213,0.6908,0.3166,0.1253,-0.028,-0.2835,-0.4604,-0.2705,-0.2716,-0.3127,-0.3363,-0.3647,-0.3181,-0.1829,-0.0434,0.0637,0.1338,0.1732,0.1933,0.2037,0.2092,0.2121,0.2134,0.2139,0.2143,0.215,0.2161,0.0568,-0.0292,-0.1917,-0.433,-0.3629,-0.0145,0.1529,0.2237,0.6608,0.9975,0.5774,0.3073,0.1266,-0.0211,-0.0787,-0.1186,-0.1912,-0.3981,-0.447,-0.2839,-0.1659,-0.0805,0.0125,0.109,0.1913,0.2404,0.2547,0.2524,0.2466,0.2407,0.235,0.2297,0.2252,0.2219,0.22,0.2194,0.0816,0.0184,-0.0682,-0.1362,-0.0729,0.0717,0.1063,0.0056,0.1591,0.4295,0.4182,0.3275,0.2018,-0.0718,-0.0786,0.0141,-0.1466,-0.8579,-0.8814,-0.2913,-0.0273,0.0995,0.1786,0.2469,0.3129,0.3461,0.3315,0.3056,0.2845,0.2676,0.2533,0.2412,0.2316,0.2247,0.2207,0.2191,0.1239,0.0898,0.0578,0.0509,0.0901,0.1423,0.1416,0.0869,0.1704,0.3668,0.4244,0.3912,0.3615,0.2718,0.1518,0.1477,0.0153,-0.4062,-0.4819,-0.0799,0.179,0.2962,0.3345,0.3532,0.383,0.4023,0.3767,0.3419,0.3123,0.2865,0.2639,0.2448,0.23,0.2202,0.2151,0.2138,0.1695,0.1552,0.1481,0.1565,0.1822,0.2111,0.2272,0.2485,0.3392,0.4898,0.5849,0.5338,0.4174,0.3951,0.2387,0.1545,-0.2037,-0.0257,0.0743,0.2916,0.5096,0.5627,0.5055,0.4466,0.412,0.4019,0.389,0.362,0.329,0.2951,0.2634,0.2365,0.2167,0.2052,0.201,0.2021,0.2113,0.2085,0.2123,0.2257,0.2485,0.2771,0.3119,0.3681,0.4765,0.6752,1.0006,0.7898,0.6189,0.4331,0.3238,0.1404,-0.0551,0.1947,0.4171,0.6471,0.9407,0.8821,0.6792,0.5531,0.4786,0.4388,0.4126,0.3791,0.3366,0.2911,0.2477,0.2112,0.1863,0.1753,0.1758,0.1829,0.2474,0.2512,0.2606,0.2768,0.3004,0.3318,0.3746,0.4387,0.542,0.7151,0.9534,0.7971,0.6233,0.5699,0.4989,0.4377,0.4344,0.6124,0.8089,0.8868,1.0302,0.9686,0.7824,0.6468,0.557,0.5009,0.4551,0.399,0.335,0.2717,0.2125,0.1621,0.1315,0.1261,0.1381,0.1567,0.2782,0.286,0.2984,0.3164,0.3408,0.3729,0.4152,0.4723,0.5489,0.6411,0.7064,0.6785,0.6252,0.6324,0.7735,0.8578,0.8314,1.0428,1.2534,1.1595,1.0695,0.9748,0.8504,0.7199,0.6192,0.5707,0.5228,0.4226,0.3184,0.2335,0.1562,0.0852,0.0472,0.0567,0.0908,0.1267,0.3043,0.3145,0.3286,0.3475,0.3717,0.4023,0.4404,0.4871,0.5411,0.595,0.6334,0.6515,0.6817,0.8175,1.298,1.507,1.1297,1.2313,1.4337,1.6908,1.4176,1.1515,0.9659,0.7918,0.656,0.6687,0.6669,0.4317,0.2631,0.1722,0.0905,-0.0026,-0.0493,-0.0148,0.0475,0.1014,0.3265,0.3381,0.3531,0.372,0.3954,0.4237,0.4572,0.4957,0.5374,0.5788,0.6174,0.6597,0.7338,0.9095,1.2695,1.4005,1.2243,1.4371,2.2552,2.6469,1.7914,1.3824,1.1548,0.8965,0.6439,0.64,0.6533,0.2426,0.1118,0.0823,0.0406,-0.0396,-0.0857,-0.0413,0.0306,0.0907,0.3453,0.3577,0.3731,0.3917,0.4139,0.4399,0.4698,0.503,0.5389,0.5767,0.6178,0.6694,0.7476,0.8736,1.0328,1.1262,1.1916,1.4397,1.9279,2.1088,1.8014,1.6805,1.5489,1.1375,0.605,0.1038,-0.4708,-0.3821,-0.133,-0.0343,0.0002,-0.0144,-0.0341,-0.0064,0.0469,0.0978,0.3613,0.3742,0.3895,0.4076,0.4286,0.4528,0.4799,0.51,0.5429,0.5791,0.6206,0.672,0.74,0.8282,0.9264,1.0186,1.1299,1.3121,1.5425,1.7013,1.8849,2.3544,2.4579,1.6503,0.7002,-0.2079,-1.0157,-0.6817,-0.2837,-0.1594,-0.0619,-0.0055,0.0167,0.0416,0.0778,0.116,0.375,0.3879,0.4031,0.4206,0.4406,0.4632,0.4884,0.5164,0.5473,0.5819,0.6218,0.6695,0.7277,0.7969,0.8747,0.9609,1.0667,1.2055,1.376,1.5993,2.0481,2.9301,3.2006,2.0704,0.922,0.0885,-0.3841,-0.3701,-0.3544,-0.2874,-0.1291,-0.0188,0.0391,0.0752,0.1071,0.1377,0.3866,0.3995,0.4143,0.4312,0.4502,0.4716,0.4953,0.5215,0.5507,0.5835,0.6209,0.6644,0.7152,0.7739,0.8408,0.9179,1.0108,1.1271,1.2786,1.5038,1.8929,2.4291,2.5234,1.8325,1.0028,0.3757,-0.0073,-0.2143,-0.3579,-0.2964,-0.1339,-0.0132,0.0578,0.1013,0.133,0.1596]},{"header":{"la1":42.85,"la2":41.18,"lo1":11.55,"lo2":14.05,"nx":36,"ny":24,"dx":0.07143,"dy":0.07261,"parameterCategory":2,"parameterNumber":3,"parameterNumberName":"northward_wind","parameterUnit":"m.s-1"},"data":[0.0764,0.0957,0.1168,0.1397,0.1635,0.1865,0.2059,0.2182,0.2211,0.2145,0.2008,0.1837,0.1663,0.1505,0.1365,0.1238,0.1112,0.0971,0.0805,0.0612,0.0404,0.0211,0.0059,-0.0047,-0.0124,-0.0194,-0.0274,-0.037,-0.0481,-0.0605,-0.0736,-0.087,-0.1004,-0.1135,-0.1261,-0.138,0.0817,0.1041,0.1297,0.1587,0.1909,0.2242,0.2541,0.2738,0.2777,0.2651,0.2413,0.2139,0.1884,0.1675,0.1509,0.1371,0.1238,0.1084,0.0883,0.0623,0.0324,0.0052,-0.0126,-0.0203,-0.0228,-0.0254,-0.0308,-0.0395,-0.0508,-0.064,-0.0782,-0.0928,-0.1073,-0.1214,-0.1349,-0.1475,0.0859,0.1117,0.142,0.1782,0.2218,0.2718,0.3214,0.3569,0.3636,0.3388,0.2952,0.2495,0.2116,0.184,0.1649,0.1509,0.1385,0.1231,0.0995,0.0625,0.0142,-0.0302,-0.0512,-0.0488,-0.0389,-0.0331,-0.0345,-0.0421,-0.054,-0.0683,-0.084,-0.1,-0.1158,-0.1311,-0.1455,-0.1588,0.0888,0.1181,0.1529,0.1963,0.2539,0.3299,0.4179,0.4898,0.5052,0.4529,0.3678,0.2895,0.2335,0.1983,0.1775,0.1651,0.156,0.1442,0.1198,0.0677,-0.0194,-0.1064,-0.1288,-0.0956,-0.0591,-0.04,-0.037,-0.0443,-0.0575,-0.0737,-0.0912,-0.109,-0.1263,-0.1427,-0.1581,-0.1722,0.091,0.1243,0.1626,0.2103,0.2802,0.3919,0.5531,0.7163,0.7601,0.6367,0.4606,0.3275,0.249,0.2075,0.1873,0.1787,0.1763,0.1748,0.1606,0.0985,-0.0592,-0.2541,-0.2625,-0.1507,-0.0725,-0.0407,-0.0362,-0.0457,-0.0617,-0.0807,-0.1006,-0.1203,-0.1392,-0.157,-0.1734,-0.1882,0.0933,0.1337,0.1765,0.2217,0.2898,0.4322,0.7091,1.0898,1.2273,0.909,0.5504,0.3457,0.2501,0.2088,0.1926,0.1896,0.1964,0.2122,0.2284,0.1883,-0.0189,-0.3502,-0.3347,-0.1511,-0.057,-0.0288,-0.0312,-0.0468,-0.0676,-0.0901,-0.1127,-0.1346,-0.1553,-0.1744,-0.1917,-0.2071,0.0956,0.1521,0.2118,0.2502,0.2803,0.4021,0.7566,1.4271,1.7494,1.0952,0.5481,0.3155,0.231,0.2015,0.1919,0.1943,0.2096,0.2394,0.2784,0.2726,0.1665,-0.0398,-0.0999,-0.0358,-0.0032,-0.0057,-0.0247,-0.05,-0.0769,-0.1034,-0.1289,-0.1529,-0.1752,-0.1956,-0.2138,-0.2297,0.091,0.1779,0.297,0.3587,0.2852,0.2825,0.5174,1.0125,1.2389,0.7469,0.362,0.2278,0.1974,0.1897,0.1818,0.1848,0.2092,0.2467,0.2827,0.3269,0.4394,0.3876,0.2144,0.1144,0.0589,0.0152,-0.024,-0.0598,-0.0923,-0.1222,-0.1501,-0.176,-0.1999,-0.2215,-0.2405,-0.2567,0.0615,0.1689,0.3866,0.5743,0.3001,0.1095,0.1368,0.2426,0.2396,0.1102,0.0702,0.1193,0.1732,0.1848,0.147,0.1321,0.1872,0.2486,0.3145,0.4726,0.8219,0.7391,0.4,0.2011,0.0894,0.016,-0.0382,-0.0808,-0.1164,-0.148,-0.1774,-0.2049,-0.2303,-0.2531,-0.2727,-0.2889,-0.0078,0.0514,0.176,0.2597,-0.004,-0.1306,-0.1907,-0.2844,-0.4705,-0.5137,-0.2272,0.0431,0.1941,0.2163,0.0514,-0.0546,0.1485,0.2541,0.3187,0.4507,0.6802,0.6321,0.38,0.1924,0.0686,-0.0162,-0.0749,-0.1171,-0.1509,-0.1817,-0.2115,-0.2404,-0.2675,-0.2916,-0.3118,-0.3278,-0.0963,-0.1235,-0.2339,-0.5391,-0.5201,-0.3711,-0.4398,-0.5992,-1.002,-1.2275,-0.442,0.0519,0.293,0.3638,0.1567,-0.0316,0.2143,0.2871,0.3032,0.342,0.3953,0.3682,0.2494,0.1136,-0.0038,-0.0889,-0.1401,-0.1708,-0.1959,-0.2229,-0.2527,-0.2836,-0.3132,-0.3391,-0.3598,-0.3748,-0.165,-0.2286,-0.3664,-0.5705,-0.5575,-0.4948,-0.6397,-0.7975,-0.875,-0.8978,-0.3046,0.1691,0.4481,0.6155,0.5827,0.442,0.4,0.3175,0.2726,0.2772,0.2678,0.223,0.1323,0.0067,-0.1251,-0.2134,-0.239,-0.24,-0.248,-0.2696,-0.3008,-0.336,-0.3698,-0.3984,-0.4194,-0.4325,-0.2017,-0.2587,-0.3428,-0.4273,-0.466,-0.5452,-0.7583,-0.9923,-0.8413,-0.4934,-0.0666,0.3362,0.5523,0.7481,0.7843,0.7162,0.5941,0.2241,0.1808,0.2504,0.221,0.1569,0.0544,-0.102,-0.2978,-0.4067,-0.3677,-0.3128,-0.2992,-0.3188,-0.3566,-0.4007,-0.4421,-0.4745,-0.4951,-0.5041,-0.2166,-0.2599,-0.3131,-0.3681,-0.4273,-0.5257,-0.6882,-0.851,-0.7341,-0.3628,0.0064,0.4656,0.6389,0.8319,0.8095,1.1561,0.9483,0.4645,0.2882,0.2613,0.21,0.1387,0.0217,-0.1693,-0.446,-0.589,-0.4634,-0.3592,-0.3387,-0.3685,-0.4231,-0.4844,-0.5384,-0.5758,-0.5935,-0.594,-0.2209,-0.2539,-0.2925,-0.3356,-0.387,-0.4547,-0.5325,-0.5694,-0.4808,-0.3202,-0.1786,0.0651,0.3876,0.5971,0.783,1.2665,1.1782,0.7009,0.3797,0.2626,0.2457,0.1879,0.0443,-0.1461,-0.3749,-0.4959,-0.4191,-0.3533,-0.3615,-0.4213,-0.5085,-0.6001,-0.6742,-0.716,-0.7243,-0.7075,-0.2201,-0.2458,-0.2749,-0.3071,-0.3427,-0.38,-0.4089,-0.4096,-0.3819,-0.4163,-0.6777,-0.3958,-0.1326,0.2274,0.4526,0.7664,0.9245,0.5319,0.2415,0.2212,0.4451,0.3596,0.0949,-0.0904,-0.2229,-0.2924,-0.2965,-0.3087,-0.3721,-0.4839,-0.6268,-0.7709,-0.8761,-0.9171,-0.9,-0.8493,-0.217,-0.237,-0.2588,-0.2818,-0.3047,-0.3248,-0.3373,-0.3405,-0.3525,-0.4367,-0.641,-0.4706,-0.5231,-0.5728,-0.0574,0.172,0.2239,0.0276,-0.147,0.0201,0.4536,0.3505,0.0573,-0.0852,-0.1346,-0.1384,-0.1546,-0.2315,-0.3701,-0.561,-0.7965,-1.0344,-1.1889,-1.209,-1.131,-1.018,-0.2131,-0.2287,-0.2451,-0.2614,-0.2766,-0.2891,-0.2979,-0.3058,-0.3235,-0.3655,-0.4111,-0.4312,-0.6362,-0.7052,-0.571,-0.5567,-0.3617,-0.4878,-0.7306,-0.4138,-0.1128,-0.0418,-0.1131,-0.1375,-0.0616,0.0804,0.0991,-0.0898,-0.3504,-0.6505,-1.0275,-1.4344,-1.6649,-1.6092,-1.4062,-1.1959,-0.2095,-0.2218,-0.2344,-0.2465,-0.2576,-0.2671,-0.2754,-0.2848,-0.3,-0.3239,-0.3546,-0.4044,-0.5085,-0.6967,-1.3727,-1.6865,-0.8212,-0.6576,-0.767,-0.7716,-0.5471,-0.3874,-0.3255,-0.2313,0.0184,0.4761,0.5748,0.0846,-0.3428,-0.7375,-1.269,-1.9221,-2.2476,-2.0322,-1.653,-1.3382,-0.2067,-0.2167,-0.2267,-0.2364,-0.2455,-0.254,-0.2625,-0.2728,-0.2872,-0.3084,-0.3408,-0.3963,-0.5038,-0.7486,-1.2921,-1.4647,-0.9134,-0.7652,-1.0683,-1.2354,-0.835,-0.6649,-0.5799,-0.4138,-0.0766,0.5117,0.6434,-0.0322,-0.4318,-0.795,-1.3508,-2.1163,-2.4873,-2.1853,-1.7352,-1.3872,-0.2048,-0.2132,-0.2218,-0.2301,-0.2384,-0.2467,-0.2557,-0.2669,-0.282,-0.304,-0.3376,-0.3924,-0.4861,-0.6446,-0.8444,-0.8981,-0.7829,-0.7717,-0.9415,-1.0228,-0.9482,-1.0092,-1.0037,-0.7581,-0.434,-0.2734,-0.5184,-0.5513,-0.6092,-0.815,-1.1971,-1.7444,-2.0546,-1.9075,-1.5982,-1.3246,-0.2039,-0.2113,-0.219,-0.2267,-0.2346,-0.2431,-0.2528,-0.2648,-0.2808,-0.3031,-0.3354,-0.3831,-0.4525,-0.5435,-0.6324,-0.6752,-0.6816,-0.7211,-0.817,-0.9367,-1.1788,-1.6703,-1.8093,-1.2642,-0.7807,-0.6743,-0.864,-0.7753,-0.7511,-0.8282,-1.0035,-1.2875,-1.495,-1.4928,-1.3573,-1.194,-0.2038,-0.2107,-0.2179,-0.2253,-0.2332,-0.242,-0.2522,-0.2648,-0.2811,-0.3029,-0.3322,-0.3717,-0.4224,-0.4811,-0.5373,-0.5817,-0.6225,-0.6843,-0.7899,-0.9828,-1.4081,-2.1826,-2.41,-1.6158,-0.992,-0.7716,-0.7671,-0.7901,-0.8605,-0.8578,-0.8994,-1.0263,-1.1456,-1.1815,-1.1375,-1.0537,-0.2045,-0.2111,-0.218,-0.2253,-0.2334,-0.2424,-0.253,-0.2659,-0.282,-0.3026,-0.3289,-0.3618,-0.4012,-0.4452,-0.4903,-0.5357,-0.5875,-0.66,-0.7747,-0.9738,-1.3276,-1.7967,-1.9048,-1.4655,-1.0319,-0.8218,-0.7718,-0.809,-0.8731,-0.8604,-0.8558,-0.9032,-0.9614,-0.9897,-0.977,-0.9346]}]