docs/data/wind_grid.json
[{"header":{"la1":42.85,"la2":41.18,"lo1":11.55,"lo2":14.05,"nx":36,"ny":24,"dx":0.07143,"dy":0.07261,"parameterCategory":2,"parameterNumber":2,"parameterNumberName":"eastward_wind","parameterUnit":"m.s-1"},"data":[-0.8077,-0.8118,-0.8163,-0.8214,-0.8269,-0.8328,-0.8392,-0.8462,-0.8544,-0.8651,-0.8801,-0.9012,-0.9295,-0.9633,-0.9973,-1.0219,-1.0286,-1.0157,-0.9887,-0.9559,-0.9233,-0.8938,-0.868,-0.8459,-0.8268,-0.8102,-0.7957,-0.783,-0.7718,-0.7618,-0.753,-0.7451,-0.7381,-0.7318,-0.7263,-0.7215,-0.8086,-0.8131,-0.8181,-0.8237,-0.83,-0.8368,-0.8438,-0.851,-0.8587,-0.8689,-0.8848,-0.9103,-0.9488,-1.0004,-1.0572,-1.1008,-1.1112,-1.0853,-1.0384,-0.9878,-0.9424,-0.9046,-0.8737,-0.8482,-0.827,-0.8089,-0.7934,-0.7799,-0.768,-0.7576,-0.7484,-0.7403,-0.7331,-0.7268,-0.7213,-0.7164,-0.8094,-0.8142,-0.8197,-0.8262,-0.8337,-0.842,-0.8505,-0.8581,-0.8646,-0.8723,-0.8865,-0.9145,-0.9642,-1.0405,-1.1365,-1.217,-1.2323,-1.1775,-1.0949,-1.0184,-0.9579,-0.9117,-0.8762,-0.8481,-0.8251,-0.8059,-0.7895,-0.7754,-0.7631,-0.7523,-0.7429,-0.7346,-0.7274,-0.721,-0.7155,-0.7107,-0.8099,-0.815,-0.8211,-0.8286,-0.8378,-0.8489,-0.8607,-0.8705,-0.8753,-0.877,-0.8845,-0.9101,-0.9671,-1.0699,-1.2213,-1.3658,-1.3866,-1.2771,-1.1427,-1.0377,-0.9643,-0.9125,-0.8744,-0.8448,-0.8209,-0.801,-0.784,-0.7695,-0.7569,-0.7459,-0.7363,-0.728,-0.7207,-0.7143,-0.7089,-0.7042,-0.8101,-0.8154,-0.8219,-0.8303,-0.8417,-0.8571,-0.876,-0.8933,-0.8978,-0.8876,-0.8798,-0.8944,-0.9478,-1.0602,-1.2493,-1.454,-1.4794,-1.3184,-1.1492,-1.0326,-0.957,-0.9055,-0.8677,-0.8383,-0.8142,-0.7941,-0.7769,-0.7621,-0.7493,-0.7382,-0.7286,-0.7202,-0.713,-0.7067,-0.7014,-0.6969,-0.81,-0.8153,-0.8219,-0.8307,-0.8436,-0.8637,-0.8942,-0.9302,-0.9412,-0.9082,-0.8727,-0.8675,-0.9034,-0.9936,-1.1505,-1.3233,-1.3525,-1.2281,-1.0936,-0.9994,-0.9366,-0.8919,-0.8573,-0.8292,-0.8055,-0.7853,-0.768,-0.7531,-0.7403,-0.7292,-0.7196,-0.7114,-0.7042,-0.6982,-0.693,-0.6888,-0.8097,-0.8147,-0.8209,-0.8292,-0.8415,-0.8625,-0.9008,-0.9606,-0.9869,-0.9217,-0.8548,-0.8292,-0.8422,-0.8944,-0.9842,-1.0788,-1.1103,-1.0684,-1.0065,-0.9536,-0.9114,-0.8761,-0.8454,-0.8184,-0.7949,-0.7747,-0.7573,-0.7425,-0.7297,-0.7188,-0.7094,-0.7013,-0.6943,-0.6885,-0.6836,-0.6797,-0.8092,-0.814,-0.8195,-0.8262,-0.8353,-0.8499,-0.8769,-0.9213,-0.9376,-0.8744,-0.8108,-0.7789,-0.774,-0.7959,-0.8424,-0.898,-0.937,-0.9482,-0.9395,-0.9198,-0.8934,-0.8639,-0.8344,-0.807,-0.7829,-0.7622,-0.7448,-0.73,-0.7176,-0.7069,-0.6977,-0.6899,-0.6832,-0.6776,-0.673,-0.6695,-0.8089,-0.8136,-0.8186,-0.8239,-0.8292,-0.8342,-0.8384,-0.8384,-0.8207,-0.7834,-0.749,-0.7207,-0.7019,-0.7039,-0.7349,-0.7896,-0.8501,-0.8976,-0.9204,-0.9164,-0.8927,-0.8597,-0.8256,-0.7948,-0.7688,-0.7474,-0.73,-0.7157,-0.7037,-0.6934,-0.6846,-0.677,-0.6706,-0.6653,-0.6611,-0.6581,-0.8089,-0.8138,-0.8191,-0.8244,-0.8288,-0.8296,-0.8206,-0.7904,-0.735,-0.7008,-0.6939,-0.664,-0.6226,-0.6029,-0.6342,-0.717,-0.8246,-0.9197,-0.9665,-0.9575,-0.9149,-0.8638,-0.8174,-0.78,-0.7513,-0.7294,-0.7126,-0.6992,-0.688,-0.6784,-0.67,-0.6627,-0.6565,-0.6515,-0.6477,-0.6452,-0.809,-0.8146,-0.821,-0.8284,-0.8364,-0.8433,-0.8413,-0.8021,-0.6763,-0.6199,-0.6621,-0.6149,-0.5277,-0.4625,-0.5052,-0.6547,-0.8577,-1.0472,-1.118,-1.0593,-0.9584,-0.8691,-0.8034,-0.7583,-0.7279,-0.7071,-0.6921,-0.6805,-0.6707,-0.6619,-0.6539,-0.6467,-0.6405,-0.6357,-0.6324,-0.6306,-0.809,-0.8155,-0.8235,-0.834,-0.8485,-0.8695,-0.8983,-0.9097,-0.7869,-0.6816,-0.6663,-0.5808,-0.4311,-0.2431,-0.3286,-0.6033,-0.9695,-1.3899,-1.469,-1.2254,-1.0005,-0.8565,-0.7716,-0.7234,-0.696,-0.6796,-0.6687,-0.66,-0.652,-0.6441,-0.6362,-0.6286,-0.6222,-0.6174,-0.6146,-0.6138,-0.8085,-0.8156,-0.8248,-0.8376,-0.8567,-0.8877,-0.9392,-1.0012,-0.9367,-0.7898,-0.6829,-0.5741,-0.4555,-0.1784,-0.2669,-0.6237,-1.0991,-1.9397,-1.9533,-1.336,-0.9737,-0.7919,-0.7063,-0.6693,-0.6542,-0.6474,-0.6431,-0.6387,-0.6329,-0.6254,-0.6169,-0.6081,-0.6007,-0.5956,-0.5935,-0.5942,-0.8072,-0.8144,-0.8237,-0.8366,-0.8553,-0.8834,-0.9236,-0.9635,-0.9264,-0.8152,-0.7133,-0.5736,-0.529,-0.5785,-0.5392,-0.7412,-1.0395,-1.5319,-1.5894,-1.1275,-0.7948,-0.6388,-0.5948,-0.5949,-0.6048,-0.6133,-0.6179,-0.6182,-0.6144,-0.6065,-0.5956,-0.5841,-0.5745,-0.5688,-0.5678,-0.5708,-0.8048,-0.8116,-0.8202,-0.8314,-0.8461,-0.8648,-0.8848,-0.8939,-0.8726,-0.8415,-0.8169,-0.7434,-0.6572,-0.6101,-0.6731,-0.8906,-1.0763,-1.0365,-0.9802,-0.7242,-0.4468,-0.3748,-0.4409,-0.5108,-0.5564,-0.5827,-0.5964,-0.6012,-0.5982,-0.5878,-0.5719,-0.5544,-0.5407,-0.5343,-0.5357,-0.5429,-0.8016,-0.8077,-0.815,-0.8238,-0.8342,-0.8454,-0.855,-0.8596,-0.8647,-0.9045,-1.023,-0.9136,-0.8338,-0.7415,-0.7606,-0.8804,-0.9898,-0.8459,-0.6677,-0.3805,0.0185,-0.046,-0.2966,-0.4458,-0.523,-0.5627,-0.5825,-0.5901,-0.5865,-0.5704,-0.544,-0.5152,-0.4944,-0.488,-0.4949,-0.5096,-0.7977,-0.8029,-0.8088,-0.8156,-0.8231,-0.8306,-0.8378,-0.8462,-0.8649,-0.9167,-1.0078,-0.943,-0.9581,-0.9824,-0.8372,-0.8015,-0.7564,-0.5993,-0.4326,-0.2692,0.0815,-0.0031,-0.272,-0.4317,-0.5153,-0.5564,-0.5766,-0.5865,-0.5818,-0.5557,-0.5098,-0.4597,-0.428,-0.4254,-0.4443,-0.4719,-0.7934,-0.7977,-0.8025,-0.8077,-0.8134,-0.8193,-0.826,-0.8354,-0.8521,-0.8796,-0.9046,-0.9107,-0.9797,-0.9914,-0.8562,-0.7865,-0.6508,-0.3645,-0.1538,-0.2754,-0.2328,-0.2446,-0.3566,-0.4618,-0.5289,-0.5561,-0.5701,-0.5894,-0.5885,-0.5473,-0.4681,-0.3813,-0.3357,-0.3465,-0.3878,-0.434,-0.7888,-0.7923,-0.7961,-0.8002,-0.8046,-0.8095,-0.8152,-0.8229,-0.8339,-0.8475,-0.8593,-0.8696,-0.8842,-0.8724,-0.8626,-0.8658,-0.6637,-0.3801,-0.2306,-0.3115,-0.3455,-0.3735,-0.4294,-0.4991,-0.549,-0.5404,-0.5382,-0.6014,-0.6158,-0.5538,-0.4289,-0.2927,-0.2355,-0.2711,-0.3406,-0.4056,-0.7841,-0.7868,-0.7898,-0.793,-0.7964,-0.8001,-0.8044,-0.8097,-0.816,-0.8226,-0.8279,-0.8308,-0.8298,-0.824,-0.838,-0.8293,-0.6666,-0.469,-0.3407,-0.3164,-0.3714,-0.4118,-0.4568,-0.5221,-0.5821,-0.5583,-0.549,-0.6841,-0.6847,-0.5881,-0.4268,-0.2603,-0.1981,-0.246,-0.3266,-0.3977,-0.7792,-0.7814,-0.7836,-0.7859,-0.7883,-0.7909,-0.7936,-0.7966,-0.7995,-0.8018,-0.8023,-0.8,-0.7938,-0.7844,-0.7722,-0.7328,-0.6343,-0.5068,-0.4008,-0.3696,-0.3927,-0.4025,-0.4287,-0.513,-0.6386,-0.7832,-0.9846,-0.9459,-0.798,-0.6489,-0.4839,-0.3339,-0.27,-0.2959,-0.356,-0.4144,-0.7744,-0.776,-0.7775,-0.779,-0.7805,-0.7819,-0.7832,-0.7842,-0.7845,-0.7837,-0.7809,-0.7751,-0.7653,-0.7504,-0.7266,-0.6846,-0.6178,-0.5378,-0.4691,-0.4284,-0.3907,-0.3211,-0.3098,-0.4438,-0.6522,-0.9221,-1.1783,-1.0751,-0.8652,-0.7007,-0.5595,-0.4452,-0.3852,-0.3826,-0.4114,-0.4482,-0.7696,-0.7706,-0.7715,-0.7723,-0.7729,-0.7733,-0.7732,-0.7726,-0.7711,-0.7681,-0.763,-0.7549,-0.7427,-0.7251,-0.6994,-0.6624,-0.6132,-0.5576,-0.504,-0.4513,-0.3728,-0.247,-0.2124,-0.3781,-0.6045,-0.8288,-0.9787,-0.9526,-0.8337,-0.7143,-0.6108,-0.5289,-0.4786,-0.4619,-0.4687,-0.4868,-0.765,-0.7654,-0.7657,-0.7659,-0.7657,-0.7651,-0.764,-0.7622,-0.7592,-0.7547,-0.748,-0.7386,-0.7254,-0.7074,-0.6832,-0.6518,-0.6134,-0.5704,-0.5247,-0.4723,-0.4008,-0.3173,-0.304,-0.4127,-0.5703,-0.7155,-0.8063,-0.816,-0.7677,-0.7,-0.6334,-0.5775,-0.5388,-0.5192,-0.5155,-0.5218]},{"header":{"la1":42.85,"la2":41.18,"lo1":11.55,"lo2":14.05,"nx":36,"ny":24,"dx":0.07143,"dy":0.07261,"parameterCategory":2,"parameterNumber":3,"parameterNumberName":"northward_wind","parameterUnit":"m.s-1"},"data":[-0.2715,-0.255,-0.2364,-0.2162,-0.1954,-0.176,-0.1608,-0.1525,-0.1524,-0.16,-0.1719,-0.1839,-0.1922,-0.1952,-0.1942,-0.1934,-0.1973,-0.2079,-0.2236,-0.241,-0.2578,-0.2728,-0.2858,-0.2969,-0.3067,-0.3154,-0.3234,-0.3309,-0.338,-0.3449,-0.3516,-0.358,-0.3642,-0.3702,-0.3758,-0.3811,-0.2696,-0.2499,-0.2266,-0.1999,-0.1709,-0.1422,-0.1184,-0.1049,-0.1056,-0.1199,-0.1416,-0.1625,-0.1754,-0.177,-0.1695,-0.1615,-0.1635,-0.1792,-0.2032,-0.2283,-0.2505,-0.2688,-0.2837,-0.2959,-0.3063,-0.3155,-0.3238,-0.3317,-0.3392,-0.3465,-0.3536,-0.3605,-0.3672,-0.3736,-0.3797,-0.3853,-0.27,-0.2471,-0.2184,-0.1833,-0.1423,-0.0983,-0.0584,-0.0338,-0.0347,-0.0614,-0.1017,-0.139,-0.1603,-0.1595,-0.139,-0.1154,-0.1138,-0.141,-0.1802,-0.2166,-0.2452,-0.2668,-0.2832,-0.2961,-0.3067,-0.3161,-0.3246,-0.3328,-0.3407,-0.3484,-0.3561,-0.3635,-0.3708,-0.3777,-0.3842,-0.3903,-0.2739,-0.2481,-0.214,-0.1692,-0.112,-0.0436,0.0268,0.0772,0.0797,0.0286,-0.0478,-0.1145,-0.1508,-0.1484,-0.1078,-0.0556,-0.0491,-0.0991,-0.1614,-0.2104,-0.2445,-0.2679,-0.2847,-0.2974,-0.3079,-0.3171,-0.3257,-0.3341,-0.3424,-0.3507,-0.359,-0.3671,-0.375,-0.3826,-0.3896,-0.3961,-0.2825,-0.2552,-0.2169,-0.1629,-0.0869,0.0165,0.1425,0.2532,0.2718,0.1691,0.0216,-0.0936,-0.153,-0.1549,-0.0999,-0.0196,-0.0091,-0.0827,-0.1616,-0.2162,-0.2506,-0.2729,-0.2883,-0.2999,-0.3096,-0.3184,-0.327,-0.3356,-0.3444,-0.3533,-0.3624,-0.3714,-0.3801,-0.3884,-0.3961,-0.4031,-0.2967,-0.2703,-0.2312,-0.1722,-0.0811,0.0605,0.2696,0.5075,0.5789,0.3632,0.0887,-0.0897,-0.1742,-0.1887,-0.146,-0.0785,-0.0679,-0.1276,-0.1921,-0.2363,-0.2638,-0.2813,-0.2934,-0.3029,-0.3113,-0.3196,-0.3281,-0.337,-0.3465,-0.3563,-0.3664,-0.3765,-0.3862,-0.3954,-0.4039,-0.4115,-0.3169,-0.2945,-0.26,-0.2047,-0.1132,0.0439,0.3148,0.7049,0.8683,0.4867,0.0866,-0.1269,-0.2207,-0.2465,-0.2295,-0.1965,-0.1869,-0.2102,-0.2412,-0.2649,-0.2806,-0.291,-0.2987,-0.3055,-0.3125,-0.3201,-0.3287,-0.3382,-0.3486,-0.3597,-0.3711,-0.3826,-0.3937,-0.4041,-0.4135,-0.4217,-0.3422,-0.3272,-0.3029,-0.2621,-0.1919,-0.0676,0.1508,0.468,0.5891,0.2635,-0.0516,-0.2162,-0.2914,-0.3169,-0.3128,-0.2959,-0.2833,-0.282,-0.2869,-0.2923,-0.2962,-0.2992,-0.3024,-0.3066,-0.3121,-0.3194,-0.3284,-0.3389,-0.3507,-0.3635,-0.3768,-0.3902,-0.403,-0.4149,-0.4253,-0.4342,-0.3707,-0.3655,-0.3555,-0.3371,-0.3033,-0.2432,-0.1476,-0.0421,-0.0304,-0.1397,-0.2521,-0.3286,-0.3737,-0.3915,-0.3863,-0.3669,-0.3454,-0.3294,-0.3193,-0.3123,-0.307,-0.3037,-0.3028,-0.3047,-0.3094,-0.3168,-0.3267,-0.3388,-0.3527,-0.3679,-0.3838,-0.3997,-0.4148,-0.4285,-0.4402,-0.4498,-0.3997,-0.4049,-0.4107,-0.4168,-0.4214,-0.4212,-0.4104,-0.3897,-0.3788,-0.383,-0.3958,-0.424,-0.4545,-0.4699,-0.4568,-0.4213,-0.3839,-0.3571,-0.339,-0.3241,-0.3114,-0.3024,-0.2981,-0.2986,-0.3033,-0.3117,-0.3233,-0.3377,-0.3546,-0.3732,-0.3926,-0.412,-0.4301,-0.446,-0.4591,-0.4692,-0.4261,-0.4407,-0.4608,-0.4887,-0.5272,-0.5758,-0.6195,-0.6037,-0.474,-0.4202,-0.4627,-0.491,-0.532,-0.565,-0.5388,-0.4663,-0.4029,-0.3717,-0.3537,-0.3312,-0.309,-0.2937,-0.2866,-0.2868,-0.2927,-0.3032,-0.3175,-0.3353,-0.3563,-0.3797,-0.4041,-0.4282,-0.4503,-0.469,-0.4837,-0.494,-0.4473,-0.4688,-0.4993,-0.5432,-0.6074,-0.7,-0.819,-0.8879,-0.6781,-0.5089,-0.5158,-0.5382,-0.6014,-0.7049,-0.6455,-0.491,-0.3943,-0.3913,-0.3864,-0.3389,-0.2975,-0.2737,-0.2651,-0.2674,-0.2767,-0.2907,-0.3088,-0.3313,-0.3579,-0.3879,-0.4196,-0.4504,-0.4778,-0.5,-0.516,-0.5258,-0.4617,-0.4867,-0.522,-0.5729,-0.6485,-0.7632,-0.9323,-1.1084,-0.9587,-0.6616,-0.5506,-0.582,-0.6155,-0.7442,-0.6747,-0.4335,-0.325,-0.4524,-0.4559,-0.3338,-0.2649,-0.2335,-0.2282,-0.2381,-0.2543,-0.2735,-0.2964,-0.3246,-0.3591,-0.3988,-0.4409,-0.4814,-0.5163,-0.5426,-0.5591,-0.5669,-0.4688,-0.4937,-0.528,-0.5759,-0.6443,-0.7426,-0.8745,-0.9982,-0.8983,-0.6205,-0.5043,-0.6344,-0.6724,-0.4202,-0.4256,-0.1947,-0.0285,-0.2666,-0.3443,-0.2592,-0.1852,-0.1543,-0.1679,-0.1976,-0.2256,-0.2507,-0.2782,-0.3134,-0.3588,-0.413,-0.4711,-0.5264,-0.5716,-0.6022,-0.6175,-0.6201,-0.4692,-0.4913,-0.52,-0.5577,-0.6065,-0.6665,-0.7273,-0.7448,-0.6381,-0.4444,-0.3249,-0.3517,-0.354,-0.2124,-0.2487,0.2491,0.8108,0.1461,-0.148,-0.135,-0.0151,0.0016,-0.0783,-0.1503,-0.1931,-0.2204,-0.2496,-0.293,-0.3547,-0.4315,-0.5152,-0.5934,-0.6532,-0.6873,-0.6967,-0.6884,-0.4646,-0.4822,-0.5034,-0.5284,-0.5558,-0.5806,-0.589,-0.5534,-0.444,-0.256,-0.0182,-0.1078,-0.1897,-0.2412,-0.1848,0.1849,0.5507,0.0811,-0.1742,-0.0464,0.3144,0.2497,0.0104,-0.1147,-0.1599,-0.1749,-0.1988,-0.2535,-0.3418,-0.4555,-0.5811,-0.6962,-0.7763,-0.8094,-0.803,-0.7738,-0.4569,-0.4696,-0.4834,-0.4972,-0.5084,-0.5111,-0.4955,-0.4476,-0.3544,-0.2087,-0.0408,-0.1102,-0.1563,-0.1594,-0.2206,-0.1636,-0.1431,-0.355,-0.4943,-0.2012,0.3402,0.2571,-0.0077,-0.115,-0.1202,-0.0912,-0.0987,-0.1777,-0.3135,-0.4864,-0.6793,-0.8547,-0.9613,-0.9803,-0.9389,-0.8737,-0.4479,-0.4562,-0.464,-0.4697,-0.4709,-0.4633,-0.4413,-0.3991,-0.3346,-0.2559,-0.197,-0.1937,-0.1731,-0.1832,-0.3398,-0.4135,-0.4647,-0.7802,-1.09,-0.6255,-0.2128,-0.1013,-0.1434,-0.1425,-0.0528,0.079,0.0993,-0.0492,-0.2698,-0.5247,-0.8157,-1.0845,-1.2201,-1.197,-1.0923,-0.9757,-0.4389,-0.4437,-0.4472,-0.448,-0.4442,-0.4333,-0.4127,-0.3809,-0.3399,-0.298,-0.2691,-0.2617,-0.2729,-0.3484,-0.5695,-0.6515,-0.5834,-0.7889,-0.96,-0.7375,-0.5157,-0.3551,-0.2737,-0.1768,0.0294,0.3506,0.4129,0.0868,-0.2418,-0.5659,-0.9585,-1.3396,-1.495,-1.4019,-1.2211,-1.054,-0.4306,-0.433,-0.4338,-0.432,-0.4263,-0.4156,-0.3989,-0.3765,-0.3511,-0.3279,-0.3142,-0.3164,-0.3444,-0.4239,-0.5694,-0.6215,-0.5887,-0.6705,-0.7656,-0.7874,-0.6201,-0.472,-0.3709,-0.2451,-0.0149,0.3678,0.4467,-0.0033,-0.2973,-0.5951,-1.0092,-1.4346,-1.5947,-1.4705,-1.2621,-1.0789,-0.4236,-0.4244,-0.4237,-0.4207,-0.415,-0.4058,-0.3932,-0.378,-0.3625,-0.3501,-0.3453,-0.3531,-0.3795,-0.4305,-0.495,-0.5336,-0.5569,-0.6128,-0.6869,-0.6982,-0.6077,-0.5314,-0.4714,-0.367,-0.2297,-0.1841,-0.4063,-0.4178,-0.4278,-0.6027,-0.9212,-1.262,-1.4145,-1.3465,-1.1914,-1.0407,-0.4178,-0.4177,-0.4163,-0.4132,-0.408,-0.4008,-0.3917,-0.3818,-0.3726,-0.3666,-0.3665,-0.3754,-0.3957,-0.4272,-0.4634,-0.4949,-0.5248,-0.5618,-0.5959,-0.6014,-0.5871,-0.6068,-0.6057,-0.5019,-0.4064,-0.4745,-0.6727,-0.5943,-0.5147,-0.5966,-0.7933,-1.0119,-1.1373,-1.1343,-1.0562,-0.9597,-0.4133,-0.4127,-0.4111,-0.4082,-0.404,-0.3986,-0.3923,-0.386,-0.3809,-0.3786,-0.3808,-0.3891,-0.4043,-0.4255,-0.45,-0.4747,-0.4995,-0.5246,-0.5458,-0.5609,-0.5898,-0.662,-0.6849,-0.577,-0.4839,-0.4941,-0.555,-0.5479,-0.5314,-0.5832,-0.6979,-0.8284,-0.9191,-0.9441,-0.9176,-0.8665,-0.4098,-0.4091,-0.4076,-0.4052,-0.4019,-0.398,-0.3939,-0.3901,-0.3876,-0.3873,-0.3904,-0.3977,-0.4094,-0.4249,-0.4429,-0.462,-0.4814,-0.5004,-0.5183,-0.5384,-0.5713,-0.6185,-0.6267,-0.5657,-0.5047,-0.4891,-0.5024,-0.5119,-0.5253,-0.5662,-0.6361,-0.7151,-0.7772,-0.8065,-0.8044,-0.7816]}]