docs/data/wind_grid.json
[{"header":{"la1":42.85,"la2":41.18,"lo1":11.55,"lo2":14.05,"nx":36,"ny":24,"dx":0.07143,"dy":0.07261,"parameterCategory":2,"parameterNumber":2,"parameterNumberName":"eastward_wind","parameterUnit":"m.s-1"},"data":[-0.5139,-0.5252,-0.5369,-0.5487,-0.5601,-0.5698,-0.5762,-0.5776,-0.5727,-0.5623,-0.5487,-0.535,-0.5243,-0.5186,-0.5186,-0.5238,-0.5324,-0.5417,-0.5483,-0.5496,-0.5447,-0.5342,-0.5201,-0.5044,-0.4885,-0.4737,-0.4603,-0.4485,-0.4384,-0.4297,-0.4223,-0.416,-0.4106,-0.406,-0.402,-0.3986,-0.5251,-0.5387,-0.5535,-0.5694,-0.5858,-0.6013,-0.6131,-0.6173,-0.6112,-0.5951,-0.5732,-0.5514,-0.535,-0.527,-0.5284,-0.5384,-0.5544,-0.5718,-0.5846,-0.588,-0.5805,-0.5644,-0.5435,-0.5214,-0.5004,-0.4817,-0.4655,-0.4519,-0.4404,-0.4309,-0.423,-0.4165,-0.4109,-0.4063,-0.4023,-0.3989,-0.5365,-0.5527,-0.571,-0.592,-0.6157,-0.6408,-0.6631,-0.6747,-0.6679,-0.642,-0.6053,-0.5698,-0.5442,-0.5327,-0.5363,-0.5541,-0.5826,-0.6145,-0.6387,-0.6449,-0.6313,-0.6041,-0.5718,-0.5403,-0.5124,-0.489,-0.4698,-0.4542,-0.4416,-0.4315,-0.4232,-0.4165,-0.411,-0.4063,-0.4024,-0.3991,-0.5477,-0.5665,-0.5885,-0.6151,-0.6484,-0.689,-0.7318,-0.7617,-0.7573,-0.7126,-0.6478,-0.5888,-0.5493,-0.533,-0.5399,-0.5693,-0.6185,-0.6774,-0.7236,-0.7332,-0.7043,-0.6552,-0.604,-0.5593,-0.5231,-0.4945,-0.4723,-0.4551,-0.4416,-0.4311,-0.4228,-0.4161,-0.4107,-0.4063,-0.4025,-0.3993,-0.5588,-0.5798,-0.6047,-0.6363,-0.68,-0.7422,-0.8232,-0.8981,-0.9066,-0.8217,-0.7013,-0.604,-0.5459,-0.5243,-0.5355,-0.5799,-0.6606,-0.7695,-0.8618,-0.8736,-0.8063,-0.7155,-0.636,-0.575,-0.53,-0.4968,-0.4723,-0.4541,-0.4403,-0.4298,-0.4217,-0.4153,-0.4102,-0.4061,-0.4026,-0.3996,-0.5699,-0.5927,-0.619,-0.6527,-0.7028,-0.7863,-0.924,-1.098,-1.1514,-0.974,-0.7512,-0.6037,-0.5276,-0.5024,-0.5181,-0.577,-0.6948,-0.8843,-1.0715,-1.0769,-0.9252,-0.7697,-0.6577,-0.582,-0.5304,-0.4945,-0.4691,-0.4509,-0.4375,-0.4276,-0.4201,-0.4143,-0.4097,-0.4059,-0.4028,-0.4001,-0.5816,-0.6064,-0.6329,-0.6638,-0.7095,-0.7947,-0.9675,-1.2587,-1.3928,-1.0732,-0.7461,-0.5693,-0.4884,-0.4653,-0.485,-0.5496,-0.6859,-0.941,-1.2403,-1.2302,-0.9856,-0.7834,-0.6555,-0.5749,-0.5222,-0.4868,-0.4625,-0.4456,-0.4335,-0.4247,-0.4182,-0.4132,-0.4093,-0.406,-0.4033,-0.4008,-0.5949,-0.6237,-0.6516,-0.6768,-0.7048,-0.757,-0.8742,-1.0823,-1.1657,-0.8966,-0.6347,-0.4931,-0.4288,-0.4157,-0.4409,-0.4997,-0.6137,-0.8225,-1.0655,-1.076,-0.8961,-0.7338,-0.6246,-0.5529,-0.5056,-0.4741,-0.4531,-0.4387,-0.4288,-0.4216,-0.4164,-0.4124,-0.4092,-0.4066,-0.4042,-0.402,-0.6099,-0.6474,-0.6837,-0.7084,-0.7138,-0.7143,-0.73,-0.7487,-0.7035,-0.5796,-0.4697,-0.3952,-0.3559,-0.3604,-0.4041,-0.4563,-0.5308,-0.6556,-0.7789,-0.8082,-0.743,-0.6537,-0.5775,-0.5215,-0.4833,-0.4583,-0.4422,-0.4315,-0.4242,-0.419,-0.4152,-0.4123,-0.4099,-0.4078,-0.4058,-0.4038,-0.6236,-0.6752,-0.734,-0.7789,-0.7676,-0.7157,-0.6633,-0.574,-0.4166,-0.3214,-0.3264,-0.3019,-0.2722,-0.2946,-0.4062,-0.4695,-0.4945,-0.5972,-0.6802,-0.6947,-0.6535,-0.5906,-0.5318,-0.4878,-0.4593,-0.4424,-0.4322,-0.4255,-0.4209,-0.4177,-0.4153,-0.4134,-0.4117,-0.4101,-0.4083,-0.4064,-0.6287,-0.6933,-0.7804,-0.8692,-0.8531,-0.7545,-0.701,-0.5874,-0.2319,-0.0669,-0.2383,-0.2266,-0.168,-0.1617,-0.3295,-0.4554,-0.5068,-0.6919,-0.7894,-0.7408,-0.6425,-0.5546,-0.4923,-0.4554,-0.4378,-0.4306,-0.4265,-0.423,-0.4203,-0.4185,-0.4173,-0.4162,-0.415,-0.4136,-0.4119,-0.41,-0.6179,-0.6821,-0.7681,-0.854,-0.84,-0.7823,-0.8393,-0.8887,-0.5379,-0.2422,-0.2516,-0.1735,-0.0572,0.0738,-0.0352,-0.2915,-0.6099,-1.1026,-1.2178,-0.9195,-0.6675,-0.5226,-0.4504,-0.4247,-0.4249,-0.4305,-0.4299,-0.4261,-0.4233,-0.4222,-0.4218,-0.4212,-0.4202,-0.4187,-0.4168,-0.4145,-0.5906,-0.6411,-0.6992,-0.7452,-0.7531,-0.7886,-0.9535,-1.1889,-0.966,-0.5067,-0.2661,-0.1506,-0.0474,0.1489,0.0759,-0.2349,-0.7501,-1.9024,-1.9247,-1.0658,-0.6376,-0.4545,-0.3918,-0.3959,-0.4313,-0.4531,-0.4456,-0.4345,-0.43,-0.4293,-0.4294,-0.4288,-0.4275,-0.4254,-0.4229,-0.42,-0.5533,-0.588,-0.6233,-0.652,-0.678,-0.7385,-0.873,-1.031,-0.8819,-0.4611,-0.2103,-0.1525,-0.1341,0.072,-0.0422,-0.2563,-0.5991,-1.3014,-1.4026,-0.8151,-0.4536,-0.3127,-0.3019,-0.3617,-0.4499,-0.4872,-0.4619,-0.4437,-0.4401,-0.4408,-0.441,-0.4395,-0.4369,-0.4336,-0.43,-0.4263,-0.5126,-0.5347,-0.5559,-0.5748,-0.5961,-0.6315,-0.6802,-0.6858,-0.5288,-0.251,-0.066,-0.0511,-0.0585,-0.088,-0.0954,-0.3126,-0.4878,-0.5471,-0.5679,-0.347,-0.1213,-0.079,-0.1697,-0.2961,-0.4147,-0.4638,-0.4554,-0.4526,-0.4568,-0.4591,-0.4576,-0.4532,-0.4477,-0.4423,-0.4374,-0.4329,-0.4723,-0.4847,-0.4954,-0.5035,-0.5094,-0.512,-0.4984,-0.4343,-0.2794,-0.0345,0.2536,0.0389,-0.0106,-0.0466,-0.084,-0.2373,-0.3777,-0.266,-0.1537,0.0182,0.2661,0.2033,-0.027,-0.2138,-0.3486,-0.4235,-0.4593,-0.4804,-0.4895,-0.4879,-0.4793,-0.4679,-0.4574,-0.4495,-0.4437,-0.4389,-0.4341,-0.4389,-0.4408,-0.4386,-0.4303,-0.4111,-0.3706,-0.2924,-0.1624,0.0225,0.2233,0.1036,0.0123,0.0049,0.0186,-0.0038,-0.0287,0.0627,0.1685,0.2051,0.3329,0.2634,0.0318,-0.1758,-0.344,-0.464,-0.5309,-0.5526,-0.5474,-0.5287,-0.5034,-0.4783,-0.4602,-0.4509,-0.4467,-0.4434,-0.3991,-0.3979,-0.393,-0.383,-0.3653,-0.3361,-0.2895,-0.2196,-0.1257,-0.021,0.0519,0.0504,0.0303,0.0552,0.2502,0.3502,0.2718,0.3537,0.4752,0.3733,0.2889,0.1902,0.0202,-0.1948,-0.4238,-0.6172,-0.6967,-0.6764,-0.63,-0.5786,-0.5234,-0.4733,-0.4456,-0.4412,-0.4446,-0.446,-0.3678,-0.3621,-0.3524,-0.3374,-0.3151,-0.2831,-0.2388,-0.1813,-0.1136,-0.0459,0.0074,0.0451,0.0967,0.255,0.7494,0.9442,0.5104,0.4608,0.5516,0.6469,0.4549,0.2396,0.031,-0.2262,-0.5451,-0.8487,-0.9173,-0.8175,-0.7248,-0.635,-0.5371,-0.4463,-0.4086,-0.4212,-0.4398,-0.4483,-0.3404,-0.3315,-0.3187,-0.3011,-0.2772,-0.2458,-0.206,-0.1583,-0.1053,-0.0515,0.0004,0.0573,0.1468,0.3384,0.7059,0.8228,0.5536,0.5579,0.9402,1.1276,0.6418,0.3346,0.0997,-0.2008,-0.5843,-0.9161,-0.9793,-0.9275,-0.826,-0.7045,-0.5679,-0.4363,-0.3881,-0.4143,-0.4425,-0.4542,-0.3167,-0.3058,-0.2913,-0.2726,-0.2487,-0.2192,-0.1837,-0.1429,-0.0981,-0.0506,0.0004,0.0615,0.1479,0.2788,0.4333,0.4934,0.4645,0.5348,0.7593,0.8318,0.6088,0.4553,0.2956,-0.0503,-0.5175,-0.9345,-1.2302,-1.1487,-0.9444,-0.7955,-0.6479,-0.5081,-0.4435,-0.4474,-0.4617,-0.4663,-0.2967,-0.2846,-0.2693,-0.2504,-0.2274,-0.1999,-0.1681,-0.1322,-0.0928,-0.05,-0.0025,0.0533,0.1225,0.2057,0.2863,0.3372,0.37,0.4321,0.5224,0.5655,0.5927,0.7587,0.7693,0.268,-0.3856,-0.9942,-1.4596,-1.2704,-1.0195,-0.9031,-0.7601,-0.6208,-0.5361,-0.5034,-0.4915,-0.4823,-0.2799,-0.2671,-0.2517,-0.2332,-0.2114,-0.1861,-0.1573,-0.1253,-0.0902,-0.0519,-0.0096,0.038,0.0917,0.1494,0.2038,0.2486,0.2892,0.3378,0.3957,0.4681,0.6379,1.0237,1.1458,0.5204,-0.2088,-0.7678,-1.0752,-1.0744,-1.082,-1.0216,-0.8557,-0.7057,-0.6064,-0.5502,-0.5183,-0.4969,-0.2659,-0.253,-0.2378,-0.2201,-0.1996,-0.1763,-0.1503,-0.1216,-0.0904,-0.0565,-0.0198,0.0201,0.0626,0.1061,0.1477,0.1858,0.2227,0.2633,0.3138,0.3927,0.5472,0.7795,0.8031,0.3982,-0.1293,-0.5526,-0.8171,-0.9709,-1.0868,-1.0321,-0.8743,-0.7348,-0.6375,-0.5745,-0.5337,-0.5054]},{"header":{"la1":42.85,"la2":41.18,"lo1":11.55,"lo2":14.05,"nx":36,"ny":24,"dx":0.07143,"dy":0.07261,"parameterCategory":2,"parameterNumber":3,"parameterNumberName":"northward_wind","parameterUnit":"m.s-1"},"data":[-0.4389,-0.4344,-0.4286,-0.4215,-0.4134,-0.4048,-0.3965,-0.3898,-0.385,-0.382,-0.3794,-0.3758,-0.3698,-0.3606,-0.3484,-0.3337,-0.318,-0.3031,-0.2911,-0.2835,-0.281,-0.2829,-0.2881,-0.2952,-0.3033,-0.3119,-0.3206,-0.3294,-0.338,-0.3466,-0.3551,-0.3634,-0.3715,-0.3793,-0.3868,-0.394,-0.4429,-0.4379,-0.4311,-0.4222,-0.4114,-0.3994,-0.3879,-0.3789,-0.3743,-0.3737,-0.3746,-0.374,-0.3693,-0.3595,-0.3446,-0.3253,-0.3036,-0.2826,-0.2659,-0.2567,-0.2555,-0.2607,-0.2699,-0.2807,-0.292,-0.303,-0.3137,-0.3241,-0.3341,-0.3439,-0.3535,-0.3628,-0.3719,-0.3806,-0.3889,-0.3967,-0.4477,-0.4423,-0.4344,-0.4233,-0.4085,-0.3907,-0.3725,-0.3587,-0.354,-0.3585,-0.3668,-0.3723,-0.3707,-0.3606,-0.3421,-0.3162,-0.2851,-0.2537,-0.2293,-0.2179,-0.2205,-0.2324,-0.2484,-0.2648,-0.2802,-0.2942,-0.307,-0.3191,-0.3306,-0.3416,-0.3524,-0.3629,-0.373,-0.3827,-0.3918,-0.4004,-0.4534,-0.448,-0.4393,-0.4257,-0.4055,-0.3779,-0.3463,-0.3206,-0.3143,-0.3301,-0.3542,-0.3714,-0.3753,-0.3655,-0.3428,-0.3076,-0.2616,-0.2116,-0.1725,-0.1591,-0.1715,-0.197,-0.2243,-0.2485,-0.2687,-0.2859,-0.3009,-0.3147,-0.3276,-0.34,-0.352,-0.3637,-0.375,-0.3857,-0.3958,-0.4052,-0.4601,-0.4553,-0.4466,-0.4313,-0.4052,-0.3632,-0.3051,-0.2487,-0.2347,-0.2778,-0.3363,-0.3742,-0.386,-0.3768,-0.3496,-0.3031,-0.2348,-0.1505,-0.0809,-0.067,-0.1046,-0.1561,-0.2003,-0.2337,-0.2589,-0.2789,-0.2958,-0.311,-0.3253,-0.339,-0.3525,-0.3655,-0.3781,-0.3901,-0.4012,-0.4114,-0.4674,-0.4638,-0.4567,-0.4424,-0.4134,-0.3565,-0.2558,-0.1267,-0.0835,-0.1949,-0.3218,-0.3878,-0.4064,-0.3972,-0.3668,-0.3106,-0.2155,-0.0746,0.0582,0.0655,-0.0277,-0.1195,-0.1825,-0.2237,-0.2522,-0.2738,-0.2919,-0.3082,-0.3237,-0.3389,-0.3539,-0.3685,-0.3826,-0.396,-0.4083,-0.4194,-0.4742,-0.4722,-0.4682,-0.4593,-0.4368,-0.3793,-0.2477,-0.0202,0.0836,-0.1435,-0.3457,-0.4243,-0.4394,-0.4283,-0.3994,-0.3418,-0.2313,-0.0399,0.1709,0.1653,0.0112,-0.1083,-0.1787,-0.221,-0.2493,-0.2707,-0.2889,-0.306,-0.3227,-0.3395,-0.3563,-0.3729,-0.3889,-0.4039,-0.4175,-0.4297,-0.4792,-0.4775,-0.476,-0.4758,-0.4724,-0.4462,-0.3575,-0.1814,-0.1055,-0.3027,-0.4527,-0.4896,-0.4826,-0.4689,-0.4516,-0.4071,-0.3054,-0.1335,0.0491,0.0626,-0.0458,-0.1358,-0.1908,-0.2252,-0.2493,-0.2687,-0.2864,-0.304,-0.3221,-0.3409,-0.3601,-0.3791,-0.3974,-0.4143,-0.4296,-0.4427,-0.4811,-0.4759,-0.4703,-0.4734,-0.4965,-0.5292,-0.5424,-0.5355,-0.5684,-0.634,-0.6262,-0.5695,-0.5241,-0.5129,-0.5318,-0.5187,-0.416,-0.2777,-0.1628,-0.1228,-0.1454,-0.1807,-0.2096,-0.2317,-0.2497,-0.2663,-0.2831,-0.3014,-0.3214,-0.343,-0.3653,-0.3876,-0.4088,-0.4282,-0.4452,-0.4595,-0.4809,-0.4667,-0.4418,-0.4218,-0.4642,-0.5804,-0.7012,-0.8276,-1.0004,-1.0426,-0.8281,-0.6354,-0.5463,-0.5434,-0.6464,-0.7051,-0.514,-0.3581,-0.2684,-0.2233,-0.2096,-0.2129,-0.2227,-0.2346,-0.2473,-0.2612,-0.2775,-0.2972,-0.3202,-0.3458,-0.3727,-0.3993,-0.4244,-0.4468,-0.4658,-0.481,-0.4825,-0.4597,-0.4073,-0.3272,-0.3636,-0.6008,-0.8198,-1.0069,-1.3756,-1.5638,-0.981,-0.6462,-0.5377,-0.5387,-0.6301,-0.7074,-0.4922,-0.3555,-0.2922,-0.2541,-0.2312,-0.2225,-0.2237,-0.2305,-0.2397,-0.2513,-0.2677,-0.2902,-0.3181,-0.3497,-0.383,-0.4157,-0.4459,-0.472,-0.4931,-0.5089,-0.4908,-0.4712,-0.4235,-0.3499,-0.4018,-0.6787,-0.9391,-1.0888,-1.2119,-1.2858,-0.8578,-0.5756,-0.51,-0.5889,-0.5427,-0.4544,-0.3584,-0.3165,-0.2987,-0.2559,-0.2248,-0.212,-0.2122,-0.2187,-0.2261,-0.2351,-0.252,-0.2796,-0.3153,-0.3558,-0.3982,-0.4393,-0.4762,-0.5067,-0.5296,-0.5451,-0.5046,-0.4998,-0.4887,-0.4911,-0.5785,-0.7819,-1.0198,-1.1932,-1.1044,-0.8972,-0.6434,-0.4847,-0.4258,-0.6038,-0.5214,-0.29,-0.2109,-0.3461,-0.3519,-0.2414,-0.1947,-0.182,-0.1886,-0.202,-0.2098,-0.2134,-0.2312,-0.267,-0.3137,-0.3665,-0.4214,-0.474,-0.5197,-0.5552,-0.5792,-0.5926,-0.5178,-0.5264,-0.5415,-0.5779,-0.6595,-0.7936,-0.9564,-1.0889,-1.0022,-0.7213,-0.5028,-0.4691,-0.4126,0.2777,-0.1034,0.0229,0.1545,-0.1301,-0.2292,-0.1678,-0.1286,-0.1234,-0.1499,-0.183,-0.1994,-0.1983,-0.2157,-0.2588,-0.3173,-0.3854,-0.4576,-0.5264,-0.5838,-0.6245,-0.6472,-0.6548,-0.5248,-0.5395,-0.5621,-0.5994,-0.6572,-0.7332,-0.8089,-0.836,-0.7359,-0.5389,-0.3817,-0.2843,-0.0244,0.4525,0.1149,0.5286,1.1677,0.3511,-0.0148,-0.0574,0.0016,-0.0073,-0.0873,-0.1561,-0.1912,-0.2003,-0.2161,-0.2593,-0.3281,-0.4162,-0.5137,-0.6069,-0.6805,-0.725,-0.7409,-0.7357,-0.5246,-0.5394,-0.5595,-0.5866,-0.6202,-0.6538,-0.6713,-0.6452,-0.5515,-0.4118,-0.3081,-0.2185,-0.1579,0.005,0.0384,0.4262,0.8518,0.2959,-0.019,0.0131,0.2542,0.1904,-0.0154,-0.1238,-0.1662,-0.1827,-0.2025,-0.2516,-0.3397,-0.4604,-0.5995,-0.7327,-0.8295,-0.8726,-0.869,-0.8383,-0.5188,-0.5307,-0.545,-0.5611,-0.5764,-0.5849,-0.5761,-0.538,-0.4656,-0.3748,-0.3098,-0.2766,-0.3356,-0.3665,-0.1855,-0.0324,0.043,-0.1255,-0.253,-0.0873,0.2779,0.2022,-0.0195,-0.1116,-0.1231,-0.1087,-0.1234,-0.2014,-0.3371,-0.5165,-0.7268,-0.9304,-1.0615,-1.0872,-1.0378,-0.9608,-0.5096,-0.5178,-0.5263,-0.5338,-0.5378,-0.5339,-0.5168,-0.4824,-0.4322,-0.3776,-0.3378,-0.3304,-0.397,-0.42,-0.3822,-0.3708,-0.3162,-0.4583,-0.637,-0.3647,-0.1191,-0.0655,-0.1157,-0.1225,-0.0476,0.0733,0.0856,-0.0788,-0.3124,-0.5808,-0.9018,-1.2285,-1.4085,-1.3762,-1.2367,-1.0895,-0.499,-0.5038,-0.5078,-0.5096,-0.5073,-0.4985,-0.4808,-0.4535,-0.4192,-0.3852,-0.3613,-0.3578,-0.3811,-0.4357,-0.6326,-0.7188,-0.4878,-0.5011,-0.5762,-0.4586,-0.3368,-0.2566,-0.2198,-0.148,0.0465,0.3955,0.4666,0.0749,-0.2952,-0.645,-1.0853,-1.5838,-1.8188,-1.6732,-1.4118,-1.1912,-0.4884,-0.4905,-0.4913,-0.4897,-0.4846,-0.4745,-0.4588,-0.4379,-0.4142,-0.3921,-0.3777,-0.3771,-0.3986,-0.4652,-0.6163,-0.6627,-0.5132,-0.4696,-0.4927,-0.502,-0.4263,-0.3706,-0.3236,-0.2215,0.0075,0.431,0.5237,0.001,-0.3596,-0.6953,-1.152,-1.7232,-1.9829,-1.7784,-1.4692,-1.2254,-0.4785,-0.4788,-0.4776,-0.4742,-0.468,-0.4583,-0.4452,-0.4293,-0.4125,-0.3978,-0.389,-0.3902,-0.407,-0.446,-0.4988,-0.5112,-0.4741,-0.4568,-0.4711,-0.4776,-0.47,-0.4884,-0.4743,-0.3695,-0.2116,-0.1198,-0.2783,-0.3529,-0.5125,-0.7449,-1.0579,-1.4639,-1.6864,-1.5868,-1.3724,-1.1797,-0.4697,-0.4688,-0.4664,-0.4623,-0.456,-0.4474,-0.4366,-0.4245,-0.4124,-0.4022,-0.3965,-0.3975,-0.4075,-0.4261,-0.4458,-0.4528,-0.4478,-0.4479,-0.4604,-0.4854,-0.5526,-0.6865,-0.7205,-0.5589,-0.4072,-0.3942,-0.482,-0.5197,-0.7339,-0.8616,-0.97,-1.156,-1.2986,-1.2968,-1.2012,-1.0851,-0.4622,-0.4605,-0.4576,-0.4533,-0.4474,-0.4399,-0.4312,-0.4218,-0.4129,-0.4056,-0.4014,-0.4017,-0.4069,-0.416,-0.4256,-0.4322,-0.437,-0.4464,-0.4676,-0.5152,-0.6274,-0.8263,-0.8827,-0.6793,-0.5209,-0.4906,-0.5469,-0.7615,-1.0975,-1.0549,-0.9696,-0.9988,-1.0602,-1.0779,-1.0439,-0.983,-0.4559,-0.4538,-0.4507,-0.4465,-0.4412,-0.4349,-0.4278,-0.4205,-0.4137,-0.4083,-0.4051,-0.4048,-0.4075,-0.4126,-0.419,-0.4258,-0.4344,-0.4486,-0.4748,-0.525,-0.6164,-0.7352,-0.7628,-0.6592,-0.5699,-0.5654,-0.6587,-0.8964,-1.1456,-1.0876,-0.9648,-0.927,-0.9359,-0.9425,-0.9281,-0.8958]}]