docs/data/wind_grid.json
[{"header":{"la1":42.85,"la2":41.18,"lo1":11.55,"lo2":14.05,"nx":36,"ny":24,"dx":0.07143,"dy":0.07261,"parameterCategory":2,"parameterNumber":2,"parameterNumberName":"eastward_wind","parameterUnit":"m.s-1"},"data":[0.4096,0.4157,0.4219,0.428,0.4337,0.4388,0.4428,0.4454,0.4464,0.4457,0.4432,0.4391,0.4336,0.427,0.4197,0.4119,0.404,0.3961,0.3885,0.3812,0.3745,0.3683,0.3627,0.3576,0.353,0.349,0.3454,0.3421,0.3393,0.3367,0.3345,0.3325,0.3307,0.3291,0.3277,0.3264,0.4127,0.4199,0.4274,0.4349,0.4421,0.4486,0.4539,0.4576,0.4592,0.4584,0.4554,0.4502,0.4434,0.4353,0.4264,0.4171,0.4077,0.3985,0.3898,0.3816,0.3741,0.3673,0.3612,0.3558,0.351,0.3468,0.3432,0.3399,0.3371,0.3346,0.3324,0.3305,0.3288,0.3272,0.3259,0.3247,0.4155,0.4239,0.4329,0.4421,0.4513,0.4599,0.4671,0.4723,0.4747,0.474,0.4701,0.4636,0.4549,0.4448,0.4339,0.4226,0.4114,0.4007,0.3905,0.3813,0.3729,0.3655,0.359,0.3534,0.3484,0.3442,0.3405,0.3373,0.3346,0.3322,0.3301,0.3282,0.3266,0.3252,0.3239,0.3228,0.4176,0.4274,0.4382,0.4496,0.4614,0.4728,0.4829,0.4903,0.494,0.4934,0.4884,0.4798,0.4685,0.4557,0.4421,0.4284,0.415,0.4023,0.3906,0.3801,0.3709,0.3629,0.356,0.3502,0.3452,0.341,0.3374,0.3343,0.3317,0.3294,0.3274,0.3257,0.3243,0.323,0.3219,0.3209,0.4189,0.4301,0.4428,0.457,0.4722,0.4876,0.5019,0.513,0.5189,0.5184,0.5115,0.4996,0.4845,0.468,0.451,0.4342,0.4181,0.4031,0.3896,0.3778,0.3676,0.3591,0.352,0.3461,0.3412,0.3372,0.3337,0.3309,0.3284,0.3263,0.3246,0.3231,0.3217,0.3206,0.3196,0.3188,0.4188,0.4314,0.4462,0.4634,0.483,0.5041,0.5249,0.5422,0.5522,0.5519,0.5416,0.5243,0.5035,0.4819,0.4606,0.4401,0.4206,0.4027,0.3871,0.3738,0.3628,0.354,0.3468,0.3411,0.3364,0.3327,0.3295,0.3269,0.3248,0.323,0.3214,0.3201,0.319,0.3181,0.3173,0.3166,0.4168,0.4305,0.4473,0.4678,0.4926,0.5215,0.5527,0.5811,0.5989,0.5993,0.5824,0.5552,0.5256,0.4974,0.471,0.4457,0.422,0.4005,0.3822,0.3675,0.3559,0.3471,0.3402,0.335,0.3308,0.3275,0.3248,0.3226,0.3208,0.3193,0.3181,0.317,0.3162,0.3154,0.3148,0.3143,0.4124,0.4266,0.4447,0.468,0.4983,0.5372,0.5845,0.6338,0.669,0.6714,0.6398,0.5935,0.5504,0.5144,0.4823,0.4513,0.4217,0.3954,0.374,0.3579,0.3464,0.3381,0.3321,0.3277,0.3243,0.3217,0.3196,0.3179,0.3165,0.3154,0.3145,0.3138,0.3131,0.3126,0.3122,0.3119,0.4053,0.419,0.437,0.4614,0.4956,0.5447,0.6147,0.7037,0.7819,0.792,0.7236,0.638,0.5756,0.5333,0.4963,0.4576,0.4189,0.3855,0.3605,0.3439,0.3335,0.3269,0.3225,0.3193,0.317,0.3153,0.3139,0.3128,0.312,0.3113,0.3108,0.3103,0.31,0.3098,0.3096,0.3095,0.3952,0.4073,0.4232,0.4454,0.4783,0.5314,0.6232,0.7781,0.9687,1.0108,0.84,0.6771,0.5975,0.5584,0.5184,0.466,0.4115,0.367,0.3384,0.3236,0.3168,0.3134,0.3115,0.3102,0.3092,0.3085,0.3079,0.3075,0.3072,0.307,0.3069,0.3068,0.3068,0.3068,0.3069,0.307,0.3826,0.3917,0.4034,0.4191,0.4423,0.4817,0.5647,0.7694,1.1767,1.3145,0.9243,0.6807,0.6162,0.6065,0.5615,0.4778,0.3941,0.3326,0.3031,0.2962,0.2969,0.2986,0.2998,0.3006,0.3011,0.3014,0.3018,0.3021,0.3024,0.3027,0.303,0.3033,0.3036,0.3039,0.3042,0.3045,0.3681,0.3734,0.3794,0.3857,0.3916,0.3959,0.4036,0.4821,0.8662,1.0715,0.7809,0.6352,0.6413,0.7204,0.6373,0.4834,0.3582,0.2734,0.2524,0.2646,0.2767,0.284,0.2883,0.291,0.2929,0.2944,0.2956,0.2966,0.2975,0.2983,0.2991,0.2997,0.3004,0.3009,0.3015,0.302,0.3527,0.3541,0.3544,0.3515,0.3411,0.311,0.2304,0.0762,0.2105,0.5265,0.5643,0.6139,0.6523,0.7479,0.6289,0.4486,0.3108,0.2139,0.2099,0.2419,0.2613,0.2717,0.2779,0.282,0.2851,0.2875,0.2895,0.2912,0.2927,0.294,0.2952,0.2962,0.2972,0.298,0.2988,0.2995,0.3375,0.3356,0.3313,0.3225,0.3045,0.2667,0.1897,0.0818,0.149,0.3213,0.4187,0.6438,0.7166,0.6622,0.5118,0.3579,0.2528,0.2215,0.2193,0.2378,0.2525,0.2621,0.2688,0.2738,0.2777,0.281,0.2837,0.2861,0.2881,0.2899,0.2914,0.2928,0.2941,0.2952,0.2962,0.2971,0.3233,0.3188,0.3116,0.3002,0.2817,0.2529,0.2134,0.182,0.1874,0.1809,0.1707,0.2745,0.4082,0.4127,0.3949,0.2273,0.1217,0.1922,0.2228,0.2357,0.2456,0.2537,0.2605,0.2662,0.2709,0.2749,0.2783,0.2812,0.2837,0.2859,0.2879,0.2896,0.2911,0.2925,0.2937,0.2948,0.3104,0.3041,0.2952,0.2827,0.2654,0.2424,0.2149,0.1836,0.1338,0.0185,-0.1835,-0.0835,0.0562,0.234,0.2472,0.1923,0.1415,0.1849,0.2144,0.2274,0.2368,0.2453,0.2528,0.2592,0.2647,0.2693,0.2733,0.2767,0.2797,0.2823,0.2845,0.2865,0.2883,0.2899,0.2913,0.2926,0.2992,0.2916,0.2817,0.2685,0.2515,0.2296,0.2013,0.1612,0.095,-0.0217,-0.1701,-0.1033,-0.1573,-0.2038,0.065,0.162,0.1822,0.198,0.2082,0.2167,0.2272,0.2372,0.2458,0.2531,0.2592,0.2644,0.2689,0.2727,0.276,0.2789,0.2814,0.2837,0.2857,0.2874,0.289,0.2905,0.2895,0.2812,0.2706,0.2572,0.2401,0.2183,0.1898,0.1506,0.0956,0.0256,-0.0331,-0.0657,-0.2056,-0.2386,-0.0069,0.126,0.1795,0.1998,0.2023,0.2084,0.2198,0.2308,0.2402,0.2481,0.2546,0.2602,0.265,0.2691,0.2727,0.2759,0.2786,0.2811,0.2833,0.2852,0.287,0.2885,0.2815,0.2728,0.262,0.2486,0.232,0.2113,0.1851,0.152,0.1116,0.0678,0.0285,-0.0095,-0.0569,-0.0506,0.0378,0.1236,0.1752,0.1982,0.2025,0.2074,0.2171,0.2274,0.2366,0.2444,0.2511,0.2569,0.2619,0.2662,0.2699,0.2732,0.2762,0.2788,0.2811,0.2832,0.285,0.2867,0.2751,0.2663,0.2556,0.2427,0.2272,0.2084,0.1859,0.1594,0.1298,0.0996,0.0721,0.0485,0.0343,0.0461,0.0876,0.1362,0.1735,0.1944,0.2032,0.2095,0.2175,0.2263,0.2347,0.2421,0.2487,0.2544,0.2594,0.2637,0.2676,0.271,0.274,0.2767,0.2792,0.2813,0.2833,0.2851,0.27,0.2614,0.2512,0.2392,0.2251,0.2087,0.1899,0.1691,0.1471,0.1257,0.107,0.0936,0.0894,0.0991,0.1223,0.1508,0.1758,0.1931,0.2036,0.2113,0.2189,0.2266,0.2341,0.2409,0.2471,0.2526,0.2575,0.2618,0.2657,0.2691,0.2722,0.275,0.2775,0.2797,0.2818,0.2836,0.2663,0.2581,0.2486,0.2376,0.2251,0.2111,0.1956,0.1792,0.1627,0.1473,0.1347,0.1268,0.1255,0.1325,0.1467,0.1644,0.1813,0.195,0.2051,0.2132,0.2205,0.2275,0.2343,0.2405,0.2463,0.2515,0.2562,0.2604,0.2642,0.2676,0.2707,0.2735,0.276,0.2783,0.2804,0.2823,0.2637,0.256,0.2472,0.2374,0.2265,0.2146,0.202,0.189,0.1764,0.1652,0.1564,0.1513,0.151,0.1557,0.1649,0.1765,0.1883,0.199,0.2079,0.2156,0.2224,0.2289,0.235,0.2407,0.246,0.2509,0.2554,0.2595,0.2631,0.2665,0.2695,0.2723,0.2748,0.2771,0.2792,0.2812,0.262,0.2549,0.2469,0.2382,0.2288,0.2188,0.2084,0.1981,0.1883,0.1799,0.1736,0.1701,0.1699,0.1731,0.1792,0.1871,0.1957,0.204,0.2115,0.2184,0.2247,0.2305,0.2361,0.2413,0.2462,0.2508,0.255,0.2589,0.2624,0.2657,0.2686,0.2714,0.2739,0.2761,0.2782,0.2802]},{"header":{"la1":42.85,"la2":41.18,"lo1":11.55,"lo2":14.05,"nx":36,"ny":24,"dx":0.07143,"dy":0.07261,"parameterCategory":2,"parameterNumber":3,"parameterNumberName":"northward_wind","parameterUnit":"m.s-1"},"data":[1.0216,1.0246,1.0273,1.0294,1.0308,1.031,1.0297,1.0267,1.0216,1.0143,1.0048,0.9935,0.9805,0.9664,0.9516,0.9366,0.9218,0.9079,0.895,0.8836,0.8737,0.8656,0.859,0.854,0.8504,0.8479,0.8464,0.8457,0.8456,0.846,0.8468,0.8479,0.8491,0.8505,0.852,0.8535,1.0274,1.0314,1.0352,1.0385,1.0411,1.0425,1.0421,1.0396,1.0344,1.0265,1.0157,1.0025,0.9872,0.9704,0.9528,0.9351,0.9178,0.9015,0.8868,0.8739,0.8632,0.8545,0.8479,0.8431,0.84,0.8381,0.8373,0.8374,0.838,0.8391,0.8405,0.8422,0.844,0.8458,0.8478,0.8497,1.0332,1.0383,1.0435,1.0484,1.0527,1.0557,1.0568,1.0553,1.0503,1.0416,1.0292,1.0135,0.9952,0.975,0.954,0.9328,0.9123,0.8932,0.8762,0.8617,0.8499,0.841,0.8345,0.8303,0.828,0.8271,0.8272,0.8282,0.8298,0.8317,0.8339,0.8362,0.8386,0.8411,0.8435,0.8458,1.0387,1.0452,1.052,1.0589,1.0655,1.071,1.0744,1.0745,1.0702,1.0608,1.0462,1.0272,1.0048,0.9804,0.9549,0.9293,0.9048,0.8821,0.8623,0.8459,0.8333,0.8242,0.8184,0.8152,0.8142,0.8146,0.8161,0.8183,0.821,0.824,0.8271,0.8302,0.8332,0.8362,0.8392,0.842,1.0438,1.0517,1.0604,1.0698,1.0795,1.0886,1.0956,1.0987,1.0958,1.0856,1.0681,1.0444,1.0166,0.9864,0.9552,0.9241,0.8943,0.8672,0.8439,0.8254,0.8121,0.8035,0.799,0.7975,0.7984,0.8007,0.804,0.8078,0.8118,0.816,0.8201,0.824,0.8278,0.8315,0.8349,0.8382,1.0479,1.0573,1.0681,1.0804,1.0941,1.1083,1.1212,1.1296,1.1299,1.119,1.0969,1.0662,1.0306,0.993,0.9546,0.9165,0.8798,0.8466,0.819,0.7982,0.7847,0.7776,0.7755,0.7769,0.7805,0.7854,0.791,0.7967,0.8023,0.8078,0.813,0.8179,0.8225,0.8268,0.8308,0.8345,1.0508,1.0614,1.0742,1.0896,1.1082,1.1295,1.1517,1.1701,1.1771,1.166,1.1361,1.0939,1.047,0.9997,0.9527,0.9056,0.8596,0.8179,0.7844,0.7613,0.7489,0.7451,0.7473,0.7531,0.7608,0.7691,0.7774,0.7853,0.7928,0.7998,0.8061,0.812,0.8174,0.8223,0.8269,0.8311,1.0519,1.0632,1.0775,1.0957,1.1193,1.1497,1.1865,1.2238,1.2466,1.2368,1.1915,1.1282,1.0646,1.0058,0.9491,0.8906,0.8311,0.7764,0.7346,0.71,0.7015,0.7045,0.7141,0.7265,0.7395,0.752,0.7636,0.7741,0.7836,0.792,0.7996,0.8064,0.8126,0.8182,0.8232,0.8279,1.0508,1.0622,1.0767,1.0962,1.1236,1.1633,1.2205,1.2935,1.3558,1.3534,1.2724,1.1674,1.0795,1.0099,0.9446,0.8716,0.7902,0.7133,0.6592,0.636,0.6382,0.6545,0.676,0.6977,0.7177,0.7352,0.7504,0.7636,0.775,0.7849,0.7937,0.8014,0.8083,0.8144,0.82,0.825,1.0475,1.0578,1.071,1.0889,1.1155,1.1589,1.2354,1.3671,1.5312,1.5608,1.3847,1.1992,1.084,1.011,0.9427,0.8507,0.7297,0.6098,0.5372,0.5265,0.5548,0.5956,0.6352,0.6691,0.697,0.7198,0.7386,0.7542,0.7674,0.7787,0.7885,0.797,0.8045,0.8112,0.8172,0.8225,1.0421,1.0504,1.0604,1.0731,1.0914,1.1228,1.1915,1.3665,1.7221,1.843,1.4664,1.1918,1.0706,1.0106,0.9517,0.8344,0.636,0.4216,0.3254,0.3649,0.4524,0.5337,0.5969,0.6442,0.6798,0.7073,0.7291,0.7468,0.7614,0.7738,0.7843,0.7935,0.8015,0.8086,0.8149,0.8205,1.0354,1.041,1.0466,1.0517,1.0551,1.0554,1.0572,1.121,1.4527,1.6259,1.3313,1.1294,1.0487,1.0058,0.9767,0.8341,0.4983,0.0586,-0.0413,0.1568,0.3525,0.4844,0.57,0.6277,0.6686,0.6992,0.7228,0.7417,0.7573,0.7703,0.7814,0.7909,0.7993,0.8066,0.8131,0.819,1.0281,1.0312,1.0327,1.0306,1.0202,0.9898,0.9108,0.7648,0.8847,1.1552,1.1324,1.0613,1.0479,1.0149,1.0079,0.8683,0.4262,-0.4091,-0.4389,0.0217,0.3124,0.4708,0.5638,0.6236,0.6653,0.6962,0.7201,0.7393,0.7551,0.7683,0.7796,0.7894,0.7979,0.8053,0.812,0.8179,1.0211,1.0223,1.0212,1.0154,1.0,0.9642,0.8877,0.7784,0.849,1.0235,1.0545,1.0231,1.0334,1.2547,1.0771,0.9836,0.7566,0.0461,-0.1312,0.168,0.3814,0.5047,0.5808,0.6323,0.6697,0.6983,0.721,0.7395,0.7549,0.768,0.7791,0.7888,0.7973,0.8048,0.8115,0.8174,1.0148,1.015,1.013,1.0072,0.9949,0.9726,0.9401,0.9205,0.9622,1.024,1.0425,1.0336,1.0498,1.0147,1.0682,1.1656,1.332,0.8489,0.4932,0.4561,0.5087,0.565,0.6118,0.6493,0.6796,0.7043,0.7248,0.742,0.7566,0.7691,0.7799,0.7893,0.7976,0.805,0.8115,0.8174,1.0094,1.0093,1.0075,1.0035,0.9966,0.9872,0.9795,0.9841,1.0084,1.0419,1.077,1.0112,1.0088,1.0157,1.034,1.1404,1.2469,0.965,0.7071,0.6107,0.5981,0.6159,0.6419,0.6682,0.692,0.7128,0.7308,0.7463,0.7597,0.7714,0.7817,0.7907,0.7987,0.8058,0.8122,0.818,1.0046,1.0046,1.0035,1.0014,0.9984,0.9958,0.9963,1.0033,1.0185,1.0407,1.0671,1.0254,0.9549,0.9288,0.9769,0.9986,0.9547,0.7668,0.6114,0.5946,0.6158,0.6394,0.6626,0.6844,0.7044,0.7223,0.738,0.7519,0.7641,0.7749,0.7844,0.7929,0.8005,0.8073,0.8134,0.8189,1.0003,1.0004,1.0,0.9991,0.9983,0.9982,1.0002,1.0053,1.0132,1.0215,1.0213,0.9939,0.9343,0.9173,0.9398,0.9121,0.7924,0.5467,0.4178,0.5119,0.5981,0.6459,0.6757,0.6979,0.7163,0.7321,0.7461,0.7584,0.7694,0.7792,0.788,0.7958,0.8029,0.8093,0.8151,0.8204,0.9963,0.9965,0.9964,0.9961,0.996,0.9965,0.9979,1.0005,1.0032,1.0038,0.9974,0.9794,0.9541,0.9378,0.9211,0.8675,0.7407,0.543,0.4471,0.5191,0.6036,0.6564,0.6887,0.711,0.7281,0.7424,0.7547,0.7657,0.7754,0.7842,0.7922,0.7993,0.8059,0.8118,0.8172,0.8222,0.9923,0.9925,0.9925,0.9924,0.9923,0.9925,0.9929,0.9933,0.9929,0.9901,0.9829,0.9701,0.9535,0.9346,0.9061,0.852,0.7596,0.6472,0.5846,0.5999,0.6428,0.6798,0.7064,0.7257,0.7407,0.7531,0.7639,0.7734,0.782,0.7898,0.7968,0.8033,0.8092,0.8147,0.8197,0.8243,0.9883,0.9884,0.9883,0.9881,0.9878,0.9874,0.9868,0.9857,0.9835,0.9791,0.9717,0.9607,0.9458,0.926,0.8968,0.8524,0.7913,0.7268,0.6849,0.6775,0.6913,0.7105,0.7279,0.7423,0.7543,0.7645,0.7735,0.7816,0.7889,0.7957,0.8019,0.8077,0.813,0.8179,0.8225,0.8267,0.9844,0.9843,0.984,0.9835,0.9828,0.9819,0.9804,0.9783,0.9749,0.9698,0.9622,0.9516,0.9375,0.9185,0.8927,0.8584,0.8171,0.7763,0.7465,0.7334,0.7338,0.741,0.7504,0.7597,0.7683,0.7761,0.7833,0.7899,0.7961,0.8019,0.8072,0.8123,0.817,0.8214,0.8255,0.8294,0.9805,0.9802,0.9797,0.9789,0.9778,0.9763,0.9742,0.9714,0.9673,0.9617,0.954,0.9438,0.9305,0.9134,0.8917,0.8653,0.836,0.8077,0.7854,0.772,0.767,0.7677,0.7715,0.7766,0.7822,0.7878,0.7932,0.7984,0.8034,0.8082,0.8127,0.8171,0.8212,0.8251,0.8288,0.8323,0.9767,0.9762,0.9754,0.9743,0.9729,0.9709,0.9684,0.965,0.9606,0.9547,0.9471,0.9374,0.9253,0.9103,0.8923,0.8716,0.8497,0.8288,0.8114,0.7992,0.7923,0.7897,0.7901,0.7922,0.7953,0.7989,0.8028,0.8067,0.8106,0.8145,0.8183,0.8219,0.8255,0.8289,0.8321,0.8352]}]