docs/data/wind_grid.json
[{"header":{"la1":42.85,"la2":41.18,"lo1":11.55,"lo2":14.05,"nx":36,"ny":24,"dx":0.07143,"dy":0.07261,"parameterCategory":2,"parameterNumber":2,"parameterNumberName":"eastward_wind","parameterUnit":"m.s-1"},"data":[1.5239,1.4741,1.4115,1.3366,1.2528,1.1666,1.0871,1.0238,0.983,0.965,0.9638,0.9702,0.9755,0.973,0.9588,0.9301,0.8851,0.8223,0.7423,0.6499,0.5586,0.489,0.4602,0.4778,0.5315,0.6047,0.6834,0.7594,0.8292,0.892,0.9482,0.9985,1.0439,1.085,1.1224,1.1565,1.5691,1.5151,1.4417,1.348,1.2369,1.1177,1.0055,0.9186,0.8706,0.8624,0.8818,0.9109,0.935,0.9455,0.9382,0.9106,0.8602,0.7829,0.6746,0.5368,0.388,0.2706,0.229,0.272,0.3705,0.4879,0.6014,0.702,0.7886,0.8629,0.9271,0.9833,1.0331,1.0777,1.118,1.1544,1.6328,1.5779,1.4944,1.3772,1.2268,1.0542,0.8843,0.7533,0.6931,0.7075,0.7679,0.8373,0.8913,0.9206,0.9235,0.8998,0.847,0.7574,0.6166,0.4091,0.1503,-0.0693,-0.1295,-0.0191,0.1702,0.36,0.5208,0.6501,0.754,0.839,0.9104,0.9718,1.0256,1.0734,1.1161,1.1547,1.7214,1.6734,1.585,1.4419,1.2368,0.9781,0.7015,0.4789,0.3942,0.463,0.6091,0.7493,0.8475,0.9008,0.9163,0.8998,0.8513,0.761,0.5982,0.2998,-0.175,-0.639,-0.7135,-0.418,-0.0529,0.2416,0.4559,0.6119,0.7296,0.8226,0.8992,0.9646,1.0216,1.0721,1.1172,1.1576,1.841,1.8158,1.7377,1.5742,1.2996,0.9086,0.4337,0.0031,-0.1425,0.0692,0.3992,0.6566,0.8112,0.889,0.9164,0.9097,0.8752,0.8091,0.6749,0.3209,-0.5179,-1.5662,-1.5814,-0.8467,-0.2234,0.1743,0.4262,0.5957,0.7187,0.8147,0.8939,0.9618,1.0214,1.0742,1.1213,1.1634,1.994,2.0198,1.9871,1.8275,1.4784,0.9116,0.115,-0.7812,-1.1013,-0.5057,0.1808,0.5908,0.7956,0.8872,0.9198,0.9223,0.9097,0.8957,0.8847,0.6493,-0.4184,-2.1242,-2.0273,-0.927,-0.201,0.2043,0.4453,0.6042,0.7208,0.8141,0.8934,0.9628,1.0246,1.0796,1.1287,1.1724,2.1708,2.2893,2.3734,2.2797,1.8597,1.1138,0.0144,-1.4862,-2.1301,-0.9174,0.1145,0.6013,0.8115,0.8923,0.9159,0.9229,0.9332,0.9652,1.0644,1.0109,0.3483,-0.6664,-0.8711,-0.3683,0.0597,0.3295,0.5037,0.6287,0.7291,0.8164,0.895,0.9663,1.0306,1.0882,1.1394,1.1846,2.3363,2.5819,2.8978,3.0043,2.4682,1.5531,0.4869,-0.7392,-1.2388,-0.4079,0.3289,0.6977,0.8526,0.8912,0.8821,0.8843,0.9216,0.9777,1.0359,1.0579,1.1078,0.8607,0.4344,0.3231,0.3857,0.4771,0.5638,0.6471,0.7307,0.8142,0.8951,0.9706,1.0392,1.1003,1.1538,1.2005,2.4308,2.7561,3.3098,3.7538,2.9756,1.9621,1.1374,0.4685,0.1624,0.292,0.5838,0.8117,0.8967,0.8648,0.7738,0.7488,0.852,0.9676,1.074,1.3054,1.8698,1.7083,1.0641,0.7226,0.5918,0.5571,0.575,0.63,0.7093,0.7996,0.8904,0.9751,1.0506,1.1162,1.1725,1.2205,2.4198,2.6775,3.0448,3.2576,2.7337,2.1136,1.5392,0.9808,0.3836,0.1923,0.5969,0.8947,0.9348,0.8154,0.5489,0.4148,0.7369,0.9501,1.0896,1.3039,1.6569,1.5685,1.1378,0.8127,0.6082,0.5002,0.4843,0.5443,0.6485,0.7668,0.8804,0.981,1.0664,1.1375,1.1963,1.2451,2.3437,2.4871,2.5832,2.5192,2.4606,2.188,1.8533,1.3161,-0.2071,-0.9708,0.4938,1.0184,0.9691,0.7506,0.5325,0.3963,0.7569,0.9699,1.0809,1.172,1.2527,1.1941,0.9692,0.6796,0.4015,0.2278,0.2246,0.3556,0.5386,0.7172,0.8698,0.9929,1.09,1.1662,1.2266,1.2749,2.2601,2.3471,2.4124,2.4496,2.4104,2.2749,2.3074,2.3291,1.0991,0.1255,0.9976,1.3292,1.0108,0.3448,0.4793,0.7204,0.8827,1.0485,1.1191,1.1216,1.0994,1.0014,0.7717,0.3774,-0.1172,-0.4184,-0.3054,0.0399,0.39,0.6677,0.8721,1.0195,1.1263,1.2048,1.264,1.31,2.1888,2.2478,2.2971,2.3245,2.3148,2.3603,2.6613,3.1684,2.6546,1.7795,1.7433,1.9569,1.5935,0.1887,0.4017,0.7453,0.8641,1.1866,1.2205,1.1212,1.0485,0.9092,0.6033,-0.0443,-1.0845,-1.6936,-1.1699,-0.3474,0.2635,0.6577,0.909,1.0717,1.1798,1.2544,1.3083,1.3494,2.1317,2.173,2.2077,2.2336,2.2661,2.3665,2.6043,2.8949,2.6851,2.2211,2.1867,2.6003,2.7388,2.6096,1.1781,0.359,0.5576,1.0029,1.1369,1.0942,1.0018,0.8554,0.5347,-0.3109,-2.0382,-3.1035,-1.8897,-0.5289,0.2856,0.7419,1.0033,1.1573,1.2515,1.3128,1.3565,1.3905,2.0886,2.1201,2.1493,2.1793,2.2229,2.3016,2.4169,2.4968,2.4364,2.3903,2.4804,2.5415,2.6386,3.2778,1.431,0.2225,0.3379,0.8285,1.076,1.04,0.846,0.7514,0.6098,-0.0178,-1.3771,-2.2426,-1.306,-0.1461,0.5656,0.9536,1.1615,1.2721,1.3328,1.3712,1.4013,1.4281,2.0569,2.0835,2.1105,2.1407,2.1803,2.2337,2.2945,2.3444,2.4022,2.5936,3.0269,2.793,2.6491,2.4637,1.7401,0.9782,0.6624,1.0416,1.2285,0.9751,0.297,0.421,0.7417,0.5926,0.1047,-0.1855,0.1509,0.6845,1.0608,1.2659,1.3592,1.3911,1.4,1.4106,1.4302,1.4553,2.0337,2.0575,2.0827,2.1112,2.1457,2.1874,2.2361,2.2966,2.3996,2.6179,2.9566,2.7911,2.7585,2.7398,2.1341,1.693,1.4954,1.6002,1.6727,1.233,0.2466,0.4506,0.9958,1.177,1.2214,1.3234,1.4887,1.5972,1.6275,1.6049,1.5431,1.4641,1.4079,1.3996,1.4268,1.4652,2.0163,2.0382,2.0619,2.0885,2.1197,2.1568,2.2025,2.2635,2.3536,2.4807,2.5929,2.6197,2.7684,2.7986,2.5835,2.4631,2.1417,2.1414,2.3264,1.9194,1.3916,1.2754,1.4858,1.7429,2.0949,2.5384,2.6952,2.4511,2.1517,1.8994,1.654,1.4209,1.2909,1.3033,1.3813,1.4581,2.0028,2.0232,2.0455,2.0705,2.0994,2.1335,2.1752,2.228,2.2948,2.3707,2.4384,2.4957,2.5793,2.7247,3.3571,3.6609,2.6549,2.3638,2.4341,2.4914,2.1617,1.9507,2.0002,2.2503,2.7911,3.6666,3.8686,3.1283,2.5447,2.12,1.6857,1.2381,1.0316,1.1391,1.319,1.4514,1.9919,2.0111,2.0321,2.0555,2.0822,2.1133,2.15,2.1935,2.2439,2.298,2.3521,2.4121,2.5055,2.7234,3.2541,3.4142,2.7652,2.5573,2.9602,3.1978,2.6195,2.408,2.4382,2.6143,3.0605,3.8888,4.0808,3.2609,2.7361,2.3029,1.7717,1.16,0.8962,1.0785,1.3199,1.4787,1.9827,2.0009,2.0206,2.0424,2.067,2.0948,2.1267,2.1629,2.2031,2.2464,2.2932,2.3499,2.4339,2.5751,2.7571,2.7829,2.6212,2.5872,2.7977,2.8974,2.7698,2.8419,2.929,2.911,3.0128,3.1955,3.0854,2.9928,2.8159,2.5203,2.0556,1.5021,1.2154,1.2848,1.4437,1.5613,1.9748,1.9919,2.0104,2.0306,2.053,2.078,2.1058,2.1365,2.1701,2.2065,2.247,2.2951,2.3571,2.4346,2.5054,2.5246,2.505,2.5307,2.6322,2.7604,3.0177,3.5549,3.7354,3.302,3.0259,2.9603,2.8958,2.931,2.9792,2.8367,2.4505,1.998,1.701,1.6187,1.6425,1.6832,1.9677,1.9837,2.001,2.0198,2.0403,2.0627,2.0872,2.1138,2.1427,2.1739,2.2083,2.2473,2.292,2.3397,2.3813,2.4085,2.4332,2.4861,2.5939,2.8017,3.2635,4.0904,4.3299,3.5864,3.0845,2.9361,2.9336,3.074,3.3747,3.2293,2.7847,2.358,2.0586,1.8993,1.8331,1.8092,1.9612,1.9763,1.9924,2.0098,2.0285,2.0488,2.0706,2.0941,2.1193,2.1464,2.1757,2.2077,2.2423,2.2778,2.3119,2.3454,2.3873,2.4552,2.5745,2.7909,3.1784,3.6878,3.8176,3.4133,3.052,2.9163,2.9435,3.1452,3.4279,3.2922,2.8951,2.5271,2.2559,2.0801,1.9755,1.9144]},{"header":{"la1":42.85,"la2":41.18,"lo1":11.55,"lo2":14.05,"nx":36,"ny":24,"dx":0.07143,"dy":0.07261,"parameterCategory":2,"parameterNumber":3,"parameterNumberName":"northward_wind","parameterUnit":"m.s-1"},"data":[0.0081,-0.0241,-0.0666,-0.1192,-0.18,-0.2452,-0.3093,-0.3667,-0.4141,-0.4517,-0.4833,-0.5145,-0.5499,-0.5926,-0.6439,-0.7043,-0.7739,-0.852,-0.9371,-1.0245,-1.1043,-1.1619,-1.1845,-1.1689,-1.1233,-1.0603,-0.9909,-0.9223,-0.8579,-0.7993,-0.7466,-0.6995,-0.6575,-0.6201,-0.5866,-0.5565,0.0544,0.0209,-0.0272,-0.0909,-0.1684,-0.2542,-0.3389,-0.4115,-0.4645,-0.4982,-0.5208,-0.543,-0.5729,-0.6145,-0.6689,-0.736,-0.8161,-0.9103,-1.0195,-1.1412,-1.2616,-1.3514,-1.381,-1.345,-1.2648,-1.1666,-1.0683,-0.9778,-0.8977,-0.8278,-0.7669,-0.714,-0.6677,-0.627,-0.5911,-0.5593,0.1141,0.082,0.0291,-0.0485,-0.1505,-0.2698,-0.3906,-0.4907,-0.5517,-0.5732,-0.5744,-0.5778,-0.5969,-0.6352,-0.6918,-0.7649,-0.8547,-0.9641,-1.1008,-1.273,-1.4685,-1.6257,-1.6653,-1.5812,-1.4351,-1.2819,-1.1448,-1.0287,-0.9318,-0.8507,-0.7822,-0.724,-0.6739,-0.6306,-0.5928,-0.5595,0.1915,0.1665,0.1126,0.0196,-0.117,-0.291,-0.479,-0.6357,-0.7109,-0.6994,-0.6517,-0.6188,-0.6202,-0.6539,-0.7126,-0.7904,-0.8858,-1.0028,-1.1591,-1.3952,-1.7337,-2.0474,-2.0942,-1.888,-1.6218,-1.3913,-1.2098,-1.0682,-0.956,-0.8654,-0.7909,-0.7285,-0.6756,-0.6303,-0.5912,-0.5571,0.2906,0.284,0.2396,0.1349,-0.0467,-0.3065,-0.6209,-0.9073,-1.0169,-0.9143,-0.7562,-0.6602,-0.639,-0.6705,-0.7332,-0.8141,-0.9077,-1.013,-1.1506,-1.4271,-2.0038,-2.6743,-2.6826,-2.2076,-1.7738,-1.4659,-1.2482,-1.0883,-0.9662,-0.8697,-0.7915,-0.7268,-0.6723,-0.626,-0.5862,-0.5518,0.4126,0.4445,0.4343,0.3338,0.1021,-0.2743,-0.7979,-1.3814,-1.5946,-1.2418,-0.8625,-0.683,-0.6472,-0.6877,-0.7614,-0.8441,-0.9259,-0.9914,-1.0215,-1.2258,-1.998,-3.0325,-2.9756,-2.306,-1.8033,-1.4735,-1.2475,-1.084,-0.9602,-0.8627,-0.7838,-0.7186,-0.6638,-0.6175,-0.5778,-0.5436,0.5499,0.6503,0.7248,0.6706,0.3877,-0.112,-0.8373,-1.8202,-2.2404,-1.4734,-0.8704,-0.6559,-0.6405,-0.7157,-0.8173,-0.9023,-0.9597,-0.9777,-0.8579,-0.94,-1.6972,-2.3501,-2.4145,-2.0533,-1.6883,-1.4112,-1.2083,-1.0567,-0.9393,-0.8454,-0.7684,-0.7043,-0.6505,-0.605,-0.5662,-0.5328,0.6765,0.8699,1.1116,1.1974,0.8263,0.2063,-0.497,-1.3059,-1.639,-1.1005,-0.684,-0.5666,-0.623,-0.7763,-0.9511,-1.0468,-1.0465,-1.0372,-1.0379,-1.2865,-1.9794,-2.1844,-2.0223,-1.7776,-1.5249,-1.3121,-1.1454,-1.0144,-0.9085,-0.8207,-0.747,-0.6851,-0.6329,-0.5889,-0.5516,-0.5198,0.7481,0.9997,1.4133,1.7383,1.187,0.4982,-0.0261,-0.4265,-0.5852,-0.5019,-0.4177,-0.4442,-0.5992,-0.8916,-1.2815,-1.4411,-1.2402,-1.1091,-1.2303,-1.7874,-2.8759,-2.7059,-2.0007,-1.6145,-1.3791,-1.2105,-1.0793,-0.9701,-0.8755,-0.793,-0.7221,-0.6621,-0.6119,-0.57,-0.5348,-0.5049,0.7392,0.941,1.2188,1.3783,1.01,0.6045,0.2792,0.0384,-0.1385,-0.2102,-0.2215,-0.3156,-0.546,-0.9929,-1.9503,-2.4517,-1.5134,-1.0849,-1.1364,-1.6217,-2.4229,-2.3508,-1.7797,-1.433,-1.2472,-1.1294,-1.0328,-0.9397,-0.8494,-0.7668,-0.6955,-0.6363,-0.588,-0.5488,-0.5164,-0.4891,0.6797,0.798,0.8785,0.8351,0.7989,0.6444,0.49,0.3168,-0.1133,-0.3136,-0.1011,-0.1685,-0.4406,-0.8607,-1.7767,-2.4452,-1.33,-0.8698,-0.8443,-1.0856,-1.4212,-1.5027,-1.3538,-1.2189,-1.1523,-1.1086,-1.0406,-0.9433,-0.8386,-0.7445,-0.6676,-0.6078,-0.562,-0.5264,-0.4977,-0.4736,0.6118,0.689,0.7487,0.7827,0.7596,0.6857,0.7358,0.8015,0.3529,-0.0102,0.1217,0.0762,-0.3146,-0.8761,-0.9262,-0.9353,-0.7152,-0.5123,-0.5002,-0.6617,-0.8566,-0.9778,-1.0247,-1.08,-1.1798,-1.2367,-1.1587,-0.9999,-0.8441,-0.7225,-0.6357,-0.5758,-0.5343,-0.5043,-0.4805,-0.4601,0.5496,0.6054,0.6532,0.6824,0.682,0.7193,0.9164,1.2128,0.9523,0.5077,0.4625,0.6681,0.2716,-0.9437,-0.7882,-0.441,-0.3495,-0.2492,-0.2578,-0.4236,-0.5801,-0.7108,-0.8443,-1.0683,-1.4356,-1.6528,-1.4352,-1.0969,-0.8453,-0.6873,-0.5934,-0.5389,-0.5068,-0.4855,-0.4682,-0.4515,0.495,0.5357,0.5706,0.597,0.6252,0.6977,0.8578,1.0442,0.9199,0.6393,0.6821,1.4138,1.573,0.3377,-0.1372,-0.2441,-0.1769,-0.177,-0.2242,-0.3261,-0.4643,-0.5878,-0.7384,-1.0742,-1.7638,-2.1967,-1.6918,-1.1231,-0.7899,-0.6174,-0.5344,-0.4989,-0.4849,-0.4768,-0.4666,-0.4523,0.4487,0.4796,0.5077,0.5344,0.5684,0.6245,0.703,0.7526,0.6941,0.6212,0.6695,0.8153,0.6876,0.5739,0.0844,-0.199,0.2604,0.0175,-0.1205,-0.2956,-0.5217,-0.6086,-0.6483,-0.8893,-1.4538,-1.8208,-1.4098,-0.9099,-0.6246,-0.4982,-0.4607,-0.4656,-0.4819,-0.4905,-0.4852,-0.4683,0.4098,0.4346,0.4582,0.4823,0.5102,0.5446,0.5785,0.5929,0.5847,0.6042,0.6792,0.8259,0.6853,0.451,0.2252,0.1331,0.2561,0.1463,0.0279,-0.33,-0.9695,-0.8749,-0.5798,-0.5718,-0.7487,-0.8559,-0.6955,-0.4729,-0.3555,-0.3413,-0.3907,-0.4645,-0.5249,-0.549,-0.5378,-0.5062,0.377,0.3974,0.4172,0.4371,0.458,0.4796,0.4985,0.5118,0.5285,0.5744,0.651,0.6749,0.6349,0.5769,0.3267,0.2225,0.2535,0.3802,0.4271,-0.0769,-1.0109,-0.8568,-0.4199,-0.2414,-0.1435,-0.0302,0.0635,0.0576,-0.0359,-0.1811,-0.3609,-0.5421,-0.662,-0.6851,-0.6393,-0.5699,0.3488,0.3658,0.3822,0.3984,0.4143,0.4298,0.444,0.4581,0.4777,0.5089,0.5405,0.5482,0.5811,0.5537,0.3047,0.2282,0.3748,0.849,1.3342,0.6154,-0.0325,-0.2086,-0.0871,0.1068,0.4146,0.8073,0.9215,0.6382,0.2804,-0.0538,-0.4085,-0.7605,-0.9577,-0.9286,-0.7903,-0.6506,0.3242,0.3385,0.3522,0.3653,0.378,0.3901,0.4017,0.4138,0.4281,0.4439,0.4546,0.4526,0.4338,0.3417,0.0957,0.0123,0.3648,0.8692,1.2153,1.0051,0.5653,0.2633,0.2209,0.4022,0.9027,1.7776,1.9752,1.1548,0.5102,0.0278,-0.5104,-1.1088,-1.3951,-1.2278,-0.9409,-0.7165,0.3025,0.3146,0.3261,0.337,0.3473,0.357,0.3662,0.3752,0.3839,0.3906,0.3912,0.3801,0.3469,0.2665,0.1159,0.0862,0.366,0.7568,1.2971,1.5118,0.853,0.4748,0.3832,0.5256,0.9953,1.9289,2.1451,1.1077,0.5383,0.0971,-0.4988,-1.2504,-1.5935,-1.3368,-0.9765,-0.719,0.2832,0.2935,0.3032,0.3123,0.3208,0.3286,0.3357,0.342,0.3468,0.3488,0.3456,0.3338,0.3094,0.27,0.2317,0.26,0.4103,0.6688,1.0104,1.0939,0.7414,0.4714,0.3954,0.4752,0.6893,0.8258,0.4548,0.4341,0.4362,0.2185,-0.2411,-0.8539,-1.1858,-1.0746,-0.8325,-0.6353,0.2658,0.2746,0.2829,0.2906,0.2977,0.3039,0.3094,0.3137,0.3164,0.3166,0.3132,0.3051,0.2925,0.2797,0.2798,0.3161,0.4054,0.5389,0.6647,0.665,0.5079,0.3445,0.3034,0.3693,0.4454,0.3262,-0.0491,0.1869,0.5151,0.4667,0.1304,-0.3091,-0.6069,-0.6646,-0.5916,-0.4953,0.2501,0.2578,0.2649,0.2714,0.2773,0.2824,0.2867,0.2898,0.2916,0.2915,0.2894,0.2853,0.2809,0.2802,0.2905,0.3202,0.3725,0.4365,0.4812,0.4647,0.3758,0.2634,0.2383,0.3074,0.3591,0.3276,0.2799,0.5301,0.9373,0.8209,0.4401,0.0641,-0.2049,-0.3353,-0.3651,-0.348,0.2359,0.2425,0.2487,0.2543,0.2592,0.2635,0.267,0.2695,0.271,0.2713,0.2706,0.2695,0.2696,0.2734,0.2846,0.3059,0.3363,0.3679,0.3857,0.3746,0.3331,0.2844,0.272,0.3026,0.3384,0.3677,0.4457,0.6965,0.9977,0.8827,0.5488,0.2412,0.0139,-0.1268,-0.1976,-0.2244]}]