docs/data/wind_grid.json
[{"header":{"la1":42.85,"la2":41.18,"lo1":11.55,"lo2":14.05,"nx":36,"ny":24,"dx":0.07143,"dy":0.07261,"parameterCategory":2,"parameterNumber":2,"parameterNumberName":"eastward_wind","parameterUnit":"m.s-1"},"data":[0.0987,0.0701,0.0318,-0.0157,-0.0699,-0.1266,-0.1801,-0.2248,-0.2568,-0.2753,-0.2819,-0.2798,-0.2721,-0.2617,-0.2506,-0.2409,-0.2348,-0.2348,-0.2427,-0.2577,-0.2753,-0.2874,-0.2858,-0.2674,-0.2345,-0.1922,-0.1456,-0.0981,-0.0518,-0.0077,0.0336,0.072,0.1074,0.1399,0.1696,0.1965,0.1432,0.1136,0.0693,0.0102,-0.0612,-0.1383,-0.2119,-0.2722,-0.312,-0.3304,-0.3314,-0.3215,-0.306,-0.2882,-0.2704,-0.2545,-0.2438,-0.2428,-0.2564,-0.2861,-0.325,-0.3561,-0.3618,-0.3367,-0.2891,-0.2308,-0.1702,-0.1115,-0.0565,-0.0058,0.0407,0.083,0.1215,0.1563,0.1877,0.216,0.2053,0.1778,0.1286,0.0548,-0.0413,-0.1505,-0.2571,-0.3428,-0.3933,-0.4074,-0.3959,-0.3721,-0.3446,-0.3168,-0.2897,-0.2643,-0.2442,-0.2373,-0.256,-0.3101,-0.3914,-0.4626,-0.4793,-0.4351,-0.3579,-0.2735,-0.1936,-0.1212,-0.0566,0.001,0.0526,0.0987,0.1401,0.177,0.21,0.2393,0.2909,0.2726,0.2228,0.1323,0.0005,-0.1601,-0.3242,-0.4557,-0.5217,-0.52,-0.4803,-0.4322,-0.3878,-0.3477,-0.3092,-0.27,-0.2319,-0.2062,-0.2205,-0.3108,-0.4802,-0.6433,-0.671,-0.5705,-0.4359,-0.3134,-0.2103,-0.1236,-0.0495,0.0147,0.0708,0.1203,0.1641,0.2029,0.2371,0.2671,0.4064,0.4117,0.3734,0.2683,0.0866,-0.1564,-0.423,-0.6464,-0.7385,-0.6879,-0.5865,-0.4992,-0.4341,-0.3817,-0.3316,-0.2751,-0.2062,-0.1317,-0.1026,-0.2293,-0.5699,-0.9422,-0.9531,-0.7176,-0.4987,-0.3358,-0.2121,-0.1135,-0.032,0.0372,0.097,0.149,0.1947,0.2347,0.2696,0.3,0.5554,0.611,0.6147,0.5096,0.2613,-0.1064,-0.5419,-0.9547,-1.1026,-0.9167,-0.6994,-0.5635,-0.4805,-0.42,-0.362,-0.2895,-0.1808,-0.0098,0.1764,0.0599,-0.5086,-1.1242,-1.0984,-0.7583,-0.501,-0.3231,-0.191,-0.0869,-0.0015,0.0705,0.1323,0.1859,0.2326,0.2732,0.3083,0.3385,0.7301,0.8782,0.9915,0.9349,0.5958,0.0544,-0.574,-1.2288,-1.47,-1.084,-0.7694,-0.6122,-0.5252,-0.4648,-0.4068,-0.3291,-0.1977,0.0589,0.4863,0.4174,-0.2864,-0.7408,-0.7988,-0.6191,-0.4276,-0.2705,-0.1444,-0.0417,0.0435,0.1157,0.1779,0.2318,0.2786,0.3192,0.354,0.3834,0.8974,1.1762,1.5146,1.6339,1.1355,0.3472,-0.3801,-0.9801,-1.1978,-0.9798,-0.7744,-0.6488,-0.5717,-0.5191,-0.4698,-0.4019,-0.287,-0.0902,0.1588,0.0286,-0.4653,-0.6227,-0.5774,-0.4636,-0.3236,-0.1903,-0.0751,0.0217,0.1035,0.1735,0.2343,0.2874,0.3337,0.3736,0.4075,0.4355,0.9968,1.3658,1.9367,2.3667,1.6131,0.5985,-0.1564,-0.6524,-0.8956,-0.9222,-0.8172,-0.6991,-0.6283,-0.587,-0.5488,-0.4983,-0.4059,-0.2923,-0.243,-0.4445,-0.9121,-0.8452,-0.5525,-0.3643,-0.218,-0.0926,0.0135,0.1023,0.1778,0.2435,0.3017,0.3533,0.3985,0.4373,0.4696,0.4956,0.9889,1.3174,1.7415,1.9738,1.4716,0.6445,-0.118,-0.6809,-1.1424,-1.2801,-0.9901,-0.7675,-0.7025,-0.6812,-0.6222,-0.5867,-0.4966,-0.3999,-0.3735,-0.4929,-0.7562,-0.7132,-0.4536,-0.2506,-0.097,0.0251,0.1215,0.1991,0.2655,0.3252,0.3802,0.4301,0.4742,0.5115,0.5418,0.565,0.9015,1.1573,1.465,1.8106,1.6318,0.6263,-0.2181,-0.815,-1.7135,-2.1443,-1.1746,-0.7924,-0.808,-0.8899,-0.7363,-0.6145,-0.5276,-0.4411,-0.4,-0.399,-0.4339,-0.3947,-0.2549,-0.0922,0.0554,0.1706,0.2509,0.3105,0.3641,0.4172,0.4695,0.5186,0.5621,0.5981,0.6257,0.6449,0.7717,0.9728,1.2666,1.6701,1.4491,0.3849,-0.404,-0.7716,-1.2307,-1.561,-0.9287,-0.669,-0.9207,-1.4728,-1.1913,-0.705,-0.5082,-0.4876,-0.4633,-0.3575,-0.2724,-0.1871,-0.0667,0.086,0.2417,0.3507,0.4001,0.4306,0.4693,0.5178,0.5702,0.6207,0.6649,0.6997,0.7239,0.7376,0.6173,0.7377,0.8759,0.9419,0.6518,0.012,-0.5484,-0.8028,-0.7814,-0.7353,-0.4965,-0.2807,-0.5807,-1.6912,-1.3571,-0.564,-0.3947,-0.6501,-0.6515,-0.3438,-0.1713,-0.046,0.0862,0.2566,0.4514,0.5587,0.5507,0.5452,0.5754,0.6265,0.6846,0.7403,0.7872,0.8209,0.84,0.8456,0.4643,0.5086,0.5235,0.4488,0.2126,-0.1476,-0.4885,-0.6931,-0.6381,-0.4164,-0.1941,0.1762,0.2376,-0.2782,-0.4686,-0.1178,-0.1263,-0.3721,-0.4339,-0.2188,-0.0404,0.0895,0.2111,0.3812,0.6022,0.701,0.6472,0.6389,0.6828,0.748,0.8186,0.8844,0.9365,0.9686,0.9795,0.9722,0.3372,0.3359,0.3011,0.2087,0.0475,-0.1531,-0.33,-0.4123,-0.3295,-0.1079,0.0723,0.0433,-0.1144,-0.2922,-0.1814,0.0018,0.2869,-0.0283,-0.1314,-0.0193,0.1702,0.2638,0.3205,0.442,0.5993,0.6745,0.6858,0.7335,0.808,0.8931,0.982,1.0641,1.1248,1.1533,1.1492,1.1207,0.2441,0.2234,0.1784,0.1025,-0.0002,-0.1082,-0.1855,-0.1883,-0.0709,0.2205,0.7431,0.0598,-0.04,-0.1113,-0.0741,0.0575,0.2108,0.0155,-0.0569,0.1354,0.522,0.4974,0.4203,0.5002,0.6242,0.7196,0.7997,0.8846,0.9728,1.0721,1.1848,1.2949,1.3707,1.39,1.357,1.293,0.1818,0.1561,0.1157,0.0605,-0.0025,-0.0584,-0.0852,-0.057,0.0554,0.2974,0.6651,0.3074,0.1144,0.1219,0.0831,0.0954,0.0348,-0.1588,-0.2766,0.0372,0.5657,0.5329,0.4757,0.5946,0.7683,0.9289,1.042,1.1105,1.1774,1.281,1.4317,1.5967,1.7014,1.6965,1.6069,1.4848,0.1429,0.1188,0.0866,0.0486,0.0107,-0.0171,-0.0221,0.0083,0.0831,0.1947,0.2719,0.2142,0.1749,0.2054,0.3842,0.4409,0.0986,-0.5147,-1.0389,-0.3654,0.1415,0.3603,0.5174,0.7381,1.014,1.2847,1.4044,1.3843,1.3919,1.4964,1.7112,1.984,2.1411,2.0749,1.8828,1.6776,0.1204,0.1002,0.0761,0.0506,0.0281,0.0148,0.0175,0.0412,0.0855,0.1386,0.176,0.1916,0.2349,0.4212,1.1018,1.3882,0.3815,-0.4089,-0.8014,-0.4605,-0.0475,0.3264,0.6277,0.9264,1.2924,1.7194,1.8229,1.6251,1.571,1.683,1.9703,2.395,2.6204,2.4428,2.1193,1.8316,0.1091,0.0931,0.0757,0.0588,0.0457,0.04,0.0452,0.0629,0.0916,0.1259,0.1606,0.2034,0.2905,0.516,1.0193,1.156,0.4527,-0.1235,-0.5311,-0.6514,-0.0583,0.487,0.8636,1.1374,1.438,1.817,1.9028,1.6952,1.6953,1.828,2.1076,2.5592,2.8017,2.5762,2.2112,1.9014,0.1053,0.0931,0.0808,0.07,0.0628,0.0613,0.0674,0.0818,0.1037,0.1317,0.1662,0.2145,0.2948,0.4312,0.5948,0.5908,0.3399,0.0405,-0.2263,-0.2251,0.33,0.9996,1.3683,1.434,1.4948,1.5862,1.5448,1.6226,1.839,2.0058,2.1452,2.3755,2.5241,2.3942,2.132,1.8781,0.1064,0.0975,0.0891,0.0826,0.0792,0.0804,0.0871,0.1,0.1189,0.1438,0.1759,0.2188,0.2772,0.349,0.4065,0.3978,0.3149,0.2199,0.1991,0.4125,1.0656,2.0422,2.3715,1.9102,1.621,1.5463,1.4294,1.6682,2.2669,2.4147,2.2884,2.2303,2.2242,2.1422,1.9819,1.8006,0.1107,0.1045,0.0993,0.0958,0.0952,0.0982,0.1057,0.118,0.1354,0.158,0.1867,0.2224,0.265,0.3095,0.3437,0.356,0.3545,0.3782,0.4983,0.8409,1.6054,2.7927,3.1117,2.2649,1.7585,1.6574,1.7463,2.3288,3.2783,3.0793,2.5461,2.2348,2.0847,1.9736,1.8488,1.7121,0.1172,0.1133,0.1105,0.1094,0.1108,0.1153,0.1235,0.1357,0.1522,0.1732,0.1991,0.2298,0.2645,0.3006,0.3347,0.3674,0.4105,0.493,0.6651,1.0041,1.5911,2.3059,2.5077,2.0932,1.7773,1.7551,2.0028,2.6681,3.4159,3.1875,2.6143,2.2292,2.0106,1.8678,1.7471,1.631]},{"header":{"la1":42.85,"la2":41.18,"lo1":11.55,"lo2":14.05,"nx":36,"ny":24,"dx":0.07143,"dy":0.07261,"parameterCategory":2,"parameterNumber":3,"parameterNumberName":"northward_wind","parameterUnit":"m.s-1"},"data":[-0.3607,-0.3791,-0.4066,-0.4432,-0.4867,-0.533,-0.5763,-0.6106,-0.6317,-0.6392,-0.6365,-0.6289,-0.6215,-0.6178,-0.6202,-0.6302,-0.6496,-0.6805,-0.7243,-0.7793,-0.8392,-0.8932,-0.9317,-0.9515,-0.9572,-0.9557,-0.9526,-0.9508,-0.9513,-0.9539,-0.9581,-0.9633,-0.969,-0.9748,-0.9805,-0.9859,-0.3177,-0.337,-0.3699,-0.4173,-0.4773,-0.5439,-0.6075,-0.6563,-0.6818,-0.683,-0.6673,-0.6451,-0.625,-0.6116,-0.6069,-0.6121,-0.6294,-0.6631,-0.7181,-0.7959,-0.8866,-0.9673,-1.0156,-1.0276,-1.017,-0.9998,-0.9852,-0.9762,-0.9726,-0.973,-0.9761,-0.9807,-0.9861,-0.9918,-0.9972,-1.0023,-0.2621,-0.2796,-0.3171,-0.3783,-0.4627,-0.5628,-0.6627,-0.7393,-0.7724,-0.7593,-0.7176,-0.6697,-0.6301,-0.6033,-0.589,-0.5864,-0.5971,-0.6287,-0.6953,-0.8096,-0.9609,-1.0971,-1.1582,-1.1427,-1.0952,-1.0502,-1.0192,-1.0017,-0.9939,-0.9925,-0.9949,-0.9993,-1.0046,-1.0101,-1.0153,-1.0201,-0.1893,-0.1991,-0.2372,-0.3139,-0.4333,-0.5887,-0.7567,-0.8915,-0.9402,-0.8924,-0.796,-0.7029,-0.6348,-0.5916,-0.5662,-0.5522,-0.548,-0.5634,-0.6301,-0.7969,-1.074,-1.3403,-1.4093,-1.3093,-1.1861,-1.0995,-1.0496,-1.0245,-1.0142,-1.0123,-1.0147,-1.0193,-1.0247,-1.0301,-1.035,-1.0394,-0.0953,-0.085,-0.1125,-0.2013,-0.367,-0.6095,-0.9056,-1.1745,-1.2625,-1.1223,-0.9067,-0.7381,-0.634,-0.5747,-0.5396,-0.5124,-0.4816,-0.449,-0.4678,-0.6796,-1.1964,-1.7731,-1.8028,-1.4952,-1.2588,-1.1313,-1.0696,-1.0425,-1.0331,-1.0325,-1.036,-1.0412,-1.0468,-1.052,-1.0567,-1.0606,0.0217,0.0746,0.0847,-0.0003,-0.2206,-0.5831,-1.0901,-1.6633,-1.867,-1.4737,-1.0221,-0.7538,-0.6182,-0.5511,-0.5129,-0.4764,-0.4131,-0.2876,-0.1334,-0.3033,-1.0879,-2.0454,-2.0098,-1.5329,-1.2547,-1.1282,-1.0749,-1.0555,-1.0516,-1.0544,-1.0598,-1.0658,-1.0715,-1.0765,-1.0806,-1.0837,0.1529,0.2844,0.3923,0.3556,0.0696,-0.4274,-1.1365,-2.113,-2.5386,-1.7233,-1.0328,-0.7145,-0.5787,-0.5212,-0.4921,-0.4582,-0.3813,-0.1841,0.1998,0.1255,-0.6606,-1.3399,-1.4858,-1.2984,-1.1575,-1.0929,-1.0708,-1.0681,-1.0732,-1.0805,-1.0877,-1.0942,-1.0996,-1.1038,-1.107,-1.109,0.2671,0.5102,0.8268,0.9533,0.5304,-0.1221,-0.8062,-1.5947,-1.9189,-1.3348,-0.8373,-0.6091,-0.5186,-0.4913,-0.4862,-0.4689,-0.4095,-0.2739,-0.0703,-0.1584,-0.4926,-0.7242,-0.9389,-1.023,-1.0433,-1.0567,-1.0731,-1.0894,-1.1032,-1.1138,-1.1216,-1.1274,-1.1316,-1.1344,-1.1361,-1.1367,0.3075,0.6182,1.178,1.64,0.9017,0.1274,-0.3534,-0.7077,-0.8379,-0.7192,-0.5695,-0.4812,-0.4544,-0.4723,-0.5153,-0.5247,-0.4658,-0.3946,-0.3555,-0.4054,-0.4251,-0.4826,-0.7136,-0.885,-0.9884,-1.0558,-1.1013,-1.1305,-1.1478,-1.1575,-1.163,-1.1662,-1.1679,-1.1686,-1.1682,-1.1669,0.2393,0.4533,0.7935,1.004,0.4522,0.118,-0.0603,-0.2204,-0.3796,-0.4421,-0.4002,-0.3765,-0.399,-0.4644,-0.6096,-0.6861,-0.5128,-0.4262,-0.4242,-0.4621,-0.468,-0.5257,-0.7069,-0.8826,-1.0187,-1.1146,-1.1729,-1.2014,-1.2118,-1.2137,-1.2126,-1.2106,-1.2085,-1.2061,-1.2032,-1.1996,0.1125,0.1606,0.0554,-0.4269,-0.3761,0.0283,0.2003,0.1382,-0.3514,-0.5905,-0.3268,-0.2923,-0.3575,-0.4517,-0.5809,-0.6766,-0.4504,-0.3629,-0.386,-0.4689,-0.5559,-0.6565,-0.807,-0.9808,-1.1409,-1.254,-1.3046,-1.31,-1.297,-1.2815,-1.269,-1.2598,-1.2528,-1.2469,-1.241,-1.2347,0.0064,-0.0117,-0.1623,-0.4653,-0.3716,0.1519,0.6235,0.8728,0.2587,-0.253,-0.1711,-0.1862,-0.3285,-0.5829,-0.4977,-0.3425,-0.2448,-0.1949,-0.2455,-0.4249,-0.6064,-0.7694,-0.9459,-1.1542,-1.3706,-1.5074,-1.5146,-1.4566,-1.3978,-1.3559,-1.329,-1.3117,-1.2998,-1.2903,-1.2813,-1.2721,-0.0561,-0.0629,-0.1103,-0.1499,-0.0101,0.3815,0.9635,1.5627,1.1044,0.2844,-0.0019,0.0123,-0.0891,-0.6347,-0.4615,-0.0223,0.0126,0.0207,-0.0255,-0.395,-0.6816,-0.8983,-1.105,-1.3739,-1.7194,-1.9127,-1.7981,-1.6179,-1.4965,-1.427,-1.3875,-1.3641,-1.3485,-1.336,-1.3242,-1.3118,-0.0938,-0.0775,-0.0608,-0.0096,0.1349,0.4146,0.8245,1.221,0.9574,0.2655,-0.009,0.2101,0.362,0.8063,0.1826,0.704,0.3789,-0.0143,-0.18,-0.5433,-0.8741,-1.094,-1.2712,-1.549,-2.0218,-2.2914,-2.014,-1.7243,-1.5655,-1.484,-1.4404,-1.4153,-1.3985,-1.3842,-1.3696,-1.3538,-0.1261,-0.0979,-0.06,0.0041,0.1145,0.2785,0.4653,0.5515,0.3388,-0.0448,-0.263,-0.2233,-0.0888,-0.3356,0.2321,0.8328,0.0263,-0.149,-0.4908,-0.8978,-1.2878,-1.4254,-1.4461,-1.5919,-1.914,-2.1132,-1.9329,-1.7177,-1.5917,-1.5242,-1.4874,-1.466,-1.4505,-1.4355,-1.418,-1.398,-0.1617,-0.1321,-0.0948,-0.0439,0.0238,0.0997,0.1509,0.1139,-0.065,-0.3551,-0.6723,-0.7177,-0.5433,-0.3285,-0.1318,-0.0018,-0.1599,-0.4476,-0.8739,-1.3696,-1.9983,-1.9097,-1.6267,-1.5936,-1.698,-1.7782,-1.7416,-1.6619,-1.5982,-1.5569,-1.5325,-1.5182,-1.5063,-1.4909,-1.4697,-1.4441,-0.2018,-0.1767,-0.1481,-0.1155,-0.0819,-0.0578,-0.0646,-0.1293,-0.2673,-0.4683,-0.6738,-0.6827,-0.8259,-0.8914,-0.5566,-0.4925,-0.6318,-1.0459,-1.4669,-1.679,-2.1337,-2.0129,-1.7053,-1.6148,-1.6317,-1.6631,-1.6661,-1.6447,-1.6166,-1.5936,-1.5799,-1.5738,-1.5671,-1.5507,-1.5236,-1.4906,-0.245,-0.2265,-0.208,-0.191,-0.1796,-0.1817,-0.2084,-0.2698,-0.3669,-0.4848,-0.5904,-0.6877,-0.9165,-0.9951,-0.9398,-1.0256,-1.1553,-1.8,-2.4243,-1.9613,-1.8542,-1.8004,-1.6959,-1.6466,-1.6556,-1.6864,-1.6969,-1.6784,-1.6551,-1.6377,-1.6291,-1.63,-1.6295,-1.611,-1.5757,-1.5339,-0.2891,-0.2773,-0.2676,-0.2619,-0.2638,-0.2779,-0.3097,-0.3625,-0.4342,-0.5168,-0.6029,-0.7024,-0.8326,-1.0021,-1.4511,-1.6576,-1.4517,-1.8978,-2.3059,-2.1831,-1.9517,-1.8035,-1.7303,-1.6995,-1.7101,-1.7583,-1.7709,-1.7285,-1.7029,-1.688,-1.6752,-1.6732,-1.6769,-1.6579,-1.6167,-1.5686,-0.3325,-0.3264,-0.3236,-0.3257,-0.3351,-0.3548,-0.3871,-0.4333,-0.492,-0.5605,-0.6385,-0.7326,-0.8593,-1.0678,-1.4316,-1.5747,-1.5115,-1.8165,-2.3843,-2.6011,-2.1148,-1.9038,-1.8328,-1.7839,-1.7566,-1.7773,-1.7855,-1.75,-1.7548,-1.7537,-1.7236,-1.6924,-1.688,-1.6754,-1.6382,-1.5906,-0.3742,-0.3728,-0.3751,-0.3823,-0.3962,-0.4184,-0.4503,-0.4924,-0.5445,-0.6061,-0.6789,-0.7681,-0.8845,-1.0428,-1.2271,-1.3538,-1.4741,-1.7394,-2.1235,-2.2611,-2.0962,-2.0653,-2.0552,-1.9376,-1.8147,-1.7458,-1.6908,-1.735,-1.8406,-1.8738,-1.8136,-1.7339,-1.6976,-1.6793,-1.6464,-1.6021,-0.4135,-0.4158,-0.4219,-0.4326,-0.4492,-0.4727,-0.504,-0.5437,-0.5919,-0.6491,-0.7171,-0.799,-0.8991,-1.0186,-1.1476,-1.2741,-1.4207,-1.619,-1.8344,-1.9815,-2.1346,-2.4498,-2.5455,-2.2066,-1.9116,-1.752,-1.6318,-1.767,-2.0842,-2.1327,-1.986,-1.8361,-1.7474,-1.6979,-1.6546,-1.6087,-0.4503,-0.4555,-0.4643,-0.4774,-0.4957,-0.52,-0.5508,-0.5887,-0.6342,-0.6879,-0.7511,-0.8253,-0.9122,-1.0112,-1.1199,-1.238,-1.3735,-1.5322,-1.7058,-1.9035,-2.2291,-2.779,-2.9381,-2.4102,-2.0093,-1.8475,-1.8391,-2.1357,-2.637,-2.5198,-2.1878,-1.9497,-1.8093,-1.7254,-1.665,-1.613,-0.4845,-0.492,-0.5028,-0.5176,-0.537,-0.5616,-0.5919,-0.6284,-0.6717,-0.7222,-0.7808,-0.8484,-0.9257,-1.0127,-1.1093,-1.2165,-1.3376,-1.4757,-1.6353,-1.838,-2.1329,-2.4923,-2.5808,-2.2912,-2.0234,-1.9263,-2.0033,-2.3262,-2.7123,-2.5846,-2.2506,-2.001,-1.8434,-1.7422,-1.6704,-1.613]}]