docs/data/wind_grid.json
[{"header":{"la1":42.85,"la2":41.18,"lo1":11.55,"lo2":14.05,"nx":36,"ny":24,"dx":0.07143,"dy":0.07261,"parameterCategory":2,"parameterNumber":2,"parameterNumberName":"eastward_wind","parameterUnit":"m.s-1"},"data":[-0.1417,-0.1123,-0.0796,-0.0444,-0.0079,0.0276,0.0591,0.084,0.1012,0.1125,0.1227,0.1375,0.1613,0.194,0.2289,0.2533,0.2547,0.2295,0.1848,0.1317,0.0784,0.0293,-0.0142,-0.0523,-0.0856,-0.1147,-0.1403,-0.1629,-0.1828,-0.2005,-0.2162,-0.2302,-0.2428,-0.2541,-0.2642,-0.2734,-0.1407,-0.1069,-0.0682,-0.0247,0.0221,0.0692,0.1114,0.1427,0.1597,0.1649,0.1672,0.1782,0.2076,0.258,0.3201,0.3686,0.3749,0.3325,0.2607,0.1827,0.1112,0.0499,-0.0015,-0.0448,-0.0816,-0.1131,-0.1404,-0.1641,-0.1849,-0.2031,-0.2192,-0.2335,-0.2461,-0.2574,-0.2675,-0.2766,-0.1431,-0.105,-0.0593,-0.0054,0.0562,0.1218,0.1831,0.2273,0.244,0.2355,0.219,0.2175,0.2494,0.3245,0.4335,0.5294,0.5435,0.4641,0.3448,0.2314,0.1384,0.0649,0.0064,-0.0411,-0.0806,-0.114,-0.1426,-0.1672,-0.1885,-0.2071,-0.2234,-0.2377,-0.2503,-0.2614,-0.2714,-0.2803,-0.1506,-0.1086,-0.0559,0.0102,0.0915,0.1864,0.2836,0.3571,0.3762,0.3387,0.2819,0.2511,0.2761,0.3753,0.5498,0.7271,0.7509,0.6025,0.4157,0.264,0.1528,0.0707,0.0079,-0.0421,-0.0833,-0.1177,-0.1471,-0.1722,-0.1938,-0.2125,-0.2287,-0.2428,-0.2552,-0.2661,-0.2758,-0.2844,-0.1647,-0.1205,-0.0625,0.0153,0.1198,0.2569,0.4196,0.562,0.5964,0.4964,0.3579,0.2733,0.2749,0.377,0.5921,0.8412,0.8726,0.6612,0.4304,0.2629,0.1478,0.0652,0.0023,-0.0479,-0.0894,-0.1243,-0.1539,-0.1791,-0.2006,-0.2191,-0.235,-0.2488,-0.2607,-0.2712,-0.2805,-0.2888,-0.1867,-0.1434,-0.084,0.0003,0.1237,0.3072,0.5687,0.8587,0.9491,0.7138,0.4293,0.2728,0.2406,0.3123,0.4823,0.683,0.7142,0.5494,0.3632,0.224,0.1246,0.0501,-0.009,-0.0577,-0.0987,-0.1334,-0.1629,-0.1878,-0.209,-0.227,-0.2423,-0.2555,-0.2668,-0.2767,-0.2855,-0.2933,-0.2171,-0.1786,-0.1244,-0.0442,0.0804,0.2836,0.6201,1.0895,1.2825,0.8519,0.4253,0.2299,0.1806,0.2155,0.3047,0.4018,0.4248,0.3558,0.2574,0.1684,0.0941,0.0312,-0.023,-0.0699,-0.1103,-0.1447,-0.1739,-0.1983,-0.2188,-0.236,-0.2504,-0.2627,-0.2732,-0.2824,-0.2905,-0.2978,-0.2551,-0.2257,-0.1837,-0.1209,-0.0215,0.1434,0.4201,0.8086,0.9583,0.5975,0.2732,0.139,0.1123,0.1359,0.1804,0.2231,0.2397,0.2214,0.1798,0.1276,0.0717,0.0161,-0.0361,-0.0829,-0.1236,-0.158,-0.1867,-0.2103,-0.2298,-0.2458,-0.259,-0.2702,-0.2797,-0.2879,-0.2953,-0.302,-0.2985,-0.281,-0.2568,-0.2212,-0.1659,-0.0778,0.0543,0.1992,0.2342,0.1358,0.0541,0.0365,0.0617,0.1004,0.1343,0.1594,0.1755,0.1782,0.1611,0.1227,0.0692,0.0104,-0.046,-0.096,-0.1383,-0.1731,-0.2012,-0.2236,-0.2416,-0.256,-0.2677,-0.2774,-0.2857,-0.293,-0.2995,-0.3057,-0.344,-0.3395,-0.3348,-0.3294,-0.3216,-0.3069,-0.2763,-0.2253,-0.1779,-0.1502,-0.1053,-0.0312,0.0564,0.1268,0.159,0.1715,0.1926,0.2173,0.2138,0.1666,0.0928,0.0154,-0.0534,-0.1101,-0.1552,-0.1903,-0.2174,-0.238,-0.2539,-0.2661,-0.2759,-0.2839,-0.2908,-0.297,-0.3027,-0.3083,-0.3879,-0.3954,-0.4084,-0.4302,-0.4646,-0.5131,-0.556,-0.509,-0.2879,-0.1988,-0.1835,-0.0505,0.1169,0.2456,0.2543,0.2268,0.2666,0.3562,0.3723,0.2744,0.141,0.0253,-0.063,-0.1281,-0.1757,-0.2102,-0.2351,-0.2529,-0.2658,-0.2753,-0.2828,-0.2888,-0.2942,-0.2993,-0.3043,-0.3095,-0.4273,-0.4439,-0.47,-0.5111,-0.577,-0.6827,-0.842,-0.9488,-0.5824,-0.3158,-0.2341,-0.0457,0.2216,0.5327,0.405,0.2775,0.382,0.6931,0.7349,0.4504,0.192,0.0238,-0.0832,-0.1538,-0.2012,-0.2329,-0.2536,-0.2671,-0.2761,-0.2823,-0.2871,-0.2911,-0.2949,-0.2991,-0.3036,-0.3088,-0.4603,-0.4823,-0.5149,-0.5643,-0.6415,-0.7668,-0.9822,-1.4481,-0.871,-0.531,-0.2867,-0.0572,0.1635,0.5619,0.3875,0.2437,0.4534,1.2407,1.2458,0.5694,0.1824,-0.0126,-0.1216,-0.1892,-0.2318,-0.2572,-0.2712,-0.2786,-0.2827,-0.2853,-0.2873,-0.2893,-0.2919,-0.2953,-0.2998,-0.3054,-0.4864,-0.5102,-0.5433,-0.5902,-0.6571,-0.7508,-0.8587,-0.8482,-0.7692,-0.582,-0.3697,-0.064,0.0506,0.1629,0.0997,0.1092,0.2788,0.7735,0.834,0.3561,0.0584,-0.0867,-0.1736,-0.2315,-0.2652,-0.2802,-0.2841,-0.2837,-0.2826,-0.2819,-0.2816,-0.282,-0.2835,-0.2867,-0.2919,-0.2987,-0.5065,-0.5295,-0.5593,-0.5979,-0.6464,-0.7019,-0.7485,-0.7533,-0.7082,-0.6575,-0.6186,-0.4771,-0.3039,-0.3887,-0.1601,0.037,0.2355,0.1571,0.1247,-0.0062,-0.0826,-0.1376,-0.2162,-0.2744,-0.2976,-0.2962,-0.2856,-0.2763,-0.2714,-0.2694,-0.2682,-0.2674,-0.2682,-0.2718,-0.2788,-0.2882,-0.5219,-0.5429,-0.5684,-0.5985,-0.6323,-0.6658,-0.6913,-0.7032,-0.7193,-0.8084,-1.044,-0.936,-0.7498,-0.5229,-0.4069,-0.1607,0.053,-0.168,-0.2947,-0.2336,-0.016,-0.0674,-0.241,-0.3205,-0.3242,-0.2934,-0.2623,-0.2467,-0.244,-0.2458,-0.246,-0.2443,-0.2441,-0.249,-0.2595,-0.2735,-0.5343,-0.5531,-0.5748,-0.599,-0.6245,-0.6495,-0.6725,-0.6977,-0.7445,-0.8543,-1.0293,-0.9549,-1.0352,-1.0984,-0.7892,-0.6389,-0.5583,-0.668,-0.753,-0.5083,-0.0335,-0.1076,-0.3309,-0.3875,-0.3344,-0.2466,-0.1899,-0.1813,-0.1964,-0.2115,-0.2162,-0.2121,-0.2096,-0.217,-0.234,-0.2554,-0.5447,-0.5618,-0.5809,-0.6017,-0.6236,-0.6463,-0.6708,-0.7018,-0.7482,-0.8163,-0.884,-0.9379,-1.1259,-1.2054,-1.2336,-1.2871,-1.0815,-1.1055,-1.2304,-1.0046,-0.663,-0.5377,-0.5474,-0.4791,-0.3046,-0.111,-0.0334,-0.0708,-0.1307,-0.1716,-0.1835,-0.173,-0.165,-0.1773,-0.205,-0.2366,-0.554,-0.57,-0.5875,-0.6065,-0.627,-0.6494,-0.6749,-0.7064,-0.7472,-0.7978,-0.8558,-0.9338,-1.0618,-1.2911,-1.9858,-2.2683,-1.5024,-1.2958,-1.368,-1.5139,-1.2373,-0.9783,-0.8146,-0.5929,-0.2438,0.1159,0.1926,0.0551,-0.0626,-0.135,-0.1568,-0.1365,-0.1205,-0.1403,-0.1808,-0.2229,-0.5626,-0.5778,-0.5945,-0.6127,-0.6327,-0.6551,-0.6809,-0.7119,-0.7499,-0.7967,-0.8562,-0.941,-1.0815,-1.3651,-1.9128,-2.0778,-1.5929,-1.4962,-1.9589,-2.1955,-1.6372,-1.3456,-1.1425,-0.7977,-0.2924,0.1625,0.2448,0.1182,-0.0079,-0.1073,-0.1453,-0.124,-0.1048,-0.1283,-0.1747,-0.2212,-0.5706,-0.5854,-0.6016,-0.6195,-0.6393,-0.6616,-0.6874,-0.718,-0.755,-0.8009,-0.8604,-0.9435,-1.0688,-1.2607,-1.4858,-1.5576,-1.4717,-1.5196,-1.7885,-1.903,-1.7702,-1.8044,-1.7234,-1.2276,-0.5287,0.0207,0.2971,0.2346,0.0473,-0.0913,-0.1511,-0.147,-0.1352,-0.1541,-0.1935,-0.2353,-0.578,-0.5925,-0.6084,-0.6261,-0.6458,-0.668,-0.6937,-0.7238,-0.7598,-0.8041,-0.8602,-0.9337,-1.0306,-1.1496,-1.2636,-1.3289,-1.363,-1.4452,-1.593,-1.752,-2.0583,-2.685,-2.8318,-1.9532,-0.8711,-0.0233,0.4515,0.316,0.0544,-0.1051,-0.1758,-0.1902,-0.1899,-0.2033,-0.2307,-0.2622,-0.5847,-0.599,-0.6148,-0.6322,-0.6517,-0.6737,-0.699,-0.7283,-0.7629,-0.8045,-0.8552,-0.9173,-0.9916,-1.0739,-1.1528,-1.2196,-1.2864,-1.3822,-1.5318,-1.7911,-2.3541,-3.327,-3.5943,-2.4815,-1.2375,-0.3653,0.0663,0.0763,-0.0612,-0.1693,-0.2243,-0.2427,-0.2482,-0.2577,-0.2749,-0.2962,-0.5908,-0.6049,-0.6205,-0.6377,-0.6568,-0.6784,-0.7029,-0.7311,-0.7638,-0.8022,-0.8473,-0.8998,-0.9594,-1.0236,-1.0888,-1.1549,-1.2304,-1.333,-1.4904,-1.7597,-2.2339,-2.8401,-2.9558,-2.2691,-1.3905,-0.7244,-0.3524,-0.2306,-0.2365,-0.2698,-0.2928,-0.302,-0.3052,-0.3102,-0.3196,-0.3324]},{"header":{"la1":42.85,"la2":41.18,"lo1":11.55,"lo2":14.05,"nx":36,"ny":24,"dx":0.07143,"dy":0.07261,"parameterCategory":2,"parameterNumber":3,"parameterNumberName":"northward_wind","parameterUnit":"m.s-1"},"data":[2.394,2.378,2.3589,2.3362,2.3094,2.2779,2.2406,2.1957,2.1402,2.0695,1.9785,1.8629,1.7222,1.5649,1.413,1.3013,1.2604,1.2945,1.3803,1.486,1.5893,1.6794,1.7537,1.8135,1.8609,1.8986,1.9286,1.9526,1.972,1.9878,2.0009,2.0118,2.0211,2.0292,2.0364,2.0429,2.4121,2.3966,2.3776,2.3545,2.3271,2.2948,2.257,2.212,2.1556,2.0808,1.978,1.8367,1.6496,1.4206,1.1811,0.9997,0.9477,1.0323,1.1931,1.3653,1.5152,1.6347,1.7265,1.7962,1.8494,1.8902,1.9218,1.9466,1.9662,1.982,1.9949,2.0056,2.0146,2.0225,2.0296,2.036,2.4323,2.4174,2.3986,2.3751,2.3466,2.3129,2.2744,2.2305,2.1771,2.1039,1.9948,1.8304,1.5902,1.2614,0.8742,0.5586,0.4928,0.6874,0.9817,1.2497,1.4552,1.6039,1.7105,1.7875,1.844,1.8861,1.918,1.9425,1.9617,1.9769,1.9892,1.9994,2.008,2.0156,2.0223,2.0286,2.4548,2.4409,2.4225,2.3983,2.3677,2.3304,2.2884,2.2449,2.1991,2.137,2.0331,1.8575,1.5745,1.1393,0.5462,-0.001,-0.0811,0.3176,0.8035,1.1764,1.4289,1.5968,1.7103,1.7891,1.8453,1.8864,1.917,1.9402,1.9581,1.9723,1.9836,1.993,2.001,2.008,2.0145,2.0205,2.4797,2.4675,2.45,2.4254,2.3914,2.3466,2.2932,2.2422,2.2065,2.1707,2.09,1.9251,1.6366,1.1584,0.43,-0.3295,-0.4233,0.1633,0.7766,1.1938,1.4546,1.6195,1.7276,1.8013,1.8531,1.8905,1.9182,1.9391,1.9551,1.9676,1.9777,1.986,1.9932,1.9996,2.0056,2.0115,2.5072,2.4976,2.4823,2.4586,2.4219,2.3664,2.2884,2.2049,2.1713,2.1877,2.1552,2.024,1.7776,1.3749,0.7714,0.1393,0.0342,0.4873,0.9786,1.3181,1.5323,1.669,1.7594,1.8213,1.8652,1.897,1.9205,1.9382,1.9517,1.9623,1.9708,1.9779,1.9841,1.9899,1.9955,2.0012,2.5371,2.5313,2.5204,2.5008,2.4664,2.4062,2.3031,2.1606,2.104,2.1991,2.2287,2.1359,1.9493,1.6759,1.3216,0.9868,0.8904,1.0615,1.3035,1.4997,1.6374,1.7319,1.7976,1.8445,1.8785,1.9036,1.9223,1.9364,1.9471,1.9555,1.9622,1.968,1.9733,1.9784,1.9837,1.9892,2.5688,2.5683,2.5639,2.5529,2.5299,2.4847,2.3994,2.2697,2.2156,2.3137,2.34,2.2501,2.0962,1.9122,1.7189,1.5549,1.4786,1.5036,1.5811,1.6643,1.7348,1.7902,1.8326,1.8649,1.8893,1.9078,1.9217,1.9322,1.9401,1.9463,1.9513,1.9557,1.96,1.9645,1.9696,1.9752,2.6012,2.6068,2.6107,2.6115,2.6071,2.594,2.5696,2.5438,2.5535,2.5738,2.5048,2.3563,2.1851,2.0284,1.9024,1.8104,1.7543,1.7346,1.7434,1.7685,1.7996,1.8297,1.8558,1.8772,1.8941,1.9072,1.917,1.9243,1.9296,1.9336,1.9369,1.9401,1.9435,1.9476,1.9526,1.9586,2.633,2.6447,2.657,2.6699,2.6836,2.7001,2.7276,2.7904,2.907,2.9214,2.7019,2.4319,2.1934,2.0144,1.9154,1.8718,1.8404,1.8099,1.7949,1.8023,1.8221,1.8435,1.8621,1.8776,1.89,1.8995,1.9064,1.9111,1.9142,1.9164,1.9182,1.9203,1.923,1.9268,1.9321,1.9387,2.6627,2.6798,2.6993,2.7216,2.7472,2.7767,2.8158,2.908,3.1879,3.3214,2.8578,2.4497,2.1054,1.8436,1.7716,1.8178,1.8231,1.769,1.7401,1.7656,1.8031,1.8304,1.849,1.8632,1.8746,1.883,1.8884,1.8914,1.8929,1.8935,1.894,1.8951,1.8973,1.9012,1.9071,1.915,2.6891,2.7106,2.7354,2.7639,2.7954,2.8232,2.8235,2.811,3.0412,3.1434,2.8151,2.4434,1.9815,1.5024,1.4402,1.724,1.7629,1.5845,1.5409,1.6658,1.7539,1.7925,1.8135,1.8311,1.8459,1.856,1.8615,1.8637,1.8639,1.8635,1.863,1.8633,1.8652,1.8695,1.8765,1.8864,2.7115,2.7361,2.7645,2.7971,2.8329,2.865,2.8537,2.4712,3.0668,2.9647,2.7853,2.5765,2.1903,1.2348,1.1649,1.7702,1.7492,1.2579,1.2441,1.5774,1.6951,1.7223,1.7456,1.7759,1.8019,1.8175,1.8242,1.8259,1.8257,1.8248,1.8237,1.8234,1.825,1.83,1.8391,1.8521,2.7297,2.7562,2.7867,2.8217,2.8618,2.9085,2.9794,3.199,3.172,3.009,2.9033,2.7807,2.695,2.2995,2.0811,2.04,1.9015,1.5555,1.4734,1.6194,1.5954,1.5677,1.6184,1.6917,1.7428,1.7665,1.7737,1.7751,1.7757,1.7758,1.7747,1.7734,1.7745,1.7806,1.7929,1.8108,2.7437,2.7712,2.8026,2.8385,2.8799,2.9294,2.9928,3.0646,3.0981,3.1461,3.2119,3.1488,2.9982,3.3215,2.6038,2.155,1.8728,1.95,1.8489,1.6099,1.2395,1.1851,1.4014,1.586,1.6755,1.7019,1.704,1.7053,1.7105,1.7151,1.7149,1.7114,1.7105,1.718,1.7357,1.7615,2.7538,2.7815,2.8129,2.8486,2.8893,2.9364,2.9914,3.057,3.1556,3.3649,3.7291,3.7859,3.5098,3.1691,2.8379,2.3608,2.0544,2.2048,2.1049,1.435,0.315,0.4936,1.1693,1.5086,1.6127,1.6136,1.5983,1.6046,1.6264,1.6435,1.6446,1.6345,1.6281,1.6379,1.6652,1.7038,2.7602,2.7877,2.8186,2.8535,2.8934,2.9397,2.9962,3.0725,3.1946,3.4102,3.6938,3.6638,3.7556,3.7854,3.1582,2.7891,2.6263,2.716,2.6868,1.7881,0.233,0.4719,1.2289,1.5311,1.5501,1.4636,1.416,1.4536,1.5228,1.5669,1.567,1.5394,1.5205,1.5356,1.5808,1.6398,2.7634,2.7902,2.8202,2.854,2.8926,2.938,2.994,3.0678,3.1706,3.3054,3.4296,3.5109,3.7713,3.8058,3.3392,3.146,3.0292,3.321,3.7421,2.8082,1.7884,1.4946,1.619,1.6329,1.443,1.1683,1.0834,1.2378,1.4146,1.5018,1.4908,1.4244,1.3837,1.4133,1.4896,1.5771,2.7637,2.7894,2.818,2.8502,2.8867,2.9293,2.9803,3.0431,3.1196,3.2046,3.2836,3.3566,3.4354,3.4255,3.4573,3.507,3.2289,3.358,3.569,3.1902,2.6473,2.2118,1.9836,1.7405,1.3013,0.7034,0.5795,1.0279,1.3577,1.4759,1.4344,1.3086,1.2435,1.3003,1.4152,1.5311,2.7613,2.7856,2.8125,2.8424,2.8759,2.9141,2.9581,3.0085,3.0647,3.1225,3.176,3.2221,3.2575,3.2902,3.3998,3.4291,3.2284,3.2171,3.3889,3.4653,2.9702,2.5352,2.2333,1.8936,1.3726,0.6632,0.5198,1.1526,1.4457,1.5151,1.4328,1.2685,1.1922,1.2635,1.3943,1.5202,2.7565,2.7792,2.804,2.8312,2.8612,2.8944,2.931,2.9708,3.0125,3.0533,3.0901,3.1206,3.1455,3.1734,3.209,3.1966,3.1266,3.1212,3.2211,3.2204,2.9346,2.6708,2.4645,2.1494,1.739,1.5011,1.7372,1.7386,1.662,1.613,1.5081,1.3637,1.2927,1.3396,1.4438,1.5519,2.7498,2.7706,2.7931,2.8174,2.8436,2.8718,2.9018,2.933,2.9642,2.9936,3.0192,3.0397,3.0555,3.0678,3.0719,3.0546,3.0219,3.0061,3.007,2.9564,2.8434,2.8132,2.7751,2.4606,2.0682,1.931,2.0879,1.9885,1.8214,1.721,1.6226,1.52,1.4628,1.4774,1.5391,1.6152,2.7414,2.7603,2.7804,2.8018,2.8244,2.848,2.8723,2.8967,2.92,2.9411,2.9587,2.9718,2.9798,2.9818,2.9753,2.9574,2.9317,2.9058,2.8769,2.8349,2.8177,2.922,2.9661,2.6522,2.264,2.0507,2.01,1.9654,1.8835,1.8055,1.73,1.6603,1.6171,1.6142,1.6444,1.6914,2.7317,2.7487,2.7665,2.7851,2.8042,2.8238,2.8433,2.8622,2.8796,2.8946,2.9062,2.9135,2.9158,2.9122,2.9014,2.8828,2.8579,2.829,2.7971,2.7683,2.7706,2.8269,2.8199,2.6167,2.3446,2.1467,2.0447,1.9856,1.9305,1.8743,1.8189,1.7699,1.7372,1.7277,1.7399,1.7667]}]