docs/data/wind_grid.json
[{"header":{"la1":42.85,"la2":41.18,"lo1":11.55,"lo2":14.05,"nx":36,"ny":24,"dx":0.07143,"dy":0.07261,"parameterCategory":2,"parameterNumber":2,"parameterNumberName":"eastward_wind","parameterUnit":"m.s-1"},"data":[1.4106,1.4079,1.4031,1.3962,1.3874,1.3769,1.3651,1.3522,1.3383,1.3235,1.3081,1.2924,1.2769,1.2615,1.2456,1.2281,1.2073,1.1813,1.1485,1.1097,1.0694,1.0352,1.0144,1.0091,1.0159,1.0289,1.0435,1.0571,1.0687,1.0784,1.0863,1.0929,1.0985,1.1034,1.1078,1.1119,1.4274,1.4256,1.4209,1.4134,1.4034,1.3915,1.3783,1.3641,1.3485,1.3317,1.314,1.2964,1.2795,1.2636,1.2481,1.2312,1.2104,1.1814,1.14,1.0846,1.0218,0.9683,0.9411,0.9433,0.9643,0.9912,1.0163,1.0369,1.0529,1.0653,1.0749,1.0827,1.0892,1.0948,1.0998,1.1043,1.4475,1.4471,1.4429,1.4347,1.4228,1.4089,1.394,1.3785,1.3614,1.3419,1.3208,1.3002,1.2815,1.2655,1.2514,1.2375,1.2198,1.1913,1.141,1.0592,0.9523,0.8578,0.8217,0.8467,0.8985,0.949,0.9887,1.0175,1.0379,1.0527,1.0638,1.0725,1.0796,1.0858,1.0914,1.0965,1.4718,1.4742,1.4712,1.4618,1.4469,1.4294,1.4125,1.3969,1.3789,1.3555,1.3287,1.3031,1.2818,1.2658,1.2547,1.2469,1.2386,1.22,1.1684,1.0498,0.8523,0.6603,0.618,0.7101,0.8234,0.9089,0.9652,1.0013,1.0248,1.041,1.0528,1.0621,1.0698,1.0765,1.0826,1.0882,1.5013,1.5089,1.5089,1.4984,1.4777,1.4533,1.4335,1.4212,1.4057,1.3755,1.3375,1.3037,1.2786,1.2627,1.2557,1.2575,1.2675,1.2791,1.2571,1.11,0.746,0.3202,0.3045,0.5599,0.765,0.8848,0.9518,0.9904,1.0141,1.03,1.0417,1.0512,1.0593,1.0666,1.0732,1.0794,1.5365,1.5539,1.562,1.5516,1.5204,1.4811,1.4544,1.453,1.4501,1.4041,1.3442,1.2986,1.2692,1.2535,1.2509,1.2634,1.2981,1.3678,1.4493,1.3389,0.8147,0.1092,0.1408,0.532,0.772,0.8916,0.9521,0.985,1.0049,1.0187,1.0297,1.0393,1.0479,1.0558,1.0632,1.0701,1.5757,1.6107,1.6385,1.6351,1.5851,1.5151,1.4686,1.4781,1.4982,1.4223,1.3369,1.2826,1.2507,1.2353,1.2357,1.2558,1.308,1.4262,1.637,1.5963,1.1376,0.6679,0.5673,0.7306,0.859,0.9272,0.9617,0.9809,0.994,1.0051,1.0155,1.0254,1.0349,1.0438,1.0522,1.0599,1.6127,1.672,1.7401,1.7655,1.6815,1.5578,1.4729,1.451,1.4485,1.3761,1.3009,1.2522,1.2215,1.2059,1.207,1.2291,1.2817,1.3788,1.5039,1.4804,1.359,1.2166,1.0377,0.971,0.9632,0.9647,0.9661,0.9694,0.9762,0.9859,0.9972,1.0089,1.0201,1.0305,1.0401,1.049,1.6359,1.712,1.8207,1.8982,1.7673,1.5929,1.4696,1.3932,1.3367,1.2821,1.2429,1.2107,1.1818,1.1645,1.1637,1.1838,1.2381,1.3123,1.377,1.4263,1.5561,1.4962,1.2543,1.1005,1.0178,0.9705,0.9459,0.9391,0.945,0.958,0.9735,0.9889,1.0031,1.0157,1.0269,1.037,1.6384,1.7085,1.7922,1.8365,1.7534,1.6029,1.4598,1.3398,1.2176,1.1585,1.1771,1.166,1.1304,1.109,1.116,1.1266,1.2032,1.2946,1.3559,1.4058,1.4893,1.4451,1.2678,1.1113,0.9949,0.9173,0.8803,0.8771,0.8942,0.919,0.9439,0.9659,0.9843,0.9995,1.0125,1.024,1.625,1.685,1.7583,1.8468,1.8118,1.6126,1.4556,1.3249,1.0828,0.9676,1.1283,1.1291,1.0584,1.0092,1.0647,1.1139,1.2157,1.3528,1.4176,1.4052,1.3757,1.3118,1.1871,1.0307,0.8778,0.7724,0.7425,0.7704,0.8204,0.8697,0.9102,0.9411,0.9643,0.9823,0.9969,1.0097,1.6012,1.6524,1.7252,1.8207,1.7795,1.583,1.4663,1.4197,1.2459,1.1031,1.1643,1.1162,0.9706,0.7816,0.8829,1.087,1.2911,1.5825,1.6595,1.4981,1.3604,1.2423,1.0908,0.8769,0.6283,0.4718,0.494,0.6112,0.7287,0.8168,0.877,0.9171,0.9443,0.964,0.9797,0.9936,1.57,1.6048,1.6442,1.6688,1.6236,1.5269,1.4787,1.5037,1.4428,1.3115,1.2376,1.1529,0.9986,0.691,0.7957,1.0735,1.3408,2.086,2.123,1.602,1.3635,1.2022,1.0028,0.6718,0.1936,-0.0807,0.1163,0.4252,0.6434,0.7749,0.8519,0.8971,0.9248,0.944,0.9597,0.9746,1.5373,1.556,1.5698,1.567,1.537,1.495,1.4746,1.4822,1.4567,1.3913,1.3217,1.217,1.1381,0.7709,0.9815,1.0502,1.204,1.677,1.802,1.5117,1.3192,1.1698,0.9588,0.5361,-0.2215,-0.6638,-0.1897,0.3213,0.6114,0.763,0.8416,0.882,0.904,0.9195,0.9344,0.9509,1.5086,1.5176,1.5209,1.5145,1.498,1.4793,1.4689,1.4677,1.4719,1.5005,1.5198,1.406,1.1761,1.0033,1.081,1.0521,1.2546,1.3426,1.4194,1.3476,1.2372,1.1464,0.9891,0.6376,0.0307,-0.3316,0.0105,0.4242,0.6669,0.7897,0.8458,0.8672,0.8756,0.8844,0.8992,0.9197,1.4861,1.4906,1.4912,1.487,1.4795,1.473,1.4731,1.4865,1.5329,1.6728,1.989,1.7158,1.5162,1.2831,1.2496,1.2426,1.2849,1.3122,1.3175,1.2506,1.1366,1.1234,1.0545,0.854,0.573,0.4078,0.4946,0.6638,0.7841,0.8419,0.8533,0.8399,0.8256,0.8272,0.8471,0.8779,1.4693,1.4722,1.4729,1.4718,1.4703,1.4718,1.481,1.5065,1.5682,1.71,1.9447,1.7724,1.7047,1.7113,1.5026,1.4348,1.3857,1.3379,1.2905,1.2329,1.1235,1.1272,1.1071,1.0128,0.9033,0.8449,0.854,0.8878,0.908,0.8952,0.8452,0.7765,0.7293,0.731,0.7707,0.8241,1.4567,1.4594,1.4612,1.4626,1.4652,1.4715,1.4851,1.5121,1.5605,1.6334,1.6939,1.6891,1.7556,1.7951,1.8242,1.8407,1.5853,1.3383,1.2202,1.2539,1.2164,1.1856,1.1565,1.1101,1.0698,1.0569,1.0562,1.045,1.0114,0.9364,0.8059,0.6468,0.5539,0.5809,0.6709,0.7641,1.4472,1.4502,1.4529,1.4562,1.4612,1.4698,1.4842,1.5073,1.5408,1.581,1.6168,1.6499,1.7144,1.8759,2.4722,2.7356,1.8662,1.4053,1.2668,1.2867,1.2669,1.232,1.2002,1.1731,1.1528,1.1293,1.1245,1.1444,1.1011,0.9758,0.7505,0.4576,0.3104,0.4071,0.5767,0.7166,1.4396,1.4429,1.4465,1.4509,1.4571,1.4663,1.4798,1.4988,1.5236,1.5526,1.5852,1.6294,1.7129,1.9164,2.3815,2.5128,1.8928,1.4868,1.3284,1.3072,1.2892,1.2533,1.2269,1.2172,1.2146,1.1654,1.1523,1.2617,1.2051,1.0412,0.7603,0.3818,0.2025,0.3441,0.5514,0.7084,1.4333,1.4368,1.4408,1.4458,1.4524,1.4614,1.4735,1.4893,1.5092,1.5332,1.5633,1.6061,1.6771,1.7988,1.9483,1.9432,1.718,1.491,1.3606,1.3181,1.2858,1.2422,1.2227,1.2418,1.2982,1.4124,1.6275,1.5461,1.3283,1.1354,0.8907,0.5848,0.4186,0.4852,0.6279,0.751,1.4276,1.4313,1.4355,1.4406,1.447,1.4554,1.466,1.4794,1.4958,1.5158,1.5409,1.5744,1.6203,1.6765,1.7172,1.6915,1.5904,1.4708,1.38,1.3195,1.2566,1.1804,1.1598,1.225,1.341,1.5627,1.8702,1.6737,1.3532,1.2048,1.0473,0.8518,0.7181,0.7031,0.7577,0.8262,1.4223,1.426,1.4301,1.4351,1.4411,1.4486,1.4577,1.4689,1.4822,1.4981,1.5171,1.5399,1.5655,1.5885,1.5953,1.5701,1.5126,1.4408,1.3724,1.3076,1.2278,1.125,1.0982,1.1952,1.3184,1.4641,1.5643,1.4228,1.2399,1.2173,1.1414,1.0195,0.9192,0.8756,0.8795,0.9065,1.4172,1.4207,1.4247,1.4293,1.4347,1.4412,1.4489,1.4579,1.4684,1.4803,1.4935,1.5075,1.5203,1.5276,1.5231,1.5011,1.4622,1.4129,1.3598,1.3031,1.2376,1.1714,1.1568,1.2134,1.2907,1.3592,1.3765,1.2993,1.2218,1.2162,1.175,1.0998,1.0296,0.9861,0.971,0.9754]},{"header":{"la1":42.85,"la2":41.18,"lo1":11.55,"lo2":14.05,"nx":36,"ny":24,"dx":0.07143,"dy":0.07261,"parameterCategory":2,"parameterNumber":3,"parameterNumberName":"northward_wind","parameterUnit":"m.s-1"},"data":[-0.3286,-0.3307,-0.3348,-0.3411,-0.3495,-0.3598,-0.3717,-0.385,-0.3994,-0.4149,-0.4313,-0.4483,-0.4657,-0.483,-0.5001,-0.5175,-0.5358,-0.5563,-0.5799,-0.6061,-0.6318,-0.6517,-0.6609,-0.6578,-0.6444,-0.6243,-0.6009,-0.5763,-0.5517,-0.5277,-0.5045,-0.4823,-0.461,-0.4409,-0.422,-0.4042,-0.3152,-0.3162,-0.3198,-0.3263,-0.3356,-0.3474,-0.3611,-0.376,-0.3919,-0.4091,-0.4275,-0.4468,-0.4663,-0.4854,-0.5037,-0.5218,-0.5409,-0.5639,-0.5935,-0.631,-0.6717,-0.7047,-0.7185,-0.7108,-0.6877,-0.6575,-0.6254,-0.5941,-0.5642,-0.5361,-0.5095,-0.4844,-0.4607,-0.4386,-0.4178,-0.3986,-0.2992,-0.2984,-0.3009,-0.3076,-0.3185,-0.3327,-0.3489,-0.3659,-0.3834,-0.4021,-0.4226,-0.4446,-0.4667,-0.4878,-0.5068,-0.5241,-0.5416,-0.5641,-0.5995,-0.6545,-0.7244,-0.7841,-0.8045,-0.7833,-0.7407,-0.6941,-0.6503,-0.6109,-0.5754,-0.5428,-0.5128,-0.4848,-0.4586,-0.4343,-0.4118,-0.391,-0.28,-0.2759,-0.2765,-0.2835,-0.297,-0.3154,-0.3361,-0.3562,-0.3749,-0.3942,-0.4166,-0.4418,-0.4674,-0.4908,-0.5102,-0.5245,-0.5353,-0.5493,-0.5839,-0.6639,-0.7931,-0.9139,-0.9396,-0.8798,-0.7999,-0.7297,-0.6725,-0.625,-0.5839,-0.5473,-0.5138,-0.4829,-0.4542,-0.4277,-0.4033,-0.3811,-0.257,-0.2472,-0.2437,-0.2504,-0.2684,-0.2949,-0.3244,-0.3508,-0.3697,-0.3864,-0.4094,-0.4387,-0.4692,-0.496,-0.5155,-0.5248,-0.5213,-0.5083,-0.5161,-0.6186,-0.8617,-1.1218,-1.1326,-0.9825,-0.8493,-0.7557,-0.6876,-0.6341,-0.5889,-0.5488,-0.5122,-0.4784,-0.4472,-0.4184,-0.3921,-0.3683,-0.2304,-0.2101,-0.197,-0.2014,-0.2275,-0.2684,-0.3153,-0.3581,-0.3771,-0.3811,-0.401,-0.4356,-0.4731,-0.505,-0.5259,-0.53,-0.5069,-0.4385,-0.3463,-0.4349,-0.8253,-1.2464,-1.2308,-1.0148,-0.8615,-0.7627,-0.6925,-0.6372,-0.5899,-0.5472,-0.5077,-0.471,-0.437,-0.4057,-0.3775,-0.3522,-0.2026,-0.1637,-0.1277,-0.1224,-0.1644,-0.2292,-0.2988,-0.3727,-0.3997,-0.3757,-0.3897,-0.4327,-0.4805,-0.5202,-0.5449,-0.5482,-0.5144,-0.3984,-0.1553,-0.2039,-0.6799,-0.9935,-1.0395,-0.9357,-0.8313,-0.7513,-0.6887,-0.6357,-0.5879,-0.543,-0.5004,-0.4603,-0.4231,-0.3892,-0.3588,-0.3321,-0.1816,-0.116,-0.028,0.013,-0.0717,-0.1762,-0.2505,-0.3224,-0.3557,-0.3411,-0.3685,-0.4292,-0.4927,-0.5434,-0.5751,-0.5831,-0.5592,-0.4828,-0.359,-0.4624,-0.8128,-0.9296,-0.91,-0.8557,-0.7924,-0.7344,-0.6826,-0.6336,-0.5852,-0.5372,-0.4904,-0.4459,-0.4049,-0.3678,-0.3352,-0.3071,-0.1825,-0.1022,0.0537,0.1865,-0.0036,-0.1425,-0.1777,-0.202,-0.2241,-0.2544,-0.327,-0.4237,-0.5104,-0.5749,-0.6165,-0.6302,-0.6168,-0.5937,-0.6068,-0.7834,-1.1365,-1.0933,-0.9115,-0.822,-0.769,-0.7266,-0.6843,-0.6373,-0.5856,-0.5315,-0.4779,-0.4273,-0.3812,-0.3404,-0.3055,-0.2762,-0.2142,-0.1704,-0.0871,-0.0309,-0.1849,-0.17,-0.0915,-0.0558,-0.0609,-0.111,-0.2592,-0.4198,-0.5351,-0.6089,-0.6612,-0.6783,-0.6581,-0.6452,-0.6731,-0.8037,-1.023,-1.0089,-0.8708,-0.7975,-0.7653,-0.7415,-0.7067,-0.6557,-0.5933,-0.527,-0.4624,-0.4029,-0.3502,-0.3052,-0.2679,-0.2379,-0.2593,-0.2774,-0.3743,-0.6514,-0.5926,-0.2038,0.0614,0.1521,0.0873,0.0632,-0.196,-0.4356,-0.5697,-0.6352,-0.6755,-0.6891,-0.6785,-0.6496,-0.647,-0.704,-0.7872,-0.8116,-0.7881,-0.7816,-0.7986,-0.8058,-0.7725,-0.7009,-0.6122,-0.5231,-0.4413,-0.3697,-0.3092,-0.2595,-0.2203,-0.1904,-0.2885,-0.3267,-0.4401,-0.6439,-0.5547,-0.0822,0.3591,0.602,0.3164,0.0502,-0.2389,-0.4871,-0.61,-0.6388,-0.6787,-0.7282,-0.7054,-0.5886,-0.5468,-0.6103,-0.6654,-0.7001,-0.7356,-0.8074,-0.9163,-0.9788,-0.9195,-0.7842,-0.6406,-0.5146,-0.4093,-0.323,-0.2536,-0.1997,-0.1597,-0.1317,-0.2951,-0.3146,-0.3533,-0.3731,-0.2385,0.1118,0.6037,1.0776,0.7351,0.0685,-0.3441,-0.5368,-0.6301,-0.64,-0.703,-0.8531,-0.7974,-0.3826,-0.3464,-0.5471,-0.6032,-0.6383,-0.7111,-0.8833,-1.1794,-1.354,-1.1772,-0.8928,-0.6609,-0.4883,-0.357,-0.2552,-0.1775,-0.1207,-0.0823,-0.0589,-0.2922,-0.2897,-0.2792,-0.2329,-0.1044,0.1352,0.4744,0.796,0.5654,-0.0876,-0.4824,-0.5393,-0.5512,-0.8804,-0.9237,-1.1168,-1.073,-0.6895,-0.5196,-0.5609,-0.5611,-0.5803,-0.6703,-0.9272,-1.4584,-1.7894,-1.3994,-0.9396,-0.6319,-0.4242,-0.2724,-0.1575,-0.073,-0.0162,0.0166,0.0306,-0.2921,-0.2792,-0.2542,-0.204,-0.1147,0.0165,0.161,0.2141,-0.0046,-0.4083,-0.6987,-0.8115,-0.9114,-1.1643,-1.05,-1.2175,-1.7255,-1.0775,-0.7024,-0.5512,-0.499,-0.5031,-0.5772,-0.8017,-1.2421,-1.5161,-1.2102,-0.8072,-0.5168,-0.3076,-0.1459,-0.02,0.0697,0.1223,0.1425,0.1396,-0.2991,-0.2857,-0.2641,-0.2304,-0.1842,-0.135,-0.1131,-0.1757,-0.3747,-0.6741,-0.9334,-1.1145,-1.0893,-1.0839,-1.0705,-1.2395,-1.4987,-0.9789,-0.5791,-0.4344,-0.4542,-0.4466,-0.4596,-0.5764,-0.7697,-0.8765,-0.7614,-0.5448,-0.3333,-0.1437,0.026,0.1679,0.2645,0.3057,0.3008,0.2691,-0.3122,-0.3032,-0.2909,-0.276,-0.2626,-0.2615,-0.293,-0.3828,-0.5451,-0.7593,-0.9392,-1.0526,-1.374,-1.5071,-1.098,-0.9801,-0.8439,-0.4496,-0.1104,-0.1845,-0.4178,-0.3926,-0.3384,-0.3775,-0.45,-0.4843,-0.4338,-0.3078,-0.1404,0.0456,0.2405,0.419,0.5302,0.546,0.4935,0.4152,-0.3282,-0.325,-0.3221,-0.3217,-0.3285,-0.3506,-0.399,-0.4837,-0.6059,-0.7494,-0.8854,-1.0462,-1.4145,-1.4844,-1.0373,-0.8228,-0.4979,0.2008,0.7601,0.3048,-0.02,-0.1384,-0.1658,-0.2092,-0.2834,-0.366,-0.351,-0.1877,0.0214,0.2387,0.4861,0.7407,0.8815,0.8417,0.7063,0.563,-0.3444,-0.3463,-0.3505,-0.3595,-0.3767,-0.4073,-0.4566,-0.5278,-0.6189,-0.7211,-0.8259,-0.9403,-1.0549,-1.0336,-0.9308,-0.9073,-0.4214,0.3058,0.7664,0.8085,0.4445,0.1658,0.0411,-0.0487,-0.2124,-0.5456,-0.6118,-0.1654,0.1794,0.4279,0.7201,1.077,1.2576,1.1259,0.8885,0.6821,-0.3589,-0.3645,-0.3732,-0.387,-0.4083,-0.4398,-0.4839,-0.541,-0.6086,-0.6813,-0.7528,-0.8159,-0.8525,-0.8411,-0.8432,-0.8005,-0.3509,0.3186,1.2728,1.6548,0.8057,0.4067,0.2575,0.1498,-0.0396,-0.5087,-0.6176,0.1277,0.4487,0.6235,0.8591,1.2119,1.397,1.2291,0.9617,0.7389,-0.3705,-0.3783,-0.3894,-0.405,-0.4265,-0.4554,-0.4922,-0.5364,-0.5855,-0.6352,-0.6797,-0.7113,-0.7203,-0.7012,-0.656,-0.5286,-0.2157,0.2784,0.8914,1.0938,0.7553,0.5862,0.5272,0.4232,0.3564,0.491,1.0565,1.0112,0.8557,0.8534,0.9191,1.0824,1.1924,1.0982,0.909,0.7279,-0.3789,-0.3877,-0.3994,-0.4148,-0.4346,-0.4592,-0.4886,-0.5216,-0.556,-0.588,-0.6128,-0.6245,-0.6163,-0.5818,-0.5105,-0.3757,-0.1494,0.1565,0.4603,0.6188,0.6866,0.8857,0.9541,0.7285,0.6736,1.0532,1.7046,1.4368,1.2287,1.1585,1.0335,0.9843,0.9789,0.9203,0.8063,0.6783,-0.3841,-0.393,-0.4043,-0.4183,-0.4353,-0.4553,-0.4777,-0.5013,-0.524,-0.5427,-0.5535,-0.5517,-0.5321,-0.4885,-0.4127,-0.2938,-0.126,0.0775,0.282,0.4688,0.7198,1.1359,1.2574,0.9069,0.7813,0.9883,1.2675,1.3868,1.6575,1.5252,1.1954,0.9882,0.8841,0.8057,0.7176,0.6216,-0.3864,-0.3948,-0.405,-0.417,-0.4309,-0.4463,-0.4626,-0.4785,-0.4921,-0.5009,-0.5017,-0.4911,-0.4647,-0.4182,-0.3466,-0.2455,-0.1148,0.0386,0.2052,0.3917,0.6356,0.9207,1.0005,0.8355,0.7642,0.8757,1.0804,1.3767,1.7094,1.577,1.2335,0.9851,0.8368,0.737,0.652,0.5705]}]