docs/data/wind_grid.json
[{"header":{"la1":42.85,"la2":41.18,"lo1":11.55,"lo2":14.05,"nx":36,"ny":24,"dx":0.07143,"dy":0.07261,"parameterCategory":2,"parameterNumber":2,"parameterNumberName":"eastward_wind","parameterUnit":"m.s-1"},"data":[-0.2887,-0.3053,-0.3232,-0.342,-0.3607,-0.3776,-0.3907,-0.3978,-0.3977,-0.391,-0.3805,-0.3701,-0.3631,-0.362,-0.3675,-0.3788,-0.3934,-0.4077,-0.4173,-0.4191,-0.4116,-0.3962,-0.3751,-0.3513,-0.327,-0.3037,-0.2821,-0.2627,-0.2456,-0.2306,-0.2176,-0.2063,-0.1965,-0.1881,-0.1807,-0.1743,-0.2962,-0.316,-0.3381,-0.3624,-0.3879,-0.4125,-0.4326,-0.4437,-0.4426,-0.4298,-0.4104,-0.3914,-0.3786,-0.3759,-0.3842,-0.4025,-0.4272,-0.4522,-0.4698,-0.4739,-0.4628,-0.4395,-0.4091,-0.3764,-0.3446,-0.3154,-0.2895,-0.267,-0.2477,-0.2312,-0.2172,-0.2053,-0.1952,-0.1866,-0.1792,-0.1728,-0.3026,-0.3257,-0.3526,-0.3839,-0.4193,-0.4564,-0.4896,-0.5097,-0.5082,-0.4845,-0.4488,-0.4147,-0.3924,-0.3868,-0.3993,-0.4285,-0.4699,-0.5137,-0.5454,-0.5526,-0.5332,-0.4953,-0.4495,-0.4037,-0.3621,-0.3259,-0.2952,-0.2695,-0.2481,-0.2303,-0.2155,-0.2033,-0.1931,-0.1845,-0.1772,-0.171,-0.307,-0.3332,-0.3651,-0.4046,-0.4531,-0.5099,-0.5678,-0.6088,-0.6098,-0.5654,-0.4986,-0.4386,-0.4014,-0.3917,-0.4099,-0.4552,-0.5236,-0.6009,-0.6589,-0.6695,-0.6309,-0.5652,-0.4948,-0.4311,-0.3775,-0.3336,-0.2981,-0.2694,-0.2463,-0.2276,-0.2124,-0.2001,-0.19,-0.1817,-0.1748,-0.1689,-0.3087,-0.3371,-0.3732,-0.4205,-0.4839,-0.5684,-0.6707,-0.7606,-0.7745,-0.6867,-0.5596,-0.4578,-0.4007,-0.3862,-0.4113,-0.4773,-0.586,-0.7229,-0.8322,-0.8437,-0.7608,-0.6452,-0.539,-0.4536,-0.3874,-0.3364,-0.2968,-0.2659,-0.2417,-0.2227,-0.2077,-0.1957,-0.1862,-0.1784,-0.1721,-0.1667,-0.3068,-0.3362,-0.3743,-0.4261,-0.5011,-0.6143,-0.7816,-0.9734,-1.0303,-0.8491,-0.6144,-0.4586,-0.3826,-0.3652,-0.3973,-0.4836,-0.6397,-0.8671,-1.0707,-1.074,-0.9038,-0.7152,-0.5689,-0.4637,-0.3877,-0.3319,-0.29,-0.2583,-0.2341,-0.2156,-0.2013,-0.1903,-0.1816,-0.1747,-0.1691,-0.1644,-0.3015,-0.33,-0.3667,-0.417,-0.4917,-0.6139,-0.8249,-1.1356,-1.2676,-0.9488,-0.6052,-0.4194,-0.3403,-0.3259,-0.363,-0.459,-0.6415,-0.9398,-1.243,-1.2321,-0.9739,-0.7333,-0.5667,-0.454,-0.3752,-0.3185,-0.277,-0.2462,-0.2233,-0.2062,-0.1935,-0.1839,-0.1766,-0.1709,-0.1663,-0.1624,-0.2931,-0.3194,-0.352,-0.3943,-0.4536,-0.5463,-0.7052,-0.9448,-1.0346,-0.7497,-0.4717,-0.3307,-0.2742,-0.2698,-0.3097,-0.4008,-0.563,-0.8158,-1.0717,-1.0765,-0.8723,-0.6712,-0.5251,-0.4224,-0.3492,-0.2962,-0.2577,-0.2297,-0.2095,-0.1949,-0.1845,-0.177,-0.1715,-0.1673,-0.1639,-0.1609,-0.2826,-0.3065,-0.3343,-0.3667,-0.4045,-0.4489,-0.4996,-0.538,-0.4941,-0.3653,-0.2681,-0.2177,-0.1964,-0.2036,-0.2457,-0.3296,-0.4576,-0.6163,-0.7508,-0.7721,-0.6836,-0.5646,-0.4587,-0.3753,-0.3124,-0.2662,-0.233,-0.2095,-0.1933,-0.1823,-0.175,-0.1702,-0.167,-0.1645,-0.1625,-0.1605,-0.2712,-0.2933,-0.3182,-0.3451,-0.3706,-0.3863,-0.3717,-0.2869,-0.1133,-0.0228,-0.0838,-0.1188,-0.1223,-0.1334,-0.1782,-0.2699,-0.4009,-0.5333,-0.6135,-0.6163,-0.5579,-0.4734,-0.3904,-0.3213,-0.2685,-0.2304,-0.2041,-0.1867,-0.1757,-0.1694,-0.166,-0.1645,-0.1638,-0.1634,-0.1627,-0.1616,-0.2591,-0.2807,-0.3058,-0.3344,-0.3646,-0.3898,-0.3854,-0.2673,0.1305,0.3128,0.0289,-0.0593,-0.0603,-0.0587,-0.105,-0.2277,-0.4273,-0.6367,-0.7161,-0.6458,-0.5262,-0.4156,-0.3282,-0.2641,-0.2196,-0.1904,-0.1724,-0.1625,-0.1582,-0.1574,-0.1587,-0.1609,-0.1631,-0.1647,-0.1654,-0.165,-0.2458,-0.2677,-0.2949,-0.3299,-0.3767,-0.4414,-0.5253,-0.5555,-0.2,0.0935,-0.0175,-0.0402,-0.0141,0.0271,-0.0268,-0.1975,-0.5513,-1.0465,-1.1358,-0.8191,-0.5398,-0.3654,-0.2614,-0.2003,-0.1654,-0.1472,-0.1397,-0.1389,-0.1424,-0.1481,-0.1547,-0.1611,-0.1663,-0.1699,-0.1716,-0.1714,-0.2305,-0.252,-0.2803,-0.32,-0.3799,-0.4766,-0.6345,-0.7971,-0.6486,-0.2438,-0.0783,-0.0395,-0.0098,0.041,-0.0054,-0.1858,-0.6733,-1.7579,-1.7736,-0.9511,-0.4941,-0.2747,-0.1706,-0.1235,-0.1053,-0.1025,-0.1081,-0.1183,-0.1307,-0.1437,-0.1561,-0.1669,-0.1752,-0.1804,-0.1824,-0.1817,-0.2123,-0.2318,-0.258,-0.2955,-0.352,-0.4409,-0.5743,-0.7219,-0.5926,-0.225,-0.0366,-0.0435,-0.0516,0.0802,-0.015,-0.1815,-0.4941,-1.1751,-1.269,-0.676,-0.283,-0.1045,-0.0433,-0.0325,-0.0419,-0.0599,-0.0815,-0.1039,-0.1259,-0.1465,-0.1651,-0.1806,-0.1919,-0.1981,-0.1995,-0.197,-0.1912,-0.2068,-0.2273,-0.2554,-0.2943,-0.3462,-0.4025,-0.4131,-0.2734,-0.0237,0.1318,0.1031,0.0466,0.0046,-0.0127,-0.2083,-0.3701,-0.414,-0.4162,-0.1755,0.0667,0.1394,0.1096,0.0627,0.0167,-0.0263,-0.0653,-0.1,-0.1311,-0.1593,-0.1844,-0.2051,-0.2192,-0.2254,-0.2243,-0.2179,-0.1678,-0.1783,-0.1912,-0.2068,-0.2243,-0.2388,-0.2353,-0.181,-0.0375,0.2041,0.5195,0.2426,0.1567,0.0763,0.0305,-0.1204,-0.2547,-0.1138,0.0314,0.2051,0.4059,0.375,0.2437,0.1405,0.0574,-0.0112,-0.0662,-0.1107,-0.149,-0.184,-0.2163,-0.2435,-0.2606,-0.2648,-0.2581,-0.2447,-0.1435,-0.1486,-0.1538,-0.1579,-0.1583,-0.1489,-0.1183,-0.0497,0.0727,0.2603,0.4818,0.3208,0.1974,0.1802,0.1469,0.1144,0.1168,0.2614,0.4052,0.4222,0.4659,0.4315,0.3088,0.1826,0.0675,-0.0246,-0.0896,-0.1386,-0.181,-0.2211,-0.2617,-0.2983,-0.3192,-0.3182,-0.3007,-0.2762,-0.1195,-0.1199,-0.1186,-0.1143,-0.1041,-0.0834,-0.0459,0.0149,0.101,0.2006,0.2669,0.2448,0.2109,0.2197,0.3187,0.3891,0.4059,0.6025,0.7657,0.6626,0.5492,0.4574,0.3426,0.1944,0.0416,-0.0691,-0.1291,-0.1801,-0.2274,-0.2693,-0.3175,-0.3679,-0.3939,-0.3821,-0.3474,-0.308,-0.0969,-0.0934,-0.0875,-0.0778,-0.0622,-0.0379,-0.0021,0.0465,0.1051,0.1632,0.2037,0.2222,0.2459,0.3355,0.6174,0.7292,0.5833,0.7227,0.8807,1.0487,0.8261,0.5889,0.4013,0.1996,-0.0065,-0.1133,-0.1378,-0.2321,-0.2971,-0.3269,-0.3712,-0.4348,-0.4658,-0.4393,-0.3858,-0.3323,-0.0763,-0.07,-0.061,-0.0483,-0.0305,-0.0062,0.0257,0.0648,0.1082,0.151,0.1886,0.225,0.2796,0.3954,0.6064,0.6833,0.6404,0.8509,1.4376,1.6945,1.0867,0.7271,0.496,0.2352,-0.0484,-0.1597,-0.1718,-0.3927,-0.4264,-0.395,-0.4035,-0.4592,-0.4899,-0.4582,-0.3984,-0.3402,-0.0579,-0.0497,-0.0389,-0.0248,-0.0065,0.0167,0.0449,0.0777,0.1134,0.1501,0.1877,0.2305,0.2891,0.3768,0.4825,0.5534,0.6292,0.8394,1.2007,1.3163,1.0374,0.8486,0.6918,0.3678,-0.0783,-0.5118,-0.957,-0.8829,-0.6247,-0.4674,-0.4138,-0.4317,-0.4504,-0.4276,-0.3794,-0.3288,-0.0419,-0.0324,-0.0206,-0.0059,0.0121,0.0338,0.0592,0.0879,0.1193,0.1529,0.1894,0.2317,0.2843,0.3496,0.4216,0.4937,0.5856,0.7275,0.8889,0.9617,0.9771,1.1185,1.1283,0.6654,-0.0083,-0.7444,-1.3439,-1.129,-0.7299,-0.5046,-0.41,-0.3902,-0.3898,-0.3737,-0.3411,-0.3033,-0.028,-0.0178,-0.0056,0.0091,0.0266,0.0469,0.0701,0.0961,0.1246,0.1557,0.1901,0.2293,0.2752,0.3282,0.3871,0.4528,0.5319,0.6287,0.7302,0.8282,1.0,1.349,1.4536,0.9065,0.1783,-0.4757,-0.8769,-0.847,-0.6353,-0.4702,-0.3828,-0.3483,-0.335,-0.3203,-0.298,-0.2715,-0.0161,-0.0056,0.0068,0.0212,0.038,0.057,0.0785,0.1024,0.1285,0.1573,0.189,0.2246,0.2649,0.3101,0.3604,0.4169,0.4816,0.5553,0.6378,0.7414,0.9084,1.1339,1.162,0.8023,0.2898,-0.1629,-0.4442,-0.515,-0.4604,-0.3844,-0.3306,-0.3017,-0.2861,-0.273,-0.2572,-0.2388]},{"header":{"la1":42.85,"la2":41.18,"lo1":11.55,"lo2":14.05,"nx":36,"ny":24,"dx":0.07143,"dy":0.07261,"parameterCategory":2,"parameterNumber":3,"parameterNumberName":"northward_wind","parameterUnit":"m.s-1"},"data":[0.0398,0.0617,0.0864,0.1132,0.1406,0.1657,0.1846,0.1933,0.189,0.1721,0.1461,0.1163,0.0874,0.0626,0.0432,0.0291,0.0193,0.0121,0.006,-0.0006,-0.0085,-0.018,-0.0288,-0.0405,-0.0527,-0.0652,-0.0776,-0.0901,-0.1024,-0.1146,-0.1265,-0.1381,-0.1493,-0.16,-0.1701,-0.1796,0.0455,0.072,0.1032,0.1391,0.1782,0.2167,0.2483,0.2649,0.2601,0.2338,0.1932,0.1481,0.107,0.0741,0.0505,0.0353,0.0265,0.0215,0.0174,0.0118,0.0035,-0.0076,-0.0205,-0.0343,-0.0484,-0.0625,-0.0765,-0.0903,-0.1038,-0.1172,-0.1302,-0.1429,-0.1551,-0.1667,-0.1776,-0.1878,0.0484,0.0794,0.1182,0.1657,0.2215,0.282,0.3371,0.3705,0.3666,0.3235,0.2563,0.1859,0.1264,0.0829,0.0549,0.0397,0.034,0.0335,0.0334,0.0293,0.0197,0.0057,-0.0106,-0.0275,-0.0441,-0.0602,-0.0758,-0.091,-0.106,-0.1206,-0.1349,-0.1488,-0.1621,-0.1747,-0.1865,-0.1974,0.0469,0.0819,0.1281,0.1889,0.2673,0.3624,0.4615,0.5328,0.5353,0.4587,0.3406,0.2276,0.1421,0.0863,0.0547,0.0417,0.0422,0.0504,0.0576,0.0556,0.0424,0.0223,0.0004,-0.0207,-0.0402,-0.0585,-0.0759,-0.0926,-0.109,-0.125,-0.1407,-0.156,-0.1705,-0.1843,-0.1971,-0.2088,0.0396,0.0767,0.1284,0.2015,0.3056,0.4498,0.6284,0.7871,0.814,0.6643,0.4453,0.2642,0.1467,0.0799,0.0478,0.04,0.0511,0.0747,0.096,0.0959,0.0731,0.0414,0.0112,-0.015,-0.0377,-0.058,-0.077,-0.0952,-0.1131,-0.1307,-0.148,-0.1648,-0.1808,-0.1959,-0.2098,-0.2223,0.0253,0.0614,0.1138,0.1929,0.3166,0.5129,0.8096,1.1521,1.2556,0.942,0.5394,0.272,0.1286,0.0593,0.032,0.0324,0.0573,0.1048,0.1512,0.1509,0.1073,0.058,0.0183,-0.0124,-0.0373,-0.0591,-0.0793,-0.0989,-0.1184,-0.1377,-0.1569,-0.1755,-0.1934,-0.21,-0.2251,-0.2385,0.004,0.035,0.0812,0.1539,0.2752,0.4889,0.8702,1.4344,1.6731,1.1105,0.5208,0.2132,0.0774,0.0225,0.007,0.0163,0.0514,0.119,0.1926,0.1897,0.1234,0.0612,0.0171,-0.0146,-0.0397,-0.0619,-0.0829,-0.1038,-0.125,-0.1464,-0.1678,-0.1887,-0.2087,-0.2272,-0.2437,-0.2581,-0.0229,-0.0008,0.0322,0.0845,0.1728,0.3315,0.6241,1.0735,1.2459,0.7437,0.2806,0.0721,-0.0037,-0.0255,-0.024,-0.008,0.0253,0.0836,0.1473,0.148,0.0945,0.0431,0.006,-0.0215,-0.0446,-0.066,-0.0874,-0.1097,-0.1329,-0.1568,-0.1811,-0.205,-0.2276,-0.2484,-0.2666,-0.2819,-0.0529,-0.0415,-0.0254,-0.0014,0.0362,0.096,0.185,0.2689,0.21,0.0115,-0.0961,-0.107,-0.091,-0.0724,-0.0536,-0.0335,-0.0098,0.0213,0.0522,0.0583,0.0381,0.0122,-0.0106,-0.0308,-0.0502,-0.0704,-0.0922,-0.1161,-0.1419,-0.1693,-0.1974,-0.2252,-0.2513,-0.2748,-0.2948,-0.311,-0.0825,-0.0815,-0.0814,-0.0831,-0.0893,-0.1076,-0.1605,-0.3069,-0.5905,-0.7012,-0.462,-0.2537,-0.1526,-0.1051,-0.0741,-0.0507,-0.0367,-0.0284,-0.0191,-0.0112,-0.0102,-0.0157,-0.0254,-0.0383,-0.0542,-0.0734,-0.0961,-0.1224,-0.152,-0.1842,-0.2176,-0.2506,-0.2813,-0.3082,-0.3303,-0.3472,-0.1088,-0.1159,-0.1274,-0.1457,-0.1749,-0.2219,-0.3055,-0.5158,-1.1286,-1.4207,-0.6989,-0.308,-0.1722,-0.1273,-0.0859,-0.0533,-0.0512,-0.0716,-0.0784,-0.0611,-0.0417,-0.0322,-0.0324,-0.0403,-0.0542,-0.0734,-0.0979,-0.1279,-0.1629,-0.2019,-0.2429,-0.2832,-0.3201,-0.3514,-0.3756,-0.3925,-0.1299,-0.1421,-0.1598,-0.1853,-0.2198,-0.259,-0.2809,-0.3087,-0.7434,-1.0288,-0.5562,-0.2595,-0.168,-0.2103,-0.0861,-0.0314,-0.0551,-0.1538,-0.1763,-0.1094,-0.0575,-0.0335,-0.0279,-0.034,-0.048,-0.0686,-0.096,-0.1312,-0.1741,-0.2231,-0.2752,-0.3261,-0.3716,-0.4082,-0.4343,-0.45,-0.1452,-0.1596,-0.1793,-0.2059,-0.2391,-0.2716,-0.2634,0.0454,-0.4515,-0.4678,-0.3208,-0.2141,-0.1412,-0.1424,0.0198,0.0391,-0.0151,-0.3125,-0.3238,-0.1343,-0.046,-0.0131,-0.008,-0.0172,-0.0338,-0.0567,-0.0879,-0.1303,-0.1846,-0.2487,-0.3176,-0.3844,-0.4418,-0.4849,-0.5117,-0.5234,-0.1551,-0.1694,-0.1883,-0.2127,-0.2432,-0.2804,-0.3353,-0.4993,-0.4726,-0.3088,-0.2013,-0.2471,-0.2235,0.3298,0.139,0.2176,0.2629,-0.0724,-0.1719,-0.0593,0.0142,0.0409,0.0324,0.0114,-0.0103,-0.0346,-0.0692,-0.121,-0.1923,-0.2798,-0.3751,-0.4661,-0.5407,-0.5907,-0.6149,-0.6175,-0.1604,-0.1732,-0.1893,-0.2092,-0.2336,-0.2635,-0.3016,-0.3344,-0.2928,-0.1837,-0.0948,-0.0504,0.0986,0.3706,0.2241,0.5631,1.0374,0.3887,0.0783,0.0627,0.1404,0.1503,0.0953,0.0486,0.0234,0.0041,-0.0302,-0.0946,-0.1927,-0.318,-0.4559,-0.5854,-0.6842,-0.7398,-0.7537,-0.7375,-0.1624,-0.1729,-0.1853,-0.1996,-0.2153,-0.2308,-0.241,-0.2317,-0.1823,-0.0959,-0.0145,0.0653,0.0603,0.1152,0.1516,0.4626,0.7902,0.34,0.0778,0.1308,0.3696,0.3229,0.1578,0.0821,0.0705,0.0756,0.0501,-0.0342,-0.1774,-0.3649,-0.5731,-0.7649,-0.898,-0.9518,-0.9385,-0.8863,-0.1622,-0.1702,-0.179,-0.1881,-0.1961,-0.2006,-0.197,-0.1777,-0.1366,-0.0768,-0.0222,-0.0113,-0.1215,-0.181,-0.0448,0.0648,0.1151,-0.044,-0.1594,0.0208,0.3864,0.3264,0.1451,0.0972,0.1464,0.2202,0.2178,0.0895,-0.1356,-0.4229,-0.7448,-1.0386,-1.2169,-1.2469,-1.1737,-1.0597,-0.161,-0.1668,-0.1726,-0.1776,-0.1806,-0.1796,-0.1719,-0.1546,-0.1273,-0.0955,-0.0751,-0.0947,-0.1949,-0.237,-0.2591,-0.2854,-0.2305,-0.3706,-0.5449,-0.2741,-0.0112,0.063,0.0452,0.0991,0.2797,0.5166,0.5552,0.3037,-0.0675,-0.4936,-0.9803,-1.4325,-1.6609,-1.6196,-1.4384,-1.2364,-0.1595,-0.1635,-0.1671,-0.1696,-0.1701,-0.1673,-0.1601,-0.1479,-0.1324,-0.1186,-0.1164,-0.1387,-0.1928,-0.2933,-0.5864,-0.7048,-0.4195,-0.4198,-0.4983,-0.4,-0.2578,-0.147,-0.0699,0.0806,0.4322,0.9868,1.0949,0.5307,-0.028,-0.5697,-1.226,-1.8681,-2.1315,-1.9715,-1.6605,-1.3722,-0.1582,-0.1611,-0.1633,-0.1645,-0.164,-0.1614,-0.1562,-0.1492,-0.142,-0.1387,-0.1454,-0.17,-0.2239,-0.34,-0.563,-0.6313,-0.4461,-0.4008,-0.4674,-0.4975,-0.3744,-0.2867,-0.2039,-0.0265,0.3544,1.0138,1.1505,0.3624,-0.136,-0.6275,-1.3153,-2.0305,-2.302,-2.0895,-1.7316,-1.416,-0.1574,-0.1595,-0.161,-0.1617,-0.1612,-0.1595,-0.1568,-0.1537,-0.152,-0.1547,-0.1657,-0.1903,-0.2359,-0.3107,-0.4001,-0.4288,-0.3911,-0.3848,-0.4279,-0.446,-0.4255,-0.4446,-0.419,-0.2585,-0.0297,0.0327,-0.3782,-0.3897,-0.3782,-0.6504,-1.1715,-1.7395,-1.9956,-1.8782,-1.6115,-1.3515,-0.1572,-0.1589,-0.1601,-0.1608,-0.1608,-0.1602,-0.1594,-0.1593,-0.161,-0.1667,-0.179,-0.2006,-0.2339,-0.2778,-0.3206,-0.3434,-0.3492,-0.3632,-0.3937,-0.4352,-0.5306,-0.7191,-0.7672,-0.5431,-0.3537,-0.4894,-0.8664,-0.7135,-0.5377,-0.6469,-0.96,-1.3188,-1.5259,-1.5173,-1.3814,-1.2136,-0.1576,-0.1591,-0.1603,-0.1611,-0.1618,-0.1623,-0.1631,-0.1648,-0.1686,-0.1756,-0.1875,-0.2053,-0.2295,-0.258,-0.2855,-0.3072,-0.3256,-0.35,-0.3897,-0.4645,-0.6299,-0.9083,-0.9837,-0.7112,-0.4979,-0.5138,-0.632,-0.6117,-0.5588,-0.6234,-0.8002,-1.01,-1.1566,-1.1942,-1.1452,-1.0546,-0.1584,-0.1599,-0.1612,-0.1624,-0.1636,-0.165,-0.1669,-0.1699,-0.1747,-0.1822,-0.1931,-0.2079,-0.2265,-0.2475,-0.2691,-0.2901,-0.3128,-0.3425,-0.3884,-0.468,-0.6068,-0.7804,-0.8203,-0.671,-0.5274,-0.4896,-0.5129,-0.5239,-0.5336,-0.5879,-0.6934,-0.8175,-0.9155,-0.96,-0.9521,-0.9094]}]