docs/data/wind_grid.json
[{"header":{"la1":42.85,"la2":41.18,"lo1":11.55,"lo2":14.05,"nx":36,"ny":24,"dx":0.07143,"dy":0.07261,"parameterCategory":2,"parameterNumber":2,"parameterNumberName":"eastward_wind","parameterUnit":"m.s-1"},"data":[-0.6211,-0.6257,-0.6297,-0.6329,-0.6342,-0.6325,-0.6261,-0.6128,-0.5907,-0.5585,-0.5161,-0.4641,-0.4046,-0.3415,-0.2825,-0.2378,-0.2154,-0.2152,-0.2297,-0.2496,-0.2686,-0.2841,-0.2957,-0.3038,-0.3091,-0.3123,-0.3139,-0.3144,-0.3141,-0.3132,-0.3119,-0.3103,-0.3087,-0.3071,-0.3055,-0.3041,-0.6337,-0.6404,-0.6472,-0.6538,-0.6593,-0.6622,-0.66,-0.6493,-0.6265,-0.5894,-0.5375,-0.4714,-0.3922,-0.3036,-0.2165,-0.1509,-0.1258,-0.1407,-0.1763,-0.2141,-0.2453,-0.2681,-0.2839,-0.2943,-0.3009,-0.3048,-0.3068,-0.3074,-0.3071,-0.3061,-0.3047,-0.3031,-0.3013,-0.2996,-0.298,-0.2965,-0.6461,-0.6552,-0.6652,-0.6761,-0.6873,-0.6975,-0.7031,-0.6984,-0.6768,-0.6341,-0.5705,-0.4873,-0.384,-0.26,-0.1263,-0.0217,0.0053,-0.0425,-0.1157,-0.1794,-0.2248,-0.2548,-0.274,-0.2861,-0.2934,-0.2976,-0.2997,-0.3003,-0.2999,-0.2988,-0.2972,-0.2953,-0.2934,-0.2915,-0.2898,-0.2883,-0.6579,-0.6694,-0.6827,-0.6985,-0.7171,-0.738,-0.7573,-0.7655,-0.7485,-0.6982,-0.6187,-0.5166,-0.3894,-0.2265,-0.0282,0.1435,0.1708,0.0626,-0.064,-0.1552,-0.2121,-0.2464,-0.267,-0.2793,-0.2866,-0.2907,-0.2926,-0.293,-0.2923,-0.2909,-0.2891,-0.2869,-0.2847,-0.2827,-0.2808,-0.2793,-0.6685,-0.6821,-0.6984,-0.719,-0.7457,-0.7806,-0.8223,-0.8568,-0.8516,-0.7865,-0.6816,-0.5599,-0.4186,-0.2359,0.0066,0.2407,0.2692,0.1073,-0.0528,-0.1537,-0.2111,-0.2437,-0.2627,-0.2738,-0.2804,-0.2839,-0.2854,-0.2854,-0.2843,-0.2825,-0.2803,-0.2778,-0.2752,-0.2729,-0.2708,-0.2692,-0.6776,-0.6926,-0.711,-0.7348,-0.7679,-0.8166,-0.8879,-0.9703,-0.9916,-0.8928,-0.7462,-0.6077,-0.4699,-0.3063,-0.0981,0.1027,0.1395,0.0207,-0.1007,-0.1773,-0.2206,-0.2453,-0.2599,-0.2687,-0.274,-0.2768,-0.2777,-0.2772,-0.2757,-0.2734,-0.2706,-0.2676,-0.2647,-0.262,-0.2597,-0.2581,-0.6848,-0.7004,-0.7195,-0.7441,-0.7785,-0.8317,-0.9204,-1.0502,-1.1061,-0.96,-0.7801,-0.6428,-0.5248,-0.4022,-0.2664,-0.1454,-0.0996,-0.1291,-0.1756,-0.2102,-0.2322,-0.2464,-0.256,-0.2626,-0.2667,-0.2689,-0.2694,-0.2684,-0.2663,-0.2634,-0.2599,-0.2563,-0.2528,-0.2497,-0.2472,-0.2454,-0.6902,-0.7059,-0.7244,-0.7471,-0.7768,-0.8197,-0.8873,-0.9827,-1.017,-0.8997,-0.7636,-0.6577,-0.5666,-0.4787,-0.3903,-0.3107,-0.2572,-0.2337,-0.228,-0.2298,-0.2351,-0.2418,-0.2485,-0.2541,-0.258,-0.26,-0.2602,-0.2588,-0.256,-0.2523,-0.248,-0.2435,-0.2392,-0.2356,-0.2328,-0.231,-0.694,-0.7095,-0.7269,-0.7468,-0.7697,-0.7967,-0.828,-0.8557,-0.8515,-0.803,-0.7359,-0.6642,-0.5939,-0.526,-0.4574,-0.3871,-0.3211,-0.2685,-0.2351,-0.221,-0.2207,-0.2272,-0.2354,-0.2425,-0.2474,-0.25,-0.2501,-0.2483,-0.2447,-0.2399,-0.2343,-0.2287,-0.2235,-0.2192,-0.216,-0.2143,-0.6966,-0.7119,-0.7286,-0.7467,-0.7655,-0.7835,-0.7976,-0.8025,-0.7956,-0.7782,-0.7356,-0.6747,-0.6122,-0.5533,-0.4913,-0.4142,-0.3231,-0.2388,-0.1873,-0.1746,-0.1848,-0.2015,-0.2167,-0.2281,-0.2355,-0.2391,-0.2394,-0.2369,-0.2322,-0.2258,-0.2187,-0.2115,-0.2049,-0.1997,-0.1963,-0.1948,-0.698,-0.7134,-0.7301,-0.7482,-0.7671,-0.7855,-0.8003,-0.8043,-0.8001,-0.7999,-0.7529,-0.6905,-0.6249,-0.5672,-0.513,-0.4198,-0.2762,-0.1287,-0.061,-0.0813,-0.1282,-0.1678,-0.1951,-0.2127,-0.2231,-0.228,-0.2282,-0.2248,-0.2184,-0.2099,-0.2004,-0.1909,-0.1826,-0.1763,-0.1726,-0.1716,-0.6982,-0.7137,-0.7309,-0.75,-0.7714,-0.7958,-0.8234,-0.8416,-0.8146,-0.7956,-0.7657,-0.7238,-0.6403,-0.5535,-0.5347,-0.4192,-0.1757,0.1317,0.2014,0.0576,-0.0648,-0.1354,-0.1752,-0.1985,-0.2116,-0.2173,-0.2172,-0.2121,-0.2032,-0.1915,-0.1785,-0.1658,-0.155,-0.1473,-0.1436,-0.1437,-0.6969,-0.7124,-0.7298,-0.7496,-0.7728,-0.8011,-0.8375,-0.8972,-0.8313,-0.8037,-0.802,-0.8379,-0.7454,-0.5598,-0.5567,-0.4017,-0.0653,0.5236,0.5386,0.1617,-0.0308,-0.1171,-0.1614,-0.1873,-0.202,-0.208,-0.2067,-0.1991,-0.1864,-0.17,-0.1518,-0.1343,-0.1199,-0.1107,-0.1074,-0.1096,-0.694,-0.7091,-0.7261,-0.7454,-0.7677,-0.7932,-0.8185,-0.8246,-0.8199,-0.8199,-0.8482,-0.9982,-1.0059,-0.5277,-0.542,-0.3267,-0.0425,0.2796,0.3263,0.0864,-0.0513,-0.1143,-0.1524,-0.1791,-0.195,-0.2007,-0.1973,-0.1861,-0.168,-0.1446,-0.1184,-0.0934,-0.0739,-0.063,-0.0615,-0.0678,-0.6893,-0.7036,-0.7196,-0.7374,-0.7571,-0.778,-0.797,-0.8097,-0.8225,-0.8571,-0.9003,-0.899,-0.802,-0.7916,-0.5536,-0.1285,0.2226,0.0461,0.01,-0.0442,-0.0773,-0.1029,-0.1411,-0.1733,-0.1914,-0.1963,-0.1901,-0.1739,-0.1482,-0.1143,-0.0756,-0.0387,-0.0116,0.0005,-0.0025,-0.0166,-0.683,-0.6963,-0.7108,-0.7266,-0.7437,-0.7615,-0.7794,-0.7997,-0.8359,-0.9236,-1.0912,-0.9917,-0.8659,-0.7051,-0.5376,-0.1843,0.0865,-0.0558,-0.1062,-0.0935,-0.0362,-0.0575,-0.1278,-0.1728,-0.1931,-0.1965,-0.1868,-0.1643,-0.1283,-0.0786,-0.0196,0.0372,0.0756,0.0866,0.0731,0.045,-0.6754,-0.6873,-0.7002,-0.7141,-0.729,-0.7448,-0.7628,-0.787,-0.83,-0.9174,-1.0506,-0.9449,-0.7352,-0.6359,-0.5537,-0.3841,-0.2377,-0.1746,-0.1401,-0.1183,-0.0329,-0.0597,-0.1407,-0.1848,-0.2021,-0.2037,-0.1913,-0.1611,-0.1108,-0.038,0.0541,0.1445,0.1991,0.2019,0.1664,0.115,-0.6667,-0.6772,-0.6884,-0.7004,-0.7131,-0.7269,-0.743,-0.764,-0.7947,-0.8354,-0.8569,-0.7955,-0.6709,-0.6231,-0.5831,-0.5068,-0.3574,-0.1626,-0.0351,-0.1509,-0.1605,-0.1607,-0.189,-0.2084,-0.217,-0.223,-0.2128,-0.1692,-0.0983,0.0046,0.1457,0.2903,0.3647,0.3436,0.2692,0.1849,-0.6572,-0.6662,-0.6757,-0.6857,-0.6961,-0.7073,-0.7197,-0.7339,-0.7498,-0.762,-0.7562,-0.7187,-0.6643,-0.6264,-0.6443,-0.6578,-0.4497,-0.2333,-0.1455,-0.2838,-0.2763,-0.2499,-0.2395,-0.2311,-0.2295,-0.2587,-0.2623,-0.181,-0.0848,0.0416,0.2346,0.4458,0.5364,0.4752,0.3542,0.2378,-0.647,-0.6546,-0.6625,-0.6704,-0.6785,-0.6867,-0.6949,-0.7026,-0.7083,-0.7082,-0.6963,-0.6702,-0.6368,-0.6131,-0.6295,-0.6255,-0.4824,-0.3668,-0.4199,-0.4721,-0.3631,-0.3104,-0.2814,-0.2476,-0.2198,-0.2518,-0.2604,-0.1317,-0.0498,0.062,0.2654,0.5029,0.5981,0.519,0.3809,0.2542,-0.6365,-0.6427,-0.6489,-0.655,-0.6608,-0.6661,-0.6706,-0.6734,-0.6732,-0.6677,-0.6546,-0.6337,-0.6086,-0.5864,-0.5711,-0.5388,-0.4685,-0.4108,-0.4153,-0.4222,-0.3808,-0.3562,-0.332,-0.2723,-0.1857,-0.0866,0.0545,0.0437,0.0084,0.0616,0.2127,0.399,0.4862,0.4393,0.3337,0.2276,-0.6258,-0.6307,-0.6354,-0.6397,-0.6434,-0.6463,-0.6478,-0.6473,-0.6437,-0.6358,-0.6227,-0.6044,-0.5826,-0.5596,-0.5345,-0.5009,-0.4576,-0.4207,-0.4038,-0.3962,-0.3948,-0.42,-0.4206,-0.3284,-0.1807,0.0103,0.1857,0.1257,0.0385,0.0453,0.1308,0.244,0.3109,0.301,0.2427,0.1709,-0.6152,-0.6188,-0.6221,-0.6249,-0.6268,-0.6277,-0.6271,-0.6244,-0.6189,-0.6099,-0.597,-0.5802,-0.5603,-0.5378,-0.5124,-0.4829,-0.4511,-0.4231,-0.4045,-0.3975,-0.4123,-0.4646,-0.4816,-0.3766,-0.2187,-0.0556,0.0547,0.0517,0.0138,0.0146,0.0595,0.1223,0.1667,0.1728,0.1466,0.1042,-0.6047,-0.6073,-0.6093,-0.6108,-0.6113,-0.6106,-0.6084,-0.6043,-0.5977,-0.5882,-0.5757,-0.5601,-0.5417,-0.5207,-0.4974,-0.4721,-0.4463,-0.4232,-0.4059,-0.3983,-0.4071,-0.4328,-0.4323,-0.3611,-0.2494,-0.139,-0.0632,-0.0374,-0.0358,-0.0261,0.0013,0.0373,0.0655,0.0748,0.0645,0.041]},{"header":{"la1":42.85,"la2":41.18,"lo1":11.55,"lo2":14.05,"nx":36,"ny":24,"dx":0.07143,"dy":0.07261,"parameterCategory":2,"parameterNumber":3,"parameterNumberName":"northward_wind","parameterUnit":"m.s-1"},"data":[-0.6883,-0.6929,-0.697,-0.7002,-0.7019,-0.7012,-0.6966,-0.6868,-0.67,-0.6452,-0.6117,-0.5696,-0.5202,-0.4669,-0.4161,-0.3773,-0.3576,-0.3572,-0.3692,-0.3852,-0.3997,-0.4104,-0.4168,-0.4196,-0.4195,-0.4172,-0.4133,-0.4083,-0.4026,-0.3964,-0.39,-0.3836,-0.3774,-0.3714,-0.3659,-0.3608,-0.6985,-0.7048,-0.7111,-0.7169,-0.7217,-0.7243,-0.7228,-0.7149,-0.698,-0.67,-0.6297,-0.5766,-0.5109,-0.4355,-0.3597,-0.3021,-0.2801,-0.2933,-0.3245,-0.3567,-0.382,-0.3989,-0.4087,-0.413,-0.4134,-0.4111,-0.4069,-0.4015,-0.3952,-0.3884,-0.3814,-0.3745,-0.3678,-0.3614,-0.3556,-0.3503,-0.7084,-0.7166,-0.7253,-0.7344,-0.7433,-0.751,-0.7549,-0.7513,-0.7357,-0.7046,-0.6566,-0.591,-0.5055,-0.399,-0.2814,-0.1881,-0.1642,-0.2074,-0.2731,-0.3289,-0.367,-0.39,-0.4024,-0.4075,-0.4079,-0.4051,-0.4003,-0.3941,-0.3871,-0.3796,-0.3719,-0.3644,-0.3571,-0.3503,-0.3441,-0.3385,-0.7176,-0.7277,-0.739,-0.7518,-0.7659,-0.7807,-0.7935,-0.7984,-0.7865,-0.752,-0.6951,-0.6169,-0.5126,-0.3718,-0.1951,-0.0398,-0.0152,-0.1142,-0.2293,-0.3107,-0.3592,-0.3857,-0.3986,-0.4033,-0.4028,-0.3991,-0.3933,-0.3861,-0.3781,-0.3697,-0.3612,-0.3529,-0.345,-0.3377,-0.3311,-0.3254,-0.7256,-0.7374,-0.7512,-0.7676,-0.7874,-0.8112,-0.8377,-0.8583,-0.8546,-0.8141,-0.7447,-0.656,-0.5421,-0.3841,-0.1659,0.0484,0.0746,-0.0752,-0.2226,-0.3136,-0.3626,-0.387,-0.3976,-0.4002,-0.398,-0.3927,-0.3856,-0.3772,-0.3681,-0.3586,-0.3491,-0.34,-0.3313,-0.3234,-0.3164,-0.3105,-0.732,-0.7451,-0.7607,-0.7799,-0.8046,-0.8373,-0.8806,-0.9269,-0.9385,-0.8839,-0.7965,-0.7021,-0.5943,-0.4538,-0.266,-0.081,-0.0472,-0.1588,-0.2719,-0.3408,-0.3764,-0.3926,-0.3981,-0.3973,-0.3926,-0.3855,-0.3768,-0.367,-0.3566,-0.3459,-0.3353,-0.3251,-0.3156,-0.3071,-0.2997,-0.2935,-0.7365,-0.7502,-0.7667,-0.7873,-0.8141,-0.8511,-0.9043,-0.9723,-0.9996,-0.9291,-0.8331,-0.7447,-0.6544,-0.5504,-0.4292,-0.3185,-0.2771,-0.3061,-0.3495,-0.379,-0.3937,-0.3988,-0.3979,-0.3932,-0.386,-0.377,-0.3666,-0.3553,-0.3434,-0.3313,-0.3194,-0.308,-0.2975,-0.2882,-0.2804,-0.2741,-0.7388,-0.7526,-0.7689,-0.789,-0.8148,-0.8494,-0.8955,-0.9478,-0.966,-0.92,-0.852,-0.7803,-0.7076,-0.6327,-0.5553,-0.4845,-0.4374,-0.4171,-0.411,-0.4082,-0.405,-0.4005,-0.3944,-0.3866,-0.3772,-0.3665,-0.3545,-0.3416,-0.3281,-0.3144,-0.3008,-0.288,-0.2763,-0.2662,-0.258,-0.2517,-0.7391,-0.7521,-0.7673,-0.7856,-0.8086,-0.8385,-0.8766,-0.9175,-0.9444,-0.937,-0.8859,-0.8157,-0.7493,-0.689,-0.6298,-0.5699,-0.5139,-0.4681,-0.4356,-0.4152,-0.4028,-0.3939,-0.3855,-0.3762,-0.3656,-0.3536,-0.3402,-0.3257,-0.3104,-0.2947,-0.2792,-0.2646,-0.2515,-0.2404,-0.2317,-0.2257,-0.7376,-0.7494,-0.7626,-0.7779,-0.7968,-0.8226,-0.8627,-0.9324,-1.0376,-1.068,-0.9593,-0.851,-0.7784,-0.724,-0.6712,-0.6089,-0.5361,-0.466,-0.4168,-0.3928,-0.3832,-0.3772,-0.3705,-0.3618,-0.351,-0.3382,-0.3236,-0.3073,-0.2898,-0.2717,-0.2537,-0.2368,-0.2218,-0.2096,-0.2006,-0.195,-0.7346,-0.7447,-0.7553,-0.7666,-0.7793,-0.7967,-0.8298,-0.9207,-1.1925,-1.3232,-1.0291,-0.8698,-0.7944,-0.7435,-0.6936,-0.6246,-0.5185,-0.4022,-0.3389,-0.3347,-0.346,-0.3516,-0.3501,-0.3435,-0.3335,-0.3204,-0.3046,-0.2864,-0.2662,-0.2448,-0.2234,-0.2033,-0.1859,-0.1724,-0.1632,-0.1586,-0.7305,-0.739,-0.7468,-0.7532,-0.7576,-0.7601,-0.7693,-0.8039,-0.9682,-1.1329,-0.9664,-0.8705,-0.8088,-0.7632,-0.6866,-0.6298,-0.4633,-0.2253,-0.1593,-0.2411,-0.2996,-0.3218,-0.3261,-0.3224,-0.3136,-0.3005,-0.2835,-0.2629,-0.2391,-0.2133,-0.1871,-0.1625,-0.1418,-0.1265,-0.1176,-0.1149,-0.7259,-0.7329,-0.7383,-0.7407,-0.737,-0.7231,-0.7038,-0.8664,-0.606,-0.827,-0.8888,-0.9041,-0.8697,-0.7108,-0.6287,-0.6468,-0.4194,0.0626,0.0829,-0.1671,-0.2651,-0.2931,-0.3,-0.2989,-0.292,-0.2793,-0.261,-0.2371,-0.2085,-0.1763,-0.1429,-0.1117,-0.0861,-0.069,-0.0612,-0.062,-0.7212,-0.7272,-0.7314,-0.7317,-0.7246,-0.7021,-0.6441,-0.4831,-0.5502,-0.7779,-0.888,-0.9607,-0.9856,-1.0483,-0.831,-0.7069,-0.5388,-0.1773,-0.0824,-0.2049,-0.2508,-0.2625,-0.2699,-0.2735,-0.2698,-0.2579,-0.238,-0.2101,-0.1746,-0.1329,-0.0884,-0.0467,-0.0141,0.0051,0.0099,0.0025,-0.7165,-0.7222,-0.7263,-0.7274,-0.723,-0.709,-0.682,-0.6604,-0.7184,-0.8358,-0.9226,-0.9734,-1.0244,-1.178,-0.9102,-0.7579,-0.7638,-0.5059,-0.3093,-0.2446,-0.2146,-0.2143,-0.2338,-0.2478,-0.2491,-0.2385,-0.2168,-0.1836,-0.1384,-0.0822,-0.0198,0.039,0.0823,0.1027,0.1002,0.081,-0.7118,-0.7176,-0.7225,-0.7259,-0.7271,-0.7264,-0.7282,-0.7473,-0.8034,-0.8936,-0.9812,-1.0692,-1.023,-0.9749,-0.8524,-0.7327,-0.7034,-0.4823,-0.2753,-0.1868,-0.1365,-0.1514,-0.1997,-0.2269,-0.2333,-0.2246,-0.2017,-0.1619,-0.1028,-0.0239,0.0682,0.1558,0.2154,0.2335,0.215,0.1746,-0.7067,-0.7128,-0.7187,-0.7244,-0.7303,-0.7381,-0.7519,-0.7792,-0.8272,-0.8966,-0.9661,-0.9806,-0.9277,-0.8814,-0.7713,-0.6344,-0.4768,-0.1982,0.0119,-0.0659,-0.118,-0.1383,-0.188,-0.2168,-0.2265,-0.2235,-0.2021,-0.153,-0.0728,0.0406,0.1816,0.3188,0.4017,0.407,0.3555,0.2803,-0.7009,-0.7073,-0.7138,-0.7209,-0.7291,-0.7401,-0.7562,-0.7806,-0.815,-0.8555,-0.8863,-0.8854,-0.8684,-0.836,-0.6607,-0.5125,-0.3069,0.2164,0.6686,0.1416,-0.1062,-0.1641,-0.1966,-0.2161,-0.2317,-0.2499,-0.2377,-0.1665,-0.0526,0.1068,0.3208,0.5379,0.6494,0.6188,0.5093,0.3855,-0.6944,-0.7006,-0.7072,-0.7146,-0.7232,-0.7339,-0.7479,-0.7659,-0.7869,-0.8068,-0.8163,-0.8065,-0.7734,-0.6819,-0.4859,-0.4165,-0.2932,0.1181,0.3645,-0.067,-0.1725,-0.1977,-0.2084,-0.2148,-0.2407,-0.3172,-0.3294,-0.1898,-0.032,0.1643,0.4552,0.7702,0.9047,0.8145,0.6362,0.4651,-0.687,-0.6927,-0.6989,-0.7056,-0.7132,-0.722,-0.7323,-0.7436,-0.7543,-0.7607,-0.7573,-0.737,-0.6905,-0.5999,-0.474,-0.4198,-0.3358,-0.2005,-0.339,-0.4552,-0.286,-0.2333,-0.2145,-0.2003,-0.2098,-0.3075,-0.3295,-0.1126,0.0238,0.1977,0.5029,0.8553,0.996,0.8795,0.6765,0.4906,-0.6787,-0.6838,-0.689,-0.6946,-0.7005,-0.7068,-0.7131,-0.7187,-0.7218,-0.7198,-0.7085,-0.6834,-0.6391,-0.5734,-0.4991,-0.437,-0.3679,-0.3111,-0.3429,-0.3652,-0.2938,-0.2403,-0.21,-0.1761,-0.1207,-0.0229,0.1761,0.1628,0.1169,0.2014,0.4276,0.703,0.8316,0.763,0.6084,0.453,-0.6698,-0.6739,-0.6781,-0.6822,-0.6862,-0.6899,-0.6928,-0.6939,-0.6918,-0.6845,-0.6694,-0.6437,-0.6056,-0.5561,-0.5009,-0.4453,-0.3898,-0.3455,-0.3255,-0.307,-0.2646,-0.2205,-0.2013,-0.1674,-0.0659,0.1421,0.3737,0.2891,0.1682,0.1828,0.3106,0.4776,0.5758,0.5616,0.4765,0.3717,-0.6604,-0.6635,-0.6665,-0.6691,-0.6713,-0.6726,-0.6726,-0.6704,-0.665,-0.6547,-0.638,-0.6135,-0.5807,-0.5405,-0.4954,-0.4483,-0.4019,-0.3607,-0.327,-0.2926,-0.2477,-0.2057,-0.198,-0.1743,-0.0794,0.0763,0.2032,0.1942,0.1417,0.1449,0.2112,0.3031,0.3678,0.3765,0.3382,0.2762,-0.6506,-0.6528,-0.6546,-0.6558,-0.6563,-0.6557,-0.6535,-0.649,-0.6413,-0.6295,-0.6125,-0.5896,-0.5608,-0.5266,-0.4885,-0.4482,-0.4077,-0.369,-0.332,-0.2937,-0.2519,-0.2169,-0.2016,-0.1763,-0.1096,-0.0158,0.0595,0.0835,0.0814,0.0935,0.1321,0.1833,0.2236,0.2364,0.221,0.1864]}]