docs/data/wind_grid.json
[{"header":{"la1":42.85,"la2":41.18,"lo1":11.55,"lo2":14.05,"nx":36,"ny":24,"dx":0.07143,"dy":0.07261,"parameterCategory":2,"parameterNumber":2,"parameterNumberName":"eastward_wind","parameterUnit":"m.s-1"},"data":[2.1418,2.141,2.139,2.1355,2.1302,2.1226,2.1121,2.0978,2.0786,2.0535,2.0216,1.9824,1.9357,1.8818,1.8221,1.7586,1.6955,1.638,1.592,1.5614,1.5469,1.5459,1.5539,1.5666,1.5807,1.5941,1.6058,1.6157,1.6236,1.6298,1.6347,1.6385,1.6416,1.6441,1.6462,1.6483,2.1561,2.1564,2.1556,2.1534,2.1494,2.1432,2.1341,2.1209,2.1022,2.0763,2.0418,1.9977,1.9437,1.8795,1.8059,1.725,1.6421,1.5658,1.5067,1.4724,1.4636,1.4743,1.4957,1.5205,1.5442,1.5648,1.5817,1.5951,1.6054,1.6132,1.6192,1.6237,1.6272,1.6301,1.6326,1.6349,2.1709,2.1725,2.1729,2.1721,2.1696,2.1651,2.1579,2.1467,2.1295,2.1035,2.0667,2.0178,1.9557,1.8797,1.7888,1.6841,1.5713,1.4643,1.3837,1.3459,1.3507,1.3836,1.4272,1.4699,1.5065,1.5357,1.5581,1.575,1.5875,1.5967,1.6035,1.6085,1.6124,1.6155,1.6182,1.6208,2.1861,2.189,2.1908,2.1914,2.1903,2.1874,2.1823,2.1739,2.1595,2.1349,2.0965,2.0429,1.9729,1.8845,1.7739,1.6379,1.4796,1.3195,1.2001,1.1602,1.1968,1.2719,1.3511,1.4183,1.4701,1.5084,1.5362,1.5561,1.5703,1.5805,1.5877,1.5929,1.5969,1.6001,1.6029,1.6056,2.2014,2.2058,2.2092,2.2111,2.2112,2.2091,2.205,2.1991,2.1892,2.1682,2.1298,2.0726,1.9961,1.8968,1.7669,1.5945,1.3711,1.118,0.9225,0.8872,0.9952,1.1459,1.2762,1.3722,1.4393,1.4855,1.5173,1.5391,1.5542,1.5645,1.5717,1.5768,1.5805,1.5836,1.5864,1.5893,2.2169,2.2229,2.228,2.2314,2.2324,2.2297,2.2231,2.2149,2.2094,2.1974,2.1633,2.1051,2.025,1.9195,1.7766,1.5731,1.2759,0.8817,0.5441,0.5303,0.7763,1.0356,1.2212,1.3416,1.4189,1.4691,1.5022,1.5242,1.5389,1.5487,1.5552,1.5597,1.563,1.5657,1.5685,1.5714,2.2323,2.2403,2.2474,2.2529,2.2553,2.2522,2.2397,2.2184,2.2098,2.2167,2.1953,2.1398,2.0591,1.9533,1.81,1.5992,1.2665,0.763,0.2723,0.2871,0.6689,1.0013,1.21,1.3351,1.4117,1.46,1.491,1.5111,1.5241,1.5324,1.5377,1.5412,1.5437,1.546,1.5485,1.5516,2.2474,2.2575,2.2673,2.2759,2.2819,2.2826,2.2723,2.2477,2.2359,2.253,2.2374,2.1796,2.0969,1.9951,1.8638,1.6769,1.3901,0.9646,0.5439,0.5265,0.8177,1.0811,1.2498,1.3524,1.416,1.4563,1.4821,1.4985,1.5088,1.5149,1.5184,1.5205,1.522,1.5237,1.526,1.5293,2.2618,2.2743,2.287,2.2997,2.3118,2.3222,2.3299,2.3361,2.3488,2.3524,2.3081,2.2269,2.134,2.0359,1.9222,1.7714,1.5633,1.3019,1.068,1.0045,1.0972,1.2194,1.315,1.3808,1.4248,1.454,1.473,1.4849,1.4917,1.4951,1.4964,1.4968,1.4971,1.4981,1.5002,1.5039,2.2749,2.2897,2.3055,2.3224,2.3407,2.3617,2.3894,2.4364,2.5117,2.5253,2.4086,2.2735,2.1597,2.0628,1.9669,1.842,1.6744,1.4923,1.3498,1.2845,1.2889,1.326,1.3674,1.4024,1.429,1.4481,1.4607,1.468,1.4713,1.4717,1.4705,1.4689,1.4677,1.4679,1.4701,1.4744,2.2863,2.303,2.3213,2.3414,2.3639,2.3898,2.4233,2.4874,2.6673,2.7544,2.4938,2.2998,2.161,2.0568,1.986,1.8776,1.6895,1.4801,1.3586,1.3346,1.3464,1.365,1.3849,1.4043,1.4212,1.4342,1.4424,1.446,1.4459,1.4433,1.4393,1.4352,1.4324,1.4319,1.4343,1.4399,2.2954,2.3135,2.3334,2.3553,2.379,2.4036,2.4258,2.4478,2.5553,2.6333,2.4654,2.3121,2.1486,1.9798,1.9706,1.8944,1.614,1.2172,1.1055,1.231,1.3132,1.3449,1.3629,1.3806,1.3973,1.4096,1.4162,1.4174,1.4143,1.4083,1.401,1.3941,1.3892,1.388,1.3913,1.399,2.3021,2.321,2.3417,2.3641,2.3873,2.4088,2.4209,2.415,2.438,2.4769,2.439,2.3789,2.2528,1.9579,1.9761,1.9231,1.5333,0.7346,0.7021,1.1127,1.2466,1.275,1.2976,1.3282,1.356,1.3739,1.3815,1.381,1.375,1.3653,1.3539,1.343,1.3355,1.3337,1.3387,1.3501,2.3062,2.3255,2.3464,2.3687,2.3913,2.4115,2.4237,2.4245,2.4421,2.4874,2.4959,2.4717,2.4518,2.3679,2.1872,1.9734,1.6611,1.1179,0.9787,1.1493,1.1394,1.1193,1.171,1.2452,1.3003,1.3288,1.3379,1.3356,1.3265,1.3126,1.2955,1.2788,1.2673,1.2651,1.2735,1.2911,2.3078,2.3271,2.348,2.3702,2.393,2.4151,2.4348,2.4562,2.5033,2.5972,2.6731,2.624,2.5513,2.6803,2.3167,1.9418,1.7288,1.6065,1.3802,1.1264,0.7944,0.7541,0.9605,1.1426,1.2403,1.2773,1.2839,1.2787,1.2673,1.2487,1.2233,1.1967,1.1787,1.1767,1.1919,1.2203,2.3072,2.3262,2.3468,2.369,2.3929,2.4187,2.449,2.4938,2.5812,2.7684,3.0959,2.8843,2.7176,2.5379,2.3312,2.0059,1.7996,1.7444,1.5076,0.9045,-0.0457,0.1208,0.7384,1.0697,1.1937,1.2186,1.2123,1.205,1.1959,1.1736,1.1346,1.09,1.0606,1.0609,1.09,1.1368,2.3043,2.3228,2.3429,2.365,2.3897,2.4184,2.4553,2.5108,2.6073,2.7859,3.0382,2.8701,2.6786,2.6046,2.3808,2.1604,1.9932,1.8793,1.7057,1.0716,-0.132,0.0901,0.7831,1.097,1.1664,1.1331,1.1013,1.1049,1.1134,1.0913,1.0287,0.9495,0.9007,0.9102,0.9666,1.0434,2.2993,2.317,2.3364,2.3578,2.382,2.4108,2.4474,2.4979,2.5701,2.6634,2.7276,2.6806,2.6254,2.5864,2.3967,2.2645,2.1192,2.0062,1.9857,1.7094,1.127,0.9643,1.1325,1.2113,1.1276,0.9709,0.9112,0.9719,1.0296,1.0136,0.9109,0.7696,0.6927,0.7283,0.8324,0.9511,2.2925,2.3091,2.3272,2.3471,2.3696,2.3956,2.427,2.4655,2.5108,2.5541,2.5736,2.5544,2.5155,2.4504,2.3849,2.3756,2.2211,2.1147,2.1184,2.2201,1.8995,1.6087,1.4807,1.3396,1.0656,0.7153,0.6399,0.8425,0.9719,0.9619,0.808,0.584,0.4795,0.5604,0.7223,0.8823,2.284,2.2992,2.3156,2.3335,2.3532,2.3751,2.3996,2.4265,2.4531,2.4732,2.4779,2.4623,2.4291,2.3852,2.3652,2.3535,2.265,2.2792,2.6285,2.8132,2.2906,1.9611,1.758,1.501,1.1149,0.6806,0.5959,0.8535,0.976,0.9583,0.7804,0.5174,0.4028,0.505,0.6891,0.8627,2.2741,2.2878,2.3022,2.3177,2.3341,2.3516,2.3697,2.3875,2.4025,2.4112,2.4093,2.3948,2.3695,2.3402,2.3169,2.2914,2.2642,2.3122,2.4948,2.552,2.3413,2.2126,2.086,1.7706,1.3376,1.0167,0.9668,0.9919,1.0282,1.0032,0.858,0.6484,0.5454,0.6102,0.7541,0.9018,2.2632,2.2751,2.2876,2.3005,2.3138,2.3271,2.3399,2.3512,2.3591,2.3616,2.3566,2.3435,2.3236,2.3005,2.2777,2.2566,2.2465,2.271,2.328,2.3585,2.3985,2.5859,2.6139,2.1634,1.5894,1.1748,1.0101,1.0379,1.0848,1.0728,0.9819,0.8529,0.7763,0.7962,0.8802,0.983,2.2514,2.2617,2.2722,2.2827,2.2931,2.3029,2.3116,2.3183,2.3218,2.3208,2.3144,2.3023,2.2857,2.2664,2.2469,2.2303,2.2229,2.2329,2.2625,2.3216,2.4899,2.8529,2.961,2.4355,1.8102,1.3686,1.1622,1.1407,1.1638,1.1543,1.1006,1.0269,0.9763,0.9751,1.0167,1.0801,2.2392,2.2479,2.2565,2.2648,2.2727,2.2797,2.2852,2.2887,2.2893,2.2863,2.2792,2.2681,2.2536,2.2371,2.2205,2.2066,2.1995,2.2045,2.2289,2.2919,2.4365,2.6524,2.6826,2.3524,1.9128,1.568,1.3707,1.2938,1.2689,1.245,1.2061,1.1603,1.1266,1.1189,1.1377,1.1747]},{"header":{"la1":42.85,"la2":41.18,"lo1":11.55,"lo2":14.05,"nx":36,"ny":24,"dx":0.07143,"dy":0.07261,"parameterCategory":2,"parameterNumber":3,"parameterNumberName":"northward_wind","parameterUnit":"m.s-1"},"data":[0.1908,0.2159,0.2445,0.2759,0.3085,0.3393,0.3642,0.379,0.381,0.3706,0.3518,0.3302,0.3108,0.2966,0.2887,0.2864,0.288,0.2912,0.2933,0.2923,0.2874,0.2787,0.2675,0.2548,0.2416,0.2288,0.2166,0.2053,0.195,0.1856,0.1772,0.1697,0.1629,0.1569,0.1515,0.1466,0.192,0.2218,0.2573,0.2984,0.3435,0.3888,0.4274,0.4507,0.4523,0.4325,0.3989,0.3624,0.3317,0.311,0.3011,0.3005,0.3062,0.3141,0.32,0.3202,0.3137,0.3016,0.2859,0.269,0.2522,0.2364,0.222,0.2089,0.1973,0.187,0.1778,0.1698,0.1627,0.1564,0.1508,0.1459,0.1897,0.2242,0.2676,0.3211,0.3844,0.4533,0.5171,0.5585,0.5611,0.5235,0.4624,0.4003,0.3521,0.3228,0.3114,0.3145,0.3277,0.3444,0.3569,0.3589,0.3488,0.3301,0.3074,0.2844,0.2629,0.2436,0.2266,0.2117,0.1988,0.1875,0.1777,0.1692,0.1618,0.1554,0.1497,0.1448,0.1823,0.2209,0.2721,0.3399,0.4275,0.5337,0.6451,0.727,0.736,0.6625,0.5478,0.4419,0.3684,0.3288,0.3174,0.3276,0.3534,0.3859,0.4107,0.4145,0.3961,0.365,0.3312,0.3,0.2727,0.2496,0.2299,0.2132,0.199,0.187,0.1766,0.1678,0.1603,0.1538,0.1481,0.1432,0.1682,0.2086,0.2654,0.3464,0.4619,0.6217,0.8193,0.9954,1.0295,0.8765,0.6542,0.4776,0.3727,0.3247,0.3163,0.3375,0.3827,0.4425,0.4906,0.4953,0.4575,0.4043,0.3546,0.3134,0.2801,0.2532,0.2312,0.213,0.1978,0.1851,0.1745,0.1655,0.158,0.1515,0.1461,0.1413,0.1461,0.1847,0.2419,0.3291,0.466,0.6832,1.0101,1.3857,1.5007,1.1686,0.7494,0.4827,0.3533,0.3057,0.3056,0.34,0.4084,0.5086,0.5981,0.5994,0.5238,0.4389,0.3715,0.3213,0.2833,0.2536,0.2299,0.2106,0.1948,0.1818,0.1711,0.1622,0.1549,0.1487,0.1435,0.1391,0.1158,0.1481,0.1978,0.2775,0.4117,0.6485,1.07,1.6898,1.9508,1.3453,0.7243,0.4176,0.3001,0.2708,0.2851,0.3304,0.4126,0.543,0.6742,0.6694,0.5569,0.4505,0.3745,0.3207,0.2808,0.2499,0.2255,0.2058,0.1898,0.1769,0.1664,0.1579,0.151,0.1453,0.1406,0.1366,0.079,0.1007,0.1348,0.1909,0.2879,0.4646,0.791,1.2903,1.483,0.9431,0.4607,0.2658,0.2181,0.2274,0.2603,0.3106,0.3855,0.4944,0.6024,0.6041,0.5163,0.4278,0.3608,0.3108,0.2723,0.242,0.2178,0.1983,0.1827,0.1703,0.1604,0.1526,0.1464,0.1414,0.1373,0.1339,0.0388,0.0473,0.0612,0.0842,0.1231,0.1888,0.2905,0.3903,0.335,0.1329,0.0451,0.0753,0.1359,0.1928,0.2431,0.2946,0.3541,0.4205,0.4746,0.4815,0.442,0.388,0.3375,0.2946,0.2592,0.2303,0.2069,0.1882,0.1734,0.1619,0.1531,0.1464,0.1413,0.1372,0.134,0.1312,-0.001,-0.0053,-0.011,-0.0194,-0.0331,-0.0593,-0.1192,-0.2729,-0.5712,-0.6742,-0.3666,-0.0755,0.094,0.1878,0.2459,0.2968,0.3519,0.4027,0.4308,0.4275,0.3986,0.3575,0.3148,0.2761,0.2429,0.2153,0.193,0.1754,0.1619,0.1519,0.1446,0.1395,0.1358,0.133,0.1308,0.1289,-0.0368,-0.0514,-0.0719,-0.1019,-0.1469,-0.2156,-0.325,-0.5501,-1.1855,-1.4961,-0.637,-0.1141,0.1204,0.224,0.2706,0.3185,0.39,0.4627,0.4857,0.4516,0.3968,0.3431,0.2962,0.2567,0.2239,0.1972,0.176,0.1598,0.1481,0.1402,0.1351,0.1321,0.1304,0.1292,0.1282,0.1272,-0.0661,-0.0873,-0.1162,-0.1564,-0.2122,-0.2859,-0.3698,-0.457,-0.8054,-1.0581,-0.4627,-0.0235,0.1945,0.2836,0.3004,0.3496,0.4686,0.6322,0.6545,0.5309,0.4149,0.334,0.2771,0.2347,0.2015,0.1753,0.1553,0.1411,0.1319,0.127,0.125,0.125,0.1257,0.1265,0.1269,0.1266,-0.088,-0.1122,-0.1439,-0.1855,-0.2392,-0.3035,-0.3637,-0.3828,-0.4151,-0.4255,-0.1816,0.0948,0.2544,0.3111,0.3227,0.393,0.5611,0.8853,0.8837,0.5934,0.4121,0.3111,0.2496,0.2069,0.1741,0.1486,0.1301,0.1185,0.1131,0.1125,0.115,0.1189,0.1229,0.1259,0.1276,0.1279,-0.1029,-0.1273,-0.1578,-0.1956,-0.2412,-0.2922,-0.34,-0.3685,-0.3579,-0.2781,-0.1033,0.1457,0.2718,0.7838,0.4207,0.4925,0.6631,0.765,0.7409,0.5148,0.3497,0.2605,0.2095,0.1721,0.1408,0.1157,0.0988,0.0909,0.0911,0.0971,0.1061,0.1155,0.1235,0.1289,0.1316,0.1319,-0.1118,-0.1347,-0.162,-0.1939,-0.2298,-0.267,-0.2994,-0.3167,-0.3093,-0.2891,-0.2466,-0.0861,0.1805,0.2966,0.3687,0.7174,1.1477,0.7207,0.5115,0.3562,0.2373,0.187,0.1616,0.1322,0.1005,0.0736,0.0579,0.0559,0.0653,0.0816,0.1002,0.1173,0.1302,0.1378,0.1403,0.1394,-0.1163,-0.1369,-0.1604,-0.1865,-0.2143,-0.2415,-0.2651,-0.2839,-0.3113,-0.4047,-0.6466,-0.4103,-0.219,0.0426,0.1794,0.5658,0.915,0.5782,0.3599,0.2272,0.1252,0.1215,0.1196,0.0901,0.0504,0.016,0.0007,0.0093,0.0349,0.0678,0.1008,0.1284,0.147,0.1553,0.1555,0.1511,-0.1175,-0.1357,-0.1558,-0.1773,-0.1996,-0.2217,-0.2434,-0.2692,-0.3163,-0.427,-0.6139,-0.4734,-0.4985,-0.5394,-0.1521,0.1032,0.2799,0.2839,0.2445,0.1769,0.1074,0.1039,0.0871,0.0425,-0.0173,-0.0717,-0.0878,-0.0561,-0.0,0.0589,0.1122,0.1543,0.1786,0.1843,0.1779,0.1667,-0.1166,-0.1326,-0.1499,-0.1681,-0.1869,-0.2062,-0.2272,-0.2539,-0.2944,-0.3544,-0.4066,-0.4208,-0.5673,-0.61,-0.4588,-0.3777,-0.0804,0.1763,0.2887,0.1754,0.1097,0.0813,0.0441,-0.0163,-0.1099,-0.2152,-0.2358,-0.1455,-0.0332,0.0601,0.1381,0.1987,0.2275,0.2243,0.2053,0.184,-0.1144,-0.1284,-0.1434,-0.1591,-0.1755,-0.1928,-0.212,-0.2351,-0.2645,-0.2989,-0.3314,-0.3683,-0.4357,-0.5375,-0.9223,-1.0896,-0.3799,0.0668,0.1973,0.0941,0.0578,0.0272,-0.0131,-0.0748,-0.2012,-0.4167,-0.459,-0.2252,-0.037,0.0781,0.1722,0.2503,0.2809,0.2633,0.2291,0.1977,-0.1112,-0.1237,-0.1368,-0.1505,-0.1649,-0.1802,-0.197,-0.2161,-0.2382,-0.2628,-0.2901,-0.3263,-0.3884,-0.5293,-0.8532,-0.9334,-0.4313,-0.0769,0.0112,0.003,-0.0042,-0.0476,-0.0859,-0.1135,-0.192,-0.4218,-0.4728,-0.1142,0.0433,0.1164,0.1928,0.2704,0.3001,0.2766,0.2369,0.2018,-0.1074,-0.1185,-0.1301,-0.1422,-0.1548,-0.1682,-0.1825,-0.1983,-0.2159,-0.2356,-0.2589,-0.2904,-0.3406,-0.4254,-0.5281,-0.5088,-0.3128,-0.1235,-0.0355,-0.0278,-0.0845,-0.1799,-0.2188,-0.1629,-0.0752,0.0541,0.3554,0.3281,0.2043,0.1675,0.1925,0.2422,0.2672,0.2536,0.2235,0.1941,-0.1033,-0.1132,-0.1234,-0.134,-0.1451,-0.1566,-0.1689,-0.182,-0.1963,-0.2123,-0.231,-0.2547,-0.2861,-0.3236,-0.3473,-0.3182,-0.2323,-0.143,-0.0977,-0.1167,-0.2302,-0.4294,-0.4838,-0.2902,-0.028,0.3136,0.6668,0.5321,0.3032,0.2034,0.1859,0.2035,0.2184,0.2145,0.1977,0.1779,-0.0989,-0.1077,-0.1167,-0.1261,-0.1357,-0.1457,-0.156,-0.1669,-0.1785,-0.1911,-0.2051,-0.2209,-0.238,-0.2522,-0.2538,-0.2321,-0.1908,-0.152,-0.1425,-0.1909,-0.343,-0.6011,-0.6698,-0.4013,-0.0819,0.2117,0.4102,0.3892,0.2764,0.2011,0.174,0.174,0.1795,0.1787,0.1705,0.1587,-0.0944,-0.1022,-0.1102,-0.1184,-0.1267,-0.1352,-0.144,-0.153,-0.1622,-0.1718,-0.1817,-0.1916,-0.2002,-0.2047,-0.2012,-0.1875,-0.1677,-0.1537,-0.1621,-0.2134,-0.3294,-0.4829,-0.5137,-0.3462,-0.1191,0.0785,0.2039,0.2329,0.2043,0.1712,0.1538,0.1499,0.1511,0.1508,0.1469,0.1403]}]