docs/data/wind_grid.json
[{"header":{"la1":42.85,"la2":41.18,"lo1":11.55,"lo2":14.05,"nx":36,"ny":24,"dx":0.07143,"dy":0.07261,"parameterCategory":2,"parameterNumber":2,"parameterNumberName":"eastward_wind","parameterUnit":"m.s-1"},"data":[-0.6847,-0.6952,-0.7067,-0.719,-0.7314,-0.743,-0.7521,-0.7573,-0.7579,-0.7543,-0.7487,-0.7438,-0.7421,-0.7454,-0.7539,-0.767,-0.7824,-0.7971,-0.8077,-0.8116,-0.8076,-0.7969,-0.7812,-0.7629,-0.7436,-0.7246,-0.7066,-0.6899,-0.6746,-0.6608,-0.6483,-0.6371,-0.627,-0.618,-0.6099,-0.6026,-0.6884,-0.7008,-0.7151,-0.731,-0.7481,-0.7649,-0.7789,-0.7868,-0.7865,-0.7785,-0.7665,-0.7557,-0.7504,-0.7533,-0.765,-0.7845,-0.8087,-0.8325,-0.8499,-0.8558,-0.8492,-0.8324,-0.8094,-0.784,-0.7587,-0.735,-0.7133,-0.6938,-0.6764,-0.661,-0.6474,-0.6353,-0.6246,-0.6151,-0.6066,-0.5991,-0.6913,-0.7057,-0.7231,-0.7438,-0.7676,-0.7932,-0.8163,-0.8305,-0.8297,-0.8137,-0.7898,-0.7683,-0.7566,-0.7584,-0.7746,-0.8038,-0.8422,-0.8816,-0.9104,-0.9191,-0.9061,-0.8779,-0.8428,-0.8072,-0.7741,-0.7445,-0.7187,-0.6963,-0.6769,-0.66,-0.6452,-0.6324,-0.6211,-0.6112,-0.6025,-0.5949,-0.6927,-0.709,-0.7295,-0.7557,-0.7887,-0.8282,-0.869,-0.8982,-0.8989,-0.8675,-0.8208,-0.7805,-0.7584,-0.7582,-0.7802,-0.8235,-0.8846,-0.9514,-1.0012,-1.0126,-0.9845,-0.9347,-0.8804,-0.8307,-0.7879,-0.752,-0.722,-0.6967,-0.6754,-0.6572,-0.6416,-0.6282,-0.6165,-0.6063,-0.5975,-0.5898,-0.6921,-0.7096,-0.7326,-0.764,-0.8075,-0.8668,-0.9399,-1.0047,-1.0146,-0.951,-0.8596,-0.7883,-0.7517,-0.7487,-0.7777,-0.8393,-0.934,-1.049,-1.1393,-1.1509,-1.0882,-0.9995,-0.9175,-0.8506,-0.7978,-0.7558,-0.722,-0.6944,-0.6716,-0.6524,-0.6363,-0.6224,-0.6106,-0.6003,-0.5914,-0.5838,-0.6891,-0.7067,-0.7305,-0.7646,-0.8161,-0.8964,-1.0174,-1.1576,-1.1993,-1.0658,-0.8937,-0.7814,-0.7302,-0.7256,-0.7615,-0.8416,-0.9765,-1.1643,-1.3282,-1.3323,-1.2016,-1.0567,-0.9437,-0.8613,-0.8004,-0.754,-0.7177,-0.6886,-0.665,-0.6454,-0.629,-0.6151,-0.6032,-0.593,-0.5843,-0.5768,-0.6837,-0.7,-0.7221,-0.7542,-0.8049,-0.8917,-1.0458,-1.2757,-1.3739,-1.1361,-0.8802,-0.743,-0.6877,-0.6849,-0.7262,-0.8174,-0.977,-1.223,-1.4637,-1.4557,-1.258,-1.0743,-0.9459,-0.8571,-0.7932,-0.7453,-0.7083,-0.6791,-0.6555,-0.636,-0.6198,-0.6061,-0.5945,-0.5845,-0.576,-0.5687,-0.6763,-0.6902,-0.7083,-0.7335,-0.7717,-0.836,-0.9519,-1.1306,-1.1978,-0.9825,-0.772,-0.6645,-0.6224,-0.6252,-0.6702,-0.7627,-0.9127,-1.1271,-1.3323,-1.3382,-1.1846,-1.032,-0.9188,-0.8367,-0.7757,-0.7295,-0.6938,-0.6656,-0.6429,-0.6243,-0.6088,-0.5955,-0.5842,-0.5746,-0.5664,-0.5595,-0.668,-0.6791,-0.6924,-0.7087,-0.729,-0.7555,-0.7891,-0.8161,-0.7821,-0.6835,-0.6073,-0.5631,-0.5401,-0.5465,-0.5953,-0.6915,-0.8267,-0.9775,-1.095,-1.1169,-1.0514,-0.9593,-0.8742,-0.8044,-0.7497,-0.7073,-0.6745,-0.6486,-0.6278,-0.6106,-0.596,-0.5834,-0.5726,-0.5633,-0.5555,-0.5491,-0.6596,-0.6685,-0.6782,-0.688,-0.696,-0.697,-0.678,-0.6112,-0.4813,-0.4138,-0.4567,-0.4682,-0.4476,-0.4436,-0.4978,-0.6204,-0.7832,-0.9333,-1.0189,-1.0254,-0.9756,-0.9021,-0.8287,-0.7664,-0.7173,-0.6798,-0.6511,-0.6287,-0.6106,-0.5952,-0.5818,-0.5699,-0.5595,-0.5506,-0.5432,-0.5373,-0.6519,-0.6595,-0.6678,-0.6761,-0.6829,-0.684,-0.6649,-0.5727,-0.2883,-0.1567,-0.3648,-0.4011,-0.3451,-0.2959,-0.3579,-0.552,-0.8195,-1.0653,-1.1584,-1.094,-0.9782,-0.8707,-0.7859,-0.7235,-0.6791,-0.6476,-0.6248,-0.6071,-0.5923,-0.579,-0.5667,-0.5553,-0.545,-0.5363,-0.5292,-0.5238,-0.6448,-0.6521,-0.6608,-0.6714,-0.6854,-0.706,-0.7361,-0.7398,-0.5069,-0.3157,-0.3981,-0.3707,-0.2472,-0.0799,-0.1567,-0.4957,-0.9676,-1.4976,-1.5938,-1.2888,-1.0135,-0.8381,-0.7327,-0.6705,-0.6338,-0.6116,-0.5969,-0.5853,-0.5744,-0.563,-0.5512,-0.5395,-0.5288,-0.5197,-0.5129,-0.5083,-0.6379,-0.6453,-0.6548,-0.668,-0.689,-0.7262,-0.7948,-0.8851,-0.7842,-0.5674,-0.4603,-0.3703,-0.2603,0.0104,-0.0579,-0.5318,-1.1578,-2.2014,-2.2144,-1.4335,-0.9805,-0.7548,-0.6473,-0.5997,-0.5805,-0.5735,-0.5702,-0.5661,-0.559,-0.5487,-0.5359,-0.5224,-0.51,-0.5001,-0.4935,-0.49,-0.6308,-0.6379,-0.6473,-0.6609,-0.6821,-0.7169,-0.7711,-0.8283,-0.7714,-0.6109,-0.4965,-0.372,-0.3261,-0.3041,-0.3684,-0.7388,-1.1988,-1.7379,-1.7731,-1.1842,-0.7676,-0.5728,-0.5128,-0.5091,-0.5226,-0.5384,-0.5499,-0.5539,-0.5494,-0.5376,-0.5209,-0.5028,-0.4869,-0.4755,-0.4695,-0.4679,-0.6232,-0.6294,-0.6376,-0.6488,-0.6646,-0.6861,-0.7101,-0.7175,-0.6739,-0.6039,-0.563,-0.5267,-0.4506,-0.4056,-0.5418,-1.1109,-1.6483,-1.2625,-1.0402,-0.6921,-0.3633,-0.273,-0.3344,-0.4102,-0.4711,-0.5162,-0.5444,-0.5551,-0.5496,-0.5313,-0.5053,-0.4781,-0.456,-0.4428,-0.4386,-0.441,-0.615,-0.6199,-0.6261,-0.6339,-0.6432,-0.6528,-0.6583,-0.6511,-0.6276,-0.6079,-0.6133,-0.7329,-0.6585,-0.5587,-0.6443,-1.0323,-1.3902,-0.9711,-0.6149,-0.2662,0.1361,0.0762,-0.1687,-0.3343,-0.4457,-0.5227,-0.5668,-0.5788,-0.5644,-0.5309,-0.4866,-0.4428,-0.411,-0.397,-0.3982,-0.4082,-0.6063,-0.6099,-0.614,-0.6185,-0.623,-0.6261,-0.6255,-0.6192,-0.6106,-0.61,-0.6199,-0.6739,-0.787,-0.8282,-0.6575,-0.6813,-0.6927,-0.4638,-0.2253,-0.072,0.2125,0.136,-0.1202,-0.3151,-0.4672,-0.5791,-0.6347,-0.6354,-0.5983,-0.5361,-0.4594,-0.387,-0.3419,-0.3321,-0.3465,-0.3701,-0.5976,-0.5998,-0.6021,-0.6042,-0.6058,-0.606,-0.6041,-0.6007,-0.5988,-0.6037,-0.6201,-0.6635,-0.7958,-0.8039,-0.5152,-0.3871,-0.332,-0.06,0.1601,0.0519,0.0391,-0.0152,-0.1621,-0.3462,-0.5433,-0.7063,-0.7651,-0.7298,-0.652,-0.5462,-0.4185,-0.3005,-0.2407,-0.2476,-0.2874,-0.3312,-0.5889,-0.5899,-0.5908,-0.5912,-0.591,-0.5898,-0.5876,-0.5852,-0.5843,-0.5873,-0.5959,-0.611,-0.6181,-0.5135,-0.1853,-0.0671,-0.1632,0.0261,0.1948,0.2634,0.1264,-0.0214,-0.174,-0.3775,-0.6395,-0.8793,-0.9283,-0.8357,-0.7164,-0.5637,-0.3735,-0.1973,-0.1278,-0.1653,-0.2371,-0.3012,-0.5804,-0.5804,-0.5801,-0.5793,-0.5779,-0.5757,-0.5728,-0.5696,-0.5667,-0.5643,-0.5607,-0.5491,-0.5083,-0.391,-0.1799,-0.1017,-0.1165,0.0728,0.4819,0.6476,0.2705,0.0494,-0.1164,-0.3484,-0.6593,-0.9233,-0.9699,-0.9089,-0.7842,-0.599,-0.3682,-0.1586,-0.0853,-0.1376,-0.2216,-0.2921,-0.5723,-0.5714,-0.5702,-0.5684,-0.5659,-0.5626,-0.5586,-0.5538,-0.5479,-0.54,-0.5271,-0.503,-0.4558,-0.3736,-0.2711,-0.1983,-0.1206,0.0542,0.3182,0.4063,0.2506,0.1636,0.0637,-0.2039,-0.5827,-0.9109,-1.1203,-1.0608,-0.866,-0.6528,-0.4299,-0.2424,-0.1655,-0.1909,-0.2512,-0.3076,-0.5645,-0.5629,-0.5608,-0.5581,-0.5547,-0.5504,-0.5451,-0.5384,-0.5298,-0.5179,-0.5002,-0.4726,-0.4303,-0.3714,-0.3028,-0.2321,-0.1449,-0.0216,0.1129,0.1918,0.2598,0.4413,0.4706,0.081,-0.4491,-0.9385,-1.2678,-1.1523,-0.9021,-0.6897,-0.5065,-0.3637,-0.2896,-0.2812,-0.3064,-0.3393,-0.5572,-0.5549,-0.5521,-0.5486,-0.5443,-0.539,-0.5325,-0.5242,-0.5136,-0.4994,-0.4798,-0.4525,-0.4156,-0.3685,-0.3131,-0.2499,-0.1742,-0.0834,0.0149,0.1242,0.3179,0.667,0.7666,0.2979,-0.2792,-0.7404,-0.9944,-0.9753,-0.8292,-0.6783,-0.5478,-0.4462,-0.3836,-0.3594,-0.361,-0.3744,-0.5502,-0.5474,-0.5439,-0.5398,-0.5348,-0.5286,-0.5211,-0.5117,-0.4999,-0.4846,-0.4647,-0.4389,-0.4062,-0.3662,-0.3191,-0.2645,-0.2009,-0.1273,-0.0416,0.0711,0.2476,0.4722,0.5082,0.21,-0.1936,-0.5244,-0.7162,-0.7599,-0.7112,-0.6316,-0.5514,-0.4841,-0.4368,-0.4109,-0.4022,-0.4041]},{"header":{"la1":42.85,"la2":41.18,"lo1":11.55,"lo2":14.05,"nx":36,"ny":24,"dx":0.07143,"dy":0.07261,"parameterCategory":2,"parameterNumber":3,"parameterNumberName":"northward_wind","parameterUnit":"m.s-1"},"data":[-0.751,-0.7479,-0.7432,-0.7368,-0.7288,-0.7197,-0.7099,-0.7002,-0.6906,-0.6809,-0.6699,-0.6563,-0.6395,-0.6191,-0.5956,-0.5702,-0.5446,-0.5212,-0.5022,-0.4893,-0.4828,-0.4818,-0.4848,-0.4905,-0.4975,-0.5054,-0.5137,-0.5222,-0.5308,-0.5395,-0.5483,-0.557,-0.5656,-0.5739,-0.5819,-0.5896,-0.7611,-0.758,-0.7528,-0.7452,-0.7353,-0.7236,-0.7114,-0.7001,-0.6906,-0.6823,-0.6729,-0.6602,-0.6423,-0.6189,-0.5904,-0.5582,-0.5249,-0.4942,-0.47,-0.4554,-0.4506,-0.4535,-0.4611,-0.471,-0.4817,-0.4925,-0.5031,-0.5136,-0.524,-0.5343,-0.5445,-0.5545,-0.5643,-0.5738,-0.5829,-0.5914,-0.7725,-0.7697,-0.7639,-0.7546,-0.7416,-0.7255,-0.7084,-0.6938,-0.6844,-0.6796,-0.6749,-0.6651,-0.6472,-0.6205,-0.5856,-0.5441,-0.4991,-0.4567,-0.4244,-0.4081,-0.4078,-0.4183,-0.4336,-0.4497,-0.4651,-0.4793,-0.4926,-0.5052,-0.5175,-0.5295,-0.5413,-0.5528,-0.564,-0.5747,-0.5849,-0.5943,-0.7857,-0.7834,-0.7774,-0.7661,-0.7486,-0.7247,-0.6974,-0.6743,-0.6645,-0.6683,-0.6746,-0.6719,-0.6555,-0.6254,-0.5827,-0.5286,-0.4661,-0.4037,-0.3572,-0.3401,-0.3508,-0.3757,-0.4031,-0.4277,-0.4486,-0.4665,-0.4825,-0.4973,-0.5115,-0.5253,-0.5389,-0.5521,-0.5648,-0.5769,-0.5883,-0.5987,-0.8009,-0.8,-0.7944,-0.7817,-0.7587,-0.7226,-0.6748,-0.63,-0.6161,-0.6403,-0.6714,-0.6826,-0.6693,-0.6357,-0.5843,-0.5149,-0.4271,-0.3306,-0.257,-0.2419,-0.2775,-0.3283,-0.3729,-0.4072,-0.4335,-0.4548,-0.4732,-0.4901,-0.5063,-0.522,-0.5375,-0.5525,-0.567,-0.5807,-0.5934,-0.605,-0.8183,-0.82,-0.8166,-0.8044,-0.7775,-0.7271,-0.6454,-0.5492,-0.5176,-0.5907,-0.6714,-0.7024,-0.6915,-0.6535,-0.5941,-0.5101,-0.3932,-0.2452,-0.122,-0.1155,-0.1991,-0.2866,-0.3492,-0.3915,-0.4215,-0.4449,-0.4651,-0.4838,-0.5019,-0.5198,-0.5374,-0.5546,-0.5711,-0.5866,-0.6008,-0.6135,-0.8377,-0.8437,-0.8451,-0.8377,-0.8135,-0.7579,-0.6473,-0.4791,-0.4083,-0.5624,-0.7007,-0.7412,-0.7249,-0.6802,-0.615,-0.5239,-0.3909,-0.2022,-0.0258,-0.0304,-0.1601,-0.2707,-0.3398,-0.383,-0.413,-0.4367,-0.4579,-0.4783,-0.4985,-0.5188,-0.5391,-0.5588,-0.5777,-0.5952,-0.6111,-0.625,-0.8584,-0.8703,-0.8796,-0.8827,-0.8724,-0.8354,-0.7484,-0.6037,-0.5453,-0.6912,-0.7975,-0.806,-0.7689,-0.7144,-0.6465,-0.5586,-0.438,-0.2744,-0.1207,-0.1122,-0.2079,-0.2923,-0.346,-0.3809,-0.4069,-0.4294,-0.4512,-0.4732,-0.496,-0.5193,-0.5428,-0.5657,-0.5875,-0.6074,-0.6251,-0.6402,-0.8789,-0.8979,-0.9175,-0.9358,-0.949,-0.9509,-0.9351,-0.9116,-0.9289,-0.9748,-0.9557,-0.8875,-0.8164,-0.7521,-0.6839,-0.6023,-0.5047,-0.3961,-0.3039,-0.274,-0.2973,-0.3305,-0.3576,-0.3797,-0.4002,-0.4212,-0.4438,-0.4683,-0.4944,-0.5216,-0.5492,-0.5762,-0.6015,-0.6244,-0.6441,-0.6603,-0.8972,-0.9236,-0.9543,-0.9895,-1.0291,-1.0722,-1.1203,-1.1894,-1.3029,-1.3218,-1.1377,-0.9597,-0.8559,-0.7924,-0.7265,-0.6419,-0.5508,-0.4701,-0.4083,-0.3705,-0.3553,-0.3541,-0.3604,-0.3723,-0.3889,-0.4099,-0.4347,-0.4629,-0.4937,-0.5263,-0.5594,-0.5916,-0.6215,-0.6478,-0.6697,-0.6868,-0.9113,-0.944,-0.9845,-1.0352,-1.0989,-1.177,-1.2652,-1.3652,-1.5938,-1.713,-1.269,-0.9844,-0.881,-0.8506,-0.7872,-0.6731,-0.5623,-0.4893,-0.4424,-0.4012,-0.3684,-0.3496,-0.345,-0.3526,-0.3696,-0.3935,-0.4229,-0.4567,-0.4941,-0.534,-0.5747,-0.614,-0.6498,-0.6802,-0.7042,-0.7216,-0.919,-0.9559,-1.003,-1.0647,-1.1467,-1.2551,-1.3845,-1.4789,-1.5127,-1.5216,-1.1757,-0.9419,-0.8968,-0.9762,-0.8847,-0.6827,-0.5306,-0.4865,-0.4638,-0.4018,-0.346,-0.314,-0.306,-0.3168,-0.34,-0.371,-0.4077,-0.4495,-0.496,-0.5461,-0.5973,-0.6463,-0.6899,-0.7251,-0.7509,-0.7673,-0.9193,-0.9572,-1.0061,-1.0711,-1.16,-1.2835,-1.448,-1.5986,-1.4936,-1.2462,-1.0047,-0.8856,-0.8633,-0.9998,-0.8946,-0.5948,-0.4226,-0.526,-0.5254,-0.3775,-0.2822,-0.2376,-0.236,-0.2617,-0.2994,-0.3421,-0.3888,-0.441,-0.4998,-0.564,-0.6303,-0.6933,-0.7473,-0.7881,-0.8144,-0.8275,-0.9118,-0.9474,-0.9927,-1.052,-1.1311,-1.2377,-1.3725,-1.4929,-1.3937,-1.0853,-0.8731,-0.8802,-0.8785,-0.6045,-0.5859,-0.2778,-0.0359,-0.3019,-0.3844,-0.2576,-0.1374,-0.0904,-0.1225,-0.1862,-0.2499,-0.308,-0.3658,-0.4302,-0.5051,-0.5898,-0.6787,-0.7624,-0.8309,-0.8775,-0.9014,-0.9063,-0.8975,-0.928,-0.9655,-1.0119,-1.069,-1.136,-1.2011,-1.2179,-1.0998,-0.8815,-0.7207,-0.6495,-0.512,-0.1398,-0.3408,0.3089,1.0556,0.2224,-0.1107,-0.0395,0.1682,0.1904,0.0431,-0.0998,-0.1989,-0.27,-0.3355,-0.4128,-0.5098,-0.6253,-0.7497,-0.8657,-0.9547,-1.0057,-1.0201,-1.0083,-0.8781,-0.9021,-0.9297,-0.9608,-0.9937,-1.0225,-1.0323,-0.9948,-0.8845,-0.7274,-0.6132,-0.4602,-0.4578,-0.3881,-0.2963,0.2234,0.7269,0.1757,-0.0767,0.1641,0.7301,0.6181,0.2064,-0.0373,-0.1581,-0.2245,-0.2874,-0.3786,-0.5082,-0.6721,-0.8543,-1.0232,-1.1412,-1.1899,-1.18,-1.1362,-0.8559,-0.873,-0.8911,-0.9086,-0.9225,-0.9265,-0.9105,-0.862,-0.7768,-0.6743,-0.6048,-0.5356,-0.4991,-0.4872,-0.402,-0.2272,-0.1166,-0.2644,-0.3433,0.0338,0.7862,0.6439,0.1892,-0.0446,-0.1293,-0.1508,-0.1934,-0.3073,-0.4906,-0.7305,-1.007,-1.2638,-1.4211,-1.4482,-1.3849,-1.2863,-0.8327,-0.8438,-0.8539,-0.8612,-0.8629,-0.8546,-0.8308,-0.7874,-0.7267,-0.6609,-0.6056,-0.5583,-0.5202,-0.5121,-0.5271,-0.5102,-0.4656,-0.6237,-0.8211,-0.4283,0.0114,0.1085,-0.0221,-0.1102,-0.0879,0.0027,0.0001,-0.1777,-0.4524,-0.7971,-1.2141,-1.6105,-1.8124,-1.7761,-1.6168,-1.4399,-0.81,-0.8162,-0.8204,-0.821,-0.816,-0.8027,-0.7786,-0.7432,-0.699,-0.6526,-0.6105,-0.5759,-0.5556,-0.5748,-0.7005,-0.754,-0.6086,-0.6629,-0.7522,-0.5991,-0.3977,-0.2593,-0.2255,-0.1867,-0.0319,0.2615,0.317,-0.0345,-0.423,-0.8585,-1.4266,-1.9947,-2.2291,-2.087,-1.8117,-1.5579,-0.7889,-0.7914,-0.7915,-0.7881,-0.7798,-0.7651,-0.7433,-0.7146,-0.6812,-0.6467,-0.6153,-0.5913,-0.5828,-0.6092,-0.6953,-0.7217,-0.6303,-0.621,-0.6715,-0.6919,-0.5479,-0.436,-0.3735,-0.2865,-0.091,0.2751,0.3514,-0.1236,-0.4733,-0.887,-1.4974,-2.1376,-2.3807,-2.1912,-1.8734,-1.5949,-0.7698,-0.7696,-0.7671,-0.7615,-0.7518,-0.7375,-0.7183,-0.6949,-0.6688,-0.6423,-0.6184,-0.6007,-0.594,-0.6045,-0.6281,-0.6308,-0.6066,-0.6033,-0.6315,-0.635,-0.5792,-0.5472,-0.5172,-0.4326,-0.3159,-0.2863,-0.5184,-0.5409,-0.5948,-0.8709,-1.3553,-1.8731,-2.1054,-2.0013,-1.7649,-1.5359,-0.7529,-0.7509,-0.7468,-0.74,-0.7301,-0.7168,-0.7001,-0.6806,-0.6596,-0.6386,-0.6197,-0.605,-0.5969,-0.5962,-0.5989,-0.5963,-0.5888,-0.5875,-0.5948,-0.5995,-0.6161,-0.6798,-0.6949,-0.5884,-0.5017,-0.584,-0.788,-0.7161,-0.6748,-0.8361,-1.1492,-1.4872,-1.6801,-1.6761,-1.5577,-1.4115,-0.738,-0.7349,-0.7299,-0.7226,-0.713,-0.7008,-0.6863,-0.6699,-0.6526,-0.6354,-0.6197,-0.6068,-0.5976,-0.592,-0.5883,-0.5843,-0.5804,-0.58,-0.5857,-0.6032,-0.6563,-0.7634,-0.7942,-0.6753,-0.5852,-0.6059,-0.6744,-0.6789,-0.6942,-0.8031,-0.9941,-1.2012,-1.3433,-1.3836,-1.3447,-1.2684,-0.7251,-0.7212,-0.7158,-0.7085,-0.6994,-0.6883,-0.6756,-0.6616,-0.647,-0.6326,-0.6191,-0.6075,-0.5981,-0.5909,-0.5853,-0.5808,-0.578,-0.5787,-0.5858,-0.6061,-0.651,-0.7143,-0.7283,-0.6665,-0.6104,-0.6046,-0.6286,-0.6532,-0.6929,-0.774,-0.8942,-1.0233,-1.1231,-1.1713,-1.1705,-1.138]}]