docs/data/wind_grid.json
{"header": {"la1":42.1,"la2":41.55,"lo1":12.1,"lo2":12.95,"nx":50,"ny":50,"dx":0.01735,"dy":0.01122,"parameterCategory":2,"parameterNumber":2,"parameterNumberName":"eastward_wind","parameterUnit":"m.s-1"}, "data":
[rows 0 to 45 of 50, columns 0 to 49 of 50]
4.5258,4.4827,4.4455,4.4208,4.4118,4.4166,4.4294,4.4434,4.4538,4.4587,4.4583,4.4537,4.4462,4.4368,4.4262,4.415,4.4036,4.3923,4.3814,4.3715,4.363,4.3564,4.352,4.3498,4.3496,4.3512,4.3542,4.3583,4.363,4.3681,4.3734,4.3785,4.3834,4.3877,4.3914,4.3945,4.3968,4.3985,4.3998,4.4008,4.4016,4.4025,4.4035,4.4046,4.4059,4.4073,4.4087,4.4102,4.4117,4.4131
4.545,4.4973,4.4558,4.4279,4.4173,4.4218,4.4345,4.4482,4.458,4.462,4.4606,4.4551,4.4468,4.4367,4.4254,4.4136,4.4014,4.3892,4.3774,4.3666,4.3573,4.3501,4.3455,4.3433,4.3436,4.3458,4.3495,4.3542,4.3597,4.3655,4.3714,4.3772,4.3825,4.3873,4.3912,4.3944,4.3967,4.3983,4.3994,4.4002,4.4009,4.4016,4.4026,4.4038,4.4051,4.4066,4.4082,4.4098,4.4114,4.4129
4.5723,4.5206,4.4749,4.4436,4.4306,4.4333,4.4443,4.4561,4.4639,4.4662,4.4634,4.4568,4.4476,4.4367,4.4249,4.4124,4.3995,4.3864,4.3736,4.3616,4.3514,4.3436,4.3386,4.3367,4.3374,4.3402,4.3446,4.3502,4.3564,4.363,4.3696,4.376,4.3819,4.3871,4.3913,4.3945,4.3967,4.3982,4.399,4.3995,4.4,4.4006,4.4016,4.4028,4.4043,4.4059,4.4077,4.4094,4.4111,4.4127
4.6089,4.5537,4.504,4.4689,4.4523,4.4513,4.4585,4.4668,4.4716,4.4714,4.4667,4.4587,4.4486,4.4371,4.4247,4.4116,4.3979,4.3839,4.3699,4.3568,4.3454,4.3368,4.3316,4.3299,4.3311,4.3347,4.3399,4.3462,4.3532,4.3606,4.368,4.3751,4.3815,4.3871,4.3915,4.3948,4.3969,4.398,4.3985,4.3987,4.3989,4.3994,4.4004,4.4017,4.4033,4.4052,4.4071,4.409,4.4109,4.4126
4.6552,4.5972,4.5433,4.5034,4.4816,4.475,4.4767,4.4798,4.4804,4.4771,4.4702,4.4608,4.4498,4.4378,4.425,4.4114,4.397,4.3819,4.3667,4.3521,4.3396,4.3301,4.3247,4.3232,4.325,4.3293,4.3352,4.3423,4.3502,4.3584,4.3666,4.3744,4.3814,4.3874,4.392,4.3953,4.3971,4.3979,4.3979,4.3976,4.3976,4.398,4.3989,4.4004,4.4023,4.4044,4.4065,4.4087,4.4107,4.4125
4.711,4.6504,4.5918,4.5458,4.5171,4.503,4.4975,4.4944,4.4901,4.4832,4.474,4.4631,4.4513,4.4389,4.4259,4.4119,4.3969,4.3807,4.3641,4.348,4.3341,4.3238,4.3182,4.317,4.3194,4.3243,4.3309,4.3387,4.3474,4.3564,4.3654,4.374,4.3817,4.3881,4.3929,4.396,4.3975,4.3977,4.3972,4.3964,4.396,4.3963,4.3973,4.399,4.4012,4.4036,4.406,4.4083,4.4105,4.4125
4.7749,4.7114,4.6471,4.5936,4.5562,4.5333,4.5195,4.5095,4.4999,4.4893,4.4777,4.4655,4.4531,4.4406,4.4275,4.4135,4.3979,4.3806,4.3624,4.3446,4.3292,4.3182,4.3126,4.3119,4.3147,4.32,4.327,4.3354,4.3448,4.3547,4.3646,4.374,4.3823,4.3891,4.394,4.397,4.398,4.3976,4.3962,4.3949,4.3941,4.3943,4.3955,4.3975,4.4,4.4028,4.4055,4.4081,4.4104,4.4126
4.8442,4.7774,4.7063,4.6438,4.5966,4.564,4.5415,4.5243,4.5093,4.4951,4.4813,4.4679,4.4552,4.4429,4.4303,4.4164,4.4003,4.3819,4.3619,4.3422,4.3254,4.314,4.3086,4.3083,4.3112,4.3164,4.3236,4.3324,4.3425,4.3533,4.3642,4.3744,4.3834,4.3906,4.3956,4.3983,4.3987,4.3974,4.3952,4.393,4.3919,4.392,4.3935,4.3959,4.3989,4.402,4.4051,4.4079,4.4105,4.4127
4.9156,4.8449,4.7659,4.6936,4.6359,4.5933,4.5621,4.538,4.518,4.5003,4.4845,4.4704,4.4578,4.4461,4.4343,4.4209,4.4047,4.3851,4.3629,4.341,4.3229,4.3114,4.3067,4.3067,4.3091,4.3136,4.3205,4.3297,4.3406,4.3523,4.3642,4.3753,4.385,4.3926,4.3977,4.3999,4.3996,4.3972,4.3939,4.3909,4.3893,4.3895,4.3914,4.3943,4.3978,4.4014,4.4048,4.4079,4.4106,4.413
4.9847,4.9097,4.8225,4.74,4.672,4.6199,4.5805,4.55,4.5254,4.5048,4.4874,4.4729,4.4607,4.4502,4.4398,4.4277,4.4117,4.3906,4.3658,4.341,4.3214,4.3101,4.3065,4.3064,4.3076,4.3111,4.3177,4.3272,4.3389,4.3517,4.3647,4.3768,4.3873,4.3953,4.4003,4.4021,4.4008,4.3972,4.3926,4.3887,4.3867,4.387,4.3893,4.3928,4.3969,4.4009,4.4047,4.408,4.4109,4.4134
5.0467,4.9677,4.8727,4.7809,4.7034,4.6427,4.5961,4.56,4.5314,4.5084,4.4899,4.4753,4.4641,4.4553,4.4473,4.4372,4.4219,4.3992,4.3708,4.342,4.32,4.3087,4.3059,4.3055,4.3054,4.308,4.3145,4.3247,4.3375,4.3516,4.3658,4.3791,4.3904,4.3988,4.4038,4.4049,4.4025,4.3975,4.3915,4.3865,4.3841,4.3846,4.3874,4.3916,4.3963,4.4008,4.4049,4.4084,4.4114,4.4139
5.0971,5.0148,4.9136,4.8141,4.7288,4.6609,4.6083,4.5676,4.5359,4.511,4.4918,4.4775,4.4678,4.4616,4.4569,4.4502,4.4364,4.4119,4.3782,4.3433,4.3168,4.304,4.3012,4.3007,4.3004,4.3031,4.3105,4.3219,4.3362,4.3519,4.3676,4.3822,4.3944,4.4033,4.4082,4.4086,4.405,4.3984,4.3909,4.3848,4.382,4.3827,4.3861,4.3909,4.3961,4.401,4.4054,4.409,4.4121,4.4146
5.132,5.048,4.9429,4.8382,4.7473,4.674,4.6169,4.5728,4.5387,4.5126,4.4931,4.4796,4.4717,4.4688,4.4687,4.467,4.4563,4.4297,4.3885,4.3439,4.3097,4.2924,4.2884,4.2887,4.2904,4.2955,4.3052,4.3188,4.3351,4.3527,4.3703,4.3863,4.3996,4.4091,4.4138,4.4136,4.4086,4.4004,4.3913,4.3842,4.381,4.3819,4.3857,4.391,4.3966,4.4018,4.4063,4.41,4.413,4.4155
5.149,5.0652,4.9592,4.8523,4.7583,4.6818,4.6218,4.5755,4.5399,4.5131,4.4937,4.4813,4.4756,4.4766,4.4824,4.488,4.4825,4.4539,4.4018,4.3427,4.296,4.271,4.2646,4.2678,4.2747,4.2848,4.2985,4.3154,4.3344,4.3543,4.374,4.3918,4.4063,4.4164,4.4211,4.4201,4.4139,4.4041,4.3934,4.3852,4.3815,4.3825,4.3866,4.3922,4.3979,4.4031,4.4076,4.4113,4.4142,4.4166
5.1478,5.0661,4.9622,4.8563,4.762,4.6844,4.6232,4.5758,4.5396,4.5126,4.4936,4.4823,4.479,4.4841,4.4969,4.5121,4.5148,4.4847,4.4178,4.3381,4.2736,4.2376,4.2294,4.2383,4.2538,4.2715,4.2908,4.3118,4.3341,4.3569,4.3789,4.3988,4.4148,4.4257,4.4304,4.4287,4.4212,4.4099,4.3979,4.3886,4.3843,4.385,4.389,4.3945,4.4001,4.4052,4.4094,4.4129,4.4157,4.4179
5.1298,5.052,4.9527,4.8507,4.7587,4.6821,4.6212,4.5739,4.5379,4.5112,4.4928,4.4826,4.4813,4.4903,4.5101,4.5363,4.5501,4.5195,4.434,4.3278,4.2405,4.1915,4.1836,4.2025,4.2298,4.2568,4.2827,4.3085,4.3345,4.3605,4.3855,4.4077,4.4256,4.4374,4.4423,4.4399,4.4313,4.4185,4.4051,4.3948,4.3897,4.3897,4.3931,4.3981,4.4032,4.4078,4.4117,4.4149,4.4174,4.4194
5.098,5.0253,4.9327,4.8368,4.7492,4.6755,4.6163,4.5701,4.5349,4.5089,4.4912,4.4819,4.4819,4.4936,4.519,4.5548,4.5799,4.5496,4.4446,4.3099,4.197,4.1342,4.1307,4.1644,4.2056,4.2426,4.2753,4.306,4.336,4.3656,4.3938,4.419,4.439,4.4521,4.4572,4.4542,4.4444,4.4303,4.4156,4.404,4.3978,4.3966,4.399,4.403,4.4072,4.4112,4.4145,4.4172,4.4193,4.421
5.0562,4.9893,4.9047,4.8164,4.7348,4.6654,4.609,4.5647,4.5308,4.5058,4.4888,4.4799,4.4805,4.493,4.5204,4.5605,4.5911,4.5599,4.4407,4.2844,4.149,4.0731,4.0783,4.1302,4.1852,4.2309,4.2695,4.3048,4.3389,4.3724,4.4044,4.4329,4.4557,4.4704,4.4758,4.4721,4.4609,4.4452,4.4291,4.4161,4.4083,4.4056,4.4064,4.409,4.4121,4.4151,4.4177,4.4198,4.4214,4.4227
5.0085,4.9476,4.8714,4.7914,4.7168,4.6525,4.5998,4.5581,4.5259,4.5021,4.4857,4.4769,4.4768,4.4879,4.5127,4.5489,4.5744,4.5389,4.4176,4.2575,4.1114,4.025,4.0397,4.1079,4.1724,4.2235,4.2664,4.3055,4.3435,4.381,4.4173,4.4499,4.476,4.4926,4.4984,4.4938,4.4809,4.4633,4.4453,4.4306,4.4209,4.4161,4.415,4.4158,4.4175,4.4194,4.4211,4.4225,4.4237,4.4245
4.9582,4.9032,4.8353,4.7638,4.6965,4.6378,4.5893,4.5505,4.5205,4.4979,4.482,4.4728,4.4712,4.4788,4.4972,4.5224,4.5343,4.4931,4.3823,4.2388,4.102,4.0134,4.0316,4.1046,4.1697,4.2216,4.2663,4.3082,4.3498,4.3917,4.4327,4.4702,4.5002,4.5192,4.5254,4.5193,4.5041,4.484,4.4637,4.4466,4.4347,4.4276,4.4243,4.4232,4.4234,4.424,4.4248,4.4254,4.426,4.4264
4.9082,4.8587,4.7985,4.7351,4.6751,4.6222,4.5781,4.5425,4.5146,4.4934,4.478,4.4682,4.4644,4.4674,4.4773,4.4891,4.4859,4.4415,4.3479,4.2325,4.1246,4.0513,4.0632,4.1219,4.177,4.2249,4.2693,4.313,4.3578,4.4041,4.4506,4.4937,4.5285,4.5502,4.5564,4.5483,4.5298,4.5064,4.4831,4.4635,4.449,4.4395,4.4339,4.4308,4.4294,4.4287,4.4285,4.4284,4.4283,4.4283
4.8602,4.8158,4.7626,4.7068,4.6536,4.6063,4.5665,4.5342,4.5087,4.4888,4.4739,4.4634,4.4572,4.4556,4.4572,4.4571,4.4428,4.3986,4.3222,4.2346,4.1619,4.119,4.1201,4.1513,4.1906,4.2321,4.2749,4.3197,4.3673,4.418,4.4703,4.5198,4.56,4.5847,4.5906,4.5795,4.5569,4.5295,4.5027,4.4801,4.463,4.451,4.4432,4.4383,4.4352,4.4333,4.4321,4.4312,4.4306,4.4301
4.8157,4.7757,4.7288,4.6797,4.6327,4.5908,4.5552,4.5261,4.5029,4.4845,4.4701,4.459,4.4507,4.4449,4.44,4.4315,4.4109,4.369,4.306,4.2384,4.1902,4.1722,4.1683,4.1788,4.2056,4.2414,4.2824,4.3277,4.3777,4.4327,4.4909,4.5472,4.5934,4.6211,4.6262,4.6113,4.5837,4.5517,4.5212,4.4956,4.476,4.4618,4.4519,4.4453,4.4408,4.4377,4.4355,4.4339,4.4328,4.4319
4.775,4.7391,4.6976,4.6544,4.6131,4.576,4.5444,4.5185,4.4976,4.4808,4.467,4.4555,4.4455,4.4366,4.4272,4.4138,4.3905,4.3517,4.298,4.2411,4.2013,4.1893,4.1886,4.1964,4.2188,4.2515,4.2911,4.3366,4.3885,4.4472,4.5108,4.5737,4.6257,4.6562,4.6599,4.6408,4.6081,4.5716,4.5376,4.5093,4.4874,4.4713,4.4597,4.4515,4.4457,4.4416,4.4386,4.4364,4.4347,4.4334
4.7386,4.7062,4.6694,4.6314,4.5951,4.5624,4.5345,4.5115,4.4929,4.4778,4.4649,4.4532,4.4421,4.431,4.419,4.4034,4.38,4.3445,4.2968,4.2451,4.2048,4.189,4.1928,4.2067,4.2303,4.262,4.3006,4.3459,4.3989,4.4602,4.5281,4.5964,4.6532,4.6858,4.6881,4.665,4.6279,4.5876,4.5509,4.5205,4.4969,4.4792,4.4662,4.4568,4.45,4.4451,4.4414,4.4386,4.4365,4.4348
4.7062,4.677,4.6443,4.6108,4.5788,4.5501,4.5255,4.5054,4.4893,4.476,4.4641,4.4526,4.4405,4.4281,4.4148,4.3991,4.3772,4.345,4.3019,4.2537,4.2129,4.1939,4.1988,4.2168,4.2419,4.2732,4.3107,4.3553,4.4083,4.4707,4.5409,4.6122,4.6719,4.7056,4.7067,4.6809,4.6411,4.5987,4.5603,4.5287,4.504,4.4853,4.4714,4.4611,4.4535,4.4478,4.4436,4.4404,4.4379,4.436
4.6778,4.6513,4.6222,4.5926,4.5644,4.5392,4.5178,4.5004,4.4867,4.4755,4.4651,4.4538,4.4409,4.4272,4.4136,4.3991,4.3798,4.3512,4.3123,4.2681,4.2296,4.21,4.2132,4.2307,4.2553,4.2853,4.3212,4.3642,4.416,4.4777,4.5476,4.6191,4.6789,4.7124,4.713,4.6868,4.6466,4.604,4.5655,4.5337,4.5086,4.4895,4.475,4.4642,4.456,4.4499,4.4453,4.4418,4.439,4.4369
4.6529,4.6289,4.603,4.5767,4.5519,4.5298,4.5113,4.4966,4.4854,4.4766,4.468,4.4572,4.4432,4.4278,4.4139,4.4015,4.3859,4.3611,4.3264,4.287,4.2526,4.2338,4.2343,4.2486,4.2707,4.2983,4.3318,4.3724,4.4219,4.4809,4.548,4.6163,4.6735,4.7057,4.7068,4.6823,4.6443,4.6036,4.5665,4.5355,4.5108,4.4917,4.4771,4.466,4.4576,4.4513,4.4464,4.4427,4.4398,4.4376
4.6312,4.6095,4.5863,4.563,4.5412,4.5219,4.506,4.4939,4.4854,4.4793,4.4731,4.4631,4.4474,4.429,4.4142,4.4045,4.393,4.3722,4.3418,4.3074,4.2776,4.2603,4.2584,4.2689,4.2873,4.3118,4.3422,4.3798,4.4257,4.4806,4.5426,4.6054,4.6578,4.6878,4.69,4.6689,4.635,4.5979,4.5634,4.5342,4.5105,4.492,4.4777,4.4667,4.4583,4.4519,4.447,4.4432,4.4402,4.4379
4.6124,4.5927,4.5719,4.5513,4.532,4.5152,4.5018,4.4922,4.4865,4.4835,4.4805,4.472,4.4539,4.4306,4.4136,4.4063,4.3992,4.3824,4.3561,4.3268,4.3016,4.2862,4.2826,4.2896,4.3043,4.3251,4.3522,4.3861,4.4278,4.4774,4.533,4.5887,4.635,4.6623,4.6658,4.6491,4.6205,4.588,4.557,4.5302,4.5081,4.4905,4.4768,4.4662,4.458,4.4517,4.4469,4.4431,4.4402,4.438
4.5961,4.5782,4.5596,4.5412,4.5243,4.5098,4.4986,4.4913,4.4883,4.4887,4.4896,4.4837,4.463,4.4327,4.4118,4.4064,4.4031,4.3899,4.3679,4.3436,4.3228,4.3094,4.3051,4.3092,4.3204,4.3378,4.3612,4.3913,4.4284,4.4723,4.5209,4.569,4.609,4.6332,4.638,4.6257,4.6025,4.575,4.548,4.5239,4.5037,4.4874,4.4746,4.4645,4.4568,4.4508,4.4462,4.4427,4.4399,4.4377
4.582,4.5658,4.549,4.5327,4.5178,4.5053,4.496,4.4908,4.4902,4.4939,4.4989,4.4965,4.4741,4.4366,4.411,4.4059,4.4047,4.3946,4.3766,4.357,4.3404,4.3293,4.3248,4.3269,4.3352,4.3493,4.3693,4.3955,4.4279,4.4661,4.5078,4.5487,4.5826,4.6038,4.6094,4.6009,4.5827,4.5601,4.537,4.5159,4.4978,4.483,4.4712,4.4619,4.4548,4.4493,4.445,4.4417,4.4392,4.4372
4.5698,4.555,4.5399,4.5254,4.5123,4.5015,4.4939,4.4903,4.4915,4.4975,4.5057,4.5065,4.4842,4.4427,4.4137,4.4068,4.4053,4.397,4.3827,4.3674,4.3547,4.3459,4.3416,4.3423,4.3482,4.3594,4.3763,4.3987,4.4268,4.4596,4.4949,4.5292,4.5578,4.5761,4.5821,4.5765,4.5626,4.5443,4.5248,4.5066,4.4906,4.4773,4.4667,4.4584,4.452,4.447,4.4433,4.4404,4.4381,4.4364
4.5591,4.5457,4.5322,4.5192,4.5077,4.4983,4.492,4.4896,4.4918,4.4986,4.5075,4.5092,4.4885,4.449,4.4197,4.4098,4.406,4.3984,4.3869,4.3754,4.3661,4.3594,4.3555,4.3552,4.3592,4.3681,4.3821,4.4012,4.4253,4.4531,4.4829,4.5116,4.5355,4.5512,4.5572,4.5537,4.5432,4.5284,4.5121,4.4964,4.4825,4.4708,4.4614,4.4541,4.4485,4.4443,4.4411,4.4387,4.4368,4.4354
4.5499,4.5377,4.5254,4.5139,4.5036,4.4955,4.4901,4.4883,4.4906,4.4968,4.5042,4.5044,4.4859,4.4528,4.4262,4.4137,4.4072,4.3994,4.3899,4.3813,4.3749,4.3701,4.3667,4.3657,4.3683,4.3752,4.3868,4.4031,4.4236,4.4472,4.4722,4.4961,4.5161,4.5295,4.5351,4.5331,4.525,4.513,4.4994,4.4859,4.4737,4.4635,4.4553,4.4491,4.4445,4.441,4.4385,4.4366,4.4352,4.4341
4.5418,4.5306,4.5196,4.5092,4.5,4.4928,4.4881,4.4864,4.4882,4.4928,4.4974,4.4953,4.4793,4.4532,4.4305,4.417,4.4083,4.4001,4.392,4.3857,4.3814,4.3781,4.3753,4.3739,4.3755,4.381,4.3907,4.4045,4.4219,4.4419,4.4629,4.4829,4.4995,4.5109,4.516,4.5148,4.5084,4.4985,4.4869,4.4752,4.4646,4.4558,4.4488,4.4437,4.44,4.4374,4.4356,4.4344,4.4334,4.4327
4.5346,4.5245,4.5144,4.505,4.4968,4.4902,4.4859,4.484,4.4848,4.4874,4.4892,4.4853,4.4717,4.4513,4.4324,4.4189,4.4091,4.4005,4.3932,4.3884,4.3858,4.3837,4.3814,4.38,4.381,4.3855,4.3937,4.4055,4.4203,4.4373,4.455,4.4716,4.4855,4.4951,4.4996,4.4988,4.4936,4.4851,4.4751,4.4648,4.4555,4.4478,4.442,4.4379,4.4352,4.4336,4.4325,4.4319,4.4315,4.4312
4.5283,4.519,4.5098,4.5013,4.4938,4.4877,4.4835,4.4813,4.481,4.4817,4.4811,4.4761,4.4645,4.4483,4.4324,4.4196,4.4093,4.4005,4.3936,4.3897,4.3882,4.387,4.3854,4.3843,4.3852,4.389,4.396,4.4062,4.4189,4.4333,4.4482,4.4623,4.4739,4.4819,4.4857,4.485,4.4805,4.473,4.4641,4.4548,4.4465,4.4398,4.435,4.432,4.4303,4.4295,4.4293,4.4293,4.4295,4.4296
4.5227,4.5141,4.5057,4.4979,4.491,4.4853,4.4811,4.4784,4.4771,4.4762,4.4739,4.4683,4.4582,4.4449,4.4313,4.4193,4.409,4.4002,4.3935,4.3899,4.3889,4.3885,4.3877,4.3871,4.3882,4.3917,4.3979,4.4067,4.4177,4.43,4.4427,4.4545,4.4642,4.4709,4.474,4.4732,4.469,4.4623,4.454,4.4455,4.438,4.4321,4.4282,4.4262,4.4254,4.4255,4.4261,4.4267,4.4274,4.428
4.5177,4.5098,4.502,4.4948,4.4883,4.4829,4.4786,4.4755,4.4733,4.4711,4.4678,4.4619,4.4529,4.4416,4.4297,4.4186,4.4086,4.3999,4.3934,4.3898,4.3889,4.389,4.3889,4.389,4.3904,4.3938,4.3994,4.4072,4.4167,4.4273,4.4381,4.448,4.4562,4.4617,4.4641,4.4632,4.4592,4.4528,4.445,4.4371,4.4301,4.4249,4.4218,4.4206,4.4208,4.4217,4.4229,4.4242,4.4254,4.4264
4.5132,4.5059,4.4987,4.4919,4.4858,4.4805,4.4762,4.4727,4.4698,4.4667,4.4626,4.4567,4.4485,4.4386,4.4281,4.4178,4.4083,4.4,4.3936,4.39,4.3889,4.3892,4.3896,4.3904,4.3922,4.3956,4.4007,4.4077,4.416,4.4251,4.4343,4.4427,4.4496,4.4541,4.456,4.4548,4.4509,4.4447,4.4372,4.4296,4.423,4.4184,4.416,4.4155,4.4164,4.4181,4.42,4.4218,4.4234,4.4248
4.5092,4.5023,4.4956,4.4892,4.4834,4.4783,4.4739,4.4701,4.4666,4.4629,4.4584,4.4524,4.4449,4.4361,4.4266,4.4172,4.4084,4.4005,4.3944,4.3907,4.3895,4.3897,4.3905,4.3917,4.3938,4.3971,4.4019,4.4081,4.4154,4.4233,4.4312,4.4384,4.4441,4.4479,4.4491,4.4478,4.4439,4.4379,4.4306,4.4233,4.4171,4.4128,4.411,4.4111,4.4127,4.4149,4.4174,4.4197,4.4217,4.4234
4.5054,4.499,4.4927,4.4867,4.4812,4.4761,4.4717,4.4676,4.4637,4.4596,4.4549,4.449,4.442,4.434,4.4255,4.4169,4.4087,4.4015,4.3958,4.3922,4.3907,4.3907,4.3916,4.3931,4.3953,4.3986,4.4031,4.4086,4.415,4.4219,4.4287,4.4348,4.4396,4.4427,4.4435,4.442,4.4381,4.4322,4.4253,4.4182,4.4123,4.4084,4.4069,4.4075,4.4095,4.4123,4.4151,4.4178,4.4201,4.4221
4.5021,4.496,4.4901,4.4844,4.479,4.4741,4.4696,4.4654,4.4612,4.4569,4.452,4.4463,4.4397,4.4324,4.4246,4.4168,4.4094,4.4028,4.3975,4.3941,4.3925,4.3923,4.3931,4.3946,4.3969,4.4001,4.4042,4.4092,4.4148,4.4208,4.4267,4.4319,4.436,4.4384,4.4389,4.4372,4.4334,4.4278,4.4211,4.4143,4.4087,4.4052,4.404,4.4049,4.4072,4.4102,4.4133,4.4162,4.4188,4.4209
4.499,4.4932,4.4876,4.4822,4.477,4.4722,4.4677,4.4633,4.4591,4.4546,4.4497,4.4441,4.4379,4.4312,4.4241,4.4171,4.4103,4.4044,4.3996,4.3963,4.3946,4.3943,4.395,4.3964,4.3986,4.4016,4.4053,4.4098,4.4148,4.42,4.4251,4.4295,4.433,4.4349,4.4351,4.4334,4.4297,4.4243,4.418,4.4117,4.4064,4.4031,4.4021,4.4032,4.4056,4.4087,4.412,4.415,4.4177,4.42
4.4961,4.4907,4.4853,4.4801,4.4752,4.4704,4.4659,4.4615,4.4572,4.4526,4.4478,4.4424,4.4366,4.4304,4.4239,4.4175,4.4115,4.4061,4.4017,4.3986,4.3969,4.3965,4.397,4.3983,4.4003,4.4031,4.4065,4.4105,4.4149,4.4194,4.4238,4.4276,4.4305,4.4321,4.4321,4.4303,4.4268,4.4218,4.4159,4.41,4.4052,4.4021,4.4013,4.4023,4.4047,4.4078,4.4111,4.4142,4.4169,4.4193
