docs/data/wind_grid.json
[{"header":{"la1":42.85,"la2":41.18,"lo1":11.55,"lo2":14.05,"nx":36,"ny":24,"dx":0.07143,"dy":0.07261,"parameterCategory":2,"parameterNumber":2,"parameterNumberName":"eastward_wind","parameterUnit":"m.s-1"},"data":[-0.8295,-0.84,-0.8507,-0.8614,-0.8712,-0.8786,-0.8813,-0.8766,-0.8629,-0.8405,-0.8117,-0.7806,-0.7507,-0.7247,-0.704,-0.6887,-0.6782,-0.6711,-0.6661,-0.6617,-0.6571,-0.6518,-0.6459,-0.6395,-0.6329,-0.6262,-0.6197,-0.6135,-0.6076,-0.602,-0.5969,-0.5921,-0.5877,-0.5837,-0.5801,-0.5769,-0.8453,-0.8586,-0.8731,-0.8888,-0.905,-0.9198,-0.9295,-0.9288,-0.9135,-0.8833,-0.8428,-0.7993,-0.7591,-0.7259,-0.7012,-0.6847,-0.6752,-0.6703,-0.6676,-0.6649,-0.6608,-0.6552,-0.6484,-0.641,-0.6333,-0.6258,-0.6185,-0.6115,-0.6051,-0.5991,-0.5936,-0.5886,-0.584,-0.5799,-0.5762,-0.5728,-0.8616,-0.8781,-0.8969,-0.9188,-0.9442,-0.9715,-0.9952,-1.0046,-0.9888,-0.9456,-0.885,-0.8215,-0.766,-0.7232,-0.6941,-0.6774,-0.6708,-0.6704,-0.6719,-0.6716,-0.6677,-0.6609,-0.6523,-0.6432,-0.634,-0.6252,-0.6169,-0.6092,-0.6022,-0.5957,-0.5899,-0.5846,-0.5798,-0.5755,-0.5717,-0.5684,-0.8784,-0.898,-0.921,-0.9498,-0.9872,-1.0344,-1.0854,-1.1198,-1.1081,-1.0407,-0.9424,-0.8459,-0.7685,-0.7138,-0.6804,-0.6653,-0.6648,-0.6732,-0.6825,-0.6852,-0.6798,-0.6696,-0.6577,-0.6459,-0.6347,-0.6243,-0.6149,-0.6063,-0.5986,-0.5917,-0.5855,-0.58,-0.575,-0.5706,-0.5668,-0.5634,-0.8958,-0.9181,-0.9444,-0.9788,-1.0288,-1.1037,-1.2054,-1.3007,-1.308,-1.1882,-1.0157,-0.8666,-0.7608,-0.693,-0.6561,-0.6454,-0.6567,-0.682,-0.7057,-0.7112,-0.6993,-0.6814,-0.664,-0.6485,-0.6349,-0.6228,-0.6121,-0.6026,-0.5943,-0.587,-0.5805,-0.5747,-0.5696,-0.5652,-0.5612,-0.5579,-0.9145,-0.9393,-0.9671,-1.0028,-1.0593,-1.1606,-1.3373,-1.5665,-1.6364,-1.3943,-1.0852,-0.8676,-0.7338,-0.6548,-0.6156,-0.6121,-0.6423,-0.6977,-0.7487,-0.7533,-0.724,-0.6934,-0.6694,-0.6501,-0.6339,-0.62,-0.6081,-0.5978,-0.589,-0.5813,-0.5746,-0.5687,-0.5635,-0.559,-0.555,-0.5517,-0.936,-0.9646,-0.9929,-1.0234,-1.0701,-1.1698,-1.3919,-1.7808,-1.9615,-1.5286,-1.0807,-0.8239,-0.6791,-0.5927,-0.5494,-0.5531,-0.607,-0.7008,-0.7875,-0.7867,-0.7383,-0.6994,-0.6716,-0.6496,-0.6311,-0.6155,-0.6025,-0.5916,-0.5825,-0.5747,-0.5679,-0.5619,-0.5566,-0.552,-0.5481,-0.5448,-0.9622,-0.9993,-1.0323,-1.0546,-1.0714,-1.1176,-1.2597,-1.538,-1.6521,-1.2887,-0.9338,-0.7276,-0.5981,-0.5031,-0.4408,-0.4438,-0.5267,-0.6491,-0.7437,-0.7561,-0.7269,-0.697,-0.6704,-0.6465,-0.6258,-0.6087,-0.5949,-0.5837,-0.5746,-0.5669,-0.5601,-0.5541,-0.5488,-0.5442,-0.5402,-0.537,-0.993,-1.0486,-1.1027,-1.1302,-1.1066,-1.0597,-1.0468,-1.0647,-1.0117,-0.8566,-0.7187,-0.6122,-0.5098,-0.3909,-0.2568,-0.2303,-0.3897,-0.5738,-0.6841,-0.7215,-0.7182,-0.6966,-0.6685,-0.6409,-0.6173,-0.5987,-0.5846,-0.5739,-0.5653,-0.5579,-0.5514,-0.5454,-0.54,-0.5353,-0.5313,-0.5282,-1.0224,-1.1078,-1.2145,-1.2974,-1.2413,-1.0647,-0.9131,-0.7775,-0.5997,-0.5051,-0.5377,-0.5207,-0.4424,-0.2962,0.0226,0.1785,-0.2421,-0.5713,-0.7253,-0.7644,-0.747,-0.7087,-0.6675,-0.6318,-0.6042,-0.5846,-0.5713,-0.562,-0.5547,-0.5481,-0.5418,-0.5357,-0.5301,-0.5251,-0.5211,-0.5181,-1.0361,-1.1476,-1.319,-1.5196,-1.463,-1.1081,-0.8652,-0.684,-0.3412,-0.1822,-0.4319,-0.474,-0.4077,-0.2955,-0.0165,0.1823,-0.3443,-0.7643,-0.9358,-0.9079,-0.8157,-0.729,-0.6626,-0.6154,-0.5841,-0.5652,-0.5548,-0.5485,-0.5433,-0.5377,-0.5315,-0.525,-0.5187,-0.5133,-0.5092,-0.5064,-1.0203,-1.127,-1.2903,-1.4777,-1.4081,-1.0556,-0.8608,-0.7937,-0.5541,-0.3607,-0.4722,-0.4732,-0.3847,-0.2696,-0.2798,-0.3748,-0.7445,-1.3072,-1.4426,-1.1509,-0.8943,-0.7359,-0.6424,-0.5874,-0.5558,-0.5408,-0.5362,-0.5348,-0.5322,-0.5273,-0.5205,-0.5128,-0.5054,-0.4992,-0.4948,-0.4924,-0.9765,-1.0498,-1.1384,-1.1962,-1.1168,-0.9438,-0.8656,-0.905,-0.8158,-0.6241,-0.5492,-0.5128,-0.4272,-0.2406,-0.2989,-0.5735,-1.0735,-2.1435,-2.1599,-1.3362,-0.9003,-0.6927,-0.5947,-0.5483,-0.5248,-0.5164,-0.5193,-0.5233,-0.5228,-0.5175,-0.5088,-0.4987,-0.4891,-0.4816,-0.477,-0.4754,-0.9206,-0.9597,-0.9923,-0.9933,-0.9414,-0.8694,-0.8405,-0.8605,-0.8064,-0.6645,-0.58,-0.5611,-0.5387,-0.3344,-0.4617,-0.7607,-1.1517,-1.6778,-1.7121,-1.1272,-0.7367,-0.5617,-0.5103,-0.5055,-0.5066,-0.5047,-0.5103,-0.5168,-0.5164,-0.5087,-0.4958,-0.4809,-0.4676,-0.4584,-0.4541,-0.4542,-0.8669,-0.8842,-0.8918,-0.8808,-0.8496,-0.8132,-0.7896,-0.7709,-0.7186,-0.6422,-0.5931,-0.5628,-0.4925,-0.4076,-0.572,-1.0802,-1.5665,-1.2121,-1.0095,-0.6867,-0.3861,-0.3123,-0.3812,-0.4535,-0.4943,-0.5048,-0.5109,-0.5171,-0.5143,-0.5008,-0.4797,-0.4565,-0.4372,-0.426,-0.4235,-0.4274,-0.8214,-0.8271,-0.8252,-0.8128,-0.7911,-0.7656,-0.7404,-0.7106,-0.6685,-0.6246,-0.6046,-0.599,-0.5801,-0.5517,-0.6562,-1.0135,-1.3314,-0.9455,-0.6168,-0.2938,0.103,0.0284,-0.2373,-0.3936,-0.4719,-0.5061,-0.5227,-0.5285,-0.5189,-0.4938,-0.4576,-0.4195,-0.3909,-0.3789,-0.382,-0.3939,-0.7845,-0.7844,-0.7788,-0.7669,-0.7495,-0.7285,-0.7049,-0.6778,-0.6478,-0.6215,-0.609,-0.6142,-0.6842,-0.7237,-0.676,-0.7363,-0.7273,-0.4741,-0.2232,-0.1033,0.1814,0.0879,-0.1929,-0.369,-0.4732,-0.5338,-0.5615,-0.5603,-0.5348,-0.4881,-0.4249,-0.3598,-0.317,-0.3093,-0.3269,-0.3539,-0.7548,-0.7518,-0.7449,-0.7337,-0.7188,-0.701,-0.6811,-0.6599,-0.6394,-0.6242,-0.6198,-0.6372,-0.7106,-0.7297,-0.6588,-0.6178,-0.4666,-0.0431,0.3041,0.0264,-0.0451,-0.1058,-0.2477,-0.3924,-0.5178,-0.6119,-0.6449,-0.62,-0.5652,-0.4851,-0.3779,-0.265,-0.2022,-0.2131,-0.2612,-0.3118,-0.7307,-0.7263,-0.7189,-0.7086,-0.6957,-0.6807,-0.6645,-0.6482,-0.6337,-0.6238,-0.6217,-0.6311,-0.65,-0.6516,-0.658,-0.6613,-0.4333,-0.0398,0.197,0.0683,-0.063,-0.174,-0.2897,-0.4267,-0.5837,-0.7261,-0.7562,-0.6941,-0.6066,-0.489,-0.3275,-0.1457,-0.0609,-0.1117,-0.2026,-0.2787,-0.711,-0.7058,-0.6985,-0.689,-0.6777,-0.665,-0.6517,-0.6386,-0.6272,-0.6188,-0.6147,-0.6148,-0.6158,-0.6151,-0.6317,-0.6196,-0.4266,-0.1517,0.1009,0.173,-0.0308,-0.1727,-0.2861,-0.4301,-0.6114,-0.763,-0.7907,-0.7583,-0.6524,-0.5068,-0.3181,-0.0988,-0.0028,-0.0758,-0.1844,-0.2687,-0.6945,-0.689,-0.6819,-0.6733,-0.6632,-0.6522,-0.6408,-0.6296,-0.6194,-0.6108,-0.6038,-0.5977,-0.5903,-0.5801,-0.5646,-0.5157,-0.391,-0.2091,-0.0241,0.0279,-0.0705,-0.1387,-0.211,-0.3706,-0.5925,-0.8089,-0.9934,-0.9075,-0.6919,-0.5243,-0.3688,-0.2,-0.1123,-0.1461,-0.2206,-0.2866,-0.6805,-0.675,-0.6682,-0.6601,-0.651,-0.6412,-0.6309,-0.6207,-0.6108,-0.6013,-0.592,-0.5816,-0.5685,-0.55,-0.5204,-0.4676,-0.381,-0.2704,-0.1696,-0.1201,-0.0925,-0.0059,0.0026,-0.2272,-0.5349,-0.8576,-1.162,-0.9681,-0.6162,-0.4831,-0.4103,-0.3214,-0.2583,-0.2531,-0.2834,-0.3214,-0.6686,-0.663,-0.6565,-0.6489,-0.6405,-0.6314,-0.6219,-0.6121,-0.6021,-0.5918,-0.5806,-0.5676,-0.5511,-0.5287,-0.4966,-0.45,-0.3871,-0.314,-0.2439,-0.179,-0.0768,0.118,0.1772,-0.1096,-0.4409,-0.7023,-0.8311,-0.6433,-0.3645,-0.3761,-0.4059,-0.382,-0.3481,-0.3339,-0.3407,-0.3584,-0.6582,-0.6527,-0.6464,-0.6392,-0.6313,-0.6227,-0.6136,-0.604,-0.5938,-0.5829,-0.5707,-0.5562,-0.5384,-0.5153,-0.485,-0.4458,-0.3976,-0.3434,-0.2863,-0.2205,-0.1247,-0.0005,0.0169,-0.1625,-0.3878,-0.5504,-0.5942,-0.4742,-0.3283,-0.353,-0.4004,-0.4057,-0.3927,-0.3826,-0.382,-0.3893]},{"header":{"la1":42.85,"la2":41.18,"lo1":11.55,"lo2":14.05,"nx":36,"ny":24,"dx":0.07143,"dy":0.07261,"parameterCategory":2,"parameterNumber":3,"parameterNumberName":"northward_wind","parameterUnit":"m.s-1"},"data":[-0.8374,-0.8326,-0.8266,-0.8191,-0.8106,-0.8016,-0.7932,-0.7866,-0.7824,-0.7802,-0.7786,-0.7755,-0.7692,-0.7589,-0.7445,-0.7267,-0.7072,-0.6882,-0.6724,-0.6615,-0.6564,-0.6562,-0.6597,-0.6653,-0.6721,-0.6793,-0.6865,-0.6937,-0.7007,-0.7074,-0.714,-0.7204,-0.7265,-0.7324,-0.738,-0.7434,-0.8409,-0.8355,-0.8282,-0.8187,-0.8072,-0.7945,-0.7824,-0.7735,-0.7697,-0.7708,-0.7737,-0.7745,-0.7704,-0.7596,-0.7421,-0.7189,-0.6922,-0.6659,-0.6445,-0.6315,-0.6277,-0.6312,-0.6392,-0.6491,-0.6593,-0.6693,-0.6787,-0.6876,-0.6959,-0.7039,-0.7114,-0.7187,-0.7256,-0.7322,-0.7385,-0.7443,-0.8448,-0.8389,-0.8302,-0.8182,-0.8022,-0.7828,-0.7632,-0.7488,-0.7453,-0.7527,-0.7649,-0.7736,-0.7737,-0.763,-0.7416,-0.7105,-0.6726,-0.6339,-0.6031,-0.5875,-0.5879,-0.5991,-0.6149,-0.6311,-0.646,-0.6594,-0.6712,-0.6819,-0.6917,-0.7009,-0.7095,-0.7176,-0.7254,-0.7327,-0.7396,-0.746,-0.8492,-0.843,-0.8333,-0.8185,-0.7963,-0.7659,-0.7307,-0.7025,-0.6973,-0.7185,-0.75,-0.7736,-0.7811,-0.7714,-0.7453,-0.7032,-0.6473,-0.5864,-0.5381,-0.5199,-0.5317,-0.5586,-0.5873,-0.6125,-0.6332,-0.6502,-0.6646,-0.6771,-0.6883,-0.6987,-0.7083,-0.7174,-0.726,-0.7341,-0.7417,-0.7487,-0.8539,-0.8478,-0.838,-0.8214,-0.7928,-0.746,-0.6803,-0.6163,-0.602,-0.6553,-0.7282,-0.7777,-0.7959,-0.7879,-0.7568,-0.7012,-0.6183,-0.5161,-0.4319,-0.4134,-0.4544,-0.5114,-0.5597,-0.5956,-0.6223,-0.6428,-0.6594,-0.6736,-0.6861,-0.6975,-0.7082,-0.7182,-0.7277,-0.7366,-0.7449,-0.7524,-0.8581,-0.8527,-0.8443,-0.8289,-0.7977,-0.7345,-0.6202,-0.4717,-0.4226,-0.5555,-0.7097,-0.7943,-0.8226,-0.8161,-0.782,-0.7142,-0.5983,-0.428,-0.2694,-0.2594,-0.3654,-0.4688,-0.5387,-0.5841,-0.6151,-0.6381,-0.6563,-0.6717,-0.6853,-0.6977,-0.7093,-0.7203,-0.7306,-0.7404,-0.7494,-0.7576,-0.8605,-0.8554,-0.8494,-0.8401,-0.8176,-0.7558,-0.6076,-0.3465,-0.2268,-0.4926,-0.7355,-0.8377,-0.865,-0.8587,-0.8273,-0.7574,-0.6209,-0.3881,-0.1373,-0.1433,-0.3197,-0.4546,-0.5333,-0.5809,-0.613,-0.6368,-0.6559,-0.672,-0.6863,-0.6995,-0.7119,-0.7238,-0.7352,-0.7459,-0.7557,-0.7645,-0.8592,-0.8514,-0.8454,-0.8451,-0.8467,-0.8247,-0.7287,-0.5291,-0.4428,-0.672,-0.8557,-0.9142,-0.9204,-0.9147,-0.8997,-0.8452,-0.7153,-0.5007,-0.2797,-0.2613,-0.3829,-0.4832,-0.5454,-0.586,-0.6158,-0.6392,-0.6585,-0.6749,-0.6895,-0.7031,-0.7163,-0.7292,-0.7416,-0.7534,-0.7641,-0.7735,-0.8531,-0.8357,-0.8179,-0.8168,-0.8526,-0.9072,-0.9325,-0.9237,-0.9551,-1.0321,-1.0441,-1.0064,-0.9748,-0.9766,-1.0114,-0.997,-0.8579,-0.673,-0.5239,-0.4694,-0.4903,-0.5289,-0.5642,-0.5951,-0.6224,-0.6459,-0.6653,-0.6812,-0.6953,-0.7089,-0.7226,-0.7367,-0.7505,-0.7635,-0.7753,-0.7854,-0.845,-0.8094,-0.7553,-0.7119,-0.7746,-0.9485,-1.1085,-1.2404,-1.3951,-1.4329,-1.2485,-1.0823,-1.0064,-1.0193,-1.1709,-1.2548,-0.9866,-0.7624,-0.6325,-0.5688,-0.5497,-0.5559,-0.5759,-0.6034,-0.6332,-0.6592,-0.6785,-0.6923,-0.7043,-0.7169,-0.7312,-0.7467,-0.7624,-0.7771,-0.7901,-0.8008,-0.8433,-0.7912,-0.689,-0.5467,-0.6026,-0.9607,-1.2552,-1.4488,-1.7419,-1.8896,-1.3979,-1.1056,-1.0005,-0.9982,-1.1404,-1.2572,-0.9488,-0.729,-0.6216,-0.5721,-0.5512,-0.5522,-0.5734,-0.6105,-0.653,-0.6863,-0.7034,-0.7104,-0.7167,-0.7271,-0.7421,-0.7599,-0.7783,-0.7954,-0.8098,-0.8209,-0.8566,-0.8096,-0.7151,-0.5837,-0.6616,-1.0728,-1.4276,-1.6087,-1.6608,-1.6778,-1.3105,-1.0593,-0.9737,-0.9784,-0.9621,-0.9057,-0.7481,-0.5975,-0.5422,-0.524,-0.5122,-0.5191,-0.5552,-0.6204,-0.6959,-0.744,-0.7492,-0.737,-0.7314,-0.7385,-0.7554,-0.7774,-0.8002,-0.8205,-0.8364,-0.8474,-0.8834,-0.8621,-0.8292,-0.8195,-0.9439,-1.2325,-1.5501,-1.7755,-1.6537,-1.3956,-1.146,-0.9931,-0.9429,-0.9813,-0.9316,-0.7309,-0.5486,-0.487,-0.4827,-0.4608,-0.4408,-0.4514,-0.5146,-0.6342,-0.7819,-0.8575,-0.8214,-0.767,-0.7436,-0.7488,-0.7714,-0.8013,-0.8311,-0.8557,-0.8729,-0.8826,-0.9121,-0.9154,-0.9279,-0.9735,-1.0868,-1.2709,-1.4839,-1.6505,-1.5538,-1.2515,-1.0376,-0.9637,-0.9458,-0.8113,-0.754,-0.4331,-0.16,-0.3345,-0.4057,-0.3641,-0.3091,-0.3183,-0.4272,-0.621,-0.8689,-0.9825,-0.8786,-0.777,-0.7434,-0.7559,-0.7922,-0.8363,-0.8768,-0.9067,-0.9237,-0.9294,-0.9329,-0.9491,-0.9774,-1.028,-1.1094,-1.2157,-1.3203,-1.366,-1.2711,-1.0833,-0.9473,-0.8819,-0.8127,-0.7047,-0.6076,0.1639,1.0017,0.1079,-0.2344,-0.1928,-0.0192,-0.0397,-0.2597,-0.519,-0.7751,-0.894,-0.8146,-0.734,-0.7223,-0.7601,-0.8233,-0.8914,-0.9477,-0.9825,-0.9951,-0.9912,-0.9428,-0.9623,-0.9904,-1.0302,-1.0811,-1.1346,-1.1711,-1.1604,-1.0817,-0.9665,-0.8956,-0.8192,-0.797,-0.7294,-0.5541,0.0649,0.6314,0.0327,-0.2404,-0.0085,0.5794,0.434,-0.059,-0.372,-0.56,-0.6449,-0.6416,-0.6372,-0.6808,-0.7667,-0.8754,-0.9825,-1.0612,-1.0968,-1.0948,-1.071,-0.9434,-0.961,-0.9834,-1.0103,-1.0389,-1.0618,-1.0674,-1.0435,-0.9878,-0.9214,-0.8852,-0.8401,-0.7989,-0.7726,-0.633,-0.4079,-0.2814,-0.4486,-0.5453,-0.1511,0.6466,0.4766,-0.0364,-0.296,-0.3935,-0.4107,-0.4263,-0.4984,-0.6239,-0.7834,-0.9638,-1.1347,-1.2442,-1.2669,-1.2284,-1.1676,-0.9375,-0.9515,-0.9673,-0.9838,-0.998,-1.005,-0.9991,-0.976,-0.9381,-0.8962,-0.8608,-0.8245,-0.7954,-0.777,-0.7077,-0.6481,-0.6299,-0.856,-1.1195,-0.6403,-0.1674,-0.0747,-0.2153,-0.3005,-0.2561,-0.1232,-0.1094,-0.3055,-0.5594,-0.8168,-1.0986,-1.3741,-1.5244,-1.4998,-1.3878,-1.2699,-0.9279,-0.938,-0.9483,-0.9573,-0.9629,-0.9622,-0.9525,-0.9327,-0.9047,-0.8733,-0.8421,-0.8113,-0.7837,-0.7606,-0.7656,-0.7766,-0.7377,-0.874,-0.9998,-0.7744,-0.5589,-0.423,-0.389,-0.3367,-0.1293,0.2983,0.3874,-0.1084,-0.5302,-0.8673,-1.249,-1.6653,-1.8593,-1.7411,-1.5291,-1.3512,-0.9166,-0.9233,-0.9293,-0.9333,-0.934,-0.9296,-0.919,-0.9019,-0.8795,-0.8542,-0.8277,-0.8014,-0.7772,-0.7603,-0.7661,-0.7694,-0.7486,-0.7793,-0.8011,-0.7996,-0.6832,-0.5771,-0.5131,-0.4188,-0.1808,0.3351,0.4514,-0.2354,-0.6268,-0.9259,-1.3086,-1.7804,-1.9938,-1.8268,-1.5753,-1.3783,-0.9048,-0.9089,-0.9117,-0.9125,-0.9103,-0.9043,-0.8937,-0.8787,-0.86,-0.8388,-0.8164,-0.794,-0.7735,-0.758,-0.7505,-0.7447,-0.7388,-0.7467,-0.7627,-0.7571,-0.7028,-0.6601,-0.6259,-0.5569,-0.4576,-0.4486,-0.7742,-0.8046,-0.8388,-0.9914,-1.2374,-1.5686,-1.7511,-1.6702,-1.4962,-1.3407,-0.8934,-0.8953,-0.896,-0.8948,-0.891,-0.8842,-0.8741,-0.8608,-0.8447,-0.8267,-0.8077,-0.7886,-0.7709,-0.7561,-0.7451,-0.7368,-0.7312,-0.7304,-0.7311,-0.7248,-0.7186,-0.7405,-0.7448,-0.6883,-0.6746,-0.8472,-1.1627,-1.0582,-1.0354,-1.0859,-1.1652,-1.3165,-1.4338,-1.4333,-1.3566,-1.2635,-0.8826,-0.8831,-0.8822,-0.8797,-0.8751,-0.8681,-0.8586,-0.8467,-0.8327,-0.8172,-0.8009,-0.7846,-0.7692,-0.7555,-0.7442,-0.7351,-0.7284,-0.7242,-0.7219,-0.7228,-0.7395,-0.7874,-0.8029,-0.753,-0.7581,-0.8668,-1.001,-1.0892,-1.241,-1.2089,-1.1551,-1.1853,-1.2383,-1.2545,-1.2283,-1.1804,-0.8727,-0.8721,-0.8703,-0.867,-0.862,-0.855,-0.8462,-0.8354,-0.8232,-0.8098,-0.7957,-0.7816,-0.7681,-0.7558,-0.7451,-0.7362,-0.7293,-0.7246,-0.7229,-0.7267,-0.742,-0.7684,-0.7766,-0.7647,-0.7858,-0.8593,-0.9665,-1.1176,-1.266,-1.2272,-1.146,-1.1245,-1.1359,-1.1438,-1.134,-1.1095]}]