docs/data/wind_grid.json
[{"header":{"la1":42.85,"la2":41.18,"lo1":11.55,"lo2":14.05,"nx":36,"ny":24,"dx":0.07143,"dy":0.07261,"parameterCategory":2,"parameterNumber":2,"parameterNumberName":"eastward_wind","parameterUnit":"m.s-1"},"data":[3.688,3.7016,3.7186,3.7385,3.7602,3.7812,3.7986,3.8086,3.8085,3.7971,3.775,3.7437,3.7046,3.6578,3.603,3.5392,3.4651,3.3802,3.2854,3.1853,3.0906,3.0175,2.9801,2.9817,3.013,3.0598,3.1106,3.1583,3.2,3.235,3.2638,3.2873,3.3064,3.322,3.3348,3.3456,3.679,3.6949,3.7162,3.7428,3.7738,3.8061,3.8348,3.8537,3.8574,3.8443,3.8166,3.7784,3.7323,3.6787,3.6163,3.5429,3.4557,3.3518,3.2289,3.0888,2.9467,2.8356,2.7894,2.813,2.8814,2.9647,3.044,3.1117,3.1667,3.2102,3.2444,3.2713,3.2925,3.3094,3.323,3.3343,3.6642,3.6817,3.7072,3.7419,3.7857,3.8353,3.8833,3.9178,3.9275,3.9093,3.8705,3.8208,3.7654,3.7045,3.6351,3.5528,3.4531,3.3299,3.1737,2.9741,2.7435,2.5529,2.4948,2.5744,2.7172,2.8599,2.9781,3.0693,3.138,3.1894,3.228,3.2574,3.28,3.2976,3.3116,3.323,3.6417,3.6592,3.6878,3.7312,3.7918,3.8682,3.9505,4.0158,4.0359,4.0033,3.9399,3.8702,3.8028,3.735,3.6602,3.5711,3.4616,3.3246,3.1415,2.866,2.4655,2.0863,2.0214,2.2496,2.5335,2.7615,2.9244,3.038,3.1178,3.1746,3.2157,3.2461,3.269,3.2865,3.3003,3.3115,3.61,3.6243,3.6529,3.7031,3.783,3.8983,4.0427,4.176,4.2186,4.1436,4.0252,3.9225,3.8414,3.7694,3.6926,3.6,3.4846,3.346,3.1714,2.8512,2.1708,1.3458,1.3321,1.9019,2.3897,2.7029,2.899,3.0252,3.1093,3.167,3.2078,3.2374,3.2592,3.2758,3.2887,3.2993,3.5682,3.5749,3.5976,3.6478,3.7434,3.905,4.1479,4.4317,4.5335,4.338,4.1103,3.9659,3.8763,3.8066,3.7338,3.6423,3.5232,3.3896,3.2856,3.0666,2.2157,0.9074,0.9808,1.8229,2.3943,2.7213,2.9146,3.0349,3.1133,3.1665,3.2037,3.2303,3.2499,3.2647,3.2763,3.2858,3.5175,3.5129,3.5233,3.5608,3.6558,3.8484,4.1788,4.6587,4.8677,4.4735,4.1413,3.9837,3.9034,3.8462,3.7853,3.7023,3.5823,3.4383,3.3805,3.3205,2.7266,1.9425,1.8113,2.2186,2.582,2.8186,2.9673,3.0628,3.1264,3.1702,3.2012,3.2235,3.2399,3.2522,3.262,3.2703,3.4605,3.4455,3.4514,3.4712,3.5302,3.7098,4.0162,4.4089,4.5717,4.3003,4.0747,3.9733,3.9251,3.8895,3.8468,3.7818,3.6742,3.5211,3.3876,3.2608,2.9916,2.7792,2.6446,2.6957,2.8278,2.9472,3.0347,3.0965,3.1409,3.1735,3.1974,3.2148,3.2274,3.2369,3.2445,3.2514,3.3977,3.3713,3.4095,3.4759,3.4143,3.5323,3.7736,3.9846,4.0654,4.0233,3.9762,3.9576,3.9516,3.9384,3.9102,3.8689,3.7895,3.6548,3.479,3.238,2.9436,2.9481,2.9763,2.9842,3.0149,3.0526,3.0875,3.1191,3.147,3.1705,3.1885,3.2015,3.2105,3.2169,3.2223,3.2279,3.3282,3.2528,3.2234,3.229,3.102,3.3176,3.5999,3.7732,3.8461,3.8727,3.9129,3.959,3.9959,3.9999,3.9491,3.9158,3.8903,3.8024,3.6459,3.3873,3.0891,3.0707,3.1391,3.1401,3.1178,3.0999,3.0984,3.1129,3.1349,3.156,3.1717,3.1815,3.1869,3.1901,3.1932,3.1977,3.2704,3.1099,2.8083,2.2146,2.3377,3.101,3.5208,3.6965,3.7924,3.8157,3.8865,3.9833,4.073,4.1174,4.0212,3.9415,3.9734,3.9655,3.8781,3.6796,3.4626,3.3506,3.2975,3.2213,3.1262,3.0549,3.0372,3.0613,3.0976,3.1275,3.1453,3.1529,3.1544,3.1538,3.1545,3.1583,3.2618,3.0785,2.7439,2.2537,2.4052,3.1533,3.5385,3.6422,3.7343,3.8094,3.8978,4.0203,4.1717,4.3629,4.2718,4.0853,4.0814,4.2227,4.2143,3.9687,3.7341,3.5601,3.4047,3.2134,2.9921,2.8497,2.8623,2.9531,3.0368,3.088,3.1104,3.1143,3.1095,3.1038,3.102,3.1063,3.3111,3.1802,3.0046,2.8714,3.0194,3.3711,3.5811,3.6015,3.6545,3.7911,3.9202,4.0495,4.1596,4.4741,4.3755,4.0516,4.1064,4.6514,4.6646,4.1646,3.8853,3.6812,3.4537,3.1135,2.6465,2.3804,2.5496,2.8086,2.9721,3.0477,3.0692,3.0626,3.0464,3.0331,3.0292,3.0365,3.3905,3.321,3.2587,3.2527,3.3525,3.5084,3.61,3.6291,3.6753,3.8011,3.9204,4.0816,4.115,3.8707,3.98,3.7545,3.9304,4.337,4.4162,4.1446,3.9411,3.7603,3.5049,3.043,2.2748,1.8422,2.2816,2.7272,2.9447,3.0201,3.0215,2.9901,2.9535,2.9298,2.9264,2.9421,3.4709,3.4414,3.4281,3.4494,3.5118,3.5916,3.6533,3.693,3.747,3.8179,3.8679,3.9111,3.913,3.8254,3.868,3.7091,4.2043,4.1323,4.1457,4.0692,3.968,3.8481,3.6189,3.1948,2.5422,2.1671,2.4785,2.827,2.9843,3.008,2.9577,2.8784,2.8084,2.7732,2.7784,2.8146,3.5394,3.531,3.536,3.5603,3.6029,3.6535,3.7006,3.7432,3.7867,3.8167,3.802,3.7496,3.8132,3.8783,3.9176,4.0057,4.1844,4.1336,4.1229,4.0663,4.0033,3.9504,3.7608,3.4621,3.1152,2.9093,2.953,3.0517,3.0692,2.9949,2.8538,2.6919,2.57,2.5293,2.5653,2.6458,3.5938,3.5959,3.6074,3.6302,3.6627,3.7003,3.7384,3.7748,3.8061,3.8204,3.8064,3.804,3.8213,3.8423,3.9496,4.0355,4.1155,4.2029,4.2564,4.1481,4.0202,3.9847,3.8491,3.6567,3.4809,3.3786,3.3342,3.275,3.1566,2.9578,2.6762,2.3705,2.1685,2.1501,2.2685,2.4352,3.6362,3.6433,3.657,3.6778,3.7045,3.7348,3.7661,3.7959,3.8208,3.8361,3.8425,3.8514,3.8457,3.868,4.0349,4.1353,4.1948,4.4027,4.6216,4.3426,4.1358,4.0215,3.9022,3.7709,3.6841,3.6726,3.6328,3.4713,3.2309,2.8933,2.4041,1.841,1.5162,1.6013,1.8992,2.2063,3.669,3.6785,3.6927,3.7116,3.7345,3.76,3.7864,3.812,3.8347,3.8534,3.8703,3.8907,3.9226,4.0127,4.2536,4.3496,4.2608,4.4121,4.56,4.4624,4.2703,4.0951,3.9559,3.8394,3.7988,3.9195,3.9405,3.6281,3.2821,2.8361,2.1094,1.1592,0.6781,0.9985,1.5605,2.024,3.6946,3.7051,3.7191,3.7364,3.7566,3.7788,3.8019,3.8248,3.8469,3.8684,3.8915,3.9218,3.9713,4.0695,4.241,4.3048,4.2583,4.3539,4.5749,4.6672,4.3659,4.1566,4.0122,3.8811,3.8092,3.9407,3.9774,3.5765,3.2762,2.8544,2.0526,0.8894,0.3222,0.7809,1.4588,1.9763,3.7145,3.7254,3.7389,3.7549,3.773,3.7928,3.8136,3.8349,3.8565,3.8792,3.905,3.9381,3.9855,4.0546,4.1354,4.1832,4.2127,4.2957,4.4396,4.4774,4.3254,4.2112,4.1125,3.9403,3.7389,3.5423,3.2447,3.2476,3.2403,2.9877,2.3869,1.502,1.0018,1.223,1.6902,2.0965,3.7301,3.7409,3.7538,3.7686,3.7852,3.8031,3.8221,3.842,3.8629,3.8854,3.911,3.9421,3.9811,4.0284,4.0774,4.1185,4.1584,4.2133,4.2731,4.2919,4.2874,4.3618,4.363,4.0856,3.7286,3.3379,2.9537,3.1189,3.3082,3.2157,2.8461,2.3056,1.9252,1.9002,2.0901,2.3231,3.7423,3.7528,3.765,3.7788,3.794,3.8104,3.8279,3.8464,3.866,3.8873,3.9111,3.9384,3.9698,4.0046,4.0399,4.0734,4.1068,4.1428,4.1776,4.2116,4.2934,4.507,4.579,4.2133,3.7976,3.4614,3.268,3.3561,3.5336,3.4598,3.1773,2.8207,2.541,2.4311,2.4643,2.5667,3.7516,3.7618,3.7733,3.7861,3.8001,3.8152,3.8312,3.8483,3.8664,3.8859,3.9071,3.9304,3.9558,3.9827,4.0097,4.036,4.0617,4.0876,4.1149,4.1532,4.2318,4.3599,4.372,4.1346,3.8313,3.5906,3.4632,3.4807,3.5671,3.51,3.3121,3.0775,2.8821,2.7711,2.7449,2.7762]},{"header":{"la1":42.85,"la2":41.18,"lo1":11.55,"lo2":14.05,"nx":36,"ny":24,"dx":0.07143,"dy":0.07261,"parameterCategory":2,"parameterNumber":3,"parameterNumberName":"northward_wind","parameterUnit":"m.s-1"},"data":[1.3786,1.3754,1.3685,1.3579,1.3443,1.3292,1.3145,1.3018,1.2924,1.2864,1.2828,1.2803,1.2777,1.2742,1.2697,1.2649,1.2613,1.2609,1.2655,1.2755,1.2887,1.3004,1.3058,1.3032,1.2943,1.2824,1.2706,1.2604,1.2526,1.2472,1.2441,1.2429,1.2432,1.2447,1.247,1.2498,1.3993,1.3967,1.3887,1.3748,1.3561,1.3346,1.3135,1.2961,1.2848,1.2794,1.2782,1.2783,1.2774,1.2743,1.2686,1.2614,1.2549,1.2531,1.2603,1.2788,1.3051,1.3288,1.3386,1.3318,1.3143,1.2938,1.2753,1.2608,1.2505,1.244,1.2406,1.2397,1.2407,1.243,1.2462,1.2499,1.4262,1.4257,1.417,1.3989,1.3722,1.34,1.308,1.2825,1.2683,1.2656,1.2699,1.2754,1.278,1.2759,1.2685,1.2568,1.2442,1.2373,1.2462,1.2792,1.3329,1.383,1.3996,1.3793,1.3426,1.3069,1.2788,1.2589,1.2461,1.2388,1.2356,1.2355,1.2376,1.2411,1.2456,1.2504,1.4615,1.466,1.4586,1.4355,1.3965,1.3463,1.2943,1.2529,1.2343,1.2393,1.256,1.2719,1.2808,1.2806,1.2709,1.2521,1.2272,1.2063,1.2101,1.2651,1.3779,1.4925,1.5153,1.4532,1.3766,1.3174,1.2777,1.2527,1.2381,1.2308,1.2287,1.2301,1.234,1.2393,1.2453,1.2516,1.5075,1.5232,1.5223,1.4948,1.4375,1.3572,1.2678,1.1923,1.1645,1.1909,1.2353,1.2696,1.288,1.2913,1.2795,1.2508,1.2048,1.1504,1.1244,1.1994,1.4274,1.699,1.7076,1.5384,1.3996,1.3156,1.267,1.2395,1.2252,1.2195,1.2196,1.2236,1.23,1.2376,1.2458,1.2538,1.5654,1.6045,1.6235,1.5969,1.5126,1.3844,1.2317,1.0815,1.029,1.1143,1.2135,1.2735,1.3031,1.3117,1.2997,1.2614,1.1871,1.0694,0.95,1.0093,1.3636,1.8325,1.8107,1.5449,1.3772,1.289,1.2419,1.2172,1.2062,1.2043,1.2083,1.2161,1.226,1.2368,1.2476,1.2577,1.6311,1.7141,1.7859,1.7804,1.6518,1.4516,1.2269,0.9769,0.8769,1.0591,1.2146,1.2915,1.3295,1.3454,1.3387,1.2977,1.2026,1.0239,0.7758,0.8003,1.1214,1.4373,1.5066,1.3903,1.2931,1.2344,1.2011,1.1849,1.1807,1.185,1.1949,1.2081,1.2228,1.2375,1.2515,1.2639,1.6875,1.835,2.0261,2.106,1.8789,1.5626,1.3107,1.0958,1.0158,1.1456,1.2619,1.3265,1.3673,1.3952,1.4047,1.3738,1.2786,1.1105,0.919,0.8869,0.8934,0.9773,1.1349,1.1898,1.1829,1.1627,1.1477,1.143,1.1485,1.1619,1.1801,1.2006,1.2214,1.2411,1.2587,1.2737,1.7015,1.8902,2.2268,2.5018,2.068,1.631,1.4076,1.2892,1.2536,1.2833,1.3257,1.3673,1.4108,1.4593,1.5089,1.5055,1.403,1.2529,1.0937,0.9055,0.5849,0.6563,0.9336,1.0566,1.0867,1.0854,1.0829,1.0905,1.1091,1.1353,1.165,1.1952,1.2237,1.2491,1.2708,1.2884,1.6509,1.7845,1.9956,2.1251,1.7886,1.5564,1.4346,1.3752,1.3576,1.359,1.3682,1.4002,1.4519,1.5228,1.6523,1.7163,1.5315,1.3737,1.2219,1.0051,0.7302,0.7501,0.92,0.9959,1.0052,0.9966,0.9995,1.0227,1.0609,1.106,1.1516,1.1943,1.2322,1.2642,1.2901,1.3099,1.5634,1.6005,1.5594,1.3191,1.3271,1.4352,1.4302,1.4122,1.3892,1.3852,1.3846,1.4216,1.4904,1.5667,1.6663,1.735,1.5703,1.4722,1.3701,1.2076,1.0422,0.9768,0.9754,0.9526,0.9024,0.8654,0.8761,0.93,1.0027,1.0765,1.1438,1.2021,1.2507,1.2898,1.3195,1.3407,1.4847,1.4795,1.4119,1.2783,1.2941,1.3978,1.4523,1.4904,1.421,1.3848,1.3835,1.4308,1.5322,1.6665,1.6538,1.5956,1.5729,1.6216,1.5839,1.3841,1.203,1.0822,0.9869,0.8667,0.7174,0.6286,0.676,0.8039,0.9385,1.0539,1.1483,1.2246,1.2849,1.3307,1.3631,1.3838,1.4287,1.4204,1.3906,1.3555,1.3599,1.3998,1.4678,1.655,1.4258,1.3641,1.36,1.4317,1.5117,1.7292,1.6994,1.5876,1.6063,1.9068,1.8972,1.4839,1.2463,1.0942,0.9489,0.7263,0.3914,0.1983,0.3762,0.6615,0.8883,1.0529,1.1759,1.2706,1.3424,1.3936,1.4262,1.4431,1.3881,1.3831,1.3715,1.3605,1.3609,1.3763,1.403,1.3871,1.3558,1.2944,1.2851,1.4472,1.5019,1.3319,1.5088,1.6992,1.616,1.6755,1.6707,1.3886,1.18,1.0441,0.9028,0.6225,0.0764,-0.2606,0.1333,0.5928,0.8942,1.094,1.2396,1.3511,1.4337,1.4879,1.516,1.5234,1.3556,1.3517,1.3448,1.3377,1.3335,1.3334,1.3327,1.3147,1.2564,1.155,1.0811,1.124,1.1509,0.9205,1.3991,1.7155,1.3793,1.4037,1.3339,1.1723,1.0081,0.9374,0.8796,0.6852,0.2719,0.0086,0.3141,0.7122,0.9926,1.1923,1.3507,1.4796,1.5738,1.6271,1.6422,1.6298,1.3275,1.3229,1.316,1.3075,1.2979,1.2858,1.2658,1.225,1.1416,0.9832,0.7317,0.7688,0.9038,1.0474,1.2206,1.3435,1.2986,1.2248,1.1002,0.9493,0.7429,0.7763,0.8678,0.8333,0.7044,0.6361,0.7662,0.9769,1.1685,1.3432,1.5153,1.674,1.7873,1.8322,1.8167,1.7667,1.3027,1.2967,1.2882,1.2772,1.2628,1.2428,1.2122,1.1618,1.0768,0.9353,0.7521,0.7995,0.7871,0.7753,0.9909,1.0753,1.0679,0.9295,0.785,0.7923,0.693,0.7473,0.8886,0.9631,1.0129,1.0827,1.1735,1.263,1.3686,1.522,1.7338,1.9628,2.1151,2.1323,2.0496,1.9323,1.2808,1.2732,1.2631,1.2498,1.2323,1.2086,1.1751,1.1271,1.0597,0.9751,0.9006,0.8609,0.7562,0.7139,0.7106,0.6786,0.76,0.5414,0.2034,0.6289,0.7947,0.8563,0.9536,1.0798,1.253,1.452,1.5434,1.521,1.5426,1.6912,1.9951,2.3813,2.6097,2.5458,2.3294,2.1078,1.2614,1.2527,1.2412,1.2266,1.2077,1.1832,1.1511,1.1096,1.0584,1.0016,0.9469,0.8912,0.8125,0.6695,0.1901,-0.0253,0.523,0.5475,0.4281,0.7637,0.8569,0.9112,1.0023,1.1679,1.452,1.8304,1.9222,1.718,1.6494,1.7997,2.2342,2.881,3.2192,2.9871,2.5804,2.2458,1.2447,1.235,1.2228,1.2076,1.1885,1.1648,1.1356,1.1001,1.059,1.0137,0.9648,0.9063,0.8178,0.6369,0.2553,0.1361,0.5297,0.7286,0.9458,1.0552,0.9205,0.9095,0.9849,1.1721,1.496,1.9071,1.9966,1.7547,1.6578,1.7877,2.273,3.0725,3.4744,3.1446,2.6561,2.2836,1.2303,1.2201,1.2076,1.1924,1.1739,1.1517,1.1253,1.0946,1.0596,1.0206,0.9762,0.9212,0.8436,0.7254,0.5845,0.5569,0.6779,0.8031,0.9176,0.9547,0.8743,0.7993,0.833,1.0485,1.3775,1.6736,1.7978,1.7123,1.564,1.6191,2.0008,2.6257,2.9845,2.8252,2.4893,2.1983,1.2181,1.2077,1.1952,1.1804,1.1629,1.1424,1.1187,1.0916,1.0612,1.0271,0.9882,0.9418,0.8845,0.8173,0.7593,0.7467,0.784,0.8343,0.868,0.8499,0.7268,0.4886,0.4387,0.7918,1.2209,1.5865,1.8594,1.6682,1.2909,1.277,1.5814,2.0108,2.3045,2.3305,2.1986,2.035,1.2079,1.1975,1.1854,1.1712,1.1548,1.136,1.1146,1.0907,1.0641,1.0346,1.0017,0.9647,0.924,0.8832,0.8518,0.8403,0.8477,0.8588,0.8519,0.7919,0.6059,0.2356,0.1237,0.5916,1.0649,1.3812,1.5026,1.2153,0.7265,0.8448,1.2252,1.5854,1.8352,1.9367,1.9247,1.8587,1.1994,1.1893,1.1776,1.1642,1.1489,1.1318,1.1126,1.0914,1.0682,1.043,1.0156,0.9865,0.9567,0.929,0.9075,0.8951,0.8898,0.8828,0.8587,0.7923,0.6457,0.4323,0.3947,0.6707,0.9904,1.1936,1.2156,0.9713,0.6478,0.7625,1.0858,1.3706,1.5718,1.683,1.7192,1.7075]}]