docs/data/wind_grid.json
[{"header":{"la1":42.85,"la2":41.18,"lo1":11.55,"lo2":14.05,"nx":36,"ny":24,"dx":0.07143,"dy":0.07261,"parameterCategory":2,"parameterNumber":2,"parameterNumberName":"eastward_wind","parameterUnit":"m.s-1"},"data":[3.9062,3.8883,3.8683,3.8465,3.8236,3.8008,3.7795,3.7608,3.7455,3.7328,3.7211,3.7082,3.6922,3.6721,3.6475,3.6195,3.5904,3.5639,3.5438,3.5331,3.5324,3.5402,3.5533,3.5685,3.5834,3.5965,3.6069,3.6145,3.6193,3.6217,3.622,3.6206,3.618,3.6147,3.6109,3.607,3.9124,3.8922,3.869,3.8429,3.8147,3.7862,3.7596,3.7376,3.7217,3.711,3.7024,3.6921,3.6768,3.6544,3.6243,3.5877,3.5477,3.5101,3.4823,3.4699,3.474,3.4906,3.5137,3.5381,3.5604,3.5788,3.5928,3.6025,3.6084,3.611,3.611,3.6089,3.6055,3.6012,3.5965,3.5919,3.9209,3.8984,3.8714,3.8398,3.8043,3.7668,3.7314,3.7033,3.6866,3.6806,3.679,3.6743,3.6613,3.637,3.6001,3.551,3.4936,3.437,3.3956,3.3813,3.3953,3.4281,3.4676,3.5054,3.5372,3.5619,3.5797,3.5914,3.598,3.6004,3.5997,3.5965,3.5918,3.5863,3.5804,3.5748,3.9326,3.908,3.877,3.839,3.7935,3.7423,3.6911,3.6507,3.6325,3.6365,3.6489,3.6551,3.647,3.6215,3.5766,3.5108,3.4261,3.3357,3.2684,3.2525,3.2884,3.3512,3.4167,3.4728,3.5161,3.5476,3.5689,3.582,3.5886,3.5902,3.588,3.5831,3.5766,3.5694,3.562,3.5552,3.9487,3.9227,3.8884,3.8437,3.7862,3.7153,3.6365,3.5697,3.5463,3.572,3.6119,3.6358,3.6353,3.61,3.5576,3.4721,3.348,3.1976,3.0786,3.0641,3.1484,3.2646,3.3674,3.4452,3.5004,3.5376,3.5613,3.5747,3.5803,3.5801,3.5756,3.5682,3.5593,3.5498,3.5406,3.5323,3.9701,3.9443,3.9087,3.8592,3.7905,3.6968,3.5769,3.457,3.4175,3.4884,3.5741,3.6202,3.6279,3.6039,3.5473,3.4462,3.2787,3.038,2.8224,2.8184,2.9962,3.1895,3.3334,3.4304,3.4939,3.5342,3.5581,3.57,3.5732,3.5698,3.5619,3.5511,3.5389,3.5266,3.5151,3.5051,3.9975,3.9745,3.9408,3.8913,3.8179,3.7095,3.5545,3.3718,3.3053,3.4322,3.5551,3.6127,3.6242,3.6021,3.5476,3.4465,3.2628,2.9566,2.6395,2.6511,2.9222,3.1694,3.3329,3.4356,3.4995,3.5382,3.5594,3.5678,3.5667,3.5587,3.5461,3.5307,3.5143,3.4984,3.4842,3.4725,4.0311,4.0138,3.9867,3.9442,3.8775,3.7746,3.626,3.4568,3.3923,3.4741,3.5601,3.6095,3.6198,3.598,3.5511,3.4706,3.3258,3.0813,2.8199,2.816,3.03,3.2339,3.3729,3.4618,3.5172,3.5494,3.5647,3.5673,3.5601,3.5459,3.5269,3.5055,3.4837,3.4635,3.4461,3.4325,4.07,4.0614,4.0458,4.0183,3.9704,3.8894,3.7649,3.6139,3.4973,3.4683,3.5303,3.5958,3.6066,3.5779,3.5382,3.489,3.4089,3.2857,3.1644,3.1461,3.2345,3.3461,3.4373,3.5017,3.543,3.5655,3.5728,3.5675,3.5523,3.5297,3.5024,3.4732,3.4447,3.4192,3.3984,3.3831,4.1121,4.1146,4.1148,4.1097,4.0925,4.0467,3.9344,3.6876,3.2946,3.1429,3.3985,3.5748,3.5785,3.5161,3.4776,3.4672,3.4406,3.3873,3.3422,3.3402,3.3822,3.443,3.5003,3.5439,3.5717,3.584,3.582,3.5672,3.5418,3.5084,3.4703,3.4309,3.3939,3.3621,3.3375,3.3211,4.1545,4.1691,4.1872,4.2098,4.2363,4.256,4.2153,3.8983,2.842,2.3517,3.274,3.6075,3.5315,3.3555,3.3182,3.3912,3.4086,3.3524,3.3272,3.3721,3.4398,3.5006,3.548,3.5811,3.5994,3.6026,3.5909,3.565,3.5269,3.4795,3.427,3.3744,3.3264,3.2871,3.259,3.2427,4.194,4.2194,4.2541,4.3037,4.3778,4.4912,4.6509,4.6946,3.7828,3.0614,3.609,3.7868,3.4983,3.0267,2.9814,3.298,3.3434,3.1339,3.0968,3.2881,3.4425,3.5301,3.5808,3.6109,3.6243,3.6206,3.5992,3.5604,3.5061,3.4401,3.3681,3.2973,3.235,3.187,3.1561,3.1425,4.2275,4.2608,4.3066,4.3734,4.4767,4.6471,4.9343,5.2916,4.9165,4.2239,4.1157,4.1905,3.8598,2.7679,2.7127,3.3683,3.3441,2.7189,2.7094,3.2116,3.4513,3.5493,3.601,3.6331,3.6468,3.639,3.608,3.5538,3.4783,3.3866,3.2869,3.1905,3.109,3.051,3.02,3.0139,4.2533,4.2902,4.3399,4.4095,4.5111,4.6632,4.8782,5.086,4.9212,4.5158,4.4061,4.6007,4.6258,4.2091,3.7228,3.7089,3.6102,3.1416,3.0499,3.3613,3.4941,3.5442,3.5978,3.6458,3.6692,3.6613,3.6207,3.5474,3.4433,3.3147,3.1739,3.0395,2.9314,2.8633,2.838,2.8487,4.271,4.308,4.3554,4.4172,4.498,4.6,4.7094,4.7669,4.6901,4.5921,4.5986,4.6033,4.5232,4.6557,4.1945,3.9533,3.8736,3.7596,3.6411,3.5714,3.4289,3.4216,3.5468,3.6513,3.6987,3.6953,3.6451,3.5476,3.4035,3.2198,3.0152,2.8216,2.6757,2.6002,2.5939,2.6383,4.2819,4.3165,4.3585,4.409,4.4681,4.5315,4.5866,4.6136,4.6204,4.6897,4.8834,4.8595,4.7252,4.5541,4.3619,4.1186,3.9805,4.0547,4.012,3.634,2.987,3.088,3.4735,3.675,3.7515,3.7558,3.6969,3.5678,3.3659,3.0983,2.7906,2.5003,2.3,2.2291,2.2704,2.3777,4.2873,4.3187,4.3548,4.3956,4.4397,4.4838,4.5228,4.5565,4.6031,4.7051,4.8605,4.8216,4.8663,4.8899,4.5843,4.4222,4.3825,4.5432,4.6074,3.9835,2.9618,3.101,3.5564,3.764,3.8466,3.8681,3.8078,3.6323,3.3437,2.9499,2.4759,2.0235,1.748,1.7167,1.8606,2.075,4.2889,4.317,4.3481,4.382,4.4174,4.4529,4.4878,4.5253,4.5745,4.6426,4.7083,4.7507,4.8909,4.9267,4.7922,4.7694,4.7552,5.1605,5.6338,4.7992,4.0063,3.7715,3.8412,3.9121,3.9835,4.0746,4.039,3.7677,3.345,2.7841,2.0646,1.3531,0.9883,1.0735,1.4008,1.7676,4.2879,4.313,4.3403,4.3694,4.3996,4.4307,4.463,4.4985,4.5402,4.5879,4.6355,4.6863,4.7553,4.8324,5.0843,5.2014,4.9513,5.1838,5.4469,5.0921,4.6259,4.2658,4.102,4.0393,4.1053,4.3905,4.4379,3.9136,3.3267,2.6313,1.6522,0.6223,0.1875,0.4677,1.0163,1.5329,4.2849,4.3076,4.3319,4.3575,4.3843,4.4121,4.4415,4.4733,4.5085,4.5466,4.5871,4.6335,4.6961,4.8093,5.0398,5.1153,4.9474,5.0155,5.2469,5.3342,4.8699,4.4882,4.2587,4.0946,4.0552,4.3776,4.4542,3.6771,3.1681,2.5435,1.5097,0.3522,-0.1025,0.2654,0.8956,1.4609,4.2806,4.3012,4.3231,4.346,4.37,4.395,4.4214,4.4496,4.4798,4.5123,4.5479,4.5897,4.6451,4.7268,4.8257,4.862,4.8419,4.9005,5.0556,5.0768,4.8071,4.5709,4.3962,4.1391,3.8122,3.4168,2.7277,2.7564,2.8712,2.5439,1.7633,0.8472,0.424,0.6354,1.1119,1.5822,4.2752,4.294,4.3137,4.3344,4.356,4.3785,4.4021,4.4269,4.4532,4.4813,4.5121,4.5474,4.59,4.6405,4.6888,4.7157,4.7297,4.7636,4.8075,4.786,4.6993,4.6989,4.6668,4.3038,3.7044,2.8724,2.0614,2.3367,2.7046,2.6099,2.1499,1.5789,1.2442,1.2744,1.5272,1.8375,4.2688,4.286,4.3039,4.3226,4.342,4.3621,4.383,4.4048,4.4277,4.4518,4.4776,4.5058,4.5368,4.569,4.5973,4.6169,4.6304,4.6441,4.6514,4.6424,4.6644,4.8208,4.8785,4.4647,3.8177,3.1237,2.6393,2.6447,2.784,2.7303,2.473,2.1429,1.9097,1.8604,1.9614,2.1354,4.2617,4.2774,4.2936,4.3104,4.3278,4.3457,4.3642,4.3832,4.4028,4.4231,4.4442,4.4661,4.4884,4.5095,4.5273,4.5398,4.5472,4.5506,4.5498,4.5523,4.5906,4.6852,4.678,4.3832,3.9171,3.4497,3.1222,2.9993,2.9674,2.8871,2.7232,2.5242,2.3669,2.3013,2.3271,2.414]},{"header":{"la1":42.85,"la2":41.18,"lo1":11.55,"lo2":14.05,"nx":36,"ny":24,"dx":0.07143,"dy":0.07261,"parameterCategory":2,"parameterNumber":3,"parameterNumberName":"northward_wind","parameterUnit":"m.s-1"},"data":[-0.5751,-0.5941,-0.6154,-0.6385,-0.6627,-0.6869,-0.7092,-0.7284,-0.7436,-0.7557,-0.7669,-0.78,-0.7972,-0.8199,-0.8479,-0.8797,-0.9119,-0.9396,-0.9576,-0.9619,-0.9509,-0.926,-0.8906,-0.8481,-0.8016,-0.7532,-0.7045,-0.6564,-0.6094,-0.5642,-0.521,-0.4801,-0.4416,-0.4059,-0.3728,-0.3426,-0.5719,-0.5933,-0.6179,-0.6456,-0.6757,-0.7063,-0.7346,-0.7575,-0.7731,-0.7824,-0.7894,-0.7993,-0.8163,-0.8426,-0.8786,-0.9224,-0.9694,-1.0119,-1.0405,-1.048,-1.0322,-0.997,-0.9487,-0.8934,-0.8354,-0.777,-0.7197,-0.6643,-0.611,-0.5603,-0.5124,-0.4675,-0.4256,-0.387,-0.3518,-0.3198,-0.5661,-0.5897,-0.6181,-0.6518,-0.6901,-0.731,-0.7698,-0.7998,-0.8157,-0.8185,-0.8162,-0.8187,-0.8332,-0.863,-0.9092,-0.97,-1.0398,-1.1066,-1.1531,-1.1645,-1.1382,-1.0843,-1.0158,-0.9426,-0.8698,-0.7995,-0.7325,-0.6689,-0.6089,-0.5524,-0.4995,-0.4503,-0.4049,-0.3635,-0.326,-0.2924,-0.5566,-0.5821,-0.6144,-0.6549,-0.7044,-0.7614,-0.8194,-0.8647,-0.8822,-0.8711,-0.8493,-0.8372,-0.8456,-0.8784,-0.9366,-1.0204,-1.1252,-1.2339,-1.3123,-1.3274,-1.2776,-1.1895,-1.0898,-0.9926,-0.902,-0.8184,-0.741,-0.669,-0.6017,-0.5391,-0.481,-0.4274,-0.3785,-0.3342,-0.2945,-0.2595,-0.5424,-0.5688,-0.604,-0.6513,-0.7141,-0.7944,-0.8869,-0.9669,-0.9914,-0.95,-0.8892,-0.8518,-0.8503,-0.8848,-0.9559,-1.0674,-1.2221,-1.4022,-1.541,-1.5566,-1.454,-1.3064,-1.163,-1.0373,-0.928,-0.831,-0.7432,-0.6626,-0.5882,-0.5193,-0.4558,-0.3978,-0.3452,-0.2981,-0.2565,-0.2202,-0.5226,-0.5478,-0.5836,-0.635,-0.7094,-0.8163,-0.9611,-1.1134,-1.1622,-1.0562,-0.9268,-0.8557,-0.843,-0.8783,-0.96,-1.0972,-1.3081,-1.5927,-1.8388,-1.8436,-1.6409,-1.4097,-1.2192,-1.0678,-0.9426,-0.8341,-0.737,-0.6483,-0.5666,-0.4914,-0.4225,-0.3599,-0.3036,-0.2539,-0.2106,-0.1735,-0.4965,-0.5179,-0.5501,-0.5996,-0.6768,-0.7983,-0.986,-1.2264,-1.3193,-1.125,-0.9303,-0.8379,-0.8197,-0.8563,-0.9437,-1.0927,-1.3328,-1.6931,-2.0446,-2.0324,-1.7365,-1.4516,-1.2389,-1.0761,-0.9422,-0.8257,-0.7207,-0.6244,-0.5356,-0.4539,-0.3793,-0.312,-0.2522,-0.2,-0.1553,-0.1179,-0.4646,-0.4789,-0.5023,-0.5413,-0.6065,-0.7143,-0.8836,-1.0965,-1.1778,-1.0272,-0.8757,-0.7961,-0.7803,-0.8194,-0.909,-1.0537,-1.2701,-1.5722,-1.8604,-1.8668,-1.6412,-1.4067,-1.2174,-1.0617,-0.9268,-0.8052,-0.6933,-0.5896,-0.4935,-0.405,-0.3245,-0.2524,-0.189,-0.1345,-0.089,-0.052,-0.4282,-0.4324,-0.442,-0.462,-0.5012,-0.5732,-0.6898,-0.8316,-0.9221,-0.9104,-0.8246,-0.7455,-0.7272,-0.7711,-0.866,-1.008,-1.192,-1.3939,-1.5499,-1.5742,-1.4743,-1.3274,-1.1771,-1.0345,-0.9003,-0.7738,-0.6546,-0.5426,-0.4385,-0.3426,-0.2557,-0.1784,-0.1114,-0.0551,-0.0093,0.0261,-0.3899,-0.382,-0.374,-0.3682,-0.3706,-0.3959,-0.477,-0.6687,-0.9741,-1.0854,-0.8655,-0.6919,-0.6583,-0.7152,-0.8259,-0.9867,-1.1897,-1.3819,-1.4907,-1.4912,-1.4103,-1.2869,-1.148,-1.0066,-0.8674,-0.7326,-0.6037,-0.4819,-0.3683,-0.264,-0.1699,-0.0871,-0.0164,0.0414,0.0863,0.1189,-0.353,-0.3328,-0.3059,-0.2707,-0.2265,-0.1819,-0.1858,-0.4301,-1.2961,-1.6956,-0.9249,-0.587,-0.5635,-0.6618,-0.8001,-0.9995,-1.3039,-1.6199,-1.7425,-1.6474,-1.4764,-1.3041,-1.141,-0.9836,-0.8302,-0.6813,-0.5389,-0.4047,-0.2801,-0.166,-0.0636,0.0256,0.1001,0.1589,0.2015,0.2292,-0.3212,-0.2905,-0.2475,-0.1855,-0.0936,0.0436,0.2325,0.3094,-0.4888,-1.1041,-0.6116,-0.3457,-0.4258,-0.6045,-0.8457,-1.0398,-1.5547,-2.2666,-2.403,-1.9849,-1.6098,-1.3505,-1.1472,-0.9633,-0.7868,-0.6171,-0.4567,-0.3073,-0.1698,-0.0445,0.0677,0.1647,0.2437,0.3026,0.341,0.3605,-0.2972,-0.2602,-0.2077,-0.1304,-0.0117,0.1798,0.4931,0.911,0.4723,-0.1469,-0.1558,0.1505,-0.0192,-0.7642,-1.0372,-1.0837,-1.8249,-3.2682,-3.2919,-2.2568,-1.6925,-1.3869,-1.1571,-0.9419,-0.7326,-0.534,-0.3507,-0.1841,-0.0327,0.1054,0.2299,0.3372,0.422,0.4801,0.5108,0.5172,-0.2828,-0.2444,-0.191,-0.1148,-0.0027,0.164,0.3932,0.5892,0.419,0.019,0.0188,0.6982,0.877,0.172,-0.5645,-1.2001,-1.9034,-2.6496,-2.726,-2.0547,-1.6628,-1.429,-1.1857,-0.9203,-0.6599,-0.4215,-0.2114,-0.028,0.1362,0.2882,0.4292,0.5523,0.6461,0.702,0.7191,0.7043,-0.2774,-0.2421,-0.1951,-0.1323,-0.0489,0.0564,0.1657,0.2083,0.079,-0.1216,-0.1694,-0.0058,0.0112,-0.1573,-0.5343,-1.7395,-2.7539,-2.076,-1.8495,-1.7198,-1.7412,-1.6224,-1.276,-0.8936,-0.5509,-0.2608,-0.0243,0.1691,0.3399,0.5065,0.6727,0.8233,0.9328,0.9834,0.9761,0.9264,-0.2795,-0.2498,-0.2129,-0.1678,-0.1156,-0.063,-0.0295,-0.0501,-0.1501,-0.3074,-0.5011,-0.3523,-0.2874,-0.3091,-0.6466,-1.5629,-2.3004,-1.67,-1.3651,-1.6137,-2.3106,-2.1134,-1.3908,-0.8128,-0.3676,-0.0218,0.2303,0.4134,0.5755,0.7573,0.967,1.1698,1.3077,1.3449,1.2918,1.1846,-0.2864,-0.2634,-0.2368,-0.2076,-0.1789,-0.1578,-0.1564,-0.1889,-0.2614,-0.3703,-0.4944,-0.4066,-0.3266,-0.3396,-0.5971,-0.9553,-1.13,-0.8817,-0.7133,-1.2361,-2.3466,-2.0951,-1.234,-0.5805,-0.0634,0.3329,0.5742,0.7032,0.8269,1.0258,1.3146,1.6185,1.8049,1.8057,1.6666,1.4694,-0.2959,-0.279,-0.2611,-0.2437,-0.2299,-0.2245,-0.2336,-0.2618,-0.3084,-0.3631,-0.3997,-0.389,-0.3463,-0.3687,-0.6004,-0.7319,-0.6458,-0.2318,0.1081,-0.3776,-1.0099,-1.1048,-0.7107,-0.1926,0.3579,0.821,1.0138,1.0143,1.0602,1.2797,1.7003,2.1822,2.4371,2.3503,2.0675,1.7481,-0.3059,-0.2942,-0.2828,-0.2734,-0.268,-0.2696,-0.2809,-0.3029,-0.3333,-0.3655,-0.3906,-0.4068,-0.4313,-0.5274,-0.7821,-0.865,-0.5333,-0.0816,0.2023,0.298,-0.0853,-0.3195,-0.1914,0.1932,0.762,1.3318,1.4558,1.2692,1.2308,1.4682,2.0427,2.7533,3.0702,2.8433,2.3933,1.9576,-0.3153,-0.3075,-0.3008,-0.2962,-0.2954,-0.2999,-0.3107,-0.328,-0.3501,-0.3741,-0.3981,-0.4254,-0.4704,-0.5664,-0.74,-0.7727,-0.4481,0.0393,0.8148,1.1287,0.4085,0.1024,0.1531,0.4386,0.9266,1.442,1.5423,1.3635,1.3191,1.5411,2.1585,2.9593,3.2937,3.0064,2.4986,2.0283,-0.3234,-0.3184,-0.3147,-0.3131,-0.3145,-0.3199,-0.3296,-0.3434,-0.3606,-0.38,-0.4014,-0.4273,-0.4634,-0.515,-0.5633,-0.5218,-0.3107,0.0594,0.5433,0.6998,0.4186,0.3021,0.3629,0.5479,0.9055,1.2829,1.4796,1.4327,1.3553,1.4998,1.9739,2.5967,2.8954,2.7215,2.3332,1.9395,-0.3297,-0.3267,-0.3248,-0.3249,-0.3272,-0.3325,-0.3407,-0.3517,-0.365,-0.38,-0.3964,-0.4145,-0.434,-0.4498,-0.4437,-0.381,-0.2336,-0.0109,0.2192,0.3325,0.3582,0.455,0.5179,0.5821,0.8574,1.273,1.5827,1.4864,1.3426,1.3991,1.6796,2.0543,2.2751,2.229,2.0098,1.7412,-0.3344,-0.3325,-0.3317,-0.3325,-0.335,-0.3395,-0.3461,-0.3544,-0.364,-0.3744,-0.3848,-0.3939,-0.3992,-0.3945,-0.3683,-0.3056,-0.1978,-0.0543,0.094,0.2222,0.366,0.5492,0.5935,0.58,0.7678,1.0868,1.3167,1.314,1.2442,1.2715,1.4218,1.626,1.767,1.7754,1.6701,1.5071,-0.3373,-0.3361,-0.3359,-0.3367,-0.3389,-0.3424,-0.3471,-0.3528,-0.359,-0.3649,-0.3694,-0.3708,-0.3663,-0.3508,-0.3178,-0.2604,-0.1758,-0.0689,0.0504,0.1794,0.3289,0.4748,0.5292,0.5497,0.6727,0.8699,1.0279,1.0847,1.0921,1.1267,1.2137,1.3259,1.4107,1.43,1.3813,1.2862]}]