docs/data/wind_grid.json
[{"header":{"la1":42.85,"la2":41.18,"lo1":11.55,"lo2":14.05,"nx":36,"ny":24,"dx":0.07143,"dy":0.07261,"parameterCategory":2,"parameterNumber":2,"parameterNumberName":"eastward_wind","parameterUnit":"m.s-1"},"data":[0.2196,0.2197,0.2198,0.2198,0.2192,0.2171,0.2125,0.204,0.1903,0.1705,0.1441,0.1111,0.0717,0.0262,-0.0246,-0.0785,-0.1319,-0.1789,-0.2134,-0.2305,-0.2291,-0.2121,-0.1845,-0.1514,-0.117,-0.0839,-0.0534,-0.0262,-0.0023,0.0183,0.036,0.0512,0.0642,0.0754,0.085,0.0933,0.2239,0.2251,0.2268,0.229,0.2311,0.2322,0.2307,0.2245,0.2113,0.1896,0.1591,0.1201,0.0727,0.0166,-0.0482,-0.12,-0.194,-0.2611,-0.3096,-0.3303,-0.3218,-0.2903,-0.2458,-0.1971,-0.1496,-0.1065,-0.0687,-0.0362,-0.0088,0.0144,0.0337,0.05,0.0636,0.0751,0.0848,0.0932,0.2277,0.2301,0.2337,0.2385,0.2443,0.2503,0.2543,0.2526,0.2409,0.2169,0.1809,0.1343,0.0776,0.0093,-0.0728,-0.1692,-0.2751,-0.3758,-0.4485,-0.4733,-0.4487,-0.3903,-0.3183,-0.2467,-0.1823,-0.1272,-0.0813,-0.0435,-0.0126,0.0127,0.0334,0.0503,0.0642,0.0757,0.0854,0.0935,0.2308,0.2343,0.2396,0.2474,0.2581,0.2713,0.2845,0.2915,0.2834,0.2553,0.2104,0.1541,0.0874,0.0064,-0.0954,-0.2242,-0.3789,-0.5389,-0.6564,-0.6847,-0.6237,-0.515,-0.3991,-0.296,-0.211,-0.1431,-0.0892,-0.0466,-0.0129,0.0139,0.0353,0.0524,0.0661,0.0773,0.0866,0.0943,0.2328,0.2369,0.2437,0.2543,0.2703,0.2931,0.3216,0.346,0.3455,0.3078,0.2468,0.1778,0.1018,0.0106,-0.1095,-0.2756,-0.5008,-0.7653,-0.9721,-0.9987,-0.8558,-0.6568,-0.4772,-0.3364,-0.2302,-0.1504,-0.0901,-0.0442,-0.0088,0.0185,0.0397,0.0563,0.0694,0.0798,0.0883,0.0953,0.2332,0.2374,0.2447,0.257,0.2772,0.31,0.3593,0.416,0.4318,0.3714,0.2826,0.2002,0.1195,0.0246,-0.1056,-0.3022,-0.607,-1.031,-1.4053,-1.4135,-1.1104,-0.7795,-0.5291,-0.3545,-0.2325,-0.1455,-0.082,-0.035,0.0001,0.0266,0.0467,0.0619,0.0737,0.0829,0.0903,0.0964,0.2321,0.2354,0.2418,0.2535,0.2744,0.3113,0.3752,0.4665,0.5045,0.4111,0.2991,0.2144,0.1384,0.0497,-0.0757,-0.2761,-0.617,-1.1636,-1.7182,-1.6987,-1.2331,-0.808,-0.5229,-0.3374,-0.2127,-0.1259,-0.0638,-0.0188,0.0141,0.0382,0.056,0.069,0.0788,0.0862,0.0921,0.0971,0.2294,0.2309,0.2349,0.2433,0.2595,0.2894,0.3419,0.4156,0.4433,0.3686,0.2848,0.2198,0.1583,0.0844,-0.0219,-0.1918,-0.4777,-0.9315,-1.4005,-1.4106,-1.0416,-0.6893,-0.4452,-0.2818,-0.1701,-0.0917,-0.0359,0.004,0.0326,0.0528,0.067,0.077,0.084,0.0892,0.0933,0.0969,0.2258,0.2247,0.2249,0.2275,0.235,0.2509,0.2782,0.3108,0.3231,0.3029,0.2668,0.2257,0.1807,0.1243,0.0421,-0.0862,-0.2806,-0.5403,-0.7787,-0.8233,-0.6756,-0.4836,-0.3217,-0.1997,-0.1105,-0.0461,-0.0001,0.0323,0.0546,0.0694,0.0789,0.0849,0.0885,0.091,0.093,0.0951,0.2219,0.2178,0.2133,0.2088,0.2055,0.2062,0.2165,0.2442,0.2865,0.3018,0.2726,0.2384,0.2054,0.1647,0.1018,-0.0019,-0.1498,-0.3108,-0.4279,-0.4555,-0.3972,-0.2971,-0.195,-0.1089,-0.0422,0.0066,0.0411,0.0641,0.0786,0.0867,0.0904,0.0914,0.091,0.0904,0.0902,0.0908,0.2187,0.2116,0.2023,0.1903,0.1748,0.1574,0.1476,0.1814,0.3146,0.374,0.2896,0.254,0.2301,0.2009,0.1531,0.049,-0.1242,-0.308,-0.3897,-0.3518,-0.2636,-0.1693,-0.0863,-0.0202,0.0287,0.0628,0.0849,0.0974,0.1028,0.103,0.0998,0.095,0.09,0.0859,0.0834,0.0829,0.2171,0.2076,0.1945,0.1759,0.1487,0.109,0.0565,0.0301,0.1771,0.2972,0.2754,0.2743,0.2549,0.2168,0.1929,0.0777,-0.2015,-0.5894,-0.6629,-0.4272,-0.2148,-0.0763,0.0113,0.0665,0.1006,0.1201,0.1291,0.1301,0.1252,0.1162,0.105,0.0934,0.0831,0.0754,0.071,0.07,0.218,0.2073,0.1922,0.1701,0.1364,0.083,-0.0009,-0.0946,-0.0067,0.1776,0.2712,0.321,0.3155,0.2251,0.216,0.0934,-0.2948,-1.128,-1.1394,-0.5046,-0.1449,0.0321,0.1177,0.1574,0.1737,0.177,0.1716,0.16,0.1436,0.1241,0.1033,0.0836,0.0673,0.0561,0.0506,0.0503,0.2217,0.2112,0.1966,0.1756,0.1443,0.0973,0.031,-0.0338,0.0247,0.193,0.2987,0.3693,0.4006,0.5445,0.2961,0.091,-0.1924,-0.6929,-0.7503,-0.2755,0.0495,0.1998,0.2491,0.256,0.2471,0.231,0.21,0.1848,0.1557,0.1238,0.0913,0.0617,0.0385,0.0242,0.0192,0.0218,0.2281,0.2192,0.2072,0.1908,0.1689,0.1407,0.1115,0.105,0.1668,0.2777,0.3472,0.3447,0.3753,0.3972,0.3012,-0.0001,-0.2441,-0.1552,-0.0905,0.14,0.3682,0.4347,0.401,0.3555,0.3151,0.278,0.2413,0.2022,0.1593,0.1127,0.065,0.0221,-0.0095,-0.0256,-0.0269,-0.0174,0.2366,0.23,0.2218,0.2117,0.2003,0.1901,0.1882,0.2095,0.2699,0.3719,0.5099,0.2687,0.289,0.3368,0.2844,0.0792,-0.1036,0.092,0.2712,0.4718,0.7057,0.6727,0.534,0.4374,0.3682,0.3127,0.2626,0.2111,0.1534,0.0884,0.0194,-0.0432,-0.0856,-0.1004,-0.0914,-0.0686,0.2465,0.2426,0.2381,0.2337,0.2306,0.2318,0.2423,0.2692,0.3185,0.3949,0.489,0.3699,0.2726,0.2609,0.3406,0.3296,0.3148,0.4342,0.5647,0.6383,0.7616,0.7242,0.5947,0.4862,0.3988,0.3311,0.2746,0.213,0.1389,0.0503,-0.0503,-0.1443,-0.201,-0.2066,-0.1756,-0.1298,0.2571,0.2555,0.2544,0.2543,0.2566,0.2633,0.2773,0.3009,0.3344,0.3715,0.3901,0.3587,0.2903,0.3018,0.5297,0.6394,0.6087,0.7045,0.7923,0.7838,0.7592,0.7084,0.6208,0.5112,0.406,0.3372,0.2886,0.2134,0.1167,0.0007,-0.1437,-0.2869,-0.3604,-0.3412,-0.2714,-0.1931,0.2676,0.2681,0.2695,0.2724,0.2778,0.2869,0.3009,0.3203,0.3435,0.3657,0.3798,0.3857,0.4068,0.5361,0.9381,1.0892,0.8146,0.8256,0.9161,1.0983,0.9606,0.8058,0.6794,0.5361,0.3964,0.3517,0.3389,0.2054,0.0753,-0.0542,-0.2379,-0.4398,-0.5271,-0.468,-0.3519,-0.2415,0.2777,0.2799,0.2831,0.288,0.295,0.3051,0.3186,0.3354,0.3547,0.3749,0.3961,0.4258,0.4881,0.6397,0.9221,1.016,0.8748,0.9714,1.421,1.6266,1.1798,0.944,0.792,0.5933,0.3754,0.3216,0.3197,0.0738,-0.0241,-0.1056,-0.2777,-0.4963,-0.5869,-0.5103,-0.377,-0.2558,0.2872,0.2906,0.2952,0.3013,0.3094,0.3199,0.3331,0.349,0.3675,0.389,0.4158,0.4547,0.519,0.6237,0.7502,0.8166,0.8456,0.9822,1.2556,1.3551,1.1916,1.1248,1.0374,0.752,0.3552,-0.0189,-0.4119,-0.3621,-0.1867,-0.1456,-0.2411,-0.4002,-0.4797,-0.4334,-0.3309,-0.2287,0.2959,0.3003,0.3058,0.3128,0.3216,0.3324,0.3456,0.3613,0.38,0.4025,0.4312,0.47,0.5242,0.5947,0.67,0.734,0.8019,0.9098,1.0453,1.1388,1.2484,1.5122,1.5643,1.0849,0.4337,-0.2303,-0.7531,-0.5758,-0.2725,-0.1536,-0.174,-0.2567,-0.312,-0.2993,-0.2416,-0.1723,0.3038,0.3089,0.3151,0.3227,0.3319,0.343,0.3562,0.3719,0.3906,0.4132,0.4413,0.4769,0.5217,0.5748,0.6324,0.6919,0.7601,0.8466,0.9512,1.0865,1.3479,1.8149,1.9465,1.3485,0.6147,0.0038,-0.3568,-0.345,-0.1964,-0.1092,-0.1025,-0.1389,-0.1714,-0.1731,-0.1463,-0.1054,0.3108,0.3165,0.3232,0.3312,0.3406,0.3518,0.365,0.3806,0.3989,0.4209,0.4473,0.4793,0.5173,0.5609,0.6093,0.6626,0.7243,0.7992,0.895,1.0344,1.2653,1.5619,1.6116,1.2293,0.7095,0.2736,0.0078,-0.0728,-0.0538,-0.0277,-0.0277,-0.0473,-0.0673,-0.0734,-0.0629,-0.041]},{"header":{"la1":42.85,"la2":41.18,"lo1":11.55,"lo2":14.05,"nx":36,"ny":24,"dx":0.07143,"dy":0.07261,"parameterCategory":2,"parameterNumber":3,"parameterNumberName":"northward_wind","parameterUnit":"m.s-1"},"data":[0.5314,0.5418,0.5527,0.5637,0.5741,0.5828,0.588,0.588,0.5813,0.5679,0.5485,0.525,0.4988,0.471,0.4424,0.4136,0.3858,0.3602,0.3386,0.3216,0.3093,0.3006,0.2938,0.2875,0.2809,0.2733,0.2646,0.2548,0.2441,0.2328,0.221,0.2091,0.1973,0.1859,0.1749,0.1646,0.5408,0.5533,0.5672,0.5821,0.5974,0.6116,0.6221,0.6256,0.6191,0.6022,0.577,0.5467,0.5139,0.4799,0.4451,0.4097,0.375,0.3433,0.3174,0.2993,0.2888,0.2835,0.2805,0.2773,0.2728,0.2665,0.2582,0.2483,0.2371,0.225,0.2123,0.1995,0.1867,0.1743,0.1625,0.1516,0.5491,0.564,0.5812,0.6009,0.623,0.6459,0.6658,0.6762,0.6708,0.6479,0.6127,0.5721,0.5307,0.4893,0.4471,0.403,0.3582,0.3164,0.2838,0.265,0.259,0.2607,0.2642,0.2659,0.2644,0.2595,0.2517,0.2415,0.2296,0.2164,0.2026,0.1885,0.1746,0.1611,0.1485,0.1368,0.556,0.5729,0.5934,0.6185,0.6494,0.6856,0.7225,0.7478,0.7457,0.7111,0.6572,0.6006,0.5482,0.499,0.4489,0.3941,0.334,0.2748,0.23,0.2112,0.216,0.2312,0.2456,0.2542,0.2564,0.2531,0.2454,0.2346,0.2215,0.207,0.1916,0.176,0.1607,0.146,0.1323,0.1198,0.5608,0.5791,0.6022,0.6322,0.6727,0.7272,0.7937,0.8523,0.8604,0.7998,0.7095,0.6285,0.5643,0.5091,0.4525,0.3857,0.3037,0.2134,0.1439,0.1279,0.1571,0.1969,0.2272,0.2441,0.2499,0.2476,0.2396,0.2276,0.2128,0.1964,0.1791,0.1617,0.1446,0.1284,0.1135,0.1002,0.563,0.5818,0.6057,0.6383,0.6858,0.7588,0.868,0.9943,1.032,0.9124,0.7564,0.6464,0.5754,0.5199,0.4616,0.3854,0.2778,0.1385,0.0214,0.0145,0.091,0.167,0.2149,0.2387,0.2465,0.2439,0.2344,0.2203,0.2033,0.1844,0.1647,0.1448,0.1257,0.1077,0.0915,0.0773,0.5628,0.5807,0.6032,0.6338,0.6802,0.758,0.8956,1.1011,1.1888,0.9795,0.7589,0.6404,0.5783,0.5327,0.4803,0.4036,0.2825,0.1023,-0.0694,-0.0649,0.0595,0.1608,0.2162,0.2409,0.2471,0.2421,0.2298,0.2128,0.1926,0.1705,0.1476,0.1249,0.1032,0.0832,0.0655,0.0504,0.5605,0.5765,0.5955,0.6198,0.6543,0.7105,0.8119,0.9705,1.0313,0.845,0.6774,0.6058,0.576,0.5508,0.5115,0.4452,0.3378,0.1798,0.0269,0.0182,0.1128,0.192,0.2344,0.251,0.2515,0.2419,0.2255,0.2044,0.1802,0.1541,0.1273,0.101,0.0762,0.0537,0.0344,0.0184,0.5571,0.5709,0.5859,0.6021,0.62,0.6404,0.6635,0.6783,0.6403,0.5625,0.5396,0.5597,0.5794,0.5802,0.5555,0.5016,0.4183,0.3133,0.2202,0.1904,0.2145,0.2453,0.2627,0.266,0.2583,0.2426,0.2209,0.1947,0.1654,0.1343,0.1026,0.0717,0.0431,0.0178,-0.0033,-0.0199,0.5532,0.5655,0.5777,0.5886,0.5953,0.5914,0.5607,0.4687,0.2963,0.2334,0.3877,0.5297,0.6038,0.6286,0.6129,0.5612,0.4839,0.401,0.3358,0.3015,0.2925,0.2928,0.2907,0.2817,0.2656,0.2431,0.2153,0.1832,0.1477,0.1102,0.0722,0.0355,0.0021,-0.0265,-0.0494,-0.0663,0.5494,0.5613,0.573,0.5834,0.5902,0.5875,0.5568,0.427,0.0097,-0.1892,0.2818,0.5479,0.66,0.701,0.6849,0.6184,0.5174,0.4144,0.3534,0.3346,0.3296,0.324,0.3132,0.2959,0.2723,0.243,0.2085,0.1694,0.1263,0.0806,0.0343,-0.01,-0.0495,-0.0822,-0.1068,-0.123,0.5456,0.5579,0.5709,0.5848,0.6001,0.6188,0.6432,0.6349,0.3301,0.0974,0.4098,0.6271,0.733,0.7829,0.7606,0.6698,0.5131,0.3204,0.2629,0.3115,0.3419,0.3455,0.3327,0.3093,0.2786,0.2424,0.2007,0.1535,0.1009,0.0442,-0.0135,-0.0683,-0.116,-0.1534,-0.179,-0.193,0.5411,0.5541,0.5688,0.5865,0.6102,0.647,0.7112,0.796,0.7003,0.5384,0.5967,0.717,0.79,0.8123,0.7983,0.7128,0.5148,0.1126,0.0932,0.2864,0.3599,0.3733,0.357,0.3251,0.2859,0.2422,0.1931,0.1364,0.0714,-0.0004,-0.0745,-0.1445,-0.2035,-0.2464,-0.2715,-0.2803,0.5353,0.5486,0.5641,0.5832,0.6088,0.6456,0.6977,0.7497,0.7125,0.6378,0.6672,0.7622,0.822,1.109,0.8504,0.7947,0.7165,0.3505,0.2456,0.3552,0.4189,0.4296,0.3966,0.3464,0.2952,0.2444,0.1885,0.1211,0.0394,-0.0547,-0.1539,-0.2469,-0.3218,-0.3704,-0.3915,-0.3895,0.5277,0.5406,0.5555,0.5734,0.5954,0.6225,0.6517,0.6686,0.6549,0.6424,0.6619,0.702,0.8039,0.8888,0.8296,0.9798,1.281,0.7524,0.4766,0.4682,0.5543,0.5525,0.4608,0.3712,0.3058,0.2529,0.1941,0.1146,0.0088,-0.1199,-0.2593,-0.389,-0.4868,-0.5395,-0.5484,-0.5255,0.5182,0.53,0.5432,0.5583,0.5753,0.5932,0.6089,0.6172,0.6195,0.6334,0.6693,0.6219,0.6375,0.6909,0.6892,0.8617,1.0778,0.6852,0.4479,0.5318,0.8351,0.7674,0.5253,0.3828,0.3165,0.2793,0.2274,0.1321,-0.0122,-0.1969,-0.4026,-0.5927,-0.7236,-0.7729,-0.7524,-0.6909,0.507,0.5172,0.5282,0.5401,0.5525,0.5643,0.574,0.5809,0.5889,0.6088,0.6447,0.5922,0.4185,0.3329,0.4355,0.4704,0.4684,0.288,0.1659,0.3844,0.8531,0.764,0.4837,0.3548,0.336,0.3574,0.3292,0.2013,-0.0112,-0.2855,-0.5992,-0.8899,-1.0659,-1.0901,-1.0069,-0.8806,0.4943,0.5027,0.5114,0.5203,0.5288,0.5363,0.5421,0.5463,0.5502,0.5547,0.5463,0.4811,0.3217,0.2454,0.1134,0.0068,0.0662,-0.0822,-0.2566,-0.002,0.2987,0.3757,0.3049,0.2892,0.3926,0.5614,0.5783,0.3517,0.0158,-0.3831,-0.8551,-1.3038,-1.5315,-1.4835,-1.2894,-1.0716,0.4806,0.4871,0.4935,0.4995,0.5047,0.5086,0.5105,0.5099,0.506,0.4952,0.4666,0.4021,0.292,0.0928,-0.4398,-0.647,-0.2083,-0.1843,-0.2842,-0.2936,-0.1063,0.0374,0.0954,0.1958,0.4701,0.9332,1.0228,0.5232,0.0233,-0.4787,-1.1135,-1.7523,-2.0177,-1.8508,-1.5243,-1.2177,0.4662,0.4708,0.475,0.4784,0.4806,0.4811,0.479,0.4734,0.4622,0.4414,0.4032,0.3358,0.2189,-0.0061,-0.4046,-0.5303,-0.2626,-0.2498,-0.5166,-0.6401,-0.3463,-0.2085,-0.1355,0.0195,0.3563,0.9416,1.0626,0.347,-0.0973,-0.5476,-1.2093,-1.9185,-2.1925,-1.9736,-1.6002,-1.2661,0.4513,0.4542,0.4563,0.4573,0.4568,0.4542,0.4485,0.4385,0.4221,0.3957,0.3536,0.2877,0.1855,0.0332,-0.1408,-0.2135,-0.1919,-0.2495,-0.4169,-0.4873,-0.435,-0.4869,-0.4881,-0.2976,-0.0427,0.02,-0.3757,-0.3758,-0.3385,-0.5758,-1.0696,-1.6265,-1.8807,-1.7569,-1.477,-1.2006,0.4364,0.4375,0.4378,0.4367,0.4338,0.4285,0.4199,0.4067,0.387,0.3582,0.3167,0.2579,0.178,0.0796,-0.0175,-0.0846,-0.1329,-0.2069,-0.3117,-0.4192,-0.6123,-0.9749,-1.077,-0.712,-0.3995,-0.4844,-0.8468,-0.6905,-0.4936,-0.5726,-0.86,-1.2038,-1.4033,-1.387,-1.2395,-1.0577,0.4215,0.4212,0.4198,0.4169,0.412,0.4045,0.3937,0.3784,0.3572,0.3282,0.2892,0.2386,0.1759,0.1046,0.0333,-0.0319,-0.0971,-0.1777,-0.2866,-0.4551,-0.7866,-1.3167,-1.4575,-0.9722,-0.5782,-0.5152,-0.6105,-0.5785,-0.5048,-0.5437,-0.6978,-0.8914,-1.0269,-1.0549,-0.9951,-0.8922,0.407,0.4054,0.4025,0.398,0.3915,0.3825,0.3702,0.3537,0.3319,0.3038,0.2681,0.2242,0.1725,0.1151,0.0548,-0.0075,-0.076,-0.16,-0.2745,-0.4502,-0.733,-1.0724,-1.1528,-0.8796,-0.6038,-0.4922,-0.4831,-0.4753,-0.4653,-0.4984,-0.5844,-0.6928,-0.7785,-0.8123,-0.7937,-0.7399]}]