docs/data/wind_grid.json
[{"header":{"la1":42.85,"la2":41.18,"lo1":11.55,"lo2":14.05,"nx":36,"ny":24,"dx":0.07143,"dy":0.07261,"parameterCategory":2,"parameterNumber":2,"parameterNumberName":"eastward_wind","parameterUnit":"m.s-1"},"data":[-0.5441,-0.5493,-0.5526,-0.5538,-0.5531,-0.5505,-0.5457,-0.5382,-0.5279,-0.5153,-0.5018,-0.4892,-0.4793,-0.4731,-0.4706,-0.4705,-0.4707,-0.4682,-0.4602,-0.4457,-0.4264,-0.4073,-0.3932,-0.386,-0.3841,-0.3846,-0.385,-0.3844,-0.3825,-0.3794,-0.3754,-0.371,-0.3663,-0.3616,-0.357,-0.3526,-0.5645,-0.5716,-0.5762,-0.5783,-0.5783,-0.5764,-0.5722,-0.5645,-0.552,-0.5349,-0.5157,-0.4979,-0.4846,-0.4775,-0.4765,-0.4802,-0.4852,-0.486,-0.4767,-0.4538,-0.4208,-0.3885,-0.3688,-0.3644,-0.3693,-0.3763,-0.3812,-0.3831,-0.3822,-0.3794,-0.3753,-0.3706,-0.3655,-0.3604,-0.3555,-0.3508,-0.5886,-0.5985,-0.605,-0.6081,-0.6088,-0.6084,-0.6068,-0.601,-0.5865,-0.5623,-0.5334,-0.5068,-0.4879,-0.4793,-0.481,-0.4914,-0.5056,-0.5147,-0.5058,-0.468,-0.4051,-0.344,-0.3163,-0.3243,-0.3464,-0.3659,-0.3777,-0.3826,-0.3827,-0.3799,-0.3754,-0.3701,-0.3645,-0.3589,-0.3536,-0.3486,-0.6177,-0.632,-0.6413,-0.645,-0.6456,-0.6474,-0.6526,-0.6549,-0.6406,-0.604,-0.5568,-0.5149,-0.4872,-0.476,-0.4815,-0.5025,-0.534,-0.563,-0.5629,-0.5014,-0.3724,-0.2407,-0.2065,-0.2572,-0.3174,-0.3569,-0.3768,-0.3842,-0.3844,-0.3808,-0.3755,-0.3694,-0.3631,-0.357,-0.3513,-0.346,-0.6529,-0.6749,-0.6891,-0.6927,-0.6897,-0.6922,-0.7116,-0.7393,-0.7337,-0.6706,-0.5865,-0.5194,-0.4789,-0.464,-0.4736,-0.509,-0.5695,-0.6429,-0.6817,-0.5972,-0.3342,-0.0278,-0.0122,-0.1768,-0.2979,-0.3577,-0.3822,-0.3891,-0.3876,-0.3823,-0.3755,-0.3683,-0.3612,-0.3545,-0.3484,-0.3428,-0.6951,-0.7314,-0.7569,-0.7603,-0.7444,-0.7369,-0.7763,-0.8686,-0.899,-0.7697,-0.6143,-0.5126,-0.4581,-0.438,-0.4499,-0.5,-0.599,-0.7536,-0.9087,-0.8406,-0.4222,0.115,0.0942,-0.1753,-0.3212,-0.3786,-0.3964,-0.3975,-0.3919,-0.3838,-0.3751,-0.3666,-0.3586,-0.3513,-0.3447,-0.3389,-0.7421,-0.8046,-0.8591,-0.8695,-0.8211,-0.7726,-0.8077,-0.9804,-1.0801,-0.8373,-0.6058,-0.4824,-0.42,-0.3928,-0.4001,-0.4569,-0.5863,-0.8187,-1.1286,-1.1004,-0.7208,-0.3433,-0.2453,-0.3411,-0.4015,-0.4192,-0.4171,-0.4076,-0.3961,-0.3845,-0.3737,-0.3638,-0.3549,-0.3471,-0.3401,-0.3341,-0.7838,-0.8851,-1.0061,-1.0579,-0.9397,-0.7972,-0.7612,-0.8557,-0.906,-0.7073,-0.524,-0.4243,-0.3653,-0.3249,-0.3094,-0.3562,-0.4971,-0.7245,-0.9648,-1.0153,-1.039,-0.9272,-0.6838,-0.5544,-0.4968,-0.4621,-0.4362,-0.4153,-0.3979,-0.3832,-0.3705,-0.3595,-0.35,-0.3416,-0.3345,-0.3283,-0.8005,-0.9282,-1.1288,-1.2814,-1.0454,-0.7987,-0.6787,-0.6267,-0.5651,-0.4689,-0.3999,-0.354,-0.3057,-0.2373,-0.149,-0.1541,-0.3413,-0.5798,-0.7946,-1.0443,-1.4992,-1.3867,-0.9328,-0.6788,-0.5538,-0.486,-0.4445,-0.4164,-0.3955,-0.379,-0.3652,-0.3535,-0.3434,-0.3348,-0.3275,-0.3214,-0.7788,-0.8828,-1.0222,-1.1019,-0.9268,-0.7504,-0.6129,-0.4795,-0.3084,-0.2243,-0.2767,-0.2958,-0.2621,-0.1638,0.1092,0.2552,-0.1772,-0.5072,-0.7255,-0.9665,-1.2981,-1.236,-0.9044,-0.6787,-0.5525,-0.4808,-0.4377,-0.4091,-0.3882,-0.3716,-0.3576,-0.3455,-0.3352,-0.3263,-0.319,-0.313,-0.7314,-0.7938,-0.8355,-0.8118,-0.7925,-0.7044,-0.597,-0.4515,-0.0827,0.098,-0.1905,-0.268,-0.2468,-0.1771,0.0669,0.26,-0.2447,-0.5957,-0.765,-0.8386,-0.9027,-0.8688,-0.7306,-0.5973,-0.5065,-0.4516,-0.4183,-0.3954,-0.3772,-0.3616,-0.3479,-0.3357,-0.325,-0.3159,-0.3086,-0.303,-0.6784,-0.72,-0.7539,-0.7773,-0.7578,-0.6791,-0.657,-0.6568,-0.3547,-0.1142,-0.2423,-0.2752,-0.2417,-0.181,-0.205,-0.282,-0.5516,-0.9659,-1.0787,-0.8813,-0.745,-0.6592,-0.575,-0.4985,-0.4444,-0.4138,-0.3955,-0.3799,-0.3649,-0.3504,-0.3367,-0.3239,-0.3125,-0.303,-0.2958,-0.2907,-0.6262,-0.6551,-0.6801,-0.6925,-0.6736,-0.6526,-0.7173,-0.8895,-0.6913,-0.4115,-0.318,-0.3054,-0.2694,-0.1763,-0.2589,-0.483,-0.7711,-1.6801,-1.7117,-0.974,-0.6595,-0.5225,-0.4527,-0.4136,-0.3958,-0.3907,-0.3818,-0.3681,-0.3536,-0.339,-0.3242,-0.3098,-0.2969,-0.2866,-0.2796,-0.2755,-0.5761,-0.5936,-0.6061,-0.6085,-0.6012,-0.6076,-0.6616,-0.7333,-0.6459,-0.4259,-0.3186,-0.3374,-0.3418,-0.2139,-0.4077,-0.7062,-0.7874,-1.1849,-1.2574,-0.7811,-0.4877,-0.3625,-0.3325,-0.3457,-0.3794,-0.398,-0.3801,-0.36,-0.3441,-0.328,-0.3103,-0.2922,-0.2763,-0.2647,-0.2582,-0.2561,-0.5297,-0.5386,-0.543,-0.5415,-0.5373,-0.5396,-0.5528,-0.5489,-0.4667,-0.3345,-0.2543,-0.2471,-0.221,-0.1112,-0.4447,-0.7733,-1.0257,-0.7836,-0.6485,-0.4082,-0.1789,-0.1236,-0.1872,-0.2689,-0.3444,-0.3778,-0.3655,-0.3507,-0.3368,-0.3182,-0.2941,-0.2683,-0.2466,-0.2332,-0.2288,-0.231,-0.4879,-0.4908,-0.4898,-0.4848,-0.4768,-0.4674,-0.4524,-0.4162,-0.3418,-0.2388,-0.1382,-0.1894,-0.1825,-0.1869,-0.3365,-0.608,-0.8304,-0.5424,-0.3007,-0.0614,0.2422,0.1814,-0.0331,-0.1782,-0.2752,-0.3275,-0.3463,-0.349,-0.3378,-0.3117,-0.2736,-0.2319,-0.1996,-0.1851,-0.1872,-0.1985,-0.4507,-0.4491,-0.4442,-0.4354,-0.4226,-0.4046,-0.3778,-0.3355,-0.274,-0.1993,-0.1341,-0.1396,-0.0481,0.005,-0.0981,-0.1925,-0.2412,-0.1002,0.07,0.1534,0.3258,0.2571,0.0466,-0.116,-0.2397,-0.3256,-0.3704,-0.3784,-0.3577,-0.3121,-0.2443,-0.17,-0.1192,-0.1093,-0.1289,-0.1582,-0.4177,-0.4128,-0.4047,-0.3928,-0.3764,-0.3542,-0.3242,-0.2842,-0.235,-0.1827,-0.1365,-0.0825,0.0286,0.1051,0.3364,0.452,0.2636,0.3112,0.4551,0.3635,0.2955,0.2112,0.0733,-0.0926,-0.2655,-0.4107,-0.4712,-0.4547,-0.4047,-0.3233,-0.2015,-0.0627,0.0182,0.0047,-0.0548,-0.1144,-0.3885,-0.3812,-0.3706,-0.3565,-0.3379,-0.3141,-0.284,-0.247,-0.2038,-0.1561,-0.102,-0.027,0.0963,0.3776,1.2645,1.6425,0.7126,0.4973,0.5824,0.7389,0.5293,0.3154,0.1364,-0.0733,-0.3307,-0.5737,-0.6303,-0.5599,-0.4772,-0.3547,-0.1582,0.0862,0.2064,0.1352,0.0138,-0.0804,-0.3628,-0.3536,-0.3414,-0.3258,-0.3061,-0.2818,-0.2522,-0.2169,-0.1756,-0.1268,-0.0652,0.0243,0.1791,0.5092,1.1773,1.3914,0.801,0.6728,1.142,1.3986,0.7921,0.4768,0.2697,0.0022,-0.3397,-0.6265,-0.6815,-0.6619,-0.5771,-0.4279,-0.1802,0.1431,0.2905,0.1817,0.0308,-0.0755,-0.3403,-0.3297,-0.3164,-0.2999,-0.2797,-0.2554,-0.2264,-0.1921,-0.1515,-0.1021,-0.0383,0.0515,0.1895,0.4053,0.6643,0.7482,0.6413,0.666,0.9277,1.0298,0.8011,0.6965,0.5718,0.2163,-0.2547,-0.6602,-0.9487,-0.8866,-0.7198,-0.5629,-0.3271,-0.0382,0.1135,0.0695,-0.029,-0.1077,-0.3205,-0.309,-0.295,-0.2781,-0.2579,-0.2339,-0.2056,-0.1724,-0.1329,-0.0851,-0.0248,0.0541,0.1586,0.2878,0.4112,0.4771,0.4979,0.5549,0.6659,0.75,0.8659,1.1985,1.265,0.6371,-0.0972,-0.72,-1.1703,-1.0226,-0.8756,-0.7671,-0.5459,-0.301,-0.1454,-0.1075,-0.1296,-0.1631,-0.3033,-0.2913,-0.2769,-0.2599,-0.2399,-0.2165,-0.1892,-0.1574,-0.1201,-0.0756,-0.0219,0.0435,0.1211,0.2061,0.2847,0.3444,0.3929,0.4542,0.5419,0.6771,0.986,1.6264,1.8257,0.9686,0.0959,-0.5107,-0.8442,-0.9475,-1.1177,-1.0185,-0.7371,-0.4906,-0.3292,-0.2496,-0.2227,-0.2202,-0.2884,-0.2761,-0.2616,-0.2448,-0.2252,-0.2027,-0.1767,-0.1467,-0.1122,-0.072,-0.0254,0.0282,0.0879,0.1502,0.2096,0.2631,0.315,0.3762,0.4619,0.6044,0.872,1.2563,1.3199,0.7942,0.1606,-0.3211,-0.6426,-0.9088,-1.1473,-1.0531,-0.7916,-0.5718,-0.4234,-0.3346,-0.2875,-0.2653]},{"header":{"la1":42.85,"la2":41.18,"lo1":11.55,"lo2":14.05,"nx":36,"ny":24,"dx":0.07143,"dy":0.07261,"parameterCategory":2,"parameterNumber":3,"parameterNumberName":"northward_wind","parameterUnit":"m.s-1"},"data":[-0.6591,-0.657,-0.6531,-0.6471,-0.6392,-0.6295,-0.6184,-0.6063,-0.5931,-0.5787,-0.5623,-0.5431,-0.5206,-0.4948,-0.4657,-0.4339,-0.4004,-0.3665,-0.3336,-0.3035,-0.2785,-0.2609,-0.2529,-0.2542,-0.2626,-0.275,-0.2888,-0.3025,-0.3153,-0.3269,-0.3373,-0.3466,-0.355,-0.3626,-0.3695,-0.3757,-0.6724,-0.6709,-0.6672,-0.6608,-0.6518,-0.6404,-0.6276,-0.6142,-0.6008,-0.5867,-0.5706,-0.551,-0.527,-0.4982,-0.4647,-0.4272,-0.3869,-0.3453,-0.3044,-0.2661,-0.2331,-0.2103,-0.2025,-0.2097,-0.2266,-0.2473,-0.2679,-0.2866,-0.303,-0.3172,-0.3295,-0.3403,-0.3497,-0.3582,-0.3657,-0.3726,-0.6872,-0.6868,-0.6835,-0.6764,-0.6655,-0.6512,-0.635,-0.6192,-0.6055,-0.5932,-0.5793,-0.5607,-0.5357,-0.504,-0.4656,-0.4212,-0.372,-0.3206,-0.2697,-0.2204,-0.1742,-0.1405,-0.1332,-0.1525,-0.1847,-0.218,-0.2473,-0.2718,-0.2919,-0.3087,-0.3228,-0.3348,-0.3452,-0.3544,-0.3626,-0.37,-0.7039,-0.7052,-0.7027,-0.6951,-0.6812,-0.6614,-0.6379,-0.6162,-0.602,-0.595,-0.5875,-0.5724,-0.5476,-0.5132,-0.4697,-0.417,-0.3562,-0.2916,-0.2291,-0.1684,-0.1007,-0.041,-0.0352,-0.0817,-0.1403,-0.1905,-0.2296,-0.2596,-0.2831,-0.3019,-0.3174,-0.3304,-0.3417,-0.3515,-0.3602,-0.368,-0.7224,-0.7267,-0.7264,-0.7186,-0.7009,-0.6719,-0.6332,-0.5948,-0.5777,-0.5857,-0.5944,-0.5873,-0.5639,-0.5275,-0.4791,-0.4172,-0.3409,-0.2558,-0.1793,-0.1175,-0.0255,0.0936,0.0912,-0.0107,-0.1046,-0.1713,-0.2179,-0.2518,-0.2774,-0.2974,-0.3137,-0.3274,-0.3392,-0.3495,-0.3586,-0.3668,-0.7425,-0.7519,-0.7562,-0.7501,-0.7287,-0.6878,-0.6217,-0.5392,-0.5074,-0.558,-0.6029,-0.6081,-0.5862,-0.5485,-0.4971,-0.4275,-0.3325,-0.2124,-0.1048,-0.0699,-0.0012,0.1657,0.1521,0.0115,-0.0962,-0.167,-0.2151,-0.2494,-0.2752,-0.2954,-0.3118,-0.3258,-0.3378,-0.3484,-0.3579,-0.3663,-0.7628,-0.78,-0.7938,-0.7936,-0.7698,-0.7202,-0.6298,-0.4793,-0.409,-0.5404,-0.6298,-0.6406,-0.616,-0.5775,-0.5276,-0.4566,-0.3491,-0.193,-0.0275,-0.0249,-0.0367,0.0353,0.0372,-0.0413,-0.1194,-0.1782,-0.2208,-0.2523,-0.2763,-0.2955,-0.3116,-0.3254,-0.3375,-0.3484,-0.3581,-0.3668,-0.7799,-0.8067,-0.8375,-0.8508,-0.8217,-0.7733,-0.7034,-0.5865,-0.5325,-0.6416,-0.7024,-0.6894,-0.6521,-0.6141,-0.575,-0.514,-0.4081,-0.2577,-0.1122,-0.0705,-0.0326,-0.0203,-0.0525,-0.1015,-0.1536,-0.1978,-0.2322,-0.2587,-0.2798,-0.2974,-0.3126,-0.3261,-0.3383,-0.3494,-0.3594,-0.3684,-0.7886,-0.8205,-0.8686,-0.9046,-0.8574,-0.8239,-0.8148,-0.8098,-0.8308,-0.8599,-0.8234,-0.7497,-0.6881,-0.6547,-0.6473,-0.614,-0.4994,-0.354,-0.2223,-0.095,0.0773,0.049,-0.0687,-0.138,-0.1841,-0.2188,-0.2455,-0.2667,-0.2844,-0.3001,-0.3144,-0.3277,-0.3402,-0.3516,-0.362,-0.3712,-0.7867,-0.81,-0.8393,-0.8568,-0.8284,-0.8521,-0.9149,-1.0085,-1.1512,-1.1815,-0.9832,-0.8049,-0.7126,-0.6873,-0.7525,-0.7956,-0.5883,-0.4135,-0.2854,-0.1518,-0.0025,-0.0131,-0.1103,-0.1736,-0.2122,-0.2386,-0.2583,-0.2743,-0.2887,-0.3027,-0.3165,-0.3301,-0.3431,-0.3552,-0.3661,-0.3757,-0.7789,-0.7886,-0.7791,-0.7256,-0.744,-0.8676,-1.0014,-1.1499,-1.4834,-1.6652,-1.1174,-0.8216,-0.718,-0.6974,-0.7459,-0.7992,-0.5655,-0.4035,-0.3096,-0.2343,-0.1676,-0.1523,-0.1809,-0.2134,-0.2383,-0.256,-0.2688,-0.2798,-0.2914,-0.3044,-0.3185,-0.3331,-0.3475,-0.3608,-0.3725,-0.3823,-0.7721,-0.7778,-0.766,-0.7289,-0.7579,-0.9136,-1.0995,-1.2424,-1.3256,-1.3953,-1.0132,-0.7756,-0.7125,-0.7486,-0.6932,-0.5634,-0.4278,-0.3179,-0.2745,-0.2592,-0.2365,-0.2236,-0.2283,-0.2429,-0.2588,-0.27,-0.2762,-0.2822,-0.2915,-0.3046,-0.3204,-0.3375,-0.3542,-0.3693,-0.382,-0.392,-0.7677,-0.7772,-0.7825,-0.7914,-0.8417,-0.9656,-1.1539,-1.4664,-1.1482,-1.0239,-0.8341,-0.7052,-0.6793,-0.7874,-0.6967,-0.3903,-0.2756,-0.2109,-0.2086,-0.2452,-0.2448,-0.2388,-0.2423,-0.2556,-0.2738,-0.2839,-0.2816,-0.2808,-0.2881,-0.3028,-0.3225,-0.3442,-0.365,-0.3828,-0.3965,-0.4061,-0.7629,-0.7764,-0.7925,-0.8181,-0.8675,-0.9511,-1.054,-1.0751,-1.0213,-0.8736,-0.7264,-0.667,-0.6547,-0.5928,-0.3979,-0.0454,-0.0744,-0.1742,-0.2093,-0.2275,-0.2173,-0.2119,-0.2266,-0.252,-0.2835,-0.2997,-0.2842,-0.2734,-0.2794,-0.2987,-0.3261,-0.356,-0.3833,-0.4045,-0.4186,-0.4264,-0.7557,-0.7702,-0.7881,-0.8129,-0.8485,-0.8944,-0.9366,-0.9406,-0.8729,-0.75,-0.6447,-0.5797,-0.5064,-0.3124,-0.2743,0.0519,0.2244,-0.0778,-0.1988,-0.191,-0.1219,-0.1192,-0.1786,-0.2282,-0.2646,-0.2821,-0.2644,-0.251,-0.2613,-0.2918,-0.3338,-0.3781,-0.4155,-0.4404,-0.4526,-0.4555,-0.7456,-0.7586,-0.7737,-0.7919,-0.8127,-0.8324,-0.8404,-0.82,-0.7587,-0.6689,-0.6007,-0.4572,-0.4948,-0.4802,-0.3647,-0.1198,0.075,-0.1382,-0.2317,-0.1339,0.1392,0.0767,-0.1135,-0.1916,-0.2121,-0.211,-0.1977,-0.1974,-0.2268,-0.2817,-0.3513,-0.4207,-0.4735,-0.5003,-0.5043,-0.4957,-0.7334,-0.7438,-0.7549,-0.7661,-0.7761,-0.781,-0.7746,-0.7499,-0.7045,-0.6476,-0.6052,-0.5739,-0.7218,-0.7986,-0.5668,-0.4171,-0.3268,-0.3442,-0.3512,-0.1968,0.1713,0.0918,-0.1146,-0.1677,-0.1391,-0.0876,-0.0633,-0.0939,-0.1684,-0.2699,-0.3882,-0.5026,-0.5784,-0.5981,-0.5792,-0.5475,-0.7203,-0.728,-0.7352,-0.7413,-0.7447,-0.743,-0.733,-0.7128,-0.6839,-0.6539,-0.6368,-0.6624,-0.8068,-0.8579,-0.8105,-0.7844,-0.6019,-0.498,-0.4858,-0.4068,-0.236,-0.1809,-0.2022,-0.1598,-0.0288,0.1402,0.1905,0.0759,-0.0866,-0.2596,-0.4545,-0.6486,-0.7573,-0.7447,-0.675,-0.6052,-0.7072,-0.7125,-0.7169,-0.7197,-0.7197,-0.7158,-0.7066,-0.6925,-0.6758,-0.6623,-0.6618,-0.6891,-0.7545,-0.8661,-1.2491,-1.4222,-0.8484,-0.5958,-0.5569,-0.6102,-0.4962,-0.3861,-0.3039,-0.1657,0.1034,0.4964,0.5847,0.2693,-0.008,-0.2507,-0.5342,-0.8459,-0.9937,-0.9091,-0.7643,-0.6519,-0.6947,-0.6982,-0.7007,-0.7015,-0.7002,-0.696,-0.689,-0.6798,-0.671,-0.6665,-0.6728,-0.6982,-0.7558,-0.89,-1.194,-1.2818,-0.8959,-0.7039,-0.7915,-0.8677,-0.6557,-0.5328,-0.425,-0.2316,0.1038,0.5641,0.664,0.2936,0.0195,-0.2324,-0.5483,-0.9256,-1.0952,-0.9689,-0.7915,-0.6647,-0.6831,-0.6853,-0.6865,-0.6864,-0.6846,-0.6811,-0.676,-0.6704,-0.6662,-0.6662,-0.6744,-0.6965,-0.7409,-0.8201,-0.9194,-0.9242,-0.805,-0.7239,-0.7518,-0.7709,-0.7148,-0.7082,-0.647,-0.4119,-0.0692,0.2186,0.2848,0.1978,0.0034,-0.202,-0.451,-0.7453,-0.9019,-0.848,-0.731,-0.635,-0.6724,-0.6738,-0.6742,-0.6736,-0.6719,-0.6691,-0.6656,-0.6622,-0.6604,-0.662,-0.6695,-0.6857,-0.713,-0.7498,-0.7805,-0.7757,-0.7362,-0.7055,-0.7093,-0.7372,-0.8289,-1.0526,-1.0981,-0.714,-0.2638,0.0791,0.282,0.1681,-0.0579,-0.1866,-0.3341,-0.5179,-0.6446,-0.6658,-0.6279,-0.5797,-0.6627,-0.6635,-0.6635,-0.6627,-0.6611,-0.6589,-0.6564,-0.6543,-0.6535,-0.6552,-0.6607,-0.6709,-0.6856,-0.7018,-0.7119,-0.7084,-0.6946,-0.6865,-0.7007,-0.7611,-0.9423,-1.3236,-1.4415,-0.9379,-0.4315,-0.1012,0.0455,-0.0408,-0.1714,-0.1926,-0.268,-0.385,-0.4821,-0.529,-0.5353,-0.5224,-0.6539,-0.6543,-0.654,-0.6531,-0.6517,-0.6499,-0.648,-0.6464,-0.6459,-0.647,-0.6503,-0.6559,-0.6632,-0.67,-0.6734,-0.6716,-0.6678,-0.6704,-0.6923,-0.7559,-0.9007,-1.1181,-1.1543,-0.8562,-0.5049,-0.2603,-0.1484,-0.1559,-0.1884,-0.1996,-0.2523,-0.3311,-0.4024,-0.4491,-0.4712,-0.4768]}]