docs/data/wind_grid.json
[{"header":{"la1":42.22,"la2":41.45,"lo1":11.9,"lo2":12.97,"nx":16,"ny":12,"dx":0.07133,"dy":0.07,"parameterCategory":2,"parameterNumber":2,"parameterNumberName":"eastward_wind","parameterUnit":"m.s-1"},"data":[2.585,2.6345,2.7118,2.8015,2.8344,2.7834,2.7304,2.717,2.7328,2.7674,2.8248,2.9068,2.992,3.0439,3.044,3.0044,2.5548,2.6056,2.7165,2.9092,2.9979,2.8457,2.7351,2.7194,2.7437,2.7801,2.8535,2.9894,3.1457,3.2267,3.1969,3.1068,2.5037,2.5251,2.609,2.8745,3.0384,2.8191,2.7118,2.7237,2.7803,2.7977,2.873,3.1069,3.4237,3.5452,3.4128,3.2197,2.4442,2.4099,2.3568,2.4661,2.6763,2.6702,2.6872,2.7277,2.8659,2.8107,2.867,3.2334,3.8727,4.0202,3.634,3.294,2.4008,2.3432,2.2392,2.2669,2.4549,2.5533,2.7405,2.8318,2.5986,2.6621,2.8281,3.213,3.9643,4.1363,3.6259,3.2447,2.3799,2.3409,2.2997,2.3109,2.3474,2.3874,2.5747,2.6572,2.4179,2.5245,2.8408,3.1486,3.3463,3.4855,3.2784,3.0406,2.3668,2.3398,2.3119,2.2775,2.2009,2.092,2.0985,2.2284,2.3305,2.4681,2.8933,3.295,3.0718,2.9387,2.8305,2.7391,2.3531,2.325,2.2862,2.2198,2.0884,1.8551,1.9136,2.0074,2.1528,2.3506,2.6527,2.8632,2.6656,2.3888,2.3263,2.3883,2.3406,2.3101,2.2667,2.1998,2.0987,1.9911,1.9934,1.94,1.8475,2.1728,2.3854,2.375,1.979,1.5769,1.7468,2.0439,2.3323,2.3024,2.2628,2.2104,2.1485,2.0963,2.0675,2.0088,1.9917,2.1411,2.2298,2.0786,1.5307,1.1033,1.4231,1.8377,2.3288,2.302,2.2692,2.2307,2.1907,2.1566,2.1311,2.1104,2.1191,2.1655,2.1661,2.006,1.6427,1.3911,1.5477,1.8341,2.3291,2.3062,2.28,2.2516,2.2237,2.2,2.1828,2.1742,2.1784,2.1859,2.1581,2.0493,1.8695,1.7485,1.7934,1.936]},{"header":{"la1":42.22,"la2":41.45,"lo1":11.9,"lo2":12.97,"nx":16,"ny":12,"dx":0.07133,"dy":0.07,"parameterCategory":2,"parameterNumber":3,"parameterNumberName":"northward_wind","parameterUnit":"m.s-1"},"data":[2.5341,2.5928,2.6887,2.8018,2.8352,2.7388,2.6173,2.5336,2.4733,2.4069,2.3135,2.1929,2.0725,1.9941,1.9768,2.0052,2.5036,2.563,2.7035,2.9563,3.0727,2.8424,2.6359,2.5433,2.4957,2.4306,2.3048,2.1111,1.9033,1.7895,1.8058,1.8904,2.4444,2.4612,2.5635,2.9137,3.1308,2.814,2.6062,2.546,2.539,2.485,2.3106,1.9871,1.5854,1.4242,1.561,1.7622,2.3744,2.3083,2.2144,2.3649,2.6566,2.6171,2.5493,2.5442,2.5936,2.5417,2.3282,1.8566,1.0565,0.8663,1.308,1.6753,2.3325,2.2271,2.0419,2.0888,2.4046,2.498,2.5149,2.5291,2.5881,2.5299,2.369,1.9621,0.9672,0.7315,1.3195,1.722,2.3342,2.2654,2.1908,2.2405,2.3811,2.446,2.4873,2.5234,2.6296,2.5299,2.465,2.4158,1.9239,1.5568,1.7123,1.924,2.3574,2.3292,2.3168,2.3454,2.3819,2.3847,2.4161,2.46,2.487,2.4963,2.5384,2.6698,2.4207,2.1845,2.1503,2.1896,2.3798,2.3697,2.3691,2.3773,2.372,2.3187,2.3748,2.4186,2.4452,2.4708,2.5134,2.5578,2.5422,2.5458,2.5124,2.4473,2.3955,2.3913,2.3908,2.3906,2.3819,2.3654,2.3865,2.4074,2.4012,2.4506,2.5074,2.5947,2.7802,2.9582,2.8489,2.6654,2.406,2.4038,2.4029,2.4018,2.399,2.3983,2.4074,2.415,2.4209,2.458,2.5282,2.674,2.9779,3.2043,3.027,2.7872,2.4133,2.4122,2.4118,2.4117,2.4121,2.4148,2.4211,2.4297,2.444,2.4775,2.5466,2.6833,2.9028,3.0441,2.9546,2.7885,2.4189,2.4185,2.4188,2.4197,2.4217,2.4256,2.4321,2.4423,2.4595,2.4913,2.5488,2.6435,2.7626,2.8365,2.8111,2.7277]}]