docs/data/wind_grid.json
[{"header":{"la1":42.85,"la2":41.18,"lo1":11.55,"lo2":14.05,"nx":36,"ny":24,"dx":0.07143,"dy":0.07261,"parameterCategory":2,"parameterNumber":2,"parameterNumberName":"eastward_wind","parameterUnit":"m.s-1"},"data":[-0.7038,-0.7088,-0.7136,-0.7181,-0.7219,-0.7246,-0.725,-0.7219,-0.7146,-0.7038,-0.6912,-0.6797,-0.6716,-0.6687,-0.6716,-0.6796,-0.691,-0.703,-0.7127,-0.7174,-0.7162,-0.7097,-0.6995,-0.6873,-0.6744,-0.6619,-0.6501,-0.6392,-0.6292,-0.6202,-0.612,-0.6045,-0.5977,-0.5915,-0.5859,-0.5807,-0.7163,-0.7228,-0.7292,-0.7358,-0.7424,-0.7484,-0.752,-0.7503,-0.7413,-0.7252,-0.7054,-0.6871,-0.6744,-0.67,-0.6747,-0.6878,-0.7068,-0.7271,-0.7433,-0.7506,-0.7477,-0.7366,-0.7207,-0.7031,-0.6859,-0.6699,-0.6555,-0.6428,-0.6314,-0.6213,-0.6123,-0.6042,-0.5969,-0.5903,-0.5844,-0.579,-0.7306,-0.7387,-0.747,-0.7562,-0.7669,-0.779,-0.7896,-0.7928,-0.7824,-0.7575,-0.725,-0.6949,-0.6745,-0.6675,-0.6749,-0.696,-0.7276,-0.7624,-0.7899,-0.8006,-0.7928,-0.7722,-0.7465,-0.7209,-0.6977,-0.6776,-0.6604,-0.6456,-0.6329,-0.6218,-0.6121,-0.6034,-0.5956,-0.5886,-0.5824,-0.5767,-0.7471,-0.757,-0.7671,-0.779,-0.7951,-0.8171,-0.8425,-0.8597,-0.8504,-0.8091,-0.7523,-0.7019,-0.6694,-0.6584,-0.6694,-0.7022,-0.7545,-0.816,-0.8649,-0.8794,-0.8582,-0.8184,-0.7763,-0.7392,-0.7087,-0.6841,-0.664,-0.6475,-0.6335,-0.6215,-0.6111,-0.6019,-0.5937,-0.5864,-0.5798,-0.574,-0.7667,-0.7787,-0.7903,-0.8038,-0.8245,-0.8601,-0.9144,-0.9682,-0.9697,-0.8935,-0.7881,-0.7041,-0.655,-0.6387,-0.6535,-0.7015,-0.7856,-0.8966,-0.99,-1.0065,-0.9503,-0.8733,-0.8064,-0.7552,-0.7171,-0.6882,-0.6658,-0.6478,-0.633,-0.6204,-0.6094,-0.5997,-0.5912,-0.5835,-0.5767,-0.5707,-0.7908,-0.8061,-0.8188,-0.831,-0.8511,-0.8974,-0.9945,-1.1325,-1.1744,-1.0166,-0.82,-0.6911,-0.6249,-0.6031,-0.62,-0.6824,-0.8064,-0.9993,-1.1837,-1.1926,-1.0583,-0.9231,-0.8279,-0.7641,-0.7203,-0.6889,-0.6652,-0.6466,-0.6313,-0.6183,-0.6069,-0.5969,-0.5879,-0.58,-0.5729,-0.5667,-0.8216,-0.8434,-0.859,-0.8665,-0.8739,-0.9092,-1.0269,-1.2672,-1.3846,-1.0953,-0.8014,-0.6459,-0.5735,-0.5474,-0.5607,-0.6275,-0.778,-1.0463,-1.3421,-1.334,-1.1137,-0.9376,-0.8293,-0.7617,-0.717,-0.6856,-0.6622,-0.6438,-0.6285,-0.6154,-0.6037,-0.5933,-0.584,-0.5757,-0.5684,-0.562,-0.8609,-0.8969,-0.9238,-0.9284,-0.9082,-0.8925,-0.9422,-1.1017,-1.1704,-0.9159,-0.6795,-0.5607,-0.502,-0.4707,-0.4667,-0.5203,-0.6672,-0.9153,-1.1729,-1.1911,-1.0345,-0.8974,-0.807,-0.7477,-0.7075,-0.679,-0.6575,-0.6401,-0.6253,-0.612,-0.6,-0.5891,-0.5793,-0.5706,-0.563,-0.5564,-0.9075,-0.9715,-1.0327,-1.0553,-0.9991,-0.8916,-0.8078,-0.7636,-0.6883,-0.5654,-0.4908,-0.4558,-0.4237,-0.3796,-0.3251,-0.3414,-0.5044,-0.7221,-0.8931,-0.9461,-0.9024,-0.8335,-0.773,-0.7273,-0.6946,-0.671,-0.6526,-0.6367,-0.6222,-0.6086,-0.5959,-0.5842,-0.5737,-0.5645,-0.5565,-0.5498,-0.9524,-1.0585,-1.1947,-1.3008,-1.2161,-0.9572,-0.7284,-0.5299,-0.2927,-0.1892,-0.2965,-0.3636,-0.3583,-0.3,-0.1349,-0.0526,-0.3643,-0.6468,-0.8039,-0.8532,-0.8348,-0.7892,-0.7428,-0.7069,-0.6822,-0.6649,-0.6502,-0.6355,-0.6204,-0.6056,-0.5915,-0.5786,-0.5671,-0.5571,-0.5487,-0.5419,-0.9762,-1.1178,-1.3411,-1.6075,-1.5301,-1.0456,-0.7113,-0.4573,0.0399,0.2727,-0.1593,-0.313,-0.3129,-0.2658,-0.1395,-0.0447,-0.4279,-0.7765,-0.9329,-0.9178,-0.8435,-0.7718,-0.7198,-0.6892,-0.6746,-0.666,-0.6546,-0.6388,-0.621,-0.6033,-0.5867,-0.5719,-0.5589,-0.548,-0.5392,-0.5323,-0.9609,-1.0962,-1.3076,-1.5534,-1.4601,-0.9891,-0.728,-0.6359,-0.2883,-0.0132,-0.2367,-0.3118,-0.2744,-0.1881,-0.2348,-0.3828,-0.7265,-1.2326,-1.3581,-1.105,-0.8864,-0.7582,-0.6942,-0.6739,-0.6789,-0.6842,-0.6726,-0.6493,-0.6241,-0.6012,-0.581,-0.5634,-0.5485,-0.5364,-0.5271,-0.5204,-0.9093,-1.0009,-1.1133,-1.1865,-1.0802,-0.85,-0.744,-0.7944,-0.6761,-0.4313,-0.3585,-0.3142,-0.2749,-0.1524,-0.2217,-0.5162,-0.9965,-1.978,-1.9948,-1.2582,-0.8778,-0.7088,-0.6502,-0.6594,-0.7065,-0.7344,-0.7086,-0.665,-0.6276,-0.5978,-0.5729,-0.5518,-0.5345,-0.5211,-0.5116,-0.5056,-0.8423,-0.8897,-0.9289,-0.9276,-0.8575,-0.7603,-0.7184,-0.7405,-0.6748,-0.507,-0.4037,-0.2875,-0.2594,-0.3888,-0.4121,-0.6909,-1.0662,-1.5521,-1.5872,-1.0649,-0.724,-0.5835,-0.5704,-0.6332,-0.7416,-0.7955,-0.7401,-0.673,-0.6259,-0.5905,-0.5609,-0.5355,-0.515,-0.5003,-0.4913,-0.4869,-0.7786,-0.7982,-0.8054,-0.7887,-0.7461,-0.6966,-0.6639,-0.6398,-0.5789,-0.4922,-0.4402,-0.4173,-0.4008,-0.4014,-0.5183,-0.9989,-1.4755,-1.1324,-0.9502,-0.6674,-0.4065,-0.3518,-0.4407,-0.565,-0.6938,-0.753,-0.7128,-0.6584,-0.6158,-0.5785,-0.5433,-0.5115,-0.4867,-0.4709,-0.4639,-0.4632,-0.7256,-0.7307,-0.7261,-0.7083,-0.6789,-0.6449,-0.6123,-0.5758,-0.5258,-0.4693,-0.4223,-0.5452,-0.5052,-0.4639,-0.5626,-0.9216,-1.2455,-0.8894,-0.6019,-0.3197,0.0292,-0.0402,-0.2947,-0.4737,-0.5942,-0.6539,-0.6587,-0.6378,-0.6052,-0.5642,-0.5186,-0.4756,-0.4439,-0.4286,-0.4271,-0.4337,-0.6836,-0.6816,-0.6729,-0.6563,-0.633,-0.6057,-0.5759,-0.5425,-0.5047,-0.4657,-0.4321,-0.4812,-0.4953,-0.4913,-0.5187,-0.6134,-0.6513,-0.4752,-0.2855,-0.1623,0.099,0.0162,-0.2432,-0.4265,-0.5521,-0.6294,-0.6589,-0.6474,-0.6084,-0.5517,-0.4844,-0.4197,-0.3775,-0.3672,-0.3789,-0.3986,-0.6507,-0.6455,-0.6354,-0.6202,-0.6005,-0.5776,-0.5524,-0.5255,-0.4986,-0.4758,-0.4651,-0.4722,-0.482,-0.4772,-0.429,-0.4047,-0.3712,-0.1444,0.0561,-0.0729,-0.092,-0.1437,-0.2802,-0.435,-0.5855,-0.7076,-0.7479,-0.7059,-0.6325,-0.5435,-0.4381,-0.334,-0.277,-0.284,-0.3221,-0.3619,-0.6249,-0.6181,-0.6078,-0.594,-0.5771,-0.5577,-0.5369,-0.5156,-0.4956,-0.4793,-0.469,-0.4628,-0.4524,-0.4118,-0.2858,-0.2342,-0.2619,-0.0946,0.0448,0.0403,-0.0671,-0.178,-0.2993,-0.4559,-0.6564,-0.866,-0.9107,-0.7907,-0.6671,-0.5408,-0.3894,-0.229,-0.156,-0.1977,-0.2718,-0.3328,-0.6044,-0.5969,-0.5869,-0.5744,-0.5596,-0.5432,-0.5258,-0.5083,-0.4918,-0.4772,-0.4645,-0.4506,-0.4273,-0.3768,-0.2852,-0.248,-0.2356,-0.0977,0.1602,0.2618,0.0115,-0.1431,-0.2665,-0.4362,-0.6684,-0.9045,-0.9508,-0.8292,-0.6915,-0.5457,-0.3756,-0.1876,-0.107,-0.167,-0.2553,-0.3228,-0.5878,-0.5803,-0.5707,-0.5593,-0.5463,-0.532,-0.5171,-0.502,-0.4872,-0.4729,-0.4583,-0.4408,-0.4155,-0.3768,-0.3286,-0.2896,-0.2367,-0.1219,0.046,0.0999,-0.0063,-0.0693,-0.1453,-0.3353,-0.5975,-0.8291,-0.9669,-0.8875,-0.6964,-0.5445,-0.4098,-0.2688,-0.1963,-0.2233,-0.2829,-0.3352,-0.5743,-0.5669,-0.5579,-0.5475,-0.5358,-0.5231,-0.5098,-0.4962,-0.4824,-0.4683,-0.4529,-0.4347,-0.4112,-0.381,-0.3456,-0.306,-0.2526,-0.1755,-0.0917,-0.0433,0.0009,0.1273,0.1456,-0.1374,-0.4937,-0.8146,-1.0717,-0.91,-0.6043,-0.4884,-0.4315,-0.3618,-0.3116,-0.3073,-0.3311,-0.3607,-0.5632,-0.5559,-0.5475,-0.5379,-0.5273,-0.5158,-0.5037,-0.4912,-0.4781,-0.4642,-0.4489,-0.4312,-0.4099,-0.3842,-0.3539,-0.318,-0.2731,-0.2181,-0.1579,-0.0891,0.0412,0.2956,0.3726,0.0155,-0.3758,-0.6555,-0.7819,-0.6165,-0.3632,-0.3773,-0.4144,-0.4027,-0.3787,-0.3683,-0.3738,-0.3875,-0.5539,-0.5469,-0.5389,-0.53,-0.5202,-0.5097,-0.4986,-0.4868,-0.4744,-0.461,-0.4463,-0.4295,-0.4101,-0.3873,-0.3608,-0.3296,-0.2925,-0.2487,-0.1968,-0.1261,-0.0095,0.1478,0.1713,-0.049,-0.3182,-0.5053,-0.563,-0.461,-0.3288,-0.3535,-0.4035,-0.4156,-0.4093,-0.403,-0.4032,-0.409]},{"header":{"la1":42.85,"la2":41.18,"lo1":11.55,"lo2":14.05,"nx":36,"ny":24,"dx":0.07143,"dy":0.07261,"parameterCategory":2,"parameterNumber":3,"parameterNumberName":"northward_wind","parameterUnit":"m.s-1"},"data":[-0.7117,-0.7083,-0.7035,-0.6972,-0.6897,-0.6815,-0.6734,-0.6665,-0.6614,-0.6575,-0.6538,-0.6486,-0.6405,-0.6286,-0.6131,-0.5947,-0.5747,-0.5555,-0.5393,-0.5279,-0.5218,-0.5206,-0.5228,-0.5271,-0.5326,-0.5386,-0.5447,-0.5509,-0.557,-0.563,-0.569,-0.5748,-0.5805,-0.5859,-0.5912,-0.5962,-0.7179,-0.7142,-0.7085,-0.7006,-0.6905,-0.6791,-0.6678,-0.659,-0.6541,-0.6527,-0.6526,-0.6504,-0.6436,-0.6309,-0.6122,-0.5885,-0.5617,-0.5354,-0.5139,-0.5003,-0.4955,-0.4976,-0.5039,-0.5121,-0.5208,-0.5293,-0.5375,-0.5452,-0.5527,-0.5598,-0.5667,-0.5734,-0.5798,-0.586,-0.5919,-0.5974,-0.7251,-0.7211,-0.7144,-0.7044,-0.6904,-0.6733,-0.6556,-0.6421,-0.6372,-0.6411,-0.6485,-0.6526,-0.6489,-0.6359,-0.6133,-0.5819,-0.5443,-0.5062,-0.4757,-0.4597,-0.4587,-0.4679,-0.4814,-0.4955,-0.5085,-0.5201,-0.5305,-0.54,-0.5488,-0.5571,-0.565,-0.5726,-0.5799,-0.5868,-0.5933,-0.5994,-0.7332,-0.7293,-0.722,-0.7095,-0.6902,-0.6635,-0.6325,-0.6072,-0.6009,-0.6162,-0.6396,-0.6559,-0.6583,-0.6457,-0.6184,-0.5765,-0.5217,-0.4624,-0.4153,-0.3968,-0.4065,-0.4303,-0.4559,-0.4782,-0.4965,-0.5115,-0.5243,-0.5355,-0.5457,-0.5552,-0.5641,-0.5726,-0.5808,-0.5885,-0.5957,-0.6024,-0.7423,-0.7392,-0.732,-0.7179,-0.6927,-0.6515,-0.5941,-0.5385,-0.5247,-0.5671,-0.6251,-0.6629,-0.6743,-0.6632,-0.6313,-0.5765,-0.4958,-0.3971,-0.3159,-0.2971,-0.3345,-0.3866,-0.4303,-0.4626,-0.4864,-0.5046,-0.5195,-0.5323,-0.5437,-0.5543,-0.5643,-0.5737,-0.5828,-0.5913,-0.5993,-0.6066,-0.752,-0.7504,-0.745,-0.7319,-0.7036,-0.6471,-0.5471,-0.4193,-0.3767,-0.4867,-0.6131,-0.6807,-0.7012,-0.692,-0.6578,-0.5915,-0.4789,-0.3147,-0.1626,-0.1524,-0.2513,-0.347,-0.4109,-0.4518,-0.4797,-0.5002,-0.5167,-0.5307,-0.5432,-0.5547,-0.5657,-0.5761,-0.5861,-0.5956,-0.6043,-0.6123,-0.7614,-0.7617,-0.7596,-0.752,-0.7298,-0.6721,-0.5403,-0.3145,-0.2122,-0.4359,-0.6379,-0.7212,-0.7422,-0.7352,-0.7051,-0.6371,-0.5038,-0.2781,-0.0373,-0.0427,-0.2087,-0.3339,-0.4059,-0.4489,-0.4776,-0.4991,-0.5165,-0.5313,-0.5445,-0.5568,-0.5687,-0.5801,-0.5911,-0.6016,-0.6112,-0.6198,-0.7689,-0.77,-0.7707,-0.772,-0.769,-0.7415,-0.6502,-0.4729,-0.3967,-0.5896,-0.7423,-0.7899,-0.7954,-0.7929,-0.7815,-0.7291,-0.6002,-0.389,-0.1741,-0.1551,-0.2688,-0.361,-0.4171,-0.4535,-0.4803,-0.5017,-0.5194,-0.5345,-0.5481,-0.5609,-0.5735,-0.586,-0.5982,-0.6098,-0.6204,-0.6297,-0.7732,-0.7712,-0.7681,-0.7731,-0.7975,-0.8294,-0.8366,-0.8182,-0.8377,-0.8981,-0.9048,-0.872,-0.8489,-0.8593,-0.9016,-0.8896,-0.7473,-0.5602,-0.4108,-0.3546,-0.3709,-0.404,-0.4346,-0.4619,-0.4868,-0.5087,-0.5267,-0.5415,-0.5545,-0.5672,-0.5805,-0.5941,-0.6078,-0.6208,-0.6325,-0.6425,-0.7749,-0.7643,-0.7418,-0.723,-0.7684,-0.8888,-1.004,-1.1009,-1.2166,-1.2394,-1.0801,-0.94,-0.8833,-0.9103,-1.0739,-1.1624,-0.8833,-0.6528,-0.52,-0.4525,-0.4283,-0.4293,-0.445,-0.4698,-0.4979,-0.5229,-0.5411,-0.5537,-0.5644,-0.5761,-0.5898,-0.605,-0.6207,-0.6355,-0.6486,-0.6593,-0.778,-0.759,-0.708,-0.6253,-0.6649,-0.9217,-1.1514,-1.3009,-1.5095,-1.6182,-1.2075,-0.963,-0.888,-0.9046,-1.0498,-1.1669,-0.8487,-0.6276,-0.5191,-0.4617,-0.4314,-0.4251,-0.4417,-0.477,-0.5194,-0.5526,-0.5687,-0.5738,-0.5782,-0.5873,-0.6016,-0.6193,-0.638,-0.6554,-0.67,-0.6812,-0.787,-0.7718,-0.7261,-0.6503,-0.7087,-1.0226,-1.3303,-1.4994,-1.487,-1.4547,-1.1347,-0.9264,-0.8802,-0.928,-0.8955,-0.8111,-0.6508,-0.5211,-0.4691,-0.4269,-0.3955,-0.3914,-0.4228,-0.488,-0.5664,-0.6163,-0.6196,-0.6035,-0.5945,-0.5996,-0.6159,-0.6382,-0.6617,-0.6827,-0.6991,-0.7102,-0.8006,-0.8013,-0.7953,-0.8037,-0.9073,-1.1517,-1.4574,-1.7043,-1.5521,-1.2369,-0.9878,-0.88,-0.8569,-0.9465,-0.876,-0.6271,-0.4523,-0.4626,-0.459,-0.3741,-0.3234,-0.3214,-0.3808,-0.5038,-0.6606,-0.7415,-0.7,-0.6371,-0.6079,-0.6107,-0.6331,-0.6641,-0.6953,-0.7211,-0.739,-0.7487,-0.812,-0.827,-0.8497,-0.8967,-0.9971,-1.1648,-1.3774,-1.5583,-1.4388,-1.0787,-0.8558,-0.8774,-0.8921,-0.6936,-0.6175,-0.2976,-0.0416,-0.2643,-0.3426,-0.26,-0.1829,-0.1837,-0.2907,-0.491,-0.7557,-0.8794,-0.7636,-0.6483,-0.6074,-0.6179,-0.6553,-0.7021,-0.7453,-0.777,-0.7948,-0.8001,-0.8157,-0.8367,-0.8671,-0.9146,-0.9873,-1.0841,-1.1829,-1.2201,-1.0912,-0.843,-0.6647,-0.6184,-0.5621,-0.3271,-0.3933,0.3186,1.1243,0.237,-0.1075,-0.0601,0.1154,0.097,-0.1199,-0.3834,-0.6538,-0.782,-0.6925,-0.6001,-0.5831,-0.6215,-0.6886,-0.7621,-0.8231,-0.8605,-0.8735,-0.8683,-0.8106,-0.8308,-0.8573,-0.8921,-0.9347,-0.9776,-1.0004,-0.9663,-0.8413,-0.6418,-0.4476,-0.3587,-0.4142,-0.4233,-0.3065,0.2466,0.7749,0.1912,-0.0797,0.1394,0.7027,0.5619,0.0834,-0.2266,-0.4193,-0.5077,-0.5008,-0.4922,-0.536,-0.6273,-0.745,-0.862,-0.9482,-0.987,-0.9839,-0.9565,-0.7986,-0.8147,-0.8333,-0.854,-0.8733,-0.8837,-0.8714,-0.8195,-0.718,-0.5774,-0.4497,-0.4236,-0.4192,-0.4111,-0.3478,-0.1734,-0.077,-0.2519,-0.3529,0.0163,0.77,0.6067,0.113,-0.1399,-0.2357,-0.2514,-0.2659,-0.3399,-0.4721,-0.6438,-0.8412,-1.0299,-1.1513,-1.1759,-1.1323,-1.0636,-0.7825,-0.7934,-0.8044,-0.8137,-0.8181,-0.8119,-0.7878,-0.7393,-0.6664,-0.5815,-0.5113,-0.4693,-0.4304,-0.4142,-0.3923,-0.3578,-0.3816,-0.6333,-0.9,-0.4362,0.0071,0.0878,-0.0512,-0.1334,-0.0839,0.0551,0.0705,-0.1321,-0.3993,-0.6777,-0.9887,-1.2958,-1.4637,-1.4358,-1.3099,-1.1773,-0.7647,-0.7709,-0.7756,-0.7772,-0.7731,-0.7599,-0.734,-0.6936,-0.6412,-0.5846,-0.5339,-0.4928,-0.4589,-0.4332,-0.4064,-0.4002,-0.4518,-0.6352,-0.7671,-0.5316,-0.3446,-0.2358,-0.2138,-0.1618,0.0539,0.4924,0.5837,0.0795,-0.3606,-0.7276,-1.1534,-1.6208,-1.8391,-1.706,-1.4677,-1.2677,-0.7469,-0.7493,-0.7496,-0.7464,-0.7379,-0.7223,-0.6981,-0.6651,-0.6256,-0.5836,-0.5438,-0.5084,-0.4773,-0.4484,-0.4196,-0.4145,-0.458,-0.5227,-0.5197,-0.4997,-0.4472,-0.3855,-0.3402,-0.2444,0.0076,0.5353,0.6536,-0.0325,-0.4465,-0.782,-1.2157,-1.7493,-1.9902,-1.802,-1.5189,-1.2972,-0.7301,-0.7297,-0.727,-0.721,-0.7106,-0.6949,-0.6732,-0.646,-0.6147,-0.5818,-0.5495,-0.5196,-0.4925,-0.4685,-0.4508,-0.4493,-0.4685,-0.493,-0.5009,-0.4963,-0.4896,-0.4962,-0.481,-0.398,-0.2694,-0.2266,-0.5144,-0.5646,-0.6491,-0.843,-1.1302,-1.5084,-1.7158,-1.6249,-1.4289,-1.2539,-0.7148,-0.7125,-0.7079,-0.7005,-0.6895,-0.6746,-0.6554,-0.6326,-0.6071,-0.5804,-0.554,-0.5291,-0.5067,-0.4881,-0.4759,-0.4734,-0.4805,-0.4916,-0.5011,-0.5145,-0.5572,-0.646,-0.6693,-0.5658,-0.4965,-0.6107,-0.8639,-0.8041,-0.8655,-0.9484,-1.0459,-1.2211,-1.3559,-1.3564,-1.2704,-1.1659,-0.7013,-0.6976,-0.692,-0.684,-0.6731,-0.6593,-0.6425,-0.6231,-0.6019,-0.5798,-0.558,-0.5375,-0.5192,-0.5045,-0.4948,-0.4913,-0.494,-0.5016,-0.515,-0.5441,-0.6154,-0.7432,-0.7795,-0.66,-0.5991,-0.6613,-0.7744,-0.9123,-1.137,-1.1006,-1.0365,-1.0719,-1.1335,-1.1532,-1.1246,-1.0712,-0.6894,-0.685,-0.6788,-0.6707,-0.6603,-0.6477,-0.6329,-0.6163,-0.5984,-0.5801,-0.5619,-0.545,-0.53,-0.518,-0.5099,-0.5063,-0.5078,-0.5147,-0.5296,-0.5598,-0.6165,-0.6906,-0.71,-0.6593,-0.6372,-0.6845,-0.7915,-0.9806,-1.1714,-1.1248,-1.0279,-1.0031,-1.0172,-1.0274,-1.0173,-0.9905]}]