docs/data/wind_grid.json
[{"header":{"la1":42.85,"la2":41.18,"lo1":11.55,"lo2":14.05,"nx":36,"ny":24,"dx":0.07143,"dy":0.07261,"parameterCategory":2,"parameterNumber":2,"parameterNumberName":"eastward_wind","parameterUnit":"m.s-1"},"data":[-0.5618,-0.5652,-0.5661,-0.5644,-0.5605,-0.5547,-0.5473,-0.5382,-0.5275,-0.516,-0.5052,-0.4972,-0.4933,-0.4944,-0.4997,-0.5074,-0.5144,-0.5165,-0.5098,-0.4929,-0.4687,-0.4438,-0.4249,-0.4147,-0.4117,-0.4122,-0.4136,-0.4143,-0.4139,-0.4125,-0.4105,-0.4081,-0.4055,-0.4029,-0.4004,-0.3979,-0.5861,-0.5914,-0.5932,-0.5915,-0.5869,-0.5805,-0.5724,-0.5619,-0.5483,-0.5321,-0.516,-0.5036,-0.498,-0.5002,-0.5099,-0.5244,-0.539,-0.5463,-0.5381,-0.5099,-0.4667,-0.4236,-0.3961,-0.3883,-0.3929,-0.4011,-0.4078,-0.4116,-0.4129,-0.4122,-0.4104,-0.408,-0.4053,-0.4026,-0.4,-0.3975,-0.616,-0.6243,-0.6275,-0.6256,-0.62,-0.613,-0.6056,-0.5955,-0.579,-0.5552,-0.5296,-0.5095,-0.5002,-0.5037,-0.5197,-0.5452,-0.574,-0.5937,-0.5864,-0.5377,-0.4539,-0.3716,-0.3322,-0.3384,-0.3634,-0.3866,-0.4017,-0.4096,-0.4124,-0.4122,-0.4104,-0.4078,-0.405,-0.4021,-0.3995,-0.397,-0.6532,-0.6666,-0.6725,-0.6698,-0.6616,-0.6537,-0.6502,-0.6464,-0.6288,-0.5917,-0.5476,-0.5134,-0.4977,-0.5024,-0.5268,-0.569,-0.6233,-0.6721,-0.6778,-0.5954,-0.4209,-0.2457,-0.1965,-0.2544,-0.3254,-0.3729,-0.3982,-0.4095,-0.4131,-0.4127,-0.4105,-0.4076,-0.4045,-0.4015,-0.3988,-0.3962,-0.6997,-0.7227,-0.7342,-0.73,-0.7142,-0.7018,-0.7085,-0.7283,-0.7186,-0.6531,-0.5708,-0.5122,-0.4869,-0.4925,-0.5266,-0.5907,-0.6866,-0.8005,-0.8639,-0.745,-0.3821,0.0199,0.0444,-0.1531,-0.2979,-0.3702,-0.4015,-0.413,-0.4154,-0.4138,-0.4106,-0.4071,-0.4037,-0.4006,-0.3978,-0.3954,-0.7567,-0.7981,-0.824,-0.8189,-0.7842,-0.7529,-0.7728,-0.8572,-0.8854,-0.7486,-0.5903,-0.4977,-0.4629,-0.4698,-0.5126,-0.5979,-0.7457,-0.9788,-1.2232,-1.1171,-0.5053,0.1995,0.1768,-0.146,-0.3201,-0.3902,-0.4146,-0.4203,-0.4188,-0.4148,-0.4104,-0.4062,-0.4026,-0.3994,-0.3967,-0.3943,-0.8218,-0.8969,-0.9596,-0.9643,-0.8886,-0.8003,-0.8037,-0.9706,-1.0758,-0.8122,-0.5689,-0.4563,-0.4212,-0.4318,-0.4794,-0.5736,-0.7506,-1.0857,-1.5819,-1.5271,-0.8778,-0.3502,-0.2219,-0.3339,-0.4074,-0.4322,-0.4345,-0.429,-0.4217,-0.4149,-0.4092,-0.4046,-0.4008,-0.3978,-0.3953,-0.3931,-0.8826,-1.0067,-1.1504,-1.2078,-1.0517,-0.8441,-0.7546,-0.8307,-0.8791,-0.6547,-0.4613,-0.3801,-0.3621,-0.3809,-0.4287,-0.5133,-0.6689,-0.9438,-1.2808,-1.2885,-1.1455,-0.9697,-0.7042,-0.5677,-0.5093,-0.4754,-0.4515,-0.4339,-0.4214,-0.4125,-0.4063,-0.4018,-0.3984,-0.3958,-0.3936,-0.3918,-0.9155,-1.0745,-1.3076,-1.4766,-1.2019,-0.8667,-0.6624,-0.5572,-0.4635,-0.3492,-0.2913,-0.2812,-0.2926,-0.3244,-0.375,-0.4394,-0.5554,-0.741,-0.9443,-1.144,-1.5131,-1.4016,-0.9552,-0.6958,-0.5655,-0.4951,-0.4542,-0.4299,-0.4154,-0.4067,-0.4014,-0.3979,-0.3954,-0.3935,-0.3918,-0.3904,-0.9042,-1.0471,-1.2238,-1.3195,-1.1313,-0.8395,-0.5746,-0.3479,-0.1001,0.0065,-0.1023,-0.1831,-0.2192,-0.2643,-0.3472,-0.3935,-0.4782,-0.6368,-0.8037,-1.0161,-1.3175,-1.2516,-0.9211,-0.689,-0.5547,-0.478,-0.4355,-0.4132,-0.4022,-0.397,-0.3945,-0.3931,-0.3921,-0.3911,-0.3901,-0.3891,-0.8591,-0.973,-1.1019,-1.2342,-1.1708,-0.8159,-0.5196,-0.261,0.2427,0.4867,0.0434,-0.1135,-0.1404,-0.1658,-0.2881,-0.377,-0.4713,-0.6609,-0.7917,-0.8581,-0.919,-0.8818,-0.7379,-0.5931,-0.4878,-0.4239,-0.3934,-0.3834,-0.3826,-0.3846,-0.3868,-0.3883,-0.389,-0.3891,-0.3887,-0.3881,-0.7949,-0.888,-1.0147,-1.1772,-1.1001,-0.7357,-0.5119,-0.4197,-0.0737,0.2002,-0.015,-0.0878,-0.0626,0.0029,-0.0916,-0.2923,-0.5432,-0.9412,-1.0589,-0.8711,-0.7442,-0.661,-0.5692,-0.4711,-0.3854,-0.3357,-0.329,-0.3435,-0.3598,-0.3721,-0.3801,-0.3846,-0.3869,-0.3877,-0.3877,-0.3874,-0.7178,-0.7792,-0.8478,-0.8878,-0.797,-0.6091,-0.5212,-0.5834,-0.4525,-0.1903,-0.1103,-0.0824,-0.0348,0.0641,-0.0119,-0.259,-0.6034,-1.6359,-1.6842,-0.9466,-0.6489,-0.5191,-0.4378,-0.3573,-0.2653,-0.2161,-0.2492,-0.3025,-0.3408,-0.364,-0.377,-0.3835,-0.3863,-0.3872,-0.3872,-0.3869,-0.6375,-0.6672,-0.6866,-0.6733,-0.6068,-0.5197,-0.4849,-0.5155,-0.4355,-0.2338,-0.121,-0.081,-0.0539,0.1429,-0.0963,-0.2411,-0.456,-1.0632,-1.2005,-0.7495,-0.4837,-0.3688,-0.3228,-0.2748,-0.1785,-0.1161,-0.1925,-0.2816,-0.3361,-0.3656,-0.3801,-0.386,-0.3874,-0.3871,-0.3866,-0.3862,-0.5642,-0.5727,-0.5687,-0.5441,-0.4977,-0.446,-0.4102,-0.379,-0.2948,-0.1669,-0.0816,-0.0586,-0.0016,0.1007,-0.1317,-0.2683,-0.8208,-0.6256,-0.5773,-0.397,-0.2077,-0.1609,-0.2039,-0.2289,-0.1963,-0.1626,-0.2239,-0.3039,-0.355,-0.381,-0.3907,-0.3915,-0.3887,-0.3859,-0.3847,-0.3847,-0.5024,-0.4991,-0.4857,-0.4598,-0.4227,-0.3805,-0.3368,-0.2823,-0.1997,-0.0873,0.0352,-0.0658,-0.0468,-0.0216,-0.1413,-0.3916,-0.6763,-0.4428,-0.2758,-0.0979,0.1556,0.0998,-0.0871,-0.1959,-0.2451,-0.2718,-0.3176,-0.3679,-0.3994,-0.4107,-0.4073,-0.3965,-0.3858,-0.3799,-0.3791,-0.381,-0.4521,-0.4425,-0.4255,-0.4,-0.3669,-0.3278,-0.2825,-0.2269,-0.1554,-0.0665,0.0228,-0.0172,0.01,0.0332,-0.062,-0.1645,-0.2201,-0.1143,0.0169,0.074,0.2248,0.1592,-0.0378,-0.1854,-0.2967,-0.3815,-0.4383,-0.4641,-0.4664,-0.4519,-0.4246,-0.3925,-0.3693,-0.3623,-0.3667,-0.3743,-0.4115,-0.3988,-0.3803,-0.3557,-0.325,-0.2889,-0.2469,-0.198,-0.1424,-0.0852,-0.042,-0.0185,0.0354,0.0629,0.101,0.1212,0.0667,0.1946,0.3591,0.2343,0.1642,0.0878,-0.0446,-0.2065,-0.3828,-0.5407,-0.6089,-0.5923,-0.552,-0.5009,-0.4346,-0.3642,-0.3233,-0.3252,-0.3459,-0.3652,-0.3789,-0.3647,-0.3459,-0.3224,-0.2941,-0.2613,-0.2241,-0.1829,-0.1392,-0.0967,-0.0591,-0.0222,0.0279,0.1245,0.4327,0.5687,0.2651,0.2931,0.411,0.4776,0.3084,0.1352,-0.0263,-0.2288,-0.4901,-0.7517,-0.8134,-0.7289,-0.6484,-0.5582,-0.4387,-0.3055,-0.2433,-0.274,-0.324,-0.3586,-0.3526,-0.3379,-0.3194,-0.2972,-0.2713,-0.2419,-0.2093,-0.1742,-0.1378,-0.1013,-0.0646,-0.0228,0.0383,0.1587,0.4009,0.4832,0.3096,0.3658,0.7376,0.9185,0.4806,0.2348,0.0523,-0.196,-0.5249,-0.8156,-0.8727,-0.8412,-0.7569,-0.6375,-0.4731,-0.2833,-0.2031,-0.2558,-0.3225,-0.3631,-0.3315,-0.3167,-0.2989,-0.2782,-0.2546,-0.2282,-0.1995,-0.1689,-0.137,-0.1039,-0.0686,-0.0269,0.0299,0.1138,0.215,0.2598,0.2592,0.3492,0.5694,0.6476,0.4761,0.3863,0.27,-0.041,-0.4662,-0.8513,-1.1357,-1.0678,-0.8951,-0.7564,-0.5831,-0.3938,-0.2994,-0.3158,-0.3562,-0.3833,-0.3144,-0.2999,-0.2831,-0.2638,-0.2422,-0.2185,-0.1929,-0.1658,-0.1372,-0.1071,-0.0744,-0.0366,0.0093,0.0644,0.1198,0.161,0.1999,0.2706,0.3686,0.4344,0.5168,0.7597,0.8005,0.2877,-0.3427,-0.9176,-1.3596,-1.2009,-1.028,-0.925,-0.7464,-0.5633,-0.4504,-0.4135,-0.4106,-0.4137,-0.3006,-0.2867,-0.2708,-0.253,-0.2333,-0.2119,-0.1889,-0.1645,-0.1389,-0.1116,-0.0822,-0.0495,-0.0128,0.0272,0.0672,0.1052,0.147,0.2023,0.2737,0.3748,0.6024,1.0841,1.2357,0.5517,-0.1779,-0.7171,-1.0242,-1.0947,-1.2178,-1.1318,-0.8941,-0.6924,-0.5631,-0.4943,-0.461,-0.4436,-0.2896,-0.2763,-0.2614,-0.2449,-0.2269,-0.2075,-0.1868,-0.1649,-0.1418,-0.1174,-0.0913,-0.0633,-0.0332,-0.0015,0.031,0.0646,0.1023,0.1492,0.2133,0.3171,0.5132,0.7993,0.8412,0.4158,-0.113,-0.5312,-0.8144,-1.0395,-1.2402,-1.1583,-0.9319,-0.7443,-0.6187,-0.541,-0.4943,-0.4655]},{"header":{"la1":42.85,"la2":41.18,"lo1":11.55,"lo2":14.05,"nx":36,"ny":24,"dx":0.07143,"dy":0.07261,"parameterCategory":2,"parameterNumber":3,"parameterNumberName":"northward_wind","parameterUnit":"m.s-1"},"data":[-0.452,-0.4429,-0.4313,-0.4172,-0.4012,-0.3843,-0.3686,-0.356,-0.3481,-0.3448,-0.3442,-0.3439,-0.3419,-0.3371,-0.3293,-0.3193,-0.3084,-0.2982,-0.2903,-0.2855,-0.2839,-0.2842,-0.2854,-0.2866,-0.2881,-0.2903,-0.2935,-0.2978,-0.3032,-0.3095,-0.3165,-0.3238,-0.3315,-0.3392,-0.3468,-0.3542,-0.4599,-0.4498,-0.4362,-0.4185,-0.3971,-0.3735,-0.3508,-0.3334,-0.3248,-0.325,-0.3304,-0.3359,-0.3377,-0.3343,-0.3258,-0.3134,-0.2992,-0.2861,-0.2767,-0.2728,-0.274,-0.2776,-0.2805,-0.2817,-0.2823,-0.2838,-0.2868,-0.2915,-0.2976,-0.3048,-0.3128,-0.3213,-0.33,-0.3387,-0.3473,-0.3556,-0.4699,-0.4593,-0.4436,-0.4216,-0.3925,-0.3575,-0.3217,-0.2941,-0.2838,-0.2918,-0.3095,-0.326,-0.3347,-0.3336,-0.3239,-0.3078,-0.2884,-0.2701,-0.2582,-0.2569,-0.2654,-0.2766,-0.2822,-0.2812,-0.2783,-0.2775,-0.2798,-0.2848,-0.2917,-0.3001,-0.3094,-0.3191,-0.3291,-0.339,-0.3487,-0.3579,-0.4826,-0.4723,-0.4555,-0.4289,-0.3895,-0.3359,-0.2741,-0.2228,-0.2074,-0.2335,-0.278,-0.3151,-0.3346,-0.3369,-0.3254,-0.3035,-0.2753,-0.2474,-0.2303,-0.2345,-0.2608,-0.2913,-0.2996,-0.2882,-0.2761,-0.2709,-0.2721,-0.2775,-0.2856,-0.2954,-0.3063,-0.3176,-0.329,-0.3403,-0.3512,-0.3614,-0.4981,-0.4899,-0.4739,-0.4447,-0.394,-0.313,-0.2008,-0.0897,-0.0569,-0.1303,-0.2343,-0.3073,-0.3414,-0.347,-0.3326,-0.3028,-0.2609,-0.2143,-0.1826,-0.1937,-0.2589,-0.3393,-0.3435,-0.3007,-0.2721,-0.2619,-0.2626,-0.2693,-0.2792,-0.2909,-0.3037,-0.3169,-0.3301,-0.3429,-0.3551,-0.3664,-0.516,-0.512,-0.5008,-0.4741,-0.4171,-0.306,-0.1116,0.1437,0.236,0.0329,-0.1924,-0.314,-0.3609,-0.3673,-0.3494,-0.3108,-0.2507,-0.1711,-0.0998,-0.1103,-0.2241,-0.3758,-0.3697,-0.2936,-0.2566,-0.2473,-0.2507,-0.2601,-0.2726,-0.2868,-0.3019,-0.3173,-0.3325,-0.3472,-0.3609,-0.3734,-0.5345,-0.5366,-0.5348,-0.5191,-0.4687,-0.3486,-0.0911,0.3607,0.5749,0.1447,-0.2102,-0.3545,-0.3981,-0.4005,-0.3805,-0.3364,-0.2603,-0.147,-0.0225,-0.027,-0.1225,-0.229,-0.2605,-0.2351,-0.2234,-0.2263,-0.2364,-0.2501,-0.266,-0.2833,-0.3013,-0.3194,-0.337,-0.3537,-0.3691,-0.3829,-0.5508,-0.5586,-0.5685,-0.5701,-0.5377,-0.4514,-0.2607,0.0783,0.2313,-0.0978,-0.3522,-0.4369,-0.4509,-0.4462,-0.4328,-0.3921,-0.3068,-0.1873,-0.0764,-0.0348,0.0246,-0.0015,-0.0991,-0.1547,-0.1829,-0.203,-0.2213,-0.24,-0.2599,-0.2808,-0.3023,-0.3237,-0.3442,-0.3634,-0.3806,-0.3957,-0.562,-0.5708,-0.5872,-0.602,-0.582,-0.5624,-0.5209,-0.4539,-0.4591,-0.5468,-0.5718,-0.5386,-0.505,-0.4986,-0.5217,-0.5052,-0.3903,-0.253,-0.1323,0.0138,0.2588,0.2088,0.0068,-0.1001,-0.1521,-0.183,-0.2071,-0.2303,-0.2544,-0.2797,-0.3055,-0.3309,-0.3551,-0.3771,-0.3964,-0.4127,-0.5683,-0.5704,-0.5733,-0.5764,-0.5766,-0.6473,-0.7421,-0.8383,-0.9708,-0.9968,-0.7989,-0.6232,-0.5392,-0.5378,-0.6653,-0.7431,-0.4833,-0.2936,-0.1671,-0.0221,0.1606,0.1403,0.0001,-0.0888,-0.1371,-0.1676,-0.1934,-0.2202,-0.2494,-0.2803,-0.3118,-0.3425,-0.371,-0.3964,-0.4179,-0.4352,-0.5738,-0.5666,-0.5345,-0.4495,-0.486,-0.7157,-0.9424,-1.1115,-1.3568,-1.4922,-0.9644,-0.6525,-0.5412,-0.5331,-0.6404,-0.7424,-0.443,-0.2737,-0.1864,-0.1061,-0.031,-0.018,-0.0583,-0.1,-0.1287,-0.1509,-0.1759,-0.2074,-0.2441,-0.2832,-0.3225,-0.36,-0.3942,-0.4235,-0.4472,-0.4651,-0.5838,-0.5774,-0.5437,-0.4696,-0.5291,-0.8407,-1.1845,-1.4001,-1.3598,-1.2954,-0.8864,-0.6042,-0.5238,-0.5802,-0.511,-0.3829,-0.2617,-0.2118,-0.1897,-0.1417,-0.1,-0.0834,-0.0899,-0.103,-0.111,-0.1206,-0.147,-0.1894,-0.2387,-0.2898,-0.3398,-0.3866,-0.4279,-0.4618,-0.4873,-0.5047,-0.5982,-0.6043,-0.6054,-0.6198,-0.7272,-0.9893,-1.3606,-1.6964,-1.4844,-1.0633,-0.7243,-0.517,-0.456,-0.6057,-0.4759,-0.1302,-0.0585,-0.222,-0.2355,-0.1372,-0.096,-0.0818,-0.0848,-0.0881,-0.0736,-0.0635,-0.1016,-0.1675,-0.2365,-0.3036,-0.3679,-0.427,-0.4774,-0.5163,-0.5426,-0.5574,-0.6112,-0.6298,-0.657,-0.7095,-0.819,-1.0095,-1.269,-1.5035,-1.3547,-0.9177,-0.6164,-0.4686,-0.407,-0.0662,-0.0709,0.3192,0.2639,-0.0187,-0.1224,-0.0756,-0.0371,-0.0286,-0.0503,-0.0659,-0.0367,-0.0033,-0.0636,-0.1566,-0.2452,-0.3303,-0.4128,-0.4887,-0.5512,-0.5951,-0.6194,-0.6272,-0.6177,-0.6419,-0.6766,-0.7303,-0.813,-0.9268,-1.0492,-1.1049,-0.9767,-0.7341,-0.5593,-0.4443,-0.2602,-0.015,0.0687,0.452,0.8009,0.2741,0.0345,0.0261,0.1139,0.1094,0.0173,-0.0476,-0.0502,-0.035,-0.0869,-0.1752,-0.2716,-0.3752,-0.4829,-0.5839,-0.6633,-0.7108,-0.7266,-0.7193,-0.6161,-0.6399,-0.671,-0.7124,-0.7646,-0.8207,-0.8597,-0.8445,-0.7504,-0.6253,-0.5776,-0.4957,-0.4126,-0.238,-0.0556,0.2883,0.5841,0.2162,0.0195,0.1182,0.4735,0.3826,0.1021,-0.0332,-0.0778,-0.0952,-0.1342,-0.2066,-0.3095,-0.4398,-0.5885,-0.7324,-0.8377,-0.8831,-0.8756,-0.8377,-0.6079,-0.6279,-0.6518,-0.6793,-0.708,-0.7306,-0.7348,-0.7068,-0.6467,-0.5852,-0.5696,-0.5305,-0.6203,-0.6513,-0.2878,-0.0688,0.0118,-0.1086,-0.1997,0.0176,0.5174,0.4051,0.0919,-0.0452,-0.0868,-0.098,-0.1287,-0.2081,-0.3392,-0.5196,-0.7425,-0.9671,-1.1143,-1.1391,-1.0759,-0.9817,-0.5955,-0.6107,-0.6272,-0.6436,-0.6573,-0.6634,-0.6559,-0.6311,-0.5934,-0.5575,-0.5367,-0.5422,-0.6699,-0.6847,-0.4352,-0.3313,-0.2766,-0.4227,-0.6245,-0.3044,-0.0126,0.0448,-0.0394,-0.0889,-0.07,-0.0108,-0.0164,-0.1453,-0.344,-0.6047,-0.9506,-1.327,-1.5412,-1.4953,-1.3179,-1.1355,-0.581,-0.5917,-0.6022,-0.6109,-0.616,-0.6145,-0.604,-0.584,-0.5582,-0.5334,-0.5165,-0.5156,-0.5327,-0.5168,-0.5267,-0.552,-0.4127,-0.4651,-0.5565,-0.425,-0.2821,-0.195,-0.1741,-0.1429,-0.0307,0.1908,0.2357,-0.0398,-0.3355,-0.6754,-1.1658,-1.7692,-2.0685,-1.8751,-1.5365,-1.2591,-0.5661,-0.5731,-0.5791,-0.5829,-0.5831,-0.5783,-0.5676,-0.5514,-0.5319,-0.5125,-0.4968,-0.4868,-0.4806,-0.4781,-0.5135,-0.5239,-0.4386,-0.431,-0.4752,-0.4924,-0.3926,-0.3293,-0.2917,-0.2205,-0.0636,0.2192,0.2818,-0.0655,-0.3618,-0.7053,-1.2336,-1.9456,-2.2865,-2.0127,-1.6085,-1.3003,-0.5516,-0.5559,-0.5587,-0.5594,-0.5571,-0.551,-0.5409,-0.5272,-0.5113,-0.4951,-0.4803,-0.4678,-0.458,-0.4533,-0.4565,-0.4484,-0.424,-0.4216,-0.4468,-0.456,-0.4402,-0.4558,-0.4455,-0.351,-0.2089,-0.1003,-0.1409,-0.2281,-0.4358,-0.7054,-1.089,-1.6033,-1.8912,-1.7599,-1.4835,-1.2421,-0.5382,-0.5404,-0.5411,-0.5399,-0.5363,-0.5298,-0.5205,-0.5087,-0.4953,-0.4813,-0.4678,-0.4554,-0.4449,-0.437,-0.4309,-0.423,-0.4153,-0.4173,-0.4318,-0.4571,-0.5243,-0.6658,-0.7034,-0.5288,-0.3515,-0.2533,-0.2061,-0.3086,-0.5951,-0.7584,-0.9284,-1.1891,-1.3812,-1.3829,-1.2649,-1.1232,-0.5261,-0.5268,-0.5262,-0.5238,-0.5195,-0.5131,-0.5046,-0.4942,-0.4827,-0.4705,-0.4585,-0.4472,-0.4371,-0.4286,-0.4216,-0.4162,-0.4143,-0.4204,-0.4398,-0.4863,-0.6019,-0.8201,-0.8848,-0.6508,-0.4552,-0.3668,-0.3702,-0.5881,-0.9184,-0.8955,-0.8709,-0.9622,-1.066,-1.1009,-1.0657,-0.996,-0.5153,-0.515,-0.5135,-0.5105,-0.506,-0.4998,-0.492,-0.4829,-0.4729,-0.4623,-0.4518,-0.4419,-0.4328,-0.4252,-0.4193,-0.416,-0.4172,-0.4262,-0.4486,-0.4964,-0.5893,-0.7166,-0.7456,-0.6233,-0.5057,-0.4658,-0.5264,-0.7376,-0.9628,-0.9198,-0.8458,-0.8569,-0.9011,-0.9275,-0.9205,-0.8882]}]