docs/data/wind_grid.json
[{"header":{"la1":42.85,"la2":41.18,"lo1":11.55,"lo2":14.05,"nx":36,"ny":24,"dx":0.07143,"dy":0.07261,"parameterCategory":2,"parameterNumber":2,"parameterNumberName":"eastward_wind","parameterUnit":"m.s-1"},"data":[-1.0837,-1.0871,-1.0879,-1.0862,-1.0818,-1.0745,-1.0638,-1.0487,-1.0284,-1.0035,-0.9756,-0.9475,-0.9215,-0.8991,-0.8804,-0.8646,-0.8501,-0.8346,-0.8162,-0.7944,-0.7716,-0.7527,-0.7426,-0.7427,-0.7505,-0.7618,-0.7734,-0.7835,-0.7915,-0.7975,-0.8019,-0.8049,-0.807,-0.8084,-0.8094,-0.81,-1.111,-1.1168,-1.1195,-1.1192,-1.1161,-1.1105,-1.1013,-1.0863,-1.0631,-1.0315,-0.9947,-0.9577,-0.9247,-0.8979,-0.8775,-0.8619,-0.8482,-0.8322,-0.8096,-0.7781,-0.7411,-0.7096,-0.6957,-0.7019,-0.7204,-0.742,-0.7612,-0.7761,-0.7869,-0.7944,-0.7995,-0.8029,-0.8051,-0.8065,-0.8074,-0.808,-1.1432,-1.1524,-1.1577,-1.159,-1.1577,-1.1554,-1.1513,-1.14,-1.1145,-1.0725,-1.0207,-0.9695,-0.9263,-0.8939,-0.8722,-0.8587,-0.8487,-0.8352,-0.8089,-0.7613,-0.695,-0.6351,-0.6154,-0.6391,-0.6809,-0.7202,-0.7499,-0.7704,-0.7839,-0.7925,-0.798,-0.8014,-0.8035,-0.8048,-0.8055,-0.806,-1.1816,-1.1962,-1.2048,-1.2074,-1.2074,-1.2103,-1.2183,-1.2209,-1.1967,-1.1363,-1.0568,-0.9818,-0.9236,-0.8845,-0.8625,-0.8539,-0.853,-0.8491,-0.8246,-0.7545,-0.6264,-0.4958,-0.4714,-0.5463,-0.6355,-0.7013,-0.7432,-0.7684,-0.7834,-0.7923,-0.7974,-0.8004,-0.8021,-0.8031,-0.8036,-0.8038,-1.2279,-1.2513,-1.2656,-1.2683,-1.2654,-1.2729,-1.3058,-1.3494,-1.3401,-1.2399,-1.1041,-0.9902,-0.9121,-0.8654,-0.8443,-0.8446,-0.8606,-0.8805,-0.8768,-0.792,-0.5522,-0.2455,-0.2385,-0.4423,-0.6044,-0.6967,-0.7459,-0.7721,-0.7861,-0.7937,-0.7977,-0.7998,-0.8008,-0.8013,-0.8014,-0.8015,-1.283,-1.3223,-1.3487,-1.3508,-1.3339,-1.3337,-1.4024,-1.5485,-1.596,-1.3943,-1.1491,-0.9828,-0.8844,-0.8308,-0.8114,-0.8235,-0.8649,-0.9279,-0.9827,-0.929,-0.609,-0.087,-0.1151,-0.4358,-0.628,-0.7191,-0.7618,-0.782,-0.7917,-0.7963,-0.7984,-0.7992,-0.7993,-0.7992,-0.7989,-0.7987,-1.3447,-1.4124,-1.4686,-1.477,-1.424,-1.3772,-1.4481,-1.7216,-1.8769,-1.5001,-1.1382,-0.9404,-0.8331,-0.7743,-0.7536,-0.7765,-0.8469,-0.958,-1.0737,-1.066,-0.8938,-0.5779,-0.4963,-0.6275,-0.723,-0.7685,-0.788,-0.7957,-0.7983,-0.7989,-0.7986,-0.798,-0.7972,-0.7965,-0.7958,-0.7954,-1.4032,-1.5115,-1.6316,-1.6792,-1.5574,-1.4024,-1.3727,-1.5271,-1.6072,-1.3005,-1.0147,-0.855,-0.7584,-0.6909,-0.6537,-0.6782,-0.7807,-0.926,-1.0493,-1.1316,-1.303,-1.2336,-0.9937,-0.8778,-0.8397,-0.8238,-0.8143,-0.8076,-0.803,-0.7997,-0.7974,-0.7956,-0.7941,-0.7929,-0.7919,-0.7913,-1.4392,-1.5773,-1.7642,-1.8917,-1.6836,-1.412,-1.2446,-1.1693,-1.0834,-0.9406,-0.8291,-0.7498,-0.6738,-0.583,-0.4775,-0.473,-0.6512,-0.8648,-1.0542,-1.3372,-1.8716,-1.7548,-1.2825,-1.0307,-0.9153,-0.8584,-0.8282,-0.8115,-0.8023,-0.7971,-0.7938,-0.7915,-0.7896,-0.7881,-0.787,-0.7863,-1.4395,-1.5721,-1.7243,-1.803,-1.6703,-1.3979,-1.1394,-0.929,-0.708,-0.6016,-0.6531,-0.6589,-0.6032,-0.4852,-0.1962,-0.0445,-0.4956,-0.8366,-1.0593,-1.314,-1.6685,-1.6086,-1.2734,-1.0488,-0.9248,-0.8569,-0.8207,-0.8026,-0.7941,-0.7899,-0.7874,-0.7854,-0.7835,-0.7819,-0.7806,-0.7799,-1.4098,-1.5321,-1.6903,-1.9008,-1.8263,-1.3954,-1.0678,-0.8218,-0.41,-0.215,-0.5337,-0.6049,-0.5573,-0.4649,-0.2224,-0.035,-0.5679,-0.9504,-1.138,-1.2183,-1.2858,-1.2538,-1.1151,-0.9764,-0.8765,-0.8162,-0.7879,-0.7789,-0.7779,-0.7785,-0.7785,-0.7774,-0.7756,-0.7739,-0.7726,-0.772,-1.3561,-1.4642,-1.626,-1.8449,-1.7518,-1.3026,-1.0217,-0.9086,-0.6419,-0.43,-0.5747,-0.5926,-0.5183,-0.4055,-0.441,-0.5642,-0.8794,-1.3534,-1.4924,-1.2935,-1.1554,-1.0664,-0.9728,-0.8741,-0.7869,-0.7357,-0.7285,-0.7421,-0.7563,-0.7648,-0.768,-0.7678,-0.7658,-0.7636,-0.7621,-0.7619,-1.2822,-1.3545,-1.4396,-1.4926,-1.3833,-1.1448,-0.9977,-1.0063,-0.917,-0.7233,-0.6484,-0.603,-0.5342,-0.3645,-0.4499,-0.7162,-1.0737,-2.1275,-2.1751,-1.4123,-1.0934,-0.9494,-0.8597,-0.7713,-0.6687,-0.6128,-0.6473,-0.7009,-0.7357,-0.7525,-0.7577,-0.7567,-0.7533,-0.75,-0.7483,-0.7487,-1.2015,-1.2363,-1.2602,-1.2451,-1.1629,-1.0456,-0.9717,-0.9673,-0.9087,-0.7604,-0.6647,-0.6098,-0.5865,-0.5122,-0.6299,-0.7506,-0.9898,-1.589,-1.7086,-1.2349,-0.937,-0.8024,-0.7499,-0.6925,-0.576,-0.5022,-0.5865,-0.6778,-0.7264,-0.7457,-0.7486,-0.7435,-0.7362,-0.7308,-0.7292,-0.7311,-1.1275,-1.1378,-1.1339,-1.1051,-1.0482,-0.9804,-0.9269,-0.887,-0.8188,-0.7187,-0.6458,-0.6207,-0.5891,-0.5106,-0.7065,-0.7947,-1.5309,-1.23,-1.1226,-0.8793,-0.6137,-0.5505,-0.6187,-0.651,-0.6022,-0.5564,-0.62,-0.6962,-0.7361,-0.7469,-0.7398,-0.7247,-0.7102,-0.702,-0.7017,-0.7074,-1.0662,-1.0637,-1.0497,-1.0209,-0.9785,-0.9296,-0.8813,-0.8297,-0.7604,-0.6647,-0.5488,-0.6003,-0.6403,-0.6754,-0.7834,-1.0405,-1.3809,-1.0852,-0.8519,-0.5451,-0.0652,-0.1625,-0.4784,-0.6261,-0.6681,-0.6795,-0.7129,-0.7493,-0.7637,-0.7541,-0.7269,-0.6931,-0.6666,-0.6563,-0.6616,-0.6757,-1.0179,-1.0092,-0.9922,-0.966,-0.9317,-0.892,-0.849,-0.8005,-0.7411,-0.6639,-0.5755,-0.6352,-0.8026,-0.8819,-0.8349,-0.9044,-0.9346,-0.7894,-0.6077,-0.4205,0.0248,-0.101,-0.4527,-0.6369,-0.7295,-0.7826,-0.8135,-0.8208,-0.804,-0.7636,-0.7023,-0.6349,-0.5896,-0.5828,-0.6043,-0.6357,-0.9804,-0.9691,-0.9519,-0.9286,-0.8998,-0.8669,-0.8309,-0.7917,-0.7495,-0.7085,-0.6888,-0.732,-0.8616,-0.9045,-0.865,-0.8639,-0.7793,-0.5166,-0.2722,-0.4274,-0.3831,-0.4089,-0.5555,-0.6958,-0.8112,-0.9003,-0.9328,-0.9081,-0.8546,-0.774,-0.6592,-0.5313,-0.4578,-0.4725,-0.5314,-0.5915,-0.9514,-0.9394,-0.9231,-0.9026,-0.8784,-0.8514,-0.8226,-0.7933,-0.7657,-0.7454,-0.7426,-0.768,-0.8151,-0.855,-0.933,-0.9656,-0.7751,-0.5231,-0.3686,-0.477,-0.5231,-0.5682,-0.6524,-0.7659,-0.9005,-1.0311,-1.0599,-0.9981,-0.9123,-0.7907,-0.6092,-0.3893,-0.2815,-0.348,-0.4635,-0.5563,-0.929,-0.9172,-0.9023,-0.8845,-0.8642,-0.8423,-0.8198,-0.7982,-0.7799,-0.7685,-0.7684,-0.7822,-0.8072,-0.844,-0.9113,-0.9233,-0.7773,-0.6177,-0.5164,-0.4987,-0.5653,-0.631,-0.706,-0.8106,-0.9493,-1.0735,-1.0974,-1.0722,-0.9754,-0.8277,-0.6097,-0.3326,-0.2047,-0.303,-0.4441,-0.5483,-0.9115,-0.9005,-0.8871,-0.8718,-0.8548,-0.8371,-0.8195,-0.8033,-0.7903,-0.7825,-0.7818,-0.7887,-0.8021,-0.8206,-0.8377,-0.8218,-0.7513,-0.6586,-0.5789,-0.5602,-0.6096,-0.6614,-0.7175,-0.8157,-0.9649,-1.1348,-1.3,-1.2269,-1.043,-0.8831,-0.6965,-0.4741,-0.3551,-0.3991,-0.4944,-0.5747,-0.898,-0.8877,-0.8759,-0.8627,-0.8485,-0.834,-0.82,-0.8074,-0.7973,-0.791,-0.7889,-0.7911,-0.7961,-0.801,-0.7995,-0.7811,-0.7415,-0.6914,-0.6504,-0.6385,-0.6512,-0.6536,-0.6677,-0.7741,-0.9534,-1.1963,-1.458,-1.3004,-1.0377,-0.9178,-0.7996,-0.6571,-0.56,-0.5462,-0.5798,-0.6225,-0.8873,-0.878,-0.8675,-0.8561,-0.8442,-0.8321,-0.8207,-0.8104,-0.8021,-0.7962,-0.7929,-0.7918,-0.7916,-0.7899,-0.7832,-0.7678,-0.7434,-0.7153,-0.6923,-0.6801,-0.6682,-0.6276,-0.6121,-0.7301,-0.904,-1.083,-1.1922,-1.0815,-0.9317,-0.9145,-0.8585,-0.7684,-0.6942,-0.66,-0.6586,-0.6729,-0.8788,-0.8704,-0.8611,-0.8513,-0.8411,-0.8309,-0.8213,-0.8126,-0.8053,-0.7996,-0.7954,-0.7923,-0.7893,-0.7849,-0.7774,-0.7654,-0.7495,-0.7323,-0.7175,-0.7058,-0.6907,-0.6656,-0.6688,-0.7484,-0.8653,-0.97,-1.0153,-0.9697,-0.9151,-0.9097,-0.8759,-0.8177,-0.7642,-0.73,-0.7157,-0.7149]},{"header":{"la1":42.85,"la2":41.18,"lo1":11.55,"lo2":14.05,"nx":36,"ny":24,"dx":0.07143,"dy":0.07261,"parameterCategory":2,"parameterNumber":3,"parameterNumberName":"northward_wind","parameterUnit":"m.s-1"},"data":[-0.8434,-0.8412,-0.8356,-0.8265,-0.8141,-0.799,-0.7824,-0.7651,-0.7477,-0.7301,-0.7114,-0.6908,-0.6674,-0.6414,-0.613,-0.5834,-0.554,-0.5265,-0.5028,-0.4841,-0.4705,-0.4616,-0.4561,-0.4531,-0.4522,-0.4531,-0.4557,-0.4598,-0.465,-0.4712,-0.4779,-0.4851,-0.4925,-0.4999,-0.5073,-0.5144,-0.8665,-0.8653,-0.8598,-0.8493,-0.834,-0.8151,-0.7945,-0.7742,-0.7555,-0.7382,-0.7203,-0.6997,-0.6751,-0.6462,-0.6136,-0.5785,-0.543,-0.51,-0.4824,-0.4623,-0.4498,-0.4431,-0.4395,-0.4376,-0.4372,-0.4388,-0.4425,-0.4479,-0.4546,-0.4623,-0.4706,-0.4792,-0.488,-0.4966,-0.5051,-0.5132,-0.8933,-0.8942,-0.8891,-0.8767,-0.8569,-0.8314,-0.8034,-0.7777,-0.7576,-0.7427,-0.7284,-0.7101,-0.6853,-0.6537,-0.6161,-0.5739,-0.53,-0.489,-0.4563,-0.436,-0.4279,-0.427,-0.4265,-0.4243,-0.4229,-0.4243,-0.4287,-0.4356,-0.4441,-0.4536,-0.4636,-0.4738,-0.4841,-0.4941,-0.5037,-0.5129,-0.9249,-0.9295,-0.926,-0.9115,-0.8848,-0.8477,-0.8053,-0.7678,-0.7455,-0.7384,-0.7344,-0.7226,-0.6994,-0.6655,-0.6223,-0.571,-0.5149,-0.461,-0.4205,-0.4026,-0.4078,-0.4228,-0.4261,-0.4171,-0.4097,-0.4092,-0.4143,-0.4229,-0.4335,-0.4451,-0.4571,-0.4692,-0.4811,-0.4926,-0.5035,-0.5138,-0.9619,-0.9736,-0.9747,-0.9589,-0.9225,-0.8659,-0.7947,-0.7277,-0.699,-0.7149,-0.737,-0.7388,-0.7194,-0.684,-0.6352,-0.573,-0.4991,-0.4229,-0.3666,-0.354,-0.391,-0.4502,-0.4523,-0.4164,-0.3953,-0.3921,-0.3987,-0.4099,-0.4231,-0.4372,-0.4514,-0.4656,-0.4793,-0.4925,-0.5049,-0.5163,-1.0043,-1.029,-1.0416,-1.0284,-0.98,-0.8955,-0.7735,-0.6324,-0.5792,-0.662,-0.7414,-0.7637,-0.7484,-0.7124,-0.66,-0.5873,-0.4902,-0.3757,-0.2832,-0.274,-0.3479,-0.4776,-0.4712,-0.3994,-0.3707,-0.3703,-0.3815,-0.3967,-0.4133,-0.4303,-0.4471,-0.4635,-0.4793,-0.4942,-0.5081,-0.5207,-1.049,-1.0959,-1.1351,-1.1351,-1.0715,-0.9565,-0.7847,-0.5328,-0.42,-0.6269,-0.774,-0.8063,-0.789,-0.7541,-0.7046,-0.6273,-0.5087,-0.351,-0.2116,-0.2051,-0.2267,-0.31,-0.3455,-0.3271,-0.3279,-0.3433,-0.3634,-0.3842,-0.4048,-0.4249,-0.4445,-0.4635,-0.4815,-0.4984,-0.5139,-0.5277,-1.0869,-1.164,-1.2577,-1.2978,-1.2002,-1.0554,-0.9011,-0.6977,-0.6083,-0.7732,-0.8738,-0.8723,-0.8401,-0.8111,-0.7814,-0.7139,-0.5796,-0.4003,-0.2473,-0.1498,0.0423,0.0347,-0.1231,-0.2218,-0.2777,-0.3164,-0.3473,-0.3739,-0.3984,-0.4218,-0.4443,-0.466,-0.4866,-0.5056,-0.5228,-0.5379,-1.102,-1.1967,-1.3527,-1.4753,-1.2971,-1.1403,-1.0716,-1.0303,-1.0395,-1.0756,-1.036,-0.9527,-0.8912,-0.8803,-0.9173,-0.8919,-0.7107,-0.4892,-0.281,0.0101,0.5041,0.413,0.043,-0.1494,-0.2437,-0.2986,-0.3367,-0.3674,-0.395,-0.4214,-0.4471,-0.472,-0.4955,-0.517,-0.536,-0.5522,-1.0851,-1.153,-1.2492,-1.3074,-1.1806,-1.1601,-1.2166,-1.3111,-1.4592,-1.4813,-1.2389,-1.0228,-0.9217,-0.9343,-1.1407,-1.2631,-0.863,-0.5576,-0.3322,-0.0489,0.3133,0.2786,0.0164,-0.1491,-0.2398,-0.295,-0.3336,-0.3653,-0.3948,-0.4242,-0.4536,-0.4824,-0.5094,-0.5338,-0.5547,-0.5718,-1.0505,-1.0734,-1.0459,-0.8976,-0.9298,-1.1557,-1.3522,-1.5268,-1.8612,-2.0459,-1.4052,-1.0425,-0.9172,-0.917,-1.1017,-1.2668,-0.818,-0.5444,-0.3811,-0.2193,-0.065,-0.0337,-0.1094,-0.1941,-0.2586,-0.304,-0.3375,-0.3671,-0.3976,-0.4305,-0.4647,-0.4986,-0.5302,-0.5579,-0.5808,-0.5985,-1.0199,-1.0269,-0.9896,-0.8941,-0.9468,-1.2303,-1.5317,-1.7306,-1.7681,-1.767,-1.2921,-0.9881,-0.8997,-0.9311,-0.8769,-0.7579,-0.5823,-0.4628,-0.3962,-0.3003,-0.2112,-0.1725,-0.1886,-0.2347,-0.2857,-0.3233,-0.3472,-0.3713,-0.4026,-0.4404,-0.4817,-0.5229,-0.5607,-0.5926,-0.6171,-0.6344,-0.9986,-1.0123,-1.0141,-1.0215,-1.1107,-1.3371,-1.6673,-1.9703,-1.7839,-1.4067,-1.0839,-0.919,-0.8792,-0.957,-0.8378,-0.4989,-0.365,-0.4435,-0.4412,-0.3013,-0.2169,-0.1828,-0.1981,-0.2515,-0.3195,-0.3577,-0.3622,-0.3758,-0.4089,-0.455,-0.5073,-0.5593,-0.6057,-0.6424,-0.6678,-0.6826,-0.98,-1.0019,-1.0275,-1.0714,-1.1631,-1.3284,-1.564,-1.7838,-1.6358,-1.2018,-0.9259,-0.8979,-0.9148,-0.8549,-0.5286,-0.16,-0.0709,-0.2283,-0.3046,-0.2076,-0.1201,-0.0952,-0.1441,-0.2386,-0.3512,-0.3994,-0.3741,-0.3769,-0.4162,-0.4765,-0.5461,-0.6147,-0.6731,-0.7149,-0.7387,-0.7472,-0.9582,-0.9823,-1.0128,-1.057,-1.125,-1.221,-1.3268,-1.3681,-1.2179,-0.9358,-0.7362,-0.6794,-0.6702,-0.6016,-0.357,-0.0181,0.9161,0.1785,-0.0791,-0.03,0.1334,0.1351,-0.0178,-0.1767,-0.3088,-0.3665,-0.3549,-0.3687,-0.4246,-0.5086,-0.606,-0.7008,-0.7764,-0.8223,-0.8385,-0.833,-0.9316,-0.9527,-0.978,-1.0095,-1.0482,-1.088,-1.1083,-1.0678,-0.9299,-0.721,-0.5358,-0.4495,-0.4812,-0.4755,-0.2915,0.1511,0.6624,0.1749,-0.0349,0.1589,0.6931,0.5626,0.145,-0.0884,-0.2111,-0.2689,-0.2954,-0.3424,-0.4313,-0.5553,-0.6991,-0.8376,-0.9388,-0.9832,-0.9778,-0.9438,-0.9015,-0.917,-0.9336,-0.9508,-0.9657,-0.9711,-0.953,-0.8934,-0.7836,-0.6412,-0.5247,-0.4694,-0.3213,-0.2398,-0.2683,-0.1212,-0.0296,-0.161,-0.2446,0.0778,0.7713,0.6152,0.1704,-0.0439,-0.1257,-0.1497,-0.1848,-0.2786,-0.428,-0.6188,-0.8407,-1.0574,-1.198,-1.223,-1.1655,-1.0789,-0.8697,-0.8792,-0.8874,-0.8929,-0.8923,-0.8802,-0.8491,-0.7925,-0.7112,-0.6187,-0.5353,-0.4454,-0.2776,-0.2217,-0.2668,-0.2367,-0.2576,-0.4908,-0.7808,-0.287,0.1096,0.1693,0.0369,-0.0526,-0.0369,0.057,0.0508,-0.1477,-0.4103,-0.6979,-1.0399,-1.3968,-1.5975,-1.5558,-1.3921,-1.2235,-0.8383,-0.8423,-0.8438,-0.8411,-0.8317,-0.8119,-0.7784,-0.7294,-0.6669,-0.5976,-0.5266,-0.449,-0.3651,-0.3075,-0.2421,-0.2161,-0.2923,-0.4557,-0.5704,-0.232,-0.1074,-0.0651,-0.083,-0.0804,0.0584,0.423,0.4993,0.0102,-0.4139,-0.7844,-1.2533,-1.8117,-2.087,-1.9089,-1.5967,-1.3403,-0.8085,-0.8082,-0.8049,-0.797,-0.7829,-0.7605,-0.7283,-0.686,-0.6353,-0.5791,-0.5199,-0.458,-0.3957,-0.3333,-0.2615,-0.2393,-0.28,-0.2754,-0.0642,0.0581,-0.1028,-0.1422,-0.1554,-0.1386,0.0052,0.4498,0.5556,-0.1365,-0.5313,-0.8617,-1.3374,-1.9786,-2.2875,-2.0372,-1.6659,-1.3811,-0.7811,-0.7777,-0.771,-0.7602,-0.7439,-0.7212,-0.6914,-0.6546,-0.6119,-0.565,-0.5154,-0.4643,-0.4129,-0.3621,-0.3174,-0.2949,-0.2841,-0.2372,-0.1211,-0.0704,-0.1386,-0.1751,-0.1947,-0.2216,-0.2429,-0.3322,-0.722,-0.7435,-0.7617,-0.9311,-1.2381,-1.6796,-1.9319,-1.8098,-1.5549,-1.3307,-0.7565,-0.7508,-0.7421,-0.7296,-0.7127,-0.6907,-0.6634,-0.6311,-0.5945,-0.5547,-0.5128,-0.47,-0.4275,-0.3873,-0.3528,-0.3263,-0.3007,-0.262,-0.2123,-0.1857,-0.1843,-0.1645,-0.1657,-0.2555,-0.4171,-0.7368,-1.1602,-1.0231,-0.9775,-1.0317,-1.1307,-1.3279,-1.4815,-1.4733,-1.3594,-1.2248,-0.7346,-0.7274,-0.7175,-0.7044,-0.6875,-0.6668,-0.6419,-0.6134,-0.5816,-0.5474,-0.5117,-0.4755,-0.4399,-0.4064,-0.3764,-0.3497,-0.3233,-0.2937,-0.2634,-0.2375,-0.203,-0.1303,-0.1065,-0.2462,-0.4542,-0.7062,-0.9203,-1.0337,-1.2216,-1.178,-1.1056,-1.1427,-1.2083,-1.2237,-1.1816,-1.1108,-0.7154,-0.7073,-0.6968,-0.6835,-0.6672,-0.6478,-0.6253,-0.5999,-0.5721,-0.5425,-0.5118,-0.4808,-0.4505,-0.4217,-0.3951,-0.3704,-0.3465,-0.3227,-0.299,-0.274,-0.2389,-0.1904,-0.1891,-0.2972,-0.4662,-0.6538,-0.8376,-1.0503,-1.2514,-1.1976,-1.0855,-1.0531,-1.064,-1.0695,-1.0511,-1.0134]}]