docs/data/wind_grid.json
[{"header":{"la1":42.85,"la2":41.18,"lo1":11.55,"lo2":14.05,"nx":36,"ny":24,"dx":0.07143,"dy":0.07261,"parameterCategory":2,"parameterNumber":2,"parameterNumberName":"eastward_wind","parameterUnit":"m.s-1"},"data":[1.1861,1.225,1.2683,1.3152,1.3641,1.4124,1.4566,1.4937,1.5234,1.5498,1.5811,1.6272,1.6947,1.7816,1.8716,1.9354,1.9442,1.8907,1.793,1.6774,1.5639,1.4624,1.3755,1.3024,1.2412,1.1895,1.1455,1.1076,1.0746,1.0455,1.0196,0.9964,0.9756,0.9567,0.9397,0.9243,1.1887,1.2332,1.2844,1.342,1.4042,1.4672,1.5247,1.5695,1.5984,1.6168,1.6401,1.6881,1.7775,1.9125,2.0705,2.1928,2.2129,2.1172,1.9539,1.7788,1.6225,1.4936,1.39,1.307,1.2399,1.1848,1.1387,1.0995,1.0657,1.0359,1.0096,0.986,0.9648,0.9457,0.9284,0.9129,1.1871,1.2374,1.2977,1.3688,1.4501,1.537,1.6187,1.6792,1.706,1.7048,1.7036,1.7404,1.8495,2.052,2.3279,2.5663,2.6038,2.4162,2.1358,1.8743,1.6667,1.5101,1.3921,1.3019,1.2312,1.1744,1.1276,1.088,1.0539,1.024,0.9974,0.9736,0.9522,0.9329,0.9155,0.8999,1.1794,1.2349,1.3044,1.3915,1.4986,1.6235,1.7516,1.8491,1.8764,1.8332,1.7753,1.7737,1.885,2.1567,2.5991,3.04,3.1,2.7383,2.2874,1.9297,1.6778,1.5024,1.3774,1.285,1.2142,1.1581,1.112,1.073,1.0394,1.0097,0.9832,0.9593,0.9378,0.9183,0.9008,0.8851,1.1636,1.2222,1.2991,1.4016,1.539,1.719,1.9327,2.12,2.1648,2.0335,1.8594,1.778,1.8541,2.1418,2.6918,3.3191,3.3979,2.8702,2.3009,1.8994,1.6377,1.4639,1.3435,1.2559,1.1892,1.1361,1.0924,1.0551,1.0225,0.9933,0.967,0.9431,0.9214,0.9017,0.8841,0.8684,1.138,1.1962,1.2753,1.3868,1.5491,1.7897,2.1329,2.5143,2.6323,2.3165,1.9367,1.7413,1.7472,1.9582,2.3971,2.9104,2.9899,2.5688,2.1007,1.7653,1.5443,1.3963,1.2928,1.2165,1.1576,1.11,1.0699,1.0349,1.0037,0.9752,0.9491,0.925,0.903,0.883,0.8651,0.8494,1.1021,1.1548,1.2282,1.3353,1.4997,1.7658,2.2057,2.8216,3.0758,2.4987,1.9159,1.6438,1.5888,1.6877,1.9098,2.1539,2.2081,2.0253,1.7761,1.5692,1.4188,1.3112,1.2321,1.1714,1.1227,1.0817,1.0459,1.0135,0.9837,0.9557,0.9295,0.905,0.8824,0.8618,0.8436,0.8278,1.0567,1.099,1.1579,1.2442,1.3775,1.5943,1.9539,2.4575,2.6495,2.1612,1.6997,1.4816,1.4178,1.446,1.5281,1.6149,1.6404,1.5817,1.4797,1.3776,1.2924,1.2248,1.1707,1.1262,1.0879,1.0538,1.0222,0.9922,0.9633,0.9353,0.9084,0.8828,0.8592,0.8377,0.819,0.803,1.0047,1.033,1.0713,1.1254,1.2053,1.3264,1.5005,1.6862,1.7237,1.5699,1.4045,1.3057,1.2728,1.2821,1.3081,1.3311,1.3348,1.3128,1.2736,1.2295,1.1878,1.1504,1.1169,1.0863,1.0572,1.0288,1.0006,0.9721,0.9432,0.9143,0.8857,0.8583,0.8328,0.8099,0.7903,0.7741,0.9498,0.963,0.9789,0.9986,1.0243,1.0604,1.1143,1.1884,1.2587,1.2704,1.2156,1.1769,1.1833,1.2079,1.2175,1.206,1.1866,1.1675,1.1495,1.1317,1.1137,1.0957,1.0768,1.0563,1.0338,1.0093,0.9829,0.9545,0.9243,0.893,0.8613,0.8305,0.802,0.777,0.7563,0.7401,0.8962,0.8955,0.8913,0.8814,0.8627,0.8354,0.8191,0.8974,1.2056,1.3439,1.1398,1.0977,1.1612,1.2409,1.2429,1.1769,1.1199,1.0969,1.0882,1.0789,1.0709,1.064,1.0544,1.04,1.0207,0.9975,0.9708,0.9406,0.9072,0.8713,0.8343,0.7982,0.7652,0.7371,0.715,0.6992,0.847,0.8354,0.8163,0.7853,0.7352,0.6572,0.5508,0.5005,0.8402,1.1143,1.0046,1.0253,1.1838,1.4007,1.3982,1.1903,1.0816,1.0863,1.0909,1.0655,1.0569,1.0585,1.0548,1.0414,1.0207,0.9953,0.9658,0.9317,0.8925,0.849,0.8034,0.759,0.7193,0.687,0.6636,0.649,0.8044,0.7855,0.7577,0.716,0.6521,0.5525,0.4,0.2317,0.3904,0.7058,0.8329,0.9342,1.0882,1.525,1.5223,1.1248,1.0171,1.1488,1.1549,1.0701,1.0716,1.0911,1.0885,1.066,1.036,1.0043,0.9697,0.9293,0.881,0.8255,0.7663,0.7089,0.6592,0.6216,0.5977,0.5864,0.769,0.7465,0.7155,0.6724,0.612,0.5273,0.4168,0.3157,0.3851,0.5704,0.6914,0.8774,0.9379,0.8407,0.9965,0.8878,0.8304,0.9966,1.0581,1.0596,1.1512,1.2052,1.1772,1.1189,1.067,1.0254,0.9852,0.9366,0.8746,0.8,0.7189,0.6411,0.5769,0.5332,0.5111,0.5073,0.7404,0.7167,0.6863,0.6473,0.5981,0.5389,0.4777,0.4397,0.4518,0.4576,0.4437,0.5318,0.6267,0.5263,0.6996,0.6369,0.5328,0.7062,0.8732,1.1183,1.4511,1.51,1.3435,1.1935,1.1079,1.0602,1.0183,0.9602,0.8772,0.7716,0.6545,0.5438,0.4584,0.4095,0.3957,0.4073,0.7176,0.6942,0.6658,0.6318,0.5924,0.5495,0.5078,0.4709,0.4209,0.292,0.0307,0.1536,0.3023,0.4615,0.5179,0.5266,0.5123,0.5438,0.7013,1.2792,2.2041,2.0645,1.5257,1.249,1.1479,1.1165,1.0844,1.0137,0.896,0.7392,0.5622,0.3973,0.2818,0.2336,0.2422,0.2836,0.6993,0.6767,0.6504,0.6203,0.5866,0.5501,0.5109,0.4635,0.3891,0.2497,0.0538,0.1382,0.1071,0.0651,0.2834,0.3356,0.3205,0.1974,0.2049,0.9774,2.2697,2.0814,1.4767,1.227,1.1889,1.2238,1.2188,1.1206,0.9412,0.7017,0.4261,0.1718,0.0161,-0.0126,0.0463,0.1396,0.6844,0.6629,0.6383,0.6107,0.58,0.5459,0.5069,0.4583,0.3923,0.3065,0.2307,0.1916,0.0568,0.0055,0.0357,-0.0052,0.0156,-0.3486,-0.8023,0.1008,1.0031,1.2611,1.1669,1.1446,1.2651,1.4442,1.4797,1.3016,1.0158,0.6599,0.2371,-0.1581,-0.3581,-0.326,-0.1751,-0.0073,0.6724,0.6518,0.6286,0.6027,0.574,0.5417,0.5045,0.4604,0.4075,0.3486,0.2916,0.2316,0.1455,0.0153,-0.3707,-0.5336,-0.1818,-0.3462,-0.5781,-0.151,0.3289,0.6988,0.887,1.066,1.373,1.7873,1.8682,1.4992,1.0868,0.6247,0.0398,-0.5287,-0.7596,-0.6239,-0.3612,-0.1199,0.6627,0.643,0.621,0.5966,0.5696,0.5393,0.5051,0.466,0.422,0.3739,0.322,0.2603,0.1709,0.0035,-0.3171,-0.4175,-0.1639,-0.1412,-0.2436,-0.2789,0.1046,0.4676,0.7151,0.9695,1.3411,1.8293,1.9258,1.4687,1.087,0.6242,-0.0197,-0.6667,-0.9065,-0.7237,-0.4197,-0.1551,0.655,0.6362,0.6154,0.5924,0.5671,0.5391,0.5079,0.4732,0.4348,0.3926,0.3451,0.2871,0.2079,0.0922,-0.0422,-0.0835,-0.024,-0.0171,-0.0908,-0.0814,0.1654,0.408,0.5843,0.8149,1.1192,1.3323,1.2544,1.1972,1.0314,0.6688,0.1331,-0.4029,-0.6375,-0.5397,-0.315,-0.0987,0.6491,0.6312,0.6115,0.59,0.5665,0.5407,0.5124,0.4814,0.4475,0.4101,0.3681,0.3187,0.2586,0.1887,0.1258,0.0995,0.1067,0.1102,0.1084,0.1614,0.2903,0.3771,0.4255,0.6282,0.9153,1.0959,1.1091,1.1007,0.9831,0.7174,0.3458,-0.0184,-0.2212,-0.2248,-0.1161,0.0197,0.6448,0.6278,0.6093,0.5893,0.5675,0.5439,0.5183,0.4906,0.4607,0.4281,0.3923,0.3526,0.3092,0.2654,0.2299,0.212,0.2111,0.2199,0.2419,0.2914,0.3511,0.3436,0.3283,0.5116,0.7766,0.9696,1.0452,1.025,0.9202,0.7344,0.4947,0.2613,0.1057,0.0564,0.0868,0.1548,0.6418,0.6258,0.6085,0.5899,0.5699,0.5484,0.5254,0.5008,0.4746,0.4467,0.417,0.3858,0.3543,0.3253,0.3031,0.2916,0.2918,0.303,0.3264,0.3612,0.3904,0.3879,0.403,0.5256,0.7035,0.8478,0.9189,0.9147,0.8461,0.726,0.5749,0.4256,0.3134,0.2567,0.2502,0.2762]},{"header":{"la1":42.85,"la2":41.18,"lo1":11.55,"lo2":14.05,"nx":36,"ny":24,"dx":0.07143,"dy":0.07261,"parameterCategory":2,"parameterNumber":3,"parameterNumberName":"northward_wind","parameterUnit":"m.s-1"},"data":[4.0458,4.0485,4.0509,4.0529,4.0544,4.0556,4.0567,4.0578,4.0591,4.0607,4.0626,4.0648,4.0671,4.0694,4.0711,4.0715,4.0693,4.064,4.0561,4.0465,4.0359,4.0249,4.0138,4.0026,3.9916,3.9808,3.9702,3.9598,3.9499,3.9403,3.9312,3.9226,3.9146,3.9071,3.9003,3.894,4.0495,4.0525,4.055,4.057,4.0583,4.0591,4.0597,4.0605,4.0619,4.0641,4.067,4.0702,4.0739,4.0779,4.082,4.0844,4.0828,4.0764,4.0663,4.0542,4.0416,4.0289,4.0163,4.004,3.9919,3.9801,3.9685,3.9573,3.9466,3.9363,3.9266,3.9175,3.909,3.9012,3.894,3.8876,4.0533,4.0566,4.0593,4.0612,4.0621,4.062,4.0614,4.0614,4.0628,4.066,4.0704,4.0752,4.0804,4.0866,4.094,4.0999,4.0994,4.0906,4.0768,4.0616,4.0467,4.0322,4.0183,4.0048,3.9915,3.9787,3.9661,3.954,3.9424,3.9314,3.921,3.9114,3.9024,3.8942,3.8869,3.8802,4.0573,4.0611,4.064,4.0658,4.0659,4.0641,4.0609,4.0585,4.0595,4.0648,4.0723,4.0795,4.0863,4.0943,4.1052,4.1163,4.1172,4.1043,4.0858,4.0674,4.0504,4.0345,4.0194,4.0047,3.9904,3.9765,3.9629,3.9498,3.9373,3.9255,3.9144,3.9042,3.8948,3.8862,3.8786,3.8719,4.0614,4.0659,4.0694,4.0712,4.0703,4.0657,4.0571,4.0484,4.0475,4.0582,4.0727,4.084,4.0918,4.0995,4.1109,4.1247,4.1264,4.1106,4.0897,4.0701,4.0523,4.0356,4.0195,4.0038,3.9884,3.9733,3.9587,3.9445,3.9311,3.9184,3.9066,3.8957,3.8858,3.877,3.8692,3.8624,4.0657,4.0712,4.0757,4.0781,4.0768,4.0688,4.0512,4.0272,4.0198,4.0443,4.0736,4.0907,4.0986,4.1035,4.1097,4.1175,4.1176,4.1052,4.0876,4.0698,4.0526,4.0357,4.0189,4.0021,3.9855,3.9692,3.9533,3.938,3.9235,3.9098,3.8972,3.8857,3.8754,3.8663,3.8583,3.8516,4.0701,4.0769,4.0831,4.0874,4.0875,4.0788,4.0534,4.0077,3.987,4.0365,4.0842,4.104,4.1096,4.1106,4.1106,4.1102,4.1067,4.0976,4.0844,4.069,4.0525,4.0354,4.0177,3.9997,3.9817,3.9639,3.9466,3.93,3.9143,3.8996,3.8862,3.874,3.8633,3.8539,3.8459,3.8393,4.0741,4.0828,4.0913,4.0989,4.1036,4.1013,4.084,4.0463,4.0309,4.0803,4.1183,4.1271,4.1261,4.1237,4.1204,4.1153,4.1079,4.098,4.0853,4.0704,4.0536,4.0354,4.0163,3.9967,3.9769,3.9574,3.9385,3.9203,3.9032,3.8874,3.8731,3.8603,3.8491,3.8396,3.8317,3.8253,4.0774,4.088,4.0996,4.1117,4.1236,4.1337,4.1404,4.1456,4.1625,4.1836,4.1769,4.1573,4.1462,4.1434,4.1402,4.132,4.1201,4.1067,4.0921,4.0755,4.0568,4.0364,4.015,3.993,3.971,3.9494,3.9285,3.9086,3.89,3.8729,3.8576,3.8441,3.8326,3.823,3.8153,3.8094,4.0793,4.0918,4.1064,4.1233,4.1429,4.1659,4.1953,4.2418,4.3151,4.3348,4.2506,4.1833,4.1656,4.1723,4.1738,4.1598,4.1398,4.1215,4.1042,4.0847,4.0624,4.0383,4.0135,3.9886,3.9638,3.9396,3.9163,3.8944,3.8741,3.8556,3.8393,3.8251,3.8133,3.8038,3.7965,3.7913,4.0793,4.0932,4.1102,4.1311,4.1571,4.1895,4.2299,4.2933,4.4594,4.542,4.3033,4.1834,4.1796,4.2209,4.2361,4.2015,4.1634,4.1406,4.1224,4.0984,4.07,4.0406,4.0115,3.9828,3.9547,3.9274,3.9014,3.8772,3.855,3.835,3.8176,3.8028,3.7907,3.7815,3.7749,3.7707,4.0767,4.0912,4.1095,4.1328,4.1631,4.202,4.2473,4.2852,4.3594,4.4111,4.2302,4.1353,4.1767,4.2734,4.3715,4.2521,4.1831,4.1639,4.1501,4.1164,4.0777,4.0419,4.0083,3.9755,3.9433,3.9123,3.8832,3.8564,3.8321,3.8106,3.7919,3.7764,3.7643,3.7555,3.75,3.7474,4.0712,4.0854,4.1032,4.1264,4.1576,4.1998,4.2534,4.2983,4.2735,4.2036,4.099,4.0383,4.0837,4.4174,4.5494,4.2513,4.1947,4.1869,4.1804,4.1293,4.0807,4.0409,4.0038,3.9663,3.9291,3.8936,3.8609,3.8313,3.8049,3.7816,3.7617,3.7454,3.7332,3.7253,3.7214,3.721,4.063,4.0755,4.0911,4.1113,4.1379,4.1738,4.2193,4.2602,4.2209,4.0904,3.9873,3.9626,3.9372,3.6056,4.0616,4.1934,4.2616,4.2058,4.1702,4.1199,4.0768,4.0413,4.0009,3.9559,3.9114,3.8702,3.8336,3.8013,3.7728,3.7477,3.7262,3.7089,3.6967,3.69,3.6885,3.6912,4.0524,4.0624,4.0743,4.0887,4.1062,4.1264,4.1448,4.1423,4.0761,3.9462,3.8428,3.8295,3.7762,3.618,3.9099,4.3025,4.6034,4.2997,4.1527,4.0993,4.085,4.06,4.0053,3.944,3.8882,3.8407,3.8008,3.7665,3.7361,3.7088,3.685,3.6659,3.6534,3.6486,3.6508,3.6581,4.0402,4.0471,4.0546,4.0625,4.0696,4.0732,4.0661,4.0325,3.9495,3.8,3.598,3.6928,3.7472,3.7867,3.9294,4.2325,4.4608,4.2369,4.0982,4.0817,4.1478,4.1178,4.0128,3.9236,3.8556,3.8042,3.7637,3.7285,3.6958,3.6654,3.6379,3.6156,3.6023,3.6004,3.6083,3.6222,4.0272,4.0311,4.0345,4.0364,4.0353,4.0277,4.0076,3.9653,3.8892,3.7677,3.6228,3.6968,3.7856,3.8191,3.9048,4.0257,4.0953,4.0439,3.9929,4.0271,4.1494,4.1108,3.9804,3.8798,3.8104,3.7655,3.7308,3.6931,3.6542,3.6184,3.5854,3.5576,3.5427,3.5456,3.5622,3.5852,4.0142,4.0156,4.0156,4.0133,4.0071,3.9943,3.9713,3.9338,3.8796,3.8142,3.7681,3.7809,3.8097,3.8239,3.8689,3.9053,3.9413,3.9266,3.9092,3.9173,3.9643,3.9581,3.8853,3.8082,3.7595,3.7483,3.7297,3.6712,3.6114,3.5683,3.5306,3.4953,3.4781,3.4887,3.5173,3.551,4.0019,4.0012,3.9989,3.9941,3.9855,3.9716,3.9507,3.9217,3.8863,3.851,3.8286,3.8265,3.8346,3.8431,3.8289,3.8183,3.8693,3.8732,3.8561,3.783,3.8074,3.8113,3.7697,3.72,3.7132,3.7954,3.811,3.6562,3.5515,3.5118,3.4817,3.4433,3.4242,3.4433,3.483,3.5254,3.9905,3.9884,3.9847,3.9786,3.9694,3.9564,3.9389,3.9173,3.8936,3.8719,3.8571,3.8512,3.8508,3.8479,3.8302,3.8236,3.8383,3.8033,3.6744,3.6155,3.6979,3.6881,3.6431,3.6098,3.6215,3.7639,3.797,3.5064,3.4277,3.442,3.4485,3.4247,3.4082,3.4284,3.4698,3.5136,3.9802,3.9772,3.9727,3.9662,3.9573,3.9457,3.9314,3.915,3.8981,3.8828,3.8711,3.8637,3.8588,3.8526,3.8434,3.8353,3.82,3.7737,3.695,3.6541,3.6252,3.532,3.4665,3.4613,3.4326,3.3006,2.9806,3.0343,3.2334,3.3618,3.4235,3.4328,3.4287,3.4445,3.4778,3.5158,3.9709,3.9674,3.9625,3.9561,3.9478,3.9377,3.9258,3.9129,3.8998,3.8876,3.8773,3.869,3.8616,3.8534,3.8431,3.8287,3.8039,3.7614,3.7035,3.6313,3.4931,3.2728,3.1975,3.296,3.2836,3.0175,2.6465,2.8089,3.1183,3.306,3.4018,3.44,3.454,3.4706,3.4964,3.5269,3.9627,3.9588,3.9538,3.9476,3.94,3.9311,3.921,3.9102,3.8992,3.8887,3.879,3.8698,3.8606,3.8501,3.8367,3.8176,3.7887,3.7451,3.6809,3.5763,3.381,3.1011,3.0314,3.2035,3.2514,3.1044,2.9361,2.9863,3.1598,3.3056,3.3969,3.4461,3.4726,3.4934,3.5162,3.5415,3.9552,3.9512,3.9463,3.9403,3.9333,3.9252,3.9164,3.9069,3.8972,3.8875,3.8778,3.8679,3.8572,3.8446,3.8286,3.8066,3.7752,3.73,3.6628,3.558,3.3964,3.2144,3.1626,3.2469,3.2872,3.2351,3.1712,3.1824,3.2588,3.3455,3.4134,3.4591,3.4893,3.5126,3.5344,3.5564]}]