docs/data/wind_grid.json
[{"header":{"la1":42.85,"la2":41.18,"lo1":11.55,"lo2":14.05,"nx":36,"ny":24,"dx":0.07143,"dy":0.07261,"parameterCategory":2,"parameterNumber":2,"parameterNumberName":"eastward_wind","parameterUnit":"m.s-1"},"data":[3.5425,3.5431,3.544,3.5448,3.5452,3.5444,3.5418,3.5362,3.5268,3.513,3.4941,3.4702,3.441,3.4063,3.3655,3.3173,3.2598,3.1906,3.1087,3.0173,2.9274,2.8565,2.8209,2.8249,2.8594,2.9099,2.9644,3.0156,3.0604,3.0981,3.1293,3.1547,3.1754,3.1923,3.2062,3.2178,3.5434,3.5448,3.547,3.5495,3.5521,3.5538,3.5537,3.5502,3.5421,3.5282,3.5082,3.4821,3.4502,3.4125,3.3683,3.3159,3.2514,3.1691,3.0628,2.9317,2.7911,2.6781,2.6309,2.6564,2.7291,2.8173,2.9013,2.9731,3.0314,3.0778,3.1143,3.1431,3.1657,3.1838,3.1983,3.2102,3.5426,3.5448,3.5483,3.5529,3.5583,3.5635,3.5671,3.567,3.5607,3.5469,3.5252,3.4962,3.461,3.4202,3.3737,3.3194,3.2522,3.161,3.0279,2.8355,2.5974,2.3946,2.331,2.4142,2.5645,2.7149,2.8395,2.9356,3.0081,3.0624,3.1033,3.1343,3.1581,3.1766,3.1913,3.2031,3.5396,3.5423,3.547,3.5539,3.5628,3.5729,3.5823,3.5876,3.5844,3.5702,3.5454,3.5121,3.4724,3.4279,3.38,3.328,3.2671,3.1819,3.035,2.7611,2.3287,1.9119,1.8364,2.0781,2.3791,2.6199,2.7913,2.9107,2.9945,3.0541,3.0973,3.1291,3.1528,3.1709,3.1849,3.1962,3.5337,3.5365,3.5421,3.5511,3.564,3.5808,3.5992,3.6136,3.6153,3.5992,3.5688,3.5289,3.4824,3.4324,3.383,3.3378,3.2969,3.2508,3.1465,2.8175,2.0448,1.1184,1.0978,1.7139,2.2362,2.568,2.7744,2.9066,2.9945,3.0547,3.097,3.1274,3.1496,3.1662,3.179,3.1892,3.5245,3.5268,3.5329,3.5432,3.5595,3.5841,3.6155,3.6454,3.6546,3.6323,3.5933,3.545,3.4885,3.4283,3.3739,3.3367,3.3284,3.3657,3.4291,3.194,2.1447,0.6387,0.7171,1.6401,2.2543,2.6,2.8025,2.9279,3.0094,3.0642,3.102,3.1287,3.1479,3.162,3.1728,3.1815,3.5113,3.5137,3.5218,3.532,3.5471,3.5778,3.6231,3.669,3.6842,3.6569,3.6152,3.56,3.4887,3.4072,3.3351,3.3007,3.3252,3.4419,3.7068,3.6298,2.7842,1.8364,1.6623,2.0943,2.4744,2.719,2.8726,2.9711,3.0362,3.0802,3.1105,3.1316,3.1465,3.1573,3.1655,3.1722,3.4933,3.4976,3.518,3.5339,3.5295,3.5562,3.6129,3.6613,3.6769,3.6695,3.6396,3.5791,3.4846,3.3574,3.2304,3.1817,3.2437,3.3722,3.5207,3.4457,3.1734,2.9117,2.66,2.6499,2.7604,2.8744,2.962,3.0245,3.0682,3.0987,3.1197,3.134,3.1437,3.1505,3.1557,3.1603,3.467,3.4688,3.5205,3.5829,3.504,3.5126,3.5954,3.6665,3.7085,3.72,3.6881,3.6151,3.4902,3.2742,2.9731,2.8558,3.0546,3.2554,3.3467,3.3415,3.3763,3.3172,3.095,2.9874,2.9797,3.0086,3.0429,3.073,3.0968,3.1144,3.1262,3.1335,3.1375,3.1399,3.1418,3.1443,3.4306,3.3997,3.4005,3.4142,3.3166,3.4233,3.5834,3.7073,3.8126,3.8453,3.7719,3.6781,3.5435,3.2339,2.4506,2.028,2.801,3.1986,3.3208,3.3454,3.3601,3.3273,3.2248,3.146,3.1065,3.0928,3.0942,3.1034,3.1143,3.1226,3.1269,3.1274,3.1256,3.1232,3.1218,3.1224,3.3977,3.3109,3.1369,2.7796,2.8535,3.3169,3.5894,3.7445,3.9511,4.0457,3.855,3.7579,3.6808,3.4812,2.6669,2.0444,2.9244,3.2675,3.3553,3.3746,3.3647,3.3336,3.2796,3.2145,3.1543,3.114,3.1008,3.106,3.1154,3.1205,3.1193,3.1133,3.1051,3.0977,3.093,3.0922,3.3938,3.2911,3.0957,2.8028,2.897,3.3654,3.6283,3.7205,3.8466,3.9428,3.862,3.8359,3.8481,3.92,3.6982,3.3648,3.3727,3.3691,3.366,3.41,3.4156,3.3839,3.3215,3.2278,3.1189,3.0477,3.0455,3.0757,3.1001,3.1081,3.1023,3.0884,3.0725,3.0592,3.0515,3.0506,3.4249,3.3531,3.2537,3.1792,3.278,3.5112,3.6665,3.6956,3.7307,3.8186,3.8698,3.9327,3.9369,4.0302,3.9421,3.7506,3.6216,3.2616,3.2372,3.439,3.4788,3.4452,3.3568,3.1976,2.9757,2.8489,2.9185,3.0221,3.0771,3.089,3.0749,3.0489,3.0218,3.0015,2.9917,2.9931,3.4744,3.4397,3.4097,3.4148,3.4876,3.6003,3.6826,3.7075,3.7391,3.8227,3.9026,4.0464,4.0549,3.5904,3.8468,3.8861,3.8433,3.5504,3.44,3.5432,3.5657,3.5225,3.4077,3.1809,2.8099,2.6058,2.8032,2.9905,3.0643,3.0676,3.0342,2.9869,2.943,2.9143,2.9053,2.914,3.5247,3.5144,3.5148,3.5378,3.5883,3.6523,3.7061,3.7447,3.7952,3.8718,3.9367,3.9599,3.903,3.893,3.8773,3.9322,4.2077,3.895,3.7257,3.6883,3.6791,3.6285,3.4983,3.2713,2.9427,2.7582,2.8948,3.0349,3.0746,3.043,2.9712,2.8871,2.8173,2.7805,2.7798,2.8063,3.5674,3.5702,3.5822,3.6074,3.6457,3.6911,3.7366,3.7836,3.8448,3.9331,4.0431,3.9891,3.9602,3.926,3.9301,4.0131,4.1434,3.9674,3.848,3.7904,3.7923,3.7484,3.6019,3.4184,3.2259,3.1106,3.1136,3.1324,3.0987,3.0059,2.8687,2.7212,2.6117,2.5727,2.5991,2.6635,3.6012,3.6104,3.6265,3.6509,3.683,3.7206,3.7621,3.8093,3.8684,3.9463,4.031,4.008,4.0557,4.0887,3.9988,3.9982,4.0015,3.978,3.9513,3.866,3.8154,3.7787,3.6572,3.5218,3.4071,3.3356,3.2921,3.2312,3.1221,2.9468,2.7036,2.4424,2.2698,2.2519,2.3485,2.4857,3.627,3.6392,3.6566,3.6796,3.7079,3.741,3.7782,3.8205,3.8689,3.9213,3.965,3.997,4.0812,4.1122,4.094,4.1034,4.0436,4.0659,4.1581,3.973,3.8423,3.7656,3.6735,3.5745,3.5034,3.4776,3.4402,3.3273,3.1455,2.871,2.4635,1.9929,1.7212,1.7912,2.0382,2.2928,3.6463,3.6598,3.6771,3.6986,3.7241,3.7533,3.786,3.822,3.8607,3.8999,3.9366,3.9749,4.0251,4.0942,4.3069,4.4029,4.1258,4.0656,4.0978,3.9883,3.8814,3.7797,3.6855,3.5989,3.5533,3.6007,3.6058,3.4151,3.1689,2.8112,2.2103,1.4215,1.0221,1.288,1.7544,2.139,3.6605,3.6743,3.691,3.7109,3.7338,3.7596,3.7879,3.8183,3.8503,3.8827,3.9154,3.9516,3.9996,4.0862,4.2651,4.3185,4.1142,4.0153,3.9992,4.0006,3.8991,3.7905,3.6973,3.6088,3.5528,3.6108,3.6275,3.3931,3.1717,2.8228,2.1579,1.1957,0.7265,1.1063,1.668,2.0971,3.6706,3.6841,3.7,3.7182,3.7387,3.7613,3.7858,3.8117,3.8387,3.8662,3.8949,3.9268,3.9672,4.024,4.0894,4.0965,4.0281,3.9719,3.9587,3.9448,3.8701,3.7933,3.7237,3.6251,3.5117,3.405,3.2541,3.2336,3.1647,2.9276,2.4263,1.6982,1.287,1.4704,1.8574,2.1945,3.6775,3.6904,3.7052,3.7217,3.74,3.7598,3.781,3.8031,3.8259,3.8493,3.8734,3.8992,3.9281,3.9592,3.9831,3.9816,3.9538,3.9225,3.9001,3.8727,3.8347,3.825,3.8076,3.6794,3.4993,3.2989,3.1164,3.1717,3.1956,3.0848,2.7865,2.3513,2.0438,2.0263,2.1853,2.3796,3.6818,3.694,3.7075,3.7224,3.7387,3.756,3.7742,3.7931,3.8123,3.8317,3.8512,3.8708,3.8901,3.9069,3.9163,3.9127,3.8965,3.8747,3.8517,3.8283,3.8191,3.8648,3.8857,3.7303,3.5277,3.3509,3.2425,3.2425,3.2761,3.2278,3.0335,2.7628,2.5443,2.46,2.4913,2.5787,3.6841,3.6953,3.7077,3.721,3.7354,3.7504,3.7661,3.782,3.798,3.8138,3.8291,3.8435,3.856,3.8651,3.8683,3.8635,3.8511,3.8334,3.8134,3.7954,3.7917,3.8139,3.8063,3.6961,3.5423,3.4069,3.3175,3.2819,3.2884,3.2576,3.1344,2.9669,2.8203,2.7369,2.7205,2.75]},{"header":{"la1":42.85,"la2":41.18,"lo1":11.55,"lo2":14.05,"nx":36,"ny":24,"dx":0.07143,"dy":0.07261,"parameterCategory":2,"parameterNumber":3,"parameterNumberName":"northward_wind","parameterUnit":"m.s-1"},"data":[1.4424,1.4223,1.3956,1.3626,1.325,1.2864,1.2516,1.2256,1.212,1.2111,1.2199,1.2337,1.2483,1.2608,1.27,1.2758,1.2785,1.2789,1.2777,1.2758,1.2742,1.2739,1.2754,1.2792,1.2856,1.2946,1.3056,1.3183,1.3319,1.3458,1.3596,1.373,1.3857,1.3977,1.4087,1.4188,1.4662,1.4444,1.4124,1.3698,1.3181,1.2623,1.2103,1.1721,1.155,1.1596,1.1796,1.2058,1.2305,1.2501,1.2634,1.2711,1.2744,1.2745,1.2721,1.2686,1.2653,1.2636,1.2642,1.2675,1.2741,1.2842,1.2973,1.3123,1.3282,1.3444,1.3602,1.3753,1.3895,1.4026,1.4145,1.4253,1.5001,1.4785,1.4417,1.387,1.3147,1.2309,1.1485,1.087,1.0636,1.0807,1.1231,1.1711,1.2118,1.2408,1.259,1.2689,1.2729,1.2729,1.2694,1.2634,1.2577,1.2548,1.2542,1.2557,1.2616,1.2729,1.2884,1.3063,1.3253,1.3442,1.3623,1.3792,1.3949,1.4091,1.422,1.4334,1.5477,1.5307,1.492,1.4239,1.3227,1.1932,1.0541,0.9436,0.9072,0.9542,1.0437,1.1303,1.1945,1.2353,1.2583,1.2698,1.275,1.2769,1.2737,1.2635,1.2539,1.2527,1.2508,1.246,1.2482,1.2603,1.2791,1.3011,1.3237,1.3457,1.3663,1.3852,1.4024,1.4178,1.4314,1.4434,1.6124,1.6091,1.5769,1.4983,1.3598,1.1595,0.9143,0.6914,0.6215,0.747,0.9385,1.0901,1.1846,1.2367,1.2625,1.274,1.2813,1.2913,1.2972,1.2777,1.2541,1.2687,1.2654,1.2389,1.2322,1.246,1.27,1.2973,1.3244,1.3498,1.373,1.3939,1.4125,1.4289,1.4432,1.4556,1.6959,1.7226,1.7169,1.6404,1.4604,1.1651,0.7469,0.2697,0.1012,0.4398,0.8321,1.0696,1.1915,1.2492,1.2728,1.2804,1.2887,1.3199,1.3734,1.3388,1.242,1.2846,1.2764,1.2165,1.2068,1.2291,1.2622,1.2966,1.3287,1.3577,1.3833,1.406,1.4258,1.443,1.4579,1.4705,1.7924,1.8744,1.9373,1.8969,1.6729,1.2777,0.6977,-0.1126,-0.468,0.2233,0.818,1.1,1.2245,1.2756,1.2899,1.2873,1.287,1.332,1.4822,1.4438,1.1404,1.1127,1.1415,1.1374,1.1658,1.2116,1.2587,1.3014,1.3385,1.3706,1.3982,1.4222,1.4429,1.4607,1.4758,1.4883,1.8811,2.0405,2.2441,2.3187,2.0138,1.5155,0.961,0.3139,0.0501,0.5496,0.9833,1.1919,1.2832,1.315,1.3139,1.296,1.2725,1.2673,1.3051,1.1433,0.6681,0.6206,0.8525,1.0154,1.1221,1.2021,1.2649,1.315,1.3558,1.3897,1.4186,1.4433,1.4645,1.4825,1.4976,1.5098,1.9245,2.1335,2.4897,2.7745,2.2964,1.7249,1.3203,1.0334,0.9527,1.0783,1.2183,1.3094,1.356,1.363,1.3402,1.3082,1.2637,1.1938,1.0632,0.6678,-0.1283,0.0172,0.6152,0.9384,1.1096,1.2152,1.2877,1.3408,1.3823,1.4162,1.445,1.4699,1.4912,1.5092,1.5238,1.5353,1.8994,2.0622,2.2979,2.4362,2.1005,1.7647,1.5238,1.395,1.3695,1.3826,1.3873,1.412,1.4355,1.4228,1.3511,1.3077,1.2669,1.1645,1.0079,0.6811,0.1639,0.2357,0.6833,0.9816,1.1548,1.2615,1.3314,1.3805,1.4184,1.4501,1.478,1.5025,1.5238,1.5414,1.5554,1.5657,1.8316,1.9141,1.954,1.8648,1.8379,1.7352,1.6125,1.5475,1.4984,1.4883,1.4725,1.4905,1.532,1.5417,1.4144,1.3188,1.2551,1.1139,0.998,0.8846,0.7493,0.7653,0.9399,1.1198,1.2531,1.3411,1.3958,1.4328,1.4629,1.4909,1.5173,1.5417,1.5631,1.5805,1.5935,1.602,1.7602,1.8037,1.8227,1.8143,1.7917,1.7091,1.6733,1.6846,1.5908,1.5189,1.5153,1.5516,1.6416,1.8005,1.6602,1.4037,1.1893,0.9045,0.8192,0.9369,1.0082,1.0696,1.1657,1.2788,1.3799,1.4448,1.4743,1.4921,1.5125,1.537,1.5632,1.5886,1.6109,1.6282,1.6398,1.6456,1.6984,1.7248,1.7411,1.7418,1.7147,1.6806,1.7113,1.7985,1.7171,1.5728,1.543,1.6206,1.67,1.8887,1.7424,1.3748,1.1105,0.4186,0.39,0.9142,1.1422,1.2548,1.3352,1.4186,1.5068,1.5544,1.5509,1.5487,1.5629,1.5875,1.6165,1.6453,1.67,1.6876,1.697,1.6985,1.6459,1.6607,1.6679,1.6638,1.6492,1.644,1.6776,1.7354,1.6802,1.5418,1.5152,1.7161,1.7569,1.2745,1.3925,1.2346,1.1578,0.8064,0.7302,1.0849,1.3305,1.4473,1.4871,1.5229,1.5849,1.6172,1.5972,1.594,1.613,1.6439,1.6803,1.7162,1.7457,1.7639,1.7692,1.7634,1.6021,1.609,1.6102,1.605,1.5963,1.5929,1.6,1.5972,1.5358,1.4306,1.3714,1.413,1.3746,1.2069,1.2779,1.201,1.1339,1.1399,1.1788,1.4054,1.6881,1.7518,1.6626,1.606,1.6045,1.6141,1.6191,1.6382,1.6697,1.711,1.7599,1.8091,1.8473,1.8654,1.8623,1.8434,1.566,1.5679,1.5656,1.5591,1.5498,1.5394,1.5249,1.4929,1.423,1.301,1.1217,1.2179,1.2647,1.2724,1.2646,1.2173,1.1714,1.2396,1.3754,1.7275,2.3427,2.2257,1.8489,1.691,1.6519,1.6554,1.6758,1.7049,1.7415,1.7932,1.8626,1.9369,1.991,2.0061,1.9844,1.9413,1.5366,1.5352,1.5304,1.5222,1.5104,1.4944,1.4705,1.4312,1.3668,1.2653,1.138,1.1995,1.2338,1.2289,1.2404,1.2325,1.2519,1.3226,1.4428,1.7699,2.4431,2.2956,1.8942,1.7423,1.7229,1.7529,1.7836,1.8011,1.8269,1.888,1.9944,2.1205,2.2046,2.2053,2.142,2.0561,1.5125,1.5089,1.5024,1.4927,1.4793,1.461,1.4356,1.3999,1.3515,1.2938,1.2488,1.2413,1.2263,1.2096,1.1572,1.1388,1.2443,1.3573,1.3831,1.571,1.8402,1.8882,1.7879,1.7496,1.8051,1.9087,1.9529,1.9203,1.91,1.9803,2.153,2.385,2.5231,2.4757,2.3283,2.1756,1.4929,1.4879,1.4804,1.4699,1.456,1.4379,1.4146,1.3851,1.3502,1.3139,1.2836,1.2603,1.2301,1.1599,0.9209,0.8195,1.1704,1.3733,1.4447,1.5852,1.6424,1.6742,1.6846,1.7379,1.8896,2.1297,2.1878,2.0306,1.9623,2.0391,2.2997,2.7015,2.9142,2.7624,2.4941,2.269,1.477,1.4712,1.4632,1.4527,1.4393,1.4226,1.4022,1.3784,1.3519,1.3248,1.2989,1.2717,1.232,1.1472,0.9625,0.9138,1.1844,1.415,1.6606,1.7559,1.6152,1.574,1.5941,1.691,1.8891,2.1703,2.2328,2.0334,1.9531,2.0253,2.3226,2.823,3.0777,2.8647,2.5447,2.2957,1.4643,1.4581,1.4501,1.4399,1.4275,1.4126,1.3953,1.3757,1.3547,1.3329,1.3105,1.2854,1.2518,1.201,1.1433,1.1544,1.2712,1.4228,1.5777,1.6254,1.5297,1.442,1.4433,1.574,1.7798,1.9573,2.0005,1.9534,1.8794,1.9183,2.153,2.5409,2.765,2.6593,2.4373,2.2412,1.4542,1.448,1.4402,1.4307,1.4195,1.4065,1.3918,1.3757,1.3586,1.3409,1.3225,1.3028,1.2806,1.2573,1.2444,1.2643,1.3243,1.4031,1.4678,1.4704,1.3721,1.1897,1.1477,1.381,1.6546,1.8655,1.9976,1.906,1.7175,1.7178,1.8978,2.1557,2.3327,2.3419,2.2493,2.1352,1.4463,1.4403,1.433,1.4243,1.4144,1.4031,1.3907,1.3774,1.3635,1.3494,1.3352,1.3212,1.3081,1.2988,1.2991,1.3161,1.3496,1.3881,1.41,1.3833,1.2583,1.0048,0.9287,1.2382,1.5443,1.7396,1.8125,1.667,1.4143,1.4784,1.6874,1.8921,2.0356,2.0893,2.072,2.0202,1.4402,1.4345,1.4278,1.42,1.4113,1.4016,1.3912,1.3803,1.3692,1.3582,1.3477,1.3382,1.331,1.3279,1.3317,1.3442,1.3635,1.382,1.3863,1.3562,1.2667,1.1291,1.1046,1.2841,1.4918,1.6256,1.6525,1.5349,1.372,1.4317,1.6025,1.7571,1.8673,1.9253,1.9378,1.9206]}]