docs/data/wind_grid.json
[{"header":{"la1":42.22,"la2":41.45,"lo1":11.9,"lo2":12.97,"nx":16,"ny":12,"dx":0.07133,"dy":0.07,"parameterCategory":2,"parameterNumber":2,"parameterNumberName":"eastward_wind","parameterUnit":"m.s-1"},"data":[2.4612,2.5707,2.7402,2.9356,2.9947,2.8385,2.6594,2.5722,2.5551,2.5723,2.6169,2.6915,2.7754,2.83,2.8348,2.8009,2.4129,2.5291,2.7744,3.203,3.4003,3.0012,2.6664,2.5649,2.5712,2.5936,2.6462,2.7708,2.9273,3.0135,2.9899,2.9071,2.3209,2.3809,2.5696,3.1414,3.5008,2.9358,2.5866,2.5502,2.6499,2.6466,2.6672,2.8827,3.2062,3.3362,3.2101,3.0257,2.2097,2.1643,2.083,2.2961,2.6761,2.5548,2.4594,2.5108,2.8435,2.701,2.6437,2.9966,3.6637,3.8209,3.4369,3.1091,2.125,2.0365,1.8668,1.9122,2.195,2.2677,2.4336,2.5307,2.3071,2.3991,2.5455,2.9433,3.7532,3.9398,3.4366,3.0775,2.0778,2.0171,1.9512,1.957,1.9742,1.9808,2.1943,2.2946,2.0114,2.1447,2.4926,2.7969,3.075,3.2828,3.1181,2.9145,2.0438,1.9974,1.9445,1.8695,1.7143,1.5158,1.5473,1.7324,1.8457,2.0469,2.5148,2.8738,2.7784,2.7954,2.7657,2.701,2.0115,1.9598,1.8859,1.7602,1.5234,1.1142,1.2711,1.4374,1.6212,1.9034,2.2956,2.5683,2.5482,2.491,2.4866,2.5034,1.9852,1.9287,1.848,1.726,1.5468,1.3618,1.3834,1.3141,1.1689,1.6849,2.0719,2.2796,2.2829,2.2168,2.2683,2.3505,1.9694,1.9147,1.8425,1.7487,1.6404,1.5535,1.5141,1.4291,1.41,1.691,1.9795,2.1497,2.1609,2.1062,2.1705,2.2651,1.9645,1.9162,1.8576,1.7902,1.722,1.6678,1.6329,1.6117,1.6506,1.7944,1.9717,2.1024,2.147,2.1426,2.1768,2.2372,1.9679,1.9276,1.8821,1.8341,1.7892,1.7548,1.7367,1.7415,1.7858,1.8765,1.9885,2.0841,2.1398,2.1656,2.193,2.2302]},{"header":{"la1":42.22,"la2":41.45,"lo1":11.9,"lo2":12.97,"nx":16,"ny":12,"dx":0.07133,"dy":0.07,"parameterCategory":2,"parameterNumber":3,"parameterNumberName":"northward_wind","parameterUnit":"m.s-1"},"data":[3.003,3.0323,3.0843,3.1475,3.1653,3.1068,3.0292,2.9707,2.9309,2.9002,2.8672,2.8245,2.7795,2.7498,2.7448,2.7586,2.9817,3.0096,3.0873,3.2332,3.3004,3.1648,3.0318,2.9555,2.9109,2.8845,2.8501,2.7851,2.7052,2.66,2.6695,2.7077,2.9429,2.9413,2.9947,3.2044,3.3337,3.1478,3.0064,2.9277,2.8707,2.8623,2.8393,2.7323,2.5679,2.4992,2.5614,2.6508,2.8989,2.8387,2.7596,2.8584,3.0578,3.0378,2.9703,2.9125,2.811,2.844,2.8502,2.6879,2.3358,2.2488,2.4491,2.6119,2.8783,2.7883,2.6366,2.6735,2.9257,2.9909,2.9491,2.9183,2.8987,2.9035,2.9093,2.7726,2.3034,2.1888,2.456,2.6311,2.8947,2.8366,2.7742,2.8261,2.9721,3.0307,2.991,2.9495,2.9167,2.9607,3.0296,3.0886,2.8013,2.583,2.6322,2.7131,2.9309,2.9136,2.9165,2.9737,3.0707,3.1474,3.1351,3.0697,3.0045,3.0151,3.1273,3.3071,3.0743,2.8648,2.8051,2.807,2.9658,2.9708,2.9946,3.0487,3.1364,3.262,3.2082,3.1523,3.0975,3.0662,3.0912,3.1309,3.0398,2.9375,2.8906,2.8716,2.9912,3.0044,3.0306,3.0737,3.1324,3.1876,3.1753,3.169,3.1922,3.105,3.0635,3.0332,2.9683,2.9209,2.9116,2.9025,3.0072,3.0216,3.0439,3.074,3.1075,3.1318,3.1372,3.1467,3.1483,3.0989,3.049,2.9982,2.9322,2.899,2.9102,2.9143,3.016,3.0289,3.0462,3.0666,3.0867,3.1013,3.1082,3.1105,3.102,3.074,3.0355,2.9902,2.9419,2.9165,2.919,2.9229,3.02,3.0308,3.0437,3.0577,3.0706,3.08,3.0843,3.0828,3.0732,3.0533,3.0253,2.9925,2.961,2.9411,2.9349,2.9333]}]