docs/data/wind_grid.json
[{"header":{"la1":42.85,"la2":41.18,"lo1":11.55,"lo2":14.05,"nx":36,"ny":24,"dx":0.07143,"dy":0.07261,"parameterCategory":2,"parameterNumber":2,"parameterNumberName":"eastward_wind","parameterUnit":"m.s-1"},"data":[2.8059,2.8203,2.8365,2.8537,2.8704,2.8838,2.8899,2.8846,2.8648,2.83,2.7828,2.7275,2.6688,2.6105,2.5552,2.5049,2.4611,2.425,2.3979,2.3802,2.3709,2.3686,2.3709,2.3759,2.3822,2.389,2.3957,2.4023,2.4087,2.4148,2.4209,2.4268,2.4325,2.4382,2.4437,2.4492,2.814,2.8325,2.8549,2.8806,2.9082,2.934,2.952,2.9541,2.9341,2.8903,2.8277,2.7547,2.6789,2.6054,2.5372,2.4759,2.423,2.3801,2.3493,2.3316,2.3259,2.329,2.3373,2.3476,2.3582,2.3683,2.3775,2.386,2.394,2.4015,2.4087,2.4157,2.4224,2.429,2.4354,2.4415,2.8186,2.8414,2.8707,2.9073,2.9505,2.9965,3.0361,3.0545,3.0364,2.9778,2.8897,2.7893,2.6895,2.5965,2.5125,2.438,2.3734,2.321,2.2849,2.2683,2.2694,2.2821,2.2995,2.3171,2.3331,2.3468,2.3587,2.3692,2.3788,2.3877,2.3961,2.4042,2.412,2.4196,2.4268,2.4338,2.8179,2.844,2.8802,2.9294,2.9935,3.0712,3.1513,3.2053,3.1955,3.1089,2.9743,2.8304,2.6976,2.5808,2.4788,2.3892,2.3101,2.2433,2.1978,2.1838,2.1985,2.2277,2.2587,2.2858,2.3077,2.3252,2.3396,2.3519,2.3629,2.3732,2.3829,2.3923,2.4013,2.4099,2.4181,2.4259,2.8095,2.8368,2.878,2.9393,3.028,3.1509,3.3033,3.4389,3.4558,3.3072,3.0824,2.8714,2.6969,2.5531,2.4323,2.3283,2.2334,2.1446,2.0796,2.0705,2.1122,2.1689,2.2184,2.2559,2.2834,2.304,2.3202,2.3339,2.3462,2.3579,2.3691,2.3798,2.3902,2.4,2.4093,2.4181,2.7912,2.8156,2.857,2.9255,3.0355,3.2087,3.4695,3.7774,3.8717,3.5767,3.189,2.8931,2.6767,2.5059,2.3664,2.2526,2.1501,2.0362,1.933,1.9322,2.0225,2.1165,2.1847,2.2304,2.2612,2.2831,2.3,2.3145,2.3281,2.3413,2.3542,2.3667,2.3787,2.3899,2.4005,2.4103,2.7615,2.7764,2.8095,2.8749,2.992,3.1923,3.5349,4.0479,4.2728,3.7544,3.2098,2.8676,2.6277,2.4288,2.2635,2.1469,2.0667,1.9653,1.8343,1.8411,1.9736,2.0896,2.1647,2.2114,2.2411,2.2615,2.2776,2.2925,2.3075,2.3228,2.3381,2.3529,2.3668,2.3797,2.3916,2.4026,2.7202,2.7163,2.7278,2.7752,2.882,3.0661,3.3544,3.7545,3.9095,3.4935,3.0732,2.7926,2.5566,2.3116,2.0798,1.9522,1.9464,1.9487,1.8971,1.9067,2.0036,2.0959,2.1586,2.1971,2.2204,2.2362,2.2503,2.2657,2.283,2.3016,2.3203,2.3382,2.3546,2.3695,2.383,2.3951,2.671,2.6362,2.6046,2.6112,2.7039,2.8748,3.0601,3.2005,3.1982,3.0465,2.8838,2.7201,2.501,2.1606,1.7133,1.5098,1.6977,1.8856,1.9578,1.9973,2.0544,2.1134,2.1568,2.1816,2.1936,2.2015,2.2127,2.2301,2.2525,2.2769,2.3008,2.3228,2.3424,2.3596,2.3747,2.388,2.624,2.5483,2.4427,2.3586,2.4459,2.6918,2.8718,2.9054,2.8065,2.7359,2.7581,2.7089,2.533,2.0915,1.0643,0.548,1.3598,1.7888,1.9305,2.0035,2.0663,2.1181,2.149,2.157,2.1511,2.1468,2.1562,2.1806,2.2135,2.2481,2.2799,2.3075,2.3308,2.3504,2.367,2.3813,2.5962,2.4888,2.3061,2.0772,2.1481,2.583,2.8424,2.8567,2.5991,2.4625,2.7112,2.7773,2.7116,2.4336,1.3412,0.562,1.4516,1.7502,1.8254,1.9305,2.0385,2.1088,2.133,2.1158,2.0774,2.0527,2.0658,2.1101,2.165,2.2164,2.2593,2.2935,2.3206,2.3423,2.3601,2.3753,2.602,2.5006,2.3307,2.1236,2.2113,2.66,2.9586,3.054,2.8246,2.6476,2.8112,2.9083,2.9561,3.0475,2.7102,2.0983,1.8604,1.5413,1.4824,1.7696,1.9961,2.1029,2.1159,2.0514,1.945,1.8826,1.9201,2.0147,2.1102,2.1862,2.2421,2.2828,2.3129,2.3359,2.3543,2.3698,2.6378,2.5742,2.4919,2.4424,2.5576,2.8232,3.0651,3.2852,3.0813,2.9377,2.966,3.0793,3.1113,3.1955,3.0498,2.5608,1.9776,0.8804,0.8568,1.6392,2.0034,2.1283,2.1139,1.9695,1.7255,1.5925,1.7128,1.9102,2.0642,2.1665,2.2332,2.2776,2.3084,2.3312,2.3493,2.3647,2.6852,2.6591,2.641,2.661,2.7524,2.8966,3.0325,3.0923,3.0627,3.0116,3.0494,3.2334,3.2814,3.0833,2.9381,2.6182,2.203,1.4767,1.3519,1.8545,2.1243,2.2034,2.1518,1.9331,1.5255,1.3035,1.5544,1.8597,2.0545,2.1684,2.2365,2.2789,2.307,2.3276,2.3443,2.3593,2.7285,2.7252,2.734,2.7669,2.8298,2.9105,2.9827,3.0215,3.0254,3.0371,3.0753,3.1078,3.0723,2.9957,2.8932,2.5527,2.3236,2.2253,2.1275,2.2187,2.295,2.3045,2.2397,2.0376,1.6826,1.4823,1.6792,1.9351,2.1003,2.196,2.2518,2.2851,2.3067,2.3231,2.338,2.3527,2.7618,2.7692,2.7862,2.8166,2.8602,2.9099,2.9546,2.9872,3.0162,3.0693,3.1595,3.1142,3.0696,2.9952,2.8804,2.6215,2.4294,2.4837,2.4862,2.4389,2.3513,2.3542,2.338,2.2175,2.0352,1.9287,1.9819,2.0926,2.1813,2.2386,2.2723,2.291,2.3028,2.3143,2.328,2.3437,2.7851,2.7967,2.8148,2.8405,2.8726,2.9074,2.9409,2.9725,3.0094,3.0665,3.1408,3.1046,3.0742,3.0594,2.946,2.8203,2.7336,2.7627,2.7883,2.6237,2.3737,2.392,2.4266,2.3635,2.2694,2.2085,2.202,2.2264,2.2563,2.2782,2.2878,2.2883,2.2886,2.2965,2.3122,2.3318,2.8005,2.8132,2.8303,2.8518,2.8769,2.9038,2.9312,2.9594,2.991,3.027,3.0544,3.0552,3.0679,3.0707,3.0488,3.0263,2.9489,3.0174,3.1453,2.9135,2.6777,2.5825,2.5421,2.4704,2.3804,2.3096,2.2842,2.2918,2.3027,2.3036,2.2908,2.2692,2.2567,2.2665,2.2908,2.3181,2.8101,2.8226,2.838,2.8562,2.8767,2.8986,2.9212,2.9445,2.9687,2.9919,3.0095,3.0208,3.0364,3.0753,3.241,3.3143,3.0881,3.0775,3.1482,3.1165,2.9372,2.7778,2.6703,2.5572,2.4171,2.2764,2.245,2.3033,2.3265,2.3164,2.2833,2.2357,2.2111,2.2314,2.2702,2.3072,2.8156,2.8273,2.841,2.8566,2.8737,2.8918,2.9104,2.9293,2.9479,2.9653,2.9804,2.9953,3.0188,3.0773,3.2146,3.256,3.1113,3.1028,3.2834,3.3729,3.1007,2.9277,2.8089,2.6598,2.4695,2.2767,2.2381,2.3338,2.347,2.3226,2.28,2.221,2.1915,2.2187,2.2644,2.3053,2.8182,2.8289,2.841,2.8544,2.8689,2.8839,2.8993,2.9147,2.9297,2.9439,2.9575,2.9728,2.9954,3.0343,3.0849,3.0963,3.0669,3.0891,3.1935,3.2286,3.1303,3.0896,3.0262,2.8319,2.5944,2.4468,2.4463,2.4219,2.3571,2.3112,2.2827,2.2484,2.2279,2.2449,2.2801,2.3153,2.8186,2.8283,2.839,2.8506,2.8629,2.8755,2.8883,2.901,2.9134,2.9253,2.9373,2.9507,2.9677,2.9895,3.0104,3.0192,3.0222,3.0445,3.0892,3.1276,3.2022,3.4012,3.4423,3.0999,2.7331,2.5307,2.5034,2.4407,2.2845,2.2393,2.2599,2.2715,2.273,2.2846,2.3074,2.3336,2.8175,2.8263,2.8357,2.8457,2.8562,2.8669,2.8776,2.8882,2.8985,2.9085,2.9187,2.9294,2.9415,2.9546,2.9665,2.9756,2.986,3.0068,3.0441,3.1142,3.29,3.6436,3.7497,3.2923,2.8403,2.5815,2.461,2.2941,2.0601,2.1003,2.2108,2.272,2.2989,2.3162,2.3345,2.3544,2.8154,2.8232,2.8315,2.8402,2.8491,2.8582,2.8672,2.8761,2.8847,2.8931,2.9014,2.9098,2.9186,2.9275,2.9361,2.9448,2.9567,2.9771,3.0144,3.0881,3.2362,3.4474,3.4819,3.198,2.8602,2.6157,2.436,2.2225,2.0298,2.0789,2.2008,2.2777,2.3174,2.3405,2.3584,2.3751]},{"header":{"la1":42.85,"la2":41.18,"lo1":11.55,"lo2":14.05,"nx":36,"ny":24,"dx":0.07143,"dy":0.07261,"parameterCategory":2,"parameterNumber":3,"parameterNumberName":"northward_wind","parameterUnit":"m.s-1"},"data":[0.4509,0.4807,0.5134,0.5481,0.5826,0.6135,0.6361,0.6452,0.637,0.6114,0.5715,0.5223,0.4685,0.4133,0.3582,0.3044,0.2526,0.2042,0.1605,0.1223,0.0893,0.0605,0.0347,0.011,-0.0111,-0.0316,-0.0504,-0.0675,-0.0828,-0.0962,-0.1078,-0.1176,-0.1259,-0.1328,-0.1385,-0.143,0.4642,0.5,0.5413,0.5875,0.6367,0.6845,0.7231,0.743,0.7363,0.702,0.6469,0.5808,0.5118,0.4439,0.3778,0.3136,0.2518,0.1945,0.1442,0.1026,0.0687,0.0405,0.0153,-0.0082,-0.0305,-0.0515,-0.0709,-0.0884,-0.1038,-0.1171,-0.1284,-0.1377,-0.1454,-0.1515,-0.1564,-0.1601,0.4731,0.5149,0.5657,0.6264,0.6962,0.7704,0.8375,0.8787,0.8758,0.8254,0.7432,0.6502,0.5603,0.4771,0.3986,0.3219,0.2466,0.1761,0.1165,0.0717,0.0396,0.0146,-0.0082,-0.0307,-0.0531,-0.0746,-0.0946,-0.1125,-0.1279,-0.1409,-0.1515,-0.1601,-0.1668,-0.172,-0.1758,-0.1785,0.4752,0.5221,0.5822,0.6593,0.7564,0.8715,0.9905,1.0771,1.0847,1.0008,0.8661,0.7294,0.612,0.5129,0.4224,0.3312,0.2363,0.1439,0.0692,0.0227,-0.0014,-0.0178,-0.0355,-0.0564,-0.079,-0.1014,-0.1222,-0.1404,-0.1557,-0.168,-0.1777,-0.1851,-0.1905,-0.1943,-0.1969,-0.1983,0.4681,0.5174,0.5843,0.677,0.8053,0.9784,1.1897,1.3788,1.4173,1.2553,1.0149,0.8097,0.6616,0.5513,0.4536,0.3479,0.224,0.0914,-0.0129,-0.0558,-0.057,-0.0556,-0.0657,-0.0852,-0.1089,-0.1329,-0.1548,-0.1733,-0.188,-0.1992,-0.2073,-0.2129,-0.2165,-0.2187,-0.2196,-0.2195,0.4495,0.4964,0.5642,0.6656,0.82,1.0565,1.4059,1.812,1.9416,1.5922,1.1574,0.8684,0.7008,0.595,0.5032,0.388,0.2254,0.0218,-0.144,-0.1694,-0.1202,-0.0926,-0.0964,-0.1173,-0.1441,-0.1708,-0.194,-0.2125,-0.2259,-0.235,-0.2407,-0.2438,-0.245,-0.245,-0.244,-0.2422,0.4181,0.4557,0.5144,0.611,0.7713,1.0389,1.4914,2.1571,2.4444,1.812,1.1925,0.8718,0.7233,0.6519,0.5915,0.4825,0.2836,-0.0031,-0.2537,-0.2546,-0.1565,-0.1184,-0.1268,-0.1546,-0.1874,-0.2179,-0.2425,-0.26,-0.2709,-0.2765,-0.2783,-0.2779,-0.276,-0.2732,-0.2699,-0.2661,0.3748,0.3941,0.4299,0.5035,0.6442,0.8822,1.2604,1.7841,1.9905,1.4943,1.0345,0.8113,0.734,0.7384,0.7576,0.6847,0.455,0.13,-0.1324,-0.1762,-0.1364,-0.134,-0.162,-0.2021,-0.2434,-0.2787,-0.3042,-0.3189,-0.3247,-0.3243,-0.3205,-0.3151,-0.3092,-0.3033,-0.2973,-0.2913,0.3236,0.3147,0.3089,0.3374,0.4489,0.6487,0.8839,1.084,1.114,0.9574,0.8024,0.7257,0.7418,0.8673,1.0795,1.1056,0.755,0.3382,0.0595,-0.0662,-0.1198,-0.1635,-0.213,-0.2672,-0.3192,-0.3604,-0.385,-0.3931,-0.3893,-0.3791,-0.3669,-0.355,-0.3443,-0.3347,-0.326,-0.3178,0.2736,0.2303,0.1603,0.1035,0.1932,0.4362,0.6385,0.7212,0.6912,0.646,0.6384,0.6516,0.7362,0.9808,1.6166,1.9373,1.0815,0.4124,0.0649,-0.0946,-0.1716,-0.2273,-0.2875,-0.3567,-0.4249,-0.4748,-0.4948,-0.4881,-0.4663,-0.4404,-0.4164,-0.3964,-0.3804,-0.3673,-0.356,-0.3455,0.2383,0.1706,0.0398,-0.1374,-0.0749,0.312,0.572,0.6419,0.565,0.5224,0.5552,0.5941,0.7079,0.9212,1.5128,1.9434,0.9166,0.1592,-0.1886,-0.2769,-0.2928,-0.3213,-0.3831,-0.4763,-0.5773,-0.6436,-0.6495,-0.61,-0.5555,-0.5056,-0.4664,-0.4377,-0.4167,-0.4007,-0.3871,-0.3746,0.2271,0.1651,0.0486,-0.1041,-0.0287,0.3609,0.6577,0.7843,0.6432,0.5376,0.5066,0.5346,0.6963,0.9521,0.9148,0.7866,0.2271,-0.5493,-0.7874,-0.5825,-0.444,-0.4211,-0.4865,-0.6284,-0.8051,-0.9076,-0.8713,-0.7601,-0.6502,-0.5679,-0.5125,-0.4764,-0.4525,-0.4349,-0.4201,-0.4059,0.2348,0.2011,0.1534,0.1288,0.2328,0.4759,0.7401,1.0463,0.7456,0.5285,0.4234,0.4405,0.571,0.9757,0.8117,0.3617,-0.2956,-1.518,-1.5604,-0.8339,-0.5487,-0.4939,-0.5737,-0.7965,-1.1319,-1.3113,-1.1604,-0.9145,-0.7298,-0.6154,-0.5489,-0.5108,-0.4879,-0.4715,-0.4564,-0.4405,0.2468,0.2385,0.2366,0.2636,0.3483,0.4877,0.6413,0.7158,0.6298,0.3996,0.2769,0.3688,0.414,0.3334,0.3395,-0.0076,-0.4881,-1.0804,-1.1724,-0.7502,-0.5547,-0.5236,-0.6122,-0.893,-1.4076,-1.6877,-1.3719,-0.9924,-0.7592,-0.6345,-0.5717,-0.5415,-0.5259,-0.5136,-0.4989,-0.4804,0.2523,0.2566,0.2695,0.2997,0.353,0.4223,0.4837,0.4888,0.369,0.1408,-0.0237,0.0183,0.061,-0.1743,0.0178,-0.4616,-0.9792,-0.691,-0.635,-0.5595,-0.5368,-0.5395,-0.5914,-0.8088,-1.2259,-1.4672,-1.2215,-0.9068,-0.7154,-0.6212,-0.5836,-0.5747,-0.574,-0.5683,-0.5526,-0.5285,0.2487,0.2558,0.2683,0.288,0.3135,0.3359,0.3364,0.2825,0.1325,-0.1527,-0.5743,-0.3687,-0.198,-0.073,-0.1059,-0.4484,-0.7843,-0.5363,-0.4362,-0.483,-0.6278,-0.6024,-0.55,-0.635,-0.8132,-0.9191,-0.8422,-0.7087,-0.6211,-0.5889,-0.5969,-0.6241,-0.6464,-0.6468,-0.6242,-0.5875,0.2376,0.243,0.2501,0.2582,0.2636,0.2584,0.229,0.156,0.0153,-0.2223,-0.5245,-0.3607,-0.1607,-0.1056,-0.1171,-0.2256,-0.3243,-0.2956,-0.2741,-0.3914,-0.6326,-0.5921,-0.4897,-0.4902,-0.5295,-0.5441,-0.5261,-0.5117,-0.5204,-0.5592,-0.6295,-0.7124,-0.7664,-0.7647,-0.7196,-0.6576,0.222,0.2241,0.2255,0.2246,0.2178,0.1993,0.1612,0.0946,-0.0064,-0.1324,-0.2231,-0.1932,-0.123,-0.1028,-0.0896,-0.1105,-0.1588,-0.1542,-0.1239,-0.2116,-0.3548,-0.4041,-0.388,-0.377,-0.3531,-0.3029,-0.2917,-0.3527,-0.4379,-0.5445,-0.6942,-0.8647,-0.9609,-0.932,-0.8351,-0.7313,0.2045,0.2033,0.2002,0.1935,0.1805,0.1577,0.1213,0.0688,0.0025,-0.065,-0.1088,-0.1129,-0.0968,-0.0771,-0.0347,-0.0191,-0.0878,-0.1044,-0.0852,-0.0556,-0.1612,-0.2572,-0.2967,-0.297,-0.2431,-0.1177,-0.091,-0.2411,-0.3837,-0.5381,-0.7715,-1.0642,-1.2075,-1.1119,-0.9385,-0.7881,0.1866,0.183,0.1768,0.1669,0.1515,0.1288,0.0975,0.0576,0.0128,-0.0294,-0.059,-0.0715,-0.071,-0.0606,-0.0355,-0.0295,-0.0654,-0.0533,0.08,0.1492,-0.057,-0.1897,-0.2497,-0.2625,-0.2202,-0.0927,-0.0631,-0.2466,-0.3698,-0.5166,-0.7783,-1.1413,-1.3112,-1.1751,-0.9672,-0.8008,0.1696,0.1641,0.1562,0.1449,0.1292,0.1083,0.082,0.0513,0.0188,-0.0113,-0.0346,-0.0493,-0.0562,-0.0571,-0.0545,-0.058,-0.0664,-0.0486,0.0179,0.0311,-0.0892,-0.1983,-0.2505,-0.2667,-0.2667,-0.2805,-0.3712,-0.3727,-0.3765,-0.4611,-0.6607,-0.9473,-1.105,-1.0377,-0.8911,-0.7587,0.1537,0.1472,0.1383,0.1266,0.1116,0.0929,0.0709,0.0463,0.021,-0.0026,-0.0225,-0.0377,-0.0485,-0.0559,-0.0619,-0.0689,-0.075,-0.0732,-0.0672,-0.0922,-0.1722,-0.2628,-0.2934,-0.2868,-0.3026,-0.3699,-0.4748,-0.4179,-0.3422,-0.3698,-0.4985,-0.6825,-0.81,-0.82,-0.7589,-0.681,0.1393,0.1321,0.1229,0.1114,0.0973,0.0807,0.0618,0.0414,0.0207,0.0008,-0.0169,-0.0321,-0.0447,-0.0555,-0.0654,-0.0755,-0.0858,-0.0964,-0.1136,-0.1519,-0.2234,-0.3083,-0.3272,-0.2991,-0.306,-0.3465,-0.3792,-0.3266,-0.2381,-0.268,-0.3773,-0.5061,-0.6043,-0.643,-0.6323,-0.5966,0.1262,0.1187,0.1095,0.0984,0.0854,0.0705,0.054,0.0365,0.0186,0.0013,-0.015,-0.0299,-0.0434,-0.0559,-0.0682,-0.0809,-0.0949,-0.1119,-0.136,-0.1735,-0.2271,-0.2811,-0.2987,-0.2899,-0.2953,-0.3135,-0.3178,-0.2782,-0.2232,-0.248,-0.3289,-0.4171,-0.4874,-0.5265,-0.5351,-0.5228]}]