docs/data/wind_grid.json
{"header": {"la1":42.1,"la2":41.55,"lo1":12.1,"lo2":12.95,"nx":50,"ny":50,"dx":0.01735,"dy":0.01122,"parameterCategory":2,"parameterNumber":3,"parameterNumberName":"northward_wind","parameterUnit":"m.s-1"}, "data":
[rows 0 to 40 of 50, columns 0 to 49 of 50]
-0.4011,-0.3962,-0.3905,-0.3841,-0.3769,-0.3688,-0.3599,-0.3502,-0.3396,-0.3283,-0.3162,-0.3036,-0.2906,-0.2773,-0.2639,-0.2507,-0.238,-0.2259,-0.2147,-0.2046,-0.1957,-0.1883,-0.1822,-0.1775,-0.1743,-0.1724,-0.1718,-0.1727,-0.1749,-0.1786,-0.1839,-0.1909,-0.1994,-0.2094,-0.2206,-0.2325,-0.2445,-0.2559,-0.266,-0.2743,-0.2804,-0.2841,-0.2856,-0.2851,-0.2831,-0.2799,-0.2759,-0.2714,-0.2668,-0.2623
-0.4064,-0.4015,-0.3959,-0.3894,-0.3821,-0.3738,-0.3647,-0.3545,-0.3435,-0.3316,-0.3189,-0.3055,-0.2917,-0.2774,-0.2631,-0.249,-0.2352,-0.2222,-0.2102,-0.1995,-0.1901,-0.1822,-0.1759,-0.1712,-0.168,-0.1662,-0.1658,-0.1669,-0.1695,-0.1736,-0.1795,-0.1872,-0.1968,-0.208,-0.2207,-0.2343,-0.248,-0.261,-0.2724,-0.2816,-0.2882,-0.2919,-0.2931,-0.292,-0.2891,-0.285,-0.2802,-0.2749,-0.2695,-0.2643
-0.412,-0.4072,-0.4016,-0.3951,-0.3877,-0.3793,-0.3698,-0.3594,-0.3479,-0.3354,-0.322,-0.3078,-0.293,-0.2778,-0.2624,-0.2471,-0.2323,-0.2183,-0.2054,-0.1939,-0.1839,-0.1756,-0.1691,-0.1643,-0.1612,-0.1596,-0.1594,-0.1607,-0.1636,-0.1682,-0.1746,-0.1831,-0.1938,-0.2064,-0.2208,-0.2362,-0.2519,-0.2667,-0.2797,-0.2899,-0.297,-0.3007,-0.3014,-0.2995,-0.2957,-0.2905,-0.2846,-0.2784,-0.2722,-0.2663
-0.418,-0.4133,-0.4078,-0.4013,-0.3938,-0.3852,-0.3755,-0.3647,-0.3527,-0.3396,-0.3254,-0.3104,-0.2946,-0.2783,-0.2617,-0.2452,-0.2292,-0.2141,-0.2002,-0.1877,-0.1771,-0.1685,-0.1617,-0.1569,-0.1539,-0.1525,-0.1526,-0.1542,-0.1574,-0.1623,-0.1693,-0.1786,-0.1903,-0.2045,-0.2207,-0.2383,-0.2562,-0.2731,-0.2878,-0.2992,-0.3068,-0.3104,-0.3104,-0.3075,-0.3025,-0.2962,-0.2892,-0.2819,-0.2748,-0.2682
-0.4243,-0.4198,-0.4143,-0.4079,-0.4003,-0.3916,-0.3817,-0.3705,-0.3581,-0.3443,-0.3294,-0.3134,-0.2965,-0.279,-0.2611,-0.2433,-0.226,-0.2095,-0.1944,-0.181,-0.1697,-0.1606,-0.1537,-0.1489,-0.1461,-0.1449,-0.1453,-0.1472,-0.1507,-0.156,-0.1635,-0.1735,-0.1864,-0.2021,-0.2203,-0.2403,-0.2608,-0.2802,-0.2969,-0.3096,-0.3176,-0.321,-0.3202,-0.3161,-0.3097,-0.302,-0.2937,-0.2854,-0.2773,-0.2699
-0.431,-0.4266,-0.4213,-0.4149,-0.4074,-0.3986,-0.3885,-0.377,-0.364,-0.3497,-0.3339,-0.3169,-0.2989,-0.2801,-0.2608,-0.2414,-0.2225,-0.2046,-0.1881,-0.1737,-0.1615,-0.1519,-0.1449,-0.1402,-0.1377,-0.1369,-0.1376,-0.1398,-0.1435,-0.1491,-0.157,-0.1677,-0.1817,-0.1991,-0.2195,-0.2422,-0.2656,-0.2878,-0.3067,-0.3209,-0.3295,-0.3324,-0.3306,-0.325,-0.3171,-0.3078,-0.2981,-0.2886,-0.2796,-0.2713
-0.438,-0.4339,-0.4288,-0.4225,-0.415,-0.4062,-0.3959,-0.3841,-0.3707,-0.3557,-0.3391,-0.3211,-0.3018,-0.2815,-0.2606,-0.2395,-0.2189,-0.1993,-0.1813,-0.1656,-0.1525,-0.1424,-0.1353,-0.1308,-0.1287,-0.1283,-0.1295,-0.132,-0.1359,-0.1416,-0.1498,-0.1611,-0.1762,-0.1952,-0.218,-0.2436,-0.2703,-0.2957,-0.3173,-0.3331,-0.3421,-0.3445,-0.3413,-0.3341,-0.3244,-0.3135,-0.3023,-0.2915,-0.2815,-0.2724
-0.4455,-0.4416,-0.4367,-0.4307,-0.4233,-0.4145,-0.404,-0.392,-0.3781,-0.3624,-0.345,-0.3259,-0.3052,-0.2834,-0.2607,-0.2378,-0.2151,-0.1936,-0.1738,-0.1566,-0.1425,-0.1319,-0.1247,-0.1206,-0.119,-0.1193,-0.121,-0.1238,-0.1278,-0.1336,-0.1419,-0.1536,-0.1695,-0.1901,-0.2154,-0.2443,-0.2747,-0.3037,-0.3283,-0.3459,-0.3553,-0.357,-0.3522,-0.3431,-0.3314,-0.3186,-0.3059,-0.2939,-0.2829,-0.2731
-0.4533,-0.4498,-0.4452,-0.4394,-0.4322,-0.4234,-0.4129,-0.4006,-0.3864,-0.3701,-0.3517,-0.3315,-0.3094,-0.2859,-0.2613,-0.2362,-0.2113,-0.1875,-0.1656,-0.1467,-0.1314,-0.1202,-0.113,-0.1095,-0.1087,-0.1098,-0.1121,-0.1152,-0.1193,-0.125,-0.1331,-0.1449,-0.1615,-0.1836,-0.2113,-0.2436,-0.2781,-0.3113,-0.3392,-0.3587,-0.3686,-0.3693,-0.3628,-0.3515,-0.3377,-0.3231,-0.3089,-0.2956,-0.2837,-0.2732
-0.4615,-0.4584,-0.4542,-0.4487,-0.4418,-0.4331,-0.4227,-0.4102,-0.3956,-0.3787,-0.3595,-0.338,-0.3145,-0.2891,-0.2624,-0.2349,-0.2075,-0.1811,-0.1568,-0.1357,-0.119,-0.1071,-0.1001,-0.0974,-0.0977,-0.0999,-0.103,-0.1065,-0.1105,-0.1157,-0.1234,-0.135,-0.1518,-0.1752,-0.2053,-0.2411,-0.2799,-0.3176,-0.3492,-0.371,-0.3812,-0.3809,-0.3724,-0.3589,-0.343,-0.3266,-0.3109,-0.2965,-0.2838,-0.2727
-0.4702,-0.4676,-0.4638,-0.4587,-0.4521,-0.4437,-0.4333,-0.4208,-0.4058,-0.3884,-0.3683,-0.3457,-0.3206,-0.2933,-0.2642,-0.2341,-0.2038,-0.1744,-0.1472,-0.1236,-0.1051,-0.0925,-0.0858,-0.0842,-0.0861,-0.0897,-0.0938,-0.0976,-0.1013,-0.1058,-0.1126,-0.1235,-0.1402,-0.1644,-0.1965,-0.2358,-0.2793,-0.3218,-0.3575,-0.3816,-0.3923,-0.3909,-0.3804,-0.3647,-0.3468,-0.3287,-0.3117,-0.2964,-0.283,-0.2715
-0.4792,-0.4772,-0.4739,-0.4693,-0.4631,-0.4551,-0.4449,-0.4324,-0.4173,-0.3993,-0.3784,-0.3546,-0.3279,-0.2986,-0.2671,-0.234,-0.2005,-0.1676,-0.1369,-0.1104,-0.0896,-0.0761,-0.07,-0.07,-0.0739,-0.0793,-0.0845,-0.0887,-0.0919,-0.0954,-0.1007,-0.1103,-0.1263,-0.1506,-0.1845,-0.227,-0.2749,-0.3225,-0.3626,-0.3893,-0.4006,-0.3981,-0.3859,-0.3682,-0.3485,-0.329,-0.311,-0.2951,-0.2812,-0.2695
-0.4887,-0.4873,-0.4847,-0.4807,-0.475,-0.4674,-0.4576,-0.4452,-0.4299,-0.4116,-0.39,-0.365,-0.3367,-0.3052,-0.2711,-0.2349,-0.1978,-0.1609,-0.1262,-0.0959,-0.0723,-0.0577,-0.0523,-0.0545,-0.0612,-0.069,-0.0756,-0.08,-0.0824,-0.0843,-0.0876,-0.0951,-0.1096,-0.1335,-0.1682,-0.2134,-0.2657,-0.3183,-0.3628,-0.3924,-0.4046,-0.4014,-0.3878,-0.3686,-0.3476,-0.3273,-0.3087,-0.2923,-0.2784,-0.2666
-0.4986,-0.4978,-0.496,-0.4927,-0.4877,-0.4807,-0.4713,-0.4592,-0.444,-0.4254,-0.4032,-0.3771,-0.3472,-0.3136,-0.2767,-0.2372,-0.1961,-0.1548,-0.1153,-0.0803,-0.0531,-0.0369,-0.0327,-0.038,-0.0482,-0.059,-0.0671,-0.0717,-0.073,-0.0726,-0.0732,-0.0778,-0.0899,-0.1123,-0.1471,-0.1942,-0.2501,-0.3074,-0.3564,-0.3891,-0.4026,-0.3994,-0.3852,-0.3653,-0.3438,-0.3231,-0.3044,-0.2882,-0.2744,-0.2628
-0.5088,-0.5089,-0.5079,-0.5054,-0.5013,-0.495,-0.4863,-0.4746,-0.4596,-0.4409,-0.4182,-0.3911,-0.3597,-0.3239,-0.2842,-0.2412,-0.1959,-0.1497,-0.1047,-0.064,-0.0321,-0.0137,-0.0109,-0.0205,-0.0355,-0.0497,-0.0596,-0.064,-0.0636,-0.0604,-0.0573,-0.0581,-0.0667,-0.0865,-0.1203,-0.1682,-0.2268,-0.2883,-0.3416,-0.3777,-0.3932,-0.391,-0.3772,-0.3577,-0.3365,-0.3163,-0.2981,-0.2824,-0.2691,-0.2581
-0.5194,-0.5204,-0.5203,-0.5189,-0.5157,-0.5104,-0.5024,-0.4914,-0.4769,-0.4582,-0.4351,-0.4072,-0.3744,-0.3366,-0.2941,-0.2476,-0.1979,-0.1466,-0.0955,-0.0479,-0.0096,0.012,0.0128,-0.0026,-0.0236,-0.0418,-0.0534,-0.0572,-0.0545,-0.0475,-0.0398,-0.0357,-0.0396,-0.0558,-0.0873,-0.1347,-0.195,-0.2596,-0.3169,-0.3567,-0.3751,-0.3753,-0.3633,-0.3454,-0.3257,-0.3068,-0.2898,-0.2751,-0.2627,-0.2524
-0.5303,-0.5323,-0.5333,-0.533,-0.531,-0.5268,-0.5199,-0.5097,-0.4958,-0.4775,-0.4543,-0.4258,-0.3917,-0.352,-0.3069,-0.2569,-0.2029,-0.1464,-0.089,-0.0335,0.0133,0.0398,0.0377,0.0146,-0.0137,-0.0362,-0.0489,-0.0515,-0.0456,-0.034,-0.0206,-0.0104,-0.0085,-0.0197,-0.0476,-0.0934,-0.1541,-0.2209,-0.2817,-0.3256,-0.3481,-0.352,-0.3435,-0.3285,-0.3114,-0.2946,-0.2794,-0.2662,-0.2551,-0.2459
-0.5416,-0.5447,-0.5469,-0.5478,-0.5471,-0.5442,-0.5386,-0.5296,-0.5166,-0.4988,-0.4758,-0.4469,-0.4118,-0.3705,-0.3229,-0.2696,-0.2117,-0.1504,-0.0871,-0.0236,0.0337,0.0676,0.062,0.0286,-0.0077,-0.0338,-0.0467,-0.0471,-0.0371,-0.0196,0.0006,0.0182,0.0271,0.0219,-0.0015,-0.0445,-0.1044,-0.1727,-0.2367,-0.2849,-0.3125,-0.3217,-0.318,-0.3073,-0.2938,-0.2801,-0.2673,-0.256,-0.2465,-0.2386
-0.553,-0.5573,-0.5609,-0.5633,-0.5641,-0.5627,-0.5586,-0.5511,-0.5392,-0.5223,-0.4997,-0.4708,-0.4351,-0.3923,-0.3427,-0.2865,-0.225,-0.1597,-0.092,-0.0221,0.0462,0.0903,0.0806,0.0353,-0.0079,-0.0355,-0.047,-0.0441,-0.0287,-0.0044,0.024,0.0501,0.0671,0.0689,0.0508,0.0111,-0.0475,-0.1166,-0.1834,-0.2364,-0.27,-0.2855,-0.2879,-0.2826,-0.2736,-0.2634,-0.2536,-0.2447,-0.237,-0.2306
-0.5646,-0.5703,-0.5753,-0.5793,-0.5818,-0.5823,-0.58,-0.5742,-0.5638,-0.5481,-0.5262,-0.4975,-0.4615,-0.4178,-0.3665,-0.3079,-0.2433,-0.1752,-0.1056,-0.0338,0.041,0.0958,0.0826,0.0282,-0.0167,-0.0421,-0.05,-0.0422,-0.0206,0.0117,0.0494,0.0852,0.1112,0.1205,0.108,0.0717,0.0144,-0.0553,-0.125,-0.1828,-0.2228,-0.2453,-0.2545,-0.2552,-0.2512,-0.2452,-0.2386,-0.2324,-0.2268,-0.222
-0.5764,-0.5834,-0.59,-0.5957,-0.6002,-0.6027,-0.6026,-0.5988,-0.5904,-0.5763,-0.5554,-0.5272,-0.4912,-0.4471,-0.3946,-0.3341,-0.2671,-0.1971,-0.1281,-0.0615,0.0066,0.062,0.0502,0.0009,-0.0355,-0.0536,-0.0554,-0.0415,-0.0125,0.0288,0.0767,0.123,0.1586,0.1755,0.1681,0.1346,0.0782,0.0076,-0.0648,-0.1273,-0.1736,-0.2032,-0.2194,-0.2264,-0.2277,-0.226,-0.2229,-0.2195,-0.2161,-0.2131
-0.5882,-0.5967,-0.6049,-0.6126,-0.6192,-0.6241,-0.6264,-0.6251,-0.619,-0.6067,-0.5872,-0.5598,-0.5242,-0.4801,-0.4272,-0.3654,-0.2963,-0.2245,-0.1575,-0.1015,-0.0572,-0.0254,-0.0256,-0.0458,-0.0621,-0.0686,-0.0626,-0.0415,-0.0045,0.0463,0.1051,0.1623,0.2075,0.2315,0.2283,0.1966,0.1401,0.0683,-0.0066,-0.0733,-0.1252,-0.1614,-0.1842,-0.1972,-0.2038,-0.2064,-0.2069,-0.2063,-0.2052,-0.204
-0.5998,-0.6099,-0.62,-0.6297,-0.6387,-0.6462,-0.6513,-0.6529,-0.6495,-0.6395,-0.6217,-0.5952,-0.5601,-0.5164,-0.4639,-0.4017,-0.3309,-0.2567,-0.19,-0.1432,-0.1254,-0.1273,-0.1142,-0.0978,-0.0912,-0.0851,-0.0706,-0.042,0.0032,0.0637,0.1333,0.2012,0.2554,0.2853,0.2849,0.2536,0.1964,0.1232,0.0464,-0.0235,-0.08,-0.1217,-0.1503,-0.1688,-0.1803,-0.187,-0.1909,-0.193,-0.1942,-0.1949
-0.6114,-0.623,-0.635,-0.6469,-0.6584,-0.6688,-0.6771,-0.6821,-0.6819,-0.6747,-0.6587,-0.6331,-0.5984,-0.5554,-0.5041,-0.4428,-0.3709,-0.2932,-0.2229,-0.1774,-0.1692,-0.1836,-0.1691,-0.1376,-0.1169,-0.1008,-0.0786,-0.0429,0.0103,0.0799,0.1594,0.237,0.2986,0.3329,0.3338,0.3019,0.2437,0.1696,0.0917,0.02,-0.0397,-0.0856,-0.1189,-0.1421,-0.1578,-0.1684,-0.1754,-0.1801,-0.1834,-0.1859
-0.6226,-0.6359,-0.6497,-0.6639,-0.6781,-0.6917,-0.7036,-0.7125,-0.7161,-0.7122,-0.6983,-0.6733,-0.6385,-0.596,-0.5467,-0.488,-0.4162,-0.3344,-0.2566,-0.2034,-0.1878,-0.1959,-0.1867,-0.16,-0.1361,-0.1142,-0.086,-0.0439,0.0161,0.0935,0.1812,0.2661,0.3332,0.37,0.3711,0.3384,0.2795,0.2056,0.128,0.0558,-0.0055,-0.0542,-0.0909,-0.1178,-0.1371,-0.1508,-0.1607,-0.1678,-0.1731,-0.1771
-0.6334,-0.6483,-0.6641,-0.6806,-0.6977,-0.7146,-0.7305,-0.7437,-0.752,-0.752,-0.7405,-0.7157,-0.6794,-0.6364,-0.5898,-0.5357,-0.4665,-0.3812,-0.294,-0.2278,-0.1978,-0.1943,-0.1887,-0.171,-0.1494,-0.1251,-0.0925,-0.0454,0.02,0.1031,0.1962,0.2857,0.3556,0.3933,0.394,0.361,0.3028,0.2304,0.1547,0.0836,0.0222,-0.0278,-0.0668,-0.0963,-0.1184,-0.1348,-0.147,-0.1562,-0.1633,-0.1689
-0.6437,-0.6601,-0.6778,-0.6967,-0.7166,-0.7371,-0.7573,-0.7755,-0.7891,-0.7941,-0.7856,-0.7603,-0.7205,-0.6748,-0.6305,-0.5834,-0.52,-0.4338,-0.3377,-0.2579,-0.2128,-0.1976,-0.1908,-0.1783,-0.1594,-0.134,-0.0984,-0.0477,0.0213,0.1074,0.2028,0.2936,0.3637,0.401,0.4016,0.3694,0.3134,0.2443,0.1719,0.1034,0.0434,-0.0067,-0.0467,-0.078,-0.1021,-0.1205,-0.1347,-0.1456,-0.1542,-0.1611
-0.6532,-0.6712,-0.6907,-0.7119,-0.7347,-0.7588,-0.7834,-0.8072,-0.8271,-0.8384,-0.834,-0.8078,-0.7613,-0.7088,-0.6654,-0.627,-0.573,-0.4896,-0.3878,-0.2967,-0.2382,-0.2113,-0.1992,-0.1868,-0.1684,-0.142,-0.1042,-0.0511,0.0194,0.1059,0.2004,0.2894,0.3576,0.3937,0.3946,0.3646,0.3125,0.2482,0.1805,0.1159,0.0583,0.0094,-0.0307,-0.0628,-0.0882,-0.1081,-0.1237,-0.1361,-0.146,-0.154
-0.662,-0.6813,-0.7026,-0.7259,-0.7514,-0.779,-0.8082,-0.8378,-0.8649,-0.8841,-0.886,-0.8595,-0.8027,-0.7369,-0.6908,-0.6621,-0.6203,-0.5434,-0.4404,-0.342,-0.2726,-0.2345,-0.2144,-0.1982,-0.1781,-0.1499,-0.1103,-0.0561,0.0143,0.0987,0.1896,0.2743,0.3389,0.3734,0.3753,0.3488,0.3019,0.2436,0.1817,0.1218,0.0675,0.0206,-0.0187,-0.0508,-0.0768,-0.0976,-0.1143,-0.1277,-0.1386,-0.1476
-0.6699,-0.6904,-0.7131,-0.7384,-0.7663,-0.7972,-0.8307,-0.8661,-0.901,-0.9298,-0.9409,-0.9167,-0.8465,-0.7587,-0.7046,-0.685,-0.6563,-0.5888,-0.4893,-0.3885,-0.3116,-0.2636,-0.2347,-0.2127,-0.1889,-0.1584,-0.1173,-0.0629,0.0058,0.0865,0.1719,0.2506,0.3106,0.3435,0.3469,0.3247,0.2839,0.2323,0.1767,0.1221,0.0719,0.0276,-0.0102,-0.0418,-0.0678,-0.089,-0.1064,-0.1206,-0.1323,-0.142
-0.6767,-0.6982,-0.7222,-0.7491,-0.7791,-0.8127,-0.8501,-0.8908,-0.9332,-0.9723,-0.9957,-0.9785,-0.8954,-0.7769,-0.7081,-0.695,-0.678,-0.6208,-0.529,-0.4307,-0.3503,-0.2947,-0.2577,-0.2292,-0.2011,-0.1677,-0.1254,-0.0715,-0.0054,0.0703,0.149,0.2211,0.2762,0.3073,0.3125,0.295,0.2605,0.2159,0.1668,0.1179,0.072,0.0308,-0.005,-0.0355,-0.0611,-0.0824,-0.1,-0.1147,-0.1269,-0.1371
-0.6824,-0.7047,-0.7297,-0.7577,-0.7894,-0.8251,-0.8654,-0.9103,-0.959,-1.0074,-1.0435,-1.0378,-0.9478,-0.7975,-0.7089,-0.6967,-0.6866,-0.6388,-0.5569,-0.465,-0.3849,-0.3247,-0.2812,-0.2467,-0.2142,-0.1781,-0.1347,-0.0818,-0.019,0.0512,0.123,0.1883,0.2385,0.2679,0.275,0.262,0.2338,0.1959,0.1533,0.11,0.0686,0.0308,-0.0027,-0.0317,-0.0565,-0.0774,-0.0951,-0.1099,-0.1225,-0.1331
-0.6869,-0.7098,-0.7354,-0.7642,-0.7968,-0.8338,-0.8759,-0.9234,-0.9758,-1.0301,-1.075,-1.0799,-0.9915,-0.8241,-0.7178,-0.6976,-0.6872,-0.6458,-0.574,-0.4905,-0.4135,-0.3514,-0.3035,-0.2642,-0.2278,-0.1893,-0.1452,-0.0936,-0.0343,0.0304,0.0955,0.1542,0.1999,0.2277,0.2364,0.2276,0.2051,0.1736,0.1372,0.0994,0.0625,0.0282,-0.0028,-0.0301,-0.0538,-0.0741,-0.0915,-0.1063,-0.119,-0.1298
-0.6902,-0.7133,-0.7392,-0.7684,-0.8013,-0.8387,-0.8812,-0.9292,-0.9822,-1.0373,-1.0835,-1.0911,-1.0098,-0.8502,-0.7371,-0.7028,-0.6852,-0.6464,-0.5831,-0.5081,-0.4358,-0.3741,-0.3236,-0.2809,-0.2414,-0.201,-0.1565,-0.1065,-0.0507,0.0086,0.0675,0.1204,0.1619,0.1883,0.1982,0.1931,0.1759,0.1501,0.1194,0.0867,0.0542,0.0233,-0.005,-0.0304,-0.0528,-0.0723,-0.0892,-0.1038,-0.1164,-0.1273
-0.6923,-0.7154,-0.7412,-0.7702,-0.8029,-0.8398,-0.8813,-0.9278,-0.9783,-1.0292,-1.0693,-1.0719,-0.9995,-0.8649,-0.7583,-0.7111,-0.6835,-0.6441,-0.5869,-0.5196,-0.4526,-0.3926,-0.3412,-0.2963,-0.2547,-0.2129,-0.1685,-0.1201,-0.0678,-0.0133,0.04,0.0877,0.1255,0.1505,0.1616,0.1596,0.1468,0.1262,0.1006,0.0727,0.0442,0.0167,-0.0089,-0.0324,-0.0533,-0.0719,-0.0881,-0.1024,-0.1148,-0.1256
-0.6931,-0.716,-0.7414,-0.7698,-0.8016,-0.8371,-0.8767,-0.92,-0.9655,-1.009,-1.0392,-1.0347,-0.9721,-0.8655,-0.7726,-0.7186,-0.6822,-0.6409,-0.5878,-0.5266,-0.4647,-0.4072,-0.356,-0.3101,-0.2673,-0.2248,-0.1808,-0.1342,-0.0851,-0.0349,0.0135,0.0567,0.0913,0.115,0.1269,0.1275,0.1185,0.1024,0.0814,0.0577,0.0331,0.0088,-0.0143,-0.0357,-0.0551,-0.0726,-0.0881,-0.1018,-0.1139,-0.1245
-0.6928,-0.7151,-0.7399,-0.7673,-0.7977,-0.8313,-0.8679,-0.9069,-0.9462,-0.9811,-1.0014,-0.9915,-0.9388,-0.8558,-0.7776,-0.7223,-0.6803,-0.6372,-0.5868,-0.5306,-0.4732,-0.4185,-0.3683,-0.3223,-0.279,-0.2365,-0.1932,-0.1484,-0.1022,-0.0559,-0.0118,0.0276,0.0595,0.082,0.0945,0.0971,0.0914,0.0791,0.0621,0.0423,0.0212,-0.0001,-0.0207,-0.0401,-0.058,-0.0743,-0.089,-0.1021,-0.1138,-0.1241
-0.6914,-0.713,-0.7368,-0.763,-0.7916,-0.8227,-0.8558,-0.89,-0.9229,-0.9495,-0.9618,-0.949,-0.9051,-0.8399,-0.7745,-0.7213,-0.677,-0.633,-0.5847,-0.5324,-0.4788,-0.427,-0.3784,-0.3329,-0.2898,-0.2476,-0.2054,-0.1624,-0.119,-0.0761,-0.0355,0.0005,0.0301,0.0516,0.0644,0.0687,0.0657,0.0566,0.0431,0.0267,0.0087,-0.0098,-0.028,-0.0455,-0.0619,-0.077,-0.0907,-0.1031,-0.1143,-0.1243
-0.6889,-0.7097,-0.7323,-0.757,-0.7836,-0.8119,-0.8414,-0.8707,-0.8975,-0.9172,-0.9236,-0.9097,-0.8732,-0.8208,-0.7657,-0.7162,-0.6718,-0.628,-0.5816,-0.5325,-0.4824,-0.4333,-0.3865,-0.3421,-0.2996,-0.2582,-0.2172,-0.176,-0.1351,-0.0952,-0.0578,-0.0245,0.003,0.0235,0.0366,0.0423,0.0414,0.0351,0.0246,0.0112,-0.004,-0.0199,-0.036,-0.0516,-0.0665,-0.0803,-0.0931,-0.1048,-0.1155,-0.1251
-0.6855,-0.7053,-0.7267,-0.7496,-0.774,-0.7995,-0.8253,-0.8501,-0.8714,-0.8856,-0.888,-0.8742,-0.8434,-0.8003,-0.7532,-0.7079,-0.6649,-0.6221,-0.5777,-0.5314,-0.4843,-0.4378,-0.3929,-0.3499,-0.3085,-0.2682,-0.2285,-0.1892,-0.1505,-0.1133,-0.0786,-0.0477,-0.0219,-0.0023,0.0109,0.0177,0.0186,0.0146,0.0066,-0.0041,-0.0168,-0.0304,-0.0444,-0.0583,-0.0717,-0.0844,-0.0962,-0.1071,-0.1172,-0.1263
-0.6813,-0.7,-0.72,-0.7412,-0.7633,-0.786,-0.8084,-0.829,-0.8458,-0.8557,-0.8554,-0.8421,-0.8157,-0.7794,-0.7386,-0.6973,-0.6565,-0.6153,-0.573,-0.5293,-0.4849,-0.4409,-0.398,-0.3565,-0.3164,-0.2774,-0.2391,-0.2016,-0.1651,-0.1302,-0.0979,-0.0691,-0.0448,-0.0259,-0.0127,-0.0051,-0.0027,-0.0048,-0.0106,-0.0191,-0.0294,-0.041,-0.0532,-0.0654,-0.0774,-0.0889,-0.0998,-0.1099,-0.1194,-0.128
