docs/data/wind_grid.json
[{"header":{"la1":42.85,"la2":41.18,"lo1":11.55,"lo2":14.05,"nx":36,"ny":24,"dx":0.07143,"dy":0.07261,"parameterCategory":2,"parameterNumber":2,"parameterNumberName":"eastward_wind","parameterUnit":"m.s-1"},"data":[0.8254,0.8241,0.8229,0.8217,0.8204,0.8192,0.8177,0.816,0.814,0.8119,0.8102,0.8096,0.8106,0.8137,0.8189,0.8259,0.8337,0.8413,0.8472,0.8505,0.8507,0.8481,0.8435,0.8377,0.8312,0.8247,0.8182,0.8121,0.8063,0.801,0.7961,0.7917,0.7878,0.7843,0.7813,0.7787,0.8263,0.8251,0.8239,0.8228,0.8218,0.8207,0.8195,0.8177,0.8151,0.8119,0.8088,0.8071,0.8077,0.8114,0.8185,0.8285,0.8403,0.8518,0.8607,0.865,0.8644,0.8598,0.8526,0.8442,0.8355,0.8271,0.8191,0.8118,0.8051,0.799,0.7935,0.7887,0.7844,0.7807,0.7775,0.7748,0.8275,0.8263,0.8251,0.8242,0.8237,0.8233,0.8228,0.8214,0.8182,0.8132,0.8077,0.8038,0.8033,0.8075,0.817,0.8315,0.8495,0.8676,0.8813,0.887,0.8842,0.8754,0.8638,0.8516,0.8399,0.8292,0.8196,0.8109,0.8031,0.7963,0.7902,0.7849,0.7803,0.7763,0.773,0.7702,0.8289,0.8276,0.8266,0.826,0.8261,0.8271,0.8286,0.8289,0.8255,0.8174,0.8073,0.7993,0.7965,0.8009,0.8135,0.8343,0.8621,0.8917,0.914,0.9209,0.9125,0.8956,0.8768,0.8593,0.8439,0.8306,0.819,0.809,0.8002,0.7925,0.7859,0.7801,0.7752,0.7711,0.7677,0.7649,0.8305,0.8293,0.8283,0.8279,0.8288,0.8318,0.8373,0.8427,0.8406,0.8269,0.8079,0.7927,0.7861,0.7899,0.8058,0.835,0.8775,0.9273,0.9658,0.9727,0.9508,0.9192,0.89,0.8659,0.8465,0.8305,0.8171,0.8057,0.7959,0.7875,0.7804,0.7742,0.7691,0.7649,0.7615,0.7588,0.8325,0.8312,0.8301,0.8297,0.831,0.8361,0.8477,0.8644,0.8683,0.843,0.8078,0.782,0.7698,0.7721,0.7908,0.8289,0.89,0.971,1.039,1.042,0.9935,0.9405,0.8995,0.8693,0.8464,0.8282,0.8132,0.8007,0.7901,0.781,0.7734,0.767,0.7618,0.7575,0.7542,0.7517,0.8349,0.8335,0.8322,0.8313,0.832,0.8369,0.8519,0.8818,0.8965,0.853,0.7986,0.7626,0.7446,0.7443,0.7646,0.8093,0.8844,0.9927,1.0924,1.0897,1.015,0.9474,0.9004,0.8674,0.8426,0.823,0.8069,0.7935,0.7822,0.7727,0.7647,0.7582,0.7529,0.7488,0.7457,0.7435,0.8379,0.8366,0.8351,0.8335,0.8323,0.8331,0.8406,0.8599,0.8664,0.8218,0.7691,0.7308,0.7072,0.7027,0.723,0.7716,0.8488,0.9503,1.0396,1.0444,0.9881,0.9327,0.8909,0.8594,0.8346,0.8144,0.7977,0.7837,0.7719,0.7622,0.7541,0.7475,0.7424,0.7386,0.7358,0.7341,0.8416,0.8406,0.8393,0.8375,0.8347,0.8303,0.8237,0.8138,0.7934,0.7603,0.7255,0.6883,0.6548,0.641,0.6615,0.7183,0.7994,0.8843,0.946,0.9621,0.9414,0.9083,0.8756,0.8469,0.8227,0.8023,0.7853,0.7709,0.759,0.7491,0.7411,0.7347,0.7299,0.7265,0.7244,0.7233,0.846,0.8457,0.8453,0.8444,0.8424,0.8369,0.8226,0.7892,0.7341,0.6995,0.6856,0.6419,0.5826,0.5469,0.5698,0.6528,0.7654,0.8668,0.9259,0.9387,0.9216,0.8918,0.8601,0.8314,0.8069,0.7864,0.7691,0.7547,0.7427,0.733,0.7253,0.7194,0.7152,0.7125,0.7111,0.711,0.8511,0.8518,0.8528,0.8544,0.8564,0.8575,0.8509,0.8094,0.6841,0.6282,0.6636,0.5987,0.4844,0.3945,0.4256,0.5752,0.7706,0.9422,1.0147,0.9915,0.9372,0.8858,0.8443,0.812,0.7864,0.7657,0.7485,0.7343,0.7227,0.7135,0.7064,0.7013,0.6979,0.6961,0.6959,0.6969,0.8564,0.8583,0.8611,0.8657,0.8735,0.887,0.908,0.9146,0.7953,0.6924,0.6765,0.5744,0.3825,0.1611,0.2117,0.5,0.843,1.1944,1.2697,1.1089,0.9656,0.8755,0.8201,0.7845,0.7591,0.7391,0.7225,0.7089,0.6981,0.6899,0.6839,0.6799,0.6777,0.6772,0.6783,0.6809,0.8618,0.8646,0.8688,0.8756,0.8873,0.9086,0.9476,0.998,0.9419,0.8115,0.7138,0.6115,0.4345,0.0506,0.0926,0.5044,0.9386,1.6156,1.6326,1.1952,0.953,0.8332,0.7744,0.7435,0.7227,0.7052,0.6898,0.6772,0.668,0.6616,0.6573,0.6549,0.6542,0.6553,0.6582,0.6629,0.867,0.8705,0.8754,0.8828,0.8944,0.9132,0.9414,0.9702,0.9424,0.8584,0.7731,0.6797,0.6171,0.3336,0.4075,0.6118,0.8641,1.2973,1.3703,1.0601,0.835,0.7271,0.6946,0.6862,0.6768,0.6628,0.6483,0.6373,0.6309,0.6278,0.6264,0.626,0.6269,0.6299,0.6352,0.6425,0.8719,0.8758,0.8809,0.8879,0.8975,0.9102,0.9244,0.9331,0.9277,0.9274,0.9207,0.8211,0.6356,0.4895,0.5826,0.701,0.7205,0.8896,0.9548,0.7965,0.5824,0.5259,0.5789,0.6185,0.6237,0.6098,0.5939,0.5856,0.5852,0.5884,0.5914,0.5932,0.5955,0.6004,0.6087,0.6197,0.8765,0.8807,0.8859,0.8924,0.9005,0.9102,0.921,0.934,0.9617,1.0473,1.2449,1.0289,0.9017,0.7437,0.7665,0.7863,0.7644,0.8401,0.8187,0.5815,0.1823,0.2425,0.4667,0.561,0.5669,0.539,0.5163,0.5151,0.5289,0.5443,0.5536,0.5568,0.5592,0.566,0.5785,0.5947,0.8809,0.8854,0.8907,0.8973,0.9052,0.9149,0.9278,0.9483,0.9893,1.0794,1.2232,1.1008,1.0728,1.0997,1.0163,1.0043,0.9565,0.9144,0.8443,0.6044,0.1386,0.2199,0.4628,0.5368,0.5004,0.4284,0.3928,0.4151,0.4618,0.4995,0.5164,0.5174,0.5168,0.5258,0.5447,0.5683,0.8851,0.8899,0.8956,0.9024,0.9109,0.9216,0.9363,0.9583,0.9927,1.0414,1.0809,1.0834,1.1384,1.1915,1.3716,1.4636,1.2077,0.9782,0.9024,0.8226,0.6062,0.5354,0.5694,0.5375,0.4044,0.2338,0.1825,0.2781,0.3928,0.4633,0.4854,0.4765,0.4681,0.481,0.5101,0.5436,0.889,0.8941,0.9002,0.9076,0.9166,0.9281,0.9432,0.9637,0.9909,1.0231,1.0556,1.0958,1.1771,1.3943,2.0858,2.3553,1.5175,1.0691,0.9662,0.9968,0.8798,0.7598,0.6771,0.5495,0.2982,-0.051,-0.1231,0.1478,0.3552,0.4499,0.4674,0.4397,0.4211,0.4414,0.4828,0.5258,0.8925,0.898,0.9044,0.9122,0.9216,0.9335,0.9485,0.9676,0.9916,1.0209,1.0585,1.1163,1.2284,1.4866,2.0062,2.1488,1.5515,1.178,1.1439,1.1805,1.0119,0.8785,0.7692,0.6079,0.3278,-0.0765,-0.159,0.2209,0.4047,0.4709,0.47,0.4277,0.4043,0.4287,0.4751,0.5213,0.8956,0.9013,0.908,0.916,0.9257,0.9375,0.9522,0.9704,0.9931,1.0221,1.0614,1.1207,1.2189,1.3796,1.568,1.5852,1.3746,1.1833,1.1271,1.1116,1.0277,0.958,0.886,0.7378,0.5321,0.4183,0.5733,0.5741,0.5311,0.5212,0.4987,0.4587,0.4377,0.4548,0.4924,0.5323,0.8981,0.904,0.9108,0.9189,0.9286,0.9402,0.9543,0.9716,0.9931,1.0203,1.0563,1.1058,1.1741,1.2576,1.3251,1.3203,1.238,1.1457,1.0906,1.058,1.0375,1.0679,1.0641,0.9041,0.7139,0.6727,0.7898,0.7255,0.6226,0.575,0.543,0.5123,0.4957,0.5027,0.5261,0.5549,0.9001,0.906,0.9128,0.9208,0.9302,0.9414,0.9547,0.9708,0.9903,1.0143,1.0443,1.0814,1.1251,1.1685,1.1956,1.1891,1.1503,1.1011,1.0617,1.0404,1.0575,1.145,1.1747,1.0068,0.8156,0.727,0.7247,0.7009,0.6524,0.6144,0.586,0.5633,0.5504,0.5514,0.5639,0.5824,0.9015,0.9073,0.914,0.9217,0.9307,0.9412,0.9535,0.968,0.985,1.0052,1.0287,1.0553,1.0828,1.1064,1.1184,1.1129,1.0912,1.0623,1.0367,1.0247,1.0413,1.0887,1.0916,0.987,0.8538,0.7647,0.7232,0.6969,0.6695,0.6437,0.622,0.6049,0.5946,0.5928,0.5988,0.6099]},{"header":{"la1":42.85,"la2":41.18,"lo1":11.55,"lo2":14.05,"nx":36,"ny":24,"dx":0.07143,"dy":0.07261,"parameterCategory":2,"parameterNumber":3,"parameterNumberName":"northward_wind","parameterUnit":"m.s-1"},"data":[-0.4186,-0.4186,-0.4192,-0.4206,-0.4227,-0.4254,-0.4284,-0.4314,-0.4342,-0.4363,-0.4377,-0.4381,-0.4371,-0.4343,-0.4296,-0.4229,-0.415,-0.4069,-0.3999,-0.395,-0.3925,-0.3919,-0.3924,-0.3929,-0.3929,-0.392,-0.3902,-0.3875,-0.3839,-0.3798,-0.3753,-0.3705,-0.3656,-0.3609,-0.3563,-0.3519,-0.4139,-0.4136,-0.4143,-0.416,-0.4187,-0.4224,-0.4265,-0.4305,-0.434,-0.4368,-0.4386,-0.4393,-0.4383,-0.4349,-0.4286,-0.4193,-0.4078,-0.3959,-0.386,-0.3802,-0.3788,-0.3806,-0.3837,-0.3865,-0.3882,-0.3883,-0.3868,-0.3841,-0.3803,-0.3758,-0.3708,-0.3655,-0.3601,-0.3548,-0.3498,-0.3452,-0.4082,-0.4075,-0.408,-0.4101,-0.4138,-0.4189,-0.4248,-0.4304,-0.4349,-0.4379,-0.4399,-0.4409,-0.4402,-0.4363,-0.428,-0.4148,-0.3973,-0.3787,-0.3639,-0.3571,-0.3586,-0.3652,-0.373,-0.3793,-0.3832,-0.3845,-0.3834,-0.3806,-0.3765,-0.3713,-0.3657,-0.3597,-0.3537,-0.3479,-0.3424,-0.3374,-0.4013,-0.3999,-0.4001,-0.4025,-0.4074,-0.415,-0.4242,-0.4326,-0.4381,-0.4406,-0.4419,-0.4431,-0.4429,-0.439,-0.4286,-0.4099,-0.3828,-0.352,-0.3277,-0.3199,-0.3285,-0.3448,-0.3605,-0.3719,-0.3786,-0.381,-0.3802,-0.3771,-0.3722,-0.3663,-0.3598,-0.353,-0.3462,-0.3398,-0.3338,-0.3284,-0.3931,-0.3904,-0.3898,-0.3922,-0.3987,-0.4102,-0.4256,-0.4404,-0.4475,-0.4462,-0.4443,-0.4453,-0.4468,-0.4439,-0.4321,-0.4067,-0.365,-0.3116,-0.2682,-0.2608,-0.2864,-0.3206,-0.3482,-0.3658,-0.3751,-0.3783,-0.3773,-0.3734,-0.3676,-0.3606,-0.353,-0.3451,-0.3375,-0.3303,-0.3237,-0.3179,-0.3833,-0.3787,-0.3763,-0.3778,-0.3854,-0.4019,-0.4284,-0.4581,-0.4691,-0.456,-0.4456,-0.4468,-0.4518,-0.4522,-0.4408,-0.4099,-0.3506,-0.2615,-0.1812,-0.1782,-0.2382,-0.2996,-0.3405,-0.3633,-0.374,-0.3769,-0.3748,-0.3695,-0.3623,-0.3538,-0.3448,-0.3358,-0.3271,-0.319,-0.3118,-0.3056,-0.3722,-0.3645,-0.3588,-0.3573,-0.3636,-0.3829,-0.4213,-0.4749,-0.4956,-0.4608,-0.4405,-0.4458,-0.4583,-0.465,-0.4574,-0.4264,-0.3576,-0.2381,-0.1154,-0.1193,-0.2157,-0.2968,-0.3434,-0.3665,-0.3757,-0.3766,-0.3724,-0.3652,-0.356,-0.3457,-0.335,-0.3245,-0.3145,-0.3055,-0.2976,-0.2911,-0.36,-0.3479,-0.3368,-0.329,-0.3288,-0.3426,-0.3783,-0.4333,-0.4569,-0.4278,-0.4211,-0.4419,-0.4672,-0.483,-0.4826,-0.459,-0.4008,-0.2975,-0.1884,-0.1838,-0.2592,-0.3236,-0.3595,-0.3755,-0.3797,-0.3769,-0.3697,-0.3598,-0.3482,-0.3357,-0.323,-0.3107,-0.2993,-0.2892,-0.2806,-0.2739,-0.3476,-0.3299,-0.3111,-0.2928,-0.279,-0.276,-0.2905,-0.3188,-0.3389,-0.3523,-0.3871,-0.437,-0.4803,-0.5064,-0.5138,-0.5009,-0.4635,-0.4022,-0.3404,-0.3216,-0.3428,-0.3682,-0.3829,-0.3872,-0.3844,-0.3767,-0.3658,-0.3527,-0.3383,-0.3232,-0.3081,-0.2937,-0.2806,-0.2693,-0.2601,-0.2533,-0.3365,-0.3125,-0.2839,-0.2512,-0.2164,-0.1859,-0.172,-0.1876,-0.2228,-0.2643,-0.3453,-0.4367,-0.5004,-0.5336,-0.5458,-0.5415,-0.5182,-0.4801,-0.4421,-0.4185,-0.41,-0.4075,-0.4039,-0.397,-0.387,-0.3744,-0.3596,-0.3432,-0.3257,-0.3075,-0.2895,-0.2725,-0.2574,-0.2448,-0.2351,-0.2285,-0.3287,-0.2985,-0.2599,-0.2103,-0.148,-0.0755,-0.0138,-0.0274,-0.1549,-0.2018,-0.3143,-0.4518,-0.5283,-0.5571,-0.5687,-0.5745,-0.5552,-0.5135,-0.4789,-0.4596,-0.4448,-0.4303,-0.4157,-0.4009,-0.3854,-0.3687,-0.3505,-0.3307,-0.3096,-0.2878,-0.2662,-0.246,-0.2284,-0.2143,-0.2043,-0.1984,-0.3263,-0.2918,-0.2452,-0.1808,-0.0901,0.0371,0.1997,0.2971,0.0444,-0.1736,-0.3386,-0.4879,-0.5549,-0.5627,-0.5604,-0.6033,-0.5795,-0.4832,-0.445,-0.4591,-0.4543,-0.436,-0.4157,-0.3967,-0.3781,-0.3589,-0.3379,-0.3148,-0.2897,-0.2633,-0.2369,-0.2124,-0.1916,-0.1759,-0.166,-0.1616,-0.3311,-0.2955,-0.246,-0.1752,-0.07,0.0913,0.3341,0.5915,0.3676,-0.1169,-0.4098,-0.5068,-0.5564,-0.5387,-0.5398,-0.6705,-0.6347,-0.3666,-0.3482,-0.4469,-0.4493,-0.4253,-0.4025,-0.3833,-0.3649,-0.3451,-0.3222,-0.2958,-0.2657,-0.2331,-0.2,-0.1694,-0.1443,-0.1268,-0.1178,-0.1165,-0.3437,-0.3109,-0.2656,-0.2011,-0.1066,0.0335,0.2283,0.4161,0.2463,-0.2508,-0.5401,-0.4808,-0.458,-0.7878,-0.7561,-0.8741,-0.9134,-0.5819,-0.4601,-0.4675,-0.4271,-0.3921,-0.3735,-0.3608,-0.3468,-0.3287,-0.3049,-0.2747,-0.238,-0.1964,-0.1532,-0.1132,-0.082,-0.0629,-0.0566,-0.0611,-0.3632,-0.3368,-0.3016,-0.254,-0.19,-0.1085,-0.0247,-0.0102,-0.2053,-0.5566,-0.8006,-0.8482,-0.8786,-1.0701,-0.9398,-1.2402,-1.6512,-1.0057,-0.6204,-0.4507,-0.3531,-0.3243,-0.329,-0.3323,-0.3271,-0.3132,-0.2895,-0.2545,-0.2082,-0.1526,-0.0931,-0.0382,0.0021,0.0219,0.0217,0.0068,-0.3876,-0.3697,-0.3474,-0.3206,-0.2911,-0.2668,-0.2697,-0.3454,-0.5412,-0.838,-1.1219,-1.2251,-1.1629,-1.0997,-1.0609,-1.2209,-1.4366,-0.9357,-0.53,-0.3349,-0.2298,-0.2394,-0.2827,-0.3052,-0.3117,-0.3056,-0.2834,-0.2411,-0.1792,-0.1013,-0.015,0.0647,0.1184,0.1356,0.1212,0.0879,-0.4142,-0.4049,-0.3953,-0.3871,-0.3848,-0.3974,-0.4413,-0.539,-0.7054,-0.9275,-1.1254,-1.1998,-1.5304,-1.6832,-1.2077,-1.0344,-0.8677,-0.4778,-0.1659,-0.1725,-0.1995,-0.2144,-0.2557,-0.2876,-0.3094,-0.3202,-0.3029,-0.2453,-0.1558,-0.0428,0.0869,0.2081,0.2806,0.2861,0.2428,0.1795,-0.4404,-0.4388,-0.4394,-0.4448,-0.4594,-0.49,-0.5462,-0.6369,-0.7636,-0.9111,-1.0484,-1.2094,-1.6046,-1.6878,-1.2423,-1.0238,-0.6521,0.025,0.4915,0.0991,-0.1153,-0.1904,-0.2381,-0.2801,-0.3294,-0.3868,-0.3825,-0.2799,-0.1388,0.0216,0.2129,0.3994,0.4943,0.4684,0.3756,0.2706,-0.4644,-0.4687,-0.4765,-0.4903,-0.5134,-0.5502,-0.6053,-0.6815,-0.7768,-0.8828,-0.992,-1.116,-1.2511,-1.2636,-1.262,-1.2828,-0.7064,0.0073,0.3688,0.2307,0.0196,-0.1375,-0.2209,-0.2746,-0.3589,-0.5286,-0.5592,-0.3209,-0.1049,0.0882,0.3366,0.5994,0.7118,0.6355,0.4848,0.3399,-0.4851,-0.4933,-0.5056,-0.5236,-0.5498,-0.5864,-0.6355,-0.6974,-0.7697,-0.8477,-0.9266,-1.0024,-1.0614,-1.094,-1.1783,-1.1678,-0.6992,-0.1451,0.3244,0.4597,0.1025,-0.1273,-0.2261,-0.259,-0.3105,-0.5142,-0.5599,-0.1735,0.0071,0.15,0.3892,0.6731,0.7887,0.6912,0.5204,0.3633,-0.5018,-0.5124,-0.5269,-0.5464,-0.5724,-0.6059,-0.6476,-0.6969,-0.7516,-0.8081,-0.862,-0.9078,-0.9388,-0.9543,-0.9531,-0.8587,-0.5871,-0.2252,0.113,0.198,-0.0241,-0.2236,-0.2949,-0.2567,-0.1569,0.0195,0.3887,0.3499,0.1999,0.1994,0.345,0.5531,0.654,0.5956,0.4652,0.3335,-0.5147,-0.5264,-0.5415,-0.5607,-0.5848,-0.614,-0.6484,-0.687,-0.7278,-0.7678,-0.8032,-0.8295,-0.8417,-0.8345,-0.7959,-0.6987,-0.5282,-0.3213,-0.1545,-0.1224,-0.2473,-0.4238,-0.4681,-0.3268,-0.0793,0.3248,0.7626,0.5939,0.3121,0.2185,0.268,0.3783,0.448,0.4313,0.3574,0.2673,-0.524,-0.536,-0.5507,-0.5685,-0.5898,-0.6146,-0.6423,-0.672,-0.7019,-0.7294,-0.7515,-0.7645,-0.7641,-0.745,-0.6998,-0.6204,-0.5089,-0.3886,-0.301,-0.2906,-0.3828,-0.5476,-0.5902,-0.404,-0.1273,0.1949,0.4355,0.4065,0.2664,0.1898,0.195,0.2429,0.2817,0.2811,0.2443,0.189,-0.5302,-0.5417,-0.5554,-0.5714,-0.5897,-0.6102,-0.6322,-0.6546,-0.676,-0.6943,-0.707,-0.7112,-0.7036,-0.6809,-0.6394,-0.5781,-0.5021,-0.4259,-0.3715,-0.361,-0.4065,-0.485,-0.4963,-0.3752,-0.1818,0.0208,0.1633,0.1949,0.1592,0.1271,0.1256,0.1454,0.1646,0.1665,0.1479,0.1149]}]