docs/data/wind_grid.json
[{"header":{"la1":42.85,"la2":41.18,"lo1":11.55,"lo2":14.05,"nx":36,"ny":24,"dx":0.07143,"dy":0.07261,"parameterCategory":2,"parameterNumber":2,"parameterNumberName":"eastward_wind","parameterUnit":"m.s-1"},"data":[-0.5859,-0.5885,-0.5886,-0.5859,-0.5807,-0.5734,-0.564,-0.5523,-0.5384,-0.523,-0.5075,-0.494,-0.4843,-0.4794,-0.4792,-0.4824,-0.4866,-0.4885,-0.485,-0.4746,-0.459,-0.4427,-0.4303,-0.4239,-0.4221,-0.4225,-0.4231,-0.4229,-0.4217,-0.4197,-0.4171,-0.4141,-0.4111,-0.408,-0.405,-0.4022,-0.6103,-0.6148,-0.6159,-0.6133,-0.6078,-0.5998,-0.5898,-0.5767,-0.5597,-0.5391,-0.5175,-0.4985,-0.4854,-0.4798,-0.4819,-0.4899,-0.5001,-0.5067,-0.5032,-0.4858,-0.4574,-0.4285,-0.4104,-0.4058,-0.4096,-0.4155,-0.4198,-0.4217,-0.4214,-0.4197,-0.417,-0.4138,-0.4105,-0.4072,-0.404,-0.4011,-0.64,-0.6476,-0.6502,-0.6477,-0.6414,-0.6332,-0.6239,-0.6112,-0.5912,-0.5627,-0.5307,-0.5025,-0.4836,-0.4768,-0.4824,-0.4984,-0.5198,-0.5367,-0.5354,-0.5047,-0.4482,-0.3919,-0.3654,-0.3712,-0.3898,-0.4064,-0.4166,-0.4211,-0.4216,-0.4198,-0.4168,-0.4133,-0.4097,-0.4062,-0.4028,-0.3997,-0.6766,-0.6893,-0.6948,-0.6919,-0.6833,-0.6745,-0.6693,-0.6629,-0.6419,-0.6002,-0.549,-0.5048,-0.4767,-0.4677,-0.478,-0.5064,-0.5478,-0.5879,-0.598,-0.545,-0.425,-0.3021,-0.2685,-0.312,-0.3642,-0.3983,-0.4155,-0.4219,-0.4226,-0.4203,-0.4167,-0.4126,-0.4086,-0.4048,-0.4012,-0.398,-0.7219,-0.744,-0.7551,-0.7512,-0.7358,-0.7232,-0.728,-0.7446,-0.7318,-0.6629,-0.5734,-0.5024,-0.4608,-0.448,-0.4635,-0.5086,-0.5833,-0.6737,-0.7273,-0.6504,-0.3978,-0.1105,-0.0941,-0.2403,-0.3467,-0.3985,-0.4194,-0.4253,-0.4245,-0.4208,-0.4162,-0.4115,-0.407,-0.403,-0.3993,-0.396,-0.7768,-0.8168,-0.842,-0.8376,-0.8049,-0.7747,-0.7922,-0.8704,-0.8951,-0.7592,-0.5952,-0.4872,-0.4304,-0.4122,-0.4305,-0.4927,-0.6114,-0.7944,-0.9779,-0.9111,-0.4882,0.0197,0.0021,-0.2385,-0.3666,-0.4158,-0.4305,-0.4313,-0.4269,-0.4211,-0.4151,-0.4097,-0.4048,-0.4005,-0.3968,-0.3935,-0.839,-0.9112,-0.9722,-0.9777,-0.9063,-0.8229,-0.825,-0.9796,-1.0777,-0.8245,-0.5784,-0.4461,-0.38,-0.354,-0.3675,-0.4377,-0.591,-0.8633,-1.2277,-1.1947,-0.7687,-0.3967,-0.3024,-0.385,-0.436,-0.4494,-0.4461,-0.4376,-0.4283,-0.4199,-0.4128,-0.4068,-0.4018,-0.3974,-0.3937,-0.3905,-0.8963,-1.0154,-1.1549,-1.2115,-1.0628,-0.8675,-0.7844,-0.8532,-0.8959,-0.6812,-0.4817,-0.3728,-0.3098,-0.2693,-0.2588,-0.3182,-0.4828,-0.7455,-1.0228,-1.0596,-1.0243,-0.9072,-0.6885,-0.5712,-0.5168,-0.4831,-0.4585,-0.4401,-0.4264,-0.4163,-0.4086,-0.4026,-0.3977,-0.3936,-0.3901,-0.387,-0.9258,-1.0778,-1.3052,-1.4725,-1.2045,-0.8906,-0.7072,-0.6132,-0.5258,-0.4117,-0.334,-0.2833,-0.2313,-0.1616,-0.0752,-0.0899,-0.302,-0.57,-0.7993,-1.0201,-1.3949,-1.2972,-0.9028,-0.6764,-0.5611,-0.4968,-0.458,-0.434,-0.4189,-0.409,-0.4021,-0.3969,-0.3926,-0.3889,-0.3858,-0.3831,-0.912,-1.0448,-1.2126,-1.3048,-1.1182,-0.8622,-0.6384,-0.4427,-0.2219,-0.1173,-0.1812,-0.204,-0.1657,-0.065,0.207,0.351,-0.117,-0.4846,-0.719,-0.9406,-1.2226,-1.1668,-0.8752,-0.6699,-0.5492,-0.4785,-0.4381,-0.4162,-0.4045,-0.3979,-0.3934,-0.3898,-0.3866,-0.3836,-0.3809,-0.3785,-0.8664,-0.9653,-1.0671,-1.1482,-1.0998,-0.8367,-0.6093,-0.3927,0.0593,0.2772,-0.0702,-0.1572,-0.1236,-0.0447,0.1829,0.3619,-0.184,-0.587,-0.7818,-0.8476,-0.8914,-0.8519,-0.72,-0.5866,-0.4874,-0.4258,-0.3959,-0.3856,-0.3836,-0.3837,-0.3833,-0.382,-0.3801,-0.3778,-0.3755,-0.3734,-0.8059,-0.8837,-0.9814,-1.0987,-1.0423,-0.7817,-0.6411,-0.591,-0.2496,0.026,-0.1245,-0.1497,-0.0882,0.0118,-0.0305,-0.1698,-0.509,-1.0212,-1.1674,-0.9377,-0.7758,-0.6755,-0.5782,-0.4781,-0.3896,-0.3375,-0.3302,-0.3443,-0.3592,-0.3689,-0.3735,-0.3745,-0.3734,-0.3714,-0.3694,-0.3677,-0.7369,-0.7892,-0.8452,-0.8782,-0.8158,-0.6953,-0.6809,-0.7962,-0.6376,-0.3238,-0.2058,-0.1631,-0.1054,0.0509,-0.0422,-0.3457,-0.7285,-1.8767,-1.9262,-1.0711,-0.7174,-0.5608,-0.4645,-0.3719,-0.2673,-0.211,-0.246,-0.3011,-0.3381,-0.3577,-0.3661,-0.368,-0.3668,-0.3644,-0.3623,-0.3609,-0.6664,-0.6936,-0.7125,-0.7073,-0.6656,-0.62,-0.633,-0.7009,-0.6019,-0.3448,-0.2034,-0.1723,-0.1657,-0.1029,-0.2463,-0.4818,-0.6714,-1.2699,-1.3974,-0.8748,-0.5618,-0.4214,-0.3588,-0.2929,-0.1737,-0.1001,-0.1847,-0.2783,-0.3308,-0.355,-0.3632,-0.363,-0.3596,-0.3559,-0.3534,-0.3524,-0.6017,-0.6115,-0.6119,-0.5973,-0.5685,-0.5404,-0.5278,-0.5074,-0.406,-0.242,-0.1308,-0.1083,-0.0992,-0.0152,-0.3076,-0.5409,-1.0817,-0.8156,-0.7199,-0.496,-0.271,-0.2091,-0.2441,-0.2542,-0.1997,-0.1543,-0.2196,-0.3003,-0.3462,-0.364,-0.3651,-0.3581,-0.3496,-0.3435,-0.341,-0.3414,-0.5461,-0.5457,-0.5376,-0.5198,-0.4938,-0.4636,-0.4285,-0.3729,-0.2734,-0.1288,0.0332,-0.0079,-0.0508,-0.11,-0.2745,-0.5825,-0.8976,-0.6036,-0.3857,-0.1671,0.1331,0.0724,-0.1289,-0.2317,-0.2659,-0.2808,-0.3203,-0.3634,-0.3847,-0.3841,-0.3692,-0.3489,-0.3319,-0.3233,-0.3228,-0.3268,-0.4999,-0.4935,-0.4809,-0.4613,-0.4347,-0.4012,-0.358,-0.2976,-0.2121,-0.099,0.0184,-0.009,0.004,0.0104,-0.1409,-0.2784,-0.3437,-0.2057,-0.0403,0.0205,0.2077,0.1312,-0.0885,-0.2327,-0.3295,-0.3994,-0.4433,-0.4557,-0.4424,-0.4116,-0.3693,-0.326,-0.2966,-0.2887,-0.2958,-0.3079,-0.4618,-0.452,-0.4369,-0.4162,-0.3893,-0.3555,-0.3131,-0.2596,-0.1945,-0.1239,-0.0682,-0.039,0.0223,0.0491,0.0706,0.0824,0.0059,0.1796,0.427,0.1818,0.0844,0.0113,-0.1201,-0.2685,-0.4221,-0.559,-0.6122,-0.5778,-0.5149,-0.4417,-0.3578,-0.276,-0.2306,-0.2341,-0.2603,-0.2867,-0.4306,-0.4187,-0.4026,-0.3816,-0.3554,-0.3236,-0.2854,-0.2408,-0.1912,-0.1414,-0.0971,-0.0555,-0.0,0.1085,0.4778,0.6431,0.2363,0.2468,0.373,0.2849,0.1348,-0.0029,-0.1401,-0.3111,-0.5325,-0.7653,-0.8183,-0.7086,-0.5922,-0.4726,-0.3374,-0.2001,-0.1376,-0.1705,-0.2265,-0.2693,-0.405,-0.3922,-0.3757,-0.3553,-0.3307,-0.3016,-0.2682,-0.2308,-0.1909,-0.1502,-0.1095,-0.0637,0.0036,0.142,0.4335,0.5279,0.2646,0.2235,0.3856,0.4639,0.2071,0.0282,-0.1196,-0.3142,-0.5769,-0.827,-0.8766,-0.8041,-0.6644,-0.5071,-0.34,-0.1685,-0.0965,-0.1471,-0.2163,-0.2647,-0.3842,-0.371,-0.3548,-0.3354,-0.3126,-0.2866,-0.2573,-0.2254,-0.1915,-0.1562,-0.1185,-0.0741,-0.013,0.0796,0.1918,0.226,0.1745,0.1798,0.2762,0.3042,0.1775,0.0828,-0.02,-0.2367,-0.5458,-0.8578,-1.1153,-1.0003,-0.7245,-0.5312,-0.3823,-0.244,-0.1755,-0.1954,-0.2401,-0.276,-0.3672,-0.3541,-0.3386,-0.3204,-0.2996,-0.2762,-0.2505,-0.2228,-0.1934,-0.1623,-0.1285,-0.0899,-0.043,0.0126,0.0644,0.0894,0.0924,0.1083,0.1424,0.1556,0.1619,0.2479,0.2491,-0.053,-0.4657,-0.9153,-1.3447,-1.0871,-0.6464,-0.4868,-0.4096,-0.3308,-0.2771,-0.2665,-0.2795,-0.2967,-0.3535,-0.3408,-0.326,-0.3092,-0.2902,-0.2693,-0.2466,-0.2223,-0.1965,-0.1693,-0.1402,-0.1083,-0.0733,-0.0372,-0.0055,0.0158,0.0297,0.0455,0.0667,0.0969,0.1829,0.4016,0.4744,0.0997,-0.3386,-0.7013,-0.8946,-0.6818,-0.3647,-0.3721,-0.3951,-0.3687,-0.3352,-0.3169,-0.3135,-0.3173,-0.3424,-0.3303,-0.3164,-0.3008,-0.2836,-0.2649,-0.2447,-0.2233,-0.2008,-0.1772,-0.1525,-0.1266,-0.0999,-0.0739,-0.0511,-0.033,-0.0183,-0.0033,0.0165,0.0521,0.1309,0.259,0.2714,0.0371,-0.263,-0.4936,-0.5806,-0.4707,-0.3229,-0.3444,-0.3812,-0.3776,-0.3593,-0.3438,-0.3354,-0.3328]},{"header":{"la1":42.85,"la2":41.18,"lo1":11.55,"lo2":14.05,"nx":36,"ny":24,"dx":0.07143,"dy":0.07261,"parameterCategory":2,"parameterNumber":3,"parameterNumberName":"northward_wind","parameterUnit":"m.s-1"},"data":[-0.7987,-0.7933,-0.7852,-0.7741,-0.7604,-0.7446,-0.7279,-0.7113,-0.6953,-0.6795,-0.6627,-0.6431,-0.6194,-0.5911,-0.558,-0.5208,-0.4808,-0.4395,-0.3991,-0.3618,-0.3307,-0.3092,-0.3001,-0.3035,-0.3164,-0.3348,-0.3555,-0.3762,-0.3961,-0.4145,-0.4315,-0.4471,-0.4615,-0.4747,-0.4868,-0.498,-0.8146,-0.8096,-0.801,-0.7882,-0.7714,-0.7516,-0.7307,-0.7112,-0.6946,-0.6805,-0.666,-0.6481,-0.6243,-0.5936,-0.5559,-0.5121,-0.4636,-0.4127,-0.3618,-0.3136,-0.2718,-0.2431,-0.234,-0.2448,-0.2689,-0.2983,-0.328,-0.3557,-0.3806,-0.4028,-0.4227,-0.4405,-0.4566,-0.4713,-0.4846,-0.4967,-0.8331,-0.8291,-0.8201,-0.8051,-0.7836,-0.7567,-0.7278,-0.7024,-0.6851,-0.6754,-0.6674,-0.6542,-0.632,-0.5994,-0.5567,-0.5046,-0.4452,-0.3819,-0.3181,-0.2553,-0.1956,-0.152,-0.1431,-0.1695,-0.2136,-0.2596,-0.3011,-0.3366,-0.3669,-0.3929,-0.4155,-0.4354,-0.4532,-0.4692,-0.4836,-0.4966,-0.8546,-0.8528,-0.8445,-0.827,-0.7986,-0.7596,-0.7146,-0.6753,-0.6557,-0.6572,-0.6645,-0.662,-0.6439,-0.6103,-0.562,-0.5001,-0.4264,-0.3466,-0.268,-0.1895,-0.1004,-0.0218,-0.0143,-0.0761,-0.1547,-0.2232,-0.2778,-0.3212,-0.3563,-0.3856,-0.4105,-0.4323,-0.4515,-0.4687,-0.4841,-0.4979,-0.8795,-0.8822,-0.8768,-0.8581,-0.821,-0.7626,-0.6851,-0.6098,-0.5818,-0.6133,-0.656,-0.6736,-0.6625,-0.6286,-0.5751,-0.502,-0.409,-0.3039,-0.2082,-0.1271,-0.0033,0.1551,0.1522,0.0178,-0.1073,-0.1977,-0.2627,-0.3116,-0.3501,-0.3816,-0.4082,-0.4314,-0.4518,-0.47,-0.4863,-0.5009,-0.9075,-0.9186,-0.9212,-0.905,-0.8597,-0.7765,-0.6437,-0.4784,-0.4171,-0.5317,-0.6491,-0.6955,-0.6911,-0.6571,-0.6003,-0.5173,-0.4008,-0.253,-0.1214,-0.0741,0.0265,0.2501,0.2324,0.0476,-0.0957,-0.1919,-0.2593,-0.3095,-0.3489,-0.3813,-0.4089,-0.433,-0.4544,-0.4735,-0.4906,-0.5058,-0.9363,-0.9613,-0.9819,-0.9768,-0.9257,-0.8237,-0.6431,-0.3491,-0.2125,-0.4764,-0.6784,-0.7391,-0.7329,-0.6982,-0.6431,-0.5575,-0.4241,-0.2311,-0.0319,-0.0265,-0.0213,0.08,0.083,-0.0207,-0.1255,-0.2065,-0.2674,-0.3145,-0.3525,-0.3846,-0.4125,-0.4373,-0.4595,-0.4794,-0.4972,-0.5129,-0.9596,-1.003,-1.059,-1.083,-1.0171,-0.9105,-0.7654,-0.5392,-0.4377,-0.6455,-0.7888,-0.8111,-0.7861,-0.7513,-0.7098,-0.6359,-0.5015,-0.3113,-0.1303,-0.0712,-0.0039,0.0162,-0.0296,-0.0973,-0.1693,-0.232,-0.283,-0.3246,-0.3599,-0.3909,-0.4187,-0.4441,-0.4672,-0.4879,-0.5064,-0.5226,-0.9678,-1.0202,-1.1168,-1.1978,-1.0812,-0.9886,-0.9471,-0.9101,-0.923,-0.9773,-0.9636,-0.8997,-0.8406,-0.8111,-0.8134,-0.7755,-0.6233,-0.4325,-0.2601,-0.0848,0.1592,0.1196,-0.0455,-0.1427,-0.2082,-0.2592,-0.3011,-0.337,-0.3693,-0.3992,-0.4273,-0.4536,-0.4778,-0.4996,-0.5189,-0.5355,-0.9557,-0.9857,-1.0368,-1.0707,-0.9853,-1.0136,-1.0991,-1.2006,-1.342,-1.37,-1.1659,-0.9791,-0.8795,-0.8583,-0.9669,-1.0366,-0.7453,-0.5112,-0.342,-0.1591,0.0491,0.0348,-0.0995,-0.1878,-0.2434,-0.2841,-0.3177,-0.3486,-0.3787,-0.4086,-0.438,-0.466,-0.492,-0.5153,-0.5354,-0.5523,-0.935,-0.928,-0.8708,-0.7005,-0.7421,-1.0155,-1.2368,-1.4101,-1.7071,-1.8671,-1.3263,-1.0145,-0.893,-0.8649,-0.949,-1.0393,-0.7118,-0.507,-0.3893,-0.2797,-0.1799,-0.1551,-0.193,-0.238,-0.2742,-0.303,-0.3291,-0.3566,-0.3867,-0.4186,-0.4508,-0.4821,-0.5109,-0.5361,-0.5573,-0.5741,-0.9234,-0.9053,-0.8382,-0.7099,-0.7731,-1.1031,-1.4105,-1.5942,-1.6346,-1.6399,-1.249,-0.9878,-0.8958,-0.9124,-0.8317,-0.675,-0.5183,-0.4405,-0.4026,-0.3375,-0.2774,-0.2486,-0.2521,-0.2715,-0.2927,-0.3106,-0.3311,-0.3587,-0.3922,-0.4291,-0.4669,-0.5034,-0.5364,-0.5642,-0.5863,-0.6025,-0.9251,-0.9203,-0.9023,-0.8959,-0.9936,-1.2335,-1.5401,-1.7939,-1.6495,-1.3611,-1.1038,-0.9525,-0.8927,-0.9431,-0.8046,-0.3969,-0.2829,-0.4366,-0.4482,-0.3386,-0.2829,-0.2589,-0.2618,-0.2794,-0.2952,-0.3033,-0.3213,-0.3546,-0.3963,-0.4419,-0.4885,-0.5329,-0.5719,-0.603,-0.6254,-0.6396,-0.9318,-0.9426,-0.9587,-0.9989,-1.0939,-1.2578,-1.4691,-1.6509,-1.5454,-1.2322,-1.0234,-0.9569,-0.9378,-0.7882,-0.4383,0.1671,0.1126,-0.2091,-0.3251,-0.2697,-0.2162,-0.1996,-0.227,-0.267,-0.2907,-0.2912,-0.3094,-0.3507,-0.4024,-0.4599,-0.5194,-0.5758,-0.6233,-0.6579,-0.6788,-0.6883,-0.9353,-0.9544,-0.982,-1.0272,-1.099,-1.197,-1.3002,-1.3502,-1.2621,-1.093,-0.9805,-0.924,-0.8404,-0.7957,-0.2984,0.343,0.8093,0.1388,-0.1493,-0.1485,-0.03,-0.0294,-0.1418,-0.2356,-0.2824,-0.294,-0.3116,-0.353,-0.4132,-0.4864,-0.5655,-0.6406,-0.7002,-0.7375,-0.7527,-0.7518,-0.9327,-0.9532,-0.9803,-1.0169,-1.0638,-1.1151,-1.1536,-1.1512,-1.0911,-1.0115,-0.9841,-0.9833,-0.9247,-0.772,-0.4335,0.1038,0.5227,0.063,-0.1684,-0.0307,0.42,0.3107,-0.03,-0.1955,-0.2584,-0.2812,-0.3025,-0.3477,-0.4234,-0.5229,-0.635,-0.7415,-0.8194,-0.8552,-0.8546,-0.8331,-0.9243,-0.9427,-0.9649,-0.9909,-1.019,-1.0435,-1.0549,-1.0431,-1.0098,-0.9785,-0.9783,-0.9834,-1.1325,-1.1729,-0.6888,-0.3624,-0.2197,-0.3365,-0.4255,-0.148,0.4763,0.3413,-0.0328,-0.1868,-0.2225,-0.2174,-0.2329,-0.3035,-0.4206,-0.5689,-0.7385,-0.9018,-1.0079,-1.0292,-0.9908,-0.9314,-0.9119,-0.927,-0.9435,-0.9608,-0.9768,-0.9878,-0.9896,-0.9797,-0.9624,-0.9494,-0.9512,-0.9877,-1.1753,-1.1966,-0.8585,-0.7004,-0.5833,-0.6998,-0.9088,-0.5343,-0.173,-0.0919,-0.1779,-0.2153,-0.1596,-0.0471,-0.0345,-0.1902,-0.3989,-0.6232,-0.8828,-1.1485,-1.2973,-1.2698,-1.1545,-1.0363,-0.8974,-0.909,-0.9207,-0.9317,-0.9404,-0.9448,-0.9433,-0.9358,-0.9254,-0.9178,-0.9189,-0.9376,-0.9736,-0.9573,-0.9826,-1.0214,-0.766,-0.757,-0.8383,-0.6854,-0.4975,-0.3684,-0.3192,-0.2556,-0.0746,0.2784,0.354,-0.0448,-0.3883,-0.6814,-1.0375,-1.4502,-1.6515,-1.5243,-1.302,-1.1209,-0.8821,-0.8906,-0.8985,-0.9052,-0.9095,-0.9106,-0.9077,-0.9013,-0.8932,-0.8861,-0.8825,-0.8833,-0.8848,-0.889,-0.952,-0.9662,-0.7946,-0.7273,-0.7608,-0.7828,-0.6222,-0.499,-0.4233,-0.3262,-0.1161,0.3129,0.4113,-0.136,-0.4632,-0.734,-1.0985,-1.5718,-1.7964,-1.6169,-1.3525,-1.1514,-0.8669,-0.8729,-0.878,-0.8816,-0.8833,-0.8823,-0.8786,-0.8724,-0.8647,-0.8568,-0.8494,-0.8427,-0.8364,-0.8344,-0.8404,-0.8181,-0.7522,-0.7098,-0.7173,-0.7117,-0.632,-0.5677,-0.5201,-0.4416,-0.3324,-0.2894,-0.5097,-0.5517,-0.6251,-0.7856,-1.0273,-1.3556,-1.5404,-1.4546,-1.2745,-1.1172,-0.8522,-0.8562,-0.8592,-0.8608,-0.8606,-0.8584,-0.854,-0.8477,-0.8398,-0.8311,-0.8216,-0.8117,-0.8013,-0.7908,-0.7777,-0.7532,-0.7179,-0.6888,-0.6732,-0.6548,-0.6299,-0.6337,-0.63,-0.5592,-0.5077,-0.59,-0.7842,-0.7417,-0.802,-0.8729,-0.9553,-1.1041,-1.2186,-1.2157,-1.1372,-1.0442,-0.8384,-0.8408,-0.8422,-0.8424,-0.841,-0.8378,-0.8329,-0.8263,-0.8183,-0.809,-0.7986,-0.7872,-0.7746,-0.7605,-0.7434,-0.7215,-0.6963,-0.6731,-0.6547,-0.6402,-0.6397,-0.6757,-0.6902,-0.6232,-0.5879,-0.6349,-0.7221,-0.8399,-1.0339,-1.0022,-0.9469,-0.9761,-1.0267,-1.0409,-1.0138,-0.9661,-0.8254,-0.8267,-0.8269,-0.826,-0.8237,-0.82,-0.8147,-0.808,-0.7998,-0.7903,-0.7797,-0.7677,-0.7545,-0.7396,-0.7227,-0.7035,-0.6832,-0.6641,-0.6479,-0.6373,-0.6386,-0.6554,-0.6584,-0.6309,-0.6219,-0.6593,-0.7439,-0.9007,-1.0638,-1.0231,-0.9397,-0.918,-0.9287,-0.9354,-0.925,-0.9006]}]