docs/data/wind_grid.json
{"header": {"la1":42.1,"la2":41.55,"lo1":12.1,"lo2":12.95,"nx":50,"ny":50,"dx":0.01735,"dy":0.01122,"parameterCategory":2,"parameterNumber":2,"parameterNumberName":"eastward_wind","parameterUnit":"m.s-1"}, "data":
[rows 0 to 45 of 50, columns 0 to 49 of 50]
1.0567,0.9303,0.8141,0.73,0.6962,0.7183,0.7857,0.8781,0.9751,1.0624,1.1332,1.186,1.2219,1.2435,1.2532,1.2534,1.2458,1.232,1.214,1.1938,1.1748,1.1606,1.1553,1.162,1.1818,1.2142,1.2571,1.3084,1.366,1.4282,1.494,1.5625,1.6332,1.705,1.7769,1.8473,1.9144,1.9759,2.0296,2.0736,2.1068,2.1288,2.1405,2.1433,2.1388,2.129,2.1155,2.0999,2.0831,2.066
1.0978,0.9655,0.8429,0.7539,0.718,0.7399,0.8077,0.8997,0.9952,1.0801,1.148,1.1975,1.2302,1.2485,1.255,1.2518,1.2405,1.2224,1.1992,1.1732,1.1478,1.1279,1.1187,1.1241,1.1457,1.1821,1.2304,1.2875,1.3508,1.4186,1.4898,1.5637,1.6398,1.7174,1.7953,1.8719,1.945,2.012,2.0701,2.117,2.1513,2.1727,2.1823,2.1818,2.1735,2.1598,2.1425,2.1233,2.1033,2.0835
1.1575,1.0229,0.8971,0.8053,0.7671,0.7863,0.8499,0.9366,1.026,1.105,1.1673,1.212,1.2403,1.2548,1.2578,1.251,1.2358,1.2133,1.1845,1.1517,1.1188,1.0918,1.0777,1.0819,1.106,1.1476,1.2024,1.2662,1.3358,1.4094,1.4862,1.5657,1.6475,1.731,1.8152,1.8985,1.9782,2.0513,2.1144,2.1644,2.1998,2.2202,2.227,2.2226,2.2099,2.1916,2.1699,2.1468,2.1235,2.1008
1.2362,1.1027,0.9767,0.8837,0.8424,0.8556,0.9104,0.9867,1.066,1.1358,1.1905,1.2288,1.252,1.2622,1.2614,1.2511,1.2321,1.205,1.1704,1.13,1.0882,1.0525,1.0324,1.0353,1.063,1.1113,1.1739,1.2451,1.3215,1.4012,1.4836,1.5686,1.6561,1.7457,1.8366,1.927,2.014,2.0939,2.1625,2.2161,2.2524,2.2713,2.2747,2.2656,2.2476,2.2241,2.1976,2.1703,2.1434,2.1176
1.3326,1.203,1.0787,0.9848,0.9388,0.9426,0.9846,1.0467,1.1125,1.1709,1.2163,1.2473,1.2648,1.2704,1.2659,1.2522,1.2297,1.1982,1.1576,1.109,1.0569,1.0106,0.9831,0.9849,1.0176,1.0744,1.146,1.2254,1.3087,1.3944,1.4823,1.5726,1.6657,1.7614,1.8591,1.9571,2.052,2.1395,2.2143,2.2717,2.3088,2.3257,2.3248,2.3102,2.2862,2.2568,2.2252,2.1933,2.1626,2.1338
1.4432,1.3191,1.1969,1.1013,1.0484,1.0402,1.0666,1.1122,1.1628,1.2084,1.2436,1.2667,1.2782,1.2793,1.2711,1.2543,1.2288,1.1935,1.1473,1.0903,1.0267,0.9678,0.9315,0.9325,0.9719,1.0389,1.1206,1.2083,1.2984,1.3897,1.4826,1.5779,1.6762,1.7778,1.8824,1.9881,2.0916,2.1875,2.2692,2.3308,2.3687,2.3829,2.3768,2.3557,2.3249,2.2892,2.252,2.2155,2.1809,2.149
1.563,1.4446,1.3236,1.2244,1.1627,1.1408,1.1505,1.1789,1.2138,1.2463,1.2711,1.2863,1.2918,1.2884,1.277,1.2577,1.2298,1.1915,1.1406,1.0757,1.0003,0.9275,0.881,0.8816,0.9294,1.0079,1.0998,1.1954,1.2914,1.3876,1.4849,1.5845,1.6875,1.7947,1.9058,2.0195,2.1319,2.2368,2.3261,2.3923,2.4308,2.4418,2.4296,2.4011,2.3629,2.3204,2.2775,2.2362,2.1979,2.1631
1.6858,1.5721,1.4506,1.3459,1.2741,1.2381,1.2315,1.2434,1.2633,1.2831,1.2979,1.3054,1.3052,1.2977,1.2834,1.2622,1.2329,1.1929,1.1388,1.0678,0.9817,0.8951,0.838,0.8387,0.8958,0.9855,1.0863,1.1881,1.2887,1.3886,1.4893,1.5925,1.6995,1.8115,1.9287,2.05,2.1715,2.2859,2.3836,2.4548,2.4937,2.5007,2.4817,2.4452,2.3991,2.3497,2.3009,2.2551,2.2132,2.1756
1.8048,1.6943,1.5706,1.4593,1.3771,1.3278,1.3062,1.3032,1.3095,1.3178,1.3233,1.3236,1.318,1.3067,1.2902,1.2679,1.2382,1.198,1.1428,1.0686,0.9756,0.8782,0.8122,0.8133,0.8783,0.9761,1.0825,1.1878,1.2908,1.393,1.4961,1.6019,1.712,1.8278,1.9502,2.0784,2.2086,2.3327,2.4391,2.5155,2.5548,2.5574,2.531,2.4861,2.432,2.3758,2.3215,2.2715,2.2264,2.1863
1.9132,1.8046,1.678,1.56,1.4681,1.4072,1.3728,1.357,1.3515,1.3496,1.3467,1.3405,1.33,1.3154,1.297,1.2743,1.2454,1.2066,1.1527,1.0793,0.9855,0.8845,0.8144,0.8154,0.8833,0.9831,1.0897,1.1948,1.2981,1.4009,1.5053,1.6126,1.7247,1.8431,1.9694,2.1032,2.2411,2.3745,2.4895,2.5713,2.6108,2.6088,2.575,2.5218,2.4602,2.3977,2.3386,2.2849,2.237,2.195
2.005,1.8978,1.7686,1.6451,1.5456,1.4752,1.4305,1.4042,1.3889,1.3783,1.3681,1.3559,1.3409,1.3233,1.3036,1.2812,1.2541,1.218,1.1676,1.0988,1.0114,0.9169,0.8501,0.85,0.9131,1.0066,1.1075,1.2089,1.31,1.4122,1.5167,1.6247,1.7375,1.8571,1.9854,2.1229,2.2667,2.4079,2.5308,2.6177,2.6575,2.6513,2.6106,2.5501,2.4819,2.4143,2.3513,2.2947,2.2449,2.2013
2.0756,1.9702,1.8401,1.7136,1.609,1.532,1.4794,1.445,1.4218,1.4039,1.3874,1.37,1.3508,1.3304,1.3095,1.288,1.2636,1.2312,1.1854,1.1236,1.0479,0.9688,0.9128,0.9109,0.9625,1.0427,1.1335,1.2283,1.3259,1.4265,1.5303,1.638,1.7504,1.8695,1.9976,2.1362,2.2833,2.4299,2.559,2.6502,2.6904,2.6809,2.6348,2.5687,2.4959,2.4246,2.359,2.3007,2.2496,2.2053
2.1224,2.0201,1.8918,1.7653,1.6588,1.578,1.5203,1.48,1.4507,1.427,1.4051,1.3828,1.3597,1.3364,1.3143,1.2939,1.2729,1.2449,1.2036,1.1486,1.0857,1.0252,0.9838,0.9812,1.0195,1.0844,1.1635,1.251,1.3446,1.4431,1.5459,1.6526,1.7636,1.8805,2.0061,2.1426,2.2892,2.4377,2.5701,2.6643,2.7051,2.6939,2.645,2.5759,2.5008,2.4279,2.3614,2.3025,2.2511,2.2067
2.1452,2.0476,1.9242,1.8013,1.6961,1.6143,1.554,1.5099,1.4762,1.4479,1.4215,1.3949,1.3678,1.3414,1.3177,1.2985,1.2814,1.2582,1.2202,1.1689,1.1153,1.0703,1.0429,1.0423,1.0712,1.1239,1.1934,1.2746,1.3648,1.4617,1.5635,1.6689,1.7775,1.8906,2.0111,2.1422,2.2842,2.43,2.5621,2.6571,2.6989,2.6881,2.6394,2.5707,2.4961,2.424,2.3582,2.3,2.2494,2.2055
2.1459,2.0549,1.9394,1.8232,1.7223,1.6423,1.5816,1.5357,1.4991,1.4675,1.4373,1.4068,1.3758,1.3457,1.3198,1.3012,1.2884,1.2703,1.2338,1.1816,1.1305,1.0941,1.0778,1.0824,1.109,1.1559,1.2199,1.2974,1.3856,1.4818,1.583,1.6871,1.7927,1.9006,2.0137,2.1361,2.2693,2.4077,2.535,2.6284,2.6711,2.6631,2.618,2.553,2.482,2.4129,2.3496,2.2935,2.2445,2.202
2.1288,2.0457,1.9404,1.8336,1.7396,1.6635,1.6045,1.5583,1.5204,1.4864,1.4533,1.4193,1.3844,1.3503,1.3211,1.3019,1.2931,1.2805,1.2438,1.1856,1.1292,1.094,1.0854,1.0991,1.1305,1.1783,1.2415,1.3184,1.4067,1.5033,1.6049,1.708,1.8104,1.912,2.0158,2.1265,2.2469,2.3735,2.4919,2.5809,2.6244,2.6209,2.5823,2.5242,2.4593,2.3953,2.3362,2.2833,2.2368,2.1962
2.0989,2.0245,1.9308,1.8352,1.7498,1.6796,1.6238,1.579,1.5409,1.5056,1.4704,1.4334,1.3947,1.3563,1.3228,1.3015,1.2953,1.2878,1.2496,1.1813,1.1129,1.0722,1.0702,1.0966,1.1384,1.1922,1.2586,1.3376,1.4278,1.5264,1.6294,1.7323,1.8316,1.9264,2.0195,2.1162,2.221,2.3321,2.4381,2.5203,2.5637,2.5658,2.5356,2.4865,2.4297,2.3724,2.3186,2.2698,2.2266,2.1885
2.0614,1.9961,1.9145,1.8309,1.7553,1.6922,1.6409,1.5985,1.5614,1.5259,1.4894,1.4501,1.4082,1.3655,1.3273,1.3022,1.2956,1.2904,1.2498,1.171,1.0874,1.0371,1.042,1.0839,1.1386,1.2007,1.2724,1.3554,1.4492,1.5514,1.6572,1.761,1.8578,1.9457,2.0273,2.1086,2.1956,2.2889,2.38,2.4535,2.4957,2.5032,2.482,2.4428,2.3951,2.3455,2.2978,2.2539,2.2143,2.1791
2.021,1.9646,1.895,1.8234,1.7581,1.7027,1.6569,1.6181,1.5829,1.5481,1.5111,1.4704,1.426,1.3798,1.3372,1.3073,1.2965,1.2882,1.2446,1.1596,1.0648,1.0046,1.0161,1.0723,1.1378,1.2074,1.2848,1.3728,1.4716,1.5787,1.6889,1.795,1.8903,1.9717,2.0414,2.1065,2.1747,2.2491,2.324,2.3872,2.4269,2.4386,2.4258,2.3963,2.3577,2.3161,2.2748,2.236,2.2005,2.1685
1.9815,1.9334,1.875,1.815,1.7599,1.7127,1.6729,1.6384,1.6061,1.5729,1.5364,1.4952,1.4492,1.4006,1.3546,1.3198,1.3016,1.2851,1.2376,1.1537,1.0595,0.9964,1.0102,1.0715,1.1411,1.2152,1.2975,1.3907,1.4953,1.6086,1.7247,1.8349,1.9303,2.0059,2.0638,2.1124,2.1615,2.2166,2.2749,2.3269,2.3625,2.3767,2.3707,2.3497,2.3197,2.2856,2.2508,2.2172,2.1858,2.157
1.9452,1.9049,1.8567,1.8075,1.7622,1.7232,1.6899,1.6604,1.6317,1.601,1.5658,1.525,1.4786,1.4288,1.3805,1.3409,1.3136,1.286,1.234,1.1556,1.0746,1.0219,1.0316,1.084,1.1499,1.2253,1.3115,1.4098,1.5205,1.641,1.7646,1.8808,1.978,2.049,2.0954,2.1274,2.1574,2.1936,2.2354,2.2758,2.306,2.3206,2.3194,2.3053,2.2827,2.2555,2.2266,2.1979,2.1705,2.145
1.9136,1.8803,1.8415,1.8021,1.7661,1.7351,1.7086,1.6846,1.6604,1.6329,1.5999,1.5602,1.5143,1.4643,1.4145,1.3704,1.3337,1.2943,1.2363,1.1614,1.0938,1.0569,1.0617,1.1009,1.1617,1.2377,1.3272,1.4303,1.5472,1.6754,1.8077,1.9318,2.0326,2.1002,2.1357,2.1512,2.1625,2.1803,2.2062,2.2349,2.2586,2.2721,2.2736,2.2646,2.2479,2.2266,2.203,2.1789,2.1553,2.1329
1.8873,1.8605,1.8299,1.7995,1.7721,1.749,1.7295,1.7117,1.6927,1.6693,1.6392,1.6012,1.5561,1.5064,1.4556,1.4074,1.3617,1.3109,1.2444,1.1656,1.0959,1.0599,1.0683,1.1099,1.173,1.2519,1.3449,1.4523,1.5748,1.7106,1.8522,1.9853,2.0914,2.1568,2.1819,2.1815,2.1749,2.1754,2.1864,2.2037,2.2205,2.2314,2.234,2.2283,2.2162,2.1996,2.1806,2.1605,2.1405,2.121
1.8663,1.8454,1.8222,1.7999,1.7806,1.7653,1.7531,1.742,1.729,1.7105,1.6838,1.6477,1.6034,1.5539,1.5026,1.451,1.3975,1.3359,1.259,1.1687,1.0814,1.0302,1.0495,1.1099,1.1838,1.2682,1.3647,1.4756,1.6027,1.7449,1.8951,2.0373,2.1493,2.2134,2.2292,2.2141,2.1912,2.1763,2.1739,2.1807,2.1905,2.1981,2.2005,2.1969,2.188,2.1752,2.1599,2.1434,2.1264,2.1095
1.8503,1.8348,1.8183,1.8034,1.7917,1.7839,1.7793,1.7757,1.7697,1.7571,1.7343,1.6997,1.6553,1.6053,1.5535,1.4998,1.4406,1.37,1.2825,1.179,1.074,1.011,1.0371,1.1133,1.1981,1.288,1.3872,1.5,1.6296,1.776,1.9325,2.0819,2.199,2.2625,2.2706,2.2434,2.2072,2.1796,2.1659,2.1637,2.1671,2.1712,2.1726,2.1699,2.1633,2.1534,2.1412,2.1276,2.1132,2.0987
1.8387,1.8281,1.8177,1.8095,1.8051,1.8049,1.8082,1.8128,1.815,1.8095,1.7912,1.7574,1.7107,1.6582,1.6057,1.552,1.4903,1.4136,1.3182,1.2064,1.095,1.0309,1.0552,1.1327,1.2213,1.3132,1.4128,1.5252,1.6546,1.8018,1.9605,2.1133,2.233,2.2957,2.2989,2.2639,2.2187,2.182,2.16,2.1505,2.1486,2.1494,2.1495,2.1473,2.1421,2.1344,2.1246,2.1134,2.1013,2.0888
1.8309,1.8248,1.8199,1.818,1.8203,1.8276,1.8392,1.853,1.8648,1.8682,1.8554,1.8211,1.7686,1.7098,1.6554,1.604,1.5441,1.4657,1.367,1.2543,1.1476,1.0881,1.1048,1.1724,1.256,1.3449,1.4415,1.5507,1.6767,1.8207,1.9766,2.1274,2.2458,2.3073,2.3088,2.2712,2.2223,2.181,2.1538,2.1395,2.1335,2.1316,2.1305,2.1283,2.1242,2.118,2.1101,2.1009,2.0907,2.0799
1.8262,1.8242,1.8243,1.8281,1.8369,1.8514,1.8716,1.8955,1.9188,1.9335,1.9279,1.8921,1.8285,1.7566,1.6973,1.6505,1.5975,1.5226,1.4261,1.3189,1.2224,1.1684,1.176,1.2288,1.3015,1.3829,1.4732,1.5762,1.6955,1.8322,1.9802,2.1235,2.2363,2.2959,2.2989,2.2639,2.2166,2.175,2.146,2.1291,2.1207,2.117,2.1149,2.1127,2.1093,2.1043,2.0979,2.0902,2.0815,2.0722
1.8239,1.8256,1.8302,1.8391,1.8539,1.8755,1.9043,1.939,1.9756,2.0047,2.01,1.9729,1.8914,1.7958,1.7255,1.6849,1.6438,1.5779,1.4889,1.392,1.3076,1.2589,1.2582,1.296,1.355,1.4258,1.507,1.6013,1.7112,1.8371,1.973,2.1043,2.2083,2.2652,2.2718,2.2434,2.202,2.1639,2.136,2.1186,2.1093,2.1046,2.1022,2.1,2.0971,2.0931,2.0878,2.0813,2.0738,2.0656
1.8233,1.8284,1.8369,1.8505,1.8706,1.8987,1.9358,1.9816,2.0328,2.0798,2.1014,2.0662,1.9603,1.8266,1.7359,1.7014,1.6765,1.6247,1.5483,1.4655,1.3942,1.3509,1.3439,1.3683,1.4132,1.4717,1.5421,1.6257,1.7242,1.8371,1.9584,2.0751,2.1683,2.222,2.233,2.2133,2.1804,2.1484,2.1238,2.1079,2.0989,2.0943,2.0919,2.09,2.0876,2.0843,2.0798,2.0742,2.0677,2.0602
1.824,1.832,1.8439,1.8614,1.8861,1.92,1.9644,2.0205,2.0864,2.1535,2.1976,2.172,2.0394,1.8534,1.7318,1.7011,1.6935,1.6591,1.5997,1.534,1.4772,1.4402,1.429,1.442,1.4735,1.5191,1.5775,1.6494,1.7354,1.8342,1.94,2.0414,2.1234,2.1734,2.1888,2.178,2.1546,2.13,2.1103,2.0971,2.0896,2.0858,2.0839,2.0825,2.0806,2.0779,2.074,2.069,2.063,2.0562
1.8255,1.8359,1.8506,1.8713,1.8997,1.938,1.9884,2.0527,2.131,2.2171,2.286,2.2786,2.1267,1.8859,1.7289,1.6961,1.7005,1.6829,1.6429,1.5967,1.5554,1.5256,1.5118,1.515,1.5338,1.5664,1.6126,1.6723,1.7456,1.8303,1.9209,2.0078,2.0792,2.1254,2.1443,2.1415,2.1272,2.1104,2.0963,2.0868,2.0816,2.0792,2.0783,2.0775,2.0761,2.0738,2.0702,2.0656,2.0599,2.0533
1.8273,1.8397,1.8566,1.8797,1.9108,1.952,2.0061,2.0755,2.1616,2.2598,2.3468,2.3573,2.2016,1.9303,1.748,1.7041,1.7089,1.703,1.6819,1.6559,1.6306,1.6084,1.5924,1.5864,1.5929,1.6129,1.6468,1.6946,1.7555,1.8268,1.9034,1.9773,2.0391,2.0817,2.103,2.107,2.1008,2.0913,2.083,2.0777,2.0753,2.0748,2.0751,2.075,2.0741,2.072,2.0686,2.0639,2.0583,2.0517
1.8291,1.843,1.8615,1.8862,1.9188,1.9614,2.0167,2.0873,2.1745,2.2741,2.3635,2.3788,2.2333,1.9748,1.7911,1.7319,1.727,1.7267,1.722,1.7156,1.7059,1.6903,1.6713,1.6559,1.6502,1.6578,1.6799,1.7162,1.7654,1.8246,1.8888,1.9514,2.005,2.0441,2.067,2.0763,2.077,2.0742,2.0715,2.0705,2.0713,2.0729,2.0745,2.0753,2.0747,2.0725,2.0689,2.0641,2.0581,2.0514
1.8306,1.8456,1.8652,1.8906,1.9236,1.9661,2.0202,2.088,2.1699,2.2602,2.3363,2.3425,2.2159,2.0019,1.8389,1.7706,1.7552,1.7577,1.7676,1.7798,1.7843,1.7731,1.749,1.7229,1.7049,1.7005,1.7114,1.7371,1.7757,1.824,1.8775,1.9306,1.9772,2.0133,2.0372,2.0506,2.0569,2.06,2.0626,2.0659,2.07,2.0739,2.0769,2.0783,2.0778,2.0754,2.0713,2.0659,2.0594,2.0521
1.8318,1.8475,1.8674,1.8929,1.9253,1.9662,2.0171,2.079,2.1509,2.2255,2.281,2.2748,2.1709,2.0078,1.8754,1.8086,1.7887,1.7955,1.8198,1.8498,1.8665,1.8564,1.8244,1.7863,1.756,1.7403,1.741,1.7571,1.7862,1.8252,1.8696,1.9147,1.9557,1.989,2.0135,2.0301,2.0412,2.0495,2.057,2.0646,2.0719,2.0781,2.0825,2.0843,2.0836,2.0806,2.0756,2.0693,2.062,2.054
1.8325,1.8484,1.8683,1.8932,1.9242,1.9624,2.0087,2.0629,2.1228,2.1799,2.2157,2.2012,2.1195,1.9997,1.8975,1.8399,1.8226,1.8369,1.8759,1.9227,1.949,1.9368,1.8946,1.8441,1.8022,1.7764,1.7681,1.7759,1.7969,1.8279,1.8647,1.9033,1.9395,1.9707,1.9957,2.0149,2.03,2.043,2.0551,2.0667,2.0773,2.0858,2.0912,2.0932,2.092,2.0879,2.0818,2.0742,2.0657,2.0567
1.8326,1.8484,1.8679,1.8917,1.9207,1.9556,1.9964,2.0424,2.0902,2.1318,2.1527,2.1349,2.0721,1.9851,1.9087,1.8637,1.8535,1.8773,1.9299,1.9907,2.0234,2.0071,1.9548,1.8935,1.842,1.808,1.7924,1.7932,1.8074,1.8317,1.8623,1.8956,1.9281,1.9575,1.9829,2.0044,2.0232,2.0404,2.0569,2.0725,2.0863,2.0968,2.1031,2.1049,2.1027,2.0972,2.0894,2.0803,2.0704,2.0602
1.8322,1.8477,1.8663,1.8888,1.9154,1.9466,1.9819,2.0199,2.057,2.0863,2.0974,2.0796,2.0319,1.9689,1.9132,1.881,1.8795,1.9118,1.9741,2.043,2.0785,2.0588,1.9999,1.9317,1.874,1.8344,1.8133,1.8087,1.8175,1.8364,1.8619,1.8909,1.9205,1.9486,1.9745,1.9981,2.0202,2.0415,2.0622,2.0817,2.0986,2.111,2.1178,2.119,2.1153,2.108,2.0983,2.0873,2.0758,2.0642
1.8312,1.8461,1.8638,1.8846,1.9087,1.9362,1.9662,1.9971,2.0255,2.0458,2.0509,2.035,1.999,1.9536,1.914,1.8932,1.8993,1.937,2.0025,2.0721,2.1068,2.0862,2.0265,1.9571,1.8974,1.8551,1.8307,1.8222,1.8269,1.8415,1.863,1.8886,1.9159,1.9432,1.9696,1.9953,2.0205,2.0457,2.0705,2.0938,2.1136,2.1276,2.1347,2.1349,2.1294,2.1199,2.108,2.0949,2.0817,2.0686
1.8298,1.844,1.8605,1.8796,1.9012,1.9251,1.9503,1.9752,1.9968,2.0109,2.0127,1.9993,1.9725,1.94,1.9128,1.9011,1.9126,1.9517,2.0139,2.0774,2.1085,2.0899,2.035,1.9698,1.9123,1.8701,1.8444,1.8336,1.8353,1.8467,1.8651,1.8881,1.9136,1.9403,1.9675,1.9951,2.0233,2.0522,2.0809,2.1079,2.1303,2.1457,2.1527,2.1516,2.144,2.1321,2.1179,2.1027,2.0876,2.0731
1.8279,1.8413,1.8567,1.874,1.8932,1.9138,1.9349,1.955,1.9715,1.9813,1.9816,1.9708,1.9511,1.9282,1.9103,1.9054,1.9199,1.9569,2.0114,2.0648,2.0908,2.0756,2.0291,1.9719,1.9196,1.8799,1.8547,1.8429,1.8427,1.8517,1.8678,1.8888,1.9131,1.9395,1.9675,1.9969,2.0278,2.0601,2.0924,2.1226,2.1474,2.1639,2.1706,2.168,2.1583,2.144,2.1274,2.1102,2.0934,2.0774
1.8257,1.8383,1.8524,1.8681,1.885,1.9028,1.9204,1.9366,1.9493,1.9565,1.9561,1.9479,1.9337,1.918,1.9069,1.9066,1.922,1.9548,1.9998,2.0423,2.0628,2.0512,2.0139,1.9662,1.921,1.8854,1.8619,1.8502,1.8489,1.8564,1.8708,1.8903,1.9137,1.94,1.9687,1.9998,2.0331,2.0683,2.1037,2.1367,2.1635,2.1807,2.187,2.183,2.1712,2.1548,2.1361,2.117,2.0985,2.0812
1.8233,1.835,1.8479,1.862,1.8769,1.8922,1.907,1.9202,1.9302,1.9356,1.9352,1.9292,1.9193,1.909,1.9027,1.9053,1.9202,1.9478,1.9835,2.016,2.0316,2.023,1.9941,1.9558,1.9181,1.8874,1.8665,1.8556,1.8541,1.8607,1.8739,1.8923,1.915,1.9412,1.9706,2.0031,2.0384,2.0759,2.1137,2.1488,2.1769,2.1946,2.2004,2.1952,2.1818,2.1636,2.1432,2.1225,2.1027,2.0843
1.8206,1.8315,1.8433,1.8559,1.8691,1.8822,1.8947,1.9056,1.9137,1.918,1.918,1.9139,1.9072,1.9008,1.8979,1.9021,1.9156,1.9382,1.9658,1.99,2.0015,1.9951,1.9732,1.9431,1.9126,1.8869,1.869,1.8596,1.8583,1.8644,1.8768,1.8945,1.9167,1.9429,1.9727,2.0061,2.0428,2.0819,2.1213,2.1576,2.1865,2.2044,2.2098,2.2037,2.1893,2.1698,2.1483,2.1265,2.1057,2.0865
1.8179,1.8279,1.8387,1.85,1.8616,1.873,1.8836,1.8927,1.8994,1.9031,1.9035,1.901,1.8968,1.8932,1.8926,1.8975,1.9092,1.9273,1.9483,1.9662,1.9745,1.9697,1.9532,1.9299,1.9057,1.8848,1.87,1.8622,1.8616,1.8676,1.8795,1.8967,1.9184,1.9445,1.9745,2.0084,2.0459,2.0858,2.1258,2.1625,2.1915,2.2093,2.2144,2.208,2.1931,2.1732,2.151,2.1287,2.1074,2.0876
