docs/data/wind_grid.json
[{"header":{"la1":42.85,"la2":41.18,"lo1":11.55,"lo2":14.05,"nx":36,"ny":24,"dx":0.07143,"dy":0.07261,"parameterCategory":2,"parameterNumber":2,"parameterNumberName":"eastward_wind","parameterUnit":"m.s-1"},"data":[3.6486,3.6593,3.6738,3.6917,3.7121,3.733,3.7517,3.7654,3.7718,3.77,3.7603,3.7438,3.7213,3.6935,3.661,3.6247,3.5865,3.5488,3.5147,3.4869,3.4666,3.4543,3.4497,3.4515,3.4576,3.4659,3.4746,3.4829,3.4903,3.4967,3.5022,3.507,3.5112,3.5149,3.5183,3.5215,3.6314,3.6432,3.6608,3.6842,3.7123,3.7425,3.7707,3.7918,3.8019,3.7997,3.7865,3.765,3.7369,3.7027,3.6624,3.6165,3.5671,3.5182,3.475,3.4414,3.4189,3.4073,3.406,3.4133,3.4257,3.4397,3.453,3.4646,3.4743,3.4824,3.4891,3.4947,3.4996,3.5039,3.5078,3.5115,3.6077,3.6197,3.6402,3.6702,3.7092,3.7539,3.7978,3.8316,3.847,3.842,3.8217,3.7921,3.7566,3.715,3.6655,3.6071,3.5418,3.476,3.42,3.381,3.3585,3.3491,3.353,3.369,3.3906,3.4122,3.4307,3.4458,3.4579,3.4674,3.4752,3.4817,3.4873,3.4921,3.4966,3.5007,3.5755,3.5858,3.6079,3.6452,3.6989,3.7662,3.8376,3.8953,3.9192,3.905,3.8684,3.8254,3.7808,3.7315,3.6722,3.5982,3.5092,3.4153,3.339,3.299,3.2863,3.2824,3.2925,3.3209,3.355,3.3853,3.4091,3.4273,3.4412,3.4519,3.4606,3.4678,3.4739,3.4794,3.4843,3.4889,3.533,3.5377,3.5579,3.6011,3.673,3.7744,3.8955,4.004,4.044,4.0007,3.9272,3.8624,3.8081,3.7534,3.6861,3.5946,3.471,3.3241,3.2043,3.1774,3.212,3.2254,3.2369,3.2783,3.3246,3.3619,3.3893,3.4093,3.424,3.4355,3.4447,3.4526,3.4593,3.4653,3.4709,3.476,3.4793,3.4721,3.4831,3.5262,3.6165,3.7623,3.9637,4.1829,4.2624,4.1343,3.9871,3.8957,3.8364,3.7823,3.713,3.6082,3.443,3.2003,2.9578,2.96,3.1338,3.2083,3.2157,3.256,3.3048,3.3437,3.3714,3.391,3.4056,3.4172,3.427,3.4355,3.443,3.4498,3.4559,3.4617,3.4161,3.3897,3.3797,3.4094,3.5102,3.6977,3.9782,4.3443,4.4957,4.2279,4.0119,3.9144,3.8636,3.8195,3.7585,3.6556,3.4694,3.1377,2.6985,2.7215,3.0345,3.1599,3.2042,3.2467,3.2929,3.3286,3.3529,3.3702,3.3839,3.3958,3.4064,3.416,3.4246,3.4322,3.4392,3.4457,3.3492,3.3002,3.2638,3.2639,3.3563,3.5644,3.8479,4.1631,4.2897,4.113,3.9735,3.9171,3.8914,3.8656,3.8228,3.7425,3.5847,3.3024,2.9656,2.9153,2.949,3.0033,3.1354,3.2265,3.2804,3.3108,3.3288,3.3425,3.3556,3.3689,3.3816,3.3932,3.4034,3.4122,3.4201,3.4275,3.2856,3.2173,3.1838,3.193,3.2157,3.4047,3.6593,3.8584,3.9423,3.9318,3.9163,3.919,3.9257,3.9195,3.8938,3.847,3.7423,3.5542,3.3212,3.0678,2.6784,2.7571,3.0653,3.2112,3.2647,3.2816,3.2895,3.3003,3.3161,3.334,3.3514,3.3665,3.379,3.3893,3.3983,3.4067,3.2291,3.1238,3.0487,3.0265,2.9693,3.2287,3.5302,3.7148,3.8024,3.8395,3.8827,3.934,3.9752,3.9832,3.9403,3.9104,3.8697,3.7563,3.5709,3.2711,2.8898,2.9119,3.1319,3.2274,3.2373,3.222,3.2171,3.2319,3.2593,3.2891,3.3151,3.3356,3.3511,3.363,3.3731,3.3825,3.1923,3.0229,2.7296,2.1874,2.3093,3.0534,3.483,3.6706,3.7803,3.8099,3.8712,3.9654,4.0516,4.0934,4.0086,3.9378,3.9615,3.9346,3.8284,3.6136,3.3807,3.286,3.2809,3.2406,3.1569,3.0873,3.0784,3.1211,3.1807,3.2341,3.274,3.3013,3.3195,3.3325,3.3433,3.3538,3.2029,3.02,2.6993,2.2366,2.3869,3.1259,3.5213,3.6343,3.7269,3.8024,3.8878,4.0063,4.1454,4.3182,4.2261,4.0815,4.0765,4.1724,4.1439,3.9113,3.6835,3.5175,3.3727,3.1803,2.9406,2.7868,2.8209,2.9549,3.0837,3.175,3.2319,3.2648,3.2838,3.2962,3.3071,3.3188,3.2666,3.137,2.9678,2.8433,2.9956,3.353,3.5739,3.6033,3.6523,3.7862,3.9149,4.0424,4.1398,4.3932,4.2969,4.099,4.1377,4.5223,4.522,4.0945,3.8293,3.6262,3.3946,3.0278,2.4969,2.1908,2.413,2.7571,2.9932,3.1264,3.1949,3.2271,3.2417,3.2508,3.2609,3.2748,3.3567,3.2883,3.2293,3.2279,3.333,3.4953,3.604,3.6276,3.6737,3.7995,3.9199,4.0813,4.114,3.8696,4.0403,3.9799,4.0711,4.3055,4.3326,4.0761,3.8597,3.6708,3.4141,2.9194,2.0439,1.5347,2.0755,2.6489,2.9603,3.107,3.1674,3.1852,3.1871,3.1891,3.1989,3.2174,3.4457,3.4172,3.4062,3.4309,3.4976,3.5821,3.6481,3.6907,3.7466,3.8195,3.8709,3.9151,3.9191,3.8275,3.9697,3.9697,4.2669,4.1703,4.1209,3.9799,3.8046,3.6779,3.4891,3.0693,2.3503,1.9226,2.3137,2.7739,3.0226,3.1239,3.1446,3.1281,3.106,3.0984,3.1116,3.1414,3.5213,3.5139,3.5208,3.5478,3.5937,3.6478,3.6981,3.7435,3.7893,3.8205,3.8039,3.7515,3.8214,3.9021,3.9842,4.0987,4.2331,4.1643,4.0944,3.9098,3.6244,3.621,3.5867,3.3539,3.0121,2.8059,2.8919,3.059,3.1514,3.1591,3.1074,3.0312,2.9716,2.9568,2.986,3.0411,3.5818,3.5848,3.598,3.6231,3.6582,3.6987,3.7396,3.7785,3.8119,3.8266,3.8103,3.8105,3.8308,3.857,3.9975,4.0983,4.1649,4.222,4.23,3.9989,3.6096,3.6381,3.6828,3.5784,3.4421,3.3663,3.3539,3.3391,3.286,3.1825,3.0267,2.853,2.7385,2.733,2.8097,2.9157,3.6294,3.6375,3.6527,3.6754,3.7043,3.7371,3.7709,3.8032,3.8302,3.8469,3.8545,3.8663,3.8599,3.8888,4.1006,4.2172,4.2472,4.4161,4.6196,4.2879,3.985,3.8629,3.8107,3.7397,3.6959,3.7169,3.7,3.5685,3.3934,3.1779,2.8817,2.5441,2.3501,2.4042,2.5882,2.7787,3.6668,3.6772,3.6928,3.7135,3.7385,3.7662,3.795,3.823,3.8481,3.8694,3.8895,3.915,3.9558,4.0727,4.3945,4.5224,4.3378,4.4317,4.5592,4.4456,4.2324,4.0538,3.9399,3.8571,3.8488,3.998,4.028,3.7321,3.4542,3.1592,2.7122,2.1353,1.8436,2.0394,2.3839,2.6696,3.6964,3.7079,3.7232,3.7422,3.7643,3.7886,3.814,3.8395,3.8643,3.8891,3.9167,3.954,4.0167,4.1438,4.3729,4.453,4.3379,4.3823,4.5695,4.6522,4.3701,4.1828,4.0599,3.9421,3.8799,4.0245,4.0651,3.6708,3.4346,3.1675,2.6793,1.9724,1.6271,1.9075,2.3234,2.6424,3.72,3.7319,3.7466,3.7642,3.7842,3.806,3.8291,3.8529,3.8775,3.9039,3.9347,3.975,4.0337,4.1204,4.2214,4.2709,4.2765,4.3319,4.4538,4.4901,4.3762,4.3164,4.2432,4.0536,3.8252,3.6062,3.2818,3.3042,3.363,3.2348,2.8799,2.3456,2.0423,2.1788,2.4667,2.7183,3.739,3.7508,3.7649,3.7812,3.7995,3.8194,3.8407,3.8632,3.8871,3.9133,3.9437,3.981,4.0282,4.0851,4.1419,4.1834,4.2156,4.2615,4.3194,4.3578,4.4189,4.6041,4.6396,4.2763,3.8395,3.392,2.9593,3.1512,3.3873,3.3652,3.1553,2.8349,2.6072,2.595,2.7141,2.8597,3.7542,3.7657,3.7792,3.7944,3.8113,3.8296,3.8494,3.8704,3.893,3.9178,3.9458,3.9782,4.0155,4.0562,4.0961,4.1314,4.1647,4.2028,4.2494,4.3189,4.487,4.8481,4.9617,4.4612,3.9358,3.539,3.3154,3.3989,3.5531,3.5148,3.3554,3.1493,2.9855,2.9227,2.9464,3.0122,3.7664,3.7776,3.7903,3.8045,3.8202,3.8371,3.8553,3.8748,3.8958,3.9185,3.9435,3.971,4.001,4.0324,4.0634,4.0932,4.123,4.1566,4.201,4.2752,4.4204,4.635,4.6682,4.3572,3.9775,3.6895,3.5352,3.5271,3.5789,3.5486,3.441,3.3094,3.1977,3.1347,3.1222,3.1444]},{"header":{"la1":42.85,"la2":41.18,"lo1":11.55,"lo2":14.05,"nx":36,"ny":24,"dx":0.07143,"dy":0.07261,"parameterCategory":2,"parameterNumber":3,"parameterNumberName":"northward_wind","parameterUnit":"m.s-1"},"data":[1.2723,1.2741,1.2724,1.2673,1.2588,1.2475,1.2339,1.2181,1.2,1.1793,1.1556,1.1287,1.0984,1.0644,1.0268,0.9859,0.9432,0.9006,0.8609,0.8267,0.8003,0.784,0.7793,0.7857,0.8002,0.8192,0.8399,0.8602,0.8793,0.8967,0.9125,0.9267,0.9394,0.9508,0.9609,0.97,1.2992,1.3031,1.3024,1.2968,1.2869,1.2737,1.2583,1.241,1.2216,1.1991,1.1732,1.1435,1.1096,1.0708,1.0266,0.9771,0.9238,0.8698,0.8194,0.7759,0.7422,0.7221,0.7194,0.7337,0.759,0.7885,0.8178,0.8447,0.8686,0.8897,0.9081,0.9243,0.9386,0.9512,0.9623,0.9721,1.3316,1.3388,1.3396,1.3332,1.3205,1.3038,1.2858,1.267,1.2465,1.2224,1.194,1.1614,1.124,1.0805,1.029,0.9686,0.9007,0.8305,0.7655,0.7106,0.6662,0.6382,0.6385,0.6677,0.7113,0.7563,0.7966,0.831,0.8601,0.8847,0.9057,0.9238,0.9395,0.9532,0.9652,0.9756,1.3709,1.3841,1.388,1.3801,1.3619,1.3385,1.3159,1.2959,1.2753,1.2496,1.2182,1.1826,1.1425,1.0951,1.0364,0.9625,0.8736,0.7779,0.6927,0.6281,0.5714,0.5237,0.5278,0.5872,0.6613,0.7267,0.7794,0.8213,0.855,0.8827,0.9059,0.9256,0.9425,0.9571,0.9698,0.9808,1.4193,1.4438,1.4547,1.4451,1.4158,1.3783,1.3467,1.3266,1.3089,1.2811,1.2447,1.2063,1.1655,1.1171,1.0531,0.9644,0.8448,0.7032,0.5817,0.5234,0.4727,0.3805,0.3908,0.5081,0.6221,0.7076,0.7704,0.8178,0.8548,0.8846,0.9093,0.9301,0.948,0.9633,0.9765,0.9879,1.4777,1.5242,1.5534,1.5446,1.4932,1.4252,1.374,1.3554,1.348,1.3148,1.27,1.2304,1.1933,1.1496,1.0863,0.9861,0.8286,0.6035,0.3831,0.3631,0.4154,0.3089,0.3265,0.4841,0.6155,0.7075,0.7734,0.8224,0.8604,0.891,0.9163,0.9378,0.9562,0.9721,0.9857,0.9973,1.5422,1.6296,1.7066,1.7136,1.6171,1.4854,1.3951,1.3717,1.3784,1.3363,1.2865,1.2525,1.2264,1.1962,1.1451,1.047,0.866,0.5578,0.1681,0.1849,0.4126,0.4255,0.4459,0.5455,0.6476,0.728,0.7888,0.8352,0.8719,0.9019,0.9272,0.9488,0.9676,0.9838,0.9976,1.0093,1.5971,1.7449,1.9318,2.0123,1.8135,1.5585,1.4138,1.366,1.3578,1.3243,1.2909,1.2729,1.2654,1.2603,1.2396,1.1649,0.9947,0.7149,0.4088,0.3772,0.4507,0.4814,0.5447,0.6206,0.6968,0.7619,0.8138,0.8551,0.8888,0.9172,0.9418,0.9634,0.9823,0.9988,1.0128,1.0243,1.6109,1.7978,2.1208,2.3803,1.9788,1.5875,1.4145,1.3486,1.3228,1.3046,1.2928,1.2935,1.3092,1.3414,1.3843,1.3586,1.1876,0.9504,0.7295,0.5617,0.3621,0.4031,0.5712,0.676,0.7472,0.8018,0.8449,0.88,0.9098,0.9362,0.96,0.9817,1.001,1.0177,1.0318,1.0431,1.5624,1.6984,1.905,2.0302,1.7164,1.4936,1.378,1.3249,1.3051,1.2987,1.2974,1.3138,1.3524,1.4209,1.5823,1.6656,1.3718,1.118,0.9165,0.7069,0.4851,0.5004,0.6432,0.7391,0.8006,0.8449,0.8793,0.9079,0.9337,0.9583,0.9819,1.0041,1.0242,1.0416,1.0557,1.0665,1.4774,1.5242,1.5015,1.2995,1.301,1.364,1.3298,1.3046,1.3025,1.3072,1.3008,1.3326,1.3968,1.4717,1.5949,1.6879,1.3988,1.1927,1.0445,0.8962,0.7651,0.7276,0.765,0.8142,0.8565,0.8896,0.9149,0.9368,0.9591,0.983,1.0076,1.0315,1.0533,1.0717,1.0859,1.0957,1.3979,1.4049,1.3586,1.2562,1.2612,1.3057,1.3004,1.2975,1.2932,1.2936,1.2965,1.3487,1.4516,1.594,1.5462,1.4477,1.324,1.2037,1.1208,1.0173,0.9182,0.8641,0.8567,0.8775,0.9088,0.9342,0.9496,0.9644,0.9848,1.0102,1.0381,1.0658,1.0906,1.1106,1.1246,1.1326,1.3371,1.338,1.3196,1.292,1.2823,1.2826,1.2897,1.3102,1.2909,1.261,1.2795,1.3718,1.4516,1.6471,1.5707,1.4098,1.3091,1.1896,1.1605,1.0615,0.9664,0.9113,0.8968,0.9156,0.9537,0.9779,0.9799,0.9883,1.0102,1.041,1.0758,1.1101,1.14,1.1621,1.1752,1.1797,1.2895,1.2899,1.2825,1.2707,1.2604,1.2563,1.2656,1.2853,1.2613,1.2033,1.2175,1.4166,1.4834,1.3142,1.3834,1.4851,1.3781,1.2098,1.1348,1.0307,0.9386,0.8936,0.8927,0.9265,0.9826,1.0083,0.9979,1.0074,1.0376,1.0788,1.1252,1.1705,1.2081,1.2327,1.2428,1.2404,1.2498,1.249,1.2436,1.2349,1.2254,1.2184,1.2154,1.2062,1.1614,1.0799,1.0283,1.0843,1.1165,0.9148,1.2744,1.501,1.3003,1.1886,1.0508,0.9288,0.8354,0.8161,0.8514,0.9079,0.9692,0.9978,1.0039,1.0294,1.0731,1.1293,1.1935,1.2569,1.3065,1.3328,1.3348,1.3188,1.2152,1.2127,1.2067,1.1978,1.1867,1.1737,1.1562,1.1236,1.0561,0.926,0.7145,0.7583,0.8733,0.9896,1.1105,1.2112,1.2022,1.0559,0.8948,0.7788,0.6721,0.6978,0.7916,0.874,0.9428,0.9891,1.0247,1.0673,1.1231,1.1976,1.2902,1.3855,1.4551,1.479,1.4609,1.4185,1.1846,1.1803,1.1729,1.1625,1.1488,1.1306,1.1044,1.0627,0.9931,0.8775,0.727,0.7699,0.7548,0.7363,0.8831,0.93,0.9062,0.7502,0.5997,0.6247,0.6325,0.6618,0.7543,0.8514,0.9441,1.0219,1.0793,1.1261,1.1863,1.2833,1.425,1.5826,1.6873,1.6949,1.6296,1.5389,1.1574,1.1514,1.1425,1.1305,1.1146,1.0936,1.0647,1.0242,0.9683,0.8985,0.8367,0.8002,0.7109,0.6616,0.5728,0.4968,0.5654,0.3674,0.0904,0.4039,0.5736,0.6477,0.7303,0.8446,0.9838,1.1138,1.1798,1.2021,1.2514,1.3739,1.5985,1.8797,2.0453,1.9961,1.8337,1.6668,1.1331,1.1257,1.1156,1.1023,1.0852,1.0632,1.0349,0.9988,0.9545,0.9048,0.8546,0.7985,0.7134,0.5373,-0.0225,-0.2668,0.2887,0.3049,0.173,0.3054,0.4527,0.5679,0.6753,0.8292,1.0444,1.2597,1.3132,1.2787,1.3025,1.4398,1.7666,2.2437,2.4929,2.3205,2.0178,1.7673,1.1114,1.1029,1.0919,1.0779,1.0603,1.0385,1.0117,0.9793,0.9413,0.8981,0.8484,0.7838,0.68,0.4661,0.0349,-0.1062,0.2574,0.346,0.2383,0.1877,0.3489,0.4437,0.548,0.7519,1.0462,1.3047,1.3554,1.3464,1.3325,1.4375,1.7952,2.3844,2.6815,2.4366,2.0726,1.7937,1.0922,1.0829,1.0712,1.0569,1.0393,1.0182,0.9929,0.9631,0.9284,0.888,0.8393,0.7751,0.6811,0.5378,0.3665,0.3077,0.3747,0.3855,0.3092,0.2691,0.2689,0.1932,0.23,0.5309,0.9541,1.33,1.6105,1.5192,1.3256,1.3315,1.5989,2.0545,2.3182,2.1986,1.9471,1.7283,1.0751,1.0653,1.0533,1.0389,1.0216,1.0013,0.9773,0.9495,0.9173,0.8795,0.8341,0.7772,0.7041,0.6154,0.5303,0.4825,0.4665,0.4358,0.3724,0.2776,0.0544,-0.3904,-0.4981,0.1013,0.784,1.3678,1.8389,1.5792,1.144,1.0895,1.2949,1.6012,1.8133,1.8295,1.7287,1.6045,1.0601,1.05,1.0379,1.0236,1.0068,0.9872,0.9646,0.9385,0.9086,0.8739,0.8332,0.7851,0.729,0.668,0.6106,0.5648,0.5253,0.4743,0.3907,0.2286,-0.1495,-0.863,-1.0761,-0.2362,0.5753,1.1098,1.3547,1.1087,0.6904,0.7691,1.0341,1.2866,1.4637,1.5343,1.5221,1.4704,1.0469,1.0366,1.0246,1.0105,0.9943,0.9756,0.9543,0.93,0.9024,0.8709,0.8351,0.7946,0.7497,0.7027,0.6565,0.6125,0.5661,0.5063,0.413,0.2462,-0.0632,-0.4874,-0.5699,-0.0746,0.4919,0.8698,1.0062,0.8594,0.6253,0.7043,0.9268,1.1238,1.2644,1.3419,1.3655,1.3544]}]