docs/data/wind_grid.json
[{"header":{"la1":42.85,"la2":41.18,"lo1":11.55,"lo2":14.05,"nx":36,"ny":24,"dx":0.07143,"dy":0.07261,"parameterCategory":2,"parameterNumber":2,"parameterNumberName":"eastward_wind","parameterUnit":"m.s-1"},"data":[1.0899,1.0801,1.0662,1.0483,1.0278,1.007,0.9887,0.9759,0.9705,0.973,0.9823,0.9962,1.012,1.027,1.0385,1.0429,1.0363,1.0142,0.9734,0.9154,0.8493,0.7913,0.7568,0.7509,0.7677,0.7964,0.8281,0.8577,0.8834,0.9047,0.9223,0.9368,0.9488,0.959,0.9676,0.975,1.1094,1.0991,1.0821,1.0585,1.0296,0.9989,0.9711,0.9514,0.9435,0.9483,0.9636,0.9854,1.0099,1.0337,1.0537,1.0658,1.0639,1.0394,0.9831,0.892,0.7802,0.6819,0.6324,0.6394,0.6829,0.7381,0.7901,0.8334,0.8677,0.8944,0.9153,0.9319,0.9454,0.9564,0.9658,0.9737,1.137,1.1275,1.108,1.0769,1.0357,0.9892,0.9451,0.9131,0.901,0.9102,0.9356,0.9695,1.0063,1.0421,1.0743,1.0992,1.1093,1.0898,1.0176,0.8727,0.6698,0.4865,0.4164,0.4663,0.5693,0.6709,0.752,0.8117,0.855,0.8866,0.9102,0.9284,0.9429,0.9547,0.9645,0.9729,1.1756,1.1706,1.1504,1.1107,1.0515,0.9791,0.9063,0.8511,0.8314,0.8506,0.8948,0.9477,1.0008,1.0517,1.0998,1.1443,1.1797,1.1859,1.1136,0.8909,0.4992,0.1153,0.0294,0.2109,0.4361,0.6077,0.7226,0.7978,0.8478,0.8825,0.9075,0.9265,0.9414,0.9537,0.9639,0.9726,1.2287,1.2352,1.2205,1.173,1.0883,0.9744,0.85,0.7475,0.7129,0.7581,0.8393,0.9208,0.9944,1.0621,1.128,1.1976,1.2765,1.3536,1.3483,1.0593,0.3126,-0.5519,-0.5857,-0.0763,0.3341,0.5764,0.7149,0.7969,0.8483,0.8826,0.9073,0.926,0.941,0.9533,0.9638,0.9727,1.2981,1.3302,1.3367,1.2884,1.1687,0.9917,0.783,0.5844,0.5167,0.6298,0.7772,0.8945,0.9894,1.0735,1.1554,1.2481,1.3792,1.5894,1.8209,1.5935,0.4773,-0.9733,-0.9107,-0.1228,0.3626,0.6092,0.7384,0.8112,0.856,0.8863,0.9088,0.9265,0.9411,0.9535,0.964,0.9732,1.3801,1.4604,1.5244,1.5001,1.3301,1.0623,0.7583,0.4422,0.3239,0.5338,0.7369,0.877,0.9887,1.0877,1.1814,1.2829,1.4354,1.7445,2.2787,2.1871,1.1576,0.1692,-0.0418,0.2895,0.5563,0.7056,0.7874,0.8354,0.8672,0.891,0.9104,0.9269,0.9413,0.9538,0.9646,0.974,1.4571,1.6072,1.7949,1.8646,1.5997,1.195,0.8388,0.5541,0.4544,0.5776,0.7285,0.866,0.992,1.1096,1.218,1.3116,1.4231,1.6371,1.9433,1.8904,1.604,1.3001,0.9266,0.7947,0.7943,0.8176,0.8386,0.8568,0.8745,0.8923,0.9098,0.9261,0.9409,0.954,0.9653,0.975,1.4955,1.6932,2.0177,2.2713,1.838,1.2972,0.9216,0.6781,0.5579,0.5641,0.6832,0.843,0.9934,1.1429,1.3002,1.3914,1.415,1.4908,1.6075,1.7196,2.0186,1.8901,1.3809,1.0833,0.9481,0.8872,0.8624,0.8592,0.8692,0.886,0.9049,0.9233,0.9398,0.9541,0.9662,0.9764,1.4732,1.6374,1.8651,1.9949,1.6857,1.2747,0.9074,0.61,0.3269,0.2589,0.5358,0.8032,0.9832,1.1617,1.471,1.6319,1.4569,1.4416,1.5055,1.6284,1.8532,1.7706,1.4179,1.1471,0.9771,0.878,0.833,0.8271,0.8435,0.8687,0.8949,0.9184,0.9381,0.9543,0.9674,0.9781,1.4094,1.5137,1.6127,1.663,1.5932,1.2164,0.8402,0.5137,-0.1029,-0.412,0.3761,0.7912,0.9595,1.0752,1.3869,1.6232,1.4349,1.4658,1.5178,1.5293,1.5384,1.4634,1.2771,1.0656,0.8821,0.7629,0.7254,0.7475,0.7936,0.8411,0.8813,0.9129,0.9369,0.9551,0.9692,0.9803,1.3333,1.4023,1.4867,1.5943,1.5085,1.1005,0.7626,0.5819,0.2548,0.0214,0.5412,0.8594,0.9488,0.9317,0.9634,1.1943,1.3757,1.6715,1.7518,1.574,1.4315,1.3048,1.1337,0.9022,0.6476,0.4902,0.5062,0.6141,0.7247,0.8095,0.8691,0.9099,0.9378,0.9574,0.9717,0.9828,1.2564,1.2936,1.33,1.3366,1.2135,0.9506,0.7107,0.6056,0.598,0.6113,0.8028,0.9881,1.0097,0.8018,0.7527,1.0471,1.3503,2.2305,2.2739,1.6678,1.4002,1.2288,1.0241,0.6966,0.2363,-0.0251,0.16,0.452,0.6608,0.7891,0.8664,0.9133,0.9423,0.9612,0.9746,0.9852,1.1862,1.1957,1.1908,1.1498,1.0458,0.8906,0.7416,0.6521,0.6753,0.7859,0.9289,1.0993,1.1555,1.2382,0.9825,0.8626,1.1482,1.7599,1.8958,1.5536,1.3417,1.1872,0.9748,0.5651,-0.1554,-0.5745,-0.1235,0.3664,0.6487,0.8,0.8815,0.9258,0.9504,0.9655,0.9767,0.9863,1.1294,1.1227,1.1011,1.0559,0.9827,0.8931,0.813,0.7731,0.801,0.879,0.9568,1.0342,1.1159,1.2014,1.0348,0.8592,1.7105,1.4665,1.4514,1.367,1.2767,1.186,1.0119,0.6644,0.0869,-0.2561,0.0765,0.4827,0.7259,0.8536,0.9167,0.9455,0.9582,0.9663,0.9746,0.9843,1.0876,1.0743,1.0503,1.0132,0.9648,0.9136,0.8739,0.8611,0.8821,0.9177,0.9155,0.988,1.0411,1.1014,1.0897,1.2494,1.5953,1.3842,1.3044,1.2749,1.2776,1.2375,1.0921,0.8761,0.6138,0.4694,0.5688,0.7468,0.8742,0.9406,0.9636,0.9627,0.9558,0.9552,0.9633,0.9764,1.0586,1.0441,1.0228,0.995,0.9633,0.9334,0.9129,0.9084,0.9197,0.9332,0.9253,0.9794,1.0858,1.1228,1.0364,1.078,1.1835,1.2206,1.2324,1.2378,1.2782,1.2447,1.134,1.0289,0.9538,0.94,0.979,1.0222,1.0442,1.0382,1.0047,0.9576,0.9233,0.9186,0.936,0.9606,1.0393,1.0258,1.0084,0.988,0.9667,0.9482,0.9362,0.9334,0.9388,0.948,0.9608,0.9945,1.0773,1.0645,0.7832,0.7018,0.9388,1.1675,1.2706,1.2232,1.2059,1.1776,1.1314,1.1154,1.1603,1.2504,1.2942,1.2627,1.206,1.1292,1.0215,0.9013,0.8313,0.8416,0.8904,0.9388,1.0266,1.0149,1.001,0.9858,0.9709,0.9583,0.9501,0.947,0.9485,0.9525,0.9576,0.9601,0.9359,0.7601,0.1188,-0.1464,0.663,1.1012,1.2453,1.2454,1.1806,1.1213,1.1014,1.1536,1.299,1.4871,1.5336,1.4546,1.3536,1.2162,1.0185,0.7873,0.6763,0.7382,0.8427,0.9217,1.0183,1.0084,0.9972,0.9856,0.9746,0.9652,0.9584,0.9543,0.9522,0.9498,0.9428,0.9203,0.8505,0.6464,0.1877,0.0565,0.6286,1.0296,1.2898,1.3696,1.161,1.0233,1.0001,1.1178,1.3495,1.5596,1.601,1.6121,1.5056,1.3254,1.0617,0.7418,0.6009,0.7008,0.8357,0.9271,1.013,1.0046,0.9955,0.9863,0.9775,0.9699,0.9636,0.9584,0.9534,0.9462,0.9322,0.9023,0.839,0.7199,0.5714,0.567,0.7693,0.9924,1.166,1.1924,0.9895,0.7514,0.7036,0.9407,1.3192,1.6942,2.0303,1.934,1.6859,1.4777,1.2183,0.9228,0.771,0.8095,0.8973,0.9645,1.0096,1.0024,0.9949,0.9873,0.98,0.9733,0.9672,0.9613,0.9546,0.9452,0.9299,0.9038,0.8617,0.8052,0.7595,0.772,0.8512,0.9446,0.9942,0.9261,0.6381,0.1411,0.0129,0.5584,1.2034,1.8105,2.3286,2.1062,1.8194,1.6633,1.4334,1.1846,1.0258,0.9831,0.9979,1.0228,1.0074,1.0013,0.9949,0.9884,0.9821,0.9761,0.9702,0.964,0.9568,0.9474,0.9338,0.9145,0.8891,0.8623,0.8461,0.8537,0.8823,0.9064,0.8841,0.7469,0.3672,-0.3278,-0.5305,0.2495,1.0257,1.5861,1.904,1.9101,1.9485,1.8598,1.6086,1.3712,1.209,1.1251,1.0921,1.0826,1.0062,1.0009,0.9953,0.9897,0.9841,0.9786,0.973,0.9671,0.9602,0.9516,0.9407,0.9271,0.9117,0.8975,0.8894,0.89,0.8942,0.8856,0.8353,0.6975,0.4105,0.0131,-0.0645,0.3983,0.9521,1.3731,1.6384,1.8107,1.9618,1.884,1.6576,1.4516,1.3044,1.2119,1.1592,1.1304]},{"header":{"la1":42.85,"la2":41.18,"lo1":11.55,"lo2":14.05,"nx":36,"ny":24,"dx":0.07143,"dy":0.07261,"parameterCategory":2,"parameterNumber":3,"parameterNumberName":"northward_wind","parameterUnit":"m.s-1"},"data":[1.3845,1.3525,1.3117,1.2623,1.2058,1.1455,1.0864,1.0337,0.9907,0.9571,0.9286,0.8997,0.8655,0.8231,0.7711,0.7096,0.639,0.5604,0.4759,0.39,0.312,0.2555,0.232,0.2443,0.2845,0.3405,0.4021,0.4627,0.5194,0.5712,0.6179,0.66,0.6979,0.7323,0.7635,0.7918,1.4229,1.3889,1.3426,1.283,1.2114,1.1323,1.0544,0.988,0.9409,0.9126,0.8946,0.8759,0.8479,0.8067,0.7514,0.6824,0.6003,0.5051,0.397,0.2787,0.1629,0.0765,0.0471,0.0792,0.1523,0.2411,0.3293,0.4097,0.4804,0.5421,0.5961,0.6435,0.6855,0.723,0.7567,0.787,1.4713,1.4371,1.3856,1.3134,1.2199,1.1102,0.9985,0.9062,0.8527,0.8387,0.8446,0.8467,0.8309,0.7934,0.7353,0.6587,0.5648,0.4526,0.3171,0.1514,-0.0344,-0.1838,-0.2217,-0.1426,-0.0065,0.134,0.2576,0.3609,0.4464,0.5178,0.5784,0.6306,0.6763,0.7165,0.7524,0.7845,1.5324,1.5018,1.4478,1.362,1.2385,1.0791,0.9031,0.7552,0.6886,0.7113,0.7707,0.8128,0.817,0.7849,0.7241,0.6402,0.536,0.4107,0.2533,0.0289,-0.2891,-0.5871,-0.6305,-0.4317,-0.1797,0.0334,0.1972,0.3227,0.421,0.5004,0.5663,0.6223,0.6708,0.7133,0.751,0.7845,1.6086,1.5885,1.5394,1.4441,1.2845,1.0495,0.7513,0.4704,0.368,0.4892,0.669,0.7809,0.8112,0.7834,0.7183,0.6274,0.5158,0.388,0.2376,-0.0185,-0.55,-1.1935,-1.1993,-0.7331,-0.3176,-0.0328,0.162,0.3019,0.4076,0.4915,0.5605,0.6189,0.6694,0.7136,0.7526,0.7873,1.6997,1.7016,1.6727,1.5819,1.3909,1.0624,0.5632,-0.0298,-0.2474,0.1445,0.5671,0.7721,0.8219,0.7894,0.7156,0.6187,0.5041,0.3846,0.2953,0.1204,-0.5409,-1.5427,-1.4839,-0.8142,-0.3334,-0.0341,0.1629,0.3023,0.4075,0.4914,0.5611,0.6205,0.6722,0.7175,0.7576,0.7931,1.8008,1.8382,1.8543,1.7974,1.5961,1.1991,0.5224,-0.4945,-0.9464,-0.0967,0.5766,0.8217,0.8554,0.7982,0.7067,0.6063,0.4985,0.3895,0.3636,0.3109,-0.1928,-0.7874,-0.8685,-0.5282,-0.2035,0.0305,0.1971,0.321,0.4183,0.4985,0.567,0.6266,0.6789,0.7251,0.766,0.8021,1.8985,1.9779,2.0633,2.0806,1.8889,1.4897,0.8915,0.0775,-0.2711,0.3436,0.8114,0.9434,0.9062,0.7952,0.6667,0.5647,0.4863,0.3965,0.3199,0.1878,-0.1342,-0.2953,-0.3099,-0.1948,-0.0283,0.1236,0.2471,0.3482,0.4341,0.5094,0.5764,0.6361,0.6893,0.7364,0.7779,0.8143,1.9757,2.0806,2.2082,2.2896,2.1233,1.8009,1.4341,1.0983,0.9828,1.0962,1.1584,1.0989,0.958,0.7615,0.5403,0.4235,0.432,0.3994,0.2833,0.0236,-0.4062,-0.3553,-0.135,-0.0012,0.1075,0.2035,0.2895,0.3699,0.4466,0.5194,0.587,0.6483,0.7031,0.7513,0.7935,0.8302,2.0258,2.1354,2.2431,2.2932,2.2465,2.0485,1.8483,1.721,1.6829,1.6422,1.4632,1.2395,1.0034,0.7177,0.2688,0.0476,0.3294,0.3966,0.3123,0.0939,-0.2272,-0.2055,0.0006,0.1228,0.1911,0.2435,0.3011,0.3703,0.4471,0.5245,0.5972,0.6628,0.7205,0.7705,0.8134,0.8501,2.053,2.1752,2.3428,2.59,2.5414,2.2622,2.165,2.116,1.9935,1.9585,1.6681,1.3393,1.0389,0.7507,0.3236,0.0398,0.3435,0.3817,0.333,0.2577,0.1536,0.1305,0.1818,0.2125,0.2095,0.2108,0.2522,0.3324,0.4285,0.5228,0.6074,0.6806,0.7427,0.7949,0.8384,0.8746,2.0548,2.1775,2.3543,2.573,2.5354,2.3767,2.4867,2.6331,2.3019,2.0068,1.7405,1.42,1.053,0.6812,0.6191,0.5073,0.4105,0.2392,0.1945,0.2997,0.3383,0.3323,0.3058,0.2315,0.1103,0.0378,0.0991,0.242,0.3909,0.5181,0.6215,0.7049,0.772,0.8261,0.8695,0.9044,2.0314,2.1299,2.2457,2.3435,2.3624,2.4218,2.7061,3.0941,2.7824,2.1811,1.8181,1.6008,1.2874,0.6356,0.646,0.5104,0.3249,-0.1627,-0.1718,0.2757,0.4256,0.4378,0.3648,0.1667,-0.1759,-0.3792,-0.1887,0.1146,0.3533,0.5233,0.647,0.7402,0.8115,0.8662,0.9081,0.9403,1.9941,2.0669,2.1416,2.2064,2.2668,2.3835,2.6138,2.8678,2.6922,2.2174,1.9387,1.8268,1.767,1.3879,0.8077,0.044,0.1343,0.1129,0.1191,0.4017,0.5093,0.5043,0.4095,0.1165,-0.4936,-0.8692,-0.4412,0.0475,0.3589,0.5569,0.6931,0.7919,0.8646,0.9176,0.9557,0.983,1.9541,2.0094,2.0653,2.1206,2.1843,2.2751,2.3913,2.4599,2.3677,2.2294,2.1901,2.1115,1.9936,2.4832,0.9505,-0.0957,-0.0396,0.354,0.5424,0.6001,0.5291,0.4985,0.4697,0.2419,-0.2575,-0.5699,-0.2486,0.1618,0.4419,0.6302,0.7649,0.8638,0.9345,0.9824,1.0132,1.0327,1.9162,1.9603,2.0051,2.0515,2.1026,2.1605,2.215,2.2415,2.2473,2.3516,2.6921,2.7432,2.4117,1.9758,1.3057,0.6011,0.291,0.6891,0.9185,0.7392,0.2052,0.2894,0.524,0.4666,0.2438,0.0992,0.1908,0.3871,0.575,0.7326,0.8599,0.9571,1.0236,1.0622,1.0809,1.0886,1.8814,1.9174,1.9541,1.9916,2.0305,2.0696,2.1054,2.1384,2.1961,2.3541,2.6358,2.5692,2.5642,2.5179,1.7622,1.3075,1.1744,1.4381,1.6497,1.1452,0.1947,0.3248,0.6582,0.667,0.5435,0.4403,0.4427,0.5456,0.6935,0.8414,0.971,1.0718,1.1335,1.1568,1.1566,1.1481,1.8496,1.8795,1.9097,1.9401,1.9706,2.0009,2.0315,2.0679,2.1253,2.219,2.314,2.3542,2.5525,2.5643,2.1241,1.9506,1.8399,2.3236,2.968,2.0328,1.2405,0.9722,0.9402,0.8357,0.6347,0.4119,0.3649,0.5451,0.7652,0.9453,1.0908,1.2032,1.26,1.2592,1.2329,1.2056,1.8204,1.8455,1.8707,1.8958,1.9208,1.946,1.9729,2.005,2.0471,2.0992,2.1482,2.1915,2.2493,2.2788,2.538,2.6969,2.2218,2.4592,2.826,2.536,1.9498,1.4854,1.2211,0.9761,0.5955,0.0121,-0.1144,0.4398,0.8392,1.0574,1.2059,1.3227,1.372,1.3441,1.2945,1.2531,1.7935,1.8149,1.8361,1.8571,1.8781,1.8994,1.9221,1.9477,1.9772,2.0094,2.0405,2.0711,2.1107,2.202,2.4726,2.5648,2.2784,2.3839,2.9284,3.179,2.3239,1.7616,1.4404,1.1473,0.7167,-0.0112,-0.1749,0.6617,1.0449,1.2081,1.3,1.3727,1.4053,1.3757,1.3271,1.2853,1.7688,1.787,1.8051,1.8229,1.8406,1.8585,1.877,1.8968,1.918,1.9399,1.9618,1.9858,2.0203,2.0847,2.1796,2.2058,2.1697,2.2806,2.597,2.6705,2.2205,1.8602,1.6429,1.3954,1.1228,1.029,1.4302,1.4409,1.4001,1.4249,1.411,1.3927,1.3882,1.3709,1.3391,1.3056,1.7459,1.7615,1.777,1.7921,1.807,1.8219,1.8369,1.8522,1.8679,1.8837,1.8999,1.9182,1.9427,1.9769,2.0131,2.0315,2.0469,2.1077,2.1961,2.1765,2.0234,1.9504,1.9084,1.6655,1.4572,1.566,1.9522,1.8058,1.7565,1.7278,1.593,1.4776,1.4167,1.3828,1.3525,1.3227,1.7246,1.7381,1.7513,1.7641,1.7767,1.789,1.801,1.813,1.8248,1.8364,1.8484,1.8614,1.877,1.895,1.9122,1.9253,1.9399,1.9637,1.982,1.965,1.9454,2.0408,2.0863,1.8231,1.6133,1.6261,1.7575,1.8962,2.1821,2.0742,1.7891,1.589,1.4775,1.4154,1.3739,1.3409,1.7047,1.7163,1.7277,1.7386,1.7491,1.7592,1.7689,1.7782,1.7871,1.7957,1.8042,1.813,1.8224,1.832,1.8408,1.8481,1.8552,1.8623,1.8646,1.8614,1.8776,1.941,1.9438,1.7938,1.6593,1.6449,1.7397,1.9644,2.2362,2.1316,1.8568,1.6505,1.5238,1.4466,1.3958,1.3584]}]