docs/data/wind_grid.json
[{"header":{"la1":42.22,"la2":41.45,"lo1":11.9,"lo2":12.97,"nx":16,"ny":12,"dx":0.07133,"dy":0.07,"parameterCategory":2,"parameterNumber":2,"parameterNumberName":"eastward_wind","parameterUnit":"m.s-1"},"data":[2.21,2.2878,2.4132,2.5604,2.616,2.5369,2.4559,2.4379,2.4586,2.4918,2.5394,2.6108,2.6896,2.7393,2.7402,2.7029,2.1554,2.2336,2.4143,2.7327,2.8797,2.6366,2.4676,2.4571,2.5042,2.5368,2.5838,2.6974,2.8435,2.9225,2.8946,2.8084,2.0651,2.0901,2.2242,2.6704,2.9447,2.5917,2.4304,2.4838,2.6236,2.6191,2.6196,2.8131,3.1186,3.2403,3.1116,2.925,1.9616,1.885,1.7756,1.9671,2.3441,2.3443,2.3701,2.4802,2.85,2.6956,2.6057,2.9258,3.5646,3.7155,3.3341,3.005,1.8908,1.7696,1.56,1.6136,1.98,2.1512,2.395,2.5192,2.3307,2.3992,2.5087,2.8717,3.651,3.8317,3.3309,2.9686,1.8672,1.7846,1.6987,1.7311,1.8316,1.9094,2.1665,2.29,2.0677,2.1473,2.4466,2.7218,2.9847,3.1791,3.0063,2.7958,1.8626,1.8117,1.7661,1.7267,1.6292,1.4745,1.5286,1.723,1.8377,2.0293,2.4555,2.7924,2.6857,2.6773,2.6318,2.5616,1.8574,1.812,1.7551,1.6616,1.466,1.0874,1.257,1.4299,1.6115,1.8758,2.2345,2.4791,2.4208,2.3165,2.3,2.3279,1.8515,1.8053,1.7421,1.645,1.4932,1.3285,1.3616,1.3133,1.1818,1.658,2.0019,2.1537,2.0622,1.9178,1.9973,2.13,1.8497,1.8057,1.7485,1.673,1.5834,1.5118,1.4848,1.4154,1.4,1.6519,1.8932,1.986,1.8646,1.7222,1.8465,2.0161,1.8537,1.8151,1.7686,1.7148,1.6601,1.6174,1.5918,1.5766,1.6119,1.7344,1.8705,1.9323,1.8803,1.8177,1.8805,1.9938,1.8626,1.8305,1.7946,1.7568,1.7217,1.6955,1.6829,1.689,1.7269,1.7999,1.8798,1.9275,1.9277,1.9189,1.9502,2.0119]},{"header":{"la1":42.22,"la2":41.45,"lo1":11.9,"lo2":12.97,"nx":16,"ny":12,"dx":0.07133,"dy":0.07,"parameterCategory":2,"parameterNumber":3,"parameterNumberName":"northward_wind","parameterUnit":"m.s-1"},"data":[3.0331,3.0706,3.1344,3.2106,3.2324,3.1635,3.0737,3.0082,2.9633,2.9255,2.8825,2.8303,2.7785,2.7445,2.7364,2.7478,3.0103,3.0472,3.1415,3.3149,3.3947,3.2341,3.0812,2.9998,2.9541,2.919,2.8683,2.789,2.7021,2.6539,2.6603,2.6954,2.9673,2.9717,3.0382,3.2833,3.4346,3.2152,3.0562,2.9808,2.9369,2.9155,2.8592,2.7308,2.5646,2.4974,2.5539,2.6373,2.9175,2.8578,2.7768,2.8882,3.1097,3.0853,3.0192,2.9714,2.9124,2.9155,2.8603,2.6711,2.3422,2.2642,2.4453,2.5963,2.8917,2.8003,2.6428,2.682,2.9491,3.024,3.0062,2.9875,2.9411,2.9344,2.8783,2.7033,2.3017,2.2075,2.4452,2.609,2.9039,2.8452,2.7816,2.8334,2.9796,3.0439,3.0312,3.0054,2.9429,2.9702,2.9091,2.8438,2.6652,2.5307,2.5949,2.6813,2.9356,2.9173,2.918,2.9701,3.0562,3.1209,3.1282,3.0895,3.0753,3.0066,2.9254,2.8969,2.8405,2.7636,2.7524,2.7722,2.9659,2.9686,2.9881,3.0338,3.1041,3.1939,3.1772,3.136,3.0653,3.0177,2.9533,2.91,2.8889,2.8735,2.8603,2.8492,2.9872,2.9973,3.0184,3.0532,3.0993,3.141,3.1318,3.0901,3.0777,3.0343,2.9803,2.9441,2.9396,2.9516,2.9325,2.9034,2.9999,3.011,3.0285,3.0521,3.0776,3.0944,3.0909,3.076,3.0642,3.0324,2.9921,2.9645,2.9668,2.983,2.9629,2.9319,3.0063,3.0161,3.0292,3.0445,3.0588,3.067,3.0659,3.0578,3.0443,3.0216,2.9938,2.9726,2.9677,2.9711,2.9602,2.9406,3.0086,3.0165,3.0259,3.0358,3.0441,3.0484,3.0472,3.0407,3.0289,3.0119,2.9923,2.9756,2.9662,2.9614,2.9538,2.9423]}]