docs/data/wind_grid.json
[{"header":{"la1":42.85,"la2":41.18,"lo1":11.55,"lo2":14.05,"nx":36,"ny":24,"dx":0.07143,"dy":0.07261,"parameterCategory":2,"parameterNumber":2,"parameterNumberName":"eastward_wind","parameterUnit":"m.s-1"},"data":[3.5207,3.5332,3.5498,3.5701,3.593,3.6166,3.6379,3.6539,3.6623,3.6622,3.654,3.6393,3.6191,3.5944,3.5659,3.5342,3.5011,3.4688,3.4401,3.417,3.4008,3.3915,3.3884,3.3905,3.396,3.4033,3.4109,3.4181,3.4246,3.4303,3.4354,3.4398,3.4437,3.4473,3.4506,3.4537,3.5022,3.5162,3.5362,3.5623,3.5936,3.6272,3.6587,3.6826,3.6947,3.6935,3.6812,3.6608,3.6346,3.6035,3.5676,3.5271,3.484,3.4418,3.4051,3.3776,3.3602,3.352,3.3522,3.3589,3.3695,3.3813,3.3925,3.4024,3.4109,3.418,3.424,3.4292,3.4338,3.4379,3.4416,3.4452,3.4773,3.4919,3.5152,3.5485,3.5913,3.6405,3.689,3.7267,3.7442,3.7393,3.7182,3.6884,3.6541,3.6154,3.5706,3.5187,3.4612,3.4039,3.3561,3.3247,3.3088,3.304,3.3091,3.3227,3.3405,3.3582,3.3736,3.3863,3.3966,3.405,3.412,3.4179,3.4231,3.4277,3.4319,3.4359,3.4441,3.4575,3.483,3.524,3.5824,3.6558,3.7346,3.7987,3.8251,3.8088,3.7682,3.7224,3.6774,3.6307,3.5765,3.5103,3.4314,3.3486,3.2828,3.2518,3.2479,3.2515,3.2622,3.2846,3.3113,3.3355,3.355,3.3702,3.382,3.3914,3.3991,3.4057,3.4114,3.4166,3.4213,3.4258,3.401,3.4097,3.4342,3.4814,3.5584,3.6679,3.8015,3.9232,3.9676,3.9166,3.832,3.7599,3.7032,3.6503,3.5884,3.5063,3.396,3.2649,3.159,3.1407,3.1852,3.2125,3.2234,3.2517,3.286,3.3152,3.3375,3.354,3.3666,3.3766,3.385,3.3922,3.3985,3.4043,3.4096,3.4146,3.3471,3.3463,3.3634,3.4106,3.5041,3.6586,3.8807,4.1295,4.2202,4.0695,3.8974,3.7925,3.7285,3.6752,3.6113,3.5172,3.3693,3.1508,2.931,2.9374,3.1126,3.2046,3.2102,3.2327,3.268,3.2984,3.3208,3.3372,3.3497,3.36,3.369,3.3769,3.3841,3.3906,3.3965,3.4022,3.284,3.269,3.2714,3.3059,3.4024,3.592,3.8981,4.3163,4.4922,4.1772,3.9221,3.8075,3.7509,3.7064,3.6496,3.5574,3.3914,3.0925,2.6915,2.7138,3.012,3.1415,3.1849,3.2173,3.2539,3.2828,3.3029,3.3174,3.3294,3.3402,3.3502,3.3593,3.3676,3.375,3.3818,3.3881,3.2155,3.1865,3.1805,3.1958,3.2616,3.4492,3.7476,4.1041,4.25,4.0402,3.8727,3.8035,3.7725,3.7446,3.7023,3.6302,3.4926,3.2418,2.937,2.8929,2.9266,2.9804,3.1063,3.1904,3.2381,3.264,3.279,3.2908,3.3027,3.3151,3.3273,3.3386,3.3485,3.3572,3.3649,3.3722,3.1433,3.1004,3.1253,3.1874,3.1318,3.2669,3.5241,3.7444,3.8421,3.8289,3.8036,3.799,3.8016,3.7899,3.7545,3.7085,3.6278,3.4706,3.2646,3.0338,2.6726,2.7465,3.0355,3.1715,3.22,3.2341,3.2404,3.2501,3.265,3.2824,3.2993,3.3142,3.3265,3.3367,3.3456,3.3538,3.0673,2.9726,2.9278,2.9275,2.797,3.0404,3.3579,3.5689,3.6921,3.7442,3.7699,3.8108,3.8503,3.8503,3.7709,3.7202,3.7324,3.6584,3.4996,3.225,2.8701,2.8909,3.0962,3.1841,3.1914,3.1753,3.1699,3.1842,3.2109,3.2401,3.2657,3.286,3.3013,3.3131,3.3231,3.3323,3.0066,2.8212,2.4836,1.832,1.967,2.8049,3.2746,3.4981,3.7034,3.7837,3.764,3.84,3.9342,3.98,3.8533,3.7481,3.8296,3.839,3.7533,3.5529,3.3325,3.2421,3.2353,3.1942,3.112,3.0441,3.0355,3.0774,3.1358,3.1883,3.2277,3.2547,3.2728,3.2857,3.2963,3.3066,3.0008,2.7913,2.4175,1.8761,2.0407,2.8555,3.2835,3.4265,3.5525,3.6994,3.7528,3.8755,4.041,4.2639,4.146,3.9676,3.9745,4.1003,4.0844,3.8489,3.6236,3.4621,3.3215,3.1345,2.9016,2.7523,2.786,2.917,3.0432,3.1329,3.189,3.2217,3.2406,3.253,3.2636,3.275,3.0593,2.9076,2.7074,2.5548,2.7087,3.0759,3.2918,3.5543,3.2326,3.5443,3.7467,3.9167,4.0224,4.3538,4.2329,4.0044,4.0537,4.4949,4.4988,4.0369,3.7672,3.5682,3.3434,2.987,2.4706,2.173,2.3899,2.7261,2.9572,3.0881,3.1557,3.1878,3.2025,3.2116,3.2215,3.2348,3.1514,3.0673,2.9908,2.9748,3.0695,3.2108,3.2558,3.0874,3.1943,3.5305,3.7406,3.9881,4.0156,3.4302,3.882,3.93,3.9927,4.2384,4.281,4.013,3.7989,3.6159,3.3659,2.8837,2.0303,1.5338,2.0618,2.6225,2.9279,3.0723,3.1323,3.1504,3.1526,3.1547,3.1641,3.1819,3.2453,3.2055,3.1827,3.1958,3.2492,3.3116,3.3391,3.3437,3.4353,3.5872,3.681,3.7351,3.6673,3.4349,3.7927,3.9252,4.0515,4.0418,4.0337,3.9136,3.755,3.634,3.4459,3.0336,2.3309,1.9132,2.2962,2.7476,2.9923,3.0927,3.114,3.0985,3.0772,3.0697,3.0823,3.1108,3.3268,3.311,3.309,3.3268,3.3621,3.4031,3.4401,3.4838,3.5525,3.6178,3.6219,3.5479,3.6046,3.6601,3.8033,3.9452,4.0347,4.031,4.0077,3.8566,3.6072,3.5991,3.55,3.3164,2.9811,2.7802,2.8659,3.0311,3.1231,3.1319,3.0822,3.008,2.9496,2.9348,2.9629,3.0161,3.3935,3.39,3.3966,3.4149,3.4433,3.4777,3.5155,3.5588,3.6053,3.6357,3.6288,3.6215,3.644,3.6773,3.838,3.961,4.0407,4.1306,4.1701,3.957,3.5985,3.6204,3.6481,3.5404,3.4073,3.3357,3.3257,3.3121,3.2608,3.1603,3.0082,2.8376,2.7246,2.7187,2.7934,2.8966,3.4472,3.4504,3.4608,3.479,3.5042,3.5345,3.5686,3.605,3.6395,3.6636,3.6756,3.69,3.6875,3.7246,3.9783,4.1226,4.1627,4.3706,4.6104,4.2562,3.9521,3.8294,3.773,3.7018,3.6627,3.6906,3.6769,3.5451,3.3723,3.162,2.8711,2.5372,2.3446,2.3976,2.5786,2.7654,3.4906,3.4975,3.5097,3.5276,3.5506,3.5777,3.6078,3.6391,3.6693,3.6959,3.7211,3.753,3.8044,3.949,4.3448,4.5023,4.2796,4.3926,4.5427,4.4225,4.1997,4.0162,3.901,3.82,3.8189,3.9834,4.0175,3.7113,3.4367,3.1512,2.7106,2.1352,1.8433,2.0381,2.3798,2.6613,3.526,3.5349,3.548,3.5653,3.5866,3.6112,3.6383,3.6669,3.6959,3.7258,3.7597,3.8058,3.8835,4.0403,4.3212,4.4198,4.2838,4.3384,4.5545,4.6482,4.3432,4.1472,4.0228,3.9053,3.8467,4.0081,4.0532,3.6381,3.4196,3.1735,2.6899,1.9761,1.6272,1.9086,2.3232,2.6384,3.555,3.5651,3.5785,3.5952,3.6151,3.6378,3.6628,3.6897,3.7184,3.75,3.7876,3.8374,3.91,4.0173,4.1418,4.2045,4.2147,4.2828,4.425,4.4687,4.3468,4.2853,4.2123,4.0184,3.7804,3.5373,3.1616,3.2196,3.3628,3.2776,2.9191,2.3645,2.0501,2.1851,2.4711,2.7183,3.5791,3.5897,3.6031,3.6192,3.638,3.6591,3.6825,3.7081,3.736,3.7675,3.8046,3.8507,3.9095,3.9804,4.0516,4.1048,4.147,4.2045,4.2747,4.3211,4.3887,4.5856,4.6248,4.2495,3.7926,3.2962,2.7756,3.0584,3.4837,3.5071,3.2566,2.891,2.6374,2.6135,2.7253,2.8642,3.599,3.6099,3.6231,3.6386,3.6563,3.6762,3.6981,3.7223,3.7489,3.7788,3.8132,3.8534,3.9001,3.9515,4.0024,4.0482,4.0917,4.1402,4.1973,4.2772,4.4594,4.8408,4.96,4.4432,3.9025,3.4881,3.2666,3.5026,3.8948,3.8141,3.5336,3.248,3.0409,2.9553,2.9653,3.0211,3.6157,3.6266,3.6394,3.6542,3.6709,3.6896,3.7102,3.7328,3.7577,3.7852,3.8161,3.8506,3.8886,3.9288,3.9691,4.0081,4.0474,4.0906,4.1451,4.2304,4.3893,4.6184,4.656,4.3395,3.9592,3.6851,3.5863,3.7324,3.9546,3.8757,3.6453,3.4291,3.2683,3.1769,3.1467,3.1564]},{"header":{"la1":42.85,"la2":41.18,"lo1":11.55,"lo2":14.05,"nx":36,"ny":24,"dx":0.07143,"dy":0.07261,"parameterCategory":2,"parameterNumber":3,"parameterNumberName":"northward_wind","parameterUnit":"m.s-1"},"data":[1.1401,1.1445,1.1455,1.1429,1.1369,1.1279,1.1163,1.1022,1.0852,1.0653,1.0423,1.0163,0.9874,0.9555,0.9204,0.8827,0.8435,0.8045,0.7681,0.7366,0.712,0.6961,0.69,0.6929,0.7026,0.7159,0.7303,0.7445,0.7575,0.7693,0.7797,0.7888,0.7968,0.8038,0.8099,0.8152,1.1694,1.1764,1.1787,1.176,1.169,1.1587,1.1459,1.1306,1.1122,1.0901,1.0642,1.0348,1.0021,0.9656,0.9245,0.879,0.8301,0.7809,0.7349,0.6953,0.6646,0.6456,0.6413,0.651,0.6695,0.6914,0.7128,0.7322,0.7491,0.7636,0.7761,0.7867,0.7959,0.8038,0.8106,0.8164,1.2045,1.2154,1.2197,1.2167,1.2075,1.1946,1.1801,1.1642,1.1448,1.12,1.0903,1.057,1.0203,0.9792,0.9315,0.876,0.8139,0.7499,0.6909,0.6413,0.6018,0.5766,0.5752,0.5974,0.6312,0.6656,0.696,0.7214,0.7424,0.7596,0.774,0.7861,0.7963,0.805,0.8124,0.8187,1.2472,1.2649,1.2728,1.2687,1.2546,1.2362,1.2193,1.2043,1.1851,1.1566,1.121,1.0827,1.0427,0.998,0.9439,0.8762,0.7948,0.7073,0.6298,0.5719,0.5226,0.4819,0.4842,0.5319,0.5908,0.642,0.6824,0.7138,0.7384,0.7581,0.7741,0.7873,0.7984,0.8077,0.8156,0.8223,1.2997,1.3299,1.3458,1.3402,1.315,1.2837,1.262,1.2526,1.238,1.2023,1.1555,1.111,1.0696,1.0245,0.9664,0.8852,0.7751,0.6448,0.5336,0.4812,0.4394,0.3632,0.3715,0.4672,0.5592,0.6269,0.6755,0.7112,0.7384,0.7596,0.7767,0.7907,0.8024,0.8123,0.8205,0.8274,1.363,1.4176,1.4538,1.4488,1.3997,1.3377,1.3026,1.3084,1.3101,1.256,1.1886,1.1386,1.101,1.0626,1.0071,0.9156,0.7686,0.5593,0.3566,0.3381,0.3896,0.304,0.3186,0.4479,0.5543,0.6273,0.6783,0.7153,0.7431,0.7647,0.7822,0.7966,0.8087,0.8188,0.8273,0.8343,1.4331,1.5332,1.6222,1.6338,1.5334,1.4016,1.3297,1.3481,1.3754,1.2915,1.2073,1.1615,1.1375,1.1173,1.0781,0.989,0.8155,0.5231,0.1617,0.1767,0.3856,0.4009,0.4178,0.4991,0.5812,0.6447,0.6915,0.7262,0.7528,0.7737,0.7909,0.8052,0.8174,0.8278,0.8364,0.8434,1.4922,1.6601,1.8721,1.9644,1.7462,1.4739,1.3368,1.3186,1.3246,1.2616,1.2038,1.1793,1.1803,1.1951,1.1973,1.1329,0.9581,0.678,0.3851,0.3542,0.424,0.4506,0.5015,0.5622,0.6226,0.6734,0.713,0.7433,0.7671,0.7864,0.8027,0.8168,0.829,0.8395,0.8482,0.8551,1.5049,1.7169,2.083,2.3768,1.9258,1.4953,1.3181,1.2624,1.2426,1.2178,1.1957,1.195,1.2268,1.2978,1.3974,1.3931,1.1835,0.9137,0.6858,0.527,0.355,0.3884,0.5255,0.6093,0.6657,0.7081,0.7404,0.7654,0.7855,0.8025,0.8178,0.8316,0.8439,0.8546,0.8633,0.87,1.4471,1.601,1.8353,1.9774,1.6226,1.3802,1.2648,1.2231,1.2223,1.2205,1.1986,1.2077,1.2665,1.3949,1.7034,1.8656,1.4167,1.0827,0.86,0.6575,0.46,0.4702,0.5861,0.6631,0.7125,0.7475,0.7728,0.7916,0.8072,0.8217,0.8359,0.8498,0.8628,0.8739,0.8828,0.889,1.3477,1.3997,1.3711,1.1352,1.1392,1.2261,1.2048,1.1982,1.2509,1.2867,1.2037,1.2131,1.2976,1.4242,1.6881,1.8876,1.4206,1.1409,0.9737,0.8238,0.6988,0.6601,0.6877,0.7281,0.7652,0.7935,0.8109,0.8216,0.8315,0.8434,0.8574,0.8724,0.8868,0.899,0.9081,0.9135,1.2546,1.2613,1.2061,1.0855,1.0935,1.1572,1.1726,1.1937,1.1975,1.2184,1.1679,1.2071,1.34,1.5442,1.5002,1.4059,1.2587,1.1332,1.0488,0.9315,0.8275,0.7724,0.7641,0.7866,0.8235,0.8511,0.8571,0.8549,0.8573,0.8673,0.8828,0.9009,0.9182,0.9323,0.9415,0.9455,1.1827,1.1827,1.1606,1.1285,1.119,1.1256,1.1529,1.2911,1.1104,1.0907,1.1019,1.2166,1.3095,1.6018,1.4962,1.2945,1.1959,1.1498,1.1253,0.9705,0.8626,0.8075,0.797,0.8281,0.8913,0.9306,0.9121,0.8876,0.8822,0.8931,0.9137,0.9382,0.9611,0.978,0.9868,0.9877,1.1258,1.125,1.1151,1.1005,1.0877,1.0817,1.0861,1.0603,1.0318,0.9741,0.9833,1.2813,1.3601,0.8774,1.1759,1.403,1.2283,1.0838,1.0423,0.9189,0.8278,0.7872,0.7911,0.8431,0.947,1.0056,0.9525,0.9093,0.9035,0.9217,0.9538,0.9904,1.0226,1.0433,1.05,1.0442,1.0774,1.0746,1.0662,1.0534,1.0385,1.0243,1.0098,0.9809,0.9075,0.7763,0.6768,0.7356,0.7085,0.246,0.9989,1.4086,0.7676,0.9067,0.8779,0.8014,0.738,0.7243,0.7523,0.8157,0.912,0.9658,0.9361,0.9133,0.9225,0.9573,1.01,1.0683,1.1161,1.1407,1.1398,1.12,1.035,1.0295,1.0193,1.0047,0.9858,0.9621,0.9284,0.8698,0.7555,0.5354,0.1817,0.2019,0.3859,0.5549,0.7864,0.8862,0.7295,0.7611,0.7163,0.6714,0.6361,0.6485,0.6991,0.7653,0.838,0.8869,0.9035,0.9162,0.9463,1.0052,1.0932,1.1915,1.2656,1.2903,1.2685,1.2201,0.9975,0.9893,0.9768,0.9594,0.9363,0.9049,0.8597,0.7883,0.6698,0.4712,0.2126,0.2747,0.3039,0.313,0.5614,0.6526,0.6444,0.5583,0.4758,0.5367,0.608,0.6183,0.6568,0.7251,0.8055,0.8755,0.9177,0.9406,0.9786,1.0664,1.2164,1.3934,1.5136,1.5227,1.448,1.3448,0.9643,0.9539,0.9393,0.9196,0.8937,0.859,0.8113,0.7442,0.6509,0.5338,0.4329,0.3926,0.2961,0.2643,0.3133,0.3057,0.3937,0.2738,0.0711,0.3344,0.4954,0.5574,0.6101,0.6981,0.8262,0.9615,1.0173,0.996,1.0085,1.1267,1.3835,1.7182,1.918,1.8619,1.6726,1.48,0.9353,0.9231,0.907,0.8861,0.8592,0.8246,0.7801,0.7233,0.6542,0.5793,0.5119,0.454,0.383,0.2687,-0.126,-0.3076,0.1705,0.2239,0.1375,0.252,0.3686,0.455,0.5331,0.6603,0.8767,1.1622,1.2294,1.0616,1.0061,1.1452,1.5452,2.1388,2.4482,2.2404,1.8789,1.5852,0.9099,0.8967,0.8798,0.8586,0.8322,0.7996,0.7599,0.7126,0.6591,0.6026,0.5464,0.4872,0.4075,0.2536,-0.0705,-0.1736,0.1462,0.2527,0.2046,0.1779,0.2732,0.3237,0.3916,0.5561,0.836,1.1924,1.2688,1.021,0.9248,1.0544,1.5305,2.2991,2.6791,2.3752,1.933,1.6032,0.888,0.8741,0.8571,0.8362,0.8111,0.7812,0.7462,0.7062,0.6621,0.6152,0.5657,0.5099,0.4373,0.3316,0.206,0.1717,0.2446,0.2772,0.2407,0.2125,0.1781,0.0752,0.0803,0.3157,0.6469,0.9009,0.9606,0.8763,0.7306,0.7913,1.2015,1.846,2.2084,2.0672,1.7652,1.5103,0.869,0.855,0.8382,0.8182,0.7946,0.7674,0.7363,0.7017,0.664,0.6236,0.58,0.5313,0.4741,0.4082,0.3478,0.3193,0.3181,0.305,0.2601,0.173,-0.048,-0.469,-0.5802,-0.0896,0.4187,0.7535,0.9618,0.7638,0.3073,0.2943,0.6853,1.1911,1.5263,1.5803,1.4779,1.3452,0.8528,0.8389,0.8225,0.8035,0.7816,0.7568,0.7291,0.6986,0.6656,0.6303,0.5924,0.5512,0.5066,0.4605,0.4192,0.3882,0.3621,0.3238,0.252,0.1011,-0.2514,-0.8973,-1.0872,-0.3908,0.2172,0.5351,0.6042,0.1856,-0.5354,-0.3492,0.2175,0.7094,1.0346,1.1816,1.2041,1.1685,0.8389,0.8253,0.8096,0.7916,0.7713,0.7487,0.7237,0.6965,0.6674,0.6362,0.6032,0.5683,0.5318,0.4952,0.4602,0.4271,0.3909,0.3403,0.2558,0.1,-0.1868,-0.5728,-0.657,-0.2658,0.14,0.3424,0.2922,-0.1261,-0.6511,-0.4654,0.0442,0.4683,0.7563,0.9227,0.9982,1.0179]}]