docs/data/wind_grid.json
[{"header":{"la1":42.85,"la2":41.18,"lo1":11.55,"lo2":14.05,"nx":36,"ny":24,"dx":0.07143,"dy":0.07261,"parameterCategory":2,"parameterNumber":2,"parameterNumberName":"eastward_wind","parameterUnit":"m.s-1"},"data":[-0.8466,-0.8528,-0.8598,-0.8676,-0.8761,-0.8852,-0.8946,-0.9044,-0.9152,-0.9288,-0.948,-0.9757,-1.0133,-1.0589,-1.105,-1.1383,-1.147,-1.1282,-1.0899,-1.0435,-0.9974,-0.9555,-0.9191,-0.8877,-0.8608,-0.8376,-0.8175,-0.7999,-0.7846,-0.7711,-0.7593,-0.749,-0.74,-0.7321,-0.7252,-0.7193,-0.848,-0.8549,-0.8628,-0.8719,-0.8821,-0.893,-0.904,-0.9143,-0.9244,-0.9368,-0.9564,-0.9893,-1.0406,-1.1104,-1.1881,-1.2479,-1.2617,-1.2249,-1.1588,-1.0874,-1.0233,-0.9698,-0.926,-0.89,-0.86,-0.8346,-0.813,-0.7944,-0.7783,-0.7644,-0.7523,-0.7417,-0.7326,-0.7247,-0.718,-0.7121,-0.8491,-0.8566,-0.8656,-0.8764,-0.8891,-0.9033,-0.9176,-0.9295,-0.9379,-0.9457,-0.9614,-0.9964,-1.0622,-1.1662,-1.2982,-1.4094,-1.4302,-1.3532,-1.2373,-1.1296,-1.044,-0.9787,-0.9283,-0.8884,-0.856,-0.829,-0.8063,-0.7869,-0.7703,-0.756,-0.7437,-0.7332,-0.7241,-0.7163,-0.7097,-0.7041,-0.8497,-0.8578,-0.8678,-0.8806,-0.8969,-0.9168,-0.9383,-0.9556,-0.9619,-0.9592,-0.9625,-0.9918,-1.0666,-1.2068,-1.4159,-1.6164,-1.6451,-1.4919,-1.3035,-1.1558,-1.0519,-0.9784,-0.9242,-0.8822,-0.8484,-0.8205,-0.7971,-0.7773,-0.7604,-0.746,-0.7337,-0.7232,-0.7143,-0.7068,-0.7005,-0.6952,-0.8497,-0.858,-0.8688,-0.8834,-0.9039,-0.9326,-0.9689,-1.0021,-1.0095,-0.9855,-0.9611,-0.9713,-1.0397,-1.1932,-1.4547,-1.739,-1.7744,-1.5493,-1.3121,-1.1476,-1.0402,-0.9668,-0.913,-0.8711,-0.8371,-0.8089,-0.7852,-0.7652,-0.7483,-0.734,-0.7219,-0.7117,-0.7032,-0.6961,-0.6902,-0.6854,-0.8491,-0.8572,-0.8679,-0.8832,-0.9067,-0.9447,-1.0045,-1.0762,-1.0979,-1.0307,-0.9555,-0.9333,-0.9769,-1.1001,-1.3174,-1.5571,-1.5974,-1.4229,-1.2333,-1.0995,-1.0096,-0.9454,-0.8959,-0.8557,-0.8223,-0.7943,-0.7706,-0.7507,-0.734,-0.7201,-0.7084,-0.6987,-0.6907,-0.6841,-0.6788,-0.6746,-0.8479,-0.8554,-0.8651,-0.8788,-0.9008,-0.9406,-1.0164,-1.1368,-1.1901,-1.059,-0.9267,-0.875,-0.8893,-0.9617,-1.0865,-1.2172,-1.2596,-1.199,-1.1097,-1.0329,-0.9713,-0.92,-0.8758,-0.8375,-0.8045,-0.7765,-0.7531,-0.7336,-0.7174,-0.704,-0.693,-0.684,-0.6767,-0.6709,-0.6663,-0.6628,-0.8466,-0.8533,-0.8612,-0.8714,-0.8862,-0.9124,-0.9648,-1.0547,-1.0886,-0.9622,-0.8436,-0.7933,-0.7905,-0.8254,-0.8916,-0.9674,-1.0182,-1.0294,-1.0127,-0.9813,-0.9416,-0.8985,-0.856,-0.8173,-0.7837,-0.7555,-0.7324,-0.7135,-0.6982,-0.6858,-0.6757,-0.6677,-0.6613,-0.6563,-0.6526,-0.6499,-0.8457,-0.8519,-0.8584,-0.865,-0.8712,-0.8763,-0.8792,-0.8737,-0.8334,-0.7627,-0.7181,-0.6968,-0.6882,-0.7021,-0.7484,-0.8209,-0.8977,-0.9556,-0.9803,-0.9698,-0.9339,-0.8863,-0.838,-0.795,-0.7592,-0.7305,-0.7079,-0.6902,-0.6762,-0.6652,-0.6564,-0.6496,-0.6443,-0.6403,-0.6376,-0.636,-0.8456,-0.8519,-0.8585,-0.8645,-0.8678,-0.8622,-0.8335,-0.7534,-0.6111,-0.5406,-0.5894,-0.6047,-0.5831,-0.5752,-0.6221,-0.728,-0.8624,-0.9793,-1.034,-1.0163,-0.9553,-0.8836,-0.8191,-0.7676,-0.7288,-0.7002,-0.6791,-0.6634,-0.6515,-0.6423,-0.6352,-0.6298,-0.6258,-0.623,-0.6215,-0.621,-0.8461,-0.8535,-0.8621,-0.8717,-0.8815,-0.8873,-0.8711,-0.765,-0.4279,-0.273,-0.5033,-0.5357,-0.4682,-0.4097,-0.469,-0.6537,-0.905,-1.1402,-1.2241,-1.1412,-1.0031,-0.8805,-0.7902,-0.7289,-0.6888,-0.6626,-0.645,-0.6328,-0.624,-0.6173,-0.6122,-0.6084,-0.6057,-0.6043,-0.604,-0.6048,-0.8467,-0.8556,-0.8672,-0.8829,-0.9056,-0.9404,-0.9905,-1.0041,-0.7088,-0.4652,-0.5458,-0.4962,-0.3536,-0.1608,-0.2646,-0.5949,-1.0481,-1.5765,-1.6716,-1.3487,-1.0463,-0.8495,-0.7337,-0.6696,-0.6352,-0.6164,-0.6056,-0.5988,-0.594,-0.5905,-0.5876,-0.5854,-0.5841,-0.5839,-0.585,-0.5874,-0.8467,-0.8569,-0.8708,-0.8911,-0.9233,-0.9789,-1.0771,-1.2011,-1.0671,-0.7764,-0.613,-0.4564,-0.3452,-0.0884,-0.1941,-0.6205,-1.2112,-2.2789,-2.2936,-1.4831,-0.9926,-0.7411,-0.6253,-0.58,-0.5654,-0.5619,-0.5617,-0.5622,-0.5625,-0.5624,-0.5618,-0.561,-0.5608,-0.5618,-0.5643,-0.5684,-0.8454,-0.856,-0.8704,-0.8911,-0.9229,-0.9733,-1.0489,-1.1263,-1.0523,-0.8389,-0.662,-0.3935,-0.3234,-0.5701,-0.5136,-0.76,-1.1288,-1.7539,-1.8188,-1.192,-0.7184,-0.4943,-0.4425,-0.4575,-0.483,-0.5027,-0.5159,-0.5247,-0.5306,-0.534,-0.5352,-0.5351,-0.5353,-0.5372,-0.5414,-0.5477,-0.8427,-0.8526,-0.8657,-0.8833,-0.9075,-0.9395,-0.9744,-0.9881,-0.9389,-0.8617,-0.8064,-0.7067,-0.6219,-0.6054,-0.677,-0.9386,-1.1577,-1.1145,-1.0184,-0.6168,-0.162,-0.0522,-0.1854,-0.3186,-0.401,-0.4462,-0.4716,-0.4881,-0.4995,-0.5062,-0.5082,-0.5073,-0.5068,-0.5092,-0.5155,-0.525,-0.8386,-0.8473,-0.8581,-0.8714,-0.8872,-0.9042,-0.9168,-0.9162,-0.9043,-0.9243,-1.0314,-0.9784,-0.8824,-0.7705,-0.7953,-0.9347,-1.0586,-0.881,-0.6157,-0.0987,0.6573,0.534,0.0596,-0.2124,-0.3412,-0.3998,-0.4301,-0.4525,-0.4703,-0.4804,-0.4813,-0.4766,-0.4731,-0.476,-0.4858,-0.5,-0.8336,-0.8409,-0.8493,-0.8588,-0.869,-0.8784,-0.885,-0.8885,-0.8987,-0.9414,-1.0247,-0.9914,-1.0709,-1.1217,-0.92,-0.8704,-0.8082,-0.6132,-0.3787,-0.0019,0.7602,0.5974,0.0824,-0.1967,-0.3177,-0.3613,-0.3847,-0.415,-0.4443,-0.4587,-0.4548,-0.4406,-0.4309,-0.4353,-0.4517,-0.4735,-0.8281,-0.834,-0.8405,-0.8475,-0.8545,-0.861,-0.8668,-0.8739,-0.8877,-0.9145,-0.9458,-0.9788,-1.1125,-1.1447,-0.991,-0.9178,-0.7277,-0.3831,-0.151,-0.1901,0.0357,0.0693,-0.1106,-0.2585,-0.3163,-0.3073,-0.3129,-0.3703,-0.4258,-0.4459,-0.4299,-0.3966,-0.3774,-0.3874,-0.4158,-0.4482,-0.8224,-0.8271,-0.8322,-0.8375,-0.8428,-0.8481,-0.8538,-0.8613,-0.8731,-0.8903,-0.912,-0.9427,-0.9879,-1.0106,-1.0921,-1.1328,-0.7912,-0.4252,-0.2588,-0.3546,-0.3024,-0.256,-0.2877,-0.3323,-0.3168,-0.2113,-0.1893,-0.3337,-0.4321,-0.4503,-0.4117,-0.3502,-0.3215,-0.3432,-0.3867,-0.4297,-0.8167,-0.8205,-0.8245,-0.8286,-0.8328,-0.8373,-0.8424,-0.8489,-0.8579,-0.8698,-0.8847,-0.9035,-0.9262,-0.9608,-1.0517,-1.0631,-0.8034,-0.5557,-0.4802,-0.4921,-0.429,-0.3912,-0.3899,-0.3975,-0.3629,-0.2186,-0.1857,-0.4189,-0.4976,-0.4818,-0.4156,-0.3339,-0.3008,-0.3288,-0.3783,-0.4248,-0.811,-0.814,-0.8171,-0.8204,-0.8237,-0.8273,-0.8314,-0.8365,-0.8428,-0.8505,-0.8596,-0.8699,-0.8817,-0.8979,-0.914,-0.8759,-0.745,-0.5992,-0.5155,-0.4909,-0.465,-0.4425,-0.4389,-0.4533,-0.4805,-0.5522,-0.7537,-0.7293,-0.6204,-0.537,-0.4532,-0.3755,-0.3418,-0.3584,-0.3967,-0.4356,-0.8053,-0.8077,-0.8101,-0.8126,-0.8151,-0.8178,-0.8207,-0.8241,-0.8279,-0.8321,-0.8363,-0.8399,-0.8421,-0.8405,-0.827,-0.7839,-0.7057,-0.6177,-0.5508,-0.5101,-0.4753,-0.4402,-0.4331,-0.4721,-0.5583,-0.7422,-0.968,-0.8739,-0.6988,-0.5859,-0.5039,-0.4415,-0.4099,-0.4111,-0.4316,-0.4577,-0.7998,-0.8016,-0.8034,-0.8051,-0.8068,-0.8085,-0.8103,-0.812,-0.8136,-0.8148,-0.8151,-0.8136,-0.8089,-0.7982,-0.7767,-0.7387,-0.6848,-0.6251,-0.5713,-0.5252,-0.4761,-0.4206,-0.4074,-0.4656,-0.5626,-0.6957,-0.8042,-0.7808,-0.6881,-0.6051,-0.5416,-0.495,-0.4681,-0.4612,-0.4688,-0.4836,-0.7944,-0.7957,-0.7968,-0.7979,-0.7988,-0.7996,-0.8002,-0.8004,-0.8001,-0.799,-0.7964,-0.7914,-0.7827,-0.7684,-0.7461,-0.714,-0.6732,-0.6283,-0.5837,-0.5401,-0.4943,-0.4517,-0.4437,-0.4856,-0.5542,-0.63,-0.6836,-0.6858,-0.6493,-0.6033,-0.5618,-0.5294,-0.5085,-0.4996,-0.5006,-0.508]},{"header":{"la1":42.85,"la2":41.18,"lo1":11.55,"lo2":14.05,"nx":36,"ny":24,"dx":0.07143,"dy":0.07261,"parameterCategory":2,"parameterNumber":3,"parameterNumberName":"northward_wind","parameterUnit":"m.s-1"},"data":[-0.2216,-0.2021,-0.1798,-0.1555,-0.1306,-0.1076,-0.0898,-0.0807,-0.0825,-0.0946,-0.1136,-0.1345,-0.1531,-0.1668,-0.1756,-0.1816,-0.188,-0.1963,-0.2064,-0.2171,-0.2271,-0.2361,-0.244,-0.2512,-0.2577,-0.264,-0.2702,-0.2764,-0.2827,-0.2891,-0.2956,-0.3022,-0.3087,-0.3151,-0.3213,-0.3272,-0.2205,-0.1971,-0.1691,-0.1368,-0.1016,-0.0669,-0.0384,-0.0228,-0.0255,-0.0459,-0.0775,-0.1109,-0.1385,-0.156,-0.164,-0.1671,-0.1722,-0.1826,-0.1966,-0.2107,-0.2232,-0.2337,-0.2423,-0.2498,-0.2566,-0.2631,-0.2696,-0.2761,-0.2829,-0.2899,-0.297,-0.3042,-0.3113,-0.3183,-0.3251,-0.3315,-0.2224,-0.195,-0.1603,-0.1178,-0.0678,-0.0141,0.0345,0.064,0.0617,0.0263,-0.0283,-0.0832,-0.1248,-0.1472,-0.1513,-0.1469,-0.1493,-0.1645,-0.1857,-0.2052,-0.2206,-0.2323,-0.2414,-0.2489,-0.2557,-0.2623,-0.269,-0.2759,-0.2832,-0.2908,-0.2986,-0.3066,-0.3145,-0.3223,-0.3297,-0.3367,-0.2288,-0.1979,-0.1566,-0.1021,-0.0321,0.0518,0.1382,0.1998,0.2023,0.1379,0.0397,-0.0516,-0.1144,-0.143,-0.1397,-0.1205,-0.1187,-0.1446,-0.177,-0.2026,-0.2203,-0.2324,-0.2413,-0.2484,-0.255,-0.2614,-0.2683,-0.2756,-0.2835,-0.2919,-0.3006,-0.3096,-0.3185,-0.3271,-0.3354,-0.343,-0.2411,-0.2086,-0.1623,-0.0964,-0.0031,0.1242,0.2793,0.4154,0.4383,0.3118,0.1281,-0.0213,-0.1119,-0.1487,-0.1389,-0.1041,-0.0991,-0.1372,-0.1783,-0.2063,-0.2235,-0.2344,-0.2419,-0.2481,-0.254,-0.2603,-0.2673,-0.2752,-0.2839,-0.2933,-0.3031,-0.3133,-0.3234,-0.3331,-0.3423,-0.3507,-0.2607,-0.2295,-0.1825,-0.1105,0.0016,0.1763,0.4341,0.7267,0.8148,0.5512,0.2142,-0.0092,-0.126,-0.171,-0.1655,-0.1352,-0.1305,-0.1622,-0.1958,-0.2177,-0.2303,-0.2378,-0.2429,-0.2475,-0.2525,-0.2585,-0.2658,-0.2744,-0.2841,-0.2949,-0.3062,-0.3179,-0.3295,-0.3406,-0.3509,-0.3602,-0.288,-0.2623,-0.2212,-0.154,-0.0412,0.1532,0.4881,0.9684,1.1689,0.7033,0.2158,-0.0463,-0.1678,-0.2144,-0.218,-0.2034,-0.1981,-0.2095,-0.224,-0.2337,-0.2387,-0.2413,-0.2432,-0.2458,-0.2499,-0.2557,-0.2634,-0.273,-0.2843,-0.2968,-0.3101,-0.3238,-0.3373,-0.35,-0.3617,-0.3719,-0.3219,-0.306,-0.2782,-0.2296,-0.1434,0.0113,0.2836,0.6771,0.8276,0.4328,0.052,-0.1468,-0.2398,-0.2764,-0.2807,-0.2699,-0.2588,-0.2535,-0.2515,-0.2493,-0.2463,-0.2434,-0.2417,-0.2422,-0.2453,-0.2512,-0.2598,-0.2709,-0.2842,-0.2991,-0.3151,-0.3314,-0.3473,-0.3621,-0.3753,-0.3866,-0.36,-0.3571,-0.3484,-0.3288,-0.2889,-0.214,-0.0913,0.0474,0.072,-0.0531,-0.1854,-0.2755,-0.3284,-0.3504,-0.3463,-0.3262,-0.3036,-0.2861,-0.2733,-0.2619,-0.2512,-0.2425,-0.237,-0.2354,-0.238,-0.2444,-0.2544,-0.2677,-0.2838,-0.302,-0.3216,-0.3414,-0.3604,-0.3778,-0.3929,-0.4052,-0.3986,-0.4098,-0.4225,-0.4357,-0.4467,-0.4492,-0.4319,-0.3887,-0.3438,-0.3316,-0.3506,-0.3842,-0.4185,-0.4359,-0.4192,-0.3766,-0.3357,-0.3102,-0.2926,-0.2733,-0.2533,-0.2373,-0.2275,-0.2242,-0.2268,-0.2344,-0.2467,-0.2631,-0.2831,-0.3059,-0.3303,-0.3548,-0.378,-0.3986,-0.4157,-0.429,-0.4337,-0.4579,-0.4903,-0.5342,-0.5928,-0.6646,-0.7246,-0.6826,-0.4377,-0.3338,-0.4239,-0.4602,-0.5083,-0.5517,-0.5165,-0.423,-0.354,-0.3359,-0.3242,-0.2902,-0.2524,-0.2254,-0.2109,-0.2068,-0.2105,-0.2204,-0.2359,-0.2566,-0.282,-0.3112,-0.3423,-0.3734,-0.402,-0.4266,-0.4458,-0.4596,-0.4616,-0.4955,-0.5427,-0.6099,-0.7071,-0.8466,-1.0265,-1.1279,-0.7753,-0.4886,-0.4983,-0.5107,-0.59,-0.7447,-0.6584,-0.4443,-0.3442,-0.4046,-0.4154,-0.3212,-0.2435,-0.201,-0.1832,-0.1807,-0.1877,-0.2013,-0.2211,-0.2474,-0.2803,-0.3184,-0.3593,-0.3994,-0.4355,-0.4649,-0.4861,-0.4994,-0.4797,-0.5186,-0.5728,-0.6507,-0.766,-0.9415,-1.2031,-1.4794,-1.2389,-0.7527,-0.5485,-0.5488,-0.58,-0.797,-0.6919,-0.3416,-0.24,-0.5749,-0.5866,-0.3307,-0.2042,-0.152,-0.1381,-0.1435,-0.1571,-0.1757,-0.2005,-0.2341,-0.2773,-0.3285,-0.3836,-0.4371,-0.4833,-0.5183,-0.5407,-0.5515,-0.4873,-0.526,-0.5787,-0.6523,-0.7574,-0.909,-1.1136,-1.3065,-1.1482,-0.7041,-0.4895,-0.603,-0.6229,-0.1541,-0.2754,0.0491,0.2701,-0.2093,-0.3619,-0.2063,-0.1006,-0.0591,-0.0681,-0.094,-0.1185,-0.1416,-0.1708,-0.2132,-0.2713,-0.3423,-0.4194,-0.4929,-0.5532,-0.5943,-0.6153,-0.6196,-0.4853,-0.5195,-0.564,-0.6223,-0.6979,-0.7913,-0.8865,-0.9157,-0.7561,-0.4706,-0.2895,-0.2753,-0.1938,0.0726,-0.0086,0.7691,1.6804,0.5538,0.0252,-0.017,0.0931,0.1085,0.0299,-0.0373,-0.0729,-0.0944,-0.1242,-0.1776,-0.2586,-0.3613,-0.4733,-0.5778,-0.6578,-0.7038,-0.7174,-0.7076,-0.4759,-0.5033,-0.5364,-0.5756,-0.619,-0.6592,-0.6756,-0.6285,-0.4798,-0.2458,0.0008,-0.0239,-0.0708,-0.0559,0.0496,0.6576,1.2571,0.4824,0.0241,0.0814,0.4264,0.3605,0.1234,0.0084,-0.0204,-0.0206,-0.0421,-0.1127,-0.2324,-0.387,-0.5561,-0.7103,-0.8173,-0.8622,-0.8552,-0.8182,-0.462,-0.4819,-0.5037,-0.5261,-0.5449,-0.5521,-0.5335,-0.4706,-0.3518,-0.183,-0.0144,-0.0444,-0.0552,-0.0446,-0.0514,0.0868,0.1487,-0.1521,-0.3746,-0.0962,0.45,0.3669,0.1075,0.0212,0.0514,0.1157,0.116,0.0065,-0.1842,-0.4222,-0.6827,-0.9169,-1.0586,-1.085,-1.0321,-0.948,-0.446,-0.4592,-0.4719,-0.4819,-0.4856,-0.4771,-0.4487,-0.3936,-0.3115,-0.2159,-0.1423,-0.1171,-0.0769,-0.0808,-0.23,-0.2934,-0.3316,-0.7076,-1.0757,-0.5638,-0.1236,-0.0004,-0.0269,0.0115,0.1716,0.3858,0.4229,0.203,-0.116,-0.4699,-0.8617,-1.2182,-1.3972,-1.368,-1.2322,-1.0809,-0.4301,-0.4379,-0.444,-0.4462,-0.4421,-0.428,-0.4005,-0.3581,-0.3039,-0.2481,-0.2052,-0.1835,-0.1843,-0.263,-0.5256,-0.6266,-0.5107,-0.7368,-0.9369,-0.7002,-0.4528,-0.2689,-0.1609,-0.0105,0.3105,0.809,0.9063,0.4066,-0.078,-0.5273,-1.0515,-1.5533,-1.757,-1.6358,-1.4004,-1.1831,-0.4154,-0.4193,-0.421,-0.419,-0.4115,-0.3968,-0.3736,-0.3425,-0.3066,-0.2724,-0.2477,-0.2405,-0.2638,-0.3509,-0.5255,-0.5873,-0.529,-0.6178,-0.7452,-0.7794,-0.5755,-0.4007,-0.2728,-0.0955,0.2467,0.834,0.9557,0.2551,-0.1757,-0.5777,-1.1222,-1.6784,-1.8873,-1.7255,-1.4541,-1.2159,-0.4025,-0.4038,-0.4029,-0.3988,-0.3905,-0.3773,-0.3589,-0.3365,-0.3126,-0.2915,-0.2785,-0.2798,-0.3034,-0.3579,-0.4311,-0.473,-0.4941,-0.5584,-0.652,-0.6694,-0.5635,-0.4766,-0.4035,-0.2663,-0.0831,-0.0409,-0.4143,-0.4215,-0.3966,-0.6065,-1.0138,-1.455,-1.653,-1.5644,-1.3626,-1.1666,-0.3916,-0.3913,-0.389,-0.3842,-0.3763,-0.3652,-0.3511,-0.3351,-0.3192,-0.3064,-0.3001,-0.3041,-0.3219,-0.354,-0.3927,-0.4264,-0.4589,-0.5023,-0.5452,-0.5558,-0.5461,-0.5803,-0.582,-0.4522,-0.349,-0.5044,-0.8544,-0.7138,-0.5424,-0.6142,-0.8546,-1.1328,-1.2938,-1.2892,-1.1874,-1.0618,-0.3826,-0.3814,-0.3785,-0.3738,-0.3668,-0.3578,-0.3472,-0.3358,-0.3253,-0.3176,-0.3149,-0.3193,-0.3322,-0.3529,-0.3781,-0.4045,-0.4322,-0.462,-0.4894,-0.5123,-0.5561,-0.6552,-0.6856,-0.5519,-0.4545,-0.5137,-0.6349,-0.6165,-0.5602,-0.6011,-0.7352,-0.8976,-1.012,-1.0431,-1.008,-0.9412,-0.3753,-0.3737,-0.3707,-0.3663,-0.3605,-0.3534,-0.3454,-0.3374,-0.3305,-0.3259,-0.3251,-0.3293,-0.3389,-0.3535,-0.3717,-0.3921,-0.4139,-0.4367,-0.4602,-0.4884,-0.5349,-0.5992,-0.6117,-0.5395,-0.477,-0.4813,-0.5181,-0.5314,-0.5361,-0.5751,-0.6555,-0.7519,-0.829,-0.8653,-0.8616,-0.8314]}]