docs/data/wind_grid.json
[{"header":{"la1":42.85,"la2":41.18,"lo1":11.55,"lo2":14.05,"nx":36,"ny":24,"dx":0.07143,"dy":0.07261,"parameterCategory":2,"parameterNumber":2,"parameterNumberName":"eastward_wind","parameterUnit":"m.s-1"},"data":[2.9345,2.9363,2.9376,2.9382,2.937,2.9324,2.9219,2.9027,2.8726,2.8311,2.7804,2.7235,2.664,2.6043,2.5463,2.4909,2.4392,2.3924,2.3518,2.3186,2.294,2.2794,2.2756,2.2818,2.2947,2.3104,2.3261,2.3399,2.3516,2.361,2.3685,2.3746,2.3796,2.3839,2.3876,2.3911,2.9532,2.9573,2.9619,2.9672,2.9722,2.975,2.9716,2.9567,2.9252,2.8759,2.8126,2.7415,2.6682,2.5964,2.5275,2.4619,2.4005,2.3446,2.2964,2.2572,2.2279,2.2113,2.2109,2.2261,2.2503,2.2762,2.2994,2.3183,2.333,2.3444,2.353,2.3598,2.3653,2.3699,2.3739,2.3776,2.9712,2.9774,2.9856,2.9966,3.0108,3.0263,3.0373,3.0333,3.0025,2.9411,2.8574,2.7647,2.6729,2.586,2.5045,2.4269,2.353,2.2849,2.227,2.1812,2.1447,2.1215,2.1253,2.1571,2.2006,2.2414,2.2739,2.298,2.3155,2.3282,2.3375,2.3447,2.3503,2.3551,2.3593,2.3632,2.9874,2.9947,3.0058,3.0233,3.0498,3.0858,3.1254,3.1484,3.1243,3.0404,2.9194,2.7924,2.6754,2.5711,2.4761,2.3854,2.295,2.2077,2.1363,2.0878,2.0435,1.9996,2.0075,2.0738,2.1503,2.2105,2.2524,2.2805,2.2994,2.3124,2.3218,2.3289,2.3345,2.3392,2.3435,2.3476,3.0007,3.0067,3.0181,3.0407,3.0815,3.1479,3.2413,3.3309,3.3311,3.1958,2.9999,2.8188,2.6704,2.548,2.4411,2.3382,2.2265,2.1031,2.0013,1.9693,1.9407,1.8412,1.8549,1.9928,2.1141,2.1916,2.2383,2.2668,2.2848,2.2968,2.3053,2.3119,2.3172,2.3218,2.3262,2.3304,3.0101,3.01,3.0152,3.0379,3.092,3.1936,3.3705,3.612,3.6887,3.4192,3.0794,2.8275,2.6482,2.5106,2.3962,2.2883,2.1584,1.9695,1.7635,1.7778,1.8917,1.7584,1.7818,1.9801,2.1175,2.1925,2.2332,2.2562,2.2703,2.2799,2.2871,2.2929,2.2978,2.3024,2.3068,2.3113,3.0166,3.0016,2.9854,2.9967,3.0634,3.1911,3.4281,3.8557,4.0696,3.5733,3.0854,2.7923,2.5984,2.45,2.3312,2.2333,2.1182,1.8919,1.5063,1.5504,1.9586,1.99,1.9908,2.0905,2.1681,2.2108,2.2328,2.245,2.2531,2.2596,2.2654,2.2707,2.2755,2.2801,2.2848,2.2896,3.0264,2.9864,2.9149,2.8828,2.9879,3.139,3.3174,3.6034,3.7229,3.329,2.9463,2.7038,2.52,2.3558,2.2177,2.1395,2.1016,1.9986,1.8017,1.9122,2.3212,2.3884,2.2852,2.2403,2.2315,2.2285,2.2261,2.2256,2.2281,2.2328,2.2384,2.2441,2.2493,2.2543,2.2593,2.2648,3.0537,2.9988,2.8462,2.6993,2.9311,3.1182,3.1722,3.1721,3.0756,2.8856,2.7308,2.5944,2.4308,2.2242,1.9919,1.9036,2.0233,2.1219,2.175,2.3858,2.8111,2.7461,2.4735,2.3337,2.263,2.2209,2.1969,2.1879,2.1893,2.1961,2.2043,2.2118,2.2183,2.224,2.2297,2.2359,3.1093,3.0969,3.0253,2.9691,3.1817,3.2198,3.1422,2.9489,2.6011,2.4177,2.5184,2.5113,2.3645,2.1009,1.5936,1.3367,1.864,2.1698,2.3155,2.4781,2.7037,2.6758,2.4843,2.3382,2.2334,2.1616,2.1252,2.1191,2.1304,2.1469,2.1619,2.1733,2.1816,2.1882,2.1946,2.2019,3.1749,3.2397,3.3896,3.7337,3.6915,3.3959,3.2545,2.9892,2.1389,1.7102,2.3786,2.4967,2.3402,2.0905,1.6354,1.3221,1.9326,2.2565,2.3929,2.4678,2.5234,2.5058,2.4039,2.263,2.118,2.0142,1.9823,2.0054,2.0472,2.0851,2.1119,2.1285,2.1385,2.1456,2.1526,2.1613,3.2159,3.3106,3.4883,3.7439,3.7003,3.4878,3.5145,3.5548,2.8408,2.2558,2.5724,2.5894,2.3417,2.0241,1.9094,2.0077,2.2125,2.4281,2.5109,2.5093,2.4942,2.4423,2.3234,2.1213,1.8704,1.7076,1.7259,1.8377,1.9443,2.0163,2.0573,2.0779,2.0876,2.0937,2.101,2.1117,3.2219,3.3001,3.4059,3.5009,3.5035,3.514,3.727,4.0827,3.7314,3.0824,2.8815,2.8323,2.5684,1.8289,1.7625,2.1502,2.3311,2.6228,2.651,2.5708,2.5222,2.438,2.2654,1.9302,1.4273,1.1354,1.3345,1.6415,1.8453,1.9536,2.0031,2.021,2.0255,2.0281,2.0355,2.0496,3.2065,3.2613,3.3211,3.3707,3.407,3.4817,3.6578,3.8732,3.6991,3.2615,3.0684,3.1063,3.0868,2.6687,2.2886,1.9725,2.2486,2.5734,2.6368,2.6148,2.5651,2.468,2.2632,1.8114,0.996,0.5241,1.016,1.5277,1.7957,1.9127,1.9515,1.9534,1.9443,1.9405,1.9491,1.9704,3.1838,3.2227,3.2622,3.2994,3.3391,3.3977,3.4785,3.5223,3.4266,3.2884,3.2436,3.1913,3.053,3.1558,2.5009,1.9599,2.9082,2.7055,2.705,2.6778,2.5987,2.5137,2.3439,1.9476,1.2733,0.8755,1.2207,1.6196,1.8251,1.897,1.8954,1.8616,1.8279,1.8156,1.8308,1.8677,3.1606,3.1897,3.219,3.248,3.2786,3.3127,3.3429,3.3482,3.3282,3.366,3.5616,3.5289,3.336,3.0796,2.8193,2.7171,2.956,2.8882,2.883,2.7586,2.5134,2.5076,2.4577,2.2132,1.8678,1.6545,1.7087,1.8376,1.9019,1.8877,1.8149,1.7187,1.6459,1.6288,1.6661,1.7355,3.1391,3.1619,3.1846,3.2069,3.229,3.2497,3.2659,3.2762,3.297,3.3768,3.5349,3.4795,3.508,3.5186,3.1749,3.0574,3.0712,3.1877,3.2657,2.985,2.5247,2.5472,2.5683,2.4178,2.2267,2.0971,2.0484,2.0234,1.9701,1.8589,1.682,1.4805,1.3477,1.3451,1.4415,1.5739,3.1197,3.1381,3.1564,3.1741,3.191,3.2067,3.2211,3.2374,3.2653,3.3156,3.3708,3.4071,3.5521,3.6039,3.5602,3.5836,3.4535,3.6535,3.9865,3.472,3.0223,2.8259,2.71,2.5506,2.3869,2.2779,2.2142,2.1334,2.0082,1.8039,1.481,1.095,0.8715,0.9407,1.1658,1.4001,3.1022,3.1177,3.1329,3.1477,3.1621,3.1761,3.1908,3.2089,3.2342,3.2689,3.3098,3.3634,3.4557,3.6296,4.2436,4.5249,3.8009,3.7578,3.938,3.8072,3.424,3.0868,2.8521,2.6375,2.4349,2.3141,2.2818,2.1832,2.0216,1.7505,1.2638,0.6049,0.2669,0.5008,0.9145,1.2618,3.0866,3.0999,3.1131,3.1261,3.1391,3.1525,3.1674,3.1853,3.2085,3.2385,3.2778,3.3356,3.4374,3.6633,4.1587,4.3179,3.8397,3.7536,4.1095,4.2961,3.67,3.2479,2.975,2.7161,2.4554,2.3037,2.2777,2.1487,2.0085,1.7479,1.2121,0.4102,0.0122,0.3419,0.8371,1.2232,3.0724,3.0842,3.096,3.1078,3.12,3.1329,3.1474,3.1648,3.1865,3.2145,3.2522,3.3074,3.3962,3.543,3.7271,3.776,3.6714,3.6757,3.8741,3.9225,3.5942,3.3327,3.1373,2.8473,2.4996,2.208,1.9816,1.9855,1.9762,1.8105,1.4212,0.8302,0.491,0.6559,1.0014,1.3079,3.0593,3.0699,3.0807,3.0916,3.103,3.1154,3.1293,3.1458,3.166,3.1916,3.2252,3.2713,3.335,3.4166,3.4933,3.523,3.5131,3.5277,3.5752,3.5608,3.4783,3.5045,3.4783,3.0851,2.5878,2.1391,1.8127,1.9043,1.9593,1.8901,1.6902,1.3671,1.1321,1.1343,1.2869,1.471,3.0471,3.0568,3.0666,3.0767,3.0874,3.0991,3.1121,3.1273,3.1455,3.1679,3.1959,3.2311,3.2741,3.3209,3.3605,3.3817,3.3881,3.3949,3.4026,3.402,3.4492,3.6752,3.76,3.2724,2.7103,2.2837,2.0432,1.9863,1.931,1.9259,1.8567,1.6974,1.5534,1.5079,1.555,1.648,3.0355,3.0443,3.0534,3.0627,3.0726,3.0833,3.0952,3.1088,3.1247,3.1434,3.1656,3.1915,3.2201,3.2484,3.2714,3.2853,3.2909,3.2925,3.2936,3.3043,3.3632,3.4945,3.4964,3.1758,2.7604,2.4214,2.1931,2.0346,1.9296,1.9413,1.9364,1.869,1.7914,1.751,1.7594,1.8031]},{"header":{"la1":42.85,"la2":41.18,"lo1":11.55,"lo2":14.05,"nx":36,"ny":24,"dx":0.07143,"dy":0.07261,"parameterCategory":2,"parameterNumber":3,"parameterNumberName":"northward_wind","parameterUnit":"m.s-1"},"data":[0.4889,0.4941,0.4985,0.5018,0.5034,0.5023,0.4973,0.487,0.4703,0.4463,0.4149,0.3767,0.3324,0.2825,0.2275,0.1678,0.1036,0.0359,-0.034,-0.1031,-0.1652,-0.2118,-0.2355,-0.2349,-0.2154,-0.185,-0.1502,-0.1151,-0.0817,-0.0506,-0.0219,0.0045,0.0288,0.0512,0.072,0.0911,0.5025,0.5099,0.5169,0.5233,0.5283,0.5311,0.5298,0.5224,0.5065,0.481,0.4459,0.4025,0.3521,0.2952,0.2323,0.1631,0.0877,0.0061,-0.0818,-0.1739,-0.262,-0.3287,-0.3564,-0.3432,-0.3027,-0.2513,-0.1996,-0.1519,-0.1093,-0.0715,-0.0378,-0.0076,0.0199,0.0449,0.0677,0.0886,0.5156,0.5253,0.5353,0.5452,0.5548,0.5631,0.568,0.5657,0.5519,0.5244,0.4842,0.4342,0.3765,0.3122,0.2408,0.1617,0.0743,-0.0223,-0.131,-0.2563,-0.3914,-0.4995,-0.5325,-0.4886,-0.4077,-0.3234,-0.2491,-0.1867,-0.1345,-0.0901,-0.0515,-0.0175,0.0129,0.0404,0.0653,0.088,0.5274,0.5397,0.5527,0.5665,0.5816,0.5977,0.6125,0.6198,0.6104,0.5795,0.531,0.4717,0.4059,0.334,0.2545,0.1655,0.066,-0.0441,-0.1707,-0.3366,-0.5597,-0.7642,-0.7994,-0.6777,-0.5225,-0.3922,-0.2924,-0.2157,-0.155,-0.1049,-0.0621,-0.0248,0.0084,0.0383,0.0652,0.0894,0.5375,0.5523,0.5683,0.5857,0.6063,0.6322,0.6628,0.6886,0.6882,0.6492,0.5856,0.5141,0.4398,0.3615,0.2754,0.1771,0.0655,-0.0541,-0.1803,-0.3682,-0.7328,-1.161,-1.1685,-0.8745,-0.6156,-0.4402,-0.3209,-0.2349,-0.1688,-0.1149,-0.0691,-0.029,0.0067,0.0388,0.0675,0.0934,0.5448,0.5627,0.5818,0.6015,0.6255,0.6612,0.713,0.7714,0.7887,0.7298,0.6425,0.5577,0.4769,0.3956,0.3066,0.2016,0.0766,-0.0531,-0.1458,-0.2766,-0.7294,-1.3887,-1.3527,-0.9313,-0.6328,-0.449,-0.3285,-0.2422,-0.1754,-0.1201,-0.0723,-0.0299,0.0081,0.0423,0.0729,0.1002,0.5482,0.5707,0.5956,0.616,0.6363,0.6764,0.7446,0.8317,0.867,0.7883,0.6892,0.5994,0.5168,0.4378,0.3533,0.2477,0.1098,-0.041,-0.1079,-0.1494,-0.5123,-0.914,-0.9705,-0.7608,-0.5617,-0.4193,-0.3175,-0.2401,-0.1767,-0.1216,-0.0723,-0.0276,0.0128,0.0492,0.0817,0.1104,0.5445,0.5742,0.6174,0.6447,0.6404,0.6738,0.748,0.8187,0.8414,0.8036,0.7304,0.6427,0.5601,0.49,0.4231,0.3292,0.1824,0.0056,-0.1238,-0.2513,-0.5301,-0.6518,-0.6467,-0.5694,-0.4672,-0.3758,-0.3004,-0.2356,-0.1767,-0.1217,-0.0701,-0.0224,0.0211,0.0601,0.0945,0.1245,0.5275,0.5582,0.6368,0.7114,0.6294,0.6514,0.7581,0.8489,0.8981,0.8904,0.8074,0.6965,0.6063,0.5517,0.531,0.4737,0.2989,0.0834,-0.1236,-0.4028,-0.8099,-0.7637,-0.5683,-0.4688,-0.4021,-0.3463,-0.2934,-0.2386,-0.1812,-0.1231,-0.0667,-0.0141,0.0335,0.0757,0.1123,0.1435,0.4936,0.4915,0.5161,0.5407,0.4526,0.5917,0.8026,0.9756,1.1304,1.1514,0.948,0.7575,0.6504,0.6116,0.6877,0.741,0.4232,0.1434,-0.0787,-0.3439,-0.6557,-0.6472,-0.4895,-0.4102,-0.3764,-0.3513,-0.3146,-0.2612,-0.1964,-0.1281,-0.0622,-0.0018,0.0515,0.0975,0.1362,0.1683,0.4574,0.4001,0.2523,-0.0886,-0.0047,0.5248,0.9024,1.1378,1.4444,1.6006,1.0854,0.7974,0.6941,0.6633,0.6918,0.7478,0.3845,0.1156,-0.0517,-0.1993,-0.3412,-0.3925,-0.3784,-0.3808,-0.4068,-0.4203,-0.3891,-0.3169,-0.2268,-0.1367,-0.0546,0.0169,0.0775,0.1276,0.1682,0.2004,0.4443,0.3728,0.2085,-0.0638,0.051,0.6347,1.0958,1.3328,1.3724,1.3768,1.0132,0.8006,0.7559,0.8486,0.6464,0.405,0.1678,-0.0324,-0.1156,-0.1513,-0.2104,-0.2674,-0.3242,-0.4152,-0.541,-0.6137,-0.5553,-0.4167,-0.2704,-0.1433,-0.0386,0.0466,0.1151,0.169,0.2105,0.2415,0.4593,0.4183,0.352,0.3115,0.4651,0.8382,1.2547,1.5638,1.4,1.0958,0.8839,0.8534,0.817,0.8565,0.5759,0.1376,-0.0741,-0.2272,-0.236,-0.1697,-0.1842,-0.2351,-0.3276,-0.5185,-0.8353,-1.0212,-0.8381,-0.5443,-0.3076,-0.1344,-0.005,0.0939,0.1695,0.2257,0.266,0.2935,0.4858,0.4787,0.4805,0.5253,0.6616,0.8935,1.1701,1.3942,1.2744,0.93,0.773,0.9909,1.0549,0.6034,0.2028,-0.3838,-0.3847,-0.2751,-0.2264,-0.1878,-0.2045,-0.249,-0.3416,-0.5973,-1.139,-1.4792,-1.078,-0.6071,-0.2957,-0.0895,0.0575,0.1667,0.2469,0.3026,0.3382,0.3585,0.5072,0.5192,0.5456,0.6012,0.698,0.8298,0.9632,1.0249,0.9118,0.6885,0.5535,0.585,0.5457,0.397,0.0171,-0.5456,-0.9868,-0.4516,-0.237,-0.2193,-0.297,-0.3227,-0.3377,-0.5137,-0.9337,-1.2045,-0.8945,-0.4877,-0.1982,0.0052,0.1573,0.2726,0.3546,0.4056,0.4308,0.4381,0.5172,0.5353,0.5641,0.6082,0.6676,0.7322,0.7769,0.7624,0.6556,0.4677,0.2412,0.3628,0.3818,0.3078,0.0439,-0.399,-0.7581,-0.3782,-0.179,-0.2635,-0.5872,-0.5181,-0.3292,-0.3417,-0.4894,-0.5793,-0.4589,-0.2418,-0.0348,0.1437,0.2958,0.4183,0.5015,0.5415,0.547,0.5327,0.5167,0.5338,0.5569,0.5859,0.6177,0.6432,0.647,0.6111,0.5247,0.3914,0.2466,0.3062,0.3245,0.2849,0.0924,-0.1172,-0.1929,-0.0564,0.0509,-0.1417,-0.6168,-0.5173,-0.2558,-0.1842,-0.2029,-0.2124,-0.1518,-0.0239,0.1369,0.3046,0.4683,0.6106,0.6986,0.7168,0.6868,0.6389,0.5086,0.522,0.5377,0.5542,0.5681,0.5732,0.5611,0.5248,0.4635,0.3884,0.3286,0.3054,0.292,0.2487,0.021,-0.1004,-0.0094,0.2413,0.4468,0.205,-0.0685,-0.1409,-0.0761,-0.0395,-0.0589,-0.1105,-0.0831,0.0825,0.2822,0.4707,0.664,0.85,0.9511,0.9273,0.839,0.7459,0.4962,0.5053,0.5144,0.522,0.5252,0.5201,0.5029,0.471,0.4261,0.3751,0.3269,0.2811,0.2204,0.0791,-0.307,-0.457,-0.0313,0.2993,0.4771,0.5075,0.3017,0.147,0.1058,0.092,-0.0007,-0.2861,-0.3422,0.1027,0.4334,0.6412,0.8506,1.0905,1.21,1.1236,0.9679,0.8327,0.4819,0.4871,0.4912,0.4927,0.4897,0.48,0.4616,0.4336,0.3974,0.3557,0.31,0.256,0.1764,0.0249,-0.2559,-0.3337,0.0048,0.3348,0.7647,0.9429,0.5155,0.3019,0.2395,0.2287,0.1487,-0.2465,-0.3431,0.4072,0.707,0.8335,0.9756,1.1878,1.3018,1.1952,1.023,0.8779,0.4671,0.4693,0.4697,0.4674,0.4611,0.4493,0.4311,0.4063,0.3752,0.3389,0.2968,0.2457,0.1773,0.0821,-0.0194,-0.0222,0.1229,0.3395,0.5993,0.6756,0.4765,0.3384,0.3106,0.3631,0.4863,0.7563,1.4043,1.3384,1.1252,1.0717,1.0668,1.1298,1.1824,1.1202,0.9981,0.8794,0.453,0.4528,0.4508,0.4462,0.438,0.4256,0.4084,0.3861,0.3591,0.3275,0.2912,0.249,0.2,0.148,0.1114,0.1229,0.1952,0.3057,0.4106,0.4363,0.3676,0.2869,0.2793,0.4091,0.7087,1.3207,2.1124,1.7857,1.4829,1.3757,1.2175,1.1189,1.0786,1.0257,0.9449,0.8571,0.44,0.4382,0.4346,0.4286,0.4197,0.4074,0.3914,0.3716,0.3482,0.3215,0.2916,0.2592,0.226,0.197,0.1823,0.1931,0.2322,0.2878,0.3358,0.3488,0.3134,0.2347,0.211,0.388,0.7197,1.1751,1.5557,1.6449,1.8538,1.7233,1.3949,1.1718,1.0522,0.9739,0.9018,0.8303,0.4283,0.4254,0.4208,0.4142,0.4052,0.3935,0.3789,0.3615,0.3416,0.3194,0.2956,0.2714,0.2488,0.2317,0.2249,0.233,0.2557,0.2866,0.3143,0.3268,0.3157,0.2844,0.2942,0.4348,0.6889,0.9978,1.2881,1.5888,1.8973,1.7711,1.4394,1.1922,1.0418,0.9449,0.8705,0.8055]}]