docs/data/wind_grid.json
[{"header":{"la1":42.85,"la2":41.18,"lo1":11.55,"lo2":14.05,"nx":36,"ny":24,"dx":0.07143,"dy":0.07261,"parameterCategory":2,"parameterNumber":2,"parameterNumberName":"eastward_wind","parameterUnit":"m.s-1"},"data":[-1.0353,-1.0449,-1.0556,-1.0674,-1.0796,-1.0915,-1.1018,-1.1096,-1.1147,-1.1186,-1.1243,-1.1354,-1.1545,-1.1809,-1.2095,-1.2306,-1.235,-1.2202,-1.1918,-1.1578,-1.1243,-1.094,-1.0677,-1.0451,-1.0255,-1.0085,-0.9935,-0.9802,-0.9682,-0.9575,-0.9478,-0.9391,-0.9312,-0.924,-0.9176,-0.9119,-1.0382,-1.0494,-1.0625,-1.0775,-1.0939,-1.1104,-1.1249,-1.1349,-1.1389,-1.1391,-1.1407,-1.1512,-1.1766,-1.2184,-1.2691,-1.3093,-1.3176,-1.29,-1.2415,-1.1896,-1.1433,-1.1048,-1.0734,-1.0475,-1.0258,-1.0073,-0.9912,-0.9771,-0.9645,-0.9532,-0.943,-0.9339,-0.9257,-0.9183,-0.9118,-0.9059,-1.0402,-1.0532,-1.069,-1.0883,-1.1107,-1.1351,-1.1578,-1.1729,-1.1756,-1.1675,-1.1588,-1.1637,-1.1945,-1.2582,-1.3475,-1.4255,-1.4396,-1.383,-1.2983,-1.2202,-1.1587,-1.112,-1.0761,-1.0476,-1.0243,-1.0046,-0.9876,-0.9727,-0.9596,-0.9478,-0.9372,-0.9278,-0.9193,-0.9117,-0.905,-0.8991,-1.0409,-1.0555,-1.0741,-1.0983,-1.1292,-1.1665,-1.2055,-1.2339,-1.2364,-1.2116,-1.1802,-1.1691,-1.1991,-1.286,-1.4311,-1.5754,-1.596,-1.4838,-1.3463,-1.2394,-1.1651,-1.1129,-1.0746,-1.0448,-1.0205,-1.0001,-0.9825,-0.9671,-0.9534,-0.9412,-0.9303,-0.9206,-0.9118,-0.904,-0.8972,-0.8912,-1.0399,-1.0553,-1.0762,-1.105,-1.1456,-1.2017,-1.2715,-1.3338,-1.3434,-1.2843,-1.2062,-1.1628,-1.1792,-1.2729,-1.457,-1.6647,-1.6908,-1.5253,-1.3523,-1.234,-1.1579,-1.1064,-1.0686,-1.039,-1.0146,-0.9938,-0.9758,-0.96,-0.9459,-0.9334,-0.9222,-0.9121,-0.9031,-0.8952,-0.8882,-0.8822,-1.0367,-1.0521,-1.0734,-1.1046,-1.1526,-1.2289,-1.3454,-1.4821,-1.5226,-1.3909,-1.2283,-1.1378,-1.1281,-1.1985,-1.3519,-1.5289,-1.5592,-1.4314,-1.2947,-1.2003,-1.138,-1.0938,-1.0594,-1.031,-1.0068,-0.9858,-0.9675,-0.9514,-0.9371,-0.9242,-0.9127,-0.9023,-0.8931,-0.885,-0.8779,-0.8719,-1.0314,-1.0454,-1.0649,-1.094,-1.141,-1.2233,-1.3724,-1.599,-1.6972,-1.4581,-1.2066,-1.0817,-1.0491,-1.0837,-1.1712,-1.2702,-1.3055,-1.2655,-1.2057,-1.1552,-1.1147,-1.0802,-1.0494,-1.022,-0.9976,-0.9763,-0.9577,-0.9413,-0.9267,-0.9136,-0.9017,-0.891,-0.8815,-0.8732,-0.866,-0.8601,-1.0246,-1.0362,-1.0516,-1.0738,-1.1085,-1.1685,-1.2795,-1.4543,-1.5201,-1.303,-1.0922,-0.9867,-0.9498,-0.9608,-1.0086,-1.0722,-1.1209,-1.1412,-1.14,-1.1252,-1.1012,-1.0719,-1.0415,-1.0128,-0.9872,-0.9651,-0.9461,-0.9295,-0.9147,-0.9013,-0.8891,-0.878,-0.8681,-0.8594,-0.8522,-0.8464,-1.0172,-1.0261,-1.0368,-1.0503,-1.0675,-1.0901,-1.1193,-1.1416,-1.1033,-1.0007,-0.9197,-0.8691,-0.8389,-0.8382,-0.8763,-0.9466,-1.0269,-1.0932,-1.1293,-1.1317,-1.1088,-1.0736,-1.0366,-1.0031,-0.975,-0.9517,-0.9324,-0.9158,-0.901,-0.8873,-0.8747,-0.863,-0.8525,-0.8434,-0.836,-0.8304,-1.0102,-1.0169,-1.0242,-1.0316,-1.037,-1.0351,-1.0119,-0.9381,-0.7985,-0.7244,-0.7611,-0.7591,-0.7211,-0.702,-0.7461,-0.857,-1.0015,-1.1306,-1.1977,-1.1926,-1.1445,-1.0855,-1.0326,-0.9906,-0.959,-0.9351,-0.9162,-0.9002,-0.8856,-0.8716,-0.8582,-0.8455,-0.8341,-0.8244,-0.8168,-0.8115,-1.0042,-1.0098,-1.016,-1.0222,-1.0273,-1.027,-1.0059,-0.9057,-0.599,-0.4578,-0.6644,-0.6788,-0.5924,-0.5185,-0.5773,-0.7764,-1.0475,-1.3009,-1.3991,-1.3297,-1.2065,-1.0988,-1.0213,-0.9699,-0.9365,-0.9141,-0.8973,-0.8828,-0.8687,-0.8541,-0.8394,-0.825,-0.8121,-0.8014,-0.7936,-0.7888,-0.9991,-1.0046,-1.0114,-1.0204,-1.0335,-1.0548,-1.0895,-1.0969,-0.8363,-0.6252,-0.6956,-0.6373,-0.4684,-0.2448,-0.3451,-0.7078,-1.1948,-1.7487,-1.8564,-1.548,-1.266,-1.0888,-0.9876,-0.9331,-0.9043,-0.8879,-0.8761,-0.8644,-0.8509,-0.8351,-0.8178,-0.8005,-0.7851,-0.773,-0.765,-0.7612,-0.9947,-1.0004,-1.0082,-1.02,-1.0402,-1.0784,-1.1539,-1.2784,-1.1274,-0.8922,-0.7583,-0.6272,-0.4863,-0.1515,-0.2504,-0.7337,-1.3662,-2.4633,-2.4827,-1.6939,-1.2369,-1.0122,-0.9113,-0.8727,-0.8611,-0.858,-0.8546,-0.8469,-0.8335,-0.8148,-0.7928,-0.7703,-0.7507,-0.7365,-0.7288,-0.7271,-0.9904,-0.996,-1.0039,-1.0161,-1.0361,-1.0702,-1.123,-1.168,-1.11,-0.9477,-0.8084,-0.6153,-0.5527,-0.6005,-0.6095,-0.8939,-1.2951,-1.9387,-2.0175,-1.4318,-1.0129,-0.8213,-0.7754,-0.7875,-0.8109,-0.8292,-0.8372,-0.8336,-0.8184,-0.7936,-0.7627,-0.7313,-0.705,-0.6881,-0.6818,-0.6844,-0.9859,-0.9909,-0.9979,-1.0079,-1.0225,-1.0428,-1.065,-1.0706,-1.0315,-0.9738,-0.9325,-0.8519,-0.7731,-0.8006,-0.8086,-1.1017,-1.3518,-1.3061,-1.2441,-0.9223,-0.5676,-0.482,-0.5833,-0.6917,-0.7665,-0.8112,-0.8311,-0.8295,-0.8086,-0.7718,-0.7249,-0.6777,-0.641,-0.6216,-0.6197,-0.6307,-0.9812,-0.9853,-0.9907,-0.9978,-1.0066,-1.0162,-1.0228,-1.0202,-1.0116,-1.0326,-1.128,-1.0776,-0.9979,-0.9083,-0.9314,-1.0947,-1.2437,-1.0729,-0.8595,-0.4885,0.0476,-0.045,-0.4019,-0.6248,-0.7496,-0.8176,-0.8459,-0.8413,-0.8079,-0.7494,-0.6743,-0.5998,-0.5472,-0.5278,-0.5376,-0.5646,-0.9764,-0.9796,-0.9835,-0.9881,-0.9931,-0.9977,-1.0005,-1.0023,-1.0112,-1.0492,-1.1224,-1.0929,-1.1705,-1.219,-1.0333,-0.9996,-0.9602,-0.7846,-0.5889,-0.3675,0.1277,0.005,-0.3883,-0.6347,-0.7799,-0.8618,-0.8918,-0.8763,-0.8207,-0.7268,-0.6036,-0.4822,-0.407,-0.3968,-0.433,-0.4876,-0.9718,-0.9741,-0.9768,-0.9798,-0.9828,-0.9857,-0.9885,-0.9932,-1.0044,-1.0272,-1.0542,-1.0838,-1.2072,-1.2326,-1.0603,-0.9828,-0.8406,-0.5163,-0.2615,-0.4242,-0.3534,-0.369,-0.5412,-0.7159,-0.8552,-0.9477,-0.9734,-0.9367,-0.85,-0.7068,-0.5087,-0.3108,-0.2089,-0.2294,-0.3143,-0.4091,-0.9674,-0.9691,-0.9709,-0.9729,-0.975,-0.9773,-0.9802,-0.9851,-0.9939,-1.0076,-1.0251,-1.0498,-1.0835,-1.0774,-1.0606,-1.0623,-0.8603,-0.5579,-0.3968,-0.56,-0.5836,-0.6067,-0.6909,-0.81,-0.9392,-1.0451,-1.0643,-1.005,-0.8925,-0.7,-0.4126,-0.1168,0.0057,-0.0691,-0.2145,-0.3494,-0.9633,-0.9644,-0.9657,-0.9671,-0.9686,-0.9705,-0.973,-0.977,-0.9832,-0.9917,-1.0021,-1.0136,-1.022,-1.0218,-1.0365,-1.0289,-0.8781,-0.7102,-0.6784,-0.7006,-0.6887,-0.727,-0.793,-0.8792,-0.985,-1.0731,-1.088,-1.0553,-0.9435,-0.7264,-0.3917,-0.0451,0.0851,-0.0155,-0.1843,-0.3325,-0.9594,-0.9602,-0.9611,-0.962,-0.9631,-0.9644,-0.9663,-0.9691,-0.9728,-0.9775,-0.9824,-0.9863,-0.9869,-0.9834,-0.976,-0.9438,-0.8629,-0.7719,-0.7237,-0.7213,-0.7572,-0.8215,-0.876,-0.9269,-1.008,-1.1063,-1.1969,-1.1555,-1.009,-0.7893,-0.4894,-0.1934,-0.0641,-0.1189,-0.2449,-0.3669,-0.9559,-0.9563,-0.9568,-0.9574,-0.958,-0.9588,-0.96,-0.9614,-0.9633,-0.9651,-0.9663,-0.9658,-0.9621,-0.9538,-0.9378,-0.9072,-0.8598,-0.8105,-0.7816,-0.7887,-0.8431,-0.9276,-0.9611,-0.9621,-1.0208,-1.1479,-1.2783,-1.2142,-1.0468,-0.8502,-0.6243,-0.4148,-0.2999,-0.298,-0.3596,-0.4368,-0.9526,-0.9527,-0.9529,-0.9531,-0.9533,-0.9536,-0.954,-0.9544,-0.9547,-0.9545,-0.9533,-0.9503,-0.9444,-0.9342,-0.9181,-0.8945,-0.8654,-0.839,-0.8277,-0.8444,-0.9016,-0.9846,-1.0042,-0.9779,-1.0078,-1.0916,-1.1608,-1.1297,-1.0197,-0.8776,-0.7226,-0.5819,-0.4905,-0.4614,-0.4784,-0.5172,-0.9494,-0.9494,-0.9493,-0.9492,-0.949,-0.9488,-0.9485,-0.948,-0.9472,-0.9457,-0.9431,-0.9388,-0.932,-0.9221,-0.9085,-0.8914,-0.8732,-0.8591,-0.8563,-0.8725,-0.912,-0.9601,-0.9764,-0.969,-0.9845,-1.0236,-1.0515,-1.0343,-0.9711,-0.8801,-0.7785,-0.6844,-0.6158,-0.5811,-0.5763,-0.5907]},{"header":{"la1":42.85,"la2":41.18,"lo1":11.55,"lo2":14.05,"nx":36,"ny":24,"dx":0.07143,"dy":0.07261,"parameterCategory":2,"parameterNumber":3,"parameterNumberName":"northward_wind","parameterUnit":"m.s-1"},"data":[-0.3766,-0.3623,-0.3458,-0.3278,-0.3095,-0.2932,-0.282,-0.2792,-0.2873,-0.3065,-0.335,-0.3698,-0.4076,-0.445,-0.4778,-0.5008,-0.51,-0.5055,-0.4916,-0.4738,-0.4561,-0.4406,-0.4278,-0.4179,-0.4105,-0.4054,-0.4022,-0.4007,-0.4005,-0.4015,-0.4033,-0.4058,-0.4088,-0.4122,-0.4156,-0.4191,-0.3765,-0.3589,-0.3376,-0.3128,-0.2858,-0.2595,-0.239,-0.2305,-0.2391,-0.2657,-0.3068,-0.3565,-0.4103,-0.4648,-0.5144,-0.5495,-0.5603,-0.547,-0.5203,-0.4909,-0.4649,-0.4438,-0.4277,-0.4157,-0.4073,-0.4017,-0.3985,-0.3973,-0.3976,-0.3992,-0.4017,-0.405,-0.4087,-0.4128,-0.4169,-0.421,-0.379,-0.3581,-0.3312,-0.2977,-0.2581,-0.2155,-0.1776,-0.1566,-0.1642,-0.203,-0.2643,-0.3359,-0.4111,-0.4889,-0.5654,-0.6225,-0.6349,-0.6029,-0.5534,-0.5073,-0.471,-0.4442,-0.4249,-0.4113,-0.4022,-0.3966,-0.3937,-0.393,-0.3941,-0.3965,-0.4,-0.4042,-0.4089,-0.4138,-0.4187,-0.4235,-0.3853,-0.3616,-0.3291,-0.2855,-0.2288,-0.1605,-0.0901,-0.0411,-0.0432,-0.1049,-0.202,-0.3057,-0.406,-0.5094,-0.6217,-0.7159,-0.7296,-0.6634,-0.5813,-0.5163,-0.4708,-0.4396,-0.4183,-0.4041,-0.3949,-0.3897,-0.3875,-0.3878,-0.3899,-0.3936,-0.3983,-0.4037,-0.4095,-0.4155,-0.4213,-0.4269,-0.3967,-0.3718,-0.3352,-0.2819,-0.2055,-0.1003,0.0284,0.1411,0.1582,0.0471,-0.1189,-0.2689,-0.392,-0.5094,-0.6436,-0.7706,-0.786,-0.6886,-0.5839,-0.5094,-0.4606,-0.4285,-0.4072,-0.3935,-0.3851,-0.3809,-0.38,-0.3816,-0.3853,-0.3905,-0.3967,-0.4036,-0.4109,-0.4181,-0.425,-0.4314,-0.4145,-0.3909,-0.3539,-0.2955,-0.2031,-0.0576,0.1581,0.4031,0.4765,0.2534,-0.0366,-0.2419,-0.3761,-0.4824,-0.5927,-0.6957,-0.7116,-0.6343,-0.5468,-0.4825,-0.4392,-0.4104,-0.3914,-0.3794,-0.3728,-0.3703,-0.3711,-0.3746,-0.3802,-0.3873,-0.3955,-0.4043,-0.4133,-0.422,-0.4301,-0.4375,-0.4389,-0.4204,-0.3887,-0.3346,-0.2415,-0.0788,0.2026,0.6057,0.7738,0.3841,-0.0264,-0.2548,-0.3768,-0.454,-0.5164,-0.5652,-0.5736,-0.5367,-0.4859,-0.4422,-0.4096,-0.3867,-0.3714,-0.3622,-0.3579,-0.3577,-0.3609,-0.3668,-0.3748,-0.3844,-0.3951,-0.4061,-0.4172,-0.4276,-0.4372,-0.4456,-0.4691,-0.4594,-0.4397,-0.4019,-0.3314,-0.2017,0.0287,0.3611,0.4887,0.1609,-0.1549,-0.3219,-0.4059,-0.4503,-0.4746,-0.4851,-0.4793,-0.4573,-0.4278,-0.3995,-0.3764,-0.3593,-0.348,-0.342,-0.3406,-0.3433,-0.3494,-0.3583,-0.3694,-0.3821,-0.3958,-0.4097,-0.4232,-0.4357,-0.4468,-0.4563,-0.5029,-0.505,-0.5025,-0.4906,-0.4606,-0.3988,-0.2931,-0.1703,-0.1417,-0.2389,-0.344,-0.4151,-0.4565,-0.4746,-0.4727,-0.4563,-0.4325,-0.4067,-0.3821,-0.3605,-0.3429,-0.3298,-0.322,-0.3192,-0.3211,-0.3272,-0.3368,-0.3494,-0.3643,-0.3809,-0.3983,-0.4157,-0.4322,-0.4472,-0.46,-0.4705,-0.537,-0.5522,-0.5694,-0.5876,-0.6039,-0.6111,-0.5956,-0.5463,-0.4839,-0.4588,-0.4731,-0.4952,-0.5161,-0.5238,-0.5028,-0.4574,-0.4091,-0.3725,-0.3469,-0.3266,-0.3101,-0.2985,-0.293,-0.2933,-0.299,-0.3092,-0.3231,-0.3402,-0.3599,-0.3813,-0.4035,-0.4252,-0.4455,-0.4633,-0.4779,-0.4893,-0.5676,-0.595,-0.6309,-0.6783,-0.7403,-0.8149,-0.875,-0.8235,-0.5487,-0.4318,-0.5284,-0.5518,-0.5819,-0.6111,-0.5715,-0.474,-0.3882,-0.3452,-0.3233,-0.2995,-0.2776,-0.264,-0.2597,-0.2636,-0.2739,-0.2891,-0.3083,-0.3309,-0.3565,-0.3841,-0.4124,-0.4399,-0.4648,-0.4859,-0.5024,-0.514,-0.5912,-0.6278,-0.6778,-0.7482,-0.8493,-0.9943,-1.1835,-1.2916,-0.905,-0.5948,-0.5959,-0.5885,-0.6457,-0.7771,-0.6922,-0.4795,-0.3441,-0.3401,-0.3379,-0.2845,-0.2421,-0.2216,-0.2187,-0.228,-0.245,-0.2667,-0.2923,-0.3216,-0.3545,-0.3902,-0.4268,-0.4618,-0.4928,-0.5177,-0.5356,-0.5468,-0.6052,-0.6463,-0.7031,-0.784,-0.9038,-1.0868,-1.3641,-1.6912,-1.3816,-0.8688,-0.6392,-0.6099,-0.6302,-0.8206,-0.719,-0.3754,-0.2173,-0.4126,-0.4213,-0.2633,-0.1877,-0.1606,-0.1638,-0.1843,-0.2118,-0.2418,-0.2746,-0.3117,-0.3541,-0.4007,-0.4489,-0.4945,-0.5334,-0.5625,-0.5811,-0.59,-0.6088,-0.6493,-0.7041,-0.7804,-0.8894,-1.0464,-1.2569,-1.4408,-1.2756,-0.8164,-0.5791,-0.6434,-0.6546,-0.2552,-0.3529,0.0051,0.2742,-0.1165,-0.2531,-0.1564,-0.0828,-0.0588,-0.0854,-0.131,-0.1747,-0.214,-0.2539,-0.2999,-0.3547,-0.417,-0.4822,-0.5433,-0.5929,-0.6265,-0.6434,-0.6466,-0.6028,-0.6384,-0.6845,-0.7447,-0.8228,-0.9189,-1.0155,-1.0418,-0.8746,-0.5792,-0.3936,-0.3811,-0.3361,-0.2078,-0.1259,0.7306,1.6781,0.5603,0.0462,0.0033,0.1178,0.1263,0.0235,-0.0731,-0.1373,-0.1824,-0.2263,-0.282,-0.3542,-0.4403,-0.5321,-0.617,-0.6815,-0.7182,-0.7285,-0.7197,-0.5894,-0.6177,-0.6519,-0.6922,-0.7367,-0.7775,-0.7934,-0.7433,-0.5896,-0.3517,-0.1035,-0.1905,-0.2205,-0.1986,-0.0472,0.6156,1.2431,0.461,0.0066,0.0945,0.4911,0.4135,0.1284,-0.0324,-0.1045,-0.1405,-0.1806,-0.2485,-0.3479,-0.4719,-0.6068,-0.7297,-0.8149,-0.8499,-0.8428,-0.8114,-0.5716,-0.592,-0.6143,-0.6369,-0.6558,-0.6626,-0.6425,-0.5771,-0.4554,-0.2853,-0.1172,-0.1621,-0.1265,-0.0834,-0.1088,0.0432,0.1083,-0.212,-0.4445,-0.1094,0.5185,0.4219,0.1074,-0.0372,-0.0722,-0.0661,-0.09,-0.1818,-0.3291,-0.513,-0.7168,-0.9019,-1.0141,-1.0336,-0.9887,-0.9185,-0.5519,-0.5651,-0.5777,-0.5875,-0.5906,-0.5809,-0.5507,-0.4932,-0.4089,-0.3117,-0.2363,-0.2004,-0.118,-0.1044,-0.2499,-0.304,-0.3719,-0.8229,-1.263,-0.6358,-0.1213,0.0104,-0.0488,-0.0763,-0.0177,0.0908,0.0976,-0.0641,-0.2974,-0.5638,-0.8673,-1.1487,-1.2906,-1.2652,-1.153,-1.0279,-0.5323,-0.5399,-0.5454,-0.5469,-0.5417,-0.526,-0.4964,-0.4515,-0.3945,-0.3351,-0.2865,-0.2523,-0.2321,-0.2832,-0.4826,-0.5594,-0.5217,-0.8233,-1.0583,-0.721,-0.4498,-0.2667,-0.1884,-0.1178,0.0514,0.354,0.4118,0.0599,-0.2868,-0.6195,-1.0234,-1.4196,-1.5822,-1.4833,-1.2907,-1.1119,-0.5142,-0.5175,-0.5184,-0.5152,-0.5063,-0.4896,-0.4641,-0.43,-0.3906,-0.3515,-0.3195,-0.3007,-0.306,-0.3634,-0.4885,-0.5364,-0.5248,-0.6326,-0.6979,-0.6958,-0.5342,-0.3661,-0.265,-0.1763,-0.0024,0.3606,0.4377,-0.0698,-0.3744,-0.6657,-1.0821,-1.5204,-1.6875,-1.5562,-1.3346,-1.1388,-0.498,-0.4985,-0.4965,-0.491,-0.4809,-0.4655,-0.4444,-0.4187,-0.3907,-0.3641,-0.3436,-0.3341,-0.3429,-0.3771,-0.4287,-0.4634,-0.4913,-0.5488,-0.6092,-0.6058,-0.4851,-0.3571,-0.2878,-0.2514,-0.2216,-0.2809,-0.6123,-0.6062,-0.554,-0.6915,-0.9972,-1.3418,-1.4985,-1.4255,-1.2599,-1.0983,-0.4841,-0.4827,-0.4791,-0.4727,-0.4628,-0.4493,-0.4322,-0.4126,-0.3923,-0.3739,-0.3603,-0.355,-0.3611,-0.3796,-0.4056,-0.4309,-0.4565,-0.4858,-0.5038,-0.4769,-0.386,-0.2799,-0.2475,-0.2833,-0.3732,-0.6282,-0.9741,-0.8434,-0.6672,-0.6951,-0.8691,-1.0828,-1.2081,-1.2016,-1.1165,-1.0119,-0.4723,-0.4699,-0.4655,-0.4589,-0.4498,-0.4382,-0.4245,-0.4094,-0.3944,-0.3811,-0.3717,-0.368,-0.3713,-0.3816,-0.3964,-0.4127,-0.4283,-0.4397,-0.4364,-0.4018,-0.3237,-0.2251,-0.2027,-0.2769,-0.3969,-0.5801,-0.7422,-0.7288,-0.6616,-0.6742,-0.7681,-0.8905,-0.9781,-0.9999,-0.9687,-0.9121,-0.4625,-0.4594,-0.4548,-0.4485,-0.4403,-0.4305,-0.4194,-0.4076,-0.3962,-0.3864,-0.3794,-0.3762,-0.3776,-0.3831,-0.3915,-0.4008,-0.4085,-0.4106,-0.401,-0.3717,-0.3194,-0.2617,-0.2493,-0.3013,-0.3902,-0.4975,-0.584,-0.6127,-0.614,-0.6373,-0.6947,-0.7671,-0.8257,-0.8523,-0.847,-0.8205]}]