docs/data/wind_grid.json
[{"header":{"la1":42.85,"la2":41.18,"lo1":11.55,"lo2":14.05,"nx":36,"ny":24,"dx":0.07143,"dy":0.07261,"parameterCategory":2,"parameterNumber":2,"parameterNumberName":"eastward_wind","parameterUnit":"m.s-1"},"data":[2.3516,2.3454,2.3354,2.3217,2.3046,2.285,2.2639,2.2418,2.2195,2.1969,2.1743,2.1519,2.1296,2.1073,2.0841,2.0585,2.0286,1.9918,1.9465,1.8936,1.8392,1.7935,1.7658,1.759,1.7682,1.7856,1.805,1.8228,1.8377,1.8497,1.8592,1.8668,1.873,1.8782,1.8827,1.8867,2.3786,2.3734,2.3631,2.3476,2.3274,2.304,2.279,2.2537,2.2285,2.2035,2.1786,2.1542,2.1306,2.1079,2.085,2.06,2.0295,1.9884,1.9312,1.8563,1.7724,1.7014,1.6657,1.6693,1.6979,1.7341,1.7675,1.7947,1.8155,1.831,1.8427,1.8517,1.8589,1.8648,1.87,1.8746,2.4114,2.4083,2.3982,2.3802,2.3554,2.3261,2.2957,2.2663,2.2381,2.2102,2.1823,2.1554,2.1305,2.1078,2.0868,2.0652,2.0381,1.9967,1.9273,1.8175,1.6757,1.551,1.5041,1.5386,1.6085,1.6765,1.7297,1.7678,1.7943,1.8129,1.8264,1.8364,1.8443,1.8509,1.8566,1.8617,2.4515,2.4528,2.4442,2.4233,2.391,2.3522,2.3133,2.2789,2.2482,2.2174,2.1854,2.1546,2.1277,2.1057,2.0884,2.0741,2.0583,2.0284,1.9563,1.7983,1.5382,1.2853,1.2307,1.3548,1.5071,1.622,1.6973,1.7451,1.7756,1.7959,1.8101,1.8207,1.829,1.8361,1.8423,1.848,2.5007,2.5109,2.5074,2.4837,2.4395,2.3836,2.3302,2.29,2.2598,2.2262,2.1871,2.1502,2.1203,2.099,2.0868,2.0842,2.0907,2.0978,2.0621,1.8681,1.3922,0.8321,0.8126,1.1536,1.4282,1.5888,1.6785,1.7295,1.7601,1.7797,1.7935,1.804,1.8126,1.8201,1.8268,1.8331,2.5599,2.5874,2.5981,2.5749,2.5112,2.4243,2.3441,2.2965,2.2758,2.2381,2.185,2.1389,2.1051,2.0841,2.077,2.0879,2.1253,2.2037,2.2962,2.1527,1.4771,0.5523,0.5949,1.1157,1.4367,1.5972,1.6781,1.7212,1.7463,1.7629,1.7753,1.7855,1.7943,1.8023,1.8098,1.8168,2.626,2.6844,2.7307,2.7215,2.6259,2.4842,2.3593,2.2973,2.2947,2.2429,2.1694,2.1154,2.0788,2.0567,2.0521,2.0728,2.134,2.2738,2.5243,2.4733,1.8972,1.2888,1.1595,1.3791,1.5522,1.6442,1.69,1.7144,1.73,1.7424,1.7535,1.7639,1.7735,1.7824,1.7908,1.7987,2.6877,2.789,2.9086,2.9535,2.7995,2.5686,2.3881,2.2929,2.2635,2.1955,2.1234,2.075,2.039,2.0128,2.0039,2.0269,2.0953,2.2171,2.3673,2.3387,2.192,2.0106,1.7813,1.6984,1.691,1.6936,1.6947,1.6973,1.7039,1.7139,1.7257,1.7378,1.7492,1.7597,1.7694,1.7786,2.7245,2.8545,3.0501,3.195,2.9515,2.6389,2.4148,2.2612,2.151,2.0723,2.0404,2.0197,1.9869,1.9504,1.9223,1.9372,2.0251,2.1358,2.2226,2.2857,2.4483,2.373,2.0677,1.8718,1.7642,1.7006,1.6656,1.6539,1.6589,1.6728,1.6897,1.7063,1.721,1.7339,1.7453,1.7559,2.7239,2.8378,2.9807,3.0586,2.898,2.6563,2.4244,2.1996,1.9379,1.8225,1.9205,1.9615,1.9258,1.8729,1.809,1.7838,1.9571,2.1149,2.2068,2.2707,2.3698,2.3143,2.0923,1.8901,1.734,1.6269,1.5735,1.5663,1.5862,1.6157,1.6447,1.6693,1.6888,1.7046,1.718,1.7303,2.6967,2.7835,2.8764,2.96,2.916,2.6727,2.4586,2.2138,1.6281,1.3394,1.8202,1.9285,1.8492,1.759,1.757,1.7671,1.983,2.2004,2.2992,2.2868,2.2466,2.1629,2.0,1.7884,1.5751,1.4248,1.3798,1.4153,1.4807,1.5436,1.5928,1.6283,1.6533,1.6717,1.6869,1.7008,2.6573,2.7269,2.8154,2.9223,2.8752,2.6592,2.5583,2.5186,2.071,1.7089,1.9462,1.9588,1.7605,1.4684,1.5901,1.841,2.1158,2.5153,2.6276,2.4253,2.2519,2.0977,1.89,1.5865,1.2279,0.9996,1.0273,1.1896,1.3496,1.4654,1.5402,1.5863,1.6149,1.6345,1.6506,1.6662,2.6113,2.6596,2.7114,2.7443,2.7007,2.6203,2.6459,2.7898,2.6086,2.2639,2.1552,2.0871,1.8656,1.3501,1.4887,1.8331,2.1789,3.1841,3.2398,2.5779,2.2877,2.0809,1.7981,1.3122,0.6099,0.2068,0.4873,0.9249,1.2271,1.4016,1.4965,1.5463,1.5731,1.5905,1.6063,1.624,2.5651,2.5939,2.6167,2.6215,2.6011,2.5849,2.6223,2.7001,2.6189,2.4208,2.3124,2.2451,2.1679,1.6677,1.775,1.7214,1.9477,2.6305,2.8262,2.4938,2.2925,2.1065,1.786,1.1405,0.0117,-0.6392,0.048,0.778,1.1802,1.3782,1.4697,1.5078,1.5231,1.5339,1.549,1.5707,2.5247,2.5414,2.5519,2.553,2.547,2.5464,2.5617,2.5746,2.5486,2.534,2.5508,2.4658,2.233,2.1843,1.9282,1.697,1.9622,2.1685,2.3506,2.3628,2.3411,2.225,1.9139,1.3251,0.3932,-0.1506,0.3428,0.9293,1.2573,1.4061,1.4572,1.4611,1.4524,1.4528,1.47,1.5011,2.492,2.5027,2.5093,2.5116,2.512,2.5154,2.5243,2.5382,2.5733,2.7023,3.0054,2.9327,2.6753,2.3487,2.1758,2.0407,2.0452,2.1524,2.2572,2.3671,2.5619,2.4645,2.1099,1.684,1.214,0.9479,1.0592,1.2822,1.4223,1.465,1.4394,1.3825,1.3356,1.3267,1.3568,1.41,2.4664,2.4744,2.4802,2.4842,2.4883,2.4952,2.5084,2.535,2.5963,2.7396,2.9708,2.8878,2.9236,2.9451,2.5225,2.3468,2.2603,2.226,2.2255,2.3429,2.5982,2.5057,2.2006,1.9311,1.7217,1.6224,1.6184,1.6263,1.5985,1.5186,1.3851,1.2312,1.1291,1.1257,1.1974,1.2961,2.4462,2.4531,2.459,2.4646,2.4713,2.4814,2.4985,2.5287,2.5822,2.665,2.7461,2.7916,2.9757,3.0297,2.8852,2.8292,2.5215,2.2242,2.0562,2.2308,2.3439,2.3178,2.1847,2.0527,1.9914,2.0178,2.0139,1.9021,1.7452,1.5456,1.2698,0.9571,0.7779,0.8272,0.996,1.1714,2.4297,2.4363,2.4425,2.4492,2.4576,2.4695,2.4875,2.5151,2.5551,2.6061,2.6596,2.7203,2.8157,2.9657,3.5323,3.7949,2.8443,2.3208,2.1596,2.2723,2.2784,2.2343,2.1621,2.1079,2.1414,2.3069,2.3429,2.1023,1.849,1.5575,1.1265,0.5849,0.3138,0.4934,0.8095,1.0718,2.4159,2.4222,2.4288,2.4361,2.4453,2.4576,2.4746,2.4979,2.5287,2.5661,2.6098,2.6664,2.7576,2.9579,3.4271,3.5565,2.8841,2.4577,2.3697,2.3915,2.2867,2.1981,2.1347,2.1134,2.1731,2.3565,2.3999,2.1372,1.8951,1.5925,1.1038,0.4353,0.1143,0.3724,0.7541,1.047,2.4037,2.4099,2.4165,2.424,2.4332,2.4449,2.4601,2.4797,2.5041,2.5338,2.57,2.6181,2.6913,2.8117,2.9591,2.9442,2.6989,2.4682,2.3699,2.3357,2.238,2.1253,2.0656,2.0693,2.1121,2.1596,2.1306,2.064,1.9004,1.6636,1.2885,0.78,0.4969,0.6214,0.8853,1.1161,2.3927,2.3986,2.405,2.4123,2.421,2.4316,2.4447,2.4609,2.4805,2.5038,2.532,2.5673,2.6131,2.6668,2.7023,2.6676,2.5553,2.4294,2.3367,2.2563,2.1318,1.9716,1.9187,1.9887,2.0481,2.0762,2.0963,2.0335,1.859,1.7216,1.5147,1.2208,1.0124,1.0013,1.1106,1.2447,2.3823,2.3878,2.3939,2.4006,2.4085,2.4178,2.4288,2.4418,2.457,2.4746,2.4947,2.5174,2.5414,2.5607,2.5616,2.5281,2.4603,2.3772,2.2928,2.1951,2.0502,1.8588,1.8102,1.9304,2.004,2.0235,2.0098,1.8959,1.7427,1.7277,1.6481,1.4891,1.3501,1.2969,1.3208,1.3827,2.3723,2.3774,2.3829,2.389,2.3958,2.4036,2.4125,2.4227,2.434,2.4463,2.4593,2.472,2.4821,2.485,2.4741,2.4437,2.3939,2.3306,2.257,2.1676,2.0522,1.9314,1.8961,1.9489,1.9857,1.9812,1.9345,1.8259,1.7267,1.7299,1.7027,1.6206,1.5355,1.4858,1.4787,1.5018]},{"header":{"la1":42.85,"la2":41.18,"lo1":11.55,"lo2":14.05,"nx":36,"ny":24,"dx":0.07143,"dy":0.07261,"parameterCategory":2,"parameterNumber":3,"parameterNumberName":"northward_wind","parameterUnit":"m.s-1"},"data":[-0.2257,-0.229,-0.2348,-0.2436,-0.2555,-0.2703,-0.2879,-0.3085,-0.3321,-0.3591,-0.3894,-0.4226,-0.4584,-0.4963,-0.536,-0.5779,-0.6223,-0.6698,-0.7206,-0.7725,-0.8201,-0.8547,-0.8682,-0.8586,-0.8305,-0.7911,-0.7471,-0.7023,-0.659,-0.6179,-0.5794,-0.5433,-0.5097,-0.4784,-0.4494,-0.4225,-0.2063,-0.2078,-0.2126,-0.2212,-0.2335,-0.2494,-0.2682,-0.2901,-0.3155,-0.345,-0.3789,-0.4165,-0.4569,-0.4996,-0.5442,-0.5912,-0.6418,-0.6982,-0.7628,-0.8353,-0.908,-0.9631,-0.9819,-0.9609,-0.9125,-0.8526,-0.7915,-0.7339,-0.6809,-0.6325,-0.5884,-0.5478,-0.5105,-0.4762,-0.4447,-0.4158,-0.1836,-0.1824,-0.1855,-0.1938,-0.2073,-0.2248,-0.2453,-0.2683,-0.295,-0.3271,-0.3651,-0.408,-0.4541,-0.502,-0.5513,-0.6026,-0.6579,-0.7217,-0.8013,-0.9044,-1.0245,-1.1227,-1.1491,-1.0995,-1.0119,-0.9194,-0.8355,-0.7627,-0.6994,-0.6437,-0.594,-0.5491,-0.5082,-0.471,-0.437,-0.4061,-0.1569,-0.1512,-0.1515,-0.1595,-0.1753,-0.1965,-0.2196,-0.2434,-0.2702,-0.3045,-0.3477,-0.3975,-0.4503,-0.504,-0.5576,-0.6115,-0.6678,-0.7323,-0.8209,-0.9635,-1.1755,-1.3749,-1.4071,-1.282,-1.121,-0.9824,-0.8726,-0.7848,-0.7121,-0.65,-0.5953,-0.5463,-0.5021,-0.462,-0.4257,-0.393,-0.1255,-0.1122,-0.1067,-0.1142,-0.1351,-0.1641,-0.1932,-0.2177,-0.2414,-0.2766,-0.3269,-0.3858,-0.447,-0.5069,-0.5642,-0.6185,-0.6698,-0.7204,-0.7909,-0.9594,-1.3295,-1.7636,-1.7714,-1.4737,-1.2084,-1.0241,-0.894,-0.7958,-0.7169,-0.65,-0.5913,-0.5389,-0.4915,-0.4487,-0.4102,-0.3757,-0.0896,-0.0622,-0.0439,-0.0486,-0.0803,-0.1262,-0.1694,-0.198,-0.2133,-0.2459,-0.305,-0.3751,-0.446,-0.5131,-0.5739,-0.6267,-0.6677,-0.6844,-0.6748,-0.798,-1.3023,-1.9912,-1.9549,-1.5252,-1.2185,-1.025,-0.8927,-0.7934,-0.7127,-0.6434,-0.5818,-0.5263,-0.4759,-0.4305,-0.3898,-0.3537,-0.0525,0.0003,0.0499,0.0577,0.0021,-0.0775,-0.1453,-0.1913,-0.201,-0.2236,-0.2881,-0.3682,-0.4496,-0.5257,-0.5914,-0.6425,-0.6738,-0.6601,-0.5454,-0.5917,-1.0509,-1.4897,-1.555,-1.3421,-1.1369,-0.985,-0.871,-0.7794,-0.7011,-0.631,-0.5669,-0.5082,-0.4547,-0.4066,-0.3638,-0.3262,-0.025,0.0647,0.1868,0.2439,0.1243,-0.0183,-0.1034,-0.1616,-0.1877,-0.2107,-0.2754,-0.3641,-0.4584,-0.5484,-0.625,-0.676,-0.7006,-0.6991,-0.6635,-0.7582,-1.036,-1.1673,-1.1944,-1.1315,-1.029,-0.9291,-0.8407,-0.7607,-0.6858,-0.6146,-0.5473,-0.4846,-0.4273,-0.376,-0.331,-0.2921,-0.0277,0.082,0.3004,0.4887,0.2151,0.0102,-0.0448,-0.08,-0.1194,-0.1698,-0.251,-0.3568,-0.4689,-0.5822,-0.691,-0.7479,-0.7481,-0.7548,-0.7992,-0.9557,-1.2255,-1.2,-1.0856,-1.0156,-0.951,-0.8857,-0.8184,-0.7472,-0.6725,-0.5969,-0.5235,-0.4547,-0.3924,-0.3374,-0.29,-0.2503,-0.0734,-0.0161,0.099,0.1775,-0.0489,-0.0486,0.0312,0.0408,-0.0259,-0.1024,-0.207,-0.3428,-0.4725,-0.6086,-0.8046,-0.8984,-0.8042,-0.7875,-0.8303,-0.95,-1.1307,-1.1219,-1.0151,-0.9524,-0.9138,-0.8753,-0.8221,-0.7509,-0.6673,-0.5799,-0.4952,-0.4172,-0.348,-0.2885,-0.239,-0.1988,-0.1368,-0.1684,-0.3106,-0.7047,-0.6274,-0.1162,0.1995,0.2627,0.0286,-0.0856,-0.1616,-0.3299,-0.4616,-0.5712,-0.7728,-0.904,-0.8156,-0.809,-0.8292,-0.8738,-0.9351,-0.9515,-0.9296,-0.9213,-0.931,-0.9267,-0.8775,-0.7861,-0.6752,-0.5635,-0.4601,-0.3687,-0.2907,-0.2263,-0.175,-0.1357,-0.1761,-0.2375,-0.405,-0.6962,-0.5806,0.0284,0.5581,0.8288,0.4072,0.0328,-0.1385,-0.324,-0.4402,-0.467,-0.5763,-0.7518,-0.8266,-0.8518,-0.8513,-0.8417,-0.8468,-0.859,-0.8827,-0.9455,-1.0474,-1.1017,-1.0258,-0.8658,-0.6947,-0.5417,-0.4116,-0.3033,-0.2152,-0.1461,-0.0945,-0.058,-0.1811,-0.2164,-0.2804,-0.3199,-0.1537,0.2782,0.8578,1.4061,1.0061,0.2512,-0.1428,-0.2779,-0.3868,-0.4363,-0.5476,-0.8459,-0.9368,-0.9053,-0.8904,-0.8427,-0.8167,-0.8218,-0.8734,-1.0297,-1.3239,-1.4999,-1.2994,-0.9761,-0.7059,-0.4995,-0.3388,-0.2121,-0.114,-0.0417,0.0076,0.0377,-0.1697,-0.1732,-0.1677,-0.116,0.0404,0.3291,0.7251,1.0921,0.8432,0.1547,-0.2179,-0.1763,-0.1732,-0.6925,-0.8344,-1.1793,-1.185,-1.0058,-0.9039,-0.8387,-0.8118,-0.8141,-0.865,-1.0865,-1.6192,-1.9681,-1.5385,-1.0193,-0.6616,-0.4131,-0.2271,-0.0836,0.0232,0.0956,0.1374,0.1551,-0.1599,-0.1464,-0.1175,-0.0561,0.055,0.2164,0.3926,0.4675,0.2544,-0.1354,-0.3927,-0.478,-0.6357,-0.9567,-0.9737,-1.3039,-1.8869,-1.2253,-0.9043,-0.8245,-0.8782,-0.8739,-0.838,-0.9753,-1.3909,-1.6704,-1.324,-0.8607,-0.5179,-0.2644,-0.0638,0.0952,0.2097,0.277,0.3023,0.2978,-0.1587,-0.1412,-0.1126,-0.0672,-0.004,0.0659,0.1092,0.0662,-0.1104,-0.3705,-0.5784,-0.6623,-0.6977,-0.8098,-0.9269,-1.254,-1.611,-1.0736,-0.7308,-0.7932,-1.2227,-1.1136,-0.8074,-0.7573,-0.8831,-0.9616,-0.8109,-0.5489,-0.2922,-0.0578,0.1567,0.3392,0.4647,0.5179,0.5104,0.4677,-0.1656,-0.151,-0.1309,-0.1051,-0.0776,-0.0601,-0.0733,-0.1422,-0.2763,-0.4486,-0.5838,-0.6453,-0.8035,-0.885,-0.8269,-0.8797,-0.8288,-0.481,-0.205,-0.4933,-1.2389,-1.0839,-0.6665,-0.5243,-0.5114,-0.4994,-0.415,-0.2564,-0.0515,0.1811,0.4324,0.6675,0.8153,0.8359,0.7648,0.6599,-0.1775,-0.1681,-0.1573,-0.147,-0.1417,-0.1495,-0.1813,-0.246,-0.3424,-0.4526,-0.5492,-0.6443,-0.8166,-0.8614,-0.7354,-0.6563,-0.412,0.1996,0.6887,0.2326,-0.2699,-0.4235,-0.3338,-0.2726,-0.2771,-0.3161,-0.2765,-0.0901,0.1538,0.4244,0.7497,1.0933,1.285,1.2312,1.0478,0.8547,-0.1911,-0.1868,-0.1835,-0.1834,-0.19,-0.2081,-0.2428,-0.2967,-0.3669,-0.444,-0.519,-0.5934,-0.6646,-0.6852,-0.7123,-0.7241,-0.2816,0.3888,0.8408,1.0548,0.558,0.1671,0.0343,-0.0203,-0.1445,-0.4566,-0.5163,-0.039,0.3474,0.6563,1.0512,1.5454,1.7962,1.6155,1.2911,1.0113,-0.2042,-0.2038,-0.2057,-0.2114,-0.2233,-0.2441,-0.2759,-0.319,-0.3708,-0.4261,-0.4795,-0.5269,-0.5616,-0.5826,-0.6374,-0.6146,-0.1723,0.5537,1.8217,2.3719,1.1389,0.5621,0.3632,0.2529,0.0745,-0.4025,-0.5135,0.2924,0.6537,0.8813,1.2189,1.7259,1.9889,1.7548,1.3863,1.0834,-0.2154,-0.2177,-0.2225,-0.231,-0.2444,-0.2643,-0.2912,-0.3246,-0.3623,-0.4007,-0.4357,-0.4624,-0.476,-0.4744,-0.4512,-0.3363,-0.0145,0.5478,1.3265,1.5849,1.0802,0.8069,0.7128,0.5895,0.5223,0.6834,1.3086,1.2624,1.1061,1.1323,1.2605,1.5246,1.6941,1.5661,1.3068,1.0622,-0.2241,-0.228,-0.2341,-0.2433,-0.2562,-0.2735,-0.295,-0.3199,-0.3463,-0.3713,-0.3913,-0.4019,-0.3981,-0.3731,-0.3121,-0.182,0.0548,0.3972,0.7539,0.9254,0.9579,1.1506,1.2188,0.9518,0.8818,1.3019,2.0185,1.7322,1.5275,1.4674,1.3558,1.3442,1.3698,1.3038,1.1555,0.9873,-0.2303,-0.2347,-0.2411,-0.2498,-0.2611,-0.275,-0.2913,-0.3089,-0.3261,-0.3405,-0.3487,-0.3471,-0.3306,-0.2924,-0.2216,-0.1038,0.0711,0.2917,0.5162,0.7136,0.9754,1.4334,1.5704,1.1623,1.0087,1.2351,1.5473,1.6989,2.0276,1.8803,1.5189,1.3076,1.21,1.128,1.0229,0.903,-0.234,-0.2384,-0.2443,-0.2518,-0.2609,-0.2715,-0.2831,-0.2945,-0.3043,-0.3102,-0.3097,-0.2994,-0.2752,-0.2316,-0.1624,-0.0613,0.0737,0.236,0.4136,0.612,0.8746,1.189,1.2759,1.0821,0.9939,1.1163,1.3507,1.6993,2.0886,1.9385,1.5541,1.2847,1.1287,1.022,0.9255,0.8284]}]