docs/data/wind_grid.json
[{"header":{"la1":42.85,"la2":41.18,"lo1":11.55,"lo2":14.05,"nx":36,"ny":24,"dx":0.07143,"dy":0.07261,"parameterCategory":2,"parameterNumber":2,"parameterNumberName":"eastward_wind","parameterUnit":"m.s-1"},"data":[-0.3425,-0.3547,-0.3689,-0.3848,-0.4014,-0.417,-0.429,-0.4349,-0.4325,-0.4216,-0.4039,-0.382,-0.3588,-0.3367,-0.3177,-0.3032,-0.2951,-0.295,-0.3041,-0.3218,-0.3444,-0.3658,-0.3804,-0.3859,-0.3833,-0.3754,-0.3647,-0.3528,-0.3405,-0.3284,-0.3166,-0.3052,-0.2943,-0.2839,-0.2741,-0.2649,-0.3406,-0.3548,-0.3724,-0.3936,-0.4173,-0.4413,-0.4617,-0.4732,-0.4717,-0.4563,-0.4302,-0.3985,-0.3659,-0.3355,-0.3092,-0.2888,-0.2764,-0.2752,-0.2889,-0.3185,-0.3579,-0.3945,-0.4165,-0.4208,-0.4124,-0.3979,-0.3815,-0.3651,-0.3494,-0.3347,-0.3207,-0.3076,-0.2952,-0.2835,-0.2727,-0.2626,-0.3352,-0.3511,-0.3724,-0.4,-0.4339,-0.4715,-0.5069,-0.5299,-0.531,-0.5076,-0.467,-0.4198,-0.3736,-0.332,-0.2963,-0.2671,-0.2466,-0.2404,-0.2582,-0.3075,-0.38,-0.4465,-0.4782,-0.4737,-0.451,-0.4246,-0.3998,-0.3778,-0.3582,-0.3406,-0.3243,-0.3093,-0.2953,-0.2824,-0.2704,-0.2594,-0.3252,-0.3417,-0.3659,-0.4005,-0.4478,-0.507,-0.5704,-0.6185,-0.6264,-0.5865,-0.5185,-0.446,-0.3808,-0.3252,-0.2779,-0.2369,-0.2015,-0.1791,-0.193,-0.2733,-0.4154,-0.5469,-0.5859,-0.5496,-0.4972,-0.4526,-0.4177,-0.3897,-0.3662,-0.3456,-0.3271,-0.3102,-0.2945,-0.2802,-0.267,-0.2551,-0.3093,-0.3241,-0.3488,-0.3891,-0.4519,-0.5427,-0.6576,-0.7635,-0.7904,-0.7104,-0.5865,-0.474,-0.3845,-0.313,-0.2534,-0.1986,-0.1395,-0.0747,-0.0482,-0.1649,-0.4524,-0.7286,-0.75,-0.6349,-0.539,-0.4757,-0.4321,-0.3992,-0.3725,-0.3494,-0.3287,-0.3098,-0.2925,-0.2767,-0.2623,-0.2494,-0.2868,-0.2967,-0.317,-0.3575,-0.433,-0.5611,-0.7572,-0.9917,-1.0729,-0.8872,-0.6581,-0.4941,-0.3793,-0.2919,-0.2209,-0.1559,-0.0719,0.0749,0.2554,0.1368,-0.3867,-0.8439,-0.8361,-0.6674,-0.5557,-0.4871,-0.4407,-0.4057,-0.377,-0.3519,-0.3291,-0.3082,-0.289,-0.2716,-0.2559,-0.242,-0.2587,-0.2599,-0.2695,-0.2996,-0.3762,-0.5294,-0.7949,-1.1917,-1.3682,-1.014,-0.6849,-0.4911,-0.3599,-0.256,-0.1723,-0.1077,-0.0293,0.168,0.5839,0.5056,-0.2381,-0.6357,-0.6959,-0.6221,-0.5451,-0.4873,-0.4442,-0.4098,-0.3802,-0.3532,-0.3282,-0.3049,-0.2837,-0.2645,-0.2474,-0.2325,-0.2271,-0.2191,-0.2171,-0.2275,-0.2862,-0.435,-0.6767,-0.9918,-1.1212,-0.875,-0.6316,-0.4649,-0.3284,-0.1972,-0.0811,-0.0215,-0.0098,0.0607,0.2391,0.0519,-0.5569,-0.7329,-0.6689,-0.595,-0.5329,-0.4848,-0.4469,-0.4141,-0.3835,-0.3542,-0.3262,-0.3,-0.2761,-0.2549,-0.2363,-0.2205,-0.1941,-0.1782,-0.1829,-0.2001,-0.2052,-0.3209,-0.5044,-0.6737,-0.7449,-0.6911,-0.5761,-0.4451,-0.3014,-0.1137,0.1193,0.2105,0.0742,-0.0586,-0.1745,-0.5273,-1.1778,-1.0959,-0.7552,-0.6009,-0.5295,-0.4874,-0.4545,-0.4226,-0.3895,-0.3558,-0.3232,-0.2929,-0.2658,-0.2421,-0.222,-0.2053,-0.1599,-0.1232,-0.1026,-0.1006,-0.0635,-0.2034,-0.3911,-0.5519,-0.6954,-0.7294,-0.6018,-0.4584,-0.3124,-0.0627,0.5084,0.8104,0.2409,-0.0909,-0.2894,-0.5773,-0.9805,-0.957,-0.713,-0.5834,-0.5299,-0.5026,-0.4761,-0.4416,-0.401,-0.3589,-0.3188,-0.2827,-0.2514,-0.225,-0.2034,-0.1862,-0.132,-0.0591,0.08,0.3538,0.2922,-0.0876,-0.3242,-0.5016,-0.8467,-1.0137,-0.6685,-0.494,-0.3885,-0.2177,0.367,0.8043,0.1538,-0.162,-0.313,-0.4486,-0.5941,-0.6334,-0.5837,-0.5499,-0.5492,-0.5513,-0.5283,-0.4798,-0.4208,-0.3631,-0.3116,-0.2677,-0.2314,-0.2022,-0.1794,-0.1621,-0.126,-0.0443,0.1082,0.3347,0.2615,-0.0961,-0.2761,-0.336,-0.5919,-0.792,-0.6154,-0.5337,-0.498,-0.5015,-0.3369,-0.1002,-0.1622,-0.3189,-0.3868,-0.3972,-0.4345,-0.4699,-0.4976,-0.5493,-0.6311,-0.6804,-0.6402,-0.5458,-0.4478,-0.3646,-0.2977,-0.2446,-0.2031,-0.1714,-0.1482,-0.1319,-0.1454,-0.0885,-0.0106,0.0486,-0.0218,-0.1808,-0.2499,-0.2024,-0.2975,-0.4863,-0.5562,-0.6306,-0.6155,-0.5779,-0.4931,-0.284,-0.2811,-0.5106,-0.5265,-0.3942,-0.3708,-0.3941,-0.4577,-0.5967,-0.8267,-0.9616,-0.8338,-0.6298,-0.4689,-0.3542,-0.271,-0.209,-0.163,-0.13,-0.1078,-0.0942,-0.177,-0.1486,-0.1232,-0.123,-0.1697,-0.2365,-0.2651,-0.2464,-0.2995,-0.4382,-0.5526,-0.7731,-0.8317,-0.5951,-0.3824,-0.1233,-0.2097,-0.3904,-0.4283,-0.3471,-0.3148,-0.3332,-0.4167,-0.6269,-1.0373,-1.2878,-0.9997,-0.6677,-0.4544,-0.3181,-0.2239,-0.1557,-0.1069,-0.0745,-0.0558,-0.0474,-0.2079,-0.1976,-0.1946,-0.2069,-0.2371,-0.2732,-0.2991,-0.3202,-0.3724,-0.4564,-0.5313,-0.594,-0.6082,-0.6763,-0.343,-0.087,-0.3792,-0.3122,-0.2995,-0.2655,-0.2357,-0.2524,-0.338,-0.5313,-0.8749,-1.0839,-0.8608,-0.574,-0.3781,-0.2466,-0.151,-0.0796,-0.0297,-0.0007,0.0107,0.0096,-0.2322,-0.2312,-0.2363,-0.2501,-0.2722,-0.2984,-0.3252,-0.3572,-0.4063,-0.4793,-0.5683,-0.5799,-0.5137,-0.4421,-0.3322,-0.2833,-0.3553,-0.277,-0.227,-0.189,-0.1405,-0.1607,-0.2433,-0.365,-0.5212,-0.6054,-0.5267,-0.3823,-0.2524,-0.1445,-0.0521,0.0238,0.0752,0.0971,0.0943,0.0774,-0.2494,-0.2526,-0.2601,-0.2729,-0.2905,-0.3116,-0.3357,-0.3652,-0.405,-0.4627,-0.5351,-0.4837,-0.2294,-0.0981,-0.2207,-0.2205,-0.2164,-0.1763,-0.1352,-0.1322,-0.1198,-0.1322,-0.1768,-0.2305,-0.2804,-0.2953,-0.2615,-0.1968,-0.1175,-0.0286,0.0681,0.1598,0.2176,0.2252,0.1963,0.154,-0.2603,-0.2651,-0.2729,-0.2839,-0.2981,-0.3147,-0.3336,-0.3551,-0.3796,-0.404,-0.4081,-0.3347,-0.1213,-0.0437,-0.0729,-0.0458,-0.0912,-0.0676,-0.0157,-0.0657,-0.0946,-0.107,-0.1172,-0.1295,-0.1384,-0.1375,-0.1182,-0.07,-0.0026,0.0836,0.2003,0.3316,0.4062,0.3836,0.3092,0.2312,-0.2665,-0.2715,-0.2785,-0.2875,-0.2984,-0.3105,-0.3234,-0.3361,-0.3466,-0.3491,-0.3305,-0.2726,-0.1769,-0.0675,0.1876,0.2987,0.0303,-0.0282,-0.0068,0.0011,-0.0269,-0.041,-0.0394,-0.0381,-0.0533,-0.1144,-0.1242,-0.0017,0.0944,0.1811,0.3195,0.5111,0.6111,0.5375,0.4058,0.2926,-0.2692,-0.2736,-0.2794,-0.2863,-0.294,-0.302,-0.3094,-0.3149,-0.3159,-0.3079,-0.2842,-0.2381,-0.1656,-0.0483,0.1582,0.2242,0.0515,-0.0014,0.0568,0.0895,0.0392,0.0461,0.0656,0.0678,0.0416,-0.0777,-0.1062,0.1351,0.2133,0.2608,0.3778,0.581,0.6891,0.5928,0.4422,0.3194,-0.2692,-0.2728,-0.2771,-0.282,-0.2869,-0.2914,-0.2944,-0.2947,-0.2901,-0.2778,-0.254,-0.2154,-0.1588,-0.0806,0.0059,0.0365,0.0073,0.003,0.0412,0.0685,0.1032,0.1898,0.2379,0.2138,0.2069,0.2981,0.5554,0.501,0.3615,0.3239,0.3695,0.4877,0.5635,0.5116,0.406,0.3076,-0.2673,-0.27,-0.2729,-0.2759,-0.2785,-0.2801,-0.2799,-0.2768,-0.2693,-0.2554,-0.2333,-0.2015,-0.1596,-0.1102,-0.0638,-0.0359,-0.0227,-0.0018,0.037,0.0989,0.2345,0.4683,0.5463,0.3961,0.3438,0.5224,0.8473,0.6673,0.4295,0.3639,0.3517,0.3829,0.4131,0.3944,0.3382,0.273,-0.2642,-0.2659,-0.2676,-0.2689,-0.2696,-0.269,-0.2666,-0.2614,-0.2524,-0.2384,-0.2186,-0.1925,-0.1606,-0.1255,-0.0918,-0.0631,-0.0363,-0.0018,0.0518,0.1485,0.3478,0.6769,0.769,0.5115,0.3883,0.4579,0.5623,0.4865,0.4065,0.3854,0.3472,0.3301,0.3259,0.3102,0.277,0.2343,-0.2603,-0.2611,-0.2616,-0.2616,-0.2608,-0.2586,-0.2547,-0.2482,-0.2386,-0.2252,-0.2074,-0.1853,-0.1595,-0.1314,-0.1027,-0.0736,-0.0417,-0.0006,0.0599,0.1589,0.3231,0.5273,0.5836,0.4542,0.3653,0.3722,0.4022,0.3984,0.4001,0.3832,0.3369,0.3011,0.2787,0.2578,0.2316,0.2003]},{"header":{"la1":42.85,"la2":41.18,"lo1":11.55,"lo2":14.05,"nx":36,"ny":24,"dx":0.07143,"dy":0.07261,"parameterCategory":2,"parameterNumber":3,"parameterNumberName":"northward_wind","parameterUnit":"m.s-1"},"data":[-0.4206,-0.4282,-0.4377,-0.4488,-0.4612,-0.4737,-0.4849,-0.4932,-0.497,-0.4959,-0.49,-0.48,-0.4666,-0.45,-0.4309,-0.4102,-0.3895,-0.3711,-0.3575,-0.3501,-0.3485,-0.3507,-0.3541,-0.3573,-0.3598,-0.3617,-0.3631,-0.3641,-0.3646,-0.3643,-0.3634,-0.3618,-0.3596,-0.3569,-0.3539,-0.3507,-0.4141,-0.4227,-0.4341,-0.4482,-0.4649,-0.4827,-0.4994,-0.512,-0.5179,-0.5162,-0.5079,-0.4946,-0.4773,-0.4564,-0.4319,-0.4045,-0.3763,-0.3512,-0.3341,-0.328,-0.3318,-0.3404,-0.3483,-0.3533,-0.3563,-0.3584,-0.3603,-0.3618,-0.3627,-0.3627,-0.3618,-0.36,-0.3575,-0.3545,-0.3511,-0.3474,-0.405,-0.4142,-0.4274,-0.4452,-0.4677,-0.4937,-0.5196,-0.5398,-0.5488,-0.545,-0.5318,-0.5131,-0.491,-0.4649,-0.4337,-0.397,-0.3572,-0.3207,-0.2977,-0.2958,-0.3129,-0.3354,-0.3498,-0.3543,-0.3551,-0.3561,-0.358,-0.36,-0.3614,-0.3616,-0.3607,-0.3586,-0.3556,-0.352,-0.3479,-0.3437,-0.3925,-0.4017,-0.4162,-0.4377,-0.4677,-0.5061,-0.5486,-0.5838,-0.598,-0.5877,-0.5635,-0.5359,-0.5079,-0.4767,-0.4382,-0.3891,-0.3305,-0.2722,-0.2359,-0.2444,-0.2951,-0.3504,-0.3708,-0.3644,-0.3564,-0.3543,-0.3561,-0.3588,-0.3608,-0.3613,-0.3601,-0.3575,-0.3537,-0.3493,-0.3444,-0.3395,-0.3763,-0.3843,-0.3988,-0.4229,-0.461,-0.5173,-0.5897,-0.6582,-0.6833,-0.6528,-0.6032,-0.5615,-0.5278,-0.4933,-0.4486,-0.385,-0.2974,-0.1943,-0.1202,-0.1457,-0.2774,-0.4136,-0.4267,-0.3815,-0.3566,-0.3514,-0.3543,-0.3587,-0.3615,-0.3621,-0.3604,-0.3568,-0.3519,-0.3463,-0.3404,-0.3345,-0.3562,-0.3621,-0.3746,-0.3978,-0.4408,-0.517,-0.6372,-0.7808,-0.8342,-0.7442,-0.6436,-0.5848,-0.5495,-0.5168,-0.4706,-0.3951,-0.2713,-0.0861,0.1004,0.0665,-0.2048,-0.4648,-0.4609,-0.3766,-0.3464,-0.3458,-0.3533,-0.3605,-0.3644,-0.3647,-0.3618,-0.3567,-0.3501,-0.3428,-0.3355,-0.3285,-0.3331,-0.3369,-0.3476,-0.3651,-0.4015,-0.4852,-0.6468,-0.8916,-0.9979,-0.8079,-0.6593,-0.5986,-0.5723,-0.5497,-0.5112,-0.4351,-0.2894,-0.0275,0.3278,0.3009,-0.0415,-0.2663,-0.329,-0.3171,-0.3225,-0.3395,-0.3557,-0.3665,-0.371,-0.3699,-0.3648,-0.357,-0.348,-0.3385,-0.3293,-0.3209,-0.307,-0.3119,-0.3318,-0.3481,-0.3528,-0.4112,-0.5531,-0.758,-0.8475,-0.7225,-0.6307,-0.6022,-0.5976,-0.5944,-0.5761,-0.5167,-0.3828,-0.1518,0.114,0.1421,0.0856,0.0038,-0.1468,-0.2429,-0.3015,-0.3413,-0.3669,-0.3801,-0.383,-0.3786,-0.3694,-0.3577,-0.345,-0.3327,-0.3213,-0.3113,-0.2752,-0.2797,-0.3306,-0.3895,-0.311,-0.3091,-0.4021,-0.5162,-0.583,-0.5899,-0.5908,-0.6059,-0.6277,-0.6499,-0.6691,-0.6435,-0.5217,-0.3385,-0.1492,0.0348,0.3282,0.2555,-0.0393,-0.2123,-0.3077,-0.3639,-0.3945,-0.4057,-0.403,-0.3915,-0.3755,-0.3578,-0.3404,-0.3243,-0.3103,-0.2987,-0.2346,-0.2124,-0.2222,-0.239,-0.1344,-0.1669,-0.2528,-0.3549,-0.4765,-0.5488,-0.5761,-0.6189,-0.662,-0.7034,-0.7832,-0.8216,-0.6467,-0.4648,-0.295,-0.0869,0.1738,0.1365,-0.0922,-0.2555,-0.3581,-0.4199,-0.4477,-0.4488,-0.4329,-0.4088,-0.3822,-0.3561,-0.3325,-0.3121,-0.2953,-0.2821,-0.1955,-0.1256,0.0065,0.2707,0.2337,-0.0033,-0.0828,-0.1807,-0.4988,-0.6449,-0.5808,-0.6441,-0.6998,-0.7313,-0.7942,-0.8389,-0.6725,-0.5076,-0.3781,-0.2616,-0.1559,-0.1511,-0.2447,-0.3594,-0.4606,-0.5253,-0.5398,-0.5154,-0.4736,-0.4287,-0.3868,-0.35,-0.319,-0.2938,-0.2743,-0.26,-0.1787,-0.0917,0.06,0.2693,0.2347,0.0783,0.153,0.2524,-0.147,-0.4889,-0.5685,-0.691,-0.7457,-0.7294,-0.7479,-0.7478,-0.6377,-0.4339,-0.3376,-0.3338,-0.3134,-0.3179,-0.3777,-0.4908,-0.629,-0.714,-0.6922,-0.6096,-0.5214,-0.4461,-0.3848,-0.3355,-0.2965,-0.2667,-0.2452,-0.2308,-0.1908,-0.1209,-0.0283,0.0545,0.0619,0.0941,0.3284,0.6805,0.3681,-0.2471,-0.5936,-0.7805,-0.833,-0.7359,-0.7695,-0.8196,-0.6707,-0.1842,-0.1402,-0.3312,-0.3641,-0.3852,-0.4581,-0.6254,-0.8886,-1.041,-0.9166,-0.7169,-0.5613,-0.4505,-0.369,-0.307,-0.2604,-0.2269,-0.2048,-0.1923,-0.2211,-0.1743,-0.1232,-0.0804,-0.0458,0.0338,0.222,0.451,0.2465,-0.3211,-0.6844,-0.8675,-0.9307,-1.2185,-0.9647,-1.0574,-0.8668,-0.4441,-0.305,-0.363,-0.3643,-0.3828,-0.4731,-0.6999,-1.1274,-1.3824,-1.0972,-0.7723,-0.5637,-0.4279,-0.3308,-0.2581,-0.2049,-0.1695,-0.1497,-0.1422,-0.2576,-0.2285,-0.1992,-0.1727,-0.1437,-0.0959,-0.0279,-0.0142,-0.2118,-0.562,-0.8213,-0.9421,-1.0329,-1.1881,-1.0126,-1.095,-0.7152,-0.6281,-0.4645,-0.3619,-0.2891,-0.3007,-0.4105,-0.6259,-0.9776,-1.1858,-0.9731,-0.698,-0.5051,-0.3687,-0.2636,-0.1814,-0.1225,-0.0881,-0.0754,-0.0781,-0.2942,-0.2776,-0.2626,-0.2504,-0.2406,-0.2344,-0.2469,-0.3207,-0.5012,-0.7691,-1.0227,-1.1248,-1.0626,-1.0107,-0.9219,-0.8195,-0.6768,-0.5725,-0.4091,-0.2616,-0.0933,-0.14,-0.3093,-0.4785,-0.6541,-0.7457,-0.6761,-0.5365,-0.4006,-0.2774,-0.1648,-0.0687,-0.0024,0.0261,0.0229,0.0012,-0.3279,-0.3206,-0.3163,-0.3166,-0.324,-0.344,-0.3889,-0.4777,-0.6237,-0.8181,-1.0003,-1.0236,-1.0265,-1.0098,-0.8382,-0.7091,-0.5754,-0.3683,-0.1863,-0.1525,-0.0518,-0.1036,-0.2574,-0.3752,-0.46,-0.4949,-0.4679,-0.3935,-0.2906,-0.1691,-0.0351,0.0913,0.1713,0.1838,0.1478,0.094,-0.3576,-0.3571,-0.3605,-0.3696,-0.3873,-0.4183,-0.4694,-0.5471,-0.6519,-0.7696,-0.8634,-0.9084,-0.9727,-0.9569,-0.7032,-0.5487,-0.4072,-0.0409,0.2934,-0.0027,-0.1207,-0.1774,-0.2554,-0.3261,-0.3804,-0.4155,-0.402,-0.3202,-0.2021,-0.0587,0.1197,0.3084,0.4139,0.387,0.291,0.1902,-0.3827,-0.3868,-0.3951,-0.4091,-0.4311,-0.4639,-0.5102,-0.5712,-0.6433,-0.7155,-0.7717,-0.8019,-0.8022,-0.7081,-0.4456,-0.3449,-0.3258,-0.0337,0.1852,0.0516,-0.0881,-0.1887,-0.2542,-0.302,-0.3611,-0.4776,-0.4975,-0.3046,-0.1251,0.0446,0.2703,0.5478,0.6869,0.5897,0.4162,0.2681,-0.403,-0.41,-0.4209,-0.4368,-0.4592,-0.4892,-0.5276,-0.5733,-0.6224,-0.6677,-0.6998,-0.7093,-0.6824,-0.5908,-0.43,-0.3611,-0.3162,-0.134,0.0925,0.1662,-0.057,-0.1983,-0.2607,-0.2814,-0.3144,-0.4648,-0.5004,-0.187,-0.0059,0.1424,0.3512,0.6442,0.792,0.6636,0.464,0.3021,-0.4188,-0.4273,-0.4391,-0.4549,-0.4755,-0.5012,-0.5315,-0.565,-0.5983,-0.6264,-0.6429,-0.641,-0.6127,-0.5523,-0.4727,-0.4059,-0.3266,-0.1956,-0.038,0.0005,-0.1414,-0.2688,-0.3117,-0.2756,-0.203,-0.094,0.1364,0.1553,0.1832,0.2626,0.3651,0.5271,0.6266,0.5575,0.4171,0.2863,-0.4305,-0.4395,-0.4511,-0.4658,-0.4837,-0.5047,-0.5281,-0.5523,-0.5745,-0.5914,-0.5987,-0.5921,-0.5683,-0.527,-0.4741,-0.4157,-0.347,-0.2655,-0.1962,-0.1944,-0.2871,-0.4255,-0.4601,-0.3282,-0.1393,0.1138,0.3717,0.3374,0.4379,0.4725,0.4228,0.4227,0.442,0.4089,0.3303,0.2413,-0.4389,-0.4476,-0.4584,-0.4714,-0.4864,-0.5032,-0.5208,-0.538,-0.5526,-0.5622,-0.5641,-0.5559,-0.536,-0.5049,-0.4648,-0.4183,-0.3671,-0.317,-0.2847,-0.2965,-0.3799,-0.5385,-0.5843,-0.3871,-0.1468,0.0877,0.2779,0.5015,0.8696,0.7748,0.5345,0.4046,0.3502,0.3078,0.2533,0.1911,-0.4444,-0.4525,-0.4621,-0.4732,-0.4855,-0.4986,-0.5117,-0.5236,-0.5329,-0.5378,-0.5367,-0.528,-0.511,-0.4861,-0.4546,-0.4185,-0.3808,-0.3472,-0.3277,-0.3357,-0.3844,-0.4634,-0.4731,-0.341,-0.1493,0.0518,0.2689,0.5919,0.926,0.8215,0.5617,0.3929,0.3026,0.2455,0.1957,0.1462]}]