docs/data/wind_grid.json
[{"header":{"la1":42.85,"la2":41.18,"lo1":11.55,"lo2":14.05,"nx":36,"ny":24,"dx":0.07143,"dy":0.07261,"parameterCategory":2,"parameterNumber":2,"parameterNumberName":"eastward_wind","parameterUnit":"m.s-1"},"data":[0.8412,0.8358,0.8288,0.8203,0.8106,0.8001,0.7893,0.7789,0.769,0.7598,0.7511,0.7426,0.7339,0.7244,0.7137,0.7009,0.6852,0.6657,0.6419,0.6148,0.5875,0.5649,0.5516,0.5488,0.5544,0.5644,0.5759,0.587,0.5971,0.606,0.6139,0.6209,0.6273,0.6331,0.6385,0.6436,0.8518,0.8462,0.8385,0.8287,0.8171,0.8044,0.7914,0.7792,0.7683,0.7587,0.7501,0.742,0.7337,0.7249,0.7146,0.7018,0.6851,0.6625,0.6322,0.5938,0.552,0.5172,0.5001,0.5024,0.5174,0.5366,0.5552,0.5713,0.5846,0.5957,0.6051,0.6133,0.6205,0.6271,0.6332,0.6389,0.8645,0.8589,0.8505,0.8391,0.8249,0.8088,0.7925,0.7777,0.7655,0.7559,0.7479,0.7406,0.7334,0.7258,0.7168,0.7052,0.6891,0.6648,0.6272,0.5714,0.5018,0.4417,0.4194,0.4364,0.471,0.5057,0.5341,0.556,0.5726,0.5858,0.5965,0.6057,0.6138,0.6211,0.6278,0.6341,0.8799,0.8747,0.8658,0.8526,0.8348,0.8137,0.7917,0.7725,0.7589,0.7501,0.7437,0.7381,0.7326,0.727,0.7205,0.7119,0.6992,0.6779,0.6369,0.5572,0.432,0.3124,0.2867,0.3455,0.4188,0.476,0.5155,0.5426,0.5619,0.5764,0.5882,0.5982,0.607,0.6151,0.6225,0.6293,0.8983,0.8944,0.8856,0.8707,0.8486,0.8197,0.7878,0.7604,0.745,0.7398,0.7371,0.7339,0.7308,0.7282,0.7254,0.7216,0.7165,0.7082,0.6809,0.5835,0.3585,0.0984,0.0892,0.2473,0.3771,0.456,0.503,0.5325,0.5526,0.5677,0.58,0.5906,0.6002,0.6089,0.617,0.6246,0.9201,0.918,0.9104,0.8952,0.8691,0.83,0.7815,0.7372,0.7196,0.7247,0.7281,0.7276,0.7273,0.7289,0.7313,0.7334,0.7381,0.7552,0.7824,0.7088,0.3908,-0.0316,-0.0125,0.2245,0.3752,0.4551,0.4992,0.526,0.5444,0.5589,0.5714,0.5826,0.593,0.6026,0.6115,0.6198,0.945,0.9446,0.9375,0.9244,0.8996,0.8517,0.7834,0.7151,0.6938,0.7121,0.7179,0.7181,0.7211,0.7289,0.7389,0.747,0.756,0.7894,0.8824,0.8544,0.5662,0.2853,0.2311,0.3347,0.421,0.4717,0.5011,0.5203,0.5353,0.5488,0.5615,0.5737,0.5852,0.596,0.6059,0.615,0.9733,0.9722,0.9552,0.9398,0.9357,0.8918,0.8115,0.7372,0.709,0.7072,0.7027,0.7022,0.7097,0.7282,0.7534,0.7692,0.7712,0.7805,0.812,0.7672,0.6313,0.5416,0.4748,0.4631,0.4762,0.4894,0.4997,0.51,0.5218,0.5353,0.5495,0.5635,0.5768,0.589,0.6001,0.6102,1.0079,1.0089,0.9603,0.8998,0.9738,0.9539,0.8547,0.7642,0.7051,0.6748,0.6701,0.675,0.6874,0.7249,0.7918,0.8275,0.8037,0.778,0.7526,0.6911,0.6161,0.6066,0.5682,0.5287,0.5034,0.4882,0.4828,0.4874,0.4996,0.5162,0.5342,0.5516,0.5676,0.5818,0.5944,0.6056,1.0516,1.084,1.0836,1.0698,1.168,1.0599,0.8929,0.7528,0.6223,0.5686,0.612,0.6351,0.6414,0.6961,0.8833,0.9889,0.8562,0.8039,0.7704,0.7077,0.6387,0.6206,0.5902,0.5387,0.4874,0.4504,0.4361,0.4435,0.4643,0.4901,0.5156,0.5385,0.5581,0.5747,0.5889,0.6011,1.092,1.1797,1.3532,1.7082,1.6363,1.1833,0.9163,0.7466,0.4801,0.3549,0.5573,0.593,0.5529,0.5546,0.7926,0.9786,0.8504,0.8545,0.8483,0.7823,0.7042,0.6464,0.5842,0.5013,0.4125,0.3507,0.3395,0.3684,0.4132,0.4574,0.4951,0.5252,0.5491,0.5681,0.5837,0.5969,1.1047,1.2083,1.4019,1.6892,1.6001,1.1557,0.9138,0.8274,0.6495,0.5071,0.5952,0.5662,0.436,0.2303,0.3895,0.6654,0.821,1.0094,1.0445,0.8959,0.7623,0.6595,0.5522,0.4097,0.2433,0.1399,0.1632,0.2557,0.3495,0.4229,0.4761,0.5142,0.5417,0.5625,0.579,0.5928,1.0839,1.1582,1.2587,1.335,1.2474,1.0368,0.9028,0.8866,0.8418,0.7352,0.6642,0.5462,0.4334,0.1206,0.2642,0.6026,0.8331,1.3699,1.3913,0.9886,0.784,0.6481,0.5013,0.2709,-0.0623,-0.2535,-0.1075,0.1227,0.2907,0.3974,0.4647,0.508,0.5371,0.558,0.5744,0.5885,1.0462,1.0863,1.1222,1.1256,1.0673,0.9734,0.9051,0.8834,0.8688,0.8323,0.7491,0.5027,0.4341,0.6702,0.5786,0.5839,0.751,1.0991,1.164,0.9173,0.7355,0.6072,0.4595,0.1714,-0.3575,-0.6708,-0.3281,0.0488,0.2711,0.3952,0.4664,0.5084,0.5347,0.5533,0.5687,0.5829,1.0083,1.0271,1.0368,1.0272,0.9942,0.9512,0.9191,0.9091,0.9285,0.9904,1.0074,0.8044,0.7599,0.9715,0.712,0.6021,1.0877,0.9415,0.8945,0.7609,0.6005,0.522,0.4472,0.2313,-0.1815,-0.4338,-0.1841,0.1246,0.3161,0.4235,0.4823,0.5136,0.5314,0.5451,0.5591,0.5744,0.9776,0.9861,0.9878,0.9798,0.9635,0.9463,0.9395,0.9575,1.0315,1.2532,1.7804,0.8319,0.7969,0.8611,0.8229,0.8772,1.0469,0.9139,0.8002,0.6181,0.3396,0.3686,0.4467,0.3681,0.1951,0.0886,0.16,0.2973,0.4065,0.4735,0.5059,0.5161,0.5192,0.5266,0.5414,0.5607,0.9547,0.9591,0.9594,0.9555,0.9496,0.947,0.956,0.9906,1.0806,1.2983,1.6838,1.2037,0.9459,0.9537,0.9375,0.9455,0.9292,0.8508,0.7541,0.598,0.3007,0.3528,0.4783,0.4754,0.4183,0.3803,0.3965,0.4485,0.5008,0.5287,0.5251,0.5012,0.4822,0.4864,0.5102,0.5406,0.938,0.941,0.9421,0.9417,0.9421,0.9469,0.9619,0.9955,1.0584,1.1523,1.2064,1.0988,1.0022,1.0117,1.154,1.2069,1.0172,0.8086,0.7116,0.6748,0.5635,0.5326,0.5578,0.5544,0.5174,0.4705,0.4702,0.5304,0.5807,0.5816,0.5294,0.4475,0.3969,0.4127,0.4638,0.516,0.9256,0.9284,0.9305,0.9325,0.9361,0.9438,0.9587,0.9839,1.0199,1.0573,1.0712,1.0533,1.056,1.1786,1.6724,1.8834,1.2103,0.8396,0.7188,0.6812,0.6585,0.6383,0.6319,0.6175,0.5524,0.387,0.3516,0.5639,0.6693,0.6455,0.5255,0.3507,0.2613,0.3185,0.4176,0.4973,0.9162,0.9191,0.9218,0.9252,0.9301,0.9381,0.9507,0.9684,0.9899,1.0102,1.0241,1.0384,1.0852,1.2391,1.6056,1.7089,1.2202,0.875,0.6707,0.6159,0.6745,0.6831,0.6841,0.6836,0.6364,0.4143,0.3592,0.7503,0.8302,0.7483,0.5642,0.313,0.1963,0.2847,0.4098,0.5007,0.9085,0.9115,0.9147,0.9185,0.9238,0.9311,0.9412,0.954,0.9687,0.9836,0.9992,1.0219,1.0676,1.1572,1.2715,1.2648,1.0797,0.8765,0.7283,0.6801,0.6973,0.7003,0.7093,0.7488,0.8264,0.9971,1.3973,1.3121,1.066,0.8949,0.6957,0.4634,0.3418,0.3801,0.465,0.5346,0.9021,0.9051,0.9083,0.9122,0.9172,0.9236,0.9317,0.9414,0.9524,0.9645,0.9786,0.9982,1.0278,1.0669,1.0949,1.0703,0.983,0.8752,0.7882,0.7403,0.7124,0.6758,0.6727,0.7609,0.9455,1.326,1.8465,1.5708,1.1962,1.0395,0.8662,0.6793,0.559,0.5329,0.5562,0.5891,0.8963,0.8992,0.9024,0.9061,0.9106,0.916,0.9225,0.93,0.9385,0.9479,0.9588,0.9721,0.9877,1.0017,1.0033,0.9795,0.929,0.8663,0.8086,0.7617,0.7118,0.6391,0.618,0.7383,0.9363,1.2,1.4044,1.3047,1.2016,1.1461,0.9926,0.831,0.7162,0.6595,0.6434,0.6465,0.8911,0.8938,0.8968,0.9001,0.904,0.9085,0.9136,0.9194,0.9258,0.9327,0.9401,0.9478,0.9545,0.9572,0.9507,0.9306,0.8971,0.8563,0.8149,0.7751,0.7317,0.6849,0.6816,0.7664,0.905,1.0564,1.1583,1.178,1.1977,1.158,1.032,0.9019,0.8031,0.7412,0.7088,0.695]},{"header":{"la1":42.85,"la2":41.18,"lo1":11.55,"lo2":14.05,"nx":36,"ny":24,"dx":0.07143,"dy":0.07261,"parameterCategory":2,"parameterNumber":3,"parameterNumberName":"northward_wind","parameterUnit":"m.s-1"},"data":[-0.4381,-0.4398,-0.4426,-0.4464,-0.4514,-0.4572,-0.4635,-0.4697,-0.4755,-0.4806,-0.4848,-0.4878,-0.4894,-0.4892,-0.487,-0.4833,-0.4789,-0.4755,-0.4744,-0.4765,-0.4809,-0.4854,-0.4876,-0.4861,-0.4812,-0.4737,-0.4643,-0.4538,-0.4425,-0.4307,-0.4186,-0.4065,-0.3945,-0.3828,-0.3714,-0.3606,-0.433,-0.4343,-0.4371,-0.4414,-0.4474,-0.4547,-0.4628,-0.4707,-0.4777,-0.4837,-0.4885,-0.4921,-0.494,-0.4934,-0.4898,-0.4834,-0.4757,-0.4694,-0.4679,-0.4731,-0.4837,-0.4944,-0.5,-0.4987,-0.492,-0.482,-0.4704,-0.4578,-0.4447,-0.4313,-0.4178,-0.4042,-0.3909,-0.378,-0.3656,-0.3539,-0.4265,-0.4271,-0.4295,-0.4344,-0.4418,-0.4515,-0.4623,-0.4727,-0.4813,-0.4878,-0.493,-0.4972,-0.4996,-0.4988,-0.4932,-0.4826,-0.4685,-0.4558,-0.4522,-0.4635,-0.4872,-0.5108,-0.5215,-0.5178,-0.5061,-0.4918,-0.4768,-0.4618,-0.4467,-0.4314,-0.4162,-0.401,-0.3862,-0.372,-0.3584,-0.3457,-0.4184,-0.4175,-0.419,-0.4242,-0.4337,-0.4473,-0.4632,-0.4781,-0.4885,-0.4941,-0.4984,-0.5031,-0.5068,-0.5063,-0.4986,-0.4815,-0.4557,-0.4285,-0.4168,-0.4389,-0.4929,-0.5455,-0.561,-0.5457,-0.5229,-0.5018,-0.4829,-0.4652,-0.4479,-0.4307,-0.4136,-0.3967,-0.3802,-0.3645,-0.3497,-0.3359,-0.4085,-0.4048,-0.4043,-0.4093,-0.4214,-0.4411,-0.4668,-0.492,-0.5052,-0.505,-0.5044,-0.5093,-0.5159,-0.5177,-0.5087,-0.4833,-0.4377,-0.3774,-0.3363,-0.3739,-0.497,-0.6156,-0.6252,-0.5777,-0.5376,-0.5095,-0.4873,-0.4674,-0.4481,-0.4289,-0.4098,-0.3909,-0.3726,-0.3552,-0.3389,-0.3241,-0.3971,-0.3885,-0.3832,-0.3863,-0.4016,-0.4298,-0.4725,-0.5232,-0.5439,-0.5227,-0.5087,-0.5146,-0.5274,-0.535,-0.5277,-0.4953,-0.4241,-0.2999,-0.1633,-0.2069,-0.4542,-0.6629,-0.6599,-0.5877,-0.5416,-0.5124,-0.4894,-0.4684,-0.4474,-0.426,-0.4046,-0.3833,-0.3628,-0.3435,-0.3258,-0.3098,-0.3855,-0.3685,-0.3524,-0.3498,-0.3696,-0.4064,-0.4652,-0.5558,-0.5961,-0.5326,-0.5032,-0.5167,-0.5421,-0.5611,-0.5613,-0.5294,-0.443,-0.2596,0.0283,-0.0058,-0.3656,-0.5539,-0.5881,-0.5614,-0.5337,-0.511,-0.4901,-0.4687,-0.446,-0.4222,-0.3978,-0.3737,-0.3506,-0.3291,-0.3096,-0.2925,-0.3777,-0.349,-0.3094,-0.2899,-0.3248,-0.3692,-0.4163,-0.4911,-0.528,-0.4817,-0.476,-0.5141,-0.5611,-0.5982,-0.6144,-0.5941,-0.5177,-0.3679,-0.1796,-0.2249,-0.4488,-0.5272,-0.5422,-0.5384,-0.5261,-0.5105,-0.4921,-0.4702,-0.445,-0.4176,-0.3893,-0.3614,-0.335,-0.311,-0.2897,-0.2713,-0.3805,-0.3464,-0.2752,-0.2127,-0.2959,-0.3386,-0.3367,-0.3453,-0.3533,-0.3652,-0.423,-0.5077,-0.5852,-0.6463,-0.6916,-0.6924,-0.6229,-0.5207,-0.4425,-0.4742,-0.5895,-0.5821,-0.5479,-0.5361,-0.5279,-0.5169,-0.4998,-0.4758,-0.446,-0.4128,-0.3787,-0.3457,-0.3153,-0.2882,-0.2649,-0.2456,-0.3979,-0.384,-0.351,-0.3266,-0.3942,-0.3372,-0.2424,-0.1862,-0.1578,-0.1893,-0.3432,-0.5034,-0.6145,-0.694,-0.7881,-0.8294,-0.7138,-0.6122,-0.5498,-0.5409,-0.5751,-0.5732,-0.5513,-0.5435,-0.5422,-0.5369,-0.5199,-0.4898,-0.4508,-0.4079,-0.3652,-0.3253,-0.2897,-0.2591,-0.2339,-0.2139,-0.4202,-0.4404,-0.5121,-0.6992,-0.6503,-0.3361,-0.0961,0.0094,0.0257,0.0427,-0.2722,-0.5218,-0.6512,-0.7178,-0.7958,-0.8431,-0.7347,-0.6362,-0.5749,-0.5539,-0.553,-0.5523,-0.5512,-0.5608,-0.5783,-0.5853,-0.5647,-0.5189,-0.4611,-0.402,-0.3468,-0.2978,-0.256,-0.2218,-0.195,-0.175,-0.4316,-0.4607,-0.5409,-0.6854,-0.6114,-0.2212,0.1639,0.3838,0.1774,-0.0227,-0.3345,-0.5834,-0.6946,-0.7177,-0.7488,-0.7783,-0.7201,-0.5741,-0.5095,-0.5338,-0.5421,-0.5433,-0.5563,-0.5967,-0.6604,-0.6958,-0.6565,-0.5695,-0.4757,-0.3914,-0.3195,-0.2595,-0.2108,-0.1731,-0.1456,-0.127,-0.4291,-0.442,-0.4664,-0.4736,-0.3565,-0.0559,0.3728,0.7852,0.4918,-0.086,-0.4686,-0.6584,-0.7296,-0.7193,-0.7601,-0.8444,-0.7709,-0.3646,-0.3267,-0.5026,-0.527,-0.5286,-0.5576,-0.651,-0.8224,-0.9241,-0.8134,-0.634,-0.4834,-0.3676,-0.2767,-0.2049,-0.1495,-0.1093,-0.0827,-0.0677,-0.4223,-0.418,-0.4051,-0.3615,-0.2489,-0.0407,0.2558,0.5375,0.3329,-0.2535,-0.6233,-0.6974,-0.7008,-0.8936,-0.9121,-0.9856,-0.986,-0.6589,-0.4965,-0.5251,-0.502,-0.4921,-0.5328,-0.6772,-0.9893,-1.1872,-0.948,-0.6592,-0.4586,-0.3172,-0.2101,-0.1272,-0.0658,-0.025,-0.0027,0.0052,-0.4201,-0.4082,-0.3853,-0.3409,-0.2633,-0.15,-0.0254,0.0178,-0.1836,-0.5582,-0.8466,-0.9905,-1.0184,-1.1691,-1.0206,-1.0621,-1.69,-1.048,-0.6806,-0.5145,-0.4312,-0.4171,-0.4637,-0.5973,-0.8581,-1.0209,-0.8299,-0.5719,-0.3771,-0.2297,-0.1117,-0.0183,0.0483,0.0863,0.0991,0.0937,-0.4252,-0.4139,-0.3954,-0.3669,-0.3282,-0.288,-0.2733,-0.3356,-0.5226,-0.7982,-1.0035,-1.5008,-1.3616,-1.1784,-1.0987,-1.2156,-1.4833,-0.9693,-0.5698,-0.3885,-0.3192,-0.3263,-0.3725,-0.4544,-0.5702,-0.63,-0.5506,-0.4015,-0.2489,-0.1069,0.0224,0.1307,0.2038,0.2335,0.2268,0.1988,-0.436,-0.4293,-0.4199,-0.4088,-0.3999,-0.4032,-0.437,-0.5249,-0.68,-0.8779,-1.0235,-1.2624,-1.6241,-1.7287,-1.1892,-1.0114,-0.8599,-0.4624,-0.1164,-0.1642,-0.2786,-0.2817,-0.2912,-0.3292,-0.3758,-0.3951,-0.3529,-0.2493,-0.1117,0.0384,0.1921,0.3306,0.4155,0.4256,0.3817,0.3172,-0.4496,-0.4484,-0.4478,-0.4501,-0.4597,-0.4839,-0.5331,-0.6169,-0.7368,-0.8787,-1.0232,-1.2185,-1.6371,-1.7001,-1.1242,-0.8577,-0.5371,0.1898,0.8222,0.2397,-0.0697,-0.1628,-0.1936,-0.2264,-0.2828,-0.3559,-0.3401,-0.1821,0.0098,0.194,0.3901,0.586,0.6928,0.66,0.5521,0.4368,-0.4632,-0.4668,-0.4729,-0.4837,-0.5026,-0.5344,-0.5843,-0.6555,-0.7466,-0.8508,-0.962,-1.0866,-1.2044,-1.1433,-0.9203,-0.8535,-0.4734,0.2113,0.6484,0.4366,0.1669,-0.0037,-0.0741,-0.1247,-0.2515,-0.5578,-0.6188,-0.181,0.1463,0.3584,0.583,0.8495,0.9842,0.8826,0.6976,0.5337,-0.4752,-0.4822,-0.4924,-0.5075,-0.5299,-0.5623,-0.6068,-0.6642,-0.7322,-0.806,-0.8792,-0.9417,-0.9673,-0.9186,-0.8451,-0.7836,-0.4459,0.051,0.5671,0.7339,0.324,0.1225,0.0567,0.0147,-0.1083,-0.5258,-0.6254,0.1049,0.4074,0.5463,0.7098,0.9566,1.0899,0.9638,0.758,0.5819,-0.4845,-0.4935,-0.5057,-0.5222,-0.5446,-0.5741,-0.6113,-0.6558,-0.705,-0.7548,-0.7986,-0.8267,-0.8261,-0.7885,-0.7231,-0.6073,-0.3688,-0.0268,0.3357,0.4498,0.2898,0.2222,0.2169,0.2056,0.2421,0.4462,1.0401,0.9893,0.8158,0.7853,0.7959,0.8801,0.9455,0.8709,0.7231,0.5779,-0.4907,-0.5005,-0.5132,-0.5293,-0.5498,-0.5749,-0.6046,-0.6378,-0.6722,-0.7039,-0.7277,-0.7368,-0.7241,-0.6846,-0.6145,-0.5006,-0.3278,-0.1118,0.0887,0.1979,0.2594,0.389,0.443,0.3847,0.5028,0.9939,1.7004,1.4196,1.1973,1.1113,0.9492,0.8502,0.8108,0.7497,0.6521,0.5443,-0.494,-0.5038,-0.5158,-0.5305,-0.5481,-0.5685,-0.5913,-0.6151,-0.6379,-0.6565,-0.6669,-0.6644,-0.6445,-0.6029,-0.5357,-0.4379,-0.3083,-0.159,-0.0135,0.1183,0.2836,0.5241,0.5901,0.4704,0.5594,0.8899,1.224,1.3589,1.6483,1.5049,1.1402,0.8963,0.7659,0.6773,0.5918,0.5047,-0.4946,-0.5037,-0.5146,-0.5272,-0.5417,-0.5576,-0.5743,-0.5905,-0.6045,-0.6136,-0.615,-0.6053,-0.5813,-0.5399,-0.4788,-0.3963,-0.2939,-0.1777,-0.0548,0.0782,0.2401,0.414,0.4734,0.4464,0.5301,0.7449,1.0078,1.3423,1.7029,1.5604,1.1873,0.9115,0.7435,0.6333,0.546,0.4674]}]