docs/data/wind_grid.json
[{"header":{"la1":42.85,"la2":41.18,"lo1":11.55,"lo2":14.05,"nx":36,"ny":24,"dx":0.07143,"dy":0.07261,"parameterCategory":2,"parameterNumber":2,"parameterNumberName":"eastward_wind","parameterUnit":"m.s-1"},"data":[-0.0529,-0.0548,-0.056,-0.0562,-0.0549,-0.0511,-0.0438,-0.0315,-0.0128,0.0136,0.0485,0.092,0.143,0.1982,0.2506,0.2902,0.3089,0.3062,0.2893,0.2669,0.2451,0.2264,0.2114,0.1996,0.1904,0.1833,0.1776,0.173,0.1693,0.1662,0.1636,0.1614,0.1595,0.1578,0.1563,0.1549,-0.0628,-0.0661,-0.0691,-0.0714,-0.0724,-0.0713,-0.0665,-0.0557,-0.0367,-0.0071,0.0345,0.0891,0.1569,0.2353,0.3142,0.374,0.3956,0.3787,0.3413,0.3014,0.2676,0.2415,0.2221,0.2078,0.197,0.1889,0.1825,0.1774,0.1734,0.17,0.1673,0.1649,0.1629,0.161,0.1594,0.1579,-0.0728,-0.0778,-0.0828,-0.0876,-0.092,-0.0949,-0.0944,-0.0873,-0.0694,-0.0371,0.0117,0.0786,0.1665,0.2772,0.4004,0.4983,0.5225,0.4742,0.4003,0.3351,0.2872,0.2538,0.2308,0.2145,0.2027,0.1938,0.187,0.1816,0.1773,0.1738,0.1708,0.1683,0.1662,0.1642,0.1625,0.1609,-0.0827,-0.0893,-0.0965,-0.1043,-0.1127,-0.1213,-0.1281,-0.1282,-0.1139,-0.0791,-0.0226,0.056,0.1628,0.3088,0.4939,0.6574,0.683,0.5765,0.4507,0.3584,0.299,0.2613,0.2365,0.2195,0.2073,0.1981,0.1911,0.1855,0.181,0.1774,0.1743,0.1717,0.1695,0.1675,0.1657,0.1639,-0.0921,-0.1003,-0.1096,-0.1203,-0.1331,-0.1486,-0.1663,-0.1796,-0.1731,-0.1341,-0.0675,0.0199,0.1352,0.2986,0.5263,0.7512,0.7786,0.6198,0.4612,0.3593,0.2992,0.2628,0.2392,0.223,0.211,0.2019,0.1948,0.1892,0.1846,0.1809,0.1778,0.1752,0.1729,0.1708,0.1689,0.1671,-0.1007,-0.1104,-0.1215,-0.1345,-0.1508,-0.1728,-0.2031,-0.2374,-0.245,-0.1957,-0.1147,-0.0239,0.0838,0.2279,0.4232,0.6163,0.6515,0.5343,0.4134,0.3355,0.2891,0.26,0.2402,0.2256,0.2144,0.2055,0.1984,0.1927,0.1881,0.1844,0.1813,0.1786,0.1763,0.1742,0.1722,0.1703,-0.1084,-0.1193,-0.1317,-0.1461,-0.1639,-0.1881,-0.2244,-0.2749,-0.2965,-0.2349,-0.1478,-0.0648,0.0232,0.1287,0.2548,0.3711,0.4154,0.386,0.3392,0.3027,0.277,0.2576,0.2419,0.2288,0.2179,0.209,0.2019,0.1962,0.1916,0.1879,0.1848,0.1822,0.1799,0.1777,0.1757,0.1737,-0.1151,-0.1269,-0.1402,-0.1553,-0.1728,-0.1942,-0.2223,-0.2565,-0.2678,-0.2246,-0.1627,-0.099,-0.032,0.0422,0.1242,0.2025,0.2572,0.2823,0.2883,0.2842,0.2742,0.2609,0.2467,0.2335,0.2221,0.2127,0.2053,0.1995,0.195,0.1914,0.1885,0.1859,0.1836,0.1814,0.1793,0.1773,-0.1205,-0.1333,-0.1475,-0.1631,-0.1803,-0.1988,-0.2181,-0.2351,-0.2404,-0.224,-0.1841,-0.1323,-0.079,-0.0227,0.0426,0.1171,0.1905,0.2496,0.2853,0.2965,0.2898,0.2741,0.2563,0.24,0.2267,0.2163,0.2086,0.2028,0.1984,0.1951,0.1923,0.1898,0.1876,0.1854,0.1832,0.181,-0.1246,-0.1383,-0.1535,-0.1704,-0.1887,-0.208,-0.2282,-0.2516,-0.2809,-0.282,-0.2269,-0.167,-0.1208,-0.0772,-0.0161,0.0755,0.1867,0.2867,0.3436,0.3508,0.3283,0.2976,0.2694,0.2472,0.2308,0.2193,0.2114,0.2059,0.2019,0.1989,0.1964,0.1941,0.1919,0.1896,0.1873,0.1849,-0.1272,-0.1416,-0.158,-0.1765,-0.1973,-0.22,-0.244,-0.2742,-0.3451,-0.3804,-0.2682,-0.1963,-0.1607,-0.1364,-0.0812,0.0494,0.2377,0.4186,0.4948,0.4593,0.3883,0.3262,0.2816,0.2519,0.2328,0.2209,0.2135,0.2088,0.2056,0.2032,0.201,0.1989,0.1966,0.1942,0.1917,0.1891,-0.1279,-0.1428,-0.1601,-0.1801,-0.2035,-0.2305,-0.2588,-0.2798,-0.309,-0.3302,-0.2623,-0.224,-0.1993,-0.1891,-0.1796,0.0285,0.3582,0.7339,0.8117,0.6217,0.4508,0.3453,0.2843,0.2498,0.2306,0.2202,0.2147,0.2118,0.2098,0.2082,0.2063,0.2042,0.2018,0.1992,0.1964,0.1935,-0.1266,-0.1415,-0.1589,-0.1794,-0.204,-0.2336,-0.2667,-0.2912,-0.2811,-0.264,-0.258,-0.3002,-0.2676,-0.2535,-0.267,0.0597,0.5043,1.2085,1.222,0.7376,0.4643,0.3314,0.2673,0.2368,0.2231,0.2175,0.2158,0.2155,0.2153,0.2144,0.2127,0.2104,0.2076,0.2045,0.2013,0.1979,-0.1231,-0.1374,-0.1539,-0.1733,-0.1964,-0.2235,-0.253,-0.2757,-0.2666,-0.2442,-0.2614,-0.4137,-0.4352,-0.0414,-0.0717,0.2171,0.5723,0.9264,0.9568,0.6108,0.3753,0.2651,0.2242,0.2122,0.2112,0.2143,0.2183,0.2215,0.2229,0.2225,0.2204,0.2173,0.2137,0.2099,0.2061,0.2024,-0.1176,-0.1306,-0.1454,-0.1623,-0.1814,-0.2023,-0.2223,-0.2342,-0.2315,-0.2311,-0.244,-0.2494,-0.1999,-0.1909,0.0143,0.5253,0.9789,0.6771,0.5418,0.3609,0.1955,0.1441,0.1594,0.1815,0.1995,0.214,0.2249,0.2316,0.2341,0.2331,0.2294,0.2246,0.2195,0.2149,0.2106,0.2065,-0.1103,-0.1216,-0.1341,-0.1479,-0.1625,-0.1771,-0.1897,-0.1981,-0.2069,-0.2395,-0.3252,-0.2098,-0.149,-0.0689,0.0848,0.4766,0.7945,0.5295,0.3393,0.1687,-0.0227,0.0001,0.098,0.1578,0.1953,0.2217,0.2391,0.2483,0.2503,0.2466,0.2393,0.2311,0.2239,0.2183,0.2139,0.2098,-0.1017,-0.1112,-0.1213,-0.1319,-0.1425,-0.1524,-0.1609,-0.1686,-0.1821,-0.2197,-0.2917,-0.1931,0.0146,0.113,0.1225,0.2595,0.3509,0.287,0.1986,0.1072,-0.0524,-0.0205,0.0852,0.1555,0.2059,0.2424,0.2643,0.2736,0.2727,0.2632,0.2486,0.2342,0.2242,0.2187,0.2153,0.212,-0.0923,-0.0999,-0.1077,-0.1155,-0.1228,-0.1292,-0.1345,-0.1394,-0.1465,-0.157,-0.152,-0.0774,0.0807,0.1385,0.156,0.2078,0.2141,0.1579,0.1084,0.1144,0.0723,0.069,0.114,0.1723,0.2317,0.2759,0.2972,0.3064,0.3023,0.2828,0.2548,0.2299,0.2171,0.2143,0.2142,0.213,-0.0824,-0.0883,-0.0941,-0.0994,-0.104,-0.1074,-0.1095,-0.1101,-0.1086,-0.1016,-0.078,-0.0244,0.0512,0.1231,0.2345,0.2741,0.1971,0.1407,0.1136,0.115,0.1066,0.1046,0.1306,0.1885,0.2624,0.3042,0.3135,0.3426,0.3431,0.3079,0.258,0.2173,0.2031,0.2067,0.212,0.2135,-0.0724,-0.0768,-0.0807,-0.084,-0.0863,-0.0873,-0.0864,-0.0831,-0.076,-0.0621,-0.0366,0.0042,0.0586,0.1283,0.2198,0.2462,0.1838,0.1387,0.116,0.1122,0.1005,0.0879,0.1084,0.1824,0.2863,0.3274,0.3316,0.4223,0.4105,0.3442,0.2681,0.2122,0.1965,0.204,0.212,0.2146,-0.0626,-0.0656,-0.068,-0.0696,-0.07,-0.069,-0.0659,-0.06,-0.0502,-0.0345,-0.011,0.0216,0.0628,0.1107,0.1556,0.1703,0.1513,0.1271,0.1109,0.0995,0.0616,0.0069,0.011,0.1242,0.3045,0.4923,0.6957,0.6546,0.5106,0.3902,0.2953,0.2338,0.212,0.2129,0.2168,0.2173,-0.0531,-0.0549,-0.056,-0.0563,-0.0553,-0.0528,-0.0482,-0.041,-0.0302,-0.015,0.0054,0.0313,0.0614,0.0925,0.1177,0.1284,0.1235,0.1097,0.0906,0.0551,-0.0335,-0.1829,-0.2154,-0.015,0.2749,0.6013,0.8773,0.7724,0.5643,0.4204,0.3247,0.2657,0.2376,0.2279,0.2242,0.2207,-0.0441,-0.0449,-0.045,-0.0442,-0.0422,-0.0387,-0.0333,-0.0255,-0.0149,-0.0011,0.0162,0.0366,0.0586,0.0798,0.0963,0.1043,0.1024,0.0907,0.0656,0.0108,-0.1136,-0.3213,-0.3774,-0.1288,0.1898,0.4774,0.6568,0.6351,0.5181,0.4119,0.3352,0.2849,0.2555,0.2396,0.2303,0.2233,-0.0356,-0.0356,-0.0349,-0.0334,-0.0306,-0.0265,-0.0208,-0.0131,-0.0031,0.0091,0.0235,0.0396,0.0562,0.0715,0.0831,0.0889,0.0873,0.0761,0.0505,-0.0016,-0.0979,-0.2215,-0.2424,-0.0855,0.1358,0.331,0.4511,0.4734,0.4322,0.375,0.3247,0.287,0.2612,0.2442,0.2326,0.2238]},{"header":{"la1":42.85,"la2":41.18,"lo1":11.55,"lo2":14.05,"nx":36,"ny":24,"dx":0.07143,"dy":0.07261,"parameterCategory":2,"parameterNumber":3,"parameterNumberName":"northward_wind","parameterUnit":"m.s-1"},"data":[-0.0219,-0.0437,-0.0676,-0.093,-0.1185,-0.1418,-0.1599,-0.1695,-0.1686,-0.1576,-0.1392,-0.1174,-0.0959,-0.0773,-0.0622,-0.0494,-0.0368,-0.0223,-0.0052,0.0137,0.0336,0.0535,0.0729,0.0916,0.1095,0.1264,0.1425,0.1577,0.172,0.1854,0.198,0.2097,0.2206,0.2306,0.2399,0.2482,-0.0274,-0.0531,-0.0826,-0.1156,-0.1505,-0.1845,-0.2125,-0.2283,-0.2273,-0.2095,-0.1803,-0.1472,-0.1167,-0.0926,-0.0757,-0.064,-0.0525,-0.0373,-0.0176,0.0047,0.0276,0.0501,0.0717,0.0921,0.1114,0.1295,0.1466,0.1627,0.1778,0.1919,0.2051,0.2173,0.2285,0.2389,0.2483,0.2568,-0.03,-0.0599,-0.0957,-0.1382,-0.1866,-0.2377,-0.2836,-0.3121,-0.312,-0.282,-0.2336,-0.1818,-0.1376,-0.1057,-0.0871,-0.0783,-0.0699,-0.0538,-0.0301,-0.0034,0.0232,0.0484,0.0721,0.0941,0.1147,0.134,0.1521,0.169,0.1848,0.1996,0.2133,0.226,0.2376,0.2483,0.2579,0.2665,-0.0286,-0.0619,-0.1042,-0.1576,-0.224,-0.3016,-0.3806,-0.4372,-0.442,-0.3883,-0.3037,-0.2216,-0.158,-0.1158,-0.0946,-0.0906,-0.0875,-0.0694,-0.0401,-0.0086,0.0215,0.0491,0.0745,0.098,0.1197,0.14,0.1589,0.1767,0.1932,0.2086,0.2228,0.236,0.248,0.2589,0.2687,0.2774,-0.0215,-0.0569,-0.1041,-0.168,-0.2549,-0.3703,-0.5083,-0.6287,-0.6512,-0.5462,-0.3918,-0.2632,-0.1769,-0.1243,-0.0987,-0.0962,-0.0965,-0.0761,-0.0428,-0.0082,0.0238,0.053,0.0795,0.104,0.1266,0.1477,0.1674,0.1858,0.203,0.2191,0.2339,0.2475,0.2598,0.271,0.2809,0.2896,-0.0076,-0.0425,-0.091,-0.1608,-0.2642,-0.4203,-0.6458,-0.8983,-0.9752,-0.7559,-0.4775,-0.2929,-0.1899,-0.133,-0.1029,-0.0927,-0.0875,-0.0672,-0.0353,-0.0014,0.0306,0.0601,0.0871,0.1121,0.1354,0.1571,0.1775,0.1966,0.2145,0.2311,0.2465,0.2606,0.2733,0.2846,0.2946,0.3032,0.0134,-0.0174,-0.0615,-0.1276,-0.232,-0.4049,-0.6951,-1.105,-1.2746,-0.8881,-0.4921,-0.2862,-0.19,-0.1409,-0.1113,-0.0916,-0.075,-0.0522,-0.0223,0.0099,0.0411,0.0702,0.0972,0.1224,0.146,0.1683,0.1893,0.2091,0.2276,0.2449,0.2609,0.2755,0.2885,0.3001,0.3101,0.3186,0.0409,0.0178,-0.0156,-0.0666,-0.1487,-0.2876,-0.524,-0.86,-0.9893,-0.6676,-0.3717,-0.2343,-0.1782,-0.1507,-0.1277,-0.1023,-0.0741,-0.0429,-0.0097,0.0232,0.054,0.0827,0.1094,0.1345,0.1584,0.1811,0.2027,0.2232,0.2425,0.2606,0.2772,0.2924,0.3059,0.3177,0.3277,0.3359,0.0729,0.0601,0.0421,0.015,-0.0285,-0.0998,-0.2086,-0.3282,-0.3523,-0.2624,-0.1902,-0.1686,-0.1723,-0.1749,-0.1608,-0.1281,-0.0844,-0.0388,0.0028,0.0386,0.0694,0.0972,0.1232,0.1482,0.1722,0.1954,0.2177,0.239,0.2592,0.2782,0.2957,0.3116,0.3257,0.3377,0.3476,0.3554,0.1064,0.1048,0.104,0.1034,0.1016,0.0947,0.0761,0.0455,0.0252,0.0066,-0.054,-0.13,-0.1964,-0.2336,-0.2244,-0.1722,-0.1,-0.0307,0.0224,0.0595,0.088,0.1135,0.1382,0.1628,0.1871,0.211,0.2342,0.2565,0.2779,0.298,0.3167,0.3336,0.3483,0.3606,0.3704,0.3776,0.1383,0.1471,0.1618,0.1853,0.2211,0.2692,0.313,0.2901,0.1538,0.1019,0.0137,-0.1354,-0.2663,-0.3489,-0.3359,-0.2358,-0.1087,-0.0001,0.063,0.0912,0.1103,0.1306,0.1532,0.1775,0.2025,0.2274,0.2518,0.2755,0.2984,0.3202,0.3405,0.3588,0.3745,0.3872,0.3966,0.403,0.1658,0.1823,0.2085,0.25,0.3149,0.4139,0.5471,0.6254,0.3768,0.1614,0.0196,-0.1757,-0.3607,-0.5145,-0.5052,-0.3035,-0.089,0.0902,0.147,0.1345,0.1329,0.1453,0.1658,0.1908,0.2176,0.2443,0.2704,0.2958,0.3207,0.3448,0.3676,0.388,0.4051,0.4183,0.4272,0.4322,0.187,0.2078,0.2396,0.289,0.3669,0.4911,0.6829,0.8905,0.7033,0.2884,-0.0038,-0.2181,-0.3766,-0.6206,-0.6259,-0.3113,-0.0491,0.2358,0.2532,0.1683,0.1454,0.1505,0.1713,0.2004,0.2314,0.2611,0.2893,0.3169,0.3445,0.3721,0.3986,0.4224,0.4417,0.4555,0.4634,0.466,0.2016,0.2228,0.2541,0.3006,0.3704,0.4752,0.6208,0.7609,0.635,0.258,-0.0262,-0.243,-0.3271,-0.565,-0.4091,-0.2369,-0.0814,0.1332,0.1955,0.1579,0.1299,0.1289,0.1604,0.2037,0.2436,0.2773,0.3074,0.3373,0.3689,0.402,0.4346,0.4638,0.4865,0.5008,0.5067,0.5056,0.2103,0.2291,0.2553,0.2914,0.3402,0.4023,0.4665,0.4841,0.365,0.1525,-0.0047,-0.1161,-0.2626,-0.3916,-0.2659,-0.1871,-0.245,-0.0008,0.1435,0.131,0.04,0.0368,0.1216,0.202,0.256,0.2919,0.3217,0.354,0.3919,0.4342,0.4772,0.5154,0.5432,0.5576,0.5593,0.5517,0.2147,0.2297,0.2489,0.2727,0.2999,0.3256,0.3364,0.306,0.214,0.0908,0.011,-0.0009,-0.0256,-0.0941,-0.0532,-0.063,-0.1264,0.1169,0.2644,0.1214,-0.2326,-0.1675,0.075,0.2116,0.2725,0.3,0.3238,0.36,0.4099,0.4684,0.529,0.5822,0.6176,0.63,0.6231,0.6047,0.2166,0.2277,0.2404,0.254,0.2662,0.2718,0.2624,0.2282,0.167,0.0937,0.0369,0.0713,0.3218,0.4537,0.2546,0.2436,0.3027,0.5202,0.6555,0.3378,-0.2443,-0.1557,0.1311,0.2602,0.2911,0.2836,0.2923,0.3419,0.4181,0.5047,0.5936,0.6712,0.7166,0.7216,0.698,0.6624,0.2179,0.2256,0.2335,0.2406,0.2446,0.2425,0.2302,0.2056,0.1716,0.1397,0.1345,0.2106,0.4526,0.5456,0.558,0.6456,0.6697,0.9943,1.3151,0.8581,0.4073,0.2746,0.3245,0.3452,0.2913,0.1974,0.1817,0.2844,0.4177,0.5446,0.6723,0.7858,0.8419,0.8285,0.7771,0.7185,0.2195,0.2249,0.2299,0.2335,0.2345,0.2312,0.2226,0.2094,0.1957,0.1912,0.2123,0.282,0.4059,0.5789,1.0025,1.1738,0.895,1.065,1.2699,1.1698,0.8682,0.6314,0.5269,0.4399,0.2721,0.0062,-0.0464,0.2168,0.436,0.5916,0.7503,0.9021,0.9649,0.9235,0.841,0.7612,0.222,0.2261,0.2296,0.2321,0.2328,0.2314,0.228,0.2244,0.2246,0.2356,0.2675,0.3321,0.4425,0.6385,0.9724,1.0846,0.9288,1.0409,1.3994,1.5461,1.1097,0.8359,0.6974,0.5647,0.3544,0.0107,-0.0603,0.3471,0.5362,0.6474,0.7893,0.9451,1.0071,0.9551,0.8633,0.7779,0.2256,0.2291,0.2323,0.2349,0.2368,0.238,0.2395,0.243,0.252,0.2713,0.3074,0.3678,0.4617,0.5985,0.7547,0.8347,0.8617,0.9869,1.2203,1.289,1.09,0.9641,0.8898,0.7525,0.6011,0.583,0.851,0.8272,0.7171,0.707,0.7795,0.8858,0.9375,0.9065,0.8372,0.766,0.2302,0.2337,0.2372,0.2405,0.244,0.2479,0.2532,0.2617,0.2759,0.2991,0.3353,0.3887,0.4622,0.5535,0.6467,0.7205,0.7884,0.8852,0.9951,1.044,1.0558,1.1548,1.1786,0.9776,0.813,0.9025,1.168,1.0436,0.8324,0.7495,0.7575,0.8049,0.8363,0.8253,0.785,0.7355,0.2356,0.2394,0.2434,0.2478,0.2528,0.2589,0.2671,0.2787,0.2956,0.32,0.3542,0.4001,0.458,0.5248,0.5939,0.6599,0.7271,0.8021,0.8788,0.9529,1.0748,1.3003,1.365,1.1127,0.9075,0.8986,0.9774,0.9376,0.828,0.7571,0.7381,0.7487,0.7603,0.7548,0.7319,0.6997,0.2415,0.2457,0.2505,0.2558,0.2621,0.27,0.2801,0.2935,0.3116,0.3357,0.3671,0.4066,0.4539,0.507,0.5631,0.6206,0.6802,0.7439,0.8129,0.8964,1.0204,1.1749,1.2085,1.0607,0.9121,0.8574,0.8552,0.8327,0.7834,0.7398,0.7175,0.7119,0.7108,0.7041,0.6886,0.6666]}]