docs/data/wind_grid.json
[{"header":{"la1":42.85,"la2":41.18,"lo1":11.55,"lo2":14.05,"nx":36,"ny":24,"dx":0.07143,"dy":0.07261,"parameterCategory":2,"parameterNumber":2,"parameterNumberName":"eastward_wind","parameterUnit":"m.s-1"},"data":[-0.7227,-0.7324,-0.7434,-0.7555,-0.7683,-0.781,-0.7929,-0.8029,-0.8112,-0.8192,-0.8293,-0.8448,-0.8675,-0.8966,-0.9268,-0.9491,-0.9546,-0.9412,-0.9145,-0.8823,-0.8503,-0.8214,-0.7962,-0.7745,-0.7558,-0.7396,-0.7254,-0.7128,-0.7017,-0.6918,-0.6829,-0.675,-0.6678,-0.6614,-0.6556,-0.6505,-0.7234,-0.7345,-0.7476,-0.7625,-0.7788,-0.7956,-0.8111,-0.8231,-0.8308,-0.8361,-0.8437,-0.86,-0.8899,-0.9345,-0.9862,-1.0267,-1.0357,-1.01,-0.964,-0.9146,-0.8703,-0.8334,-0.8032,-0.7783,-0.7575,-0.7398,-0.7245,-0.7112,-0.6995,-0.6891,-0.6798,-0.6716,-0.6642,-0.6576,-0.6518,-0.6465,-0.7231,-0.7357,-0.751,-0.7696,-0.7912,-0.8148,-0.8372,-0.8536,-0.8602,-0.859,-0.8588,-0.8718,-0.9085,-0.9749,-1.0636,-1.1397,-1.1539,-1.1004,-1.02,-0.9456,-0.8868,-0.8419,-0.8073,-0.7798,-0.7573,-0.7385,-0.7224,-0.7084,-0.6962,-0.6854,-0.6759,-0.6674,-0.6599,-0.6532,-0.6473,-0.642,-0.7214,-0.7352,-0.7529,-0.7757,-0.8045,-0.8392,-0.8754,-0.9029,-0.9092,-0.8941,-0.8756,-0.8766,-0.9148,-1.0042,-1.1457,-1.2838,-1.3036,-1.1976,-1.0674,-0.9658,-0.8947,-0.8445,-0.8074,-0.7785,-0.7551,-0.7355,-0.7189,-0.7044,-0.6919,-0.6808,-0.6711,-0.6624,-0.6548,-0.648,-0.642,-0.6368,-0.7178,-0.7322,-0.7516,-0.7784,-0.8157,-0.8666,-0.9291,-0.9848,-0.9965,-0.9522,-0.8953,-0.8705,-0.8985,-0.9951,-1.1727,-1.3689,-1.3934,-1.238,-1.0751,-0.9628,-0.8898,-0.84,-0.8033,-0.7745,-0.7508,-0.7309,-0.7139,-0.6992,-0.6864,-0.6752,-0.6653,-0.6566,-0.6488,-0.642,-0.636,-0.6308,-0.7119,-0.726,-0.7456,-0.7743,-0.8182,-0.8867,-0.9895,-1.1082,-1.1444,-1.0383,-0.9116,-0.8485,-0.8549,-0.9302,-1.0776,-1.2432,-1.2715,-1.1522,-1.0235,-0.9334,-0.8731,-0.8298,-0.796,-0.7683,-0.7448,-0.7248,-0.7076,-0.6927,-0.6798,-0.6685,-0.6585,-0.6497,-0.6419,-0.6351,-0.6291,-0.624,-0.7038,-0.7162,-0.7338,-0.7604,-0.8034,-0.8778,-1.0098,-1.2062,-1.29,-1.0925,-0.8923,-0.8019,-0.7893,-0.8319,-0.9173,-1.0091,-1.0405,-1.0017,-0.9436,-0.8936,-0.853,-0.8184,-0.7879,-0.761,-0.7375,-0.7172,-0.6998,-0.6849,-0.6719,-0.6606,-0.6507,-0.6418,-0.634,-0.6272,-0.6213,-0.6163,-0.6939,-0.7035,-0.7169,-0.7367,-0.7686,-0.8242,-0.9253,-1.0806,-1.1399,-0.9622,-0.7976,-0.7256,-0.711,-0.7333,-0.7818,-0.8387,-0.8792,-0.8925,-0.8861,-0.8677,-0.8417,-0.8118,-0.7816,-0.7536,-0.729,-0.7082,-0.6906,-0.6757,-0.6629,-0.6517,-0.6417,-0.6329,-0.625,-0.6181,-0.6123,-0.6074,-0.6832,-0.6895,-0.6975,-0.7083,-0.7235,-0.7456,-0.7768,-0.8051,-0.7827,-0.7073,-0.6551,-0.6337,-0.6295,-0.6445,-0.6834,-0.742,-0.805,-0.8548,-0.8789,-0.8746,-0.8492,-0.814,-0.778,-0.7458,-0.719,-0.6972,-0.6796,-0.665,-0.6526,-0.6416,-0.6317,-0.6227,-0.6147,-0.6077,-0.6019,-0.5972,-0.6727,-0.6759,-0.6792,-0.6823,-0.6838,-0.6808,-0.6648,-0.6156,-0.5196,-0.4738,-0.523,-0.5515,-0.5514,-0.5573,-0.5995,-0.6849,-0.7947,-0.8931,-0.9411,-0.9291,-0.8815,-0.8254,-0.7754,-0.7358,-0.7059,-0.6836,-0.6666,-0.6529,-0.6412,-0.6305,-0.6206,-0.6113,-0.6029,-0.5957,-0.5898,-0.5853,-0.6632,-0.6642,-0.6646,-0.6635,-0.6594,-0.6495,-0.6255,-0.5561,-0.3539,-0.2584,-0.4417,-0.4985,-0.4762,-0.4508,-0.5002,-0.6422,-0.8461,-1.0443,-1.1172,-1.0494,-0.9368,-0.8385,-0.7671,-0.719,-0.6874,-0.6664,-0.6514,-0.6396,-0.629,-0.6186,-0.6083,-0.5983,-0.5891,-0.5814,-0.5754,-0.5712,-0.6551,-0.655,-0.6542,-0.6524,-0.6496,-0.6467,-0.6462,-0.635,-0.4921,-0.3769,-0.4695,-0.4816,-0.4102,-0.2974,-0.3678,-0.6086,-0.9786,-1.4281,-1.5108,-1.2392,-0.9904,-0.8326,-0.7406,-0.6892,-0.661,-0.645,-0.6346,-0.6259,-0.6168,-0.6064,-0.595,-0.5833,-0.5727,-0.5639,-0.5578,-0.5542,-0.6485,-0.6479,-0.6471,-0.6462,-0.6466,-0.652,-0.6707,-0.7046,-0.658,-0.5599,-0.5273,-0.4957,-0.4257,-0.2505,-0.3181,-0.63,-1.1264,-2.034,-2.047,-1.3665,-0.9695,-0.7727,-0.6803,-0.6407,-0.6256,-0.6205,-0.6178,-0.6136,-0.6059,-0.5945,-0.5804,-0.5655,-0.5521,-0.5418,-0.5356,-0.5333,-0.6429,-0.6423,-0.6418,-0.6418,-0.6438,-0.6505,-0.6653,-0.684,-0.6625,-0.6053,-0.5648,-0.5153,-0.489,-0.4139,-0.4882,-0.7459,-1.0958,-1.6022,-1.6512,-1.144,-0.7888,-0.6249,-0.5754,-0.5731,-0.5846,-0.597,-0.6049,-0.6057,-0.5984,-0.5837,-0.5639,-0.5429,-0.5248,-0.5124,-0.5068,-0.507,-0.6382,-0.6376,-0.6373,-0.6376,-0.6393,-0.6433,-0.6494,-0.652,-0.6422,-0.6322,-0.6275,-0.5923,-0.5291,-0.4917,-0.5855,-0.9601,-1.299,-1.1076,-0.9856,-0.7143,-0.4498,-0.3792,-0.4331,-0.4977,-0.5476,-0.5823,-0.6021,-0.6069,-0.5972,-0.5748,-0.544,-0.5119,-0.4861,-0.4715,-0.4683,-0.4737,-0.634,-0.6334,-0.633,-0.6331,-0.634,-0.6359,-0.638,-0.6396,-0.6447,-0.6729,-0.7472,-0.6991,-0.6343,-0.5676,-0.6358,-0.8988,-1.1286,-0.855,-0.6062,-0.3515,-0.0423,-0.0949,-0.302,-0.4414,-0.5304,-0.5874,-0.6178,-0.6234,-0.606,-0.5685,-0.5173,-0.4654,-0.4277,-0.4124,-0.4166,-0.4321,-0.6301,-0.6294,-0.6289,-0.6287,-0.629,-0.6298,-0.6314,-0.6351,-0.6463,-0.6783,-0.7345,-0.6899,-0.6257,-0.6048,-0.6162,-0.6689,-0.6571,-0.4383,-0.2267,-0.1684,0.0192,-0.0499,-0.2717,-0.4338,-0.5483,-0.6245,-0.6611,-0.6613,-0.629,-0.5653,-0.4783,-0.3918,-0.3375,-0.3278,-0.3494,-0.3831,-0.6264,-0.6255,-0.6248,-0.6243,-0.6242,-0.6246,-0.6259,-0.6293,-0.6372,-0.651,-0.6598,-0.6407,-0.6108,-0.5984,-0.5689,-0.5351,-0.42,-0.0339,0.3013,-0.0227,-0.1391,-0.202,-0.3293,-0.4717,-0.6036,-0.6979,-0.7333,-0.7222,-0.6696,-0.5676,-0.4227,-0.2793,-0.2054,-0.2169,-0.2719,-0.3327,-0.6228,-0.6218,-0.6209,-0.6201,-0.6195,-0.6193,-0.6197,-0.6213,-0.6242,-0.627,-0.6246,-0.6121,-0.5932,-0.5655,-0.5158,-0.4953,-0.3762,-0.0538,0.1505,-0.0562,-0.1758,-0.2703,-0.3795,-0.5185,-0.6721,-0.7772,-0.798,-0.7931,-0.73,-0.5842,-0.3649,-0.1466,-0.0581,-0.1086,-0.2059,-0.2941,-0.6194,-0.6182,-0.617,-0.6158,-0.6147,-0.6138,-0.6131,-0.6125,-0.6118,-0.6094,-0.6032,-0.5909,-0.5715,-0.5418,-0.5063,-0.4835,-0.3842,-0.2103,-0.1119,-0.1049,-0.1892,-0.2858,-0.3902,-0.5375,-0.7157,-0.8148,-0.8287,-0.8975,-0.8226,-0.6325,-0.3605,-0.0973,-0.0025,-0.0724,-0.1864,-0.2838,-0.6161,-0.6146,-0.6131,-0.6116,-0.61,-0.6083,-0.6064,-0.6041,-0.601,-0.5959,-0.5876,-0.5746,-0.5556,-0.5297,-0.4989,-0.4596,-0.3852,-0.279,-0.1878,-0.1683,-0.2196,-0.2655,-0.3344,-0.4976,-0.7395,-0.9894,-1.2417,-1.1787,-0.956,-0.7129,-0.4448,-0.2083,-0.1093,-0.1449,-0.2285,-0.3075,-0.6129,-0.6112,-0.6094,-0.6075,-0.6054,-0.603,-0.6001,-0.5966,-0.5919,-0.5853,-0.5758,-0.5626,-0.5446,-0.5211,-0.4915,-0.4523,-0.3973,-0.331,-0.2746,-0.2478,-0.2262,-0.1588,-0.1573,-0.3716,-0.7111,-1.1166,-1.4645,-1.326,-1.0292,-0.7777,-0.554,-0.3735,-0.2786,-0.2702,-0.3071,-0.3544,-0.6099,-0.608,-0.6059,-0.6036,-0.601,-0.598,-0.5945,-0.59,-0.5844,-0.5769,-0.567,-0.5539,-0.537,-0.5156,-0.4888,-0.4552,-0.4141,-0.3688,-0.3264,-0.2848,-0.2098,-0.0623,-0.0186,-0.2634,-0.6153,-0.9597,-1.1806,-1.1437,-0.969,-0.7863,-0.6237,-0.4938,-0.4129,-0.3827,-0.387,-0.4073,-0.607,-0.6049,-0.6026,-0.6,-0.597,-0.5936,-0.5895,-0.5845,-0.5783,-0.5705,-0.5605,-0.548,-0.5324,-0.5132,-0.49,-0.4623,-0.4305,-0.3961,-0.3601,-0.3161,-0.2463,-0.153,-0.1436,-0.3062,-0.5492,-0.7755,-0.916,-0.9318,-0.8586,-0.7535,-0.6483,-0.5591,-0.4959,-0.4616,-0.4506,-0.4542]},{"header":{"la1":42.85,"la2":41.18,"lo1":11.55,"lo2":14.05,"nx":36,"ny":24,"dx":0.07143,"dy":0.07261,"parameterCategory":2,"parameterNumber":3,"parameterNumberName":"northward_wind","parameterUnit":"m.s-1"},"data":[-0.6565,-0.6478,-0.6372,-0.6246,-0.6104,-0.5951,-0.5797,-0.5649,-0.5505,-0.5354,-0.517,-0.4928,-0.4614,-0.4243,-0.3869,-0.3586,-0.3473,-0.3544,-0.374,-0.3982,-0.4214,-0.4412,-0.4573,-0.47,-0.4802,-0.4885,-0.4955,-0.5016,-0.5071,-0.5122,-0.517,-0.5217,-0.5262,-0.5306,-0.5347,-0.5388,-0.6639,-0.6545,-0.6423,-0.6272,-0.6096,-0.5903,-0.5711,-0.554,-0.5397,-0.5263,-0.5091,-0.4825,-0.4422,-0.3884,-0.3293,-0.2832,-0.269,-0.2889,-0.3272,-0.3677,-0.4021,-0.4287,-0.4486,-0.4634,-0.4747,-0.4837,-0.4911,-0.4976,-0.5035,-0.509,-0.5142,-0.5193,-0.5243,-0.5291,-0.5337,-0.538,-0.6731,-0.6629,-0.649,-0.6306,-0.6079,-0.5817,-0.5554,-0.5336,-0.52,-0.5123,-0.5014,-0.476,-0.4267,-0.3494,-0.2527,-0.172,-0.1543,-0.2023,-0.2743,-0.3384,-0.386,-0.4192,-0.4421,-0.4583,-0.4702,-0.4794,-0.4871,-0.4938,-0.4999,-0.5058,-0.5115,-0.5171,-0.5225,-0.5278,-0.5329,-0.5377,-0.6844,-0.6739,-0.6584,-0.6362,-0.6062,-0.5686,-0.5278,-0.4946,-0.4813,-0.487,-0.493,-0.4771,-0.4236,-0.321,-0.1708,-0.0295,-0.0083,-0.1091,-0.2297,-0.3196,-0.3781,-0.4151,-0.439,-0.4551,-0.4666,-0.4756,-0.4831,-0.4899,-0.4963,-0.5026,-0.5088,-0.515,-0.521,-0.5268,-0.5324,-0.5377,-0.6985,-0.6885,-0.6723,-0.6467,-0.6081,-0.553,-0.4839,-0.421,-0.4029,-0.439,-0.4826,-0.4898,-0.4433,-0.331,-0.1437,0.0548,0.0794,-0.0705,-0.2233,-0.3233,-0.3824,-0.4175,-0.4391,-0.4533,-0.4636,-0.4717,-0.4789,-0.4857,-0.4925,-0.4993,-0.5061,-0.513,-0.5197,-0.5263,-0.5325,-0.5383,-0.7156,-0.7077,-0.6928,-0.6663,-0.621,-0.546,-0.4315,-0.2996,-0.2573,-0.3609,-0.476,-0.5186,-0.4902,-0.3969,-0.2388,-0.0697,-0.0402,-0.1546,-0.2747,-0.3531,-0.3987,-0.4253,-0.4414,-0.4522,-0.4603,-0.4674,-0.4742,-0.4811,-0.4883,-0.4958,-0.5035,-0.5112,-0.5189,-0.5263,-0.5332,-0.5397,-0.7358,-0.7319,-0.7214,-0.6993,-0.6558,-0.5732,-0.422,-0.1985,-0.1046,-0.3127,-0.5056,-0.5716,-0.5572,-0.4936,-0.3965,-0.3007,-0.268,-0.3046,-0.357,-0.3961,-0.4203,-0.4346,-0.4435,-0.45,-0.4558,-0.4617,-0.4682,-0.4755,-0.4834,-0.492,-0.5008,-0.5098,-0.5186,-0.527,-0.5349,-0.542,-0.7583,-0.7603,-0.7579,-0.7468,-0.7187,-0.6579,-0.5376,-0.3506,-0.2767,-0.4649,-0.6164,-0.6535,-0.6315,-0.5835,-0.5233,-0.4659,-0.4305,-0.4218,-0.4268,-0.4334,-0.4379,-0.4404,-0.4424,-0.4449,-0.4486,-0.4538,-0.4605,-0.4686,-0.4778,-0.4879,-0.4983,-0.5089,-0.5192,-0.5289,-0.5378,-0.5456,-0.7815,-0.7909,-0.7992,-0.8041,-0.8017,-0.7852,-0.7486,-0.7056,-0.7168,-0.7779,-0.7878,-0.749,-0.6991,-0.6507,-0.6023,-0.5546,-0.5139,-0.485,-0.4664,-0.454,-0.4451,-0.4387,-0.4352,-0.4347,-0.4374,-0.4428,-0.4505,-0.4602,-0.4713,-0.4835,-0.4962,-0.5089,-0.5211,-0.5323,-0.5424,-0.551,-0.8036,-0.8206,-0.8402,-0.8625,-0.8875,-0.9145,-0.9453,-0.9946,-1.0844,-1.103,-0.9635,-0.8279,-0.7459,-0.6953,-0.6501,-0.5989,-0.5481,-0.5073,-0.478,-0.4562,-0.4392,-0.4268,-0.4195,-0.4177,-0.4207,-0.4277,-0.4376,-0.4498,-0.4639,-0.479,-0.4947,-0.5102,-0.5249,-0.538,-0.5494,-0.5588,-0.8223,-0.8458,-0.8753,-0.9129,-0.9611,-1.0216,-1.0905,-1.1652,-1.3305,-1.4178,-1.0815,-0.8587,-0.7648,-0.7278,-0.687,-0.6205,-0.5509,-0.5006,-0.4691,-0.4435,-0.4202,-0.4023,-0.3928,-0.3917,-0.3974,-0.4077,-0.4214,-0.4375,-0.4555,-0.4748,-0.4946,-0.5139,-0.5316,-0.5471,-0.5598,-0.5698,-0.8357,-0.8638,-0.9,-0.948,-1.0127,-1.0992,-1.2035,-1.2784,-1.2894,-1.284,-1.0228,-0.8319,-0.7641,-0.7721,-0.7323,-0.6243,-0.5238,-0.476,-0.4558,-0.4228,-0.3867,-0.3608,-0.3506,-0.354,-0.366,-0.3824,-0.4016,-0.4229,-0.4464,-0.4713,-0.4967,-0.5211,-0.5429,-0.561,-0.575,-0.5851,-0.8428,-0.8726,-0.9112,-0.9628,-1.0333,-1.1315,-1.2622,-1.3821,-1.2976,-1.1005,-0.9072,-0.7883,-0.7472,-0.7839,-0.7426,-0.575,-0.4509,-0.4701,-0.4675,-0.3927,-0.3273,-0.2893,-0.2843,-0.301,-0.3257,-0.3517,-0.378,-0.406,-0.4365,-0.4693,-0.5026,-0.5339,-0.561,-0.5822,-0.597,-0.6062,-0.8433,-0.872,-0.9086,-0.9562,-1.0193,-1.1036,-1.2089,-1.3019,-1.228,-0.9983,-0.8307,-0.7714,-0.7519,-0.6118,-0.6027,-0.3884,-0.2068,-0.3487,-0.3925,-0.3069,-0.2023,-0.1547,-0.1791,-0.2304,-0.278,-0.3163,-0.3503,-0.3857,-0.4256,-0.4694,-0.5142,-0.5557,-0.5898,-0.614,-0.6284,-0.6348,-0.8379,-0.8634,-0.8945,-0.9327,-0.9793,-1.0335,-1.086,-1.1025,-1.0217,-0.8727,-0.7671,-0.7202,-0.6415,-0.5021,-0.5025,-0.0058,0.5308,-0.037,-0.2411,-0.139,0.0793,0.1102,-0.024,-0.1498,-0.2289,-0.2771,-0.3156,-0.3589,-0.4119,-0.4726,-0.5352,-0.5919,-0.6352,-0.6617,-0.6728,-0.6728,-0.8281,-0.849,-0.8731,-0.9003,-0.9292,-0.9556,-0.9687,-0.9486,-0.8796,-0.7819,-0.7088,-0.7066,-0.6855,-0.6139,-0.5041,-0.09,0.2867,-0.1044,-0.2529,0.0393,0.6308,0.5254,0.1304,-0.0914,-0.1887,-0.2305,-0.2648,-0.3177,-0.3921,-0.4801,-0.571,-0.6511,-0.7067,-0.7322,-0.7337,-0.7213,-0.8155,-0.8317,-0.849,-0.8664,-0.8818,-0.8908,-0.8865,-0.8608,-0.8121,-0.7534,-0.711,-0.7162,-0.777,-0.7967,-0.6225,-0.4489,-0.3604,-0.4924,-0.5493,-0.1156,0.6838,0.5479,0.111,-0.0979,-0.1578,-0.156,-0.1729,-0.2469,-0.3616,-0.4938,-0.6293,-0.7461,-0.8164,-0.8325,-0.8126,-0.7788,-0.8016,-0.8135,-0.8251,-0.8354,-0.8423,-0.8428,-0.8335,-0.8123,-0.7815,-0.7499,-0.7309,-0.7385,-0.8028,-0.8143,-0.7228,-0.6769,-0.6533,-0.866,-1.121,-0.6239,-0.1134,0.0119,-0.0947,-0.1573,-0.1118,-0.0035,0.0102,-0.1313,-0.3232,-0.5172,-0.7145,-0.8857,-0.9706,-0.96,-0.9021,-0.8381,-0.7875,-0.7959,-0.8033,-0.8088,-0.8109,-0.8079,-0.7986,-0.7828,-0.7631,-0.7445,-0.7335,-0.7357,-0.751,-0.7627,-0.8258,-0.8602,-0.7621,-0.8752,-0.9969,-0.7586,-0.5171,-0.3467,-0.2851,-0.2237,-0.0517,0.2536,0.3137,-0.0132,-0.3106,-0.5525,-0.8073,-1.0404,-1.1334,-1.0802,-0.9774,-0.884,-0.7739,-0.7796,-0.7841,-0.7866,-0.7862,-0.7821,-0.7739,-0.7622,-0.7487,-0.7363,-0.728,-0.7263,-0.7322,-0.7529,-0.8135,-0.8324,-0.764,-0.7693,-0.7882,-0.7883,-0.6424,-0.498,-0.4081,-0.3094,-0.1124,0.2611,0.3399,-0.1351,-0.3955,-0.5959,-0.8474,-1.0986,-1.1919,-1.1206,-1.0022,-0.8997,-0.7613,-0.765,-0.7674,-0.7681,-0.7665,-0.7622,-0.7553,-0.7462,-0.7362,-0.7268,-0.7199,-0.7168,-0.7191,-0.7301,-0.7485,-0.749,-0.7275,-0.7221,-0.7366,-0.7263,-0.6389,-0.5554,-0.4991,-0.4278,-0.3428,-0.3548,-0.6463,-0.6378,-0.5711,-0.639,-0.81,-1.0023,-1.0892,-1.0509,-0.9637,-0.8799,-0.7497,-0.7519,-0.753,-0.7526,-0.7504,-0.7462,-0.7403,-0.7329,-0.7249,-0.7173,-0.7109,-0.7068,-0.7057,-0.7077,-0.7098,-0.7054,-0.6946,-0.6859,-0.6789,-0.6561,-0.6125,-0.5876,-0.5764,-0.5304,-0.5191,-0.6881,-0.9789,-0.8601,-0.6857,-0.6676,-0.7524,-0.8667,-0.9351,-0.9331,-0.8897,-0.8366,-0.7391,-0.7403,-0.7405,-0.7394,-0.7369,-0.733,-0.7277,-0.7215,-0.7147,-0.708,-0.7019,-0.6969,-0.6933,-0.6904,-0.6866,-0.68,-0.6703,-0.6591,-0.645,-0.6243,-0.6029,-0.6039,-0.6083,-0.5759,-0.5762,-0.6712,-0.7861,-0.7649,-0.6904,-0.671,-0.7094,-0.7709,-0.8171,-0.8297,-0.8149,-0.7871,-0.7296,-0.73,-0.7296,-0.7281,-0.7255,-0.7217,-0.717,-0.7114,-0.7054,-0.6992,-0.6933,-0.6877,-0.6825,-0.6772,-0.6711,-0.6632,-0.6533,-0.6415,-0.6274,-0.6115,-0.5988,-0.5969,-0.5952,-0.5818,-0.5851,-0.624,-0.6683,-0.6758,-0.6601,-0.6576,-0.6788,-0.7128,-0.7424,-0.7566,-0.7549,-0.7426]}]