docs/data/wind_grid.json
[{"header":{"la1":42.85,"la2":41.18,"lo1":11.55,"lo2":14.05,"nx":36,"ny":24,"dx":0.07143,"dy":0.07261,"parameterCategory":2,"parameterNumber":2,"parameterNumberName":"eastward_wind","parameterUnit":"m.s-1"},"data":[3.6217,3.615,3.6061,3.595,3.5816,3.5662,3.5488,3.5297,3.5088,3.4856,3.4596,3.4305,3.3979,3.3616,3.3211,3.2763,3.2266,3.1719,3.1125,3.0509,2.993,2.9478,2.9233,2.9209,2.9352,2.958,2.9826,3.0053,3.0247,3.0404,3.0531,3.0632,3.0714,3.0782,3.0839,3.0889,3.6368,3.6305,3.6216,3.6099,3.5953,3.5783,3.5594,3.539,3.5171,3.493,3.4658,3.4349,3.3998,3.3603,3.3158,3.2658,3.2091,3.1441,3.0695,2.9861,2.902,2.836,2.8069,2.8175,2.8531,2.8962,2.9365,2.9698,2.9959,3.016,3.0313,3.0432,3.0525,3.0601,3.0664,3.072,3.6534,3.6479,3.6391,3.6266,3.6103,3.5908,3.5694,3.5472,3.5246,3.5002,3.4722,3.4396,3.4021,3.3594,3.3113,3.2566,3.1935,3.1187,3.0267,2.9109,2.7777,2.6671,2.632,2.6751,2.7528,2.8289,2.8901,2.9356,2.9685,2.9923,3.0098,3.0229,3.033,3.0411,3.048,3.054,3.6718,3.6677,3.6596,3.6463,3.6272,3.6034,3.5774,3.5524,3.5294,3.5059,3.4781,3.444,3.4041,3.3585,3.3073,3.2492,3.1819,3.1012,2.9961,2.8397,2.6117,2.3944,2.3563,2.4847,2.6423,2.7653,2.8498,2.9062,2.944,2.97,2.9885,3.0021,3.0126,3.0211,3.0283,3.0347,3.6921,3.6907,3.6844,3.6706,3.6477,3.6166,3.5817,3.5503,3.528,3.5086,3.4824,3.4471,3.4045,3.356,3.3024,3.2431,3.1753,3.097,2.9992,2.8215,2.4385,1.9669,1.9588,2.2833,2.5554,2.7236,2.8237,2.8846,2.9232,2.9489,2.967,2.9804,2.9909,2.9994,3.0068,3.0136,3.7138,3.7171,3.7154,3.703,3.6753,3.633,3.5817,3.5355,3.5149,3.5065,3.4838,3.4472,3.4013,3.349,3.2933,3.2356,3.1727,3.1045,3.0475,2.931,2.4628,1.7149,1.7571,2.2374,2.5527,2.723,2.8167,2.871,2.9048,2.9275,2.944,2.9567,2.9669,2.9755,2.9831,2.9903,3.7356,3.7465,3.755,3.7487,3.7157,3.6593,3.5876,3.5173,3.4967,3.5012,3.4795,3.4421,3.3921,3.3322,3.2713,3.2187,3.1705,3.1162,3.0884,3.061,2.7655,2.3245,2.2427,2.4643,2.6506,2.7609,2.8232,2.8602,2.8846,2.9028,2.9174,2.9294,2.9396,2.9484,2.9564,2.964,3.7538,3.7741,3.8022,3.8132,3.77,3.699,3.6183,3.5399,3.5059,3.4872,3.4616,3.43,3.3763,3.2977,3.2149,3.1666,3.1556,3.1363,3.1005,3.0638,2.987,2.8721,2.75,2.7368,2.7724,2.8039,2.8246,2.8404,2.8553,2.8702,2.8844,2.897,2.9078,2.9172,2.9258,2.9341,3.7635,3.7869,3.8361,3.8806,3.8098,3.7371,3.6659,3.5674,3.4662,3.4059,3.4105,3.4136,3.3608,3.2403,3.0745,3.0064,3.0929,3.1588,3.1538,3.1137,3.0922,3.0679,2.966,2.8875,2.8406,2.8105,2.7953,2.7954,2.8073,2.8246,2.8424,2.8578,2.8704,2.8809,2.8902,2.8995,3.7633,3.7717,3.7915,3.806,3.7555,3.7626,3.7372,3.5727,3.2466,3.1029,3.2963,3.4083,3.3688,3.1943,2.7921,2.5829,2.9837,3.193,3.2331,3.1857,3.1198,3.0926,3.0267,2.9259,2.8226,2.7426,2.7043,2.706,2.7309,2.7621,2.7898,2.8111,2.8266,2.8383,2.8485,2.8589,3.7615,3.747,3.696,3.5668,3.6008,3.8099,3.9161,3.7264,2.8251,2.3585,3.1895,3.4562,3.4232,3.262,2.8605,2.5809,3.0587,3.3041,3.3659,3.3131,3.2239,3.1431,3.0345,2.871,2.6834,2.5451,2.508,2.5505,2.6199,2.6827,2.7281,2.7574,2.7756,2.7879,2.7987,2.8105,3.7696,3.7503,3.6924,3.5852,3.6453,3.9624,4.2912,4.4337,3.6444,3.0023,3.4499,3.6035,3.5092,3.3694,3.1836,3.1546,3.3027,3.5405,3.6031,3.4793,3.3433,3.2022,3.0076,2.7099,2.3437,2.1077,2.1408,2.3143,2.4805,2.595,2.6626,2.6983,2.7162,2.7271,2.7376,2.7513,3.7898,3.7855,3.7718,3.773,3.8831,4.1663,4.6008,5.0706,4.6726,3.9769,3.8289,3.8599,3.7094,3.2436,3.0721,3.2034,3.3669,3.8966,3.9297,3.619,3.4399,3.2568,2.9685,2.4542,1.6995,1.2639,1.5664,2.0342,2.3488,2.5197,2.6014,2.6342,2.6448,2.6502,2.6599,2.6771,3.8148,3.8281,3.8498,3.9007,4.0185,4.2316,4.5352,4.8255,4.6437,4.1942,4.0381,4.1144,4.1148,3.7689,3.3235,2.7829,3.1392,3.6769,3.7877,3.6461,3.5136,3.333,2.993,2.2929,1.0594,0.3474,1.095,1.8793,2.296,2.4829,2.5503,2.5605,2.5516,2.5466,2.5563,2.5814,3.8364,3.8606,3.8969,3.9563,4.0517,4.1866,4.3378,4.426,4.3473,4.2258,4.2081,4.1908,4.0949,4.2525,3.4462,2.7195,3.8374,3.6665,3.7067,3.6818,3.6073,3.4671,3.1479,2.5126,1.4865,0.8854,1.4219,2.0468,2.3735,2.4935,2.5014,2.4598,2.4151,2.3965,2.4126,2.4561,3.851,3.8793,3.9176,3.9703,4.0398,4.1211,4.1956,4.2348,4.2397,4.2977,4.4953,4.5312,4.3446,4.0883,3.7658,3.6186,3.8902,3.8334,3.8607,3.7953,3.707,3.6305,3.3582,2.9247,2.4091,2.1099,2.2204,2.4372,2.543,2.5266,2.4265,2.2952,2.1949,2.167,2.2094,2.2931,3.8584,3.8867,3.922,3.9654,4.0161,4.0696,4.1177,4.1561,4.2012,4.3009,4.4668,4.4433,4.4953,4.5015,4.0894,3.9389,3.9753,4.1675,4.3147,4.028,3.7419,3.6827,3.486,3.2247,3.0023,2.896,2.8752,2.833,2.7246,2.5411,2.2835,2.0049,1.8227,1.8114,1.9284,2.0916,3.86,3.8865,3.9175,3.953,3.9921,4.0322,4.0711,4.1101,4.1584,4.2262,4.2954,4.3449,4.5139,4.5503,4.3576,4.3213,4.2935,4.7742,5.4394,4.4627,3.9151,3.7107,3.5426,3.3939,3.35,3.433,3.4226,3.1856,2.875,2.5147,2.0425,1.5157,1.2149,1.2972,1.5798,1.8733,3.8573,3.8813,3.9083,3.9381,3.9698,4.0026,4.036,4.0715,4.1121,4.1587,4.2065,4.2593,4.3336,4.419,4.7534,4.9227,4.4848,4.6774,4.9528,4.2111,3.9135,3.7152,3.5579,3.4696,3.563,3.9546,4.0381,3.4636,2.9556,2.4655,1.766,0.8799,0.4338,0.7331,1.2604,1.6991,3.8516,3.8731,3.8967,3.922,3.9487,3.9765,4.0053,4.0357,4.0688,4.1045,4.1429,4.1875,4.2507,4.3781,4.6787,4.772,4.4193,4.2368,3.8566,3.647,3.7711,3.6501,3.514,3.4435,3.5389,4.0003,4.1133,3.3335,2.8889,2.449,1.6979,0.626,0.1031,0.5289,1.1625,1.6511,3.8437,3.8629,3.8835,3.9053,3.9282,3.9518,3.9763,4.0019,4.0289,4.0576,4.0887,4.1256,4.1768,4.258,4.3594,4.3615,4.2204,4.0499,3.8463,3.7347,3.6714,3.521,3.4006,3.3325,3.2722,3.1196,2.6255,2.6464,2.7159,2.5078,1.9758,1.1799,0.7274,0.9357,1.3744,1.7602,3.8343,3.8513,3.8693,3.8882,3.9077,3.9278,3.9485,3.9697,3.9915,4.0142,4.0384,4.0657,4.0984,4.1358,4.1617,4.1407,4.0615,3.9494,3.8263,3.7021,3.5306,3.309,3.2201,3.217,3.0763,2.664,2.0744,2.3566,2.6817,2.6451,2.3525,1.8942,1.566,1.5556,1.7417,1.9683,3.8237,3.8388,3.8545,3.8707,3.8874,3.9043,3.9214,3.9385,3.9558,3.973,3.9904,4.0078,4.0247,4.0371,4.0354,4.007,3.9471,3.8616,3.7551,3.6171,3.4147,3.1677,3.109,3.1645,3.0491,2.7778,2.5489,2.6663,2.8477,2.807,2.6145,2.3415,2.1184,2.0384,2.0846,2.1928,3.8123,3.8256,3.8392,3.853,3.8671,3.8811,3.8949,3.9085,3.9215,3.9337,3.9448,3.9541,3.9598,3.9586,3.9451,3.9136,3.8612,3.7876,3.6918,3.5663,3.4044,3.2429,3.1834,3.174,3.0816,2.9263,2.8128,2.8211,2.8754,2.8455,2.7271,2.5666,2.4248,2.3481,2.3428,2.387]},{"header":{"la1":42.85,"la2":41.18,"lo1":11.55,"lo2":14.05,"nx":36,"ny":24,"dx":0.07143,"dy":0.07261,"parameterCategory":2,"parameterNumber":3,"parameterNumberName":"northward_wind","parameterUnit":"m.s-1"},"data":[-0.0466,-0.0522,-0.0613,-0.0741,-0.0906,-0.1102,-0.1323,-0.1567,-0.1833,-0.2125,-0.2449,-0.2809,-0.3207,-0.3642,-0.4111,-0.4609,-0.5124,-0.5639,-0.6132,-0.6574,-0.6923,-0.7124,-0.713,-0.6934,-0.658,-0.6132,-0.5645,-0.5157,-0.4685,-0.4238,-0.382,-0.3431,-0.3069,-0.2735,-0.2426,-0.2143,-0.0231,-0.0271,-0.0358,-0.0495,-0.068,-0.0904,-0.1154,-0.1421,-0.1707,-0.202,-0.237,-0.2767,-0.3214,-0.3712,-0.4261,-0.4856,-0.5486,-0.6132,-0.6768,-0.7365,-0.7874,-0.8188,-0.8192,-0.7871,-0.7326,-0.6687,-0.604,-0.5427,-0.486,-0.4342,-0.3867,-0.3433,-0.3035,-0.2671,-0.2339,-0.2037,0.0053,0.0039,-0.0037,-0.0185,-0.0404,-0.0674,-0.0968,-0.1267,-0.1569,-0.1894,-0.2265,-0.2698,-0.3196,-0.3762,-0.4399,-0.5109,-0.5883,-0.6694,-0.7507,-0.8315,-0.9098,-0.9657,-0.9666,-0.9086,-0.82,-0.7272,-0.6417,-0.5661,-0.4994,-0.4402,-0.3873,-0.3395,-0.2962,-0.257,-0.2216,-0.1896,0.0398,0.0433,0.0382,0.0219,-0.0056,-0.0409,-0.0783,-0.113,-0.144,-0.1757,-0.2135,-0.2599,-0.3148,-0.3781,-0.4511,-0.5353,-0.6311,-0.7341,-0.8354,-0.9382,-1.0626,-1.178,-1.1792,-1.0615,-0.9129,-0.7806,-0.6717,-0.5819,-0.506,-0.4404,-0.3825,-0.3307,-0.2843,-0.2425,-0.205,-0.1714,0.0816,0.0944,0.0955,0.0781,0.0408,-0.0098,-0.0629,-0.1074,-0.1375,-0.1632,-0.1986,-0.2471,-0.3067,-0.3763,-0.4578,-0.5557,-0.6752,-0.8119,-0.938,-1.0417,-1.2183,-1.4725,-1.4614,-1.2163,-0.9846,-0.8133,-0.6858,-0.5858,-0.5035,-0.433,-0.3712,-0.3162,-0.2669,-0.2228,-0.1834,-0.1485,0.1311,0.1615,0.1778,0.1627,0.109,0.0305,-0.0528,-0.1211,-0.1496,-0.156,-0.1827,-0.2321,-0.2957,-0.3702,-0.4575,-0.5657,-0.7106,-0.9042,-1.092,-1.1416,-1.2597,-1.6335,-1.5991,-1.2557,-0.9893,-0.8085,-0.6774,-0.5752,-0.4904,-0.4174,-0.3528,-0.2951,-0.2434,-0.1972,-0.1562,-0.1203,0.1849,0.2466,0.3005,0.3007,0.2173,0.0914,-0.034,-0.1444,-0.1797,-0.1513,-0.1651,-0.2148,-0.2822,-0.3608,-0.4501,-0.5583,-0.7108,-0.9516,-1.2542,-1.2453,-1.1399,-1.2848,-1.2928,-1.1025,-0.9132,-0.7645,-0.6472,-0.5506,-0.4674,-0.3936,-0.3271,-0.267,-0.2129,-0.1648,-0.1225,-0.0858,0.2305,0.337,0.4733,0.5318,0.3805,0.1757,0.024,-0.0897,-0.1337,-0.1188,-0.1387,-0.1928,-0.2655,-0.3508,-0.443,-0.5395,-0.6629,-0.8518,-1.0672,-1.0719,-0.9709,-0.9718,-0.98,-0.9135,-0.8077,-0.7009,-0.604,-0.5168,-0.4368,-0.3627,-0.2941,-0.2314,-0.1748,-0.1246,-0.0811,-0.0441,0.2446,0.3784,0.6142,0.8059,0.5121,0.2318,0.0974,0.0188,-0.0264,-0.0548,-0.0981,-0.1617,-0.2414,-0.3419,-0.4577,-0.5432,-0.6136,-0.7224,-0.8327,-0.8772,-0.8853,-0.8799,-0.8486,-0.7935,-0.7199,-0.6401,-0.5601,-0.4808,-0.4024,-0.3263,-0.2541,-0.1875,-0.1277,-0.0754,-0.0308,0.0061,0.2126,0.3054,0.4502,0.5394,0.3151,0.1983,0.1551,0.1123,0.0542,0.0065,-0.0489,-0.1198,-0.1974,-0.3147,-0.5255,-0.6328,-0.6047,-0.6692,-0.7453,-0.8016,-0.848,-0.8369,-0.7791,-0.719,-0.6592,-0.5967,-0.5276,-0.4507,-0.3686,-0.2859,-0.2067,-0.1341,-0.0698,-0.0149,0.0304,0.0665,0.1556,0.1783,0.135,-0.0708,-0.0459,0.146,0.2437,0.2403,0.0853,0.0142,-0.0062,-0.0702,-0.1134,-0.1852,-0.4475,-0.6248,-0.6072,-0.7011,-0.7641,-0.7739,-0.771,-0.7521,-0.7116,-0.6685,-0.63,-0.5864,-0.5224,-0.4363,-0.339,-0.2413,-0.1498,-0.0681,0.002,0.0597,0.1051,0.1391,0.107,0.1015,0.0399,-0.0877,-0.0445,0.1971,0.4287,0.5597,0.309,0.0934,0.03,-0.015,0.0061,0.1365,-0.1133,-0.4404,-0.6582,-0.887,-0.9453,-0.8342,-0.7533,-0.7056,-0.6697,-0.6509,-0.6548,-0.6444,-0.5704,-0.4473,-0.3135,-0.1888,-0.0787,0.0153,0.0925,0.1529,0.197,0.2267,0.0762,0.075,0.0574,0.0439,0.1097,0.2952,0.5836,0.8864,0.656,0.2307,0.0554,0.0878,0.0843,0.1862,-0.0851,-0.5283,-0.7964,-1.2767,-1.2927,-0.921,-0.7686,-0.6981,-0.6585,-0.6705,-0.7681,-0.8327,-0.6978,-0.4783,-0.2801,-0.1175,0.0157,0.124,0.2089,0.2707,0.3109,0.3328,0.0555,0.0626,0.0708,0.0949,0.1617,0.2951,0.4995,0.7036,0.5557,0.1594,-0.0002,0.2439,0.3109,-0.1985,-0.4493,-0.8871,-0.9461,-1.0823,-1.0948,-0.8877,-0.7927,-0.7319,-0.6694,-0.6873,-0.9048,-1.0841,-0.8193,-0.4692,-0.2055,-0.0088,0.1459,0.2689,0.3611,0.4219,0.4533,0.4612,0.037,0.0473,0.0621,0.0885,0.136,0.2094,0.2948,0.3259,0.1848,-0.0696,-0.2242,-0.1946,-0.2516,-0.5068,-0.6226,-1.0058,-1.4267,-1.0123,-0.8599,-0.8451,-0.9387,-0.8923,-0.7116,-0.6306,-0.7681,-0.9005,-0.6578,-0.3182,-0.0517,0.1548,0.3248,0.4634,0.5634,0.6186,0.6322,0.616,0.0179,0.0268,0.0386,0.0557,0.079,0.1039,0.1125,0.0671,-0.0713,-0.3024,-0.5897,-0.4802,-0.4263,-0.4562,-0.6026,-0.9217,-1.2188,-0.8691,-0.6938,-0.8889,-1.5024,-1.3225,-0.7761,-0.5047,-0.4376,-0.4064,-0.2503,-0.0283,0.1815,0.375,0.5599,0.7237,0.8364,0.8777,0.8566,0.7991,-0.0017,0.0035,0.0092,0.0153,0.0194,0.0153,-0.0098,-0.0738,-0.1917,-0.3689,-0.5686,-0.499,-0.4668,-0.488,-0.5466,-0.6526,-0.6594,-0.4661,-0.3347,-0.6619,-1.5592,-1.324,-0.6574,-0.301,-0.1068,0.0343,0.1683,0.3027,0.4513,0.632,0.8503,1.0705,1.2107,1.2196,1.1308,1.0058,-0.0208,-0.0196,-0.0197,-0.0223,-0.0301,-0.048,-0.0831,-0.1425,-0.2286,-0.3309,-0.4117,-0.4366,-0.469,-0.4951,-0.5594,-0.5774,-0.4001,-0.0513,0.1625,-0.0133,-0.4202,-0.5036,-0.2625,-0.0049,0.2244,0.415,0.5255,0.599,0.7089,0.8925,1.1793,1.52,1.7155,1.6477,1.4369,1.2151,-0.0379,-0.0402,-0.0447,-0.0528,-0.0666,-0.0892,-0.124,-0.1729,-0.234,-0.2987,-0.3534,-0.3946,-0.4382,-0.5146,-0.7628,-0.8637,-0.3449,0.1575,0.4629,0.8796,0.475,0.1675,0.1609,0.3073,0.5139,0.6732,0.719,0.8151,0.9353,1.1213,1.4821,2.0008,2.274,2.069,1.7006,1.3816,-0.0525,-0.0572,-0.0644,-0.0753,-0.0913,-0.114,-0.1448,-0.1836,-0.2283,-0.2743,-0.3166,-0.3557,-0.4018,-0.4886,-0.686,-0.7174,-0.2272,0.4581,1.73,2.3052,1.0931,0.5863,0.4966,0.5753,0.7309,0.7847,0.7925,1.0748,1.1769,1.3001,1.627,2.1895,2.4889,2.2207,1.7987,1.4524,-0.064,-0.0701,-0.0787,-0.0905,-0.1063,-0.127,-0.1528,-0.1833,-0.2166,-0.2502,-0.2819,-0.3117,-0.3435,-0.3847,-0.4206,-0.3397,-0.0281,0.5118,1.2737,1.5348,1.0531,0.811,0.7826,0.8126,0.9683,1.2776,1.7542,1.6692,1.4664,1.4488,1.5995,1.9295,2.1389,1.9925,1.6945,1.4154,-0.0725,-0.0792,-0.0881,-0.0995,-0.114,-0.1318,-0.1527,-0.176,-0.2005,-0.2242,-0.2454,-0.2628,-0.2749,-0.2762,-0.2463,-0.1416,0.0761,0.3996,0.741,0.905,0.9208,1.0573,1.1241,1.0232,1.1416,1.6151,2.2357,1.9668,1.6942,1.6196,1.5781,1.6466,1.7207,1.6629,1.5011,1.3143,-0.0782,-0.0849,-0.0933,-0.1037,-0.1162,-0.1307,-0.147,-0.1643,-0.1813,-0.1966,-0.2082,-0.2139,-0.21,-0.1894,-0.1389,-0.0402,0.1174,0.3219,0.5311,0.7082,0.917,1.2518,1.3487,1.1323,1.1634,1.4638,1.7584,1.8022,1.9337,1.839,1.6234,1.5182,1.4813,1.4256,1.3256,1.2011,-0.0813,-0.0876,-0.0951,-0.104,-0.1143,-0.1257,-0.1378,-0.1497,-0.1605,-0.1686,-0.1722,-0.1687,-0.1544,-0.1237,-0.069,0.0174,0.1383,0.2867,0.449,0.6239,0.8396,1.082,1.159,1.0757,1.107,1.285,1.497,1.723,1.9602,1.8622,1.6134,1.4447,1.3494,1.2754,1.1935,1.1005]}]