docs/data/wind_grid.json
[{"header":{"la1":42.85,"la2":41.18,"lo1":11.55,"lo2":14.05,"nx":36,"ny":24,"dx":0.07143,"dy":0.07261,"parameterCategory":2,"parameterNumber":2,"parameterNumberName":"eastward_wind","parameterUnit":"m.s-1"},"data":[1.692,1.6838,1.6747,1.6653,1.6565,1.6494,1.646,1.6481,1.6577,1.676,1.7033,1.7393,1.7829,1.8308,1.8765,1.9104,1.9246,1.9181,1.8976,1.8712,1.845,1.8216,1.8013,1.784,1.7689,1.7556,1.7434,1.7321,1.7216,1.7116,1.7021,1.693,1.6845,1.6765,1.6691,1.6622,1.691,1.6807,1.6688,1.6556,1.642,1.6296,1.6212,1.62,1.6292,1.6507,1.6852,1.7327,1.7929,1.8633,1.9348,1.9888,2.0063,1.9865,1.9462,1.9026,1.8644,1.8335,1.8087,1.7886,1.7717,1.757,1.7438,1.7315,1.7201,1.7092,1.6989,1.6891,1.6798,1.6712,1.6632,1.6559,1.6915,1.679,1.6638,1.6458,1.6256,1.6052,1.5882,1.5803,1.5876,1.613,1.6565,1.7176,1.7982,1.9002,2.015,2.1067,2.1279,2.078,2.0018,1.9331,1.8806,1.8422,1.8136,1.7914,1.7732,1.7574,1.7433,1.7302,1.7178,1.706,1.6948,1.6841,1.6741,1.6647,1.6561,1.6483,1.6944,1.6799,1.6612,1.6376,1.6088,1.5762,1.5446,1.5238,1.5263,1.5578,1.6138,1.6897,1.7902,1.9272,2.1028,2.2599,2.2839,2.177,2.049,1.9528,1.8885,1.8455,1.8151,1.792,1.7731,1.7568,1.7419,1.7279,1.7146,1.7019,1.6897,1.6781,1.6671,1.657,1.6477,1.6394,1.7005,1.6847,1.6631,1.6339,1.5951,1.5459,1.49,1.4436,1.4361,1.4808,1.5571,1.6476,1.7587,1.9135,2.1319,2.351,2.3778,2.2182,2.056,1.9492,1.8838,1.842,1.8129,1.7905,1.7718,1.7552,1.7397,1.7249,1.7106,1.6967,1.6834,1.6706,1.6586,1.6475,1.6375,1.6287,1.7106,1.6949,1.672,1.6389,1.5911,1.5235,1.4334,1.3399,1.3117,1.3876,1.4966,1.5977,1.7032,1.8397,2.0272,2.2159,2.2495,2.1288,2.0024,1.9188,1.8672,1.8332,1.8082,1.7878,1.7698,1.753,1.7368,1.721,1.7055,1.6903,1.6756,1.6615,1.6482,1.6361,1.6253,1.6159,1.7255,1.7118,1.6904,1.6573,1.6059,1.527,1.4097,1.2651,1.2103,1.3262,1.456,1.5515,1.637,1.7347,1.8532,1.9645,2.0051,1.9707,1.9182,1.8766,1.8467,1.8235,1.8036,1.7853,1.7677,1.7505,1.7335,1.7164,1.6994,1.6825,1.6661,1.6503,1.6355,1.6222,1.6104,1.6004,1.745,1.7358,1.7197,1.6924,1.6467,1.5727,1.4619,1.3318,1.2822,1.3553,1.4402,1.5103,1.5723,1.6363,1.7089,1.7807,1.8304,1.8506,1.8523,1.8453,1.8334,1.8185,1.8018,1.7843,1.7664,1.7482,1.7297,1.711,1.692,1.673,1.6544,1.6365,1.6199,1.605,1.5922,1.5817,1.7686,1.7663,1.7596,1.7446,1.7145,1.6589,1.5687,1.4566,1.3702,1.3493,1.3974,1.4615,1.5088,1.5504,1.6041,1.6721,1.741,1.7961,1.8294,1.841,1.8365,1.8228,1.8051,1.7859,1.7661,1.7461,1.7256,1.7046,1.6832,1.6614,1.6399,1.6193,1.6003,1.5836,1.5697,1.5588,1.7944,1.8011,1.8074,1.8112,1.8073,1.7821,1.7054,1.5247,1.2344,1.1147,1.2795,1.4042,1.4421,1.46,1.5091,1.5998,1.7091,1.8048,1.8608,1.8739,1.8608,1.8379,1.8134,1.7896,1.7667,1.744,1.721,1.6972,1.6725,1.6472,1.6219,1.5977,1.5756,1.5567,1.5416,1.5305,1.82,1.8363,1.8575,1.8851,1.919,1.9514,1.9381,1.7075,0.923,0.5631,1.1649,1.3704,1.3663,1.3343,1.3881,1.5378,1.7279,1.8966,1.9716,1.954,1.9058,1.8607,1.8242,1.794,1.7672,1.7416,1.7157,1.6885,1.6597,1.6295,1.5991,1.57,1.5439,1.5222,1.5059,1.4952,1.8426,1.8674,1.9022,1.9528,2.0287,2.1441,2.3045,2.3641,1.6388,1.0525,1.3328,1.3811,1.2834,1.1357,1.2222,1.4885,1.8143,2.1444,2.2187,2.0805,1.9578,1.8814,1.8323,1.7965,1.7665,1.7384,1.7095,1.6784,1.6444,1.6077,1.57,1.5339,1.5021,1.4771,1.46,1.4506,1.8595,1.8899,1.9332,1.9977,2.099,2.2664,2.5452,2.8779,2.5398,1.8435,1.5501,1.3679,1.2613,1.0738,1.1624,1.5178,1.9339,2.5271,2.5424,2.1749,1.9794,1.8855,1.8324,1.7952,1.7641,1.7344,1.7031,1.6676,1.6266,1.5806,1.5322,1.4857,1.446,1.4169,1.3999,1.394,1.8692,1.9011,1.9458,2.0103,2.1073,2.2557,2.4691,2.681,2.4957,1.9804,1.6439,1.3015,1.2045,1.314,1.4062,1.6783,1.9811,2.2943,2.3351,2.0903,1.9399,1.8676,1.8242,1.7903,1.7603,1.7308,1.6977,1.6573,1.607,1.5472,1.4821,1.4195,1.3682,1.3347,1.3202,1.3217,1.8717,1.9016,1.9414,1.9952,2.0678,2.1617,2.2623,2.3027,2.1703,1.9557,1.8163,1.6449,1.5077,1.4929,1.5723,1.9331,2.2393,2.0706,2.0139,1.9335,1.8771,1.8468,1.8151,1.784,1.7566,1.7295,1.6965,1.6509,1.5877,1.5066,1.4143,1.3254,1.2569,1.2197,1.2134,1.2298,1.8683,1.8939,1.9258,1.9651,2.0114,2.0592,2.0925,2.0823,2.0223,2.0016,2.1542,1.9177,1.7851,1.6524,1.7068,1.9332,2.1254,1.956,1.852,1.8353,1.8675,1.8545,1.8099,1.7767,1.7546,1.735,1.7058,1.655,1.5734,1.4585,1.3205,1.1869,1.0929,1.057,1.0716,1.1158,1.8608,1.8813,1.9052,1.9318,1.9589,1.9813,1.9906,1.9809,1.9667,2.0022,2.1255,1.9781,1.8963,1.8952,1.8069,1.8343,1.8453,1.7423,1.6596,1.7396,1.8602,1.8452,1.7917,1.7648,1.7578,1.7555,1.7365,1.6803,1.5726,1.4052,1.1899,0.9793,0.849,0.8302,0.8909,0.983,1.851,1.8669,1.884,1.9014,1.917,1.9277,1.9306,1.9264,1.9243,1.9371,1.948,1.9127,1.9157,1.9181,1.8592,1.8411,1.7549,1.5361,1.3475,1.5864,1.7326,1.7613,1.7487,1.7482,1.772,1.8026,1.8005,1.7366,1.5951,1.3548,1.0185,0.6813,0.5075,0.5422,0.6867,0.8477,1.8404,1.8523,1.8644,1.8758,1.885,1.8905,1.8916,1.8895,1.8875,1.8873,1.8833,1.8723,1.8692,1.8734,1.9253,1.9502,1.7791,1.5686,1.4626,1.6311,1.68,1.691,1.696,1.7264,1.7946,1.8687,1.8811,1.811,1.6428,1.3289,0.8479,0.3484,0.1409,0.268,0.5152,0.7446,1.8297,1.8386,1.8471,1.8546,1.8602,1.8632,1.8634,1.8616,1.8588,1.8554,1.8504,1.8449,1.8438,1.8572,1.9068,1.9154,1.7906,1.6853,1.7239,1.7677,1.6774,1.6234,1.6166,1.6791,1.7965,1.8922,1.9076,1.8812,1.7137,1.3626,0.8071,0.2255,0.0061,0.1764,0.4626,0.7143,1.8196,1.8261,1.8321,1.8371,1.8405,1.842,1.8417,1.8397,1.8366,1.8327,1.8281,1.8239,1.8227,1.8278,1.837,1.8209,1.7624,1.7092,1.7074,1.7005,1.5996,1.4717,1.4405,1.5628,1.7628,1.9527,2.1138,2.0496,1.8152,1.4599,0.9662,0.4735,0.2572,0.3504,0.5639,0.771,1.81,1.8149,1.8191,1.8223,1.8244,1.8249,1.8241,1.8219,1.8187,1.8147,1.8102,1.8056,1.8018,1.7984,1.7912,1.7706,1.7338,1.6931,1.6556,1.5883,1.4191,1.1527,1.0835,1.3465,1.6837,2.0054,2.2537,2.1462,1.873,1.5555,1.1872,0.8421,0.6523,0.6508,0.7561,0.8876,1.8012,1.8047,1.8077,1.8097,1.8108,1.8107,1.8094,1.807,1.8037,1.7995,1.7946,1.7891,1.7828,1.7745,1.7615,1.7401,1.7085,1.667,1.6083,1.5002,1.2757,0.9285,0.838,1.1828,1.5694,1.8694,2.038,1.998,1.8231,1.5965,1.347,1.1184,0.9696,0.9238,0.9546,1.0215,1.7931,1.7956,1.7976,1.7988,1.7991,1.7984,1.7968,1.7942,1.7907,1.7862,1.7808,1.7743,1.7662,1.7555,1.7403,1.7186,1.6881,1.6454,1.5813,1.4743,1.2965,1.0835,1.0385,1.245,1.5104,1.7173,1.828,1.8262,1.736,1.5962,1.4365,1.2867,1.177,1.1227,1.1175,1.1438]},{"header":{"la1":42.85,"la2":41.18,"lo1":11.55,"lo2":14.05,"nx":36,"ny":24,"dx":0.07143,"dy":0.07261,"parameterCategory":2,"parameterNumber":3,"parameterNumberName":"northward_wind","parameterUnit":"m.s-1"},"data":[0.6097,0.585,0.5577,0.5286,0.4991,0.4713,0.4483,0.4332,0.4277,0.4311,0.4403,0.451,0.4596,0.4642,0.4659,0.4683,0.4757,0.4904,0.5111,0.5353,0.5605,0.5853,0.6092,0.632,0.6538,0.6746,0.6945,0.7135,0.7316,0.7488,0.7651,0.7805,0.7949,0.8084,0.8208,0.8323,0.6067,0.5778,0.5448,0.5079,0.4686,0.4299,0.3969,0.3756,0.3701,0.3799,0.3989,0.4187,0.4327,0.4374,0.4346,0.4313,0.437,0.4556,0.4836,0.5149,0.5458,0.5749,0.602,0.6273,0.6511,0.6737,0.6952,0.7156,0.735,0.7534,0.7708,0.7871,0.8024,0.8165,0.8295,0.8414,0.6068,0.5737,0.534,0.4873,0.4342,0.3782,0.3271,0.2932,0.287,0.309,0.3465,0.3831,0.4066,0.4119,0.4007,0.3856,0.3876,0.4144,0.4544,0.4955,0.5329,0.5663,0.5963,0.624,0.6497,0.6741,0.6971,0.719,0.7397,0.7594,0.7779,0.7952,0.8113,0.8261,0.8397,0.852,0.6114,0.5745,0.5282,0.4701,0.3986,0.3154,0.2311,0.1693,0.159,0.2054,0.2789,0.3447,0.3842,0.3921,0.3694,0.3349,0.3317,0.3734,0.4299,0.4811,0.5239,0.5605,0.5928,0.6223,0.6498,0.6758,0.7004,0.7237,0.7459,0.7669,0.7866,0.8049,0.8219,0.8375,0.8516,0.8643,0.622,0.583,0.5314,0.4623,0.3694,0.2477,0.1036,-0.0216,-0.0484,0.0506,0.1948,0.3072,0.3688,0.3838,0.3564,0.3074,0.3008,0.3553,0.4213,0.4762,0.5204,0.558,0.5914,0.6223,0.6514,0.6789,0.7051,0.7301,0.7538,0.7761,0.7971,0.8166,0.8345,0.8508,0.8655,0.8785,0.64,0.6014,0.5482,0.4727,0.3623,0.1985,-0.0344,-0.292,-0.3713,-0.1563,0.113,0.2831,0.3645,0.3888,0.3736,0.3398,0.3363,0.3793,0.4333,0.4808,0.5215,0.5579,0.5917,0.6237,0.6543,0.6835,0.7115,0.7381,0.7634,0.7873,0.8097,0.8304,0.8494,0.8665,0.8817,0.8949,0.6659,0.6315,0.5825,0.5101,0.3978,0.2156,-0.0841,-0.4997,-0.67,-0.2877,0.0997,0.2946,0.3747,0.4001,0.3993,0.3904,0.3936,0.4175,0.4516,0.4877,0.5232,0.5582,0.5925,0.626,0.6584,0.6896,0.7195,0.748,0.7752,0.8008,0.8248,0.8469,0.867,0.8849,0.9006,0.9141,0.6991,0.6726,0.6345,0.5771,0.4862,0.3364,0.0881,-0.256,-0.3882,-0.0737,0.2159,0.3485,0.3948,0.4055,0.4062,0.408,0.4162,0.433,0.4573,0.4872,0.5207,0.5564,0.5927,0.6286,0.6634,0.697,0.7292,0.76,0.7893,0.8169,0.8427,0.8664,0.8878,0.9067,0.9228,0.9363,0.7376,0.722,0.6998,0.6665,0.6141,0.5304,0.4051,0.2667,0.2242,0.3041,0.3831,0.4131,0.4065,0.3901,0.3831,0.3889,0.402,0.4194,0.4425,0.4733,0.5104,0.5507,0.5915,0.6313,0.6695,0.7061,0.7409,0.7743,0.806,0.836,0.864,0.8897,0.9126,0.9324,0.949,0.9624,0.7785,0.7751,0.771,0.7652,0.7553,0.7355,0.6946,0.6223,0.5365,0.4956,0.4889,0.4505,0.3862,0.3337,0.321,0.339,0.3615,0.3797,0.4038,0.4422,0.4905,0.5409,0.5893,0.6346,0.6769,0.7169,0.7548,0.791,0.8256,0.8585,0.8893,0.9174,0.9422,0.9632,0.9801,0.993,0.8184,0.8266,0.8395,0.8596,0.8894,0.9274,0.9512,0.8732,0.5706,0.4388,0.5309,0.4546,0.3165,0.2064,0.2049,0.2655,0.3041,0.3096,0.3297,0.3888,0.4617,0.5291,0.5875,0.6392,0.6861,0.7298,0.771,0.8105,0.8485,0.8851,0.9195,0.9508,0.9781,1.0004,1.0174,1.0293,0.8544,0.8718,0.8981,0.9383,1.0003,1.0944,1.2219,1.2864,0.9252,0.6223,0.6016,0.4455,0.2147,-0.032,0.0324,0.1954,0.2428,0.1796,0.1865,0.3119,0.4322,0.5204,0.5883,0.6458,0.6973,0.7447,0.7894,0.8326,0.8749,0.9162,0.9556,0.9915,1.022,1.0459,1.0626,1.0726,0.8844,0.9077,0.9417,0.9923,1.0701,1.1926,1.3829,1.5945,1.3937,0.9606,0.6861,0.4344,0.2295,-0.1081,-0.0275,0.1954,0.2042,-0.0093,-0.002,0.2595,0.4244,0.5202,0.5913,0.6537,0.7101,0.7614,0.8095,0.8567,0.9044,0.9525,0.9993,1.0419,1.0771,1.1028,1.1183,1.1247,0.9075,0.9332,0.9689,1.0195,1.0925,1.1982,1.3411,1.4757,1.3674,1.0527,0.7899,0.4105,0.2685,0.1469,0.2589,0.2549,0.1817,0.1129,0.1376,0.3316,0.4476,0.516,0.5872,0.6597,0.7239,0.779,0.8297,0.8811,0.936,0.9943,1.0527,1.1058,1.1479,1.1753,1.1878,1.1878,0.9242,0.9494,0.9826,1.0263,1.0831,1.1536,1.2275,1.2656,1.2126,1.1374,1.0969,0.9369,0.7001,0.7651,0.4982,0.1798,-0.1668,0.2118,0.3918,0.4525,0.4214,0.448,0.5578,0.6629,0.739,0.7952,0.8457,0.9014,0.9673,1.0419,1.1193,1.1896,1.2419,1.2701,1.2753,1.264,0.9357,0.9588,0.9875,1.0225,1.0637,1.108,1.1472,1.1709,1.1946,1.3108,1.6159,1.6024,1.2842,0.892,0.7131,0.3603,0.0658,0.4332,0.644,0.526,0.1766,0.2498,0.517,0.6776,0.7584,0.8033,0.8465,0.9083,0.9928,1.095,1.2045,1.3034,1.3707,1.3959,1.3855,1.354,0.9433,0.9638,0.988,1.0159,1.0466,1.0781,1.1086,1.142,1.2024,1.3469,1.5814,1.4952,1.4138,1.3771,1.0182,0.8124,0.7573,0.9676,1.1151,0.7847,0.1704,0.2675,0.5828,0.7329,0.7779,0.781,0.8054,0.8842,1.0057,1.1534,1.3153,1.4619,1.5496,1.5612,1.5189,1.4548,0.9484,0.9664,0.987,1.0098,1.0344,1.0603,1.0885,1.124,1.1781,1.2591,1.3315,1.3392,1.4154,1.4234,1.2388,1.1889,1.1792,1.4928,1.8129,1.3479,0.8746,0.7352,0.7942,0.8247,0.7739,0.6751,0.6676,0.8093,1.0049,1.2169,1.4537,1.674,1.7848,1.7604,1.6637,1.5546,0.9519,0.9678,0.9856,1.0049,1.0258,1.0484,1.0738,1.1046,1.1436,1.1881,1.2253,1.2502,1.2819,1.3109,1.4575,1.5355,1.3808,1.5775,1.7846,1.7019,1.3784,1.1199,1.0081,0.9218,0.7462,0.4466,0.3888,0.7205,1.0232,1.2842,1.5914,1.8966,2.0234,1.9422,1.7824,1.6306,0.9544,0.9686,0.9842,1.0011,1.0194,1.0392,1.0613,1.0864,1.1147,1.1442,1.1712,1.1963,1.2282,1.2921,1.437,1.4899,1.421,1.5725,1.9688,2.1334,1.6408,1.325,1.1698,1.0419,0.8341,0.4518,0.3717,0.8759,1.1387,1.3488,1.65,1.9788,2.1075,2.0028,1.8219,1.6577,0.9563,0.9691,0.983,0.998,1.0142,1.0316,1.0506,1.0713,1.0935,1.1164,1.1393,1.1642,1.1971,1.2485,1.3161,1.3558,1.3911,1.5283,1.7757,1.8426,1.5936,1.4071,1.3113,1.2049,1.1025,1.1346,1.4815,1.4587,1.3499,1.403,1.6008,1.8466,1.9615,1.9011,1.7651,1.629,0.9578,0.9694,0.982,0.9955,1.0099,1.0253,1.0419,1.0595,1.0782,1.0977,1.1184,1.1418,1.1709,1.2081,1.25,1.2902,1.3421,1.4294,1.5281,1.5493,1.4901,1.4818,1.4762,1.366,1.3133,1.5143,1.8724,1.7207,1.4824,1.4325,1.5202,1.658,1.7415,1.7286,1.6542,1.563,0.9589,0.9696,0.9811,0.9933,1.0064,1.0202,1.0349,1.0504,1.0669,1.0843,1.1032,1.1245,1.1495,1.1789,1.2118,1.2483,1.2927,1.3472,1.398,1.426,1.4557,1.543,1.5723,1.4485,1.3825,1.4796,1.6202,1.5853,1.4721,1.4243,1.454,1.52,1.5699,1.5749,1.5404,1.4861,0.9599,0.9698,0.9803,0.9915,1.0034,1.016,1.0292,1.0433,1.0581,1.074,1.0913,1.1106,1.1324,1.1572,1.1849,1.2162,1.2517,1.2906,1.3283,1.3644,1.4135,1.4806,1.495,1.4263,1.3782,1.4023,1.4484,1.4477,1.412,1.3902,1.4003,1.43,1.4563,1.4627,1.4467,1.4152]}]