docs/data/wind_grid.json
[{"header":{"la1":42.85,"la2":41.18,"lo1":11.55,"lo2":14.05,"nx":36,"ny":24,"dx":0.07143,"dy":0.07261,"parameterCategory":2,"parameterNumber":2,"parameterNumberName":"eastward_wind","parameterUnit":"m.s-1"},"data":[3.8834,3.8777,3.8697,3.8593,3.8463,3.8306,3.812,3.79,3.7641,3.7341,3.7003,3.6636,3.6249,3.5849,3.5443,3.5032,3.462,3.421,3.3808,3.3427,3.3096,3.2857,3.2748,3.2771,3.2889,3.3052,3.3217,3.3363,3.3481,3.3569,3.3633,3.3676,3.3704,3.3721,3.373,3.3736,3.904,3.8992,3.8918,3.8815,3.8685,3.8528,3.834,3.8114,3.7836,3.75,3.7111,3.6685,3.6237,3.5778,3.5314,3.4844,3.4368,3.3884,3.3393,3.29,3.2444,3.2112,3.2,3.2117,3.2374,3.2666,3.293,3.3141,3.3299,3.341,3.3486,3.3535,3.3565,3.3581,3.359,3.3594,3.9269,3.9234,3.9168,3.9068,3.8938,3.8784,3.8604,3.8385,3.8095,3.7714,3.7254,3.6746,3.6221,3.5693,3.5165,3.4631,3.4084,3.3518,3.2922,3.2273,3.1584,3.1039,3.092,3.1244,3.1762,3.2258,3.265,3.2935,3.313,3.326,3.3343,3.3392,3.342,3.3434,3.3439,3.3441,3.9524,3.9508,3.9453,3.9355,3.9222,3.9073,3.8921,3.8744,3.8462,3.8016,3.744,3.6814,3.6189,3.5581,3.4987,3.439,3.3769,3.3113,3.242,3.1596,3.0477,2.9394,2.9278,3.011,3.1107,3.1887,3.2419,3.2766,3.2986,3.3122,3.3202,3.3246,3.3267,3.3274,3.3274,3.3272,3.9808,3.9819,3.9781,3.9684,3.9538,3.9385,3.929,3.9242,3.9031,3.8462,3.767,3.6865,3.6115,3.542,3.4764,3.4116,3.3424,3.2655,3.1888,3.1049,2.9337,2.6937,2.6966,2.8935,3.0615,3.1665,3.2288,3.2656,3.2872,3.2995,3.3061,3.3092,3.3101,3.3098,3.309,3.3082,4.0118,4.0169,4.0161,4.0068,3.9889,3.9696,3.9666,3.9926,3.9961,3.908,3.7879,3.684,3.5958,3.5169,3.4456,3.3795,3.3075,3.2133,3.1152,3.0755,2.926,2.5526,2.5807,2.871,3.0655,3.1715,3.229,3.2607,3.278,3.2871,3.2911,3.2921,3.2913,3.2897,3.2879,3.2865,4.0447,4.0546,4.0582,4.0513,4.0294,3.9982,3.9887,4.0481,4.0941,3.9479,3.783,3.6648,3.567,3.4759,3.3957,3.3343,3.2787,3.1836,3.0319,3.04,3.088,2.915,2.8807,3.0196,3.1348,3.2025,3.2395,3.259,3.2688,3.2729,3.2736,3.272,3.2693,3.2661,3.2633,3.2613,4.0778,4.0917,4.0961,4.0923,4.0751,4.0289,3.9827,3.9896,3.9959,3.8612,3.7248,3.6255,3.5253,3.4099,3.3,3.2432,3.2408,3.2203,3.1501,3.194,3.3542,3.3377,3.2346,3.2088,3.2235,3.2398,3.2493,3.2537,3.255,3.2542,3.2516,3.2476,3.2428,3.238,3.234,3.2314,4.111,4.128,4.1176,4.093,4.1179,4.0733,3.9749,3.8718,3.7639,3.6647,3.6215,3.5798,3.4837,3.3152,3.0974,3.012,3.1359,3.2507,3.3085,3.421,3.6469,3.6024,3.4196,3.3243,3.2812,3.2579,3.2437,3.2358,3.2314,3.2278,3.2232,3.2171,3.2102,3.2036,3.1984,3.1955,4.1458,4.18,4.193,4.1906,4.2425,4.1544,3.9961,3.7745,3.4531,3.3138,3.48,3.5561,3.4752,3.2397,2.7212,2.4535,2.9654,3.2523,3.3738,3.4713,3.5908,3.5707,3.4528,3.3574,3.2865,3.2359,3.2068,3.1954,3.1926,3.1909,3.1864,3.1788,3.1697,3.1611,3.1547,3.1517,4.1767,4.2435,4.3602,4.5832,4.5409,4.2682,4.0779,3.8019,3.0195,2.6171,3.3699,3.5991,3.5305,3.3174,2.8005,2.4439,3.0234,3.3086,3.422,3.4766,3.5073,3.4925,3.4258,3.3294,3.2263,3.1488,3.1182,3.1221,3.1353,3.1426,3.1405,3.1313,3.119,3.1076,3.0999,3.0974,4.19,4.2671,4.3968,4.5766,4.5332,4.3183,4.2345,4.1604,3.6517,3.1797,3.612,3.7579,3.6354,3.4762,3.1994,3.1449,3.2679,3.4275,3.4971,3.5149,3.5153,3.4823,3.3984,3.2523,3.0695,2.9473,2.9488,3.01,3.062,3.0857,3.086,3.0725,3.0544,3.0387,3.0297,3.0291,4.1824,4.2434,4.3204,4.3844,4.3696,4.3376,4.4031,4.1685,4.5979,4.0604,3.9915,4.0752,3.8923,3.2913,3.0233,3.2148,3.317,3.5431,3.5722,3.5667,3.5631,3.5139,3.3872,3.1372,2.7687,2.555,2.6836,2.8767,2.9884,3.0276,3.0233,2.9984,2.9694,2.9472,2.9377,2.9418,4.1636,4.2061,4.2496,4.2823,4.3015,4.3494,4.5014,4.8751,4.7297,4.3101,4.228,4.4226,4.4481,3.9571,3.3881,2.7893,3.132,3.5148,3.5925,3.6341,3.6444,3.5877,3.4238,3.0721,2.4678,2.1276,2.4662,2.7978,2.944,2.976,2.9496,2.8999,2.8516,2.8209,2.8139,2.8286,4.1427,4.1739,4.2045,4.2328,4.2647,4.3183,4.4094,4.498,4.4577,4.3939,4.4255,4.419,4.2992,4.4377,3.5323,2.7256,3.9146,3.6833,3.7104,3.7591,3.7803,3.7213,3.5387,3.1958,2.6753,2.3782,2.6095,2.8562,2.9466,2.9292,2.8532,2.7579,2.6786,2.639,2.6434,2.6811,4.1237,4.1488,4.1741,4.2005,4.2315,4.272,4.3204,4.3616,4.3987,4.5223,4.8263,4.7457,4.5266,4.2342,3.8631,3.6839,3.9653,3.8788,3.9104,3.925,3.9453,3.8883,3.6866,3.4166,3.1213,2.9435,2.9564,3.0018,2.9753,2.8708,2.7104,2.5372,2.4099,2.3685,2.407,2.4921,4.1069,4.1283,4.1506,4.1746,4.2017,4.2335,4.2697,4.3124,4.3818,4.5325,4.775,4.6757,4.6321,4.6023,4.1716,3.994,4.0117,4.1576,4.2832,4.1285,3.9886,3.939,3.775,3.5757,3.4014,3.2931,3.2287,3.1423,2.9987,2.7823,2.4908,2.1812,1.9791,1.9638,2.0879,2.2621,4.0917,4.1107,4.1306,4.1521,4.176,4.2034,4.2356,4.2771,4.3376,4.4246,4.5025,4.518,4.6259,4.6327,4.3766,4.2994,4.2767,4.6152,5.0573,4.4607,4.112,3.9623,3.8174,3.661,3.5497,3.5183,3.4594,3.2705,3.0084,2.6639,2.179,1.6243,1.3058,1.3958,1.7002,2.0162,4.0776,4.0946,4.1125,4.1318,4.1531,4.1772,4.2055,4.2402,4.2836,4.3324,4.3733,4.4017,4.4358,4.4526,4.5996,4.6909,4.4366,4.6053,4.8218,4.458,4.214,4.0234,3.859,3.7034,3.6244,3.7516,3.7717,3.3749,2.9871,2.5476,1.8505,0.933,0.4656,0.7852,1.3491,1.8202,4.0641,4.0794,4.0956,4.1128,4.1317,4.1526,4.1764,4.2038,4.2343,4.2654,4.2927,4.3158,4.3416,4.3963,4.5547,4.6073,4.4241,4.4041,4.3996,4.3782,4.2452,4.0796,3.9172,3.727,3.5864,3.7415,3.7881,3.1995,2.8702,2.4901,1.7549,0.659,0.1155,0.5647,1.2381,1.7612,4.051,4.0648,4.0792,4.0945,4.111,4.1289,4.1485,4.1697,4.1919,4.2137,4.2337,4.2527,4.2759,4.3151,4.37,4.3777,4.3266,4.3064,4.3201,4.3107,4.238,4.1799,4.0698,3.7996,3.4407,3.0467,2.4674,2.5277,2.6773,2.5228,2.0188,1.2237,0.7646,0.9881,1.4559,1.8701,4.0382,4.0505,4.0633,4.0767,4.0909,4.106,4.1219,4.1384,4.1551,4.1711,4.1862,4.2009,4.2175,4.2377,4.2555,4.2558,4.2402,4.2311,4.2345,4.2402,4.2893,4.4655,4.4832,4.0291,3.4074,2.6611,1.8904,2.2309,2.6332,2.6327,2.3781,1.9444,1.6276,1.6307,1.8366,2.0845,4.0254,4.0364,4.0477,4.0593,4.0715,4.084,4.0968,4.1097,4.1224,4.1343,4.1454,4.1558,4.166,4.1754,4.1811,4.1795,4.1726,4.1686,4.1752,4.2123,4.358,4.7192,4.8373,4.2401,3.5297,2.9058,2.5151,2.6114,2.7717,2.7538,2.6197,2.3898,2.1915,2.1291,2.1921,2.317,4.0128,4.0225,4.0323,4.0424,4.0526,4.0629,4.0732,4.0832,4.0927,4.1015,4.1092,4.1159,4.1213,4.125,4.1256,4.1225,4.1176,4.1155,4.1251,4.1672,4.2869,4.4902,4.5079,4.1197,3.6035,3.1633,2.8904,2.8062,2.7968,2.7898,2.7329,2.6192,2.5069,2.4501,2.4608,2.5194]},{"header":{"la1":42.85,"la2":41.18,"lo1":11.55,"lo2":14.05,"nx":36,"ny":24,"dx":0.07143,"dy":0.07261,"parameterCategory":2,"parameterNumber":3,"parameterNumberName":"northward_wind","parameterUnit":"m.s-1"},"data":[0.5275,0.5344,0.5414,0.548,0.5536,0.5576,0.5588,0.5561,0.5483,0.5347,0.5152,0.4898,0.459,0.423,0.382,0.3366,0.2879,0.2373,0.1868,0.1392,0.0985,0.0698,0.0571,0.0608,0.0774,0.1017,0.1295,0.1578,0.1852,0.211,0.2349,0.2571,0.2774,0.2961,0.3132,0.3288,0.5345,0.5434,0.5527,0.562,0.571,0.5786,0.5835,0.5837,0.5773,0.5632,0.5416,0.5129,0.4777,0.4361,0.3882,0.3341,0.2749,0.2122,0.1481,0.0853,0.0291,-0.0108,-0.0248,-0.0122,0.0185,0.0571,0.0967,0.1342,0.1686,0.1996,0.2276,0.2529,0.2757,0.2964,0.3151,0.3319,0.5408,0.5517,0.5636,0.5761,0.5892,0.602,0.6126,0.6177,0.6137,0.599,0.5743,0.5414,0.5014,0.4541,0.3985,0.3343,0.2623,0.1848,0.104,0.0203,-0.0624,-0.1247,-0.1402,-0.1079,-0.0514,0.009,0.0643,0.1126,0.1544,0.1908,0.2228,0.2511,0.2763,0.2989,0.3191,0.3371,0.5457,0.5589,0.5735,0.5895,0.6074,0.6273,0.6469,0.6606,0.6607,0.6441,0.6142,0.5759,0.531,0.4783,0.4152,0.3395,0.2516,0.1561,0.0577,-0.05,-0.1789,-0.2926,-0.3076,-0.229,-0.127,-0.0368,0.0364,0.0956,0.1446,0.1859,0.2214,0.2524,0.2798,0.304,0.3255,0.3446,0.5489,0.5647,0.5821,0.6011,0.6237,0.6524,0.6863,0.716,0.7234,0.7006,0.6608,0.6157,0.5671,0.5111,0.442,0.3539,0.2454,0.1257,0.0129,-0.1047,-0.2984,-0.5278,-0.5278,-0.3525,-0.1889,-0.069,0.019,0.0867,0.1409,0.1859,0.2243,0.2575,0.2867,0.3123,0.335,0.3548,0.5499,0.5694,0.5906,0.6114,0.6355,0.6723,0.7259,0.7845,0.8046,0.7651,0.7096,0.6589,0.6101,0.5558,0.4854,0.3867,0.252,0.0925,-0.0375,-0.1161,-0.3238,-0.6568,-0.6352,-0.3935,-0.205,-0.0758,0.0172,0.0882,0.1448,0.1919,0.232,0.2669,0.2974,0.3242,0.3477,0.3682,0.5474,0.5743,0.6049,0.6269,0.6423,0.6789,0.7487,0.8355,0.868,0.812,0.7524,0.7041,0.6614,0.6173,0.5562,0.4548,0.2947,0.0843,-0.0868,-0.1086,-0.251,-0.4347,-0.4454,-0.3098,-0.1683,-0.0556,0.0315,0.1004,0.1566,0.2041,0.245,0.2809,0.3125,0.3403,0.3644,0.3852,0.5374,0.5771,0.6382,0.6745,0.6505,0.6659,0.7407,0.8195,0.848,0.8315,0.7966,0.7551,0.7227,0.7018,0.6724,0.5851,0.4054,0.1666,-0.0322,-0.1459,-0.3536,-0.408,-0.3269,-0.221,-0.1134,-0.0195,0.0578,0.1215,0.1754,0.2221,0.2634,0.3,0.3325,0.3609,0.3855,0.4064,0.5101,0.5547,0.672,0.7834,0.6441,0.6235,0.7282,0.834,0.9034,0.9217,0.8759,0.817,0.7909,0.8111,0.8688,0.8329,0.5915,0.2991,0.0435,-0.2541,-0.6967,-0.6276,-0.3376,-0.1705,-0.0612,0.0228,0.0912,0.149,0.1997,0.2454,0.2869,0.3244,0.3578,0.3869,0.4118,0.4324,0.4593,0.4607,0.5047,0.5443,0.3997,0.5193,0.7355,0.932,1.1293,1.1837,1.0117,0.8815,0.8549,0.9192,1.1729,1.3136,0.7967,0.3876,0.1071,-0.1843,-0.5211,-0.4939,-0.2626,-0.1062,-0.0054,0.0685,0.128,0.1799,0.2278,0.2731,0.3156,0.3546,0.3893,0.4193,0.4442,0.4642,0.4033,0.3303,0.1483,-0.2707,-0.1808,0.3957,0.7823,1.045,1.4574,1.6681,1.1376,0.919,0.9144,0.986,1.1689,1.3289,0.7397,0.3304,0.1056,-0.0467,-0.1751,-0.1942,-0.1143,-0.0219,0.0548,0.1149,0.1644,0.2109,0.2579,0.3048,0.3501,0.3918,0.4286,0.4595,0.4843,0.503,0.3759,0.2806,0.0751,-0.2524,-0.1346,0.4668,0.9092,1.1516,1.2556,1.3691,1.0329,0.9065,0.9933,1.2262,1.0397,0.7584,0.4198,0.0633,-0.0705,-0.0486,-0.0539,-0.0518,-0.0136,0.0475,0.1088,0.1556,0.1945,0.2384,0.2886,0.341,0.3917,0.4381,0.4779,0.51,0.534,0.5503,0.3851,0.3221,0.2277,0.1601,0.2971,0.6352,0.9891,1.5105,0.9645,0.9278,0.8511,0.8993,0.9839,1.2892,1.0043,0.4666,0.1512,-0.3624,-0.3964,-0.1245,-0.0545,-0.027,0.0188,0.0859,0.149,0.1815,0.21,0.2597,0.3211,0.3841,0.4438,0.4971,0.5411,0.5742,0.5962,0.6082,0.4113,0.3858,0.3663,0.388,0.4946,0.6718,0.8381,0.8144,0.7785,0.7149,0.6867,0.9579,1.0516,0.7624,0.4937,0.0452,-0.0285,-0.1987,-0.2489,-0.1348,-0.1135,-0.0877,-0.0095,0.0927,0.1704,0.1845,0.2129,0.2829,0.3626,0.4401,0.5119,0.5745,0.624,0.6574,0.6749,0.6792,0.4356,0.4316,0.4395,0.4731,0.54,0.6265,0.6943,0.6974,0.6194,0.4692,0.3625,0.4534,0.5138,0.3367,0.254,-0.0768,-0.4492,-0.1632,-0.1139,-0.179,-0.3174,-0.2928,-0.1083,0.0667,0.17,0.1976,0.245,0.3317,0.4254,0.5168,0.6032,0.679,0.7356,0.7674,0.7753,0.766,0.4503,0.4545,0.4671,0.492,0.5276,0.5627,0.5763,0.5417,0.4289,0.1926,-0.2051,0.0114,0.1766,0.2831,0.1847,-0.0711,-0.3218,-0.1222,-0.0814,-0.3211,-0.8798,-0.7276,-0.2456,0.0379,0.1836,0.2579,0.3281,0.4165,0.5147,0.6187,0.7252,0.8223,0.89,0.9154,0.9036,0.8703,0.4557,0.4608,0.4702,0.4838,0.498,0.5044,0.4896,0.4368,0.3242,0.1185,-0.1648,-0.0146,0.0845,0.0828,0.1123,0.0312,-0.0142,0.0361,0.0408,-0.2459,-0.9562,-0.7677,-0.2267,0.0764,0.244,0.3462,0.4282,0.5173,0.6214,0.7431,0.883,1.0207,1.1079,1.1151,1.0632,0.9896,0.4544,0.4576,0.4621,0.4665,0.4674,0.4589,0.4333,0.3819,0.2981,0.1868,0.0975,0.0936,0.0691,0.0433,-0.0107,-0.0591,0.0379,0.1749,0.253,0.1087,-0.1734,-0.2066,-0.0055,0.1956,0.3423,0.4261,0.4924,0.6016,0.7317,0.88,1.0723,1.2874,1.4095,1.37,1.244,1.1117,0.4492,0.4498,0.4499,0.448,0.4414,0.4265,0.3992,0.3562,0.2981,0.2332,0.1793,0.1423,0.0966,-0.0006,-0.3182,-0.4542,-0.0265,0.2306,0.3445,0.455,0.2782,0.1642,0.2095,0.3329,0.4412,0.4151,0.4158,0.6616,0.8557,1.0166,1.2554,1.5799,1.7488,1.6242,1.4011,1.2091,0.4422,0.4405,0.4373,0.4315,0.4212,0.4043,0.3789,0.3441,0.3015,0.2557,0.2117,0.1677,0.1076,-0.0127,-0.263,-0.3319,0.0065,0.317,0.7508,0.9404,0.5144,0.3304,0.3327,0.4432,0.5666,0.475,0.4453,0.9021,1.0554,1.1439,1.3472,1.6956,1.8804,1.7159,1.4587,1.2494,0.4349,0.4313,0.426,0.4181,0.4063,0.3895,0.3669,0.3383,0.305,0.2689,0.2313,0.19,0.137,0.0608,-0.0244,-0.0183,0.1284,0.3396,0.5958,0.6721,0.4691,0.3269,0.3315,0.4903,0.7648,1.1368,1.714,1.6088,1.3327,1.2579,1.3323,1.5338,1.6639,1.5746,1.3929,1.2243,0.4279,0.4231,0.4167,0.4078,0.3957,0.3799,0.3601,0.3362,0.3092,0.2798,0.2487,0.215,0.1773,0.1377,0.1119,0.1304,0.205,0.313,0.412,0.4255,0.3191,0.1574,0.1352,0.4055,0.8569,1.5323,2.3072,1.9381,1.4728,1.346,1.3092,1.3533,1.4021,1.3688,1.2716,1.1597,0.4218,0.4163,0.4092,0.4001,0.3885,0.3741,0.3568,0.3368,0.3146,0.2908,0.2659,0.2405,0.2158,0.1957,0.1886,0.2048,0.2458,0.2988,0.3377,0.3263,0.224,0.0087,-0.0571,0.2943,0.7827,1.3025,1.6653,1.5727,1.4698,1.4176,1.3139,1.2631,1.2478,1.2182,1.1604,1.0875,0.4166,0.4109,0.4037,0.3948,0.384,0.3711,0.3561,0.3393,0.3211,0.302,0.2828,0.2643,0.2484,0.2378,0.2369,0.2489,0.2728,0.3006,0.318,0.3055,0.2408,0.1306,0.1257,0.3626,0.7136,1.0555,1.2902,1.3914,1.4627,1.4162,1.2949,1.209,1.1603,1.1212,1.0758,1.023]}]