docs/data/wind_grid.json
{"header": {"la1":42.1,"la2":41.55,"lo1":12.1,"lo2":12.95,"nx":50,"ny":50,"dx":0.01735,"dy":0.01122,"parameterCategory":2,"parameterNumber":2,"parameterNumberName":"eastward_wind","parameterUnit":"m.s-1"}, "data":
[rows 0 to 45 of 50, columns 0 to 49 of 50]
1.2558,1.2493,1.2423,1.2351,1.2275,1.2196,1.2116,1.2034,1.1952,1.1871,1.1794,1.1722,1.1659,1.1607,1.1571,1.1555,1.1564,1.1604,1.168,1.1799,1.1969,1.2196,1.2487,1.2849,1.3288,1.3809,1.4415,1.5108,1.5889,1.6754,1.7697,1.8711,1.9779,2.0882,2.1992,2.3077,2.4098,2.5018,2.5802,2.6423,2.6868,2.7136,2.7241,2.7202,2.7045,2.6797,2.6483,2.6125,2.5741,2.5345
1.2535,1.2466,1.2393,1.2315,1.2234,1.2149,1.2061,1.1971,1.1879,1.1788,1.1699,1.1614,1.1537,1.1471,1.1419,1.1388,1.1381,1.1406,1.1468,1.1575,1.1735,1.1955,1.2244,1.2609,1.3056,1.3592,1.422,1.4944,1.5763,1.6676,1.7678,1.8759,1.9904,2.1094,2.2297,2.3476,2.4588,2.5588,2.6433,2.7092,2.7551,2.7809,2.7883,2.7799,2.7589,2.7284,2.6913,2.6501,2.6068,2.5627
1.2515,1.2443,1.2366,1.2284,1.2197,1.2106,1.201,1.1911,1.1809,1.1707,1.1605,1.1507,1.1415,1.1333,1.1266,1.1217,1.1193,1.1201,1.1247,1.134,1.1488,1.17,1.1985,1.2351,1.2806,1.3356,1.4007,1.4761,1.562,1.6582,1.7642,1.8794,2.0021,2.1302,2.2605,2.3888,2.5101,2.6189,2.7102,2.7804,2.8274,2.8518,2.8554,2.8418,2.8146,2.7777,2.7344,2.6874,2.6388,2.5901
1.2499,1.2423,1.2343,1.2256,1.2164,1.2066,1.1963,1.1855,1.1744,1.163,1.1515,1.1403,1.1295,1.1196,1.111,1.1043,1.1001,1.099,1.1018,1.1095,1.1229,1.1431,1.171,1.2077,1.2538,1.3102,1.3775,1.4559,1.5458,1.6469,1.759,1.8813,2.0124,2.1502,2.2912,2.4309,2.5632,2.6819,2.7808,2.8554,2.9035,2.9258,2.925,2.9052,2.871,2.827,2.7769,2.7237,2.6697,2.6163
1.2486,1.2408,1.2324,1.2234,1.2136,1.2032,1.1922,1.1805,1.1683,1.1557,1.1429,1.1301,1.1177,1.106,1.0955,1.0867,1.0804,1.0773,1.0781,1.084,1.0958,1.1148,1.142,1.1784,1.2251,1.2829,1.3523,1.4338,1.5276,1.6336,1.7517,1.8812,2.021,2.1688,2.3211,2.473,2.6175,2.7471,2.8543,2.9337,2.9828,3.0024,2.9962,2.9693,2.9274,2.8757,2.8183,2.7587,2.699,2.6408
1.2478,1.2398,1.2311,1.2216,1.2114,1.2004,1.1886,1.176,1.1627,1.1489,1.1347,1.1203,1.1061,1.0925,1.0799,1.069,1.0605,1.055,1.0537,1.0575,1.0675,1.0851,1.1113,1.1475,1.1947,1.2537,1.3252,1.4097,1.5074,1.6183,1.7423,1.8789,2.0272,2.1851,2.3493,2.5141,2.6719,2.8135,2.9299,3.0145,3.0644,3.0807,3.0682,3.0333,2.9828,2.9227,2.8578,2.7915,2.7261,2.6632
1.2474,1.2392,1.2302,1.2204,1.2098,1.1982,1.1856,1.1722,1.1578,1.1427,1.1271,1.111,1.095,1.0793,1.0645,1.0513,1.0403,1.0324,1.0286,1.0301,1.0381,1.054,1.0792,1.1149,1.1624,1.2227,1.2963,1.3838,1.4853,1.6009,1.7305,1.8739,2.0304,2.1984,2.3745,2.5529,2.7249,2.8796,3.0063,3.0965,3.1468,3.1591,3.1394,3.0957,3.036,2.9672,2.8944,2.8214,2.7505,2.683
1.2475,1.2392,1.23,1.2199,1.2088,1.1967,1.1834,1.1691,1.1537,1.1373,1.1201,1.1024,1.0844,1.0665,1.0494,1.0336,1.02,1.0094,1.003,1.0019,1.0077,1.0217,1.0455,1.0807,1.1285,1.1899,1.2657,1.3561,1.4614,1.5814,1.7163,1.8659,2.0301,2.2076,2.3955,2.5877,2.7746,2.9435,3.0812,3.1774,3.2281,3.2357,3.2081,3.1548,3.0855,3.0077,2.9272,2.8477,2.7715,2.6997
1.2482,1.2397,1.2304,1.22,1.2086,1.1959,1.182,1.1668,1.1504,1.1327,1.114,1.0944,1.0744,1.0543,1.0346,1.0161,0.9997,0.9862,0.9769,0.9731,0.9763,0.9883,1.0106,1.0451,1.0931,1.1557,1.2335,1.3269,1.4358,1.56,1.6996,1.8547,2.0255,2.2116,2.4104,2.6162,2.8185,3.0024,3.152,3.2546,3.3055,3.308,3.2718,3.2086,3.1295,3.043,2.9551,2.8695,2.7884,2.7128
1.2494,1.2409,1.2315,1.2209,1.2092,1.1961,1.1816,1.1656,1.1481,1.1291,1.1088,1.0874,1.0652,1.0427,1.0204,0.9991,0.9796,0.963,0.9506,0.9438,0.9443,0.9539,0.9746,1.0082,1.0564,1.1201,1.2002,1.2965,1.4089,1.5369,1.6806,1.8401,2.0162,2.2092,2.4176,2.6361,2.8535,3.0528,3.2149,3.3244,3.3754,3.3726,3.3277,3.2547,3.1662,3.0715,2.9768,2.8859,2.8007,2.722
1.2511,1.2427,1.2333,1.2226,1.2107,1.1972,1.1821,1.1654,1.1468,1.1266,1.1047,1.0814,1.057,1.0319,1.0068,0.9825,0.9598,0.94,0.9243,0.9143,0.9119,0.919,0.9378,0.9705,1.0187,1.0837,1.166,1.2653,1.3811,1.5127,1.6596,1.8222,2.0018,2.1995,2.4153,2.6446,2.876,3.0905,3.2653,3.3821,3.4335,3.4256,3.3724,3.2904,3.1934,3.0917,2.9914,2.8962,2.8078,2.7266
1.2535,1.2452,1.2358,1.2252,1.2131,1.1994,1.1838,1.1664,1.1469,1.1254,1.1019,1.0766,1.0499,1.0222,0.9942,0.9667,0.9406,0.9173,0.8982,0.8849,0.8794,0.8838,0.9007,0.9323,0.9807,1.0469,1.1315,1.2339,1.3531,1.4877,1.637,1.8013,1.9821,2.1818,2.4018,2.639,2.8822,3.1107,3.298,3.4222,3.4746,3.4625,3.4024,3.3129,3.2093,3.1021,2.9978,2.8996,2.8091,2.7265
1.2564,1.2484,1.2392,1.2287,1.2166,1.2027,1.1868,1.1687,1.1483,1.1256,1.1005,1.0732,1.0442,1.0137,0.9827,0.9518,0.9223,0.8954,0.8727,0.8561,0.8474,0.8491,0.8639,0.8943,0.9427,1.0103,1.0973,1.2029,1.3254,1.4628,1.6137,1.7779,1.9575,2.1559,2.3761,2.617,2.8686,3.1086,3.3073,3.439,3.4934,3.4788,3.4141,3.3197,3.2119,3.1016,2.9951,2.8957,2.8044,2.7214
1.2601,1.2523,1.2434,1.2331,1.2212,1.2072,1.1911,1.1726,1.1513,1.1274,1.1007,1.0715,1.04,1.0067,0.9725,0.9381,0.905,0.8744,0.8483,0.8283,0.8167,0.8157,0.8282,0.8573,0.9057,0.9746,1.0642,1.1731,1.2989,1.4388,1.5904,1.753,1.9287,2.1219,2.3377,2.5773,2.8323,3.0801,3.2881,3.427,3.4849,3.4705,3.4045,3.3086,3.1998,3.0892,2.9829,2.8839,2.7933,2.7112
1.2643,1.257,1.2486,1.2386,1.2269,1.2131,1.1969,1.178,1.1561,1.131,1.1028,1.0715,1.0375,1.0014,0.9638,0.9259,0.889,0.8547,0.8252,0.8023,0.7881,0.7846,0.7949,0.8225,0.8705,0.9406,1.0327,1.1451,1.2744,1.4166,1.5682,1.7277,1.8969,2.0812,2.2875,2.5198,2.7721,3.0225,3.2367,3.3822,3.4454,3.4348,3.3717,3.2785,3.1725,3.0646,2.9609,2.8644,2.776,2.6958
1.2693,1.2625,1.2546,1.2452,1.234,1.2205,1.2044,1.1853,1.1628,1.1367,1.107,1.0737,1.0372,0.998,0.957,0.9154,0.8746,0.8366,0.804,0.7788,0.7629,0.7576,0.7656,0.791,0.8382,0.9091,1.0038,1.1198,1.2527,1.3973,1.5484,1.7034,1.8637,2.0354,2.2272,2.4461,2.689,2.9359,3.1521,3.3033,3.3737,3.3708,3.3153,3.2294,3.13,3.028,2.9295,2.8373,2.7526,2.6755
1.2748,1.2688,1.2616,1.2529,1.2423,1.2294,1.2136,1.1945,1.1717,1.1447,1.1135,1.0782,1.0391,0.9968,0.9523,0.9068,0.862,0.8203,0.7848,0.7583,0.7423,0.7366,0.7423,0.7645,0.8098,0.881,0.9781,1.0977,1.2346,1.3817,1.5322,1.6818,1.8312,1.987,2.1599,2.3595,2.5864,2.8236,3.0373,3.1926,3.2718,3.2802,3.2368,3.1624,3.0733,2.9802,2.8891,2.8031,2.7235,2.6506
1.2811,1.2759,1.2696,1.2618,1.2521,1.2399,1.2248,1.206,1.1829,1.1552,1.1226,1.0852,1.0435,0.9981,0.95,0.9005,0.8514,0.8059,0.7677,0.741,0.7275,0.7238,0.7269,0.744,0.7858,0.8567,0.9559,1.0795,1.2207,1.3708,1.5207,1.6644,1.8016,1.9392,2.0896,2.2653,2.4705,2.692,2.8988,3.0562,3.1451,3.1675,3.1397,3.0803,3.0046,2.9228,2.8411,2.7627,2.6894,2.6215
1.2879,1.2837,1.2785,1.2718,1.2633,1.2522,1.238,1.2197,1.1968,1.1685,1.1346,1.0952,1.0508,1.0021,0.9503,0.8966,0.8431,0.7932,0.752,0.7257,0.7175,0.7198,0.72,0.729,0.7658,0.836,0.9376,1.0655,1.2115,1.3651,1.5149,1.6527,1.7771,1.8952,2.0208,2.1696,2.3492,2.5505,2.7463,2.9034,3.0015,3.0392,3.0289,2.9867,2.9263,2.8575,2.7866,2.7171,2.6508,2.5888
1.2953,1.2922,1.2883,1.283,1.2759,1.2663,1.2534,1.2361,1.2136,1.185,1.1499,1.1083,1.061,1.009,0.9534,0.8955,0.8373,0.7822,0.7365,0.7089,0.707,0.7193,0.7162,0.715,0.7474,0.8182,0.923,1.0557,1.2073,1.3651,1.5155,1.648,1.7596,1.8578,1.9581,2.0787,2.2308,2.4093,2.5909,2.745,2.8505,2.9028,2.9103,2.8858,2.8416,2.7867,2.7274,2.6673,2.6089,2.5531
1.3033,1.3015,1.299,1.2954,1.29,1.2823,1.2711,1.2552,1.2336,1.2049,1.1687,1.1249,1.0744,1.0188,0.9595,0.8974,0.8341,0.7728,0.7198,0.6855,0.6818,0.7007,0.6967,0.6923,0.7269,0.8018,0.9117,1.0502,1.2078,1.3707,1.5226,1.6506,1.7504,1.8296,1.9054,1.9986,2.1233,2.2779,2.4431,2.5914,2.7015,2.766,2.7896,2.7821,2.7537,2.7127,2.665,2.6147,2.5643,2.5151
1.3117,1.3113,1.3105,1.3088,1.3056,1.3001,1.2912,1.2774,1.2571,1.2288,1.1915,1.1452,1.0911,1.0315,0.9683,0.9024,0.8342,0.7656,0.7019,0.6517,0.6259,0.6272,0.6328,0.6507,0.7014,0.7864,0.9036,1.0488,1.2129,1.3812,1.5355,1.6602,1.7496,1.8116,1.8652,1.9332,2.0323,2.1635,2.3111,2.4507,2.5618,2.6352,2.6721,2.6794,2.6655,2.6375,2.6012,2.5605,2.5181,2.4755
1.3204,1.3217,1.3227,1.3232,1.3225,1.3198,1.3138,1.3027,1.2846,1.2572,1.2189,1.1696,1.1111,1.0467,0.9795,0.9102,0.8379,0.762,0.6851,0.6116,0.5455,0.5039,0.5287,0.5933,0.6725,0.7726,0.899,1.0512,1.2218,1.3955,1.5526,1.6753,1.7563,1.8038,1.8383,1.8847,1.9608,2.07,2.1995,2.328,2.4366,2.5148,2.5615,2.581,2.5795,2.5633,2.5374,2.5058,2.471,2.435
1.3295,1.3324,1.3355,1.3384,1.3406,1.3412,1.3388,1.3314,1.3164,1.2906,1.2516,1.1986,1.1342,1.0636,0.9918,0.9202,0.8455,0.764,0.6743,0.5777,0.4761,0.4041,0.4406,0.5413,0.6474,0.763,0.8987,1.0574,1.2334,1.4117,1.5715,1.693,1.7677,1.804,1.8236,1.8524,1.909,1.9981,2.1096,2.2254,2.3283,2.4076,2.4605,2.489,2.4977,2.4915,2.4749,2.4515,2.4239,2.3941
1.3387,1.3434,1.3487,1.3543,1.3598,1.3642,1.3663,1.3636,1.3529,1.3299,1.2905,1.233,1.1604,1.081,1.0035,0.9305,0.8565,0.7729,0.6747,0.5628,0.4459,0.3705,0.4064,0.5148,0.6347,0.7611,0.9037,1.067,1.2463,1.4275,1.5889,1.7096,1.7803,1.8091,1.8181,1.8336,1.8744,1.9458,2.0401,2.1423,2.2371,2.3145,2.3703,2.4048,2.4212,2.4232,2.4146,2.3985,2.3774,2.3533
1.3479,1.3545,1.3621,1.3705,1.3796,1.3885,1.3958,1.3991,1.3943,1.3758,1.3371,1.274,1.1898,1.0972,1.0114,0.9381,0.8688,0.7889,0.6892,0.5728,0.4579,0.3916,0.4211,0.5194,0.6391,0.7691,0.9147,1.0794,1.2593,1.4405,1.6016,1.7214,1.7899,1.8147,1.8178,1.8244,1.8529,1.9093,1.9879,2.0764,2.1619,2.235,2.291,2.329,2.3509,2.3592,2.3572,2.3474,2.3321,2.3132
1.3569,1.3654,1.3753,1.3868,1.3997,1.4135,1.4269,1.4375,1.4408,1.4293,1.3932,1.3239,1.2232,1.1103,1.0115,0.9383,0.8786,0.8095,0.7167,0.6055,0.5014,0.4455,0.4673,0.5496,0.6605,0.7875,0.9314,1.0941,1.271,1.449,1.6073,1.7253,1.7929,1.8171,1.8183,1.8201,1.84,1.8843,1.949,2.0246,2.1003,2.1678,2.222,2.2615,2.2868,2.2999,2.3031,2.2986,2.2884,2.2741
1.3657,1.3759,1.3882,1.4028,1.4196,1.4386,1.4588,1.4781,1.4918,1.4908,1.4609,1.386,1.2629,1.1187,0.9991,0.9258,0.8808,0.8299,0.752,0.6536,0.5633,0.5158,0.5303,0.5969,0.6953,0.8146,0.953,1.11,1.2806,1.4519,1.6048,1.7198,1.7875,1.8136,1.8162,1.8169,1.8315,1.8665,1.9197,1.9838,2.05,2.1111,2.1624,2.2017,2.229,2.2454,2.2526,2.2524,2.2465,2.2363
1.3739,1.3859,1.4005,1.418,1.4387,1.463,1.4905,1.5195,1.5459,1.5597,1.5419,1.465,1.313,1.1221,0.9706,0.8969,0.8717,0.845,0.7882,0.7076,0.6319,0.5912,0.5998,0.6531,0.7386,0.8479,0.9778,1.1263,1.2876,1.4495,1.5946,1.7055,1.7735,1.803,1.8097,1.812,1.8242,1.8526,1.8966,1.9509,2.0084,2.0632,2.1107,2.1489,2.1769,2.1955,2.2057,2.209,2.2066,2.2
1.3816,1.3951,1.4117,1.4319,1.4564,1.4858,1.5204,1.5596,1.6004,1.6331,1.6354,1.5648,1.381,1.1241,0.927,0.8535,0.8523,0.8527,0.8198,0.7592,0.6985,0.6642,0.669,0.7119,0.7857,0.8843,1.0042,1.1422,1.2921,1.4427,1.5784,1.6842,1.7523,1.786,1.798,1.8038,1.8158,1.8402,1.8773,1.9235,1.9734,2.0222,2.0659,2.1021,2.1302,2.15,2.1623,2.1683,2.1689,2.1652
1.3884,1.4034,1.4217,1.4443,1.472,1.5058,1.547,1.5959,1.6511,1.7052,1.7349,1.684,1.4737,1.1351,0.8809,0.8085,0.8309,0.8558,0.8451,0.8043,0.7583,0.7307,0.7339,0.7692,0.8331,0.9214,1.0306,1.1571,1.2946,1.4329,1.5583,1.6583,1.7261,1.7639,1.7817,1.792,1.8054,1.8276,1.8598,1.8996,1.9433,1.9867,2.0265,2.0607,2.0881,2.1085,2.1223,2.1303,2.1332,2.1321
1.3944,1.4104,1.4302,1.4546,1.4848,1.5222,1.5686,1.6254,1.693,1.7667,1.8255,1.8053,1.5866,1.1719,0.8606,0.7857,0.8217,0.8612,0.8666,0.8423,0.8096,0.7891,0.7924,0.8226,0.8785,0.9573,1.056,1.1709,1.2957,1.4214,1.5364,1.6303,1.6972,1.7385,1.7618,1.7768,1.7925,1.814,1.8429,1.878,1.9166,1.9554,1.9917,2.0236,2.05,2.0706,2.0853,2.0948,2.0997,2.1007
1.3993,1.4161,1.4369,1.4625,1.4944,1.5342,1.5838,1.6456,1.721,1.8075,1.8867,1.8937,1.6872,1.242,0.8959,0.8061,0.8357,0.8754,0.8881,0.8752,0.8535,0.8396,0.844,0.871,0.9205,0.991,1.0798,1.1834,1.296,1.4095,1.5145,1.6021,1.6676,1.7115,1.7395,1.7591,1.7774,1.7992,1.8261,1.8578,1.8923,1.9272,1.9605,1.9903,2.0156,2.0359,2.0512,2.0618,2.0682,2.0709
1.4032,1.4204,1.4417,1.468,1.5006,1.5413,1.592,1.655,1.7321,1.8208,1.9033,1.9173,1.7318,1.322,0.9828,0.8689,0.874,0.9008,0.9123,0.9056,0.8917,0.8833,0.8894,0.9142,0.9587,1.0219,1.1017,1.1948,1.2959,1.3981,1.4936,1.5751,1.6387,1.6844,1.7161,1.7396,1.7607,1.7832,1.8091,1.8383,1.8697,1.9016,1.9321,1.96,1.9841,2.0041,2.0196,2.031,2.0386,2.0427
1.4059,1.4233,1.4446,1.4709,1.5033,1.5433,1.5929,1.6536,1.7263,1.8069,1.8763,1.8781,1.7139,1.3789,1.0829,0.9522,0.9277,0.9352,0.94,0.935,0.9259,0.9217,0.9293,0.9526,0.993,1.05,1.1217,1.2051,1.2958,1.3878,1.4745,1.5502,1.6115,1.658,1.6925,1.7193,1.7428,1.7663,1.7917,1.8193,1.8484,1.8778,1.9061,1.9322,1.9553,1.9747,1.9904,2.0023,2.0108,2.016
1.4076,1.4248,1.4457,1.4713,1.5026,1.5407,1.5871,1.6425,1.7062,1.7721,1.8202,1.8043,1.6621,1.4047,1.1647,1.0326,0.9855,0.9744,0.9703,0.9641,0.9575,0.956,0.9647,0.9869,1.0238,1.0753,1.1398,1.2146,1.296,1.3787,1.4576,1.5278,1.5865,1.6331,1.6694,1.6987,1.7243,1.7489,1.7742,1.8007,1.8281,1.8555,1.882,1.9066,1.9286,1.9476,1.9632,1.9755,1.9846,1.9909
1.4082,1.4249,1.4451,1.4694,1.4988,1.5341,1.5758,1.624,1.6764,1.7253,1.7523,1.7231,1.6032,1.4088,1.2204,1.0982,1.0388,1.0138,1.0015,0.9929,0.9871,0.9871,0.9964,1.0175,1.0514,1.0981,1.1562,1.2235,1.2965,1.3711,1.4429,1.508,1.564,1.6101,1.6475,1.6785,1.7057,1.7313,1.7567,1.7825,1.8086,1.8345,1.8595,1.8829,1.904,1.9224,1.9379,1.9504,1.9601,1.9671
1.4079,1.4238,1.4428,1.4656,1.4925,1.5241,1.5605,1.6006,1.6412,1.6745,1.6847,1.6487,1.5493,1.4017,1.2545,1.1471,1.084,1.0506,1.0321,1.0209,1.015,1.0157,1.0251,1.0451,1.0763,1.1188,1.1713,1.2318,1.2975,1.365,1.4305,1.4908,1.5439,1.5891,1.6269,1.6591,1.6874,1.7138,1.7393,1.7646,1.7898,1.8146,1.8384,1.8607,1.8809,1.8989,1.9142,1.9269,1.9369,1.9445
1.4067,1.4216,1.4393,1.4601,1.4842,1.5118,1.5425,1.5746,1.6045,1.6248,1.6235,1.5857,1.5037,1.3897,1.2738,1.1819,1.1205,1.0832,1.0608,1.0476,1.0412,1.0421,1.0513,1.0701,1.0989,1.1375,1.1851,1.2397,1.299,1.3601,1.42,1.476,1.5263,1.5701,1.6079,1.6406,1.6697,1.6966,1.7223,1.7473,1.7718,1.7956,1.8184,1.8398,1.8594,1.8769,1.892,1.9048,1.9151,1.9232
1.4047,1.4185,1.4347,1.4533,1.4745,1.498,1.5231,1.5479,1.5687,1.5792,1.5707,1.534,1.4661,1.3764,1.284,1.2061,1.1492,1.1113,1.0871,1.0726,1.0658,1.0665,1.0753,1.0929,1.1194,1.1547,1.1978,1.2473,1.301,1.3565,1.4114,1.4633,1.5109,1.5532,1.5905,1.6234,1.6529,1.6801,1.7058,1.7305,1.7545,1.7776,1.7996,1.8202,1.8392,1.8562,1.8712,1.884,1.8946,1.9031
1.4021,1.4147,1.4292,1.4456,1.4639,1.4835,1.5034,1.5218,1.5353,1.5388,1.5262,1.4919,1.4353,1.3634,1.2887,1.2228,1.1717,1.1351,1.1107,1.0957,1.0887,1.0892,1.0974,1.1138,1.1382,1.1705,1.2097,1.2546,1.3033,1.354,1.4043,1.4526,1.4975,1.5382,1.5747,1.6073,1.6369,1.6642,1.6899,1.7144,1.7378,1.7603,1.7817,1.8017,1.8202,1.8368,1.8516,1.8643,1.8751,1.884
1.399,1.4104,1.4232,1.4374,1.4528,1.4687,1.4842,1.4973,1.5051,1.5038,1.4891,1.4577,1.4102,1.3515,1.2903,1.2346,1.1893,1.1553,1.1316,1.1168,1.1098,1.1101,1.1178,1.1329,1.1555,1.185,1.2208,1.2616,1.3061,1.3523,1.3987,1.4436,1.4859,1.5249,1.5604,1.5926,1.622,1.6492,1.6747,1.6989,1.722,1.744,1.7648,1.7842,1.8022,1.8185,1.8331,1.8458,1.8568,1.8659
1.3956,1.4056,1.4168,1.4289,1.4416,1.4543,1.4659,1.4747,1.4783,1.4738,1.4582,1.4299,1.3896,1.341,1.2903,1.2431,1.2033,1.1723,1.1502,1.136,1.1292,1.1294,1.1366,1.1506,1.1714,1.1985,1.2312,1.2685,1.3091,1.3515,1.3943,1.4362,1.476,1.5132,1.5475,1.5791,1.6081,1.6351,1.6603,1.6842,1.7069,1.7284,1.7487,1.7677,1.7852,1.8013,1.8157,1.8284,1.8394,1.8487
1.3918,1.4006,1.4102,1.4204,1.4307,1.4406,1.4489,1.4543,1.4548,1.4482,1.4327,1.4072,1.3727,1.3321,1.2895,1.2493,1.2146,1.1869,1.1666,1.1534,1.147,1.1473,1.1539,1.167,1.1862,1.2111,1.241,1.2752,1.3124,1.3514,1.391,1.43,1.4675,1.503,1.536,1.5667,1.5952,1.6218,1.6467,1.6703,1.6925,1.7136,1.7334,1.752,1.7692,1.785,1.7992,1.8118,1.8229,1.8324
1.388,1.3955,1.4037,1.412,1.4202,1.4276,1.4333,1.4361,1.4344,1.4266,1.4115,1.3887,1.3589,1.3245,1.2886,1.2542,1.2241,1.1995,1.1812,1.1692,1.1634,1.1637,1.17,1.1821,1.1998,1.2228,1.2503,1.2817,1.3159,1.3518,1.3885,1.4249,1.4603,1.494,1.5258,1.5556,1.5834,1.6095,1.634,1.6571,1.6789,1.6996,1.719,1.7372,1.7541,1.7695,1.7836,1.7962,1.8072,1.8169
1.384,1.3905,1.3972,1.404,1.4104,1.4157,1.4193,1.42,1.4167,1.4083,1.394,1.3735,1.3477,1.3183,1.2877,1.2583,1.2321,1.2105,1.1942,1.1835,1.1783,1.1788,1.1848,1.1961,1.2125,1.2337,1.2591,1.288,1.3195,1.3527,1.3868,1.4208,1.4541,1.4862,1.5167,1.5454,1.5725,1.598,1.622,1.6447,1.6661,1.6863,1.7054,1.7232,1.7397,1.755,1.7688,1.7813,1.7924,1.8021
