docs/data/wind_grid.json
{"header": {"la1":42.1,"la2":41.55,"lo1":12.1,"lo2":12.95,"nx":50,"ny":50,"dx":0.01735,"dy":0.01122,"parameterCategory":2,"parameterNumber":2,"parameterNumberName":"eastward_wind","parameterUnit":"m.s-1"}, "data":
[rows 0 to 40 of 50, columns 0 to 49 of 50]
-0.3781,-0.3819,-0.3863,-0.3914,-0.3973,-0.404,-0.4114,-0.4197,-0.4287,-0.4385,-0.4489,-0.46,-0.4717,-0.4838,-0.4963,-0.509,-0.5221,-0.5354,-0.549,-0.5631,-0.5777,-0.5933,-0.6101,-0.6287,-0.6494,-0.6727,-0.6993,-0.7296,-0.764,-0.8029,-0.8464,-0.8944,-0.9465,-1.0018,-1.0588,-1.1158,-1.1704,-1.2203,-1.2632,-1.2973,-1.3215,-1.3355,-1.34,-1.336,-1.3251,-1.3086,-1.2882,-1.2652,-1.2407,-1.2155
-0.3715,-0.3751,-0.3795,-0.3846,-0.3904,-0.3971,-0.4047,-0.4131,-0.4223,-0.4324,-0.4432,-0.4546,-0.4667,-0.4792,-0.4921,-0.5052,-0.5185,-0.532,-0.5457,-0.5597,-0.5743,-0.5897,-0.6063,-0.6246,-0.6451,-0.6685,-0.6953,-0.7261,-0.7615,-0.8019,-0.8476,-0.8984,-0.9541,-1.0137,-1.0758,-1.1381,-1.198,-1.2528,-1.2995,-1.3362,-1.3614,-1.3751,-1.3779,-1.3713,-1.3572,-1.3373,-1.3135,-1.2873,-1.2597,-1.2318
-0.3647,-0.3681,-0.3724,-0.3774,-0.3832,-0.39,-0.3976,-0.4062,-0.4157,-0.426,-0.4372,-0.4491,-0.4616,-0.4745,-0.4879,-0.5014,-0.5151,-0.5288,-0.5426,-0.5565,-0.5709,-0.586,-0.6023,-0.6203,-0.6405,-0.6638,-0.6907,-0.722,-0.7582,-0.8,-0.8477,-0.9015,-0.961,-1.0252,-1.0927,-1.1609,-1.2269,-1.2871,-1.3382,-1.3776,-1.4039,-1.4169,-1.4176,-1.408,-1.3902,-1.3665,-1.3389,-1.3091,-1.2784,-1.2476
-0.3576,-0.3609,-0.365,-0.3699,-0.3757,-0.3825,-0.3902,-0.3989,-0.4087,-0.4194,-0.4309,-0.4433,-0.4563,-0.4698,-0.4837,-0.4977,-0.5117,-0.5257,-0.5396,-0.5535,-0.5677,-0.5825,-0.5984,-0.6159,-0.6357,-0.6587,-0.6855,-0.7171,-0.754,-0.7971,-0.8468,-0.9034,-0.9668,-1.0359,-1.1093,-1.184,-1.2567,-1.323,-1.379,-1.4215,-1.4488,-1.4608,-1.459,-1.4457,-1.4237,-1.3957,-1.364,-1.3304,-1.2963,-1.2627
-0.3502,-0.3533,-0.3572,-0.362,-0.3678,-0.3746,-0.3824,-0.3913,-0.4013,-0.4123,-0.4244,-0.4372,-0.4508,-0.465,-0.4794,-0.494,-0.5085,-0.5228,-0.5369,-0.5508,-0.5647,-0.5791,-0.5945,-0.6114,-0.6307,-0.6532,-0.6798,-0.7114,-0.7489,-0.793,-0.8446,-0.904,-0.9712,-1.0454,-1.125,-1.2069,-1.287,-1.3602,-1.4217,-1.4675,-1.4958,-1.5064,-1.5015,-1.484,-1.4573,-1.4246,-1.3884,-1.3508,-1.3133,-1.2767
-0.3425,-0.3454,-0.3491,-0.3538,-0.3595,-0.3662,-0.3741,-0.3832,-0.3935,-0.4049,-0.4174,-0.4309,-0.4452,-0.46,-0.4752,-0.4904,-0.5055,-0.5202,-0.5345,-0.5484,-0.5621,-0.576,-0.5907,-0.607,-0.6256,-0.6475,-0.6736,-0.7051,-0.7428,-0.7878,-0.8409,-0.9028,-0.9738,-1.0532,-1.1394,-1.229,-1.3172,-1.3982,-1.4658,-1.5153,-1.5444,-1.5534,-1.5448,-1.5225,-1.4905,-1.4526,-1.4117,-1.37,-1.3289,-1.2894
-0.3346,-0.3372,-0.3407,-0.3452,-0.3507,-0.3575,-0.3654,-0.3747,-0.3852,-0.397,-0.4101,-0.4242,-0.4392,-0.4549,-0.4709,-0.4869,-0.5027,-0.5179,-0.5325,-0.5464,-0.5598,-0.5732,-0.5872,-0.6026,-0.6204,-0.6415,-0.667,-0.698,-0.7357,-0.7812,-0.8356,-0.8998,-0.9742,-1.0587,-1.1516,-1.2494,-1.3466,-1.4361,-1.5105,-1.5641,-1.5939,-1.6007,-1.5878,-1.5601,-1.5224,-1.4791,-1.4333,-1.3874,-1.3429,-1.3005
-0.3264,-0.3287,-0.3319,-0.3361,-0.3415,-0.3482,-0.3562,-0.3656,-0.3764,-0.3887,-0.4023,-0.4171,-0.433,-0.4496,-0.4666,-0.4836,-0.5002,-0.516,-0.531,-0.5449,-0.5581,-0.5709,-0.5841,-0.5985,-0.6152,-0.6353,-0.66,-0.6903,-0.7277,-0.7733,-0.8285,-0.8944,-0.972,-1.0612,-1.1608,-1.2671,-1.3739,-1.4728,-1.5548,-1.6127,-1.6432,-1.6473,-1.6296,-1.596,-1.5522,-1.5033,-1.4526,-1.4026,-1.3547,-1.3097
-0.3178,-0.3198,-0.3227,-0.3266,-0.3318,-0.3384,-0.3463,-0.3558,-0.367,-0.3797,-0.3939,-0.4096,-0.4264,-0.444,-0.4621,-0.4802,-0.4979,-0.5145,-0.53,-0.544,-0.5569,-0.5691,-0.5813,-0.5947,-0.6102,-0.6291,-0.6527,-0.6821,-0.7188,-0.7641,-0.8195,-0.8866,-0.9665,-1.06,-1.1659,-1.2807,-1.3976,-1.5066,-1.5968,-1.6594,-1.6905,-1.6917,-1.6687,-1.6288,-1.5788,-1.5242,-1.4688,-1.415,-1.364,-1.3166
-0.309,-0.3105,-0.313,-0.3167,-0.3216,-0.3279,-0.3359,-0.3455,-0.3568,-0.37,-0.3849,-0.4014,-0.4193,-0.4381,-0.4576,-0.477,-0.4958,-0.5135,-0.5295,-0.5438,-0.5564,-0.5679,-0.5792,-0.5913,-0.6055,-0.623,-0.6453,-0.6735,-0.7091,-0.7536,-0.8086,-0.8759,-0.9574,-1.0541,-1.1656,-1.2887,-1.4157,-1.5353,-1.6343,-1.702,-1.7336,-1.7316,-1.7032,-1.6569,-1.6009,-1.541,-1.4813,-1.424,-1.3704,-1.321
-0.2998,-0.3009,-0.3029,-0.3062,-0.3108,-0.3169,-0.3247,-0.3344,-0.3459,-0.3595,-0.3751,-0.3925,-0.4116,-0.4318,-0.4527,-0.4737,-0.494,-0.5129,-0.5298,-0.5444,-0.5568,-0.5675,-0.5777,-0.5884,-0.6011,-0.6172,-0.6379,-0.6646,-0.6987,-0.7418,-0.7956,-0.8623,-0.9441,-1.0428,-1.1588,-1.2891,-1.426,-1.5563,-1.6645,-1.7375,-1.7698,-1.7647,-1.7309,-1.6788,-1.6172,-1.5527,-1.4893,-1.4292,-1.3735,-1.3226
-0.2903,-0.2908,-0.2924,-0.2952,-0.2994,-0.3052,-0.3128,-0.3224,-0.3342,-0.3482,-0.3645,-0.3829,-0.4031,-0.4249,-0.4475,-0.4703,-0.4923,-0.5127,-0.5307,-0.5457,-0.558,-0.568,-0.5769,-0.5862,-0.5973,-0.6117,-0.6307,-0.6556,-0.6878,-0.7289,-0.7807,-0.8456,-0.9262,-1.0253,-1.144,-1.2801,-1.4258,-1.5664,-1.6838,-1.7624,-1.7958,-1.788,-1.7496,-1.6924,-1.6263,-1.5582,-1.492,-1.43,-1.373,-1.3211
-0.2805,-0.2804,-0.2814,-0.2836,-0.2873,-0.2927,-0.3,-0.3095,-0.3214,-0.3358,-0.3528,-0.3722,-0.3938,-0.4172,-0.4418,-0.4667,-0.4908,-0.5129,-0.5322,-0.5479,-0.56,-0.5692,-0.5769,-0.5846,-0.5941,-0.6068,-0.6239,-0.6467,-0.6766,-0.715,-0.7639,-0.8257,-0.9036,-1.001,-1.1201,-1.2598,-1.4125,-1.5623,-1.6884,-1.7727,-1.8078,-1.7984,-1.7567,-1.696,-1.627,-1.5567,-1.489,-1.4261,-1.3685,-1.3165
-0.2704,-0.2696,-0.2699,-0.2715,-0.2746,-0.2794,-0.2864,-0.2957,-0.3076,-0.3223,-0.3399,-0.3603,-0.3834,-0.4086,-0.4354,-0.4626,-0.4891,-0.5135,-0.5344,-0.5509,-0.5629,-0.5713,-0.5776,-0.5838,-0.5916,-0.6025,-0.6176,-0.6381,-0.6652,-0.7004,-0.7454,-0.8028,-0.8762,-0.9696,-1.0864,-1.2268,-1.3837,-1.5407,-1.6745,-1.7645,-1.8022,-1.7929,-1.7501,-1.6882,-1.6183,-1.5475,-1.4798,-1.4171,-1.36,-1.3085
-0.2599,-0.2584,-0.258,-0.2588,-0.2611,-0.2653,-0.2717,-0.2807,-0.2925,-0.3074,-0.3256,-0.3471,-0.3716,-0.3988,-0.4279,-0.4579,-0.4871,-0.5141,-0.537,-0.5546,-0.5666,-0.574,-0.5789,-0.5836,-0.5899,-0.599,-0.612,-0.6299,-0.6539,-0.6851,-0.7253,-0.7771,-0.844,-0.931,-1.0426,-1.1801,-1.3379,-1.4991,-1.639,-1.7346,-1.7762,-1.7693,-1.7282,-1.6678,-1.5994,-1.5303,-1.4642,-1.4031,-1.3474,-1.2972
-0.2492,-0.2469,-0.2456,-0.2455,-0.2469,-0.2504,-0.2561,-0.2646,-0.2761,-0.2911,-0.3098,-0.3322,-0.3583,-0.3875,-0.4192,-0.4521,-0.4846,-0.5146,-0.5398,-0.5587,-0.5706,-0.5769,-0.5805,-0.584,-0.5889,-0.5963,-0.6071,-0.6222,-0.6427,-0.6695,-0.704,-0.7487,-0.8075,-0.8857,-0.9888,-1.1199,-1.2746,-1.4366,-1.5803,-1.6812,-1.7283,-1.7267,-1.6905,-1.6347,-1.5705,-1.5051,-1.4424,-1.3841,-1.3309,-1.2827
-0.2383,-0.235,-0.2327,-0.2316,-0.232,-0.2345,-0.2394,-0.2471,-0.2583,-0.2732,-0.2922,-0.3155,-0.343,-0.3744,-0.4088,-0.445,-0.4811,-0.5145,-0.5426,-0.5629,-0.5746,-0.5797,-0.582,-0.5847,-0.5887,-0.5946,-0.6031,-0.6152,-0.6318,-0.6535,-0.6815,-0.7181,-0.7671,-0.8342,-0.9262,-1.0474,-1.1951,-1.3542,-1.4993,-1.605,-1.6591,-1.6655,-1.6375,-1.5893,-1.532,-1.4724,-1.4146,-1.3604,-1.3106,-1.2652
-0.2271,-0.2228,-0.2194,-0.2171,-0.2164,-0.2177,-0.2215,-0.2284,-0.2389,-0.2535,-0.2727,-0.2967,-0.3256,-0.359,-0.3963,-0.436,-0.4762,-0.5136,-0.5449,-0.5668,-0.5781,-0.5814,-0.5828,-0.5856,-0.5894,-0.5938,-0.5999,-0.6088,-0.6211,-0.6374,-0.6582,-0.6856,-0.7235,-0.7779,-0.8565,-0.965,-1.1024,-1.2553,-1.3994,-1.5093,-1.5715,-1.5883,-1.5712,-1.5333,-1.485,-1.4331,-1.3816,-1.3325,-1.2869,-1.2449
-0.2158,-0.2103,-0.2057,-0.2021,-0.2,-0.2,-0.2025,-0.2082,-0.2178,-0.2319,-0.2511,-0.2756,-0.3057,-0.3411,-0.3811,-0.4246,-0.4692,-0.5113,-0.5464,-0.5704,-0.5808,-0.5817,-0.5828,-0.5871,-0.5911,-0.594,-0.5975,-0.6029,-0.6107,-0.6211,-0.6343,-0.6518,-0.6776,-0.7183,-0.7821,-0.8762,-1.0011,-1.1455,-1.2866,-1.3997,-1.4705,-1.4991,-1.4948,-1.469,-1.4313,-1.3883,-1.3442,-1.3011,-1.2603,-1.2223
-0.2043,-0.1976,-0.1917,-0.1866,-0.183,-0.1813,-0.1822,-0.1865,-0.1949,-0.2082,-0.2271,-0.252,-0.2831,-0.3202,-0.3629,-0.4102,-0.4596,-0.5071,-0.547,-0.5739,-0.5838,-0.5817,-0.5836,-0.5905,-0.5943,-0.5952,-0.5957,-0.5974,-0.6006,-0.6049,-0.61,-0.6172,-0.6306,-0.6572,-0.7061,-0.7854,-0.897,-1.0315,-1.1681,-1.2833,-1.3623,-1.403,-1.412,-1.3991,-1.3728,-1.3396,-1.3034,-1.2669,-1.2314,-1.1977
-0.1927,-0.1848,-0.1774,-0.1707,-0.1653,-0.1618,-0.1608,-0.1633,-0.1702,-0.1824,-0.2008,-0.2257,-0.2575,-0.2961,-0.3412,-0.3922,-0.4467,-0.5004,-0.5467,-0.5787,-0.591,-0.5881,-0.591,-0.5984,-0.5998,-0.5973,-0.5943,-0.5921,-0.5906,-0.5888,-0.5858,-0.5828,-0.584,-0.597,-0.6318,-0.6973,-0.7963,-0.9207,-1.0518,-1.1677,-1.2534,-1.305,-1.3268,-1.3266,-1.3118,-1.2884,-1.2605,-1.2307,-1.2007,-1.1715
-0.1812,-0.1719,-0.1629,-0.1545,-0.1472,-0.1415,-0.1383,-0.1386,-0.1436,-0.1544,-0.1719,-0.1967,-0.229,-0.2686,-0.3156,-0.3698,-0.4295,-0.4905,-0.5453,-0.5864,-0.6087,-0.6136,-0.6143,-0.6132,-0.6075,-0.6,-0.5929,-0.5869,-0.5808,-0.573,-0.5623,-0.5495,-0.5395,-0.5404,-0.563,-0.6167,-0.7045,-0.8194,-0.9442,-1.0591,-1.1495,-1.21,-1.2429,-1.2542,-1.2502,-1.2363,-1.2164,-1.1934,-1.169,-1.1444
-0.1698,-0.159,-0.1484,-0.138,-0.1285,-0.1205,-0.1148,-0.1125,-0.1151,-0.124,-0.1405,-0.165,-0.1976,-0.2379,-0.286,-0.3425,-0.4072,-0.4761,-0.5418,-0.5965,-0.6367,-0.6585,-0.6518,-0.633,-0.6163,-0.6026,-0.5913,-0.5815,-0.5712,-0.558,-0.5402,-0.5189,-0.4992,-0.4903,-0.5034,-0.5477,-0.6262,-0.7322,-0.8502,-0.9622,-1.0546,-1.1215,-1.1633,-1.1844,-1.1899,-1.1846,-1.1723,-1.1557,-1.1367,-1.1166
-0.1585,-0.1463,-0.1339,-0.1215,-0.1097,-0.0989,-0.0903,-0.085,-0.0847,-0.0913,-0.1064,-0.1307,-0.1637,-0.2044,-0.2526,-0.3102,-0.3786,-0.4557,-0.5338,-0.6043,-0.6628,-0.6971,-0.684,-0.6505,-0.6235,-0.6039,-0.5888,-0.5757,-0.5619,-0.5441,-0.5206,-0.4924,-0.4654,-0.4494,-0.4558,-0.4934,-0.5642,-0.6617,-0.7721,-0.8795,-0.9715,-1.0419,-1.09,-1.1188,-1.1322,-1.1345,-1.129,-1.1183,-1.1044,-1.0886
-0.1476,-0.1339,-0.1197,-0.1052,-0.0908,-0.0771,-0.0651,-0.0562,-0.0524,-0.0562,-0.0697,-0.0939,-0.1278,-0.169,-0.2165,-0.273,-0.3432,-0.4273,-0.5178,-0.6032,-0.6736,-0.7109,-0.6967,-0.6588,-0.6263,-0.6028,-0.585,-0.5696,-0.553,-0.532,-0.5044,-0.4717,-0.4401,-0.42,-0.4224,-0.4551,-0.5193,-0.6086,-0.7107,-0.8118,-0.901,-0.9723,-1.0243,-1.0586,-1.0783,-1.0869,-1.0872,-1.0818,-1.0726,-1.0608
-0.1371,-0.1219,-0.1058,-0.0891,-0.0721,-0.0552,-0.0395,-0.0265,-0.0184,-0.0186,-0.0301,-0.0547,-0.0907,-0.1333,-0.1793,-0.2323,-0.3009,-0.3895,-0.4904,-0.5876,-0.6642,-0.7009,-0.6898,-0.6555,-0.6231,-0.5985,-0.5795,-0.5629,-0.5449,-0.5221,-0.4924,-0.4576,-0.4244,-0.4028,-0.4033,-0.4325,-0.4906,-0.5715,-0.6646,-0.7583,-0.843,-0.9131,-0.9666,-1.0045,-1.0288,-1.0423,-1.0476,-1.0468,-1.0416,-1.0335
-0.1272,-0.1104,-0.0926,-0.0737,-0.0539,-0.0337,-0.0139,0.0039,0.017,0.0216,0.0127,-0.0128,-0.053,-0.0991,-0.1438,-0.1908,-0.2538,-0.3427,-0.4504,-0.5558,-0.6357,-0.6732,-0.6684,-0.6419,-0.6137,-0.5907,-0.5723,-0.5557,-0.5375,-0.5145,-0.4849,-0.4506,-0.4182,-0.3974,-0.3974,-0.4236,-0.4757,-0.5482,-0.6321,-0.7174,-0.7963,-0.8635,-0.9168,-0.9565,-0.984,-1.0012,-1.0104,-1.0134,-1.0119,-1.007
-0.1179,-0.0998,-0.0802,-0.0591,-0.0366,-0.0129,0.0112,0.0343,0.0535,0.0641,0.0591,0.0324,-0.0148,-0.0686,-0.1135,-0.1523,-0.2058,-0.2904,-0.4004,-0.5101,-0.5926,-0.6338,-0.6374,-0.6205,-0.599,-0.5797,-0.5634,-0.5481,-0.531,-0.5093,-0.4815,-0.4498,-0.4203,-0.4017,-0.402,-0.4255,-0.4718,-0.5359,-0.6104,-0.6872,-0.7594,-0.8226,-0.8744,-0.9145,-0.9438,-0.9637,-0.9759,-0.982,-0.9835,-0.9815
-0.1094,-0.09,-0.0688,-0.0456,-0.0205,0.0065,0.035,0.0637,0.09,0.1083,0.1095,0.0824,0.0244,-0.0434,-0.0919,-0.1216,-0.1624,-0.2387,-0.3462,-0.4566,-0.5414,-0.5879,-0.6009,-0.5942,-0.5805,-0.5663,-0.5532,-0.5403,-0.5253,-0.506,-0.4815,-0.4538,-0.4285,-0.4129,-0.4139,-0.435,-0.4756,-0.5317,-0.5972,-0.6654,-0.7308,-0.7893,-0.8386,-0.8781,-0.9081,-0.9297,-0.9441,-0.9527,-0.9567,-0.9571
-0.1018,-0.0812,-0.0586,-0.0336,-0.0061,0.024,0.0567,0.0912,0.125,0.1527,0.1631,0.1383,0.0669,-0.0237,-0.0812,-0.1023,-0.1295,-0.1949,-0.2955,-0.4028,-0.4884,-0.5403,-0.5623,-0.5654,-0.5597,-0.5512,-0.5421,-0.5323,-0.5202,-0.5041,-0.4837,-0.4609,-0.4403,-0.4282,-0.4301,-0.4489,-0.4842,-0.5329,-0.59,-0.6502,-0.7089,-0.7624,-0.8086,-0.8466,-0.8766,-0.8991,-0.915,-0.9255,-0.9315,-0.934
-0.0952,-0.0737,-0.0499,-0.0234,0.0061,0.039,0.0754,0.1151,0.1564,0.1944,0.2169,0.1993,0.115,-0.0067,-0.0799,-0.0947,-0.11,-0.1639,-0.2544,-0.3549,-0.439,-0.4949,-0.5245,-0.5362,-0.5379,-0.5352,-0.5306,-0.5242,-0.5154,-0.5031,-0.4872,-0.4694,-0.4536,-0.445,-0.4479,-0.4647,-0.4954,-0.5374,-0.587,-0.6398,-0.692,-0.7406,-0.7834,-0.8196,-0.8489,-0.8716,-0.8885,-0.9004,-0.908,-0.9121
-0.0897,-0.0675,-0.0427,-0.0151,0.016,0.0509,0.0902,0.134,0.1815,0.2288,0.2641,0.2582,0.1672,0.0135,-0.0799,-0.094,-0.1022,-0.1462,-0.2252,-0.3163,-0.3964,-0.4541,-0.4894,-0.5081,-0.5164,-0.5192,-0.5188,-0.5161,-0.5108,-0.5024,-0.4909,-0.4779,-0.4668,-0.4613,-0.4653,-0.4806,-0.5073,-0.5436,-0.5866,-0.6328,-0.6791,-0.7229,-0.7623,-0.7963,-0.8245,-0.8471,-0.8645,-0.8772,-0.886,-0.8915
-0.0854,-0.0626,-0.0373,-0.0089,0.0231,0.0594,0.1004,0.1467,0.1979,0.2511,0.2954,0.3001,0.2112,0.0405,-0.0704,-0.0924,-0.1011,-0.1387,-0.2068,-0.2875,-0.3619,-0.4193,-0.4582,-0.4821,-0.4959,-0.5035,-0.5073,-0.5081,-0.5063,-0.5015,-0.4942,-0.4857,-0.4787,-0.4762,-0.4812,-0.4954,-0.5188,-0.5503,-0.5876,-0.6281,-0.6691,-0.7085,-0.7445,-0.7762,-0.8031,-0.8252,-0.8427,-0.856,-0.8657,-0.8722
-0.0823,-0.0593,-0.0336,-0.0049,0.0274,0.064,0.1055,0.1523,0.2042,0.2582,0.3038,0.3113,0.2296,0.0675,-0.0494,-0.0853,-0.1015,-0.1368,-0.1961,-0.2671,-0.335,-0.3905,-0.4311,-0.4588,-0.4769,-0.4887,-0.4961,-0.5002,-0.5016,-0.5003,-0.4968,-0.4923,-0.4888,-0.489,-0.495,-0.5083,-0.5292,-0.5568,-0.5893,-0.6249,-0.6612,-0.6965,-0.7294,-0.7588,-0.7842,-0.8056,-0.8229,-0.8365,-0.8468,-0.8541
-0.0803,-0.0574,-0.0318,-0.0032,0.0288,0.0649,0.1056,0.1509,0.2003,0.2502,0.2897,0.2922,0.2195,0.0831,-0.0261,-0.0744,-0.1009,-0.1372,-0.1904,-0.2531,-0.3146,-0.3673,-0.4083,-0.4384,-0.4597,-0.4748,-0.4854,-0.4925,-0.4968,-0.4986,-0.4984,-0.4973,-0.497,-0.4994,-0.5065,-0.5192,-0.5381,-0.5624,-0.5911,-0.6224,-0.6547,-0.6865,-0.7164,-0.7436,-0.7675,-0.788,-0.8049,-0.8186,-0.8293,-0.8372
-0.0796,-0.0569,-0.0317,-0.0037,0.0275,0.0623,0.1009,0.1432,0.1878,0.2303,0.2599,0.2552,0.1924,0.0847,-0.0097,-0.0644,-0.0998,-0.1383,-0.1874,-0.2435,-0.2994,-0.349,-0.3894,-0.4208,-0.4444,-0.4621,-0.4753,-0.485,-0.4919,-0.4964,-0.4991,-0.501,-0.5033,-0.5077,-0.5156,-0.528,-0.5453,-0.5671,-0.5926,-0.6204,-0.6492,-0.6778,-0.7051,-0.7302,-0.7526,-0.7721,-0.7886,-0.8022,-0.8131,-0.8214
-0.08,-0.0578,-0.0332,-0.0062,0.0237,0.0565,0.0923,0.1304,0.1688,0.2028,0.2226,0.2124,0.1595,0.0759,-0.003,-0.0584,-0.0992,-0.1396,-0.1861,-0.2372,-0.2882,-0.3346,-0.374,-0.4058,-0.431,-0.4506,-0.4659,-0.4779,-0.487,-0.4938,-0.499,-0.5032,-0.5078,-0.5138,-0.5226,-0.5348,-0.551,-0.5708,-0.5936,-0.6185,-0.6444,-0.6703,-0.6951,-0.7183,-0.7393,-0.7578,-0.7738,-0.7871,-0.798,-0.8067
-0.0815,-0.0599,-0.0363,-0.0105,0.0176,0.048,0.0805,0.1139,0.1459,0.1719,0.1836,0.1705,0.1266,0.0611,-0.0044,-0.0572,-0.1002,-0.1415,-0.1859,-0.2331,-0.2801,-0.3235,-0.3615,-0.3933,-0.4193,-0.4403,-0.4573,-0.471,-0.482,-0.4908,-0.498,-0.5044,-0.5107,-0.5182,-0.5277,-0.5399,-0.5551,-0.5734,-0.5941,-0.6165,-0.64,-0.6634,-0.6862,-0.7077,-0.7273,-0.7448,-0.7602,-0.7732,-0.7841,-0.7929
-0.084,-0.0633,-0.0408,-0.0165,0.0097,0.0375,0.0663,0.095,0.121,0.1401,0.1461,0.1321,0.0955,0.0432,-0.0117,-0.0604,-0.1032,-0.1443,-0.1868,-0.2308,-0.2743,-0.3151,-0.3515,-0.3828,-0.4092,-0.4312,-0.4494,-0.4645,-0.4771,-0.4875,-0.4965,-0.5045,-0.5124,-0.521,-0.5311,-0.5434,-0.558,-0.5749,-0.5939,-0.6144,-0.6357,-0.6572,-0.6781,-0.698,-0.7164,-0.733,-0.7477,-0.7604,-0.7711,-0.78
-0.0874,-0.0676,-0.0464,-0.0237,0.0003,0.0253,0.0506,0.0748,0.0956,0.1093,0.1113,0.0974,0.0667,0.0239,-0.0226,-0.0669,-0.1081,-0.1481,-0.1887,-0.2299,-0.2704,-0.3088,-0.3436,-0.3742,-0.4007,-0.4232,-0.4423,-0.4585,-0.4723,-0.4841,-0.4944,-0.5038,-0.513,-0.5226,-0.5333,-0.5455,-0.5596,-0.5756,-0.5932,-0.6121,-0.6316,-0.6514,-0.6707,-0.6891,-0.7064,-0.7221,-0.7362,-0.7485,-0.7591,-0.768
-0.0916,-0.0729,-0.053,-0.032,-0.0102,0.0121,0.0341,0.0542,0.0706,0.0801,0.0796,0.0663,0.04,0.0043,-0.0357,-0.0758,-0.1147,-0.1529,-0.1914,-0.2301,-0.2681,-0.3042,-0.3375,-0.3673,-0.3934,-0.4162,-0.4359,-0.4529,-0.4676,-0.4805,-0.492,-0.5025,-0.5127,-0.5231,-0.5343,-0.5466,-0.5603,-0.5755,-0.592,-0.6095,-0.6276,-0.6458,-0.6638,-0.681,-0.6972,-0.7121,-0.7255,-0.7374,-0.7478,-0.7567
