docs/data/wind_grid.json
[{"header":{"la1":42.85,"la2":41.18,"lo1":11.55,"lo2":14.05,"nx":36,"ny":24,"dx":0.07143,"dy":0.07261,"parameterCategory":2,"parameterNumber":2,"parameterNumberName":"eastward_wind","parameterUnit":"m.s-1"},"data":[2.702,2.7152,2.7304,2.7467,2.7629,2.7763,2.7837,2.781,2.7658,2.7379,2.7001,2.6567,2.6124,2.5711,2.5351,2.5056,2.4823,2.464,2.4486,2.4342,2.4193,2.4036,2.3876,2.372,2.3575,2.3446,2.3337,2.3248,2.318,2.313,2.3097,2.308,2.3075,2.3081,2.3096,2.3117,2.7087,2.7256,2.7462,2.7703,2.7963,2.8212,2.8393,2.8435,2.8279,2.7916,2.7398,2.6809,2.6227,2.5706,2.5276,2.495,2.4722,2.4566,2.4444,2.4316,2.416,2.3978,2.3783,2.3594,2.3421,2.3272,2.315,2.3054,2.2984,2.2937,2.2911,2.2902,2.2907,2.2923,2.2948,2.298,2.7123,2.7329,2.7596,2.7934,2.8337,2.8772,2.9155,2.9345,2.9204,2.8699,2.7943,2.7105,2.6318,2.5652,2.5138,2.4791,2.4598,2.4516,2.4466,2.4371,2.4194,2.3956,2.37,2.3457,2.3244,2.3068,2.2929,2.2827,2.2757,2.2717,2.27,2.2703,2.2722,2.2751,2.2789,2.2833,2.711,2.7344,2.7672,2.8123,2.8718,2.9446,3.0206,3.0731,3.0662,2.9884,2.8685,2.7444,2.6364,2.5508,2.4897,2.4545,2.4447,2.4535,2.465,2.4607,2.4358,2.3995,2.3623,2.3297,2.3029,2.2819,2.2663,2.2556,2.2491,2.2461,2.246,2.2481,2.2517,2.2564,2.2618,2.2677,2.7029,2.7271,2.7641,2.8198,2.9016,3.0167,3.1612,3.2911,3.3086,3.1702,2.9636,2.7759,2.6297,2.5212,2.4486,2.4151,2.4247,2.4709,2.5196,2.5217,2.4734,2.4094,2.3529,2.3086,2.2752,2.2506,2.2335,2.2228,2.2174,2.2164,2.2186,2.2232,2.2292,2.2361,2.2435,2.2511,2.6861,2.7072,2.7439,2.8055,2.9062,3.0679,3.3158,3.6119,3.7034,3.4211,3.056,2.7873,2.6016,2.4678,2.3791,2.3471,2.3882,2.5066,2.638,2.641,2.5298,2.4162,2.334,2.2774,2.2377,2.2101,2.1921,2.1823,2.1793,2.1814,2.1873,2.1953,2.2046,2.2143,2.2241,2.2337,2.6592,2.6716,2.7001,2.7577,2.8631,3.048,3.3734,3.8708,4.0908,3.585,3.0643,2.7517,2.5443,2.3811,2.2618,2.2216,2.2961,2.504,2.7558,2.748,2.5505,2.3918,2.2932,2.2297,2.1862,2.1566,2.1388,2.1315,2.1328,2.1403,2.1515,2.1645,2.1779,2.1911,2.2037,2.2156,2.6226,2.618,2.6268,2.6668,2.7593,2.9231,3.1899,3.5754,3.7265,3.3133,2.9131,2.6662,2.466,2.2546,2.0576,1.9808,2.0842,2.3232,2.5786,2.5961,2.4397,2.307,2.2206,2.1605,2.116,2.0852,2.069,2.0668,2.0758,2.0918,2.111,2.1308,2.1496,2.1668,2.1825,2.1968,2.5796,2.5477,2.5185,2.5218,2.598,2.7391,2.8905,3.0002,2.9741,2.8191,2.6918,2.5808,2.4072,2.1007,1.6787,1.4954,1.7218,2.0052,2.2009,2.2657,2.2311,2.1744,2.1204,2.0685,2.0213,1.9876,1.9746,1.9825,2.0052,2.0351,2.0661,2.0949,2.1202,2.142,2.1609,2.1776,2.5389,2.4717,2.3787,2.3042,2.3747,2.5719,2.6958,2.6613,2.4688,2.3744,2.5041,2.5585,2.4444,2.038,1.0387,0.5327,1.3146,1.7311,1.8896,1.9774,2.0241,2.0328,2.0071,1.9539,1.892,1.8482,1.8416,1.8701,1.9182,1.9706,2.0184,2.0585,2.091,2.1173,2.1392,2.158,2.5156,2.421,2.2617,2.0643,2.1234,2.4816,2.6694,2.5939,2.1036,1.8504,2.3994,2.6352,2.6426,2.3956,1.3161,0.5414,1.3448,1.5368,1.5694,1.7022,1.8402,1.9076,1.8941,1.8129,1.7041,1.6337,1.6446,1.719,1.8141,1.9015,1.9714,2.0242,2.0634,2.0934,2.1174,2.1379,2.5221,2.4326,2.2841,2.1046,2.1786,2.5564,2.7996,2.8548,2.4939,2.2091,2.5751,2.8075,2.9192,3.0457,2.698,2.0204,1.6317,1.0526,0.9291,1.3596,1.6874,1.8196,1.7952,1.6369,1.4095,1.2776,1.3452,1.5238,1.7013,1.8373,1.9319,1.9956,2.0391,2.0703,2.095,2.1164,2.5553,2.4988,2.4261,2.382,2.4808,2.7106,2.9244,3.0802,2.9548,2.7598,2.8442,3.0284,3.0941,3.2177,3.0653,2.4675,1.6467,-0.0393,-0.0788,1.1069,1.6388,1.7994,1.7347,1.4391,0.9588,0.6985,0.9335,1.3169,1.61,1.7964,1.9089,1.9763,2.0181,2.0469,2.0703,2.0922,2.5993,2.5759,2.5597,2.577,2.6577,2.7878,2.9205,3.0159,2.9785,2.9114,2.9828,3.2137,3.2753,3.0811,2.915,2.5301,1.9707,0.8611,0.6581,1.3917,1.7668,1.8615,1.7526,1.3409,0.562,0.1326,0.6244,1.222,1.5955,1.8008,1.9096,1.9662,1.9973,2.019,2.0397,2.0625,2.6402,2.6374,2.6457,2.6757,2.7334,2.8095,2.8829,2.93,2.9422,2.9718,3.0358,3.0857,3.0589,2.9943,2.8627,2.5008,2.2941,2.0144,1.7982,1.8829,1.9466,1.9514,1.8623,1.5182,0.8632,0.4836,0.8773,1.3849,1.6984,1.8591,1.9313,1.9578,1.9674,1.978,1.9968,2.0235,2.6724,2.6799,2.6962,2.7253,2.7673,2.8167,2.8646,2.9054,2.9494,3.0284,3.1492,3.1091,3.0578,2.9763,2.8452,2.5749,2.3863,2.364,2.2893,2.1449,1.9115,1.9404,1.9956,1.8453,1.5555,1.3867,1.516,1.738,1.8874,1.9514,1.9564,1.9323,1.9099,1.9094,1.933,1.9714,2.6959,2.7077,2.7258,2.7515,2.7842,2.8212,2.8597,2.9004,2.9522,3.0312,3.1279,3.0918,3.0626,3.0475,2.9131,2.7716,2.6704,2.682,2.6796,2.3962,1.9278,1.9878,2.1437,2.1324,2.0651,2.0429,2.0748,2.0998,2.09,2.0414,1.9564,1.8587,1.7946,1.7931,1.8397,1.9047,2.7121,2.7254,2.7431,2.7657,2.7926,2.8229,2.8559,2.8926,2.9359,2.9858,3.0247,3.0315,3.0536,3.058,3.0226,2.9935,2.9077,2.9883,3.1364,2.8349,2.4809,2.357,2.3681,2.3747,2.4066,2.4869,2.5038,2.3996,2.2596,2.1029,1.9084,1.7019,1.5872,1.6157,1.7198,1.8311,2.7229,2.7362,2.7528,2.7727,2.7957,2.8213,2.8493,2.8798,2.9126,2.945,2.9707,2.9881,3.0091,3.0513,3.2286,3.3081,3.0688,3.0764,3.1736,3.176,2.9137,2.6935,2.5983,2.5722,2.6331,2.8153,2.8535,2.6112,2.3725,2.1363,1.8304,1.4785,1.3114,1.4174,1.609,1.7731,2.7295,2.7424,2.7576,2.7752,2.795,2.8168,2.8402,2.8649,2.8901,2.9142,2.9355,2.9557,2.9841,3.0493,3.1996,3.2463,3.103,3.1392,3.4626,3.6199,3.1727,2.9121,2.7912,2.7194,2.7229,2.8723,2.9094,2.6365,2.4078,2.1641,1.8201,1.389,1.1937,1.3469,1.5786,1.7619,2.7332,2.7452,2.7591,2.7746,2.7917,2.8102,2.8297,2.8499,2.87,2.8895,2.9082,2.9282,2.9556,3.0005,3.0586,3.0765,3.0606,3.1253,3.3115,3.3696,3.1822,3.0785,3.0102,2.8685,2.7385,2.6743,2.5836,2.5212,2.3795,2.1903,1.9322,1.6033,1.4253,1.5004,1.6639,1.8103,2.7345,2.7457,2.7581,2.7718,2.7866,2.8024,2.8187,2.8354,2.852,2.8682,2.8845,2.902,2.9234,2.9502,2.9768,2.9931,3.009,3.0548,3.1261,3.1632,3.1969,3.3521,3.3861,3.0875,2.7838,2.5945,2.5106,2.4618,2.2798,2.1666,2.0504,1.8752,1.7466,1.7404,1.8106,1.8976,2.7342,2.7444,2.7555,2.7676,2.7804,2.7938,2.8076,2.8216,2.8354,2.8491,2.8628,2.8773,2.8932,2.9105,2.9274,2.9428,2.9621,2.9939,3.0387,3.102,3.2511,3.5672,3.664,3.2483,2.844,2.6052,2.4781,2.2988,2.0556,2.0733,2.0955,2.0337,1.9603,1.932,1.9502,1.9923,2.7326,2.7418,2.7517,2.7623,2.7734,2.7849,2.7966,2.8084,2.82,2.8315,2.8429,2.8545,2.8666,2.8791,2.8918,2.9053,2.9227,2.9483,2.9875,3.0558,3.1895,3.383,3.4147,3.1526,2.8419,2.6126,2.4337,2.215,2.0258,2.0593,2.1194,2.1138,2.0808,2.0582,2.0581,2.0757]},{"header":{"la1":42.85,"la2":41.18,"lo1":11.55,"lo2":14.05,"nx":36,"ny":24,"dx":0.07143,"dy":0.07261,"parameterCategory":2,"parameterNumber":3,"parameterNumberName":"northward_wind","parameterUnit":"m.s-1"},"data":[0.4701,0.5021,0.5381,0.5771,0.6172,0.655,0.6857,0.7042,0.7073,0.6952,0.6721,0.6441,0.6165,0.5928,0.5743,0.5605,0.5494,0.5383,0.5235,0.5022,0.4733,0.4376,0.3977,0.3563,0.3157,0.2773,0.2419,0.21,0.1815,0.1562,0.1339,0.1143,0.0971,0.0821,0.069,0.0576,0.4766,0.5143,0.5585,0.6091,0.6643,0.7194,0.7667,0.7963,0.8005,0.7793,0.741,0.6976,0.6583,0.628,0.6077,0.596,0.5902,0.5852,0.5748,0.5534,0.5189,0.4738,0.423,0.3714,0.3222,0.2771,0.2369,0.2015,0.1705,0.1436,0.1203,0.1001,0.0826,0.0676,0.0546,0.0435,0.4782,0.5214,0.5749,0.6401,0.7165,0.7994,0.8766,0.9283,0.9355,0.8963,0.8294,0.7593,0.7022,0.6633,0.6419,0.6353,0.6395,0.6473,0.647,0.6264,0.582,0.5206,0.4527,0.3866,0.3264,0.2736,0.2281,0.1892,0.1561,0.1278,0.1038,0.0833,0.0659,0.0511,0.0385,0.0278,0.4726,0.5202,0.5827,0.6644,0.7691,0.8955,1.0284,1.1285,1.1453,1.0677,0.9433,0.8273,0.7447,0.6964,0.6759,0.678,0.6997,0.7328,0.7548,0.7367,0.6718,0.5802,0.4852,0.3991,0.3257,0.2645,0.2139,0.1721,0.1373,0.1083,0.0841,0.0638,0.0467,0.0324,0.0204,0.0105,0.4575,0.5065,0.575,0.672,0.8093,0.9982,1.2324,1.4449,1.4933,1.3255,1.0825,0.8922,0.7792,0.7247,0.7089,0.7229,0.7699,0.8505,0.9233,0.9093,0.797,0.6494,0.5139,0.4033,0.316,0.2473,0.1927,0.149,0.1136,0.0847,0.0609,0.0413,0.025,0.0115,0.0004,-0.0086,0.4307,0.4762,0.5441,0.6486,0.8122,1.0695,1.4581,1.9155,2.0638,1.6783,1.2131,0.9292,0.7959,0.748,0.744,0.7686,0.8386,0.9909,1.1714,1.1592,0.9431,0.7071,0.5237,0.3901,0.2922,0.2189,0.1628,0.119,0.0844,0.0566,0.034,0.0156,0.0006,-0.0116,-0.0215,-0.0294,0.3917,0.4263,0.483,0.5796,0.7458,1.0336,1.5381,2.2985,2.6297,1.9061,1.2209,0.9004,0.7884,0.7741,0.7962,0.8235,0.8811,1.0667,1.3679,1.3493,1.0105,0.703,0.4924,0.35,0.2501,0.1775,0.1232,0.0818,0.0495,0.024,0.0035,-0.013,-0.0263,-0.037,-0.0454,-0.0518,0.3417,0.357,0.3888,0.4583,0.5961,0.84,1.2502,1.8477,2.0873,1.5036,0.9959,0.7933,0.7641,0.8238,0.9077,0.9369,0.9106,0.9689,1.1602,1.1396,0.86,0.5946,0.4075,0.279,0.1884,0.1227,0.0742,0.0376,0.0094,-0.0127,-0.0304,-0.0445,-0.0558,-0.0645,-0.0712,-0.076,0.2856,0.273,0.2636,0.2858,0.3839,0.5635,0.78,0.964,0.9591,0.7685,0.6493,0.6505,0.7397,0.9198,1.1698,1.2468,1.0258,0.8287,0.7761,0.7174,0.5719,0.4122,0.2821,0.1839,0.1109,0.057,0.0172,-0.0124,-0.035,-0.0528,-0.0671,-0.0785,-0.0874,-0.0941,-0.0988,-0.1017,0.2327,0.1878,0.1196,0.0642,0.1352,0.3265,0.4571,0.4324,0.2363,0.1452,0.3295,0.5247,0.7159,1.0152,1.6568,1.9736,1.2291,0.7038,0.4747,0.3747,0.2979,0.2188,0.1434,0.0779,0.0247,-0.0156,-0.0447,-0.0659,-0.0821,-0.0953,-0.106,-0.1146,-0.1212,-0.1257,-0.1283,-0.1291,0.1954,0.1284,0.0078,-0.1482,-0.0987,0.1994,0.354,0.2724,-0.2029,-0.4474,0.1175,0.455,0.6939,0.9593,1.553,1.9721,1.0446,0.3996,0.124,0.0659,0.0609,0.044,0.0119,-0.0264,-0.0621,-0.0894,-0.1073,-0.1198,-0.1299,-0.1388,-0.1466,-0.1527,-0.1569,-0.1592,-0.1595,-0.158,0.1818,0.1199,0.0124,-0.1212,-0.0632,0.2337,0.4344,0.482,0.1348,-0.1396,0.1829,0.4425,0.7069,1.0051,0.9957,0.8807,0.4022,-0.2352,-0.4273,-0.2635,-0.1456,-0.1044,-0.1026,-0.1187,-0.1399,-0.1556,-0.1636,-0.1694,-0.1759,-0.1826,-0.1884,-0.1926,-0.1948,-0.1949,-0.1928,-0.1887,0.1868,0.1498,0.101,0.0727,0.1493,0.333,0.5318,0.706,0.5532,0.2806,0.2785,0.4051,0.5894,1.0597,0.9292,0.4661,-0.0852,-1.0192,-1.0522,-0.5124,-0.2955,-0.2241,-0.1983,-0.1912,-0.1939,-0.1976,-0.2019,-0.2101,-0.2193,-0.2269,-0.2321,-0.2349,-0.2353,-0.233,-0.2282,-0.2211,0.1973,0.1826,0.173,0.1873,0.2487,0.3557,0.4869,0.603,0.513,0.2779,0.2133,0.3594,0.4176,0.3415,0.3926,0.0696,-0.3458,-0.743,-0.7981,-0.5095,-0.3837,-0.3336,-0.2873,-0.2461,-0.2134,-0.1991,-0.2184,-0.2456,-0.2643,-0.2744,-0.2792,-0.2805,-0.279,-0.2743,-0.2663,-0.2554,0.2036,0.2004,0.2041,0.2223,0.2599,0.3127,0.3652,0.377,0.2731,0.0762,-0.0523,0.0113,0.0645,-0.1731,0.045,-0.4244,-0.9615,-0.577,-0.4796,-0.4622,-0.5136,-0.493,-0.3935,-0.3099,-0.2508,-0.2255,-0.2575,-0.299,-0.3219,-0.33,-0.3315,-0.3306,-0.3271,-0.3196,-0.3075,-0.2918,0.2028,0.203,0.2076,0.2184,0.2344,0.2494,0.2481,0.2021,0.0717,-0.1836,-0.5796,-0.3697,-0.1958,-0.0636,-0.0834,-0.4187,-0.7593,-0.4777,-0.3772,-0.5094,-0.824,-0.748,-0.5057,-0.3892,-0.3483,-0.3442,-0.3709,-0.3969,-0.4023,-0.3958,-0.3889,-0.3851,-0.3806,-0.3701,-0.3524,-0.33,0.1961,0.1958,0.197,0.1992,0.1996,0.192,0.1649,0.1008,-0.0239,-0.2415,-0.5289,-0.3618,-0.1584,-0.1005,-0.0984,-0.1952,-0.2854,-0.2538,-0.2469,-0.4362,-0.8589,-0.7704,-0.525,-0.4489,-0.4718,-0.5281,-0.5625,-0.5473,-0.5051,-0.467,-0.4468,-0.443,-0.441,-0.4271,-0.4007,-0.3686,0.1859,0.1837,0.1809,0.1765,0.1675,0.1493,0.1148,0.0559,-0.0338,-0.1476,-0.2289,-0.1929,-0.1198,-0.0974,-0.0742,-0.0868,-0.1232,-0.1242,-0.1154,-0.192,-0.3959,-0.4678,-0.4453,-0.4879,-0.6267,-0.8098,-0.8647,-0.7488,-0.6144,-0.529,-0.496,-0.5015,-0.5095,-0.49,-0.4494,-0.4043,0.1741,0.1698,0.164,0.1553,0.1418,0.1204,0.0878,0.0416,-0.0166,-0.0756,-0.1119,-0.1099,-0.0893,-0.0659,-0.0264,-0.0131,-0.0528,-0.0522,-0.0239,0.0755,-0.0896,-0.2587,-0.3721,-0.5186,-0.7913,-1.2028,-1.2928,-0.9444,-0.6875,-0.5618,-0.5253,-0.553,-0.578,-0.5473,-0.4881,-0.4303,0.1619,0.156,0.1482,0.1375,0.1225,0.1017,0.0738,0.0391,0.0004,-0.0351,-0.0583,-0.0651,-0.0597,-0.0461,-0.0237,-0.0163,-0.0207,0.0483,0.325,0.4622,0.0825,-0.1701,-0.333,-0.5103,-0.802,-1.261,-1.3615,-0.9076,-0.6627,-0.5493,-0.524,-0.5694,-0.6041,-0.5663,-0.4999,-0.4386,0.1502,0.1433,0.1344,0.123,0.1081,0.0893,0.0662,0.0397,0.0122,-0.0124,-0.0302,-0.0395,-0.0415,-0.0381,-0.0318,-0.0264,-0.0105,0.0563,0.2039,0.2373,0.0153,-0.1939,-0.3258,-0.4561,-0.6365,-0.7699,-0.6628,-0.6183,-0.5518,-0.4898,-0.484,-0.524,-0.5525,-0.5285,-0.4782,-0.4274,0.1394,0.1319,0.1226,0.1112,0.0973,0.0806,0.0613,0.0404,0.0194,0.0004,-0.0146,-0.0249,-0.0308,-0.0332,-0.0332,-0.0306,-0.02,0.0067,0.0363,0.0015,-0.1377,-0.2934,-0.3551,-0.4037,-0.501,-0.5454,-0.4942,-0.4924,-0.4183,-0.3879,-0.4123,-0.4497,-0.4728,-0.466,-0.438,-0.4031,0.1295,0.1218,0.1125,0.1015,0.0887,0.0739,0.0576,0.0404,0.0232,0.0074,-0.0061,-0.0168,-0.0249,-0.0308,-0.035,-0.0377,-0.0386,-0.04,-0.0555,-0.1124,-0.2278,-0.3577,-0.3846,-0.3788,-0.4277,-0.4678,-0.462,-0.3822,-0.2504,-0.2741,-0.3414,-0.3864,-0.409,-0.411,-0.3972,-0.3749,0.1206,0.1128,0.1038,0.0934,0.0816,0.0684,0.0542,0.0394,0.0248,0.0109,-0.0017,-0.0127,-0.0222,-0.0306,-0.0385,-0.0465,-0.0562,-0.0717,-0.1013,-0.1563,-0.2394,-0.322,-0.352,-0.3567,-0.3817,-0.4037,-0.3899,-0.3145,-0.2281,-0.2515,-0.3098,-0.3481,-0.3668,-0.3706,-0.3631,-0.3484]}]