docs/data/wind_grid.json
[{"header":{"la1":42.85,"la2":41.18,"lo1":11.55,"lo2":14.05,"nx":36,"ny":24,"dx":0.07143,"dy":0.07261,"parameterCategory":2,"parameterNumber":2,"parameterNumberName":"eastward_wind","parameterUnit":"m.s-1"},"data":[0.7014,0.6502,0.5903,0.5231,0.4522,0.3837,0.326,0.288,0.2753,0.2879,0.3193,0.3599,0.4007,0.4355,0.4616,0.4787,0.4882,0.4931,0.4967,0.5019,0.5099,0.5203,0.5316,0.5425,0.5519,0.5596,0.5657,0.5705,0.5745,0.5782,0.5817,0.5852,0.5889,0.5928,0.5967,0.6008,0.7176,0.6575,0.5836,0.4962,0.3991,0.3004,0.214,0.1566,0.1412,0.1682,0.2247,0.2922,0.3551,0.4049,0.4387,0.4576,0.4645,0.4647,0.4642,0.4683,0.4789,0.4942,0.5109,0.5261,0.5385,0.5478,0.5546,0.5597,0.5638,0.5677,0.5715,0.5755,0.5797,0.5842,0.5888,0.5935,0.7455,0.6769,0.5872,0.4741,0.3395,0.1926,0.0549,-0.0402,-0.062,-0.0068,0.0968,0.2098,0.3062,0.3759,0.4182,0.4368,0.4367,0.4262,0.4167,0.4189,0.4353,0.4605,0.4865,0.5083,0.5243,0.5352,0.5424,0.5474,0.5515,0.5554,0.5596,0.5643,0.5693,0.5746,0.5801,0.5856,0.7899,0.7153,0.6103,0.4674,0.282,0.0592,-0.1729,-0.3486,-0.3876,-0.2722,-0.076,0.1147,0.2593,0.3529,0.403,0.4176,0.4032,0.3705,0.3415,0.3408,0.3719,0.4173,0.4592,0.4902,0.5102,0.522,0.5287,0.533,0.5367,0.5408,0.5456,0.5512,0.5573,0.5638,0.5704,0.5771,0.8565,0.7821,0.667,0.4953,0.2493,-0.0839,-0.4866,-0.8453,-0.9358,-0.68,-0.2958,0.02,0.2252,0.342,0.3963,0.4026,0.3645,0.2885,0.2159,0.2126,0.2814,0.3668,0.4332,0.4748,0.4973,0.5079,0.5125,0.5152,0.5183,0.5227,0.5286,0.5357,0.5435,0.5517,0.5599,0.5678,0.9507,0.8877,0.7754,0.5872,0.2869,-0.1738,-0.8383,-1.5891,-1.8338,-1.2427,-0.5127,-0.0376,0.2207,0.3483,0.3987,0.3952,0.3308,0.1847,0.0182,0.0186,0.1737,0.3242,0.4182,0.4663,0.4861,0.4914,0.4915,0.4916,0.4941,0.4997,0.5077,0.5174,0.5277,0.5382,0.5484,0.558,1.0757,1.0416,0.955,0.7779,0.4581,-0.0799,-0.9596,-2.1949,-2.7122,-1.6185,-0.558,-0.0029,0.259,0.3696,0.4023,0.3932,0.3278,0.1347,-0.1463,-0.1337,0.1253,0.3254,0.4275,0.4674,0.4747,0.4687,0.4612,0.4582,0.4613,0.4698,0.4819,0.4957,0.5098,0.5234,0.5361,0.5477,1.2295,1.2482,1.2222,1.0977,0.8088,0.3003,-0.4871,-1.5154,-1.9207,-1.0888,-0.2953,0.1345,0.3332,0.3904,0.3763,0.3636,0.3572,0.2537,0.0456,0.046,0.2472,0.4004,0.4659,0.4744,0.4557,0.431,0.4135,0.4086,0.4156,0.4308,0.4501,0.4705,0.4899,0.5076,0.5234,0.5372,1.4005,1.4998,1.5848,1.5716,1.3403,0.8814,0.3064,-0.2415,-0.4788,-0.3038,0.0258,0.2974,0.4203,0.3886,0.2474,0.1977,0.3397,0.44,0.4229,0.422,0.4824,0.5253,0.5184,0.4734,0.4135,0.3621,0.3343,0.333,0.3515,0.3804,0.4122,0.4423,0.4689,0.4915,0.5107,0.5269,1.5612,1.7593,2.0151,2.2133,2.0358,1.4921,0.9597,0.4444,-0.1227,-0.3036,0.0918,0.4252,0.5206,0.391,-0.0628,-0.2977,0.2486,0.619,0.7464,0.7516,0.7153,0.6531,0.5597,0.4409,0.3207,0.2332,0.2005,0.2176,0.2635,0.318,0.3693,0.4129,0.4481,0.4762,0.4987,0.5171,1.6709,1.9413,2.3553,2.8317,2.7106,1.9695,1.5091,0.9547,-0.5973,-1.3299,0.0145,0.5771,0.6549,0.5157,0.0514,-0.2818,0.4406,0.9578,1.1436,1.0797,0.9297,0.7612,0.5691,0.3476,0.1311,-0.0077,-0.0257,0.0459,0.1492,0.2469,0.326,0.3858,0.43,0.4629,0.488,0.508,1.6989,1.9612,2.3464,2.765,2.6554,2.1489,2.1429,2.2311,0.8206,-0.2837,0.4862,0.8526,0.7987,0.555,0.5441,0.6055,1.0173,1.674,1.8279,1.4663,1.1238,0.8419,0.5397,0.1651,-0.2306,-0.4542,-0.397,-0.1904,0.0185,0.179,0.2908,0.3663,0.4174,0.4529,0.479,0.4996,1.6548,1.8483,2.0786,2.2526,2.2111,2.1707,2.565,3.3439,2.5116,1.3354,1.1078,1.2581,1.1416,0.543,0.6314,0.9451,1.4468,2.68,2.7021,1.7567,1.2422,0.8953,0.4983,-0.0897,-0.8326,-1.2134,-0.9256,-0.4497,-0.0898,0.1381,0.2766,0.3604,0.4122,0.4462,0.4709,0.491,1.5761,1.7023,1.8273,1.9138,1.9562,2.0717,2.3874,2.7283,2.4041,1.6067,1.3334,1.5954,1.7149,1.7599,1.1515,1.1701,1.4487,2.1115,2.2033,1.6207,1.2508,0.9599,0.5315,-0.2283,-1.3754,-1.9616,-1.3271,-0.5709,-0.1037,0.1543,0.2946,0.3707,0.4135,0.4405,0.4614,0.4804,1.4923,1.5749,1.6516,1.7137,1.7726,1.866,1.9997,2.051,1.809,1.4277,1.2552,1.3063,1.4007,1.4171,1.2913,1.3065,1.4606,1.4432,1.459,1.3592,1.3065,1.1417,0.7203,0.0135,-0.9766,-1.5039,-1.0063,-0.3659,0.0313,0.2416,0.3452,0.3925,0.4143,0.4291,0.4454,0.4646,1.4153,1.4715,1.5228,1.5672,1.6086,1.6506,1.674,1.6221,1.4524,1.2293,1.051,1.1079,1.1706,1.2383,1.1879,1.2318,1.3407,1.1864,1.1217,1.2723,1.6616,1.512,0.9742,0.434,-0.0854,-0.3506,-0.2004,0.0806,0.2791,0.3789,0.4115,0.4086,0.3986,0.3996,0.4153,0.4399,1.3473,1.3861,1.4204,1.4485,1.4691,1.4775,1.46,1.397,1.2853,1.1533,1.0483,1.075,1.0617,1.0336,1.0061,0.9705,0.9468,0.809,0.7334,1.0559,1.6938,1.5386,1.0393,0.7011,0.5043,0.4526,0.4976,0.5431,0.5523,0.5238,0.4627,0.389,0.339,0.3339,0.3629,0.4042,1.2875,1.3141,1.3359,1.3512,1.3575,1.3503,1.3232,1.2716,1.2003,1.1274,1.0754,1.0444,1.0037,0.9542,0.7197,0.5761,0.6077,0.4084,0.1617,0.5698,0.9714,1.0407,0.896,0.8017,0.8452,0.9931,1.0493,0.9422,0.7954,0.6434,0.4704,0.2972,0.2018,0.2171,0.2875,0.3615,1.235,1.2526,1.2655,1.272,1.27,1.2568,1.2301,1.1896,1.1397,1.0882,1.04,0.9876,0.9085,0.7146,0.1644,-0.0487,0.3648,0.3399,0.212,0.3274,0.5398,0.6765,0.7207,0.8137,1.0628,1.4393,1.5248,1.2491,0.9836,0.7334,0.4424,0.136,-0.0035,0.075,0.2139,0.3275,1.1888,1.1998,1.2065,1.2073,1.2008,1.1857,1.1612,1.1276,1.0872,1.0423,0.9915,0.925,0.8163,0.5963,0.1983,0.0701,0.3299,0.3533,0.1826,0.1074,0.3215,0.4263,0.5127,0.7231,1.0983,1.5351,1.6246,1.3776,1.1075,0.8173,0.4641,0.0705,-0.0962,0.0243,0.1972,0.3258,1.1481,1.1544,1.1566,1.1538,1.145,1.1293,1.1065,1.0769,1.0409,0.9986,0.947,0.8786,0.7784,0.6296,0.4585,0.3862,0.4102,0.3739,0.2569,0.2014,0.1951,0.0895,0.1132,0.4511,0.9515,1.3957,1.6603,1.5231,1.1912,0.9035,0.5989,0.2672,0.0986,0.1504,0.2679,0.3672,1.1122,1.115,1.1142,1.109,1.0988,1.0831,1.0616,1.0342,1.001,0.961,0.912,0.85,0.7702,0.6736,0.5789,0.5143,0.4713,0.4089,0.316,0.1929,-0.079,-0.5913,-0.7137,-0.0511,0.7252,1.374,1.8586,1.5988,1.149,0.9431,0.7508,0.5283,0.3788,0.3495,0.3862,0.4364,1.0804,1.0807,1.0777,1.071,1.06,1.0443,1.0238,0.9982,0.9672,0.9301,0.8855,0.8319,0.7686,0.6985,0.6293,0.5672,0.506,0.4291,0.3157,0.1135,-0.3286,-1.1078,-1.3301,-0.4332,0.476,1.0844,1.3721,1.2029,0.9541,0.9255,0.8338,0.6883,0.5682,0.5084,0.4968,0.5087,1.0522,1.0506,1.0461,1.0383,1.0269,1.0115,0.9919,0.9678,0.939,0.905,0.8651,0.8189,0.7667,0.7102,0.652,0.5926,0.527,0.4437,0.3213,0.1156,-0.245,-0.7138,-0.8021,-0.2639,0.3736,0.8168,1.0179,0.9942,0.9242,0.9132,0.853,0.7554,0.6658,0.6064,0.5772,0.5687]},{"header":{"la1":42.85,"la2":41.18,"lo1":11.55,"lo2":14.05,"nx":36,"ny":24,"dx":0.07143,"dy":0.07261,"parameterCategory":2,"parameterNumber":3,"parameterNumberName":"northward_wind","parameterUnit":"m.s-1"},"data":[1.052,0.9847,0.9096,0.8286,0.7458,0.6682,0.6055,0.5682,0.5628,0.5887,0.6374,0.6965,0.7545,0.8037,0.8409,0.8662,0.8824,0.8943,0.9072,0.9256,0.9516,0.9847,1.0223,1.0619,1.1011,1.139,1.1749,1.2088,1.2411,1.2718,1.3012,1.3294,1.3564,1.3821,1.4066,1.4297,1.041,0.9618,0.8694,0.7646,0.6512,0.5386,0.4427,0.3837,0.3769,0.4225,0.5039,0.5971,0.6824,0.7491,0.794,0.8191,0.8294,0.8327,0.8386,0.8553,0.8859,0.928,0.9761,1.0253,1.0724,1.1161,1.1565,1.1939,1.229,1.2623,1.2942,1.3247,1.3539,1.3817,1.408,1.4327,1.0395,0.9483,0.8365,0.7016,0.5448,0.3762,0.2206,0.1177,0.1054,0.1882,0.3296,0.4803,0.6068,0.6965,0.7493,0.7705,0.768,0.7538,0.7453,0.7587,0.7988,0.8576,0.9227,0.9857,1.0425,1.0929,1.1377,1.1785,1.2164,1.2524,1.2869,1.32,1.3518,1.3819,1.4104,1.437,1.0519,0.9508,0.8199,0.6505,0.436,0.1798,-0.0869,-0.2857,-0.317,-0.1574,0.1012,0.3493,0.5348,0.6517,0.7104,0.722,0.6959,0.6478,0.6097,0.6182,0.6802,0.771,0.8636,0.9452,1.0133,1.07,1.1187,1.1623,1.2028,1.2416,1.279,1.3153,1.35,1.383,1.414,1.4427,1.083,0.9775,0.8329,0.6313,0.35,-0.0316,-0.4991,-0.9188,-1.0128,-0.6776,-0.1827,0.2216,0.4805,0.6221,0.6807,0.6764,0.6143,0.5036,0.4023,0.4056,0.5213,0.6724,0.8056,0.9089,0.9871,1.0482,1.0989,1.1442,1.1871,1.2289,1.27,1.3101,1.3486,1.385,1.419,1.4501,1.1366,1.0366,0.8912,0.6724,0.3363,-0.1836,-0.9545,-1.8486,-2.1366,-1.3861,-0.458,0.1447,0.4653,0.6135,0.6602,0.6376,0.5375,0.332,0.1029,0.1081,0.3412,0.5854,0.7637,0.8839,0.9662,1.0266,1.0762,1.1219,1.1672,1.213,1.259,1.3043,1.3477,1.3884,1.4259,1.4599,1.2142,1.1331,1.0074,0.802,0.4578,-0.1274,-1.1286,-2.5981,-3.2286,-1.8548,-0.5097,0.1898,0.506,0.6218,0.6358,0.5996,0.4977,0.2384,-0.1303,-0.1121,0.2509,0.5617,0.7574,0.8755,0.9494,1.0014,1.0459,1.0909,1.1396,1.1916,1.2449,1.2975,1.3475,1.3937,1.4355,1.4726,1.3124,1.2653,1.1847,1.0315,0.7427,0.2359,-0.6031,-1.7765,-2.2423,-1.1729,-0.1573,0.3735,0.5936,0.6246,0.5631,0.5128,0.4851,0.351,0.0995,0.1078,0.3861,0.6355,0.7918,0.8797,0.9287,0.9626,0.9981,1.0434,1.0992,1.162,1.2269,1.2901,1.349,1.402,1.4488,1.4893,1.4218,1.4216,1.4123,1.3484,1.148,0.7713,0.2636,-0.2401,-0.3983,-0.099,0.3097,0.6023,0.699,0.5922,0.3414,0.2305,0.3851,0.4928,0.4792,0.5056,0.6292,0.7598,0.8435,0.8786,0.8852,0.8905,0.9154,0.9668,1.0389,1.1213,1.2048,1.2832,1.3537,1.4151,1.4674,1.5113,1.5265,1.5762,1.6571,1.7212,1.6007,1.2627,0.9038,0.5676,0.2497,0.1965,0.5258,0.7941,0.8199,0.5666,-0.127,-0.482,0.1762,0.5423,0.6622,0.7308,0.8055,0.8652,0.88,0.845,0.7865,0.7495,0.768,0.8425,0.9506,1.0683,1.1804,1.2799,1.3649,1.4357,1.4936,1.5404,1.6085,1.6893,1.8369,2.0284,1.9679,1.5956,1.3254,0.9828,0.0291,-0.4319,0.5579,0.9878,0.9728,0.711,0.018,-0.4761,0.2813,0.5859,0.6822,0.7953,0.8966,0.9346,0.8844,0.7479,0.577,0.4734,0.5057,0.6471,0.8298,1.0068,1.1599,1.2859,1.3873,1.4676,1.5303,1.5787,1.6594,1.7352,1.8618,2.0117,1.9632,1.7386,1.6964,1.6809,0.9135,0.3086,0.9745,1.2777,1.1147,0.6922,0.6799,0.6522,0.6655,0.4436,0.4165,0.7286,0.9489,0.9943,0.8646,0.5574,0.1621,-0.0605,0.0557,0.3659,0.6873,0.9519,1.1558,1.3106,1.4276,1.5155,1.5808,1.6285,1.6879,1.7393,1.8051,1.8557,1.836,1.8137,1.9339,2.1184,1.9373,1.4987,1.5579,1.6614,1.4993,0.6552,0.8162,1.1471,0.9005,-0.1956,-0.2125,0.6732,1.0526,1.0954,0.8628,0.2903,-0.5537,-1.0006,-0.6067,0.0485,0.5721,0.9356,1.1873,1.3657,1.4938,1.5851,1.6489,1.692,1.7098,1.7427,1.7771,1.8031,1.8201,1.8625,1.9683,2.1126,2.0433,1.9152,1.9599,1.9111,1.9473,2.8158,1.8316,1.6829,1.4753,0.5965,0.427,1.0218,1.3027,1.2861,0.9681,0.1636,-1.2138,-1.9497,-1.1186,-0.0949,0.5802,0.9998,1.2743,1.4628,1.5936,1.6819,1.7382,1.7715,1.7342,1.7595,1.7864,1.8138,1.8466,1.8956,1.9638,2.0307,2.0879,2.228,2.4094,2.4386,2.5117,2.8625,2.3265,2.1593,2.2995,1.7895,1.527,1.593,1.6363,1.5522,1.2374,0.503,-0.6927,-1.3555,-0.6925,0.1871,0.7841,1.1661,1.4254,1.6083,1.7336,1.8112,1.852,1.8679,1.7621,1.7864,1.8139,1.8459,1.8858,1.9379,2.0052,2.096,2.2503,2.5549,3.0142,3.0835,2.8602,2.6493,2.4612,2.3334,2.3306,2.2408,2.1699,2.0054,1.7807,1.7407,1.5509,1.0859,0.4773,0.143,0.3516,0.7667,1.1269,1.4069,1.6296,1.8028,1.9198,1.9786,1.9924,1.9806,1.7919,1.8175,1.8477,1.8839,1.9292,1.9873,2.0649,2.1764,2.353,2.6379,2.9784,2.9464,2.918,2.9108,2.6753,2.5888,2.6031,2.8065,2.9393,2.4662,1.8407,1.8407,1.7919,1.5375,1.262,1.1256,1.1639,1.2974,1.4695,1.6614,1.8626,2.0448,2.1606,2.1891,2.1579,2.1046,1.8214,1.849,1.8816,1.9211,1.97,2.032,2.1129,2.2219,2.3691,2.5497,2.7059,2.7821,2.912,2.9639,2.9826,3.0563,3.0508,3.5747,4.1822,3.2701,2.5209,2.2136,2.039,1.8355,1.6627,1.5837,1.58,1.6232,1.7209,1.8783,2.0967,2.3303,2.4607,2.4366,2.3342,2.2264,1.8492,1.8783,1.9127,1.954,2.0042,2.0661,2.1433,2.2391,2.3539,2.478,2.5916,2.692,2.8091,2.9958,3.5594,3.7994,3.3462,3.6347,4.0034,3.6722,3.0856,2.5901,2.2747,2.0339,1.8332,1.6802,1.6542,1.7604,1.8785,2.0357,2.2905,2.6118,2.7688,2.6658,2.48,2.3212,1.8743,1.9043,1.9396,1.9812,2.0306,2.0897,2.1601,2.2426,2.3354,2.4335,2.5321,2.6363,2.7725,3.0188,3.4849,3.6404,3.3501,3.4777,3.9863,4.2005,3.3886,2.7944,2.4457,2.1864,1.9497,1.7143,1.6692,1.882,2.0033,2.1352,2.374,2.7172,2.8822,2.7457,2.5341,2.3629,1.8962,1.9266,1.9617,2.0025,2.0499,2.105,2.1683,2.2398,2.3184,2.402,2.4907,2.5903,2.7171,2.8953,3.103,3.1924,3.1823,3.318,3.6414,3.7056,3.2294,2.8186,2.5765,2.3467,2.1295,2.0303,2.1232,2.1256,2.1308,2.1988,2.3433,2.5675,2.6966,2.6279,2.4824,2.3478,1.9149,1.945,1.9793,2.0186,2.0633,2.1139,2.1709,2.2338,2.302,2.3752,2.4539,2.5416,2.6439,2.7614,2.8744,2.9488,3.0011,3.0887,3.1895,3.1564,2.9547,2.8144,2.75,2.5262,2.2861,2.2035,2.2665,2.2347,2.2394,2.2623,2.3032,2.3948,2.4669,2.4549,2.3845,2.3001,1.9304,1.9598,1.9929,2.0301,2.0719,2.1183,2.1695,2.2252,2.2852,2.3493,2.4177,2.4917,2.5716,2.6544,2.7307,2.7918,2.842,2.8894,2.9158,2.884,2.8204,2.8504,2.878,2.6389,2.3808,2.26,2.2457,2.2774,2.3552,2.3358,2.3001,2.3106,2.334,2.3314,2.2979,2.2478,1.943,1.9714,2.003,2.038,2.0767,2.1191,2.1652,2.2148,2.2676,2.3235,2.3823,2.4438,2.5071,2.5694,2.6264,2.6744,2.7129,2.7408,2.7508,2.7395,2.7317,2.7639,2.7536,2.594,2.4078,2.2984,2.2697,2.3071,2.3697,2.3477,2.2976,2.2751,2.2695,2.2599,2.2376,2.2047]}]