docs/data/wind_grid.json
[{"header":{"la1":42.85,"la2":41.18,"lo1":11.55,"lo2":14.05,"nx":36,"ny":24,"dx":0.07143,"dy":0.07261,"parameterCategory":2,"parameterNumber":2,"parameterNumberName":"eastward_wind","parameterUnit":"m.s-1"},"data":[2.822,2.85,2.8826,2.9188,2.9567,2.9919,3.0184,3.0296,3.0201,2.9887,2.9383,2.8741,2.8009,2.7212,2.6357,2.5433,2.4423,2.331,2.2095,2.0823,1.9615,1.8662,1.8132,1.806,1.8336,1.8795,1.9302,1.9779,2.0193,2.054,2.0825,2.1059,2.1252,2.1414,2.155,2.1668,2.825,2.8584,2.8995,2.9486,3.004,3.0603,3.108,3.1346,3.1294,3.0899,3.0232,2.9404,2.8501,2.7561,2.6579,2.5525,2.4357,2.3026,2.1483,1.9738,1.7962,1.6551,1.5908,1.6088,1.6793,1.7669,1.8498,1.9197,1.9758,2.0198,2.0544,2.0818,2.1037,2.1218,2.1368,2.1498,2.8206,2.8585,2.9085,2.9732,3.0529,3.1426,3.2279,3.2843,3.2875,3.2315,3.1343,3.0207,2.9067,2.796,2.6853,2.5683,2.4376,2.2836,2.0917,1.8464,1.562,1.3246,1.2454,1.3294,1.4866,1.6426,1.7695,1.8654,1.9364,1.989,2.0286,2.0591,2.0831,2.1025,2.1187,2.1325,2.8062,2.846,2.9031,2.9843,3.0958,3.2377,3.3923,3.5121,3.5339,3.4396,3.2799,3.1142,2.9677,2.8393,2.7183,2.5931,2.4537,2.288,2.0679,1.7318,1.2398,0.773,0.6857,0.9474,1.2711,1.5255,1.7023,1.8225,1.9051,1.9635,2.0061,2.0383,2.0634,2.0836,2.1004,2.1148,2.7793,2.8162,2.8745,2.9682,3.1154,3.3327,3.6146,3.8803,3.9505,3.7557,3.4619,3.211,3.0255,2.8827,2.757,2.6292,2.488,2.3297,2.1292,1.739,0.8985,-0.1147,-0.1372,0.5375,1.1026,1.454,1.6663,1.7986,1.885,1.9442,1.9868,2.019,2.0441,2.0645,2.0817,2.0965,2.739,2.7655,2.8142,2.9069,3.0807,3.3841,3.8664,4.4599,4.6686,4.1999,3.6445,3.2843,3.0678,2.9227,2.8029,2.6795,2.5402,2.4036,2.3104,2.0433,0.9753,-0.6449,-0.5583,0.4488,1.1093,1.4705,1.6744,1.7968,1.8756,1.9298,1.9696,2.0001,2.0245,2.0447,2.0618,2.0769,2.6872,2.6962,2.7209,2.7884,2.9589,3.3115,3.9577,4.9696,5.4287,4.511,3.7016,3.2934,3.0841,2.9589,2.8601,2.7507,2.6125,2.4747,2.4655,2.3926,1.6439,0.6563,0.4702,0.9341,1.3305,1.5738,1.719,1.8098,1.8713,1.9164,1.9515,1.9799,2.0033,2.0231,2.0402,2.0555,2.6294,2.6197,2.6176,2.6388,2.7647,3.0871,3.644,4.4297,4.7616,4.1094,3.5286,3.2294,3.0781,2.9965,2.9379,2.8562,2.7204,2.5557,2.4447,2.3306,2.0934,1.8208,1.5479,1.5207,1.6112,1.7017,1.7691,1.8198,1.8614,1.8974,1.9288,1.9559,1.9789,1.9986,2.0159,2.0315,2.5699,2.5461,2.5512,2.574,2.5989,2.8236,3.1808,3.524,3.6426,3.4896,3.289,3.1451,3.0678,3.0438,3.0545,3.0215,2.8722,2.6823,2.51,2.3583,2.301,2.2415,2.0086,1.8581,1.7985,1.7805,1.7837,1.8027,1.8321,1.8654,1.8976,1.9259,1.9499,1.9701,1.9878,2.004,2.5093,2.453,2.4217,2.4187,2.3609,2.5771,2.8615,3.08,3.2249,3.2532,3.1666,3.09,3.0663,3.0944,3.2203,3.2905,3.0287,2.8084,2.6303,2.454,2.3302,2.2716,2.1347,1.9766,1.8452,1.7573,1.7222,1.7331,1.7702,1.8146,1.8554,1.8889,1.9153,1.9364,1.9546,1.9716,2.4584,2.3453,2.1305,1.7093,1.7994,2.3527,2.6657,2.8702,3.2399,3.41,3.142,3.0603,3.0793,3.1308,3.2282,3.3082,3.0547,2.8965,2.7682,2.6035,2.4421,2.3116,2.1536,1.946,1.7282,1.5749,1.5362,1.5861,1.6677,1.7442,1.8033,1.8453,1.8745,1.8963,1.9148,1.9328,2.4416,2.3133,2.0776,1.7326,1.8342,2.3253,2.5241,2.5586,2.8971,3.1674,3.0419,3.0316,3.1132,3.2566,3.1894,3.0691,2.9924,3.0056,2.959,2.7614,2.5559,2.3593,2.1176,1.7774,1.3761,1.1216,1.1575,1.3462,1.531,1.6634,1.7472,1.7971,1.827,1.8475,1.8655,1.8848,2.4642,2.3721,2.2468,2.1478,2.2309,2.4175,2.4449,2.3127,2.479,2.7981,2.9275,3.0175,3.0891,3.3115,3.2,2.9395,2.9293,3.2386,3.2366,2.8704,2.6215,2.3855,2.0545,1.4953,0.6897,0.2275,0.5509,1.0542,1.3995,1.5951,1.697,1.7463,1.7699,1.7852,1.8018,1.8237,2.5072,2.4564,2.4074,2.3913,2.4349,2.4917,2.4789,2.4061,2.4953,2.7235,2.8675,3.046,3.0859,2.847,2.8822,2.6934,2.7716,3.013,3.0523,2.8311,2.634,2.4154,2.0477,1.3083,0.0072,-0.7452,0.0498,0.8922,1.3508,1.5688,1.6604,1.6895,1.6947,1.6995,1.7152,1.7435,2.5512,2.5269,2.5105,2.5125,2.5343,2.5569,2.5606,2.5654,2.6293,2.7213,2.7744,2.8282,2.8327,2.7205,2.7685,2.6428,2.7766,2.8166,2.8269,2.7452,2.6392,2.4919,2.1713,1.5201,0.4519,-0.1772,0.3958,1.0729,1.4424,1.5966,1.6319,1.6113,1.5813,1.5716,1.5919,1.6361,2.5878,2.5777,2.5741,2.5801,2.5944,2.6109,2.6264,2.6489,2.6837,2.7001,2.6501,2.6398,2.7091,2.7668,2.775,2.764,2.7847,2.7805,2.7575,2.7084,2.6838,2.6161,2.355,1.9307,1.4096,1.1069,1.2365,1.4887,1.634,1.6542,1.5847,1.4764,1.3906,1.3694,1.4125,1.4934,2.6159,2.613,2.6148,2.6221,2.6341,2.649,2.6658,2.6851,2.7019,2.6974,2.6577,2.6774,2.7129,2.7315,2.7893,2.8029,2.7907,2.7629,2.7305,2.702,2.6944,2.6474,2.4645,2.228,2.0142,1.9086,1.9027,1.8987,1.8388,1.6997,1.4772,1.2235,1.0547,1.046,1.1583,1.3135,2.6367,2.6376,2.6417,2.6495,2.6604,2.6736,2.6883,2.7031,2.7143,2.7167,2.7148,2.726,2.7313,2.7497,2.8684,2.9105,2.8345,2.745,2.6949,2.7093,2.6784,2.619,2.5149,2.4022,2.3532,2.3971,2.3905,2.2362,2.0129,1.7124,1.2785,0.7764,0.4864,0.5652,0.8363,1.1164,2.6517,2.6546,2.6598,2.6675,2.6774,2.6889,2.7014,2.7137,2.7243,2.7325,2.7413,2.7564,2.783,2.8606,3.1031,3.2014,2.9189,2.7717,2.732,2.7649,2.7131,2.6371,2.5596,2.5063,2.5532,2.7708,2.8171,2.4855,2.1401,1.7181,1.0465,0.175,-0.2653,0.0265,0.5381,0.9598,2.6623,2.6662,2.6718,2.6792,2.6881,2.6982,2.7091,2.72,2.7306,2.7414,2.7545,2.7746,2.8123,2.8977,3.0738,3.1252,2.9258,2.8149,2.8405,2.8733,2.755,2.664,2.597,2.5557,2.5992,2.8268,2.8827,2.4993,2.1991,1.7864,1.0249,-0.0634,-0.59,-0.1679,0.4529,0.9247,2.6695,2.6738,2.6795,2.6863,2.6944,2.7033,2.7129,2.7228,2.7332,2.7445,2.7586,2.7786,2.8105,2.862,2.9229,2.9289,2.8631,2.8099,2.8114,2.8092,2.742,2.6831,2.6363,2.5774,2.5299,2.479,2.3042,2.2878,2.234,1.9684,1.3743,0.5217,0.0451,0.2461,0.6734,1.043,2.6741,2.6785,2.6839,2.6902,2.6974,2.7053,2.7138,2.7227,2.7322,2.7428,2.7554,2.7717,2.7931,2.8188,2.8391,2.8365,2.8099,2.7817,2.7654,2.7473,2.722,2.724,2.7157,2.62,2.4923,2.3224,2.1146,2.2243,2.3721,2.2623,1.8601,1.3053,0.9225,0.8852,1.0518,1.2595,2.6767,2.681,2.686,2.6917,2.6981,2.705,2.7124,2.7202,2.7284,2.7374,2.7476,2.7592,2.7721,2.7842,2.7905,2.7857,2.7703,2.751,2.733,2.7174,2.717,2.7638,2.7832,2.661,2.5115,2.3796,2.3089,2.4448,2.7,2.5936,2.2292,1.822,1.5181,1.3916,1.4072,1.4914,2.6776,2.6817,2.6863,2.6914,2.6969,2.7029,2.7092,2.7157,2.7225,2.7297,2.7371,2.7448,2.7519,2.7568,2.7573,2.7515,2.7395,2.7241,2.7083,2.6962,2.698,2.7216,2.7187,2.6361,2.5284,2.4477,2.4372,2.562,2.7462,2.6555,2.3716,2.0774,1.8485,1.7166,1.674,1.6904]},{"header":{"la1":42.85,"la2":41.18,"lo1":11.55,"lo2":14.05,"nx":36,"ny":24,"dx":0.07143,"dy":0.07261,"parameterCategory":2,"parameterNumber":3,"parameterNumberName":"northward_wind","parameterUnit":"m.s-1"},"data":[2.1401,2.1333,2.1191,2.0972,2.0688,2.0359,2.0013,1.9675,1.9355,1.9049,1.8731,1.837,1.7933,1.7396,1.6739,1.5954,1.5038,1.4001,1.2869,1.1703,1.0618,0.9782,0.9336,0.9307,0.9597,1.006,1.0576,1.1072,1.1518,1.1906,1.2237,1.2521,1.2764,1.2975,1.3159,1.3321,2.1883,2.1835,2.1683,2.1419,2.1056,2.0629,2.0187,1.9781,1.9441,1.9156,1.8882,1.8561,1.8143,1.759,1.6876,1.5984,1.4905,1.3637,1.2185,1.0591,0.9017,0.7799,0.727,0.7471,0.8144,0.8983,0.9795,1.0504,1.1094,1.1578,1.1976,1.2305,1.2581,1.2816,1.3018,1.3195,2.2471,2.2467,2.2314,2.1988,2.1499,2.0902,2.0287,1.9759,1.939,1.9168,1.8999,1.8774,1.8413,1.787,1.711,1.6109,1.4853,1.3328,1.149,0.9267,0.6799,0.479,0.4155,0.4931,0.6358,0.7802,0.9016,0.9972,1.0713,1.129,1.1746,1.2114,1.2417,1.2671,1.2889,1.3078,2.3199,2.329,2.3168,2.2766,2.2078,2.1184,2.0238,1.9456,1.9037,1.8975,1.9042,1.9008,1.8765,1.8268,1.7483,1.6376,1.4935,1.3167,1.098,0.7971,0.3816,-0.0048,-0.0728,0.1539,0.438,0.6683,0.8355,0.9548,1.0415,1.1061,1.1559,1.1953,1.2275,1.2543,1.2772,1.297,2.4106,2.4395,2.439,2.3922,2.2933,2.1531,1.9943,1.8576,1.8029,1.8391,1.8977,1.9287,1.9233,1.8832,1.8059,1.6855,1.5207,1.3232,1.0998,0.7545,0.0676,-0.7532,-0.7678,-0.2049,0.2802,0.5957,0.7971,0.9306,1.0232,1.0907,1.1419,1.1824,1.2154,1.243,1.2666,1.2872,2.5206,2.5894,2.6228,2.5785,2.4354,2.2144,1.9442,1.6715,1.5741,1.7254,1.8892,1.9689,1.9871,1.9627,1.8938,1.7669,1.5749,1.347,1.1673,0.9299,0.0895,-1.1899,-1.1187,-0.2968,0.2683,0.5983,0.7987,0.9283,1.0174,1.0825,1.1324,1.1723,1.2053,1.2331,1.2571,1.2781,2.6429,2.7847,2.9056,2.8971,2.6832,2.3447,1.9495,1.4858,1.2945,1.6442,1.924,2.0365,2.0731,2.0733,2.0292,1.9068,1.6827,1.3928,1.2162,1.149,0.5493,-0.2169,-0.3363,0.0659,0.432,0.677,0.8363,0.9438,1.0206,1.079,1.1255,1.1639,1.1963,1.2241,1.2483,1.2696,2.749,2.9966,3.3099,3.4398,3.0719,2.5526,2.1251,1.7338,1.5838,1.8514,2.0593,2.1381,2.1787,2.2217,2.2435,2.1537,1.8958,1.5415,1.26,1.0622,0.6762,0.4564,0.3943,0.491,0.6483,0.7851,0.8877,0.9646,1.0253,1.0757,1.1185,1.1555,1.1875,1.2154,1.2398,1.2615,2.7851,3.1004,3.6425,4.0771,3.393,2.6931,2.3388,2.1744,2.1664,2.2463,2.2653,2.2516,2.2811,2.4017,2.6057,2.6187,2.2447,1.7864,1.3891,0.9486,0.3827,0.4312,0.6394,0.7368,0.8092,0.8708,0.9241,0.9738,1.0216,1.0669,1.1085,1.1456,1.1782,1.2066,1.2315,1.2535,2.7161,2.949,3.2982,3.5082,2.9894,2.6,2.4168,2.4339,2.638,2.7185,2.4953,2.3358,2.3326,2.5345,3.1868,3.5436,2.6393,1.9918,1.5565,1.1027,0.6168,0.613,0.8038,0.8792,0.895,0.9001,0.9178,0.9532,0.9994,1.0479,1.0933,1.1333,1.1678,1.1974,1.223,1.2456,2.5846,2.6738,2.6582,2.3662,2.3593,2.4125,2.3657,2.4883,3.0902,3.4172,2.6697,2.3477,2.2962,2.4267,3.0615,3.5612,2.5833,2.0087,1.6788,1.3942,1.1307,1.0178,1.0031,0.9626,0.8903,0.8354,0.8361,0.8846,0.9515,1.0168,1.0729,1.119,1.1567,1.1879,1.2144,1.2375,2.4589,2.4824,2.428,2.2918,2.2874,2.2949,2.2291,2.226,2.6384,2.9623,2.5111,2.279,2.222,2.2284,2.3157,2.4033,2.159,1.8231,1.652,1.5465,1.398,1.2589,1.1261,0.9507,0.7377,0.6032,0.6339,0.7556,0.8797,0.9777,1.0506,1.1046,1.1459,1.1785,1.2057,1.2292,2.3611,2.3701,2.3492,2.3089,2.2732,2.2155,2.1205,2.0093,2.1279,2.3166,2.2689,2.2251,2.1899,2.1894,2.1714,2.1081,1.9562,1.5317,1.4852,1.587,1.5107,1.3716,1.1685,0.8366,0.3657,0.097,0.2871,0.5879,0.8054,0.9439,1.0331,1.0934,1.1364,1.1694,1.1965,1.2202,2.2848,2.2889,2.2782,2.2538,2.2173,2.1668,2.106,2.0523,2.0819,2.1364,2.1401,2.2493,2.2672,1.9382,2.0532,2.0666,1.9812,1.7175,1.6142,1.6383,1.5734,1.4424,1.2059,0.749,-0.0269,-0.4681,-0.0068,0.4878,0.7736,0.933,1.0275,1.0876,1.1287,1.1599,1.1861,1.21,2.2229,2.2234,2.2141,2.1949,2.167,2.1334,2.1002,2.0762,2.0618,2.0292,1.9957,2.0268,2.0065,1.9042,2.0014,2.0627,1.9315,1.8654,1.764,1.6962,1.629,1.5252,1.3027,0.8808,0.2298,-0.1429,0.1811,0.5745,0.8148,0.9529,1.0352,1.0863,1.1208,1.1479,1.1728,1.1974,2.1715,2.1695,2.1606,2.1449,2.1236,2.0989,2.0731,2.045,2.0033,1.9217,1.78,1.8835,1.9166,1.9269,1.943,1.9443,1.9092,1.8667,1.7996,1.7249,1.6799,1.6246,1.4232,1.1135,0.759,0.5527,0.6098,0.7651,0.8979,0.9905,1.0492,1.0842,1.1073,1.1289,1.1537,1.181,2.1283,2.1247,2.1161,2.1025,2.0846,2.0633,2.0384,2.007,1.9612,1.8871,1.7893,1.8457,1.8602,1.8457,1.8542,1.8475,1.8495,1.8523,1.8407,1.7608,1.6913,1.6475,1.4793,1.2496,1.0241,0.8767,0.8429,0.8898,0.9625,1.0236,1.0589,1.0717,1.0787,1.0961,1.1256,1.1603,2.0913,2.0867,2.0782,2.0658,2.0497,2.0302,2.0066,1.9775,1.9407,1.8975,1.8629,1.8529,1.8308,1.8023,1.6866,1.6324,1.7447,1.8851,1.9883,1.8425,1.7176,1.6195,1.4741,1.2769,1.0555,0.8631,0.8058,0.8869,0.9849,1.0445,1.0584,1.038,1.0222,1.0428,1.0883,1.1374,2.0593,2.054,2.0455,2.0339,2.019,2.001,1.9796,1.9543,1.9254,1.895,1.8667,1.8378,1.7921,1.6759,1.3065,1.1525,1.5952,1.8476,1.9478,1.8878,1.7587,1.6116,1.4526,1.2534,0.973,0.603,0.5211,0.8093,0.9989,1.0679,1.0543,0.9831,0.9388,0.9791,1.0529,1.12,2.0312,2.0254,2.017,2.0059,1.992,1.9754,1.9561,1.9339,1.9092,1.8825,1.8531,1.8152,1.7521,1.6173,1.3443,1.2638,1.5701,1.785,1.9428,1.9968,1.7805,1.5833,1.419,1.2432,0.9832,0.5701,0.4773,0.8978,1.0759,1.1181,1.0738,0.9622,0.9001,0.9564,1.0455,1.1198,2.0063,2.0002,1.9918,1.9811,1.9681,1.9527,1.935,1.9149,1.8925,1.8672,1.8375,1.7989,1.7422,1.656,1.5565,1.5403,1.6369,1.7482,1.8466,1.853,1.6789,1.4764,1.3432,1.2516,1.1373,1.0768,1.2538,1.2553,1.2192,1.2022,1.143,1.0431,0.985,1.0161,1.0816,1.1424,1.9839,1.9776,1.9694,1.9591,1.9467,1.9324,1.9159,1.8973,1.8763,1.8525,1.8246,1.7902,1.7471,1.6967,1.6534,1.6429,1.6687,1.7036,1.7176,1.6635,1.4933,1.2577,1.1715,1.2232,1.2432,1.3187,1.4958,1.4116,1.3318,1.3003,1.2384,1.1621,1.1126,1.1123,1.1427,1.1809,1.9638,1.9573,1.9492,1.9392,1.9275,1.9139,1.8984,1.881,1.8615,1.8394,1.8141,1.785,1.7522,1.7186,1.6909,1.6759,1.6719,1.6656,1.6354,1.5491,1.3657,1.1027,1.0354,1.186,1.2744,1.3328,1.3868,1.3869,1.4068,1.3828,1.3148,1.2506,1.2083,1.1947,1.2034,1.2234,1.9455,1.9389,1.9309,1.9212,1.91,1.8971,1.8825,1.8661,1.8479,1.8275,1.8049,1.7799,1.7533,1.7269,1.7031,1.6833,1.6648,1.639,1.5923,1.5065,1.3661,1.2045,1.1564,1.2323,1.2979,1.3348,1.3607,1.3852,1.4156,1.3981,1.3471,1.3001,1.2679,1.2529,1.2527,1.2623]}]