docs/data/wind_grid.json
{"header": {"la1":42.1,"la2":41.55,"lo1":12.1,"lo2":12.95,"nx":50,"ny":50,"dx":0.01735,"dy":0.01122,"parameterCategory":2,"parameterNumber":2,"parameterNumberName":"eastward_wind","parameterUnit":"m.s-1"}, "data":
[rows 0 to 39 of 50, columns 0 to 49 of 50]
-0.3648,-0.3646,-0.3647,-0.3651,-0.3659,-0.3671,-0.3687,-0.3707,-0.3732,-0.3762,-0.3796,-0.3837,-0.3884,-0.3938,-0.4001,-0.4076,-0.4165,-0.4271,-0.4399,-0.4553,-0.4741,-0.4967,-0.5238,-0.5561,-0.5943,-0.639,-0.6906,-0.7497,-0.8164,-0.891,-0.9731,-1.0623,-1.1574,-1.2568,-1.3578,-1.4576,-1.5523,-1.6381,-1.7115,-1.7698,-1.8114,-1.8362,-1.8451,-1.8401,-1.8236,-1.7983,-1.7666,-1.7306,-1.6921,-1.6525
-0.3585,-0.358,-0.3578,-0.358,-0.3586,-0.3595,-0.3609,-0.3626,-0.3648,-0.3675,-0.3706,-0.3742,-0.3784,-0.3833,-0.3891,-0.3958,-0.4039,-0.4137,-0.4256,-0.4402,-0.4582,-0.4802,-0.507,-0.5393,-0.5779,-0.6235,-0.6765,-0.7377,-0.8073,-0.8856,-0.9724,-1.0673,-1.1693,-1.2764,-1.3862,-1.495,-1.5985,-1.6922,-1.7718,-1.834,-1.8772,-1.9011,-1.9071,-1.8978,-1.8762,-1.8453,-1.808,-1.7667,-1.7234,-1.6794
-0.352,-0.3513,-0.3509,-0.3509,-0.3512,-0.3519,-0.353,-0.3545,-0.3565,-0.3588,-0.3615,-0.3648,-0.3685,-0.3728,-0.3779,-0.3838,-0.3911,-0.3999,-0.4108,-0.4245,-0.4416,-0.4629,-0.4892,-0.5214,-0.5602,-0.6065,-0.661,-0.7242,-0.7966,-0.8786,-0.9701,-1.071,-1.18,-1.2956,-1.4147,-1.5334,-1.6468,-1.7493,-1.8358,-1.9024,-1.947,-1.9696,-1.9721,-1.9578,-1.9301,-1.893,-1.8495,-1.8025,-1.754,-1.7055
-0.3456,-0.3446,-0.344,-0.3437,-0.3438,-0.3443,-0.3451,-0.3464,-0.348,-0.3501,-0.3525,-0.3553,-0.3585,-0.3623,-0.3666,-0.3718,-0.378,-0.3858,-0.3956,-0.4082,-0.4242,-0.4446,-0.4703,-0.5022,-0.5412,-0.5882,-0.6439,-0.709,-0.7842,-0.8698,-0.9661,-1.0729,-1.1893,-1.3137,-1.4429,-1.5725,-1.6968,-1.8091,-1.9034,-1.9746,-2.0206,-2.0414,-2.0397,-2.0193,-1.9849,-1.9407,-1.8906,-1.8375,-1.7836,-1.7304
-0.3391,-0.3379,-0.337,-0.3365,-0.3363,-0.3366,-0.3372,-0.3382,-0.3396,-0.3414,-0.3434,-0.3459,-0.3486,-0.3518,-0.3554,-0.3597,-0.3649,-0.3715,-0.3801,-0.3913,-0.4061,-0.4255,-0.4503,-0.4818,-0.5209,-0.5684,-0.6253,-0.6922,-0.77,-0.8591,-0.96,-1.0727,-1.1966,-1.3301,-1.47,-1.6115,-1.7478,-1.8712,-1.974,-2.0504,-2.0975,-2.116,-2.1091,-2.0818,-2.0397,-1.9879,-1.9306,-1.871,-1.8115,-1.7536
-0.3325,-0.3311,-0.33,-0.3292,-0.3288,-0.3288,-0.3292,-0.33,-0.3312,-0.3326,-0.3344,-0.3365,-0.3388,-0.3413,-0.3442,-0.3476,-0.3517,-0.357,-0.3642,-0.374,-0.3874,-0.4055,-0.4294,-0.4603,-0.4992,-0.5472,-0.6051,-0.6738,-0.754,-0.8464,-0.9516,-1.07,-1.2013,-1.344,-1.4951,-1.6493,-1.7988,-1.9344,-2.0468,-2.1288,-2.177,-2.1924,-2.1794,-2.1443,-2.0937,-2.0336,-1.9687,-1.9025,-1.8374,-1.7747
-0.326,-0.3242,-0.3229,-0.3218,-0.3212,-0.321,-0.3212,-0.3218,-0.3227,-0.324,-0.3255,-0.3272,-0.329,-0.331,-0.3331,-0.3355,-0.3385,-0.3425,-0.3481,-0.3562,-0.368,-0.3846,-0.4074,-0.4376,-0.4764,-0.5247,-0.5836,-0.6538,-0.7362,-0.8316,-0.9408,-1.0644,-1.2027,-1.3546,-1.5171,-1.6847,-1.8485,-1.9976,-2.1205,-2.2085,-2.2576,-2.2693,-2.2493,-2.2054,-2.1456,-2.0767,-2.0041,-1.9312,-1.8605,-1.7933
-0.3193,-0.3173,-0.3157,-0.3144,-0.3136,-0.3131,-0.3131,-0.3135,-0.3143,-0.3153,-0.3166,-0.318,-0.3195,-0.3209,-0.3223,-0.3237,-0.3254,-0.3279,-0.3318,-0.338,-0.348,-0.3629,-0.3844,-0.4138,-0.4523,-0.501,-0.5607,-0.6323,-0.7167,-0.8146,-0.9273,-1.0556,-1.2002,-1.3606,-1.5345,-1.7158,-1.8949,-2.0586,-2.1932,-2.2877,-2.3375,-2.3448,-2.3169,-2.2634,-2.194,-2.1162,-2.0357,-1.9563,-1.8803,-1.8088
-0.3126,-0.3104,-0.3085,-0.307,-0.3059,-0.3052,-0.305,-0.3052,-0.3058,-0.3067,-0.3078,-0.309,-0.3101,-0.311,-0.3117,-0.3121,-0.3126,-0.3134,-0.3154,-0.3196,-0.3274,-0.3405,-0.3606,-0.389,-0.4273,-0.4762,-0.5368,-0.6096,-0.6956,-0.7957,-0.911,-1.043,-1.1929,-1.3611,-1.5455,-1.7406,-1.9355,-2.1149,-2.2621,-2.3636,-2.414,-2.4163,-2.3798,-2.3164,-2.2371,-2.1504,-2.0624,-1.9769,-1.8961,-1.8208
-0.3059,-0.3034,-0.3012,-0.2994,-0.2981,-0.2972,-0.2968,-0.2969,-0.2974,-0.2982,-0.2991,-0.3001,-0.301,-0.3014,-0.3015,-0.3009,-0.3,-0.2991,-0.299,-0.3009,-0.3064,-0.3174,-0.3358,-0.3634,-0.4013,-0.4507,-0.512,-0.586,-0.6733,-0.7749,-0.8921,-1.0266,-1.1804,-1.3546,-1.5484,-1.7565,-1.9672,-2.1629,-2.3235,-2.4325,-2.4835,-2.4805,-2.4353,-2.3619,-2.273,-2.1779,-2.0831,-1.9922,-1.9072,-1.8287
-0.2992,-0.2963,-0.2938,-0.2917,-0.2902,-0.2891,-0.2885,-0.2885,-0.2889,-0.2896,-0.2905,-0.2914,-0.2921,-0.2922,-0.2917,-0.2902,-0.288,-0.2853,-0.2829,-0.2821,-0.2849,-0.2936,-0.3103,-0.3369,-0.3748,-0.4246,-0.4867,-0.5617,-0.65,-0.7525,-0.8705,-1.0061,-1.1618,-1.3401,-1.5412,-1.7606,-1.9863,-2.1984,-2.3728,-2.4898,-2.5415,-2.5334,-2.4798,-2.3971,-2.2995,-2.1972,-2.0966,-2.0014,-1.913,-1.8322
-0.2923,-0.2891,-0.2863,-0.284,-0.2822,-0.2809,-0.2802,-0.28,-0.2804,-0.2811,-0.282,-0.2829,-0.2835,-0.2834,-0.2824,-0.2801,-0.2766,-0.272,-0.2671,-0.2634,-0.2632,-0.2692,-0.2841,-0.3099,-0.3479,-0.3983,-0.4615,-0.5374,-0.6263,-0.729,-0.8467,-0.9816,-1.137,-1.3165,-1.5219,-1.75,-1.9889,-2.2164,-2.4045,-2.5298,-2.5829,-2.5706,-2.5097,-2.4192,-2.3146,-2.2067,-2.1019,-2.0036,-1.9131,-1.8308
-0.2855,-0.2819,-0.2788,-0.2761,-0.274,-0.2725,-0.2716,-0.2714,-0.2717,-0.2725,-0.2736,-0.2746,-0.2753,-0.2751,-0.2737,-0.2708,-0.2659,-0.2594,-0.2519,-0.2449,-0.2412,-0.2442,-0.2573,-0.2826,-0.321,-0.3725,-0.4367,-0.5135,-0.6027,-0.7049,-0.8209,-0.9533,-1.1059,-1.2833,-1.4892,-1.7221,-1.9709,-2.2117,-2.4127,-2.5465,-2.6019,-2.587,-2.5212,-2.4255,-2.3164,-2.2051,-2.098,-1.9983,-1.9071,-1.8244
-0.2786,-0.2747,-0.2712,-0.2682,-0.2657,-0.264,-0.263,-0.2626,-0.263,-0.2639,-0.2652,-0.2664,-0.2673,-0.2673,-0.2658,-0.2623,-0.2563,-0.2479,-0.2376,-0.2269,-0.2192,-0.2188,-0.2301,-0.2553,-0.2947,-0.3476,-0.4131,-0.4906,-0.5799,-0.6807,-0.794,-0.9218,-1.0686,-1.2401,-1.442,-1.675,-1.9291,-2.1797,-2.3918,-2.5338,-2.5931,-2.5785,-2.5111,-2.4136,-2.3033,-2.1915,-2.0844,-1.9852,-1.8946,-1.8128
-0.2716,-0.2673,-0.2634,-0.26,-0.2573,-0.2553,-0.254,-0.2536,-0.2541,-0.2552,-0.2567,-0.2584,-0.2596,-0.2599,-0.2585,-0.2548,-0.248,-0.2378,-0.2245,-0.2098,-0.1974,-0.1932,-0.2027,-0.2286,-0.2698,-0.3245,-0.3913,-0.4695,-0.5583,-0.6572,-0.7664,-0.8877,-1.0258,-1.1876,-1.3805,-1.6077,-1.8613,-2.117,-2.3372,-2.4872,-2.5524,-2.5416,-2.4771,-2.3821,-2.2744,-2.1653,-2.0609,-1.9641,-1.8758,-1.796
-0.2646,-0.2599,-0.2555,-0.2518,-0.2486,-0.2463,-0.2449,-0.2444,-0.2449,-0.2462,-0.2482,-0.2504,-0.2522,-0.2531,-0.2521,-0.2484,-0.241,-0.2294,-0.2133,-0.1942,-0.1764,-0.1676,-0.1757,-0.2032,-0.2471,-0.3041,-0.3722,-0.4507,-0.5387,-0.6349,-0.7389,-0.852,-0.9787,-1.1268,-1.3057,-1.5211,-1.7678,-2.0227,-2.2473,-2.4046,-2.4779,-2.4752,-2.4185,-2.3308,-2.2298,-2.1267,-2.0275,-1.9352,-1.8507,-1.7742
-0.2576,-0.2524,-0.2476,-0.2433,-0.2398,-0.2371,-0.2354,-0.2348,-0.2353,-0.237,-0.2394,-0.2423,-0.245,-0.2467,-0.2464,-0.2431,-0.2358,-0.2232,-0.2047,-0.1811,-0.1568,-0.1425,-0.1498,-0.1806,-0.2282,-0.2874,-0.3565,-0.4349,-0.5216,-0.6146,-0.7124,-0.8156,-0.9285,-1.0596,-1.2198,-1.4178,-1.6512,-1.8992,-2.124,-2.2875,-2.371,-2.3806,-2.3365,-2.2607,-2.1704,-2.0765,-1.985,-1.8991,-1.8199,-1.7476
-0.2506,-0.2448,-0.2395,-0.2347,-0.2306,-0.2275,-0.2255,-0.2248,-0.2254,-0.2273,-0.2304,-0.2341,-0.2378,-0.2406,-0.2415,-0.2391,-0.2323,-0.2195,-0.1995,-0.1719,-0.1406,-0.1196,-0.1269,-0.1628,-0.2146,-0.2755,-0.3448,-0.4225,-0.5074,-0.5966,-0.6874,-0.7795,-0.8768,-0.9882,-1.1263,-1.3022,-1.5168,-1.7523,-1.9732,-2.1415,-2.2366,-2.2618,-2.2344,-2.1745,-2.0982,-2.016,-1.9344,-1.8564,-1.7838,-1.7168
-0.2435,-0.2372,-0.2313,-0.2259,-0.2212,-0.2176,-0.2152,-0.2142,-0.2149,-0.2171,-0.2209,-0.2256,-0.2306,-0.2348,-0.2372,-0.2362,-0.2306,-0.2187,-0.1987,-0.1688,-0.1309,-0.1022,-0.1106,-0.1531,-0.2084,-0.2693,-0.3374,-0.4136,-0.4962,-0.5813,-0.6648,-0.745,-0.8253,-0.9154,-1.0292,-1.1801,-1.3722,-1.5912,-1.8046,-1.9758,-2.0828,-2.1253,-2.1172,-2.0757,-2.0157,-1.9474,-1.877,-1.8083,-1.7432,-1.6823
-0.2365,-0.2296,-0.223,-0.2169,-0.2116,-0.2073,-0.2044,-0.203,-0.2036,-0.2063,-0.2108,-0.2167,-0.2232,-0.2292,-0.2334,-0.2343,-0.2306,-0.2208,-0.2029,-0.1742,-0.1335,-0.0981,-0.1084,-0.1561,-0.211,-0.2692,-0.3345,-0.4083,-0.4881,-0.5689,-0.6448,-0.7129,-0.776,-0.8443,-0.9333,-1.0584,-1.2264,-1.4265,-1.6298,-1.8016,-1.9193,-1.9791,-1.9908,-1.9688,-1.9262,-1.8727,-1.8146,-1.756,-1.699,-1.6448
-0.2295,-0.2219,-0.2146,-0.2078,-0.2016,-0.1966,-0.193,-0.1912,-0.1916,-0.1945,-0.1998,-0.2071,-0.2154,-0.2235,-0.2299,-0.2332,-0.232,-0.2253,-0.2118,-0.1894,-0.1552,-0.1213,-0.1316,-0.1751,-0.2224,-0.2743,-0.3353,-0.406,-0.483,-0.5594,-0.6279,-0.6841,-0.7306,-0.7779,-0.8432,-0.9437,-1.0883,-1.2689,-1.4601,-1.6301,-1.756,-1.8311,-1.8615,-1.8583,-1.833,-1.7944,-1.7489,-1.7006,-1.6521,-1.6048
-0.2226,-0.2143,-0.2062,-0.1985,-0.1914,-0.1854,-0.1809,-0.1785,-0.1786,-0.1816,-0.1878,-0.1967,-0.2072,-0.2177,-0.2267,-0.2326,-0.2343,-0.2314,-0.2239,-0.2121,-0.1963,-0.1805,-0.1845,-0.2076,-0.24,-0.2832,-0.3391,-0.4064,-0.4803,-0.5525,-0.6141,-0.6594,-0.6906,-0.7191,-0.7634,-0.8421,-0.9654,-1.1272,-1.3052,-1.4706,-1.6012,-1.6883,-1.7346,-1.7484,-1.7391,-1.7148,-1.6816,-1.6435,-1.6035,-1.5633
-0.2158,-0.2067,-0.1978,-0.1891,-0.181,-0.1738,-0.1682,-0.1648,-0.1643,-0.1675,-0.1745,-0.1852,-0.1983,-0.2117,-0.2236,-0.2323,-0.2371,-0.238,-0.2367,-0.2363,-0.2416,-0.2501,-0.2448,-0.2425,-0.259,-0.2938,-0.3448,-0.4088,-0.4796,-0.5479,-0.6034,-0.6393,-0.6575,-0.6705,-0.6976,-0.7584,-0.8633,-1.0075,-1.1715,-1.3295,-1.461,-1.5561,-1.6147,-1.6426,-1.6475,-1.6361,-1.6142,-1.5859,-1.5541,-1.5208
-0.2092,-0.1993,-0.1894,-0.1796,-0.1703,-0.1619,-0.1549,-0.1502,-0.1487,-0.1516,-0.1595,-0.1723,-0.1885,-0.2056,-0.2208,-0.2324,-0.2399,-0.2442,-0.2478,-0.2553,-0.2723,-0.2902,-0.2816,-0.268,-0.2753,-0.3044,-0.3515,-0.4124,-0.4804,-0.5451,-0.5954,-0.6238,-0.6322,-0.6335,-0.648,-0.6949,-0.7844,-0.9123,-1.0617,-1.2101,-1.3388,-1.4376,-1.5047,-1.5436,-1.56,-1.5599,-1.5482,-1.5288,-1.5047,-1.478
-0.2028,-0.1921,-0.1812,-0.1703,-0.1596,-0.1496,-0.1409,-0.1345,-0.1316,-0.1338,-0.1425,-0.1577,-0.1779,-0.1996,-0.2187,-0.233,-0.2426,-0.2493,-0.2559,-0.2669,-0.2849,-0.2998,-0.2933,-0.2818,-0.2876,-0.3141,-0.3586,-0.4169,-0.482,-0.5435,-0.5897,-0.6129,-0.6148,-0.6088,-0.615,-0.6518,-0.7285,-0.8414,-0.9758,-1.1127,-1.2355,-1.3344,-1.4063,-1.4529,-1.4783,-1.4874,-1.4845,-1.4731,-1.4561,-1.4355
-0.1967,-0.1851,-0.1732,-0.1611,-0.1489,-0.1371,-0.1264,-0.1177,-0.1128,-0.1137,-0.1227,-0.1407,-0.1662,-0.1939,-0.2179,-0.2349,-0.2457,-0.2533,-0.2611,-0.2723,-0.2869,-0.2968,-0.2937,-0.2887,-0.2969,-0.323,-0.3658,-0.4217,-0.484,-0.5425,-0.5856,-0.6057,-0.6047,-0.5955,-0.5973,-0.6271,-0.693,-0.7919,-0.9115,-1.0358,-1.1505,-1.2464,-1.3199,-1.3713,-1.4033,-1.4197,-1.4241,-1.4196,-1.4088,-1.3937
-0.191,-0.1786,-0.1656,-0.1522,-0.1384,-0.1246,-0.1115,-0.1001,-0.0923,-0.0909,-0.0994,-0.1206,-0.153,-0.1892,-0.2197,-0.2393,-0.2499,-0.2568,-0.2642,-0.2742,-0.2852,-0.2922,-0.2923,-0.2932,-0.3048,-0.3314,-0.373,-0.4266,-0.4859,-0.5415,-0.5824,-0.6015,-0.6005,-0.5916,-0.592,-0.6171,-0.674,-0.76,-0.8652,-0.9765,-1.0817,-1.1726,-1.2452,-1.2989,-1.3353,-1.3571,-1.3673,-1.3686,-1.3632,-1.3531
-0.1856,-0.1724,-0.1584,-0.1437,-0.1283,-0.1124,-0.0966,-0.0819,-0.0703,-0.0652,-0.072,-0.0959,-0.1374,-0.186,-0.2253,-0.2473,-0.2562,-0.2604,-0.2661,-0.2744,-0.2833,-0.2893,-0.2923,-0.2978,-0.3124,-0.3397,-0.3801,-0.4312,-0.4875,-0.5402,-0.5795,-0.599,-0.6003,-0.5941,-0.5955,-0.6177,-0.667,-0.7414,-0.8332,-0.9317,-1.0268,-1.1114,-1.1813,-1.2353,-1.2742,-1.2998,-1.3145,-1.3205,-1.3198,-1.314
-0.1808,-0.1669,-0.1519,-0.1359,-0.1189,-0.1009,-0.0822,-0.0637,-0.0473,-0.0369,-0.0396,-0.0651,-0.118,-0.1842,-0.236,-0.26,-0.2649,-0.2646,-0.2675,-0.2743,-0.2822,-0.2886,-0.2942,-0.3031,-0.3199,-0.3477,-0.3868,-0.4354,-0.4885,-0.5384,-0.5765,-0.5974,-0.6023,-0.6002,-0.604,-0.6246,-0.6677,-0.732,-0.8116,-0.8981,-0.9833,-1.0608,-1.1269,-1.1798,-1.2197,-1.2478,-1.2658,-1.2755,-1.2786,-1.2765
-0.1766,-0.162,-0.1461,-0.129,-0.1104,-0.0903,-0.0688,-0.0463,-0.0244,-0.007,-0.0027,-0.0266,-0.0921,-0.1829,-0.2514,-0.2764,-0.2752,-0.2692,-0.2687,-0.2741,-0.2817,-0.2892,-0.2972,-0.3087,-0.3273,-0.3552,-0.3931,-0.4391,-0.4889,-0.5361,-0.5732,-0.5958,-0.6049,-0.6076,-0.6144,-0.6344,-0.6726,-0.7283,-0.7973,-0.8729,-0.9487,-1.0191,-1.0807,-1.1315,-1.1714,-1.2008,-1.2211,-1.2337,-1.2398,-1.2409
-0.173,-0.1578,-0.1412,-0.1231,-0.1032,-0.0813,-0.0571,-0.0308,-0.0033,0.0221,0.0364,0.019,-0.0573,-0.1784,-0.2674,-0.2924,-0.2842,-0.2728,-0.2695,-0.2738,-0.2817,-0.2906,-0.3007,-0.3144,-0.3343,-0.3622,-0.3987,-0.4421,-0.4889,-0.5333,-0.5696,-0.594,-0.607,-0.6145,-0.6245,-0.6447,-0.679,-0.7278,-0.7877,-0.8538,-0.921,-0.9845,-1.0413,-1.0895,-1.1285,-1.1585,-1.1803,-1.1949,-1.2035,-1.2072
-0.1702,-0.1545,-0.1373,-0.1184,-0.0975,-0.0741,-0.0478,-0.0184,0.0139,0.0468,0.0719,0.0653,-0.0153,-0.1649,-0.2745,-0.3002,-0.2881,-0.274,-0.2693,-0.2732,-0.2817,-0.2921,-0.3042,-0.3197,-0.3406,-0.3685,-0.4036,-0.4446,-0.4883,-0.5304,-0.5658,-0.5916,-0.6082,-0.62,-0.6332,-0.6538,-0.6854,-0.7285,-0.7809,-0.8389,-0.8984,-0.9556,-1.0077,-1.053,-1.0905,-1.1204,-1.143,-1.1591,-1.1695,-1.1753
-0.1681,-0.1521,-0.1345,-0.1151,-0.0935,-0.0691,-0.0415,-0.0101,0.0253,0.0632,0.096,0.0991,0.022,-0.1399,-0.2624,-0.2934,-0.284,-0.2716,-0.2678,-0.2723,-0.2817,-0.2935,-0.3074,-0.3244,-0.3462,-0.3739,-0.4077,-0.4464,-0.4875,-0.5272,-0.5618,-0.5887,-0.6083,-0.6236,-0.6396,-0.661,-0.6906,-0.7292,-0.7755,-0.8267,-0.8796,-0.931,-0.9787,-1.0209,-1.0568,-1.086,-1.1089,-1.126,-1.1379,-1.1454
-0.1667,-0.1506,-0.1329,-0.1133,-0.0914,-0.0667,-0.0386,-0.0066,0.0295,0.0683,0.1025,0.1081,0.0382,-0.1119,-0.2329,-0.2728,-0.2724,-0.2658,-0.265,-0.2711,-0.2817,-0.2948,-0.3102,-0.3285,-0.351,-0.3785,-0.411,-0.4477,-0.4864,-0.5241,-0.5577,-0.5854,-0.6073,-0.6255,-0.6439,-0.6659,-0.6942,-0.7294,-0.7708,-0.8163,-0.8635,-0.9099,-0.9534,-0.9927,-1.0267,-1.055,-1.0779,-1.0955,-1.1085,-1.1173
-0.1662,-0.1501,-0.1324,-0.1129,-0.0911,-0.0667,-0.0392,-0.0081,0.0264,0.0622,0.0915,0.0928,0.0307,-0.0929,-0.1996,-0.2462,-0.2567,-0.2578,-0.2613,-0.2696,-0.2816,-0.296,-0.3127,-0.3321,-0.3551,-0.3823,-0.4137,-0.4486,-0.4851,-0.521,-0.5537,-0.5818,-0.6053,-0.6258,-0.646,-0.6688,-0.696,-0.7286,-0.766,-0.8069,-0.8493,-0.8913,-0.9312,-0.9676,-0.9997,-1.027,-1.0496,-1.0675,-1.0811,-1.0909
-0.1665,-0.1505,-0.1331,-0.1139,-0.0927,-0.0692,-0.0429,-0.014,0.017,0.0472,0.0685,0.0634,0.0096,-0.086,-0.1735,-0.2217,-0.2409,-0.2494,-0.2573,-0.268,-0.2815,-0.2973,-0.315,-0.3353,-0.3586,-0.3855,-0.4159,-0.4491,-0.4838,-0.5179,-0.5497,-0.578,-0.6026,-0.6248,-0.6464,-0.6697,-0.6963,-0.7268,-0.7611,-0.7981,-0.8365,-0.8747,-0.9113,-0.9451,-0.9754,-1.0016,-1.0236,-1.0415,-1.0556,-1.0662
-0.1675,-0.1519,-0.1349,-0.1164,-0.0961,-0.0738,-0.0495,-0.0235,0.003,0.0267,0.04,0.0301,-0.0151,-0.0879,-0.1575,-0.2031,-0.2275,-0.2417,-0.2537,-0.2668,-0.2817,-0.2985,-0.3172,-0.3381,-0.3616,-0.3882,-0.4176,-0.4494,-0.4824,-0.515,-0.5459,-0.5741,-0.5994,-0.6227,-0.6454,-0.6691,-0.695,-0.724,-0.7557,-0.7897,-0.8248,-0.8597,-0.8934,-0.9248,-0.9533,-0.9784,-0.9998,-1.0176,-1.0319,-1.0431
-0.1693,-0.1541,-0.1378,-0.12,-0.1009,-0.0802,-0.0582,-0.0355,-0.0138,0.0038,0.0107,-0.0016,-0.039,-0.0947,-0.1501,-0.1913,-0.2178,-0.2358,-0.2509,-0.266,-0.2822,-0.3,-0.3194,-0.3407,-0.3643,-0.3904,-0.419,-0.4495,-0.481,-0.5123,-0.5423,-0.5702,-0.5959,-0.6199,-0.6432,-0.6671,-0.6926,-0.7202,-0.75,-0.7814,-0.8137,-0.8459,-0.8771,-0.9064,-0.9332,-0.9571,-0.9779,-0.9954,-1.0099,-1.0214
-0.1717,-0.1571,-0.1415,-0.1248,-0.1069,-0.0881,-0.0686,-0.0493,-0.0319,-0.0195,-0.0169,-0.0299,-0.0607,-0.1042,-0.1487,-0.1851,-0.2118,-0.232,-0.2491,-0.2658,-0.2832,-0.3017,-0.3216,-0.3432,-0.3667,-0.3924,-0.4202,-0.4495,-0.4797,-0.5097,-0.5388,-0.5664,-0.5921,-0.6165,-0.6402,-0.6642,-0.6893,-0.7158,-0.7439,-0.7732,-0.8032,-0.833,-0.862,-0.8894,-0.9147,-0.9375,-0.9576,-0.9748,-0.9893,-1.001
-0.1748,-0.1608,-0.1461,-0.1304,-0.114,-0.0971,-0.08,-0.0639,-0.0502,-0.0418,-0.0422,-0.0547,-0.0803,-0.1149,-0.1513,-0.1833,-0.2091,-0.2302,-0.2487,-0.2664,-0.2846,-0.3036,-0.3239,-0.3456,-0.369,-0.3943,-0.4212,-0.4494,-0.4784,-0.5074,-0.5356,-0.5626,-0.5882,-0.6127,-0.6366,-0.6606,-0.6852,-0.7108,-0.7375,-0.765,-0.7931,-0.8209,-0.848,-0.8738,-0.8977,-0.9195,-0.9388,-0.9557,-0.97,-0.982
