docs/data/wind_grid.json
[{"header":{"la1":42.85,"la2":41.18,"lo1":11.55,"lo2":14.05,"nx":36,"ny":24,"dx":0.07143,"dy":0.07261,"parameterCategory":2,"parameterNumber":2,"parameterNumberName":"eastward_wind","parameterUnit":"m.s-1"},"data":[-0.7048,-0.7129,-0.7221,-0.7318,-0.7412,-0.7488,-0.7524,-0.7496,-0.7387,-0.7196,-0.6937,-0.6638,-0.6324,-0.6018,-0.5731,-0.5473,-0.5253,-0.5077,-0.4957,-0.4898,-0.4895,-0.4938,-0.5008,-0.509,-0.5171,-0.5245,-0.5307,-0.5357,-0.5396,-0.5425,-0.5446,-0.546,-0.5468,-0.5473,-0.5475,-0.5476,-0.7098,-0.7203,-0.7328,-0.7472,-0.7627,-0.7773,-0.7875,-0.7888,-0.7775,-0.7528,-0.7178,-0.6774,-0.6363,-0.5971,-0.5612,-0.529,-0.5013,-0.4792,-0.4645,-0.4589,-0.4618,-0.471,-0.4833,-0.4962,-0.508,-0.518,-0.526,-0.5322,-0.5368,-0.54,-0.5422,-0.5435,-0.5443,-0.5446,-0.5447,-0.5446,-0.7134,-0.7262,-0.7426,-0.763,-0.7873,-0.8133,-0.836,-0.8464,-0.8358,-0.8019,-0.7515,-0.695,-0.6401,-0.59,-0.5452,-0.5052,-0.4696,-0.4402,-0.4209,-0.4159,-0.4247,-0.4425,-0.4632,-0.4827,-0.4993,-0.5124,-0.5223,-0.5295,-0.5346,-0.538,-0.5401,-0.5413,-0.5418,-0.5418,-0.5417,-0.5414,-0.7145,-0.7294,-0.7496,-0.777,-0.8129,-0.8571,-0.9031,-0.9344,-0.9283,-0.877,-0.7985,-0.716,-0.642,-0.5786,-0.524,-0.475,-0.4288,-0.3865,-0.3575,-0.3534,-0.3743,-0.4077,-0.4415,-0.4701,-0.4922,-0.5085,-0.52,-0.528,-0.5332,-0.5365,-0.5383,-0.5391,-0.5392,-0.5389,-0.5384,-0.5378,-0.7123,-0.7281,-0.7511,-0.785,-0.8345,-0.9044,-0.9929,-1.0726,-1.082,-0.9927,-0.8592,-0.7362,-0.6379,-0.56,-0.496,-0.4387,-0.3794,-0.3144,-0.2627,-0.2603,-0.3072,-0.3686,-0.4215,-0.4608,-0.4884,-0.5073,-0.5198,-0.528,-0.5329,-0.5357,-0.5368,-0.537,-0.5365,-0.5356,-0.5346,-0.5337,-0.706,-0.7208,-0.7441,-0.7814,-0.8417,-0.9397,-1.0919,-1.275,-1.3312,-1.1524,-0.9188,-0.7439,-0.6211,-0.5295,-0.4576,-0.3966,-0.3288,-0.231,-0.1298,-0.1316,-0.2318,-0.3357,-0.4102,-0.4589,-0.49,-0.5098,-0.5222,-0.5296,-0.5336,-0.5353,-0.5355,-0.5347,-0.5334,-0.5318,-0.5303,-0.5289,-0.695,-0.7062,-0.7258,-0.7605,-0.8222,-0.9324,-1.1309,-1.4377,-1.5736,-1.258,-0.9263,-0.7212,-0.5847,-0.4802,-0.3993,-0.343,-0.2899,-0.1836,-0.0285,-0.0368,-0.196,-0.3321,-0.4171,-0.4679,-0.4984,-0.5165,-0.5271,-0.5328,-0.5351,-0.5354,-0.5342,-0.5321,-0.5297,-0.5273,-0.5251,-0.5232,-0.6801,-0.6844,-0.6951,-0.7199,-0.7706,-0.8631,-1.023,-1.2596,-1.3524,-1.0972,-0.8371,-0.6649,-0.5305,-0.4047,-0.2958,-0.2452,-0.25,-0.2225,-0.1286,-0.1363,-0.2632,-0.376,-0.4471,-0.4889,-0.5132,-0.527,-0.5342,-0.5372,-0.5372,-0.5354,-0.5324,-0.5288,-0.5251,-0.5216,-0.5186,-0.5163,-0.6627,-0.657,-0.6529,-0.6605,-0.6956,-0.762,-0.8465,-0.9228,-0.9229,-0.8285,-0.7161,-0.6038,-0.4755,-0.3033,-0.0908,-0.012,-0.1487,-0.2749,-0.3098,-0.3348,-0.3934,-0.452,-0.4928,-0.5178,-0.5322,-0.5397,-0.5426,-0.5421,-0.5394,-0.5351,-0.5298,-0.5243,-0.519,-0.5142,-0.5104,-0.5077,-0.6462,-0.6288,-0.6037,-0.5837,-0.6077,-0.6747,-0.7269,-0.7397,-0.7097,-0.6759,-0.6428,-0.5701,-0.4521,-0.23,0.2635,0.5085,0.0051,-0.3275,-0.4581,-0.4997,-0.5176,-0.5309,-0.5408,-0.5476,-0.5515,-0.5527,-0.5511,-0.5471,-0.5411,-0.5338,-0.5259,-0.518,-0.5107,-0.5046,-0.4999,-0.4968,-0.6353,-0.6095,-0.5653,-0.5103,-0.5265,-0.6246,-0.6773,-0.6789,-0.6368,-0.614,-0.6196,-0.568,-0.48,-0.3258,0.1586,0.5038,-0.1123,-0.5056,-0.6551,-0.6606,-0.6262,-0.5973,-0.5802,-0.5716,-0.5674,-0.5641,-0.5591,-0.5515,-0.5419,-0.531,-0.5197,-0.509,-0.4994,-0.4917,-0.4862,-0.483,-0.6334,-0.6086,-0.5679,-0.5196,-0.5375,-0.6266,-0.6725,-0.6796,-0.6551,-0.631,-0.6252,-0.5872,-0.524,-0.4788,-0.3954,-0.3018,-0.5287,-0.8995,-0.9978,-0.8461,-0.7161,-0.6415,-0.6028,-0.5849,-0.5779,-0.574,-0.5669,-0.5555,-0.5413,-0.5259,-0.5104,-0.496,-0.4836,-0.4742,-0.4681,-0.4653,-0.6392,-0.6229,-0.602,-0.588,-0.6078,-0.652,-0.6805,-0.6915,-0.6835,-0.6641,-0.65,-0.641,-0.5752,-0.4986,-0.4978,-0.5576,-0.8076,-1.4079,-1.4201,-0.9785,-0.7525,-0.6486,-0.6029,-0.5861,-0.5842,-0.5847,-0.5757,-0.5587,-0.5385,-0.5173,-0.4964,-0.4772,-0.4614,-0.4502,-0.444,-0.4424,-0.6484,-0.6404,-0.6336,-0.634,-0.6474,-0.6678,-0.6828,-0.6892,-0.6888,-0.6872,-0.6846,-0.7165,-0.6888,-0.2797,-0.513,-0.6745,-0.8719,-1.1647,-1.1915,-0.8914,-0.6911,-0.6015,-0.5765,-0.5774,-0.588,-0.5952,-0.5822,-0.558,-0.531,-0.5029,-0.4751,-0.4496,-0.4295,-0.4166,-0.4115,-0.413,-0.6576,-0.6548,-0.6541,-0.6577,-0.6665,-0.6777,-0.6872,-0.6946,-0.7061,-0.7302,-0.7481,-0.713,-0.5915,-0.498,-0.5806,-0.8326,-1.0412,-0.9213,-0.8471,-0.6847,-0.5193,-0.4795,-0.5202,-0.5575,-0.5795,-0.5872,-0.5739,-0.5477,-0.5158,-0.4803,-0.4432,-0.4089,-0.3829,-0.3692,-0.3677,-0.3753,-0.6653,-0.6653,-0.667,-0.6713,-0.6781,-0.6867,-0.6964,-0.7097,-0.7358,-0.7971,-0.9189,-0.805,-0.7197,-0.6215,-0.6737,-0.8356,-0.9614,-0.8234,-0.6858,-0.4995,-0.2323,-0.2824,-0.4525,-0.534,-0.5623,-0.5666,-0.5548,-0.5294,-0.4932,-0.448,-0.397,-0.3481,-0.3135,-0.3012,-0.3088,-0.3281,-0.6714,-0.6729,-0.6758,-0.6803,-0.6866,-0.6949,-0.7058,-0.7223,-0.752,-0.8105,-0.8999,-0.8209,-0.727,-0.7045,-0.7498,-0.8044,-0.7913,-0.6691,-0.5443,-0.4488,-0.1942,-0.262,-0.4515,-0.5342,-0.5586,-0.5593,-0.5446,-0.5135,-0.4674,-0.407,-0.3325,-0.2572,-0.209,-0.2045,-0.2323,-0.2725,-0.6762,-0.6786,-0.682,-0.6867,-0.693,-0.7012,-0.7122,-0.7277,-0.7502,-0.7796,-0.7987,-0.7771,-0.7344,-0.7439,-0.8947,-0.9564,-0.8008,-0.5045,-0.2682,-0.4892,-0.4862,-0.479,-0.5333,-0.5645,-0.5724,-0.5771,-0.5625,-0.5102,-0.4424,-0.3607,-0.2502,-0.1264,-0.0566,-0.076,-0.1433,-0.2148,-0.68,-0.6828,-0.6866,-0.6915,-0.6977,-0.7056,-0.7158,-0.7287,-0.7445,-0.7609,-0.7722,-0.7772,-0.7954,-0.8965,-1.2419,-1.3747,-0.9419,-0.6066,-0.4773,-0.7509,-0.7175,-0.6532,-0.6266,-0.6033,-0.5887,-0.6304,-0.6363,-0.5115,-0.41,-0.3164,-0.1693,0.0247,0.1216,0.0551,-0.0656,-0.17,-0.6828,-0.686,-0.6899,-0.6949,-0.701,-0.7084,-0.7176,-0.7285,-0.741,-0.7544,-0.7687,-0.7891,-0.8349,-0.955,-1.2051,-1.2745,-0.9867,-0.8354,-1.0314,-1.1649,-0.8964,-0.7784,-0.7178,-0.6431,-0.5731,-0.6151,-0.6293,-0.4141,-0.3419,-0.2854,-0.1435,0.0823,0.1931,0.101,-0.0417,-0.1569,-0.685,-0.6883,-0.6923,-0.6972,-0.7031,-0.7101,-0.7184,-0.7281,-0.7393,-0.7523,-0.7687,-0.7933,-0.8365,-0.9109,-1.0007,-1.0131,-0.9297,-0.8916,-0.9782,-1.0201,-0.9314,-0.901,-0.8601,-0.7192,-0.5246,-0.3146,-0.03,-0.0913,-0.2494,-0.2839,-0.2006,-0.0371,0.0588,0.0114,-0.0897,-0.1819,-0.6865,-0.6899,-0.6939,-0.6987,-0.7043,-0.7108,-0.7184,-0.7273,-0.7377,-0.7502,-0.7661,-0.7881,-0.8193,-0.8591,-0.8939,-0.8999,-0.8804,-0.8747,-0.9013,-0.9304,-0.9827,-1.125,-1.1523,-0.8858,-0.5371,-0.1442,0.2549,0.0445,-0.2715,-0.3408,-0.2942,-0.1988,-0.1289,-0.1294,-0.1752,-0.2313,-0.6876,-0.6909,-0.6948,-0.6994,-0.7047,-0.7108,-0.7179,-0.726,-0.7355,-0.7469,-0.7608,-0.7782,-0.7994,-0.8219,-0.8395,-0.8463,-0.8459,-0.8513,-0.8728,-0.9212,-1.0461,-1.2996,-1.3759,-1.0249,-0.6241,-0.2963,-0.1118,-0.2479,-0.4539,-0.4399,-0.3753,-0.3088,-0.2591,-0.2434,-0.2572,-0.2859,-0.6881,-0.6914,-0.6952,-0.6995,-0.7045,-0.7101,-0.7166,-0.724,-0.7325,-0.7423,-0.7539,-0.7672,-0.7818,-0.7961,-0.8075,-0.8148,-0.8205,-0.8307,-0.8539,-0.9043,-1.0081,-1.1576,-1.179,-0.9578,-0.6745,-0.4541,-0.352,-0.3987,-0.4816,-0.4637,-0.4136,-0.3688,-0.3355,-0.3195,-0.3209,-0.3343]},{"header":{"la1":42.85,"la2":41.18,"lo1":11.55,"lo2":14.05,"nx":36,"ny":24,"dx":0.07143,"dy":0.07261,"parameterCategory":2,"parameterNumber":3,"parameterNumberName":"northward_wind","parameterUnit":"m.s-1"},"data":[-0.3679,-0.3731,-0.3786,-0.3842,-0.3895,-0.394,-0.3971,-0.3981,-0.3965,-0.392,-0.3842,-0.3732,-0.3589,-0.3414,-0.3211,-0.2988,-0.2758,-0.2539,-0.2353,-0.2214,-0.2128,-0.2085,-0.207,-0.2071,-0.2077,-0.2081,-0.2081,-0.2076,-0.2066,-0.2052,-0.2035,-0.2015,-0.1994,-0.1972,-0.195,-0.1929,-0.3694,-0.3756,-0.3824,-0.3898,-0.3971,-0.4038,-0.4088,-0.4115,-0.4109,-0.4065,-0.3982,-0.3858,-0.3692,-0.3484,-0.3235,-0.2951,-0.2649,-0.2359,-0.2121,-0.1964,-0.1891,-0.1883,-0.1911,-0.1949,-0.1983,-0.2009,-0.2023,-0.2028,-0.2024,-0.2014,-0.1998,-0.1979,-0.1958,-0.1936,-0.1914,-0.1892,-0.3694,-0.3764,-0.3848,-0.3943,-0.4043,-0.4139,-0.4218,-0.4267,-0.4275,-0.4236,-0.4147,-0.4009,-0.382,-0.3575,-0.3269,-0.2901,-0.2489,-0.2082,-0.1757,-0.1579,-0.1549,-0.1615,-0.1715,-0.1811,-0.1885,-0.1937,-0.1968,-0.1983,-0.1985,-0.1977,-0.1963,-0.1944,-0.1923,-0.19,-0.1877,-0.1854,-0.367,-0.3748,-0.3846,-0.3967,-0.4102,-0.4239,-0.4358,-0.4439,-0.4465,-0.4431,-0.4337,-0.4187,-0.3978,-0.3697,-0.3327,-0.2849,-0.2265,-0.1648,-0.1161,-0.0964,-0.1048,-0.1266,-0.149,-0.1668,-0.1792,-0.1873,-0.1921,-0.1944,-0.195,-0.1944,-0.193,-0.191,-0.1887,-0.1863,-0.1838,-0.1814,-0.3614,-0.3692,-0.3803,-0.3953,-0.4134,-0.4327,-0.4502,-0.4623,-0.4669,-0.4641,-0.4548,-0.4393,-0.4172,-0.3868,-0.3441,-0.2834,-0.1996,-0.0988,-0.0161,0.0031,-0.0342,-0.0853,-0.1264,-0.1542,-0.1718,-0.1825,-0.1886,-0.1916,-0.1924,-0.1917,-0.1901,-0.1878,-0.1852,-0.1825,-0.1798,-0.1772,-0.3512,-0.3576,-0.369,-0.3869,-0.4111,-0.4384,-0.4631,-0.4789,-0.4839,-0.4831,-0.4766,-0.4625,-0.441,-0.4108,-0.3659,-0.2948,-0.1803,-0.0146,0.1395,0.1497,0.0486,-0.048,-0.1102,-0.1468,-0.1681,-0.1804,-0.1871,-0.1902,-0.1908,-0.1897,-0.1875,-0.1848,-0.1817,-0.1786,-0.1756,-0.1728,-0.3352,-0.3372,-0.3461,-0.366,-0.3981,-0.4372,-0.4716,-0.4875,-0.4878,-0.497,-0.5004,-0.4895,-0.4698,-0.4437,-0.404,-0.333,-0.2011,0.0236,0.2674,0.2616,0.0904,-0.038,-0.109,-0.1476,-0.1693,-0.1815,-0.188,-0.1906,-0.1905,-0.1886,-0.1855,-0.182,-0.1782,-0.1746,-0.1712,-0.1681,-0.3122,-0.3044,-0.304,-0.3214,-0.364,-0.4232,-0.4762,-0.5004,-0.5057,-0.529,-0.5371,-0.5228,-0.5033,-0.4859,-0.4634,-0.4088,-0.2885,-0.0862,0.1273,0.1449,0.0255,-0.0702,-0.1255,-0.1569,-0.1755,-0.1864,-0.1919,-0.1934,-0.1919,-0.1885,-0.1841,-0.1794,-0.1747,-0.1703,-0.1664,-0.163,-0.2836,-0.2573,-0.2322,-0.2323,-0.2879,-0.3877,-0.4828,-0.5497,-0.5963,-0.6207,-0.601,-0.5631,-0.5373,-0.5342,-0.5507,-0.5306,-0.4151,-0.254,-0.1164,-0.0654,-0.0863,-0.1217,-0.1501,-0.1709,-0.1859,-0.1956,-0.1999,-0.1994,-0.1956,-0.1898,-0.1833,-0.1768,-0.1709,-0.1656,-0.1612,-0.1574,-0.2552,-0.2019,-0.1272,-0.068,-0.1335,-0.3225,-0.4924,-0.6266,-0.7639,-0.8062,-0.6966,-0.6017,-0.5627,-0.5732,-0.6659,-0.716,-0.5231,-0.3453,-0.2323,-0.1742,-0.1557,-0.1582,-0.1699,-0.1854,-0.2007,-0.2112,-0.2142,-0.2103,-0.2021,-0.1924,-0.1828,-0.1741,-0.1666,-0.1604,-0.1553,-0.1513,-0.2387,-0.1635,-0.0332,0.1328,0.0786,-0.2609,-0.5063,-0.6747,-0.9678,-1.1066,-0.7794,-0.6179,-0.5725,-0.5774,-0.6573,-0.7223,-0.5067,-0.3292,-0.2333,-0.1902,-0.1717,-0.1687,-0.1789,-0.1996,-0.2236,-0.2393,-0.2398,-0.2284,-0.2121,-0.1961,-0.1821,-0.1707,-0.1615,-0.1543,-0.1487,-0.1445,-0.2445,-0.174,-0.0528,0.098,0.031,-0.3103,-0.5344,-0.6269,-0.7949,-0.9197,-0.7132,-0.5988,-0.5754,-0.5829,-0.5701,-0.5173,-0.3761,-0.2101,-0.1487,-0.152,-0.1524,-0.1567,-0.1769,-0.2168,-0.2653,-0.2936,-0.2848,-0.2555,-0.2247,-0.1995,-0.1802,-0.1658,-0.155,-0.1471,-0.1412,-0.1369,-0.2704,-0.2276,-0.1708,-0.1372,-0.2242,-0.4161,-0.5585,-0.6013,-0.6192,-0.6535,-0.608,-0.5645,-0.5761,-0.5958,-0.5707,-0.439,-0.2578,-0.0515,-0.0389,-0.1021,-0.1139,-0.1245,-0.1619,-0.2377,-0.3395,-0.3921,-0.353,-0.2872,-0.2353,-0.1996,-0.1753,-0.1585,-0.1468,-0.1386,-0.1328,-0.1287,-0.3029,-0.2873,-0.2774,-0.2949,-0.3629,-0.4641,-0.5483,-0.5887,-0.5911,-0.5818,-0.5625,-0.5346,-0.5525,-0.8228,-0.5542,-0.3183,-0.119,-0.0619,-0.0543,-0.0656,-0.0526,-0.0623,-0.1217,-0.24,-0.4104,-0.4941,-0.4068,-0.3024,-0.2346,-0.1926,-0.1657,-0.1482,-0.1368,-0.1292,-0.1239,-0.1202,-0.3309,-0.3314,-0.3407,-0.3669,-0.4138,-0.4713,-0.5209,-0.5491,-0.5546,-0.552,-0.5528,-0.5548,-0.5845,-0.5996,-0.4778,-0.0598,0.2969,0.0307,-0.0338,0.0042,0.0719,0.0592,-0.0414,-0.1834,-0.3489,-0.4301,-0.3642,-0.2766,-0.216,-0.1765,-0.151,-0.1353,-0.1258,-0.1197,-0.1153,-0.1119,-0.3502,-0.3578,-0.3722,-0.3958,-0.4281,-0.4635,-0.494,-0.5139,-0.5254,-0.5424,-0.58,-0.5859,-0.5468,-0.4974,-0.3748,-0.0657,0.1799,0.0359,0.0082,0.1067,0.2991,0.2452,0.0548,-0.0986,-0.218,-0.2786,-0.2691,-0.229,-0.1874,-0.1543,-0.1328,-0.1216,-0.1163,-0.1126,-0.1086,-0.1048,-0.3612,-0.371,-0.3852,-0.4042,-0.4269,-0.4503,-0.4707,-0.4863,-0.5005,-0.5237,-0.5612,-0.5335,-0.4142,-0.3448,-0.3102,-0.1761,-0.0598,-0.007,0.0397,0.131,0.3329,0.2738,0.0856,-0.053,-0.1547,-0.218,-0.2329,-0.206,-0.164,-0.1303,-0.1139,-0.112,-0.1142,-0.1124,-0.1065,-0.0999,-0.3656,-0.3753,-0.3876,-0.4024,-0.4186,-0.4345,-0.4486,-0.46,-0.4702,-0.4807,-0.4823,-0.4452,-0.3548,-0.3122,-0.2503,-0.1681,-0.085,0.0292,0.0923,0.1019,0.1533,0.1398,0.054,-0.0515,-0.1704,-0.2851,-0.3119,-0.2342,-0.1492,-0.1026,-0.0961,-0.1149,-0.1302,-0.1256,-0.1108,-0.0972,-0.3654,-0.3739,-0.3839,-0.395,-0.4065,-0.4173,-0.4263,-0.433,-0.4368,-0.436,-0.424,-0.3916,-0.3401,-0.2724,-0.1573,-0.1158,-0.0785,0.0375,0.1071,0.1508,0.1294,0.097,0.0428,-0.0518,-0.2216,-0.485,-0.5404,-0.2873,-0.1155,-0.0572,-0.0761,-0.1374,-0.1712,-0.1511,-0.1177,-0.0938,-0.3619,-0.369,-0.3767,-0.3847,-0.3925,-0.3992,-0.4041,-0.4063,-0.4047,-0.3973,-0.3804,-0.3503,-0.3044,-0.2374,-0.1537,-0.1187,-0.071,0.0459,0.2171,0.2815,0.1687,0.1224,0.0828,-0.0019,-0.1741,-0.4932,-0.5638,-0.1712,-0.0016,0.0304,-0.0304,-0.1432,-0.195,-0.1592,-0.1123,-0.0831,-0.3563,-0.3618,-0.3674,-0.3729,-0.3776,-0.3811,-0.3825,-0.3811,-0.3756,-0.3646,-0.3458,-0.3172,-0.2771,-0.2257,-0.1715,-0.1249,-0.0621,0.0378,0.1573,0.2029,0.1816,0.1999,0.196,0.1191,0.0197,0.0052,0.2178,0.2255,0.204,0.1834,0.0845,-0.0526,-0.1231,-0.1108,-0.0803,-0.0602,-0.3493,-0.3532,-0.357,-0.3603,-0.3626,-0.3634,-0.3621,-0.358,-0.35,-0.337,-0.3178,-0.2911,-0.2565,-0.2152,-0.1701,-0.1213,-0.0611,0.014,0.0906,0.1515,0.2334,0.3777,0.4188,0.2804,0.1865,0.2718,0.4771,0.4211,0.4473,0.4214,0.2702,0.1081,0.0091,-0.0239,-0.028,-0.0275,-0.3414,-0.344,-0.3461,-0.3476,-0.3479,-0.3467,-0.3433,-0.3372,-0.3276,-0.3137,-0.2947,-0.27,-0.2394,-0.2035,-0.1629,-0.1169,-0.0631,-0.001,0.0675,0.1514,0.2928,0.5153,0.5764,0.3816,0.2636,0.297,0.3945,0.5356,0.796,0.7069,0.4531,0.2502,0.1244,0.058,0.0251,0.0067,-0.3331,-0.3344,-0.3352,-0.3351,-0.3339,-0.331,-0.3261,-0.3187,-0.3081,-0.2939,-0.2754,-0.2523,-0.2246,-0.1922,-0.1552,-0.1131,-0.0649,-0.0094,0.0559,0.1412,0.2648,0.4095,0.4462,0.347,0.2769,0.2987,0.3976,0.6049,0.8407,0.7533,0.5137,0.3197,0.1918,0.1131,0.0654,0.035]}]