docs/data/wind_grid.json
[{"header":{"la1":42.85,"la2":41.18,"lo1":11.55,"lo2":14.05,"nx":36,"ny":24,"dx":0.07143,"dy":0.07261,"parameterCategory":2,"parameterNumber":2,"parameterNumberName":"eastward_wind","parameterUnit":"m.s-1"},"data":[0.9662,0.9624,0.9566,0.9489,0.9396,0.929,0.9174,0.9048,0.8912,0.8767,0.8616,0.8464,0.8312,0.8158,0.7992,0.78,0.7564,0.7265,0.6893,0.6459,0.6017,0.5653,0.545,0.5431,0.5555,0.5755,0.5978,0.619,0.6379,0.6541,0.668,0.6799,0.6902,0.6992,0.7072,0.7143,0.983,0.9798,0.9739,0.9655,0.955,0.9431,0.9305,0.9168,0.9016,0.8848,0.8672,0.8498,0.8335,0.8178,0.8015,0.7825,0.7577,0.7233,0.6751,0.6125,0.5431,0.4854,0.4583,0.4654,0.4947,0.5315,0.5668,0.597,0.6218,0.642,0.6584,0.6721,0.6836,0.6935,0.7022,0.7099,1.0036,1.0016,0.9958,0.9862,0.9739,0.9606,0.9473,0.9333,0.9166,0.8962,0.8741,0.8533,0.8354,0.8201,0.8055,0.7889,0.7659,0.7297,0.6697,0.5768,0.4585,0.3557,0.3194,0.3527,0.4175,0.4824,0.5357,0.5766,0.6075,0.6312,0.6499,0.665,0.6775,0.6882,0.6975,0.7057,1.0291,1.0293,1.0241,1.013,0.9976,0.9819,0.9691,0.9579,0.9408,0.9138,0.8828,0.8557,0.8357,0.8216,0.8107,0.7997,0.7843,0.7551,0.6906,0.5561,0.339,0.1299,0.087,0.195,0.3299,0.4359,0.5099,0.5608,0.5966,0.6228,0.6429,0.6589,0.6721,0.6833,0.6931,0.7018,1.0607,1.0656,1.0625,1.0493,1.0279,1.007,0.9972,0.998,0.986,0.944,0.8929,0.8546,0.8322,0.8208,0.8157,0.814,0.8143,0.8114,0.7734,0.6075,0.2122,-0.2494,-0.2641,0.023,0.2612,0.4081,0.4969,0.5528,0.5903,0.617,0.6374,0.6536,0.6672,0.6788,0.689,0.6981,1.0994,1.1132,1.1166,1.102,1.0689,1.0341,1.0276,1.0643,1.0761,0.9927,0.8983,0.8443,0.8217,0.8158,0.8185,0.8277,0.8488,0.8973,0.9603,0.8354,0.2742,-0.4814,-0.446,-0.013,0.2662,0.4171,0.5022,0.554,0.5884,0.6134,0.6329,0.6489,0.6626,0.6745,0.6851,0.6945,1.1443,1.1738,1.1933,1.1833,1.1303,1.0613,1.0392,1.1249,1.1876,1.0214,0.8742,0.8151,0.8012,0.8055,0.8174,0.8353,0.8693,0.9567,1.144,1.0972,0.5979,0.0999,0.0039,0.1973,0.3619,0.4622,0.5225,0.5612,0.5887,0.6103,0.6284,0.6441,0.6579,0.6702,0.6811,0.6909,1.1906,1.2411,1.2896,1.3016,1.2233,1.0922,1.0036,1.0269,1.0509,0.8973,0.7846,0.7598,0.7704,0.7908,0.8138,0.837,0.8668,0.9242,1.0128,0.9545,0.7549,0.6031,0.4708,0.4494,0.4819,0.5171,0.5447,0.5669,0.5867,0.6051,0.6224,0.6383,0.6527,0.6656,0.677,0.6873,1.2304,1.2982,1.364,1.3948,1.3174,1.1267,0.9358,0.8051,0.6995,0.6151,0.6256,0.6836,0.7335,0.774,0.8145,0.8434,0.863,0.8859,0.8927,0.8453,0.8038,0.7755,0.6657,0.5916,0.5604,0.5503,0.5516,0.5612,0.5766,0.5948,0.6134,0.6309,0.6466,0.6605,0.6727,0.6836,1.2584,1.3433,1.421,1.453,1.4302,1.1708,0.859,0.5737,0.2601,0.1578,0.4059,0.6076,0.6954,0.7477,0.8314,0.8762,0.8727,0.8958,0.8947,0.8527,0.8094,0.7818,0.7131,0.6377,0.5781,0.5401,0.5264,0.5336,0.5531,0.5771,0.6007,0.6217,0.6397,0.655,0.6681,0.6796,1.2696,1.384,1.5769,1.924,1.8265,1.2301,0.7764,0.4143,-0.2525,-0.5927,0.2202,0.5803,0.6575,0.667,0.7784,0.8691,0.8892,0.9594,0.9754,0.9198,0.8478,0.7859,0.7114,0.6189,0.5265,0.4638,0.4499,0.4739,0.5129,0.5518,0.5848,0.6114,0.6324,0.6492,0.6632,0.6753,1.2518,1.3676,1.5733,1.8785,1.754,1.1296,0.6597,0.3919,0.1269,-0.1188,0.3978,0.6495,0.6302,0.4932,0.5184,0.7631,0.9411,1.1423,1.1801,1.0366,0.9037,0.7975,0.6855,0.5417,0.3788,0.2778,0.295,0.376,0.4585,0.5228,0.5689,0.6017,0.6254,0.6433,0.6578,0.6703,1.204,1.2805,1.3803,1.4447,1.2971,0.9479,0.608,0.0723,0.6567,0.5748,0.6989,0.7914,0.7192,0.323,0.321,0.7706,1.0119,1.501,1.5172,1.1371,0.9329,0.7926,0.6426,0.4164,0.0987,-0.0823,0.049,0.2564,0.4061,0.4999,0.558,0.5948,0.6192,0.6369,0.6512,0.664,1.1446,1.1793,1.2033,1.1806,1.0699,0.8965,0.761,0.8586,0.8562,0.8301,0.9016,0.9088,0.8976,0.9591,0.7835,0.7945,0.9987,1.299,1.3278,1.0831,0.8952,0.7597,0.6074,0.3253,-0.1754,-0.4676,-0.1535,0.1881,0.3869,0.4959,0.5569,0.5918,0.6131,0.6284,0.642,0.6553,1.0914,1.1014,1.0963,1.0628,0.9955,0.9139,0.8604,0.8687,0.9199,1.0279,1.1394,1.1297,1.0784,1.1727,0.952,0.8412,1.6772,1.2726,1.115,0.9451,0.772,0.6844,0.5991,0.382,-0.0123,-0.2496,-0.0236,0.2537,0.4237,0.5173,0.5664,0.5906,0.6035,0.6143,0.6271,0.6424,1.0514,1.0509,1.0398,1.0146,0.9783,0.9435,0.9299,0.9564,1.0432,1.2319,1.5437,1.4547,1.309,1.1591,1.0844,1.2149,1.5468,1.236,1.0239,0.8067,0.5257,0.5456,0.6007,0.5082,0.3327,0.2243,0.2822,0.4022,0.4983,0.5557,0.58,0.5833,0.5815,0.5869,0.602,0.623,1.0238,1.0206,1.0113,0.9964,0.9797,0.9697,0.978,1.0182,1.1085,1.2776,1.508,1.4301,1.4422,1.4563,1.1689,1.117,1.1368,1.0647,0.9644,0.7868,0.4883,0.5301,0.6268,0.6009,0.5251,0.4705,0.4748,0.5221,0.5727,0.597,0.5868,0.555,0.5305,0.5343,0.5611,0.5958,1.0055,1.0026,0.997,0.99,0.985,0.9874,1.0043,1.0432,1.1107,1.2044,1.2863,1.3156,1.4367,1.4363,1.0937,0.9704,0.9862,0.9879,1.0019,0.8738,0.7284,0.6849,0.69,0.6607,0.5898,0.5055,0.4919,0.5677,0.6329,0.6372,0.5782,0.4841,0.426,0.4445,0.5036,0.564,0.9932,0.9917,0.9893,0.9874,0.9886,0.9962,1.0139,1.0447,1.0889,1.1394,1.1809,1.2055,1.2138,1.1125,0.8018,0.6888,0.8801,0.937,0.94,0.835,0.7961,0.7688,0.7484,0.7068,0.5912,0.3483,0.295,0.5687,0.7099,0.6937,0.5637,0.3689,0.2686,0.3339,0.4475,0.5394,0.9846,0.9844,0.9843,0.9854,0.9893,0.998,1.0132,1.0355,1.0631,1.091,1.1112,1.1151,1.0871,0.9895,0.8019,0.739,0.8505,0.8686,0.7676,0.7137,0.7884,0.8013,0.7946,0.7701,0.6736,0.3661,0.2915,0.7683,0.8777,0.7967,0.5993,0.3242,0.195,0.2943,0.4363,0.5405,0.9781,0.9788,0.9801,0.9826,0.9874,0.9953,1.0071,1.0223,1.0391,1.0539,1.0616,1.0555,1.0274,0.9694,0.8964,0.863,0.8706,0.8552,0.7989,0.7744,0.8059,0.8227,0.8318,0.8514,0.8989,1.057,1.4996,1.4062,1.1328,0.9469,0.7352,0.4865,0.3553,0.3994,0.4961,0.5764,0.9728,0.9741,0.976,0.9789,0.9835,0.99,0.9986,1.0086,1.0184,1.0255,1.0267,1.0183,0.9973,0.9642,0.9281,0.9028,0.8875,0.868,0.8427,0.8293,0.831,0.8295,0.8353,0.8917,1.0481,1.4381,2.0077,1.6945,1.2582,1.0836,0.9073,0.7154,0.5909,0.5664,0.5957,0.6355,0.9681,0.9696,0.9717,0.9746,0.9784,0.9835,0.9894,0.9956,1.001,1.0038,1.0021,0.994,0.9788,0.9579,0.9352,0.9151,0.8978,0.8809,0.8648,0.853,0.8425,0.8213,0.814,0.8881,1.0505,1.3069,1.5141,1.3751,1.2164,1.1664,1.0283,0.8724,0.7586,0.7033,0.6905,0.6978,0.9637,0.9653,0.9673,0.9698,0.9729,0.9765,0.9804,0.9841,0.9867,0.987,0.9841,0.9771,0.9657,0.9509,0.9347,0.9188,0.9039,0.8901,0.8776,0.867,0.8561,0.8427,0.8471,0.9058,1.0175,1.1528,1.2384,1.2222,1.2057,1.1739,1.0665,0.946,0.8511,0.7916,0.7617,0.7507]},{"header":{"la1":42.85,"la2":41.18,"lo1":11.55,"lo2":14.05,"nx":36,"ny":24,"dx":0.07143,"dy":0.07261,"parameterCategory":2,"parameterNumber":3,"parameterNumberName":"northward_wind","parameterUnit":"m.s-1"},"data":[0.9778,0.9555,0.9296,0.9005,0.8692,0.8383,0.8117,0.7937,0.7872,0.7922,0.8052,0.8211,0.8353,0.8447,0.8481,0.8456,0.8378,0.8255,0.8097,0.7922,0.7753,0.762,0.755,0.755,0.7606,0.7698,0.7806,0.792,0.8033,0.8144,0.825,0.8353,0.8453,0.8548,0.864,0.8728,0.9811,0.9554,0.9241,0.8868,0.8443,0.7996,0.7591,0.7317,0.7243,0.7373,0.7639,0.7938,0.8191,0.8356,0.8426,0.8409,0.8317,0.8162,0.7954,0.7708,0.7456,0.7258,0.7169,0.7198,0.7309,0.7456,0.761,0.776,0.79,0.8031,0.8155,0.8273,0.8384,0.8491,0.8593,0.869,0.9876,0.9588,0.9218,0.8745,0.816,0.7486,0.6822,0.6347,0.624,0.653,0.7055,0.7599,0.8024,0.8288,0.84,0.8389,0.8281,0.8093,0.7826,0.7476,0.7078,0.6752,0.6639,0.6744,0.6959,0.7192,0.7408,0.7598,0.7767,0.792,0.8061,0.8193,0.8318,0.8437,0.8549,0.8656,0.9984,0.9674,0.9257,0.868,0.7886,0.685,0.5683,0.4745,0.4532,0.5171,0.6227,0.7201,0.7881,0.8264,0.8416,0.8406,0.8282,0.8072,0.776,0.7278,0.6604,0.5997,0.5872,0.6175,0.6579,0.6931,0.7214,0.7444,0.7639,0.7812,0.797,0.8117,0.8255,0.8386,0.851,0.8626,1.0139,0.9828,0.9393,0.8745,0.7732,0.6173,0.4048,0.1973,0.1411,0.2928,0.5125,0.6818,0.7822,0.8318,0.849,0.8463,0.8324,0.8132,0.7863,0.7282,0.6133,0.491,0.4865,0.5595,0.6251,0.6714,0.7048,0.7305,0.7519,0.7708,0.7881,0.8043,0.8196,0.834,0.8476,0.8603,1.0338,1.0043,0.9637,0.9013,0.7892,0.5785,0.2132,-0.2613,-0.4303,-0.0428,0.4022,0.6664,0.7949,0.8486,0.8627,0.8557,0.8395,0.8277,0.8293,0.7821,0.6149,0.43,0.4373,0.5365,0.6098,0.658,0.692,0.7183,0.7405,0.7605,0.7793,0.7971,0.814,0.83,0.8449,0.8588,1.0567,1.0279,0.9917,0.9451,0.8531,0.6309,0.1503,-0.6748,-1.0616,-0.2775,0.3982,0.7089,0.8349,0.8777,0.882,0.8675,0.8456,0.8371,0.8828,0.8594,0.6565,0.524,0.5099,0.56,0.6118,0.6514,0.6815,0.7062,0.7285,0.7497,0.7702,0.79,0.8089,0.8266,0.8431,0.8582,1.0826,1.0485,1.0011,0.9681,0.9414,0.7962,0.426,-0.1965,-0.47,0.1106,0.6033,0.8213,0.8991,0.9145,0.9031,0.8801,0.8496,0.8218,0.8166,0.7406,0.533,0.4792,0.5264,0.5745,0.614,0.6444,0.669,0.6915,0.7141,0.7372,0.7603,0.7828,0.8043,0.8242,0.8425,0.859,1.1169,1.0774,0.9909,0.9153,1.0045,0.9965,0.8441,0.6471,0.603,0.7588,0.8996,0.9615,0.9689,0.9475,0.918,0.8911,0.8551,0.8049,0.7326,0.5642,0.2618,0.3058,0.4853,0.5692,0.6074,0.6295,0.6484,0.6698,0.6946,0.7216,0.7491,0.7757,0.8005,0.8232,0.8435,0.8614,1.1663,1.1502,1.1027,1.0679,1.184,1.2001,1.1669,1.1433,1.1666,1.1834,1.1342,1.0806,1.0258,0.9674,0.917,0.8987,0.8594,0.7986,0.7189,0.574,0.3679,0.3811,0.5075,0.57,0.5898,0.5975,0.6107,0.6348,0.6668,0.702,0.7367,0.7691,0.7983,0.8242,0.8467,0.8661,1.2224,1.25,1.3231,1.5003,1.4865,1.387,1.4065,1.4266,1.392,1.3813,1.274,1.1639,1.0641,0.9755,0.9132,0.8938,0.839,0.7767,0.723,0.6558,0.5767,0.5508,0.5665,0.5663,0.5449,0.5286,0.5405,0.5787,0.6284,0.6784,0.7242,0.7644,0.7989,0.8283,0.853,0.8737,1.2667,1.3129,1.3996,1.5196,1.5161,1.5036,1.6245,1.7216,1.5753,1.432,1.3454,1.2349,1.0935,0.9635,0.8712,0.8292,0.7663,0.7091,0.6882,0.684,0.6574,0.6251,0.5885,0.5258,0.4376,0.3835,0.4141,0.4952,0.5806,0.654,0.7144,0.7638,0.8042,0.8371,0.8636,0.885,1.293,1.3356,1.393,1.4504,1.4911,1.5816,1.774,1.8984,1.8835,1.5759,1.4286,1.3643,1.2217,0.8876,0.7701,0.6929,0.6349,0.6142,0.6199,0.6758,0.6708,0.6351,0.5712,0.4424,0.2325,0.1091,0.2192,0.3955,0.5352,0.6365,0.7123,0.7709,0.8167,0.8524,0.8798,0.9009,1.3072,1.3435,1.3868,1.435,1.4965,1.5998,1.7635,1.9608,1.8742,1.6309,1.5256,1.5207,1.5013,1.2701,0.8328,0.2675,0.3887,0.5879,0.6422,0.6733,0.6449,0.6012,0.5393,0.3747,0.0304,-0.1815,0.059,0.3352,0.5158,0.6362,0.7234,0.7894,0.8394,0.8763,0.9032,0.9224,1.3146,1.3468,1.3847,1.4299,1.4881,1.5666,1.6599,1.7269,1.7057,1.6731,1.6966,1.6738,1.5908,1.8459,0.8823,0.1518,0.2602,0.5524,0.6912,0.6571,0.5173,0.4788,0.5004,0.404,0.1435,-0.023,0.1485,0.3733,0.5375,0.6582,0.7514,0.8229,0.8753,0.9114,0.935,0.9502,1.3176,1.3466,1.3804,1.4202,1.4677,1.5225,1.5777,1.6208,1.6619,1.7782,2.0444,2.1004,1.8556,1.5345,1.0927,0.6391,0.4615,0.7111,0.8342,0.6177,0.0893,0.1797,0.4514,0.4793,0.3734,0.2948,0.3396,0.4529,0.5788,0.6964,0.7966,0.8745,0.9282,0.96,0.9764,0.9841,1.3172,1.3432,1.3728,1.4066,1.4446,1.4857,1.528,1.5732,1.6407,1.7797,1.9974,1.948,1.8842,1.8182,1.3296,1.0326,0.9636,1.1481,1.2746,0.8494,0.0462,0.1705,0.4982,0.547,0.4654,0.3763,0.3681,0.4597,0.6006,0.7407,0.8593,0.9482,1.0017,1.0234,1.0264,1.0227,1.314,1.3371,1.3628,1.3913,1.4223,1.4555,1.4914,1.5335,1.5911,1.6714,1.7432,1.754,1.8362,1.81,1.4208,1.2603,1.2873,1.7151,2.222,1.4635,0.8534,0.6713,0.6775,0.6055,0.4106,0.1592,0.1061,0.3304,0.593,0.7934,0.9406,1.044,1.0943,1.097,1.08,1.062,1.3088,1.3291,1.3513,1.3752,1.4009,1.4283,1.4579,1.4914,1.5305,1.5718,1.6015,1.6097,1.6027,1.5144,1.3502,1.3143,1.3856,1.7247,2.0072,1.6485,1.2808,1.0103,0.8498,0.6581,0.2735,-0.395,-0.5413,0.1365,0.6217,0.8765,1.0325,1.1392,1.1806,1.1606,1.1251,1.096,1.3022,1.3198,1.3388,1.3589,1.3801,1.4023,1.4256,1.4499,1.4745,1.4957,1.5069,1.502,1.4744,1.4129,1.3419,1.3258,1.3853,1.5435,1.7233,1.7776,1.4411,1.1664,0.9813,0.7681,0.3644,-0.4387,-0.6236,0.376,0.8323,1.022,1.119,1.1816,1.2064,1.1851,1.1502,1.1201,1.2945,1.3098,1.3259,1.3427,1.36,1.3776,1.3951,1.4121,1.427,1.4374,1.4396,1.4304,1.4077,1.3741,1.3447,1.3388,1.372,1.4566,1.5761,1.5888,1.3945,1.2199,1.1018,0.9588,0.7857,0.7738,1.2973,1.3019,1.2309,1.2511,1.2337,1.2076,1.1982,1.185,1.1617,1.1365,1.2862,1.2993,1.313,1.3269,1.3408,1.3545,1.3674,1.3789,1.3878,1.3924,1.3908,1.3819,1.366,1.3466,1.3313,1.3281,1.3436,1.3781,1.4109,1.3903,1.3077,1.2528,1.2266,1.138,1.1121,1.3961,1.9424,1.7339,1.6173,1.5725,1.4256,1.3009,1.2358,1.2026,1.1763,1.1515,1.2775,1.2888,1.3002,1.3116,1.3227,1.3332,1.3426,1.3503,1.3554,1.357,1.3541,1.3466,1.3352,1.3225,1.3123,1.3081,1.3117,1.3201,1.3216,1.3019,1.2714,1.2789,1.2893,1.2237,1.2308,1.4057,1.63,1.7704,2.0557,1.9382,1.6316,1.4178,1.3004,1.2371,1.1972,1.1673,1.2688,1.2783,1.2879,1.2972,1.306,1.314,1.3208,1.3259,1.3287,1.3286,1.3254,1.3191,1.3105,1.301,1.2927,1.287,1.2842,1.2819,1.2756,1.2629,1.2524,1.2583,1.2583,1.2373,1.2629,1.3728,1.5448,1.8118,2.1104,1.9968,1.6995,1.4789,1.3458,1.2669,1.2168,1.1815]}]