docs/data/wind_grid.json
[{"header":{"la1":42.85,"la2":41.18,"lo1":11.55,"lo2":14.05,"nx":36,"ny":24,"dx":0.07143,"dy":0.07261,"parameterCategory":2,"parameterNumber":2,"parameterNumberName":"eastward_wind","parameterUnit":"m.s-1"},"data":[-1.0194,-1.0282,-1.038,-1.0486,-1.0595,-1.0695,-1.0774,-1.0819,-1.0823,-1.0796,-1.0765,-1.076,-1.0805,-1.0905,-1.1031,-1.1127,-1.1136,-1.1039,-1.0866,-1.0662,-1.0458,-1.0271,-1.0104,-0.9955,-0.9822,-0.9701,-0.959,-0.9488,-0.9394,-0.9307,-0.9226,-0.9151,-0.9082,-0.9019,-0.8962,-0.8911,-1.023,-1.0335,-1.0459,-1.0599,-1.0752,-1.0902,-1.1026,-1.1095,-1.1089,-1.1019,-1.0933,-1.0892,-1.0948,-1.112,-1.1367,-1.1572,-1.1607,-1.144,-1.1156,-1.0851,-1.0576,-1.0342,-1.0145,-0.9976,-0.9828,-0.9695,-0.9575,-0.9465,-0.9363,-0.927,-0.9183,-0.9104,-0.9031,-0.8965,-0.8905,-0.8852,-1.0257,-1.0381,-1.0534,-1.072,-1.0937,-1.1171,-1.1383,-1.1509,-1.1493,-1.1341,-1.114,-1.1015,-1.1064,-1.1342,-1.1804,-1.2228,-1.2301,-1.1973,-1.1486,-1.1035,-1.0675,-1.0395,-1.0171,-0.9985,-0.9824,-0.9681,-0.9551,-0.9433,-0.9324,-0.9225,-0.9132,-0.9048,-0.8971,-0.8902,-0.8839,-0.8784,-1.0272,-1.0412,-1.0595,-1.0833,-1.1139,-1.1509,-1.1893,-1.2164,-1.2156,-1.1841,-1.1408,-1.1105,-1.1099,-1.1486,-1.2266,-1.3079,-1.3195,-1.2552,-1.1766,-1.1156,-1.0727,-1.0417,-1.0177,-0.9979,-0.9808,-0.9656,-0.9518,-0.9392,-0.9276,-0.9169,-0.9071,-0.8982,-0.8901,-0.8828,-0.8763,-0.8706,-1.0267,-1.0419,-1.0624,-1.0912,-1.132,-1.1886,-1.2592,-1.3218,-1.3298,-1.2646,-1.1748,-1.1124,-1.0976,-1.1386,-1.2398,-1.3588,-1.3738,-1.2791,-1.181,-1.1144,-1.071,-1.0404,-1.0164,-0.9961,-0.9782,-0.9621,-0.9473,-0.9339,-0.9216,-0.9102,-0.8998,-0.8904,-0.8818,-0.8741,-0.8674,-0.8616,-1.0241,-1.0392,-1.0604,-1.0917,-1.1402,-1.2177,-1.3364,-1.476,-1.517,-1.3793,-1.2056,-1.0987,-1.0633,-1.0906,-1.176,-1.2793,-1.2978,-1.2259,-1.1503,-1.0987,-1.0637,-1.0369,-1.014,-0.9934,-0.9746,-0.9574,-0.9417,-0.9274,-0.9143,-0.9022,-0.8912,-0.8811,-0.8721,-0.864,-0.857,-0.8511,-1.0193,-1.0329,-1.0523,-1.0815,-1.1291,-1.2129,-1.3651,-1.5965,-1.6968,-1.4515,-1.1904,-1.054,-1.0047,-1.0132,-1.0634,-1.1252,-1.1507,-1.1334,-1.105,-1.08,-1.0573,-1.0349,-1.0124,-0.9906,-0.9702,-0.9515,-0.9347,-0.9194,-0.9055,-0.8927,-0.8809,-0.8702,-0.8606,-0.8521,-0.8449,-0.8389,-1.0128,-1.0239,-1.0391,-1.0612,-1.0963,-1.1576,-1.2711,-1.4496,-1.5168,-1.2958,-1.08,-0.9689,-0.9239,-0.9228,-0.9544,-1.0023,-1.0442,-1.0695,-1.0794,-1.0759,-1.061,-1.0385,-1.013,-0.9877,-0.9646,-0.944,-0.9259,-0.9097,-0.8949,-0.8814,-0.8688,-0.8573,-0.847,-0.838,-0.8305,-0.8246,-1.0056,-1.0139,-1.0241,-1.0371,-1.0542,-1.0773,-1.1079,-1.1323,-1.0954,-0.9929,-0.9113,-0.8597,-0.8277,-0.8233,-0.8554,-0.9186,-0.9939,-1.0591,-1.0973,-1.1029,-1.0833,-1.0509,-1.0161,-0.9841,-0.9569,-0.9341,-0.9148,-0.8978,-0.8824,-0.8681,-0.8546,-0.8421,-0.8309,-0.8213,-0.8134,-0.8076,-0.9988,-1.0047,-1.0111,-1.0174,-1.0218,-1.0191,-0.9963,-0.9251,-0.79,-0.7186,-0.7562,-0.7565,-0.7212,-0.7037,-0.746,-0.8524,-0.9919,-1.1179,-1.1836,-1.1781,-1.1301,-1.0714,-1.0187,-0.9769,-0.945,-0.9205,-0.9008,-0.8836,-0.8678,-0.8525,-0.8378,-0.8239,-0.8115,-0.801,-0.7928,-0.7872,-0.9929,-0.9976,-1.0024,-1.007,-1.0097,-1.0066,-0.9832,-0.8859,-0.5923,-0.4564,-0.6617,-0.6811,-0.6016,-0.5335,-0.5929,-0.7861,-1.0504,-1.2995,-1.3954,-1.3243,-1.1998,-1.0911,-1.0128,-0.9603,-0.9258,-0.9019,-0.8834,-0.8671,-0.851,-0.8346,-0.818,-0.802,-0.7877,-0.7761,-0.7676,-0.7626,-0.9883,-0.9926,-0.9977,-1.0044,-1.0139,-1.0295,-1.0547,-1.055,-0.8164,-0.619,-0.6934,-0.6427,-0.4837,-0.2685,-0.3772,-0.7271,-1.2032,-1.7514,-1.8572,-1.5475,-1.2642,-1.0856,-0.983,-0.9268,-0.8961,-0.8774,-0.863,-0.8487,-0.8326,-0.8142,-0.7946,-0.7752,-0.7581,-0.7448,-0.7361,-0.7323,-0.9844,-0.9889,-0.9949,-1.0042,-1.0203,-1.0517,-1.114,-1.2,-1.1,-0.8801,-0.7566,-0.6321,-0.4994,-0.1891,-0.3003,-0.7551,-1.3752,-2.4646,-2.4835,-1.6957,-1.238,-1.012,-0.9094,-0.8688,-0.8545,-0.8482,-0.8414,-0.8302,-0.8135,-0.7916,-0.7665,-0.7415,-0.7198,-0.7043,-0.696,-0.6945,-0.981,-0.9854,-0.9917,-1.0016,-1.0183,-1.0477,-1.0956,-1.1474,-1.0936,-0.9386,-0.8077,-0.6174,-0.5553,-0.6039,-0.628,-0.9076,-1.3026,-1.9424,-2.0202,-1.4353,-1.0157,-0.8228,-0.7754,-0.7851,-0.805,-0.819,-0.8226,-0.8146,-0.7954,-0.7667,-0.7321,-0.6973,-0.6686,-0.6503,-0.6437,-0.6471,-0.9776,-0.9817,-0.9874,-0.9958,-1.0083,-1.0263,-1.0471,-1.0547,-1.0205,-0.9695,-0.9329,-0.8542,-0.7762,-0.8011,-0.8167,-1.1084,-1.3534,-1.3118,-1.2504,-0.9272,-0.5699,-0.4831,-0.584,-0.69,-0.7601,-0.799,-0.8132,-0.8065,-0.7811,-0.7396,-0.6881,-0.6365,-0.5967,-0.576,-0.5746,-0.5874,-0.9741,-0.9776,-0.9822,-0.9883,-0.9962,-1.005,-1.0119,-1.0113,-1.0066,-1.0316,-1.1284,-1.0782,-1.0002,-0.9131,-0.9397,-1.1027,-1.2483,-1.0815,-0.8687,-0.4936,0.0513,-0.0426,-0.403,-0.6234,-0.7411,-0.8006,-0.8216,-0.8117,-0.7739,-0.7103,-0.6291,-0.5486,-0.4918,-0.4715,-0.4832,-0.5138,-0.9707,-0.9735,-0.977,-0.9812,-0.986,-0.9908,-0.9946,-0.9982,-1.0097,-1.0499,-1.1234,-1.0949,-1.1734,-1.2231,-1.0463,-1.0168,-0.9761,-0.7985,-0.6007,-0.3759,0.1313,0.0063,-0.3919,-0.6335,-0.7665,-0.8349,-0.8559,-0.8367,-0.7785,-0.6796,-0.5479,-0.4171,-0.3362,-0.3261,-0.3671,-0.4283,-0.9674,-0.9697,-0.9723,-0.9753,-0.9786,-0.9821,-0.9861,-0.9924,-1.0055,-1.0299,-1.0581,-1.0892,-1.2125,-1.2407,-1.0897,-1.0222,-0.8698,-0.5311,-0.2653,-0.4416,-0.3698,-0.3826,-0.5522,-0.7153,-0.8325,-0.9018,-0.9178,-0.8836,-0.799,-0.6513,-0.4409,-0.2277,-0.1177,-0.1412,-0.2357,-0.3413,-0.9644,-0.9662,-0.9682,-0.9705,-0.9732,-0.9763,-0.9804,-0.9869,-0.9975,-1.013,-1.0324,-1.0599,-1.0982,-1.1061,-1.1292,-1.1455,-0.9068,-0.5841,-0.4182,-0.6056,-0.625,-0.6403,-0.7151,-0.8132,-0.9056,-0.9721,-0.9827,-0.9383,-0.8341,-0.6381,-0.3339,-0.0151,0.1179,0.0354,-0.1254,-0.2752,-0.9615,-0.963,-0.9647,-0.9666,-0.9688,-0.9717,-0.9755,-0.981,-0.989,-0.9996,-1.0128,-1.0284,-1.0441,-1.0595,-1.1026,-1.1034,-0.9305,-0.7572,-0.7518,-0.7882,-0.7537,-0.7857,-0.8419,-0.8982,-0.9546,-0.9951,-1.0012,-0.984,-0.8812,-0.6621,-0.3096,0.0634,0.2048,0.0943,-0.092,-0.2565,-0.9589,-0.9601,-0.9615,-0.9631,-0.965,-0.9675,-0.9707,-0.975,-0.9808,-0.9878,-0.9959,-1.0042,-1.0117,-1.0187,-1.0234,-0.9958,-0.9124,-0.8256,-0.7927,-0.7992,-0.8411,-0.925,-0.9794,-0.9859,-1.0014,-1.0484,-1.1165,-1.0797,-0.9448,-0.7268,-0.4141,-0.0977,0.0418,-0.0192,-0.1589,-0.2947,-0.9564,-0.9574,-0.9585,-0.9598,-0.9614,-0.9634,-0.966,-0.9691,-0.973,-0.9773,-0.9817,-0.9853,-0.9873,-0.9858,-0.9766,-0.9507,-0.9072,-0.865,-0.8482,-0.8732,-0.9674,-1.1224,-1.1733,-1.091,-1.048,-1.0978,-1.1877,-1.1339,-0.9842,-0.7929,-0.5605,-0.339,-0.2166,-0.2163,-0.2857,-0.3724,-0.9541,-0.9548,-0.9558,-0.9568,-0.958,-0.9596,-0.9614,-0.9635,-0.9658,-0.9681,-0.97,-0.9707,-0.9693,-0.9643,-0.9535,-0.9351,-0.9121,-0.8949,-0.8985,-0.9435,-1.0617,-1.2449,-1.2914,-1.1577,-1.0698,-1.0728,-1.1029,-1.0694,-0.9678,-0.829,-0.6706,-0.5231,-0.4266,-0.3971,-0.4177,-0.462,-0.9518,-0.9524,-0.9531,-0.9539,-0.9548,-0.9558,-0.957,-0.9583,-0.9594,-0.9604,-0.9606,-0.9596,-0.9568,-0.9513,-0.9424,-0.9308,-0.9196,-0.9155,-0.929,-0.9737,-1.0627,-1.1726,-1.2013,-1.1283,-1.0606,-1.0372,-1.0302,-1.0004,-0.9348,-0.8424,-0.7375,-0.639,-0.5667,-0.5308,-0.5272,-0.5445]},{"header":{"la1":42.85,"la2":41.18,"lo1":11.55,"lo2":14.05,"nx":36,"ny":24,"dx":0.07143,"dy":0.07261,"parameterCategory":2,"parameterNumber":3,"parameterNumberName":"northward_wind","parameterUnit":"m.s-1"},"data":[-0.3676,-0.3531,-0.3366,-0.3185,-0.3001,-0.2836,-0.272,-0.2686,-0.2757,-0.2935,-0.3199,-0.3519,-0.386,-0.4192,-0.4479,-0.4679,-0.4765,-0.4737,-0.4633,-0.4497,-0.436,-0.424,-0.414,-0.4062,-0.4004,-0.3964,-0.3938,-0.3926,-0.3924,-0.3932,-0.3946,-0.3966,-0.399,-0.4016,-0.4044,-0.4072,-0.3674,-0.3497,-0.3284,-0.3036,-0.2765,-0.2502,-0.2294,-0.2204,-0.2281,-0.2532,-0.2917,-0.3378,-0.3866,-0.4345,-0.4772,-0.507,-0.5167,-0.507,-0.4863,-0.4635,-0.4432,-0.4267,-0.414,-0.4046,-0.3979,-0.3935,-0.3909,-0.3898,-0.39,-0.3912,-0.3932,-0.3958,-0.3988,-0.402,-0.4053,-0.4086,-0.3697,-0.3487,-0.3219,-0.2885,-0.249,-0.2065,-0.1687,-0.1474,-0.1542,-0.1914,-0.2499,-0.3171,-0.3856,-0.4538,-0.5185,-0.5658,-0.5764,-0.5516,-0.5129,-0.4767,-0.4483,-0.4272,-0.4119,-0.4012,-0.3939,-0.3894,-0.387,-0.3864,-0.3871,-0.389,-0.3917,-0.3951,-0.3988,-0.4027,-0.4067,-0.4105,-0.3758,-0.352,-0.3197,-0.2762,-0.2199,-0.152,-0.0821,-0.0332,-0.0348,-0.0949,-0.1891,-0.2879,-0.3801,-0.4706,-0.5642,-0.6406,-0.6518,-0.5998,-0.5353,-0.4842,-0.4484,-0.4238,-0.4069,-0.3955,-0.3882,-0.3839,-0.382,-0.3821,-0.3837,-0.3865,-0.3902,-0.3945,-0.3992,-0.4039,-0.4087,-0.4132,-0.3869,-0.3619,-0.3254,-0.2725,-0.1965,-0.0922,0.0354,0.1472,0.1643,0.0548,-0.1082,-0.2532,-0.3682,-0.4713,-0.5825,-0.6843,-0.6965,-0.62,-0.5377,-0.4792,-0.4406,-0.4151,-0.3982,-0.3872,-0.3804,-0.3769,-0.3759,-0.3771,-0.3798,-0.3838,-0.3888,-0.3943,-0.4001,-0.4059,-0.4115,-0.4167,-0.4043,-0.3806,-0.3436,-0.2855,-0.1938,-0.0496,0.164,0.4066,0.4794,0.2584,-0.0282,-0.2292,-0.3569,-0.4519,-0.5435,-0.6257,-0.6383,-0.5779,-0.5092,-0.4584,-0.424,-0.401,-0.3857,-0.376,-0.3705,-0.3683,-0.3687,-0.3713,-0.3755,-0.3811,-0.3876,-0.3946,-0.4018,-0.4088,-0.4154,-0.4214,-0.4281,-0.4094,-0.3776,-0.3237,-0.2313,-0.0703,0.2083,0.6075,0.774,0.3875,-0.0194,-0.2449,-0.3631,-0.4339,-0.4867,-0.5255,-0.5318,-0.5025,-0.462,-0.427,-0.4008,-0.3823,-0.3699,-0.3623,-0.3586,-0.3582,-0.3604,-0.3648,-0.371,-0.3785,-0.3869,-0.3958,-0.4046,-0.4131,-0.4209,-0.4278,-0.4577,-0.4475,-0.4274,-0.3895,-0.3195,-0.1911,0.0366,0.3653,0.4913,0.1658,-0.1483,-0.3144,-0.3972,-0.4393,-0.4602,-0.4673,-0.4608,-0.4417,-0.4169,-0.3935,-0.3746,-0.3606,-0.3514,-0.3463,-0.3448,-0.3465,-0.351,-0.3577,-0.3662,-0.3762,-0.3871,-0.3982,-0.4092,-0.4194,-0.4285,-0.4363,-0.4908,-0.4922,-0.4889,-0.4763,-0.4459,-0.3845,-0.2805,-0.1602,-0.1336,-0.2317,-0.3375,-0.4095,-0.4518,-0.4701,-0.4678,-0.4508,-0.4272,-0.403,-0.381,-0.3625,-0.3478,-0.3371,-0.3306,-0.3281,-0.3292,-0.3335,-0.3405,-0.3501,-0.3616,-0.3746,-0.3886,-0.4026,-0.4161,-0.4284,-0.439,-0.4477,-0.5242,-0.5383,-0.5542,-0.5709,-0.5856,-0.5916,-0.5762,-0.5301,-0.4734,-0.4518,-0.467,-0.4912,-0.5144,-0.5239,-0.5037,-0.4586,-0.411,-0.3758,-0.3524,-0.3349,-0.3214,-0.3122,-0.3077,-0.3077,-0.3116,-0.3188,-0.3291,-0.342,-0.3572,-0.3742,-0.392,-0.4098,-0.4264,-0.4412,-0.4534,-0.4629,-0.5543,-0.5802,-0.6142,-0.6591,-0.7179,-0.7884,-0.8452,-0.7974,-0.5397,-0.4297,-0.5229,-0.5491,-0.5828,-0.6147,-0.5763,-0.479,-0.3938,-0.3521,-0.3326,-0.3127,-0.2953,-0.2849,-0.2817,-0.2844,-0.2917,-0.3025,-0.3165,-0.3335,-0.3533,-0.3753,-0.3983,-0.4209,-0.4417,-0.4593,-0.4731,-0.483,-0.5776,-0.6125,-0.6601,-0.7272,-0.8234,-0.9605,-1.1372,-1.2358,-0.878,-0.5857,-0.5893,-0.5869,-0.6486,-0.7828,-0.7005,-0.4867,-0.3511,-0.3469,-0.347,-0.3011,-0.2672,-0.2523,-0.2506,-0.2572,-0.2689,-0.284,-0.3023,-0.3243,-0.35,-0.3787,-0.4088,-0.438,-0.464,-0.485,-0.5003,-0.5099,-0.5917,-0.631,-0.6853,-0.7626,-0.8769,-1.0508,-1.3108,-1.5871,-1.3447,-0.8507,-0.6324,-0.6091,-0.6329,-0.8296,-0.7314,-0.3834,-0.2247,-0.4153,-0.4254,-0.2844,-0.2253,-0.207,-0.2102,-0.2244,-0.2426,-0.2628,-0.2858,-0.3137,-0.3471,-0.3852,-0.4253,-0.4638,-0.4968,-0.5218,-0.5378,-0.5456,-0.5957,-0.6345,-0.6871,-0.7603,-0.8647,-1.0155,-1.2198,-1.4131,-1.2529,-0.8018,-0.5742,-0.6431,-0.6551,-0.2561,-0.3585,-0.0016,0.2666,-0.1246,-0.2667,-0.1943,-0.1476,-0.1346,-0.1544,-0.185,-0.213,-0.2379,-0.2651,-0.2997,-0.3437,-0.3955,-0.4508,-0.503,-0.5457,-0.5747,-0.5896,-0.5927,-0.5905,-0.6247,-0.669,-0.727,-0.8022,-0.8952,-0.9902,-1.019,-0.8578,-0.5706,-0.3908,-0.3808,-0.3368,-0.208,-0.1294,0.726,1.6761,0.5459,0.0108,-0.0731,-0.0082,-0.0059,-0.0784,-0.1425,-0.1811,-0.2068,-0.2354,-0.2779,-0.3375,-0.4108,-0.4899,-0.5633,-0.6194,-0.6515,-0.661,-0.6541,-0.5781,-0.6054,-0.6383,-0.6772,-0.7202,-0.7601,-0.7762,-0.7286,-0.5798,-0.3476,-0.103,-0.1905,-0.2211,-0.2004,-0.0514,0.6095,1.2371,0.4402,-0.0454,-0.031,0.2528,0.1966,-0.0061,-0.111,-0.1482,-0.1612,-0.1849,-0.2389,-0.3242,-0.4323,-0.5501,-0.6574,-0.7318,-0.7628,-0.7576,-0.7314,-0.5614,-0.5811,-0.6027,-0.6246,-0.643,-0.6498,-0.6308,-0.5677,-0.4494,-0.2829,-0.1169,-0.1623,-0.1273,-0.0847,-0.1139,0.0336,0.0924,-0.2386,-0.4919,-0.2296,0.267,0.1978,-0.0244,-0.1087,-0.1068,-0.0783,-0.0877,-0.1663,-0.2979,-0.4615,-0.6413,-0.8033,-0.9015,-0.9193,-0.8817,-0.8224,-0.5428,-0.5557,-0.5679,-0.5775,-0.5807,-0.5715,-0.5425,-0.487,-0.4049,-0.31,-0.2362,-0.2013,-0.1193,-0.1062,-0.2553,-0.3137,-0.3905,-0.8438,-1.2719,-0.7034,-0.2508,-0.1221,-0.1397,-0.1248,-0.0361,0.0888,0.1046,-0.0448,-0.2599,-0.5001,-0.7686,-1.0149,-1.1389,-1.1178,-1.0221,-0.9155,-0.5243,-0.5317,-0.5372,-0.5389,-0.534,-0.519,-0.4906,-0.4473,-0.392,-0.3344,-0.2872,-0.2543,-0.2351,-0.2873,-0.4855,-0.5617,-0.541,-0.8556,-1.0968,-0.8117,-0.5412,-0.3428,-0.2379,-0.1392,0.0494,0.3555,0.4143,0.0805,-0.2433,-0.5452,-0.9027,-1.249,-1.3904,-1.3053,-1.14,-0.987,-0.5071,-0.5105,-0.5115,-0.5087,-0.5002,-0.4844,-0.46,-0.4272,-0.3893,-0.3517,-0.3212,-0.3038,-0.3106,-0.3692,-0.4932,-0.5423,-0.549,-0.6909,-0.8325,-0.8645,-0.6276,-0.4094,-0.2768,-0.1696,0.0121,0.3669,0.4419,-0.0362,-0.321,-0.5851,-0.9533,-1.3363,-1.4814,-1.3681,-1.1775,-1.0098,-0.4918,-0.4924,-0.4907,-0.4856,-0.4762,-0.4615,-0.4415,-0.417,-0.3903,-0.3651,-0.3461,-0.3382,-0.3487,-0.3848,-0.4386,-0.4785,-0.5207,-0.6067,-0.7115,-0.7184,-0.5388,-0.3461,-0.2446,-0.2076,-0.1811,-0.232,-0.5366,-0.5325,-0.4861,-0.6097,-0.8796,-1.1812,-1.3178,-1.2552,-1.113,-0.9748,-0.4786,-0.4775,-0.4742,-0.4683,-0.459,-0.4463,-0.4302,-0.4117,-0.3926,-0.3755,-0.3634,-0.3597,-0.3676,-0.3884,-0.4176,-0.4482,-0.4831,-0.526,-0.5549,-0.5144,-0.3646,-0.1736,-0.1145,-0.1901,-0.3067,-0.5517,-0.8707,-0.7513,-0.591,-0.6153,-0.7689,-0.9565,-1.0664,-1.0618,-0.9894,-0.9004,-0.4674,-0.4652,-0.4613,-0.4552,-0.4467,-0.4359,-0.423,-0.409,-0.395,-0.383,-0.375,-0.3728,-0.3779,-0.3902,-0.4078,-0.4276,-0.4475,-0.4618,-0.4533,-0.3924,-0.2502,-0.0586,-0.0134,-0.151,-0.3154,-0.5045,-0.6583,-0.6475,-0.5873,-0.5987,-0.682,-0.7902,-0.8676,-0.8878,-0.8621,-0.8145,-0.458,-0.4553,-0.4511,-0.4453,-0.4377,-0.4286,-0.4183,-0.4075,-0.3971,-0.3883,-0.3825,-0.3807,-0.3835,-0.3906,-0.4008,-0.4116,-0.4198,-0.4191,-0.3986,-0.3432,-0.2435,-0.1299,-0.1026,-0.1881,-0.3084,-0.4267,-0.5136,-0.5429,-0.5458,-0.5677,-0.6194,-0.684,-0.7363,-0.7608,-0.7575,-0.7358]}]