docs/data/wind_grid.json
[{"header":{"la1":42.85,"la2":41.18,"lo1":11.55,"lo2":14.05,"nx":36,"ny":24,"dx":0.07143,"dy":0.07261,"parameterCategory":2,"parameterNumber":2,"parameterNumberName":"eastward_wind","parameterUnit":"m.s-1"},"data":[-0.6739,-0.6842,-0.6955,-0.7074,-0.7194,-0.7302,-0.7385,-0.7424,-0.7413,-0.7356,-0.7275,-0.7199,-0.7155,-0.7159,-0.7218,-0.7324,-0.7456,-0.7586,-0.7681,-0.7715,-0.7679,-0.758,-0.7437,-0.727,-0.7096,-0.6925,-0.6763,-0.6614,-0.6479,-0.6357,-0.6247,-0.6149,-0.6061,-0.5982,-0.5911,-0.5849,-0.6787,-0.691,-0.7051,-0.7209,-0.7377,-0.754,-0.7673,-0.774,-0.7719,-0.7614,-0.7463,-0.7321,-0.7233,-0.7228,-0.7312,-0.7476,-0.769,-0.7905,-0.8064,-0.8119,-0.8058,-0.7904,-0.7693,-0.7462,-0.7232,-0.7018,-0.6823,-0.6649,-0.6495,-0.6359,-0.6239,-0.6133,-0.604,-0.5957,-0.5884,-0.5819,-0.6828,-0.6972,-0.7146,-0.7352,-0.7591,-0.7845,-0.8074,-0.8208,-0.818,-0.7989,-0.7711,-0.7452,-0.7291,-0.7268,-0.7389,-0.7642,-0.7989,-0.8351,-0.8619,-0.87,-0.8581,-0.8321,-0.7999,-0.7672,-0.7371,-0.7103,-0.6871,-0.6671,-0.6498,-0.6349,-0.622,-0.6108,-0.601,-0.5924,-0.5849,-0.5783,-0.6855,-0.7019,-0.7226,-0.749,-0.7823,-0.8223,-0.8638,-0.8929,-0.8919,-0.8564,-0.8042,-0.758,-0.7304,-0.7251,-0.7423,-0.7809,-0.8369,-0.8991,-0.9458,-0.9566,-0.9306,-0.8844,-0.8343,-0.7886,-0.7496,-0.717,-0.69,-0.6675,-0.6485,-0.6325,-0.6189,-0.6072,-0.5971,-0.5883,-0.5807,-0.574,-0.6863,-0.7041,-0.7275,-0.7592,-0.8034,-0.8641,-0.9394,-1.0062,-1.0152,-0.9456,-0.8457,-0.7662,-0.7228,-0.7141,-0.7376,-0.7935,-0.8816,-0.9893,-1.0743,-1.0855,-1.027,-0.9444,-0.8683,-0.8067,-0.7584,-0.7203,-0.6899,-0.6653,-0.6452,-0.6284,-0.6143,-0.6023,-0.592,-0.5832,-0.5755,-0.5689,-0.6849,-0.703,-0.7273,-0.7619,-0.8142,-0.8965,-1.0218,-1.1685,-1.2116,-1.0681,-0.8821,-0.7587,-0.6996,-0.6888,-0.7191,-0.7929,-0.9195,-1.0967,-1.2514,-1.2554,-1.1328,-0.9974,-0.8924,-0.8163,-0.7605,-0.7185,-0.6859,-0.6602,-0.6394,-0.6223,-0.6081,-0.5961,-0.5858,-0.577,-0.5695,-0.563,-0.6813,-0.6983,-0.7211,-0.7537,-0.8049,-0.8933,-1.0525,-1.2935,-1.3973,-1.1429,-0.8671,-0.7172,-0.654,-0.6454,-0.6815,-0.7667,-0.9179,-1.1511,-1.379,-1.3715,-1.1855,-1.0133,-0.8938,-0.812,-0.7536,-0.7104,-0.6774,-0.6516,-0.631,-0.6143,-0.6003,-0.5885,-0.5785,-0.5698,-0.5625,-0.5562,-0.676,-0.691,-0.7101,-0.7358,-0.7741,-0.8382,-0.9554,-1.14,-1.2093,-0.9768,-0.749,-0.632,-0.584,-0.582,-0.6228,-0.7106,-0.8542,-1.059,-1.2543,-1.2603,-1.1159,-0.9731,-0.8679,-0.7925,-0.7372,-0.6958,-0.6642,-0.6397,-0.6202,-0.6043,-0.5909,-0.5796,-0.5699,-0.5616,-0.5544,-0.5484,-0.6699,-0.6828,-0.6977,-0.7152,-0.7357,-0.7602,-0.7886,-0.807,-0.7602,-0.6482,-0.5669,-0.5214,-0.4957,-0.4985,-0.5442,-0.6374,-0.7688,-0.9148,-1.0283,-1.0503,-0.9897,-0.9041,-0.8257,-0.7621,-0.7129,-0.6754,-0.6469,-0.6248,-0.6072,-0.5927,-0.5803,-0.5696,-0.5602,-0.5522,-0.5453,-0.5396,-0.6639,-0.6754,-0.6879,-0.7006,-0.7108,-0.7112,-0.6837,-0.5916,-0.4178,-0.3303,-0.3934,-0.4177,-0.3967,-0.3887,-0.4411,-0.5627,-0.7233,-0.8706,-0.9549,-0.9631,-0.9175,-0.8497,-0.7826,-0.7263,-0.6828,-0.6504,-0.6262,-0.6077,-0.5927,-0.58,-0.5687,-0.5586,-0.5495,-0.5416,-0.5349,-0.5295,-0.6584,-0.6696,-0.6823,-0.6963,-0.71,-0.7178,-0.6988,-0.5737,-0.1752,0.0082,-0.2842,-0.3477,-0.2869,-0.228,-0.2922,-0.4898,-0.7547,-0.9956,-1.0879,-1.0283,-0.9196,-0.8196,-0.742,-0.6861,-0.6477,-0.6215,-0.6033,-0.5895,-0.5778,-0.5671,-0.5567,-0.5467,-0.5375,-0.5295,-0.523,-0.518,-0.653,-0.6648,-0.6795,-0.6987,-0.7254,-0.7653,-0.8235,-0.8406,-0.496,-0.2192,-0.3423,-0.325,-0.1811,0.0266,-0.0823,-0.4313,-0.8953,-1.4113,-1.5063,-1.2144,-0.9526,-0.788,-0.6914,-0.6365,-0.6063,-0.5897,-0.5797,-0.572,-0.5641,-0.555,-0.5448,-0.5342,-0.5241,-0.5155,-0.5089,-0.5044,-0.647,-0.6593,-0.6757,-0.6992,-0.7362,-0.8002,-0.9154,-1.084,-0.8919,-0.5784,-0.438,-0.3406,-0.2139,0.1029,-0.0085,-0.4695,-1.0765,-2.0919,-2.1054,-1.3522,-0.9197,-0.7077,-0.61,-0.5703,-0.558,-0.5569,-0.5585,-0.5582,-0.5539,-0.5452,-0.5335,-0.5205,-0.5083,-0.4985,-0.4918,-0.4881,-0.6398,-0.6517,-0.6678,-0.6911,-0.7269,-0.7842,-0.8692,-0.9458,-0.8616,-0.6321,-0.4823,-0.3536,-0.3103,-0.2978,-0.3359,-0.6695,-1.0989,-1.6339,-1.6746,-1.1093,-0.7138,-0.5328,-0.4819,-0.4858,-0.5065,-0.5287,-0.5452,-0.5527,-0.5503,-0.5393,-0.5228,-0.5046,-0.4883,-0.4765,-0.47,-0.468,-0.631,-0.6414,-0.6552,-0.6739,-0.6999,-0.7343,-0.771,-0.78,-0.711,-0.5995,-0.5362,-0.5082,-0.4607,-0.4919,-0.5258,-1.0027,-1.4688,-1.1458,-0.9546,-0.6313,-0.3256,-0.2458,-0.3121,-0.3945,-0.4632,-0.5155,-0.5489,-0.5624,-0.5576,-0.5388,-0.5118,-0.4834,-0.4602,-0.446,-0.4411,-0.4428,-0.621,-0.6292,-0.6393,-0.6519,-0.6667,-0.6813,-0.6882,-0.6731,-0.6275,-0.5733,-0.5366,-0.7171,-0.6494,-0.56,-0.614,-0.9341,-1.2392,-0.8591,-0.5304,-0.2167,0.148,0.0874,-0.1552,-0.3273,-0.4484,-0.5342,-0.5836,-0.5969,-0.5809,-0.5445,-0.4972,-0.4507,-0.4171,-0.4018,-0.4021,-0.4113,-0.6101,-0.6159,-0.6225,-0.6295,-0.6361,-0.6395,-0.6356,-0.6199,-0.594,-0.568,-0.5483,-0.6294,-0.7359,-0.7649,-0.6169,-0.6243,-0.6073,-0.3531,-0.1048,-0.007,0.2214,0.1439,-0.1134,-0.3188,-0.4843,-0.608,-0.6689,-0.6674,-0.6242,-0.5554,-0.4729,-0.3961,-0.3484,-0.3374,-0.351,-0.3741,-0.599,-0.6026,-0.6061,-0.6092,-0.6108,-0.6093,-0.6031,-0.5918,-0.5784,-0.5702,-0.5777,-0.6205,-0.7357,-0.742,-0.4973,-0.3763,-0.2741,0.1018,0.4195,0.1609,0.0672,-0.0073,-0.1658,-0.3642,-0.5795,-0.7602,-0.8237,-0.7785,-0.6872,-0.5699,-0.4328,-0.3083,-0.2456,-0.2519,-0.2918,-0.3356,-0.5882,-0.5899,-0.5912,-0.5915,-0.5904,-0.587,-0.5808,-0.5726,-0.5645,-0.5605,-0.5644,-0.5774,-0.5845,-0.4984,-0.2361,-0.1416,-0.1485,0.1388,0.3521,0.2692,0.1126,-0.0364,-0.1965,-0.4124,-0.6946,-0.9623,-1.0168,-0.8991,-0.7577,-0.5895,-0.3868,-0.2019,-0.1293,-0.1678,-0.241,-0.3059,-0.5779,-0.5781,-0.5777,-0.5763,-0.5736,-0.5692,-0.5632,-0.5559,-0.5486,-0.5422,-0.5363,-0.5253,-0.4908,-0.3945,-0.2273,-0.1611,-0.127,0.0749,0.367,0.4672,0.1933,0.0011,-0.1643,-0.3998,-0.721,-1.0099,-1.062,-0.9674,-0.8232,-0.6247,-0.3812,-0.1617,-0.0854,-0.1394,-0.2255,-0.2971,-0.5682,-0.5673,-0.5656,-0.5631,-0.5593,-0.5543,-0.5478,-0.5402,-0.5316,-0.5216,-0.5082,-0.486,-0.445,-0.3754,-0.2889,-0.2203,-0.136,0.0227,0.2269,0.288,0.1633,0.0803,-0.0222,-0.2773,-0.6422,-0.9602,-1.1482,-1.0883,-0.8958,-0.677,-0.4448,-0.2489,-0.1686,-0.1945,-0.2563,-0.3135,-0.5592,-0.5574,-0.5548,-0.5514,-0.5468,-0.5411,-0.534,-0.5255,-0.5153,-0.5025,-0.4851,-0.4597,-0.4221,-0.3703,-0.3092,-0.2435,-0.1617,-0.0537,0.0552,0.1141,0.1618,0.3015,0.3181,-0.0286,-0.5143,-0.9701,-1.2743,-1.1663,-0.9258,-0.7128,-0.524,-0.3752,-0.2976,-0.2882,-0.3135,-0.3465,-0.551,-0.5484,-0.5451,-0.541,-0.5358,-0.5294,-0.5217,-0.5123,-0.5009,-0.4864,-0.4676,-0.4424,-0.4089,-0.3667,-0.3167,-0.2593,-0.1916,-0.1137,-0.0337,0.0512,0.2031,0.4864,0.5685,0.1616,-0.3561,-0.7809,-1.017,-0.9966,-0.8532,-0.7015,-0.5672,-0.4613,-0.3955,-0.3695,-0.3701,-0.3829,-0.5434,-0.5403,-0.5364,-0.5317,-0.526,-0.5191,-0.5108,-0.5008,-0.4887,-0.4736,-0.4547,-0.4308,-0.401,-0.3649,-0.3226,-0.2741,-0.2187,-0.1567,-0.0874,0.0014,0.1413,0.323,0.3492,0.0879,-0.2729,-0.5748,-0.7512,-0.7888,-0.7377,-0.6556,-0.5722,-0.5014,-0.4511,-0.4232,-0.413,-0.4138]},{"header":{"la1":42.85,"la2":41.18,"lo1":11.55,"lo2":14.05,"nx":36,"ny":24,"dx":0.07143,"dy":0.07261,"parameterCategory":2,"parameterNumber":3,"parameterNumberName":"northward_wind","parameterUnit":"m.s-1"},"data":[-0.6705,-0.6672,-0.6623,-0.6558,-0.6478,-0.6387,-0.6292,-0.6198,-0.6109,-0.602,-0.5919,-0.5793,-0.5634,-0.5438,-0.521,-0.496,-0.4708,-0.4476,-0.4289,-0.4164,-0.4105,-0.4103,-0.4142,-0.4207,-0.4286,-0.4372,-0.4462,-0.4552,-0.4644,-0.4735,-0.4826,-0.4916,-0.5005,-0.509,-0.5172,-0.525,-0.6798,-0.6764,-0.6709,-0.6631,-0.6531,-0.6414,-0.6293,-0.6184,-0.6096,-0.6022,-0.594,-0.5825,-0.5658,-0.5433,-0.5155,-0.4836,-0.4505,-0.4197,-0.3957,-0.3814,-0.3773,-0.3812,-0.39,-0.401,-0.4128,-0.4245,-0.4359,-0.447,-0.4579,-0.4687,-0.4792,-0.4896,-0.4996,-0.5093,-0.5185,-0.5272,-0.6904,-0.6871,-0.6809,-0.6713,-0.6581,-0.6418,-0.6246,-0.6102,-0.6016,-0.5981,-0.5949,-0.5868,-0.5703,-0.5447,-0.5105,-0.4691,-0.4239,-0.3809,-0.3483,-0.3324,-0.3331,-0.345,-0.3619,-0.3795,-0.3962,-0.4115,-0.4257,-0.439,-0.4518,-0.4643,-0.4764,-0.4882,-0.4997,-0.5106,-0.5209,-0.5305,-0.7026,-0.6998,-0.6932,-0.6815,-0.6636,-0.6393,-0.6116,-0.5885,-0.5794,-0.5848,-0.5933,-0.5929,-0.5784,-0.5496,-0.5076,-0.4533,-0.3898,-0.326,-0.2783,-0.2614,-0.2736,-0.301,-0.3307,-0.3574,-0.3799,-0.3991,-0.416,-0.4316,-0.4464,-0.4606,-0.4745,-0.4879,-0.5009,-0.5132,-0.5248,-0.5354,-0.7167,-0.7151,-0.7089,-0.6956,-0.672,-0.6352,-0.5866,-0.541,-0.5275,-0.5542,-0.5887,-0.603,-0.5922,-0.5602,-0.5095,-0.4395,-0.3497,-0.2498,-0.1733,-0.1581,-0.1968,-0.2517,-0.2999,-0.337,-0.3653,-0.388,-0.4074,-0.425,-0.4417,-0.4579,-0.4736,-0.4889,-0.5036,-0.5175,-0.5304,-0.5421,-0.733,-0.7339,-0.7297,-0.7168,-0.6892,-0.638,-0.5548,-0.4564,-0.4243,-0.5012,-0.5874,-0.6227,-0.6148,-0.5787,-0.52,-0.4352,-0.315,-0.1604,-0.0308,-0.0244,-0.1143,-0.2085,-0.2763,-0.3219,-0.3541,-0.379,-0.4001,-0.4194,-0.438,-0.4562,-0.4742,-0.4916,-0.5083,-0.5239,-0.5383,-0.5511,-0.7512,-0.7561,-0.7565,-0.7483,-0.7236,-0.6674,-0.5553,-0.3835,-0.3108,-0.4711,-0.6169,-0.6623,-0.6492,-0.6066,-0.5424,-0.4506,-0.3136,-0.1158,0.0713,0.0662,-0.0735,-0.1932,-0.2682,-0.3149,-0.347,-0.372,-0.3939,-0.4148,-0.4354,-0.4559,-0.4764,-0.4963,-0.5154,-0.5331,-0.5491,-0.5632,-0.7705,-0.781,-0.789,-0.791,-0.7803,-0.7433,-0.6565,-0.5107,-0.452,-0.6043,-0.7171,-0.7292,-0.6947,-0.6423,-0.576,-0.4883,-0.365,-0.194,-0.0309,-0.0224,-0.1267,-0.2189,-0.2775,-0.3152,-0.3428,-0.3662,-0.3884,-0.4107,-0.4336,-0.4571,-0.4807,-0.5038,-0.5258,-0.5459,-0.5638,-0.579,-0.7896,-0.8068,-0.8245,-0.841,-0.8532,-0.8555,-0.8423,-0.8237,-0.8474,-0.8992,-0.8817,-0.8136,-0.7438,-0.6819,-0.6162,-0.5362,-0.4385,-0.3272,-0.231,-0.2004,-0.2271,-0.2641,-0.2938,-0.3173,-0.3384,-0.3596,-0.3823,-0.4067,-0.4328,-0.4601,-0.4878,-0.515,-0.5406,-0.5636,-0.5835,-0.5999,-0.8067,-0.8306,-0.8584,-0.8906,-0.9275,-0.9696,-1.021,-1.1027,-1.2387,-1.2679,-1.073,-0.8878,-0.7842,-0.7246,-0.6624,-0.5806,-0.492,-0.4129,-0.351,-0.3122,-0.2965,-0.2953,-0.3017,-0.3133,-0.3295,-0.35,-0.3744,-0.4022,-0.4328,-0.4653,-0.4986,-0.5311,-0.5613,-0.5879,-0.6099,-0.6272,-0.8197,-0.8492,-0.8857,-0.9315,-0.9894,-1.0616,-1.1479,-1.2643,-1.5535,-1.7003,-1.2116,-0.9107,-0.8088,-0.7867,-0.7295,-0.6175,-0.5114,-0.4453,-0.4008,-0.3566,-0.3197,-0.2978,-0.2911,-0.297,-0.3125,-0.3352,-0.3635,-0.3966,-0.4337,-0.4736,-0.5145,-0.5542,-0.5904,-0.6212,-0.6455,-0.663,-0.827,-0.86,-0.9021,-0.9569,-1.0293,-1.124,-1.2356,-1.3221,-1.4151,-1.4717,-1.1033,-0.8591,-0.82,-0.9166,-0.8445,-0.633,-0.4886,-0.4632,-0.4443,-0.371,-0.3057,-0.268,-0.2562,-0.2641,-0.2848,-0.3138,-0.3489,-0.3897,-0.4359,-0.486,-0.5376,-0.5874,-0.6316,-0.6674,-0.6936,-0.7101,-0.8274,-0.8613,-0.9047,-0.9617,-1.0386,-1.1432,-1.2779,-1.3969,-1.3205,-1.1376,-0.9142,-0.7876,-0.7619,-0.9608,-0.8798,-0.5425,-0.3876,-0.531,-0.5313,-0.3563,-0.2472,-0.196,-0.1898,-0.2114,-0.2456,-0.2854,-0.33,-0.381,-0.4394,-0.5041,-0.5713,-0.6354,-0.6905,-0.7322,-0.759,-0.7721,-0.821,-0.8527,-0.8928,-0.9446,-1.0127,-1.1025,-1.2131,-1.3086,-1.2305,-0.9792,-0.7876,-0.7755,-0.7468,-0.2755,-0.4681,-0.2157,-0.004,-0.2914,-0.3763,-0.2333,-0.1046,-0.0528,-0.0798,-0.1379,-0.1966,-0.2508,-0.306,-0.3691,-0.444,-0.5298,-0.6204,-0.7061,-0.7763,-0.8241,-0.8484,-0.8532,-0.8085,-0.8359,-0.8691,-0.9098,-0.9592,-1.0164,-1.0711,-1.0856,-0.9907,-0.8142,-0.6768,-0.5865,-0.3985,-0.0312,-0.2287,0.3487,1.053,0.2439,-0.0824,-0.0095,0.1958,0.22,0.0811,-0.053,-0.1449,-0.2108,-0.2732,-0.3495,-0.4473,-0.5651,-0.6926,-0.812,-0.9037,-0.9561,-0.9709,-0.9584,-0.7916,-0.8133,-0.8381,-0.8658,-0.895,-0.9207,-0.9307,-0.9025,-0.8182,-0.7084,-0.6625,-0.462,-0.4263,-0.318,-0.2285,0.2604,0.7383,0.2064,-0.0381,0.1941,0.7403,0.6331,0.2395,0.0097,-0.1013,-0.1611,-0.2205,-0.3113,-0.4432,-0.6115,-0.7994,-0.9738,-1.0959,-1.1462,-1.1359,-1.0904,-0.7722,-0.7879,-0.8045,-0.8207,-0.834,-0.8393,-0.8285,-0.7925,-0.7309,-0.6675,-0.6473,-0.5515,-0.5274,-0.5285,-0.372,-0.1811,-0.0713,-0.2124,-0.2877,0.0721,0.7947,0.6584,0.2247,0.0067,-0.0663,-0.0797,-0.1188,-0.2338,-0.422,-0.6696,-0.9559,-1.222,-1.3851,-1.4133,-1.3477,-1.2455,-0.7518,-0.7623,-0.772,-0.7796,-0.7826,-0.7775,-0.7603,-0.7282,-0.6844,-0.64,-0.6018,-0.5612,-0.5588,-0.5549,-0.4916,-0.4466,-0.4031,-0.5521,-0.7348,-0.3707,0.0483,0.1441,0.0242,-0.0506,-0.0153,0.0854,0.0859,-0.0958,-0.3789,-0.7359,-1.1688,-1.5807,-1.7904,-1.7529,-1.5877,-1.4043,-0.7318,-0.738,-0.7426,-0.7444,-0.7416,-0.7321,-0.7141,-0.6874,-0.6545,-0.62,-0.5875,-0.5599,-0.5454,-0.5463,-0.6131,-0.6477,-0.5338,-0.594,-0.6812,-0.553,-0.3536,-0.2108,-0.1683,-0.1179,0.0507,0.3567,0.4147,0.0559,-0.344,-0.7964,-1.3879,-1.9791,-2.2228,-2.0754,-1.7896,-1.5263,-0.713,-0.716,-0.717,-0.7151,-0.7093,-0.6983,-0.6815,-0.6593,-0.6333,-0.606,-0.5801,-0.5587,-0.5467,-0.5555,-0.6082,-0.6245,-0.5566,-0.5653,-0.644,-0.6772,-0.5078,-0.3802,-0.307,-0.21,-0.0031,0.3737,0.4519,-0.0278,-0.3888,-0.8218,-1.4597,-2.1273,-2.3804,-2.1835,-1.8533,-1.5643,-0.6959,-0.6964,-0.6951,-0.6911,-0.6839,-0.6727,-0.6576,-0.6388,-0.6176,-0.5956,-0.5747,-0.5573,-0.5467,-0.5474,-0.5587,-0.5577,-0.5413,-0.5504,-0.5946,-0.6022,-0.5289,-0.4783,-0.4379,-0.3486,-0.225,-0.1857,-0.409,-0.4359,-0.5039,-0.8,-1.3096,-1.8513,-2.0937,-1.9858,-1.7403,-1.5027,-0.6806,-0.6795,-0.6766,-0.6714,-0.6637,-0.653,-0.6394,-0.6234,-0.6057,-0.5875,-0.5702,-0.5553,-0.5446,-0.539,-0.5367,-0.5325,-0.5276,-0.5314,-0.5431,-0.5448,-0.5459,-0.5878,-0.5955,-0.4951,-0.4079,-0.4794,-0.6709,-0.6054,-0.5805,-0.7601,-1.0928,-1.4481,-1.6505,-1.6471,-1.5245,-1.3731,-0.667,-0.6648,-0.661,-0.6553,-0.6475,-0.6375,-0.6253,-0.6115,-0.5965,-0.5811,-0.5663,-0.5532,-0.5424,-0.5344,-0.5284,-0.5232,-0.5197,-0.5202,-0.5251,-0.536,-0.5727,-0.6569,-0.6822,-0.576,-0.491,-0.5067,-0.569,-0.5768,-0.6029,-0.7253,-0.9301,-1.1493,-1.2992,-1.3423,-1.3028,-1.2241,-0.6551,-0.6522,-0.6478,-0.6419,-0.6343,-0.6251,-0.6142,-0.6021,-0.5891,-0.5759,-0.5631,-0.5513,-0.541,-0.5325,-0.5255,-0.52,-0.5165,-0.5161,-0.5204,-0.534,-0.5667,-0.616,-0.626,-0.5706,-0.5188,-0.512,-0.5344,-0.561,-0.607,-0.6969,-0.8263,-0.9638,-1.0697,-1.1211,-1.1214,-1.0883]}]