docs/data/wind_grid.json
{"header": {"la1":42.1,"la2":41.55,"lo1":12.1,"lo2":12.95,"nx":50,"ny":50,"dx":0.01735,"dy":0.01122,"parameterCategory":2,"parameterNumber":2,"parameterNumberName":"eastward_wind","parameterUnit":"m.s-1"}, "data":
[rows 0 to 39 of 50, columns 0 to 49 of 50]
-0.4663,-0.4658,-0.4656,-0.4658,-0.4664,-0.4675,-0.469,-0.4711,-0.4738,-0.477,-0.4809,-0.4856,-0.491,-0.4974,-0.5049,-0.5137,-0.5239,-0.5361,-0.5504,-0.5674,-0.5877,-0.6117,-0.64,-0.6734,-0.7123,-0.7572,-0.8085,-0.8666,-0.9313,-1.0028,-1.0804,-1.1636,-1.2511,-1.3414,-1.4323,-1.521,-1.6045,-1.6796,-1.7435,-1.7942,-1.8303,-1.8519,-1.86,-1.8562,-1.8426,-1.8215,-1.7948,-1.7645,-1.7319,-1.6982
-0.4596,-0.4588,-0.4584,-0.4583,-0.4586,-0.4594,-0.4607,-0.4624,-0.4648,-0.4677,-0.4712,-0.4755,-0.4805,-0.4864,-0.4933,-0.5015,-0.5111,-0.5225,-0.5362,-0.5525,-0.5722,-0.5958,-0.624,-0.6575,-0.697,-0.743,-0.7959,-0.8562,-0.924,-0.9991,-1.0812,-1.1697,-1.2634,-1.3606,-1.4588,-1.5551,-1.6459,-1.7275,-1.7964,-1.8501,-1.8873,-1.908,-1.9136,-1.9061,-1.8882,-1.8624,-1.831,-1.7962,-1.7596,-1.7223
-0.4529,-0.4518,-0.4511,-0.4507,-0.4508,-0.4513,-0.4522,-0.4537,-0.4557,-0.4583,-0.4615,-0.4653,-0.4699,-0.4752,-0.4816,-0.4891,-0.498,-0.5086,-0.5215,-0.5371,-0.556,-0.5791,-0.607,-0.6405,-0.6805,-0.7275,-0.782,-0.8445,-0.9152,-0.9941,-1.0808,-1.1748,-1.2749,-1.3794,-1.4857,-1.5903,-1.6891,-1.7778,-1.8522,-1.9093,-1.9475,-1.967,-1.9695,-1.9577,-1.9347,-1.9036,-1.8672,-1.8276,-1.7866,-1.7455
-0.4462,-0.4448,-0.4438,-0.4431,-0.4429,-0.4431,-0.4437,-0.4449,-0.4466,-0.4488,-0.4516,-0.455,-0.4591,-0.464,-0.4697,-0.4765,-0.4847,-0.4945,-0.5064,-0.5211,-0.5392,-0.5615,-0.589,-0.6224,-0.6627,-0.7106,-0.7667,-0.8314,-0.905,-0.9877,-1.079,-1.1786,-1.2854,-1.3975,-1.5123,-1.626,-1.7338,-1.8304,-1.9109,-1.9715,-2.0106,-2.0284,-2.0272,-2.0104,-1.9818,-1.9449,-1.9029,-1.8582,-1.8127,-1.7677
-0.4394,-0.4377,-0.4364,-0.4355,-0.4349,-0.4348,-0.4352,-0.436,-0.4374,-0.4393,-0.4417,-0.4447,-0.4484,-0.4527,-0.4578,-0.4639,-0.4712,-0.48,-0.4909,-0.5045,-0.5217,-0.5431,-0.57,-0.6032,-0.6437,-0.6924,-0.75,-0.8168,-0.8934,-0.9797,-1.0757,-1.1809,-1.2944,-1.4145,-1.5383,-1.6617,-1.7792,-1.8846,-1.9718,-2.0363,-2.0761,-2.0918,-2.0862,-2.0637,-2.0287,-1.9855,-1.9376,-1.8876,-1.8375,-1.7885
-0.4326,-0.4306,-0.429,-0.4277,-0.4269,-0.4265,-0.4266,-0.4271,-0.4281,-0.4297,-0.4318,-0.4344,-0.4376,-0.4414,-0.4459,-0.4512,-0.4576,-0.4654,-0.4752,-0.4876,-0.5035,-0.524,-0.5501,-0.5829,-0.6235,-0.6729,-0.7319,-0.8008,-0.8802,-0.9701,-1.0706,-1.1813,-1.3015,-1.4296,-1.5628,-1.6966,-1.8247,-1.9397,-2.0343,-2.103,-2.1434,-2.1564,-2.1457,-2.1167,-2.0747,-2.0247,-1.9706,-1.9152,-1.8604,-1.8075
-0.4257,-0.4235,-0.4216,-0.42,-0.4188,-0.4181,-0.4179,-0.4181,-0.4189,-0.4201,-0.4219,-0.4241,-0.4269,-0.4301,-0.434,-0.4385,-0.444,-0.4507,-0.4592,-0.4703,-0.4849,-0.5041,-0.5292,-0.5615,-0.6021,-0.6522,-0.7124,-0.7834,-0.8655,-0.9589,-1.0637,-1.1796,-1.3062,-1.4422,-1.5849,-1.7295,-1.8689,-1.9945,-2.0972,-2.1704,-2.2112,-2.2209,-2.2045,-2.1682,-2.1188,-2.0617,-2.0012,-1.9403,-1.881,-1.8243
-0.4189,-0.4163,-0.4141,-0.4122,-0.4107,-0.4097,-0.4092,-0.4091,-0.4096,-0.4105,-0.412,-0.4139,-0.4162,-0.4189,-0.4222,-0.4259,-0.4304,-0.436,-0.4432,-0.4528,-0.4659,-0.4836,-0.5076,-0.5391,-0.5796,-0.6302,-0.6918,-0.7647,-0.8495,-0.9461,-1.0548,-1.1755,-1.3081,-1.4515,-1.6034,-1.759,-1.9103,-2.0472,-2.1589,-2.2369,-2.2779,-2.2839,-2.261,-2.217,-2.1598,-2.0954,-2.0286,-1.9624,-1.8988,-1.8386
-0.412,-0.4091,-0.4066,-0.4044,-0.4026,-0.4012,-0.4004,-0.4001,-0.4002,-0.4009,-0.402,-0.4036,-0.4056,-0.4079,-0.4105,-0.4135,-0.417,-0.4214,-0.4271,-0.4351,-0.4465,-0.4626,-0.4852,-0.5159,-0.5562,-0.6073,-0.67,-0.7449,-0.8322,-0.9318,-1.044,-1.1689,-1.3065,-1.4566,-1.6171,-1.7834,-1.9469,-2.0958,-2.2169,-2.3001,-2.3413,-2.3431,-2.3133,-2.2614,-2.1962,-2.1247,-2.0519,-1.9808,-1.9132,-1.8499
-0.4052,-0.4019,-0.399,-0.3965,-0.3944,-0.3927,-0.3916,-0.391,-0.3909,-0.3913,-0.3921,-0.3934,-0.3951,-0.3969,-0.399,-0.4013,-0.4038,-0.407,-0.4112,-0.4175,-0.427,-0.4413,-0.4623,-0.492,-0.5319,-0.5835,-0.6475,-0.7242,-0.8139,-0.9163,-1.0314,-1.1595,-1.3011,-1.4566,-1.6245,-1.8008,-1.9762,-2.1373,-2.2684,-2.3571,-2.3984,-2.3959,-2.3591,-2.2993,-2.2265,-2.1484,-2.0702,-1.9947,-1.9237,-1.8578
-0.3983,-0.3947,-0.3915,-0.3886,-0.3861,-0.3842,-0.3827,-0.3818,-0.3814,-0.3816,-0.3823,-0.3833,-0.3847,-0.3862,-0.3878,-0.3894,-0.391,-0.393,-0.3957,-0.4001,-0.4075,-0.4198,-0.4391,-0.4675,-0.5071,-0.5591,-0.6243,-0.703,-0.795,-0.8998,-1.0172,-1.1476,-1.2917,-1.4507,-1.6243,-1.8089,-1.9954,-2.1684,-2.3097,-2.4041,-2.4457,-2.4392,-2.3958,-2.3286,-2.2491,-2.1653,-2.0825,-2.0036,-1.9299,-1.8621
-0.3914,-0.3875,-0.3839,-0.3806,-0.3778,-0.3755,-0.3738,-0.3726,-0.372,-0.3719,-0.3724,-0.3733,-0.3744,-0.3756,-0.3768,-0.3779,-0.3787,-0.3794,-0.3806,-0.3831,-0.3883,-0.3983,-0.4157,-0.4429,-0.482,-0.5345,-0.6011,-0.6817,-0.7759,-0.8828,-1.0018,-1.1332,-1.2782,-1.4385,-1.6152,-1.8058,-2.0014,-2.1853,-2.3364,-2.4367,-2.4791,-2.4692,-2.4203,-2.3472,-2.2623,-2.1742,-2.0881,-2.0067,-1.9314,-1.8624
-0.3846,-0.3803,-0.3763,-0.3726,-0.3695,-0.3668,-0.3648,-0.3633,-0.3625,-0.3622,-0.3625,-0.3633,-0.3643,-0.3653,-0.3662,-0.3668,-0.3669,-0.3666,-0.3662,-0.3667,-0.3697,-0.3773,-0.3926,-0.4183,-0.457,-0.5101,-0.5781,-0.6607,-0.7571,-0.8658,-0.9859,-1.1171,-1.2608,-1.4198,-1.5963,-1.7896,-1.9914,-2.1843,-2.3442,-2.4504,-2.4944,-2.4825,-2.4299,-2.3529,-2.2646,-2.174,-2.0862,-2.0038,-1.9279,-1.8585
-0.3778,-0.3731,-0.3687,-0.3646,-0.3611,-0.3581,-0.3557,-0.3539,-0.3529,-0.3524,-0.3526,-0.3533,-0.3542,-0.3552,-0.3559,-0.3562,-0.3557,-0.3545,-0.3528,-0.3514,-0.352,-0.3571,-0.3701,-0.3944,-0.4327,-0.4863,-0.5559,-0.6407,-0.7393,-0.8497,-0.97,-1.0997,-1.2402,-1.3949,-1.5676,-1.7593,-1.9634,-2.162,-2.329,-2.4408,-2.4875,-2.4758,-2.4222,-2.3441,-2.2551,-2.1642,-2.0766,-1.9946,-1.9191,-1.8504
-0.371,-0.3658,-0.361,-0.3566,-0.3526,-0.3492,-0.3465,-0.3444,-0.3431,-0.3426,-0.3427,-0.3433,-0.3443,-0.3453,-0.346,-0.3461,-0.3452,-0.3433,-0.3405,-0.3375,-0.3358,-0.3384,-0.349,-0.3718,-0.4096,-0.4639,-0.5351,-0.6221,-0.7231,-0.835,-0.9552,-1.0823,-1.2175,-1.3647,-1.5295,-1.715,-1.9164,-2.1165,-2.288,-2.4048,-2.4556,-2.447,-2.3957,-2.3198,-2.2331,-2.1444,-2.0589,-1.9789,-1.9053,-1.8381
-0.3642,-0.3587,-0.3534,-0.3485,-0.3441,-0.3403,-0.3372,-0.3348,-0.3333,-0.3326,-0.3326,-0.3333,-0.3344,-0.3355,-0.3363,-0.3364,-0.3354,-0.333,-0.3294,-0.3252,-0.3216,-0.3217,-0.33,-0.3512,-0.3885,-0.4435,-0.5163,-0.6057,-0.709,-0.8225,-0.9422,-1.0657,-1.1938,-1.3309,-1.4839,-1.6581,-1.8514,-2.0481,-2.2207,-2.3416,-2.398,-2.3953,-2.3502,-2.2801,-2.1987,-2.1149,-2.0335,-1.957,-1.8864,-1.8217
-0.3575,-0.3515,-0.3458,-0.3404,-0.3356,-0.3313,-0.3278,-0.3251,-0.3233,-0.3224,-0.3224,-0.3232,-0.3244,-0.3258,-0.3269,-0.3272,-0.3262,-0.3238,-0.3198,-0.3148,-0.3101,-0.3081,-0.3141,-0.3337,-0.3703,-0.4257,-0.5,-0.5918,-0.6978,-0.8131,-0.9322,-1.0515,-1.1711,-1.2955,-1.4331,-1.5915,-1.7713,-1.9595,-2.1294,-2.2531,-2.3162,-2.3225,-2.2869,-2.2261,-2.153,-2.0763,-2.0009,-1.9294,-1.8628,-1.8015
-0.3509,-0.3444,-0.3382,-0.3323,-0.327,-0.3222,-0.3182,-0.3151,-0.3131,-0.312,-0.312,-0.3129,-0.3144,-0.3161,-0.3176,-0.3183,-0.3176,-0.3153,-0.3114,-0.3066,-0.3016,-0.2986,-0.3025,-0.3201,-0.3557,-0.4111,-0.4867,-0.5809,-0.6898,-0.8072,-0.926,-1.0408,-1.1509,-1.261,-1.3805,-1.5193,-1.6812,-1.8561,-2.0196,-2.1444,-2.2147,-2.232,-2.2088,-2.1598,-2.0974,-2.0298,-1.962,-1.8966,-1.8351,-1.7779
-0.3444,-0.3374,-0.3307,-0.3242,-0.3183,-0.313,-0.3085,-0.305,-0.3026,-0.3014,-0.3014,-0.3024,-0.3042,-0.3064,-0.3084,-0.3096,-0.3094,-0.3075,-0.304,-0.2999,-0.2964,-0.294,-0.2961,-0.3111,-0.3449,-0.3999,-0.4766,-0.5733,-0.6855,-0.8055,-0.9243,-1.035,-1.1353,-1.23,-1.3297,-1.4467,-1.5874,-1.7454,-1.8992,-2.023,-2.1001,-2.1292,-2.1198,-2.0844,-2.0343,-1.9771,-1.9178,-1.8596,-1.8038,-1.7513
-0.338,-0.3305,-0.3232,-0.3162,-0.3096,-0.3037,-0.2987,-0.2947,-0.2919,-0.2905,-0.2904,-0.2916,-0.2937,-0.2964,-0.2991,-0.301,-0.3015,-0.2999,-0.2967,-0.2936,-0.2926,-0.2931,-0.2941,-0.3057,-0.3374,-0.3918,-0.4696,-0.569,-0.6849,-0.8081,-0.9278,-1.0347,-1.1255,-1.2049,-1.2845,-1.3786,-1.4968,-1.6355,-1.7771,-1.8976,-1.98,-2.0202,-2.0246,-2.0033,-1.9659,-1.9198,-1.8698,-1.8192,-1.7696,-1.7222
-0.3317,-0.3237,-0.3158,-0.3082,-0.301,-0.2944,-0.2887,-0.2841,-0.2809,-0.2792,-0.2791,-0.2804,-0.283,-0.2862,-0.2896,-0.2924,-0.2935,-0.2924,-0.2891,-0.2857,-0.2859,-0.2898,-0.2911,-0.3007,-0.3314,-0.3861,-0.4654,-0.5679,-0.6878,-0.8149,-0.9364,-1.0406,-1.1227,-1.1874,-1.2476,-1.3196,-1.4152,-1.534,-1.6616,-1.7764,-1.8616,-1.9111,-1.928,-1.9199,-1.8951,-1.8599,-1.8193,-1.7764,-1.7333,-1.6911
-0.3256,-0.317,-0.3085,-0.3002,-0.2923,-0.285,-0.2786,-0.2733,-0.2696,-0.2676,-0.2674,-0.2689,-0.2718,-0.2757,-0.2799,-0.2835,-0.2855,-0.2848,-0.2808,-0.2749,-0.2708,-0.2721,-0.2766,-0.2911,-0.3249,-0.3818,-0.4637,-0.5696,-0.6939,-0.8255,-0.9494,-1.052,-1.1269,-1.1785,-1.2211,-1.2727,-1.3471,-1.4464,-1.5589,-1.6659,-1.7511,-1.8069,-1.8339,-1.8375,-1.824,-1.7992,-1.7676,-1.7323,-1.6956,-1.6587
-0.3198,-0.3106,-0.3014,-0.2924,-0.2837,-0.2756,-0.2683,-0.2623,-0.2579,-0.2555,-0.2552,-0.2569,-0.2603,-0.2648,-0.2697,-0.2744,-0.2775,-0.2773,-0.2723,-0.2621,-0.2484,-0.2385,-0.2484,-0.2756,-0.3172,-0.3786,-0.464,-0.5737,-0.7024,-0.8386,-0.9656,-1.0677,-1.1369,-1.1776,-1.2052,-1.2392,-1.2946,-1.3754,-1.4726,-1.5698,-1.6521,-1.7112,-1.7455,-1.7584,-1.7547,-1.7391,-1.7158,-1.6877,-1.6571,-1.6255
-0.3141,-0.3044,-0.2945,-0.2848,-0.2753,-0.2662,-0.258,-0.2511,-0.2459,-0.243,-0.2425,-0.2445,-0.2484,-0.2536,-0.2593,-0.2649,-0.2692,-0.2702,-0.2648,-0.251,-0.2287,-0.2097,-0.2222,-0.2601,-0.3103,-0.3772,-0.4665,-0.5797,-0.7124,-0.8527,-0.9828,-1.0851,-1.1504,-1.1828,-1.1985,-1.218,-1.2573,-1.3214,-1.4034,-1.4896,-1.5667,-1.626,-1.6648,-1.6845,-1.6886,-1.6809,-1.6649,-1.6434,-1.6186,-1.5919
-0.3088,-0.2984,-0.2879,-0.2774,-0.267,-0.257,-0.2477,-0.2397,-0.2336,-0.2299,-0.2293,-0.2316,-0.2363,-0.2422,-0.2485,-0.255,-0.2608,-0.2636,-0.2593,-0.2445,-0.2198,-0.1998,-0.2115,-0.2521,-0.3075,-0.3788,-0.4713,-0.5873,-0.7227,-0.8658,-0.9982,-1.101,-1.1639,-1.1908,-1.1981,-1.2068,-1.2329,-1.2823,-1.3499,-1.4247,-1.4947,-1.5519,-1.5926,-1.6168,-1.6269,-1.6255,-1.6158,-1.6001,-1.5804,-1.5583
-0.3037,-0.2928,-0.2817,-0.2703,-0.259,-0.2479,-0.2375,-0.2282,-0.2209,-0.2164,-0.2155,-0.2183,-0.224,-0.2309,-0.2378,-0.2448,-0.2521,-0.2573,-0.2559,-0.2435,-0.222,-0.206,-0.2164,-0.2545,-0.3108,-0.3842,-0.4786,-0.5958,-0.7321,-0.876,-1.0091,-1.1121,-1.1738,-1.1979,-1.2004,-1.2018,-1.2179,-1.2549,-1.3096,-1.373,-1.4352,-1.4885,-1.529,-1.5557,-1.5699,-1.5735,-1.5689,-1.5582,-1.5432,-1.5253
-0.2991,-0.2876,-0.2758,-0.2637,-0.2514,-0.2392,-0.2275,-0.2168,-0.208,-0.2023,-0.201,-0.2045,-0.2118,-0.2201,-0.2275,-0.2346,-0.2429,-0.251,-0.2538,-0.2466,-0.2315,-0.2211,-0.2314,-0.266,-0.3205,-0.3938,-0.4881,-0.6046,-0.7395,-0.8818,-1.0134,-1.1156,-1.177,-1.2007,-1.2017,-1.1992,-1.2083,-1.2356,-1.2791,-1.3321,-1.3862,-1.4346,-1.4734,-1.5011,-1.5179,-1.5251,-1.5246,-1.5181,-1.5071,-1.4929
-0.2949,-0.2829,-0.2704,-0.2575,-0.2443,-0.231,-0.2179,-0.2055,-0.195,-0.1878,-0.1856,-0.19,-0.1996,-0.2104,-0.2185,-0.2249,-0.2335,-0.2442,-0.2521,-0.2515,-0.2441,-0.2399,-0.2512,-0.2832,-0.3351,-0.4066,-0.4992,-0.613,-0.7442,-0.8822,-1.0101,-1.1102,-1.1718,-1.1969,-1.1992,-1.1959,-1.201,-1.221,-1.2555,-1.2992,-1.3456,-1.3889,-1.4251,-1.4524,-1.4706,-1.4804,-1.4831,-1.48,-1.4724,-1.4615
-0.2911,-0.2787,-0.2656,-0.252,-0.2379,-0.2234,-0.2089,-0.1948,-0.1822,-0.1729,-0.1693,-0.1743,-0.1874,-0.2021,-0.2113,-0.2166,-0.2245,-0.2372,-0.2498,-0.2562,-0.2566,-0.2587,-0.2723,-0.3031,-0.3526,-0.4215,-0.5109,-0.6204,-0.7459,-0.8774,-0.9996,-1.0964,-1.158,-1.1858,-1.1913,-1.1896,-1.1932,-1.2085,-1.2359,-1.272,-1.3115,-1.3496,-1.3828,-1.4091,-1.4279,-1.4393,-1.4443,-1.444,-1.4392,-1.4311
-0.2879,-0.275,-0.2615,-0.2472,-0.2323,-0.2168,-0.2008,-0.185,-0.1701,-0.1581,-0.1523,-0.1573,-0.1746,-0.1955,-0.2069,-0.2105,-0.217,-0.2307,-0.2471,-0.2597,-0.2674,-0.2757,-0.2924,-0.3231,-0.3709,-0.437,-0.5224,-0.6264,-0.7446,-0.868,-0.983,-1.0755,-1.137,-1.168,-1.178,-1.1795,-1.1835,-1.1961,-1.2185,-1.2485,-1.2822,-1.3156,-1.3457,-1.3705,-1.3891,-1.4016,-1.4083,-1.41,-1.4077,-1.402
-0.2853,-0.272,-0.258,-0.2432,-0.2276,-0.2112,-0.194,-0.1765,-0.1594,-0.1444,-0.1354,-0.139,-0.1607,-0.19,-0.205,-0.2072,-0.212,-0.2258,-0.2447,-0.2622,-0.276,-0.29,-0.3102,-0.3419,-0.3885,-0.4519,-0.5329,-0.6306,-0.7408,-0.8553,-0.9623,-1.0499,-1.1107,-1.1449,-1.1597,-1.1654,-1.1712,-1.1828,-1.2019,-1.2273,-1.2562,-1.2855,-1.3127,-1.3358,-1.3539,-1.3668,-1.3747,-1.3781,-1.3777,-1.3741
-0.2832,-0.2697,-0.2554,-0.2402,-0.224,-0.2069,-0.1888,-0.1699,-0.1509,-0.1332,-0.1206,-0.1215,-0.1461,-0.1844,-0.2044,-0.2062,-0.2099,-0.2234,-0.2435,-0.2642,-0.283,-0.3018,-0.3255,-0.3586,-0.4045,-0.4654,-0.542,-0.6332,-0.7351,-0.8403,-0.9392,-1.0216,-1.0814,-1.1183,-1.1377,-1.1477,-1.1561,-1.1679,-1.1851,-1.2073,-1.2325,-1.2584,-1.2829,-1.3044,-1.3218,-1.3348,-1.3435,-1.3482,-1.3493,-1.3474
-0.2817,-0.2681,-0.2536,-0.2381,-0.2217,-0.2041,-0.1854,-0.1657,-0.1454,-0.1259,-0.1108,-0.109,-0.1339,-0.1778,-0.2028,-0.2065,-0.2106,-0.2238,-0.2442,-0.2668,-0.2889,-0.3117,-0.3384,-0.373,-0.4186,-0.4772,-0.5494,-0.6342,-0.7279,-0.8243,-0.9152,-0.9924,-1.0508,-1.0897,-1.1132,-1.1275,-1.1388,-1.1515,-1.1679,-1.1879,-1.2103,-1.2335,-1.2557,-1.2756,-1.2923,-1.3053,-1.3144,-1.3201,-1.3224,-1.322
-0.2809,-0.2672,-0.2526,-0.2371,-0.2205,-0.2028,-0.184,-0.1641,-0.1436,-0.1237,-0.1082,-0.1057,-0.1291,-0.1719,-0.1996,-0.2072,-0.2132,-0.2265,-0.2467,-0.2702,-0.2946,-0.3202,-0.3495,-0.3854,-0.4306,-0.487,-0.5551,-0.6338,-0.7199,-0.8081,-0.8915,-0.9637,-1.0203,-1.0606,-1.0874,-1.1054,-1.1196,-1.1338,-1.15,-1.1687,-1.1891,-1.2102,-1.2306,-1.2491,-1.265,-1.2778,-1.2873,-1.2936,-1.297,-1.2978
-0.2807,-0.2671,-0.2525,-0.2371,-0.2207,-0.2032,-0.1846,-0.1652,-0.1454,-0.1267,-0.1128,-0.1116,-0.1327,-0.1696,-0.1966,-0.2083,-0.2171,-0.231,-0.251,-0.2748,-0.3005,-0.3281,-0.3591,-0.396,-0.4408,-0.4951,-0.5594,-0.6324,-0.7115,-0.7921,-0.8688,-0.9362,-0.9909,-1.0319,-1.0612,-1.0824,-1.0993,-1.115,-1.1316,-1.1495,-1.1687,-1.1882,-1.2071,-1.2245,-1.2396,-1.2521,-1.2618,-1.2687,-1.2729,-1.2747
-0.2811,-0.2676,-0.2533,-0.2381,-0.2221,-0.205,-0.1872,-0.1687,-0.1504,-0.1339,-0.1229,-0.1235,-0.1417,-0.1715,-0.196,-0.2104,-0.2218,-0.2368,-0.2567,-0.2805,-0.3068,-0.3356,-0.3678,-0.4052,-0.4495,-0.5018,-0.5623,-0.6302,-0.703,-0.7769,-0.8475,-0.9105,-0.963,-1.0042,-1.0354,-1.0591,-1.0783,-1.0956,-1.1127,-1.1304,-1.1487,-1.1671,-1.1849,-1.2013,-1.2159,-1.2281,-1.2379,-1.2452,-1.25,-1.2527
-0.2822,-0.2689,-0.2549,-0.2402,-0.2246,-0.2083,-0.1914,-0.1744,-0.158,-0.1441,-0.1359,-0.138,-0.1532,-0.1768,-0.1983,-0.2139,-0.2275,-0.2434,-0.2634,-0.287,-0.3136,-0.343,-0.3758,-0.4134,-0.4568,-0.5071,-0.5643,-0.6275,-0.6946,-0.7626,-0.8277,-0.8867,-0.9371,-0.9781,-1.0104,-1.036,-1.0571,-1.0758,-1.0937,-1.1114,-1.1292,-1.1468,-1.1637,-1.1794,-1.1935,-1.2055,-1.2154,-1.2229,-1.2283,-1.2317
-0.2839,-0.2709,-0.2573,-0.2431,-0.2282,-0.2128,-0.1971,-0.1817,-0.1674,-0.156,-0.1502,-0.153,-0.1656,-0.1845,-0.2033,-0.2192,-0.234,-0.2507,-0.2708,-0.2943,-0.3209,-0.3504,-0.3834,-0.4207,-0.4632,-0.5115,-0.5656,-0.6245,-0.6866,-0.7493,-0.8097,-0.865,-0.9132,-0.9536,-0.9866,-1.0135,-1.0361,-1.056,-1.0746,-1.0925,-1.1101,-1.1272,-1.1435,-1.1587,-1.1723,-1.1841,-1.194,-1.2019,-1.2077,-1.2117
-0.2861,-0.2735,-0.2604,-0.2468,-0.2327,-0.2183,-0.204,-0.1902,-0.1779,-0.1687,-0.1647,-0.1677,-0.1782,-0.1937,-0.2103,-0.2259,-0.2414,-0.2587,-0.2788,-0.3022,-0.3285,-0.358,-0.3908,-0.4275,-0.4689,-0.5152,-0.5663,-0.6214,-0.6791,-0.7371,-0.7932,-0.8452,-0.8913,-0.9308,-0.964,-0.9919,-1.0156,-1.0366,-1.0558,-1.074,-1.0915,-1.1082,-1.1241,-1.1388,-1.1522,-1.1639,-1.1738,-1.1818,-1.1881,-1.1925
-0.2888,-0.2767,-0.2642,-0.2512,-0.238,-0.2247,-0.2117,-0.1995,-0.1891,-0.1817,-0.1789,-0.182,-0.1909,-0.2039,-0.2187,-0.2339,-0.2497,-0.2672,-0.2873,-0.3104,-0.3365,-0.3655,-0.3979,-0.4339,-0.474,-0.5183,-0.5667,-0.6183,-0.672,-0.726,-0.7783,-0.8272,-0.8712,-0.9098,-0.9429,-0.9713,-0.9958,-1.0175,-1.0373,-1.0558,-1.0733,-1.0899,-1.1055,-1.1199,-1.133,-1.1446,-1.1545,-1.1628,-1.1693,-1.1742
