docs/data/wind_grid.json
[{"header":{"la1":42.85,"la2":41.18,"lo1":11.55,"lo2":14.05,"nx":36,"ny":24,"dx":0.07143,"dy":0.07261,"parameterCategory":2,"parameterNumber":2,"parameterNumberName":"eastward_wind","parameterUnit":"m.s-1"},"data":[-0.8005,-0.8048,-0.8069,-0.8067,-0.8042,-0.7992,-0.791,-0.7788,-0.7618,-0.7408,-0.7176,-0.6949,-0.6751,-0.6597,-0.6485,-0.6403,-0.6323,-0.621,-0.6033,-0.5781,-0.5487,-0.5221,-0.505,-0.4999,-0.5042,-0.513,-0.5226,-0.5307,-0.5368,-0.541,-0.5435,-0.5448,-0.5452,-0.5451,-0.5445,-0.5438,-0.8258,-0.8323,-0.8363,-0.8376,-0.8366,-0.8334,-0.827,-0.815,-0.7952,-0.7678,-0.7362,-0.7054,-0.6799,-0.6618,-0.6513,-0.6463,-0.6424,-0.6331,-0.6114,-0.5733,-0.5239,-0.479,-0.4548,-0.4553,-0.4713,-0.4915,-0.5094,-0.5228,-0.5319,-0.5376,-0.5409,-0.5425,-0.543,-0.5428,-0.5422,-0.5414,-0.8555,-0.8653,-0.8716,-0.8747,-0.8758,-0.8762,-0.8749,-0.8667,-0.8447,-0.8072,-0.7611,-0.7169,-0.6824,-0.6608,-0.6522,-0.6537,-0.6593,-0.6578,-0.6335,-0.5733,-0.4823,-0.3973,-0.3631,-0.3832,-0.4261,-0.4667,-0.4967,-0.5164,-0.5284,-0.5353,-0.5389,-0.5405,-0.5409,-0.5405,-0.5398,-0.5388,-0.8908,-0.9054,-0.9148,-0.9194,-0.9222,-0.9284,-0.9395,-0.945,-0.9241,-0.8685,-0.7952,-0.7282,-0.68,-0.6536,-0.6483,-0.6613,-0.6858,-0.7058,-0.6894,-0.5958,-0.4148,-0.2327,-0.1902,-0.2725,-0.3723,-0.4443,-0.4883,-0.5135,-0.5273,-0.5344,-0.5377,-0.5389,-0.5388,-0.5381,-0.5371,-0.536,-0.9331,-0.9553,-0.9697,-0.9746,-0.9758,-0.9879,-1.0243,-1.07,-1.0632,-0.9682,-0.8399,-0.7349,-0.6676,-0.6353,-0.6344,-0.6639,-0.7215,-0.792,-0.8204,-0.6973,-0.3407,0.0793,0.0969,-0.1455,-0.3337,-0.4373,-0.4901,-0.5165,-0.5292,-0.535,-0.5371,-0.5374,-0.5366,-0.5355,-0.5341,-0.5328,-0.9832,-1.0191,-1.0435,-1.0477,-1.0373,-1.045,-1.1185,-1.2642,-1.3118,-1.1175,-0.8824,-0.7257,-0.638,-0.5992,-0.6019,-0.6495,-0.7518,-0.9158,-1.082,-0.9864,-0.4405,0.2816,0.2509,-0.1342,-0.3582,-0.4607,-0.5061,-0.5259,-0.5339,-0.5365,-0.5366,-0.5355,-0.534,-0.5323,-0.5306,-0.529,-1.0394,-1.0991,-1.1478,-1.1563,-1.1154,-1.0841,-1.1633,-1.4333,-1.5845,-1.2202,-0.8711,-0.6819,-0.5839,-0.5386,-0.539,-0.5974,-0.7364,-0.9898,-1.3371,-1.2999,-0.8178,-0.3248,-0.2059,-0.356,-0.4646,-0.5141,-0.5331,-0.5388,-0.5392,-0.5376,-0.5353,-0.5329,-0.5305,-0.5283,-0.5263,-0.5246,-1.0934,-1.1868,-1.286,-1.3245,-1.228,-1.1046,-1.091,-1.2463,-1.3249,-1.0294,-0.7519,-0.5961,-0.5053,-0.4493,-0.4302,-0.4825,-0.6369,-0.8854,-1.149,-1.1926,-1.1858,-1.0428,-0.7682,-0.6374,-0.5931,-0.5728,-0.5592,-0.5491,-0.5416,-0.5362,-0.5321,-0.5287,-0.5258,-0.5232,-0.521,-0.5192,-1.1298,-1.2489,-1.3971,-1.4909,-1.3365,-1.1164,-0.972,-0.9074,-0.8291,-0.6911,-0.5756,-0.4904,-0.4152,-0.3351,-0.2485,-0.2626,-0.4665,-0.7263,-0.9569,-1.2111,-1.6744,-1.5543,-1.0711,-0.8013,-0.6725,-0.6065,-0.5699,-0.5492,-0.5375,-0.5305,-0.526,-0.5225,-0.5195,-0.5168,-0.5146,-0.5127,-1.1378,-1.2592,-1.3893,-1.4535,-1.3658,-1.1219,-0.8816,-0.6899,-0.4932,-0.3924,-0.4148,-0.3967,-0.3348,-0.2289,0.0247,0.1565,-0.2898,-0.649,-0.8886,-1.1375,-1.4718,-1.405,-1.0575,-0.8156,-0.6766,-0.5978,-0.555,-0.5337,-0.5241,-0.5195,-0.5167,-0.5141,-0.5115,-0.5089,-0.5066,-0.5049,-1.119,-1.244,-1.4174,-1.6725,-1.5956,-1.1437,-0.8245,-0.6,-0.2438,-0.079,-0.3088,-0.3329,-0.2716,-0.1871,0.0137,0.1699,-0.3517,-0.7518,-0.9517,-1.0275,-1.0839,-1.0404,-0.8869,-0.7307,-0.6139,-0.5418,-0.5087,-0.5,-0.5011,-0.5037,-0.5047,-0.5038,-0.5017,-0.4991,-0.4968,-0.4953,-1.0732,-1.19,-1.3716,-1.6207,-1.5246,-1.0599,-0.789,-0.6909,-0.4455,-0.2472,-0.3252,-0.2994,-0.2109,-0.0997,-0.1513,-0.3092,-0.66,-1.1881,-1.3414,-1.1105,-0.9471,-0.8407,-0.7297,-0.6097,-0.4992,-0.4334,-0.4271,-0.4495,-0.4719,-0.4858,-0.4917,-0.4923,-0.49,-0.4871,-0.4846,-0.4833,-1.0021,-1.0821,-1.179,-1.2434,-1.1363,-0.9006,-0.7704,-0.799,-0.6978,-0.475,-0.3601,-0.2858,-0.2036,-0.0483,-0.1427,-0.4535,-0.8634,-2.0616,-2.1154,-1.2434,-0.8797,-0.7134,-0.6034,-0.4855,-0.3421,-0.263,-0.3141,-0.3934,-0.4452,-0.4709,-0.48,-0.4799,-0.476,-0.4716,-0.4688,-0.4681,-0.9204,-0.9606,-0.9909,-0.9816,-0.9037,-0.7933,-0.7337,-0.745,-0.6728,-0.4819,-0.3496,-0.2821,-0.2462,-0.0467,-0.3114,-0.5304,-0.7771,-1.4398,-1.5774,-1.041,-0.71,-0.5577,-0.486,-0.3936,-0.2142,-0.103,-0.2283,-0.3637,-0.4357,-0.4653,-0.4714,-0.4661,-0.4575,-0.4505,-0.4473,-0.4481,-0.8436,-0.8573,-0.857,-0.8315,-0.7779,-0.7143,-0.6662,-0.6269,-0.5422,-0.4118,-0.3121,-0.2605,-0.183,-0.0202,-0.3815,-0.5877,-1.3231,-1.0059,-0.8981,-0.645,-0.3742,-0.3044,-0.3569,-0.3607,-0.263,-0.187,-0.2825,-0.3961,-0.4551,-0.4721,-0.4649,-0.4472,-0.4296,-0.419,-0.4169,-0.4215,-0.7787,-0.7779,-0.7657,-0.7383,-0.6967,-0.6481,-0.5981,-0.5392,-0.4545,-0.3424,-0.2339,-0.2158,-0.2304,-0.2478,-0.4242,-0.7628,-1.1414,-0.8218,-0.5807,-0.2877,0.1601,0.0692,-0.2248,-0.3567,-0.3821,-0.3855,-0.4313,-0.4828,-0.5019,-0.4889,-0.455,-0.4145,-0.3827,-0.3693,-0.3728,-0.3863,-0.7264,-0.7182,-0.7015,-0.6749,-0.6393,-0.5969,-0.5484,-0.4904,-0.4177,-0.3302,-0.2483,-0.2538,-0.2896,-0.3177,-0.4047,-0.5403,-0.6059,-0.4649,-0.284,-0.1339,0.2499,0.1313,-0.2016,-0.3868,-0.4905,-0.5593,-0.5995,-0.6008,-0.5677,-0.5089,-0.4314,-0.3521,-0.2996,-0.2897,-0.3105,-0.3419,-0.6849,-0.6733,-0.6551,-0.6301,-0.5984,-0.5609,-0.5178,-0.4685,-0.4135,-0.358,-0.318,-0.3094,-0.3156,-0.3237,-0.3507,-0.3739,-0.3649,-0.1365,0.1203,-0.0876,-0.0951,-0.1425,-0.3006,-0.4648,-0.6239,-0.7675,-0.8147,-0.7488,-0.6453,-0.526,-0.3842,-0.2394,-0.1584,-0.1718,-0.2316,-0.2931,-0.6523,-0.6391,-0.621,-0.5978,-0.5697,-0.5372,-0.5007,-0.4612,-0.4206,-0.3836,-0.3568,-0.3432,-0.3374,-0.3272,-0.2643,-0.2308,-0.2755,-0.1226,0.0194,-0.1122,-0.1979,-0.2808,-0.3971,-0.5535,-0.7674,-1.0254,-1.0823,-0.9,-0.7187,-0.5398,-0.324,-0.0858,0.0275,-0.0404,-0.1584,-0.2534,-0.6266,-0.6131,-0.5958,-0.5747,-0.55,-0.5222,-0.4919,-0.4605,-0.4297,-0.4023,-0.381,-0.366,-0.3532,-0.3295,-0.2728,-0.2504,-0.2722,-0.2106,-0.1294,-0.1084,-0.2263,-0.3426,-0.4574,-0.6061,-0.8239,-1.0884,-1.1441,-0.9615,-0.7636,-0.5566,-0.3095,-0.0227,0.1067,0.0077,-0.1351,-0.2414,-0.6064,-0.5932,-0.577,-0.5581,-0.5365,-0.5129,-0.4879,-0.4625,-0.4382,-0.4164,-0.3982,-0.3833,-0.3686,-0.3491,-0.3239,-0.3094,-0.2991,-0.2615,-0.2037,-0.1973,-0.2933,-0.4004,-0.4913,-0.611,-0.7953,-0.9992,-1.1367,-1.0274,-0.7718,-0.5613,-0.3662,-0.1528,-0.0396,-0.0846,-0.1811,-0.2637,-0.5905,-0.5779,-0.5631,-0.5462,-0.5275,-0.5074,-0.4865,-0.4657,-0.4458,-0.4278,-0.412,-0.3981,-0.3848,-0.3706,-0.3562,-0.3443,-0.3319,-0.3135,-0.2981,-0.3159,-0.3835,-0.4597,-0.4994,-0.5806,-0.7495,-0.9916,-1.2568,-1.0497,-0.6442,-0.4858,-0.4053,-0.3018,-0.2259,-0.2211,-0.2597,-0.3066,-0.578,-0.5662,-0.5528,-0.5378,-0.5215,-0.5043,-0.4867,-0.4693,-0.4527,-0.4375,-0.4238,-0.4115,-0.4002,-0.3894,-0.3794,-0.3708,-0.3632,-0.3576,-0.3609,-0.3857,-0.4365,-0.4847,-0.4923,-0.5491,-0.6806,-0.8371,-0.9161,-0.6669,-0.2978,-0.3234,-0.3858,-0.371,-0.3357,-0.3209,-0.3302,-0.3517,-0.5682,-0.5573,-0.5451,-0.5318,-0.5176,-0.5028,-0.4879,-0.4731,-0.4591,-0.4461,-0.4343,-0.4237,-0.4143,-0.4059,-0.3987,-0.3931,-0.3899,-0.3908,-0.3998,-0.4216,-0.4549,-0.4847,-0.5022,-0.5452,-0.621,-0.6859,-0.6636,-0.4669,-0.2484,-0.2904,-0.3757,-0.398,-0.3895,-0.3802,-0.3805,-0.3891]},{"header":{"la1":42.85,"la2":41.18,"lo1":11.55,"lo2":14.05,"nx":36,"ny":24,"dx":0.07143,"dy":0.07261,"parameterCategory":2,"parameterNumber":3,"parameterNumberName":"northward_wind","parameterUnit":"m.s-1"},"data":[-0.6588,-0.6579,-0.6558,-0.6521,-0.6469,-0.6403,-0.6328,-0.6247,-0.6162,-0.6071,-0.5963,-0.5831,-0.5667,-0.5471,-0.5245,-0.5,-0.475,-0.4511,-0.4302,-0.4134,-0.4013,-0.3933,-0.3886,-0.3866,-0.3865,-0.3882,-0.3913,-0.3957,-0.4011,-0.4073,-0.4141,-0.4214,-0.429,-0.4367,-0.4443,-0.4518,-0.6669,-0.6666,-0.6646,-0.6606,-0.6545,-0.6464,-0.6372,-0.6282,-0.6199,-0.612,-0.6028,-0.5904,-0.5734,-0.5515,-0.5252,-0.4956,-0.4648,-0.4355,-0.4107,-0.3922,-0.3805,-0.3741,-0.3712,-0.3703,-0.3712,-0.3738,-0.378,-0.3836,-0.3904,-0.398,-0.4062,-0.4149,-0.4237,-0.4327,-0.4415,-0.45,-0.6756,-0.6761,-0.6745,-0.67,-0.6622,-0.6512,-0.6384,-0.6267,-0.6186,-0.6139,-0.6088,-0.5992,-0.5825,-0.5585,-0.5277,-0.4915,-0.4526,-0.4154,-0.3853,-0.3661,-0.3576,-0.3556,-0.3554,-0.3551,-0.356,-0.359,-0.3641,-0.371,-0.3792,-0.3884,-0.3982,-0.4085,-0.4188,-0.4292,-0.4393,-0.449,-0.6847,-0.6866,-0.6859,-0.6811,-0.6707,-0.6541,-0.6331,-0.614,-0.6053,-0.6083,-0.6132,-0.6101,-0.5955,-0.5696,-0.5336,-0.4887,-0.438,-0.3881,-0.35,-0.3324,-0.3348,-0.345,-0.3482,-0.3442,-0.3417,-0.3437,-0.3495,-0.3577,-0.3677,-0.3786,-0.3903,-0.4024,-0.4145,-0.4264,-0.438,-0.4489,-0.6941,-0.6985,-0.6999,-0.6954,-0.6819,-0.6562,-0.6176,-0.5771,-0.5636,-0.5865,-0.6149,-0.6248,-0.6142,-0.5871,-0.5458,-0.4904,-0.4223,-0.3499,-0.2952,-0.2833,-0.3144,-0.3587,-0.3612,-0.3388,-0.327,-0.327,-0.3336,-0.3436,-0.3556,-0.3687,-0.3826,-0.3968,-0.4109,-0.4247,-0.4379,-0.4502,-0.7032,-0.7119,-0.7181,-0.716,-0.7001,-0.6636,-0.5942,-0.4971,-0.4609,-0.5394,-0.6186,-0.648,-0.6415,-0.6137,-0.5687,-0.5032,-0.4127,-0.3011,-0.2058,-0.2002,-0.275,-0.3767,-0.3727,-0.324,-0.3057,-0.3067,-0.3158,-0.3284,-0.3429,-0.3586,-0.3751,-0.3919,-0.4084,-0.4244,-0.4394,-0.4532,-0.7103,-0.7265,-0.7436,-0.7481,-0.7301,-0.6885,-0.5962,-0.4158,-0.326,-0.5086,-0.6485,-0.688,-0.6801,-0.6524,-0.6087,-0.5387,-0.4291,-0.2756,-0.1231,-0.1219,-0.1797,-0.254,-0.2823,-0.2702,-0.2708,-0.2812,-0.2955,-0.3117,-0.3294,-0.3484,-0.3682,-0.388,-0.4075,-0.426,-0.4431,-0.4585,-0.7113,-0.7383,-0.7812,-0.8046,-0.7705,-0.7323,-0.6769,-0.5486,-0.4861,-0.6378,-0.7393,-0.7504,-0.7292,-0.7045,-0.675,-0.6129,-0.4935,-0.3295,-0.1814,-0.1111,0.007,-0.0048,-0.1205,-0.1907,-0.2279,-0.2524,-0.2729,-0.2932,-0.3149,-0.338,-0.3619,-0.3858,-0.4087,-0.4302,-0.4497,-0.4668,-0.6987,-0.7285,-0.8117,-0.8928,-0.7885,-0.7611,-0.8007,-0.8228,-0.8563,-0.903,-0.8851,-0.8272,-0.7803,-0.7668,-0.7862,-0.7576,-0.606,-0.4193,-0.246,-0.0254,0.3356,0.2692,0.0018,-0.1316,-0.1913,-0.2234,-0.2475,-0.2718,-0.2984,-0.3272,-0.3567,-0.3858,-0.4132,-0.4382,-0.4602,-0.4791,-0.6687,-0.6653,-0.6913,-0.7171,-0.6188,-0.7353,-0.9187,-1.07,-1.2182,-1.2462,-1.0621,-0.8972,-0.8181,-0.8194,-0.9604,-1.0457,-0.7297,-0.4826,-0.3006,-0.0804,0.1932,0.1706,-0.013,-0.1182,-0.166,-0.1919,-0.2156,-0.2446,-0.2789,-0.3161,-0.3535,-0.3894,-0.4223,-0.4515,-0.4763,-0.4967,-0.6363,-0.5771,-0.4287,-0.0889,-0.1709,-0.6907,-1.0603,-1.2838,-1.5555,-1.695,-1.2057,-0.9281,-0.8338,-0.8295,-0.9414,-1.0494,-0.693,-0.4736,-0.344,-0.2144,-0.09,-0.0557,-0.0926,-0.1245,-0.1361,-0.1446,-0.1674,-0.2068,-0.2551,-0.3053,-0.3538,-0.3986,-0.4384,-0.4723,-0.4998,-0.5212,-0.6276,-0.554,-0.3881,-0.115,-0.2298,-0.8159,-1.2857,-1.528,-1.5282,-1.4983,-1.1339,-0.9,-0.8424,-0.8955,-0.814,-0.6541,-0.4924,-0.411,-0.3657,-0.2812,-0.1999,-0.1516,-0.13,-0.1074,-0.0723,-0.0547,-0.0872,-0.154,-0.2279,-0.2977,-0.3611,-0.4171,-0.465,-0.5039,-0.5338,-0.5551,-0.6479,-0.6049,-0.5371,-0.496,-0.6521,-1.033,-1.4642,-1.7919,-1.6094,-1.2606,-0.9913,-0.8535,-0.8262,-0.9359,-0.7924,-0.3837,-0.2661,-0.4228,-0.4307,-0.2863,-0.2036,-0.1527,-0.1147,-0.0553,0.0486,0.1101,0.0337,-0.0925,-0.2051,-0.2995,-0.3805,-0.45,-0.5074,-0.5514,-0.5822,-0.6013,-0.6803,-0.6722,-0.6736,-0.7194,-0.8592,-1.0978,-1.3835,-1.6157,-1.4896,-1.1192,-0.8902,-0.8395,-0.8381,-0.7742,-0.4156,0.1167,0.1,-0.1852,-0.2909,-0.2074,-0.1284,-0.0848,-0.0656,-0.0035,0.1657,0.2811,0.1322,-0.0577,-0.2032,-0.3197,-0.4196,-0.5051,-0.5735,-0.6218,-0.6507,-0.6635,-0.7079,-0.72,-0.7472,-0.8049,-0.9056,-1.0427,-1.1821,-1.2493,-1.1434,-0.9334,-0.7923,-0.7414,-0.6893,-0.6123,-0.2488,0.2813,0.8581,0.1866,-0.0871,-0.068,0.0682,0.0873,0.0134,0.005,0.1097,0.1899,0.0756,-0.0899,-0.2347,-0.3652,-0.4865,-0.5935,-0.6757,-0.7263,-0.747,-0.746,-0.7242,-0.7433,-0.7739,-0.821,-0.8849,-0.9555,-1.0081,-1.0059,-0.9247,-0.7999,-0.7101,-0.6952,-0.6673,-0.5677,-0.3049,0.1702,0.5925,0.1355,-0.0875,0.0633,0.5229,0.4214,0.1092,-0.0067,-0.0049,0.0068,-0.0483,-0.1552,-0.2873,-0.4351,-0.5898,-0.7321,-0.8347,-0.8816,-0.8806,-0.8522,-0.7294,-0.7484,-0.7741,-0.8071,-0.8443,-0.8773,-0.8918,-0.8733,-0.8186,-0.7488,-0.7028,-0.6903,-0.7056,-0.6895,-0.4441,-0.2115,-0.1069,-0.2459,-0.3459,-0.0514,0.5806,0.4524,0.0993,-0.0331,-0.0523,-0.0458,-0.0788,-0.1783,-0.3314,-0.5219,-0.7389,-0.948,-1.0834,-1.1098,-1.0588,-0.9808,-0.7266,-0.7425,-0.7615,-0.7827,-0.8029,-0.8165,-0.8164,-0.7977,-0.7626,-0.7231,-0.6936,-0.6788,-0.7085,-0.6978,-0.5488,-0.4616,-0.4192,-0.6241,-0.9037,-0.4434,-0.0501,0.0381,-0.0412,-0.078,-0.0316,0.0648,0.0622,-0.1119,-0.3496,-0.6171,-0.9378,-1.2719,-1.4598,-1.4224,-1.2722,-1.1177,-0.7187,-0.7308,-0.7438,-0.7565,-0.7664,-0.7703,-0.7649,-0.7488,-0.7242,-0.6968,-0.6723,-0.6537,-0.6418,-0.6183,-0.6315,-0.6528,-0.5427,-0.6415,-0.764,-0.5196,-0.3293,-0.209,-0.1677,-0.1219,0.0311,0.3641,0.4329,0.0062,-0.3714,-0.7106,-1.1444,-1.6606,-1.9148,-1.7509,-1.4638,-1.2283,-0.7081,-0.7166,-0.7249,-0.7318,-0.7357,-0.7347,-0.7273,-0.7132,-0.6939,-0.6719,-0.6499,-0.6293,-0.6102,-0.5977,-0.6216,-0.628,-0.5519,-0.5358,-0.5091,-0.4878,-0.4009,-0.3,-0.2403,-0.1806,-0.0218,0.3857,0.4811,-0.1255,-0.4832,-0.7899,-1.2284,-1.8166,-2.0997,-1.8703,-1.5298,-1.2686,-0.6963,-0.7019,-0.7067,-0.7097,-0.71,-0.7064,-0.6983,-0.6856,-0.6691,-0.6502,-0.6303,-0.6103,-0.5915,-0.5777,-0.5721,-0.5572,-0.5232,-0.496,-0.4775,-0.455,-0.3838,-0.3016,-0.2601,-0.2518,-0.2422,-0.2941,-0.6124,-0.6446,-0.6932,-0.8635,-1.1461,-1.5469,-1.7757,-1.6639,-1.4305,-1.2251,-0.6844,-0.6877,-0.6899,-0.6904,-0.6884,-0.6834,-0.675,-0.6633,-0.6487,-0.6319,-0.6139,-0.5953,-0.5771,-0.5606,-0.5451,-0.5258,-0.5007,-0.4742,-0.4467,-0.4057,-0.3273,-0.2219,-0.1918,-0.2714,-0.3968,-0.6438,-0.9742,-0.8873,-0.9135,-0.9804,-1.0639,-1.235,-1.3701,-1.3603,-1.2551,-1.1312,-0.6728,-0.6743,-0.6747,-0.6735,-0.6702,-0.6645,-0.6561,-0.6451,-0.6319,-0.6167,-0.6003,-0.5831,-0.5657,-0.5483,-0.5303,-0.5103,-0.4871,-0.4605,-0.4274,-0.3767,-0.2856,-0.1469,-0.1089,-0.2551,-0.4358,-0.6393,-0.8182,-0.9645,-1.2024,-1.1535,-1.0606,-1.0774,-1.1282,-1.1376,-1.0965,-1.0301,-0.6619,-0.6621,-0.6612,-0.6589,-0.6547,-0.6486,-0.6404,-0.6301,-0.6179,-0.6042,-0.5892,-0.5733,-0.5568,-0.5398,-0.5218,-0.5023,-0.4803,-0.4547,-0.4221,-0.3755,-0.3047,-0.2196,-0.2043,-0.3069,-0.4557,-0.6165,-0.7867,-1.0148,-1.239,-1.1792,-1.0501,-1.0026,-1.0022,-1.0013,-0.9809,-0.9441]}]