docs/data/wind_grid.json
[{"header":{"la1":42.85,"la2":41.18,"lo1":11.55,"lo2":14.05,"nx":36,"ny":24,"dx":0.07143,"dy":0.07261,"parameterCategory":2,"parameterNumber":2,"parameterNumberName":"eastward_wind","parameterUnit":"m.s-1"},"data":[-0.3991,-0.4087,-0.4203,-0.4332,-0.4462,-0.4575,-0.4645,-0.4644,-0.4551,-0.4361,-0.4086,-0.3749,-0.3372,-0.2977,-0.2579,-0.2193,-0.1838,-0.1543,-0.1336,-0.124,-0.1254,-0.1361,-0.1527,-0.1721,-0.1919,-0.2105,-0.2271,-0.2415,-0.2536,-0.2635,-0.2716,-0.2782,-0.2834,-0.2876,-0.2909,-0.2937,-0.397,-0.4093,-0.4249,-0.4435,-0.4639,-0.4837,-0.4987,-0.5039,-0.4952,-0.4714,-0.4351,-0.3906,-0.342,-0.2916,-0.2408,-0.1906,-0.1433,-0.103,-0.0752,-0.0645,-0.0712,-0.0911,-0.1181,-0.1471,-0.1746,-0.199,-0.2198,-0.237,-0.2508,-0.2619,-0.2706,-0.2774,-0.2826,-0.2867,-0.2898,-0.2923,-0.3914,-0.4062,-0.4264,-0.4524,-0.4835,-0.5167,-0.546,-0.5619,-0.5552,-0.5234,-0.4726,-0.412,-0.3483,-0.2843,-0.22,-0.1547,-0.0899,-0.0317,0.0086,0.0204,0.0031,-0.0336,-0.0776,-0.1204,-0.158,-0.1893,-0.2145,-0.2345,-0.25,-0.2618,-0.2708,-0.2775,-0.2824,-0.2861,-0.2889,-0.291,-0.3807,-0.3971,-0.4219,-0.4567,-0.5022,-0.5565,-0.6116,-0.65,-0.6493,-0.6019,-0.5245,-0.4387,-0.3552,-0.2752,-0.1955,-0.1116,-0.021,0.0692,0.1345,0.1472,0.1065,0.0382,-0.0328,-0.0946,-0.1444,-0.1831,-0.2127,-0.2349,-0.2515,-0.2636,-0.2724,-0.2786,-0.2829,-0.2859,-0.288,-0.2896,-0.3627,-0.379,-0.4069,-0.4505,-0.5135,-0.5984,-0.6995,-0.7875,-0.8028,-0.7203,-0.5916,-0.4673,-0.3593,-0.2625,-0.168,-0.0645,0.0614,0.2094,0.3296,0.3414,0.247,0.1206,0.0099,-0.075,-0.1374,-0.1828,-0.2156,-0.2393,-0.256,-0.2676,-0.2755,-0.2806,-0.2839,-0.2859,-0.2871,-0.2879,-0.3352,-0.3477,-0.3752,-0.4247,-0.5048,-0.6256,-0.7962,-0.9867,-1.046,-0.88,-0.6594,-0.4868,-0.3547,-0.2429,-0.1372,-0.0207,0.1393,0.3767,0.613,0.6153,0.4074,0.1921,0.036,-0.0697,-0.1414,-0.1908,-0.2249,-0.2482,-0.2639,-0.274,-0.2801,-0.2835,-0.2852,-0.2858,-0.2858,-0.2857,-0.2964,-0.2988,-0.3184,-0.3669,-0.4572,-0.604,-0.8328,-1.1459,-1.2768,-0.9874,-0.6816,-0.4817,-0.3354,-0.2102,-0.0962,0.0165,0.1732,0.4653,0.8347,0.8192,0.4862,0.2051,0.0261,-0.0866,-0.16,-0.2088,-0.2413,-0.2624,-0.2754,-0.2827,-0.2861,-0.287,-0.2864,-0.2852,-0.2838,-0.2826,-0.2458,-0.2282,-0.2265,-0.2613,-0.3525,-0.5056,-0.7203,-0.9806,-1.0793,-0.8594,-0.6246,-0.4515,-0.3027,-0.1561,-0.0191,0.0774,0.1596,0.341,0.6099,0.6099,0.3547,0.1246,-0.0285,-0.1279,-0.1938,-0.2374,-0.2654,-0.282,-0.2905,-0.2935,-0.293,-0.2905,-0.2871,-0.2836,-0.2804,-0.278,-0.1868,-0.1354,-0.0885,-0.0847,-0.1746,-0.3466,-0.5329,-0.6828,-0.7372,-0.6786,-0.5621,-0.4251,-0.272,-0.0778,0.1543,0.2617,0.1912,0.1648,0.2213,0.2183,0.1132,-0.0111,-0.1121,-0.1869,-0.2402,-0.276,-0.2972,-0.3071,-0.309,-0.3059,-0.3001,-0.2932,-0.2863,-0.2801,-0.2751,-0.2714,-0.1307,-0.0338,0.0941,0.1944,0.1038,-0.1646,-0.3935,-0.5492,-0.6716,-0.6956,-0.5755,-0.428,-0.2722,-0.0263,0.4795,0.7287,0.3005,0.061,-0.0091,-0.0373,-0.0806,-0.1392,-0.1994,-0.2532,-0.2959,-0.3243,-0.3373,-0.3378,-0.3304,-0.3189,-0.3062,-0.2938,-0.2827,-0.2736,-0.2666,-0.2619,-0.0972,0.0357,0.2489,0.505,0.4313,-0.0242,-0.3145,-0.4893,-0.7867,-0.9215,-0.6281,-0.4481,-0.3221,-0.1494,0.3618,0.7206,0.2009,-0.072,-0.1659,-0.1906,-0.2073,-0.2357,-0.2751,-0.3196,-0.3603,-0.3852,-0.3884,-0.3749,-0.3537,-0.331,-0.3096,-0.2907,-0.2749,-0.2625,-0.2538,-0.2484,-0.1029,0.0244,0.2244,0.4568,0.3717,-0.0537,-0.2719,-0.3319,-0.5614,-0.7374,-0.5753,-0.4674,-0.3885,-0.3507,-0.2306,-0.0441,-0.1183,-0.2718,-0.3219,-0.2984,-0.2885,-0.3017,-0.3345,-0.3842,-0.4385,-0.4679,-0.4553,-0.4179,-0.3766,-0.3393,-0.3075,-0.2812,-0.2603,-0.2449,-0.2348,-0.2295,-0.1445,-0.0581,0.0488,0.1199,0.0278,-0.1715,-0.2552,-0.2093,-0.299,-0.4767,-0.5215,-0.5375,-0.4678,-0.3878,-0.3546,-0.2652,-0.28,-0.4445,-0.4528,-0.3617,-0.3339,-0.3407,-0.3751,-0.4429,-0.5356,-0.5832,-0.538,-0.4603,-0.3924,-0.3389,-0.2961,-0.262,-0.2359,-0.2179,-0.2075,-0.2037,-0.2016,-0.1562,-0.1173,-0.1143,-0.1724,-0.2525,-0.2819,-0.2578,-0.314,-0.4591,-0.5415,-0.6543,-0.6442,-0.1621,-0.3108,-0.2744,-0.2504,-0.3695,-0.4059,-0.3653,-0.3447,-0.3508,-0.3899,-0.4746,-0.6122,-0.6863,-0.5972,-0.4788,-0.3896,-0.3233,-0.2707,-0.2287,-0.1974,-0.1776,-0.1688,-0.1689,-0.257,-0.2375,-0.2285,-0.2405,-0.2753,-0.3157,-0.3418,-0.3642,-0.4315,-0.5424,-0.6147,-0.5883,-0.4477,-0.3029,-0.3256,-0.1805,0.0222,-0.2344,-0.3459,-0.3461,-0.311,-0.3176,-0.3728,-0.4545,-0.5665,-0.6272,-0.5535,-0.446,-0.3585,-0.2876,-0.2267,-0.1756,-0.1384,-0.1185,-0.1149,-0.1231,-0.3037,-0.2981,-0.3009,-0.3154,-0.3409,-0.3715,-0.4042,-0.4489,-0.527,-0.661,-0.8658,-0.6442,-0.5561,-0.4437,-0.4122,-0.2627,-0.1019,-0.2873,-0.3767,-0.3306,-0.1895,-0.2247,-0.3414,-0.4146,-0.4644,-0.4808,-0.4413,-0.3733,-0.3027,-0.2321,-0.1606,-0.0951,-0.0493,-0.0326,-0.0413,-0.065,-0.3412,-0.3427,-0.3505,-0.3657,-0.3881,-0.4164,-0.4517,-0.5001,-0.5727,-0.6867,-0.8356,-0.7071,-0.605,-0.5902,-0.5756,-0.5334,-0.4664,-0.4696,-0.4715,-0.389,-0.1811,-0.227,-0.3547,-0.4008,-0.4017,-0.3799,-0.3432,-0.2957,-0.2371,-0.1628,-0.0706,0.0237,0.0845,0.0901,0.0548,0.0042,-0.3709,-0.3763,-0.3864,-0.4019,-0.4228,-0.4494,-0.4827,-0.5252,-0.5791,-0.6407,-0.6812,-0.6614,-0.6328,-0.6575,-0.8638,-0.9491,-0.7474,-0.5774,-0.5045,-0.5393,-0.4547,-0.418,-0.4331,-0.4164,-0.367,-0.3151,-0.276,-0.2316,-0.1736,-0.0896,0.0393,0.1914,0.2785,0.253,0.1671,0.0761,-0.3945,-0.402,-0.4132,-0.4285,-0.4483,-0.4726,-0.5021,-0.5369,-0.576,-0.6145,-0.6437,-0.6651,-0.7107,-0.8859,-1.4742,-1.7059,-1.0325,-0.7006,-0.6375,-0.7924,-0.7022,-0.6018,-0.5351,-0.4483,-0.3397,-0.2809,-0.2639,-0.1795,-0.1097,-0.0261,0.1424,0.3827,0.5052,0.4198,0.265,0.1315,-0.4133,-0.4219,-0.4336,-0.4485,-0.4668,-0.4889,-0.5145,-0.5436,-0.575,-0.6072,-0.6404,-0.6843,-0.7706,-0.9813,-1.4143,-1.5397,-1.0874,-0.8732,-1.0406,-1.1579,-0.892,-0.7628,-0.668,-0.5112,-0.3163,-0.2424,-0.2343,-0.0472,-0.0207,0.0094,0.1704,0.4544,0.5965,0.4777,0.294,0.1463,-0.4284,-0.4376,-0.4492,-0.4634,-0.4805,-0.5004,-0.523,-0.5483,-0.5759,-0.6062,-0.642,-0.6915,-0.7722,-0.9061,-1.0671,-1.0989,-0.9731,-0.9044,-0.981,-1.0241,-0.9635,-0.9801,-0.9297,-0.6707,-0.3044,0.0607,0.4596,0.3494,0.0773,-0.0112,0.0831,0.2953,0.4211,0.3599,0.2297,0.1118,-0.4406,-0.4499,-0.4612,-0.4747,-0.4905,-0.5086,-0.5289,-0.5516,-0.5767,-0.6052,-0.6393,-0.6837,-0.7437,-0.8187,-0.8861,-0.9059,-0.8819,-0.8728,-0.908,-0.9681,-1.1123,-1.4253,-1.4919,-1.0013,-0.385,0.245,0.8399,0.5112,-0.018,-0.1431,-0.0703,0.0693,0.169,0.1723,0.1154,0.045,-0.4503,-0.4595,-0.4704,-0.4832,-0.4978,-0.5143,-0.5327,-0.5532,-0.5761,-0.602,-0.6322,-0.6684,-0.7111,-0.7566,-0.7946,-0.8148,-0.8227,-0.8393,-0.8855,-0.9927,-1.2603,-1.7704,-1.9203,-1.2679,-0.5576,-0.0183,0.2611,0.0039,-0.3943,-0.357,-0.2167,-0.0953,-0.0127,0.017,0.0045,-0.0287,-0.458,-0.467,-0.4774,-0.4894,-0.5029,-0.518,-0.5348,-0.5533,-0.5738,-0.5967,-0.6225,-0.6514,-0.6829,-0.7142,-0.7414,-0.7623,-0.7812,-0.8096,-0.8643,-0.9759,-1.1947,-1.4974,-1.5469,-1.1444,-0.6467,-0.282,-0.1358,-0.2606,-0.4496,-0.4041,-0.2827,-0.1862,-0.1212,-0.0882,-0.0824,-0.0944]},{"header":{"la1":42.85,"la2":41.18,"lo1":11.55,"lo2":14.05,"nx":36,"ny":24,"dx":0.07143,"dy":0.07261,"parameterCategory":2,"parameterNumber":3,"parameterNumberName":"northward_wind","parameterUnit":"m.s-1"},"data":[0.2022,0.1849,0.1651,0.1432,0.1203,0.0983,0.0797,0.0671,0.0625,0.0661,0.0766,0.0918,0.1098,0.1292,0.1495,0.1702,0.1905,0.2093,0.2255,0.238,0.2469,0.2527,0.2567,0.2598,0.2628,0.2662,0.2703,0.2751,0.2806,0.2868,0.2934,0.3005,0.3078,0.3151,0.3224,0.3295,0.2056,0.1856,0.1615,0.1335,0.1027,0.0715,0.0441,0.0253,0.019,0.0258,0.0425,0.0647,0.0892,0.1144,0.14,0.1662,0.1924,0.2167,0.2368,0.2509,0.2588,0.2622,0.2632,0.2637,0.2647,0.2667,0.27,0.2744,0.2799,0.2863,0.2934,0.3011,0.309,0.317,0.3249,0.3326,0.213,0.1904,0.1616,0.1259,0.084,0.0386,-0.0041,-0.0343,-0.0434,-0.03,-0.0015,0.0324,0.0659,0.098,0.13,0.1634,0.1982,0.2314,0.258,0.2736,0.2785,0.2765,0.2722,0.2684,0.2665,0.2667,0.2689,0.2729,0.2785,0.2854,0.2931,0.3015,0.3103,0.3192,0.3279,0.3363,0.2259,0.2017,0.1684,0.1239,0.0671,-0.0005,-0.0704,-0.124,-0.1389,-0.1102,-0.0581,-0.0048,0.0407,0.0802,0.1187,0.1609,0.2088,0.258,0.2967,0.3136,0.31,0.2967,0.2832,0.2733,0.2675,0.2655,0.2666,0.2703,0.2761,0.2836,0.2923,0.3018,0.3117,0.3216,0.3313,0.3405,0.2462,0.2223,0.1862,0.1333,0.0587,-0.0408,-0.1595,-0.2649,-0.2945,-0.2282,-0.1271,-0.0432,0.0158,0.0606,0.1037,0.1556,0.223,0.3021,0.3664,0.3828,0.3573,0.3221,0.2943,0.2764,0.2663,0.262,0.2621,0.2658,0.2722,0.2808,0.2909,0.3019,0.3132,0.3245,0.3354,0.3456,0.2757,0.2557,0.2209,0.1632,0.0725,-0.0642,-0.2578,-0.4735,-0.545,-0.3861,-0.1939,-0.0728,-0.0055,0.0382,0.0805,0.1393,0.2309,0.3611,0.4803,0.4892,0.4151,0.3452,0.3007,0.2751,0.2612,0.255,0.2545,0.2585,0.2662,0.2765,0.2886,0.3017,0.315,0.328,0.3403,0.3517,0.3156,0.3053,0.2789,0.2246,0.1275,-0.0329,-0.2893,-0.6428,-0.7892,-0.4896,-0.2121,-0.079,-0.0206,0.0104,0.0421,0.0988,0.2062,0.3861,0.5765,0.5724,0.4438,0.3484,0.2954,0.2663,0.2503,0.2428,0.2422,0.2474,0.2571,0.2702,0.2854,0.3014,0.3173,0.3325,0.3465,0.3591,0.3654,0.3729,0.3666,0.3287,0.239,0.0842,-0.1483,-0.4462,-0.5645,-0.3393,-0.1443,-0.0601,-0.033,-0.0279,-0.0204,0.0207,0.1239,0.2939,0.4667,0.4823,0.3923,0.3194,0.2754,0.2484,0.2316,0.2232,0.223,0.2304,0.2439,0.2615,0.2811,0.3011,0.3205,0.3383,0.3544,0.3684,0.4214,0.4568,0.4886,0.4871,0.4117,0.2647,0.0908,-0.0653,-0.1295,-0.0937,-0.0502,-0.037,-0.05,-0.0806,-0.1198,-0.1098,0.0011,0.1513,0.2732,0.3188,0.3041,0.2743,0.2463,0.222,0.2029,0.1924,0.1932,0.2049,0.225,0.2497,0.2759,0.3016,0.3253,0.3464,0.3647,0.3801,0.4744,0.5447,0.6375,0.7104,0.6475,0.458,0.2907,0.1638,0.0575,0.0079,-0.0004,-0.0292,-0.0759,-0.1369,-0.2553,-0.3115,-0.1101,0.0726,0.1838,0.2364,0.2489,0.2387,0.216,0.1869,0.159,0.1428,0.1457,0.1666,0.1986,0.2349,0.2708,0.3038,0.3329,0.3577,0.3783,0.395,0.5095,0.6059,0.7576,0.9353,0.8889,0.6071,0.4457,0.322,0.0523,-0.0644,0.0109,-0.0394,-0.1152,-0.1768,-0.2631,-0.3228,-0.0961,0.0995,0.2018,0.2351,0.2368,0.2207,0.1876,0.1391,0.0877,0.0586,0.0684,0.1096,0.1639,0.2184,0.2676,0.3099,0.3451,0.3737,0.3965,0.414,0.5156,0.6084,0.7496,0.9074,0.8612,0.6427,0.6016,0.6257,0.3269,0.0749,0.0431,-0.0655,-0.1749,-0.253,-0.2272,-0.1402,0.0341,0.2531,0.3272,0.2884,0.2518,0.2156,0.1597,0.071,-0.0339,-0.0908,-0.057,0.0305,0.1239,0.2045,0.2702,0.3228,0.3643,0.3965,0.4206,0.4381,0.496,0.5616,0.6421,0.7015,0.6706,0.6183,0.7036,0.8856,0.6998,0.306,0.0642,-0.1093,-0.2241,-0.295,-0.2599,-0.0953,0.1362,0.4933,0.5112,0.3435,0.2689,0.216,0.136,-0.0138,-0.2285,-0.3415,-0.2357,-0.0574,0.0917,0.2021,0.2843,0.3467,0.3937,0.4283,0.4525,0.4686,0.4649,0.5037,0.5413,0.5618,0.5583,0.5705,0.6509,0.765,0.6476,0.3101,0.0606,-0.1448,-0.247,-0.6808,-0.2675,-0.0439,0.1387,0.3638,0.4174,0.3282,0.2667,0.216,0.1323,-0.061,-0.4021,-0.5877,-0.3725,-0.0992,0.0924,0.2226,0.3164,0.3859,0.4367,0.4718,0.494,0.5064,0.4339,0.4553,0.473,0.4824,0.4862,0.4979,0.5242,0.5263,0.4186,0.2338,0.0969,-0.0098,-0.2069,-0.3937,-0.1805,0.0453,0.1091,0.2264,0.312,0.2946,0.2305,0.1988,0.1579,0.0067,-0.2771,-0.4392,-0.2684,-0.0323,0.1441,0.2725,0.3702,0.4445,0.4972,0.5301,0.5468,0.5524,0.4079,0.4191,0.427,0.4304,0.43,0.4277,0.4181,0.381,0.2971,0.1901,0.1205,0.1688,0.1063,-0.0186,0.0463,0.133,0.1583,0.2847,0.3699,0.2941,0.0974,0.1238,0.1929,0.1341,-0.0007,-0.0812,-0.0244,0.1,0.2285,0.345,0.4455,0.5254,0.5793,0.6063,0.6124,0.6064,0.3876,0.3928,0.3952,0.394,0.3885,0.3776,0.3566,0.3185,0.2615,0.1971,0.1474,0.2037,0.4726,0.6033,0.3355,0.3157,0.3729,0.5181,0.6098,0.4312,0.0954,0.1414,0.2586,0.2426,0.1643,0.1025,0.1101,0.1892,0.3048,0.426,0.5391,0.6318,0.6879,0.7026,0.6897,0.6659,0.3726,0.3742,0.3734,0.3695,0.3617,0.3486,0.3286,0.3004,0.2672,0.2392,0.2392,0.3228,0.5915,0.6738,0.5372,0.5539,0.5893,0.8177,1.0291,0.7565,0.4892,0.3985,0.3904,0.332,0.2041,0.0537,0.0288,0.1742,0.3535,0.5084,0.6463,0.7629,0.8228,0.8143,0.7716,0.7249,0.3621,0.3618,0.3595,0.3547,0.3468,0.3355,0.3205,0.3032,0.2874,0.2818,0.301,0.3647,0.4706,0.5626,0.7457,0.8295,0.7194,0.8739,1.0246,1.0024,0.8041,0.6428,0.5483,0.4234,0.1734,-0.2383,-0.324,0.0966,0.4126,0.5998,0.7513,0.8915,0.9541,0.9138,0.8391,0.7724,0.3555,0.3543,0.3516,0.3472,0.3408,0.3326,0.3232,0.3146,0.3102,0.3158,0.3391,0.3866,0.4587,0.5635,0.7295,0.7902,0.75,0.8851,1.2016,1.3327,1.0058,0.8331,0.732,0.5768,0.2833,-0.2437,-0.3597,0.2833,0.5805,0.7183,0.8266,0.9434,0.9983,0.9495,0.869,0.7984,0.3519,0.3507,0.3484,0.345,0.3406,0.3357,0.3313,0.3289,0.3315,0.3425,0.3662,0.4059,0.4635,0.5409,0.6276,0.6835,0.7353,0.8657,1.0717,1.1455,1.0516,1.0465,1.0175,0.8435,0.6307,0.5809,0.9249,0.9218,0.865,0.8809,0.8935,0.9237,0.9466,0.9183,0.8612,0.8033,0.3508,0.3499,0.3484,0.3464,0.3441,0.3422,0.3416,0.3437,0.3504,0.3641,0.3871,0.4214,0.4675,0.524,0.5844,0.6428,0.7124,0.8128,0.9292,1.0221,1.1587,1.4402,1.5168,1.1913,0.9357,1.021,1.3564,1.2161,1.131,1.0995,1.0078,0.942,0.9122,0.883,0.8424,0.7976,0.3516,0.3513,0.3507,0.3501,0.3498,0.3504,0.3526,0.3576,0.3669,0.3818,0.4039,0.4341,0.4725,0.5181,0.569,0.6254,0.6927,0.7769,0.879,1.0178,1.2823,1.7363,1.865,1.4142,1.0867,1.0577,1.1613,1.2401,1.4213,1.3433,1.1384,0.9966,0.9191,0.8709,0.8299,0.7904,0.3538,0.3541,0.3546,0.3553,0.3566,0.3591,0.3635,0.3705,0.3812,0.3966,0.4176,0.4449,0.4784,0.5181,0.5636,0.616,0.6784,0.7551,0.8539,0.9971,1.2259,1.5117,1.5779,1.3313,1.1099,1.0532,1.1126,1.2677,1.4569,1.3814,1.1795,1.0253,0.9296,0.8683,0.8227,0.784]}]