docs/data/wind_grid.json
[{"header":{"la1":42.85,"la2":41.18,"lo1":11.55,"lo2":14.05,"nx":36,"ny":24,"dx":0.07143,"dy":0.07261,"parameterCategory":2,"parameterNumber":2,"parameterNumberName":"eastward_wind","parameterUnit":"m.s-1"},"data":[3.7733,3.7842,3.7978,3.8136,3.8306,3.8467,3.8587,3.8635,3.8582,3.8417,3.8147,3.7786,3.7347,3.6836,3.6249,3.5577,3.4811,3.3943,3.2983,3.1974,3.1024,3.0293,2.9924,2.9947,3.027,3.075,3.127,3.176,3.219,3.2552,3.2852,3.3099,3.3301,3.3467,3.3605,3.3722,3.7688,3.7818,3.7993,3.8213,3.8468,3.8732,3.8956,3.9084,3.9063,3.8877,3.8548,3.8112,3.7597,3.7011,3.6343,3.5573,3.4675,3.3618,3.2379,3.0973,2.9551,2.8443,2.7987,2.8233,2.8932,2.978,3.0588,3.1281,3.1845,3.2294,3.2649,3.293,3.3154,3.3334,3.3482,3.3604,3.7592,3.7736,3.795,3.8244,3.8618,3.9041,3.9444,3.9715,3.9748,3.9509,3.9066,3.851,3.7895,3.7228,3.6482,3.562,3.4598,3.3353,3.1787,2.9791,2.7487,2.5585,2.5012,2.5822,2.7267,2.8712,2.9914,3.0844,3.1547,3.2076,3.2477,3.2784,3.3023,3.3211,3.3362,3.3487,3.7429,3.757,3.7811,3.8185,3.8714,3.9385,4.0107,4.0667,4.0797,4.0419,3.9734,3.8975,3.823,3.748,3.6671,3.5738,3.4623,3.325,3.1424,2.8677,2.4678,2.089,2.0249,2.2548,2.541,2.7712,2.9363,3.0519,3.1335,3.192,3.2347,3.2665,3.2907,3.3095,3.3245,3.3368,3.7182,3.7288,3.7523,3.7959,3.8671,3.9705,4.1003,4.22,4.2547,4.1771,4.0556,3.9465,3.8567,3.7754,3.691,3.594,3.4779,3.341,3.1686,2.8502,2.1711,1.3464,1.3333,1.9051,2.3956,2.7114,2.9099,3.0382,3.1242,3.1837,3.2262,3.2572,3.2805,3.2984,3.3126,3.3244,3.6843,3.6863,3.7026,3.746,3.8332,3.9806,4.2017,4.4618,4.5538,4.3637,4.1377,3.9868,3.8855,3.8026,3.7192,3.6231,3.5064,3.3797,3.2816,3.0645,2.2149,0.9075,0.9811,1.8252,2.3994,2.729,2.9247,3.0472,3.1276,3.1826,3.2215,3.2498,3.2708,3.287,3.2999,3.3107,3.6426,3.6299,3.6289,3.6591,3.7516,3.9325,4.234,4.6751,4.8694,4.4936,4.168,4.0021,3.9049,3.8271,3.7489,3.6602,3.5492,3.4223,3.3786,3.3192,2.7247,1.9422,1.812,2.2211,2.5868,2.8259,2.977,3.0747,3.1402,3.1859,3.2186,3.2426,3.2605,3.2743,3.2854,3.295,3.5977,3.5676,3.5435,3.5456,3.6264,3.8115,4.0895,4.4441,4.5911,4.3292,4.1046,3.9908,3.918,3.847,3.7693,3.6937,3.608,3.4879,3.3769,3.2556,2.9887,2.7781,2.6451,2.6983,2.8327,2.9545,3.0442,3.1081,3.1544,3.1888,3.2145,3.2335,3.2478,3.2588,3.2678,3.2761,3.5552,3.5111,3.4841,3.4832,3.5153,3.6698,3.8772,4.0516,4.113,4.0642,4.0114,3.9781,3.9389,3.8634,3.7475,3.6742,3.6594,3.5917,3.4525,3.2285,2.9428,2.9475,2.9766,2.9868,3.02,3.0598,3.0969,3.1304,3.1602,3.1855,3.2054,3.2201,3.2307,3.2387,3.2456,3.2526,3.5182,3.4512,3.4008,3.3847,3.3567,3.5309,3.731,3.8504,3.8931,3.9095,3.9525,3.9901,3.993,3.906,3.6262,3.4704,3.6767,3.7168,3.6106,3.3744,3.0862,3.0696,3.1395,3.143,3.123,3.1072,3.1075,3.1239,3.1477,3.1707,3.1883,3.1999,3.2071,3.212,3.2166,3.2225,3.4941,3.3877,3.2035,2.8648,2.9406,3.4008,3.6572,3.764,3.8175,3.8251,3.9304,4.0356,4.1079,4.0897,3.7551,3.4974,3.7885,3.8946,3.847,3.6655,3.4569,3.349,3.2986,3.2248,3.1316,3.0618,3.0457,3.0716,3.11,3.1418,3.1617,3.1713,3.1745,3.1757,3.178,3.1834,3.4998,3.3851,3.1839,2.8947,2.9856,3.4277,3.638,3.6807,3.7656,3.8408,3.9636,4.1061,4.2593,4.4674,4.2852,4.0062,4.0178,4.1927,4.1986,3.9589,3.7297,3.5596,3.407,3.2175,2.9972,2.8555,2.8695,2.9624,3.0484,3.1019,3.1266,3.1326,3.1297,3.1258,3.1257,3.1316,3.5389,3.4574,3.3502,3.2695,3.3559,3.5537,3.6415,3.6028,3.6778,3.8567,4.0244,4.1914,4.2899,4.5858,4.4228,4.0573,4.093,4.6461,4.6611,4.1594,3.8834,3.6824,3.4571,3.1178,2.6502,2.3836,2.5544,2.8165,2.9829,3.0612,3.0852,3.0809,3.0668,3.0554,3.0533,3.0622,3.5949,3.5516,3.5129,3.5079,3.5639,3.6449,3.6775,3.6545,3.7169,3.8968,4.0615,4.2909,4.3273,3.8783,4.0203,3.7568,3.9139,4.3232,4.4096,4.1412,3.9414,3.7631,3.5092,3.0473,2.2768,1.8424,2.2845,2.734,2.9548,3.0333,3.0375,3.0085,2.9741,2.9524,2.9508,2.9683,3.6509,3.633,3.6249,3.6374,3.6733,3.7162,3.7455,3.7713,3.8437,3.9602,4.0518,4.1063,4.07,3.9961,3.918,3.6996,4.0722,4.0877,4.1334,4.0672,3.9698,3.8516,3.6237,3.1994,2.5451,2.1687,2.482,2.8336,2.9941,3.021,2.9737,2.897,2.8292,2.7959,2.8031,2.8412,3.699,3.6951,3.6996,3.716,3.7437,3.777,3.8121,3.8567,3.9243,4.0091,4.0784,4.0262,4.0329,4.0228,3.9896,3.9872,4.0884,4.0956,4.1148,4.0671,4.0046,3.9528,3.7655,3.467,3.1193,2.9128,2.957,3.0577,3.0782,3.0076,2.8699,2.7105,2.5906,2.5519,2.59,2.6726,3.7379,3.7415,3.7513,3.7689,3.7936,3.8241,3.86,3.9044,3.9595,4.0207,4.0703,4.0521,4.0605,4.0712,4.0574,4.0697,4.1139,4.1999,4.2583,4.1518,4.0215,3.9871,3.8538,3.6609,3.4835,3.3798,3.3353,3.278,3.1637,2.97,2.6924,2.3887,2.1878,2.1712,2.2924,2.4621,3.7686,3.7761,3.7885,3.8062,3.8293,3.8574,3.8904,3.9285,3.9705,4.0108,4.0391,4.053,4.0744,4.0899,4.1379,4.1812,4.2178,4.4111,4.6231,4.3481,4.1416,4.0271,3.9071,3.7731,3.6823,3.668,3.6275,3.4679,3.2341,2.9051,2.4209,1.8573,1.5312,1.6187,1.9213,2.2332,3.7926,3.8022,3.8156,3.833,3.8545,3.8798,3.9087,3.9405,3.9734,4.0041,4.0299,4.0528,4.081,4.136,4.2931,4.3612,4.2851,4.4248,4.5645,4.4682,4.2777,4.1021,3.96,3.8375,3.7901,3.9113,3.933,3.6146,3.2794,2.8495,2.1286,1.1711,0.6839,1.0097,1.5809,2.0515,3.8113,3.8218,3.8354,3.852,3.8718,3.8945,3.9196,3.9464,3.9738,4.0002,4.0255,4.0524,4.0889,4.1557,4.2786,4.3247,4.2848,4.3718,4.5802,4.6684,4.3732,4.1638,4.0145,3.8736,3.7886,3.9234,3.9622,3.5353,3.2655,2.8777,2.0822,0.9011,0.3225,0.7904,1.4809,2.0067,3.8256,3.8365,3.8497,3.8654,3.8834,3.9036,3.9256,3.9488,3.9725,3.9963,4.0207,4.0479,4.0828,4.1317,4.1895,4.2232,4.2451,4.3182,4.4514,4.4851,4.3345,4.218,4.1135,3.9284,3.6981,3.4459,3.0556,3.1133,3.2355,3.0504,2.4508,1.538,1.021,1.2457,1.7213,2.1334,3.8364,3.8472,3.8599,3.8745,3.8909,3.9089,3.9283,3.9486,3.9696,3.9911,4.0136,4.0385,4.0675,4.1014,4.1362,4.1654,4.1956,4.2413,4.2931,4.3067,4.298,4.3666,4.3639,4.0761,3.682,3.1954,2.6578,2.9603,3.4199,3.3971,2.9856,2.3937,1.983,1.9479,2.1363,2.3694,3.8443,3.8548,3.8668,3.8803,3.8952,3.9113,3.9285,3.9465,3.9651,3.9842,4.0043,4.0258,4.0491,4.0741,4.099,4.1227,4.1473,4.1751,4.2028,4.2303,4.3047,4.5095,4.5793,4.2104,3.7726,3.3924,3.1823,3.4705,3.9552,3.8332,3.4108,2.9643,2.6369,2.5039,2.5263,2.6232,3.85,3.86,3.8712,3.8836,3.8971,3.9115,3.9268,3.9427,3.9591,3.9759,3.9933,4.0114,4.0302,4.0494,4.0683,4.0864,4.1045,4.1231,4.1438,4.1754,4.2465,4.3673,4.3767,4.1396,3.8339,3.5989,3.5303,3.7367,4.0322,3.9187,3.5796,3.2503,3.0018,2.8617,2.8194,2.8414]},{"header":{"la1":42.85,"la2":41.18,"lo1":11.55,"lo2":14.05,"nx":36,"ny":24,"dx":0.07143,"dy":0.07261,"parameterCategory":2,"parameterNumber":3,"parameterNumberName":"northward_wind","parameterUnit":"m.s-1"},"data":[1.5323,1.5287,1.5215,1.5108,1.4975,1.4832,1.4699,1.4598,1.4541,1.4528,1.4545,1.4569,1.4579,1.4558,1.4498,1.4405,1.4295,1.4197,1.4139,1.4135,1.4174,1.4217,1.4221,1.4169,1.407,1.3951,1.3832,1.373,1.3648,1.3588,1.3549,1.3528,1.3521,1.3525,1.3538,1.3556,1.5516,1.5482,1.5394,1.525,1.5059,1.4845,1.4644,1.4495,1.4427,1.444,1.4506,1.4585,1.4637,1.4635,1.4566,1.4436,1.4272,1.4126,1.4056,1.4102,1.4242,1.4387,1.4435,1.4355,1.419,1.4003,1.3833,1.3696,1.3595,1.3527,1.3488,1.3471,1.3471,1.3484,1.3506,1.3533,1.5768,1.5748,1.5647,1.5453,1.5174,1.4841,1.4516,1.4276,1.4187,1.4253,1.4417,1.4595,1.4722,1.4756,1.4676,1.4484,1.4218,1.3968,1.3862,1.4006,1.4376,1.4755,1.4874,1.4692,1.4375,1.4065,1.3818,1.3639,1.3519,1.3446,1.341,1.3402,1.3413,1.3439,1.3473,1.3512,1.6098,1.6119,1.6023,1.5771,1.5358,1.4826,1.4268,1.3839,1.3702,1.3887,1.4247,1.4604,1.4857,1.4954,1.4865,1.4575,1.4121,1.3643,1.3411,1.3723,1.4624,1.5581,1.5774,1.5252,1.4606,1.4103,1.3761,1.354,1.3407,1.3337,1.3312,1.3319,1.3348,1.3392,1.3442,1.3496,1.6531,1.6649,1.6604,1.6301,1.5699,1.4841,1.3846,1.2988,1.2727,1.3208,1.3975,1.4635,1.508,1.5285,1.5205,1.4783,1.4006,1.303,1.2376,1.2874,1.4889,1.7273,1.7358,1.5921,1.4745,1.4033,1.3617,1.3377,1.3248,1.3193,1.3191,1.3223,1.3277,1.3344,1.3416,1.3488,1.7075,1.7399,1.7528,1.7231,1.6373,1.5026,1.3303,1.1489,1.0869,1.2127,1.3674,1.4756,1.545,1.5829,1.5822,1.5274,1.4036,1.2107,1.0224,1.0669,1.4143,1.8408,1.8225,1.5925,1.4495,1.3746,1.3342,1.3127,1.3029,1.301,1.3044,1.3114,1.3203,1.3301,1.34,1.3493,1.7697,1.8404,1.8993,1.8891,1.7662,1.566,1.317,1.0103,0.8814,1.1338,1.3682,1.5078,1.6026,1.6694,1.6926,1.6366,1.4688,1.1691,0.7965,0.8212,1.1774,1.4799,1.5485,1.4508,1.3697,1.3206,1.2923,1.2781,1.2743,1.2782,1.2874,1.2996,1.3133,1.3271,1.3401,1.3519,1.8249,1.9512,2.1109,2.1751,1.9751,1.6805,1.416,1.1613,1.0642,1.2473,1.4301,1.5615,1.6797,1.7992,1.8886,1.8593,1.6582,1.3326,1.0107,0.9504,0.9505,1.0308,1.1982,1.2639,1.2655,1.2504,1.2376,1.2334,1.2386,1.2511,1.2684,1.2878,1.3076,1.3263,1.3431,1.3575,1.8451,2.0076,2.2852,2.5074,2.1506,1.7647,1.5387,1.4038,1.3639,1.4153,1.5036,1.6134,1.7583,1.9722,2.2481,2.3113,1.9902,1.5999,1.2863,1.0041,0.5998,0.6809,0.9979,1.137,1.1727,1.1729,1.1702,1.1769,1.1945,1.2196,1.2483,1.2775,1.305,1.3296,1.3506,1.3677,1.8119,1.9346,2.116,2.224,1.9579,1.732,1.5867,1.5034,1.4625,1.4662,1.5292,1.6368,1.7989,2.1103,2.8507,3.2432,2.373,1.8052,1.4651,1.136,0.7791,0.7974,0.9947,1.0812,1.0915,1.0807,1.0814,1.103,1.1402,1.1844,1.2291,1.2709,1.308,1.3393,1.3647,1.3843,1.7461,1.7992,1.8051,1.6823,1.6725,1.6595,1.5922,1.5371,1.4486,1.4099,1.5172,1.6322,1.7757,2.012,2.7219,3.2604,2.3269,1.8551,1.6038,1.3671,1.1549,1.071,1.067,1.0406,0.9838,0.9407,0.9483,1.0014,1.0741,1.1478,1.2146,1.2723,1.3203,1.3588,1.3883,1.4095,1.6809,1.7017,1.6899,1.643,1.6361,1.6218,1.6053,1.6054,1.5236,1.4638,1.5263,1.6157,1.7361,1.8647,1.9626,2.0838,1.9523,1.8393,1.7369,1.5276,1.3301,1.1924,1.0836,0.9493,0.785,0.6862,0.7325,0.8633,1.0006,1.1172,1.2118,1.2877,1.3476,1.3931,1.4254,1.4465,1.6268,1.6383,1.6375,1.6264,1.6111,1.5983,1.6198,1.6763,1.6199,1.5227,1.52,1.5924,1.673,1.8498,1.8221,1.7816,1.7859,1.9639,1.9442,1.5964,1.3637,1.1999,1.039,0.7956,0.4344,0.2266,0.4117,0.7078,0.9408,1.1078,1.2314,1.3258,1.3973,1.4485,1.4814,1.4991,1.5813,1.5876,1.5873,1.5804,1.5696,1.5665,1.589,1.6291,1.5847,1.4718,1.4478,1.5864,1.6374,1.5353,1.6455,1.7617,1.7256,1.7769,1.7542,1.4941,1.2823,1.1357,0.9814,0.679,0.0972,-0.2592,0.1528,0.6294,0.9383,1.1406,1.2865,1.3977,1.4799,1.5343,1.5633,1.5721,1.542,1.544,1.5414,1.5343,1.5251,1.5192,1.5194,1.5094,1.4441,1.3252,1.2433,1.2882,1.3237,1.1092,1.531,1.7644,1.6335,1.567,1.4556,1.2705,1.0837,1.0046,0.9447,0.7377,0.2994,0.0214,0.3368,0.7452,1.0297,1.2303,1.3882,1.5163,1.6104,1.6642,1.6807,1.6706,1.5076,1.506,1.5008,1.4919,1.48,1.4654,1.4443,1.4021,1.3123,1.1418,0.8713,0.9568,1.0866,1.2189,1.3725,1.5082,1.5301,1.3869,1.2127,1.0219,0.7672,0.8072,0.9188,0.8836,0.7437,0.6667,0.7952,1.0063,1.1976,1.3712,1.542,1.6998,1.8129,1.859,1.8459,1.7991,1.4773,1.473,1.4653,1.4538,1.4381,1.4164,1.3839,1.3306,1.2405,1.0905,0.8949,0.9644,0.9673,0.9543,1.1429,1.2187,1.2083,1.0381,0.8595,0.8464,0.7075,0.7706,0.9328,1.0087,1.0507,1.1119,1.197,1.2832,1.3865,1.5381,1.7485,1.9766,2.1292,2.1483,2.0691,1.9563,1.4508,1.4441,1.4343,1.4206,1.4021,1.3769,1.3415,1.2909,1.2202,1.132,1.0565,1.0225,0.9302,0.8843,0.8337,0.7776,0.8537,0.5942,0.2145,0.6681,0.8356,0.8972,0.997,1.1184,1.2806,1.4682,1.553,1.5274,1.5463,1.6934,1.9972,2.3841,2.6135,2.5521,2.3401,2.124,1.4274,1.4191,1.4077,1.3926,1.3728,1.3469,1.313,1.2694,1.2158,1.1567,1.1006,1.044,0.961,0.7937,0.2409,-0.0041,0.5869,0.592,0.4473,0.7911,0.8955,0.9535,1.0415,1.1975,1.4668,1.8329,1.9211,1.7107,1.6362,1.7854,2.2243,2.8775,3.2185,2.9875,2.5845,2.2555,1.4071,1.3976,1.3852,1.3694,1.3494,1.3244,1.2934,1.2559,1.2125,1.1646,1.1125,1.0488,0.949,0.7411,0.3086,0.1713,0.5888,0.7778,0.9629,1.0598,0.9506,0.9463,1.0167,1.1923,1.5002,1.9032,1.9912,1.7294,1.6208,1.7501,2.2482,3.0658,3.4743,3.1427,2.6556,2.2882,1.3895,1.3792,1.3664,1.3504,1.331,1.3074,1.2793,1.2464,1.2089,1.1666,1.1178,1.056,0.967,0.8304,0.6672,0.6276,0.7451,0.8575,0.9498,0.9783,0.9054,0.8287,0.8551,1.0596,1.3701,1.6439,1.7433,1.6504,1.4879,1.5406,1.9454,2.6009,2.9744,2.817,2.4837,2.1983,1.3743,1.3636,1.3507,1.335,1.3164,1.2944,1.2688,1.2395,1.2062,1.1685,1.1247,1.0715,1.0046,0.925,0.8538,0.8305,0.8583,0.8966,0.9169,0.8892,0.7574,0.5048,0.4478,0.7961,1.2043,1.5365,1.7854,1.5783,1.1388,1.1192,1.4708,1.9482,2.2702,2.3093,2.1858,2.0303,1.3612,1.3505,1.3377,1.3225,1.3049,1.2845,1.2612,1.2348,1.2051,1.1718,1.134,1.0907,1.042,0.9918,0.9503,0.929,0.9264,0.9266,0.908,0.8355,0.6329,0.2417,0.1247,0.5929,1.0457,1.328,1.4137,1.0445,0.4202,0.5738,1.0531,1.4848,1.7765,1.9014,1.9042,1.8496,1.3501,1.3394,1.3269,1.3125,1.2959,1.277,1.2558,1.232,1.2057,1.1766,1.1445,1.1096,1.0729,1.0373,1.0072,0.9859,0.971,0.9536,0.9181,0.8384,0.6756,0.4461,0.4016,0.6718,0.9708,1.1386,1.1061,0.7579,0.3208,0.473,0.8947,1.2527,1.4995,1.6388,1.6936,1.6954]}]