docs/data/wind_grid.json
[{"header":{"la1":42.85,"la2":41.18,"lo1":11.55,"lo2":14.05,"nx":36,"ny":24,"dx":0.07143,"dy":0.07261,"parameterCategory":2,"parameterNumber":2,"parameterNumberName":"eastward_wind","parameterUnit":"m.s-1"},"data":[0.1476,0.125,0.0989,0.0695,0.0381,0.0071,-0.0197,-0.0381,-0.0457,-0.0435,-0.0362,-0.0303,-0.0317,-0.0439,-0.0679,-0.1019,-0.1414,-0.1792,-0.2069,-0.2181,-0.2106,-0.187,-0.1529,-0.114,-0.075,-0.0388,-0.007,0.02,0.0422,0.06,0.0738,0.0843,0.0921,0.0976,0.1015,0.104,0.1469,0.1206,0.0888,0.051,0.0081,-0.0366,-0.0767,-0.1034,-0.1102,-0.098,-0.0758,-0.056,-0.0488,-0.0601,-0.0912,-0.1403,-0.2008,-0.2609,-0.3053,-0.3213,-0.3057,-0.2654,-0.2116,-0.1547,-0.101,-0.0538,-0.0142,0.018,0.0434,0.0628,0.0774,0.0879,0.0951,0.0999,0.1029,0.1046,0.1482,0.1183,0.0801,0.0317,-0.0278,-0.0955,-0.1611,-0.2064,-0.2138,-0.1819,-0.1303,-0.0846,-0.062,-0.0702,-0.111,-0.1828,-0.278,-0.3781,-0.453,-0.4757,-0.4416,-0.3692,-0.2826,-0.1988,-0.1255,-0.065,-0.0168,0.0205,0.0486,0.0692,0.0838,0.0936,0.0997,0.1032,0.1049,0.1053,0.1523,0.1195,0.0756,0.0155,-0.0662,-0.1712,-0.2872,-0.377,-0.3909,-0.3179,-0.2066,-0.1137,-0.0659,-0.0683,-0.1208,-0.2248,-0.3768,-0.5516,-0.6874,-0.7183,-0.6393,-0.5037,-0.363,-0.2412,-0.1437,-0.0686,-0.0121,0.0296,0.0594,0.08,0.0935,0.1017,0.1059,0.1075,0.1072,0.106,0.1594,0.1256,0.0785,0.0091,-0.0968,-0.2555,-0.4671,-0.6673,-0.7107,-0.5422,-0.3061,-0.1339,-0.0515,-0.0459,-0.11,-0.2531,-0.4912,-0.8068,-1.074,-1.1093,-0.9189,-0.6626,-0.44,-0.2713,-0.1484,-0.0598,0.0033,0.0474,0.0772,0.0961,0.1071,0.1123,0.1136,0.1123,0.1096,0.1062,0.1687,0.1362,0.091,0.0211,-0.0987,-0.3128,-0.6728,-1.1246,-1.2723,-0.8714,-0.3967,-0.1201,-0.0064,0.0059,-0.0637,-0.2384,-0.5778,-1.1263,-1.6703,-1.6863,-1.2479,-0.8018,-0.4844,-0.2726,-0.1302,-0.0332,0.0327,0.0762,0.1032,0.1182,0.1246,0.1253,0.1223,0.1172,0.1113,0.1053,0.1776,0.1473,0.1092,0.0535,-0.0495,-0.2694,-0.7334,-1.5086,-1.8587,-1.0816,-0.3574,-0.0325,0.0777,0.0904,0.0322,-0.1385,-0.5258,-1.2737,-2.1585,-2.1286,-1.4084,-0.8202,-0.455,-0.2282,-0.0813,0.0158,0.0791,0.1178,0.1386,0.1466,0.1461,0.1402,0.1314,0.1215,0.1116,0.1026,0.182,0.1498,0.1173,0.087,0.0422,-0.0819,-0.4068,-0.9997,-1.2493,-0.5964,-0.0545,0.1424,0.1881,0.1976,0.1855,0.0745,-0.2506,-0.8817,-1.6204,-1.6539,-1.1154,-0.6425,-0.3334,-0.1328,0.0012,0.09,0.1451,0.1743,0.1843,0.1815,0.1708,0.1559,0.1396,0.1237,0.1093,0.0969,0.1787,0.1323,0.085,0.0655,0.1021,0.1542,0.1364,0.0616,0.1288,0.3484,0.4171,0.3488,0.2797,0.2973,0.4138,0.4223,0.1431,-0.2781,-0.663,-0.7648,-0.589,-0.3525,-0.1527,0.0011,0.1147,0.1915,0.234,0.2479,0.2413,0.2223,0.1974,0.1708,0.1451,0.1221,0.1026,0.0868,0.1717,0.0941,-0.0142,-0.0994,0.0009,0.2905,0.5676,0.84,1.2176,1.3292,0.907,0.5027,0.2827,0.3064,0.7474,0.9985,0.4694,0.083,-0.1325,-0.2185,-0.1878,-0.0884,0.0341,0.1551,0.2577,0.326,0.3523,0.3424,0.3099,0.2675,0.2234,0.1818,0.1451,0.1141,0.0892,0.0703,0.1764,0.0684,-0.1265,-0.3855,-0.289,0.3338,0.8619,1.2735,2.0349,2.4215,1.2623,0.5304,0.1382,0.023,0.5454,0.9834,0.4347,0.1786,0.0817,0.0375,0.0432,0.1008,0.1987,0.3209,0.4391,0.5115,0.5141,0.4629,0.389,0.3131,0.2441,0.1847,0.1354,0.0961,0.0663,0.0451,0.2101,0.11,-0.0743,-0.3181,-0.1844,0.5243,1.1437,1.5031,1.6999,1.8818,1.086,0.4564,-0.0743,-0.515,-0.4792,0.0225,0.1464,0.1762,0.18,0.157,0.1688,0.2283,0.3382,0.5022,0.6864,0.7873,0.7414,0.6109,0.4712,0.3506,0.2522,0.173,0.1106,0.0634,0.0299,0.0082,0.2714,0.2175,0.1423,0.1099,0.3127,0.7804,1.2865,2.0201,1.2444,1.1381,0.8267,0.5855,0.0883,-0.9028,-1.0359,-0.2844,0.0243,0.246,0.2609,0.2131,0.2436,0.319,0.4513,0.6895,1.0234,1.198,1.036,0.7628,0.5346,0.3649,0.2369,0.1383,0.0635,0.0099,-0.0248,-0.0439,0.34,0.3323,0.3394,0.403,0.5766,0.8436,1.0868,1.0463,1.0093,0.9361,0.7914,0.943,0.8471,-0.8175,-0.4528,-0.2152,-0.0646,0.1397,0.2112,0.2375,0.3141,0.3985,0.5232,0.8024,1.3015,1.5767,1.2512,0.8341,0.5396,0.3367,0.1863,0.0707,-0.0153,-0.0726,-0.1042,-0.1153,0.3977,0.4166,0.4555,0.5314,0.6538,0.8028,0.924,0.9611,0.9377,0.9101,0.8994,0.8058,0.3008,-0.1108,-0.1371,-0.1799,-0.3245,-0.041,0.145,0.2931,0.4496,0.5103,0.5524,0.7416,1.1285,1.3565,1.0936,0.7291,0.4564,0.2542,0.0912,-0.0413,-0.1386,-0.1957,-0.2161,-0.2102,0.4378,0.467,0.5113,0.5759,0.6592,0.7476,0.8186,0.8583,0.8908,1.0053,1.3046,1.2827,0.8593,0.2692,0.1268,-0.0601,-0.214,-0.0346,0.1324,0.3891,0.7366,0.697,0.5674,0.5989,0.7353,0.8099,0.6964,0.4986,0.307,0.1257,-0.0519,-0.2122,-0.3262,-0.3757,-0.3696,-0.3314,0.4618,0.4924,0.5328,0.5835,0.6416,0.6997,0.7496,0.7924,0.8532,0.9949,1.2402,1.1092,0.8516,0.7176,0.3764,0.1694,0.0483,-0.0202,-0.0131,0.3112,0.7707,0.7129,0.5357,0.4778,0.4663,0.4356,0.367,0.2737,0.1486,-0.0236,-0.2421,-0.464,-0.6089,-0.6334,-0.5707,-0.476,0.4737,0.5019,0.536,0.5753,0.6175,0.6589,0.6971,0.7352,0.7844,0.855,0.9065,0.8476,0.7844,0.7293,0.4556,0.3032,0.1365,-0.2105,-0.5612,0.0366,0.4245,0.4998,0.447,0.3788,0.2948,0.1958,0.1391,0.1128,0.0276,-0.1626,-0.4697,-0.8208,-1.0204,-0.9763,-0.8061,-0.6271,0.4772,0.5018,0.5297,0.5603,0.5917,0.6222,0.6508,0.6786,0.7072,0.7327,0.7357,0.6995,0.6421,0.5456,0.4202,0.3911,0.2356,-0.0533,-0.2087,0.3214,0.4201,0.4251,0.3905,0.3138,0.1836,0.0153,-0.0278,0.0264,-0.0345,-0.2561,-0.6814,-1.2324,-1.5023,-1.3271,-1.0121,-0.745,0.4751,0.496,0.5186,0.5424,0.566,0.5884,0.6086,0.6262,0.6399,0.6452,0.6345,0.6025,0.5498,0.4771,0.4126,0.3867,0.3178,0.3131,0.7044,0.925,0.575,0.4548,0.3949,0.3055,0.1649,-0.0107,-0.0494,0.0332,-0.0385,-0.2718,-0.7365,-1.3894,-1.696,-1.4501,-1.0764,-0.7809,0.4696,0.487,0.5052,0.5236,0.5413,0.5574,0.5709,0.5809,0.5857,0.5824,0.5678,0.5398,0.4994,0.4518,0.4099,0.3806,0.366,0.4248,0.6194,0.7025,0.5721,0.5088,0.4657,0.3625,0.2296,0.1512,0.1906,0.1408,-0.0129,-0.2243,-0.5751,-1.0635,-1.3343,-1.2132,-0.9524,-0.7187,0.462,0.4763,0.4908,0.505,0.5181,0.5294,0.538,0.5429,0.5429,0.5362,0.5216,0.4987,0.469,0.4366,0.408,0.3891,0.3893,0.4264,0.4955,0.5378,0.5562,0.6294,0.6421,0.4776,0.2992,0.2259,0.281,0.1762,-0.0613,-0.2006,-0.3782,-0.6461,-0.8406,-0.8463,-0.7335,-0.5948,0.4532,0.4649,0.4764,0.4873,0.4969,0.5046,0.5097,0.5115,0.509,0.5014,0.4883,0.47,0.448,0.4253,0.4058,0.3941,0.396,0.4163,0.4514,0.4948,0.5745,0.7331,0.7815,0.5622,0.3407,0.2193,0.1595,-0.0172,-0.2548,-0.2514,-0.277,-0.3975,-0.516,-0.5585,-0.5278,-0.4601,0.4438,0.4533,0.4624,0.4707,0.4776,0.4827,0.4855,0.4853,0.4818,0.4744,0.4631,0.4486,0.4321,0.4156,0.4019,0.394,0.3951,0.4073,0.4312,0.4705,0.5405,0.6382,0.6523,0.5105,0.3362,0.2004,0.0754,-0.1135,-0.2816,-0.2586,-0.2325,-0.2754,-0.3376,-0.3741,-0.3728,-0.3434]},{"header":{"la1":42.85,"la2":41.18,"lo1":11.55,"lo2":14.05,"nx":36,"ny":24,"dx":0.07143,"dy":0.07261,"parameterCategory":2,"parameterNumber":3,"parameterNumberName":"northward_wind","parameterUnit":"m.s-1"},"data":[1.0977,1.104,1.1093,1.1132,1.1151,1.1138,1.1075,1.0941,1.0718,1.0403,1.001,0.9564,0.9089,0.8603,0.8119,0.7647,0.7201,0.6798,0.6459,0.6196,0.6008,0.588,0.5791,0.5723,0.5665,0.5612,0.5563,0.5519,0.5482,0.5454,0.5435,0.5425,0.5424,0.5431,0.5444,0.5464,1.1228,1.1318,1.1402,1.1479,1.1545,1.1588,1.1577,1.1474,1.1239,1.0863,1.0373,0.9817,0.9235,0.8651,0.8072,0.7503,0.6958,0.6465,0.6064,0.5782,0.5614,0.5529,0.5487,0.5457,0.5425,0.5388,0.5348,0.5311,0.528,0.5259,0.5247,0.5246,0.5254,0.5271,0.5295,0.5324,1.1499,1.162,1.1739,1.1862,1.1993,1.2125,1.2218,1.2192,1.1959,1.1489,1.0843,1.0123,0.9401,0.8698,0.8007,0.7316,0.663,0.5995,0.5495,0.5196,0.5088,0.5095,0.5135,0.5163,0.5164,0.5144,0.5113,0.5082,0.5057,0.5043,0.5041,0.505,0.5071,0.5099,0.5135,0.5176,1.1793,1.1948,1.2103,1.2273,1.2484,1.2752,1.3042,1.3206,1.3014,1.2373,1.1448,1.0476,0.9571,0.8739,0.7931,0.7094,0.6202,0.532,0.4634,0.4329,0.4373,0.4566,0.4745,0.4851,0.4888,0.4881,0.4854,0.4826,0.4806,0.4801,0.4811,0.4835,0.4871,0.4915,0.4965,0.502,1.2119,1.231,1.2496,1.2702,1.2986,1.3431,1.4073,1.4686,1.4655,1.3648,1.2185,1.0827,0.9713,0.8767,0.7864,0.6877,0.5697,0.4361,0.328,0.3005,0.3421,0.3969,0.4352,0.4544,0.4605,0.4597,0.4564,0.4533,0.452,0.4527,0.4554,0.4598,0.4653,0.4716,0.4784,0.4855,1.2489,1.2729,1.2942,1.315,1.3446,1.403,1.5164,1.6729,1.7187,1.5327,1.2887,1.1053,0.9769,0.877,0.7839,0.6762,0.5271,0.3198,0.1272,0.1136,0.2351,0.3438,0.403,0.4268,0.4314,0.4278,0.4225,0.4189,0.4185,0.4211,0.4264,0.4335,0.4416,0.4504,0.4593,0.4683,1.2924,1.3247,1.3504,1.3675,1.385,1.4331,1.5687,1.8317,1.9584,1.6416,1.3025,1.0966,0.9684,0.874,0.7879,0.6864,0.5295,0.2638,-0.0333,-0.0261,0.1814,0.3244,0.3864,0.4033,0.3996,0.3895,0.3807,0.3767,0.3782,0.3843,0.3935,0.4044,0.4161,0.4279,0.4394,0.4505,1.3442,1.3931,1.4322,1.4473,1.4365,1.4322,1.497,1.6701,1.7428,1.4796,1.2137,1.0519,0.9479,0.8676,0.7941,0.7157,0.5978,0.3866,0.1391,0.119,0.2597,0.3546,0.385,0.3792,0.3592,0.3388,0.3258,0.3229,0.3288,0.3409,0.3563,0.3727,0.3889,0.4043,0.4187,0.4322,1.4025,1.4829,1.5601,1.5949,1.546,1.4479,1.3831,1.3651,1.3153,1.1962,1.0821,0.9951,0.9274,0.8615,0.7868,0.7313,0.6807,0.5773,0.4495,0.3919,0.401,0.4054,0.3831,0.3429,0.2994,0.2656,0.2495,0.2517,0.2673,0.29,0.3148,0.3387,0.3606,0.3802,0.3978,0.4137,1.457,1.5841,1.7431,1.8669,1.7846,1.5279,1.3268,1.1949,1.0693,0.9966,0.9797,0.9506,0.9229,0.8752,0.7425,0.6702,0.7266,0.7101,0.6467,0.5727,0.5047,0.436,0.3598,0.2781,0.2034,0.1533,0.1389,0.156,0.1911,0.2317,0.2702,0.3038,0.3322,0.3562,0.3768,0.3951,1.4861,1.6521,1.906,2.2011,2.1205,1.6215,1.3143,1.1518,0.9375,0.8511,0.918,0.9158,0.941,0.9709,0.8252,0.6898,0.792,0.8314,0.802,0.6943,0.5601,0.4292,0.3,0.1675,0.0466,-0.0256,-0.0258,0.0276,0.0999,0.1686,0.2256,0.2703,0.3052,0.333,0.3562,0.3765,1.4699,1.6285,1.8687,2.142,2.0444,1.5546,1.3143,1.274,1.0584,0.9142,0.8891,0.8483,0.939,1.1034,1.2628,0.9711,0.9132,1.0597,1.0606,0.8148,0.5716,0.376,0.1965,-0.0022,-0.2067,-0.3174,-0.2698,-0.1353,0.0013,0.1087,0.1864,0.2413,0.2809,0.3111,0.3358,0.3575,1.4118,1.5215,1.6529,1.7392,1.6295,1.3883,1.2918,1.5458,1.1305,0.9849,0.8283,0.6403,0.7153,1.4338,1.7174,0.989,0.9175,1.4674,1.4643,0.8724,0.4946,0.2542,0.0536,-0.215,-0.5768,-0.7668,-0.5923,-0.3053,-0.0811,0.0664,0.1601,0.22,0.2602,0.2898,0.3145,0.3373,1.3358,1.3959,1.4462,1.4506,1.3777,1.2689,1.1944,1.0871,1.0501,0.9736,0.798,0.3975,0.219,-0.2256,0.7205,0.6021,0.4894,0.9993,1.0868,0.6205,0.2281,0.0125,-0.1141,-0.3704,-0.8854,-1.1813,-0.8286,-0.3897,-0.1056,0.0588,0.1528,0.2072,0.2411,0.2664,0.2899,0.3139,1.2628,1.2916,1.306,1.293,1.2488,1.1911,1.1393,1.0914,1.0471,1.0009,0.9489,0.8181,0.5357,0.3947,0.4642,0.033,-0.6377,0.1917,0.4355,0.1143,-0.3739,-0.471,-0.3189,-0.3601,-0.7082,-0.9431,-0.6602,-0.2867,-0.0434,0.0927,0.1635,0.1981,0.2173,0.235,0.2574,0.2847,1.2016,1.214,1.2153,1.2012,1.1727,1.1373,1.1026,1.0719,1.0522,1.0716,1.1649,1.3654,1.1083,0.7382,0.6162,0.1455,-0.3331,0.1235,0.1911,-0.393,-1.5162,-1.2855,-0.5395,-0.2613,-0.2954,-0.3494,-0.2318,-0.0516,0.0813,0.154,0.1802,0.1795,0.175,0.1841,0.2101,0.2465,1.1527,1.1573,1.1541,1.1421,1.1227,1.0994,1.0769,1.0603,1.0597,1.0957,1.1683,1.2248,1.3142,1.3293,0.945,0.667,0.4507,0.3889,0.2579,-0.3206,-1.6506,-1.3478,-0.4796,-0.1008,0.0187,0.0719,0.1302,0.1833,0.216,0.218,0.1838,0.1284,0.0904,0.0972,0.1407,0.1981,1.114,1.1149,1.1107,1.1012,1.0876,1.0723,1.0587,1.0513,1.0567,1.0812,1.1208,1.1802,1.354,1.398,1.2548,1.1696,0.8502,0.4968,0.2619,0.3,-0.1859,-0.3168,-0.0666,0.1365,0.26,0.3496,0.3846,0.3643,0.3292,0.2697,0.1589,0.0161,-0.0676,-0.0394,0.0501,0.145,1.0831,1.0824,1.0783,1.071,1.0616,1.0517,1.044,1.0415,1.0478,1.0656,1.0957,1.1456,1.2253,1.3346,1.7307,1.9052,1.2065,0.7701,0.6773,1.1697,0.791,0.426,0.331,0.3567,0.4281,0.5285,0.5516,0.4789,0.4148,0.3178,0.1211,-0.1519,-0.289,-0.1978,-0.0339,0.1054,1.0578,1.0566,1.0531,1.0476,1.0411,1.0349,1.0307,1.0306,1.0369,1.0513,1.0761,1.1163,1.1849,1.3322,1.6648,1.7558,1.3264,1.2355,1.9995,2.4263,1.3657,0.7848,0.5619,0.4942,0.5005,0.5601,0.5752,0.5087,0.4835,0.399,0.1559,-0.2144,-0.3886,-0.2526,-0.0501,0.1066,1.0368,1.0354,1.0325,1.0285,1.024,1.02,1.0179,1.0189,1.0247,1.0366,1.0567,1.0893,1.1432,1.2342,1.348,1.3575,1.2547,1.3133,1.6958,1.8078,1.2585,0.8204,0.6319,0.5576,0.5208,0.4841,0.4092,0.4634,0.5806,0.5661,0.3497,0.0154,-0.1666,-0.103,0.0387,0.1614,1.0189,1.0175,1.0151,1.0121,1.0089,1.0063,1.0051,1.0064,1.0112,1.0205,1.0357,1.0591,1.0931,1.1369,1.1744,1.1763,1.1578,1.189,1.2674,1.2143,0.9399,0.6623,0.5737,0.5699,0.5402,0.4599,0.3175,0.4839,0.8506,0.8887,0.6599,0.3698,0.1817,0.1449,0.19,0.2531,1.0033,1.002,1.0,0.9975,0.9951,0.9931,0.9924,0.9933,0.9968,1.0033,1.0135,1.028,1.0465,1.0657,1.0779,1.0764,1.0674,1.0627,1.0444,0.954,0.762,0.5525,0.5096,0.567,0.5776,0.5566,0.5745,0.9077,1.4396,1.3203,0.954,0.6478,0.4507,0.3593,0.3389,0.3521,0.9894,0.9881,0.9863,0.9842,0.9822,0.9805,0.9796,0.9799,0.9818,0.9856,0.9914,0.999,1.0072,1.0138,1.0151,1.0087,0.995,0.9732,0.9318,0.8512,0.7279,0.6069,0.5695,0.5972,0.6236,0.6621,0.7877,1.1342,1.5201,1.3974,1.0616,0.789,0.608,0.5036,0.4541,0.438]}]