docs/data/wind_grid.json
[{"header":{"la1":42.85,"la2":41.18,"lo1":11.55,"lo2":14.05,"nx":36,"ny":24,"dx":0.07143,"dy":0.07261,"parameterCategory":2,"parameterNumber":2,"parameterNumberName":"eastward_wind","parameterUnit":"m.s-1"},"data":[-0.1492,-0.153,-0.1565,-0.1596,-0.1616,-0.1621,-0.1602,-0.1548,-0.1451,-0.1307,-0.1116,-0.0884,-0.0618,-0.0326,-0.0015,0.03,0.0605,0.0875,0.1087,0.1228,0.1294,0.1298,0.1259,0.1196,0.1123,0.105,0.0982,0.092,0.0865,0.0816,0.0774,0.0737,0.0705,0.0676,0.065,0.0626,-0.1574,-0.1625,-0.1678,-0.1729,-0.1773,-0.1804,-0.1808,-0.1771,-0.1675,-0.1514,-0.129,-0.1013,-0.0692,-0.0336,0.0047,0.0447,0.084,0.1191,0.146,0.1615,0.1656,0.1611,0.1514,0.1398,0.1281,0.1174,0.108,0.1,0.0931,0.0873,0.0823,0.0781,0.0744,0.0712,0.0683,0.0657,-0.1654,-0.1721,-0.1793,-0.1869,-0.1945,-0.2014,-0.2059,-0.2052,-0.1966,-0.1783,-0.1513,-0.1175,-0.0788,-0.0356,0.0117,0.0628,0.1152,0.1633,0.199,0.2159,0.2143,0.2003,0.1811,0.1618,0.1444,0.1296,0.1175,0.1075,0.0993,0.0925,0.0869,0.0822,0.0781,0.0746,0.0715,0.0687,-0.173,-0.1813,-0.1905,-0.201,-0.2126,-0.2249,-0.2359,-0.2412,-0.2348,-0.2132,-0.1791,-0.1374,-0.0907,-0.0393,0.0184,0.0838,0.1557,0.2258,0.2772,0.2946,0.2797,0.2482,0.2141,0.1842,0.1599,0.1408,0.1259,0.1141,0.1047,0.0972,0.091,0.0859,0.0816,0.0778,0.0745,0.0716,-0.1798,-0.1895,-0.2008,-0.2141,-0.2301,-0.2491,-0.2702,-0.2868,-0.2854,-0.2577,-0.2119,-0.1596,-0.1046,-0.0452,0.0226,0.1044,0.2036,0.3115,0.3933,0.4084,0.3643,0.3019,0.2466,0.2042,0.1729,0.1498,0.1326,0.1194,0.1092,0.1011,0.0946,0.0892,0.0847,0.0808,0.0774,0.0744,-0.1856,-0.1965,-0.2093,-0.225,-0.2447,-0.2703,-0.3036,-0.3387,-0.3476,-0.3077,-0.2447,-0.1813,-0.1194,-0.0544,0.0208,0.1167,0.2465,0.4109,0.5487,0.5546,0.4552,0.349,0.2708,0.2176,0.1812,0.1556,0.137,0.1231,0.1125,0.1043,0.0976,0.0922,0.0876,0.0836,0.0801,0.077,-0.19,-0.2017,-0.2155,-0.2325,-0.254,-0.2828,-0.3229,-0.3727,-0.3925,-0.3404,-0.2668,-0.1987,-0.134,-0.0671,0.0099,0.1102,0.255,0.4621,0.6586,0.6528,0.5006,0.3654,0.2771,0.2207,0.1833,0.1575,0.1389,0.1252,0.1147,0.1066,0.1001,0.0947,0.0902,0.0863,0.0827,0.0795,-0.1929,-0.205,-0.2192,-0.2364,-0.2578,-0.2852,-0.3199,-0.3573,-0.3696,-0.3352,-0.2781,-0.2137,-0.1487,-0.0828,-0.0092,0.0836,0.2117,0.3871,0.5536,0.5603,0.4449,0.3365,0.2624,0.2132,0.1795,0.1557,0.1384,0.1256,0.1159,0.1083,0.1022,0.097,0.0926,0.0888,0.0852,0.082,-0.1943,-0.2064,-0.2204,-0.2372,-0.2576,-0.283,-0.314,-0.3465,-0.3683,-0.3599,-0.3074,-0.2341,-0.1643,-0.1002,-0.0319,0.051,0.1529,0.267,0.3606,0.3832,0.342,0.2853,0.2366,0.1993,0.1717,0.1513,0.1363,0.125,0.1164,0.1096,0.104,0.0992,0.095,0.0912,0.0877,0.0844,-0.1943,-0.206,-0.2195,-0.2353,-0.2543,-0.2789,-0.315,-0.3766,-0.47,-0.4923,-0.3774,-0.2594,-0.1788,-0.1186,-0.0553,0.0273,0.126,0.2187,0.279,0.2959,0.279,0.2467,0.2133,0.1848,0.1625,0.1457,0.1332,0.1238,0.1166,0.1108,0.1059,0.1014,0.0974,0.0936,0.0901,0.0867,-0.1928,-0.2039,-0.2164,-0.2307,-0.2472,-0.2675,-0.2994,-0.3806,-0.6225,-0.7382,-0.4458,-0.2721,-0.1895,-0.1419,-0.0852,0.0149,0.1489,0.2725,0.3265,0.311,0.2709,0.2311,0.198,0.1724,0.1534,0.1397,0.1299,0.1227,0.1171,0.1124,0.108,0.1039,0.0999,0.0961,0.0924,0.0889,-0.1901,-0.2003,-0.2116,-0.2239,-0.2367,-0.2483,-0.2558,-0.2731,-0.4408,-0.5691,-0.3859,-0.2706,-0.2033,-0.1781,-0.1303,0.0135,0.23,0.4666,0.5139,0.3961,0.2918,0.2265,0.1863,0.1608,0.1445,0.1339,0.1271,0.1223,0.1185,0.1148,0.1109,0.1068,0.1026,0.0984,0.0945,0.0909,-0.1862,-0.1955,-0.2055,-0.2159,-0.2255,-0.2311,-0.2245,-0.2004,-0.2411,-0.3163,-0.3107,-0.3335,-0.2669,-0.1862,-0.1417,0.0542,0.3412,0.7679,0.7736,0.4679,0.2964,0.2129,0.1704,0.1475,0.1351,0.1287,0.1255,0.1235,0.1215,0.1186,0.1147,0.1101,0.1052,0.1004,0.0962,0.0924,-0.1815,-0.1898,-0.1985,-0.2073,-0.2152,-0.2202,-0.2188,-0.2114,-0.2245,-0.2547,-0.2848,-0.4622,-0.4788,0.0474,-0.0135,0.2,0.4563,0.6216,0.6159,0.3924,0.2458,0.177,0.1458,0.1312,0.1255,0.1248,0.1262,0.1275,0.1272,0.1245,0.1196,0.1135,0.1072,0.1015,0.0968,0.093,-0.1761,-0.1833,-0.1907,-0.1982,-0.2051,-0.2107,-0.2142,-0.2172,-0.2249,-0.2381,-0.247,-0.2384,-0.1388,-0.0022,0.0597,0.5007,0.9537,0.5515,0.3672,0.2403,0.1577,0.1271,0.1165,0.1138,0.1171,0.1239,0.131,0.1359,0.1368,0.1331,0.1255,0.1161,0.1072,0.1003,0.0955,0.0922,-0.1701,-0.1763,-0.1825,-0.1887,-0.1946,-0.1997,-0.2042,-0.2091,-0.2189,-0.2482,-0.3245,-0.1401,-0.0974,-0.0264,0.0722,0.4221,0.7412,0.4097,0.1971,0.118,0.0964,0.0935,0.092,0.0987,0.1125,0.1284,0.142,0.1506,0.152,0.145,0.1313,0.1155,0.1025,0.0945,0.0908,0.0892,-0.1639,-0.169,-0.1742,-0.1791,-0.1837,-0.1878,-0.1917,-0.1965,-0.2069,-0.2366,-0.2969,-0.1835,-0.0232,0.0367,0.0129,0.1057,0.1791,0.0778,-0.0206,0.0138,0.0809,0.0778,0.0712,0.0879,0.1148,0.1401,0.1595,0.1727,0.1746,0.1609,0.1351,0.1073,0.0882,0.081,0.0813,0.0838,-0.1575,-0.1617,-0.1658,-0.1696,-0.1731,-0.176,-0.1786,-0.1817,-0.1866,-0.1936,-0.187,-0.1261,-0.0069,0.0131,-0.1269,-0.1655,-0.0984,-0.1643,-0.2693,-0.1308,-0.0227,0.019,0.0433,0.0819,0.1258,0.1537,0.1733,0.2,0.2082,0.183,0.134,0.0846,0.0586,0.0578,0.0674,0.0767,-0.1512,-0.1546,-0.1577,-0.1606,-0.163,-0.1648,-0.1661,-0.1669,-0.1667,-0.1633,-0.1497,-0.1212,-0.0971,-0.1552,-0.4127,-0.5122,-0.2548,-0.2105,-0.251,-0.206,-0.1223,-0.0481,0.0117,0.081,0.1453,0.1456,0.1466,0.2341,0.2644,0.2177,0.1306,0.0491,0.018,0.0309,0.0539,0.071,-0.145,-0.1477,-0.1501,-0.1521,-0.1537,-0.1546,-0.1549,-0.1542,-0.1521,-0.1475,-0.1397,-0.1328,-0.1454,-0.2202,-0.3965,-0.4492,-0.2774,-0.2137,-0.2601,-0.2867,-0.1826,-0.1015,-0.0282,0.0757,0.1857,0.1764,0.1682,0.3681,0.3762,0.2768,0.145,0.0356,0.0008,0.0218,0.051,0.071,-0.139,-0.1411,-0.1429,-0.1443,-0.1452,-0.1455,-0.1452,-0.1441,-0.142,-0.139,-0.1364,-0.1388,-0.1562,-0.2006,-0.262,-0.2749,-0.2272,-0.2026,-0.2264,-0.2344,-0.1929,-0.1683,-0.1176,0.0311,0.2559,0.5125,0.8446,0.781,0.5508,0.3576,0.1959,0.0812,0.038,0.0452,0.0644,0.0788,-0.1333,-0.1349,-0.1362,-0.1371,-0.1376,-0.1375,-0.137,-0.1358,-0.1343,-0.1329,-0.1329,-0.1372,-0.1495,-0.1709,-0.1926,-0.1976,-0.1858,-0.179,-0.1861,-0.1963,-0.2266,-0.3153,-0.3245,-0.1004,0.2587,0.724,1.1569,0.9861,0.6491,0.4155,0.2548,0.1501,0.099,0.0857,0.0876,0.0917,-0.1279,-0.1291,-0.13,-0.1305,-0.1307,-0.1305,-0.1298,-0.1289,-0.1278,-0.1272,-0.1279,-0.1314,-0.1385,-0.1485,-0.1572,-0.1601,-0.158,-0.1579,-0.166,-0.1911,-0.268,-0.4298,-0.4777,-0.216,0.1638,0.5526,0.8139,0.774,0.5846,0.4114,0.2834,0.1967,0.1456,0.1205,0.1097,0.1047,-0.1228,-0.1236,-0.1242,-0.1245,-0.1244,-0.1241,-0.1234,-0.1226,-0.1218,-0.1214,-0.122,-0.124,-0.1277,-0.1322,-0.136,-0.1377,-0.1382,-0.1408,-0.1509,-0.1783,-0.242,-0.337,-0.346,-0.1727,0.0904,0.343,0.5055,0.5291,0.4577,0.3621,0.2772,0.2126,0.1685,0.141,0.1245,0.1142]},{"header":{"la1":42.85,"la2":41.18,"lo1":11.55,"lo2":14.05,"nx":36,"ny":24,"dx":0.07143,"dy":0.07261,"parameterCategory":2,"parameterNumber":3,"parameterNumberName":"northward_wind","parameterUnit":"m.s-1"},"data":[0.0602,0.0431,0.0243,0.0044,-0.0156,-0.034,-0.0484,-0.0565,-0.0565,-0.0486,-0.0343,-0.0165,0.0023,0.0205,0.0373,0.0522,0.0654,0.0771,0.0874,0.0969,0.1059,0.1147,0.1235,0.1325,0.1414,0.1504,0.1592,0.1679,0.1763,0.1845,0.1923,0.1998,0.2069,0.2137,0.2199,0.2258,0.0559,0.0357,0.0126,-0.0131,-0.0405,-0.0671,-0.0893,-0.1024,-0.1029,-0.0904,-0.0686,-0.0426,-0.0166,0.0071,0.0277,0.0454,0.0604,0.0732,0.0842,0.0939,0.103,0.1121,0.1213,0.1308,0.1404,0.1499,0.1594,0.1687,0.1777,0.1864,0.1948,0.2027,0.2102,0.2173,0.2238,0.2299,0.0537,0.0303,0.0023,-0.0308,-0.0684,-0.108,-0.1439,-0.167,-0.1687,-0.1479,-0.1125,-0.0731,-0.0369,-0.0063,0.0188,0.0395,0.0566,0.0706,0.082,0.0915,0.1004,0.1096,0.1192,0.1293,0.1396,0.1499,0.1601,0.17,0.1796,0.1889,0.1978,0.2062,0.2141,0.2215,0.2283,0.2347,0.0546,0.0284,-0.0046,-0.0461,-0.0972,-0.1568,-0.2175,-0.2616,-0.2675,-0.23,-0.1687,-0.1074,-0.0572,-0.0188,0.0109,0.0347,0.0542,0.0698,0.0814,0.0902,0.0983,0.1073,0.1173,0.128,0.1391,0.1502,0.1612,0.1718,0.1821,0.192,0.2014,0.2103,0.2186,0.2264,0.2336,0.2401,0.0598,0.0318,-0.0051,-0.0545,-0.1211,-0.2088,-0.313,-0.4037,-0.4227,-0.3484,-0.2365,-0.1412,-0.0744,-0.0289,0.0041,0.0306,0.0532,0.0714,0.0836,0.0906,0.0968,0.1053,0.1157,0.1273,0.1393,0.1512,0.1629,0.1742,0.1852,0.1957,0.2057,0.2151,0.224,0.2321,0.2396,0.2464,0.0701,0.0423,0.0042,-0.0499,-0.129,-0.2467,-0.4146,-0.6003,-0.6574,-0.5013,-0.2999,-0.163,-0.0837,-0.0359,-0.0025,0.0257,0.0522,0.0754,0.0894,0.093,0.0961,0.1038,0.1149,0.1273,0.1401,0.1528,0.1652,0.1773,0.189,0.2002,0.2108,0.2209,0.2302,0.2388,0.2466,0.2536,0.086,0.0609,0.0257,-0.026,-0.1061,-0.2363,-0.4512,-0.7492,-0.8708,-0.5959,-0.3096,-0.1563,-0.0816,-0.0406,-0.0111,0.017,0.0471,0.0767,0.0949,0.0955,0.0957,0.1033,0.1151,0.1283,0.1419,0.1552,0.1684,0.1811,0.1935,0.2054,0.2168,0.2275,0.2375,0.2466,0.2547,0.2619,0.1068,0.0872,0.0595,0.0186,-0.0457,-0.1516,-0.328,-0.5737,-0.6678,-0.4381,-0.2225,-0.1178,-0.072,-0.0476,-0.0258,0.001,0.0331,0.0658,0.0873,0.092,0.0951,0.1043,0.1168,0.1305,0.1444,0.1584,0.1721,0.1856,0.1988,0.2116,0.2238,0.2354,0.246,0.2557,0.2642,0.2715,0.1312,0.119,0.1024,0.0784,0.0417,-0.0161,-0.1016,-0.195,-0.2186,-0.1558,-0.0974,-0.0727,-0.0686,-0.0662,-0.0525,-0.0248,0.0113,0.0462,0.0711,0.0847,0.0948,0.1063,0.1194,0.1333,0.1475,0.1619,0.1763,0.1906,0.2048,0.2186,0.2319,0.2445,0.2561,0.2664,0.2753,0.2828,0.1573,0.1532,0.1488,0.1437,0.1367,0.1245,0.1012,0.0636,0.026,0.0059,-0.0145,-0.0493,-0.0873,-0.1092,-0.0998,-0.062,-0.0126,0.032,0.0631,0.0825,0.0963,0.1088,0.1219,0.1359,0.1505,0.1654,0.1806,0.1959,0.2113,0.2265,0.2413,0.2553,0.268,0.2792,0.2885,0.296,0.1826,0.1861,0.193,0.2053,0.2249,0.2517,0.2724,0.2354,0.0812,0.0167,0.0199,-0.0551,-0.1392,-0.1924,-0.1778,-0.1102,-0.0301,0.0356,0.073,0.0895,0.0999,0.1105,0.1228,0.1369,0.1523,0.1682,0.1844,0.2011,0.218,0.2352,0.2521,0.268,0.2824,0.2946,0.3044,0.3118,0.2054,0.2147,0.2302,0.2553,0.2959,0.359,0.4456,0.4927,0.2811,0.1006,0.041,-0.0837,-0.2135,-0.3239,-0.2835,-0.1579,-0.0293,0.0786,0.1132,0.1057,0.103,0.1081,0.1192,0.1345,0.1516,0.1692,0.187,0.2054,0.2246,0.2446,0.2646,0.2834,0.3001,0.3136,0.3238,0.3307,0.2242,0.2371,0.2571,0.2885,0.3386,0.4196,0.5471,0.6889,0.5555,0.2597,0.052,-0.1298,-0.2504,-0.3702,-0.3291,-0.1729,-0.0212,0.1632,0.175,0.1175,0.0961,0.0934,0.1053,0.1256,0.1472,0.1675,0.187,0.2076,0.2303,0.2546,0.2794,0.3027,0.3225,0.3377,0.348,0.3537,0.2387,0.2527,0.2732,0.3037,0.3494,0.4178,0.513,0.6047,0.5235,0.2801,0.0748,-0.1729,-0.278,-0.5232,-0.2638,-0.1651,-0.0984,0.0756,0.1289,0.0956,0.0571,0.0457,0.0708,0.1074,0.1382,0.1616,0.1824,0.2056,0.2334,0.265,0.2976,0.3277,0.3522,0.3692,0.3786,0.3819,0.2494,0.2626,0.2808,0.3056,0.3389,0.3811,0.4252,0.4416,0.3799,0.2745,0.1976,0.0939,-0.0953,-0.1982,-0.1517,-0.2149,-0.402,-0.0764,0.0782,0.0458,-0.0731,-0.0847,0.004,0.0821,0.1261,0.149,0.168,0.1946,0.2314,0.2754,0.321,0.3621,0.393,0.4113,0.418,0.4164,0.2571,0.2686,0.2833,0.3015,0.3227,0.3443,0.359,0.3543,0.3266,0.3121,0.3603,0.4295,0.2986,0.0978,0.0662,-0.0782,-0.2417,0.0386,0.1796,-0.0004,-0.4075,-0.3351,-0.0688,0.0681,0.1134,0.1212,0.1317,0.165,0.2199,0.2861,0.3534,0.4117,0.4514,0.4688,0.4684,0.4576,0.2629,0.2727,0.2841,0.2971,0.3104,0.3218,0.3278,0.3261,0.3225,0.3361,0.3736,0.413,0.6139,0.7084,0.3989,0.2899,0.2744,0.4391,0.535,0.1948,-0.4295,-0.3323,-0.0262,0.0936,0.0942,0.0526,0.0444,0.1002,0.1943,0.2987,0.4005,0.4853,0.5353,0.546,0.5304,0.5043,0.2679,0.2761,0.2853,0.295,0.3044,0.3124,0.3182,0.3226,0.3303,0.3488,0.3836,0.4667,0.7109,0.7892,0.6966,0.7129,0.6539,0.867,1.126,0.6939,0.2454,0.1133,0.1598,0.1534,0.0436,-0.1138,-0.1495,-0.0162,0.1586,0.3183,0.4663,0.5887,0.6483,0.6402,0.5982,0.551,0.2725,0.2797,0.2875,0.2957,0.3037,0.3115,0.3191,0.3283,0.3422,0.3656,0.4065,0.4812,0.5978,0.7379,1.1109,1.2695,0.8942,0.9373,1.0795,0.9633,0.6872,0.4663,0.3536,0.2259,-0.0275,-0.4061,-0.4822,-0.1391,0.15,0.3517,0.5379,0.6997,0.7635,0.7264,0.6542,0.5872,0.2771,0.2838,0.2909,0.2985,0.3065,0.315,0.3247,0.3371,0.3548,0.3815,0.4229,0.4871,0.5851,0.7555,1.0672,1.1647,0.9248,0.9202,1.1499,1.2527,0.9037,0.6672,0.5235,0.3476,0.0479,-0.4173,-0.5128,-0.0089,0.2449,0.402,0.5744,0.7416,0.8038,0.7555,0.6738,0.6014,0.2818,0.2882,0.2952,0.3027,0.3111,0.3206,0.3319,0.3464,0.3661,0.3937,0.4332,0.4898,0.5715,0.6889,0.8231,0.872,0.8381,0.8772,1.0205,1.0619,0.9078,0.8114,0.7338,0.5576,0.3366,0.2598,0.5329,0.5209,0.4369,0.4622,0.5627,0.682,0.7368,0.7103,0.6503,0.591,0.2865,0.2928,0.2999,0.3076,0.3165,0.3267,0.3391,0.3547,0.375,0.4019,0.4378,0.4855,0.5474,0.6213,0.6916,0.7336,0.7561,0.7982,0.8603,0.8913,0.9163,1.0358,1.0608,0.82,0.5902,0.6257,0.8735,0.7543,0.565,0.5104,0.5417,0.6028,0.6408,0.636,0.6041,0.5651,0.2911,0.2975,0.3047,0.3127,0.3219,0.3326,0.3455,0.3614,0.3813,0.4064,0.4381,0.4772,0.5238,0.5744,0.622,0.6603,0.6935,0.7321,0.7783,0.8364,0.9598,1.2008,1.2706,0.9809,0.717,0.6561,0.7084,0.671,0.5794,0.5297,0.5288,0.552,0.5718,0.5735,0.5586,0.5354,0.2956,0.3021,0.3093,0.3175,0.3269,0.3379,0.3509,0.3664,0.3853,0.4082,0.4357,0.468,0.5043,0.5425,0.5796,0.6139,0.6472,0.684,0.7296,0.7969,0.914,1.0699,1.1009,0.9295,0.7425,0.651,0.6265,0.6001,0.5593,0.5288,0.5191,0.5239,0.5309,0.5314,0.5234,0.5092]}]