docs/data/wind_grid.json
[{"header":{"la1":42.85,"la2":41.18,"lo1":11.55,"lo2":14.05,"nx":36,"ny":24,"dx":0.07143,"dy":0.07261,"parameterCategory":2,"parameterNumber":2,"parameterNumberName":"eastward_wind","parameterUnit":"m.s-1"},"data":[0.4458,0.445,0.4445,0.4442,0.4441,0.4435,0.442,0.4389,0.4336,0.4262,0.4169,0.4062,0.3946,0.3821,0.3684,0.3527,0.334,0.3112,0.2837,0.2522,0.2202,0.1935,0.1771,0.1726,0.1776,0.1882,0.2013,0.2147,0.2275,0.2394,0.2505,0.2606,0.27,0.2788,0.287,0.2946,0.4479,0.4472,0.4472,0.448,0.4494,0.4509,0.4513,0.4496,0.4446,0.4362,0.4253,0.413,0.4002,0.3871,0.3731,0.3572,0.3375,0.3116,0.2768,0.2325,0.1841,0.1434,0.122,0.122,0.1365,0.1568,0.1776,0.1967,0.2136,0.2284,0.2416,0.2534,0.2642,0.2741,0.2832,0.2916,0.4491,0.4481,0.4485,0.4506,0.4545,0.4593,0.4635,0.4645,0.4602,0.45,0.4359,0.4208,0.4065,0.393,0.3798,0.3652,0.3468,0.32,0.2777,0.2136,0.1336,0.0644,0.0364,0.0508,0.0852,0.1216,0.1532,0.179,0.2002,0.218,0.2332,0.2467,0.2588,0.2698,0.2799,0.2891,0.4488,0.4467,0.4468,0.4505,0.458,0.4685,0.4798,0.4872,0.4846,0.4701,0.4494,0.4293,0.4128,0.3997,0.3884,0.3774,0.3647,0.3443,0.3002,0.2081,0.0641,-0.07,-0.1023,-0.0462,0.0272,0.0869,0.1308,0.1633,0.1884,0.2086,0.2257,0.2406,0.254,0.2661,0.2772,0.2872,0.4462,0.4411,0.4395,0.4444,0.4572,0.477,0.5017,0.5241,0.5265,0.5009,0.4654,0.4367,0.4179,0.4064,0.3988,0.3938,0.3927,0.3949,0.3744,0.2575,-0.0077,-0.291,-0.3049,-0.1509,-0.0216,0.0612,0.1146,0.1514,0.1787,0.2006,0.2191,0.2353,0.2499,0.2631,0.2751,0.286,0.441,0.429,0.421,0.4255,0.4463,0.4802,0.5268,0.5832,0.6014,0.5453,0.4794,0.4392,0.42,0.4129,0.4111,0.4125,0.4256,0.473,0.546,0.4471,0.0324,-0.425,-0.4089,-0.1826,-0.0327,0.0539,0.1074,0.1438,0.1713,0.1937,0.2132,0.2307,0.2465,0.2609,0.2739,0.2857,0.4343,0.4079,0.3813,0.3789,0.4154,0.4704,0.5367,0.6359,0.6843,0.5744,0.475,0.4303,0.4172,0.4203,0.4285,0.4342,0.448,0.5241,0.7303,0.6798,0.1953,-0.1432,-0.1984,-0.0959,-0.0007,0.0638,0.1073,0.1391,0.1648,0.1873,0.2077,0.2265,0.2438,0.2595,0.2737,0.2863,0.4323,0.3826,0.3079,0.2727,0.3542,0.4499,0.5103,0.5756,0.6015,0.5091,0.4322,0.4051,0.4084,0.4325,0.4638,0.4744,0.4612,0.4754,0.5501,0.4348,0.0801,-0.0478,-0.0455,-0.0071,0.0392,0.0775,0.1075,0.1329,0.1567,0.1797,0.2018,0.2226,0.2418,0.2592,0.2746,0.2882,0.4481,0.3847,0.2403,0.1096,0.3072,0.4579,0.4842,0.4672,0.424,0.3717,0.3554,0.3648,0.3906,0.4514,0.5508,0.5879,0.5077,0.4239,0.3431,0.1318,-0.2328,-0.1947,-0.0355,0.0301,0.0606,0.0804,0.0987,0.1196,0.1437,0.1694,0.1949,0.219,0.2409,0.2603,0.2772,0.2917,0.4912,0.4641,0.3898,0.3364,0.514,0.5493,0.5002,0.4008,0.2395,0.1671,0.2534,0.3157,0.352,0.4477,0.7358,0.8953,0.5952,0.4183,0.3006,0.1218,-0.1187,-0.1138,0.002,0.0501,0.0591,0.0602,0.0697,0.0916,0.1219,0.155,0.187,0.2161,0.2415,0.2634,0.2818,0.2972,0.5455,0.5828,0.691,0.9619,0.9264,0.6796,0.563,0.4215,0.0167,-0.1873,0.1681,0.2768,0.2773,0.3154,0.6332,0.8849,0.5471,0.3981,0.318,0.2211,0.1133,0.0693,0.0705,0.0555,0.0212,-0.0039,0.0037,0.0403,0.0887,0.1367,0.1792,0.2152,0.245,0.2694,0.2893,0.3053,0.5816,0.6436,0.7733,0.9703,0.929,0.7206,0.6696,0.6636,0.3385,0.0747,0.2442,0.272,0.1886,0.0577,0.151,0.3575,0.3792,0.3645,0.3424,0.2874,0.2188,0.1596,0.1022,0.0191,-0.0884,-0.1544,-0.1252,-0.0411,0.046,0.1181,0.1747,0.2188,0.2531,0.2798,0.3005,0.3166,0.5908,0.6402,0.7115,0.7744,0.7545,0.7035,0.7507,0.8818,0.7365,0.462,0.3652,0.3014,0.1982,-0.0591,-0.0182,0.2156,0.3008,0.377,0.3782,0.3176,0.255,0.1883,0.0971,-0.0638,-0.3104,-0.4534,-0.3325,-0.1403,0.0069,0.108,0.1789,0.2302,0.268,0.296,0.3166,0.3317,0.584,0.6153,0.6492,0.6716,0.6722,0.6773,0.7267,0.8022,0.7323,0.5537,0.4421,0.334,0.2845,0.1919,0.1748,0.1616,0.2551,0.3524,0.3597,0.3142,0.2519,0.1863,0.0886,-0.1254,-0.5344,-0.7805,-0.505,-0.1942,-0.0006,0.1187,0.1977,0.2529,0.2921,0.3196,0.3385,0.3512,0.5723,0.5918,0.6101,0.6229,0.6306,0.6424,0.6647,0.6782,0.6459,0.6054,0.5803,0.477,0.3348,0.2056,0.247,0.1674,0.4809,0.3877,0.3532,0.288,0.196,0.1492,0.0987,-0.0665,-0.391,-0.5905,-0.3868,-0.1281,0.0448,0.1571,0.2345,0.2893,0.3274,0.3521,0.367,0.3754,0.5608,0.5738,0.5856,0.5951,0.603,0.6118,0.6214,0.6275,0.6379,0.7085,0.9244,0.6346,0.5332,0.4137,0.3815,0.3921,0.4836,0.4306,0.3784,0.2459,0.0177,0.0439,0.114,0.0531,-0.0861,-0.1713,-0.1096,0.0139,0.1268,0.2171,0.2876,0.3402,0.3754,0.3947,0.4026,0.404,0.551,0.5604,0.5691,0.5767,0.5837,0.5909,0.5992,0.6115,0.642,0.7287,0.8917,0.7407,0.7444,0.7833,0.5735,0.5164,0.5002,0.4946,0.4688,0.3006,-0.0034,0.0424,0.155,0.1487,0.0919,0.0514,0.0658,0.1276,0.2076,0.2848,0.352,0.4051,0.4374,0.4478,0.4442,0.4357,0.543,0.5503,0.5572,0.5638,0.5702,0.5772,0.5863,0.6007,0.6272,0.6709,0.7086,0.7092,0.8031,0.8378,0.7696,0.7585,0.6382,0.606,0.6655,0.4765,0.2891,0.2331,0.2418,0.2199,0.157,0.0802,0.0734,0.164,0.2682,0.3517,0.4219,0.4808,0.5118,0.5081,0.4879,0.467,0.5363,0.5424,0.5483,0.5541,0.5602,0.5672,0.5763,0.5893,0.608,0.6316,0.6538,0.6782,0.7261,0.8088,1.1097,1.2491,0.7987,0.6314,0.6207,0.5176,0.429,0.364,0.328,0.2794,0.1612,-0.0754,-0.1258,0.1491,0.3327,0.4215,0.4866,0.5511,0.5819,0.5611,0.5239,0.4924,0.5307,0.5359,0.5412,0.5466,0.5524,0.5591,0.5675,0.5784,0.5924,0.6093,0.6288,0.6556,0.7033,0.811,1.0582,1.1295,0.8071,0.6143,0.5244,0.5014,0.4753,0.4342,0.4022,0.3562,0.2402,-0.0642,-0.1364,0.3148,0.4688,0.5048,0.5329,0.5791,0.6049,0.5803,0.5404,0.5072,0.5258,0.5305,0.5352,0.5402,0.5457,0.5519,0.5595,0.5687,0.5801,0.5939,0.6113,0.6358,0.6751,0.7409,0.822,0.8219,0.708,0.5967,0.5313,0.5081,0.4952,0.4868,0.4784,0.4596,0.4559,0.5559,0.9205,0.8577,0.6736,0.5978,0.5699,0.5721,0.5802,0.5658,0.5384,0.5116,0.5216,0.5258,0.5301,0.5347,0.5397,0.5454,0.5521,0.56,0.5695,0.581,0.5954,0.6144,0.6402,0.6716,0.6953,0.6848,0.6363,0.58,0.5398,0.5205,0.522,0.5486,0.5595,0.5447,0.6102,0.8931,1.3455,1.0984,0.767,0.6651,0.6101,0.5782,0.5638,0.5499,0.5311,0.511,0.5177,0.5215,0.5254,0.5296,0.5342,0.5393,0.5451,0.5519,0.5598,0.569,0.5801,0.5934,0.6084,0.6224,0.6285,0.6188,0.5937,0.5637,0.54,0.5302,0.5434,0.5859,0.5995,0.5785,0.6367,0.8059,0.9599,0.8479,0.7148,0.6909,0.64,0.5936,0.5644,0.5444,0.5267,0.5097,0.5141,0.5176,0.5211,0.5249,0.529,0.5335,0.5386,0.5442,0.5506,0.5578,0.5659,0.5746,0.5829,0.5889,0.5894,0.5819,0.5673,0.5503,0.5369,0.5329,0.5443,0.5684,0.5784,0.5789,0.6182,0.6963,0.7507,0.7287,0.7037,0.6898,0.6453,0.5999,0.5667,0.5432,0.5247,0.5087]},{"header":{"la1":42.85,"la2":41.18,"lo1":11.55,"lo2":14.05,"nx":36,"ny":24,"dx":0.07143,"dy":0.07261,"parameterCategory":2,"parameterNumber":3,"parameterNumberName":"northward_wind","parameterUnit":"m.s-1"},"data":[-0.5083,-0.5083,-0.5081,-0.5077,-0.5071,-0.5064,-0.5055,-0.5039,-0.5014,-0.4975,-0.4917,-0.4836,-0.4727,-0.4585,-0.4408,-0.4202,-0.398,-0.376,-0.3568,-0.342,-0.3323,-0.3276,-0.3269,-0.3293,-0.3332,-0.3375,-0.341,-0.3432,-0.344,-0.3433,-0.3414,-0.3384,-0.3347,-0.3305,-0.326,-0.3214,-0.5116,-0.5117,-0.5116,-0.5112,-0.5109,-0.5106,-0.5102,-0.5094,-0.5076,-0.5041,-0.4986,-0.4902,-0.4783,-0.462,-0.4405,-0.4143,-0.3848,-0.3556,-0.3309,-0.3136,-0.3043,-0.3016,-0.3042,-0.3108,-0.3191,-0.3272,-0.3335,-0.3375,-0.3393,-0.339,-0.3371,-0.3339,-0.3297,-0.325,-0.32,-0.3149,-0.5154,-0.5156,-0.5154,-0.515,-0.5146,-0.5147,-0.5154,-0.5158,-0.5149,-0.512,-0.5066,-0.4984,-0.4859,-0.4675,-0.4416,-0.4075,-0.367,-0.3259,-0.2928,-0.2738,-0.2676,-0.2691,-0.2766,-0.2893,-0.3039,-0.3169,-0.3266,-0.3326,-0.3353,-0.3352,-0.333,-0.3293,-0.3245,-0.319,-0.3133,-0.3076,-0.5197,-0.5202,-0.52,-0.5191,-0.5184,-0.5189,-0.5211,-0.5239,-0.5245,-0.5216,-0.516,-0.5082,-0.4961,-0.4766,-0.4459,-0.4013,-0.3432,-0.2805,-0.2324,-0.2158,-0.2227,-0.2325,-0.245,-0.266,-0.2893,-0.3084,-0.3216,-0.3293,-0.3325,-0.3322,-0.3293,-0.3246,-0.3188,-0.3123,-0.3057,-0.2993,-0.5252,-0.5263,-0.5261,-0.5244,-0.5223,-0.5226,-0.5278,-0.5359,-0.5391,-0.5338,-0.5262,-0.5193,-0.5095,-0.491,-0.4568,-0.3999,-0.3147,-0.2084,-0.1236,-0.1204,-0.1748,-0.2036,-0.2153,-0.2459,-0.279,-0.3038,-0.3197,-0.3282,-0.3312,-0.33,-0.3258,-0.3197,-0.3125,-0.3048,-0.2971,-0.2897,-0.5322,-0.535,-0.5356,-0.5326,-0.527,-0.5247,-0.5343,-0.5561,-0.5656,-0.5493,-0.535,-0.5305,-0.5267,-0.5132,-0.4799,-0.4132,-0.294,-0.1067,0.0889,0.069,-0.1185,-0.1967,-0.2041,-0.2406,-0.2788,-0.3059,-0.3223,-0.3302,-0.3318,-0.3287,-0.3225,-0.3144,-0.3053,-0.296,-0.2869,-0.2785,-0.5409,-0.5472,-0.5512,-0.548,-0.5352,-0.523,-0.5321,-0.5751,-0.5981,-0.5579,-0.5368,-0.5404,-0.548,-0.5458,-0.5212,-0.456,-0.3185,-0.0556,0.3212,0.2896,-0.0628,-0.1908,-0.2229,-0.2575,-0.2915,-0.3159,-0.3301,-0.3356,-0.3344,-0.3284,-0.3192,-0.3083,-0.2967,-0.2853,-0.2747,-0.2652,-0.5506,-0.5624,-0.5741,-0.5761,-0.5524,-0.5165,-0.505,-0.5357,-0.5562,-0.5281,-0.5255,-0.5483,-0.574,-0.5899,-0.585,-0.5379,-0.4179,-0.1982,0.0663,0.0467,-0.1457,-0.2136,-0.2515,-0.2849,-0.3133,-0.3331,-0.3433,-0.3447,-0.3391,-0.3287,-0.3154,-0.3007,-0.286,-0.2721,-0.2597,-0.249,-0.5595,-0.5768,-0.5942,-0.6026,-0.5745,-0.505,-0.4501,-0.4386,-0.4468,-0.4613,-0.5008,-0.555,-0.6039,-0.6429,-0.673,-0.6584,-0.5571,-0.4035,-0.2626,-0.2154,-0.2081,-0.2218,-0.2747,-0.3146,-0.3413,-0.3573,-0.3625,-0.3581,-0.3462,-0.3295,-0.3104,-0.2908,-0.2722,-0.2554,-0.241,-0.2293,-0.5658,-0.5898,-0.614,-0.6239,-0.6066,-0.4853,-0.3619,-0.3145,-0.3305,-0.3745,-0.4645,-0.5632,-0.6346,-0.6906,-0.7781,-0.8194,-0.6758,-0.5361,-0.4225,-0.3304,-0.2555,-0.2622,-0.3141,-0.3525,-0.3777,-0.3909,-0.3905,-0.3775,-0.3559,-0.33,-0.303,-0.2772,-0.2539,-0.2338,-0.2175,-0.2049,-0.567,-0.6015,-0.6711,-0.812,-0.7611,-0.4507,-0.1999,-0.1221,-0.243,-0.3002,-0.4332,-0.5842,-0.6652,-0.7054,-0.7809,-0.8342,-0.706,-0.5906,-0.5016,-0.4297,-0.3735,-0.3576,-0.3745,-0.4014,-0.4282,-0.4424,-0.4341,-0.4061,-0.3685,-0.329,-0.2915,-0.2578,-0.229,-0.2055,-0.1874,-0.1745,-0.5582,-0.5907,-0.6622,-0.7855,-0.7093,-0.3117,0.0957,0.3216,0.016,-0.2606,-0.4606,-0.6339,-0.698,-0.6836,-0.7005,-0.7447,-0.692,-0.5655,-0.4966,-0.4763,-0.4431,-0.4212,-0.4249,-0.4559,-0.5046,-0.5323,-0.5068,-0.4473,-0.3825,-0.3235,-0.2724,-0.2295,-0.1946,-0.1678,-0.1487,-0.1365,-0.5403,-0.554,-0.5743,-0.574,-0.4476,-0.1284,0.3329,0.7836,0.4539,-0.1805,-0.5462,-0.6983,-0.7442,-0.6566,-0.6781,-0.7955,-0.7331,-0.4224,-0.388,-0.4802,-0.4628,-0.4403,-0.4486,-0.5091,-0.6263,-0.6962,-0.6199,-0.4954,-0.3898,-0.3069,-0.2408,-0.1878,-0.1468,-0.1174,-0.0987,-0.0891,-0.5221,-0.5176,-0.5018,-0.4525,-0.3305,-0.1069,0.2117,0.5156,0.2947,-0.3285,-0.6961,-0.7309,-0.7326,-1.0512,-0.905,-0.9111,-0.8934,-0.6358,-0.504,-0.4928,-0.4419,-0.4141,-0.4348,-0.5315,-0.7429,-0.877,-0.7138,-0.5144,-0.3727,-0.2699,-0.19,-0.1272,-0.0805,-0.0499,-0.0341,-0.0302,-0.5113,-0.4988,-0.4735,-0.4247,-0.3405,-0.2188,-0.0855,-0.04,-0.2581,-0.6652,-0.9677,-1.0717,-1.117,-1.3678,-1.0238,-0.9625,-1.3489,-0.9046,-0.6174,-0.4551,-0.349,-0.3279,-0.3741,-0.4755,-0.6549,-0.7648,-0.6342,-0.4548,-0.3147,-0.2046,-0.1138,-0.0406,0.0117,0.0409,0.0491,0.0424,-0.51,-0.498,-0.4778,-0.4464,-0.4043,-0.3612,-0.3463,-0.4164,-0.6285,-0.9675,-1.3113,-1.5643,-1.4195,-1.2535,-1.0962,-1.0804,-1.2124,-0.8319,-0.5035,-0.3114,-0.1662,-0.1922,-0.2895,-0.3746,-0.4617,-0.5027,-0.4462,-0.3378,-0.2225,-0.1114,-0.0078,0.0802,0.1395,0.1626,0.155,0.1293,-0.5161,-0.5088,-0.4984,-0.4858,-0.4758,-0.4793,-0.5168,-0.6156,-0.7965,-1.0532,-1.3014,-1.4092,-1.666,-1.7481,-1.1918,-0.9632,-0.7829,-0.4141,-0.0942,-0.114,-0.1196,-0.1511,-0.2334,-0.2929,-0.3359,-0.3514,-0.3179,-0.2344,-0.1221,0.0016,0.1295,0.2455,0.3165,0.3239,0.285,0.2283,-0.526,-0.5245,-0.5234,-0.5253,-0.5349,-0.5606,-0.6141,-0.707,-0.8431,-1.0083,-1.1628,-1.3154,-1.672,-1.7172,-1.1391,-0.8605,-0.536,0.1788,0.8146,0.208,-0.0654,-0.1457,-0.1962,-0.2371,-0.2857,-0.345,-0.3298,-0.1941,-0.0304,0.1262,0.2932,0.4607,0.552,0.5231,0.4293,0.329,-0.5368,-0.5403,-0.5462,-0.557,-0.5765,-0.61,-0.6631,-0.7398,-0.8383,-0.9483,-1.0554,-1.1601,-1.2525,-1.1756,-0.9424,-0.8733,-0.5092,0.1494,0.5619,0.2415,0.0247,-0.0965,-0.1502,-0.1859,-0.2785,-0.5242,-0.5725,-0.1998,0.0798,0.2617,0.4553,0.686,0.8027,0.7143,0.5534,0.4107,-0.5465,-0.5536,-0.5638,-0.5791,-0.6021,-0.6357,-0.6823,-0.7423,-0.8128,-0.8867,-0.9547,-1.0062,-1.0186,-0.9585,-0.8748,-0.8136,-0.5102,-0.0938,0.2089,0.2726,0.0629,-0.0624,-0.1016,-0.1095,-0.1749,-0.4986,-0.5774,0.0438,0.3009,0.4199,0.5621,0.7778,0.8943,0.7842,0.6043,0.4505,-0.554,-0.5631,-0.5754,-0.5922,-0.615,-0.6452,-0.6835,-0.7289,-0.7785,-0.8269,-0.8667,-0.8886,-0.881,-0.838,-0.771,-0.6649,-0.4611,-0.1945,0.0437,0.1083,0.0031,-0.0634,-0.0652,-0.0156,0.0914,0.3192,0.8529,0.8069,0.6518,0.624,0.6339,0.709,0.7671,0.7017,0.572,0.4448,-0.5587,-0.5686,-0.5814,-0.5978,-0.6185,-0.6441,-0.6742,-0.7077,-0.7416,-0.772,-0.7934,-0.7993,-0.7839,-0.7439,-0.6782,-0.5783,-0.4355,-0.2699,-0.1313,-0.0713,-0.0754,-0.0818,-0.0677,0.0247,0.2688,0.7799,1.431,1.1802,0.9818,0.9063,0.7646,0.6792,0.6459,0.5929,0.5074,0.413,-0.5607,-0.5706,-0.5828,-0.5977,-0.6155,-0.6362,-0.6591,-0.683,-0.7054,-0.7232,-0.7325,-0.7292,-0.7095,-0.6707,-0.6109,-0.528,-0.4238,-0.3117,-0.2145,-0.1487,-0.1091,-0.0918,-0.0913,0.0138,0.2739,0.6595,0.9908,1.1186,1.3786,1.2518,0.9298,0.7161,0.6028,0.5259,0.4515,0.3756,-0.5603,-0.5696,-0.5806,-0.5935,-0.6081,-0.6242,-0.6411,-0.6574,-0.6713,-0.6804,-0.6819,-0.6729,-0.6511,-0.6144,-0.562,-0.4941,-0.4138,-0.3289,-0.2494,-0.1814,-0.126,-0.0896,-0.0624,0.0349,0.239,0.5092,0.7822,1.0983,1.4266,1.2997,0.9688,0.7261,0.5795,0.4839,0.4082,0.34]}]