docs/data/wind_grid.json
[{"header":{"la1":42.85,"la2":41.18,"lo1":11.55,"lo2":14.05,"nx":36,"ny":24,"dx":0.07143,"dy":0.07261,"parameterCategory":2,"parameterNumber":2,"parameterNumberName":"eastward_wind","parameterUnit":"m.s-1"},"data":[-0.6011,-0.6035,-0.603,-0.5995,-0.5934,-0.585,-0.5745,-0.5618,-0.547,-0.5308,-0.5148,-0.5009,-0.491,-0.4859,-0.4856,-0.4889,-0.4931,-0.495,-0.4915,-0.4809,-0.4651,-0.4486,-0.4363,-0.4301,-0.4287,-0.4295,-0.4304,-0.4305,-0.4294,-0.4274,-0.4247,-0.4217,-0.4184,-0.4152,-0.4121,-0.4091,-0.627,-0.6313,-0.6318,-0.6283,-0.6214,-0.6121,-0.6005,-0.5862,-0.5681,-0.5466,-0.5244,-0.505,-0.4916,-0.4859,-0.488,-0.4961,-0.5064,-0.513,-0.5094,-0.4917,-0.4627,-0.4335,-0.4153,-0.4112,-0.4157,-0.4223,-0.4271,-0.4293,-0.4292,-0.4274,-0.4246,-0.4213,-0.4178,-0.4143,-0.411,-0.4078,-0.6586,-0.6662,-0.6682,-0.6646,-0.6565,-0.6462,-0.6349,-0.6205,-0.5991,-0.5697,-0.5371,-0.5084,-0.4894,-0.4825,-0.4881,-0.5043,-0.5259,-0.5429,-0.5414,-0.51,-0.4524,-0.3949,-0.3683,-0.3751,-0.3952,-0.413,-0.424,-0.4288,-0.4295,-0.4277,-0.4246,-0.4208,-0.417,-0.4132,-0.4096,-0.4063,-0.6978,-0.7109,-0.7158,-0.7115,-0.7004,-0.6886,-0.6805,-0.6717,-0.6491,-0.6064,-0.5547,-0.5101,-0.4819,-0.4728,-0.4833,-0.512,-0.5538,-0.594,-0.6039,-0.5499,-0.4272,-0.3012,-0.2674,-0.3136,-0.3688,-0.4049,-0.4231,-0.43,-0.4307,-0.4283,-0.4244,-0.4201,-0.4158,-0.4117,-0.4078,-0.4044,-0.7464,-0.7697,-0.7809,-0.7752,-0.7563,-0.7389,-0.739,-0.7521,-0.7375,-0.668,-0.5782,-0.507,-0.4653,-0.4525,-0.4682,-0.5138,-0.5891,-0.6797,-0.7331,-0.6552,-0.3978,-0.102,-0.0857,-0.2391,-0.3511,-0.4056,-0.4277,-0.4339,-0.433,-0.429,-0.4241,-0.4189,-0.4141,-0.4096,-0.4056,-0.402,-0.8056,-0.8485,-0.8753,-0.8692,-0.8309,-0.793,-0.8029,-0.8754,-0.8981,-0.7627,-0.5991,-0.491,-0.434,-0.4157,-0.4345,-0.4974,-0.617,-0.8002,-0.9826,-0.9162,-0.4901,0.0333,0.0144,-0.2381,-0.3728,-0.4245,-0.4398,-0.4405,-0.4358,-0.4294,-0.423,-0.417,-0.4116,-0.4069,-0.4027,-0.3991,-0.8726,-0.9512,-1.0177,-1.023,-0.9424,-0.8457,-0.836,-0.9821,-1.0779,-0.8268,-0.5816,-0.449,-0.3825,-0.3564,-0.3704,-0.4416,-0.5963,-0.8691,-1.2294,-1.1981,-0.7826,-0.4043,-0.3067,-0.3937,-0.447,-0.4606,-0.4568,-0.4475,-0.4375,-0.4283,-0.4205,-0.4139,-0.4082,-0.4034,-0.3992,-0.3956,-0.934,-1.0645,-1.2188,-1.2817,-1.1155,-0.8969,-0.7982,-0.8581,-0.8981,-0.684,-0.4843,-0.3748,-0.3111,-0.2704,-0.2602,-0.3207,-0.4875,-0.753,-1.0319,-1.079,-1.0718,-0.9557,-0.7201,-0.5928,-0.5335,-0.497,-0.4704,-0.4505,-0.4357,-0.4246,-0.416,-0.4092,-0.4036,-0.3989,-0.3949,-0.3914,-0.9645,-1.131,-1.3847,-1.5735,-1.2713,-0.923,-0.7227,-0.6208,-0.53,-0.4145,-0.3359,-0.2842,-0.2314,-0.1612,-0.0749,-0.0904,-0.3049,-0.5781,-0.8181,-1.0669,-1.4968,-1.3889,-0.9534,-0.7062,-0.5813,-0.512,-0.4704,-0.4445,-0.428,-0.4169,-0.409,-0.4029,-0.3978,-0.3935,-0.3897,-0.3865,-0.9466,-1.0897,-1.2739,-1.3763,-1.1627,-0.8867,-0.6514,-0.4492,-0.225,-0.1189,-0.1821,-0.2039,-0.1645,-0.0632,0.2083,0.3516,-0.1171,-0.4896,-0.7355,-0.9828,-1.3034,-1.2434,-0.9223,-0.6988,-0.5688,-0.4931,-0.4498,-0.426,-0.4129,-0.4051,-0.3996,-0.395,-0.3908,-0.387,-0.3837,-0.3808,-0.8941,-0.9957,-1.0944,-1.1574,-1.109,-0.8502,-0.6176,-0.3967,0.0582,0.277,-0.0704,-0.1561,-0.1213,-0.0416,0.1856,0.3636,-0.1805,-0.5868,-0.7894,-0.8689,-0.9282,-0.8915,-0.7511,-0.6087,-0.5033,-0.4379,-0.4058,-0.3942,-0.391,-0.3899,-0.3884,-0.386,-0.3829,-0.3797,-0.3767,-0.3743,-0.8275,-0.9046,-0.997,-1.1045,-1.0481,-0.7897,-0.6455,-0.5927,-0.2506,0.0256,-0.1242,-0.148,-0.0855,0.0142,-0.0251,-0.1597,-0.4984,-1.0157,-1.1673,-0.9449,-0.7911,-0.6948,-0.5965,-0.4928,-0.4006,-0.3459,-0.3376,-0.3512,-0.3654,-0.374,-0.3772,-0.3768,-0.3744,-0.3714,-0.3686,-0.3665,-0.7543,-0.8054,-0.8586,-0.8882,-0.8238,-0.7012,-0.6832,-0.7962,-0.6381,-0.3242,-0.205,-0.1613,-0.1027,0.0524,-0.0346,-0.3197,-0.705,-1.872,-1.9244,-1.072,-0.724,-0.571,-0.4757,-0.3814,-0.2733,-0.2149,-0.2505,-0.3063,-0.343,-0.3613,-0.368,-0.3681,-0.3652,-0.3617,-0.3588,-0.3571,-0.681,-0.7071,-0.7244,-0.717,-0.6732,-0.625,-0.6354,-0.7016,-0.6025,-0.345,-0.2026,-0.1712,-0.1645,-0.1011,-0.2195,-0.4098,-0.6223,-1.2547,-1.392,-0.8737,-0.5651,-0.4279,-0.3668,-0.2999,-0.1765,-0.1003,-0.1872,-0.2824,-0.3345,-0.3569,-0.3627,-0.36,-0.3543,-0.3492,-0.3461,-0.3453,-0.6144,-0.6233,-0.6224,-0.6061,-0.5754,-0.5453,-0.5309,-0.5093,-0.4072,-0.2425,-0.1303,-0.1069,-0.0968,-0.0144,-0.2751,-0.4603,-1.0618,-0.7978,-0.7129,-0.4953,-0.2727,-0.213,-0.2509,-0.2612,-0.2038,-0.1562,-0.2229,-0.3041,-0.3487,-0.3637,-0.3612,-0.3504,-0.3389,-0.3311,-0.3284,-0.3297,-0.5576,-0.5563,-0.547,-0.5279,-0.5005,-0.4688,-0.4323,-0.3755,-0.2751,-0.1295,0.0332,-0.0078,-0.0494,-0.1048,-0.2575,-0.5571,-0.8845,-0.5947,-0.3849,-0.1692,0.1372,0.0735,-0.1354,-0.2404,-0.2734,-0.2867,-0.3254,-0.3672,-0.3859,-0.3809,-0.3602,-0.3339,-0.3125,-0.3023,-0.3027,-0.3092,-0.5105,-0.5034,-0.4898,-0.4691,-0.4413,-0.4067,-0.3624,-0.3011,-0.2146,-0.1004,0.0179,-0.0094,0.0038,0.0105,-0.1397,-0.276,-0.3431,-0.2103,-0.0495,0.011,0.2114,0.1309,-0.0985,-0.2448,-0.3399,-0.4074,-0.4492,-0.4592,-0.442,-0.4046,-0.353,-0.2994,-0.2634,-0.2548,-0.2657,-0.2831,-0.4719,-0.4614,-0.4456,-0.424,-0.3961,-0.3615,-0.3182,-0.264,-0.1981,-0.1269,-0.0709,-0.042,0.0194,0.0438,0.0492,0.053,-0.0161,0.1644,0.4215,0.1553,0.0598,-0.0087,-0.1396,-0.2853,-0.4345,-0.5669,-0.6174,-0.5807,-0.5131,-0.4305,-0.3314,-0.2315,-0.1756,-0.1819,-0.2178,-0.2541,-0.4404,-0.428,-0.4112,-0.3896,-0.3628,-0.3303,-0.2915,-0.2464,-0.1965,-0.1466,-0.1029,-0.0628,-0.0112,0.0843,0.4114,0.559,0.1903,0.2114,0.334,0.1996,0.0695,-0.046,-0.1713,-0.3334,-0.5455,-0.7699,-0.8208,-0.7109,-0.5897,-0.4583,-0.3008,-0.1332,-0.0552,-0.0985,-0.1728,-0.2306,-0.4148,-0.4015,-0.3845,-0.3636,-0.3385,-0.3091,-0.2754,-0.2379,-0.198,-0.1579,-0.1185,-0.0757,-0.0148,0.1084,0.3693,0.4532,0.2084,0.1538,0.2353,0.272,0.1041,-0.0328,-0.1621,-0.343,-0.5921,-0.831,-0.8784,-0.8064,-0.6623,-0.4932,-0.3012,-0.0927,-0.0026,-0.068,-0.1592,-0.2243,-0.394,-0.3805,-0.3639,-0.3442,-0.3211,-0.2949,-0.2656,-0.2338,-0.2004,-0.1661,-0.1303,-0.0893,-0.0343,0.0481,0.1474,0.1748,0.1198,0.1052,0.1567,0.169,0.0822,0.0136,-0.0758,-0.2758,-0.5668,-0.866,-1.1179,-1.0023,-0.7237,-0.5216,-0.3537,-0.1876,-0.1033,-0.1304,-0.1902,-0.2394,-0.3772,-0.3639,-0.3481,-0.3297,-0.3088,-0.2854,-0.2599,-0.2325,-0.2039,-0.174,-0.1424,-0.107,-0.065,-0.0161,0.0284,0.0469,0.0424,0.045,0.0623,0.0696,0.0824,0.1666,0.1687,-0.1088,-0.4944,-0.9251,-1.3453,-1.0888,-0.6468,-0.4825,-0.3945,-0.2995,-0.2342,-0.2231,-0.2424,-0.2673,-0.3637,-0.3508,-0.3359,-0.319,-0.3001,-0.2793,-0.2569,-0.2332,-0.2083,-0.1825,-0.1554,-0.1265,-0.0954,-0.0641,-0.0378,-0.0221,-0.0149,-0.0075,0.0051,0.0296,0.1083,0.3078,0.3739,0.0315,-0.3744,-0.717,-0.9009,-0.6848,-0.3651,-0.3713,-0.3887,-0.353,-0.3116,-0.2904,-0.2883,-0.2957,-0.3529,-0.3406,-0.3267,-0.3112,-0.2941,-0.2757,-0.2559,-0.2352,-0.2137,-0.1915,-0.1687,-0.1453,-0.1218,-0.0996,-0.0811,-0.0677,-0.0583,-0.0492,-0.0353,-0.0059,0.0641,0.1794,0.19,-0.0241,-0.3004,-0.5142,-0.591,-0.4746,-0.3233,-0.3445,-0.3787,-0.3699,-0.3465,-0.328,-0.3193,-0.3179]},{"header":{"la1":42.85,"la2":41.18,"lo1":11.55,"lo2":14.05,"nx":36,"ny":24,"dx":0.07143,"dy":0.07261,"parameterCategory":2,"parameterNumber":3,"parameterNumberName":"northward_wind","parameterUnit":"m.s-1"},"data":[-0.8022,-0.797,-0.7894,-0.7792,-0.7666,-0.7523,-0.7372,-0.7224,-0.7084,-0.6948,-0.6805,-0.6636,-0.6429,-0.6179,-0.5886,-0.5559,-0.521,-0.4859,-0.4527,-0.4234,-0.4001,-0.3847,-0.3786,-0.3813,-0.3909,-0.4045,-0.4199,-0.4357,-0.4511,-0.4656,-0.4793,-0.4921,-0.504,-0.5152,-0.5255,-0.5351,-0.8157,-0.8108,-0.8026,-0.7907,-0.7752,-0.757,-0.738,-0.7205,-0.706,-0.6943,-0.6825,-0.6675,-0.6469,-0.6197,-0.5861,-0.547,-0.5043,-0.4608,-0.4194,-0.3827,-0.3532,-0.3342,-0.329,-0.3373,-0.3547,-0.376,-0.3978,-0.4186,-0.4378,-0.4553,-0.4713,-0.486,-0.4994,-0.5118,-0.5233,-0.5338,-0.8313,-0.8271,-0.8185,-0.8045,-0.7845,-0.7596,-0.7329,-0.7097,-0.6946,-0.6874,-0.6823,-0.6723,-0.6535,-0.6246,-0.586,-0.5388,-0.4856,-0.4306,-0.3787,-0.3327,-0.2939,-0.2678,-0.2643,-0.2832,-0.3137,-0.3461,-0.376,-0.4025,-0.4257,-0.4462,-0.4645,-0.481,-0.4959,-0.5096,-0.522,-0.5334,-0.8493,-0.8468,-0.8386,-0.8223,-0.796,-0.7596,-0.7172,-0.6803,-0.663,-0.6673,-0.6777,-0.6786,-0.6641,-0.6342,-0.5901,-0.5328,-0.465,-0.3932,-0.3279,-0.2736,-0.2222,-0.1798,-0.1787,-0.2191,-0.2709,-0.3178,-0.3567,-0.3888,-0.4158,-0.439,-0.4593,-0.4774,-0.4938,-0.5086,-0.5221,-0.5343,-0.87,-0.871,-0.8651,-0.8477,-0.8137,-0.7592,-0.6854,-0.6126,-0.5866,-0.6209,-0.6673,-0.6888,-0.6814,-0.6511,-0.6015,-0.5325,-0.444,-0.3443,-0.2589,-0.2067,-0.15,-0.0724,-0.077,-0.157,-0.2358,-0.2964,-0.3426,-0.379,-0.4088,-0.4341,-0.4561,-0.4757,-0.4933,-0.5092,-0.5237,-0.5367,-0.8928,-0.9003,-0.9009,-0.8859,-0.8456,-0.7691,-0.6418,-0.4794,-0.4193,-0.5369,-0.6587,-0.7093,-0.7088,-0.6783,-0.6248,-0.5451,-0.4313,-0.2834,-0.149,-0.1222,-0.1116,-0.0194,-0.0301,-0.1335,-0.2222,-0.2873,-0.336,-0.3741,-0.4053,-0.4319,-0.4551,-0.4759,-0.4947,-0.5117,-0.527,-0.5407,-0.9158,-0.9339,-0.9485,-0.9433,-0.9008,-0.8108,-0.6394,-0.3492,-0.2126,-0.4799,-0.687,-0.7522,-0.7496,-0.7179,-0.6656,-0.5827,-0.4509,-0.254,-0.0377,-0.0386,-0.1029,-0.0835,-0.0956,-0.1611,-0.2319,-0.2905,-0.3368,-0.3741,-0.4053,-0.4323,-0.4565,-0.4783,-0.4982,-0.5163,-0.5325,-0.5469,-0.9343,-0.9657,-1.0067,-1.0243,-0.9752,-0.8907,-0.7593,-0.5389,-0.439,-0.6499,-0.7976,-0.8238,-0.802,-0.7696,-0.73,-0.6582,-0.5262,-0.3353,-0.1482,-0.0952,-0.0465,-0.0486,-0.1184,-0.1877,-0.2495,-0.301,-0.3429,-0.3778,-0.408,-0.4351,-0.46,-0.483,-0.5041,-0.5233,-0.5404,-0.5555,-0.9408,-0.9782,-1.0488,-1.1091,-1.0249,-0.9653,-0.9396,-0.9097,-0.9258,-0.9828,-0.9726,-0.9121,-0.8557,-0.8277,-0.8298,-0.7931,-0.6455,-0.4585,-0.2875,-0.1122,0.1426,0.0963,-0.0939,-0.2021,-0.2675,-0.3143,-0.3514,-0.3832,-0.4122,-0.4396,-0.4656,-0.4902,-0.5129,-0.5334,-0.5515,-0.5672,-0.9321,-0.951,-0.9854,-1.0091,-0.9488,-0.9966,-1.0935,-1.2008,-1.3447,-1.3744,-1.174,-0.991,-0.8939,-0.8733,-0.977,-1.0435,-0.7644,-0.5376,-0.371,-0.187,0.0275,0.0097,-0.1372,-0.2324,-0.289,-0.3279,-0.3592,-0.3881,-0.4167,-0.4452,-0.4733,-0.5002,-0.5251,-0.5473,-0.5666,-0.5827,-0.9177,-0.9064,-0.8499,-0.6933,-0.7354,-1.0077,-1.2344,-1.411,-1.7086,-1.8681,-1.333,-1.0258,-0.9065,-0.8789,-0.9602,-1.0466,-0.7342,-0.5352,-0.4184,-0.3095,-0.2097,-0.1866,-0.228,-0.2748,-0.3103,-0.3374,-0.3626,-0.3899,-0.4199,-0.4516,-0.4834,-0.5139,-0.542,-0.5665,-0.5869,-0.6031,-0.9121,-0.8929,-0.8282,-0.7062,-0.7698,-1.1,-1.4103,-1.5952,-1.6366,-1.6428,-1.2564,-0.9985,-0.907,-0.9201,-0.8473,-0.7041,-0.5532,-0.4689,-0.4278,-0.3665,-0.3091,-0.2815,-0.2852,-0.3028,-0.3202,-0.3354,-0.3563,-0.386,-0.4213,-0.459,-0.497,-0.5331,-0.5656,-0.5929,-0.6144,-0.6301,-0.9184,-0.9132,-0.8962,-0.8917,-0.991,-1.2329,-1.5408,-1.794,-1.6509,-1.3661,-1.1118,-0.9611,-0.9018,-0.9473,-0.8227,-0.4559,-0.3398,-0.4514,-0.4592,-0.3664,-0.3158,-0.2928,-0.2938,-0.306,-0.3128,-0.3156,-0.3375,-0.3768,-0.4222,-0.4695,-0.5166,-0.5609,-0.5994,-0.63,-0.6519,-0.6657,-0.9285,-0.9392,-0.9559,-0.9971,-1.0936,-1.2589,-1.4707,-1.6521,-1.5478,-1.2381,-1.0311,-0.9619,-0.9416,-0.7927,-0.496,0.0209,0.0084,-0.2492,-0.3506,-0.3025,-0.2534,-0.2371,-0.2603,-0.2914,-0.3,-0.2918,-0.3192,-0.3702,-0.4268,-0.4862,-0.5461,-0.6022,-0.649,-0.683,-0.7036,-0.7128,-0.9348,-0.9538,-0.9819,-1.0279,-1.1007,-1.1997,-1.3035,-1.3539,-1.267,-1.0992,-0.9871,-0.9309,-0.8486,-0.7977,-0.3681,0.1806,0.7668,0.0896,-0.1886,-0.1893,-0.0786,-0.0775,-0.1807,-0.2633,-0.2968,-0.3012,-0.3255,-0.3746,-0.4385,-0.5126,-0.5913,-0.6653,-0.724,-0.7605,-0.7754,-0.7746,-0.9342,-0.9549,-0.9824,-1.0196,-1.0673,-1.1193,-1.1584,-1.1566,-1.097,-1.0168,-0.9862,-0.985,-0.9311,-0.7885,-0.4769,0.0436,0.488,0.0249,-0.2042,-0.0779,0.3421,0.2403,-0.0766,-0.229,-0.2844,-0.3041,-0.3274,-0.3753,-0.4515,-0.5499,-0.6599,-0.7643,-0.8406,-0.8757,-0.8749,-0.8538,-0.9275,-0.9461,-0.9686,-0.9951,-1.0238,-1.0489,-1.0608,-1.0494,-1.0161,-0.9838,-0.981,-0.9871,-1.1371,-1.1792,-0.7081,-0.3899,-0.2469,-0.3588,-0.4458,-0.1859,0.3952,0.2697,-0.0786,-0.2228,-0.257,-0.2538,-0.2706,-0.3395,-0.4529,-0.5968,-0.762,-0.9216,-1.0253,-1.0461,-1.0082,-0.9499,-0.9165,-0.9317,-0.9485,-0.9662,-0.9826,-0.9941,-0.9962,-0.9865,-0.9691,-0.9555,-0.9565,-0.9926,-1.1781,-1.1974,-0.8504,-0.6883,-0.5837,-0.7028,-0.9094,-0.5425,-0.2027,-0.1295,-0.2122,-0.2503,-0.2021,-0.1011,-0.0915,-0.238,-0.4358,-0.6514,-0.9038,-1.1635,-1.3092,-1.2819,-1.1686,-1.0524,-0.9031,-0.9148,-0.9267,-0.9379,-0.947,-0.9517,-0.9504,-0.9429,-0.9324,-0.9242,-0.9244,-0.9414,-0.9732,-0.9441,-0.9225,-0.9408,-0.7394,-0.7456,-0.8231,-0.652,-0.487,-0.3795,-0.3415,-0.2882,-0.1257,0.1969,0.2657,-0.1047,-0.4274,-0.7084,-1.0551,-1.4593,-1.6567,-1.5317,-1.3132,-1.1353,-0.8887,-0.8972,-0.9053,-0.9122,-0.9167,-0.9179,-0.9151,-0.9086,-0.9002,-0.8923,-0.8873,-0.8854,-0.8806,-0.8688,-0.8965,-0.8995,-0.761,-0.6976,-0.6853,-0.6824,-0.5845,-0.4957,-0.4371,-0.354,-0.165,0.2282,0.3184,-0.1895,-0.4973,-0.7579,-1.1138,-1.5783,-1.7989,-1.6225,-1.3625,-1.1649,-0.8741,-0.8802,-0.8854,-0.8892,-0.8909,-0.89,-0.8862,-0.8798,-0.8716,-0.8627,-0.8537,-0.8439,-0.8319,-0.8199,-0.8129,-0.7868,-0.7266,-0.6795,-0.6629,-0.6499,-0.6022,-0.5628,-0.5283,-0.4614,-0.365,-0.3283,-0.5329,-0.5738,-0.6474,-0.8043,-1.0418,-1.365,-1.547,-1.4626,-1.2854,-1.1308,-0.86,-0.864,-0.8671,-0.8688,-0.8686,-0.8663,-0.8618,-0.8551,-0.8467,-0.8369,-0.8259,-0.8132,-0.7987,-0.7827,-0.7641,-0.7369,-0.7009,-0.6682,-0.6463,-0.6292,-0.6176,-0.6331,-0.6339,-0.5708,-0.5272,-0.6064,-0.786,-0.7498,-0.8139,-0.8847,-0.9678,-1.1158,-1.2294,-1.2269,-1.1499,-1.0585,-0.8466,-0.8491,-0.8505,-0.8507,-0.8492,-0.846,-0.8409,-0.8339,-0.8253,-0.815,-0.8032,-0.7897,-0.7743,-0.757,-0.7369,-0.7129,-0.6864,-0.6615,-0.6421,-0.6303,-0.6363,-0.6767,-0.6915,-0.6304,-0.6015,-0.6486,-0.732,-0.8477,-1.0364,-1.0068,-0.9563,-0.9879,-1.0392,-1.054,-1.0278,-0.9812,-0.8342,-0.8354,-0.8356,-0.8347,-0.8323,-0.8284,-0.8229,-0.8157,-0.807,-0.7967,-0.7848,-0.7714,-0.7562,-0.7393,-0.7205,-0.6999,-0.6786,-0.6589,-0.6431,-0.6345,-0.6389,-0.6577,-0.6619,-0.6384,-0.6335,-0.6721,-0.755,-0.9075,-1.0652,-1.0265,-0.948,-0.9295,-0.9417,-0.9494,-0.9398,-0.9163]}]