docs/data/wind_grid.json
[{"header":{"la1":42.85,"la2":41.18,"lo1":11.55,"lo2":14.05,"nx":36,"ny":24,"dx":0.07143,"dy":0.07261,"parameterCategory":2,"parameterNumber":2,"parameterNumberName":"eastward_wind","parameterUnit":"m.s-1"},"data":[-0.797,-0.8055,-0.8141,-0.8225,-0.8301,-0.8357,-0.8372,-0.8326,-0.8203,-0.8008,-0.7765,-0.7507,-0.727,-0.7077,-0.694,-0.6858,-0.6821,-0.6812,-0.681,-0.6798,-0.6766,-0.6712,-0.6641,-0.6562,-0.6479,-0.6398,-0.6319,-0.6246,-0.6179,-0.6117,-0.606,-0.6009,-0.5962,-0.592,-0.5881,-0.5847,-0.8116,-0.8225,-0.8342,-0.8467,-0.8596,-0.8714,-0.8787,-0.8773,-0.8633,-0.8367,-0.8019,-0.7653,-0.7328,-0.7079,-0.6919,-0.6846,-0.6841,-0.6875,-0.6911,-0.6919,-0.6885,-0.6814,-0.672,-0.6617,-0.6513,-0.6414,-0.6323,-0.6239,-0.6164,-0.6096,-0.6035,-0.598,-0.5931,-0.5887,-0.5848,-0.5813,-0.8271,-0.8406,-0.8559,-0.8736,-0.8942,-0.9165,-0.9357,-0.9427,-0.9279,-0.8896,-0.8366,-0.7823,-0.7366,-0.7041,-0.6858,-0.6809,-0.6865,-0.6979,-0.7083,-0.7119,-0.7071,-0.6962,-0.6824,-0.6682,-0.6549,-0.6429,-0.6322,-0.6227,-0.6144,-0.607,-0.6005,-0.5947,-0.5895,-0.585,-0.5809,-0.5774,-0.8435,-0.8597,-0.8785,-0.9018,-0.9324,-0.9716,-1.0144,-1.043,-1.0314,-0.9711,-0.8844,-0.8006,-0.7356,-0.6932,-0.6729,-0.6728,-0.6898,-0.7162,-0.7392,-0.7464,-0.7362,-0.7165,-0.695,-0.6753,-0.6582,-0.6436,-0.6312,-0.6206,-0.6115,-0.6036,-0.5967,-0.5907,-0.5853,-0.5807,-0.5765,-0.5729,-0.8611,-0.8798,-0.9013,-0.9292,-0.9701,-1.0328,-1.1195,-1.2016,-1.2065,-1.0993,-0.946,-0.8148,-0.7243,-0.6706,-0.6488,-0.6568,-0.6927,-0.7477,-0.7958,-0.8056,-0.7792,-0.7419,-0.7084,-0.6815,-0.6602,-0.643,-0.629,-0.6174,-0.6076,-0.5993,-0.5922,-0.586,-0.5805,-0.5757,-0.5716,-0.568,-0.8808,-0.9022,-0.9251,-0.9536,-0.9991,-1.0836,-1.2355,-1.436,-1.4968,-1.2802,-1.0038,-0.8106,-0.6944,-0.6302,-0.6069,-0.6246,-0.6874,-0.7917,-0.8899,-0.8965,-0.8315,-0.7659,-0.7183,-0.6846,-0.6596,-0.6403,-0.6251,-0.6127,-0.6026,-0.594,-0.5868,-0.5805,-0.5749,-0.5701,-0.566,-0.5624,-0.9042,-0.9299,-0.9539,-0.9776,-1.0129,-1.0936,-1.2836,-1.6255,-1.7861,-1.3977,-0.9952,-0.7654,-0.6379,-0.5655,-0.537,-0.5609,-0.6501,-0.8082,-0.9701,-0.967,-0.8593,-0.7739,-0.7193,-0.6823,-0.6553,-0.6348,-0.6188,-0.6062,-0.596,-0.5876,-0.5804,-0.5741,-0.5686,-0.5638,-0.5596,-0.5561,-0.9331,-0.9685,-0.9986,-1.0157,-1.0228,-1.0522,-1.1671,-1.4082,-1.5076,-1.178,-0.8566,-0.6713,-0.5561,-0.4732,-0.4234,-0.4416,-0.5513,-0.7247,-0.881,-0.8965,-0.8237,-0.7576,-0.7097,-0.6741,-0.6468,-0.626,-0.61,-0.5978,-0.588,-0.58,-0.573,-0.5669,-0.5614,-0.5566,-0.5524,-0.5489,-0.9671,-1.0226,-1.0764,-1.1017,-1.071,-1.0108,-0.9806,-0.9817,-0.9228,-0.7765,-0.6522,-0.5581,-0.4664,-0.3585,-0.2362,-0.2195,-0.3916,-0.6005,-0.7399,-0.7864,-0.7711,-0.7344,-0.6956,-0.6615,-0.6341,-0.6135,-0.5984,-0.5872,-0.5785,-0.5713,-0.5648,-0.5588,-0.5533,-0.5484,-0.5442,-0.5408,-0.9996,-1.0869,-1.1968,-1.2822,-1.2215,-1.0317,-0.8664,-0.718,-0.5279,-0.4302,-0.4727,-0.4656,-0.3949,-0.2595,0.0393,0.1854,-0.2307,-0.5662,-0.7318,-0.78,-0.7654,-0.726,-0.683,-0.6456,-0.6169,-0.5968,-0.5836,-0.5747,-0.5679,-0.5618,-0.5558,-0.5498,-0.5441,-0.539,-0.5347,-0.5314,-1.0158,-1.1304,-1.3078,-1.5164,-1.4572,-1.0863,-0.832,-0.6374,-0.2605,-0.0854,-0.3627,-0.4151,-0.3515,-0.2448,0.0097,0.1919,-0.3218,-0.7373,-0.9122,-0.8945,-0.8126,-0.7327,-0.6698,-0.6242,-0.5935,-0.575,-0.5655,-0.5606,-0.5566,-0.552,-0.5463,-0.54,-0.5337,-0.528,-0.5235,-0.5203,-1.0012,-1.1109,-1.2795,-1.4735,-1.4015,-1.038,-0.8406,-0.7733,-0.5038,-0.2858,-0.408,-0.4076,-0.3157,-0.1927,-0.2166,-0.334,-0.7043,-1.251,-1.3858,-1.1161,-0.8789,-0.7323,-0.6454,-0.5934,-0.5625,-0.5479,-0.545,-0.5462,-0.5459,-0.5426,-0.5366,-0.5291,-0.5215,-0.5148,-0.5099,-0.507,-0.9577,-1.0329,-1.1241,-1.1838,-1.1027,-0.9274,-0.8541,-0.9045,-0.8024,-0.5828,-0.4886,-0.4242,-0.3406,-0.1567,-0.2256,-0.5265,-1.0245,-2.0459,-2.0627,-1.2894,-0.8815,-0.6879,-0.5972,-0.5535,-0.5285,-0.5187,-0.525,-0.5342,-0.5377,-0.5345,-0.5266,-0.5164,-0.5063,-0.4981,-0.4928,-0.4905,-0.9018,-0.9418,-0.9752,-0.9766,-0.9244,-0.8529,-0.828,-0.8537,-0.7931,-0.6318,-0.5232,-0.4357,-0.4004,-0.3229,-0.423,-0.7288,-1.1194,-1.6134,-1.6441,-1.0938,-0.7252,-0.561,-0.5154,-0.5117,-0.5075,-0.5012,-0.5136,-0.529,-0.5341,-0.5285,-0.5159,-0.5003,-0.4859,-0.4756,-0.4704,-0.4697,-0.8483,-0.866,-0.8738,-0.8628,-0.8317,-0.7958,-0.7736,-0.7554,-0.6993,-0.6168,-0.5611,-0.5163,-0.4557,-0.4057,-0.554,-1.0681,-1.5633,-1.1965,-0.9919,-0.6796,-0.387,-0.3176,-0.3904,-0.4642,-0.5005,-0.5068,-0.5203,-0.5358,-0.5376,-0.5249,-0.5026,-0.4774,-0.4562,-0.4435,-0.4398,-0.443,-0.8033,-0.8091,-0.8073,-0.795,-0.7734,-0.7481,-0.7232,-0.6934,-0.6511,-0.6101,-0.5994,-0.5958,-0.5755,-0.5499,-0.6521,-1.0107,-1.3319,-0.9531,-0.6329,-0.3076,0.0984,0.0221,-0.2508,-0.4123,-0.4927,-0.5284,-0.5503,-0.5608,-0.5515,-0.5236,-0.4834,-0.4412,-0.4096,-0.3957,-0.3977,-0.4091,-0.7671,-0.7671,-0.7616,-0.7498,-0.7325,-0.7118,-0.6887,-0.6624,-0.6342,-0.6124,-0.6062,-0.6165,-0.7211,-0.7784,-0.6931,-0.747,-0.7479,-0.5231,-0.2929,-0.1441,0.1746,0.0789,-0.2125,-0.3983,-0.5134,-0.5846,-0.6178,-0.6136,-0.5799,-0.524,-0.4523,-0.3804,-0.3334,-0.3239,-0.3411,-0.3682,-0.7383,-0.7354,-0.7286,-0.7177,-0.7031,-0.6858,-0.6668,-0.6469,-0.629,-0.6177,-0.6192,-0.6493,-0.7592,-0.7875,-0.6838,-0.6386,-0.5078,-0.1547,0.1235,-0.0612,-0.0808,-0.1307,-0.2769,-0.4347,-0.5834,-0.7055,-0.7462,-0.702,-0.6238,-0.5255,-0.4042,-0.281,-0.2131,-0.2235,-0.2728,-0.3248,-0.7152,-0.7109,-0.7038,-0.6939,-0.6815,-0.6673,-0.6522,-0.6376,-0.6257,-0.6197,-0.6234,-0.6424,-0.6737,-0.6775,-0.6759,-0.6781,-0.4729,-0.1364,0.0645,0.0062,-0.1026,-0.2066,-0.3258,-0.4796,-0.6752,-0.8797,-0.9232,-0.804,-0.6733,-0.5303,-0.3504,-0.1545,-0.0642,-0.1172,-0.2118,-0.2904,-0.6965,-0.6916,-0.6846,-0.6757,-0.665,-0.6533,-0.6412,-0.63,-0.6212,-0.6164,-0.617,-0.6232,-0.6301,-0.6323,-0.6487,-0.638,-0.4585,-0.1995,0.0773,0.1678,-0.0572,-0.203,-0.3219,-0.4829,-0.7028,-0.924,-0.9672,-0.8574,-0.7114,-0.5441,-0.3384,-0.1045,-0.0029,-0.0795,-0.1927,-0.28,-0.6811,-0.676,-0.6693,-0.6612,-0.652,-0.642,-0.632,-0.6227,-0.6149,-0.6094,-0.6062,-0.6044,-0.6012,-0.5944,-0.5817,-0.5363,-0.4179,-0.2398,-0.0467,0.0108,-0.093,-0.1628,-0.2389,-0.4112,-0.6541,-0.8816,-1.0363,-0.9471,-0.7297,-0.5533,-0.3885,-0.2102,-0.1178,-0.1529,-0.2303,-0.2984,-0.6682,-0.6631,-0.6568,-0.6494,-0.6412,-0.6324,-0.6236,-0.6151,-0.6075,-0.6007,-0.5944,-0.5875,-0.5778,-0.5625,-0.536,-0.4867,-0.4037,-0.2951,-0.1931,-0.1416,-0.1116,-0.0195,-0.0104,-0.2521,-0.5718,-0.8874,-1.1653,-0.982,-0.6355,-0.501,-0.4273,-0.3356,-0.2698,-0.2642,-0.2953,-0.3343,-0.6573,-0.6522,-0.6462,-0.6394,-0.6319,-0.6239,-0.6158,-0.6077,-0.5997,-0.5917,-0.5832,-0.573,-0.5595,-0.54,-0.5107,-0.467,-0.4066,-0.3352,-0.2651,-0.1985,-0.0919,0.1117,0.1736,-0.1254,-0.4667,-0.7268,-0.848,-0.656,-0.3683,-0.3828,-0.4185,-0.3966,-0.3623,-0.3476,-0.3544,-0.3723,-0.6478,-0.6429,-0.6372,-0.6307,-0.6237,-0.6163,-0.6085,-0.6005,-0.5922,-0.5833,-0.5733,-0.5614,-0.546,-0.5255,-0.4977,-0.4609,-0.4147,-0.3619,-0.3051,-0.2384,-0.1395,-0.0108,0.0073,-0.1783,-0.4095,-0.5726,-0.6125,-0.4847,-0.3303,-0.3577,-0.4113,-0.4198,-0.4076,-0.3974,-0.3967,-0.4039]},{"header":{"la1":42.85,"la2":41.18,"lo1":11.55,"lo2":14.05,"nx":36,"ny":24,"dx":0.07143,"dy":0.07261,"parameterCategory":2,"parameterNumber":3,"parameterNumberName":"northward_wind","parameterUnit":"m.s-1"},"data":[-0.8385,-0.8348,-0.8298,-0.8235,-0.8161,-0.8081,-0.8005,-0.794,-0.7894,-0.7863,-0.7831,-0.7783,-0.7703,-0.7584,-0.7425,-0.7235,-0.703,-0.6831,-0.6664,-0.6546,-0.6485,-0.6472,-0.6496,-0.6541,-0.6598,-0.666,-0.6724,-0.6789,-0.6854,-0.6918,-0.6982,-0.7045,-0.7107,-0.7168,-0.7226,-0.7282,-0.8426,-0.8384,-0.8325,-0.8246,-0.8147,-0.8036,-0.7927,-0.7844,-0.7803,-0.7799,-0.7807,-0.7791,-0.7726,-0.7598,-0.7407,-0.7161,-0.6885,-0.6613,-0.6391,-0.6251,-0.6202,-0.6225,-0.6291,-0.6376,-0.6465,-0.6553,-0.6638,-0.6719,-0.6797,-0.6873,-0.6948,-0.7021,-0.7092,-0.716,-0.7226,-0.7288,-0.847,-0.8425,-0.8356,-0.8256,-0.812,-0.7952,-0.7778,-0.7647,-0.7609,-0.7662,-0.7751,-0.7803,-0.7772,-0.764,-0.7406,-0.7082,-0.6693,-0.6299,-0.5985,-0.582,-0.5811,-0.5907,-0.6047,-0.6192,-0.6326,-0.6445,-0.6552,-0.6651,-0.6744,-0.6832,-0.6918,-0.7001,-0.7082,-0.7159,-0.7233,-0.7302,-0.8517,-0.8471,-0.8395,-0.8273,-0.8085,-0.7821,-0.7511,-0.7259,-0.7207,-0.7384,-0.7644,-0.7827,-0.7858,-0.7729,-0.7446,-0.7011,-0.6445,-0.5833,-0.5348,-0.5158,-0.526,-0.5508,-0.5772,-0.6002,-0.6188,-0.6342,-0.6472,-0.6588,-0.6696,-0.6797,-0.6894,-0.6989,-0.7079,-0.7166,-0.7248,-0.7325,-0.8565,-0.8522,-0.8446,-0.8311,-0.8069,-0.7663,-0.7083,-0.6512,-0.638,-0.6847,-0.7479,-0.789,-0.8013,-0.7895,-0.7561,-0.6992,-0.616,-0.5144,-0.4308,-0.4117,-0.4505,-0.5044,-0.5495,-0.5825,-0.6067,-0.6251,-0.6403,-0.6534,-0.6655,-0.6769,-0.6879,-0.6985,-0.7087,-0.7184,-0.7275,-0.7359,-0.8605,-0.8569,-0.8507,-0.8387,-0.8128,-0.758,-0.6565,-0.5233,-0.479,-0.5979,-0.7344,-0.8069,-0.828,-0.8174,-0.7809,-0.7121,-0.5965,-0.4281,-0.272,-0.2616,-0.3637,-0.4624,-0.5281,-0.5697,-0.5976,-0.6182,-0.6347,-0.6491,-0.6624,-0.675,-0.6873,-0.6992,-0.7107,-0.7215,-0.7317,-0.7409,-0.8624,-0.8588,-0.855,-0.8489,-0.8315,-0.7789,-0.6471,-0.4114,-0.3029,-0.5434,-0.7609,-0.8491,-0.8691,-0.8589,-0.8255,-0.7549,-0.6189,-0.389,-0.1428,-0.1484,-0.3191,-0.4478,-0.5213,-0.5644,-0.5927,-0.6136,-0.6308,-0.6461,-0.6604,-0.6743,-0.6879,-0.7013,-0.7142,-0.7264,-0.7377,-0.7478,-0.8604,-0.8538,-0.8495,-0.8516,-0.8573,-0.8425,-0.7595,-0.5794,-0.5009,-0.71,-0.8741,-0.9218,-0.9221,-0.9134,-0.897,-0.8421,-0.7125,-0.4999,-0.2821,-0.2632,-0.3799,-0.4742,-0.5306,-0.566,-0.5912,-0.6113,-0.6286,-0.6445,-0.6597,-0.6748,-0.69,-0.7051,-0.7197,-0.7335,-0.746,-0.757,-0.8535,-0.8371,-0.8203,-0.8205,-0.8586,-0.9175,-0.9489,-0.9465,-0.9784,-1.0485,-1.0528,-1.0092,-0.9738,-0.9738,-1.0083,-0.9939,-0.8544,-0.6698,-0.5211,-0.4655,-0.4828,-0.5163,-0.5455,-0.57,-0.5916,-0.611,-0.6284,-0.6445,-0.6604,-0.6768,-0.6938,-0.711,-0.7278,-0.7435,-0.7575,-0.7694,-0.8447,-0.8098,-0.7562,-0.7132,-0.7767,-0.9529,-1.1153,-1.2482,-1.4018,-1.4377,-1.2509,-1.0814,-1.0029,-1.015,-1.1684,-1.2534,-0.9834,-0.7584,-0.6277,-0.562,-0.539,-0.5395,-0.552,-0.5711,-0.5928,-0.6134,-0.6311,-0.6469,-0.663,-0.6806,-0.6998,-0.7198,-0.7394,-0.7574,-0.773,-0.7859,-0.8422,-0.7908,-0.6891,-0.5468,-0.6029,-0.9621,-1.2573,-1.451,-1.7443,-1.8921,-1.3978,-1.1023,-0.9946,-0.9912,-1.1364,-1.2557,-0.9456,-0.7262,-0.6183,-0.5655,-0.5391,-0.5324,-0.5433,-0.5677,-0.5976,-0.623,-0.64,-0.6529,-0.6674,-0.6861,-0.7084,-0.7323,-0.7558,-0.7768,-0.7943,-0.8077,-0.8549,-0.8085,-0.7146,-0.5836,-0.6615,-1.0728,-1.4277,-1.6089,-1.6615,-1.6786,-1.3087,-1.0548,-0.9659,-0.9669,-0.9523,-0.8995,-0.7453,-0.6004,-0.5456,-0.5204,-0.5,-0.4966,-0.5181,-0.5629,-0.6157,-0.6512,-0.6612,-0.6636,-0.6734,-0.6933,-0.7204,-0.7504,-0.7793,-0.8042,-0.8235,-0.8369,-0.8808,-0.86,-0.8278,-0.8184,-0.9429,-1.2315,-1.5495,-1.7755,-1.6532,-1.3937,-1.1427,-0.9898,-0.9373,-0.9686,-0.92,-0.7235,-0.5474,-0.5017,-0.4974,-0.4601,-0.4286,-0.4272,-0.4714,-0.5589,-0.6636,-0.7169,-0.6995,-0.6765,-0.6784,-0.7017,-0.7373,-0.7768,-0.8137,-0.8434,-0.864,-0.8759,-0.9085,-0.9122,-0.9251,-0.971,-1.0845,-1.2688,-1.4823,-1.6497,-1.5522,-1.2479,-1.0334,-0.9634,-0.9469,-0.8099,-0.7465,-0.4261,-0.1569,-0.3405,-0.4124,-0.3604,-0.2963,-0.2946,-0.3831,-0.5357,-0.7172,-0.796,-0.7312,-0.6783,-0.6774,-0.7112,-0.7622,-0.8172,-0.8655,-0.9006,-0.9207,-0.9279,-0.9283,-0.9448,-0.9733,-1.0241,-1.1055,-1.212,-1.3169,-1.3625,-1.2668,-1.0779,-0.9419,-0.8771,-0.8082,-0.7042,-0.5996,0.1704,1.0032,0.1121,-0.2291,-0.1845,-0.0078,-0.0213,-0.2231,-0.4462,-0.6465,-0.7349,-0.6864,-0.6475,-0.6651,-0.7232,-0.8015,-0.8812,-0.9458,-0.9856,-1.0004,-0.9967,-0.9371,-0.9567,-0.9849,-1.0247,-1.0756,-1.129,-1.1653,-1.1542,-1.0748,-0.96,-0.8928,-0.8167,-0.7862,-0.7119,-0.5366,0.0763,0.6369,0.0418,-0.2302,0.0005,0.5836,0.4425,-0.0333,-0.3222,-0.4827,-0.5534,-0.5606,-0.5769,-0.6395,-0.7419,-0.8657,-0.9856,-1.0734,-1.1132,-1.1113,-1.0852,-0.9366,-0.9543,-0.9766,-1.0034,-1.0317,-1.0543,-1.0594,-1.0347,-0.9784,-0.9125,-0.8794,-0.8269,-0.7471,-0.7018,-0.5955,-0.3825,-0.263,-0.4341,-0.5331,-0.1412,0.6497,0.4835,-0.0158,-0.2618,-0.3488,-0.3627,-0.3824,-0.4625,-0.5988,-0.7723,-0.9694,-1.1569,-1.2772,-1.302,-1.2595,-1.1922,-0.9297,-0.9436,-0.9592,-0.9754,-0.9892,-0.9957,-0.989,-0.9649,-0.9257,-0.8825,-0.8439,-0.795,-0.7303,-0.7018,-0.6553,-0.6031,-0.6003,-0.8408,-1.1104,-0.6289,-0.1557,-0.0602,-0.1941,-0.2735,-0.2277,-0.098,-0.0872,-0.2857,-0.5464,-0.8179,-1.1218,-1.4224,-1.587,-1.5594,-1.4357,-1.3054,-0.9192,-0.9291,-0.939,-0.9476,-0.9526,-0.9512,-0.9405,-0.9193,-0.8896,-0.8556,-0.8195,-0.7792,-0.7381,-0.7063,-0.694,-0.697,-0.6955,-0.8558,-0.9897,-0.7646,-0.5446,-0.4034,-0.3652,-0.3119,-0.1086,0.3115,0.3984,-0.0967,-0.5241,-0.8767,-1.2881,-1.7431,-1.9562,-1.8256,-1.5916,-1.3951,-0.9069,-0.9134,-0.9189,-0.9224,-0.9224,-0.9172,-0.9054,-0.8868,-0.8624,-0.834,-0.8031,-0.7704,-0.7382,-0.7113,-0.6996,-0.6986,-0.7052,-0.7575,-0.7946,-0.7978,-0.6679,-0.5513,-0.4829,-0.3913,-0.1613,0.346,0.4605,-0.2271,-0.6239,-0.9377,-1.352,-1.8693,-2.1042,-1.92,-1.6424,-1.4248,-0.8943,-0.898,-0.9004,-0.9006,-0.8976,-0.8906,-0.8788,-0.8623,-0.8415,-0.8176,-0.7915,-0.7645,-0.7384,-0.7164,-0.7025,-0.6975,-0.7025,-0.7228,-0.7488,-0.7445,-0.6769,-0.6183,-0.5789,-0.5192,-0.4345,-0.4371,-0.7694,-0.8003,-0.837,-1.0001,-1.2693,-1.6346,-1.8361,-1.7469,-1.5547,-1.383,-0.8821,-0.8837,-0.8838,-0.8819,-0.8774,-0.8696,-0.8583,-0.8434,-0.8254,-0.8051,-0.7831,-0.7607,-0.7393,-0.7209,-0.7076,-0.7002,-0.699,-0.7033,-0.7065,-0.6956,-0.6717,-0.6648,-0.6613,-0.6306,-0.6443,-0.836,-1.1619,-1.0557,-1.0339,-1.0896,-1.1816,-1.3525,-1.484,-1.4842,-1.3997,-1.2972,-0.8707,-0.8707,-0.8693,-0.8661,-0.8607,-0.8527,-0.842,-0.8287,-0.813,-0.7956,-0.777,-0.7582,-0.7402,-0.7245,-0.7119,-0.7031,-0.6978,-0.6946,-0.6903,-0.6825,-0.6767,-0.6871,-0.6922,-0.68,-0.7203,-0.8499,-0.9938,-1.0855,-1.2404,-1.2094,-1.1617,-1.2028,-1.2652,-1.285,-1.2571,-1.2047,-0.8602,-0.8591,-0.8567,-0.8528,-0.847,-0.8391,-0.8291,-0.8171,-0.8034,-0.7883,-0.7724,-0.7564,-0.7412,-0.7274,-0.7157,-0.7064,-0.6993,-0.6935,-0.6881,-0.6831,-0.6814,-0.6855,-0.6891,-0.6996,-0.7464,-0.8376,-0.9551,-1.1131,-1.2655,-1.2269,-1.1484,-1.1327,-1.15,-1.1613,-1.152,-1.1258]}]