docs/data/wind_grid.json
{"header": {"la1":42.1,"la2":41.55,"lo1":12.1,"lo2":12.95,"nx":50,"ny":50,"dx":0.01735,"dy":0.01122,"parameterCategory":2,"parameterNumber":3,"parameterNumberName":"northward_wind","parameterUnit":"m.s-1"}, "data":
[rows 0 to 45 of 50, columns 0 to 49 of 50]
3.8484,3.8496,3.8511,3.853,3.8551,3.8577,3.8606,3.8639,3.8676,3.8716,3.8761,3.881,3.8862,3.8917,3.8974,3.9034,3.9096,3.9159,3.9224,3.9289,3.9356,3.9424,3.9494,3.9565,3.9637,3.971,3.9783,3.9853,3.992,3.9978,4.0027,4.0063,4.0083,4.0088,4.0077,4.0053,4.002,3.9982,3.9945,3.9912,3.9889,3.9876,3.9875,3.9883,3.99,3.9923,3.995,3.9979,4.0008,4.0036
3.8455,3.8466,3.848,3.8498,3.8519,3.8545,3.8574,3.8607,3.8645,3.8687,3.8733,3.8783,3.8837,3.8894,3.8954,3.9017,3.9081,3.9147,3.9214,3.9281,3.935,3.942,3.9492,3.9565,3.9641,3.9717,3.9794,3.987,3.9941,4.0004,4.0055,4.0092,4.0112,4.0112,4.0095,4.0062,4.0018,3.997,3.9923,3.9883,3.9855,3.9841,3.984,3.9852,3.9874,3.9902,3.9934,3.9968,4.0001,4.0033
3.8424,3.8435,3.8448,3.8465,3.8486,3.8511,3.854,3.8574,3.8612,3.8655,3.8703,3.8755,3.8811,3.8871,3.8933,3.8999,3.9066,3.9134,3.9203,3.9273,3.9344,3.9416,3.9489,3.9565,3.9644,3.9725,3.9807,3.9887,3.9963,4.0031,4.0087,4.0125,4.0143,4.0139,4.0114,4.007,4.0014,3.9953,3.9895,3.9847,3.9814,3.9798,3.98,3.9816,3.9843,3.9878,3.9916,3.9956,3.9994,4.0031
3.8392,3.8402,3.8415,3.8431,3.8451,3.8476,3.8505,3.8539,3.8578,3.8622,3.8671,3.8725,3.8784,3.8846,3.8912,3.898,3.905,3.9121,3.9193,3.9265,3.9338,3.9412,3.9487,3.9565,3.9647,3.9732,3.9819,3.9905,3.9988,4.0062,4.0122,4.0162,4.0179,4.017,4.0135,4.0079,4.0008,3.9932,3.9861,3.9803,3.9765,3.9749,3.9753,3.9775,3.9809,3.9851,3.9897,3.9943,3.9987,4.0028
3.836,3.8368,3.838,3.8395,3.8415,3.8439,3.8468,3.8502,3.8542,3.8587,3.8638,3.8694,3.8755,3.882,3.8889,3.896,3.9034,3.9108,3.9183,3.9257,3.9332,3.9407,3.9485,3.9565,3.965,3.9739,3.9831,3.9925,4.0014,4.0095,4.0161,4.0204,4.022,4.0205,4.016,4.0089,4.0,3.9907,3.982,3.9751,3.9707,3.9691,3.97,3.9729,3.9772,3.9823,3.9877,3.993,3.9981,4.0027
3.8326,3.8333,3.8343,3.8358,3.8376,3.84,3.8429,3.8463,3.8503,3.855,3.8602,3.866,3.8724,3.8792,3.8865,3.894,3.9017,3.9095,3.9173,3.925,3.9327,3.9404,3.9482,3.9564,3.9652,3.9745,3.9844,3.9945,4.0043,4.0132,4.0205,4.0252,4.0267,4.0246,4.0189,4.0101,3.9992,3.9877,3.9772,3.969,3.9641,3.9626,3.9641,3.9679,3.9733,3.9794,3.9857,3.9919,3.9976,4.0027
3.8291,3.8296,3.8305,3.8318,3.8336,3.8359,3.8387,3.8422,3.8462,3.851,3.8564,3.8624,3.8691,3.8763,3.8839,3.8919,3.9001,3.9083,3.9165,3.9245,3.9323,3.9401,3.948,3.9563,3.9653,3.9751,3.9856,3.9965,4.0074,4.0174,4.0255,4.0307,4.0323,4.0295,4.0224,4.0116,3.9983,3.9843,3.9717,3.9622,3.9567,3.9554,3.9577,3.9627,3.9692,3.9765,3.9839,3.9909,3.9972,4.0029
3.8255,3.8258,3.8266,3.8277,3.8294,3.8316,3.8343,3.8378,3.8419,3.8467,3.8523,3.8585,3.8655,3.8731,3.8812,3.8897,3.8984,3.9071,3.9157,3.924,3.9321,3.9399,3.9478,3.9562,3.9653,3.9755,3.9867,3.9987,4.0108,4.022,4.0312,4.0371,4.0388,4.0354,4.0269,4.0138,3.9976,3.9808,3.9658,3.9547,3.9487,3.9477,3.9511,3.9573,3.9653,3.9738,3.9823,3.9901,3.9972,4.0033
3.8217,3.8219,3.8225,3.8235,3.825,3.827,3.8297,3.8331,3.8372,3.8421,3.8479,3.8544,3.8617,3.8697,3.8784,3.8874,3.8967,3.906,3.9151,3.9238,3.9321,3.94,3.9478,3.9561,3.9653,3.9759,3.9878,4.0009,4.0144,4.0271,4.0377,4.0446,4.0466,4.0427,4.0325,4.0169,3.9976,3.9774,3.9596,3.9467,3.9402,3.9398,3.9444,3.9521,3.9616,3.9715,3.9811,3.9898,3.9975,4.0041
3.8179,3.8179,3.8182,3.819,3.8203,3.8222,3.8248,3.8281,3.8322,3.8372,3.8431,3.8499,3.8576,3.8661,3.8753,3.885,3.895,3.905,3.9147,3.9239,3.9324,3.9403,3.9479,3.956,3.9652,3.9761,3.9888,4.0032,4.0183,4.0329,4.0452,4.0534,4.056,4.0516,4.0398,4.0215,3.9986,3.9747,3.9537,3.9389,3.9318,3.9321,3.9381,3.9475,3.9586,3.9699,3.9805,3.9901,3.9983,4.0054
3.8139,3.8137,3.8138,3.8144,3.8155,3.8172,3.8196,3.8228,3.8269,3.8319,3.838,3.845,3.8531,3.8621,3.8719,3.8824,3.8932,3.904,3.9145,3.9243,3.9332,3.941,3.9484,3.956,3.965,3.9761,3.9897,4.0055,4.0226,4.0393,4.0538,4.0638,4.0672,4.0627,4.0494,4.0281,4.0014,3.9733,3.9488,3.9318,3.9242,3.9253,3.9327,3.9439,3.9565,3.9691,3.9807,3.991,3.9998,4.0071
3.8099,3.8093,3.8092,3.8095,3.8104,3.8119,3.8141,3.8172,3.8212,3.8263,3.8324,3.8397,3.8481,3.8577,3.8682,3.8795,3.8913,3.9031,3.9146,3.9252,3.9345,3.9423,3.9492,3.9562,3.9647,3.9759,3.9904,4.0079,4.0272,4.0467,4.0638,4.076,4.0808,4.0764,4.0618,4.0377,4.0068,3.9743,3.9459,3.9266,3.9184,3.9202,3.9291,3.9418,3.9559,3.9696,3.982,3.9928,4.0018,4.0093
3.8057,3.8049,3.8045,3.8045,3.8051,3.8063,3.8083,3.8112,3.8151,3.8201,3.8263,3.8339,3.8427,3.8528,3.864,3.8763,3.8891,3.9022,3.915,3.9267,3.9366,3.9445,3.9507,3.9567,3.9644,3.9755,3.9909,4.0103,4.0323,4.055,4.0753,4.0904,4.0972,4.0935,4.0779,4.0511,4.0162,3.9789,3.9464,3.9245,3.9155,3.9178,3.9279,3.9419,3.957,3.9715,3.9844,3.9955,4.0047,4.0122
3.8014,3.8003,3.7996,3.7993,3.7996,3.8005,3.8022,3.8049,3.8086,3.8135,3.8198,3.8275,3.8366,3.8473,3.8593,3.8726,3.8867,3.9012,3.9155,3.9287,3.9397,3.9476,3.9529,3.9575,3.964,3.9749,3.9912,4.0127,4.038,4.0644,4.0888,4.1075,4.117,4.1145,4.0985,4.0695,4.0307,3.9888,3.952,3.9272,3.917,3.9194,3.93,3.9448,3.9604,3.9752,3.9883,3.9994,4.0084,4.0157
3.7971,3.7957,3.7946,3.7939,3.7938,3.7944,3.7958,3.7981,3.8016,3.8064,3.8126,3.8204,3.8299,3.8411,3.8539,3.8682,3.8837,3.8998,3.9161,3.9313,3.9438,3.9522,3.9563,3.9588,3.9636,3.9739,3.9912,4.0152,4.0442,4.0753,4.1045,4.1276,4.1407,4.1403,4.1247,4.094,4.0518,4.0054,3.9643,3.9363,3.9243,3.9259,3.9363,3.9509,3.9664,3.981,3.9937,4.0044,4.013,4.02
3.7927,3.7909,3.7894,3.7883,3.7878,3.788,3.789,3.7909,3.7941,3.7986,3.8048,3.8126,3.8224,3.834,3.8476,3.863,3.8799,3.8978,3.9163,3.9342,3.9492,3.9585,3.9611,3.9607,3.963,3.9725,3.9909,4.0178,4.0512,4.0877,4.1227,4.1514,4.169,4.1716,4.1571,4.1256,4.0807,4.0304,3.985,3.9533,3.9386,3.9383,3.9474,3.9608,3.9752,3.9888,4.0007,4.0106,4.0186,4.0249
3.7882,3.786,3.7841,3.7826,3.7816,3.7813,3.7818,3.7833,3.7861,3.7903,3.7962,3.804,3.8139,3.826,3.8403,3.8567,3.875,3.8948,3.9157,3.9368,3.9555,3.9666,3.9674,3.963,3.9621,3.9706,3.9903,4.0206,4.0591,4.102,4.144,4.1793,4.2024,4.2091,4.1967,4.1651,4.1183,4.0645,4.0149,3.9791,3.9606,3.9571,3.9633,3.9744,3.9869,3.9988,4.0092,4.0179,4.0249,4.0304
3.7837,3.7811,3.7788,3.7768,3.7753,3.7744,3.7744,3.7754,3.7776,3.7814,3.787,3.7946,3.8045,3.8169,3.8318,3.8491,3.8686,3.8901,3.9133,3.938,3.9617,3.9763,3.9749,3.9649,3.9602,3.9678,3.9893,4.0237,4.0682,4.1185,4.1685,4.2117,4.2416,4.2532,4.2437,4.2129,4.1647,4.1078,4.0541,4.0135,3.9902,3.982,3.9841,3.9917,4.0012,4.0107,4.0192,4.0264,4.0321,4.0366
3.7792,3.7762,3.7733,3.7708,3.7687,3.7673,3.7666,3.767,3.7686,3.7719,3.777,3.7843,3.7941,3.8065,3.8219,3.84,3.8605,3.8831,3.908,3.9358,3.9654,3.9854,3.9814,3.9647,3.9564,3.964,3.9881,4.0271,4.0784,4.1372,4.1967,4.249,4.2867,4.3041,4.298,4.2683,4.219,4.1594,4.1014,4.0555,4.0262,4.0123,4.0091,4.0121,4.0179,4.0244,4.0305,4.0358,4.04,4.0432
3.7747,3.7712,3.7678,3.7647,3.762,3.7599,3.7586,3.7582,3.7592,3.7618,3.7663,3.7731,3.7825,3.7949,3.8104,3.8291,3.8504,3.8736,3.8987,3.9273,3.9611,3.9877,3.9815,3.959,3.9493,3.9587,3.9864,4.0311,4.0901,4.1584,4.2284,4.291,4.3375,4.3613,4.3587,4.3299,4.2795,4.2169,4.1545,4.1028,4.0671,4.0465,4.0372,4.0349,4.0364,4.0394,4.0428,4.0459,4.0484,4.0503
3.7702,3.7662,3.7623,3.7586,3.7553,3.7524,3.7503,3.7492,3.7493,3.7511,3.7548,3.7609,3.7698,3.7818,3.7972,3.8162,3.838,3.8613,3.8851,3.9104,3.941,3.9693,3.9638,3.943,3.9377,3.9519,3.9846,4.0356,4.103,4.1817,4.2633,4.3372,4.393,4.4232,4.4238,4.3953,4.3432,4.2773,4.2102,4.1528,4.1103,4.0828,4.0671,4.0592,4.0561,4.0554,4.0558,4.0565,4.0572,4.0576
3.7658,3.7613,3.7569,3.7525,3.7485,3.7448,3.7419,3.7398,3.7391,3.7399,3.7428,3.748,3.756,3.7673,3.7823,3.8013,3.8235,3.8467,3.868,3.8859,3.902,3.9169,3.9185,3.9149,3.9218,3.9437,3.9828,4.0408,4.117,4.2066,4.3003,4.3859,4.4513,4.4873,4.4901,4.4609,4.4062,4.3367,4.2652,4.2023,4.1535,4.1195,4.0974,4.084,4.0762,4.0717,4.0691,4.0675,4.0662,4.0651
3.7615,3.7565,3.7515,3.7465,3.7417,3.7372,3.7333,3.7303,3.7285,3.7284,3.7302,3.7344,3.7413,3.7515,3.7657,3.7844,3.8069,3.8303,3.8496,3.8594,3.8564,3.8483,3.8595,3.8812,3.9041,3.9353,3.9814,4.0466,4.1316,4.2319,4.3376,4.4346,4.5088,4.5497,4.5535,4.5224,4.4645,4.3914,4.316,4.2486,4.1945,4.1546,4.1269,4.1084,4.0961,4.088,4.0824,4.0784,4.0752,4.0726
3.7574,3.7519,3.7462,3.7406,3.735,3.7296,3.7248,3.7207,3.7178,3.7165,3.7172,3.7203,3.7258,3.7345,3.7473,3.7652,3.7882,3.8127,3.8319,3.8375,3.8238,3.8042,3.8181,3.8536,3.8886,3.9281,3.9809,4.0529,4.1459,4.256,4.3725,4.4796,4.5611,4.6054,4.6088,4.5753,4.5142,4.4383,4.3602,4.2894,4.2313,4.1868,4.1544,4.1314,4.1152,4.1037,4.0953,4.089,4.084,4.0799
3.7534,3.7474,3.7412,3.7348,3.7284,3.7222,3.7163,3.7111,3.707,3.7046,3.7042,3.706,3.7101,3.7168,3.7274,3.7439,3.7671,3.7937,3.8156,3.8226,3.8098,3.7924,3.8036,3.8387,3.8783,3.9235,3.9818,4.0595,4.1591,4.277,4.4019,4.5165,4.6031,4.6491,4.6515,4.6156,4.5524,4.475,4.3957,4.3234,4.2628,4.2151,4.179,4.1524,4.1328,4.1184,4.1075,4.0992,4.0925,4.087
3.7496,3.7431,3.7363,3.7293,3.7221,3.7149,3.708,3.7016,3.6963,3.6927,3.6911,3.6918,3.6944,3.6988,3.7065,3.7206,3.7435,3.7729,3.7997,3.8126,3.8073,3.7971,3.8057,3.8351,3.8743,3.9221,3.9841,4.066,4.1701,4.2928,4.4227,4.5415,4.6304,4.6767,4.6779,4.6408,4.5772,4.5004,4.4218,4.3497,4.2883,4.2388,4.2003,4.1709,4.1487,4.1318,4.1188,4.1086,4.1004,4.0936
3.7461,3.7391,3.7318,3.7241,3.7161,3.708,3.7,3.6925,3.6859,3.681,3.6784,3.6781,3.6793,3.6813,3.6852,3.6957,3.7176,3.7497,3.7827,3.8037,3.808,3.8058,3.8141,3.8387,3.8755,3.924,3.9878,4.0718,4.1778,4.302,4.4328,4.5519,4.6404,4.6859,4.6867,4.6501,4.5884,4.5143,4.4385,4.3682,4.3076,4.2576,4.2178,4.1867,4.1625,4.1437,4.129,4.1173,4.1077,4.0998
3.7429,3.7355,3.7276,3.7193,3.7106,3.7016,3.6926,3.6838,3.6759,3.6697,3.6661,3.6652,3.6656,3.665,3.6644,3.6703,3.6901,3.7246,3.7636,3.7932,3.8072,3.8127,3.823,3.8453,3.8801,3.9281,3.9924,4.0764,4.1816,4.3038,4.4316,4.5474,4.633,4.6772,4.6785,4.6445,4.5869,4.5176,4.4462,4.3794,4.3208,4.2716,4.2315,4.1995,4.1741,4.154,4.1379,4.1249,4.1143,4.1054
3.74,3.7322,3.7239,3.715,3.7056,3.6958,3.6858,3.6758,3.6666,3.6591,3.6546,3.6534,3.6536,3.6508,3.6453,3.646,3.6633,3.6992,3.7433,3.7803,3.803,3.8161,3.83,3.8523,3.8861,3.9334,3.997,4.0794,4.1814,4.2986,4.4201,4.5295,4.6107,4.6531,4.6561,4.6264,4.5746,4.5117,4.4461,4.3839,4.3284,4.281,4.2416,4.2095,4.1835,4.1625,4.1455,4.1316,4.1201,4.1104
3.7374,3.7293,3.7206,3.7112,3.7013,3.6907,3.6798,3.6687,3.6582,3.6494,3.6439,3.6428,3.6438,3.6396,3.6294,3.6252,3.6403,3.6768,3.7238,3.7663,3.7962,3.8162,3.8346,3.8585,3.8923,3.9389,4.0009,4.0805,4.1774,4.2874,4.4002,4.5015,4.577,4.6178,4.623,4.5987,4.554,4.4984,4.4395,4.3827,4.3312,4.2863,4.2482,4.2166,4.1906,4.1692,4.1516,4.1371,4.1249,4.1147
3.7353,3.7269,3.7178,3.7081,3.6976,3.6865,3.6748,3.6628,3.6512,3.6411,3.6345,3.6335,3.6362,3.6321,3.6183,3.6109,3.6245,3.6604,3.708,3.7532,3.7882,3.814,3.8369,3.8632,3.8977,3.9437,4.0037,4.0794,4.1702,4.2716,4.3746,4.4669,4.5363,4.5753,4.5831,4.5645,4.5273,4.4795,4.4277,4.3768,4.3296,4.2878,4.2517,4.2212,4.1955,4.1742,4.1564,4.1415,4.1289,4.1182
3.7335,3.7249,3.7156,3.7056,3.6948,3.6833,3.671,3.6583,3.6458,3.6346,3.627,3.626,3.6306,3.6285,3.6138,3.6054,3.6181,3.6519,3.6976,3.743,3.7808,3.8108,3.8376,3.8664,3.9019,3.9473,4.0051,4.0764,4.1604,4.2528,4.3457,4.4288,4.4921,4.5294,4.5397,4.5268,4.4969,4.4567,4.412,4.367,4.3246,4.2862,4.2524,4.2233,4.1986,4.1776,4.1598,4.1448,4.132,4.1211
3.7322,3.7235,3.714,3.7038,3.6928,3.681,3.6685,3.6554,3.6424,3.6306,3.6223,3.6211,3.6272,3.6282,3.6162,3.609,3.6206,3.6511,3.693,3.7364,3.7749,3.8076,3.8374,3.8685,3.9048,3.9496,4.0049,4.0717,4.1487,4.2323,4.3155,4.3899,4.4474,4.4829,4.4953,4.4875,4.4644,4.4315,4.3936,4.3545,4.3168,4.2819,4.2508,4.2234,4.1998,4.1794,4.162,4.1471,4.1343,4.1232
3.7313,3.7225,3.713,3.7028,3.6917,3.6799,3.6673,3.6542,3.6412,3.6294,3.6211,3.6198,3.6264,3.6303,3.6232,3.6189,3.6295,3.6561,3.6933,3.7335,3.7713,3.8052,3.8369,3.8696,3.9066,3.9506,4.0034,4.0656,4.136,4.2111,4.2854,4.3519,4.4041,4.4377,4.4519,4.4485,4.4314,4.405,4.3734,4.3398,4.3067,4.2755,4.2471,4.2217,4.1994,4.1799,4.163,4.1484,4.1357,4.1246
3.7308,3.7221,3.7126,3.7025,3.6915,3.6798,3.6675,3.6547,3.6422,3.631,3.6233,3.6222,3.6284,3.6338,3.632,3.6312,3.6414,3.6645,3.6971,3.7337,3.7698,3.8038,3.8365,3.8702,3.9074,3.9504,4.0006,4.0584,4.1226,4.1902,4.2565,4.3159,4.3632,4.3951,4.4104,4.4107,4.3987,4.3781,4.3522,4.3238,4.2951,4.2675,4.2417,4.2184,4.1976,4.1791,4.1629,4.1488,4.1363,4.1254
3.7308,3.7221,3.7128,3.7028,3.6921,3.6808,3.6689,3.6568,3.6451,3.6349,3.6283,3.6275,3.6328,3.6387,3.6408,3.6435,3.6539,3.6745,3.7032,3.7363,3.7703,3.8036,3.8365,3.8705,3.9076,3.9494,3.997,4.0506,4.1091,4.1699,4.2292,4.2824,4.3254,4.3555,4.3716,4.3748,4.3672,4.3516,4.3307,4.307,4.2824,4.2581,4.2351,4.2138,4.1945,4.1773,4.1619,4.1483,4.1362,4.1255
3.7312,3.7227,3.7136,3.7039,3.6935,3.6827,3.6714,3.6602,3.6495,3.6406,3.6351,3.6346,3.639,3.6449,3.6494,3.6549,3.666,3.6848,3.7104,3.7405,3.7723,3.8045,3.837,3.8708,3.9073,3.9476,3.9927,4.0424,4.0958,4.1507,4.2038,4.2516,4.2908,4.3192,4.3358,4.3413,4.3372,4.3258,4.3094,4.2898,4.2689,4.2478,4.2274,4.2082,4.1905,4.1745,4.16,4.147,4.1354,4.1251
3.732,3.7237,3.7149,3.7055,3.6956,3.6854,3.6749,3.6646,3.6551,3.6474,3.6429,3.6427,3.6465,3.6522,3.6581,3.6655,3.6772,3.6949,3.7182,3.7457,3.7754,3.8063,3.838,3.8712,3.9067,3.9455,3.988,4.0342,4.083,4.1326,4.1804,4.2236,4.2594,4.2861,4.3029,4.3102,4.309,4.3012,4.2884,4.2726,4.255,4.2368,4.2189,4.2017,4.1857,4.1709,4.1573,4.1451,4.1341,4.1241
3.7331,3.7251,3.7166,3.7077,3.6984,3.6888,3.6791,3.6698,3.6615,3.655,3.6513,3.6513,3.6547,3.6602,3.6669,3.6755,3.6876,3.7045,3.7262,3.7515,3.7794,3.8087,3.8394,3.8717,3.906,3.9431,3.9832,4.026,4.0707,4.1157,4.159,4.1981,4.231,4.2562,4.273,4.2815,4.2827,4.2778,4.2682,4.2556,4.241,4.2255,4.2099,4.1946,4.1801,4.1666,4.1541,4.1426,4.1321,4.1226
3.7346,3.7269,3.7188,3.7104,3.7016,3.6927,3.684,3.6757,3.6684,3.6629,3.66,3.6602,3.6634,3.6688,3.6759,3.6852,3.6975,3.7138,3.734,3.7577,3.7838,3.8117,3.8412,3.8723,3.9053,3.9406,3.9783,4.0181,4.0591,4.1002,4.1395,4.1751,4.2054,4.2292,4.2458,4.2552,4.2582,4.2557,4.2489,4.239,4.2271,4.214,4.2005,4.1871,4.1741,4.1618,4.1502,4.1396,4.1297,4.1207
3.7364,3.7291,3.7214,3.7135,3.7053,3.6972,3.6892,3.6819,3.6756,3.6711,3.6688,3.6692,3.6723,3.6777,3.685,3.6946,3.7069,3.7227,3.7418,3.764,3.7886,3.8151,3.8432,3.873,3.9046,3.9381,3.9735,4.0105,4.0483,4.0859,4.1217,4.1543,4.1824,4.2048,4.2211,4.2311,4.2355,4.235,4.2305,4.223,4.2133,4.2024,4.1909,4.1791,4.1676,4.1565,4.146,4.1361,4.1269,4.1184
3.7385,3.7315,3.7243,3.7169,3.7094,3.7019,3.6948,3.6884,3.683,3.6793,3.6776,3.6783,3.6814,3.6867,3.6941,3.7037,3.716,3.7312,3.7493,3.7703,3.7935,3.8186,3.8455,3.8739,3.904,3.9357,3.9689,4.0033,4.0382,4.0727,4.1056,4.1356,4.1616,4.1828,4.1986,4.2091,4.2146,4.2157,4.2131,4.2076,4.2,4.191,4.1812,4.171,4.1609,4.1509,4.1413,4.1323,4.1237,4.1158
3.7409,3.7343,3.7275,3.7206,3.7137,3.707,3.7006,3.695,3.6904,3.6874,3.6862,3.6872,3.6904,3.6957,3.7031,3.7127,3.7247,3.7394,3.7567,3.7765,3.7985,3.8223,3.8478,3.8749,3.9034,3.9334,3.9646,3.9966,4.0289,4.0607,4.0909,4.1186,4.1428,4.1628,4.1783,4.189,4.1954,4.1977,4.1966,4.1929,4.1871,4.1798,4.1716,4.1628,4.1539,4.145,4.1364,4.1281,4.1203,4.1129
3.7434,3.7372,3.7309,3.7245,3.7182,3.7122,3.7065,3.7017,3.6978,3.6954,3.6947,3.696,3.6992,3.7046,3.7119,3.7214,3.7332,3.7473,3.7638,3.7826,3.8034,3.826,3.8503,3.8759,3.903,3.9312,3.9605,3.9904,4.0204,4.0497,4.0776,4.1033,4.1259,4.1448,4.1598,4.1707,4.1776,4.1809,4.1812,4.1789,4.1746,4.1688,4.162,4.1546,4.1469,4.139,4.1313,4.1238,4.1166,4.1097
3.7462,3.7404,3.7345,3.7286,3.7229,3.7175,3.7125,3.7083,3.7052,3.7033,3.7031,3.7046,3.708,3.7133,3.7206,3.7299,3.7413,3.7549,3.7707,3.7885,3.8083,3.8298,3.8527,3.8771,3.9027,3.9293,3.9567,3.9846,4.0125,4.0397,4.0656,4.0894,4.1105,4.1285,4.143,4.1539,4.1612,4.1654,4.1667,4.1656,4.1627,4.1582,4.1527,4.1464,4.1398,4.1329,4.126,4.1192,4.1126,4.1063
3.7491,3.7437,3.7383,3.7329,3.7277,3.7229,3.7186,3.715,3.7124,3.711,3.7112,3.7129,3.7164,3.7218,3.7289,3.7381,3.7491,3.7622,3.7773,3.7943,3.8131,3.8334,3.8552,3.8783,3.9024,3.9275,3.9532,3.9793,4.0053,4.0305,4.0546,4.0768,4.0967,4.1137,4.1277,4.1385,4.1462,4.151,4.1532,4.1531,4.1513,4.1479,4.1435,4.1384,4.1327,4.1267,4.1206,4.1145,4.1086,4.1028
