docs/data/wind_grid.json
[{"header":{"la1":42.85,"la2":41.18,"lo1":11.55,"lo2":14.05,"nx":36,"ny":24,"dx":0.07143,"dy":0.07261,"parameterCategory":2,"parameterNumber":2,"parameterNumberName":"eastward_wind","parameterUnit":"m.s-1"},"data":[4.542,4.5488,4.5566,4.565,4.573,4.5795,4.5824,4.5795,4.5691,4.5505,4.524,4.4909,4.4526,4.4099,4.3631,4.3125,4.258,4.2,4.1394,4.079,4.0244,3.9837,3.9641,3.9665,3.9857,4.0135,4.0434,4.0715,4.0961,4.1169,4.134,4.1481,4.1597,4.1694,4.1774,4.1843,4.5443,4.5532,4.5639,4.5764,4.5898,4.6026,4.6118,4.6136,4.6044,4.5832,4.5511,4.5111,4.4655,4.4156,4.3614,4.3024,4.2381,4.1676,4.0909,4.0093,3.9306,3.8713,3.8486,3.8645,3.9051,3.9537,3.9999,4.0395,4.0717,4.0974,4.1178,4.134,4.147,4.1575,4.1662,4.1735,4.5442,4.5551,4.569,4.5864,4.6072,4.6298,4.6499,4.6606,4.6542,4.6282,4.5867,4.5362,4.481,4.4225,4.3603,4.2926,4.2177,4.1339,4.038,3.9259,3.803,3.7044,3.6776,3.7252,3.807,3.8886,3.9566,4.0095,4.0495,4.0798,4.1029,4.1206,4.1346,4.1457,4.1548,4.1624,4.5409,4.5533,4.5703,4.593,4.6231,4.6605,4.7004,4.7294,4.7292,4.6929,4.6332,4.5657,4.4978,4.4299,4.3595,4.2834,4.1983,4.102,3.9892,3.8402,3.6349,3.4421,3.4136,3.5411,3.6991,3.8273,3.9199,3.9852,4.0315,4.0649,4.0896,4.1082,4.1225,4.1338,4.1431,4.1508,4.5335,4.5469,4.566,4.5931,4.6331,4.6911,4.7665,4.8367,4.8514,4.7886,4.691,4.5969,4.5134,4.4356,4.358,4.2751,4.181,4.0742,3.9576,3.7919,3.4594,3.0449,3.0424,3.3479,3.6139,3.7878,3.8984,3.9705,4.0192,4.0533,4.078,4.0964,4.1105,4.1216,4.1307,4.1384,4.5215,4.5356,4.5559,4.5842,4.6297,4.7095,4.8394,5.0,5.055,4.9195,4.7495,4.6216,4.5229,4.4361,4.3528,4.267,4.1679,4.0492,3.9421,3.8362,3.4569,2.8159,2.8559,3.2993,3.6084,3.7894,3.8982,3.9669,4.0124,4.0442,4.0673,4.0846,4.0979,4.1085,4.1173,4.1248,4.5042,4.5209,4.546,4.5716,4.6075,4.6933,4.8672,5.141,5.2649,5.0111,4.7729,4.6286,4.5223,4.4256,4.3346,4.2525,4.1648,4.0418,3.9213,3.8986,3.6837,3.3251,3.2742,3.4971,3.6989,3.832,3.9162,3.9709,4.0084,4.0355,4.056,4.0717,4.084,4.0939,4.1021,4.1094,4.4789,4.5034,4.5543,4.5889,4.5775,4.631,4.7837,4.9991,5.087,4.9068,4.7337,4.6178,4.5134,4.396,4.2768,4.1999,4.1621,4.0904,3.9814,3.9131,3.7829,3.6944,3.6736,3.7325,3.8183,3.8887,3.9383,3.974,4.0016,4.0238,4.0418,4.0562,4.0676,4.0768,4.0846,4.0916,4.4379,4.4627,4.5723,4.6893,4.5404,4.5319,4.6577,4.7678,4.7938,4.7424,4.6789,4.6109,4.5125,4.345,4.1092,4.003,4.106,4.1616,4.0982,3.9332,3.6633,3.6941,3.8184,3.8737,3.9055,3.9268,3.9446,3.9636,3.9843,4.0047,4.0224,4.0366,4.0476,4.0563,4.0636,4.0705,4.3759,4.3479,4.3724,4.4061,4.2342,4.3739,4.5822,4.6798,4.6681,4.6428,4.6509,4.6313,4.556,4.3326,3.7357,3.4117,3.9857,4.2515,4.2524,4.0765,3.811,3.8131,3.9277,3.9583,3.9419,3.9186,3.9114,3.9243,3.9486,3.9744,3.9959,4.0118,4.023,4.0312,4.0381,4.045,4.3151,4.1964,3.9412,3.395,3.507,4.2124,4.6101,4.7262,4.6073,4.5307,4.6474,4.6835,4.6799,4.5599,3.9223,3.4348,4.1376,4.4538,4.4968,4.3652,4.1873,4.1007,4.0686,4.0012,3.9014,3.8225,3.8055,3.8388,3.8883,3.9318,3.9625,3.9816,3.9928,4.0001,4.0064,4.0136,4.2963,4.1514,3.8645,3.4256,3.5726,4.314,4.7878,4.9651,4.7925,4.6423,4.6997,4.7497,4.8396,5.0115,4.7807,4.4641,4.562,4.8305,4.8799,4.6703,4.4689,4.3171,4.1691,3.9654,3.7156,3.5536,3.5761,3.6941,3.8061,3.8817,3.9248,3.9462,3.9557,3.9609,3.9662,3.9741,4.3295,4.2299,4.0893,3.987,4.1543,4.5675,4.9536,5.2075,5.0608,4.8171,4.7564,4.8052,4.8661,5.1288,4.9695,4.6703,4.7498,5.3422,5.3659,4.8924,4.6476,4.4612,4.2251,3.841,3.2959,2.9835,3.1918,3.5132,3.7257,3.8375,3.8879,3.9054,3.9087,3.9093,3.9135,3.9235,4.3889,4.3431,4.3059,4.3251,4.4579,4.6836,4.9199,5.09,5.0145,4.8102,4.7441,4.8573,4.877,4.4881,4.6508,4.4531,4.6364,5.0498,5.143,4.9173,4.7608,4.5937,4.3075,3.7646,2.8539,2.3389,2.8679,3.414,3.6962,3.8166,3.8549,3.8555,3.8447,3.8379,3.842,3.8573,4.4481,4.436,4.4412,4.4829,4.5727,4.6953,4.8123,4.8719,4.8203,4.7065,4.6368,4.6494,4.6473,4.6086,4.5804,4.4229,4.9734,4.8885,4.9331,4.9285,4.9112,4.7931,4.4893,3.961,3.176,2.7283,3.106,3.5382,3.7539,3.8245,3.8197,3.7842,3.7491,3.7334,3.7422,3.77,4.4956,4.4995,4.5171,4.5547,4.612,4.6776,4.7298,4.7428,4.6984,4.5985,4.4567,4.4417,4.534,4.6231,4.6539,4.7528,4.9593,4.9301,4.9806,5.0442,5.185,5.0796,4.7166,4.2996,3.8691,3.6242,3.6845,3.8185,3.8716,3.8426,3.7622,3.6664,3.595,3.5743,3.6014,3.6568,4.5301,4.5401,4.559,4.5879,4.6242,4.6601,4.6837,4.6826,4.648,4.5741,4.4742,4.5036,4.5828,4.626,4.7037,4.7964,4.9128,5.0727,5.2052,5.1789,5.2432,5.1458,4.8327,4.5388,4.3191,4.211,4.1693,4.1036,3.9915,3.84,3.6528,3.4616,3.3391,3.3313,3.4088,3.5175,4.5542,4.5657,4.5824,4.604,4.6278,4.6491,4.6614,4.6592,4.6398,4.6069,4.5808,4.5942,4.6234,4.6519,4.7758,4.8788,5.0193,5.3814,5.7122,5.3906,5.1956,5.0506,4.8498,4.6623,4.5848,4.6423,4.6139,4.3662,4.077,3.7961,3.4717,3.126,2.9313,2.9864,3.1728,3.3674,4.5706,4.5818,4.596,4.6125,4.6293,4.6436,4.6523,4.6532,4.6467,4.6373,4.6352,4.6503,4.6831,4.7551,4.913,4.976,5.0667,5.4059,5.6626,5.6007,5.3284,5.0687,4.8603,4.7115,4.7463,5.1319,5.2133,4.5694,4.0761,3.713,3.2624,2.7032,2.4212,2.6149,2.9581,3.2468,4.5819,4.5922,4.6043,4.6175,4.6305,4.6418,4.6499,4.6543,4.6562,4.659,4.6681,4.6896,4.7304,4.8054,4.9174,4.9716,5.071,5.3489,5.8302,6.0296,5.4664,5.0988,4.8646,4.6881,4.6714,5.137,5.2582,4.2849,3.8772,3.6159,3.1804,2.5331,2.2098,2.4801,2.8885,3.209,4.5896,4.599,4.6096,4.6207,4.6317,4.6417,4.6503,4.6575,4.6645,4.6737,4.6887,4.7134,4.7527,4.8106,4.8804,4.9486,5.0577,5.2669,5.5726,5.6526,5.3409,5.0793,4.8917,4.6457,4.3368,3.9057,3.0442,3.169,3.5217,3.5452,3.3008,2.8573,2.5942,2.7316,3.0172,3.2728,4.5947,4.6034,4.6129,4.6227,4.6326,4.6422,4.6513,4.6603,4.6702,4.6826,4.7,4.7246,4.7591,4.8043,4.8582,4.9219,5.009,5.1293,5.2472,5.2602,5.1613,5.1207,5.0709,4.7259,4.1495,3.2359,2.1173,2.6778,3.414,3.5626,3.4777,3.263,3.0972,3.111,3.2432,3.4003,4.5981,4.6062,4.6148,4.6238,4.633,4.6423,4.6517,4.6617,4.6729,4.6866,4.7042,4.7271,4.7565,4.7928,4.8358,4.8862,4.9461,5.0112,5.061,5.0722,5.082,5.2101,5.2645,4.8449,4.2228,3.5389,3.064,3.3052,3.6433,3.6519,3.6054,3.5108,3.4223,3.4036,3.4543,3.5395,4.6001,4.6076,4.6156,4.624,4.6327,4.6417,4.6512,4.6614,4.6729,4.6865,4.7031,4.7234,4.748,4.777,4.8101,4.8469,4.8858,4.9221,4.9479,4.9625,4.9933,5.0708,5.0546,4.7556,4.3078,3.8766,3.6164,3.6174,3.6839,3.6848,3.6759,3.6444,3.607,3.594,3.6153,3.6619]},{"header":{"la1":42.85,"la2":41.18,"lo1":11.55,"lo2":14.05,"nx":36,"ny":24,"dx":0.07143,"dy":0.07261,"parameterCategory":2,"parameterNumber":3,"parameterNumberName":"northward_wind","parameterUnit":"m.s-1"},"data":[0.2796,0.2863,0.2907,0.2923,0.291,0.286,0.276,0.2592,0.2338,0.1995,0.1571,0.1085,0.0556,-0.0007,-0.0603,-0.1229,-0.1883,-0.2554,-0.3222,-0.3851,-0.438,-0.4723,-0.4806,-0.4619,-0.4223,-0.3709,-0.3158,-0.2619,-0.2117,-0.1663,-0.1257,-0.0897,-0.058,-0.03,-0.0054,0.0162,0.308,0.3182,0.3258,0.3304,0.3324,0.3313,0.3254,0.311,0.2843,0.2438,0.192,0.1329,0.0696,0.0033,-0.0666,-0.1409,-0.2203,-0.3039,-0.3902,-0.4764,-0.5543,-0.607,-0.6167,-0.5809,-0.5146,-0.4367,-0.3598,-0.2894,-0.2274,-0.1735,-0.1269,-0.0867,-0.0518,-0.0217,0.0045,0.0272,0.3408,0.3558,0.3673,0.3754,0.3813,0.3866,0.3894,0.3824,0.3558,0.3058,0.2385,0.1637,0.0872,0.0096,-0.0713,-0.1588,-0.2546,-0.3582,-0.4687,-0.5876,-0.7101,-0.8026,-0.8147,-0.7417,-0.6263,-0.5072,-0.4012,-0.3116,-0.237,-0.1747,-0.1226,-0.0785,-0.0411,-0.0092,0.0181,0.0415,0.3793,0.4013,0.4179,0.4289,0.4382,0.4525,0.4731,0.486,0.4644,0.3963,0.3001,0.2004,0.1072,0.0181,-0.0736,-0.1748,-0.2901,-0.4179,-0.554,-0.7103,-0.9124,-1.1008,-1.1142,-0.952,-0.7477,-0.571,-0.4315,-0.3227,-0.2366,-0.1674,-0.1108,-0.064,-0.0248,0.0082,0.036,0.0596,0.4253,0.4588,0.4833,0.4956,0.5031,0.5257,0.5802,0.6458,0.6446,0.5332,0.3769,0.2382,0.1261,0.0278,-0.0717,-0.1856,-0.3243,-0.486,-0.6461,-0.8134,-1.1231,-1.5367,-1.5277,-1.1706,-0.8408,-0.6054,-0.4385,-0.3159,-0.2224,-0.1491,-0.0902,-0.0421,-0.0023,0.0309,0.0587,0.0819,0.4797,0.5346,0.5762,0.5884,0.5781,0.5933,0.6963,0.8885,0.9542,0.7259,0.4514,0.2637,0.1382,0.0373,-0.0637,-0.1844,-0.3471,-0.565,-0.7747,-0.8698,-1.157,-1.7822,-1.7333,-1.2231,-0.8372,-0.5845,-0.4112,-0.2859,-0.1914,-0.118,-0.0594,-0.0119,0.0272,0.0596,0.0865,0.1088,0.5395,0.6343,0.7213,0.7429,0.6796,0.6339,0.7463,1.0979,1.2876,0.8562,0.4616,0.2566,0.1386,0.0451,-0.0505,-0.1651,-0.331,-0.5981,-0.9179,-0.9233,-0.9494,-1.2458,-1.2711,-0.9895,-0.7122,-0.5023,-0.3473,-0.2314,-0.1428,-0.0735,-0.0181,0.0269,0.064,0.0947,0.12,0.1406,0.5889,0.7448,0.9426,1.0312,0.8429,0.6394,0.6369,0.8583,0.9699,0.6336,0.3469,0.2116,0.1317,0.0505,-0.0444,-0.141,-0.2622,-0.4705,-0.724,-0.777,-0.7896,-0.8329,-0.818,-0.7,-0.5354,-0.381,-0.2543,-0.155,-0.0774,-0.016,0.0337,0.0745,0.1084,0.1365,0.1594,0.1778,0.5958,0.7918,1.1335,1.4089,0.9872,0.5917,0.4445,0.4093,0.3422,0.2164,0.1603,0.1574,0.1388,0.0581,-0.0877,-0.1821,-0.1987,-0.2844,-0.4406,-0.615,-0.8518,-0.8127,-0.6393,-0.4997,-0.366,-0.2433,-0.1409,-0.0602,0.0029,0.0535,0.0953,0.1306,0.1604,0.1852,0.2052,0.2207,0.5377,0.6784,0.8963,1.029,0.6873,0.4368,0.2712,0.0984,-0.1469,-0.2386,-0.0395,0.1337,0.1998,0.1121,-0.2541,-0.4632,-0.1895,-0.1309,-0.2291,-0.4352,-0.6967,-0.6755,-0.4859,-0.3306,-0.2006,-0.0916,-0.0084,0.0516,0.0965,0.1333,0.1658,0.1947,0.2201,0.2413,0.258,0.2701,0.442,0.4855,0.4531,0.2267,0.2258,0.2724,0.17,-0.0321,-0.5813,-0.8643,-0.1892,0.1785,0.3603,0.372,-0.0751,-0.4273,-0.0599,0.0456,-0.0054,-0.1588,-0.3182,-0.353,-0.271,-0.1469,-0.0167,0.0884,0.1505,0.1813,0.2013,0.2215,0.2438,0.2667,0.288,0.3058,0.3188,0.3268,0.3541,0.354,0.2957,0.1785,0.1797,0.2063,0.1698,0.1186,-0.2268,-0.4851,-0.0473,0.2936,0.587,0.9257,0.6661,0.2713,0.2154,0.2983,0.2736,0.0798,-0.0789,-0.1358,-0.0903,0.0382,0.2067,0.3263,0.3491,0.3279,0.3128,0.3145,0.3281,0.3469,0.3656,0.3804,0.3895,0.3924,0.2883,0.2819,0.2544,0.2176,0.1991,0.1883,0.2014,0.2696,0.1695,0.0229,0.1511,0.4012,0.6226,1.0976,0.8713,0.4223,0.3417,0.619,0.6081,0.2087,0.0037,-0.0567,0.0079,0.2017,0.4914,0.6597,0.586,0.4756,0.4204,0.4082,0.4183,0.4371,0.4557,0.4686,0.4731,0.469,0.2387,0.2322,0.217,0.197,0.1784,0.1679,0.1819,0.2196,0.1733,0.0889,0.163,0.4721,0.5917,0.5817,0.4526,0.3209,0.3153,0.4191,0.4011,0.1166,-0.0765,-0.116,0.002,0.2857,0.7302,0.9612,0.7594,0.5802,0.5114,0.5011,0.5171,0.5423,0.5647,0.5763,0.5741,0.5596,0.1988,0.1917,0.1794,0.1634,0.1468,0.134,0.1287,0.118,0.0644,-0.023,-0.058,0.0588,0.1645,-0.0395,0.252,0.2989,0.3807,0.232,0.0838,-0.1436,-0.367,-0.3584,-0.1268,0.2152,0.6191,0.8232,0.7209,0.6211,0.5905,0.6004,0.6325,0.6722,0.7034,0.7135,0.6997,0.6679,0.1656,0.1574,0.1453,0.13,0.1126,0.094,0.0715,0.0328,-0.0468,-0.2102,-0.5101,-0.358,-0.1865,-0.0173,0.0874,0.1928,0.2657,0.0596,-0.1713,-0.4723,-0.9454,-0.8035,-0.3167,0.0882,0.4132,0.6033,0.6629,0.6772,0.6897,0.72,0.7755,0.8426,0.8908,0.8959,0.8587,0.7967,0.1375,0.1281,0.1154,0.0995,0.0803,0.0567,0.0249,-0.0246,-0.1092,-0.2618,-0.4809,-0.3724,-0.3558,-0.3737,-0.1657,-0.0992,-0.1175,-0.3042,-0.5137,-0.6527,-1.0494,-0.8812,-0.3593,0.0681,0.4188,0.6764,0.8107,0.8395,0.8358,0.8652,0.9538,1.076,1.1579,1.1456,1.0585,0.9442,0.1136,0.1031,0.0897,0.073,0.0524,0.0265,-0.0077,-0.0552,-0.1224,-0.2091,-0.283,-0.3078,-0.4056,-0.4539,-0.487,-0.5478,-0.4894,-0.7309,-1.0383,-0.7736,-0.6937,-0.5542,-0.2294,0.1806,0.6426,1.0741,1.2378,1.1301,1.0152,1.0153,1.1596,1.3966,1.5418,1.4754,1.2895,1.0954,0.0933,0.082,0.068,0.0508,0.0298,0.0038,-0.0289,-0.0703,-0.121,-0.1772,-0.23,-0.2833,-0.3658,-0.5307,-1.0698,-1.3105,-0.7743,-0.8096,-0.9875,-0.9112,-0.6855,-0.4303,-0.1155,0.325,0.9597,1.7363,1.9156,1.452,1.1608,1.1207,1.3414,1.7652,2.0012,1.8185,1.4924,1.2127,0.0761,0.0644,0.0501,0.0328,0.0121,-0.0128,-0.0428,-0.0785,-0.1198,-0.1654,-0.2152,-0.2773,-0.3766,-0.5833,-1.0085,-1.1499,-0.8051,-0.7856,-1.0882,-1.2336,-0.7694,-0.4162,-0.0889,0.3619,1.0344,1.8748,2.0559,1.5004,1.1864,1.1243,1.3743,1.9047,2.1908,1.9404,1.5551,1.2476,0.0618,0.0498,0.0355,0.0186,-0.0013,-0.0247,-0.052,-0.0836,-0.1196,-0.1603,-0.2079,-0.2693,-0.3592,-0.4984,-0.6674,-0.7276,-0.6734,-0.71,-0.8895,-0.9339,-0.6685,-0.4273,-0.1901,0.2241,0.8154,1.3446,1.5163,1.3699,1.0888,0.9939,1.1831,1.5866,1.8304,1.6997,1.4281,1.1831,0.0499,0.038,0.024,0.0077,-0.0112,-0.033,-0.0579,-0.0863,-0.1185,-0.1552,-0.1985,-0.2521,-0.3208,-0.4049,-0.4858,-0.53,-0.545,-0.5789,-0.6323,-0.625,-0.552,-0.5644,-0.5186,-0.0665,0.5674,1.1517,1.5634,1.3067,0.8119,0.708,0.8747,1.143,1.3287,1.3256,1.2037,1.0552,0.0402,0.0285,0.015,-0.0005,-0.0182,-0.0384,-0.0611,-0.0867,-0.1155,-0.1481,-0.1855,-0.2293,-0.2798,-0.334,-0.3829,-0.4175,-0.4402,-0.461,-0.4774,-0.4801,-0.5192,-0.7212,-0.799,-0.2923,0.337,0.8305,1.0572,0.7589,0.2676,0.3454,0.6015,0.827,0.9768,1.0239,0.9892,0.9144,0.0325,0.0212,0.0082,-0.0064,-0.0229,-0.0413,-0.0619,-0.0849,-0.1103,-0.1386,-0.1701,-0.2049,-0.2424,-0.2798,-0.3132,-0.3389,-0.3569,-0.3694,-0.3773,-0.3887,-0.4382,-0.5524,-0.5458,-0.2196,0.2097,0.5367,0.6476,0.4599,0.1904,0.2694,0.4822,0.6551,0.7694,0.8224,0.8232,0.79]}]