docs/data/wind_grid.json
[{"header":{"la1":42.85,"la2":41.18,"lo1":11.55,"lo2":14.05,"nx":36,"ny":24,"dx":0.07143,"dy":0.07261,"parameterCategory":2,"parameterNumber":2,"parameterNumberName":"eastward_wind","parameterUnit":"m.s-1"},"data":[-0.9548,-0.9591,-0.9639,-0.9692,-0.9749,-0.9805,-0.9856,-0.9896,-0.9928,-0.9959,-1.0009,-1.0098,-1.0238,-1.0426,-1.0626,-1.0775,-1.0816,-1.0734,-1.0564,-1.036,-1.0157,-0.9973,-0.9812,-0.9673,-0.9551,-0.9443,-0.9346,-0.9258,-0.9179,-0.9106,-0.9039,-0.8978,-0.8922,-0.8871,-0.8826,-0.8785,-0.9564,-0.9614,-0.9673,-0.9741,-0.9817,-0.9895,-0.9965,-1.0014,-1.0038,-1.005,-1.0081,-1.0174,-1.0363,-1.0656,-1.1001,-1.1275,-1.1341,-1.1177,-1.0881,-1.0564,-1.0282,-1.0047,-0.9854,-0.9694,-0.9558,-0.9439,-0.9334,-0.9239,-0.9154,-0.9076,-0.9005,-0.894,-0.8881,-0.8827,-0.878,-0.8737,-0.9577,-0.9634,-0.9706,-0.9794,-0.9899,-1.0015,-1.0124,-1.0197,-1.0211,-1.0177,-1.0155,-1.0224,-1.046,-1.0902,-1.1501,-1.2018,-1.2119,-1.1769,-1.1244,-1.0763,-1.0386,-1.01,-0.9879,-0.9702,-0.9554,-0.9426,-0.9313,-0.9213,-0.9121,-0.9039,-0.8963,-0.8894,-0.8832,-0.8776,-0.8726,-0.8682,-0.9585,-0.9649,-0.9734,-0.9845,-0.9991,-1.017,-1.036,-1.0499,-1.0508,-1.0382,-1.0236,-1.0223,-1.0469,-1.1071,-1.2037,-1.2981,-1.3119,-1.2411,-1.1552,-1.0892,-1.0436,-1.0118,-0.9881,-0.9693,-0.9537,-0.9402,-0.9283,-0.9177,-0.908,-0.8993,-0.8913,-0.884,-0.8774,-0.8716,-0.8664,-0.8619,-0.9586,-0.9655,-0.9749,-0.9882,-1.0075,-1.0348,-1.0695,-1.1008,-1.105,-1.0735,-1.0333,-1.0142,-1.0316,-1.0974,-1.22,-1.3556,-1.3725,-1.2677,-1.1597,-1.087,-1.0407,-1.0093,-0.9859,-0.967,-0.9509,-0.9368,-0.9244,-0.9131,-0.9029,-0.8937,-0.8852,-0.8776,-0.8706,-0.8645,-0.8591,-0.8545,-0.958,-0.9648,-0.9744,-0.9888,-1.0115,-1.0488,-1.1075,-1.1779,-1.1985,-1.1275,-1.0406,-0.9944,-0.996,-1.0472,-1.1509,-1.2677,-1.2884,-1.2088,-1.1249,-1.0682,-1.0309,-1.0039,-0.9821,-0.9635,-0.947,-0.9324,-0.9193,-0.9075,-0.8968,-0.887,-0.8781,-0.87,-0.8626,-0.8562,-0.8506,-0.8459,-0.9567,-0.9629,-0.9716,-0.9848,-1.0066,-1.0463,-1.1213,-1.2392,-1.2912,-1.1615,-1.0238,-0.9562,-0.9421,-0.9698,-1.0315,-1.1,-1.1267,-1.1056,-1.0723,-1.044,-1.0204,-0.9989,-0.9786,-0.9596,-0.9423,-0.9268,-0.913,-0.9006,-0.8894,-0.8791,-0.8696,-0.861,-0.8532,-0.8464,-0.8405,-0.8358,-0.955,-0.9603,-0.9672,-0.977,-0.9923,-1.0196,-1.0731,-1.1618,-1.1949,-1.0738,-0.9548,-0.8945,-0.8746,-0.8855,-0.9222,-0.9706,-1.0103,-1.0316,-1.0378,-1.0326,-1.0185,-0.9987,-0.9769,-0.9558,-0.9367,-0.92,-0.9053,-0.8923,-0.8805,-0.8697,-0.8596,-0.8503,-0.842,-0.8347,-0.8287,-0.8239,-0.9535,-0.9579,-0.9631,-0.9691,-0.9758,-0.9835,-0.9917,-0.994,-0.9634,-0.8993,-0.85,-0.8176,-0.7971,-0.7982,-0.8295,-0.8868,-0.9536,-1.0108,-1.0441,-1.0494,-1.0332,-1.0064,-0.9776,-0.9514,-0.9294,-0.9111,-0.8958,-0.8823,-0.8701,-0.8586,-0.8478,-0.8377,-0.8286,-0.8208,-0.8144,-0.8097,-0.9525,-0.9566,-0.961,-0.9654,-0.968,-0.9646,-0.9446,-0.8866,-0.7818,-0.7261,-0.7492,-0.7427,-0.7107,-0.696,-0.7326,-0.8241,-0.9447,-1.0543,-1.1123,-1.1093,-1.07,-1.0216,-0.9783,-0.9442,-0.9187,-0.8993,-0.8839,-0.8705,-0.858,-0.8458,-0.8339,-0.8226,-0.8124,-0.8038,-0.7972,-0.7927,-0.9521,-0.9565,-0.9618,-0.9679,-0.9741,-0.9773,-0.9647,-0.8879,-0.6478,-0.5381,-0.6855,-0.6844,-0.6108,-0.5527,-0.6018,-0.7642,-0.9904,-1.2059,-1.2904,-1.2317,-1.1273,-1.0366,-0.972,-0.9294,-0.902,-0.8835,-0.8694,-0.8568,-0.8442,-0.8311,-0.8176,-0.8044,-0.7926,-0.7829,-0.7759,-0.7719,-0.952,-0.9573,-0.9643,-0.9742,-0.9892,-1.0128,-1.0478,-1.0573,-0.8458,-0.67,-0.7116,-0.6517,-0.5104,-0.3365,-0.4232,-0.7105,-1.1174,-1.5922,-1.6856,-1.4215,-1.1809,-1.0306,-0.9456,-0.9003,-0.8766,-0.8629,-0.8524,-0.8417,-0.8291,-0.8143,-0.7981,-0.782,-0.7676,-0.7564,-0.7492,-0.7461,-0.9519,-0.9578,-0.9663,-0.9793,-1.0009,-1.0395,-1.1094,-1.1991,-1.1013,-0.8862,-0.7607,-0.6484,-0.5197,-0.2694,-0.3553,-0.7237,-1.2585,-2.2076,-2.2252,-1.5477,-1.1572,-0.9664,-0.8818,-0.8504,-0.8413,-0.8385,-0.8347,-0.8267,-0.8136,-0.7956,-0.7747,-0.7534,-0.735,-0.7218,-0.7148,-0.7138,-0.9512,-0.9573,-0.966,-0.9792,-1.0004,-1.0352,-1.0888,-1.1445,-1.0896,-0.9305,-0.8012,-0.6556,-0.5909,-0.4332,-0.5672,-0.8308,-1.1775,-1.7483,-1.8231,-1.3228,-0.9648,-0.802,-0.7656,-0.7784,-0.7993,-0.8142,-0.8194,-0.8142,-0.7989,-0.775,-0.7456,-0.7157,-0.6909,-0.6752,-0.6696,-0.6728,-0.9498,-0.9554,-0.9632,-0.9742,-0.9899,-1.0113,-1.0353,-1.0442,-1.0075,-0.9508,-0.9079,-0.8199,-0.6847,-0.597,-0.7065,-0.9836,-1.1754,-1.1847,-1.1568,-0.8855,-0.5768,-0.5045,-0.5987,-0.6968,-0.7617,-0.7979,-0.8119,-0.8077,-0.7872,-0.7523,-0.708,-0.6633,-0.6285,-0.6105,-0.6094,-0.6209,-0.9479,-0.9527,-0.9588,-0.9668,-0.9766,-0.9872,-0.9951,-0.994,-0.9864,-1.0086,-1.1113,-1.0085,-0.9187,-0.8044,-0.8482,-0.9941,-1.1047,-0.998,-0.8379,-0.5137,-0.0271,-0.1129,-0.4404,-0.6408,-0.7467,-0.7994,-0.8184,-0.8118,-0.7812,-0.7275,-0.6572,-0.5866,-0.5366,-0.5187,-0.5293,-0.5565,-0.9457,-0.9495,-0.9541,-0.9595,-0.9654,-0.9709,-0.9746,-0.977,-0.9861,-1.0249,-1.1026,-1.0476,-1.102,-1.1478,-0.9935,-0.9737,-0.9369,-0.7938,-0.6306,-0.4249,0.0423,-0.0721,-0.4359,-0.6539,-0.7697,-0.8258,-0.8433,-0.8304,-0.7848,-0.7014,-0.5866,-0.471,-0.399,-0.3901,-0.4267,-0.4813,-0.9433,-0.9464,-0.9498,-0.9536,-0.9575,-0.9611,-0.9647,-0.9697,-0.9807,-1.0024,-1.026,-1.046,-1.1509,-1.1833,-1.1012,-1.0688,-0.9045,-0.5926,-0.3611,-0.508,-0.4304,-0.4373,-0.5898,-0.7321,-0.8251,-0.871,-0.8817,-0.864,-0.8024,-0.6784,-0.4932,-0.303,-0.2044,-0.2254,-0.3101,-0.4045,-0.9412,-0.9436,-0.9463,-0.9491,-0.9521,-0.9552,-0.959,-0.9645,-0.9736,-0.9872,-1.0043,-1.03,-1.0735,-1.1206,-1.2686,-1.3317,-0.9941,-0.6572,-0.5054,-0.6796,-0.685,-0.6885,-0.7496,-0.8271,-0.8853,-0.9046,-0.906,-0.9041,-0.8374,-0.6714,-0.4001,-0.1131,0.0068,-0.0674,-0.2118,-0.3462,-0.9392,-0.9412,-0.9434,-0.9457,-0.9483,-0.9512,-0.955,-0.9602,-0.9678,-0.9784,-0.9927,-1.0136,-1.0457,-1.1057,-1.2354,-1.2629,-1.0237,-0.8271,-0.832,-0.874,-0.8196,-0.8374,-0.8816,-0.9187,-0.9409,-0.9262,-0.921,-0.9668,-0.8969,-0.7022,-0.3819,-0.0431,0.0851,-0.0147,-0.1825,-0.3302,-0.9375,-0.9392,-0.941,-0.9431,-0.9454,-0.9482,-0.9518,-0.9565,-0.9629,-0.9716,-0.9833,-0.9995,-1.023,-1.0585,-1.0977,-1.0818,-0.9837,-0.8894,-0.8633,-0.8726,-0.9059,-0.9857,-1.0347,-1.0253,-1.0204,-1.0637,-1.1695,-1.1307,-0.9848,-0.7732,-0.4815,-0.1907,-0.063,-0.1179,-0.2436,-0.3655,-0.9359,-0.9374,-0.9391,-0.9409,-0.9431,-0.9457,-0.9489,-0.953,-0.9584,-0.9654,-0.9743,-0.9858,-0.9999,-1.0151,-1.0221,-1.0045,-0.9612,-0.9196,-0.9066,-0.9351,-1.0348,-1.2042,-1.2585,-1.1549,-1.0946,-1.1587,-1.2855,-1.2152,-1.0399,-0.8434,-0.6201,-0.4127,-0.2989,-0.2974,-0.3591,-0.4364,-0.9345,-0.9359,-0.9374,-0.939,-0.941,-0.9433,-0.9462,-0.9497,-0.9541,-0.9595,-0.9659,-0.9733,-0.9809,-0.9864,-0.9855,-0.974,-0.9551,-0.9413,-0.9495,-1.0015,-1.1342,-1.3429,-1.3965,-1.2364,-1.1279,-1.1331,-1.1751,-1.1373,-1.0235,-0.8794,-0.7238,-0.583,-0.4916,-0.4626,-0.4795,-0.5182,-0.9332,-0.9345,-0.9358,-0.9373,-0.9391,-0.9412,-0.9436,-0.9466,-0.95,-0.9541,-0.9585,-0.9631,-0.967,-0.9689,-0.9672,-0.9616,-0.9553,-0.9559,-0.9749,-1.0279,-1.1305,-1.2574,-1.2899,-1.2017,-1.1193,-1.0919,-1.0865,-1.0551,-0.9851,-0.89,-0.7858,-0.69,-0.6202,-0.5848,-0.5796,-0.5935]},{"header":{"la1":42.85,"la2":41.18,"lo1":11.55,"lo2":14.05,"nx":36,"ny":24,"dx":0.07143,"dy":0.07261,"parameterCategory":2,"parameterNumber":3,"parameterNumberName":"northward_wind","parameterUnit":"m.s-1"},"data":[-0.4275,-0.4185,-0.4081,-0.3967,-0.3851,-0.3747,-0.3674,-0.3654,-0.3702,-0.382,-0.3997,-0.4214,-0.4452,-0.4689,-0.4897,-0.504,-0.5092,-0.505,-0.4945,-0.4813,-0.4683,-0.4568,-0.4474,-0.44,-0.4347,-0.431,-0.4288,-0.4279,-0.4281,-0.4291,-0.4308,-0.4331,-0.4357,-0.4386,-0.4416,-0.4446,-0.4281,-0.4171,-0.4037,-0.388,-0.3709,-0.3542,-0.3411,-0.3355,-0.3406,-0.357,-0.3825,-0.4137,-0.4478,-0.4826,-0.5146,-0.5371,-0.5434,-0.5333,-0.5139,-0.4926,-0.4736,-0.4582,-0.4464,-0.4377,-0.4316,-0.4277,-0.4256,-0.425,-0.4256,-0.4271,-0.4295,-0.4324,-0.4356,-0.4391,-0.4427,-0.4462,-0.4304,-0.4173,-0.4004,-0.3793,-0.3542,-0.3273,-0.3033,-0.2899,-0.2943,-0.3183,-0.3564,-0.4013,-0.4491,-0.4992,-0.5492,-0.5868,-0.5943,-0.5714,-0.5363,-0.5032,-0.477,-0.4575,-0.4435,-0.4337,-0.4272,-0.4233,-0.4215,-0.4214,-0.4226,-0.4249,-0.428,-0.4318,-0.4358,-0.4401,-0.4443,-0.4485,-0.4353,-0.4204,-0.4,-0.3724,-0.3366,-0.2936,-0.2493,-0.2185,-0.2194,-0.2574,-0.3178,-0.3827,-0.4464,-0.5132,-0.5872,-0.6502,-0.6591,-0.6129,-0.555,-0.5086,-0.4757,-0.4531,-0.4377,-0.4274,-0.421,-0.4175,-0.4164,-0.417,-0.4192,-0.4225,-0.4267,-0.4314,-0.4365,-0.4416,-0.4467,-0.4515,-0.4435,-0.4279,-0.4048,-0.3711,-0.3228,-0.2566,-0.1759,-0.1056,-0.0946,-0.163,-0.266,-0.3597,-0.4377,-0.5134,-0.602,-0.6874,-0.6977,-0.63,-0.5559,-0.5025,-0.467,-0.4436,-0.4283,-0.4186,-0.4129,-0.4103,-0.4102,-0.412,-0.4154,-0.42,-0.4254,-0.4315,-0.4377,-0.444,-0.45,-0.4555,-0.4558,-0.4411,-0.4178,-0.3807,-0.3221,-0.2304,-0.0956,0.0565,0.1021,-0.035,-0.2141,-0.3423,-0.4274,-0.4957,-0.5678,-0.6363,-0.6463,-0.5915,-0.5286,-0.4816,-0.4498,-0.4288,-0.4152,-0.407,-0.4028,-0.4017,-0.403,-0.4063,-0.4113,-0.4175,-0.4246,-0.4322,-0.4399,-0.4475,-0.4545,-0.461,-0.4725,-0.4612,-0.4412,-0.4067,-0.3472,-0.2441,-0.0677,0.1817,0.285,0.0467,-0.2058,-0.3492,-0.4276,-0.4773,-0.5169,-0.5472,-0.5502,-0.5216,-0.483,-0.4498,-0.4256,-0.4091,-0.3988,-0.393,-0.3908,-0.3916,-0.3948,-0.4001,-0.407,-0.4152,-0.4243,-0.4339,-0.4434,-0.4525,-0.4608,-0.4682,-0.4931,-0.4877,-0.4754,-0.4512,-0.4054,-0.3215,-0.1746,0.0331,0.1126,-0.0851,-0.2802,-0.3891,-0.4468,-0.4767,-0.4905,-0.4928,-0.4831,-0.4621,-0.4368,-0.4142,-0.3973,-0.386,-0.3795,-0.3768,-0.3772,-0.3803,-0.3858,-0.3934,-0.4027,-0.4134,-0.4251,-0.437,-0.4488,-0.4597,-0.4695,-0.4778,-0.5163,-0.5187,-0.518,-0.5105,-0.4902,-0.4474,-0.3736,-0.286,-0.2558,-0.3097,-0.3845,-0.4449,-0.4825,-0.498,-0.4936,-0.4744,-0.4474,-0.4193,-0.3953,-0.3777,-0.3665,-0.3603,-0.358,-0.3587,-0.3621,-0.3679,-0.376,-0.3863,-0.3986,-0.4124,-0.4273,-0.4423,-0.4568,-0.47,-0.4813,-0.4906,-0.5397,-0.5512,-0.5639,-0.5768,-0.5872,-0.5884,-0.5672,-0.5072,-0.4187,-0.3861,-0.4393,-0.4948,-0.5298,-0.5418,-0.5231,-0.4779,-0.425,-0.381,-0.353,-0.3389,-0.3335,-0.3327,-0.3348,-0.3392,-0.3457,-0.3543,-0.3654,-0.3789,-0.3948,-0.4127,-0.4316,-0.4506,-0.4685,-0.4844,-0.4975,-0.5077,-0.5609,-0.581,-0.6069,-0.6406,-0.6836,-0.733,-0.7652,-0.694,-0.3905,-0.2553,-0.4516,-0.5404,-0.5898,-0.6186,-0.5855,-0.4945,-0.3978,-0.3316,-0.3021,-0.2957,-0.2983,-0.3036,-0.3104,-0.3184,-0.328,-0.3396,-0.3538,-0.3711,-0.3915,-0.4145,-0.439,-0.4633,-0.4857,-0.5048,-0.5197,-0.5303,-0.5773,-0.6041,-0.6404,-0.6913,-0.7641,-0.8682,-1.0035,-1.0732,-0.7268,-0.4482,-0.5353,-0.5896,-0.6531,-0.7459,-0.6911,-0.5048,-0.342,-0.2597,-0.2432,-0.2509,-0.2626,-0.2738,-0.2848,-0.2963,-0.3089,-0.3233,-0.3408,-0.3624,-0.3886,-0.4187,-0.4508,-0.4824,-0.5107,-0.5337,-0.5503,-0.5606,-0.587,-0.6172,-0.6588,-0.7182,-0.8064,-0.9423,-1.1495,-1.3752,-1.1708,-0.763,-0.6185,-0.6347,-0.6667,-0.7946,-0.7346,-0.4312,-0.2231,-0.2071,-0.2112,-0.2135,-0.2285,-0.2425,-0.257,-0.2723,-0.2878,-0.3045,-0.3249,-0.3516,-0.3856,-0.4258,-0.4691,-0.5111,-0.5475,-0.5751,-0.5926,-0.6008,-0.5891,-0.619,-0.6596,-0.7162,-0.7976,-0.9163,-1.0791,-1.2346,-1.106,-0.7523,-0.594,-0.6755,-0.7055,-0.5137,-0.4823,-0.1373,0.1388,-0.061,-0.1549,-0.1761,-0.1911,-0.2033,-0.2238,-0.2456,-0.2638,-0.281,-0.3035,-0.3363,-0.3813,-0.4367,-0.4971,-0.5549,-0.6025,-0.6349,-0.6513,-0.6542,-0.5842,-0.6107,-0.645,-0.69,-0.7489,-0.8224,-0.898,-0.9219,-0.7966,-0.5761,-0.4469,-0.4638,-0.4919,-0.496,-0.3115,0.4489,1.2309,0.3623,-0.0465,-0.1429,-0.1292,-0.136,-0.1809,-0.2169,-0.2356,-0.2486,-0.2703,-0.3109,-0.3729,-0.4523,-0.5401,-0.6225,-0.6859,-0.7222,-0.7325,-0.7241,-0.5739,-0.595,-0.6205,-0.6508,-0.6846,-0.7162,-0.7295,-0.6932,-0.5776,-0.3955,-0.1956,-0.2982,-0.3328,-0.3456,-0.1982,0.3644,0.8797,0.2544,-0.1332,-0.1551,0.0119,-0.0218,-0.1402,-0.1927,-0.2004,-0.1967,-0.2123,-0.265,-0.3553,-0.4741,-0.6066,-0.7288,-0.8141,-0.8495,-0.8431,-0.8125,-0.5602,-0.5754,-0.5921,-0.6092,-0.6237,-0.6292,-0.6146,-0.5654,-0.4725,-0.3398,-0.2039,-0.2437,-0.1415,-0.0664,-0.1777,-0.0749,-0.0267,-0.289,-0.496,-0.317,0.0154,-0.025,-0.1521,-0.1807,-0.1471,-0.1006,-0.1022,-0.1815,-0.322,-0.5036,-0.7083,-0.8954,-1.0094,-1.03,-0.986,-0.9169,-0.5451,-0.5549,-0.5643,-0.5717,-0.574,-0.5668,-0.5439,-0.4999,-0.4344,-0.3572,-0.2932,-0.2442,-0.1004,-0.0696,-0.2591,-0.3239,-0.3986,-0.7675,-1.1095,-0.67,-0.3341,-0.2319,-0.2202,-0.1721,-0.057,0.0842,0.106,-0.0453,-0.2732,-0.5415,-0.8516,-1.1396,-1.2851,-1.2606,-1.1486,-1.0241,-0.53,-0.5355,-0.5395,-0.5406,-0.5364,-0.5244,-0.5015,-0.4664,-0.4211,-0.3719,-0.3269,-0.2842,-0.2437,-0.2773,-0.4317,-0.4873,-0.5049,-0.7734,-0.9692,-0.7447,-0.5357,-0.3767,-0.2762,-0.1621,0.0472,0.3633,0.4239,0.096,-0.2407,-0.5821,-1.0024,-1.4125,-1.5799,-1.4798,-1.2856,-1.1066,-0.5158,-0.5182,-0.5186,-0.516,-0.509,-0.4959,-0.4758,-0.4486,-0.4164,-0.3828,-0.3521,-0.3283,-0.3222,-0.3592,-0.444,-0.4799,-0.51,-0.6391,-0.7559,-0.7812,-0.5948,-0.4172,-0.2963,-0.1781,0.0248,0.3836,0.4582,0.0085,-0.2922,-0.6081,-1.0542,-1.5142,-1.6873,-1.5533,-1.3287,-1.1319,-0.5032,-0.5034,-0.5016,-0.4971,-0.4891,-0.4768,-0.4599,-0.439,-0.4155,-0.3921,-0.372,-0.3593,-0.3605,-0.3823,-0.419,-0.4515,-0.4946,-0.5716,-0.6587,-0.6649,-0.5211,-0.3634,-0.2716,-0.2163,-0.1517,-0.1537,-0.3944,-0.4066,-0.419,-0.609,-0.9553,-1.326,-1.4919,-1.4185,-1.2513,-1.0894,-0.4923,-0.491,-0.488,-0.4827,-0.4747,-0.4638,-0.4499,-0.4337,-0.4164,-0.3999,-0.3865,-0.3791,-0.3808,-0.3931,-0.4137,-0.4386,-0.47,-0.508,-0.5332,-0.5014,-0.3817,-0.2299,-0.18,-0.219,-0.274,-0.4327,-0.6674,-0.584,-0.5018,-0.5945,-0.8115,-1.0516,-1.1894,-1.1872,-1.1036,-1.0004,-0.4829,-0.4808,-0.4771,-0.4717,-0.4643,-0.4548,-0.4434,-0.4308,-0.4178,-0.4059,-0.3966,-0.3917,-0.3926,-0.3997,-0.4121,-0.4279,-0.445,-0.4578,-0.452,-0.4037,-0.2911,-0.1427,-0.1084,-0.2,-0.2992,-0.4186,-0.5239,-0.5246,-0.5111,-0.5727,-0.7022,-0.8482,-0.9495,-0.9786,-0.9516,-0.8979,-0.4751,-0.4724,-0.4686,-0.4633,-0.4566,-0.4485,-0.4392,-0.4292,-0.4193,-0.4103,-0.4034,-0.3996,-0.3996,-0.4034,-0.4102,-0.4184,-0.425,-0.4248,-0.4086,-0.3642,-0.285,-0.1961,-0.1732,-0.2297,-0.3059,-0.3812,-0.441,-0.4705,-0.4952,-0.5473,-0.6296,-0.7206,-0.7919,-0.8267,-0.8268,-0.8043]}]