docs/data/wind_grid.json
[{"header":{"la1":42.85,"la2":41.18,"lo1":11.55,"lo2":14.05,"nx":36,"ny":24,"dx":0.07143,"dy":0.07261,"parameterCategory":2,"parameterNumber":2,"parameterNumberName":"eastward_wind","parameterUnit":"m.s-1"},"data":[1.2943,1.2676,1.2385,1.208,1.178,1.1514,1.1322,1.1245,1.1313,1.1527,1.1859,1.2263,1.2694,1.3117,1.3509,1.3857,1.4157,1.4408,1.4612,1.4777,1.4908,1.5013,1.5095,1.5157,1.52,1.5227,1.5238,1.5237,1.5226,1.5206,1.518,1.5149,1.5116,1.5082,1.5048,1.5016,1.2846,1.2523,1.2156,1.1751,1.1327,1.0923,1.0603,1.0444,1.0508,1.0801,1.127,1.1829,1.2404,1.2946,1.343,1.3847,1.4195,1.4474,1.4693,1.4863,1.4995,1.51,1.5181,1.5241,1.528,1.53,1.5304,1.5293,1.5271,1.5241,1.5205,1.5165,1.5122,1.508,1.5039,1.5,1.2781,1.2399,1.1944,1.1412,1.0815,1.0196,0.9653,0.9331,0.9371,0.9801,1.0502,1.1305,1.2082,1.2776,1.337,1.3865,1.4263,1.457,1.4796,1.4963,1.5092,1.5196,1.5277,1.5335,1.5369,1.5382,1.5375,1.5352,1.5318,1.5275,1.5226,1.5175,1.5122,1.5071,1.5022,1.4976,1.2766,1.2328,1.1782,1.1103,1.0278,0.9334,0.8392,0.7732,0.7698,0.8386,0.9509,1.0697,1.1749,1.2624,1.3338,1.3916,1.4367,1.4694,1.4913,1.5064,1.5186,1.5295,1.5382,1.5441,1.547,1.5472,1.5451,1.5414,1.5364,1.5306,1.5243,1.5178,1.5113,1.5051,1.4994,1.4941,1.2819,1.2342,1.1719,1.0896,0.9808,0.8411,0.6788,0.5405,0.5152,0.6385,0.8299,1.0066,1.1452,1.2513,1.3342,1.3999,1.4501,1.4836,1.5017,1.5132,1.5257,1.5391,1.5497,1.5561,1.5584,1.5571,1.5533,1.5477,1.5408,1.5331,1.5251,1.517,1.5092,1.5019,1.4952,1.4893,1.2959,1.2473,1.1812,1.0892,0.9581,0.7697,0.5102,0.2306,0.1466,0.3862,0.7115,0.9583,1.1268,1.2466,1.3379,1.4104,1.465,1.4965,1.5047,1.5106,1.5287,1.5492,1.5636,1.5706,1.5715,1.5681,1.5619,1.5538,1.5445,1.5347,1.5247,1.5149,1.5055,1.497,1.4893,1.4826,1.3197,1.2744,1.211,1.1195,0.9824,0.77,0.439,0.0023,-0.1715,0.2243,0.6667,0.9483,1.1258,1.2485,1.3431,1.421,1.4802,1.5075,1.4997,1.5023,1.5346,1.5657,1.583,1.5887,1.5867,1.58,1.5704,1.5592,1.5472,1.5348,1.5225,1.5107,1.4997,1.4898,1.4811,1.4738,1.353,1.3156,1.2627,1.1847,1.0658,0.8799,0.5935,0.2284,0.092,0.399,0.7393,0.9766,1.1374,1.2522,1.3459,1.4306,1.5,1.5331,1.5252,1.5313,1.5685,1.5991,1.6118,1.6116,1.604,1.5923,1.5784,1.5635,1.5482,1.5329,1.518,1.5039,1.4911,1.4797,1.47,1.4622,1.3939,1.3686,1.3329,1.2798,1.1979,1.0697,0.8814,0.6661,0.5479,0.6084,0.7984,1.0016,1.1469,1.2464,1.337,1.4369,1.5335,1.5976,1.6185,1.6287,1.6457,1.6546,1.6508,1.6386,1.6221,1.6038,1.5848,1.5656,1.5466,1.5281,1.5103,1.4937,1.4788,1.4659,1.4553,1.447,1.4393,1.4287,1.4145,1.3936,1.3588,1.2933,1.1586,0.8879,0.4763,0.3424,0.6919,1.0018,1.144,1.2107,1.2957,1.4314,1.5897,1.7173,1.7758,1.7772,1.7549,1.7257,1.6953,1.6661,1.6386,1.6128,1.5883,1.5646,1.5416,1.5195,1.4984,1.4789,1.4617,1.4471,1.4357,1.4274,1.4853,1.4898,1.4982,1.5124,1.5328,1.5493,1.5041,1.16,0.0039,-0.5333,0.5464,1.0398,1.1268,1.1017,1.1799,1.4017,1.6887,1.9424,2.0386,1.9813,1.8825,1.7986,1.7357,1.688,1.6497,1.6169,1.5872,1.5592,1.5321,1.506,1.4811,1.4582,1.4382,1.422,1.4099,1.4021,1.5277,1.5451,1.5733,1.6191,1.6943,1.8161,1.9921,2.0414,1.0411,0.253,0.8961,1.1939,1.1056,0.8452,0.9488,1.3604,1.8718,2.4144,2.5218,2.245,2.0017,1.851,1.7584,1.6969,1.6514,1.6139,1.5802,1.5483,1.5171,1.4865,1.4569,1.4296,1.4062,1.3881,1.376,1.3696,1.563,1.5894,1.6302,1.6952,1.8026,1.9872,2.3043,2.6934,2.2889,1.5125,1.3834,1.4527,1.2897,0.7366,0.8396,1.4243,2.0831,3.1098,3.13,2.4297,2.0426,1.8514,1.7493,1.6869,1.6411,1.6023,1.5663,1.5312,1.4958,1.4597,1.4238,1.3904,1.3625,1.3425,1.3312,1.3279,1.5894,1.6197,1.6643,1.7316,1.8357,1.9987,2.2366,2.4748,2.2777,1.7757,1.5962,1.6726,1.6723,1.3158,1.3378,1.6781,2.1198,2.6769,2.7444,2.2617,1.9349,1.7749,1.7009,1.6566,1.6189,1.582,1.5452,1.5076,1.4677,1.4245,1.3793,1.3367,1.3022,1.2802,1.2716,1.2743,1.607,1.6367,1.6778,1.7348,1.8133,1.9163,2.0284,2.0778,1.9485,1.7468,1.6659,1.6648,1.6407,1.7706,1.6263,2.0176,2.4039,2.2241,2.1453,1.9244,1.6998,1.621,1.6207,1.6132,1.5882,1.5538,1.5165,1.4774,1.433,1.38,1.3201,1.2619,1.2172,1.1939,1.1922,1.2064,1.6171,1.6435,1.6773,1.7199,1.7708,1.8245,1.8634,1.8558,1.7866,1.7099,1.6854,1.7651,1.7275,1.6954,1.7329,2.0041,2.2564,2.0552,1.8921,1.6782,1.403,1.4305,1.5428,1.5728,1.5536,1.5164,1.4784,1.441,1.3939,1.3269,1.2416,1.1556,1.0946,1.0734,1.0875,1.1224,1.6218,1.6439,1.6701,1.6999,1.731,1.7577,1.7701,1.7589,1.7274,1.6985,1.6894,1.7194,1.7439,1.7517,1.7532,1.8384,1.9042,1.8514,1.767,1.6278,1.3663,1.4077,1.5269,1.5497,1.5147,1.462,1.4235,1.3987,1.356,1.2691,1.1387,1.0019,0.9159,0.9072,0.9549,1.025,1.6231,1.641,1.6608,1.6816,1.701,1.7156,1.7211,1.7157,1.7037,1.6948,1.6964,1.7121,1.7458,1.7574,1.756,1.7791,1.7919,1.7518,1.7054,1.7032,1.6034,1.561,1.5673,1.5395,1.4634,1.3694,1.3332,1.3518,1.3314,1.218,1.0123,0.7873,0.6688,0.6975,0.8056,0.926,1.6225,1.637,1.6521,1.6671,1.6803,1.6898,1.6943,1.6938,1.6911,1.6904,1.6953,1.7074,1.7251,1.7416,1.7682,1.7785,1.7714,1.7596,1.7559,1.8181,1.7444,1.6605,1.6036,1.5354,1.4113,1.2285,1.1889,1.3202,1.3433,1.1968,0.8931,0.5507,0.4043,0.498,0.6805,0.8509,1.6211,1.6328,1.6448,1.6562,1.6661,1.6736,1.6784,1.6808,1.6826,1.6857,1.692,1.7024,1.7167,1.7359,1.7622,1.7716,1.7703,1.8032,1.9335,1.9979,1.8194,1.6946,1.6186,1.5498,1.437,1.2292,1.1842,1.4204,1.4281,1.2363,0.8702,0.464,0.3068,0.4315,0.6427,0.8296,1.6193,1.6291,1.6388,1.648,1.6561,1.6628,1.668,1.6721,1.676,1.6809,1.6877,1.6972,1.7096,1.725,1.7411,1.7514,1.7625,1.7982,1.8723,1.8884,1.7749,1.6633,1.6042,1.5765,1.5596,1.6071,1.8227,1.7775,1.5846,1.3362,0.9936,0.6449,0.4901,0.5598,0.7184,0.8728,1.6174,1.6258,1.634,1.6418,1.6489,1.6551,1.6605,1.6653,1.6703,1.6759,1.6827,1.6912,1.7014,1.7128,1.724,1.7336,1.7445,1.7622,1.7792,1.7593,1.6771,1.577,1.5454,1.5761,1.6405,1.8182,2.0673,1.9479,1.6861,1.4354,1.1666,0.918,0.7818,0.7827,0.8621,0.961,1.6156,1.6229,1.63,1.6369,1.6433,1.6491,1.6545,1.6597,1.6649,1.6706,1.6771,1.6845,1.6926,1.7012,1.7092,1.7162,1.7223,1.7263,1.7203,1.6876,1.6142,1.5212,1.5002,1.5592,1.6412,1.7641,1.8727,1.8263,1.6695,1.4863,1.2974,1.1288,1.0203,0.9879,1.012,1.0628,1.6138,1.6203,1.6267,1.6328,1.6386,1.6442,1.6494,1.6546,1.6597,1.6652,1.671,1.6773,1.6837,1.6901,1.6956,1.6998,1.7015,1.6986,1.6859,1.656,1.6055,1.5512,1.5372,1.5713,1.6242,1.6848,1.7242,1.7008,1.6167,1.501,1.3761,1.2624,1.1803,1.1402,1.1368,1.1569]},{"header":{"la1":42.85,"la2":41.18,"lo1":11.55,"lo2":14.05,"nx":36,"ny":24,"dx":0.07143,"dy":0.07261,"parameterCategory":2,"parameterNumber":3,"parameterNumberName":"northward_wind","parameterUnit":"m.s-1"},"data":[0.6836,0.6535,0.6198,0.5832,0.5452,0.5086,0.4772,0.4549,0.4439,0.4432,0.4489,0.4554,0.4578,0.4529,0.44,0.4205,0.3974,0.3759,0.3612,0.3578,0.367,0.3872,0.4153,0.4475,0.4808,0.5134,0.5442,0.5728,0.5989,0.6227,0.6442,0.6638,0.6816,0.6977,0.7123,0.7256,0.6839,0.649,0.6083,0.5621,0.5118,0.4613,0.417,0.3865,0.3755,0.383,0.4013,0.4198,0.4301,0.4274,0.4107,0.382,0.346,0.3108,0.2862,0.2801,0.2944,0.3253,0.3658,0.4098,0.4531,0.4936,0.5304,0.5635,0.593,0.6193,0.6428,0.6639,0.6827,0.6997,0.715,0.7288,0.6881,0.6483,0.5996,0.5411,0.4733,0.4005,0.3326,0.2855,0.2735,0.2969,0.3394,0.3798,0.4035,0.4046,0.3825,0.3396,0.2824,0.2235,0.1812,0.1716,0.1971,0.2474,0.3081,0.3691,0.4254,0.4752,0.5186,0.5563,0.5892,0.6179,0.6432,0.6656,0.6854,0.7031,0.719,0.7331,0.6977,0.6537,0.5971,0.5244,0.4332,0.325,0.2133,0.1295,0.1121,0.1681,0.2585,0.3373,0.3819,0.3883,0.3587,0.2954,0.2042,0.1028,0.0275,0.0142,0.0652,0.1516,0.2443,0.3286,0.4004,0.4603,0.5103,0.5524,0.5882,0.619,0.6458,0.6692,0.6898,0.7081,0.7243,0.7387,0.7148,0.6685,0.6059,0.5198,0.4014,0.2429,0.052,-0.1162,-0.1548,-0.0271,0.1589,0.3002,0.372,0.3837,0.3446,0.2557,0.1145,-0.0618,-0.2021,-0.216,-0.1074,0.0437,0.1825,0.2946,0.3824,0.4516,0.5071,0.5526,0.5907,0.623,0.6508,0.6749,0.696,0.7147,0.7311,0.7457,0.7406,0.6956,0.6319,0.5387,0.3986,0.1854,-0.124,-0.47,-0.5775,-0.2906,0.0682,0.2891,0.3836,0.3956,0.3467,0.2339,0.0361,-0.2527,-0.5131,-0.5164,-0.2951,-0.0499,0.1399,0.2767,0.3764,0.4517,0.5105,0.5579,0.5971,0.6301,0.6584,0.6829,0.7043,0.723,0.7395,0.754,0.7757,0.7367,0.6794,0.5919,0.4517,0.2166,-0.1815,-0.744,-0.9757,-0.4524,0.0786,0.3358,0.4238,0.4243,0.3674,0.2468,0.0233,-0.3494,-0.7357,-0.7212,-0.3863,-0.075,0.1394,0.2841,0.3863,0.4622,0.5211,0.5684,0.6074,0.6403,0.6686,0.6931,0.7144,0.7332,0.7496,0.7639,0.8188,0.7904,0.748,0.6816,0.573,0.387,0.0654,-0.3976,-0.576,-0.1243,0.2829,0.4506,0.486,0.4604,0.3986,0.293,0.109,-0.1939,-0.5145,-0.5186,-0.253,0.0054,0.1898,0.3185,0.4119,0.4826,0.5383,0.5836,0.6214,0.6535,0.6813,0.7055,0.7266,0.7451,0.7613,0.7753,0.8673,0.8527,0.8308,0.7965,0.7409,0.6502,0.5131,0.3664,0.3554,0.4961,0.5877,0.5892,0.5429,0.4821,0.4183,0.3399,0.2246,0.0635,-0.0886,-0.111,0.0006,0.1453,0.2708,0.3702,0.4481,0.5101,0.5606,0.6025,0.6382,0.669,0.6961,0.7198,0.7407,0.759,0.7748,0.7884,0.9173,0.9174,0.9173,0.9168,0.915,0.9103,0.9029,0.9089,0.9622,0.9722,0.8437,0.6912,0.5584,0.4594,0.3996,0.3511,0.2834,0.2016,0.1409,0.1353,0.1865,0.2669,0.3502,0.4247,0.4879,0.5408,0.5854,0.6235,0.6567,0.6862,0.7125,0.736,0.7567,0.7748,0.7903,0.8034,0.9648,0.978,0.997,1.025,1.0659,1.1222,1.1835,1.2133,1.234,1.2559,0.9933,0.7249,0.5041,0.3532,0.3205,0.3182,0.2658,0.1855,0.155,0.1949,0.2656,0.3406,0.4106,0.4724,0.5256,0.5711,0.6102,0.6446,0.6756,0.704,0.7301,0.7538,0.7747,0.7928,0.8079,0.8204,1.0065,1.0296,1.0622,1.1096,1.179,1.279,1.4069,1.4886,1.3555,1.2298,0.9968,0.7105,0.4025,0.0987,0.1898,0.2705,0.1873,-0.0052,-0.0305,0.1321,0.2793,0.3799,0.4529,0.5106,0.5582,0.598,0.6324,0.6636,0.6931,0.7214,0.7483,0.7731,0.795,0.8134,0.8283,0.8398,1.0405,1.0694,1.1092,1.1651,1.2454,1.3622,1.5257,1.6871,1.5552,1.2545,0.9864,0.732,0.4634,0.0621,0.1922,0.2581,0.0946,-0.3343,-0.3309,0.065,0.292,0.4085,0.4828,0.5395,0.584,0.6193,0.6494,0.6779,0.7071,0.7372,0.7669,0.7946,0.8185,0.8376,0.852,0.8621,1.0664,1.0974,1.1382,1.1928,1.2666,1.3658,1.4893,1.5978,1.5202,1.2826,1.0646,0.7891,0.6435,0.0549,0.3668,0.2223,-0.0227,-0.1529,-0.1172,0.1763,0.3422,0.4245,0.4956,0.5575,0.6019,0.632,0.6565,0.683,0.7145,0.7499,0.7861,0.8193,0.8467,0.867,0.8804,0.8882,1.0849,1.1152,1.1531,1.2006,1.2592,1.3279,1.3969,1.435,1.4038,1.3621,1.3472,1.2191,0.9896,1.239,0.6313,-0.0705,-0.7799,-0.0636,0.2593,0.3674,0.3329,0.3573,0.4718,0.5644,0.6108,0.6299,0.6451,0.6712,0.7107,0.7584,0.8071,0.8502,0.883,0.9041,0.915,0.9187,1.0974,1.1254,1.1589,1.1982,1.2427,1.2896,1.3321,1.3635,1.4021,1.5328,1.8348,1.878,1.5624,1.169,0.8574,0.1866,-0.3711,0.2726,0.6407,0.4985,0.0293,0.1163,0.4285,0.5764,0.6094,0.598,0.5961,0.6286,0.6897,0.7627,0.8336,0.8924,0.9325,0.9525,0.9574,0.9538,1.1054,1.1309,1.16,1.1926,1.2279,1.2644,1.301,1.343,1.4145,1.568,1.8019,1.7438,1.6884,1.6521,1.2208,0.9075,0.7989,1.1265,1.365,0.8872,0.0267,0.1439,0.5107,0.6242,0.5837,0.4965,0.467,0.5318,0.6463,0.7658,0.872,0.954,1.0015,1.0152,1.0078,0.9924,1.1105,1.1334,1.1589,1.1868,1.2168,1.2486,1.2836,1.3273,1.3909,1.4812,1.5633,1.5879,1.692,1.7104,1.5404,1.4953,1.4671,1.9456,2.451,1.7134,0.9953,0.7588,0.7669,0.6999,0.4974,0.2434,0.1791,0.36,0.5894,0.7777,0.9286,1.04,1.0921,1.0895,1.0615,1.0303,1.1135,1.1342,1.1569,1.1815,1.208,1.2366,1.2689,1.3075,1.3552,1.4094,1.4579,1.4986,1.5537,1.6302,1.9319,2.0745,1.7844,2.0619,2.3755,2.1981,1.6912,1.2647,1.0218,0.7788,0.3739,-0.1938,-0.3081,0.1811,0.5747,0.8137,0.9944,1.1309,1.1815,1.1554,1.1052,1.0599,1.115,1.1339,1.1544,1.1764,1.2002,1.2261,1.2547,1.2873,1.324,1.363,1.4019,1.4438,1.5039,1.6284,1.8955,1.988,1.8347,2.0196,2.5638,2.7906,2.0467,1.5219,1.2109,0.9111,0.4625,-0.2146,-0.3536,0.3684,0.7128,0.8855,1.0361,1.1658,1.2116,1.1778,1.122,1.0738,1.1154,1.1328,1.1514,1.1714,1.1929,1.2161,1.2414,1.2691,1.2993,1.3314,1.3661,1.4072,1.4655,1.5577,1.6755,1.7344,1.7614,1.9323,2.2699,2.3502,1.938,1.5887,1.3764,1.1312,0.8476,0.7564,1.1572,1.1356,0.9946,0.9841,1.0474,1.1288,1.1664,1.1491,1.1097,1.0713,1.1151,1.131,1.1481,1.1663,1.1858,1.2067,1.2291,1.2533,1.2793,1.3074,1.3387,1.376,1.4238,1.4849,1.5502,1.6035,1.6624,1.7661,1.8837,1.8779,1.723,1.6263,1.5796,1.3699,1.1642,1.275,1.6523,1.475,1.1829,1.0684,1.0584,1.0874,1.1089,1.1051,1.0846,1.0597,1.1141,1.1288,1.1445,1.1612,1.1789,1.1977,1.2178,1.2393,1.2623,1.2872,1.315,1.3471,1.385,1.4284,1.4738,1.5184,1.5671,1.6231,1.6653,1.6584,1.6273,1.6762,1.7036,1.5014,1.3009,1.2964,1.399,1.3458,1.2019,1.107,1.0721,1.0702,1.0753,1.0732,1.0623,1.047,1.1125,1.1262,1.1406,1.1559,1.1721,1.1892,1.2073,1.2265,1.247,1.2692,1.2935,1.3206,1.3509,1.3839,1.4182,1.4528,1.4877,1.5203,1.5422,1.5486,1.5601,1.603,1.6011,1.4732,1.3305,1.2703,1.2647,1.234,1.1708,1.1138,1.0806,1.0666,1.0613,1.0563,1.0482,1.0375]}]