docs/data/wind_grid.json
[{"header":{"la1":42.85,"la2":41.18,"lo1":11.55,"lo2":14.05,"nx":36,"ny":24,"dx":0.07143,"dy":0.07261,"parameterCategory":2,"parameterNumber":2,"parameterNumberName":"eastward_wind","parameterUnit":"m.s-1"},"data":[2.217,2.2199,2.2229,2.2261,2.229,2.2316,2.2332,2.2335,2.2321,2.2285,2.2225,2.214,2.2027,2.1887,2.172,2.1534,2.1343,2.1168,2.1033,2.0956,2.0941,2.0978,2.1049,2.1133,2.1218,2.1294,2.1357,2.1407,2.1445,2.1471,2.1489,2.1499,2.1504,2.1505,2.1503,2.15,2.2176,2.2211,2.225,2.2292,2.2334,2.2373,2.2403,2.2416,2.2408,2.2371,2.2305,2.2206,2.2071,2.1898,2.1683,2.1432,2.1164,2.0912,2.0722,2.063,2.0641,2.073,2.0859,2.0998,2.1125,2.1231,2.1315,2.1377,2.1422,2.1452,2.147,2.148,2.1484,2.1483,2.148,2.1475,2.2177,2.2218,2.2266,2.2321,2.238,2.2438,2.2487,2.2517,2.2517,2.2481,2.2406,2.2293,2.2135,2.1924,2.1649,2.1307,2.0917,2.0534,2.025,2.014,2.0211,2.04,2.063,2.0849,2.1032,2.1174,2.128,2.1354,2.1405,2.1436,2.1454,2.1462,2.1463,2.146,2.1454,2.1447,2.217,2.2218,2.2275,2.2344,2.2423,2.2508,2.2586,2.2641,2.2654,2.2616,2.2532,2.2403,2.2224,2.1975,2.1631,2.1167,2.0586,1.9969,1.9506,1.9381,1.9593,1.9976,2.0371,2.0702,2.0953,2.1134,2.126,2.1343,2.1395,2.1425,2.144,2.1443,2.144,2.1433,2.1424,2.1415,2.2154,2.2205,2.2271,2.2355,2.2458,2.2577,2.2698,2.2793,2.2824,2.2777,2.2677,2.2536,2.2343,2.2068,2.166,2.1051,2.0188,1.9148,1.8323,1.8205,1.8745,1.9484,2.0122,2.059,2.091,2.1123,2.126,2.1345,2.1395,2.1419,2.1427,2.1424,2.1415,2.1403,2.1389,2.1377,2.2124,2.2176,2.2248,2.2344,2.2471,2.2628,2.2805,2.2958,2.3008,2.2942,2.2829,2.2688,2.2498,2.2218,2.1776,2.1048,1.9857,1.8153,1.6632,1.6591,1.7791,1.9065,1.9977,2.0563,2.0929,2.1153,2.1288,2.1364,2.1403,2.1416,2.1414,2.1401,2.1384,2.1365,2.1347,2.1331,2.2078,2.2127,2.2197,2.2299,2.2441,2.2633,2.2861,2.3061,2.3115,2.3058,2.2979,2.2861,2.2692,2.2439,2.2022,2.1282,1.9932,1.7683,1.5369,1.5448,1.7351,1.9021,2.0064,2.0673,2.1027,2.123,2.1342,2.1397,2.1417,2.1414,2.1397,2.1372,2.1345,2.1319,2.1295,2.1276,2.2017,2.2053,2.2112,2.2205,2.2349,2.2558,2.2821,2.3045,2.3128,2.3195,2.3192,2.3082,2.293,2.2729,2.24,2.1797,2.0679,1.8783,1.676,1.6702,1.8227,1.9595,2.0444,2.093,2.1202,2.1348,2.1417,2.144,2.1432,2.1407,2.1372,2.1333,2.1294,2.1259,2.1229,2.1207,2.1939,2.1956,2.1989,2.2053,2.2171,2.2378,2.2702,2.3115,2.352,2.3748,2.362,2.3372,2.3206,2.3077,2.2864,2.2468,2.1788,2.0759,1.9711,1.9445,1.9957,2.0578,2.1019,2.1283,2.1424,2.1488,2.15,2.1481,2.1441,2.1389,2.1333,2.1277,2.1225,2.118,2.1145,2.1121,2.185,2.1839,2.1832,2.1841,2.1889,2.2034,2.2414,2.3282,2.4701,2.5266,2.4359,2.3672,2.3495,2.3486,2.3379,2.3123,2.2785,2.238,2.1927,2.1596,2.1498,2.1539,2.1604,2.1643,2.1648,2.1623,2.1574,2.1509,2.1433,2.1352,2.1272,2.1197,2.1131,2.1077,2.1038,2.1013,2.1758,2.1713,2.1656,2.1584,2.1503,2.1451,2.1615,2.2742,2.644,2.8154,2.4982,2.3777,2.3787,2.4056,2.3978,2.3675,2.3554,2.3628,2.3496,2.3038,2.2574,2.226,2.2067,2.1937,2.183,2.1727,2.1621,2.151,2.1398,2.1287,2.1181,2.1085,2.1004,2.0941,2.0899,2.0877,2.1672,2.1595,2.1488,2.1331,2.1092,2.072,2.0189,2.0054,2.3228,2.5766,2.4055,2.3533,2.4059,2.5055,2.4731,2.4026,2.415,2.5106,2.5195,2.4159,2.3255,2.2696,2.2355,2.2125,2.1944,2.1782,2.1626,2.1474,2.1325,2.1182,2.1048,2.0929,2.0832,2.0762,2.0721,2.0707,2.1602,2.1502,2.1359,2.1145,2.0804,2.0226,1.9231,1.7999,1.9303,2.1915,2.2734,2.3193,2.3741,2.5333,2.4922,2.3863,2.4357,2.7061,2.7087,2.4791,2.3492,2.2829,2.2452,2.2194,2.1978,2.1776,2.1579,2.1389,2.1205,2.1028,2.0862,2.0716,2.0601,2.0525,2.049,2.0492,2.1554,2.1444,2.1291,2.1067,2.073,2.0209,1.9453,1.8696,1.9335,2.1028,2.1997,2.3132,2.3408,2.212,2.3088,2.2978,2.3297,2.5345,2.5725,2.4205,2.3178,2.2654,2.2375,2.2159,2.1937,2.1704,2.147,2.1244,2.1026,2.0813,2.0609,2.0427,2.0289,2.021,2.0192,2.0225,2.1531,2.1423,2.128,2.1085,2.0821,2.0478,2.0105,1.9924,2.0273,2.0774,2.0966,2.1348,2.1688,2.121,2.2049,2.1933,2.1324,2.2802,2.3508,2.3092,2.2456,2.2212,2.2176,2.2058,2.1834,2.1559,2.1284,2.1028,2.0782,2.053,2.0272,2.0036,1.9866,1.979,1.9807,1.9894,2.1529,2.1432,2.1309,2.1157,2.0973,2.0773,2.0605,2.0547,2.0573,2.0339,1.9522,1.9365,2.0138,2.1067,2.1579,2.1763,2.1581,2.2364,2.2779,2.2397,2.1514,2.1618,2.1977,2.1949,2.1673,2.1317,2.0993,2.0726,2.0471,2.0178,1.9837,1.9507,1.9284,1.9226,1.9317,1.9497,2.1544,2.1461,2.1361,2.1246,2.112,2.0995,2.089,2.0807,2.0667,2.0274,1.9609,1.9695,1.9385,1.9281,2.111,2.1947,2.2304,2.268,2.2852,2.2465,2.143,2.1594,2.2001,2.1879,2.1429,2.0914,2.0545,2.0325,2.0107,1.9771,1.9292,1.879,1.8483,1.8484,1.8718,1.9049,2.1569,2.15,2.1422,2.1335,2.1244,2.1155,2.1069,2.0974,2.0825,2.0582,2.0327,2.0149,1.9404,1.9412,2.1542,2.2521,2.2771,2.3036,2.3078,2.3156,2.2695,2.2426,2.2299,2.1845,2.105,2.0255,1.9889,1.9841,1.9731,1.9358,1.8662,1.7863,1.744,1.7588,1.8065,1.8602,2.1602,2.1546,2.1484,2.1418,2.1351,2.1283,2.1213,2.1133,2.1029,2.0903,2.0788,2.0705,2.0687,2.1337,2.312,2.3703,2.3213,2.3403,2.3658,2.4493,2.3941,2.329,2.2733,2.1886,2.0624,1.9431,1.9166,1.9381,1.9395,1.9017,1.8087,1.691,1.638,1.6765,1.7528,1.8266,2.1638,2.1594,2.1546,2.1496,2.1446,2.1396,2.1345,2.1291,2.1235,2.1184,2.1166,2.1223,2.1459,2.2105,2.3167,2.3541,2.3412,2.4021,2.5802,2.6602,2.4944,2.408,2.3397,2.2237,2.058,1.9215,1.8971,1.9005,1.9086,1.883,1.7881,1.6565,1.6004,1.6493,1.7359,1.8161,2.1677,2.1642,2.1606,2.1569,2.1533,2.15,2.1468,2.1441,2.1423,2.1424,2.1467,2.1588,2.1841,2.2272,2.2783,2.3124,2.3434,2.4119,2.5227,2.5647,2.5186,2.5145,2.4794,2.3264,2.1051,1.9157,1.7921,1.8135,1.8743,1.8812,1.8173,1.7177,1.6682,1.6984,1.7653,1.8329,2.1715,2.1689,2.1663,2.1638,2.1615,2.1596,2.1582,2.1577,2.1586,2.1619,2.1693,2.1829,2.2046,2.2344,2.2681,2.301,2.339,2.3919,2.4533,2.5033,2.579,2.7344,2.7668,2.5175,2.1889,1.8968,1.7076,1.7649,1.8636,1.8954,1.867,1.8107,1.7754,1.7843,1.8225,1.8689,2.1754,2.1735,2.1717,2.1702,2.169,2.1683,2.1683,2.1695,2.1722,2.1774,2.186,2.1991,2.2175,2.2408,2.2677,2.2975,2.3327,2.376,2.4287,2.5023,2.648,2.8998,2.9697,2.6613,2.2943,2.011,1.8577,1.856,1.9044,1.9275,1.9164,1.8877,1.8658,1.8652,1.8837,1.9116,2.179,2.1778,2.1768,2.1761,2.1758,2.1761,2.1772,2.1795,2.1834,2.1895,2.1983,2.2105,2.2265,2.246,2.2689,2.2953,2.3264,2.3645,2.4141,2.4886,2.6124,2.7697,2.7972,2.6033,2.3446,2.1354,2.0118,1.9704,1.9701,1.9721,1.9629,1.9462,1.9324,1.929,1.937,1.9528]},{"header":{"la1":42.85,"la2":41.18,"lo1":11.55,"lo2":14.05,"nx":36,"ny":24,"dx":0.07143,"dy":0.07261,"parameterCategory":2,"parameterNumber":3,"parameterNumberName":"northward_wind","parameterUnit":"m.s-1"},"data":[1.0428,1.0612,1.0812,1.1024,1.1238,1.1438,1.1604,1.1711,1.1748,1.1721,1.1658,1.1594,1.1562,1.1585,1.167,1.1807,1.1969,1.2114,1.2191,1.2159,1.2005,1.1744,1.1413,1.1049,1.0682,1.0333,1.0011,0.9721,0.9463,0.9235,0.9035,0.8859,0.8705,0.857,0.8451,0.8347,1.0494,1.0708,1.095,1.1219,1.1504,1.1785,1.2026,1.2179,1.2213,1.2134,1.1991,1.1854,1.1778,1.1798,1.1927,1.2152,1.2438,1.2713,1.2885,1.2875,1.2663,1.229,1.1826,1.1338,1.0869,1.044,1.006,0.9729,0.9442,0.9194,0.8981,0.8797,0.8637,0.85,0.838,0.8276,1.0543,1.0789,1.1079,1.1419,1.1805,1.2216,1.2593,1.2843,1.2879,1.2699,1.2406,1.2135,1.1982,1.1991,1.2179,1.2539,1.3029,1.3538,1.3885,1.3908,1.3575,1.2995,1.2316,1.1648,1.1045,1.0522,1.0079,0.9706,0.9392,0.9128,0.8904,0.8715,0.8553,0.8415,0.8297,0.8195,1.0567,1.0842,1.1179,1.16,1.212,1.2734,1.3368,1.3835,1.39,1.3519,1.293,1.2424,1.2147,1.2135,1.2399,1.295,1.377,1.4705,1.5395,1.5457,1.4853,1.3884,1.2861,1.1945,1.1179,1.0556,1.0051,0.9641,0.9307,0.9031,0.8803,0.8612,0.8451,0.8316,0.8201,0.8103,1.0557,1.085,1.1225,1.1721,1.2392,1.3292,1.4389,1.5361,1.5556,1.4734,1.3556,1.2668,1.2229,1.2194,1.2538,1.332,1.4627,1.6335,1.7722,1.7802,1.658,1.4903,1.3374,1.2156,1.1223,1.0509,0.9957,0.9524,0.9179,0.89,0.8673,0.8486,0.8331,0.8202,0.8093,0.8001,1.0507,1.0801,1.1187,1.1721,1.2505,1.3705,1.5487,1.7529,1.8155,1.6353,1.4107,1.2739,1.2173,1.2138,1.2541,1.351,1.5362,1.8258,2.0974,2.0971,1.8502,1.5766,1.3661,1.2171,1.1117,1.0351,0.9781,0.9344,0.9003,0.8733,0.8515,0.8338,0.8193,0.8073,0.7973,0.789,1.0417,1.0691,1.105,1.1551,1.2319,1.3606,1.5864,1.9199,2.0611,1.7323,1.3993,1.2435,1.1946,1.1982,1.2387,1.3343,1.5393,1.9191,2.3365,2.3192,1.939,1.5852,1.345,1.1876,1.0812,1.0062,0.9513,0.91,0.8781,0.853,0.833,0.817,0.8039,0.7932,0.7843,0.777,1.0294,1.0532,1.0829,1.1224,1.1799,1.2745,1.4438,1.7055,1.8064,1.5112,1.2566,1.1687,1.1627,1.1836,1.2174,1.2825,1.4317,1.7308,2.0795,2.0791,1.766,1.4664,1.26,1.1234,1.0303,0.9644,0.916,0.8796,0.8515,0.8296,0.8122,0.7983,0.7871,0.778,0.7706,0.7644,1.0151,1.0348,1.0573,1.0832,1.1135,1.1498,1.1929,1.2235,1.1685,1.0488,1.0226,1.0778,1.1457,1.1936,1.215,1.2286,1.2763,1.3958,1.541,1.5565,1.423,1.261,1.13,1.034,0.9642,0.9128,0.8741,0.8446,0.8218,0.8039,0.7897,0.7785,0.7694,0.7621,0.7563,0.7515,1.0003,1.0167,1.034,1.0504,1.0621,1.0587,1.015,0.8764,0.6132,0.5191,0.768,1.0177,1.1798,1.2637,1.2661,1.212,1.1532,1.1297,1.143,1.1488,1.1146,1.0543,0.9911,0.936,0.8914,0.8562,0.8286,0.8071,0.7902,0.7769,0.7664,0.758,0.7514,0.7461,0.7418,0.7385,0.9858,1.0006,1.0162,1.0313,1.0427,1.0415,0.9985,0.8023,0.1664,-0.1355,0.5893,1.0393,1.2965,1.4417,1.4094,1.2474,1.0633,0.9202,0.8649,0.8778,0.8937,0.8881,0.8679,0.8432,0.8197,0.7993,0.7826,0.7691,0.7583,0.7498,0.7431,0.7378,0.7336,0.7303,0.7277,0.7257,0.9716,0.986,1.0027,1.0226,1.0479,1.083,1.1319,1.1282,0.6525,0.2903,0.7639,1.1481,1.4614,1.7816,1.6585,1.3019,0.9558,0.6547,0.5816,0.6734,0.7402,0.7647,0.7675,0.7619,0.7539,0.7458,0.7387,0.7328,0.7279,0.7241,0.7211,0.7187,0.7168,0.7154,0.7144,0.7137,0.9567,0.9711,0.9892,1.0141,1.0524,1.1184,1.2386,1.3958,1.2245,0.9248,1.0048,1.261,1.4613,1.8844,1.7429,1.2521,0.8312,0.3265,0.306,0.5449,0.6431,0.6753,0.6872,0.6928,0.696,0.6979,0.6992,0.7,0.7006,0.7011,0.7014,0.7017,0.7019,0.7022,0.7025,0.7028,0.9404,0.9537,0.9713,0.9963,1.0349,1.0979,1.1953,1.2976,1.208,0.998,1.0162,1.348,1.4529,1.2226,1.255,1.0454,0.8009,0.5005,0.4304,0.5415,0.5894,0.6067,0.6206,0.6343,0.6467,0.6573,0.666,0.6729,0.6782,0.6822,0.6853,0.6878,0.6898,0.6913,0.6925,0.6935,0.9222,0.9331,0.9474,0.9669,0.9944,1.032,1.0735,1.0835,0.9934,0.8395,0.7675,0.8682,0.9359,0.7187,0.9419,0.8583,0.7995,0.6845,0.5778,0.549,0.5396,0.5444,0.5632,0.5852,0.6066,0.6259,0.6418,0.6537,0.6624,0.6689,0.6741,0.6783,0.6814,0.6837,0.6852,0.6862,0.9022,0.9098,0.919,0.9302,0.9429,0.9539,0.9524,0.9148,0.8111,0.6211,0.3448,0.4364,0.5728,0.7024,0.7472,0.7528,0.7522,0.6401,0.5369,0.4997,0.4915,0.497,0.5183,0.5464,0.5778,0.6077,0.6309,0.646,0.6554,0.6624,0.6686,0.6741,0.6781,0.6803,0.6812,0.6815,0.8812,0.885,0.8888,0.8917,0.8919,0.885,0.8622,0.8099,0.7123,0.5529,0.3584,0.4205,0.3557,0.2995,0.515,0.5608,0.5474,0.4527,0.3734,0.4157,0.4766,0.4776,0.4844,0.516,0.5636,0.6112,0.642,0.6544,0.6588,0.663,0.6693,0.6763,0.6811,0.6823,0.6811,0.6793,0.8601,0.8603,0.8592,0.8557,0.8476,0.8312,0.8012,0.7512,0.677,0.5837,0.5026,0.4501,0.2958,0.2409,0.2919,0.2674,0.3288,0.2426,0.1193,0.2763,0.382,0.416,0.4363,0.4859,0.5691,0.6523,0.6879,0.6827,0.6719,0.6689,0.6749,0.6852,0.6913,0.6898,0.6845,0.6792,0.8397,0.8368,0.832,0.824,0.8111,0.7908,0.7604,0.7174,0.6622,0.5998,0.5386,0.4727,0.3839,0.2686,-0.0475,-0.1797,0.1575,0.2069,0.1569,0.2223,0.2798,0.3161,0.3528,0.4384,0.5856,0.7337,0.7658,0.7214,0.6895,0.6766,0.6818,0.6975,0.7056,0.6997,0.6888,0.6794,0.8204,0.8152,0.8076,0.7968,0.7816,0.7603,0.7316,0.6948,0.6506,0.601,0.5471,0.4841,0.3992,0.2544,-0.0086,-0.0883,0.1384,0.2198,0.2008,0.1913,0.1992,0.176,0.1962,0.3294,0.5527,0.7495,0.7848,0.7435,0.7061,0.6826,0.6838,0.7021,0.7115,0.7031,0.6889,0.6773,0.8027,0.7957,0.7863,0.7739,0.7577,0.7366,0.71,0.6777,0.6398,0.5969,0.5483,0.4904,0.4153,0.3127,0.1985,0.1613,0.2082,0.2269,0.2025,0.1716,0.0679,-0.1153,-0.1528,0.0823,0.4273,0.6882,0.8157,0.7935,0.7254,0.6844,0.6769,0.6898,0.6984,0.6928,0.6812,0.6708,0.7865,0.7783,0.7678,0.7546,0.7381,0.7177,0.693,0.6638,0.6302,0.592,0.5485,0.4979,0.4379,0.37,0.3073,0.2713,0.2564,0.2299,0.1737,0.0584,-0.2314,-0.7231,-0.8526,-0.3472,0.2395,0.6634,0.8839,0.8274,0.7263,0.6751,0.6617,0.6675,0.6741,0.673,0.6668,0.6603,0.772,0.7629,0.7518,0.7382,0.7218,0.7023,0.6792,0.6526,0.6222,0.5879,0.5493,0.5059,0.4578,0.4072,0.3598,0.3197,0.2806,0.2258,0.1304,-0.0626,-0.4825,-1.1569,-1.3355,-0.6613,0.043,0.4993,0.712,0.7253,0.6781,0.6472,0.6387,0.6426,0.6485,0.6509,0.6498,0.6475,0.759,0.7494,0.7379,0.7243,0.7083,0.6896,0.668,0.6434,0.6157,0.5848,0.5505,0.5129,0.4723,0.4301,0.3878,0.3447,0.2949,0.2257,0.1141,-0.0832,-0.4239,-0.843,-0.9322,-0.5252,-0.0256,0.3327,0.5259,0.5951,0.6065,0.6064,0.6099,0.6172,0.6247,0.63,0.6328,0.6342]}]