docs/data/wind_grid.json
[{"header":{"la1":42.85,"la2":41.18,"lo1":11.55,"lo2":14.05,"nx":36,"ny":24,"dx":0.07143,"dy":0.07261,"parameterCategory":2,"parameterNumber":2,"parameterNumberName":"eastward_wind","parameterUnit":"m.s-1"},"data":[3.2214,3.2376,3.2541,3.2701,3.2841,3.2935,3.2952,3.2855,3.2613,3.2212,3.1657,3.0969,3.0166,2.9266,2.829,2.727,2.6268,2.537,2.4675,2.4254,2.4118,2.4218,2.4471,2.4793,2.5122,2.5421,2.567,2.5865,2.6008,2.6106,2.6165,2.6193,2.6199,2.6188,2.6167,2.614,3.2409,3.2618,3.2844,3.308,3.3313,3.3511,3.3626,3.3594,3.3359,3.2897,3.2226,3.1384,3.0404,2.9297,2.807,2.6746,2.5398,2.4171,2.3247,2.2767,2.2746,2.3071,2.3582,2.4137,2.4651,2.5084,2.5425,2.5678,2.5856,2.5971,2.6036,2.6064,2.6065,2.6047,2.6018,2.5984,3.2591,3.2849,3.3144,3.3475,3.3835,3.4191,3.4473,3.457,3.4365,3.3811,3.2963,3.1913,3.0715,2.9367,2.7832,2.6092,2.4218,2.2439,2.1124,2.0582,2.0824,2.1579,2.252,2.3421,2.418,2.4773,2.5212,2.5521,2.5727,2.5852,2.5916,2.5936,2.5926,2.5897,2.5856,2.5812,3.2746,3.3053,3.342,3.3859,3.4381,3.4969,3.554,3.5896,3.5768,3.5047,3.3899,3.2554,3.1105,2.9503,2.7625,2.5344,2.266,1.9906,1.7859,1.7272,1.8119,1.9694,2.133,2.2711,2.3766,2.4529,2.506,2.5412,2.5632,2.5754,2.5806,2.5809,2.578,2.5732,2.5676,2.5619,3.2863,3.3211,3.364,3.4184,3.4887,3.5784,3.6833,3.7718,3.7785,3.6709,3.501,3.3253,3.1551,2.9742,2.7554,2.4658,2.0802,1.6303,1.2779,1.2246,1.4471,1.7532,2.0187,2.2145,2.3499,2.4407,2.4998,2.5366,2.5577,2.5678,2.5702,2.5676,2.5619,2.5546,2.5469,2.5396,3.2931,3.3303,3.3772,3.4389,3.5238,3.6451,3.8148,4.0026,4.0561,3.8706,3.6079,3.3862,3.1999,3.0121,2.7786,2.4402,1.9212,1.2006,0.5652,0.5466,1.0416,1.5679,1.9473,2.1932,2.3487,2.4458,2.5051,2.5392,2.5564,2.562,2.5599,2.553,2.5434,2.5329,2.5226,2.5135,3.2944,3.3318,3.3792,3.442,3.5305,3.6643,3.8762,4.1674,4.2873,3.9959,3.6544,3.4176,3.2391,3.0662,2.847,2.5081,1.9291,0.9928,0.0408,0.0727,0.8514,1.5378,1.9708,2.2281,2.3808,2.471,2.5225,2.5488,2.5585,2.557,2.5485,2.5358,2.5212,2.5066,2.4933,2.4821,3.2902,3.3258,3.3701,3.4273,3.5052,3.6182,3.7898,4.0171,4.1003,3.8673,3.6055,3.4175,3.273,3.1351,2.9598,2.6839,2.2065,1.4238,0.601,0.5772,1.1962,1.7574,2.1133,2.3234,2.4456,2.5146,2.55,2.5635,2.5622,2.5512,2.5341,2.514,2.4932,2.4738,2.457,2.4438,3.2813,3.3137,3.3526,3.4004,3.4606,3.538,3.6353,3.7325,3.7599,3.6808,3.5466,3.4135,3.3078,3.2145,3.0962,2.911,2.6146,2.1851,1.7602,1.6569,1.8713,2.1364,2.3331,2.4583,2.5316,2.5696,2.5832,2.58,2.5648,2.5418,2.5142,2.4851,2.4569,2.4318,2.4114,2.3964,3.2687,3.2973,3.3305,3.3691,3.4142,3.4669,3.5302,3.612,3.7123,3.7219,3.5676,3.4219,3.3464,3.3032,3.2367,3.1193,2.9565,2.7625,2.5716,2.4563,2.4481,2.499,2.5568,2.5991,2.6218,2.6264,2.6162,2.5941,2.5631,2.5259,2.4857,2.4455,2.4085,2.3772,2.3531,2.3369,3.2534,3.2782,3.3063,3.338,3.3737,3.4141,3.4658,3.5674,3.8588,4.0012,3.6167,3.4158,3.3873,3.4163,3.386,3.2816,3.185,3.1263,3.0464,2.9238,2.8204,2.7632,2.7362,2.7194,2.7013,2.6765,2.6433,2.6018,2.5532,2.4997,2.4443,2.3909,2.3434,2.305,2.2776,2.2617,3.2359,3.2571,3.281,3.3078,3.3381,3.3725,3.4125,3.46,3.6258,3.7634,3.4905,3.3588,3.4193,3.5721,3.5759,3.3876,3.3258,3.4293,3.417,3.2153,3.0385,2.9282,2.859,2.8081,2.7621,2.714,2.6603,2.5996,2.5321,2.4593,2.3852,2.3151,2.2546,2.2085,2.179,2.166,3.2169,3.2345,3.2542,3.2766,3.3025,3.3335,3.3727,3.481,3.3499,3.3727,3.2908,3.2624,3.342,3.6897,3.7076,3.3711,3.3648,3.7509,3.7491,3.3633,3.1361,3.0127,2.932,2.8658,2.8025,2.7367,2.6651,2.5854,2.4967,2.4005,2.3019,2.2093,2.1322,2.0779,2.049,2.0435,3.1965,3.2104,3.2255,3.2426,3.2621,3.2844,3.3035,3.2778,3.2581,3.195,3.1283,3.1994,3.2266,3.0449,3.244,3.1817,3.1854,3.4844,3.5368,3.2929,3.1322,3.0409,2.9699,2.8993,2.8249,2.7451,2.6576,2.5588,2.4456,2.3188,2.1857,2.0608,1.9611,1.8988,1.8761,1.8869,3.1754,3.1852,3.1953,3.2057,3.216,3.2247,3.2262,3.2057,3.1381,3.0075,2.8928,2.8919,2.931,2.8117,3.0035,2.9677,2.849,3.0799,3.1885,3.147,3.0914,3.0492,2.9916,2.917,2.8323,2.7405,2.6394,2.5218,2.3797,2.2106,2.025,1.8497,1.7175,1.6498,1.6459,1.6886,3.1542,3.16,3.1649,3.1682,3.1685,3.1627,3.1437,3.0967,2.997,2.8184,2.585,2.4893,2.6342,2.8064,2.8998,2.9237,2.8845,2.9918,3.0565,3.074,3.0852,3.0697,3.0074,2.9222,2.8259,2.7245,2.6149,2.4818,2.3053,2.0745,1.8038,1.5441,1.3638,1.3015,1.3424,1.4442,3.1336,3.1358,3.136,3.1333,3.1254,3.1089,3.0772,3.0196,2.921,2.7679,2.5973,2.578,2.4883,2.4584,2.7975,2.9341,2.9675,2.9775,2.9828,3.0366,3.0849,3.0717,3.0063,2.9125,2.8052,2.7002,2.5945,2.4536,2.2366,1.9157,1.5039,1.0983,0.8488,0.8233,0.9597,1.1613,3.1143,3.1136,3.1103,3.1032,3.0904,3.0689,3.0344,2.9812,2.9053,2.8109,2.7257,2.6607,2.4886,2.4782,2.8611,3.0175,3.009,2.9302,2.8361,2.9983,3.0658,3.0526,2.9934,2.8925,2.7731,2.6768,2.5982,2.4573,2.1931,1.7531,1.1241,0.4777,0.1428,0.2243,0.5311,0.8746,3.0969,3.094,3.0883,3.0789,3.0641,3.0421,3.0106,2.9678,2.9144,2.856,2.8035,2.76,2.7317,2.8308,3.1365,3.2355,3.0834,2.9947,2.967,3.1621,3.1435,3.0828,3.0028,2.881,2.7411,2.6727,2.6494,2.485,2.1753,1.6295,0.7536,-0.1976,-0.6023,-0.34,0.1732,0.6564,3.0815,3.0772,3.0704,3.0601,3.0455,3.0255,2.9992,2.9668,2.9301,2.8936,2.8639,2.8495,2.8694,2.9648,3.1407,3.1977,3.1172,3.1334,3.3541,3.4658,3.2567,3.1525,3.0598,2.9059,2.7216,2.6535,2.6445,2.4256,2.1483,1.6064,0.6417,-0.4461,-0.8731,-0.5282,0.062,0.5905,3.0682,3.0632,3.056,3.046,3.0326,3.0156,2.9948,2.971,2.9462,2.9239,2.9091,2.9087,2.9329,2.9897,3.0623,3.1,3.1101,3.1652,3.2918,3.3439,3.2847,3.2764,3.2232,3.0142,2.7196,2.4571,2.2136,2.197,2.1091,1.6969,0.9109,0.0274,-0.3764,-0.1791,0.2666,0.7057,3.0567,3.0516,3.0446,3.0354,3.0238,3.0098,2.9938,2.9766,2.9601,2.9468,2.9402,2.9444,2.9631,2.9962,3.0348,3.067,3.0977,3.1457,3.2106,3.2675,3.3592,3.5551,3.5922,3.25,2.7845,2.3382,2.0268,2.0962,2.1033,1.8309,1.3099,0.7332,0.4031,0.4253,0.6588,0.9467,3.0469,3.0419,3.0354,3.0273,3.0176,3.0064,2.9942,2.9819,2.971,2.9631,2.9606,2.9656,2.9794,3.001,3.0269,3.0543,3.0854,3.1262,3.181,3.2653,3.4452,3.7694,3.8608,3.4364,2.9106,2.483,2.2379,2.1958,2.149,1.9583,1.6334,1.279,1.0379,0.9805,1.0686,1.2272,3.0384,3.0337,3.0279,3.0209,3.0129,3.004,2.9948,2.9861,2.9787,2.9741,2.9735,2.9782,2.9885,3.004,3.0235,3.0462,3.0737,3.1095,3.1607,3.245,3.3958,3.5953,3.6262,3.3509,2.9712,2.6484,2.4386,2.3271,2.2299,2.0778,1.8659,1.6417,1.4718,1.397,1.4129,1.4886]},{"header":{"la1":42.85,"la2":41.18,"lo1":11.55,"lo2":14.05,"nx":36,"ny":24,"dx":0.07143,"dy":0.07261,"parameterCategory":2,"parameterNumber":3,"parameterNumberName":"northward_wind","parameterUnit":"m.s-1"},"data":[1.1526,1.1611,1.1708,1.1814,1.1919,1.2007,1.2057,1.2041,1.1938,1.174,1.1454,1.109,1.066,1.0172,0.9631,0.9056,0.8486,0.798,0.7609,0.7424,0.744,0.7626,0.7931,0.8299,0.8686,0.9066,0.9423,0.9753,1.0052,1.0323,1.0568,1.0788,1.0986,1.1164,1.1323,1.1464,1.156,1.1669,1.1801,1.1955,1.2124,1.2287,1.2409,1.2443,1.2348,1.2109,1.1746,1.1288,1.0753,1.014,0.9445,0.8674,0.7875,0.7145,0.6613,0.6383,0.6473,0.6814,0.73,0.7836,0.8364,0.8852,0.9292,0.9682,1.0027,1.0332,1.0603,1.0843,1.1057,1.1246,1.1414,1.1563,1.158,1.1713,1.1884,1.2099,1.2358,1.2639,1.2891,1.3025,1.2951,1.2641,1.2152,1.1558,1.0894,1.014,0.9255,0.8215,0.7062,0.5955,0.5148,0.4865,0.5127,0.576,0.6545,0.7329,0.8041,0.866,0.9189,0.9643,1.0033,1.0371,1.0666,1.0925,1.1153,1.1353,1.1529,1.1683,1.1577,1.173,1.1939,1.2223,1.2599,1.3064,1.3553,1.3898,1.3878,1.3421,1.2695,1.1897,1.1085,1.0191,0.91,0.7708,0.6008,0.4229,0.291,0.258,0.3241,0.443,0.5697,0.6824,0.7759,0.8519,0.9138,0.9651,1.0081,1.0447,1.0764,1.1038,1.1278,1.1488,1.167,1.1827,1.1544,1.1707,1.1942,1.2288,1.2796,1.3516,1.4425,1.524,1.5369,1.4563,1.3357,1.2258,1.131,1.0325,0.9059,0.7262,0.4763,0.1786,-0.0557,-0.0875,0.0707,0.2905,0.4876,0.6416,0.7581,0.8469,0.9163,0.9721,1.0181,1.0569,1.0901,1.1188,1.1438,1.1654,1.1841,1.2,1.1476,1.1631,1.1867,1.224,1.2842,1.383,1.5357,1.7147,1.7691,1.6053,1.3955,1.2511,1.1531,1.0581,0.9259,0.7136,0.3713,-0.1122,-0.5406,-0.5516,-0.2104,0.1588,0.4347,0.6252,0.7583,0.855,0.9284,0.9865,1.0341,1.0741,1.1083,1.1379,1.1636,1.1857,1.2046,1.2205,1.1373,1.15,1.17,1.2031,1.261,1.3674,1.5641,1.8618,1.9888,1.693,1.3936,1.246,1.172,1.101,0.9838,0.7689,0.3805,-0.2532,-0.8964,-0.8746,-0.344,0.1328,0.4465,0.6476,0.7825,0.8787,0.9513,1.0088,1.0563,1.0966,1.1313,1.1615,1.1876,1.2101,1.229,1.2447,1.1243,1.1323,1.1452,1.1669,1.2058,1.2803,1.4267,1.6628,1.7552,1.4895,1.2705,1.2038,1.1934,1.1684,1.0856,0.9061,0.5742,0.0356,-0.5213,-0.5372,-0.1169,0.275,0.5387,0.7116,0.8303,0.917,0.9841,1.0386,1.0846,1.1245,1.1593,1.1899,1.2165,1.2392,1.258,1.2732,1.1101,1.1127,1.1168,1.1234,1.1341,1.152,1.1795,1.2,1.1459,1.0453,1.0551,1.1481,1.2368,1.2725,1.229,1.0929,0.8584,0.5374,0.2381,0.1682,0.3206,0.5188,0.6814,0.8029,0.8944,0.966,1.0246,1.0746,1.1184,1.1576,1.1926,1.2238,1.2509,1.2738,1.2923,1.3067,1.0965,1.0942,1.0907,1.0845,1.0725,1.0467,0.9854,0.8361,0.5662,0.4863,0.7979,1.1195,1.3327,1.4368,1.4174,1.2874,1.0923,0.8845,0.72,0.6476,0.6698,0.7419,0.8239,0.8988,0.9636,1.0198,1.0697,1.115,1.1569,1.1957,1.2315,1.2638,1.2918,1.315,1.3332,1.3463,1.0849,1.0792,1.071,1.0584,1.0384,1.0037,0.9314,0.7206,0.0703,-0.242,0.6052,1.1719,1.5089,1.7018,1.6734,1.4717,1.2224,1.0088,0.8877,0.8503,0.859,0.8925,0.9367,0.9834,1.0291,1.0733,1.1162,1.1582,1.1992,1.239,1.2768,1.3111,1.3408,1.3647,1.3821,1.3933,1.0759,1.0685,1.0587,1.0458,1.0298,1.0142,1.0104,0.9806,0.5302,0.2157,0.8111,1.3101,1.7161,2.1053,2.0123,1.6196,1.2339,0.8933,0.7984,0.8751,0.9404,0.9837,1.0189,1.0525,1.087,1.1236,1.1623,1.203,1.2452,1.2879,1.3295,1.3679,1.4004,1.4253,1.4416,1.4497,1.0696,1.0617,1.0522,1.0413,1.0314,1.0315,1.0701,1.2496,0.9817,0.8808,1.0978,1.4104,1.6821,2.2578,2.1633,1.6277,1.1855,0.5738,0.5483,0.8521,0.9901,1.0499,1.083,1.1092,1.1372,1.1697,1.2071,1.2489,1.2947,1.3432,1.3919,1.4372,1.4745,1.5008,1.5149,1.5178,1.0655,1.0578,1.049,1.0398,1.0321,1.0302,1.0349,1.0022,0.9852,1.0102,1.1535,1.4468,1.5372,1.4333,1.6052,1.5075,1.3219,0.8757,0.7668,0.9567,1.0698,1.12,1.1412,1.1578,1.1806,1.2117,1.2503,1.2957,1.348,1.4063,1.4672,1.5242,1.5694,1.5973,1.6067,1.6007,1.063,1.0557,1.0476,1.0391,1.0311,1.0242,1.0163,1.0019,0.9835,0.9631,0.9764,1.1084,1.2041,1.0445,1.3287,1.5232,1.7239,1.323,1.1048,1.1146,1.1835,1.2065,1.1976,1.199,1.218,1.2503,1.2919,1.3426,1.4046,1.4786,1.5602,1.6375,1.6953,1.7239,1.7234,1.7014,1.0617,1.0548,1.0471,1.0389,1.0301,1.0203,1.0075,0.9865,0.9421,0.8254,0.5681,0.782,0.9422,1.1017,1.2156,1.4205,1.5876,1.3234,1.1601,1.1906,1.3193,1.3031,1.2422,1.2295,1.2496,1.2863,1.3318,1.3878,1.4622,1.5605,1.6774,1.7904,1.8684,1.8933,1.8714,1.8217,1.0613,1.0548,1.0474,1.0393,1.0299,1.0185,1.0023,0.9751,0.9204,0.8004,0.6072,0.763,0.9135,0.9557,1.0755,1.1667,1.1987,1.0897,1.0096,1.1366,1.3315,1.3119,1.2505,1.2463,1.2775,1.3215,1.3679,1.426,1.515,1.6495,1.8262,2.0025,2.1106,2.1185,2.053,1.9576,1.0617,1.0555,1.0485,1.0406,1.0312,1.0193,1.0029,0.9776,0.937,0.8791,0.8389,0.879,0.9193,0.9261,0.9269,0.9246,0.9794,0.8527,0.6652,0.9798,1.1793,1.2257,1.2291,1.2544,1.3051,1.3554,1.3933,1.4491,1.5546,1.7372,2.0061,2.2876,2.4338,2.3943,2.2525,2.0932,1.0627,1.0569,1.0503,1.0428,1.0339,1.0229,1.0085,0.9892,0.9644,0.9388,0.9258,0.9322,0.9342,0.8921,0.6902,0.604,0.8632,0.887,0.8416,1.1247,1.1757,1.1866,1.207,1.2566,1.3302,1.3778,1.3921,1.4579,1.5812,1.8049,2.1774,2.5913,2.7693,2.6506,2.4174,2.1958,1.0642,1.0588,1.0528,1.0459,1.0379,1.0284,1.0168,1.0031,0.9878,0.9739,0.9648,0.9586,0.9408,0.8762,0.7182,0.6746,0.8808,1.0463,1.321,1.4477,1.2412,1.1642,1.1689,1.2387,1.3436,1.3938,1.4013,1.5051,1.6128,1.8274,2.2321,2.7025,2.8901,2.7359,2.4694,2.2281,1.0662,1.0613,1.0558,1.0497,1.0428,1.0349,1.0259,1.0159,1.0057,0.9963,0.988,0.9781,0.9589,0.9196,0.8684,0.8728,0.9647,1.0926,1.2499,1.2996,1.1782,1.0699,1.0579,1.1681,1.3423,1.507,1.662,1.6567,1.6543,1.7998,2.12,2.4963,2.6706,2.5808,2.3788,2.1779,1.0686,1.0641,1.0593,1.054,1.0481,1.0416,1.0346,1.0273,1.0199,1.0128,1.0056,0.9969,0.9842,0.967,0.9551,0.969,1.0166,1.0825,1.1398,1.1355,1.0278,0.8519,0.812,1.0174,1.2991,1.5794,1.7858,1.7281,1.6687,1.7475,1.95,2.1888,2.3271,2.3126,2.2041,2.0707,1.0712,1.0673,1.0631,1.0585,1.0536,1.0484,1.0429,1.0373,1.0318,1.0264,1.021,1.015,1.0083,1.0024,1.0026,1.0152,1.0409,1.0703,1.0837,1.049,0.9218,0.6992,0.639,0.8985,1.2166,1.4804,1.6347,1.6465,1.6342,1.6872,1.8078,1.9495,2.0468,2.0659,2.0212,1.9453,1.0741,1.0707,1.067,1.0632,1.0591,1.0549,1.0507,1.0464,1.0423,1.0384,1.0347,1.0312,1.0284,1.0276,1.0309,1.0402,1.0539,1.0655,1.062,1.0245,0.9316,0.8038,0.7818,0.9461,1.1726,1.366,1.4894,1.5431,1.573,1.6224,1.7002,1.7871,1.8534,1.8798,1.8669,1.8279]}]