docs/data/wind_grid.json
[{"header":{"la1":42.85,"la2":41.18,"lo1":11.55,"lo2":14.05,"nx":36,"ny":24,"dx":0.07143,"dy":0.07261,"parameterCategory":2,"parameterNumber":2,"parameterNumberName":"eastward_wind","parameterUnit":"m.s-1"},"data":[-0.6936,-0.7013,-0.7069,-0.7104,-0.7115,-0.7098,-0.7045,-0.6941,-0.6779,-0.6563,-0.6316,-0.6069,-0.5852,-0.5682,-0.5561,-0.5481,-0.5422,-0.5355,-0.5257,-0.5116,-0.4947,-0.4791,-0.4689,-0.4657,-0.4677,-0.4719,-0.4761,-0.4791,-0.4807,-0.4809,-0.4801,-0.4786,-0.4766,-0.4744,-0.4721,-0.4698,-0.7197,-0.7303,-0.7385,-0.7443,-0.7479,-0.7493,-0.7469,-0.7376,-0.7185,-0.6897,-0.6551,-0.6208,-0.5918,-0.5707,-0.5579,-0.5517,-0.5487,-0.5442,-0.5328,-0.5114,-0.4827,-0.4561,-0.4418,-0.4421,-0.4514,-0.4625,-0.4716,-0.4775,-0.4804,-0.4812,-0.4805,-0.4789,-0.4767,-0.4743,-0.4717,-0.4692,-0.7504,-0.765,-0.7764,-0.7849,-0.792,-0.7988,-0.8038,-0.8,-0.779,-0.7385,-0.6869,-0.6367,-0.5966,-0.5701,-0.5572,-0.5551,-0.5589,-0.5603,-0.5485,-0.5145,-0.4604,-0.4089,-0.3885,-0.4014,-0.4277,-0.4515,-0.4677,-0.477,-0.4812,-0.4823,-0.4814,-0.4794,-0.4768,-0.4741,-0.4712,-0.4685,-0.7868,-0.8072,-0.8228,-0.8338,-0.8441,-0.8595,-0.8811,-0.8951,-0.8762,-0.8144,-0.7307,-0.6534,-0.5969,-0.5636,-0.5516,-0.5572,-0.5742,-0.5904,-0.5848,-0.5312,-0.4214,-0.3081,-0.2824,-0.3359,-0.3991,-0.4426,-0.467,-0.479,-0.4836,-0.4842,-0.4827,-0.48,-0.477,-0.4737,-0.4706,-0.4675,-0.8305,-0.8604,-0.8824,-0.8944,-0.9037,-0.9284,-0.9832,-1.0479,-1.0463,-0.9372,-0.788,-0.6662,-0.5875,-0.5466,-0.5369,-0.5544,-0.594,-0.643,-0.6655,-0.5955,-0.3773,-0.1092,-0.0991,-0.2591,-0.3806,-0.444,-0.4732,-0.4849,-0.4881,-0.4871,-0.4843,-0.4807,-0.4769,-0.4732,-0.4696,-0.4663,-0.8826,-0.9297,-0.9648,-0.9762,-0.9717,-0.993,-1.0971,-1.2859,-1.3492,-1.1195,-0.8435,-0.6618,-0.5606,-0.5132,-0.5066,-0.5382,-0.6094,-0.7172,-0.8192,-0.7692,-0.4461,0.0219,0.0004,-0.2591,-0.4048,-0.466,-0.4887,-0.4949,-0.4941,-0.4905,-0.4859,-0.4811,-0.4765,-0.4722,-0.4683,-0.4648,-0.9406,-1.019,-1.0876,-1.1049,-1.059,-1.0324,-1.149,-1.4937,-1.6801,-1.2457,-0.836,-0.6185,-0.5084,-0.4576,-0.4517,-0.4943,-0.5949,-0.7621,-0.9611,-0.9474,-0.7136,-0.4072,-0.3247,-0.422,-0.4858,-0.5083,-0.5114,-0.5071,-0.5005,-0.4935,-0.4869,-0.4809,-0.4755,-0.4707,-0.4665,-0.4627,-0.993,-1.1178,-1.2636,-1.326,-1.1919,-1.0418,-1.0515,-1.2645,-1.3691,-1.0243,-0.7036,-0.5278,-0.4309,-0.3766,-0.3599,-0.403,-0.524,-0.7053,-0.8797,-0.9525,-1.0709,-0.9927,-0.7589,-0.6356,-0.5834,-0.5539,-0.5331,-0.5172,-0.5048,-0.4948,-0.4865,-0.4796,-0.4737,-0.4685,-0.464,-0.4601,-1.0166,-1.1742,-1.4112,-1.5858,-1.3152,-1.0232,-0.8893,-0.8538,-0.7889,-0.6413,-0.5102,-0.4152,-0.3409,-0.2742,-0.2103,-0.2286,-0.3989,-0.6143,-0.8143,-1.0866,-1.59,-1.4762,-1.0161,-0.7651,-0.6445,-0.5811,-0.5441,-0.5207,-0.5048,-0.4933,-0.4843,-0.477,-0.4708,-0.4654,-0.4608,-0.4568,-0.9949,-1.1304,-1.3039,-1.4003,-1.2031,-0.9568,-0.7586,-0.602,-0.4311,-0.3368,-0.3434,-0.3148,-0.257,-0.1761,0.0088,0.1036,-0.2651,-0.5764,-0.7956,-1.0443,-1.3883,-1.3277,-0.9954,-0.7716,-0.6475,-0.5782,-0.5385,-0.5148,-0.4995,-0.4887,-0.4801,-0.473,-0.4668,-0.4613,-0.4567,-0.4528,-0.9406,-1.0367,-1.1293,-1.1872,-1.1413,-0.8958,-0.677,-0.5003,-0.2023,-0.0639,-0.2387,-0.2419,-0.1832,-0.1184,0.0121,0.1152,-0.3272,-0.6935,-0.8806,-0.9501,-1.0069,-0.9703,-0.8314,-0.6965,-0.603,-0.5469,-0.5164,-0.4998,-0.4894,-0.4814,-0.4743,-0.4677,-0.4617,-0.4562,-0.4516,-0.4477,-0.8727,-0.9452,-1.0322,-1.1344,-1.0775,-0.8126,-0.6431,-0.5773,-0.367,-0.1937,-0.2345,-0.1928,-0.109,-0.0034,-0.0734,-0.2584,-0.6092,-1.141,-1.2922,-1.047,-0.8788,-0.7793,-0.6871,-0.6007,-0.5337,-0.4954,-0.4821,-0.479,-0.4768,-0.473,-0.4677,-0.4617,-0.4555,-0.4498,-0.4451,-0.4415,-0.7983,-0.8455,-0.8942,-0.919,-0.8474,-0.7029,-0.635,-0.6833,-0.5834,-0.3637,-0.2378,-0.1524,-0.0853,0.0527,-0.0511,-0.3872,-0.8084,-2.0469,-2.101,-1.1892,-0.8173,-0.6599,-0.5756,-0.5138,-0.4607,-0.4349,-0.444,-0.4585,-0.4656,-0.4658,-0.4615,-0.455,-0.448,-0.4417,-0.4368,-0.4336,-0.724,-0.7464,-0.7591,-0.7456,-0.6909,-0.6211,-0.5949,-0.6224,-0.5478,-0.3447,-0.2019,-0.1173,-0.0893,-0.0224,-0.2432,-0.5009,-0.729,-1.3933,-1.5346,-0.9805,-0.6542,-0.5151,-0.4686,-0.4468,-0.4151,-0.3945,-0.4198,-0.4475,-0.4606,-0.4621,-0.4565,-0.4475,-0.4381,-0.4306,-0.4257,-0.4233,-0.6565,-0.6619,-0.6563,-0.6336,-0.5933,-0.5487,-0.5165,-0.4841,-0.3927,-0.2437,-0.1296,-0.0902,-0.0555,0.0744,-0.3064,-0.5641,-1.2328,-0.9168,-0.8112,-0.5797,-0.3525,-0.2944,-0.3438,-0.3923,-0.409,-0.4071,-0.4283,-0.4543,-0.466,-0.4638,-0.4525,-0.4374,-0.4235,-0.4141,-0.4099,-0.4096,-0.5992,-0.5945,-0.581,-0.5565,-0.5219,-0.4817,-0.4375,-0.3775,-0.28,-0.1363,0.0309,-0.0088,-0.0493,-0.1023,-0.2981,-0.6558,-1.0284,-0.6917,-0.4515,-0.2338,0.0528,-0.0084,-0.2149,-0.339,-0.405,-0.438,-0.464,-0.4829,-0.4855,-0.472,-0.4477,-0.4204,-0.3987,-0.3878,-0.3868,-0.3913,-0.5519,-0.5417,-0.5246,-0.4996,-0.4669,-0.4273,-0.379,-0.3158,-0.229,-0.1129,0.0109,-0.0231,-0.0473,-0.0613,-0.1987,-0.3491,-0.4155,-0.2488,-0.0587,-0.0198,0.1301,0.0551,-0.1621,-0.3148,-0.421,-0.4936,-0.5334,-0.5404,-0.5223,-0.4862,-0.4375,-0.3875,-0.3536,-0.3448,-0.3536,-0.3682,-0.5134,-0.5003,-0.4815,-0.4567,-0.4255,-0.3876,-0.3419,-0.2863,-0.2198,-0.1481,-0.0937,-0.0767,-0.0497,-0.0388,-0.0345,-0.0334,-0.0632,0.1943,0.5088,0.1939,0.0492,-0.0414,-0.1795,-0.332,-0.4836,-0.6115,-0.6613,-0.6339,-0.5776,-0.5053,-0.4162,-0.3253,-0.274,-0.2792,-0.3108,-0.3425,-0.4822,-0.4676,-0.4485,-0.4244,-0.3951,-0.3605,-0.3202,-0.2743,-0.2244,-0.1758,-0.1362,-0.106,-0.0709,0.0022,0.2671,0.3886,0.1326,0.2562,0.4368,0.3263,0.1347,-0.0348,-0.1875,-0.3623,-0.5744,-0.7845,-0.8321,-0.7442,-0.6442,-0.5303,-0.3889,-0.2363,-0.1651,-0.2042,-0.2707,-0.3218,-0.457,-0.4419,-0.423,-0.4003,-0.3734,-0.3425,-0.3078,-0.27,-0.2307,-0.1926,-0.1575,-0.1223,-0.0741,0.0255,0.2376,0.3109,0.1581,0.2106,0.4504,0.5544,0.2263,0.0031,-0.1638,-0.3617,-0.6133,-0.8395,-0.8836,-0.835,-0.7151,-0.5667,-0.3923,-0.2002,-0.1172,-0.1768,-0.2589,-0.3166,-0.4367,-0.4217,-0.4036,-0.3824,-0.3581,-0.3308,-0.3009,-0.2691,-0.2366,-0.2042,-0.1718,-0.1365,-0.0901,-0.0203,0.0662,0.1027,0.0953,0.156,0.3045,0.3449,0.176,0.0439,-0.0747,-0.2901,-0.5881,-0.8851,-1.1335,-1.0319,-0.7847,-0.605,-0.4483,-0.2905,-0.2106,-0.2345,-0.2879,-0.3308,-0.4204,-0.4058,-0.3888,-0.3693,-0.3474,-0.3233,-0.2973,-0.2701,-0.2422,-0.2139,-0.1847,-0.1529,-0.1152,-0.0704,-0.0258,0.0046,0.0282,0.0713,0.1271,0.1413,0.123,0.1764,0.1675,-0.1207,-0.5172,-0.9482,-1.3541,-1.1235,-0.7427,-0.5969,-0.5024,-0.4021,-0.3349,-0.3212,-0.3363,-0.3566,-0.4074,-0.3935,-0.3776,-0.3597,-0.34,-0.3187,-0.296,-0.2723,-0.248,-0.2231,-0.1975,-0.1703,-0.1407,-0.1093,-0.0794,-0.0537,-0.0293,-0.0009,0.0283,0.0549,0.121,0.3086,0.3734,0.0205,-0.4005,-0.7526,-0.946,-0.7827,-0.5437,-0.5366,-0.5176,-0.4617,-0.4113,-0.3851,-0.3791,-0.3826,-0.397,-0.3839,-0.3691,-0.3529,-0.3351,-0.3162,-0.2962,-0.2754,-0.2541,-0.2324,-0.2102,-0.1873,-0.1636,-0.1398,-0.1171,-0.0962,-0.0762,-0.0555,-0.0331,-0.0017,0.0647,0.1763,0.1841,-0.0404,-0.332,-0.5627,-0.6659,-0.6055,-0.5133,-0.5186,-0.5143,-0.4815,-0.4459,-0.4208,-0.4076,-0.4027]},{"header":{"la1":42.85,"la2":41.18,"lo1":11.55,"lo2":14.05,"nx":36,"ny":24,"dx":0.07143,"dy":0.07261,"parameterCategory":2,"parameterNumber":3,"parameterNumberName":"northward_wind","parameterUnit":"m.s-1"},"data":[-0.7275,-0.7241,-0.7191,-0.7124,-0.7042,-0.6948,-0.685,-0.6756,-0.6673,-0.6595,-0.6512,-0.6411,-0.6281,-0.6118,-0.5925,-0.5714,-0.5501,-0.531,-0.5164,-0.5073,-0.5036,-0.5032,-0.504,-0.5046,-0.5052,-0.5064,-0.5086,-0.5121,-0.5168,-0.5225,-0.5288,-0.5357,-0.5429,-0.5501,-0.5573,-0.5644,-0.7355,-0.7322,-0.7267,-0.7188,-0.7084,-0.6962,-0.6835,-0.6722,-0.6638,-0.6579,-0.6523,-0.6441,-0.6315,-0.6136,-0.5907,-0.5644,-0.5371,-0.5128,-0.4955,-0.4879,-0.4891,-0.4943,-0.4983,-0.4992,-0.4985,-0.4985,-0.5002,-0.504,-0.5094,-0.516,-0.5236,-0.5316,-0.5399,-0.5482,-0.5563,-0.5642,-0.7445,-0.7414,-0.7356,-0.7262,-0.7126,-0.6954,-0.6767,-0.661,-0.6524,-0.6508,-0.6514,-0.6481,-0.6374,-0.6181,-0.5908,-0.5571,-0.5205,-0.4873,-0.4659,-0.4626,-0.4758,-0.4938,-0.5026,-0.5004,-0.4946,-0.4911,-0.4916,-0.4954,-0.5017,-0.5096,-0.5184,-0.5278,-0.5374,-0.5469,-0.5561,-0.5649,-0.7545,-0.7524,-0.7467,-0.7357,-0.7177,-0.6918,-0.6607,-0.6337,-0.6235,-0.6321,-0.6467,-0.6537,-0.6473,-0.6273,-0.5948,-0.5509,-0.4994,-0.4498,-0.4192,-0.425,-0.4679,-0.5174,-0.5311,-0.5132,-0.4934,-0.4833,-0.4818,-0.486,-0.4936,-0.5031,-0.5136,-0.5246,-0.5356,-0.5464,-0.5569,-0.5667,-0.7655,-0.7652,-0.7609,-0.7494,-0.7264,-0.6871,-0.6307,-0.5735,-0.5555,-0.5903,-0.6372,-0.6631,-0.6639,-0.6442,-0.6063,-0.5497,-0.4752,-0.3929,-0.3363,-0.3546,-0.4634,-0.5932,-0.6006,-0.5345,-0.4895,-0.4718,-0.4697,-0.4755,-0.4852,-0.4968,-0.5093,-0.5221,-0.5349,-0.5472,-0.559,-0.5698,-0.777,-0.78,-0.7795,-0.7701,-0.7442,-0.6901,-0.5912,-0.4573,-0.4083,-0.5154,-0.6294,-0.6825,-0.6911,-0.6727,-0.6315,-0.5626,-0.458,-0.3172,-0.1877,-0.2071,-0.4054,-0.6508,-0.6419,-0.5252,-0.4681,-0.4522,-0.4541,-0.4637,-0.4766,-0.4909,-0.5059,-0.5209,-0.5356,-0.5497,-0.5628,-0.5748,-0.7875,-0.7957,-0.8027,-0.8,-0.7764,-0.7181,-0.587,-0.3447,-0.2271,-0.4648,-0.655,-0.7227,-0.7323,-0.7165,-0.6789,-0.6053,-0.4764,-0.276,-0.044,-0.0548,-0.2441,-0.4238,-0.4753,-0.438,-0.4207,-0.4238,-0.4358,-0.4514,-0.4684,-0.4861,-0.5038,-0.5214,-0.5383,-0.5542,-0.5688,-0.582,-0.7943,-0.8085,-0.8296,-0.8401,-0.8174,-0.7756,-0.6869,-0.5089,-0.426,-0.616,-0.7545,-0.7893,-0.7862,-0.778,-0.7613,-0.6992,-0.5601,-0.3559,-0.1572,-0.0975,-0.0331,-0.0815,-0.2333,-0.3201,-0.3642,-0.3937,-0.418,-0.4403,-0.4617,-0.4828,-0.5037,-0.524,-0.5434,-0.5615,-0.5778,-0.5922,-0.7935,-0.8088,-0.8476,-0.8849,-0.8392,-0.8298,-0.8403,-0.8328,-0.8561,-0.9124,-0.9107,-0.8698,-0.8415,-0.8533,-0.9053,-0.887,-0.7063,-0.4839,-0.2858,-0.0597,0.3114,0.2341,-0.0778,-0.2441,-0.3254,-0.3721,-0.4048,-0.4319,-0.4571,-0.4818,-0.5061,-0.5297,-0.552,-0.5725,-0.5906,-0.606,-0.7838,-0.7827,-0.7931,-0.8041,-0.7673,-0.8522,-0.9776,-1.0946,-1.231,-1.2608,-1.0886,-0.9388,-0.8772,-0.913,-1.1394,-1.2705,-0.8664,-0.5692,-0.3656,-0.133,0.1553,0.1238,-0.0961,-0.2375,-0.3157,-0.3634,-0.3976,-0.4269,-0.455,-0.4833,-0.5117,-0.5393,-0.5652,-0.5884,-0.6084,-0.6248,-0.773,-0.7453,-0.6699,-0.4929,-0.5431,-0.8595,-1.1142,-1.2935,-1.5582,-1.6978,-1.2274,-0.965,-0.8803,-0.8968,-1.0972,-1.2731,-0.8196,-0.5602,-0.4179,-0.2824,-0.1567,-0.1336,-0.1991,-0.2714,-0.3258,-0.3646,-0.3951,-0.4242,-0.455,-0.4878,-0.5214,-0.5542,-0.5846,-0.6111,-0.633,-0.6499,-0.7739,-0.7408,-0.6576,-0.5126,-0.5856,-0.9605,-1.2962,-1.4859,-1.5089,-1.5017,-1.1568,-0.9328,-0.8715,-0.9118,-0.8554,-0.7337,-0.5711,-0.4881,-0.4427,-0.3558,-0.2795,-0.2485,-0.2633,-0.301,-0.3403,-0.3699,-0.3939,-0.4219,-0.4564,-0.4955,-0.5366,-0.5766,-0.6129,-0.6434,-0.6669,-0.6835,-0.7885,-0.7736,-0.7461,-0.735,-0.8447,-1.1098,-1.4335,-1.692,-1.5466,-1.2622,-1.0216,-0.8848,-0.8483,-0.9377,-0.8047,-0.4192,-0.3167,-0.5067,-0.5173,-0.3604,-0.2828,-0.255,-0.2686,-0.3092,-0.3544,-0.3788,-0.3921,-0.4188,-0.4593,-0.5081,-0.56,-0.6103,-0.6546,-0.6895,-0.7138,-0.7283,-0.8075,-0.8126,-0.8251,-0.8664,-0.9699,-1.146,-1.3657,-1.5499,-1.4469,-1.1418,-0.9397,-0.8706,-0.8565,-0.7791,-0.434,0.1058,0.0762,-0.2439,-0.3609,-0.2702,-0.1942,-0.175,-0.2194,-0.294,-0.3669,-0.3918,-0.39,-0.4159,-0.4653,-0.528,-0.5961,-0.6616,-0.7168,-0.7564,-0.7792,-0.7879,-0.8218,-0.8378,-0.8645,-0.9116,-0.9885,-1.0927,-1.2008,-1.254,-1.1705,-1.0081,-0.8957,-0.8222,-0.7296,-0.6086,-0.2714,0.2758,0.8547,0.1556,-0.1315,-0.1069,0.0406,0.0386,-0.1068,-0.2447,-0.3407,-0.3771,-0.3819,-0.4132,-0.4756,-0.5589,-0.6519,-0.7409,-0.8116,-0.8548,-0.8707,-0.8666,-0.8278,-0.8467,-0.8737,-0.9119,-0.9618,-1.0166,-1.0584,-1.0593,-1.0045,-0.9376,-0.9461,-0.8258,-0.7696,-0.636,-0.3568,0.1413,0.5777,0.108,-0.1162,0.057,0.5794,0.4487,0.038,-0.1789,-0.2793,-0.3226,-0.3489,-0.3985,-0.4857,-0.6034,-0.7378,-0.8663,-0.96,-1.0017,-0.9979,-0.968,-0.8262,-0.8437,-0.8659,-0.8929,-0.9226,-0.9492,-0.9625,-0.9529,-0.9232,-0.9021,-0.9267,-0.863,-0.8975,-0.902,-0.5479,-0.2728,-0.1475,-0.267,-0.3492,-0.0461,0.6501,0.4907,0.0447,-0.1563,-0.2205,-0.2309,-0.2577,-0.3442,-0.4842,-0.6621,-0.8674,-1.0666,-1.1958,-1.2197,-1.1686,-1.0912,-0.8194,-0.8337,-0.8501,-0.8678,-0.8845,-0.8964,-0.8987,-0.8891,-0.8715,-0.8569,-0.8479,-0.8395,-0.9198,-0.9171,-0.6719,-0.5464,-0.4713,-0.6093,-0.8181,-0.443,-0.0693,0.0028,-0.1168,-0.1855,-0.147,-0.0365,-0.032,-0.2178,-0.4651,-0.7333,-1.0486,-1.375,-1.5583,-1.5215,-1.3743,-1.2228,-0.8093,-0.8202,-0.8315,-0.8424,-0.8511,-0.8555,-0.8533,-0.8443,-0.8307,-0.8163,-0.8029,-0.7935,-0.7922,-0.758,-0.7412,-0.7555,-0.6134,-0.6559,-0.7454,-0.5933,-0.4147,-0.3019,-0.2757,-0.234,-0.0577,0.3272,0.4089,-0.0591,-0.4625,-0.8102,-1.2425,-1.7517,-2.0016,-1.8411,-1.5598,-1.3291,-0.7977,-0.8055,-0.8128,-0.819,-0.8229,-0.8231,-0.8188,-0.8099,-0.7975,-0.7831,-0.7677,-0.7517,-0.7335,-0.7139,-0.7279,-0.7295,-0.6393,-0.6199,-0.6588,-0.6768,-0.5429,-0.4463,-0.3946,-0.3186,-0.1146,0.3589,0.469,-0.1847,-0.5643,-0.8792,-1.3191,-1.9032,-2.183,-1.9573,-1.6229,-1.3669,-0.7857,-0.7908,-0.7952,-0.7982,-0.799,-0.7968,-0.7913,-0.7823,-0.7704,-0.7563,-0.7403,-0.7226,-0.7036,-0.6866,-0.6766,-0.6581,-0.6231,-0.6076,-0.6234,-0.6226,-0.5675,-0.5316,-0.5064,-0.4512,-0.3725,-0.376,-0.6884,-0.7219,-0.7707,-0.9433,-1.2302,-1.6333,-1.8622,-1.7527,-1.5237,-1.3225,-0.7738,-0.777,-0.7792,-0.78,-0.7788,-0.7752,-0.7689,-0.7599,-0.7485,-0.7349,-0.7194,-0.7024,-0.6845,-0.667,-0.6504,-0.6315,-0.6112,-0.5981,-0.5946,-0.5899,-0.589,-0.6194,-0.6284,-0.5772,-0.575,-0.7508,-1.0601,-0.968,-0.9765,-1.0416,-1.1364,-1.3172,-1.4573,-1.4508,-1.349,-1.2286,-0.7626,-0.7642,-0.7648,-0.7641,-0.7616,-0.7571,-0.7505,-0.7417,-0.7308,-0.718,-0.7036,-0.6879,-0.6714,-0.6548,-0.6383,-0.6218,-0.6065,-0.5955,-0.5901,-0.5923,-0.6148,-0.6727,-0.6913,-0.6406,-0.6535,-0.7694,-0.9108,-1.0272,-1.2237,-1.1847,-1.1187,-1.1533,-1.2135,-1.2282,-1.191,-1.1277,-0.7522,-0.7526,-0.7521,-0.7503,-0.747,-0.7421,-0.7353,-0.7268,-0.7165,-0.7047,-0.6915,-0.6773,-0.6625,-0.6475,-0.6327,-0.6188,-0.6066,-0.5978,-0.5942,-0.599,-0.6185,-0.6506,-0.6617,-0.652,-0.6798,-0.763,-0.8855,-1.0691,-1.2547,-1.2058,-1.1046,-1.0762,-1.0867,-1.0921,-1.0759,-1.0422]}]