docs/data/wind_grid.json
[{"header":{"la1":42.85,"la2":41.18,"lo1":11.55,"lo2":14.05,"nx":36,"ny":24,"dx":0.07143,"dy":0.07261,"parameterCategory":2,"parameterNumber":2,"parameterNumberName":"eastward_wind","parameterUnit":"m.s-1"},"data":[-0.6096,-0.6202,-0.6319,-0.6445,-0.6572,-0.6685,-0.6769,-0.6801,-0.6772,-0.6683,-0.6553,-0.641,-0.6278,-0.6173,-0.61,-0.6058,-0.604,-0.6035,-0.6033,-0.6027,-0.6012,-0.5986,-0.5951,-0.5909,-0.5864,-0.5817,-0.5769,-0.5722,-0.5677,-0.5633,-0.5592,-0.5553,-0.5516,-0.5482,-0.545,-0.5421,-0.6136,-0.6264,-0.6414,-0.6583,-0.6765,-0.6942,-0.7083,-0.7151,-0.7115,-0.6977,-0.6772,-0.6552,-0.6359,-0.6216,-0.6128,-0.6087,-0.608,-0.6092,-0.6104,-0.6105,-0.609,-0.6057,-0.6013,-0.5961,-0.5906,-0.5849,-0.5793,-0.5739,-0.5688,-0.5639,-0.5593,-0.555,-0.5511,-0.5474,-0.544,-0.5409,-0.6165,-0.6317,-0.6504,-0.6729,-0.6991,-0.7271,-0.7523,-0.7668,-0.7632,-0.7407,-0.7067,-0.6719,-0.6434,-0.6242,-0.6139,-0.6107,-0.6125,-0.6165,-0.62,-0.6211,-0.6191,-0.6146,-0.6087,-0.602,-0.595,-0.5882,-0.5817,-0.5754,-0.5696,-0.5642,-0.5591,-0.5545,-0.5502,-0.5462,-0.5426,-0.5393,-0.6177,-0.6351,-0.6575,-0.6865,-0.7234,-0.7678,-0.8138,-0.8463,-0.8453,-0.806,-0.7465,-0.69,-0.6485,-0.6234,-0.6123,-0.6115,-0.6176,-0.6264,-0.6335,-0.6356,-0.6323,-0.6254,-0.6171,-0.6083,-0.5997,-0.5915,-0.5838,-0.5767,-0.5701,-0.5641,-0.5586,-0.5535,-0.5489,-0.5446,-0.5408,-0.5373,-0.6165,-0.6353,-0.6606,-0.6957,-0.7449,-0.8125,-0.8962,-0.9703,-0.981,-0.9058,-0.7961,-0.7051,-0.6469,-0.6166,-0.6065,-0.6104,-0.6234,-0.64,-0.6527,-0.6552,-0.6485,-0.6376,-0.626,-0.6147,-0.6041,-0.5943,-0.5855,-0.5774,-0.5701,-0.5635,-0.5576,-0.5521,-0.5471,-0.5426,-0.5385,-0.5348,-0.6125,-0.6313,-0.6576,-0.6959,-0.7544,-0.8465,-0.9857,-1.1471,-1.195,-1.041,-0.8408,-0.7052,-0.6325,-0.6007,-0.5948,-0.6061,-0.6286,-0.6559,-0.6763,-0.6778,-0.6651,-0.6494,-0.6344,-0.6206,-0.6079,-0.5966,-0.5865,-0.5775,-0.5695,-0.5624,-0.556,-0.5501,-0.5448,-0.5399,-0.5356,-0.5318,-0.6055,-0.6228,-0.647,-0.683,-0.7408,-0.8405,-1.0182,-1.2831,-1.3961,-1.1235,-0.8305,-0.671,-0.5985,-0.573,-0.5757,-0.597,-0.6297,-0.666,-0.6912,-0.6909,-0.6757,-0.6584,-0.6415,-0.6255,-0.6108,-0.5978,-0.5865,-0.5767,-0.5682,-0.5606,-0.5537,-0.5475,-0.5418,-0.5366,-0.532,-0.528,-0.5962,-0.6105,-0.6299,-0.6578,-0.7011,-0.7752,-0.9093,-1.1159,-1.194,-0.9489,-0.7123,-0.5935,-0.544,-0.5328,-0.5481,-0.5825,-0.6261,-0.6652,-0.686,-0.6881,-0.6803,-0.666,-0.6479,-0.6293,-0.6122,-0.5976,-0.5853,-0.5749,-0.5659,-0.558,-0.5507,-0.5441,-0.538,-0.5325,-0.5276,-0.5234,-0.5856,-0.5964,-0.6099,-0.6271,-0.6495,-0.6797,-0.7191,-0.7517,-0.7151,-0.6069,-0.5299,-0.4931,-0.4767,-0.4808,-0.5105,-0.5645,-0.6286,-0.6799,-0.7033,-0.7064,-0.698,-0.6792,-0.6553,-0.6318,-0.6116,-0.5953,-0.5824,-0.5718,-0.5628,-0.5546,-0.547,-0.5399,-0.5332,-0.5273,-0.522,-0.5177,-0.5749,-0.5827,-0.5915,-0.6006,-0.6079,-0.6079,-0.5858,-0.5101,-0.3627,-0.291,-0.36,-0.4025,-0.4068,-0.4146,-0.4578,-0.5445,-0.6544,-0.7472,-0.7876,-0.7781,-0.7435,-0.702,-0.6631,-0.6314,-0.6076,-0.5903,-0.5776,-0.5675,-0.5588,-0.5506,-0.5426,-0.5347,-0.5273,-0.5207,-0.515,-0.5105,-0.565,-0.5709,-0.5774,-0.5838,-0.5885,-0.5867,-0.5626,-0.4573,-0.1321,0.0193,-0.2538,-0.3469,-0.3382,-0.3216,-0.3751,-0.5202,-0.7256,-0.9179,-0.9833,-0.9169,-0.814,-0.7272,-0.6651,-0.6239,-0.5979,-0.5816,-0.5708,-0.5625,-0.5546,-0.5463,-0.5375,-0.5285,-0.5198,-0.5122,-0.506,-0.5013,-0.556,-0.5611,-0.5673,-0.5754,-0.5871,-0.6055,-0.6343,-0.6354,-0.377,-0.169,-0.3013,-0.3338,-0.2775,-0.1826,-0.253,-0.4974,-0.8729,-1.3151,-1.3919,-1.1227,-0.882,-0.7328,-0.648,-0.6027,-0.58,-0.569,-0.5629,-0.5577,-0.551,-0.5423,-0.5318,-0.5206,-0.51,-0.5009,-0.494,-0.4895,-0.5477,-0.5522,-0.5588,-0.5693,-0.5879,-0.6241,-0.6951,-0.7914,-0.6828,-0.4574,-0.3792,-0.3505,-0.2881,-0.1382,-0.2045,-0.5303,-1.0434,-1.9242,-1.9338,-1.2635,-0.8735,-0.6816,-0.5946,-0.5614,-0.5529,-0.554,-0.5562,-0.5555,-0.5498,-0.5393,-0.5254,-0.5103,-0.4964,-0.4853,-0.4778,-0.4739,-0.5395,-0.5433,-0.5494,-0.5596,-0.578,-0.6116,-0.6675,-0.7287,-0.6649,-0.4895,-0.3935,-0.3718,-0.3551,-0.2192,-0.3476,-0.6889,-1.0972,-1.5408,-1.5637,-1.0589,-0.6999,-0.5351,-0.4917,-0.499,-0.5205,-0.5415,-0.5556,-0.5598,-0.5535,-0.5384,-0.5177,-0.4957,-0.4764,-0.4627,-0.4553,-0.4532,-0.5313,-0.5339,-0.5382,-0.5453,-0.5571,-0.5751,-0.5959,-0.5978,-0.5361,-0.4307,-0.3642,-0.3541,-0.3074,-0.2088,-0.4343,-1.0273,-1.56,-1.1697,-0.9528,-0.6416,-0.3458,-0.2712,-0.3429,-0.4274,-0.4942,-0.5418,-0.5695,-0.5768,-0.5656,-0.5403,-0.5069,-0.4728,-0.4454,-0.429,-0.4234,-0.4257,-0.523,-0.5241,-0.5259,-0.5287,-0.5324,-0.5354,-0.5319,-0.5086,-0.4517,-0.3637,-0.2612,-0.3681,-0.3634,-0.3497,-0.4998,-0.9432,-1.3136,-0.9225,-0.5965,-0.271,0.1259,0.0598,-0.2013,-0.3779,-0.4938,-0.5705,-0.6104,-0.6149,-0.5904,-0.5452,-0.4889,-0.4344,-0.3952,-0.3777,-0.3786,-0.3901,-0.5151,-0.5145,-0.5139,-0.5128,-0.5105,-0.5047,-0.4911,-0.4638,-0.4178,-0.3516,-0.2776,-0.3361,-0.3841,-0.4005,-0.4756,-0.6179,-0.6731,-0.4758,-0.2613,-0.1195,0.1931,0.1055,-0.1813,-0.3886,-0.541,-0.6482,-0.6957,-0.6843,-0.6317,-0.5521,-0.4571,-0.3686,-0.3136,-0.3016,-0.3188,-0.3471,-0.5078,-0.5059,-0.5033,-0.4996,-0.4938,-0.4844,-0.4692,-0.4459,-0.4145,-0.3797,-0.3585,-0.372,-0.3938,-0.4043,-0.4354,-0.4544,-0.4011,-0.1173,0.1352,-0.0636,-0.0821,-0.125,-0.2767,-0.4569,-0.6413,-0.7932,-0.8419,-0.7887,-0.6888,-0.5595,-0.4056,-0.2634,-0.1914,-0.2001,-0.2486,-0.3019,-0.5014,-0.4985,-0.4946,-0.4895,-0.4824,-0.4724,-0.4587,-0.441,-0.4207,-0.4022,-0.3924,-0.3949,-0.4032,-0.411,-0.4098,-0.4036,-0.3377,-0.1141,0.0367,-0.0921,-0.1702,-0.2466,-0.363,-0.5319,-0.7551,-0.9774,-1.0217,-0.8982,-0.7493,-0.5705,-0.3476,-0.1377,-0.054,-0.1001,-0.1883,-0.2671,-0.496,-0.4925,-0.488,-0.4823,-0.475,-0.4658,-0.4543,-0.4411,-0.4276,-0.4161,-0.4093,-0.4081,-0.4097,-0.4098,-0.4044,-0.3952,-0.3347,-0.2126,-0.1204,-0.1043,-0.1926,-0.2898,-0.4004,-0.5619,-0.7894,-1.0171,-1.0594,-0.9429,-0.7969,-0.5972,-0.3367,-0.0904,-0.0024,-0.0664,-0.1701,-0.2573,-0.4916,-0.4878,-0.4831,-0.4774,-0.4705,-0.4624,-0.453,-0.4429,-0.4331,-0.4248,-0.419,-0.4156,-0.413,-0.4084,-0.3992,-0.3801,-0.3345,-0.2601,-0.1858,-0.1712,-0.2358,-0.3052,-0.3829,-0.5276,-0.7423,-0.938,-1.0383,-0.9912,-0.842,-0.6428,-0.4052,-0.1905,-0.1,-0.1322,-0.2076,-0.2781,-0.4882,-0.4842,-0.4796,-0.4741,-0.4679,-0.4608,-0.4531,-0.4451,-0.4374,-0.4306,-0.425,-0.4203,-0.4154,-0.4084,-0.3969,-0.3774,-0.3453,-0.3029,-0.2664,-0.2593,-0.2765,-0.2734,-0.2888,-0.4356,-0.6749,-0.9259,-1.0997,-1.0311,-0.8597,-0.6788,-0.4945,-0.337,-0.2525,-0.2449,-0.2778,-0.3197,-0.4855,-0.4816,-0.4771,-0.4721,-0.4665,-0.4603,-0.4538,-0.4471,-0.4407,-0.4347,-0.4293,-0.424,-0.4181,-0.4102,-0.399,-0.3829,-0.3611,-0.3366,-0.3167,-0.3063,-0.2894,-0.2322,-0.2121,-0.3621,-0.5931,-0.8124,-0.9423,-0.9201,-0.8102,-0.68,-0.5511,-0.4417,-0.3715,-0.3449,-0.3487,-0.3662,-0.4834,-0.4797,-0.4755,-0.4709,-0.4659,-0.4605,-0.4548,-0.4491,-0.4435,-0.4381,-0.4329,-0.4275,-0.4214,-0.4138,-0.4041,-0.3917,-0.3769,-0.3616,-0.3483,-0.3361,-0.3151,-0.2792,-0.2813,-0.3831,-0.5404,-0.6871,-0.7757,-0.784,-0.7328,-0.6552,-0.5721,-0.4981,-0.4442,-0.4144,-0.4046,-0.4073]},{"header":{"la1":42.85,"la2":41.18,"lo1":11.55,"lo2":14.05,"nx":36,"ny":24,"dx":0.07143,"dy":0.07261,"parameterCategory":2,"parameterNumber":3,"parameterNumberName":"northward_wind","parameterUnit":"m.s-1"},"data":[-0.7724,-0.7667,-0.7592,-0.7499,-0.739,-0.7271,-0.7151,-0.7038,-0.6936,-0.6838,-0.6731,-0.6597,-0.6423,-0.6206,-0.5946,-0.5659,-0.5365,-0.5094,-0.4878,-0.4737,-0.4678,-0.4688,-0.4746,-0.4833,-0.4932,-0.5033,-0.5132,-0.5226,-0.5316,-0.5401,-0.5481,-0.5558,-0.563,-0.5699,-0.5764,-0.5826,-0.7817,-0.7756,-0.767,-0.7557,-0.742,-0.7267,-0.7114,-0.6981,-0.6879,-0.6802,-0.6721,-0.6604,-0.6426,-0.6177,-0.586,-0.5491,-0.51,-0.4736,-0.4453,-0.4292,-0.4259,-0.4325,-0.4449,-0.4596,-0.4745,-0.4885,-0.5014,-0.5131,-0.5238,-0.5338,-0.5431,-0.5519,-0.5601,-0.5679,-0.5751,-0.5819,-0.7926,-0.7861,-0.7762,-0.7624,-0.7443,-0.723,-0.7013,-0.6835,-0.6736,-0.6707,-0.6691,-0.662,-0.6451,-0.6169,-0.5778,-0.5294,-0.4754,-0.4236,-0.3844,-0.3663,-0.3695,-0.3869,-0.4102,-0.4338,-0.4551,-0.4737,-0.4898,-0.504,-0.5166,-0.5281,-0.5387,-0.5486,-0.5578,-0.5664,-0.5745,-0.5819,-0.8053,-0.7989,-0.788,-0.7711,-0.7468,-0.7154,-0.6806,-0.6521,-0.6415,-0.6495,-0.6623,-0.6651,-0.6512,-0.6199,-0.5719,-0.5078,-0.431,-0.3525,-0.2939,-0.2745,-0.293,-0.331,-0.3717,-0.4073,-0.4364,-0.46,-0.4793,-0.4957,-0.5101,-0.523,-0.5349,-0.546,-0.5563,-0.5659,-0.5748,-0.5829,-0.8205,-0.815,-0.8038,-0.7842,-0.7526,-0.7057,-0.6455,-0.5899,-0.5739,-0.6071,-0.6512,-0.6723,-0.6637,-0.6293,-0.5715,-0.4884,-0.3786,-0.2537,-0.1572,-0.1398,-0.1932,-0.2681,-0.3338,-0.3836,-0.4205,-0.4484,-0.4704,-0.4887,-0.5046,-0.5189,-0.5321,-0.5444,-0.5558,-0.5664,-0.5761,-0.585,-0.8382,-0.8351,-0.8256,-0.8057,-0.7685,-0.7039,-0.6027,-0.4851,-0.447,-0.5388,-0.6436,-0.6901,-0.6859,-0.6476,-0.5811,-0.4807,-0.3331,-0.1378,0.029,0.0359,-0.0852,-0.2132,-0.3058,-0.3676,-0.4097,-0.4401,-0.4636,-0.4831,-0.5003,-0.5158,-0.5303,-0.5439,-0.5565,-0.5682,-0.5789,-0.5885,-0.8585,-0.8594,-0.8546,-0.8393,-0.8045,-0.7334,-0.5986,-0.397,-0.3124,-0.4989,-0.6715,-0.7301,-0.7206,-0.6758,-0.6042,-0.4971,-0.3301,-0.0799,0.1629,0.1557,-0.0323,-0.1959,-0.2995,-0.3633,-0.4052,-0.4353,-0.4589,-0.479,-0.497,-0.5138,-0.5297,-0.5447,-0.5588,-0.5717,-0.5834,-0.5938,-0.8806,-0.8874,-0.8905,-0.8859,-0.8661,-0.8161,-0.71,-0.5398,-0.4719,-0.6449,-0.7779,-0.7993,-0.7662,-0.7106,-0.6382,-0.5395,-0.3937,-0.1812,0.028,0.037,-0.1062,-0.2352,-0.3182,-0.3706,-0.4063,-0.4332,-0.4556,-0.4757,-0.4947,-0.5129,-0.5305,-0.5472,-0.5629,-0.5773,-0.5901,-0.6013,-0.903,-0.9169,-0.9303,-0.9413,-0.9462,-0.939,-0.9137,-0.8827,-0.9011,-0.9579,-0.9492,-0.8852,-0.8122,-0.7441,-0.6741,-0.5904,-0.4834,-0.3532,-0.2366,-0.2034,-0.2465,-0.3038,-0.3492,-0.3828,-0.409,-0.4316,-0.4524,-0.4727,-0.4929,-0.513,-0.5328,-0.5518,-0.5696,-0.5857,-0.5998,-0.6117,-0.9237,-0.9448,-0.9691,-0.9968,-1.028,-1.063,-1.1055,-1.1747,-1.2944,-1.3193,-1.1388,-0.9581,-0.8423,-0.7676,-0.7033,-0.6293,-0.5449,-0.4617,-0.3941,-0.3559,-0.3481,-0.3576,-0.3732,-0.3905,-0.4086,-0.4277,-0.4478,-0.4691,-0.4913,-0.5142,-0.5371,-0.5592,-0.5797,-0.5979,-0.6133,-0.6258,-0.9406,-0.968,-1.0017,-1.0437,-1.0968,-1.1631,-1.2414,-1.3421,-1.5875,-1.7129,-1.2738,-0.9809,-0.8442,-0.7794,-0.7267,-0.65,-0.5633,-0.495,-0.4489,-0.4135,-0.3891,-0.3779,-0.378,-0.3865,-0.4008,-0.4191,-0.4404,-0.4641,-0.4897,-0.5167,-0.5441,-0.5705,-0.5946,-0.6153,-0.6321,-0.6449,-0.9521,-0.9836,-1.0235,-1.0751,-1.1431,-1.2319,-1.3366,-1.4158,-1.4836,-1.5205,-1.1885,-0.941,-0.8277,-0.7904,-0.754,-0.6507,-0.5387,-0.4829,-0.4588,-0.4211,-0.3855,-0.3643,-0.3592,-0.3671,-0.3832,-0.4044,-0.4291,-0.4571,-0.488,-0.5212,-0.555,-0.5874,-0.6163,-0.6401,-0.6581,-0.6704,-0.9569,-0.9899,-1.0317,-1.0863,-1.1591,-1.2575,-1.3834,-1.4927,-1.423,-1.2496,-1.0392,-0.8927,-0.8265,-0.7946,-0.7613,-0.5991,-0.4556,-0.4805,-0.4787,-0.4008,-0.3438,-0.3145,-0.3131,-0.33,-0.3549,-0.3829,-0.4134,-0.4476,-0.4862,-0.5283,-0.5716,-0.6128,-0.6482,-0.6756,-0.6941,-0.7045,-0.955,-0.9866,-1.026,-1.0763,-1.1416,-1.2263,-1.3292,-1.4179,-1.3495,-1.1305,-0.9577,-0.8765,-0.8569,-0.7979,-0.684,-0.3921,-0.1575,-0.332,-0.3928,-0.3209,-0.2426,-0.2098,-0.2318,-0.2751,-0.3174,-0.3551,-0.3925,-0.4345,-0.4837,-0.5392,-0.597,-0.6512,-0.6957,-0.7267,-0.7439,-0.7497,-0.947,-0.9751,-1.0089,-1.0497,-1.0986,-1.1544,-1.2078,-1.2258,-1.1507,-1.0117,-0.9131,-0.8626,-0.7952,-0.7004,-0.5997,0.0799,0.7661,0.0595,-0.2159,-0.1725,-0.0223,-0.0052,-0.11,-0.2097,-0.276,-0.3215,-0.3635,-0.4145,-0.4791,-0.5552,-0.6358,-0.7102,-0.7673,-0.801,-0.8128,-0.8087,-0.9344,-0.9577,-0.9843,-1.014,-1.0455,-1.0744,-1.0904,-1.0749,-1.015,-0.9363,-0.8941,-0.8845,-0.8559,-0.7712,-0.5887,-0.0193,0.47,0.0058,-0.2033,-0.0276,0.3893,0.3085,0.0117,-0.1592,-0.2385,-0.2783,-0.3177,-0.3797,-0.4685,-0.5776,-0.6953,-0.8021,-0.8766,-0.9088,-0.906,-0.8831,-0.9188,-0.9371,-0.9567,-0.9765,-0.9945,-1.0065,-1.006,-0.9862,-0.9482,-0.9089,-0.8922,-0.8951,-0.9979,-1.0329,-0.7211,-0.4378,-0.2744,-0.3575,-0.4056,-0.1217,0.4314,0.3294,0.0045,-0.1559,-0.2045,-0.207,-0.2316,-0.3149,-0.4463,-0.608,-0.7851,-0.9446,-1.0417,-1.0606,-1.026,-0.9708,-0.9017,-0.9155,-0.9291,-0.9415,-0.9508,-0.9542,-0.9487,-0.933,-0.9106,-0.8911,-0.8844,-0.9055,-1.0254,-1.0359,-0.7857,-0.6477,-0.5538,-0.6221,-0.7542,-0.45,-0.122,-0.0493,-0.138,-0.1907,-0.1545,-0.0635,-0.0591,-0.2047,-0.413,-0.6473,-0.9101,-1.1513,-1.273,-1.2534,-1.162,-1.0608,-0.8842,-0.8942,-0.9033,-0.9105,-0.9146,-0.914,-0.9076,-0.8957,-0.8811,-0.8686,-0.8629,-0.8696,-0.8845,-0.8461,-0.7775,-0.7678,-0.652,-0.6409,-0.6788,-0.5212,-0.3849,-0.2938,-0.2681,-0.2318,-0.0936,0.1737,0.2252,-0.0894,-0.3988,-0.692,-1.0413,-1.38,-1.5184,-1.4359,-1.2764,-1.1301,-0.8672,-0.8741,-0.8798,-0.8836,-0.8846,-0.882,-0.8756,-0.8658,-0.8542,-0.843,-0.8336,-0.8253,-0.8108,-0.7804,-0.7609,-0.7485,-0.6592,-0.5878,-0.5192,-0.4926,-0.455,-0.3925,-0.3495,-0.2917,-0.1427,0.181,0.2501,-0.1992,-0.4718,-0.7302,-1.0909,-1.4654,-1.6072,-1.4971,-1.3131,-1.1526,-0.851,-0.8555,-0.8587,-0.8601,-0.8592,-0.8555,-0.849,-0.8401,-0.8293,-0.8176,-0.805,-0.7902,-0.7705,-0.7457,-0.7217,-0.6901,-0.6337,-0.5719,-0.521,-0.4956,-0.4654,-0.4264,-0.3998,-0.3735,-0.3407,-0.3823,-0.6641,-0.6622,-0.6259,-0.7525,-1.0191,-1.3145,-1.4481,-1.3879,-1.2514,-1.1197,-0.8358,-0.8385,-0.8399,-0.8396,-0.8374,-0.833,-0.8263,-0.8175,-0.8069,-0.7946,-0.7804,-0.7635,-0.7431,-0.7193,-0.6923,-0.6588,-0.6161,-0.57,-0.5297,-0.4969,-0.4603,-0.4233,-0.4121,-0.4259,-0.4835,-0.6867,-0.9745,-0.866,-0.7247,-0.7575,-0.9119,-1.0967,-1.2048,-1.2016,-1.1332,-1.0493,-0.8218,-0.823,-0.823,-0.8216,-0.8185,-0.8135,-0.8065,-0.7977,-0.787,-0.7744,-0.7598,-0.7426,-0.7226,-0.6995,-0.673,-0.6423,-0.6071,-0.57,-0.534,-0.4978,-0.4549,-0.4092,-0.3991,-0.4376,-0.5163,-0.6562,-0.7862,-0.7762,-0.7259,-0.7439,-0.8294,-0.9371,-1.014,-1.0352,-1.0123,-0.9684,-0.8089,-0.809,-0.808,-0.8056,-0.8018,-0.7964,-0.7892,-0.7804,-0.7697,-0.7572,-0.7427,-0.726,-0.7068,-0.685,-0.6604,-0.633,-0.6029,-0.5714,-0.5391,-0.5052,-0.4676,-0.4331,-0.4264,-0.4586,-0.5191,-0.5985,-0.6656,-0.6895,-0.6941,-0.7189,-0.7721,-0.8371,-0.8897,-0.9151,-0.9137,-0.8949]}]