docs/data/wind_grid.json
[{"header":{"la1":42.85,"la2":41.18,"lo1":11.55,"lo2":14.05,"nx":36,"ny":24,"dx":0.07143,"dy":0.07261,"parameterCategory":2,"parameterNumber":2,"parameterNumberName":"eastward_wind","parameterUnit":"m.s-1"},"data":[-0.7974,-0.8016,-0.8058,-0.81,-0.8138,-0.8163,-0.8163,-0.8122,-0.8032,-0.7896,-0.773,-0.7561,-0.7412,-0.7301,-0.7235,-0.7214,-0.7228,-0.7261,-0.7297,-0.732,-0.7324,-0.7306,-0.7274,-0.7231,-0.7184,-0.7137,-0.7092,-0.705,-0.7011,-0.6977,-0.6947,-0.6921,-0.6898,-0.6879,-0.6863,-0.685,-0.8065,-0.8121,-0.8182,-0.825,-0.8322,-0.8387,-0.8425,-0.8405,-0.83,-0.8111,-0.787,-0.7623,-0.7414,-0.7266,-0.7191,-0.7185,-0.7232,-0.7306,-0.7377,-0.7419,-0.7422,-0.7392,-0.7339,-0.7277,-0.7213,-0.7151,-0.7094,-0.7044,-0.6999,-0.696,-0.6927,-0.6898,-0.6874,-0.6854,-0.6838,-0.6824,-0.8163,-0.8235,-0.8319,-0.8419,-0.8541,-0.8678,-0.8797,-0.8833,-0.872,-0.8445,-0.8072,-0.7698,-0.7395,-0.7196,-0.7112,-0.7135,-0.7241,-0.7389,-0.752,-0.7587,-0.7579,-0.7516,-0.7427,-0.7333,-0.7244,-0.7163,-0.7093,-0.7032,-0.698,-0.6937,-0.69,-0.687,-0.6845,-0.6825,-0.6808,-0.6795,-0.8271,-0.836,-0.8465,-0.8601,-0.8789,-0.9041,-0.9324,-0.9513,-0.9419,-0.8983,-0.8363,-0.7775,-0.7332,-0.7065,-0.6974,-0.7048,-0.7259,-0.7543,-0.7784,-0.7881,-0.7825,-0.7689,-0.7535,-0.7394,-0.7272,-0.7169,-0.7084,-0.7012,-0.6954,-0.6906,-0.6867,-0.6836,-0.681,-0.679,-0.6774,-0.6762,-0.8392,-0.8496,-0.8617,-0.878,-0.9035,-0.945,-1.0045,-1.0618,-1.0642,-0.986,-0.8751,-0.7814,-0.7183,-0.6833,-0.6737,-0.6888,-0.7275,-0.7814,-0.8274,-0.8388,-0.8192,-0.7906,-0.7651,-0.7449,-0.729,-0.7163,-0.7061,-0.698,-0.6916,-0.6865,-0.6825,-0.6794,-0.6769,-0.6749,-0.6734,-0.6723,-0.8533,-0.8655,-0.8783,-0.8945,-0.9224,-0.9787,-1.085,-1.2289,-1.2724,-1.1132,-0.9111,-0.7711,-0.6884,-0.6447,-0.6338,-0.6578,-0.7214,-0.8198,-0.9091,-0.9166,-0.8637,-0.8114,-0.7742,-0.7479,-0.7284,-0.7135,-0.702,-0.6931,-0.6863,-0.6811,-0.6772,-0.6743,-0.672,-0.6702,-0.6689,-0.668,-0.8709,-0.8864,-0.8999,-0.912,-0.9315,-0.9834,-1.1167,-1.3657,-1.4843,-1.1954,-0.8975,-0.7295,-0.6371,-0.5849,-0.5674,-0.5965,-0.6853,-0.8337,-0.9788,-0.9767,-0.8879,-0.8195,-0.7762,-0.7465,-0.7245,-0.7077,-0.6951,-0.6858,-0.6791,-0.6743,-0.6708,-0.6682,-0.6662,-0.6647,-0.6636,-0.663,-0.8932,-0.9163,-0.9349,-0.9424,-0.9398,-0.9516,-1.027,-1.2007,-1.2731,-1.0233,-0.784,-0.6501,-0.5657,-0.4996,-0.4574,-0.4793,-0.5902,-0.7579,-0.9019,-0.9182,-0.8607,-0.8087,-0.7701,-0.7399,-0.7161,-0.6978,-0.6846,-0.6755,-0.6695,-0.6656,-0.6629,-0.661,-0.6595,-0.6584,-0.6576,-0.6572,-0.92,-0.9591,-0.9969,-1.0119,-0.9807,-0.922,-0.8833,-0.8688,-0.8116,-0.6965,-0.613,-0.5553,-0.4891,-0.393,-0.2709,-0.2538,-0.4323,-0.6452,-0.7836,-0.8318,-0.8236,-0.7944,-0.7605,-0.7287,-0.7022,-0.6823,-0.669,-0.6612,-0.6571,-0.655,-0.6537,-0.6528,-0.6519,-0.6512,-0.6508,-0.6507,-0.9461,-1.0102,-1.0928,-1.1573,-1.1044,-0.9425,-0.7934,-0.649,-0.4603,-0.3729,-0.4484,-0.4785,-0.4333,-0.3048,0.0129,0.1709,-0.2688,-0.6197,-0.7917,-0.8431,-0.8315,-0.7945,-0.7517,-0.7122,-0.6803,-0.6584,-0.6464,-0.642,-0.6416,-0.6426,-0.6434,-0.6436,-0.6433,-0.643,-0.6428,-0.643,-0.9599,-1.0454,-1.1814,-1.3447,-1.2961,-0.99,-0.7681,-0.5791,-0.1852,0.0017,-0.3393,-0.4431,-0.4114,-0.3163,-0.031,0.1752,-0.368,-0.8023,-0.986,-0.9708,-0.8891,-0.8076,-0.7402,-0.6862,-0.6456,-0.6212,-0.6135,-0.6167,-0.6233,-0.6289,-0.6323,-0.6337,-0.6337,-0.6334,-0.6334,-0.634,-0.9505,-1.0319,-1.1603,-1.3111,-1.2522,-0.9538,-0.7808,-0.7097,-0.4455,-0.2293,-0.4069,-0.4538,-0.4004,-0.324,-0.3147,-0.3979,-0.7696,-1.3356,-1.4782,-1.2042,-0.9633,-0.812,-0.7151,-0.6447,-0.5908,-0.5631,-0.5668,-0.5857,-0.6037,-0.6155,-0.6213,-0.6231,-0.6228,-0.622,-0.622,-0.623,-0.9196,-0.974,-1.0413,-1.0846,-1.0166,-0.8701,-0.7998,-0.8018,-0.767,-0.5754,-0.5195,-0.4865,-0.4185,-0.2916,-0.3248,-0.5921,-1.091,-2.1573,-2.1775,-1.3856,-0.9714,-0.7712,-0.6652,-0.5887,-0.515,-0.4792,-0.508,-0.5544,-0.5874,-0.6048,-0.6114,-0.6117,-0.6095,-0.6076,-0.6073,-0.6091,-0.8801,-0.9074,-0.9297,-0.927,-0.8819,-0.8205,-0.7975,-0.8315,-0.7834,-0.6546,-0.5775,-0.5135,-0.4702,-0.249,-0.456,-0.7548,-1.1353,-1.6894,-1.7427,-1.1889,-0.8165,-0.646,-0.5849,-0.5384,-0.4555,-0.4066,-0.4664,-0.5393,-0.5818,-0.5996,-0.6025,-0.5981,-0.5919,-0.5879,-0.5877,-0.5912,-0.8433,-0.8539,-0.8569,-0.8454,-0.8182,-0.7876,-0.7697,-0.7594,-0.7246,-0.6773,-0.6466,-0.5937,-0.4915,-0.4047,-0.5692,-1.02,-1.4056,-1.1983,-1.072,-0.7734,-0.4675,-0.3945,-0.4664,-0.5087,-0.4781,-0.4459,-0.4956,-0.5584,-0.5922,-0.6006,-0.5932,-0.5787,-0.5655,-0.5588,-0.56,-0.5674,-0.8138,-0.816,-0.8124,-0.801,-0.783,-0.7632,-0.7459,-0.7294,-0.7119,-0.7121,-0.7612,-0.6994,-0.6491,-0.5893,-0.6928,-0.9956,-1.2433,-0.9896,-0.7454,-0.408,0.0729,-0.0191,-0.3348,-0.4904,-0.5367,-0.5489,-0.5774,-0.607,-0.6167,-0.6053,-0.5786,-0.5465,-0.522,-0.5135,-0.5204,-0.5362,-0.7915,-0.79,-0.7846,-0.7748,-0.7617,-0.7473,-0.7335,-0.7216,-0.7152,-0.7261,-0.7606,-0.7324,-0.7771,-0.8167,-0.785,-0.8551,-0.8607,-0.6886,-0.496,-0.2999,0.1489,0.0289,-0.3236,-0.5108,-0.6,-0.6473,-0.6711,-0.6707,-0.6495,-0.6094,-0.5517,-0.489,-0.4474,-0.4427,-0.4652,-0.4976,-0.7752,-0.7723,-0.7667,-0.7587,-0.7488,-0.7383,-0.7286,-0.7212,-0.719,-0.7246,-0.7351,-0.7519,-0.8204,-0.854,-0.8882,-0.9116,-0.7607,-0.4283,-0.1668,-0.3467,-0.2946,-0.3093,-0.452,-0.5827,-0.6841,-0.7635,-0.786,-0.7457,-0.6858,-0.6109,-0.5073,-0.3909,-0.3246,-0.3396,-0.3965,-0.456,-0.7633,-0.76,-0.755,-0.7486,-0.7412,-0.7338,-0.7274,-0.7233,-0.7232,-0.7283,-0.7397,-0.7629,-0.8063,-0.885,-1.1173,-1.2082,-0.8381,-0.4835,-0.3174,-0.4995,-0.5156,-0.5245,-0.5831,-0.6653,-0.7687,-0.9012,-0.929,-0.8138,-0.7155,-0.6148,-0.459,-0.262,-0.1659,-0.2265,-0.3344,-0.4243,-0.7546,-0.7515,-0.7473,-0.7423,-0.7369,-0.7318,-0.7279,-0.7262,-0.7278,-0.734,-0.7467,-0.7701,-0.8129,-0.902,-1.0811,-1.1249,-0.861,-0.6512,-0.6444,-0.6836,-0.632,-0.6453,-0.6834,-0.7271,-0.7947,-0.92,-0.9482,-0.7975,-0.7235,-0.6382,-0.4631,-0.2135,-0.0979,-0.1872,-0.3191,-0.4198,-0.7483,-0.7455,-0.7421,-0.7383,-0.7345,-0.7312,-0.7291,-0.729,-0.7317,-0.7384,-0.7506,-0.7713,-0.805,-0.858,-0.9173,-0.9102,-0.8083,-0.7079,-0.6753,-0.68,-0.7014,-0.758,-0.7924,-0.7832,-0.7697,-0.7427,-0.6406,-0.6666,-0.7303,-0.706,-0.5656,-0.3547,-0.2396,-0.2808,-0.3718,-0.45,-0.7437,-0.7413,-0.7386,-0.7358,-0.7332,-0.7312,-0.7303,-0.7311,-0.7342,-0.7405,-0.751,-0.7666,-0.7882,-0.8134,-0.8304,-0.8184,-0.7757,-0.731,-0.7118,-0.728,-0.7983,-0.9235,-0.9623,-0.8669,-0.7707,-0.6629,-0.5193,-0.6299,-0.8351,-0.8521,-0.7275,-0.5622,-0.4522,-0.4325,-0.4626,-0.5031,-0.7403,-0.7383,-0.7362,-0.7342,-0.7324,-0.7313,-0.7311,-0.7324,-0.7354,-0.7408,-0.7489,-0.7596,-0.7723,-0.7839,-0.7886,-0.7806,-0.762,-0.7449,-0.7445,-0.7777,-0.8725,-1.0341,-1.0784,-0.9314,-0.8036,-0.7217,-0.6926,-0.8533,-1.1105,-1.0542,-0.8751,-0.7159,-0.6089,-0.5593,-0.5502,-0.5602,-0.7377,-0.7361,-0.7345,-0.7331,-0.7319,-0.7313,-0.7316,-0.7329,-0.7357,-0.7399,-0.7458,-0.7529,-0.7602,-0.766,-0.7676,-0.7638,-0.7568,-0.7533,-0.7628,-0.7973,-0.8694,-0.9638,-0.9863,-0.9056,-0.8231,-0.7853,-0.8166,-0.9699,-1.1486,-1.0906,-0.929,-0.7921,-0.6977,-0.6422,-0.6164,-0.6089]},{"header":{"la1":42.85,"la2":41.18,"lo1":11.55,"lo2":14.05,"nx":36,"ny":24,"dx":0.07143,"dy":0.07261,"parameterCategory":2,"parameterNumber":3,"parameterNumberName":"northward_wind","parameterUnit":"m.s-1"},"data":[-0.6824,-0.6827,-0.6819,-0.6798,-0.6764,-0.6718,-0.6666,-0.661,-0.6552,-0.6489,-0.6414,-0.6316,-0.6189,-0.6028,-0.5836,-0.5621,-0.5395,-0.5179,-0.4992,-0.4851,-0.4758,-0.4708,-0.4689,-0.4687,-0.4694,-0.4706,-0.4719,-0.4732,-0.4747,-0.4761,-0.4777,-0.4793,-0.481,-0.4828,-0.4845,-0.4862,-0.6908,-0.6915,-0.6907,-0.6882,-0.6838,-0.6779,-0.6711,-0.6646,-0.6591,-0.6542,-0.6483,-0.6396,-0.6266,-0.6085,-0.5856,-0.5585,-0.5293,-0.5009,-0.4772,-0.461,-0.4528,-0.4508,-0.4524,-0.4554,-0.4587,-0.4618,-0.4646,-0.4671,-0.4694,-0.4716,-0.4739,-0.4761,-0.4784,-0.4806,-0.4828,-0.4849,-0.6997,-0.7009,-0.7002,-0.697,-0.691,-0.6823,-0.6721,-0.6632,-0.6581,-0.6563,-0.6546,-0.6489,-0.6365,-0.6167,-0.5891,-0.5544,-0.5147,-0.4752,-0.4432,-0.4248,-0.4202,-0.4246,-0.4325,-0.4406,-0.4474,-0.4529,-0.4573,-0.461,-0.4643,-0.4673,-0.4703,-0.4732,-0.476,-0.4788,-0.4815,-0.4841,-0.7091,-0.711,-0.7107,-0.7069,-0.6984,-0.6845,-0.6668,-0.6512,-0.6456,-0.6511,-0.659,-0.6599,-0.6501,-0.6289,-0.5961,-0.551,-0.4951,-0.4356,-0.3882,-0.3678,-0.3733,-0.3911,-0.4099,-0.425,-0.4362,-0.4443,-0.4504,-0.4553,-0.4595,-0.4634,-0.467,-0.4706,-0.4741,-0.4775,-0.4808,-0.4839,-0.7188,-0.7219,-0.7224,-0.7186,-0.7075,-0.6854,-0.6516,-0.6172,-0.6076,-0.6309,-0.6607,-0.6744,-0.6692,-0.6476,-0.6099,-0.5525,-0.472,-0.3755,-0.2964,-0.2764,-0.308,-0.3519,-0.387,-0.4107,-0.4263,-0.4368,-0.4444,-0.4503,-0.4553,-0.4599,-0.4643,-0.4686,-0.4728,-0.4769,-0.4808,-0.4844,-0.7284,-0.733,-0.7355,-0.7334,-0.7217,-0.6909,-0.6299,-0.5479,-0.5199,-0.5893,-0.6644,-0.6967,-0.6964,-0.6759,-0.6362,-0.5684,-0.4576,-0.2988,-0.1533,-0.1423,-0.2321,-0.3165,-0.3696,-0.4006,-0.4191,-0.4311,-0.4395,-0.4462,-0.4519,-0.4571,-0.4622,-0.4673,-0.4723,-0.4772,-0.4818,-0.486,-0.737,-0.7432,-0.7484,-0.751,-0.745,-0.7153,-0.6335,-0.4828,-0.4129,-0.5644,-0.6931,-0.7348,-0.734,-0.7162,-0.682,-0.6138,-0.4834,-0.2655,-0.0353,-0.0401,-0.1935,-0.3052,-0.365,-0.3969,-0.4155,-0.4275,-0.4362,-0.4433,-0.4494,-0.4553,-0.4611,-0.467,-0.4729,-0.4786,-0.484,-0.4888,-0.7433,-0.7499,-0.7569,-0.7659,-0.775,-0.7696,-0.7184,-0.6001,-0.5475,-0.6847,-0.7808,-0.7935,-0.7799,-0.769,-0.7563,-0.7055,-0.5795,-0.3738,-0.1661,-0.1465,-0.2504,-0.3306,-0.3748,-0.3995,-0.4151,-0.4263,-0.4349,-0.4419,-0.4483,-0.4546,-0.4611,-0.4679,-0.4749,-0.4817,-0.488,-0.4934,-0.7463,-0.7498,-0.7525,-0.7627,-0.7926,-0.8352,-0.8631,-0.8709,-0.9014,-0.9463,-0.9236,-0.863,-0.8229,-0.8289,-0.8759,-0.8687,-0.7277,-0.5428,-0.3956,-0.3379,-0.3478,-0.371,-0.3897,-0.4043,-0.4169,-0.4276,-0.4361,-0.4429,-0.449,-0.4553,-0.4625,-0.4705,-0.4788,-0.4869,-0.4943,-0.5004,-0.7467,-0.7426,-0.7278,-0.7152,-0.7595,-0.8765,-0.9985,-1.1173,-1.2683,-1.2995,-1.0985,-0.9191,-0.8426,-0.8693,-1.0533,-1.1533,-0.8677,-0.6389,-0.5076,-0.4372,-0.4055,-0.3955,-0.3975,-0.4073,-0.4209,-0.4335,-0.4422,-0.4475,-0.452,-0.4578,-0.4656,-0.4751,-0.4853,-0.4951,-0.5038,-0.5106,-0.7475,-0.7365,-0.6975,-0.6291,-0.6645,-0.8962,-1.1166,-1.2913,-1.6054,-1.7684,-1.2344,-0.9246,-0.8234,-0.8369,-1.016,-1.1565,-0.8355,-0.625,-0.5209,-0.4571,-0.4146,-0.3931,-0.392,-0.4076,-0.4312,-0.4503,-0.4579,-0.458,-0.4579,-0.462,-0.4707,-0.4825,-0.4954,-0.5077,-0.5178,-0.5253,-0.7524,-0.7447,-0.7107,-0.6494,-0.7004,-0.9757,-1.2584,-1.4326,-1.4819,-1.5178,-1.1179,-0.8558,-0.7831,-0.8013,-0.8069,-0.7732,-0.6471,-0.549,-0.5027,-0.4412,-0.3886,-0.3637,-0.3712,-0.4086,-0.46,-0.493,-0.492,-0.4762,-0.4661,-0.4672,-0.4778,-0.4938,-0.5111,-0.5267,-0.5386,-0.5461,-0.7601,-0.7651,-0.7643,-0.7745,-0.8639,-1.0738,-1.3456,-1.6821,-1.3695,-1.1561,-0.91,-0.7536,-0.7295,-0.8135,-0.7832,-0.5981,-0.4751,-0.537,-0.5331,-0.406,-0.327,-0.3007,-0.3296,-0.4123,-0.5255,-0.585,-0.5506,-0.4985,-0.4722,-0.4716,-0.4876,-0.5113,-0.5357,-0.5559,-0.5692,-0.5756,-0.7649,-0.7811,-0.8032,-0.8448,-0.9295,-1.068,-1.2324,-1.3114,-1.2239,-0.9688,-0.7608,-0.6847,-0.6809,-0.6829,-0.5964,-0.3257,-0.1207,-0.3382,-0.4048,-0.2946,-0.1993,-0.1786,-0.2484,-0.3945,-0.5953,-0.6911,-0.5987,-0.504,-0.4676,-0.4732,-0.502,-0.5399,-0.5754,-0.6012,-0.6147,-0.6171,-0.7627,-0.7829,-0.8103,-0.8511,-0.9111,-0.988,-1.0598,-1.0743,-0.9642,-0.7574,-0.601,-0.5635,-0.5642,-0.5045,-0.4354,0.1879,0.862,0.1231,-0.1576,-0.0994,0.0633,0.0611,-0.1025,-0.3033,-0.5128,-0.6133,-0.5402,-0.4624,-0.4442,-0.4722,-0.5267,-0.5889,-0.6414,-0.673,-0.6821,-0.6746,-0.7528,-0.7715,-0.7949,-0.8241,-0.8584,-0.8908,-0.9037,-0.8678,-0.756,-0.5755,-0.383,-0.4138,-0.4516,-0.4622,-0.3411,0.1353,0.5774,0.1047,-0.1059,0.0863,0.5545,0.4449,0.0691,-0.1712,-0.3227,-0.3934,-0.3865,-0.3744,-0.4029,-0.4734,-0.5723,-0.6757,-0.7534,-0.787,-0.7809,-0.7519,-0.7372,-0.7518,-0.768,-0.7849,-0.7996,-0.8054,-0.7908,-0.7417,-0.6492,-0.5182,-0.39,-0.4082,-0.3791,-0.3467,-0.3371,-0.1969,-0.1091,-0.2367,-0.3058,-0.0006,0.6123,0.486,0.1043,-0.0914,-0.1743,-0.1987,-0.2128,-0.2593,-0.3495,-0.483,-0.6541,-0.8288,-0.9438,-0.965,-0.9189,-0.8487,-0.7183,-0.7281,-0.7374,-0.7446,-0.7469,-0.7393,-0.7156,-0.6706,-0.6041,-0.5268,-0.4644,-0.428,-0.3636,-0.3411,-0.3627,-0.3416,-0.3473,-0.527,-0.7268,-0.3589,0.0088,0.0906,-0.0027,-0.0686,-0.062,-0.0041,-0.0037,-0.1185,-0.2877,-0.5018,-0.7821,-1.0818,-1.2501,-1.2196,-1.089,-0.9532,-0.6982,-0.7036,-0.7074,-0.708,-0.7032,-0.6899,-0.6655,-0.6283,-0.5807,-0.5297,-0.4841,-0.4452,-0.409,-0.3905,-0.3915,-0.3939,-0.4054,-0.5304,-0.6321,-0.4545,-0.2647,-0.1293,-0.0829,-0.0549,0.0339,0.2253,0.2638,0.018,-0.2345,-0.5162,-0.9209,-1.4039,-1.6346,-1.4934,-1.2424,-1.0349,-0.6782,-0.6802,-0.68,-0.6764,-0.668,-0.653,-0.6303,-0.5999,-0.5638,-0.5257,-0.4894,-0.4565,-0.4282,-0.4076,-0.3974,-0.396,-0.4047,-0.4449,-0.4829,-0.4921,-0.3291,-0.1677,-0.0799,-0.0345,0.05,0.2577,0.3052,0.0025,-0.2251,-0.4955,-0.9407,-1.5281,-1.7953,-1.5897,-1.2856,-1.0533,-0.6592,-0.6586,-0.6557,-0.6497,-0.6396,-0.6245,-0.6041,-0.5788,-0.5498,-0.5193,-0.4893,-0.4611,-0.436,-0.4155,-0.4016,-0.3943,-0.3924,-0.4001,-0.4186,-0.3978,-0.2418,-0.0514,0.0377,0.0182,-0.0091,-0.0308,-0.1531,-0.1796,-0.2429,-0.4203,-0.7624,-1.2271,-1.479,-1.3834,-1.1742,-0.9931,-0.6416,-0.6392,-0.6345,-0.6271,-0.6164,-0.602,-0.5837,-0.5619,-0.5376,-0.512,-0.4864,-0.4616,-0.4387,-0.4186,-0.4019,-0.3876,-0.3734,-0.3562,-0.3264,-0.2445,-0.0431,0.251,0.3399,0.1515,-0.0243,-0.1602,-0.2874,-0.2454,-0.2213,-0.3023,-0.5198,-0.8208,-1.0303,-1.0585,-0.9812,-0.8826,-0.6256,-0.6218,-0.6161,-0.608,-0.5972,-0.5836,-0.567,-0.5479,-0.5269,-0.5046,-0.482,-0.4597,-0.4381,-0.4177,-0.3982,-0.3778,-0.3533,-0.3182,-0.258,-0.1376,0.1067,0.4764,0.5741,0.2624,0.0017,-0.1417,-0.2086,-0.1901,-0.1321,-0.1777,-0.3454,-0.5563,-0.7226,-0.7978,-0.7989,-0.7642,-0.6111,-0.6065,-0.6001,-0.5917,-0.5811,-0.5682,-0.5531,-0.536,-0.5172,-0.4974,-0.477,-0.4563,-0.4356,-0.4147,-0.3929,-0.3684,-0.3374,-0.2936,-0.2243,-0.1072,0.0838,0.3111,0.3654,0.1848,-0.0066,-0.1221,-0.1724,-0.1634,-0.1195,-0.1554,-0.2808,-0.4293,-0.5541,-0.6316,-0.6631,-0.6636]}]