docs/data/wind_grid.json
{"header": {"la1":42.1,"la2":41.55,"lo1":12.1,"lo2":12.95,"nx":50,"ny":50,"dx":0.01735,"dy":0.01122,"parameterCategory":2,"parameterNumber":3,"parameterNumberName":"northward_wind","parameterUnit":"m.s-1"}, "data":
[rows 0 to 45 of 50, columns 0 to 49 of 50]
3.624,3.6248,3.626,3.6277,3.63,3.6329,3.6365,3.6407,3.6456,3.6512,3.6576,3.6647,3.6727,3.6815,3.6912,3.7019,3.7137,3.7268,3.7414,3.7579,3.7765,3.7977,3.8219,3.8494,3.8807,3.9159,3.9552,3.9986,4.0461,4.0972,4.1514,4.2082,4.2665,4.3253,4.3832,4.4386,4.4899,4.5354,4.5737,4.6038,4.6252,4.6382,4.6433,4.6415,4.6341,4.6223,4.6072,4.5899,4.5711,4.5516
3.6172,3.6177,3.6187,3.6202,3.6223,3.625,3.6283,3.6324,3.6372,3.6427,3.6489,3.656,3.6638,3.6725,3.682,3.6925,3.7041,3.7169,3.7313,3.7475,3.7659,3.787,3.8113,3.8391,3.871,3.9072,3.948,3.9933,4.043,4.0969,4.1543,4.2146,4.2768,4.3397,4.4018,4.4614,4.5166,4.5653,4.6061,4.6376,4.6594,4.6716,4.6752,4.6713,4.6614,4.6469,4.6293,4.6095,4.5885,4.5669
3.6102,3.6105,3.6112,3.6125,3.6144,3.6169,3.62,3.6239,3.6285,3.6339,3.6401,3.647,3.6547,3.6633,3.6726,3.6829,3.6943,3.7068,3.7208,3.7367,3.7548,3.7757,3.8,3.8281,3.8605,3.8977,3.9399,3.9871,4.0392,4.0959,4.1566,4.2206,4.2868,4.3541,4.4207,4.4848,4.5442,4.5966,4.64,4.673,4.695,4.7063,4.708,4.7017,4.689,4.6717,4.6512,4.6288,4.6054,4.5817
3.6032,3.6031,3.6036,3.6046,3.6063,3.6086,3.6115,3.6152,3.6197,3.625,3.631,3.6379,3.6455,3.6539,3.6631,3.6732,3.6843,3.6965,3.7101,3.7255,3.7432,3.7638,3.7879,3.8162,3.8492,3.8874,3.931,3.9801,4.0347,4.0943,4.1583,4.2261,4.2965,4.3683,4.4397,4.5087,4.5726,4.6289,4.6751,4.7097,4.7318,4.742,4.7416,4.7325,4.7167,4.6962,4.6727,4.6476,4.6217,4.5959
3.596,3.5957,3.5958,3.5966,3.598,3.6,3.6028,3.6064,3.6107,3.6158,3.6218,3.6285,3.6361,3.6444,3.6535,3.6633,3.6741,3.6859,3.6991,3.714,3.7312,3.7514,3.7752,3.8035,3.837,3.876,3.9211,3.9723,4.0293,4.0919,4.1594,4.231,4.3057,4.3822,4.4586,4.5326,4.6014,4.6619,4.7112,4.7474,4.7696,4.7784,4.7755,4.7632,4.744,4.7202,4.6936,4.6655,4.6372,4.6092
3.5887,3.588,3.5879,3.5884,3.5895,3.5913,3.5939,3.5972,3.6014,3.6065,3.6123,3.619,3.6265,3.6347,3.6437,3.6534,3.6639,3.6753,3.6879,3.7022,3.7188,3.7384,3.7618,3.7901,3.8238,3.8638,3.9103,3.9635,4.0232,4.0888,4.1598,4.2352,4.3142,4.3953,4.4768,4.5561,4.6301,4.6951,4.7478,4.7856,4.8077,4.8149,4.8092,4.7935,4.7706,4.7432,4.7133,4.6824,4.6516,4.6215
3.5812,3.5803,3.5799,3.58,3.5808,3.5824,3.5847,3.5879,3.5919,3.5968,3.6027,3.6093,3.6168,3.625,3.6339,3.6434,3.6536,3.6646,3.6767,3.6903,3.706,3.7249,3.7478,3.7758,3.8099,3.8507,3.8987,3.954,4.0162,4.0849,4.1594,4.2387,4.3218,4.4075,4.4939,4.5786,4.658,4.7278,4.784,4.8237,4.8456,4.8508,4.842,4.8226,4.7959,4.7648,4.7316,4.6979,4.6647,4.6325
3.5737,3.5724,3.5716,3.5715,3.572,3.5732,3.5753,3.5783,3.5822,3.587,3.5927,3.5994,3.6069,3.6151,3.624,3.6334,3.6434,3.6539,3.6654,3.6782,3.6931,3.711,3.7332,3.7608,3.795,3.8367,3.8862,3.9436,4.0086,4.0805,4.1583,4.2413,4.3283,4.4183,4.5095,4.5994,4.6842,4.7591,4.8191,4.8606,4.8822,4.8853,4.8732,4.8498,4.8192,4.7845,4.7481,4.7116,4.6761,4.6421
3.566,3.5644,3.5632,3.5627,3.5629,3.5638,3.5657,3.5684,3.5721,3.5769,3.5826,3.5893,3.5968,3.6051,3.614,3.6234,3.6332,3.6434,3.6542,3.6661,3.6799,3.6968,3.7181,3.7452,3.7794,3.8219,3.8729,3.9326,4.0004,4.0755,4.1567,4.2431,4.3337,4.4275,4.523,4.6178,4.7078,4.7877,4.8516,4.895,4.9163,4.9172,4.9016,4.8743,4.8398,4.8016,4.7622,4.7232,4.6857,4.6501
3.5583,3.5562,3.5547,3.5538,3.5536,3.5542,3.5557,3.5582,3.5618,3.5664,3.5721,3.5789,3.5865,3.595,3.604,3.6134,3.6231,3.633,3.6432,3.6542,3.6668,3.6824,3.7025,3.7289,3.7632,3.8063,3.859,3.9211,3.9919,4.0702,4.1547,4.2443,4.3379,4.4347,4.5337,4.6327,4.7276,4.8124,4.8801,4.9255,4.9465,4.9452,4.9262,4.8951,4.8569,4.8156,4.7735,4.7324,4.6932,4.6562
3.5504,3.5479,3.546,3.5446,3.5441,3.5443,3.5455,3.5478,3.5511,3.5556,3.5613,3.5682,3.576,3.5847,3.5939,3.6036,3.6133,3.6229,3.6325,3.6426,3.6539,3.668,3.6868,3.7123,3.7463,3.7903,3.8447,3.9093,3.9832,4.0649,4.1527,4.245,4.341,4.4399,4.5413,4.6433,4.7422,4.8313,4.9028,4.9502,4.971,4.9676,4.9455,4.9111,4.8699,4.8259,4.7817,4.7389,4.6983,4.6603
3.5425,3.5395,3.5371,3.5353,3.5343,3.5341,3.535,3.5369,3.5401,3.5445,3.5502,3.5571,3.5652,3.5742,3.5838,3.5938,3.6036,3.6132,3.6223,3.6314,3.6414,3.6538,3.671,3.6953,3.7291,3.7738,3.8301,3.8975,3.9748,4.0601,4.151,4.2458,4.3433,4.4432,4.5454,4.649,4.7505,4.8431,4.9178,4.967,4.9879,4.9829,4.9584,4.9215,4.8779,4.832,4.7863,4.7424,4.701,4.6624
3.5345,3.531,3.5281,3.5258,3.5243,3.5237,3.5241,3.5257,3.5286,3.5329,3.5386,3.5457,3.554,3.5634,3.5736,3.584,3.5942,3.6039,3.6128,3.621,3.6295,3.6401,3.6554,3.6784,3.7118,3.7573,3.8156,3.8861,3.9671,4.0561,4.1502,4.2471,4.3454,4.4449,4.5462,4.6494,4.7516,4.8461,4.9233,4.9742,4.9954,4.9896,4.9637,4.9252,4.8804,4.8334,4.7871,4.7427,4.701,4.6622
3.5264,3.5224,3.519,3.5161,3.5141,3.513,3.5129,3.5141,3.5167,3.5208,3.5265,3.5337,3.5424,3.5523,3.5631,3.5742,3.5851,3.5951,3.6039,3.6115,3.6186,3.6273,3.6404,3.6619,3.6947,3.7411,3.8015,3.8753,3.9604,4.0536,4.1511,4.2498,4.3481,4.4458,4.5443,4.6446,4.7451,4.8396,4.9179,4.9702,4.9921,4.9865,4.9605,4.9218,4.8769,4.8301,4.7839,4.7398,4.6984,4.6598
3.5183,3.5137,3.5097,3.5063,3.5036,3.5019,3.5014,3.5021,3.5043,3.5082,3.5138,3.5212,3.5302,3.5407,3.5523,3.5643,3.5761,3.5868,3.596,3.6032,3.6091,3.6157,3.6266,3.6462,3.6784,3.7255,3.7883,3.8658,3.9554,4.0532,4.1544,4.255,4.3525,4.4471,4.5407,4.6357,4.7317,4.8237,4.9014,4.9543,4.9774,4.9731,4.9484,4.9111,4.8675,4.8219,4.7769,4.7337,4.6931,4.6552
3.5101,3.505,3.5003,3.4962,3.4929,3.4906,3.4894,3.4896,3.4914,3.495,3.5004,3.5079,3.5173,3.5285,3.5409,3.5541,3.567,3.5789,3.5888,3.5962,3.6014,3.6061,3.6144,3.6319,3.6633,3.7111,3.7764,3.8579,3.9526,4.0556,4.1611,4.2636,4.3601,4.4505,4.5373,4.6243,4.713,4.7995,4.8745,4.9271,4.9517,4.9498,4.9278,4.8934,4.8524,4.8091,4.7661,4.7246,4.6853,4.6486
3.5019,3.4962,3.4908,3.4861,3.4821,3.479,3.4771,3.4767,3.4779,3.4811,3.4864,3.4938,3.5036,3.5154,3.5289,3.5433,3.5578,3.5711,3.5823,3.5905,3.5957,3.5989,3.6046,3.6197,3.65,3.6985,3.7662,3.8521,3.9525,4.0616,4.172,4.277,4.3724,4.4577,4.5363,4.6131,4.6914,4.7697,4.8395,4.8907,4.9166,4.9178,4.8998,4.8694,4.8322,4.7922,4.7519,4.7126,4.6752,4.64
3.4938,3.4873,3.4813,3.4758,3.471,3.4671,3.4645,3.4633,3.4639,3.4665,3.4714,3.4789,3.4888,3.5013,3.5158,3.5318,3.548,3.5631,3.576,3.5858,3.5921,3.5948,3.598,3.6103,3.6392,3.6881,3.7583,3.8488,3.9555,4.0716,4.1881,4.2963,4.3909,4.4709,4.54,4.6047,4.6705,4.7377,4.8001,4.8481,4.8747,4.8794,4.866,4.8405,4.8078,4.7718,4.7348,4.6983,4.6631,4.6297
3.4857,3.4785,3.4717,3.4654,3.4597,3.455,3.4514,3.4494,3.4492,3.4512,3.4557,3.4628,3.4729,3.4859,3.5015,3.519,3.5372,3.5544,3.5692,3.5812,3.5898,3.5937,3.5947,3.6039,3.631,3.6801,3.7528,3.8482,3.9621,4.0862,4.2099,4.3225,4.4169,4.4916,4.5508,4.6022,4.6535,4.7075,4.7603,4.8034,4.8297,4.8373,4.8286,4.8082,4.7804,4.7487,4.7153,4.6819,4.6492,4.6178
3.4777,3.4698,3.4622,3.455,3.4484,3.4426,3.4381,3.4351,3.434,3.4351,3.439,3.4457,3.4557,3.4691,3.4856,3.5047,3.525,3.5444,3.5612,3.575,3.5866,3.5936,3.5934,3.5994,3.6249,3.6744,3.7498,3.8505,3.9722,4.1056,4.2379,4.3562,4.4513,4.5211,4.5701,4.6076,4.6434,4.6827,4.724,4.7604,4.7849,4.7943,4.7897,4.7741,4.7512,4.7238,4.6942,4.6639,4.6339,4.6047
3.4698,3.4612,3.4527,3.4445,3.4369,3.4302,3.4245,3.4204,3.4182,3.4184,3.4213,3.4275,3.4371,3.4505,3.4678,3.4884,3.5109,3.5327,3.5512,3.5657,3.5782,3.5881,3.5887,3.5939,3.6195,3.6704,3.749,3.8555,3.9857,4.1293,4.2716,4.3969,4.4939,4.5593,4.5983,4.6218,4.6417,4.6655,4.6941,4.7222,4.7432,4.753,4.7513,4.7398,4.7212,4.6979,4.672,4.6448,4.6175,4.5905
3.4621,3.4527,3.4433,3.4342,3.4255,3.4176,3.4107,3.4053,3.4019,3.4009,3.4029,3.4081,3.417,3.4301,3.4477,3.4697,3.4946,3.5191,3.5392,3.5528,3.5612,3.5679,3.5725,3.5838,3.6133,3.6674,3.7502,3.863,4.002,4.1566,4.3098,4.4432,4.5429,4.6046,4.6341,4.644,4.6481,4.6565,4.6719,4.6905,4.7064,4.7151,4.7149,4.7064,4.6914,4.6718,4.6492,4.6251,4.6003,4.5756
3.4546,3.4444,3.4341,3.424,3.4142,3.405,3.3968,3.39,3.3852,3.3829,3.3837,3.3878,3.3956,3.4079,3.4252,3.4481,3.4754,3.5033,3.5259,3.5384,3.5397,3.5367,3.5459,3.5689,3.606,3.6652,3.753,3.8724,4.0203,4.1857,4.3501,4.4921,4.5951,4.6537,4.6743,4.6713,4.6608,4.6545,4.6569,4.6656,4.6754,4.6815,4.6815,4.6749,4.6626,4.646,4.6264,4.605,4.5827,4.5601
3.4474,3.4364,3.4252,3.4141,3.4031,3.3925,3.3829,3.3746,3.3683,3.3645,3.3639,3.3667,3.3732,3.3839,3.4001,3.4232,3.4529,3.485,3.5119,3.5257,3.5233,3.5137,3.5237,3.5546,3.5993,3.6643,3.7575,3.8831,4.0391,4.2144,4.3891,4.5391,4.6454,4.7013,4.7141,4.6998,4.6765,4.6571,4.6475,4.6465,4.6497,4.6523,4.6514,4.6456,4.6353,4.621,4.6039,4.585,4.5649,4.5443
3.4406,3.4288,3.4167,3.4044,3.3922,3.3803,3.3691,3.3592,3.3512,3.3459,3.3438,3.3452,3.3501,3.3586,3.3726,3.3947,3.4262,3.4634,3.4968,3.5158,3.5158,3.5069,3.5151,3.5469,3.596,3.6658,3.7638,3.8946,4.057,4.2399,4.4225,4.5787,4.6875,4.7412,4.7478,4.7247,4.6911,4.6612,4.6414,4.6318,4.6285,4.6272,4.6245,4.6188,4.6095,4.5971,4.582,4.5651,4.547,4.5283
3.4341,3.4216,3.4086,3.3953,3.3818,3.3685,3.3557,3.344,3.3343,3.3273,3.3238,3.3238,3.3269,3.3327,3.3431,3.3626,3.395,3.4375,3.4792,3.5067,3.5137,3.51,3.5176,3.5474,3.5976,3.6705,3.7718,3.9061,4.0721,4.2592,4.4461,4.6056,4.7155,4.7677,4.7702,4.7415,4.7012,4.6638,4.6363,4.6195,4.6105,4.6052,4.6005,4.5942,4.5855,4.5742,4.5608,4.5457,4.5293,4.5123
3.4282,3.4149,3.401,3.3867,3.372,3.3573,3.3428,3.3293,3.3176,3.3089,3.304,3.303,3.3045,3.3071,3.3126,3.3276,3.3592,3.4067,3.4576,3.4954,3.5121,3.5159,3.5256,3.5541,3.6042,3.6783,3.7813,3.9167,4.0832,4.2703,4.4569,4.6161,4.7255,4.7768,4.778,4.7473,4.704,4.6624,4.63,4.6079,4.5943,4.5855,4.5787,4.5715,4.563,4.5526,4.5404,4.5267,4.5119,4.4963
3.4227,3.4087,3.3941,3.3787,3.3629,3.3468,3.3307,3.3153,3.3016,3.291,3.2847,3.2831,3.2838,3.2832,3.2825,3.2912,3.3204,3.3716,3.4314,3.4801,3.5076,3.5205,3.5349,3.5642,3.6143,3.6887,3.7915,3.9256,4.0893,4.272,4.4539,4.6091,4.7163,4.7674,4.7699,4.7407,4.6981,4.6557,4.6209,4.5957,4.5787,4.5672,4.5585,4.5504,4.5418,4.5319,4.5207,4.5082,4.4947,4.4805
3.4179,3.4032,3.3878,3.3716,3.3547,3.3373,3.3196,3.3023,3.2866,3.2739,3.2663,3.2645,3.2655,3.2622,3.2545,3.2558,3.2817,3.3353,3.4023,3.4609,3.4992,3.5219,3.543,3.5752,3.626,3.7002,3.8015,3.9322,4.0899,4.2647,4.4379,4.5861,4.6897,4.7412,4.747,4.7223,4.6833,4.6429,4.6082,4.5817,4.5628,4.5494,4.5393,4.5304,4.5216,4.5122,4.5017,4.4902,4.4779,4.4649
3.4136,3.3985,3.3825,3.3655,3.3476,3.329,3.3099,3.2908,3.2729,3.2581,3.2489,3.2475,3.2501,3.2455,3.2311,3.2252,3.2479,3.3026,3.3741,3.44,3.4879,3.5204,3.549,3.5854,3.6378,3.7115,3.8104,3.9359,4.0855,4.2496,4.4115,4.5505,4.6495,4.7017,4.7121,4.6937,4.6606,4.6243,4.5917,4.5656,4.5461,4.5317,4.5206,4.5112,4.5023,4.4931,4.4833,4.4727,4.4614,4.4495
3.4101,3.3945,3.378,3.3604,3.3417,3.3221,3.3018,3.2812,3.2614,3.2443,3.2334,3.2321,3.2378,3.2341,3.2148,3.204,3.2245,3.2786,3.351,3.4209,3.4758,3.5167,3.5527,3.5939,3.6484,3.7217,3.8174,3.9367,4.0767,4.2286,4.3778,4.5065,4.6003,4.6531,4.6687,4.6574,4.6314,4.6007,4.5716,4.5472,4.5281,4.5135,4.502,4.4924,4.4836,4.4747,4.4655,4.4557,4.4453,4.4343
3.4073,3.3914,3.3745,3.3564,3.3372,3.3169,3.2956,3.2738,3.2525,3.2336,3.2208,3.2193,3.2284,3.2284,3.2082,3.1959,3.215,3.2663,3.336,3.4061,3.4651,3.5124,3.5548,3.6006,3.6572,3.73,3.8222,3.9347,4.0645,4.2038,4.3399,4.4581,4.5463,4.5994,4.6199,4.616,4.5975,4.5729,4.5482,4.5265,4.5088,4.4947,4.4834,4.4739,4.4652,4.4568,4.4481,4.439,4.4294,4.4193
3.4052,3.3891,3.372,3.3536,3.3341,3.3134,3.2916,3.2692,3.247,3.2269,3.2129,3.2108,3.2223,3.2276,3.2116,3.2013,3.2189,3.2655,3.3297,3.397,3.4572,3.5087,3.556,3.6057,3.6641,3.7361,3.8246,3.9302,4.0498,4.1767,4.3002,4.4083,4.4911,4.544,4.5688,4.5717,4.5604,4.5422,4.5224,4.5039,4.4882,4.4752,4.4645,4.4554,4.4471,4.4391,4.431,4.4226,4.4138,4.4046
3.4039,3.3878,3.3705,3.3521,3.3325,3.3117,3.2899,3.2674,3.2451,3.225,3.2108,3.2086,3.2207,3.2303,3.222,3.2162,3.2325,3.2735,3.331,3.3935,3.4528,3.5064,3.557,3.6096,3.6693,3.7403,3.825,3.9237,4.0336,4.149,4.2608,4.3594,4.4369,4.4893,4.5176,4.5263,4.5217,4.5096,4.4947,4.4798,4.4665,4.455,4.4453,4.4369,4.4292,4.4217,4.4143,4.4066,4.3985,4.3901
3.4034,3.3873,3.3701,3.3518,3.3324,3.3119,3.2904,3.2684,3.2469,3.2277,3.2146,3.2129,3.2241,3.2355,3.235,3.2349,3.2509,3.2869,3.3377,3.395,3.4519,3.5059,3.5583,3.6127,3.673,3.7426,3.8235,3.9157,4.0167,4.1214,4.2228,4.3129,4.3853,4.4367,4.4676,4.4813,4.4825,4.476,4.4659,4.4547,4.4439,4.4343,4.4258,4.4183,4.4113,4.4045,4.3977,4.3907,4.3834,4.3757
3.4036,3.3877,3.3708,3.3528,3.3338,3.3138,3.293,3.2721,3.2519,3.2346,3.2232,3.2221,3.2317,3.2433,3.2485,3.2538,3.2705,3.3028,3.348,3.4001,3.4541,3.5073,3.5603,3.6155,3.6757,3.7436,3.8207,3.9067,3.9995,4.0948,4.1869,4.2693,4.3371,4.3873,4.42,4.4376,4.4437,4.4422,4.4365,4.4288,4.4208,4.4132,4.4061,4.3996,4.3935,4.3875,4.3814,4.3751,4.3685,4.3616
3.4046,3.389,3.3724,3.3549,3.3365,3.3173,3.2976,3.2781,3.2597,3.2444,3.235,3.2343,3.2424,3.2534,3.2621,3.2717,3.2896,3.3195,3.3602,3.4079,3.4587,3.5105,3.5631,3.6182,3.6777,3.7435,3.8168,3.8971,3.9826,4.0696,4.1535,4.2292,4.2926,4.3413,4.3752,4.3958,4.406,4.4089,4.4071,4.4028,4.3974,4.3918,4.3863,4.381,4.3758,4.3706,4.3653,4.3597,4.3539,4.3476
3.4063,3.391,3.3749,3.358,3.3404,3.3222,3.3038,3.2859,3.2694,3.2562,3.2485,3.2483,3.2551,3.2654,3.2761,3.2887,3.3077,3.336,3.3734,3.4174,3.4652,3.5151,3.5667,3.6209,3.6792,3.7428,3.8123,3.8874,3.9662,4.046,4.1227,4.1924,4.2519,4.299,4.3334,4.3564,4.3699,4.3763,4.378,4.3767,4.3739,4.3703,4.3664,4.3623,4.3582,4.3539,4.3493,4.3445,4.3394,4.3339
3.4086,3.3939,3.3783,3.3622,3.3454,3.3284,3.3114,3.2951,3.2806,3.2693,3.2631,3.2631,3.2691,3.2789,3.2906,3.305,3.3249,3.3522,3.387,3.4279,3.473,3.5208,3.571,3.6239,3.6805,3.7416,3.8075,3.8777,3.9507,4.024,4.0945,4.159,4.2148,4.2602,4.2948,4.3194,4.3355,4.3449,4.3496,4.3511,4.3506,4.3489,4.3466,4.3438,4.3407,4.3373,4.3336,4.3295,4.3251,4.3203
3.4116,3.3974,3.3825,3.3671,3.3514,3.3355,3.32,3.3054,3.2927,3.2832,3.2781,3.2785,3.284,3.2934,3.3056,3.321,3.3413,3.3678,3.4007,3.4391,3.4817,3.5274,3.5758,3.6271,3.6817,3.7402,3.8026,3.8683,3.9361,4.0037,4.0688,4.1286,4.1811,4.2248,4.2593,4.2849,4.303,4.3149,4.3221,4.326,4.3276,4.3278,4.3269,4.3254,4.3234,4.3209,4.318,4.3147,4.311,4.3069
3.4151,3.4015,3.3874,3.3729,3.3581,3.3435,3.3294,3.3164,3.3054,3.2974,3.2934,3.2941,3.2994,3.3085,3.3209,3.3368,3.3572,3.383,3.4143,3.4505,3.4909,3.5345,3.5811,3.6305,3.683,3.7388,3.7978,3.8594,3.9224,3.9851,4.0454,4.1011,4.1506,4.1926,4.2266,4.253,4.2725,4.2863,4.2957,4.3016,4.3052,4.307,4.3076,4.3073,4.3063,4.3048,4.3027,4.3002,4.2972,4.2937
3.4192,3.4062,3.3928,3.3792,3.3655,3.3521,3.3394,3.3279,3.3184,3.3117,3.3086,3.3097,3.3149,3.3239,3.3364,3.3525,3.3728,3.3978,3.4277,3.4621,3.5004,3.5421,3.5867,3.6341,3.6844,3.7375,3.7933,3.8511,3.9098,3.9681,4.0241,4.0762,4.1229,4.1632,4.1966,4.2234,4.2439,4.2593,4.2704,4.2781,4.2833,4.2867,4.2886,4.2895,4.2895,4.2889,4.2876,4.2858,4.2835,4.2808
3.4237,3.4114,3.3988,3.3861,3.3735,3.3612,3.3498,3.3397,3.3315,3.326,3.3238,3.3253,3.3306,3.3395,3.3519,3.3679,3.3879,3.4122,3.4408,3.4736,3.5101,3.5498,3.5925,3.6378,3.6858,3.7364,3.7891,3.8433,3.8983,3.9526,4.0049,4.0537,4.0979,4.1365,4.1692,4.196,4.2173,4.2338,4.2463,4.2555,4.2622,4.2669,4.2701,4.2721,4.2731,4.2733,4.2728,4.2718,4.2701,4.268
3.4286,3.417,3.4052,3.3934,3.3818,3.3707,3.3605,3.3516,3.3447,3.3402,3.3388,3.3407,3.3461,3.355,3.3673,3.3832,3.4027,3.4262,3.4537,3.485,3.5198,3.5577,3.5984,3.6417,3.6875,3.7354,3.7852,3.8362,3.8877,3.9385,3.9874,4.0333,4.0751,4.1122,4.144,4.1707,4.1925,4.2099,4.2235,4.2339,4.2419,4.2478,4.252,4.255,4.257,4.258,4.2583,4.2579,4.257,4.2554
3.4339,3.4229,3.4119,3.401,3.3904,3.3804,3.3713,3.3636,3.3577,3.3542,3.3535,3.3558,3.3614,3.3703,3.3825,3.3981,3.4172,3.4399,3.4663,3.4963,3.5294,3.5656,3.6044,3.6457,3.6892,3.7347,3.7817,3.8298,3.8781,3.9257,3.9716,4.0148,4.0545,4.09,4.121,4.1474,4.1694,4.1874,4.2019,4.2134,4.2223,4.2293,4.2346,4.2385,4.2413,4.2431,4.2441,4.2444,4.2441,4.2431
3.4394,3.4292,3.4189,3.4089,3.3992,3.3902,3.3822,3.3756,3.3707,3.368,3.3679,3.3707,3.3764,3.3853,3.3974,3.4127,3.4313,3.4533,3.4786,3.5073,3.5389,3.5734,3.6104,3.6497,3.6911,3.7342,3.7787,3.8239,3.8693,3.914,3.9572,3.998,4.0357,4.0698,4.0999,4.1259,4.148,4.1664,4.1815,4.1938,4.2037,4.2115,4.2177,4.2224,4.226,4.2285,4.2302,4.2312,4.2314,4.2311
