docs/data/wind_grid.json
[{"header":{"la1":42.85,"la2":41.18,"lo1":11.55,"lo2":14.05,"nx":36,"ny":24,"dx":0.07143,"dy":0.07261,"parameterCategory":2,"parameterNumber":2,"parameterNumberName":"eastward_wind","parameterUnit":"m.s-1"},"data":[-0.8122,-0.8172,-0.8202,-0.8209,-0.8194,-0.8155,-0.8086,-0.7977,-0.7823,-0.7629,-0.7415,-0.7206,-0.7024,-0.6884,-0.6785,-0.6713,-0.6644,-0.6541,-0.6373,-0.613,-0.5843,-0.5578,-0.5401,-0.5335,-0.5357,-0.5422,-0.5495,-0.5557,-0.5601,-0.5629,-0.5644,-0.5648,-0.5646,-0.5639,-0.5629,-0.5618,-0.8368,-0.8441,-0.8488,-0.8511,-0.8512,-0.8491,-0.8439,-0.8333,-0.8153,-0.79,-0.7606,-0.7321,-0.7087,-0.6924,-0.6834,-0.6796,-0.6769,-0.6689,-0.6485,-0.6119,-0.5641,-0.5198,-0.4951,-0.4933,-0.5061,-0.5229,-0.5377,-0.5486,-0.5558,-0.56,-0.5621,-0.5628,-0.5626,-0.562,-0.561,-0.5599,-0.8656,-0.876,-0.8832,-0.8872,-0.8894,-0.8908,-0.8906,-0.8837,-0.8636,-0.8288,-0.7858,-0.7448,-0.713,-0.6936,-0.6867,-0.6897,-0.6967,-0.6968,-0.6745,-0.6167,-0.5286,-0.4459,-0.4111,-0.4272,-0.4647,-0.5003,-0.5262,-0.5428,-0.5526,-0.5578,-0.5603,-0.5611,-0.5608,-0.56,-0.559,-0.5578,-0.8996,-0.9147,-0.925,-0.9305,-0.9344,-0.9415,-0.9531,-0.9593,-0.9403,-0.8883,-0.8198,-0.7573,-0.7127,-0.6891,-0.6858,-0.7004,-0.7266,-0.7487,-0.7348,-0.6445,-0.4693,-0.2937,-0.2508,-0.3249,-0.4152,-0.4797,-0.5185,-0.5401,-0.5514,-0.557,-0.5592,-0.5596,-0.5591,-0.5581,-0.5568,-0.5555,-0.9402,-0.9628,-0.9779,-0.9839,-0.9863,-0.999,-1.0347,-1.0791,-1.0734,-0.9842,-0.8637,-0.7656,-0.7033,-0.6744,-0.6757,-0.7067,-0.7661,-0.8398,-0.872,-0.7517,-0.4038,-0.0012,0.0175,-0.2067,-0.3792,-0.4729,-0.5198,-0.5426,-0.5531,-0.5574,-0.5586,-0.5583,-0.5572,-0.5559,-0.5544,-0.553,-0.9882,-1.0241,-1.0491,-1.0544,-1.0457,-1.0541,-1.1251,-1.264,-1.3095,-1.1266,-0.9055,-0.7589,-0.6779,-0.6433,-0.6483,-0.6969,-0.8006,-0.9699,-1.1451,-1.0486,-0.504,0.1896,0.1619,-0.1956,-0.4012,-0.4939,-0.5341,-0.5508,-0.5571,-0.5587,-0.5582,-0.5568,-0.5551,-0.5533,-0.5517,-0.5501,-1.0418,-1.101,-1.1498,-1.1595,-1.121,-1.092,-1.1684,-1.4245,-1.5673,-1.2245,-0.8967,-0.7201,-0.63,-0.5901,-0.5933,-0.6514,-0.7889,-1.0474,-1.4144,-1.3734,-0.8636,-0.3789,-0.263,-0.3999,-0.4984,-0.5422,-0.5582,-0.5623,-0.5617,-0.5595,-0.557,-0.5546,-0.5523,-0.5503,-0.5484,-0.5468,-1.0927,-1.1851,-1.2843,-1.3237,-1.2296,-1.1118,-1.1009,-1.2489,-1.3235,-1.0465,-0.7867,-0.642,-0.5598,-0.5116,-0.4982,-0.5492,-0.6948,-0.9372,-1.2051,-1.2331,-1.181,-1.0342,-0.7792,-0.6574,-0.6152,-0.5951,-0.5814,-0.5712,-0.5637,-0.5583,-0.5543,-0.5512,-0.5486,-0.5464,-0.5446,-0.543,-1.1256,-1.2427,-1.3928,-1.4905,-1.3331,-1.1214,-0.9897,-0.9327,-0.8609,-0.7321,-0.6239,-0.5454,-0.479,-0.4121,-0.3423,-0.3585,-0.5381,-0.7724,-0.9832,-1.201,-1.5979,-1.4891,-1.0522,-0.8054,-0.6865,-0.6251,-0.5908,-0.5712,-0.56,-0.5534,-0.5493,-0.5463,-0.5438,-0.5417,-0.54,-0.5385,-1.1295,-1.2458,-1.3732,-1.4372,-1.3434,-1.1207,-0.907,-0.7341,-0.552,-0.4571,-0.476,-0.4593,-0.4064,-0.3195,-0.1127,-0.0054,-0.3821,-0.6913,-0.9013,-1.1199,-1.415,-1.353,-1.0374,-0.8164,-0.6891,-0.6168,-0.5774,-0.5575,-0.5483,-0.544,-0.5416,-0.5397,-0.5379,-0.5361,-0.5345,-0.5332,-1.1076,-1.2218,-1.3736,-1.5849,-1.5189,-1.1347,-0.8609,-0.6603,-0.3242,-0.168,-0.3783,-0.3994,-0.3478,-0.2793,-0.119,0.0065,-0.4323,-0.7741,-0.9461,-1.0113,-1.0606,-1.0198,-0.8795,-0.7374,-0.632,-0.5671,-0.5369,-0.5283,-0.5286,-0.5307,-0.5321,-0.532,-0.531,-0.5295,-0.5281,-0.527,-1.0619,-1.1669,-1.325,-1.5374,-1.4559,-1.0643,-0.8453,-0.7701,-0.5261,-0.3272,-0.3913,-0.363,-0.2903,-0.1967,-0.2474,-0.3912,-0.6947,-1.1533,-1.2843,-1.0766,-0.9298,-0.8339,-0.734,-0.6272,-0.5308,-0.4738,-0.4673,-0.4852,-0.5039,-0.5161,-0.5222,-0.524,-0.5233,-0.5218,-0.5203,-0.5194,-0.9947,-1.0674,-1.1538,-1.2114,-1.1228,-0.9309,-0.843,-0.8974,-0.7852,-0.5443,-0.4152,-0.3243,-0.2692,-0.1532,-0.2412,-0.52,-0.8736,-1.9232,-1.9683,-1.1892,-0.8642,-0.716,-0.6184,-0.5167,-0.3968,-0.3316,-0.3731,-0.4382,-0.4819,-0.5048,-0.5143,-0.5163,-0.5148,-0.5124,-0.5106,-0.5101,-0.9183,-0.9563,-0.9855,-0.9808,-0.9188,-0.8343,-0.8018,-0.8319,-0.7541,-0.5458,-0.3987,-0.276,-0.2446,-0.302,-0.42,-0.6098,-0.8073,-1.37,-1.4849,-1.004,-0.7131,-0.5798,-0.5145,-0.4356,-0.2904,-0.2013,-0.3026,-0.4137,-0.4749,-0.5022,-0.5104,-0.509,-0.5041,-0.4997,-0.4976,-0.4978,-0.846,-0.8605,-0.8629,-0.844,-0.8021,-0.754,-0.721,-0.691,-0.6056,-0.4726,-0.374,-0.321,-0.2913,-0.2162,-0.4767,-0.6621,-1.2644,-0.9709,-0.8637,-0.6488,-0.4363,-0.3771,-0.4063,-0.4034,-0.3268,-0.268,-0.3461,-0.4412,-0.4934,-0.5119,-0.5104,-0.4997,-0.4881,-0.4806,-0.4788,-0.4814,-0.7838,-0.785,-0.7764,-0.7548,-0.7214,-0.6822,-0.6408,-0.5878,-0.5071,-0.4057,-0.323,-0.3095,-0.3101,-0.326,-0.4649,-0.7562,-1.0812,-0.771,-0.5447,-0.3341,-0.0537,-0.1109,-0.2995,-0.3923,-0.4164,-0.4257,-0.4686,-0.5162,-0.5375,-0.5326,-0.5105,-0.4822,-0.4593,-0.4491,-0.4507,-0.4592,-0.7324,-0.7264,-0.713,-0.6908,-0.6607,-0.624,-0.5807,-0.5271,-0.4599,-0.385,-0.3262,-0.3148,-0.2756,-0.2622,-0.3565,-0.467,-0.5188,-0.3654,-0.1899,-0.1424,0.0184,-0.0542,-0.2627,-0.4026,-0.4986,-0.5703,-0.615,-0.6232,-0.6017,-0.5595,-0.5028,-0.444,-0.4046,-0.3961,-0.4096,-0.4306,-0.6904,-0.6806,-0.665,-0.6429,-0.6146,-0.5804,-0.5401,-0.493,-0.4405,-0.3883,-0.3467,-0.3118,-0.2545,-0.2235,-0.1496,-0.1124,-0.1677,0.0413,0.3176,0.0409,-0.0799,-0.161,-0.2938,-0.4453,-0.608,-0.7595,-0.8149,-0.763,-0.68,-0.5873,-0.4784,-0.3677,-0.3054,-0.3137,-0.3559,-0.3986,-0.6562,-0.6443,-0.6278,-0.6064,-0.5799,-0.5487,-0.5128,-0.4727,-0.4302,-0.3882,-0.3484,-0.3053,-0.2457,-0.1226,0.2731,0.446,0.0598,0.1065,0.2554,0.1568,-0.0144,-0.1688,-0.3149,-0.4934,-0.7333,-1.0095,-1.072,-0.9091,-0.7581,-0.615,-0.444,-0.2567,-0.1682,-0.2187,-0.3052,-0.3729,-0.6282,-0.6154,-0.5988,-0.5783,-0.5538,-0.5256,-0.4939,-0.4593,-0.4229,-0.3853,-0.3455,-0.2974,-0.2237,-0.0735,0.2317,0.3326,0.0864,0.073,0.2691,0.36,0.0639,-0.1417,-0.3012,-0.4992,-0.7721,-1.071,-1.133,-0.9766,-0.8172,-0.6508,-0.4471,-0.2117,-0.1076,-0.1841,-0.2909,-0.3673,-0.6053,-0.5922,-0.576,-0.5566,-0.5341,-0.5086,-0.4804,-0.45,-0.4176,-0.383,-0.3445,-0.2971,-0.2304,-0.1295,-0.0085,0.0346,-0.0037,0.0206,0.1395,0.1715,0.0152,-0.1103,-0.2239,-0.4279,-0.712,-0.9799,-1.1441,-1.0599,-0.8611,-0.6938,-0.5192,-0.327,-0.2272,-0.2591,-0.3295,-0.3872,-0.5866,-0.5735,-0.558,-0.5398,-0.5192,-0.4961,-0.4709,-0.4437,-0.4145,-0.383,-0.3477,-0.306,-0.2544,-0.1927,-0.1339,-0.1011,-0.0888,-0.0628,-0.0217,-0.0148,-0.038,0.0022,-0.0091,-0.2688,-0.6213,-0.9733,-1.2673,-1.1064,-0.8356,-0.7137,-0.6022,-0.475,-0.3897,-0.3733,-0.3945,-0.4227,-0.5712,-0.5585,-0.5437,-0.5268,-0.5079,-0.487,-0.4643,-0.4399,-0.4137,-0.3855,-0.3545,-0.3198,-0.2809,-0.2399,-0.2028,-0.1756,-0.1559,-0.1356,-0.1149,-0.0966,-0.0441,0.1167,0.1731,-0.1405,-0.512,-0.8103,-0.9695,-0.8682,-0.7226,-0.7041,-0.6475,-0.5626,-0.494,-0.46,-0.4532,-0.4592,-0.5586,-0.5464,-0.5324,-0.5168,-0.4994,-0.4805,-0.46,-0.4382,-0.4149,-0.39,-0.3634,-0.3349,-0.3049,-0.2751,-0.2482,-0.2259,-0.2078,-0.1914,-0.1745,-0.1503,-0.0955,0.0001,0.0057,-0.1942,-0.4531,-0.6574,-0.7583,-0.7429,-0.7049,-0.6963,-0.6562,-0.5971,-0.545,-0.5108,-0.4939,-0.4884]},{"header":{"la1":42.85,"la2":41.18,"lo1":11.55,"lo2":14.05,"nx":36,"ny":24,"dx":0.07143,"dy":0.07261,"parameterCategory":2,"parameterNumber":3,"parameterNumberName":"northward_wind","parameterUnit":"m.s-1"},"data":[-0.6335,-0.6332,-0.6316,-0.6284,-0.6237,-0.6176,-0.6102,-0.6019,-0.5927,-0.5823,-0.5701,-0.5554,-0.5379,-0.5175,-0.4947,-0.4703,-0.4456,-0.4219,-0.4008,-0.3835,-0.3705,-0.3619,-0.3574,-0.3562,-0.3577,-0.3612,-0.3662,-0.3721,-0.3787,-0.3858,-0.3932,-0.4007,-0.4083,-0.4159,-0.4232,-0.4304,-0.6429,-0.6433,-0.6421,-0.6389,-0.6336,-0.6264,-0.6179,-0.6088,-0.5996,-0.5899,-0.5783,-0.5635,-0.5447,-0.5218,-0.4952,-0.4659,-0.4357,-0.4068,-0.3815,-0.3618,-0.348,-0.3398,-0.3366,-0.3372,-0.3408,-0.3463,-0.3531,-0.3608,-0.3691,-0.3777,-0.3865,-0.3954,-0.4042,-0.4128,-0.4212,-0.4293,-0.6532,-0.6546,-0.654,-0.6507,-0.6442,-0.6348,-0.6236,-0.6127,-0.6037,-0.596,-0.5869,-0.5734,-0.5539,-0.5283,-0.4972,-0.4617,-0.424,-0.3877,-0.3571,-0.3351,-0.3219,-0.3155,-0.3144,-0.3173,-0.3231,-0.3308,-0.3397,-0.3493,-0.3594,-0.3697,-0.3801,-0.3904,-0.4006,-0.4105,-0.4199,-0.4289,-0.6643,-0.6674,-0.6679,-0.6644,-0.656,-0.6423,-0.6251,-0.609,-0.5998,-0.5976,-0.5952,-0.5856,-0.5665,-0.5385,-0.5023,-0.4588,-0.4104,-0.3626,-0.3243,-0.3021,-0.2939,-0.293,-0.2946,-0.2986,-0.3057,-0.3153,-0.3263,-0.3379,-0.3499,-0.362,-0.3741,-0.386,-0.3977,-0.4089,-0.4196,-0.4296,-0.6762,-0.6821,-0.6849,-0.6819,-0.6707,-0.6497,-0.6192,-0.5876,-0.5754,-0.5881,-0.6023,-0.6013,-0.5841,-0.554,-0.5128,-0.4599,-0.3961,-0.3284,-0.276,-0.2578,-0.2676,-0.2837,-0.286,-0.2841,-0.2894,-0.3,-0.313,-0.3267,-0.3407,-0.3548,-0.3687,-0.3824,-0.3958,-0.4085,-0.4205,-0.4316,-0.6884,-0.6993,-0.707,-0.706,-0.6919,-0.6614,-0.607,-0.5331,-0.5051,-0.56,-0.6116,-0.6239,-0.6087,-0.5774,-0.5325,-0.4707,-0.3873,-0.2855,-0.1986,-0.1891,-0.2346,-0.2869,-0.2858,-0.2697,-0.2722,-0.2845,-0.2998,-0.3158,-0.332,-0.3481,-0.3642,-0.3799,-0.3951,-0.4096,-0.423,-0.4353,-0.6994,-0.7187,-0.7378,-0.7428,-0.7247,-0.6869,-0.6132,-0.4749,-0.4065,-0.5425,-0.6407,-0.6597,-0.6424,-0.6108,-0.5672,-0.5016,-0.4018,-0.2634,-0.1264,-0.1248,-0.1679,-0.213,-0.2342,-0.2368,-0.2497,-0.2678,-0.2866,-0.3052,-0.3237,-0.3422,-0.3607,-0.3788,-0.3962,-0.4125,-0.4276,-0.4411,-0.7049,-0.7363,-0.7815,-0.8049,-0.7687,-0.7275,-0.6802,-0.5804,-0.5319,-0.6482,-0.7184,-0.7138,-0.6848,-0.6558,-0.6248,-0.5665,-0.4587,-0.3124,-0.1806,-0.1215,-0.0261,-0.033,-0.125,-0.1858,-0.2232,-0.2505,-0.2733,-0.2946,-0.3157,-0.337,-0.3584,-0.3794,-0.3994,-0.418,-0.4349,-0.4497,-0.6973,-0.7333,-0.8167,-0.8933,-0.7928,-0.754,-0.7815,-0.8044,-0.8387,-0.876,-0.847,-0.7813,-0.7292,-0.7099,-0.7216,-0.693,-0.5576,-0.3925,-0.2422,-0.0582,0.2366,0.1829,-0.035,-0.1471,-0.2019,-0.2346,-0.2598,-0.2834,-0.3075,-0.3325,-0.3577,-0.3824,-0.4057,-0.427,-0.4458,-0.4618,-0.6723,-0.6805,-0.7143,-0.7419,-0.6518,-0.7317,-0.876,-1.0145,-1.1712,-1.2051,-1.0141,-0.8445,-0.763,-0.7572,-0.8737,-0.9455,-0.6655,-0.4472,-0.29,-0.1056,0.1196,0.101,-0.0516,-0.1435,-0.1907,-0.2195,-0.244,-0.2699,-0.2985,-0.3287,-0.3592,-0.3888,-0.4162,-0.4406,-0.4615,-0.4787,-0.6428,-0.6042,-0.4947,-0.2314,-0.2934,-0.6906,-0.9797,-1.1841,-1.51,-1.6795,-1.1544,-0.8709,-0.7799,-0.775,-0.8612,-0.9486,-0.6305,-0.4372,-0.3259,-0.2158,-0.1122,-0.0854,-0.1208,-0.1574,-0.1804,-0.198,-0.2207,-0.2515,-0.2877,-0.326,-0.3641,-0.4001,-0.4328,-0.4609,-0.4839,-0.5018,-0.6307,-0.5789,-0.4553,-0.248,-0.3346,-0.7781,-1.1346,-1.326,-1.4031,-1.4394,-1.0668,-0.8388,-0.7933,-0.8668,-0.7729,-0.5973,-0.4459,-0.3843,-0.3493,-0.2704,-0.199,-0.1616,-0.1542,-0.1557,-0.1532,-0.1562,-0.1815,-0.2253,-0.2755,-0.326,-0.3745,-0.4191,-0.4583,-0.4906,-0.5155,-0.5331,-0.6407,-0.6111,-0.5619,-0.5316,-0.6488,-0.9345,-1.2559,-1.4932,-1.3716,-1.1313,-0.909,-0.7945,-0.7716,-0.9138,-0.7574,-0.3288,-0.225,-0.4161,-0.4269,-0.2718,-0.1919,-0.153,-0.1399,-0.1289,-0.0989,-0.0801,-0.1224,-0.1942,-0.2658,-0.3324,-0.3942,-0.45,-0.4974,-0.5342,-0.5599,-0.5755,-0.6601,-0.656,-0.6584,-0.6934,-0.7982,-0.9768,-1.1903,-1.3628,-1.269,-0.9867,-0.8053,-0.7947,-0.7917,-0.5922,-0.3292,0.198,0.1457,-0.171,-0.2786,-0.1859,-0.1053,-0.0731,-0.086,-0.0932,-0.0474,-0.004,-0.0742,-0.1761,-0.2673,-0.3507,-0.429,-0.4995,-0.5573,-0.5984,-0.6226,-0.6325,-0.6762,-0.6865,-0.7078,-0.7513,-0.8265,-0.9287,-1.0323,-1.0807,-0.9948,-0.8235,-0.7038,-0.6596,-0.5722,-0.4064,-0.1538,0.3579,0.7702,0.1806,-0.0654,-0.0314,0.1155,0.1245,0.013,-0.0627,-0.0612,-0.0407,-0.0974,-0.19,-0.2866,-0.3859,-0.4858,-0.5777,-0.6496,-0.6937,-0.7107,-0.7081,-0.6842,-0.6992,-0.7224,-0.7575,-0.8046,-0.8561,-0.8931,-0.8866,-0.816,-0.7051,-0.6151,-0.5996,-0.5775,-0.472,-0.2403,0.1799,0.5307,0.135,-0.0503,0.124,0.6186,0.5012,0.1355,-0.0349,-0.087,-0.1036,-0.1423,-0.2148,-0.3157,-0.4386,-0.5737,-0.7014,-0.7944,-0.8363,-0.8337,-0.8057,-0.6842,-0.6987,-0.7178,-0.7419,-0.7685,-0.7911,-0.7986,-0.7792,-0.7294,-0.6637,-0.6139,-0.6147,-0.6969,-0.7139,-0.4209,-0.1931,-0.0904,-0.197,-0.2653,0.0281,0.6847,0.5388,0.1336,-0.039,-0.0861,-0.0921,-0.1202,-0.2031,-0.3352,-0.505,-0.7036,-0.8977,-1.0242,-1.0481,-0.9991,-0.9246,-0.6787,-0.6905,-0.7043,-0.7192,-0.7328,-0.7406,-0.7372,-0.7186,-0.6865,-0.651,-0.6279,-0.6353,-0.727,-0.7357,-0.558,-0.4664,-0.3897,-0.5133,-0.7132,-0.3435,0.015,0.0856,-0.0215,-0.0823,-0.0522,0.0342,0.035,-0.1188,-0.3325,-0.5791,-0.8808,-1.1983,-1.3775,-1.3419,-1.1987,-1.0517,-0.6698,-0.6785,-0.6876,-0.696,-0.7018,-0.7025,-0.6957,-0.6803,-0.6587,-0.6364,-0.621,-0.6196,-0.6327,-0.6305,-0.6905,-0.733,-0.5363,-0.5511,-0.6285,-0.46,-0.2971,-0.1969,-0.1736,-0.1376,0.007,0.3127,0.3769,0.0056,-0.3321,-0.65,-1.0667,-1.5654,-1.8109,-1.6537,-1.3787,-1.1541,-0.6593,-0.6652,-0.6706,-0.6746,-0.676,-0.6734,-0.6657,-0.653,-0.6368,-0.6203,-0.6067,-0.5985,-0.596,-0.6068,-0.6721,-0.6895,-0.5573,-0.5033,-0.4934,-0.4897,-0.4054,-0.3342,-0.291,-0.2197,-0.0421,0.3395,0.4271,-0.0816,-0.4038,-0.7012,-1.134,-1.7123,-1.989,-1.7669,-1.4392,-1.1896,-0.6483,-0.6519,-0.6547,-0.6559,-0.6548,-0.6505,-0.6428,-0.6319,-0.6187,-0.6048,-0.5921,-0.5817,-0.5753,-0.5769,-0.5872,-0.5743,-0.5252,-0.4879,-0.4763,-0.4682,-0.4421,-0.4327,-0.4148,-0.3474,-0.2494,-0.2149,-0.4203,-0.4646,-0.5513,-0.7367,-1.0321,-1.4402,-1.6705,-1.5638,-1.3401,-1.1446,-0.6375,-0.6394,-0.6403,-0.6396,-0.6371,-0.6321,-0.6246,-0.6148,-0.6034,-0.5912,-0.5792,-0.5682,-0.559,-0.5522,-0.5448,-0.5289,-0.5039,-0.4819,-0.4706,-0.4697,-0.4931,-0.5619,-0.5804,-0.4869,-0.4215,-0.4945,-0.672,-0.6397,-0.7152,-0.8016,-0.9182,-1.1155,-1.264,-1.2627,-1.1661,-1.0508,-0.6273,-0.6279,-0.6274,-0.6257,-0.6222,-0.6169,-0.6098,-0.6008,-0.5906,-0.5795,-0.5682,-0.5572,-0.5467,-0.5365,-0.5252,-0.5111,-0.495,-0.4819,-0.477,-0.4888,-0.5394,-0.6488,-0.6822,-0.5683,-0.5042,-0.5402,-0.6223,-0.743,-0.9375,-0.9123,-0.8805,-0.9408,-1.0158,-1.0392,-1.0082,-0.9504,-0.6179,-0.6175,-0.6161,-0.6136,-0.6097,-0.6043,-0.5975,-0.5892,-0.5799,-0.5698,-0.5593,-0.5486,-0.538,-0.5272,-0.5159,-0.5041,-0.4928,-0.485,-0.4847,-0.4992,-0.5392,-0.6003,-0.6159,-0.5653,-0.5365,-0.5658,-0.6483,-0.8051,-0.9662,-0.9297,-0.8616,-0.8595,-0.8867,-0.9025,-0.8936,-0.8656]}]