docs/data/wind_grid.json
[{"header":{"la1":42.85,"la2":41.18,"lo1":11.55,"lo2":14.05,"nx":36,"ny":24,"dx":0.07143,"dy":0.07261,"parameterCategory":2,"parameterNumber":2,"parameterNumberName":"eastward_wind","parameterUnit":"m.s-1"},"data":[-0.7757,-0.7815,-0.7876,-0.7937,-0.7996,-0.8047,-0.8082,-0.8095,-0.8084,-0.8052,-0.8014,-0.7986,-0.7982,-0.8008,-0.8048,-0.8067,-0.8026,-0.7912,-0.774,-0.7542,-0.7345,-0.7162,-0.6998,-0.6855,-0.6729,-0.6619,-0.6522,-0.6438,-0.6363,-0.6297,-0.6238,-0.6186,-0.6139,-0.6098,-0.6062,-0.603,-0.7808,-0.7878,-0.7954,-0.8035,-0.8118,-0.8195,-0.8254,-0.828,-0.8264,-0.8211,-0.8145,-0.8098,-0.8101,-0.8169,-0.8283,-0.8374,-0.8351,-0.8187,-0.7933,-0.7656,-0.7399,-0.7175,-0.6985,-0.6825,-0.6688,-0.6571,-0.647,-0.6383,-0.6306,-0.6239,-0.618,-0.6127,-0.6081,-0.6041,-0.6005,-0.5974,-0.7857,-0.7939,-0.8033,-0.8139,-0.8255,-0.8374,-0.8476,-0.853,-0.8511,-0.8419,-0.8298,-0.8207,-0.8207,-0.8336,-0.8582,-0.8818,-0.8829,-0.8557,-0.8153,-0.7761,-0.7431,-0.7165,-0.695,-0.6775,-0.663,-0.6509,-0.6406,-0.6317,-0.624,-0.6173,-0.6114,-0.6062,-0.6017,-0.5977,-0.5942,-0.5912,-0.7899,-0.7994,-0.8106,-0.8241,-0.8401,-0.8585,-0.8768,-0.889,-0.8877,-0.8712,-0.8482,-0.8303,-0.8269,-0.8456,-0.8893,-0.9385,-0.9442,-0.896,-0.8335,-0.7809,-0.7413,-0.7115,-0.6884,-0.6702,-0.6554,-0.6431,-0.6328,-0.624,-0.6164,-0.6098,-0.6041,-0.599,-0.5945,-0.5906,-0.5873,-0.5844,-0.7931,-0.8036,-0.8165,-0.8327,-0.8539,-0.8813,-0.9139,-0.942,-0.9449,-0.914,-0.8702,-0.8369,-0.8254,-0.8435,-0.8993,-0.9722,-0.9816,-0.912,-0.8331,-0.7737,-0.7318,-0.7013,-0.6783,-0.6602,-0.6456,-0.6336,-0.6236,-0.6151,-0.6078,-0.6015,-0.5959,-0.591,-0.5867,-0.5829,-0.5796,-0.5769,-0.7953,-0.8063,-0.8201,-0.8381,-0.8632,-0.9,-0.9533,-1.0138,-1.0312,-0.9707,-0.8913,-0.8374,-0.8138,-0.821,-0.8626,-0.9208,-0.9286,-0.8705,-0.8032,-0.7513,-0.7138,-0.686,-0.6645,-0.6474,-0.6336,-0.6223,-0.6129,-0.605,-0.5982,-0.5922,-0.5869,-0.5822,-0.578,-0.5743,-0.5712,-0.5687,-0.7961,-0.8072,-0.8208,-0.8387,-0.8643,-0.9042,-0.9709,-1.0674,-1.1086,-1.0071,-0.8938,-0.8264,-0.7931,-0.7853,-0.7994,-0.8222,-0.8238,-0.7944,-0.7546,-0.719,-0.69,-0.6666,-0.6476,-0.6322,-0.6196,-0.6093,-0.6009,-0.5938,-0.5876,-0.5821,-0.5771,-0.5726,-0.5685,-0.5649,-0.5619,-0.5596,-0.7958,-0.8064,-0.819,-0.8348,-0.8562,-0.888,-0.9393,-1.0128,-1.0399,-0.9534,-0.8609,-0.8018,-0.766,-0.7476,-0.7431,-0.7452,-0.7425,-0.729,-0.7085,-0.6861,-0.6647,-0.6453,-0.6286,-0.6147,-0.6036,-0.5947,-0.5876,-0.5815,-0.5762,-0.5712,-0.5665,-0.5621,-0.558,-0.5545,-0.5516,-0.5494,-0.7947,-0.8046,-0.8158,-0.8288,-0.844,-0.8625,-0.8844,-0.9039,-0.8987,-0.8611,-0.8156,-0.7724,-0.7362,-0.7111,-0.6985,-0.6947,-0.6925,-0.6864,-0.6749,-0.6591,-0.641,-0.6233,-0.6076,-0.5951,-0.5856,-0.5785,-0.573,-0.5684,-0.5641,-0.5597,-0.5552,-0.5507,-0.5465,-0.5428,-0.5399,-0.5378,-0.793,-0.8023,-0.8125,-0.8235,-0.8347,-0.8448,-0.851,-0.8478,-0.8321,-0.8148,-0.7898,-0.7492,-0.7057,-0.6725,-0.6577,-0.658,-0.6626,-0.6634,-0.6562,-0.6406,-0.6204,-0.6005,-0.5841,-0.5725,-0.5651,-0.5606,-0.5576,-0.5548,-0.5517,-0.5478,-0.5432,-0.5383,-0.5336,-0.5295,-0.5264,-0.5246,-0.7908,-0.7999,-0.8098,-0.8203,-0.8311,-0.841,-0.8468,-0.841,-0.8165,-0.8062,-0.7851,-0.7351,-0.6736,-0.6224,-0.6089,-0.6259,-0.6474,-0.661,-0.6567,-0.6329,-0.6017,-0.5743,-0.5555,-0.5454,-0.5416,-0.5411,-0.5416,-0.5413,-0.5394,-0.5357,-0.5305,-0.5246,-0.5188,-0.514,-0.5106,-0.5091,-0.7882,-0.7973,-0.8073,-0.8187,-0.8316,-0.8465,-0.8631,-0.8717,-0.8405,-0.8124,-0.7872,-0.7382,-0.65,-0.5582,-0.537,-0.5977,-0.6488,-0.6935,-0.6919,-0.6369,-0.5787,-0.5379,-0.5169,-0.5112,-0.5143,-0.5206,-0.5262,-0.529,-0.5282,-0.5239,-0.517,-0.5089,-0.5012,-0.4951,-0.4915,-0.4904,-0.785,-0.794,-0.8043,-0.8164,-0.8313,-0.8507,-0.8767,-0.9026,-0.8804,-0.8329,-0.8059,-0.8003,-0.7126,-0.5013,-0.4728,-0.5959,-0.6607,-0.7638,-0.7596,-0.6316,-0.5315,-0.476,-0.4594,-0.4668,-0.4836,-0.5007,-0.5134,-0.5197,-0.5192,-0.5128,-0.5023,-0.4903,-0.4792,-0.4713,-0.4674,-0.4675,-0.7809,-0.7896,-0.7997,-0.8117,-0.8266,-0.8452,-0.8678,-0.8872,-0.8756,-0.8449,-0.8352,-0.8959,-0.8928,-0.6208,-0.6158,-0.6324,-0.6558,-0.7007,-0.6848,-0.5475,-0.4184,-0.3609,-0.3717,-0.4111,-0.4524,-0.4854,-0.5068,-0.5162,-0.5143,-0.503,-0.4856,-0.4664,-0.4499,-0.4395,-0.4361,-0.4388,-0.7759,-0.784,-0.7934,-0.8043,-0.8172,-0.832,-0.8471,-0.8573,-0.8592,-0.8708,-0.8867,-0.8568,-0.7869,-0.7891,-0.6829,-0.6614,-0.6788,-0.6201,-0.5312,-0.3656,-0.1793,-0.1511,-0.2485,-0.3518,-0.4295,-0.4821,-0.5124,-0.5228,-0.5158,-0.4946,-0.4646,-0.4331,-0.4082,-0.3952,-0.3944,-0.4025,-0.77,-0.7773,-0.7855,-0.7948,-0.8052,-0.8165,-0.8279,-0.8399,-0.8621,-0.9293,-1.0834,-0.9096,-0.813,-0.717,-0.6725,-0.6494,-0.6483,-0.5511,-0.4022,-0.1511,0.2181,0.1456,-0.1294,-0.3149,-0.4303,-0.5015,-0.5381,-0.545,-0.5267,-0.4877,-0.4354,-0.3828,-0.3455,-0.3316,-0.3384,-0.3574,-0.7633,-0.7696,-0.7765,-0.784,-0.7923,-0.8012,-0.8113,-0.8254,-0.854,-0.9231,-1.0427,-0.9028,-0.6376,-0.5294,-0.6183,-0.6077,-0.5467,-0.4103,-0.2681,-0.1018,0.2687,0.1747,-0.1312,-0.3361,-0.4703,-0.5553,-0.593,-0.5886,-0.5501,-0.4819,-0.392,-0.3038,-0.249,-0.2409,-0.266,-0.3043,-0.7561,-0.7612,-0.7667,-0.7727,-0.779,-0.7858,-0.7937,-0.8048,-0.8228,-0.8483,-0.8528,-0.7647,-0.5708,-0.5172,-0.6067,-0.5995,-0.4903,-0.2411,-0.0488,-0.1716,-0.1109,-0.1202,-0.258,-0.4108,-0.5481,-0.6481,-0.6812,-0.6548,-0.5877,-0.4784,-0.3302,-0.1843,-0.1095,-0.1232,-0.1831,-0.2498,-0.7485,-0.7525,-0.7567,-0.761,-0.7654,-0.7699,-0.7748,-0.7803,-0.7859,-0.7865,-0.7677,-0.7144,-0.6438,-0.6191,-0.6595,-0.6725,-0.5177,-0.2871,-0.1679,-0.3116,-0.3104,-0.3099,-0.3743,-0.4887,-0.6308,-0.7508,-0.7742,-0.7265,-0.6364,-0.4847,-0.2656,-0.0456,0.0444,-0.009,-0.1127,-0.2083,-0.7407,-0.7436,-0.7465,-0.7493,-0.7519,-0.7541,-0.7558,-0.7564,-0.7543,-0.7459,-0.7261,-0.6933,-0.6578,-0.6395,-0.6533,-0.6495,-0.5382,-0.4208,-0.439,-0.4773,-0.4035,-0.3877,-0.4293,-0.5281,-0.6698,-0.7819,-0.8008,-0.7888,-0.6956,-0.5162,-0.2549,0.0059,0.1019,0.0292,-0.0917,-0.1969,-0.7328,-0.7348,-0.7365,-0.7379,-0.7389,-0.7391,-0.7381,-0.7353,-0.7294,-0.7186,-0.701,-0.6775,-0.6527,-0.6329,-0.6192,-0.5922,-0.5313,-0.4687,-0.4512,-0.4487,-0.4146,-0.3899,-0.4125,-0.512,-0.6722,-0.8348,-0.9728,-0.928,-0.7727,-0.575,-0.3321,-0.1047,-0.0073,-0.046,-0.1358,-0.2221,-0.7251,-0.7262,-0.7269,-0.7271,-0.7266,-0.7252,-0.7224,-0.7176,-0.71,-0.6987,-0.6832,-0.664,-0.6431,-0.6222,-0.6,-0.5701,-0.5291,-0.4873,-0.4574,-0.4316,-0.3843,-0.311,-0.3008,-0.4337,-0.6444,-0.8881,-1.0886,-1.006,-0.8145,-0.6261,-0.4354,-0.2695,-0.1803,-0.1761,-0.2186,-0.2725,-0.7177,-0.7179,-0.7177,-0.7169,-0.7153,-0.7127,-0.7086,-0.7027,-0.6945,-0.6834,-0.6693,-0.6525,-0.6337,-0.6132,-0.5902,-0.5629,-0.531,-0.4977,-0.4652,-0.4257,-0.3552,-0.2411,-0.2099,-0.3653,-0.5822,-0.7895,-0.9195,-0.8933,-0.7756,-0.64,-0.5063,-0.3919,-0.319,-0.2943,-0.304,-0.3299,-0.7105,-0.7101,-0.7091,-0.7075,-0.7051,-0.7016,-0.6968,-0.6903,-0.6819,-0.6712,-0.6582,-0.643,-0.6259,-0.6068,-0.5854,-0.5613,-0.5345,-0.5059,-0.4745,-0.4345,-0.3747,-0.3025,-0.2922,-0.3933,-0.5416,-0.6769,-0.7584,-0.7624,-0.7075,-0.6265,-0.5403,-0.4635,-0.4082,-0.3796,-0.3736,-0.3821]},{"header":{"la1":42.85,"la2":41.18,"lo1":11.55,"lo2":14.05,"nx":36,"ny":24,"dx":0.07143,"dy":0.07261,"parameterCategory":2,"parameterNumber":3,"parameterNumberName":"northward_wind","parameterUnit":"m.s-1"},"data":[-0.7501,-0.7541,-0.7577,-0.7607,-0.7626,-0.7629,-0.7606,-0.7548,-0.7448,-0.7303,-0.7117,-0.6899,-0.6663,-0.6427,-0.6213,-0.6042,-0.5922,-0.5847,-0.5795,-0.575,-0.5703,-0.5654,-0.5605,-0.5558,-0.5515,-0.5478,-0.5446,-0.5421,-0.5401,-0.5388,-0.538,-0.5377,-0.5378,-0.5382,-0.5389,-0.5398,-0.7587,-0.764,-0.7693,-0.7742,-0.7784,-0.781,-0.7808,-0.7763,-0.7658,-0.7488,-0.7258,-0.6982,-0.6678,-0.6368,-0.6087,-0.5875,-0.5756,-0.5708,-0.5688,-0.5663,-0.5627,-0.558,-0.5531,-0.5483,-0.5439,-0.5402,-0.5371,-0.5348,-0.5332,-0.5323,-0.5319,-0.532,-0.5326,-0.5335,-0.5346,-0.5359,-0.7673,-0.7741,-0.7813,-0.7887,-0.796,-0.8022,-0.8058,-0.804,-0.7939,-0.7738,-0.7449,-0.7096,-0.6703,-0.6291,-0.5905,-0.5627,-0.552,-0.5536,-0.5571,-0.5574,-0.5545,-0.5499,-0.5447,-0.5397,-0.5353,-0.5316,-0.5288,-0.5268,-0.5256,-0.5251,-0.5253,-0.526,-0.5271,-0.5285,-0.5302,-0.5321,-0.7756,-0.784,-0.7933,-0.8035,-0.8147,-0.8263,-0.8364,-0.8405,-0.8321,-0.8078,-0.7705,-0.7255,-0.676,-0.6231,-0.5701,-0.5314,-0.5237,-0.5361,-0.5465,-0.5489,-0.546,-0.5408,-0.5352,-0.5299,-0.5254,-0.5219,-0.5194,-0.5178,-0.5172,-0.5174,-0.5182,-0.5196,-0.5214,-0.5235,-0.5258,-0.5283,-0.7833,-0.7933,-0.8046,-0.8177,-0.8332,-0.8516,-0.8719,-0.8877,-0.8846,-0.8532,-0.8026,-0.7458,-0.6873,-0.6259,-0.5623,-0.5133,-0.5077,-0.5277,-0.5401,-0.5412,-0.5367,-0.5302,-0.5238,-0.5183,-0.5139,-0.5107,-0.5088,-0.5079,-0.508,-0.5089,-0.5106,-0.5129,-0.5156,-0.5185,-0.5216,-0.5247,-0.7902,-0.8015,-0.8145,-0.83,-0.8492,-0.8742,-0.9071,-0.9427,-0.9512,-0.9063,-0.8361,-0.7673,-0.7033,-0.6415,-0.5815,-0.536,-0.5254,-0.5343,-0.5375,-0.5329,-0.5251,-0.517,-0.5101,-0.5045,-0.5005,-0.498,-0.4967,-0.4968,-0.4979,-0.4999,-0.5027,-0.506,-0.5097,-0.5136,-0.5176,-0.5214,-0.7959,-0.8083,-0.8226,-0.8395,-0.8606,-0.8885,-0.928,-0.9793,-1.0004,-0.9415,-0.8582,-0.7836,-0.7182,-0.6601,-0.6097,-0.5719,-0.5517,-0.5415,-0.5313,-0.5199,-0.509,-0.4999,-0.493,-0.488,-0.4848,-0.4833,-0.4832,-0.4844,-0.4868,-0.4902,-0.4943,-0.499,-0.504,-0.5091,-0.514,-0.5187,-0.8004,-0.8135,-0.8286,-0.8462,-0.8673,-0.8935,-0.9265,-0.963,-0.9746,-0.9334,-0.8661,-0.7935,-0.7263,-0.6694,-0.623,-0.586,-0.5574,-0.5342,-0.5145,-0.4984,-0.4862,-0.4776,-0.4719,-0.4683,-0.4666,-0.4665,-0.4679,-0.4708,-0.4748,-0.4799,-0.4858,-0.4921,-0.4987,-0.5051,-0.5112,-0.5168,-0.8035,-0.8171,-0.8327,-0.8507,-0.8716,-0.8962,-0.9247,-0.9531,-0.9693,-0.9526,-0.8888,-0.8029,-0.7251,-0.6645,-0.6181,-0.579,-0.5426,-0.5094,-0.4829,-0.4652,-0.4549,-0.4492,-0.4462,-0.445,-0.4455,-0.4474,-0.4509,-0.4557,-0.4619,-0.4692,-0.4772,-0.4856,-0.4941,-0.5021,-0.5096,-0.5162,-0.8051,-0.8191,-0.8351,-0.8534,-0.8746,-0.9004,-0.9347,-0.9894,-1.0711,-1.0828,-0.9526,-0.8117,-0.71,-0.6428,-0.5986,-0.5591,-0.5124,-0.4646,-0.4309,-0.4164,-0.4134,-0.4141,-0.4158,-0.4181,-0.4214,-0.4259,-0.4319,-0.4393,-0.4481,-0.4581,-0.4689,-0.48,-0.4908,-0.5008,-0.5097,-0.5173,-0.8053,-0.8194,-0.8355,-0.8539,-0.8754,-0.9009,-0.9359,-1.0092,-1.2238,-1.3285,-1.0167,-0.8009,-0.6739,-0.597,-0.5663,-0.5344,-0.4672,-0.3855,-0.3425,-0.3459,-0.3615,-0.3731,-0.3807,-0.3872,-0.394,-0.4017,-0.4107,-0.4212,-0.4333,-0.4469,-0.4613,-0.4758,-0.4896,-0.5019,-0.5123,-0.5208,-0.8038,-0.8177,-0.8336,-0.8518,-0.8725,-0.8952,-0.9172,-0.9422,-1.0724,-1.1657,-0.9434,-0.7637,-0.6292,-0.5048,-0.5241,-0.5168,-0.4042,-0.2295,-0.1838,-0.2535,-0.3044,-0.3277,-0.3407,-0.3518,-0.3629,-0.3745,-0.387,-0.4012,-0.4175,-0.4358,-0.4552,-0.4742,-0.4917,-0.5067,-0.5187,-0.5278,-0.8005,-0.814,-0.8292,-0.8465,-0.8659,-0.8863,-0.9024,-0.9038,-0.919,-0.9282,-0.842,-0.743,-0.6636,-0.4936,-0.5304,-0.5214,-0.3511,-0.0023,0.0105,-0.1813,-0.2544,-0.2767,-0.2924,-0.31,-0.3275,-0.3436,-0.36,-0.3785,-0.4004,-0.4252,-0.4515,-0.4769,-0.4993,-0.5173,-0.5305,-0.5394,-0.7957,-0.8082,-0.8223,-0.838,-0.8554,-0.8736,-0.8898,-0.8992,-0.8959,-0.8705,-0.818,-0.7417,-0.7289,-0.8556,-0.6659,-0.5338,-0.377,-0.1566,-0.1054,-0.1912,-0.202,-0.2021,-0.2268,-0.2599,-0.2874,-0.3084,-0.3281,-0.3516,-0.3811,-0.4156,-0.452,-0.4865,-0.5154,-0.5366,-0.5501,-0.5572,-0.7894,-0.8007,-0.8131,-0.8268,-0.8413,-0.856,-0.8686,-0.8753,-0.8722,-0.8662,-0.862,-0.8387,-0.8259,-0.88,-0.7184,-0.4773,-0.3211,-0.3307,-0.2669,-0.1836,-0.0683,-0.0564,-0.1343,-0.2041,-0.2445,-0.2669,-0.2874,-0.3168,-0.3578,-0.4075,-0.4599,-0.508,-0.5454,-0.5691,-0.5804,-0.583,-0.7819,-0.7917,-0.8024,-0.8137,-0.8253,-0.8364,-0.8458,-0.8525,-0.8613,-0.8911,-0.9611,-0.9658,-0.9046,-0.8251,-0.7094,-0.5051,-0.3716,-0.3824,-0.311,-0.0988,0.2365,0.1777,-0.0415,-0.159,-0.2014,-0.2127,-0.2281,-0.2663,-0.3273,-0.4021,-0.4801,-0.5491,-0.5974,-0.6211,-0.625,-0.6178,-0.7734,-0.7819,-0.7907,-0.7999,-0.809,-0.8176,-0.8256,-0.8345,-0.8505,-0.8878,-0.9475,-0.9306,-0.9245,-0.9122,-0.7272,-0.5772,-0.4843,-0.4379,-0.3752,-0.148,0.2698,0.1938,-0.0441,-0.1461,-0.1537,-0.126,-0.1273,-0.1869,-0.286,-0.4017,-0.5199,-0.6213,-0.6827,-0.6987,-0.6852,-0.6607,-0.7644,-0.7714,-0.7786,-0.7858,-0.7929,-0.7997,-0.8066,-0.8151,-0.8285,-0.8492,-0.8678,-0.8693,-0.9042,-0.8881,-0.6722,-0.5509,-0.504,-0.4768,-0.4856,-0.3518,-0.1431,-0.0907,-0.1466,-0.1578,-0.0832,0.0347,0.056,-0.0669,-0.2372,-0.4101,-0.5846,-0.7338,-0.8076,-0.8009,-0.7556,-0.706,-0.755,-0.7607,-0.7663,-0.7719,-0.7772,-0.7823,-0.7873,-0.7931,-0.8004,-0.808,-0.811,-0.8051,-0.7871,-0.7036,-0.5009,-0.4341,-0.4884,-0.4828,-0.4797,-0.4379,-0.3512,-0.2791,-0.2429,-0.1768,-0.0034,0.2808,0.3371,0.0527,-0.2109,-0.4299,-0.6584,-0.8627,-0.943,-0.8993,-0.8158,-0.7415,-0.7455,-0.7499,-0.7542,-0.7582,-0.7618,-0.765,-0.7678,-0.7703,-0.7719,-0.7711,-0.7646,-0.7472,-0.7086,-0.6262,-0.4997,-0.4569,-0.4886,-0.484,-0.4816,-0.4856,-0.4255,-0.3652,-0.3134,-0.2264,-0.039,0.296,0.3661,-0.0333,-0.2666,-0.4568,-0.6885,-0.9115,-0.9923,-0.9325,-0.8352,-0.7529,-0.736,-0.7392,-0.7422,-0.7448,-0.7469,-0.7483,-0.7488,-0.7482,-0.7456,-0.7396,-0.7275,-0.7056,-0.6687,-0.6131,-0.5518,-0.5172,-0.5046,-0.4895,-0.4788,-0.4705,-0.4418,-0.4129,-0.3814,-0.3173,-0.2249,-0.2049,-0.4185,-0.4212,-0.3963,-0.483,-0.6506,-0.8265,-0.9042,-0.8733,-0.8023,-0.7357,-0.7266,-0.7288,-0.7307,-0.732,-0.7326,-0.7324,-0.731,-0.728,-0.7226,-0.7136,-0.6993,-0.6777,-0.6473,-0.6093,-0.5707,-0.5401,-0.5169,-0.4966,-0.4798,-0.4658,-0.4541,-0.457,-0.4533,-0.406,-0.3716,-0.4696,-0.6703,-0.5893,-0.4837,-0.501,-0.5958,-0.7065,-0.7711,-0.7732,-0.7401,-0.6994,-0.7175,-0.7188,-0.7196,-0.7198,-0.7192,-0.7176,-0.7147,-0.71,-0.7029,-0.6925,-0.678,-0.6583,-0.6334,-0.6047,-0.5754,-0.5486,-0.5249,-0.5038,-0.4857,-0.4716,-0.4664,-0.4803,-0.4863,-0.4495,-0.4277,-0.4748,-0.5461,-0.5348,-0.4974,-0.5058,-0.5574,-0.6224,-0.6695,-0.6855,-0.6774,-0.6583,-0.7087,-0.7092,-0.7091,-0.7084,-0.7068,-0.7041,-0.7001,-0.6943,-0.6863,-0.6755,-0.6615,-0.644,-0.623,-0.5997,-0.5756,-0.5522,-0.5302,-0.5101,-0.4925,-0.4785,-0.4714,-0.4737,-0.4726,-0.4556,-0.4448,-0.4593,-0.4834,-0.4905,-0.4894,-0.5025,-0.5343,-0.5737,-0.6065,-0.6244,-0.6278,-0.6219]}]