docs/data/wind_grid.json
[{"header":{"la1":42.85,"la2":41.18,"lo1":11.55,"lo2":14.05,"nx":36,"ny":24,"dx":0.07143,"dy":0.07261,"parameterCategory":2,"parameterNumber":2,"parameterNumberName":"eastward_wind","parameterUnit":"m.s-1"},"data":[0.8805,0.8499,0.8163,0.781,0.7461,0.7151,0.6927,0.6839,0.6921,0.7177,0.7575,0.8065,0.8596,0.913,0.9641,1.0115,1.0539,1.09,1.1191,1.1407,1.1555,1.1647,1.1698,1.1723,1.173,1.1726,1.1715,1.17,1.1682,1.1661,1.1638,1.1614,1.159,1.1566,1.1542,1.152,0.8702,0.8331,0.7907,0.7437,0.6943,0.647,0.6094,0.5907,0.5982,0.633,0.6889,0.7562,0.8265,0.8946,0.9583,1.0165,1.068,1.1114,1.145,1.1679,1.1812,1.1874,1.1891,1.1883,1.1863,1.1837,1.1808,1.1778,1.1747,1.1715,1.1683,1.165,1.1619,1.1588,1.1558,1.153,0.8637,0.8199,0.7673,0.7055,0.6358,0.5631,0.4989,0.4608,0.4654,0.5161,0.5993,0.695,0.7892,0.876,0.9547,1.0259,1.0895,1.1429,1.1824,1.2059,1.2153,1.2157,1.2116,1.2062,1.2006,1.1953,1.1903,1.1857,1.1811,1.1768,1.1725,1.1683,1.1643,1.1605,1.1569,1.1536,0.8632,0.8131,0.7501,0.6712,0.5747,0.4633,0.3518,0.2731,0.2687,0.3501,0.4831,0.6238,0.75,0.8585,0.9535,1.04,1.1195,1.1881,1.2369,1.2594,1.26,1.2495,1.2367,1.225,1.2152,1.2069,1.1997,1.1933,1.1873,1.1817,1.1763,1.1712,1.1663,1.1617,1.1574,1.1535,0.8708,0.8165,0.7448,0.6492,0.5219,0.3568,0.1636,-0.002,-0.0327,0.1143,0.3415,0.5501,0.7145,0.8442,0.9543,1.0565,1.1567,1.2498,1.3153,1.3336,1.3154,1.2869,1.2621,1.2433,1.2291,1.2179,1.2086,1.2005,1.193,1.1861,1.1796,1.1734,1.1675,1.162,1.157,1.1525,0.8887,0.8337,0.7581,0.6518,0.4986,0.2756,-0.0347,-0.3717,-0.4733,-0.1845,0.2041,0.4948,0.6918,0.8352,0.9546,1.0692,1.1916,1.3201,1.4155,1.4236,1.3728,1.3208,1.284,1.2591,1.2414,1.2278,1.2166,1.2069,1.198,1.1898,1.182,1.1746,1.1677,1.1614,1.1556,1.1505,0.9179,0.8673,0.7957,0.6909,0.5318,0.2815,-0.1152,-0.6459,-0.8586,-0.3746,0.1581,0.4871,0.6893,0.8314,0.9505,1.0694,1.2038,1.3583,1.4829,1.4809,1.4037,1.3392,1.298,1.2709,1.2514,1.2362,1.2235,1.2124,1.2021,1.1925,1.1834,1.1748,1.1667,1.1593,1.1527,1.147,0.9581,0.9173,0.8588,0.7714,0.6361,0.4208,0.0818,-0.3607,-0.5271,-0.1443,0.2628,0.5284,0.7018,0.8278,0.9384,1.0539,1.1828,1.3212,1.4283,1.4373,1.3865,1.3388,1.3044,1.2791,1.2593,1.2431,1.2292,1.2167,1.2052,1.1942,1.1836,1.1735,1.1641,1.1556,1.1481,1.1417,1.0068,0.9807,0.943,0.8863,0.7974,0.6567,0.4481,0.2111,0.0934,0.1759,0.3725,0.5692,0.7106,0.8135,0.9131,1.0289,1.1561,1.2727,1.3504,1.3748,1.362,1.3363,1.3097,1.2859,1.2658,1.2486,1.2337,1.22,1.207,1.1944,1.1821,1.1703,1.1593,1.1495,1.141,1.1341,1.0603,1.0515,1.0394,1.021,0.9891,0.9267,0.7962,0.5358,0.1487,0.0166,0.3129,0.5749,0.7005,0.7706,0.861,0.9983,1.1593,1.2978,1.3761,1.3948,1.3788,1.3498,1.3196,1.2932,1.2712,1.2529,1.2369,1.2221,1.2076,1.1931,1.1787,1.1647,1.1517,1.1402,1.1307,1.1234,1.1139,1.1226,1.1367,1.1588,1.19,1.2212,1.1934,0.8676,-0.2417,-0.7527,0.1916,0.5907,0.665,0.666,0.7526,0.9574,1.2168,1.4444,1.5393,1.5081,1.4393,1.3783,1.3324,1.2992,1.2746,1.2554,1.2388,1.2231,1.2069,1.1901,1.1728,1.1557,1.1401,1.1266,1.116,1.1085,1.1627,1.1863,1.2228,1.2802,1.3719,1.5169,1.7225,1.7928,0.7858,-0.0194,0.4831,0.6588,0.6029,0.4499,0.5667,0.9192,1.3598,1.8132,1.9075,1.6968,1.5135,1.4029,1.3385,1.2996,1.2744,1.2559,1.2397,1.2233,1.2052,1.185,1.1635,1.1422,1.1228,1.1069,1.0953,1.0881,1.203,1.2367,1.2872,1.3655,1.4916,1.703,2.0572,2.4828,2.0461,1.1674,0.8558,0.6633,0.5769,0.382,0.502,0.9774,1.5425,2.3709,2.3877,1.8368,1.5369,1.3946,1.3253,1.2896,1.2692,1.2546,1.2405,1.2239,1.203,1.1778,1.1498,1.1218,1.097,1.0781,1.066,1.0604,1.2329,1.2708,1.3254,1.4058,1.5274,1.7135,1.9798,2.2426,2.0221,1.4231,1.0414,0.5544,0.4315,0.8661,0.8604,1.2158,1.6318,2.0476,2.087,1.7019,1.4479,1.3309,1.2853,1.2681,1.2602,1.2535,1.2435,1.2268,1.2016,1.1682,1.1295,1.0909,1.0582,1.0357,1.0245,1.0228,1.2523,1.2895,1.34,1.4089,1.502,1.6222,1.7518,1.8123,1.6818,1.4822,1.3623,1.1357,0.9583,0.9164,1.0753,1.5951,2.0632,1.7546,1.616,1.4286,1.2648,1.2132,1.2238,1.2405,1.2522,1.2572,1.2528,1.2355,1.203,1.156,1.0994,1.043,0.9984,0.9727,0.9658,0.9727,1.2629,1.2964,1.3388,1.3917,1.4549,1.5226,1.5772,1.5898,1.5665,1.634,1.9561,1.6076,1.3887,1.1707,1.244,1.5789,1.876,1.583,1.3699,1.2151,1.0591,1.0798,1.1657,1.2201,1.2536,1.2725,1.2746,1.2554,1.2111,1.1412,1.0535,0.9669,0.9045,0.8786,0.8842,0.9081,1.2671,1.2956,1.3295,1.3685,1.4105,1.4504,1.4805,1.499,1.5317,1.6557,1.9056,1.6793,1.5465,1.5383,1.3627,1.3844,1.4071,1.2618,1.122,1.1017,1.0275,1.0574,1.1518,1.2215,1.273,1.307,1.3161,1.2933,1.2313,1.125,0.984,0.8447,0.7572,0.7415,0.7763,0.8303,1.267,1.2907,1.3173,1.3462,1.3754,1.4023,1.4252,1.4473,1.482,1.5426,1.5892,1.5448,1.5585,1.551,1.359,1.2887,1.2235,0.993,0.7832,1.0037,1.0889,1.1206,1.177,1.2447,1.313,1.3626,1.3771,1.3524,1.2705,1.1127,0.8862,0.6594,0.542,0.5614,0.6509,0.7494,1.2645,1.2839,1.3049,1.3268,1.3484,1.3684,1.3869,1.4057,1.4283,1.4525,1.4631,1.4512,1.4354,1.3806,1.2649,1.2307,1.1865,1.0117,0.8997,1.0659,1.1196,1.1515,1.1991,1.2731,1.361,1.413,1.4221,1.4228,1.3347,1.1202,0.7857,0.444,0.3034,0.3857,0.5438,0.6873,1.2605,1.2765,1.2933,1.3103,1.3269,1.3424,1.3568,1.3705,1.3836,1.3935,1.3947,1.3842,1.3605,1.3146,1.2543,1.2301,1.1934,1.1275,1.1534,1.1872,1.1487,1.1535,1.1948,1.2845,1.4023,1.4474,1.4512,1.5386,1.4399,1.1748,0.7709,0.3639,0.214,0.3267,0.512,0.6706,1.2559,1.2691,1.2827,1.2962,1.3092,1.3212,1.3321,1.3415,1.3489,1.3525,1.35,1.3395,1.3196,1.2902,1.2579,1.231,1.1989,1.1661,1.162,1.1633,1.1351,1.107,1.1301,1.25,1.445,1.6677,1.9294,1.8569,1.5951,1.2783,0.8948,0.5374,0.3843,0.4433,0.58,0.7094,1.251,1.262,1.2731,1.284,1.2942,1.3035,1.3115,1.3179,1.3219,1.3226,1.3187,1.3093,1.294,1.2737,1.251,1.2274,1.2019,1.1773,1.1587,1.135,1.0756,0.9715,0.9545,1.1383,1.4347,1.818,2.1744,2.0226,1.6837,1.3688,1.0605,0.7962,0.654,0.6449,0.7075,0.7863,1.2461,1.2553,1.2644,1.2732,1.2813,1.2885,1.2944,1.2987,1.3008,1.3001,1.2959,1.2878,1.2758,1.2605,1.2427,1.2233,1.2023,1.1802,1.1549,1.1135,1.0233,0.8668,0.8234,1.0403,1.35,1.6668,1.8789,1.8294,1.6239,1.3943,1.174,0.9883,0.8699,0.8274,0.8383,0.8737,1.2414,1.2491,1.2566,1.2638,1.2702,1.2758,1.2802,1.283,1.2839,1.2826,1.2786,1.2717,1.262,1.2498,1.2355,1.2195,1.2017,1.1813,1.1551,1.1134,1.041,0.9474,0.9348,1.0748,1.285,1.485,1.6084,1.6079,1.5103,1.3716,1.227,1.0997,1.0078,0.9583,0.9443,0.9524]},{"header":{"la1":42.85,"la2":41.18,"lo1":11.55,"lo2":14.05,"nx":36,"ny":24,"dx":0.07143,"dy":0.07261,"parameterCategory":2,"parameterNumber":3,"parameterNumberName":"northward_wind","parameterUnit":"m.s-1"},"data":[0.3477,0.3106,0.2703,0.228,0.1858,0.1474,0.1174,0.1007,0.1005,0.1164,0.1443,0.1781,0.212,0.2419,0.2659,0.2838,0.2971,0.3084,0.321,0.3377,0.36,0.3878,0.4194,0.453,0.4869,0.52,0.5515,0.581,0.6085,0.6339,0.6572,0.6786,0.6982,0.7161,0.7323,0.7471,0.3354,0.2914,0.2419,0.1874,0.1301,0.0748,0.0291,0.0025,0.002,0.0277,0.0718,0.1226,0.1706,0.2097,0.238,0.2557,0.2653,0.2713,0.2794,0.295,0.3205,0.3544,0.3937,0.4347,0.4752,0.5136,0.5493,0.5821,0.6122,0.6396,0.6645,0.6871,0.7076,0.7261,0.7429,0.7579,0.327,0.276,0.2159,0.146,0.0676,-0.0142,-0.0876,-0.1341,-0.1366,-0.0931,-0.0202,0.0588,0.1276,0.179,0.2117,0.2272,0.229,0.2241,0.2232,0.2365,0.2677,0.3126,0.3638,0.4154,0.4642,0.5089,0.5493,0.5856,0.6182,0.6475,0.6738,0.6975,0.7188,0.738,0.7551,0.7703,0.3247,0.2671,0.1962,0.1087,0.0024,-0.1201,-0.2436,-0.3324,-0.3428,-0.2642,-0.1372,-0.0118,0.0866,0.1528,0.1896,0.1999,0.1875,0.1616,0.1423,0.152,0.196,0.261,0.331,0.397,0.4559,0.5075,0.5526,0.5922,0.6271,0.6581,0.6857,0.7103,0.7323,0.7518,0.7692,0.7845,0.3307,0.2686,0.1888,0.0843,-0.054,-0.2333,-0.4443,-0.6266,-0.6631,-0.5094,-0.278,-0.0802,0.0546,0.1356,0.1747,0.1769,0.1422,0.0783,0.0221,0.0277,0.1013,0.2026,0.3,0.3835,0.453,0.5111,0.5603,0.6026,0.6394,0.6718,0.7003,0.7256,0.748,0.7679,0.7853,0.8006,0.3469,0.284,0.2004,0.0852,-0.0792,-0.3191,-0.6569,-1.0281,-1.141,-0.8242,-0.4105,-0.1238,0.0421,0.1314,0.1699,0.1639,0.1037,-0.0175,-0.1414,-0.1365,-0.0029,0.1527,0.2814,0.381,0.4589,0.5216,0.5736,0.6177,0.6557,0.6888,0.718,0.7437,0.7664,0.7863,0.8037,0.8188,0.3742,0.3154,0.236,0.1236,-0.0446,-0.3103,-0.7399,-1.3292,-1.5691,-1.0211,-0.4368,-0.1091,0.0572,0.1404,0.1751,0.167,0.0972,-0.0654,-0.2594,-0.2498,-0.0522,0.1442,0.2898,0.396,0.4766,0.5406,0.5932,0.6377,0.676,0.7094,0.7388,0.7648,0.7875,0.8074,0.8246,0.8393,0.412,0.3623,0.2958,0.202,0.0622,-0.1581,-0.5123,-0.9946,-1.1771,-0.7242,-0.276,-0.0304,0.0933,0.1549,0.1833,0.1835,0.1374,0.0155,-0.1389,-0.1332,0.0317,0.2018,0.3323,0.4303,0.5064,0.5678,0.6189,0.6625,0.7003,0.7335,0.7629,0.7889,0.8116,0.8313,0.8482,0.8623,0.4578,0.421,0.3737,0.31,0.2197,0.0876,-0.0982,-0.2971,-0.3568,-0.2272,-0.06,0.0612,0.126,0.1577,0.1795,0.1953,0.191,0.1521,0.1005,0.1093,0.1943,0.3013,0.398,0.4788,0.5457,0.6019,0.6498,0.6915,0.7282,0.7609,0.7902,0.8161,0.8388,0.8584,0.8748,0.8882,0.508,0.4856,0.4598,0.4292,0.391,0.3384,0.2579,0.1333,-0.0176,-0.0634,0.0378,0.1145,0.1292,0.1256,0.1429,0.1817,0.2174,0.2356,0.2463,0.2732,0.3268,0.3964,0.4674,0.5325,0.5899,0.6401,0.6842,0.7235,0.759,0.7912,0.8205,0.8466,0.8695,0.8889,0.9048,0.9172,0.5587,0.55,0.5441,0.5435,0.5509,0.5647,0.5578,0.4142,-0.0797,-0.3034,0.0462,0.1369,0.0869,0.0276,0.0509,0.136,0.2124,0.2565,0.2922,0.3423,0.4036,0.4673,0.5284,0.5845,0.6348,0.6798,0.7203,0.7572,0.7916,0.8238,0.8537,0.8807,0.9042,0.9236,0.9389,0.95,0.6068,0.6092,0.6188,0.6408,0.6836,0.7585,0.8695,0.9136,0.4258,0.0288,0.1878,0.1562,0.0071,-0.1673,-0.1003,0.0802,0.1961,0.2217,0.2533,0.3495,0.4445,0.5189,0.5794,0.6317,0.6777,0.7186,0.7558,0.7908,0.8248,0.858,0.8898,0.9188,0.9437,0.9635,0.978,0.9873,0.65,0.66,0.6791,0.7135,0.7734,0.8778,1.0542,1.2653,1.0487,0.5957,0.3665,0.1402,-0.0235,-0.2353,-0.1608,0.0798,0.1901,0.1362,0.1521,0.3478,0.4814,0.5611,0.6207,0.6722,0.7163,0.7539,0.788,0.8217,0.8567,0.893,0.9289,0.962,0.9897,1.0104,1.0236,1.0301,0.6875,0.7017,0.7246,0.7609,0.818,0.9062,1.0319,1.1548,1.0531,0.7667,0.5216,0.0829,-0.0919,-0.2172,0.0288,0.1328,0.154,0.2045,0.2636,0.4349,0.5301,0.5829,0.6432,0.7025,0.7485,0.7828,0.8129,0.8457,0.8842,0.9275,0.9718,1.0125,1.0451,1.0668,1.0778,1.0797,0.7196,0.7354,0.7582,0.7906,0.8352,0.8928,0.9556,0.9908,0.9559,0.9149,0.896,0.7218,0.3519,0.1017,0.2275,0.0789,-0.2494,0.2509,0.5158,0.578,0.5013,0.5106,0.6255,0.7217,0.7735,0.7994,0.822,0.8554,0.903,0.9605,1.0206,1.0746,1.1148,1.1373,1.1433,1.1374,0.7473,0.7633,0.7846,0.812,0.8458,0.8841,0.9217,0.953,0.9973,1.1376,1.443,1.5526,1.1806,0.67,0.5914,0.328,0.0462,0.5733,0.8971,0.701,0.157,0.2483,0.5859,0.7474,0.7909,0.79,0.7969,0.8367,0.9062,0.9916,1.0793,1.1556,1.2068,1.2275,1.2229,1.2035,0.7716,0.7875,0.8073,0.8314,0.8595,0.8913,0.9267,0.9721,1.0508,1.2093,1.4352,1.4372,1.586,1.6555,1.1388,0.9642,1.0073,1.4473,1.7462,1.1593,0.1561,0.2816,0.6833,0.8144,0.7889,0.7163,0.6964,0.7658,0.8871,1.0225,1.1551,1.2665,1.3316,1.3427,1.3168,1.2757,0.7936,0.8093,0.8283,0.8508,0.8769,0.9075,0.9446,0.9945,1.0676,1.1701,1.2761,1.3799,1.6829,1.7701,1.5687,1.5983,1.6917,2.4408,3.1704,2.1543,1.2549,0.9679,0.9736,0.9154,0.7307,0.4974,0.4417,0.6196,0.8514,1.0598,1.2528,1.414,1.4924,1.4785,1.4165,1.3463,0.8136,0.8294,0.8481,0.87,0.8956,0.926,0.9633,1.0108,1.072,1.1466,1.2307,1.3363,1.4831,1.6416,2.0646,2.2564,2.015,2.5194,2.9772,2.6321,2.0186,1.5281,1.2612,1.0185,0.6324,0.0937,-0.014,0.4602,0.8511,1.1142,1.3548,1.5672,1.6521,1.6,1.4975,1.4003,0.832,0.848,0.8667,0.8884,0.9138,0.9439,0.98,1.0241,1.0775,1.1409,1.2161,1.3106,1.4393,1.65,2.0232,2.1582,2.0466,2.3483,2.9569,3.1855,2.3844,1.8074,1.4735,1.1691,0.7326,0.0799,-0.0537,0.6534,0.9953,1.1921,1.4083,1.6246,1.7071,1.6408,1.5264,1.4223,0.849,0.8652,0.8838,0.9055,0.9306,0.96,0.9947,1.0359,1.0846,1.1421,1.2113,1.2978,1.4129,1.5724,1.7581,1.8679,1.9508,2.2005,2.6058,2.7009,2.2558,1.8856,1.6646,1.4075,1.1214,1.0394,1.446,1.4212,1.2774,1.2846,1.3989,1.5475,1.6174,1.5798,1.495,1.4093,0.8645,0.8808,0.8995,0.9209,0.9457,0.9743,1.0076,1.0463,1.0916,1.1447,1.2079,1.2847,1.3796,1.493,1.611,1.7145,1.8262,1.9871,2.152,2.1682,2.0242,1.9556,1.9175,1.6737,1.4438,1.5565,1.9443,1.7619,1.4627,1.3571,1.3772,1.4458,1.4903,1.4797,1.4323,1.3741,0.8786,0.8949,0.9135,0.9347,0.9589,0.9866,1.0184,1.0549,1.0971,1.146,1.2029,1.2697,1.3472,1.4338,1.5238,1.6133,1.7078,1.809,1.8907,1.9167,1.9265,2.0361,2.0798,1.8242,1.5837,1.5712,1.678,1.6224,1.4734,1.382,1.3621,1.3806,1.3991,1.3956,1.3703,1.3335,0.8912,0.9075,0.9259,0.9467,0.9702,0.9969,1.0272,1.0616,1.1007,1.1454,1.1962,1.254,1.3185,1.3884,1.4612,1.5352,1.6097,1.6811,1.7399,1.7833,1.8388,1.9285,1.9382,1.7783,1.6051,1.5335,1.5266,1.4945,1.429,1.3734,1.3471,1.3427,1.344,1.3383,1.3218,1.2972]}]