docs/data/wind_grid.json
[{"header":{"la1":42.85,"la2":41.18,"lo1":11.55,"lo2":14.05,"nx":36,"ny":24,"dx":0.07143,"dy":0.07261,"parameterCategory":2,"parameterNumber":2,"parameterNumberName":"eastward_wind","parameterUnit":"m.s-1"},"data":[-0.6968,-0.6814,-0.6637,-0.6438,-0.622,-0.5985,-0.5738,-0.5481,-0.5205,-0.4888,-0.4501,-0.4012,-0.341,-0.2726,-0.2063,-0.1583,-0.1436,-0.1648,-0.2112,-0.2679,-0.324,-0.3742,-0.417,-0.4527,-0.4824,-0.507,-0.5275,-0.5447,-0.5591,-0.5713,-0.5818,-0.5907,-0.5984,-0.6052,-0.6112,-0.6165,-0.7045,-0.688,-0.6687,-0.6463,-0.6212,-0.5941,-0.5662,-0.5384,-0.5101,-0.478,-0.4364,-0.3785,-0.2991,-0.199,-0.0924,-0.0117,0.0085,-0.0364,-0.1187,-0.2075,-0.2866,-0.3516,-0.4035,-0.4448,-0.4778,-0.5044,-0.5261,-0.5439,-0.5587,-0.571,-0.5814,-0.5902,-0.5977,-0.6043,-0.6101,-0.6152,-0.7144,-0.697,-0.6757,-0.6502,-0.6205,-0.5877,-0.5542,-0.5231,-0.4956,-0.4672,-0.4274,-0.3635,-0.2631,-0.119,0.0555,0.1993,0.2269,0.1306,-0.015,-0.1499,-0.2563,-0.3361,-0.396,-0.4414,-0.4767,-0.5045,-0.5268,-0.5448,-0.5595,-0.5716,-0.5817,-0.5901,-0.5973,-0.6035,-0.6089,-0.6138,-0.727,-0.709,-0.686,-0.6568,-0.6207,-0.5785,-0.534,-0.4954,-0.4697,-0.4522,-0.4237,-0.3624,-0.2474,-0.0573,0.2114,0.4637,0.4997,0.3084,0.0723,-0.1131,-0.2427,-0.3326,-0.3967,-0.4439,-0.4797,-0.5076,-0.5296,-0.5472,-0.5614,-0.573,-0.5824,-0.5903,-0.5969,-0.6026,-0.6076,-0.6121,-0.743,-0.7252,-0.7011,-0.6685,-0.6246,-0.5679,-0.5018,-0.4427,-0.4171,-0.4244,-0.4238,-0.3789,-0.2677,-0.0612,0.2678,0.618,0.6614,0.3829,0.0867,-0.1203,-0.2547,-0.3442,-0.4067,-0.4523,-0.4868,-0.5134,-0.5344,-0.5511,-0.5643,-0.5749,-0.5835,-0.5905,-0.5964,-0.6014,-0.6059,-0.61,-0.7629,-0.7467,-0.7234,-0.6892,-0.6387,-0.5648,-0.463,-0.3546,-0.3171,-0.3766,-0.4276,-0.4117,-0.3248,-0.1555,0.113,0.4009,0.4474,0.2309,-0.0083,-0.1791,-0.2925,-0.3697,-0.4247,-0.4657,-0.4971,-0.5216,-0.5409,-0.556,-0.5679,-0.5773,-0.5847,-0.5906,-0.5955,-0.5997,-0.6035,-0.6071,-0.7869,-0.7743,-0.7546,-0.7233,-0.6728,-0.5901,-0.457,-0.2806,-0.2113,-0.3458,-0.4506,-0.4572,-0.3977,-0.2878,-0.1356,0.0112,0.0495,-0.0379,-0.1613,-0.2658,-0.3441,-0.4026,-0.4473,-0.4821,-0.5096,-0.5313,-0.5484,-0.5616,-0.5718,-0.5796,-0.5855,-0.59,-0.5937,-0.597,-0.6,-0.6032,-0.8145,-0.8077,-0.7953,-0.7731,-0.7338,-0.6648,-0.5487,-0.391,-0.3281,-0.4402,-0.5164,-0.5109,-0.4607,-0.3897,-0.3116,-0.2457,-0.2201,-0.2425,-0.2913,-0.3446,-0.393,-0.4348,-0.4699,-0.499,-0.5227,-0.5416,-0.5563,-0.5674,-0.5756,-0.5814,-0.5855,-0.5884,-0.5907,-0.5928,-0.5951,-0.5977,-0.8447,-0.8455,-0.8436,-0.8364,-0.8187,-0.7824,-0.7202,-0.6449,-0.6079,-0.6155,-0.6049,-0.5589,-0.4958,-0.4356,-0.3883,-0.3564,-0.3423,-0.3469,-0.3665,-0.3951,-0.4276,-0.4597,-0.489,-0.5143,-0.5352,-0.5516,-0.564,-0.5728,-0.5786,-0.5821,-0.584,-0.585,-0.5857,-0.5866,-0.5881,-0.5903,-0.8755,-0.8848,-0.8955,-0.907,-0.9168,-0.9192,-0.902,-0.8518,-0.7798,-0.7285,-0.673,-0.5842,-0.491,-0.4221,-0.3883,-0.3781,-0.3761,-0.3784,-0.3901,-0.4134,-0.4437,-0.4748,-0.5032,-0.5272,-0.5464,-0.5609,-0.5709,-0.5771,-0.5802,-0.581,-0.5803,-0.579,-0.5779,-0.5774,-0.5781,-0.5801,-0.9047,-0.9223,-0.9455,-0.9762,-1.0163,-1.0636,-1.0972,-1.0425,-0.8141,-0.7181,-0.7096,-0.5798,-0.439,-0.3432,-0.3271,-0.3503,-0.3623,-0.3582,-0.3666,-0.4004,-0.4428,-0.4812,-0.5126,-0.5374,-0.5561,-0.569,-0.5766,-0.5798,-0.5796,-0.5771,-0.5733,-0.5693,-0.566,-0.5641,-0.5642,-0.5663,-0.9299,-0.9541,-0.9873,-1.0341,-1.1019,-1.2001,-1.3294,-1.3992,-1.0939,-0.8328,-0.7389,-0.5558,-0.3587,-0.1925,-0.2224,-0.3074,-0.3271,-0.2815,-0.2835,-0.3604,-0.4323,-0.4826,-0.5186,-0.5453,-0.5642,-0.5756,-0.5804,-0.58,-0.5758,-0.5692,-0.5616,-0.5542,-0.5484,-0.5451,-0.5449,-0.5478,-0.9494,-0.9775,-1.016,-1.0709,-1.1526,-1.2788,-1.4722,-1.6843,-1.4874,-1.0543,-0.7639,-0.5419,-0.3576,-0.1384,-0.1765,-0.2938,-0.2965,-0.1591,-0.1635,-0.3283,-0.4275,-0.4821,-0.5207,-0.5505,-0.5706,-0.5803,-0.5814,-0.5763,-0.5672,-0.5556,-0.5432,-0.5316,-0.5228,-0.5183,-0.5185,-0.5233,-0.9627,-0.9913,-1.0297,-1.0828,-1.1583,-1.2674,-1.4158,-1.5567,-1.4362,-1.0795,-0.8005,-0.5493,-0.4307,0.0048,-0.2556,-0.3032,-0.2659,-0.2329,-0.2506,-0.3683,-0.4316,-0.4688,-0.5121,-0.5515,-0.5752,-0.5824,-0.5779,-0.5667,-0.5517,-0.5342,-0.5157,-0.4986,-0.486,-0.4805,-0.4826,-0.4912,-0.9702,-0.9968,-1.0309,-1.0749,-1.1317,-1.2017,-1.2742,-1.3039,-1.2169,-1.0729,-0.9666,-0.789,-0.5058,-0.3012,-0.3747,-0.2402,0.0062,-0.2796,-0.402,-0.4242,-0.3795,-0.3953,-0.4804,-0.5495,-0.5794,-0.5801,-0.5663,-0.5476,-0.5266,-0.5027,-0.4762,-0.451,-0.4332,-0.4275,-0.434,-0.4498,-0.9732,-0.9964,-1.0243,-1.0575,-1.0953,-1.1336,-1.1616,-1.1612,-1.1338,-1.1564,-1.3452,-1.1018,-0.9243,-0.6757,-0.6211,-0.4026,-0.1733,-0.4216,-0.5352,-0.4305,-0.1488,-0.215,-0.4424,-0.5591,-0.5858,-0.5674,-0.5381,-0.5128,-0.4891,-0.4594,-0.4216,-0.3831,-0.3574,-0.3535,-0.3699,-0.3985,-0.9733,-0.9929,-1.015,-1.0391,-1.0638,-1.0855,-1.0994,-1.1036,-1.1138,-1.1785,-1.3243,-1.1938,-1.2615,-1.3325,-1.016,-0.8545,-0.7291,-0.7226,-0.7137,-0.5528,-0.1364,-0.2287,-0.5034,-0.6075,-0.5908,-0.5267,-0.4761,-0.454,-0.4379,-0.4054,-0.3501,-0.2878,-0.2496,-0.2532,-0.2893,-0.339,-0.972,-0.9883,-1.0059,-1.024,-1.0414,-1.0564,-1.0679,-1.0783,-1.0964,-1.133,-1.1718,-1.1979,-1.3696,-1.4435,-1.4471,-1.4653,-1.1606,-0.8841,-0.7356,-0.849,-0.7049,-0.649,-0.7118,-0.6975,-0.5748,-0.4221,-0.354,-0.3655,-0.3769,-0.3473,-0.2654,-0.1618,-0.106,-0.1292,-0.1995,-0.279,-0.9703,-0.9841,-0.9985,-1.0131,-1.027,-1.0398,-1.0517,-1.0649,-1.0833,-1.1096,-1.1439,-1.1994,-1.3079,-1.5151,-2.1713,-2.4378,-1.5757,-1.1104,-1.0176,-1.3767,-1.2341,-1.0705,-0.9762,-0.8176,-0.5377,-0.2477,-0.184,-0.2681,-0.3177,-0.2979,-0.1878,-0.0307,0.0424,-0.0135,-0.1249,-0.234,-0.9686,-0.9807,-0.9932,-1.0057,-1.0181,-1.0304,-1.0432,-1.0582,-1.0776,-1.1043,-1.1433,-1.2073,-1.3257,-1.5815,-2.0965,-2.2426,-1.6869,-1.4647,-1.8754,-2.1175,-1.6375,-1.4408,-1.3082,-1.0247,-0.5886,-0.2091,-0.1409,-0.2038,-0.2658,-0.2704,-0.1612,0.0166,0.0958,0.0247,-0.103,-0.2224,-0.9673,-0.9782,-0.9895,-1.0011,-1.0129,-1.0253,-1.039,-1.0553,-1.0761,-1.1045,-1.1455,-1.2089,-1.3124,-1.4787,-1.6761,-1.7178,-1.581,-1.5582,-1.7707,-1.8818,-1.8193,-1.9316,-1.9014,-1.4491,-0.8005,-0.2875,-0.0067,-0.0582,-0.209,-0.269,-0.2057,-0.0728,-0.0035,-0.0491,-0.1495,-0.2515,-0.9663,-0.9765,-0.9871,-0.9982,-1.0098,-1.0225,-1.0369,-1.054,-1.0757,-1.1043,-1.1435,-1.1987,-1.2754,-1.3718,-1.4609,-1.4973,-1.4951,-1.5371,-1.6571,-1.8234,-2.1779,-2.8581,-3.0256,-2.1668,-1.1218,-0.3041,0.1618,0.0316,-0.2001,-0.3,-0.2856,-0.2138,-0.1655,-0.1809,-0.2397,-0.3106,-0.9656,-0.9753,-0.9855,-0.9963,-1.008,-1.0208,-1.0355,-1.053,-1.0746,-1.102,-1.1373,-1.1828,-1.239,-1.3014,-1.3587,-1.4017,-1.4431,-1.5157,-1.6533,-1.9217,-2.5161,-3.5214,-3.7944,-2.6904,-1.4741,-0.6284,-0.2092,-0.1937,-0.3075,-0.3745,-0.3752,-0.3397,-0.3097,-0.3102,-0.3389,-0.3818,-0.9651,-0.9744,-0.9844,-0.995,-1.0066,-1.0195,-1.0342,-1.0516,-1.0724,-1.0978,-1.129,-1.1665,-1.2101,-1.2571,-1.3041,-1.3514,-1.4088,-1.4968,-1.6477,-1.9222,-2.4118,-3.0334,-3.1559,-2.4792,-1.6192,-0.9709,-0.6077,-0.4827,-0.4731,-0.48,-0.4693,-0.4449,-0.4234,-0.4174,-0.4288,-0.452]},{"header":{"la1":42.85,"la2":41.18,"lo1":11.55,"lo2":14.05,"nx":36,"ny":24,"dx":0.07143,"dy":0.07261,"parameterCategory":2,"parameterNumber":3,"parameterNumberName":"northward_wind","parameterUnit":"m.s-1"},"data":[0.4932,0.4756,0.456,0.4347,0.4121,0.3894,0.3678,0.3486,0.3317,0.3155,0.2969,0.2722,0.2393,0.1994,0.1594,0.1318,0.1281,0.1513,0.194,0.245,0.2959,0.3424,0.3831,0.4183,0.4485,0.4747,0.4974,0.5172,0.5348,0.5504,0.5643,0.5768,0.588,0.5982,0.6073,0.6156,0.4939,0.4742,0.4515,0.426,0.3981,0.3694,0.3423,0.3196,0.3025,0.2886,0.2719,0.2449,0.2015,0.1408,0.0724,0.0206,0.0124,0.0531,0.1231,0.1992,0.2684,0.327,0.3753,0.4153,0.4485,0.4765,0.5004,0.5211,0.5392,0.5552,0.5694,0.5821,0.5934,0.6036,0.6128,0.6211,0.4966,0.4748,0.4488,0.4179,0.3825,0.3442,0.3073,0.2782,0.2615,0.2546,0.2461,0.2215,0.168,0.0785,-0.0384,-0.1374,-0.1526,-0.0742,0.044,0.156,0.2471,0.3179,0.3731,0.4167,0.452,0.4812,0.5058,0.5269,0.5453,0.5614,0.5757,0.5884,0.5998,0.6099,0.619,0.6272,0.5022,0.4787,0.4493,0.4124,0.3668,0.3132,0.2576,0.2136,0.1967,0.206,0.2184,0.2063,0.1492,0.0302,-0.1538,-0.3339,-0.358,-0.2095,-0.0221,0.1298,0.24,0.3195,0.3784,0.4236,0.4595,0.4889,0.5135,0.5346,0.5529,0.5689,0.5831,0.5957,0.607,0.6171,0.626,0.634,0.5115,0.4872,0.4554,0.4128,0.3554,0.2796,0.189,0.1084,0.0852,0.1304,0.1874,0.2034,0.1567,0.0296,-0.1961,-0.4481,-0.4796,-0.2658,-0.0311,0.1393,0.2546,0.3345,0.3925,0.4365,0.4712,0.4997,0.5236,0.5441,0.562,0.5777,0.5917,0.6041,0.6152,0.625,0.6338,0.6416,0.525,0.5016,0.4696,0.4243,0.3576,0.2573,0.1126,-0.049,-0.1008,0.0225,0.1611,0.2169,0.1924,0.0934,-0.0861,-0.2885,-0.3185,-0.1478,0.0468,0.1919,0.2922,0.3629,0.4148,0.4546,0.4866,0.5131,0.5356,0.5552,0.5724,0.5877,0.6013,0.6134,0.6242,0.6338,0.6423,0.6498,0.5428,0.5225,0.494,0.452,0.386,0.2764,0.0904,-0.1742,-0.2837,-0.0443,0.1767,0.2538,0.2433,0.1829,0.0888,-0.0036,-0.0182,0.0631,0.1746,0.2712,0.345,0.4003,0.4428,0.4766,0.5045,0.5283,0.5491,0.5675,0.5839,0.5986,0.6118,0.6236,0.634,0.6433,0.6515,0.6587,0.5645,0.5493,0.528,0.4965,0.4464,0.3612,0.2125,-0.0057,-0.0914,0.1162,0.2798,0.3149,0.2889,0.2456,0.2045,0.1793,0.187,0.2311,0.2927,0.3521,0.4016,0.4411,0.4731,0.5001,0.5235,0.5444,0.5634,0.5806,0.5962,0.6103,0.6231,0.6345,0.6447,0.6536,0.6614,0.6682,0.5887,0.5799,0.5683,0.5521,0.5279,0.4901,0.4343,0.3771,0.383,0.4429,0.4413,0.3789,0.3059,0.2538,0.235,0.2479,0.2842,0.333,0.3821,0.4232,0.4551,0.4806,0.5026,0.5228,0.542,0.5603,0.5776,0.5938,0.6088,0.6226,0.635,0.6461,0.656,0.6646,0.672,0.6784,0.6135,0.6113,0.6096,0.6089,0.6099,0.6143,0.6279,0.6706,0.7645,0.7796,0.6063,0.4126,0.269,0.19,0.1856,0.2408,0.3228,0.402,0.4582,0.4888,0.5046,0.5162,0.5284,0.5425,0.5583,0.5747,0.591,0.6067,0.6215,0.6351,0.6474,0.6584,0.668,0.6763,0.6833,0.6892,0.6372,0.6407,0.6472,0.6585,0.6774,0.7071,0.7502,0.8207,1.0212,1.1246,0.7172,0.3835,0.1576,0.0299,0.0521,0.1851,0.3479,0.485,0.553,0.5607,0.5506,0.5445,0.5469,0.5565,0.5706,0.5866,0.6031,0.6189,0.6339,0.6476,0.6601,0.6711,0.6806,0.6887,0.6953,0.7006,0.6585,0.6661,0.6779,0.6963,0.7246,0.7663,0.8197,0.8646,0.9303,0.9606,0.6293,0.2887,0.0012,-0.2432,-0.1554,0.1185,0.4034,0.65,0.7127,0.6447,0.5866,0.5584,0.5528,0.5615,0.5772,0.5952,0.6131,0.63,0.6457,0.6601,0.673,0.6844,0.6939,0.7018,0.7079,0.7127,0.6768,0.6867,0.701,0.7218,0.7519,0.7946,0.8503,0.8983,0.866,0.7473,0.4982,0.1829,-0.0511,-0.3367,-0.2406,0.1306,0.4843,0.8917,0.9069,0.6999,0.5887,0.5424,0.5369,0.5534,0.577,0.6001,0.6208,0.6394,0.6564,0.6721,0.6861,0.6982,0.708,0.7156,0.7212,0.7252,0.6921,0.7029,0.7175,0.7372,0.7635,0.7976,0.8378,0.8709,0.8421,0.723,0.5138,0.1147,-0.0646,-0.47,-0.0268,0.2659,0.4985,0.7456,0.7898,0.64,0.5163,0.4671,0.486,0.5298,0.5707,0.6018,0.6257,0.6462,0.6653,0.6832,0.6993,0.7126,0.7229,0.7303,0.7352,0.7383,0.7049,0.7158,0.7295,0.7467,0.7676,0.7915,0.8147,0.828,0.8219,0.8143,0.7871,0.6119,0.2948,0.187,0.234,0.4355,0.4983,0.5904,0.6255,0.4992,0.3038,0.276,0.389,0.4962,0.5634,0.6012,0.6257,0.6477,0.6706,0.6929,0.7125,0.728,0.7389,0.7459,0.7498,0.7516,0.7159,0.7264,0.7392,0.7543,0.7716,0.7904,0.8098,0.8317,0.874,0.9949,1.2535,1.2223,0.9777,0.6363,0.5896,0.5715,0.5517,0.6382,0.6357,0.3584,-0.1486,-0.0569,0.2862,0.4805,0.5644,0.5952,0.6129,0.6376,0.6694,0.7008,0.7265,0.7449,0.7563,0.7622,0.7645,0.7648,0.7255,0.7358,0.7478,0.7619,0.778,0.7966,0.8197,0.8544,0.92,1.0541,1.2483,1.2323,1.5533,1.7169,1.0339,0.814,0.7767,0.8467,0.8569,0.4985,-0.1878,-0.0632,0.3336,0.5244,0.5752,0.565,0.5646,0.6029,0.6588,0.7079,0.7426,0.7637,0.7743,0.7782,0.7785,0.7772,0.7342,0.7443,0.7561,0.7698,0.7859,0.8056,0.8316,0.8697,0.9293,1.0166,1.1132,1.2428,1.6851,1.7758,1.2056,1.0267,0.9784,1.1026,1.2485,0.9485,0.5557,0.4581,0.5674,0.6261,0.5731,0.4589,0.4307,0.529,0.6431,0.7196,0.7624,0.7831,0.7905,0.7915,0.7901,0.7878,0.742,0.7521,0.7638,0.7774,0.7937,0.8138,0.8399,0.8753,0.9233,0.9847,1.0588,1.1615,1.2924,1.2809,1.1762,1.17,1.0877,1.1649,1.2628,1.2433,1.0347,0.8771,0.8262,0.7537,0.5541,0.2366,0.1713,0.4478,0.6531,0.7469,0.7847,0.7969,0.799,0.7989,0.7979,0.7961,0.7492,0.7592,0.7708,0.7843,0.8004,0.82,0.8445,0.8753,0.9139,0.9602,1.014,1.0739,1.1237,1.1358,1.1471,1.1519,1.1192,1.203,1.451,1.5585,1.2892,1.1585,1.0878,0.9412,0.6585,0.2372,0.1513,0.5758,0.7536,0.8016,0.8083,0.8025,0.7996,0.8014,0.8032,0.803,0.7557,0.7656,0.777,0.7903,0.8058,0.8243,0.8464,0.873,0.9043,0.94,0.9788,1.0175,1.0496,1.0714,1.0888,1.099,1.1204,1.2084,1.366,1.4307,1.3995,1.4728,1.4756,1.2589,0.9704,0.8502,1.0763,1.0545,0.9407,0.8804,0.8418,0.8165,0.8071,0.8079,0.8102,0.8105,0.7614,0.7712,0.7824,0.7952,0.8099,0.827,0.8469,0.8698,0.8957,0.9241,0.9538,0.9829,1.009,1.0315,1.052,1.0748,1.114,1.187,1.287,1.3977,1.6165,2.0256,2.1368,1.7015,1.2765,1.1922,1.378,1.2677,1.0667,0.951,0.8853,0.8471,0.8291,0.8233,0.8216,0.8199,0.7665,0.7761,0.7869,0.7992,0.813,0.8288,0.8466,0.8666,0.8886,0.9122,0.9366,0.9609,0.9844,1.0073,1.0317,1.0622,1.1076,1.1774,1.2813,1.4565,1.8196,2.4125,2.5709,1.9937,1.465,1.2579,1.2485,1.1958,1.0839,0.9884,0.9227,0.8806,0.8561,0.8433,0.8362,0.831,0.771,0.7803,0.7907,0.8024,0.8154,0.83,0.8461,0.8639,0.8831,0.9035,0.9247,0.9465,0.9688,0.9923,1.0193,1.0537,1.1017,1.1721,1.2799,1.4592,1.7622,2.1351,2.2182,1.88,1.5025,1.2877,1.199,1.1396,1.0699,1.0019,0.9469,0.9069,0.8799,0.8625,0.8509,0.8424]}]