docs/data/wind_grid.json
{"header": {"la1":42.1,"la2":41.55,"lo1":12.1,"lo2":12.95,"nx":50,"ny":50,"dx":0.01735,"dy":0.01122,"parameterCategory":2,"parameterNumber":3,"parameterNumberName":"northward_wind","parameterUnit":"m.s-1"}, "data":
[rows 0 to 40 of 50, columns 0 to 49 of 50]
-0.7252,-0.8922,-1.0479,-1.1626,-1.2095,-1.1776,-1.0773,-0.9338,-0.7742,-0.6192,-0.4803,-0.362,-0.2643,-0.1855,-0.1228,-0.0734,-0.0347,-0.0045,0.0192,0.0373,0.0496,0.0545,0.0494,0.0314,-0.0013,-0.0491,-0.1113,-0.1861,-0.2719,-0.3672,-0.4707,-0.5811,-0.6973,-0.8177,-0.9399,-1.061,-1.1773,-1.2843,-1.3774,-1.4528,-1.5077,-1.5414,-1.5546,-1.5498,-1.5303,-1.4995,-1.4608,-1.417,-1.3704,-1.3229
-0.6703,-0.8448,-1.0086,-1.1294,-1.1788,-1.1465,-1.0446,-0.8998,-0.7399,-0.5853,-0.4471,-0.3296,-0.2327,-0.1546,-0.0925,-0.0437,-0.0055,0.0247,0.049,0.0689,0.0839,0.0921,0.0895,0.0724,0.0381,-0.0137,-0.0816,-0.1632,-0.2564,-0.3594,-0.4711,-0.5903,-0.7158,-0.8463,-0.9794,-1.1118,-1.2394,-1.3568,-1.4585,-1.5397,-1.5971,-1.6298,-1.6391,-1.6282,-1.6011,-1.5623,-1.5156,-1.4643,-1.411,-1.3574
-0.5907,-0.7676,-0.9348,-1.0582,-1.1094,-1.0795,-0.9817,-0.8425,-0.6885,-0.5393,-0.4056,-0.2913,-0.1968,-0.1204,-0.0598,-0.0123,0.0248,0.0544,0.0791,0.1006,0.119,0.1313,0.1323,0.1165,0.0803,0.0238,-0.0507,-0.1398,-0.241,-0.3523,-0.4725,-0.6007,-0.736,-0.877,-1.0216,-1.1664,-1.3064,-1.4355,-1.5468,-1.6344,-1.6942,-1.7253,-1.7295,-1.7111,-1.6752,-1.6272,-1.5715,-1.512,-1.4513,-1.3913
-0.4859,-0.6604,-0.8266,-0.9499,-1.0034,-0.9796,-0.8918,-0.7646,-0.6224,-0.4831,-0.3569,-0.248,-0.1572,-0.0834,-0.0249,0.0208,0.0562,0.0844,0.1089,0.132,0.1541,0.1717,0.1775,0.1634,0.1249,0.0627,-0.0194,-0.1169,-0.2266,-0.3464,-0.4752,-0.6125,-0.7577,-0.9097,-1.0665,-1.2245,-1.3781,-1.5202,-1.6424,-1.737,-1.7992,-1.8278,-1.8257,-1.7982,-1.752,-1.6935,-1.6279,-1.5594,-1.4909,-1.4242
-0.358,-0.5263,-0.6885,-0.8108,-0.8681,-0.8543,-0.7817,-0.6716,-0.5454,-0.4193,-0.3029,-0.2008,-0.1145,-0.0438,0.0123,0.0557,0.0886,0.1147,0.138,0.1621,0.1882,0.2122,0.224,0.2123,0.1708,0.1017,0.0109,-0.0957,-0.2141,-0.3423,-0.4798,-0.6261,-0.7811,-0.9442,-1.1135,-1.2854,-1.454,-1.6104,-1.7447,-1.8471,-1.9115,-1.9368,-1.9268,-1.8886,-1.8305,-1.7602,-1.6839,-1.6058,-1.5291,-1.4555
-0.2116,-0.3716,-0.5293,-0.6515,-0.7151,-0.7146,-0.6603,-0.5701,-0.4623,-0.351,-0.2455,-0.1508,-0.0693,-0.0017,0.0519,0.0926,0.1225,0.1452,0.1659,0.1899,0.2197,0.251,0.2703,0.2613,0.2161,0.1387,0.0383,-0.0775,-0.2045,-0.341,-0.4867,-0.6416,-0.8062,-0.98,-1.1619,-1.3483,-1.5327,-1.705,-1.8527,-1.9637,-2.0302,-2.051,-2.0315,-1.9808,-1.9094,-1.8263,-1.7383,-1.6503,-1.5652,-1.4847
-0.0533,-0.2052,-0.3597,-0.4842,-0.5566,-0.5713,-0.5365,-0.4669,-0.3777,-0.2814,-0.1868,-0.0993,-0.0222,0.0426,0.094,0.1321,0.1583,0.1764,0.1926,0.2144,0.2467,0.2856,0.3134,0.3073,0.2573,0.1707,0.0605,-0.0642,-0.1991,-0.3432,-0.4964,-0.6593,-0.8327,-1.0168,-1.2108,-1.4118,-1.6127,-1.802,-1.9643,-2.0847,-2.1531,-2.1683,-2.1376,-2.0729,-1.9868,-1.8899,-1.7899,-1.6917,-1.5983,-1.5109
0.1086,-0.0368,-0.1907,-0.3204,-0.4034,-0.4338,-0.4179,-0.3675,-0.2957,-0.2133,-0.1287,-0.0476,0.026,0.0891,0.1393,0.1751,0.1971,0.2091,0.2184,0.2351,0.2672,0.3122,0.3483,0.3448,0.2893,0.1937,0.0748,-0.0575,-0.1991,-0.3496,-0.5094,-0.6793,-0.8605,-1.0538,-1.259,-1.4739,-1.6913,-1.8983,-2.0765,-2.2068,-2.2769,-2.2856,-2.2423,-2.1621,-2.0604,-1.9493,-1.8372,-1.729,-1.6275,-1.5337
0.2651,0.1239,-0.0322,-0.1689,-0.2633,-0.3085,-0.3094,-0.276,-0.2192,-0.1489,-0.0728,0.0034,0.075,0.1379,0.1883,0.2228,0.2406,0.2449,0.2444,0.252,0.2793,0.3264,0.3684,0.3665,0.3061,0.2035,0.0784,-0.0589,-0.2054,-0.3609,-0.5261,-0.7019,-0.8896,-1.0904,-1.3051,-1.5324,-1.7654,-1.99,-2.1845,-2.3253,-2.3969,-2.3981,-2.3412,-2.245,-2.1275,-2.0024,-1.8785,-1.7609,-1.6519,-1.5522
0.4075,0.2684,0.1085,-0.0359,-0.1409,-0.1991,-0.2141,-0.1946,-0.1504,-0.0899,-0.0203,0.0527,0.1242,0.1891,0.2419,0.2769,0.291,0.2862,0.2728,0.2665,0.283,0.3251,0.3671,0.3649,0.302,0.1968,0.0699,-0.0693,-0.2184,-0.3774,-0.5468,-0.7272,-0.9197,-1.126,-1.3478,-1.5847,-1.8311,-2.0719,-2.2822,-2.4335,-2.5064,-2.4999,-2.4293,-2.3173,-2.1847,-2.0466,-1.9122,-1.7862,-1.6707,-1.5659
0.5282,0.39,0.2264,0.0754,-0.0384,-0.1068,-0.133,-0.1246,-0.0901,-0.0372,0.0278,0.0996,0.1731,0.2427,0.301,0.3394,0.351,0.336,0.3061,0.2812,0.2803,0.3085,0.342,0.337,0.2753,0.1734,0.0496,-0.0883,-0.238,-0.3992,-0.5717,-0.7555,-0.9512,-1.1605,-1.3858,-1.6285,-1.8843,-2.1382,-2.3623,-2.5232,-2.5975,-2.5838,-2.5007,-2.3745,-2.2288,-2.0797,-1.9365,-1.8037,-1.6829,-1.5741
0.6212,0.4842,0.3187,0.1635,0.0439,-0.0318,-0.0662,-0.0659,-0.0388,0.0086,0.0708,0.1431,0.2209,0.2983,0.3663,0.4122,0.4238,0.3976,0.3472,0.2988,0.2752,0.2821,0.299,0.2881,0.2307,0.1368,0.0197,-0.1145,-0.2635,-0.4261,-0.6011,-0.7873,-0.9844,-1.1939,-1.4188,-1.6621,-1.9216,-2.1831,-2.417,-2.5856,-2.6612,-2.642,-2.5491,-2.4122,-2.2567,-2.0995,-1.95,-1.8124,-1.6879,-1.5763
0.683,0.5487,0.3845,0.2287,0.1067,0.0268,-0.0128,-0.0184,0.0035,0.0471,0.1078,0.1821,0.2663,0.3548,0.4373,0.4968,0.5126,0.4743,0.3982,0.321,0.2713,0.2538,0.2503,0.2311,0.1783,0.0937,-0.0158,-0.1457,-0.2938,-0.4579,-0.6353,-0.8233,-1.0204,-1.2272,-1.4472,-1.685,-1.9407,-2.2024,-2.44,-2.6128,-2.6896,-2.6676,-2.5695,-2.4267,-2.2659,-2.1045,-1.9517,-1.8116,-1.6852,-1.5723
0.7129,0.5837,0.4246,0.2724,0.1515,0.0705,0.028,0.0189,0.0371,0.0781,0.1383,0.2155,0.3074,0.4098,0.5123,0.593,0.6194,0.5681,0.4588,0.3463,0.2692,0.2295,0.2077,0.1797,0.1289,0.051,-0.0526,-0.1797,-0.3279,-0.4943,-0.6747,-0.8646,-1.0606,-1.2622,-1.4729,-1.6985,-1.9421,-2.1946,-2.4279,-2.6,-2.6777,-2.6564,-2.5584,-2.4157,-2.255,-2.0936,-1.9409,-1.8009,-1.6746,-1.5617
0.7132,0.5915,0.4414,0.2967,0.1803,0.1009,0.0578,0.0465,0.0623,0.1014,0.1615,0.2416,0.3416,0.4594,0.5862,0.6965,0.7419,0.6775,0.5255,0.3699,0.2661,0.2108,0.1774,0.1421,0.0899,0.014,-0.0876,-0.2145,-0.365,-0.5354,-0.7203,-0.9129,-1.1074,-1.3018,-1.499,-1.7061,-1.929,-2.1626,-2.3823,-2.5478,-2.6252,-2.6078,-2.5158,-2.3793,-2.224,-2.0671,-1.9179,-1.7804,-1.6561,-1.5446
0.6886,0.5765,0.4384,0.3044,0.1953,0.1197,0.0775,0.0655,0.0796,0.117,0.1766,0.2589,0.3658,0.4981,0.6503,0.7956,0.8686,0.7925,0.5887,0.3844,0.2577,0.197,0.161,0.1206,0.0634,-0.0155,-0.1192,-0.2492,-0.4046,-0.5815,-0.773,-0.97,-1.1638,-1.3499,-1.5304,-1.7134,-1.9079,-2.1133,-2.3101,-2.4625,-2.5376,-2.5264,-2.4449,-2.3197,-2.1746,-2.026,-1.8831,-1.7505,-1.6298,-1.5212
0.6452,0.544,0.4198,0.2986,0.1988,0.1286,0.0887,0.0766,0.0894,0.125,0.1833,0.2659,0.3766,0.5193,0.692,0.8692,0.9716,0.8867,0.6313,0.3816,0.2417,0.1885,0.1582,0.1129,0.0474,-0.0384,-0.1477,-0.2837,-0.4468,-0.6332,-0.8345,-1.0385,-1.2333,-1.4111,-1.5728,-1.7275,-1.8873,-2.0567,-2.2229,-2.3559,-2.4255,-2.4206,-2.3519,-2.2413,-2.1096,-1.972,-1.8379,-1.712,-1.5964,-1.4918
0.5893,0.4995,0.39,0.2825,0.1931,0.1292,0.0923,0.0806,0.0921,0.1255,0.1811,0.2617,0.3718,0.5172,0.6984,0.8914,1.0097,0.9183,0.6308,0.3574,0.221,0.1882,0.1673,0.1136,0.0366,-0.0579,-0.1745,-0.3186,-0.4921,-0.6913,-0.9062,-1.1213,-1.32,-1.4908,-1.6328,-1.7562,-1.8767,-2.0045,-2.1339,-2.2417,-2.3017,-2.3009,-2.2448,-2.1496,-2.0327,-1.9078,-1.7838,-1.6659,-1.5565,-1.4568
0.5269,0.448,0.3529,0.2592,0.1803,0.1231,0.0895,0.0784,0.0884,0.1187,0.1703,0.2459,0.3504,0.4892,0.6624,0.8456,0.9529,0.8564,0.5749,0.3152,0.2014,0.1969,0.1813,0.113,0.024,-0.078,-0.2015,-0.3547,-0.5409,-0.7565,-0.9896,-1.2209,-1.428,-1.5944,-1.7167,-1.8067,-1.8846,-1.9669,-2.055,-2.133,-2.1786,-2.178,-2.1317,-2.0506,-1.948,-1.8359,-1.7226,-1.6133,-1.5109,-1.4166
0.4625,0.3938,0.312,0.2311,0.1623,0.1117,0.0812,0.0705,0.0787,0.1054,0.1515,0.2195,0.3135,0.4372,0.5878,0.7386,0.8137,0.7169,0.4767,0.2616,0.1799,0.1999,0.1811,0.0976,0.0026,-0.1021,-0.2305,-0.3928,-0.5935,-0.829,-1.0857,-1.3394,-1.5607,-1.7262,-1.8295,-1.8844,-1.9171,-1.951,-1.9949,-2.0392,-2.0657,-2.0602,-2.0195,-1.9492,-1.8591,-1.7589,-1.656,-1.5554,-1.4602,-1.3719
0.3995,0.3399,0.2699,0.2005,0.1408,0.0962,0.0685,0.0579,0.0638,0.0861,0.1255,0.1841,0.2643,0.3674,0.4873,0.597,0.6372,0.5485,0.3622,0.1969,0.136,0.1593,0.1354,0.0547,-0.0315,-0.1318,-0.2621,-0.4331,-0.6495,-0.9083,-1.194,-1.4772,-1.7195,-1.8884,-1.9735,-1.9915,-1.9764,-1.9597,-1.9572,-1.9649,-1.9682,-1.9528,-1.9126,-1.8493,-1.7689,-1.6789,-1.5855,-1.4933,-1.4053,-1.3232
0.3399,0.2882,0.2283,0.1688,0.117,0.0775,0.0521,0.0412,0.0444,0.0618,0.0939,0.1419,0.2067,0.2876,0.3763,0.4493,0.4647,0.39,0.2501,0.1188,0.0508,0.042,0.0267,-0.0158,-0.0764,-0.1659,-0.2959,-0.4748,-0.7079,-0.9925,-1.3122,-1.6318,-1.9022,-2.0789,-2.1462,-2.1253,-2.0597,-1.9909,-1.9408,-1.9104,-1.8873,-1.8578,-1.8136,-1.7531,-1.6793,-1.5974,-1.5123,-1.4278,-1.3468,-1.2709
0.285,0.24,0.1884,0.1372,0.092,0.0566,0.0329,0.0211,0.0213,0.0335,0.058,0.0953,0.1451,0.2051,0.2673,0.3134,0.316,0.257,0.1501,0.0343,-0.0618,-0.1201,-0.1108,-0.0955,-0.1242,-0.2014,-0.3303,-0.5168,-0.7663,-1.0778,-1.4345,-1.7958,-2.1001,-2.2884,-2.3382,-2.2765,-2.1592,-2.0379,-1.9408,-1.8719,-1.8209,-1.7744,-1.7225,-1.6613,-1.5912,-1.5153,-1.437,-1.3595,-1.2851,-1.2153
0.2352,0.1957,0.151,0.1064,0.0665,0.0344,0.0115,-0.0016,-0.0048,0.0021,0.0193,0.0466,0.083,0.1253,0.1671,0.1959,0.1947,0.1509,0.0678,-0.0392,-0.156,-0.2396,-0.2111,-0.1592,-0.1663,-0.2351,-0.3638,-0.5571,-0.8218,-1.1587,-1.5519,-1.956,-2.2966,-2.4984,-2.5314,-2.4294,-2.2617,-2.0906,-1.9491,-1.8436,-1.765,-1.7,-1.638,-1.5734,-1.5046,-1.4328,-1.3601,-1.2888,-1.2206,-1.1568
0.1906,0.1555,0.1163,0.077,0.0412,0.0113,-0.0113,-0.0262,-0.0329,-0.0313,-0.0209,-0.0022,0.0231,0.0516,0.0786,0.0972,0.0974,0.0683,0.0054,-0.0884,-0.2006,-0.2766,-0.2482,-0.1958,-0.1984,-0.2649,-0.3948,-0.5939,-0.8705,-1.2282,-1.6521,-2.0938,-2.4672,-2.6818,-2.7,-2.5624,-2.351,-2.1368,-1.9567,-1.8185,-1.7141,-1.6308,-1.5578,-1.4881,-1.4188,-1.3497,-1.2815,-1.2157,-1.1534,-1.0955
0.1508,0.1194,0.0845,0.0494,0.0166,-0.0119,-0.0349,-0.0519,-0.0625,-0.0659,-0.0615,-0.0495,-0.0325,-0.0142,0.0021,0.0147,0.0188,0.0042,-0.0391,-0.113,-0.2029,-0.2599,-0.2438,-0.2109,-0.2214,-0.2904,-0.4224,-0.625,-0.9087,-1.279,-1.7225,-2.1888,-2.5844,-2.8078,-2.8157,-2.6533,-2.4107,-2.1646,-1.9545,-1.7895,-1.6629,-1.5628,-1.4788,-1.4034,-1.3327,-1.2652,-1.2009,-1.1402,-1.0836,-1.0315
0.1156,0.0871,0.0557,0.0237,-0.0069,-0.0346,-0.0585,-0.0781,-0.0927,-0.1011,-0.1018,-0.0946,-0.0826,-0.0712,-0.0627,-0.0544,-0.0456,-0.0465,-0.0706,-0.1222,-0.1866,-0.2281,-0.226,-0.2154,-0.2382,-0.312,-0.4455,-0.6487,-0.9332,-1.3054,-1.7529,-2.225,-2.6264,-2.852,-2.8564,-2.6845,-2.4278,-2.1642,-1.9348,-1.7504,-1.6062,-1.492,-1.398,-1.3171,-1.2447,-1.1786,-1.1178,-1.062,-1.0111,-0.9649
0.0845,0.0584,0.0297,0.0,-0.029,-0.0564,-0.0816,-0.104,-0.1228,-0.1361,-0.1413,-0.1369,-0.1266,-0.1187,-0.1164,-0.112,-0.0991,-0.0874,-0.0941,-0.1251,-0.1685,-0.2,-0.2091,-0.2167,-0.251,-0.3294,-0.4631,-0.6634,-0.9419,-1.3048,-1.7393,-2.1966,-2.5855,-2.8059,-2.8135,-2.6483,-2.3955,-2.1297,-1.8923,-1.6964,-1.5398,-1.4147,-1.3126,-1.227,-1.1533,-1.0887,-1.0315,-0.9807,-0.9356,-0.8957
0.0571,0.033,0.0064,-0.0214,-0.0494,-0.0768,-0.1034,-0.1287,-0.1519,-0.1704,-0.1799,-0.1766,-0.1645,-0.1565,-0.1589,-0.159,-0.143,-0.1205,-0.1124,-0.1266,-0.1544,-0.1798,-0.1965,-0.2169,-0.2603,-0.3421,-0.4742,-0.6682,-0.9346,-1.2779,-1.685,-2.1098,-2.4706,-2.679,-2.6943,-2.5484,-2.3144,-2.0596,-1.8245,-1.6245,-1.4607,-1.328,-1.2201,-1.1312,-1.057,-0.9944,-0.9413,-0.896,-0.8572,-0.8238
0.033,0.0106,-0.0142,-0.0406,-0.0677,-0.0953,-0.1232,-0.1514,-0.179,-0.2031,-0.2173,-0.2145,-0.197,-0.1845,-0.1898,-0.1947,-0.1769,-0.1459,-0.1261,-0.1274,-0.144,-0.1651,-0.1864,-0.2153,-0.2652,-0.349,-0.4779,-0.6627,-0.9123,-1.2288,-1.5984,-1.9794,-2.3021,-2.4932,-2.5174,-2.3972,-2.191,-1.9563,-1.7312,-1.5331,-1.3666,-1.2297,-1.1182,-1.0277,-0.9543,-0.8949,-0.8467,-0.8075,-0.7755,-0.7492
0.0119,-0.0091,-0.0324,-0.0574,-0.0838,-0.1114,-0.1405,-0.1712,-0.2028,-0.2324,-0.2523,-0.2506,-0.2255,-0.2037,-0.2086,-0.2172,-0.1989,-0.1626,-0.1344,-0.1258,-0.134,-0.1517,-0.1756,-0.2102,-0.2645,-0.3491,-0.4737,-0.6475,-0.8773,-1.1631,-1.4903,-1.8228,-2.1035,-2.2741,-2.3052,-2.211,-2.0351,-1.8247,-1.6141,-1.4222,-1.2564,-1.1181,-1.0052,-0.915,-0.844,-0.789,-0.7469,-0.7149,-0.6906,-0.672
-0.0065,-0.0262,-0.0482,-0.072,-0.0976,-0.125,-0.1547,-0.187,-0.2217,-0.2561,-0.2818,-0.2829,-0.2505,-0.2161,-0.216,-0.2253,-0.2077,-0.1695,-0.1358,-0.1197,-0.1211,-0.1356,-0.161,-0.1995,-0.2572,-0.3418,-0.4615,-0.6236,-0.8326,-1.0865,-1.3712,-1.6556,-1.8946,-2.0432,-2.0775,-2.0051,-1.8573,-1.6711,-1.4764,-1.2926,-1.1299,-0.9921,-0.88,-0.792,-0.7252,-0.6763,-0.6417,-0.618,-0.6023,-0.5922
-0.0226,-0.0411,-0.0618,-0.0845,-0.1091,-0.1359,-0.1654,-0.1982,-0.2343,-0.2713,-0.3011,-0.3052,-0.2691,-0.2241,-0.2151,-0.2204,-0.2037,-0.1662,-0.1291,-0.1066,-0.1019,-0.1136,-0.1401,-0.1819,-0.2425,-0.3272,-0.4421,-0.5926,-0.7811,-1.0044,-1.2489,-1.4891,-1.6895,-1.8158,-1.849,-1.7923,-1.667,-1.5016,-1.3216,-1.146,-0.9871,-0.8514,-0.7418,-0.6578,-0.5972,-0.5562,-0.5308,-0.5169,-0.511,-0.5103
-0.0366,-0.0539,-0.0734,-0.0948,-0.1182,-0.144,-0.1727,-0.2047,-0.2401,-0.2766,-0.3062,-0.3111,-0.2759,-0.2281,-0.2099,-0.2075,-0.1898,-0.1531,-0.1129,-0.084,-0.0734,-0.0827,-0.111,-0.1568,-0.2208,-0.306,-0.4166,-0.5561,-0.7256,-0.9207,-1.1294,-1.3303,-1.4961,-1.6007,-1.6289,-1.5811,-1.4716,-1.3216,-1.153,-0.9842,-0.8288,-0.696,-0.5902,-0.5122,-0.4598,-0.4289,-0.4145,-0.4119,-0.4169,-0.4265
-0.0487,-0.0649,-0.0831,-0.1032,-0.1253,-0.1496,-0.1766,-0.2066,-0.2393,-0.2723,-0.298,-0.3009,-0.2699,-0.2264,-0.2023,-0.1909,-0.1695,-0.1312,-0.0863,-0.0499,-0.0332,-0.0413,-0.073,-0.1243,-0.1928,-0.2794,-0.3864,-0.5162,-0.6684,-0.8386,-1.0158,-1.1828,-1.3182,-1.4022,-1.4222,-1.3771,-1.2763,-1.1358,-0.9743,-0.8094,-0.6564,-0.5264,-0.4255,-0.3554,-0.3135,-0.2947,-0.2933,-0.3035,-0.3207,-0.3414
-0.0592,-0.0743,-0.0912,-0.1099,-0.1304,-0.1529,-0.1776,-0.2047,-0.2335,-0.2612,-0.2808,-0.281,-0.2554,-0.2189,-0.1921,-0.1726,-0.145,-0.1018,-0.0494,-0.0035,0.0193,0.0105,-0.0272,-0.086,-0.1604,-0.2492,-0.3535,-0.4746,-0.6116,-0.76,-0.9102,-1.0481,-1.157,-1.2213,-1.2308,-1.1834,-1.0849,-0.9479,-0.7884,-0.6241,-0.4716,-0.3439,-0.2489,-0.1884,-0.1591,-0.1547,-0.1681,-0.1927,-0.2232,-0.2558
-0.0682,-0.0822,-0.0979,-0.115,-0.1338,-0.1543,-0.1764,-0.2001,-0.2243,-0.2462,-0.26,-0.2581,-0.2372,-0.207,-0.1793,-0.1531,-0.1182,-0.0674,-0.0048,0.0523,0.081,0.0693,0.0229,-0.0451,-0.1262,-0.2176,-0.3197,-0.4332,-0.5568,-0.6862,-0.8133,-0.9263,-1.012,-1.0579,-1.0552,-1.0013,-0.8999,-0.7607,-0.5985,-0.4311,-0.2768,-0.1509,-0.0624,-0.0131,0.0015,-0.0105,-0.0405,-0.0808,-0.1255,-0.1705
-0.076,-0.089,-0.1033,-0.1189,-0.1359,-0.1542,-0.1736,-0.1938,-0.2134,-0.23,-0.2391,-0.2356,-0.2183,-0.1925,-0.1644,-0.1331,-0.0911,-0.0317,0.0417,0.1098,0.1432,0.1271,0.0713,-0.006,-0.0934,-0.1871,-0.287,-0.3934,-0.5051,-0.618,-0.7251,-0.8168,-0.8821,-0.9107,-0.8949,-0.8316,-0.7229,-0.577,-0.4078,-0.2338,-0.0756,0.0494,0.1308,0.1674,0.1656,0.1354,0.0874,0.0305,-0.0289,-0.0868
-0.0828,-0.0946,-0.1076,-0.1218,-0.137,-0.1531,-0.1698,-0.1865,-0.2021,-0.2142,-0.2197,-0.2152,-0.2001,-0.177,-0.1487,-0.1138,-0.066,0.0002,0.0818,0.1574,0.1934,0.1735,0.1105,0.0264,-0.0653,-0.1599,-0.2569,-0.3565,-0.4573,-0.5557,-0.6456,-0.7188,-0.766,-0.7784,-0.7491,-0.6745,-0.5557,-0.3996,-0.22,-0.0367,0.1274,0.2521,0.326,0.3489,0.3293,0.2798,0.2131,0.1392,0.0648,-0.0057
-0.0886,-0.0994,-0.1112,-0.1239,-0.1373,-0.1513,-0.1654,-0.1791,-0.1912,-0.1997,-0.2025,-0.1972,-0.1833,-0.1618,-0.1336,-0.0964,-0.0454,0.0241,0.1081,0.1849,0.221,0.1996,0.1343,0.0481,-0.0443,-0.1376,-0.2307,-0.3233,-0.4139,-0.4993,-0.5741,-0.6311,-0.6623,-0.6598,-0.6171,-0.5303,-0.3996,-0.2313,-0.0392,0.1552,0.3262,0.451,0.5173,0.5258,0.4879,0.419,0.3336,0.2429,0.1541,0.0713
-0.0936,-0.1034,-0.114,-0.1253,-0.1371,-0.1491,-0.161,-0.172,-0.1811,-0.1869,-0.1876,-0.1816,-0.1684,-0.148,-0.12,-0.0823,-0.0308,0.0375,0.1176,0.1893,0.2226,0.2025,0.1405,0.0575,-0.0318,-0.1212,-0.209,-0.2942,-0.3752,-0.4488,-0.5101,-0.5529,-0.5698,-0.5538,-0.4983,-0.3992,-0.2562,-0.0751,0.1299,0.3356,0.5137,0.6386,0.6972,0.6917,0.6361,0.5486,0.4456,0.3392,0.2369,0.1429
