docs/data/wind_grid.json
[{"header":{"la1":42.85,"la2":41.18,"lo1":11.55,"lo2":14.05,"nx":36,"ny":24,"dx":0.07143,"dy":0.07261,"parameterCategory":2,"parameterNumber":2,"parameterNumberName":"eastward_wind","parameterUnit":"m.s-1"},"data":[1.1554,1.1847,1.2165,1.2502,1.2847,1.3181,1.3483,1.3734,1.3931,1.4101,1.43,1.4593,1.5023,1.5579,1.6155,1.6552,1.6576,1.6176,1.5466,1.4624,1.3784,1.3014,1.2335,1.1742,1.1226,1.0774,1.0374,1.0017,0.9697,0.9408,0.9147,0.8909,0.8693,0.8497,0.8318,0.8157,1.1621,1.1955,1.2329,1.2739,1.3173,1.3605,1.3995,1.4295,1.4487,1.4606,1.4753,1.5058,1.5633,1.6507,1.7534,1.8323,1.8427,1.7749,1.6602,1.536,1.4227,1.3265,1.2463,1.1794,1.1228,1.0741,1.0317,0.9943,0.961,0.931,0.904,0.8795,0.8574,0.8373,0.8192,0.8029,1.1662,1.2039,1.2477,1.2979,1.3539,1.4127,1.4672,1.5074,1.5252,1.5244,1.5234,1.5466,1.617,1.7487,1.9291,2.0851,2.108,1.9798,1.7875,1.6055,1.4575,1.3418,1.2509,1.1779,1.1176,1.0666,1.0225,0.9839,0.9495,0.9188,0.891,0.866,0.8434,0.8231,0.8048,0.7884,1.1663,1.2081,1.2585,1.3194,1.3923,1.4755,1.5596,1.6231,1.6411,1.6136,1.5764,1.5751,1.6467,1.8231,2.1122,2.4017,2.4403,2.1984,1.894,1.6482,1.4701,1.341,1.2441,1.1682,1.1064,1.0544,1.0095,0.9702,0.9353,0.904,0.8758,0.8503,0.8274,0.8068,0.7884,0.772,1.1613,1.2059,1.2617,1.3331,1.4257,1.5439,1.6818,1.8015,1.8304,1.7475,1.6369,1.5849,1.6334,1.8191,2.1767,2.5866,2.6382,2.2889,1.9081,1.634,1.4491,1.32,1.2246,1.15,1.0891,1.0376,0.9929,0.9535,0.9182,0.8866,0.858,0.8322,0.809,0.7883,0.7698,0.7535,1.1499,1.1951,1.2534,1.3314,1.4401,1.5963,1.8146,2.0545,2.1285,1.9312,1.6928,1.5691,1.5721,1.7065,1.9891,2.3213,2.372,2.0944,1.7822,1.5526,1.3941,1.2804,1.194,1.1247,1.0668,1.0169,0.973,0.9338,0.8985,0.8667,0.8378,0.8117,0.7883,0.7674,0.7489,0.7329,1.1316,1.1746,1.2305,1.3069,1.4179,1.5899,1.8667,2.2488,2.4057,2.0496,1.6879,1.5165,1.4797,1.5405,1.6809,1.8362,1.8691,1.7476,1.5796,1.4342,1.3205,1.2308,1.1574,1.0951,1.0411,0.9932,0.9504,0.9116,0.8763,0.8442,0.815,0.7885,0.7648,0.7438,0.7254,0.7096,1.1069,1.1448,1.1933,1.2585,1.3516,1.494,1.7202,2.03,2.1473,1.8501,1.5654,1.4264,1.3821,1.3961,1.4457,1.4998,1.5156,1.4762,1.4046,1.326,1.2512,1.1828,1.1207,1.0647,1.014,0.9679,0.9259,0.8873,0.8519,0.8193,0.7896,0.7626,0.7384,0.7172,0.6989,0.6836,1.0772,1.108,1.1457,1.1935,1.2566,1.343,1.4583,1.5765,1.6026,1.5091,1.4014,1.3314,1.3036,1.3039,1.3171,1.3328,1.3405,1.3312,1.3026,1.2578,1.2033,1.1457,1.0893,1.0363,0.9872,0.9419,0.9001,0.8613,0.8253,0.792,0.7613,0.7334,0.7086,0.6871,0.6689,0.6541,1.0445,1.0676,1.0939,1.1239,1.1583,1.1985,1.2466,1.3032,1.3563,1.3631,1.3095,1.2683,1.2626,1.2704,1.2707,1.2686,1.2762,1.2868,1.2786,1.2411,1.1849,1.1239,1.0654,1.0114,0.9617,0.9159,0.8735,0.8339,0.7969,0.7622,0.73,0.7007,0.6748,0.6526,0.6346,0.6206,1.0107,1.0268,1.0432,1.059,1.0726,1.0832,1.0985,1.1606,1.3583,1.4492,1.2841,1.2371,1.2705,1.3111,1.2913,1.2593,1.2786,1.3365,1.3483,1.2844,1.196,1.1159,1.0483,0.9898,0.9376,0.8902,0.8464,0.8055,0.7667,0.7298,0.6952,0.6635,0.6358,0.6128,0.5949,0.5821,0.9772,0.9876,0.9968,1.0032,1.0042,0.9959,0.976,0.974,1.1536,1.2987,1.2058,1.2192,1.3221,1.4919,1.3571,1.258,1.322,1.542,1.5775,1.3892,1.2228,1.1134,1.0351,0.9711,0.9151,0.865,0.8193,0.7764,0.7351,0.6948,0.6562,0.6207,0.5901,0.5657,0.5483,0.5373,0.9448,0.9508,0.9552,0.9565,0.9526,0.9392,0.909,0.8653,0.9197,1.0348,1.1047,1.2458,1.3266,1.4714,1.2915,1.1972,1.3307,1.9219,1.9316,1.4674,1.2263,1.1079,1.0266,0.9564,0.8945,0.8408,0.793,0.7479,0.7028,0.6571,0.612,0.5702,0.535,0.5087,0.4922,0.4846,0.9137,0.9163,0.9173,0.9159,0.9113,0.9024,0.8888,0.8752,0.8824,0.9031,0.9835,1.3318,1.4338,1.1075,1.1005,1.0286,1.0901,1.5319,1.6218,1.3323,1.1914,1.1188,1.0359,0.9495,0.8762,0.8181,0.7692,0.722,0.6718,0.6172,0.5609,0.5085,0.4659,0.4373,0.4234,0.4217,0.8836,0.8833,0.8813,0.8775,0.8715,0.8632,0.8527,0.8367,0.7963,0.712,0.6641,0.8013,0.9286,0.8833,0.9069,0.8109,0.727,0.9406,1.0898,1.1475,1.2519,1.2344,1.0882,0.9502,0.8574,0.798,0.7523,0.7042,0.6457,0.5758,0.5001,0.4293,0.3752,0.3448,0.3373,0.3465,0.8545,0.8514,0.8464,0.8392,0.829,0.8145,0.7917,0.749,0.6575,0.4614,0.1198,0.3399,0.5093,0.6829,0.6867,0.6766,0.6848,0.7085,0.8018,1.1122,1.6394,1.5372,1.1585,0.9346,0.8311,0.7863,0.7538,0.7053,0.6314,0.5342,0.4243,0.3218,0.2502,0.2214,0.2289,0.2576,0.8265,0.8206,0.8124,0.8013,0.7859,0.7637,0.7291,0.6708,0.5676,0.3856,0.1427,0.2717,0.2508,0.1909,0.3534,0.3814,0.4224,0.4065,0.4419,0.8792,1.6653,1.5251,1.0753,0.8568,0.7968,0.8045,0.8003,0.7441,0.6387,0.4945,0.3259,0.1691,0.0733,0.0571,0.0964,0.1578,0.7998,0.7913,0.7802,0.7654,0.7456,0.7181,0.6784,0.6201,0.5363,0.4295,0.339,0.2963,0.1577,0.0717,-0.1179,-0.2439,0.0089,0.0717,-0.0385,0.3278,0.7949,0.9062,0.7775,0.7144,0.7801,0.9037,0.9382,0.8401,0.6736,0.4593,0.2005,-0.0429,-0.166,-0.1448,-0.0489,0.0585,0.7745,0.7638,0.7502,0.7327,0.71,0.68,0.6401,0.5874,0.5214,0.4466,0.3718,0.2863,0.1483,-0.146,-1.0312,-1.3791,-0.4107,-0.0506,-0.0488,0.0175,0.2315,0.3823,0.4326,0.5388,0.791,1.11,1.1755,0.9639,0.7207,0.4368,0.0754,-0.2748,-0.4167,-0.3327,-0.1691,-0.0173,0.751,0.7385,0.723,0.7037,0.6794,0.6487,0.6102,0.5626,0.5057,0.4401,0.3636,0.2609,0.0905,-0.2619,-0.9378,-1.1331,-0.4661,-0.1323,-0.1776,-0.2355,-0.0729,-0.0244,0.0348,0.2744,0.6984,1.139,1.2209,0.9831,0.7464,0.4439,0.0381,-0.3607,-0.5073,-0.3955,-0.2084,-0.0437,0.7294,0.7155,0.6987,0.6783,0.6533,0.6228,0.5859,0.5417,0.4894,0.4275,0.3513,0.2487,0.0959,-0.1365,-0.404,-0.4654,-0.2782,-0.1467,-0.1669,-0.2143,-0.3311,-0.6061,-0.6537,-0.2234,0.4037,0.8638,1.0206,0.9588,0.7617,0.4827,0.131,-0.2015,-0.3445,-0.2851,-0.1477,-0.0136,0.7097,0.6949,0.6772,0.6562,0.6311,0.6012,0.5658,0.5242,0.4752,0.417,0.346,0.2558,0.1397,0.0009,-0.1234,-0.1707,-0.1467,-0.1384,-0.2023,-0.3789,-0.8577,-1.7061,-1.9291,-1.0255,0.0148,0.7318,1.0692,0.9761,0.751,0.5112,0.255,0.0262,-0.0972,-0.0988,-0.0316,0.0535,0.692,0.6765,0.6583,0.6371,0.6123,0.5832,0.5494,0.5101,0.4644,0.4109,0.3476,0.2725,0.1855,0.0935,0.0131,-0.0404,-0.0778,-0.1383,-0.2748,-0.5872,-1.3026,-2.4764,-2.7891,-1.5987,-0.3586,0.4285,0.7812,0.7871,0.6537,0.493,0.328,0.1825,0.0899,0.0628,0.0843,0.1292,0.676,0.6602,0.6419,0.6207,0.5964,0.5683,0.5361,0.4992,0.457,0.4085,0.3531,0.2904,0.2219,0.1518,0.0859,0.026,-0.0385,-0.1339,-0.3044,-0.6278,-1.207,-1.931,-2.0842,-1.3698,-0.4957,0.1232,0.446,0.542,0.5156,0.4399,0.3485,0.2626,0.2008,0.1725,0.1742,0.1956]},{"header":{"la1":42.85,"la2":41.18,"lo1":11.55,"lo2":14.05,"nx":36,"ny":24,"dx":0.07143,"dy":0.07261,"parameterCategory":2,"parameterNumber":3,"parameterNumberName":"northward_wind","parameterUnit":"m.s-1"},"data":[3.9956,3.9769,3.9547,3.9292,3.9012,3.8719,3.843,3.816,3.7908,3.7647,3.7327,3.6893,3.6314,3.5614,3.4903,3.4366,3.417,3.4343,3.4764,3.527,3.5744,3.6132,3.6426,3.6634,3.6773,3.6859,3.6905,3.6923,3.692,3.6905,3.6882,3.6854,3.6826,3.6798,3.6773,3.6752,4.0058,3.9849,3.9591,3.9283,3.8932,3.8559,3.8197,3.7885,3.7637,3.7415,3.7126,3.6653,3.5907,3.488,3.3732,3.2834,3.258,3.3019,3.3834,3.4683,3.5393,3.5923,3.6294,3.654,3.6694,3.6783,3.6825,3.6836,3.6826,3.6803,3.6773,3.674,3.6707,3.6677,3.665,3.6628,4.0188,3.9956,3.9656,3.9279,3.8825,3.8317,3.7817,3.7417,3.7186,3.7078,3.692,3.6482,3.5569,3.4079,3.2174,3.0565,3.0233,3.1253,3.2773,3.4124,3.5114,3.5784,3.6215,3.6482,3.6637,3.6718,3.6748,3.6746,3.6725,3.6691,3.6652,3.6612,3.6575,3.6541,3.6513,3.6491,4.0355,4.0107,3.9766,3.9306,3.8708,3.7978,3.7203,3.6586,3.6361,3.6514,3.6689,3.6451,3.5471,3.349,3.0504,2.7645,2.7226,2.9339,3.1883,3.3785,3.5011,3.5763,3.6211,3.6467,3.6602,3.666,3.6669,3.6649,3.6611,3.6564,3.6515,3.6468,3.6425,3.6389,3.636,3.6339,4.057,4.032,3.9951,3.9414,3.8643,3.7582,3.6278,3.5107,3.479,3.5511,3.6405,3.6631,3.5818,3.3671,2.9949,2.5913,2.541,2.8552,3.1793,3.3925,3.5178,3.5891,3.6286,3.6491,3.6582,3.6602,3.6581,3.6536,3.6479,3.6418,3.6358,3.6302,3.6255,3.6216,3.6188,3.6169,4.0842,4.0614,4.0252,3.968,3.8772,3.7335,3.52,3.2772,3.2004,3.3954,3.6178,3.7101,3.6683,3.4964,3.1879,2.8482,2.7908,3.0348,3.2934,3.4635,3.5614,3.6147,3.6418,3.6535,3.656,3.6531,3.6473,3.6399,3.6321,3.6244,3.6173,3.6111,3.6059,3.602,3.5993,3.5979,4.117,4.0997,4.0697,4.0181,3.9285,3.7699,3.4912,3.0872,2.9183,3.2969,3.6594,3.7992,3.7908,3.6849,3.5071,3.3254,3.2694,3.3566,3.4767,3.5659,3.6188,3.6456,3.656,3.6565,3.6512,3.6427,3.6329,3.6226,3.6126,3.6035,3.5954,3.5886,3.5834,3.5796,3.5773,3.5765,4.1546,4.1461,4.1281,4.0933,4.028,3.9059,3.6824,3.3483,3.2183,3.5534,3.8408,3.936,3.9229,3.855,3.7594,3.6665,3.6149,3.6144,3.638,3.6597,3.6707,3.6714,3.6649,3.6539,3.6408,3.6269,3.6132,3.6003,3.5885,3.5781,3.5694,3.5624,3.5572,3.5539,3.5524,3.5525,4.1945,4.1971,4.1953,4.1853,4.1605,4.1107,4.027,3.9355,3.9426,4.0539,4.11,4.0904,4.0364,3.9719,3.9065,3.8456,3.7959,3.7613,3.7383,3.7205,3.7027,3.6831,3.6622,3.6413,3.6215,3.6032,3.5865,3.5716,3.5586,3.5475,3.5385,3.5316,3.527,3.5245,3.5241,3.5256,4.2339,4.248,4.2632,4.2792,4.2957,4.3123,4.3317,4.3733,4.4666,4.493,4.3569,4.2134,4.1052,4.0253,3.969,3.9234,3.8747,3.823,3.7777,3.7412,3.7077,3.6744,3.6427,3.6144,3.59,3.5691,3.5509,3.5351,3.5216,3.5105,3.5019,3.4957,3.492,3.4908,3.492,3.4954,4.2696,4.2938,4.3236,4.3614,4.4103,4.4726,4.5434,4.6129,4.752,4.8268,4.5127,4.273,4.1147,4.0061,3.9577,3.9407,3.894,3.8162,3.7558,3.7201,3.6829,3.6401,3.6002,3.5679,3.5426,3.5221,3.5046,3.4894,3.4766,3.4664,3.4587,3.4539,3.4518,3.4525,3.4558,3.4617,4.2989,4.3304,4.3704,4.4226,4.4925,4.5853,4.6965,4.7734,4.7568,4.7304,4.4988,4.2858,4.0917,3.9298,3.8552,3.9311,3.8825,3.7155,3.6483,3.6602,3.6275,3.5714,3.5248,3.4949,3.4756,3.4602,3.4461,3.4333,3.4224,3.414,3.4084,3.4055,3.4057,3.4088,3.4151,3.4241,4.3203,4.3558,4.4005,4.4585,4.5356,4.6394,4.7732,4.8928,4.8103,4.6272,4.4602,4.3425,4.1768,3.8025,3.718,3.9793,3.9081,3.5088,3.48,3.5942,3.5309,3.4415,3.3964,3.3863,3.3858,3.3822,3.3744,3.3654,3.3578,3.3527,3.3502,3.3502,3.3532,3.3595,3.3694,3.3825,4.3335,4.3697,4.4141,4.4697,4.5403,4.6297,4.735,4.8233,4.7663,4.5942,4.4752,4.4353,4.4004,4.1205,4.0983,4.1925,4.176,3.7764,3.6178,3.5407,3.3141,3.1732,3.1791,3.2348,3.2749,3.2892,3.2883,3.2838,3.2814,3.2819,3.284,3.2877,3.2939,3.3039,3.3184,3.3368,4.3392,4.3736,4.4142,4.4624,4.5188,4.5819,4.6425,4.6729,4.6353,4.5706,4.5428,4.5149,4.4284,4.4792,4.3271,4.5075,4.7796,4.2623,3.8227,3.3216,2.7227,2.5992,2.8435,3.0547,3.155,3.1835,3.1847,3.1848,3.1913,3.2013,3.2106,3.2185,3.2276,3.2416,3.2618,3.2872,4.3387,4.3699,4.4053,4.4447,4.487,4.5287,4.562,4.576,4.5719,4.5878,4.6592,4.7349,4.6288,4.4904,4.4424,4.5383,4.6726,4.3604,3.8997,2.9152,1.4536,1.6685,2.4993,2.9134,3.0478,3.0621,3.0522,3.0598,3.085,3.113,3.1328,3.144,3.1543,3.1721,3.1997,3.2344,4.3336,4.3612,4.3912,4.423,4.4551,4.4847,4.5084,4.5249,4.5428,4.584,4.6502,4.6673,4.7202,4.7362,4.5388,4.4901,4.4933,4.4886,4.312,3.206,1.3245,1.6117,2.5233,2.8992,2.9577,2.8988,2.8621,2.8951,2.9626,3.0227,3.0568,3.0677,3.0747,3.096,3.1339,3.1809,4.3252,4.3493,4.3747,4.4007,4.4262,4.4498,4.4705,4.4897,4.5126,4.5452,4.5809,4.6164,4.7237,4.7404,4.5745,4.5296,4.5655,4.9052,5.3238,4.2951,3.1232,2.78,2.9291,2.9788,2.8436,2.6354,2.5686,2.6837,2.8344,2.9429,2.9929,2.9958,2.9924,3.0179,3.0702,3.1322,4.3146,4.3355,4.3571,4.3789,4.4001,4.42,4.4388,4.4574,4.4781,4.5019,4.527,4.5552,4.588,4.5845,4.5843,4.5996,4.5923,4.8697,5.1114,4.6673,4.0421,3.5273,3.2626,3.0399,2.7004,2.2755,2.1878,2.4831,2.7371,2.8893,2.9521,2.9409,2.9229,2.9544,3.0219,3.0973,4.3024,4.3206,4.3391,4.3576,4.3755,4.3926,4.4091,4.4255,4.4423,4.4598,4.4771,4.4936,4.5071,4.5188,4.5566,4.5714,4.5488,4.6535,4.855,4.9335,4.332,3.7578,3.3819,3.0741,2.6881,2.2196,2.1267,2.4848,2.7204,2.8701,2.9379,2.9235,2.9007,2.9342,3.0063,3.0853,4.2891,4.305,4.3208,4.3365,4.3517,4.3662,4.3801,4.3936,4.4066,4.4189,4.4301,4.4395,4.4474,4.4572,4.4719,4.4725,4.4648,4.5098,4.6305,4.603,4.1396,3.6193,3.3023,3.0899,2.8285,2.609,2.6243,2.6688,2.7647,2.8794,2.9463,2.9491,2.939,2.9676,3.0286,3.0988,4.2752,4.2888,4.3024,4.3156,4.3283,4.3403,4.3515,4.3619,4.3713,4.3793,4.3855,4.3897,4.3918,4.3925,4.3898,4.3779,4.3587,4.343,4.309,4.1408,3.7176,3.2054,3.0237,3.0449,2.9335,2.7729,2.7078,2.7303,2.8146,2.9101,2.9735,2.9954,3.0034,3.0286,3.0748,3.1309,4.2607,4.2724,4.2838,4.2948,4.3052,4.3147,4.3233,4.3308,4.3368,4.341,4.3429,4.3421,4.3381,4.3299,4.3153,4.2905,4.2518,4.1916,4.0804,3.8509,3.4321,2.9331,2.8236,2.9981,3.0032,2.8885,2.8062,2.8196,2.8888,2.963,3.0173,3.0476,3.0671,3.0921,3.1282,3.1718,4.2459,4.2557,4.2652,4.2742,4.2824,4.2896,4.2957,4.3004,4.3033,4.304,4.3021,4.2967,4.2871,4.2718,4.2482,4.2127,4.1595,4.0776,3.9454,3.7297,3.4142,3.0943,2.9948,3.068,3.0809,3.0179,2.9599,2.9534,2.9876,3.0339,3.0741,3.1032,3.1261,3.1505,3.1802,3.2148]}]