docs/data/wind_grid.json
[{"header":{"la1":42.85,"la2":41.18,"lo1":11.55,"lo2":14.05,"nx":36,"ny":24,"dx":0.07143,"dy":0.07261,"parameterCategory":2,"parameterNumber":2,"parameterNumberName":"eastward_wind","parameterUnit":"m.s-1"},"data":[-1.0267,-1.0276,-1.0283,-1.0287,-1.0286,-1.0274,-1.024,-1.0173,-1.0062,-0.991,-0.9729,-0.9538,-0.9356,-0.9192,-0.9047,-0.8918,-0.8795,-0.8668,-0.853,-0.8381,-0.8237,-0.8129,-0.8086,-0.8115,-0.8198,-0.8304,-0.841,-0.8505,-0.8583,-0.8646,-0.8696,-0.8736,-0.8768,-0.8796,-0.8819,-0.884,-1.0349,-1.0368,-1.0388,-1.0411,-1.0436,-1.0455,-1.0453,-1.0403,-1.0281,-1.0084,-0.9839,-0.9584,-0.9349,-0.9149,-0.8985,-0.8845,-0.8713,-0.857,-0.8395,-0.8181,-0.7951,-0.777,-0.7712,-0.779,-0.7952,-0.8133,-0.8295,-0.8425,-0.8524,-0.8599,-0.8655,-0.8699,-0.8733,-0.8762,-0.8786,-0.8808,-1.0439,-1.047,-1.0505,-1.0551,-1.0613,-1.069,-1.0757,-1.076,-1.0633,-1.0363,-1.0005,-0.9642,-0.933,-0.9086,-0.8903,-0.8761,-0.8631,-0.8478,-0.8264,-0.7949,-0.7546,-0.7198,-0.7115,-0.7318,-0.7643,-0.7949,-0.8186,-0.8355,-0.8474,-0.8558,-0.8618,-0.8663,-0.8698,-0.8727,-0.8752,-0.8775,-1.0538,-1.058,-1.063,-1.0699,-1.081,-1.0982,-1.1196,-1.1343,-1.1243,-1.083,-1.0253,-0.9706,-0.9281,-0.8984,-0.8791,-0.8662,-0.8553,-0.8413,-0.8175,-0.7732,-0.6982,-0.6212,-0.6108,-0.6655,-0.73,-0.7787,-0.8108,-0.831,-0.844,-0.8525,-0.8583,-0.8627,-0.8661,-0.869,-0.8715,-0.8738,-1.0645,-1.07,-1.0759,-1.0843,-1.0999,-1.1305,-1.1811,-1.2345,-1.2375,-1.1628,-1.0592,-0.9739,-0.9164,-0.8815,-0.8626,-0.8536,-0.848,-0.8385,-0.8184,-0.7689,-0.6379,-0.4554,-0.455,-0.5933,-0.7062,-0.7725,-0.8094,-0.8301,-0.8422,-0.8498,-0.855,-0.8589,-0.8621,-0.8648,-0.8674,-0.8698,-1.0766,-1.0833,-1.0895,-1.097,-1.1131,-1.1556,-1.2522,-1.3996,-1.4489,-1.2859,-1.0911,-0.964,-0.8921,-0.8539,-0.8375,-0.8358,-0.8402,-0.8383,-0.8243,-0.8,-0.6577,-0.3539,-0.374,-0.5874,-0.7197,-0.7848,-0.8166,-0.8327,-0.8416,-0.8472,-0.8512,-0.8545,-0.8574,-0.8601,-0.8627,-0.8652,-1.09,-1.0985,-1.1047,-1.1088,-1.1175,-1.1551,-1.2788,-1.5483,-1.6877,-1.37,-1.0759,-0.9243,-0.8485,-0.8106,-0.7979,-0.8068,-0.8291,-0.8413,-0.8158,-0.8217,-0.8223,-0.6633,-0.6211,-0.7131,-0.7812,-0.8147,-0.8296,-0.8365,-0.8403,-0.8433,-0.846,-0.8488,-0.8517,-0.8545,-0.8573,-0.8601,-1.1048,-1.1155,-1.1202,-1.12,-1.1193,-1.1266,-1.192,-1.3692,-1.4507,-1.1928,-0.9628,-0.846,-0.7841,-0.7478,-0.7334,-0.7523,-0.8046,-0.8565,-0.8729,-0.9382,-1.1139,-1.0919,-0.9471,-0.8783,-0.8565,-0.8467,-0.8402,-0.8364,-0.8352,-0.8362,-0.8384,-0.8413,-0.8445,-0.8478,-0.851,-0.8541,-1.1211,-1.1351,-1.1316,-1.1165,-1.1311,-1.1024,-1.0612,-1.0376,-0.9751,-0.8608,-0.7869,-0.7452,-0.7061,-0.6651,-0.626,-0.6404,-0.7487,-0.8696,-0.9723,-1.1549,-1.5068,-1.4346,-1.1395,-0.9798,-0.9021,-0.8602,-0.837,-0.8259,-0.8227,-0.8239,-0.8274,-0.8315,-0.8357,-0.8398,-0.8436,-0.8473,-1.1386,-1.1665,-1.1826,-1.1847,-1.2106,-1.1124,-0.9709,-0.8116,-0.599,-0.5035,-0.6021,-0.6491,-0.625,-0.5737,-0.4692,-0.4178,-0.6734,-0.8901,-1.0315,-1.1822,-1.3909,-1.3525,-1.1424,-0.9911,-0.8968,-0.8392,-0.8089,-0.7983,-0.7993,-0.8052,-0.8124,-0.8192,-0.8252,-0.8304,-0.8351,-0.8396,-1.1522,-1.2043,-1.3028,-1.4967,-1.4489,-1.1496,-0.9271,-0.7147,-0.2637,-0.0377,-0.4672,-0.5848,-0.5369,-0.4696,-0.4321,-0.4038,-0.7223,-1.0038,-1.1429,-1.1769,-1.1934,-1.1561,-1.0511,-0.9345,-0.835,-0.7691,-0.7439,-0.7478,-0.7634,-0.78,-0.794,-0.8048,-0.8131,-0.8197,-0.8254,-0.8307,-1.151,-1.208,-1.3155,-1.4785,-1.4172,-1.1117,-0.9123,-0.8119,-0.5362,-0.3168,-0.5402,-0.5693,-0.4348,-0.2181,-0.3443,-0.6062,-0.9231,-1.3597,-1.4878,-1.2997,-1.16,-1.0655,-0.9637,-0.839,-0.7072,-0.6249,-0.6267,-0.6717,-0.7174,-0.7513,-0.7742,-0.7894,-0.7999,-0.8078,-0.8144,-0.8206,-1.1334,-1.1713,-1.223,-1.2585,-1.1887,-1.0277,-0.9095,-0.8911,-0.8371,-0.7178,-0.6777,-0.5775,-0.4376,-0.1129,-0.268,-0.6781,-1.0556,-2.0657,-2.1188,-1.4383,-1.1558,-1.0119,-0.889,-0.7221,-0.4976,-0.3706,-0.453,-0.5826,-0.6722,-0.7252,-0.756,-0.7743,-0.7859,-0.7943,-0.8016,-0.8088,-1.1092,-1.126,-1.1385,-1.1285,-1.0757,-0.9936,-0.9249,-0.8949,-0.8839,-0.8633,-0.8019,-0.5685,-0.4625,-0.4222,-0.585,-0.7263,-0.9217,-1.5343,-1.698,-1.3134,-1.0689,-0.9336,-0.8244,-0.6375,-0.3051,-0.1124,-0.3143,-0.5281,-0.6473,-0.7094,-0.7422,-0.7599,-0.7705,-0.7785,-0.7863,-0.7947,-1.088,-1.0926,-1.0901,-1.0738,-1.0404,-0.9982,-0.963,-0.9489,-0.9695,-1.0297,-1.0655,-0.9486,-0.7291,-0.5222,-0.7322,-0.7465,-1.0136,-1.1132,-1.2021,-1.0663,-0.8576,-0.781,-0.7663,-0.6524,-0.4038,-0.2504,-0.3896,-0.5565,-0.6548,-0.7065,-0.7325,-0.7449,-0.7517,-0.7583,-0.7669,-0.7776,-1.0738,-1.0736,-1.0683,-1.0562,-1.0384,-1.0204,-1.0122,-1.0271,-1.0881,-1.2397,-1.5259,-1.3712,-1.2152,-1.002,-0.9772,-0.9831,-1.0529,-1.0987,-1.0982,-0.8815,-0.4388,-0.5065,-0.7103,-0.7139,-0.612,-0.5378,-0.564,-0.6281,-0.6796,-0.7101,-0.723,-0.725,-0.7251,-0.7301,-0.7413,-0.7565,-1.0662,-1.0653,-1.0618,-1.0559,-1.0497,-1.0478,-1.0577,-1.0908,-1.1655,-1.312,-1.5189,-1.4693,-1.8098,-1.9941,-1.3938,-1.2382,-1.2036,-1.2192,-1.199,-0.944,-0.3878,-0.4867,-0.7362,-0.7725,-0.7191,-0.6645,-0.6498,-0.6691,-0.6961,-0.7108,-0.7078,-0.6935,-0.6833,-0.6887,-0.7074,-0.7313,-1.0636,-1.0638,-1.0633,-1.063,-1.0651,-1.0731,-1.0925,-1.1305,-1.1952,-1.289,-1.3909,-1.5258,-1.9744,-2.1006,-1.7519,-1.674,-1.4724,-1.3885,-1.4007,-1.2668,-0.9797,-0.863,-0.8676,-0.8279,-0.7384,-0.6393,-0.6077,-0.6525,-0.6963,-0.7069,-0.6843,-0.6428,-0.6174,-0.6307,-0.6665,-0.7046,-1.0641,-1.0661,-1.0685,-1.0725,-1.0799,-1.0934,-1.1165,-1.1532,-1.2066,-1.2765,-1.3632,-1.4878,-1.6672,-1.8229,-2.2605,-2.4765,-1.7694,-1.5222,-1.5357,-1.6667,-1.3957,-1.1367,-0.9895,-0.8688,-0.7074,-0.4819,-0.4307,-0.6068,-0.7009,-0.7075,-0.6591,-0.5778,-0.5342,-0.568,-0.6293,-0.6832,-1.0664,-1.07,-1.0748,-1.0817,-1.0923,-1.1084,-1.1323,-1.1661,-1.2115,-1.2694,-1.3425,-1.4379,-1.5641,-1.7632,-2.1678,-2.2893,-1.8219,-1.6827,-2.0732,-2.304,-1.6523,-1.256,-1.0487,-0.9042,-0.7349,-0.4702,-0.4102,-0.6813,-0.7487,-0.7224,-0.6536,-0.5514,-0.4994,-0.5452,-0.6171,-0.6765,-1.0694,-1.0743,-1.0808,-1.0895,-1.1017,-1.1187,-1.1418,-1.1725,-1.2116,-1.2605,-1.3208,-1.3961,-1.4932,-1.6259,-1.7774,-1.8027,-1.6826,-1.6632,-1.8569,-1.9035,-1.528,-1.197,-1.0262,-0.9332,-0.8556,-0.8484,-1.0293,-0.9752,-0.8223,-0.733,-0.6713,-0.6015,-0.5619,-0.5871,-0.6391,-0.6877,-1.0724,-1.0783,-1.0858,-1.0955,-1.1083,-1.1251,-1.1467,-1.174,-1.2077,-1.2485,-1.2972,-1.355,-1.4229,-1.498,-1.56,-1.5731,-1.5451,-1.5368,-1.5567,-1.49,-1.2592,-0.998,-0.9069,-0.9226,-0.932,-1.035,-1.2687,-1.0859,-0.7662,-0.6719,-0.6659,-0.6528,-0.639,-0.6489,-0.6774,-0.7103,-1.075,-1.0815,-1.0895,-1.0996,-1.1123,-1.1282,-1.1479,-1.1719,-1.2005,-1.234,-1.2724,-1.3153,-1.361,-1.4046,-1.4356,-1.4441,-1.433,-1.414,-1.378,-1.2828,-1.0941,-0.8643,-0.8117,-0.8968,-0.937,-0.981,-1.0085,-0.7974,-0.4876,-0.5234,-0.624,-0.6686,-0.683,-0.6949,-0.7132,-0.7353,-1.077,-1.0837,-1.0919,-1.1019,-1.1141,-1.1288,-1.1464,-1.1671,-1.1911,-1.2181,-1.2478,-1.2791,-1.3099,-1.3364,-1.3534,-1.3568,-1.3461,-1.3212,-1.2745,-1.1906,-1.0623,-0.9286,-0.885,-0.9145,-0.9277,-0.9151,-0.8492,-0.6547,-0.4477,-0.4969,-0.6129,-0.6783,-0.7084,-0.7259,-0.7416,-0.7582]},{"header":{"la1":42.85,"la2":41.18,"lo1":11.55,"lo2":14.05,"nx":36,"ny":24,"dx":0.07143,"dy":0.07261,"parameterCategory":2,"parameterNumber":3,"parameterNumberName":"northward_wind","parameterUnit":"m.s-1"},"data":[-0.2345,-0.2347,-0.2315,-0.2248,-0.2147,-0.2022,-0.1882,-0.1741,-0.1605,-0.1476,-0.1347,-0.1212,-0.1064,-0.0904,-0.0734,-0.0563,-0.0399,-0.0251,-0.0127,-0.003,0.0046,0.0116,0.0195,0.0291,0.0401,0.0511,0.0613,0.0699,0.0768,0.0819,0.0854,0.0875,0.0885,0.0886,0.0879,0.0868,-0.2576,-0.259,-0.2559,-0.2477,-0.2347,-0.2181,-0.1999,-0.1825,-0.1674,-0.1548,-0.143,-0.1302,-0.1153,-0.0981,-0.0793,-0.0598,-0.041,-0.0245,-0.0117,-0.0035,0.001,0.0048,0.0118,0.0235,0.0382,0.0529,0.0659,0.0762,0.084,0.0893,0.0927,0.0943,0.0947,0.094,0.0926,0.0907,-0.2846,-0.2883,-0.2858,-0.2757,-0.258,-0.2344,-0.2083,-0.1849,-0.168,-0.1577,-0.1497,-0.1399,-0.1259,-0.1079,-0.0868,-0.0642,-0.042,-0.023,-0.0098,-0.0046,-0.0074,-0.0116,-0.0065,0.0108,0.0335,0.0547,0.0717,0.0842,0.0928,0.0981,0.101,0.1019,0.1013,0.0997,0.0973,0.0945,-0.3165,-0.3245,-0.324,-0.3118,-0.2869,-0.2509,-0.2095,-0.1733,-0.1534,-0.1507,-0.1534,-0.1507,-0.1394,-0.1209,-0.0973,-0.0705,-0.0433,-0.02,-0.0055,-0.005,-0.0233,-0.0488,-0.0465,-0.0126,0.027,0.0584,0.0804,0.0948,0.1037,0.1086,0.1106,0.1103,0.1084,0.1055,0.1019,0.098,-0.3542,-0.3704,-0.3753,-0.362,-0.3266,-0.27,-0.1981,-0.1303,-0.1027,-0.1232,-0.1528,-0.1644,-0.1578,-0.1393,-0.1129,-0.0807,-0.0458,-0.0152,0.0028,0.0011,-0.0428,-0.1233,-0.1196,-0.0411,0.0262,0.0688,0.0943,0.1094,0.1176,0.1212,0.1215,0.1195,0.1159,0.1113,0.1062,0.1009,-0.3976,-0.429,-0.4475,-0.4372,-0.3881,-0.3013,-0.176,-0.0299,0.0248,-0.0649,-0.1539,-0.1865,-0.184,-0.1658,-0.1379,-0.0996,-0.0528,-0.0101,0.0108,0.0173,-0.0248,-0.1724,-0.1596,-0.0342,0.0479,0.092,0.1161,0.129,0.1349,0.136,0.1338,0.1294,0.1234,0.1167,0.1098,0.103,-0.443,-0.5011,-0.5523,-0.5571,-0.4882,-0.3662,-0.1883,0.0746,0.1933,-0.0265,-0.1852,-0.2263,-0.221,-0.2042,-0.18,-0.1376,-0.0734,-0.0089,0.0066,0.0195,0.0806,0.0169,-0.0036,0.0557,0.1028,0.1305,0.1462,0.1539,0.1557,0.1531,0.1474,0.1396,0.1306,0.1213,0.1122,0.1036,-0.4791,-0.5749,-0.6968,-0.752,-0.6327,-0.4696,-0.3114,-0.1007,-0.0068,-0.1814,-0.2874,-0.2893,-0.2668,-0.2576,-0.2553,-0.2189,-0.1273,-0.0207,0.0435,0.1297,0.3351,0.3451,0.233,0.1826,0.1744,0.1784,0.1828,0.1836,0.1798,0.1722,0.1617,0.1496,0.1369,0.1244,0.1127,0.1021,-0.485,-0.602,-0.8124,-0.9858,-0.7387,-0.5499,-0.4932,-0.4607,-0.4708,-0.5041,-0.4549,-0.364,-0.309,-0.324,-0.4017,-0.4054,-0.2413,-0.0572,0.0979,0.3301,0.7255,0.6592,0.3938,0.2757,0.2374,0.2276,0.224,0.2179,0.2073,0.193,0.1762,0.1586,0.1412,0.1249,0.1103,0.0977,-0.4484,-0.521,-0.6402,-0.7171,-0.5257,-0.5398,-0.6583,-0.783,-0.9323,-0.9405,-0.665,-0.4221,-0.3211,-0.37,-0.6644,-0.8337,-0.393,-0.0957,0.093,0.314,0.5897,0.5712,0.4007,0.3134,0.2851,0.2781,0.2717,0.2584,0.2386,0.215,0.1899,0.1652,0.142,0.1213,0.1036,0.089,-0.3911,-0.3885,-0.2918,0.0218,-0.0464,-0.5034,-0.8488,-1.0734,-1.3732,-1.5408,-0.8353,-0.4164,-0.2824,-0.3153,-0.5991,-0.8343,-0.3368,-0.0697,0.0708,0.2024,0.3271,0.3664,0.3421,0.3274,0.3341,0.3424,0.3341,0.3086,0.2741,0.2372,0.201,0.1674,0.1373,0.1116,0.0907,0.0745,-0.3486,-0.3213,-0.2062,0.0173,-0.0862,-0.6334,-1.1525,-1.4602,-1.3779,-1.2659,-0.6931,-0.3122,-0.2179,-0.2908,-0.2706,-0.2201,-0.0891,-0.0003,0.0532,0.1437,0.2289,0.2835,0.318,0.3592,0.4134,0.4459,0.4255,0.3719,0.3123,0.2566,0.2064,0.1619,0.1237,0.0926,0.0689,0.0521,-0.3294,-0.3219,-0.291,-0.2779,-0.4361,-0.8392,-1.3928,-1.8968,-1.5684,-0.9151,-0.4194,-0.1628,-0.1104,-0.2993,-0.2024,0.0178,0.0841,-0.018,-0.0164,0.1332,0.2173,0.274,0.3308,0.4176,0.5457,0.6188,0.5519,0.4412,0.3459,0.2678,0.2012,0.1439,0.0965,0.06,0.0345,0.0188,-0.3187,-0.3343,-0.3576,-0.4194,-0.5723,-0.8499,-1.2352,-1.5917,-1.3456,-0.6297,-0.1726,-0.0775,-0.0563,0.3285,0.1398,0.1523,0.2524,0.1676,0.1117,0.1941,0.2495,0.2931,0.3517,0.4651,0.6692,0.7903,0.6515,0.4838,0.3605,0.2631,0.1791,0.1066,0.0484,0.0069,-0.0178,-0.0288,-0.3031,-0.3286,-0.3669,-0.4323,-0.541,-0.6961,-0.8644,-0.9259,-0.6742,-0.1985,0.1494,0.259,0.3525,0.6592,0.3133,0.2212,0.9839,0.4975,0.3114,0.2817,0.2933,0.3147,0.36,0.4548,0.6121,0.7041,0.6065,0.4676,0.3473,0.2372,0.133,0.04,-0.0321,-0.0767,-0.0952,-0.0947,-0.278,-0.3024,-0.3353,-0.3808,-0.4394,-0.4999,-0.527,-0.4524,-0.2107,0.173,0.5611,0.6395,0.5774,0.5368,0.4544,0.5637,0.8669,0.5529,0.3778,0.3245,0.3081,0.3182,0.3602,0.4257,0.5039,0.5459,0.5132,0.4299,0.3196,0.1915,0.055,-0.0718,-0.1638,-0.2064,-0.2066,-0.1824,-0.2451,-0.2628,-0.2833,-0.3059,-0.3255,-0.3291,-0.2928,-0.1847,0.0158,0.2944,0.5578,0.6103,0.8756,0.9998,0.6178,0.5434,0.5317,0.4285,0.3392,0.333,0.3124,0.3267,0.3743,0.4291,0.4897,0.5324,0.5209,0.4392,0.3037,0.1319,-0.065,-0.2548,-0.378,-0.4033,-0.3593,-0.2912,-0.2081,-0.2175,-0.2257,-0.2299,-0.2245,-0.1999,-0.1427,-0.0405,0.1086,0.2849,0.4437,0.5974,0.9395,1.0228,0.7192,0.6328,0.5096,0.3187,0.1536,0.3384,0.3849,0.3886,0.415,0.4682,0.5639,0.6825,0.6921,0.5331,0.3123,0.0636,-0.2327,-0.539,-0.7111,-0.6791,-0.5457,-0.4089,-0.1702,-0.1722,-0.1704,-0.1622,-0.1431,-0.107,-0.0475,0.0394,0.1507,0.2746,0.3982,0.5281,0.6676,0.7307,0.8364,0.8998,0.5993,0.3955,0.326,0.5583,0.5213,0.4697,0.4663,0.5167,0.6749,0.9935,1.0595,0.6684,0.3153,-0.0061,-0.4118,-0.8879,-1.1208,-0.973,-0.7148,-0.5044,-0.1341,-0.1301,-0.1214,-0.1058,-0.0802,-0.0411,0.0143,0.0866,0.173,0.2672,0.3633,0.4588,0.5486,0.6371,0.7828,0.8229,0.6279,0.5665,0.8154,0.965,0.6627,0.5413,0.5124,0.5343,0.6661,1.0279,1.1129,0.5752,0.2351,-0.0658,-0.4826,-1.0286,-1.2888,-1.0801,-0.7721,-0.5376,-0.1009,-0.0927,-0.0796,-0.0601,-0.0322,0.006,0.0554,0.1159,0.1851,0.2593,0.3348,0.4085,0.4789,0.5487,0.6143,0.6252,0.5807,0.5933,0.7229,0.7756,0.655,0.5972,0.5742,0.5322,0.508,0.4629,0.2112,0.1597,0.0621,-0.1273,-0.4032,-0.779,-0.9916,-0.8907,-0.6798,-0.4955,-0.0714,-0.0604,-0.0449,-0.0237,0.0042,0.0399,0.0835,0.1344,0.191,0.2508,0.3112,0.3699,0.4249,0.4744,0.5117,0.5267,0.5288,0.5499,0.5962,0.6227,0.6359,0.7099,0.7277,0.5803,0.4045,0.1806,-0.0679,-0.0394,-0.157,-0.2494,-0.3315,-0.4916,-0.6183,-0.6116,-0.5179,-0.4077,-0.0457,-0.033,-0.0163,0.0051,0.0319,0.0645,0.1028,0.1461,0.1931,0.2422,0.2914,0.3387,0.3823,0.42,0.4489,0.4679,0.4826,0.5029,0.5317,0.5686,0.6462,0.8137,0.8666,0.6363,0.3875,0.1732,0.0043,-0.1927,-0.497,-0.4453,-0.3399,-0.3489,-0.3955,-0.4061,-0.3712,-0.3135,-0.0236,-0.01,0.007,0.0279,0.053,0.0825,0.1161,0.1532,0.1929,0.2337,0.2744,0.3132,0.3489,0.3799,0.4052,0.4253,0.4432,0.4632,0.4892,0.5289,0.6014,0.7064,0.7224,0.5677,0.3659,0.1778,-0.012,-0.2801,-0.5415,-0.476,-0.3344,-0.2811,-0.2791,-0.2797,-0.2637,-0.2331]}]