docs/data/wind_grid.json
[{"header":{"la1":42.85,"la2":41.18,"lo1":11.55,"lo2":14.05,"nx":36,"ny":24,"dx":0.07143,"dy":0.07261,"parameterCategory":2,"parameterNumber":2,"parameterNumberName":"eastward_wind","parameterUnit":"m.s-1"},"data":[-0.4722,-0.4817,-0.4922,-0.5035,-0.515,-0.526,-0.5352,-0.5413,-0.5438,-0.5434,-0.542,-0.5422,-0.5463,-0.5556,-0.5704,-0.5896,-0.6109,-0.631,-0.6464,-0.6543,-0.6539,-0.6462,-0.6334,-0.6178,-0.6013,-0.5852,-0.5701,-0.5563,-0.544,-0.533,-0.5232,-0.5146,-0.5069,-0.5001,-0.494,-0.4886,-0.4742,-0.4853,-0.498,-0.5124,-0.528,-0.5434,-0.5566,-0.5649,-0.5665,-0.5621,-0.5552,-0.5506,-0.5522,-0.5624,-0.5815,-0.6082,-0.6394,-0.6694,-0.6921,-0.7023,-0.6989,-0.6848,-0.6643,-0.6415,-0.619,-0.5981,-0.5794,-0.563,-0.5487,-0.5363,-0.5255,-0.5161,-0.5079,-0.5007,-0.4943,-0.4886,-0.4754,-0.4882,-0.5037,-0.5221,-0.5435,-0.5664,-0.5875,-0.6011,-0.6019,-0.5902,-0.5728,-0.5592,-0.556,-0.5665,-0.5914,-0.6293,-0.676,-0.7228,-0.7577,-0.7705,-0.7603,-0.734,-0.701,-0.6676,-0.637,-0.6104,-0.5877,-0.5685,-0.5523,-0.5386,-0.5269,-0.5169,-0.5082,-0.5007,-0.4941,-0.4883,-0.4755,-0.4899,-0.5081,-0.5313,-0.5606,-0.5957,-0.6322,-0.6587,-0.6605,-0.6346,-0.5968,-0.5667,-0.5552,-0.5653,-0.5977,-0.6514,-0.7227,-0.7988,-0.8557,-0.871,-0.8444,-0.7952,-0.742,-0.6941,-0.6539,-0.621,-0.5942,-0.5724,-0.5545,-0.5397,-0.5273,-0.5168,-0.5078,-0.5001,-0.4934,-0.4875,-0.474,-0.4895,-0.5099,-0.5375,-0.5759,-0.6285,-0.6936,-0.7517,-0.7611,-0.7055,-0.6273,-0.5698,-0.5461,-0.5554,-0.5963,-0.6701,-0.7775,-0.9048,-1.0041,-1.0188,-0.955,-0.8648,-0.7827,-0.7172,-0.6668,-0.628,-0.5978,-0.5739,-0.5548,-0.5393,-0.5265,-0.5158,-0.5067,-0.4989,-0.4921,-0.4862,-0.4706,-0.4863,-0.5074,-0.5374,-0.5827,-0.6536,-0.7615,-0.8876,-0.9252,-0.8053,-0.6534,-0.5591,-0.5233,-0.5324,-0.5814,-0.6751,-0.8252,-1.0297,-1.2062,-1.2117,-1.0754,-0.9263,-0.8123,-0.7311,-0.6728,-0.6299,-0.5975,-0.5726,-0.5529,-0.5372,-0.5244,-0.5137,-0.5047,-0.497,-0.4904,-0.4845,-0.4654,-0.4802,-0.5,-0.5283,-0.5725,-0.6486,-0.7858,-0.9935,-1.083,-0.8659,-0.6359,-0.5194,-0.4811,-0.4931,-0.548,-0.6529,-0.8285,-1.0936,-1.3505,-1.3423,-1.1358,-0.9466,-0.8172,-0.7301,-0.6694,-0.6255,-0.5929,-0.5681,-0.5488,-0.5335,-0.5211,-0.5108,-0.5021,-0.4946,-0.4881,-0.4823,-0.4588,-0.4719,-0.4887,-0.5112,-0.5442,-0.5992,-0.6997,-0.8592,-0.9193,-0.7191,-0.5293,-0.442,-0.4184,-0.437,-0.4954,-0.6001,-0.7635,-0.9936,-1.212,-1.2193,-1.0607,-0.9053,-0.7926,-0.7132,-0.6562,-0.6146,-0.5838,-0.5605,-0.5426,-0.5284,-0.5168,-0.5071,-0.4988,-0.4916,-0.4853,-0.4797,-0.4515,-0.463,-0.4765,-0.4923,-0.5103,-0.5308,-0.5531,-0.565,-0.5202,-0.4229,-0.3628,-0.342,-0.3417,-0.3662,-0.4277,-0.5335,-0.678,-0.8388,-0.9647,-0.9901,-0.9252,-0.834,-0.7513,-0.6854,-0.6355,-0.5984,-0.571,-0.5506,-0.5348,-0.5223,-0.5119,-0.5029,-0.4951,-0.4881,-0.482,-0.4766,-0.4442,-0.4548,-0.4668,-0.4794,-0.4898,-0.4906,-0.4633,-0.3718,-0.2003,-0.1182,-0.1964,-0.2482,-0.2601,-0.2793,-0.3451,-0.4722,-0.6404,-0.7983,-0.8902,-0.9001,-0.852,-0.7807,-0.7108,-0.6532,-0.6096,-0.5781,-0.5555,-0.539,-0.5263,-0.5159,-0.5068,-0.4985,-0.491,-0.4843,-0.4782,-0.473,-0.4372,-0.4479,-0.4609,-0.4761,-0.4922,-0.5037,-0.4883,-0.3644,0.0388,0.2244,-0.0864,-0.1872,-0.178,-0.1636,-0.2337,-0.4198,-0.6882,-0.9454,-1.0457,-0.9802,-0.8625,-0.756,-0.6749,-0.6178,-0.5796,-0.5548,-0.5385,-0.5271,-0.5181,-0.51,-0.5021,-0.4943,-0.4868,-0.4799,-0.4738,-0.4686,-0.4299,-0.4413,-0.4566,-0.478,-0.509,-0.5558,-0.622,-0.6428,-0.2917,-0.0073,-0.1438,-0.1681,-0.1043,0.0001,-0.0841,-0.38,-0.85,-1.4131,-1.5181,-1.1945,-0.9084,-0.732,-0.6305,-0.5742,-0.5444,-0.5295,-0.5219,-0.517,-0.5121,-0.506,-0.4987,-0.4905,-0.4823,-0.4748,-0.4684,-0.4633,-0.4215,-0.4332,-0.4501,-0.4759,-0.5183,-0.592,-0.7216,-0.8824,-0.7145,-0.3654,-0.2257,-0.1731,-0.109,0.0505,-0.0261,-0.4087,-1.0452,-2.1739,-2.1895,-1.3548,-0.8842,-0.6585,-0.5561,-0.5151,-0.5034,-0.5044,-0.5087,-0.5116,-0.5106,-0.5055,-0.4971,-0.4871,-0.477,-0.4682,-0.4613,-0.4563,-0.4114,-0.422,-0.4379,-0.4626,-0.5027,-0.5691,-0.6713,-0.7777,-0.6738,-0.3837,-0.221,-0.1786,-0.1673,-0.0992,-0.1905,-0.5737,-1.0665,-1.6636,-1.712,-1.0969,-0.6785,-0.4905,-0.4364,-0.4389,-0.4604,-0.4849,-0.5046,-0.5155,-0.5169,-0.51,-0.4977,-0.4831,-0.4694,-0.4586,-0.4513,-0.447,-0.3994,-0.4076,-0.4197,-0.4378,-0.4646,-0.502,-0.5431,-0.5497,-0.4458,-0.2653,-0.1483,-0.1297,-0.1065,-0.0126,-0.2656,-0.9335,-1.5405,-1.1319,-0.9216,-0.595,-0.296,-0.2172,-0.2781,-0.3576,-0.427,-0.4818,-0.5186,-0.5357,-0.535,-0.5211,-0.4995,-0.4762,-0.4565,-0.4432,-0.4363,-0.434,-0.386,-0.3909,-0.3978,-0.4069,-0.418,-0.4276,-0.4249,-0.3868,-0.2896,-0.1408,0.0209,-0.0792,-0.0983,-0.1188,-0.2918,-0.8083,-1.2461,-0.8059,-0.4651,-0.177,0.148,0.0916,-0.134,-0.3009,-0.4232,-0.5121,-0.5647,-0.5812,-0.5694,-0.5391,-0.4996,-0.4611,-0.4325,-0.4176,-0.4139,-0.4164,-0.3722,-0.3736,-0.3752,-0.3763,-0.3752,-0.3676,-0.3458,-0.299,-0.2196,-0.1092,0.0046,-0.0489,-0.0599,-0.056,-0.1819,-0.358,-0.446,-0.2372,-0.0165,0.0407,0.2171,0.1439,-0.0995,-0.3033,-0.4717,-0.5984,-0.6614,-0.6622,-0.6233,-0.5624,-0.492,-0.4282,-0.3882,-0.3761,-0.382,-0.3942,-0.3588,-0.3571,-0.3544,-0.3497,-0.3411,-0.3257,-0.2991,-0.2574,-0.2004,-0.1366,-0.0898,-0.0774,-0.0459,-0.0292,-0.0051,0.0053,-0.0296,0.2313,0.5179,0.2228,0.0916,0.0034,-0.1607,-0.3639,-0.5812,-0.7616,-0.8251,-0.7811,-0.6945,-0.5881,-0.47,-0.3671,-0.3155,-0.3171,-0.3427,-0.37,-0.3466,-0.3424,-0.3367,-0.3284,-0.3163,-0.2983,-0.2727,-0.2386,-0.1979,-0.1563,-0.1219,-0.0935,-0.0557,0.0262,0.2969,0.4092,0.1652,0.2722,0.4252,0.2806,0.1146,-0.0457,-0.2184,-0.4371,-0.7106,-0.9672,-1.0193,-0.9051,-0.7699,-0.6158,-0.44,-0.2871,-0.2289,-0.2565,-0.308,-0.3511,-0.3359,-0.33,-0.3224,-0.3123,-0.2988,-0.281,-0.258,-0.2301,-0.1988,-0.1667,-0.1354,-0.1013,-0.0502,0.0566,0.2696,0.3375,0.1797,0.1945,0.3278,0.3776,0.1486,-0.0619,-0.2468,-0.4699,-0.757,-1.0172,-1.0645,-0.9755,-0.8381,-0.6543,-0.44,-0.2565,-0.1952,-0.2359,-0.2978,-0.3462,-0.3269,-0.32,-0.3114,-0.3006,-0.287,-0.2703,-0.25,-0.2266,-0.2008,-0.1736,-0.1446,-0.1104,-0.0625,0.0108,0.0989,0.1304,0.1058,0.1305,0.2183,0.2305,0.0685,-0.1006,-0.2408,-0.4387,-0.7199,-0.9852,-1.1546,-1.0961,-0.9114,-0.7054,-0.4962,-0.3279,-0.2605,-0.2782,-0.3213,-0.3588,-0.3196,-0.3122,-0.3032,-0.2924,-0.2794,-0.2639,-0.2461,-0.226,-0.204,-0.1804,-0.1545,-0.1244,-0.0872,-0.0425,-0.0,0.0228,0.0301,0.0465,0.0675,0.0423,-0.0493,-0.126,-0.1722,-0.3455,-0.6538,-1.0085,-1.2746,-1.1726,-0.9425,-0.7392,-0.5641,-0.4311,-0.3623,-0.3498,-0.3639,-0.3828,-0.3139,-0.3063,-0.2973,-0.2869,-0.2747,-0.2607,-0.2449,-0.2274,-0.2085,-0.1881,-0.1659,-0.1413,-0.1139,-0.0853,-0.0601,-0.0434,-0.0344,-0.0292,-0.034,-0.0637,-0.111,-0.1177,-0.1096,-0.2679,-0.5544,-0.8549,-1.0436,-1.0164,-0.8755,-0.7275,-0.5991,-0.5002,-0.4387,-0.4113,-0.4053,-0.4086,-0.3096,-0.3021,-0.2934,-0.2835,-0.2722,-0.2596,-0.2457,-0.2305,-0.2142,-0.1968,-0.1783,-0.1588,-0.1387,-0.1192,-0.1028,-0.0917,-0.0866,-0.088,-0.0992,-0.1224,-0.1473,-0.1523,-0.1701,-0.2864,-0.4824,-0.6803,-0.8068,-0.825,-0.7668,-0.6821,-0.5987,-0.5294,-0.4799,-0.4501,-0.4353,-0.4294]},{"header":{"la1":42.85,"la2":41.18,"lo1":11.55,"lo2":14.05,"nx":36,"ny":24,"dx":0.07143,"dy":0.07261,"parameterCategory":2,"parameterNumber":3,"parameterNumberName":"northward_wind","parameterUnit":"m.s-1"},"data":[-0.8319,-0.8267,-0.8198,-0.8112,-0.8012,-0.7902,-0.7792,-0.7689,-0.7595,-0.7507,-0.741,-0.7291,-0.7135,-0.6939,-0.6705,-0.6446,-0.618,-0.5933,-0.5733,-0.5597,-0.5531,-0.5524,-0.556,-0.5622,-0.5698,-0.578,-0.5863,-0.5947,-0.603,-0.6113,-0.6194,-0.6275,-0.6354,-0.643,-0.6504,-0.6574,-0.841,-0.8353,-0.8274,-0.817,-0.8043,-0.7901,-0.776,-0.7638,-0.7546,-0.7477,-0.7407,-0.7304,-0.7146,-0.6924,-0.664,-0.6309,-0.5959,-0.5631,-0.5373,-0.5218,-0.5171,-0.5209,-0.5298,-0.5408,-0.5525,-0.5638,-0.5747,-0.5851,-0.5952,-0.605,-0.6145,-0.6238,-0.6329,-0.6416,-0.6499,-0.6577,-0.8514,-0.8455,-0.8364,-0.8235,-0.8067,-0.787,-0.7669,-0.7506,-0.7416,-0.7392,-0.7382,-0.7324,-0.7177,-0.6928,-0.6581,-0.615,-0.5671,-0.5211,-0.4859,-0.4686,-0.4691,-0.4816,-0.4992,-0.5174,-0.5343,-0.5494,-0.5631,-0.5757,-0.5876,-0.599,-0.61,-0.6207,-0.6311,-0.6409,-0.6503,-0.659,-0.8637,-0.8579,-0.8477,-0.8319,-0.8094,-0.7802,-0.748,-0.7218,-0.7121,-0.7198,-0.7322,-0.7358,-0.7243,-0.6969,-0.6544,-0.5977,-0.5301,-0.4615,-0.4099,-0.3915,-0.4045,-0.4337,-0.4653,-0.4932,-0.5163,-0.5355,-0.552,-0.5668,-0.5805,-0.5936,-0.6062,-0.6184,-0.6302,-0.6413,-0.6518,-0.6615,-0.8783,-0.8733,-0.8629,-0.8446,-0.815,-0.7714,-0.7157,-0.6645,-0.6499,-0.6807,-0.7221,-0.743,-0.7369,-0.7072,-0.656,-0.5827,-0.4866,-0.3787,-0.2958,-0.2792,-0.321,-0.3802,-0.4317,-0.4708,-0.5001,-0.5229,-0.5418,-0.5586,-0.5741,-0.5889,-0.6033,-0.6172,-0.6305,-0.6431,-0.6548,-0.6655,-0.8955,-0.8926,-0.8837,-0.8649,-0.8301,-0.7699,-0.6762,-0.5681,-0.5332,-0.6175,-0.7148,-0.7599,-0.7588,-0.7261,-0.6672,-0.5781,-0.449,-0.2816,-0.1408,-0.1338,-0.2312,-0.3331,-0.4058,-0.4541,-0.4874,-0.5123,-0.5329,-0.5512,-0.5684,-0.5851,-0.6014,-0.6172,-0.6323,-0.6466,-0.6597,-0.6715,-0.9151,-0.9161,-0.9115,-0.8968,-0.8638,-0.7971,-0.6721,-0.4872,-0.41,-0.58,-0.7395,-0.7973,-0.7932,-0.7553,-0.6913,-0.5949,-0.4475,-0.2331,-0.0298,-0.0354,-0.1867,-0.316,-0.3965,-0.4459,-0.4789,-0.5039,-0.525,-0.5445,-0.5635,-0.5823,-0.6008,-0.6189,-0.6362,-0.6523,-0.667,-0.6799,-0.9365,-0.9432,-0.9461,-0.9414,-0.9219,-0.8737,-0.7737,-0.6163,-0.5538,-0.7101,-0.8345,-0.8618,-0.8394,-0.7934,-0.7278,-0.6357,-0.5029,-0.3172,-0.1403,-0.131,-0.2435,-0.3429,-0.4057,-0.4454,-0.4735,-0.4965,-0.5175,-0.5382,-0.5592,-0.5805,-0.6019,-0.6228,-0.6427,-0.6611,-0.6775,-0.6917,-0.9585,-0.972,-0.9849,-0.995,-0.9984,-0.9888,-0.9601,-0.9239,-0.9325,-0.9817,-0.9837,-0.9421,-0.8903,-0.836,-0.771,-0.6869,-0.5811,-0.4593,-0.3544,-0.3211,-0.3499,-0.3901,-0.422,-0.4466,-0.4677,-0.4881,-0.5092,-0.5316,-0.5553,-0.58,-0.6051,-0.6297,-0.6529,-0.6739,-0.6923,-0.7076,-0.979,-0.9998,-1.0234,-1.0499,-1.0788,-1.1088,-1.1398,-1.183,-1.2583,-1.2702,-1.1402,-1.0128,-0.9345,-0.8806,-0.818,-0.7325,-0.6354,-0.5454,-0.4759,-0.4348,-0.4202,-0.4211,-0.4291,-0.4412,-0.457,-0.4762,-0.4986,-0.5239,-0.5517,-0.5811,-0.6112,-0.6406,-0.668,-0.6923,-0.7127,-0.729,-0.996,-1.0232,-1.0565,-1.098,-1.1499,-1.213,-1.2816,-1.3467,-1.4784,-1.5497,-1.2473,-1.0444,-0.9654,-0.9368,-0.8779,-0.767,-0.649,-0.5637,-0.5097,-0.4685,-0.4379,-0.4206,-0.4163,-0.4229,-0.4377,-0.4587,-0.4846,-0.5147,-0.5483,-0.5844,-0.6214,-0.6574,-0.6903,-0.7185,-0.741,-0.7577,-1.0077,-1.0393,-1.0794,-1.1316,-1.2009,-1.2925,-1.4023,-1.4786,-1.463,-1.4369,-1.1962,-1.0243,-0.9844,-1.0333,-0.966,-0.7795,-0.6132,-0.541,-0.5113,-0.4617,-0.4151,-0.3867,-0.3787,-0.3874,-0.4072,-0.4341,-0.4663,-0.5035,-0.5454,-0.5908,-0.6376,-0.6826,-0.7228,-0.7556,-0.78,-0.7961,-1.0128,-1.0461,-1.0887,-1.1449,-1.2211,-1.3266,-1.4678,-1.5991,-1.5035,-1.2857,-1.0923,-0.9845,-0.9629,-1.0618,-0.9905,-0.7022,-0.4985,-0.5429,-0.5409,-0.4297,-0.3515,-0.312,-0.3098,-0.3319,-0.3647,-0.4019,-0.443,-0.4897,-0.543,-0.6018,-0.6626,-0.7206,-0.7706,-0.8088,-0.8339,-0.8473,-1.011,-1.0432,-1.0837,-1.1359,-1.2047,-1.2963,-1.4107,-1.512,-1.4326,-1.1894,-1.0198,-0.9698,-0.9531,-0.8094,-0.7598,-0.396,-0.0987,-0.3386,-0.4204,-0.319,-0.2126,-0.1686,-0.1977,-0.2553,-0.3119,-0.3627,-0.4137,-0.4718,-0.5406,-0.6188,-0.7009,-0.7782,-0.8416,-0.8853,-0.9086,-0.915,-1.003,-1.0317,-1.0664,-1.1089,-1.1604,-1.2203,-1.2785,-1.2983,-1.2154,-1.0641,-0.9603,-0.9116,-0.8132,-0.6265,-0.5926,0.2309,1.0989,0.1837,-0.1765,-0.1179,0.0815,0.1045,-0.0344,-0.1667,-0.2552,-0.3169,-0.3747,-0.4455,-0.5361,-0.644,-0.7593,-0.8664,-0.9486,-0.9965,-1.0117,-1.0034,-0.9903,-1.0141,-1.0414,-1.0721,-1.105,-1.1355,-1.1522,-1.1347,-1.068,-0.9775,-0.9197,-0.9105,-0.8805,-0.7755,-0.5781,0.1104,0.7209,0.1167,-0.1587,0.0739,0.6269,0.5201,0.1273,-0.099,-0.2049,-0.2593,-0.314,-0.3999,-0.524,-0.679,-0.8483,-1.0035,-1.1119,-1.1578,-1.1515,-1.115,-0.9745,-0.9931,-1.0131,-1.0334,-1.0519,-1.064,-1.0626,-1.0401,-0.9965,-0.948,-0.9201,-0.9283,-1.0545,-1.099,-0.7515,-0.4264,-0.2386,-0.364,-0.4362,-0.0563,0.6819,0.5472,0.1174,-0.0946,-0.1601,-0.166,-0.2011,-0.3146,-0.4962,-0.7254,-0.9819,-1.216,-1.3588,-1.3852,-1.3314,-1.2466,-0.9571,-0.971,-0.9848,-0.9973,-1.0066,-1.0095,-1.0028,-0.9849,-0.9589,-0.9352,-0.9263,-0.9537,-1.0945,-1.1127,-0.8632,-0.7251,-0.6158,-0.7307,-0.9235,-0.5044,-0.0585,0.0429,-0.0719,-0.1406,-0.0954,0.0193,0.0228,-0.1688,-0.4513,-0.7829,-1.1666,-1.5241,-1.7052,-1.6746,-1.5356,-1.3815,-0.9394,-0.9493,-0.9584,-0.9656,-0.9694,-0.9682,-0.9609,-0.9475,-0.9312,-0.9175,-0.9128,-0.925,-0.9511,-0.9329,-0.9266,-0.9427,-0.76,-0.7575,-0.8218,-0.6114,-0.4172,-0.2848,-0.2442,-0.1939,-0.0162,0.3223,0.3869,-0.0146,-0.4265,-0.8433,-1.3591,-1.866,-2.0739,-1.9491,-1.7075,-1.4854,-0.9221,-0.9289,-0.9345,-0.9381,-0.9388,-0.9358,-0.9288,-0.9183,-0.9062,-0.8953,-0.8881,-0.8852,-0.8817,-0.8751,-0.9038,-0.9057,-0.7705,-0.6845,-0.6212,-0.5969,-0.5177,-0.4163,-0.3499,-0.2688,-0.0743,0.3347,0.4215,-0.1411,-0.5067,-0.8857,-1.4279,-1.9935,-2.2078,-2.0412,-1.7622,-1.5184,-0.9057,-0.9101,-0.9132,-0.9145,-0.9133,-0.9093,-0.9025,-0.8933,-0.8828,-0.8721,-0.8621,-0.8522,-0.8414,-0.8314,-0.8254,-0.7974,-0.7274,-0.6572,-0.6088,-0.5804,-0.5226,-0.4556,-0.412,-0.3705,-0.3177,-0.3543,-0.6871,-0.694,-0.6832,-0.8973,-1.3113,-1.7627,-1.9661,-1.8748,-1.6676,-1.4673,-0.8905,-0.893,-0.8943,-0.8939,-0.8915,-0.8869,-0.8801,-0.8714,-0.8613,-0.8503,-0.8384,-0.8255,-0.8111,-0.7949,-0.7747,-0.7424,-0.6949,-0.6438,-0.5995,-0.5574,-0.5009,-0.4435,-0.4252,-0.4368,-0.4946,-0.7233,-1.0555,-0.9344,-0.7968,-0.8868,-1.1395,-1.4278,-1.5945,-1.5905,-1.4867,-1.359,-0.8763,-0.8775,-0.8774,-0.8758,-0.8726,-0.8675,-0.8606,-0.8521,-0.842,-0.8306,-0.8178,-0.8034,-0.787,-0.7678,-0.7441,-0.7134,-0.6756,-0.6341,-0.592,-0.5452,-0.4854,-0.4218,-0.4082,-0.4529,-0.5397,-0.6965,-0.8451,-0.8402,-0.8031,-0.8609,-1.0082,-1.1805,-1.3014,-1.3354,-1.301,-1.2345,-0.8634,-0.8634,-0.8623,-0.8599,-0.856,-0.8506,-0.8436,-0.835,-0.825,-0.8134,-0.8003,-0.7853,-0.7682,-0.7483,-0.7248,-0.6968,-0.6645,-0.6289,-0.5907,-0.5477,-0.498,-0.4519,-0.442,-0.4792,-0.5478,-0.6381,-0.7167,-0.7514,-0.7728,-0.8266,-0.9195,-1.0256,-1.1096,-1.1504,-1.1493,-1.121]}]