docs/data/wind_grid.json
[{"header":{"la1":42.85,"la2":41.18,"lo1":11.55,"lo2":14.05,"nx":36,"ny":24,"dx":0.07143,"dy":0.07261,"parameterCategory":2,"parameterNumber":2,"parameterNumberName":"eastward_wind","parameterUnit":"m.s-1"},"data":[-0.0888,-0.0856,-0.0827,-0.0802,-0.0786,-0.0785,-0.0806,-0.0859,-0.0955,-0.1111,-0.134,-0.1655,-0.2059,-0.2524,-0.2984,-0.3329,-0.3463,-0.3373,-0.3131,-0.2834,-0.2549,-0.2307,-0.2114,-0.1967,-0.1856,-0.1774,-0.1716,-0.1675,-0.1648,-0.1632,-0.1624,-0.1622,-0.1626,-0.1632,-0.1642,-0.1652,-0.0857,-0.0816,-0.0775,-0.0737,-0.0705,-0.0687,-0.0691,-0.073,-0.082,-0.0985,-0.125,-0.1646,-0.2196,-0.289,-0.363,-0.4198,-0.4371,-0.4125,-0.3652,-0.3152,-0.2726,-0.2398,-0.2156,-0.1981,-0.1855,-0.1766,-0.1704,-0.1663,-0.1637,-0.1623,-0.1618,-0.162,-0.1626,-0.1636,-0.1648,-0.1662,-0.0831,-0.078,-0.0727,-0.0672,-0.062,-0.0579,-0.0557,-0.0572,-0.0645,-0.0805,-0.1094,-0.1564,-0.2285,-0.3301,-0.4521,-0.5526,-0.5745,-0.515,-0.4255,-0.3457,-0.2863,-0.2448,-0.2164,-0.1969,-0.1836,-0.1744,-0.1683,-0.1644,-0.1621,-0.1611,-0.161,-0.1616,-0.1627,-0.1641,-0.1656,-0.1673,-0.0814,-0.0753,-0.0686,-0.0613,-0.0537,-0.0466,-0.0412,-0.0391,-0.0431,-0.0568,-0.0853,-0.1363,-0.2223,-0.3593,-0.5499,-0.7271,-0.7536,-0.6275,-0.4764,-0.3634,-0.2897,-0.2428,-0.2125,-0.1927,-0.1795,-0.1707,-0.1651,-0.1617,-0.16,-0.1595,-0.16,-0.1612,-0.1628,-0.1647,-0.1667,-0.1687,-0.0807,-0.0738,-0.0658,-0.0566,-0.0465,-0.0361,-0.0267,-0.0205,-0.0204,-0.0298,-0.0538,-0.1015,-0.1887,-0.3411,-0.5805,-0.832,-0.8631,-0.6734,-0.4798,-0.353,-0.2773,-0.2318,-0.2035,-0.1853,-0.1733,-0.1656,-0.1608,-0.1583,-0.1574,-0.1577,-0.1589,-0.1608,-0.1631,-0.1656,-0.1681,-0.1706,-0.0816,-0.0741,-0.0651,-0.0543,-0.0416,-0.0277,-0.0146,-0.0056,-0.0029,-0.0058,-0.0194,-0.054,-0.1243,-0.2518,-0.4548,-0.6713,-0.7092,-0.5627,-0.4093,-0.3089,-0.2492,-0.2131,-0.1903,-0.1754,-0.1655,-0.1593,-0.1557,-0.1542,-0.1543,-0.1556,-0.1578,-0.1606,-0.1637,-0.1669,-0.17,-0.173,-0.0842,-0.0767,-0.0673,-0.0554,-0.0406,-0.0234,-0.0071,0.0007,0.0004,0.0096,0.0158,0.0019,-0.0402,-0.1204,-0.2416,-0.3651,-0.4089,-0.3637,-0.2978,-0.2474,-0.2138,-0.1912,-0.1754,-0.1643,-0.1568,-0.1521,-0.1499,-0.1496,-0.1509,-0.1535,-0.1568,-0.1607,-0.1648,-0.1688,-0.1727,-0.1761,-0.0889,-0.0821,-0.0732,-0.0614,-0.0455,-0.025,-0.0031,0.0096,0.0147,0.0405,0.0635,0.0672,0.0518,0.012,-0.0541,-0.1292,-0.1829,-0.2033,-0.203,-0.1949,-0.1839,-0.1724,-0.1618,-0.1534,-0.1475,-0.1442,-0.1434,-0.1445,-0.1473,-0.1513,-0.1561,-0.1613,-0.1666,-0.1717,-0.1763,-0.1803,-0.0957,-0.0904,-0.0834,-0.0737,-0.059,-0.0365,-0.0035,0.038,0.0836,0.1226,0.1369,0.1435,0.1499,0.1391,0.0955,0.0239,-0.0536,-0.1163,-0.1549,-0.1704,-0.1698,-0.1614,-0.1514,-0.1431,-0.1377,-0.1355,-0.1361,-0.1389,-0.1434,-0.1492,-0.1558,-0.1627,-0.1695,-0.1758,-0.1813,-0.1859,-0.1043,-0.1014,-0.098,-0.0931,-0.0845,-0.0666,-0.0255,0.0644,0.209,0.2779,0.2304,0.223,0.26,0.2825,0.2419,0.1381,0.0098,-0.101,-0.1666,-0.1854,-0.1767,-0.1593,-0.1433,-0.1323,-0.1266,-0.1253,-0.1276,-0.1325,-0.1393,-0.1475,-0.1564,-0.1654,-0.174,-0.1817,-0.1882,-0.1933,-0.114,-0.1142,-0.1155,-0.1183,-0.1224,-0.1242,-0.1053,0.0089,0.3695,0.5344,0.3004,0.2882,0.3932,0.4847,0.4302,0.2422,0.0141,-0.1789,-0.2648,-0.2507,-0.2035,-0.1612,-0.133,-0.1177,-0.112,-0.1126,-0.1175,-0.1252,-0.135,-0.1462,-0.1581,-0.1699,-0.1808,-0.1902,-0.1977,-0.2031,-0.124,-0.1273,-0.1335,-0.1447,-0.1646,-0.1993,-0.2529,-0.2678,0.0554,0.3226,0.2428,0.3227,0.5333,0.8005,0.6828,0.3264,-0.0633,-0.4284,-0.5107,-0.3656,-0.233,-0.1524,-0.1109,-0.0942,-0.0915,-0.0963,-0.1051,-0.1167,-0.1305,-0.1458,-0.1617,-0.1772,-0.1911,-0.2024,-0.2108,-0.2163,-0.1333,-0.1389,-0.1487,-0.1656,-0.1958,-0.2515,-0.3534,-0.484,-0.3412,-0.0302,0.1489,0.33,0.5187,0.8983,0.773,0.2969,-0.1862,-0.8287,-0.8453,-0.4465,-0.2167,-0.1055,-0.0626,-0.0554,-0.0631,-0.0757,-0.0903,-0.1069,-0.1257,-0.1466,-0.1682,-0.1888,-0.2065,-0.2201,-0.229,-0.2338,-0.1413,-0.1482,-0.1592,-0.1772,-0.2069,-0.2561,-0.3313,-0.4091,-0.3352,-0.1223,0.062,0.341,0.4504,0.563,0.4046,0.1029,-0.2155,-0.5735,-0.6188,-0.3189,-0.0873,0.0182,0.0281,0.0018,-0.0274,-0.0515,-0.0728,-0.0951,-0.1205,-0.1492,-0.179,-0.207,-0.2299,-0.2458,-0.2544,-0.257,-0.1478,-0.155,-0.1655,-0.181,-0.2035,-0.2344,-0.2692,-0.2851,-0.2462,-0.1911,-0.1536,-0.0342,0.1337,0.1135,0.1369,-0.1471,-0.3578,-0.3104,-0.2677,-0.0538,0.2136,0.2703,0.1681,0.0698,0.0094,-0.0258,-0.0517,-0.0796,-0.1138,-0.154,-0.1965,-0.2357,-0.2658,-0.2835,-0.2896,-0.2874,-0.1532,-0.1599,-0.1691,-0.1813,-0.1968,-0.2145,-0.2304,-0.2385,-0.2473,-0.311,-0.4885,-0.4575,-0.2864,-0.0807,-0.0889,-0.2164,-0.3211,-0.2664,-0.155,0.189,0.7405,0.6507,0.3074,0.1182,0.0361,0.0018,-0.022,-0.0554,-0.103,-0.1616,-0.2246,-0.2815,-0.3212,-0.3385,-0.3374,-0.3257,-0.1577,-0.1638,-0.1717,-0.1814,-0.1928,-0.2052,-0.2179,-0.2336,-0.2661,-0.3476,-0.4798,-0.443,-0.522,-0.5744,-0.3276,-0.294,-0.3027,-0.3012,-0.239,0.1199,0.795,0.6742,0.2909,0.1068,0.0484,0.0423,0.031,-0.013,-0.0844,-0.1725,-0.2683,-0.3538,-0.4058,-0.4165,-0.3992,-0.3709,-0.1616,-0.1673,-0.1743,-0.1826,-0.1922,-0.2033,-0.2167,-0.2359,-0.2677,-0.3175,-0.3698,-0.4161,-0.579,-0.6264,-0.5023,-0.4892,-0.415,-0.4173,-0.471,-0.2456,0.1073,0.2021,0.1054,0.0445,0.0638,0.1261,0.1362,0.0576,-0.0576,-0.1873,-0.3307,-0.4603,-0.5253,-0.516,-0.4692,-0.4173,-0.1653,-0.1707,-0.1772,-0.1848,-0.1938,-0.2046,-0.2183,-0.237,-0.263,-0.2968,-0.3356,-0.3856,-0.458,-0.5293,-0.7275,-0.8164,-0.5424,-0.4691,-0.4995,-0.4928,-0.2983,-0.1355,-0.0749,-0.0246,0.0902,0.2695,0.3051,0.1335,-0.0385,-0.2041,-0.3972,-0.5795,-0.6528,-0.6103,-0.5282,-0.4531,-0.1687,-0.174,-0.1802,-0.1875,-0.1962,-0.2069,-0.2201,-0.2372,-0.2591,-0.2862,-0.319,-0.3609,-0.4179,-0.5122,-0.6922,-0.7449,-0.562,-0.5164,-0.6812,-0.7691,-0.4881,-0.3027,-0.2032,-0.1033,0.0539,0.28,0.3255,0.0946,-0.0612,-0.2161,-0.4207,-0.624,-0.6991,-0.642,-0.5472,-0.4648,-0.172,-0.1771,-0.1832,-0.1903,-0.1988,-0.209,-0.2216,-0.2371,-0.2561,-0.2793,-0.3075,-0.3429,-0.3899,-0.4553,-0.5292,-0.5468,-0.503,-0.5057,-0.5957,-0.6203,-0.4863,-0.3882,-0.3237,-0.2158,-0.0788,-0.0032,-0.0846,-0.0965,-0.12,-0.219,-0.3793,-0.5434,-0.6158,-0.5853,-0.5154,-0.448,-0.1749,-0.18,-0.1859,-0.1929,-0.2011,-0.2108,-0.2225,-0.2366,-0.2534,-0.2734,-0.2974,-0.3262,-0.361,-0.4006,-0.4354,-0.449,-0.4464,-0.4559,-0.4817,-0.4832,-0.4611,-0.4871,-0.4871,-0.3528,-0.2008,-0.1501,-0.1992,-0.1747,-0.1624,-0.2184,-0.3208,-0.4279,-0.4885,-0.4888,-0.4547,-0.4122,-0.1776,-0.1826,-0.1884,-0.1951,-0.2029,-0.2121,-0.2229,-0.2356,-0.2504,-0.2677,-0.2876,-0.3104,-0.3357,-0.3612,-0.3824,-0.3951,-0.4019,-0.4103,-0.4214,-0.432,-0.4653,-0.5589,-0.5889,-0.4385,-0.2758,-0.1948,-0.1812,-0.1769,-0.183,-0.2194,-0.2806,-0.3457,-0.3902,-0.4037,-0.3932,-0.3715,-0.18,-0.1848,-0.1904,-0.1969,-0.2043,-0.2129,-0.2228,-0.2342,-0.2472,-0.2619,-0.2784,-0.2963,-0.3151,-0.3332,-0.3485,-0.3598,-0.3683,-0.3764,-0.3864,-0.4032,-0.4406,-0.5,-0.5084,-0.4162,-0.3034,-0.2303,-0.1994,-0.1918,-0.1991,-0.2226,-0.2589,-0.2982,-0.3287,-0.3437,-0.3441,-0.335]},{"header":{"la1":42.85,"la2":41.18,"lo1":11.55,"lo2":14.05,"nx":36,"ny":24,"dx":0.07143,"dy":0.07261,"parameterCategory":2,"parameterNumber":3,"parameterNumberName":"northward_wind","parameterUnit":"m.s-1"},"data":[0.8079,0.8136,0.8203,0.8277,0.8353,0.8424,0.8476,0.8496,0.8478,0.842,0.8335,0.8239,0.8145,0.8066,0.8003,0.7955,0.7916,0.7877,0.7836,0.7791,0.7743,0.7691,0.7637,0.7579,0.7517,0.7452,0.7384,0.7312,0.7238,0.7162,0.7085,0.701,0.6935,0.6864,0.6796,0.6733,0.8084,0.8153,0.8238,0.8339,0.8451,0.8562,0.8653,0.8697,0.8677,0.859,0.846,0.8316,0.8185,0.8081,0.8009,0.7963,0.7928,0.7891,0.7848,0.7799,0.7747,0.7692,0.7634,0.7573,0.7508,0.7438,0.7364,0.7285,0.7204,0.7121,0.7037,0.6954,0.6872,0.6794,0.6721,0.6654,0.8077,0.8158,0.8265,0.84,0.8563,0.8742,0.8904,0.8999,0.8981,0.8843,0.8632,0.841,0.8222,0.8087,0.8006,0.7968,0.7943,0.7908,0.7859,0.7804,0.7747,0.7689,0.7628,0.7564,0.7495,0.742,0.734,0.7255,0.7165,0.7073,0.698,0.6888,0.6799,0.6713,0.6634,0.6561,0.8054,0.8144,0.8271,0.8447,0.8679,0.8964,0.9262,0.9474,0.9476,0.9237,0.8871,0.852,0.8252,0.808,0.7996,0.7976,0.7968,0.7927,0.7865,0.7801,0.774,0.768,0.7618,0.7552,0.7479,0.7399,0.7312,0.7218,0.712,0.7017,0.6914,0.6811,0.6712,0.6618,0.6531,0.6453,0.8009,0.8101,0.8242,0.8454,0.8767,0.9206,0.9751,1.0234,1.0312,0.9853,0.9183,0.8628,0.8265,0.806,0.7979,0.7984,0.7987,0.793,0.7854,0.7784,0.7723,0.7665,0.7604,0.7537,0.7461,0.7375,0.728,0.7177,0.7066,0.6952,0.6835,0.672,0.6609,0.6505,0.6411,0.6327,0.7938,0.8021,0.8159,0.8388,0.8763,0.9371,1.0289,1.1343,1.1662,1.0704,0.9483,0.867,0.8226,0.8009,0.7934,0.7943,0.794,0.7882,0.781,0.7748,0.7694,0.7642,0.7585,0.7518,0.744,0.7348,0.7244,0.7128,0.7004,0.6874,0.6742,0.6611,0.6487,0.6371,0.6268,0.6178,0.784,0.7897,0.8008,0.8211,0.8582,0.9257,1.0458,1.2212,1.2948,1.124,0.9468,0.8527,0.8086,0.789,0.7824,0.7819,0.7813,0.7778,0.7732,0.7691,0.7653,0.7612,0.7563,0.7499,0.7418,0.7319,0.7203,0.7073,0.6931,0.6781,0.6629,0.648,0.6339,0.621,0.6096,0.6001,0.772,0.7736,0.7789,0.7914,0.8176,0.8696,0.9665,1.1109,1.1667,1.02,0.8824,0.8141,0.7826,0.7686,0.7643,0.7647,0.7655,0.7649,0.7633,0.7617,0.7601,0.7578,0.7539,0.748,0.7396,0.7289,0.7159,0.7009,0.6845,0.6671,0.6494,0.6321,0.6159,0.6014,0.589,0.5789,0.7589,0.755,0.7523,0.7528,0.7602,0.7805,0.8193,0.8655,0.8705,0.8245,0.7854,0.7634,0.7491,0.7408,0.74,0.7444,0.7487,0.7504,0.7509,0.752,0.7536,0.754,0.7519,0.7465,0.7378,0.7259,0.711,0.6936,0.6743,0.6537,0.6328,0.6125,0.5937,0.5773,0.5637,0.5532,0.7463,0.7365,0.7248,0.7114,0.6972,0.685,0.6795,0.6814,0.6787,0.6814,0.7068,0.7203,0.7135,0.7031,0.7064,0.7206,0.7306,0.7318,0.7323,0.7376,0.7451,0.7501,0.7505,0.7459,0.7366,0.7232,0.7059,0.6853,0.6622,0.6374,0.6123,0.588,0.566,0.5473,0.5325,0.522,0.7358,0.7207,0.7007,0.6739,0.6386,0.5954,0.5548,0.5509,0.5984,0.6138,0.6656,0.6961,0.6752,0.6403,0.652,0.6934,0.7117,0.7006,0.696,0.7132,0.7342,0.7471,0.7508,0.7468,0.7366,0.721,0.7006,0.6759,0.6477,0.6174,0.5865,0.557,0.5308,0.5094,0.4936,0.4835,0.7292,0.7103,0.6842,0.6472,0.5941,0.5188,0.4229,0.3639,0.4918,0.5993,0.668,0.6979,0.639,0.5127,0.5625,0.6763,0.6978,0.6261,0.611,0.6748,0.7246,0.7479,0.7543,0.7501,0.7382,0.7198,0.6954,0.6654,0.6305,0.5925,0.5537,0.5169,0.4852,0.4607,0.4443,0.4358,0.7275,0.7073,0.6788,0.6377,0.5764,0.4832,0.3455,0.2028,0.3224,0.5727,0.7057,0.7193,0.6818,0.4789,0.5432,0.7245,0.7223,0.4861,0.4793,0.6507,0.7296,0.7571,0.7624,0.7562,0.7418,0.7202,0.691,0.6542,0.6104,0.5615,0.5112,0.4642,0.425,0.3969,0.3811,0.3764,0.7311,0.7122,0.6858,0.6482,0.5935,0.5133,0.4035,0.299,0.3903,0.6545,0.7923,0.7206,0.707,1.0326,0.8379,0.8914,0.9066,0.6719,0.6086,0.7102,0.7607,0.7756,0.7748,0.765,0.7481,0.7234,0.6893,0.6439,0.5875,0.5228,0.4554,0.3929,0.3434,0.3119,0.2992,0.3019,0.7395,0.724,0.7033,0.6755,0.6384,0.5917,0.5443,0.5362,0.6463,0.8483,0.9838,0.9754,0.986,1.0973,0.9985,1.116,1.3099,0.9961,0.8259,0.7962,0.7967,0.7953,0.7881,0.7755,0.7579,0.7327,0.6944,0.6383,0.5636,0.4748,0.3805,0.2941,0.23,0.1965,0.1924,0.2095,0.7512,0.7405,0.7272,0.7113,0.6941,0.68,0.6822,0.7275,0.8476,1.0488,1.2934,1.1989,1.1442,1.1027,1.0704,1.1314,1.2273,1.0262,0.8786,0.824,0.807,0.8049,0.7982,0.7866,0.7743,0.7562,0.7173,0.646,0.5429,0.4159,0.2785,0.1536,0.0689,0.0386,0.0544,0.0976,0.7647,0.7589,0.7529,0.7478,0.7461,0.7534,0.7796,0.8391,0.9455,1.1047,1.2779,1.232,1.326,1.3885,1.1565,1.0785,1.0271,0.9093,0.8174,0.8136,0.8078,0.8081,0.8045,0.7987,0.8056,0.8153,0.7842,0.6842,0.5314,0.3451,0.1393,-0.0484,-0.1606,-0.1736,-0.1162,-0.03,0.7783,0.777,0.7769,0.7796,0.7876,0.8053,0.8385,0.8934,0.9725,1.0675,1.1474,1.2018,1.3606,1.3931,1.1788,1.0892,0.979,0.7847,0.638,0.7881,0.8311,0.8225,0.8097,0.8113,0.8638,0.9584,0.952,0.7723,0.5282,0.2621,-0.0395,-0.3237,-0.4672,-0.4334,-0.3039,-0.1578,0.791,0.793,0.7972,0.8047,0.8177,0.8389,0.871,0.9161,0.9726,1.0337,1.0894,1.1414,1.1952,1.1924,1.1674,1.1695,1.0135,0.8343,0.7588,0.9224,0.8998,0.845,0.8068,0.8075,0.9245,1.2205,1.276,0.8652,0.4921,0.1701,-0.2193,-0.6152,-0.7813,-0.6728,-0.4589,-0.2553,0.802,0.8064,0.8131,0.8232,0.838,0.859,0.8872,0.923,0.9643,1.0072,1.0472,1.0819,1.1067,1.1165,1.139,1.1382,1.0285,0.9605,1.0854,1.167,0.9728,0.8508,0.7808,0.7525,0.8378,1.2029,1.2847,0.6376,0.3224,0.0786,-0.2966,-0.7229,-0.8926,-0.7526,-0.5094,-0.288,0.811,0.8168,0.8249,0.8359,0.8507,0.8698,0.8937,0.9219,0.9528,0.984,1.0126,1.0361,1.0525,1.0622,1.0675,1.0505,1.0032,0.982,1.0349,1.0488,0.927,0.8079,0.7311,0.6579,0.5507,0.3203,-0.2452,-0.1935,0.0188,0.0003,-0.2321,-0.5469,-0.6973,-0.6149,-0.4304,-0.2455,0.8179,0.8245,0.833,0.844,0.8577,0.8745,0.8944,0.9166,0.94,0.9629,0.9835,0.9998,1.0106,1.0152,1.0117,0.9958,0.9703,0.9525,0.9471,0.9162,0.829,0.7352,0.6926,0.6093,0.362,-0.1839,-0.8292,-0.577,-0.1629,-0.0362,-0.1216,-0.2922,-0.3991,-0.3789,-0.2765,-0.1515,0.8228,0.8297,0.8381,0.8484,0.8607,0.8752,0.8914,0.9089,0.9268,0.9437,0.9584,0.9695,0.9759,0.9767,0.9705,0.9565,0.9367,0.915,0.8885,0.8424,0.7677,0.701,0.6905,0.6154,0.3723,-0.0257,-0.3567,-0.3113,-0.1091,-0.0042,-0.0206,-0.098,-0.1603,-0.1643,-0.1158,-0.041,0.8261,0.8328,0.8408,0.8501,0.8609,0.8731,0.8863,0.9001,0.9137,0.9261,0.9364,0.9436,0.9468,0.9451,0.9378,0.9245,0.9059,0.8819,0.8502,0.8054,0.7491,0.7027,0.6764,0.6022,0.4305,0.199,0.0186,-0.0189,0.0333,0.0761,0.0728,0.0382,0.0051,-0.0025,0.0198,0.0628]}]