docs/data/wind_grid.json
[{"header":{"la1":42.85,"la2":41.18,"lo1":11.55,"lo2":14.05,"nx":36,"ny":24,"dx":0.07143,"dy":0.07261,"parameterCategory":2,"parameterNumber":2,"parameterNumberName":"eastward_wind","parameterUnit":"m.s-1"},"data":[0.8172,0.8069,0.7929,0.7753,0.7548,0.7329,0.7116,0.693,0.6782,0.6671,0.6583,0.6497,0.6392,0.6255,0.6071,0.5827,0.5503,0.5075,0.453,0.3888,0.3233,0.2704,0.2428,0.2445,0.2689,0.3054,0.345,0.3826,0.4159,0.4444,0.4686,0.4891,0.5065,0.5215,0.5345,0.5459,0.8327,0.8223,0.8065,0.7849,0.7583,0.7289,0.7002,0.6762,0.6597,0.6505,0.6457,0.6411,0.634,0.6225,0.6055,0.5814,0.547,0.4971,0.4258,0.3317,0.227,0.1407,0.1029,0.1196,0.1717,0.2355,0.2965,0.3489,0.3919,0.4267,0.455,0.4781,0.4973,0.5135,0.5274,0.5394,0.8534,0.8441,0.8269,0.8003,0.7645,0.7227,0.6808,0.6469,0.6277,0.6233,0.6267,0.6299,0.6281,0.62,0.6059,0.5849,0.5529,0.5004,0.4112,0.2705,0.0893,-0.0679,-0.1201,-0.0611,0.0484,0.1579,0.2484,0.3182,0.3713,0.4119,0.4435,0.4687,0.4892,0.5063,0.5208,0.5334,0.8812,0.8757,0.8589,0.8266,0.7774,0.7148,0.6481,0.5939,0.5697,0.5773,0.5987,0.6157,0.6214,0.6173,0.6071,0.5931,0.5724,0.5316,0.4365,0.2321,-0.1035,-0.4292,-0.4922,-0.3135,-0.091,0.0853,0.2096,0.2958,0.3568,0.4014,0.435,0.4613,0.4824,0.4999,0.5147,0.5276,0.9182,0.9221,0.9107,0.8739,0.806,0.7098,0.5965,0.4956,0.459,0.4993,0.5606,0.6005,0.6145,0.6126,0.6055,0.6018,0.6057,0.6086,0.5574,0.3063,-0.3071,-1.0341,-1.0542,-0.5884,-0.199,0.0439,0.1926,0.2872,0.3508,0.3959,0.4295,0.4556,0.4767,0.4941,0.509,0.5219,0.965,0.9894,0.9962,0.9611,0.8685,0.723,0.5321,0.3255,0.2515,0.381,0.5221,0.5915,0.6092,0.6024,0.5927,0.599,0.6385,0.7301,0.8404,0.6552,-0.21,-1.4036,-1.3452,-0.643,-0.1864,0.0636,0.2066,0.2947,0.3531,0.3948,0.4262,0.4511,0.4715,0.4885,0.5032,0.516,1.018,1.0809,1.1363,1.1232,0.994,0.7842,0.5153,0.1688,0.0205,0.2984,0.5208,0.6011,0.6069,0.5803,0.554,0.5613,0.6311,0.8061,1.1228,1.0563,0.3123,-0.4616,-0.6118,-0.2951,-0.0238,0.1443,0.2472,0.3138,0.3605,0.3956,0.4236,0.4467,0.4661,0.4826,0.497,0.5097,1.0618,1.1815,1.3469,1.4162,1.2019,0.8974,0.6267,0.3482,0.2368,0.4385,0.5949,0.6361,0.6073,0.5361,0.4606,0.45,0.5412,0.7121,0.9104,0.8608,0.631,0.4082,0.1722,0.128,0.1816,0.2438,0.2938,0.3331,0.3659,0.3943,0.4192,0.4408,0.4595,0.4756,0.4898,0.5025,1.0669,1.2208,1.5237,1.7831,1.37,0.9672,0.7652,0.652,0.6298,0.6813,0.7104,0.6894,0.6144,0.4637,0.2473,0.1743,0.358,0.5616,0.6871,0.7365,0.8477,0.7805,0.5185,0.3728,0.3221,0.3122,0.3197,0.3373,0.3608,0.3861,0.4104,0.4321,0.4508,0.467,0.4811,0.4938,1.0142,1.1082,1.2833,1.3969,1.065,0.8846,0.8165,0.8072,0.8546,0.8782,0.8219,0.7521,0.6496,0.4174,-0.1657,-0.4793,0.1325,0.4729,0.6112,0.6931,0.7851,0.7462,0.586,0.4545,0.3672,0.3166,0.3001,0.3109,0.3368,0.367,0.3954,0.4195,0.4395,0.4561,0.4703,0.4832,0.9332,0.923,0.816,0.4761,0.5059,0.7437,0.8104,0.8552,0.9887,1.0594,0.9026,0.8144,0.7352,0.5696,-0.0227,-0.4742,0.2091,0.4931,0.5888,0.6442,0.6738,0.6466,0.5564,0.4341,0.3109,0.2266,0.2076,0.2388,0.2885,0.3361,0.3745,0.4034,0.4252,0.4423,0.4567,0.4699,0.8727,0.8194,0.6791,0.4506,0.4923,0.7178,0.797,0.818,0.9053,0.9796,0.9103,0.8702,0.8348,0.815,0.6815,0.5045,0.5376,0.5393,0.5502,0.6182,0.6469,0.6149,0.5151,0.3398,0.1213,-0.0187,0.0035,0.1119,0.2191,0.298,0.3508,0.385,0.4079,0.4248,0.4391,0.4528,0.8478,0.8033,0.7297,0.6611,0.6853,0.7632,0.7884,0.7949,0.7857,0.8799,0.9167,0.943,0.9215,0.8589,0.8316,0.8192,0.7258,0.4212,0.4076,0.6139,0.6696,0.6288,0.4869,0.1916,-0.257,-0.5173,-0.3338,-0.0479,0.1499,0.2654,0.3299,0.3658,0.3869,0.4019,0.4157,0.4302,0.8465,0.82,0.7888,0.7697,0.7793,0.8,0.7969,0.7587,0.7928,0.8903,0.9494,1.0188,1.0332,0.9697,0.9395,1.0647,0.8955,0.6198,0.5713,0.6996,0.7382,0.6848,0.51,0.1026,-0.6382,-1.0682,-0.6159,-0.1378,0.1245,0.2545,0.3166,0.345,0.359,0.3698,0.383,0.4,0.8553,0.8415,0.8287,0.823,0.8273,0.8348,0.8369,0.8414,0.881,0.9517,1.0011,0.9968,0.9434,0.8191,0.9655,1.0847,0.4884,0.7371,0.807,0.8447,0.8343,0.7763,0.6149,0.2452,-0.3768,-0.7428,-0.4198,-0.0387,0.1733,0.2714,0.3086,0.3165,0.3163,0.3212,0.3358,0.3587,0.8671,0.8609,0.8566,0.8565,0.8613,0.8696,0.8814,0.9036,0.9489,1.0267,1.1414,1.0191,0.9847,0.9463,0.9608,0.8508,0.6137,0.868,1.0109,0.9856,0.8548,0.8395,0.7532,0.5099,0.1847,-0.0124,0.0444,0.1799,0.2687,0.3011,0.2931,0.266,0.244,0.2438,0.2668,0.3035,0.8794,0.8779,0.8782,0.8816,0.8887,0.9,0.9169,0.9435,0.9854,1.0492,1.1289,1.0643,1.0169,1.0184,1.0649,1.0699,1.082,1.254,1.397,1.2194,0.8845,0.8939,0.8762,0.7177,0.5317,0.4097,0.3703,0.3651,0.3542,0.3182,0.2512,0.17,0.1168,0.1206,0.169,0.2337,0.8911,0.8927,0.8961,0.9021,0.9114,0.9246,0.9431,0.9683,1.0011,1.0382,1.0649,1.0639,1.0505,1.084,1.3233,1.4562,1.4516,1.7246,2.0268,1.6833,1.3296,1.1481,1.0243,0.8581,0.6907,0.5808,0.523,0.4664,0.4003,0.3098,0.1706,0.0023,-0.0951,-0.0605,0.0458,0.157,0.902,0.9058,0.9114,0.9192,0.93,0.9443,0.9628,0.9858,1.0129,1.0417,1.0689,1.0988,1.1546,1.3338,1.8917,2.1259,1.7324,1.8784,2.123,2.2284,1.8219,1.4448,1.191,0.9598,0.7393,0.6072,0.5744,0.4952,0.4046,0.2853,0.0744,-0.2176,-0.3692,-0.2608,-0.068,0.0957,0.9119,0.9173,0.9243,0.9335,0.9453,0.9602,0.9785,1.0005,1.0261,1.0553,1.0905,1.1414,1.2358,1.4463,1.8561,2.0027,1.8002,1.9975,2.7746,3.1456,2.2035,1.6712,1.3631,1.0673,0.7624,0.5881,0.5596,0.4257,0.362,0.2686,0.0468,-0.3059,-0.4853,-0.3333,-0.1023,0.0801,0.9207,0.9273,0.9354,0.9455,0.958,0.9732,0.9915,1.0133,1.0391,1.0702,1.1104,1.168,1.2593,1.4045,1.5833,1.6806,1.7292,1.9511,2.4112,2.5567,2.1258,1.8353,1.6257,1.2623,0.8174,0.4352,0.1145,0.1643,0.2845,0.274,0.1319,-0.1184,-0.2669,-0.1881,-0.0246,0.122,0.9284,0.9358,0.9447,0.9555,0.9684,0.9838,1.0021,1.0238,1.0498,1.0816,1.1222,1.1766,1.2511,1.3471,1.4499,1.5373,1.6302,1.7805,1.9635,2.0334,2.0176,2.1778,2.1887,1.6233,0.9417,0.3299,-0.1508,0.0373,0.2645,0.2979,0.243,0.1202,0.0257,0.034,0.1105,0.2011,0.935,0.943,0.9524,0.9636,0.9767,0.9921,1.0103,1.0317,1.0572,1.088,1.1262,1.174,1.2334,1.303,1.3772,1.452,1.5345,1.6339,1.7379,1.8356,2.0279,2.4945,2.6492,1.9081,1.1175,0.5458,0.237,0.254,0.2999,0.3123,0.3126,0.2684,0.2201,0.2097,0.239,0.2879,0.9406,0.9489,0.9586,0.9699,0.983,0.9983,1.016,1.0367,1.0611,1.09,1.1245,1.1656,1.2138,1.2679,1.326,1.3872,1.4533,1.5263,1.6071,1.7123,1.9007,2.1872,2.2238,1.7582,1.1859,0.7494,0.4898,0.3691,0.3082,0.3248,0.3551,0.3524,0.3351,0.328,0.3397,0.3657]},{"header":{"la1":42.85,"la2":41.18,"lo1":11.55,"lo2":14.05,"nx":36,"ny":24,"dx":0.07143,"dy":0.07261,"parameterCategory":2,"parameterNumber":3,"parameterNumberName":"northward_wind","parameterUnit":"m.s-1"},"data":[-0.087,-0.0765,-0.0659,-0.0554,-0.0457,-0.0378,-0.0335,-0.0347,-0.0431,-0.0588,-0.0807,-0.1068,-0.1352,-0.165,-0.1961,-0.2294,-0.2662,-0.3084,-0.3568,-0.4103,-0.4637,-0.5082,-0.5358,-0.5444,-0.5383,-0.5244,-0.5083,-0.493,-0.4798,-0.469,-0.4602,-0.4531,-0.4473,-0.4425,-0.4384,-0.4349,-0.0741,-0.0611,-0.0474,-0.033,-0.0183,-0.0044,0.0061,0.0091,0.0012,-0.0182,-0.0466,-0.0795,-0.1138,-0.1479,-0.1822,-0.2181,-0.2584,-0.3068,-0.3675,-0.4415,-0.5212,-0.5878,-0.6222,-0.6215,-0.5984,-0.5678,-0.5388,-0.5148,-0.496,-0.4815,-0.4703,-0.4616,-0.4547,-0.449,-0.4443,-0.4402,-0.0613,-0.0455,-0.0285,-0.0095,0.012,0.0354,0.0571,0.0692,0.0631,0.0367,-0.0033,-0.0476,-0.09,-0.129,-0.1658,-0.2027,-0.2437,-0.2957,-0.3694,-0.4752,-0.6057,-0.7186,-0.7623,-0.7345,-0.6751,-0.6163,-0.5695,-0.5352,-0.5105,-0.4926,-0.4794,-0.4694,-0.4615,-0.4551,-0.4498,-0.4452,-0.0488,-0.03,-0.0096,0.014,0.0435,0.0815,0.1245,0.1573,0.1567,0.1154,0.0517,-0.0117,-0.0654,-0.1094,-0.1472,-0.1823,-0.2187,-0.2652,-0.3443,-0.4932,-0.7265,-0.9496,-0.999,-0.8935,-0.7624,-0.6622,-0.595,-0.5509,-0.5217,-0.5016,-0.4871,-0.4763,-0.4677,-0.4608,-0.4549,-0.4499,-0.0365,-0.0144,0.0091,0.0358,0.0725,0.1298,0.2125,0.2955,0.3122,0.233,0.1189,0.0242,-0.0428,-0.0905,-0.1274,-0.1577,-0.1821,-0.2036,-0.2546,-0.4352,-0.8552,-1.3418,-1.3597,-1.0675,-0.8305,-0.6892,-0.6076,-0.5589,-0.5283,-0.5078,-0.4932,-0.4821,-0.4733,-0.4659,-0.4596,-0.4542,-0.0244,0.003,0.0303,0.0567,0.0927,0.1662,0.3097,0.5091,0.5789,0.3972,0.1841,0.0495,-0.0269,-0.0737,-0.1069,-0.1315,-0.1404,-0.1125,-0.0569,-0.1911,-0.7849,-1.5831,-1.5471,-1.1018,-0.8233,-0.6791,-0.602,-0.5578,-0.5304,-0.5117,-0.498,-0.4872,-0.4783,-0.4706,-0.4639,-0.4581,-0.0134,0.0242,0.0622,0.0862,0.1027,0.1654,0.3478,0.6952,0.8639,0.5093,0.1978,0.0486,-0.0208,-0.058,-0.0841,-0.1055,-0.1104,-0.0497,0.1353,0.0867,-0.4312,-0.9603,-1.0703,-0.8797,-0.7232,-0.6325,-0.5811,-0.5503,-0.5298,-0.5146,-0.5024,-0.492,-0.4829,-0.4749,-0.4677,-0.4615,-0.008,0.047,0.1183,0.1556,0.1179,0.1188,0.2401,0.4894,0.6009,0.3355,0.1131,0.0171,-0.0207,-0.0381,-0.0517,-0.0731,-0.0969,-0.0806,-0.0008,-0.0491,-0.2113,-0.3729,-0.556,-0.6112,-0.5987,-0.5762,-0.5577,-0.543,-0.5303,-0.5186,-0.5075,-0.497,-0.4874,-0.4787,-0.471,-0.4642,-0.0187,0.0467,0.1711,0.276,0.1312,0.0454,0.072,0.123,0.1075,0.0224,-0.0227,-0.0244,-0.0155,-0.0057,0.0056,-0.0094,-0.0739,-0.1271,-0.1422,-0.1385,-0.0379,-0.0969,-0.3281,-0.4627,-0.5193,-0.5409,-0.5468,-0.5441,-0.5363,-0.5257,-0.5142,-0.5026,-0.4918,-0.482,-0.4734,-0.466,-0.0533,-0.017,0.052,0.0981,-0.0368,-0.0599,-0.0481,-0.094,-0.2283,-0.284,-0.1582,-0.0489,0.009,0.0409,0.0971,0.127,-0.0357,-0.1607,-0.2133,-0.1976,-0.1118,-0.1512,-0.3104,-0.431,-0.5037,-0.5437,-0.5603,-0.5606,-0.5513,-0.5377,-0.5229,-0.5087,-0.4957,-0.4843,-0.4745,-0.4664,-0.0986,-0.1126,-0.1854,-0.3913,-0.3606,-0.1562,-0.0852,-0.1542,-0.5003,-0.6868,-0.2518,-0.0284,0.0709,0.1089,0.1149,0.1322,-0.0734,-0.2374,-0.3092,-0.307,-0.2837,-0.3069,-0.3847,-0.4727,-0.5466,-0.5932,-0.6072,-0.5973,-0.5768,-0.5542,-0.533,-0.5142,-0.4981,-0.4846,-0.4736,-0.4649,-0.1315,-0.1638,-0.2509,-0.3968,-0.3557,-0.1448,-0.0247,-0.0031,-0.2371,-0.4262,-0.1451,0.0565,0.1793,0.3107,0.1326,-0.0311,-0.2103,-0.4222,-0.4912,-0.4318,-0.4006,-0.4152,-0.4694,-0.5532,-0.6463,-0.7035,-0.6968,-0.6552,-0.6103,-0.5724,-0.5419,-0.5172,-0.4973,-0.4816,-0.4695,-0.4605,-0.1456,-0.1673,-0.2062,-0.2385,-0.1933,-0.0741,0.0509,0.1051,0.1013,-0.0552,0.0198,0.2019,0.2747,0.3013,0.0685,-0.1425,-0.3314,-0.7299,-0.7564,-0.5301,-0.4752,-0.4879,-0.5422,-0.6492,-0.8066,-0.8966,-0.8299,-0.7232,-0.6423,-0.5864,-0.5458,-0.5149,-0.4911,-0.4732,-0.4606,-0.4521,-0.1497,-0.1571,-0.1647,-0.1582,-0.1189,-0.0458,0.0493,0.1599,0.1134,0.0085,0.0673,0.3562,0.4638,0.4225,-0.0273,-0.3805,-0.3769,-0.5424,-0.6195,-0.5351,-0.5217,-0.5426,-0.5941,-0.7167,-0.9501,-1.0894,-0.9355,-0.7632,-0.6559,-0.5881,-0.5401,-0.5036,-0.4761,-0.4567,-0.4446,-0.4382,-0.1524,-0.1513,-0.1467,-0.1326,-0.1035,-0.0603,-0.0113,0.02,-0.005,-0.0493,-0.0384,0.0663,0.1824,0.2939,-0.1094,-0.4305,-0.2082,-0.3663,-0.4821,-0.5374,-0.5779,-0.5975,-0.6236,-0.7096,-0.881,-0.9872,-0.8762,-0.7349,-0.6391,-0.5729,-0.5212,-0.4791,-0.4474,-0.4276,-0.4185,-0.417,-0.1575,-0.153,-0.1456,-0.1329,-0.1139,-0.0912,-0.0716,-0.068,-0.0907,-0.1411,-0.2336,-0.1204,-0.0753,-0.0363,-0.1745,-0.2758,-0.2471,-0.3911,-0.5201,-0.6013,-0.6646,-0.6583,-0.6437,-0.6723,-0.7335,-0.7689,-0.7308,-0.663,-0.6007,-0.5436,-0.4875,-0.4356,-0.3973,-0.3791,-0.3782,-0.3869,-0.1656,-0.1607,-0.154,-0.1451,-0.1343,-0.124,-0.1188,-0.1244,-0.1454,-0.1857,-0.2425,-0.2092,-0.3396,-0.4322,-0.3496,-0.3958,-0.4506,-0.5725,-0.6843,-0.6926,-0.6888,-0.6803,-0.6597,-0.6519,-0.6517,-0.6434,-0.6228,-0.5962,-0.5607,-0.5086,-0.4381,-0.3631,-0.312,-0.3015,-0.32,-0.3478,-0.1761,-0.1722,-0.1675,-0.1624,-0.1575,-0.1547,-0.1565,-0.1657,-0.1835,-0.2089,-0.2379,-0.2876,-0.4406,-0.5148,-0.593,-0.688,-0.6732,-0.8075,-0.951,-0.8476,-0.7641,-0.7164,-0.6813,-0.6469,-0.6076,-0.5633,-0.5433,-0.548,-0.5343,-0.4788,-0.3747,-0.2475,-0.1721,-0.1867,-0.2457,-0.3044,-0.1882,-0.1858,-0.1834,-0.1815,-0.1809,-0.1828,-0.1888,-0.2002,-0.218,-0.2429,-0.2786,-0.3384,-0.4372,-0.6016,-1.0443,-1.2335,-0.874,-0.8955,-1.0095,-1.0913,-0.9348,-0.796,-0.716,-0.6533,-0.5777,-0.4791,-0.4558,-0.519,-0.5322,-0.4695,-0.3152,-0.0989,0.0115,-0.058,-0.1771,-0.2705,-0.2012,-0.2003,-0.2001,-0.2009,-0.2034,-0.2085,-0.2174,-0.2311,-0.2508,-0.2786,-0.319,-0.3809,-0.4813,-0.6673,-1.0078,-1.1248,-0.9156,-0.9678,-1.3495,-1.5346,-1.0917,-0.8618,-0.7553,-0.6774,-0.5882,-0.4705,-0.4447,-0.5466,-0.5683,-0.5029,-0.3197,-0.0422,0.0914,-0.0121,-0.1591,-0.2649,-0.2144,-0.2151,-0.2167,-0.2196,-0.2245,-0.232,-0.2431,-0.2587,-0.2803,-0.3099,-0.3514,-0.4109,-0.4985,-0.6262,-0.7745,-0.8444,-0.8479,-0.9427,-1.1692,-1.2427,-1.0282,-0.8783,-0.8039,-0.7274,-0.6488,-0.6063,-0.6395,-0.6484,-0.6486,-0.5959,-0.4349,-0.2007,-0.0712,-0.117,-0.2155,-0.2958,-0.2275,-0.2295,-0.2327,-0.2373,-0.2439,-0.2532,-0.2658,-0.2828,-0.3053,-0.3351,-0.3746,-0.4272,-0.496,-0.5796,-0.6633,-0.725,-0.775,-0.8497,-0.94,-0.9663,-0.9191,-0.9066,-0.898,-0.8013,-0.7085,-0.6779,-0.6929,-0.7099,-0.7835,-0.7589,-0.6117,-0.4277,-0.3058,-0.2822,-0.3115,-0.3501,-0.2402,-0.2434,-0.2477,-0.2537,-0.2616,-0.2721,-0.2857,-0.3033,-0.3258,-0.3543,-0.3904,-0.4353,-0.4891,-0.5493,-0.6092,-0.6631,-0.7143,-0.7687,-0.8189,-0.8485,-0.8749,-0.9496,-0.9765,-0.8524,-0.7468,-0.7111,-0.7267,-0.8331,-1.027,-0.9623,-0.7674,-0.5918,-0.473,-0.4162,-0.4021,-0.4076,-0.2523,-0.2564,-0.2617,-0.2686,-0.2775,-0.2887,-0.3028,-0.3204,-0.3422,-0.3688,-0.401,-0.4392,-0.4827,-0.5297,-0.5772,-0.6232,-0.6676,-0.7108,-0.7505,-0.7861,-0.8294,-0.8876,-0.8982,-0.825,-0.7553,-0.7346,-0.7718,-0.9003,-1.0596,-0.9972,-0.8222,-0.6709,-0.5651,-0.5012,-0.4688,-0.4555]}]