docs/data/wind_grid.json
[{"header":{"la1":42.85,"la2":41.18,"lo1":11.55,"lo2":14.05,"nx":36,"ny":24,"dx":0.07143,"dy":0.07261,"parameterCategory":2,"parameterNumber":2,"parameterNumberName":"eastward_wind","parameterUnit":"m.s-1"},"data":[-0.5384,-0.5499,-0.5625,-0.576,-0.5895,-0.602,-0.6118,-0.6172,-0.6174,-0.6129,-0.6058,-0.5989,-0.595,-0.5957,-0.6013,-0.6113,-0.6238,-0.6362,-0.6457,-0.65,-0.6483,-0.6412,-0.6305,-0.6177,-0.6042,-0.5909,-0.5784,-0.5669,-0.5565,-0.5472,-0.5388,-0.5314,-0.5248,-0.5188,-0.5135,-0.5087,-0.5421,-0.5558,-0.5715,-0.589,-0.6076,-0.6259,-0.6409,-0.6494,-0.6487,-0.6393,-0.6253,-0.6118,-0.6035,-0.6029,-0.6106,-0.6255,-0.645,-0.6647,-0.6796,-0.6857,-0.682,-0.6703,-0.6539,-0.6357,-0.6176,-0.6007,-0.5854,-0.5719,-0.5599,-0.5495,-0.5403,-0.5323,-0.5252,-0.5189,-0.5133,-0.5083,-0.545,-0.561,-0.5801,-0.6029,-0.629,-0.6567,-0.6818,-0.697,-0.6959,-0.678,-0.6512,-0.6261,-0.6104,-0.6076,-0.6183,-0.6409,-0.6718,-0.704,-0.7281,-0.7364,-0.7278,-0.7073,-0.6816,-0.6555,-0.6314,-0.6101,-0.5917,-0.576,-0.5625,-0.551,-0.5411,-0.5325,-0.525,-0.5185,-0.5127,-0.5076,-0.5463,-0.5644,-0.5872,-0.616,-0.6521,-0.695,-0.7393,-0.7707,-0.7714,-0.7371,-0.6859,-0.6405,-0.6134,-0.6075,-0.6224,-0.6565,-0.7056,-0.7596,-0.8003,-0.8107,-0.7904,-0.7533,-0.7128,-0.6758,-0.6444,-0.6182,-0.5967,-0.5788,-0.564,-0.5515,-0.541,-0.532,-0.5243,-0.5176,-0.5117,-0.5065,-0.5455,-0.5651,-0.5908,-0.6255,-0.673,-0.7374,-0.8165,-0.8863,-0.8969,-0.8282,-0.7292,-0.6509,-0.6083,-0.5991,-0.6196,-0.6687,-0.7451,-0.8372,-0.9094,-0.9198,-0.8726,-0.8056,-0.7438,-0.6938,-0.6546,-0.6238,-0.5994,-0.5798,-0.5639,-0.5508,-0.54,-0.5307,-0.5229,-0.5161,-0.5101,-0.5049,-0.5421,-0.5621,-0.589,-0.6269,-0.6832,-0.7703,-0.9007,-1.0514,-1.0961,-0.9528,-0.7679,-0.6463,-0.5888,-0.5781,-0.6053,-0.6704,-0.7793,-0.9287,-1.0572,-1.0612,-0.9618,-0.8521,-0.767,-0.7051,-0.6596,-0.6255,-0.5992,-0.5786,-0.5622,-0.5489,-0.5379,-0.5287,-0.5208,-0.514,-0.5081,-0.503,-0.536,-0.555,-0.5805,-0.6167,-0.6726,-0.7667,-0.9322,-1.1785,-1.2835,-1.0292,-0.7556,-0.6089,-0.5486,-0.5414,-0.5752,-0.6513,-0.7815,-0.976,-1.1622,-1.1564,-1.0073,-0.8691,-0.7724,-0.7056,-0.6577,-0.6223,-0.5955,-0.5748,-0.5586,-0.5455,-0.5348,-0.5258,-0.5181,-0.5114,-0.5056,-0.5006,-0.5278,-0.5447,-0.5664,-0.5958,-0.639,-0.7094,-0.8337,-1.0243,-1.0959,-0.8662,-0.6425,-0.5298,-0.4865,-0.4881,-0.5285,-0.6091,-0.7348,-0.9063,-1.0643,-1.0698,-0.9563,-0.8425,-0.757,-0.6946,-0.6485,-0.6142,-0.5883,-0.5686,-0.5532,-0.5409,-0.5308,-0.5222,-0.5148,-0.5083,-0.5027,-0.4977,-0.5183,-0.5328,-0.5501,-0.571,-0.5963,-0.6273,-0.6642,-0.6923,-0.6548,-0.5492,-0.4699,-0.4278,-0.4097,-0.4198,-0.4673,-0.5557,-0.6758,-0.8037,-0.8983,-0.9164,-0.8676,-0.7968,-0.7301,-0.6754,-0.6332,-0.6015,-0.5779,-0.5602,-0.5465,-0.5355,-0.5262,-0.5182,-0.5111,-0.5048,-0.4992,-0.4943,-0.5085,-0.5211,-0.5355,-0.5511,-0.5654,-0.572,-0.5549,-0.4816,-0.3368,-0.2616,-0.3111,-0.334,-0.3274,-0.3345,-0.3898,-0.5048,-0.6578,-0.7987,-0.8758,-0.8784,-0.832,-0.7669,-0.7039,-0.6522,-0.6132,-0.585,-0.565,-0.5503,-0.5391,-0.5297,-0.5215,-0.5139,-0.507,-0.5007,-0.4951,-0.4903,-0.4987,-0.5105,-0.5244,-0.5403,-0.557,-0.5692,-0.5584,-0.4576,-0.1305,0.0195,-0.2129,-0.2707,-0.2433,-0.2198,-0.2815,-0.4579,-0.7147,-0.9609,-1.0532,-0.983,-0.8636,-0.7579,-0.6789,-0.6242,-0.5882,-0.5652,-0.5503,-0.54,-0.5319,-0.5244,-0.517,-0.5097,-0.5026,-0.4961,-0.4904,-0.4856,-0.4887,-0.5004,-0.5155,-0.5356,-0.5639,-0.6054,-0.663,-0.6824,-0.3945,-0.1596,-0.2485,-0.2446,-0.1685,-0.0629,-0.131,-0.4189,-0.8775,-1.4283,-1.529,-1.2056,-0.9193,-0.7428,-0.6415,-0.5858,-0.5568,-0.5425,-0.5355,-0.5311,-0.5265,-0.5207,-0.5136,-0.5057,-0.4977,-0.4905,-0.4844,-0.4796,-0.478,-0.4893,-0.5051,-0.5287,-0.5663,-0.6311,-0.744,-0.8832,-0.7389,-0.4351,-0.3028,-0.2504,-0.1765,-0.0018,-0.0591,-0.4456,-1.07,-2.1791,-2.1938,-1.3676,-0.8994,-0.6738,-0.5711,-0.53,-0.5183,-0.5192,-0.5235,-0.5263,-0.5253,-0.5201,-0.5117,-0.5017,-0.4918,-0.4832,-0.4766,-0.472,-0.4659,-0.4759,-0.4904,-0.5125,-0.548,-0.6065,-0.6966,-0.7904,-0.6973,-0.4354,-0.2881,-0.268,-0.257,-0.1119,-0.2305,-0.6079,-1.0891,-1.6762,-1.7229,-1.1131,-0.6958,-0.5074,-0.4529,-0.4553,-0.4765,-0.5005,-0.5197,-0.5303,-0.5313,-0.5242,-0.5116,-0.4969,-0.4832,-0.4725,-0.4655,-0.4617,-0.4524,-0.4599,-0.4706,-0.4865,-0.5099,-0.5425,-0.5782,-0.5822,-0.4845,-0.3134,-0.2037,-0.2001,-0.178,-0.1044,-0.3164,-0.9588,-1.5458,-1.1503,-0.9431,-0.6151,-0.3119,-0.2319,-0.294,-0.3741,-0.4432,-0.4973,-0.5334,-0.5498,-0.5487,-0.5343,-0.5124,-0.4888,-0.4689,-0.4557,-0.4492,-0.4476,-0.4379,-0.4421,-0.4478,-0.4554,-0.4644,-0.4716,-0.4669,-0.4287,-0.3329,-0.1806,0.0007,-0.1614,-0.1777,-0.1886,-0.3456,-0.838,-1.26,-0.8316,-0.4952,-0.1986,0.1416,0.0837,-0.1481,-0.317,-0.4388,-0.5265,-0.5781,-0.5939,-0.5817,-0.551,-0.511,-0.4718,-0.4429,-0.4282,-0.4251,-0.4286,-0.4231,-0.4239,-0.4247,-0.4248,-0.4225,-0.4138,-0.3912,-0.3443,-0.2641,-0.148,-0.02,-0.1041,-0.137,-0.1343,-0.2375,-0.3981,-0.4817,-0.2815,-0.0663,0.0096,0.2114,0.1362,-0.1141,-0.3192,-0.486,-0.6105,-0.6722,-0.6727,-0.6338,-0.5727,-0.5015,-0.4366,-0.396,-0.3842,-0.3911,-0.4048,-0.4089,-0.4068,-0.4035,-0.3982,-0.389,-0.373,-0.346,-0.3041,-0.2466,-0.1816,-0.1361,-0.1344,-0.1197,-0.1036,-0.0513,-0.0284,-0.0705,0.1641,0.4246,0.1706,0.0663,-0.0148,-0.178,-0.3793,-0.593,-0.7698,-0.8318,-0.7886,-0.703,-0.5966,-0.4774,-0.3726,-0.32,-0.3223,-0.3497,-0.379,-0.396,-0.3915,-0.3854,-0.3768,-0.3642,-0.346,-0.3202,-0.286,-0.2453,-0.2043,-0.1719,-0.1476,-0.1125,-0.0216,0.2792,0.4019,0.1324,0.2138,0.3542,0.2439,0.0879,-0.0675,-0.2366,-0.4513,-0.7194,-0.9703,-1.0212,-0.9098,-0.7767,-0.623,-0.4455,-0.2898,-0.2301,-0.259,-0.3131,-0.3589,-0.3847,-0.3786,-0.3707,-0.3604,-0.3466,-0.3286,-0.3055,-0.2776,-0.2464,-0.2148,-0.1843,-0.1506,-0.0972,0.0193,0.2512,0.3247,0.1516,0.1596,0.3125,0.3741,0.1304,-0.0813,-0.2633,-0.4826,-0.7645,-1.0192,-1.0655,-0.979,-0.8438,-0.6607,-0.4449,-0.2581,-0.1953,-0.2375,-0.3024,-0.3537,-0.3751,-0.368,-0.3592,-0.3482,-0.3344,-0.3175,-0.2971,-0.2736,-0.2479,-0.2206,-0.1914,-0.1562,-0.1053,-0.026,0.0696,0.1038,0.0767,0.1026,0.2002,0.2174,0.052,-0.1158,-0.2534,-0.4495,-0.7276,-0.9891,-1.1563,-1.0987,-0.9164,-0.7118,-0.5018,-0.3312,-0.2626,-0.2814,-0.3268,-0.3669,-0.3672,-0.3596,-0.3504,-0.3394,-0.3262,-0.3106,-0.2926,-0.2723,-0.2501,-0.2261,-0.1994,-0.168,-0.1283,-0.0799,-0.0336,-0.0085,0.0001,0.0192,0.0447,0.0235,-0.064,-0.134,-0.1778,-0.3534,-0.6613,-1.0124,-1.2749,-1.1744,-0.9475,-0.746,-0.5711,-0.4371,-0.3677,-0.3558,-0.3713,-0.3922,-0.3609,-0.3531,-0.344,-0.3333,-0.3209,-0.3067,-0.2906,-0.2729,-0.2535,-0.2325,-0.2094,-0.1834,-0.1539,-0.1228,-0.0949,-0.076,-0.0647,-0.0568,-0.0579,-0.0829,-0.1232,-0.1206,-0.1103,-0.2738,-0.5623,-0.8609,-1.0474,-1.0207,-0.8819,-0.7354,-0.6075,-0.5086,-0.4469,-0.4199,-0.4149,-0.4195,-0.356,-0.3483,-0.3394,-0.3293,-0.3178,-0.3049,-0.2906,-0.275,-0.2581,-0.24,-0.2206,-0.1997,-0.1779,-0.1564,-0.1379,-0.1245,-0.117,-0.1157,-0.1233,-0.1419,-0.1606,-0.1591,-0.1751,-0.2941,-0.4917,-0.6891,-0.8145,-0.8327,-0.7754,-0.6916,-0.6088,-0.5397,-0.4903,-0.461,-0.4468,-0.4419]},{"header":{"la1":42.85,"la2":41.18,"lo1":11.55,"lo2":14.05,"nx":36,"ny":24,"dx":0.07143,"dy":0.07261,"parameterCategory":2,"parameterNumber":3,"parameterNumberName":"northward_wind","parameterUnit":"m.s-1"},"data":[-0.8243,-0.8179,-0.8096,-0.7994,-0.7877,-0.7753,-0.7629,-0.7518,-0.7423,-0.7338,-0.7248,-0.7134,-0.6981,-0.6781,-0.6539,-0.6265,-0.5981,-0.5717,-0.5504,-0.5362,-0.5298,-0.53,-0.5351,-0.5429,-0.5522,-0.5619,-0.5717,-0.5813,-0.5908,-0.6,-0.609,-0.6178,-0.6263,-0.6345,-0.6424,-0.6498,-0.8333,-0.8262,-0.8165,-0.804,-0.7891,-0.7727,-0.7566,-0.7433,-0.7339,-0.7279,-0.7223,-0.7133,-0.6983,-0.6758,-0.6462,-0.611,-0.5733,-0.5378,-0.5099,-0.4936,-0.4895,-0.4949,-0.506,-0.5194,-0.5333,-0.5468,-0.5594,-0.5714,-0.5827,-0.5936,-0.604,-0.6141,-0.6239,-0.6331,-0.642,-0.6502,-0.8438,-0.8361,-0.8249,-0.8093,-0.7894,-0.7663,-0.743,-0.7247,-0.7156,-0.7151,-0.717,-0.7138,-0.7006,-0.6758,-0.6394,-0.5931,-0.5409,-0.4904,-0.4519,-0.4335,-0.4353,-0.4508,-0.472,-0.4937,-0.5137,-0.5315,-0.5473,-0.5617,-0.575,-0.5876,-0.5996,-0.6111,-0.6221,-0.6326,-0.6424,-0.6516,-0.8564,-0.8486,-0.8359,-0.8167,-0.7898,-0.7554,-0.7176,-0.6873,-0.6773,-0.6888,-0.707,-0.7156,-0.707,-0.6799,-0.6352,-0.5738,-0.4994,-0.4231,-0.3657,-0.3459,-0.3621,-0.3969,-0.4343,-0.4672,-0.4944,-0.5168,-0.5359,-0.5526,-0.5679,-0.5823,-0.5959,-0.609,-0.6214,-0.6331,-0.6441,-0.6543,-0.8716,-0.8645,-0.8513,-0.8289,-0.7936,-0.742,-0.6763,-0.6163,-0.6001,-0.6389,-0.6918,-0.7216,-0.7202,-0.6911,-0.6371,-0.5572,-0.4505,-0.3292,-0.2356,-0.2176,-0.2669,-0.3363,-0.3969,-0.443,-0.4774,-0.504,-0.5257,-0.5445,-0.5617,-0.5778,-0.5932,-0.6079,-0.6219,-0.6351,-0.6473,-0.6585,-0.8897,-0.8848,-0.8731,-0.8499,-0.8082,-0.7371,-0.627,-0.4998,-0.4592,-0.5608,-0.6801,-0.7391,-0.7442,-0.7125,-0.65,-0.5525,-0.4083,-0.2188,-0.058,-0.0506,-0.164,-0.2832,-0.3687,-0.4256,-0.4647,-0.4937,-0.5171,-0.5376,-0.5564,-0.5744,-0.5917,-0.6083,-0.6241,-0.6389,-0.6525,-0.6647,-0.9106,-0.9099,-0.9028,-0.8841,-0.8444,-0.7658,-0.6196,-0.4033,-0.3129,-0.5142,-0.7064,-0.7808,-0.7829,-0.7456,-0.6778,-0.5723,-0.4075,-0.1637,0.0696,0.063,-0.1133,-0.2651,-0.3601,-0.4185,-0.4574,-0.4862,-0.5101,-0.5316,-0.5521,-0.5721,-0.5916,-0.6104,-0.6284,-0.645,-0.6601,-0.6734,-0.9337,-0.9391,-0.9402,-0.9326,-0.9082,-0.8511,-0.7349,-0.5526,-0.4805,-0.665,-0.8154,-0.8544,-0.8355,-0.7888,-0.7194,-0.6195,-0.472,-0.2617,-0.0587,-0.0486,-0.1811,-0.2989,-0.3738,-0.4211,-0.4541,-0.4804,-0.5038,-0.5263,-0.5486,-0.571,-0.5932,-0.6148,-0.6353,-0.6542,-0.671,-0.6854,-0.9574,-0.9703,-0.9822,-0.9908,-0.9921,-0.9792,-0.9455,-0.9048,-0.917,-0.9776,-0.9863,-0.9458,-0.893,-0.8366,-0.7683,-0.6785,-0.5633,-0.4278,-0.3093,-0.2729,-0.3088,-0.358,-0.397,-0.4265,-0.4511,-0.474,-0.497,-0.5208,-0.5456,-0.5713,-0.5971,-0.6223,-0.646,-0.6674,-0.6861,-0.7017,-0.9796,-1.0003,-1.0238,-1.0502,-1.0792,-1.11,-1.1439,-1.1954,-1.2868,-1.3055,-1.1635,-1.0258,-0.9423,-0.8853,-0.8199,-0.7306,-0.628,-0.5313,-0.4555,-0.411,-0.3968,-0.4001,-0.4109,-0.4256,-0.4434,-0.4643,-0.488,-0.5144,-0.543,-0.5732,-0.6039,-0.6338,-0.6616,-0.6863,-0.707,-0.7235,-0.9982,-1.0256,-1.0594,-1.1015,-1.1545,-1.2197,-1.2927,-1.3696,-1.5361,-1.6239,-1.2839,-1.0616,-0.975,-0.9431,-0.8824,-0.7691,-0.6478,-0.5589,-0.5016,-0.4574,-0.4249,-0.4073,-0.4035,-0.4109,-0.4267,-0.4487,-0.4755,-0.5063,-0.5406,-0.5773,-0.6148,-0.6512,-0.6844,-0.7129,-0.7357,-0.7526,-1.0111,-1.0433,-1.084,-1.1371,-1.2075,-1.3002,-1.4108,-1.4894,-1.4973,-1.4894,-1.226,-1.0399,-0.9934,-1.0383,-0.9706,-0.7837,-0.6149,-0.5402,-0.5088,-0.4565,-0.4076,-0.3778,-0.3694,-0.3781,-0.3983,-0.4256,-0.4584,-0.4962,-0.5386,-0.5845,-0.6317,-0.6771,-0.7175,-0.7506,-0.7752,-0.7914,-1.0173,-1.0512,-1.0945,-1.1514,-1.2283,-1.3338,-1.4728,-1.5993,-1.5107,-1.3062,-1.1113,-0.9968,-0.9717,-1.0656,-0.9947,-0.7081,-0.5013,-0.543,-0.5405,-0.4267,-0.3461,-0.3052,-0.3024,-0.3243,-0.3572,-0.3947,-0.4362,-0.4833,-0.537,-0.5962,-0.6574,-0.7157,-0.7659,-0.8043,-0.8296,-0.843,-1.0163,-1.0491,-1.0903,-1.1432,-1.2125,-1.3038,-1.4166,-1.5153,-1.4393,-1.2046,-1.0375,-0.9796,-0.9597,-0.814,-0.7724,-0.4041,-0.1018,-0.3388,-0.4191,-0.3154,-0.2074,-0.1626,-0.1912,-0.2486,-0.3053,-0.3564,-0.4077,-0.4663,-0.5354,-0.614,-0.6964,-0.7739,-0.8375,-0.8814,-0.9048,-0.9112,-1.0088,-1.0382,-1.0736,-1.1167,-1.1688,-1.2289,-1.287,-1.3072,-1.2273,-1.081,-0.9829,-0.9427,-0.8494,-0.6979,-0.6171,0.2239,1.0983,0.1849,-0.172,-0.1118,0.0871,0.1099,-0.0284,-0.1605,-0.2492,-0.3113,-0.3695,-0.4407,-0.5316,-0.6398,-0.7555,-0.8628,-0.9452,-0.9932,-1.0084,-1.0001,-0.9965,-1.0209,-1.049,-1.0804,-1.114,-1.1452,-1.1627,-1.1467,-1.0825,-0.994,-0.9313,-0.9843,-0.9374,-0.812,-0.5992,0.1039,0.7209,0.1232,-0.146,0.084,0.6298,0.5234,0.1329,-0.093,-0.1993,-0.2544,-0.3096,-0.3959,-0.5203,-0.6755,-0.8452,-1.0006,-1.1092,-1.1552,-1.1488,-1.1122,-0.9809,-1.0002,-1.0209,-1.042,-1.0613,-1.0744,-1.0742,-1.0532,-1.0116,-0.9641,-0.9332,-0.9637,-1.0776,-1.1075,-0.763,-0.43,-0.2314,-0.3394,-0.4,-0.0349,0.6853,0.5511,0.1237,-0.0885,-0.1551,-0.162,-0.1977,-0.3115,-0.4932,-0.7226,-0.9794,-1.2138,-1.3569,-1.3833,-1.3293,-1.2442,-0.9636,-0.9782,-0.9927,-1.006,-1.0161,-1.0201,-1.0146,-0.998,-0.9738,-0.9517,-0.9449,-0.974,-1.104,-1.1169,-0.8683,-0.7241,-0.5998,-0.6756,-0.8335,-0.4604,-0.0414,0.0528,-0.064,-0.1346,-0.0912,0.0219,0.0249,-0.1667,-0.449,-0.7806,-1.1647,-1.5227,-1.7041,-1.6735,-1.5341,-1.3796,-0.9459,-0.9565,-0.9663,-0.9741,-0.9788,-0.9785,-0.9722,-0.96,-0.9449,-0.9323,-0.9284,-0.9396,-0.9617,-0.939,-0.9278,-0.9419,-0.7456,-0.7107,-0.7559,-0.5809,-0.3992,-0.2729,-0.2359,-0.1883,-0.0131,0.3232,0.3875,-0.0133,-0.4248,-0.8415,-1.3578,-1.8654,-2.0736,-1.9486,-1.7064,-1.4839,-0.9286,-0.936,-0.9422,-0.9464,-0.9479,-0.9456,-0.9394,-0.9297,-0.9184,-0.9079,-0.9006,-0.8964,-0.8901,-0.8796,-0.9044,-0.904,-0.76,-0.6632,-0.6102,-0.5945,-0.5068,-0.4064,-0.3427,-0.2641,-0.0718,0.3353,0.4218,-0.1402,-0.5053,-0.8842,-1.4268,-1.9931,-2.2078,-2.0409,-1.7613,-1.517,-0.912,-0.9169,-0.9206,-0.9224,-0.9218,-0.9184,-0.9122,-0.9035,-0.8933,-0.8827,-0.8721,-0.8609,-0.8479,-0.8349,-0.8256,-0.7942,-0.7192,-0.6451,-0.5993,-0.5734,-0.5144,-0.4489,-0.4071,-0.3668,-0.3153,-0.3532,-0.6867,-0.6934,-0.6821,-0.8959,-1.3101,-1.762,-1.9657,-1.8742,-1.6665,-1.4658,-0.8965,-0.8995,-0.9012,-0.9013,-0.8994,-0.8952,-0.8888,-0.8804,-0.8703,-0.859,-0.8465,-0.8323,-0.816,-0.7975,-0.7746,-0.7393,-0.6887,-0.6353,-0.5908,-0.5498,-0.495,-0.4405,-0.4233,-0.4343,-0.4924,-0.7222,-1.0554,-0.934,-0.7957,-0.8854,-1.1381,-1.4266,-1.5935,-1.5894,-1.4854,-1.3574,-0.8821,-0.8836,-0.8839,-0.8827,-0.8798,-0.875,-0.8684,-0.8599,-0.8497,-0.8379,-0.8244,-0.8089,-0.7909,-0.7697,-0.7439,-0.7109,-0.6709,-0.6279,-0.5853,-0.5393,-0.4815,-0.4209,-0.408,-0.4513,-0.5376,-0.695,-0.8442,-0.8392,-0.8018,-0.8593,-1.0066,-1.179,-1.2999,-1.3338,-1.2994,-1.2326,-0.8688,-0.8692,-0.8684,-0.8662,-0.8626,-0.8574,-0.8504,-0.8418,-0.8315,-0.8195,-0.8057,-0.7897,-0.7713,-0.7498,-0.7245,-0.6948,-0.6609,-0.6242,-0.5855,-0.543,-0.4946,-0.4502,-0.4408,-0.4774,-0.5456,-0.6361,-0.7151,-0.7499,-0.7712,-0.8248,-0.9177,-1.0238,-1.1078,-1.1485,-1.1474,-1.119]}]