docs/data/wind_grid.json
[{"header":{"la1":42.85,"la2":41.18,"lo1":11.55,"lo2":14.05,"nx":36,"ny":24,"dx":0.07143,"dy":0.07261,"parameterCategory":2,"parameterNumber":2,"parameterNumberName":"eastward_wind","parameterUnit":"m.s-1"},"data":[-0.6075,-0.6109,-0.6121,-0.611,-0.6078,-0.6025,-0.5951,-0.5854,-0.5732,-0.5589,-0.5437,-0.5293,-0.5171,-0.5079,-0.5013,-0.4961,-0.4904,-0.4814,-0.4668,-0.4463,-0.4225,-0.4013,-0.3887,-0.3864,-0.3922,-0.4016,-0.4113,-0.4196,-0.4257,-0.4298,-0.4323,-0.4336,-0.434,-0.4337,-0.433,-0.4321,-0.6286,-0.6339,-0.6363,-0.6357,-0.6325,-0.6272,-0.6198,-0.6094,-0.5948,-0.5761,-0.5555,-0.5361,-0.5205,-0.51,-0.5043,-0.5016,-0.4986,-0.4904,-0.4717,-0.4398,-0.3992,-0.3629,-0.3448,-0.348,-0.3645,-0.3843,-0.4016,-0.4145,-0.4233,-0.4288,-0.4319,-0.4333,-0.4337,-0.4333,-0.4325,-0.4314,-0.6542,-0.6625,-0.6666,-0.6665,-0.6631,-0.6582,-0.6523,-0.643,-0.6261,-0.6007,-0.5709,-0.5432,-0.5224,-0.5102,-0.5064,-0.5086,-0.512,-0.5085,-0.4863,-0.4355,-0.3601,-0.2902,-0.2642,-0.2853,-0.3261,-0.3643,-0.3925,-0.4111,-0.4225,-0.429,-0.4323,-0.4336,-0.4336,-0.433,-0.4319,-0.4306,-0.6857,-0.6989,-0.706,-0.7059,-0.701,-0.6964,-0.6954,-0.6927,-0.6757,-0.6386,-0.5917,-0.5498,-0.5208,-0.5063,-0.5056,-0.5162,-0.5329,-0.5435,-0.5251,-0.4464,-0.2967,-0.1448,-0.1123,-0.1888,-0.2805,-0.347,-0.3879,-0.4113,-0.4242,-0.4307,-0.4335,-0.4343,-0.4338,-0.4327,-0.4312,-0.4297,-0.7247,-0.747,-0.7597,-0.759,-0.7484,-0.7412,-0.7508,-0.7706,-0.7618,-0.7,-0.6185,-0.5529,-0.5124,-0.495,-0.4984,-0.5212,-0.5607,-0.6053,-0.6168,-0.516,-0.2262,0.1284,0.1403,-0.0782,-0.2491,-0.3441,-0.3929,-0.4173,-0.4291,-0.4341,-0.4357,-0.4353,-0.4341,-0.4323,-0.4304,-0.4285,-0.7722,-0.8118,-0.8384,-0.8375,-0.8105,-0.7878,-0.8112,-0.8898,-0.9155,-0.7921,-0.6434,-0.5454,-0.4925,-0.4719,-0.4789,-0.5152,-0.5858,-0.692,-0.7941,-0.7219,-0.304,0.3046,0.2756,-0.0715,-0.2755,-0.3695,-0.4116,-0.4298,-0.437,-0.4389,-0.4382,-0.4364,-0.4341,-0.4316,-0.4292,-0.4269,-0.8256,-0.8972,-0.9599,-0.9688,-0.903,-0.8295,-0.8412,-0.9928,-1.0849,-0.855,-0.6338,-0.5153,-0.4564,-0.4323,-0.4389,-0.4843,-0.5817,-0.7468,-0.9563,-0.936,-0.6319,-0.2385,-0.1398,-0.2781,-0.3779,-0.4235,-0.4413,-0.4464,-0.4462,-0.4437,-0.4404,-0.437,-0.4335,-0.4303,-0.4274,-0.4248,-0.8727,-0.9918,-1.138,-1.2003,-1.0495,-0.8639,-0.7994,-0.8761,-0.9207,-0.7312,-0.5544,-0.4576,-0.4038,-0.3732,-0.3675,-0.4106,-0.5231,-0.695,-0.8672,-0.9321,-1.0314,-0.9296,-0.6705,-0.5453,-0.503,-0.4842,-0.4716,-0.4618,-0.4538,-0.4471,-0.4414,-0.4364,-0.4321,-0.4282,-0.4249,-0.422,-0.8894,-1.0405,-1.2878,-1.4802,-1.1794,-0.8675,-0.7185,-0.6585,-0.6,-0.5081,-0.436,-0.3862,-0.3434,-0.2969,-0.2453,-0.2627,-0.4149,-0.6108,-0.7988,-1.0657,-1.577,-1.4565,-0.9707,-0.7072,-0.585,-0.524,-0.4903,-0.4699,-0.4566,-0.4473,-0.4401,-0.4343,-0.4293,-0.425,-0.4214,-0.4184,-0.859,-0.978,-1.1457,-1.2435,-1.0152,-0.798,-0.64,-0.5116,-0.3705,-0.2989,-0.3236,-0.3219,-0.2893,-0.2259,-0.0588,0.0283,-0.2984,-0.5768,-0.7796,-1.0233,-1.3711,-1.3067,-0.9613,-0.7282,-0.5997,-0.5288,-0.4893,-0.4667,-0.4529,-0.4435,-0.4363,-0.4303,-0.425,-0.4205,-0.4167,-0.4136,-0.7983,-0.8608,-0.8923,-0.8316,-0.8105,-0.72,-0.5926,-0.4595,-0.1903,-0.062,-0.2467,-0.2777,-0.2474,-0.1998,-0.0675,0.0366,-0.3548,-0.6827,-0.8543,-0.9222,-0.9811,-0.9433,-0.7993,-0.6581,-0.5588,-0.4988,-0.4671,-0.4514,-0.4425,-0.436,-0.4301,-0.4244,-0.4191,-0.4144,-0.4105,-0.4076,-0.7343,-0.7688,-0.7874,-0.7894,-0.7657,-0.6668,-0.5966,-0.5664,-0.3646,-0.199,-0.2629,-0.2532,-0.2076,-0.1512,-0.1853,-0.3027,-0.6015,-1.094,-1.2366,-1.0052,-0.8473,-0.7509,-0.6561,-0.5621,-0.4849,-0.4398,-0.4265,-0.4268,-0.4278,-0.4262,-0.4222,-0.4169,-0.4113,-0.4064,-0.4024,-0.3998,-0.6759,-0.6965,-0.7098,-0.7091,-0.6746,-0.6184,-0.6164,-0.6875,-0.5893,-0.3874,-0.2897,-0.2319,-0.1899,-0.1211,-0.1788,-0.3887,-0.7519,-1.9483,-2.0039,-1.1343,-0.7839,-0.6334,-0.5461,-0.4713,-0.397,-0.3587,-0.3747,-0.3999,-0.4134,-0.4167,-0.4138,-0.4079,-0.4014,-0.3957,-0.3918,-0.3897,-0.6238,-0.6331,-0.6353,-0.6248,-0.5989,-0.5744,-0.5845,-0.6271,-0.5629,-0.3906,-0.2777,-0.211,-0.1863,-0.1152,-0.2662,-0.4126,-0.5985,-1.2772,-1.4466,-0.9311,-0.6266,-0.4936,-0.4429,-0.4025,-0.3347,-0.2937,-0.3383,-0.3844,-0.4057,-0.4103,-0.4057,-0.397,-0.3879,-0.3811,-0.3774,-0.3766,-0.5784,-0.5798,-0.5749,-0.5618,-0.5422,-0.5244,-0.5162,-0.5023,-0.4359,-0.3289,-0.2508,-0.2083,-0.1498,-0.018,-0.2861,-0.4311,-0.745,-0.7168,-0.7393,-0.5543,-0.3326,-0.2748,-0.3246,-0.3571,-0.3416,-0.321,-0.3543,-0.3928,-0.4095,-0.4087,-0.3973,-0.3819,-0.368,-0.3595,-0.3571,-0.3591,-0.5401,-0.5365,-0.5278,-0.5138,-0.4953,-0.4747,-0.4512,-0.415,-0.353,-0.2733,-0.2115,-0.1989,-0.1774,-0.1578,-0.2734,-0.4669,-0.653,-0.5472,-0.4558,-0.2525,0.105,0.0333,-0.2026,-0.3201,-0.3651,-0.3829,-0.4056,-0.4245,-0.4261,-0.4114,-0.386,-0.3576,-0.3357,-0.3261,-0.3279,-0.3362,-0.5082,-0.5014,-0.4907,-0.4757,-0.4566,-0.4334,-0.4043,-0.3652,-0.3132,-0.2545,-0.2106,-0.1912,-0.114,-0.0813,-0.1899,-0.2897,-0.3664,-0.3531,-0.2936,-0.157,0.1757,0.086,-0.1694,-0.3122,-0.3964,-0.4514,-0.4799,-0.4787,-0.4555,-0.417,-0.3667,-0.3145,-0.2797,-0.2732,-0.2869,-0.3076,-0.4817,-0.4731,-0.4612,-0.4456,-0.4262,-0.4024,-0.3734,-0.3379,-0.2964,-0.2536,-0.2162,-0.1733,-0.0863,-0.0496,-0.0159,-0.0118,-0.1572,-0.2215,-0.2045,-0.194,-0.1142,-0.1219,-0.2262,-0.342,-0.4601,-0.5689,-0.6059,-0.5618,-0.4963,-0.4236,-0.3343,-0.2392,-0.1849,-0.1944,-0.2352,-0.2764,-0.4599,-0.4502,-0.4377,-0.422,-0.403,-0.3802,-0.3534,-0.3224,-0.2881,-0.2524,-0.2153,-0.1703,-0.1068,0.0062,0.3752,0.5362,0.037,-0.1694,-0.2002,-0.2031,-0.1961,-0.2079,-0.2662,-0.3732,-0.5387,-0.7485,-0.796,-0.6539,-0.5368,-0.4329,-0.2976,-0.1368,-0.0582,-0.1056,-0.1873,-0.2518,-0.4419,-0.4317,-0.4191,-0.4038,-0.3857,-0.3645,-0.3403,-0.3132,-0.2836,-0.2517,-0.2161,-0.1715,-0.1039,0.0328,0.3221,0.4064,0.0592,-0.1385,-0.1956,-0.2011,-0.1976,-0.2025,-0.2471,-0.3585,-0.5446,-0.7821,-0.8331,-0.6649,-0.558,-0.455,-0.2997,-0.0966,-0.0027,-0.0737,-0.1741,-0.2466,-0.4272,-0.4169,-0.4045,-0.3899,-0.3729,-0.3536,-0.3319,-0.3079,-0.2818,-0.2531,-0.2205,-0.1798,-0.1227,-0.0366,0.0645,0.074,-0.038,-0.1391,-0.1832,-0.1877,-0.16,-0.1155,-0.1325,-0.2655,-0.4569,-0.6047,-0.6254,-0.6092,-0.573,-0.504,-0.3748,-0.2054,-0.1143,-0.1447,-0.2113,-0.2661,-0.4152,-0.405,-0.3931,-0.3793,-0.3637,-0.3461,-0.3267,-0.3055,-0.2824,-0.2572,-0.2288,-0.1954,-0.1548,-0.1083,-0.0709,-0.0706,-0.1087,-0.1495,-0.1663,-0.1474,-0.0614,0.1101,0.1494,-0.0888,-0.3555,-0.5333,-0.6006,-0.6027,-0.6252,-0.5942,-0.487,-0.3573,-0.2722,-0.2551,-0.2746,-0.301,-0.4055,-0.3956,-0.3843,-0.3715,-0.3571,-0.3413,-0.324,-0.3052,-0.285,-0.2633,-0.2396,-0.2136,-0.1858,-0.1593,-0.1412,-0.1392,-0.1509,-0.1625,-0.1569,-0.1117,0.0239,0.2922,0.3731,0.0452,-0.2727,-0.4687,-0.5652,-0.6422,-0.7615,-0.7171,-0.5839,-0.4629,-0.3812,-0.3424,-0.333,-0.3374,-0.3976,-0.3882,-0.3776,-0.3658,-0.3527,-0.3384,-0.323,-0.3065,-0.289,-0.2706,-0.2512,-0.2312,-0.2116,-0.1944,-0.1828,-0.1784,-0.179,-0.1767,-0.1603,-0.1119,-0.005,0.1501,0.1783,-0.0185,-0.2494,-0.418,-0.5358,-0.6601,-0.7796,-0.736,-0.6141,-0.5099,-0.4381,-0.3954,-0.3745,-0.3668]},{"header":{"la1":42.85,"la2":41.18,"lo1":11.55,"lo2":14.05,"nx":36,"ny":24,"dx":0.07143,"dy":0.07261,"parameterCategory":2,"parameterNumber":3,"parameterNumberName":"northward_wind","parameterUnit":"m.s-1"},"data":[-0.6298,-0.6277,-0.6237,-0.6177,-0.6097,-0.6002,-0.5897,-0.5787,-0.5677,-0.5564,-0.5441,-0.53,-0.5137,-0.4952,-0.4748,-0.4535,-0.4326,-0.4139,-0.3989,-0.3887,-0.3827,-0.3798,-0.3781,-0.3767,-0.3753,-0.3743,-0.3741,-0.3747,-0.3762,-0.3783,-0.3811,-0.3843,-0.3878,-0.3915,-0.3953,-0.3991,-0.6424,-0.6408,-0.6367,-0.6299,-0.6203,-0.6085,-0.5956,-0.583,-0.5714,-0.5606,-0.5491,-0.5353,-0.5181,-0.4972,-0.4733,-0.4475,-0.4216,-0.3987,-0.3815,-0.372,-0.3695,-0.3706,-0.3715,-0.3705,-0.3685,-0.3668,-0.3662,-0.3669,-0.3688,-0.3716,-0.375,-0.3789,-0.3832,-0.3876,-0.3921,-0.3966,-0.6567,-0.656,-0.6521,-0.6442,-0.632,-0.6162,-0.5988,-0.5828,-0.5707,-0.5621,-0.5536,-0.5417,-0.5242,-0.5011,-0.4729,-0.4408,-0.4076,-0.3777,-0.3573,-0.3507,-0.3568,-0.367,-0.3717,-0.369,-0.3636,-0.3595,-0.358,-0.3586,-0.361,-0.3645,-0.3688,-0.3736,-0.3787,-0.384,-0.3892,-0.3944,-0.673,-0.6741,-0.6709,-0.6618,-0.6458,-0.6231,-0.5964,-0.5724,-0.559,-0.5568,-0.5565,-0.5497,-0.5333,-0.508,-0.4748,-0.4345,-0.3897,-0.3474,-0.32,-0.3201,-0.3474,-0.3803,-0.389,-0.3758,-0.3608,-0.3519,-0.3489,-0.3495,-0.3526,-0.357,-0.3624,-0.3683,-0.3744,-0.3807,-0.3868,-0.3928,-0.6916,-0.6958,-0.6947,-0.6852,-0.6643,-0.6303,-0.5846,-0.5396,-0.5216,-0.5371,-0.5571,-0.5607,-0.547,-0.5199,-0.4815,-0.4312,-0.3691,-0.3024,-0.2559,-0.2656,-0.3407,-0.4308,-0.4357,-0.389,-0.3561,-0.3417,-0.3378,-0.3392,-0.3435,-0.3492,-0.3559,-0.3631,-0.3705,-0.3779,-0.3851,-0.3918,-0.7121,-0.7218,-0.7259,-0.7182,-0.6926,-0.6441,-0.5654,-0.4662,-0.4288,-0.4951,-0.5594,-0.5787,-0.5674,-0.5391,-0.4971,-0.4375,-0.3534,-0.2432,-0.1426,-0.1549,-0.297,-0.4705,-0.4642,-0.381,-0.3391,-0.3252,-0.3237,-0.3274,-0.3336,-0.3412,-0.3495,-0.3583,-0.3672,-0.3759,-0.3842,-0.3919,-0.7329,-0.7515,-0.7666,-0.7656,-0.7371,-0.6781,-0.5705,-0.391,-0.3068,-0.4678,-0.5846,-0.6108,-0.5966,-0.5675,-0.5268,-0.4642,-0.3637,-0.2105,-0.0334,-0.0412,-0.1797,-0.3079,-0.3446,-0.3173,-0.3028,-0.3018,-0.3067,-0.3142,-0.3231,-0.3329,-0.3433,-0.354,-0.3647,-0.3749,-0.3845,-0.3933,-0.7503,-0.7802,-0.8158,-0.8312,-0.7952,-0.7364,-0.6528,-0.5149,-0.4519,-0.583,-0.6636,-0.6617,-0.6333,-0.6056,-0.5774,-0.524,-0.4207,-0.2697,-0.1199,-0.0742,-0.0235,-0.0573,-0.1683,-0.2302,-0.2589,-0.2758,-0.2886,-0.3003,-0.3123,-0.3247,-0.3376,-0.3507,-0.3634,-0.3755,-0.3866,-0.3965,-0.7581,-0.7938,-0.8516,-0.8968,-0.8355,-0.7908,-0.7769,-0.7678,-0.7897,-0.8258,-0.7945,-0.7246,-0.6694,-0.6497,-0.6631,-0.6404,-0.5185,-0.3647,-0.22,-0.0478,0.2364,0.1785,-0.0536,-0.1726,-0.2262,-0.2535,-0.2713,-0.2863,-0.3012,-0.3168,-0.3327,-0.3487,-0.364,-0.3783,-0.3911,-0.4022,-0.7534,-0.7776,-0.8112,-0.8319,-0.7913,-0.816,-0.8845,-0.9839,-1.1345,-1.1677,-0.9631,-0.7799,-0.69,-0.6826,-0.7997,-0.8718,-0.6226,-0.4317,-0.2886,-0.11,0.1153,0.0937,-0.0674,-0.1643,-0.2115,-0.2366,-0.2545,-0.2715,-0.2897,-0.3091,-0.3291,-0.3488,-0.3674,-0.3843,-0.399,-0.4112,-0.7423,-0.748,-0.7277,-0.6485,-0.6716,-0.8254,-0.974,-1.1317,-1.4825,-1.6709,-1.1032,-0.7928,-0.6838,-0.6731,-0.7769,-0.8736,-0.5983,-0.445,-0.3515,-0.2412,-0.1331,-0.1055,-0.1434,-0.1819,-0.2047,-0.2192,-0.2345,-0.2541,-0.2772,-0.302,-0.3274,-0.3521,-0.375,-0.395,-0.4117,-0.4247,-0.7341,-0.7343,-0.7101,-0.6529,-0.6887,-0.8764,-1.0701,-1.2006,-1.3228,-1.3974,-0.9967,-0.7388,-0.6624,-0.6875,-0.6562,-0.5459,-0.4495,-0.4474,-0.4296,-0.3287,-0.2422,-0.1984,-0.1886,-0.1899,-0.1888,-0.1905,-0.2056,-0.2321,-0.2635,-0.2963,-0.3292,-0.3606,-0.3889,-0.4127,-0.4313,-0.4446,-0.7306,-0.7368,-0.7368,-0.742,-0.8014,-0.9454,-1.1378,-1.2953,-1.2154,-1.0376,-0.8144,-0.6566,-0.6176,-0.7316,-0.6536,-0.3129,-0.2688,-0.5717,-0.5884,-0.361,-0.2573,-0.2093,-0.1894,-0.1763,-0.1545,-0.1416,-0.1655,-0.2072,-0.2507,-0.294,-0.3368,-0.3774,-0.4129,-0.4411,-0.461,-0.4732,-0.7279,-0.7408,-0.7568,-0.7857,-0.845,-0.947,-1.0822,-1.2003,-1.127,-0.8967,-0.7131,-0.6079,-0.5768,-0.4902,-0.2944,0.1307,0.0733,-0.2805,-0.4018,-0.2813,-0.1963,-0.1587,-0.1558,-0.1523,-0.1214,-0.0966,-0.1337,-0.1888,-0.2427,-0.2979,-0.3541,-0.4077,-0.453,-0.4859,-0.5054,-0.5136,-0.7224,-0.738,-0.7583,-0.788,-0.8328,-0.8936,-0.9579,-0.9856,-0.9134,-0.7735,-0.6661,-0.5927,-0.4861,-0.3183,-0.1524,0.2686,0.6652,0.1013,-0.1495,-0.1414,-0.0381,-0.0247,-0.0887,-0.1278,-0.1238,-0.1125,-0.1373,-0.183,-0.2409,-0.3103,-0.3866,-0.4604,-0.5197,-0.5567,-0.5714,-0.5698,-0.7131,-0.7279,-0.7461,-0.769,-0.7971,-0.8265,-0.8459,-0.8346,-0.7784,-0.7039,-0.6763,-0.6152,-0.5682,-0.4461,-0.2478,0.1239,0.4456,0.0715,-0.1213,-0.0272,0.3029,0.2269,-0.0054,-0.1002,-0.1192,-0.1192,-0.1308,-0.1683,-0.2364,-0.3311,-0.4423,-0.551,-0.6317,-0.669,-0.668,-0.6453,-0.7008,-0.7131,-0.7269,-0.742,-0.7571,-0.7682,-0.7684,-0.7502,-0.7138,-0.6778,-0.6709,-0.6479,-0.7425,-0.7749,-0.4498,-0.2298,-0.13,-0.2167,-0.2824,-0.0981,0.3457,0.2506,-0.0034,-0.0868,-0.0819,-0.0534,-0.0532,-0.1091,-0.2145,-0.3586,-0.5328,-0.7063,-0.8208,-0.8443,-0.8032,-0.7402,-0.6867,-0.6959,-0.7053,-0.7142,-0.7209,-0.7229,-0.7169,-0.7011,-0.6785,-0.6583,-0.6493,-0.6642,-0.7867,-0.8054,-0.6047,-0.5107,-0.413,-0.4615,-0.5675,-0.367,-0.1274,-0.0608,-0.1007,-0.0906,-0.003,0.1226,0.148,0.0194,-0.1678,-0.3896,-0.6667,-0.9605,-1.1274,-1.0979,-0.9718,-0.8438,-0.672,-0.6784,-0.6842,-0.6886,-0.6906,-0.6885,-0.6811,-0.6686,-0.6533,-0.6399,-0.6337,-0.6423,-0.6687,-0.6778,-0.7636,-0.8183,-0.5744,-0.5309,-0.5772,-0.5519,-0.3979,-0.2699,-0.197,-0.0999,0.1007,0.4271,0.498,0.1787,-0.1186,-0.414,-0.8116,-1.2871,-1.5202,-1.3761,-1.1266,-0.927,-0.6574,-0.6615,-0.6647,-0.6662,-0.6655,-0.6616,-0.6544,-0.6442,-0.6326,-0.6223,-0.6159,-0.616,-0.6235,-0.6485,-0.7392,-0.7645,-0.6091,-0.5687,-0.6998,-0.7739,-0.5335,-0.3768,-0.2729,-0.1402,0.0946,0.4761,0.561,0.1631,-0.1184,-0.4085,-0.8434,-1.4171,-1.6865,-1.4768,-1.1743,-0.9505,-0.6435,-0.6459,-0.6471,-0.6468,-0.6446,-0.6401,-0.6332,-0.6245,-0.6149,-0.6058,-0.5989,-0.5953,-0.5971,-0.609,-0.6308,-0.6228,-0.5758,-0.5662,-0.6286,-0.6439,-0.5267,-0.4331,-0.3587,-0.2334,-0.0548,0.0816,0.0189,-0.0358,-0.1585,-0.3624,-0.6926,-1.131,-1.3723,-1.2767,-1.0727,-0.9001,-0.6306,-0.6316,-0.6315,-0.63,-0.627,-0.6222,-0.6157,-0.6078,-0.5993,-0.5909,-0.5835,-0.5779,-0.5749,-0.5748,-0.5738,-0.5626,-0.5437,-0.536,-0.5431,-0.5331,-0.5011,-0.5047,-0.4932,-0.3576,-0.1898,-0.0942,-0.0942,-0.1103,-0.1914,-0.2979,-0.4948,-0.7636,-0.9517,-0.9733,-0.8977,-0.8041,-0.6186,-0.6186,-0.6176,-0.6154,-0.6119,-0.607,-0.6008,-0.5935,-0.5856,-0.5776,-0.5699,-0.5628,-0.5567,-0.5508,-0.5435,-0.5325,-0.5197,-0.5097,-0.5027,-0.4947,-0.5011,-0.5624,-0.5867,-0.4397,-0.276,-0.1758,-0.1441,-0.173,-0.2054,-0.2387,-0.3645,-0.5385,-0.6791,-0.7409,-0.7374,-0.7026,-0.6077,-0.6069,-0.6053,-0.6026,-0.5988,-0.5939,-0.5879,-0.581,-0.5736,-0.5657,-0.5578,-0.55,-0.5422,-0.534,-0.5248,-0.514,-0.5025,-0.4917,-0.4824,-0.477,-0.4857,-0.5168,-0.5156,-0.4272,-0.3181,-0.2424,-0.2109,-0.2112,-0.2074,-0.2304,-0.3194,-0.4357,-0.5365,-0.5986,-0.6216,-0.6183]}]