docs/data/wind_grid.json
{"header": {"la1":42.1,"la2":41.55,"lo1":12.1,"lo2":12.95,"nx":50,"ny":50,"dx":0.01735,"dy":0.01122,"parameterCategory":2,"parameterNumber":3,"parameterNumberName":"northward_wind","parameterUnit":"m.s-1"}, "data":
[rows 0 to 39 of 50, columns 0 to 49 of 50]
-1.2543,-1.2566,-1.2589,-1.2611,-1.2632,-1.2653,-1.2674,-1.2693,-1.2711,-1.2728,-1.2743,-1.2755,-1.2763,-1.2766,-1.2761,-1.2747,-1.2719,-1.2675,-1.2611,-1.2522,-1.2404,-1.2254,-1.2069,-1.1847,-1.1588,-1.1293,-1.0966,-1.0612,-1.0238,-0.9851,-0.9462,-0.9077,-0.8707,-0.836,-0.8042,-0.7759,-0.7515,-0.7311,-0.7147,-0.7021,-0.693,-0.687,-0.6836,-0.6825,-0.683,-0.685,-0.6881,-0.692,-0.6965,-0.7015
-1.2581,-1.2606,-1.2631,-1.2655,-1.2679,-1.2702,-1.2726,-1.2748,-1.2771,-1.2792,-1.2812,-1.283,-1.2845,-1.2855,-1.2858,-1.2852,-1.2833,-1.2797,-1.2741,-1.2658,-1.2544,-1.2394,-1.2206,-1.1976,-1.1705,-1.1394,-1.1047,-1.067,-1.0269,-0.9856,-0.9439,-0.9029,-0.8635,-0.8267,-0.7933,-0.7638,-0.7385,-0.7177,-0.7013,-0.6889,-0.6803,-0.6749,-0.6723,-0.6718,-0.6731,-0.6757,-0.6794,-0.6839,-0.689,-0.6945
-1.2619,-1.2645,-1.2672,-1.2698,-1.2725,-1.2751,-1.2777,-1.2804,-1.283,-1.2855,-1.2881,-1.2905,-1.2927,-1.2945,-1.2957,-1.296,-1.2951,-1.2926,-1.2878,-1.2802,-1.2694,-1.2546,-1.2355,-1.2118,-1.1835,-1.1506,-1.1137,-1.0733,-1.0305,-0.9862,-0.9415,-0.8977,-0.8559,-0.817,-0.7819,-0.7512,-0.7252,-0.7041,-0.6877,-0.6758,-0.6677,-0.663,-0.6611,-0.6614,-0.6634,-0.6667,-0.6711,-0.6761,-0.6817,-0.6877
-1.2656,-1.2684,-1.2713,-1.2742,-1.277,-1.2799,-1.2828,-1.2858,-1.2888,-1.2918,-1.2949,-1.298,-1.3009,-1.3035,-1.3057,-1.3072,-1.3074,-1.306,-1.3023,-1.2957,-1.2855,-1.271,-1.2518,-1.2274,-1.1977,-1.1629,-1.1236,-1.0804,-1.0344,-0.9869,-0.939,-0.8923,-0.8478,-0.8068,-0.77,-0.7382,-0.7117,-0.6904,-0.6743,-0.6628,-0.6555,-0.6515,-0.6504,-0.6514,-0.6541,-0.6581,-0.663,-0.6686,-0.6747,-0.6812
-1.2693,-1.2723,-1.2754,-1.2784,-1.2815,-1.2847,-1.2879,-1.2912,-1.2945,-1.2981,-1.3017,-1.3054,-1.3091,-1.3127,-1.3159,-1.3185,-1.3201,-1.32,-1.3177,-1.3122,-1.3029,-1.2889,-1.2695,-1.2444,-1.2133,-1.1765,-1.1345,-1.0882,-1.0387,-0.9876,-0.9363,-0.8864,-0.8392,-0.796,-0.7577,-0.725,-0.698,-0.6769,-0.6612,-0.6504,-0.6438,-0.6406,-0.6403,-0.642,-0.6453,-0.6499,-0.6554,-0.6615,-0.668,-0.6749
-1.2729,-1.2761,-1.2794,-1.2826,-1.2859,-1.2893,-1.2928,-1.2964,-1.3002,-1.3041,-1.3083,-1.3127,-1.3172,-1.3218,-1.3262,-1.3301,-1.3332,-1.3346,-1.3338,-1.3298,-1.3216,-1.3082,-1.2888,-1.263,-1.2304,-1.1913,-1.1464,-1.0966,-1.0434,-0.9884,-0.9334,-0.8801,-0.8301,-0.7848,-0.7451,-0.7116,-0.6845,-0.6637,-0.6486,-0.6386,-0.6329,-0.6306,-0.6309,-0.6333,-0.6372,-0.6423,-0.6482,-0.6547,-0.6617,-0.669
-1.2765,-1.2799,-1.2833,-1.2868,-1.2903,-1.2939,-1.2976,-1.3015,-1.3056,-1.31,-1.3148,-1.3198,-1.3252,-1.3308,-1.3365,-1.3419,-1.3465,-1.3498,-1.3508,-1.3485,-1.3416,-1.3291,-1.3099,-1.2833,-1.2491,-1.2076,-1.1593,-1.1057,-1.0483,-0.9891,-0.93,-0.8732,-0.8203,-0.7729,-0.732,-0.6981,-0.6712,-0.6511,-0.637,-0.628,-0.6232,-0.6217,-0.6226,-0.6255,-0.6299,-0.6353,-0.6416,-0.6484,-0.6557,-0.6633
-1.28,-1.2836,-1.2872,-1.2908,-1.2945,-1.2983,-1.3023,-1.3065,-1.3109,-1.3157,-1.321,-1.3267,-1.333,-1.3396,-1.3466,-1.3536,-1.3602,-1.3655,-1.3686,-1.3683,-1.3631,-1.3517,-1.3328,-1.3055,-1.2696,-1.2252,-1.1734,-1.1155,-1.0535,-0.9895,-0.926,-0.8654,-0.8096,-0.7603,-0.7185,-0.6845,-0.6584,-0.6394,-0.6265,-0.6187,-0.6149,-0.6141,-0.6156,-0.6188,-0.6234,-0.629,-0.6355,-0.6426,-0.6502,-0.658
-1.2835,-1.2872,-1.291,-1.2948,-1.2987,-1.3027,-1.3068,-1.3113,-1.316,-1.3212,-1.3269,-1.3333,-1.3404,-1.3482,-1.3566,-1.3653,-1.3739,-1.3815,-1.3871,-1.3893,-1.3862,-1.3762,-1.3577,-1.3297,-1.2918,-1.2444,-1.1885,-1.1258,-1.0586,-0.9894,-0.9212,-0.8565,-0.7978,-0.7467,-0.7044,-0.671,-0.6461,-0.6288,-0.6176,-0.6112,-0.6084,-0.6081,-0.6099,-0.6132,-0.6178,-0.6235,-0.6301,-0.6373,-0.645,-0.6531
-1.2869,-1.2908,-1.2947,-1.2987,-1.3027,-1.3069,-1.3112,-1.3158,-1.3209,-1.3264,-1.3326,-1.3395,-1.3475,-1.3564,-1.3662,-1.3768,-1.3876,-1.3979,-1.4063,-1.4114,-1.4108,-1.4026,-1.3848,-1.356,-1.3159,-1.265,-1.2045,-1.1364,-1.0634,-0.9885,-0.915,-0.8461,-0.7844,-0.7319,-0.6895,-0.6573,-0.6345,-0.6195,-0.6105,-0.6057,-0.6038,-0.6039,-0.6056,-0.6088,-0.6132,-0.6187,-0.6252,-0.6324,-0.6402,-0.6484
-1.2903,-1.2943,-1.2984,-1.3025,-1.3067,-1.311,-1.3154,-1.3202,-1.3254,-1.3312,-1.3378,-1.3453,-1.354,-1.364,-1.3753,-1.3878,-1.4011,-1.4143,-1.4261,-1.4345,-1.4371,-1.4311,-1.414,-1.3845,-1.3419,-1.287,-1.2213,-1.1472,-1.0678,-0.9865,-0.9072,-0.8337,-0.7689,-0.7152,-0.6733,-0.6431,-0.6232,-0.6113,-0.605,-0.6021,-0.6011,-0.6013,-0.6027,-0.6054,-0.6093,-0.6145,-0.6208,-0.628,-0.6358,-0.6441
-1.2936,-1.2978,-1.302,-1.3062,-1.3105,-1.3149,-1.3195,-1.3244,-1.3297,-1.3357,-1.3426,-1.3506,-1.36,-1.371,-1.3838,-1.3983,-1.4141,-1.4306,-1.4462,-1.4586,-1.4649,-1.4616,-1.4456,-1.415,-1.3696,-1.3101,-1.2387,-1.1578,-1.0711,-0.9827,-0.897,-0.8185,-0.7506,-0.6959,-0.6551,-0.6277,-0.6117,-0.6039,-0.6009,-0.6001,-0.6,-0.6001,-0.6009,-0.6029,-0.6062,-0.6109,-0.6169,-0.6239,-0.6317,-0.6401
-1.2969,-1.3012,-1.3055,-1.3099,-1.3143,-1.3187,-1.3234,-1.3284,-1.3338,-1.3399,-1.3469,-1.3552,-1.3652,-1.3772,-1.3913,-1.4078,-1.4264,-1.4464,-1.4663,-1.4835,-1.4943,-1.4943,-1.4795,-1.4476,-1.3987,-1.3341,-1.2561,-1.1677,-1.073,-0.9766,-0.8838,-0.7997,-0.7285,-0.6729,-0.6338,-0.6101,-0.599,-0.5962,-0.5974,-0.5991,-0.5998,-0.5998,-0.5998,-0.6008,-0.6034,-0.6076,-0.6132,-0.6201,-0.6279,-0.6364
-1.3001,-1.3045,-1.309,-1.3134,-1.3179,-1.3225,-1.3272,-1.3321,-1.3375,-1.3436,-1.3507,-1.3592,-1.3696,-1.3824,-1.3978,-1.4163,-1.4376,-1.4613,-1.4859,-1.5086,-1.5249,-1.5289,-1.5155,-1.4819,-1.4287,-1.3582,-1.273,-1.1764,-1.0728,-0.9675,-0.8666,-0.7763,-0.7014,-0.645,-0.6079,-0.5887,-0.5835,-0.5868,-0.5929,-0.5977,-0.5996,-0.5993,-0.5986,-0.5988,-0.6006,-0.6043,-0.6097,-0.6164,-0.6242,-0.6328
-1.3032,-1.3078,-1.3124,-1.317,-1.3215,-1.3261,-1.3308,-1.3357,-1.341,-1.3469,-1.354,-1.3625,-1.3732,-1.3865,-1.403,-1.4232,-1.4472,-1.4747,-1.5044,-1.5334,-1.5563,-1.5653,-1.5531,-1.517,-1.4587,-1.3815,-1.2886,-1.1831,-1.0698,-0.9545,-0.8445,-0.747,-0.6678,-0.6104,-0.5756,-0.5615,-0.563,-0.5735,-0.5855,-0.594,-0.5976,-0.5977,-0.5965,-0.5962,-0.5975,-0.6009,-0.6061,-0.6128,-0.6207,-0.6294
-1.3063,-1.3111,-1.3158,-1.3205,-1.3251,-1.3297,-1.3343,-1.3391,-1.3442,-1.3499,-1.3567,-1.3651,-1.3757,-1.3893,-1.4067,-1.4284,-1.4548,-1.486,-1.5209,-1.5569,-1.5876,-1.6026,-1.5916,-1.5518,-1.4872,-1.4028,-1.3018,-1.1871,-1.0632,-0.9368,-0.8164,-0.7106,-0.6261,-0.5673,-0.5348,-0.5261,-0.5352,-0.5537,-0.5726,-0.586,-0.5922,-0.5934,-0.5926,-0.5922,-0.5936,-0.5969,-0.6022,-0.6091,-0.6172,-0.6261
-1.3094,-1.3143,-1.3191,-1.3239,-1.3286,-1.3332,-1.3378,-1.3424,-1.3472,-1.3525,-1.3589,-1.3668,-1.3772,-1.3908,-1.4086,-1.4314,-1.4599,-1.4942,-1.5341,-1.5773,-1.6172,-1.6396,-1.6293,-1.584,-1.5121,-1.4204,-1.3115,-1.1874,-1.0522,-0.9136,-0.7813,-0.6656,-0.5748,-0.5138,-0.4834,-0.4804,-0.4976,-0.5249,-0.5519,-0.5713,-0.5816,-0.5853,-0.5859,-0.5865,-0.5884,-0.5923,-0.598,-0.6053,-0.6137,-0.6229
-1.3124,-1.3174,-1.3225,-1.3274,-1.3322,-1.3368,-1.3412,-1.3456,-1.3501,-1.3549,-1.3606,-1.3679,-1.3776,-1.3908,-1.4087,-1.4321,-1.462,-1.4987,-1.5425,-1.5924,-1.6422,-1.6735,-1.663,-1.6102,-1.5306,-1.4325,-1.3166,-1.1832,-1.0362,-0.884,-0.7381,-0.6108,-0.5122,-0.4482,-0.4196,-0.4223,-0.4481,-0.4851,-0.5213,-0.5485,-0.5646,-0.5723,-0.5759,-0.5784,-0.5818,-0.5867,-0.5932,-0.6011,-0.6101,-0.6197
-1.3153,-1.3206,-1.3258,-1.3308,-1.3357,-1.3404,-1.3447,-1.3489,-1.3529,-1.3571,-1.362,-1.3683,-1.377,-1.3894,-1.4067,-1.4302,-1.4607,-1.4987,-1.5446,-1.5989,-1.6576,-1.6987,-1.6868,-1.6252,-1.5394,-1.4373,-1.316,-1.174,-1.0148,-0.8476,-0.6862,-0.5455,-0.4376,-0.3696,-0.3423,-0.3511,-0.386,-0.4337,-0.4804,-0.5169,-0.5406,-0.5543,-0.5622,-0.5679,-0.5736,-0.5802,-0.5879,-0.5967,-0.6064,-0.6166
-1.3182,-1.3237,-1.3291,-1.3343,-1.3394,-1.344,-1.3483,-1.3522,-1.3558,-1.3593,-1.3631,-1.3681,-1.3754,-1.3864,-1.4026,-1.4255,-1.4559,-1.4939,-1.5395,-1.5936,-1.6559,-1.7046,-1.6906,-1.6228,-1.5362,-1.434,-1.3095,-1.1597,-0.9878,-0.8045,-0.6257,-0.4695,-0.3507,-0.278,-0.2522,-0.2675,-0.3124,-0.3716,-0.43,-0.4773,-0.5103,-0.5315,-0.5451,-0.5551,-0.5639,-0.5727,-0.5821,-0.5921,-0.6026,-0.6135
-1.3211,-1.3268,-1.3324,-1.3379,-1.3431,-1.3479,-1.3522,-1.3559,-1.3589,-1.3616,-1.3641,-1.3675,-1.3729,-1.382,-1.3965,-1.4181,-1.4476,-1.4846,-1.5276,-1.5757,-1.63,-1.6756,-1.6618,-1.5998,-1.5213,-1.4233,-1.2974,-1.1404,-0.9558,-0.7552,-0.5575,-0.3841,-0.2533,-0.1755,-0.1517,-0.1744,-0.2302,-0.3019,-0.3728,-0.4318,-0.4751,-0.5049,-0.5254,-0.5405,-0.553,-0.5645,-0.5759,-0.5873,-0.5988,-0.6105
-1.3238,-1.3298,-1.3357,-1.3415,-1.3469,-1.3519,-1.3563,-1.3599,-1.3625,-1.3642,-1.3654,-1.3668,-1.3697,-1.3762,-1.3884,-1.4081,-1.4362,-1.4716,-1.5108,-1.5493,-1.5838,-1.6081,-1.601,-1.5619,-1.4989,-1.4072,-1.2808,-1.117,-0.9197,-0.7015,-0.484,-0.2925,-0.1492,-0.0666,-0.0457,-0.0771,-0.1446,-0.2291,-0.3126,-0.3834,-0.4374,-0.4762,-0.5039,-0.5246,-0.5413,-0.5559,-0.5694,-0.5824,-0.5951,-0.6076
-1.3266,-1.3328,-1.339,-1.3451,-1.3509,-1.3562,-1.3608,-1.3643,-1.3666,-1.3675,-1.3671,-1.3661,-1.3662,-1.3693,-1.3783,-1.3954,-1.4218,-1.4558,-1.4921,-1.5226,-1.5385,-1.5399,-1.5407,-1.5249,-1.4754,-1.3885,-1.2609,-1.0905,-0.8811,-0.646,-0.4091,-0.1998,-0.0446,0.0416,0.0584,0.0175,-0.062,-0.1587,-0.254,-0.3357,-0.3997,-0.4471,-0.482,-0.5083,-0.5293,-0.5471,-0.5629,-0.5776,-0.5916,-0.605
-1.3292,-1.3357,-1.3423,-1.3488,-1.355,-1.3608,-1.3657,-1.3695,-1.3716,-1.3717,-1.3697,-1.3661,-1.3625,-1.3614,-1.3663,-1.3801,-1.4045,-1.4377,-1.4734,-1.5017,-1.5127,-1.5097,-1.5114,-1.5006,-1.4549,-1.3689,-1.2389,-1.0624,-0.8425,-0.5925,-0.3384,-0.1136,0.0515,0.1398,0.1516,0.1013,0.0109,-0.0963,-0.2012,-0.292,-0.3644,-0.4195,-0.4609,-0.4926,-0.5176,-0.5385,-0.5567,-0.5731,-0.5883,-0.6026
-1.3317,-1.3386,-1.3456,-1.3525,-1.3593,-1.3656,-1.3711,-1.3753,-1.3776,-1.3773,-1.3737,-1.3671,-1.3591,-1.3528,-1.3524,-1.3621,-1.3841,-1.4171,-1.4545,-1.4858,-1.5024,-1.5058,-1.504,-1.4863,-1.4369,-1.3484,-1.2153,-1.0339,-0.8061,-0.5453,-0.2785,-0.0424,0.1293,0.218,0.2247,0.1667,0.0682,-0.0462,-0.1577,-0.2549,-0.3337,-0.3949,-0.4418,-0.4781,-0.5069,-0.5306,-0.551,-0.569,-0.5854,-0.6006
-1.334,-1.3413,-1.3487,-1.3562,-1.3636,-1.3706,-1.377,-1.382,-1.3849,-1.3845,-1.3797,-1.3699,-1.3566,-1.3437,-1.3367,-1.3412,-1.3605,-1.3936,-1.4337,-1.47,-1.4938,-1.503,-1.498,-1.4727,-1.4179,-1.326,-1.1905,-1.0062,-0.7745,-0.5084,-0.2355,0.0059,0.1802,0.2677,0.2707,0.2081,0.1058,-0.0117,-0.126,-0.2265,-0.3092,-0.3746,-0.4256,-0.4656,-0.4975,-0.5238,-0.5461,-0.5656,-0.5831,-0.5991
-1.3362,-1.3438,-1.3517,-1.3598,-1.3679,-1.3758,-1.3833,-1.3895,-1.3936,-1.3939,-1.3884,-1.3754,-1.3557,-1.3343,-1.3192,-1.3176,-1.3338,-1.3668,-1.4094,-1.4498,-1.4784,-1.4904,-1.4834,-1.4536,-1.395,-1.3011,-1.1646,-0.9806,-0.7498,-0.4849,-0.2135,0.0264,0.1988,0.2844,0.286,0.2233,0.1221,0.0062,-0.1071,-0.2076,-0.2916,-0.3593,-0.413,-0.4556,-0.4899,-0.5182,-0.5422,-0.563,-0.5814,-0.5982
-1.3381,-1.3462,-1.3545,-1.3632,-1.3721,-1.3811,-1.3899,-1.3978,-1.4037,-1.4057,-1.4005,-1.3847,-1.3575,-1.3251,-1.2996,-1.2915,-1.3049,-1.3378,-1.3818,-1.4244,-1.4549,-1.4675,-1.4595,-1.4277,-1.3677,-1.2735,-1.1386,-0.958,-0.7331,-0.4761,-0.2135,0.0183,0.185,0.2684,0.2714,0.213,0.1176,0.0076,-0.1009,-0.1985,-0.2814,-0.3495,-0.4043,-0.4486,-0.4845,-0.5143,-0.5395,-0.5612,-0.5805,-0.5978
-1.3398,-1.3482,-1.3571,-1.3664,-1.3761,-1.3862,-1.3965,-1.4064,-1.415,-1.4198,-1.4167,-1.3992,-1.3633,-1.3166,-1.2784,-1.2638,-1.2757,-1.3089,-1.3533,-1.3957,-1.4258,-1.4379,-1.4292,-1.397,-1.3372,-1.2446,-1.1133,-0.9394,-0.7247,-0.4812,-0.2335,-0.015,0.1431,0.2242,0.2311,0.1806,0.095,-0.0056,-0.1064,-0.1987,-0.2785,-0.3451,-0.3999,-0.4446,-0.4814,-0.5121,-0.5381,-0.5606,-0.5804,-0.5982
-1.3412,-1.35,-1.3593,-1.3692,-1.3797,-1.3909,-1.4028,-1.415,-1.4267,-1.4358,-1.4369,-1.4202,-1.3753,-1.31,-1.2566,-1.2372,-1.2498,-1.2838,-1.3271,-1.3673,-1.3953,-1.4058,-1.3963,-1.3641,-1.3055,-1.2157,-1.0899,-0.9251,-0.7239,-0.4979,-0.2692,-0.0675,0.0802,0.1592,0.1714,0.1312,0.0577,-0.0311,-0.1222,-0.2072,-0.2822,-0.3461,-0.3994,-0.4438,-0.4807,-0.5117,-0.5381,-0.561,-0.5812,-0.5992
-1.3423,-1.3513,-1.361,-1.3714,-1.3827,-1.395,-1.4084,-1.4229,-1.438,-1.452,-1.4595,-1.4471,-1.3952,-1.3082,-1.238,-1.2162,-1.2313,-1.2657,-1.3062,-1.3424,-1.3666,-1.3746,-1.3639,-1.3317,-1.2746,-1.1884,-1.0692,-0.9153,-0.7296,-0.5231,-0.3155,-0.132,0.0044,0.0811,0.0991,0.0701,0.0099,-0.0661,-0.1462,-0.2228,-0.2918,-0.3518,-0.4029,-0.446,-0.4823,-0.5131,-0.5396,-0.5626,-0.5829,-0.6011
-1.343,-1.3523,-1.3622,-1.3731,-1.385,-1.3981,-1.4128,-1.4293,-1.4475,-1.4663,-1.4809,-1.4759,-1.4215,-1.3152,-1.2301,-1.2073,-1.2237,-1.2562,-1.292,-1.3224,-1.3418,-1.3465,-1.3339,-1.3014,-1.2459,-1.1637,-1.0519,-0.9096,-0.7402,-0.5539,-0.3676,-0.2024,-0.0774,-0.0032,0.0203,0.0021,-0.0449,-0.1079,-0.1766,-0.2442,-0.3065,-0.3618,-0.4098,-0.451,-0.4862,-0.5164,-0.5425,-0.5654,-0.5856,-0.6036
-1.3433,-1.3527,-1.3629,-1.3741,-1.3864,-1.4001,-1.4157,-1.4335,-1.4537,-1.4759,-1.4956,-1.4973,-1.4459,-1.3322,-1.2397,-1.2141,-1.2275,-1.2549,-1.2839,-1.3076,-1.3214,-1.3221,-1.3073,-1.2743,-1.2203,-1.1423,-1.0381,-0.9075,-0.7543,-0.5875,-0.4215,-0.2738,-0.1598,-0.0884,-0.0602,-0.0686,-0.1033,-0.1539,-0.2116,-0.27,-0.3253,-0.3755,-0.4199,-0.4586,-0.4922,-0.5214,-0.5468,-0.5693,-0.5892,-0.607
-1.3432,-1.3527,-1.363,-1.3742,-1.3867,-1.4008,-1.4167,-1.435,-1.4559,-1.4788,-1.4996,-1.5031,-1.4567,-1.3525,-1.2638,-1.2336,-1.2398,-1.2592,-1.2803,-1.2969,-1.305,-1.3016,-1.2844,-1.2508,-1.1982,-1.1244,-1.0276,-0.9085,-0.7705,-0.6219,-0.4747,-0.3429,-0.2391,-0.1709,-0.1392,-0.1391,-0.163,-0.2022,-0.2494,-0.299,-0.3472,-0.3921,-0.4325,-0.4685,-0.5001,-0.528,-0.5525,-0.5742,-0.5936,-0.6111
-1.3426,-1.3521,-1.3624,-1.3736,-1.3861,-1.4,-1.4157,-1.4336,-1.4537,-1.4749,-1.4927,-1.4932,-1.452,-1.367,-1.2909,-1.2578,-1.2556,-1.2663,-1.2795,-1.2892,-1.2918,-1.2845,-1.2648,-1.2306,-1.1796,-1.1098,-1.0202,-0.9117,-0.7879,-0.6557,-0.5252,-0.4077,-0.3134,-0.2485,-0.2143,-0.2074,-0.222,-0.2512,-0.2888,-0.3301,-0.3715,-0.411,-0.4474,-0.4803,-0.5097,-0.536,-0.5593,-0.5802,-0.5989,-0.6159
-1.3416,-1.351,-1.3611,-1.3722,-1.3844,-1.3979,-1.4129,-1.4296,-1.4477,-1.4656,-1.4783,-1.4744,-1.4386,-1.3734,-1.3125,-1.2798,-1.2709,-1.2739,-1.2798,-1.2834,-1.281,-1.2701,-1.2483,-1.2136,-1.164,-1.0981,-1.0154,-0.9167,-0.8056,-0.688,-0.5722,-0.4673,-0.3816,-0.3202,-0.2844,-0.2721,-0.2789,-0.2995,-0.3287,-0.3623,-0.3973,-0.4316,-0.4639,-0.4937,-0.5208,-0.5452,-0.5672,-0.5871,-0.605,-0.6214
-1.3401,-1.3493,-1.3592,-1.37,-1.3817,-1.3945,-1.4085,-1.4235,-1.4389,-1.4528,-1.4604,-1.4533,-1.423,-1.3738,-1.3263,-1.2963,-1.2834,-1.2802,-1.2802,-1.2785,-1.2719,-1.2578,-1.2342,-1.1992,-1.1512,-1.0891,-1.0126,-0.9229,-0.8231,-0.7183,-0.6152,-0.5214,-0.4434,-0.3854,-0.3489,-0.3326,-0.3331,-0.3464,-0.3682,-0.3951,-0.4241,-0.4534,-0.4817,-0.5084,-0.533,-0.5555,-0.5761,-0.5948,-0.6119,-0.6275
-1.3383,-1.3472,-1.3568,-1.367,-1.3781,-1.39,-1.4027,-1.4158,-1.4284,-1.4384,-1.442,-1.4333,-1.4082,-1.3708,-1.3337,-1.3071,-1.2921,-1.2847,-1.28,-1.274,-1.2638,-1.2472,-1.2221,-1.1871,-1.1408,-1.0822,-1.0115,-0.9299,-0.84,-0.7463,-0.6544,-0.5701,-0.4989,-0.4444,-0.4078,-0.3885,-0.3841,-0.3913,-0.4068,-0.4276,-0.4513,-0.476,-0.5005,-0.524,-0.5462,-0.5667,-0.5857,-0.6032,-0.6193,-0.6342
-1.336,-1.3446,-1.3537,-1.3635,-1.3738,-1.3847,-1.3959,-1.407,-1.417,-1.4239,-1.4246,-1.4155,-1.3948,-1.3658,-1.3364,-1.313,-1.2974,-1.2871,-1.2788,-1.2694,-1.2564,-1.2378,-1.2117,-1.1769,-1.1322,-1.0771,-1.0117,-0.9372,-0.8561,-0.7721,-0.6897,-0.6138,-0.5487,-0.4974,-0.4613,-0.4399,-0.4316,-0.4338,-0.444,-0.4596,-0.4784,-0.4989,-0.5198,-0.5404,-0.5601,-0.5787,-0.5961,-0.6123,-0.6273,-0.6413
-1.3334,-1.3416,-1.3502,-1.3593,-1.3688,-1.3786,-1.3884,-1.3977,-1.4053,-1.4098,-1.4088,-1.3999,-1.3828,-1.3597,-1.3358,-1.3153,-1.2996,-1.2875,-1.2767,-1.2647,-1.2495,-1.2293,-1.2026,-1.1682,-1.1252,-1.0733,-1.0127,-0.9447,-0.8712,-0.7956,-0.7214,-0.6527,-0.5931,-0.545,-0.5096,-0.4868,-0.4755,-0.4738,-0.4795,-0.4906,-0.5052,-0.5218,-0.5394,-0.5571,-0.5745,-0.5912,-0.607,-0.6219,-0.6358,-0.6489
