docs/data/wind_grid.json
[{"header":{"la1":42.85,"la2":41.18,"lo1":11.55,"lo2":14.05,"nx":36,"ny":24,"dx":0.07143,"dy":0.07261,"parameterCategory":2,"parameterNumber":2,"parameterNumberName":"eastward_wind","parameterUnit":"m.s-1"},"data":[-0.0396,-0.0486,-0.057,-0.0648,-0.0719,-0.0778,-0.0817,-0.0825,-0.0796,-0.0737,-0.0668,-0.0613,-0.0593,-0.0618,-0.0682,-0.0763,-0.0823,-0.0813,-0.069,-0.0437,-0.0097,0.0243,0.0493,0.0619,0.0642,0.0612,0.0566,0.0527,0.0502,0.0492,0.0494,0.0504,0.052,0.054,0.0563,0.0586,-0.055,-0.0659,-0.0762,-0.0861,-0.0958,-0.105,-0.1121,-0.1146,-0.1104,-0.1,-0.087,-0.0764,-0.0721,-0.0757,-0.0868,-0.1024,-0.1167,-0.121,-0.1052,-0.064,-0.0043,0.0539,0.0901,0.0992,0.0909,0.077,0.0644,0.0555,0.0501,0.0475,0.0469,0.0477,0.0492,0.0512,0.0536,0.056,-0.0727,-0.0859,-0.0983,-0.1107,-0.1242,-0.139,-0.1533,-0.1612,-0.1561,-0.1374,-0.1128,-0.0924,-0.0834,-0.0881,-0.1062,-0.1344,-0.1651,-0.1832,-0.1666,-0.0971,0.0165,0.1259,0.1775,0.1679,0.1321,0.0974,0.0724,0.057,0.0485,0.0446,0.0435,0.0442,0.0458,0.048,0.0505,0.0531,-0.0932,-0.1092,-0.1241,-0.1388,-0.1565,-0.1807,-0.2103,-0.2334,-0.2302,-0.1949,-0.1465,-0.1081,-0.0908,-0.0964,-0.1239,-0.1715,-0.2324,-0.2855,-0.2835,-0.1683,0.0642,0.2946,0.3586,0.2815,0.1847,0.1166,0.0766,0.055,0.0443,0.0398,0.0388,0.0398,0.0417,0.0442,0.0469,0.0498,-0.1172,-0.1373,-0.1548,-0.1705,-0.1908,-0.2271,-0.2874,-0.3525,-0.362,-0.2881,-0.1893,-0.1196,-0.0902,-0.0965,-0.135,-0.2078,-0.3186,-0.4526,-0.5236,-0.3592,0.1198,0.6424,0.6742,0.4175,0.224,0.1212,0.0707,0.0468,0.0363,0.0327,0.0326,0.0343,0.0369,0.0398,0.0429,0.046,-0.1454,-0.1722,-0.1937,-0.208,-0.2238,-0.2672,-0.3748,-0.5432,-0.6018,-0.4276,-0.229,-0.1168,-0.0762,-0.0843,-0.1325,-0.2289,-0.401,-0.6846,-0.9919,-0.8437,-0.0333,0.8754,0.8467,0.4319,0.1986,0.0946,0.0496,0.0308,0.0241,0.0232,0.0249,0.0278,0.0313,0.0348,0.0383,0.0418,-0.1774,-0.2156,-0.2465,-0.259,-0.2565,-0.2814,-0.4116,-0.7124,-0.8682,-0.5229,-0.2183,-0.0836,-0.0446,-0.0587,-0.1122,-0.2159,-0.4175,-0.8243,-1.464,-1.385,-0.4914,0.1962,0.3535,0.2007,0.0882,0.0361,0.0151,0.0085,0.0086,0.0116,0.0159,0.0204,0.0249,0.0291,0.0331,0.0369,-0.2094,-0.264,-0.3143,-0.3337,-0.3004,-0.2679,-0.3224,-0.5171,-0.6099,-0.3365,-0.1055,-0.0129,0.0024,-0.0249,-0.0809,-0.1692,-0.3317,-0.6437,-1.0537,-1.0211,-0.7313,-0.4957,-0.2123,-0.0835,-0.0452,-0.0318,-0.0238,-0.0163,-0.0087,-0.0011,0.0059,0.0123,0.0179,0.0228,0.0272,0.0313,-0.2346,-0.3036,-0.3686,-0.3971,-0.3506,-0.2551,-0.1858,-0.1622,-0.1072,0.0035,0.0687,0.0783,0.055,0.0055,-0.0628,-0.1276,-0.2197,-0.39,-0.5866,-0.7357,-1.0177,-0.9101,-0.4862,-0.2435,-0.1339,-0.084,-0.0579,-0.0405,-0.0265,-0.0146,-0.0047,0.0035,0.0101,0.0156,0.0203,0.0248,-0.2471,-0.329,-0.4028,-0.4344,-0.4243,-0.2672,-0.0918,0.0656,0.2513,0.3337,0.2447,0.1641,0.1038,0.0291,-0.0917,-0.1551,-0.1595,-0.2594,-0.3944,-0.5739,-0.8362,-0.7717,-0.4674,-0.2652,-0.1638,-0.1149,-0.0866,-0.0645,-0.0452,-0.0288,-0.0159,-0.006,0.0014,0.0073,0.0123,0.017,-0.2429,-0.3461,-0.5037,-0.7649,-0.6997,-0.306,-0.045,0.1552,0.5324,0.7142,0.3741,0.2225,0.1427,0.0672,-0.0572,-0.1448,-0.1376,-0.2521,-0.3478,-0.4004,-0.4552,-0.4251,-0.3086,-0.2115,-0.164,-0.143,-0.1219,-0.0944,-0.0667,-0.044,-0.0276,-0.0162,-0.0084,-0.0025,0.0026,0.0075,-0.2127,-0.3174,-0.4884,-0.7274,-0.6453,-0.2455,-0.032,0.0418,0.3049,0.5112,0.3494,0.2531,0.1661,0.0642,0.0519,0.0017,-0.1494,-0.47,-0.5618,-0.3837,-0.2694,-0.2089,-0.1658,-0.1561,-0.186,-0.2109,-0.1881,-0.1379,-0.0919,-0.0596,-0.0394,-0.0273,-0.0199,-0.0145,-0.0097,-0.0044,-0.155,-0.2289,-0.3215,-0.3874,-0.3018,-0.112,-0.0305,-0.0913,0.0242,0.2534,0.3175,0.2989,0.2379,0.0558,0.0873,0.1038,-0.1458,-1.0812,-1.1216,-0.4276,-0.1508,-0.0556,-0.0521,-0.131,-0.2859,-0.3807,-0.3062,-0.1925,-0.1154,-0.0725,-0.0505,-0.0398,-0.0343,-0.0303,-0.0257,-0.0198,-0.0833,-0.1217,-0.1533,-0.1516,-0.0918,-0.0098,0.0177,-0.0187,0.0654,0.2817,0.3853,0.3473,0.3279,0.4448,0.2717,0.2894,0.0526,-0.5371,-0.6541,-0.2097,0.0482,0.1276,0.0763,-0.0994,-0.4148,-0.5945,-0.4107,-0.2217,-0.1232,-0.0788,-0.0611,-0.0556,-0.0541,-0.0521,-0.0474,-0.0399,-0.0124,-0.0262,-0.0287,-0.0098,0.0327,0.082,0.1172,0.1544,0.2668,0.4562,0.5911,0.5652,0.4857,0.4928,0.3395,0.2911,-0.4357,-0.134,-0.0291,0.1808,0.384,0.4023,0.26,0.0283,-0.2832,-0.4538,-0.3245,-0.1784,-0.1054,-0.0784,-0.0739,-0.0786,-0.0836,-0.0837,-0.0775,-0.0662,0.0505,0.0512,0.0618,0.0859,0.1233,0.1692,0.2225,0.3004,0.4387,0.6759,1.0256,0.8775,0.7179,0.539,0.398,0.1118,-0.2428,0.0899,0.3291,0.544,0.8318,0.7507,0.4649,0.2141,-0.0048,-0.1286,-0.1283,-0.0934,-0.0768,-0.0802,-0.0963,-0.1161,-0.1299,-0.1308,-0.1192,-0.1001,0.1039,0.1128,0.13,0.157,0.1944,0.2422,0.3042,0.3918,0.5244,0.7295,0.9862,0.8772,0.8298,0.827,0.6085,0.4634,0.3975,0.5559,0.7407,0.7875,0.9227,0.8388,0.5742,0.3451,0.1666,0.0538,-0.0022,-0.0345,-0.0635,-0.0966,-0.1367,-0.1779,-0.203,-0.1998,-0.1748,-0.1412,0.1483,0.1622,0.1829,0.2116,0.2492,0.2971,0.3581,0.4375,0.5402,0.6608,0.7567,0.7826,0.8575,0.8953,0.9255,0.9588,0.8493,1.0142,1.2423,1.0605,0.9227,0.7954,0.6125,0.4067,0.2241,0.1038,0.0375,-0.0231,-0.0803,-0.1341,-0.1986,-0.271,-0.3115,-0.293,-0.2409,-0.1851,0.1852,0.2019,0.2244,0.2536,0.2904,0.3357,0.3911,0.4576,0.5343,0.6134,0.6813,0.7389,0.8171,0.9784,1.5271,1.7728,1.1927,1.1826,1.3527,1.4908,1.2012,0.9112,0.6781,0.4407,0.2126,0.0893,0.0579,-0.0514,-0.1352,-0.1911,-0.2682,-0.378,-0.437,-0.3885,-0.3,-0.2208,0.2155,0.2338,0.2569,0.2857,0.3206,0.3622,0.411,0.4667,0.5274,0.5898,0.6516,0.7199,0.8212,1.0304,1.4656,1.6114,1.2682,1.3256,1.9526,2.2659,1.4944,1.0647,0.7934,0.5,0.1889,0.0472,0.0277,-0.1983,-0.2551,-0.2653,-0.314,-0.4222,-0.4855,-0.4235,-0.3218,-0.2348,0.2404,0.2593,0.2823,0.3099,0.3425,0.3803,0.4233,0.4709,0.5223,0.5764,0.6345,0.7031,0.7983,0.9429,1.1196,1.1908,1.1678,1.2975,1.6601,1.7822,1.4419,1.2255,1.0415,0.6665,0.1826,-0.2714,-0.7235,-0.6456,-0.4399,-0.3569,-0.3378,-0.3762,-0.41,-0.3717,-0.2962,-0.2232,0.2607,0.2796,0.302,0.3282,0.3583,0.3925,0.4307,0.4724,0.5173,0.5656,0.6186,0.6803,0.7563,0.8485,0.9403,1.0029,1.054,1.1547,1.2976,1.3658,1.3954,1.6114,1.6362,1.0301,0.2709,-0.4792,-1.1303,-0.8688,-0.5633,-0.4641,-0.3805,-0.3389,-0.3257,-0.2973,-0.2487,-0.1952,0.277,0.2956,0.3171,0.3417,0.3695,0.4005,0.4346,0.4716,0.5115,0.5544,0.6014,0.6539,0.7134,0.778,0.841,0.8971,0.9542,1.0273,1.1145,1.2168,1.4422,1.9626,2.1317,1.3298,0.4517,-0.2255,-0.6198,-0.6306,-0.6545,-0.5902,-0.4366,-0.3334,-0.28,-0.2424,-0.2034,-0.1626,0.2902,0.3081,0.3285,0.3514,0.377,0.4052,0.4358,0.4689,0.5043,0.5423,0.5832,0.6274,0.6749,0.7244,0.7736,0.8215,0.8718,0.9301,1.0027,1.1116,1.3188,1.6324,1.6727,1.1662,0.5292,0.0205,-0.3075,-0.5089,-0.6618,-0.5998,-0.4369,-0.3178,-0.2473,-0.2017,-0.1648,-0.1306]},{"header":{"la1":42.85,"la2":41.18,"lo1":11.55,"lo2":14.05,"nx":36,"ny":24,"dx":0.07143,"dy":0.07261,"parameterCategory":2,"parameterNumber":3,"parameterNumberName":"northward_wind","parameterUnit":"m.s-1"},"data":[-0.1686,-0.1599,-0.151,-0.1421,-0.1338,-0.1271,-0.1239,-0.1264,-0.1364,-0.1541,-0.1782,-0.2062,-0.236,-0.2663,-0.2963,-0.3254,-0.3524,-0.3752,-0.3918,-0.4012,-0.4036,-0.4012,-0.396,-0.3897,-0.3834,-0.3778,-0.3734,-0.3704,-0.3688,-0.3687,-0.3697,-0.3718,-0.3746,-0.378,-0.3817,-0.3856,-0.1572,-0.1461,-0.1343,-0.1217,-0.1085,-0.0957,-0.0862,-0.0845,-0.0948,-0.1178,-0.1505,-0.1878,-0.2262,-0.2642,-0.3016,-0.3385,-0.3736,-0.4035,-0.424,-0.4324,-0.4301,-0.4216,-0.4112,-0.4008,-0.3913,-0.3833,-0.3771,-0.373,-0.3708,-0.3705,-0.3717,-0.3742,-0.3775,-0.3815,-0.3858,-0.3902,-0.1451,-0.1312,-0.1162,-0.0992,-0.0793,-0.0564,-0.0345,-0.0229,-0.032,-0.0644,-0.1124,-0.1647,-0.2148,-0.262,-0.3082,-0.3554,-0.4029,-0.4451,-0.4721,-0.4767,-0.4628,-0.4427,-0.4252,-0.4108,-0.3982,-0.3876,-0.3796,-0.3745,-0.372,-0.3718,-0.3734,-0.3765,-0.3806,-0.3853,-0.3904,-0.3956,-0.1319,-0.1149,-0.0966,-0.0754,-0.0474,-0.0087,0.0378,0.0738,0.0705,0.0182,-0.0601,-0.1373,-0.2029,-0.2599,-0.3152,-0.3754,-0.4427,-0.5089,-0.5507,-0.5445,-0.5,-0.4559,-0.432,-0.4169,-0.4025,-0.3898,-0.3804,-0.3745,-0.3721,-0.3723,-0.3748,-0.3788,-0.384,-0.3898,-0.3958,-0.4018,-0.1173,-0.096,-0.0744,-0.0508,-0.0167,0.0429,0.1368,0.2352,0.2529,0.1509,0.0071,-0.1105,-0.1939,-0.2583,-0.3204,-0.3945,-0.4922,-0.6097,-0.6965,-0.6674,-0.5392,-0.4412,-0.4233,-0.4175,-0.4033,-0.3889,-0.3786,-0.3727,-0.3708,-0.3721,-0.3759,-0.3814,-0.3879,-0.3951,-0.4023,-0.4093,-0.1004,-0.0717,-0.0449,-0.0228,0.007,0.0817,0.2493,0.4977,0.5853,0.3467,0.0712,-0.0984,-0.1936,-0.2579,-0.3198,-0.4028,-0.536,-0.7501,-0.9832,-0.9311,-0.6118,-0.4201,-0.4141,-0.415,-0.3992,-0.3838,-0.3736,-0.3686,-0.3681,-0.3712,-0.3769,-0.3843,-0.3928,-0.4016,-0.4104,-0.4185,-0.0821,-0.0384,0.004,0.024,0.025,0.0766,0.2869,0.7332,0.9572,0.4786,0.0649,-0.1236,-0.2075,-0.2586,-0.3104,-0.3873,-0.5313,-0.8264,-1.2941,-1.2422,-0.7037,-0.4755,-0.4271,-0.4073,-0.3881,-0.3734,-0.3649,-0.3621,-0.364,-0.3697,-0.3781,-0.3881,-0.399,-0.41,-0.4205,-0.43,-0.0679,0.0005,0.0877,0.1289,0.0605,0.0177,0.131,0.4412,0.5864,0.2126,-0.0847,-0.1953,-0.2328,-0.2596,-0.2963,-0.3506,-0.453,-0.6656,-0.9581,-0.8869,-0.5391,-0.4252,-0.4014,-0.384,-0.3685,-0.3576,-0.3526,-0.3533,-0.3588,-0.368,-0.3799,-0.3934,-0.4074,-0.4211,-0.4336,-0.4446,-0.0713,0.0142,0.1654,0.2881,0.1003,-0.0706,-0.1179,-0.1117,-0.1727,-0.3017,-0.3311,-0.2885,-0.2541,-0.2571,-0.2958,-0.3306,-0.361,-0.443,-0.5313,-0.4786,-0.3194,-0.3252,-0.354,-0.3514,-0.343,-0.3375,-0.3372,-0.3425,-0.3527,-0.3666,-0.3832,-0.4011,-0.419,-0.4359,-0.4508,-0.4633,-0.1026,-0.0421,0.0549,0.1142,-0.0487,-0.1906,-0.3214,-0.5077,-0.8083,-0.9096,-0.6139,-0.3612,-0.2472,-0.2382,-0.3423,-0.4085,-0.3136,-0.306,-0.3391,-0.3459,-0.318,-0.3154,-0.3214,-0.3188,-0.3149,-0.3143,-0.3191,-0.3299,-0.346,-0.3662,-0.3889,-0.4125,-0.4354,-0.4561,-0.4737,-0.4875,-0.15,-0.1336,-0.1488,-0.2448,-0.2545,-0.2954,-0.4393,-0.6959,-1.4005,-1.7715,-0.8327,-0.3565,-0.1908,-0.1669,-0.2852,-0.3895,-0.2403,-0.2125,-0.2362,-0.2632,-0.2799,-0.2857,-0.2864,-0.2854,-0.2849,-0.288,-0.2979,-0.3154,-0.3392,-0.3675,-0.3984,-0.4295,-0.4588,-0.4842,-0.5045,-0.5193,-0.193,-0.1974,-0.225,-0.2716,-0.286,-0.3531,-0.4702,-0.5806,-0.9708,-1.2565,-0.6334,-0.2345,-0.0965,-0.0901,-0.091,-0.0966,-0.0966,-0.1506,-0.1889,-0.2027,-0.2219,-0.2375,-0.2472,-0.252,-0.2535,-0.2576,-0.2723,-0.2984,-0.3326,-0.372,-0.4139,-0.4552,-0.4927,-0.5237,-0.5466,-0.5614,-0.2248,-0.2339,-0.2528,-0.2787,-0.3151,-0.3851,-0.4657,-0.4914,-0.532,-0.5529,-0.3128,-0.038,0.0428,-0.0672,-0.0175,0.1156,0.0608,-0.2029,-0.2322,-0.1694,-0.1762,-0.1948,-0.2121,-0.2232,-0.2235,-0.2227,-0.2425,-0.2806,-0.3283,-0.3823,-0.4393,-0.4946,-0.5429,-0.5803,-0.6048,-0.6174,-0.2474,-0.2577,-0.2743,-0.2987,-0.3347,-0.3855,-0.4396,-0.4732,-0.4588,-0.3631,-0.1751,0.1219,0.2376,0.4022,0.2356,0.4984,0.3263,-0.0232,-0.1349,-0.1237,-0.134,-0.154,-0.1803,-0.2015,-0.205,-0.1984,-0.2206,-0.2679,-0.3296,-0.4021,-0.4802,-0.5556,-0.6187,-0.6628,-0.6862,-0.692,-0.2632,-0.2734,-0.2883,-0.3087,-0.3353,-0.3662,-0.3939,-0.4036,-0.3729,-0.2994,-0.2091,-0.0787,0.1082,0.2905,0.2846,0.5782,0.3299,0.133,-0.0254,-0.0759,-0.0769,-0.097,-0.1443,-0.1813,-0.1978,-0.2017,-0.2179,-0.2632,-0.3378,-0.4356,-0.5456,-0.6518,-0.7358,-0.7855,-0.8008,-0.7908,-0.2742,-0.2832,-0.2953,-0.3104,-0.3275,-0.3438,-0.3538,-0.3497,-0.3272,-0.3064,-0.3441,-0.2812,-0.1836,-0.0169,0.0728,0.1999,0.2166,0.0724,-0.0402,-0.0532,0.0358,-0.0018,-0.1075,-0.158,-0.1721,-0.1763,-0.1914,-0.2439,-0.3446,-0.485,-0.6484,-0.8062,-0.9212,-0.9703,-0.9613,-0.9187,-0.2816,-0.2891,-0.2984,-0.3087,-0.3191,-0.3272,-0.33,-0.3252,-0.3157,-0.3173,-0.3487,-0.3315,-0.5009,-0.5843,-0.255,-0.1253,-0.0709,-0.0895,-0.112,-0.0857,0.0477,0.003,-0.1101,-0.14,-0.1113,-0.0683,-0.0733,-0.1664,-0.3325,-0.55,-0.8058,-1.0568,-1.2197,-1.2475,-1.1783,-1.0749,-0.2869,-0.2929,-0.2998,-0.3069,-0.3133,-0.3178,-0.3192,-0.3175,-0.3158,-0.3208,-0.3379,-0.3925,-0.6052,-0.6781,-0.6019,-0.5879,-0.3645,-0.1918,-0.1126,-0.1696,-0.1445,-0.1422,-0.1663,-0.1299,0.0068,0.2022,0.2338,0.0108,-0.2933,-0.6281,-1.0288,-1.4482,-1.6844,-1.6351,-1.4417,-1.2423,-0.2909,-0.2958,-0.301,-0.3061,-0.3107,-0.3141,-0.3161,-0.3177,-0.3214,-0.3317,-0.3561,-0.4116,-0.514,-0.6729,-1.1952,-1.4309,-0.6706,-0.3025,-0.2097,-0.3136,-0.2991,-0.2781,-0.252,-0.1447,0.153,0.6987,0.8164,0.232,-0.2696,-0.7093,-1.2678,-1.9325,-2.2598,-2.0491,-1.6801,-1.3771,-0.2944,-0.2984,-0.3026,-0.3067,-0.3106,-0.314,-0.3174,-0.3217,-0.3292,-0.3436,-0.3711,-0.4218,-0.5134,-0.7059,-1.1229,-1.2445,-0.7306,-0.4446,-0.448,-0.4919,-0.4215,-0.4179,-0.3915,-0.2526,0.0905,0.7521,0.9026,0.1032,-0.3672,-0.7711,-1.3512,-2.1265,-2.4975,-2.1994,-1.759,-1.4224,-0.2976,-0.3011,-0.3047,-0.3084,-0.3122,-0.3161,-0.3207,-0.327,-0.3368,-0.3531,-0.3802,-0.4248,-0.4983,-0.617,-0.76,-0.7737,-0.6164,-0.4879,-0.4659,-0.4837,-0.5338,-0.6443,-0.6643,-0.5015,-0.2587,-0.147,-0.4592,-0.5043,-0.5791,-0.8085,-1.2041,-1.7566,-2.0681,-1.9248,-1.6233,-1.3593,-0.3008,-0.3039,-0.3073,-0.3109,-0.3148,-0.3192,-0.3247,-0.3322,-0.343,-0.3592,-0.3835,-0.4191,-0.4692,-0.5314,-0.5839,-0.5873,-0.5414,-0.4999,-0.5018,-0.563,-0.7468,-1.0835,-1.1794,-0.8497,-0.5717,-0.5973,-0.8687,-0.7708,-0.7678,-0.8571,-1.0273,-1.3074,-1.5147,-1.5154,-1.3858,-1.23,-0.304,-0.307,-0.3103,-0.3139,-0.318,-0.3228,-0.3289,-0.3368,-0.3477,-0.3626,-0.3831,-0.4101,-0.4432,-0.4782,-0.5048,-0.513,-0.5072,-0.5092,-0.5455,-0.6554,-0.9268,-1.4113,-1.5514,-1.0814,-0.7379,-0.6709,-0.7401,-0.8133,-0.9511,-0.9355,-0.9448,-1.0564,-1.1716,-1.209,-1.1693,-1.0916,-0.3072,-0.3101,-0.3134,-0.3171,-0.3214,-0.3265,-0.3327,-0.3407,-0.351,-0.3644,-0.3813,-0.4019,-0.4251,-0.4482,-0.4673,-0.4806,-0.4925,-0.5155,-0.5688,-0.6825,-0.8982,-1.185,-1.2542,-1.0059,-0.7788,-0.7029,-0.7362,-0.8482,-0.9734,-0.9463,-0.9084,-0.9386,-0.9915,-1.0204,-1.0114,-0.9742]}]