docs/data/wind_grid.json
[{"header":{"la1":42.85,"la2":41.18,"lo1":11.55,"lo2":14.05,"nx":36,"ny":24,"dx":0.07143,"dy":0.07261,"parameterCategory":2,"parameterNumber":2,"parameterNumberName":"eastward_wind","parameterUnit":"m.s-1"},"data":[-0.3869,-0.3973,-0.4078,-0.4181,-0.4277,-0.4357,-0.4407,-0.4412,-0.4365,-0.4273,-0.4162,-0.4064,-0.4012,-0.4026,-0.4115,-0.4267,-0.4456,-0.4637,-0.4757,-0.4775,-0.4676,-0.4476,-0.421,-0.3914,-0.3618,-0.3342,-0.3093,-0.2876,-0.2691,-0.2534,-0.2403,-0.2294,-0.2205,-0.2131,-0.207,-0.202,-0.4007,-0.4134,-0.4266,-0.4403,-0.4542,-0.4671,-0.4765,-0.4793,-0.473,-0.4582,-0.4394,-0.4225,-0.413,-0.4143,-0.4278,-0.4525,-0.4846,-0.5167,-0.5392,-0.544,-0.5289,-0.4981,-0.4588,-0.4175,-0.3784,-0.3435,-0.3135,-0.2883,-0.2674,-0.2504,-0.2365,-0.2253,-0.2163,-0.209,-0.2032,-0.1986,-0.4154,-0.4305,-0.4469,-0.465,-0.4851,-0.5062,-0.5246,-0.5335,-0.526,-0.5017,-0.4689,-0.4394,-0.4223,-0.4227,-0.4426,-0.4816,-0.5355,-0.5927,-0.6345,-0.6435,-0.6166,-0.5653,-0.5048,-0.4461,-0.3943,-0.3507,-0.3151,-0.2863,-0.2634,-0.2453,-0.231,-0.2198,-0.211,-0.2042,-0.1988,-0.1946,-0.4309,-0.4486,-0.4682,-0.4912,-0.5194,-0.5536,-0.59,-0.6148,-0.6088,-0.5666,-0.5074,-0.4558,-0.4263,-0.4244,-0.4523,-0.5118,-0.6013,-0.7052,-0.7852,-0.7995,-0.7441,-0.6524,-0.5572,-0.4741,-0.4066,-0.3536,-0.3124,-0.2807,-0.2563,-0.2377,-0.2235,-0.2127,-0.2046,-0.1985,-0.1938,-0.1903,-0.4474,-0.4677,-0.4901,-0.5172,-0.5538,-0.6063,-0.676,-0.7408,-0.7461,-0.6667,-0.5554,-0.4676,-0.4206,-0.415,-0.4514,-0.5361,-0.6789,-0.87,-1.0321,-1.0496,-0.924,-0.7555,-0.6079,-0.4946,-0.4108,-0.3492,-0.3038,-0.2702,-0.2454,-0.2271,-0.2138,-0.2041,-0.1971,-0.192,-0.1884,-0.1858,-0.4655,-0.4885,-0.5128,-0.5413,-0.5823,-0.6519,-0.7704,-0.9233,-0.9694,-0.8063,-0.6002,-0.464,-0.3988,-0.39,-0.4329,-0.5393,-0.7433,-1.0757,-1.4095,-1.4163,-1.1353,-0.8464,-0.6381,-0.4973,-0.4013,-0.3345,-0.2874,-0.2539,-0.2302,-0.2135,-0.2019,-0.194,-0.1886,-0.185,-0.1827,-0.1812,-0.4861,-0.5132,-0.5392,-0.5652,-0.6002,-0.6678,-0.8139,-1.0689,-1.1879,-0.898,-0.5952,-0.4281,-0.3555,-0.3477,-0.394,-0.5042,-0.732,-1.1761,-1.7154,-1.6956,-1.2393,-0.8606,-0.6218,-0.4717,-0.3736,-0.3075,-0.2623,-0.2315,-0.2107,-0.1969,-0.1881,-0.1827,-0.1795,-0.1778,-0.1771,-0.1769,-0.5104,-0.5453,-0.5766,-0.599,-0.6153,-0.6481,-0.7397,-0.9165,-0.9874,-0.743,-0.4948,-0.3521,-0.2898,-0.293,-0.3475,-0.4409,-0.6123,-0.9566,-1.3879,-1.4017,-1.058,-0.7511,-0.5476,-0.4151,-0.3271,-0.2679,-0.2285,-0.203,-0.1871,-0.1777,-0.1728,-0.1706,-0.1703,-0.1709,-0.172,-0.1732,-0.5377,-0.5878,-0.6361,-0.6645,-0.6566,-0.6321,-0.6271,-0.6369,-0.5966,-0.4785,-0.3522,-0.2528,-0.2047,-0.2341,-0.3351,-0.4198,-0.4841,-0.6342,-0.8201,-0.8603,-0.7347,-0.5725,-0.4373,-0.3369,-0.2658,-0.2177,-0.187,-0.1692,-0.1602,-0.1567,-0.1567,-0.1587,-0.1616,-0.1648,-0.1678,-0.1706,-0.5629,-0.6361,-0.723,-0.7899,-0.7622,-0.6626,-0.5829,-0.5058,-0.3969,-0.3136,-0.245,-0.15,-0.0905,-0.15,-0.4194,-0.5672,-0.4417,-0.4615,-0.5299,-0.5481,-0.4982,-0.4127,-0.3249,-0.251,-0.1956,-0.1592,-0.1392,-0.1313,-0.1311,-0.135,-0.141,-0.1477,-0.1543,-0.1603,-0.1654,-0.1695,-0.5748,-0.6681,-0.8006,-0.9437,-0.9122,-0.7189,-0.6161,-0.5244,-0.3121,-0.2219,-0.1882,-0.0451,0.0772,0.0779,-0.2744,-0.5399,-0.3802,-0.4255,-0.4757,-0.4476,-0.3781,-0.2996,-0.2266,-0.1657,-0.1204,-0.0941,-0.086,-0.0907,-0.1015,-0.1144,-0.1273,-0.1392,-0.1497,-0.1584,-0.1654,-0.1708,-0.5625,-0.6538,-0.7822,-0.9175,-0.8839,-0.7249,-0.7155,-0.7493,-0.5018,-0.2827,-0.1437,0.0639,0.2695,0.4704,0.3167,-0.0523,-0.3023,-0.5988,-0.666,-0.4868,-0.3238,-0.2137,-0.1385,-0.083,-0.0422,-0.0229,-0.029,-0.0498,-0.0741,-0.0971,-0.1174,-0.1347,-0.149,-0.1604,-0.1689,-0.175,-0.5265,-0.5951,-0.6751,-0.7343,-0.7166,-0.6907,-0.7959,-0.9854,-0.7986,-0.3854,-0.0799,0.1588,0.3293,0.6155,0.5366,0.0932,-0.3424,-1.055,-1.067,-0.54,-0.2563,-0.1177,-0.0489,-0.0065,0.0316,0.0491,0.0262,-0.0143,-0.0531,-0.0862,-0.1137,-0.1363,-0.1542,-0.1675,-0.1769,-0.183,-0.4777,-0.5217,-0.5641,-0.5906,-0.5971,-0.6241,-0.7218,-0.8506,-0.7183,-0.3285,-0.027,0.2192,0.3049,0.4613,0.3039,-0.0026,-0.3337,-0.72,-0.7508,-0.3559,-0.0878,0.0287,0.0544,0.0559,0.0753,0.0936,0.0598,0.0053,-0.0439,-0.085,-0.119,-0.1463,-0.1669,-0.1814,-0.1905,-0.1954,-0.4267,-0.4531,-0.4756,-0.4903,-0.5003,-0.5199,-0.554,-0.5562,-0.4248,-0.1993,-0.0344,0.0835,0.2194,0.3002,0.1764,-0.2369,-0.604,-0.3688,-0.2385,-0.0077,0.2179,0.2626,0.1858,0.113,0.0833,0.0811,0.0522,0.0014,-0.0501,-0.0963,-0.1356,-0.167,-0.1897,-0.2037,-0.2108,-0.2128,-0.3786,-0.3932,-0.404,-0.4097,-0.4111,-0.4095,-0.3971,-0.3488,-0.2429,-0.1207,-0.0812,-0.0792,0.0311,0.1678,0.1012,-0.1781,-0.4274,-0.1627,0.0603,0.3079,0.6372,0.5679,0.3245,0.1755,0.1006,0.0644,0.0297,-0.017,-0.0694,-0.1205,-0.1655,-0.201,-0.2246,-0.2362,-0.2384,-0.2352,-0.3349,-0.3413,-0.3439,-0.3416,-0.3334,-0.3169,-0.2861,-0.2322,-0.1566,-0.0881,-0.0713,-0.0341,0.0582,0.1051,0.1305,0.0832,0.0504,0.1786,0.3264,0.4473,0.7044,0.6232,0.373,0.2111,0.119,0.0665,0.0221,-0.0336,-0.0967,-0.1571,-0.2094,-0.25,-0.2735,-0.2791,-0.2727,-0.2613,-0.296,-0.2964,-0.293,-0.2847,-0.2699,-0.2467,-0.2121,-0.1646,-0.1089,-0.0584,-0.0199,0.0297,0.0922,0.1341,0.2882,0.3669,0.332,0.4511,0.5784,0.5209,0.5226,0.4701,0.3387,0.21,0.1247,0.0917,0.0543,-0.0357,-0.1316,-0.2066,-0.2655,-0.3113,-0.3336,-0.3287,-0.3096,-0.2882,-0.2618,-0.2579,-0.2503,-0.238,-0.2198,-0.1945,-0.1611,-0.1201,-0.0745,-0.0289,0.0169,0.071,0.1421,0.2795,0.6477,0.7901,0.5123,0.5309,0.6255,0.6974,0.5787,0.4468,0.3215,0.1968,0.1198,0.1731,0.1809,-0.0348,-0.1942,-0.2745,-0.3252,-0.3676,-0.3869,-0.3711,-0.3404,-0.3106,-0.2319,-0.2251,-0.2147,-0.2001,-0.1805,-0.1553,-0.1241,-0.0876,-0.0472,-0.0039,0.044,0.1028,0.1882,0.3445,0.619,0.7085,0.5455,0.5904,0.8977,1.0398,0.6936,0.4891,0.3474,0.1924,0.0681,0.1466,0.1725,-0.1994,-0.3397,-0.3735,-0.3808,-0.3919,-0.4022,-0.3868,-0.3559,-0.3246,-0.2061,-0.1973,-0.1852,-0.1695,-0.1496,-0.1252,-0.0962,-0.063,-0.0258,0.0152,0.0622,0.1199,0.1976,0.3065,0.4295,0.4856,0.4876,0.568,0.7559,0.8181,0.6614,0.5614,0.462,0.2429,-0.0436,-0.3432,-0.7565,-0.7143,-0.5754,-0.5171,-0.4581,-0.4129,-0.3973,-0.3834,-0.3587,-0.3304,-0.184,-0.1738,-0.1609,-0.1448,-0.1252,-0.1019,-0.0749,-0.0443,-0.01,0.0283,0.0719,0.1235,0.1859,0.2585,0.3291,0.3798,0.4215,0.487,0.5704,0.6138,0.6438,0.7751,0.7875,0.4247,-0.0698,-0.6289,-1.1604,-0.966,-0.7866,-0.7129,-0.5846,-0.4766,-0.419,-0.3875,-0.3598,-0.3322,-0.1651,-0.1542,-0.1409,-0.1248,-0.1058,-0.0838,-0.0587,-0.0305,0.001,0.0359,0.075,0.1192,0.1688,0.2217,0.2728,0.3182,0.3622,0.413,0.4696,0.5353,0.6729,0.9694,1.062,0.5893,0.0156,-0.4767,-0.7927,-0.8757,-1.0256,-0.941,-0.717,-0.5502,-0.4545,-0.3999,-0.3627,-0.3324,-0.149,-0.1378,-0.1244,-0.1087,-0.0906,-0.0699,-0.0466,-0.0207,0.0079,0.0393,0.0737,0.1113,0.1516,0.1931,0.2339,0.273,0.312,0.354,0.4031,0.4726,0.5982,0.7797,0.7982,0.4828,0.0559,-0.3175,-0.595,-0.8361,-1.0535,-0.9717,-0.7507,-0.5795,-0.4725,-0.4067,-0.3628,-0.3299]},{"header":{"la1":42.85,"la2":41.18,"lo1":11.55,"lo2":14.05,"nx":36,"ny":24,"dx":0.07143,"dy":0.07261,"parameterCategory":2,"parameterNumber":3,"parameterNumberName":"northward_wind","parameterUnit":"m.s-1"},"data":[0.1962,0.2114,0.2277,0.2449,0.2618,0.2767,0.2868,0.2889,0.2811,0.2633,0.2378,0.2084,0.1785,0.1506,0.1258,0.1045,0.0867,0.0718,0.0595,0.0491,0.0402,0.032,0.0242,0.0164,0.0086,0.0008,-0.0071,-0.015,-0.0227,-0.0303,-0.0376,-0.0446,-0.0513,-0.0576,-0.0635,-0.069,0.2074,0.2258,0.2467,0.27,0.295,0.3191,0.3381,0.346,0.3377,0.313,0.2764,0.235,0.1948,0.159,0.1289,0.1041,0.0841,0.0681,0.0554,0.0453,0.0368,0.0291,0.0215,0.0138,0.0058,-0.0024,-0.0107,-0.0191,-0.0273,-0.0353,-0.043,-0.0504,-0.0575,-0.0641,-0.0703,-0.0759,0.2178,0.2397,0.2656,0.2965,0.3328,0.3721,0.4078,0.4281,0.4209,0.3839,0.3276,0.2668,0.2116,0.1658,0.1295,0.1011,0.0789,0.0619,0.0492,0.0398,0.0324,0.0256,0.0185,0.0109,0.0026,-0.006,-0.0149,-0.0238,-0.0326,-0.0411,-0.0493,-0.0571,-0.0645,-0.0715,-0.0779,-0.0838,0.227,0.2519,0.2827,0.3221,0.3731,0.4361,0.5036,0.5523,0.5508,0.4897,0.3959,0.3028,0.2266,0.1691,0.1265,0.0948,0.0708,0.0528,0.0402,0.0323,0.0268,0.0216,0.0153,0.0077,-0.001,-0.0103,-0.0198,-0.0294,-0.0388,-0.0478,-0.0565,-0.0648,-0.0726,-0.0799,-0.0867,-0.0928,0.2346,0.2617,0.296,0.3425,0.4093,0.5057,0.6311,0.7471,0.7661,0.6506,0.4817,0.3374,0.2351,0.1659,0.1186,0.0851,0.06,0.0407,0.0278,0.0222,0.0204,0.0175,0.012,0.0042,-0.0052,-0.0153,-0.0258,-0.0361,-0.0462,-0.0558,-0.065,-0.0737,-0.082,-0.0896,-0.0966,-0.1029,0.2411,0.2694,0.3044,0.3529,0.4294,0.5592,0.7713,1.0334,1.1165,0.8717,0.5643,0.3547,0.2293,0.153,0.1045,0.072,0.0479,0.0274,0.0126,0.0103,0.014,0.0139,0.0089,0.0004,-0.0102,-0.0216,-0.0332,-0.0444,-0.0551,-0.0652,-0.0749,-0.084,-0.0927,-0.1008,-0.1081,-0.1146,0.2479,0.2773,0.3103,0.3523,0.4205,0.5549,0.8254,1.2644,1.4606,1.0168,0.5734,0.3311,0.2025,0.1283,0.0826,0.0546,0.0363,0.0189,0.0024,0.0026,0.0106,0.0118,0.006,-0.0041,-0.0166,-0.0298,-0.0427,-0.0548,-0.066,-0.0764,-0.0864,-0.096,-0.1052,-0.1137,-0.1214,-0.1281,0.2574,0.291,0.3239,0.3531,0.3887,0.4706,0.6665,1.0017,1.1399,0.7847,0.4467,0.2612,0.1579,0.0927,0.0491,0.0269,0.0216,0.0178,0.0094,0.0085,0.0128,0.0113,0.003,-0.01,-0.0255,-0.0412,-0.0556,-0.0682,-0.0794,-0.0898,-0.1,-0.1099,-0.1196,-0.1287,-0.1368,-0.1437,0.2706,0.3173,0.3642,0.3902,0.3771,0.3594,0.4,0.4901,0.5062,0.3968,0.2724,0.1786,0.1107,0.0524,-0.0042,-0.0277,-0.0063,0.0134,0.0184,0.0185,0.0174,0.0117,-0.0006,-0.0184,-0.0386,-0.0578,-0.0736,-0.086,-0.0962,-0.1058,-0.1157,-0.126,-0.1364,-0.1463,-0.155,-0.1621,0.2837,0.355,0.4477,0.5207,0.4629,0.2949,0.1849,0.1693,0.1995,0.2061,0.1656,0.1191,0.0781,0.024,-0.0839,-0.1377,-0.0426,0.0078,0.0213,0.024,0.0218,0.0127,-0.0052,-0.0309,-0.0594,-0.0839,-0.1003,-0.11,-0.1168,-0.1243,-0.1336,-0.1446,-0.1562,-0.1673,-0.1767,-0.1841,0.2845,0.3786,0.5341,0.7283,0.6643,0.261,-0.0151,-0.0605,0.1501,0.2558,0.1263,0.085,0.0656,0.0345,-0.062,-0.1359,-0.0257,0.0118,0.0169,0.0241,0.0266,0.0162,-0.0101,-0.0504,-0.095,-0.1281,-0.1417,-0.1425,-0.1415,-0.1449,-0.1537,-0.1662,-0.1799,-0.1928,-0.2034,-0.2108,0.2602,0.3479,0.4951,0.6791,0.5877,0.1041,-0.2913,-0.4571,-0.1592,0.0929,0.0574,0.0638,0.0635,0.0285,0.0606,0.0472,0.0431,-0.0086,-0.0252,0.0147,0.0361,0.027,-0.0125,-0.0804,-0.1589,-0.2073,-0.2067,-0.1844,-0.1682,-0.166,-0.1754,-0.1914,-0.2091,-0.225,-0.2368,-0.2438,0.2121,0.2647,0.3312,0.3632,0.2213,-0.1175,-0.495,-0.7943,-0.5819,-0.1803,-0.006,0.0539,0.0847,0.0624,0.1348,0.1555,0.1205,-0.1195,-0.1313,0.0135,0.0641,0.0566,-0.0028,-0.1178,-0.2667,-0.3439,-0.2983,-0.2283,-0.1905,-0.1846,-0.1988,-0.2224,-0.2471,-0.2672,-0.2801,-0.2855,0.1563,0.1735,0.1783,0.1388,0.0131,-0.1976,-0.4434,-0.6414,-0.5227,-0.1877,-0.0051,0.0414,0.0735,0.354,0.2346,0.3411,0.4127,0.1026,0.0025,0.0868,0.1387,0.1289,0.0413,-0.1276,-0.3664,-0.4828,-0.3674,-0.2466,-0.1966,-0.1974,-0.2254,-0.2637,-0.2996,-0.3253,-0.338,-0.3391,0.1072,0.1035,0.0839,0.0347,-0.0537,-0.1728,-0.2911,-0.3464,-0.2552,-0.0788,0.0331,0.0698,0.1855,0.3851,0.299,0.7252,1.2941,0.5493,0.2152,0.2086,0.3109,0.2942,0.1441,-0.0529,-0.2783,-0.3911,-0.3013,-0.2038,-0.1773,-0.2046,-0.2609,-0.3246,-0.3776,-0.4089,-0.4172,-0.4081,0.0701,0.058,0.0341,-0.0059,-0.0617,-0.1232,-0.1691,-0.1685,-0.1003,0.0154,0.1377,0.0284,0.0417,0.1301,0.2106,0.6035,0.9946,0.4641,0.1727,0.2934,0.6795,0.5875,0.2713,0.0639,-0.0738,-0.1376,-0.1203,-0.1021,-0.134,-0.212,-0.3166,-0.4221,-0.4997,-0.5326,-0.5258,-0.4957,0.0443,0.0306,0.0096,-0.0191,-0.0526,-0.0833,-0.0991,-0.0871,-0.0423,0.03,0.1115,0.0218,-0.2378,-0.3429,-0.0308,0.1514,0.1988,-0.0403,-0.2045,0.1198,0.7138,0.6075,0.2827,0.1318,0.0902,0.1017,0.1028,0.0431,-0.073,-0.2278,-0.4085,-0.5829,-0.6948,-0.7152,-0.6701,-0.6007,0.0268,0.0142,-0.0023,-0.0221,-0.0424,-0.0584,-0.0642,-0.0553,-0.0328,-0.0062,-0.003,-0.0839,-0.3255,-0.3884,-0.2082,-0.1666,-0.1832,-0.5517,-0.955,-0.3447,0.1223,0.2265,0.1613,0.146,0.2387,0.3987,0.4266,0.243,-0.0019,-0.2583,-0.5476,-0.8356,-0.9933,-0.9646,-0.8417,-0.7114,0.0148,0.0042,-0.0086,-0.0224,-0.0355,-0.0451,-0.0487,-0.0456,-0.0385,-0.0357,-0.0524,-0.107,-0.193,-0.2508,-0.3744,-0.4385,-0.3212,-0.5335,-0.7267,-0.3579,-0.1439,-0.0206,0.0356,0.1305,0.3804,0.8263,0.9199,0.4484,0.0394,-0.3021,-0.7019,-1.1442,-1.3515,-1.2235,-0.9935,-0.799,0.0063,-0.0025,-0.0125,-0.0227,-0.032,-0.0391,-0.0431,-0.0446,-0.0461,-0.0527,-0.0715,-0.1074,-0.1583,-0.2286,-0.3531,-0.3952,-0.3129,-0.329,-0.2609,-0.2036,-0.2002,-0.1464,-0.0835,0.0491,0.3393,0.8722,0.9898,0.3532,-0.0325,-0.3474,-0.7579,-1.2658,-1.4958,-1.3153,-1.0426,-0.8275,-0.0002,-0.0076,-0.0156,-0.0236,-0.031,-0.0373,-0.0422,-0.0466,-0.0522,-0.0621,-0.0795,-0.1064,-0.1437,-0.1931,-0.2485,-0.2705,-0.2591,-0.2561,-0.2391,-0.2266,-0.2466,-0.281,-0.2624,-0.1287,0.0663,0.1635,-0.0702,-0.1203,-0.209,-0.3949,-0.6706,-1.0337,-1.2325,-1.1449,-0.9557,-0.7857,-0.0054,-0.0118,-0.0185,-0.0253,-0.0318,-0.0378,-0.0434,-0.0494,-0.0569,-0.0675,-0.083,-0.1042,-0.1314,-0.163,-0.1929,-0.2114,-0.22,-0.2283,-0.2388,-0.2656,-0.3539,-0.5253,-0.5677,-0.3607,-0.1728,-0.1897,-0.3734,-0.3305,-0.397,-0.4785,-0.5799,-0.7538,-0.8853,-0.8859,-0.8025,-0.7004,-0.0098,-0.0155,-0.0214,-0.0275,-0.0334,-0.0394,-0.0454,-0.0522,-0.0603,-0.0707,-0.0844,-0.1015,-0.1219,-0.1441,-0.1652,-0.1827,-0.198,-0.2158,-0.2438,-0.3034,-0.4463,-0.7014,-0.774,-0.5077,-0.2989,-0.263,-0.3235,-0.4374,-0.6288,-0.6014,-0.5593,-0.6049,-0.6689,-0.6892,-0.6613,-0.6086,-0.0138,-0.019,-0.0244,-0.0299,-0.0356,-0.0415,-0.0478,-0.0547,-0.0629,-0.0728,-0.0849,-0.0992,-0.1155,-0.1329,-0.1504,-0.1675,-0.1857,-0.2088,-0.2446,-0.3092,-0.4266,-0.58,-0.6142,-0.4715,-0.3395,-0.3062,-0.3598,-0.5038,-0.6582,-0.6213,-0.5479,-0.5363,-0.5555,-0.5671,-0.5573,-0.5301]}]