docs/data/wind_grid.json
[{"header":{"la1":42.85,"la2":41.18,"lo1":11.55,"lo2":14.05,"nx":36,"ny":24,"dx":0.07143,"dy":0.07261,"parameterCategory":2,"parameterNumber":2,"parameterNumberName":"eastward_wind","parameterUnit":"m.s-1"},"data":[-0.3567,-0.3612,-0.3652,-0.3688,-0.3719,-0.3741,-0.3748,-0.3731,-0.3686,-0.3623,-0.3561,-0.3528,-0.3548,-0.3634,-0.3788,-0.3999,-0.4239,-0.4471,-0.4652,-0.4749,-0.4753,-0.4675,-0.4542,-0.4383,-0.4218,-0.4061,-0.3918,-0.3791,-0.3679,-0.3582,-0.3498,-0.3423,-0.3357,-0.3299,-0.3247,-0.32,-0.3701,-0.3758,-0.381,-0.386,-0.391,-0.3956,-0.3984,-0.3974,-0.3909,-0.3795,-0.367,-0.3585,-0.3579,-0.3677,-0.3883,-0.4183,-0.4539,-0.4891,-0.5162,-0.5289,-0.5257,-0.5103,-0.488,-0.4637,-0.4405,-0.4198,-0.4019,-0.3866,-0.3737,-0.3627,-0.3533,-0.3452,-0.3382,-0.3319,-0.3264,-0.3215,-0.3863,-0.3934,-0.3999,-0.4067,-0.4146,-0.4237,-0.4321,-0.4348,-0.4262,-0.4063,-0.3821,-0.3637,-0.3581,-0.3688,-0.3963,-0.4394,-0.4938,-0.5497,-0.5923,-0.6086,-0.5969,-0.5663,-0.5286,-0.492,-0.4598,-0.433,-0.4111,-0.3933,-0.3787,-0.3666,-0.3564,-0.3477,-0.3403,-0.3337,-0.3279,-0.3228,-0.406,-0.4149,-0.4228,-0.4312,-0.4426,-0.4595,-0.4805,-0.495,-0.4866,-0.4504,-0.4035,-0.3672,-0.353,-0.3639,-0.4002,-0.4617,-0.5459,-0.6393,-0.7117,-0.7319,-0.6985,-0.6379,-0.5749,-0.5208,-0.4778,-0.4445,-0.4187,-0.3986,-0.3826,-0.3696,-0.3589,-0.3498,-0.342,-0.3352,-0.3292,-0.3239,-0.4306,-0.4421,-0.4512,-0.4599,-0.4737,-0.5011,-0.547,-0.5948,-0.5954,-0.525,-0.4318,-0.3651,-0.3385,-0.3494,-0.3955,-0.4798,-0.608,-0.7702,-0.9053,-0.9266,-0.8395,-0.7218,-0.6209,-0.5456,-0.4914,-0.4524,-0.4237,-0.402,-0.3852,-0.3718,-0.3607,-0.3514,-0.3434,-0.3364,-0.3303,-0.3248,-0.4624,-0.4784,-0.4891,-0.4953,-0.5055,-0.5389,-0.622,-0.7482,-0.7867,-0.637,-0.4555,-0.3474,-0.3091,-0.3216,-0.377,-0.4818,-0.6606,-0.9332,-1.1975,-1.2073,-1.0028,-0.7971,-0.6532,-0.5592,-0.4973,-0.4551,-0.4253,-0.4034,-0.3866,-0.3732,-0.3621,-0.3527,-0.3446,-0.3374,-0.3311,-0.3255,-0.5041,-0.5297,-0.5452,-0.5463,-0.5401,-0.5565,-0.6533,-0.8752,-0.9868,-0.7078,-0.4297,-0.2972,-0.2597,-0.2798,-0.3428,-0.4542,-0.6545,-1.0143,-1.4319,-1.4184,-1.0857,-0.8173,-0.6539,-0.5552,-0.4931,-0.4522,-0.4238,-0.4031,-0.387,-0.374,-0.3631,-0.3537,-0.3455,-0.3383,-0.3318,-0.3261,-0.558,-0.604,-0.6367,-0.6371,-0.5988,-0.5552,-0.5767,-0.7156,-0.7778,-0.5273,-0.3005,-0.2044,-0.1902,-0.2291,-0.3042,-0.4053,-0.5649,-0.8514,-1.1888,-1.2053,-0.9631,-0.7522,-0.6172,-0.5333,-0.4799,-0.4448,-0.4203,-0.402,-0.3873,-0.3749,-0.3642,-0.3547,-0.3464,-0.339,-0.3324,-0.3265,-0.6221,-0.7072,-0.7886,-0.8172,-0.7371,-0.5836,-0.458,-0.3874,-0.2989,-0.1702,-0.0978,-0.0823,-0.1055,-0.1786,-0.2969,-0.3908,-0.4708,-0.6196,-0.7838,-0.8291,-0.751,-0.6461,-0.5612,-0.5018,-0.4625,-0.4362,-0.4172,-0.4019,-0.3885,-0.3765,-0.3656,-0.3559,-0.3472,-0.3396,-0.3328,-0.3267,-0.6836,-0.8268,-1.0115,-1.1559,-1.0414,-0.6929,-0.394,-0.1567,0.1037,0.2192,0.1179,0.0431,-0.0027,-0.1108,-0.3719,-0.5074,-0.4459,-0.5223,-0.6178,-0.6497,-0.6198,-0.5638,-0.5107,-0.472,-0.4475,-0.4315,-0.4184,-0.4053,-0.3921,-0.3795,-0.3678,-0.3574,-0.3482,-0.3401,-0.3329,-0.3267,-0.7162,-0.908,-1.2115,-1.5736,-1.4693,-0.8194,-0.3854,-0.0883,0.4437,0.6872,0.2764,0.1438,0.1315,0.076,-0.25,-0.4866,-0.4287,-0.5829,-0.6889,-0.663,-0.5892,-0.5219,-0.4755,-0.4509,-0.4419,-0.4376,-0.429,-0.4151,-0.3993,-0.3842,-0.3708,-0.3591,-0.349,-0.3403,-0.3328,-0.3263,-0.6952,-0.8786,-1.166,-1.5003,-1.3748,-0.7432,-0.4018,-0.2932,0.0949,0.4061,0.2309,0.2075,0.2742,0.3784,0.2585,-0.1041,-0.4557,-0.9543,-1.0836,-0.8234,-0.6119,-0.4983,-0.4483,-0.4399,-0.4546,-0.4657,-0.4559,-0.4334,-0.4102,-0.3904,-0.3741,-0.3607,-0.3494,-0.34,-0.332,-0.3254,-0.6244,-0.7483,-0.9011,-1.0013,-0.8589,-0.5513,-0.4144,-0.4842,-0.3312,0.0019,0.1586,0.2771,0.3458,0.5148,0.477,0.0204,-0.5613,-1.7249,-1.756,-0.9672,-0.6001,-0.4556,-0.4148,-0.4369,-0.4952,-0.5287,-0.5018,-0.4572,-0.4218,-0.3963,-0.377,-0.3616,-0.3489,-0.3386,-0.3303,-0.3237,-0.5324,-0.5957,-0.6484,-0.6465,-0.5519,-0.4222,-0.3699,-0.4047,-0.3058,-0.0363,0.1596,0.3611,0.4137,0.301,0.2439,-0.014,-0.3947,-1.1339,-1.2657,-0.7584,-0.4704,-0.3653,-0.361,-0.4257,-0.5401,-0.5978,-0.5396,-0.4722,-0.4289,-0.4001,-0.3785,-0.3609,-0.3466,-0.3355,-0.327,-0.3207,-0.4445,-0.4692,-0.4772,-0.4529,-0.3932,-0.3243,-0.2777,-0.2381,-0.1298,0.041,0.1677,0.2325,0.2408,0.2044,0.144,-0.0741,-0.2011,-0.3852,-0.5068,-0.3873,-0.2538,-0.2268,-0.2799,-0.3763,-0.4964,-0.5552,-0.5157,-0.4651,-0.4294,-0.4019,-0.3781,-0.3576,-0.3412,-0.3293,-0.3212,-0.3159,-0.3712,-0.3753,-0.3661,-0.3384,-0.294,-0.2418,-0.1879,-0.1205,-0.0172,0.1195,0.25,0.2012,0.1739,0.1439,0.0852,-0.0531,-0.1545,-0.1737,-0.189,-0.1444,-0.0514,-0.0813,-0.195,-0.3085,-0.408,-0.4639,-0.4712,-0.4563,-0.4328,-0.405,-0.376,-0.3497,-0.3298,-0.3177,-0.3117,-0.3088,-0.3133,-0.3071,-0.2911,-0.2636,-0.2254,-0.1792,-0.1253,-0.0586,0.0269,0.1299,0.227,0.1799,0.0506,-0.0066,0.0615,0.033,-0.0141,-0.0117,0.0049,-0.0233,-0.0161,-0.047,-0.1551,-0.2729,-0.3792,-0.4554,-0.4886,-0.4822,-0.4525,-0.4129,-0.3706,-0.3326,-0.3075,-0.2976,-0.297,-0.2993,-0.2684,-0.2571,-0.2386,-0.2121,-0.1778,-0.1366,-0.0884,-0.0325,0.03,0.091,0.1272,0.1053,0.0127,-0.0028,0.1314,0.171,0.113,0.1255,0.1789,0.0948,0.0117,-0.0549,-0.1501,-0.2778,-0.4241,-0.5551,-0.6005,-0.5576,-0.4917,-0.4255,-0.3588,-0.2995,-0.2675,-0.2662,-0.2777,-0.2884,-0.2339,-0.2203,-0.2012,-0.1763,-0.1456,-0.1097,-0.0691,-0.0249,0.0198,0.0586,0.0813,0.0823,0.0767,0.1314,0.3465,0.4297,0.2181,0.1734,0.2078,0.2311,0.1148,-0.0144,-0.1394,-0.2959,-0.506,-0.7401,-0.7913,-0.6539,-0.5355,-0.4397,-0.3431,-0.2523,-0.2134,-0.2307,-0.2596,-0.2797,-0.2074,-0.193,-0.1744,-0.1515,-0.1244,-0.0937,-0.0601,-0.0252,0.0085,0.0375,0.0589,0.0747,0.0999,0.1714,0.3253,0.3722,0.2337,0.2128,0.3723,0.4553,0.207,0.0304,-0.1096,-0.2834,-0.5202,-0.78,-0.8328,-0.6816,-0.5613,-0.4562,-0.345,-0.2337,-0.1899,-0.2181,-0.2547,-0.2779,-0.1872,-0.1729,-0.1553,-0.1346,-0.1109,-0.0847,-0.0569,-0.0288,-0.0018,0.0224,0.0434,0.0641,0.0927,0.14,0.1988,0.2149,0.1853,0.1974,0.2854,0.3084,0.1762,0.0648,-0.0354,-0.2094,-0.4453,-0.6477,-0.7345,-0.6852,-0.5719,-0.4748,-0.3793,-0.284,-0.2376,-0.2468,-0.2691,-0.2849,-0.1719,-0.1582,-0.1419,-0.1233,-0.1027,-0.0804,-0.0571,-0.0338,-0.0114,0.0094,0.0289,0.0487,0.0718,0.0994,0.1249,0.1353,0.1344,0.1446,0.1675,0.164,0.1337,0.1516,0.1368,-0.0711,-0.3538,-0.6064,-0.7793,-0.6955,-0.5525,-0.485,-0.4202,-0.3504,-0.3048,-0.2911,-0.2929,-0.297,-0.1605,-0.1475,-0.1327,-0.1161,-0.0981,-0.079,-0.0593,-0.0398,-0.0208,-0.0029,0.0141,0.0309,0.0482,0.0653,0.0793,0.087,0.0902,0.0945,0.0994,0.1016,0.1276,0.2338,0.272,0.0338,-0.2621,-0.4908,-0.6068,-0.5653,-0.5035,-0.4886,-0.4447,-0.3901,-0.348,-0.3244,-0.3135,-0.3085,-0.1521,-0.14,-0.1266,-0.1119,-0.0962,-0.0797,-0.063,-0.0464,-0.0303,-0.0151,-0.0007,0.013,0.0259,0.0373,0.0461,0.0512,0.0535,0.0546,0.0559,0.0623,0.0913,0.1522,0.1513,-0.0055,-0.2155,-0.3832,-0.4744,-0.4941,-0.4955,-0.4846,-0.4463,-0.4022,-0.3661,-0.3414,-0.3259,-0.3162]},{"header":{"la1":42.85,"la2":41.18,"lo1":11.55,"lo2":14.05,"nx":36,"ny":24,"dx":0.07143,"dy":0.07261,"parameterCategory":2,"parameterNumber":3,"parameterNumberName":"northward_wind","parameterUnit":"m.s-1"},"data":[-0.4594,-0.4516,-0.4421,-0.431,-0.419,-0.4074,-0.3982,-0.3935,-0.3948,-0.4022,-0.4144,-0.4293,-0.4449,-0.4599,-0.4739,-0.4865,-0.4973,-0.5058,-0.511,-0.5123,-0.5097,-0.5041,-0.4967,-0.4888,-0.4813,-0.4747,-0.4693,-0.4652,-0.4622,-0.4603,-0.4592,-0.4589,-0.4591,-0.4598,-0.4608,-0.4619,-0.4623,-0.4529,-0.4406,-0.4256,-0.4081,-0.39,-0.3744,-0.3654,-0.3665,-0.378,-0.397,-0.4193,-0.4414,-0.4618,-0.4803,-0.497,-0.5119,-0.524,-0.5315,-0.5329,-0.5282,-0.519,-0.5075,-0.496,-0.4857,-0.4771,-0.4705,-0.4656,-0.4623,-0.4603,-0.4594,-0.4593,-0.4599,-0.4609,-0.4622,-0.4637,-0.4668,-0.4559,-0.4408,-0.4207,-0.3953,-0.3664,-0.3388,-0.3209,-0.3207,-0.34,-0.3716,-0.4061,-0.4378,-0.465,-0.4888,-0.5107,-0.5316,-0.5499,-0.5618,-0.5634,-0.5544,-0.5385,-0.5205,-0.5038,-0.4898,-0.4789,-0.471,-0.4655,-0.462,-0.4601,-0.4595,-0.4598,-0.4608,-0.4623,-0.4641,-0.4659,-0.4738,-0.4619,-0.4442,-0.4184,-0.3824,-0.3363,-0.2857,-0.2473,-0.243,-0.2785,-0.335,-0.3904,-0.4353,-0.4704,-0.4998,-0.5278,-0.5574,-0.5871,-0.6082,-0.6101,-0.5919,-0.5636,-0.535,-0.511,-0.4927,-0.4795,-0.4704,-0.4646,-0.4612,-0.4597,-0.4596,-0.4605,-0.4621,-0.4641,-0.4664,-0.4688,-0.4837,-0.472,-0.453,-0.4224,-0.3745,-0.3032,-0.2099,-0.1228,-0.1043,-0.1786,-0.2869,-0.3761,-0.4373,-0.4797,-0.5136,-0.5473,-0.5886,-0.6394,-0.6817,-0.6835,-0.6442,-0.5929,-0.5486,-0.5158,-0.4931,-0.4781,-0.4685,-0.4628,-0.46,-0.4591,-0.4598,-0.4614,-0.4638,-0.4666,-0.4695,-0.4724,-0.4968,-0.487,-0.4693,-0.4377,-0.3815,-0.2832,-0.1234,0.0723,0.136,-0.0343,-0.2415,-0.3742,-0.4491,-0.4955,-0.5307,-0.5667,-0.6186,-0.7024,-0.7903,-0.7894,-0.7052,-0.6179,-0.5554,-0.5149,-0.4895,-0.4741,-0.4651,-0.4603,-0.4585,-0.4586,-0.4603,-0.4629,-0.4662,-0.4699,-0.4737,-0.4772,-0.5124,-0.5064,-0.4937,-0.468,-0.4158,-0.3095,-0.0996,0.2356,0.3842,0.0587,-0.2499,-0.4022,-0.4755,-0.52,-0.5544,-0.5859,-0.6332,-0.7357,-0.8764,-0.8697,-0.7342,-0.6191,-0.5475,-0.5053,-0.481,-0.4675,-0.4606,-0.4576,-0.4572,-0.4586,-0.4615,-0.4653,-0.4698,-0.4745,-0.4792,-0.4834,-0.529,-0.5278,-0.5227,-0.5099,-0.4789,-0.405,-0.2445,0.0211,0.1316,-0.1357,-0.365,-0.4653,-0.514,-0.5549,-0.5953,-0.6193,-0.6333,-0.6878,-0.7864,-0.7836,-0.6767,-0.5811,-0.5208,-0.4864,-0.4682,-0.4596,-0.4562,-0.4556,-0.4569,-0.4597,-0.4638,-0.469,-0.4748,-0.4808,-0.4865,-0.4916,-0.5446,-0.5468,-0.5471,-0.5474,-0.5478,-0.5355,-0.49,-0.4243,-0.4243,-0.5007,-0.5389,-0.5396,-0.5497,-0.5974,-0.6807,-0.7143,-0.658,-0.6196,-0.6267,-0.6175,-0.5695,-0.5175,-0.4812,-0.4617,-0.4542,-0.4532,-0.4545,-0.4563,-0.4588,-0.4625,-0.4678,-0.4745,-0.482,-0.4895,-0.4965,-0.5023,-0.5574,-0.5594,-0.5555,-0.5516,-0.577,-0.6406,-0.7011,-0.7516,-0.8232,-0.8324,-0.7019,-0.591,-0.56,-0.6226,-0.8383,-0.9519,-0.7171,-0.5747,-0.5243,-0.5006,-0.4761,-0.4529,-0.4392,-0.4378,-0.4451,-0.4542,-0.46,-0.4625,-0.4642,-0.4677,-0.4739,-0.4824,-0.492,-0.5015,-0.5099,-0.5166,-0.5682,-0.568,-0.5504,-0.5107,-0.5366,-0.7083,-0.878,-0.9762,-1.0763,-1.135,-0.8066,-0.5908,-0.5308,-0.5751,-0.7848,-0.946,-0.6583,-0.5068,-0.4516,-0.4242,-0.4052,-0.3956,-0.4006,-0.4214,-0.4504,-0.473,-0.4804,-0.4775,-0.474,-0.4754,-0.4824,-0.4934,-0.506,-0.5182,-0.5283,-0.5356,-0.5789,-0.5815,-0.5664,-0.5282,-0.5717,-0.8119,-1.0837,-1.2411,-1.1402,-1.0346,-0.7413,-0.5219,-0.4808,-0.5783,-0.5305,-0.5317,-0.4688,-0.4281,-0.4097,-0.3726,-0.3448,-0.3399,-0.3643,-0.4188,-0.4871,-0.5298,-0.5271,-0.5042,-0.4875,-0.4846,-0.4933,-0.5086,-0.526,-0.5417,-0.5537,-0.5611,-0.589,-0.6009,-0.6099,-0.6283,-0.7162,-0.9288,-1.228,-1.497,-1.3098,-0.9136,-0.6013,-0.4106,-0.3563,-0.5341,-0.4125,-0.3317,-0.3219,-0.4393,-0.441,-0.3312,-0.275,-0.2698,-0.3199,-0.4297,-0.5759,-0.6523,-0.6067,-0.5367,-0.4988,-0.4927,-0.5068,-0.5303,-0.5552,-0.5757,-0.5893,-0.5956,-0.5953,-0.6152,-0.6421,-0.6883,-0.7789,-0.9348,-1.1464,-1.3366,-1.1996,-0.7849,-0.4852,-0.3499,-0.2671,0.3591,-0.0951,-0.111,-0.0808,-0.2777,-0.3297,-0.2321,-0.1572,-0.1546,-0.2421,-0.4188,-0.669,-0.7903,-0.6712,-0.5472,-0.4961,-0.4965,-0.5246,-0.5632,-0.5998,-0.6263,-0.6401,-0.6424,-0.5947,-0.6172,-0.6477,-0.6926,-0.7597,-0.8509,-0.9474,-0.9832,-0.8478,-0.5931,-0.3979,-0.2631,-0.0141,0.3683,0.0475,0.1675,0.4807,0.0451,-0.1234,-0.0608,0.073,0.0603,-0.1026,-0.3206,-0.569,-0.6922,-0.5983,-0.4969,-0.469,-0.496,-0.5526,-0.6169,-0.6708,-0.7032,-0.7128,-0.7054,-0.5872,-0.6074,-0.633,-0.6656,-0.7052,-0.7455,-0.7675,-0.7357,-0.6223,-0.4666,-0.3811,-0.2329,-0.1706,-0.0328,-0.0518,0.1093,0.3206,0.0453,-0.063,0.1083,0.4894,0.3933,0.0606,-0.1735,-0.3376,-0.4172,-0.4049,-0.3877,-0.4195,-0.4972,-0.6022,-0.7086,-0.7874,-0.8216,-0.8162,-0.7877,-0.5745,-0.5901,-0.608,-0.6275,-0.6457,-0.6559,-0.6459,-0.6015,-0.5197,-0.4269,-0.3776,-0.312,-0.3443,-0.3744,-0.2383,-0.1526,-0.0987,-0.1578,-0.1744,0.0656,0.5419,0.4338,0.1036,-0.077,-0.1524,-0.1673,-0.1798,-0.242,-0.3561,-0.5091,-0.6899,-0.8658,-0.9793,-1.0008,-0.9567,-0.8886,-0.5589,-0.5696,-0.5802,-0.5894,-0.5942,-0.5899,-0.5702,-0.531,-0.4753,-0.4176,-0.3747,-0.3546,-0.4028,-0.4233,-0.4006,-0.3923,-0.305,-0.3341,-0.4393,-0.1679,0.0893,0.1239,0.0229,-0.038,-0.0006,0.1086,0.1171,-0.056,-0.2876,-0.5375,-0.8267,-1.118,-1.2783,-1.2499,-1.1263,-0.9962,-0.5424,-0.5487,-0.5537,-0.556,-0.5535,-0.5433,-0.5228,-0.4915,-0.4529,-0.4147,-0.3856,-0.3745,-0.39,-0.44,-0.633,-0.7155,-0.4283,-0.3291,-0.3298,-0.1297,-0.0617,-0.04,-0.0502,-0.0261,0.1307,0.4752,0.5462,0.1266,-0.2492,-0.5786,-0.9794,-1.4296,-1.6413,-1.5111,-1.2777,-1.0815,-0.5263,-0.5292,-0.5302,-0.5284,-0.5223,-0.5104,-0.4919,-0.4674,-0.4396,-0.4131,-0.3933,-0.3864,-0.4009,-0.4601,-0.607,-0.6451,-0.4257,-0.2452,-0.0241,0.0684,-0.0579,-0.0934,-0.0959,-0.0554,0.1091,0.5122,0.604,0.0366,-0.3142,-0.6171,-1.0313,-1.5523,-1.7887,-1.6037,-1.3253,-1.1075,-0.5114,-0.5118,-0.5103,-0.5061,-0.4985,-0.4868,-0.4708,-0.4513,-0.4304,-0.4109,-0.3964,-0.3909,-0.3994,-0.4284,-0.4684,-0.4553,-0.3557,-0.2251,-0.0853,-0.0358,-0.0915,-0.1219,-0.1289,-0.1223,-0.09,-0.1049,-0.3661,-0.4059,-0.4744,-0.6514,-0.9328,-1.3096,-1.5163,-1.4269,-1.2338,-1.0618,-0.498,-0.4967,-0.4936,-0.4883,-0.4802,-0.4693,-0.4555,-0.4397,-0.4232,-0.4079,-0.3958,-0.3892,-0.3893,-0.395,-0.396,-0.3724,-0.3156,-0.2403,-0.1707,-0.1376,-0.136,-0.1273,-0.1268,-0.1649,-0.2373,-0.4149,-0.6663,-0.6046,-0.6396,-0.7149,-0.8249,-1.0119,-1.1527,-1.1564,-1.0732,-0.9714,-0.4862,-0.4837,-0.4798,-0.4739,-0.466,-0.4559,-0.444,-0.4307,-0.4171,-0.4041,-0.3931,-0.3847,-0.3789,-0.3732,-0.3623,-0.3391,-0.3014,-0.2558,-0.2135,-0.183,-0.1558,-0.113,-0.1,-0.1723,-0.2837,-0.427,-0.5585,-0.6696,-0.8413,-0.8176,-0.7886,-0.8476,-0.9219,-0.9484,-0.9241,-0.874,-0.4759,-0.4728,-0.4683,-0.4623,-0.4547,-0.4455,-0.435,-0.4236,-0.4118,-0.4003,-0.3897,-0.3802,-0.3711,-0.361,-0.347,-0.3265,-0.2993,-0.2684,-0.2384,-0.2111,-0.1819,-0.1491,-0.1469,-0.2078,-0.3062,-0.421,-0.5463,-0.7122,-0.8665,-0.8327,-0.7695,-0.7694,-0.7985,-0.8176,-0.8133,-0.7904]}]