docs/data/wind_grid.json
[{"header":{"la1":42.85,"la2":41.18,"lo1":11.55,"lo2":14.05,"nx":36,"ny":24,"dx":0.07143,"dy":0.07261,"parameterCategory":2,"parameterNumber":2,"parameterNumberName":"eastward_wind","parameterUnit":"m.s-1"},"data":[0.2365,0.253,0.2713,0.2911,0.3119,0.3326,0.352,0.3692,0.384,0.3979,0.4135,0.4341,0.4618,0.4956,0.5296,0.5532,0.556,0.5355,0.4984,0.4546,0.4114,0.3726,0.3395,0.3116,0.2882,0.2685,0.2517,0.2372,0.2245,0.2131,0.2029,0.1937,0.1852,0.1774,0.1702,0.1635,0.2356,0.2542,0.2755,0.2993,0.325,0.3511,0.3755,0.3957,0.4108,0.4228,0.4366,0.459,0.4954,0.5469,0.6056,0.6502,0.6568,0.6207,0.5593,0.4932,0.434,0.385,0.3455,0.3139,0.2884,0.2675,0.2501,0.2352,0.2222,0.2107,0.2003,0.1908,0.1821,0.1741,0.1667,0.1599,0.2327,0.2535,0.2781,0.307,0.3396,0.3743,0.4073,0.4332,0.4481,0.4542,0.461,0.481,0.5255,0.6017,0.7026,0.7888,0.8016,0.7319,0.6275,0.5294,0.451,0.3915,0.3467,0.3125,0.2858,0.2645,0.2469,0.232,0.2191,0.2075,0.197,0.1874,0.1785,0.1703,0.1627,0.1558,0.2271,0.2498,0.2779,0.3126,0.3545,0.4026,0.4516,0.49,0.5052,0.4982,0.4877,0.4966,0.5433,0.6443,0.8039,0.962,0.983,0.8507,0.6842,0.5504,0.4552,0.3886,0.3412,0.3064,0.28,0.2592,0.2422,0.2278,0.2151,0.2037,0.1932,0.1834,0.1743,0.1659,0.1581,0.1509,0.2179,0.2417,0.2725,0.3129,0.3659,0.4334,0.5115,0.5793,0.5998,0.5646,0.5182,0.5031,0.5392,0.6452,0.8407,1.0631,1.091,0.8996,0.6898,0.5392,0.4397,0.3735,0.328,0.2954,0.2711,0.2521,0.2363,0.2227,0.2106,0.1993,0.1888,0.1789,0.1695,0.1608,0.1527,0.1453,0.2044,0.2278,0.2595,0.3034,0.3658,0.455,0.5773,0.7083,0.7503,0.6561,0.5471,0.4981,0.5119,0.59,0.7425,0.92,0.9458,0.7915,0.6165,0.4884,0.4031,0.3464,0.3078,0.2804,0.2599,0.2436,0.2297,0.2173,0.2058,0.1947,0.1841,0.1739,0.1641,0.1549,0.1464,0.1387,0.1862,0.2072,0.2366,0.2791,0.3432,0.4432,0.6003,0.8084,0.8912,0.7157,0.5481,0.4787,0.4739,0.5125,0.5854,0.6618,0.6714,0.596,0.4955,0.4117,0.3518,0.3109,0.2829,0.263,0.2477,0.2349,0.2233,0.2122,0.2012,0.1902,0.1792,0.1684,0.1579,0.1481,0.1391,0.131,0.1635,0.1799,0.2032,0.238,0.2917,0.3775,0.5131,0.691,0.7597,0.6206,0.4968,0.4476,0.4426,0.4578,0.4783,0.4903,0.4768,0.4338,0.379,0.3306,0.2956,0.2723,0.2569,0.2457,0.2364,0.2274,0.2181,0.2081,0.1973,0.1859,0.1742,0.1624,0.1509,0.1402,0.1304,0.1219,0.1374,0.1472,0.1613,0.1827,0.2164,0.2704,0.351,0.443,0.4891,0.4694,0.4354,0.4234,0.4349,0.4487,0.4449,0.4183,0.3749,0.3255,0.2828,0.2546,0.2405,0.2352,0.2333,0.2316,0.2283,0.223,0.2154,0.2059,0.1948,0.1823,0.1691,0.1556,0.1426,0.1305,0.1198,0.1107,0.1094,0.1116,0.1147,0.1196,0.1288,0.1484,0.1916,0.2778,0.4018,0.4577,0.4216,0.4221,0.4656,0.5012,0.4842,0.4136,0.321,0.2392,0.1907,0.1785,0.1878,0.2033,0.2166,0.2243,0.2263,0.2235,0.2167,0.2066,0.194,0.1795,0.1638,0.1478,0.1324,0.1185,0.1066,0.0969,0.0817,0.0763,0.0682,0.0561,0.0389,0.0195,0.0192,0.1229,0.4807,0.6423,0.4333,0.4338,0.5459,0.6482,0.6128,0.4559,0.2726,0.1263,0.0677,0.0893,0.1385,0.1828,0.2128,0.2286,0.2336,0.2311,0.2231,0.2111,0.1956,0.1775,0.1579,0.138,0.1193,0.1029,0.0896,0.0795,0.0561,0.0444,0.027,0.0004,-0.041,-0.1051,-0.1946,-0.2319,0.1251,0.4191,0.3471,0.4303,0.6525,0.9376,0.8469,0.5089,0.1827,-0.0877,-0.1401,-0.0173,0.1051,0.1873,0.2323,0.2509,0.2536,0.2476,0.2361,0.2201,0.1999,0.1762,0.1505,0.1249,0.1014,0.0819,0.067,0.0569,0.0341,0.0181,-0.0051,-0.0398,-0.0942,-0.183,-0.3279,-0.4978,-0.3269,0.0343,0.2261,0.396,0.5938,1.0513,0.9514,0.4511,0.0517,-0.3832,-0.3891,-0.0821,0.1285,0.2448,0.2915,0.2983,0.2889,0.2742,0.2566,0.2347,0.2075,0.1753,0.1404,0.1061,0.0759,0.0523,0.0363,0.0274,0.0165,-0.0015,-0.0263,-0.0617,-0.1136,-0.1908,-0.2986,-0.4032,-0.3156,-0.068,0.1218,0.3747,0.4655,0.4866,0.4717,0.1966,-0.0749,-0.2527,-0.2421,0.0293,0.2815,0.4056,0.4122,0.3752,0.3385,0.3105,0.2856,0.2565,0.2193,0.1742,0.1249,0.0774,0.0377,0.0096,-0.0061,-0.0116,0.0031,-0.0149,-0.0383,-0.0693,-0.1099,-0.1608,-0.215,-0.2423,-0.1991,-0.1372,-0.1012,0.0174,0.1599,0.1204,0.1698,-0.1353,-0.4194,-0.1925,-0.0147,0.3002,0.6764,0.7546,0.6071,0.4711,0.3944,0.3552,0.3263,0.2896,0.2378,0.1722,0.0999,0.0317,-0.0215,-0.0535,-0.0654,-0.0627,-0.0068,-0.0236,-0.0444,-0.0696,-0.0993,-0.1313,-0.1594,-0.1755,-0.1892,-0.2646,-0.4713,-0.3687,-0.2128,-0.0375,-0.0464,-0.2033,-0.3454,-0.1775,0.0661,0.6088,1.4358,1.3052,0.8061,0.5431,0.4425,0.4111,0.3885,0.3429,0.2675,0.1685,0.0583,-0.0433,-0.115,-0.1473,-0.147,-0.1279,-0.014,-0.0295,-0.0475,-0.0682,-0.091,-0.1144,-0.137,-0.1611,-0.2028,-0.2998,-0.4554,-0.3846,-0.4373,-0.4887,-0.2806,-0.2618,-0.2523,-0.1951,-0.0579,0.496,1.5143,1.3376,0.7816,0.5342,0.4794,0.4981,0.4968,0.4326,0.315,0.1617,-0.0103,-0.1661,-0.2618,-0.283,-0.2538,-0.2055,-0.0194,-0.0336,-0.0496,-0.0673,-0.0865,-0.107,-0.1292,-0.1568,-0.1976,-0.257,-0.3145,-0.3528,-0.4976,-0.5516,-0.5117,-0.5297,-0.3895,-0.3251,-0.3632,-0.0463,0.4831,0.6354,0.5127,0.4583,0.5321,0.6622,0.6925,0.5725,0.3816,0.1511,-0.1128,-0.3532,-0.4743,-0.4593,-0.3768,-0.2859,-0.0236,-0.0366,-0.0512,-0.0671,-0.0845,-0.1037,-0.1255,-0.1521,-0.1861,-0.2272,-0.2714,-0.3254,-0.409,-0.5332,-0.905,-1.0592,-0.5845,-0.4058,-0.4197,-0.4213,-0.1263,0.1338,0.254,0.3759,0.6052,0.9118,0.9729,0.7223,0.4445,0.1423,-0.2241,-0.5686,-0.7061,-0.6291,-0.4813,-0.3479,-0.0267,-0.039,-0.0524,-0.0672,-0.0835,-0.1016,-0.1224,-0.1468,-0.1761,-0.2105,-0.2513,-0.3046,-0.3862,-0.5425,-0.8493,-0.9369,-0.6116,-0.4921,-0.7132,-0.8419,-0.4126,-0.1141,0.0693,0.2735,0.5774,0.9469,1.0188,0.7221,0.4617,0.1521,-0.2556,-0.6493,-0.7917,-0.6863,-0.514,-0.367,-0.0292,-0.0407,-0.0533,-0.0672,-0.0825,-0.0996,-0.119,-0.1414,-0.1675,-0.1983,-0.2356,-0.2842,-0.3537,-0.4574,-0.5771,-0.5991,-0.5073,-0.4789,-0.5912,-0.6194,-0.4078,-0.2419,-0.1157,0.1053,0.4061,0.6331,0.6444,0.5942,0.4463,0.187,-0.1608,-0.492,-0.6342,-0.5799,-0.4541,-0.335,-0.0309,-0.0417,-0.0537,-0.0667,-0.0811,-0.0971,-0.115,-0.1355,-0.1589,-0.1862,-0.2188,-0.259,-0.3095,-0.3685,-0.419,-0.4312,-0.4102,-0.4034,-0.4241,-0.413,-0.3675,-0.3995,-0.3892,-0.126,0.2274,0.4904,0.5952,0.5584,0.4226,0.2171,-0.0331,-0.2643,-0.3913,-0.3987,-0.3411,-0.2686,-0.0319,-0.0422,-0.0534,-0.0657,-0.0791,-0.0939,-0.1104,-0.1288,-0.1496,-0.1733,-0.2005,-0.2318,-0.2667,-0.3017,-0.3282,-0.3382,-0.3349,-0.3316,-0.3322,-0.3336,-0.3728,-0.5172,-0.5659,-0.2819,0.0805,0.3493,0.4753,0.4603,0.3602,0.2155,0.0497,-0.1029,-0.2033,-0.2387,-0.2271,-0.1938,-0.0324,-0.0421,-0.0526,-0.064,-0.0765,-0.0901,-0.105,-0.1214,-0.1396,-0.1597,-0.1818,-0.2056,-0.23,-0.2524,-0.2688,-0.2767,-0.2777,-0.2762,-0.2767,-0.2877,-0.333,-0.4194,-0.4252,-0.2439,0.0052,0.2048,0.3122,0.3272,0.2769,0.189,0.0848,-0.0142,-0.0881,-0.1277,-0.1373,-0.1278]},{"header":{"la1":42.85,"la2":41.18,"lo1":11.55,"lo2":14.05,"nx":36,"ny":24,"dx":0.07143,"dy":0.07261,"parameterCategory":2,"parameterNumber":3,"parameterNumberName":"northward_wind","parameterUnit":"m.s-1"},"data":[1.3217,1.3198,1.3177,1.3153,1.3127,1.31,1.3071,1.3041,1.3007,1.2962,1.2895,1.2796,1.2659,1.2492,1.2319,1.2185,1.2128,1.2153,1.2233,1.2332,1.2424,1.25,1.2559,1.2604,1.2639,1.2668,1.2693,1.2716,1.2738,1.276,1.2781,1.2802,1.2824,1.2844,1.2864,1.2884,1.3216,1.3194,1.317,1.3142,1.3111,1.3079,1.3046,1.3017,1.2988,1.295,1.2885,1.2772,1.2591,1.2342,1.2064,1.1844,1.1772,1.1855,1.2021,1.2193,1.2333,1.2436,1.2509,1.2561,1.26,1.2632,1.2659,1.2685,1.2709,1.2734,1.2758,1.2783,1.2807,1.283,1.2853,1.2874,1.3213,1.3189,1.3161,1.3128,1.3089,1.3046,1.3003,1.297,1.295,1.2933,1.2887,1.2771,1.2542,1.2179,1.1718,1.133,1.124,1.1457,1.1779,1.2057,1.2253,1.2382,1.2465,1.2521,1.2561,1.2594,1.2623,1.2651,1.2679,1.2707,1.2735,1.2763,1.279,1.2817,1.2842,1.2866,1.321,1.3183,1.3151,1.311,1.3059,1.2997,1.293,1.2879,1.2869,1.2894,1.29,1.2811,1.2556,1.2067,1.1342,1.0657,1.0551,1.1023,1.1574,1.1967,1.2205,1.2345,1.2428,1.2481,1.2519,1.2552,1.2582,1.2613,1.2645,1.2677,1.271,1.2742,1.2774,1.2804,1.2833,1.286,1.3207,1.3177,1.3141,1.3093,1.3028,1.2935,1.2816,1.2708,1.2694,1.2802,1.2919,1.2909,1.2682,1.2144,1.1229,1.0252,1.0131,1.0845,1.1545,1.1974,1.2204,1.2326,1.2394,1.2438,1.2471,1.2503,1.2536,1.2571,1.2608,1.2646,1.2685,1.2722,1.2759,1.2794,1.2826,1.2856,1.3203,1.3171,1.3132,1.3081,1.3005,1.2881,1.268,1.2431,1.236,1.2631,1.2951,1.3075,1.2945,1.251,1.173,1.0878,1.072,1.1253,1.178,1.2088,1.2241,1.2315,1.2354,1.2383,1.2412,1.2444,1.2481,1.2523,1.2567,1.2613,1.2659,1.2704,1.2746,1.2786,1.2822,1.2855,1.3197,1.3164,1.3124,1.3074,1.3002,1.2875,1.2625,1.2204,1.201,1.2522,1.3074,1.3327,1.3317,1.3065,1.2593,1.2082,1.1869,1.1979,1.2142,1.2235,1.2271,1.2282,1.229,1.2306,1.2332,1.2369,1.2415,1.2467,1.2523,1.2579,1.2634,1.2687,1.2736,1.2782,1.2822,1.2859,1.319,1.3152,1.3111,1.3065,1.3013,1.2935,1.278,1.2491,1.2388,1.2897,1.3415,1.3685,1.3759,1.3655,1.3385,1.3032,1.273,1.2533,1.24,1.2302,1.2233,1.2192,1.218,1.2192,1.2225,1.2275,1.2336,1.2405,1.2475,1.2545,1.2612,1.2675,1.2732,1.2783,1.2829,1.2868,1.318,1.3135,1.3086,1.3037,1.2997,1.2982,1.3007,1.3094,1.3319,1.3663,1.3926,1.4117,1.4248,1.425,1.4057,1.3679,1.3212,1.2768,1.2421,1.2196,1.207,1.2013,1.2003,1.2029,1.2083,1.2157,1.2244,1.2336,1.2427,1.2515,1.2596,1.267,1.2736,1.2793,1.2843,1.2885,1.3169,1.3111,1.3044,1.2972,1.2907,1.2888,1.3003,1.3406,1.4129,1.4528,1.4441,1.4538,1.4777,1.4917,1.4749,1.4202,1.3419,1.2648,1.2107,1.1839,1.174,1.1719,1.1743,1.1806,1.19,1.2015,1.214,1.2264,1.2382,1.2491,1.2589,1.2676,1.2751,1.2815,1.2868,1.2912,1.3159,1.3087,1.2993,1.2873,1.2728,1.258,1.255,1.3067,1.4859,1.5662,1.4774,1.4861,1.5339,1.5752,1.5658,1.4744,1.334,1.1976,1.1247,1.1142,1.122,1.1297,1.1386,1.1512,1.1672,1.1851,1.2029,1.2197,1.2348,1.2482,1.2598,1.2697,1.2782,1.2851,1.2907,1.2951,1.3159,1.3072,1.2951,1.2777,1.2522,1.2141,1.162,1.1382,1.32,1.471,1.4578,1.502,1.5793,1.6376,1.7088,1.533,1.2821,1.0157,0.9408,1.0095,1.0552,1.0744,1.0908,1.1131,1.1398,1.1672,1.1925,1.2146,1.2335,1.2494,1.2628,1.2741,1.2834,1.2908,1.2964,1.3005,1.3173,1.308,1.2944,1.2739,1.2413,1.1874,1.0983,0.9941,1.0965,1.3153,1.429,1.4874,1.5705,1.7713,1.8833,1.5445,1.2148,0.7265,0.7038,0.9205,0.984,0.9986,1.0233,1.0636,1.1085,1.15,1.1849,1.213,1.2355,1.2538,1.2689,1.2814,1.2915,1.2991,1.3045,1.3079,1.3206,1.3118,1.2989,1.2794,1.2492,1.2016,1.1317,1.0614,1.1271,1.3146,1.4284,1.4521,1.4735,1.6879,1.6357,1.4712,1.258,0.9346,0.8456,0.9134,0.8816,0.8667,0.9189,1.0,1.0766,1.138,1.1839,1.2175,1.2426,1.2624,1.2788,1.2926,1.3034,1.311,1.3155,1.3177,1.3257,1.3185,1.3082,1.2936,1.2728,1.245,1.2151,1.2079,1.2707,1.3778,1.4448,1.4673,1.513,1.5046,1.5287,1.3908,1.2993,1.1952,1.0353,0.8471,0.611,0.5907,0.7596,0.9305,1.0552,1.1397,1.1951,1.2311,1.2559,1.2755,1.2931,1.3085,1.3204,1.3276,1.3304,1.3302,1.3322,1.3272,1.3206,1.3121,1.302,1.2926,1.2908,1.3104,1.3624,1.4308,1.4783,1.4191,1.4719,1.5313,1.4998,1.3926,1.3139,1.2452,1.0683,0.6579,0.0161,0.1376,0.5975,0.893,1.065,1.1673,1.2257,1.2568,1.2757,1.2928,1.3119,1.3307,1.3446,1.3507,1.3501,1.3457,1.3393,1.3367,1.3336,1.3306,1.3288,1.3306,1.3408,1.3649,1.4042,1.4494,1.4808,1.4827,1.6182,1.6894,1.5366,1.4385,1.357,1.275,1.1497,0.7395,-0.0479,0.1113,0.631,0.944,1.1258,1.2332,1.2838,1.2966,1.2996,1.3113,1.3346,1.3614,1.3791,1.3822,1.3749,1.3637,1.3463,1.3458,1.3457,1.3466,1.3497,1.3569,1.3704,1.3923,1.4214,1.4527,1.4815,1.5279,1.6606,1.6915,1.5558,1.4879,1.4009,1.3165,1.2924,1.1219,0.7672,0.6975,0.8838,1.0757,1.2305,1.3442,1.3795,1.3485,1.3203,1.3251,1.3595,1.4025,1.4261,1.4216,1.4026,1.3819,1.3527,1.3538,1.3558,1.3591,1.3648,1.3738,1.3873,1.4057,1.4282,1.453,1.4803,1.5166,1.5607,1.5677,1.5661,1.5727,1.4547,1.3675,1.3537,1.3881,1.2269,1.1078,1.124,1.2073,1.3294,1.4826,1.5133,1.3903,1.319,1.3244,1.3798,1.4475,1.4765,1.4591,1.4257,1.3957,1.3582,1.3605,1.3637,1.3683,1.3749,1.3841,1.3964,1.4117,1.4295,1.449,1.47,1.4924,1.5119,1.5241,1.5481,1.5503,1.4735,1.4468,1.5819,1.6595,1.4334,1.3096,1.2806,1.2918,1.3471,1.4893,1.5206,1.3196,1.2642,1.2988,1.3785,1.4636,1.4952,1.4715,1.4326,1.3996,1.3627,1.3656,1.3695,1.3746,1.3814,1.39,1.4006,1.4132,1.4272,1.4421,1.4573,1.4715,1.4831,1.4918,1.4982,1.4891,1.4623,1.4649,1.5312,1.5529,1.4679,1.4273,1.4089,1.3562,1.2922,1.2059,1.0172,1.044,1.157,1.2514,1.3448,1.4253,1.4589,1.4468,1.4184,1.3919,1.3662,1.3695,1.3736,1.3787,1.3851,1.3928,1.4018,1.412,1.423,1.4342,1.4449,1.4542,1.4612,1.4652,1.4649,1.4576,1.448,1.4505,1.4686,1.4793,1.4945,1.5648,1.5817,1.4523,1.2765,1.0514,0.8212,0.914,1.0914,1.2119,1.301,1.3668,1.4005,1.404,1.3919,1.3763,1.3687,1.3721,1.3762,1.3811,1.3869,1.3936,1.4011,1.4093,1.4178,1.4261,1.4337,1.4399,1.444,1.4455,1.4439,1.4394,1.4353,1.4368,1.4467,1.4686,1.5301,1.6565,1.6932,1.5276,1.3207,1.1269,0.9966,1.018,1.115,1.2041,1.2732,1.3237,1.3539,1.3655,1.365,1.3589,1.3704,1.3738,1.3776,1.3821,1.3873,1.393,1.3992,1.4058,1.4123,1.4185,1.4239,1.428,1.4304,1.4309,1.4294,1.4268,1.4251,1.4272,1.4368,1.4611,1.5142,1.5902,1.6028,1.4982,1.3529,1.2244,1.1446,1.1341,1.1707,1.22,1.2652,1.3011,1.3256,1.339,1.344,1.3437]}]