docs/data/wind_grid.json
[{"header":{"la1":42.85,"la2":41.18,"lo1":11.55,"lo2":14.05,"nx":36,"ny":24,"dx":0.07143,"dy":0.07261,"parameterCategory":2,"parameterNumber":2,"parameterNumberName":"eastward_wind","parameterUnit":"m.s-1"},"data":[1.5332,1.5266,1.518,1.5076,1.4953,1.4816,1.4665,1.4503,1.4329,1.414,1.3935,1.3713,1.3474,1.3217,1.2942,1.2648,1.2334,1.2003,1.1662,1.1325,1.1024,1.0807,1.0714,1.0752,1.0889,1.1075,1.1272,1.1458,1.1622,1.1763,1.1884,1.1987,1.2077,1.2154,1.2224,1.2286,1.5469,1.5404,1.5315,1.5203,1.5067,1.4915,1.475,1.4574,1.4387,1.4183,1.396,1.3716,1.3452,1.3167,1.2858,1.2523,1.2156,1.1758,1.1326,1.0872,1.0436,1.0115,1.0009,1.0131,1.0399,1.0711,1.1006,1.1259,1.1469,1.1639,1.1779,1.1896,1.1994,1.2078,1.2152,1.2219,1.5627,1.5567,1.5477,1.5354,1.5201,1.5026,1.4841,1.4652,1.4454,1.4236,1.3992,1.3722,1.343,1.3115,1.2773,1.2395,1.1972,1.1496,1.0958,1.0334,0.9649,0.91,0.8973,0.9291,0.981,1.0322,1.0746,1.1077,1.1331,1.1528,1.1683,1.181,1.1914,1.2004,1.2082,1.2151,1.5813,1.5764,1.5675,1.5539,1.5359,1.515,1.4937,1.4736,1.4534,1.4302,1.403,1.3726,1.3403,1.306,1.2687,1.2268,1.1785,1.1231,1.0593,0.977,0.8619,0.7511,0.7376,0.8185,0.9172,0.9964,1.0532,1.0932,1.122,1.1434,1.1598,1.173,1.1838,1.193,1.2011,1.2083,1.603,1.6003,1.5924,1.5777,1.5557,1.5289,1.5027,1.4819,1.4637,1.4391,1.4069,1.3719,1.336,1.2991,1.2596,1.2148,1.1606,1.096,1.0265,0.9382,0.7549,0.5094,0.5104,0.703,0.8687,0.975,1.0415,1.0848,1.1145,1.136,1.1524,1.1655,1.1764,1.1856,1.1938,1.2012,1.6281,1.6291,1.6242,1.6094,1.5822,1.5455,1.5101,1.4897,1.4794,1.4509,1.4088,1.3674,1.3281,1.289,1.2488,1.2039,1.146,1.0667,0.9862,0.9378,0.7543,0.3693,0.396,0.6797,0.8716,0.9799,1.0432,1.0831,1.1102,1.13,1.1455,1.1581,1.1687,1.1779,1.1861,1.1936,1.6558,1.6624,1.6632,1.6518,1.6199,1.5686,1.5167,1.4943,1.4978,1.4563,1.4005,1.3552,1.3139,1.2725,1.2321,1.1926,1.1419,1.0545,0.9351,0.9354,0.9178,0.7228,0.6857,0.8214,0.9375,1.0104,1.0556,1.0856,1.1072,1.1242,1.1382,1.1501,1.1604,1.1695,1.1777,1.1853,1.6847,1.6969,1.7024,1.6983,1.6696,1.603,1.5269,1.4831,1.4692,1.4192,1.3694,1.3326,1.2922,1.2442,1.198,1.1678,1.1463,1.0991,1.025,1.0437,1.1379,1.106,1.0154,0.9989,1.0218,1.0478,1.069,1.0865,1.102,1.1162,1.1291,1.1407,1.1509,1.16,1.1683,1.176,1.7139,1.7308,1.7275,1.7112,1.7172,1.6475,1.5377,1.4422,1.3676,1.3175,1.3094,1.3028,1.2656,1.1996,1.1222,1.0926,1.1293,1.1529,1.1557,1.2098,1.3548,1.3198,1.1781,1.1048,1.0773,1.0689,1.0702,1.078,1.09,1.1037,1.117,1.1291,1.1397,1.149,1.1574,1.1653,1.7438,1.777,1.7947,1.796,1.8291,1.7119,1.5441,1.3724,1.1707,1.0948,1.2161,1.2788,1.2425,1.1475,0.9836,0.9044,1.0818,1.1834,1.221,1.2565,1.3199,1.3,1.2089,1.1357,1.0858,1.0559,1.0458,1.0518,1.0669,1.0846,1.101,1.1149,1.1262,1.1358,1.1444,1.1526,1.769,1.8319,1.9485,2.1772,2.124,1.7897,1.5504,1.336,0.8828,0.6503,1.1405,1.2925,1.2265,1.0996,0.9696,0.8943,1.1077,1.2302,1.2721,1.2761,1.2704,1.2436,1.1854,1.1114,1.0387,0.9898,0.9798,0.9997,1.0301,1.0588,1.0814,1.098,1.1103,1.12,1.1287,1.1373,1.7769,1.847,1.9741,2.1617,2.0972,1.7712,1.5465,1.4109,1.1938,0.9869,1.3003,1.394,1.2219,0.943,0.9177,1.0788,1.2088,1.3215,1.3515,1.3162,1.2722,1.221,1.1479,1.0411,0.9142,0.8347,0.8503,0.9167,0.9818,1.0292,1.06,1.0792,1.0914,1.1005,1.109,1.1182,1.7653,1.8153,1.8808,1.9285,1.8644,1.7074,1.5679,1.2499,1.6437,1.5187,1.5796,1.647,1.4395,0.7674,0.7519,1.1128,1.2571,1.4424,1.4517,1.3523,1.2753,1.2015,1.1033,0.9347,0.6832,0.5374,0.6468,0.8167,0.9351,1.0035,1.04,1.0585,1.0682,1.0753,1.0833,1.0937,1.7451,1.7736,1.7984,1.8014,1.7637,1.704,1.6781,1.8031,1.7918,1.7509,1.8169,1.9367,1.9278,1.5678,1.2239,0.9534,1.2133,1.4321,1.4292,1.3416,1.2425,1.1612,1.0648,0.8578,0.4588,0.2196,0.48,0.7602,0.9157,0.9912,1.0236,1.0344,1.0371,1.0403,1.0482,1.0613,1.7267,1.7432,1.7541,1.7535,1.7407,1.7274,1.7354,1.7777,1.8437,1.9793,2.1273,2.1106,1.9327,1.9645,1.4208,0.9626,2.0769,1.6122,1.4291,1.2762,1.1157,1.0589,1.0381,0.9004,0.5944,0.4016,0.5904,0.8159,0.9418,0.9957,1.0082,1.0007,0.9901,0.988,0.998,1.0177,1.7138,1.7258,1.7348,1.7401,1.7442,1.7552,1.7844,1.8473,1.9777,2.256,2.7374,2.6173,2.3303,1.9762,1.7103,1.6715,1.9983,1.6551,1.4061,1.1499,0.7874,0.844,1.0119,1.0041,0.8884,0.808,0.8566,0.9448,0.9986,1.0085,0.984,0.9437,0.9117,0.9054,0.9249,0.9597,1.7058,1.7171,1.728,1.7394,1.7544,1.7793,1.8234,1.9023,2.0462,2.3094,2.675,2.5512,2.5601,2.566,2.007,1.7936,1.695,1.5032,1.3108,1.123,0.7374,0.8242,1.0465,1.1013,1.0765,1.0496,1.0508,1.0621,1.0565,1.0159,0.9363,0.8398,0.775,0.7738,0.8214,0.8865,1.7009,1.7128,1.7259,1.7416,1.7628,1.794,1.8422,1.9168,2.0294,2.1803,2.3123,2.3627,2.5701,2.594,2.1804,1.998,1.7161,1.3289,1.0628,1.1907,1.1183,1.1043,1.1707,1.1981,1.183,1.1573,1.1451,1.1382,1.1038,1.0145,0.8549,0.6593,0.5451,0.5788,0.6905,0.8063,1.6973,1.71,1.7246,1.7424,1.7658,1.7979,1.8424,1.9032,1.9813,2.0684,2.1433,2.2009,2.2617,2.2633,2.3779,2.4592,1.8697,1.3937,1.1865,1.3024,1.3094,1.3003,1.3065,1.2937,1.2424,1.1594,1.1385,1.1812,1.1505,1.0201,0.7636,0.4179,0.2418,0.3604,0.5692,0.7425,1.694,1.7069,1.722,1.7403,1.7634,1.7928,1.8305,1.8771,1.9309,1.986,2.0341,2.0718,2.1012,2.1434,2.3002,2.3274,1.8959,1.5452,1.4031,1.3944,1.4142,1.4433,1.4488,1.4045,1.3132,1.1773,1.1467,1.2579,1.2189,1.062,0.7569,0.3219,0.1109,0.2815,0.5343,0.7281,1.6902,1.7029,1.7177,1.7352,1.7563,1.7819,1.8124,1.8474,1.885,1.9215,1.9528,1.9768,1.9955,2.019,2.0474,1.9927,1.8015,1.6016,1.4788,1.4574,1.5309,1.6398,1.6692,1.571,1.4482,1.4091,1.5116,1.4584,1.307,1.1415,0.8915,0.5535,0.3653,0.4481,0.6233,0.7763,1.6856,1.6977,1.7116,1.7276,1.7461,1.7675,1.7916,1.8177,1.8442,1.8687,1.8887,1.9028,1.9107,1.9119,1.8968,1.841,1.741,1.637,1.5751,1.5909,1.7308,1.9972,2.0727,1.8106,1.5826,1.5432,1.6651,1.5436,1.3231,1.2041,1.0561,0.8544,0.7126,0.704,0.7761,0.8645,1.6801,1.6914,1.704,1.7182,1.734,1.7514,1.7702,1.7895,1.8082,1.8244,1.8367,1.8435,1.8435,1.8344,1.8112,1.7685,1.711,1.6585,1.6397,1.6923,1.8851,2.2582,2.3682,1.9782,1.6636,1.543,1.5147,1.3834,1.2231,1.2103,1.1538,1.0415,0.9441,0.9057,0.9198,0.9596,1.674,1.6842,1.6954,1.7076,1.7208,1.7348,1.7493,1.7635,1.7765,1.787,1.7938,1.7957,1.7915,1.7795,1.7582,1.7276,1.6932,1.6673,1.6688,1.7241,1.8678,2.0788,2.1246,1.9016,1.6675,1.5268,1.432,1.3082,1.2081,1.2118,1.1946,1.1353,1.0736,1.0366,1.029,1.0422]},{"header":{"la1":42.85,"la2":41.18,"lo1":11.55,"lo2":14.05,"nx":36,"ny":24,"dx":0.07143,"dy":0.07261,"parameterCategory":2,"parameterNumber":3,"parameterNumberName":"northward_wind","parameterUnit":"m.s-1"},"data":[0.2097,0.2062,0.2019,0.1964,0.19,0.1828,0.1755,0.1688,0.1631,0.1581,0.153,0.1464,0.1374,0.1256,0.1108,0.0933,0.0733,0.0513,0.0278,0.004,-0.0177,-0.034,-0.0419,-0.0406,-0.032,-0.0189,-0.0037,0.0122,0.0279,0.0431,0.0576,0.0715,0.0847,0.0972,0.109,0.1201,0.2126,0.209,0.2042,0.1978,0.1898,0.1803,0.1707,0.1624,0.1569,0.1539,0.1515,0.1472,0.1393,0.1271,0.1108,0.0909,0.0675,0.041,0.0111,-0.0213,-0.053,-0.0772,-0.087,-0.0816,-0.0656,-0.045,-0.0234,-0.0027,0.0166,0.0347,0.0515,0.0673,0.0821,0.096,0.109,0.1211,0.2156,0.2119,0.2067,0.1992,0.1888,0.1753,0.1606,0.1485,0.1429,0.1442,0.1477,0.1482,0.1427,0.1307,0.1129,0.0903,0.0635,0.0324,-0.0046,-0.0495,-0.0993,-0.1395,-0.1521,-0.1361,-0.1058,-0.0733,-0.0434,-0.0171,0.0062,0.0272,0.0464,0.0641,0.0805,0.0959,0.1101,0.1232,0.2185,0.215,0.2096,0.2012,0.1875,0.1672,0.1416,0.1193,0.1122,0.1232,0.14,0.15,0.1486,0.1371,0.1176,0.0924,0.0626,0.0285,-0.0139,-0.0745,-0.1587,-0.2356,-0.2498,-0.2064,-0.1497,-0.1007,-0.0614,-0.0295,-0.0025,0.0211,0.0425,0.0621,0.0802,0.097,0.1124,0.1266,0.2209,0.2177,0.2129,0.2044,0.188,0.1575,0.1098,0.0591,0.0444,0.0803,0.1275,0.1546,0.1589,0.1474,0.1258,0.0977,0.0656,0.0325,-0.0055,-0.0764,-0.219,-0.3795,-0.3836,-0.2792,-0.1861,-0.1209,-0.0744,-0.0385,-0.0089,0.0169,0.0402,0.0616,0.0814,0.0996,0.1163,0.1316,0.2221,0.2192,0.2156,0.2093,0.1936,0.154,0.0695,-0.0536,-0.099,0.0063,0.1174,0.1681,0.1764,0.163,0.1385,0.107,0.0724,0.0449,0.0342,-0.0191,-0.2135,-0.4622,-0.4502,-0.3025,-0.196,-0.1278,-0.0802,-0.0436,-0.0129,0.0144,0.0394,0.0627,0.0842,0.1041,0.1221,0.1384,0.2214,0.218,0.2155,0.2134,0.2061,0.1721,0.0638,-0.1618,-0.2747,-0.0427,0.1409,0.2014,0.2037,0.1845,0.1568,0.1222,0.0825,0.0551,0.0803,0.0586,-0.1359,-0.2998,-0.3219,-0.2486,-0.1763,-0.1218,-0.0802,-0.0458,-0.0152,0.0133,0.0402,0.0655,0.0891,0.1107,0.1302,0.1475,0.218,0.2125,0.21,0.2112,0.2168,0.2157,0.1576,-0.002,-0.0794,0.108,0.2389,0.2608,0.2396,0.211,0.1835,0.1487,0.0996,0.0524,0.0337,-0.0282,-0.1881,-0.2441,-0.2292,-0.1927,-0.1504,-0.1125,-0.0791,-0.048,-0.0175,0.0127,0.0422,0.0703,0.0963,0.12,0.141,0.1594,0.212,0.2023,0.2019,0.2091,0.2124,0.2602,0.3062,0.3196,0.3536,0.4113,0.3988,0.3368,0.2766,0.2386,0.2258,0.2027,0.1324,0.0539,-0.0207,-0.1492,-0.3584,-0.3323,-0.223,-0.1687,-0.1361,-0.11,-0.0839,-0.0547,-0.0224,0.0115,0.0452,0.0772,0.1065,0.1326,0.1553,0.1746,0.2046,0.1831,0.1662,0.1618,0.16,0.2863,0.446,0.5902,0.7527,0.7893,0.5915,0.4084,0.3035,0.2587,0.2939,0.3249,0.1736,0.0582,-0.0263,-0.1396,-0.2857,-0.279,-0.197,-0.1548,-0.1372,-0.124,-0.1032,-0.0718,-0.0328,0.0088,0.0495,0.0872,0.1207,0.1496,0.174,0.194,0.2012,0.1607,0.0751,-0.1026,-0.0464,0.3009,0.5875,0.796,1.118,1.2852,0.7497,0.4447,0.316,0.2635,0.2787,0.3204,0.1385,0.0353,-0.0193,-0.0784,-0.1403,-0.161,-0.1513,-0.1515,-0.165,-0.1713,-0.1512,-0.1066,-0.051,0.0051,0.0566,0.1019,0.1405,0.1725,0.1983,0.2186,0.2105,0.1687,0.0773,-0.0759,0.0042,0.412,0.7712,0.9689,1.0364,1.0554,0.6793,0.4382,0.333,0.3358,0.1981,0.0899,0.0072,-0.0064,-0.0103,-0.0458,-0.0804,-0.1059,-0.1318,-0.179,-0.248,-0.2873,-0.2503,-0.1657,-0.0757,0.0036,0.0699,0.1245,0.1687,0.2035,0.2301,0.2496,0.2332,0.2126,0.1804,0.1681,0.2877,0.5745,0.914,1.1208,1.0676,0.7735,0.5523,0.4938,0.399,0.2964,0.095,-0.1238,-0.1681,0.0256,0.0453,-0.0394,-0.068,-0.092,-0.1371,-0.2405,-0.4198,-0.5257,-0.4163,-0.2401,-0.0956,0.0126,0.0951,0.1592,0.2086,0.2453,0.2712,0.2884,0.2594,0.261,0.2718,0.3149,0.4263,0.6163,0.8565,1.0846,0.9688,0.6232,0.4553,0.6442,0.6837,0.1157,-0.1259,-0.5402,-0.4851,-0.1819,-0.0582,-0.0713,-0.0804,-0.097,-0.1423,-0.2841,-0.5954,-0.793,-0.5568,-0.2758,-0.0855,0.0443,0.1394,0.2114,0.2645,0.3012,0.3242,0.3364,0.2794,0.293,0.3185,0.3668,0.4474,0.5578,0.6739,0.7307,0.6233,0.4105,0.2755,0.2718,0.162,-0.0891,-0.2557,-0.6737,-1.0586,-0.4779,-0.18,-0.1025,-0.1236,-0.1297,-0.1325,-0.2313,-0.4746,-0.6321,-0.4485,-0.2039,-0.0239,0.1075,0.2085,0.2862,0.3416,0.3755,0.3915,0.3949,0.2899,0.3063,0.3315,0.3687,0.4179,0.4712,0.5077,0.4917,0.3931,0.2298,0.0629,0.0928,0.0656,-0.043,-0.2052,-0.5324,-0.8251,-0.3841,-0.0924,-0.0828,-0.2801,-0.2364,-0.1175,-0.1246,-0.2137,-0.2676,-0.195,-0.0591,0.077,0.1989,0.3042,0.389,0.446,0.4728,0.4754,0.4639,0.2918,0.3064,0.3257,0.3495,0.375,0.3945,0.3947,0.3595,0.2805,0.1668,0.0595,0.0558,-0.0518,-0.1261,-0.1263,-0.2135,-0.2007,0.0634,0.2837,0.103,-0.2847,-0.2238,-0.0594,-0.0249,-0.0497,-0.0678,-0.0324,0.0603,0.1817,0.3067,0.4249,0.5245,0.585,0.597,0.5754,0.541,0.2881,0.299,0.3115,0.3245,0.3347,0.3367,0.3234,0.2883,0.2309,0.1611,0.0986,0.0396,-0.0807,-0.1198,-0.0648,-0.0389,0.1068,0.5877,1.0495,0.5264,0.1589,0.0552,0.0699,0.066,0.0161,-0.0617,-0.0527,0.0957,0.2705,0.4228,0.5644,0.6924,0.76,0.7435,0.6831,0.6183,0.2811,0.2882,0.2952,0.3006,0.3019,0.2959,0.2788,0.2485,0.2064,0.1578,0.1087,0.0571,0.0029,-0.0237,-0.0491,-0.0569,0.1767,0.6155,0.9154,0.7192,0.454,0.273,0.1993,0.1492,0.0218,-0.2811,-0.3428,0.0731,0.3771,0.5525,0.7019,0.8576,0.9335,0.877,0.7738,0.6817,0.2729,0.2769,0.2798,0.2804,0.277,0.2677,0.2507,0.2256,0.1936,0.1574,0.1201,0.0835,0.0513,0.0256,-0.0128,-0.0061,0.1973,0.5,0.8427,0.9605,0.5977,0.3793,0.2913,0.2469,0.1322,-0.2626,-0.3573,0.3217,0.6047,0.7163,0.8059,0.9261,0.9923,0.9263,0.8151,0.7172,0.2648,0.2663,0.2665,0.2643,0.2587,0.2486,0.2333,0.2128,0.1881,0.161,0.1337,0.1087,0.0886,0.0755,0.074,0.1158,0.2421,0.439,0.6663,0.7238,0.5313,0.3808,0.3319,0.3527,0.4241,0.6181,1.1503,1.1142,0.9734,0.9411,0.9103,0.9132,0.9286,0.8868,0.8063,0.7245,0.2573,0.2572,0.2557,0.252,0.2457,0.236,0.2228,0.2063,0.1873,0.1674,0.1482,0.1319,0.1213,0.1198,0.1342,0.1772,0.2585,0.3678,0.4656,0.4819,0.4015,0.3052,0.2871,0.389,0.6204,1.1054,1.7378,1.5007,1.3305,1.2559,1.0873,0.9589,0.8955,0.8448,0.783,0.7173,0.2509,0.2498,0.2473,0.2431,0.2367,0.2281,0.217,0.204,0.1897,0.1753,0.1623,0.1526,0.1486,0.1533,0.171,0.2061,0.2591,0.3205,0.3684,0.3761,0.3313,0.2456,0.2213,0.3708,0.6396,1.0092,1.3293,1.4762,1.7671,1.6338,1.2878,1.0467,0.9134,0.832,0.7668,0.707,0.2456,0.2439,0.241,0.2368,0.2309,0.2235,0.2145,0.2044,0.1938,0.1837,0.1754,0.1704,0.1705,0.1778,0.1944,0.2217,0.2578,0.2966,0.3271,0.338,0.3229,0.2888,0.2939,0.4109,0.622,0.8843,1.1523,1.4783,1.8208,1.6892,1.3433,1.085,0.9267,0.827,0.755,0.696]}]