docs/data/wind_grid.json
[{"header":{"la1":42.85,"la2":41.18,"lo1":11.55,"lo2":14.05,"nx":36,"ny":24,"dx":0.07143,"dy":0.07261,"parameterCategory":2,"parameterNumber":2,"parameterNumberName":"eastward_wind","parameterUnit":"m.s-1"},"data":[1.6029,1.6069,1.6099,1.6112,1.6096,1.6036,1.5907,1.5683,1.5338,1.4855,1.4231,1.3473,1.2595,1.1612,1.0547,0.9441,0.8363,0.7408,0.6681,0.6258,0.6152,0.6313,0.6656,0.7094,0.7562,0.8017,0.8438,0.8816,0.9149,0.944,0.9694,0.9915,1.0109,1.028,1.0431,1.0566,1.6254,1.6328,1.6398,1.646,1.6503,1.6506,1.6438,1.6254,1.5911,1.5379,1.4658,1.3762,1.2709,1.1511,1.018,0.8749,0.7307,0.6006,0.504,0.4555,0.4568,0.4966,0.5582,0.6274,0.6949,0.7562,0.8099,0.8561,0.8954,0.9287,0.9572,0.9815,1.0024,1.0206,1.0365,1.0506,1.6482,1.6592,1.6709,1.6832,1.6953,1.7052,1.7087,1.6986,1.6666,1.6076,1.5224,1.4154,1.2895,1.1446,0.9785,0.7914,0.5921,0.405,0.2682,0.2133,0.2416,0.3257,0.4322,0.5381,0.6327,0.7129,0.7793,0.834,0.8791,0.9163,0.9473,0.9733,0.9954,1.0144,1.0308,1.0453,1.6705,1.6853,1.702,1.7211,1.7429,1.7663,1.7869,1.7931,1.7676,1.6999,1.5952,1.4654,1.3163,1.1446,0.9413,0.697,0.4141,0.1276,-0.0832,-0.1426,-0.0531,0.1142,0.2923,0.4487,0.5757,0.6761,0.755,0.8174,0.8672,0.9074,0.9403,0.9674,0.9902,1.0095,1.0262,1.0408,1.6917,1.7101,1.7315,1.7574,1.7896,1.83,1.8767,1.9137,1.9034,1.8192,1.6819,1.5227,1.3502,1.1549,0.9165,0.607,0.2047,-0.2566,-0.6144,-0.6679,-0.4409,-0.1247,0.1564,0.3729,0.533,0.6515,0.7403,0.8082,0.861,0.9029,0.9365,0.9639,0.9867,1.006,1.0225,1.0369,1.7111,1.7325,1.7579,1.7892,1.8299,1.8861,1.9645,2.0528,2.0735,1.9555,1.7678,1.5769,1.387,1.1786,0.9193,0.5572,0.0214,-0.7057,-1.34,-1.3584,-0.864,-0.3315,0.0631,0.3318,0.5154,0.6444,0.7379,0.8077,0.8611,0.9028,0.9359,0.9628,0.9849,1.0035,1.0195,1.0335,1.7283,1.7521,1.7801,1.8145,1.8588,1.9209,2.0151,2.145,2.2002,2.0431,1.8193,1.6148,1.4211,1.2156,0.9619,0.5947,0.0008,-0.9299,-1.8629,-1.8317,-1.0681,-0.3841,0.0628,0.3453,0.5305,0.6577,0.7488,0.8161,0.8673,0.907,0.9384,0.9636,0.9844,1.0018,1.0169,1.0302,1.743,1.7686,1.7983,1.8337,1.877,1.9325,2.0069,2.0967,2.1255,2.0075,1.8263,1.6361,1.449,1.2591,1.0375,0.727,0.2327,-0.5389,-1.3314,-1.3538,-0.7551,-0.1978,0.1751,0.4161,0.5773,0.6898,0.7714,0.8323,0.8787,0.9147,0.9431,0.9659,0.9846,1.0004,1.0142,1.0266,1.7552,1.7821,1.8132,1.8493,1.8913,1.9403,1.9953,2.0472,2.0669,2.0114,1.8588,1.6582,1.4664,1.2946,1.1176,0.89,0.5645,0.1284,-0.2803,-0.3723,-0.1543,0.1263,0.3546,0.5221,0.644,0.7341,0.8019,0.8537,0.8936,0.9246,0.949,0.9686,0.9847,0.9984,1.0107,1.0222,1.7645,1.7926,1.8251,1.8628,1.9068,1.9584,2.0215,2.111,2.2395,2.2419,1.9771,1.6811,1.459,1.3029,1.1725,1.0114,0.7953,0.5534,0.354,0.2692,0.3083,0.4126,0.5276,0.6297,0.714,0.7816,0.8352,0.8771,0.9097,0.9351,0.9548,0.9705,0.9836,0.995,1.0056,1.016,1.7709,1.7998,1.8334,1.8731,1.9209,1.9797,2.0549,2.1768,2.517,2.6896,2.0992,1.6634,1.4048,1.262,1.1947,1.0743,0.876,0.673,0.5517,0.5191,0.5391,0.5885,0.651,0.715,0.7739,0.8247,0.8664,0.8994,0.925,0.9443,0.9589,0.9704,0.9799,0.9888,0.9977,1.0073,1.774,1.8029,1.8368,1.8772,1.9272,1.9918,2.0802,2.171,2.2893,2.4015,1.9636,1.5886,1.3151,1.0944,1.2308,1.1044,0.8278,0.5133,0.4305,0.5304,0.6132,0.6692,0.7192,0.7693,0.8171,0.8587,0.8925,0.9184,0.9373,0.9505,0.9596,0.9662,0.9719,0.9781,0.9856,0.9948,1.7737,1.8017,1.8342,1.8727,1.9194,1.9783,2.0652,2.3672,1.9661,1.9751,1.7818,1.5551,1.3423,1.1945,1.4028,1.0862,0.7144,0.1582,0.1435,0.4748,0.6222,0.6863,0.7387,0.7928,0.8425,0.8827,0.9122,0.9323,0.945,0.952,0.9549,0.9559,0.9572,0.9606,0.9672,0.9771,1.7702,1.7963,1.8261,1.8601,1.8982,1.9374,1.9562,1.8492,1.8561,1.8899,1.7767,1.6012,1.4783,0.7638,1.1549,0.9237,0.5816,0.3526,0.3359,0.535,0.6014,0.6344,0.7049,0.7873,0.8537,0.8983,0.9253,0.9402,0.9467,0.9468,0.9425,0.9365,0.9325,0.9333,0.9402,0.9523,1.7639,1.7877,1.8141,1.8428,1.8727,1.8994,1.912,1.9064,1.9279,1.9942,2.0215,1.8455,1.5218,1.47,1.1809,0.5523,-0.1023,0.4538,0.6303,0.5922,0.4223,0.4249,0.602,0.7625,0.8597,0.9091,0.9313,0.94,0.9404,0.9331,0.9195,0.9039,0.8929,0.8917,0.9011,0.9188,1.7557,1.777,1.8,1.8244,1.8494,1.8731,1.8953,1.9264,2.0052,2.226,2.6983,2.3051,1.9555,1.54,1.3014,0.7246,0.2254,0.6873,0.8634,0.5405,-0.1505,-0.0149,0.4789,0.757,0.8759,0.9155,0.925,0.9273,0.9241,0.9097,0.8829,0.852,0.8309,0.8294,0.8465,0.8752,1.746,1.765,1.7852,1.8065,1.8288,1.8527,1.8819,1.9293,2.0281,2.2498,2.6089,2.2934,1.8593,1.6943,1.5213,1.2815,1.1308,1.2632,1.3238,0.8135,-0.1941,-0.0125,0.5605,0.8311,0.9091,0.9033,0.8894,0.8936,0.8972,0.8778,0.8303,0.7724,0.7362,0.7398,0.7747,0.8229,1.7355,1.7523,1.7701,1.789,1.8092,1.8323,1.8617,1.9057,1.9766,2.0775,2.1363,2.0082,1.7941,1.7343,1.7681,1.7507,1.6274,1.7496,1.9369,1.5296,0.9374,0.768,0.9038,0.9799,0.9335,0.8293,0.789,0.8302,0.865,0.8447,0.7636,0.6587,0.6019,0.6238,0.6918,0.7687,1.7245,1.7393,1.755,1.7716,1.7895,1.8099,1.8346,1.8664,1.9058,1.9419,1.9439,1.8896,1.8258,1.8561,2.1526,2.2813,1.9167,1.9091,2.0338,2.0977,1.7187,1.3953,1.2601,1.1414,0.9301,0.664,0.6068,0.7589,0.8474,0.8261,0.7011,0.5326,0.4561,0.5116,0.6215,0.7279,1.7132,1.7262,1.7399,1.7542,1.7695,1.7862,1.805,1.8257,1.8461,1.8593,1.856,1.8379,1.8336,1.9071,2.1286,2.1993,1.9939,2.0548,2.5547,2.7936,2.1491,1.7682,1.5626,1.3307,1.0043,0.649,0.5805,0.7921,0.8753,0.841,0.6897,0.4868,0.4018,0.4744,0.6019,0.7191,1.7018,1.7132,1.725,1.7372,1.7498,1.763,1.7766,1.79,1.8012,1.8074,1.8071,1.8052,1.8174,1.8656,1.9443,1.9719,1.9564,2.0642,2.3511,2.4452,2.1888,2.0509,1.9343,1.6273,1.2278,0.958,0.94,0.9485,0.9428,0.8915,0.7572,0.5874,0.5068,0.5513,0.6506,0.7503,1.6905,1.7004,1.7105,1.7207,1.731,1.7412,1.7511,1.7601,1.7672,1.7715,1.7738,1.7776,1.79,1.8162,1.8496,1.8745,1.9046,1.9829,2.1003,2.1697,2.2427,2.494,2.5456,2.058,1.4821,1.1165,1.0049,1.0086,1.0022,0.9562,0.86,0.7461,0.68,0.6885,0.7435,0.811,1.6793,1.6879,1.6965,1.705,1.7134,1.7214,1.7288,1.7353,1.7405,1.7443,1.7477,1.7529,1.7628,1.7789,1.7996,1.8233,1.8577,1.9143,1.9935,2.1047,2.3479,2.8175,2.9529,2.3553,1.6973,1.2795,1.1035,1.0717,1.0597,1.0216,0.9555,0.8818,0.8318,0.822,0.8446,0.8832,1.6685,1.6759,1.6832,1.6903,1.6971,1.7035,1.7093,1.7143,1.7184,1.722,1.7257,1.7308,1.7388,1.7507,1.7666,1.7881,1.8192,1.8661,1.9369,2.055,2.2717,2.5651,2.6167,2.2467,1.7795,1.4387,1.2532,1.1728,1.1303,1.0877,1.0364,0.9846,0.946,0.9298,0.9346,0.9533]},{"header":{"la1":42.85,"la2":41.18,"lo1":11.55,"lo2":14.05,"nx":36,"ny":24,"dx":0.07143,"dy":0.07261,"parameterCategory":2,"parameterNumber":3,"parameterNumberName":"northward_wind","parameterUnit":"m.s-1"},"data":[0.1024,0.1269,0.1548,0.1851,0.2161,0.2445,0.2657,0.2748,0.2684,0.2463,0.212,0.1706,0.1267,0.0832,0.0415,0.0023,-0.0332,-0.0632,-0.0855,-0.0983,-0.1016,-0.0972,-0.0878,-0.076,-0.0637,-0.0521,-0.0419,-0.0331,-0.0258,-0.0197,-0.0146,-0.0105,-0.0071,-0.0043,-0.0019,-0.0,0.1065,0.1362,0.1716,0.2125,0.2572,0.3012,0.3373,0.3559,0.3496,0.3176,0.2669,0.2077,0.148,0.0914,0.0382,-0.0121,-0.0588,-0.0991,-0.1282,-0.1426,-0.1422,-0.1305,-0.1128,-0.0936,-0.0753,-0.0595,-0.0462,-0.0354,-0.0266,-0.0196,-0.014,-0.0095,-0.0059,-0.0029,-0.0005,0.0015,0.1071,0.1421,0.1862,0.2404,0.3045,0.374,0.4373,0.4757,0.4714,0.4213,0.3415,0.2537,0.1718,0.099,0.0324,-0.0319,-0.095,-0.1519,-0.1929,-0.2089,-0.1999,-0.1745,-0.1431,-0.1128,-0.0868,-0.0657,-0.0492,-0.0363,-0.0264,-0.0187,-0.0127,-0.0079,-0.0041,-0.0011,0.0014,0.0034,0.1024,0.1419,0.1945,0.2642,0.3543,0.4635,0.5775,0.6597,0.6636,0.5771,0.4414,0.3067,0.1951,0.1047,0.0246,-0.0563,-0.1436,-0.2302,-0.2937,-0.3108,-0.2824,-0.2309,-0.1773,-0.1317,-0.0962,-0.0696,-0.05,-0.0355,-0.0248,-0.0166,-0.0104,-0.0056,-0.0018,0.0012,0.0037,0.0056,0.0906,0.1324,0.1913,0.2752,0.395,0.5606,0.7654,0.9474,0.9797,0.8124,0.5654,0.3568,0.2107,0.1065,0.0172,-0.0803,-0.202,-0.3424,-0.4524,-0.4678,-0.3953,-0.296,-0.2096,-0.1456,-0.1005,-0.0693,-0.0477,-0.0324,-0.0214,-0.0133,-0.0072,-0.0025,0.0011,0.0041,0.0064,0.0083,0.0703,0.1106,0.1703,0.2612,0.4036,0.6295,0.9694,1.3598,1.4785,1.1276,0.6778,0.3771,0.2067,0.1023,0.0152,-0.0914,-0.2512,-0.4765,-0.6777,-0.6827,-0.5221,-0.3512,-0.2278,-0.1477,-0.0964,-0.0632,-0.0414,-0.0266,-0.0162,-0.0087,-0.0031,0.0012,0.0046,0.0074,0.0096,0.0114,0.0414,0.0754,0.1275,0.211,0.3512,0.5979,1.0358,1.6787,1.9493,1.3186,0.6639,0.3258,0.1723,0.0921,0.0247,-0.0722,-0.2459,-0.5396,-0.8454,-0.8348,-0.5801,-0.3556,-0.2146,-0.131,-0.0811,-0.0504,-0.031,-0.0182,-0.0094,-0.0031,0.0017,0.0056,0.0087,0.0112,0.0133,0.0149,0.0054,0.0285,0.0647,0.1241,0.2263,0.4113,0.7511,1.2681,1.4673,0.909,0.4036,0.1865,0.1118,0.0817,0.0497,-0.0153,-0.1504,-0.3938,-0.6598,-0.6666,-0.4612,-0.2765,-0.1612,-0.0941,-0.055,-0.0317,-0.0173,-0.008,-0.0016,0.0032,0.0071,0.0104,0.0132,0.0155,0.0175,0.019,-0.0346,-0.025,-0.0097,0.0155,0.0579,0.1292,0.2389,0.3475,0.2962,0.09,-0.0075,0.0094,0.0528,0.0836,0.0904,0.0657,-0.0037,-0.1281,-0.2624,-0.2955,-0.2252,-0.1408,-0.0805,-0.0437,-0.0221,-0.0096,-0.0021,0.0028,0.0065,0.0097,0.0126,0.0154,0.0181,0.0204,0.0223,0.0237,-0.0744,-0.0783,-0.0836,-0.0911,-0.1032,-0.1264,-0.1809,-0.3251,-0.6099,-0.7077,-0.4086,-0.1266,0.0333,0.1126,0.1453,0.1509,0.1357,0.098,0.0439,0.0016,-0.0111,-0.0058,0.0025,0.0083,0.0112,0.0121,0.0124,0.0128,0.0138,0.0156,0.0179,0.0207,0.0234,0.0258,0.0278,0.0291,-0.1104,-0.1253,-0.1464,-0.1772,-0.223,-0.2916,-0.3976,-0.6108,-1.2105,-1.5039,-0.6686,-0.1513,0.0785,0.1733,0.2079,0.2285,0.256,0.282,0.2669,0.2062,0.1428,0.0982,0.07,0.0516,0.0388,0.0297,0.0236,0.0203,0.0193,0.0204,0.0228,0.026,0.0293,0.0322,0.0344,0.0356,-0.1398,-0.162,-0.1927,-0.2354,-0.2947,-0.3721,-0.4546,-0.5321,-0.8667,-1.0895,-0.4942,-0.0439,0.1679,0.2302,0.2585,0.2927,0.3713,0.4912,0.495,0.3649,0.2446,0.1649,0.114,0.0801,0.0566,0.0401,0.0294,0.0236,0.022,0.0235,0.0272,0.0318,0.0363,0.04,0.0425,0.0437,-0.1615,-0.1873,-0.2215,-0.2672,-0.3273,-0.401,-0.4676,-0.4007,-0.571,-0.503,-0.2092,0.1093,0.2692,0.2704,0.3043,0.3584,0.4795,0.7222,0.7161,0.4586,0.289,0.192,0.1324,0.0918,0.0624,0.0414,0.028,0.0215,0.021,0.0248,0.0313,0.0387,0.0453,0.0502,0.053,0.0537,-0.1757,-0.2019,-0.2353,-0.2779,-0.3313,-0.3959,-0.4708,-0.5716,-0.536,-0.362,-0.1267,0.1962,0.3506,0.9266,0.4453,0.4802,0.6177,0.6517,0.6111,0.4135,0.2645,0.1802,0.1277,0.0878,0.0557,0.0319,0.0174,0.0124,0.0155,0.0244,0.0361,0.048,0.0579,0.0643,0.067,0.0666,-0.1835,-0.208,-0.2379,-0.2741,-0.3167,-0.3645,-0.413,-0.4443,-0.4196,-0.3639,-0.2962,-0.0981,0.2075,0.3092,0.3955,0.7207,1.1528,0.6839,0.4487,0.2981,0.1916,0.1422,0.1084,0.0717,0.0366,0.0094,-0.0053,-0.006,0.0049,0.0228,0.0434,0.0624,0.0767,0.0844,0.086,0.0832,-0.1862,-0.208,-0.2334,-0.2625,-0.2944,-0.3269,-0.3554,-0.3739,-0.3933,-0.4877,-0.7698,-0.4899,-0.2432,0.072,0.2038,0.573,0.9172,0.5606,0.3287,0.1995,0.115,0.1061,0.0865,0.0464,0.0028,-0.0318,-0.0464,-0.0376,-0.012,0.0216,0.0562,0.0859,0.1058,0.1136,0.1116,0.1039,-0.1853,-0.2042,-0.2253,-0.2482,-0.2722,-0.2957,-0.3175,-0.3408,-0.3854,-0.5052,-0.7237,-0.532,-0.4171,-0.3972,-0.1039,0.1152,0.2769,0.2723,0.2294,0.161,0.1024,0.0938,0.0621,0.0093,-0.0521,-0.1048,-0.1199,-0.0893,-0.035,0.0236,0.0789,0.1242,0.1504,0.1548,0.1445,0.1282,-0.1822,-0.1983,-0.2157,-0.234,-0.2527,-0.2713,-0.2904,-0.3138,-0.3509,-0.409,-0.4527,-0.4203,-0.4519,-0.4674,-0.413,-0.3668,-0.0821,0.171,0.2869,0.1654,0.096,0.0641,0.0209,-0.0426,-0.134,-0.234,-0.253,-0.1663,-0.0583,0.0337,0.1146,0.1806,0.2126,0.2069,0.1816,0.1531,-0.1777,-0.1913,-0.2058,-0.2207,-0.2358,-0.2511,-0.2673,-0.2863,-0.3103,-0.3367,-0.3539,-0.3609,-0.3913,-0.4912,-0.9111,-1.088,-0.3816,0.0622,0.1941,0.0876,0.0456,0.0098,-0.0338,-0.0957,-0.2169,-0.4231,-0.4633,-0.2368,-0.055,0.0579,0.1558,0.2423,0.2772,0.2554,0.2127,0.1724,-0.1725,-0.184,-0.1961,-0.2084,-0.2209,-0.2335,-0.2467,-0.2611,-0.277,-0.2928,-0.3075,-0.3271,-0.3751,-0.5149,-0.8484,-0.9328,-0.4345,-0.0828,0.0083,0.002,-0.0135,-0.0626,-0.1034,-0.1305,-0.2041,-0.4255,-0.4748,-0.1223,0.0295,0.0997,0.1795,0.2658,0.2999,0.2718,0.2231,0.1789,-0.1668,-0.1767,-0.1868,-0.1971,-0.2075,-0.2179,-0.2285,-0.2396,-0.2511,-0.2632,-0.2773,-0.299,-0.3416,-0.424,-0.5283,-0.5118,-0.3191,-0.1313,-0.0416,-0.0336,-0.0945,-0.1922,-0.2319,-0.1766,-0.0867,0.0475,0.3522,0.3226,0.193,0.1522,0.1783,0.2333,0.2615,0.2447,0.2076,0.1705,-0.1611,-0.1695,-0.1781,-0.1867,-0.1953,-0.2039,-0.2125,-0.2212,-0.2302,-0.24,-0.252,-0.2692,-0.2957,-0.3307,-0.3542,-0.3264,-0.2423,-0.154,-0.1085,-0.1274,-0.2406,-0.4363,-0.4896,-0.3,-0.0389,0.3073,0.6662,0.5285,0.2927,0.188,0.1692,0.1885,0.2045,0.1987,0.1773,0.1518,-0.1554,-0.1626,-0.1699,-0.1771,-0.1843,-0.1913,-0.1983,-0.2052,-0.2123,-0.22,-0.229,-0.2402,-0.2536,-0.2657,-0.2665,-0.2451,-0.2045,-0.1662,-0.1565,-0.2039,-0.3526,-0.6038,-0.6705,-0.4087,-0.0931,0.2022,0.4036,0.381,0.2635,0.184,0.1547,0.1541,0.1593,0.1568,0.1454,0.1295,-0.1497,-0.1559,-0.1621,-0.1682,-0.1742,-0.18,-0.1856,-0.1911,-0.1966,-0.2023,-0.2083,-0.2146,-0.2204,-0.2231,-0.2186,-0.2046,-0.1848,-0.1708,-0.1786,-0.2285,-0.341,-0.4897,-0.5193,-0.3558,-0.1322,0.065,0.1909,0.2189,0.1876,0.1515,0.1318,0.1264,0.1263,0.1243,0.1179,0.1081]}]