docs/data/wind_grid.json
{"header": {"la1":42.1,"la2":41.55,"lo1":12.1,"lo2":12.95,"nx":50,"ny":50,"dx":0.01735,"dy":0.01122,"parameterCategory":2,"parameterNumber":2,"parameterNumberName":"eastward_wind","parameterUnit":"m.s-1"}, "data":
[rows 0 to 45 of 50, columns 0 to 49 of 50]
2.2083,2.2024,2.1958,2.1885,2.1804,2.1715,2.1619,2.1513,2.1401,2.1281,2.1155,2.1024,2.0891,2.0757,2.0625,2.0498,2.038,2.0275,2.0186,2.0116,2.0068,2.0043,2.0042,2.0065,2.011,2.0172,2.0249,2.0335,2.0425,2.0514,2.0596,2.0668,2.0726,2.0768,2.0795,2.0807,2.0807,2.0799,2.0787,2.0778,2.0773,2.0775,2.0786,2.0805,2.0831,2.0864,2.0901,2.094,2.0981,2.1022
2.2121,2.2062,2.1996,2.1921,2.1838,2.1746,2.1646,2.1536,2.1417,2.129,2.1156,2.1016,2.0871,2.0726,2.0582,2.0442,2.0312,2.0196,2.0096,2.0019,1.9965,1.9939,1.9939,1.9967,2.0019,2.0091,2.018,2.0279,2.0382,2.0483,2.0576,2.0656,2.072,2.0764,2.079,2.0798,2.0793,2.0779,2.0761,2.0746,2.0737,2.0738,2.0749,2.077,2.08,2.0837,2.0877,2.0921,2.0966,2.1011
2.2162,2.2103,2.2036,2.1961,2.1876,2.1781,2.1677,2.1562,2.1437,2.1303,2.116,2.1009,2.0854,2.0695,2.0537,2.0384,2.024,2.011,2.0,1.9912,1.9853,1.9824,1.9826,1.9859,1.9919,2.0003,2.0106,2.0219,2.0337,2.0452,2.0557,2.0647,2.0716,2.0764,2.0788,2.0792,2.078,2.0757,2.0732,2.0711,2.0698,2.0697,2.0709,2.0733,2.0767,2.0808,2.0854,2.0902,2.0951,2.0999
2.2207,2.2148,2.2081,2.2005,2.1918,2.1821,2.1713,2.1594,2.1463,2.132,2.1168,2.1006,2.0838,2.0666,2.0493,2.0324,2.0164,2.0019,1.9894,1.9796,1.9729,1.9697,1.9701,1.9739,1.981,1.9908,2.0026,2.0156,2.0291,2.0422,2.054,2.064,2.0717,2.0766,2.0789,2.0787,2.0766,2.0734,2.07,2.0671,2.0654,2.0652,2.0666,2.0693,2.0732,2.0779,2.083,2.0883,2.0937,2.0989
2.2255,2.2197,2.213,2.2053,2.1965,2.1866,2.1755,2.163,2.1493,2.1343,2.1181,2.1007,2.0826,2.0638,2.0448,2.0261,2.0083,1.9921,1.978,1.9669,1.9594,1.9557,1.9562,1.9608,1.969,1.9803,1.9939,2.0089,2.0244,2.0392,2.0526,2.0638,2.0722,2.0774,2.0794,2.0785,2.0753,2.071,2.0664,2.0627,2.0605,2.0603,2.0619,2.0651,2.0696,2.0749,2.0806,2.0865,2.0924,2.098
2.2307,2.225,2.2183,2.2106,2.2018,2.1917,2.1802,2.1673,2.153,2.1372,2.1199,2.1014,2.0817,2.0612,2.0404,2.0197,1.9998,1.9815,1.9657,1.953,1.9444,1.9402,1.9409,1.9462,1.9558,1.9689,1.9846,2.0019,2.0195,2.0364,2.0516,2.0641,2.0733,2.0787,2.0803,2.0785,2.0742,2.0684,2.0626,2.0579,2.0552,2.0549,2.0568,2.0607,2.0659,2.0719,2.0783,2.0849,2.0912,2.0973
2.2362,2.2307,2.2241,2.2165,2.2076,2.1973,2.1856,2.1723,2.1574,2.1407,2.1224,2.1026,2.0813,2.0591,2.0362,2.0132,1.991,1.9703,1.9523,1.9378,1.9278,1.9231,1.9239,1.9301,1.9413,1.9565,1.9746,1.9944,2.0146,2.0338,2.051,2.0649,2.075,2.0807,2.0818,2.079,2.0731,2.0657,2.0584,2.0526,2.0494,2.0491,2.0516,2.0561,2.0622,2.0691,2.0762,2.0834,2.0903,2.0968
2.2422,2.2368,2.2304,2.2229,2.214,2.2037,2.1917,2.1781,2.1625,2.1451,2.1257,2.1045,2.0816,2.0574,2.0322,2.0067,1.9818,1.9585,1.9378,1.9211,1.9096,1.904,1.905,1.9123,1.9253,1.943,1.9639,1.9866,2.0097,2.0315,2.0509,2.0665,2.0776,2.0835,2.0841,2.08,2.0724,2.063,2.0539,2.047,2.0433,2.0431,2.0462,2.0516,2.0587,2.0664,2.0744,2.0823,2.0897,2.0966
2.2485,2.2434,2.2373,2.2299,2.2211,2.2108,2.1987,2.1846,2.1686,2.1504,2.1299,2.1073,2.0827,2.0563,2.0287,2.0004,1.9724,1.9459,1.9222,1.9029,1.8894,1.8829,1.884,1.8926,1.9078,1.9283,1.9525,1.9786,2.0048,2.0297,2.0515,2.069,2.0812,2.0873,2.0873,2.0818,2.0722,2.0605,2.0495,2.0412,2.037,2.0371,2.0409,2.0474,2.0555,2.0642,2.073,2.0815,2.0895,2.0967
2.2552,2.2505,2.2446,2.2375,2.2289,2.2186,2.2064,2.1922,2.1756,2.1567,2.1352,2.1112,2.0847,2.0561,2.0258,1.9944,1.963,1.9328,1.9055,1.883,1.8671,1.8593,1.8606,1.8707,1.8886,1.9125,1.9404,1.9703,2.0002,2.0284,2.053,2.0726,2.086,2.0925,2.0918,2.0847,2.0727,2.0586,2.0453,2.0355,2.0308,2.0313,2.036,2.0436,2.0528,2.0625,2.0722,2.0813,2.0897,2.0973
2.2624,2.258,2.2525,2.2457,2.2374,2.2273,2.2151,2.2007,2.1838,2.1642,2.1417,2.1163,2.088,2.057,2.0237,1.9889,1.9536,1.9193,1.8877,1.8613,1.8424,1.8331,1.8346,1.8466,1.8676,1.8955,1.9277,1.962,1.996,2.0278,2.0556,2.0775,2.0924,2.0992,2.0979,2.089,2.0746,2.0576,2.0418,2.0305,2.0253,2.0262,2.0319,2.0407,2.051,2.0617,2.072,2.0816,2.0904,2.0983
2.27,2.2661,2.261,2.2547,2.2467,2.2368,2.2248,2.2104,2.1932,2.173,2.1496,2.1228,2.0926,2.0592,2.0228,1.9844,1.9448,1.9056,1.869,1.8379,1.8152,1.804,1.8057,1.8201,1.845,1.8776,1.9148,1.9539,1.9925,2.0284,2.0595,2.0841,2.1006,2.108,2.106,2.0954,2.0782,2.0582,2.0398,2.0268,2.0211,2.0225,2.0291,2.039,2.0503,2.0617,2.0727,2.0827,2.0917,2.0998
2.2779,2.2746,2.2701,2.2643,2.2568,2.2473,2.2356,2.2213,2.2039,2.1833,2.159,2.1309,2.0989,2.063,2.0235,1.981,1.9367,1.8922,1.8497,1.8128,1.7854,1.7717,1.7738,1.7912,1.821,1.8591,1.9018,1.9463,1.9898,2.0302,2.0651,2.0926,2.111,2.1192,2.1167,2.1044,2.0845,2.0614,2.0401,2.0253,2.019,2.0207,2.0282,2.039,2.051,2.063,2.0744,2.0846,2.0938,2.1018
2.2863,2.2836,2.2798,2.2746,2.2677,2.2588,2.2475,2.2334,2.2161,2.1952,2.1703,2.141,2.1072,2.0688,2.0261,1.9795,1.9301,1.8795,1.8303,1.7864,1.753,1.736,1.7386,1.7601,1.7958,1.8404,1.8894,1.9396,1.9885,2.0337,2.0728,2.1036,2.1242,2.1334,2.1306,2.1168,2.0943,2.068,2.0439,2.0272,2.0201,2.0218,2.0298,2.041,2.0535,2.0657,2.0772,2.0874,2.0965,2.1045
2.2951,2.2931,2.2901,2.2856,2.2795,2.2713,2.2606,2.247,2.2299,2.2089,2.1835,2.1532,2.1178,2.077,2.031,1.9802,1.9255,1.8685,1.8117,1.7593,1.7183,1.6968,1.7004,1.7273,1.7705,1.8224,1.8781,1.9344,1.9889,2.0393,2.0829,2.1173,2.1405,2.1511,2.1484,2.1333,2.1086,2.0793,2.0524,2.0335,2.0253,2.0265,2.0343,2.0455,2.0579,2.07,2.0812,2.0912,2.1,2.1077
2.3042,2.3031,2.3009,2.2974,2.2921,2.2848,2.2749,2.262,2.2453,2.2245,2.1988,2.1678,2.1309,2.088,2.0389,1.984,1.924,1.8602,1.7951,1.7329,1.6821,1.6547,1.6596,1.694,1.7463,1.8064,1.869,1.9313,1.9916,2.0473,2.0958,2.1343,2.1606,2.1729,2.1708,2.1549,2.1282,2.0963,2.0665,2.0453,2.0354,2.0354,2.0423,2.0528,2.0644,2.0759,2.0865,2.096,2.1043,2.1116
2.3137,2.3135,2.3123,2.3098,2.3056,2.2994,2.2905,2.2784,2.2625,2.2421,2.2164,2.1849,2.147,2.1022,2.0503,1.9914,1.9263,1.8561,1.7825,1.7095,1.6463,1.6107,1.6178,1.6623,1.7254,1.7939,1.8629,1.931,1.9968,2.0581,2.1119,2.1551,2.1848,2.1994,2.1982,2.1819,2.1537,2.1195,2.087,2.0632,2.0508,2.0488,2.0539,2.0628,2.0731,2.0834,2.093,2.1017,2.1093,2.116
2.3235,2.3243,2.3242,2.3228,2.3199,2.315,2.3074,2.2965,2.2815,2.2618,2.2366,2.2049,2.1663,2.1199,2.0656,2.0033,1.9336,1.8576,1.7766,1.6927,1.6149,1.5681,1.5786,1.6362,1.711,1.7869,1.861,1.934,2.0051,2.0721,2.1316,2.1799,2.2136,2.2309,2.231,2.2147,2.1853,2.149,2.1139,2.087,2.0716,2.0666,2.069,2.0755,2.0838,2.0925,2.1007,2.1083,2.115,2.1209
2.3335,2.3354,2.3365,2.3365,2.335,2.3316,2.3255,2.316,2.3024,2.2838,2.2592,2.2279,2.1889,2.1416,2.0854,2.0201,1.9467,1.8663,1.7799,1.6879,1.5956,1.5346,1.5495,1.6225,1.707,1.7872,1.8642,1.9407,2.0166,2.0894,2.155,2.2089,2.2472,2.2675,2.2691,2.2529,2.2225,2.1842,2.1463,2.1161,2.0969,2.0881,2.087,2.0905,2.0963,2.1028,2.1095,2.1157,2.1213,2.1264
2.3438,2.3468,2.3493,2.3507,2.3509,2.3491,2.3448,2.3371,2.3252,2.308,2.2845,2.2539,2.2151,2.1674,2.1099,2.0426,1.9662,1.883,1.7949,1.701,1.601,1.5266,1.5457,1.6301,1.717,1.796,1.8728,1.9512,2.0313,2.1098,2.1819,2.2419,2.2851,2.3087,2.3117,2.2956,2.264,2.2236,2.1828,2.1489,2.1255,2.1125,2.1073,2.1072,2.1101,2.1143,2.119,2.1237,2.1281,2.1322
2.3541,2.3584,2.3623,2.3654,2.3673,2.3676,2.3653,2.3597,2.3498,2.3344,2.3124,2.2829,2.2449,2.1974,2.1395,2.0708,1.9924,1.9077,1.8213,1.735,1.645,1.5718,1.5895,1.6665,1.7419,1.8129,1.8865,1.9653,2.0488,2.133,2.2118,2.2783,2.3266,2.3533,2.3575,2.3408,2.3076,2.2649,2.2211,2.1835,2.1558,2.1383,2.1289,2.1251,2.1248,2.1265,2.1291,2.1322,2.1353,2.1383
2.3645,2.3702,2.3756,2.3804,2.3844,2.3867,2.3869,2.3837,2.3762,2.3629,2.3428,2.3148,2.278,2.2316,2.1742,2.1051,2.0252,1.9395,1.8564,1.7843,1.7255,1.6842,1.6883,1.7278,1.7777,1.8359,1.9041,1.9823,2.0686,2.1581,2.2435,2.3165,2.3699,2.3994,2.404,2.3861,2.3508,2.3056,2.2589,2.2178,2.1862,2.1644,2.1509,2.1434,2.14,2.139,2.1396,2.141,2.1427,2.1447
2.3749,2.3819,2.3889,2.3957,2.4017,2.4066,2.4094,2.409,2.4042,2.3936,2.3756,2.3494,2.3142,2.2694,2.2137,2.1453,2.0645,1.977,1.8953,1.8351,1.8088,1.8087,1.7972,1.7929,1.8162,1.8616,1.9242,2.0012,2.0897,2.1839,2.2755,2.3545,2.4124,2.4439,2.4482,2.4285,2.3907,2.3431,2.2939,2.25,2.215,2.1895,2.1723,2.1614,2.155,2.1516,2.1501,2.1498,2.1503,2.1511
2.3851,2.3936,2.4023,2.411,2.4194,2.4268,2.4326,2.4354,2.4339,2.4261,2.4106,2.3862,2.3527,2.3102,2.2572,2.1911,2.1102,2.0197,1.9348,1.8761,1.8601,1.8728,1.8599,1.8404,1.85,1.8871,1.9454,2.0212,2.111,2.2088,2.3054,2.3894,2.4506,2.4832,2.4866,2.4647,2.4247,2.3752,2.3243,2.2785,2.241,2.2126,2.1923,2.1786,2.1695,2.1639,2.1605,2.1586,2.1578,2.1576
2.3951,2.405,2.4154,2.4262,2.437,2.4473,2.4563,2.4628,2.4649,2.4605,2.4476,2.4248,2.3928,2.3527,2.3037,2.2418,2.1622,2.0681,1.9753,1.9076,1.8816,1.885,1.8788,1.8676,1.8771,1.9112,1.9669,2.0414,2.1314,2.2311,2.3307,2.4178,2.4811,2.5138,2.5159,2.4922,2.4507,2.4004,2.349,2.3023,2.2634,2.2331,2.2105,2.1944,2.1832,2.1756,2.1705,2.1672,2.1651,2.1639
2.4048,2.4161,2.4282,2.441,2.4543,2.4677,2.4802,2.4907,2.497,2.4966,2.4864,2.465,2.4334,2.3952,2.3512,2.2958,2.2202,2.1231,2.0204,1.9384,1.8955,1.8857,1.8842,1.8851,1.9,1.9344,1.9884,2.0611,2.15,2.2494,2.3495,2.4373,2.5007,2.5329,2.5338,2.5093,2.4678,2.418,2.3673,2.321,2.2818,2.2505,2.2265,2.2087,2.1957,2.1864,2.1799,2.1753,2.1722,2.17
2.414,2.4267,2.4405,2.4553,2.4712,2.4876,2.5039,2.5188,2.53,2.5341,2.5272,2.5064,2.4736,2.4356,2.3968,2.3506,2.2822,2.1849,2.0734,1.9772,1.9185,1.897,1.8954,1.9032,1.9225,1.9575,2.0099,2.08,2.1659,2.2626,2.3604,2.4462,2.5081,2.5392,2.5397,2.5157,2.4757,2.428,2.3794,2.3347,2.2962,2.2647,2.24,2.2211,2.2069,2.1963,2.1886,2.183,2.1789,2.1759
2.4226,2.4366,2.452,2.4688,2.4872,2.5067,2.5269,2.5466,2.5633,2.5729,2.57,2.5493,2.5126,2.4717,2.4372,2.402,2.3443,2.2506,2.1339,2.0269,1.9558,1.9237,1.9178,1.9265,1.9471,1.9814,2.0313,2.0976,2.179,2.2706,2.3633,2.4449,2.5037,2.5334,2.5344,2.5124,2.4753,2.4311,2.3858,2.3435,2.3066,2.2758,2.2511,2.2316,2.2166,2.2052,2.1966,2.19,2.1852,2.1815
2.4306,2.4457,2.4626,2.4813,2.5019,2.5245,2.5486,2.5732,2.596,2.6124,2.6148,2.5945,2.5507,2.5016,2.4689,2.4453,2.4005,2.3139,2.1971,2.0844,2.0043,1.9627,1.9501,1.9554,1.9742,2.0061,2.0525,2.1139,2.1891,2.2738,2.3594,2.4348,2.4896,2.5179,2.52,2.501,2.4682,2.4284,2.3872,2.3481,2.3135,2.284,2.2598,2.2403,2.225,2.213,2.2037,2.1965,2.191,2.1867
2.4377,2.454,2.4721,2.4924,2.5152,2.5405,2.5682,2.5976,2.6269,2.6511,2.6612,2.6429,2.5893,2.5248,2.4891,2.4761,2.4442,2.3673,2.2555,2.1428,2.0577,2.0084,1.9884,1.9884,2.0032,2.0313,2.0731,2.1287,2.1968,2.2732,2.3504,2.4186,2.4687,2.4955,2.4992,2.484,2.456,2.4212,2.3845,2.3492,2.3172,2.2896,2.2663,2.2473,2.2319,2.2196,2.2099,2.2023,2.1963,2.1916
2.4441,2.4611,2.4804,2.5021,2.5265,2.5541,2.585,2.6188,2.6542,2.6868,2.7065,2.6938,2.63,2.543,2.4984,2.4925,2.4713,2.405,2.3027,2.1953,2.1096,2.0552,2.0287,2.0229,2.0328,2.0563,2.0928,2.1421,2.2025,2.2701,2.3384,2.3989,2.4441,2.4694,2.4747,2.4633,2.4403,2.4108,2.3788,2.3474,2.3184,2.2928,2.2709,2.2526,2.2375,2.2252,2.2153,2.2074,2.201,2.196
2.4495,2.4672,2.4872,2.5099,2.5357,2.5651,2.5983,2.6355,2.6758,2.7158,2.7456,2.7417,2.6721,2.5607,2.5017,2.4968,2.4821,2.4261,2.336,2.2379,2.1556,2.0992,2.068,2.057,2.062,2.0805,2.1115,2.1542,2.2068,2.2656,2.3251,2.3781,2.4183,2.442,2.4488,2.441,2.4228,2.3982,2.3709,2.3434,2.3175,2.2942,2.2738,2.2565,2.2419,2.2298,2.2199,2.2119,2.2053,2.2
2.4539,2.4721,2.4926,2.516,2.5426,2.5729,2.6076,2.6467,2.69,2.7345,2.7711,2.7752,2.7066,2.5812,2.5073,2.4957,2.4817,2.434,2.3566,2.2699,2.1937,2.1381,2.1042,2.0891,2.0896,2.1033,2.1289,2.1652,2.2102,2.2607,2.3118,2.3577,2.3933,2.4153,2.4231,2.4185,2.4046,2.3846,2.3616,2.3379,2.3151,2.294,2.2753,2.2591,2.2452,2.2335,2.2238,2.2157,2.209,2.2036
2.4573,2.4757,2.4965,2.5201,2.547,2.5776,2.6125,2.652,2.6955,2.7405,2.778,2.7841,2.7208,2.6001,2.5187,2.495,2.4765,2.434,2.3679,2.2927,2.224,2.171,2.1362,2.1184,2.1151,2.1244,2.1449,2.1751,2.2131,2.256,2.2995,2.339,2.3702,2.3904,2.3989,2.3968,2.3865,2.3706,2.3516,2.3313,2.3114,2.2927,2.2757,2.2606,2.2476,2.2364,2.2269,2.219,2.2123,2.2067
2.4596,2.4781,2.4988,2.5223,2.5489,2.579,2.6131,2.6512,2.6926,2.7341,2.7666,2.7689,2.7125,2.61,2.5312,2.4961,2.4707,2.4307,2.3735,2.3085,2.2474,2.1982,2.1639,2.1443,2.1381,2.1436,2.1594,2.1842,2.2159,2.2519,2.2886,2.3224,2.3495,2.3679,2.3767,2.3766,2.3693,2.3569,2.3413,2.3242,2.3069,2.2904,2.2751,2.2613,2.2491,2.2386,2.2295,2.2217,2.2151,2.2095
2.461,2.4793,2.4997,2.5226,2.5485,2.5774,2.6098,2.6452,2.6825,2.7179,2.7426,2.7394,2.6908,2.609,2.539,2.4974,2.4658,2.4267,2.376,2.3195,2.2654,2.2203,2.1874,2.167,2.1586,2.1609,2.1727,2.1925,2.2186,2.2485,2.2794,2.308,2.3316,2.3481,2.3568,2.3582,2.3533,2.3437,2.3311,2.3168,2.302,2.2875,2.2738,2.2613,2.25,2.2401,2.2314,2.2239,2.2175,2.212
2.4615,2.4793,2.4991,2.5213,2.5459,2.5732,2.6031,2.635,2.6672,2.6957,2.7124,2.705,2.6641,2.6002,2.5402,2.4969,2.4615,2.4227,2.3769,2.3272,2.2793,2.2382,2.2071,2.1866,2.1767,2.1764,2.1846,2.2002,2.2213,2.246,2.2717,2.2959,2.3162,2.331,2.3394,2.3417,2.3386,2.3314,2.3213,2.3094,2.2968,2.2841,2.272,2.2607,2.2503,2.2411,2.2329,2.2257,2.2195,2.2141
2.461,2.4782,2.4973,2.5184,2.5416,2.5668,2.5938,2.6218,2.6486,2.6705,2.6808,2.6711,2.6372,2.5866,2.5359,2.4939,2.4571,2.419,2.377,2.3326,2.2899,2.2527,2.2235,2.2034,2.1924,2.1901,2.1954,2.2072,2.2241,2.2443,2.2656,2.2859,2.3033,2.3163,2.3243,2.3272,2.3255,2.3201,2.3121,2.3022,2.2915,2.2806,2.2698,2.2596,2.2502,2.2416,2.234,2.2272,2.2212,2.2159
2.4597,2.4762,2.4944,2.5142,2.5357,2.5587,2.5826,2.6066,2.6284,2.6447,2.6503,2.6399,2.6115,2.5708,2.5278,2.4884,2.4521,2.4153,2.3765,2.3365,2.2982,2.2644,2.2372,2.2177,2.2061,2.2021,2.205,2.2137,2.227,2.2433,2.2608,2.2778,2.2926,2.304,2.3113,2.3145,2.3138,2.3099,2.3035,2.2954,2.2864,2.2769,2.2674,2.2583,2.2497,2.2418,2.2347,2.2282,2.2225,2.2175
2.4577,2.4734,2.4905,2.5089,2.5286,2.5492,2.5702,2.5904,2.6079,2.6197,2.622,2.6116,2.5877,2.5541,2.5172,2.4812,2.4464,2.4115,2.3755,2.3392,2.3046,2.2738,2.2485,2.2298,2.218,2.2127,2.2136,2.2197,2.2299,2.2429,2.2572,2.2712,2.2837,2.2936,2.3003,2.3035,2.3035,2.3007,2.2957,2.289,2.2814,2.2732,2.2649,2.2568,2.249,2.2418,2.2351,2.2291,2.2236,2.2188
2.455,2.4698,2.4858,2.5028,2.5206,2.5389,2.5571,2.5739,2.5877,2.596,2.5962,2.5861,2.5657,2.5374,2.5054,2.4727,2.4401,2.4073,2.374,2.3409,2.3095,2.2814,2.258,2.2401,2.2282,2.222,2.2213,2.2252,2.2328,2.243,2.2545,2.266,2.2765,2.285,2.2909,2.2941,2.2945,2.2925,2.2886,2.2831,2.2767,2.2696,2.2623,2.2551,2.2481,2.2415,2.2353,2.2296,2.2245,2.2199
2.4517,2.4656,2.4804,2.496,2.512,2.5282,2.5437,2.5576,2.5683,2.5741,2.5728,2.5632,2.5454,2.5211,2.4931,2.4635,2.4334,2.4029,2.3722,2.3419,2.3133,2.2875,2.2658,2.2488,2.2369,2.2302,2.2281,2.2302,2.2356,2.2435,2.2526,2.262,2.2707,2.2779,2.2831,2.2861,2.2867,2.2854,2.2822,2.2777,2.2723,2.2662,2.2598,2.2533,2.247,2.241,2.2353,2.23,2.2252,2.2208
2.448,2.461,2.4746,2.4887,2.503,2.5171,2.5304,2.5417,2.55,2.5537,2.5515,2.5424,2.5267,2.5055,2.4808,2.4541,2.4264,2.3982,2.37,2.3423,2.3161,2.2924,2.2722,2.2561,2.2445,2.2372,2.2342,2.2348,2.2384,2.2443,2.2514,2.2589,2.2661,2.2721,2.2766,2.2792,2.28,2.2791,2.2766,2.2728,2.2682,2.263,2.2573,2.2516,2.2459,2.2404,2.2351,2.2302,2.2257,2.2215
2.4439,2.4559,2.4684,2.4811,2.4938,2.5061,2.5173,2.5265,2.5328,2.535,2.5322,2.5236,2.5095,2.4908,2.4688,2.4446,2.4193,2.3934,2.3675,2.3421,2.3181,2.2963,2.2775,2.2623,2.2509,2.2434,2.2395,2.239,2.2411,2.2453,2.2507,2.2566,2.2624,2.2674,2.2711,2.2735,2.2743,2.2736,2.2716,2.2685,2.2645,2.2599,2.255,2.2499,2.2448,2.2397,2.2349,2.2303,2.2261,2.2221
2.4395,2.4505,2.4619,2.4733,2.4846,2.4952,2.5046,2.5121,2.5168,2.5179,2.5145,2.5064,2.4937,2.477,2.4572,2.4354,2.4123,2.3885,2.3647,2.3414,2.3194,2.2994,2.2819,2.2675,2.2564,2.2487,2.2443,2.2427,2.2436,2.2464,2.2504,2.255,2.2595,2.2635,2.2667,2.2686,2.2694,2.2688,2.2672,2.2645,2.2611,2.2572,2.2528,2.2482,2.2436,2.239,2.2346,2.2303,2.2263,2.2226
2.4348,2.445,2.4553,2.4655,2.4754,2.4845,2.4924,2.4984,2.5018,2.502,2.4984,2.4907,2.4791,2.464,2.4462,2.4264,2.4054,2.3836,2.3618,2.3404,2.3202,2.3017,2.2854,2.2718,2.2611,2.2534,2.2485,2.2461,2.246,2.2476,2.2504,2.2538,2.2573,2.2605,2.263,2.2646,2.2652,2.2647,2.2633,2.2611,2.2581,2.2546,2.2508,2.2467,2.2425,2.2383,2.2342,2.2302,2.2265,2.223
