docs/data/wind_grid.json
{"header": {"la1":42.1,"la2":41.55,"lo1":12.1,"lo2":12.95,"nx":50,"ny":50,"dx":0.01735,"dy":0.01122,"parameterCategory":2,"parameterNumber":2,"parameterNumberName":"eastward_wind","parameterUnit":"m.s-1"}, "data":
[rows 0 to 45 of 50, columns 0 to 49 of 50]
1.4852,1.4797,1.4736,1.4668,1.4593,1.4512,1.4424,1.4329,1.4229,1.4125,1.4016,1.3906,1.3795,1.3686,1.3581,1.3482,1.3393,1.3315,1.3252,1.3205,1.3176,1.3166,1.3178,1.321,1.3265,1.3341,1.3437,1.3554,1.369,1.3842,1.401,1.4191,1.438,1.4575,1.4771,1.4961,1.5139,1.53,1.5436,1.5545,1.5624,1.5675,1.5698,1.5698,1.5679,1.5646,1.5603,1.5554,1.5501,1.5446
1.489,1.4834,1.4772,1.4702,1.4625,1.4541,1.4449,1.4349,1.4244,1.4132,1.4016,1.3897,1.3777,1.3659,1.3544,1.3436,1.3338,1.3252,1.3181,1.3128,1.3095,1.3083,1.3093,1.3127,1.3185,1.3265,1.3369,1.3494,1.3639,1.3803,1.3984,1.4179,1.4384,1.4596,1.4809,1.5017,1.5212,1.5386,1.5534,1.5649,1.5731,1.5779,1.5797,1.579,1.5762,1.572,1.5667,1.5609,1.5548,1.5487
1.4931,1.4875,1.4812,1.4741,1.4661,1.4574,1.4478,1.4374,1.4262,1.4143,1.4019,1.3891,1.3761,1.3633,1.3507,1.3389,1.3281,1.3185,1.3107,1.3047,1.3008,1.2993,1.3003,1.3038,1.3099,1.3185,1.3295,1.3429,1.3585,1.3761,1.3955,1.4165,1.4387,1.4617,1.4849,1.5076,1.5289,1.5479,1.5638,1.5761,1.5845,1.589,1.5902,1.5886,1.5848,1.5795,1.5732,1.5664,1.5595,1.5526
1.4975,1.4919,1.4855,1.4783,1.4702,1.4611,1.4511,1.4402,1.4284,1.4158,1.4025,1.3888,1.3747,1.3607,1.3471,1.334,1.3221,1.3115,1.3027,1.296,1.2916,1.2898,1.2907,1.2943,1.3007,1.3098,1.3216,1.3359,1.3526,1.3714,1.3923,1.4148,1.4388,1.4637,1.4889,1.5137,1.537,1.5578,1.575,1.588,1.5966,1.6008,1.6012,1.5985,1.5935,1.587,1.5797,1.5719,1.564,1.5564
1.5023,1.4968,1.4904,1.4831,1.4747,1.4654,1.455,1.4436,1.4311,1.4177,1.4036,1.3888,1.3736,1.3583,1.3434,1.3291,1.3159,1.3042,1.2943,1.2868,1.2818,1.2796,1.2803,1.2841,1.2908,1.3006,1.3131,1.3284,1.3462,1.3664,1.3886,1.4128,1.4386,1.4655,1.4929,1.5199,1.5454,1.5681,1.5868,1.6007,1.6093,1.6131,1.6125,1.6086,1.6023,1.5946,1.586,1.5771,1.5684,1.56
1.5075,1.502,1.4957,1.4883,1.4798,1.4702,1.4595,1.4475,1.4344,1.4202,1.4051,1.3892,1.3728,1.3562,1.3398,1.324,1.3094,1.2964,1.2855,1.277,1.2713,1.2687,1.2693,1.2732,1.2803,1.2907,1.3041,1.3204,1.3394,1.3609,1.3846,1.4104,1.438,1.4669,1.4966,1.5261,1.5539,1.5788,1.5991,1.6138,1.6226,1.6257,1.6241,1.6188,1.6111,1.6019,1.592,1.5821,1.5724,1.5632
1.5131,1.5078,1.5015,1.4941,1.4855,1.4757,1.4646,1.4521,1.4384,1.4233,1.4072,1.3901,1.3723,1.3542,1.3363,1.319,1.3028,1.2883,1.2761,1.2666,1.2601,1.2571,1.2575,1.2616,1.2692,1.2802,1.2946,1.3119,1.3322,1.355,1.3802,1.4076,1.4369,1.4679,1.4999,1.5319,1.5623,1.5895,1.6116,1.6272,1.6361,1.6385,1.6356,1.6288,1.6195,1.6088,1.5976,1.5866,1.576,1.566
1.5192,1.514,1.5078,1.5004,1.4918,1.4818,1.4704,1.4575,1.443,1.4271,1.4099,1.3915,1.3723,1.3526,1.333,1.3139,1.296,1.2799,1.2663,1.2556,1.2483,1.2447,1.245,1.2493,1.2573,1.2692,1.2845,1.303,1.3245,1.3487,1.3753,1.4042,1.4353,1.4683,1.5025,1.5371,1.5703,1.5999,1.6239,1.6406,1.6495,1.651,1.6467,1.6383,1.6273,1.6151,1.6027,1.5905,1.5791,1.5684
1.5257,1.5207,1.5147,1.5074,1.4988,1.4887,1.477,1.4636,1.4485,1.4318,1.4134,1.3937,1.3729,1.3515,1.33,1.3089,1.2891,1.2712,1.256,1.244,1.2358,1.2317,1.2318,1.2363,1.2449,1.2575,1.2739,1.2936,1.3164,1.3419,1.37,1.4003,1.4329,1.4677,1.5042,1.5413,1.5773,1.6096,1.6357,1.6535,1.6623,1.663,1.6572,1.647,1.6343,1.6207,1.607,1.5938,1.5815,1.5703
1.5327,1.528,1.5222,1.5151,1.5066,1.4964,1.4845,1.4707,1.455,1.4373,1.4178,1.3967,1.3743,1.3509,1.3273,1.3041,1.2821,1.2622,1.2453,1.2319,1.2227,1.218,1.218,1.2227,1.2319,1.2454,1.2629,1.2839,1.3081,1.3349,1.3642,1.3958,1.4298,1.4661,1.5045,1.5441,1.5828,1.618,1.6462,1.6652,1.674,1.6737,1.6664,1.6545,1.6402,1.6251,1.6103,1.5962,1.5833,1.5715
1.5401,1.5358,1.5304,1.5235,1.5151,1.505,1.4929,1.4788,1.4625,1.444,1.4233,1.4007,1.3764,1.3511,1.3252,1.2996,1.2752,1.2531,1.2341,1.2192,1.2089,1.2037,1.2035,1.2085,1.2184,1.2329,1.2516,1.274,1.2995,1.3277,1.3582,1.3908,1.4258,1.4633,1.5032,1.5449,1.5863,1.6242,1.6547,1.6749,1.6838,1.6825,1.6737,1.6603,1.6446,1.6283,1.6125,1.5977,1.5842,1.5721
1.5481,1.5442,1.5392,1.5327,1.5246,1.5146,1.5024,1.488,1.4712,1.4518,1.43,1.4058,1.3797,1.3521,1.3237,1.2955,1.2685,1.2439,1.2227,1.2061,1.1947,1.1889,1.1887,1.194,1.2046,1.2202,1.2402,1.264,1.2909,1.3204,1.3519,1.3853,1.4209,1.459,1.5,1.5433,1.5869,1.6274,1.6602,1.6817,1.6908,1.6887,1.6787,1.6639,1.647,1.6298,1.6133,1.5981,1.5842,1.5719
1.5565,1.5532,1.5487,1.5427,1.5349,1.5252,1.5131,1.4985,1.4812,1.461,1.438,1.4123,1.3842,1.3542,1.3231,1.292,1.2621,1.2347,1.2112,1.1928,1.1803,1.1739,1.1737,1.1794,1.1907,1.2074,1.2287,1.254,1.2825,1.3132,1.3456,1.3795,1.4152,1.4533,1.4946,1.5388,1.5841,1.6268,1.6617,1.6846,1.694,1.6915,1.6806,1.665,1.6474,1.6296,1.6127,1.5973,1.5833,1.5709
1.5655,1.5629,1.559,1.5535,1.5463,1.5369,1.525,1.5104,1.4927,1.4718,1.4477,1.4203,1.3902,1.3577,1.3237,1.2894,1.2562,1.2258,1.1997,1.1795,1.1659,1.1592,1.1589,1.165,1.177,1.1947,1.2174,1.2443,1.2743,1.3062,1.3394,1.3734,1.4088,1.4463,1.487,1.5311,1.5773,1.6215,1.6582,1.6825,1.6925,1.6901,1.679,1.6631,1.6453,1.6274,1.6106,1.5952,1.5814,1.5691
1.575,1.5731,1.5699,1.5652,1.5587,1.5498,1.5383,1.5238,1.5059,1.4844,1.4591,1.4302,1.3979,1.3627,1.3256,1.2879,1.2511,1.2173,1.1886,1.1665,1.1521,1.1452,1.145,1.1513,1.1638,1.1824,1.2065,1.2351,1.2666,1.2998,1.3336,1.3675,1.4019,1.438,1.4772,1.5203,1.5662,1.6112,1.6491,1.6747,1.6857,1.684,1.6734,1.6579,1.6406,1.6233,1.6069,1.5919,1.5785,1.5665
1.585,1.5839,1.5817,1.5779,1.5721,1.564,1.553,1.5388,1.5209,1.4989,1.4726,1.4421,1.4077,1.3698,1.3293,1.2878,1.2471,1.2097,1.178,1.1543,1.1395,1.1328,1.1328,1.1388,1.1514,1.1708,1.1963,1.2265,1.2597,1.2941,1.3284,1.3619,1.3949,1.4289,1.4656,1.5065,1.551,1.5956,1.6342,1.6609,1.6733,1.673,1.6638,1.6496,1.6334,1.6171,1.6016,1.5874,1.5746,1.5631
1.5954,1.5954,1.5941,1.5914,1.5867,1.5795,1.5694,1.5557,1.5379,1.5156,1.4884,1.4565,1.4198,1.3791,1.3352,1.2896,1.2446,1.2031,1.1684,1.1432,1.1288,1.1232,1.1232,1.1283,1.1403,1.16,1.1867,1.2187,1.2537,1.2894,1.3242,1.357,1.3882,1.4194,1.4527,1.4903,1.5322,1.5753,1.6138,1.6415,1.6557,1.6574,1.6504,1.6382,1.6239,1.6091,1.5949,1.5817,1.5698,1.5591
1.6063,1.6074,1.6073,1.6058,1.6024,1.5964,1.5873,1.5744,1.557,1.5346,1.5068,1.4734,1.4347,1.3911,1.3436,1.2937,1.244,1.198,1.1598,1.1336,1.1209,1.1177,1.1175,1.1201,1.1303,1.15,1.178,1.2119,1.2488,1.2859,1.3211,1.3531,1.3822,1.41,1.4393,1.4727,1.5109,1.5516,1.5891,1.6175,1.6336,1.638,1.6338,1.6243,1.6123,1.5994,1.5869,1.575,1.5642,1.5543
1.6176,1.6199,1.6212,1.6212,1.6193,1.6148,1.607,1.5953,1.5786,1.5563,1.528,1.4933,1.4525,1.4061,1.3549,1.3006,1.2458,1.1945,1.1523,1.1249,1.1153,1.1167,1.1155,1.1133,1.1209,1.1407,1.1702,1.2062,1.2452,1.2839,1.3195,1.3506,1.3773,1.4014,1.4261,1.4546,1.4885,1.5258,1.5618,1.5905,1.6085,1.6158,1.6148,1.6084,1.5991,1.5885,1.5778,1.5675,1.5579,1.549
1.6292,1.6329,1.6358,1.6374,1.6372,1.6346,1.6286,1.6183,1.6027,1.5809,1.5522,1.5164,1.4737,1.4245,1.3698,1.3109,1.2505,1.1931,1.1454,1.1154,1.1087,1.1167,1.1135,1.105,1.1105,1.1314,1.1633,1.2017,1.243,1.2833,1.3195,1.3496,1.3738,1.394,1.414,1.4374,1.4664,1.5,1.5338,1.5624,1.582,1.5921,1.5944,1.5912,1.5848,1.5767,1.568,1.5593,1.551,1.5433
1.6411,1.6463,1.6509,1.6544,1.6563,1.6558,1.652,1.6436,1.6295,1.6085,1.5798,1.543,1.4984,1.4466,1.3885,1.3251,1.2588,1.1941,1.1387,1.1019,1.0925,1.1035,1.0992,1.0891,1.0973,1.1219,1.1571,1.1985,1.2423,1.2843,1.3211,1.3503,1.372,1.3884,1.4036,1.422,1.4462,1.4758,1.5071,1.535,1.5557,1.5683,1.5736,1.5735,1.5699,1.5643,1.5577,1.5507,1.5438,1.5372
1.6532,1.66,1.6665,1.6722,1.6764,1.6785,1.6772,1.6713,1.6593,1.6395,1.6109,1.5732,1.5267,1.4724,1.4113,1.3438,1.2715,1.1984,1.1321,1.0819,1.0556,1.053,1.0542,1.0599,1.08,1.112,1.152,1.1968,1.243,1.2867,1.3241,1.3525,1.3718,1.3846,1.3955,1.4092,1.4289,1.4545,1.483,1.5097,1.5311,1.5455,1.5533,1.556,1.5551,1.5518,1.5472,1.5419,1.5364,1.5309
1.6653,1.674,1.6825,1.6905,1.6974,1.7024,1.7043,1.7015,1.6921,1.6741,1.6459,1.6071,1.5585,1.5017,1.438,1.3673,1.2896,1.2074,1.1276,1.0576,1.0014,0.9684,0.9829,1.021,1.0607,1.1028,1.1483,1.1966,1.2452,1.2904,1.3282,1.3558,1.373,1.3826,1.3897,1.3994,1.415,1.437,1.4626,1.4877,1.5089,1.5245,1.5343,1.5393,1.5407,1.5395,1.5367,1.5331,1.5289,1.5245
1.6775,1.6879,1.6986,1.7092,1.7191,1.7275,1.7331,1.7341,1.7282,1.7126,1.6851,1.6449,1.5935,1.5338,1.468,1.3955,1.3139,1.2232,1.1289,1.0377,0.9535,0.8992,0.9231,0.9865,1.0442,1.0961,1.147,1.1982,1.2485,1.2948,1.3328,1.3597,1.3751,1.3821,1.3862,1.3926,1.4048,1.4234,1.446,1.4692,1.4898,1.5058,1.517,1.5237,1.527,1.5276,1.5266,1.5243,1.5214,1.5181
1.6894,1.7018,1.7147,1.7281,1.7412,1.7535,1.7635,1.7691,1.7676,1.7553,1.7289,1.6869,1.6313,1.5675,1.4999,1.4275,1.3447,1.2479,1.1408,1.0322,0.9331,0.8755,0.9,0.9692,1.0359,1.0942,1.1487,1.2018,1.253,1.2994,1.3372,1.3633,1.3773,1.3825,1.3844,1.3883,1.3978,1.4134,1.4333,1.4543,1.4737,1.4897,1.5016,1.5096,1.5143,1.5165,1.5168,1.5159,1.5141,1.5118
1.7011,1.7154,1.7307,1.7468,1.7635,1.78,1.795,1.8063,1.8104,1.8028,1.7781,1.7335,1.6715,1.6011,1.531,1.461,1.3812,1.2824,1.1668,1.0475,0.9447,0.8911,0.9106,0.9727,1.0386,1.0984,1.154,1.2073,1.2581,1.3039,1.3408,1.366,1.379,1.3832,1.3838,1.3861,1.3935,1.4066,1.4238,1.4427,1.4606,1.4761,1.4882,1.4969,1.5027,1.5061,1.5076,1.5078,1.5071,1.5057
1.7123,1.7284,1.7461,1.7652,1.7856,1.8066,1.8272,1.8451,1.8565,1.8553,1.8337,1.7857,1.7138,1.6322,1.5576,1.4921,1.4203,1.3255,1.2073,1.084,0.9828,0.9326,0.944,0.9935,1.0523,1.1091,1.1629,1.2146,1.2637,1.3077,1.3432,1.3672,1.3797,1.3834,1.3837,1.3852,1.3911,1.4021,1.417,1.4337,1.4501,1.4647,1.4767,1.4858,1.4923,1.4966,1.4991,1.5002,1.5003,1.4997
1.7228,1.7408,1.7608,1.7828,1.8069,1.8327,1.8594,1.8849,1.9052,1.9129,1.8968,1.8456,1.7589,1.6586,1.5753,1.5157,1.457,1.3727,1.2587,1.1369,1.0389,0.9889,0.9907,1.0263,1.0748,1.1254,1.1751,1.2235,1.2695,1.3108,1.3442,1.367,1.379,1.383,1.3836,1.385,1.39,1.3994,1.4123,1.427,1.4418,1.4554,1.467,1.4762,1.4831,1.488,1.4912,1.4931,1.494,1.4941
1.7326,1.7523,1.7744,1.7992,1.8269,1.8575,1.8905,1.9243,1.9552,1.9749,1.9685,1.9161,1.8094,1.6791,1.5797,1.5267,1.4856,1.4174,1.3135,1.1979,1.1037,1.0519,1.0438,1.0661,1.1033,1.1459,1.1899,1.2336,1.2756,1.3134,1.3441,1.3655,1.3773,1.3819,1.3832,1.385,1.3896,1.3978,1.409,1.422,1.4353,1.4478,1.4588,1.4679,1.475,1.4803,1.4841,1.4866,1.4881,1.4888
1.7414,1.7626,1.7867,1.814,1.845,1.8801,1.9193,1.9617,2.0043,2.039,2.0478,1.9998,1.8696,1.6948,1.5697,1.5233,1.5023,1.4532,1.364,1.2584,1.1691,1.1152,1.0982,1.1087,1.1351,1.1691,1.2064,1.2447,1.2819,1.3157,1.3434,1.3632,1.3749,1.3803,1.3826,1.385,1.3895,1.3968,1.4067,1.4182,1.4302,1.4417,1.452,1.4608,1.4679,1.4735,1.4776,1.4806,1.4826,1.4838
1.7491,1.7716,1.7973,1.8268,1.8607,1.8997,1.9444,1.9948,2.0491,2.1004,2.1298,2.0954,1.9445,1.7121,1.5516,1.5105,1.5082,1.4776,1.4048,1.3119,1.2291,1.1743,1.1505,1.1512,1.1678,1.1935,1.2239,1.2563,1.2884,1.318,1.3427,1.3608,1.3722,1.3784,1.3817,1.3849,1.3895,1.3963,1.4052,1.4155,1.4262,1.4367,1.4463,1.4547,1.4618,1.4674,1.4718,1.4752,1.4775,1.4792
1.7557,1.7792,1.8062,1.8373,1.8734,1.9155,1.9645,2.0214,2.0855,2.1519,2.2032,2.1903,2.0308,1.7426,1.5432,1.5015,1.5102,1.493,1.4351,1.3557,1.2808,1.227,1.1984,1.1915,1.1998,1.2179,1.2417,1.2683,1.2954,1.3207,1.3423,1.3587,1.3698,1.3765,1.3808,1.3847,1.3895,1.396,1.4041,1.4134,1.4231,1.4327,1.4416,1.4496,1.4565,1.4621,1.4667,1.4702,1.4729,1.4749
1.7609,1.7851,1.813,1.8452,1.8828,1.9268,1.9785,2.0393,2.1095,2.1857,2.2522,2.2587,2.1058,1.7921,1.5649,1.5112,1.5167,1.5043,1.4574,1.3901,1.3235,1.2722,1.2411,1.2285,1.2302,1.2416,1.2593,1.2804,1.3027,1.324,1.3427,1.3574,1.3679,1.375,1.3801,1.3846,1.3896,1.3959,1.4034,1.4118,1.4207,1.4295,1.4378,1.4453,1.4519,1.4575,1.4621,1.4658,1.4687,1.471
1.7648,1.7894,1.8177,1.8504,1.8885,1.9332,1.9857,2.0475,2.1188,2.1966,2.2655,2.277,2.1382,1.8456,1.6167,1.5424,1.5321,1.5159,1.4749,1.4173,1.3584,1.3104,1.2782,1.2618,1.2582,1.2641,1.2764,1.2926,1.3104,1.328,1.3439,1.3569,1.3668,1.374,1.3796,1.3845,1.3898,1.3959,1.4029,1.4107,1.4188,1.4269,1.4346,1.4417,1.448,1.4535,1.4581,1.4619,1.465,1.4674
1.7673,1.792,1.8202,1.8528,1.8906,1.9346,1.9861,2.0457,2.1134,2.1848,2.2435,2.2462,2.123,1.8809,1.6756,1.5848,1.5544,1.5294,1.4902,1.4392,1.3868,1.3423,1.3103,1.2914,1.2839,1.2852,1.2929,1.3046,1.3185,1.3327,1.346,1.3574,1.3665,1.3736,1.3794,1.3847,1.3901,1.3961,1.4027,1.4099,1.4173,1.4248,1.432,1.4387,1.4447,1.45,1.4545,1.4584,1.4616,1.4641
1.7685,1.7928,1.8206,1.8525,1.8892,1.9315,1.9801,2.0352,2.0955,2.1552,2.1977,2.1875,2.0809,1.8926,1.7216,1.6253,1.5787,1.5443,1.5044,1.4576,1.4104,1.3691,1.3378,1.3174,1.307,1.3047,1.3085,1.3164,1.3268,1.3381,1.349,1.3588,1.3671,1.3739,1.3797,1.3851,1.3906,1.3964,1.4026,1.4093,1.4163,1.4232,1.4299,1.4361,1.4419,1.447,1.4515,1.4553,1.4585,1.4612
1.7683,1.7921,1.8191,1.8497,1.8846,1.9242,1.9688,2.0177,2.0687,2.1149,2.1411,2.1213,2.0315,1.8875,1.7495,1.6567,1.6008,1.559,1.5176,1.4735,1.4301,1.3917,1.3614,1.3402,1.3278,1.3226,1.3232,1.328,1.3353,1.3439,1.3527,1.361,1.3684,1.3748,1.3805,1.3859,1.3912,1.3968,1.4028,1.4091,1.4155,1.4219,1.4282,1.4341,1.4395,1.4444,1.4488,1.4526,1.4558,1.4585
1.767,1.7899,1.8157,1.8447,1.8773,1.9136,1.9533,1.9954,2.0366,2.0702,2.0834,2.0586,1.984,1.873,1.7622,1.6773,1.6182,1.5721,1.5296,1.4874,1.4469,1.4109,1.3817,1.3603,1.3463,1.339,1.3371,1.3391,1.3438,1.3502,1.3571,1.364,1.3704,1.3763,1.3817,1.3869,1.3921,1.3975,1.4032,1.409,1.415,1.421,1.4268,1.4324,1.4375,1.4423,1.4465,1.4502,1.4534,1.4562
1.7645,1.7864,1.8108,1.8379,1.8677,1.9003,1.935,1.9701,2.0023,2.0254,2.0294,2.0031,1.9412,1.8542,1.7643,1.6889,1.6304,1.5828,1.54,1.4993,1.4612,1.4273,1.3993,1.3778,1.363,1.354,1.35,1.3498,1.3523,1.3567,1.3619,1.3675,1.373,1.3783,1.3833,1.3883,1.3933,1.3984,1.4037,1.4092,1.4148,1.4204,1.4258,1.431,1.4359,1.4404,1.4445,1.4481,1.4513,1.4541
1.761,1.7817,1.8045,1.8294,1.8565,1.8853,1.9149,1.9436,1.968,1.9829,1.9809,1.9551,1.9035,1.8337,1.7598,1.6934,1.638,1.5909,1.5487,1.5096,1.4735,1.4414,1.4145,1.3933,1.3778,1.3676,1.362,1.36,1.3607,1.3633,1.3671,1.3715,1.3761,1.3807,1.3853,1.3899,1.3946,1.3995,1.4045,1.4096,1.4148,1.42,1.4251,1.43,1.4346,1.4389,1.4428,1.4464,1.4495,1.4522
1.7566,1.776,1.7971,1.8198,1.844,1.8691,1.894,1.917,1.935,1.9438,1.9381,1.9137,1.8702,1.813,1.7513,1.6931,1.6417,1.5965,1.5557,1.5182,1.4839,1.4535,1.4277,1.4068,1.3911,1.3801,1.3732,1.3697,1.3689,1.3701,1.3725,1.3758,1.3795,1.3835,1.3876,1.3919,1.3962,1.4007,1.4054,1.4102,1.415,1.4199,1.4247,1.4293,1.4336,1.4377,1.4414,1.4449,1.4479,1.4506
1.7515,1.7695,1.7888,1.8093,1.8307,1.8523,1.873,1.8911,1.904,1.9083,1.9005,1.8779,1.8407,1.7929,1.7407,1.6895,1.6424,1.5998,1.5609,1.5252,1.4928,1.4639,1.4391,1.4188,1.4029,1.3913,1.3835,1.3789,1.3768,1.3767,1.3781,1.3804,1.3833,1.3866,1.3902,1.394,1.398,1.4022,1.4065,1.411,1.4155,1.42,1.4244,1.4287,1.4328,1.4367,1.4403,1.4436,1.4466,1.4492
1.7457,1.7623,1.7799,1.7982,1.8169,1.8353,1.8523,1.8664,1.8753,1.8764,1.8674,1.8466,1.8145,1.7738,1.729,1.6839,1.6411,1.6013,1.5647,1.5309,1.5002,1.4728,1.4491,1.4293,1.4135,1.4016,1.3931,1.3875,1.3844,1.3833,1.3837,1.3851,1.3872,1.3899,1.393,1.3964,1.4,1.4038,1.4078,1.4119,1.4161,1.4203,1.4244,1.4284,1.4323,1.436,1.4394,1.4425,1.4454,1.448
1.7395,1.7547,1.7706,1.7868,1.8031,1.8186,1.8324,1.843,1.8488,1.8478,1.8382,1.8191,1.7909,1.7559,1.7169,1.677,1.6382,1.6014,1.5671,1.5354,1.5064,1.4804,1.4577,1.4386,1.423,1.4109,1.4019,1.3956,1.3917,1.3897,1.3892,1.3899,1.3913,1.3934,1.396,1.3989,1.4021,1.4056,1.4092,1.413,1.4168,1.4207,1.4246,1.4283,1.432,1.4354,1.4387,1.4417,1.4445,1.447
1.7329,1.7467,1.7609,1.7753,1.7893,1.8022,1.8133,1.8213,1.8247,1.8221,1.8123,1.7947,1.7698,1.7391,1.7049,1.6694,1.6342,1.6004,1.5685,1.5387,1.5114,1.4868,1.4652,1.4468,1.4315,1.4193,1.41,1.4032,1.3986,1.3959,1.3947,1.3946,1.3955,1.397,1.3991,1.4016,1.4044,1.4075,1.4108,1.4142,1.4177,1.4213,1.4249,1.4284,1.4318,1.4351,1.4382,1.441,1.4437,1.4462
1.7261,1.7385,1.7512,1.7638,1.7757,1.7865,1.7953,1.801,1.8026,1.7989,1.7891,1.7729,1.7507,1.7236,1.6933,1.6615,1.6296,1.5986,1.5689,1.5412,1.5155,1.4923,1.4717,1.454,1.4391,1.4269,1.4174,1.4103,1.4052,1.4019,1.4,1.3994,1.3997,1.4007,1.4023,1.4043,1.4068,1.4095,1.4124,1.4156,1.4188,1.4221,1.4254,1.4287,1.4318,1.4349,1.4378,1.4406,1.4431,1.4455
