docs/data/wind_grid.json
[{"header":{"la1":42.85,"la2":41.18,"lo1":11.55,"lo2":14.05,"nx":36,"ny":24,"dx":0.07143,"dy":0.07261,"parameterCategory":2,"parameterNumber":2,"parameterNumberName":"eastward_wind","parameterUnit":"m.s-1"},"data":[1.7878,1.7762,1.7624,1.7472,1.7317,1.718,1.7088,1.7069,1.7149,1.7332,1.7609,1.796,1.8364,1.8807,1.9275,1.975,2.0204,2.0588,2.0848,2.0942,2.086,2.0626,2.0285,1.9886,1.9467,1.9057,1.867,1.8315,1.7996,1.7712,1.7462,1.7244,1.7055,1.6891,1.6749,1.6627,1.7898,1.7751,1.7569,1.7355,1.712,1.6891,1.6711,1.6633,1.6703,1.6933,1.7298,1.7757,1.8277,1.8842,1.945,2.0091,2.0731,2.1296,2.1685,2.1812,2.1662,2.1289,2.0784,2.0229,1.9678,1.9161,1.8694,1.8279,1.7916,1.7603,1.7333,1.7103,1.6906,1.6739,1.6597,1.6478,1.7948,1.7772,1.754,1.7246,1.6897,1.6523,1.6188,1.5993,1.6036,1.6345,1.6856,1.7474,1.8143,1.8855,1.9633,2.0496,2.1421,2.2294,2.2911,2.3083,2.2782,2.2153,2.1381,2.0598,1.9872,1.9227,1.8668,1.819,1.7785,1.7445,1.716,1.6922,1.6723,1.6557,1.6419,1.6305,1.8044,1.7845,1.7562,1.7176,1.6674,1.6075,1.5461,1.5023,1.5,1.547,1.6248,1.711,1.7963,1.8832,1.9795,2.0942,2.2306,2.3736,2.48,2.5023,2.4375,2.3255,2.205,2.0951,2.0008,1.9219,1.8565,1.8027,1.7585,1.7226,1.6933,1.6695,1.65,1.6342,1.6212,1.6106,1.8203,1.7999,1.7679,1.7201,1.6518,1.5598,1.4491,1.3518,1.3323,1.4167,1.5473,1.6703,1.7758,1.8755,1.9875,2.1333,2.3334,2.5796,2.782,2.8067,2.658,2.454,2.2693,2.1202,2.0024,1.9092,1.8351,1.7763,1.7298,1.6931,1.6643,1.6415,1.6234,1.6089,1.5974,1.5882,1.8444,1.8266,1.7946,1.7409,1.656,1.5269,1.3424,1.1347,1.0688,1.2431,1.469,1.6364,1.757,1.8608,1.9778,2.1456,2.4174,2.8313,3.2347,3.245,2.9135,2.5673,2.3082,2.1218,1.9838,1.879,1.7984,1.7368,1.69,1.6547,1.628,1.6077,1.592,1.5798,1.5703,1.563,1.8779,1.8679,1.8424,1.7904,1.6978,1.5451,1.3008,0.9619,0.8202,1.1265,1.439,1.6258,1.744,1.8373,1.9406,2.1017,2.4024,2.953,3.5977,3.5752,3.0408,2.5893,2.2902,2.0857,1.9371,1.8256,1.7421,1.6809,1.6369,1.6058,1.5837,1.5677,1.5558,1.5468,1.54,1.535,1.9206,1.9259,1.9174,1.8789,1.7914,1.6419,1.4194,1.1389,1.0304,1.2577,1.4906,1.6401,1.7361,1.8039,1.8717,1.9895,2.2353,2.6881,3.2147,3.2353,2.8357,2.4664,2.2013,2.0062,1.857,1.7434,1.6608,1.6044,1.568,1.5453,1.531,1.5216,1.515,1.5101,1.5066,1.5043,1.9693,1.999,2.0242,2.0178,1.9416,1.7947,1.6174,1.4548,1.3814,1.4303,1.5445,1.6558,1.7283,1.7615,1.7699,1.8212,2.0061,2.2913,2.5578,2.6199,2.4733,2.2651,2.066,1.8895,1.7402,1.6249,1.5468,1.5019,1.4804,1.4723,1.4702,1.47,1.4701,1.4701,1.4703,1.471,2.0159,2.0767,2.1567,2.2186,2.1538,1.9605,1.7702,1.5922,1.3975,1.3429,1.5114,1.6591,1.7211,1.7201,1.6411,1.6001,1.8395,2.0854,2.2419,2.2854,2.2225,2.0903,1.9228,1.7438,1.5786,1.4546,1.3863,1.3656,1.3719,1.3876,1.4029,1.4145,1.4222,1.4273,1.4312,1.435,2.0474,2.1316,2.2648,2.4238,2.3779,2.0908,1.8852,1.6795,1.1761,0.9313,1.4459,1.6759,1.7181,1.6896,1.6269,1.5876,1.8549,2.1008,2.2132,2.2031,2.1177,1.9781,1.7901,1.5661,1.3469,1.1984,1.1547,1.1861,1.2429,1.2951,1.3331,1.3577,1.3727,1.3822,1.3893,1.3959,2.0536,2.1349,2.2585,2.3985,2.3512,2.1152,1.9968,1.9314,1.5952,1.2923,1.5975,1.7343,1.7186,1.635,1.5728,1.7777,2.0431,2.3472,2.4192,2.2735,2.1048,1.9173,1.6703,1.3426,0.9928,0.7887,0.816,0.9609,1.1034,1.2047,1.2673,1.303,1.3227,1.3346,1.3437,1.3531,2.0377,2.0956,2.1652,2.2141,2.1761,2.0973,2.0944,1.9452,2.1922,1.8662,1.8067,1.7766,1.7582,1.4687,1.376,1.8993,2.2556,2.7496,2.7541,2.3687,2.1195,1.8951,1.5807,1.0886,0.468,0.1493,0.3681,0.7263,0.9842,1.1344,1.2141,1.2533,1.272,1.2828,1.2927,1.3047,2.0119,2.0477,2.0811,2.0975,2.0893,2.0893,2.1559,2.3601,2.2757,2.0199,1.9215,1.7375,1.7335,2.3767,2.0217,2.2188,2.4942,2.6161,2.5829,2.3196,2.1317,1.9327,1.583,0.9513,0.0161,-0.4529,0.0381,0.6059,0.9383,1.1046,1.1795,1.2079,1.2167,1.2221,1.232,1.2481,1.9859,2.0085,2.0275,2.0392,2.0464,2.0635,2.1046,2.1476,2.1143,2.0566,2.0528,2.0573,2.2649,2.8343,2.3368,2.6883,3.2755,2.6227,2.3345,2.2363,2.2404,2.1115,1.7353,1.13,0.3211,-0.1008,0.2688,0.732,1.0002,1.1216,1.1599,1.1582,1.1464,1.1433,1.1551,1.1796,1.9631,1.9788,1.9924,2.0034,2.014,2.0287,2.0478,2.0612,2.0646,2.0935,2.1726,2.2581,2.2515,2.33,2.2748,2.5696,2.9541,2.4126,2.11,2.2193,2.6439,2.4918,1.9516,1.4472,0.9935,0.7589,0.8451,1.0251,1.1368,1.1663,1.1381,1.0847,1.0411,1.0304,1.0529,1.0954,1.9435,1.9554,1.9662,1.9761,1.986,1.9972,2.0095,2.0224,2.0424,2.0885,2.1579,2.1694,2.1198,2.081,2.0278,2.0425,2.0556,1.8085,1.6396,1.9823,2.6787,2.5132,1.9805,1.6204,1.4015,1.3138,1.3126,1.3159,1.2845,1.2082,1.0886,0.9556,0.8684,0.8622,0.9173,0.9957,1.926,1.9354,1.9442,1.9525,1.9608,1.9696,1.9793,1.9914,2.0095,2.0369,2.0612,2.0536,2.0305,1.9716,1.6217,1.4354,1.5052,1.2374,0.8938,1.4282,1.8957,1.9669,1.788,1.6355,1.5942,1.6481,1.6597,1.5585,1.4119,1.2306,0.9926,0.7354,0.5919,0.6264,0.7544,0.8909,1.9099,1.9173,1.9243,1.9309,1.9372,1.9436,1.9503,1.9579,1.9668,1.9743,1.9706,1.9392,1.8577,1.6003,0.8339,0.5378,1.1532,1.162,1.0112,1.2318,1.4538,1.5685,1.5652,1.5737,1.6919,1.9219,1.9723,1.7466,1.5074,1.2423,0.8773,0.4494,0.2454,0.375,0.609,0.809,1.8946,1.9003,1.9055,1.9102,1.9143,1.9179,1.9208,1.9226,1.9217,1.914,1.8906,1.8349,1.7108,1.4238,0.8802,0.7087,1.1122,1.2255,1.1592,1.1316,1.2564,1.3035,1.3276,1.4398,1.6705,1.9705,2.0325,1.797,1.5564,1.2708,0.8577,0.3373,0.1014,0.2862,0.5656,0.7867,1.8798,1.8839,1.8874,1.8901,1.892,1.8926,1.8916,1.8878,1.8791,1.8614,1.827,1.7636,1.6506,1.4652,1.2448,1.1641,1.2371,1.2596,1.2037,1.1662,1.1108,0.9564,0.9264,1.1647,1.5102,1.7861,1.9046,1.8078,1.5686,1.3173,0.9953,0.5939,0.3785,0.4675,0.6621,0.8368,1.8655,1.868,1.8698,1.8707,1.8703,1.8682,1.8637,1.8555,1.8416,1.8185,1.781,1.7225,1.6361,1.5239,1.4133,1.3482,1.324,1.2886,1.2187,1.0985,0.8084,0.2863,0.1468,0.704,1.2955,1.7102,1.9779,1.8137,1.4863,1.3211,1.1515,0.9217,0.7597,0.7485,0.8299,0.9324,1.8516,1.8527,1.853,1.8521,1.8497,1.8452,1.838,1.8267,1.8098,1.7847,1.7486,1.6983,1.6329,1.557,1.4826,1.4212,1.3677,1.3012,1.1949,0.9915,0.547,-0.21,-0.4219,0.3641,1.0909,1.5099,1.6741,1.5134,1.2657,1.2613,1.2257,1.1135,1.009,0.9682,0.9865,1.0351,1.8382,1.8381,1.8369,1.8344,1.8303,1.824,1.8147,1.8016,1.7833,1.7583,1.7249,1.682,1.63,1.5718,1.5119,1.4527,1.3894,1.3086,1.1864,0.9775,0.6159,0.1563,0.0589,0.5158,1.0217,1.3326,1.4384,1.3545,1.2343,1.2471,1.2507,1.2012,1.1418,1.1063,1.1028,1.1228]},{"header":{"la1":42.85,"la2":41.18,"lo1":11.55,"lo2":14.05,"nx":36,"ny":24,"dx":0.07143,"dy":0.07261,"parameterCategory":2,"parameterNumber":3,"parameterNumberName":"northward_wind","parameterUnit":"m.s-1"},"data":[0.7541,0.7253,0.6932,0.6583,0.6221,0.5873,0.5577,0.5372,0.5284,0.5304,0.5396,0.5503,0.558,0.5594,0.5539,0.5425,0.5277,0.5135,0.5045,0.504,0.5133,0.5312,0.555,0.5817,0.6092,0.6361,0.6618,0.6862,0.7094,0.7314,0.7525,0.7726,0.7918,0.8102,0.8276,0.844,0.7504,0.717,0.6782,0.6341,0.5859,0.5373,0.4944,0.4654,0.4562,0.4663,0.4882,0.5114,0.5275,0.5323,0.5248,0.5067,0.4819,0.457,0.44,0.4374,0.4511,0.4776,0.5113,0.5472,0.5821,0.6147,0.6447,0.6724,0.6982,0.7226,0.7457,0.7677,0.7886,0.8085,0.8274,0.8451,0.7498,0.7119,0.6657,0.61,0.5448,0.4737,0.4066,0.3599,0.349,0.375,0.4215,0.4669,0.4971,0.5067,0.4959,0.4673,0.4259,0.3818,0.3501,0.3445,0.3677,0.4104,0.4605,0.5096,0.554,0.5931,0.6277,0.6587,0.6871,0.7138,0.739,0.7631,0.7859,0.8076,0.828,0.8471,0.7538,0.7121,0.6588,0.59,0.5021,0.3956,0.2828,0.1965,0.1788,0.2383,0.3341,0.4187,0.4701,0.4859,0.4699,0.4257,0.3574,0.2779,0.2173,0.2082,0.2537,0.3277,0.4043,0.4714,0.5269,0.5726,0.6112,0.6451,0.676,0.705,0.7325,0.7588,0.7838,0.8075,0.8297,0.8502,0.7637,0.7202,0.662,0.5815,0.468,0.3107,0.1139,-0.0659,-0.1089,0.028,0.2252,0.3743,0.4528,0.4735,0.4499,0.386,0.2783,0.1343,0.0122,0.0011,0.1008,0.2334,0.349,0.4373,0.5034,0.5542,0.5956,0.6315,0.6645,0.6958,0.7259,0.7548,0.7824,0.8084,0.8326,0.8548,0.78,0.7379,0.6798,0.5946,0.4621,0.2503,-0.0747,-0.4601,-0.5859,-0.2645,0.122,0.3539,0.4541,0.4725,0.4381,0.3565,0.2068,-0.0375,-0.2861,-0.2892,-0.0723,0.15,0.3088,0.4144,0.4862,0.5383,0.5799,0.6167,0.6514,0.6854,0.7187,0.751,0.7817,0.8105,0.8371,0.8612,0.802,0.7648,0.7137,0.6367,0.508,0.2775,-0.142,-0.7822,-1.0609,-0.4559,0.118,0.3887,0.4807,0.4797,0.429,0.3419,0.1844,-0.1274,-0.5198,-0.5042,-0.1595,0.1261,0.3021,0.4083,0.4756,0.5229,0.5617,0.5981,0.6349,0.6726,0.7104,0.7472,0.7821,0.8143,0.8436,0.8698,0.8273,0.7968,0.7582,0.703,0.6094,0.4321,0.1,-0.4052,-0.6108,-0.1295,0.3007,0.4883,0.528,0.4823,0.3971,0.3159,0.2194,0.0087,-0.2846,-0.2891,-0.0321,0.1931,0.334,0.4167,0.4668,0.5023,0.5352,0.5713,0.6121,0.6559,0.7005,0.7436,0.7839,0.8205,0.853,0.8813,0.8525,0.8266,0.7981,0.7682,0.7277,0.6471,0.5008,0.3279,0.2881,0.4254,0.5601,0.615,0.583,0.4637,0.283,0.1879,0.2198,0.1978,0.1103,0.0996,0.1956,0.3059,0.3833,0.426,0.4476,0.4647,0.4903,0.5291,0.5786,0.6336,0.6888,0.741,0.7884,0.8301,0.8661,0.8967,0.8758,0.8477,0.8142,0.7878,0.7946,0.8179,0.8103,0.7716,0.7361,0.7313,0.7448,0.7285,0.6465,0.4515,0.0293,-0.1806,0.14,0.2849,0.3058,0.3187,0.3564,0.3986,0.4207,0.4163,0.3978,0.3895,0.4101,0.4608,0.53,0.6047,0.6764,0.7411,0.7972,0.8448,0.8844,0.9169,0.8999,0.8655,0.8096,0.7397,0.7643,0.9222,1.0358,1.0276,0.8293,0.7325,0.8401,0.8234,0.7266,0.5573,0.1253,-0.1747,0.1979,0.3236,0.3511,0.3914,0.4335,0.452,0.431,0.3674,0.2861,0.24,0.2668,0.3533,0.4633,0.5713,0.6667,0.7471,0.8134,0.867,0.9098,0.9434,0.931,0.8986,0.8415,0.7664,0.8107,1.0496,1.2649,1.3503,1.12,0.9061,0.9586,0.9186,0.7955,0.6574,0.5773,0.4325,0.3741,0.2519,0.2349,0.369,0.4646,0.4822,0.4172,0.2629,0.0617,-0.0493,0.0211,0.1983,0.3843,0.5416,0.6666,0.7646,0.841,0.8998,0.9445,0.9779,0.9709,0.9538,0.9309,0.9246,1.0071,1.2039,1.4323,1.5044,1.549,1.2327,1.1081,1.0362,0.912,0.6618,0.6689,0.6232,0.4151,-0.0403,-0.0425,0.3351,0.501,0.5164,0.4018,0.1131,-0.3234,-0.5556,-0.3392,0.023,0.3197,0.5332,0.6872,0.8008,0.885,0.9468,0.991,1.0218,1.0143,1.0147,1.0227,1.0556,1.1389,1.2784,1.4545,1.6552,1.5775,1.3458,1.237,1.1327,1.0749,0.8537,0.8612,0.6545,0.4023,0.1911,0.194,0.4636,0.5826,0.5715,0.4283,0.0336,-0.6762,-1.0626,-0.6173,-0.059,0.3213,0.5692,0.7401,0.8627,0.9509,1.0119,1.052,1.0766,1.0545,1.0666,1.089,1.1302,1.1974,1.2885,1.3877,1.4574,1.4448,1.4192,1.4398,1.4136,1.3281,1.5549,1.0539,0.4477,-0.1238,0.3913,0.6019,0.6804,0.6473,0.6104,0.5183,0.192,-0.4086,-0.7505,-0.3958,0.0847,0.4272,0.6617,0.8312,0.9559,1.0435,1.0993,1.1299,1.1434,1.0883,1.1062,1.1327,1.1713,1.223,1.284,1.3442,1.3917,1.4347,1.53,1.711,1.8821,1.6878,1.4418,1.1914,0.6524,0.208,0.7028,0.9726,0.848,0.4823,0.5231,0.6222,0.4753,0.1873,0.0191,0.1348,0.3744,0.6027,0.7961,0.9567,1.0828,1.1683,1.2129,1.2261,1.2216,1.1154,1.1355,1.162,1.1961,1.2376,1.2839,1.3317,1.3817,1.4475,1.5583,1.701,1.7409,1.7916,1.7928,1.4651,1.2304,1.1539,1.4382,1.6436,1.2138,0.4941,0.5694,0.7621,0.7104,0.5665,0.4697,0.4886,0.6052,0.7684,0.9414,1.1068,1.2456,1.3313,1.3556,1.3393,1.3077,1.137,1.1573,1.1826,1.213,1.2483,1.2876,1.3306,1.3796,1.4409,1.5184,1.5947,1.6594,1.8046,1.8446,1.758,1.7551,1.7326,2.2013,2.7255,1.9579,1.2883,1.0534,0.9991,0.8879,0.7129,0.5405,0.5149,0.6737,0.8807,1.0772,1.2694,1.4418,1.5328,1.5211,1.459,1.3926,1.154,1.174,1.1977,1.2253,1.2567,1.2918,1.3308,1.3751,1.4265,1.484,1.5433,1.6088,1.6945,1.8132,2.1929,2.3626,2.0259,2.2848,2.5964,2.3449,1.8612,1.4675,1.2368,1.0271,0.7202,0.2691,0.1772,0.6287,0.9783,1.2065,1.4194,1.6335,1.7315,1.6698,1.5576,1.4602,1.1677,1.1869,1.2092,1.2346,1.2631,1.2948,1.33,1.3693,1.413,1.4609,1.5134,1.5755,1.6624,1.8245,2.1456,2.2545,2.0555,2.1879,2.6316,2.8171,2.1559,1.6934,1.4258,1.1865,0.8451,0.27,0.1446,0.8463,1.177,1.3486,1.514,1.7089,1.8003,1.7227,1.5991,1.4955,1.1786,1.197,1.2179,1.2414,1.2675,1.2963,1.3281,1.3631,1.4015,1.4439,1.4917,1.5497,1.6286,1.7448,1.8851,1.9487,1.9546,2.0834,2.3615,2.4245,2.0658,1.7753,1.6023,1.4068,1.2043,1.1697,1.5551,1.5522,1.4936,1.5261,1.5739,1.6563,1.7086,1.6669,1.5812,1.4982,1.1873,1.2049,1.2245,1.2463,1.2703,1.2966,1.3254,1.3569,1.3913,1.4292,1.4722,1.5231,1.5859,1.6616,1.7377,1.7927,1.8409,1.9236,2.0201,2.0169,1.9022,1.8568,1.8295,1.6375,1.4938,1.6459,2.0318,1.8764,1.7839,1.7577,1.6783,1.6364,1.6251,1.5958,1.5431,1.4839,1.1942,1.2109,1.2293,1.2496,1.2717,1.2959,1.322,1.3505,1.3814,1.4153,1.4531,1.496,1.5449,1.5981,1.6502,1.6964,1.741,1.7898,1.8288,1.8343,1.8388,1.9359,1.9758,1.7665,1.6171,1.6701,1.8088,1.8994,2.096,2.015,1.8068,1.6722,1.604,1.5587,1.514,1.4676,1.1996,1.2154,1.2327,1.2516,1.272,1.2942,1.318,1.3437,1.3715,1.4016,1.4344,1.4703,1.5091,1.5495,1.5892,1.6264,1.6616,1.6944,1.7204,1.7403,1.7766,1.8475,1.8568,1.7389,1.6441,1.6566,1.7506,1.9286,2.1342,2.0553,1.8472,1.6938,1.6018,1.5427,1.4963,1.4544]}]