docs/data/wind_grid.json
[{"header":{"la1":42.85,"la2":41.18,"lo1":11.55,"lo2":14.05,"nx":36,"ny":24,"dx":0.07143,"dy":0.07261,"parameterCategory":2,"parameterNumber":2,"parameterNumberName":"eastward_wind","parameterUnit":"m.s-1"},"data":[-0.7743,-0.7771,-0.7803,-0.7839,-0.7879,-0.7926,-0.798,-0.8046,-0.813,-0.8246,-0.8411,-0.8641,-0.8945,-0.9306,-0.9664,-0.9923,-0.9991,-0.985,-0.9559,-0.9206,-0.8855,-0.8535,-0.8255,-0.8013,-0.7805,-0.7624,-0.7467,-0.733,-0.7209,-0.7103,-0.701,-0.6928,-0.6856,-0.6794,-0.674,-0.6693,-0.7752,-0.7781,-0.7814,-0.7851,-0.7895,-0.7945,-0.8,-0.8064,-0.8144,-0.826,-0.8441,-0.8724,-0.9141,-0.9691,-1.0293,-1.0752,-1.0859,-1.0581,-1.0079,-0.9536,-0.9048,-0.8639,-0.8302,-0.8025,-0.7793,-0.7596,-0.7427,-0.7281,-0.7154,-0.7044,-0.6948,-0.6864,-0.6792,-0.6729,-0.6676,-0.663,-0.776,-0.779,-0.7824,-0.7865,-0.7913,-0.7969,-0.8029,-0.8092,-0.8159,-0.8256,-0.8431,-0.8752,-0.9295,-1.0111,-1.1127,-1.1976,-1.2135,-1.1552,-1.0672,-0.9853,-0.9201,-0.8701,-0.8314,-0.8007,-0.7756,-0.7546,-0.7368,-0.7216,-0.7085,-0.6971,-0.6874,-0.679,-0.6717,-0.6656,-0.6604,-0.656,-0.7768,-0.7798,-0.7834,-0.7878,-0.7934,-0.8003,-0.808,-0.815,-0.8198,-0.8246,-0.8373,-0.8687,-0.9319,-1.042,-1.2022,-1.3547,-1.3765,-1.2603,-1.1171,-1.0047,-0.9255,-0.8693,-0.8277,-0.7953,-0.7691,-0.7474,-0.729,-0.7133,-0.6999,-0.6885,-0.6786,-0.6703,-0.6632,-0.6573,-0.6523,-0.6482,-0.7776,-0.7806,-0.7842,-0.789,-0.7955,-0.8047,-0.8166,-0.8278,-0.8313,-0.8267,-0.8276,-0.8504,-0.9111,-1.0319,-1.2318,-1.4477,-1.4746,-1.3037,-1.1233,-0.998,-0.916,-0.8597,-0.8184,-0.786,-0.7596,-0.7376,-0.719,-0.7031,-0.6896,-0.6782,-0.6685,-0.6603,-0.6535,-0.6479,-0.6433,-0.6396,-0.7784,-0.7813,-0.7848,-0.7895,-0.7966,-0.8083,-0.8274,-0.851,-0.8582,-0.8362,-0.8153,-0.8209,-0.8646,-0.9621,-1.1278,-1.3097,-1.3402,-1.2073,-1.0627,-0.9605,-0.8917,-0.8424,-0.8043,-0.7733,-0.7474,-0.7254,-0.7067,-0.6908,-0.6775,-0.6662,-0.6568,-0.649,-0.6426,-0.6374,-0.6333,-0.6301,-0.7793,-0.7822,-0.7854,-0.7894,-0.7956,-0.8073,-0.831,-0.871,-0.8893,-0.8424,-0.7954,-0.7817,-0.8017,-0.8588,-0.9532,-1.0516,-1.083,-1.0362,-0.9675,-0.9084,-0.8611,-0.8218,-0.7878,-0.7582,-0.7326,-0.7106,-0.692,-0.6763,-0.6632,-0.6524,-0.6434,-0.6361,-0.6303,-0.6257,-0.6222,-0.6196,-0.7807,-0.7835,-0.7863,-0.7893,-0.793,-0.7995,-0.814,-0.8423,-0.8525,-0.8038,-0.7552,-0.7326,-0.733,-0.7576,-0.8053,-0.8608,-0.8978,-0.9049,-0.8912,-0.8667,-0.8364,-0.8036,-0.7713,-0.7415,-0.7154,-0.6932,-0.6746,-0.6593,-0.6467,-0.6365,-0.6283,-0.6217,-0.6166,-0.6128,-0.61,-0.6082,-0.7825,-0.7856,-0.7885,-0.791,-0.7923,-0.7917,-0.7882,-0.7799,-0.7585,-0.7249,-0.6979,-0.6765,-0.6616,-0.6646,-0.6946,-0.7464,-0.8025,-0.8446,-0.8622,-0.8542,-0.8275,-0.7921,-0.7559,-0.7231,-0.6953,-0.6725,-0.6541,-0.6395,-0.6278,-0.6185,-0.6113,-0.6057,-0.6015,-0.5985,-0.5967,-0.5958,-0.7848,-0.7886,-0.7925,-0.7961,-0.7981,-0.7955,-0.7813,-0.7424,-0.6749,-0.6372,-0.6415,-0.6212,-0.5836,-0.5639,-0.5924,-0.6699,-0.7696,-0.8557,-0.896,-0.8838,-0.8399,-0.7876,-0.7398,-0.7008,-0.6705,-0.6474,-0.6298,-0.6164,-0.6061,-0.5982,-0.5923,-0.5879,-0.5848,-0.583,-0.5822,-0.5824,-0.7874,-0.7924,-0.7982,-0.8048,-0.8119,-0.8176,-0.8125,-0.7624,-0.6023,-0.5298,-0.606,-0.5743,-0.4907,-0.4246,-0.4628,-0.6046,-0.7936,-0.9661,-1.028,-0.9699,-0.8715,-0.7829,-0.7165,-0.6701,-0.6384,-0.6164,-0.6009,-0.5898,-0.5816,-0.5756,-0.5713,-0.5683,-0.5666,-0.5659,-0.5664,-0.5678,-0.7899,-0.7963,-0.8042,-0.8148,-0.8296,-0.8516,-0.8822,-0.8929,-0.7429,-0.616,-0.6212,-0.5433,-0.3957,-0.2113,-0.2832,-0.5505,-0.8922,-1.2745,-1.3438,-1.1155,-0.9002,-0.7585,-0.6733,-0.6241,-0.5956,-0.5782,-0.5669,-0.5593,-0.5541,-0.5506,-0.5483,-0.547,-0.5467,-0.5474,-0.5492,-0.5521,-0.7919,-0.7993,-0.8089,-0.8223,-0.8425,-0.8755,-0.9311,-0.999,-0.9269,-0.765,-0.6529,-0.5312,-0.4131,-0.1364,-0.2086,-0.57,-1.0102,-1.7732,-1.7841,-1.2098,-0.8602,-0.6785,-0.5925,-0.5557,-0.5401,-0.5323,-0.5277,-0.525,-0.5238,-0.5235,-0.5236,-0.524,-0.525,-0.5271,-0.5304,-0.5351,-0.7929,-0.8007,-0.8109,-0.8248,-0.8449,-0.8748,-0.9174,-0.9596,-0.9214,-0.8082,-0.6987,-0.5165,-0.4608,-0.5687,-0.5079,-0.6889,-0.955,-1.4014,-1.4481,-1.0026,-0.6623,-0.4986,-0.4575,-0.4626,-0.4735,-0.4803,-0.484,-0.4872,-0.4909,-0.4946,-0.4973,-0.4993,-0.5014,-0.5047,-0.5098,-0.5165,-0.7927,-0.8005,-0.8102,-0.8228,-0.8391,-0.8597,-0.8818,-0.8934,-0.8774,-0.8577,-0.8419,-0.7563,-0.6552,-0.6127,-0.6566,-0.8242,-0.9644,-0.9478,-0.8829,-0.5921,-0.259,-0.1763,-0.2684,-0.3562,-0.404,-0.4252,-0.4357,-0.4452,-0.4556,-0.4645,-0.4701,-0.4729,-0.4752,-0.4795,-0.4867,-0.4963,-0.7915,-0.7988,-0.8076,-0.8182,-0.8307,-0.8445,-0.8577,-0.8682,-0.8852,-0.9499,-1.1089,-0.9998,-0.8903,-0.7619,-0.7616,-0.8346,-0.9047,-0.7903,-0.6033,-0.2206,0.3409,0.2524,-0.0878,-0.2712,-0.3445,-0.3677,-0.3792,-0.3964,-0.4177,-0.4347,-0.4431,-0.4446,-0.4453,-0.4502,-0.4605,-0.4743,-0.7895,-0.7961,-0.8039,-0.8128,-0.8229,-0.8339,-0.846,-0.8623,-0.8946,-0.9698,-1.0908,-1.0196,-1.035,-1.0601,-0.8755,-0.8148,-0.758,-0.6207,-0.4535,-0.1609,0.4156,0.2985,-0.0678,-0.2472,-0.2998,-0.2968,-0.2999,-0.3339,-0.3781,-0.4085,-0.4179,-0.4133,-0.409,-0.4151,-0.4309,-0.4512,-0.7868,-0.7928,-0.7996,-0.8073,-0.816,-0.8259,-0.838,-0.8552,-0.883,-0.9247,-0.9621,-0.9745,-1.0603,-1.0777,-0.9361,-0.8675,-0.7191,-0.4781,-0.3286,-0.3189,-0.1265,-0.0889,-0.202,-0.2734,-0.254,-0.1782,-0.1644,-0.251,-0.3442,-0.3929,-0.3973,-0.3774,-0.3642,-0.3743,-0.4,-0.4294,-0.7836,-0.7889,-0.7949,-0.8016,-0.8093,-0.8182,-0.8292,-0.8438,-0.8632,-0.8861,-0.9068,-0.9257,-0.9519,-0.9589,-1.0101,-1.0393,-0.773,-0.505,-0.3889,-0.4275,-0.3746,-0.3252,-0.3245,-0.311,-0.2069,0.0096,0.0538,-0.1776,-0.3439,-0.3999,-0.3859,-0.3405,-0.3175,-0.3366,-0.3751,-0.4137,-0.7799,-0.7846,-0.7899,-0.7957,-0.8024,-0.81,-0.8191,-0.8302,-0.8433,-0.8572,-0.8701,-0.8818,-0.8935,-0.9128,-0.9773,-0.9843,-0.779,-0.583,-0.5041,-0.5023,-0.4605,-0.4203,-0.3973,-0.363,-0.2532,0.0095,0.0669,-0.2934,-0.4314,-0.442,-0.3951,-0.3281,-0.2999,-0.3244,-0.3684,-0.41,-0.7759,-0.78,-0.7845,-0.7895,-0.795,-0.8012,-0.8083,-0.8162,-0.8248,-0.8331,-0.8405,-0.8464,-0.8517,-0.8595,-0.8679,-0.8348,-0.7284,-0.6079,-0.5316,-0.5062,-0.4811,-0.4506,-0.4339,-0.4274,-0.4247,-0.4911,-0.7671,-0.7385,-0.6025,-0.5136,-0.4355,-0.3661,-0.3363,-0.3512,-0.3854,-0.4205,-0.7717,-0.7752,-0.7789,-0.783,-0.7874,-0.7921,-0.7972,-0.8025,-0.8077,-0.8122,-0.8153,-0.8165,-0.8153,-0.8106,-0.7964,-0.759,-0.6933,-0.6185,-0.559,-0.5191,-0.479,-0.4342,-0.4222,-0.4569,-0.5428,-0.7685,-1.0699,-0.9428,-0.7129,-0.5767,-0.4893,-0.4285,-0.3987,-0.3994,-0.4178,-0.4413,-0.7672,-0.7701,-0.7731,-0.7763,-0.7796,-0.783,-0.7864,-0.7895,-0.7921,-0.7936,-0.7934,-0.7908,-0.7849,-0.7737,-0.7536,-0.7201,-0.6735,-0.6211,-0.5719,-0.5259,-0.4718,-0.4087,-0.3938,-0.4538,-0.5576,-0.7162,-0.854,-0.8224,-0.7027,-0.6012,-0.5296,-0.4809,-0.4537,-0.4463,-0.4526,-0.4657,-0.7627,-0.7649,-0.7672,-0.7696,-0.7719,-0.774,-0.7759,-0.7773,-0.7778,-0.7771,-0.7745,-0.7693,-0.7606,-0.7469,-0.7264,-0.6977,-0.6615,-0.6209,-0.5792,-0.5358,-0.4873,-0.4411,-0.4319,-0.4752,-0.5488,-0.6358,-0.6999,-0.701,-0.6544,-0.5983,-0.5504,-0.515,-0.4927,-0.4829,-0.4828,-0.489]},{"header":{"la1":42.85,"la2":41.18,"lo1":11.55,"lo2":14.05,"nx":36,"ny":24,"dx":0.07143,"dy":0.07261,"parameterCategory":2,"parameterNumber":3,"parameterNumberName":"northward_wind","parameterUnit":"m.s-1"},"data":[-0.1207,-0.1051,-0.0876,-0.0686,-0.0492,-0.0313,-0.0176,-0.0107,-0.012,-0.0209,-0.0344,-0.0483,-0.0589,-0.0644,-0.0658,-0.0668,-0.0717,-0.0823,-0.0973,-0.1138,-0.1297,-0.1438,-0.1561,-0.1667,-0.1759,-0.1842,-0.1919,-0.1991,-0.206,-0.2128,-0.2193,-0.2257,-0.2318,-0.2378,-0.2434,-0.2487,-0.1182,-0.0996,-0.0775,-0.0522,-0.0248,0.0021,0.0242,0.036,0.0338,0.0183,-0.0049,-0.0278,-0.0435,-0.0485,-0.0445,-0.0391,-0.0422,-0.0573,-0.0798,-0.1032,-0.124,-0.1412,-0.1551,-0.1667,-0.1765,-0.1852,-0.1931,-0.2007,-0.2079,-0.2151,-0.2221,-0.2289,-0.2356,-0.242,-0.248,-0.2537,-0.118,-0.0961,-0.0687,-0.0353,0.0036,0.0453,0.0828,0.1054,0.1031,0.0756,0.0342,-0.005,-0.0296,-0.0334,-0.0181,0.0014,0.0019,-0.0234,-0.0598,-0.0936,-0.1202,-0.1404,-0.1557,-0.1678,-0.1778,-0.1866,-0.1947,-0.2025,-0.2101,-0.2177,-0.2252,-0.2327,-0.2399,-0.2469,-0.2534,-0.2595,-0.121,-0.0963,-0.0636,-0.0208,0.0338,0.0989,0.1657,0.213,0.2142,0.1634,0.0872,0.0192,-0.0208,-0.0243,0.0088,0.0545,0.06,0.0139,-0.0436,-0.0891,-0.1208,-0.1426,-0.1582,-0.1701,-0.1799,-0.1885,-0.1967,-0.2046,-0.2127,-0.2208,-0.2289,-0.2371,-0.245,-0.2526,-0.2598,-0.2664,-0.1286,-0.1023,-0.0655,-0.0136,0.0591,0.1578,0.2778,0.3827,0.3995,0.2998,0.1557,0.0405,-0.0225,-0.031,0.015,0.0867,0.0962,0.0283,-0.0449,-0.0957,-0.1278,-0.1486,-0.1628,-0.1736,-0.1825,-0.1907,-0.1987,-0.2069,-0.2154,-0.2242,-0.2332,-0.2422,-0.251,-0.2595,-0.2674,-0.2745,-0.1416,-0.116,-0.0783,-0.0214,0.066,0.2014,0.4005,0.6261,0.6936,0.4874,0.2224,0.0461,-0.0419,-0.0629,-0.0283,0.0322,0.0416,-0.0142,-0.0746,-0.116,-0.1416,-0.1578,-0.169,-0.1777,-0.1854,-0.1929,-0.2007,-0.2092,-0.2183,-0.228,-0.238,-0.2482,-0.2582,-0.2677,-0.2765,-0.2843,-0.1604,-0.1387,-0.1051,-0.0515,0.0369,0.1875,0.4453,0.8142,0.9683,0.6074,0.2241,0.0129,-0.0859,-0.1187,-0.1079,-0.0794,-0.0713,-0.0934,-0.1225,-0.1446,-0.159,-0.1686,-0.1755,-0.1816,-0.1877,-0.1945,-0.2023,-0.2112,-0.2212,-0.2322,-0.2437,-0.2554,-0.2669,-0.2778,-0.2876,-0.2961,-0.1844,-0.1697,-0.1457,-0.1057,-0.0369,0.0837,0.2933,0.5938,0.708,0.4026,0.0993,-0.0696,-0.1547,-0.1896,-0.1916,-0.1777,-0.1659,-0.164,-0.1679,-0.1723,-0.1757,-0.1782,-0.1808,-0.1842,-0.1888,-0.195,-0.2029,-0.2127,-0.224,-0.2368,-0.2503,-0.2642,-0.2777,-0.2902,-0.3012,-0.3106,-0.2116,-0.2063,-0.1962,-0.1775,-0.1429,-0.0816,0.0159,0.1251,0.146,0.0455,-0.0762,-0.1735,-0.2383,-0.2698,-0.2714,-0.2534,-0.2305,-0.2125,-0.2007,-0.1931,-0.1878,-0.1845,-0.1833,-0.1844,-0.1878,-0.1937,-0.2022,-0.2133,-0.2267,-0.2419,-0.2584,-0.2751,-0.2912,-0.3058,-0.3184,-0.3285,-0.2394,-0.2444,-0.2499,-0.255,-0.2577,-0.2529,-0.2314,-0.1856,-0.1312,-0.1226,-0.1844,-0.2629,-0.3275,-0.3624,-0.3555,-0.3172,-0.2737,-0.2412,-0.2201,-0.2052,-0.1938,-0.186,-0.1818,-0.1811,-0.1838,-0.1899,-0.1996,-0.2126,-0.2289,-0.2478,-0.2683,-0.289,-0.3086,-0.326,-0.3403,-0.3511,-0.2648,-0.2793,-0.2991,-0.3266,-0.3638,-0.4094,-0.4436,-0.3931,-0.1532,-0.0468,-0.2221,-0.3351,-0.4245,-0.4857,-0.4616,-0.3755,-0.2967,-0.2528,-0.2301,-0.2106,-0.1935,-0.1815,-0.1749,-0.1732,-0.1759,-0.1828,-0.1942,-0.2102,-0.2307,-0.2548,-0.281,-0.3073,-0.3318,-0.3526,-0.3687,-0.3799,-0.2853,-0.3068,-0.3375,-0.3819,-0.4473,-0.5423,-0.6662,-0.7322,-0.4421,-0.2123,-0.3075,-0.4001,-0.5187,-0.6738,-0.603,-0.4137,-0.2877,-0.2561,-0.2455,-0.2135,-0.186,-0.1691,-0.1611,-0.1596,-0.1631,-0.1713,-0.185,-0.205,-0.2315,-0.2632,-0.2979,-0.3324,-0.3634,-0.3884,-0.4063,-0.417,-0.2989,-0.3241,-0.36,-0.4123,-0.4911,-0.6127,-0.7968,-0.9944,-0.8195,-0.4794,-0.3856,-0.4557,-0.5263,-0.728,-0.6446,-0.3593,-0.2196,-0.283,-0.2849,-0.208,-0.1654,-0.1444,-0.1375,-0.1387,-0.1441,-0.1537,-0.17,-0.1954,-0.2306,-0.2738,-0.3213,-0.3677,-0.4078,-0.438,-0.4568,-0.4651,-0.305,-0.3303,-0.3653,-0.4149,-0.4867,-0.5917,-0.7352,-0.8717,-0.7603,-0.4572,-0.345,-0.5096,-0.5619,-0.3175,-0.336,-0.1238,0.0338,-0.1438,-0.2075,-0.1602,-0.1176,-0.0967,-0.0994,-0.1092,-0.1176,-0.1274,-0.1456,-0.178,-0.2263,-0.2874,-0.3547,-0.4192,-0.4722,-0.5079,-0.5254,-0.5278,-0.3043,-0.3266,-0.3559,-0.3948,-0.4459,-0.5096,-0.575,-0.5938,-0.4774,-0.2679,-0.1394,-0.1689,-0.1866,-0.0206,-0.1217,0.273,0.733,0.1805,-0.0751,-0.0899,-0.0179,-0.0033,-0.0436,-0.073,-0.0823,-0.0865,-0.1039,-0.1461,-0.2152,-0.3051,-0.4043,-0.4972,-0.5681,-0.6083,-0.6191,-0.6087,-0.2985,-0.3159,-0.3373,-0.3627,-0.3908,-0.4163,-0.4243,-0.3848,-0.2652,-0.0615,0.19,0.1584,0.0517,-0.0398,-0.0268,0.2402,0.5213,0.1148,-0.1274,-0.0585,0.1865,0.1493,0.0119,-0.0391,-0.0343,-0.0175,-0.0278,-0.0866,-0.1915,-0.3289,-0.4801,-0.6182,-0.7139,-0.7533,-0.7454,-0.71,-0.2894,-0.3016,-0.315,-0.3284,-0.3388,-0.3403,-0.3218,-0.268,-0.1649,-0.0059,0.1721,0.1324,0.1471,0.1653,0.0043,-0.0082,-0.0442,-0.2878,-0.4555,-0.2147,0.1979,0.1507,0.0041,-0.0173,0.0402,0.1125,0.1186,0.0224,-0.148,-0.3614,-0.5957,-0.8068,-0.9344,-0.9571,-0.9073,-0.8289,-0.279,-0.2865,-0.2933,-0.298,-0.2975,-0.2874,-0.2613,-0.2129,-0.1393,-0.0489,0.0249,0.057,0.1468,0.1552,-0.045,-0.1454,-0.2932,-0.7233,-1.0981,-0.5993,-0.2094,-0.0885,-0.0693,0.0021,0.1654,0.3648,0.399,0.2,-0.0877,-0.406,-0.7591,-1.0815,-1.2435,-1.2158,-1.0905,-0.9506,-0.2686,-0.2723,-0.2745,-0.2737,-0.2677,-0.2537,-0.2287,-0.1908,-0.1416,-0.0888,-0.0453,-0.0154,0.0044,-0.0382,-0.1567,-0.195,-0.3345,-0.6986,-0.9281,-0.6632,-0.4292,-0.2503,-0.1306,0.0189,0.3068,0.7507,0.8366,0.3814,-0.057,-0.4604,-0.9323,-1.3867,-1.5718,-1.4606,-1.2444,-1.0441,-0.2591,-0.2602,-0.2594,-0.2557,-0.2475,-0.2335,-0.2124,-0.1843,-0.1514,-0.1187,-0.0924,-0.0777,-0.082,-0.1197,-0.177,-0.2089,-0.3238,-0.5222,-0.6565,-0.679,-0.4869,-0.296,-0.1588,-0.0099,0.2653,0.7725,0.8787,0.2332,-0.1539,-0.5096,-0.9973,-1.5007,-1.6908,-1.5427,-1.2933,-1.0737,-0.251,-0.2504,-0.2479,-0.2429,-0.2345,-0.2221,-0.2053,-0.1849,-0.1628,-0.1423,-0.1272,-0.1218,-0.1306,-0.1561,-0.1925,-0.2384,-0.3212,-0.4386,-0.547,-0.557,-0.4089,-0.2462,-0.1482,-0.0805,-0.0023,-0.0328,-0.4183,-0.4172,-0.3681,-0.54,-0.8997,-1.2972,-1.4766,-1.3948,-1.2088,-1.0278,-0.2443,-0.2427,-0.2395,-0.2343,-0.2266,-0.2162,-0.2033,-0.1886,-0.1738,-0.161,-0.1529,-0.1522,-0.1611,-0.1805,-0.2096,-0.2496,-0.3044,-0.3663,-0.4078,-0.3833,-0.2671,-0.1211,-0.0732,-0.1101,-0.1905,-0.4593,-0.8514,-0.7019,-0.5059,-0.5475,-0.7544,-1.0026,-1.1474,-1.1417,-1.047,-0.9303,-0.2391,-0.237,-0.2336,-0.2287,-0.222,-0.2136,-0.2039,-0.1935,-0.1836,-0.1758,-0.1718,-0.1733,-0.1815,-0.197,-0.2196,-0.2487,-0.2821,-0.3112,-0.3185,-0.2799,-0.1769,-0.0403,-0.0089,-0.0996,-0.2264,-0.4183,-0.594,-0.5789,-0.5074,-0.5286,-0.6416,-0.7851,-0.8873,-0.9141,-0.8804,-0.8178,-0.2351,-0.2329,-0.2296,-0.2252,-0.2197,-0.2131,-0.2059,-0.1985,-0.192,-0.1874,-0.1858,-0.1882,-0.1954,-0.2075,-0.224,-0.2436,-0.2629,-0.2752,-0.2704,-0.2364,-0.1677,-0.0886,-0.0695,-0.1295,-0.2248,-0.3365,-0.4275,-0.4583,-0.462,-0.4924,-0.5617,-0.6471,-0.716,-0.7481,-0.7435,-0.7148]}]