docs/data/wind_grid.json
[{"header":{"la1":42.22,"la2":41.45,"lo1":11.9,"lo2":12.97,"nx":16,"ny":12,"dx":0.07133,"dy":0.07,"parameterCategory":2,"parameterNumber":2,"parameterNumberName":"eastward_wind","parameterUnit":"m.s-1"},"data":[-0.5,-0.4726,-0.4277,-0.3747,-0.3548,-0.3846,-0.4198,-0.4408,-0.4603,-0.4955,-0.5555,-0.6356,-0.7156,-0.7699,-0.7877,-0.7785,-0.5185,-0.4919,-0.4272,-0.3124,-0.2596,-0.3432,-0.4038,-0.4175,-0.4244,-0.4612,-0.5478,-0.6778,-0.8122,-0.8879,-0.887,-0.8467,-0.5512,-0.5466,-0.5004,-0.3362,-0.2366,-0.3537,-0.4051,-0.3916,-0.3659,-0.4017,-0.5311,-0.7482,-0.9971,-1.0979,-1.0287,-0.9237,-0.5888,-0.6272,-0.6803,-0.6032,-0.4448,-0.4313,-0.4233,-0.377,-0.3071,-0.3444,-0.5134,-0.8313,-1.303,-1.413,-1.1746,-0.9794,-0.6113,-0.6702,-0.7719,-0.7459,-0.5638,-0.486,-0.4563,-0.4285,-0.2263,-0.3159,-0.5001,-0.8005,-1.3616,-1.49,-1.1772,-0.9653,-0.6107,-0.6493,-0.6906,-0.6634,-0.5839,-0.5334,-0.4771,-0.3845,-0.0797,-0.2865,-0.5032,-0.647,-0.8862,-1.0656,-0.9842,-0.8746,-0.5993,-0.6165,-0.6263,-0.6178,-0.6164,-0.6396,-0.5813,-0.4517,-0.2577,-0.3669,-0.5334,-0.6019,-0.6674,-0.7675,-0.7844,-0.7611,-0.5891,-0.5979,-0.6046,-0.6146,-0.6537,-0.769,-0.6651,-0.5777,-0.5119,-0.4878,-0.5368,-0.5859,-0.6122,-0.6324,-0.6503,-0.666,-0.5826,-0.589,-0.5968,-0.6112,-0.6418,-0.681,-0.6473,-0.6368,-0.6717,-0.5714,-0.5518,-0.5636,-0.5551,-0.5339,-0.5595,-0.5992,-0.5784,-0.5837,-0.5908,-0.6012,-0.6153,-0.6241,-0.6174,-0.6231,-0.627,-0.5854,-0.5616,-0.5515,-0.5207,-0.4893,-0.52,-0.5649,-0.5752,-0.5795,-0.5848,-0.5911,-0.5974,-0.6003,-0.5991,-0.5983,-0.5931,-0.5777,-0.5634,-0.5504,-0.5285,-0.5124,-0.5283,-0.5577,-0.5727,-0.5759,-0.5795,-0.5833,-0.5863,-0.5876,-0.5868,-0.5846,-0.5798,-0.5721,-0.5638,-0.555,-0.5447,-0.5392,-0.5463,-0.5619]},{"header":{"la1":42.22,"la2":41.45,"lo1":11.9,"lo2":12.97,"nx":16,"ny":12,"dx":0.07133,"dy":0.07,"parameterCategory":2,"parameterNumber":3,"parameterNumberName":"northward_wind","parameterUnit":"m.s-1"},"data":[-0.6283,-0.7107,-0.8293,-0.9613,-0.9852,-0.8241,-0.621,-0.4795,-0.3918,-0.326,-0.2615,-0.1956,-0.1381,-0.099,-0.0799,-0.0748,-0.627,-0.7201,-0.8913,-1.1847,-1.3188,-0.975,-0.6349,-0.4646,-0.3844,-0.3245,-0.2477,-0.1573,-0.0788,-0.0349,-0.0248,-0.0321,-0.5991,-0.6683,-0.806,-1.167,-1.401,-0.9352,-0.5704,-0.4302,-0.3845,-0.3401,-0.2366,-0.1019,0.0122,0.0555,0.0414,0.0133,-0.5558,-0.5818,-0.588,-0.6931,-0.8378,-0.6466,-0.455,-0.3992,-0.3981,-0.3659,-0.2143,-0.0247,0.1279,0.1561,0.1023,0.052,-0.5138,-0.5251,-0.5091,-0.5187,-0.5405,-0.4503,-0.3596,-0.3503,-0.4826,-0.3696,-0.1381,0.0857,0.1742,0.1827,0.1276,0.0744,-0.4737,-0.4844,-0.4879,-0.4723,-0.4143,-0.3498,-0.3261,-0.3672,-0.6018,-0.3531,0.069,0.4281,0.2891,0.1834,0.13,0.084,-0.4316,-0.4324,-0.4211,-0.3837,-0.3185,-0.2611,-0.2463,-0.2897,-0.3707,-0.2296,0.2782,0.7878,0.4365,0.2151,0.135,0.0899,-0.3912,-0.3821,-0.3602,-0.3197,-0.2632,-0.2094,-0.2047,-0.1881,-0.1516,-0.1066,0.1403,0.3784,0.2945,0.1879,0.1358,0.0965,-0.3568,-0.3428,-0.3192,-0.2851,-0.2452,-0.2125,-0.1792,-0.0345,0.0701,-0.0367,0.0363,0.1416,0.1708,0.173,0.1483,0.1061,-0.3294,-0.3142,-0.2924,-0.2646,-0.2338,-0.2014,-0.1528,-0.0599,-0.0104,-0.0343,0.0021,0.0776,0.1552,0.1977,0.1633,0.1101,-0.308,-0.293,-0.2735,-0.25,-0.2234,-0.1927,-0.1532,-0.106,-0.0732,-0.0544,-0.0166,0.0465,0.1193,0.1584,0.137,0.0943,-0.2911,-0.2769,-0.2594,-0.2389,-0.2155,-0.1889,-0.1587,-0.127,-0.0987,-0.0713,-0.0351,0.013,0.0625,0.0909,0.0863,0.0629]}]