docs/data/wind_grid.json
[{"header":{"la1":42.85,"la2":41.18,"lo1":11.55,"lo2":14.05,"nx":36,"ny":24,"dx":0.07143,"dy":0.07261,"parameterCategory":2,"parameterNumber":2,"parameterNumberName":"eastward_wind","parameterUnit":"m.s-1"},"data":[0.9584,0.9904,1.0258,1.0638,1.103,1.141,1.1746,1.201,1.2192,1.2318,1.2451,1.2663,1.3009,1.3484,1.3991,1.4346,1.4363,1.3994,1.3345,1.2582,1.1831,1.1153,1.0567,1.0068,0.9643,0.928,0.8966,0.8691,0.8448,0.823,0.8034,0.7856,0.7694,0.7546,0.7411,0.7288,0.9621,0.9991,1.0413,1.0885,1.1392,1.1899,1.235,1.2681,1.2856,1.2911,1.2957,1.3142,1.3591,1.4342,1.5261,1.5978,1.6068,1.5437,1.4378,1.3241,1.2218,1.1365,1.0671,1.0107,0.9643,0.9255,0.8926,0.864,0.839,0.8166,0.7965,0.7782,0.7616,0.7464,0.7326,0.7201,0.9625,1.0045,1.0546,1.1135,1.1805,1.2516,1.3177,1.3646,1.3811,1.3703,1.3532,1.3584,1.4107,1.5246,1.6883,1.8321,1.8529,1.7329,1.554,1.3861,1.2514,1.1484,1.0697,1.0084,0.9595,0.9194,0.8857,0.8567,0.8312,0.8085,0.788,0.7694,0.7524,0.7369,0.7228,0.71,0.9577,1.0044,1.0625,1.1351,1.2241,1.3275,1.4331,1.512,1.5303,1.4856,1.4216,1.3928,1.4397,1.5926,1.8576,2.1272,2.1632,1.9359,1.6509,1.4227,1.26,1.1451,1.0616,0.9986,0.9494,0.9094,0.8759,0.8471,0.8216,0.7988,0.7781,0.7591,0.7418,0.7259,0.7115,0.6985,0.9462,0.9957,1.0604,1.1462,1.2608,1.4107,1.5884,1.7434,1.7783,1.6625,1.5037,1.4102,1.4275,1.5866,1.916,2.3004,2.3489,2.0193,1.661,1.4055,1.2366,1.1223,1.0414,0.9811,0.9341,0.8958,0.8635,0.8354,0.8104,0.7876,0.7667,0.7474,0.7296,0.7133,0.6986,0.6854,0.9264,0.9758,1.0427,1.1364,1.2721,1.4728,1.7585,2.0758,2.1734,1.9071,1.5812,1.3987,1.3668,1.4769,1.7366,2.0487,2.0962,1.8326,1.5376,1.3235,1.1799,1.0814,1.0107,0.9572,0.9147,0.8795,0.8492,0.8223,0.7978,0.7751,0.7539,0.7341,0.7158,0.699,0.6838,0.6703,0.8978,0.9429,1.0053,1.0957,1.2336,1.4558,1.8217,2.333,2.544,2.0641,1.5756,1.3383,1.2703,1.3137,1.4406,1.585,1.6144,1.4974,1.338,1.2037,1.1037,1.0299,0.9739,0.9296,0.8931,0.8618,0.8339,0.8084,0.7844,0.7616,0.7399,0.7193,0.7001,0.6825,0.6667,0.6529,0.861,0.8977,0.9484,1.0219,1.1343,1.316,1.6154,2.0331,2.1922,1.7896,1.4079,1.2241,1.1623,1.1686,1.2119,1.2591,1.2692,1.2276,1.1586,1.0886,1.0281,0.9782,0.9369,0.9021,0.8717,0.8443,0.8189,0.7945,0.7707,0.7474,0.7246,0.7028,0.6822,0.6635,0.6469,0.6327,0.8185,0.8437,0.8775,0.9245,0.9932,1.096,1.2429,1.3993,1.4334,1.3098,1.1765,1.098,1.0719,1.0758,1.0878,1.0951,1.0902,1.07,1.0389,1.0032,0.9678,0.9348,0.905,0.8779,0.8528,0.8288,0.8053,0.7816,0.7574,0.7328,0.7081,0.6841,0.6615,0.6411,0.6234,0.6088,0.7731,0.786,0.8013,0.82,0.8439,0.8768,0.9251,0.992,1.0578,1.0727,1.0319,1.0094,1.0253,1.0502,1.0532,1.0346,1.0124,0.9941,0.9759,0.9536,0.9287,0.9044,0.8816,0.8599,0.8386,0.817,0.7945,0.7706,0.745,0.7179,0.6901,0.6627,0.637,0.6142,0.595,0.58,0.7284,0.7298,0.7286,0.7227,0.7098,0.69,0.6798,0.7512,1.0208,1.1417,0.9763,0.9607,1.0369,1.1161,1.1059,1.0373,0.9878,0.9739,0.9639,0.939,0.9114,0.8884,0.8688,0.8501,0.8309,0.8105,0.7881,0.7628,0.7343,0.703,0.6699,0.6372,0.6068,0.5807,0.5599,0.5448,0.687,0.6792,0.6656,0.6421,0.603,0.5405,0.4537,0.4135,0.7076,0.9472,0.8701,0.9181,1.0895,1.322,1.2481,1.0598,0.9804,1.0158,1.02,0.9577,0.9114,0.8869,0.8691,0.8511,0.8319,0.8111,0.7877,0.7597,0.7263,0.6879,0.6466,0.6056,0.5683,0.5377,0.5152,0.5009,0.6506,0.6367,0.6156,0.583,0.5322,0.4515,0.3255,0.1842,0.3205,0.5987,0.7328,0.8628,1.022,1.3886,1.2938,1.0066,0.9439,1.1338,1.1371,0.978,0.9202,0.9049,0.8889,0.8668,0.8437,0.821,0.7958,0.7637,0.7225,0.6727,0.618,0.564,0.5167,0.4803,0.4568,0.445,0.6198,0.6026,0.5785,0.5446,0.4963,0.4278,0.3375,0.2541,0.3132,0.4752,0.6038,0.8345,0.9189,0.9121,0.9209,0.8193,0.7898,0.9633,1.0096,0.9372,0.9554,0.9728,0.9444,0.9016,0.8679,0.8429,0.8166,0.7789,0.7253,0.6571,0.5806,0.5061,0.4438,0.4008,0.3784,0.3733,0.5943,0.5758,0.5517,0.5206,0.481,0.433,0.3828,0.3507,0.3563,0.3511,0.3377,0.4478,0.5821,0.5008,0.6572,0.6274,0.5905,0.6757,0.7725,0.9191,1.1405,1.1763,1.0548,0.9526,0.903,0.8815,0.8585,0.8136,0.7398,0.6406,0.5279,0.4201,0.3362,0.2872,0.272,0.2813,0.5732,0.5545,0.5316,0.504,0.4716,0.4357,0.3993,0.3634,0.3082,0.1665,-0.1187,0.0256,0.1977,0.3893,0.4511,0.5018,0.5349,0.5001,0.5756,0.9893,1.6757,1.5724,1.1789,0.9927,0.9455,0.9492,0.9398,0.8831,0.7738,0.6223,0.4488,0.2863,0.1716,0.1224,0.1282,0.1659,0.5556,0.5373,0.5156,0.4904,0.4617,0.4297,0.3932,0.3458,0.2673,0.1179,-0.0942,0.0029,-0.0321,-0.0792,0.1745,0.2515,0.259,0.1456,0.1293,0.722,1.7174,1.5769,1.1338,0.9814,1.0042,1.0795,1.098,1.0118,0.838,0.601,0.3269,0.0741,-0.0813,-0.1122,-0.0576,0.03,0.5409,0.5229,0.5022,0.4784,0.4514,0.4203,0.383,0.3344,0.2663,0.1763,0.0969,0.0562,-0.0929,-0.1496,-0.1126,-0.1468,-0.0778,-0.3387,-0.6925,0.0068,0.7179,0.9337,0.8907,0.9318,1.1116,1.334,1.3894,1.219,0.935,0.5767,0.1516,-0.2435,-0.4434,-0.4144,-0.2698,-0.1096,0.5285,0.511,0.4909,0.4681,0.4421,0.412,0.3762,0.3323,0.2785,0.2178,0.1586,0.0949,0.0012,-0.1433,-0.5778,-0.7602,-0.3156,-0.3724,-0.5484,-0.2541,0.1438,0.466,0.6579,0.8802,1.2502,1.708,1.7985,1.4433,1.0332,0.5606,-0.0348,-0.6063,-0.8366,-0.7044,-0.4493,-0.2169,0.5182,0.501,0.4816,0.4597,0.4348,0.4063,0.3731,0.3344,0.2899,0.2405,0.1865,0.1208,0.0236,-0.1616,-0.5195,-0.6288,-0.3189,-0.256,-0.3909,-0.4513,-0.0834,0.2366,0.4777,0.781,1.2339,1.7662,1.8689,1.4613,1.0742,0.5825,-0.0856,-0.7417,-0.9815,-0.8017,-0.5051,-0.2496,0.5096,0.4929,0.4743,0.4533,0.4297,0.403,0.3727,0.3382,0.2995,0.2561,0.2063,0.1445,0.0585,-0.0682,-0.2156,-0.2575,-0.1828,-0.1682,-0.2553,-0.2649,-0.0692,0.0964,0.2556,0.5702,1.0118,1.3582,1.4092,1.3274,1.0774,0.6521,0.0775,-0.4753,-0.714,-0.6197,-0.4017,-0.1936,0.5027,0.4866,0.4687,0.4488,0.4266,0.4018,0.3742,0.3433,0.3088,0.2703,0.226,0.1732,0.1081,0.0317,-0.0372,-0.0659,-0.0592,-0.0623,-0.0838,-0.0747,-0.0499,-0.1279,-0.121,0.2546,0.7718,1.1821,1.3739,1.3013,1.0598,0.715,0.2988,-0.0871,-0.299,-0.3084,-0.2062,-0.0777,0.4972,0.4818,0.4648,0.446,0.4253,0.4024,0.3772,0.3495,0.3189,0.2851,0.2472,0.2045,0.157,0.1083,0.0677,0.0444,0.0356,0.0291,0.02,0.004,-0.0757,-0.3011,-0.3735,0.0358,0.5641,0.9699,1.1692,1.1393,0.967,0.7237,0.4468,0.1923,0.0253,-0.0314,-0.0076,0.0537,0.4931,0.4784,0.4623,0.4447,0.4255,0.4045,0.3817,0.3568,0.3299,0.3006,0.2689,0.2349,0.1997,0.1661,0.1382,0.1192,0.1079,0.0996,0.088,0.0591,-0.0211,-0.1568,-0.1684,0.0932,0.4554,0.7502,0.9102,0.9271,0.839,0.6904,0.5159,0.3505,0.2277,0.1635,0.1507,0.1709]},{"header":{"la1":42.85,"la2":41.18,"lo1":11.55,"lo2":14.05,"nx":36,"ny":24,"dx":0.07143,"dy":0.07261,"parameterCategory":2,"parameterNumber":3,"parameterNumberName":"northward_wind","parameterUnit":"m.s-1"},"data":[3.3366,3.34,3.3432,3.346,3.3482,3.3497,3.3502,3.3496,3.3477,3.3447,3.341,3.3371,3.3338,3.3313,3.3292,3.3261,3.3199,3.3096,3.2955,3.2792,3.2621,3.245,3.2285,3.2128,3.1981,3.1842,3.1714,3.1595,3.1485,3.1385,3.1293,3.1211,3.1137,3.1071,3.1013,3.0962,3.3422,3.3463,3.3502,3.3538,3.3568,3.3591,3.3603,3.36,3.3581,3.3546,3.3501,3.3455,3.3423,3.3413,3.3423,3.3425,3.3375,3.3251,3.3069,3.2861,3.2652,3.2452,3.2264,3.209,3.1928,3.1779,3.1642,3.1516,3.14,3.1296,3.1201,3.1117,3.1042,3.0976,3.0918,3.0869,3.3478,3.3526,3.3573,3.3618,3.3659,3.3693,3.3714,3.3718,3.3699,3.3656,3.3598,3.3539,3.3503,3.3512,3.3575,3.3644,3.3618,3.345,3.3194,3.2923,3.2667,3.2435,3.2224,3.2033,3.1859,3.1699,3.1553,3.1421,3.1301,3.1193,3.1096,3.101,3.0935,3.087,3.0814,3.0766,3.3532,3.3588,3.3645,3.37,3.3753,3.38,3.3836,3.3851,3.3835,3.3782,3.3703,3.362,3.3569,3.3591,3.3724,3.3907,3.3917,3.366,3.3296,3.295,3.2649,3.2388,3.2159,3.1953,3.1767,3.1599,3.1446,3.1308,3.1184,3.1073,3.0975,3.0889,3.0815,3.0751,3.0698,3.0653,3.3583,3.3648,3.3714,3.3781,3.3847,3.3909,3.3961,3.3993,3.3985,3.3923,3.3817,3.37,3.3614,3.3619,3.378,3.4056,3.4093,3.3744,3.3296,3.2904,3.2579,3.2303,3.2061,3.1845,3.1651,3.1475,3.1317,3.1175,3.1048,3.0936,3.0838,3.0753,3.068,3.0619,3.0569,3.0529,3.363,3.3703,3.378,3.3858,3.3937,3.4011,3.4074,3.4115,3.412,3.4061,3.3935,3.3778,3.3642,3.3582,3.3661,3.3847,3.3853,3.3542,3.3135,3.2766,3.245,3.2174,3.1928,3.1706,3.1506,3.1325,3.1163,3.1018,3.089,3.0778,3.0681,3.0598,3.0529,3.0473,3.0428,3.0393,3.3671,3.3752,3.3839,3.393,3.4022,3.4107,3.4165,3.4173,3.4165,3.4161,3.4056,3.3863,3.3662,3.3516,3.3458,3.3459,3.3388,3.3167,3.2865,3.2557,3.2269,3.2003,3.1758,3.1533,3.1329,3.1144,3.098,3.0835,3.0707,3.0597,3.0503,3.0425,3.0361,3.031,3.0272,3.0244,3.3704,3.3794,3.3891,3.3996,3.4106,3.4212,3.4286,3.428,3.4265,3.4333,3.4236,3.3969,3.3678,3.3447,3.3287,3.3168,3.3029,3.2833,3.2587,3.2321,3.2054,3.1795,3.155,3.1322,3.1115,3.0929,3.0765,3.0622,3.0497,3.0391,3.0303,3.023,3.0173,3.013,3.0101,3.0082,3.3728,3.3824,3.3931,3.405,3.4184,3.4336,3.4505,3.4683,3.4867,3.4919,3.4607,3.4111,3.3671,3.3358,3.3146,3.2979,3.2799,3.2581,3.2334,3.2076,3.1813,3.1551,3.1299,3.1066,3.0857,3.0673,3.0513,3.0375,3.0257,3.0158,3.0077,3.0013,2.9966,2.9933,2.9913,2.9906,3.374,3.3841,3.3954,3.4083,3.4237,3.4433,3.4724,3.524,3.6055,3.6257,3.5255,3.4239,3.3581,3.3197,3.2991,3.2839,3.2634,3.2361,3.2077,3.1808,3.1537,3.1259,3.0992,3.0753,3.0546,3.0369,3.0219,3.009,2.9983,2.9895,2.9825,2.9772,2.9736,2.9716,2.971,2.9716,3.3739,3.3841,3.3956,3.4088,3.4242,3.4434,3.4726,3.542,3.7469,3.8456,3.5825,3.4181,3.3337,3.289,3.2772,3.2728,3.2493,3.2078,3.1729,3.1483,3.1207,3.0894,3.0601,3.0358,3.0164,3.0007,2.9875,2.9764,2.9672,2.9599,2.9543,2.9506,2.9484,2.9479,2.9489,2.9511,3.3724,3.3824,3.3936,3.4061,3.4197,3.4338,3.4457,3.464,3.5981,3.698,3.519,3.3882,3.3022,3.2346,3.2455,3.2698,3.238,3.1501,3.1116,3.1079,3.079,3.0392,3.0065,2.9844,2.9694,2.9578,2.9479,2.9393,2.9322,2.9269,2.9232,2.9213,2.921,2.9223,2.9251,2.9293,3.3695,3.3791,3.3895,3.4008,3.4124,3.4223,3.4245,3.4128,3.4385,3.4766,3.4295,3.3758,3.3163,3.2167,3.2361,3.2984,3.2584,3.0476,3.0297,3.0701,3.0185,2.9591,2.9269,2.9158,2.9118,2.9078,2.9027,2.8974,2.8932,2.8904,2.8892,2.8895,2.8913,2.8947,2.8997,2.9062,3.3654,3.3742,3.3837,3.3936,3.4035,3.412,3.4166,3.416,3.4194,3.4168,3.3961,3.3926,3.3795,3.2296,3.3105,3.4157,3.4487,3.2023,3.0975,3.0315,2.893,2.8076,2.8025,2.8262,2.8447,2.8519,2.8521,2.8505,2.8498,2.8506,2.8526,2.8555,2.8597,2.8654,2.8729,2.8819,3.3602,3.3682,3.3764,3.3849,3.3931,3.4002,3.405,3.4062,3.4014,3.3883,3.3803,3.3922,3.3749,3.4026,3.3901,3.6638,3.9801,3.5172,3.1927,2.8963,2.574,2.503,2.6197,2.7232,2.7748,2.7923,2.7959,2.7976,2.8018,2.8077,2.8141,2.8201,2.8266,2.8347,2.8449,2.857,3.3542,3.3611,3.3682,3.3752,3.3816,3.3868,3.3897,3.3885,3.381,3.3633,3.3276,3.4564,3.4333,3.3993,3.4289,3.6318,3.8334,3.5227,3.1887,2.6594,1.9278,2.0306,2.4353,2.6409,2.7144,2.7303,2.7313,2.7366,2.7487,2.763,2.7754,2.7849,2.7932,2.8033,2.8165,2.8321,3.3474,3.3534,3.3593,3.365,3.3699,3.3736,3.3752,3.3739,3.3686,3.3565,3.3347,3.3945,3.4416,3.4485,3.4152,3.4542,3.4921,3.4501,3.3206,2.7643,1.8567,1.993,2.4311,2.6223,2.6687,2.6592,2.6505,2.6637,2.6907,2.7187,2.7399,2.7527,2.7615,2.7728,2.7889,2.8085,3.3402,3.3453,3.3502,3.3547,3.3586,3.3614,3.3627,3.3626,3.3612,3.3599,3.3648,3.3886,3.4332,3.4366,3.3619,3.3439,3.3988,3.5749,3.7898,3.2402,2.6726,2.5202,2.6033,2.6499,2.6223,2.5632,2.5432,2.5782,2.6308,2.6787,2.7124,2.7282,2.7348,2.7457,2.7647,2.7881,3.3327,3.3369,3.3409,3.3445,3.3476,3.3498,3.3512,3.3519,3.3526,3.3545,3.3597,3.3691,3.3759,3.3494,3.2592,3.2286,3.3287,3.4939,3.5982,3.2553,3.0046,2.8189,2.731,2.6655,2.5674,2.451,2.4268,2.4991,2.5777,2.6463,2.6957,2.716,2.7184,2.7272,2.7477,2.7737,3.3249,3.3284,3.3316,3.3344,3.3367,3.3385,3.3396,3.3404,3.3411,3.3421,3.3435,3.3433,3.3351,3.3062,3.253,3.237,3.2761,3.2901,3.1734,3.108,3.0393,2.877,2.7512,2.6539,2.5414,2.424,2.4014,2.4605,2.5375,2.6198,2.6846,2.7128,2.7148,2.7215,2.7413,2.7673,3.317,3.3197,3.3222,3.3243,3.326,3.3271,3.3277,3.3278,3.3275,3.3266,3.3245,3.3194,3.3081,3.2882,3.2643,3.2493,3.2375,3.2041,3.1403,3.0856,2.9646,2.7833,2.6664,2.612,2.538,2.4431,2.3738,2.4062,2.5011,2.597,2.6704,2.7075,2.7176,2.7266,2.7448,2.7688,3.3089,3.311,3.3128,3.3142,3.3151,3.3155,3.3153,3.3145,3.3128,3.31,3.3054,3.2978,3.286,3.2696,3.2501,3.2283,3.1987,3.1532,3.0886,2.9901,2.8016,2.5478,2.4605,2.5293,2.5275,2.4285,2.3203,2.3705,2.4876,2.5876,2.6596,2.7013,2.7215,2.7361,2.7541,2.7757,3.3009,3.3023,3.3035,3.3041,3.3043,3.3039,3.3028,3.3009,3.2979,3.2934,3.287,3.2777,3.265,3.2483,3.2271,3.1998,3.1622,3.1084,3.0289,2.8995,2.675,2.3847,2.3164,2.4701,2.534,2.4853,2.4253,2.4476,2.5247,2.6024,2.6626,2.7029,2.7282,2.7472,2.7658,2.7858,3.2929,3.2937,3.2942,3.2941,3.2936,3.2923,3.2903,3.2873,3.2831,3.2772,3.2693,3.2587,3.2447,3.2266,3.2033,3.1727,3.1312,3.0736,2.9906,2.8661,2.686,2.4955,2.4408,2.5187,2.5701,2.5596,2.5365,2.5454,2.5859,2.6357,2.6801,2.7144,2.7398,2.7602,2.7789,2.7975]}]