docs/data/wind_grid.json
[{"header":{"la1":42.85,"la2":41.18,"lo1":11.55,"lo2":14.05,"nx":36,"ny":24,"dx":0.07143,"dy":0.07261,"parameterCategory":2,"parameterNumber":2,"parameterNumberName":"eastward_wind","parameterUnit":"m.s-1"},"data":[1.8126,1.7796,1.7438,1.7064,1.6701,1.6387,1.6177,1.6128,1.6279,1.6633,1.7154,1.7779,1.8447,1.911,1.9737,2.0308,2.0808,2.1222,2.1536,2.1747,2.186,2.189,2.186,2.1787,2.1688,2.1573,2.1449,2.1321,2.1191,2.1063,2.0939,2.0819,2.0705,2.0597,2.0497,2.0406,1.7976,1.7571,1.711,1.6603,1.6074,1.5577,1.5198,1.5041,1.5192,1.5663,1.6381,1.7232,1.8114,1.8961,1.9744,2.0449,2.1063,2.1566,2.1936,2.2159,2.2247,2.2229,2.2142,2.2014,2.1866,2.1709,2.1549,2.139,2.1235,2.1084,2.094,2.0803,2.0674,2.0554,2.0445,2.0345,1.7862,1.7376,1.6797,1.612,1.536,1.4576,1.3896,1.3521,1.3645,1.431,1.5359,1.6558,1.7735,1.8814,1.9783,2.0651,2.1414,2.2043,2.2488,2.2717,2.2748,2.2643,2.2466,2.2261,2.205,2.1843,2.1643,2.145,2.1266,2.1091,2.0926,2.0771,2.0627,2.0494,2.0374,2.0267,1.7806,1.7244,1.6542,1.5668,1.4603,1.338,1.2163,1.1329,1.1353,1.2379,1.4021,1.5765,1.7338,1.8689,1.9862,2.0915,2.1874,2.2696,2.3265,2.3484,2.3393,2.3133,2.2821,2.2515,2.223,2.1966,2.1722,2.1494,2.128,2.1079,2.0892,2.0718,2.0558,2.0413,2.0283,2.0168,1.7835,1.7216,1.6407,1.5338,1.3923,1.2094,0.9955,0.8132,0.785,0.9629,1.2377,1.4943,1.6993,1.8615,1.9975,2.1216,2.2424,2.3555,2.435,2.4526,2.4186,2.3668,2.3174,2.275,2.2386,2.2066,2.1778,2.1514,2.127,2.1043,2.0833,2.064,2.0464,2.0306,2.0167,2.0045,1.797,1.7331,1.6466,1.5264,1.3551,1.1075,0.7629,0.3877,0.2769,0.6146,1.0771,1.4337,1.6816,1.8625,2.0098,2.1477,2.2939,2.4508,2.5707,2.5777,2.5001,2.4144,2.3461,2.2931,2.25,2.213,2.1802,2.1503,2.1229,2.0976,2.0744,2.0531,2.0339,2.0169,2.002,1.9892,1.8225,1.7618,1.6777,1.5574,1.3781,1.1,0.6619,0.0746,-0.1621,0.3912,1.021,1.43,1.691,1.8735,2.02,2.1599,2.3167,2.5029,2.6609,2.657,2.5432,2.4379,2.361,2.3028,2.2555,2.2147,2.1784,2.1455,2.1152,2.0873,2.0617,2.0384,2.0176,1.9993,1.9836,1.9705,1.8596,1.8076,1.7354,1.6311,1.475,1.2336,0.8612,0.38,0.2019,0.6404,1.1356,1.4865,1.7246,1.891,2.025,2.1558,2.2997,2.4589,2.5887,2.5956,2.5143,2.4298,2.3608,2.3037,2.2546,2.2112,2.172,2.1361,2.103,2.0725,2.0445,2.0192,1.9967,1.9772,1.9608,1.9476,1.9062,1.8677,1.8149,1.7395,1.6282,1.4615,1.2248,0.9623,0.8354,0.9525,1.2434,1.5488,1.7654,1.9044,2.0187,2.1428,2.2775,2.4015,2.4839,2.5018,2.4679,2.4126,2.354,2.2986,2.2481,2.2022,2.1603,2.1217,2.0858,2.0526,2.022,1.9944,1.9701,1.9495,1.9326,1.9196,1.9587,1.9365,1.9075,1.8674,1.8085,1.7131,1.5431,1.2287,0.7612,0.6375,1.1338,1.5884,1.804,1.8908,1.9793,2.121,2.29,2.4331,2.5076,2.5116,2.4714,2.4121,2.3491,2.2898,2.2361,2.1874,2.1428,2.1015,2.0628,2.0266,1.9931,1.963,1.9367,1.9148,1.8978,1.8854,2.0127,2.0073,2.0028,1.9998,1.9969,1.982,1.8953,1.4917,0.1654,-0.4634,0.9699,1.697,1.8432,1.7905,1.8498,2.0754,2.3607,2.6059,2.6972,2.6373,2.5293,2.4283,2.3445,2.2755,2.2171,2.1657,2.1188,2.0748,2.0331,1.9936,1.9566,1.9232,1.8945,1.8714,1.8545,1.8436,2.0639,2.0734,2.0905,2.1206,2.1721,2.2551,2.3629,2.34,1.3317,0.5133,1.4752,2.0138,1.9053,1.4891,1.5491,2.0164,2.5236,3.0378,3.1341,2.8554,2.6024,2.4362,2.3268,2.2493,2.1884,2.1358,2.0874,2.0412,1.9962,1.9524,1.9107,1.8729,1.841,1.8167,1.8006,1.7924,2.1086,2.1291,2.1615,2.2138,2.3009,2.4493,2.6876,2.7447,2.8015,2.0954,2.2226,2.6315,2.3926,1.3103,1.3633,2.0927,2.7179,3.7004,3.7166,3.0121,2.6057,2.3943,2.2775,2.2038,2.1473,2.0969,2.0484,2.0001,1.9513,1.9019,1.8534,1.8091,1.7725,1.7467,1.7327,1.7294,2.1447,2.1715,2.2111,2.2707,2.3634,2.5105,2.7433,3.0955,2.9232,2.4924,2.571,3.2531,3.4156,2.6208,2.2287,2.3768,2.702,3.2532,3.32,2.8135,2.4493,2.2645,2.1831,2.1365,2.0943,2.0494,2.002,1.9519,1.8984,1.8409,1.7818,1.7268,1.683,1.6558,1.6463,1.6516,2.1715,2.2004,2.2401,2.2952,2.372,2.476,2.602,2.6901,2.615,2.5013,2.5369,2.7093,2.8493,3.1554,2.6066,2.6011,2.7539,2.7287,2.6865,2.422,2.1266,2.0284,2.048,2.0559,2.0344,1.9954,1.9489,1.8976,1.8384,1.7689,1.6919,1.6184,1.563,1.5354,1.5355,1.5562,2.1899,2.2178,2.2536,2.299,2.3549,2.4184,2.4763,2.5012,2.4783,2.4468,2.4192,2.4136,2.5182,2.6716,2.5666,2.5813,2.6749,2.5682,2.4282,2.1178,1.682,1.7285,1.919,1.9846,1.975,1.9359,1.8896,1.8391,1.7746,1.6867,1.5785,1.4717,1.3972,1.3732,1.3941,1.4415,2.2016,2.2268,2.2573,2.293,2.3327,2.3724,2.4044,2.4202,2.4204,2.4159,2.4079,2.411,2.3773,2.3544,2.4094,2.4235,2.4566,2.4567,2.399,2.1052,1.6279,1.6917,1.8885,1.9434,1.9184,1.8671,1.8219,1.7805,1.7143,1.5989,1.4359,1.2682,1.1643,1.1566,1.2197,1.3114,2.2081,2.2303,2.2556,2.2836,2.3126,2.3401,2.3624,2.377,2.3852,2.39,2.3908,2.3783,2.3281,2.2996,2.2415,2.2081,2.3155,2.4865,2.637,2.312,2.0089,1.9224,1.9382,1.9217,1.8574,1.7789,1.7406,1.7286,1.67,1.5175,1.2657,0.9943,0.8521,0.8902,1.0275,1.1813,2.2109,2.2301,2.2511,2.2733,2.2955,2.3162,2.3334,2.3464,2.355,2.3593,2.3565,2.3404,2.3032,2.218,1.966,1.869,2.1703,2.3946,2.4823,2.2344,2.1116,2.0215,1.9612,1.8972,1.7985,1.6758,1.6475,1.6974,1.6569,1.4659,1.1066,0.7007,0.5261,0.6416,0.8682,1.0828,2.2111,2.2276,2.245,2.263,2.2805,2.2967,2.3103,2.3207,2.3272,2.3287,2.3224,2.3032,2.2604,2.1649,1.9823,1.9306,2.1179,2.215,2.1098,2.04,2.0709,2.0035,1.9317,1.8697,1.7869,1.6654,1.6393,1.7317,1.6879,1.4743,1.0635,0.5935,0.4079,0.5589,0.8185,1.0524,2.2095,2.2236,2.2382,2.2528,2.2669,2.2796,2.2902,2.298,2.3021,2.3011,2.2929,2.2736,2.2373,2.1774,2.1074,2.0899,2.1335,2.1499,2.1015,2.061,2.0106,1.9055,1.837,1.8264,1.819,1.8231,1.8989,1.8746,1.7592,1.5438,1.189,0.8011,0.6249,0.7116,0.9078,1.102,2.2065,2.2186,2.2308,2.2428,2.2541,2.2641,2.2722,2.2777,2.2798,2.2773,2.2687,2.2521,2.2257,2.191,2.1578,2.1414,2.1384,2.1242,2.0857,2.0213,1.8942,1.7056,1.644,1.7399,1.8251,1.9026,1.9934,1.944,1.8103,1.6249,1.3717,1.1119,0.9661,0.976,1.0792,1.2068,2.2027,2.2129,2.2232,2.233,2.2421,2.2499,2.2559,2.2596,2.2602,2.2568,2.2488,2.2351,2.2158,2.1927,2.1699,2.1506,2.1315,2.1026,2.0527,1.9639,1.7985,1.5679,1.5112,1.6721,1.8042,1.8803,1.9217,1.8969,1.8105,1.6801,1.5152,1.3515,1.2436,1.2184,1.258,1.3289,2.1982,2.2069,2.2154,2.2235,2.2307,2.2367,2.2411,2.2433,2.2428,2.2391,2.2316,2.2202,2.2048,2.1866,2.1669,2.1457,2.1202,2.0845,2.0299,1.9426,1.8091,1.6611,1.622,1.7103,1.8017,1.8534,1.8712,1.8537,1.8001,1.7156,1.6112,1.5077,1.4318,1.3994,1.4075,1.4423]},{"header":{"la1":42.85,"la2":41.18,"lo1":11.55,"lo2":14.05,"nx":36,"ny":24,"dx":0.07143,"dy":0.07261,"parameterCategory":2,"parameterNumber":3,"parameterNumberName":"northward_wind","parameterUnit":"m.s-1"},"data":[0.795,0.7635,0.7284,0.6904,0.6512,0.6138,0.5823,0.5607,0.5515,0.5536,0.5628,0.573,0.5787,0.5766,0.5657,0.5472,0.5247,0.5033,0.4888,0.4858,0.4958,0.5172,0.5468,0.5805,0.6155,0.6497,0.6819,0.7117,0.739,0.7638,0.7863,0.8067,0.8252,0.842,0.8572,0.871,0.7931,0.7564,0.7138,0.6655,0.6132,0.5611,0.5158,0.4857,0.4767,0.4879,0.5111,0.5348,0.5496,0.5504,0.5358,0.508,0.472,0.4363,0.4113,0.4053,0.4206,0.4531,0.4956,0.5418,0.5871,0.6295,0.668,0.7025,0.7333,0.7608,0.7853,0.8073,0.8269,0.8446,0.8605,0.8748,0.795,0.7529,0.7017,0.6403,0.5694,0.4935,0.4232,0.3755,0.3656,0.3943,0.4439,0.4917,0.5217,0.5272,0.5074,0.465,0.4067,0.346,0.3024,0.2926,0.3195,0.3722,0.4359,0.4998,0.5587,0.6108,0.6562,0.6956,0.7299,0.7599,0.7862,0.8095,0.8302,0.8487,0.8651,0.8799,0.8025,0.7557,0.6957,0.6192,0.5233,0.4099,0.2931,0.2063,0.1908,0.2545,0.356,0.4458,0.4991,0.5111,0.4839,0.4202,0.3262,0.2208,0.1423,0.1285,0.182,0.2725,0.3696,0.4579,0.533,0.5957,0.648,0.692,0.7294,0.7615,0.7894,0.8138,0.8353,0.8544,0.8713,0.8863,0.8174,0.7679,0.7012,0.6103,0.4856,0.3189,0.1181,-0.0585,-0.0969,0.0432,0.2477,0.4057,0.4894,0.508,0.4712,0.3804,0.2336,0.0494,-0.0975,-0.1121,0.0016,0.1598,0.3053,0.4227,0.5147,0.5871,0.6453,0.6928,0.7325,0.7662,0.7952,0.8204,0.8424,0.8619,0.879,0.8942,0.8412,0.7926,0.7243,0.6255,0.4777,0.2533,-0.0723,-0.4372,-0.5497,-0.2409,0.1487,0.3936,0.5032,0.523,0.4759,0.3596,0.1527,-0.1501,-0.4231,-0.4267,-0.1949,0.062,0.2609,0.4044,0.509,0.5878,0.6494,0.6989,0.7397,0.7742,0.8037,0.8293,0.8516,0.8712,0.8885,0.9036,0.8745,0.8315,0.7694,0.6759,0.5276,0.2806,-0.1374,-0.7293,-0.9737,-0.416,0.1578,0.444,0.549,0.5573,0.5012,0.3754,0.1403,-0.2513,-0.6563,-0.6412,-0.2906,0.0356,0.2605,0.4125,0.5199,0.5995,0.6611,0.7104,0.7511,0.7855,0.8149,0.8405,0.8629,0.8825,0.8997,0.9147,0.916,0.8832,0.8357,0.7634,0.6474,0.4517,0.1156,-0.368,-0.5533,-0.0715,0.3732,0.5686,0.6203,0.6009,0.5381,0.4262,0.2307,-0.0888,-0.4251,-0.4296,-0.1518,0.1191,0.3132,0.449,0.5473,0.6216,0.6799,0.727,0.7663,0.7998,0.8288,0.8541,0.8764,0.8959,0.9129,0.9276,0.963,0.9436,0.9161,0.8756,0.8132,0.7154,0.5714,0.4198,0.4122,0.571,0.6918,0.7209,0.6897,0.6311,0.5627,0.4766,0.3508,0.1777,0.0165,-0.0069,0.1109,0.2643,0.3981,0.5038,0.5863,0.6514,0.704,0.7475,0.7845,0.8165,0.8448,0.8698,0.892,0.9114,0.9281,0.9425,1.0117,1.0064,0.9999,0.9921,0.9824,0.97,0.9569,0.9606,1.0131,1.0353,0.951,0.8404,0.7209,0.6136,0.5428,0.4861,0.4071,0.3117,0.2435,0.24,0.2995,0.3897,0.4817,0.5625,0.6297,0.685,0.7309,0.7701,0.8043,0.8349,0.8626,0.8875,0.9097,0.9291,0.9457,0.9596,1.0582,1.0653,1.0768,1.0956,1.1253,1.1691,1.2195,1.2449,1.2561,1.2702,1.1028,0.908,0.6877,0.4964,0.4425,0.4422,0.3766,0.267,0.225,0.2801,0.373,0.4658,0.5474,0.6158,0.672,0.7185,0.7579,0.7926,0.8243,0.8539,0.8816,0.9071,0.9299,0.9496,0.966,0.9793,1.0996,1.116,1.14,1.1759,1.2299,1.3093,1.4143,1.4846,1.3691,1.2774,1.1628,0.9795,0.6271,0.1974,0.2353,0.3791,0.277,-0.0056,-0.0491,0.1782,0.3797,0.511,0.5989,0.6622,0.7104,0.749,0.782,0.8125,0.8423,0.8721,0.9012,0.9286,0.953,0.9735,0.9898,1.0021,1.1342,1.1562,1.1867,1.2299,1.2918,1.3812,1.5078,1.679,1.5075,1.3473,1.2595,1.2269,0.8989,0.0783,0.1442,0.3962,0.1866,-0.4816,-0.4841,0.0851,0.4026,0.5584,0.6462,0.7033,0.7434,0.7734,0.7995,0.8262,0.8558,0.8882,0.9214,0.9529,0.9803,1.0021,1.0181,1.029,1.1616,1.186,1.2181,1.2605,1.3167,1.3894,1.4723,1.5174,1.482,1.4017,1.3863,1.5511,1.5348,0.7668,0.6778,0.4785,0.1919,-0.143,-0.153,0.2582,0.5035,0.6179,0.6889,0.7381,0.7683,0.787,0.8044,0.8283,0.8611,0.9007,0.9426,0.9817,1.0142,1.0379,1.0529,1.0609,1.1825,1.2071,1.2376,1.2752,1.3205,1.3717,1.4203,1.4484,1.4508,1.4724,1.5292,1.5561,1.4562,1.7137,1.0183,0.3,-0.312,0.1943,0.4166,0.559,0.5953,0.6318,0.709,0.7627,0.7804,0.7805,0.7855,0.8093,0.8527,0.9083,0.9667,1.0191,1.0592,1.0844,1.0964,1.0991,1.1982,1.2216,1.2494,1.2817,1.318,1.3561,1.3922,1.4251,1.4705,1.5727,1.7424,1.8933,1.7159,1.4774,1.1597,0.5264,0.0343,0.5463,0.8468,0.768,0.4505,0.5076,0.7076,0.7829,0.7717,0.7335,0.7194,0.7526,0.8237,0.9114,0.9987,1.0723,1.1225,1.1468,1.1511,1.1441,1.2098,1.2317,1.2568,1.285,1.3158,1.3483,1.3827,1.4236,1.4855,1.5923,1.7262,1.7528,1.7586,1.7334,1.4052,1.1288,1.0241,1.2997,1.5102,1.1279,0.4636,0.5421,0.7815,0.8146,0.7213,0.5992,0.5573,0.6318,0.7684,0.9142,1.0472,1.1522,1.2134,1.2298,1.2176,1.1944,1.2184,1.2388,1.2617,1.287,1.3144,1.3444,1.378,1.4191,1.4738,1.5441,1.6099,1.6527,1.7503,1.7679,1.6503,1.6153,1.5954,2.0198,2.4664,1.8308,1.2267,1.0125,0.9742,0.8519,0.5924,0.287,0.2104,0.424,0.6978,0.9281,1.1199,1.2661,1.3354,1.3302,1.2896,1.2444,1.2247,1.2438,1.2648,1.2879,1.3131,1.3408,1.3721,1.4087,1.4521,1.5001,1.5461,1.5903,1.6448,1.7159,1.9756,2.0961,1.8635,2.1218,2.4039,2.2571,1.8072,1.4168,1.1685,0.8928,0.4259,-0.2316,-0.3636,0.2109,0.6777,0.9706,1.2043,1.3887,1.4585,1.4211,1.3489,1.2834,1.2293,1.2471,1.2666,1.2878,1.311,1.3364,1.3646,1.3962,1.4313,1.4686,1.5069,1.5489,1.6059,1.7162,1.9445,2.0241,1.9057,2.0856,2.5889,2.7986,2.115,1.6252,1.3198,1.0061,0.5136,-0.2576,-0.4168,0.4302,0.838,1.053,1.2545,1.4356,1.5008,1.4519,1.3708,1.3003,1.2324,1.2491,1.2671,1.2867,1.308,1.3311,1.3562,1.3837,1.4134,1.445,1.4792,1.5191,1.5731,1.6553,1.7582,1.8117,1.843,2.0049,2.317,2.39,2.0024,1.6648,1.4558,1.2192,0.9424,0.8734,1.3612,1.335,1.1676,1.1639,1.2588,1.3786,1.434,1.4083,1.3501,1.2933,1.2344,1.2499,1.2667,1.2848,1.3042,1.3252,1.3477,1.3719,1.3978,1.4256,1.4563,1.492,1.5363,1.5915,1.6499,1.6988,1.7543,1.8503,1.9568,1.9449,1.7846,1.6671,1.6149,1.4403,1.2848,1.4771,1.9506,1.7362,1.3862,1.2563,1.2585,1.3089,1.3438,1.3389,1.3086,1.2718,1.2353,1.2499,1.2654,1.2821,1.2999,1.3189,1.3391,1.3607,1.3837,1.4084,1.4354,1.466,1.5012,1.5409,1.582,1.6225,1.6665,1.7163,1.7505,1.7334,1.6815,1.6914,1.7078,1.5542,1.4165,1.4782,1.63,1.5716,1.4011,1.2939,1.2623,1.2709,1.2845,1.2843,1.2696,1.2477,1.2354,1.249,1.2635,1.2788,1.2951,1.3124,1.3306,1.3499,1.3704,1.3922,1.4158,1.4416,1.4699,1.5001,1.5311,1.5621,1.5926,1.6197,1.6342,1.6294,1.6218,1.6396,1.6333,1.5373,1.4399,1.4225,1.4459,1.4225,1.3541,1.2931,1.2617,1.2534,1.2533,1.2506,1.2416,1.2277]}]