docs/data/wind_grid.json
[{"header":{"la1":42.85,"la2":41.18,"lo1":11.55,"lo2":14.05,"nx":36,"ny":24,"dx":0.07143,"dy":0.07261,"parameterCategory":2,"parameterNumber":2,"parameterNumberName":"eastward_wind","parameterUnit":"m.s-1"},"data":[-0.7501,-0.7537,-0.7567,-0.7593,-0.7613,-0.7623,-0.7617,-0.7588,-0.7534,-0.7459,-0.7377,-0.7308,-0.7269,-0.7272,-0.732,-0.7406,-0.7514,-0.7621,-0.7699,-0.7726,-0.7693,-0.7608,-0.7486,-0.7344,-0.7197,-0.7054,-0.6918,-0.6793,-0.6679,-0.6576,-0.6482,-0.6398,-0.6322,-0.6254,-0.6192,-0.6137,-0.7612,-0.7657,-0.7699,-0.7737,-0.7773,-0.7801,-0.7813,-0.779,-0.7721,-0.761,-0.748,-0.7368,-0.7303,-0.7305,-0.7378,-0.7516,-0.7695,-0.7877,-0.8011,-0.8058,-0.8006,-0.7873,-0.7693,-0.7497,-0.7305,-0.7125,-0.6963,-0.6818,-0.6689,-0.6574,-0.6473,-0.6382,-0.6301,-0.6229,-0.6165,-0.6107,-0.7738,-0.7795,-0.7849,-0.7903,-0.7962,-0.8026,-0.8078,-0.8083,-0.8001,-0.7829,-0.7614,-0.7425,-0.7316,-0.7311,-0.742,-0.7635,-0.793,-0.8242,-0.8476,-0.855,-0.8447,-0.8221,-0.7945,-0.7668,-0.7414,-0.7192,-0.6999,-0.6833,-0.669,-0.6565,-0.6455,-0.6359,-0.6274,-0.6198,-0.6132,-0.6073,-0.7884,-0.7955,-0.8021,-0.809,-0.8179,-0.8301,-0.8443,-0.8533,-0.8454,-0.817,-0.7794,-0.7472,-0.7288,-0.727,-0.7425,-0.7752,-0.8232,-0.8781,-0.9206,-0.9309,-0.9078,-0.8668,-0.8232,-0.7841,-0.7514,-0.7244,-0.7021,-0.6835,-0.6679,-0.6544,-0.6429,-0.6327,-0.6239,-0.6161,-0.6092,-0.6032,-0.8056,-0.8144,-0.8221,-0.8299,-0.8412,-0.8613,-0.8929,-0.9247,-0.9234,-0.8721,-0.8023,-0.7478,-0.719,-0.7153,-0.7359,-0.7827,-0.8588,-0.957,-1.0389,-1.0509,-0.9954,-0.9194,-0.8519,-0.7989,-0.7583,-0.7269,-0.702,-0.6819,-0.6653,-0.6512,-0.6392,-0.6287,-0.6195,-0.6115,-0.6045,-0.5985,-0.8265,-0.8381,-0.8469,-0.8539,-0.8641,-0.8895,-0.9466,-1.0311,-1.056,-0.9521,-0.8221,-0.7375,-0.6978,-0.6925,-0.7175,-0.7777,-0.8871,-1.0554,-1.2178,-1.2236,-1.097,-0.9669,-0.8721,-0.8065,-0.7599,-0.7255,-0.6992,-0.6783,-0.6612,-0.6468,-0.6344,-0.6237,-0.6143,-0.6062,-0.5991,-0.593,-0.8526,-0.8695,-0.8812,-0.8854,-0.8868,-0.9033,-0.9705,-1.1174,-1.1911,-1.003,-0.808,-0.7042,-0.6609,-0.6562,-0.6836,-0.7493,-0.877,-1.1039,-1.3613,-1.3531,-1.1494,-0.9809,-0.8729,-0.8026,-0.7544,-0.7196,-0.6934,-0.6726,-0.6556,-0.6412,-0.6287,-0.6178,-0.6082,-0.6,-0.5928,-0.5867,-0.8849,-0.9129,-0.9337,-0.9374,-0.9211,-0.9033,-0.9242,-1.0156,-1.0547,-0.8862,-0.7247,-0.6414,-0.6072,-0.6068,-0.6354,-0.6957,-0.8089,-1.0018,-1.2143,-1.2255,-1.0777,-0.9432,-0.8503,-0.7867,-0.742,-0.7096,-0.6851,-0.6654,-0.649,-0.6347,-0.6221,-0.611,-0.6012,-0.5928,-0.5856,-0.5795,-0.9223,-0.9711,-1.0174,-1.0357,-0.9972,-0.92,-0.8542,-0.8117,-0.7499,-0.6577,-0.595,-0.5594,-0.5402,-0.5476,-0.5834,-0.6349,-0.7248,-0.8587,-0.9784,-1.0096,-0.9577,-0.8825,-0.8152,-0.7632,-0.725,-0.6972,-0.6757,-0.6579,-0.6421,-0.6278,-0.6149,-0.6033,-0.5932,-0.5845,-0.5772,-0.5713,-0.9578,-1.0372,-1.1368,-1.2141,-1.1586,-0.9843,-0.8275,-0.6807,-0.4973,-0.4084,-0.4604,-0.4769,-0.4598,-0.4731,-0.5537,-0.6013,-0.6779,-0.8164,-0.9127,-0.9326,-0.8965,-0.8382,-0.7818,-0.7377,-0.707,-0.6854,-0.668,-0.6518,-0.636,-0.621,-0.6071,-0.5948,-0.584,-0.5749,-0.5676,-0.5618,-0.9776,-1.0824,-1.2425,-1.4281,-1.3777,-1.0636,-0.8544,-0.6727,-0.2734,-0.0878,-0.3663,-0.4141,-0.3544,-0.3247,-0.4722,-0.5856,-0.7031,-0.9306,-1.0438,-1.0015,-0.9053,-0.8169,-0.7526,-0.713,-0.6922,-0.6797,-0.6664,-0.6499,-0.632,-0.6147,-0.5989,-0.585,-0.5733,-0.5636,-0.5561,-0.5506,-0.9688,-1.0697,-1.2217,-1.3928,-1.3352,-1.0496,-0.926,-0.8943,-0.5726,-0.3097,-0.4205,-0.3911,-0.2379,-0.031,-0.1497,-0.4799,-0.8513,-1.3615,-1.4808,-1.1931,-0.9437,-0.795,-0.7177,-0.6887,-0.6882,-0.6907,-0.6783,-0.6551,-0.6306,-0.6086,-0.5896,-0.5735,-0.5603,-0.5499,-0.5424,-0.5374,-0.9332,-1.0045,-1.0901,-1.149,-1.0938,-0.9801,-0.982,-1.0945,-0.9498,-0.6499,-0.5146,-0.4255,-0.269,0.0943,0.0098,-0.4722,-1.0488,-2.1477,-2.167,-1.3477,-0.9228,-0.7314,-0.6613,-0.6644,-0.7085,-0.7353,-0.7096,-0.6663,-0.6296,-0.6011,-0.5781,-0.5591,-0.5439,-0.5327,-0.5253,-0.5214,-0.8854,-0.9265,-0.9633,-0.9752,-0.9482,-0.9188,-0.9449,-1.0124,-0.9293,-0.7055,-0.5653,-0.4819,-0.4281,-0.1389,-0.299,-0.6315,-1.0454,-1.6387,-1.6978,-1.1188,-0.7406,-0.5833,-0.5657,-0.6293,-0.7403,-0.7957,-0.7387,-0.6704,-0.6236,-0.5898,-0.5626,-0.5399,-0.5222,-0.5101,-0.5036,-0.5017,-0.8382,-0.8598,-0.8745,-0.8756,-0.8639,-0.8539,-0.8584,-0.855,-0.7875,-0.6854,-0.6291,-0.5907,-0.4852,-0.4788,-0.493,-0.9068,-1.2981,-1.0839,-0.9582,-0.6643,-0.3777,-0.3172,-0.4157,-0.5501,-0.6874,-0.7503,-0.7076,-0.6509,-0.6085,-0.5735,-0.5417,-0.5135,-0.4919,-0.4792,-0.4751,-0.4772,-0.797,-0.8077,-0.813,-0.8109,-0.8027,-0.7927,-0.7811,-0.7577,-0.715,-0.6795,-0.6867,-0.8168,-0.7143,-0.5763,-0.6032,-0.8576,-1.1094,-0.8235,-0.5714,-0.2755,0.1143,0.0361,-0.2484,-0.4448,-0.5749,-0.6389,-0.6435,-0.6221,-0.5913,-0.5545,-0.514,-0.4755,-0.4475,-0.4355,-0.4373,-0.4472,-0.7623,-0.767,-0.7676,-0.7635,-0.7552,-0.7436,-0.728,-0.7068,-0.6838,-0.6748,-0.6885,-0.7354,-0.8181,-0.8387,-0.6269,-0.6011,-0.6001,-0.434,-0.2534,-0.1098,0.1926,0.1005,-0.1871,-0.3859,-0.5193,-0.6005,-0.6314,-0.621,-0.5863,-0.5371,-0.4775,-0.4181,-0.3792,-0.3722,-0.3879,-0.4118,-0.7333,-0.7343,-0.7322,-0.7268,-0.718,-0.7063,-0.6918,-0.6756,-0.6621,-0.6584,-0.6685,-0.699,-0.8119,-0.8062,-0.4684,-0.3178,-0.3023,-0.115,0.0574,-0.0284,-0.0239,-0.0759,-0.2223,-0.3852,-0.5422,-0.6721,-0.7143,-0.6682,-0.5998,-0.5245,-0.4309,-0.3311,-0.2749,-0.2854,-0.3294,-0.3752,-0.7087,-0.7074,-0.7037,-0.6974,-0.6885,-0.6772,-0.6643,-0.6509,-0.6397,-0.633,-0.6313,-0.6326,-0.6204,-0.4808,-0.059,0.0957,-0.1258,-0.0398,0.0849,0.1353,0.0193,-0.106,-0.2349,-0.3948,-0.6036,-0.8446,-0.8968,-0.7387,-0.6185,-0.5196,-0.3858,-0.2237,-0.1457,-0.1934,-0.2778,-0.3473,-0.6878,-0.6849,-0.6801,-0.6732,-0.6643,-0.6535,-0.6413,-0.6286,-0.6161,-0.6039,-0.5893,-0.5639,-0.5033,-0.3497,-0.0691,0.027,-0.089,0.0005,0.3168,0.4544,0.1281,-0.0599,-0.1915,-0.3577,-0.5872,-0.867,-0.9253,-0.7123,-0.6149,-0.5334,-0.3867,-0.1839,-0.0914,-0.1616,-0.2642,-0.3415,-0.6697,-0.6658,-0.6602,-0.6529,-0.6439,-0.6332,-0.6212,-0.6079,-0.5934,-0.5763,-0.5534,-0.5173,-0.4545,-0.3511,-0.2263,-0.1584,-0.1294,-0.0223,0.1768,0.2431,0.1014,0.0174,-0.0607,-0.2376,-0.4571,-0.5887,-0.5341,-0.5547,-0.6091,-0.5897,-0.4715,-0.2974,-0.2035,-0.2345,-0.3039,-0.3628,-0.6539,-0.6493,-0.6432,-0.6355,-0.6263,-0.6156,-0.6033,-0.5894,-0.5732,-0.5534,-0.5273,-0.4905,-0.4383,-0.3698,-0.2967,-0.236,-0.1778,-0.0952,0.0003,0.0527,0.0898,0.2156,0.2369,-0.0342,-0.3259,-0.4593,-0.4172,-0.5126,-0.7103,-0.7308,-0.6143,-0.4673,-0.3722,-0.3524,-0.3727,-0.4015,-0.6401,-0.6349,-0.6284,-0.6205,-0.6112,-0.6003,-0.5878,-0.5733,-0.5563,-0.5356,-0.5094,-0.4758,-0.4332,-0.3828,-0.3291,-0.2761,-0.2205,-0.157,-0.0889,-0.0146,0.1214,0.3875,0.468,0.1114,-0.2419,-0.434,-0.5212,-0.7169,-1.0057,-0.9435,-0.7528,-0.5963,-0.4965,-0.4498,-0.438,-0.4425,-0.6279,-0.6223,-0.6155,-0.6074,-0.598,-0.5871,-0.5745,-0.5599,-0.5428,-0.5224,-0.4977,-0.4677,-0.4322,-0.3919,-0.3486,-0.3033,-0.2552,-0.2025,-0.1428,-0.0647,0.061,0.2294,0.2566,0.0324,-0.2342,-0.4292,-0.5889,-0.8202,-1.0462,-0.9793,-0.7987,-0.6564,-0.5639,-0.5109,-0.4854,-0.4762]},{"header":{"la1":42.85,"la2":41.18,"lo1":11.55,"lo2":14.05,"nx":36,"ny":24,"dx":0.07143,"dy":0.07261,"parameterCategory":2,"parameterNumber":3,"parameterNumberName":"northward_wind","parameterUnit":"m.s-1"},"data":[-0.4947,-0.4992,-0.5028,-0.5053,-0.5062,-0.5052,-0.5016,-0.4948,-0.4842,-0.4696,-0.4512,-0.4297,-0.4058,-0.3803,-0.3538,-0.3271,-0.3015,-0.2782,-0.2589,-0.2446,-0.2355,-0.2307,-0.229,-0.2292,-0.2305,-0.2324,-0.2346,-0.2371,-0.2399,-0.2429,-0.2461,-0.2495,-0.2532,-0.2569,-0.2606,-0.2643,-0.5082,-0.5142,-0.5194,-0.5236,-0.5263,-0.527,-0.525,-0.519,-0.508,-0.4917,-0.4702,-0.4447,-0.4162,-0.3858,-0.3538,-0.3211,-0.2889,-0.2596,-0.2359,-0.2201,-0.2122,-0.2103,-0.2119,-0.2152,-0.2189,-0.2226,-0.2262,-0.2298,-0.2335,-0.2374,-0.2415,-0.2457,-0.2501,-0.2545,-0.2589,-0.2632,-0.5225,-0.5303,-0.5375,-0.5436,-0.5486,-0.5519,-0.5523,-0.5482,-0.5375,-0.519,-0.4934,-0.4627,-0.4288,-0.3926,-0.3542,-0.3135,-0.2718,-0.2327,-0.202,-0.1847,-0.1803,-0.1844,-0.1919,-0.1997,-0.2066,-0.2124,-0.2176,-0.2224,-0.2271,-0.2319,-0.2369,-0.242,-0.2472,-0.2525,-0.2576,-0.2626,-0.5376,-0.5475,-0.5567,-0.5652,-0.5729,-0.5794,-0.5838,-0.5835,-0.5742,-0.553,-0.5215,-0.484,-0.4437,-0.4014,-0.3559,-0.3053,-0.2493,-0.1931,-0.1496,-0.131,-0.136,-0.1523,-0.1695,-0.1836,-0.1943,-0.2024,-0.2091,-0.215,-0.2207,-0.2265,-0.2324,-0.2385,-0.2448,-0.2509,-0.257,-0.2628,-0.5534,-0.5656,-0.5773,-0.5881,-0.5984,-0.6085,-0.6183,-0.6246,-0.619,-0.5941,-0.5541,-0.5079,-0.4608,-0.4131,-0.3615,-0.3,-0.2232,-0.1355,-0.0651,-0.0475,-0.076,-0.1155,-0.1471,-0.1687,-0.183,-0.1931,-0.2009,-0.2077,-0.2143,-0.2211,-0.2282,-0.2354,-0.2428,-0.2501,-0.2571,-0.2638,-0.5699,-0.5849,-0.5992,-0.6124,-0.6248,-0.6374,-0.6514,-0.6656,-0.6672,-0.6384,-0.588,-0.5326,-0.4794,-0.429,-0.3751,-0.3056,-0.2043,-0.0645,0.0628,0.0721,-0.0075,-0.0825,-0.1299,-0.1574,-0.1739,-0.1847,-0.193,-0.2005,-0.208,-0.2159,-0.2242,-0.2328,-0.2416,-0.2502,-0.2584,-0.266,-0.587,-0.6057,-0.6231,-0.6387,-0.6525,-0.6655,-0.6781,-0.6893,-0.6936,-0.6704,-0.6184,-0.5561,-0.4986,-0.4502,-0.4025,-0.3352,-0.2203,-0.0325,0.1664,0.1621,0.0272,-0.0716,-0.1243,-0.1518,-0.1671,-0.1772,-0.1853,-0.1931,-0.2015,-0.2106,-0.2205,-0.2309,-0.2413,-0.2515,-0.261,-0.2697,-0.6045,-0.6281,-0.6502,-0.6688,-0.6839,-0.6978,-0.7091,-0.7095,-0.7058,-0.7011,-0.6542,-0.5809,-0.517,-0.4775,-0.4514,-0.4028,-0.2958,-0.1229,0.0535,0.0693,-0.0228,-0.0937,-0.1316,-0.151,-0.1619,-0.1697,-0.177,-0.185,-0.1945,-0.2053,-0.2173,-0.2298,-0.2424,-0.2546,-0.2657,-0.2756,-0.6213,-0.6518,-0.6813,-0.7046,-0.7205,-0.7384,-0.7652,-0.7964,-0.826,-0.8188,-0.7289,-0.6104,-0.5294,-0.5088,-0.5385,-0.5311,-0.4152,-0.2649,-0.1452,-0.0994,-0.1102,-0.1302,-0.1434,-0.1509,-0.1558,-0.1607,-0.1671,-0.1757,-0.1868,-0.1999,-0.2147,-0.2302,-0.2456,-0.2601,-0.2732,-0.2843,-0.6348,-0.674,-0.7153,-0.747,-0.7587,-0.7787,-0.8348,-0.9374,-1.0986,-1.1229,-0.8691,-0.6341,-0.5218,-0.5256,-0.6811,-0.7693,-0.5294,-0.3485,-0.2491,-0.1943,-0.1674,-0.1551,-0.1491,-0.1463,-0.1461,-0.1487,-0.1547,-0.1645,-0.1779,-0.1945,-0.2131,-0.2326,-0.2517,-0.2693,-0.2845,-0.297,-0.6407,-0.687,-0.7407,-0.7849,-0.7864,-0.8062,-0.8911,-1.0411,-1.4464,-1.6583,-0.9975,-0.6109,-0.4817,-0.4871,-0.6414,-0.7687,-0.5009,-0.353,-0.2863,-0.2325,-0.1887,-0.1596,-0.1428,-0.1342,-0.1311,-0.1325,-0.139,-0.1509,-0.1679,-0.1892,-0.2133,-0.2383,-0.2624,-0.2837,-0.3014,-0.3149,-0.6349,-0.6813,-0.7352,-0.7796,-0.7854,-0.8261,-0.9381,-1.0419,-1.211,-1.3215,-0.8293,-0.5063,-0.4283,-0.505,-0.4479,-0.4099,-0.3456,-0.3514,-0.3416,-0.256,-0.1852,-0.1439,-0.1231,-0.1143,-0.1118,-0.1135,-0.1207,-0.1352,-0.1569,-0.1848,-0.2167,-0.2494,-0.2801,-0.3062,-0.3263,-0.3402,-0.617,-0.6566,-0.6993,-0.7354,-0.7634,-0.8312,-0.9668,-1.096,-1.0234,-0.8305,-0.5544,-0.3832,-0.3333,-0.481,-0.3618,-0.21,-0.1962,-0.4729,-0.4809,-0.2595,-0.1513,-0.1043,-0.0893,-0.0898,-0.0947,-0.0982,-0.1038,-0.1189,-0.1457,-0.1826,-0.2255,-0.2694,-0.3091,-0.3408,-0.3628,-0.3756,-0.5906,-0.6211,-0.6529,-0.6837,-0.7198,-0.7844,-0.891,-0.9975,-0.9039,-0.5989,-0.3565,-0.342,-0.3165,0.209,-0.0285,0.1056,0.2019,-0.1775,-0.2922,-0.1554,-0.0628,-0.0276,-0.037,-0.0624,-0.0878,-0.0976,-0.0934,-0.103,-0.1346,-0.184,-0.2436,-0.3041,-0.3564,-0.3943,-0.4164,-0.4247,-0.5597,-0.5816,-0.6038,-0.6264,-0.6526,-0.6885,-0.729,-0.73,-0.5976,-0.345,-0.1354,-0.0375,0.1065,0.4581,0.1967,0.6251,1.2582,0.4059,0.0212,0.0079,0.1088,0.1181,0.0436,-0.0208,-0.0645,-0.0829,-0.0732,-0.079,-0.1202,-0.1906,-0.2773,-0.3638,-0.434,-0.4775,-0.4944,-0.4917,-0.5273,-0.5412,-0.5543,-0.5658,-0.5751,-0.5794,-0.5663,-0.5056,-0.3613,-0.1396,0.0643,0.2922,0.2317,0.2121,0.2074,0.5491,0.9468,0.3666,0.0373,0.109,0.4238,0.3558,0.1343,0.0341,0.0021,-0.004,-0.0007,-0.0233,-0.0931,-0.2034,-0.3366,-0.4666,-0.5625,-0.607,-0.6065,-0.5802,-0.4952,-0.5023,-0.507,-0.5079,-0.5024,-0.4855,-0.4468,-0.3709,-0.2459,-0.0802,0.0623,0.1505,0.2118,0.2189,0.1106,0.1365,0.1422,-0.0945,-0.2585,-0.0231,0.4525,0.371,0.1391,0.0729,0.0998,0.1514,0.1626,0.094,-0.0418,-0.2236,-0.4364,-0.6419,-0.7752,-0.8042,-0.7599,-0.6892,-0.4652,-0.4665,-0.4646,-0.4575,-0.4426,-0.4157,-0.3707,-0.3015,-0.2074,-0.1001,-0.007,0.0651,0.1676,0.1671,-0.0734,-0.1852,-0.2266,-0.5231,-0.818,-0.4041,-0.0441,0.0592,0.0455,0.0944,0.2445,0.442,0.4833,0.2966,0.035,-0.2528,-0.5873,-0.9233,-1.1085,-1.0802,-0.946,-0.806,-0.4379,-0.4351,-0.4285,-0.4166,-0.3972,-0.3678,-0.3256,-0.2691,-0.201,-0.1298,-0.0674,-0.0212,-0.003,-0.0957,-0.4118,-0.5305,-0.3867,-0.5545,-0.7188,-0.5456,-0.3278,-0.1591,-0.0499,0.1035,0.4102,0.8946,0.9963,0.5228,0.0963,-0.2859,-0.753,-1.2735,-1.5169,-1.3714,-1.1125,-0.8983,-0.4141,-0.4084,-0.399,-0.3848,-0.3643,-0.3364,-0.3,-0.2558,-0.2067,-0.1586,-0.1195,-0.0992,-0.1169,-0.2139,-0.4133,-0.4837,-0.4062,-0.4752,-0.6197,-0.6698,-0.4462,-0.2694,-0.1351,0.0526,0.3938,0.9552,1.0773,0.4626,0.0594,-0.3046,-0.7992,-1.4106,-1.6842,-1.4745,-1.1636,-0.925,-0.3938,-0.3863,-0.3756,-0.3608,-0.3412,-0.3164,-0.2863,-0.2521,-0.2166,-0.1841,-0.1605,-0.1534,-0.1736,-0.231,-0.3109,-0.3549,-0.3703,-0.4278,-0.5251,-0.5455,-0.4318,-0.3386,-0.2522,-0.0863,0.1498,0.3049,0.1431,0.0748,-0.0652,-0.3042,-0.6613,-1.1211,-1.3691,-1.2713,-1.0581,-0.8718,-0.3768,-0.3685,-0.3574,-0.3431,-0.3252,-0.3039,-0.2794,-0.2532,-0.2273,-0.205,-0.1903,-0.188,-0.2022,-0.2336,-0.2729,-0.3061,-0.3355,-0.3748,-0.4155,-0.4248,-0.4137,-0.4511,-0.4471,-0.2681,-0.0642,-0.0029,-0.09,-0.0885,-0.2003,-0.3191,-0.496,-0.7547,-0.9409,-0.9584,-0.8742,-0.769,-0.3627,-0.3541,-0.3433,-0.3301,-0.3143,-0.2962,-0.2765,-0.2562,-0.237,-0.2213,-0.2115,-0.2104,-0.2193,-0.2376,-0.2612,-0.2855,-0.3101,-0.3362,-0.36,-0.3802,-0.4249,-0.5409,-0.5791,-0.3833,-0.1864,-0.103,-0.1139,-0.2112,-0.3605,-0.3636,-0.4113,-0.5415,-0.6641,-0.7164,-0.7038,-0.6593,-0.3512,-0.3428,-0.3326,-0.3206,-0.3068,-0.2917,-0.2757,-0.2598,-0.2453,-0.2337,-0.2267,-0.2256,-0.2311,-0.2424,-0.2578,-0.2751,-0.2934,-0.3122,-0.3312,-0.3553,-0.4001,-0.4693,-0.4776,-0.3647,-0.2394,-0.1781,-0.1922,-0.285,-0.3813,-0.3723,-0.3809,-0.4447,-0.5188,-0.5665,-0.5792,-0.5668]}]