docs/data/wind_grid.json
[{"header":{"la1":42.85,"la2":41.18,"lo1":11.55,"lo2":14.05,"nx":36,"ny":24,"dx":0.07143,"dy":0.07261,"parameterCategory":2,"parameterNumber":2,"parameterNumberName":"eastward_wind","parameterUnit":"m.s-1"},"data":[0.0811,0.0645,0.0457,0.0249,0.0033,-0.0173,-0.0338,-0.0433,-0.0433,-0.0339,-0.0172,0.0031,0.0233,0.0406,0.053,0.0591,0.0575,0.0468,0.0266,-0.0016,-0.0329,-0.0596,-0.0747,-0.0757,-0.0649,-0.0472,-0.0266,-0.0056,0.0144,0.0329,0.0498,0.0652,0.0791,0.0917,0.1031,0.1135,0.0814,0.062,0.0388,0.0118,-0.0182,-0.0488,-0.0753,-0.0914,-0.0922,-0.0769,-0.05,-0.0182,0.0124,0.038,0.0567,0.067,0.0671,0.0544,0.0259,-0.0183,-0.0709,-0.116,-0.1383,-0.1342,-0.112,-0.0822,-0.0515,-0.023,0.0024,0.0247,0.0444,0.0619,0.0774,0.0912,0.1036,0.1148,0.0846,0.0625,0.0347,0.0,-0.0418,-0.0886,-0.1333,-0.1634,-0.1668,-0.1409,-0.0957,-0.0452,0.0007,0.0377,0.0647,0.0815,0.0864,0.0746,0.0373,-0.0325,-0.1261,-0.2083,-0.2402,-0.2192,-0.1723,-0.122,-0.0772,-0.0397,-0.0084,0.018,0.0404,0.0598,0.0769,0.0919,0.1052,0.117,0.0917,0.0678,0.0359,-0.0069,-0.0643,-0.1366,-0.2157,-0.2772,-0.2885,-0.2404,-0.1595,-0.0778,-0.0103,0.0409,0.078,0.1039,0.1193,0.118,0.0792,-0.0278,-0.2047,-0.3704,-0.4094,-0.3375,-0.2418,-0.1614,-0.1,-0.0531,-0.0163,0.0135,0.0384,0.0595,0.0778,0.0938,0.1079,0.1203,0.1037,0.0793,0.0455,-0.0036,-0.0776,-0.1866,-0.3298,-0.4656,-0.5008,-0.3983,-0.2439,-0.1121,-0.017,0.0496,0.0972,0.1338,0.1674,0.1991,0.1928,0.05,-0.2873,-0.6425,-0.6599,-0.4668,-0.3005,-0.1893,-0.1142,-0.0605,-0.02,0.0122,0.0387,0.0611,0.0805,0.0973,0.112,0.1249,0.1208,0.0975,0.0649,0.016,-0.0678,-0.2166,-0.4607,-0.7653,-0.8721,-0.6265,-0.3318,-0.135,-0.013,0.0668,0.1226,0.1672,0.2212,0.3191,0.444,0.3162,-0.2317,-0.8087,-0.7891,-0.507,-0.3123,-0.1931,-0.1152,-0.0602,-0.0188,0.0142,0.0416,0.0649,0.085,0.1024,0.1177,0.1309,0.1427,0.1198,0.0891,0.0499,-0.0225,-0.1855,-0.5096,-1.0295,-1.2662,-0.7892,-0.3583,-0.1263,0.0072,0.0954,0.1574,0.2021,0.2556,0.3961,0.713,0.6423,-0.0348,-0.4733,-0.5377,-0.4023,-0.2689,-0.1721,-0.1035,-0.0528,-0.0132,0.0193,0.0469,0.0707,0.0914,0.1094,0.125,0.1384,0.1701,0.1433,0.0993,0.0667,0.0444,-0.0768,-0.35,-0.7545,-0.9257,-0.5885,-0.2719,-0.0834,0.041,0.1378,0.2141,0.2543,0.2678,0.3199,0.445,0.2759,-0.2552,-0.425,-0.3801,-0.2972,-0.2112,-0.1402,-0.0853,-0.0417,-0.0053,0.0262,0.0539,0.0783,0.0997,0.1182,0.1341,0.1477,0.2087,0.1807,0.094,0.0088,0.1039,0.0668,-0.1101,-0.3024,-0.3808,-0.3035,-0.1685,-0.04,0.0716,0.1901,0.3244,0.38,0.3145,0.2396,0.1394,-0.1867,-0.7849,-0.71,-0.3969,-0.2468,-0.1657,-0.1111,-0.0687,-0.0318,0.0021,0.0336,0.0622,0.0878,0.11,0.1291,0.1452,0.1588,0.2638,0.2719,0.2424,0.2123,0.3373,0.2416,0.064,-0.1008,-0.2523,-0.288,-0.157,-0.0269,0.0737,0.2158,0.5266,0.6903,0.4103,0.2407,0.0944,-0.183,-0.5827,-0.5611,-0.3224,-0.1909,-0.1292,-0.0934,-0.0625,-0.0295,0.0056,0.0399,0.0714,0.0991,0.1227,0.1424,0.1587,0.172,0.3211,0.3931,0.5557,0.9138,0.847,0.4204,0.1825,-0.0011,-0.392,-0.5822,-0.2004,-0.0326,0.0273,0.1084,0.439,0.6871,0.3866,0.2562,0.1617,0.013,-0.1583,-0.2109,-0.1638,-0.1236,-0.1104,-0.1028,-0.0806,-0.0423,0.0021,0.0447,0.0819,0.113,0.1384,0.1588,0.1749,0.1876,0.3525,0.4451,0.6289,0.9067,0.8285,0.4429,0.2777,0.238,-0.0807,-0.3169,-0.1091,-0.0346,-0.0515,-0.1261,-0.007,0.2205,0.2727,0.284,0.2564,0.1609,0.0551,-0.0143,-0.0503,-0.089,-0.1434,-0.1746,-0.1446,-0.0773,-0.008,0.0501,0.0958,0.1312,0.1583,0.1789,0.1944,0.2059,0.3507,0.4182,0.5136,0.5906,0.5252,0.3701,0.324,0.4848,0.2355,0.0651,0.0101,-0.085,-0.1151,-0.223,-0.1446,0.1394,0.2602,0.3601,0.3555,0.2406,0.1469,0.0742,0.003,-0.1046,-0.2676,-0.3619,-0.2718,-0.1283,-0.0159,0.0623,0.117,0.1558,0.1836,0.2035,0.2174,0.227,0.3314,0.3689,0.4056,0.4171,0.3798,0.3215,0.293,0.264,0.2342,0.1815,0.0996,-0.1981,-0.2836,0.0782,0.0968,0.1645,0.3067,0.3717,0.3383,0.2539,0.1759,0.1121,0.0326,-0.1219,-0.4126,-0.5899,-0.385,-0.1492,-0.0,0.0913,0.1501,0.1893,0.2158,0.2333,0.2444,0.251,0.3102,0.3292,0.3424,0.3413,0.323,0.2986,0.2814,0.2709,0.2717,0.2985,0.3154,0.2226,0.154,0.1978,0.2147,0.2191,0.9949,0.528,0.3322,0.2296,0.1633,0.1244,0.0689,-0.0587,-0.2965,-0.4436,-0.2821,-0.0761,0.06,0.1441,0.1978,0.2328,0.255,0.2682,0.2749,0.2774,0.2937,0.3038,0.3095,0.3084,0.301,0.2927,0.29,0.2998,0.3392,0.4499,0.6736,0.5797,0.464,0.3489,0.3521,0.5292,0.8519,0.5008,0.2721,0.17,0.1176,0.1162,0.1059,0.0501,-0.0434,-0.0943,-0.0323,0.0721,0.1576,0.2174,0.2579,0.2844,0.3,0.307,0.3079,0.3053,0.2828,0.2893,0.2933,0.2944,0.2941,0.2956,0.3042,0.3276,0.3813,0.4929,0.6583,0.6062,0.7315,0.8071,0.5039,0.4558,0.4238,0.2336,0.0607,0.0773,0.1034,0.1139,0.1356,0.1407,0.1364,0.1464,0.1807,0.2256,0.2673,0.3,0.3235,0.339,0.3467,0.3465,0.3409,0.3327,0.2762,0.2814,0.2856,0.2892,0.2933,0.3007,0.315,0.3415,0.387,0.4537,0.5207,0.5795,0.7876,0.8346,0.5844,0.4904,0.3061,-0.0754,-0.4046,-0.0881,0.0687,0.1263,0.1733,0.2176,0.2583,0.2937,0.3211,0.349,0.3711,0.3815,0.3847,0.3862,0.3859,0.3804,0.3698,0.3573,0.2725,0.2775,0.2824,0.2876,0.2944,0.3045,0.3202,0.3443,0.3785,0.4212,0.4671,0.5207,0.589,0.6107,0.6776,0.721,0.3537,-0.0509,-0.2775,-0.1155,0.0311,0.1423,0.2239,0.2938,0.3483,0.3498,0.3525,0.4373,0.4734,0.4612,0.4336,0.4112,0.4037,0.4,0.3903,0.3769,0.2707,0.2757,0.2811,0.2874,0.2953,0.3061,0.321,0.3412,0.367,0.3971,0.4297,0.4641,0.498,0.5355,0.6292,0.6416,0.365,0.0838,-0.1226,-0.1764,0.0256,0.1877,0.2952,0.3778,0.4402,0.3977,0.3836,0.5933,0.6088,0.5492,0.4784,0.4204,0.4031,0.4069,0.403,0.3914,0.2698,0.2749,0.2806,0.2873,0.2954,0.3058,0.3191,0.3356,0.3552,0.377,0.3997,0.422,0.4429,0.4644,0.4831,0.4462,0.3146,0.1498,0.0021,-0.0234,0.1332,0.3038,0.4078,0.475,0.5801,0.7668,1.0898,1.0044,0.7815,0.6469,0.5433,0.461,0.4256,0.4209,0.4154,0.4036,0.2695,0.2746,0.2803,0.2869,0.2947,0.3042,0.3156,0.329,0.3439,0.3598,0.3754,0.3896,0.4009,0.4069,0.3999,0.3642,0.2948,0.2137,0.1578,0.1796,0.3133,0.5033,0.5764,0.5658,0.6771,0.9976,1.4362,1.1955,0.8543,0.7254,0.6208,0.5291,0.4741,0.4484,0.4318,0.4156,0.2693,0.2743,0.2798,0.2861,0.2934,0.3018,0.3114,0.3222,0.3336,0.3452,0.356,0.3647,0.3699,0.3691,0.3582,0.3334,0.2972,0.2629,0.2538,0.3006,0.4337,0.6314,0.6817,0.6098,0.6749,0.8735,1.0418,0.9334,0.809,0.772,0.678,0.5829,0.5165,0.4756,0.4483,0.4266,0.2691,0.2739,0.2792,0.2851,0.2916,0.299,0.3071,0.3157,0.3246,0.3331,0.3406,0.346,0.3483,0.3459,0.3374,0.3229,0.306,0.2957,0.306,0.3534,0.4493,0.5661,0.6075,0.5911,0.6343,0.7336,0.8075,0.8038,0.7988,0.7727,0.6894,0.6036,0.5382,0.4925,0.4599,0.4347]},{"header":{"la1":42.85,"la2":41.18,"lo1":11.55,"lo2":14.05,"nx":36,"ny":24,"dx":0.07143,"dy":0.07261,"parameterCategory":2,"parameterNumber":3,"parameterNumberName":"northward_wind","parameterUnit":"m.s-1"},"data":[-0.18,-0.1905,-0.2023,-0.2151,-0.2284,-0.2409,-0.2506,-0.2552,-0.2529,-0.2435,-0.2284,-0.2097,-0.1895,-0.1693,-0.1499,-0.1321,-0.1167,-0.1049,-0.0977,-0.0953,-0.0965,-0.0984,-0.0981,-0.0943,-0.0873,-0.0785,-0.0691,-0.0599,-0.0511,-0.0428,-0.0351,-0.0278,-0.021,-0.0146,-0.0086,-0.0031,-0.184,-0.1963,-0.2109,-0.2279,-0.2469,-0.2664,-0.2831,-0.2927,-0.2913,-0.2782,-0.2563,-0.2302,-0.2032,-0.1773,-0.1529,-0.1305,-0.111,-0.0965,-0.0894,-0.091,-0.0993,-0.1081,-0.1112,-0.1062,-0.0957,-0.0832,-0.0709,-0.0596,-0.0493,-0.0401,-0.0316,-0.0238,-0.0165,-0.0097,-0.0034,0.0024,-0.1865,-0.2006,-0.2181,-0.2401,-0.267,-0.2977,-0.3275,-0.3474,-0.3483,-0.328,-0.2938,-0.2553,-0.2188,-0.1858,-0.1554,-0.1269,-0.1011,-0.0814,-0.0737,-0.0828,-0.1062,-0.1302,-0.1382,-0.1276,-0.1084,-0.089,-0.0723,-0.0584,-0.0467,-0.0365,-0.0273,-0.0189,-0.0112,-0.004,0.0026,0.0086,-0.1872,-0.2024,-0.2223,-0.2493,-0.2864,-0.3349,-0.3894,-0.4325,-0.4396,-0.4034,-0.3441,-0.285,-0.2355,-0.1945,-0.1578,-0.1217,-0.0857,-0.055,-0.0425,-0.0637,-0.1207,-0.1808,-0.1937,-0.1627,-0.1242,-0.0938,-0.0718,-0.0555,-0.0426,-0.0317,-0.022,-0.0131,-0.0049,0.0026,0.0095,0.0158,-0.1857,-0.2009,-0.2215,-0.2518,-0.2995,-0.3733,-0.4743,-0.5732,-0.5985,-0.5214,-0.4084,-0.3158,-0.2509,-0.2033,-0.1616,-0.1172,-0.0655,-0.0107,0.0222,-0.0121,-0.1373,-0.2853,-0.2912,-0.2045,-0.1348,-0.093,-0.0674,-0.05,-0.0367,-0.0255,-0.0154,-0.0062,0.0023,0.0102,0.0175,0.024,-0.1821,-0.1961,-0.2145,-0.2434,-0.2965,-0.3968,-0.5712,-0.799,-0.88,-0.6915,-0.4726,-0.337,-0.261,-0.2123,-0.17,-0.1194,-0.0481,0.0512,0.1469,0.1167,-0.0921,-0.3554,-0.3445,-0.2057,-0.1227,-0.0808,-0.0571,-0.0413,-0.0288,-0.0178,-0.0077,0.0019,0.0108,0.0191,0.0266,0.0334,-0.1773,-0.1893,-0.203,-0.2233,-0.2687,-0.3756,-0.6046,-0.9998,-1.1855,-0.8095,-0.4851,-0.3323,-0.2621,-0.2225,-0.1873,-0.1377,-0.0543,0.0865,0.2704,0.2559,0.0555,-0.1303,-0.1758,-0.1218,-0.0803,-0.0569,-0.0419,-0.0301,-0.0194,-0.009,0.0012,0.0112,0.0206,0.0294,0.0373,0.0442,-0.1722,-0.1836,-0.1933,-0.2012,-0.2252,-0.3009,-0.4749,-0.7715,-0.9033,-0.6293,-0.3991,-0.2974,-0.2567,-0.2375,-0.2186,-0.1801,-0.1019,0.0268,0.1696,0.199,0.2092,0.1566,0.0411,-0.0137,-0.0288,-0.03,-0.0257,-0.0185,-0.0095,0.0006,0.0112,0.0218,0.032,0.0413,0.0496,0.0567,-0.1669,-0.1797,-0.1909,-0.1944,-0.1966,-0.2155,-0.2754,-0.3654,-0.3933,-0.3299,-0.2737,-0.2532,-0.2535,-0.2613,-0.2686,-0.2507,-0.1774,-0.0674,0.0516,0.1949,0.4415,0.3857,0.1637,0.0505,0.0049,-0.011,-0.0133,-0.0086,-0.0001,0.0106,0.0222,0.034,0.0452,0.0553,0.0641,0.0714,-0.1598,-0.175,-0.1905,-0.1976,-0.1887,-0.1451,-0.1108,-0.1118,-0.1281,-0.1446,-0.1802,-0.2228,-0.2607,-0.2922,-0.3341,-0.3517,-0.2495,-0.1357,-0.022,0.1305,0.3294,0.3055,0.1494,0.0549,0.0115,-0.0051,-0.0077,-0.0022,0.008,0.0207,0.0345,0.0481,0.0608,0.072,0.0813,0.0886,-0.1494,-0.1674,-0.1995,-0.26,-0.2349,-0.0813,0.0514,0.0821,-0.0332,-0.0886,-0.1299,-0.2152,-0.2839,-0.3272,-0.3533,-0.3651,-0.2686,-0.1602,-0.0706,0.0141,0.0958,0.11,0.0656,0.0226,-0.0024,-0.0119,-0.0099,-0.0001,0.0145,0.0313,0.0486,0.065,0.0798,0.0922,0.1019,0.109,-0.1338,-0.1494,-0.1827,-0.2414,-0.1986,0.0264,0.2724,0.4088,0.1864,-0.0167,-0.111,-0.2287,-0.3215,-0.3875,-0.3864,-0.3446,-0.2583,-0.1108,-0.0407,-0.0359,-0.0141,0.0011,-0.0025,-0.0146,-0.0261,-0.0298,-0.0208,-0.0023,0.0201,0.0434,0.0657,0.086,0.1034,0.1171,0.127,0.1334,-0.1137,-0.1187,-0.1258,-0.1204,-0.042,0.1547,0.4425,0.6931,0.5348,0.1218,-0.1136,-0.252,-0.3349,-0.4252,-0.4358,-0.4164,-0.3004,0.0661,0.0995,-0.0399,-0.0599,-0.0519,-0.0434,-0.0427,-0.0538,-0.0609,-0.0413,-0.0074,0.0271,0.0592,0.0881,0.1132,0.1335,0.1485,0.1581,0.1629,-0.0935,-0.0876,-0.074,-0.0394,0.0407,0.1851,0.3905,0.5987,0.4675,0.0943,-0.1352,-0.2701,-0.318,-0.4609,-0.4641,-0.6475,-0.4829,-0.1338,-0.0261,-0.0808,-0.0968,-0.0895,-0.0705,-0.0589,-0.0746,-0.0937,-0.059,-0.0064,0.0408,0.0822,0.1187,0.1495,0.1732,0.1889,0.1968,0.1985,-0.0777,-0.0661,-0.0457,-0.0095,0.0502,0.1353,0.2299,0.2751,0.1721,-0.0197,-0.148,-0.2129,-0.2869,-0.3066,-0.4553,-0.6926,-0.3809,-0.2768,-0.1533,-0.1293,-0.156,-0.1465,-0.0983,-0.0638,-0.0635,-0.0731,-0.04,0.0139,0.0669,0.1163,0.1611,0.1988,0.2262,0.2414,0.2454,0.2412,-0.0677,-0.0553,-0.0364,-0.0089,0.0278,0.0684,0.097,0.0841,0.0083,-0.1009,-0.1793,-0.1248,-0.1731,-0.2583,-0.3295,-0.3782,-0.3158,-0.2113,-0.1065,-0.1376,-0.3028,-0.2604,-0.1274,-0.0598,-0.0356,-0.0238,0.0038,0.0498,0.1051,0.1631,0.2189,0.2663,0.2981,0.3103,0.3059,0.2916,-0.0628,-0.0521,-0.0378,-0.02,-0.0006,0.0149,0.0167,-0.0065,-0.0574,-0.1215,-0.1706,-0.1472,-0.0994,-0.0887,-0.1947,-0.216,-0.1558,0.0093,0.135,-0.0173,-0.3132,-0.2614,-0.1089,-0.0386,-0.0123,-0.0002,0.0254,0.078,0.1477,0.2216,0.2944,0.3578,0.3957,0.3996,0.3787,0.3481,-0.0611,-0.053,-0.0434,-0.0332,-0.0244,-0.0209,-0.0274,-0.0474,-0.0792,-0.1132,-0.1336,-0.1254,-0.0748,-0.0621,-0.1029,-0.0834,0.012,0.3491,0.6903,0.2758,0.002,-0.0619,-0.0283,0.0006,-0.0041,-0.0391,-0.027,0.0738,0.1901,0.2909,0.3864,0.4752,0.5222,0.507,0.4581,0.405,-0.0612,-0.0556,-0.0497,-0.0444,-0.0414,-0.0427,-0.0505,-0.0653,-0.0849,-0.1036,-0.1142,-0.1111,-0.0955,-0.0778,-0.0329,-0.0073,0.0669,0.3445,0.5484,0.3417,0.1736,0.076,0.0514,0.0462,-0.0099,-0.1905,-0.2269,0.0498,0.2545,0.3749,0.4807,0.5947,0.6511,0.6071,0.5257,0.4516,-0.062,-0.0583,-0.0549,-0.0526,-0.0523,-0.0551,-0.0618,-0.0721,-0.0841,-0.0947,-0.1001,-0.0976,-0.0862,-0.0633,-0.0252,-0.0016,0.0678,0.2176,0.3482,0.3785,0.2318,0.1338,0.1042,0.1037,0.059,-0.178,-0.2361,0.2144,0.4066,0.4861,0.5528,0.6447,0.6959,0.644,0.5556,0.4767,-0.0626,-0.0603,-0.0585,-0.0577,-0.0585,-0.0613,-0.0664,-0.0731,-0.0803,-0.0858,-0.0876,-0.0837,-0.0727,-0.0532,-0.0263,0.0071,0.067,0.1611,0.2597,0.2808,0.1968,0.1307,0.1205,0.1625,0.2439,0.3993,0.765,0.7449,0.6603,0.6452,0.6259,0.6312,0.6444,0.6109,0.546,0.4795,-0.0628,-0.0614,-0.0604,-0.0603,-0.0613,-0.0635,-0.0669,-0.071,-0.0748,-0.077,-0.0761,-0.0708,-0.06,-0.0429,-0.0192,0.0131,0.0587,0.115,0.1627,0.1703,0.1306,0.0758,0.07,0.1684,0.3642,0.722,1.159,1.0091,0.9251,0.8813,0.756,0.6602,0.6129,0.5734,0.5236,0.4702,-0.0625,-0.0615,-0.061,-0.061,-0.0617,-0.0632,-0.0651,-0.0672,-0.0685,-0.0684,-0.0656,-0.0593,-0.0486,-0.033,-0.0118,0.0157,0.0494,0.0852,0.1124,0.1181,0.0919,0.0292,0.0095,0.1426,0.367,0.6506,0.8891,1.0259,1.2805,1.1773,0.908,0.7227,0.6207,0.5578,0.5062,0.458,-0.0616,-0.0608,-0.0603,-0.0603,-0.0606,-0.0612,-0.0619,-0.0624,-0.062,-0.0601,-0.0561,-0.0491,-0.0386,-0.0242,-0.0055,0.0174,0.0435,0.0696,0.0904,0.0998,0.0918,0.067,0.0732,0.1751,0.3511,0.5606,0.7743,1.0436,1.3249,1.2209,0.9492,0.7484,0.6261,0.5488,0.4923,0.4453]}]