docs/data/wind_grid.json
[{"header":{"la1":42.85,"la2":41.18,"lo1":11.55,"lo2":14.05,"nx":36,"ny":24,"dx":0.07143,"dy":0.07261,"parameterCategory":2,"parameterNumber":2,"parameterNumberName":"eastward_wind","parameterUnit":"m.s-1"},"data":[-0.4522,-0.4623,-0.4734,-0.4855,-0.4979,-0.5097,-0.5197,-0.5264,-0.5294,-0.5292,-0.5279,-0.5282,-0.5324,-0.5419,-0.5569,-0.5764,-0.5981,-0.6186,-0.6342,-0.6423,-0.6419,-0.6341,-0.6211,-0.6054,-0.5889,-0.5727,-0.5576,-0.5439,-0.5317,-0.5209,-0.5113,-0.5029,-0.4955,-0.4889,-0.4831,-0.4778,-0.4538,-0.4656,-0.4792,-0.4945,-0.5112,-0.5277,-0.542,-0.5511,-0.5531,-0.5489,-0.542,-0.5373,-0.5389,-0.5491,-0.5685,-0.5957,-0.6273,-0.6578,-0.6808,-0.6911,-0.6877,-0.6734,-0.6527,-0.6296,-0.6069,-0.5859,-0.5672,-0.5509,-0.5367,-0.5245,-0.514,-0.5049,-0.4969,-0.49,-0.4839,-0.4785,-0.4546,-0.4682,-0.4846,-0.5043,-0.527,-0.5516,-0.5742,-0.5889,-0.5902,-0.5784,-0.5607,-0.5466,-0.5431,-0.5537,-0.5789,-0.6174,-0.6647,-0.7122,-0.7476,-0.7606,-0.7501,-0.7235,-0.69,-0.6562,-0.6254,-0.5986,-0.5759,-0.5567,-0.5407,-0.5272,-0.5158,-0.5061,-0.4978,-0.4907,-0.4844,-0.4788,-0.4541,-0.4694,-0.4887,-0.5133,-0.5445,-0.5818,-0.6208,-0.6491,-0.6515,-0.625,-0.5861,-0.555,-0.5429,-0.553,-0.5857,-0.6401,-0.7124,-0.7896,-0.8473,-0.8627,-0.8357,-0.7857,-0.7318,-0.6832,-0.6425,-0.6094,-0.5826,-0.5609,-0.5432,-0.5287,-0.5167,-0.5066,-0.4981,-0.4908,-0.4844,-0.4789,-0.4519,-0.4682,-0.4897,-0.5191,-0.5599,-0.6157,-0.6848,-0.7463,-0.7567,-0.6994,-0.6183,-0.5588,-0.5342,-0.5433,-0.5846,-0.6594,-0.7683,-0.8974,-0.9982,-1.013,-0.9481,-0.8565,-0.7731,-0.7067,-0.6558,-0.6167,-0.5865,-0.5627,-0.5439,-0.5288,-0.5165,-0.5063,-0.4977,-0.4904,-0.4841,-0.4785,-0.4475,-0.4639,-0.4861,-0.5179,-0.566,-0.6415,-0.7556,-0.8884,-0.9282,-0.8037,-0.6461,-0.5486,-0.5115,-0.5205,-0.5701,-0.6649,-0.817,-1.0243,-1.2034,-1.2089,-1.0705,-0.9189,-0.8031,-0.7208,-0.6619,-0.6188,-0.5864,-0.5617,-0.5425,-0.5273,-0.5151,-0.5051,-0.4967,-0.4896,-0.4834,-0.478,-0.441,-0.4562,-0.4769,-0.5068,-0.554,-0.6351,-0.7805,-0.9992,-1.0929,-0.8671,-0.6288,-0.5086,-0.4692,-0.4813,-0.5368,-0.6429,-0.8206,-1.0893,-1.3499,-1.3416,-1.1318,-0.9395,-0.8081,-0.7198,-0.6585,-0.6144,-0.5819,-0.5575,-0.5388,-0.5243,-0.5126,-0.5031,-0.4952,-0.4883,-0.4824,-0.4771,-0.4329,-0.446,-0.4632,-0.4866,-0.5218,-0.581,-0.6888,-0.8582,-0.9223,-0.7152,-0.5195,-0.4301,-0.4063,-0.4253,-0.4844,-0.5901,-0.7551,-0.988,-1.2093,-1.2167,-1.0553,-0.8974,-0.783,-0.7026,-0.6452,-0.6035,-0.573,-0.5503,-0.5332,-0.52,-0.5094,-0.5007,-0.4933,-0.4869,-0.4812,-0.4761,-0.4239,-0.4349,-0.448,-0.4637,-0.4823,-0.5048,-0.5313,-0.5489,-0.5076,-0.4104,-0.3495,-0.329,-0.3296,-0.355,-0.4173,-0.5237,-0.669,-0.831,-0.9581,-0.9835,-0.9174,-0.8247,-0.7409,-0.6743,-0.6241,-0.5872,-0.5604,-0.5408,-0.5262,-0.5149,-0.5057,-0.498,-0.4913,-0.4853,-0.4799,-0.4751,-0.4151,-0.4245,-0.4352,-0.4461,-0.4549,-0.4546,-0.4285,-0.3428,-0.181,-0.1041,-0.1822,-0.235,-0.2488,-0.2694,-0.3358,-0.4631,-0.6315,-0.7896,-0.8817,-0.8913,-0.8424,-0.7702,-0.6995,-0.6414,-0.5979,-0.5668,-0.5451,-0.5298,-0.5186,-0.5097,-0.5023,-0.4957,-0.4895,-0.4839,-0.4787,-0.4739,-0.4066,-0.4156,-0.4262,-0.4381,-0.4498,-0.4555,-0.4355,-0.3183,0.0551,0.2285,-0.0728,-0.1747,-0.1685,-0.1561,-0.2263,-0.4118,-0.68,-0.9375,-1.0375,-0.9711,-0.8521,-0.7445,-0.6627,-0.6053,-0.5674,-0.5434,-0.5284,-0.5187,-0.5117,-0.5057,-0.4999,-0.4941,-0.4883,-0.4827,-0.4774,-0.4727,-0.3982,-0.4075,-0.4198,-0.4366,-0.4605,-0.4957,-0.5424,-0.5485,-0.245,0.0098,-0.1274,-0.1569,-0.0975,0.0041,-0.0786,-0.3731,-0.843,-1.4075,-1.5124,-1.1862,-0.8977,-0.7197,-0.6173,-0.5609,-0.5317,-0.518,-0.5123,-0.5097,-0.5074,-0.5041,-0.4994,-0.4938,-0.4877,-0.4816,-0.4761,-0.4712,-0.3893,-0.3987,-0.4123,-0.4333,-0.4678,-0.528,-0.6311,-0.7093,-0.6518,-0.3311,-0.2083,-0.1653,-0.1044,0.0542,-0.0204,-0.4023,-1.0392,-2.1722,-2.1876,-1.3472,-0.8728,-0.6451,-0.5418,-0.5009,-0.4902,-0.493,-0.4998,-0.5057,-0.5082,-0.5067,-0.5018,-0.495,-0.4875,-0.4804,-0.4742,-0.4691,-0.3792,-0.3877,-0.4007,-0.4211,-0.4551,-0.5127,-0.6066,-0.7302,-0.6337,-0.3543,-0.2067,-0.1747,-0.1658,-0.0983,-0.1859,-0.5676,-1.0608,-1.6592,-1.7071,-1.0872,-0.6652,-0.4754,-0.4206,-0.4236,-0.4466,-0.4737,-0.4969,-0.5119,-0.5177,-0.5155,-0.5078,-0.4974,-0.4869,-0.4779,-0.4709,-0.4658,-0.3677,-0.3742,-0.384,-0.3992,-0.4223,-0.4559,-0.4956,-0.507,-0.4126,-0.245,-0.1383,-0.1245,-0.1034,-0.0123,-0.2608,-0.9286,-1.539,-1.1251,-0.9115,-0.5817,-0.2802,-0.2003,-0.2607,-0.3409,-0.4126,-0.4713,-0.5127,-0.535,-0.54,-0.5322,-0.5169,-0.4993,-0.4836,-0.4721,-0.4647,-0.4604,-0.3551,-0.3587,-0.3641,-0.3716,-0.3811,-0.3898,-0.3882,-0.3546,-0.2659,-0.1282,0.0237,-0.0779,-0.0952,-0.1139,-0.2839,-0.8005,-1.2412,-0.7962,-0.452,-0.1612,0.165,0.1094,-0.1149,-0.2826,-0.4084,-0.5028,-0.5616,-0.5846,-0.5798,-0.5575,-0.5267,-0.4962,-0.4728,-0.4593,-0.4535,-0.4519,-0.3421,-0.3427,-0.3434,-0.3439,-0.3424,-0.3355,-0.3158,-0.2732,-0.2003,-0.0981,0.0086,-0.0449,-0.0559,-0.0513,-0.168,-0.3402,-0.4298,-0.2232,-0.0036,0.0569,0.2345,0.1627,-0.0776,-0.2827,-0.457,-0.5917,-0.6624,-0.6707,-0.6402,-0.5898,-0.5317,-0.4799,-0.447,-0.4349,-0.4353,-0.4399,-0.3295,-0.3273,-0.3243,-0.3195,-0.3114,-0.297,-0.2725,-0.2342,-0.1817,-0.1227,-0.0794,-0.068,-0.0389,-0.02,0.0258,0.0455,-0.0012,0.2438,0.5206,0.2366,0.1129,0.0293,-0.1317,-0.3388,-0.5674,-0.7592,-0.8305,-0.7953,-0.7191,-0.6256,-0.5249,-0.4403,-0.3983,-0.3964,-0.4111,-0.426,-0.318,-0.3136,-0.3079,-0.2998,-0.2883,-0.2715,-0.2477,-0.216,-0.1781,-0.1391,-0.1063,-0.0778,-0.0372,0.0575,0.3673,0.4939,0.2095,0.2899,0.4326,0.2943,0.1419,-0.0053,-0.1734,-0.4027,-0.6982,-0.9682,-1.0239,-0.9261,-0.8051,-0.6639,-0.5092,-0.3822,-0.3357,-0.3546,-0.3886,-0.4148,-0.3078,-0.3019,-0.2944,-0.2847,-0.2718,-0.2549,-0.2333,-0.207,-0.1773,-0.1464,-0.1152,-0.0794,-0.0229,0.0979,0.3377,0.4132,0.2281,0.2217,0.3375,0.3811,0.1864,0.0098,-0.1651,-0.4126,-0.7436,-1.0242,-1.074,-1.0212,-0.8927,-0.7127,-0.5158,-0.3596,-0.3105,-0.3402,-0.3824,-0.4124,-0.2992,-0.2924,-0.2839,-0.2734,-0.2604,-0.2443,-0.225,-0.2025,-0.1775,-0.1505,-0.1207,-0.0841,-0.0311,0.051,0.1495,0.1835,0.1513,0.1669,0.2455,0.2627,0.1515,0.0517,-0.0686,-0.3242,-0.6968,-1.0443,-1.2897,-1.2199,-0.9962,-0.7727,-0.5686,-0.4183,-0.3609,-0.3716,-0.3993,-0.4211,-0.2921,-0.2848,-0.2759,-0.2653,-0.2527,-0.2377,-0.2203,-0.2006,-0.1788,-0.1548,-0.1277,-0.0952,-0.054,-0.0039,0.0439,0.0697,0.0779,0.0968,0.127,0.1339,0.1307,0.1953,0.1865,-0.1219,-0.5967,-1.1002,-1.473,-1.3357,-1.0425,-0.8088,-0.6283,-0.5025,-0.4395,-0.4241,-0.4289,-0.4369,-0.2865,-0.2789,-0.2701,-0.2597,-0.2477,-0.2339,-0.2183,-0.2008,-0.1816,-0.1604,-0.1368,-0.1099,-0.0792,-0.0465,-0.0168,0.0044,0.0193,0.0352,0.0532,0.0761,0.1455,0.3223,0.3783,0.0389,-0.4456,-0.8918,-1.1598,-1.1308,-0.9582,-0.7883,-0.6526,-0.555,-0.4959,-0.4673,-0.4563,-0.4526,-0.2822,-0.2746,-0.266,-0.2561,-0.2448,-0.2322,-0.2182,-0.2027,-0.1858,-0.1674,-0.1474,-0.1256,-0.1024,-0.0792,-0.0581,-0.041,-0.0271,-0.0136,0.0028,0.0317,0.0982,0.2051,0.2109,-0.0151,-0.3508,-0.6563,-0.8445,-0.8812,-0.8185,-0.7261,-0.6391,-0.5699,-0.5214,-0.4912,-0.4737,-0.4637]},{"header":{"la1":42.85,"la2":41.18,"lo1":11.55,"lo2":14.05,"nx":36,"ny":24,"dx":0.07143,"dy":0.07261,"parameterCategory":2,"parameterNumber":3,"parameterNumberName":"northward_wind","parameterUnit":"m.s-1"},"data":[-0.7485,-0.7374,-0.724,-0.7086,-0.6919,-0.6751,-0.6602,-0.6489,-0.6423,-0.6398,-0.6394,-0.6382,-0.6338,-0.6247,-0.6109,-0.5932,-0.5735,-0.5546,-0.5392,-0.5293,-0.5254,-0.527,-0.5325,-0.5404,-0.5494,-0.559,-0.5687,-0.5784,-0.5879,-0.5973,-0.6066,-0.6157,-0.6245,-0.6329,-0.6411,-0.6488,-0.7544,-0.7415,-0.7253,-0.7056,-0.6832,-0.6598,-0.6385,-0.6233,-0.617,-0.6189,-0.625,-0.6298,-0.6289,-0.6201,-0.6034,-0.5801,-0.5531,-0.5267,-0.5058,-0.4939,-0.4919,-0.4976,-0.508,-0.5205,-0.5335,-0.5461,-0.5583,-0.57,-0.5813,-0.5922,-0.6028,-0.6131,-0.6231,-0.6326,-0.6417,-0.6502,-0.7623,-0.7477,-0.7282,-0.703,-0.6722,-0.6376,-0.6045,-0.581,-0.5745,-0.5852,-0.6041,-0.6201,-0.6257,-0.6179,-0.5973,-0.5656,-0.5269,-0.4881,-0.4582,-0.4442,-0.4469,-0.4607,-0.4794,-0.4987,-0.5167,-0.5331,-0.548,-0.5619,-0.575,-0.5875,-0.5996,-0.6113,-0.6225,-0.6332,-0.6433,-0.6526,-0.7731,-0.7573,-0.7346,-0.7029,-0.6605,-0.6079,-0.5519,-0.5092,-0.5003,-0.5289,-0.5739,-0.6103,-0.6264,-0.6205,-0.5945,-0.5508,-0.4937,-0.4333,-0.3873,-0.3719,-0.3861,-0.4157,-0.4477,-0.4762,-0.5002,-0.5205,-0.5382,-0.5543,-0.5692,-0.5835,-0.5972,-0.6104,-0.623,-0.6349,-0.6461,-0.6563,-0.7876,-0.7717,-0.747,-0.7094,-0.6535,-0.5745,-0.4758,-0.3872,-0.3672,-0.4359,-0.5339,-0.6048,-0.6352,-0.631,-0.5983,-0.5392,-0.4549,-0.3567,-0.2803,-0.2659,-0.307,-0.365,-0.4161,-0.4555,-0.4855,-0.5093,-0.5294,-0.5474,-0.5642,-0.5802,-0.5957,-0.6105,-0.6247,-0.6381,-0.6504,-0.6617,-0.8063,-0.7924,-0.7686,-0.7285,-0.6621,-0.5539,-0.3898,-0.2016,-0.143,-0.3023,-0.499,-0.6152,-0.6582,-0.6531,-0.6129,-0.5382,-0.4218,-0.2664,-0.1339,-0.1278,-0.2217,-0.3205,-0.3919,-0.4401,-0.4741,-0.5001,-0.5219,-0.5416,-0.5601,-0.578,-0.5954,-0.6122,-0.6281,-0.6431,-0.6567,-0.669,-0.8294,-0.8201,-0.8014,-0.7663,-0.7015,-0.5822,-0.3675,-0.0534,0.0779,-0.2212,-0.5217,-0.6611,-0.7012,-0.6889,-0.6416,-0.5581,-0.4229,-0.2214,-0.0285,-0.0339,-0.1794,-0.3048,-0.3837,-0.4331,-0.4669,-0.493,-0.5156,-0.5365,-0.5569,-0.5769,-0.5966,-0.6156,-0.6337,-0.6504,-0.6656,-0.679,-0.8559,-0.8539,-0.8451,-0.8239,-0.7791,-0.6896,-0.5192,-0.2596,-0.1586,-0.4265,-0.6623,-0.7519,-0.763,-0.7363,-0.6834,-0.6014,-0.4781,-0.3029,-0.1344,-0.1258,-0.2346,-0.3314,-0.3934,-0.4335,-0.4626,-0.487,-0.5097,-0.532,-0.5544,-0.5771,-0.5996,-0.6214,-0.642,-0.661,-0.6778,-0.6922,-0.884,-0.891,-0.8955,-0.8947,-0.8831,-0.8524,-0.7948,-0.7303,-0.7429,-0.8351,-0.8784,-0.8651,-0.8317,-0.789,-0.732,-0.6547,-0.5557,-0.4405,-0.3407,-0.3094,-0.3379,-0.3776,-0.4098,-0.4354,-0.458,-0.4802,-0.5032,-0.5273,-0.5527,-0.5788,-0.6049,-0.6303,-0.6542,-0.6756,-0.6942,-0.7097,-0.9112,-0.9275,-0.9461,-0.9669,-0.9897,-1.0139,-1.042,-1.0917,-1.1889,-1.2159,-1.0848,-0.962,-0.8906,-0.8417,-0.7829,-0.702,-0.6103,-0.5254,-0.4595,-0.4202,-0.4065,-0.408,-0.417,-0.4307,-0.4486,-0.47,-0.4947,-0.522,-0.5515,-0.5823,-0.6134,-0.6435,-0.6714,-0.696,-0.7165,-0.7327,-0.9347,-0.9592,-0.9899,-1.0292,-1.08,-1.1439,-1.2165,-1.2933,-1.4567,-1.5427,-1.217,-1.0091,-0.9308,-0.9018,-0.843,-0.7366,-0.6255,-0.5459,-0.4948,-0.4543,-0.4239,-0.4072,-0.4043,-0.413,-0.4306,-0.4545,-0.4831,-0.5156,-0.551,-0.5884,-0.6263,-0.6627,-0.6958,-0.7241,-0.7465,-0.763,-0.9523,-0.9826,-1.0216,-1.0735,-1.1433,-1.2361,-1.3456,-1.4215,-1.4302,-1.4193,-1.171,-0.9977,-0.9554,-1.0015,-0.9229,-0.7473,-0.5927,-0.5292,-0.5016,-0.4495,-0.401,-0.3725,-0.3662,-0.378,-0.4015,-0.4322,-0.4678,-0.5077,-0.5515,-0.5981,-0.6454,-0.6906,-0.7306,-0.7631,-0.7872,-0.8029,-0.9628,-0.9955,-1.0379,-1.0944,-1.1714,-1.2773,-1.4143,-1.5116,-1.4676,-1.2578,-1.0704,-0.9679,-0.9424,-1.0167,-0.9299,-0.672,-0.4826,-0.5397,-0.5379,-0.4186,-0.3355,-0.295,-0.2952,-0.3222,-0.3606,-0.403,-0.4485,-0.4982,-0.5533,-0.6128,-0.6737,-0.7312,-0.7805,-0.818,-0.8425,-0.8553,-0.9657,-0.9978,-1.0385,-1.0914,-1.1613,-1.2538,-1.3702,-1.4849,-1.4077,-1.1658,-1.0037,-0.963,-0.9487,-0.8049,-0.736,-0.3773,-0.0874,-0.332,-0.4132,-0.3035,-0.1892,-0.1436,-0.1782,-0.2445,-0.3099,-0.3682,-0.4247,-0.486,-0.5561,-0.6343,-0.7153,-0.7912,-0.8532,-0.8958,-0.9182,-0.924,-0.9618,-0.9907,-1.0261,-1.0694,-1.1222,-1.1838,-1.2448,-1.2693,-1.1915,-1.047,-0.9498,-0.9046,-0.8078,-0.6259,-0.5826,0.2388,1.1008,0.1916,-0.1624,-0.0905,0.1259,0.1489,-0.0055,-0.1548,-0.2574,-0.3294,-0.3936,-0.4673,-0.558,-0.6642,-0.7769,-0.8812,-0.9611,-1.0073,-1.0215,-1.0127,-0.9527,-0.977,-1.0051,-1.037,-1.0714,-1.1039,-1.1235,-1.1101,-1.0493,-0.9668,-0.917,-0.9092,-0.8772,-0.7705,-0.5711,0.1163,0.7242,0.1246,-0.1416,0.1173,0.7155,0.5982,0.166,-0.0894,-0.2154,-0.2832,-0.3449,-0.4322,-0.5538,-0.7041,-0.8682,-1.0186,-1.1235,-1.1674,-1.1604,-1.1239,-0.9401,-0.9594,-0.9804,-1.0021,-1.0222,-1.0366,-1.0382,-1.0196,-0.9812,-0.9392,-0.917,-0.9254,-1.0521,-1.0969,-0.7471,-0.4218,-0.2339,-0.3578,-0.4244,-0.0182,0.7752,0.6265,0.1496,-0.0966,-0.1863,-0.2083,-0.2498,-0.3608,-0.535,-0.755,-1.0023,-1.2286,-1.3666,-1.3915,-1.338,-1.2541,-0.9256,-0.9404,-0.9553,-0.9692,-0.9803,-0.9855,-0.9816,-0.9671,-0.9452,-0.9256,-0.92,-0.9492,-1.0922,-1.1113,-0.8625,-0.7255,-0.6147,-0.729,-0.9226,-0.4926,-0.0268,0.0721,-0.068,-0.1646,-0.1446,-0.05,-0.0515,-0.2323,-0.4992,-0.8156,-1.1847,-1.5303,-1.7055,-1.675,-1.5386,-1.3873,-0.9105,-0.9214,-0.9317,-0.9403,-0.9459,-0.9469,-0.942,-0.9316,-0.9184,-0.9077,-0.9056,-0.92,-0.9482,-0.9326,-0.9325,-0.9509,-0.7633,-0.7587,-0.8223,-0.6122,-0.4201,-0.2972,-0.2746,-0.2441,-0.0886,0.2224,0.2819,-0.093,-0.4803,-0.8772,-1.3733,-1.8632,-2.0647,-1.943,-1.7071,-1.4897,-0.8956,-0.9034,-0.9102,-0.9153,-0.9177,-0.9167,-0.9119,-0.9039,-0.8944,-0.886,-0.8811,-0.8805,-0.8795,-0.8763,-0.9098,-0.9133,-0.7765,-0.6903,-0.6245,-0.5985,-0.5397,-0.4666,-0.4213,-0.3475,-0.158,0.2309,0.3131,-0.2132,-0.5575,-0.9192,-1.4408,-1.9872,-2.1948,-2.0328,-1.7609,-1.5226,-0.8813,-0.8868,-0.8911,-0.8938,-0.8942,-0.8921,-0.8874,-0.8804,-0.8722,-0.8638,-0.856,-0.8486,-0.8403,-0.8334,-0.8304,-0.8047,-0.7371,-0.67,-0.6226,-0.6009,-0.5827,-0.5741,-0.5569,-0.4937,-0.4077,-0.4196,-0.7224,-0.7295,-0.7233,-0.9299,-1.3285,-1.764,-1.9605,-1.8714,-1.6693,-1.4734,-0.868,-0.8716,-0.8741,-0.8751,-0.8743,-0.8715,-0.8666,-0.86,-0.852,-0.8432,-0.8336,-0.8232,-0.8115,-0.7983,-0.7814,-0.753,-0.7109,-0.6677,-0.6359,-0.6224,-0.6379,-0.6931,-0.7077,-0.635,-0.6047,-0.7711,-1.0635,-0.9534,-0.8303,-0.9197,-1.1631,-1.4404,-1.6007,-1.5958,-1.4939,-1.3686,-0.8556,-0.8578,-0.859,-0.8588,-0.8571,-0.8537,-0.8487,-0.8421,-0.8341,-0.8249,-0.8146,-0.8028,-0.7893,-0.7735,-0.7539,-0.7288,-0.6989,-0.6701,-0.6501,-0.6483,-0.6827,-0.7613,-0.7841,-0.7065,-0.6768,-0.7639,-0.88,-0.8724,-0.8396,-0.8961,-1.0371,-1.202,-1.3173,-1.3488,-1.314,-1.2479,-0.8443,-0.8454,-0.8455,-0.8445,-0.8421,-0.8384,-0.8331,-0.8265,-0.8185,-0.8092,-0.7986,-0.7865,-0.7726,-0.7566,-0.7381,-0.7168,-0.6943,-0.674,-0.6612,-0.6628,-0.6877,-0.73,-0.7409,-0.7065,-0.6917,-0.7261,-0.7755,-0.7988,-0.8158,-0.8654,-0.9527,-1.053,-1.1322,-1.1699,-1.1671,-1.138]}]