docs/data/wind_grid.json
[{"header":{"la1":42.85,"la2":41.18,"lo1":11.55,"lo2":14.05,"nx":36,"ny":24,"dx":0.07143,"dy":0.07261,"parameterCategory":2,"parameterNumber":2,"parameterNumberName":"eastward_wind","parameterUnit":"m.s-1"},"data":[-0.6777,-0.6826,-0.6857,-0.687,-0.6863,-0.6837,-0.6785,-0.6701,-0.658,-0.6427,-0.6259,-0.61,-0.597,-0.5878,-0.5823,-0.579,-0.5754,-0.5684,-0.5551,-0.5347,-0.5102,-0.4874,-0.4726,-0.4678,-0.4709,-0.4778,-0.4853,-0.4917,-0.4962,-0.4991,-0.5006,-0.5011,-0.5008,-0.5,-0.4989,-0.4976,-0.6989,-0.7059,-0.7106,-0.7132,-0.7138,-0.7128,-0.7091,-0.701,-0.6864,-0.6657,-0.642,-0.6197,-0.6024,-0.5919,-0.5877,-0.5878,-0.5883,-0.5833,-0.5666,-0.535,-0.4929,-0.454,-0.4328,-0.4325,-0.4454,-0.462,-0.4765,-0.4872,-0.4943,-0.4984,-0.5005,-0.5011,-0.5008,-0.4999,-0.4987,-0.4973,-0.724,-0.734,-0.7409,-0.7449,-0.7473,-0.7493,-0.7502,-0.7454,-0.7289,-0.6994,-0.6634,-0.6301,-0.6061,-0.5937,-0.5922,-0.5989,-0.6081,-0.6101,-0.5912,-0.54,-0.4613,-0.3873,-0.357,-0.3733,-0.4092,-0.4432,-0.468,-0.4841,-0.4936,-0.4987,-0.501,-0.5016,-0.501,-0.4999,-0.4985,-0.4968,-0.7543,-0.7686,-0.7785,-0.7837,-0.7874,-0.7943,-0.8061,-0.8134,-0.7977,-0.7521,-0.6924,-0.6401,-0.6056,-0.5907,-0.5936,-0.6112,-0.6375,-0.6584,-0.6461,-0.565,-0.4071,-0.2482,-0.2104,-0.2804,-0.3655,-0.4265,-0.4635,-0.4843,-0.4952,-0.5005,-0.5024,-0.5025,-0.5015,-0.5,-0.4982,-0.4964,-0.7909,-0.8128,-0.8274,-0.8328,-0.8343,-0.8459,-0.8802,-0.9236,-0.9201,-0.8386,-0.7301,-0.6457,-0.5969,-0.5793,-0.5881,-0.6212,-0.6763,-0.7412,-0.7678,-0.6597,-0.3464,0.0206,0.0365,-0.1726,-0.3344,-0.423,-0.4678,-0.4897,-0.4999,-0.5039,-0.5047,-0.5039,-0.5022,-0.5001,-0.4979,-0.4957,-0.8347,-0.8703,-0.8955,-0.9003,-0.8897,-0.8955,-0.963,-1.0976,-1.1426,-0.9693,-0.7646,-0.6364,-0.5736,-0.5547,-0.5699,-0.6196,-0.7125,-0.8576,-1.0053,-0.92,-0.4368,0.196,0.1697,-0.1643,-0.3578,-0.446,-0.4848,-0.5013,-0.5074,-0.5087,-0.5075,-0.5053,-0.5027,-0.5,-0.4973,-0.4948,-0.8838,-0.9444,-0.9962,-1.0063,-0.9632,-0.9287,-1.0004,-1.2507,-1.3908,-1.0579,-0.7488,-0.5953,-0.5299,-0.513,-0.5324,-0.5926,-0.7126,-0.9296,-1.2346,-1.2007,-0.7689,-0.3337,-0.2287,-0.3587,-0.4528,-0.4958,-0.5124,-0.517,-0.5165,-0.5138,-0.5103,-0.5066,-0.5029,-0.4995,-0.4964,-0.4936,-0.9292,-1.0262,-1.1379,-1.1842,-1.0752,-0.9434,-0.9274,-1.0723,-1.1461,-0.8725,-0.6296,-0.5136,-0.4655,-0.4537,-0.4713,-0.5299,-0.6512,-0.8485,-1.0692,-1.1023,-1.0886,-0.9608,-0.7201,-0.6059,-0.5684,-0.5521,-0.5411,-0.5322,-0.5246,-0.518,-0.5122,-0.507,-0.5025,-0.4984,-0.4949,-0.4918,-0.9527,-1.0757,-1.2551,-1.3847,-1.1797,-0.9411,-0.8069,-0.7412,-0.6549,-0.5238,-0.4432,-0.408,-0.3893,-0.3818,-0.3846,-0.4265,-0.5534,-0.729,-0.9043,-1.1139,-1.5117,-1.4067,-0.9856,-0.7525,-0.6439,-0.59,-0.5602,-0.5418,-0.5292,-0.5199,-0.5125,-0.5063,-0.5011,-0.4966,-0.4927,-0.4894,-0.9422,-1.0514,-1.1861,-1.2593,-1.1168,-0.9106,-0.7181,-0.5204,-0.2632,-0.1429,-0.245,-0.3069,-0.3123,-0.3069,-0.2818,-0.271,-0.468,-0.6781,-0.8487,-1.0499,-1.3356,-1.2768,-0.9761,-0.7716,-0.6594,-0.5982,-0.5637,-0.5428,-0.529,-0.5189,-0.5109,-0.5043,-0.4986,-0.4937,-0.4896,-0.4862,-0.906,-0.991,-1.0814,-1.1622,-1.1214,-0.8956,-0.6973,-0.4656,0.0942,0.3701,-0.0973,-0.2388,-0.2346,-0.2177,-0.2429,-0.2579,-0.4985,-0.7583,-0.903,-0.9549,-0.9979,-0.96,-0.8327,-0.711,-0.6285,-0.5798,-0.5524,-0.5358,-0.5243,-0.5153,-0.5076,-0.5008,-0.4948,-0.4896,-0.4854,-0.482,-0.8565,-0.9257,-1.0145,-1.1221,-1.0755,-0.8621,-0.7658,-0.7317,-0.3034,0.0431,-0.1678,-0.2182,-0.1556,-0.0356,-0.1399,-0.3662,-0.669,-1.1207,-1.2475,-1.0288,-0.8773,-0.7866,-0.7041,-0.6301,-0.5763,-0.5462,-0.5323,-0.5242,-0.5171,-0.5101,-0.503,-0.496,-0.4896,-0.4841,-0.4797,-0.4765,-0.7981,-0.8458,-0.898,-0.9313,-0.8851,-0.8024,-0.8377,-1.0018,-0.8018,-0.4137,-0.2749,-0.2194,-0.1533,0.0353,-0.0787,-0.4212,-0.805,-1.9037,-1.9518,-1.1455,-0.8145,-0.6743,-0.6024,-0.5569,-0.5262,-0.5131,-0.5128,-0.5128,-0.51,-0.5047,-0.4977,-0.49,-0.4826,-0.4764,-0.4719,-0.4691,-0.7371,-0.763,-0.783,-0.7836,-0.757,-0.7369,-0.7829,-0.8808,-0.7614,-0.4507,-0.2797,-0.2133,-0.1972,-0.1893,-0.295,-0.5028,-0.7146,-1.3178,-1.4463,-0.953,-0.6593,-0.5353,-0.5008,-0.4981,-0.5004,-0.5001,-0.5028,-0.5059,-0.5054,-0.5006,-0.4922,-0.4822,-0.4726,-0.4653,-0.4609,-0.4591,-0.6801,-0.6907,-0.694,-0.6856,-0.6675,-0.654,-0.6566,-0.6431,-0.5274,-0.3372,-0.2118,-0.191,-0.1609,-0.0226,-0.354,-0.555,-1.1626,-0.8898,-0.8002,-0.5873,-0.3708,-0.3186,-0.3767,-0.4398,-0.4822,-0.4965,-0.5,-0.5051,-0.5057,-0.4991,-0.4863,-0.4709,-0.4571,-0.4482,-0.4447,-0.4454,-0.6304,-0.6315,-0.6263,-0.6135,-0.5942,-0.5714,-0.5416,-0.4849,-0.3744,-0.208,-0.0089,-0.1642,-0.1784,-0.1876,-0.347,-0.6537,-0.9852,-0.6946,-0.4852,-0.269,0.0368,-0.0278,-0.2457,-0.3762,-0.4495,-0.4858,-0.5046,-0.5151,-0.5146,-0.5016,-0.4785,-0.4518,-0.4305,-0.4203,-0.4206,-0.4267,-0.5883,-0.5835,-0.5735,-0.5573,-0.5347,-0.5047,-0.463,-0.4002,-0.3068,-0.1777,-0.0341,-0.115,-0.147,-0.1468,-0.2517,-0.3781,-0.4468,-0.3232,-0.1696,-0.0965,0.1111,0.0327,-0.1939,-0.3421,-0.439,-0.5011,-0.5353,-0.5464,-0.5377,-0.5099,-0.4655,-0.416,-0.3817,-0.374,-0.3853,-0.4027,-0.5531,-0.5447,-0.5317,-0.5133,-0.4888,-0.4568,-0.4148,-0.3598,-0.2909,-0.2157,-0.1615,-0.1537,-0.1332,-0.1156,-0.0679,-0.0521,-0.1249,0.0247,0.2415,0.0356,-0.0332,-0.0938,-0.2157,-0.3478,-0.4701,-0.5638,-0.6053,-0.6053,-0.5795,-0.526,-0.4429,-0.3491,-0.2946,-0.3021,-0.3392,-0.376,-0.524,-0.5133,-0.4987,-0.4794,-0.4548,-0.4241,-0.3864,-0.3414,-0.2911,-0.2418,-0.2024,-0.1726,-0.1328,-0.0354,0.3069,0.4584,0.0859,0.0874,0.1955,0.122,0.0022,-0.1075,-0.2218,-0.3635,-0.5264,-0.6557,-0.6859,-0.6812,-0.6424,-0.5563,-0.4182,-0.2526,-0.1726,-0.2182,-0.2957,-0.355,-0.5,-0.4881,-0.4729,-0.4537,-0.4303,-0.4022,-0.3694,-0.3326,-0.2934,-0.2548,-0.2186,-0.1802,-0.1227,0.0021,0.268,0.354,0.1134,0.071,0.2052,0.27,0.0702,-0.0616,-0.179,-0.348,-0.5598,-0.7,-0.724,-0.7925,-0.7368,-0.6142,-0.434,-0.215,-0.1176,-0.1881,-0.2849,-0.3522,-0.4803,-0.468,-0.4528,-0.4344,-0.4126,-0.3875,-0.3591,-0.3281,-0.2956,-0.2626,-0.2286,-0.1894,-0.1353,-0.0518,0.0501,0.0816,0.035,0.0382,0.1203,0.15,0.0755,0.0425,-0.0304,-0.2505,-0.5596,-0.8665,-1.1652,-1.0812,-0.8632,-0.7007,-0.5253,-0.3318,-0.2322,-0.2602,-0.323,-0.3726,-0.4643,-0.4519,-0.4372,-0.4199,-0.4,-0.3775,-0.3528,-0.3262,-0.2983,-0.2692,-0.2384,-0.2036,-0.1613,-0.1108,-0.0632,-0.0393,-0.0343,-0.0161,0.023,0.0592,0.1304,0.3171,0.3493,-0.0221,-0.497,-0.9885,-1.44,-1.2243,-0.9185,-0.786,-0.6442,-0.4931,-0.396,-0.3724,-0.3866,-0.4076,-0.4513,-0.4393,-0.4252,-0.4091,-0.391,-0.371,-0.3492,-0.326,-0.3016,-0.2762,-0.2493,-0.22,-0.1879,-0.1544,-0.1243,-0.1025,-0.0855,-0.0628,-0.0267,0.0389,0.2041,0.5536,0.663,0.1682,-0.3731,-0.7998,-1.0457,-0.981,-0.8995,-0.8546,-0.7303,-0.6001,-0.5077,-0.4606,-0.4447,-0.4433,-0.4409,-0.4293,-0.4161,-0.4012,-0.3848,-0.3668,-0.3476,-0.3272,-0.3059,-0.2837,-0.2605,-0.2363,-0.2113,-0.1864,-0.1636,-0.1438,-0.1246,-0.1006,-0.0633,0.0059,0.145,0.3502,0.3801,0.0732,-0.3118,-0.6162,-0.794,-0.8566,-0.8933,-0.8585,-0.7507,-0.6433,-0.563,-0.5124,-0.4847,-0.4712]},{"header":{"la1":42.85,"la2":41.18,"lo1":11.55,"lo2":14.05,"nx":36,"ny":24,"dx":0.07143,"dy":0.07261,"parameterCategory":2,"parameterNumber":3,"parameterNumberName":"northward_wind","parameterUnit":"m.s-1"},"data":[-0.6292,-0.6233,-0.6152,-0.6046,-0.592,-0.5782,-0.5644,-0.5522,-0.5424,-0.5347,-0.528,-0.5203,-0.5105,-0.4979,-0.4828,-0.4663,-0.4502,-0.4368,-0.428,-0.4248,-0.4264,-0.4304,-0.434,-0.436,-0.4368,-0.4375,-0.4391,-0.442,-0.4462,-0.4515,-0.4578,-0.4646,-0.4718,-0.4792,-0.4866,-0.4939,-0.6397,-0.6336,-0.6243,-0.6114,-0.5951,-0.5765,-0.5578,-0.5422,-0.5317,-0.5262,-0.523,-0.5184,-0.5099,-0.4964,-0.4784,-0.4576,-0.4365,-0.419,-0.4091,-0.4092,-0.4175,-0.4284,-0.4355,-0.4371,-0.4354,-0.4338,-0.4339,-0.4364,-0.4408,-0.4469,-0.454,-0.4619,-0.4702,-0.4786,-0.4869,-0.495,-0.6524,-0.6466,-0.6363,-0.6205,-0.5986,-0.5719,-0.5439,-0.5211,-0.5095,-0.5093,-0.5142,-0.5163,-0.511,-0.497,-0.4753,-0.4479,-0.4187,-0.3939,-0.3817,-0.3885,-0.4121,-0.4383,-0.4506,-0.4472,-0.438,-0.431,-0.4286,-0.4303,-0.4352,-0.4422,-0.4505,-0.4596,-0.4691,-0.4787,-0.4881,-0.4971,-0.6678,-0.6633,-0.6528,-0.6339,-0.6044,-0.564,-0.5174,-0.478,-0.4632,-0.4759,-0.4992,-0.5148,-0.5155,-0.5016,-0.4751,-0.4385,-0.3957,-0.356,-0.3365,-0.3556,-0.4147,-0.4781,-0.4951,-0.4715,-0.4441,-0.4278,-0.422,-0.4233,-0.429,-0.4373,-0.4472,-0.4579,-0.4689,-0.4798,-0.4904,-0.5004,-0.6862,-0.6848,-0.6763,-0.6556,-0.6171,-0.5558,-0.4725,-0.391,-0.3647,-0.4115,-0.4768,-0.5169,-0.5267,-0.5131,-0.4811,-0.4324,-0.3683,-0.298,-0.2533,-0.2869,-0.4212,-0.5774,-0.5859,-0.5047,-0.4464,-0.42,-0.4123,-0.4146,-0.4221,-0.4325,-0.4444,-0.457,-0.4697,-0.4822,-0.4941,-0.5051,-0.7073,-0.7121,-0.7097,-0.6913,-0.6457,-0.5595,-0.4155,-0.2307,-0.1634,-0.3044,-0.4564,-0.5309,-0.5489,-0.5348,-0.4979,-0.4372,-0.3458,-0.2202,-0.1013,-0.1327,-0.3643,-0.648,-0.6377,-0.5001,-0.4278,-0.4021,-0.3981,-0.404,-0.4147,-0.428,-0.4424,-0.4573,-0.4721,-0.4863,-0.4996,-0.5119,-0.7292,-0.7443,-0.7554,-0.747,-0.7002,-0.5999,-0.4065,-0.0783,0.0764,-0.2315,-0.4794,-0.5706,-0.5864,-0.5696,-0.5314,-0.4649,-0.3535,-0.1755,0.046,0.03,-0.197,-0.4032,-0.4568,-0.4082,-0.379,-0.3735,-0.3801,-0.3923,-0.4075,-0.4243,-0.4418,-0.4593,-0.4765,-0.4927,-0.5076,-0.5211,-0.7476,-0.7753,-0.8109,-0.8252,-0.7758,-0.6842,-0.5349,-0.2872,-0.1762,-0.4166,-0.5953,-0.6434,-0.6379,-0.6177,-0.5882,-0.5284,-0.4141,-0.2443,-0.0699,-0.0333,-0.0194,-0.0793,-0.215,-0.2872,-0.3202,-0.3421,-0.3617,-0.3812,-0.4014,-0.4221,-0.4431,-0.4638,-0.4837,-0.5021,-0.5188,-0.5334,-0.7556,-0.7893,-0.8508,-0.9024,-0.8279,-0.7659,-0.7277,-0.6871,-0.703,-0.7719,-0.7782,-0.7349,-0.6933,-0.6746,-0.6801,-0.6483,-0.5165,-0.3507,-0.1984,-0.0311,0.2486,0.1849,-0.0713,-0.2104,-0.2786,-0.3182,-0.3471,-0.3726,-0.3973,-0.4223,-0.4472,-0.4715,-0.4946,-0.5156,-0.5341,-0.5498,-0.7504,-0.7695,-0.801,-0.822,-0.7724,-0.8069,-0.8855,-0.9855,-1.1333,-1.1706,-0.9823,-0.8174,-0.7375,-0.7247,-0.8178,-0.8766,-0.6206,-0.416,-0.2671,-0.0926,0.127,0.0994,-0.0793,-0.1971,-0.2639,-0.3061,-0.3381,-0.367,-0.3958,-0.4253,-0.4549,-0.4837,-0.5105,-0.5344,-0.5548,-0.5714,-0.7396,-0.735,-0.6953,-0.5774,-0.6104,-0.8261,-1.0174,-1.1845,-1.4975,-1.6653,-1.1399,-0.8568,-0.7644,-0.7528,-0.8123,-0.88,-0.5893,-0.411,-0.3092,-0.2082,-0.1143,-0.1004,-0.1567,-0.2191,-0.2671,-0.3027,-0.3329,-0.3635,-0.3965,-0.4316,-0.4673,-0.5017,-0.5333,-0.5606,-0.5828,-0.5998,-0.7348,-0.7239,-0.6783,-0.5874,-0.6385,-0.9052,-1.1671,-1.3304,-1.3996,-1.4317,-1.0622,-0.8339,-0.7866,-0.8605,-0.7561,-0.5645,-0.4142,-0.3637,-0.3366,-0.2651,-0.2061,-0.186,-0.2031,-0.2385,-0.2741,-0.3018,-0.3278,-0.3602,-0.3992,-0.4422,-0.4861,-0.5283,-0.5659,-0.5971,-0.6208,-0.6372,-0.7384,-0.738,-0.729,-0.7296,-0.8121,-1.0131,-1.2747,-1.4904,-1.3728,-1.137,-0.9154,-0.797,-0.7703,-0.9121,-0.7469,-0.2926,-0.1869,-0.4059,-0.4211,-0.2672,-0.2024,-0.1848,-0.2026,-0.2415,-0.2799,-0.3001,-0.3197,-0.3561,-0.4046,-0.4589,-0.5146,-0.5672,-0.6128,-0.6483,-0.6725,-0.6863,-0.7442,-0.7556,-0.7722,-0.8086,-0.89,-1.0297,-1.2112,-1.3677,-1.2776,-1.0081,-0.8281,-0.8022,-0.7934,-0.6008,-0.3005,0.27,0.2139,-0.1373,-0.2629,-0.1819,-0.1216,-0.1123,-0.1579,-0.2268,-0.2853,-0.3003,-0.3122,-0.3553,-0.4161,-0.4856,-0.5576,-0.6253,-0.6814,-0.7211,-0.7433,-0.7509,-0.7463,-0.7636,-0.7883,-0.8276,-0.8892,-0.973,-1.0618,-1.1046,-1.0275,-0.8796,-0.7739,-0.6969,-0.5806,-0.3998,-0.1158,0.4435,0.9085,0.2502,-0.0374,-0.0342,0.0823,0.0733,-0.0601,-0.1863,-0.2684,-0.2963,-0.3147,-0.3637,-0.4375,-0.5268,-0.6227,-0.713,-0.7839,-0.8264,-0.841,-0.835,-0.7428,-0.7605,-0.7838,-0.815,-0.8546,-0.8978,-0.9298,-0.9264,-0.8745,-0.8167,-0.8435,-0.6521,-0.6002,-0.4709,-0.2103,0.2552,0.6443,0.2003,-0.0259,0.1045,0.5418,0.4267,0.0647,-0.1347,-0.2307,-0.2754,-0.3114,-0.3721,-0.4655,-0.5854,-0.7201,-0.8481,-0.9409,-0.981,-0.9748,-0.9421,-0.7343,-0.7496,-0.7679,-0.7893,-0.8121,-0.8314,-0.8389,-0.8264,-0.7973,-0.7815,-0.8183,-0.7203,-0.725,-0.7251,-0.4021,-0.1479,-0.0363,-0.1588,-0.2491,0.0117,0.6025,0.4637,0.0691,-0.1234,-0.1987,-0.2253,-0.2635,-0.3519,-0.488,-0.6607,-0.8619,-1.0583,-1.1854,-1.2068,-1.1523,-1.0709,-0.7225,-0.7344,-0.7473,-0.7606,-0.7723,-0.7791,-0.7773,-0.7649,-0.7459,-0.7307,-0.7181,-0.6951,-0.7497,-0.7437,-0.5308,-0.419,-0.3468,-0.4917,-0.7163,-0.3273,0.0036,0.0512,-0.0733,-0.1612,-0.1591,-0.0906,-0.1015,-0.2703,-0.4961,-0.7486,-1.0537,-1.3745,-1.555,-1.5154,-1.3641,-1.2077,-0.7091,-0.7175,-0.7259,-0.7332,-0.7381,-0.7386,-0.733,-0.7212,-0.7052,-0.688,-0.6699,-0.653,-0.6446,-0.6149,-0.6194,-0.641,-0.4805,-0.5093,-0.5845,-0.355,-0.2398,-0.1959,-0.2152,-0.219,-0.1077,0.1928,0.255,-0.1562,-0.5171,-0.8393,-1.2547,-1.7543,-2.0017,-1.8394,-1.554,-1.3179,-0.6952,-0.7007,-0.7055,-0.7087,-0.7094,-0.7065,-0.6993,-0.6877,-0.6727,-0.6555,-0.6366,-0.617,-0.597,-0.5812,-0.6057,-0.6092,-0.4947,-0.4183,-0.2874,-0.2204,-0.2931,-0.3155,-0.3298,-0.3091,-0.176,0.2075,0.298,-0.292,-0.6311,-0.9188,-1.3374,-1.9069,-2.1831,-1.9571,-1.6195,-1.3582,-0.6816,-0.6848,-0.6869,-0.6874,-0.6856,-0.6808,-0.6727,-0.6613,-0.6471,-0.6305,-0.612,-0.5922,-0.5723,-0.5561,-0.5472,-0.5242,-0.469,-0.4033,-0.3251,-0.2986,-0.3586,-0.4241,-0.4553,-0.4425,-0.4172,-0.4704,-0.7965,-0.818,-0.8426,-0.9931,-1.2586,-1.6441,-1.8656,-1.754,-1.5215,-1.3152,-0.6688,-0.6702,-0.6704,-0.6691,-0.6657,-0.6599,-0.6514,-0.6404,-0.6269,-0.6113,-0.594,-0.5754,-0.5564,-0.5382,-0.5197,-0.4951,-0.4611,-0.4236,-0.3941,-0.3995,-0.4647,-0.5727,-0.6113,-0.5711,-0.6052,-0.8274,-1.1688,-1.0639,-1.0541,-1.1055,-1.1793,-1.3402,-1.4681,-1.455,-1.3479,-1.2219,-0.6571,-0.6571,-0.656,-0.6535,-0.6491,-0.6428,-0.6343,-0.6237,-0.6111,-0.5967,-0.5809,-0.5639,-0.5464,-0.5286,-0.51,-0.4895,-0.4676,-0.4488,-0.4427,-0.466,-0.541,-0.6645,-0.6978,-0.6367,-0.6714,-0.8231,-0.989,-1.11,-1.3173,-1.2685,-1.1753,-1.1861,-1.2306,-1.2353,-1.1907,-1.1211,-0.6465,-0.6455,-0.6435,-0.6402,-0.6353,-0.6288,-0.6205,-0.6105,-0.5989,-0.5858,-0.5716,-0.5564,-0.5408,-0.5249,-0.5089,-0.4933,-0.4794,-0.4711,-0.4749,-0.5,-0.555,-0.6256,-0.651,-0.6429,-0.6869,-0.7951,-0.9399,-1.144,-1.3502,-1.2918,-1.1635,-1.1118,-1.1059,-1.1,-1.0754,-1.0349]}]