docs/data/wind_grid.json
[{"header":{"la1":42.85,"la2":41.18,"lo1":11.55,"lo2":14.05,"nx":36,"ny":24,"dx":0.07143,"dy":0.07261,"parameterCategory":2,"parameterNumber":2,"parameterNumberName":"eastward_wind","parameterUnit":"m.s-1"},"data":[0.1893,0.1842,0.1772,0.1689,0.1599,0.1514,0.1451,0.1424,0.1449,0.1529,0.1662,0.1837,0.2045,0.2276,0.2522,0.2771,0.3006,0.3203,0.3336,0.3385,0.3347,0.3233,0.3068,0.2874,0.2671,0.2474,0.229,0.2123,0.1975,0.1845,0.1733,0.1637,0.1555,0.1485,0.1426,0.1376,0.1968,0.1904,0.1812,0.1693,0.1557,0.142,0.1305,0.1242,0.1257,0.1356,0.1529,0.1759,0.2028,0.2325,0.2645,0.2979,0.3306,0.359,0.3783,0.3845,0.3771,0.3587,0.334,0.3069,0.28,0.255,0.2326,0.213,0.1961,0.1818,0.1697,0.1597,0.1513,0.1443,0.1384,0.1336,0.2075,0.2,0.1881,0.1718,0.1516,0.1295,0.1093,0.0963,0.0957,0.109,0.1333,0.1643,0.1991,0.237,0.2783,0.3231,0.3697,0.4126,0.4422,0.45,0.435,0.404,0.3661,0.3278,0.2923,0.2609,0.234,0.2114,0.1925,0.177,0.1643,0.154,0.1457,0.1389,0.1334,0.1288,0.2227,0.2147,0.2004,0.1787,0.1494,0.1143,0.0785,0.0523,0.0477,0.0682,0.1054,0.1486,0.1937,0.2409,0.2928,0.3521,0.4196,0.488,0.5378,0.5473,0.5154,0.4607,0.4019,0.3481,0.3019,0.2635,0.2319,0.2063,0.1858,0.1695,0.1566,0.1465,0.1386,0.1323,0.1274,0.1234,0.2441,0.2372,0.2215,0.1941,0.1533,0.099,0.0358,-0.0187,-0.0323,0.0063,0.0689,0.1307,0.1876,0.2441,0.3064,0.3819,0.4785,0.593,0.6855,0.6953,0.624,0.526,0.4365,0.3637,0.3059,0.2604,0.2245,0.1966,0.175,0.1586,0.1462,0.1369,0.1299,0.1245,0.1204,0.1172,0.2735,0.2709,0.2565,0.2251,0.1721,0.0937,-0.012,-0.1245,-0.1609,-0.0775,0.0314,0.1156,0.1831,0.2471,0.3172,0.4051,0.5324,0.7183,0.8988,0.9018,0.7475,0.5839,0.4593,0.3682,0.3004,0.249,0.21,0.1808,0.1594,0.1439,0.1328,0.125,0.1195,0.1156,0.1127,0.1105,0.3128,0.3199,0.3128,0.2821,0.2197,0.12,-0.0255,-0.2107,-0.2846,-0.1337,0.0167,0.1107,0.1822,0.2516,0.3265,0.4155,0.5496,0.7847,1.0643,1.0536,0.8106,0.5996,0.4556,0.3551,0.2815,0.2267,0.1863,0.1575,0.1377,0.1246,0.1162,0.1109,0.1077,0.1056,0.1043,0.1034,0.3625,0.3884,0.4004,0.3804,0.3131,0.1999,0.0517,-0.1133,-0.1758,-0.0664,0.0411,0.1148,0.1826,0.2604,0.3456,0.4257,0.5213,0.6916,0.9033,0.9071,0.7247,0.5498,0.4194,0.3215,0.2467,0.1907,0.1508,0.1246,0.1089,0.1003,0.0962,0.0948,0.0946,0.095,0.0956,0.0962,0.4194,0.4773,0.5311,0.5445,0.4726,0.3309,0.184,0.0706,0.0202,0.0317,0.067,0.1118,0.1744,0.2738,0.4052,0.4867,0.5083,0.567,0.6469,0.6551,0.5755,0.4666,0.3618,0.27,0.1942,0.1374,0.1002,0.0799,0.0718,0.0709,0.0734,0.0771,0.0809,0.0843,0.087,0.0891,0.473,0.5744,0.7045,0.8062,0.7285,0.4919,0.2978,0.1712,0.074,0.0349,0.0564,0.0869,0.1387,0.2637,0.5399,0.6785,0.5472,0.5334,0.5573,0.5445,0.4852,0.3975,0.2995,0.2034,0.1199,0.06,0.0282,0.02,0.0257,0.0369,0.0487,0.0592,0.0676,0.0741,0.0791,0.0827,0.504,0.6403,0.8519,1.0992,1.0326,0.6237,0.3806,0.2441,0.0273,-0.0637,0.0259,0.0411,0.0568,0.1356,0.4504,0.6707,0.5425,0.5909,0.6254,0.5682,0.4673,0.3551,0.238,0.119,0.0124,-0.0565,-0.0756,-0.059,-0.0291,0.0003,0.0244,0.0426,0.056,0.0656,0.0725,0.0774,0.4957,0.627,0.827,1.0533,0.9779,0.6056,0.4497,0.4296,0.2119,0.0323,0.0205,-0.0251,-0.0511,-0.0953,0.0391,0.3137,0.5433,0.8503,0.9114,0.6951,0.4887,0.3259,0.1737,0.0095,-0.1506,-0.2405,-0.2263,-0.158,-0.0879,-0.0339,0.0042,0.0301,0.0478,0.0598,0.068,0.0737,0.4511,0.5428,0.6543,0.7314,0.6578,0.5041,0.4895,0.6007,0.464,0.1678,-0.0172,-0.1513,-0.1465,-0.157,-0.0763,0.2434,0.653,1.3669,1.3742,0.8096,0.4872,0.2887,0.109,-0.1176,-0.3863,-0.522,-0.4238,-0.2605,-0.1365,-0.0568,-0.0069,0.0245,0.0445,0.0575,0.0661,0.0718,0.3897,0.4409,0.4868,0.4998,0.4603,0.4136,0.4339,0.5064,0.4049,0.113,-0.0998,-0.3121,-0.329,0.1389,0.0784,0.3897,0.7622,1.0774,1.0781,0.6777,0.4047,0.2348,0.0654,-0.1971,-0.585,-0.7825,-0.5684,-0.3116,-0.1502,-0.0578,-0.0041,0.0279,0.0473,0.0594,0.0669,0.0719,0.3285,0.3531,0.3682,0.3646,0.3419,0.3184,0.3104,0.288,0.1628,-0.0591,-0.2269,-0.2535,-0.1411,-0.0835,0.1279,0.7683,1.4112,0.8703,0.6274,0.4237,0.2731,0.1824,0.0629,-0.1491,-0.463,-0.633,-0.4673,-0.251,-0.1116,-0.0317,0.0141,0.0406,0.056,0.065,0.0704,0.0737,0.2749,0.2841,0.2853,0.275,0.254,0.226,0.1884,0.1187,-0.0199,-0.2501,-0.5529,-0.4,-0.2604,-0.0805,0.1104,0.6393,1.1019,0.6454,0.3552,0.232,0.1922,0.1668,0.0804,-0.047,-0.1923,-0.2675,-0.2116,-0.1109,-0.0333,0.0152,0.0436,0.0599,0.0688,0.0734,0.0757,0.0768,0.2302,0.2305,0.2242,0.2095,0.1856,0.1515,0.1017,0.0234,-0.1002,-0.2869,-0.5087,-0.3867,-0.2295,-0.1677,-0.0273,0.1749,0.3049,0.1808,0.0493,0.0816,0.1703,0.148,0.0719,0.0128,-0.0228,-0.0237,0.0035,0.0338,0.0559,0.0694,0.0767,0.0807,0.0825,0.0826,0.0816,0.0803,0.1935,0.1885,0.1779,0.1603,0.1346,0.0989,0.0497,-0.018,-0.1073,-0.2096,-0.2798,-0.2567,-0.2065,-0.1958,-0.2212,-0.2078,-0.0864,-0.1477,-0.2733,-0.1168,0.0032,0.0336,0.0221,0.0294,0.0723,0.1337,0.165,0.1575,0.139,0.1197,0.1044,0.096,0.0926,0.09,0.0867,0.0835,0.1636,0.1554,0.1424,0.1237,0.0982,0.0647,0.0218,-0.0312,-0.0917,-0.15,-0.1881,-0.1981,-0.2056,-0.2713,-0.562,-0.6853,-0.3112,-0.2268,-0.2719,-0.2475,-0.1596,-0.0952,-0.0535,0.0174,0.1356,0.2527,0.2805,0.2576,0.2136,0.1616,0.1211,0.1007,0.096,0.0939,0.0898,0.0854,0.1392,0.1293,0.1154,0.0968,0.0729,0.0432,0.0075,-0.0332,-0.0761,-0.1156,-0.1464,-0.1704,-0.2066,-0.304,-0.5287,-0.5952,-0.3505,-0.2618,-0.3429,-0.3893,-0.2757,-0.2273,-0.1742,-0.0422,0.1551,0.297,0.3216,0.3653,0.2902,0.1936,0.1291,0.1003,0.0958,0.0947,0.0904,0.0854,0.1196,0.1089,0.0949,0.0772,0.0556,0.0298,0.0004,-0.0316,-0.0643,-0.0951,-0.1228,-0.1508,-0.1896,-0.2545,-0.3365,-0.3528,-0.2904,-0.2667,-0.3132,-0.3443,-0.3647,-0.4496,-0.4375,-0.2097,0.1244,0.4473,0.7533,0.6397,0.3584,0.1948,0.1253,0.1008,0.0952,0.0923,0.0878,0.0832,0.1037,0.0929,0.0793,0.063,0.0436,0.0215,-0.0031,-0.0291,-0.0555,-0.0811,-0.1061,-0.1323,-0.1636,-0.2018,-0.2371,-0.2503,-0.2457,-0.2558,-0.2967,-0.3731,-0.5628,-0.9193,-1.004,-0.5421,0.0161,0.5512,1.0382,0.7498,0.2518,0.0981,0.0819,0.0843,0.0858,0.0847,0.082,0.0788,0.0909,0.0803,0.0675,0.0525,0.0353,0.0162,-0.0046,-0.0264,-0.0485,-0.0705,-0.0924,-0.1152,-0.1396,-0.1652,-0.188,-0.2046,-0.2202,-0.2492,-0.3094,-0.4387,-0.7397,-1.277,-1.4306,-0.8042,-0.1542,0.3105,0.5355,0.2782,-0.115,-0.0864,0.0073,0.0512,0.0676,0.0728,0.0736,0.0728,0.0807,0.0705,0.0585,0.0449,0.0296,0.0128,-0.0051,-0.0237,-0.0427,-0.0618,-0.0809,-0.1005,-0.1205,-0.1407,-0.1603,-0.1797,-0.2037,-0.2421,-0.3111,-0.4422,-0.6843,-1.0048,-1.0642,-0.6871,-0.2367,0.0749,0.1802,0.0319,-0.168,-0.1262,-0.028,0.0262,0.0503,0.0606,0.0647,0.066]},{"header":{"la1":42.85,"la2":41.18,"lo1":11.55,"lo2":14.05,"nx":36,"ny":24,"dx":0.07143,"dy":0.07261,"parameterCategory":2,"parameterNumber":3,"parameterNumberName":"northward_wind","parameterUnit":"m.s-1"},"data":[0.1811,0.1616,0.1403,0.1174,0.0941,0.0722,0.0544,0.0436,0.0417,0.0486,0.062,0.0786,0.0954,0.1105,0.1232,0.1336,0.1424,0.1502,0.1581,0.1668,0.1766,0.1877,0.1997,0.2122,0.2249,0.2375,0.25,0.2623,0.2744,0.2863,0.2981,0.3096,0.3208,0.3316,0.3421,0.352,0.1746,0.1518,0.1258,0.0965,0.0649,0.0334,0.0063,-0.0106,-0.013,-0.0007,0.0217,0.0476,0.0717,0.0917,0.1071,0.1186,0.1274,0.1347,0.1421,0.151,0.1618,0.1745,0.1884,0.2027,0.217,0.2309,0.2445,0.2578,0.2709,0.2838,0.2965,0.309,0.3211,0.3328,0.3439,0.3546,0.1698,0.1437,0.1125,0.0753,0.0321,-0.0148,-0.0587,-0.0881,-0.0922,-0.0694,-0.0302,0.0114,0.0466,0.0728,0.0909,0.103,0.1111,0.1169,0.123,0.1317,0.1441,0.1594,0.1761,0.1928,0.2088,0.2241,0.2389,0.2532,0.2672,0.2812,0.2949,0.3085,0.3216,0.3343,0.3464,0.3577,0.1675,0.1386,0.1025,0.0566,-0.0019,-0.0728,-0.1481,-0.2052,-0.2147,-0.1698,-0.0974,-0.029,0.0217,0.0547,0.0749,0.0868,0.0932,0.096,0.099,0.1072,0.1224,0.1422,0.163,0.1826,0.2006,0.2172,0.2329,0.2481,0.2632,0.2783,0.2933,0.3081,0.3225,0.3363,0.3494,0.3617,0.1685,0.138,0.0985,0.0449,-0.0303,-0.1353,-0.2677,-0.3893,-0.4171,-0.3205,-0.1799,-0.0683,0.0007,0.0388,0.0588,0.0693,0.0735,0.0715,0.0681,0.0749,0.0963,0.1239,0.1503,0.1731,0.1927,0.21,0.2263,0.2423,0.2585,0.2749,0.2914,0.3078,0.3237,0.339,0.3533,0.3665,0.1727,0.1424,0.1027,0.0465,-0.0402,-0.1807,-0.3996,-0.6616,-0.7471,-0.526,-0.2584,-0.0927,-0.0106,0.0253,0.0403,0.0483,0.0522,0.0459,0.0307,0.0356,0.0691,0.108,0.1402,0.1651,0.185,0.2021,0.2184,0.235,0.2524,0.2706,0.2891,0.3076,0.3255,0.3424,0.3581,0.3725,0.1793,0.1505,0.1147,0.0647,-0.0168,-0.1667,-0.4474,-0.8825,-1.0726,-0.66,-0.2687,-0.081,-0.0085,0.0112,0.0125,0.0167,0.0277,0.0285,0.0059,0.0092,0.0551,0.1015,0.1354,0.1591,0.1769,0.1922,0.2077,0.2249,0.244,0.2647,0.2862,0.3074,0.3278,0.3469,0.3642,0.3798,0.1861,0.1583,0.1276,0.0922,0.0388,-0.0677,-0.2838,-0.6253,-0.766,-0.4408,-0.153,-0.0282,0.0033,-0.0119,-0.0403,-0.0446,-0.0134,0.019,0.0222,0.031,0.0693,0.1082,0.1358,0.1536,0.1659,0.1773,0.1914,0.2096,0.2318,0.2566,0.2823,0.3075,0.3312,0.3528,0.3721,0.389,0.1913,0.1596,0.127,0.1033,0.0929,0.0684,-0.009,-0.1208,-0.1521,-0.0675,0.0123,0.0387,0.0148,-0.0533,-0.1495,-0.1799,-0.0949,-0.0043,0.0429,0.0691,0.0967,0.1216,0.1375,0.1444,0.1471,0.1521,0.1644,0.1857,0.2138,0.2454,0.2776,0.3082,0.3362,0.3609,0.3823,0.4005,0.1959,0.1524,0.0973,0.0541,0.0834,0.1691,0.2146,0.1992,0.1586,0.1373,0.1267,0.0912,0.0226,-0.0961,-0.337,-0.4546,-0.1995,-0.0248,0.0554,0.095,0.1192,0.1329,0.1346,0.1251,0.1117,0.1064,0.1184,0.1477,0.1876,0.2309,0.2727,0.3107,0.3439,0.3721,0.3957,0.4151,0.2063,0.15,0.0575,-0.0585,-0.0189,0.2324,0.4094,0.4214,0.2242,0.1299,0.182,0.1228,0.0251,-0.0875,-0.3079,-0.4602,-0.1691,0.0047,0.08,0.1168,0.1361,0.1393,0.1231,0.0872,0.0444,0.0217,0.0389,0.0888,0.1519,0.2142,0.2697,0.3169,0.3561,0.3879,0.4134,0.4334,0.2309,0.1782,0.0889,-0.0248,0.0362,0.364,0.6549,0.7838,0.5069,0.2678,0.2429,0.1394,0.0068,-0.1222,-0.125,-0.1091,-0.0179,0.0723,0.1108,0.1358,0.1497,0.1415,0.102,0.0218,-0.0812,-0.1364,-0.0948,0.0047,0.1099,0.1999,0.2724,0.3299,0.375,0.41,0.4366,0.4565,0.2698,0.2393,0.2005,0.1848,0.2871,0.5347,0.8318,1.0847,0.8946,0.5179,0.3038,0.1414,0.0229,-0.1516,-0.1116,-0.0004,0.0627,0.1099,0.1192,0.1496,0.1597,0.14,0.0771,-0.0668,-0.289,-0.408,-0.2891,-0.09,0.076,0.1977,0.2871,0.3538,0.4037,0.4404,0.4668,0.4852,0.3138,0.3064,0.3082,0.3412,0.4365,0.5978,0.7936,0.9565,0.855,0.5621,0.3545,0.1247,0.0391,-0.0599,0.0395,0.0552,0.0503,0.1113,0.143,0.1701,0.1553,0.1245,0.0631,-0.1192,-0.4764,-0.6774,-0.4387,-0.134,0.0784,0.2203,0.3201,0.3926,0.4449,0.4814,0.5054,0.5202,0.3537,0.3603,0.3787,0.419,0.4888,0.5834,0.6796,0.7287,0.6684,0.5574,0.4881,0.4009,0.2723,0.2775,0.183,0.0111,-0.2221,0.0833,0.2121,0.1852,0.07,0.0437,0.061,-0.0526,-0.3396,-0.5127,-0.3206,-0.0563,0.1377,0.2745,0.3751,0.4494,0.5016,0.5349,0.5534,0.5619,0.3857,0.3983,0.4201,0.4544,0.5014,0.5546,0.5992,0.6152,0.5991,0.5972,0.6656,0.7312,0.6147,0.4468,0.3648,0.1531,-0.0439,0.242,0.3782,0.1828,-0.2629,-0.1844,0.0577,0.0804,-0.0325,-0.1088,-0.0404,0.0978,0.2342,0.3524,0.4502,0.5256,0.576,0.6025,0.6113,0.6097,0.4103,0.4244,0.4446,0.4715,0.5036,0.5361,0.5622,0.5771,0.5876,0.6176,0.6739,0.7094,0.905,0.9946,0.6572,0.5197,0.503,0.6917,0.8045,0.4267,-0.282,-0.1693,0.1457,0.2156,0.1672,0.1167,0.1302,0.2107,0.3233,0.4376,0.5401,0.6213,0.6699,0.6846,0.6773,0.6613,0.4291,0.4429,0.4606,0.4819,0.5055,0.5289,0.5495,0.5673,0.5872,0.6172,0.6602,0.743,0.9868,1.0562,0.8969,0.8855,0.883,1.1881,1.5071,1.0237,0.5127,0.35,0.3798,0.3532,0.2424,0.1035,0.0807,0.2165,0.3824,0.5214,0.6386,0.7326,0.7799,0.775,0.7447,0.7114,0.444,0.4569,0.4724,0.4901,0.5092,0.5286,0.5477,0.5672,0.5902,0.6207,0.6648,0.7366,0.8414,0.9394,1.1847,1.2989,1.0935,1.284,1.5032,1.4502,1.0822,0.7814,0.6302,0.4876,0.2373,-0.1605,-0.2435,0.1536,0.4471,0.6119,0.7324,0.8351,0.8796,0.8514,0.7991,0.7518,0.4563,0.4683,0.4822,0.4977,0.5145,0.5321,0.5506,0.5709,0.595,0.6258,0.6675,0.7259,0.8063,0.9316,1.1545,1.2334,1.1366,1.3051,1.7966,2.0109,1.4068,1.0466,0.8559,0.6613,0.3545,-0.1628,-0.2759,0.3359,0.6124,0.7291,0.8044,0.8766,0.9106,0.879,0.8251,0.7763,0.4667,0.478,0.4909,0.5051,0.5205,0.5372,0.5554,0.5759,0.6002,0.6303,0.6689,0.7198,0.788,0.8812,0.9892,1.0507,1.096,1.2615,1.5658,1.6575,1.394,1.2337,1.1289,0.925,0.6949,0.6302,0.9518,0.947,0.8869,0.8903,0.8807,0.8791,0.8839,0.8646,0.8268,0.7866,0.4758,0.4866,0.4988,0.5121,0.5268,0.5429,0.5608,0.5811,0.6049,0.6336,0.6691,0.7134,0.7686,0.8346,0.9034,0.9651,1.037,1.1511,1.285,1.3473,1.3732,1.5293,1.5642,1.2509,0.9907,1.0524,1.362,1.2275,1.1397,1.103,1.0046,0.9247,0.8838,0.8557,0.8243,0.7907,0.4839,0.4944,0.506,0.5188,0.5329,0.5485,0.566,0.5858,0.6087,0.6357,0.668,0.7064,0.7517,0.8029,0.8573,0.9145,0.9808,1.0625,1.1514,1.2451,1.4176,1.761,1.865,1.456,1.1382,1.094,1.181,1.247,1.4081,1.3343,1.1376,0.9947,0.9133,0.8646,0.8276,0.7945,0.4912,0.5013,0.5125,0.5249,0.5386,0.5537,0.5707,0.5898,0.6116,0.6368,0.666,0.6997,0.7381,0.7808,0.8271,0.8778,0.9352,1.0016,1.0792,1.1818,1.3475,1.5682,1.6138,1.3826,1.1649,1.0966,1.1393,1.2724,1.441,1.3709,1.1812,1.0321,0.9371,0.8763,0.833,0.7981]}]