docs/data/wind_grid.json
{"header": {"la1":42.1,"la2":41.55,"lo1":12.1,"lo2":12.95,"nx":50,"ny":50,"dx":0.01735,"dy":0.01122,"parameterCategory":2,"parameterNumber":3,"parameterNumberName":"northward_wind","parameterUnit":"m.s-1"}, "data":
[rows 0 to 40 of 50, columns 0 to 49 of 50]
-0.6972,-0.6958,-0.6941,-0.6918,-0.6891,-0.6859,-0.6822,-0.678,-0.6733,-0.668,-0.6622,-0.656,-0.6493,-0.6421,-0.6345,-0.6265,-0.6179,-0.6088,-0.599,-0.5885,-0.577,-0.5645,-0.5509,-0.536,-0.5199,-0.5027,-0.4845,-0.4659,-0.4471,-0.4288,-0.4115,-0.3958,-0.3822,-0.3709,-0.3622,-0.3559,-0.3519,-0.3496,-0.3484,-0.3479,-0.3476,-0.3472,-0.3463,-0.3451,-0.3436,-0.342,-0.3402,-0.3385,-0.3371,-0.3358
-0.7022,-0.701,-0.6993,-0.6972,-0.6946,-0.6915,-0.6878,-0.6835,-0.6788,-0.6735,-0.6676,-0.6613,-0.6545,-0.6472,-0.6395,-0.6314,-0.6228,-0.6136,-0.6038,-0.5932,-0.5817,-0.569,-0.555,-0.5396,-0.5228,-0.5047,-0.4855,-0.4656,-0.4456,-0.426,-0.4076,-0.3909,-0.3767,-0.3653,-0.3568,-0.3511,-0.3479,-0.3466,-0.3464,-0.3468,-0.3471,-0.347,-0.3463,-0.345,-0.3432,-0.3412,-0.3391,-0.3371,-0.3353,-0.3339
-0.7074,-0.7064,-0.7048,-0.7028,-0.7003,-0.6972,-0.6935,-0.6893,-0.6845,-0.6791,-0.6732,-0.6668,-0.6599,-0.6525,-0.6447,-0.6365,-0.6279,-0.6187,-0.6089,-0.5983,-0.5867,-0.5738,-0.5595,-0.5436,-0.5261,-0.507,-0.4867,-0.4654,-0.4439,-0.4229,-0.4032,-0.3856,-0.3708,-0.3592,-0.351,-0.3461,-0.344,-0.344,-0.345,-0.3464,-0.3474,-0.3476,-0.3469,-0.3454,-0.3433,-0.3409,-0.3383,-0.3359,-0.3337,-0.332
-0.7128,-0.7119,-0.7105,-0.7086,-0.7062,-0.7032,-0.6995,-0.6953,-0.6905,-0.685,-0.679,-0.6725,-0.6654,-0.6579,-0.65,-0.6418,-0.6331,-0.6239,-0.6142,-0.6036,-0.592,-0.5791,-0.5645,-0.5481,-0.5299,-0.5098,-0.4881,-0.4653,-0.4422,-0.4196,-0.3985,-0.3798,-0.3643,-0.3526,-0.3449,-0.3411,-0.3403,-0.3418,-0.3443,-0.3469,-0.3486,-0.3492,-0.3484,-0.3465,-0.3439,-0.3409,-0.3377,-0.3348,-0.3322,-0.3301
-0.7183,-0.7176,-0.7164,-0.7146,-0.7123,-0.7094,-0.7058,-0.7016,-0.6967,-0.6912,-0.685,-0.6783,-0.6712,-0.6635,-0.6555,-0.6472,-0.6385,-0.6294,-0.6197,-0.6092,-0.5977,-0.5847,-0.57,-0.5532,-0.5341,-0.5129,-0.4898,-0.4654,-0.4404,-0.416,-0.3933,-0.3733,-0.3571,-0.3454,-0.3384,-0.3358,-0.3368,-0.3402,-0.3445,-0.3484,-0.3509,-0.3517,-0.3507,-0.3483,-0.345,-0.3412,-0.3374,-0.3338,-0.3307,-0.3282
-0.724,-0.7235,-0.7225,-0.7209,-0.7187,-0.7159,-0.7123,-0.7081,-0.7032,-0.6976,-0.6913,-0.6845,-0.6771,-0.6693,-0.6611,-0.6527,-0.644,-0.6349,-0.6254,-0.6151,-0.6037,-0.5908,-0.576,-0.5587,-0.5389,-0.5165,-0.4918,-0.4655,-0.4385,-0.412,-0.3874,-0.3661,-0.3491,-0.3374,-0.3313,-0.3303,-0.3334,-0.3391,-0.3455,-0.351,-0.3544,-0.3553,-0.3539,-0.3508,-0.3465,-0.3418,-0.3371,-0.3329,-0.3292,-0.3263
-0.7299,-0.7296,-0.7288,-0.7274,-0.7253,-0.7226,-0.7192,-0.7149,-0.71,-0.7043,-0.6978,-0.6908,-0.6832,-0.6752,-0.6669,-0.6583,-0.6496,-0.6406,-0.6313,-0.6212,-0.6101,-0.5974,-0.5825,-0.5649,-0.5443,-0.5206,-0.4942,-0.4658,-0.4364,-0.4076,-0.3808,-0.3578,-0.34,-0.3284,-0.3233,-0.3244,-0.3302,-0.3387,-0.3476,-0.3548,-0.3591,-0.36,-0.358,-0.3538,-0.3484,-0.3425,-0.3369,-0.3319,-0.3276,-0.3243
-0.7359,-0.7359,-0.7353,-0.7341,-0.7323,-0.7297,-0.7263,-0.7221,-0.7171,-0.7113,-0.7047,-0.6974,-0.6896,-0.6813,-0.6728,-0.6641,-0.6553,-0.6464,-0.6373,-0.6276,-0.6169,-0.6045,-0.5896,-0.5718,-0.5504,-0.5253,-0.497,-0.4662,-0.4341,-0.4025,-0.3733,-0.3484,-0.3296,-0.3181,-0.3144,-0.3178,-0.3268,-0.3387,-0.3505,-0.3598,-0.3649,-0.3657,-0.3627,-0.3572,-0.3504,-0.3433,-0.3366,-0.3308,-0.3259,-0.3221
-0.7422,-0.7424,-0.7421,-0.7412,-0.7395,-0.7371,-0.7338,-0.7296,-0.7245,-0.7186,-0.7118,-0.7043,-0.6962,-0.6876,-0.6788,-0.6699,-0.661,-0.6522,-0.6434,-0.6341,-0.6239,-0.612,-0.5974,-0.5793,-0.5571,-0.5306,-0.5002,-0.4666,-0.4315,-0.3967,-0.3646,-0.3375,-0.3175,-0.3061,-0.3039,-0.3103,-0.323,-0.3389,-0.3542,-0.3657,-0.3717,-0.3721,-0.3679,-0.3609,-0.3525,-0.344,-0.3361,-0.3294,-0.3239,-0.3197
-0.7486,-0.7491,-0.7491,-0.7485,-0.747,-0.7448,-0.7416,-0.7375,-0.7324,-0.7263,-0.7193,-0.7115,-0.703,-0.6941,-0.6849,-0.6757,-0.6668,-0.658,-0.6495,-0.6408,-0.6313,-0.6199,-0.6058,-0.5876,-0.5646,-0.5366,-0.5037,-0.4671,-0.4284,-0.39,-0.3545,-0.3247,-0.3033,-0.292,-0.2915,-0.3011,-0.3183,-0.3389,-0.3582,-0.3722,-0.3791,-0.3788,-0.3732,-0.3643,-0.3542,-0.3442,-0.3352,-0.3276,-0.3215,-0.3169
-0.7552,-0.7561,-0.7564,-0.7561,-0.7549,-0.7529,-0.7499,-0.7458,-0.7407,-0.7345,-0.7273,-0.7191,-0.7102,-0.7008,-0.6912,-0.6817,-0.6725,-0.6638,-0.6556,-0.6475,-0.6388,-0.6283,-0.6147,-0.5966,-0.5729,-0.5432,-0.5077,-0.4676,-0.4248,-0.3821,-0.3426,-0.3097,-0.2865,-0.275,-0.2764,-0.2897,-0.3118,-0.3378,-0.3616,-0.3785,-0.3862,-0.3851,-0.3778,-0.367,-0.3551,-0.3436,-0.3335,-0.3252,-0.3186,-0.3138
-0.762,-0.7633,-0.764,-0.764,-0.7631,-0.7614,-0.7586,-0.7546,-0.7495,-0.7431,-0.7356,-0.7271,-0.7177,-0.7078,-0.6976,-0.6876,-0.6781,-0.6694,-0.6615,-0.6541,-0.6464,-0.6371,-0.6243,-0.6064,-0.5819,-0.5504,-0.5119,-0.4679,-0.4204,-0.3727,-0.3286,-0.2919,-0.2663,-0.2545,-0.2576,-0.2748,-0.3025,-0.3344,-0.3634,-0.3834,-0.392,-0.3901,-0.3811,-0.3684,-0.3548,-0.342,-0.331,-0.322,-0.3151,-0.3101
-0.7689,-0.7707,-0.7718,-0.7722,-0.7718,-0.7703,-0.7677,-0.7639,-0.7588,-0.7523,-0.7446,-0.7356,-0.7257,-0.7151,-0.7043,-0.6936,-0.6837,-0.6748,-0.6672,-0.6606,-0.6541,-0.646,-0.6343,-0.6167,-0.5916,-0.5581,-0.5164,-0.4679,-0.4151,-0.3616,-0.3119,-0.2706,-0.242,-0.2293,-0.234,-0.2552,-0.2887,-0.3272,-0.3617,-0.3853,-0.3949,-0.3925,-0.382,-0.3676,-0.3527,-0.3389,-0.3273,-0.318,-0.3109,-0.3059
-0.7761,-0.7783,-0.7799,-0.7808,-0.7808,-0.7797,-0.7774,-0.7738,-0.7687,-0.7622,-0.7541,-0.7447,-0.7342,-0.7228,-0.7112,-0.6998,-0.6892,-0.68,-0.6725,-0.6667,-0.6615,-0.6551,-0.6447,-0.6276,-0.6017,-0.5661,-0.5208,-0.4674,-0.4085,-0.3483,-0.292,-0.2451,-0.2126,-0.1984,-0.2043,-0.2292,-0.2686,-0.3139,-0.3545,-0.382,-0.3933,-0.3907,-0.3793,-0.364,-0.3482,-0.334,-0.3221,-0.3128,-0.3059,-0.3011
-0.7834,-0.7861,-0.7883,-0.7897,-0.7902,-0.7895,-0.7876,-0.7843,-0.7793,-0.7727,-0.7644,-0.7545,-0.7433,-0.7311,-0.7184,-0.706,-0.6946,-0.6849,-0.6774,-0.6723,-0.6685,-0.6639,-0.6551,-0.6386,-0.612,-0.5741,-0.525,-0.466,-0.4002,-0.3323,-0.2683,-0.2146,-0.1772,-0.1605,-0.1668,-0.1951,-0.2401,-0.2922,-0.3392,-0.3713,-0.385,-0.3834,-0.3721,-0.3567,-0.341,-0.3269,-0.3154,-0.3064,-0.3,-0.2956
-0.7909,-0.7942,-0.7969,-0.7989,-0.8,-0.7999,-0.7985,-0.7954,-0.7906,-0.784,-0.7754,-0.765,-0.7531,-0.7399,-0.7262,-0.7126,-0.7001,-0.6896,-0.6818,-0.6772,-0.6749,-0.6723,-0.6652,-0.6494,-0.622,-0.5817,-0.5285,-0.4635,-0.39,-0.3131,-0.2399,-0.1781,-0.1344,-0.1142,-0.12,-0.1509,-0.2012,-0.2599,-0.3135,-0.3509,-0.3683,-0.369,-0.3593,-0.3452,-0.3306,-0.3175,-0.3069,-0.2988,-0.2931,-0.2895
-0.7985,-0.8024,-0.8058,-0.8085,-0.8103,-0.8108,-0.8099,-0.8073,-0.8028,-0.7962,-0.7874,-0.7765,-0.7638,-0.7496,-0.7346,-0.7196,-0.7057,-0.6941,-0.6857,-0.6813,-0.6802,-0.6797,-0.6744,-0.6592,-0.6309,-0.5884,-0.5309,-0.4595,-0.3773,-0.2902,-0.2063,-0.1347,-0.0833,-0.0583,-0.0626,-0.0952,-0.15,-0.2152,-0.2757,-0.3194,-0.342,-0.3468,-0.3405,-0.3292,-0.3168,-0.3056,-0.2966,-0.2899,-0.2854,-0.2827
-0.8062,-0.8108,-0.815,-0.8185,-0.821,-0.8223,-0.8221,-0.82,-0.8159,-0.8094,-0.8004,-0.7891,-0.7755,-0.7602,-0.7438,-0.7272,-0.7117,-0.6986,-0.6892,-0.6845,-0.6842,-0.6856,-0.682,-0.6671,-0.6381,-0.5933,-0.5317,-0.4535,-0.3617,-0.2631,-0.1668,-0.0836,-0.0229,0.0083,0.0065,-0.0272,-0.0861,-0.1574,-0.2251,-0.2762,-0.3057,-0.3167,-0.3156,-0.3086,-0.2997,-0.2914,-0.2847,-0.2798,-0.2767,-0.2753
-0.814,-0.8194,-0.8244,-0.8287,-0.8321,-0.8343,-0.8349,-0.8335,-0.8299,-0.8236,-0.8146,-0.8028,-0.7884,-0.772,-0.7541,-0.7357,-0.7182,-0.7033,-0.6925,-0.6869,-0.6867,-0.6892,-0.6868,-0.6721,-0.6426,-0.5961,-0.5305,-0.4452,-0.3431,-0.2314,-0.121,-0.0242,0.0475,0.0858,0.0872,0.0529,-0.0099,-0.0874,-0.1629,-0.2224,-0.2605,-0.2794,-0.2852,-0.2839,-0.2797,-0.2751,-0.2712,-0.2686,-0.2674,-0.2674
-0.8218,-0.8281,-0.8339,-0.8392,-0.8436,-0.8468,-0.8484,-0.8479,-0.8449,-0.839,-0.83,-0.8178,-0.8027,-0.7851,-0.7656,-0.7453,-0.7257,-0.7086,-0.6959,-0.6889,-0.6876,-0.69,-0.6879,-0.6735,-0.6441,-0.5965,-0.5271,-0.4345,-0.3213,-0.1952,-0.0688,0.0433,0.1274,0.1738,0.1785,0.1433,0.0763,-0.0079,-0.0916,-0.1605,-0.2083,-0.2365,-0.2505,-0.2561,-0.2574,-0.2571,-0.2566,-0.2566,-0.2574,-0.2591
-0.8297,-0.8368,-0.8437,-0.85,-0.8555,-0.8599,-0.8627,-0.8633,-0.8611,-0.8557,-0.8468,-0.8343,-0.8184,-0.7996,-0.7786,-0.7564,-0.7344,-0.7147,-0.6998,-0.691,-0.688,-0.6883,-0.6855,-0.6719,-0.6433,-0.5947,-0.5215,-0.4215,-0.2965,-0.155,-0.011,0.1179,0.2154,0.2701,0.2776,0.2404,0.1683,0.0769,-0.0154,-0.094,-0.152,-0.1902,-0.2131,-0.2261,-0.2334,-0.2378,-0.2411,-0.244,-0.2471,-0.2505
-0.8375,-0.8456,-0.8534,-0.861,-0.8678,-0.8735,-0.8777,-0.8795,-0.8785,-0.8738,-0.8651,-0.8523,-0.8356,-0.8158,-0.7933,-0.7692,-0.7446,-0.7221,-0.7045,-0.6936,-0.6889,-0.687,-0.6829,-0.6698,-0.6415,-0.5915,-0.5143,-0.4065,-0.2695,-0.1119,0.0505,0.197,0.3082,0.3706,0.3796,0.3391,0.2607,0.1616,0.0608,-0.0272,-0.0951,-0.1429,-0.1747,-0.1952,-0.2087,-0.2181,-0.2252,-0.2311,-0.2366,-0.2418
-0.8452,-0.8543,-0.8633,-0.872,-0.8803,-0.8876,-0.8933,-0.8968,-0.8971,-0.8933,-0.8849,-0.8718,-0.8543,-0.8334,-0.8097,-0.7838,-0.7567,-0.7309,-0.7099,-0.6966,-0.6909,-0.6892,-0.6844,-0.6701,-0.6402,-0.5875,-0.5057,-0.3901,-0.2413,-0.0679,0.1125,0.2762,0.4002,0.4689,0.4777,0.4325,0.3472,0.2407,0.1322,0.0361,-0.0405,-0.0971,-0.137,-0.1647,-0.1842,-0.1984,-0.2093,-0.2183,-0.2261,-0.2332
-0.8528,-0.8628,-0.873,-0.8831,-0.8929,-0.902,-0.9096,-0.9149,-0.9169,-0.9144,-0.9065,-0.8929,-0.8744,-0.8523,-0.8276,-0.8005,-0.7711,-0.7416,-0.7164,-0.6997,-0.6929,-0.6927,-0.6887,-0.6723,-0.6392,-0.5829,-0.4959,-0.3729,-0.2135,-0.026,0.1706,0.3495,0.4842,0.5571,0.5642,0.5135,0.4217,0.3091,0.1947,0.0924,0.009,-0.0548,-0.1017,-0.1358,-0.1607,-0.1793,-0.1939,-0.2058,-0.2159,-0.2249
-0.8601,-0.8712,-0.8825,-0.8941,-0.9056,-0.9166,-0.9263,-0.9339,-0.9381,-0.9372,-0.9298,-0.9156,-0.8956,-0.872,-0.8465,-0.8189,-0.788,-0.7549,-0.7246,-0.7033,-0.6942,-0.6941,-0.6909,-0.6733,-0.6372,-0.577,-0.4853,-0.356,-0.1879,0.0106,0.2196,0.4097,0.5518,0.6267,0.6311,0.5757,0.4792,0.3629,0.2454,0.1395,0.0515,-0.0176,-0.07,-0.1093,-0.1389,-0.1615,-0.1794,-0.1939,-0.2062,-0.2169
-0.8671,-0.8792,-0.8918,-0.9049,-0.9181,-0.9312,-0.9434,-0.9537,-0.9605,-0.9617,-0.9552,-0.94,-0.9176,-0.8917,-0.8655,-0.8384,-0.8072,-0.7711,-0.7355,-0.7086,-0.6955,-0.6933,-0.6894,-0.671,-0.6327,-0.5692,-0.4737,-0.34,-0.1665,0.0385,0.2544,0.4505,0.5957,0.6706,0.6728,0.6148,0.5168,0.4001,0.2825,0.1758,0.0858,0.0135,-0.0428,-0.0861,-0.1194,-0.1454,-0.1661,-0.183,-0.1972,-0.2095
-0.8737,-0.8868,-0.9006,-0.9152,-0.9303,-0.9456,-0.9605,-0.9739,-0.984,-0.9881,-0.983,-0.9665,-0.9403,-0.9104,-0.883,-0.8576,-0.8279,-0.7904,-0.7499,-0.7169,-0.6985,-0.6919,-0.6851,-0.6653,-0.6253,-0.5595,-0.4616,-0.3258,-0.1509,0.0552,0.2716,0.4676,0.6119,0.6853,0.6866,0.6292,0.5335,0.4202,0.3058,0.2011,0.1114,0.0379,-0.0205,-0.0665,-0.1026,-0.1312,-0.1543,-0.1732,-0.1891,-0.2028
-0.8798,-0.8939,-0.9089,-0.9249,-0.9419,-0.9595,-0.9773,-0.9943,-1.0084,-1.0164,-1.0136,-0.9957,-0.9637,-0.9271,-0.8973,-0.8745,-0.8486,-0.8116,-0.7676,-0.7287,-0.704,-0.6914,-0.6799,-0.6574,-0.6155,-0.5483,-0.4497,-0.3145,-0.1419,0.0597,0.2704,0.4604,0.6,0.6713,0.6736,0.6202,0.5306,0.4241,0.3158,0.2156,0.1284,0.0556,-0.0035,-0.0509,-0.0889,-0.1194,-0.1442,-0.1647,-0.1821,-0.1969
-0.8854,-0.9003,-0.9164,-0.9338,-0.9526,-0.9725,-0.9933,-1.0141,-1.0329,-1.0461,-1.0473,-1.0286,-0.9884,-0.9407,-0.9062,-0.887,-0.8668,-0.8326,-0.7869,-0.7433,-0.7122,-0.6926,-0.6752,-0.6487,-0.6047,-0.5367,-0.4387,-0.3065,-0.14,0.0526,0.2522,0.4316,0.5639,0.6328,0.6379,0.5913,0.5108,0.4138,0.314,0.2202,0.1373,0.0668,0.0084,-0.0393,-0.0782,-0.1099,-0.1359,-0.1577,-0.1761,-0.1919
-0.8902,-0.9059,-0.9231,-0.9417,-0.9621,-0.9842,-1.0079,-1.0326,-1.0567,-1.0763,-1.0836,-1.0663,-1.0162,-0.9514,-0.9087,-0.8934,-0.8803,-0.8505,-0.8054,-0.7589,-0.722,-0.6955,-0.6716,-0.6406,-0.5942,-0.5256,-0.4295,-0.3023,-0.1446,0.0355,0.2206,0.3864,0.5096,0.576,0.5851,0.5472,0.4777,0.392,0.3022,0.2163,0.1389,0.0719,0.0154,-0.0317,-0.0706,-0.1028,-0.1296,-0.1521,-0.1713,-0.1879
-0.8944,-0.9107,-0.9287,-0.9484,-0.9702,-0.9942,-1.0205,-1.0489,-1.0781,-1.1048,-1.1206,-1.1082,-1.0487,-0.9614,-0.9065,-0.8942,-0.8879,-0.8633,-0.8206,-0.7732,-0.7322,-0.6995,-0.6695,-0.6339,-0.5849,-0.5162,-0.4228,-0.3018,-0.1547,0.011,0.1796,0.3306,0.4439,0.5078,0.5212,0.4927,0.4351,0.3615,0.2824,0.2052,0.1343,0.0717,0.0179,-0.0277,-0.066,-0.0981,-0.1252,-0.1481,-0.1678,-0.1848
-0.8977,-0.9146,-0.9332,-0.9538,-0.9766,-1.0021,-1.0304,-1.0617,-1.0953,-1.1285,-1.1533,-1.1491,-1.0848,-0.9746,-0.9052,-0.8932,-0.8909,-0.8705,-0.8312,-0.7847,-0.7414,-0.7039,-0.6686,-0.6286,-0.5773,-0.5088,-0.4187,-0.3049,-0.1691,-0.0186,0.1333,0.2693,0.3728,0.434,0.4517,0.4323,0.3864,0.3247,0.2565,0.1884,0.1244,0.0669,0.0164,-0.027,-0.0641,-0.0957,-0.1226,-0.1456,-0.1655,-0.1827
-0.9002,-0.9174,-0.9365,-0.9576,-0.9811,-1.0075,-1.0371,-1.0702,-1.1065,-1.144,-1.1751,-1.1784,-1.1156,-0.9936,-0.9122,-0.8951,-0.8918,-0.8733,-0.8373,-0.7928,-0.7486,-0.7079,-0.6684,-0.6249,-0.5718,-0.5038,-0.4174,-0.3111,-0.1867,-0.0509,0.085,0.2067,0.3008,0.3592,0.3805,0.3695,0.3343,0.284,0.2263,0.1671,0.1103,0.0581,0.0115,-0.0294,-0.0648,-0.0954,-0.1217,-0.1445,-0.1643,-0.1817
-0.9019,-0.9192,-0.9384,-0.9598,-0.9836,-1.0102,-1.0402,-1.0738,-1.1106,-1.1488,-1.1809,-1.1862,-1.1284,-1.0128,-0.9282,-0.9019,-0.8927,-0.8735,-0.8398,-0.7976,-0.7536,-0.7111,-0.6686,-0.6225,-0.568,-0.5011,-0.4186,-0.3196,-0.2062,-0.0842,0.0369,0.1456,0.2311,0.2866,0.3107,0.3068,0.2813,0.2413,0.1934,0.1428,0.0929,0.0461,0.0036,-0.0344,-0.0678,-0.0971,-0.1226,-0.1448,-0.1644,-0.1816
-0.9026,-0.92,-0.9391,-0.9604,-0.984,-1.0103,-1.0397,-1.0723,-1.1076,-1.143,-1.171,-1.1727,-1.1212,-1.0241,-0.9457,-0.9112,-0.8941,-0.8723,-0.8398,-0.7996,-0.7564,-0.713,-0.6688,-0.6209,-0.5659,-0.5003,-0.4219,-0.33,-0.2269,-0.1173,-0.0094,0.0877,0.1653,0.218,0.2441,0.2462,0.2289,0.198,0.159,0.1162,0.0731,0.0317,-0.0068,-0.0416,-0.0728,-0.1005,-0.1249,-0.1465,-0.1655,-0.1824
-0.9025,-0.9197,-0.9385,-0.9594,-0.9824,-1.0079,-1.0359,-1.0664,-1.0984,-1.1287,-1.1498,-1.1465,-1.1018,-1.0252,-0.9578,-0.9191,-0.8952,-0.8703,-0.838,-0.7994,-0.7573,-0.7138,-0.6687,-0.62,-0.565,-0.5012,-0.4268,-0.3417,-0.2478,-0.1494,-0.053,0.0339,0.1045,0.1543,0.1818,0.1885,0.1781,0.1551,0.124,0.0885,0.0516,0.0153,-0.019,-0.0507,-0.0796,-0.1055,-0.1286,-0.1492,-0.1677,-0.1841
-0.9015,-0.9183,-0.9367,-0.9569,-0.979,-1.0031,-1.0292,-1.0568,-1.0845,-1.1089,-1.1231,-1.1159,-1.0783,-1.0187,-0.9625,-0.9233,-0.8951,-0.8674,-0.835,-0.7976,-0.7566,-0.7136,-0.6683,-0.6194,-0.5651,-0.5033,-0.4329,-0.3541,-0.2685,-0.1799,-0.0936,-0.0155,0.0489,0.0959,0.1241,0.1345,0.1298,0.1135,0.0892,0.0602,0.029,-0.0024,-0.0328,-0.0614,-0.0877,-0.1118,-0.1335,-0.1531,-0.1707,-0.1866
-0.8997,-0.916,-0.9338,-0.953,-0.9739,-0.9964,-1.0201,-1.0445,-1.0677,-1.0865,-1.095,-1.0857,-1.0544,-1.0077,-0.961,-0.9234,-0.893,-0.8636,-0.831,-0.7945,-0.7546,-0.7123,-0.6674,-0.619,-0.5657,-0.5063,-0.4398,-0.3667,-0.2886,-0.2086,-0.1309,-0.0604,-0.0015,0.0428,0.0713,0.0844,0.0843,0.0735,0.0552,0.0318,0.0058,-0.0211,-0.0477,-0.0732,-0.0971,-0.1192,-0.1395,-0.1579,-0.1747,-0.1899
-0.8972,-0.9129,-0.9298,-0.948,-0.9675,-0.9881,-1.0093,-1.0303,-1.0493,-1.0632,-1.0677,-1.0577,-1.0316,-0.9942,-0.9549,-0.9199,-0.8889,-0.8586,-0.8261,-0.7904,-0.7517,-0.7103,-0.6661,-0.6186,-0.5668,-0.5098,-0.4472,-0.3794,-0.3078,-0.2352,-0.1651,-0.1012,-0.0471,-0.0053,0.023,0.0382,0.0417,0.0356,0.0222,0.0039,-0.0175,-0.0403,-0.0633,-0.0859,-0.1074,-0.1276,-0.1463,-0.1635,-0.1794,-0.1938
-0.8939,-0.9089,-0.9249,-0.942,-0.9599,-0.9785,-0.9972,-1.0151,-1.0303,-1.0405,-1.0421,-1.0322,-1.0101,-0.9793,-0.9457,-0.9135,-0.883,-0.8526,-0.8205,-0.7856,-0.7479,-0.7076,-0.6645,-0.6182,-0.5682,-0.5137,-0.4548,-0.3918,-0.3261,-0.2599,-0.1962,-0.138,-0.0882,-0.0488,-0.0208,-0.0042,0.0022,-0.0002,-0.0093,-0.0233,-0.0406,-0.0597,-0.0795,-0.0993,-0.1184,-0.1367,-0.1539,-0.1699,-0.1847,-0.1984
-0.8901,-0.9043,-0.9193,-0.9351,-0.9515,-0.9682,-0.9844,-0.9994,-1.0115,-1.0186,-1.0184,-1.0088,-0.9899,-0.9639,-0.9346,-0.905,-0.8756,-0.8457,-0.8141,-0.7801,-0.7435,-0.7044,-0.6626,-0.6178,-0.5696,-0.5178,-0.4623,-0.4037,-0.3432,-0.2827,-0.2246,-0.1713,-0.1253,-0.0881,-0.0607,-0.043,-0.0345,-0.0338,-0.0393,-0.0497,-0.0633,-0.0791,-0.0959,-0.113,-0.13,-0.1464,-0.1621,-0.1768,-0.1906,-0.2034
