docs/data/wind_grid.json
[{"header":{"la1":42.85,"la2":41.18,"lo1":11.55,"lo2":14.05,"nx":36,"ny":24,"dx":0.07143,"dy":0.07261,"parameterCategory":2,"parameterNumber":2,"parameterNumberName":"eastward_wind","parameterUnit":"m.s-1"},"data":[-0.2012,-0.2166,-0.2334,-0.2512,-0.2694,-0.2865,-0.3008,-0.3106,-0.3149,-0.3147,-0.3129,-0.313,-0.3183,-0.3308,-0.3509,-0.3772,-0.4064,-0.4337,-0.4537,-0.4622,-0.458,-0.4427,-0.4196,-0.3925,-0.3643,-0.3369,-0.3114,-0.2882,-0.2675,-0.2491,-0.233,-0.2188,-0.2063,-0.1954,-0.1857,-0.1771,-0.2053,-0.2233,-0.2436,-0.2661,-0.2901,-0.3139,-0.3342,-0.3472,-0.3504,-0.3448,-0.3353,-0.3287,-0.3307,-0.3444,-0.3708,-0.4081,-0.4517,-0.4938,-0.5245,-0.5362,-0.5272,-0.5017,-0.4665,-0.4279,-0.3901,-0.3552,-0.324,-0.2967,-0.273,-0.2526,-0.2349,-0.2197,-0.2066,-0.1952,-0.1853,-0.1766,-0.2084,-0.229,-0.2534,-0.2819,-0.3145,-0.3492,-0.3809,-0.4016,-0.4039,-0.3882,-0.3642,-0.345,-0.3402,-0.3546,-0.3893,-0.4429,-0.5097,-0.5768,-0.626,-0.6416,-0.6216,-0.577,-0.5219,-0.4666,-0.4162,-0.3723,-0.3349,-0.3033,-0.2767,-0.2543,-0.2354,-0.2194,-0.2059,-0.1942,-0.1842,-0.1755,-0.2096,-0.2328,-0.2614,-0.297,-0.341,-0.3931,-0.4469,-0.4861,-0.4899,-0.4545,-0.4022,-0.3603,-0.3439,-0.3578,-0.4031,-0.4797,-0.5829,-0.6945,-0.7777,-0.797,-0.7514,-0.6707,-0.5838,-0.5056,-0.4399,-0.3862,-0.3425,-0.3069,-0.2778,-0.2539,-0.2341,-0.2177,-0.2039,-0.1923,-0.1824,-0.1738,-0.2085,-0.2334,-0.2654,-0.3076,-0.3649,-0.4419,-0.5362,-0.6196,-0.6342,-0.5576,-0.4492,-0.3696,-0.3367,-0.3493,-0.4063,-0.5115,-0.6684,-0.8582,-1.0076,-1.0267,-0.9228,-0.7773,-0.6446,-0.5387,-0.4571,-0.3942,-0.3452,-0.3065,-0.2757,-0.2509,-0.2308,-0.2144,-0.2008,-0.1895,-0.18,-0.1718,-0.2044,-0.2298,-0.2631,-0.309,-0.3763,-0.4795,-0.6338,-0.8121,-0.8657,-0.6998,-0.49,-0.3605,-0.3114,-0.3236,-0.3909,-0.5232,-0.7426,-1.0507,-1.322,-1.3284,-1.1102,-0.8706,-0.6871,-0.5564,-0.4627,-0.3936,-0.3414,-0.3012,-0.2698,-0.2451,-0.2254,-0.2095,-0.1966,-0.186,-0.177,-0.1694,-0.1973,-0.2217,-0.2534,-0.2973,-0.3636,-0.4743,-0.6696,-0.9612,-1.0859,-0.7862,-0.4707,-0.3127,-0.2616,-0.2775,-0.3506,-0.4947,-0.7478,-1.1481,-1.548,-1.5344,-1.2025,-0.8974,-0.6891,-0.5497,-0.4528,-0.3826,-0.3304,-0.2907,-0.2601,-0.2365,-0.2179,-0.2032,-0.1915,-0.1819,-0.1738,-0.1669,-0.1878,-0.2101,-0.2378,-0.2738,-0.3247,-0.4063,-0.5509,-0.7755,-0.8603,-0.5868,-0.3303,-0.216,-0.1879,-0.2131,-0.287,-0.4222,-0.6466,-0.9862,-1.3248,-1.3335,-1.0741,-0.8223,-0.6422,-0.5168,-0.4272,-0.3613,-0.3121,-0.275,-0.2468,-0.2253,-0.2087,-0.1959,-0.1857,-0.1775,-0.1706,-0.1646,-0.1769,-0.197,-0.2203,-0.2471,-0.2775,-0.3116,-0.3484,-0.3707,-0.3144,-0.1861,-0.1104,-0.0923,-0.1023,-0.1384,-0.2112,-0.3332,-0.5097,-0.7247,-0.9069,-0.9416,-0.836,-0.693,-0.5665,-0.4664,-0.3898,-0.3317,-0.2878,-0.2549,-0.2304,-0.212,-0.1983,-0.188,-0.1799,-0.1734,-0.1679,-0.1629,-0.1656,-0.1844,-0.2057,-0.2282,-0.248,-0.2551,-0.2244,-0.1074,0.117,0.2226,0.1086,0.0189,-0.0226,-0.0614,-0.1327,-0.2594,-0.4349,-0.6113,-0.7235,-0.7402,-0.6806,-0.5869,-0.4921,-0.4107,-0.3459,-0.2962,-0.259,-0.2316,-0.2118,-0.1976,-0.1875,-0.1803,-0.1748,-0.1703,-0.1663,-0.1623,-0.1539,-0.1729,-0.1955,-0.2215,-0.2494,-0.2712,-0.2569,-0.0966,0.4355,0.6806,0.2547,0.0838,0.039,0.0151,-0.0478,-0.2077,-0.4642,-0.7275,-0.8356,-0.7706,-0.6465,-0.5282,-0.4311,-0.3556,-0.2988,-0.2571,-0.2271,-0.2062,-0.1921,-0.1831,-0.1774,-0.1738,-0.1714,-0.1691,-0.1666,-0.1636,-0.1413,-0.1611,-0.1868,-0.2213,-0.2698,-0.3404,-0.4373,-0.4707,-0.003,0.3738,0.1796,0.1018,0.0809,0.0721,0.0549,-0.1695,-0.615,-1.2018,-1.3154,-0.9745,-0.6757,-0.4887,-0.3729,-0.2982,-0.2484,-0.2152,-0.1935,-0.1801,-0.1729,-0.1698,-0.1693,-0.1701,-0.1709,-0.171,-0.1699,-0.1675,-0.1266,-0.1464,-0.174,-0.2145,-0.2785,-0.3865,-0.5715,-0.7966,-0.5663,-0.0924,0.0859,0.1315,0.1228,0.1255,0.1361,-0.1676,-0.7808,-2.0118,-2.0327,-1.1386,-0.6513,-0.4172,-0.2978,-0.232,-0.1936,-0.1713,-0.1595,-0.1551,-0.1557,-0.1596,-0.1651,-0.1708,-0.1753,-0.1777,-0.1775,-0.175,-0.1088,-0.1268,-0.1523,-0.1906,-0.2508,-0.3482,-0.4957,-0.6477,-0.5008,-0.0914,0.1269,0.1823,0.1756,0.1017,0.044,-0.2321,-0.6687,-1.3999,-1.4975,-0.8701,-0.4664,-0.2786,-0.1955,-0.1555,-0.1354,-0.1272,-0.1273,-0.133,-0.1426,-0.1545,-0.167,-0.1784,-0.1868,-0.1911,-0.191,-0.1872,-0.0878,-0.1018,-0.1213,-0.1493,-0.1895,-0.2445,-0.3039,-0.3116,-0.1542,0.1244,0.3013,0.2789,0.1805,0.1005,0.0248,-0.4056,-0.798,-0.6646,-0.6189,-0.3877,-0.1735,-0.094,-0.0793,-0.0762,-0.0785,-0.0867,-0.0998,-0.1165,-0.1359,-0.1568,-0.1777,-0.196,-0.2088,-0.2141,-0.2123,-0.2053,-0.0645,-0.0731,-0.0843,-0.0985,-0.1149,-0.1281,-0.1213,-0.0583,0.1031,0.373,0.7216,0.4347,0.3275,0.2029,0.09,-0.2697,-0.5869,-0.3432,-0.1798,-0.0543,0.0585,0.0533,0.0175,-0.0065,-0.0295,-0.0544,-0.0805,-0.1082,-0.1376,-0.1686,-0.2,-0.2276,-0.2455,-0.2501,-0.2433,-0.2296,-0.0402,-0.0431,-0.046,-0.0477,-0.0452,-0.0319,0.005,0.0841,0.2232,0.4347,0.6816,0.5175,0.4248,0.4229,0.3057,0.1638,0.0334,0.0795,0.1529,0.1329,0.1012,0.0977,0.082,0.0486,0.0059,-0.0355,-0.0722,-0.1094,-0.149,-0.1913,-0.2364,-0.2777,-0.3019,-0.302,-0.2844,-0.2594,-0.0164,-0.0142,-0.0102,-0.0027,0.0114,0.0373,0.082,0.1532,0.2531,0.3695,0.4518,0.4481,0.4626,0.4991,0.6666,0.7308,0.478,0.3659,0.3899,0.3267,0.2364,0.1883,0.1545,0.0965,0.0236,-0.0319,-0.0696,-0.1187,-0.1718,-0.2245,-0.2857,-0.3475,-0.3791,-0.3677,-0.3315,-0.2904,0.0057,0.0119,0.0209,0.0342,0.0542,0.0841,0.1271,0.1852,0.2558,0.328,0.3857,0.43,0.5009,0.7065,1.3891,1.6582,0.8509,0.5031,0.4732,0.5552,0.4485,0.3399,0.2562,0.1474,0.0235,-0.0297,-0.0435,-0.1402,-0.216,-0.2666,-0.336,-0.4201,-0.4583,-0.4291,-0.371,-0.3141,0.0256,0.0347,0.0468,0.0632,0.0855,0.1153,0.1541,0.2017,0.2558,0.312,0.3678,0.4333,0.545,0.7996,1.3154,1.4618,0.912,0.6416,0.766,0.8612,0.6263,0.5044,0.4058,0.2314,0.0161,-0.0587,-0.0655,-0.2659,-0.314,-0.3163,-0.3624,-0.4468,-0.4862,-0.4496,-0.3832,-0.3207,0.0428,0.0538,0.0677,0.0855,0.108,0.1363,0.1708,0.2112,0.2563,0.3052,0.3596,0.4285,0.532,0.6968,0.8915,0.926,0.7633,0.6597,0.7127,0.7495,0.7077,0.747,0.7055,0.4258,0.0227,-0.353,-0.7285,-0.6718,-0.4718,-0.367,-0.3581,-0.4071,-0.4373,-0.4128,-0.3602,-0.3062,0.0575,0.0695,0.0843,0.1023,0.1242,0.1505,0.1814,0.2166,0.2559,0.2994,0.3491,0.4096,0.4872,0.5807,0.6624,0.6829,0.6458,0.6223,0.6504,0.7156,0.8855,1.2355,1.3142,0.8043,0.1282,-0.5382,-1.0511,-0.8743,-0.5544,-0.3887,-0.3374,-0.3464,-0.36,-0.3477,-0.3149,-0.2762,0.0697,0.0822,0.0972,0.1149,0.1357,0.1599,0.1877,0.2189,0.2535,0.2918,0.3349,0.3841,0.4399,0.4973,0.5434,0.5657,0.5704,0.584,0.6329,0.7549,1.0563,1.5938,1.7427,1.0976,0.328,-0.2947,-0.655,-0.6384,-0.4735,-0.3533,-0.3006,-0.2903,-0.2913,-0.2838,-0.2647,-0.2396,0.0796,0.0923,0.107,0.124,0.1436,0.1659,0.1909,0.2186,0.2491,0.2824,0.3188,0.3582,0.3997,0.4397,0.4732,0.4977,0.5184,0.5497,0.6126,0.7424,0.9917,1.3212,1.3799,0.9743,0.431,-0.0159,-0.283,-0.3581,-0.3257,-0.2768,-0.2472,-0.2369,-0.2342,-0.2291,-0.2181,-0.2027]},{"header":{"la1":42.85,"la2":41.18,"lo1":11.55,"lo2":14.05,"nx":36,"ny":24,"dx":0.07143,"dy":0.07261,"parameterCategory":2,"parameterNumber":3,"parameterNumberName":"northward_wind","parameterUnit":"m.s-1"},"data":[0.0544,0.0767,0.1027,0.1319,0.1627,0.1924,0.2172,0.2331,0.2374,0.2304,0.2154,0.1969,0.1792,0.1648,0.1543,0.1476,0.1434,0.1406,0.1376,0.1333,0.1272,0.1192,0.1095,0.0987,0.087,0.0749,0.0624,0.0498,0.0371,0.0244,0.0119,-0.0004,-0.0123,-0.0237,-0.0345,-0.0446,0.0512,0.0775,0.1097,0.1477,0.1901,0.2335,0.2713,0.2956,0.3003,0.2855,0.2578,0.2265,0.1989,0.1782,0.1649,0.1576,0.1546,0.1534,0.1519,0.1482,0.1414,0.1318,0.1201,0.1072,0.0936,0.0797,0.0656,0.0514,0.0373,0.0233,0.0095,-0.004,-0.017,-0.0294,-0.0411,-0.052,0.0442,0.0743,0.1134,0.1626,0.2219,0.2872,0.3488,0.3903,0.3968,0.3668,0.3152,0.2617,0.2188,0.19,0.1738,0.167,0.1665,0.1688,0.1701,0.1672,0.1591,0.1467,0.1319,0.1161,0.1001,0.0842,0.0683,0.0525,0.0368,0.0213,0.006,-0.0088,-0.0231,-0.0366,-0.0493,-0.061,0.0315,0.0646,0.1103,0.1725,0.2543,0.3546,0.4607,0.5403,0.5534,0.4915,0.3924,0.3007,0.236,0.1979,0.1798,0.1752,0.1795,0.1881,0.1946,0.1929,0.1815,0.1641,0.1445,0.125,0.1062,0.088,0.0703,0.0527,0.0353,0.0182,0.0013,-0.0151,-0.0307,-0.0455,-0.0593,-0.0718,0.0117,0.0454,0.0954,0.1693,0.2771,0.4278,0.6149,0.7823,0.8188,0.6845,0.4888,0.3351,0.2439,0.1987,0.1816,0.1815,0.1933,0.2127,0.229,0.2283,0.2094,0.1828,0.1565,0.1327,0.1111,0.0908,0.0712,0.0519,0.0327,0.0137,-0.005,-0.0231,-0.0404,-0.0566,-0.0715,-0.0849,-0.0165,0.014,0.0628,0.1415,0.2691,0.4746,0.7845,1.1391,1.2495,0.949,0.5746,0.3426,0.2328,0.1896,0.1787,0.185,0.2054,0.24,0.2735,0.2726,0.2385,0.1988,0.1653,0.1378,0.114,0.0921,0.0709,0.0498,0.0287,0.0076,-0.0131,-0.0333,-0.0525,-0.0703,-0.0865,-0.1008,-0.0533,-0.031,0.0084,0.078,0.2023,0.4278,0.8311,1.4196,1.6652,1.1082,0.5507,0.2881,0.1947,0.1712,0.173,0.1854,0.2096,0.2541,0.3045,0.3021,0.2525,0.2038,0.1673,0.139,0.1147,0.0919,0.0693,0.0464,0.0231,-0.0003,-0.0236,-0.0463,-0.0677,-0.0874,-0.105,-0.1202,-0.0969,-0.0878,-0.0668,-0.0234,0.0629,0.2315,0.5503,1.0355,1.225,0.7318,0.3086,0.1578,0.1361,0.1523,0.1714,0.1863,0.2034,0.2349,0.274,0.2729,0.2327,0.1924,0.1615,0.1364,0.1134,0.0904,0.0667,0.0418,0.0159,-0.0106,-0.037,-0.0626,-0.0867,-0.1086,-0.1278,-0.1439,-0.1439,-0.1514,-0.155,-0.1498,-0.1264,-0.0691,0.0361,0.1528,0.1276,-0.0319,-0.0748,-0.0034,0.086,0.1511,0.1854,0.1964,0.1967,0.2005,0.2106,0.2095,0.1923,0.1713,0.1517,0.1323,0.1116,0.0887,0.0635,0.036,0.0068,-0.0235,-0.0539,-0.0834,-0.1109,-0.1354,-0.1563,-0.1732,-0.1896,-0.2141,-0.2438,-0.2792,-0.3207,-0.3684,-0.4283,-0.5388,-0.7525,-0.7973,-0.4585,-0.1219,0.0846,0.19,0.228,0.2239,0.1973,0.1685,0.1546,0.154,0.1551,0.1524,0.1443,0.1306,0.1117,0.0881,0.0605,0.0295,-0.0042,-0.0396,-0.0754,-0.11,-0.1419,-0.1695,-0.1922,-0.2095,-0.2289,-0.2682,-0.3201,-0.3901,-0.4847,-0.6088,-0.7566,-0.9287,-1.3334,-1.5466,-0.7107,-0.1246,0.1597,0.2807,0.3041,0.27,0.197,0.1132,0.0771,0.0959,0.1255,0.1428,0.1451,0.1352,0.1161,0.0901,0.0586,0.0225,-0.0173,-0.0598,-0.1029,-0.1445,-0.182,-0.2135,-0.2379,-0.255,-0.2579,-0.3071,-0.374,-0.4668,-0.5974,-0.7779,-1.0011,-1.1653,-1.2097,-1.2057,-0.5297,0.0134,0.282,0.3897,0.3954,0.328,0.1798,-0.0442,-0.0965,0.0177,0.108,0.1505,0.1605,0.1499,0.1268,0.0957,0.0585,0.0155,-0.0328,-0.085,-0.1386,-0.1898,-0.235,-0.2712,-0.2969,-0.3123,-0.2741,-0.3271,-0.3992,-0.4995,-0.6423,-0.847,-1.1261,-1.3866,-1.1977,-0.7293,-0.2035,0.2023,0.3787,0.4418,0.4581,0.3985,0.1967,-0.3437,-0.3626,-0.0291,0.1316,0.1917,0.199,0.1784,0.1453,0.106,0.0611,0.0092,-0.0505,-0.1167,-0.1855,-0.2509,-0.3067,-0.3483,-0.374,-0.3852,-0.2772,-0.328,-0.3955,-0.487,-0.6129,-0.7863,-1.0084,-1.2086,-1.0366,-0.4835,-0.0111,0.3252,0.4351,0.7363,0.5406,0.5616,0.5243,0.0185,-0.1155,0.0986,0.242,0.2923,0.2713,0.2224,0.171,0.1213,0.0684,0.0059,-0.0694,-0.1563,-0.2484,-0.3354,-0.4063,-0.4536,-0.4761,-0.478,-0.2689,-0.3128,-0.3686,-0.4397,-0.5292,-0.6362,-0.7409,-0.768,-0.5767,-0.2237,0.0591,0.2786,0.5035,0.779,0.5922,0.9099,1.4056,0.6504,0.2887,0.3214,0.4774,0.4942,0.3832,0.2751,0.1994,0.1428,0.0852,0.0111,-0.0864,-0.2053,-0.3347,-0.456,-0.5486,-0.6002,-0.6122,-0.5954,-0.2523,-0.2868,-0.3278,-0.3752,-0.4265,-0.4725,-0.4902,-0.4363,-0.2785,-0.0822,-0.0228,0.3061,0.3551,0.4528,0.4775,0.7876,1.1315,0.6171,0.3322,0.4744,0.8948,0.8083,0.4939,0.3104,0.2238,0.1775,0.1252,0.0373,-0.0945,-0.2647,-0.4557,-0.6336,-0.7574,-0.8065,-0.7919,-0.7403,-0.231,-0.2558,-0.2827,-0.3096,-0.3319,-0.3406,-0.3206,-0.2553,-0.1457,-0.0376,-0.0098,0.1419,0.1462,0.1085,0.2357,0.3363,0.3725,0.1776,0.0526,0.3386,0.931,0.8194,0.465,0.2927,0.247,0.2512,0.2209,0.1077,-0.0824,-0.3341,-0.6263,-0.8988,-1.0651,-1.0913,-1.0192,-0.9082,-0.208,-0.2243,-0.2398,-0.252,-0.2568,-0.2478,-0.2178,-0.1626,-0.0884,-0.0158,0.0406,0.088,0.0636,0.0367,-0.0169,-0.0616,-0.0248,-0.2145,-0.4276,-0.0836,0.2859,0.3708,0.2739,0.2276,0.2941,0.4227,0.4335,0.2463,-0.045,-0.4101,-0.8529,-1.2755,-1.4906,-1.4493,-1.2741,-1.0787,-0.1858,-0.1955,-0.2028,-0.2058,-0.2014,-0.1861,-0.157,-0.1142,-0.0629,-0.0128,0.0268,0.046,0.0267,-0.0677,-0.3856,-0.5141,-0.2378,-0.2804,-0.3884,-0.2929,-0.1064,0.0233,0.0663,0.1412,0.3588,0.7199,0.7895,0.4041,-0.0147,-0.4787,-1.0834,-1.6899,-1.9407,-1.7868,-1.4874,-1.2093,-0.1657,-0.1706,-0.1726,-0.1704,-0.1621,-0.1459,-0.1211,-0.089,-0.0533,-0.0203,0.0026,0.0055,-0.0286,-0.1395,-0.3702,-0.4443,-0.2774,-0.2755,-0.4142,-0.4729,-0.2944,-0.1988,-0.1392,-0.004,0.2808,0.7372,0.8301,0.31,-0.0693,-0.5113,-1.161,-1.8438,-2.1039,-1.8998,-1.5554,-1.2513,-0.1484,-0.15,-0.1489,-0.1442,-0.1348,-0.1201,-0.1001,-0.0764,-0.052,-0.0311,-0.0196,-0.0248,-0.0567,-0.1261,-0.2172,-0.2542,-0.2368,-0.2672,-0.3573,-0.396,-0.3823,-0.4412,-0.4399,-0.2626,-0.0109,0.1084,-0.105,-0.132,-0.1992,-0.4966,-1.0114,-1.5618,-1.8089,-1.696,-1.4392,-1.1888,-0.1339,-0.1335,-0.1308,-0.1252,-0.1162,-0.1037,-0.0882,-0.0711,-0.0546,-0.0419,-0.037,-0.0443,-0.0678,-0.1075,-0.1521,-0.1838,-0.2075,-0.2488,-0.3118,-0.3896,-0.554,-0.8597,-0.9419,-0.6132,-0.2866,-0.2258,-0.3799,-0.3147,-0.2874,-0.4633,-0.7947,-1.1515,-1.3545,-1.3475,-1.2169,-1.0555,-0.1221,-0.1207,-0.1173,-0.1117,-0.1037,-0.0936,-0.0819,-0.0697,-0.0588,-0.0514,-0.0502,-0.0574,-0.0745,-0.1004,-0.1305,-0.1608,-0.195,-0.2428,-0.3156,-0.4432,-0.7115,-1.1493,-1.2663,-0.841,-0.4519,-0.3028,-0.3043,-0.2995,-0.3195,-0.4346,-0.6335,-0.849,-0.996,-1.0348,-0.9887,-0.9019,-0.1128,-0.1108,-0.1073,-0.1022,-0.0956,-0.0876,-0.0789,-0.0704,-0.0635,-0.0596,-0.0605,-0.0674,-0.081,-0.1007,-0.1254,-0.1547,-0.1915,-0.2429,-0.3213,-0.4527,-0.6753,-0.9487,-1.0102,-0.7665,-0.4977,-0.3515,-0.3055,-0.3029,-0.3333,-0.4115,-0.5316,-0.6621,-0.7624,-0.8082,-0.8021,-0.7618]}]