docs/data/wind_grid.json
[{"header":{"la1":42.85,"la2":41.18,"lo1":11.55,"lo2":14.05,"nx":36,"ny":24,"dx":0.07143,"dy":0.07261,"parameterCategory":2,"parameterNumber":2,"parameterNumberName":"eastward_wind","parameterUnit":"m.s-1"},"data":[-0.2813,-0.2986,-0.3172,-0.3367,-0.3561,-0.3738,-0.3877,-0.3955,-0.3963,-0.3908,-0.3819,-0.3736,-0.3698,-0.3729,-0.3837,-0.4012,-0.4225,-0.4427,-0.4567,-0.4601,-0.4515,-0.4324,-0.4062,-0.3766,-0.3463,-0.3175,-0.291,-0.2673,-0.2465,-0.2284,-0.2128,-0.1994,-0.1878,-0.1778,-0.1692,-0.1617,-0.2891,-0.3096,-0.3325,-0.3576,-0.384,-0.4094,-0.4302,-0.442,-0.4417,-0.43,-0.4121,-0.3953,-0.3862,-0.3886,-0.4039,-0.431,-0.4656,-0.4999,-0.5242,-0.5306,-0.5171,-0.4876,-0.4492,-0.4079,-0.3681,-0.3318,-0.2998,-0.2723,-0.2488,-0.2289,-0.2121,-0.1979,-0.186,-0.1758,-0.1672,-0.1598,-0.2959,-0.3197,-0.3476,-0.3798,-0.4161,-0.4541,-0.488,-0.5088,-0.5079,-0.485,-0.4505,-0.4187,-0.4002,-0.4008,-0.4225,-0.4642,-0.5206,-0.5794,-0.6221,-0.6324,-0.6078,-0.559,-0.5004,-0.4422,-0.3897,-0.3445,-0.3065,-0.2749,-0.2489,-0.2275,-0.2098,-0.1952,-0.1831,-0.1731,-0.1646,-0.1574,-0.3006,-0.3277,-0.3607,-0.4012,-0.4508,-0.5085,-0.5672,-0.6088,-0.6102,-0.5662,-0.5004,-0.4423,-0.4089,-0.4062,-0.4359,-0.4986,-0.5903,-0.6932,-0.7703,-0.7848,-0.7345,-0.649,-0.5579,-0.4763,-0.4084,-0.3534,-0.3094,-0.2743,-0.2462,-0.2238,-0.2057,-0.1911,-0.1792,-0.1695,-0.1614,-0.1546,-0.3025,-0.332,-0.3693,-0.4179,-0.4825,-0.5681,-0.6712,-0.7615,-0.7756,-0.6881,-0.5614,-0.4608,-0.4069,-0.3995,-0.4382,-0.5274,-0.6716,-0.8531,-0.9982,-1.0137,-0.9042,-0.7521,-0.6137,-0.5037,-0.4197,-0.3559,-0.307,-0.2694,-0.2402,-0.2174,-0.1996,-0.1855,-0.1743,-0.1652,-0.1578,-0.1516,-0.3008,-0.3314,-0.3709,-0.4242,-0.5007,-0.6153,-0.7832,-0.9749,-1.0316,-0.851,-0.6166,-0.4608,-0.3865,-0.3753,-0.4214,-0.5354,-0.7411,-1.0429,-1.3145,-1.3189,-1.0919,-0.8418,-0.6503,-0.5146,-0.4185,-0.3489,-0.2976,-0.2592,-0.2303,-0.2083,-0.1915,-0.1785,-0.1684,-0.1604,-0.154,-0.1486,-0.2956,-0.3255,-0.3638,-0.4158,-0.4925,-0.6165,-0.828,-1.1369,-1.2678,-0.9517,-0.6088,-0.421,-0.3409,-0.33,-0.3791,-0.5024,-0.7406,-1.1372,-1.5445,-1.5298,-1.1825,-0.862,-0.6436,-0.499,-0.4002,-0.3306,-0.2803,-0.2436,-0.2165,-0.1965,-0.1816,-0.1705,-0.162,-0.1554,-0.1501,-0.1457,-0.2871,-0.3149,-0.3492,-0.3937,-0.4555,-0.551,-0.7119,-0.9504,-1.0394,-0.7588,-0.4799,-0.3325,-0.2707,-0.2658,-0.3129,-0.4241,-0.6304,-0.9644,-1.31,-1.3165,-1.0401,-0.7726,-0.5834,-0.4543,-0.3645,-0.3009,-0.2554,-0.2227,-0.1992,-0.1824,-0.1704,-0.1618,-0.1555,-0.1507,-0.1468,-0.1435,-0.2764,-0.3017,-0.3313,-0.3661,-0.4072,-0.456,-0.5127,-0.5582,-0.5223,-0.3963,-0.2878,-0.2207,-0.1879,-0.1907,-0.2345,-0.3277,-0.4783,-0.6775,-0.8556,-0.8861,-0.7709,-0.6194,-0.4889,-0.389,-0.3153,-0.2621,-0.2242,-0.1976,-0.1793,-0.1669,-0.1587,-0.1533,-0.1496,-0.1469,-0.1446,-0.1424,-0.2645,-0.288,-0.3146,-0.3437,-0.3726,-0.3939,-0.3898,-0.3263,-0.1882,-0.1068,-0.1256,-0.1218,-0.1076,-0.1137,-0.1562,-0.2465,-0.3809,-0.5241,-0.6197,-0.6328,-0.574,-0.4825,-0.3916,-0.316,-0.2585,-0.2172,-0.1886,-0.1698,-0.1581,-0.1512,-0.1476,-0.146,-0.1452,-0.1448,-0.1441,-0.143,-0.2518,-0.2745,-0.301,-0.3312,-0.3638,-0.3932,-0.3984,-0.3093,-0.0034,0.1343,-0.0311,-0.0518,-0.0377,-0.0419,-0.0831,-0.1912,-0.3766,-0.5758,-0.6569,-0.5999,-0.4932,-0.3899,-0.3056,-0.2424,-0.1981,-0.1689,-0.151,-0.1413,-0.1373,-0.1369,-0.1386,-0.1411,-0.1437,-0.1455,-0.1463,-0.146,-0.2379,-0.2605,-0.2885,-0.3242,-0.3716,-0.4366,-0.5215,-0.559,-0.2616,-0.0144,-0.0369,0.0022,0.0202,0.0048,-0.022,-0.1535,-0.4734,-0.9317,-1.0167,-0.7292,-0.4757,-0.3171,-0.2222,-0.1664,-0.1349,-0.1191,-0.1135,-0.1143,-0.119,-0.1259,-0.1334,-0.1405,-0.1464,-0.1504,-0.1524,-0.1523,-0.2219,-0.2439,-0.2726,-0.3122,-0.3709,-0.4642,-0.6159,-0.7927,-0.6186,-0.2421,-0.035,0.0796,0.0985,0.0211,0.0101,-0.1248,-0.5727,-1.5836,-1.5988,-0.8361,-0.4152,-0.2152,-0.1222,-0.0822,-0.069,-0.0701,-0.0788,-0.0914,-0.1058,-0.1205,-0.1342,-0.1461,-0.1553,-0.1611,-0.1635,-0.163,-0.2031,-0.223,-0.2494,-0.2864,-0.3412,-0.4256,-0.5487,-0.6725,-0.5528,-0.2055,0.0215,0.1538,0.1963,0.3418,0.0968,-0.0923,-0.3916,-1.0333,-1.1226,-0.5692,-0.2066,-0.0451,0.007,0.0117,-0.0029,-0.0255,-0.0508,-0.0763,-0.1007,-0.1233,-0.1436,-0.1605,-0.1727,-0.1796,-0.1813,-0.1789,-0.1815,-0.1976,-0.2184,-0.2463,-0.2842,-0.3338,-0.3859,-0.3944,-0.2672,-0.0421,0.1103,0.1483,0.1818,0.2009,0.1172,-0.1094,-0.2679,-0.3078,-0.3092,-0.0897,0.125,0.1867,0.1557,0.1063,0.0559,0.008,-0.0352,-0.0732,-0.1068,-0.1372,-0.1642,-0.1864,-0.2016,-0.2084,-0.2074,-0.2009,-0.1579,-0.1689,-0.1824,-0.1985,-0.2164,-0.2317,-0.2306,-0.1848,-0.0658,0.1148,0.3068,0.1419,0.1399,0.1585,0.1151,-0.0309,-0.155,-0.0065,0.1409,0.28,0.4267,0.3988,0.2833,0.1821,0.0948,0.0207,-0.0388,-0.0864,-0.1269,-0.1639,-0.1982,-0.2272,-0.2455,-0.2502,-0.2432,-0.2292,-0.1333,-0.1392,-0.1453,-0.1506,-0.1527,-0.1463,-0.1217,-0.0659,0.0289,0.1578,0.2876,0.2024,0.1349,0.1295,0.1753,0.1816,0.2164,0.4086,0.5793,0.5282,0.4842,0.4544,0.3489,0.2228,0.1011,0.0019,-0.0676,-0.1186,-0.1621,-0.2038,-0.2465,-0.2854,-0.3078,-0.3069,-0.2884,-0.2626,-0.109,-0.1102,-0.1102,-0.1075,-0.0997,-0.0829,-0.0521,-0.003,0.0635,0.1353,0.1826,0.1775,0.1474,0.1623,0.3272,0.4343,0.5103,0.8379,1.1181,0.8485,0.631,0.5111,0.3894,0.2329,0.069,-0.0516,-0.1156,-0.1659,-0.2122,-0.2548,-0.3057,-0.3595,-0.3873,-0.3748,-0.3381,-0.2963,-0.086,-0.0834,-0.0788,-0.0709,-0.0578,-0.0373,-0.0072,0.0331,0.0807,0.1275,0.1635,0.1876,0.2194,0.3256,0.6248,0.7392,0.6643,0.9214,1.1428,1.1766,0.9105,0.6515,0.4491,0.2342,0.0135,-0.1067,-0.134,-0.2233,-0.2852,-0.3148,-0.3622,-0.4308,-0.464,-0.4358,-0.3789,-0.3221,-0.0648,-0.0594,-0.0517,-0.0407,-0.0251,-0.0039,0.0239,0.0577,0.0956,0.1341,0.1713,0.2122,0.2753,0.4027,0.619,0.701,0.7024,0.952,1.4863,1.7053,1.1402,0.7797,0.5374,0.2649,-0.032,-0.1555,-0.1699,-0.3862,-0.4165,-0.3843,-0.3957,-0.4567,-0.4898,-0.4559,-0.3923,-0.3305,-0.0457,-0.0384,-0.0287,-0.0159,0.0006,0.0215,0.0471,0.077,0.1101,0.1458,0.1847,0.2317,0.2974,0.3935,0.5072,0.5893,0.6849,0.9061,1.2489,1.3518,1.0808,0.8865,0.7214,0.3917,-0.0623,-0.5042,-0.9538,-0.8782,-0.6162,-0.457,-0.405,-0.4267,-0.4474,-0.4232,-0.372,-0.3184,-0.0289,-0.0201,-0.0092,0.0044,0.0212,0.0414,0.0653,0.0927,0.1232,0.1572,0.1958,0.2421,0.3004,0.3727,0.4526,0.5341,0.636,0.7828,0.9401,1.0057,1.0113,1.1367,1.1403,0.6818,0.0067,-0.737,-1.3433,-1.1259,-0.7217,-0.4938,-0.3993,-0.3813,-0.3821,-0.3655,-0.3311,-0.2912,-0.0141,-0.0045,0.0072,0.0211,0.0378,0.0573,0.0798,0.1053,0.134,0.1662,0.2029,0.2457,0.2964,0.3552,0.4205,0.4928,0.5777,0.6772,0.7765,0.8674,1.0253,1.355,1.4549,0.918,0.1931,-0.4649,-0.8703,-0.8397,-0.625,-0.4579,-0.3701,-0.3362,-0.3235,-0.3086,-0.2854,-0.2575,-0.0012,0.0089,0.0208,0.0348,0.0511,0.0699,0.0912,0.1152,0.1421,0.1722,0.2063,0.2451,0.2893,0.3391,0.3943,0.4555,0.5237,0.5988,0.6792,0.7768,0.9332,1.1467,1.1712,0.8162,0.3063,-0.1479,-0.4314,-0.5026,-0.447,-0.37,-0.3158,-0.287,-0.2717,-0.2585,-0.2422,-0.223]},{"header":{"la1":42.85,"la2":41.18,"lo1":11.55,"lo2":14.05,"nx":36,"ny":24,"dx":0.07143,"dy":0.07261,"parameterCategory":2,"parameterNumber":3,"parameterNumberName":"northward_wind","parameterUnit":"m.s-1"},"data":[0.2868,0.3057,0.3268,0.3493,0.3721,0.3926,0.4075,0.4132,0.4072,0.3897,0.3635,0.3328,0.3016,0.2724,0.2465,0.2242,0.2051,0.189,0.1755,0.1639,0.1536,0.144,0.1345,0.1249,0.1148,0.1044,0.0934,0.0821,0.0706,0.0588,0.0471,0.0355,0.0241,0.0132,0.0028,-0.0069,0.2942,0.3171,0.3438,0.3742,0.407,0.4391,0.4649,0.4774,0.4712,0.4459,0.4072,0.3632,0.3207,0.2833,0.2517,0.2255,0.2041,0.1866,0.1725,0.1611,0.1513,0.1422,0.1331,0.1236,0.1133,0.1024,0.0908,0.0787,0.0663,0.0536,0.0408,0.0282,0.0159,0.004,-0.0071,-0.0175,0.2992,0.3261,0.3593,0.3996,0.4468,0.4975,0.5434,0.5705,0.5654,0.5261,0.465,0.3993,0.3405,0.2925,0.2545,0.2245,0.2005,0.1815,0.1671,0.1562,0.1477,0.1397,0.1313,0.122,0.1116,0.1001,0.0878,0.0748,0.0613,0.0475,0.0335,0.0197,0.0063,-0.0066,-0.0186,-0.0297,0.3006,0.331,0.3706,0.4222,0.4885,0.5685,0.6518,0.7113,0.712,0.6449,0.5411,0.4393,0.358,0.2981,0.2541,0.2206,0.194,0.1731,0.1582,0.1487,0.1425,0.1365,0.1292,0.1202,0.1096,0.0976,0.0844,0.0703,0.0556,0.0404,0.025,0.0098,-0.0049,-0.019,-0.032,-0.0439,0.2971,0.3294,0.3736,0.4357,0.5237,0.6451,0.7955,0.9291,0.9509,0.8228,0.6344,0.4758,0.3675,0.2973,0.2499,0.2144,0.1852,0.1611,0.1447,0.1378,0.1357,0.1328,0.127,0.1183,0.1074,0.0947,0.0805,0.0652,0.0489,0.032,0.015,-0.0019,-0.0182,-0.0336,-0.0477,-0.0604,0.2877,0.3192,0.3642,0.4314,0.5356,0.7007,0.9504,1.2389,1.3259,1.0604,0.7185,0.4884,0.3594,0.2871,0.2418,0.2076,0.1765,0.1473,0.1273,0.1241,0.1285,0.1293,0.1249,0.1164,0.1051,0.0915,0.0761,0.0592,0.0411,0.0223,0.0032,-0.0157,-0.0339,-0.051,-0.0664,-0.08,0.2724,0.2998,0.3397,0.4014,0.5034,0.6825,1.0026,1.4774,1.6786,1.204,0.7064,0.4454,0.3253,0.2667,0.2316,0.2029,0.1728,0.1399,0.1154,0.1153,0.1246,0.1272,0.1231,0.1144,0.1025,0.0879,0.0711,0.0523,0.0321,0.0108,-0.0109,-0.0323,-0.0529,-0.0718,-0.0887,-0.1033,0.2524,0.2727,0.3017,0.3462,0.42,0.5521,0.7963,1.1733,1.318,0.8947,0.5069,0.3342,0.2687,0.2408,0.2221,0.2019,0.1765,0.1474,0.1253,0.1221,0.1265,0.1266,0.1215,0.1124,0.0998,0.0841,0.0656,0.0446,0.0215,-0.0028,-0.0278,-0.0525,-0.0759,-0.0972,-0.1157,-0.1312,0.23,0.2416,0.2568,0.2777,0.3086,0.3565,0.4271,0.4923,0.4376,0.2705,0.1899,0.1927,0.2108,0.2203,0.2182,0.2051,0.1829,0.1578,0.1391,0.131,0.1284,0.1255,0.1199,0.1105,0.0973,0.0803,0.0597,0.0359,0.0094,-0.0191,-0.0483,-0.0772,-0.1042,-0.1284,-0.1488,-0.165,0.2078,0.2113,0.2136,0.2134,0.2076,0.1889,0.1367,-0.0012,-0.2643,-0.3623,-0.1255,0.0821,0.1807,0.217,0.2242,0.213,0.1855,0.1524,0.13,0.1225,0.1224,0.1222,0.1183,0.1095,0.0957,0.0771,0.054,0.0265,-0.0046,-0.0385,-0.0735,-0.1079,-0.1397,-0.1674,-0.1898,-0.2065,0.1883,0.1858,0.1793,0.1662,0.1419,0.0983,0.0166,-0.1817,-0.7613,-1.0418,-0.331,0.0601,0.1959,0.2308,0.2378,0.2262,0.1791,0.1122,0.0787,0.0885,0.1074,0.1179,0.1185,0.1107,0.0961,0.0755,0.0491,0.0169,-0.0205,-0.0618,-0.1048,-0.1469,-0.1851,-0.2171,-0.2415,-0.258,0.1729,0.167,0.1565,0.1392,0.1125,0.0758,0.0348,-0.0233,-0.3785,-0.6448,-0.1642,0.1479,0.2428,0.2277,0.2419,0.2492,0.161,-0.017,-0.0623,0.0259,0.0911,0.1187,0.1239,0.1161,0.0999,0.0767,0.0462,0.0078,-0.0381,-0.09,-0.1445,-0.1975,-0.2444,-0.2817,-0.3076,-0.3224,0.1617,0.1548,0.144,0.1281,0.1068,0.0836,0.0732,0.0964,0.0354,-0.0455,0.1076,0.2804,0.3281,0.2315,0.257,0.3111,0.1836,-0.2654,-0.2831,-0.0166,0.0978,0.1348,0.1391,0.1281,0.1088,0.0825,0.0473,0.0011,-0.0568,-0.1241,-0.1959,-0.2649,-0.3239,-0.3675,-0.3937,-0.4039,0.1542,0.148,0.139,0.127,0.1123,0.0978,0.0894,0.0909,0.0888,0.1259,0.2378,0.3646,0.4201,0.6375,0.4404,0.4943,0.4908,0.0493,-0.0771,0.0731,0.1535,0.1772,0.1684,0.1476,0.1239,0.0958,0.0567,0.0006,-0.0746,-0.1657,-0.2642,-0.3578,-0.4339,-0.4842,-0.5072,-0.5073,0.1493,0.1446,0.1383,0.1307,0.1224,0.1152,0.1119,0.1169,0.1431,0.2065,0.2843,0.3596,0.4812,0.6781,0.5291,0.8436,1.3149,0.6132,0.2564,0.2115,0.2551,0.2563,0.2121,0.1725,0.1469,0.1231,0.0834,0.0145,-0.0874,-0.2161,-0.3576,-0.4903,-0.5911,-0.6465,-0.6581,-0.6379,0.1461,0.1431,0.1394,0.1357,0.1328,0.1323,0.1374,0.1533,0.1891,0.2475,0.2987,0.3753,0.3736,0.4171,0.439,0.7361,1.0618,0.5874,0.2899,0.2708,0.4107,0.3746,0.2534,0.1939,0.1815,0.1796,0.1475,0.0592,-0.0866,-0.277,-0.4894,-0.6857,-0.8215,-0.8745,-0.8572,-0.7987,0.1435,0.142,0.1405,0.1396,0.1404,0.1443,0.1537,0.1721,0.2031,0.2461,0.285,0.289,0.137,0.0527,0.2054,0.3107,0.3683,0.231,0.1184,0.1956,0.42,0.3736,0.2378,0.201,0.2425,0.3035,0.293,0.1634,-0.0608,-0.3497,-0.677,-0.9783,-1.161,-1.189,-1.1085,-0.9848,0.141,0.1405,0.1404,0.1413,0.1438,0.1491,0.1585,0.1733,0.1935,0.215,0.2238,0.1847,0.0415,-0.02,-0.066,-0.1079,-0.0005,-0.0241,-0.0878,-0.005,0.1284,0.1693,0.1508,0.1965,0.3565,0.5704,0.6003,0.3549,-0.0089,-0.4341,-0.9289,-1.394,-1.6295,-1.5835,-1.3899,-1.1735,0.138,0.1381,0.1387,0.1402,0.143,0.1477,0.1547,0.1638,0.1732,0.178,0.1678,0.1263,0.0439,-0.1007,-0.5062,-0.6672,-0.2452,-0.1226,-0.1473,-0.212,-0.1129,-0.0224,0.0383,0.1683,0.4881,1.007,1.1075,0.5618,0.0175,-0.5208,-1.1878,-1.8499,-2.1233,-1.9544,-1.6252,-1.3182,0.1344,0.1347,0.1354,0.1368,0.1389,0.142,0.1457,0.1492,0.1503,0.1448,0.1255,0.0826,0.0009,-0.1642,-0.4727,-0.5651,-0.297,-0.218,-0.3883,-0.4793,-0.2745,-0.1764,-0.1068,0.0505,0.4013,1.0266,1.1565,0.3858,-0.0984,-0.5843,-1.2824,-2.0194,-2.3016,-2.0786,-1.7007,-1.3652,0.1301,0.1303,0.1308,0.1315,0.1325,0.1335,0.1342,0.1333,0.1288,0.1175,0.0944,0.053,-0.0161,-0.1239,-0.249,-0.2883,-0.2351,-0.2353,-0.3308,-0.3749,-0.3337,-0.3578,-0.345,-0.1936,0.0173,0.0568,-0.3675,-0.3729,-0.3458,-0.6087,-1.1344,-1.7172,-1.9816,-1.8569,-1.5744,-1.2974,0.1253,0.1252,0.1251,0.125,0.1247,0.1239,0.122,0.1179,0.11,0.096,0.0727,0.0368,-0.0146,-0.0795,-0.1414,-0.1749,-0.1862,-0.2134,-0.2682,-0.3305,-0.4474,-0.6729,-0.7349,-0.4959,-0.3077,-0.4653,-0.8643,-0.702,-0.5059,-0.6027,-0.9144,-1.2793,-1.4905,-1.4781,-1.3318,-1.1515,0.1201,0.1195,0.1188,0.1178,0.1163,0.1139,0.1101,0.104,0.0942,0.0794,0.0578,0.0279,-0.0103,-0.0538,-0.0953,-0.1286,-0.1581,-0.197,-0.2563,-0.3561,-0.56,-0.8915,-0.98,-0.6758,-0.4497,-0.4768,-0.6083,-0.5844,-0.5183,-0.5726,-0.7454,-0.9557,-1.103,-1.1378,-1.0822,-0.9828,0.1146,0.1135,0.1121,0.1103,0.1077,0.1042,0.099,0.0916,0.0811,0.0665,0.0469,0.0219,-0.0082,-0.0413,-0.0749,-0.1076,-0.1427,-0.1872,-0.252,-0.3567,-0.5299,-0.7404,-0.7909,-0.6251,-0.4709,-0.4362,-0.4653,-0.4758,-0.4794,-0.5272,-0.6287,-0.7511,-0.8479,-0.8897,-0.8771,-0.8281]}]