docs/data/wind_grid.json
[{"header":{"la1":42.85,"la2":41.18,"lo1":11.55,"lo2":14.05,"nx":36,"ny":24,"dx":0.07143,"dy":0.07261,"parameterCategory":2,"parameterNumber":2,"parameterNumberName":"eastward_wind","parameterUnit":"m.s-1"},"data":[0.3569,0.3359,0.3094,0.2777,0.2423,0.2058,0.1715,0.143,0.1226,0.1111,0.1076,0.1102,0.1174,0.1279,0.1409,0.1558,0.1721,0.1893,0.2067,0.2237,0.2397,0.2541,0.2664,0.2772,0.2874,0.2982,0.3099,0.3229,0.337,0.3517,0.367,0.3823,0.3976,0.4124,0.4267,0.4403,0.3804,0.358,0.3274,0.2883,0.2423,0.1932,0.1465,0.1082,0.0828,0.071,0.0705,0.0775,0.0891,0.1037,0.1205,0.1394,0.1598,0.181,0.2023,0.223,0.2424,0.2589,0.2713,0.2804,0.2885,0.2979,0.3092,0.3225,0.3374,0.3534,0.3699,0.3866,0.4032,0.4192,0.4346,0.4491,0.4136,0.3915,0.3572,0.309,0.2481,0.1797,0.1127,0.0586,0.0263,0.0169,0.0237,0.0386,0.0567,0.0765,0.0981,0.1219,0.1476,0.1741,0.2004,0.2262,0.2513,0.272,0.2838,0.2882,0.2917,0.2982,0.3086,0.3223,0.3383,0.3556,0.3737,0.392,0.4101,0.4275,0.444,0.4595,0.4599,0.4416,0.4057,0.3474,0.2657,0.1667,0.0649,-0.0177,-0.0598,-0.0597,-0.036,-0.007,0.0202,0.046,0.0729,0.1027,0.1356,0.1697,0.202,0.2334,0.2684,0.3003,0.31,0.3023,0.2961,0.2983,0.3077,0.3221,0.3395,0.3586,0.3787,0.3988,0.4186,0.4375,0.4554,0.4719,0.5224,0.5151,0.4841,0.4171,0.3075,0.161,-0.0027,-0.1426,-0.2013,-0.1706,-0.1092,-0.0574,-0.0195,0.0119,0.0435,0.0803,0.1237,0.1703,0.2108,0.2425,0.2901,0.3523,0.3549,0.3193,0.2984,0.2963,0.3057,0.3215,0.341,0.3625,0.3849,0.4073,0.4291,0.4498,0.4691,0.4867,0.6031,0.6195,0.608,0.5409,0.3975,0.1825,-0.082,-0.3405,-0.4347,-0.3186,-0.186,-0.1069,-0.0609,-0.0273,0.0069,0.0504,0.1081,0.1789,0.2412,0.2567,0.2877,0.3848,0.379,0.318,0.291,0.2899,0.3019,0.3206,0.343,0.3675,0.3927,0.4178,0.442,0.4648,0.4856,0.5044,0.6984,0.7571,0.7955,0.7532,0.5716,0.2707,-0.1045,-0.5149,-0.6682,-0.4262,-0.2358,-0.1479,-0.1038,-0.074,-0.042,0.0051,0.0766,0.1771,0.2877,0.2834,0.2339,0.2789,0.2968,0.2762,0.2699,0.2787,0.2963,0.3192,0.3454,0.3736,0.4025,0.4309,0.4581,0.4831,0.5057,0.5256,0.7939,0.9099,1.0411,1.0782,0.8459,0.4415,0.0199,-0.355,-0.4954,-0.3633,-0.2469,-0.1842,-0.1517,-0.1324,-0.1102,-0.0658,0.0133,0.1176,0.2102,0.1981,0.1095,0.1159,0.1801,0.2194,0.2433,0.2652,0.2893,0.3171,0.348,0.3811,0.4147,0.4474,0.478,0.5058,0.5303,0.5512,0.8654,1.0227,1.2321,1.3736,1.0935,0.6127,0.177,-0.1373,-0.3018,-0.3328,-0.285,-0.2326,-0.2097,-0.2058,-0.2054,-0.1743,-0.0774,0.0342,0.1022,0.0764,-0.0585,-0.0258,0.1069,0.1821,0.2226,0.2513,0.2797,0.3126,0.3499,0.3898,0.4298,0.4681,0.5031,0.5341,0.5605,0.5822,0.8981,1.0622,1.2446,1.3343,1.1861,0.7233,0.237,-0.139,-0.4591,-0.5681,-0.4067,-0.2967,-0.2814,-0.2943,-0.3187,-0.3281,-0.1657,-0.0133,0.0698,0.0698,-0.0044,0.0164,0.1128,0.1754,0.2084,0.2323,0.2617,0.3015,0.3491,0.3996,0.4489,0.4946,0.5351,0.5696,0.5979,0.6201,0.8944,1.07,1.3378,1.7688,1.631,0.8162,0.2145,-0.2002,-0.8313,-1.1315,-0.5367,-0.3454,-0.3765,-0.4301,-0.3865,-0.3515,-0.1718,0.0087,0.1074,0.1301,0.1188,0.1281,0.1613,0.182,0.1841,0.1895,0.2201,0.276,0.3436,0.4115,0.4743,0.5297,0.5767,0.615,0.6447,0.6665,0.8517,1.0154,1.2916,1.6926,1.5219,0.6874,0.1268,-0.1191,-0.4728,-0.7435,-0.4093,-0.3441,-0.4972,-0.7425,-0.6001,-0.3309,-0.1049,0.1459,0.2447,0.219,0.2064,0.208,0.205,0.1736,0.1128,0.0792,0.127,0.2273,0.3341,0.4293,0.5101,0.5774,0.6318,0.6738,0.704,0.7237,0.7736,0.8787,1.0125,1.096,0.8924,0.4293,0.0509,-0.0971,-0.1137,-0.1787,-0.1885,-0.3257,-0.5122,-0.8691,-0.7144,-0.3391,-0.0739,0.436,0.4826,0.3022,0.2773,0.2758,0.244,0.1394,-0.0547,-0.1703,-0.0429,0.1623,0.3328,0.4626,0.5639,0.6441,0.7061,0.7508,0.7796,0.7946,0.6847,0.7302,0.7594,0.7235,0.566,0.3203,0.0954,-0.0331,-0.0081,0.0818,0.0447,-0.3344,-0.5215,-0.7136,-0.4308,-0.3882,-0.1978,0.2102,0.3518,0.3249,0.3541,0.3637,0.3074,0.1304,-0.239,-0.4717,-0.1921,0.1419,0.3692,0.5265,0.6452,0.7381,0.8076,0.8533,0.8768,0.8826,0.6088,0.6188,0.6071,0.5548,0.4531,0.3244,0.214,0.1706,0.2513,0.4547,0.5919,0.3647,-0.0599,-0.3007,-0.2525,-0.388,-0.0746,0.0655,0.2474,0.381,0.4975,0.5121,0.4252,0.2448,-0.0746,-0.2714,-0.0443,0.2555,0.4728,0.633,0.7631,0.8697,0.9476,0.9911,1.0027,0.9912,0.5545,0.5497,0.5293,0.4885,0.4303,0.371,0.3389,0.3733,0.5349,0.9381,1.7108,1.2554,0.7773,0.2299,0.0959,0.0021,0.0309,0.1573,0.3141,0.5103,0.7645,0.7246,0.5689,0.436,0.2926,0.2229,0.3167,0.4794,0.6341,0.7793,0.9223,1.0524,1.1439,1.1794,1.1655,1.1229,0.5205,0.5122,0.4951,0.4698,0.4418,0.4238,0.436,0.5077,0.6861,1.0575,1.6199,1.2986,1.19,1.2005,0.6236,0.4238,0.3414,0.3335,0.3728,0.5499,0.8132,0.7759,0.6608,0.6015,0.5732,0.586,0.6385,0.7118,0.8095,0.9457,1.1223,1.3059,1.4253,1.4376,1.3706,1.2748,0.5018,0.4948,0.4841,0.4718,0.4634,0.4679,0.4985,0.5719,0.7055,0.8994,1.0633,1.0822,1.2763,1.3414,1.1595,1.1135,0.7455,0.3938,0.1638,0.4901,0.6839,0.7303,0.7308,0.7401,0.7771,0.8416,0.8809,0.8949,0.956,1.1038,1.3537,1.6519,1.8243,1.7741,1.6062,1.4314,0.4934,0.4894,0.4848,0.4819,0.4848,0.4999,0.5344,0.5955,0.6853,0.7919,0.8852,0.9621,1.0792,1.2844,2.0591,2.4176,1.2183,0.5917,0.4108,0.7358,0.7916,0.8181,0.8489,0.8777,0.9277,1.0189,1.0445,1.0034,1.0492,1.2216,1.5677,2.0438,2.2888,2.1172,1.8129,1.5558,0.4915,0.4906,0.4908,0.4939,0.5031,0.5221,0.5547,0.6034,0.6671,0.7396,0.8139,0.8976,1.0263,1.3059,1.9404,2.1258,1.3235,0.8981,1.0206,1.1518,0.9803,1.0004,1.0436,1.0363,1.0199,1.0557,1.0685,1.0263,1.0914,1.2743,1.644,2.1974,2.4747,2.2408,1.8849,1.6032,0.4935,0.4952,0.4987,0.5056,0.5178,0.5376,0.567,0.6068,0.6561,0.7128,0.7768,0.8552,0.9684,1.1482,1.3675,1.3892,1.1533,0.9862,1.0194,1.0793,1.142,1.3318,1.4162,1.2834,1.1135,1.0065,0.9193,0.9685,1.1143,1.2841,1.5459,1.9287,2.1499,2.0313,1.7844,1.5611,0.4976,0.5014,0.5072,0.5162,0.5297,0.5491,0.5753,0.6089,0.6495,0.6966,0.7512,0.8169,0.8997,0.9987,1.0831,1.0941,1.0355,0.9959,1.0321,1.1517,1.4545,2.0002,2.1658,1.6886,1.2575,1.005,0.8324,0.9583,1.2241,1.34,1.4386,1.6102,1.7398,1.7219,1.6044,1.465,0.5028,0.5081,0.5153,0.5254,0.5393,0.5578,0.5815,0.6106,0.6451,0.685,0.7307,0.7831,0.8421,0.9025,0.9502,0.9715,0.9758,0.9982,1.0781,1.2736,1.7245,2.5104,2.7354,1.9919,1.4027,1.1245,1.0424,1.2192,1.5097,1.4776,1.4134,1.442,1.4914,1.4932,1.4408,1.3605,0.5085,0.5148,0.5229,0.5336,0.5474,0.5648,0.5863,0.612,0.6419,0.676,0.7142,0.7563,0.8009,0.8446,0.8825,0.9129,0.9442,0.9964,1.0991,1.2991,1.6624,2.1362,2.2506,1.8411,1.4342,1.2271,1.1995,1.3537,1.5493,1.5008,1.3975,1.3616,1.3604,1.352,1.3207,1.2708]},{"header":{"la1":42.85,"la2":41.18,"lo1":11.55,"lo2":14.05,"nx":36,"ny":24,"dx":0.07143,"dy":0.07261,"parameterCategory":2,"parameterNumber":3,"parameterNumberName":"northward_wind","parameterUnit":"m.s-1"},"data":[-1.1136,-1.124,-1.1384,-1.1568,-1.1786,-1.2021,-1.2253,-1.2456,-1.2614,-1.2724,-1.2794,-1.284,-1.2876,-1.2911,-1.295,-1.2993,-1.3044,-1.3108,-1.3189,-1.3286,-1.3393,-1.3494,-1.3574,-1.3629,-1.3663,-1.3683,-1.3694,-1.3699,-1.37,-1.3697,-1.369,-1.3679,-1.3666,-1.3649,-1.3631,-1.3611,-1.0937,-1.1044,-1.1207,-1.1433,-1.1714,-1.2031,-1.2344,-1.261,-1.2795,-1.2893,-1.2928,-1.2933,-1.2935,-1.2943,-1.296,-1.2986,-1.3023,-1.3079,-1.3167,-1.3292,-1.3443,-1.3583,-1.3683,-1.3737,-1.3758,-1.3765,-1.3767,-1.3766,-1.3762,-1.3754,-1.3743,-1.3728,-1.3709,-1.3688,-1.3666,-1.3642,-1.0688,-1.0788,-1.0967,-1.1244,-1.1618,-1.2063,-1.252,-1.2899,-1.3123,-1.318,-1.3134,-1.306,-1.3003,-1.2972,-1.2961,-1.296,-1.2968,-1.3001,-1.3091,-1.3264,-1.3504,-1.3727,-1.3853,-1.3883,-1.3872,-1.3856,-1.3844,-1.3835,-1.3826,-1.3814,-1.3797,-1.3777,-1.3754,-1.3728,-1.37,-1.3671,-1.0378,-1.0447,-1.0627,-1.0958,-1.1461,-1.2117,-1.2838,-1.3445,-1.3735,-1.3674,-1.3443,-1.3222,-1.3077,-1.2995,-1.2947,-1.2909,-1.2867,-1.2838,-1.2898,-1.3149,-1.3588,-1.3998,-1.4141,-1.4083,-1.4,-1.3948,-1.3921,-1.3906,-1.3892,-1.3876,-1.3854,-1.3828,-1.3798,-1.3766,-1.3732,-1.3698,-0.9994,-0.9991,-1.0129,-1.0496,-1.1163,-1.2146,-1.3363,-1.4489,-1.4927,-1.4525,-1.3872,-1.3399,-1.3136,-1.2999,-1.2915,-1.2834,-1.2712,-1.2533,-1.2444,-1.2788,-1.3662,-1.4511,-1.4591,-1.4302,-1.4111,-1.4028,-1.3995,-1.3978,-1.3962,-1.3941,-1.3914,-1.388,-1.3843,-1.3803,-1.3762,-1.3721,-0.9537,-0.9387,-0.9387,-0.9726,-1.0569,-1.1987,-1.4023,-1.6335,-1.7193,-1.5825,-1.4328,-1.3522,-1.3154,-1.297,-1.2853,-1.274,-1.2535,-1.2079,-1.1482,-1.1814,-1.3398,-1.4847,-1.483,-1.4369,-1.4156,-1.4087,-1.4066,-1.4055,-1.4038,-1.4012,-1.3976,-1.3933,-1.3886,-1.3837,-1.3787,-1.3739,-0.9047,-0.8635,-0.8299,-0.8447,-0.9465,-1.1316,-1.4128,-1.8056,-1.9735,-1.6758,-1.4434,-1.3489,-1.3109,-1.2889,-1.2717,-1.26,-1.2426,-1.1802,-1.0448,-1.0655,-1.2745,-1.3999,-1.4287,-1.4188,-1.4137,-1.4137,-1.4145,-1.4143,-1.4124,-1.409,-1.4042,-1.3987,-1.3927,-1.3866,-1.3807,-1.3751,-0.8632,-0.7867,-0.684,-0.6421,-0.781,-1.0033,-1.2663,-1.5949,-1.737,-1.5401,-1.3889,-1.3307,-1.3042,-1.2733,-1.2359,-1.2219,-1.2348,-1.2191,-1.1509,-1.1792,-1.2893,-1.3419,-1.3809,-1.4027,-1.4146,-1.4218,-1.4254,-1.4255,-1.4227,-1.4177,-1.4112,-1.4038,-1.3962,-1.3887,-1.3816,-1.3751,-0.8481,-0.7534,-0.571,-0.4147,-0.6558,-0.8866,-1.0467,-1.2188,-1.3346,-1.3498,-1.3295,-1.3205,-1.3103,-1.2527,-1.1336,-1.0885,-1.1904,-1.2718,-1.2905,-1.3053,-1.3077,-1.3208,-1.371,-1.4059,-1.426,-1.437,-1.4413,-1.4402,-1.4352,-1.4275,-1.4183,-1.4085,-1.3988,-1.3896,-1.3812,-1.3738,-0.8692,-0.8159,-0.72,-0.6565,-0.8341,-0.8466,-0.8364,-0.9636,-1.237,-1.3886,-1.3403,-1.3389,-1.3576,-1.2705,-0.8958,-0.6808,-1.1029,-1.3229,-1.3831,-1.3766,-1.3409,-1.3505,-1.3963,-1.43,-1.4507,-1.4618,-1.4643,-1.4597,-1.4503,-1.4382,-1.4252,-1.4121,-1.3997,-1.3885,-1.3787,-1.3704,-0.9047,-0.9197,-1.0246,-1.3334,-1.2629,-0.8045,-0.5135,-0.6039,-1.4186,-1.8291,-1.3837,-1.3759,-1.4764,-1.4743,-1.0508,-0.7056,-1.2185,-1.4449,-1.4999,-1.4796,-1.4437,-1.4346,-1.4504,-1.4711,-1.489,-1.4988,-1.4967,-1.4847,-1.4677,-1.4491,-1.4308,-1.4135,-1.398,-1.3845,-1.3733,-1.3643,-0.9217,-0.9568,-1.0799,-1.3135,-1.1948,-0.5623,0.0825,0.414,-0.5158,-1.3082,-1.2435,-1.41,-1.6403,-1.8825,-1.7285,-1.5007,-1.5494,-1.6538,-1.6691,-1.5999,-1.5409,-1.5118,-1.5074,-1.5198,-1.541,-1.5532,-1.5419,-1.5155,-1.4861,-1.4585,-1.4335,-1.4112,-1.392,-1.3761,-1.3637,-1.3544,-0.9128,-0.9221,-0.9532,-0.9583,-0.7544,-0.226,0.5661,1.3838,0.737,-0.4802,-1.0887,-1.4753,-1.6894,-2.0092,-1.9199,-1.7814,-1.7784,-1.8491,-1.8397,-1.6917,-1.6078,-1.5661,-1.5522,-1.5657,-1.6065,-1.6322,-1.6,-1.5475,-1.5014,-1.4633,-1.4308,-1.4028,-1.3795,-1.3612,-1.3481,-1.3394,-0.8937,-0.8724,-0.8373,-0.7493,-0.5385,-0.1519,0.4013,0.9295,0.5724,-0.4042,-1.0217,-1.5815,-1.7448,-1.5935,-1.7697,-2.0046,-1.9778,-1.8757,-1.8157,-1.7141,-1.6397,-1.5982,-1.5804,-1.5947,-1.6587,-1.705,-1.6436,-1.5654,-1.5063,-1.4597,-1.4197,-1.3852,-1.3571,-1.3368,-1.3241,-1.3178,-0.8806,-0.8427,-0.7846,-0.686,-0.5238,-0.2908,-0.0302,0.1014,-0.1308,-0.5342,-0.7824,-1.0402,-1.2876,-1.2405,-1.7,-2.0812,-2.3741,-1.9897,-1.8061,-1.7088,-1.6455,-1.6129,-1.5939,-1.5966,-1.6372,-1.6681,-1.6209,-1.5535,-1.4961,-1.445,-1.397,-1.3537,-1.3196,-1.298,-1.2884,-1.2875,-0.8796,-0.8385,-0.7817,-0.7018,-0.5954,-0.4737,-0.3754,-0.3665,-0.4677,-0.5133,-0.242,-0.3935,-0.7736,-1.2252,-1.5343,-1.9179,-2.1985,-1.9503,-1.8029,-1.7031,-1.6236,-1.6132,-1.5987,-1.5861,-1.5892,-1.5904,-1.5658,-1.524,-1.4755,-1.4202,-1.3594,-1.3011,-1.2579,-1.2373,-1.2366,-1.247,-0.8902,-0.8532,-0.8068,-0.7499,-0.6857,-0.6254,-0.5891,-0.5934,-0.6149,-0.5498,-0.3128,-0.5084,-0.7658,-0.891,-1.2949,-1.5839,-1.7655,-1.8476,-1.8791,-1.7544,-1.6241,-1.6156,-1.5988,-1.5758,-1.5612,-1.549,-1.5311,-1.5021,-1.4563,-1.3894,-1.3034,-1.2156,-1.157,-1.1446,-1.1649,-1.1964,-0.9089,-0.8787,-0.8441,-0.8061,-0.7686,-0.7386,-0.7243,-0.7267,-0.7298,-0.7067,-0.6851,-0.7635,-0.8192,-0.8678,-1.1169,-1.282,-1.5657,-1.9613,-2.2835,-1.9038,-1.6979,-1.6307,-1.5928,-1.5646,-1.5461,-1.5324,-1.521,-1.4998,-1.4494,-1.3596,-1.2279,-1.0819,-0.9982,-1.0131,-1.0769,-1.1415,-0.9321,-0.909,-0.8845,-0.8601,-0.8387,-0.8242,-0.8195,-0.8237,-0.8311,-0.8384,-0.8587,-0.9055,-0.9549,-0.9988,-0.8989,-0.831,-1.3682,-1.8523,-2.0854,-1.829,-1.7009,-1.6224,-1.5755,-1.5508,-1.5388,-1.5234,-1.5183,-1.5171,-1.461,-1.3422,-1.1506,-0.915,-0.799,-0.8713,-0.9965,-1.0971,-0.9573,-0.9404,-0.9237,-0.9087,-0.8973,-0.8915,-0.8926,-0.9002,-0.9131,-0.9315,-0.9593,-0.9974,-1.0363,-1.0465,-0.9442,-0.9318,-1.3073,-1.6243,-1.7199,-1.7068,-1.6562,-1.5818,-1.5389,-1.5316,-1.5443,-1.5347,-1.5304,-1.5686,-1.4934,-1.3492,-1.1304,-0.8482,-0.716,-0.8197,-0.9703,-1.0827,-0.9826,-0.9708,-0.96,-0.9515,-0.9465,-0.9461,-0.9511,-0.9617,-0.9777,-0.9995,-1.0277,-1.0614,-1.0946,-1.1153,-1.121,-1.1831,-1.3537,-1.5309,-1.6345,-1.6474,-1.5793,-1.4963,-1.4623,-1.4922,-1.56,-1.6598,-1.8093,-1.7311,-1.5308,-1.365,-1.1905,-0.9816,-0.8676,-0.9158,-1.0177,-1.1049,-1.007,-0.9992,-0.9929,-0.9889,-0.9881,-0.9913,-0.999,-1.0114,-1.0288,-1.0511,-1.0783,-1.1095,-1.1422,-1.1747,-1.2132,-1.2775,-1.3739,-1.4717,-1.533,-1.5337,-1.4634,-1.347,-1.3138,-1.4131,-1.5459,-1.7332,-1.9764,-1.7932,-1.4544,-1.3228,-1.2445,-1.1393,-1.0622,-1.0584,-1.0997,-1.1492,-1.0301,-1.0254,-1.0223,-1.0215,-1.0236,-1.0292,-1.0385,-1.052,-1.0696,-1.0914,-1.1173,-1.1467,-1.179,-1.2146,-1.2568,-1.3101,-1.3725,-1.43,-1.4631,-1.4534,-1.3811,-1.2459,-1.2074,-1.3468,-1.4923,-1.6216,-1.6876,-1.4847,-1.1886,-1.2059,-1.2451,-1.2193,-1.1797,-1.1639,-1.1737,-1.196,-1.0514,-1.0491,-1.0485,-1.05,-1.0541,-1.0611,-1.0715,-1.0853,-1.1026,-1.1235,-1.1479,-1.1754,-1.2059,-1.2398,-1.278,-1.3205,-1.3643,-1.4015,-1.4217,-1.4138,-1.3691,-1.2999,-1.285,-1.3603,-1.4487,-1.5056,-1.4859,-1.3257,-1.1503,-1.1822,-1.2441,-1.2533,-1.239,-1.2272,-1.2266,-1.235]}]