docs/data/wind_grid.json
[{"header":{"la1":42.85,"la2":41.18,"lo1":11.55,"lo2":14.05,"nx":36,"ny":24,"dx":0.07143,"dy":0.07261,"parameterCategory":2,"parameterNumber":2,"parameterNumberName":"eastward_wind","parameterUnit":"m.s-1"},"data":[0.7699,0.7709,0.7716,0.7718,0.7711,0.7687,0.7632,0.7532,0.7374,0.7157,0.6893,0.6601,0.6297,0.5993,0.569,0.5384,0.5066,0.4724,0.4353,0.3961,0.3587,0.3291,0.313,0.3117,0.3221,0.3394,0.3594,0.3795,0.3985,0.4159,0.4317,0.4461,0.4591,0.4709,0.4817,0.4916,0.7823,0.7846,0.7871,0.7897,0.7924,0.794,0.7926,0.7851,0.7686,0.7427,0.7097,0.6735,0.637,0.602,0.5683,0.535,0.5001,0.461,0.415,0.3616,0.3062,0.2617,0.2411,0.2467,0.2698,0.2998,0.3301,0.3578,0.3821,0.4034,0.422,0.4384,0.453,0.4661,0.4779,0.4887,0.795,0.7987,0.803,0.8087,0.8161,0.8248,0.8316,0.8305,0.8145,0.7816,0.7373,0.6899,0.6451,0.6047,0.5681,0.5333,0.4974,0.4555,0.4003,0.3252,0.2355,0.1599,0.1333,0.1573,0.2057,0.2563,0.3005,0.3371,0.3672,0.3923,0.4135,0.4319,0.4479,0.4622,0.475,0.4865,0.8078,0.8124,0.8183,0.8271,0.8408,0.8609,0.8844,0.8995,0.8873,0.8406,0.7745,0.7086,0.6523,0.6062,0.5678,0.5339,0.5012,0.4633,0.4047,0.3002,0.1419,-0.0058,-0.0366,0.0381,0.1345,0.2145,0.2747,0.3201,0.3552,0.3834,0.4068,0.4268,0.4441,0.4594,0.473,0.4852,0.8204,0.8249,0.8311,0.842,0.8626,0.899,0.9545,1.0106,1.0129,0.9335,0.8217,0.7257,0.6553,0.6045,0.5663,0.5363,0.513,0.4941,0.4565,0.3295,0.0464,-0.2688,-0.2799,-0.0886,0.0763,0.1855,0.2581,0.3091,0.3473,0.3774,0.4022,0.4233,0.4417,0.4578,0.4722,0.4849,0.8326,0.8352,0.8387,0.8489,0.8742,0.928,1.0331,1.1852,1.2353,1.0685,0.8668,0.731,0.6488,0.5971,0.5623,0.5382,0.5284,0.5496,0.5962,0.4957,0.079,-0.4252,-0.4035,-0.1247,0.0666,0.1813,0.2547,0.3057,0.3439,0.3743,0.3997,0.4215,0.4406,0.4575,0.4724,0.4857,0.8451,0.8421,0.8359,0.8397,0.8674,0.9284,1.0658,1.3387,1.4781,1.1602,0.8637,0.708,0.6275,0.5829,0.5557,0.5375,0.534,0.5853,0.7495,0.7039,0.2603,-0.0886,-0.1436,-0.0112,0.1139,0.2019,0.2633,0.3084,0.344,0.3735,0.3989,0.4212,0.4409,0.4584,0.4739,0.4876,0.8608,0.8476,0.814,0.796,0.8409,0.9001,0.9871,1.1661,1.246,0.9917,0.764,0.6487,0.5912,0.5634,0.5515,0.5397,0.5248,0.5372,0.5986,0.4999,0.1982,0.0786,0.0697,0.1136,0.1759,0.2316,0.2765,0.3133,0.3452,0.3735,0.3991,0.422,0.4425,0.4607,0.4767,0.4908,0.8867,0.8694,0.7894,0.7037,0.8288,0.8913,0.8753,0.8536,0.7889,0.675,0.6039,0.5684,0.5447,0.5418,0.5662,0.5717,0.5258,0.4762,0.4183,0.2491,-0.045,-0.0151,0.1136,0.177,0.2193,0.2539,0.2849,0.3148,0.3442,0.3727,0.3995,0.4238,0.4454,0.4644,0.481,0.4953,0.9278,0.9437,0.9207,0.8943,1.0205,0.9573,0.8173,0.6517,0.4266,0.3254,0.4326,0.4916,0.4895,0.5059,0.628,0.7008,0.5481,0.4428,0.3607,0.2301,0.0462,0.0545,0.1592,0.2147,0.2405,0.2581,0.279,0.3063,0.3377,0.3697,0.3997,0.4265,0.4498,0.4699,0.4869,0.5014,0.9703,1.0449,1.2013,1.5357,1.4727,1.0646,0.8096,0.582,0.0859,-0.164,0.308,0.4479,0.4177,0.3893,0.5498,0.687,0.4998,0.3828,0.3188,0.2747,0.2217,0.2077,0.2291,0.2395,0.2334,0.2299,0.2462,0.281,0.3231,0.364,0.4002,0.4308,0.4564,0.4775,0.4949,0.5093,0.9877,1.081,1.2585,1.5234,1.4447,1.0479,0.824,0.7146,0.4179,0.1588,0.4123,0.4669,0.3428,0.1448,0.2031,0.3884,0.3714,0.2253,0.1785,0.2533,0.2845,0.2836,0.2696,0.2327,0.1741,0.1389,0.167,0.233,0.301,0.358,0.403,0.4383,0.466,0.4879,0.5052,0.5192,0.9735,1.0419,1.1351,1.2076,1.135,0.9586,0.8527,0.7181,0.8673,0.6437,0.5962,0.5509,0.4075,-0.0005,0.0349,0.3292,0.3203,-0.0854,-0.1051,0.212,0.3057,0.314,0.2804,0.1899,0.0325,-0.061,0.0285,0.1704,0.2809,0.3578,0.4119,0.451,0.48,0.5017,0.5183,0.5312,0.9428,0.9812,1.017,1.0254,0.9825,0.917,0.8975,0.9918,0.9425,0.8028,0.7389,0.6363,0.5805,0.4828,0.3814,0.3129,0.4079,0.2234,0.1313,0.2858,0.3323,0.326,0.2848,0.157,-0.1175,-0.2893,-0.0899,0.1388,0.2834,0.3725,0.4308,0.4709,0.4992,0.5194,0.5342,0.5452,0.911,0.9308,0.9436,0.9409,0.9208,0.8979,0.8938,0.9088,0.9101,0.9321,0.969,0.8953,0.7591,0.7802,0.5387,0.347,1.034,0.6359,0.4545,0.386,0.318,0.2979,0.2936,0.2044,-0.0116,-0.1508,0.0015,0.1957,0.3252,0.4075,0.4619,0.4988,0.5239,0.5409,0.5525,0.5609,0.8848,0.8956,0.9013,0.8997,0.8926,0.8871,0.8915,0.9111,0.9626,1.1066,1.4069,1.268,1.096,0.8851,0.7476,0.7583,0.9797,0.7456,0.5802,0.3984,0.1353,0.1754,0.2975,0.2964,0.2174,0.1659,0.2181,0.3132,0.3962,0.4583,0.5027,0.533,0.5527,0.5648,0.5723,0.5775,0.8648,0.8719,0.8761,0.8775,0.8781,0.8821,0.8956,0.9274,0.9973,1.1464,1.3743,1.2869,1.4093,1.4775,0.9962,0.847,0.8113,0.7625,0.6968,0.4771,0.113,0.1738,0.3395,0.3823,0.3676,0.3538,0.3718,0.4166,0.4687,0.514,0.5476,0.5696,0.5821,0.5883,0.5915,0.5936,0.8499,0.8556,0.8601,0.864,0.8691,0.8785,0.8966,0.9301,0.9877,1.0737,1.1575,1.2173,1.465,1.5081,1.121,0.9849,0.8716,0.8573,0.9471,0.6791,0.4522,0.4035,0.4453,0.4644,0.4465,0.4124,0.4136,0.4683,0.5276,0.5677,0.5904,0.601,0.6048,0.6062,0.6071,0.6078,0.8385,0.8438,0.8488,0.8544,0.8618,0.8733,0.8917,0.9202,0.9612,1.0119,1.0632,1.1182,1.1865,1.1807,1.1912,1.2238,0.9522,0.8427,0.8363,0.6372,0.5746,0.5524,0.5542,0.5438,0.4819,0.3407,0.3105,0.48,0.5871,0.6236,0.6269,0.6165,0.6102,0.6132,0.6174,0.6195,0.8293,0.8345,0.8399,0.8462,0.8544,0.8659,0.8823,0.9047,0.9332,0.9658,0.9988,1.0302,1.0554,1.0739,1.1433,1.1548,0.9406,0.76,0.5327,0.4344,0.5843,0.6443,0.662,0.64,0.5587,0.3564,0.3089,0.5996,0.6925,0.6944,0.6639,0.623,0.6062,0.6158,0.6261,0.6305,0.8216,0.8266,0.832,0.8384,0.8465,0.8569,0.8704,0.8874,0.9074,0.9288,0.9495,0.9674,0.981,0.993,1.0052,0.9748,0.8711,0.7425,0.6048,0.5637,0.6694,0.7791,0.8192,0.7787,0.7324,0.7718,0.9998,0.9623,0.8478,0.7851,0.7228,0.6613,0.6322,0.6342,0.641,0.6437,0.8147,0.8195,0.8247,0.8308,0.8381,0.847,0.8578,0.8704,0.8843,0.8984,0.9112,0.9211,0.9271,0.928,0.9192,0.888,0.8303,0.7623,0.71,0.7189,0.8307,1.0234,1.0833,0.9477,0.8779,1.0046,1.273,1.1287,0.95,0.88,0.8019,0.7289,0.6852,0.6687,0.6633,0.6597,0.8084,0.8128,0.8177,0.8231,0.8295,0.8368,0.8452,0.8545,0.8641,0.8732,0.8807,0.8856,0.8866,0.8822,0.8697,0.8461,0.8132,0.7816,0.7703,0.8102,0.9474,1.1954,1.266,1.0538,0.9359,0.9754,1.0566,1.0177,0.9959,0.9609,0.8691,0.7869,0.7331,0.7031,0.6867,0.6763,0.8024,0.8065,0.8108,0.8156,0.8209,0.8268,0.8332,0.8399,0.8464,0.8521,0.8563,0.8581,0.8565,0.8507,0.8398,0.8237,0.8057,0.7932,0.7992,0.8425,0.9448,1.087,1.1242,1.0161,0.9331,0.9273,0.951,0.9685,0.9996,0.9718,0.8901,0.8153,0.7621,0.7277,0.7056,0.6907]},{"header":{"la1":42.85,"la2":41.18,"lo1":11.55,"lo2":14.05,"nx":36,"ny":24,"dx":0.07143,"dy":0.07261,"parameterCategory":2,"parameterNumber":3,"parameterNumberName":"northward_wind","parameterUnit":"m.s-1"},"data":[-0.0809,-0.0815,-0.082,-0.0825,-0.083,-0.0835,-0.0837,-0.0833,-0.082,-0.0797,-0.0764,-0.0722,-0.067,-0.0608,-0.0534,-0.0449,-0.036,-0.0278,-0.0215,-0.018,-0.0174,-0.0189,-0.0216,-0.0248,-0.0278,-0.0302,-0.0317,-0.0321,-0.0315,-0.0298,-0.0272,-0.0239,-0.0201,-0.016,-0.0117,-0.0073,-0.0836,-0.0844,-0.0851,-0.0857,-0.0866,-0.0876,-0.0887,-0.0889,-0.0877,-0.0848,-0.0805,-0.0752,-0.0689,-0.0612,-0.0518,-0.0403,-0.0277,-0.0159,-0.0073,-0.0039,-0.0051,-0.0092,-0.0145,-0.0199,-0.0248,-0.0288,-0.0313,-0.0323,-0.0318,-0.03,-0.0271,-0.0233,-0.0189,-0.0142,-0.0093,-0.0044,-0.0869,-0.088,-0.0889,-0.0897,-0.0909,-0.093,-0.0958,-0.0976,-0.0967,-0.0925,-0.0861,-0.079,-0.0714,-0.0623,-0.0503,-0.0346,-0.0159,0.0025,0.015,0.0174,0.0112,0.002,-0.0067,-0.0148,-0.0221,-0.0279,-0.0316,-0.0332,-0.0327,-0.0306,-0.0271,-0.0227,-0.0176,-0.0121,-0.0065,-0.001,-0.0914,-0.0929,-0.0939,-0.0945,-0.096,-0.0998,-0.1063,-0.1123,-0.1125,-0.1048,-0.0937,-0.0834,-0.0745,-0.0643,-0.0499,-0.0284,0.0006,0.0321,0.0532,0.0513,0.0312,0.0116,-0.0003,-0.0104,-0.0203,-0.0282,-0.0331,-0.035,-0.0344,-0.0317,-0.0274,-0.022,-0.0159,-0.0095,-0.0031,0.0032,-0.0973,-0.0999,-0.1011,-0.1011,-0.1018,-0.1074,-0.1216,-0.1394,-0.1435,-0.1261,-0.1033,-0.0875,-0.0778,-0.0681,-0.0522,-0.024,0.0213,0.0808,0.1269,0.1141,0.0534,0.0109,0.0016,-0.008,-0.0206,-0.0306,-0.0364,-0.0384,-0.0372,-0.0335,-0.028,-0.0213,-0.0139,-0.0063,0.0012,0.0083,-0.1054,-0.1102,-0.1127,-0.1113,-0.1083,-0.113,-0.1394,-0.188,-0.2065,-0.1596,-0.111,-0.0884,-0.0806,-0.0745,-0.0601,-0.0273,0.0381,0.1509,0.2762,0.2507,0.0901,0.0048,0.0006,-0.01,-0.0253,-0.0365,-0.0424,-0.0437,-0.0413,-0.036,-0.0287,-0.0202,-0.0112,-0.0021,0.0066,0.0147,-0.1158,-0.1251,-0.1319,-0.1302,-0.118,-0.1111,-0.1414,-0.2342,-0.284,-0.1805,-0.1025,-0.081,-0.082,-0.0842,-0.0759,-0.0459,0.0274,0.1871,0.4414,0.4142,0.1306,0.0188,-0.0052,-0.0217,-0.0368,-0.0471,-0.0518,-0.0515,-0.0469,-0.0392,-0.0295,-0.0186,-0.0074,0.0034,0.0136,0.0227,-0.1272,-0.1438,-0.1604,-0.1646,-0.1381,-0.1007,-0.0983,-0.1591,-0.193,-0.1091,-0.059,-0.0626,-0.0826,-0.0976,-0.0991,-0.0809,-0.0267,0.0929,0.2565,0.2202,0.0346,-0.0238,-0.0342,-0.0446,-0.0555,-0.0631,-0.0654,-0.0623,-0.0545,-0.0433,-0.0301,-0.0161,-0.0022,0.0109,0.0226,0.0329,-0.1373,-0.1606,-0.1852,-0.1978,-0.1642,-0.0871,-0.023,0.0034,0.0233,0.0431,0.0174,-0.0368,-0.0852,-0.1142,-0.1225,-0.1171,-0.0947,-0.0403,0.0162,-0.0053,-0.0856,-0.0825,-0.068,-0.0716,-0.0796,-0.085,-0.0845,-0.0773,-0.0645,-0.0481,-0.0301,-0.0119,0.0054,0.021,0.0345,0.0458,-0.1434,-0.1737,-0.2042,-0.2172,-0.1986,-0.0735,0.0652,0.1643,0.2466,0.2513,0.1181,-0.013,-0.0943,-0.1334,-0.1302,-0.1189,-0.1416,-0.1286,-0.0986,-0.0839,-0.0902,-0.0912,-0.092,-0.0999,-0.1101,-0.116,-0.1124,-0.0986,-0.0777,-0.0535,-0.0286,-0.005,0.0164,0.0348,0.0502,0.0624,-0.1431,-0.1844,-0.2612,-0.4087,-0.3592,-0.0584,0.182,0.3205,0.4576,0.5277,0.205,-0.0099,-0.1126,-0.1561,-0.1537,-0.1326,-0.1897,-0.1905,-0.1646,-0.1382,-0.1204,-0.115,-0.1201,-0.1347,-0.154,-0.165,-0.1561,-0.1296,-0.0946,-0.0583,-0.0242,0.0063,0.0325,0.054,0.071,0.0837,-0.1314,-0.171,-0.2513,-0.3825,-0.312,0.046,0.3595,0.5166,0.4914,0.4218,0.158,-0.0352,-0.1288,-0.1388,-0.2131,-0.2655,-0.2784,-0.229,-0.1919,-0.176,-0.1557,-0.1445,-0.1507,-0.1798,-0.2259,-0.2526,-0.229,-0.1735,-0.1136,-0.0599,-0.0139,0.0246,0.056,0.0805,0.0985,0.1109,-0.1087,-0.129,-0.1579,-0.1678,-0.0603,0.1998,0.513,0.6224,0.6949,0.3135,0.0674,-0.0225,-0.1099,-0.1665,-0.2851,-0.4288,-0.4103,-0.1771,-0.1479,-0.1926,-0.1739,-0.1597,-0.1724,-0.2318,-0.3445,-0.4118,-0.3404,-0.2245,-0.1274,-0.0525,0.0065,0.0536,0.0902,0.117,0.135,0.1455,-0.0837,-0.0843,-0.0757,-0.037,0.0645,0.2429,0.4852,0.7699,0.6289,0.1985,-0.0242,0.0607,0.0686,-0.4518,-0.4888,-0.7554,-0.6678,-0.3623,-0.2345,-0.2097,-0.1708,-0.1533,-0.1722,-0.2603,-0.4581,-0.584,-0.432,-0.2482,-0.1197,-0.0278,0.0427,0.0979,0.1393,0.1672,0.183,0.1893,-0.0648,-0.055,-0.0337,0.0086,0.0816,0.1852,0.3004,0.3603,0.234,-0.0162,-0.1875,-0.2377,-0.3487,-0.5844,-0.589,-0.8504,-1.0138,-0.5871,-0.3159,-0.1906,-0.1361,-0.1235,-0.1428,-0.2201,-0.3804,-0.4813,-0.3627,-0.2011,-0.0764,0.0206,0.0997,0.1631,0.2089,0.2357,0.2457,0.2437,-0.0547,-0.0426,-0.0224,0.0088,0.0513,0.0979,0.1281,0.1036,-0.0114,-0.194,-0.359,-0.4534,-0.4502,-0.4919,-0.5404,-0.6976,-0.8421,-0.4872,-0.2015,-0.0964,-0.0983,-0.0953,-0.0995,-0.142,-0.2123,-0.2497,-0.2012,-0.1066,-0.0055,0.0913,0.1806,0.2557,0.3069,0.3288,0.3263,0.3097,-0.0522,-0.0421,-0.0279,-0.0098,0.0093,0.0219,0.0141,-0.0313,-0.1242,-0.252,-0.3629,-0.4195,-0.5695,-0.637,-0.4872,-0.4581,-0.3708,-0.0703,0.1885,0.0923,-0.0749,-0.07,-0.0544,-0.0763,-0.1108,-0.1294,-0.1041,-0.0312,0.0687,0.1772,0.2866,0.384,0.4439,0.453,0.4259,0.3851,-0.0546,-0.048,-0.0403,-0.0327,-0.0284,-0.033,-0.054,-0.0984,-0.1671,-0.2497,-0.3268,-0.4093,-0.5818,-0.6152,-0.4093,-0.2988,-0.0948,0.4789,1.0244,0.4457,0.1288,0.035,0.0041,-0.0285,-0.0816,-0.1497,-0.1428,-0.0179,0.1327,0.2722,0.4147,0.5527,0.6275,0.6073,0.537,0.4622,-0.0594,-0.0564,-0.0539,-0.0533,-0.0572,-0.0691,-0.0927,-0.1303,-0.1807,-0.238,-0.2958,-0.3553,-0.4105,-0.3934,-0.3086,-0.2786,-0.0386,0.4678,0.8074,0.5112,0.2773,0.13,0.0598,0.0106,-0.0946,-0.341,-0.3906,-0.045,0.2137,0.3783,0.5431,0.7304,0.8235,0.7556,0.6327,0.525,-0.065,-0.0648,-0.0658,-0.0694,-0.0772,-0.0912,-0.1132,-0.1434,-0.1806,-0.221,-0.2604,-0.2939,-0.3108,-0.2957,-0.2696,-0.2383,-0.0368,0.2662,0.5111,0.5692,0.3298,0.1624,0.0907,0.062,-0.0169,-0.328,-0.4033,0.1569,0.3949,0.5064,0.6288,0.8031,0.8951,0.8099,0.6723,0.556,-0.0702,-0.0718,-0.0751,-0.0807,-0.0899,-0.1036,-0.1224,-0.146,-0.1732,-0.2011,-0.2262,-0.2438,-0.2479,-0.2343,-0.2049,-0.1439,-0.0113,0.1758,0.3581,0.3971,0.2454,0.1103,0.0677,0.1109,0.205,0.392,0.8463,0.8126,0.6901,0.6746,0.6877,0.7497,0.7963,0.7466,0.6481,0.5524,-0.0743,-0.0772,-0.0815,-0.0879,-0.097,-0.1092,-0.1245,-0.1426,-0.162,-0.1806,-0.1957,-0.2038,-0.2013,-0.1851,-0.1523,-0.0951,-0.0068,0.0995,0.1847,0.1916,0.0998,-0.0343,-0.0641,0.0847,0.3425,0.7892,1.3408,1.1304,0.9649,0.9059,0.7949,0.7287,0.7038,0.664,0.5997,0.5292,-0.0773,-0.0807,-0.0854,-0.0917,-0.1,-0.1102,-0.1224,-0.1357,-0.1492,-0.1611,-0.1694,-0.1715,-0.1651,-0.1478,-0.1174,-0.0718,-0.0126,0.0491,0.0912,0.0861,0.0091,-0.1422,-0.1865,0.0288,0.3342,0.6879,0.972,1.0773,1.287,1.1856,0.9292,0.7608,0.6728,0.6144,0.5585,0.5019,-0.079,-0.0826,-0.0871,-0.0929,-0.1,-0.1083,-0.1176,-0.1272,-0.1362,-0.1433,-0.1469,-0.1453,-0.1368,-0.1201,-0.094,-0.0589,-0.0176,0.0221,0.0483,0.0468,0.0051,-0.0675,-0.0721,0.0772,0.3101,0.5643,0.8001,1.0606,1.3259,1.2249,0.9621,0.7712,0.6572,0.5841,0.5271,0.4764]}]