docs/data/wind_grid.json
{"header": {"la1":42.1,"la2":41.55,"lo1":12.1,"lo2":12.95,"nx":50,"ny":50,"dx":0.01735,"dy":0.01122,"parameterCategory":2,"parameterNumber":3,"parameterNumberName":"northward_wind","parameterUnit":"m.s-1"}, "data":
[rows 0 to 41 of 50, columns 0 to 49 of 50]
-0.9359,-1.1632,-1.377,-1.5363,-1.6021,-1.5564,-1.4112,-1.2,-0.9611,-0.7243,-0.5069,-0.3156,-0.1509,-0.0096,0.1123,0.2194,0.3157,0.4041,0.4861,0.5611,0.6264,0.6768,0.7074,0.7146,0.6987,0.6635,0.6145,0.5575,0.4969,0.4359,0.3761,0.3185,0.2634,0.2109,0.1614,0.1152,0.0728,0.0352,0.003,-0.0231,-0.0426,-0.0557,-0.063,-0.0653,-0.0636,-0.0589,-0.0522,-0.0443,-0.0358,-0.027
-0.8666,-1.1017,-1.3245,-1.4904,-1.5589,-1.5125,-1.3655,-1.1536,-0.9155,-0.6807,-0.4658,-0.2772,-0.1148,0.0245,0.1452,0.252,0.3493,0.4406,0.5278,0.6104,0.6843,0.7426,0.7777,0.7843,0.7627,0.7181,0.6584,0.591,0.5213,0.4525,0.3863,0.3233,0.2635,0.2069,0.1534,0.1034,0.0576,0.0169,-0.0176,-0.0452,-0.0652,-0.0779,-0.084,-0.0845,-0.0806,-0.0738,-0.065,-0.0551,-0.0448,-0.0345
-0.7651,-1.0009,-1.2256,-1.3929,-1.4624,-1.4188,-1.2777,-1.0743,-0.8459,-0.6204,-0.4135,-0.2313,-0.074,0.0615,0.1795,0.2849,0.3825,0.4764,0.5693,0.6607,0.7457,0.8146,0.856,0.8621,0.833,0.7767,0.704,0.6245,0.5446,0.4677,0.395,0.3266,0.2623,0.2014,0.144,0.0901,0.0406,-0.0034,-0.0406,-0.0698,-0.0903,-0.1023,-0.1068,-0.1051,-0.0988,-0.0893,-0.0781,-0.0661,-0.0539,-0.042
-0.6316,-0.8613,-1.0814,-1.2459,-1.3165,-1.2802,-1.1528,-0.9669,-0.7561,-0.5462,-0.3519,-0.1794,-0.0294,0.1006,0.2146,0.3175,0.4145,0.5104,0.6091,0.7107,0.8095,0.8924,0.9426,0.9481,0.9093,0.8381,0.7499,0.6568,0.5661,0.4808,0.4017,0.3283,0.2595,0.1946,0.1331,0.0753,0.0218,-0.0259,-0.0659,-0.0968,-0.1178,-0.1289,-0.1313,-0.127,-0.1177,-0.1054,-0.0915,-0.0771,-0.0628,-0.0492
-0.4696,-0.6879,-0.8994,-1.0593,-1.1325,-1.1084,-1.0013,-0.8394,-0.6521,-0.4623,-0.284,-0.1235,0.0176,0.1409,0.25,0.3493,0.4444,0.5413,0.6454,0.7582,0.8738,0.975,1.037,1.0417,0.9903,0.9006,0.7941,0.6862,0.5843,0.491,0.406,0.3278,0.2551,0.1864,0.1211,0.0591,0.0014,-0.0502,-0.0935,-0.1263,-0.1476,-0.1574,-0.1575,-0.1499,-0.1373,-0.1218,-0.1049,-0.0879,-0.0715,-0.0562
-0.2857,-0.49,-0.6917,-0.848,-0.9267,-0.9187,-0.8359,-0.7016,-0.5409,-0.3736,-0.2129,-0.0656,0.0657,0.1818,0.285,0.3797,0.4715,0.5678,0.676,0.8003,0.9352,1.0591,1.1367,1.1403,1.0725,0.9606,0.8338,0.7105,0.598,0.4974,0.4072,0.3252,0.2491,0.1771,0.1081,0.042,-0.0201,-0.0761,-0.123,-0.1579,-0.1794,-0.1877,-0.1848,-0.1736,-0.1572,-0.138,-0.118,-0.0984,-0.0798,-0.0626
-0.0891,-0.2794,-0.4732,-0.6288,-0.7162,-0.7266,-0.6693,-0.5632,-0.4292,-0.2846,-0.1417,-0.0077,0.1139,0.2225,0.3196,0.4086,0.4956,0.5889,0.6986,0.8327,0.988,1.1386,1.2355,1.2376,1.1497,1.0125,0.8648,0.727,0.6053,0.499,0.405,0.3201,0.2414,0.1667,0.0945,0.0245,-0.0422,-0.1029,-0.1538,-0.1911,-0.2128,-0.2191,-0.2128,-0.1975,-0.1768,-0.1538,-0.1305,-0.1081,-0.0873,-0.0684
0.1098,-0.069,-0.2584,-0.4169,-0.5153,-0.5445,-0.5115,-0.4318,-0.3226,-0.1992,-0.073,0.0485,0.161,0.2627,0.3537,0.4365,0.5167,0.604,0.7112,0.8508,1.0241,1.2026,1.3211,1.3211,1.2112,1.0487,0.8823,0.7331,0.605,0.495,0.3989,0.3125,0.2323,0.1557,0.0808,0.0072,-0.0641,-0.1298,-0.1851,-0.225,-0.2468,-0.2509,-0.2406,-0.2207,-0.1956,-0.1686,-0.1419,-0.1169,-0.094,-0.0734
0.2998,0.1292,-0.0594,-0.2235,-0.3338,-0.3805,-0.3692,-0.3125,-0.2251,-0.1205,-0.009,0.1016,0.2064,0.3023,0.3879,0.4641,0.536,0.6136,0.7127,0.8504,1.0338,1.2349,1.3736,1.3718,1.2423,1.06,0.8813,0.7262,0.5957,0.4851,0.3889,0.3024,0.222,0.1444,0.0677,-0.0091,-0.0848,-0.1555,-0.2154,-0.2582,-0.28,-0.2816,-0.2672,-0.2425,-0.2127,-0.1818,-0.1519,-0.1243,-0.0994,-0.0773
0.4707,0.3052,0.115,-0.0558,-0.1772,-0.2392,-0.2459,-0.2083,-0.1392,-0.0502,0.0488,0.1506,0.2496,0.3415,0.423,0.4932,0.5554,0.6196,0.7037,0.8291,1.0085,1.2177,1.3683,1.3666,1.2277,1.0386,0.8585,0.7051,0.5772,0.4691,0.375,0.2901,0.2106,0.1332,0.0556,-0.0234,-0.1028,-0.1784,-0.243,-0.2887,-0.3107,-0.3097,-0.291,-0.2615,-0.2274,-0.1928,-0.16,-0.1301,-0.1035,-0.0801
0.6139,0.4516,0.2594,0.0829,-0.0476,-0.1216,-0.1427,-0.1203,-0.0658,0.0104,0.0996,0.1948,0.2902,0.3804,0.4603,0.526,0.5781,0.6256,0.6876,0.7889,0.9461,1.1406,1.2874,1.2892,1.1587,0.9814,0.8133,0.6701,0.5499,0.4474,0.3574,0.2757,0.1984,0.1226,0.0453,-0.0348,-0.1169,-0.1967,-0.2657,-0.3143,-0.3365,-0.3331,-0.3104,-0.2767,-0.2387,-0.2009,-0.1656,-0.1339,-0.106,-0.0816
0.7232,0.5639,0.3714,0.1916,0.0553,-0.0273,-0.059,-0.0483,-0.0053,0.0609,0.1426,0.2335,0.3277,0.4193,0.5009,0.5652,0.6082,0.6363,0.67,0.7367,0.8547,1.0111,1.1359,1.1442,1.0402,0.8928,0.7491,0.6233,0.5151,0.4209,0.3369,0.2596,0.1858,0.1127,0.0373,-0.0424,-0.1259,-0.2085,-0.2811,-0.3323,-0.3548,-0.3495,-0.3237,-0.2865,-0.2456,-0.2055,-0.1685,-0.1355,-0.1067,-0.0816
0.7951,0.6403,0.4506,0.2716,0.133,0.0454,0.0064,0.0085,0.0428,0.1013,0.1775,0.266,0.3615,0.4577,0.5457,0.6135,0.6503,0.6577,0.6577,0.6819,0.7502,0.8539,0.9445,0.9592,0.8917,0.7846,0.6724,0.5684,0.475,0.3908,0.314,0.2422,0.173,0.1038,0.0316,-0.0458,-0.1286,-0.2123,-0.2869,-0.34,-0.3631,-0.3567,-0.3291,-0.2901,-0.2475,-0.2061,-0.1683,-0.1347,-0.1054,-0.08
0.8299,0.6817,0.499,0.3249,0.1881,0.0987,0.0554,0.0513,0.079,0.1317,0.2039,0.2915,0.3903,0.4945,0.5941,0.6723,0.7085,0.6951,0.6561,0.6328,0.6484,0.6978,0.752,0.7705,0.7379,0.6711,0.5911,0.5098,0.4318,0.3585,0.2895,0.2239,0.1601,0.0959,0.0285,-0.0449,-0.1248,-0.2071,-0.2819,-0.3358,-0.3595,-0.3534,-0.3257,-0.2865,-0.2439,-0.2026,-0.1648,-0.1313,-0.1021,-0.0769
0.8306,0.6916,0.5198,0.3548,0.2231,0.1349,0.0896,0.0814,0.1042,0.1522,0.2215,0.309,0.4122,0.5269,0.6433,0.7402,0.784,0.7509,0.6671,0.5922,0.5581,0.5613,0.5855,0.6054,0.599,0.5645,0.512,0.4513,0.388,0.3252,0.2641,0.205,0.1472,0.0889,0.0274,-0.0401,-0.1148,-0.1932,-0.2658,-0.3191,-0.3436,-0.3389,-0.313,-0.2757,-0.2347,-0.1947,-0.158,-0.1254,-0.0968,-0.0721
0.8028,0.6751,0.5174,0.3646,0.2409,0.1563,0.1108,0.1001,0.1189,0.1631,0.2296,0.3171,0.4247,0.5505,0.6865,0.8092,0.8698,0.8199,0.6858,0.5571,0.4804,0.4513,0.4566,0.4762,0.4851,0.472,0.44,0.3958,0.3453,0.292,0.2385,0.1858,0.1343,0.0825,0.028,-0.0322,-0.0998,-0.1719,-0.24,-0.2913,-0.3164,-0.3143,-0.2919,-0.2581,-0.2203,-0.1828,-0.1481,-0.117,-0.0896,-0.0658
0.7538,0.6384,0.4966,0.3581,0.2444,0.165,0.1206,0.1083,0.124,0.1645,0.228,0.3146,0.425,0.5597,0.7135,0.8625,0.9448,0.8825,0.6987,0.5203,0.4137,0.3696,0.3672,0.3845,0.3982,0.3959,0.3769,0.3451,0.3048,0.2599,0.2131,0.1666,0.1212,0.0762,0.0293,-0.0225,-0.0814,-0.1454,-0.2071,-0.2551,-0.2804,-0.2816,-0.2639,-0.235,-0.2014,-0.1675,-0.1355,-0.1064,-0.0806,-0.058
0.6906,0.5878,0.4624,0.3391,0.2363,0.1629,0.1205,0.1071,0.1199,0.1566,0.2164,0.3003,0.4103,0.5487,0.7121,0.8773,0.974,0.9032,0.6848,0.4758,0.3592,0.3188,0.316,0.3255,0.3343,0.3344,0.3226,0.2994,0.2673,0.2293,0.1885,0.1475,0.1079,0.0696,0.0306,-0.0123,-0.0617,-0.1164,-0.1705,-0.2142,-0.2393,-0.2437,-0.2311,-0.2077,-0.1791,-0.1492,-0.1204,-0.0939,-0.07,-0.0488
0.6197,0.529,0.4193,0.3108,0.2189,0.1518,0.1117,0.0974,0.1072,0.1396,0.1946,0.2737,0.3793,0.5139,0.6742,0.8358,0.9274,0.851,0.6295,0.423,0.3206,0.3,0.2967,0.2888,0.2856,0.2836,0.2757,0.2586,0.2328,0.2005,0.1647,0.1285,0.0943,0.0624,0.0312,-0.0028,-0.0425,-0.0877,-0.1336,-0.1723,-0.1964,-0.2035,-0.1958,-0.1779,-0.1544,-0.1289,-0.1036,-0.0797,-0.058,-0.0385
0.5463,0.4665,0.3711,0.2761,0.1945,0.1334,0.0953,0.08,0.0865,0.114,0.163,0.2348,0.3319,0.4554,0.5999,0.7393,0.8084,0.7317,0.5385,0.364,0.2911,0.2975,0.2883,0.2574,0.2426,0.2389,0.2341,0.222,0.2014,0.1738,0.1421,0.11,0.0803,0.0543,0.0304,0.0049,-0.0255,-0.0614,-0.0992,-0.1324,-0.1549,-0.1639,-0.1602,-0.1472,-0.1285,-0.1072,-0.0853,-0.0643,-0.0448,-0.0271
0.4738,0.4035,0.3205,0.2374,0.1648,0.1089,0.0724,0.0556,0.0583,0.0803,0.122,0.1848,0.27,0.377,0.498,0.6066,0.6502,0.5815,0.4305,0.295,0.2438,0.2636,0.2494,0.2107,0.1964,0.1964,0.1962,0.1889,0.1729,0.1492,0.1209,0.092,0.0662,0.0453,0.0279,0.0102,-0.0116,-0.0389,-0.069,-0.0967,-0.1169,-0.1265,-0.1258,-0.1168,-0.1023,-0.0848,-0.0662,-0.0479,-0.0306,-0.0148
0.4047,0.3423,0.2696,0.1964,0.1312,0.0795,0.0438,0.025,0.0234,0.039,0.0726,0.125,0.1964,0.2846,0.3805,0.4606,0.4868,0.4325,0.3203,0.2111,0.1517,0.1458,0.1427,0.1366,0.1436,0.1547,0.1612,0.159,0.1471,0.1269,0.1015,0.0751,0.0522,0.0354,0.0237,0.0128,-0.0014,-0.0208,-0.0438,-0.0661,-0.0833,-0.0927,-0.0937,-0.0876,-0.0764,-0.0622,-0.0466,-0.0309,-0.0157,-0.0017
0.3401,0.2842,0.2198,0.1545,0.0951,0.0463,0.0105,-0.011,-0.0177,-0.0089,0.016,0.0574,0.1145,0.1842,0.2577,0.3169,0.3361,0.299,0.2168,0.1186,0.0261,-0.0344,-0.0103,0.0464,0.0879,0.1147,0.1291,0.132,0.1241,0.1071,0.0841,0.0597,0.039,0.0253,0.0181,0.013,0.0054,-0.0072,-0.0236,-0.0406,-0.0544,-0.0626,-0.0642,-0.06,-0.0514,-0.0398,-0.0268,-0.0133,-0.0002,0.012
0.2807,0.2299,0.1718,0.1126,0.0575,0.0103,-0.0266,-0.0517,-0.0641,-0.0627,-0.0467,-0.016,0.0277,0.0807,0.1361,0.1821,0.2021,0.1837,0.1262,0.0359,-0.0818,-0.1763,-0.1329,-0.0314,0.0384,0.079,0.1006,0.1081,0.1039,0.0899,0.0692,0.0465,0.0273,0.0158,0.012,0.0115,0.0092,0.0026,-0.0079,-0.0198,-0.0299,-0.0361,-0.0375,-0.0343,-0.0273,-0.0178,-0.0069,0.0045,0.0157,0.0263
0.2266,0.1796,0.1264,0.0715,0.0191,-0.0277,-0.0667,-0.0963,-0.1151,-0.1214,-0.114,-0.0931,-0.0611,-0.0223,0.0187,0.0566,0.0824,0.0839,0.0512,-0.0222,-0.134,-0.2222,-0.1808,-0.0765,0.0023,0.0498,0.0761,0.0873,0.0863,0.0754,0.0571,0.0361,0.018,0.008,0.0063,0.0091,0.0111,0.0095,0.0043,-0.0026,-0.009,-0.0128,-0.0132,-0.0102,-0.0042,0.0038,0.0131,0.0227,0.0321,0.041
0.1776,0.1334,0.0837,0.0317,-0.0192,-0.0666,-0.1087,-0.1437,-0.1696,-0.1841,-0.1849,-0.172,-0.1491,-0.1219,-0.0931,-0.0611,-0.0277,-0.0051,-0.0105,-0.0565,-0.1382,-0.2006,-0.1719,-0.0901,-0.0191,0.0279,0.0558,0.0694,0.0713,0.0634,0.0479,0.0289,0.0121,0.0028,0.0023,0.0071,0.0123,0.0148,0.0143,0.0118,0.0093,0.0081,0.0092,0.0126,0.0182,0.0252,0.033,0.0411,0.0489,0.0563
0.1334,0.0913,0.044,-0.0061,-0.0567,-0.1057,-0.1516,-0.1928,-0.2267,-0.2499,-0.2583,-0.2512,-0.2338,-0.2153,-0.198,-0.1726,-0.132,-0.0883,-0.0651,-0.0788,-0.1239,-0.1597,-0.1417,-0.0856,-0.0295,0.0122,0.0392,0.0541,0.0585,0.0537,0.0414,0.0249,0.0097,0.0011,0.0009,0.0066,0.0138,0.0196,0.023,0.0247,0.0258,0.0275,0.0303,0.0346,0.04,0.0464,0.0531,0.0597,0.0661,0.0719
0.0938,0.0532,0.0074,-0.0417,-0.0926,-0.1438,-0.1943,-0.2423,-0.2851,-0.3177,-0.3336,-0.3296,-0.313,-0.2995,-0.294,-0.2779,-0.2322,-0.1683,-0.1177,-0.1007,-0.1131,-0.1269,-0.1137,-0.0763,-0.0344,0.0005,0.0255,0.0409,0.0475,0.0458,0.037,0.0237,0.0106,0.0027,0.0024,0.0083,0.0167,0.0249,0.0317,0.037,0.0416,0.046,0.0508,0.0561,0.0618,0.0677,0.0734,0.0788,0.0837,0.0881
0.0584,0.0188,-0.0259,-0.0746,-0.1262,-0.18,-0.2353,-0.2907,-0.3431,-0.3863,-0.4101,-0.407,-0.3852,-0.3713,-0.3775,-0.374,-0.3258,-0.2442,-0.1697,-0.1271,-0.1139,-0.1104,-0.0968,-0.0699,-0.0383,-0.0094,0.0135,0.0293,0.0379,0.0393,0.0341,0.0244,0.0139,0.0072,0.0069,0.0125,0.0216,0.0316,0.0411,0.0497,0.0575,0.0647,0.0714,0.0779,0.0839,0.0894,0.0943,0.0984,0.1019,0.1047
0.0269,-0.0119,-0.0559,-0.1044,-0.157,-0.2133,-0.2732,-0.3358,-0.3984,-0.4535,-0.487,-0.4837,-0.45,-0.4278,-0.4434,-0.454,-0.4055,-0.3101,-0.2179,-0.1568,-0.1256,-0.1089,-0.092,-0.0696,-0.0438,-0.0189,0.0024,0.0187,0.0293,0.0336,0.032,0.0261,0.0187,0.0136,0.0136,0.0191,0.0287,0.0402,0.0521,0.0636,0.0743,0.0841,0.0928,0.1004,0.1067,0.1118,0.1158,0.1187,0.1206,0.1218
-0.0009,-0.0391,-0.0825,-0.1309,-0.1841,-0.2426,-0.3065,-0.3756,-0.4478,-0.5154,-0.5609,-0.5593,-0.5086,-0.4681,-0.4863,-0.508,-0.4608,-0.3586,-0.2573,-0.186,-0.1437,-0.118,-0.0972,-0.0755,-0.0522,-0.0292,-0.0084,0.0087,0.0212,0.0284,0.0304,0.0281,0.024,0.0211,0.022,0.0279,0.0381,0.0509,0.0651,0.0793,0.0928,0.105,0.1156,0.1241,0.1307,0.1353,0.1382,0.1397,0.14,0.1394
-0.0253,-0.0628,-0.1056,-0.1537,-0.2073,-0.2671,-0.3337,-0.4077,-0.4876,-0.5663,-0.6246,-0.6281,-0.5608,-0.4943,-0.5038,-0.5279,-0.484,-0.3844,-0.2839,-0.2107,-0.1641,-0.1336,-0.1096,-0.0868,-0.0636,-0.0408,-0.0195,-0.0011,0.0134,0.0234,0.0287,0.0301,0.0293,0.029,0.0316,0.0385,0.0497,0.0642,0.0805,0.0974,0.1136,0.1281,0.1403,0.1497,0.1563,0.1602,0.1618,0.1616,0.1601,0.1576
-0.0465,-0.0833,-0.1253,-0.1727,-0.2261,-0.2861,-0.354,-0.4303,-0.5142,-0.5994,-0.6667,-0.6763,-0.5999,-0.5105,-0.5007,-0.5161,-0.4766,-0.3882,-0.2972,-0.2293,-0.1842,-0.1527,-0.1268,-0.1021,-0.0776,-0.0536,-0.031,-0.0109,0.0058,0.0185,0.027,0.0318,0.0345,0.0371,0.042,0.0507,0.0635,0.0799,0.0986,0.1182,0.1371,0.1539,0.1676,0.1775,0.1837,0.1866,0.1866,0.1845,0.1809,0.1763
-0.0646,-0.1006,-0.1416,-0.188,-0.2404,-0.2996,-0.3667,-0.4423,-0.5256,-0.6105,-0.6781,-0.6891,-0.6141,-0.5177,-0.4873,-0.4865,-0.4501,-0.3765,-0.2999,-0.2422,-0.2032,-0.1738,-0.1472,-0.1205,-0.0936,-0.0674,-0.0427,-0.0206,-0.0016,0.0137,0.0252,0.0334,0.0395,0.0454,0.053,0.0641,0.0792,0.0981,0.1197,0.1423,0.164,0.1829,0.1978,0.208,0.2134,0.2147,0.2127,0.2083,0.2023,0.1955
-0.0801,-0.115,-0.1547,-0.1996,-0.2503,-0.3075,-0.372,-0.4441,-0.5224,-0.6001,-0.6594,-0.6666,-0.601,-0.5135,-0.4704,-0.4531,-0.4172,-0.3572,-0.2964,-0.2516,-0.2214,-0.1962,-0.1697,-0.1407,-0.1109,-0.0818,-0.0547,-0.0301,-0.0088,0.009,0.0234,0.0348,0.0444,0.0537,0.0646,0.0787,0.0968,0.1189,0.1439,0.1698,0.1944,0.2154,0.2313,0.2413,0.2455,0.2447,0.2402,0.2331,0.2244,0.2151
-0.0929,-0.1266,-0.1648,-0.2079,-0.2562,-0.3104,-0.3708,-0.4372,-0.5071,-0.5736,-0.6204,-0.6226,-0.5697,-0.498,-0.4511,-0.4225,-0.386,-0.3369,-0.2907,-0.2596,-0.2397,-0.2197,-0.1933,-0.1618,-0.1286,-0.0963,-0.0664,-0.0394,-0.0157,0.0046,0.0218,0.0363,0.0493,0.0622,0.0767,0.0945,0.1163,0.1422,0.1711,0.2008,0.2286,0.2517,0.2683,0.2776,0.2799,0.2764,0.2689,0.2586,0.247,0.2349
-0.1035,-0.1358,-0.1722,-0.213,-0.2586,-0.309,-0.3643,-0.4235,-0.4838,-0.538,-0.5728,-0.5716,-0.5308,-0.4745,-0.4295,-0.3955,-0.3593,-0.3191,-0.2861,-0.2681,-0.2585,-0.2432,-0.2167,-0.1823,-0.1456,-0.1101,-0.0774,-0.048,-0.0221,0.0007,0.0205,0.038,0.0544,0.071,0.0894,0.1112,0.1373,0.1677,0.2012,0.2352,0.2664,0.2917,0.3086,0.3166,0.3164,0.3097,0.2985,0.2847,0.2697,0.2547
-0.1119,-0.1427,-0.1772,-0.2155,-0.2578,-0.3041,-0.3538,-0.4056,-0.4562,-0.4991,-0.5243,-0.5216,-0.4907,-0.4467,-0.4062,-0.3715,-0.3376,-0.3053,-0.2837,-0.2774,-0.2764,-0.2649,-0.2377,-0.2007,-0.1609,-0.1225,-0.0874,-0.0558,-0.0277,-0.0027,0.0196,0.04,0.0597,0.0801,0.1026,0.1289,0.1598,0.1953,0.2339,0.2727,0.3076,0.3348,0.3518,0.3579,0.3545,0.3439,0.3286,0.3109,0.2925,0.2743
-0.1184,-0.1476,-0.18,-0.2157,-0.2547,-0.2965,-0.3406,-0.3852,-0.427,-0.4608,-0.4791,-0.476,-0.4524,-0.4179,-0.3827,-0.3503,-0.3201,-0.2953,-0.2832,-0.2858,-0.2909,-0.2817,-0.254,-0.2152,-0.1732,-0.1328,-0.0958,-0.0624,-0.0324,-0.0054,0.0192,0.0425,0.0654,0.0895,0.1162,0.1472,0.1832,0.2242,0.2685,0.3124,0.3512,0.3803,0.3969,0.4006,0.3935,0.3785,0.3587,0.3369,0.3147,0.2934
-0.1233,-0.1508,-0.1811,-0.2141,-0.2496,-0.2872,-0.3259,-0.3639,-0.3983,-0.4249,-0.4384,-0.4355,-0.4173,-0.3899,-0.3601,-0.3316,-0.3062,-0.2881,-0.2831,-0.291,-0.299,-0.291,-0.2637,-0.2245,-0.1818,-0.1404,-0.1022,-0.0675,-0.0361,-0.0073,0.0195,0.0453,0.0714,0.0991,0.1301,0.1658,0.2071,0.2539,0.304,0.3532,0.3959,0.4267,0.4425,0.4434,0.4321,0.4124,0.388,0.3619,0.3361,0.3116
-0.1268,-0.1526,-0.1807,-0.211,-0.2432,-0.2767,-0.3104,-0.3428,-0.3711,-0.3922,-0.4025,-0.4,-0.3858,-0.364,-0.3392,-0.3151,-0.2947,-0.2821,-0.2815,-0.2914,-0.2995,-0.292,-0.266,-0.2281,-0.1862,-0.145,-0.1064,-0.071,-0.0385,-0.0083,0.0204,0.0486,0.0776,0.1088,0.1438,0.1842,0.2309,0.2834,0.3392,0.3936,0.4399,0.4721,0.4869,0.4847,0.469,0.4446,0.4156,0.3854,0.3561,0.3286
-0.129,-0.1531,-0.1791,-0.2068,-0.2358,-0.2656,-0.295,-0.3225,-0.3459,-0.3629,-0.371,-0.369,-0.3579,-0.3404,-0.3203,-0.3006,-0.2846,-0.276,-0.2776,-0.2868,-0.2931,-0.2857,-0.2617,-0.2265,-0.1866,-0.1466,-0.1084,-0.0729,-0.0397,-0.0083,0.022,0.0523,0.084,0.1184,0.1572,0.202,0.2536,0.3114,0.3725,0.4315,0.481,0.5142,0.5278,0.5225,0.5027,0.4738,0.4407,0.4067,0.3741,0.344
