docs/data/wind_grid.json
[{"header":{"la1":42.85,"la2":41.18,"lo1":11.55,"lo2":14.05,"nx":36,"ny":24,"dx":0.07143,"dy":0.07261,"parameterCategory":2,"parameterNumber":2,"parameterNumberName":"eastward_wind","parameterUnit":"m.s-1"},"data":[0.4767,0.4392,0.3969,0.3511,0.3049,0.2631,0.232,0.2182,0.2264,0.2569,0.3058,0.3665,0.4322,0.4977,0.5598,0.6162,0.6652,0.7054,0.7353,0.7542,0.7627,0.7629,0.7571,0.7479,0.7372,0.7266,0.7169,0.7087,0.7024,0.698,0.6954,0.6944,0.6949,0.6964,0.6989,0.702,0.4768,0.4318,0.3783,0.317,0.2513,0.1875,0.1358,0.1085,0.1152,0.1571,0.2265,0.3106,0.3985,0.4832,0.5613,0.6312,0.6918,0.741,0.7761,0.7955,0.8001,0.7934,0.7797,0.763,0.7459,0.73,0.7163,0.7053,0.6971,0.6916,0.6886,0.6878,0.6887,0.6909,0.6941,0.6981,0.4858,0.4335,0.3671,0.2861,0.1927,0.0942,0.0064,-0.0476,-0.0456,0.0165,0.121,0.2421,0.3613,0.4704,0.5677,0.6542,0.7299,0.7922,0.8354,0.8546,0.8512,0.8324,0.8064,0.7789,0.7531,0.7307,0.7124,0.6982,0.6882,0.682,0.6791,0.6788,0.6807,0.684,0.6884,0.6934,0.5081,0.4501,0.3709,0.2666,0.1356,-0.0167,-0.1699,-0.2794,-0.2906,-0.1884,-0.0186,0.1618,0.3239,0.4621,0.5808,0.686,0.7819,0.8654,0.9232,0.9411,0.9213,0.881,0.8357,0.7934,0.7569,0.7268,0.7033,0.686,0.6746,0.6682,0.666,0.6671,0.6705,0.6755,0.6815,0.688,0.549,0.4898,0.4011,0.2731,0.0964,-0.1336,-0.402,-0.6339,-0.6823,-0.4901,-0.1932,0.0789,0.294,0.4628,0.6017,0.7252,0.8461,0.9658,1.0551,1.0693,1.0144,0.9363,0.8634,0.8027,0.7537,0.7152,0.6864,0.6664,0.6544,0.6489,0.6485,0.652,0.6579,0.6653,0.6735,0.6819,0.6143,0.5632,0.4741,0.3291,0.1076,-0.214,-0.6556,-1.1401,-1.2925,-0.8907,-0.3678,0.0187,0.2845,0.4785,0.6317,0.7669,0.9101,1.0831,1.2383,1.2427,1.1184,0.9849,0.8802,0.8004,0.7387,0.6918,0.6582,0.6365,0.6253,0.6225,0.6257,0.6331,0.6428,0.6536,0.6647,0.6755,0.7091,0.6819,0.6111,0.4665,0.2163,-0.1731,-0.7586,-1.5406,-1.8641,-1.16,-0.4306,0.0179,0.3066,0.5151,0.6765,0.8094,0.9485,1.1494,1.3755,1.367,1.172,0.9983,0.8731,0.7792,0.7063,0.6513,0.6137,0.5922,0.5846,0.5873,0.5968,0.6102,0.6253,0.6407,0.6554,0.6691,0.835,0.8574,0.8391,0.7268,0.4689,0.0563,-0.498,-1.1454,-1.388,-0.86,-0.3033,0.0782,0.3555,0.5763,0.7535,0.8747,0.9635,1.0922,1.2525,1.2536,1.1062,0.9572,0.8352,0.7334,0.6494,0.5859,0.5456,0.5279,0.5284,0.5414,0.5612,0.5836,0.6061,0.6272,0.6462,0.6631,0.9839,1.0916,1.1895,1.1755,0.9121,0.4304,-0.075,-0.4627,-0.5998,-0.4539,-0.1662,0.1379,0.4043,0.6558,0.9049,1.0325,1.018,1.0248,1.067,1.0638,0.9911,0.8863,0.7724,0.6593,0.5582,0.4827,0.442,0.435,0.4524,0.4834,0.5191,0.5542,0.5862,0.6142,0.6381,0.6584,1.1281,1.3519,1.662,1.9069,1.6357,0.8593,0.1916,-0.2332,-0.5294,-0.5621,-0.2144,0.1495,0.4179,0.6986,1.1685,1.3933,1.125,1.0236,1.0102,0.9854,0.9222,0.8228,0.6948,0.5506,0.4142,0.3181,0.2826,0.3014,0.352,0.4133,0.4726,0.5245,0.5679,0.6034,0.6322,0.6557,1.218,1.5326,2.0679,2.7423,2.5259,1.1738,0.235,-0.2655,-0.8997,-1.1983,-0.345,0.1577,0.3785,0.5537,1.0445,1.3857,1.0997,1.0558,1.0584,1.006,0.9102,0.7786,0.6047,0.3916,0.1796,0.0447,0.0323,0.1121,0.2258,0.3353,0.4267,0.4987,0.5543,0.5969,0.63,0.656,1.2125,1.5084,2.0031,2.6083,2.345,0.9908,0.0488,-0.3691,-0.5478,-0.7289,-0.1334,0.2257,0.3186,0.2661,0.3971,0.7854,0.996,1.2062,1.248,1.1005,0.9332,0.7488,0.5022,0.1616,-0.2142,-0.4266,-0.3594,-0.1399,0.0845,0.2618,0.391,0.4832,0.5491,0.597,0.6326,0.6597,1.1236,1.3097,1.548,1.6902,1.355,0.5898,-0.0842,-0.9027,-0.0455,-0.0095,0.1877,0.2787,0.2986,0.1171,0.1453,0.6535,1.0386,1.5403,1.5498,1.192,0.9521,0.7289,0.4091,-0.122,-0.8301,-1.1981,-0.9022,-0.4121,-0.0327,0.2175,0.3792,0.4851,0.5561,0.6052,0.6406,0.6672,1.0057,1.0862,1.1431,1.0918,0.842,0.4583,0.1464,0.1988,0.2345,0.2955,0.4028,0.2453,0.2014,0.6531,0.5562,0.8236,1.1113,1.3604,1.3808,1.1395,0.9324,0.7262,0.3902,-0.2818,-1.3722,-1.9446,-1.3109,-0.5434,-0.0539,0.2327,0.4039,0.5094,0.5766,0.6215,0.6534,0.6776,0.9034,0.9232,0.9097,0.8316,0.6765,0.4862,0.3442,0.3189,0.398,0.5551,0.6842,0.67,0.6485,0.6973,0.7743,1.1115,1.411,1.24,1.1667,1.0349,0.8803,0.7466,0.4919,-0.0752,-0.9903,-1.496,-1.0002,-0.3513,0.0722,0.3209,0.4674,0.5545,0.6077,0.6426,0.6683,0.6891,0.8319,0.8262,0.7966,0.7346,0.645,0.5527,0.4958,0.5075,0.6045,0.7876,1.0097,1.0466,0.9756,0.9028,0.9591,1.1611,1.3348,1.2299,1.1445,0.9822,0.7708,0.7495,0.6388,0.3103,-0.1368,-0.3861,-0.235,0.0618,0.302,0.4603,0.5559,0.6095,0.6398,0.6611,0.6803,0.6989,0.7889,0.7762,0.7495,0.7086,0.6602,0.6197,0.6072,0.6409,0.7309,0.8748,1.022,1.064,1.3409,1.4875,1.1934,1.187,1.2365,1.2819,1.2836,1.0726,0.7685,0.7755,0.7556,0.599,0.4158,0.3218,0.3505,0.442,0.5381,0.6085,0.6445,0.654,0.6557,0.6648,0.6829,0.704,0.7669,0.755,0.7362,0.7124,0.6894,0.6767,0.6853,0.7239,0.7953,0.8906,0.9889,1.12,1.4452,1.543,1.3681,1.3658,1.337,1.4636,1.6353,1.326,1.0523,0.9416,0.8782,0.7849,0.6901,0.634,0.635,0.6817,0.7264,0.7376,0.7104,0.6613,0.6306,0.6402,0.6715,0.7038,0.7586,0.7502,0.7392,0.7278,0.7202,0.7223,0.74,0.7775,0.8349,0.9083,0.9952,1.1093,1.2545,1.3685,1.598,1.702,1.4444,1.4666,1.5558,1.4112,1.2378,1.0953,1.0021,0.9186,0.8133,0.6538,0.6227,0.8029,0.8845,0.8532,0.7503,0.618,0.5549,0.5909,0.6539,0.7042,0.7587,0.7543,0.7496,0.7466,0.7482,0.7581,0.7794,0.8144,0.8631,0.9243,0.9979,1.0866,1.1914,1.328,1.55,1.6183,1.4358,1.3967,1.4596,1.4872,1.3229,1.1924,1.1137,1.046,0.9468,0.7061,0.651,1.0326,1.0871,0.9849,0.8082,0.6001,0.5125,0.5734,0.6577,0.7171,0.7635,0.7626,0.7626,0.7652,0.7723,0.7861,0.8086,0.8409,0.8833,0.9353,0.9969,1.0685,1.152,1.2515,1.354,1.3873,1.3494,1.3435,1.3895,1.3979,1.317,1.2635,1.2329,1.1917,1.192,1.3367,1.7565,1.6477,1.3438,1.1378,0.9357,0.7266,0.6233,0.6476,0.7054,0.7506,0.7708,0.7726,0.7761,0.7822,0.7924,0.8081,0.8304,0.8601,0.8972,0.9416,0.993,1.0509,1.1146,1.1809,1.2377,1.2668,1.2729,1.283,1.3026,1.3092,1.3144,1.3687,1.387,1.322,1.3672,1.7006,2.2384,1.9192,1.442,1.2527,1.0863,0.9134,0.8024,0.7722,0.7822,0.7995,0.7791,0.783,0.7887,0.7971,0.8089,0.8253,0.8467,0.8738,0.9064,0.9444,0.9872,1.0338,1.0826,1.13,1.17,1.1976,1.2154,1.2315,1.2496,1.2735,1.33,1.4467,1.4819,1.3827,1.3928,1.5735,1.7445,1.5585,1.3383,1.2976,1.1855,1.0453,0.9385,0.8808,0.8577,0.8507,0.7875,0.7929,0.8002,0.8098,0.8224,0.8387,0.8589,0.8835,0.9122,0.9447,0.9805,1.0185,1.0571,1.0937,1.1258,1.1516,1.1725,1.1919,1.214,1.2466,1.3044,1.383,1.405,1.3574,1.3544,1.4172,1.454,1.3824,1.3193,1.2981,1.2149,1.1067,1.0152,0.9529,0.9156,0.8944]},{"header":{"la1":42.85,"la2":41.18,"lo1":11.55,"lo2":14.05,"nx":36,"ny":24,"dx":0.07143,"dy":0.07261,"parameterCategory":2,"parameterNumber":3,"parameterNumberName":"northward_wind","parameterUnit":"m.s-1"},"data":[-0.1428,-0.1653,-0.191,-0.2192,-0.2488,-0.2773,-0.3017,-0.3188,-0.3264,-0.3242,-0.3138,-0.298,-0.2792,-0.2588,-0.2375,-0.2158,-0.1943,-0.1743,-0.1572,-0.144,-0.1348,-0.1289,-0.1248,-0.1212,-0.1172,-0.1121,-0.1057,-0.0978,-0.0886,-0.0783,-0.067,-0.055,-0.0426,-0.0301,-0.0176,-0.0054,-0.1386,-0.1645,-0.1955,-0.2313,-0.2706,-0.3103,-0.3455,-0.3702,-0.3798,-0.3737,-0.3559,-0.3317,-0.3053,-0.2783,-0.251,-0.2231,-0.195,-0.1687,-0.147,-0.1321,-0.1243,-0.1215,-0.121,-0.1207,-0.1191,-0.1156,-0.11,-0.1023,-0.0927,-0.0815,-0.0691,-0.0558,-0.0421,-0.0282,-0.0145,-0.0012,-0.1296,-0.1589,-0.1957,-0.2409,-0.2938,-0.351,-0.4047,-0.4433,-0.4563,-0.4421,-0.4099,-0.3718,-0.3346,-0.2998,-0.2654,-0.2293,-0.1912,-0.1543,-0.1249,-0.1082,-0.1044,-0.1084,-0.1147,-0.1197,-0.1217,-0.1203,-0.1157,-0.1081,-0.0979,-0.0856,-0.0717,-0.0568,-0.0414,-0.0258,-0.0106,0.004,-0.1142,-0.1456,-0.1881,-0.2442,-0.3153,-0.3995,-0.4865,-0.5535,-0.5733,-0.5404,-0.4794,-0.4179,-0.3664,-0.3232,-0.2816,-0.2354,-0.1818,-0.1257,-0.0814,-0.0631,-0.0698,-0.0881,-0.1062,-0.1191,-0.126,-0.1272,-0.1236,-0.1159,-0.1047,-0.0909,-0.075,-0.058,-0.0403,-0.0228,-0.0057,0.0105,-0.09,-0.1215,-0.1676,-0.2341,-0.3269,-0.45,-0.5964,-0.7262,-0.7636,-0.6848,-0.5642,-0.4656,-0.3981,-0.349,-0.3026,-0.2455,-0.1685,-0.0754,0.0013,0.0194,-0.0149,-0.0614,-0.0981,-0.1214,-0.1338,-0.1378,-0.1351,-0.1268,-0.114,-0.0978,-0.0792,-0.0593,-0.0389,-0.0187,0.0005,0.0185,-0.0553,-0.0825,-0.1275,-0.1999,-0.3122,-0.4804,-0.7177,-0.9808,-1.0684,-0.8775,-0.647,-0.5029,-0.4254,-0.3783,-0.3342,-0.2697,-0.1632,-0.0059,0.1414,0.1511,0.0544,-0.0378,-0.0967,-0.1304,-0.1479,-0.1541,-0.1516,-0.142,-0.1266,-0.107,-0.0845,-0.0606,-0.0366,-0.0133,0.0086,0.0286,-0.0087,-0.0252,-0.0607,-0.129,-0.2485,-0.4449,-0.7582,-1.1869,-1.3633,-1.005,-0.6727,-0.513,-0.4455,-0.4148,-0.3853,-0.3249,-0.1995,0.0215,0.2626,0.2568,0.0872,-0.0404,-0.1118,-0.1507,-0.1711,-0.1787,-0.1757,-0.1636,-0.1439,-0.119,-0.091,-0.0618,-0.0331,-0.0059,0.0191,0.0414,0.049,0.052,0.0389,-0.0099,-0.1188,-0.3066,-0.5913,-0.9542,-1.0984,-0.8342,-0.5999,-0.494,-0.4618,-0.4643,-0.4681,-0.4294,-0.3103,-0.1021,0.1174,0.1353,0.0121,-0.0883,-0.1486,-0.1852,-0.2067,-0.2153,-0.2109,-0.1943,-0.1677,-0.1347,-0.0986,-0.0622,-0.0274,0.0045,0.033,0.0577,0.1134,0.1461,0.1741,0.1665,0.0787,-0.0933,-0.3078,-0.5126,-0.6113,-0.5779,-0.5084,-0.4707,-0.4812,-0.5313,-0.601,-0.6043,-0.4763,-0.2987,-0.1509,-0.0971,-0.1211,-0.1631,-0.2014,-0.2341,-0.2589,-0.2703,-0.2636,-0.2387,-0.2003,-0.1546,-0.1068,-0.0606,-0.0182,0.0193,0.0516,0.0787,0.1745,0.2432,0.3339,0.4045,0.3378,0.1349,-0.0661,-0.2629,-0.4797,-0.569,-0.4928,-0.4614,-0.5038,-0.599,-0.7864,-0.8751,-0.6306,-0.4269,-0.3045,-0.2413,-0.2223,-0.2317,-0.2593,-0.2982,-0.3364,-0.3562,-0.3449,-0.3039,-0.2445,-0.1786,-0.114,-0.055,-0.0033,0.0405,0.0766,0.1057,0.2175,0.3123,0.4599,0.6314,0.5873,0.3168,0.1453,-0.0631,-0.6278,-0.8918,-0.518,-0.4525,-0.5299,-0.6355,-0.7913,-0.8915,-0.6357,-0.4523,-0.3552,-0.3016,-0.2759,-0.2799,-0.3166,-0.3834,-0.4584,-0.4989,-0.4753,-0.3992,-0.3014,-0.2039,-0.1164,-0.0415,0.0206,0.0707,0.1102,0.1403,0.2317,0.3233,0.4597,0.6087,0.5701,0.3927,0.3898,0.4088,-0.0971,-0.5338,-0.3846,-0.4229,-0.5682,-0.7195,-0.7416,-0.6595,-0.5325,-0.4038,-0.3461,-0.3158,-0.2957,-0.3075,-0.3711,-0.4997,-0.6625,-0.7495,-0.6854,-0.5305,-0.3656,-0.223,-0.1071,-0.0147,0.0579,0.1136,0.155,0.1846,0.2212,0.2883,0.3693,0.4316,0.4212,0.4192,0.5712,0.7126,0.6313,0.0552,-0.2103,-0.3885,-0.5464,-0.8129,-0.8271,-0.6106,-0.488,-0.3329,-0.3147,-0.3107,-0.2934,-0.3144,-0.4118,-0.6396,-0.9858,-1.1697,-0.9855,-0.6752,-0.414,-0.22,-0.0758,0.0328,0.1141,0.1731,0.214,0.2404,0.1994,0.2431,0.2877,0.321,0.3437,0.4024,0.5544,0.7882,0.6325,0.183,-0.0985,-0.3758,-0.4874,-0.6683,-0.5966,-0.596,-0.5981,-0.4141,-0.3347,-0.2959,-0.2745,-0.2985,-0.4094,-0.7136,-1.274,-1.5849,-1.2149,-0.7387,-0.4022,-0.1739,-0.0109,0.1089,0.1953,0.2541,0.2904,0.3096,0.1768,0.2058,0.2342,0.26,0.289,0.3371,0.4094,0.4535,0.359,0.2052,0.121,-0.0149,-0.2674,-0.4057,-0.4481,-0.7465,-1.1407,-0.6065,-0.3368,-0.2549,-0.2568,-0.2753,-0.3467,-0.5932,-1.0593,-1.3289,-1.0267,-0.6072,-0.2951,-0.0719,0.095,0.2202,0.308,0.3616,0.3872,0.3934,0.1573,0.1776,0.1978,0.2177,0.2398,0.2662,0.2902,0.2911,0.2655,0.2947,0.4832,0.5091,0.2409,-0.121,-0.2516,-0.5843,-0.8912,-0.4668,-0.1977,-0.1856,-0.3249,-0.303,-0.2639,-0.3709,-0.5764,-0.6897,-0.5699,-0.3413,-0.1183,0.0759,0.2408,0.3715,0.4589,0.5007,0.5065,0.4914,0.1415,0.1564,0.1711,0.1856,0.2001,0.2138,0.2235,0.2274,0.241,0.3132,0.4632,0.4217,0.431,0.4306,0.057,-0.1438,-0.201,-0.0128,0.1399,-0.0085,-0.3151,-0.2726,-0.1658,-0.1848,-0.2583,-0.2974,-0.2461,-0.1126,0.0618,0.2441,0.4187,0.5657,0.6549,0.6744,0.6462,0.5991,0.129,0.1402,0.1511,0.1615,0.1713,0.1799,0.1872,0.1959,0.2154,0.2569,0.304,0.3294,0.4577,0.4795,0.265,0.2023,0.1755,0.396,0.6218,0.3458,0.0782,-0.012,-0.0105,-0.0388,-0.1161,-0.2118,-0.1979,-0.0168,0.2066,0.414,0.6156,0.7981,0.8937,0.8736,0.7931,0.7051,0.1194,0.128,0.1363,0.1441,0.1514,0.1582,0.1652,0.1746,0.19,0.2129,0.2385,0.2673,0.3102,0.3362,0.4505,0.5164,0.3603,0.4845,0.636,0.6335,0.4137,0.2371,0.1578,0.089,-0.077,-0.4353,-0.5048,-0.0183,0.3556,0.5887,0.8008,1.0197,1.1225,1.0497,0.9138,0.79,0.1121,0.1189,0.1256,0.1319,0.138,0.144,0.1507,0.1593,0.1711,0.1866,0.2049,0.2272,0.2574,0.3109,0.4319,0.4759,0.406,0.5229,0.8769,1.0319,0.6229,0.3972,0.3069,0.2414,0.0778,-0.4033,-0.514,0.2877,0.6388,0.7936,0.9314,1.1082,1.1988,1.1127,0.9665,0.8356,0.1068,0.1125,0.1181,0.1236,0.129,0.1346,0.141,0.1488,0.1587,0.171,0.1863,0.2058,0.2332,0.2755,0.3307,0.3628,0.3906,0.5055,0.7199,0.785,0.5972,0.4771,0.4402,0.4278,0.4592,0.6515,1.2586,1.2262,1.0829,1.0647,1.0501,1.0789,1.1101,1.0569,0.951,0.8422,0.1031,0.1081,0.1131,0.1181,0.1231,0.1286,0.1347,0.1421,0.151,0.1621,0.1759,0.1935,0.2169,0.2474,0.2822,0.3164,0.3618,0.4385,0.5279,0.5592,0.5321,0.5405,0.5543,0.5655,0.7344,1.2397,1.9288,1.6766,1.512,1.4397,1.2537,1.116,1.0509,0.9921,0.9137,0.8281,0.1008,0.1054,0.11,0.1147,0.1196,0.125,0.1311,0.1382,0.1468,0.1573,0.1702,0.1863,0.2066,0.2312,0.2599,0.2929,0.3345,0.3868,0.4398,0.4786,0.5175,0.5814,0.5997,0.6127,0.7939,1.1581,1.5014,1.6808,2.0297,1.8809,1.4876,1.2121,1.0601,0.9655,0.8859,0.81,0.0996,0.1039,0.1083,0.1129,0.1178,0.1232,0.1293,0.1365,0.1449,0.1551,0.1674,0.1825,0.2008,0.2226,0.2483,0.2786,0.3148,0.3564,0.4006,0.4462,0.4992,0.5552,0.5827,0.6287,0.7828,1.0365,1.3265,1.7015,2.093,1.9461,1.5538,1.2556,1.071,0.9531,0.8657,0.792]}]