docs/data/wind_grid.json
[{"header":{"la1":42.85,"la2":41.18,"lo1":11.55,"lo2":14.05,"nx":36,"ny":24,"dx":0.07143,"dy":0.07261,"parameterCategory":2,"parameterNumber":2,"parameterNumberName":"eastward_wind","parameterUnit":"m.s-1"},"data":[-0.7999,-0.8036,-0.8063,-0.8079,-0.8082,-0.807,-0.8038,-0.798,-0.7893,-0.7777,-0.764,-0.7495,-0.7349,-0.7208,-0.7067,-0.6915,-0.6732,-0.649,-0.6166,-0.5755,-0.5294,-0.4851,-0.449,-0.4229,-0.4046,-0.3902,-0.3769,-0.3635,-0.3499,-0.3363,-0.3233,-0.311,-0.2999,-0.2899,-0.281,-0.2734,-0.8167,-0.8215,-0.8252,-0.828,-0.8298,-0.8304,-0.8289,-0.8242,-0.815,-0.8016,-0.7854,-0.7685,-0.7528,-0.739,-0.7268,-0.7147,-0.6995,-0.676,-0.6381,-0.5828,-0.516,-0.453,-0.4086,-0.385,-0.374,-0.3662,-0.3572,-0.3459,-0.3329,-0.3194,-0.3061,-0.2938,-0.2826,-0.2728,-0.2643,-0.2571,-0.8342,-0.84,-0.8448,-0.849,-0.8528,-0.8563,-0.8582,-0.8562,-0.8471,-0.8303,-0.8092,-0.7883,-0.7707,-0.7577,-0.7491,-0.7433,-0.7363,-0.7191,-0.6771,-0.5981,-0.4894,-0.3879,-0.333,-0.324,-0.3323,-0.3378,-0.3354,-0.3265,-0.314,-0.3002,-0.2867,-0.2742,-0.2632,-0.2538,-0.2458,-0.2393,-0.852,-0.8587,-0.8644,-0.8699,-0.8763,-0.8843,-0.8932,-0.8981,-0.8904,-0.867,-0.8361,-0.8079,-0.7875,-0.7759,-0.7727,-0.7774,-0.7875,-0.7908,-0.756,-0.6407,-0.4412,-0.25,-0.1889,-0.231,-0.2821,-0.3085,-0.3134,-0.306,-0.293,-0.2785,-0.2645,-0.252,-0.2413,-0.2325,-0.2254,-0.2198,-0.87,-0.8771,-0.8831,-0.8894,-0.8983,-0.9127,-0.9348,-0.9576,-0.9562,-0.9172,-0.8654,-0.825,-0.8012,-0.7919,-0.7955,-0.8144,-0.8538,-0.909,-0.9248,-0.7733,-0.3883,0.0193,0.05,-0.1241,-0.2407,-0.2864,-0.2938,-0.2845,-0.2692,-0.2532,-0.2386,-0.2263,-0.2164,-0.2087,-0.2028,-0.1986,-0.8878,-0.8941,-0.8987,-0.9047,-0.9155,-0.9363,-0.9783,-1.0431,-1.0637,-0.9837,-0.8903,-0.8341,-0.8092,-0.8045,-0.8154,-0.8471,-0.9212,-1.0733,-1.2593,-1.1284,-0.496,0.1963,0.1786,-0.1039,-0.2405,-0.2792,-0.2769,-0.2602,-0.2406,-0.2227,-0.2079,-0.1966,-0.1881,-0.1822,-0.1781,-0.1756,-0.9052,-0.9081,-0.9065,-0.9091,-0.9233,-0.9478,-0.9997,-1.1149,-1.1778,-1.0256,-0.8878,-0.8272,-0.81,-0.815,-0.8336,-0.8685,-0.9524,-1.1757,-1.5975,-1.5311,-0.8273,-0.2928,-0.1636,-0.2467,-0.288,-0.2819,-0.2567,-0.2283,-0.2037,-0.1847,-0.1711,-0.1619,-0.1561,-0.1528,-0.1512,-0.1509,-0.9237,-0.9191,-0.897,-0.8847,-0.9175,-0.9502,-0.9752,-1.0367,-1.0639,-0.9333,-0.8299,-0.7992,-0.8045,-0.829,-0.8627,-0.8912,-0.9337,-1.0683,-1.3022,-1.2371,-0.9509,-0.7504,-0.5334,-0.4087,-0.3331,-0.2714,-0.22,-0.1808,-0.1537,-0.1366,-0.1268,-0.1219,-0.1203,-0.1207,-0.1224,-0.1249,-0.9481,-0.9392,-0.8805,-0.8158,-0.9158,-0.9727,-0.9481,-0.8896,-0.8035,-0.7219,-0.7178,-0.7547,-0.7953,-0.8525,-0.9366,-0.9723,-0.9287,-0.9233,-0.9643,-0.975,-1.0715,-0.9963,-0.6897,-0.4672,-0.3216,-0.22,-0.1507,-0.1081,-0.0855,-0.076,-0.0742,-0.0765,-0.081,-0.0864,-0.0922,-0.0981,-0.9827,-0.9966,-0.9769,-0.9553,-1.0609,-1.0568,-0.974,-0.7922,-0.4792,-0.3471,-0.5511,-0.7092,-0.7808,-0.866,-1.0965,-1.2249,-0.9736,-0.8502,-0.8225,-0.8507,-0.9588,-0.8923,-0.6316,-0.4006,-0.2264,-0.1042,-0.032,-0.0006,0.005,-0.002,-0.0139,-0.0269,-0.0395,-0.0511,-0.0616,-0.0712,-1.0188,-1.0746,-1.1766,-1.3835,-1.3588,-1.1864,-1.097,-0.861,-0.0403,0.3798,-0.4079,-0.7045,-0.7586,-0.7912,-1.0251,-1.2166,-0.9196,-0.7995,-0.753,-0.7173,-0.6946,-0.6122,-0.4356,-0.2261,-0.0326,0.1022,0.1563,0.1501,0.1185,0.0829,0.051,0.0243,0.0022,-0.0163,-0.0318,-0.0451,-1.0381,-1.1108,-1.23,-1.3888,-1.369,-1.2769,-1.3536,-1.4036,-0.7295,-0.188,-0.6152,-0.7867,-0.7464,-0.634,-0.6767,-0.7756,-0.7671,-0.8107,-0.7936,-0.6523,-0.5208,-0.3881,-0.2111,0.0242,0.282,0.4445,0.4389,0.345,0.2475,0.1712,0.1149,0.073,0.0409,0.0157,-0.0046,-0.0212,-1.0346,-1.0977,-1.1763,-1.247,-1.2706,-1.3318,-1.5619,-1.8948,-1.5819,-1.0331,-0.9292,-0.9506,-0.8501,-0.5667,-0.5664,-0.6225,-0.6614,-1.0228,-1.0237,-0.6187,-0.378,-0.1981,0.0034,0.31,0.7359,0.9782,0.8145,0.5551,0.3684,0.2487,0.1695,0.1139,0.0731,0.0421,0.0181,-0.001,-1.016,-1.0655,-1.1189,-1.1691,-1.2216,-1.3195,-1.5044,-1.7099,-1.57,-1.2339,-1.1142,-1.1144,-1.092,-0.8177,-0.6752,-0.5135,-0.4735,-0.6923,-0.7373,-0.4234,-0.1627,0.0154,0.1899,0.5204,1.125,1.4794,1.1,0.6877,0.443,0.2992,0.2065,0.1417,0.0945,0.0597,0.0337,0.0139,-0.9905,-1.0303,-1.0725,-1.1172,-1.1712,-1.2477,-1.345,-1.4089,-1.3644,-1.3196,-1.3479,-1.2796,-1.1579,-1.3447,-0.7213,-0.4489,0.0932,-0.2563,-0.2926,-0.0733,0.2148,0.3199,0.3497,0.5448,0.9707,1.2354,0.9789,0.6593,0.4509,0.3165,0.222,0.1521,0.1006,0.0643,0.0393,0.0216,-0.9618,-0.9949,-1.0301,-1.0685,-1.1129,-1.165,-1.2184,-1.2593,-1.307,-1.4812,-1.9182,-1.6797,-1.4046,-1.0891,-0.7317,-0.3237,0.0129,-0.0978,-0.0137,0.2994,0.83,0.7457,0.496,0.501,0.6541,0.76,0.6944,0.5545,0.4226,0.311,0.2168,0.1401,0.0843,0.0499,0.0311,0.0203,-0.9313,-0.9589,-0.9881,-1.0195,-1.0539,-1.0912,-1.1306,-1.1771,-1.2622,-1.4676,-1.8217,-1.604,-1.4076,-1.3057,-0.7185,-0.3334,-0.1129,0.0704,0.2572,0.4656,0.9374,0.8263,0.5467,0.4866,0.5348,0.5851,0.5757,0.5061,0.4067,0.2994,0.1923,0.097,0.0331,0.0074,0.0052,0.0093,-0.8997,-0.9222,-0.9458,-0.9706,-0.9967,-1.0246,-1.0559,-1.0967,-1.1618,-1.2622,-1.3393,-1.28,-1.2916,-1.1834,-0.3594,0.0695,0.1299,0.3819,0.6314,0.5251,0.5888,0.5869,0.5133,0.4981,0.5563,0.6465,0.6584,0.5533,0.4207,0.2902,0.1483,0.0082,-0.0721,-0.0718,-0.038,-0.0085,-0.8672,-0.8852,-0.9035,-0.922,-0.941,-0.9605,-0.9819,-1.0073,-1.0386,-1.0675,-1.0641,-0.9986,-0.8624,-0.4476,0.6603,1.088,0.4365,0.4711,0.6417,0.6896,0.6018,0.5452,0.5218,0.5352,0.6351,0.8706,0.9221,0.6415,0.4361,0.2865,0.1001,-0.1196,-0.2256,-0.1708,-0.0823,-0.0228,-0.8344,-0.848,-0.8613,-0.8741,-0.8863,-0.8976,-0.9079,-0.9166,-0.9205,-0.91,-0.8673,-0.7676,-0.5648,-0.1369,0.6176,0.8775,0.4854,0.5055,0.875,1.0417,0.7242,0.6247,0.6056,0.5891,0.6354,0.8859,0.9494,0.5398,0.3976,0.305,0.1115,-0.1678,-0.2962,-0.206,-0.0892,-0.0176,-0.8016,-0.8112,-0.8199,-0.8273,-0.8331,-0.8366,-0.8367,-0.8315,-0.8166,-0.7842,-0.7217,-0.6113,-0.4272,-0.1439,0.1847,0.3471,0.3555,0.4674,0.7147,0.8208,0.756,0.8116,0.8336,0.705,0.5423,0.3585,-0.0122,0.0879,0.346,0.4001,0.2483,-0.0026,-0.1404,-0.1076,-0.0343,0.0155,-0.7693,-0.7751,-0.7796,-0.7822,-0.7823,-0.779,-0.7708,-0.7554,-0.7289,-0.6854,-0.6169,-0.5139,-0.3683,-0.1842,0.0032,0.1434,0.2478,0.3767,0.5337,0.6734,0.88,1.2686,1.382,0.9758,0.5456,0.0985,-0.4287,-0.0663,0.572,0.6882,0.499,0.2574,0.1005,0.053,0.057,0.0675,-0.7377,-0.7402,-0.7409,-0.7393,-0.7346,-0.7257,-0.7113,-0.6892,-0.6562,-0.6085,-0.5414,-0.4508,-0.3357,-0.2024,-0.0662,0.0589,0.1774,0.3064,0.4569,0.6577,1.0249,1.6503,1.8306,1.2044,0.6537,0.2967,0.1442,0.5808,1.2801,1.1528,0.7668,0.4708,0.286,0.1893,0.1441,0.1209,-0.7073,-0.7069,-0.7043,-0.6991,-0.6905,-0.6775,-0.6587,-0.6325,-0.5966,-0.5484,-0.4856,-0.4065,-0.3119,-0.2058,-0.0947,0.0169,0.1314,0.2569,0.4074,0.6142,0.9329,1.3295,1.4218,1.0668,0.6963,0.4947,0.5229,0.9095,1.38,1.2368,0.8602,0.5736,0.3885,0.2751,0.2067,0.1635]},{"header":{"la1":42.85,"la2":41.18,"lo1":11.55,"lo2":14.05,"nx":36,"ny":24,"dx":0.07143,"dy":0.07261,"parameterCategory":2,"parameterNumber":3,"parameterNumberName":"northward_wind","parameterUnit":"m.s-1"},"data":[0.7373,0.7389,0.7422,0.747,0.7534,0.7609,0.7692,0.7781,0.7875,0.7967,0.8051,0.8117,0.8154,0.8158,0.8126,0.8063,0.7982,0.7896,0.7819,0.7761,0.7716,0.7671,0.7606,0.7512,0.7387,0.7236,0.7068,0.689,0.6707,0.6523,0.6343,0.6169,0.6001,0.5843,0.5695,0.5558,0.7261,0.7268,0.7298,0.7351,0.7425,0.7514,0.7612,0.7718,0.7835,0.7958,0.8077,0.8174,0.8233,0.8244,0.8204,0.8119,0.8006,0.7891,0.7804,0.7759,0.7751,0.7745,0.7703,0.7607,0.7462,0.7284,0.7086,0.6881,0.6673,0.6468,0.6268,0.6077,0.5896,0.5725,0.5567,0.5422,0.7111,0.7101,0.7123,0.7182,0.7271,0.7376,0.7488,0.7608,0.7748,0.7913,0.8085,0.8232,0.8326,0.8349,0.8296,0.8173,0.8005,0.7835,0.7723,0.7711,0.7785,0.7865,0.7861,0.7748,0.7561,0.7337,0.71,0.686,0.6624,0.6394,0.6174,0.5964,0.5768,0.5585,0.5417,0.5264,0.6911,0.6869,0.6876,0.6942,0.7056,0.7189,0.731,0.7424,0.7579,0.7804,0.8064,0.8294,0.8443,0.8486,0.8415,0.8233,0.7966,0.7681,0.7504,0.7558,0.7826,0.8097,0.8138,0.7953,0.7678,0.7386,0.7098,0.6819,0.6551,0.6296,0.6053,0.5826,0.5614,0.5418,0.5241,0.5081,0.665,0.6547,0.6516,0.659,0.6756,0.6946,0.7073,0.7131,0.7259,0.7583,0.8005,0.8369,0.86,0.8674,0.8583,0.832,0.789,0.7355,0.697,0.7134,0.7849,0.8542,0.8573,0.8186,0.7774,0.7403,0.7062,0.6745,0.6446,0.6165,0.5901,0.5655,0.5428,0.522,0.5033,0.4867,0.6319,0.61,0.5976,0.6045,0.6321,0.665,0.6808,0.6702,0.6689,0.7217,0.7927,0.8484,0.8822,0.8939,0.8833,0.8486,0.784,0.6829,0.5778,0.6024,0.7592,0.8836,0.8805,0.8259,0.7772,0.7353,0.6974,0.6625,0.6299,0.5994,0.571,0.5446,0.5203,0.4984,0.4788,0.4617,0.5935,0.5508,0.5153,0.5147,0.5642,0.6293,0.6616,0.6352,0.6101,0.6931,0.7946,0.8689,0.9142,0.9309,0.9199,0.8804,0.8018,0.656,0.4424,0.4657,0.7132,0.8271,0.8393,0.8067,0.7643,0.7219,0.682,0.6448,0.6101,0.5776,0.5473,0.5192,0.4934,0.4703,0.45,0.4325,0.557,0.4845,0.4007,0.3676,0.4601,0.5864,0.6556,0.6573,0.6519,0.7182,0.8138,0.9009,0.959,0.9798,0.9671,0.9281,0.8569,0.7368,0.5949,0.6308,0.808,0.8532,0.8263,0.7877,0.7445,0.7009,0.6595,0.6208,0.5846,0.5506,0.5185,0.4886,0.4612,0.4369,0.4159,0.3983,0.5364,0.4421,0.3069,0.2112,0.3661,0.5556,0.6568,0.6794,0.6751,0.7112,0.8175,0.9397,1.0204,1.0412,1.0123,0.9719,0.9221,0.846,0.7864,0.8279,0.9735,0.9492,0.8433,0.7731,0.7193,0.6722,0.6296,0.5904,0.5533,0.5178,0.4839,0.4519,0.4228,0.3971,0.3755,0.3581,0.5417,0.4534,0.3462,0.2888,0.3904,0.5623,0.6775,0.6646,0.5309,0.5083,0.7552,0.9879,1.112,1.1249,1.0198,0.9536,0.9624,0.9043,0.8515,0.8582,0.9271,0.9089,0.817,0.7414,0.6826,0.6341,0.5922,0.5539,0.5166,0.4794,0.4429,0.4082,0.3766,0.3494,0.3272,0.3104,0.5684,0.4922,0.3948,0.2722,0.3204,0.5882,0.7538,0.7049,0.2362,-0.0255,0.6794,1.0809,1.2617,1.2957,1.1118,0.9755,0.9946,0.9072,0.8362,0.8175,0.822,0.8025,0.7485,0.6869,0.6316,0.5864,0.5489,0.5132,0.4755,0.4355,0.3949,0.3559,0.3209,0.2916,0.2691,0.2536,0.6104,0.5467,0.4491,0.3139,0.3789,0.6934,0.9161,0.9775,0.6435,0.3934,0.8919,1.2533,1.4627,1.6588,1.4059,1.1863,1.0223,0.8034,0.713,0.7431,0.7456,0.719,0.6741,0.621,0.5712,0.5342,0.5055,0.4728,0.4322,0.386,0.3382,0.2924,0.2522,0.2203,0.1979,0.1851,0.6641,0.6258,0.5793,0.5546,0.645,0.85,1.0488,1.1878,1.0935,1.0025,1.2029,1.479,1.5964,1.6563,1.3858,1.2603,1.0433,0.5084,0.4599,0.668,0.6803,0.6443,0.601,0.5556,0.5152,0.4936,0.4748,0.4382,0.3873,0.3292,0.2693,0.213,0.1653,0.1303,0.1094,0.1017,0.7209,0.7091,0.7061,0.7324,0.8136,0.9395,1.0647,1.1473,1.1459,1.1928,1.3672,1.6784,1.7814,1.7964,1.4175,1.2907,1.1876,0.7973,0.6316,0.6579,0.6033,0.5509,0.5216,0.4993,0.486,0.4884,0.4631,0.4061,0.3362,0.26,0.1822,0.1099,0.0515,0.0134,-0.0029,-0.0007,0.7714,0.7776,0.7954,0.8341,0.8991,0.9821,1.0631,1.1264,1.1899,1.3076,1.4429,1.5196,1.5235,1.4108,1.3715,1.3024,1.3926,1.069,0.7889,0.5981,0.4417,0.3967,0.4213,0.4407,0.4571,0.467,0.4287,0.3561,0.2689,0.171,0.0675,-0.0295,-0.1036,-0.1431,-0.1479,-0.1269,0.8112,0.827,0.8527,0.892,0.9456,1.0091,1.0764,1.1489,1.2487,1.4164,1.6568,1.5122,1.4535,1.3852,1.3054,1.2666,1.2868,0.9918,0.6814,0.4149,0.1337,0.1724,0.3085,0.3667,0.3892,0.3888,0.353,0.2824,0.183,0.0575,-0.0862,-0.2251,-0.3237,-0.3587,-0.3364,-0.2805,0.84,0.86,0.8878,0.9248,0.9711,1.0253,1.0869,1.1608,1.2619,1.4149,1.606,1.5036,1.3958,1.3517,1.213,1.0946,0.9468,0.6442,0.3605,0.247,0.0677,0.114,0.2393,0.2964,0.3209,0.3243,0.294,0.2173,0.0937,-0.0767,-0.2902,-0.5074,-0.6468,-0.6588,-0.5763,-0.4589,0.8589,0.8803,0.9075,0.9413,0.9818,1.0288,1.0828,1.1466,1.224,1.3121,1.374,1.3552,1.3328,1.2937,1.0621,0.8915,0.6808,0.1918,-0.2001,0.0349,0.1098,0.1446,0.1909,0.2328,0.2818,0.3365,0.3258,0.2044,0.0215,-0.219,-0.5453,-0.9085,-1.1145,-1.0548,-0.8543,-0.6439,0.8698,0.8907,0.916,0.9461,0.9809,1.0204,1.0645,1.1133,1.1648,1.2114,1.2357,1.2246,1.1834,1.0686,0.8198,0.7252,0.567,0.1157,-0.1947,-0.2332,-0.0693,0.0432,0.0957,0.1524,0.2685,0.4835,0.5251,0.2406,-0.0422,-0.3492,-0.7995,-1.3733,-1.6637,-1.461,-1.0997,-0.7921,0.874,0.8934,0.9161,0.942,0.971,1.0028,1.0365,1.0709,1.1026,1.1255,1.1304,1.1089,1.0519,0.9394,0.784,0.7046,0.5125,0.1095,-0.4868,-0.7189,-0.2767,-0.1202,-0.0712,0.0114,0.1762,0.481,0.5481,0.1283,-0.1575,-0.4495,-0.9082,-1.559,-1.8831,-1.6082,-1.1868,-0.8497,0.8731,0.8904,0.9099,0.9315,0.9548,0.9791,1.0034,1.0258,1.0431,1.0509,1.0433,1.0143,0.9577,0.8707,0.7657,0.6488,0.4515,0.13,-0.2689,-0.4213,-0.3229,-0.3703,-0.3918,-0.2451,-0.0662,-0.0033,-0.1763,-0.2301,-0.3503,-0.547,-0.8361,-1.2604,-1.5082,-1.366,-1.0715,-0.8019,0.8681,0.883,0.8993,0.9166,0.9344,0.9521,0.9682,0.9811,0.9881,0.9858,0.9702,0.9374,0.8841,0.8094,0.7145,0.5922,0.4205,0.1941,-0.0433,-0.2278,-0.4653,-0.9005,-1.034,-0.6292,-0.3094,-0.2715,-0.3906,-0.4169,-0.6358,-0.7405,-0.7874,-0.9292,-1.0491,-1.0128,-0.8645,-0.6908,0.86,0.8724,0.8854,0.8987,0.9117,0.9235,0.933,0.9385,0.9379,0.9287,0.908,0.8732,0.822,0.753,0.6641,0.5502,0.4045,0.2275,0.0275,-0.2181,-0.637,-1.3263,-1.5226,-0.8987,-0.4629,-0.3607,-0.4289,-0.6927,-1.1416,-1.0514,-0.8406,-0.7783,-0.783,-0.7563,-0.6769,-0.569,0.8497,0.8596,0.8696,0.8792,0.8879,0.8948,0.8989,0.8987,0.8926,0.8787,0.8547,0.8189,0.7693,0.7043,0.6218,0.5189,0.3923,0.2402,0.0559,-0.1887,-0.5512,-0.9902,-1.1018,-0.7729,-0.4878,-0.4144,-0.5205,-0.8417,-1.2085,-1.1002,-0.8448,-0.7034,-0.6421,-0.5968,-0.5375,-0.4628]}]