docs/data/wind_grid.json
{"header": {"la1":42.1,"la2":41.55,"lo1":12.1,"lo2":12.95,"nx":50,"ny":50,"dx":0.01735,"dy":0.01122,"parameterCategory":2,"parameterNumber":2,"parameterNumberName":"eastward_wind","parameterUnit":"m.s-1"}, "data":
[rows 0 to 42 of 50, columns 0 to 49 of 50]
0.4126,0.4106,0.4077,0.404,0.3994,0.3938,0.3871,0.3794,0.3705,0.3606,0.3495,0.3372,0.3236,0.3089,0.2928,0.2753,0.2561,0.235,0.2115,0.1853,0.1556,0.1218,0.0831,0.0386,-0.0124,-0.0708,-0.1372,-0.212,-0.2957,-0.3882,-0.4891,-0.5977,-0.7126,-0.8315,-0.9518,-1.0696,-1.1808,-1.2812,-1.3668,-1.4345,-1.4828,-1.5115,-1.5218,-1.516,-1.4969,-1.4675,-1.4306,-1.3886,-1.3436,-1.2972
0.4236,0.4219,0.4194,0.416,0.4117,0.4063,0.3999,0.3923,0.3836,0.3738,0.3628,0.3506,0.3372,0.3226,0.3068,0.2895,0.2707,0.2501,0.2272,0.2015,0.1724,0.139,0.1005,0.056,0.0044,-0.055,-0.1232,-0.2006,-0.2878,-0.3847,-0.4913,-0.6067,-0.7295,-0.8575,-0.9876,-1.1156,-1.2368,-1.3459,-1.4382,-1.5103,-1.5601,-1.5877,-1.5946,-1.5839,-1.5588,-1.523,-1.4798,-1.4317,-1.3812,-1.3297
0.4348,0.4335,0.4313,0.4283,0.4242,0.4191,0.4129,0.4056,0.397,0.3873,0.3764,0.3643,0.351,0.3366,0.3209,0.304,0.2856,0.2654,0.2431,0.2182,0.1897,0.157,0.119,0.0745,0.0226,-0.0378,-0.1076,-0.1875,-0.2781,-0.3796,-0.4918,-0.6142,-0.7453,-0.8829,-1.0237,-1.1629,-1.295,-1.4139,-1.5138,-1.5905,-1.6418,-1.6677,-1.6706,-1.654,-1.6221,-1.5792,-1.5289,-1.4744,-1.4179,-1.3612
0.4462,0.4453,0.4435,0.4408,0.4371,0.4323,0.4263,0.4191,0.4107,0.4011,0.3903,0.3782,0.365,0.3507,0.3352,0.3185,0.3005,0.2809,0.2594,0.2352,0.2077,0.1757,0.1383,0.0942,0.0421,-0.019,-0.0903,-0.1726,-0.2666,-0.3725,-0.4904,-0.6199,-0.7596,-0.9073,-1.0595,-1.2109,-1.3552,-1.4849,-1.5932,-1.6749,-1.7275,-1.7512,-1.7491,-1.7257,-1.6861,-1.6352,-1.5774,-1.5159,-1.4533,-1.3913
0.4579,0.4574,0.456,0.4537,0.4503,0.4457,0.44,0.433,0.4248,0.4152,0.4044,0.3924,0.3792,0.3649,0.3496,0.3331,0.3156,0.2966,0.2758,0.2525,0.226,0.1951,0.1585,0.115,0.063,0.0012,-0.0714,-0.156,-0.2531,-0.3634,-0.4869,-0.6234,-0.7718,-0.93,-1.0942,-1.2588,-1.4163,-1.5581,-1.6757,-1.7629,-1.8166,-1.8375,-1.8295,-1.7982,-1.75,-1.6905,-1.6245,-1.5558,-1.4868,-1.4194
0.4697,0.4697,0.4687,0.4668,0.4638,0.4595,0.4541,0.4473,0.4391,0.4297,0.4189,0.4068,0.3936,0.3793,0.364,0.3478,0.3306,0.3122,0.2922,0.27,0.2447,0.215,0.1795,0.1367,0.085,0.0229,-0.0509,-0.1375,-0.2377,-0.3521,-0.4809,-0.6243,-0.7813,-0.95,-1.1268,-1.3055,-1.4775,-1.6325,-1.7604,-1.8535,-1.9081,-1.9254,-1.9105,-1.8704,-1.8126,-1.7439,-1.6694,-1.5932,-1.5179,-1.4451
0.4818,0.4822,0.4818,0.4803,0.4776,0.4737,0.4685,0.4619,0.4539,0.4445,0.4336,0.4215,0.4081,0.3937,0.3784,0.3624,0.3455,0.3277,0.3086,0.2875,0.2636,0.2353,0.2012,0.1594,0.1082,0.0459,-0.0289,-0.1174,-0.2203,-0.3385,-0.4724,-0.6221,-0.7873,-0.9665,-1.156,-1.3493,-1.5369,-1.7065,-1.8458,-1.9451,-2.0004,-2.0134,-1.9906,-1.9407,-1.8727,-1.7942,-1.711,-1.6273,-1.5457,-1.4678
0.494,0.495,0.4951,0.494,0.4918,0.4883,0.4834,0.477,0.4691,0.4597,0.4487,0.4364,0.4229,0.4083,0.3929,0.3768,0.3602,0.3429,0.3247,0.3049,0.2825,0.2559,0.2233,0.1828,0.1323,0.0701,-0.0055,-0.0956,-0.2011,-0.3228,-0.4611,-0.6166,-0.7893,-0.9782,-1.1801,-1.3885,-1.5925,-1.7778,-1.9294,-2.0356,-2.0914,-2.0994,-2.0678,-2.0073,-1.9286,-1.8401,-1.7482,-1.6573,-1.5697,-1.487
0.5065,0.5081,0.5087,0.5082,0.5064,0.5033,0.4987,0.4926,0.4848,0.4753,0.4643,0.4517,0.4379,0.423,0.4073,0.3911,0.3746,0.3578,0.3405,0.322,0.3012,0.2765,0.2458,0.2068,0.1573,0.0953,0.019,-0.0725,-0.1803,-0.3049,-0.447,-0.6073,-0.7864,-0.984,-1.1976,-1.4206,-1.6414,-1.8434,-2.0083,-2.1218,-2.178,-2.1803,-2.1393,-2.0679,-1.9782,-1.88,-1.7798,-1.6821,-1.5891,-1.502
0.5193,0.5214,0.5226,0.5227,0.5215,0.5188,0.5146,0.5086,0.5009,0.4915,0.4803,0.4674,0.4532,0.4378,0.4217,0.4052,0.3886,0.3722,0.3556,0.3385,0.3195,0.2969,0.2683,0.2312,0.1829,0.1212,0.0445,-0.0484,-0.1581,-0.2852,-0.4303,-0.5942,-0.7781,-0.9826,-1.2062,-1.443,-1.6804,-1.8994,-2.0783,-2.1996,-2.2561,-2.2527,-2.202,-2.1197,-2.0196,-1.9122,-1.8045,-1.7008,-1.6031,-1.5125
0.5322,0.535,0.5369,0.5376,0.5369,0.5348,0.5309,0.5253,0.5177,0.5082,0.4968,0.4836,0.4688,0.4529,0.4361,0.4191,0.4022,0.3859,0.37,0.3542,0.3371,0.3168,0.2907,0.2556,0.2087,0.1476,0.0705,-0.0236,-0.135,-0.2641,-0.4111,-0.5771,-0.7638,-0.9729,-1.2041,-1.4526,-1.7054,-1.9412,-2.1344,-2.2638,-2.321,-2.3119,-2.2522,-2.1598,-2.0503,-1.935,-1.8211,-1.7125,-1.6112,-1.5179
0.5453,0.5489,0.5515,0.5528,0.5528,0.5512,0.5479,0.5425,0.5352,0.5256,0.514,0.5003,0.4849,0.4682,0.4506,0.4328,0.4154,0.3989,0.3834,0.3688,0.3537,0.3359,0.3125,0.2798,0.2345,0.174,0.0965,0.0014,-0.1115,-0.2419,-0.3899,-0.5564,-0.7436,-0.9541,-1.1896,-1.4465,-1.7123,-1.9636,-2.1707,-2.3085,-2.3669,-2.3533,-2.2858,-2.1851,-2.0682,-1.9469,-1.8283,-1.7164,-1.6128,-1.5179
0.5587,0.563,0.5664,0.5685,0.5692,0.5683,0.5654,0.5605,0.5533,0.5438,0.5319,0.5177,0.5015,0.4838,0.4652,0.4463,0.428,0.411,0.3957,0.3821,0.3689,0.3538,0.3333,0.3032,0.2597,0.1999,0.1222,0.026,-0.0882,-0.2195,-0.3675,-0.5326,-0.7174,-0.9258,-1.1612,-1.4221,-1.6971,-1.9612,-2.181,-2.3272,-2.3879,-2.3715,-2.299,-2.1928,-2.0711,-1.9463,-1.8254,-1.7119,-1.6074,-1.5121
0.5722,0.5774,0.5816,0.5846,0.5861,0.5859,0.5837,0.5793,0.5723,0.5628,0.5506,0.5359,0.5189,0.5001,0.4801,0.4598,0.4402,0.4223,0.4067,0.3937,0.3823,0.37,0.3526,0.3254,0.2838,0.2248,0.1468,0.0496,-0.0658,-0.1976,-0.3445,-0.5065,-0.6861,-0.8884,-1.1186,-1.378,-1.6567,-1.9295,-2.1596,-2.3138,-2.3783,-2.3623,-2.2882,-2.1803,-2.0576,-1.9324,-1.8116,-1.6987,-1.595,-1.5005
0.5858,0.5919,0.5971,0.6011,0.6035,0.6042,0.6027,0.5988,0.5923,0.5828,0.5705,0.5552,0.5372,0.5171,0.4955,0.4734,0.4521,0.4328,0.4164,0.4035,0.3935,0.3839,0.3699,0.3458,0.3063,0.2481,0.1698,0.0715,-0.045,-0.1771,-0.3221,-0.4792,-0.6508,-0.8428,-1.0624,-1.3138,-1.5896,-1.8653,-2.1023,-2.2639,-2.3342,-2.3223,-2.2514,-2.1466,-2.0268,-1.9046,-1.7868,-1.6766,-1.5753,-1.483
0.5996,0.6067,0.6129,0.6179,0.6214,0.6231,0.6225,0.6193,0.6132,0.604,0.5914,0.5756,0.5566,0.5351,0.5117,0.4875,0.4641,0.4427,0.4249,0.4114,0.4021,0.3949,0.3845,0.3637,0.3265,0.2693,0.1907,0.0912,-0.0266,-0.1587,-0.3013,-0.4522,-0.6132,-0.7909,-0.9946,-1.2312,-1.4968,-1.7688,-2.0081,-2.1759,-2.2542,-2.2506,-2.1882,-2.0913,-1.979,-1.8633,-1.7512,-1.6459,-1.5487,-1.4599
0.6135,0.6217,0.6291,0.6352,0.6399,0.6426,0.6431,0.6408,0.6353,0.6264,0.6138,0.5974,0.5774,0.5543,0.5289,0.5024,0.4763,0.4525,0.4324,0.4174,0.4079,0.4025,0.3956,0.3784,0.3437,0.2876,0.2088,0.1081,-0.0111,-0.1435,-0.2833,-0.4269,-0.5753,-0.7355,-0.9183,-1.1339,-1.3821,-1.6434,-1.88,-2.0523,-2.1402,-2.1492,-2.1001,-2.016,-1.9152,-1.8094,-1.7056,-1.6072,-1.5157,-1.4316
0.6275,0.6368,0.6454,0.6528,0.6588,0.6629,0.6645,0.6633,0.6587,0.6502,0.6376,0.6208,0.5999,0.5753,0.5477,0.5185,0.4895,0.4626,0.4398,0.4223,0.4112,0.4063,0.4026,0.3894,0.3575,0.3028,0.2238,0.1218,0.0009,-0.132,-0.2692,-0.405,-0.5395,-0.6795,-0.8378,-1.0274,-1.252,-1.4962,-1.7251,-1.8998,-1.9984,-2.0229,-1.9911,-1.9237,-1.8377,-1.7445,-1.6512,-1.5613,-1.4769,-1.3984
0.6415,0.6521,0.6619,0.6708,0.6782,0.6838,0.6869,0.6869,0.6833,0.6755,0.6632,0.6461,0.6243,0.5981,0.5684,0.5364,0.504,0.4738,0.4478,0.4273,0.413,0.4067,0.4058,0.3968,0.368,0.3147,0.2357,0.1321,0.0091,-0.1249,-0.2599,-0.388,-0.5079,-0.6265,-0.7581,-0.9185,-1.1153,-1.3376,-1.5544,-1.7288,-1.8375,-1.879,-1.8667,-1.8183,-1.7494,-1.6708,-1.5895,-1.5095,-1.4331,-1.3611
0.6554,0.6673,0.6786,0.689,0.6981,0.7053,0.7101,0.7116,0.7093,0.7024,0.6905,0.6733,0.6508,0.6233,0.5914,0.5565,0.5206,0.4868,0.4578,0.4345,0.4165,0.4066,0.4072,0.4021,0.376,0.3239,0.2444,0.139,0.0133,-0.1225,-0.2561,-0.3771,-0.4827,-0.5797,-0.6841,-0.8142,-0.9812,-1.1787,-1.3801,-1.5513,-1.6683,-1.7259,-1.7333,-1.7048,-1.6539,-1.5908,-1.5224,-1.4531,-1.3853,-1.3204
0.6692,0.6825,0.6954,0.7075,0.7183,0.7275,0.7341,0.7375,0.7367,0.731,0.7198,0.7027,0.6797,0.651,0.6173,0.5794,0.5399,0.5022,0.4703,0.4457,0.4266,0.4134,0.4129,0.4087,0.3832,0.3311,0.2506,0.1428,0.0138,-0.1248,-0.258,-0.3731,-0.4654,-0.542,-0.6202,-0.721,-0.8586,-1.0303,-1.214,-1.3788,-1.5009,-1.5722,-1.5976,-1.5879,-1.5546,-1.507,-1.4517,-1.3933,-1.3345,-1.277
0.6828,0.6976,0.7121,0.726,0.7389,0.7501,0.7589,0.7644,0.7656,0.7614,0.751,0.7342,0.7109,0.6815,0.6462,0.6057,0.5624,0.5204,0.4854,0.461,0.4459,0.4362,0.4312,0.4205,0.3913,0.3372,0.2545,0.1437,0.0109,-0.1311,-0.2651,-0.3757,-0.4566,-0.515,-0.5698,-0.644,-0.7541,-0.9006,-1.0651,-1.2205,-1.3439,-1.425,-1.4652,-1.4721,-1.4549,-1.4219,-1.3793,-1.3316,-1.2817,-1.2316
0.6961,0.7124,0.7286,0.7445,0.7595,0.7731,0.7845,0.7925,0.7959,0.7934,0.7842,0.7678,0.7444,0.7145,0.6783,0.6358,0.5886,0.5416,0.5023,0.4775,0.4689,0.469,0.4594,0.4371,0.4007,0.3424,0.2566,0.1423,0.0055,-0.1404,-0.2761,-0.3839,-0.4559,-0.4992,-0.5342,-0.5855,-0.6714,-0.7941,-0.9389,-1.0822,-1.2029,-1.2894,-1.3405,-1.3609,-1.3576,-1.3377,-1.3068,-1.2692,-1.2279,-1.1852
0.7091,0.7268,0.7448,0.7628,0.7801,0.7964,0.8106,0.8214,0.8276,0.8273,0.8194,0.8034,0.7799,0.7499,0.7135,0.6699,0.6193,0.5664,0.5206,0.492,0.4852,0.491,0.4816,0.4524,0.4093,0.3463,0.2568,0.1391,-0.0016,-0.1511,-0.289,-0.3954,-0.4611,-0.4931,-0.5127,-0.5457,-0.6107,-0.7117,-0.837,-0.9663,-1.0807,-1.1685,-1.2264,-1.2568,-1.2649,-1.2561,-1.2356,-1.2072,-1.174,-1.1382
0.7215,0.7408,0.7606,0.7807,0.8006,0.8196,0.837,0.8512,0.8606,0.863,0.8566,0.8408,0.8168,0.7867,0.751,0.7079,0.655,0.5956,0.541,0.5044,0.4927,0.4969,0.49,0.461,0.4146,0.3478,0.2551,0.1345,-0.009,-0.1612,-0.301,-0.4071,-0.4689,-0.4936,-0.5026,-0.5217,-0.5698,-0.6515,-0.7579,-0.8721,-0.9776,-1.0632,-1.1243,-1.1615,-1.1781,-1.1785,-1.1668,-1.1466,-1.1208,-1.0914
0.7333,0.7542,0.7758,0.798,0.8205,0.8426,0.8635,0.8815,0.8947,0.9004,0.8958,0.8799,0.8545,0.8237,0.7896,0.7489,0.6956,0.6305,0.5656,0.5179,0.497,0.4951,0.4886,0.4622,0.4153,0.3464,0.2515,0.1293,-0.0154,-0.1687,-0.3092,-0.4152,-0.4756,-0.4968,-0.4997,-0.5095,-0.5442,-0.6094,-0.6982,-0.7973,-0.8923,-0.9731,-1.0343,-1.0754,-1.0981,-1.1055,-1.1012,-1.088,-1.0687,-1.0451
0.7443,0.7667,0.7901,0.8145,0.8396,0.865,0.8896,0.912,0.9298,0.9395,0.9372,0.9206,0.8921,0.8592,0.8271,0.7911,0.7404,0.6714,0.5963,0.5363,0.504,0.4935,0.4839,0.4583,0.4118,0.342,0.2464,0.1241,-0.0197,-0.1717,-0.3111,-0.4168,-0.4773,-0.4984,-0.4995,-0.504,-0.529,-0.5804,-0.6537,-0.7383,-0.8223,-0.8966,-0.9559,-0.9984,-1.025,-1.0378,-1.0392,-1.032,-1.0183,-1.0
0.7545,0.7783,0.8034,0.83,0.8577,0.8862,0.9149,0.9421,0.9652,0.9801,0.981,0.9633,0.9294,0.8914,0.8605,0.8314,0.7865,0.7164,0.6332,0.5614,0.517,0.4959,0.4799,0.4524,0.4054,0.3355,0.2403,0.1198,-0.021,-0.1693,-0.3056,-0.4101,-0.4718,-0.4953,-0.4979,-0.5006,-0.5193,-0.56,-0.6201,-0.6916,-0.7649,-0.832,-0.8878,-0.9301,-0.9588,-0.9752,-0.9812,-0.9788,-0.9699,-0.9561
0.7637,0.7888,0.8155,0.844,0.8742,0.9059,0.9386,0.9709,1.0002,1.0217,1.0275,1.0091,0.9665,0.9184,0.8868,0.8659,0.8294,0.7615,0.6733,0.592,0.5359,0.5033,0.4788,0.4468,0.3982,0.3281,0.2343,0.1169,-0.0189,-0.1614,-0.2927,-0.3949,-0.4581,-0.4856,-0.4922,-0.496,-0.5112,-0.5441,-0.5936,-0.6537,-0.7171,-0.777,-0.8286,-0.8695,-0.899,-0.9178,-0.9271,-0.9285,-0.9236,-0.9139
0.7718,0.798,0.8261,0.8564,0.8888,0.9235,0.96,0.9974,1.0334,1.0628,1.076,1.0588,1.0048,0.9398,0.9034,0.8908,0.8638,0.8007,0.7116,0.6242,0.5584,0.5146,0.4806,0.4428,0.3914,0.321,0.229,0.1159,-0.0136,-0.1485,-0.2734,-0.3725,-0.437,-0.4692,-0.4811,-0.488,-0.5021,-0.5298,-0.5711,-0.622,-0.6767,-0.7297,-0.7768,-0.8156,-0.845,-0.8651,-0.8768,-0.8813,-0.8797,-0.8733
0.7787,0.8058,0.8351,0.8668,0.9012,0.9383,0.9783,1.0204,1.0628,1.1009,1.1239,1.1117,1.0462,0.957,0.9107,0.9041,0.8857,0.8289,0.7428,0.6537,0.5812,0.5279,0.4849,0.4407,0.3859,0.315,0.2252,0.1169,-0.0053,-0.1319,-0.2494,-0.3447,-0.4101,-0.4469,-0.4647,-0.4757,-0.4906,-0.5152,-0.5506,-0.5941,-0.6415,-0.6884,-0.7311,-0.7674,-0.7961,-0.8168,-0.8302,-0.8369,-0.838,-0.8345
0.7843,0.8121,0.8423,0.8751,0.9109,0.95,0.9925,1.0383,1.0862,1.1321,1.1655,1.162,1.0896,0.9743,0.9132,0.9077,0.8945,0.8442,0.7642,0.6773,0.6015,0.5413,0.4906,0.4403,0.3822,0.3107,0.2232,0.1201,0.0054,-0.1126,-0.2226,-0.3137,-0.3793,-0.4203,-0.4436,-0.4593,-0.476,-0.4993,-0.5306,-0.5685,-0.61,-0.6516,-0.6903,-0.7241,-0.7516,-0.7725,-0.7869,-0.7954,-0.7986,-0.7975
0.7885,0.8168,0.8475,0.881,0.9177,0.958,1.0021,1.0501,1.1013,1.1523,1.193,1.1976,1.1253,0.9948,0.9187,0.9067,0.8934,0.8483,0.7756,0.6936,0.6176,0.5531,0.4966,0.4412,0.3801,0.3082,0.2231,0.1251,0.0178,-0.0918,-0.1944,-0.2811,-0.3464,-0.3907,-0.4191,-0.4393,-0.4585,-0.4816,-0.5103,-0.5441,-0.581,-0.6182,-0.6534,-0.6847,-0.711,-0.7317,-0.7467,-0.7564,-0.7614,-0.7622
0.7913,0.8198,0.8508,0.8845,0.9215,0.9621,1.0066,1.0551,1.1068,1.1585,1.2003,1.2071,1.1398,1.0135,0.9297,0.9056,0.887,0.8447,0.779,0.7029,0.6289,0.5624,0.502,0.4428,0.3793,0.3073,0.2246,0.1316,0.0313,-0.0704,-0.166,-0.2484,-0.3129,-0.3596,-0.3922,-0.4166,-0.4385,-0.4621,-0.4894,-0.5204,-0.5536,-0.5873,-0.6195,-0.6487,-0.6736,-0.6939,-0.7092,-0.7199,-0.7262,-0.7286
0.7928,0.8212,0.852,0.8856,0.9222,0.9623,1.006,1.0532,1.1027,1.1509,1.1877,1.1906,1.1304,1.0224,0.9409,0.9051,0.8787,0.8369,0.7767,0.7064,0.6355,0.5688,0.5062,0.4445,0.3794,0.3077,0.2276,0.1393,0.0454,-0.0491,-0.1383,-0.2165,-0.2799,-0.3282,-0.3641,-0.392,-0.4165,-0.4411,-0.4678,-0.4968,-0.5275,-0.5584,-0.5881,-0.6153,-0.639,-0.6587,-0.6742,-0.6855,-0.6929,-0.6967
0.7928,0.8209,0.8513,0.8843,0.92,0.9588,1.0007,1.045,1.0903,1.1321,1.1607,1.1579,1.1059,1.0194,0.9464,0.9032,0.8697,0.827,0.7708,0.7056,0.638,0.5723,0.5089,0.4458,0.3801,0.3091,0.2315,0.1477,0.0597,-0.0284,-0.1118,-0.186,-0.2479,-0.2972,-0.3356,-0.3664,-0.3932,-0.419,-0.4455,-0.4733,-0.5021,-0.5309,-0.5585,-0.5841,-0.6068,-0.6259,-0.6414,-0.6532,-0.6614,-0.6664
0.7915,0.819,0.8487,0.8807,0.9151,0.952,0.9911,1.0317,1.0714,1.1059,1.1262,1.1191,1.0754,1.0073,0.9441,0.8983,0.8598,0.816,0.7625,0.7015,0.6373,0.5733,0.5101,0.4467,0.381,0.3112,0.2362,0.1565,0.0738,-0.0085,-0.0868,-0.1572,-0.2175,-0.2671,-0.3073,-0.3403,-0.3691,-0.3961,-0.4228,-0.4499,-0.4773,-0.5045,-0.5306,-0.5548,-0.5765,-0.5952,-0.6106,-0.6227,-0.6316,-0.6375
0.7889,0.8157,0.8444,0.8751,0.9078,0.9423,0.9783,1.0144,1.0484,1.0758,1.0893,1.0799,1.0436,0.9894,0.9352,0.8897,0.8486,0.8041,0.7527,0.6951,0.634,0.572,0.5098,0.4468,0.3818,0.3135,0.2412,0.1654,0.0875,0.0103,-0.0633,-0.1304,-0.1889,-0.2384,-0.2796,-0.3144,-0.3448,-0.3729,-0.3999,-0.4266,-0.4531,-0.4791,-0.5039,-0.5271,-0.548,-0.5662,-0.5815,-0.5938,-0.6033,-0.6099
0.7851,0.811,0.8385,0.8676,0.8983,0.9303,0.9628,0.9945,1.0229,1.0442,1.0527,1.0425,1.0122,0.9682,0.9213,0.8777,0.8359,0.7915,0.7418,0.687,0.6288,0.5689,0.5082,0.4463,0.3824,0.3159,0.2463,0.1741,0.1006,0.0279,-0.0415,-0.1054,-0.1621,-0.2112,-0.253,-0.2889,-0.3206,-0.3496,-0.377,-0.4035,-0.4294,-0.4545,-0.4784,-0.5007,-0.5209,-0.5387,-0.554,-0.5665,-0.5763,-0.5836
0.7802,0.805,0.8312,0.8586,0.8872,0.9164,0.9454,0.9729,0.9964,1.0128,1.0177,1.0075,0.9818,0.9451,0.9041,0.863,0.8218,0.778,0.7299,0.6776,0.622,0.5644,0.5054,0.4449,0.3827,0.3182,0.2513,0.1825,0.1129,0.0443,-0.0214,-0.0823,-0.1372,-0.1856,-0.2276,-0.2643,-0.2968,-0.3265,-0.3543,-0.3808,-0.4063,-0.4308,-0.454,-0.4755,-0.4952,-0.5127,-0.5278,-0.5405,-0.5507,-0.5585
0.7743,0.7979,0.8227,0.8483,0.8746,0.9011,0.9268,0.9504,0.9698,0.9822,0.9846,0.9747,0.9525,0.9211,0.8847,0.8463,0.8063,0.7637,0.7173,0.6672,0.6141,0.5587,0.5016,0.4429,0.3825,0.3202,0.256,0.1904,0.1245,0.0595,-0.0028,-0.0611,-0.1141,-0.1615,-0.2035,-0.2405,-0.2737,-0.3039,-0.332,-0.3585,-0.3837,-0.4078,-0.4304,-0.4515,-0.4707,-0.4879,-0.5029,-0.5157,-0.5262,-0.5346
0.7675,0.7899,0.8131,0.837,0.8611,0.8849,0.9075,0.9276,0.9434,0.9528,0.9534,0.9439,0.9244,0.8968,0.8641,0.8282,0.7899,0.7487,0.7041,0.6562,0.6053,0.5521,0.497,0.4403,0.3819,0.3218,0.2603,0.1978,0.1351,0.0735,0.0142,-0.0415,-0.0927,-0.1391,-0.1807,-0.2178,-0.2513,-0.2819,-0.3102,-0.3367,-0.3618,-0.3855,-0.4077,-0.4284,-0.4473,-0.4643,-0.4792,-0.4921,-0.5029,-0.5116
0.76,0.7811,0.8028,0.8248,0.8467,0.868,0.8878,0.9049,0.9178,0.9247,0.9241,0.9149,0.8973,0.8726,0.8428,0.8093,0.7728,0.7332,0.6905,0.6445,0.5958,0.5448,0.4918,0.4371,0.3808,0.323,0.2641,0.2045,0.1449,0.0863,0.0299,-0.0235,-0.073,-0.1183,-0.1593,-0.1963,-0.2299,-0.2606,-0.2891,-0.3156,-0.3405,-0.364,-0.3859,-0.4062,-0.4248,-0.4417,-0.4566,-0.4696,-0.4806,-0.4897
