docs/data/wind_grid.json
[{"header":{"la1":42.85,"la2":41.18,"lo1":11.55,"lo2":14.05,"nx":36,"ny":24,"dx":0.07143,"dy":0.07261,"parameterCategory":2,"parameterNumber":2,"parameterNumberName":"eastward_wind","parameterUnit":"m.s-1"},"data":[-0.2811,-0.3125,-0.3482,-0.387,-0.4259,-0.4602,-0.4835,-0.4889,-0.4716,-0.431,-0.3717,-0.3008,-0.2256,-0.1518,-0.0829,-0.0214,0.0311,0.0726,0.1014,0.1164,0.1182,0.1092,0.0925,0.0713,0.0482,0.0249,0.0026,-0.018,-0.0366,-0.0531,-0.0675,-0.0801,-0.0909,-0.1002,-0.1082,-0.115,-0.2852,-0.3239,-0.3704,-0.4242,-0.4823,-0.5385,-0.5823,-0.6009,-0.5839,-0.5297,-0.4469,-0.3493,-0.2491,-0.1538,-0.067,0.0099,0.0756,0.1277,0.1626,0.1779,0.1744,0.1563,0.1293,0.0982,0.0667,0.0365,0.0089,-0.0157,-0.0372,-0.0558,-0.0716,-0.085,-0.0963,-0.1057,-0.1137,-0.1203,-0.2824,-0.3285,-0.3874,-0.4604,-0.5459,-0.637,-0.718,-0.7639,-0.7508,-0.6732,-0.5504,-0.411,-0.2755,-0.1528,-0.0443,0.0512,0.1345,0.2022,0.247,0.2621,0.2483,0.2145,0.1715,0.1266,0.0841,0.0458,0.0122,-0.0167,-0.0411,-0.0615,-0.0784,-0.0923,-0.1036,-0.1129,-0.1206,-0.1269,-0.2693,-0.3213,-0.3927,-0.4881,-0.6105,-0.7563,-0.9055,-1.0108,-1.0111,-0.888,-0.6914,-0.4848,-0.3008,-0.1453,-0.0131,0.1035,0.21,0.3035,0.3671,0.381,0.3464,0.285,0.2173,0.1538,0.0981,0.0505,0.0106,-0.0224,-0.0493,-0.0711,-0.0885,-0.1023,-0.1133,-0.122,-0.129,-0.1346,-0.2417,-0.2957,-0.3762,-0.4937,-0.66,-0.8843,-1.1555,-1.3944,-1.4362,-1.2121,-0.8713,-0.5603,-0.3159,-0.126,0.0283,0.1648,0.3,0.4376,0.5416,0.5523,0.4735,0.3637,0.2609,0.1749,0.1048,0.0479,0.002,-0.0345,-0.0632,-0.0854,-0.1025,-0.1155,-0.1254,-0.133,-0.1389,-0.1435,-0.1954,-0.2439,-0.3251,-0.4567,-0.6626,-0.9762,-1.4304,-1.9493,-2.1112,-1.6507,-1.0512,-0.6082,-0.3054,-0.0872,0.0823,0.2299,0.3888,0.5902,0.7782,0.7796,0.6131,0.4325,0.2902,0.1824,0.0993,0.0343,-0.0163,-0.055,-0.0841,-0.1055,-0.121,-0.1322,-0.1402,-0.146,-0.1502,-0.1534,-0.1274,-0.1583,-0.2248,-0.3524,-0.5754,-0.9431,-1.5412,-2.3917,-2.7538,-1.9449,-1.102,-0.585,-0.2553,-0.0208,0.1565,0.2982,0.447,0.6772,0.9529,0.9409,0.685,0.454,0.2891,0.1686,0.0768,0.0061,-0.0473,-0.0863,-0.1137,-0.1323,-0.1445,-0.1524,-0.1575,-0.1607,-0.1628,-0.1642,-0.0377,-0.0337,-0.0605,-0.1565,-0.3666,-0.7212,-1.2516,-1.9373,-2.2007,-1.5777,-0.9257,-0.4855,-0.1698,0.0785,0.2735,0.3984,0.4805,0.6137,0.7993,0.7952,0.5998,0.404,0.2502,0.1293,0.0333,-0.0408,-0.0947,-0.1311,-0.1537,-0.1666,-0.1732,-0.1761,-0.1769,-0.1767,-0.1761,-0.1754,0.0667,0.1278,0.1805,0.16,-0.026,-0.3741,-0.7767,-1.1237,-1.2373,-1.0498,-0.7202,-0.3792,-0.0791,0.2038,0.4815,0.6135,0.5669,0.5414,0.5684,0.5493,0.4484,0.3156,0.1845,0.0659,-0.0347,-0.112,-0.1639,-0.1931,-0.2059,-0.2088,-0.2067,-0.2024,-0.1978,-0.1934,-0.1896,-0.1865,0.1671,0.3023,0.4887,0.6351,0.4686,-0.0116,-0.4473,-0.7716,-1.0452,-1.0743,-0.7146,-0.3246,-0.0229,0.2929,0.8144,1.0625,0.7149,0.5464,0.4925,0.439,0.3519,0.2368,0.1084,-0.0202,-0.1341,-0.2177,-0.2634,-0.2771,-0.2718,-0.2584,-0.2436,-0.23,-0.2187,-0.2096,-0.2024,-0.1969,0.2326,0.424,0.7447,1.1436,1.0199,0.2501,-0.2789,-0.6481,-1.3625,-1.7032,-0.8159,-0.2794,-0.0167,0.1914,0.7072,1.0637,0.6929,0.5764,0.5322,0.4433,0.3204,0.1806,0.0275,-0.1338,-0.2813,-0.3787,-0.4081,-0.3888,-0.3509,-0.3128,-0.2811,-0.2564,-0.2378,-0.2238,-0.2134,-0.2058,0.2388,0.4204,0.7165,1.0708,0.929,0.2134,-0.2041,-0.3604,-0.832,-1.1777,-0.575,-0.1769,-0.0258,-0.0316,0.088,0.4202,0.565,0.7176,0.723,0.5286,0.3233,0.1356,-0.0605,-0.2842,-0.5067,-0.6336,-0.618,-0.5288,-0.4368,-0.3654,-0.3142,-0.2781,-0.2525,-0.2344,-0.2214,-0.2122,0.1932,0.3124,0.4621,0.5578,0.3953,0.0367,-0.1812,-0.1951,-0.2804,-0.4018,-0.2412,-0.0931,-0.0042,-0.1392,-0.1163,0.3005,0.6085,1.0515,1.0447,0.6075,0.3084,0.0847,-0.1486,-0.46,-0.8325,-1.0211,-0.8911,-0.6745,-0.5106,-0.4044,-0.3361,-0.2909,-0.2603,-0.2394,-0.225,-0.2153,0.1278,0.1869,0.2348,0.2257,0.1163,-0.0463,-0.1601,-0.1954,-0.2034,-0.1682,-0.0724,-0.113,-0.0734,0.6762,0.311,0.5051,0.7704,0.8932,0.8422,0.4985,0.2233,0.0205,-0.2064,-0.5713,-1.1065,-1.3756,-1.0904,-0.7523,-0.5403,-0.4163,-0.3403,-0.2912,-0.2586,-0.237,-0.223,-0.2142,0.0681,0.0922,0.0999,0.0748,0.0122,-0.0648,-0.1219,-0.1418,-0.1161,-0.038,0.0519,0.1202,0.3277,0.6711,0.4853,0.9115,1.5028,0.8636,0.5322,0.2791,0.0781,-0.0468,-0.2105,-0.5098,-0.9459,-1.1782,-0.965,-0.6873,-0.5056,-0.3951,-0.3244,-0.2769,-0.2453,-0.2254,-0.2141,-0.2082,0.0229,0.0313,0.0279,0.0082,-0.0252,-0.0604,-0.082,-0.077,-0.0349,0.0426,0.1063,0.2434,0.2809,0.3858,0.4146,0.7806,1.1884,0.675,0.3148,0.0898,-0.0643,-0.0939,-0.1922,-0.3801,-0.5984,-0.7159,-0.6569,-0.533,-0.4279,-0.3501,-0.2916,-0.2478,-0.2185,-0.2028,-0.1971,-0.197,-0.0087,-0.0061,-0.0105,-0.0223,-0.0384,-0.0519,-0.0543,-0.0376,0.003,0.0623,0.1084,0.174,0.2388,0.2531,0.1995,0.2648,0.3529,0.2398,0.1044,-0.01,-0.0923,-0.1163,-0.204,-0.3175,-0.4113,-0.4518,-0.4374,-0.3962,-0.3479,-0.2982,-0.2484,-0.2037,-0.1748,-0.1664,-0.1716,-0.1811,-0.0304,-0.0295,-0.0322,-0.0379,-0.0441,-0.0467,-0.0409,-0.0229,0.0085,0.0486,0.0871,0.1243,0.1857,0.1566,-0.1885,-0.3293,-0.1231,0.0093,0.0661,-0.0783,-0.1592,-0.2041,-0.2711,-0.3289,-0.352,-0.3435,-0.3274,-0.31,-0.2862,-0.2521,-0.2017,-0.1438,-0.1103,-0.1154,-0.1394,-0.1633,-0.0459,-0.045,-0.0459,-0.0478,-0.0488,-0.0468,-0.0392,-0.0247,-0.004,0.0189,0.0364,0.0384,-0.0024,-0.2288,-0.9741,-1.2614,-0.5027,-0.1574,-0.0954,-0.3172,-0.3382,-0.3605,-0.396,-0.3945,-0.3474,-0.3056,-0.2931,-0.2578,-0.2379,-0.2179,-0.1628,-0.0774,-0.0334,-0.0616,-0.1107,-0.1498,-0.0575,-0.0565,-0.0562,-0.056,-0.055,-0.0518,-0.0455,-0.0362,-0.0255,-0.0177,-0.0209,-0.0508,-0.1455,-0.4034,-0.9258,-1.0821,-0.5946,-0.3793,-0.5451,-0.6561,-0.537,-0.5843,-0.6166,-0.5305,-0.3705,-0.2829,-0.2701,-0.1693,-0.1824,-0.2023,-0.1568,-0.0538,-0.0016,-0.0432,-0.1041,-0.1489,-0.0671,-0.066,-0.0652,-0.0643,-0.0629,-0.0604,-0.0567,-0.0526,-0.0502,-0.0535,-0.07,-0.1121,-0.2015,-0.3624,-0.56,-0.6158,-0.5048,-0.4562,-0.5422,-0.6196,-0.7436,-1.0069,-1.0884,-0.8257,-0.4439,-0.1147,0.1855,0.095,-0.1311,-0.2284,-0.2058,-0.1201,-0.0683,-0.0879,-0.1299,-0.1645,-0.0756,-0.0745,-0.0738,-0.0731,-0.0723,-0.0712,-0.0704,-0.0707,-0.0742,-0.0844,-0.1063,-0.1473,-0.2144,-0.3068,-0.3981,-0.4443,-0.4516,-0.4832,-0.5753,-0.7523,-1.1667,-1.8754,-2.0689,-1.37,-0.6185,-0.0202,0.4578,0.1971,-0.2428,-0.3538,-0.3076,-0.2279,-0.1736,-0.1627,-0.1751,-0.1915,-0.0834,-0.0827,-0.0824,-0.0823,-0.0824,-0.0831,-0.0847,-0.0884,-0.0958,-0.1094,-0.1325,-0.1682,-0.2182,-0.2787,-0.3389,-0.3889,-0.4372,-0.5115,-0.6493,-0.9263,-1.5246,-2.5207,-2.7968,-1.7873,-0.8446,-0.2671,-0.013,-0.2368,-0.6013,-0.5599,-0.4223,-0.321,-0.2586,-0.2291,-0.2205,-0.2212,-0.0909,-0.0907,-0.091,-0.0916,-0.0929,-0.0951,-0.0988,-0.1049,-0.1146,-0.1297,-0.152,-0.183,-0.2229,-0.2697,-0.32,-0.3734,-0.4378,-0.532,-0.688,-0.9642,-1.4426,-2.0455,-2.1742,-1.5833,-0.9208,-0.499,-0.3452,-0.4636,-0.6528,-0.6023,-0.4707,-0.3733,-0.3115,-0.2754,-0.2565,-0.2474]},{"header":{"la1":42.85,"la2":41.18,"lo1":11.55,"lo2":14.05,"nx":36,"ny":24,"dx":0.07143,"dy":0.07261,"parameterCategory":2,"parameterNumber":3,"parameterNumberName":"northward_wind","parameterUnit":"m.s-1"},"data":[0.1811,0.1404,0.0953,0.0472,-0.0017,-0.047,-0.083,-0.1036,-0.1049,-0.0869,-0.0539,-0.0129,0.0299,0.0698,0.1048,0.1343,0.1586,0.179,0.197,0.2139,0.2307,0.2478,0.265,0.2819,0.2983,0.3141,0.3292,0.3439,0.3582,0.3723,0.3861,0.3997,0.413,0.426,0.4386,0.4506,0.1735,0.1255,0.0701,0.0077,-0.0591,-0.1249,-0.1803,-0.2137,-0.2163,-0.1874,-0.1359,-0.0747,-0.0147,0.0379,0.0811,0.1151,0.1414,0.1621,0.1797,0.1967,0.2145,0.2333,0.2526,0.2714,0.2893,0.3062,0.3222,0.3377,0.3528,0.3677,0.3825,0.3971,0.4114,0.4254,0.4389,0.4518,0.1718,0.1165,0.0494,-0.0308,-0.123,-0.2212,-0.311,-0.3697,-0.3762,-0.3271,-0.2421,-0.1478,-0.0626,0.0063,0.0587,0.0971,0.1243,0.1437,0.1593,0.1755,0.1948,0.2166,0.2389,0.2602,0.2797,0.2977,0.3145,0.3306,0.3465,0.3624,0.3783,0.3941,0.4097,0.4249,0.4395,0.4535,0.1787,0.1174,0.0386,-0.0621,-0.188,-0.3364,-0.489,-0.602,-0.62,-0.5296,-0.3801,-0.2309,-0.1105,-0.0224,0.0392,0.0808,0.1072,0.1224,0.1329,0.1473,0.1697,0.197,0.2243,0.2487,0.2699,0.2885,0.3057,0.3223,0.339,0.3559,0.3732,0.3905,0.4077,0.4244,0.4404,0.4556,0.1974,0.1332,0.0459,-0.0743,-0.2393,-0.4593,-0.7243,-0.9595,-1.0131,-0.8284,-0.5507,-0.3147,-0.1509,-0.0446,0.0233,0.0661,0.0899,0.097,0.0963,0.1074,0.1378,0.1756,0.21,0.2377,0.2598,0.2782,0.2951,0.3118,0.3293,0.3477,0.3668,0.3862,0.4054,0.4241,0.4418,0.4584,0.2305,0.1693,0.0809,-0.0505,-0.2488,-0.5484,-0.9819,-1.4751,-1.6338,-1.2281,-0.7187,-0.3739,-0.1724,-0.0573,0.0097,0.0507,0.0725,0.069,0.0468,0.0537,0.1027,0.1571,0.1991,0.2284,0.2491,0.2656,0.2811,0.2977,0.3163,0.3368,0.3586,0.3809,0.4029,0.424,0.4438,0.4621,0.2792,0.2295,0.1524,0.027,-0.1798,-0.5213,-1.0848,-1.8861,-2.2243,-1.4952,-0.7706,-0.3717,-0.1661,-0.0618,-0.008,0.0276,0.0541,0.0517,0.01,0.0148,0.0856,0.1519,0.1952,0.2208,0.2362,0.248,0.2608,0.2772,0.2979,0.322,0.348,0.3744,0.4002,0.4245,0.4468,0.467,0.342,0.3139,0.2644,0.1683,-0.0125,-0.3214,-0.81,-1.4599,-1.7155,-1.1669,-0.6225,-0.3036,-0.1368,-0.0669,-0.0467,-0.0239,0.0224,0.055,0.0438,0.0539,0.1128,0.1668,0.1985,0.2123,0.2166,0.22,0.229,0.2464,0.2715,0.3018,0.3344,0.3669,0.3978,0.4261,0.4514,0.4737,0.4132,0.4164,0.4137,0.3729,0.2378,-0.0156,-0.3528,-0.6905,-0.8388,-0.7116,-0.4544,-0.2243,-0.1002,-0.0845,-0.1425,-0.1551,-0.0514,0.0518,0.1007,0.1294,0.1645,0.1928,0.2027,0.1958,0.1813,0.1718,0.1768,0.1985,0.2332,0.2747,0.3177,0.3589,0.3964,0.4296,0.4583,0.4829,0.4825,0.5206,0.5813,0.6289,0.5404,0.2873,-0.003,-0.3329,-0.7278,-0.8365,-0.4789,-0.1715,-0.0583,-0.1017,-0.3278,-0.4476,-0.1551,0.0491,0.1421,0.1864,0.2105,0.2163,0.1989,0.1601,0.1146,0.0852,0.0887,0.1241,0.179,0.24,0.299,0.352,0.3978,0.4365,0.4687,0.4953,0.5367,0.5977,0.7084,0.8519,0.8057,0.5164,0.2789,-0.094,-1.1688,-1.6913,-0.5901,-0.0941,-0.0006,-0.0672,-0.2916,-0.451,-0.1099,0.0986,0.1888,0.2316,0.2477,0.2333,0.1806,0.0902,-0.012,-0.074,-0.0611,0.0113,0.1066,0.1999,0.2814,0.3492,0.4043,0.4487,0.4841,0.5121,0.569,0.6266,0.723,0.8378,0.8001,0.6275,0.6046,0.5852,-0.2564,-0.919,-0.2412,0.0743,0.0546,-0.0789,-0.1265,-0.0542,0.0777,0.183,0.2288,0.2679,0.2816,0.2477,0.1481,-0.0302,-0.2471,-0.3685,-0.3093,-0.1471,0.022,0.1623,0.2714,0.3552,0.4194,0.4686,0.506,0.5343,0.585,0.624,0.6746,0.7138,0.6995,0.6929,0.8299,1.0832,0.7966,0.2829,0.2554,0.2668,0.161,-0.1769,-0.1995,0.0913,0.1922,0.2072,0.2184,0.2978,0.319,0.2673,0.1169,-0.1921,-0.6364,-0.8709,-0.6659,-0.324,-0.0493,0.1435,0.2789,0.3761,0.447,0.4987,0.5362,0.563,0.5962,0.6206,0.6466,0.6665,0.6816,0.7245,0.8319,0.9626,0.8667,0.6547,0.5784,0.3698,0.2711,0.2248,0.2218,0.2324,0.2188,0.2537,0.2882,0.3628,0.3622,0.2952,0.1254,-0.2815,-0.988,-1.3669,-0.939,-0.4106,-0.0584,0.1648,0.3138,0.4176,0.4908,0.5416,0.5761,0.599,0.6097,0.6277,0.647,0.6672,0.693,0.7344,0.7931,0.8417,0.8561,0.9207,1.0176,0.9321,0.7195,0.7699,0.519,0.2272,-0.0927,0.2899,0.4578,0.4596,0.3553,0.2914,0.1933,-0.1364,-0.7314,-1.067,-0.7324,-0.2845,0.0281,0.2358,0.3802,0.4826,0.5533,0.5991,0.6268,0.6424,0.6264,0.643,0.6621,0.6848,0.714,0.7529,0.8024,0.8657,0.9766,1.2293,1.6693,1.6886,1.3816,0.9956,0.8022,0.4438,0.1543,0.5373,0.7384,0.5489,0.1089,0.1548,0.2754,0.1294,-0.1637,-0.3398,-0.243,-0.0284,0.1748,0.3414,0.4728,0.5708,0.636,0.6722,0.688,0.6922,0.6452,0.6625,0.683,0.7082,0.7402,0.782,0.8383,0.9216,1.0628,1.3142,1.6423,1.6093,1.7943,1.887,1.2421,0.9611,0.9121,1.1909,1.3782,0.8989,0.1096,0.193,0.4068,0.3486,0.1821,0.0577,0.0548,0.1578,0.306,0.4532,0.5811,0.6798,0.7393,0.7602,0.7575,0.7458,0.6646,0.683,0.7052,0.7325,0.767,0.8116,0.8714,0.9554,1.0759,1.2348,1.3862,1.5095,1.8712,1.9516,1.5298,1.4243,1.4241,1.9396,2.5044,1.6628,0.9476,0.7047,0.649,0.515,0.2889,0.0539,0.0026,0.1755,0.3861,0.5566,0.6951,0.8036,0.8583,0.8561,0.8278,0.7975,0.6833,0.7029,0.7263,0.755,0.7905,0.8353,0.8929,0.9674,1.061,1.1687,1.2776,1.3945,1.5346,1.6044,1.7821,1.8885,1.6634,1.9883,2.3193,1.9886,1.5134,1.1372,0.9046,0.6566,0.2593,-0.3249,-0.4481,0.0878,0.4657,0.6623,0.7997,0.9154,0.9652,0.9363,0.8839,0.8389,0.7007,0.7209,0.7451,0.774,0.8092,0.8521,0.9047,0.9682,1.0425,1.1242,1.2094,1.2986,1.3929,1.5104,1.7295,1.8066,1.6768,1.8321,2.1956,2.3341,1.7917,1.4012,1.1473,0.8572,0.4043,-0.3324,-0.4932,0.3358,0.6734,0.7933,0.8742,0.9593,0.9988,0.9649,0.9102,0.8637,0.7162,0.7368,0.761,0.7895,0.8232,0.8631,0.9101,0.9644,1.0254,1.0913,1.1605,1.2331,1.3126,1.4083,1.5161,1.5689,1.5907,1.722,1.9655,2.0264,1.7747,1.6074,1.4681,1.1859,0.8623,0.7739,1.2376,1.1877,1.0033,0.9495,0.9366,0.9512,0.9654,0.9472,0.9106,0.8739,0.7297,0.7502,0.774,0.8014,0.8332,0.8699,0.9117,0.9586,1.01,1.0651,1.123,1.1838,1.2487,1.3183,1.3856,1.4385,1.4937,1.5849,1.6934,1.7412,1.7756,1.9674,2.0042,1.5977,1.252,1.3549,1.8397,1.5546,1.1933,1.0852,1.0141,0.9699,0.9497,0.931,0.9057,0.878,0.7413,0.7614,0.7844,0.8105,0.8401,0.8736,0.9109,0.9519,0.9961,1.0431,1.0923,1.1436,1.1968,1.251,1.3036,1.3537,1.4083,1.4755,1.5512,1.6415,1.838,2.252,2.3791,1.8556,1.4319,1.3627,1.4492,1.3213,1.202,1.1652,1.0803,1.0075,0.9625,0.9326,0.9068,0.8821,0.751,0.7705,0.7925,0.8171,0.8446,0.875,0.9084,0.9446,0.9833,1.024,1.0663,1.11,1.1547,1.1997,1.2445,1.2898,1.3389,1.3957,1.4657,1.5688,1.754,2.0139,2.063,1.7572,1.4511,1.3163,1.2741,1.2198,1.1982,1.1749,1.1023,1.0304,0.978,0.941,0.9122,0.8873]}]