docs/data/wind_grid.json
[{"header":{"la1":42.85,"la2":41.18,"lo1":11.55,"lo2":14.05,"nx":36,"ny":24,"dx":0.07143,"dy":0.07261,"parameterCategory":2,"parameterNumber":2,"parameterNumberName":"eastward_wind","parameterUnit":"m.s-1"},"data":[-0.6387,-0.6495,-0.6608,-0.6722,-0.683,-0.692,-0.6974,-0.6971,-0.69,-0.6767,-0.6596,-0.6423,-0.6282,-0.6197,-0.6177,-0.6218,-0.6299,-0.639,-0.6451,-0.6451,-0.6379,-0.6241,-0.6059,-0.5854,-0.5647,-0.545,-0.5269,-0.5106,-0.4963,-0.4839,-0.4732,-0.464,-0.4561,-0.4493,-0.4435,-0.4386,-0.6511,-0.6644,-0.6789,-0.6945,-0.7108,-0.726,-0.7371,-0.74,-0.7314,-0.7117,-0.6853,-0.6588,-0.638,-0.6266,-0.6259,-0.6353,-0.652,-0.6705,-0.684,-0.6867,-0.6767,-0.6564,-0.6303,-0.6024,-0.5754,-0.5509,-0.5292,-0.5104,-0.4944,-0.4808,-0.4694,-0.4598,-0.4517,-0.4449,-0.4392,-0.4343,-0.6637,-0.6797,-0.6979,-0.7189,-0.743,-0.7686,-0.7911,-0.802,-0.7928,-0.7621,-0.7192,-0.6771,-0.6455,-0.6296,-0.6311,-0.6492,-0.6804,-0.7161,-0.7432,-0.7496,-0.7327,-0.6997,-0.6602,-0.6211,-0.5858,-0.5554,-0.5297,-0.5084,-0.4907,-0.4762,-0.4642,-0.4544,-0.4464,-0.4397,-0.4342,-0.4296,-0.6764,-0.695,-0.7169,-0.7439,-0.7782,-0.8205,-0.8655,-0.8965,-0.8898,-0.8387,-0.7646,-0.6958,-0.6478,-0.6255,-0.63,-0.6613,-0.7168,-0.7845,-0.8379,-0.8489,-0.8146,-0.7563,-0.6946,-0.6398,-0.5941,-0.5571,-0.5274,-0.5037,-0.4847,-0.4696,-0.4575,-0.4478,-0.44,-0.4336,-0.4285,-0.4243,-0.6889,-0.7097,-0.7346,-0.7667,-0.8121,-0.8777,-0.9644,-1.0448,-1.0527,-0.9577,-0.8222,-0.71,-0.6396,-0.6094,-0.6172,-0.6657,-0.7588,-0.8865,-0.9954,-1.0095,-0.9308,-0.8237,-0.7286,-0.6541,-0.5974,-0.5541,-0.521,-0.4956,-0.4759,-0.4607,-0.4489,-0.4397,-0.4325,-0.4267,-0.4221,-0.4185,-0.7015,-0.7242,-0.7504,-0.7844,-0.8363,-0.9249,-1.0736,-1.2627,-1.3205,-1.1247,-0.8764,-0.707,-0.6134,-0.5754,-0.5854,-0.6502,-0.7893,-1.0157,-1.2388,-1.2458,-1.0677,-0.8842,-0.7503,-0.6574,-0.5918,-0.5443,-0.5092,-0.4832,-0.4638,-0.4493,-0.4384,-0.4302,-0.4239,-0.419,-0.4152,-0.4122,-0.7153,-0.7402,-0.7664,-0.7969,-0.8429,-0.9328,-1.1199,-1.4381,-1.5849,-1.2339,-0.8707,-0.6662,-0.562,-0.519,-0.5269,-0.5968,-0.7633,-1.0763,-1.4376,-1.4259,-1.1367,-0.8971,-0.7433,-0.6431,-0.5744,-0.5258,-0.4909,-0.4659,-0.448,-0.4352,-0.426,-0.4193,-0.4144,-0.4106,-0.4078,-0.4056,-0.7314,-0.761,-0.789,-0.8127,-0.8379,-0.8897,-1.0156,-1.2444,-1.3364,-1.0418,-0.7497,-0.5802,-0.4859,-0.4399,-0.4375,-0.4954,-0.6471,-0.9207,-1.2249,-1.2406,-1.0277,-0.8346,-0.7012,-0.6092,-0.5441,-0.4978,-0.4654,-0.4433,-0.4284,-0.4185,-0.4119,-0.4073,-0.4041,-0.4018,-0.4001,-0.3987,-0.7498,-0.7901,-0.8293,-0.8533,-0.8506,-0.8395,-0.851,-0.8755,-0.8344,-0.7032,-0.5752,-0.4734,-0.3956,-0.3443,-0.3182,-0.3497,-0.4894,-0.6926,-0.8681,-0.9144,-0.8411,-0.7345,-0.6381,-0.5607,-0.5022,-0.4603,-0.4325,-0.4152,-0.4052,-0.3996,-0.3965,-0.3947,-0.3936,-0.3928,-0.3923,-0.3919,-0.7671,-0.8249,-0.8936,-0.9464,-0.922,-0.836,-0.7601,-0.6727,-0.5374,-0.4515,-0.4346,-0.3768,-0.3011,-0.2443,-0.188,-0.1685,-0.372,-0.5959,-0.7332,-0.7682,-0.728,-0.6534,-0.5741,-0.5044,-0.45,-0.4127,-0.3913,-0.3817,-0.3789,-0.3793,-0.3806,-0.382,-0.3832,-0.384,-0.3847,-0.3852,-0.7745,-0.848,-0.9538,-1.0702,-1.0422,-0.8677,-0.7568,-0.6426,-0.3703,-0.2457,-0.3559,-0.3015,-0.1948,-0.1223,-0.136,-0.1519,-0.4058,-0.7015,-0.8396,-0.8057,-0.7069,-0.6046,-0.5152,-0.4417,-0.3862,-0.3525,-0.3406,-0.3428,-0.3506,-0.3588,-0.3654,-0.3702,-0.3735,-0.3758,-0.3775,-0.3788,-0.7633,-0.8349,-0.9372,-1.0475,-1.0158,-0.8614,-0.8199,-0.8216,-0.5771,-0.3693,-0.3577,-0.248,-0.0782,0.1258,0.0143,-0.2517,-0.6227,-1.1477,-1.2726,-0.9857,-0.7302,-0.564,-0.4527,-0.3698,-0.3069,-0.2749,-0.2786,-0.3004,-0.3231,-0.3406,-0.3526,-0.3604,-0.3653,-0.3686,-0.3709,-0.3728,-0.7338,-0.7866,-0.8484,-0.8926,-0.8686,-0.8241,-0.8759,-1.0062,-0.8619,-0.5619,-0.3708,-0.2164,-0.0827,0.2103,0.0992,-0.3064,-0.8507,-1.9406,-1.9592,-1.1368,-0.7025,-0.4898,-0.3746,-0.2918,-0.2151,-0.1788,-0.2096,-0.2611,-0.3016,-0.3281,-0.3442,-0.3535,-0.3589,-0.3623,-0.3648,-0.367,-0.6949,-0.7278,-0.7584,-0.7743,-0.7696,-0.7741,-0.8287,-0.9092,-0.8201,-0.5658,-0.3748,-0.1905,-0.1368,-0.1891,-0.1894,-0.4643,-0.8504,-1.4333,-1.4891,-0.9055,-0.5185,-0.3409,-0.274,-0.2269,-0.1501,-0.1044,-0.1639,-0.2418,-0.2945,-0.3251,-0.3417,-0.3501,-0.3541,-0.3565,-0.3587,-0.3611,-0.6551,-0.6742,-0.6893,-0.6968,-0.6983,-0.7051,-0.7232,-0.7239,-0.6436,-0.5126,-0.4251,-0.3594,-0.2926,-0.2958,-0.3382,-0.716,-1.0949,-0.8759,-0.7449,-0.449,-0.1611,-0.0874,-0.1434,-0.1831,-0.1642,-0.1398,-0.1902,-0.2602,-0.308,-0.334,-0.3457,-0.3492,-0.3495,-0.3499,-0.3516,-0.3546,-0.6184,-0.6288,-0.6358,-0.6383,-0.6371,-0.6343,-0.6263,-0.5992,-0.5424,-0.4877,-0.4912,-0.5575,-0.463,-0.3521,-0.389,-0.646,-0.8996,-0.6048,-0.348,-0.0596,0.313,0.2431,-0.0052,-0.1444,-0.2022,-0.2285,-0.2683,-0.3125,-0.3416,-0.3539,-0.354,-0.3479,-0.3417,-0.3395,-0.3417,-0.3465,-0.5856,-0.5904,-0.5923,-0.5905,-0.5849,-0.5749,-0.5577,-0.5296,-0.4941,-0.4722,-0.4846,-0.4877,-0.463,-0.4396,-0.3411,-0.3505,-0.3601,-0.1899,-0.0061,0.1168,0.3892,0.3033,0.0397,-0.1336,-0.2441,-0.3183,-0.3654,-0.3872,-0.3906,-0.3813,-0.3622,-0.3395,-0.3238,-0.3207,-0.327,-0.3364,-0.5567,-0.5576,-0.5558,-0.5508,-0.542,-0.5287,-0.51,-0.4861,-0.4611,-0.4438,-0.4355,-0.4223,-0.4282,-0.3956,-0.141,-0.0147,-0.028,0.1589,0.3513,0.2221,0.1979,0.1403,-0.0026,-0.1618,-0.3157,-0.4425,-0.4948,-0.4813,-0.4502,-0.4123,-0.3643,-0.3142,-0.286,-0.2891,-0.307,-0.3253,-0.5312,-0.5293,-0.5249,-0.5176,-0.507,-0.4927,-0.4744,-0.4531,-0.4309,-0.4101,-0.3885,-0.3584,-0.3063,-0.147,0.3078,0.4806,0.1772,0.2327,0.357,0.37,0.2443,0.114,-0.0219,-0.1923,-0.4011,-0.6,-0.6448,-0.5769,-0.5134,-0.4466,-0.3618,-0.2703,-0.2286,-0.2504,-0.2879,-0.317,-0.5087,-0.5048,-0.4986,-0.4899,-0.4783,-0.4635,-0.4457,-0.4253,-0.4027,-0.3777,-0.3466,-0.3004,-0.217,-0.0389,0.2833,0.3898,0.211,0.2554,0.5292,0.6498,0.347,0.1631,0.0198,-0.1741,-0.4249,-0.6431,-0.6847,-0.6456,-0.5783,-0.4922,-0.3796,-0.2537,-0.2018,-0.237,-0.2848,-0.3179,-0.4889,-0.4836,-0.4762,-0.4665,-0.4543,-0.4394,-0.4218,-0.4014,-0.3779,-0.3499,-0.3141,-0.2632,-0.1845,-0.0639,0.0772,0.1437,0.147,0.225,0.3986,0.4576,0.3317,0.2622,0.1733,-0.0595,-0.3728,-0.6432,-0.8253,-0.7771,-0.6543,-0.5567,-0.444,-0.3232,-0.2637,-0.2763,-0.3071,-0.3308,-0.4715,-0.4651,-0.4569,-0.4466,-0.4341,-0.4191,-0.4016,-0.3812,-0.3573,-0.3285,-0.2923,-0.2448,-0.1816,-0.1031,-0.0239,0.0345,0.0813,0.1499,0.2355,0.29,0.3512,0.5245,0.5516,0.1826,-0.2748,-0.6737,-0.9621,-0.8516,-0.7099,-0.6375,-0.5348,-0.4273,-0.3602,-0.3406,-0.3438,-0.3516,-0.4562,-0.4491,-0.4403,-0.4297,-0.417,-0.4021,-0.3848,-0.3647,-0.3411,-0.3131,-0.2792,-0.2377,-0.1876,-0.1312,-0.0746,-0.0229,0.0275,0.0852,0.1515,0.2356,0.4076,0.7485,0.8517,0.3732,-0.1524,-0.5307,-0.7316,-0.7453,-0.7689,-0.7274,-0.6106,-0.503,-0.4312,-0.3938,-0.3781,-0.3725,-0.4427,-0.4352,-0.4261,-0.4153,-0.4027,-0.388,-0.3711,-0.3515,-0.329,-0.3027,-0.272,-0.2362,-0.1955,-0.1513,-0.1061,-0.0613,-0.0153,0.0355,0.0968,0.1853,0.3381,0.548,0.5782,0.2749,-0.1058,-0.3983,-0.5784,-0.6896,-0.7747,-0.7373,-0.6291,-0.5332,-0.4664,-0.4251,-0.4015,-0.3885]},{"header":{"la1":42.85,"la2":41.18,"lo1":11.55,"lo2":14.05,"nx":36,"ny":24,"dx":0.07143,"dy":0.07261,"parameterCategory":2,"parameterNumber":3,"parameterNumberName":"northward_wind","parameterUnit":"m.s-1"},"data":[-0.6032,-0.6002,-0.5964,-0.5918,-0.5865,-0.5808,-0.5754,-0.5711,-0.5684,-0.5668,-0.565,-0.5615,-0.5548,-0.5443,-0.5298,-0.5122,-0.493,-0.4745,-0.4589,-0.4481,-0.4427,-0.4419,-0.4443,-0.4487,-0.4539,-0.4593,-0.4647,-0.4699,-0.4751,-0.4801,-0.4851,-0.49,-0.4949,-0.4997,-0.5043,-0.5088,-0.604,-0.6006,-0.5961,-0.5903,-0.5831,-0.5749,-0.567,-0.5613,-0.5593,-0.5605,-0.5624,-0.562,-0.5567,-0.5452,-0.5275,-0.5045,-0.4785,-0.4528,-0.432,-0.4192,-0.4151,-0.418,-0.4247,-0.433,-0.4414,-0.4492,-0.4564,-0.4631,-0.4694,-0.4754,-0.4812,-0.487,-0.4926,-0.4981,-0.5033,-0.5084,-0.6044,-0.6006,-0.5954,-0.588,-0.5778,-0.5651,-0.5519,-0.5424,-0.5409,-0.5475,-0.557,-0.5628,-0.5605,-0.5485,-0.5267,-0.496,-0.459,-0.4214,-0.3916,-0.3765,-0.3767,-0.3871,-0.4014,-0.4157,-0.4283,-0.439,-0.4482,-0.4563,-0.4638,-0.4708,-0.4776,-0.4842,-0.4906,-0.4969,-0.5029,-0.5085,-0.6041,-0.6,-0.5942,-0.5852,-0.5712,-0.5508,-0.5261,-0.5061,-0.5037,-0.5216,-0.5469,-0.5647,-0.568,-0.5561,-0.5292,-0.4878,-0.4335,-0.3745,-0.3279,-0.3105,-0.3222,-0.348,-0.375,-0.3977,-0.4154,-0.4292,-0.4404,-0.4499,-0.4584,-0.4665,-0.4742,-0.4818,-0.4891,-0.4963,-0.503,-0.5094,-0.6025,-0.5982,-0.5924,-0.5828,-0.5652,-0.5335,-0.4859,-0.4379,-0.4284,-0.4726,-0.5316,-0.5703,-0.5819,-0.5705,-0.5384,-0.4838,-0.4037,-0.3051,-0.2236,-0.2061,-0.2469,-0.3025,-0.3485,-0.3813,-0.4041,-0.4206,-0.4333,-0.4439,-0.4534,-0.4625,-0.4712,-0.4799,-0.4883,-0.4964,-0.5041,-0.5112,-0.5985,-0.5936,-0.5886,-0.581,-0.5636,-0.5218,-0.4378,-0.3228,-0.2849,-0.3936,-0.5191,-0.5865,-0.6058,-0.5946,-0.5588,-0.4926,-0.3817,-0.2179,-0.0638,-0.0547,-0.1599,-0.2617,-0.3287,-0.3699,-0.396,-0.4138,-0.4272,-0.4385,-0.4488,-0.4588,-0.4687,-0.4786,-0.4882,-0.4975,-0.5062,-0.5142,-0.5903,-0.583,-0.5783,-0.5764,-0.5693,-0.5338,-0.4269,-0.2228,-0.1268,-0.3441,-0.5431,-0.6251,-0.643,-0.6303,-0.5951,-0.5269,-0.3989,-0.1776,0.0661,0.0599,-0.1159,-0.2493,-0.3244,-0.3664,-0.3917,-0.4088,-0.4219,-0.4334,-0.4445,-0.4555,-0.4668,-0.4781,-0.4892,-0.4999,-0.5098,-0.5188,-0.5759,-0.5612,-0.5515,-0.5553,-0.5727,-0.5782,-0.5212,-0.3706,-0.3036,-0.4936,-0.6457,-0.6922,-0.6915,-0.6757,-0.6496,-0.5946,-0.4797,-0.2847,-0.0745,-0.0584,-0.1814,-0.2805,-0.3376,-0.3702,-0.3905,-0.4049,-0.417,-0.4284,-0.4401,-0.4525,-0.4654,-0.4786,-0.4917,-0.5041,-0.5155,-0.5255,-0.5553,-0.523,-0.4913,-0.4858,-0.5373,-0.6234,-0.6799,-0.6929,-0.7276,-0.7952,-0.8068,-0.7745,-0.7415,-0.7246,-0.7238,-0.6974,-0.5941,-0.448,-0.3192,-0.2722,-0.2953,-0.331,-0.3578,-0.3761,-0.3895,-0.4007,-0.4114,-0.4228,-0.4355,-0.4496,-0.4649,-0.4807,-0.4962,-0.5108,-0.5238,-0.5349,-0.5337,-0.4726,-0.3861,-0.3172,-0.3971,-0.6235,-0.8193,-0.9586,-1.098,-1.1328,-0.9824,-0.8465,-0.7798,-0.7649,-0.8139,-0.8437,-0.6872,-0.5386,-0.441,-0.3877,-0.368,-0.3661,-0.3709,-0.3779,-0.3859,-0.3946,-0.4044,-0.4161,-0.4303,-0.447,-0.4655,-0.4848,-0.5037,-0.521,-0.536,-0.5482,-0.5243,-0.4383,-0.284,-0.0813,-0.153,-0.6058,-0.9475,-1.1425,-1.3909,-1.5115,-1.1116,-0.8775,-0.8005,-0.7917,-0.8184,-0.8495,-0.6759,-0.5395,-0.4652,-0.4195,-0.39,-0.3742,-0.3694,-0.372,-0.3786,-0.3867,-0.3961,-0.4083,-0.4245,-0.4449,-0.468,-0.4922,-0.5155,-0.5363,-0.5535,-0.5666,-0.5398,-0.4603,-0.3165,-0.1297,-0.2258,-0.727,-1.1163,-1.2906,-1.3391,-1.3454,-1.047,-0.8502,-0.8101,-0.8792,-0.8078,-0.6901,-0.5669,-0.4842,-0.4497,-0.4113,-0.3774,-0.3575,-0.3524,-0.3587,-0.3703,-0.3803,-0.3882,-0.3996,-0.4182,-0.4436,-0.4735,-0.5048,-0.5343,-0.5594,-0.5788,-0.5922,-0.5777,-0.5336,-0.4734,-0.445,-0.5886,-0.919,-1.2472,-1.3991,-1.3856,-1.1342,-0.9195,-0.8074,-0.7719,-0.8943,-0.7998,-0.5694,-0.4285,-0.4609,-0.4601,-0.3842,-0.3366,-0.3151,-0.3189,-0.3412,-0.3696,-0.3847,-0.3849,-0.3908,-0.4113,-0.444,-0.4841,-0.5259,-0.5639,-0.5943,-0.6153,-0.6275,-0.6217,-0.6123,-0.6137,-0.657,-0.7825,-0.9849,-1.2108,-1.4087,-1.3162,-1.0184,-0.8295,-0.8093,-0.7806,-0.3643,-0.5144,-0.2869,-0.0813,-0.2896,-0.3657,-0.3081,-0.2507,-0.2323,-0.2616,-0.316,-0.3771,-0.4027,-0.3846,-0.3796,-0.403,-0.4475,-0.5035,-0.5611,-0.6111,-0.6474,-0.6683,-0.6761,-0.6576,-0.6678,-0.6926,-0.745,-0.834,-0.9507,-1.0656,-1.123,-1.0402,-0.8675,-0.7438,-0.6779,-0.5178,-0.2247,-0.3428,0.2363,0.9473,0.1409,-0.187,-0.1824,-0.0694,-0.0655,-0.1656,-0.264,-0.3431,-0.3776,-0.3594,-0.3551,-0.3899,-0.4555,-0.5379,-0.6206,-0.6877,-0.7293,-0.7451,-0.7419,-0.6807,-0.6979,-0.7259,-0.7686,-0.8254,-0.8868,-0.9323,-0.9323,-0.8665,-0.7641,-0.6971,-0.6282,-0.5949,-0.4835,-0.3697,0.1334,0.618,0.0733,-0.2002,-0.0755,0.2948,0.2146,-0.0532,-0.1922,-0.2544,-0.2772,-0.2778,-0.299,-0.365,-0.47,-0.5973,-0.7218,-0.8136,-0.8558,-0.8546,-0.8285,-0.6921,-0.7096,-0.7335,-0.764,-0.798,-0.8282,-0.8426,-0.8292,-0.7856,-0.7296,-0.6954,-0.6759,-0.7725,-0.8151,-0.5513,-0.3253,-0.211,-0.3695,-0.4771,-0.1974,0.3331,0.2386,-0.0388,-0.1439,-0.1495,-0.1211,-0.121,-0.1899,-0.3198,-0.4931,-0.6963,-0.893,-1.0206,-1.0477,-1.0041,-0.9349,-0.6951,-0.7103,-0.7285,-0.7489,-0.7686,-0.7827,-0.7854,-0.7727,-0.7465,-0.7175,-0.6997,-0.712,-0.8216,-0.8428,-0.6838,-0.6082,-0.5544,-0.749,-1.003,-0.5625,-0.185,-0.0903,-0.1316,-0.1209,-0.0152,0.1423,0.1687,-0.0085,-0.2543,-0.5262,-0.8446,-1.166,-1.3434,-1.3152,-1.1848,-1.0486,-0.6928,-0.7048,-0.718,-0.7312,-0.7423,-0.7486,-0.7473,-0.7375,-0.7215,-0.7052,-0.696,-0.703,-0.7283,-0.7386,-0.804,-0.8442,-0.6839,-0.7514,-0.8549,-0.5948,-0.4124,-0.2854,-0.2116,-0.1066,0.1321,0.5434,0.6289,0.1909,-0.2056,-0.5637,-1.0065,-1.5041,-1.7375,-1.5968,-1.3463,-1.1384,-0.6873,-0.6964,-0.7056,-0.714,-0.7201,-0.7224,-0.7198,-0.7124,-0.7017,-0.6909,-0.6839,-0.6837,-0.691,-0.7123,-0.7834,-0.8024,-0.6821,-0.626,-0.55,-0.5096,-0.4539,-0.3481,-0.2548,-0.1305,0.1205,0.5929,0.6976,0.1202,-0.2515,-0.5876,-1.0535,-1.6363,-1.8986,-1.6964,-1.396,-1.1645,-0.6802,-0.6868,-0.6931,-0.6982,-0.7013,-0.7015,-0.6985,-0.6924,-0.6843,-0.6759,-0.6692,-0.6656,-0.6668,-0.6761,-0.6925,-0.6817,-0.6284,-0.5744,-0.5281,-0.4955,-0.4304,-0.3414,-0.272,-0.1969,-0.0822,-0.0207,-0.2273,-0.2799,-0.3822,-0.5928,-0.9245,-1.3598,-1.596,-1.501,-1.2945,-1.1134,-0.6723,-0.677,-0.6811,-0.684,-0.6852,-0.6843,-0.681,-0.6756,-0.6687,-0.6612,-0.6542,-0.6485,-0.6446,-0.6423,-0.6374,-0.6195,-0.5855,-0.5448,-0.5037,-0.4551,-0.3767,-0.2835,-0.2479,-0.2463,-0.2377,-0.316,-0.4861,-0.4515,-0.512,-0.61,-0.7696,-1.0105,-1.1854,-1.2,-1.1171,-1.0141,-0.6643,-0.6675,-0.67,-0.6713,-0.6713,-0.6696,-0.6661,-0.6609,-0.6545,-0.6474,-0.6399,-0.6325,-0.625,-0.6165,-0.6043,-0.5848,-0.5566,-0.5216,-0.4797,-0.4233,-0.3383,-0.2361,-0.2124,-0.2615,-0.3019,-0.3624,-0.4374,-0.5256,-0.6556,-0.6545,-0.6906,-0.8073,-0.9198,-0.9669,-0.9526,-0.9079,-0.6565,-0.6585,-0.6597,-0.66,-0.6591,-0.6568,-0.6531,-0.648,-0.6418,-0.6347,-0.6268,-0.6183,-0.6087,-0.5973,-0.5826,-0.5629,-0.5374,-0.5057,-0.4662,-0.4146,-0.3471,-0.2787,-0.2599,-0.2943,-0.3386,-0.391,-0.4624,-0.5732,-0.6736,-0.6616,-0.6601,-0.7132,-0.7791,-0.8216,-0.8316,-0.8179]}]