docs/data/wind_grid.json
[{"header":{"la1":42.85,"la2":41.18,"lo1":11.55,"lo2":14.05,"nx":36,"ny":24,"dx":0.07143,"dy":0.07261,"parameterCategory":2,"parameterNumber":2,"parameterNumberName":"eastward_wind","parameterUnit":"m.s-1"},"data":[-0.5456,-0.5562,-0.5671,-0.578,-0.5884,-0.5971,-0.6025,-0.6028,-0.5971,-0.5857,-0.571,-0.5561,-0.5438,-0.5363,-0.5342,-0.5372,-0.5435,-0.5503,-0.5544,-0.5532,-0.5457,-0.5326,-0.5156,-0.4969,-0.4781,-0.4603,-0.4439,-0.4294,-0.4166,-0.4055,-0.3959,-0.3877,-0.3807,-0.3746,-0.3694,-0.365,-0.5576,-0.5705,-0.5844,-0.5992,-0.6145,-0.6287,-0.6393,-0.6425,-0.6355,-0.6186,-0.5958,-0.5729,-0.555,-0.545,-0.5442,-0.5517,-0.5651,-0.5799,-0.5901,-0.5909,-0.5807,-0.5617,-0.5378,-0.5125,-0.4882,-0.4661,-0.4467,-0.43,-0.4157,-0.4037,-0.3935,-0.3849,-0.3777,-0.3717,-0.3665,-0.3621,-0.5699,-0.5854,-0.6026,-0.6223,-0.6445,-0.6681,-0.6887,-0.6991,-0.6915,-0.6651,-0.6279,-0.5915,-0.5645,-0.551,-0.5521,-0.5671,-0.5927,-0.6218,-0.6433,-0.6469,-0.6306,-0.6004,-0.5647,-0.5296,-0.498,-0.4709,-0.4481,-0.4291,-0.4135,-0.4006,-0.39,-0.3813,-0.3741,-0.3681,-0.3631,-0.359,-0.5823,-0.6002,-0.6209,-0.646,-0.6774,-0.7157,-0.7562,-0.7842,-0.779,-0.7345,-0.6702,-0.6108,-0.57,-0.5516,-0.5557,-0.5819,-0.6278,-0.6836,-0.727,-0.7343,-0.7027,-0.6505,-0.5955,-0.5467,-0.5061,-0.4733,-0.4471,-0.4262,-0.4094,-0.3961,-0.3853,-0.3767,-0.3697,-0.364,-0.3593,-0.3555,-0.5947,-0.6148,-0.6383,-0.6681,-0.7093,-0.7681,-0.8453,-0.9168,-0.9242,-0.8412,-0.7231,-0.6264,-0.5671,-0.543,-0.551,-0.5919,-0.6688,-0.7742,-0.8639,-0.8736,-0.804,-0.7097,-0.6258,-0.5599,-0.5098,-0.4718,-0.4428,-0.4205,-0.4033,-0.3898,-0.3794,-0.3711,-0.3646,-0.3593,-0.3551,-0.3517,-0.6074,-0.6294,-0.6543,-0.6858,-0.7328,-0.8117,-0.9432,-1.1099,-1.1609,-0.9893,-0.7727,-0.627,-0.5495,-0.5212,-0.5332,-0.5881,-0.7018,-0.8874,-1.0722,-1.0764,-0.9225,-0.7627,-0.6452,-0.5637,-0.5061,-0.4647,-0.4342,-0.4116,-0.3946,-0.3818,-0.3721,-0.3646,-0.3588,-0.3542,-0.3506,-0.3477,-0.6211,-0.6454,-0.6707,-0.6993,-0.7412,-0.8211,-0.9857,-1.2647,-1.3933,-1.0861,-0.7694,-0.5946,-0.5111,-0.4837,-0.4989,-0.5594,-0.6916,-0.9429,-1.2403,-1.2299,-0.9823,-0.7744,-0.6398,-0.5522,-0.4925,-0.4507,-0.4208,-0.3992,-0.3836,-0.3721,-0.3636,-0.3572,-0.3524,-0.3488,-0.3459,-0.3436,-0.6369,-0.666,-0.6934,-0.7165,-0.7401,-0.7865,-0.8969,-1.0964,-1.1766,-0.9192,-0.6651,-0.522,-0.452,-0.4325,-0.4523,-0.5072,-0.618,-0.8236,-1.0648,-1.0741,-0.8899,-0.721,-0.6039,-0.524,-0.4685,-0.4297,-0.4026,-0.3836,-0.3703,-0.3609,-0.3542,-0.3494,-0.3458,-0.3432,-0.3412,-0.3396,-0.6548,-0.694,-0.7321,-0.756,-0.7556,-0.7473,-0.758,-0.7788,-0.7417,-0.6259,-0.5135,-0.429,-0.3782,-0.3729,-0.4104,-0.4598,-0.5323,-0.6541,-0.7744,-0.8007,-0.7307,-0.6346,-0.5497,-0.484,-0.4362,-0.4028,-0.3802,-0.3652,-0.3553,-0.3488,-0.3444,-0.3414,-0.3393,-0.3378,-0.3367,-0.3358,-0.6713,-0.7269,-0.7921,-0.8421,-0.8227,-0.7504,-0.6873,-0.611,-0.4893,-0.4103,-0.3908,-0.3402,-0.2901,-0.2985,-0.4059,-0.4692,-0.4924,-0.5899,-0.6675,-0.6783,-0.6328,-0.5632,-0.4946,-0.4387,-0.3984,-0.3717,-0.3552,-0.3454,-0.3397,-0.3365,-0.3347,-0.3337,-0.3332,-0.333,-0.3328,-0.3326,-0.6783,-0.7486,-0.8475,-0.9536,-0.9301,-0.7848,-0.6991,-0.6011,-0.349,-0.2343,-0.3216,-0.2653,-0.1741,-0.1445,-0.3184,-0.4527,-0.4989,-0.6708,-0.7589,-0.7103,-0.6115,-0.5176,-0.4437,-0.3912,-0.3576,-0.3387,-0.3294,-0.3257,-0.3246,-0.325,-0.326,-0.3271,-0.3282,-0.329,-0.3296,-0.33,-0.6675,-0.7364,-0.8327,-0.9337,-0.9084,-0.7885,-0.7789,-0.797,-0.5542,-0.3462,-0.32,-0.2107,-0.0468,0.1476,0.0269,-0.2741,-0.5912,-1.0418,-1.1432,-0.8672,-0.6255,-0.4759,-0.3888,-0.341,-0.3175,-0.3084,-0.3067,-0.3084,-0.3118,-0.3155,-0.3191,-0.3222,-0.3246,-0.3263,-0.3275,-0.3284,-0.639,-0.6911,-0.7515,-0.7961,-0.783,-0.7644,-0.8471,-0.9944,-0.8475,-0.5215,-0.3258,-0.1971,-0.0597,0.2542,0.17,-0.2312,-0.7354,-1.7611,-1.7781,-0.9965,-0.588,-0.3984,-0.3168,-0.2902,-0.2882,-0.2909,-0.2923,-0.2962,-0.3025,-0.3092,-0.3151,-0.3196,-0.3229,-0.3252,-0.3267,-0.3277,-0.6008,-0.6346,-0.667,-0.6874,-0.693,-0.7151,-0.7926,-0.8962,-0.794,-0.5027,-0.31,-0.2083,-0.1755,-0.0949,-0.0947,-0.3249,-0.6655,-1.2508,-1.3168,-0.762,-0.3992,-0.2445,-0.2144,-0.2397,-0.279,-0.2939,-0.2878,-0.2894,-0.2978,-0.3071,-0.3147,-0.3201,-0.3236,-0.3258,-0.3272,-0.3281,-0.5608,-0.5813,-0.599,-0.6107,-0.6192,-0.6355,-0.6634,-0.6671,-0.5679,-0.3995,-0.2904,-0.251,-0.2021,-0.1978,-0.2116,-0.4807,-0.7439,-0.6496,-0.5778,-0.3107,-0.042,0.0163,-0.0689,-0.1708,-0.2509,-0.2811,-0.28,-0.2863,-0.2989,-0.3106,-0.319,-0.324,-0.3265,-0.3279,-0.3288,-0.3294,-0.5228,-0.5344,-0.5432,-0.5482,-0.5501,-0.5499,-0.5416,-0.5051,-0.4217,-0.3134,-0.2323,-0.3508,-0.2892,-0.2072,-0.2277,-0.4114,-0.5956,-0.3886,-0.1913,0.0697,0.4254,0.3523,0.0889,-0.0863,-0.1916,-0.2445,-0.2701,-0.2906,-0.3088,-0.3217,-0.3286,-0.3307,-0.3305,-0.3303,-0.3305,-0.331,-0.4879,-0.4933,-0.4958,-0.4946,-0.489,-0.4771,-0.4539,-0.412,-0.3497,-0.2812,-0.2328,-0.2657,-0.2321,-0.1939,-0.145,-0.1521,-0.1631,-0.0349,0.1128,0.2372,0.5013,0.4163,0.1492,-0.038,-0.1599,-0.235,-0.2803,-0.3108,-0.3316,-0.3421,-0.3428,-0.3375,-0.3321,-0.3303,-0.3311,-0.3324,-0.4564,-0.4572,-0.455,-0.449,-0.4381,-0.4205,-0.394,-0.3566,-0.3112,-0.2674,-0.2369,-0.2145,-0.1849,-0.142,0.0774,0.1945,0.1474,0.2556,0.3755,0.3353,0.3347,0.2722,0.1236,-0.0375,-0.1748,-0.2665,-0.3144,-0.3484,-0.3704,-0.3731,-0.3589,-0.3376,-0.3242,-0.3239,-0.329,-0.3333,-0.4283,-0.4256,-0.42,-0.4107,-0.3968,-0.3773,-0.3512,-0.3186,-0.2818,-0.2447,-0.2084,-0.1651,-0.0972,0.0735,0.5582,0.7453,0.3739,0.3618,0.4585,0.5799,0.4371,0.2748,0.1213,-0.0492,-0.2166,-0.3087,-0.331,-0.3976,-0.4315,-0.4182,-0.3756,-0.3244,-0.3013,-0.3108,-0.3258,-0.3348,-0.4034,-0.3982,-0.3902,-0.3789,-0.3635,-0.3435,-0.3186,-0.289,-0.2555,-0.2188,-0.1763,-0.119,-0.0235,0.1711,0.5248,0.6397,0.421,0.4626,0.8523,1.0369,0.5984,0.3462,0.1729,-0.0313,-0.2522,-0.347,-0.3591,-0.5217,-0.5385,-0.4871,-0.4068,-0.3206,-0.2876,-0.3066,-0.3286,-0.3396,-0.3815,-0.3745,-0.3649,-0.3524,-0.3364,-0.3165,-0.2926,-0.2647,-0.2327,-0.1957,-0.1507,-0.0905,-0.0017,0.1312,0.2855,0.3547,0.3518,0.4468,0.6809,0.7603,0.5674,0.448,0.3318,0.0709,-0.274,-0.6013,-0.9357,-0.8717,-0.6942,-0.5843,-0.4776,-0.3757,-0.3286,-0.3321,-0.3441,-0.3498,-0.3622,-0.354,-0.3435,-0.3303,-0.3141,-0.2946,-0.2717,-0.245,-0.2142,-0.1782,-0.1346,-0.0795,-0.0085,0.078,0.164,0.2255,0.2751,0.3546,0.458,0.5134,0.5523,0.7126,0.7313,0.3166,-0.223,-0.7673,-1.2404,-1.0433,-0.7973,-0.6967,-0.5785,-0.4672,-0.4012,-0.3766,-0.3687,-0.3637,-0.3455,-0.3365,-0.3254,-0.3119,-0.2958,-0.2769,-0.2549,-0.2295,-0.2002,-0.1663,-0.1264,-0.0788,-0.0229,0.039,0.1001,0.155,0.2087,0.2713,0.3422,0.4248,0.5929,0.9457,1.0548,0.5202,-0.0972,-0.5846,-0.8662,-0.861,-0.8659,-0.8116,-0.6665,-0.5403,-0.4597,-0.4156,-0.3917,-0.3769,-0.3309,-0.3215,-0.3101,-0.2966,-0.2809,-0.2626,-0.2416,-0.2177,-0.1904,-0.1592,-0.1236,-0.0831,-0.0379,0.0103,0.0588,0.1061,0.1541,0.2069,0.269,0.3565,0.5102,0.7275,0.7542,0.4082,-0.0408,-0.4041,-0.6347,-0.7691,-0.8714,-0.8232,-0.6859,-0.5678,-0.4877,-0.4375,-0.4062,-0.3856]},{"header":{"la1":42.85,"la2":41.18,"lo1":11.55,"lo2":14.05,"nx":36,"ny":24,"dx":0.07143,"dy":0.07261,"parameterCategory":2,"parameterNumber":3,"parameterNumberName":"northward_wind","parameterUnit":"m.s-1"},"data":[-0.4024,-0.3972,-0.3915,-0.3853,-0.3787,-0.3726,-0.3679,-0.366,-0.3677,-0.3726,-0.3789,-0.3842,-0.3866,-0.3846,-0.3779,-0.3672,-0.3539,-0.3401,-0.3283,-0.3204,-0.317,-0.3176,-0.321,-0.3259,-0.3313,-0.3368,-0.342,-0.347,-0.3518,-0.3564,-0.3609,-0.3654,-0.3697,-0.374,-0.3781,-0.3821,-0.3976,-0.3913,-0.3841,-0.3756,-0.366,-0.356,-0.3477,-0.3437,-0.3465,-0.3557,-0.3681,-0.3792,-0.3854,-0.3845,-0.3762,-0.3612,-0.3418,-0.3215,-0.3047,-0.2948,-0.2926,-0.2966,-0.3039,-0.3125,-0.3208,-0.3285,-0.3353,-0.3415,-0.3472,-0.3527,-0.3579,-0.363,-0.368,-0.3728,-0.3775,-0.382,-0.3918,-0.3843,-0.3754,-0.3642,-0.3501,-0.3334,-0.3172,-0.3077,-0.3111,-0.3281,-0.352,-0.3735,-0.3861,-0.3872,-0.3765,-0.355,-0.3257,-0.294,-0.2685,-0.2561,-0.2578,-0.2689,-0.2834,-0.2975,-0.3098,-0.3201,-0.3287,-0.3361,-0.3428,-0.349,-0.355,-0.3608,-0.3665,-0.3721,-0.3774,-0.3824,-0.3848,-0.3761,-0.3656,-0.3516,-0.3315,-0.3038,-0.2715,-0.2471,-0.2488,-0.2814,-0.328,-0.3678,-0.3906,-0.3947,-0.3809,-0.35,-0.3044,-0.2521,-0.21,-0.1951,-0.2075,-0.2333,-0.2599,-0.282,-0.2991,-0.3121,-0.3224,-0.3309,-0.3385,-0.3456,-0.3523,-0.359,-0.3654,-0.3717,-0.3778,-0.3835,-0.3757,-0.3657,-0.3544,-0.3387,-0.3131,-0.2698,-0.2062,-0.1434,-0.1344,-0.202,-0.2953,-0.3658,-0.4026,-0.4103,-0.3929,-0.3499,-0.2794,-0.1885,-0.1121,-0.0965,-0.1368,-0.1914,-0.2364,-0.2681,-0.2899,-0.3053,-0.3168,-0.3262,-0.3345,-0.3423,-0.3499,-0.3574,-0.3648,-0.372,-0.3789,-0.3853,-0.3631,-0.3512,-0.3398,-0.3259,-0.3,-0.243,-0.1315,0.0201,0.0686,-0.0829,-0.2657,-0.3771,-0.4271,-0.4375,-0.4172,-0.3631,-0.2622,-0.1073,0.0407,0.049,-0.0541,-0.1538,-0.2194,-0.2592,-0.2839,-0.3002,-0.3121,-0.3219,-0.3307,-0.3393,-0.3478,-0.3564,-0.3649,-0.3732,-0.381,-0.3882,-0.3447,-0.3283,-0.3159,-0.3082,-0.2952,-0.2466,-0.1069,0.1572,0.2815,-0.0066,-0.2844,-0.4178,-0.4688,-0.4784,-0.4587,-0.4018,-0.2831,-0.0707,0.1666,0.1603,-0.0127,-0.1441,-0.2176,-0.258,-0.2816,-0.2969,-0.3081,-0.3178,-0.327,-0.3363,-0.346,-0.3559,-0.3658,-0.3754,-0.3844,-0.3926,-0.3182,-0.29,-0.2692,-0.2675,-0.2853,-0.2893,-0.2147,-0.0237,0.0598,-0.1866,-0.4021,-0.4943,-0.5253,-0.5314,-0.5197,-0.4742,-0.3668,-0.1785,0.0272,0.0426,-0.0796,-0.1777,-0.2335,-0.2642,-0.2823,-0.2945,-0.3043,-0.3134,-0.323,-0.3334,-0.3446,-0.3563,-0.368,-0.3793,-0.3897,-0.3989,-0.2839,-0.2301,-0.1775,-0.1616,-0.2229,-0.329,-0.3945,-0.4023,-0.4381,-0.5293,-0.5798,-0.5873,-0.585,-0.5889,-0.6015,-0.5824,-0.4846,-0.3441,-0.2189,-0.1735,-0.1968,-0.2317,-0.2568,-0.2727,-0.2833,-0.2916,-0.2995,-0.3082,-0.3185,-0.3304,-0.3437,-0.3578,-0.3719,-0.3853,-0.3974,-0.4078,-0.2496,-0.1551,-0.0268,0.0747,-0.0243,-0.3105,-0.5442,-0.6887,-0.8129,-0.851,-0.7516,-0.6672,-0.6329,-0.6366,-0.6983,-0.7326,-0.5813,-0.4411,-0.3487,-0.2967,-0.2761,-0.272,-0.2737,-0.2771,-0.2813,-0.2865,-0.2929,-0.3016,-0.313,-0.3271,-0.3435,-0.361,-0.3784,-0.3946,-0.4088,-0.4203,-0.2342,-0.1046,0.116,0.3952,0.3033,-0.2744,-0.6844,-0.8833,-1.064,-1.1463,-0.8681,-0.7097,-0.6639,-0.6662,-0.7027,-0.7393,-0.5764,-0.455,-0.388,-0.3411,-0.3073,-0.2867,-0.2765,-0.2736,-0.2751,-0.2789,-0.2846,-0.2933,-0.3063,-0.3238,-0.3446,-0.367,-0.389,-0.4089,-0.4253,-0.4379,-0.2557,-0.1344,0.0725,0.331,0.2094,-0.4206,-0.8799,-1.0674,-1.073,-1.0482,-0.8414,-0.7065,-0.6847,-0.7506,-0.6785,-0.5828,-0.4828,-0.4272,-0.3997,-0.3498,-0.3054,-0.2772,-0.264,-0.2622,-0.2668,-0.272,-0.2762,-0.2838,-0.2985,-0.3206,-0.3481,-0.3778,-0.4061,-0.4306,-0.4495,-0.4625,-0.3108,-0.2379,-0.143,-0.0918,-0.2652,-0.663,-1.0326,-1.1969,-1.1788,-0.9408,-0.7718,-0.6942,-0.6626,-0.7531,-0.6546,-0.4715,-0.3632,-0.4426,-0.443,-0.337,-0.2748,-0.2435,-0.2359,-0.2456,-0.2644,-0.2754,-0.2724,-0.2736,-0.2892,-0.3182,-0.356,-0.3964,-0.4338,-0.4639,-0.4849,-0.4969,-0.377,-0.3522,-0.3408,-0.3836,-0.5296,-0.7627,-1.0078,-1.2081,-1.1274,-0.8707,-0.7236,-0.7167,-0.6879,-0.27,-0.4287,-0.2171,-0.0322,-0.2581,-0.3362,-0.2642,-0.201,-0.1742,-0.187,-0.222,-0.2697,-0.293,-0.2718,-0.2596,-0.2766,-0.3173,-0.3716,-0.4288,-0.4791,-0.5158,-0.537,-0.5448,-0.4347,-0.4383,-0.4604,-0.5177,-0.6202,-0.7538,-0.8823,-0.9514,-0.8939,-0.7662,-0.6845,-0.6397,-0.4983,-0.3077,-0.3057,0.2727,0.9565,0.1772,-0.1442,-0.1465,-0.0488,-0.0376,-0.1067,-0.1746,-0.2358,-0.266,-0.2415,-0.2277,-0.2559,-0.3188,-0.4012,-0.4854,-0.5541,-0.5969,-0.6134,-0.6104,-0.4765,-0.492,-0.5216,-0.5704,-0.6378,-0.7125,-0.7727,-0.792,-0.7577,-0.7029,-0.6852,-0.6828,-0.6138,-0.4719,-0.3317,0.1712,0.6401,0.1148,-0.1556,-0.0593,0.2459,0.1864,-0.0131,-0.1059,-0.1424,-0.1523,-0.1426,-0.1555,-0.2183,-0.3245,-0.4556,-0.5846,-0.6801,-0.7243,-0.7238,-0.6975,-0.5033,-0.5218,-0.5492,-0.5862,-0.6298,-0.6723,-0.7023,-0.7095,-0.6948,-0.677,-0.6791,-0.6739,-0.7282,-0.7425,-0.4914,-0.2665,-0.1553,-0.3162,-0.4305,-0.174,0.2765,0.2073,0.0067,-0.0475,-0.0186,0.0337,0.0468,-0.0201,-0.1553,-0.3373,-0.5506,-0.7569,-0.8908,-0.9201,-0.876,-0.8054,-0.5187,-0.5362,-0.5589,-0.5859,-0.6147,-0.6404,-0.6575,-0.6627,-0.6585,-0.6533,-0.6535,-0.6665,-0.7504,-0.7611,-0.6071,-0.5296,-0.4807,-0.6996,-0.9885,-0.4983,-0.1331,-0.0404,-0.05,0.0003,0.1497,0.3476,0.3884,0.1976,-0.0685,-0.3602,-0.6982,-1.0371,-1.2239,-1.1957,-1.0614,-0.9213,-0.5263,-0.5415,-0.5594,-0.5791,-0.5986,-0.6152,-0.6263,-0.6308,-0.6305,-0.6289,-0.6296,-0.6378,-0.6563,-0.6585,-0.7122,-0.7479,-0.5918,-0.667,-0.7704,-0.4117,-0.2636,-0.1718,-0.0964,0.0389,0.3334,0.8137,0.9145,0.4335,-0.0004,-0.3889,-0.8623,-1.3885,-1.6342,-1.4879,-1.2278,-1.0129,-0.5287,-0.5413,-0.5553,-0.5697,-0.5834,-0.5946,-0.6022,-0.6059,-0.6064,-0.6054,-0.6048,-0.6064,-0.6109,-0.6262,-0.6893,-0.7043,-0.5726,-0.471,-0.2426,-0.1274,-0.235,-0.2085,-0.1308,0.0204,0.3313,0.8773,0.9972,0.3751,-0.0345,-0.4048,-0.907,-1.5261,-1.8028,-1.5913,-1.2784,-1.0388,-0.5278,-0.5381,-0.5489,-0.5596,-0.5693,-0.5771,-0.5823,-0.5848,-0.5849,-0.5835,-0.5814,-0.5796,-0.5794,-0.5851,-0.5963,-0.5781,-0.5066,-0.4069,-0.2762,-0.219,-0.2453,-0.2326,-0.1822,-0.071,0.1083,0.2287,0.0503,-0.0188,-0.1592,-0.4023,-0.7656,-1.2325,-1.4841,-1.3858,-1.1714,-0.9844,-0.525,-0.5332,-0.5415,-0.5494,-0.5563,-0.5617,-0.5651,-0.5664,-0.5657,-0.5635,-0.56,-0.5557,-0.5512,-0.5463,-0.5366,-0.5109,-0.4622,-0.3971,-0.3307,-0.2894,-0.2737,-0.2679,-0.2541,-0.1773,-0.0765,-0.0767,-0.1916,-0.1854,-0.2952,-0.416,-0.5965,-0.8602,-1.0502,-1.069,-0.985,-0.8801,-0.5209,-0.5274,-0.5337,-0.5395,-0.5444,-0.548,-0.5499,-0.5501,-0.5486,-0.5454,-0.5407,-0.5345,-0.5267,-0.5161,-0.5001,-0.4744,-0.4375,-0.3928,-0.3483,-0.3124,-0.2894,-0.2879,-0.2913,-0.2372,-0.1715,-0.159,-0.1988,-0.3037,-0.4583,-0.4612,-0.5097,-0.6431,-0.769,-0.8235,-0.8123,-0.7687,-0.5161,-0.5212,-0.526,-0.5301,-0.5335,-0.5356,-0.5364,-0.5356,-0.5332,-0.5292,-0.5235,-0.516,-0.5063,-0.4935,-0.4761,-0.4527,-0.4229,-0.3888,-0.3541,-0.3226,-0.2982,-0.2863,-0.2786,-0.2517,-0.2218,-0.2207,-0.2659,-0.375,-0.4794,-0.4698,-0.4781,-0.544,-0.621,-0.6711,-0.6858,-0.6749]}]