docs/data/wind_grid.json
[{"header":{"la1":42.85,"la2":41.18,"lo1":11.55,"lo2":14.05,"nx":36,"ny":24,"dx":0.07143,"dy":0.07261,"parameterCategory":2,"parameterNumber":2,"parameterNumberName":"eastward_wind","parameterUnit":"m.s-1"},"data":[-0.6638,-0.6697,-0.6737,-0.6756,-0.6755,-0.6728,-0.667,-0.657,-0.6421,-0.6228,-0.6009,-0.5791,-0.5597,-0.5441,-0.5323,-0.5232,-0.5144,-0.5029,-0.4862,-0.4634,-0.4374,-0.414,-0.3993,-0.3953,-0.3995,-0.4076,-0.4161,-0.4234,-0.4288,-0.4324,-0.4345,-0.4356,-0.4359,-0.4357,-0.4352,-0.4346,-0.6875,-0.6959,-0.7019,-0.7057,-0.7074,-0.7071,-0.7035,-0.6942,-0.6769,-0.6515,-0.6214,-0.5917,-0.5665,-0.548,-0.5362,-0.5293,-0.5234,-0.5131,-0.4924,-0.4582,-0.4148,-0.3757,-0.3552,-0.3564,-0.3712,-0.3896,-0.4056,-0.4175,-0.4256,-0.4305,-0.4333,-0.4346,-0.435,-0.4348,-0.4343,-0.4335,-0.7153,-0.7269,-0.7356,-0.7415,-0.7459,-0.7498,-0.7521,-0.7471,-0.7279,-0.6928,-0.6486,-0.6058,-0.5718,-0.5495,-0.5387,-0.5366,-0.5379,-0.5333,-0.5098,-0.4562,-0.3767,-0.3028,-0.2739,-0.293,-0.3321,-0.3688,-0.3957,-0.4132,-0.4237,-0.4297,-0.4328,-0.4341,-0.4344,-0.434,-0.4333,-0.4325,-0.7481,-0.7646,-0.7766,-0.7844,-0.7912,-0.8018,-0.8174,-0.8268,-0.8093,-0.7563,-0.6855,-0.6204,-0.573,-0.5459,-0.5374,-0.5443,-0.5604,-0.5724,-0.5541,-0.4717,-0.3146,-0.1559,-0.1202,-0.1953,-0.2857,-0.3505,-0.3899,-0.4122,-0.4242,-0.4303,-0.4331,-0.434,-0.4339,-0.4332,-0.4324,-0.4314,-0.7872,-0.8115,-0.8287,-0.8372,-0.843,-0.8607,-0.903,-0.9539,-0.9505,-0.8583,-0.7331,-0.6311,-0.5657,-0.533,-0.5281,-0.5484,-0.5905,-0.6416,-0.6582,-0.5518,-0.246,0.1222,0.1362,-0.0831,-0.2533,-0.3465,-0.3936,-0.4168,-0.4278,-0.4325,-0.4341,-0.4342,-0.4335,-0.4324,-0.4313,-0.4301,-0.8335,-0.8717,-0.8995,-0.9074,-0.9018,-0.9163,-0.9981,-1.1507,-1.2014,-1.0095,-0.7786,-0.6268,-0.5431,-0.5056,-0.5045,-0.5399,-0.6172,-0.7397,-0.8616,-0.7831,-0.3307,0.3023,0.2737,-0.0757,-0.2785,-0.3704,-0.4105,-0.4274,-0.4339,-0.4357,-0.4355,-0.4343,-0.4329,-0.4314,-0.43,-0.4287,-0.8849,-0.9481,-1.0021,-1.0146,-0.9765,-0.952,-1.0424,-1.3221,-1.4754,-1.1135,-0.771,-0.5894,-0.4986,-0.4583,-0.4579,-0.5035,-0.6102,-0.8005,-1.0529,-1.0274,-0.6701,-0.251,-0.1461,-0.2824,-0.3794,-0.4222,-0.4378,-0.4417,-0.441,-0.4389,-0.4364,-0.434,-0.4319,-0.43,-0.4283,-0.4269,-0.9326,-1.032,-1.1442,-1.1908,-1.087,-0.9652,-0.9657,-1.1333,-1.2163,-0.9261,-0.6571,-0.5114,-0.4323,-0.3887,-0.3777,-0.4214,-0.5416,-0.7326,-0.9321,-0.9905,-1.0584,-0.9444,-0.6785,-0.5482,-0.5016,-0.4794,-0.4647,-0.4539,-0.446,-0.4402,-0.436,-0.4327,-0.4301,-0.428,-0.4262,-0.4248,-0.9587,-1.0843,-1.2611,-1.3854,-1.1905,-0.9614,-0.8393,-0.7934,-0.7252,-0.5945,-0.4875,-0.4142,-0.3561,-0.3013,-0.2471,-0.2653,-0.4213,-0.626,-0.823,-1.0874,-1.5908,-1.4686,-0.9764,-0.7062,-0.5788,-0.5142,-0.4786,-0.458,-0.4457,-0.4383,-0.4334,-0.43,-0.4274,-0.4253,-0.4236,-0.4222,-0.9509,-1.0659,-1.203,-1.2761,-1.144,-0.9326,-0.744,-0.5824,-0.3978,-0.3018,-0.3318,-0.3276,-0.2874,-0.2198,-0.0567,0.027,-0.2971,-0.578,-0.7848,-1.031,-1.3809,-1.3143,-0.9609,-0.7204,-0.5861,-0.5117,-0.471,-0.4495,-0.4382,-0.4322,-0.4285,-0.4258,-0.4237,-0.4218,-0.4203,-0.4191,-0.9164,-1.0124,-1.1227,-1.2421,-1.1928,-0.9156,-0.6969,-0.5107,-0.1554,0.0132,-0.2282,-0.2691,-0.233,-0.1818,-0.0578,0.0378,-0.3474,-0.6762,-0.8497,-0.9189,-0.9783,-0.9382,-0.7883,-0.64,-0.5345,-0.471,-0.4397,-0.4275,-0.4236,-0.4225,-0.4217,-0.4206,-0.4192,-0.4177,-0.4164,-0.4154,-0.8651,-0.9463,-1.0571,-1.1975,-1.1378,-0.8558,-0.7003,-0.6459,-0.3814,-0.1653,-0.2491,-0.2382,-0.1837,-0.1231,-0.1513,-0.2804,-0.587,-1.0854,-1.2289,-0.9947,-0.8335,-0.7332,-0.6328,-0.5313,-0.4456,-0.396,-0.386,-0.3945,-0.4046,-0.4112,-0.4143,-0.4149,-0.4141,-0.4128,-0.4116,-0.4108,-0.8012,-0.8568,-0.9192,-0.9584,-0.8925,-0.7573,-0.7172,-0.7978,-0.6733,-0.4106,-0.2855,-0.2165,-0.1619,-0.0779,-0.1231,-0.3541,-0.735,-1.9456,-2.0007,-1.1202,-0.7613,-0.6049,-0.5115,-0.427,-0.3375,-0.2905,-0.3168,-0.359,-0.3872,-0.4021,-0.4084,-0.4096,-0.4085,-0.4068,-0.4055,-0.4051,-0.7329,-0.7621,-0.7835,-0.7791,-0.7338,-0.6782,-0.674,-0.7236,-0.639,-0.4137,-0.2704,-0.2004,-0.1698,-0.0311,-0.2131,-0.347,-0.5866,-1.2848,-1.4414,-0.9095,-0.5939,-0.4553,-0.3993,-0.3485,-0.2583,-0.2024,-0.2671,-0.3394,-0.3804,-0.3993,-0.4055,-0.4049,-0.4017,-0.3987,-0.3972,-0.3974,-0.6691,-0.6801,-0.6814,-0.6664,-0.6353,-0.6023,-0.5833,-0.5608,-0.4714,-0.3287,-0.2278,-0.1845,-0.1043,0.0732,-0.2398,-0.3765,-0.9959,-0.7819,-0.7275,-0.5151,-0.2897,-0.2305,-0.2752,-0.3011,-0.272,-0.2418,-0.2918,-0.3546,-0.3913,-0.4057,-0.406,-0.3992,-0.3912,-0.386,-0.3849,-0.3869,-0.614,-0.6143,-0.6066,-0.5888,-0.562,-0.5307,-0.4957,-0.4449,-0.36,-0.2463,-0.1392,-0.1865,-0.1615,-0.125,-0.2563,-0.5259,-0.8392,-0.5818,-0.3943,-0.1811,0.1328,0.0674,-0.1493,-0.2641,-0.3099,-0.3307,-0.3653,-0.4019,-0.4211,-0.4214,-0.4078,-0.3882,-0.3716,-0.3642,-0.3656,-0.3721,-0.5679,-0.5621,-0.55,-0.5308,-0.5046,-0.4722,-0.4318,-0.3784,-0.3073,-0.2224,-0.1467,-0.1625,-0.1413,-0.1266,-0.1879,-0.286,-0.3439,-0.2253,-0.0771,-0.0036,0.2095,0.1287,-0.1035,-0.2525,-0.3489,-0.4154,-0.4572,-0.4732,-0.4677,-0.4442,-0.4056,-0.362,-0.3317,-0.3254,-0.3361,-0.3524,-0.5298,-0.5205,-0.5062,-0.4861,-0.4603,-0.4284,-0.3896,-0.3424,-0.2877,-0.2319,-0.1892,-0.163,-0.1233,-0.0957,-0.0092,0.0274,-0.0363,0.1163,0.3304,0.1332,0.0635,-0.0029,-0.1335,-0.2768,-0.4173,-0.5362,-0.5856,-0.5692,-0.5291,-0.4721,-0.3929,-0.3056,-0.2551,-0.2619,-0.2961,-0.33,-0.4985,-0.4872,-0.4717,-0.4517,-0.4268,-0.397,-0.3619,-0.3219,-0.2787,-0.2361,-0.1974,-0.1587,-0.1058,0.0104,0.3842,0.546,0.1733,0.1841,0.3005,0.2505,0.1123,-0.0187,-0.149,-0.3079,-0.5033,-0.6938,-0.738,-0.6728,-0.6007,-0.5083,-0.3753,-0.2185,-0.143,-0.1856,-0.2577,-0.3126,-0.4726,-0.4603,-0.4446,-0.4251,-0.4017,-0.3743,-0.3433,-0.309,-0.2727,-0.2355,-0.1971,-0.152,-0.0832,0.0581,0.3447,0.4387,0.2015,0.18,0.3725,0.4655,0.1945,0.0194,-0.1199,-0.3021,-0.5377,-0.7431,-0.7831,-0.7605,-0.6833,-0.5661,-0.3947,-0.1846,-0.0913,-0.1582,-0.2493,-0.3119,-0.4514,-0.4387,-0.4231,-0.4045,-0.3828,-0.358,-0.3304,-0.3003,-0.2684,-0.2346,-0.1975,-0.1525,-0.0895,0.0053,0.1188,0.1584,0.1207,0.1428,0.2584,0.2956,0.1723,0.0907,-0.0029,-0.2164,-0.5097,-0.7855,-1.0018,-0.9413,-0.7868,-0.656,-0.4907,-0.3006,-0.2025,-0.2285,-0.2874,-0.3332,-0.4339,-0.4213,-0.4062,-0.3886,-0.3686,-0.3461,-0.3214,-0.2947,-0.2661,-0.2354,-0.2014,-0.1616,-0.1126,-0.0543,0.0012,0.0323,0.0448,0.0727,0.1195,0.1453,0.1724,0.2934,0.3061,-0.0189,-0.4368,-0.8445,-1.1807,-1.0429,-0.8689,-0.7723,-0.6257,-0.4669,-0.3658,-0.3394,-0.3505,-0.3684,-0.4196,-0.4072,-0.3928,-0.3764,-0.358,-0.3376,-0.3154,-0.2915,-0.2659,-0.2384,-0.2085,-0.1751,-0.1379,-0.0987,-0.0629,-0.0359,-0.0143,0.011,0.0438,0.0906,0.2074,0.4776,0.565,0.1431,-0.328,-0.6951,-0.9083,-0.9227,-0.9603,-0.902,-0.7373,-0.5844,-0.4812,-0.4285,-0.4088,-0.4044,-0.4079,-0.396,-0.3824,-0.3671,-0.3501,-0.3316,-0.3116,-0.2902,-0.2675,-0.2432,-0.2174,-0.1898,-0.1608,-0.1318,-0.105,-0.0818,-0.0605,-0.0374,-0.0069,0.0443,0.1482,0.3081,0.3274,0.0608,-0.2788,-0.5541,-0.7357,-0.8609,-0.9701,-0.9178,-0.7674,-0.6336,-0.5397,-0.4816,-0.4493,-0.4326]},{"header":{"la1":42.85,"la2":41.18,"lo1":11.55,"lo2":14.05,"nx":36,"ny":24,"dx":0.07143,"dy":0.07261,"parameterCategory":2,"parameterNumber":3,"parameterNumberName":"northward_wind","parameterUnit":"m.s-1"},"data":[-0.6948,-0.6923,-0.6881,-0.682,-0.6741,-0.6648,-0.6545,-0.6438,-0.6332,-0.6223,-0.6102,-0.5959,-0.5787,-0.5584,-0.5354,-0.5108,-0.4862,-0.4638,-0.4456,-0.4329,-0.4255,-0.4223,-0.4214,-0.4217,-0.4227,-0.4245,-0.4272,-0.4307,-0.4348,-0.4395,-0.4445,-0.4498,-0.4553,-0.4608,-0.4663,-0.4716,-0.7053,-0.7032,-0.6989,-0.692,-0.6825,-0.6709,-0.6582,-0.646,-0.6352,-0.6253,-0.6147,-0.6011,-0.5832,-0.5604,-0.5332,-0.503,-0.4721,-0.444,-0.4225,-0.4099,-0.4057,-0.4066,-0.4087,-0.4104,-0.4119,-0.414,-0.4172,-0.4214,-0.4264,-0.432,-0.4381,-0.4444,-0.4508,-0.4571,-0.4634,-0.4694,-0.717,-0.7156,-0.7113,-0.7034,-0.6914,-0.6758,-0.6583,-0.6425,-0.6314,-0.6247,-0.6183,-0.6076,-0.5899,-0.5647,-0.5325,-0.4946,-0.4542,-0.4169,-0.3904,-0.3801,-0.3845,-0.3948,-0.4014,-0.4027,-0.4026,-0.4038,-0.407,-0.4119,-0.4179,-0.4246,-0.4317,-0.4391,-0.4465,-0.4538,-0.461,-0.4678,-0.7299,-0.7299,-0.7262,-0.7173,-0.7017,-0.6788,-0.6513,-0.6265,-0.6143,-0.6155,-0.6197,-0.6159,-0.6003,-0.573,-0.5349,-0.4867,-0.4315,-0.3777,-0.3415,-0.3379,-0.3649,-0.3978,-0.409,-0.4025,-0.3954,-0.3937,-0.3965,-0.402,-0.4091,-0.4171,-0.4255,-0.4341,-0.4427,-0.4511,-0.4592,-0.4668,-0.7441,-0.7465,-0.7447,-0.7356,-0.7156,-0.6815,-0.633,-0.5839,-0.5659,-0.5886,-0.6178,-0.6278,-0.6164,-0.5877,-0.5436,-0.483,-0.4052,-0.3192,-0.2571,-0.2656,-0.3475,-0.4373,-0.4447,-0.4092,-0.3877,-0.3821,-0.3848,-0.3915,-0.4001,-0.4096,-0.4195,-0.4295,-0.4395,-0.4491,-0.4582,-0.4668,-0.7589,-0.7655,-0.7681,-0.7612,-0.7382,-0.6907,-0.6063,-0.4942,-0.4521,-0.5348,-0.6179,-0.6481,-0.641,-0.6118,-0.5638,-0.4917,-0.3855,-0.241,-0.1047,-0.1208,-0.2945,-0.4723,-0.4682,-0.4002,-0.3711,-0.3663,-0.3714,-0.3803,-0.3909,-0.4022,-0.4139,-0.4256,-0.4371,-0.4481,-0.4584,-0.4679,-0.7729,-0.7861,-0.7977,-0.7973,-0.7745,-0.7212,-0.6084,-0.4041,-0.3058,-0.4991,-0.645,-0.6853,-0.6767,-0.6479,-0.6022,-0.5267,-0.4002,-0.1989,0.0478,0.0334,-0.1747,-0.322,-0.3627,-0.3449,-0.3395,-0.3455,-0.3561,-0.3684,-0.3815,-0.3951,-0.4089,-0.4225,-0.4358,-0.4484,-0.46,-0.4706,-0.7827,-0.8041,-0.8329,-0.847,-0.8204,-0.7771,-0.6991,-0.5466,-0.4749,-0.6312,-0.7345,-0.7446,-0.722,-0.6967,-0.6672,-0.6036,-0.4758,-0.284,-0.0877,-0.0524,-0.0553,-0.1021,-0.2084,-0.27,-0.302,-0.3231,-0.3403,-0.3562,-0.3721,-0.3883,-0.4046,-0.4207,-0.4361,-0.4505,-0.4637,-0.4753,-0.7833,-0.8072,-0.8578,-0.9031,-0.8466,-0.8283,-0.8388,-0.8357,-0.857,-0.8992,-0.8781,-0.8169,-0.7676,-0.7541,-0.776,-0.7502,-0.6012,-0.4146,-0.2492,-0.0889,0.155,0.1023,-0.1092,-0.2212,-0.2744,-0.3039,-0.3249,-0.3437,-0.3625,-0.3819,-0.4014,-0.4205,-0.4386,-0.4552,-0.4699,-0.4827,-0.7726,-0.7792,-0.7986,-0.8144,-0.77,-0.8473,-0.9689,-1.0839,-1.2172,-1.2403,-1.0512,-0.8804,-0.7968,-0.7986,-0.9474,-1.0376,-0.7304,-0.4988,-0.3384,-0.1633,0.0433,0.0233,-0.1247,-0.2155,-0.2616,-0.2881,-0.3089,-0.3298,-0.3523,-0.376,-0.3998,-0.4228,-0.4442,-0.4634,-0.4798,-0.4935,-0.7592,-0.7375,-0.6677,-0.4945,-0.5433,-0.853,-1.1057,-1.2842,-1.5486,-1.6904,-1.1908,-0.9027,-0.7986,-0.7913,-0.9192,-1.0397,-0.6984,-0.5062,-0.3982,-0.2876,-0.1854,-0.1597,-0.1949,-0.2312,-0.2534,-0.2689,-0.2875,-0.3121,-0.3408,-0.3708,-0.4006,-0.4287,-0.4543,-0.4765,-0.4948,-0.5091,-0.7564,-0.7283,-0.6508,-0.5118,-0.5832,-0.9526,-1.2967,-1.5007,-1.5003,-1.4825,-1.111,-0.864,-0.7891,-0.8224,-0.7569,-0.6342,-0.5101,-0.4823,-0.4574,-0.3622,-0.2819,-0.242,-0.2337,-0.2347,-0.2319,-0.2334,-0.2534,-0.2883,-0.3279,-0.3676,-0.4055,-0.4404,-0.4712,-0.4968,-0.5167,-0.531,-0.7667,-0.7555,-0.7319,-0.7234,-0.832,-1.0969,-1.4358,-1.7807,-1.5174,-1.2212,-0.961,-0.8053,-0.7612,-0.8464,-0.7173,-0.3625,-0.2922,-0.5772,-0.5943,-0.3814,-0.2867,-0.2444,-0.2285,-0.2153,-0.1865,-0.1688,-0.2029,-0.2605,-0.3169,-0.369,-0.4173,-0.4611,-0.4985,-0.5278,-0.5485,-0.5615,-0.7811,-0.7885,-0.8028,-0.8448,-0.9474,-1.1229,-1.3414,-1.4979,-1.3912,-1.0853,-0.8685,-0.7806,-0.759,-0.6744,-0.3705,0.1223,0.0966,-0.2651,-0.4021,-0.2929,-0.2147,-0.1833,-0.1884,-0.1873,-0.1425,-0.1043,-0.1619,-0.2432,-0.3145,-0.3793,-0.4404,-0.4959,-0.5418,-0.5748,-0.5946,-0.6033,-0.7909,-0.8081,-0.8353,-0.8821,-0.9576,-1.0595,-1.1631,-1.2071,-1.113,-0.9356,-0.812,-0.7472,-0.6454,-0.4989,-0.2165,0.2869,0.9303,0.186,-0.1353,-0.1436,-0.0351,-0.0279,-0.1123,-0.1649,-0.1551,-0.1348,-0.1793,-0.2508,-0.3249,-0.4018,-0.4801,-0.553,-0.6106,-0.6464,-0.6608,-0.6598,-0.7929,-0.8122,-0.839,-0.8762,-0.9241,-0.9757,-1.0124,-1.0049,-0.9362,-0.8417,-0.7956,-0.7928,-0.7258,-0.5687,-0.3026,0.1915,0.6454,0.1429,-0.1206,-0.0234,0.3613,0.2681,-0.0184,-0.1453,-0.1778,-0.1848,-0.2108,-0.264,-0.3406,-0.4363,-0.5435,-0.6459,-0.7212,-0.7559,-0.7551,-0.7341,-0.7879,-0.8052,-0.8267,-0.8524,-0.8799,-0.903,-0.9111,-0.8935,-0.8506,-0.8048,-0.7891,-0.7841,-0.8644,-0.8763,-0.5061,-0.2311,-0.11,-0.2457,-0.3544,-0.1243,0.4103,0.2948,-0.0231,-0.1492,-0.1743,-0.1686,-0.1832,-0.2435,-0.3452,-0.4796,-0.6395,-0.7974,-0.9011,-0.9219,-0.8839,-0.8257,-0.778,-0.7919,-0.8075,-0.8237,-0.8382,-0.8469,-0.8448,-0.8289,-0.8029,-0.7782,-0.7661,-0.7775,-0.8898,-0.8953,-0.6414,-0.5181,-0.4461,-0.5955,-0.8101,-0.4661,-0.1489,-0.0779,-0.1503,-0.1816,-0.139,-0.0558,-0.0464,-0.1621,-0.3286,-0.5266,-0.7736,-1.0354,-1.1839,-1.1563,-1.0415,-0.9244,-0.7655,-0.7758,-0.7863,-0.7958,-0.8025,-0.8042,-0.7988,-0.7858,-0.768,-0.7508,-0.7395,-0.7398,-0.7516,-0.7268,-0.7249,-0.746,-0.5946,-0.6431,-0.7386,-0.5967,-0.431,-0.3193,-0.2762,-0.2218,-0.0807,0.1756,0.2303,-0.048,-0.3088,-0.5673,-0.9151,-1.3325,-1.5377,-1.4088,-1.1847,-1.0038,-0.7519,-0.759,-0.7656,-0.7705,-0.7728,-0.7711,-0.7645,-0.7534,-0.7392,-0.7246,-0.7118,-0.7017,-0.6915,-0.6816,-0.7094,-0.716,-0.6208,-0.6066,-0.6579,-0.6805,-0.5425,-0.441,-0.3756,-0.2849,-0.1077,0.2064,0.2769,-0.0851,-0.3342,-0.5841,-0.9564,-1.4509,-1.6851,-1.5003,-1.2309,-1.029,-0.7381,-0.7428,-0.7464,-0.7484,-0.748,-0.7444,-0.7375,-0.7274,-0.715,-0.7015,-0.6879,-0.6744,-0.6611,-0.651,-0.6481,-0.6336,-0.6006,-0.5908,-0.616,-0.6191,-0.5629,-0.5273,-0.4889,-0.3933,-0.258,-0.1684,-0.2586,-0.304,-0.4034,-0.5743,-0.8455,-1.2107,-1.4138,-1.3275,-1.145,-0.9883,-0.7248,-0.7275,-0.7291,-0.7291,-0.727,-0.7226,-0.7155,-0.706,-0.6947,-0.682,-0.6685,-0.6546,-0.6408,-0.628,-0.6159,-0.6006,-0.5836,-0.5754,-0.5778,-0.5793,-0.5917,-0.6529,-0.6639,-0.5311,-0.393,-0.3473,-0.3897,-0.3968,-0.4802,-0.5683,-0.7079,-0.9118,-1.0584,-1.0683,-0.9956,-0.9072,-0.7123,-0.7135,-0.7137,-0.7123,-0.7093,-0.7043,-0.6972,-0.6882,-0.6777,-0.6658,-0.653,-0.6397,-0.6261,-0.6127,-0.5994,-0.5858,-0.5736,-0.5663,-0.5661,-0.578,-0.6269,-0.7453,-0.7834,-0.6209,-0.4747,-0.4133,-0.4157,-0.4801,-0.5772,-0.5839,-0.6319,-0.7383,-0.8343,-0.8728,-0.8595,-0.8211,-0.7007,-0.7009,-0.6999,-0.6977,-0.6941,-0.6888,-0.6818,-0.6733,-0.6635,-0.6524,-0.6405,-0.628,-0.6153,-0.6025,-0.5899,-0.5781,-0.5681,-0.562,-0.5627,-0.5765,-0.6165,-0.6823,-0.6937,-0.6041,-0.5101,-0.4645,-0.4707,-0.5292,-0.5901,-0.5872,-0.6039,-0.6589,-0.7177,-0.7535,-0.7612,-0.7491]}]