docs/data/wind_grid.json
[{"header":{"la1":42.85,"la2":41.18,"lo1":11.55,"lo2":14.05,"nx":36,"ny":24,"dx":0.07143,"dy":0.07261,"parameterCategory":2,"parameterNumber":2,"parameterNumberName":"eastward_wind","parameterUnit":"m.s-1"},"data":[-0.4137,-0.4151,-0.4156,-0.4147,-0.4117,-0.4057,-0.3954,-0.3793,-0.3564,-0.3261,-0.2889,-0.2463,-0.2002,-0.1527,-0.1064,-0.0644,-0.0308,-0.0102,-0.0063,-0.0198,-0.0453,-0.0726,-0.0918,-0.0985,-0.0946,-0.0851,-0.0741,-0.0638,-0.0551,-0.0481,-0.0424,-0.0379,-0.0341,-0.0311,-0.0286,-0.0265,-0.4288,-0.4318,-0.4345,-0.4363,-0.4365,-0.434,-0.4269,-0.4126,-0.389,-0.3549,-0.311,-0.2595,-0.2032,-0.1446,-0.0864,-0.0323,0.012,0.0384,0.0379,0.0065,-0.0472,-0.1011,-0.133,-0.1367,-0.1219,-0.1009,-0.0813,-0.0655,-0.0535,-0.0445,-0.0378,-0.0326,-0.0285,-0.0252,-0.0225,-0.0203,-0.443,-0.4477,-0.4528,-0.458,-0.4629,-0.4661,-0.4649,-0.4552,-0.4322,-0.3935,-0.3406,-0.2775,-0.2082,-0.1358,-0.0623,0.0092,0.0719,0.1119,0.1086,0.0455,-0.0664,-0.1756,-0.2248,-0.2093,-0.1655,-0.1224,-0.0894,-0.0665,-0.0509,-0.0402,-0.0326,-0.0269,-0.0224,-0.0188,-0.016,-0.0136,-0.4555,-0.4614,-0.4687,-0.4779,-0.4891,-0.5011,-0.5105,-0.5106,-0.4912,-0.4462,-0.3797,-0.3007,-0.2156,-0.127,-0.035,0.0602,0.1544,0.2281,0.236,0.1221,-0.1161,-0.3535,-0.417,-0.3308,-0.2224,-0.1436,-0.0943,-0.0646,-0.0463,-0.0346,-0.0265,-0.0205,-0.0159,-0.0121,-0.009,-0.0065,-0.465,-0.4706,-0.479,-0.4921,-0.5114,-0.5361,-0.5635,-0.5841,-0.5747,-0.518,-0.4288,-0.3281,-0.2245,-0.1188,-0.0075,0.1162,0.2596,0.4113,0.488,0.3191,-0.1765,-0.7203,-0.7517,-0.4769,-0.2661,-0.1501,-0.0895,-0.0572,-0.0389,-0.0275,-0.0197,-0.0137,-0.0088,-0.0048,-0.0015,0.0012,-0.4702,-0.4725,-0.4784,-0.4938,-0.5231,-0.5648,-0.6177,-0.676,-0.6896,-0.6071,-0.4814,-0.3551,-0.2327,-0.111,0.0162,0.1641,0.3649,0.6597,0.9678,0.813,-0.0223,-0.9654,-0.9345,-0.4949,-0.2419,-0.1249,-0.0704,-0.0436,-0.0288,-0.0194,-0.0124,-0.0065,-0.0014,0.003,0.0066,0.0095,-0.4708,-0.4641,-0.4585,-0.4702,-0.5134,-0.5785,-0.6537,-0.7445,-0.7854,-0.6719,-0.5188,-0.3752,-0.237,-0.1009,0.0364,0.1897,0.4107,0.8146,1.4443,1.3619,0.4422,-0.2671,-0.424,-0.2562,-0.1296,-0.068,-0.0402,-0.0267,-0.0184,-0.0118,-0.0054,0.0007,0.0064,0.0114,0.0155,0.0188,-0.4695,-0.447,-0.4117,-0.4003,-0.4711,-0.5777,-0.6647,-0.7264,-0.7413,-0.664,-0.5363,-0.3903,-0.237,-0.0815,0.0681,0.2051,0.3715,0.6612,1.0436,0.9878,0.6467,0.4022,0.1436,0.0329,0.0035,-0.0065,-0.0119,-0.0137,-0.0116,-0.0066,0.0002,0.0075,0.0145,0.0206,0.0255,0.0291,-0.4734,-0.4383,-0.3652,-0.3019,-0.4244,-0.5898,-0.7008,-0.7508,-0.7505,-0.6963,-0.5764,-0.4147,-0.2383,-0.0467,0.1535,0.2772,0.3364,0.4583,0.6072,0.6818,0.8337,0.7474,0.4056,0.1922,0.0838,0.0268,-0.0024,-0.0135,-0.013,-0.006,0.0038,0.014,0.0233,0.031,0.0369,0.041,-0.4891,-0.4606,-0.4081,-0.3765,-0.478,-0.6475,-0.8019,-0.88,-0.8963,-0.8461,-0.6694,-0.4557,-0.2547,-0.0239,0.3415,0.524,0.368,0.3851,0.4672,0.566,0.7156,0.6562,0.4084,0.2132,0.0867,0.0105,-0.0266,-0.0351,-0.0268,-0.0113,0.0056,0.021,0.0337,0.0435,0.0504,0.0548,-0.5139,-0.5002,-0.4745,-0.4345,-0.4785,-0.7331,-0.9886,-1.0981,-1.0636,-1.0514,-0.7699,-0.4948,-0.2957,-0.1096,0.2635,0.5204,0.3584,0.4204,0.4868,0.4933,0.4903,0.4314,0.2956,0.1433,0.0124,-0.0725,-0.1002,-0.086,-0.0545,-0.0213,0.0074,0.0301,0.0471,0.0591,0.0669,0.0713,-0.5414,-0.5403,-0.5213,-0.4685,-0.5374,-0.891,-1.2988,-1.5376,-1.2815,-1.0412,-0.7697,-0.519,-0.3449,-0.2565,-0.1171,0.1332,0.3476,0.6744,0.7607,0.5679,0.4233,0.3162,0.1892,0.0257,-0.15,-0.2575,-0.2459,-0.1706,-0.0924,-0.0309,0.0135,0.0446,0.0658,0.0794,0.0874,0.0911,-0.5675,-0.5826,-0.5965,-0.6266,-0.759,-1.0761,-1.5415,-1.9853,-1.6768,-1.0911,-0.744,-0.591,-0.4456,-0.2928,-0.2027,0.089,0.4131,1.2997,1.3382,0.685,0.4147,0.2683,0.1161,-0.113,-0.4275,-0.6045,-0.4763,-0.2725,-0.1237,-0.0289,0.0308,0.0686,0.0922,0.1061,0.1129,0.1148,-0.5874,-0.6165,-0.6572,-0.7281,-0.8662,-1.1041,-1.4328,-1.735,-1.5448,-1.0152,-0.7194,-0.7151,-0.696,-0.225,-0.0723,0.2333,0.3763,0.8293,0.9379,0.575,0.3809,0.2583,0.0963,-0.1953,-0.6911,-0.9784,-0.6653,-0.3197,-0.1148,0.0002,0.0667,0.1061,0.1288,0.1405,0.1443,0.1427,-0.5969,-0.6322,-0.6806,-0.7522,-0.8594,-1.0057,-1.1644,-1.2426,-1.101,-0.8439,-0.693,-0.6257,-0.4748,-0.3859,-0.0406,0.3004,0.7424,0.4909,0.449,0.3973,0.3882,0.326,0.1564,-0.1133,-0.5183,-0.7548,-0.5161,-0.2195,-0.0358,0.0672,0.1256,0.159,0.1766,0.1831,0.1816,0.1748,-0.5954,-0.6299,-0.674,-0.731,-0.8019,-0.879,-0.9378,-0.9351,-0.8479,-0.7451,-0.7435,-0.7508,-0.6085,-0.3824,-0.1359,0.2375,0.558,0.322,0.233,0.333,0.6158,0.5324,0.2598,0.0499,-0.1363,-0.2255,-0.1392,0.0026,0.1064,0.1685,0.2046,0.2252,0.2343,0.2333,0.2242,0.21,-0.585,-0.615,-0.6503,-0.6908,-0.7339,-0.7714,-0.7895,-0.7739,-0.7292,-0.6962,-0.7212,-0.6849,-0.6326,-0.5864,-0.326,-0.1047,0.0311,0.0021,-0.023,0.1899,0.6396,0.5444,0.2773,0.1607,0.1319,0.1621,0.2184,0.2595,0.2791,0.2875,0.2927,0.2975,0.2978,0.2882,0.2696,0.2464,-0.5687,-0.5929,-0.6194,-0.6467,-0.6719,-0.6896,-0.6936,-0.6807,-0.6571,-0.6387,-0.6293,-0.6098,-0.6263,-0.6233,-0.552,-0.4897,-0.3015,-0.2702,-0.3592,-0.1282,0.1399,0.2182,0.1873,0.2149,0.3315,0.491,0.5623,0.5196,0.4557,0.4051,0.3737,0.3623,0.3577,0.3415,0.3128,0.2802,-0.5491,-0.5679,-0.587,-0.6049,-0.6195,-0.6277,-0.6269,-0.6172,-0.6021,-0.5871,-0.5743,-0.5653,-0.5741,-0.6319,-0.9506,-1.1025,-0.5574,-0.3644,-0.3748,-0.3384,-0.1668,-0.0189,0.0855,0.2402,0.5027,0.8163,0.8916,0.7518,0.6179,0.5089,0.4331,0.4011,0.3975,0.3806,0.3455,0.3063,-0.5282,-0.5424,-0.5559,-0.5675,-0.5758,-0.5792,-0.5767,-0.5689,-0.5576,-0.5458,-0.536,-0.5334,-0.553,-0.6423,-0.898,-0.9708,-0.6011,-0.4248,-0.5045,-0.5713,-0.336,-0.1776,-0.0326,0.2072,0.5685,0.9141,0.9835,0.9271,0.7663,0.5999,0.477,0.4139,0.4057,0.394,0.3607,0.3208,-0.5073,-0.5178,-0.5272,-0.5346,-0.539,-0.5398,-0.5366,-0.5298,-0.5207,-0.5113,-0.5041,-0.5038,-0.5201,-0.5685,-0.6407,-0.6316,-0.5093,-0.4273,-0.4523,-0.4657,-0.3937,-0.3692,-0.2727,0.0482,0.5263,1.0158,1.4396,1.2825,0.9083,0.6723,0.5258,0.4388,0.4082,0.391,0.3612,0.3244,-0.487,-0.4947,-0.501,-0.5055,-0.5075,-0.5068,-0.5031,-0.4969,-0.4891,-0.481,-0.4746,-0.4727,-0.4788,-0.4937,-0.505,-0.4861,-0.4373,-0.3998,-0.3983,-0.4216,-0.5174,-0.772,-0.8128,-0.2915,0.3987,1.1334,1.8165,1.453,0.8867,0.6812,0.5646,0.4747,0.4216,0.3884,0.3559,0.3211,-0.4677,-0.4731,-0.4772,-0.4797,-0.4801,-0.4783,-0.4743,-0.4684,-0.4612,-0.4536,-0.4468,-0.442,-0.4399,-0.4389,-0.433,-0.4158,-0.3909,-0.3736,-0.3812,-0.441,-0.644,-1.0984,-1.242,-0.5689,0.1918,0.8106,1.1586,0.954,0.6615,0.6345,0.5742,0.493,0.4302,0.3854,0.3483,0.3136,-0.4495,-0.4532,-0.4556,-0.4566,-0.4558,-0.4533,-0.449,-0.4431,-0.4361,-0.4285,-0.4209,-0.4137,-0.4069,-0.3992,-0.3885,-0.3737,-0.3582,-0.3506,-0.3648,-0.4271,-0.5868,-0.8402,-0.8723,-0.4569,0.0738,0.4952,0.7119,0.6933,0.625,0.6121,0.5578,0.4855,0.4238,0.3759,0.3369,0.3027]},{"header":{"la1":42.85,"la2":41.18,"lo1":11.55,"lo2":14.05,"nx":36,"ny":24,"dx":0.07143,"dy":0.07261,"parameterCategory":2,"parameterNumber":3,"parameterNumberName":"northward_wind","parameterUnit":"m.s-1"},"data":[0.7566,0.7378,0.7141,0.6857,0.6532,0.6183,0.5832,0.5505,0.5218,0.4971,0.4746,0.4521,0.428,0.4011,0.3712,0.3381,0.3014,0.2605,0.2152,0.1674,0.1222,0.0882,0.0728,0.0783,0.1002,0.1315,0.1664,0.201,0.2338,0.2642,0.2921,0.3177,0.3413,0.3631,0.3833,0.402,0.7797,0.7599,0.7336,0.7002,0.6602,0.6159,0.5713,0.5315,0.4999,0.4764,0.4573,0.438,0.4153,0.3883,0.357,0.3215,0.281,0.2335,0.1765,0.11,0.0412,-0.0125,-0.0329,-0.0169,0.0237,0.0737,0.1236,0.1694,0.2101,0.2461,0.2782,0.3071,0.3332,0.3571,0.379,0.3991,0.8081,0.7883,0.7595,0.7199,0.6693,0.6101,0.549,0.4962,0.4607,0.4426,0.4327,0.4209,0.4019,0.3755,0.3432,0.3064,0.264,0.2121,0.1427,0.0479,-0.066,-0.1612,-0.1892,-0.1461,-0.0687,0.0112,0.0813,0.1398,0.1888,0.2303,0.2664,0.2982,0.3268,0.3526,0.3761,0.3976,0.8432,0.825,0.7949,0.7489,0.684,0.6008,0.5087,0.4291,0.3869,0.3848,0.3974,0.4008,0.388,0.3623,0.3293,0.2928,0.2531,0.2044,0.1294,-0.0023,-0.2055,-0.3991,-0.4328,-0.317,-0.1701,-0.0478,0.0451,0.116,0.172,0.218,0.2573,0.2917,0.3223,0.35,0.375,0.3978,0.8856,0.8722,0.8443,0.7939,0.7122,0.5929,0.4419,0.299,0.2406,0.2843,0.3498,0.3807,0.375,0.3479,0.313,0.2787,0.2488,0.2205,0.1683,0.0121,-0.3474,-0.772,-0.7811,-0.4971,-0.2506,-0.0867,0.0231,0.1014,0.1612,0.2099,0.2513,0.2876,0.3201,0.3493,0.3758,0.3998,0.9354,0.931,0.9115,0.8637,0.769,0.6061,0.3579,0.0655,-0.0447,0.1281,0.303,0.3697,0.3652,0.3299,0.289,0.2574,0.2448,0.2619,0.2982,0.1848,-0.3108,-0.9925,-0.9576,-0.5423,-0.2574,-0.0877,0.0209,0.0975,0.1567,0.2056,0.2481,0.286,0.3201,0.3509,0.3787,0.4038,0.9902,0.9987,0.9951,0.9629,0.8702,0.6803,0.3458,-0.1542,-0.3735,0.0201,0.3078,0.3831,0.3595,0.3023,0.2469,0.2154,0.221,0.2856,0.4412,0.3993,-0.0422,-0.4785,-0.5527,-0.3562,-0.1762,-0.0519,0.0354,0.1016,0.1562,0.204,0.2471,0.2864,0.3223,0.3548,0.384,0.4102,1.0455,1.0661,1.0768,1.0691,1.0042,0.8331,0.5387,0.1306,-0.0465,0.2335,0.418,0.4268,0.3535,0.2542,0.1665,0.1285,0.1519,0.2205,0.3113,0.253,0.0478,-0.0796,-0.158,-0.1383,-0.0721,-0.0048,0.0538,0.1063,0.1554,0.2023,0.2469,0.2885,0.3266,0.3611,0.392,0.4193,1.0984,1.1268,1.125,1.1027,1.1127,1.0114,0.8288,0.6519,0.5843,0.6154,0.5904,0.4854,0.3396,0.1745,0.0103,-0.0513,0.0275,0.1156,0.154,0.1051,0.0112,0.0048,-0.0133,-0.0204,-0.0044,0.0236,0.0589,0.101,0.1483,0.1977,0.2462,0.2919,0.3335,0.3705,0.4031,0.4315,1.15,1.2011,1.2262,1.2279,1.2954,1.1956,1.0653,0.9914,0.985,0.9503,0.7659,0.5375,0.3149,0.0823,-0.2489,-0.4061,-0.1216,0.0337,0.0856,0.0769,0.0328,0.028,0.032,0.0218,0.0109,0.0114,0.0323,0.0739,0.1286,0.1876,0.2448,0.2972,0.3436,0.3838,0.4182,0.4474,1.1938,1.2873,1.4488,1.7506,1.6981,1.3739,1.2443,1.2093,1.217,1.2427,0.9005,0.5614,0.2699,0.0249,-0.2525,-0.4291,-0.1388,-0.0124,0.0379,0.0671,0.0718,0.0664,0.0511,0.0127,-0.0389,-0.0693,-0.0502,0.0119,0.092,0.1719,0.244,0.3061,0.3586,0.4023,0.4384,0.468,1.2123,1.3185,1.4966,1.7412,1.6871,1.4287,1.3987,1.4545,1.3217,1.1898,0.902,0.5654,0.1972,-0.1709,-0.1591,-0.1251,-0.0889,-0.0801,-0.0514,0.033,0.0813,0.084,0.0436,-0.0533,-0.192,-0.2758,-0.2254,-0.0952,0.0406,0.1557,0.2484,0.3223,0.3813,0.4281,0.465,0.494,1.2012,1.2842,1.3893,1.4766,1.4555,1.4056,1.4954,1.6715,1.5188,1.1935,0.9079,0.6419,0.322,-0.2625,-0.203,-0.1626,-0.1628,-0.2248,-0.2066,0.0009,0.0876,0.0923,0.0217,-0.1706,-0.501,-0.6967,-0.5167,-0.2303,-0.0063,0.1519,0.2659,0.3508,0.415,0.4634,0.4996,0.5266,1.1742,1.2302,1.2869,1.3261,1.3384,1.364,1.4527,1.566,1.4811,1.2391,1.0274,0.7679,0.6294,0.168,-0.0276,-0.5783,-0.3874,-0.1673,-0.0973,0.05,0.1083,0.0999,0.0173,-0.2488,-0.8139,-1.1645,-0.7621,-0.3013,-0.0075,0.1786,0.3057,0.397,0.4634,0.5109,0.5439,0.5666,1.1446,1.1834,1.2197,1.2488,1.2733,1.3075,1.3581,1.3954,1.3769,1.3715,1.3983,1.2633,0.9839,1.2213,0.1439,-0.6812,-0.3278,-0.077,0.0912,0.1381,0.0846,0.0662,0.046,-0.1518,-0.6017,-0.8866,-0.5841,-0.1962,0.069,0.2465,0.3728,0.4648,0.5299,0.5728,0.5992,0.6143,1.1183,1.1475,1.1754,1.2012,1.2271,1.2578,1.2938,1.3336,1.4054,1.6262,2.1211,2.1379,1.6911,1.1152,0.5688,0.0543,-0.0861,0.1619,0.3182,0.2,-0.1819,-0.1102,0.0823,0.0412,-0.145,-0.2646,-0.1696,0.0202,0.1986,0.3464,0.4652,0.5558,0.617,0.6512,0.6657,0.6691,1.0961,1.1201,1.1437,1.1674,1.1927,1.2223,1.26,1.3167,1.428,1.6732,2.0596,1.9693,2.0336,2.0319,1.1268,0.6814,0.5347,0.6528,0.7524,0.4453,-0.1965,-0.0879,0.1883,0.2174,0.1364,0.069,0.0875,0.187,0.3221,0.4567,0.5757,0.6694,0.7265,0.7459,0.7415,0.7284,1.0775,1.0981,1.1192,1.1414,1.166,1.1955,1.2347,1.2932,1.3878,1.5299,1.6689,1.7463,2.0649,2.1063,1.5361,1.3153,1.0725,1.1666,1.4114,0.9945,0.5513,0.4038,0.4199,0.3748,0.2461,0.0917,0.0676,0.2213,0.4081,0.5646,0.6956,0.8006,0.8542,0.8501,0.8192,0.7864,1.0613,1.0797,1.099,1.1197,1.1431,1.1714,1.2079,1.2577,1.3252,1.407,1.4862,1.5628,1.6613,1.7046,1.993,2.1692,1.4655,1.3318,1.451,1.4322,1.0932,0.8152,0.6691,0.5206,0.2503,-0.1996,-0.2964,0.1625,0.4949,0.6789,0.8098,0.9201,0.9687,0.938,0.8824,0.8343,1.047,1.0636,1.0812,1.1004,1.1221,1.1477,1.1792,1.2185,1.266,1.3186,1.3712,1.4237,1.4837,1.594,1.9056,1.9978,1.5435,1.4349,1.8102,2.0181,1.4216,1.0832,0.902,0.7072,0.3821,-0.2039,-0.3365,0.3739,0.6934,0.8259,0.9019,0.9699,1.0033,0.9706,0.915,0.8657,1.034,1.049,1.065,1.0824,1.1019,1.1243,1.1504,1.1809,1.2153,1.2519,1.2889,1.3273,1.3745,1.4491,1.5493,1.5496,1.4299,1.4226,1.6184,1.6834,1.433,1.2867,1.1877,0.9873,0.7587,0.7007,1.0717,1.0739,1.0233,1.0335,1.0098,0.9876,0.9826,0.962,0.9239,0.8834,1.0218,1.0354,1.0499,1.0655,1.0826,1.1017,1.1231,1.1468,1.1724,1.199,1.226,1.2541,1.286,1.3234,1.3543,1.351,1.3245,1.3345,1.3928,1.4217,1.442,1.6034,1.6421,1.3281,1.0833,1.1815,1.5446,1.4071,1.3603,1.3268,1.1872,1.0679,1.0046,0.9673,0.9319,0.8962,1.0103,1.0226,1.0355,1.0493,1.0642,1.0803,1.0978,1.1164,1.1359,1.1558,1.1756,1.1956,1.2157,1.2348,1.2473,1.2486,1.2464,1.2586,1.2916,1.3495,1.5033,1.8512,1.9616,1.5431,1.2442,1.2324,1.3565,1.4936,1.7781,1.669,1.3796,1.1746,1.0592,0.9931,0.9471,0.9092,0.9994,1.0104,1.022,1.0341,1.0469,1.0604,1.0747,1.0895,1.1047,1.1197,1.1344,1.1485,1.1616,1.1726,1.1802,1.1843,1.1897,1.2045,1.2371,1.3046,1.4461,1.6577,1.7036,1.4774,1.2802,1.2426,1.332,1.557,1.8313,1.7247,1.4436,1.2312,1.0995,1.0181,0.963,0.9212]}]