docs/data/wind_grid.json
[{"header":{"la1":42.85,"la2":41.18,"lo1":11.55,"lo2":14.05,"nx":36,"ny":24,"dx":0.07143,"dy":0.07261,"parameterCategory":2,"parameterNumber":2,"parameterNumberName":"eastward_wind","parameterUnit":"m.s-1"},"data":[4.5945,4.5967,4.5993,4.6018,4.6038,4.6044,4.6024,4.5965,4.5854,4.5683,4.545,4.5155,4.4802,4.4394,4.3933,4.3421,4.2861,4.2258,4.1628,4.0999,4.0429,4.0001,3.9788,3.9799,3.998,4.0248,4.0538,4.0811,4.105,4.1251,4.1418,4.1555,4.1669,4.1764,4.1844,4.1914,4.5964,4.5998,4.6041,4.6092,4.6143,4.6185,4.6201,4.617,4.6072,4.5894,4.5635,4.5302,4.49,4.4435,4.3905,4.331,4.2648,4.1917,4.112,4.0275,3.9461,3.8846,3.8603,3.875,3.9145,3.9623,4.0076,4.0463,4.0779,4.103,4.1229,4.1388,4.1516,4.1621,4.1708,4.1784,4.5962,4.6007,4.607,4.615,4.6243,4.6338,4.6412,4.643,4.6354,4.6165,4.5869,4.5483,4.5022,4.4491,4.3887,4.3204,4.2431,4.156,4.0566,3.941,3.8151,3.7141,3.6858,3.7325,3.8135,3.8944,3.9615,4.0134,4.0527,4.0824,4.105,4.1226,4.1364,4.1476,4.1569,4.1649,4.5931,4.5985,4.6066,4.6178,4.6323,4.6495,4.6665,4.6773,4.6738,4.6523,4.6158,4.5696,4.5161,4.4559,4.3879,4.3107,4.2223,4.1217,4.0047,3.852,3.6433,3.4478,3.4182,3.5453,3.7029,3.8302,3.9217,3.986,4.0315,4.0644,4.0886,4.107,4.1214,4.133,4.1425,4.1508,4.5864,4.5921,4.6017,4.6158,4.6361,4.6637,4.6967,4.7253,4.7296,4.7001,4.6501,4.5927,4.5305,4.4625,4.3872,4.3021,4.2034,4.0909,3.9692,3.8001,3.4644,3.0468,3.0438,3.3496,3.6149,3.7876,3.8969,3.9678,4.0156,4.0491,4.0735,4.0919,4.1062,4.1177,4.1273,4.1357,4.5753,4.5812,4.5919,4.6076,4.6318,4.671,4.728,4.7917,4.8125,4.7595,4.6849,4.6142,4.5427,4.4659,4.3835,4.2939,4.1885,4.0621,3.9482,3.8406,3.46,2.8163,2.8562,3.2992,3.6067,3.7858,3.8928,3.9601,4.0048,4.036,4.059,4.0765,4.0902,4.1014,4.1109,4.1193,4.5591,4.5663,4.5811,4.5968,4.6168,4.6615,4.7404,4.846,4.8901,4.8008,4.7068,4.6302,4.5505,4.4602,4.3664,4.2784,4.1837,4.052,3.9227,3.8998,3.6858,3.3257,3.2735,3.4944,3.6934,3.8239,3.906,3.9593,3.996,4.0229,4.0434,4.0596,4.0726,4.0834,4.0926,4.101,4.5356,4.5475,4.5833,4.609,4.5967,4.6275,4.7098,4.8005,4.8335,4.7751,4.7093,4.6434,4.5553,4.4354,4.3057,4.2201,4.1779,4.101,3.9857,3.9154,3.7835,3.6931,3.6695,3.7249,3.8071,3.8744,3.9221,3.9566,3.9837,4.0061,4.0246,4.0398,4.0523,4.0627,4.0718,4.0802,4.499,4.5084,4.5931,4.6911,4.5654,4.5634,4.6634,4.7347,4.7513,4.7354,4.7123,4.6674,4.5706,4.3859,4.1221,4.0015,4.1116,4.1709,4.104,3.9343,3.6629,3.6922,3.8097,3.8588,3.8861,3.9046,3.9208,3.9394,3.9604,3.9814,4.0002,4.0157,4.0282,4.0385,4.0475,4.0561,4.446,4.4064,4.4135,4.4366,4.2886,4.4402,4.6466,4.7345,4.7128,4.6912,4.7228,4.7173,4.6318,4.3737,3.7075,3.348,3.9742,4.2581,4.2563,4.074,3.8068,3.8053,3.9093,3.9317,3.9111,3.8865,3.8793,3.8928,3.9181,3.9453,3.9685,3.9862,3.9994,4.0096,4.0186,4.0276,4.3973,4.2743,4.0198,3.4882,3.6014,4.3097,4.7163,4.8257,4.6547,4.5494,4.7399,4.8018,4.7756,4.6104,3.9051,3.3713,4.1333,4.4617,4.4968,4.3532,4.1657,4.0704,4.0287,3.9562,3.8564,3.7801,3.7653,3.8004,3.8515,3.8968,3.9297,3.9512,3.965,3.9749,3.9837,3.9932,4.3909,4.2452,3.9604,3.5256,3.6764,4.4353,4.9309,5.1169,4.9021,4.721,4.8444,4.9213,4.9571,5.0253,4.8074,4.4927,4.584,4.8392,4.874,4.6422,4.4166,4.2479,4.0938,3.8954,3.6581,3.5063,3.5322,3.6507,3.7636,3.8412,3.8869,3.9112,3.9239,3.9321,3.9403,3.951,4.4355,4.3371,4.1988,4.1003,4.278,4.7117,5.1202,5.3881,5.2355,4.9992,4.9862,5.0869,5.0909,5.1367,5.0132,4.7243,4.7765,5.3441,5.3588,4.8384,4.5396,4.3244,4.0941,3.7423,3.2395,2.95,3.1538,3.4679,3.6782,3.7915,3.845,3.8662,3.8732,3.8774,3.8849,3.8979,4.5055,4.463,4.4305,4.4572,4.6025,4.8453,5.0968,5.2739,5.2109,5.0547,5.0535,5.2616,5.3035,4.8545,4.8022,4.48,4.6419,5.0411,5.1094,4.7939,4.5264,4.3192,4.0808,3.6275,2.8124,2.3366,2.8394,3.3661,3.6433,3.7651,3.8073,3.8125,3.8062,3.8035,3.8113,3.8298,4.5744,4.5675,4.5796,4.631,4.734,4.8724,5.0055,5.0833,5.0689,5.0279,5.0359,5.0869,5.0818,5.1644,4.7747,4.4289,4.8512,4.8431,4.8358,4.6343,4.345,4.2055,4.0929,3.7492,3.0959,2.6988,3.0613,3.4798,3.6933,3.7672,3.7679,3.7384,3.7087,3.6977,3.7102,3.7413,4.6301,4.6407,4.6668,4.7153,4.7867,4.8697,4.9437,4.9883,5.0002,5.0026,5.0044,5.0635,5.0572,5.0224,4.8838,4.8003,4.8886,4.8941,4.8446,4.4888,3.8309,3.902,4.1103,3.9982,3.7144,3.5303,3.6066,3.7445,3.802,3.7795,3.7072,3.6195,3.555,3.5391,3.5697,3.6278,4.6712,4.6888,4.7171,4.7578,4.809,4.8639,4.9126,4.948,4.9711,4.9896,5.0021,5.0342,5.0962,5.111,4.9847,4.9405,4.9855,5.1281,5.1821,4.69,3.7772,3.9001,4.2109,4.2208,4.1384,4.0913,4.0743,4.0184,3.9135,3.7716,3.5965,3.4173,3.3033,3.2999,3.3793,3.4894,4.7001,4.7196,4.7462,4.7799,4.8187,4.8589,4.8958,4.9268,4.9525,4.9755,4.9976,5.0297,5.1041,5.1211,5.0607,5.0713,5.1681,5.583,6.0311,5.3411,4.6902,4.4603,4.4441,4.4147,4.4308,4.5384,4.5267,4.2773,3.9907,3.7224,3.417,3.0902,2.9064,2.963,3.1475,3.341,4.7197,4.739,4.7629,4.7911,4.8222,4.8539,4.884,4.9114,4.9362,4.9592,4.9825,5.0103,5.0442,5.072,5.1418,5.1815,5.2452,5.6189,5.9308,5.7354,5.2578,4.8657,4.6543,4.5491,4.6312,5.0686,5.1612,4.4776,3.9757,3.6312,3.2107,2.6819,2.4131,2.6018,2.9374,3.2222,4.7325,4.7507,4.7721,4.7961,4.8218,4.8481,4.8737,4.8979,4.9207,4.9426,4.9648,4.9892,5.0183,5.0605,5.1336,5.1722,5.2484,5.5278,6.0605,6.2879,5.5488,5.0568,4.775,4.5831,4.566,5.0714,5.2031,4.1483,3.7453,3.5208,3.1268,2.518,2.2094,2.471,2.8693,3.1847,4.7404,4.7572,4.7762,4.797,4.819,4.8413,4.8635,4.8849,4.9056,4.9259,4.9468,4.9697,4.9975,5.035,5.0826,5.1316,5.2218,5.4261,5.7552,5.8319,5.4328,5.1021,4.8752,4.5817,4.2131,3.7034,2.7134,2.8823,3.3479,3.4401,3.2383,2.8273,2.5791,2.7143,2.9944,3.247,4.7447,4.7601,4.777,4.7952,4.8142,4.8336,4.8529,4.8719,4.8905,4.9091,4.9283,4.9494,4.9741,5.0045,5.0413,5.0871,5.1571,5.2656,5.3766,5.371,5.2391,5.1906,5.1326,4.7131,4.0275,2.9574,1.6466,2.3288,3.2661,3.4803,3.4161,3.2184,3.0645,3.0822,3.2148,3.3721,4.7462,4.7602,4.7753,4.7913,4.808,4.8249,4.8418,4.8585,4.8751,4.8918,4.909,4.9276,4.9484,4.9726,5.0009,5.0354,5.079,5.129,5.1639,5.1582,5.1584,5.311,5.3774,4.8724,4.1358,3.337,2.793,3.1375,3.6254,3.6275,3.5596,3.4643,3.3818,3.3681,3.4218,3.5094,4.7456,4.7583,4.7718,4.786,4.8006,4.8153,4.8301,4.8448,4.8594,4.874,4.8888,4.9044,4.9212,4.9395,4.9598,4.9822,5.0059,5.0268,5.0371,5.0376,5.0623,5.1489,5.1287,4.7751,4.2513,3.7562,3.4788,3.5432,3.6854,3.6738,3.6393,3.6008,3.5654,3.5563,3.5814,3.6312]},{"header":{"la1":42.85,"la2":41.18,"lo1":11.55,"lo2":14.05,"nx":36,"ny":24,"dx":0.07143,"dy":0.07261,"parameterCategory":2,"parameterNumber":3,"parameterNumberName":"northward_wind","parameterUnit":"m.s-1"},"data":[0.2341,0.2347,0.2319,0.2255,0.2156,0.2023,0.1856,0.165,0.1398,0.1094,0.0742,0.0345,-0.0091,-0.0566,-0.1083,-0.1642,-0.2239,-0.2862,-0.3491,-0.4088,-0.4592,-0.4915,-0.4983,-0.4785,-0.4379,-0.3856,-0.3294,-0.2742,-0.2227,-0.1757,-0.1335,-0.0958,-0.0623,-0.0326,-0.0063,0.017,0.2629,0.266,0.2648,0.2589,0.2487,0.2352,0.2184,0.1973,0.1701,0.1359,0.095,0.0491,-0.0012,-0.0559,-0.116,-0.1823,-0.255,-0.3333,-0.4154,-0.4981,-0.5733,-0.6241,-0.6325,-0.596,-0.5293,-0.4508,-0.3729,-0.3015,-0.2381,-0.1826,-0.1343,-0.0922,-0.0555,-0.0234,0.0046,0.029,0.2975,0.3046,0.3056,0.3,0.289,0.2749,0.259,0.2392,0.2109,0.1713,0.1223,0.0678,0.0098,-0.0525,-0.1214,-0.1993,-0.2876,-0.3854,-0.4914,-0.6067,-0.7264,-0.8167,-0.828,-0.7549,-0.6397,-0.5206,-0.414,-0.3234,-0.2474,-0.1834,-0.1294,-0.0834,-0.0439,-0.01,0.0192,0.0445,0.3398,0.3535,0.3583,0.3523,0.3382,0.3222,0.3094,0.2961,0.2693,0.2208,0.1574,0.0904,0.0235,-0.0459,-0.123,-0.2135,-0.3205,-0.442,-0.5734,-0.7261,-0.925,-1.1107,-1.1236,-0.9627,-0.7599,-0.5837,-0.444,-0.3342,-0.2467,-0.1757,-0.1171,-0.0681,-0.0268,0.0084,0.0383,0.0639,0.3918,0.4176,0.4301,0.423,0.3998,0.3763,0.3699,0.3773,0.3607,0.2923,0.1999,0.114,0.0383,-0.0358,-0.1188,-0.2211,-0.3511,-0.5059,-0.661,-0.8254,-1.132,-1.5409,-1.532,-1.1788,-0.8521,-0.6179,-0.451,-0.3274,-0.2323,-0.1569,-0.0958,-0.0453,-0.0031,0.0324,0.0624,0.0877,0.4545,0.5036,0.5352,0.5285,0.4827,0.4339,0.4322,0.4927,0.512,0.3898,0.2397,0.1312,0.0512,-0.0224,-0.1059,-0.2151,-0.3695,-0.5798,-0.7829,-0.877,-1.1641,-1.7835,-1.7352,-1.2307,-0.8487,-0.5974,-0.424,-0.2975,-0.2011,-0.1254,-0.0643,-0.0141,0.0276,0.0626,0.0919,0.1164,0.5244,0.6167,0.6981,0.7063,0.6093,0.4913,0.464,0.5886,0.6737,0.4533,0.2438,0.1309,0.0598,-0.006,-0.0839,-0.188,-0.3482,-0.6092,-0.9198,-0.9258,-0.9571,-1.2524,-1.2781,-0.9999,-0.7253,-0.5163,-0.3608,-0.2432,-0.1523,-0.0803,-0.022,0.026,0.066,0.0994,0.1273,0.1503,0.5848,0.7411,0.9378,1.0219,0.8112,0.5463,0.4285,0.4758,0.5126,0.33,0.1776,0.1101,0.0676,0.0129,-0.0616,-0.1487,-0.2712,-0.4812,-0.7313,-0.7842,-0.7978,-0.8419,-0.8297,-0.7143,-0.5511,-0.3967,-0.2688,-0.1671,-0.0867,-0.0221,0.0309,0.0751,0.1122,0.1433,0.169,0.1899,0.6029,0.8012,1.1396,1.4094,0.9864,0.5563,0.3467,0.247,0.1622,0.0752,0.0596,0.0842,0.089,0.0372,-0.0725,-0.1525,-0.1893,-0.2932,-0.4547,-0.6268,-0.8542,-0.8174,-0.6532,-0.5177,-0.385,-0.2612,-0.1564,-0.0726,-0.006,0.0484,0.0941,0.1331,0.1665,0.1946,0.2175,0.2357,0.5565,0.7046,0.9252,1.057,0.7292,0.4545,0.2552,0.0598,-0.1904,-0.2821,-0.0923,0.0781,0.1543,0.1004,-0.1787,-0.3409,-0.1535,-0.1389,-0.2495,-0.4542,-0.7064,-0.6868,-0.5058,-0.354,-0.2234,-0.1117,-0.0249,0.039,0.0883,0.1296,0.1665,0.1997,0.229,0.2538,0.2735,0.2883,0.4711,0.5316,0.5313,0.3675,0.3559,0.3377,0.212,-0.0012,-0.5757,-0.867,-0.22,0.1244,0.3027,0.3359,-0.0218,-0.3067,-0.0388,0.0265,-0.0355,-0.1912,-0.3485,-0.3833,-0.3032,-0.1782,-0.0438,0.0665,0.1335,0.1691,0.1942,0.2196,0.247,0.2748,0.3004,0.3219,0.3381,0.3488,0.3884,0.4085,0.3858,0.3184,0.3098,0.2921,0.2655,0.2364,-0.1682,-0.4783,-0.0791,0.2254,0.505,0.8465,0.617,0.247,0.1848,0.265,0.2381,0.0346,-0.1301,-0.1881,-0.1391,-0.0023,0.1771,0.3054,0.3334,0.3169,0.3074,0.3151,0.3345,0.3587,0.3821,0.4009,0.4132,0.4187,0.3217,0.3309,0.3242,0.3059,0.2865,0.2767,0.3321,0.4659,0.3095,0.0503,0.1049,0.3057,0.5058,1.0169,0.8092,0.356,0.2814,0.598,0.5885,0.1502,-0.075,-0.1399,-0.0641,0.1518,0.4656,0.6466,0.5743,0.4665,0.4172,0.412,0.4289,0.4537,0.4773,0.4941,0.5017,0.5,0.2674,0.2711,0.2668,0.2556,0.2425,0.2455,0.2939,0.3739,0.2903,0.1002,0.099,0.3555,0.4422,0.2101,0.3328,0.2755,0.2271,0.3467,0.3441,0.0217,-0.2116,-0.2591,-0.1097,0.2223,0.7128,0.9604,0.7517,0.5728,0.5109,0.5092,0.5332,0.5649,0.5922,0.6075,0.6081,0.5958,0.222,0.2211,0.2151,0.2045,0.1932,0.1893,0.1967,0.1891,0.1005,-0.0499,-0.1347,-0.0519,0.0234,-0.1509,0.1405,0.2444,0.0106,0.0605,-0.0303,-0.314,-0.6496,-0.6421,-0.3115,0.1226,0.5875,0.8134,0.71,0.6143,0.5936,0.6143,0.6556,0.7019,0.7375,0.7506,0.7392,0.7092,0.1836,0.1791,0.1705,0.1581,0.1432,0.1265,0.1027,0.0522,-0.0574,-0.2642,-0.6005,-0.4881,-0.296,-0.1082,-0.0081,0.0271,-0.0339,-0.09,-0.2728,-0.7392,-1.5988,-1.3666,-0.5923,-0.0375,0.3553,0.5724,0.6434,0.6698,0.6975,0.742,0.8074,0.88,0.9311,0.9382,0.903,0.8429,0.1512,0.1438,0.1327,0.1177,0.0982,0.0724,0.0342,-0.0288,-0.136,-0.3179,-0.5634,-0.4555,-0.362,-0.3385,-0.1969,-0.1592,-0.1774,-0.2821,-0.4513,-0.8287,-1.7485,-1.467,-0.626,-0.0527,0.3531,0.6281,0.7748,0.8261,0.8488,0.898,0.9962,1.1201,1.201,1.1897,1.1054,0.9943,0.1238,0.1143,0.1013,0.0841,0.0617,0.0321,-0.009,-0.0673,-0.1488,-0.2507,-0.3323,-0.3404,-0.3712,-0.3948,-0.4411,-0.4871,-0.404,-0.4837,-0.6182,-0.6224,-0.8349,-0.7657,-0.3609,0.1085,0.5792,0.9834,1.1476,1.0952,1.0355,1.0647,1.2139,1.4411,1.5782,1.514,1.3355,1.1481,0.101,0.09,0.0757,0.0574,0.0342,0.0045,-0.0337,-0.0822,-0.1409,-0.203,-0.2546,-0.2931,-0.346,-0.4721,-0.9155,-1.1122,-0.6114,-0.5179,-0.5726,-0.5292,-0.4985,-0.386,-0.1121,0.3141,0.8945,1.5352,1.6848,1.3896,1.2068,1.2004,1.4097,1.7989,2.0157,1.8441,1.5358,1.2682,0.0822,0.0704,0.0555,0.0371,0.0144,-0.0134,-0.0471,-0.087,-0.1317,-0.178,-0.223,-0.2717,-0.3464,-0.5093,-0.8574,-0.9672,-0.6215,-0.4874,-0.5199,-0.5445,-0.4143,-0.2457,0.0088,0.4181,1.0185,1.6768,1.8147,1.5288,1.3142,1.261,1.4711,1.9357,2.1917,1.9617,1.602,1.3095,0.067,0.0549,0.04,0.0221,0.0008,-0.0245,-0.0539,-0.0872,-0.1237,-0.1622,-0.2033,-0.252,-0.3208,-0.428,-0.5578,-0.5878,-0.4943,-0.4342,-0.4508,-0.4487,-0.3428,-0.2143,-0.0242,0.3575,0.9308,1.5026,1.8679,1.7045,1.3571,1.2226,1.3457,1.6693,1.8724,1.7482,1.4928,1.2578,0.055,0.0429,0.0285,0.0116,-0.0081,-0.0308,-0.0564,-0.0848,-0.1156,-0.1486,-0.1847,-0.2265,-0.2778,-0.3388,-0.3927,-0.4077,-0.3833,-0.3584,-0.3488,-0.328,-0.2967,-0.3297,-0.2891,0.1328,0.7818,1.5045,2.1397,1.7886,1.2111,1.0626,1.1379,1.3141,1.4441,1.4219,1.2967,1.1475,0.0456,0.0339,0.0202,0.0045,-0.0134,-0.0336,-0.0559,-0.0803,-0.1065,-0.1346,-0.1647,-0.1978,-0.2338,-0.2698,-0.2972,-0.3066,-0.2987,-0.2841,-0.2693,-0.2581,-0.292,-0.467,-0.5338,-0.0627,0.5793,1.16,1.4829,1.2197,0.813,0.8404,0.9596,1.0737,1.154,1.1641,1.1105,1.025,0.0386,0.0275,0.0147,0.0003,-0.0159,-0.0337,-0.0532,-0.0741,-0.0963,-0.1196,-0.144,-0.1692,-0.1942,-0.2165,-0.232,-0.2371,-0.232,-0.2202,-0.2062,-0.2004,-0.2317,-0.3216,-0.3075,0.0062,0.4495,0.829,1.0099,0.9162,0.7535,0.7857,0.8701,0.9375,0.9817,0.9915,0.9657,0.9154]}]