docs/data/wind_grid.json
[{"header":{"la1":42.85,"la2":41.18,"lo1":11.55,"lo2":14.05,"nx":36,"ny":24,"dx":0.07143,"dy":0.07261,"parameterCategory":2,"parameterNumber":2,"parameterNumberName":"eastward_wind","parameterUnit":"m.s-1"},"data":[0.3192,0.2904,0.2534,0.2087,0.1585,0.1069,0.0593,0.0213,-0.0033,-0.0136,-0.0117,-0.0012,0.0143,0.0324,0.0519,0.0729,0.0961,0.1229,0.1542,0.1899,0.2269,0.26,0.2846,0.2995,0.307,0.3107,0.3136,0.3173,0.3224,0.3289,0.3366,0.3453,0.3545,0.364,0.3736,0.383,0.3522,0.3213,0.2779,0.2217,0.155,0.0836,0.0164,-0.0365,-0.0677,-0.0761,-0.0667,-0.0471,-0.0234,0.0009,0.0248,0.0485,0.074,0.1043,0.143,0.1913,0.2448,0.2919,0.3217,0.3328,0.3322,0.328,0.3251,0.325,0.328,0.3336,0.3412,0.3501,0.3599,0.37,0.3802,0.3902,0.3994,0.3688,0.3197,0.2492,0.1589,0.0564,-0.0435,-0.1218,-0.1626,-0.164,-0.1384,-0.1022,-0.0657,-0.0332,-0.0049,0.0206,0.0461,0.0772,0.1229,0.1912,0.2767,0.3524,0.3887,0.3862,0.3672,0.3488,0.3372,0.3324,0.3332,0.3381,0.3457,0.3552,0.3658,0.3768,0.3878,0.3984,0.4655,0.4408,0.3894,0.303,0.1795,0.0276,-0.1303,-0.2567,-0.3129,-0.2932,-0.2323,-0.1665,-0.1114,-0.0688,-0.0361,-0.0108,0.0099,0.0335,0.0794,0.1765,0.3287,0.4705,0.5104,0.466,0.4093,0.3694,0.3473,0.3378,0.3369,0.3417,0.35,0.3605,0.3722,0.3844,0.3964,0.408,0.5555,0.548,0.5043,0.4045,0.237,0.0079,-0.2545,-0.4823,-0.5683,-0.4885,-0.3504,-0.2358,-0.1569,-0.104,-0.0678,-0.0445,-0.0351,-0.038,-0.0206,0.1028,0.3859,0.6842,0.7025,0.5567,0.4438,0.3816,0.3513,0.3393,0.3383,0.344,0.3538,0.3661,0.3795,0.3932,0.4065,0.4191,0.6721,0.7021,0.6901,0.5907,0.37,0.0315,-0.4009,-0.8447,-1.0036,-0.759,-0.4739,-0.2971,-0.197,-0.1373,-0.0992,-0.0774,-0.0816,-0.137,-0.2272,-0.1226,0.3276,0.8192,0.804,0.5783,0.4422,0.3758,0.3457,0.3353,0.3365,0.3448,0.3573,0.3721,0.3879,0.4035,0.4184,0.4322,0.8093,0.9076,0.9776,0.9188,0.6366,0.1645,-0.4458,-1.1662,-1.452,-0.9545,-0.5375,-0.3321,-0.2279,-0.1694,-0.1321,-0.1076,-0.1102,-0.1996,-0.4405,-0.3878,0.1288,0.4995,0.5699,0.4754,0.3953,0.3504,0.3299,0.3254,0.3313,0.344,0.3606,0.3791,0.3979,0.416,0.4328,0.4478,0.9427,1.1355,1.3673,1.4426,1.0638,0.4294,-0.2282,-0.8557,-1.0961,-0.7865,-0.5026,-0.3423,-0.2542,-0.2057,-0.1743,-0.1434,-0.1168,-0.1412,-0.242,-0.1429,0.1758,0.3139,0.363,0.3589,0.3341,0.3142,0.3062,0.3099,0.3228,0.3418,0.3642,0.3876,0.4103,0.4315,0.4503,0.4666,1.0298,1.2876,1.676,1.964,1.4395,0.6772,0.0504,-0.4008,-0.6206,-0.6134,-0.487,-0.3602,-0.2866,-0.2537,-0.2394,-0.2097,-0.1362,-0.0671,-0.0099,0.1364,0.3604,0.3515,0.3067,0.2939,0.2823,0.2739,0.2752,0.2881,0.3104,0.3386,0.3688,0.3987,0.4265,0.4511,0.4722,0.4896,1.044,1.2821,1.5787,1.7373,1.409,0.782,0.1688,-0.3153,-0.7397,-0.8717,-0.6081,-0.4015,-0.3328,-0.3198,-0.3285,-0.3328,-0.1792,-0.0334,0.0728,0.1876,0.3136,0.3186,0.2764,0.2516,0.2333,0.2238,0.2311,0.256,0.2929,0.3346,0.376,0.4143,0.448,0.4765,0.4997,0.5179,1.002,1.2054,1.47,1.814,1.6693,0.8423,0.1777,-0.3355,-1.2299,-1.6623,-0.7646,-0.4208,-0.4005,-0.4414,-0.3891,-0.3495,-0.1607,0.0267,0.1371,0.1958,0.2394,0.253,0.2364,0.2037,0.1645,0.1422,0.1578,0.2063,0.2688,0.3315,0.3882,0.4369,0.4774,0.5098,0.5347,0.553,0.9233,1.0935,1.3536,1.715,1.5413,0.7065,0.1446,-0.103,-0.6619,-1.0797,-0.5454,-0.3566,-0.4884,-0.7568,-0.6105,-0.3044,-0.0596,0.198,0.2932,0.2568,0.2417,0.2341,0.2051,0.1372,0.0394,-0.0176,0.0262,0.131,0.2406,0.3344,0.4103,0.4709,0.5183,0.554,0.5796,0.5965,0.8187,0.9257,1.0529,1.125,0.9146,0.4531,0.1087,0.0824,-0.0921,-0.2384,-0.191,-0.22,-0.4226,-0.9041,-0.7377,-0.2495,0.0262,0.5216,0.5598,0.3295,0.2701,0.2452,0.1901,0.0519,-0.1884,-0.3305,-0.1873,0.041,0.2231,0.3541,0.4501,0.522,0.5753,0.6129,0.6371,0.6504,0.7107,0.757,0.7835,0.7428,0.5819,0.3397,0.1301,-0.0,0.0082,0.0868,0.1014,-0.095,-0.2412,-0.7006,-0.3328,-0.1103,-0.0048,0.299,0.4064,0.321,0.2983,0.2797,0.2096,0.0077,-0.4173,-0.6851,-0.3667,0.0066,0.25,0.4071,0.5167,0.5968,0.6541,0.6912,0.7108,0.7169,0.6204,0.6309,0.6178,0.5632,0.4602,0.3334,0.2274,0.1846,0.2604,0.4678,0.628,0.443,0.0074,-0.2959,-0.1255,-0.0752,0.0012,0.128,0.2512,0.3097,0.3498,0.3475,0.2824,0.1076,-0.2395,-0.4592,-0.2037,0.1267,0.3531,0.5054,0.6173,0.7024,0.762,0.7951,0.8049,0.7979,0.5551,0.5505,0.5294,0.4874,0.4285,0.3698,0.3389,0.3738,0.5361,0.9429,1.7155,1.2605,0.7919,0.2526,0.1539,0.0889,0.0711,0.1658,0.2584,0.3497,0.4474,0.4371,0.3797,0.2933,0.1623,0.0958,0.2029,0.3754,0.523,0.6445,0.7525,0.8452,0.9087,0.933,0.9236,0.8945,0.5121,0.5038,0.4862,0.4602,0.4317,0.4136,0.4261,0.4985,0.6785,1.0533,1.6188,1.2973,1.1861,1.1915,0.5922,0.3847,0.2973,0.2646,0.2653,0.3592,0.4672,0.4666,0.4597,0.4642,0.4773,0.5197,0.5857,0.6489,0.7155,0.8031,0.9161,1.0334,1.1092,1.1152,1.0691,1.0038,0.4858,0.4788,0.4676,0.4546,0.4454,0.4494,0.4797,0.553,0.6871,0.8819,1.0454,1.0584,1.2487,1.29,0.9569,0.8425,0.5593,0.2668,0.0661,0.3165,0.4508,0.5013,0.5519,0.6226,0.731,0.8672,0.927,0.8954,0.8877,0.9522,1.0937,1.2736,1.3786,1.3431,1.2316,1.1145,0.4709,0.4666,0.4613,0.4575,0.4594,0.4734,0.5066,0.5662,0.654,0.7571,0.8429,0.9031,0.9833,1.071,1.4664,1.6674,0.868,0.3996,0.2414,0.4687,0.5423,0.604,0.6798,0.7775,0.9385,1.1825,1.2418,1.0752,1.0066,1.064,1.2497,1.5294,1.6771,1.5676,1.3715,1.2026,0.4631,0.4616,0.4609,0.4628,0.4705,0.4877,0.518,0.5635,0.6225,0.6872,0.7476,0.8045,0.8765,1.0221,1.3813,1.4807,0.9404,0.6189,0.6351,0.6958,0.6721,0.762,0.8552,0.9244,1.0332,1.2434,1.2941,1.0993,1.0563,1.1245,1.3157,1.6291,1.7926,1.6484,1.4233,1.2398,0.4597,0.4606,0.4629,0.4682,0.4784,0.4957,0.5217,0.5568,0.5992,0.6454,0.6922,0.7415,0.804,0.8994,1.0163,1.0105,0.8364,0.6969,0.6786,0.7141,0.8327,1.0488,1.1632,1.1142,1.0605,1.0414,0.9497,0.9778,1.0743,1.1625,1.2862,1.4832,1.6021,1.525,1.3669,1.2197,0.4589,0.4615,0.4658,0.4729,0.4839,0.5001,0.5221,0.55,0.5825,0.618,0.6552,0.6952,0.7408,0.7921,0.8317,0.8243,0.7721,0.7328,0.7506,0.8538,1.1345,1.6119,1.7641,1.4186,1.1345,0.9743,0.8308,0.9477,1.1877,1.2616,1.2718,1.3252,1.3736,1.3468,1.263,1.1657,0.4596,0.4635,0.4689,0.4768,0.4878,0.5026,0.5215,0.5443,0.5703,0.5987,0.6287,0.6602,0.6929,0.724,0.7457,0.7509,0.7474,0.761,0.8251,0.9934,1.38,2.0324,2.2159,1.6476,1.2276,1.049,1.0085,1.1934,1.4985,1.446,1.3125,1.2583,1.2446,1.2195,1.1696,1.1059,0.4612,0.4658,0.4719,0.48,0.4906,0.5041,0.5205,0.5397,0.5614,0.5848,0.6095,0.6349,0.6602,0.6838,0.7034,0.7194,0.7393,0.7793,0.8646,1.0347,1.3415,1.7346,1.8346,1.5295,1.2422,1.1165,1.134,1.3183,1.5414,1.4764,1.3193,1.2247,1.1767,1.1409,1.1005,1.0535]},{"header":{"la1":42.85,"la2":41.18,"lo1":11.55,"lo2":14.05,"nx":36,"ny":24,"dx":0.07143,"dy":0.07261,"parameterCategory":2,"parameterNumber":3,"parameterNumberName":"northward_wind","parameterUnit":"m.s-1"},"data":[-0.8187,-0.8236,-0.8334,-0.8483,-0.8677,-0.8904,-0.9147,-0.9389,-0.9619,-0.9833,-1.0031,-1.0218,-1.0393,-1.0556,-1.0704,-1.0832,-1.0934,-1.1007,-1.1047,-1.1058,-1.1055,-1.1064,-1.111,-1.1202,-1.1333,-1.1485,-1.1641,-1.1791,-1.193,-1.2054,-1.2163,-1.2259,-1.2341,-1.2412,-1.2473,-1.2524,-0.786,-0.7895,-0.7998,-0.8174,-0.8418,-0.8708,-0.9015,-0.9311,-0.9576,-0.9809,-1.0017,-1.021,-1.0394,-1.0567,-1.0724,-1.086,-1.0966,-1.103,-1.1043,-1.1005,-1.0936,-1.0888,-1.0914,-1.1033,-1.1216,-1.1423,-1.1626,-1.181,-1.1973,-1.2113,-1.2234,-1.2336,-1.2423,-1.2496,-1.2556,-1.2607,-0.7465,-0.7469,-0.7569,-0.7781,-0.8098,-0.8489,-0.8901,-0.9278,-0.9586,-0.9826,-1.0028,-1.0217,-1.0403,-1.0583,-1.0751,-1.0899,-1.1012,-1.1072,-1.1054,-1.0937,-1.074,-1.0568,-1.0565,-1.0757,-1.1048,-1.1348,-1.1616,-1.1843,-1.2032,-1.2189,-1.2319,-1.2427,-1.2517,-1.259,-1.265,-1.2698,-0.6981,-0.6922,-0.6997,-0.7249,-0.7681,-0.8241,-0.8837,-0.9354,-0.9711,-0.9922,-1.0078,-1.0241,-1.0419,-1.0602,-1.078,-1.0943,-1.1077,-1.1151,-1.1113,-1.0887,-1.0436,-0.9974,-0.9939,-1.034,-1.0846,-1.1285,-1.1631,-1.1902,-1.2116,-1.2287,-1.2424,-1.2535,-1.2624,-1.2696,-1.2753,-1.2798,-0.639,-0.6201,-0.6194,-0.6477,-0.7084,-0.7934,-0.887,-0.9666,-1.0086,-1.0162,-1.0181,-1.028,-1.0439,-1.0618,-1.08,-1.0983,-1.1156,-1.1285,-1.1287,-1.0978,-1.0094,-0.8948,-0.8956,-0.9869,-1.0702,-1.129,-1.1703,-1.2006,-1.2235,-1.2413,-1.2552,-1.2662,-1.2748,-1.2816,-1.2868,-1.2907,-0.5687,-0.5241,-0.5009,-0.5264,-0.6137,-0.7463,-0.8993,-1.0398,-1.0941,-1.0593,-1.0316,-1.0324,-1.0459,-1.062,-1.079,-1.0986,-1.122,-1.1465,-1.1637,-1.1418,-1.0227,-0.8316,-0.844,-0.9804,-1.0799,-1.1434,-1.1862,-1.2169,-1.2397,-1.2571,-1.2705,-1.2809,-1.2888,-1.2949,-1.2994,-1.3026,-0.4926,-0.4012,-0.3204,-0.3218,-0.4542,-0.6604,-0.8865,-1.1155,-1.1969,-1.0927,-1.0378,-1.0359,-1.0483,-1.0596,-1.0702,-1.0885,-1.1194,-1.1577,-1.1943,-1.1885,-1.1077,-0.9963,-0.9804,-1.0528,-1.1225,-1.1739,-1.2115,-1.2393,-1.2603,-1.2762,-1.2884,-1.2976,-1.3045,-1.3095,-1.313,-1.3153,-0.4303,-0.2712,-0.061,0.0305,-0.2072,-0.531,-0.7903,-1.0117,-1.1009,-1.052,-1.0324,-1.0422,-1.0543,-1.053,-1.0421,-1.0516,-1.0959,-1.1488,-1.182,-1.185,-1.1748,-1.1522,-1.1305,-1.1456,-1.18,-1.2147,-1.2439,-1.267,-1.2849,-1.2985,-1.3088,-1.3164,-1.3218,-1.3255,-1.3277,-1.3288,-0.4181,-0.22,0.1516,0.4644,-0.0121,-0.445,-0.6606,-0.8299,-0.9597,-1.0264,-1.0467,-1.0618,-1.073,-1.044,-0.9627,-0.9374,-1.0353,-1.133,-1.1828,-1.2022,-1.213,-1.2102,-1.2029,-1.2124,-1.2341,-1.2585,-1.2806,-1.2986,-1.3127,-1.3235,-1.3314,-1.337,-1.3406,-1.3425,-1.3432,-1.3429,-0.4781,-0.3568,-0.1462,-0.0101,-0.3853,-0.5033,-0.5347,-0.697,-1.0235,-1.1996,-1.1208,-1.1004,-1.1237,-1.0676,-0.7808,-0.6152,-0.9479,-1.1381,-1.2105,-1.23,-1.2252,-1.2285,-1.2441,-1.2626,-1.2829,-1.3025,-1.3191,-1.3324,-1.3427,-1.3505,-1.3558,-1.359,-1.3604,-1.3604,-1.3594,-1.3575,-0.5718,-0.5808,-0.7367,-1.2347,-1.1499,-0.5722,-0.2678,-0.3905,-1.3086,-1.7716,-1.202,-1.1374,-1.2324,-1.2507,-0.9067,-0.6311,-1.021,-1.2104,-1.2772,-1.2866,-1.2789,-1.2801,-1.2939,-1.3121,-1.3302,-1.3456,-1.3575,-1.3667,-1.3739,-1.3788,-1.3816,-1.3822,-1.3812,-1.3789,-1.3758,-1.3721,-0.6374,-0.6925,-0.8843,-1.2364,-1.0993,-0.3635,0.3171,0.6588,-0.3525,-1.1872,-1.0338,-1.1387,-1.3793,-1.6778,-1.4566,-1.2125,-1.2414,-1.3573,-1.3978,-1.3685,-1.3475,-1.3425,-1.349,-1.3612,-1.3739,-1.3836,-1.3915,-1.3989,-1.4049,-1.4082,-1.4084,-1.4062,-1.4023,-1.3973,-1.3919,-1.3863,-0.6589,-0.6858,-0.751,-0.791,-0.5812,-0.0223,0.7963,1.7507,0.9058,-0.2853,-0.823,-1.097,-1.343,-1.7618,-1.5467,-1.3141,-1.3344,-1.5267,-1.5398,-1.4413,-1.4084,-1.3999,-1.4003,-1.4033,-1.4028,-1.4019,-1.412,-1.4264,-1.436,-1.4389,-1.4365,-1.4306,-1.423,-1.4149,-1.407,-1.3995,-0.6584,-0.6478,-0.6276,-0.5517,-0.3426,0.0468,0.5922,1.0586,0.7108,-0.2061,-0.7449,-1.0499,-1.1656,-1.5233,-1.3196,-1.0975,-1.306,-1.5001,-1.5167,-1.4775,-1.4594,-1.4526,-1.4478,-1.4377,-1.4095,-1.3879,-1.4186,-1.4541,-1.4712,-1.4732,-1.4661,-1.4547,-1.4421,-1.4303,-1.4199,-1.4107,-0.6584,-0.6271,-0.5769,-0.4853,-0.3276,-0.0995,0.1515,0.2683,0.0341,-0.3635,-0.5994,-0.8042,-1.0859,-1.2199,-1.2292,-1.0986,-2.1096,-1.6584,-1.5472,-1.521,-1.5088,-1.502,-1.4957,-1.4824,-1.4472,-1.4213,-1.4601,-1.5038,-1.5197,-1.5138,-1.4967,-1.4761,-1.4569,-1.4411,-1.4287,-1.4188,-0.6685,-0.632,-0.5806,-0.5062,-0.4052,-0.2897,-0.1993,-0.2004,-0.3155,-0.3946,-0.1986,-0.3625,-0.6852,-1.0718,-1.2262,-1.5298,-1.9784,-1.7177,-1.6285,-1.5827,-1.5271,-1.5281,-1.5416,-1.5478,-1.5466,-1.5504,-1.577,-1.5975,-1.59,-1.5618,-1.5252,-1.4899,-1.462,-1.4431,-1.431,-1.4223,-0.689,-0.6558,-0.6139,-0.5621,-0.5034,-0.4497,-0.4217,-0.4375,-0.4776,-0.4488,-0.2664,-0.4529,-0.7093,-0.8305,-1.1425,-1.3933,-1.5959,-1.7398,-1.8309,-1.7065,-1.542,-1.5505,-1.5916,-1.6292,-1.6809,-1.7375,-1.766,-1.7423,-1.6831,-1.6124,-1.5437,-1.4863,-1.4486,-1.4307,-1.424,-1.4204,-0.717,-0.6903,-0.6598,-0.6268,-0.595,-0.5719,-0.5662,-0.5802,-0.5996,-0.5986,-0.5984,-0.6902,-0.7778,-0.8453,-1.1413,-1.3399,-1.5705,-2.0018,-2.3824,-1.9648,-1.7207,-1.6542,-1.6656,-1.7275,-1.8546,-2.0166,-2.0614,-1.9413,-1.7879,-1.6549,-1.5414,-1.4521,-1.4055,-1.3993,-1.4075,-1.4139,-0.7489,-0.7292,-0.7089,-0.6894,-0.6739,-0.6664,-0.6703,-0.6854,-0.7064,-0.7299,-0.7679,-0.8364,-0.9222,-1.0531,-1.2453,-1.3051,-1.5356,-1.9634,-2.234,-2.0429,-1.858,-1.751,-1.7396,-1.8199,-2.0351,-2.3968,-2.4776,-2.1438,-1.8683,-1.6765,-1.5187,-1.3901,-1.3376,-1.3574,-1.3883,-1.4066,-0.7822,-0.7688,-0.7564,-0.7464,-0.741,-0.7423,-0.7519,-0.77,-0.7954,-0.8289,-0.8756,-0.9409,-1.0282,-1.1454,-1.265,-1.3254,-1.5136,-1.8056,-2.079,-2.1588,-1.9248,-1.8007,-1.7855,-1.8619,-2.0758,-2.466,-2.5548,-2.1458,-1.8674,-1.6692,-1.5038,-1.3616,-1.3076,-1.3409,-1.3816,-1.4046,-0.8152,-0.807,-0.8007,-0.7973,-0.7983,-0.8051,-0.8187,-0.8395,-0.8678,-0.9047,-0.9529,-1.0149,-1.0928,-1.1847,-1.2778,-1.3723,-1.5184,-1.7204,-1.9272,-1.986,-1.8738,-1.8106,-1.809,-1.852,-1.9684,-2.0964,-2.0642,-1.9718,-1.7826,-1.6183,-1.5027,-1.406,-1.3591,-1.3699,-1.3942,-1.4102,-0.8469,-0.8429,-0.8411,-0.8423,-0.8477,-0.8581,-0.8744,-0.897,-0.9265,-0.964,-1.0106,-1.0677,-1.1356,-1.2125,-1.2955,-1.3885,-1.5032,-1.6354,-1.7512,-1.8025,-1.8065,-1.8366,-1.8532,-1.8384,-1.8749,-1.9397,-1.9978,-1.8845,-1.5911,-1.4783,-1.4621,-1.4377,-1.4136,-1.4084,-1.4142,-1.4199,-0.8768,-0.876,-0.8776,-0.8822,-0.8905,-0.9034,-0.9213,-0.9448,-0.9745,-1.0109,-1.0549,-1.1068,-1.1666,-1.2336,-1.3072,-1.3886,-1.4791,-1.5728,-1.6553,-1.7172,-1.7803,-1.8748,-1.9019,-1.8329,-1.81,-1.8256,-1.8104,-1.575,-1.2181,-1.2638,-1.3834,-1.4278,-1.4329,-1.4302,-1.4291,-1.4284,-0.9045,-0.9063,-0.9104,-0.9174,-0.9277,-0.9421,-0.9609,-0.9847,-1.0137,-1.0485,-1.0894,-1.1365,-1.1898,-1.2488,-1.3132,-1.3827,-1.4562,-1.5302,-1.5996,-1.6649,-1.7368,-1.8135,-1.8344,-1.7888,-1.7495,-1.7176,-1.633,-1.4067,-1.1664,-1.2228,-1.3513,-1.4152,-1.4354,-1.4386,-1.4369,-1.4338]}]