docs/data/wind_grid.json
[{"header":{"la1":42.85,"la2":41.18,"lo1":11.55,"lo2":14.05,"nx":36,"ny":24,"dx":0.07143,"dy":0.07261,"parameterCategory":2,"parameterNumber":2,"parameterNumberName":"eastward_wind","parameterUnit":"m.s-1"},"data":[-1.2124,-1.2178,-1.221,-1.2218,-1.2198,-1.2144,-1.2042,-1.1875,-1.1631,-1.1312,-1.094,-1.0549,-1.017,-0.9825,-0.9521,-0.9255,-0.9015,-0.8785,-0.8549,-0.8305,-0.8072,-0.7889,-0.7795,-0.7799,-0.7875,-0.7985,-0.8096,-0.8193,-0.827,-0.8329,-0.8371,-0.8401,-0.8423,-0.8438,-0.8448,-0.8457,-1.2418,-1.2502,-1.2562,-1.2599,-1.2612,-1.2597,-1.2533,-1.2382,-1.2109,-1.1709,-1.1223,-1.0712,-1.0233,-0.9816,-0.9469,-0.918,-0.8926,-0.8676,-0.8396,-0.8067,-0.7715,-0.7431,-0.7314,-0.7382,-0.7563,-0.777,-0.7954,-0.8097,-0.8201,-0.8274,-0.8325,-0.8359,-0.8381,-0.8397,-0.8408,-0.8416,-1.2754,-1.2877,-1.2972,-1.3043,-1.3101,-1.3156,-1.3183,-1.3101,-1.2812,-1.2286,-1.1608,-1.0909,-1.0286,-0.9778,-0.9385,-0.9085,-0.8838,-0.8588,-0.8264,-0.78,-0.7207,-0.6691,-0.6537,-0.6771,-0.7168,-0.7539,-0.7821,-0.8017,-0.8146,-0.8231,-0.8285,-0.8319,-0.8342,-0.8356,-0.8367,-0.8374,-1.3141,-1.3317,-1.3453,-1.3556,-1.3664,-1.383,-1.4053,-1.4178,-1.3923,-1.317,-1.2138,-1.1129,-1.0301,-0.9682,-0.925,-0.8961,-0.8757,-0.8554,-0.8226,-0.7584,-0.6495,-0.5388,-0.5205,-0.5902,-0.6727,-0.7339,-0.7732,-0.7971,-0.8115,-0.8201,-0.8252,-0.8284,-0.8303,-0.8315,-0.8323,-0.8329,-1.3589,-1.3844,-1.4033,-1.4153,-1.4281,-1.4581,-1.5189,-1.5877,-1.5825,-1.4572,-1.2828,-1.1319,-1.0222,-0.9483,-0.9025,-0.8782,-0.868,-0.8609,-0.8401,-0.7677,-0.5737,-0.315,-0.3116,-0.495,-0.6424,-0.7272,-0.773,-0.7977,-0.8111,-0.8185,-0.8226,-0.8249,-0.8262,-0.827,-0.8275,-0.828,-1.4106,-1.4491,-1.4775,-1.489,-1.4928,-1.5265,-1.6445,-1.8485,-1.9151,-1.6619,-1.3506,-1.1332,-0.9963,-0.9116,-0.8649,-0.8493,-0.8571,-0.8744,-0.883,-0.8434,-0.6106,-0.1761,-0.2022,-0.4881,-0.6618,-0.7452,-0.7848,-0.8038,-0.8131,-0.8178,-0.8201,-0.8212,-0.8217,-0.822,-0.8222,-0.8225,-1.4676,-1.5284,-1.5785,-1.5921,-1.5658,-1.565,-1.7036,-2.074,-2.2728,-1.804,-1.3506,-1.0932,-0.9434,-0.8508,-0.8014,-0.7969,-0.8324,-0.8838,-0.9112,-0.913,-0.8481,-0.6041,-0.539,-0.6585,-0.7456,-0.7875,-0.8056,-0.8129,-0.8157,-0.8166,-0.8168,-0.8166,-0.8164,-0.8161,-0.8161,-0.8162,-1.5221,-1.6142,-1.7094,-1.7471,-1.6651,-1.571,-1.6057,-1.8345,-1.9441,-1.5738,-1.218,-1.004,-0.8636,-0.7594,-0.6918,-0.6928,-0.7709,-0.8746,-0.9424,-1.0286,-1.2383,-1.1949,-0.9843,-0.8822,-0.8487,-0.8345,-0.8257,-0.8197,-0.8158,-0.8133,-0.8116,-0.8105,-0.8096,-0.809,-0.8087,-0.8088,-1.56,-1.6764,-1.8139,-1.8966,-1.7629,-1.568,-1.449,-1.4122,-1.3435,-1.1832,-1.0274,-0.8961,-0.773,-0.6393,-0.4943,-0.4691,-0.6441,-0.845,-1.0122,-1.2774,-1.7805,-1.6751,-1.2471,-1.0196,-0.9142,-0.8614,-0.8331,-0.8178,-0.8099,-0.8059,-0.8037,-0.8023,-0.8011,-0.8003,-0.7999,-0.8,-1.5714,-1.6931,-1.819,-1.8795,-1.8081,-1.5688,-1.334,-1.1596,-0.9911,-0.895,-0.8756,-0.8084,-0.6986,-0.5308,-0.1722,0.0126,-0.4807,-0.8353,-1.0497,-1.2803,-1.5998,-1.5452,-1.2405,-1.034,-0.9177,-0.8526,-0.8181,-0.8019,-0.7956,-0.7934,-0.7924,-0.7915,-0.7905,-0.7896,-0.7892,-0.7894,-1.5565,-1.6874,-1.8737,-2.1582,-2.076,-1.5887,-1.2521,-1.0438,-0.779,-0.6615,-0.7907,-0.7556,-0.6524,-0.5194,-0.2089,0.0227,-0.5617,-0.969,-1.1586,-1.2214,-1.2679,-1.2301,-1.0973,-0.963,-0.8632,-0.802,-0.7749,-0.7693,-0.7722,-0.776,-0.7781,-0.7784,-0.7775,-0.7765,-0.776,-0.7765,-1.5125,-1.6368,-1.8331,-2.105,-2.0002,-1.4883,-1.173,-1.0543,-0.8949,-0.7658,-0.796,-0.7369,-0.6155,-0.4826,-0.4894,-0.5733,-0.8954,-1.4129,-1.5628,-1.3314,-1.1669,-1.0643,-0.964,-0.8581,-0.7609,-0.7031,-0.699,-0.7208,-0.7424,-0.7559,-0.7619,-0.763,-0.7617,-0.7601,-0.7595,-0.7605,-1.4408,-1.5259,-1.6295,-1.6979,-1.5778,-1.3056,-1.1194,-1.0864,-1.0374,-0.9098,-0.8279,-0.7657,-0.6515,-0.4451,-0.503,-0.7005,-1.0729,-2.2728,-2.3293,-1.4715,-1.1136,-0.9518,-0.8504,-0.7459,-0.6178,-0.5467,-0.5938,-0.6665,-0.714,-0.7374,-0.7455,-0.7453,-0.7419,-0.7388,-0.7381,-0.7401,-1.3575,-1.4003,-1.432,-1.42,-1.3303,-1.1956,-1.098,-1.0701,-1.0313,-0.9315,-0.8502,-0.8248,-0.7862,-0.4462,-0.6001,-0.6136,-0.8974,-1.6342,-1.7949,-1.2721,-0.9429,-0.7936,-0.7335,-0.6583,-0.5005,-0.4006,-0.5136,-0.6353,-0.6996,-0.7254,-0.7298,-0.7238,-0.7154,-0.7098,-0.7092,-0.7136,-1.2795,-1.2947,-1.2945,-1.2664,-1.2061,-1.1315,-1.0709,-1.0314,-0.9871,-0.9346,-0.8938,-0.83,-0.6862,-0.5083,-0.6558,-0.6254,-1.368,-1.1735,-1.1243,-0.8735,-0.5755,-0.5072,-0.5898,-0.6191,-0.5411,-0.4746,-0.5582,-0.6571,-0.7082,-0.7217,-0.7128,-0.694,-0.6764,-0.6674,-0.669,-0.6787,-1.2145,-1.2151,-1.2036,-1.176,-1.1335,-1.0847,-1.0399,-1.0016,-0.969,-0.9617,-1.0268,-0.9096,-0.8306,-0.7282,-0.7778,-0.9627,-1.2633,-1.036,-0.8402,-0.5039,0.0738,-0.0478,-0.4344,-0.6041,-0.6387,-0.6403,-0.6763,-0.7188,-0.7355,-0.723,-0.6887,-0.6463,-0.6135,-0.6023,-0.6117,-0.6331,-1.1628,-1.1567,-1.1419,-1.1176,-1.0854,-1.0495,-1.0145,-0.9836,-0.962,-0.9666,-1.0142,-0.9445,-0.9192,-0.9246,-0.8741,-0.9128,-0.9269,-0.7934,-0.6178,-0.3947,0.1754,0.0164,-0.4206,-0.6318,-0.7211,-0.7636,-0.7879,-0.7928,-0.7727,-0.7237,-0.6477,-0.5633,-0.507,-0.5009,-0.532,-0.5763,-1.1224,-1.1134,-1.0984,-1.0775,-1.0518,-1.0238,-0.9961,-0.9717,-0.9541,-0.9475,-0.9449,-0.9296,-0.9443,-0.954,-0.9495,-0.9499,-0.8405,-0.5506,-0.2726,-0.4732,-0.397,-0.4101,-0.5755,-0.7174,-0.8131,-0.8754,-0.8953,-0.872,-0.8164,-0.7224,-0.5822,-0.4228,-0.3312,-0.3528,-0.4324,-0.5146,-1.0907,-1.0808,-1.0667,-1.0487,-1.0276,-1.0051,-0.983,-0.9632,-0.9475,-0.9368,-0.9293,-0.9251,-0.9331,-0.9642,-1.0916,-1.1469,-0.8921,-0.6113,-0.4575,-0.6839,-0.6823,-0.6771,-0.7372,-0.821,-0.9043,-0.9716,-0.9848,-0.9483,-0.8666,-0.7277,-0.5088,-0.237,-0.1024,-0.189,-0.3407,-0.4652,-1.0658,-1.0559,-1.043,-1.0274,-1.0099,-0.9915,-0.9734,-0.957,-0.9434,-0.9331,-0.9265,-0.9256,-0.9359,-0.9741,-1.0713,-1.0947,-0.9245,-0.8005,-0.8872,-0.9671,-0.8417,-0.8301,-0.8673,-0.9157,-0.9725,-1.0096,-1.0153,-1.0247,-0.9254,-0.7552,-0.4975,-0.1625,-0.0047,-0.1296,-0.3127,-0.4518,-1.046,-1.0365,-1.0249,-1.0114,-0.9966,-0.9813,-0.9664,-0.9526,-0.941,-0.932,-0.9264,-0.9258,-0.9332,-0.9527,-0.9788,-0.97,-0.9105,-0.8668,-0.8923,-0.9174,-0.9158,-0.9671,-1.0086,-1.0135,-1.0442,-1.1362,-1.2891,-1.2022,-0.9827,-0.7937,-0.5836,-0.3286,-0.1896,-0.2487,-0.3742,-0.4832,-1.03,-1.0212,-1.0108,-0.9991,-0.9865,-0.9736,-0.961,-0.9494,-0.9394,-0.9315,-0.9263,-0.9246,-0.9271,-0.933,-0.9365,-0.927,-0.905,-0.8907,-0.9002,-0.933,-1.0154,-1.1683,-1.2212,-1.1265,-1.1014,-1.2283,-1.4637,-1.2736,-0.9213,-0.7755,-0.6708,-0.5328,-0.434,-0.4285,-0.4799,-0.5427,-1.0171,-1.0089,-0.9996,-0.9894,-0.9785,-0.9675,-0.9568,-0.9469,-0.9382,-0.9311,-0.926,-0.9231,-0.9223,-0.9223,-0.9207,-0.915,-0.9077,-0.9076,-0.9253,-0.9763,-1.0981,-1.3091,-1.369,-1.1974,-1.1084,-1.1403,-1.1774,-0.9652,-0.6677,-0.6784,-0.6963,-0.6459,-0.5885,-0.5657,-0.5773,-0.6061,-1.0065,-0.999,-0.9907,-0.9816,-0.9722,-0.9627,-0.9535,-0.9448,-0.9372,-0.9307,-0.9257,-0.9221,-0.9197,-0.9178,-0.9157,-0.9133,-0.913,-0.9201,-0.9426,-0.993,-1.0886,-1.2142,-1.2473,-1.1549,-1.0768,-1.0435,-0.9847,-0.8088,-0.6309,-0.6587,-0.7061,-0.6984,-0.6706,-0.6516,-0.6495,-0.6603]},{"header":{"la1":42.85,"la2":41.18,"lo1":11.55,"lo2":14.05,"nx":36,"ny":24,"dx":0.07143,"dy":0.07261,"parameterCategory":2,"parameterNumber":3,"parameterNumberName":"northward_wind","parameterUnit":"m.s-1"},"data":[-0.7057,-0.7028,-0.6966,-0.6871,-0.6745,-0.6599,-0.6445,-0.6297,-0.6165,-0.6046,-0.5926,-0.5791,-0.5627,-0.5428,-0.5197,-0.4941,-0.4677,-0.4423,-0.4199,-0.402,-0.3891,-0.3808,-0.3762,-0.3744,-0.3749,-0.3774,-0.3816,-0.3871,-0.3937,-0.4009,-0.4086,-0.4165,-0.4245,-0.4323,-0.4399,-0.4472,-0.7245,-0.7224,-0.7158,-0.7041,-0.6878,-0.6682,-0.6477,-0.6294,-0.6153,-0.6049,-0.5957,-0.5845,-0.5687,-0.5474,-0.5209,-0.4902,-0.4577,-0.4264,-0.3996,-0.3798,-0.3675,-0.3611,-0.3583,-0.3577,-0.3592,-0.3628,-0.3684,-0.3756,-0.3839,-0.3929,-0.4022,-0.4115,-0.4208,-0.4298,-0.4385,-0.4467,-0.7471,-0.7468,-0.7401,-0.7257,-0.7035,-0.6752,-0.6453,-0.6199,-0.6044,-0.5985,-0.5962,-0.5906,-0.5773,-0.5552,-0.5245,-0.4871,-0.4458,-0.4059,-0.3732,-0.3524,-0.3438,-0.3426,-0.3429,-0.3425,-0.3436,-0.3477,-0.3547,-0.3638,-0.3741,-0.385,-0.3961,-0.4071,-0.4179,-0.4282,-0.438,-0.4472,-0.7747,-0.7781,-0.7728,-0.7553,-0.7241,-0.6809,-0.6321,-0.5908,-0.5722,-0.5778,-0.5919,-0.5982,-0.5902,-0.568,-0.5327,-0.4863,-0.4322,-0.3783,-0.3366,-0.3172,-0.3208,-0.3346,-0.3385,-0.3324,-0.3288,-0.3321,-0.3405,-0.3518,-0.3645,-0.3777,-0.3908,-0.4036,-0.4159,-0.4277,-0.4387,-0.4489,-0.8081,-0.8194,-0.8192,-0.7997,-0.7561,-0.6881,-0.602,-0.5212,-0.4926,-0.5293,-0.5812,-0.6097,-0.6104,-0.589,-0.549,-0.4914,-0.4182,-0.34,-0.2807,-0.2659,-0.3007,-0.3573,-0.3599,-0.3285,-0.3129,-0.3148,-0.3255,-0.3399,-0.3555,-0.3712,-0.3866,-0.4013,-0.4154,-0.4286,-0.4409,-0.4521,-0.8474,-0.8743,-0.8883,-0.8716,-0.8122,-0.7093,-0.5592,-0.3818,-0.3173,-0.4409,-0.572,-0.6323,-0.642,-0.622,-0.579,-0.5101,-0.4119,-0.2919,-0.1929,-0.1817,-0.2546,-0.3823,-0.3765,-0.3099,-0.2879,-0.2937,-0.3096,-0.3285,-0.3475,-0.3661,-0.3839,-0.4008,-0.4167,-0.4315,-0.4451,-0.4573,-0.8891,-0.9443,-0.9937,-0.9937,-0.912,-0.7692,-0.5591,-0.2447,-0.101,-0.3808,-0.6015,-0.6789,-0.6893,-0.6712,-0.6308,-0.5566,-0.4349,-0.2675,-0.1162,-0.1087,-0.1277,-0.2112,-0.2501,-0.2376,-0.2462,-0.2686,-0.294,-0.3185,-0.3415,-0.363,-0.3833,-0.4023,-0.4202,-0.4367,-0.4517,-0.465,-0.9211,-1.017,-1.1458,-1.2036,-1.0641,-0.8723,-0.6863,-0.4426,-0.3368,-0.5578,-0.7175,-0.7565,-0.7512,-0.7387,-0.7171,-0.6516,-0.5139,-0.3241,-0.1573,-0.0489,0.1666,0.1593,-0.0176,-0.1315,-0.1985,-0.2453,-0.2817,-0.3118,-0.3383,-0.3626,-0.3853,-0.4067,-0.4267,-0.445,-0.4614,-0.4757,-0.9212,-1.0398,-1.2703,-1.4672,-1.1767,-0.9446,-0.8664,-0.8254,-0.843,-0.9055,-0.9008,-0.8515,-0.8164,-0.8207,-0.8621,-0.8369,-0.6553,-0.4264,-0.2016,0.1244,0.6839,0.5803,0.1594,-0.0607,-0.1698,-0.2333,-0.2765,-0.31,-0.3388,-0.3653,-0.3905,-0.4145,-0.4369,-0.4572,-0.4751,-0.4903,-0.8754,-0.9419,-1.0674,-1.1513,-0.9164,-0.9028,-1.003,-1.1238,-1.2845,-1.3206,-1.1118,-0.9352,-0.8643,-0.8908,-1.0879,-1.2018,-0.816,-0.5118,-0.2722,0.0469,0.4624,0.4221,0.1197,-0.0711,-0.1756,-0.2383,-0.2807,-0.3138,-0.3432,-0.3715,-0.3995,-0.4265,-0.4518,-0.4745,-0.4939,-0.5099,-0.8091,-0.7865,-0.657,-0.2826,-0.352,-0.8201,-1.1317,-1.3448,-1.6791,-1.8571,-1.2768,-0.9694,-0.8839,-0.9033,-1.0664,-1.2107,-0.7863,-0.5218,-0.352,-0.1675,0.0129,0.0502,-0.0374,-0.1349,-0.2082,-0.2586,-0.2936,-0.3224,-0.3509,-0.3812,-0.4128,-0.444,-0.4731,-0.4987,-0.5197,-0.5359,-0.7641,-0.7104,-0.5554,-0.284,-0.3842,-0.9082,-1.3277,-1.557,-1.5981,-1.6019,-1.1808,-0.9323,-0.8946,-0.9765,-0.9033,-0.7541,-0.5795,-0.4767,-0.4099,-0.2889,-0.1783,-0.1296,-0.1451,-0.1951,-0.2508,-0.291,-0.3137,-0.334,-0.3608,-0.3943,-0.4315,-0.4689,-0.5034,-0.5325,-0.555,-0.5706,-0.7512,-0.7196,-0.6589,-0.6165,-0.7492,-1.0855,-1.4833,-1.7999,-1.6209,-1.2723,-0.9936,-0.8754,-0.8734,-1.0225,-0.8861,-0.518,-0.383,-0.5078,-0.5064,-0.3163,-0.2099,-0.1656,-0.1756,-0.2277,-0.2988,-0.3392,-0.3392,-0.3453,-0.3712,-0.4111,-0.4577,-0.5048,-0.5469,-0.5803,-0.6034,-0.6167,-0.7538,-0.7503,-0.7517,-0.7893,-0.9089,-1.1212,-1.3891,-1.6176,-1.4797,-1.0756,-0.8369,-0.8605,-0.8939,-0.8401,-0.5379,-0.2195,-0.0951,-0.2562,-0.3432,-0.2267,-0.1308,-0.099,-0.1385,-0.2257,-0.3384,-0.3898,-0.3578,-0.3506,-0.381,-0.4333,-0.4956,-0.5578,-0.6109,-0.649,-0.6705,-0.6778,-0.7555,-0.7673,-0.79,-0.8375,-0.9219,-1.0404,-1.1637,-1.2151,-1.0752,-0.8026,-0.6124,-0.5887,-0.5846,-0.4235,-0.3399,-0.0778,1.0442,0.2099,-0.0884,-0.056,0.0951,0.1021,-0.0306,-0.1725,-0.2976,-0.3546,-0.3379,-0.3431,-0.3897,-0.4644,-0.5525,-0.6389,-0.708,-0.7497,-0.7641,-0.7584,-0.7498,-0.7656,-0.7894,-0.8256,-0.8746,-0.9273,-0.9588,-0.9263,-0.79,-0.5598,-0.2995,-0.3203,-0.3826,-0.395,-0.2524,0.1934,0.7658,0.2027,-0.0585,0.1053,0.5992,0.4843,0.1132,-0.0923,-0.2023,-0.2552,-0.2771,-0.3168,-0.3959,-0.5082,-0.6396,-0.7666,-0.8593,-0.8997,-0.8942,-0.8622,-0.7369,-0.7507,-0.7683,-0.7899,-0.8122,-0.8263,-0.816,-0.7612,-0.6484,-0.481,-0.3073,-0.323,-0.2642,-0.2139,-0.2402,-0.102,-0.0226,-0.2065,-0.3383,-0.007,0.6669,0.5299,0.1362,-0.0491,-0.1195,-0.1408,-0.1726,-0.2572,-0.393,-0.5676,-0.7714,-0.9706,-1.0997,-1.1222,-1.0687,-0.9882,-0.7191,-0.7287,-0.7389,-0.7485,-0.7537,-0.7482,-0.7232,-0.6707,-0.5891,-0.4904,-0.4063,-0.3501,-0.2405,-0.2059,-0.2672,-0.2582,-0.302,-0.6424,-1.0536,-0.4156,0.0411,0.125,0.0218,-0.0493,-0.0335,0.048,0.0404,-0.1386,-0.3775,-0.6417,-0.9564,-1.2844,-1.4686,-1.43,-1.2788,-1.1229,-0.699,-0.7042,-0.7081,-0.7093,-0.7047,-0.6906,-0.6626,-0.6182,-0.5594,-0.4941,-0.4332,-0.3778,-0.3239,-0.2999,-0.3016,-0.3034,-0.3546,-0.5878,-0.7629,-0.311,-0.1429,-0.0723,-0.0683,-0.0592,0.0594,0.373,0.4376,0.0035,-0.3812,-0.7232,-1.155,-1.6669,-1.9189,-1.7554,-1.4683,-1.2318,-0.6786,-0.6799,-0.6792,-0.675,-0.6654,-0.6481,-0.6213,-0.5845,-0.5397,-0.4911,-0.4434,-0.3991,-0.3605,-0.3325,-0.3139,-0.3104,-0.3289,-0.3291,-0.085,0.0621,-0.0979,-0.1032,-0.0936,-0.0821,0.0263,0.3994,0.4887,-0.1218,-0.4872,-0.799,-1.2371,-1.8213,-2.1026,-1.8739,-1.5333,-1.2708,-0.6589,-0.6574,-0.6535,-0.6462,-0.6342,-0.6163,-0.5919,-0.5609,-0.525,-0.4865,-0.448,-0.4115,-0.3788,-0.3516,-0.3315,-0.3199,-0.3056,-0.2532,-0.1234,-0.0563,-0.0815,-0.0498,-0.0399,-0.098,-0.1645,-0.267,-0.6058,-0.6432,-0.7021,-0.8793,-1.1594,-1.5544,-1.7804,-1.6679,-1.4335,-1.2263,-0.6407,-0.6372,-0.6312,-0.6222,-0.6093,-0.592,-0.5699,-0.5435,-0.5136,-0.4819,-0.4498,-0.4188,-0.3902,-0.3649,-0.3434,-0.3235,-0.2968,-0.2504,-0.1841,-0.1209,-0.032,0.1306,0.1727,-0.0284,-0.2814,-0.6096,-0.9735,-0.8925,-0.9472,-1.0208,-1.0913,-1.2498,-1.3781,-1.365,-1.2573,-1.131,-0.6243,-0.6193,-0.6122,-0.6024,-0.5894,-0.573,-0.5532,-0.5302,-0.5047,-0.4778,-0.4504,-0.4235,-0.3979,-0.374,-0.3514,-0.3277,-0.2983,-0.2577,-0.203,-0.1242,0.0256,0.2908,0.3689,0.0542,-0.2861,-0.584,-0.8093,-0.9991,-1.2986,-1.2363,-1.1069,-1.1005,-1.1394,-1.1425,-1.0976,-1.0282,-0.6097,-0.6038,-0.596,-0.5859,-0.5733,-0.558,-0.5401,-0.5198,-0.4977,-0.4744,-0.4505,-0.4268,-0.4036,-0.381,-0.3584,-0.334,-0.3051,-0.2682,-0.2181,-0.143,-0.019,0.1433,0.172,-0.0329,-0.2998,-0.5446,-0.7735,-1.0637,-1.3436,-1.2684,-1.101,-1.028,-1.0137,-1.0051,-0.9801,-0.9401]}]