docs/data/wind_grid.json
[{"header":{"la1":42.85,"la2":41.18,"lo1":11.55,"lo2":14.05,"nx":36,"ny":24,"dx":0.07143,"dy":0.07261,"parameterCategory":2,"parameterNumber":2,"parameterNumberName":"eastward_wind","parameterUnit":"m.s-1"},"data":[-0.5516,-0.5542,-0.5574,-0.5611,-0.5654,-0.5701,-0.575,-0.5803,-0.5864,-0.5948,-0.6078,-0.6278,-0.6562,-0.6916,-0.7279,-0.7544,-0.7612,-0.746,-0.7154,-0.6789,-0.6432,-0.6118,-0.5853,-0.5634,-0.5455,-0.5308,-0.5187,-0.5087,-0.5005,-0.4937,-0.4881,-0.4835,-0.4797,-0.4767,-0.4743,-0.4724,-0.5527,-0.5557,-0.5595,-0.564,-0.5694,-0.5754,-0.5814,-0.5869,-0.5922,-0.5993,-0.6122,-0.6361,-0.6752,-0.7303,-0.7926,-0.841,-0.852,-0.8217,-0.768,-0.7107,-0.6603,-0.6195,-0.5874,-0.5623,-0.5424,-0.5265,-0.5138,-0.5034,-0.495,-0.4882,-0.4827,-0.4783,-0.4747,-0.4719,-0.4698,-0.4681,-0.5539,-0.5572,-0.5616,-0.5673,-0.5745,-0.5829,-0.5913,-0.5979,-0.6016,-0.6047,-0.614,-0.6389,-0.6896,-0.7726,-0.8801,-0.9715,-0.9884,-0.9244,-0.8287,-0.7409,-0.6728,-0.6225,-0.5855,-0.5578,-0.5367,-0.5202,-0.5071,-0.4967,-0.4884,-0.4818,-0.4765,-0.4723,-0.4691,-0.4666,-0.4648,-0.4635,-0.5548,-0.5585,-0.5635,-0.5706,-0.5804,-0.5931,-0.6071,-0.6179,-0.6199,-0.6143,-0.6129,-0.6322,-0.6895,-0.8025,-0.9749,-1.1423,-1.1661,-1.0372,-0.8795,-0.7575,-0.674,-0.6174,-0.578,-0.5494,-0.528,-0.5115,-0.4986,-0.4885,-0.4805,-0.4742,-0.4693,-0.4656,-0.4628,-0.4608,-0.4594,-0.4585,-0.5555,-0.5593,-0.5648,-0.5732,-0.5861,-0.6054,-0.6309,-0.6545,-0.6578,-0.6349,-0.6101,-0.6123,-0.6629,-0.7865,-1.0043,-1.2447,-1.2747,-1.0828,-0.8816,-0.7444,-0.658,-0.6021,-0.564,-0.5367,-0.5162,-0.5005,-0.4882,-0.4787,-0.4712,-0.4655,-0.4612,-0.4581,-0.4559,-0.4545,-0.4536,-0.4533,-0.5561,-0.5596,-0.565,-0.5738,-0.5888,-0.6152,-0.659,-0.7133,-0.729,-0.6719,-0.6044,-0.5775,-0.605,-0.7018,-0.8826,-1.0869,-1.121,-0.9698,-0.807,-0.6953,-0.6243,-0.5774,-0.5446,-0.5203,-0.5017,-0.4872,-0.476,-0.4673,-0.4606,-0.4557,-0.4522,-0.4498,-0.4484,-0.4477,-0.4475,-0.4477,-0.5565,-0.5596,-0.5641,-0.5716,-0.5854,-0.613,-0.6691,-0.7614,-0.8031,-0.6956,-0.5799,-0.5249,-0.5238,-0.5744,-0.6746,-0.7842,-0.8191,-0.7651,-0.6883,-0.6262,-0.5811,-0.5478,-0.5219,-0.5013,-0.4849,-0.4719,-0.4619,-0.4542,-0.4487,-0.4448,-0.4422,-0.4408,-0.4403,-0.4404,-0.441,-0.442,-0.5573,-0.5597,-0.5629,-0.5676,-0.5759,-0.593,-0.6307,-0.6983,-0.7231,-0.6185,-0.5111,-0.4514,-0.4292,-0.4422,-0.488,-0.5476,-0.5883,-0.5963,-0.5838,-0.5636,-0.5413,-0.5193,-0.4988,-0.4811,-0.4664,-0.4547,-0.4459,-0.4396,-0.4353,-0.4326,-0.4314,-0.4312,-0.4317,-0.4329,-0.4344,-0.4361,-0.5587,-0.5607,-0.5628,-0.5649,-0.5667,-0.5678,-0.5678,-0.5618,-0.5284,-0.4657,-0.4111,-0.3642,-0.3255,-0.3116,-0.3355,-0.39,-0.4515,-0.4987,-0.5232,-0.5264,-0.515,-0.4967,-0.4772,-0.4598,-0.4459,-0.4353,-0.4279,-0.4231,-0.4203,-0.4193,-0.4196,-0.4209,-0.4228,-0.4251,-0.4277,-0.4304,-0.561,-0.5633,-0.5655,-0.5671,-0.5665,-0.5596,-0.5363,-0.4763,-0.3721,-0.3131,-0.3174,-0.2792,-0.2096,-0.1628,-0.1836,-0.2691,-0.3778,-0.4688,-0.5182,-0.5254,-0.5073,-0.481,-0.4561,-0.4364,-0.4223,-0.413,-0.4073,-0.4045,-0.4038,-0.4048,-0.407,-0.4101,-0.4137,-0.4175,-0.4212,-0.4249,-0.5643,-0.5675,-0.5712,-0.5753,-0.5794,-0.5805,-0.5662,-0.4886,-0.2515,-0.1435,-0.2616,-0.2103,-0.0719,0.045,0.0134,-0.1561,-0.3595,-0.5234,-0.5907,-0.5692,-0.5165,-0.467,-0.4307,-0.4073,-0.3937,-0.3865,-0.3835,-0.3834,-0.3854,-0.389,-0.3938,-0.3991,-0.4047,-0.4102,-0.4153,-0.4199,-0.5682,-0.5727,-0.5787,-0.5872,-0.6003,-0.6217,-0.6542,-0.6619,-0.4508,-0.2724,-0.2888,-0.1728,0.0646,0.3465,0.2934,-0.0604,-0.4183,-0.729,-0.7931,-0.6577,-0.5264,-0.4397,-0.3905,-0.3666,-0.357,-0.3546,-0.3559,-0.3596,-0.3651,-0.3722,-0.3801,-0.3884,-0.3964,-0.4037,-0.4102,-0.4159,-0.5722,-0.5779,-0.5859,-0.598,-0.6178,-0.6532,-0.7179,-0.8018,-0.7079,-0.4956,-0.3505,-0.1874,0.0197,0.4988,0.4536,-0.0894,-0.529,-1.0658,-1.0763,-0.7167,-0.4892,-0.3693,-0.3193,-0.3073,-0.3101,-0.3167,-0.3241,-0.3327,-0.3428,-0.3543,-0.3666,-0.3786,-0.3895,-0.399,-0.4069,-0.4133,-0.5758,-0.5823,-0.5913,-0.6043,-0.6245,-0.6566,-0.7048,-0.7543,-0.7073,-0.5691,-0.4343,-0.2145,-0.1239,-0.0166,-0.0513,-0.3091,-0.5818,-0.8588,-0.878,-0.5812,-0.3301,-0.2098,-0.1977,-0.2256,-0.2538,-0.2735,-0.288,-0.302,-0.3179,-0.3357,-0.3539,-0.3709,-0.3855,-0.3971,-0.406,-0.4127,-0.5787,-0.5855,-0.5945,-0.6066,-0.6231,-0.6449,-0.6692,-0.6827,-0.6673,-0.653,-0.6461,-0.5499,-0.4088,-0.4746,-0.3572,-0.567,-0.7588,-0.6591,-0.5584,-0.2896,0.0359,0.1055,-0.0167,-0.1308,-0.1954,-0.2271,-0.2461,-0.2655,-0.2895,-0.3167,-0.3437,-0.3676,-0.3864,-0.3998,-0.4088,-0.4149,-0.581,-0.5878,-0.5963,-0.607,-0.6202,-0.6355,-0.6513,-0.6667,-0.6949,-0.786,-0.9861,-0.9562,-0.7908,-0.5939,-0.559,-0.6317,-0.7137,-0.6099,-0.4303,0.008,0.6831,0.575,0.1622,-0.0595,-0.1478,-0.1765,-0.1924,-0.2182,-0.2558,-0.2982,-0.3386,-0.3721,-0.3956,-0.4095,-0.4167,-0.4204,-0.5827,-0.5894,-0.5974,-0.6072,-0.6187,-0.6324,-0.649,-0.6735,-0.7209,-0.8222,-0.9724,-0.9339,-1.0092,-1.056,-0.7695,-0.6898,-0.6574,-0.6005,-0.4838,-0.0516,0.7533,0.6089,0.1535,-0.0583,-0.1147,-0.1073,-0.1089,-0.1499,-0.2147,-0.2824,-0.343,-0.3896,-0.4174,-0.4285,-0.4303,-0.4292,-0.584,-0.5905,-0.5982,-0.6075,-0.6185,-0.6322,-0.6502,-0.6767,-0.7187,-0.7799,-0.8404,-0.8873,-1.0529,-1.0922,-0.9034,-0.844,-0.7332,-0.667,-0.6785,-0.4468,-0.0474,0.06,-0.0521,-0.1149,-0.0751,0.0185,0.0394,-0.0515,-0.1699,-0.2739,-0.3608,-0.4244,-0.4545,-0.4568,-0.4482,-0.4397,-0.5847,-0.5911,-0.5986,-0.6076,-0.6184,-0.6319,-0.6494,-0.6732,-0.7052,-0.7445,-0.7858,-0.8332,-0.8963,-0.9353,-1.0567,-1.1186,-0.8421,-0.7148,-0.7117,-0.698,-0.4922,-0.315,-0.2445,-0.178,-0.0242,0.2178,0.2668,0.0456,-0.1458,-0.2784,-0.3872,-0.468,-0.4968,-0.4853,-0.4644,-0.4486,-0.585,-0.5913,-0.5985,-0.6071,-0.6175,-0.6302,-0.646,-0.6661,-0.6907,-0.7192,-0.7503,-0.7853,-0.8263,-0.8873,-1.0178,-1.0512,-0.8563,-0.7676,-0.8846,-0.9589,-0.6835,-0.4833,-0.3674,-0.2517,-0.062,0.2315,0.2918,-0.0181,-0.1879,-0.2979,-0.4016,-0.4853,-0.5124,-0.4952,-0.4702,-0.452,-0.5849,-0.5909,-0.5978,-0.6059,-0.6155,-0.6271,-0.6409,-0.6575,-0.6768,-0.6985,-0.7223,-0.7486,-0.7797,-0.8209,-0.8674,-0.8632,-0.7947,-0.7602,-0.8123,-0.82,-0.6706,-0.54,-0.4566,-0.3536,-0.2242,-0.1647,-0.3073,-0.3102,-0.2888,-0.3273,-0.3954,-0.4593,-0.4861,-0.4791,-0.4625,-0.4489,-0.5842,-0.5899,-0.5964,-0.6039,-0.6127,-0.6228,-0.6347,-0.6483,-0.6636,-0.6804,-0.6983,-0.7175,-0.7382,-0.7593,-0.7731,-0.7647,-0.7364,-0.7151,-0.7099,-0.6814,-0.6114,-0.5657,-0.5437,-0.4577,-0.3594,-0.3715,-0.4903,-0.4355,-0.3597,-0.3551,-0.3879,-0.4266,-0.4495,-0.4535,-0.4483,-0.4419,-0.5832,-0.5884,-0.5944,-0.6013,-0.609,-0.6179,-0.6278,-0.6389,-0.651,-0.6638,-0.677,-0.6903,-0.7028,-0.7125,-0.7154,-0.7073,-0.6901,-0.6709,-0.6504,-0.6198,-0.5848,-0.5828,-0.589,-0.5147,-0.4261,-0.4007,-0.4222,-0.4092,-0.3796,-0.3733,-0.3879,-0.4094,-0.4261,-0.434,-0.4357,-0.4349,-0.5817,-0.5865,-0.592,-0.5981,-0.6049,-0.6124,-0.6207,-0.6296,-0.639,-0.6486,-0.6581,-0.6668,-0.6738,-0.6776,-0.6763,-0.6684,-0.6547,-0.6371,-0.616,-0.5915,-0.5708,-0.5667,-0.5595,-0.5123,-0.452,-0.4164,-0.4052,-0.3968,-0.3874,-0.3856,-0.3929,-0.4049,-0.4161,-0.4238,-0.428,-0.4301]},{"header":{"la1":42.85,"la2":41.18,"lo1":11.55,"lo2":14.05,"nx":36,"ny":24,"dx":0.07143,"dy":0.07261,"parameterCategory":2,"parameterNumber":3,"parameterNumberName":"northward_wind","parameterUnit":"m.s-1"},"data":[0.1066,0.123,0.1415,0.1618,0.1825,0.2017,0.2166,0.2243,0.2232,0.2138,0.1993,0.1839,0.1714,0.1637,0.16,0.1573,0.1518,0.1417,0.1279,0.1128,0.0983,0.0852,0.0738,0.0639,0.0551,0.0471,0.0397,0.0327,0.0259,0.0193,0.0129,0.0065,0.0004,-0.0055,-0.0111,-0.0164,0.1084,0.1281,0.1514,0.1783,0.2076,0.2364,0.2602,0.2732,0.2713,0.2551,0.2303,0.2051,0.1866,0.1781,0.1783,0.1808,0.1769,0.1631,0.143,0.1219,0.1032,0.0875,0.0746,0.0638,0.0545,0.0462,0.0385,0.0312,0.024,0.017,0.0101,0.0033,-0.0033,-0.0097,-0.0157,-0.0213,0.1078,0.1308,0.1597,0.1951,0.2366,0.2812,0.3216,0.3462,0.3445,0.3156,0.2717,0.2292,0.2005,0.1914,0.2003,0.2146,0.2139,0.1917,0.1599,0.1301,0.1062,0.088,0.0738,0.0626,0.0531,0.0447,0.0368,0.0293,0.0218,0.0143,0.0069,-0.0005,-0.0076,-0.0146,-0.0211,-0.0272,0.1036,0.1295,0.1639,0.2093,0.2674,0.337,0.4089,0.4601,0.4621,0.4087,0.328,0.2553,0.2101,0.1994,0.2224,0.2585,0.2626,0.2233,0.1736,0.1338,0.1055,0.0857,0.0713,0.0602,0.0509,0.0427,0.0349,0.0271,0.0192,0.0113,0.0032,-0.0048,-0.0127,-0.0203,-0.0275,-0.034,0.0946,0.1219,0.1605,0.2153,0.2927,0.3983,0.5272,0.6405,0.6594,0.5536,0.4009,0.2791,0.2104,0.194,0.2273,0.2852,0.2929,0.2354,0.1723,0.1277,0.0988,0.0799,0.0667,0.0566,0.0482,0.0404,0.0327,0.0247,0.0165,0.0078,-0.0011,-0.01,-0.0188,-0.0272,-0.035,-0.0422,0.0797,0.106,0.1453,0.2051,0.2979,0.4427,0.6571,0.901,0.9744,0.7532,0.4714,0.2865,0.1941,0.1675,0.1917,0.24,0.2471,0.1992,0.1464,0.1094,0.086,0.0709,0.0605,0.0524,0.0452,0.0381,0.0306,0.0224,0.0135,0.004,-0.006,-0.0161,-0.026,-0.0354,-0.0441,-0.0519,0.0587,0.0806,0.1151,0.1709,0.264,0.4247,0.7026,1.1032,1.2711,0.8799,0.4707,0.2523,0.1537,0.1203,0.1261,0.1476,0.1524,0.1315,0.1043,0.0831,0.0691,0.06,0.0535,0.0481,0.0425,0.0362,0.0289,0.0203,0.0105,-0.0003,-0.0117,-0.0233,-0.0347,-0.0454,-0.0552,-0.0637,0.0323,0.0465,0.0703,0.1109,0.1818,0.3086,0.5327,0.859,0.9838,0.6502,0.33,0.165,0.0892,0.0601,0.0577,0.0668,0.0728,0.07,0.0626,0.0559,0.0517,0.0492,0.0472,0.0447,0.0409,0.0354,0.028,0.0186,0.0075,-0.005,-0.0184,-0.0321,-0.0454,-0.0578,-0.0688,-0.0781,0.0027,0.0067,0.0153,0.0325,0.0655,0.1255,0.2224,0.3299,0.3414,0.2314,0.1238,0.0544,0.0134,-0.0051,-0.0048,0.0065,0.0182,0.025,0.0284,0.0318,0.036,0.0401,0.0429,0.0434,0.0412,0.0363,0.0285,0.0179,0.0048,-0.0102,-0.0264,-0.043,-0.0589,-0.0734,-0.0858,-0.0959,-0.0273,-0.0344,-0.0424,-0.0509,-0.0584,-0.0611,-0.0533,-0.0366,-0.0325,-0.0354,-0.0283,-0.0373,-0.0593,-0.0746,-0.0661,-0.0412,-0.0197,-0.0087,-0.0012,0.0097,0.0228,0.0342,0.0419,0.0453,0.0445,0.0397,0.0309,0.0184,0.0024,-0.0162,-0.0364,-0.0569,-0.0763,-0.0934,-0.1075,-0.1183,-0.0546,-0.0715,-0.0946,-0.1264,-0.1696,-0.2243,-0.2746,-0.265,-0.1509,-0.106,-0.1008,-0.0942,-0.1274,-0.1659,-0.1402,-0.0803,-0.0448,-0.0421,-0.0383,-0.0154,0.012,0.0331,0.0461,0.0519,0.0519,0.0466,0.0362,0.0207,0.0006,-0.0233,-0.0492,-0.0752,-0.0993,-0.1198,-0.1357,-0.1467,-0.0762,-0.1005,-0.1346,-0.1834,-0.2542,-0.3559,-0.4863,-0.5634,-0.3508,-0.1755,-0.1344,-0.1154,-0.1861,-0.3446,-0.2338,-0.0965,-0.0527,-0.1049,-0.1138,-0.0489,0.0072,0.0408,0.0583,0.0652,0.0648,0.0583,0.0455,0.0259,-0.0004,-0.0319,-0.0662,-0.1001,-0.1306,-0.1552,-0.1727,-0.1833,-0.0905,-0.1185,-0.1577,-0.2139,-0.297,-0.4225,-0.607,-0.7984,-0.6357,-0.3011,-0.1355,-0.1026,-0.1358,-0.3428,-0.2007,-0.0349,-0.0105,-0.2266,-0.2328,-0.0659,0.0232,0.0652,0.0826,0.087,0.0846,0.0765,0.0607,0.0354,0.0003,-0.0427,-0.0895,-0.1351,-0.1745,-0.2039,-0.2223,-0.2305,-0.0969,-0.1248,-0.1628,-0.2157,-0.2911,-0.3989,-0.5431,-0.678,-0.5674,-0.251,-0.0786,-0.0998,-0.0926,0.2452,0.0658,0.1661,0.2309,-0.0291,-0.1039,0.003,0.081,0.1179,0.1236,0.1187,0.1127,0.1038,0.0854,0.0526,0.0041,-0.0566,-0.123,-0.1861,-0.2377,-0.2724,-0.2895,-0.2919,-0.0962,-0.1208,-0.1529,-0.1947,-0.2488,-0.3153,-0.3826,-0.403,-0.2897,-0.0856,0.0488,0.0759,0.1637,0.3829,0.2262,0.4865,0.8552,0.349,0.1081,0.112,0.1955,0.2163,0.1827,0.1578,0.1502,0.1458,0.1274,0.084,0.0143,-0.075,-0.1724,-0.2628,-0.3315,-0.3703,-0.3807,-0.3706,-0.09,-0.1097,-0.1335,-0.1617,-0.1928,-0.2214,-0.2332,-0.1999,-0.0952,0.0673,0.2317,0.1942,0.1918,0.2338,0.2391,0.4435,0.6728,0.311,0.0961,0.1675,0.3975,0.3646,0.2406,0.1954,0.201,0.2165,0.2039,0.1426,0.0363,-0.0999,-0.2475,-0.3811,-0.473,-0.5107,-0.503,-0.469,-0.0804,-0.0947,-0.1104,-0.1264,-0.14,-0.1452,-0.1321,-0.0879,-0.0048,0.1108,0.2225,0.2021,0.226,0.2476,0.1946,0.2066,0.1768,-0.04,-0.1872,0.039,0.4115,0.3702,0.2406,0.223,0.2791,0.3495,0.3522,0.2507,0.0769,-0.1345,-0.3617,-0.5639,-0.6855,-0.7069,-0.6591,-0.584,-0.0692,-0.0787,-0.0878,-0.095,-0.0976,-0.0916,-0.0714,-0.0325,0.0252,0.0919,0.1442,0.1703,0.2235,0.2302,0.1281,0.0668,-0.0477,-0.4315,-0.7846,-0.2922,0.0675,0.1707,0.1846,0.2491,0.4081,0.6097,0.6412,0.4283,0.1313,-0.1834,-0.5221,-0.828,-0.9811,-0.9544,-0.8349,-0.7012,-0.058,-0.0635,-0.0678,-0.0694,-0.0663,-0.0562,-0.0364,-0.006,0.0329,0.0737,0.1074,0.1311,0.1459,0.1202,0.0354,0.0043,-0.0848,-0.3852,-0.5785,-0.2587,-0.0744,0.0518,0.1404,0.2693,0.5508,1.0155,1.1055,0.6075,0.1474,-0.2472,-0.6925,-1.1188,-1.2925,-1.1872,-0.9821,-0.7913,-0.0475,-0.0502,-0.0513,-0.0497,-0.0442,-0.0334,-0.0164,0.0065,0.0332,0.0598,0.0818,0.0954,0.095,0.0699,0.024,0.0001,-0.0636,-0.1753,-0.1539,-0.1106,-0.0711,0.03,0.1205,0.237,0.4943,1.0295,1.1434,0.415,0.0141,-0.3154,-0.7619,-1.2274,-1.4046,-1.2652,-1.0295,-0.8206,-0.0383,-0.0391,-0.0382,-0.035,-0.0288,-0.0188,-0.005,0.0121,0.0308,0.0486,0.0625,0.0696,0.0663,0.0502,0.0252,-0.0026,-0.0449,-0.0923,-0.1047,-0.087,-0.0211,0.073,0.1323,0.1615,0.1893,0.093,-0.3989,-0.3793,-0.2598,-0.3735,-0.6821,-1.0408,-1.205,-1.1271,-0.9508,-0.7783,-0.0304,-0.03,-0.0281,-0.0243,-0.0182,-0.0096,0.0014,0.0141,0.0273,0.0394,0.0483,0.052,0.0488,0.0382,0.0214,0.0001,-0.0249,-0.0459,-0.0483,-0.0174,0.066,0.1817,0.216,0.1405,-0.018,-0.4133,-0.937,-0.7338,-0.4329,-0.4023,-0.5585,-0.7723,-0.9001,-0.8912,-0.7996,-0.6871,-0.024,-0.0228,-0.0205,-0.0166,-0.0111,-0.0038,0.0048,0.0143,0.0239,0.0322,0.038,0.04,0.0375,0.0302,0.0191,0.0055,-0.0074,-0.0137,-0.0035,0.0372,0.1282,0.2594,0.2919,0.1639,-0.0392,-0.3287,-0.5772,-0.5483,-0.4182,-0.3857,-0.4584,-0.574,-0.6597,-0.6792,-0.6437,-0.5816,-0.0187,-0.0172,-0.0147,-0.011,-0.0062,-0.0003,0.0065,0.0137,0.0206,0.0265,0.0304,0.0317,0.03,0.0252,0.0183,0.0107,0.0053,0.0065,0.0209,0.0574,0.1235,0.202,0.2167,0.1276,-0.0204,-0.1913,-0.3231,-0.3576,-0.3379,-0.3381,-0.3804,-0.4451,-0.5,-0.5237,-0.515,-0.4845]}]