docs/data/wind_grid.json
[{"header":{"la1":42.85,"la2":41.18,"lo1":11.55,"lo2":14.05,"nx":36,"ny":24,"dx":0.07143,"dy":0.07261,"parameterCategory":2,"parameterNumber":2,"parameterNumberName":"eastward_wind","parameterUnit":"m.s-1"},"data":[0.7188,0.7133,0.706,0.6973,0.6879,0.6787,0.6713,0.667,0.6672,0.6722,0.682,0.696,0.7135,0.7341,0.757,0.7813,0.8051,0.8255,0.8397,0.845,0.8409,0.8286,0.8105,0.7891,0.7667,0.7446,0.7238,0.7049,0.6879,0.673,0.6601,0.649,0.6395,0.6314,0.6246,0.6188,0.7271,0.7204,0.711,0.699,0.6853,0.6713,0.6592,0.6515,0.6503,0.6564,0.6692,0.6873,0.7097,0.7362,0.7664,0.7996,0.8335,0.864,0.8852,0.8925,0.8849,0.8652,0.8384,0.8086,0.7789,0.751,0.7258,0.7035,0.6842,0.6677,0.6538,0.6421,0.6324,0.6243,0.6176,0.612,0.7384,0.7307,0.7189,0.7029,0.6831,0.6616,0.6416,0.6278,0.6244,0.6328,0.6505,0.6746,0.7032,0.7366,0.7758,0.8212,0.8708,0.918,0.9516,0.9614,0.946,0.9128,0.8717,0.8296,0.7904,0.7553,0.725,0.6992,0.6775,0.6596,0.645,0.6331,0.6234,0.6156,0.6093,0.6041,0.7541,0.7461,0.732,0.7109,0.683,0.6497,0.6161,0.5907,0.5836,0.5973,0.6246,0.6576,0.6936,0.7344,0.7837,0.8449,0.9186,0.9958,1.0533,1.066,1.0323,0.9733,0.9092,0.85,0.7988,0.7557,0.7199,0.6907,0.667,0.6482,0.6332,0.6215,0.6124,0.6052,0.5996,0.5951,0.7758,0.7689,0.7535,0.7272,0.6886,0.6382,0.5807,0.5315,0.5168,0.5447,0.5915,0.6375,0.6811,0.7283,0.7868,0.8659,0.9745,1.1065,1.2143,1.2282,1.1508,1.0438,0.9456,0.8653,0.8009,0.7495,0.7086,0.6764,0.6514,0.6323,0.618,0.6072,0.5991,0.593,0.5885,0.585,0.8053,0.8024,0.7883,0.7581,0.7081,0.6357,0.5411,0.4434,0.411,0.4753,0.5573,0.6183,0.6669,0.7167,0.7801,0.8735,1.0215,1.2414,1.4528,1.4587,1.2872,1.1066,0.9693,0.8683,0.7921,0.7334,0.6884,0.6544,0.6293,0.6113,0.5986,0.5896,0.5834,0.579,0.576,0.5738,0.8443,0.8507,0.8435,0.8137,0.7542,0.6613,0.5306,0.3719,0.3106,0.4286,0.5405,0.6052,0.6513,0.6983,0.7594,0.8536,1.0187,1.3089,1.6417,1.6304,1.3569,1.123,0.9639,0.8516,0.7677,0.704,0.6565,0.6225,0.5992,0.5841,0.5746,0.5688,0.5654,0.5634,0.5623,0.5617,0.8934,0.918,0.929,0.9091,0.8436,0.7353,0.5975,0.4517,0.3965,0.477,0.5519,0.5969,0.6325,0.6724,0.7251,0.8038,0.9422,1.181,1.4504,1.4615,1.2594,1.0672,0.9228,0.8117,0.7242,0.6572,0.6091,0.5776,0.5592,0.5498,0.5458,0.5448,0.5453,0.5463,0.5476,0.5489,0.9496,1.005,1.0564,1.0685,0.9973,0.8578,0.713,0.6,0.5428,0.5397,0.5601,0.5824,0.6051,0.6389,0.6857,0.7426,0.845,0.9991,1.1398,1.1712,1.0927,0.976,0.8585,0.7505,0.658,0.5869,0.5403,0.5158,0.5073,0.5078,0.5124,0.5182,0.5237,0.5284,0.5323,0.5356,1.0026,1.1002,1.2254,1.3232,1.2462,1.0122,0.8152,0.6762,0.5553,0.5051,0.5353,0.5543,0.561,0.5907,0.6594,0.6959,0.7895,0.9345,1.0327,1.0501,0.9981,0.904,0.7895,0.6699,0.5613,0.4816,0.4402,0.4313,0.4415,0.4586,0.4758,0.4903,0.5017,0.5103,0.517,0.5223,1.034,1.1651,1.369,1.6081,1.5429,1.1412,0.8949,0.741,0.4701,0.3513,0.5002,0.5195,0.4883,0.4837,0.6023,0.6856,0.8181,1.0293,1.1316,1.0942,0.9925,0.8664,0.722,0.5637,0.415,0.3171,0.2912,0.3173,0.362,0.4048,0.4387,0.4634,0.4808,0.4931,0.5022,0.5091,1.0276,1.1537,1.346,1.564,1.4904,1.1256,0.9669,0.9388,0.6925,0.4913,0.5277,0.4889,0.396,0.2533,0.3762,0.6528,0.9738,1.3955,1.4941,1.2628,1.0382,0.8496,0.6528,0.4201,0.1825,0.0467,0.0683,0.1713,0.2753,0.3533,0.4061,0.4405,0.4627,0.4776,0.4882,0.4963,0.9867,1.0747,1.1815,1.2549,1.1827,1.0308,1.0102,1.1127,0.9811,0.7028,0.5539,0.4532,0.3883,0.1792,0.287,0.6958,1.1874,2.0273,2.0408,1.4167,1.0667,0.8351,0.5901,0.2489,-0.1684,-0.3808,-0.2306,0.0177,0.2024,0.3169,0.3849,0.4249,0.4488,0.4641,0.4749,0.4837,0.93,0.9795,1.0236,1.0361,0.9975,0.9508,0.9656,1.0296,0.9422,0.6988,0.535,0.3991,0.3854,0.6482,0.5804,0.9283,1.3513,1.7129,1.7235,1.3045,1.0267,0.8277,0.574,0.1506,-0.4719,-0.7855,-0.4521,-0.0591,0.1805,0.311,0.381,0.4184,0.439,0.4517,0.4615,0.4704,0.8739,0.8985,0.9141,0.9118,0.8916,0.8707,0.8651,0.8507,0.7573,0.6001,0.4892,0.4598,0.5231,0.602,0.7188,1.3853,2.0827,1.4999,1.2586,1.0896,0.9902,0.876,0.6429,0.2592,-0.2693,-0.548,-0.2929,0.0339,0.2355,0.342,0.3946,0.4188,0.4302,0.4378,0.446,0.4555,0.8252,0.8359,0.8391,0.8321,0.8158,0.7948,0.7685,0.7214,0.6311,0.4985,0.3547,0.4066,0.4681,0.5693,0.7275,1.2648,1.7547,1.2708,0.992,0.9645,1.1067,1.0275,0.7493,0.4585,0.1787,0.0343,0.1054,0.2455,0.3463,0.3987,0.4175,0.4186,0.4155,0.417,0.4251,0.4373,0.7849,0.7877,0.7848,0.7748,0.7578,0.7338,0.7,0.6491,0.5742,0.4741,0.3712,0.411,0.4463,0.4621,0.5876,0.7793,0.9084,0.7749,0.6542,0.7975,1.1104,1.0286,0.7625,0.5724,0.455,0.4153,0.432,0.4573,0.468,0.4599,0.4354,0.4044,0.3834,0.382,0.3957,0.4152,0.7518,0.75,0.7436,0.7318,0.714,0.6895,0.6565,0.6129,0.5585,0.4999,0.4578,0.4503,0.4378,0.4248,0.3715,0.3667,0.4901,0.4047,0.2412,0.4988,0.7213,0.7514,0.6613,0.5937,0.5934,0.6446,0.6677,0.6317,0.5755,0.5108,0.4352,0.3608,0.3204,0.3272,0.358,0.3911,0.7246,0.7201,0.7118,0.6991,0.6815,0.6585,0.6295,0.5945,0.5553,0.5169,0.486,0.4618,0.4268,0.3285,-0.0208,-0.1649,0.2494,0.3347,0.2828,0.3773,0.4787,0.5291,0.5325,0.565,0.67,0.8135,0.8467,0.7658,0.6637,0.5494,0.4194,0.2901,0.2327,0.265,0.3229,0.3717,0.7021,0.696,0.6868,0.674,0.6574,0.6366,0.6118,0.5835,0.5532,0.5231,0.4939,0.461,0.4066,0.2809,0.0154,-0.0629,0.2133,0.3335,0.3255,0.3145,0.3524,0.3492,0.3661,0.4782,0.6787,0.8612,0.8956,0.8652,0.7378,0.5823,0.4205,0.2603,0.1948,0.2423,0.3122,0.3663,0.6835,0.6766,0.667,0.6546,0.6392,0.6208,0.5995,0.5758,0.5506,0.5244,0.4964,0.462,0.411,0.3292,0.2303,0.2092,0.2832,0.3306,0.3238,0.3011,0.2177,0.0622,0.0386,0.2678,0.6115,0.9321,1.2026,1.0843,0.7923,0.5923,0.4518,0.3274,0.2668,0.2879,0.3356,0.3779,0.668,0.6607,0.6512,0.6394,0.6252,0.6088,0.5902,0.5698,0.548,0.5246,0.4987,0.4678,0.4286,0.3808,0.337,0.3204,0.3278,0.325,0.2893,0.1937,-0.0637,-0.5195,-0.6359,-0.1238,0.4677,0.9932,1.4474,1.1709,0.6763,0.5074,0.4533,0.3982,0.3585,0.3554,0.375,0.3996,0.6551,0.6475,0.6383,0.6272,0.6142,0.5994,0.583,0.565,0.5456,0.5247,0.5016,0.4755,0.4457,0.4139,0.3853,0.3646,0.3463,0.3136,0.2417,0.0783,-0.2995,-0.9519,-1.1353,-0.4257,0.2775,0.7489,0.9641,0.7035,0.3051,0.3306,0.4069,0.4192,0.4082,0.4032,0.4095,0.422,0.6441,0.6367,0.6278,0.6173,0.6054,0.592,0.5772,0.5611,0.5438,0.5251,0.5047,0.4825,0.4584,0.4334,0.4088,0.3842,0.3542,0.3066,0.22,0.055,-0.2452,-0.6345,-0.7123,-0.293,0.1931,0.5143,0.6155,0.4589,0.2517,0.2929,0.3833,0.421,0.4286,0.4296,0.433,0.44]},{"header":{"la1":42.85,"la2":41.18,"lo1":11.55,"lo2":14.05,"nx":36,"ny":24,"dx":0.07143,"dy":0.07261,"parameterCategory":2,"parameterNumber":3,"parameterNumberName":"northward_wind","parameterUnit":"m.s-1"},"data":[0.4341,0.4096,0.3824,0.3531,0.323,0.2945,0.271,0.2562,0.2523,0.259,0.2729,0.2894,0.3043,0.3148,0.3199,0.3202,0.3171,0.3131,0.311,0.313,0.32,0.3315,0.346,0.362,0.3785,0.3948,0.4106,0.4259,0.4408,0.4554,0.4697,0.4836,0.4973,0.5105,0.5233,0.5356,0.4286,0.4,0.3669,0.3294,0.2887,0.2479,0.2127,0.1903,0.1862,0.2003,0.2263,0.2549,0.2789,0.2944,0.3004,0.2982,0.2902,0.2804,0.2738,0.2744,0.2836,0.2996,0.3193,0.3402,0.3606,0.3798,0.3979,0.415,0.4314,0.4474,0.4631,0.4784,0.4934,0.5079,0.5219,0.5352,0.4257,0.3929,0.3532,0.3055,0.2497,0.1891,0.1323,0.0941,0.0885,0.117,0.1653,0.2149,0.253,0.2753,0.2819,0.275,0.2583,0.2378,0.2228,0.2214,0.2355,0.2601,0.2886,0.3164,0.3416,0.3642,0.3845,0.4034,0.4214,0.439,0.4562,0.4731,0.4896,0.5055,0.5208,0.5353,0.4264,0.3901,0.3441,0.2848,0.2091,0.1172,0.0198,-0.0538,-0.0659,-0.0077,0.0851,0.1707,0.2297,0.2602,0.2663,0.2517,0.2202,0.1799,0.1483,0.1444,0.1704,0.2119,0.2546,0.2918,0.3226,0.3483,0.3706,0.391,0.4105,0.4297,0.4487,0.4674,0.4857,0.5034,0.5203,0.5361,0.4318,0.3937,0.3433,0.2738,0.1757,0.0391,-0.1327,-0.2898,-0.3251,-0.1984,-0.0149,0.1293,0.2144,0.2523,0.2557,0.2307,0.1771,0.1005,0.034,0.0284,0.084,0.1574,0.2208,0.2688,0.3045,0.3323,0.3557,0.3772,0.3981,0.4192,0.4404,0.4614,0.482,0.5017,0.5204,0.5377,0.4424,0.4051,0.3545,0.281,0.1667,-0.0173,-0.3022,-0.6423,-0.7527,-0.4625,-0.1102,0.1089,0.2153,0.2541,0.2519,0.2166,0.1389,0.0056,-0.1319,-0.1336,-0.0134,0.1089,0.195,0.251,0.2884,0.3158,0.3388,0.3608,0.3833,0.4067,0.4308,0.4548,0.4783,0.5006,0.5214,0.5405,0.4573,0.4235,0.3785,0.3124,0.2024,0.0034,-0.3635,-0.9294,-1.1769,-0.6352,-0.1162,0.1374,0.2385,0.2645,0.2518,0.2123,0.1287,-0.0436,-0.2619,-0.2533,-0.0628,0.0931,0.1866,0.2407,0.2735,0.2966,0.3173,0.3394,0.3641,0.3912,0.4194,0.4477,0.4749,0.5004,0.5238,0.5449,0.4743,0.4449,0.4095,0.3621,0.2844,0.1353,-0.1512,-0.5947,-0.7754,-0.3436,0.045,0.2224,0.2792,0.2743,0.242,0.2051,0.1525,0.0335,-0.131,-0.1342,0.0062,0.1263,0.1975,0.2352,0.2552,0.2696,0.2864,0.3092,0.3382,0.3712,0.4059,0.4401,0.4723,0.5017,0.5281,0.5513,0.4908,0.4627,0.4328,0.4053,0.3761,0.3175,0.201,0.0582,0.0308,0.1567,0.2751,0.3274,0.3214,0.2701,0.1928,0.1522,0.162,0.1412,0.0885,0.0798,0.1288,0.1824,0.2143,0.2247,0.224,0.225,0.2374,0.2641,0.302,0.3456,0.3902,0.4326,0.4713,0.5054,0.5351,0.5604,0.506,0.4723,0.4315,0.3996,0.4132,0.4569,0.4722,0.4584,0.4514,0.454,0.4422,0.4122,0.3537,0.256,0.0798,-0.0048,0.1303,0.1903,0.1956,0.1985,0.2126,0.2245,0.2196,0.1954,0.1638,0.1455,0.156,0.1952,0.2517,0.3136,0.3732,0.4269,0.4735,0.513,0.5459,0.5732,0.5238,0.4816,0.4143,0.3314,0.3594,0.5386,0.6699,0.689,0.5716,0.5161,0.5291,0.4676,0.3703,0.2626,0.1002,-0.0067,0.1503,0.2052,0.2174,0.2354,0.2493,0.2424,0.2038,0.1317,0.0482,-0.0001,0.0187,0.0916,0.1855,0.2774,0.3582,0.4259,0.4813,0.5262,0.5621,0.5907,0.5512,0.5113,0.444,0.3587,0.4049,0.6534,0.8751,0.975,0.7834,0.618,0.5995,0.5095,0.3626,0.1987,0.2039,0.2149,0.2137,0.1585,0.152,0.2206,0.2597,0.2452,0.1685,0.0198,-0.1658,-0.2682,-0.208,-0.0532,0.1087,0.2445,0.3513,0.4341,0.4982,0.5475,0.5853,0.614,0.5893,0.5661,0.5365,0.5246,0.6042,0.7944,1.0146,1.1928,1.0657,0.8207,0.6835,0.5613,0.425,0.1635,0.2065,0.2872,0.2209,0.0029,0.0039,0.1991,0.2696,0.2466,0.13,-0.1303,-0.5178,-0.7237,-0.5328,-0.2142,0.0453,0.2302,0.3618,0.4575,0.5279,0.5796,0.6172,0.6442,0.6318,0.6272,0.6299,0.6571,0.7329,0.8574,1.0008,1.1129,1.0576,0.9012,0.7841,0.6004,0.5215,0.4238,0.4135,0.3144,0.1816,0.1106,0.1258,0.2582,0.2887,0.2484,0.1219,-0.2162,-0.8339,-1.1724,-0.7812,-0.2913,0.0407,0.2546,0.3995,0.5017,0.5742,0.6249,0.6593,0.6821,0.6715,0.6792,0.6966,0.7317,0.7905,0.8682,0.9466,0.9958,0.9937,0.9937,1.0113,0.9355,0.7728,0.7813,0.575,0.1704,-0.26,0.1749,0.3439,0.3471,0.2427,0.2001,0.1569,-0.0958,-0.605,-0.9004,-0.59,-0.1703,0.1271,0.3276,0.4687,0.5697,0.6398,0.6853,0.7126,0.7278,0.7051,0.7189,0.7408,0.7739,0.8186,0.8709,0.9222,0.9663,1.019,1.141,1.3781,1.4154,1.204,0.9246,0.7518,0.3503,0.0053,0.403,0.5948,0.3975,-0.0698,0.0001,0.2004,0.1331,-0.0943,-0.2345,-0.1324,0.0763,0.2733,0.4356,0.5646,0.6615,0.7261,0.7618,0.7769,0.7804,0.7323,0.7487,0.7711,0.8007,0.837,0.8782,0.9223,0.9729,1.0471,1.1799,1.3617,1.3467,1.4396,1.4802,1.0702,0.8433,0.7723,0.9875,1.1261,0.6966,-0.0816,0.0273,0.3199,0.3359,0.2302,0.1474,0.1633,0.2674,0.41,0.5523,0.6773,0.7746,0.8332,0.8533,0.8496,0.8369,0.7541,0.7713,0.793,0.8197,0.8513,0.8874,0.9285,0.9783,1.0443,1.1303,1.2135,1.2818,1.4862,1.5363,1.3338,1.2878,1.2512,1.5935,1.9772,1.3828,0.7828,0.5803,0.5778,0.5089,0.3546,0.1843,0.156,0.3111,0.502,0.6624,0.7963,0.9019,0.955,0.952,0.9229,0.8913,0.7717,0.7889,0.8096,0.8342,0.8627,0.8954,0.933,0.9773,1.0302,1.0903,1.1519,1.2211,1.3119,1.3958,1.6529,1.7775,1.5047,1.6974,1.9438,1.8338,1.4014,1.0426,0.8461,0.6602,0.3583,-0.1054,-0.2016,0.2563,0.591,0.7749,0.9058,1.0147,1.0613,1.0332,0.9813,0.9354,0.786,0.8028,0.8225,0.8453,0.8714,0.9011,0.9348,0.9733,1.0168,1.0645,1.116,1.1748,1.2495,1.3719,1.6125,1.695,1.5477,1.6948,2.1943,2.414,1.7428,1.3149,1.0769,0.8455,0.4935,-0.1042,-0.2351,0.48,0.7918,0.9145,0.9894,1.06,1.0932,1.0624,1.01,0.9631,0.7977,0.8139,0.8325,0.8538,0.8778,0.9047,0.9349,0.9685,1.0056,1.0462,1.091,1.1428,1.2085,1.3,1.4093,1.4628,1.4847,1.6334,1.9385,2.0223,1.7009,1.4742,1.3321,1.1156,0.8806,0.8329,1.2334,1.2154,1.1144,1.0991,1.0783,1.0684,1.0698,1.0511,1.0151,0.9769,0.8072,0.8227,0.8404,0.8602,0.8823,0.9068,0.9339,0.9636,0.9962,1.0317,1.071,1.1158,1.1691,1.2317,1.2955,1.347,1.4033,1.5017,1.6211,1.6557,1.6217,1.7012,1.7112,1.4279,1.2038,1.3313,1.7367,1.5492,1.3868,1.3268,1.2153,1.1251,1.0784,1.0486,1.0177,0.9853,0.8149,0.8298,0.8464,0.8649,0.8853,0.9077,0.9321,0.9588,0.9877,1.0191,1.0535,1.0918,1.1346,1.1813,1.2288,1.2755,1.3279,1.3927,1.4594,1.5167,1.6251,1.8838,1.9669,1.6156,1.3506,1.3542,1.4745,1.5121,1.637,1.5598,1.3563,1.2046,1.1167,1.0648,1.0268,0.9938,0.8212,0.8354,0.8511,0.8683,0.8871,0.9076,0.9298,0.9538,0.9797,1.0076,1.0377,1.0705,1.1059,1.1435,1.1824,1.2227,1.2667,1.3159,1.3703,1.4389,1.5557,1.7239,1.7559,1.5568,1.3756,1.3344,1.3887,1.5109,1.6666,1.596,1.4027,1.2473,1.1468,1.0826,1.0375,1.002]}]