docs/data/wind_grid.json
[{"header":{"la1":42.85,"la2":41.18,"lo1":11.55,"lo2":14.05,"nx":36,"ny":24,"dx":0.07143,"dy":0.07261,"parameterCategory":2,"parameterNumber":2,"parameterNumberName":"eastward_wind","parameterUnit":"m.s-1"},"data":[-0.0196,-0.0132,-0.0065,0.0007,0.0083,0.0162,0.0245,0.0335,0.0435,0.0549,0.0681,0.0833,0.1007,0.119,0.1358,0.1464,0.1467,0.1357,0.1164,0.0931,0.0695,0.0473,0.0274,0.0097,-0.0059,-0.0198,-0.0323,-0.0436,-0.054,-0.0635,-0.0724,-0.0806,-0.0882,-0.0953,-0.1019,-0.1079,-0.0205,-0.0138,-0.0066,0.0011,0.0092,0.0176,0.0264,0.0358,0.0466,0.0595,0.0751,0.0943,0.1177,0.145,0.1728,0.1925,0.1944,0.1764,0.1461,0.1126,0.0811,0.0537,0.0304,0.0105,-0.0066,-0.0214,-0.0346,-0.0464,-0.0572,-0.0671,-0.0762,-0.0848,-0.0927,-0.1,-0.1068,-0.113,-0.0222,-0.0152,-0.0075,0.0008,0.0094,0.0181,0.027,0.0365,0.0477,0.0618,0.08,0.1033,0.1337,0.173,0.2188,0.2559,0.2604,0.228,0.1788,0.1306,0.0899,0.057,0.0306,0.009,-0.0091,-0.0245,-0.038,-0.0501,-0.0612,-0.0714,-0.0809,-0.0897,-0.0979,-0.1055,-0.1125,-0.1188,-0.0249,-0.0175,-0.0093,-0.0005,0.0086,0.0177,0.0262,0.0348,0.0455,0.0609,0.082,0.1093,0.1454,0.1965,0.2659,0.332,0.3401,0.2818,0.2057,0.1412,0.0922,0.0553,0.027,0.0046,-0.0137,-0.0292,-0.0427,-0.0549,-0.0661,-0.0765,-0.0863,-0.0954,-0.1039,-0.1118,-0.119,-0.1255,-0.0286,-0.0211,-0.0125,-0.003,0.0069,0.0163,0.0237,0.0292,0.0376,0.0552,0.0812,0.1124,0.1504,0.2043,0.2856,0.375,0.3862,0.3043,0.2097,0.1368,0.0846,0.047,0.0189,-0.0028,-0.0205,-0.0354,-0.0486,-0.0606,-0.0719,-0.0825,-0.0925,-0.102,-0.1108,-0.119,-0.1265,-0.1332,-0.0338,-0.0262,-0.0174,-0.0072,0.0038,0.0141,0.02,0.0189,0.0208,0.0442,0.0807,0.1167,0.152,0.1943,0.2542,0.3204,0.328,0.2604,0.1786,0.1133,0.0658,0.0315,0.0062,-0.0133,-0.0293,-0.043,-0.0555,-0.0671,-0.0783,-0.0891,-0.0995,-0.1094,-0.1187,-0.1273,-0.1351,-0.142,-0.0405,-0.0334,-0.0247,-0.0141,-0.0015,0.0112,0.0183,0.0099,0.0018,0.0383,0.0899,0.13,0.1603,0.1858,0.2105,0.2302,0.2233,0.1809,0.1251,0.0755,0.0375,0.0099,-0.0105,-0.0262,-0.0394,-0.0514,-0.0628,-0.0741,-0.0853,-0.0964,-0.1074,-0.1179,-0.1278,-0.1369,-0.1451,-0.1522,-0.0491,-0.0431,-0.0353,-0.025,-0.0114,0.0056,0.0213,0.0246,0.0268,0.071,0.1225,0.1597,0.1861,0.2006,0.2004,0.1856,0.1561,0.114,0.0687,0.0303,0.0024,-0.0165,-0.0298,-0.0404,-0.05,-0.0598,-0.0702,-0.0811,-0.0926,-0.1044,-0.1161,-0.1276,-0.1383,-0.1482,-0.1568,-0.1641,-0.0594,-0.0553,-0.0498,-0.0419,-0.0294,-0.0094,0.0208,0.06,0.1067,0.1532,0.1818,0.2075,0.2359,0.2501,0.2344,0.1888,0.126,0.0618,0.0101,-0.0226,-0.0391,-0.0462,-0.05,-0.054,-0.0596,-0.0672,-0.0767,-0.0878,-0.0999,-0.1128,-0.1259,-0.1387,-0.1506,-0.1614,-0.1706,-0.1781,-0.0712,-0.0699,-0.0682,-0.0655,-0.0594,-0.0441,-0.0054,0.0823,0.2249,0.2957,0.2596,0.2658,0.3145,0.3479,0.3193,0.2278,0.1078,-0.0016,-0.0698,-0.0926,-0.0888,-0.0774,-0.0683,-0.0646,-0.0662,-0.0723,-0.0816,-0.0935,-0.1071,-0.1218,-0.1369,-0.1517,-0.1654,-0.1774,-0.1873,-0.1949,-0.0838,-0.0858,-0.0892,-0.0945,-0.1016,-0.1068,-0.0912,0.0201,0.3752,0.5372,0.3182,0.3178,0.4295,0.5258,0.4777,0.2958,0.07,-0.1248,-0.2116,-0.1953,-0.1464,-0.1049,-0.0794,-0.0682,-0.0674,-0.0734,-0.084,-0.0978,-0.1138,-0.1315,-0.1497,-0.1674,-0.1835,-0.1971,-0.2077,-0.2153,-0.0962,-0.1014,-0.1099,-0.124,-0.1474,-0.1864,-0.2448,-0.2629,0.0608,0.3289,0.2577,0.3443,0.5597,0.8285,0.7229,0.365,-0.0298,-0.4041,-0.4877,-0.335,-0.1969,-0.1147,-0.074,-0.0596,-0.0603,-0.0693,-0.0831,-0.1002,-0.1202,-0.1422,-0.1649,-0.1869,-0.2064,-0.2221,-0.2334,-0.2403,-0.1076,-0.1152,-0.1273,-0.1471,-0.1809,-0.2412,-0.3485,-0.4838,-0.338,-0.0212,0.1617,0.343,0.5363,0.935,0.8234,0.3276,-0.1653,-0.8237,-0.8404,-0.4293,-0.1937,-0.0809,-0.0384,-0.0329,-0.0432,-0.0593,-0.0784,-0.1005,-0.126,-0.1544,-0.184,-0.2124,-0.2367,-0.2549,-0.2664,-0.2717,-0.1173,-0.1261,-0.1394,-0.16,-0.1929,-0.2459,-0.3254,-0.4065,-0.331,-0.1138,0.0715,0.3463,0.4541,0.5669,0.4257,0.1216,-0.2025,-0.5656,-0.6112,-0.3063,-0.0724,0.0333,0.0425,0.0146,-0.0169,-0.0443,-0.0699,-0.0978,-0.1308,-0.1686,-0.2089,-0.247,-0.2782,-0.2992,-0.3096,-0.3112,-0.1252,-0.1341,-0.1467,-0.1645,-0.1896,-0.2233,-0.2606,-0.2781,-0.2389,-0.1835,-0.1471,-0.0288,0.1384,0.1141,0.1463,-0.1391,-0.3558,-0.3033,-0.259,-0.0443,0.2233,0.2793,0.1754,0.0749,0.0119,-0.0261,-0.056,-0.0898,-0.133,-0.1855,-0.2427,-0.2962,-0.3373,-0.3606,-0.3669,-0.3608,-0.1317,-0.14,-0.151,-0.1651,-0.1827,-0.2025,-0.2201,-0.2295,-0.2394,-0.3053,-0.4868,-0.4564,-0.2835,-0.076,-0.082,-0.2106,-0.3181,-0.2614,-0.1495,0.1953,0.7499,0.6585,0.3098,0.1165,0.0319,-0.0042,-0.031,-0.0705,-0.1293,-0.2053,-0.2904,-0.3693,-0.4245,-0.4472,-0.4425,-0.4219,-0.1372,-0.1448,-0.1543,-0.1656,-0.1787,-0.1927,-0.207,-0.2241,-0.2583,-0.3424,-0.4777,-0.4407,-0.5198,-0.5723,-0.323,-0.2893,-0.2992,-0.299,-0.2379,0.1222,0.8037,0.6798,0.2871,0.0975,0.0384,0.0332,0.0211,-0.0285,-0.1142,-0.2279,-0.3589,-0.48,-0.554,-0.5672,-0.5382,-0.4926,-0.1421,-0.1491,-0.1575,-0.1672,-0.1783,-0.1909,-0.2058,-0.2264,-0.2598,-0.3115,-0.3653,-0.4125,-0.5769,-0.6248,-0.4999,-0.4874,-0.4145,-0.4181,-0.4715,-0.2491,0.1019,0.1921,0.0877,0.0247,0.0492,0.1181,0.1305,0.0479,-0.0848,-0.2519,-0.4518,-0.6395,-0.7346,-0.7187,-0.6457,-0.5644,-0.1466,-0.1533,-0.161,-0.17,-0.1804,-0.1925,-0.2076,-0.2277,-0.2552,-0.2904,-0.3305,-0.3816,-0.4551,-0.5274,-0.7271,-0.8165,-0.5446,-0.4728,-0.5025,-0.5009,-0.318,-0.1693,-0.1171,-0.0607,0.073,0.2656,0.3038,0.1354,-0.0548,-0.2713,-0.5475,-0.8171,-0.9268,-0.8619,-0.7358,-0.6195,-0.1509,-0.1573,-0.1648,-0.1734,-0.1834,-0.1953,-0.2099,-0.2284,-0.2516,-0.2801,-0.3142,-0.3574,-0.4159,-0.5116,-0.6928,-0.7463,-0.5677,-0.5258,-0.6871,-0.772,-0.5244,-0.3778,-0.2934,-0.1707,0.0319,0.2819,0.3305,0.1237,-0.0539,-0.2725,-0.5769,-0.8832,-0.9969,-0.9098,-0.7644,-0.6372,-0.1549,-0.1612,-0.1685,-0.1769,-0.1866,-0.1982,-0.2121,-0.2289,-0.2494,-0.274,-0.3037,-0.3408,-0.3896,-0.457,-0.533,-0.5536,-0.5158,-0.525,-0.6171,-0.6517,-0.5764,-0.5619,-0.5245,-0.3537,-0.1168,0.0472,0.0448,0.0149,-0.0751,-0.2516,-0.5057,-0.7587,-0.8694,-0.8226,-0.7151,-0.611,-0.1587,-0.1649,-0.1721,-0.1802,-0.1897,-0.2008,-0.2139,-0.2293,-0.2477,-0.2693,-0.2951,-0.3259,-0.3632,-0.4057,-0.4441,-0.4631,-0.4691,-0.4911,-0.5359,-0.5802,-0.6667,-0.8646,-0.9112,-0.6207,-0.2813,-0.0689,-0.0031,-0.0203,-0.0967,-0.2303,-0.4071,-0.5783,-0.6731,-0.6739,-0.6213,-0.5554,-0.1622,-0.1684,-0.1753,-0.1833,-0.1924,-0.203,-0.2152,-0.2295,-0.246,-0.2651,-0.2871,-0.3124,-0.3407,-0.3701,-0.3966,-0.4169,-0.4356,-0.4628,-0.507,-0.5854,-0.7627,-1.0789,-1.1667,-0.8043,-0.4163,-0.1752,-0.0767,-0.0796,-0.1365,-0.2275,-0.3402,-0.4486,-0.5202,-0.5418,-0.5258,-0.4919,-0.1654,-0.1714,-0.1783,-0.186,-0.1947,-0.2048,-0.2162,-0.2292,-0.2441,-0.2609,-0.2798,-0.3008,-0.3232,-0.3461,-0.3679,-0.3887,-0.4112,-0.4417,-0.4895,-0.5732,-0.7245,-0.921,-0.9593,-0.7402,-0.4692,-0.2782,-0.1828,-0.1614,-0.1864,-0.2392,-0.307,-0.3741,-0.4242,-0.4485,-0.4494,-0.435]},{"header":{"la1":42.85,"la2":41.18,"lo1":11.55,"lo2":14.05,"nx":36,"ny":24,"dx":0.07143,"dy":0.07261,"parameterCategory":2,"parameterNumber":3,"parameterNumberName":"northward_wind","parameterUnit":"m.s-1"},"data":[0.8187,0.8226,0.827,0.8318,0.8364,0.8396,0.8399,0.8355,0.825,0.8072,0.7823,0.7506,0.7135,0.6736,0.636,0.6083,0.5971,0.603,0.6204,0.642,0.6627,0.6804,0.6944,0.7051,0.713,0.7187,0.7227,0.7254,0.7272,0.7282,0.7286,0.7286,0.7284,0.728,0.7275,0.7269,0.8203,0.8255,0.832,0.8397,0.8481,0.8557,0.8603,0.8587,0.848,0.8268,0.7949,0.7533,0.7024,0.6442,0.5857,0.542,0.5284,0.5458,0.5801,0.6165,0.6475,0.6715,0.6891,0.7017,0.7106,0.7167,0.7209,0.7236,0.7252,0.726,0.7262,0.726,0.7256,0.7249,0.7242,0.7236,0.8209,0.8274,0.8363,0.8477,0.8615,0.8762,0.8886,0.893,0.8836,0.8575,0.8164,0.7623,0.6944,0.6107,0.5175,0.4431,0.4267,0.4695,0.5341,0.5921,0.6354,0.6656,0.6861,0.7,0.7094,0.7155,0.7195,0.722,0.7233,0.7238,0.7237,0.7232,0.7224,0.7215,0.7206,0.7197,0.8199,0.8275,0.8386,0.8543,0.8753,0.9012,0.9279,0.9452,0.9395,0.9053,0.8496,0.7806,0.696,0.5848,0.4433,0.3159,0.297,0.3869,0.4954,0.577,0.6306,0.6647,0.6864,0.7003,0.7093,0.715,0.7185,0.7205,0.7213,0.7214,0.7208,0.7199,0.7188,0.7176,0.7164,0.7153,0.8167,0.8247,0.8374,0.857,0.8863,0.9278,0.9796,1.0251,1.0295,0.9768,0.8944,0.808,0.7141,0.5907,0.4174,0.2407,0.219,0.3528,0.4907,0.5823,0.6373,0.6702,0.6902,0.7026,0.7103,0.7149,0.7176,0.7189,0.7191,0.7186,0.7176,0.7162,0.7146,0.713,0.7115,0.7103,0.8109,0.8182,0.8308,0.8522,0.8879,0.9463,1.035,1.1375,1.1678,1.0701,0.9393,0.8359,0.7466,0.6416,0.4979,0.35,0.325,0.4284,0.5384,0.6118,0.6555,0.6813,0.6967,0.706,0.7116,0.7149,0.7165,0.717,0.7166,0.7155,0.7138,0.7118,0.7097,0.7077,0.7058,0.7043,0.8024,0.8073,0.8173,0.8364,0.8718,0.9369,1.0534,1.2235,1.2951,1.1282,0.9515,0.8481,0.7791,0.711,0.629,0.5507,0.5268,0.5638,0.6151,0.6543,0.6793,0.6945,0.7037,0.7092,0.7125,0.7142,0.7149,0.7146,0.7134,0.7116,0.7093,0.7066,0.7039,0.7013,0.699,0.6972,0.7916,0.7925,0.7969,0.8085,0.8335,0.8835,0.9775,1.1175,1.1718,1.0317,0.9017,0.8365,0.7997,0.7671,0.7298,0.6932,0.6722,0.6719,0.6819,0.6924,0.7002,0.7053,0.7085,0.7105,0.7118,0.7124,0.7122,0.7113,0.7095,0.707,0.7038,0.7003,0.6968,0.6935,0.6908,0.6888,0.7796,0.7751,0.7717,0.7714,0.7778,0.7971,0.8348,0.8802,0.8867,0.8471,0.8196,0.8123,0.8099,0.804,0.7912,0.7718,0.7506,0.7331,0.7215,0.7149,0.7115,0.7097,0.7087,0.7084,0.7085,0.7086,0.7083,0.7071,0.7047,0.7014,0.6972,0.6926,0.6881,0.684,0.6807,0.6785,0.7679,0.7575,0.7452,0.731,0.7159,0.7029,0.6968,0.6984,0.6956,0.7033,0.7488,0.7925,0.8176,0.8291,0.8306,0.8172,0.7891,0.7564,0.731,0.7167,0.7093,0.7047,0.702,0.7012,0.7017,0.7026,0.7029,0.7018,0.6991,0.6947,0.6892,0.6831,0.6772,0.6721,0.6682,0.6658,0.7583,0.7426,0.7217,0.694,0.6574,0.6126,0.5703,0.5651,0.607,0.6189,0.7075,0.7881,0.8244,0.8403,0.8609,0.8514,0.8034,0.7412,0.703,0.6939,0.6917,0.6886,0.6866,0.6875,0.6907,0.6942,0.6964,0.696,0.6928,0.687,0.6794,0.6712,0.6634,0.657,0.6525,0.6501,0.7524,0.7329,0.7058,0.6675,0.6124,0.5341,0.4339,0.3718,0.5024,0.6151,0.7179,0.7998,0.8209,0.7669,0.9068,0.8921,0.7976,0.6567,0.612,0.6457,0.6604,0.6592,0.6594,0.6655,0.675,0.684,0.6896,0.6904,0.6864,0.6782,0.6675,0.656,0.6455,0.6373,0.6322,0.6303,0.7514,0.7305,0.701,0.6583,0.5946,0.4974,0.3531,0.2031,0.3296,0.5996,0.7572,0.7943,0.8275,0.8709,1.0622,0.9422,0.8024,0.4929,0.4754,0.6004,0.6178,0.6087,0.6135,0.6325,0.6552,0.6738,0.6847,0.6868,0.6808,0.6685,0.6526,0.6359,0.6213,0.611,0.6057,0.6051,0.7558,0.7362,0.7088,0.6697,0.6128,0.529,0.414,0.3043,0.401,0.6824,0.8334,0.7509,0.7354,1.068,1.0223,1.0137,0.9538,0.6753,0.5813,0.5953,0.5381,0.5072,0.5349,0.5867,0.6344,0.668,0.6856,0.6881,0.6776,0.6578,0.633,0.6081,0.5877,0.5749,0.5704,0.5729,0.7649,0.7488,0.7273,0.6982,0.6595,0.6106,0.5609,0.5521,0.6662,0.8739,1.0111,1.0037,1.0158,1.1015,1.0617,1.1567,1.3146,0.9805,0.7296,0.5277,0.3145,0.2867,0.4105,0.535,0.6221,0.675,0.699,0.6986,0.6789,0.6458,0.6062,0.5681,0.5393,0.5244,0.5232,0.5321,0.7775,0.7662,0.7522,0.7355,0.7172,0.7021,0.7036,0.7491,0.8698,1.0676,1.3002,1.2038,1.1594,1.1284,1.1054,1.1524,1.2284,0.9888,0.7215,0.3512,-0.1666,-0.0734,0.2825,0.5081,0.6368,0.7082,0.7353,0.7251,0.6871,0.6313,0.5673,0.508,0.4674,0.4529,0.4606,0.4814,0.7917,0.7855,0.779,0.7732,0.7709,0.7776,0.8035,0.8626,0.9677,1.1217,1.2858,1.2418,1.336,1.3981,1.1755,1.0896,1.0175,0.8612,0.6862,0.3763,-0.2213,-0.0967,0.3071,0.5515,0.698,0.7857,0.8113,0.7767,0.7046,0.6124,0.5099,0.4166,0.3608,0.3537,0.3811,0.4226,0.8062,0.8045,0.8039,0.8062,0.8138,0.8311,0.8638,0.9179,0.9954,1.0873,1.1639,1.2165,1.3695,1.4001,1.1885,1.0922,0.9666,0.7584,0.6223,0.6152,0.3977,0.3545,0.5025,0.6602,0.8052,0.9286,0.953,0.8598,0.7279,0.5868,0.4306,0.286,0.2133,0.2291,0.292,0.3628,0.8197,0.8214,0.8252,0.8323,0.8449,0.8656,0.8972,0.9413,0.9965,1.0557,1.1092,1.1587,1.2091,1.2028,1.1709,1.1698,1.0054,0.8157,0.74,0.865,0.7623,0.673,0.6879,0.7663,0.9107,1.1287,1.1703,0.9402,0.7315,0.5538,0.3471,0.1429,0.0583,0.112,0.2174,0.3171,0.8316,0.8357,0.842,0.8517,0.8661,0.8866,0.9142,0.9491,0.9892,1.0305,1.0686,1.1009,1.1224,1.1275,1.1432,1.1393,1.0247,0.949,1.0774,1.1636,0.945,0.832,0.8045,0.8212,0.9082,1.1361,1.1857,0.8414,0.6621,0.5186,0.3131,0.0896,0.0025,0.0728,0.1938,0.3028,0.8414,0.847,0.8547,0.8654,0.8797,0.8983,0.9216,0.9489,0.9788,1.0085,1.0354,1.0567,1.0701,1.076,1.0768,1.0566,1.0065,0.9829,1.0365,1.0564,0.9681,0.9179,0.8939,0.8471,0.7913,0.6912,0.4219,0.4396,0.5226,0.4888,0.3521,0.1819,0.1024,0.1431,0.2347,0.3257,0.8492,0.8555,0.8638,0.8744,0.8877,0.9041,0.9233,0.9448,0.9673,0.989,1.0081,1.0226,1.0312,1.0333,1.0275,1.0103,0.9855,0.9716,0.9773,0.9776,0.974,1.0135,1.02,0.9062,0.7276,0.4488,0.1411,0.2569,0.4379,0.4769,0.4147,0.3165,0.2567,0.2641,0.3137,0.3743,0.8551,0.8617,0.8699,0.8799,0.8919,0.9059,0.9216,0.9386,0.9557,0.9717,0.9854,0.9953,1.0005,1.0003,0.9939,0.9814,0.9664,0.9556,0.9526,0.9583,0.9921,1.0795,1.1065,0.9628,0.756,0.529,0.3621,0.3773,0.4607,0.4941,0.4699,0.4195,0.3811,0.3749,0.3963,0.4313,0.8594,0.8659,0.8737,0.8828,0.8933,0.9052,0.918,0.9314,0.9445,0.9564,0.9663,0.9731,0.9761,0.9749,0.9693,0.9602,0.9498,0.9415,0.9386,0.9464,0.9762,1.0272,1.032,0.935,0.787,0.6397,0.5378,0.5101,0.5241,0.532,0.518,0.4909,0.4673,0.4586,0.4661,0.4848]}]