docs/data/wind_grid.json
[{"header":{"la1":42.85,"la2":41.18,"lo1":11.55,"lo2":14.05,"nx":36,"ny":24,"dx":0.07143,"dy":0.07261,"parameterCategory":2,"parameterNumber":2,"parameterNumberName":"eastward_wind","parameterUnit":"m.s-1"},"data":[0.7832,0.7813,0.7794,0.7771,0.7742,0.7703,0.7646,0.7563,0.7443,0.7276,0.7054,0.6768,0.6412,0.5983,0.5487,0.4944,0.4397,0.3913,0.3567,0.3417,0.3476,0.3716,0.4079,0.4504,0.4945,0.5371,0.5767,0.6125,0.6445,0.6727,0.6975,0.7192,0.7383,0.755,0.7696,0.7825,0.7855,0.7843,0.7832,0.782,0.7806,0.7784,0.7744,0.7676,0.7562,0.739,0.7146,0.6818,0.6396,0.5867,0.5225,0.4486,0.3705,0.299,0.2479,0.2285,0.2429,0.2837,0.3397,0.4007,0.4601,0.5145,0.5629,0.605,0.6415,0.6729,0.7,0.7233,0.7434,0.7608,0.7758,0.7889,0.7877,0.7871,0.787,0.7872,0.7877,0.788,0.7869,0.7827,0.7729,0.7553,0.7287,0.6917,0.6425,0.5783,0.4959,0.3946,0.28,0.1692,0.0896,0.065,0.0979,0.1703,0.2587,0.3466,0.4261,0.4946,0.5526,0.6013,0.6421,0.6764,0.7054,0.7299,0.7507,0.7684,0.7836,0.7966,0.7895,0.7896,0.7905,0.7923,0.7951,0.7988,0.8022,0.8025,0.7955,0.7777,0.7483,0.7071,0.6515,0.5761,0.4731,0.3354,0.1639,-0.0167,-0.15,-0.1796,-0.104,0.0278,0.1682,0.2933,0.397,0.4808,0.5483,0.6029,0.6473,0.6839,0.7141,0.7393,0.7604,0.7782,0.7932,0.8059,0.7908,0.7914,0.7931,0.7964,0.8018,0.8098,0.8198,0.8279,0.8256,0.8063,0.7724,0.7273,0.6676,0.584,0.462,0.2818,0.0276,-0.2776,-0.5183,-0.547,-0.3744,-0.135,0.0811,0.251,0.3798,0.4775,0.5527,0.6115,0.6583,0.696,0.7267,0.7519,0.7728,0.7901,0.8046,0.8168,0.7914,0.7922,0.7944,0.7987,0.8062,0.8185,0.8368,0.8574,0.8627,0.8379,0.7969,0.7498,0.6908,0.6063,0.4744,0.2594,-0.0891,-0.586,-1.0298,-1.0384,-0.6734,-0.2751,0.026,0.2359,0.383,0.4892,0.5682,0.6286,0.6758,0.7133,0.7434,0.7678,0.7878,0.8042,0.8178,0.829,0.7912,0.7917,0.7938,0.7982,0.8066,0.821,0.8449,0.8772,0.8903,0.8577,0.8141,0.7719,0.7208,0.6454,0.5207,0.3024,-0.0897,-0.7371,-1.4033,-1.3794,-0.8153,-0.3015,0.0414,0.2637,0.4134,0.5189,0.5962,0.6547,0.7,0.7357,0.7641,0.7869,0.8054,0.8204,0.8327,0.8427,0.79,0.7899,0.7911,0.7945,0.8017,0.8147,0.8358,0.8625,0.8724,0.8509,0.8229,0.7942,0.7575,0.7,0.5997,0.4193,0.0941,-0.4444,-1.0128,-1.0244,-0.5734,-0.1467,0.1452,0.3387,0.4713,0.566,0.6361,0.6894,0.7306,0.763,0.7886,0.809,0.8253,0.8384,0.849,0.8576,0.7882,0.7868,0.7864,0.7876,0.7919,0.8009,0.8163,0.8356,0.8491,0.8495,0.8373,0.8205,0.8004,0.7656,0.6966,0.5697,0.3603,0.0621,-0.2243,-0.2806,-0.1047,0.1204,0.3067,0.4462,0.5494,0.6267,0.6857,0.7312,0.7666,0.7944,0.8163,0.8336,0.8473,0.858,0.8666,0.8734,0.7859,0.783,0.7803,0.7782,0.7777,0.7811,0.7932,0.8225,0.8694,0.8892,0.8645,0.849,0.8476,0.8393,0.7974,0.7044,0.566,0.409,0.2797,0.232,0.2768,0.3715,0.4733,0.5631,0.6366,0.6952,0.7415,0.778,0.8066,0.8291,0.8466,0.8601,0.8706,0.8787,0.8849,0.8897,0.7837,0.779,0.7736,0.7674,0.7603,0.7538,0.7552,0.7923,0.9194,0.9776,0.8876,0.8711,0.8966,0.9242,0.9049,0.8074,0.67,0.5457,0.4771,0.4668,0.4975,0.5524,0.6147,0.6734,0.7242,0.7663,0.8005,0.8278,0.8492,0.8657,0.8783,0.8877,0.8947,0.8998,0.9035,0.9062,0.7822,0.7758,0.7679,0.7575,0.7431,0.7226,0.6952,0.685,0.8031,0.8996,0.8633,0.8784,0.9355,0.9918,1.0461,0.8809,0.6791,0.4924,0.4517,0.5304,0.6123,0.6785,0.7314,0.7738,0.8084,0.837,0.8603,0.8788,0.8929,0.9033,0.9105,0.9154,0.9186,0.9206,0.9217,0.9222,0.7817,0.7743,0.7647,0.7516,0.7325,0.7029,0.6558,0.6009,0.656,0.7704,0.8246,0.8704,0.93,1.1101,1.198,0.8837,0.6321,0.2956,0.2917,0.5412,0.7,0.7899,0.8396,0.8689,0.8895,0.9061,0.9196,0.9298,0.9366,0.9405,0.9421,0.9421,0.9412,0.94,0.9386,0.9372,0.7828,0.775,0.7649,0.7514,0.7325,0.7054,0.6684,0.6328,0.6617,0.7414,0.794,0.8602,0.8865,0.9045,0.9185,0.7686,0.5966,0.4401,0.4428,0.6631,0.8388,0.9282,0.957,0.9638,0.9679,0.973,0.9777,0.98,0.9793,0.9761,0.9714,0.9661,0.9611,0.9567,0.9531,0.9502,0.7855,0.7779,0.7685,0.7565,0.7412,0.7224,0.7028,0.693,0.7092,0.7327,0.7371,0.743,0.77,0.7086,0.7803,0.5908,0.3708,0.5731,0.7049,0.8872,1.0708,1.1223,1.0882,1.0563,1.0416,1.0368,1.0341,1.0289,1.0201,1.0087,0.9966,0.9853,0.976,0.969,0.964,0.9603,0.7897,0.7829,0.7747,0.765,0.7538,0.742,0.7321,0.7279,0.7283,0.7179,0.6919,0.5615,0.6268,0.7128,0.7368,0.6255,0.4859,0.686,0.8718,1.0994,1.3792,1.345,1.2045,1.1337,1.1066,1.0969,1.0894,1.0766,1.0582,1.0366,1.015,0.9964,0.9828,0.9744,0.9697,0.9668,0.7952,0.7894,0.7827,0.7752,0.7672,0.7594,0.7527,0.747,0.7382,0.7183,0.6917,0.6399,0.5622,0.547,0.7526,0.8132,0.8133,0.882,0.9754,1.1554,1.4234,1.3827,1.2496,1.1849,1.1615,1.1549,1.1457,1.1241,1.0929,1.0579,1.0236,0.9951,0.9774,0.9701,0.9687,0.969,0.8016,0.7969,0.7917,0.7862,0.7805,0.7749,0.7695,0.7634,0.7538,0.7378,0.716,0.6823,0.5808,0.5935,0.943,1.0976,1.034,0.9776,0.9218,1.1158,1.2648,1.2888,1.2539,1.2228,1.2099,1.2131,1.206,1.1706,1.1222,1.071,1.0197,0.9773,0.9562,0.955,0.9617,0.9679,0.8088,0.8052,0.8014,0.7975,0.7937,0.79,0.7863,0.7821,0.7763,0.7689,0.7616,0.7579,0.7756,0.9341,1.413,1.5851,1.2321,1.0946,1.0852,1.3375,1.3384,1.3142,1.2952,1.2693,1.2503,1.2647,1.2665,1.2053,1.1396,1.0765,1.0077,0.9479,0.9251,0.9351,0.953,0.9662,0.8165,0.814,0.8115,0.8092,0.807,0.8052,0.8039,0.8029,0.8026,0.8045,0.8127,0.8369,0.904,1.0778,1.3979,1.4988,1.2946,1.2836,1.5878,1.7403,1.4904,1.4188,1.3968,1.3428,1.2778,1.2696,1.2712,1.1887,1.1338,1.0783,1.0053,0.9362,0.9123,0.9282,0.9515,0.9682,0.8245,0.8231,0.8219,0.8209,0.8205,0.8207,0.8219,0.8244,0.8293,0.8388,0.8571,0.8927,0.9601,1.0741,1.21,1.2705,1.263,1.3291,1.5074,1.5887,1.5474,1.6,1.6144,1.4868,1.3167,1.193,1.0926,1.0943,1.1081,1.081,1.0237,0.9646,0.9388,0.9461,0.963,0.9764,0.8326,0.8322,0.8322,0.8327,0.8338,0.836,0.8395,0.8452,0.854,0.8682,0.8909,0.9271,0.9818,1.0547,1.1302,1.1864,1.2329,1.3066,1.4103,1.5117,1.674,1.9678,2.0487,1.7411,1.4004,1.1562,1.0152,1.05,1.0944,1.0874,1.05,1.0077,0.9825,0.978,0.9834,0.9896,0.8408,0.8413,0.8424,0.8441,0.8468,0.8506,0.8562,0.8641,0.8756,0.8921,0.9158,0.949,0.993,1.0459,1.1017,1.1557,1.2134,1.2871,1.3854,1.5306,1.8045,2.2376,2.3525,1.9292,1.5024,1.2358,1.1117,1.0985,1.1093,1.0998,1.073,1.0424,1.0198,1.0086,1.0051,1.0045,0.8488,0.8502,0.8523,0.8551,0.859,0.8642,0.8713,0.8809,0.8938,0.9112,0.9343,0.9642,1.0012,1.0442,1.0915,1.1424,1.2007,1.2734,1.3716,1.5189,1.7518,2.0303,2.0914,1.8358,1.5295,1.3166,1.2024,1.1559,1.1356,1.1158,1.0915,1.0666,1.0461,1.0322,1.0237,1.0184]},{"header":{"la1":42.85,"la2":41.18,"lo1":11.55,"lo2":14.05,"nx":36,"ny":24,"dx":0.07143,"dy":0.07261,"parameterCategory":2,"parameterNumber":3,"parameterNumberName":"northward_wind","parameterUnit":"m.s-1"},"data":[0.5465,0.5673,0.59,0.6141,0.6382,0.66,0.6761,0.6831,0.6786,0.6628,0.6385,0.6095,0.5798,0.5519,0.5271,0.5057,0.4875,0.4721,0.4587,0.4466,0.4352,0.4242,0.4135,0.4029,0.3927,0.383,0.3739,0.3652,0.3572,0.3497,0.3428,0.3364,0.3305,0.325,0.32,0.3154,0.5548,0.5797,0.6083,0.6403,0.6744,0.7074,0.7342,0.7479,0.7434,0.7204,0.6842,0.6427,0.6022,0.5664,0.5362,0.5114,0.4913,0.475,0.4613,0.4492,0.4375,0.4259,0.4143,0.4028,0.3918,0.3814,0.3716,0.3625,0.3541,0.3463,0.3391,0.3325,0.3264,0.3209,0.3158,0.3112,0.5607,0.59,0.6252,0.6671,0.7153,0.7665,0.8125,0.8402,0.837,0.8009,0.7438,0.6818,0.6259,0.58,0.5438,0.5156,0.4938,0.4771,0.4639,0.4522,0.4404,0.428,0.4152,0.4025,0.3904,0.3791,0.3687,0.3591,0.3503,0.3422,0.3348,0.3281,0.3219,0.3162,0.3111,0.3064,0.5631,0.5962,0.6381,0.6914,0.7583,0.8376,0.9192,0.9775,0.9799,0.9181,0.8212,0.7256,0.6485,0.5911,0.5491,0.5179,0.4949,0.4787,0.4671,0.4567,0.4447,0.4307,0.4159,0.4016,0.3882,0.376,0.3649,0.3549,0.3458,0.3375,0.33,0.3231,0.3168,0.311,0.3059,0.3012,0.5606,0.5961,0.6431,0.7071,0.7951,0.914,1.0588,1.1863,1.2084,1.0902,0.9153,0.767,0.6647,0.5974,0.5515,0.5185,0.4949,0.4802,0.4722,0.4643,0.4511,0.4339,0.4161,0.3996,0.3848,0.3718,0.3602,0.3499,0.3406,0.3321,0.3245,0.3174,0.3111,0.3053,0.3001,0.2955,0.5522,0.5876,0.6361,0.7058,0.8101,0.9707,1.2081,1.4786,1.5604,1.3163,1.0012,0.7879,0.6666,0.5967,0.5516,0.5187,0.4945,0.4818,0.4803,0.476,0.4589,0.436,0.4142,0.3955,0.3797,0.3662,0.3544,0.3439,0.3346,0.326,0.3183,0.3112,0.3047,0.2989,0.2937,0.2892,0.5376,0.5698,0.6144,0.6801,0.7837,0.9584,1.2614,1.7016,1.8863,1.454,1.0003,0.7603,0.6476,0.5899,0.5522,0.5209,0.4949,0.4822,0.4871,0.4853,0.4615,0.4326,0.408,0.3883,0.3723,0.3589,0.3473,0.337,0.3277,0.3193,0.3114,0.3043,0.2978,0.2919,0.2867,0.2822,0.5179,0.5439,0.5791,0.6299,0.709,0.8425,1.0775,1.4282,1.5624,1.184,0.8342,0.6751,0.6132,0.5843,0.5592,0.529,0.4976,0.4777,0.4767,0.4714,0.4467,0.4186,0.3955,0.3773,0.3626,0.3501,0.3392,0.3293,0.3203,0.3118,0.304,0.2967,0.2901,0.2841,0.2789,0.2744,0.4949,0.5132,0.5361,0.566,0.6071,0.6662,0.7484,0.8268,0.7957,0.6546,0.5747,0.5686,0.5854,0.5954,0.5836,0.5489,0.5036,0.4665,0.4471,0.4334,0.4145,0.3946,0.3775,0.3632,0.351,0.3402,0.3304,0.3211,0.3124,0.304,0.296,0.2885,0.2816,0.2754,0.2702,0.2657,0.471,0.4818,0.493,0.5038,0.5122,0.5127,0.4907,0.4081,0.2342,0.1678,0.3322,0.4922,0.5933,0.6452,0.6418,0.5876,0.5107,0.4434,0.4033,0.385,0.3748,0.3659,0.3569,0.3479,0.339,0.3301,0.3215,0.3129,0.3043,0.2958,0.2875,0.2795,0.2722,0.2657,0.2603,0.256,0.4484,0.4533,0.4562,0.4549,0.4459,0.423,0.3736,0.2489,-0.1194,-0.2982,0.1787,0.4824,0.6552,0.7574,0.7574,0.6509,0.5069,0.3853,0.3272,0.3227,0.3321,0.3379,0.3379,0.3341,0.328,0.321,0.3133,0.3052,0.2967,0.2877,0.2786,0.2697,0.2616,0.2547,0.2491,0.2449,0.4283,0.4295,0.4279,0.4219,0.4094,0.3894,0.3652,0.3294,0.11,-0.052,0.2704,0.5322,0.7392,0.9001,0.9622,0.7268,0.467,0.2373,0.1785,0.2423,0.293,0.3171,0.3251,0.3246,0.3201,0.3139,0.3069,0.299,0.29,0.2799,0.2693,0.2589,0.2494,0.2416,0.2358,0.2319,0.4109,0.4102,0.4071,0.401,0.3918,0.3821,0.3819,0.4026,0.3601,0.3034,0.4079,0.5483,0.7165,1.0741,1.1727,0.7309,0.4041,0.0034,-0.0127,0.1841,0.2774,0.3144,0.3245,0.3224,0.3166,0.3102,0.3035,0.2954,0.2851,0.2729,0.2595,0.2463,0.2347,0.2258,0.2198,0.2166,0.396,0.3945,0.3914,0.3868,0.3814,0.3777,0.3805,0.3899,0.3788,0.3733,0.4321,0.5108,0.5663,0.8672,0.7886,0.6157,0.4337,0.166,0.1056,0.2264,0.3108,0.3453,0.3432,0.3295,0.3182,0.311,0.3048,0.2961,0.2834,0.267,0.2486,0.2308,0.2159,0.2055,0.1998,0.1981,0.3827,0.3809,0.3782,0.3748,0.3714,0.3692,0.3693,0.3689,0.3621,0.3562,0.3689,0.424,0.5236,0.5195,0.5773,0.5317,0.5594,0.3709,0.2669,0.3147,0.4193,0.4385,0.387,0.3435,0.3237,0.3179,0.3142,0.3047,0.2871,0.2629,0.2357,0.2101,0.1903,0.1784,0.1742,0.1756,0.3706,0.3685,0.3659,0.3628,0.3596,0.3567,0.3534,0.3474,0.3342,0.3042,0.2418,0.2989,0.3413,0.4019,0.4038,0.4287,0.4779,0.3197,0.2406,0.374,0.6599,0.612,0.4352,0.3509,0.3307,0.3362,0.3397,0.3275,0.2993,0.2607,0.2183,0.1798,0.153,0.141,0.1412,0.1485,0.359,0.3566,0.3537,0.3502,0.3463,0.3417,0.3354,0.3255,0.3084,0.2778,0.236,0.248,0.1255,0.0492,0.1707,0.1844,0.1747,0.0746,0.0224,0.2519,0.6763,0.6101,0.4045,0.3316,0.3426,0.3817,0.3987,0.375,0.3238,0.2599,0.1922,0.1331,0.0974,0.0893,0.0998,0.1175,0.348,0.345,0.3414,0.3371,0.332,0.3256,0.317,0.305,0.2877,0.2646,0.2373,0.1868,0.0406,-0.0282,-0.1173,-0.2015,-0.1154,-0.2004,-0.3443,-0.0787,0.2139,0.3015,0.2725,0.2876,0.3751,0.4869,0.5209,0.4565,0.3599,0.2585,0.154,0.0639,0.0193,0.0243,0.0535,0.0862,0.3372,0.3336,0.3292,0.324,0.3176,0.3095,0.2991,0.2852,0.2668,0.2422,0.2069,0.1468,0.0463,-0.1326,-0.6291,-0.8249,-0.3522,-0.2665,-0.3313,-0.2742,-0.0985,0.0445,0.1246,0.231,0.4223,0.6603,0.7091,0.5462,0.3913,0.255,0.1118,-0.0147,-0.0642,-0.0372,0.0148,0.062,0.3268,0.3225,0.3173,0.3111,0.3034,0.2939,0.2818,0.2662,0.2456,0.2176,0.177,0.1134,0.0067,-0.201,-0.582,-0.6974,-0.3816,-0.2842,-0.414,-0.4826,-0.2659,-0.1309,-0.0329,0.129,0.3863,0.6816,0.7386,0.5338,0.3882,0.2527,0.0971,-0.0444,-0.0945,-0.0579,0.0019,0.0532,0.3169,0.3119,0.3059,0.2988,0.2901,0.2793,0.2659,0.2487,0.2264,0.1965,0.1545,0.0932,0.0004,-0.1383,-0.2969,-0.3473,-0.2796,-0.2638,-0.343,-0.3761,-0.3206,-0.3284,-0.2884,-0.0753,0.2224,0.4314,0.4461,0.4219,0.3583,0.2538,0.1252,0.0085,-0.0407,-0.0223,0.0207,0.062,0.3075,0.3018,0.2952,0.2873,0.2777,0.2661,0.2517,0.2337,0.2107,0.1807,0.141,0.0877,0.0173,-0.0678,-0.1471,-0.1879,-0.1957,-0.2156,-0.2628,-0.3192,-0.4403,-0.6969,-0.757,-0.3945,0.0332,0.309,0.4015,0.3847,0.3284,0.2501,0.1609,0.0817,0.039,0.0367,0.0566,0.082,0.2986,0.2925,0.2853,0.2768,0.2666,0.2544,0.2395,0.2213,0.1986,0.1703,0.1347,0.0904,0.0377,-0.0195,-0.0717,-0.1103,-0.1396,-0.1751,-0.2311,-0.3329,-0.5621,-0.964,-1.075,-0.6185,-0.1273,0.1823,0.3125,0.3207,0.2836,0.2329,0.1777,0.1283,0.0965,0.0861,0.0914,0.1042,0.2905,0.284,0.2763,0.2674,0.2569,0.2444,0.2295,0.2116,0.19,0.1639,0.1327,0.0961,0.0551,0.0122,-0.0286,-0.0652,-0.1007,-0.1436,-0.2072,-0.3166,-0.5115,-0.7625,-0.8115,-0.5331,-0.1873,0.0598,0.1886,0.2306,0.2275,0.2055,0.1766,0.1485,0.1278,0.1177,0.1171,0.1228]}]