docs/data/wind_grid.json
[{"header":{"la1":42.85,"la2":41.18,"lo1":11.55,"lo2":14.05,"nx":36,"ny":24,"dx":0.07143,"dy":0.07261,"parameterCategory":2,"parameterNumber":2,"parameterNumberName":"eastward_wind","parameterUnit":"m.s-1"},"data":[4.519,4.5265,4.5354,4.5451,4.5547,4.5627,4.5668,4.5647,4.5544,4.5349,4.5066,4.4708,4.4287,4.3813,4.3293,4.2727,4.2121,4.148,4.0819,4.0167,3.958,3.9136,3.8901,3.8885,3.9034,3.927,3.9533,3.9786,4.0012,4.0211,4.0383,4.0533,4.0665,4.0783,4.089,4.0988,4.5199,4.5294,4.5414,4.5558,4.5715,4.5867,4.5981,4.6013,4.5928,4.571,4.5372,4.4943,4.4445,4.3893,4.3288,4.2629,4.1912,4.1138,4.0309,3.9445,3.8623,3.8,3.7736,3.7847,3.8196,3.8627,3.9041,3.9401,3.9701,3.9949,4.0156,4.0332,4.0484,4.0618,4.0738,4.0848,4.5173,4.5286,4.544,4.564,4.5882,4.6145,4.6381,4.6512,4.6461,4.62,4.5769,4.5233,4.4635,4.399,4.3294,4.2534,4.1697,4.0774,3.9747,3.8582,3.7337,3.6344,3.6045,3.6454,3.7188,3.7925,3.8541,3.9023,3.9398,3.9692,3.9931,4.0129,4.0299,4.0449,4.0582,4.0704,4.5102,4.5224,4.5407,4.5668,4.6019,4.6451,4.6904,4.7233,4.7251,4.6893,4.6282,4.5576,4.4846,4.4099,4.331,4.2448,4.1487,4.0418,3.921,3.7688,3.5666,3.3797,3.3493,3.4649,3.6087,3.7249,3.8087,3.8682,3.9116,3.9445,3.9707,3.9925,4.0111,4.0275,4.0422,4.0555,4.4972,4.5088,4.5283,4.5596,4.6071,4.6745,4.7582,4.8339,4.8515,4.7897,4.6914,4.5943,4.5054,4.4201,4.3328,4.2378,4.1296,4.0088,3.8818,3.7138,3.3934,3.0031,2.9987,3.2776,3.519,3.6758,3.7751,3.8405,3.8863,3.9207,3.9483,3.9714,3.9916,4.0094,4.0255,4.0401,4.4775,4.4863,4.5042,4.5367,4.5942,4.6897,4.8328,5.0002,5.0574,4.9246,4.7558,4.6255,4.5212,4.4263,4.3324,4.2327,4.1158,3.9774,3.8561,3.7465,3.3816,2.7889,2.8244,3.2234,3.5004,3.6613,3.7575,3.8192,3.8627,3.8964,3.9245,3.949,3.9707,3.9903,4.0079,4.0239,4.451,4.4556,4.47,4.497,4.553,4.6667,4.8618,5.1426,5.2654,5.0197,4.787,4.6406,4.5279,4.4227,4.3211,4.2245,4.1158,3.9666,3.8296,3.8024,3.5686,3.2308,3.1859,3.3845,3.5629,3.6782,3.7502,3.7989,3.8363,3.8685,3.8975,3.924,3.948,3.9697,3.9892,4.0068,4.4176,4.4196,4.4409,4.4632,4.4894,4.594,4.78,5.0074,5.0974,4.9293,4.7615,4.6404,4.5274,4.4009,4.2719,4.1822,4.1238,4.0216,3.8842,3.7807,3.5672,3.4721,3.4932,3.5648,3.642,3.6977,3.7361,3.768,3.7997,3.8323,3.8646,3.895,3.9227,3.9473,3.9692,3.9887,4.3747,4.3702,4.4266,4.4997,4.4226,4.4914,4.6615,4.7984,4.8435,4.8024,4.7311,4.647,4.5349,4.3571,4.1129,3.9981,4.0851,4.1099,3.9965,3.7308,3.282,3.3407,3.571,3.6572,3.6806,3.6836,3.6895,3.7093,3.7425,3.7827,3.8236,3.8614,3.8946,3.9232,3.9478,3.9694,4.3206,4.2716,4.2622,4.2753,4.1596,4.35,4.6003,4.7419,4.7862,4.7795,4.7406,4.6806,4.5848,4.3503,3.743,3.414,3.9834,4.2275,4.1786,3.9013,3.4974,3.5011,3.6715,3.7018,3.6518,3.5944,3.5743,3.5995,3.6531,3.7153,3.7736,3.8234,3.8642,3.8975,3.9252,3.9489,4.2734,4.1484,3.8966,3.3801,3.4948,4.2084,4.6371,4.8032,4.8146,4.8047,4.7708,4.7371,4.7111,4.5837,3.9363,3.4413,4.1547,4.4704,4.4834,4.2802,4.019,3.886,3.8198,3.6869,3.4991,3.3556,3.3325,3.4097,3.5231,3.6306,3.7175,3.7836,3.8331,3.871,3.9013,3.9269,4.2671,4.1226,3.8433,3.4186,3.5682,4.319,4.8086,5.0007,4.9118,4.826,4.7919,4.7918,4.8678,5.0374,4.8145,4.4973,4.6124,4.9217,4.9631,4.6698,4.38,4.147,3.8993,3.5419,3.0979,2.8142,2.8736,3.1178,3.3594,3.5402,3.664,3.7469,3.8034,3.844,3.8757,3.9027,4.3092,4.2116,4.0757,3.9795,4.1534,4.5755,4.9652,5.2082,5.083,4.8748,4.8003,4.8284,4.8866,5.1644,5.0196,4.721,4.8281,5.559,5.5819,4.9472,4.595,4.3057,3.9168,3.257,2.2961,1.7434,2.1429,2.7676,3.2075,3.4719,3.627,3.7191,3.7765,3.816,3.8471,3.8749,4.3748,4.3313,4.2979,4.322,4.4608,4.6925,4.9308,5.0974,5.0289,4.8367,4.7661,4.8664,4.8824,4.4938,4.6925,4.5308,4.7099,5.1804,5.2823,4.9591,4.7169,4.4519,3.9905,3.0752,1.4828,0.5645,1.5375,2.5775,3.161,3.4627,3.6196,3.7028,3.7504,3.7832,3.812,3.841,4.4382,4.4286,4.4371,4.4829,4.5774,4.7042,4.8238,4.8849,4.8357,4.7222,4.6489,4.6584,4.6554,4.61,4.6201,4.5043,4.9978,4.9357,4.9776,4.9358,4.873,4.6884,4.2318,3.3786,2.0406,1.2627,1.9672,2.8085,3.2901,3.5293,3.6415,3.6912,3.716,3.7372,3.7641,3.7973,4.4885,4.4948,4.5153,4.5562,4.6171,4.6859,4.7405,4.7548,4.7106,4.6077,4.4596,4.4435,4.5396,4.6348,4.6798,4.7863,4.9794,4.9532,4.9934,5.037,5.1714,5.035,4.5499,3.9287,3.2403,2.8511,3.0079,3.3286,3.5433,3.6431,3.6708,3.6637,3.6541,3.6633,3.6947,3.7397,4.5247,4.5369,4.5582,4.5898,4.6289,4.6672,4.6927,4.6924,4.6574,4.5811,4.4774,4.5073,4.587,4.6311,4.7183,4.8152,4.9293,5.0825,5.2057,5.1685,5.2349,5.1163,4.7207,4.3196,4.0023,3.8538,3.8396,3.8364,3.804,3.7482,3.6708,3.5862,3.5335,3.5408,3.5949,3.6669,4.5497,4.5631,4.5819,4.6057,4.6317,4.6548,4.6685,4.667,4.6475,4.6137,4.5865,4.5995,4.6271,4.6556,4.7832,4.8868,5.0259,5.3828,5.7115,5.3809,5.1725,5.0057,4.7636,4.5296,4.4283,4.4991,4.4871,4.2478,3.9961,3.7999,3.6115,3.4229,3.3193,3.3554,3.4674,3.5864,4.5665,4.5794,4.5954,4.6136,4.6321,4.6479,4.6577,4.6593,4.6529,4.6433,4.6408,4.6555,4.6878,4.7594,4.9151,4.9769,5.0681,5.4046,5.6602,5.593,5.3074,5.028,4.7964,4.6296,4.6709,5.0962,5.1901,4.5277,4.0574,3.7823,3.5102,3.1942,3.0362,3.1481,3.3486,3.5212,4.5778,4.5896,4.6032,4.6178,4.6322,4.6446,4.6537,4.6587,4.6609,4.6636,4.6725,4.6937,4.734,4.8082,4.9186,4.9719,5.0699,5.3454,5.8274,6.0282,5.4508,5.0673,4.8196,4.636,4.6286,5.1225,5.2515,4.2695,3.8857,3.7082,3.4615,3.0991,2.9165,3.0722,3.3113,3.503,4.5852,4.5959,4.6077,4.6201,4.6321,4.6431,4.6524,4.6601,4.6674,4.6767,4.6915,4.7158,4.7545,4.8116,4.8803,4.9472,5.0541,5.2611,5.5665,5.6452,5.3255,5.0563,4.863,4.6122,4.3069,3.8886,3.0375,3.1646,3.5365,3.6215,3.5156,3.2801,3.1359,3.2183,3.3887,3.544,4.59,4.5997,4.6102,4.6211,4.6319,4.6422,4.6519,4.6613,4.6714,4.6838,4.7009,4.7252,4.759,4.8032,4.856,4.918,5.0029,5.121,5.237,5.2477,5.1468,5.109,5.0598,4.7063,4.1284,3.2244,2.1165,2.677,3.425,3.6057,3.5998,3.5039,3.423,3.4394,3.5237,3.623,4.5928,4.6017,4.6113,4.6211,4.631,4.6409,4.6508,4.6611,4.6724,4.686,4.7033,4.7257,4.7543,4.7896,4.8313,4.88,4.9378,5.0008,5.0486,5.0584,5.0698,5.206,5.2634,4.833,4.2064,3.5274,3.059,3.3052,3.6459,3.6657,3.6662,3.6413,3.6102,3.6122,3.6515,3.7099,4.5941,4.6024,4.6112,4.6202,4.6295,4.639,4.6488,4.6592,4.6707,4.6842,4.7004,4.7201,4.7439,4.7718,4.8036,4.8387,4.8758,4.9102,4.9343,4.9482,4.9805,5.0623,5.0471,4.7432,4.2933,3.8653,3.6109,3.6177,3.6852,3.6928,3.7125,3.7224,3.7216,3.7287,3.752,3.7882]},{"header":{"la1":42.85,"la2":41.18,"lo1":11.55,"lo2":14.05,"nx":36,"ny":24,"dx":0.07143,"dy":0.07261,"parameterCategory":2,"parameterNumber":3,"parameterNumberName":"northward_wind","parameterUnit":"m.s-1"},"data":[0.3225,0.3301,0.3361,0.3402,0.3418,0.3402,0.3339,0.3209,0.2993,0.2686,0.2295,0.1839,0.1334,0.0787,0.0205,-0.0412,-0.1057,-0.1716,-0.2367,-0.2973,-0.348,-0.3814,-0.3911,-0.3765,-0.3431,-0.2991,-0.2514,-0.2045,-0.1607,-0.1209,-0.0852,-0.0535,-0.0253,-0.0004,0.0215,0.0409,0.3457,0.3565,0.3658,0.3732,0.3788,0.3819,0.3805,0.3706,0.3484,0.3124,0.2648,0.2094,0.149,0.0846,0.016,-0.0575,-0.1358,-0.2178,-0.3013,-0.383,-0.4556,-0.5047,-0.5152,-0.4855,-0.4287,-0.3614,-0.2944,-0.2329,-0.1785,-0.131,-0.0897,-0.054,-0.0229,0.0041,0.0277,0.0481,0.3717,0.3868,0.3998,0.4111,0.4217,0.4324,0.4405,0.4386,0.4174,0.3731,0.3114,0.2414,0.1684,0.0931,0.0132,-0.0736,-0.1687,-0.2705,-0.3769,-0.4878,-0.5987,-0.6812,-0.693,-0.6308,-0.5314,-0.4282,-0.3357,-0.2571,-0.1913,-0.1361,-0.0897,-0.0503,-0.0167,0.0121,0.0368,0.0581,0.4015,0.4222,0.4398,0.4547,0.4704,0.4918,0.5188,0.5371,0.5213,0.4607,0.3725,0.2795,0.1907,0.104,0.0131,-0.0882,-0.2034,-0.33,-0.4612,-0.6049,-0.7824,-0.9444,-0.9561,-0.818,-0.6427,-0.4897,-0.3679,-0.2721,-0.1959,-0.1342,-0.0836,-0.0414,-0.0059,0.0241,0.0496,0.0713,0.436,0.4655,0.4895,0.5064,0.5233,0.5567,0.6189,0.6882,0.692,0.5917,0.4483,0.3194,0.2128,0.1167,0.0174,-0.0975,-0.2377,-0.3995,-0.556,-0.7088,-0.9729,-1.3182,-1.3104,-1.0107,-0.7303,-0.5269,-0.3808,-0.2724,-0.1891,-0.1233,-0.0701,-0.0264,0.01,0.0406,0.0663,0.0879,0.476,0.5214,0.558,0.5749,0.5801,0.614,0.7276,0.9168,0.9818,0.7739,0.5227,0.3488,0.2293,0.1299,0.028,-0.095,-0.2609,-0.4808,-0.6887,-0.7784,-1.0174,-1.5249,-1.4847,-1.0643,-0.7376,-0.5181,-0.3651,-0.2533,-0.1684,-0.1018,-0.0483,-0.0045,0.0317,0.062,0.0873,0.1085,0.5191,0.5943,0.6643,0.6867,0.6508,0.6416,0.774,1.1136,1.2901,0.898,0.5395,0.3497,0.2358,0.1417,0.0436,-0.0744,-0.245,-0.5164,-0.8288,-0.8391,-0.8832,-1.1218,-1.1302,-0.8896,-0.6464,-0.4587,-0.3191,-0.2141,-0.1332,-0.0694,-0.0179,0.0244,0.0596,0.0888,0.1131,0.1331,0.5537,0.6748,0.8284,0.8989,0.7636,0.6313,0.6704,0.8953,1.0041,0.7055,0.4471,0.3185,0.2363,0.15,0.0497,-0.0505,-0.1754,-0.3932,-0.6578,-0.7537,-0.8816,-0.9235,-0.8323,-0.6813,-0.5139,-0.3667,-0.2491,-0.1572,-0.0848,-0.0267,0.021,0.0606,0.0937,0.1212,0.1439,0.1623,0.555,0.7062,0.9713,1.1856,0.8631,0.577,0.4936,0.4965,0.4601,0.358,0.3,0.282,0.2498,0.1569,-0.0026,-0.1014,-0.1097,-0.2028,-0.4018,-0.7023,-1.1883,-1.1043,-0.7536,-0.5371,-0.3828,-0.2603,-0.1632,-0.0867,-0.0253,0.0252,0.0676,0.1037,0.1341,0.1595,0.1801,0.1964,0.5057,0.612,0.7792,0.882,0.6154,0.4405,0.3402,0.2369,0.0814,0.0226,0.1559,0.2741,0.3134,0.2074,-0.1971,-0.4274,-0.0973,-0.0212,-0.1602,-0.4888,-0.9353,-0.9009,-0.5955,-0.3866,-0.247,-0.1439,-0.066,-0.0062,0.0426,0.0844,0.1213,0.1536,0.1812,0.2041,0.2222,0.2358,0.4275,0.4549,0.4168,0.2144,0.2202,0.2965,0.2459,0.1231,-0.2172,-0.3939,0.0539,0.3196,0.4681,0.4668,-0.0076,-0.3858,0.0703,0.2197,0.1487,-0.0872,-0.3443,-0.4161,-0.3269,-0.2073,-0.0997,-0.0162,0.0409,0.0815,0.1162,0.1494,0.1812,0.2104,0.2356,0.256,0.2712,0.2814,0.3571,0.35,0.2907,0.1783,0.1862,0.2402,0.2259,0.1921,-0.0103,-0.1577,0.1438,0.4095,0.6758,0.993,0.774,0.4348,0.4441,0.5994,0.5685,0.2698,0.012,-0.1112,-0.1149,-0.0451,0.052,0.1253,0.1562,0.1719,0.1922,0.2187,0.2475,0.275,0.2985,0.3166,0.3284,0.3343,0.306,0.2962,0.2678,0.2337,0.2249,0.2277,0.2357,0.2713,0.2168,0.1472,0.262,0.4751,0.6887,1.1623,1.0058,0.7061,0.6845,1.104,1.0862,0.4735,0.1436,0.0003,-0.0141,0.0679,0.2025,0.2822,0.2706,0.2564,0.2672,0.2922,0.3216,0.3497,0.3728,0.3885,0.396,0.3959,0.2682,0.2606,0.2463,0.2301,0.2179,0.2121,0.2197,0.2412,0.2125,0.1638,0.2351,0.5076,0.6146,0.6063,0.7089,0.9167,0.783,0.8154,0.7796,0.3558,0.0581,-0.0572,-0.0239,0.1132,0.3088,0.397,0.3452,0.3246,0.3423,0.3735,0.4075,0.439,0.4631,0.4762,0.4773,0.4684,0.2376,0.2308,0.2202,0.2076,0.195,0.1847,0.1782,0.1663,0.1195,0.0361,-0.007,0.1027,0.209,-0.0302,0.546,0.9493,0.5604,0.4923,0.3195,0.0199,-0.276,-0.3143,-0.1439,0.0755,0.2783,0.3644,0.3679,0.3932,0.4317,0.4715,0.512,0.5497,0.5768,0.5862,0.577,0.5539,0.2114,0.2042,0.194,0.1814,0.167,0.1505,0.1288,0.0906,0.0097,-0.1656,-0.4947,-0.3473,-0.1504,0.0658,0.2849,0.4557,0.4226,0.2447,-0.015,-0.3766,-0.9197,-0.7833,-0.3189,0.0146,0.243,0.3753,0.4569,0.5172,0.5582,0.5953,0.6412,0.6914,0.7262,0.729,0.7006,0.6542,0.1886,0.1804,0.1696,0.1559,0.1389,0.1171,0.0862,0.0362,-0.0528,-0.2187,-0.4604,-0.346,-0.3245,-0.3327,-0.0444,0.0643,0.039,-0.1792,-0.425,-0.5916,-1.0355,-0.8659,-0.3517,0.0388,0.3471,0.5794,0.7099,0.7407,0.732,0.7423,0.796,0.8766,0.9306,0.9184,0.8525,0.7671,0.1686,0.1594,0.1477,0.1328,0.114,0.0895,0.056,0.0076,-0.0629,-0.1563,-0.2367,-0.2626,-0.3722,-0.4187,-0.412,-0.4579,-0.3932,-0.6746,-1.0265,-0.7342,-0.6578,-0.527,-0.215,0.1732,0.6152,1.0381,1.1962,1.0731,0.9324,0.8893,0.9637,1.1165,1.2129,1.1614,1.0244,0.8811,0.1512,0.1412,0.1287,0.113,0.0935,0.0686,0.0365,-0.0053,-0.0576,-0.1165,-0.1716,-0.2262,-0.3107,-0.4763,-1.0385,-1.2936,-0.7164,-0.7672,-0.9691,-0.8863,-0.654,-0.4019,-0.0982,0.3273,0.9504,1.7277,1.9065,1.4211,1.094,0.9923,1.1032,1.3798,1.5408,1.4093,1.1735,0.9691,0.1361,0.1256,0.1126,0.0967,0.0773,0.0534,0.024,-0.0117,-0.0536,-0.1,-0.1506,-0.2134,-0.3142,-0.5273,-0.9745,-1.1238,-0.7567,-0.7432,-1.0734,-1.2298,-0.7461,-0.3912,-0.0719,0.3679,1.0314,1.8713,2.0525,1.4798,1.133,1.0065,1.1306,1.4777,1.6742,1.4968,1.2201,0.9963,0.1232,0.1124,0.0993,0.0836,0.0648,0.0423,0.0156,-0.0156,-0.0516,-0.0925,-0.1404,-0.2024,-0.294,-0.4377,-0.6143,-0.6775,-0.6222,-0.6668,-0.8637,-0.9154,-0.6452,-0.4069,-0.1762,0.231,0.8149,1.3402,1.5117,1.3571,1.0503,0.905,0.9954,1.2576,1.4219,1.3267,1.1303,0.9512,0.1124,0.1015,0.0886,0.0733,0.0554,0.0345,0.0102,-0.0177,-0.0497,-0.0864,-0.1299,-0.184,-0.2542,-0.3411,-0.4255,-0.4729,-0.4915,-0.5327,-0.5956,-0.5957,-0.5298,-0.5529,-0.512,-0.0607,0.5683,1.1487,1.5626,1.2996,0.7888,0.6573,0.7617,0.9427,1.0678,1.0611,0.9701,0.8598,0.1034,0.0926,0.08,0.0654,0.0486,0.0292,0.0071,-0.018,-0.0466,-0.0791,-0.1168,-0.1612,-0.213,-0.2693,-0.321,-0.3589,-0.3861,-0.4133,-0.4374,-0.449,-0.5,-0.7168,-0.7982,-0.2876,0.3389,0.8277,1.0517,0.7506,0.2625,0.3282,0.5406,0.7092,0.8145,0.8445,0.8158,0.7583,0.096,0.0855,0.0734,0.0596,0.0439,0.0261,0.006,-0.0166,-0.0418,-0.0702,-0.102,-0.1376,-0.1763,-0.2157,-0.2516,-0.2807,-0.3033,-0.3216,-0.3368,-0.357,-0.4174,-0.5424,-0.5397,-0.2133,0.2128,0.5346,0.6411,0.4522,0.1877,0.2587,0.442,0.5782,0.6617,0.6976,0.695,0.6677]}]