docs/data/wind_grid.json
[{"header":{"la1":42.85,"la2":41.18,"lo1":11.55,"lo2":14.05,"nx":36,"ny":24,"dx":0.07143,"dy":0.07261,"parameterCategory":2,"parameterNumber":2,"parameterNumberName":"eastward_wind","parameterUnit":"m.s-1"},"data":[-0.0015,-0.0135,-0.0268,-0.0411,-0.0559,-0.0701,-0.0826,-0.092,-0.0977,-0.1007,-0.1031,-0.1077,-0.1171,-0.1327,-0.1546,-0.1814,-0.2102,-0.2367,-0.256,-0.2647,-0.2616,-0.2482,-0.2278,-0.2036,-0.1784,-0.1539,-0.1311,-0.1105,-0.0921,-0.0759,-0.0617,-0.0492,-0.0384,-0.0288,-0.0205,-0.0131,-0.0031,-0.0169,-0.0328,-0.0506,-0.0697,-0.089,-0.1059,-0.1178,-0.1227,-0.1217,-0.1186,-0.1188,-0.1266,-0.1444,-0.1727,-0.21,-0.252,-0.2918,-0.3208,-0.3322,-0.3246,-0.3019,-0.2704,-0.2358,-0.2018,-0.1705,-0.1425,-0.1181,-0.0971,-0.079,-0.0634,-0.0501,-0.0387,-0.0288,-0.0202,-0.0127,-0.0037,-0.0195,-0.0383,-0.0606,-0.0862,-0.1137,-0.1393,-0.1569,-0.1611,-0.1524,-0.1385,-0.1298,-0.1335,-0.1533,-0.1901,-0.2426,-0.3056,-0.368,-0.4134,-0.4281,-0.4104,-0.3703,-0.3207,-0.2708,-0.2254,-0.1859,-0.1522,-0.124,-0.1003,-0.0805,-0.0639,-0.0499,-0.0381,-0.028,-0.0193,-0.0119,-0.0029,-0.0204,-0.0423,-0.0697,-0.1041,-0.1449,-0.1875,-0.2191,-0.2241,-0.2001,-0.1648,-0.1393,-0.1353,-0.1565,-0.2038,-0.2774,-0.3734,-0.4755,-0.5512,-0.569,-0.528,-0.4552,-0.3768,-0.3061,-0.2467,-0.1982,-0.1589,-0.127,-0.1011,-0.08,-0.0626,-0.0483,-0.0364,-0.0264,-0.0178,-0.0105,-0.0001,-0.0188,-0.043,-0.0754,-0.1198,-0.1799,-0.2536,-0.3194,-0.3322,-0.2759,-0.1974,-0.1437,-0.1282,-0.15,-0.2088,-0.3085,-0.4525,-0.6245,-0.7592,-0.7764,-0.6828,-0.5516,-0.4317,-0.3358,-0.262,-0.2051,-0.1609,-0.1263,-0.0989,-0.0771,-0.0596,-0.0453,-0.0336,-0.024,-0.0158,-0.0088,0.005,-0.0137,-0.0386,-0.0736,-0.1256,-0.206,-0.3268,-0.4666,-0.509,-0.3823,-0.225,-0.1334,-0.1067,-0.1296,-0.1982,-0.3222,-0.5218,-0.799,-1.0422,-1.0478,-0.8518,-0.6359,-0.47,-0.3515,-0.2665,-0.2039,-0.1569,-0.1211,-0.0933,-0.0717,-0.0546,-0.0409,-0.0299,-0.0209,-0.0133,-0.0068,0.0125,-0.0051,-0.0283,-0.0613,-0.1121,-0.1984,-0.3519,-0.5817,-0.6799,-0.4465,-0.206,-0.0929,-0.0659,-0.0928,-0.1668,-0.3009,-0.5297,-0.8878,-1.2449,-1.2326,-0.935,-0.6602,-0.4715,-0.3447,-0.2565,-0.193,-0.146,-0.1108,-0.0841,-0.0636,-0.0477,-0.0353,-0.0254,-0.0173,-0.0105,-0.0047,0.0218,0.0063,-0.0133,-0.0394,-0.0776,-0.1405,-0.2542,-0.4326,-0.5006,-0.2861,-0.0911,-0.0138,-0.0066,-0.042,-0.1166,-0.2421,-0.4441,-0.7461,-1.0466,-1.0536,-0.8206,-0.5927,-0.4284,-0.3136,-0.2317,-0.1721,-0.1282,-0.0957,-0.0714,-0.0532,-0.0394,-0.0287,-0.0203,-0.0135,-0.0078,-0.0027,0.032,0.0187,0.0032,-0.0149,-0.0357,-0.0598,-0.0865,-0.1026,-0.0568,0.0423,0.0907,0.0875,0.0613,0.0157,-0.0581,-0.1714,-0.3296,-0.5193,-0.6784,-0.7061,-0.6081,-0.4756,-0.3581,-0.2653,-0.195,-0.1428,-0.1045,-0.0764,-0.056,-0.0411,-0.0301,-0.0218,-0.0154,-0.0101,-0.0055,-0.0013,0.0423,0.0305,0.0173,0.0036,-0.0075,-0.008,0.0217,0.1216,0.3099,0.3932,0.2785,0.1793,0.123,0.0727,-0.001,-0.118,-0.2742,-0.4289,-0.5236,-0.5311,-0.4694,-0.3776,-0.2865,-0.21,-0.1509,-0.1073,-0.0761,-0.0541,-0.0388,-0.0282,-0.0207,-0.0153,-0.0111,-0.0075,-0.0042,-0.0008,0.0525,0.041,0.0273,0.0118,-0.004,-0.0139,0.0057,0.1428,0.5895,0.7966,0.4076,0.2316,0.169,0.1274,0.0555,-0.0888,-0.315,-0.5477,-0.6372,-0.5649,-0.4377,-0.3182,-0.2226,-0.1516,-0.1014,-0.0672,-0.0446,-0.0302,-0.0212,-0.0157,-0.0124,-0.0102,-0.0084,-0.0066,-0.0044,-0.0018,0.0629,0.051,0.0353,0.0139,-0.0169,-0.0631,-0.1285,-0.1465,0.2306,0.5321,0.3388,0.2432,0.2033,0.1892,0.1058,-0.0765,-0.4661,-0.9941,-1.0883,-0.7552,-0.4571,-0.2679,-0.1536,-0.0857,-0.046,-0.0236,-0.0119,-0.0065,-0.0049,-0.0053,-0.0065,-0.0078,-0.0085,-0.0083,-0.0071,-0.0048,0.0743,0.0624,0.0453,0.0194,-0.0232,-0.0978,-0.2301,-0.3959,-0.2217,0.1335,0.2505,0.2671,0.2469,0.173,0.0932,-0.0867,-0.6313,-1.7437,-1.7571,-0.9019,-0.4126,-0.1714,-0.0562,-0.0044,0.0163,0.0217,0.0197,0.0142,0.0075,0.0009,-0.005,-0.0096,-0.0126,-0.0137,-0.0129,-0.0105,0.0875,0.0768,0.061,0.0363,-0.0041,-0.0717,-0.1767,-0.2868,-0.1783,0.1215,0.2783,0.3077,0.3082,0.3616,0.1623,-0.1489,-0.5771,-1.2012,-1.259,-0.6238,-0.1833,0.0214,0.0873,0.0949,0.0827,0.0646,0.0457,0.0283,0.0133,0.0007,-0.0096,-0.0173,-0.0223,-0.0241,-0.0229,-0.0194,0.1026,0.0946,0.0828,0.0652,0.0387,0.0014,-0.0396,-0.0438,0.0714,0.2752,0.4108,0.4146,0.372,0.3865,0.1818,-0.381,-0.8738,-0.5899,-0.431,-0.0959,0.2318,0.325,0.2703,0.2008,0.1433,0.0968,0.0598,0.0311,0.009,-0.0084,-0.0223,-0.0328,-0.0392,-0.0408,-0.038,-0.0321,0.1191,0.1147,0.1087,0.1005,0.0909,0.0834,0.0901,0.1372,0.2551,0.449,0.6867,0.5962,0.4974,0.3734,0.2061,-0.2467,-0.6234,-0.2768,0.0112,0.3323,0.7217,0.6663,0.4369,0.2839,0.181,0.1063,0.0534,0.0171,-0.0084,-0.028,-0.0445,-0.0576,-0.0651,-0.0652,-0.0589,-0.0487,0.136,0.1356,0.1352,0.1358,0.1394,0.1507,0.179,0.2377,0.3395,0.4913,0.6614,0.59,0.534,0.5166,0.3586,0.1773,0.0623,0.1735,0.3299,0.4999,0.795,0.7258,0.4904,0.314,0.1793,0.0799,0.0177,-0.0179,-0.0405,-0.0583,-0.0758,-0.0922,-0.1011,-0.098,-0.0852,-0.0682,0.1525,0.1555,0.1598,0.1667,0.1784,0.1985,0.2322,0.285,0.3588,0.4448,0.5089,0.5172,0.5394,0.5531,0.5721,0.5714,0.4472,0.458,0.5015,0.565,0.6275,0.592,0.4619,0.299,0.1347,0.0108,-0.0474,-0.0724,-0.0867,-0.097,-0.1128,-0.1341,-0.1455,-0.1365,-0.1139,-0.0879,0.1677,0.1733,0.181,0.1918,0.2074,0.2301,0.2622,0.3052,0.3571,0.4104,0.453,0.4833,0.5223,0.6154,0.9415,1.0758,0.6966,0.5962,0.6397,0.8407,0.7412,0.606,0.4648,0.2816,0.0711,-0.072,-0.1033,-0.136,-0.1494,-0.1421,-0.1469,-0.1718,-0.1865,-0.1704,-0.1372,-0.1028,0.1812,0.1887,0.1984,0.2112,0.2282,0.2505,0.2791,0.3138,0.3529,0.3926,0.43,0.4688,0.5267,0.6521,0.9085,0.9868,0.7628,0.7654,1.143,1.3287,0.9218,0.6965,0.5331,0.3101,0.0386,-0.1144,-0.137,-0.257,-0.2486,-0.1945,-0.1693,-0.1852,-0.1998,-0.1815,-0.1448,-0.1074,0.1928,0.2015,0.2123,0.2259,0.2428,0.2636,0.2887,0.3177,0.3495,0.3827,0.4174,0.4576,0.5137,0.6004,0.7053,0.7418,0.7159,0.7858,1.0023,1.0819,0.9174,0.8273,0.7235,0.4438,0.0469,-0.3266,-0.668,-0.6055,-0.3935,-0.25,-0.1824,-0.1736,-0.1787,-0.1638,-0.1332,-0.0998,0.2025,0.2119,0.2231,0.2367,0.2529,0.2721,0.2943,0.3192,0.3464,0.3755,0.407,0.4436,0.4888,0.5438,0.5978,0.6323,0.6599,0.7219,0.8163,0.8769,0.9386,1.1239,1.1518,0.7316,0.1374,-0.4773,-0.9525,-0.7848,-0.4671,-0.2772,-0.1857,-0.1545,-0.1456,-0.1319,-0.109,-0.0829,0.2105,0.2201,0.2314,0.2446,0.2599,0.2775,0.2973,0.3192,0.343,0.3687,0.3967,0.4281,0.4637,0.5024,0.5402,0.5741,0.6105,0.6613,0.7283,0.8181,1.0044,1.3613,1.4647,0.9596,0.3116,-0.2462,-0.5775,-0.5555,-0.3846,-0.2463,-0.167,-0.1299,-0.1127,-0.0984,-0.0809,-0.0612,0.217,0.2266,0.2376,0.2502,0.2645,0.2806,0.2984,0.3179,0.339,0.3617,0.3863,0.4129,0.4418,0.4722,0.5029,0.5342,0.5693,0.6139,0.6746,0.7687,0.9351,1.1592,1.1916,0.8653,0.41,0.0182,-0.2207,-0.2819,-0.2379,-0.1737,-0.1253,-0.0964,-0.0794,-0.0663,-0.0527,-0.0381]},{"header":{"la1":42.85,"la2":41.18,"lo1":11.55,"lo2":14.05,"nx":36,"ny":24,"dx":0.07143,"dy":0.07261,"parameterCategory":2,"parameterNumber":3,"parameterNumberName":"northward_wind","parameterUnit":"m.s-1"},"data":[-0.1872,-0.1685,-0.1465,-0.1216,-0.0952,-0.0695,-0.0476,-0.0329,-0.0274,-0.031,-0.0405,-0.0519,-0.0617,-0.0676,-0.0691,-0.0667,-0.062,-0.0567,-0.0531,-0.0527,-0.056,-0.0629,-0.0724,-0.0835,-0.0953,-0.1075,-0.1195,-0.1314,-0.143,-0.1543,-0.1652,-0.1757,-0.1858,-0.1954,-0.2045,-0.2129,-0.1914,-0.1694,-0.1423,-0.1102,-0.074,-0.0369,-0.0041,0.0176,0.0232,0.0131,-0.007,-0.029,-0.0464,-0.0564,-0.0585,-0.0541,-0.0456,-0.0362,-0.0294,-0.0279,-0.0326,-0.0425,-0.0557,-0.0703,-0.0852,-0.0999,-0.114,-0.1277,-0.1408,-0.1534,-0.1655,-0.1771,-0.1882,-0.1986,-0.2085,-0.2176,-0.1989,-0.1738,-0.141,-0.0994,-0.0492,0.0065,0.0592,0.0953,0.1022,0.079,0.0386,-0.0019,-0.0315,-0.047,-0.0494,-0.0412,-0.0262,-0.0092,0.0033,0.0061,-0.0018,-0.0174,-0.0365,-0.0562,-0.075,-0.0926,-0.1091,-0.1245,-0.1392,-0.1532,-0.1666,-0.1794,-0.1915,-0.203,-0.2136,-0.2234,-0.2111,-0.1837,-0.1454,-0.0931,-0.0238,0.0615,0.1518,0.2199,0.2321,0.1815,0.1006,0.0278,-0.0198,-0.0419,-0.0432,-0.0287,-0.0028,0.0275,0.0504,0.0546,0.0392,0.013,-0.0154,-0.0419,-0.0654,-0.0863,-0.105,-0.1223,-0.1386,-0.1541,-0.1688,-0.1829,-0.1962,-0.2086,-0.2202,-0.2307,-0.2295,-0.2017,-0.1599,-0.0978,-0.0065,0.1214,0.2805,0.4231,0.4548,0.3421,0.1786,0.0529,-0.0171,-0.0442,-0.0423,-0.0186,0.0236,0.0773,0.1202,0.1247,0.0923,0.0469,0.005,-0.0296,-0.0578,-0.0815,-0.1023,-0.1214,-0.1392,-0.1561,-0.1723,-0.1878,-0.2024,-0.216,-0.2285,-0.2397,-0.2549,-0.2301,-0.1895,-0.1234,-0.0154,0.1592,0.423,0.725,0.8191,0.5642,0.2479,0.0547,-0.0318,-0.0572,-0.0484,-0.0145,0.0465,0.1351,0.2144,0.2157,0.1494,0.0763,0.0196,-0.0218,-0.0534,-0.079,-0.1014,-0.1218,-0.1411,-0.1596,-0.1774,-0.1944,-0.2105,-0.2254,-0.2389,-0.2509,-0.2876,-0.27,-0.2377,-0.1796,-0.0745,0.1173,0.4612,0.9631,1.1726,0.6981,0.2241,0.003,-0.0711,-0.0808,-0.0614,-0.0209,0.0497,0.1641,0.2818,0.2775,0.1771,0.0848,0.0218,-0.0212,-0.0531,-0.0791,-0.1021,-0.1236,-0.1443,-0.1645,-0.1842,-0.2031,-0.2209,-0.2373,-0.252,-0.2649,-0.326,-0.3199,-0.3037,-0.2681,-0.1957,-0.0524,0.2197,0.6345,0.7965,0.3754,0.014,-0.1142,-0.1298,-0.1082,-0.0761,-0.036,0.0231,0.116,0.2141,0.2159,0.1369,0.0619,0.0094,-0.0277,-0.0565,-0.0813,-0.1043,-0.1267,-0.1489,-0.1712,-0.1931,-0.2143,-0.2343,-0.2525,-0.2685,-0.2822,-0.3672,-0.3755,-0.3807,-0.3783,-0.3601,-0.3122,-0.2224,-0.1216,-0.142,-0.2782,-0.317,-0.2593,-0.1842,-0.1242,-0.0815,-0.048,-0.0125,0.0339,0.0798,0.0886,0.0591,0.0214,-0.0109,-0.0376,-0.0614,-0.0841,-0.1069,-0.1304,-0.1548,-0.1797,-0.2046,-0.2289,-0.2516,-0.272,-0.2895,-0.3038,-0.407,-0.4302,-0.4581,-0.4912,-0.5295,-0.5725,-0.6243,-0.716,-0.8924,-0.9288,-0.6467,-0.3691,-0.2012,-0.1119,-0.0663,-0.0439,-0.0322,-0.0215,-0.0083,0.0003,-0.0023,-0.0131,-0.0281,-0.0454,-0.0646,-0.0858,-0.109,-0.1344,-0.1616,-0.1902,-0.2193,-0.2477,-0.274,-0.2971,-0.3162,-0.3311,-0.4411,-0.4771,-0.5246,-0.5882,-0.6734,-0.7842,-0.914,-1.057,-1.3826,-1.5556,-0.8621,-0.3818,-0.1605,-0.0684,-0.0274,-0.0199,-0.0352,-0.0572,-0.0632,-0.0499,-0.0358,-0.0306,-0.0347,-0.0462,-0.0632,-0.0845,-0.1094,-0.1377,-0.1693,-0.2033,-0.2382,-0.2723,-0.3035,-0.3299,-0.3507,-0.3656,-0.4658,-0.5106,-0.5712,-0.6551,-0.7729,-0.9358,-1.1373,-1.2836,-1.2984,-1.2775,-0.7143,-0.2745,-0.0862,-0.0627,0.0348,0.0222,-0.0332,-0.1166,-0.1345,-0.0865,-0.0467,-0.0278,-0.0262,-0.0367,-0.055,-0.0786,-0.1067,-0.1397,-0.1775,-0.2193,-0.2629,-0.3053,-0.3431,-0.3738,-0.396,-0.4099,-0.4791,-0.5271,-0.5922,-0.6827,-0.8118,-0.9977,-1.2533,-1.4945,-1.3169,-0.8871,-0.4388,-0.1195,0.0038,0.0296,0.1595,0.0754,-0.0131,-0.2289,-0.2365,-0.101,-0.0277,0.0025,0.003,-0.0139,-0.0385,-0.0669,-0.0997,-0.1389,-0.1858,-0.2392,-0.2958,-0.3505,-0.3977,-0.4334,-0.4561,-0.4669,-0.4806,-0.5263,-0.5871,-0.6694,-0.7831,-0.9405,-1.144,-1.3288,-1.1682,-0.6592,-0.2531,-0.021,0.0535,0.3392,0.1762,0.1611,0.1461,-0.0763,-0.1349,-0.0364,0.0481,0.0807,0.0618,0.0236,-0.0138,-0.0484,-0.086,-0.133,-0.1928,-0.264,-0.3409,-0.4146,-0.4752,-0.5164,-0.5371,-0.5405,-0.4719,-0.5112,-0.561,-0.6245,-0.7045,-0.8001,-0.8936,-0.9142,-0.7264,-0.3765,-0.1068,0.0318,0.1671,0.3762,0.2003,0.3337,0.5953,0.2022,0.032,0.09,0.2328,0.2504,0.1571,0.0708,0.0162,-0.0209,-0.0603,-0.1164,-0.1953,-0.2946,-0.4045,-0.5085,-0.5886,-0.6343,-0.6467,-0.635,-0.4558,-0.4864,-0.5225,-0.564,-0.6083,-0.6467,-0.6569,-0.5954,-0.4214,-0.1655,0.0504,0.1479,0.1125,0.1179,0.0973,0.2453,0.4347,0.1515,0.0238,0.2045,0.6043,0.5292,0.2544,0.1056,0.0469,0.0231,-0.0095,-0.0773,-0.1869,-0.3321,-0.4968,-0.6507,-0.7586,-0.803,-0.7936,-0.7529,-0.4356,-0.4573,-0.4804,-0.5029,-0.5203,-0.5235,-0.497,-0.4217,-0.2883,-0.1159,0.0301,0.0367,-0.1093,-0.1925,-0.1093,-0.0667,-0.0416,-0.1461,-0.195,0.0846,0.6371,0.5385,0.2306,0.0984,0.0827,0.1079,0.0956,0.0044,-0.1581,-0.3768,-0.6316,-0.8689,-1.0144,-1.0399,-0.9817,-0.8909,-0.4142,-0.4281,-0.4409,-0.45,-0.4513,-0.4384,-0.4033,-0.3399,-0.2507,-0.1543,-0.0894,-0.1008,-0.2094,-0.2668,-0.3686,-0.439,-0.3551,-0.4258,-0.5502,-0.2889,0.0416,0.1321,0.0669,0.0558,0.1466,0.2832,0.3047,0.1478,-0.1048,-0.4263,-0.8161,-1.1859,-1.374,-1.3413,-1.1948,-1.0322,-0.3936,-0.4016,-0.4071,-0.4081,-0.4015,-0.3838,-0.3519,-0.3051,-0.249,-0.1968,-0.1685,-0.1834,-0.2482,-0.3948,-0.8167,-0.9816,-0.5785,-0.5014,-0.5573,-0.5228,-0.3348,-0.1806,-0.1045,0.0009,0.2285,0.5605,0.625,0.3067,-0.0538,-0.4682,-1.0068,-1.5403,-1.7591,-1.6281,-1.3742,-1.1406,-0.3752,-0.3789,-0.3799,-0.3766,-0.3673,-0.3502,-0.3247,-0.2922,-0.2578,-0.2303,-0.2213,-0.243,-0.3119,-0.4739,-0.7848,-0.8787,-0.6157,-0.5414,-0.6918,-0.771,-0.5238,-0.3663,-0.2613,-0.0998,0.1866,0.5896,0.67,0.268,-0.0641,-0.4755,-1.0659,-1.6722,-1.8999,-1.7242,-1.4308,-1.1745,-0.3593,-0.3604,-0.3589,-0.3538,-0.3443,-0.3299,-0.3108,-0.2891,-0.2686,-0.2552,-0.2564,-0.2804,-0.3375,-0.4385,-0.5606,-0.5979,-0.5411,-0.5337,-0.6182,-0.6485,-0.5629,-0.5293,-0.4764,-0.2917,-0.0295,0.1397,0.0486,0.0046,-0.1241,-0.4385,-0.9245,-1.4226,-1.643,-1.5477,-1.3301,-1.12,-0.3461,-0.3456,-0.3429,-0.3376,-0.3291,-0.3177,-0.304,-0.2899,-0.2781,-0.2727,-0.2782,-0.2991,-0.3388,-0.3949,-0.4501,-0.4772,-0.4797,-0.4945,-0.5324,-0.5671,-0.6324,-0.7974,-0.8331,-0.5596,-0.2419,-0.0849,-0.0997,-0.0937,-0.1714,-0.3938,-0.725,-1.0587,-1.2459,-1.2458,-1.1386,-1.0055,-0.3354,-0.334,-0.331,-0.326,-0.3191,-0.3104,-0.3009,-0.2919,-0.2856,-0.2844,-0.2909,-0.3073,-0.3338,-0.3673,-0.3995,-0.423,-0.4402,-0.4627,-0.4991,-0.5636,-0.713,-0.9878,-1.0653,-0.7372,-0.3889,-0.1919,-0.1311,-0.1425,-0.2187,-0.3718,-0.5817,-0.792,-0.9331,-0.9754,-0.9426,-0.8743,-0.3267,-0.3251,-0.3222,-0.3179,-0.3124,-0.3061,-0.2996,-0.2941,-0.291,-0.2918,-0.2981,-0.3106,-0.329,-0.3513,-0.3739,-0.3946,-0.4151,-0.441,-0.4807,-0.5508,-0.6795,-0.8493,-0.8816,-0.686,-0.4475,-0.2879,-0.2185,-0.2172,-0.2693,-0.3685,-0.4992,-0.6317,-0.7319,-0.7812,-0.7836,-0.7555]}]