docs/data/wind_grid.json
[{"header":{"la1":42.85,"la2":41.18,"lo1":11.55,"lo2":14.05,"nx":36,"ny":24,"dx":0.07143,"dy":0.07261,"parameterCategory":2,"parameterNumber":2,"parameterNumberName":"eastward_wind","parameterUnit":"m.s-1"},"data":[-0.7346,-0.7471,-0.761,-0.7757,-0.79,-0.8016,-0.8076,-0.8045,-0.79,-0.764,-0.7285,-0.6876,-0.6449,-0.6035,-0.5652,-0.5311,-0.5023,-0.4795,-0.4639,-0.4559,-0.4551,-0.4599,-0.4684,-0.4787,-0.4894,-0.4994,-0.5085,-0.5163,-0.5228,-0.5282,-0.5326,-0.5361,-0.5389,-0.5411,-0.5429,-0.5444,-0.7424,-0.7583,-0.7772,-0.7987,-0.8216,-0.8432,-0.8586,-0.8614,-0.8462,-0.8123,-0.7641,-0.7087,-0.6525,-0.5995,-0.5516,-0.5094,-0.4736,-0.4454,-0.4267,-0.4191,-0.4218,-0.4323,-0.447,-0.4629,-0.478,-0.4915,-0.503,-0.5124,-0.52,-0.5261,-0.5308,-0.5345,-0.5373,-0.5394,-0.5411,-0.5425,-0.7483,-0.7678,-0.7922,-0.8223,-0.8578,-0.8956,-0.9286,-0.9443,-0.9303,-0.8835,-0.8136,-0.7357,-0.6604,-0.5926,-0.5331,-0.481,-0.4359,-0.3992,-0.3753,-0.3684,-0.3779,-0.3982,-0.4226,-0.4463,-0.4672,-0.4847,-0.4987,-0.5098,-0.5184,-0.5249,-0.5298,-0.5334,-0.536,-0.538,-0.5395,-0.5406,-0.7509,-0.7735,-0.8036,-0.8436,-0.8958,-0.9593,-1.0253,-1.0704,-1.0626,-0.9913,-0.8819,-0.7677,-0.6661,-0.5804,-0.5082,-0.4451,-0.3875,-0.3364,-0.3019,-0.2963,-0.3193,-0.357,-0.3963,-0.4306,-0.4584,-0.48,-0.4966,-0.509,-0.5181,-0.5248,-0.5296,-0.5329,-0.5351,-0.5367,-0.5378,-0.5386,-0.7491,-0.7733,-0.8076,-0.857,-0.9282,-1.0282,-1.154,-1.2671,-1.281,-1.1563,-0.9698,-0.7991,-0.6642,-0.5592,-0.4748,-0.4017,-0.3293,-0.2533,-0.1943,-0.191,-0.2425,-0.3112,-0.3719,-0.4188,-0.4535,-0.4789,-0.4973,-0.5104,-0.5197,-0.526,-0.5302,-0.5329,-0.5345,-0.5354,-0.536,-0.5363,-0.7418,-0.765,-0.8001,-0.8545,-0.9411,-1.0804,-1.2955,-1.5533,-1.6324,-1.3827,-1.0566,-0.8136,-0.6454,-0.523,-0.4293,-0.3518,-0.2699,-0.1585,-0.0466,-0.0483,-0.1573,-0.2722,-0.357,-0.4153,-0.4551,-0.4827,-0.5017,-0.5147,-0.5233,-0.5287,-0.5318,-0.5334,-0.534,-0.534,-0.5338,-0.5337,-0.7284,-0.7473,-0.7776,-0.8286,-0.917,-1.0732,-1.353,-1.7824,-1.9719,-1.533,-1.0714,-0.7866,-0.6012,-0.4645,-0.3617,-0.2897,-0.2237,-0.1039,0.064,0.0551,-0.1159,-0.265,-0.3623,-0.4244,-0.4652,-0.4924,-0.5105,-0.5221,-0.529,-0.5327,-0.5341,-0.5341,-0.5333,-0.5322,-0.5312,-0.5303,-0.7098,-0.7203,-0.7393,-0.7768,-0.8494,-0.9803,-1.2063,-1.5377,-1.6677,-1.3163,-0.9543,-0.7137,-0.5333,-0.3762,-0.2461,-0.1818,-0.1772,-0.1411,-0.0403,-0.0484,-0.1838,-0.3084,-0.3925,-0.4475,-0.4841,-0.5084,-0.5238,-0.5328,-0.537,-0.538,-0.537,-0.5348,-0.5322,-0.5296,-0.5275,-0.5259,-0.688,-0.6866,-0.6875,-0.7023,-0.7516,-0.844,-0.9666,-1.0828,-1.0949,-0.9684,-0.8009,-0.6338,-0.4631,-0.2604,-0.0259,0.0648,-0.0664,-0.1876,-0.2203,-0.2476,-0.3136,-0.3843,-0.4402,-0.4812,-0.5106,-0.5303,-0.5419,-0.5468,-0.5471,-0.5443,-0.5399,-0.5349,-0.53,-0.5257,-0.5223,-0.52,-0.6672,-0.6525,-0.6292,-0.6106,-0.6417,-0.7269,-0.8046,-0.8494,-0.8581,-0.8262,-0.7269,-0.5866,-0.4257,-0.1756,0.3447,0.6007,0.0988,-0.2245,-0.3514,-0.3992,-0.4303,-0.4613,-0.4916,-0.5195,-0.5427,-0.5584,-0.5653,-0.5647,-0.5591,-0.551,-0.5421,-0.5335,-0.5259,-0.5196,-0.515,-0.512,-0.6523,-0.6285,-0.585,-0.5284,-0.5466,-0.6578,-0.7282,-0.7671,-0.8424,-0.879,-0.7186,-0.5677,-0.441,-0.2715,0.2373,0.5978,-0.0049,-0.3701,-0.5099,-0.532,-0.5248,-0.5245,-0.5365,-0.5576,-0.5803,-0.5949,-0.5963,-0.5869,-0.5726,-0.5572,-0.5426,-0.5296,-0.5187,-0.5102,-0.5044,-0.5011,-0.6464,-0.6237,-0.5846,-0.5368,-0.5556,-0.6486,-0.6974,-0.7119,-0.7656,-0.7982,-0.671,-0.5508,-0.4711,-0.4458,-0.3451,-0.212,-0.389,-0.6847,-0.7694,-0.6742,-0.5984,-0.5668,-0.5683,-0.593,-0.6271,-0.6468,-0.6386,-0.6138,-0.5862,-0.5611,-0.5394,-0.5212,-0.5067,-0.4961,-0.4893,-0.4862,-0.6479,-0.6334,-0.6143,-0.6015,-0.6212,-0.6641,-0.6884,-0.6905,-0.6954,-0.6843,-0.6162,-0.544,-0.4811,-0.473,-0.4563,-0.4563,-0.6281,-1.0624,-1.0737,-0.7728,-0.6286,-0.5769,-0.5796,-0.6226,-0.6889,-0.7235,-0.6933,-0.6412,-0.5957,-0.5595,-0.53,-0.506,-0.4876,-0.4749,-0.4679,-0.466,-0.6525,-0.6455,-0.6395,-0.64,-0.6524,-0.6708,-0.6836,-0.6882,-0.6844,-0.6597,-0.6079,-0.5621,-0.517,-0.1712,-0.4119,-0.5383,-0.6803,-0.8943,-0.9183,-0.7155,-0.5822,-0.5371,-0.5598,-0.6317,-0.7404,-0.7953,-0.7336,-0.6534,-0.5934,-0.548,-0.5109,-0.4806,-0.4578,-0.4436,-0.4378,-0.4389,-0.6568,-0.6541,-0.6531,-0.6557,-0.6626,-0.6713,-0.678,-0.681,-0.6805,-0.6809,-0.6669,-0.5859,-0.442,-0.3054,-0.4414,-0.6426,-0.7778,-0.7252,-0.688,-0.5679,-0.4333,-0.4182,-0.4989,-0.5987,-0.7029,-0.7528,-0.7036,-0.6321,-0.573,-0.5232,-0.4787,-0.4404,-0.4122,-0.3975,-0.3957,-0.4032,-0.6599,-0.6592,-0.6596,-0.6619,-0.6659,-0.6707,-0.6752,-0.6805,-0.6945,-0.7468,-0.8908,-0.6443,-0.5609,-0.4708,-0.5318,-0.6594,-0.7405,-0.6781,-0.5962,-0.4256,-0.145,-0.2076,-0.4212,-0.5501,-0.6232,-0.6508,-0.6309,-0.5872,-0.5378,-0.4852,-0.4301,-0.3786,-0.3425,-0.3296,-0.3376,-0.3576,-0.6619,-0.6619,-0.6628,-0.6645,-0.6672,-0.6705,-0.6748,-0.6826,-0.7023,-0.7573,-0.8627,-0.7176,-0.5712,-0.5406,-0.6188,-0.6837,-0.6879,-0.6284,-0.5523,-0.4236,-0.1103,-0.1909,-0.4246,-0.5405,-0.5861,-0.5955,-0.5801,-0.5459,-0.4983,-0.4378,-0.3626,-0.2853,-0.2353,-0.231,-0.2607,-0.3029,-0.6631,-0.6635,-0.6644,-0.6659,-0.668,-0.6707,-0.6748,-0.6819,-0.695,-0.7155,-0.7227,-0.6716,-0.5852,-0.588,-0.7834,-0.8711,-0.7585,-0.5765,-0.4395,-0.545,-0.4749,-0.4597,-0.5319,-0.5777,-0.589,-0.5896,-0.5722,-0.5222,-0.4613,-0.3868,-0.278,-0.1497,-0.076,-0.0974,-0.1696,-0.2457,-0.664,-0.6646,-0.6655,-0.6669,-0.6687,-0.6712,-0.6748,-0.6799,-0.687,-0.6934,-0.6922,-0.6809,-0.6843,-0.7895,-1.1557,-1.2953,-0.91,-0.6714,-0.5988,-0.8021,-0.7462,-0.6813,-0.6612,-0.6341,-0.6021,-0.6296,-0.6323,-0.5048,-0.4176,-0.342,-0.198,0.0091,0.115,0.042,-0.0897,-0.2021,-0.6647,-0.6655,-0.6665,-0.6679,-0.6697,-0.6721,-0.6753,-0.6794,-0.6844,-0.6895,-0.6949,-0.7069,-0.7482,-0.8718,-1.128,-1.2038,-0.9563,-0.8548,-1.0518,-1.1727,-0.942,-0.8578,-0.8087,-0.7077,-0.5875,-0.6031,-0.614,-0.3712,-0.3375,-0.3218,-0.1841,0.0678,0.1936,0.0901,-0.068,-0.1929,-0.6654,-0.6663,-0.6674,-0.6689,-0.6708,-0.6733,-0.6765,-0.6806,-0.6859,-0.6928,-0.7036,-0.7242,-0.7665,-0.8443,-0.9408,-0.9666,-0.9111,-0.9045,-1.0052,-1.0591,-1.0328,-1.0894,-1.0741,-0.8602,-0.5501,-0.2206,0.1969,0.0692,-0.25,-0.3674,-0.2836,-0.0826,0.0355,-0.0162,-0.1275,-0.2263,-0.666,-0.6671,-0.6684,-0.6701,-0.6722,-0.6749,-0.6784,-0.6829,-0.6889,-0.6973,-0.7101,-0.7307,-0.7632,-0.8077,-0.8514,-0.8724,-0.876,-0.8984,-0.9557,-1.0359,-1.2086,-1.5456,-1.6254,-1.1725,-0.6091,-0.0037,0.6176,0.2371,-0.4107,-0.5658,-0.4696,-0.3102,-0.2017,-0.1891,-0.2324,-0.288,-0.6667,-0.6679,-0.6694,-0.6713,-0.6736,-0.6766,-0.6804,-0.6853,-0.6919,-0.7009,-0.7136,-0.7315,-0.7556,-0.7842,-0.8119,-0.8342,-0.8559,-0.8914,-0.9567,-1.0843,-1.3731,-1.8918,-2.0408,-1.4259,-0.7724,-0.275,-0.0256,-0.392,-0.9555,-0.8882,-0.6635,-0.4899,-0.3811,-0.3358,-0.3352,-0.3559,-0.6673,-0.6687,-0.6704,-0.6724,-0.675,-0.6782,-0.6822,-0.6874,-0.6942,-0.7031,-0.7148,-0.73,-0.7488,-0.7701,-0.7924,-0.8154,-0.8431,-0.8846,-0.9549,-1.0833,-1.3172,-1.627,-1.6834,-1.312,-0.8636,-0.5511,-0.471,-0.719,-1.0337,-0.9534,-0.7435,-0.5872,-0.4886,-0.4355,-0.4154,-0.4156]},{"header":{"la1":42.85,"la2":41.18,"lo1":11.55,"lo2":14.05,"nx":36,"ny":24,"dx":0.07143,"dy":0.07261,"parameterCategory":2,"parameterNumber":3,"parameterNumberName":"northward_wind","parameterUnit":"m.s-1"},"data":[-0.5225,-0.5341,-0.5462,-0.5585,-0.5703,-0.5803,-0.5872,-0.5893,-0.5852,-0.575,-0.5596,-0.541,-0.5208,-0.5001,-0.4797,-0.4599,-0.441,-0.4234,-0.4073,-0.3928,-0.3798,-0.3677,-0.3563,-0.3453,-0.3344,-0.3236,-0.3129,-0.3024,-0.292,-0.2817,-0.2717,-0.2619,-0.2526,-0.2436,-0.2351,-0.2271,-0.5324,-0.5463,-0.5614,-0.5775,-0.594,-0.6096,-0.6216,-0.627,-0.6232,-0.6099,-0.5893,-0.5647,-0.539,-0.5138,-0.4896,-0.4664,-0.4444,-0.4241,-0.4062,-0.3908,-0.3776,-0.3658,-0.3546,-0.3436,-0.3326,-0.3216,-0.3105,-0.2996,-0.2887,-0.2779,-0.2673,-0.257,-0.247,-0.2375,-0.2286,-0.2202,-0.5415,-0.5578,-0.5762,-0.5971,-0.6202,-0.6441,-0.6652,-0.6774,-0.6748,-0.656,-0.6261,-0.5922,-0.5591,-0.5284,-0.4998,-0.4725,-0.4463,-0.4222,-0.4017,-0.3857,-0.3731,-0.3624,-0.3519,-0.3413,-0.3304,-0.3192,-0.3079,-0.2965,-0.2851,-0.2737,-0.2625,-0.2515,-0.2409,-0.2308,-0.2213,-0.2126,-0.5493,-0.5678,-0.5896,-0.6157,-0.6473,-0.684,-0.7214,-0.7481,-0.7489,-0.7192,-0.672,-0.6231,-0.5802,-0.5436,-0.5107,-0.4787,-0.4465,-0.416,-0.3914,-0.3753,-0.3653,-0.3572,-0.3485,-0.3386,-0.3279,-0.3167,-0.3052,-0.2934,-0.2814,-0.2694,-0.2573,-0.2455,-0.2341,-0.2233,-0.2132,-0.204,-0.5555,-0.5756,-0.6,-0.6309,-0.6718,-0.726,-0.7922,-0.8511,-0.8619,-0.8078,-0.7266,-0.6548,-0.6007,-0.5595,-0.5238,-0.4871,-0.446,-0.4034,-0.3704,-0.3559,-0.3531,-0.3506,-0.3445,-0.3357,-0.3254,-0.3143,-0.3027,-0.2905,-0.2779,-0.2649,-0.2519,-0.239,-0.2266,-0.2149,-0.2041,-0.1943,-0.5596,-0.5806,-0.6061,-0.6395,-0.6872,-0.7596,-0.8673,-0.9928,-1.0324,-0.9216,-0.7799,-0.6802,-0.6178,-0.5767,-0.5423,-0.5027,-0.4496,-0.385,-0.3335,-0.325,-0.3379,-0.3439,-0.3407,-0.3329,-0.3231,-0.3124,-0.3008,-0.2882,-0.2747,-0.2606,-0.2462,-0.232,-0.2183,-0.2055,-0.1938,-0.1833,-0.562,-0.583,-0.6076,-0.6393,-0.6864,-0.7649,-0.9012,-1.1027,-1.1892,-0.9973,-0.8014,-0.6892,-0.6293,-0.5972,-0.5728,-0.5358,-0.4712,-0.3797,-0.3009,-0.3004,-0.3296,-0.3403,-0.3378,-0.3305,-0.3216,-0.3117,-0.3004,-0.2873,-0.2727,-0.2568,-0.2405,-0.2243,-0.2089,-0.1947,-0.1819,-0.1707,-0.5633,-0.5842,-0.6068,-0.6327,-0.669,-0.7315,-0.8414,-0.9986,-1.061,-0.9184,-0.7711,-0.6806,-0.6357,-0.6252,-0.628,-0.6046,-0.5305,-0.4255,-0.3406,-0.3263,-0.339,-0.3409,-0.3356,-0.3288,-0.3218,-0.3138,-0.3032,-0.2894,-0.2726,-0.254,-0.2347,-0.2158,-0.1981,-0.1821,-0.1681,-0.1561,-0.5641,-0.5866,-0.6092,-0.6288,-0.6476,-0.6805,-0.7415,-0.8175,-0.8545,-0.8193,-0.7402,-0.6674,-0.6368,-0.6627,-0.7345,-0.7484,-0.6348,-0.5001,-0.4097,-0.3683,-0.3511,-0.34,-0.3324,-0.3284,-0.3262,-0.322,-0.3125,-0.2967,-0.276,-0.2527,-0.2289,-0.2061,-0.1854,-0.1672,-0.1518,-0.1391,-0.5639,-0.5909,-0.6208,-0.6438,-0.6438,-0.6391,-0.6669,-0.7435,-0.8644,-0.8964,-0.7668,-0.6551,-0.6219,-0.6848,-0.9165,-1.038,-0.7506,-0.5388,-0.4301,-0.3752,-0.3462,-0.3312,-0.3269,-0.3317,-0.3399,-0.343,-0.3342,-0.3133,-0.2847,-0.2533,-0.2226,-0.1944,-0.1698,-0.149,-0.1321,-0.1189,-0.5597,-0.5919,-0.6353,-0.6809,-0.6706,-0.6079,-0.5918,-0.6816,-1.027,-1.1993,-0.813,-0.6242,-0.5773,-0.6185,-0.8586,-1.0374,-0.7049,-0.4905,-0.3906,-0.3454,-0.3216,-0.3122,-0.3195,-0.3433,-0.3737,-0.3905,-0.3792,-0.3445,-0.2998,-0.2549,-0.2142,-0.1791,-0.1498,-0.1263,-0.1081,-0.0946,-0.5481,-0.5791,-0.622,-0.6684,-0.6508,-0.555,-0.4782,-0.4624,-0.7313,-0.9422,-0.6955,-0.5557,-0.5222,-0.5156,-0.5593,-0.6114,-0.5065,-0.3597,-0.3017,-0.2927,-0.2823,-0.2828,-0.3097,-0.3704,-0.4485,-0.4912,-0.4638,-0.3944,-0.3198,-0.2547,-0.201,-0.1576,-0.1233,-0.0971,-0.0782,-0.0653,-0.5287,-0.5509,-0.5754,-0.5894,-0.5612,-0.4872,-0.3934,-0.2968,-0.3905,-0.5499,-0.5289,-0.4643,-0.4777,-0.5,-0.5029,-0.4766,-0.3796,-0.2287,-0.2159,-0.241,-0.2314,-0.2378,-0.2905,-0.4118,-0.5875,-0.6796,-0.5959,-0.4539,-0.3347,-0.2455,-0.1781,-0.1264,-0.0874,-0.0593,-0.0407,-0.0298,-0.5052,-0.5178,-0.5267,-0.5236,-0.4987,-0.4522,-0.3932,-0.3404,-0.3737,-0.4473,-0.4477,-0.3839,-0.3938,-0.7321,-0.5179,-0.4093,-0.3155,-0.2445,-0.2165,-0.1905,-0.1545,-0.1606,-0.2401,-0.4238,-0.7208,-0.8763,-0.7007,-0.4791,-0.324,-0.2177,-0.1399,-0.0813,-0.0385,-0.0099,0.0064,0.0133,-0.4816,-0.4877,-0.4892,-0.4826,-0.4653,-0.4394,-0.4117,-0.3951,-0.4029,-0.4116,-0.4054,-0.4133,-0.4739,-0.5056,-0.4679,-0.3158,-0.219,-0.2252,-0.1741,-0.0934,-0.0116,-0.023,-0.1374,-0.3337,-0.6063,-0.7505,-0.6097,-0.4159,-0.2716,-0.1653,-0.0825,-0.0181,0.0277,0.0547,0.0655,0.0648,-0.4601,-0.4625,-0.4613,-0.4551,-0.4438,-0.4291,-0.4148,-0.4047,-0.3972,-0.3786,-0.3374,-0.3929,-0.4109,-0.4317,-0.3868,-0.2856,-0.2184,-0.1717,-0.0827,0.0409,0.2142,0.1656,-0.0155,-0.1903,-0.3542,-0.4384,-0.3959,-0.2953,-0.1905,-0.0931,-0.0052,0.0676,0.1169,0.139,0.1386,0.1251,-0.4407,-0.4412,-0.4391,-0.4338,-0.4258,-0.416,-0.4058,-0.3959,-0.3841,-0.3648,-0.338,-0.3615,-0.3467,-0.3259,-0.3135,-0.2488,-0.1678,-0.0491,0.0562,0.1163,0.2526,0.2038,0.0434,-0.0922,-0.2021,-0.2659,-0.264,-0.2048,-0.1146,-0.0131,0.0901,0.1808,0.2366,0.2471,0.2258,0.1919,-0.4233,-0.4226,-0.42,-0.4154,-0.4089,-0.401,-0.3923,-0.3828,-0.3721,-0.3601,-0.3502,-0.3424,-0.3178,-0.2989,-0.2418,-0.1744,-0.0825,0.1189,0.2668,0.1755,0.1588,0.1315,0.056,-0.044,-0.1632,-0.2766,-0.2954,-0.1948,-0.0627,0.0662,0.1989,0.3239,0.3904,0.3761,0.3197,0.2582,-0.4073,-0.4058,-0.4029,-0.3984,-0.3925,-0.3853,-0.3771,-0.368,-0.358,-0.3472,-0.3354,-0.3195,-0.2941,-0.2462,-0.1459,-0.1077,-0.0477,0.1349,0.2504,0.2463,0.1954,0.1522,0.0993,0.0014,-0.1825,-0.4669,-0.5253,-0.2385,-0.0113,0.1458,0.3034,0.4703,0.5486,0.4958,0.3982,0.311,-0.3924,-0.3903,-0.387,-0.3824,-0.3765,-0.3695,-0.3613,-0.352,-0.3414,-0.3292,-0.3141,-0.2931,-0.2611,-0.2082,-0.1372,-0.1038,-0.0328,0.1201,0.3099,0.3744,0.2689,0.241,0.2101,0.1066,-0.1045,-0.4696,-0.5491,-0.1106,0.109,0.2358,0.3673,0.5283,0.6052,0.5383,0.4297,0.3364,-0.3784,-0.3757,-0.372,-0.3671,-0.361,-0.3537,-0.3451,-0.3352,-0.3235,-0.3095,-0.2918,-0.2681,-0.2354,-0.1915,-0.1419,-0.0919,-0.0126,0.1118,0.2507,0.3102,0.3359,0.4302,0.4523,0.3186,0.1432,0.0862,0.3022,0.3134,0.3102,0.3543,0.4022,0.4773,0.5239,0.4865,0.4092,0.3331,-0.3652,-0.362,-0.3577,-0.3524,-0.3459,-0.3382,-0.3291,-0.3183,-0.3056,-0.2901,-0.2708,-0.2461,-0.2146,-0.1756,-0.1299,-0.0746,0.0001,0.0973,0.2021,0.3101,0.5032,0.8324,0.9259,0.6229,0.3736,0.3852,0.5779,0.5139,0.5259,0.5292,0.4741,0.4472,0.4418,0.4166,0.3686,0.3137,-0.3526,-0.3489,-0.3441,-0.3384,-0.3314,-0.3232,-0.3134,-0.3019,-0.2882,-0.2717,-0.2516,-0.2267,-0.1961,-0.1591,-0.1145,-0.0598,0.0094,0.0959,0.2035,0.3609,0.6578,1.1345,1.2655,0.8274,0.5014,0.4346,0.4947,0.6013,0.8092,0.7437,0.5724,0.4651,0.4115,0.374,0.3343,0.2915,-0.3406,-0.3364,-0.3312,-0.325,-0.3175,-0.3088,-0.2985,-0.2863,-0.272,-0.2548,-0.2343,-0.2094,-0.1796,-0.1437,-0.1006,-0.0481,0.0168,0.0983,0.2059,0.3639,0.6113,0.9102,0.9815,0.7421,0.5219,0.4525,0.4995,0.6566,0.845,0.7777,0.6019,0.475,0.3996,0.3502,0.3098,0.2718]}]