docs/data/wind_grid.json
{"header": {"la1":42.1,"la2":41.55,"lo1":12.1,"lo2":12.95,"nx":50,"ny":50,"dx":0.01735,"dy":0.01122,"parameterCategory":2,"parameterNumber":3,"parameterNumberName":"northward_wind","parameterUnit":"m.s-1"}, "data":
[rows 0 to 39 of 50, columns 0 to 49 of 50]
-3.9227,-3.9245,-3.9265,-3.9289,-3.9315,-3.9345,-3.9378,-3.9413,-3.9452,-3.9493,-3.9535,-3.9579,-3.9624,-3.9669,-3.9712,-3.9754,-3.9793,-3.9829,-3.986,-3.9887,-3.9909,-3.9924,-3.9931,-3.9929,-3.9915,-3.9886,-3.984,-3.9772,-3.9678,-3.9556,-3.9401,-3.9212,-3.8992,-3.8742,-3.8471,-3.8189,-3.791,-3.7648,-3.742,-3.7235,-3.7103,-3.7026,-3.7001,-3.7023,-3.7083,-3.7172,-3.7282,-3.7405,-3.7535,-3.7666
-3.9207,-3.9224,-3.9245,-3.9269,-3.9296,-3.9326,-3.936,-3.9397,-3.9438,-3.9481,-3.9526,-3.9573,-3.9621,-3.9669,-3.9716,-3.9761,-3.9803,-3.9842,-3.9877,-3.9906,-3.9931,-3.9949,-3.9959,-3.9961,-3.9951,-3.9926,-3.9882,-3.9816,-3.9721,-3.9594,-3.9431,-3.923,-3.899,-3.8716,-3.8416,-3.8101,-3.7788,-3.7495,-3.7241,-3.7038,-3.6898,-3.6821,-3.6805,-3.6841,-3.6919,-3.7028,-3.7158,-3.7299,-3.7446,-3.7593
-3.9185,-3.9202,-3.9223,-3.9247,-3.9274,-3.9306,-3.9341,-3.9379,-3.9422,-3.9467,-3.9515,-3.9565,-3.9617,-3.9668,-3.9719,-3.9767,-3.9813,-3.9855,-3.9892,-3.9925,-3.9952,-3.9973,-3.9988,-3.9994,-3.9988,-3.9968,-3.9928,-3.9864,-3.9769,-3.9639,-3.9469,-3.9254,-3.8995,-3.8695,-3.8361,-3.801,-3.7659,-3.733,-3.7046,-3.6824,-3.6674,-3.66,-3.6594,-3.6648,-3.6747,-3.6879,-3.7031,-3.7194,-3.7359,-3.7522
-3.9162,-3.9179,-3.9199,-3.9223,-3.9251,-3.9283,-3.9319,-3.9359,-3.9403,-3.9451,-3.9502,-3.9556,-3.9611,-3.9666,-3.9721,-3.9773,-3.9822,-3.9867,-3.9907,-3.9942,-3.9973,-3.9997,-4.0016,-4.0026,-4.0026,-4.0011,-3.9976,-3.9916,-3.9824,-3.9692,-3.9515,-3.9287,-3.9008,-3.8679,-3.831,-3.7917,-3.7523,-3.7153,-3.6835,-3.6591,-3.6433,-3.6362,-3.6371,-3.6446,-3.657,-3.6728,-3.6905,-3.709,-3.7275,-3.7455
-3.9137,-3.9154,-3.9173,-3.9197,-3.9225,-3.9258,-3.9295,-3.9336,-3.9383,-3.9433,-3.9487,-3.9545,-3.9603,-3.9663,-3.9721,-3.9777,-3.983,-3.9878,-3.9921,-3.9959,-3.9992,-4.002,-4.0042,-4.0058,-4.0064,-4.0056,-4.0028,-3.9973,-3.9884,-3.9753,-3.957,-3.9331,-3.9032,-3.8673,-3.8265,-3.7826,-3.7382,-3.6966,-3.661,-3.6341,-3.6174,-3.611,-3.6136,-3.6237,-3.639,-3.6576,-3.678,-3.6989,-3.7195,-3.7393
-3.9111,-3.9126,-3.9146,-3.9169,-3.9197,-3.923,-3.9268,-3.9311,-3.9359,-3.9412,-3.947,-3.9531,-3.9594,-3.9658,-3.9721,-3.9781,-3.9837,-3.9888,-3.9934,-3.9974,-4.0009,-4.004,-4.0067,-4.0088,-4.0101,-4.0101,-4.0082,-4.0035,-3.9952,-3.9823,-3.9638,-3.9388,-3.9069,-3.868,-3.823,-3.774,-3.724,-3.677,-3.6371,-3.6076,-3.59,-3.5845,-3.5894,-3.6024,-3.6209,-3.6428,-3.6661,-3.6895,-3.7123,-3.7338
-3.9083,-3.9098,-3.9116,-3.9139,-3.9167,-3.92,-3.9238,-3.9283,-3.9333,-3.9389,-3.945,-3.9515,-3.9583,-3.9651,-3.9719,-3.9784,-3.9844,-3.9897,-3.9945,-3.9986,-4.0023,-4.0057,-4.0088,-4.0116,-4.0137,-4.0147,-4.0138,-4.0101,-4.0027,-3.9903,-3.9717,-3.946,-3.9122,-3.8703,-3.8209,-3.7664,-3.7102,-3.6572,-3.6124,-3.5798,-3.5615,-3.5571,-3.5647,-3.5811,-3.6033,-3.6286,-3.655,-3.681,-3.7059,-3.7291
-3.9053,-3.9067,-3.9084,-3.9106,-3.9133,-3.9166,-3.9205,-3.9251,-3.9303,-3.9362,-3.9426,-3.9496,-3.9568,-3.9643,-3.9716,-3.9786,-3.9849,-3.9906,-3.9954,-3.9996,-4.0034,-4.007,-4.0105,-4.014,-4.017,-4.0191,-4.0195,-4.0171,-4.0109,-3.9993,-3.9812,-3.955,-3.9197,-3.8748,-3.8209,-3.7604,-3.6974,-3.6377,-3.5874,-3.5516,-3.5325,-3.5297,-3.5403,-3.5605,-3.5867,-3.6156,-3.6451,-3.6737,-3.7007,-3.7255
-3.9022,-3.9034,-3.905,-3.9071,-3.9097,-3.913,-3.9169,-3.9216,-3.927,-3.9331,-3.9399,-3.9473,-3.9552,-3.9632,-3.9711,-3.9786,-3.9854,-3.9913,-3.9962,-4.0003,-4.004,-4.0077,-4.0116,-4.0158,-4.0199,-4.0234,-4.0253,-4.0246,-4.0198,-4.0096,-3.9923,-3.9661,-3.9297,-3.8821,-3.8238,-3.7571,-3.6868,-3.6196,-3.5632,-3.5238,-3.504,-3.503,-3.5171,-3.5415,-3.5717,-3.6043,-3.6369,-3.668,-3.6969,-3.7232
-3.8989,-3.8999,-3.9013,-3.9033,-3.9058,-3.909,-3.9129,-3.9176,-3.9232,-3.9296,-3.9368,-3.9447,-3.9531,-3.9618,-3.9704,-3.9785,-3.9858,-3.9919,-3.9967,-4.0006,-4.004,-4.0076,-4.0118,-4.0169,-4.0223,-4.0274,-4.0312,-4.0324,-4.0296,-4.0211,-4.0051,-3.9796,-3.9426,-3.8929,-3.8305,-3.7576,-3.6795,-3.6042,-3.5412,-3.4979,-3.4775,-3.4785,-3.4963,-3.525,-3.5593,-3.5954,-3.6309,-3.6643,-3.6948,-3.7223
-3.8954,-3.8962,-3.8974,-3.8992,-3.9016,-3.9047,-3.9085,-3.9133,-3.919,-3.9256,-3.9332,-3.9416,-3.9507,-3.9602,-3.9696,-3.9784,-3.9861,-3.9924,-3.997,-4.0004,-4.0032,-4.0065,-4.011,-4.017,-4.024,-4.031,-4.0369,-4.0405,-4.0401,-4.0339,-4.02,-3.9958,-3.9591,-3.908,-3.842,-3.7631,-3.6772,-3.5935,-3.5234,-3.4758,-3.4547,-3.4578,-3.4793,-3.5121,-3.5503,-3.5896,-3.6276,-3.6628,-3.6947,-3.7231
-3.8917,-3.8923,-3.8933,-3.8948,-3.897,-3.8999,-3.9037,-3.9084,-3.9142,-3.9211,-3.929,-3.938,-3.9478,-3.9581,-3.9684,-3.9781,-3.9864,-3.9928,-3.9971,-3.9996,-4.0015,-4.0042,-4.0089,-4.016,-4.0248,-4.0341,-4.0426,-4.0489,-4.0514,-4.0481,-4.0369,-4.015,-3.9795,-3.9281,-3.8595,-3.7754,-3.6819,-3.5898,-3.5121,-3.4601,-3.438,-3.443,-3.4678,-3.5042,-3.5456,-3.5876,-3.6274,-3.664,-3.6967,-3.7258
-3.8879,-3.8882,-3.8889,-3.8902,-3.8921,-3.8948,-3.8984,-3.9031,-3.9089,-3.9159,-3.9242,-3.9338,-3.9444,-3.9557,-3.967,-3.9777,-3.9867,-3.9933,-3.997,-3.9982,-3.9986,-4.0002,-4.005,-4.0134,-4.0246,-4.0367,-4.0482,-4.0577,-4.0635,-4.0638,-4.0561,-4.0375,-4.0045,-3.954,-3.8841,-3.796,-3.6959,-3.5956,-3.5105,-3.4536,-3.4301,-3.4364,-3.4636,-3.5027,-3.5463,-3.5899,-3.6309,-3.6681,-3.7012,-3.7303
-3.8839,-3.8838,-3.8842,-3.8852,-3.8868,-3.8892,-3.8926,-3.8971,-3.9029,-3.9101,-3.9187,-3.9288,-3.9403,-3.9526,-3.9652,-3.9771,-3.9871,-3.9939,-3.9968,-3.9962,-3.9941,-3.994,-3.9989,-4.0092,-4.0234,-4.0389,-4.0539,-4.0668,-4.0765,-4.081,-4.0778,-4.0635,-4.0343,-3.9864,-3.917,-3.8266,-3.7212,-3.6137,-3.5215,-3.4596,-3.4339,-3.4401,-3.4684,-3.5086,-3.5532,-3.5972,-3.6383,-3.6753,-3.7081,-3.7369
-3.8797,-3.8793,-3.8794,-3.8799,-3.8812,-3.8832,-3.8863,-3.8906,-3.8962,-3.9034,-3.9123,-3.923,-3.9353,-3.9488,-3.9629,-3.9764,-3.9876,-3.9949,-3.9968,-3.9936,-3.9879,-3.9851,-3.99,-4.0032,-4.0214,-4.041,-4.0597,-4.0766,-4.0905,-4.0999,-4.102,-4.0934,-4.0695,-4.0259,-3.959,-3.8684,-3.7597,-3.6465,-3.548,-3.4809,-3.4519,-3.4563,-3.4836,-3.523,-3.5667,-3.6098,-3.6498,-3.6858,-3.7176,-3.7455
-3.8754,-3.8746,-3.8742,-3.8744,-3.8752,-3.8768,-3.8795,-3.8834,-3.8888,-3.896,-3.905,-3.9162,-3.9293,-3.9442,-3.96,-3.9754,-3.9884,-3.9965,-3.9975,-3.9907,-3.9797,-3.9728,-3.9779,-3.9953,-4.019,-4.0434,-4.0662,-4.0871,-4.1056,-4.1205,-4.129,-4.1272,-4.1102,-4.0728,-4.0105,-3.9222,-3.8127,-3.6958,-3.592,-3.5194,-3.4856,-3.486,-3.5099,-3.5462,-3.5871,-3.6276,-3.6655,-3.6996,-3.7297,-3.7561
-3.871,-3.8697,-3.8689,-3.8685,-3.8688,-3.8699,-3.8721,-3.8756,-3.8806,-3.8875,-3.8967,-3.9082,-3.9221,-3.9384,-3.9561,-3.9739,-3.9894,-3.9991,-3.9994,-3.9885,-3.9699,-3.9567,-3.9624,-3.9865,-4.0175,-4.0472,-4.0739,-4.0986,-4.1219,-4.1429,-4.1588,-4.1653,-4.1567,-4.1273,-4.0718,-3.988,-3.8801,-3.7618,-3.6538,-3.5755,-3.5354,-3.5294,-3.5472,-3.5781,-3.6142,-3.6507,-3.6851,-3.7163,-3.7441,-3.7685
-3.8664,-3.8647,-3.8634,-3.8624,-3.8621,-3.8626,-3.8642,-3.867,-3.8716,-3.8781,-3.8871,-3.8988,-3.9135,-3.9311,-3.951,-3.9717,-3.9905,-4.003,-4.0039,-3.9887,-3.9601,-3.9372,-3.9445,-3.9789,-4.0187,-4.0535,-4.0834,-4.1115,-4.1396,-4.1672,-4.1915,-4.2075,-4.2089,-4.1891,-4.1421,-4.0648,-3.9607,-3.8428,-3.7318,-3.6477,-3.5998,-3.5852,-3.5945,-3.6178,-3.6473,-3.6784,-3.7083,-3.7359,-3.7607,-3.7827
-3.8618,-3.8596,-3.8577,-3.8561,-3.8551,-3.8549,-3.8557,-3.8579,-3.8617,-3.8677,-3.8763,-3.8879,-3.9031,-3.9219,-3.9441,-3.9683,-3.9915,-4.0086,-4.0124,-3.9948,-3.9549,-3.9183,-3.9289,-3.9773,-4.026,-4.0639,-4.0953,-4.1259,-4.1587,-4.1935,-4.227,-4.2538,-4.2665,-4.2575,-4.2201,-4.1505,-4.0515,-3.9354,-3.8224,-3.7324,-3.6757,-3.6508,-3.6499,-3.6639,-3.6855,-3.7099,-3.7345,-3.7578,-3.7792,-3.7984
-3.8571,-3.8544,-3.8518,-3.8496,-3.8479,-3.8468,-3.8468,-3.848,-3.851,-3.8562,-3.8641,-3.8754,-3.8907,-3.9105,-3.9349,-3.9629,-3.9917,-4.0156,-4.0262,-4.012,-3.965,-3.9136,-3.9287,-3.9908,-4.0432,-4.0797,-4.11,-4.1419,-4.179,-4.2213,-4.2651,-4.3036,-4.3286,-4.3311,-4.3037,-4.242,-4.1484,-4.0346,-3.9202,-3.8246,-3.7587,-3.7229,-3.7108,-3.7145,-3.7272,-3.7444,-3.7631,-3.7816,-3.7991,-3.8153
-3.8524,-3.8491,-3.8459,-3.843,-3.8404,-3.8385,-3.8374,-3.8376,-3.8395,-3.8436,-3.8506,-3.8611,-3.8761,-3.8964,-3.9227,-3.9546,-3.9899,-4.0233,-4.0458,-4.0453,-4.0083,-3.9548,-3.9708,-4.0304,-4.0729,-4.1012,-4.1273,-4.1591,-4.2003,-4.2504,-4.3049,-4.356,-4.3936,-4.4076,-4.3895,-4.3349,-4.246,-4.1345,-4.0191,-3.9185,-3.844,-3.7975,-3.7742,-3.7675,-3.7712,-3.7807,-3.7932,-3.8067,-3.8202,-3.833
-3.8477,-3.8438,-3.84,-3.8362,-3.8328,-3.8299,-3.8277,-3.8267,-3.8274,-3.8302,-3.8358,-3.8451,-3.8592,-3.8792,-3.9067,-3.9422,-3.9846,-4.0295,-4.0691,-4.0942,-4.0958,-4.0772,-4.0797,-4.0996,-4.1138,-4.1269,-4.1462,-4.177,-4.2218,-4.2798,-4.3454,-4.4092,-4.4592,-4.4837,-4.4734,-4.4241,-4.3388,-4.2292,-4.1131,-4.0087,-3.927,-3.8709,-3.8374,-3.8208,-3.8157,-3.8178,-3.8241,-3.8325,-3.8419,-3.8514
-3.8431,-3.8386,-3.834,-3.8295,-3.8251,-3.8211,-3.8178,-3.8155,-3.8147,-3.8159,-3.82,-3.8276,-3.84,-3.8587,-3.8862,-3.9244,-3.9737,-4.0311,-4.0909,-4.1486,-4.2051,-4.2458,-4.2241,-4.1816,-4.1585,-4.1535,-4.1651,-4.1945,-4.2428,-4.3084,-4.3847,-4.4606,-4.5219,-4.555,-4.5505,-4.5045,-4.4214,-4.3133,-4.1976,-4.0908,-4.0038,-3.9401,-3.8979,-3.8725,-3.8594,-3.8545,-3.8549,-3.8584,-3.8638,-3.8699
-3.8386,-3.8335,-3.8282,-3.8228,-3.8175,-3.8124,-3.8077,-3.804,-3.8016,-3.8011,-3.8033,-3.8088,-3.8187,-3.835,-3.8607,-3.8998,-3.9548,-4.0245,-4.1044,-4.1921,-4.2895,-4.3627,-4.3284,-4.248,-4.197,-4.1772,-4.1823,-4.2106,-4.2622,-4.3346,-4.4204,-4.5067,-4.5771,-4.6166,-4.6154,-4.5712,-4.4896,-4.3834,-4.2691,-4.1619,-4.0719,-4.0028,-3.9538,-3.9212,-3.9012,-3.89,-3.885,-3.884,-3.8855,-3.8885
-3.8342,-3.8285,-3.8225,-3.8163,-3.81,-3.8037,-3.7977,-3.7925,-3.7884,-3.7861,-3.7862,-3.7892,-3.796,-3.8084,-3.8303,-3.8677,-3.9259,-4.0061,-4.1035,-4.2122,-4.3249,-4.3974,-4.3656,-4.283,-4.2224,-4.195,-4.1963,-4.2245,-4.2789,-4.3568,-4.4499,-4.5439,-4.6205,-4.6636,-4.6639,-4.6204,-4.5405,-4.4372,-4.326,-4.2205,-4.1298,-4.0577,-4.0038,-3.9657,-3.94,-3.9236,-3.9139,-3.9087,-3.9066,-3.9067
-3.8301,-3.8237,-3.817,-3.81,-3.8027,-3.7953,-3.788,-3.7812,-3.7754,-3.7712,-3.7692,-3.7696,-3.7727,-3.7798,-3.7955,-3.8279,-3.8861,-3.9737,-4.0842,-4.205,-4.3169,-4.3789,-4.3561,-4.289,-4.2332,-4.2055,-4.2064,-4.2353,-4.2919,-4.3733,-4.4708,-4.5688,-4.6482,-4.6925,-4.6931,-4.6506,-4.5734,-4.4745,-4.3682,-4.2663,-4.1771,-4.104,-4.0474,-4.0054,-3.9754,-3.9547,-3.9409,-3.9322,-3.927,-3.9243
-3.8262,-3.8193,-3.8119,-3.8041,-3.7958,-3.7872,-3.7786,-3.7703,-3.7628,-3.7568,-3.7529,-3.7508,-3.75,-3.7506,-3.7575,-3.7816,-3.8361,-3.9272,-4.0463,-4.1729,-4.2796,-4.3344,-4.323,-4.2756,-4.2317,-4.2091,-4.2123,-4.2427,-4.3006,-4.3832,-4.4815,-4.5797,-4.6585,-4.702,-4.7026,-4.662,-4.5891,-4.4964,-4.3965,-4.3,-4.214,-4.1419,-4.0843,-4.04,-4.007,-3.983,-3.9659,-3.9541,-3.9462,-3.9411
-3.8225,-3.8151,-3.8071,-3.7986,-3.7894,-3.7798,-3.7699,-3.7601,-3.751,-3.7434,-3.7378,-3.7338,-3.7293,-3.7225,-3.7183,-3.7313,-3.7791,-3.8702,-3.9938,-4.1225,-4.2253,-4.2786,-4.2796,-4.2512,-4.2214,-4.2068,-4.2142,-4.2465,-4.3047,-4.3861,-4.4818,-4.5766,-4.652,-4.6934,-4.6942,-4.6567,-4.5897,-4.5046,-4.4126,-4.3229,-4.2415,-4.1718,-4.1147,-4.0695,-4.0346,-4.0082,-3.9887,-3.9744,-3.9642,-3.957
-3.8192,-3.8114,-3.8028,-3.7936,-3.7836,-3.773,-3.762,-3.7508,-3.7403,-3.7312,-3.7244,-3.7193,-3.7119,-3.6974,-3.6807,-3.6813,-3.7212,-3.8101,-3.9344,-4.0627,-4.1636,-4.2198,-4.2331,-4.2216,-4.2058,-4.2002,-4.2125,-4.2467,-4.3041,-4.3823,-4.4727,-4.5613,-4.6314,-4.6699,-4.6713,-4.6381,-4.5783,-4.5018,-4.4186,-4.3364,-4.2607,-4.1945,-4.1391,-4.094,-4.0582,-4.0303,-4.009,-3.9928,-3.9807,-3.9718
-3.8163,-3.8081,-3.799,-3.7892,-3.7786,-3.7671,-3.7551,-3.7428,-3.7309,-3.7207,-3.7132,-3.7081,-3.6992,-3.6773,-3.6479,-3.6372,-3.6707,-3.7561,-3.8776,-4.0028,-4.1025,-4.163,-4.1876,-4.1904,-4.1873,-4.1905,-4.2078,-4.2435,-4.2993,-4.3727,-4.456,-4.5367,-4.6004,-4.6358,-4.6383,-4.61,-4.5579,-4.4906,-4.4164,-4.3422,-4.2727,-4.2109,-4.1579,-4.1138,-4.078,-4.0494,-4.0269,-4.0094,-3.9958,-3.9854
-3.8138,-3.8052,-3.7958,-3.7855,-3.7743,-3.7623,-3.7494,-3.7362,-3.7233,-3.7122,-3.7044,-3.7003,-3.692,-3.6643,-3.6241,-3.6062,-3.6359,-3.7167,-3.8315,-3.9504,-4.0475,-4.1116,-4.1455,-4.1601,-4.1677,-4.1788,-4.2006,-4.2375,-4.2909,-4.3587,-4.434,-4.5062,-4.5631,-4.5953,-4.599,-4.5759,-4.5315,-4.4733,-4.4081,-4.3419,-4.2789,-4.2218,-4.1719,-4.1295,-4.0944,-4.0656,-4.0425,-4.024,-4.0094,-3.9979
-3.8118,-3.8029,-3.7932,-3.7826,-3.771,-3.7585,-3.7451,-3.7312,-3.7177,-3.7059,-3.6982,-3.6956,-3.6897,-3.6599,-3.6143,-3.5942,-3.6217,-3.6958,-3.8002,-3.9094,-4.0018,-4.0675,-4.1081,-4.1318,-4.1481,-4.1659,-4.1915,-4.2289,-4.2796,-4.3415,-4.4088,-4.4725,-4.5228,-4.5521,-4.5569,-4.5386,-4.5017,-4.452,-4.3954,-4.3369,-4.2804,-4.2282,-4.1817,-4.1415,-4.1075,-4.0791,-4.0558,-4.0368,-4.0214,-4.0091
-3.8102,-3.8012,-3.7913,-3.7805,-3.7687,-3.7559,-3.7422,-3.728,-3.7142,-3.7022,-3.6947,-3.6932,-3.6903,-3.6637,-3.6207,-3.6022,-3.6269,-3.692,-3.7834,-3.8807,-3.9663,-4.0313,-4.0761,-4.1063,-4.1294,-4.1524,-4.181,-4.2185,-4.2662,-4.3223,-4.382,-4.4379,-4.4821,-4.5086,-4.5144,-4.5005,-4.4702,-4.4283,-4.3797,-4.3285,-4.2782,-4.2309,-4.188,-4.1503,-4.1177,-4.0901,-4.067,-4.0478,-4.032,-4.0191
-3.809,-3.8,-3.79,-3.7791,-3.7673,-3.7544,-3.7408,-3.7267,-3.713,-3.7012,-3.6938,-3.6927,-3.6917,-3.672,-3.6386,-3.6242,-3.6454,-3.7004,-3.7781,-3.8628,-3.9402,-4.0027,-4.0494,-4.0839,-4.1119,-4.1389,-4.1695,-4.2067,-4.2514,-4.3021,-4.3549,-4.4038,-4.4427,-4.4666,-4.4732,-4.463,-4.4385,-4.4036,-4.3621,-4.3176,-4.2731,-4.2306,-4.1914,-4.1562,-4.1254,-4.0989,-4.0763,-4.0572,-4.0412,-4.028
-3.8084,-3.7993,-3.7894,-3.7786,-3.7668,-3.7542,-3.7408,-3.7271,-3.7139,-3.7026,-3.6955,-3.694,-3.6936,-3.6814,-3.6599,-3.6512,-3.6696,-3.7153,-3.7804,-3.8531,-3.9222,-3.9809,-4.0277,-4.0647,-4.0958,-4.1256,-4.1575,-4.194,-4.2358,-4.2816,-4.3283,-4.3712,-4.4055,-4.4271,-4.4343,-4.4271,-4.4076,-4.3787,-4.3435,-4.3051,-4.266,-4.2279,-4.1923,-4.1599,-4.131,-4.1056,-4.0838,-4.065,-4.0491,-4.0357
-3.8081,-3.7992,-3.7894,-3.7788,-3.7673,-3.755,-3.7422,-3.7291,-3.7167,-3.7062,-3.6995,-3.6976,-3.6972,-3.6908,-3.6796,-3.6771,-3.6941,-3.7325,-3.7872,-3.8493,-3.9104,-3.9648,-4.0104,-4.0484,-4.0814,-4.1128,-4.1453,-4.1808,-4.2199,-4.2614,-4.3029,-4.3407,-4.3709,-4.3906,-4.3981,-4.3935,-4.3781,-4.3543,-4.3247,-4.2916,-4.2573,-4.2235,-4.1913,-4.1615,-4.1346,-4.1107,-4.0897,-4.0715,-4.0558,-4.0424
-3.8084,-3.7996,-3.79,-3.7797,-3.7686,-3.7569,-3.7447,-3.7325,-3.7211,-3.7116,-3.7054,-3.7032,-3.703,-3.7006,-3.6969,-3.6996,-3.7165,-3.7496,-3.7959,-3.8493,-3.9033,-3.9531,-3.9968,-4.0347,-4.0686,-4.1007,-4.1332,-4.1675,-4.204,-4.2418,-4.2788,-4.3123,-4.3392,-4.3571,-4.3648,-4.3622,-4.3503,-4.3308,-4.3059,-4.2776,-4.2477,-4.2177,-4.1887,-4.1616,-4.1366,-4.1141,-4.0942,-4.0766,-4.0613,-4.0481
-3.809,-3.8005,-3.7912,-3.7813,-3.7707,-3.7597,-3.7483,-3.7371,-3.7267,-3.7182,-3.7127,-3.7106,-3.7108,-3.7111,-3.7123,-3.7189,-3.736,-3.7654,-3.8054,-3.8517,-3.8995,-3.945,-3.9864,-4.0234,-4.0572,-4.0894,-4.1215,-4.1544,-4.1885,-4.223,-4.2563,-4.2861,-4.3102,-4.3266,-4.3344,-4.3334,-4.3243,-4.3085,-4.2877,-4.2635,-4.2375,-4.211,-4.185,-4.1603,-4.1373,-4.1163,-4.0974,-4.0806,-4.0658,-4.0529
-3.8101,-3.8018,-3.7929,-3.7835,-3.7735,-3.7632,-3.7527,-3.7425,-3.7333,-3.7258,-3.7211,-3.7193,-3.72,-3.7222,-3.7266,-3.7358,-3.753,-3.7797,-3.8149,-3.8555,-3.898,-3.9395,-3.9784,-4.0141,-4.0473,-4.079,-4.1102,-4.1417,-4.1736,-4.2052,-4.2353,-4.262,-4.2838,-4.299,-4.3067,-4.3069,-4.3002,-4.2874,-4.2701,-4.2494,-4.2269,-4.2035,-4.1803,-4.1579,-4.1369,-4.1174,-4.0996,-4.0836,-4.0694,-4.0568
-3.8115,-3.8036,-3.7951,-3.7862,-3.7769,-3.7673,-3.7577,-3.7486,-3.7405,-3.7341,-3.7301,-3.7288,-3.7301,-3.7337,-3.74,-3.7507,-3.768,-3.7926,-3.824,-3.86,-3.8981,-3.9361,-3.9723,-4.0064,-4.0386,-4.0694,-4.0996,-4.1296,-4.1594,-4.1885,-4.2158,-4.24,-4.2598,-4.2738,-4.2816,-4.2828,-4.2779,-4.2677,-4.2532,-4.2357,-4.2162,-4.1957,-4.175,-4.1548,-4.1355,-4.1175,-4.1009,-4.0857,-4.0721,-4.0599
