docs/data/wind_grid.json
[{"header":{"la1":42.85,"la2":41.18,"lo1":11.55,"lo2":14.05,"nx":36,"ny":24,"dx":0.07143,"dy":0.07261,"parameterCategory":2,"parameterNumber":2,"parameterNumberName":"eastward_wind","parameterUnit":"m.s-1"},"data":[0.4653,0.4441,0.4181,0.3876,0.3541,0.3203,0.2901,0.2674,0.2548,0.2523,0.2571,0.2649,0.2713,0.2727,0.2663,0.25,0.2219,0.1806,0.1258,0.0607,-0.0057,-0.0597,-0.089,-0.0899,-0.068,-0.0329,0.0071,0.0471,0.0845,0.1187,0.1494,0.1771,0.202,0.2245,0.245,0.2636,0.4817,0.4581,0.4272,0.3886,0.3439,0.2966,0.2533,0.2214,0.2067,0.2098,0.2251,0.2448,0.2618,0.2711,0.2698,0.2555,0.2253,0.1755,0.1024,0.0068,-0.0981,-0.1844,-0.2245,-0.2129,-0.1667,-0.1068,-0.0466,0.0081,0.056,0.0974,0.1335,0.165,0.1929,0.2178,0.2401,0.2602,0.5051,0.4803,0.4445,0.3959,0.3348,0.2658,0.1989,0.1492,0.1304,0.1443,0.1792,0.219,0.2522,0.2733,0.2798,0.2703,0.2415,0.1864,0.0929,-0.0499,-0.2279,-0.38,-0.4344,-0.3868,-0.2904,-0.1894,-0.1015,-0.0292,0.0298,0.0786,0.1196,0.1548,0.1855,0.2125,0.2366,0.258,0.5382,0.5147,0.4757,0.4159,0.3325,0.2285,0.1179,0.0305,0.0019,0.0397,0.1132,0.187,0.244,0.2807,0.2979,0.2967,0.2764,0.2285,0.1245,-0.0834,-0.4064,-0.7088,-0.7731,-0.6237,-0.4303,-0.2701,-0.15,-0.0603,0.0086,0.0635,0.1087,0.147,0.18,0.209,0.2346,0.2573,0.5834,0.5665,0.5294,0.4605,0.3496,0.1925,0.001,-0.1725,-0.2269,-0.1293,0.0241,0.1526,0.2408,0.2956,0.3249,0.335,0.3332,0.3212,0.2558,-0.0061,-0.5933,-1.2403,-1.2645,-0.8787,-0.5462,-0.3265,-0.1813,-0.0801,-0.0053,0.0533,0.1013,0.1418,0.1767,0.2073,0.2343,0.2581,0.6418,0.6404,0.6165,0.5479,0.4099,0.185,-0.1367,-0.5018,-0.6305,-0.3755,-0.0709,0.1291,0.249,0.3211,0.3619,0.382,0.4019,0.4651,0.5691,0.3546,-0.5233,-1.5586,-1.5156,-0.9535,-0.5664,-0.3344,-0.1873,-0.0863,-0.0114,0.0478,0.0969,0.139,0.1756,0.2076,0.2358,0.2606,0.7109,0.7367,0.7461,0.6993,0.5441,0.2577,-0.1843,-0.7949,-1.0575,-0.5535,-0.1044,0.1367,0.2742,0.3603,0.4124,0.4361,0.4561,0.5638,0.9009,0.7994,-0.166,-0.8947,-1.003,-0.7315,-0.4738,-0.2941,-0.1709,-0.0819,-0.0124,0.0451,0.0947,0.1381,0.1763,0.2098,0.2392,0.2649,0.7816,0.842,0.9065,0.9162,0.754,0.4301,0.002,-0.498,-0.6992,-0.3552,-0.0264,0.177,0.3133,0.4153,0.4885,0.5143,0.4964,0.5024,0.5931,0.3407,-0.4004,-0.6616,-0.6199,-0.4944,-0.3532,-0.2371,-0.1481,-0.0763,-0.0141,0.042,0.0928,0.1384,0.1787,0.214,0.2446,0.2711,0.8407,0.9258,1.0249,1.0847,0.9387,0.6168,0.2612,-0.0341,-0.1648,-0.1024,0.0533,0.214,0.3497,0.4812,0.6197,0.6704,0.5821,0.457,0.269,-0.238,-1.1302,-1.0229,-0.5776,-0.3739,-0.2684,-0.1986,-0.1408,-0.0836,-0.0246,0.0341,0.0894,0.1393,0.1829,0.2203,0.2523,0.2795,0.8811,0.9811,1.08,1.1237,1.0733,0.766,0.4131,0.1207,-0.1387,-0.2038,0.0124,0.2187,0.3587,0.519,0.8368,1.001,0.7181,0.5198,0.2906,-0.1655,-0.8059,-0.7829,-0.4415,-0.28,-0.2286,-0.2075,-0.1755,-0.1214,-0.0531,0.0179,0.0837,0.141,0.1893,0.2294,0.2626,0.2902,0.9004,1.0269,1.2345,1.5966,1.497,0.8989,0.4819,0.1631,-0.4346,-0.7269,-0.0836,0.2167,0.3223,0.4188,0.7574,1.006,0.7367,0.6272,0.4922,0.2189,-0.0976,-0.2188,-0.1948,-0.2043,-0.2655,-0.3132,-0.2927,-0.2111,-0.1067,-0.0071,0.0774,0.1456,0.1995,0.2421,0.276,0.3034,0.8887,1.015,1.2342,1.5526,1.4338,0.8541,0.5108,0.3697,-0.0211,-0.3185,0.0654,0.2452,0.2546,0.1639,0.3222,0.5834,0.6971,0.8269,0.8032,0.5511,0.2955,0.1132,-0.0324,-0.224,-0.469,-0.6201,-0.5561,-0.3703,-0.1826,-0.0335,0.0767,0.1569,0.2157,0.2594,0.2929,0.3192,0.8456,0.931,1.0416,1.1184,0.9919,0.7049,0.5192,0.5079,0.4226,0.2648,0.2769,0.2433,0.2189,0.0805,0.2126,0.5439,0.7434,1.1998,1.2042,0.7539,0.4804,0.2721,0.031,-0.3626,-0.9477,-1.2853,-1.009,-0.5735,-0.2509,-0.0421,0.0922,0.1804,0.2401,0.2821,0.313,0.337,0.79,0.8322,0.8657,0.8561,0.7672,0.6319,0.5326,0.5015,0.4804,0.4511,0.4153,0.1707,0.0954,0.3929,0.4905,0.6684,0.7512,0.9735,1.0032,0.7447,0.5411,0.3578,0.0854,-0.4614,-1.4558,-2.0454,-1.3947,-0.6744,-0.2462,-0.0052,0.1351,0.2199,0.2732,0.309,0.335,0.3556,0.7401,0.7563,0.7591,0.7358,0.682,0.6148,0.5628,0.5413,0.5555,0.6123,0.6554,0.5713,0.5165,0.5991,0.6212,0.7156,0.9681,0.8364,0.7743,0.6622,0.5451,0.4308,0.2093,-0.2661,-1.0871,-1.5804,-1.0904,-0.4858,-0.1139,0.0933,0.2088,0.2735,0.3112,0.336,0.3555,0.3727,0.703,0.7074,0.702,0.6833,0.6532,0.6214,0.6018,0.6081,0.6601,0.7971,1.0552,0.8941,0.7981,0.7181,0.7244,0.8031,0.9177,0.7963,0.6965,0.6056,0.5208,0.491,0.3627,0.0871,-0.2877,-0.5003,-0.3533,-0.0848,0.1175,0.2383,0.3014,0.3299,0.343,0.3542,0.3685,0.3847,0.6783,0.6787,0.6734,0.6621,0.6476,0.6362,0.6369,0.6606,0.7236,0.8524,1.0379,0.958,1.0653,1.1454,0.8934,0.8421,0.804,0.7013,0.605,0.58,0.5203,0.5183,0.477,0.3661,0.2485,0.2045,0.2473,0.3155,0.3685,0.3932,0.3886,0.366,0.3476,0.3488,0.3661,0.3885,0.663,0.6631,0.6602,0.6553,0.6509,0.6513,0.6623,0.6904,0.7421,0.8174,0.8897,0.9454,1.1366,1.1974,1.0744,1.0418,0.8541,0.576,0.3575,0.5631,0.6084,0.6001,0.5896,0.5702,0.5759,0.6244,0.6527,0.6292,0.5878,0.5293,0.4449,0.3494,0.2938,0.3029,0.3436,0.3842,0.6542,0.6552,0.6552,0.6551,0.6569,0.6636,0.6786,0.7051,0.7447,0.7945,0.8482,0.9118,1.0014,1.1014,1.4074,1.5488,1.0172,0.6597,0.5202,0.7245,0.7352,0.7206,0.7226,0.7393,0.7866,0.8547,0.8727,0.8438,0.7688,0.645,0.4685,0.2675,0.1721,0.2245,0.3132,0.3803,0.6496,0.6519,0.6541,0.6573,0.6628,0.6726,0.6886,0.7123,0.744,0.7827,0.8274,0.8817,0.9548,1.0813,1.3461,1.4191,1.056,0.8402,0.9084,0.9855,0.8657,0.8558,0.8767,0.8963,0.9314,0.9359,0.9356,1.0309,0.9433,0.7656,0.5193,0.2325,0.108,0.1956,0.3135,0.3933,0.6475,0.6509,0.6549,0.6601,0.6677,0.6788,0.6945,0.7155,0.7421,0.7741,0.8116,0.8569,0.9157,0.9978,1.0907,1.0934,0.9782,0.8921,0.9083,0.9373,0.9563,1.0466,1.1003,1.0771,1.097,1.2425,1.5316,1.4179,1.1297,0.902,0.6583,0.3944,0.2597,0.2943,0.3731,0.4333,0.6468,0.6512,0.6563,0.6628,0.6714,0.6827,0.6976,0.7164,0.7392,0.766,0.7971,0.8331,0.875,0.9208,0.9564,0.9562,0.9229,0.8985,0.9124,0.9685,1.117,1.3918,1.4835,1.2957,1.2332,1.4548,1.8574,1.5986,1.1951,1.0114,0.8248,0.6214,0.4878,0.4532,0.4687,0.4924,0.6469,0.6519,0.6577,0.6649,0.6738,0.685,0.6988,0.7156,0.7353,0.7579,0.7833,0.8112,0.8408,0.8689,0.8889,0.8951,0.8927,0.8991,0.9349,1.0299,1.2548,1.6471,1.7589,1.4346,1.2708,1.3452,1.4578,1.2961,1.1124,1.0675,0.9368,0.7756,0.6519,0.5856,0.5602,0.5537,0.6473,0.6527,0.6589,0.6664,0.6753,0.686,0.6988,0.7137,0.7308,0.7499,0.7707,0.7927,0.8149,0.8352,0.8513,0.8629,0.8746,0.8967,0.9447,1.0432,1.2256,1.4644,1.5281,1.3583,1.2304,1.2153,1.2161,1.147,1.0971,1.0705,0.971,0.8467,0.7422,0.6712,0.6291,0.6055]},{"header":{"la1":42.85,"la2":41.18,"lo1":11.55,"lo2":14.05,"nx":36,"ny":24,"dx":0.07143,"dy":0.07261,"parameterCategory":2,"parameterNumber":3,"parameterNumberName":"northward_wind","parameterUnit":"m.s-1"},"data":[-0.174,-0.1918,-0.2145,-0.2419,-0.2729,-0.3055,-0.3366,-0.363,-0.3823,-0.3946,-0.4016,-0.4064,-0.4117,-0.4197,-0.4316,-0.4488,-0.4724,-0.5037,-0.543,-0.5883,-0.6329,-0.6662,-0.678,-0.6654,-0.6336,-0.5913,-0.5461,-0.5022,-0.4617,-0.4251,-0.3921,-0.3625,-0.3359,-0.3117,-0.2898,-0.27,-0.1551,-0.1741,-0.2002,-0.2338,-0.2741,-0.318,-0.3606,-0.3954,-0.4178,-0.4273,-0.4283,-0.4265,-0.4265,-0.4309,-0.4411,-0.4584,-0.4847,-0.5229,-0.5762,-0.6448,-0.7194,-0.7777,-0.7963,-0.7701,-0.7145,-0.6485,-0.5844,-0.527,-0.4773,-0.4342,-0.3968,-0.3639,-0.3348,-0.3087,-0.2854,-0.2643,-0.1296,-0.1487,-0.1779,-0.2192,-0.2726,-0.3348,-0.3974,-0.4479,-0.4749,-0.4774,-0.4653,-0.451,-0.4423,-0.4413,-0.4485,-0.4643,-0.4911,-0.5344,-0.6037,-0.7082,-0.8407,-0.9532,-0.9819,-0.9201,-0.8159,-0.711,-0.6212,-0.5481,-0.4887,-0.4396,-0.3981,-0.3624,-0.3311,-0.3033,-0.2786,-0.2565,-0.0958,-0.1124,-0.1429,-0.1924,-0.2639,-0.3555,-0.4553,-0.5381,-0.5739,-0.5577,-0.5169,-0.4802,-0.4583,-0.4506,-0.4536,-0.4656,-0.4885,-0.53,-0.6089,-0.7608,-1.0079,-1.2508,-1.2878,-1.1277,-0.9294,-0.7679,-0.6487,-0.5606,-0.4933,-0.4396,-0.3952,-0.3573,-0.3243,-0.2952,-0.2694,-0.2464,-0.0518,-0.061,-0.088,-0.1435,-0.2372,-0.3734,-0.5429,-0.7001,-0.7572,-0.6897,-0.5852,-0.5105,-0.4724,-0.4584,-0.4574,-0.4635,-0.4761,-0.5005,-0.5611,-0.7425,-1.1846,-1.7406,-1.7474,-1.3522,-1.0145,-0.7963,-0.6557,-0.5595,-0.4888,-0.4333,-0.3875,-0.3484,-0.3142,-0.284,-0.2573,-0.2336,0.0027,0.0091,-0.0038,-0.0568,-0.172,-0.3653,-0.6487,-0.9764,-1.0963,-0.8862,-0.6546,-0.5309,-0.4808,-0.4654,-0.463,-0.4626,-0.4592,-0.4488,-0.438,-0.5582,-1.1257,-2.0371,-1.9845,-1.3903,-0.9947,-0.7703,-0.634,-0.5424,-0.4747,-0.4207,-0.3752,-0.3356,-0.3006,-0.2695,-0.2421,-0.2179,0.0644,0.0973,0.1177,0.0863,-0.0427,-0.2855,-0.673,-1.2297,-1.4723,-1.0242,-0.6663,-0.5237,-0.4808,-0.4747,-0.4766,-0.4714,-0.4518,-0.4092,-0.3314,-0.358,-0.7055,-1.2462,-1.3553,-1.0802,-0.8427,-0.6889,-0.5867,-0.5126,-0.4536,-0.4035,-0.3591,-0.3193,-0.2836,-0.2517,-0.2235,-0.1988,0.1232,0.1901,0.2692,0.2928,0.15,-0.1175,-0.4747,-0.9285,-1.1208,-0.8079,-0.5661,-0.4847,-0.4767,-0.4931,-0.5084,-0.503,-0.4683,-0.4121,-0.3541,-0.3247,-0.2642,-0.3902,-0.6302,-0.6906,-0.6489,-0.5885,-0.5315,-0.4796,-0.4308,-0.3845,-0.3408,-0.3001,-0.2631,-0.2301,-0.2011,-0.1761,0.1639,0.252,0.3811,0.4759,0.3068,0.0561,-0.1834,-0.3972,-0.4911,-0.4547,-0.4235,-0.4383,-0.4792,-0.5283,-0.5745,-0.5787,-0.5154,-0.4316,-0.3417,-0.1686,0.209,0.1128,-0.2675,-0.4537,-0.5109,-0.513,-0.4911,-0.456,-0.4133,-0.3674,-0.3216,-0.2783,-0.2389,-0.2041,-0.1742,-0.1489,0.1789,0.2586,0.3528,0.4029,0.3152,0.1766,0.0454,-0.0759,-0.1889,-0.2584,-0.3229,-0.4106,-0.4975,-0.5764,-0.6811,-0.7285,-0.5793,-0.4499,-0.3398,-0.1759,0.0702,0.0251,-0.2178,-0.3779,-0.4591,-0.4906,-0.4859,-0.4546,-0.4077,-0.3548,-0.3022,-0.2533,-0.21,-0.1728,-0.1418,-0.1165,0.1755,0.2427,0.3154,0.3835,0.3665,0.2831,0.2605,0.1816,-0.1225,-0.2588,-0.2734,-0.4128,-0.5398,-0.6256,-0.6984,-0.7418,-0.5777,-0.4333,-0.336,-0.2591,-0.1876,-0.198,-0.2931,-0.4025,-0.4934,-0.5431,-0.5372,-0.4875,-0.4184,-0.3469,-0.281,-0.2232,-0.1744,-0.1343,-0.1024,-0.0777,0.1615,0.2215,0.2946,0.3708,0.3673,0.3793,0.553,0.6945,0.2654,-0.1072,-0.2452,-0.4461,-0.6089,-0.7294,-0.7084,-0.6459,-0.5241,-0.3285,-0.2453,-0.264,-0.2698,-0.2929,-0.3626,-0.4827,-0.6286,-0.7142,-0.6753,-0.5631,-0.443,-0.3389,-0.2533,-0.184,-0.1288,-0.086,-0.0539,-0.031,0.139,0.1881,0.2431,0.2927,0.3321,0.4534,0.7737,1.1862,0.8384,0.1552,-0.25,-0.5091,-0.6472,-0.7763,-0.7533,-0.7024,-0.5472,-0.0773,-0.0357,-0.2277,-0.2772,-0.3154,-0.4035,-0.5953,-0.9015,-1.0793,-0.9207,-0.6659,-0.4639,-0.3183,-0.211,-0.1298,-0.0687,-0.0243,0.0062,0.0253,0.1115,0.1492,0.1901,0.2337,0.2953,0.4244,0.6658,0.9331,0.7167,0.1142,-0.2861,-0.5755,-0.6721,-0.8357,-0.7673,-0.9445,-0.758,-0.3272,-0.1848,-0.2438,-0.2655,-0.3,-0.3998,-0.6604,-1.1779,-1.4941,-1.1314,-0.7129,-0.4421,-0.2666,-0.1436,-0.0535,0.0115,0.0551,0.0809,0.093,0.0824,0.1107,0.1416,0.1777,0.228,0.3063,0.4056,0.4423,0.2593,-0.0616,-0.2844,-0.4185,-0.557,-0.615,-0.7393,-0.9963,-0.7269,-0.5163,-0.3167,-0.2442,-0.2391,-0.2603,-0.3368,-0.5568,-0.9787,-1.239,-0.9584,-0.5952,-0.3431,-0.1704,-0.0434,0.0518,0.1183,0.1574,0.1736,0.1736,0.054,0.0741,0.0956,0.1194,0.1468,0.1756,0.1879,0.1417,0.003,-0.1784,-0.2877,-0.2452,-0.3378,-0.482,-0.5588,-0.6371,-0.6092,-0.405,-0.2106,-0.1697,-0.2502,-0.2434,-0.2483,-0.3597,-0.5434,-0.6459,-0.5449,-0.357,-0.1825,-0.0348,0.0907,0.1917,0.2593,0.2888,0.2871,0.2672,0.0273,0.0405,0.0533,0.0649,0.0734,0.0733,0.0527,-0.0038,-0.0992,-0.2065,-0.2758,-0.265,-0.2217,-0.2096,-0.3294,-0.3514,-0.2801,-0.0515,0.1397,0.0211,-0.23,-0.2065,-0.1544,-0.1904,-0.252,-0.2764,-0.2319,-0.1343,-0.0113,0.1204,0.2533,0.3715,0.444,0.4546,0.4211,0.3706,0.0034,0.011,0.0168,0.0195,0.0168,0.0044,-0.0232,-0.07,-0.1319,-0.1929,-0.2303,-0.2284,-0.1726,-0.1432,-0.0941,-0.0212,0.0477,0.4207,0.7908,0.4079,0.114,0.0043,-0.0234,-0.0553,-0.0946,-0.1282,-0.1064,-0.0004,0.1355,0.2768,0.4332,0.5903,0.6759,0.6502,0.5649,0.4735,-0.0172,-0.0138,-0.0127,-0.0152,-0.0231,-0.0386,-0.0637,-0.0982,-0.1378,-0.173,-0.1924,-0.1865,-0.1488,-0.051,0.2548,0.3911,0.2457,0.513,0.7764,0.7477,0.4524,0.2207,0.1138,0.0571,-0.0203,-0.1949,-0.2266,0.0535,0.2746,0.4301,0.6016,0.8061,0.9096,0.8304,0.6858,0.5568,-0.0341,-0.0335,-0.0352,-0.0402,-0.0494,-0.064,-0.084,-0.1081,-0.1328,-0.152,-0.1586,-0.1444,-0.0967,0.0194,0.2476,0.3379,0.2946,0.5205,1.0609,1.297,0.683,0.3484,0.2162,0.1636,0.0938,-0.1594,-0.2194,0.2707,0.4881,0.5964,0.7159,0.8936,0.9913,0.8962,0.7383,0.601,-0.0475,-0.0485,-0.0515,-0.0572,-0.0659,-0.0779,-0.0926,-0.1087,-0.1231,-0.1318,-0.1296,-0.1103,-0.0652,0.0158,0.1214,0.1957,0.2721,0.4689,0.7995,0.8955,0.5817,0.3473,0.263,0.2628,0.3236,0.4892,0.8979,0.8834,0.812,0.8149,0.8117,0.8522,0.89,0.8321,0.7184,0.6048,-0.0578,-0.0595,-0.0628,-0.0681,-0.0754,-0.0845,-0.0947,-0.1045,-0.1119,-0.1137,-0.1064,-0.0861,-0.0488,0.0065,0.0731,0.1417,0.2266,0.3502,0.48,0.5013,0.3843,0.2649,0.2377,0.3028,0.4799,0.8612,1.3376,1.1978,1.1809,1.1488,0.986,0.8672,0.8119,0.7545,0.6742,0.5869,-0.0653,-0.0671,-0.0702,-0.0746,-0.0802,-0.0865,-0.0929,-0.0982,-0.1007,-0.0981,-0.0883,-0.0688,-0.038,0.0039,0.0547,0.1126,0.1802,0.2559,0.3175,0.3291,0.282,0.212,0.1954,0.2952,0.5006,0.8017,1.0776,1.3095,1.7272,1.5817,1.1997,0.9433,0.8047,0.7164,0.6392,0.5645,-0.0705,-0.0722,-0.0747,-0.0779,-0.0818,-0.0857,-0.0892,-0.0911,-0.0902,-0.0851,-0.074,-0.0558,-0.0296,0.0045,0.0456,0.0926,0.1444,0.1962,0.2375,0.2563,0.2505,0.2322,0.2382,0.3214,0.4894,0.7194,0.988,1.3786,1.7971,1.6476,1.2591,0.9759,0.8048,0.6955,0.6134,0.5429]}]