docs/data/wind_grid.json
[{"header":{"la1":42.85,"la2":41.18,"lo1":11.55,"lo2":14.05,"nx":36,"ny":24,"dx":0.07143,"dy":0.07261,"parameterCategory":2,"parameterNumber":2,"parameterNumberName":"eastward_wind","parameterUnit":"m.s-1"},"data":[-0.8223,-0.826,-0.8277,-0.8274,-0.8253,-0.8213,-0.8152,-0.8067,-0.7953,-0.7817,-0.7674,-0.7541,-0.7436,-0.7366,-0.7328,-0.7308,-0.7283,-0.7224,-0.7102,-0.6911,-0.6677,-0.6459,-0.6313,-0.626,-0.6281,-0.6336,-0.6397,-0.6447,-0.6482,-0.6503,-0.6513,-0.6516,-0.6513,-0.6508,-0.6501,-0.6493,-0.8433,-0.8487,-0.8517,-0.8521,-0.8505,-0.8471,-0.8417,-0.8328,-0.8192,-0.801,-0.7808,-0.7624,-0.7486,-0.7409,-0.7387,-0.7403,-0.7418,-0.7378,-0.7225,-0.6927,-0.6527,-0.6154,-0.5946,-0.5935,-0.6046,-0.619,-0.6314,-0.6403,-0.6459,-0.6491,-0.6506,-0.651,-0.6509,-0.6503,-0.6496,-0.6488,-0.8685,-0.8765,-0.8811,-0.8823,-0.8813,-0.8795,-0.8768,-0.8699,-0.8542,-0.8286,-0.7983,-0.771,-0.752,-0.7432,-0.744,-0.752,-0.7619,-0.7646,-0.7473,-0.699,-0.6241,-0.5533,-0.5237,-0.5383,-0.5711,-0.6016,-0.6234,-0.637,-0.6447,-0.6486,-0.6503,-0.6508,-0.6505,-0.6499,-0.6491,-0.6483,-0.899,-0.9111,-0.9181,-0.9197,-0.9185,-0.9192,-0.9239,-0.9259,-0.9104,-0.8714,-0.8217,-0.7789,-0.7517,-0.7414,-0.7468,-0.7652,-0.7913,-0.8119,-0.8008,-0.7242,-0.5738,-0.4217,-0.3851,-0.4511,-0.5304,-0.5862,-0.6189,-0.6364,-0.6452,-0.6492,-0.6506,-0.6507,-0.6502,-0.6495,-0.6486,-0.6478,-0.9362,-0.9554,-0.9667,-0.9678,-0.9631,-0.965,-0.9856,-1.0157,-1.0097,-0.9414,-0.8518,-0.7829,-0.7442,-0.7323,-0.7435,-0.7766,-0.8298,-0.8916,-0.9171,-0.8152,-0.517,-0.1647,-0.1492,-0.3494,-0.502,-0.5831,-0.6223,-0.6403,-0.648,-0.6507,-0.6512,-0.6507,-0.6499,-0.649,-0.6481,-0.6472,-0.981,-1.0133,-1.0344,-1.0348,-1.0176,-1.0106,-1.054,-1.156,-1.1899,-1.0472,-0.879,-0.7743,-0.7244,-0.7117,-0.7289,-0.7774,-0.8658,-1.0024,-1.1402,-1.0614,-0.6059,0.004,-0.0216,-0.3435,-0.5257,-0.6048,-0.637,-0.649,-0.6526,-0.6528,-0.6519,-0.6506,-0.6494,-0.6483,-0.6473,-0.6465,-1.0316,-1.0873,-1.1331,-1.1388,-1.0923,-1.0458,-1.0861,-1.279,-1.3913,-1.1186,-0.8647,-0.7393,-0.6875,-0.6765,-0.6972,-0.7548,-0.8682,-1.0714,-1.352,-1.3229,-0.9354,-0.5196,-0.4143,-0.535,-0.6177,-0.6507,-0.6599,-0.66,-0.6573,-0.6543,-0.6518,-0.6499,-0.6484,-0.6473,-0.6464,-0.6457,-1.0799,-1.1691,-1.2673,-1.3058,-1.2044,-1.0708,-1.0315,-1.1347,-1.1909,-0.9646,-0.7647,-0.6708,-0.6336,-0.6265,-0.6444,-0.6993,-0.8131,-0.9994,-1.2081,-1.2564,-1.292,-1.1725,-0.9122,-0.78,-0.7274,-0.6995,-0.6808,-0.6678,-0.6592,-0.6536,-0.6502,-0.6482,-0.6469,-0.646,-0.6454,-0.6448,-1.11,-1.224,-1.3764,-1.4793,-1.3105,-1.0852,-0.9381,-0.8623,-0.7831,-0.6733,-0.6084,-0.5828,-0.5707,-0.5662,-0.5687,-0.6063,-0.7234,-0.8901,-1.0684,-1.3131,-1.7883,-1.6692,-1.1893,-0.9218,-0.7924,-0.7249,-0.6875,-0.6665,-0.6552,-0.6494,-0.6466,-0.6453,-0.6447,-0.6444,-0.6441,-0.6439,-1.1111,-1.2216,-1.3468,-1.4111,-1.3058,-1.0819,-0.8626,-0.6691,-0.4505,-0.3533,-0.4418,-0.4996,-0.5093,-0.5056,-0.4775,-0.4644,-0.6438,-0.8388,-1.0105,-1.2409,-1.5802,-1.5137,-1.1643,-0.9242,-0.7882,-0.7121,-0.6714,-0.6517,-0.6436,-0.6411,-0.641,-0.6416,-0.6422,-0.6427,-0.6429,-0.643,-1.0872,-1.191,-1.3256,-1.5055,-1.4445,-1.0911,-0.8236,-0.596,-0.1481,0.0689,-0.3177,-0.446,-0.4516,-0.4401,-0.4496,-0.4535,-0.6696,-0.9043,-1.0419,-1.1071,-1.17,-1.1319,-0.9824,-0.8324,-0.7239,-0.6587,-0.6292,-0.622,-0.6245,-0.6296,-0.6342,-0.6376,-0.6398,-0.6411,-0.6418,-0.6421,-1.0426,-1.1358,-1.2746,-1.4604,-1.3858,-1.029,-0.8257,-0.7475,-0.4345,-0.1863,-0.3749,-0.4362,-0.3975,-0.3091,-0.3854,-0.5593,-0.8198,-1.2286,-1.3437,-1.1426,-1.0043,-0.9134,-0.8152,-0.7105,-0.618,-0.5646,-0.56,-0.5798,-0.6014,-0.6176,-0.6283,-0.6347,-0.6382,-0.6399,-0.6408,-0.6413,-0.9798,-1.0436,-1.119,-1.1683,-1.0866,-0.9125,-0.8385,-0.9034,-0.7801,-0.5366,-0.4674,-0.4551,-0.4084,-0.2575,-0.3403,-0.597,-0.9304,-1.9482,-1.9915,-1.2315,-0.9147,-0.7727,-0.683,-0.5925,-0.4858,-0.428,-0.4692,-0.5347,-0.5819,-0.6103,-0.6261,-0.6341,-0.6378,-0.6392,-0.6399,-0.6404,-0.9098,-0.9425,-0.967,-0.961,-0.9037,-0.8277,-0.8024,-0.8367,-0.7612,-0.5725,-0.4784,-0.4748,-0.4739,-0.4078,-0.4933,-0.6261,-0.8217,-1.3897,-1.5071,-1.031,-0.7414,-0.6139,-0.5629,-0.5054,-0.3855,-0.3072,-0.4024,-0.5123,-0.5785,-0.6134,-0.6302,-0.6368,-0.6384,-0.6383,-0.6382,-0.6387,-0.8441,-0.8558,-0.8565,-0.838,-0.7992,-0.7556,-0.7269,-0.7005,-0.6212,-0.4995,-0.4228,-0.422,-0.4239,-0.3943,-0.5389,-0.6614,-1.2128,-0.967,-0.874,-0.6546,-0.4303,-0.3776,-0.4332,-0.4612,-0.4135,-0.3675,-0.444,-0.5418,-0.6023,-0.6316,-0.6417,-0.6417,-0.6381,-0.6351,-0.6343,-0.6353,-0.7878,-0.7876,-0.7785,-0.7578,-0.7266,-0.6904,-0.6521,-0.6021,-0.5225,-0.4089,-0.2733,-0.3756,-0.3917,-0.4145,-0.5158,-0.7581,-1.0451,-0.7593,-0.5387,-0.3113,0.0135,-0.0605,-0.3025,-0.4352,-0.4871,-0.5124,-0.564,-0.621,-0.6547,-0.6646,-0.6583,-0.6444,-0.6316,-0.6251,-0.6252,-0.6289,-0.7413,-0.7348,-0.7214,-0.7002,-0.6718,-0.6373,-0.5962,-0.5439,-0.4741,-0.3829,-0.2853,-0.3305,-0.3049,-0.2799,-0.3827,-0.4754,-0.5118,-0.3471,-0.1606,-0.1059,0.096,0.0045,-0.2594,-0.4394,-0.5639,-0.6553,-0.7141,-0.7357,-0.7304,-0.7079,-0.6732,-0.6349,-0.608,-0.6009,-0.6076,-0.6185,-0.7035,-0.6935,-0.6782,-0.657,-0.63,-0.5974,-0.5586,-0.5121,-0.4576,-0.3998,-0.3549,-0.3293,-0.2665,-0.2286,-0.1463,-0.0954,-0.1487,0.0887,0.4017,0.0828,-0.0484,-0.1409,-0.3027,-0.4865,-0.6789,-0.853,-0.9223,-0.8845,-0.8221,-0.7555,-0.6773,-0.5967,-0.5505,-0.554,-0.5801,-0.6052,-0.6727,-0.6609,-0.6448,-0.624,-0.5986,-0.5685,-0.5336,-0.4939,-0.4507,-0.4073,-0.3668,-0.3235,-0.2582,-0.1183,0.3303,0.5262,0.0948,0.149,0.3141,0.1799,-0.0021,-0.1668,-0.333,-0.5406,-0.8137,-1.1149,-1.1848,-1.0371,-0.915,-0.8061,-0.673,-0.5256,-0.4563,-0.4923,-0.5521,-0.5952,-0.6476,-0.6349,-0.6187,-0.5988,-0.5751,-0.5476,-0.5165,-0.4822,-0.4455,-0.4071,-0.3659,-0.3146,-0.2328,-0.0628,0.283,0.3974,0.1183,0.0926,0.2724,0.3536,0.0681,-0.1399,-0.3148,-0.5436,-0.8549,-1.1797,-1.2468,-1.1137,-0.9973,-0.8721,-0.701,-0.4981,-0.4105,-0.4703,-0.5483,-0.5985,-0.6272,-0.6142,-0.5983,-0.5794,-0.5574,-0.5324,-0.5046,-0.4742,-0.4414,-0.4058,-0.3653,-0.314,-0.2398,-0.1262,0.0109,0.0592,0.013,0.0301,0.1426,0.1731,0.0275,-0.0847,-0.2051,-0.4508,-0.787,-1.0858,-1.2538,-1.2059,-1.0899,-0.9744,-0.8072,-0.614,-0.5157,-0.5363,-0.5852,-0.6203,-0.6105,-0.5976,-0.5823,-0.5644,-0.5441,-0.5214,-0.4963,-0.469,-0.4393,-0.4066,-0.3692,-0.324,-0.2669,-0.1977,-0.1316,-0.0955,-0.0839,-0.0589,-0.0166,-0.0017,0.0028,0.0983,0.0988,-0.2426,-0.684,-1.083,-1.3608,-1.2782,-1.2071,-1.1334,-0.9671,-0.7887,-0.6769,-0.643,-0.6454,-0.6542,-0.597,-0.5844,-0.5698,-0.5531,-0.5344,-0.5136,-0.4909,-0.4662,-0.4394,-0.4101,-0.3772,-0.3396,-0.2969,-0.2514,-0.2101,-0.1801,-0.1588,-0.1364,-0.1099,-0.0754,0.0217,0.2722,0.3561,-0.0754,-0.5667,-0.9433,-1.1625,-1.258,-1.4193,-1.3393,-1.113,-0.9205,-0.796,-0.7308,-0.7014,-0.6882,-0.5861,-0.5739,-0.5601,-0.5445,-0.5273,-0.5084,-0.4878,-0.4656,-0.4417,-0.4158,-0.3876,-0.357,-0.3244,-0.2917,-0.2619,-0.2373,-0.2169,-0.1971,-0.1731,-0.1326,-0.0428,0.1045,0.1176,-0.1597,-0.5187,-0.8171,-1.0364,-1.2462,-1.446,-1.3681,-1.1535,-0.9758,-0.8563,-0.7828,-0.7397,-0.7142]},{"header":{"la1":42.85,"la2":41.18,"lo1":11.55,"lo2":14.05,"nx":36,"ny":24,"dx":0.07143,"dy":0.07261,"parameterCategory":2,"parameterNumber":3,"parameterNumberName":"northward_wind","parameterUnit":"m.s-1"},"data":[-0.7237,-0.7223,-0.7179,-0.7105,-0.7002,-0.6873,-0.6725,-0.6564,-0.6391,-0.6206,-0.6006,-0.5788,-0.5554,-0.5307,-0.5056,-0.4813,-0.4595,-0.4423,-0.4315,-0.4276,-0.4292,-0.4328,-0.4349,-0.4337,-0.4301,-0.4257,-0.4219,-0.4195,-0.4188,-0.4195,-0.4215,-0.4245,-0.4281,-0.4322,-0.4366,-0.4411,-0.7459,-0.7456,-0.7416,-0.7335,-0.7214,-0.706,-0.6886,-0.6703,-0.6515,-0.632,-0.6108,-0.5871,-0.5609,-0.5324,-0.5025,-0.4727,-0.4456,-0.4247,-0.4138,-0.4149,-0.4254,-0.4379,-0.4442,-0.4417,-0.4339,-0.4253,-0.4187,-0.4148,-0.4135,-0.4144,-0.4169,-0.4205,-0.425,-0.4299,-0.4351,-0.4403,-0.7715,-0.7732,-0.7699,-0.7607,-0.7459,-0.7264,-0.7045,-0.6828,-0.6627,-0.6433,-0.6221,-0.5974,-0.5683,-0.5355,-0.4997,-0.4625,-0.4269,-0.399,-0.3871,-0.3977,-0.4278,-0.4597,-0.472,-0.4621,-0.4433,-0.4264,-0.4151,-0.4092,-0.4075,-0.4087,-0.412,-0.4166,-0.4221,-0.428,-0.4341,-0.4402,-0.8014,-0.8064,-0.8046,-0.7944,-0.775,-0.7483,-0.7179,-0.6896,-0.6681,-0.6519,-0.6342,-0.61,-0.5788,-0.5415,-0.4989,-0.4515,-0.4021,-0.3597,-0.3416,-0.3681,-0.4417,-0.5203,-0.5383,-0.5013,-0.4572,-0.4266,-0.4096,-0.4019,-0.4003,-0.4024,-0.4069,-0.4129,-0.4196,-0.4267,-0.4339,-0.4409,-0.8362,-0.8469,-0.8489,-0.838,-0.8121,-0.7726,-0.7249,-0.6806,-0.6568,-0.6527,-0.6463,-0.626,-0.5935,-0.5524,-0.503,-0.4432,-0.3723,-0.2988,-0.2554,-0.2988,-0.4606,-0.6544,-0.6625,-0.5508,-0.4653,-0.4201,-0.3993,-0.3919,-0.3917,-0.3956,-0.4018,-0.4095,-0.4178,-0.4264,-0.4348,-0.4428,-0.8758,-0.8965,-0.9069,-0.8979,-0.8634,-0.8048,-0.7252,-0.6388,-0.6046,-0.6385,-0.6606,-0.6475,-0.6141,-0.5706,-0.517,-0.446,-0.3476,-0.2176,-0.0975,-0.1348,-0.4001,-0.7462,-0.7316,-0.5485,-0.4442,-0.3992,-0.3822,-0.3785,-0.3816,-0.3883,-0.397,-0.4069,-0.4171,-0.4273,-0.4371,-0.4463,-0.918,-0.9548,-0.9834,-0.9831,-0.9385,-0.858,-0.7436,-0.5883,-0.5219,-0.6309,-0.6903,-0.6791,-0.6419,-0.5989,-0.5483,-0.4741,-0.3552,-0.1708,0.0536,0.0373,-0.2027,-0.4429,-0.503,-0.432,-0.3827,-0.363,-0.359,-0.3629,-0.371,-0.3814,-0.3931,-0.4055,-0.418,-0.4301,-0.4414,-0.4518,-0.9566,-1.0142,-1.0751,-1.0989,-1.0378,-0.9382,-0.829,-0.6956,-0.6373,-0.7277,-0.7611,-0.7249,-0.6758,-0.6391,-0.6077,-0.5457,-0.4216,-0.2404,-0.0595,-0.0158,0.015,-0.0503,-0.204,-0.2796,-0.3074,-0.3223,-0.3348,-0.3476,-0.3612,-0.3757,-0.3908,-0.4061,-0.4211,-0.4354,-0.4484,-0.46,-0.9818,-1.0529,-1.1426,-1.2007,-1.1164,-1.0169,-0.9557,-0.9256,-0.937,-0.9511,-0.8846,-0.7813,-0.7079,-0.6891,-0.7187,-0.6974,-0.542,-0.3522,-0.1832,0.008,0.3308,0.2588,-0.0302,-0.1831,-0.2537,-0.291,-0.3155,-0.3353,-0.3538,-0.3722,-0.3909,-0.4095,-0.4275,-0.4441,-0.459,-0.4717,-0.9878,-1.0552,-1.1264,-1.1627,-1.123,-1.0711,-1.0664,-1.1383,-1.2975,-1.3251,-1.0631,-0.8302,-0.7214,-0.727,-0.9095,-1.0193,-0.6749,-0.4258,-0.2558,-0.0566,0.1942,0.1644,-0.034,-0.1627,-0.2338,-0.2762,-0.3051,-0.3283,-0.3499,-0.3718,-0.3943,-0.4167,-0.4381,-0.4576,-0.4744,-0.4881,-0.9786,-1.0405,-1.1076,-1.1755,-1.1642,-1.1113,-1.1462,-1.28,-1.7003,-1.934,-1.2186,-0.8297,-0.704,-0.7087,-0.8718,-1.0195,-0.6328,-0.4261,-0.313,-0.1922,-0.0785,-0.0577,-0.1172,-0.1856,-0.2395,-0.2778,-0.3047,-0.327,-0.3499,-0.375,-0.4019,-0.4291,-0.4549,-0.4776,-0.4964,-0.5107,-0.9578,-1.0155,-1.086,-1.161,-1.1532,-1.1275,-1.2082,-1.3138,-1.4746,-1.5776,-1.0671,-0.7472,-0.6746,-0.7588,-0.683,-0.5442,-0.4196,-0.4052,-0.3828,-0.2741,-0.1857,-0.1517,-0.167,-0.2104,-0.26,-0.2959,-0.3149,-0.3309,-0.353,-0.3819,-0.4149,-0.4488,-0.4803,-0.507,-0.5275,-0.5416,-0.9263,-0.9732,-1.0245,-1.0665,-1.0799,-1.1174,-1.2452,-1.393,-1.3051,-1.0929,-0.8149,-0.6383,-0.5962,-0.7912,-0.6356,-0.2333,-0.1865,-0.5313,-0.5502,-0.2947,-0.1822,-0.1454,-0.1632,-0.2213,-0.2972,-0.3398,-0.3368,-0.3375,-0.358,-0.3929,-0.4354,-0.4792,-0.5187,-0.55,-0.5716,-0.5837,-0.8879,-0.9222,-0.9561,-0.9845,-1.0107,-1.0629,-1.1675,-1.2832,-1.1857,-0.8835,-0.6495,-0.5955,-0.5641,-0.1646,-0.145,0.2993,0.2112,-0.2008,-0.334,-0.185,-0.0778,-0.0504,-0.1035,-0.2073,-0.3368,-0.3957,-0.3562,-0.3394,-0.3624,-0.4091,-0.4672,-0.5264,-0.5773,-0.6139,-0.6343,-0.6409,-0.8472,-0.871,-0.8933,-0.9133,-0.9346,-0.966,-1.0062,-1.012,-0.8925,-0.6701,-0.4937,-0.4109,-0.2783,-0.0201,0.0385,0.4516,0.7869,0.2147,-0.0371,0.0152,0.1857,0.1867,0.0264,-0.1423,-0.2882,-0.354,-0.3304,-0.3257,-0.3644,-0.4331,-0.5173,-0.6012,-0.6689,-0.7099,-0.7237,-0.7176,-0.8072,-0.8226,-0.8359,-0.8466,-0.855,-0.86,-0.8514,-0.8028,-0.6843,-0.5064,-0.3403,-0.2496,-0.2721,-0.2136,-0.0639,0.2698,0.5645,0.1833,0.0048,0.208,0.7641,0.6273,0.1912,-0.0516,-0.1797,-0.2385,-0.2574,-0.2899,-0.3616,-0.4683,-0.5966,-0.7228,-0.8156,-0.8561,-0.8503,-0.8178,-0.7695,-0.7781,-0.7839,-0.7859,-0.7824,-0.7698,-0.7401,-0.681,-0.5847,-0.4599,-0.3498,-0.3375,-0.4635,-0.5153,-0.2699,-0.0946,-0.0227,-0.1438,-0.2147,0.1131,0.8417,0.6763,0.209,-0.0115,-0.0941,-0.1168,-0.144,-0.2204,-0.3478,-0.517,-0.7202,-0.9222,-1.0543,-1.0776,-1.023,-0.9412,-0.7349,-0.7381,-0.7381,-0.7335,-0.7224,-0.7019,-0.6675,-0.6155,-0.5469,-0.4734,-0.4215,-0.4252,-0.533,-0.5607,-0.4578,-0.4117,-0.3376,-0.4816,-0.7104,-0.2893,0.1082,0.1815,0.0528,-0.0314,-0.0156,0.0695,0.0694,-0.094,-0.3186,-0.5774,-0.8972,-1.2368,-1.429,-1.3896,-1.2338,-1.0741,-0.7037,-0.703,-0.6989,-0.6902,-0.6754,-0.6529,-0.621,-0.5794,-0.5314,-0.4857,-0.4553,-0.453,-0.4809,-0.5244,-0.7061,-0.7962,-0.5128,-0.5154,-0.6012,-0.3938,-0.2169,-0.1129,-0.0959,-0.0713,0.0673,0.3825,0.4491,0.0557,-0.3006,-0.638,-1.0869,-1.6288,-1.8963,-1.7249,-1.4253,-1.181,-0.6763,-0.6728,-0.666,-0.6552,-0.6394,-0.6178,-0.5901,-0.5574,-0.5226,-0.4911,-0.4696,-0.4639,-0.4789,-0.5339,-0.6816,-0.7258,-0.5319,-0.4464,-0.4067,-0.3895,-0.3147,-0.2392,-0.1971,-0.1372,0.0284,0.4143,0.5039,-0.0294,-0.3626,-0.6764,-1.1484,-1.7856,-2.0905,-1.8465,-1.4877,-1.2156,-0.6524,-0.6471,-0.6389,-0.6273,-0.6117,-0.5921,-0.5686,-0.5424,-0.5159,-0.4922,-0.4752,-0.4683,-0.4756,-0.503,-0.5445,-0.5419,-0.4762,-0.4195,-0.3901,-0.3724,-0.3351,-0.3036,-0.2803,-0.2371,-0.1719,-0.1647,-0.4001,-0.435,-0.5,-0.6878,-1.0171,-1.4773,-1.7363,-1.6199,-1.3748,-1.162,-0.6318,-0.6254,-0.6165,-0.6049,-0.5903,-0.5727,-0.5528,-0.5314,-0.5101,-0.491,-0.4763,-0.4679,-0.4672,-0.4736,-0.4791,-0.4681,-0.438,-0.4055,-0.3813,-0.3631,-0.3502,-0.3562,-0.3571,-0.3272,-0.3279,-0.4547,-0.681,-0.6146,-0.6257,-0.7054,-0.8566,-1.0982,-1.2758,-1.2806,-1.1779,-1.0543,-0.614,-0.6071,-0.5981,-0.5868,-0.5733,-0.5578,-0.5406,-0.5226,-0.5049,-0.4886,-0.4752,-0.4654,-0.4595,-0.4557,-0.4502,-0.4382,-0.4191,-0.3981,-0.38,-0.3673,-0.3654,-0.3832,-0.3902,-0.3704,-0.389,-0.4735,-0.5731,-0.6452,-0.7578,-0.751,-0.7749,-0.8816,-0.9869,-1.0247,-0.9978,-0.9392,-0.5988,-0.5917,-0.5828,-0.5722,-0.5598,-0.546,-0.531,-0.5155,-0.5002,-0.4859,-0.4733,-0.4627,-0.454,-0.4462,-0.4373,-0.4256,-0.4113,-0.3963,-0.3831,-0.3742,-0.3727,-0.3792,-0.3828,-0.3853,-0.4128,-0.4735,-0.5562,-0.6691,-0.774,-0.7564,-0.7396,-0.7791,-0.8341,-0.8665,-0.8661,-0.8417]}]