docs/data/wind_grid.json
[{"header":{"la1":42.85,"la2":41.18,"lo1":11.55,"lo2":14.05,"nx":36,"ny":24,"dx":0.07143,"dy":0.07261,"parameterCategory":2,"parameterNumber":2,"parameterNumberName":"eastward_wind","parameterUnit":"m.s-1"},"data":[-0.6557,-0.6802,-0.7078,-0.7375,-0.7667,-0.7917,-0.8068,-0.8062,-0.7858,-0.7452,-0.6879,-0.6204,-0.549,-0.4785,-0.4124,-0.3527,-0.3014,-0.2603,-0.2313,-0.2155,-0.2123,-0.2193,-0.2333,-0.2511,-0.2703,-0.2893,-0.307,-0.323,-0.337,-0.3492,-0.3596,-0.3684,-0.3759,-0.3821,-0.3874,-0.3919,-0.6637,-0.6944,-0.7311,-0.7732,-0.8183,-0.8614,-0.8935,-0.9038,-0.8832,-0.8302,-0.7521,-0.6608,-0.5667,-0.4766,-0.3938,-0.3196,-0.2555,-0.2043,-0.1694,-0.1534,-0.1557,-0.1718,-0.1959,-0.2232,-0.2503,-0.2755,-0.2979,-0.3173,-0.3337,-0.3475,-0.359,-0.3684,-0.3761,-0.3824,-0.3876,-0.392,-0.6666,-0.7035,-0.7506,-0.8086,-0.8765,-0.9487,-1.012,-1.0452,-1.0274,-0.9538,-0.8406,-0.7121,-0.5863,-0.4712,-0.3682,-0.2763,-0.1952,-0.1284,-0.0839,-0.0684,-0.0813,-0.1131,-0.1532,-0.1938,-0.2311,-0.2636,-0.2912,-0.3141,-0.3328,-0.348,-0.3601,-0.3698,-0.3775,-0.3836,-0.3886,-0.3927,-0.6616,-0.7037,-0.7611,-0.8377,-0.9362,-1.054,-1.1748,-1.2584,-1.252,-1.1389,-0.9611,-0.7734,-0.6043,-0.4591,-0.3337,-0.2216,-0.1177,-0.0253,0.0381,0.052,0.0178,-0.0423,-0.1069,-0.1654,-0.2149,-0.2556,-0.2883,-0.3145,-0.3351,-0.3511,-0.3635,-0.373,-0.3802,-0.3858,-0.3902,-0.3938,-0.6454,-0.6896,-0.7547,-0.8493,-0.9839,-1.1671,-1.3908,-1.5886,-1.6185,-1.4183,-1.1151,-0.8355,-0.612,-0.4349,-0.2884,-0.1569,-0.025,0.1115,0.2161,0.2265,0.1463,0.0367,-0.0629,-0.143,-0.2054,-0.2538,-0.2912,-0.3198,-0.3414,-0.3576,-0.3694,-0.3781,-0.3844,-0.389,-0.3925,-0.3952,-0.6148,-0.6552,-0.7212,-0.8271,-0.9935,-1.25,-1.6277,-2.0655,-2.2007,-1.7969,-1.2683,-0.8724,-0.5957,-0.3908,-0.2285,-0.0863,0.0678,0.2678,0.4587,0.4595,0.2879,0.1054,-0.0335,-0.1336,-0.2069,-0.2612,-0.3017,-0.3314,-0.3529,-0.3679,-0.3783,-0.3853,-0.3899,-0.393,-0.3951,-0.3968,-0.5676,-0.5948,-0.6494,-0.7518,-0.9303,-1.2285,-1.7242,-2.4452,-2.7563,-2.0496,-1.307,-0.8453,-0.5422,-0.3174,-0.1428,-0.0063,0.1326,0.3573,0.6388,0.626,0.3597,0.1249,-0.035,-0.1448,-0.2233,-0.2805,-0.3218,-0.3508,-0.3702,-0.3827,-0.3902,-0.3944,-0.3965,-0.3975,-0.3979,-0.3982,-0.5039,-0.5047,-0.5288,-0.6058,-0.7709,-1.0514,-1.4805,-2.0522,-2.2721,-1.719,-1.1416,-0.7494,-0.4555,-0.2062,-0.0002,0.1229,0.1822,0.2935,0.4767,0.4702,0.2656,0.0692,-0.0746,-0.1793,-0.2569,-0.3138,-0.3536,-0.3794,-0.3945,-0.4021,-0.405,-0.4051,-0.4038,-0.402,-0.4002,-0.3989,-0.4287,-0.3865,-0.3503,-0.3687,-0.5121,-0.7777,-1.0829,-1.3402,-1.401,-1.2167,-0.9365,-0.6473,-0.3668,-0.0622,0.268,0.415,0.307,0.2195,0.2204,0.1946,0.0937,-0.029,-0.1402,-0.2337,-0.3086,-0.3639,-0.3999,-0.4192,-0.4264,-0.4263,-0.4222,-0.4166,-0.4108,-0.4056,-0.4014,-0.3984,-0.3564,-0.2584,-0.1207,-0.0119,-0.1397,-0.5033,-0.8193,-1.0171,-1.1343,-1.1136,-0.8822,-0.5979,-0.3246,0.0376,0.7165,1.0452,0.5072,0.2037,0.0966,0.0373,-0.0333,-0.1202,-0.2131,-0.303,-0.3805,-0.4361,-0.4655,-0.4729,-0.4667,-0.4544,-0.4407,-0.4276,-0.4163,-0.4072,-0.4004,-0.3957,-0.3098,-0.1695,0.0706,0.3734,0.2774,-0.318,-0.7173,-0.9349,-1.2523,-1.3999,-0.9274,-0.582,-0.356,-0.1064,0.5734,1.0438,0.4311,0.1421,0.036,-0.0319,-0.1039,-0.1878,-0.2838,-0.3867,-0.481,-0.5425,-0.5594,-0.5437,-0.5147,-0.4846,-0.458,-0.4359,-0.4185,-0.4052,-0.3959,-0.3898,-0.3076,-0.175,0.0464,0.3159,0.2026,-0.3723,-0.7292,-0.8555,-1.0409,-1.155,-0.815,-0.5588,-0.4179,-0.3925,-0.203,0.1124,0.1197,0.0622,0.0212,-0.0516,-0.1397,-0.2363,-0.3504,-0.4884,-0.6283,-0.7075,-0.6945,-0.6322,-0.5663,-0.512,-0.4702,-0.4384,-0.4146,-0.3975,-0.3861,-0.3795,-0.3439,-0.2596,-0.1517,-0.0854,-0.2253,-0.5393,-0.7734,-0.8079,-0.8839,-0.8128,-0.6698,-0.5985,-0.4852,-0.4506,-0.3667,-0.1113,0.0229,0.0778,0.0669,-0.0508,-0.1632,-0.2716,-0.4067,-0.6006,-0.8372,-0.9569,-0.8702,-0.7241,-0.6088,-0.5285,-0.472,-0.431,-0.4014,-0.3813,-0.3691,-0.3632,-0.3946,-0.3567,-0.3286,-0.3472,-0.4512,-0.6131,-0.7617,-0.876,-0.8386,-0.6927,-0.5964,-0.7265,-0.7114,0.0984,-0.146,0.0024,0.1618,0.0926,0.03,-0.0856,-0.1915,-0.2911,-0.4313,-0.6673,-1.0122,-1.1858,-0.9987,-0.771,-0.6204,-0.5239,-0.4573,-0.409,-0.3749,-0.3531,-0.342,-0.3391,-0.4398,-0.4289,-0.4323,-0.4638,-0.5296,-0.6146,-0.6907,-0.7282,-0.6877,-0.5938,-0.5179,-0.4589,-0.2461,0.0921,-0.0502,0.322,0.8225,0.2487,-0.0248,-0.145,-0.2072,-0.2749,-0.4068,-0.6191,-0.9064,-1.0567,-0.9138,-0.7216,-0.5859,-0.4923,-0.4219,-0.3678,-0.3296,-0.3082,-0.3016,-0.3055,-0.4729,-0.4738,-0.485,-0.5107,-0.5496,-0.5924,-0.6237,-0.6266,-0.592,-0.5441,-0.5502,-0.3469,-0.291,-0.1714,-0.1288,0.2013,0.5576,0.1357,-0.1222,-0.1962,-0.1513,-0.2004,-0.3619,-0.5266,-0.6776,-0.7514,-0.7045,-0.6085,-0.5179,-0.438,-0.3649,-0.3017,-0.2579,-0.24,-0.2442,-0.2611,-0.4947,-0.4993,-0.5102,-0.5277,-0.5496,-0.5698,-0.5799,-0.5729,-0.5487,-0.5251,-0.5346,-0.4287,-0.3379,-0.3194,-0.3365,-0.2569,-0.1507,-0.1998,-0.2613,-0.2671,-0.1523,-0.2074,-0.3745,-0.4899,-0.5555,-0.5732,-0.5502,-0.5038,-0.4444,-0.3726,-0.2874,-0.2023,-0.1473,-0.1399,-0.1671,-0.207,-0.5083,-0.5133,-0.5217,-0.5328,-0.5446,-0.5534,-0.5551,-0.5469,-0.53,-0.51,-0.4868,-0.4438,-0.3835,-0.4084,-0.7057,-0.8174,-0.5716,-0.3581,-0.2462,-0.3835,-0.389,-0.4028,-0.4723,-0.5168,-0.519,-0.4982,-0.472,-0.4336,-0.3819,-0.3077,-0.1942,-0.0608,0.0159,-0.0042,-0.0754,-0.15,-0.5167,-0.521,-0.5269,-0.5337,-0.54,-0.5437,-0.5428,-0.5364,-0.5257,-0.5132,-0.502,-0.4994,-0.5361,-0.7469,-1.4653,-1.745,-0.9419,-0.5266,-0.4307,-0.667,-0.6453,-0.617,-0.6165,-0.5844,-0.5154,-0.4787,-0.4665,-0.3862,-0.3252,-0.2551,-0.1086,0.1024,0.2099,0.1367,0.0052,-0.1063,-0.522,-0.5254,-0.5295,-0.5339,-0.5374,-0.5392,-0.5384,-0.5352,-0.5308,-0.5284,-0.5341,-0.5623,-0.6504,-0.8958,-1.4073,-1.5562,-1.0286,-0.7699,-0.9392,-1.0632,-0.8709,-0.8478,-0.8296,-0.7063,-0.5208,-0.4479,-0.4399,-0.2626,-0.248,-0.2319,-0.0913,0.1627,0.2892,0.1854,0.0274,-0.0968,-0.5255,-0.5282,-0.5313,-0.5344,-0.5369,-0.5384,-0.5389,-0.539,-0.5402,-0.546,-0.5626,-0.6018,-0.6844,-0.8357,-1.0225,-1.0627,-0.9228,-0.8446,-0.9211,-0.9873,-1.0456,-1.2285,-1.2601,-0.9715,-0.5543,-0.1647,0.2374,0.1203,-0.1695,-0.2713,-0.1849,0.0143,0.1315,0.0797,-0.0315,-0.1298,-0.5282,-0.5305,-0.533,-0.5355,-0.5379,-0.5399,-0.542,-0.5449,-0.5502,-0.5609,-0.5814,-0.6183,-0.6786,-0.7614,-0.8401,-0.8687,-0.852,-0.857,-0.9232,-1.0613,-1.3963,-1.9994,-2.1552,-1.4763,-0.6997,-0.001,0.6168,0.2701,-0.3068,-0.4425,-0.3554,-0.206,-0.1024,-0.0915,-0.1354,-0.191,-0.5304,-0.5325,-0.5348,-0.5373,-0.5399,-0.5427,-0.5462,-0.5511,-0.5589,-0.5716,-0.5919,-0.6228,-0.6654,-0.7159,-0.7627,-0.7949,-0.8205,-0.8673,-0.9702,-1.1937,-1.7004,-2.5761,-2.8228,-1.8703,-0.929,-0.2959,0.0035,-0.2952,-0.7689,-0.7146,-0.5274,-0.3757,-0.277,-0.2361,-0.2372,-0.2584,-0.5323,-0.5344,-0.5368,-0.5394,-0.5424,-0.546,-0.5505,-0.5568,-0.5658,-0.5789,-0.5976,-0.623,-0.6551,-0.6913,-0.7279,-0.7637,-0.806,-0.8724,-0.9918,-1.2161,-1.6212,-2.1462,-2.2509,-1.684,-1.0253,-0.5834,-0.4246,-0.5905,-0.8356,-0.7713,-0.6008,-0.4687,-0.3821,-0.3346,-0.317,-0.318]},{"header":{"la1":42.85,"la2":41.18,"lo1":11.55,"lo2":14.05,"nx":36,"ny":24,"dx":0.07143,"dy":0.07261,"parameterCategory":2,"parameterNumber":3,"parameterNumberName":"northward_wind","parameterUnit":"m.s-1"},"data":[-0.266,-0.2968,-0.3303,-0.3657,-0.401,-0.433,-0.4572,-0.4688,-0.4645,-0.4442,-0.4111,-0.3703,-0.3267,-0.2837,-0.2431,-0.2057,-0.172,-0.1422,-0.1164,-0.0945,-0.076,-0.06,-0.0456,-0.0322,-0.0193,-0.0066,0.006,0.0187,0.0313,0.044,0.0566,0.0691,0.0814,0.0932,0.1047,0.1156,-0.2782,-0.3148,-0.3564,-0.4027,-0.4518,-0.4995,-0.5386,-0.5601,-0.5567,-0.5278,-0.4797,-0.4224,-0.3641,-0.3094,-0.2597,-0.2152,-0.1755,-0.1412,-0.1125,-0.0896,-0.0714,-0.0565,-0.0433,-0.0309,-0.0186,-0.0063,0.0063,0.0191,0.0321,0.0453,0.0587,0.0719,0.0849,0.0976,0.1098,0.1213,-0.2867,-0.3292,-0.3799,-0.4397,-0.5081,-0.5806,-0.6463,-0.6876,-0.6873,-0.6425,-0.5679,-0.4841,-0.405,-0.3356,-0.2754,-0.2225,-0.1754,-0.1347,-0.1023,-0.0788,-0.0625,-0.0504,-0.0397,-0.029,-0.0179,-0.0062,0.0061,0.0191,0.0325,0.0464,0.0606,0.0748,0.0888,0.1024,0.1154,0.1277,-0.2897,-0.3372,-0.3968,-0.4721,-0.5659,-0.6767,-0.7909,-0.8745,-0.8836,-0.8067,-0.6816,-0.5544,-0.4469,-0.3607,-0.2899,-0.2278,-0.1708,-0.1201,-0.0813,-0.0582,-0.0474,-0.0412,-0.0349,-0.027,-0.0175,-0.0068,0.0051,0.0181,0.0321,0.0469,0.0622,0.0776,0.0929,0.1076,0.1217,0.1349,-0.2851,-0.3355,-0.4018,-0.4913,-0.6141,-0.7788,-0.9795,-1.1586,-1.1965,-1.0464,-0.8209,-0.6258,-0.4842,-0.3829,-0.3041,-0.2337,-0.1631,-0.094,-0.0418,-0.0218,-0.0241,-0.0293,-0.0297,-0.0256,-0.0183,-0.0089,0.0025,0.0156,0.0304,0.0464,0.0632,0.0803,0.0972,0.1135,0.1288,0.143,-0.2715,-0.3209,-0.3885,-0.4858,-0.6317,-0.855,-1.1844,-1.5648,-1.6865,-1.3641,-0.9575,-0.678,-0.5081,-0.4007,-0.3217,-0.2469,-0.1598,-0.0582,0.0237,0.0347,0.0045,-0.0181,-0.0264,-0.0261,-0.0214,-0.0136,-0.0029,0.0105,0.0264,0.0443,0.0634,0.0829,0.102,0.1201,0.137,0.1524,-0.2487,-0.2922,-0.3529,-0.4447,-0.5931,-0.8427,-1.2678,-1.8869,-2.151,-1.5755,-1.0008,-0.6817,-0.5116,-0.4157,-0.3499,-0.2802,-0.1813,-0.0445,0.0795,0.079,0.0193,-0.0152,-0.0276,-0.0302,-0.0283,-0.0228,-0.0132,0.0009,0.019,0.0399,0.0624,0.0852,0.1072,0.1278,0.1466,0.1633,-0.2181,-0.2509,-0.2957,-0.3663,-0.4885,-0.7019,-1.0584,-1.5533,-1.7498,-1.3144,-0.8843,-0.6333,-0.4987,-0.4346,-0.4018,-0.3518,-0.2507,-0.1085,0.0147,0.0319,-0.0033,-0.0252,-0.0346,-0.0395,-0.0419,-0.0401,-0.0317,-0.0159,0.0061,0.0322,0.06,0.0875,0.1134,0.1371,0.158,0.1762,-0.1835,-0.203,-0.2256,-0.2627,-0.3415,-0.4896,-0.7083,-0.9451,-1.0466,-0.9418,-0.7472,-0.5763,-0.4818,-0.465,-0.5026,-0.4952,-0.3671,-0.2112,-0.0992,-0.0502,-0.0395,-0.04,-0.0457,-0.0561,-0.067,-0.0716,-0.0644,-0.0444,-0.0146,0.0203,0.0562,0.0904,0.1214,0.1487,0.172,0.1917,-0.1493,-0.1574,-0.159,-0.16,-0.1952,-0.2927,-0.4375,-0.6461,-0.919,-0.997,-0.7528,-0.5425,-0.4635,-0.494,-0.6709,-0.7655,-0.4892,-0.2679,-0.1452,-0.0824,-0.0541,-0.0475,-0.0587,-0.084,-0.1131,-0.1297,-0.1223,-0.0913,-0.0461,0.0037,0.0518,0.095,0.1324,0.1638,0.1896,0.2105,-0.1186,-0.1217,-0.1161,-0.102,-0.1082,-0.1464,-0.2041,-0.4337,-1.2082,-1.5857,-0.8284,-0.4998,-0.439,-0.4808,-0.6462,-0.7714,-0.4558,-0.2299,-0.1172,-0.0651,-0.0421,-0.0435,-0.0737,-0.132,-0.1998,-0.2391,-0.2243,-0.1658,-0.0901,-0.0159,0.0494,0.104,0.1485,0.184,0.2119,0.2335,-0.0907,-0.0936,-0.0937,-0.0932,-0.0852,-0.0264,0.0908,0.1324,-0.5189,-1.0349,-0.5956,-0.4106,-0.427,-0.5173,-0.4963,-0.4336,-0.2793,-0.1012,-0.0297,-0.0178,-0.0112,-0.0281,-0.0905,-0.2118,-0.3632,-0.4468,-0.3986,-0.2737,-0.1427,-0.0326,0.054,0.121,0.1723,0.2113,0.2404,0.2617,-0.0627,-0.064,-0.0629,-0.0552,-0.0185,0.0887,0.2982,0.586,0.285,-0.1782,-0.2799,-0.3487,-0.4107,-0.5456,-0.4898,-0.3221,-0.1707,0.0453,0.0651,0.0308,0.0311,0.0021,-0.0986,-0.3184,-0.6404,-0.8107,-0.6556,-0.3962,-0.1847,-0.0339,0.0733,0.1508,0.2072,0.2478,0.2763,0.2957,-0.0336,-0.0308,-0.0226,-0.0022,0.0448,0.1361,0.2755,0.4022,0.3031,0.0597,-0.0855,-0.3689,-0.4689,-0.3691,-0.2943,-0.2567,-0.2128,-0.0286,0.0455,0.0721,0.0877,0.0554,-0.0673,-0.3701,-0.895,-1.1774,-0.8547,-0.4518,-0.1789,-0.0032,0.1154,0.1982,0.2561,0.2954,0.3208,0.3362,-0.0047,0.0021,0.0152,0.0391,0.0794,0.1386,0.2067,0.2479,0.2251,0.206,0.215,0.1089,-0.0429,-0.0145,-0.1191,-0.3125,-0.5864,-0.1626,0.0703,0.1513,0.1569,0.1268,0.0243,-0.2431,-0.6961,-0.9492,-0.6918,-0.3438,-0.0973,0.0684,0.1841,0.2657,0.321,0.3555,0.3745,0.383,0.0227,0.0322,0.0472,0.0699,0.1017,0.1413,0.1823,0.2183,0.2653,0.3928,0.6552,0.6264,0.4396,0.2046,0.1013,-0.1471,-0.3741,0.0018,0.257,0.2713,0.155,0.1576,0.1351,-0.0214,-0.2531,-0.3845,-0.3031,-0.1292,0.0357,0.1705,0.2756,0.3525,0.4021,0.4278,0.4364,0.4349,0.0481,0.059,0.0746,0.0956,0.1225,0.1548,0.1918,0.2379,0.3119,0.4516,0.6459,0.6203,0.8086,0.9102,0.4533,0.2728,0.2597,0.5002,0.6901,0.5024,0.1785,0.201,0.2424,0.1574,0.0277,-0.0583,-0.0494,0.0403,0.1631,0.2817,0.3811,0.4549,0.4973,0.5098,0.5034,0.489,0.0712,0.0831,0.0988,0.1189,0.1438,0.1738,0.2106,0.2585,0.3259,0.4169,0.5092,0.6047,0.8985,0.9738,0.6981,0.6494,0.6645,1.0233,1.3794,0.9434,0.5829,0.4476,0.3913,0.2876,0.1285,-0.036,-0.0632,0.083,0.2561,0.3901,0.4903,0.5626,0.5968,0.5922,0.5679,0.5398,0.0924,0.105,0.1208,0.1404,0.1642,0.1931,0.2285,0.2727,0.3281,0.394,0.4667,0.5569,0.6747,0.752,0.928,1.0213,0.8628,1.0967,1.3298,1.236,0.9468,0.7114,0.5662,0.4047,0.1266,-0.3145,-0.4059,0.0413,0.3558,0.5071,0.5909,0.6485,0.6721,0.6538,0.6176,0.581,0.1118,0.1248,0.1407,0.1599,0.183,0.2106,0.2437,0.2833,0.3301,0.3839,0.4449,0.5159,0.599,0.7088,0.8972,0.9661,0.8977,1.069,1.4706,1.6337,1.1803,0.9138,0.7616,0.5785,0.2645,-0.3061,-0.4321,0.2839,0.5755,0.6612,0.6792,0.6838,0.69,0.6763,0.6449,0.6093,0.1294,0.1427,0.1586,0.1775,0.1998,0.226,0.2566,0.2923,0.3332,0.3797,0.4322,0.4923,0.5632,0.6513,0.7499,0.8097,0.8618,1.0192,1.2804,1.3641,1.1879,1.1081,1.0437,0.8607,0.659,0.653,1.0975,1.0652,0.9265,0.873,0.7983,0.7269,0.6975,0.6838,0.6601,0.6288,0.1455,0.1589,0.1747,0.1932,0.2146,0.2394,0.2679,0.3003,0.3371,0.3783,0.4246,0.4769,0.5364,0.6033,0.6719,0.7356,0.8115,0.9262,1.0585,1.1413,1.2292,1.458,1.519,1.2083,0.992,1.1724,1.642,1.4253,1.2271,1.1403,0.9798,0.8354,0.7537,0.712,0.6793,0.6461,0.1601,0.1736,0.1892,0.2071,0.2277,0.2512,0.2777,0.3076,0.3411,0.3783,0.4197,0.4656,0.5165,0.5718,0.6301,0.6921,0.765,0.855,0.9581,1.0828,1.3137,1.7281,1.8482,1.4229,1.1375,1.1719,1.3258,1.37,1.5165,1.4198,1.1589,0.9525,0.8267,0.7532,0.7035,0.6631,0.1734,0.1868,0.2021,0.2195,0.2393,0.2615,0.2864,0.3141,0.3449,0.3789,0.4163,0.4573,0.5021,0.5507,0.6031,0.6609,0.7274,0.8062,0.9027,1.0356,1.2458,1.5124,1.5741,1.3424,1.1481,1.1243,1.205,1.3589,1.5506,1.4619,1.2153,1.0105,0.8737,0.7851,0.7239,0.6771]}]