docs/data/wind_grid.json
{"header": {"la1":42.1,"la2":41.55,"lo1":12.1,"lo2":12.95,"nx":50,"ny":50,"dx":0.01735,"dy":0.01122,"parameterCategory":2,"parameterNumber":3,"parameterNumberName":"northward_wind","parameterUnit":"m.s-1"}, "data":
[rows 0 to 45 of 50, columns 0 to 49 of 50]
2.5765,2.5748,2.5727,2.5701,2.5672,2.5638,2.5599,2.5555,2.5507,2.5454,2.5396,2.5334,2.5267,2.5196,2.5121,2.5041,2.4956,2.4865,2.4767,2.4659,2.454,2.4405,2.4251,2.4073,2.3866,2.3626,2.3346,2.3022,2.2648,2.2222,2.1742,2.1209,2.0628,2.0009,1.9369,1.8727,1.8111,1.7547,1.7061,1.6674,1.6399,1.6238,1.6184,1.6226,1.6347,1.6529,1.6754,1.7009,1.728,1.7558
2.5811,2.5795,2.5775,2.5751,2.5722,2.5689,2.565,2.5606,2.5558,2.5504,2.5446,2.5383,2.5316,2.5245,2.5169,2.509,2.5006,2.4917,2.4821,2.4716,2.4599,2.4468,2.4317,2.4142,2.3937,2.3696,2.3412,2.3081,2.2696,2.2252,2.1747,2.1181,2.0558,1.9889,1.919,1.8487,1.7809,1.7189,1.6658,1.6242,1.5954,1.5797,1.5762,1.5834,1.599,1.621,1.6475,1.6766,1.7071,1.738
2.5859,2.5844,2.5826,2.5802,2.5774,2.5741,2.5703,2.5659,2.561,2.5556,2.5497,2.5433,2.5366,2.5294,2.5218,2.5139,2.5056,2.4968,2.4874,2.4773,2.466,2.4533,2.4386,2.4215,2.4012,2.3772,2.3487,2.3149,2.2753,2.2293,2.1763,2.1163,2.0496,1.9773,1.9012,1.824,1.7493,1.681,1.6228,1.5779,1.5479,1.533,1.5318,1.5425,1.5623,1.5887,1.6194,1.6526,1.6867,1.7207
2.5908,2.5895,2.5877,2.5855,2.5827,2.5795,2.5757,2.5713,2.5664,2.5609,2.5549,2.5484,2.5415,2.5343,2.5266,2.5187,2.5105,2.5018,2.4927,2.4829,2.4721,2.4599,2.4457,2.429,2.4092,2.3854,2.3568,2.3227,2.2822,2.2346,2.1792,2.1159,2.0447,1.9667,1.8838,1.799,1.7165,1.6411,1.5773,1.5288,1.4976,1.4837,1.4855,1.5003,1.5248,1.5562,1.5916,1.6291,1.667,1.7043
2.5958,2.5947,2.593,2.5909,2.5883,2.5851,2.5813,2.5769,2.5719,2.5663,2.5602,2.5536,2.5466,2.5392,2.5315,2.5235,2.5153,2.5068,2.4979,2.4885,2.4781,2.4665,2.4529,2.4369,2.4175,2.3941,2.3657,2.3314,2.2902,2.2412,2.1837,2.1171,2.0415,1.9575,1.8673,1.7742,1.6831,1.5996,1.5295,1.4771,1.4447,1.4323,1.4377,1.4572,1.4872,1.524,1.5645,1.6065,1.6484,1.689
2.601,2.6,2.5985,2.5965,2.594,2.5908,2.5871,2.5827,2.5776,2.572,2.5657,2.5589,2.5517,2.5441,2.5362,2.5282,2.52,2.5116,2.503,2.4939,2.4841,2.4731,2.4603,2.4449,2.4263,2.4034,2.3753,2.341,2.2993,2.2493,2.1899,2.1203,2.0402,1.9503,1.8524,1.7504,1.6497,1.5572,1.4799,1.4232,1.3898,1.3794,1.3889,1.414,1.45,1.4927,1.5386,1.5853,1.6312,1.6752
2.6063,2.6054,2.6041,2.6023,2.5999,2.5968,2.5931,2.5886,2.5835,2.5777,2.5713,2.5643,2.5569,2.549,2.541,2.5327,2.5245,2.5162,2.5078,2.4991,2.4899,2.4796,2.4676,2.4531,2.4352,2.413,2.3855,2.3514,2.3097,2.259,2.1981,2.1258,2.0416,1.9457,1.8399,1.7283,1.6172,1.5147,1.4294,1.368,1.3338,1.3258,1.3403,1.3716,1.4142,1.4631,1.5146,1.5661,1.6159,1.6632
2.6117,2.6111,2.6099,2.6083,2.606,2.603,2.5993,2.5949,2.5897,2.5837,2.5771,2.5699,2.5621,2.554,2.5456,2.5372,2.5288,2.5205,2.5123,2.5041,2.4954,2.4859,2.4747,2.4612,2.4443,2.423,2.3962,2.3627,2.3212,2.2703,2.2083,2.134,2.0461,1.9446,1.831,1.7094,1.587,1.4735,1.3794,1.3129,1.2778,1.2729,1.2929,1.3311,1.3806,1.436,1.4931,1.5493,1.603,1.6533
2.6172,2.6169,2.6159,2.6145,2.6123,2.6094,2.6058,2.6013,2.5961,2.59,2.5831,2.5756,2.5675,2.559,2.5502,2.5415,2.5329,2.5245,2.5165,2.5086,2.5006,2.4918,2.4817,2.4692,2.4534,2.4332,2.4074,2.3747,2.3339,2.2831,2.2208,2.1451,2.0544,1.9479,1.8268,1.6951,1.5608,1.4355,1.3318,1.2597,1.2239,1.2224,1.2486,1.294,1.3507,1.4125,1.4751,1.5357,1.5929,1.6459
2.623,2.6228,2.6221,2.6209,2.6189,2.6161,2.6126,2.6081,2.6028,2.5965,2.5894,2.5815,2.573,2.564,2.5548,2.5456,2.5367,2.5282,2.5203,2.5127,2.5053,2.4974,2.4883,2.4769,2.4623,2.4433,2.4188,2.3873,2.3475,2.2976,2.2357,2.1596,2.067,1.9566,1.8288,1.6873,1.541,1.4032,1.2891,1.2111,1.1746,1.1768,1.2093,1.262,1.3258,1.3937,1.4613,1.5259,1.5861,1.6414
2.6288,2.629,2.6286,2.6275,2.6257,2.6232,2.6197,2.6152,2.6098,2.6033,2.5959,2.5877,2.5787,2.5691,2.5594,2.5497,2.5403,2.5315,2.5235,2.5163,2.5094,2.5024,2.4944,2.4843,2.471,2.4534,2.4302,2.4002,2.3619,2.3136,2.253,2.1776,2.0846,1.9717,1.8385,1.6883,1.5303,1.3797,1.2547,1.1704,1.1331,1.1389,1.1776,1.2373,1.3075,1.3808,1.4527,1.5205,1.583,1.64
2.6348,2.6353,2.6352,2.6344,2.6329,2.6305,2.6271,2.6227,2.6172,2.6106,2.6029,2.5941,2.5846,2.5744,2.564,2.5536,2.5436,2.5344,2.5263,2.5192,2.5129,2.5068,2.4999,2.4911,2.4792,2.463,2.4415,2.4133,2.3771,2.331,2.2727,2.1994,2.1076,1.9942,1.8576,1.7003,1.5316,1.3687,1.2327,1.1418,1.1032,1.1122,1.1563,1.2218,1.2973,1.3749,1.4499,1.52,1.5841,1.6421
2.641,2.6418,2.642,2.6416,2.6403,2.6382,2.635,2.6306,2.6251,2.6183,2.6102,2.601,2.5908,2.5799,2.5687,2.5574,2.5467,2.5369,2.5285,2.5215,2.5157,2.5105,2.5047,2.4972,2.4867,2.4721,2.4524,2.4263,2.3926,2.3495,2.2947,2.225,2.1364,2.0248,1.8874,1.7255,1.5483,1.3742,1.2277,1.13,1.0894,1.1003,1.1482,1.2178,1.2968,1.377,1.4538,1.5249,1.5896,1.6479
2.6473,2.6485,2.6491,2.649,2.6481,2.6463,2.6433,2.639,2.6334,2.6265,2.6181,2.6084,2.5975,2.5858,2.5735,2.5613,2.5496,2.5391,2.5301,2.5231,2.5177,2.5133,2.5087,2.5025,2.4934,2.4804,2.4627,2.439,2.4084,2.3691,2.3189,2.2543,2.1711,2.064,1.9289,1.7659,1.5831,1.4001,1.2443,1.1396,1.0959,1.1066,1.1559,1.2271,1.3072,1.3879,1.4647,1.5355,1.5997,1.6574
2.6537,2.6553,2.6564,2.6568,2.6563,2.6547,2.652,2.648,2.6424,2.6353,2.6265,2.6163,2.6047,2.592,2.5787,2.5653,2.5525,2.5409,2.5313,2.5239,2.5189,2.5153,2.5118,2.5068,2.4991,2.4878,2.4722,2.4513,2.4242,2.3895,2.345,2.2874,2.2116,2.112,1.9828,1.8225,1.6381,1.4495,1.2861,1.1745,1.1261,1.1339,1.1813,1.2508,1.3291,1.408,1.4829,1.5519,1.6145,1.6706
2.6603,2.6624,2.6639,2.6648,2.6648,2.6637,2.6613,2.6575,2.652,2.6447,2.6357,2.6249,2.6125,2.5988,2.5843,2.5696,2.5554,2.5425,2.532,2.5242,2.5193,2.5164,2.514,2.5101,2.5038,2.4942,2.4807,2.4629,2.4398,2.4105,2.3729,2.3237,2.2578,2.1684,2.0488,1.8954,1.714,1.5237,1.3551,1.237,1.1819,1.1835,1.2252,1.2893,1.3628,1.4373,1.5084,1.5741,1.6338,1.6875
2.6669,2.6696,2.6717,2.6731,2.6736,2.6731,2.6711,2.6676,2.6623,2.655,2.6457,2.6343,2.6211,2.6064,2.5905,2.5743,2.5585,2.5442,2.5324,2.524,2.5191,2.5169,2.5154,2.5125,2.5073,2.4994,2.4883,2.4737,2.4552,2.4319,2.4024,2.3632,2.3091,2.2326,2.1258,1.9835,1.8095,1.6217,1.4508,1.3264,1.2627,1.2548,1.2869,1.3421,1.4076,1.4752,1.5406,1.6016,1.6573,1.7078
2.6737,2.677,2.6797,2.6817,2.6829,2.6829,2.6815,2.6785,2.6734,2.6661,2.6566,2.6447,2.6307,2.6148,2.5975,2.5796,2.562,2.546,2.5328,2.5235,2.5186,2.517,2.5162,2.514,2.5098,2.5035,2.4949,2.4838,2.4702,2.4537,2.4331,2.4053,2.3647,2.3033,2.212,2.0841,1.9213,1.7398,1.5691,1.4392,1.3654,1.3451,1.3642,1.4072,1.4622,1.5209,1.579,1.6339,1.6848,1.7313
2.6806,2.6845,2.6879,2.6907,2.6926,2.6933,2.6926,2.6901,2.6854,2.6782,2.6685,2.6561,2.6412,2.6242,2.6055,2.5859,2.5663,2.5483,2.5334,2.5231,2.518,2.517,2.5166,2.5146,2.5113,2.5067,2.5007,2.4933,2.4849,2.4757,2.4649,2.4494,2.4236,2.3788,2.3046,2.1931,2.044,1.8716,1.7034,1.5687,1.4843,1.4496,1.4535,1.4823,1.5247,1.5729,1.6224,1.6703,1.7155,1.7574
2.6875,2.6921,2.6962,2.6998,2.7026,2.7042,2.7043,2.7025,2.6983,2.6914,2.6815,2.6687,2.653,2.6349,2.6147,2.5932,2.5716,2.5513,2.5345,2.5229,2.5175,2.517,2.5165,2.5144,2.5119,2.5091,2.5058,2.5022,2.4993,2.4978,2.4973,2.4949,2.4846,2.4567,2.4002,2.3054,2.171,2.009,1.8449,1.7068,1.612,1.5626,1.5504,1.5639,1.5927,1.6296,1.6696,1.7099,1.7489,1.7858
2.6944,2.6997,2.7047,2.7092,2.7129,2.7156,2.7167,2.7157,2.7122,2.7057,2.6958,2.6826,2.6661,2.6468,2.6252,2.602,2.5781,2.5553,2.5361,2.5226,2.5163,2.5158,2.5149,2.5129,2.5117,2.511,2.5104,2.5106,2.5133,2.5197,2.5298,2.5408,2.5458,2.5344,2.4944,2.4153,2.2947,2.1434,1.9846,1.8445,1.7409,1.678,1.6504,1.6487,1.6639,1.6891,1.7194,1.7518,1.7843,1.8159
2.7013,2.7074,2.7133,2.7188,2.7236,2.7274,2.7297,2.7299,2.7273,2.7213,2.7115,2.6978,2.6805,2.6601,2.6372,2.6123,2.5861,2.5605,2.5382,2.5217,2.5126,2.5099,2.5095,2.5097,2.5109,2.5125,2.5147,2.5188,2.5269,2.5411,2.5617,2.5855,2.6049,2.6084,2.5826,2.5168,2.4083,2.2671,2.1143,1.9743,1.8643,1.7902,1.749,1.7334,1.7357,1.7497,1.7705,1.7949,1.8209,1.8472
2.7082,2.7151,2.7219,2.7285,2.7346,2.7397,2.7434,2.7449,2.7435,2.7382,2.7286,2.7144,2.6962,2.6747,2.6507,2.6243,2.596,2.5673,2.541,2.5202,2.5058,2.4985,2.5001,2.5052,2.5099,2.514,2.5189,2.5266,2.5399,2.5614,2.5917,2.6272,2.6591,2.6748,2.6601,2.6046,2.5061,2.3741,2.2283,2.0905,1.9771,1.8948,1.8426,1.8152,1.8061,1.8097,1.8216,1.8385,1.8581,1.8791
2.7149,2.7227,2.7305,2.7383,2.7457,2.7523,2.7577,2.7609,2.7609,2.7567,2.7473,2.7325,2.7131,2.6903,2.6652,2.638,2.608,2.5762,2.5454,2.519,2.4988,2.4878,2.4915,2.5012,2.5092,2.5158,2.5232,2.5341,2.552,2.5799,2.6184,2.6635,2.7052,2.7297,2.7227,2.6745,2.5841,2.4611,2.3232,2.1899,2.0762,1.989,1.9289,1.892,1.8733,1.8679,1.8717,1.8815,1.8952,1.9111
2.7214,2.73,2.7389,2.748,2.7568,2.7652,2.7725,2.7777,2.7796,2.7768,2.7678,2.7522,2.731,2.7064,2.6804,2.6529,2.6222,2.5878,2.5524,2.5206,2.4959,2.4836,2.488,2.4995,2.5097,2.5182,2.5276,2.5412,2.5628,2.5957,2.6404,2.6922,2.7402,2.7699,2.7674,2.7244,2.641,2.5269,2.398,2.2714,2.1601,2.0713,2.0061,1.9623,1.936,1.9231,1.9199,1.9235,1.9317,1.9429
2.7277,2.7372,2.7472,2.7575,2.7679,2.7782,2.7876,2.7952,2.7996,2.7987,2.7904,2.7736,2.7496,2.7223,2.6951,2.6682,2.6382,2.6024,2.5634,2.527,2.4996,2.4869,2.4904,2.5013,2.512,2.5216,2.5324,2.5479,2.572,2.6081,2.6563,2.7115,2.7621,2.7937,2.7933,2.7541,2.6775,2.5727,2.4539,2.3355,2.2292,2.1413,2.0738,2.0255,1.9936,1.9746,1.9656,1.9637,1.9671,1.974
2.7336,2.744,2.755,2.7667,2.7787,2.791,2.8029,2.8134,2.8208,2.8225,2.8155,2.7972,2.769,2.737,2.708,2.6825,2.6549,2.6198,2.5786,2.5392,2.5099,2.4965,2.4978,2.5065,2.5163,2.526,2.5374,2.554,2.5793,2.6166,2.6656,2.7207,2.7706,2.8014,2.8015,2.7656,2.6959,2.601,2.493,2.3842,2.2844,2.1995,2.132,2.0813,2.0455,2.022,2.0083,2.0019,2.001,2.0041
2.7391,2.7503,2.7624,2.7753,2.7891,2.8034,2.818,2.8317,2.8429,2.8484,2.8435,2.8237,2.7893,2.7496,2.717,2.6937,2.6707,2.6385,2.5973,2.5563,2.5257,2.5106,2.5089,2.5145,2.5224,2.5314,2.5427,2.5593,2.5846,2.6211,2.6683,2.7204,2.7669,2.795,2.7949,2.7623,2.6999,2.6151,2.5183,2.4196,2.3274,2.2471,2.1812,2.1299,2.0918,2.0651,2.0478,2.0377,2.0332,2.033
2.7442,2.7562,2.7692,2.7834,2.7987,2.8151,2.8324,2.8497,2.8654,2.8759,2.8749,2.8544,2.8116,2.7596,2.7206,2.6999,2.6832,2.6562,2.6172,2.5764,2.5448,2.5274,2.5223,2.5245,2.53,2.5375,2.5481,2.564,2.588,2.6221,2.6654,2.7125,2.7537,2.7782,2.7774,2.7483,2.6932,2.6185,2.5326,2.4442,2.3602,2.2854,2.2224,2.1717,2.1327,2.104,2.0839,2.0709,2.0635,2.0604
2.7487,2.7614,2.7753,2.7905,2.8073,2.8257,2.8457,2.8667,2.8873,2.904,2.9093,2.8903,2.8375,2.7673,2.718,2.7,2.6909,2.6705,2.6356,2.5966,2.5647,2.5451,2.5367,2.5355,2.5384,2.5442,2.5533,2.5678,2.5896,2.6202,2.6584,2.6992,2.7344,2.7547,2.7532,2.7275,2.6794,2.6142,2.5389,2.4604,2.3846,2.3159,2.2565,2.2074,2.1684,2.1386,2.1168,2.1016,2.0919,2.0864
2.7526,2.7658,2.7805,2.7967,2.8147,2.8348,2.8572,2.8816,2.9071,2.9308,2.9445,2.9309,2.8692,2.7752,2.7118,2.696,2.6941,2.6803,2.6506,2.6146,2.5834,2.5623,2.551,2.5468,2.5471,2.5509,2.5584,2.5708,2.5899,2.6163,2.6488,2.6829,2.7118,2.728,2.7258,2.7032,2.6616,2.6051,2.5395,2.4703,2.4025,2.3398,2.2845,2.2377,2.1995,2.1694,2.1465,2.1298,2.1182,2.1108
2.7558,2.7695,2.7847,2.8017,2.8207,2.8421,2.8663,2.8935,2.9232,2.9532,2.976,2.9711,2.9052,2.7881,2.7088,2.6928,2.6953,2.6863,2.6616,2.6294,2.5998,2.578,2.5645,2.5578,2.5557,2.5574,2.563,2.5732,2.5892,2.6112,2.6379,2.6655,2.6885,2.7008,2.6978,2.6779,2.642,2.5933,2.5363,2.4756,2.4152,2.3584,2.3074,2.2633,2.2265,2.1966,2.1732,2.1554,2.1425,2.1336
2.7583,2.7723,2.7879,2.8053,2.825,2.8472,2.8726,2.9014,2.9337,2.9679,2.997,2.9999,2.9363,2.8082,2.7173,2.6964,2.6976,2.6904,2.6694,2.641,2.6134,2.5916,2.5767,2.5679,2.5638,2.5636,2.5671,2.575,2.5878,2.6055,2.6268,2.6484,2.666,2.6748,2.6711,2.6534,2.6223,2.5803,2.5309,2.4776,2.4241,2.3729,2.3261,2.2849,2.2498,2.2206,2.1971,2.1788,2.1649,2.1548
2.7601,2.7743,2.79,2.8077,2.8275,2.85,2.8757,2.9049,2.9378,2.9726,3.0026,3.0076,2.9497,2.8296,2.7374,2.7079,2.7027,2.694,2.675,2.6497,2.6243,2.603,2.5874,2.5771,2.5712,2.5692,2.5708,2.5764,2.5861,2.5998,2.6161,2.6325,2.6454,2.651,2.6466,2.6306,2.6036,2.5672,2.5243,2.4776,2.4301,2.3841,2.3414,2.3032,2.2699,2.2417,2.2186,2.2,2.1854,2.1744
2.7612,2.7754,2.7911,2.8086,2.8283,2.8505,2.8756,2.904,2.9352,2.9673,2.9932,2.9945,2.9431,2.8433,2.76,2.7234,2.7101,2.6979,2.6795,2.6564,2.6329,2.6124,2.5965,2.5851,2.5778,2.5742,2.574,2.5773,2.5842,2.5942,2.6062,2.6181,2.627,2.63,2.6247,2.6102,2.5864,2.5547,2.5173,2.4763,2.4342,2.3929,2.354,2.3186,2.2873,2.2603,2.2377,2.2191,2.2043,2.1927
2.7616,2.7756,2.791,2.8082,2.8274,2.8488,2.8727,2.899,2.9271,2.9542,2.9733,2.9694,2.9249,2.8471,2.7773,2.7379,2.718,2.702,2.6833,2.6616,2.6397,2.6201,2.604,2.592,2.5836,2.5786,2.5768,2.578,2.5823,2.5891,2.5974,2.6054,2.611,2.6117,2.6057,2.5922,2.571,2.5433,2.5104,2.4742,2.4368,2.3997,2.3643,2.3317,2.3024,2.2767,2.2548,2.2365,2.2215,2.2095
2.7612,2.7749,2.79,2.8066,2.8249,2.8451,2.8672,2.8908,2.9149,2.9363,2.9486,2.9408,2.9034,2.8437,2.7869,2.7486,2.7247,2.7058,2.6864,2.6657,2.645,2.6262,2.6103,2.5978,2.5885,2.5824,2.5791,2.5785,2.5805,2.5845,2.5897,2.5945,2.5972,2.596,2.5894,2.5766,2.5576,2.533,2.5039,2.4719,2.4385,2.4051,2.3729,2.3428,2.3155,2.2912,2.2701,2.2522,2.2373,2.225
2.7602,2.7735,2.788,2.8038,2.821,2.8397,2.8597,2.8803,2.9002,2.9162,2.923,2.9132,2.8823,2.8362,2.7902,2.7549,2.7295,2.7088,2.6889,2.6688,2.6491,2.631,2.6154,2.6026,2.5927,2.5856,2.581,2.5788,2.5788,2.5805,2.583,2.5851,2.5855,2.5828,2.5756,2.5634,2.546,2.5239,2.498,2.4695,2.4396,2.4095,2.3801,2.3524,2.327,2.304,2.2839,2.2664,2.2517,2.2394
2.7586,2.7714,2.7852,2.8001,2.8161,2.8331,2.8508,2.8684,2.8843,2.8959,2.8988,2.8884,2.8628,2.8266,2.7891,2.7573,2.732,2.7106,2.6906,2.671,2.6521,2.6347,2.6194,2.6065,2.5962,2.5882,2.5826,2.579,2.5773,2.577,2.5772,2.5772,2.5757,2.5716,2.5639,2.5521,2.5361,2.5161,2.4929,2.4673,2.4403,2.413,2.3863,2.3608,2.337,2.3154,2.2962,2.2793,2.2649,2.2526
2.7564,2.7686,2.7816,2.7955,2.8102,2.8255,2.841,2.8557,2.8682,2.8763,2.8767,2.8665,2.8452,2.816,2.785,2.7567,2.7326,2.7113,2.6915,2.6725,2.6543,2.6375,2.6225,2.6097,2.5989,2.5904,2.5838,2.5791,2.576,2.5739,2.5724,2.5705,2.5675,2.5623,2.5542,2.5427,2.5278,2.5095,2.4884,2.4653,2.4409,2.4161,2.3916,2.368,2.3459,2.3256,2.3073,2.2911,2.2769,2.2648
2.7538,2.7653,2.7775,2.7903,2.8037,2.8173,2.8306,2.8428,2.8525,2.8579,2.8567,2.8472,2.8292,2.8052,2.7791,2.7541,2.7314,2.7108,2.6916,2.6732,2.6557,2.6395,2.6249,2.6121,2.6011,2.5921,2.5848,2.5791,2.5747,2.5713,2.5682,2.5649,2.5606,2.5545,2.5461,2.5349,2.5208,2.5039,2.4846,2.4636,2.4414,2.4187,2.3962,2.3745,2.3539,2.3348,2.3174,2.3018,2.288,2.2761
2.7507,2.7615,2.7728,2.7846,2.7967,2.8087,2.8201,2.8301,2.8375,2.8409,2.8388,2.83,2.8146,2.7945,2.7722,2.75,2.729,2.7094,2.6909,2.6732,2.6564,2.6408,2.6265,2.6138,2.6028,2.5934,2.5855,2.579,2.5736,2.569,2.5647,2.5602,2.5549,2.5481,2.5394,2.5284,2.515,2.4993,2.4815,2.4622,2.4419,2.4211,2.4004,2.3802,2.361,2.343,2.3265,2.3115,2.2982,2.2865
2.7472,2.7573,2.7678,2.7786,2.7894,2.7998,2.8095,2.8177,2.8233,2.8254,2.8226,2.8145,2.8013,2.7841,2.7647,2.7449,2.7256,2.7072,2.6895,2.6726,2.6565,2.6415,2.6276,2.6151,2.604,2.5943,2.5859,2.5788,2.5726,2.567,2.5617,2.5563,2.5501,2.5428,2.5338,2.523,2.5102,2.4954,2.479,2.4612,2.4425,2.4233,2.4041,2.3854,2.3674,2.3505,2.3348,2.3205,2.3076,2.2962
2.7435,2.7529,2.7625,2.7723,2.7819,2.791,2.7992,2.8058,2.8101,2.811,2.808,2.8005,2.7889,2.774,2.757,2.7393,2.7216,2.7043,2.6876,2.6714,2.6561,2.6416,2.6281,2.6158,2.6047,2.5949,2.5862,2.5785,2.5716,2.5653,2.5592,2.553,2.5462,2.5384,2.5292,2.5186,2.5063,2.4923,2.477,2.4605,2.4431,2.4254,2.4076,2.3901,2.3732,2.3573,2.3424,2.3287,2.3162,2.3051
2.7395,2.7482,2.757,2.7658,2.7743,2.7823,2.7892,2.7945,2.7976,2.7978,2.7946,2.7878,2.7774,2.7643,2.7493,2.7333,2.717,2.7009,2.6851,2.6698,2.6551,2.6412,2.6282,2.6161,2.6051,2.5951,2.5862,2.5781,2.5707,2.5638,2.557,2.5502,2.5429,2.5347,2.5255,2.515,2.5031,2.4899,2.4754,2.46,2.4439,2.4273,2.4107,2.3944,2.3786,2.3635,2.3493,2.3362,2.3242,2.3134
2.7353,2.7433,2.7514,2.7593,2.7668,2.7737,2.7795,2.7838,2.786,2.7857,2.7824,2.776,2.7667,2.755,2.7416,2.7271,2.7122,2.6972,2.6823,2.6678,2.6538,2.6404,2.6278,2.616,2.6051,2.5951,2.586,2.5776,2.5698,2.5624,2.5552,2.5478,2.5401,2.5317,2.5224,2.5121,2.5006,2.4879,2.4743,2.4598,2.4447,2.4292,2.4137,2.3984,2.3835,2.3692,2.3557,2.3432,2.3317,2.3212
