docs/data/wind_grid.json
[{"header":{"la1":42.85,"la2":41.18,"lo1":11.55,"lo2":14.05,"nx":36,"ny":24,"dx":0.07143,"dy":0.07261,"parameterCategory":2,"parameterNumber":2,"parameterNumberName":"eastward_wind","parameterUnit":"m.s-1"},"data":[-0.2561,-0.2657,-0.276,-0.287,-0.2979,-0.308,-0.3158,-0.32,-0.3201,-0.3164,-0.3109,-0.3059,-0.3037,-0.3057,-0.3122,-0.3224,-0.3346,-0.3463,-0.3548,-0.3579,-0.355,-0.3466,-0.3343,-0.3198,-0.3045,-0.2894,-0.2751,-0.2618,-0.2497,-0.2388,-0.229,-0.2202,-0.2124,-0.2055,-0.1993,-0.1938,-0.2605,-0.2718,-0.2846,-0.2988,-0.3139,-0.3285,-0.3405,-0.3471,-0.3463,-0.3386,-0.3273,-0.317,-0.3115,-0.313,-0.3219,-0.3372,-0.3563,-0.3752,-0.3889,-0.3938,-0.3888,-0.3757,-0.3577,-0.3377,-0.3177,-0.2987,-0.2814,-0.2659,-0.2521,-0.2399,-0.2292,-0.2198,-0.2116,-0.2043,-0.1979,-0.1923,-0.2643,-0.2776,-0.2932,-0.3115,-0.3325,-0.3547,-0.3748,-0.3869,-0.3855,-0.3705,-0.3486,-0.3288,-0.3176,-0.3179,-0.3303,-0.3534,-0.3837,-0.4147,-0.4374,-0.4444,-0.4345,-0.4127,-0.3853,-0.3573,-0.3311,-0.3075,-0.2869,-0.2689,-0.2534,-0.2401,-0.2286,-0.2186,-0.21,-0.2025,-0.196,-0.1904,-0.2671,-0.2821,-0.3006,-0.3237,-0.3527,-0.3872,-0.4229,-0.4482,-0.4481,-0.4192,-0.3767,-0.3401,-0.3199,-0.3185,-0.3357,-0.37,-0.4181,-0.4702,-0.509,-0.518,-0.4967,-0.4584,-0.4163,-0.3773,-0.3435,-0.3148,-0.2907,-0.2704,-0.2534,-0.239,-0.2268,-0.2165,-0.2076,-0.2001,-0.1936,-0.1879,-0.2684,-0.2847,-0.3054,-0.3331,-0.3711,-0.423,-0.4873,-0.5445,-0.5525,-0.4944,-0.4115,-0.3474,-0.3148,-0.3115,-0.3348,-0.3839,-0.4581,-0.5468,-0.616,-0.6252,-0.5778,-0.5103,-0.4471,-0.3949,-0.353,-0.3193,-0.292,-0.2698,-0.2514,-0.2363,-0.2238,-0.2133,-0.2044,-0.1969,-0.1905,-0.185,-0.268,-0.2846,-0.3063,-0.3363,-0.381,-0.4509,-0.5574,-0.6825,-0.7195,-0.5977,-0.4416,-0.3412,-0.2968,-0.2934,-0.3234,-0.3879,-0.4931,-0.6365,-0.76,-0.7633,-0.6656,-0.5565,-0.4701,-0.4057,-0.3571,-0.3196,-0.29,-0.2664,-0.2474,-0.2319,-0.2193,-0.2089,-0.2003,-0.1931,-0.1869,-0.1817,-0.2659,-0.2819,-0.3025,-0.3309,-0.3744,-0.4487,-0.5834,-0.7891,-0.8782,-0.66,-0.4269,-0.3058,-0.2605,-0.2612,-0.2979,-0.3727,-0.4976,-0.6834,-0.8616,-0.8558,-0.7105,-0.5736,-0.4755,-0.4056,-0.354,-0.3146,-0.284,-0.2599,-0.2409,-0.2257,-0.2134,-0.2035,-0.1953,-0.1886,-0.1829,-0.178,-0.2625,-0.2773,-0.2953,-0.3182,-0.3506,-0.4033,-0.5002,-0.6561,-0.7147,-0.5133,-0.322,-0.2328,-0.2049,-0.2147,-0.2576,-0.3362,-0.4562,-0.6187,-0.7684,-0.7729,-0.6618,-0.5481,-0.4601,-0.3937,-0.343,-0.3039,-0.2736,-0.2502,-0.2319,-0.2176,-0.2062,-0.1971,-0.1896,-0.1835,-0.1784,-0.174,-0.2586,-0.2724,-0.2878,-0.3048,-0.3228,-0.3412,-0.3589,-0.3646,-0.3136,-0.2133,-0.1553,-0.1375,-0.1368,-0.1558,-0.2051,-0.2904,-0.4048,-0.5255,-0.6136,-0.6282,-0.5778,-0.5042,-0.4333,-0.3732,-0.3251,-0.2877,-0.2591,-0.2373,-0.2206,-0.2078,-0.1978,-0.1898,-0.1834,-0.1781,-0.1736,-0.1698,-0.2547,-0.2684,-0.2833,-0.2983,-0.3101,-0.3101,-0.2778,-0.1732,0.0203,0.1108,0.0163,-0.0491,-0.0663,-0.0835,-0.1387,-0.248,-0.3943,-0.5292,-0.601,-0.5985,-0.5469,-0.4762,-0.4067,-0.3478,-0.3015,-0.2665,-0.2406,-0.2215,-0.2074,-0.1968,-0.1886,-0.1822,-0.1769,-0.1725,-0.1688,-0.1655,-0.2508,-0.2655,-0.2827,-0.302,-0.322,-0.3357,-0.3179,-0.1762,0.2862,0.5003,0.1319,0.0036,0.0008,0.0111,-0.0447,-0.2086,-0.4566,-0.699,-0.7876,-0.7105,-0.5828,-0.4687,-0.3808,-0.3168,-0.2715,-0.2401,-0.2184,-0.2034,-0.1928,-0.1851,-0.1793,-0.1745,-0.1706,-0.1671,-0.1641,-0.1614,-0.2462,-0.2626,-0.2833,-0.3108,-0.3487,-0.4025,-0.4729,-0.4889,-0.0995,0.2241,0.0531,0.0114,0.0578,0.1247,0.0933,-0.1716,-0.6208,-1.1771,-1.2775,-0.9413,-0.6423,-0.4545,-0.3418,-0.2741,-0.2332,-0.2084,-0.1933,-0.184,-0.178,-0.1738,-0.1705,-0.1675,-0.1648,-0.1622,-0.1598,-0.1576,-0.2399,-0.2572,-0.2806,-0.3142,-0.366,-0.4515,-0.5923,-0.7147,-0.6135,-0.2131,-0.059,0.0025,0.0655,0.2002,0.19,-0.1877,-0.8046,-1.9472,-1.9628,-1.1088,-0.6244,-0.3862,-0.2694,-0.2125,-0.185,-0.1721,-0.1668,-0.165,-0.1646,-0.1642,-0.1634,-0.1619,-0.16,-0.158,-0.156,-0.1542,-0.2309,-0.2477,-0.2707,-0.304,-0.3548,-0.4352,-0.5585,-0.708,-0.5922,-0.261,-0.0796,-0.0026,0.0279,0.1716,0.0264,-0.3177,-0.7729,-1.408,-1.4709,-0.8484,-0.4226,-0.2229,-0.1505,-0.1306,-0.1292,-0.1346,-0.142,-0.1492,-0.1547,-0.158,-0.159,-0.1582,-0.1565,-0.1546,-0.1528,-0.1512,-0.2191,-0.2336,-0.2529,-0.2796,-0.3167,-0.3669,-0.4235,-0.4446,-0.344,-0.1706,-0.0647,-0.0228,0.0376,0.0977,-0.061,-0.597,-1.0778,-0.8058,-0.6598,-0.3493,-0.0518,0.0387,0.0054,-0.0393,-0.0745,-0.1021,-0.1239,-0.1403,-0.1512,-0.157,-0.1583,-0.1568,-0.1542,-0.1517,-0.1498,-0.1484,-0.2048,-0.2158,-0.2297,-0.2469,-0.2674,-0.2877,-0.2969,-0.2716,-0.1937,-0.0912,-0.0208,-0.0725,-0.0346,0.0119,-0.0962,-0.491,-0.8396,-0.5018,-0.2289,0.0473,0.3667,0.3245,0.1478,0.0361,-0.0345,-0.0835,-0.1183,-0.1423,-0.157,-0.1629,-0.1617,-0.1569,-0.1518,-0.1483,-0.1465,-0.1456,-0.1892,-0.1963,-0.2043,-0.2128,-0.22,-0.222,-0.2113,-0.1791,-0.1244,-0.0627,-0.0209,-0.0328,-0.0124,0.0053,-0.0004,-0.0981,-0.1776,-0.0467,0.1121,0.2235,0.4313,0.3778,0.2001,0.0714,-0.0213,-0.0865,-0.1294,-0.1584,-0.1748,-0.1771,-0.1683,-0.1558,-0.1465,-0.1426,-0.142,-0.1424,-0.173,-0.1765,-0.1796,-0.1815,-0.1803,-0.1731,-0.1565,-0.1279,-0.0899,-0.0517,-0.024,-0.0032,0.0187,0.053,0.2442,0.3267,0.2178,0.2763,0.3796,0.3321,0.328,0.2899,0.1915,0.0737,-0.0365,-0.1097,-0.1499,-0.1869,-0.208,-0.2011,-0.1755,-0.1484,-0.134,-0.1325,-0.1359,-0.1391,-0.1573,-0.1578,-0.1571,-0.1544,-0.1484,-0.1373,-0.1196,-0.0949,-0.0652,-0.034,-0.0028,0.0347,0.0956,0.2599,0.7552,0.9455,0.4853,0.3855,0.4413,0.5247,0.427,0.3177,0.2096,0.0731,-0.0679,-0.1259,-0.1393,-0.2277,-0.2674,-0.2394,-0.1824,-0.1323,-0.1142,-0.1201,-0.1301,-0.1365,-0.1425,-0.1406,-0.1372,-0.1317,-0.123,-0.1102,-0.0927,-0.0703,-0.0437,-0.0134,0.0228,0.0735,0.1624,0.3545,0.7176,0.8282,0.537,0.4795,0.722,0.8433,0.563,0.4064,0.2848,0.1051,-0.1026,-0.1634,-0.1669,-0.3739,-0.3868,-0.301,-0.1998,-0.1262,-0.1051,-0.1158,-0.129,-0.1364,-0.129,-0.1253,-0.1201,-0.1127,-0.1026,-0.0892,-0.0719,-0.0507,-0.0253,0.005,0.0434,0.0967,0.1788,0.3064,0.4557,0.5069,0.457,0.4797,0.6221,0.6786,0.5834,0.5539,0.4837,0.2302,-0.1363,-0.5006,-0.8957,-0.8255,-0.574,-0.3812,-0.2414,-0.1559,-0.1264,-0.1282,-0.1354,-0.1394,-0.1169,-0.1119,-0.1054,-0.097,-0.0861,-0.0724,-0.0555,-0.0351,-0.0107,0.0189,0.0557,0.1038,0.1675,0.2461,0.3213,0.3644,0.3837,0.4247,0.4957,0.5574,0.6568,0.886,0.9294,0.5124,-0.0769,-0.717,-1.2473,-1.0519,-0.6764,-0.4339,-0.2854,-0.2,-0.1611,-0.1488,-0.1457,-0.144,-0.1061,-0.1003,-0.093,-0.0839,-0.0726,-0.059,-0.0425,-0.023,0.0002,0.0278,0.0612,0.1019,0.1503,0.2036,0.2539,0.2941,0.3295,0.3744,0.4379,0.5375,0.7525,1.1435,1.254,0.7405,0.0885,-0.483,-0.8324,-0.7994,-0.5952,-0.4184,-0.299,-0.2255,-0.1848,-0.1643,-0.1538,-0.1474,-0.0967,-0.0903,-0.0825,-0.073,-0.0618,-0.0483,-0.0325,-0.014,0.0076,0.0328,0.0622,0.0962,0.1343,0.1746,0.214,0.251,0.2888,0.3345,0.3988,0.5035,0.6891,0.9331,0.972,0.6429,0.1854,-0.2098,-0.4511,-0.5049,-0.4425,-0.3536,-0.2786,-0.2252,-0.1907,-0.1695,-0.1564,-0.1478]},{"header":{"la1":42.85,"la2":41.18,"lo1":11.55,"lo2":14.05,"nx":36,"ny":24,"dx":0.07143,"dy":0.07261,"parameterCategory":2,"parameterNumber":3,"parameterNumberName":"northward_wind","parameterUnit":"m.s-1"},"data":[-0.4815,-0.4593,-0.4337,-0.4053,-0.3754,-0.3468,-0.3229,-0.3076,-0.3032,-0.309,-0.3213,-0.335,-0.3453,-0.3493,-0.3461,-0.3366,-0.323,-0.3088,-0.2976,-0.2923,-0.2941,-0.3022,-0.3147,-0.3298,-0.3458,-0.3618,-0.3772,-0.392,-0.4059,-0.4192,-0.4317,-0.4435,-0.4547,-0.4652,-0.4751,-0.4842,-0.4838,-0.4576,-0.4259,-0.3889,-0.3478,-0.3063,-0.2703,-0.2475,-0.2434,-0.2577,-0.283,-0.3096,-0.3292,-0.3376,-0.3337,-0.3191,-0.2974,-0.2744,-0.2566,-0.2491,-0.2533,-0.267,-0.2863,-0.3077,-0.329,-0.3491,-0.3678,-0.3851,-0.4011,-0.416,-0.43,-0.4431,-0.4554,-0.4669,-0.4775,-0.4874,-0.4894,-0.4592,-0.4206,-0.3725,-0.3152,-0.2526,-0.1942,-0.1555,-0.1507,-0.1808,-0.2306,-0.2798,-0.3145,-0.3291,-0.3236,-0.3006,-0.2655,-0.2271,-0.1977,-0.1874,-0.1977,-0.2223,-0.2528,-0.2835,-0.3117,-0.3368,-0.3591,-0.379,-0.3971,-0.4138,-0.4292,-0.4436,-0.4571,-0.4696,-0.4812,-0.4918,-0.5,-0.4665,-0.421,-0.3601,-0.2809,-0.1848,-0.0841,-0.0094,0.0009,-0.0614,-0.1591,-0.2476,-0.3048,-0.3275,-0.3188,-0.2829,-0.2254,-0.1595,-0.1088,-0.0958,-0.1211,-0.1667,-0.2154,-0.2589,-0.2955,-0.3259,-0.3518,-0.3742,-0.3943,-0.4127,-0.4296,-0.4454,-0.4601,-0.4737,-0.4861,-0.4975,-0.5171,-0.4822,-0.4319,-0.359,-0.2545,-0.1101,0.0676,0.2257,0.2578,0.1251,-0.0684,-0.2208,-0.3073,-0.3378,-0.3238,-0.2702,-0.1789,-0.0641,0.0279,0.0411,-0.0194,-0.1036,-0.1788,-0.2376,-0.2825,-0.3177,-0.3465,-0.3712,-0.393,-0.413,-0.4314,-0.4486,-0.4646,-0.4793,-0.4928,-0.5049,-0.542,-0.5092,-0.4588,-0.3802,-0.2558,-0.059,0.2348,0.5694,0.6722,0.3817,0.0138,-0.221,-0.3329,-0.3657,-0.344,-0.2718,-0.1402,0.0498,0.2182,0.2233,0.0922,-0.0486,-0.1529,-0.2247,-0.2754,-0.3134,-0.344,-0.3701,-0.3934,-0.4148,-0.4348,-0.4536,-0.471,-0.487,-0.5015,-0.5144,-0.5748,-0.5487,-0.5057,-0.434,-0.311,-0.0941,0.2867,0.8379,1.0677,0.5388,-0.0068,-0.2824,-0.3911,-0.4139,-0.383,-0.3003,-0.1454,0.1054,0.3573,0.3491,0.1461,-0.034,-0.1507,-0.2251,-0.2757,-0.3135,-0.3442,-0.371,-0.3954,-0.4184,-0.4401,-0.4606,-0.4797,-0.4971,-0.5127,-0.5264,-0.6143,-0.5993,-0.5718,-0.5222,-0.432,-0.2655,0.0375,0.4888,0.6627,0.1974,-0.2295,-0.4189,-0.4791,-0.478,-0.4382,-0.3583,-0.2209,-0.006,0.2126,0.2204,0.0627,-0.0815,-0.1767,-0.2387,-0.2826,-0.317,-0.3464,-0.3733,-0.3989,-0.4236,-0.4474,-0.4701,-0.4912,-0.5103,-0.5272,-0.5417,-0.6575,-0.6566,-0.6501,-0.6333,-0.5974,-0.5284,-0.4143,-0.2903,-0.3011,-0.4608,-0.5652,-0.5876,-0.575,-0.546,-0.4992,-0.4284,-0.3275,-0.1975,-0.0775,-0.0455,-0.0964,-0.1632,-0.2173,-0.2586,-0.292,-0.3215,-0.3492,-0.3764,-0.4035,-0.4306,-0.4572,-0.4826,-0.5063,-0.5275,-0.5458,-0.561,-0.7004,-0.7141,-0.7299,-0.7477,-0.7669,-0.7866,-0.8095,-0.8592,-0.9746,-1.0117,-0.861,-0.7244,-0.6506,-0.6061,-0.5567,-0.4886,-0.408,-0.3272,-0.26,-0.2222,-0.217,-0.2308,-0.2514,-0.2743,-0.2984,-0.3238,-0.3508,-0.3792,-0.4089,-0.4394,-0.4699,-0.4992,-0.5263,-0.55,-0.5698,-0.5855,-0.7387,-0.7653,-0.8002,-0.847,-0.9103,-0.9928,-1.0865,-1.1712,-1.3306,-1.4189,-1.0367,-0.7854,-0.691,-0.6626,-0.6136,-0.5297,-0.4442,-0.3799,-0.335,-0.2986,-0.2732,-0.2626,-0.265,-0.2774,-0.2969,-0.3213,-0.3495,-0.3808,-0.4148,-0.4505,-0.4866,-0.5213,-0.5529,-0.5798,-0.6011,-0.6168,-0.7691,-0.8049,-0.8529,-0.9192,-1.0119,-1.1397,-1.2974,-1.4057,-1.3538,-1.2945,-0.9892,-0.7617,-0.7008,-0.7624,-0.6801,-0.5441,-0.4359,-0.3846,-0.3598,-0.3194,-0.2801,-0.2568,-0.2524,-0.2633,-0.2844,-0.3119,-0.344,-0.3805,-0.421,-0.4644,-0.5088,-0.5513,-0.589,-0.6197,-0.6423,-0.6571,-0.7896,-0.8297,-0.8834,-0.9571,-1.0605,-1.2073,-1.4065,-1.5927,-1.4555,-1.1412,-0.8691,-0.6984,-0.6433,-0.7573,-0.6613,-0.4918,-0.3776,-0.3872,-0.3828,-0.3075,-0.2438,-0.2098,-0.2084,-0.229,-0.2597,-0.2947,-0.3335,-0.3774,-0.4273,-0.4821,-0.5388,-0.5927,-0.639,-0.6743,-0.6973,-0.7091,-0.7996,-0.8396,-0.8917,-0.9607,-1.0538,-1.1792,-1.3366,-1.4767,-1.3688,-1.0376,-0.7922,-0.6685,-0.6048,-0.1877,-0.4319,-0.3179,-0.1844,-0.29,-0.3175,-0.2338,-0.1393,-0.0994,-0.1237,-0.174,-0.2242,-0.2701,-0.3166,-0.3699,-0.433,-0.505,-0.5807,-0.6519,-0.7103,-0.7503,-0.7712,-0.7762,-0.8004,-0.8367,-0.8818,-0.9381,-1.0076,-1.0891,-1.1691,-1.1987,-1.0951,-0.9067,-0.7694,-0.6594,-0.4649,-0.2129,-0.3363,-0.023,0.3776,-0.0428,-0.1784,-0.0786,0.1051,0.1271,0.0084,-0.1062,-0.1837,-0.2382,-0.2897,-0.3535,-0.4358,-0.5344,-0.6403,-0.7388,-0.8143,-0.8579,-0.8711,-0.8622,-0.794,-0.8245,-0.8604,-0.9016,-0.9464,-0.9891,-1.0151,-0.999,-0.9262,-0.843,-0.8423,-0.71,-0.6419,-0.5018,-0.4211,-0.1023,0.1953,-0.0714,-0.1452,0.0985,0.5714,0.4798,0.1422,-0.0548,-0.1472,-0.1938,-0.2412,-0.3177,-0.43,-0.5715,-0.727,-0.87,-0.9697,-1.0114,-1.0044,-0.9693,-0.7829,-0.8072,-0.8339,-0.8619,-0.8882,-0.9074,-0.9108,-0.8901,-0.8493,-0.8185,-0.8337,-0.7794,-0.8929,-0.9553,-0.6258,-0.4096,-0.2793,-0.2893,-0.2663,0.031,0.6216,0.5034,0.1293,-0.0587,-0.1143,-0.1144,-0.142,-0.2428,-0.4074,-0.6173,-0.8535,-1.0698,-1.2017,-1.2254,-1.1744,-1.0943,-0.7692,-0.7878,-0.8069,-0.825,-0.8397,-0.8474,-0.8442,-0.8287,-0.8064,-0.7899,-0.7854,-0.8034,-0.9559,-0.9839,-0.741,-0.6232,-0.4899,-0.4391,-0.4708,-0.2696,0.0185,0.0723,-0.0454,-0.1114,-0.0622,0.054,0.0639,-0.1084,-0.3659,-0.671,-1.0258,-1.357,-1.5248,-1.496,-1.3661,-1.2218,-0.7545,-0.7684,-0.7817,-0.7932,-0.8012,-0.8037,-0.7992,-0.7885,-0.7749,-0.7641,-0.761,-0.7744,-0.8073,-0.8006,-0.8158,-0.8383,-0.6087,-0.4775,-0.4545,-0.3802,-0.2867,-0.2298,-0.2272,-0.1835,0.003,0.3373,0.4024,0.0382,-0.3385,-0.7248,-1.2041,-1.6746,-1.8675,-1.7516,-1.5269,-1.3199,-0.7399,-0.7501,-0.7593,-0.7665,-0.7706,-0.7707,-0.7664,-0.7584,-0.7488,-0.7404,-0.7358,-0.7367,-0.7401,-0.7452,-0.7901,-0.7946,-0.628,-0.4931,-0.4167,-0.3982,-0.4037,-0.4097,-0.3988,-0.3059,-0.0675,0.3518,0.4386,-0.0619,-0.4002,-0.7589,-1.2669,-1.7929,-1.9918,-1.8373,-1.5784,-1.3516,-0.7261,-0.7335,-0.7397,-0.7441,-0.7459,-0.7449,-0.7408,-0.7343,-0.7264,-0.7187,-0.7121,-0.707,-0.7028,-0.7012,-0.7029,-0.6756,-0.5963,-0.5123,-0.4536,-0.4453,-0.5125,-0.6171,-0.6419,-0.52,-0.3355,-0.2636,-0.4989,-0.5155,-0.5419,-0.763,-1.1574,-1.579,-1.768,-1.6836,-1.4914,-1.3053,-0.7132,-0.7185,-0.7226,-0.7251,-0.7256,-0.7239,-0.72,-0.7142,-0.7071,-0.6995,-0.6918,-0.684,-0.6758,-0.6667,-0.6531,-0.626,-0.5836,-0.5425,-0.5246,-0.5608,-0.7065,-0.9585,-1.0278,-0.795,-0.5775,-0.5929,-0.7873,-0.7074,-0.6374,-0.7512,-0.9984,-1.2697,-1.425,-1.4214,-1.3251,-1.2062,-0.7015,-0.7052,-0.7078,-0.7091,-0.7087,-0.7065,-0.7026,-0.6972,-0.6906,-0.6831,-0.675,-0.6661,-0.6562,-0.6445,-0.6294,-0.6092,-0.587,-0.5733,-0.5869,-0.6613,-0.8582,-1.1821,-1.2677,-0.9678,-0.7087,-0.6408,-0.6782,-0.6697,-0.6623,-0.7355,-0.8811,-1.0438,-1.1562,-1.1874,-1.1551,-1.0925,-0.6909,-0.6934,-0.695,-0.6953,-0.6943,-0.6919,-0.688,-0.6829,-0.6766,-0.6694,-0.6614,-0.6525,-0.6425,-0.6313,-0.6187,-0.6055,-0.5956,-0.5971,-0.6243,-0.7002,-0.8515,-1.0444,-1.089,-0.9222,-0.7453,-0.6616,-0.6459,-0.648,-0.6655,-0.719,-0.8073,-0.9058,-0.9828,-1.0193,-1.0171,-0.9894]}]