docs/data/wind_grid.json
[{"header":{"la1":42.22,"la2":41.45,"lo1":11.9,"lo2":12.97,"nx":16,"ny":12,"dx":0.07133,"dy":0.07,"parameterCategory":2,"parameterNumber":2,"parameterNumberName":"eastward_wind","parameterUnit":"m.s-1"},"data":[1.8323,1.8914,2.0004,2.135,2.2024,2.1849,2.1845,2.2296,2.2888,2.3398,2.3923,2.4627,2.5393,2.5879,2.5895,2.5544,1.7488,1.7991,1.9571,2.247,2.3816,2.2412,2.2002,2.274,2.3664,2.4115,2.4524,2.5561,2.6941,2.7696,2.7429,2.6605,1.6269,1.6049,1.7103,2.1594,2.4254,2.2046,2.1927,2.3391,2.539,2.5325,2.504,2.6741,2.9624,3.0784,2.9552,2.7768,1.4956,1.3319,1.1258,1.3659,1.8926,2.0341,2.174,2.3566,2.8285,2.6412,2.4968,2.7829,3.3911,3.5358,3.1712,2.8578,1.4232,1.1905,0.8159,0.9067,1.5633,1.9059,2.2221,2.3635,2.2416,2.3102,2.3906,2.7246,3.473,3.6474,3.1709,2.8285,1.4381,1.2811,1.121,1.2195,1.5186,1.7198,2.0141,2.1496,1.9769,2.0411,2.3116,2.5577,2.8254,3.0251,2.8686,2.6737,1.4943,1.4187,1.3763,1.4088,1.427,1.3512,1.4244,1.6179,1.7291,1.9187,2.3087,2.6006,2.5344,2.5606,2.5331,2.4703,1.5463,1.504,1.4739,1.4397,1.3222,1.0117,1.1747,1.3463,1.5341,1.7806,2.1141,2.3435,2.3239,2.2706,2.2659,2.2812,1.5841,1.5512,1.5161,1.4622,1.3595,1.2317,1.277,1.2674,1.1666,1.5891,1.9144,2.0858,2.0744,2.0047,2.0546,2.1341,1.6131,1.5843,1.5508,1.5059,1.4481,1.402,1.3958,1.3559,1.3539,1.5862,1.8265,1.9632,1.9542,1.894,1.9587,2.0516,1.6382,1.6139,1.5866,1.5553,1.5233,1.5009,1.4935,1.4949,1.5387,1.6626,1.8113,1.9168,1.944,1.933,1.9663,2.0251,1.6618,1.6423,1.6219,1.6014,1.5838,1.5739,1.5758,1.5941,1.6409,1.7223,1.8184,1.8976,1.9409,1.96,1.9842,2.0189]},{"header":{"la1":42.22,"la2":41.45,"lo1":11.9,"lo2":12.97,"nx":16,"ny":12,"dx":0.07133,"dy":0.07,"parameterCategory":2,"parameterNumber":3,"parameterNumberName":"northward_wind","parameterUnit":"m.s-1"},"data":[2.8688,2.9067,2.9693,3.0434,3.0642,2.9967,2.9088,2.8436,2.7955,2.7488,2.69,2.6172,2.5452,2.497,2.4832,2.495,2.8495,2.8875,2.9794,3.1464,3.2231,3.0679,2.9211,2.8437,2.798,2.7527,2.6785,2.5662,2.4465,2.3795,2.3841,2.4262,2.811,2.8192,2.8851,3.118,3.2619,3.0519,2.9029,2.8364,2.8008,2.7673,2.6738,2.4915,2.267,2.1758,2.2456,2.3497,2.7655,2.7153,2.645,2.7487,2.9531,2.9305,2.8756,2.8374,2.7995,2.7841,2.6769,2.4115,1.9763,1.8734,2.1042,2.2945,2.7409,2.6621,2.5231,2.5585,2.7996,2.8724,2.8767,2.8712,2.8124,2.7883,2.6912,2.4488,1.9225,1.7997,2.1014,2.3065,2.7494,2.6994,2.6444,2.6905,2.8198,2.8808,2.8871,2.8725,2.813,2.8103,2.7174,2.6263,2.3896,2.2101,2.2858,2.3906,2.7747,2.7597,2.7608,2.8057,2.8789,2.9324,2.9402,2.9104,2.892,2.8284,2.7289,2.6968,2.6106,2.4942,2.4697,2.4913,2.7985,2.8014,2.8183,2.8569,2.9149,2.9861,2.9741,2.9423,2.8836,2.8317,2.7528,2.6949,2.6453,2.5962,2.5721,2.5653,2.8145,2.8235,2.8417,2.871,2.9092,2.9433,2.9368,2.9072,2.9007,2.8453,2.7723,2.7057,2.6484,2.6179,2.611,2.6053,2.8231,2.8329,2.8479,2.8679,2.8892,2.9033,2.9011,2.8911,2.8803,2.8378,2.7751,2.706,2.6369,2.6068,2.6171,2.6233,2.8264,2.8349,2.8461,2.859,2.8708,2.8774,2.8759,2.8679,2.8517,2.8188,2.77,2.7115,2.6541,2.6261,2.6298,2.6371,2.8262,2.833,2.8408,2.8488,2.8553,2.8579,2.8552,2.8465,2.83,2.8032,2.7662,2.723,2.683,2.6589,2.6528,2.6538]}]