docs/data/wind_grid.json
[{"header":{"la1":42.85,"la2":41.18,"lo1":11.55,"lo2":14.05,"nx":36,"ny":24,"dx":0.07143,"dy":0.07261,"parameterCategory":2,"parameterNumber":2,"parameterNumberName":"eastward_wind","parameterUnit":"m.s-1"},"data":[0.9543,0.9438,0.9324,0.9208,0.9097,0.9004,0.8946,0.8942,0.9004,0.9138,0.9337,0.9588,0.9874,1.0182,1.0501,1.0818,1.1117,1.1381,1.1591,1.1737,1.1817,1.1842,1.1826,1.1786,1.1731,1.167,1.1606,1.1543,1.1481,1.1421,1.1363,1.1308,1.1256,1.1207,1.1161,1.1119,0.9486,0.9356,0.9209,0.9051,0.8888,0.8738,0.8626,0.8585,0.8642,0.8803,0.9057,0.9376,0.9735,1.012,1.0517,1.0916,1.1297,1.1633,1.1891,1.2052,1.2115,1.2104,1.2045,1.1964,1.1874,1.1784,1.1698,1.1616,1.1538,1.1466,1.1398,1.1334,1.1274,1.1218,1.1167,1.112,0.9442,0.9286,0.9102,0.889,0.8656,0.842,0.8218,0.8109,0.8149,0.8355,0.8694,0.9112,0.9568,1.0045,1.0538,1.1044,1.1542,1.1987,1.2319,1.2492,1.2512,1.243,1.2301,1.216,1.2024,1.19,1.1788,1.1686,1.1592,1.1507,1.1427,1.1354,1.1286,1.1224,1.1166,1.1114,0.942,0.9239,0.9015,0.8742,0.8417,0.8052,0.7697,0.7456,0.7458,0.7746,0.8232,0.8795,0.9372,0.9955,1.0559,1.1199,1.1865,1.2489,1.2943,1.3118,1.3039,1.2826,1.2585,1.2364,1.2174,1.2012,1.1872,1.175,1.164,1.1541,1.145,1.1367,1.1291,1.1221,1.1158,1.1101,0.9427,0.9228,0.8971,0.8637,0.8206,0.7668,0.706,0.6554,0.6465,0.6926,0.7677,0.8446,0.916,0.9846,1.0561,1.1355,1.2252,1.3175,1.3855,1.4006,1.3707,1.3268,1.2872,1.2557,1.231,1.2111,1.1946,1.1804,1.1678,1.1566,1.1464,1.1371,1.1286,1.121,1.1141,1.1079,0.9474,0.9268,0.8992,0.8614,0.809,0.7365,0.6408,0.5415,0.5119,0.5943,0.712,0.8121,0.895,0.9714,1.0513,1.1445,1.2604,1.3966,1.505,1.5115,1.4413,1.3664,1.3105,1.2709,1.2417,1.2189,1.2003,1.1844,1.1705,1.158,1.1467,1.1364,1.1271,1.1186,1.1111,1.1046,0.9565,0.9371,0.9102,0.8717,0.8157,0.7325,0.6107,0.4606,0.4033,0.5299,0.6789,0.7889,0.8757,0.9546,1.038,1.1382,1.2691,1.4386,1.5876,1.584,1.4782,1.3848,1.3222,1.2796,1.2486,1.2242,1.2042,1.187,1.1718,1.1581,1.1457,1.1343,1.1241,1.1149,1.1068,1.0998,0.9701,0.954,0.9311,0.8973,0.8462,0.7687,0.6566,0.5266,0.4785,0.5637,0.6734,0.7713,0.8554,0.9324,1.0147,1.1141,1.2387,1.3882,1.5153,1.523,1.4475,1.3748,1.3215,1.2823,1.2518,1.2271,1.2061,1.1879,1.1715,1.1567,1.1431,1.1306,1.1194,1.1094,1.1007,1.0934,0.9876,0.9769,0.9614,0.9377,0.8997,0.8388,0.7475,0.6388,0.5594,0.5548,0.6359,0.7428,0.8296,0.9015,0.9811,1.0817,1.1999,1.3163,1.3995,1.4222,1.397,1.3564,1.3166,1.2821,1.2528,1.2279,1.2063,1.1871,1.1696,1.1535,1.1386,1.1249,1.1125,1.1016,1.0923,1.0847,1.0077,1.0041,0.9989,0.9902,0.9733,0.9365,0.8531,0.6739,0.3901,0.2887,0.5085,0.7026,0.7974,0.8542,0.9306,1.0495,1.1939,1.3226,1.3971,1.4129,1.3915,1.355,1.3168,1.2823,1.2526,1.2271,1.2048,1.1846,1.166,1.1485,1.132,1.1167,1.1029,1.091,1.0811,1.0734,1.0284,1.0325,1.0392,1.0493,1.0625,1.0716,1.0381,0.8073,0.0433,-0.3111,0.381,0.6914,0.7604,0.7692,0.8427,1.0155,1.2453,1.4558,1.5438,1.5097,1.4385,1.374,1.323,1.2832,1.2513,1.2248,1.2017,1.1806,1.1606,1.1413,1.1227,1.1053,1.0896,1.0764,1.066,1.0584,1.0475,1.0585,1.0762,1.1048,1.1516,1.228,1.3396,1.3694,0.7115,0.189,0.5732,0.7393,0.7191,0.6074,0.6993,0.9865,1.3791,1.8134,1.9034,1.6907,1.5072,1.3957,1.3273,1.2815,1.2478,1.2206,1.1971,1.1751,1.1534,1.1317,1.1101,1.0896,1.0714,1.0566,1.0458,1.0389,1.0629,1.0787,1.1036,1.1438,1.2115,1.3302,1.5384,1.7976,1.5241,0.9811,0.8292,0.7749,0.7337,0.559,0.6507,1.0308,1.541,2.3678,2.3849,1.8286,1.5332,1.3936,1.3196,1.2736,1.2406,1.2144,1.1911,1.1684,1.1447,1.1193,1.0931,1.0678,1.0459,1.0292,1.0184,1.0132,1.0735,1.0911,1.1177,1.159,1.2246,1.3299,1.4871,1.647,1.5058,1.1289,0.9256,0.744,0.7134,0.9773,0.9346,1.2084,1.5763,2.0178,2.0714,1.696,1.4631,1.354,1.2966,1.2588,1.2301,1.2065,1.1846,1.1615,1.1349,1.104,1.0702,1.0372,1.0096,0.9906,0.9811,0.9795,1.079,1.0957,1.1195,1.1535,1.2018,1.2665,1.3376,1.365,1.2624,1.0959,0.9987,0.9349,0.9659,1.1036,1.0899,1.4941,1.8907,1.6605,1.578,1.446,1.3439,1.2985,1.2679,1.2406,1.2178,1.1983,1.179,1.1561,1.1255,1.0855,1.0389,0.9927,0.9562,0.9353,0.9299,0.9357,1.0805,1.0945,1.1131,1.137,1.1661,1.1965,1.216,1.2012,1.1401,1.0753,1.0726,1.0146,1.0168,1.0565,1.1314,1.4376,1.7153,1.4747,1.3295,1.2825,1.2816,1.2728,1.2459,1.2226,1.2054,1.1913,1.1765,1.1549,1.1191,1.0644,0.9951,0.9257,0.8755,0.855,0.8602,0.8803,1.0791,1.0899,1.103,1.118,1.1332,1.1445,1.1449,1.1272,1.0945,1.0684,1.0716,1.044,1.0563,1.0753,1.0866,1.1784,1.2483,1.1607,1.0786,1.1588,1.2666,1.2576,1.2222,1.2038,1.194,1.1863,1.1781,1.1618,1.1207,1.0429,0.9333,0.8224,0.7522,0.7403,0.7696,0.8147,1.0761,1.0839,1.0925,1.1011,1.1081,1.1108,1.1063,1.093,1.0746,1.0594,1.051,1.0453,1.0615,1.0586,0.9757,0.9548,1.0102,0.9044,0.7442,0.993,1.1492,1.1863,1.1847,1.1845,1.1852,1.178,1.1765,1.1786,1.1386,1.0273,0.8512,0.6695,0.5746,0.5913,0.6653,0.7469,1.0726,1.0779,1.0832,1.0878,1.0904,1.0897,1.0846,1.075,1.0631,1.0519,1.0427,1.0341,1.0204,0.9593,0.7462,0.6631,0.8884,0.9046,0.8565,1.0428,1.1037,1.1304,1.1474,1.1699,1.184,1.1496,1.1417,1.2087,1.1863,1.0339,0.77,0.4935,0.379,0.4466,0.5768,0.6951,1.0691,1.0726,1.0757,1.0778,1.0783,1.0764,1.0716,1.0644,1.0555,1.0461,1.0359,1.0218,0.9934,0.9201,0.766,0.7224,0.8897,0.998,1.1362,1.1997,1.1147,1.0904,1.1038,1.156,1.2135,1.173,1.1595,1.331,1.2921,1.0872,0.7606,0.4285,0.3057,0.3982,0.5504,0.6809,1.066,1.0682,1.0699,1.0706,1.07,1.0677,1.0636,1.0577,1.0505,1.0421,1.0318,1.0167,0.991,0.9464,0.8923,0.8873,0.9509,1.0273,1.1063,1.1304,1.069,1.0052,1.006,1.1098,1.2796,1.4852,1.7752,1.709,1.4616,1.1867,0.8664,0.5715,0.4455,0.494,0.6061,0.7124,1.0634,1.0647,1.0655,1.0655,1.0644,1.0621,1.0585,1.0536,1.0476,1.0402,1.031,1.0185,1.0009,0.9786,0.9605,0.9633,0.9905,1.0265,1.0533,1.0428,0.9621,0.8208,0.7907,0.9853,1.2853,1.6781,2.0572,1.8984,1.5609,1.2727,1.0072,0.7855,0.6674,0.6594,0.7105,0.7751,1.0614,1.0621,1.0623,1.0619,1.0607,1.0585,1.0554,1.0513,1.0463,1.0402,1.0328,1.0236,1.0127,1.0018,0.9952,0.9979,1.0097,1.0226,1.0231,0.9885,0.8806,0.6892,0.6369,0.8774,1.2038,1.5309,1.7516,1.7046,1.506,1.2953,1.1025,0.9445,0.845,0.8091,0.8175,0.8463,1.0598,1.0602,1.0601,1.0595,1.0582,1.0563,1.0537,1.0503,1.0462,1.0414,1.0358,1.0295,1.0229,1.0172,1.0144,1.0157,1.0198,1.0214,1.0113,0.9744,0.8927,0.7816,0.7642,0.9173,1.1412,1.3501,1.4798,1.4847,1.3957,1.2709,1.1444,1.0354,0.9577,0.9159,0.9038,0.9101]},{"header":{"la1":42.85,"la2":41.18,"lo1":11.55,"lo2":14.05,"nx":36,"ny":24,"dx":0.07143,"dy":0.07261,"parameterCategory":2,"parameterNumber":3,"parameterNumberName":"northward_wind","parameterUnit":"m.s-1"},"data":[0.6744,0.6461,0.6147,0.5808,0.5462,0.5135,0.4864,0.4686,0.4623,0.4669,0.4789,0.4931,0.505,0.5115,0.5116,0.5057,0.4962,0.4865,0.4806,0.4817,0.4908,0.5073,0.5288,0.553,0.5778,0.602,0.6248,0.646,0.6655,0.6832,0.6994,0.7142,0.7277,0.74,0.7512,0.7615,0.672,0.6388,0.6005,0.5574,0.511,0.4651,0.4257,0.4002,0.3938,0.4062,0.4306,0.4572,0.4783,0.4892,0.4888,0.478,0.4605,0.4419,0.4293,0.4284,0.4411,0.4647,0.4948,0.5271,0.5588,0.5885,0.6154,0.6397,0.6615,0.6811,0.6986,0.7144,0.7287,0.7417,0.7534,0.7641,0.673,0.6348,0.5886,0.5337,0.4707,0.4037,0.3423,0.3011,0.2935,0.3206,0.3679,0.4161,0.4516,0.469,0.4673,0.4485,0.4172,0.3825,0.3577,0.3542,0.3744,0.4113,0.4553,0.4993,0.5399,0.5759,0.6074,0.6349,0.659,0.6803,0.6991,0.7159,0.7309,0.7444,0.7566,0.7675,0.6791,0.6365,0.5823,0.5137,0.4285,0.3286,0.2265,0.1512,0.1382,0.1947,0.2863,0.3712,0.4284,0.454,0.4498,0.4185,0.3646,0.3008,0.2529,0.2464,0.2838,0.3455,0.4115,0.4716,0.5228,0.5658,0.6018,0.6323,0.6585,0.6811,0.701,0.7186,0.7342,0.7482,0.7607,0.7719,0.6921,0.6468,0.5863,0.5046,0.3937,0.2472,0.0728,-0.0796,-0.1129,0.0076,0.1861,0.3296,0.4145,0.4485,0.4404,0.3926,0.3048,0.1894,0.0959,0.0882,0.1649,0.2713,0.3691,0.4484,0.5106,0.5599,0.5997,0.6325,0.6602,0.684,0.7046,0.7228,0.7388,0.7531,0.7659,0.7773,0.7135,0.6687,0.6063,0.5169,0.3851,0.1881,-0.0934,-0.4051,-0.5011,-0.2403,0.0928,0.3102,0.4191,0.4569,0.4435,0.38,0.2533,0.0598,-0.1177,-0.1192,0.0354,0.2069,0.3402,0.4363,0.5067,0.5601,0.602,0.6361,0.6645,0.6888,0.7099,0.7285,0.7448,0.7594,0.7723,0.7837,0.7438,0.7037,0.6464,0.5607,0.427,0.2087,-0.1525,-0.654,-0.8588,-0.3947,0.0883,0.3411,0.449,0.4799,0.4611,0.3918,0.2469,-0.0053,-0.2713,-0.2611,-0.0274,0.1903,0.3404,0.4419,0.5137,0.5672,0.6091,0.643,0.6714,0.6958,0.717,0.7357,0.7522,0.7669,0.7799,0.7913,0.7822,0.7513,0.7066,0.6388,0.5312,0.3532,0.0563,-0.3575,-0.5156,-0.124,0.2481,0.4299,0.4993,0.511,0.4874,0.4273,0.3087,0.1039,-0.1171,-0.1194,0.0666,0.2474,0.3762,0.466,0.5312,0.5809,0.6204,0.653,0.6806,0.7045,0.7256,0.7443,0.761,0.7758,0.7888,0.8002,0.8265,0.808,0.7815,0.7417,0.6797,0.5816,0.4363,0.278,0.239,0.3531,0.4722,0.5354,0.5489,0.5344,0.5069,0.4639,0.3924,0.2859,0.1824,0.1676,0.2457,0.3462,0.433,0.5016,0.5556,0.5989,0.6346,0.6649,0.6913,0.7146,0.7356,0.7544,0.7712,0.7861,0.7992,0.8105,0.8732,0.8684,0.8621,0.8533,0.8396,0.8156,0.7716,0.7011,0.6251,0.5979,0.6159,0.6106,0.5726,0.5288,0.4997,0.4756,0.4381,0.3884,0.3493,0.345,0.3787,0.4321,0.4878,0.5381,0.5813,0.6181,0.6498,0.6776,0.7026,0.7255,0.7465,0.7657,0.7829,0.7981,0.8112,0.8223,0.9186,0.9266,0.9389,0.9581,0.9869,1.0242,1.0485,0.9733,0.6735,0.5416,0.6751,0.6507,0.5539,0.4664,0.447,0.4542,0.432,0.3887,0.3716,0.395,0.4371,0.4831,0.5274,0.5679,0.6039,0.6355,0.6637,0.6894,0.7135,0.7364,0.7581,0.7782,0.7962,0.812,0.8253,0.8361,0.9596,0.9776,1.0043,1.0444,1.1058,1.198,1.3217,1.3834,1.0317,0.7415,0.7746,0.6832,0.5043,0.3123,0.3443,0.4173,0.386,0.2792,0.2659,0.362,0.4476,0.5062,0.5505,0.588,0.6204,0.6488,0.6743,0.6985,0.7225,0.7465,0.77,0.7921,0.8118,0.8284,0.8419,0.8523,0.994,1.0185,1.0533,1.1043,1.1809,1.2994,1.4802,1.6786,1.4929,1.1062,0.9,0.735,0.5509,0.2581,0.3045,0.4074,0.3296,0.085,0.0879,0.3207,0.4488,0.5131,0.5584,0.5971,0.6294,0.6558,0.6791,0.7026,0.7279,0.7549,0.7823,0.8081,0.8305,0.8485,0.862,0.8714,1.021,1.0483,1.0854,1.1367,1.209,1.3112,1.4462,1.5713,1.4774,1.214,1.0215,0.7854,0.6673,0.2868,0.4766,0.3917,0.2376,0.1837,0.2123,0.3778,0.4551,0.4937,0.5435,0.5932,0.6295,0.6539,0.6742,0.6977,0.7269,0.7607,0.7955,0.8277,0.8543,0.874,0.8869,0.8944,1.041,1.0683,1.1035,1.1486,1.2061,1.276,1.3484,1.3886,1.3518,1.305,1.2941,1.1776,0.9354,0.9714,0.6695,0.1885,-0.3274,0.207,0.4335,0.4641,0.3774,0.3825,0.4899,0.5778,0.621,0.6378,0.6516,0.6767,0.7156,0.7629,0.8112,0.854,0.8866,0.9076,0.9184,0.9221,1.0552,1.081,1.1123,1.1498,1.1932,1.2399,1.2825,1.313,1.3476,1.4681,1.7474,1.7781,1.4826,1.0984,0.8822,0.3941,-0.0222,0.447,0.6885,0.5018,0.0275,0.1129,0.4222,0.5697,0.6037,0.5938,0.5931,0.6265,0.6884,0.762,0.8334,0.8926,0.9329,0.9532,0.9583,0.955,1.0651,1.0887,1.1161,1.1473,1.1816,1.2174,1.2533,1.2938,1.361,1.5038,1.7193,1.6681,1.6491,1.6349,1.2304,0.9691,0.8642,1.0764,1.218,0.7928,0.0114,0.1264,0.4833,0.5998,0.5656,0.484,0.458,0.5248,0.6407,0.7615,0.8689,0.9519,1.0001,1.0141,1.007,0.9918,1.0719,1.0934,1.1175,1.1443,1.1734,1.2044,1.2387,1.2811,1.342,1.4278,1.5071,1.5407,1.668,1.6959,1.5318,1.4844,1.397,1.673,2.0047,1.463,0.8783,0.6869,0.7114,0.6599,0.4724,0.2294,0.1697,0.3514,0.5814,0.7712,0.9241,1.0372,1.0903,1.0878,1.0597,1.0285,1.0765,1.0961,1.1177,1.1414,1.1671,1.1952,1.2269,1.2648,1.3116,1.365,1.4149,1.4617,1.5262,1.6099,1.9206,2.0639,1.6894,1.7861,1.9852,1.8907,1.4863,1.1383,0.9399,0.7274,0.3479,-0.2012,-0.3118,0.1737,0.566,0.8061,0.9895,1.129,1.1808,1.1542,1.1031,1.0573,1.0795,1.0974,1.1171,1.1384,1.1616,1.187,1.2154,1.2477,1.2843,1.3238,1.3644,1.4097,1.474,1.6023,1.8761,1.9635,1.7372,1.8015,2.2236,2.4138,1.7996,1.3713,1.1142,0.8512,0.4339,-0.2207,-0.3559,0.3613,0.7037,0.8769,1.0307,1.1643,1.2116,1.1768,1.1196,1.0704,1.0813,1.0978,1.1157,1.1352,1.1562,1.179,1.2041,1.2318,1.262,1.2947,1.3303,1.3726,1.4315,1.5228,1.6359,1.6767,1.6543,1.7466,1.9975,2.0587,1.7261,1.4483,1.2755,1.062,0.8106,0.7422,1.1523,1.1296,0.9852,0.9742,1.0401,1.1252,1.1645,1.1467,1.1061,1.0668,1.0821,1.0973,1.1138,1.1315,1.1506,1.1711,1.1933,1.2174,1.2434,1.2715,1.3028,1.3395,1.3856,1.4422,1.4981,1.5324,1.5581,1.6177,1.6974,1.6884,1.5699,1.5081,1.4748,1.2885,1.1175,1.2582,1.6512,1.4703,1.1726,1.0567,1.0484,1.0801,1.1034,1.0998,1.0789,1.0536,1.082,1.0962,1.1113,1.1275,1.1448,1.1633,1.183,1.2042,1.2269,1.2513,1.2783,1.3086,1.3433,1.3809,1.4164,1.4453,1.4722,1.504,1.5287,1.5214,1.5055,1.5655,1.5934,1.4114,1.2444,1.2684,1.3858,1.334,1.1878,1.0925,1.059,1.0592,1.066,1.0648,1.0543,1.039,1.0813,1.0944,1.1083,1.1232,1.1389,1.1555,1.1732,1.1919,1.2118,1.233,1.2558,1.2806,1.307,1.3341,1.3597,1.3824,1.4028,1.4211,1.4332,1.4375,1.4529,1.4984,1.4996,1.3878,1.2694,1.2307,1.2382,1.2129,1.1513,1.0957,1.0643,1.0524,1.0489,1.0451,1.0378,1.0276]}]