docs/data/wind_grid.json
{"header": {"la1":42.1,"la2":41.55,"lo1":12.1,"lo2":12.95,"nx":50,"ny":50,"dx":0.01735,"dy":0.01122,"parameterCategory":2,"parameterNumber":3,"parameterNumberName":"northward_wind","parameterUnit":"m.s-1"}, "data":
[rows 0 to 40 of 50, columns 0 to 49 of 50]
-1.7592,-1.8683,-1.9764,-2.0615,-2.0985,-2.0708,-1.9789,-1.8398,-1.6769,-1.5112,-1.3566,-1.2202,-1.1041,-1.0075,-0.9283,-0.8638,-0.8116,-0.7697,-0.7363,-0.7099,-0.6892,-0.6725,-0.6582,-0.6442,-0.6291,-0.6117,-0.5918,-0.5696,-0.5459,-0.5213,-0.4968,-0.4733,-0.4515,-0.4321,-0.4155,-0.4021,-0.3918,-0.3843,-0.3793,-0.3761,-0.3742,-0.3733,-0.3729,-0.373,-0.3736,-0.3747,-0.3763,-0.3785,-0.3813,-0.3846
-1.7376,-1.8446,-1.9521,-2.0371,-2.0737,-2.0449,-1.9518,-1.8119,-1.649,-1.484,-1.3307,-1.1961,-1.0821,-0.9877,-0.9106,-0.8483,-0.7982,-0.7583,-0.7268,-0.7024,-0.6839,-0.6695,-0.6573,-0.6449,-0.6304,-0.6128,-0.5919,-0.5681,-0.5425,-0.516,-0.4896,-0.4645,-0.4414,-0.4212,-0.4044,-0.3912,-0.3815,-0.3751,-0.3711,-0.369,-0.368,-0.3677,-0.3677,-0.368,-0.3687,-0.3697,-0.3713,-0.3735,-0.3764,-0.3798
-1.7044,-1.8046,-1.906,-1.9863,-2.0199,-1.9904,-1.8994,-1.7635,-1.6056,-1.4456,-1.2971,-1.1667,-1.0565,-0.9656,-0.8917,-0.8322,-0.7846,-0.7469,-0.7176,-0.6955,-0.6795,-0.6677,-0.6579,-0.6472,-0.6334,-0.6152,-0.5928,-0.5671,-0.5391,-0.5104,-0.4819,-0.455,-0.4306,-0.4096,-0.3926,-0.3799,-0.3712,-0.366,-0.3636,-0.3628,-0.3629,-0.3632,-0.3635,-0.3638,-0.3643,-0.3652,-0.3667,-0.3689,-0.3717,-0.3753
-1.6622,-1.7509,-1.8414,-1.9126,-1.9409,-1.9115,-1.8255,-1.6978,-1.5491,-1.3979,-1.2569,-1.1329,-1.0281,-0.9417,-0.8717,-0.8156,-0.771,-0.7359,-0.709,-0.6894,-0.6761,-0.6673,-0.6603,-0.6515,-0.6381,-0.6189,-0.5945,-0.5662,-0.5356,-0.5042,-0.4735,-0.4446,-0.4188,-0.397,-0.3801,-0.3681,-0.3608,-0.3575,-0.3569,-0.3577,-0.359,-0.36,-0.3604,-0.3606,-0.3608,-0.3613,-0.3625,-0.3645,-0.3673,-0.3709
-1.6149,-1.6886,-1.7643,-1.8234,-1.845,-1.8159,-1.7369,-1.6201,-1.4835,-1.3435,-1.2122,-1.0961,-0.9977,-0.9167,-0.8513,-0.7991,-0.7577,-0.7254,-0.701,-0.684,-0.6737,-0.6685,-0.6647,-0.6579,-0.6445,-0.6237,-0.5966,-0.5653,-0.5316,-0.4973,-0.464,-0.433,-0.4057,-0.3834,-0.3666,-0.3558,-0.3505,-0.3495,-0.3513,-0.3542,-0.3568,-0.3584,-0.3588,-0.3585,-0.358,-0.358,-0.3587,-0.3603,-0.363,-0.3666
-1.5673,-1.6241,-1.6829,-1.728,-1.7419,-1.7132,-1.6415,-1.5366,-1.4131,-1.2855,-1.1648,-1.0575,-0.9663,-0.8913,-0.8308,-0.7828,-0.7449,-0.7155,-0.6937,-0.6794,-0.6724,-0.6711,-0.671,-0.6662,-0.6523,-0.629,-0.5986,-0.5638,-0.5267,-0.4893,-0.4532,-0.42,-0.3912,-0.3683,-0.3522,-0.343,-0.3402,-0.3424,-0.3473,-0.3526,-0.3567,-0.3586,-0.3587,-0.3575,-0.3561,-0.3552,-0.3552,-0.3565,-0.3589,-0.3625
-1.5247,-1.564,-1.6052,-1.6358,-1.6413,-1.6119,-1.5467,-1.4527,-1.342,-1.2267,-1.1168,-1.0185,-0.9348,-0.866,-0.8107,-0.767,-0.7327,-0.7062,-0.687,-0.6753,-0.6717,-0.6746,-0.6787,-0.6757,-0.6606,-0.6341,-0.5998,-0.5611,-0.5204,-0.4797,-0.4407,-0.4051,-0.3749,-0.3516,-0.3364,-0.3295,-0.3301,-0.3363,-0.345,-0.3533,-0.3589,-0.3611,-0.3603,-0.3578,-0.355,-0.3529,-0.3521,-0.3528,-0.355,-0.3586
-1.4912,-1.5139,-1.5377,-1.5537,-1.55,-1.5186,-1.4579,-1.373,-1.2734,-1.1694,-1.0698,-0.9803,-0.904,-0.8413,-0.7913,-0.752,-0.7213,-0.6977,-0.6808,-0.6714,-0.6709,-0.6782,-0.6864,-0.6848,-0.6678,-0.6375,-0.5991,-0.5565,-0.5122,-0.4681,-0.4261,-0.3881,-0.3564,-0.3329,-0.319,-0.315,-0.32,-0.3312,-0.3448,-0.3565,-0.3638,-0.3658,-0.3636,-0.3592,-0.3546,-0.351,-0.3492,-0.3493,-0.3512,-0.3547
-1.4695,-1.4769,-1.4842,-1.4855,-1.4719,-1.4367,-1.3782,-1.3,-1.2096,-1.1154,-1.0251,-0.9438,-0.8744,-0.8178,-0.7729,-0.738,-0.7109,-0.69,-0.6749,-0.6673,-0.6691,-0.6798,-0.6915,-0.6908,-0.6713,-0.6373,-0.5952,-0.5492,-0.5015,-0.4541,-0.4089,-0.3684,-0.3352,-0.3116,-0.2994,-0.2992,-0.3095,-0.327,-0.3464,-0.3622,-0.3711,-0.3725,-0.3684,-0.3616,-0.3547,-0.3494,-0.3463,-0.3458,-0.3474,-0.3509
-1.46,-1.4537,-1.4454,-1.4322,-1.4078,-1.3672,-1.3087,-1.2349,-1.1516,-1.0657,-0.9835,-0.9096,-0.8467,-0.7957,-0.7558,-0.7253,-0.7016,-0.683,-0.6693,-0.6623,-0.6649,-0.6773,-0.6908,-0.69,-0.6684,-0.6317,-0.5871,-0.5385,-0.4879,-0.4373,-0.3888,-0.3456,-0.3106,-0.287,-0.277,-0.2812,-0.298,-0.323,-0.3493,-0.37,-0.3805,-0.3808,-0.374,-0.3643,-0.3548,-0.3476,-0.3434,-0.3422,-0.3436,-0.3472
-1.4607,-1.4424,-1.4195,-1.3919,-1.3563,-1.3091,-1.2489,-1.1777,-1.0998,-1.0206,-0.9454,-0.8782,-0.8212,-0.7755,-0.7405,-0.7141,-0.6938,-0.6773,-0.6641,-0.6564,-0.6579,-0.669,-0.6814,-0.6796,-0.6571,-0.6198,-0.5743,-0.5241,-0.471,-0.4172,-0.3653,-0.3189,-0.282,-0.2583,-0.2507,-0.26,-0.2844,-0.3181,-0.3525,-0.3784,-0.3907,-0.3895,-0.3797,-0.3666,-0.3544,-0.3453,-0.34,-0.3383,-0.3396,-0.3434
-1.4677,-1.4392,-1.4029,-1.3617,-1.3148,-1.2605,-1.1976,-1.1276,-1.0537,-0.9802,-0.9111,-0.8498,-0.7983,-0.7575,-0.7271,-0.705,-0.688,-0.6731,-0.6596,-0.65,-0.6482,-0.655,-0.6633,-0.6596,-0.6378,-0.602,-0.5572,-0.5062,-0.4509,-0.3936,-0.3377,-0.2876,-0.2483,-0.2243,-0.2192,-0.2342,-0.2669,-0.3104,-0.3537,-0.3856,-0.3996,-0.3969,-0.3838,-0.3675,-0.3528,-0.3421,-0.336,-0.334,-0.3355,-0.3396
-1.476,-1.439,-1.391,-1.3375,-1.2803,-1.2189,-1.1531,-1.0836,-1.013,-0.9442,-0.8805,-0.8245,-0.778,-0.7419,-0.716,-0.6982,-0.6848,-0.6713,-0.6564,-0.6436,-0.637,-0.6377,-0.6401,-0.634,-0.6137,-0.5804,-0.537,-0.4854,-0.4275,-0.3662,-0.3056,-0.251,-0.2084,-0.1836,-0.1808,-0.2016,-0.2431,-0.297,-0.35,-0.3883,-0.4044,-0.4005,-0.3848,-0.3659,-0.3493,-0.3375,-0.331,-0.3292,-0.331,-0.3357
-1.4804,-1.4368,-1.3793,-1.3156,-1.2495,-1.1822,-1.1136,-1.0446,-0.9767,-0.9122,-0.8534,-0.8023,-0.7604,-0.7288,-0.7074,-0.6944,-0.6849,-0.6726,-0.6553,-0.6379,-0.626,-0.6206,-0.6172,-0.6085,-0.5892,-0.5578,-0.5152,-0.4624,-0.4012,-0.3349,-0.2682,-0.2078,-0.1609,-0.1344,-0.1334,-0.1598,-0.2102,-0.2747,-0.3376,-0.3826,-0.4016,-0.3976,-0.3806,-0.3603,-0.343,-0.3311,-0.3249,-0.3237,-0.3263,-0.3318
-1.4766,-1.4283,-1.3641,-1.2927,-1.22,-1.1481,-1.0778,-1.0095,-0.9443,-0.8838,-0.8295,-0.7829,-0.7455,-0.7182,-0.7014,-0.6936,-0.6888,-0.6775,-0.6563,-0.6331,-0.6162,-0.6063,-0.5988,-0.5877,-0.5679,-0.5367,-0.4933,-0.438,-0.3722,-0.2993,-0.225,-0.1569,-0.1039,-0.0745,-0.0746,-0.1061,-0.1651,-0.2398,-0.3124,-0.3647,-0.3879,-0.3857,-0.3695,-0.3499,-0.3334,-0.3225,-0.3176,-0.3175,-0.3214,-0.3279
-1.4621,-1.411,-1.3427,-1.2668,-1.1899,-1.1153,-1.0443,-0.9773,-0.915,-0.8584,-0.8084,-0.7662,-0.7329,-0.7097,-0.6976,-0.6954,-0.6958,-0.6854,-0.6587,-0.6285,-0.6077,-0.5964,-0.5874,-0.5739,-0.5517,-0.5185,-0.4724,-0.4128,-0.3406,-0.2592,-0.1748,-0.0968,-0.0356,-0.0014,-0.0014,-0.0374,-0.1045,-0.189,-0.2712,-0.3314,-0.3606,-0.363,-0.3505,-0.3339,-0.3202,-0.3118,-0.3089,-0.3108,-0.3162,-0.3241
-1.4365,-1.3842,-1.3144,-1.2366,-1.1581,-1.0828,-1.0123,-0.9473,-0.8882,-0.8355,-0.7897,-0.7516,-0.7222,-0.7028,-0.6949,-0.6979,-0.7035,-0.6936,-0.6602,-0.623,-0.6008,-0.5919,-0.5836,-0.567,-0.5406,-0.5032,-0.4526,-0.387,-0.3064,-0.214,-0.1169,-0.0257,0.0465,0.0875,0.089,0.0491,-0.0257,-0.12,-0.2119,-0.2813,-0.3188,-0.3289,-0.3232,-0.3124,-0.3034,-0.2989,-0.2992,-0.3036,-0.311,-0.3206
-1.4008,-1.3485,-1.2794,-1.2023,-1.1244,-1.0501,-0.9814,-0.9191,-0.8634,-0.8147,-0.773,-0.7388,-0.7129,-0.6967,-0.6918,-0.6982,-0.7069,-0.6962,-0.657,-0.6155,-0.5956,-0.5934,-0.5867,-0.5651,-0.5327,-0.4899,-0.4336,-0.3605,-0.2695,-0.1635,-0.0501,0.0579,0.1448,0.1954,0.1996,0.1559,0.0728,-0.0318,-0.1346,-0.2149,-0.2635,-0.2844,-0.2884,-0.286,-0.2836,-0.2843,-0.2886,-0.2961,-0.306,-0.3175
-1.3573,-1.306,-1.239,-1.1643,-1.0889,-1.0171,-0.9513,-0.8922,-0.8403,-0.7955,-0.7577,-0.7271,-0.7042,-0.6903,-0.6869,-0.6935,-0.7009,-0.6878,-0.6465,-0.6054,-0.5917,-0.5992,-0.5929,-0.5637,-0.5248,-0.4769,-0.4146,-0.333,-0.2298,-0.1073,0.0263,0.1559,0.2618,0.3248,0.3327,0.2845,0.1914,0.0744,-0.0413,-0.1348,-0.1972,-0.2316,-0.2479,-0.2558,-0.2616,-0.2686,-0.2778,-0.2889,-0.3015,-0.315
-1.3086,-1.2588,-1.195,-1.124,-1.0523,-0.9841,-0.9218,-0.8665,-0.8185,-0.7775,-0.7434,-0.7161,-0.6958,-0.6832,-0.6793,-0.6829,-0.6852,-0.6686,-0.629,-0.5921,-0.5849,-0.6011,-0.5929,-0.5564,-0.5136,-0.4625,-0.395,-0.3044,-0.1873,-0.0453,0.1128,0.2692,0.399,0.4777,0.4899,0.4352,0.3287,0.1958,0.0641,-0.0454,-0.1237,-0.1737,-0.204,-0.2236,-0.2387,-0.2527,-0.2672,-0.2823,-0.2979,-0.3135
-1.2573,-1.2094,-1.1493,-1.0827,-1.0154,-0.9514,-0.8932,-0.8419,-0.7977,-0.7605,-0.7299,-0.7055,-0.6872,-0.6752,-0.6695,-0.6683,-0.6639,-0.6441,-0.6075,-0.5741,-0.567,-0.5827,-0.5728,-0.5373,-0.4971,-0.446,-0.3743,-0.2746,-0.1424,0.0218,0.2088,0.3975,0.5567,0.6541,0.67,0.6053,0.4808,0.3275,0.1763,0.0484,-0.0476,-0.1143,-0.1594,-0.1913,-0.2161,-0.2376,-0.2577,-0.2769,-0.2954,-0.3131
-1.2056,-1.1598,-1.1034,-1.0415,-0.9789,-0.9195,-0.8655,-0.8182,-0.7778,-0.7443,-0.7169,-0.6952,-0.6786,-0.6667,-0.6589,-0.6527,-0.6423,-0.6198,-0.5849,-0.5503,-0.532,-0.5316,-0.5255,-0.5062,-0.4761,-0.4277,-0.3527,-0.244,-0.096,0.0924,0.3119,0.5381,0.7316,0.8503,0.8683,0.789,0.6409,0.4629,0.289,0.141,0.0266,-0.0568,-0.1167,-0.1608,-0.1954,-0.2243,-0.2499,-0.2732,-0.2946,-0.3144
-1.1551,-1.1114,-1.0588,-1.0015,-0.9436,-0.8887,-0.8389,-0.7955,-0.7588,-0.7286,-0.7043,-0.6851,-0.6702,-0.6585,-0.6488,-0.6388,-0.6239,-0.5991,-0.5635,-0.5234,-0.4863,-0.4621,-0.4661,-0.4714,-0.454,-0.4089,-0.3311,-0.2136,-0.0498,0.1634,0.4174,0.6845,0.9157,1.0566,1.0741,0.9755,0.7994,0.5934,0.3955,0.2271,0.0947,-0.0047,-0.0784,-0.1341,-0.1779,-0.2139,-0.2447,-0.2717,-0.2958,-0.3174
-1.107,-1.0654,-1.0164,-0.9633,-0.91,-0.8594,-0.8136,-0.7738,-0.7406,-0.7136,-0.6922,-0.6755,-0.6623,-0.6512,-0.6407,-0.6284,-0.6106,-0.5838,-0.5463,-0.4997,-0.4479,-0.4104,-0.4227,-0.4438,-0.4347,-0.3911,-0.3101,-0.1845,-0.006,0.2305,0.5179,0.8254,1.0943,1.2561,1.2705,1.1495,0.9438,0.71,0.489,0.3017,0.153,0.0393,-0.0468,-0.1129,-0.1649,-0.2073,-0.2428,-0.2732,-0.2995,-0.3227
-1.062,-1.0225,-0.9767,-0.9277,-0.8785,-0.8319,-0.7897,-0.7533,-0.7231,-0.6991,-0.6805,-0.6664,-0.6553,-0.6456,-0.6355,-0.6224,-0.6032,-0.5748,-0.5355,-0.4856,-0.43,-0.394,-0.4067,-0.4279,-0.4196,-0.3751,-0.2905,-0.158,0.0324,0.2881,0.6035,0.9455,1.2466,1.4253,1.4347,1.2926,1.0607,0.8033,0.5634,0.3605,0.1984,0.0728,-0.0237,-0.0985,-0.1576,-0.2054,-0.2448,-0.278,-0.3062,-0.3303
-1.0205,-0.983,-0.9402,-0.8948,-0.8494,-0.8063,-0.7674,-0.734,-0.7065,-0.6851,-0.6693,-0.6579,-0.6494,-0.6422,-0.6339,-0.6216,-0.6021,-0.5727,-0.5324,-0.4828,-0.4317,-0.4021,-0.4091,-0.4213,-0.4084,-0.3608,-0.2729,-0.1355,0.0627,0.3307,0.6641,1.0285,1.3501,1.5389,1.5438,1.3871,1.1382,0.8659,0.6136,0.4002,0.2286,0.094,-0.0106,-0.0923,-0.157,-0.209,-0.2515,-0.2866,-0.316,-0.3408
-0.9827,-0.947,-0.907,-0.8649,-0.8228,-0.7829,-0.7469,-0.716,-0.6908,-0.6718,-0.6585,-0.65,-0.6448,-0.641,-0.6361,-0.6262,-0.6073,-0.5771,-0.5363,-0.4889,-0.4444,-0.4192,-0.4182,-0.4191,-0.3993,-0.3481,-0.2578,-0.1183,0.0824,0.3539,0.6919,1.0617,1.3879,1.5783,1.5814,1.421,1.1684,0.8926,0.6367,0.4188,0.2419,0.1016,-0.0086,-0.0952,-0.1639,-0.2188,-0.2633,-0.2996,-0.3294,-0.3542
-0.9484,-0.9146,-0.8771,-0.8379,-0.7988,-0.7618,-0.7282,-0.6994,-0.6762,-0.6591,-0.6481,-0.6425,-0.6411,-0.6419,-0.6421,-0.6363,-0.6186,-0.5871,-0.5454,-0.5002,-0.4605,-0.4363,-0.4274,-0.4181,-0.3916,-0.3372,-0.246,-0.1074,0.0902,0.3557,0.6842,1.0414,1.3553,1.5389,1.5438,1.3919,1.1497,0.8824,0.6316,0.4154,0.2375,0.0948,-0.0184,-0.1079,-0.1789,-0.2354,-0.2807,-0.3172,-0.3467,-0.3707
-0.9177,-0.8856,-0.8505,-0.8139,-0.7775,-0.7429,-0.7115,-0.6845,-0.6628,-0.6471,-0.6378,-0.635,-0.6378,-0.6445,-0.6516,-0.6511,-0.6346,-0.6009,-0.5574,-0.513,-0.4757,-0.4504,-0.4346,-0.4171,-0.3851,-0.3284,-0.2379,-0.1034,0.0859,0.337,0.6437,0.9734,1.2614,1.4314,1.4408,1.3068,1.0863,0.8375,0.5993,0.3902,0.2154,0.0733,-0.0405,-0.1309,-0.2025,-0.2592,-0.304,-0.3396,-0.3679,-0.3905
-0.8902,-0.8597,-0.8268,-0.7927,-0.7588,-0.7265,-0.697,-0.6714,-0.6508,-0.6359,-0.6277,-0.627,-0.6339,-0.6477,-0.6631,-0.6687,-0.6525,-0.6154,-0.5691,-0.5246,-0.4878,-0.4607,-0.4396,-0.416,-0.38,-0.3224,-0.2343,-0.1063,0.0705,0.301,0.5777,0.8705,1.1244,1.2764,1.2907,1.1791,0.9868,0.7628,0.5424,0.3445,0.176,0.037,-0.0752,-0.1646,-0.2352,-0.2904,-0.3336,-0.3671,-0.3932,-0.4136
-0.8657,-0.8369,-0.806,-0.7742,-0.7425,-0.7123,-0.6846,-0.6604,-0.6406,-0.6261,-0.6181,-0.6182,-0.6286,-0.6496,-0.6738,-0.6844,-0.6675,-0.6267,-0.5778,-0.5327,-0.496,-0.4673,-0.4426,-0.4151,-0.3768,-0.3195,-0.2352,-0.1158,0.046,0.2524,0.4951,0.7475,0.9644,1.0962,1.1141,1.0247,0.8616,0.6646,0.4647,0.2804,0.1203,-0.0136,-0.1224,-0.2091,-0.2769,-0.3293,-0.3694,-0.3998,-0.4227,-0.44
-0.8439,-0.8168,-0.7878,-0.7581,-0.7286,-0.7005,-0.6745,-0.6516,-0.6326,-0.6183,-0.6099,-0.6097,-0.6218,-0.6482,-0.6785,-0.6917,-0.6739,-0.6311,-0.5811,-0.5359,-0.4995,-0.4703,-0.4439,-0.4146,-0.3756,-0.3199,-0.2406,-0.1308,0.0146,0.1959,0.4043,0.6169,0.7979,0.9092,0.928,0.8573,0.7208,0.5495,0.37,0.2001,0.0495,-0.0779,-0.1819,-0.2642,-0.3278,-0.3759,-0.4115,-0.4375,-0.4563,-0.4697
-0.8247,-0.7991,-0.772,-0.7443,-0.7169,-0.6907,-0.6665,-0.6451,-0.6271,-0.6133,-0.6047,-0.6036,-0.6154,-0.6426,-0.6732,-0.6859,-0.6684,-0.6266,-0.5774,-0.5333,-0.4981,-0.4698,-0.4438,-0.4146,-0.3765,-0.3235,-0.2497,-0.1501,-0.0213,0.1356,0.3117,0.4879,0.6362,0.7277,0.7447,0.6875,0.5727,0.4236,0.2625,0.1061,-0.035,-0.1553,-0.2533,-0.33,-0.3878,-0.4299,-0.4597,-0.4801,-0.4936,-0.5023
-0.8077,-0.7836,-0.7582,-0.7325,-0.7071,-0.6828,-0.6604,-0.6406,-0.624,-0.6112,-0.6032,-0.6021,-0.6121,-0.6348,-0.6595,-0.669,-0.6524,-0.6136,-0.5668,-0.5246,-0.4916,-0.4658,-0.4421,-0.4149,-0.379,-0.3295,-0.2619,-0.1725,-0.0595,0.0748,0.222,0.3661,0.4856,0.5585,0.5712,0.5225,0.4234,0.2915,0.1455,0.0007,-0.1316,-0.2447,-0.336,-0.4058,-0.4564,-0.4911,-0.5137,-0.5272,-0.5345,-0.5377
-0.7926,-0.7699,-0.7463,-0.7224,-0.6989,-0.6765,-0.6559,-0.6378,-0.6229,-0.6116,-0.6049,-0.6041,-0.6117,-0.6272,-0.643,-0.647,-0.6303,-0.5942,-0.5498,-0.5099,-0.4801,-0.4585,-0.4389,-0.4153,-0.3828,-0.3375,-0.2762,-0.1966,-0.0983,0.0156,0.1375,0.2542,0.3488,0.4047,0.411,0.366,0.2769,0.1571,0.0221,-0.1138,-0.2387,-0.3451,-0.4292,-0.491,-0.533,-0.5589,-0.5728,-0.5784,-0.5785,-0.5754
-0.7793,-0.758,-0.736,-0.7138,-0.6921,-0.6715,-0.6527,-0.6363,-0.623,-0.6132,-0.6078,-0.6072,-0.6119,-0.6203,-0.6274,-0.625,-0.6063,-0.571,-0.5282,-0.4902,-0.4643,-0.4484,-0.4345,-0.4157,-0.3873,-0.3465,-0.2915,-0.2213,-0.1364,-0.0404,0.0597,0.1531,0.2263,0.2665,0.2652,0.22,0.1359,0.0231,-0.1052,-0.2352,-0.3547,-0.455,-0.5317,-0.5846,-0.6166,-0.6323,-0.6363,-0.6328,-0.6249,-0.6148
-0.7675,-0.7475,-0.727,-0.7064,-0.6864,-0.6675,-0.6503,-0.6355,-0.6236,-0.6151,-0.6103,-0.6092,-0.6109,-0.6135,-0.6133,-0.6048,-0.5829,-0.5468,-0.5041,-0.4677,-0.4461,-0.4366,-0.4294,-0.4159,-0.3919,-0.3559,-0.3071,-0.2455,-0.1728,-0.0925,-0.011,0.0625,0.1174,0.1434,0.1334,0.0852,0.0018,-0.1085,-0.234,-0.3613,-0.4775,-0.5726,-0.6418,-0.685,-0.7059,-0.71,-0.703,-0.6895,-0.6729,-0.6554
-0.7569,-0.7382,-0.7191,-0.7,-0.6815,-0.6641,-0.6485,-0.635,-0.6242,-0.6164,-0.6117,-0.6094,-0.6083,-0.6063,-0.6005,-0.5869,-0.5616,-0.5241,-0.481,-0.4458,-0.4282,-0.4251,-0.4242,-0.4159,-0.3964,-0.3651,-0.3222,-0.2687,-0.2068,-0.1402,-0.0747,-0.0181,0.021,0.034,0.0149,-0.0385,-0.1244,-0.2359,-0.3622,-0.4897,-0.6045,-0.6954,-0.7571,-0.7899,-0.7987,-0.7904,-0.7715,-0.7473,-0.7215,-0.6963
-0.7475,-0.73,-0.7121,-0.6944,-0.6773,-0.6613,-0.6468,-0.6344,-0.6244,-0.6169,-0.6117,-0.608,-0.6044,-0.5988,-0.5889,-0.5714,-0.5435,-0.505,-0.4623,-0.4285,-0.4143,-0.4159,-0.4199,-0.4159,-0.4005,-0.3736,-0.3364,-0.2904,-0.2383,-0.1837,-0.1319,-0.0896,-0.0644,-0.0632,-0.0914,-0.1515,-0.2421,-0.3576,-0.4874,-0.6175,-0.7325,-0.8202,-0.8745,-0.8965,-0.8926,-0.8712,-0.84,-0.805,-0.7698,-0.7368
-0.7391,-0.7226,-0.7059,-0.6894,-0.6735,-0.6587,-0.6453,-0.6337,-0.6241,-0.6165,-0.6106,-0.6055,-0.5996,-0.5913,-0.5784,-0.5584,-0.5291,-0.4911,-0.4502,-0.4189,-0.407,-0.4108,-0.4173,-0.4162,-0.4041,-0.3814,-0.3495,-0.3105,-0.2671,-0.223,-0.183,-0.1532,-0.14,-0.1494,-0.1865,-0.2539,-0.3507,-0.4718,-0.607,-0.7412,-0.8578,-0.9429,-0.9901,-1.0013,-0.9846,-0.9501,-0.9067,-0.8609,-0.8166,-0.776
-0.7315,-0.716,-0.7004,-0.685,-0.6701,-0.6563,-0.6437,-0.6326,-0.6233,-0.6155,-0.6087,-0.6022,-0.5945,-0.5842,-0.5693,-0.5479,-0.5187,-0.4826,-0.4453,-0.4171,-0.4065,-0.4102,-0.4169,-0.4171,-0.4076,-0.3885,-0.3615,-0.3288,-0.2932,-0.2584,-0.2288,-0.2097,-0.2068,-0.2259,-0.2713,-0.346,-0.4494,-0.5769,-0.7181,-0.8571,-0.9758,-1.0588,-1.0992,-1.1001,-1.0712,-1.0243,-0.9693,-0.9134,-0.8606,-0.813
