docs/data/wind_grid.json
[{"header":{"la1":42.85,"la2":41.18,"lo1":11.55,"lo2":14.05,"nx":36,"ny":24,"dx":0.07143,"dy":0.07261,"parameterCategory":2,"parameterNumber":2,"parameterNumberName":"eastward_wind","parameterUnit":"m.s-1"},"data":[-0.7331,-0.7377,-0.7405,-0.7415,-0.7409,-0.7387,-0.7346,-0.7283,-0.7196,-0.7092,-0.6989,-0.691,-0.6873,-0.6888,-0.6951,-0.7044,-0.714,-0.7201,-0.7192,-0.7099,-0.6941,-0.6769,-0.6636,-0.6566,-0.6547,-0.6552,-0.6561,-0.6562,-0.6554,-0.6538,-0.6516,-0.649,-0.6463,-0.6436,-0.6409,-0.6383,-0.7531,-0.7594,-0.7634,-0.7652,-0.7653,-0.7639,-0.7606,-0.754,-0.7427,-0.7273,-0.7108,-0.6978,-0.6914,-0.6934,-0.7032,-0.7186,-0.7353,-0.7467,-0.7457,-0.7282,-0.6978,-0.6662,-0.646,-0.6406,-0.6444,-0.6506,-0.6555,-0.6578,-0.658,-0.6566,-0.6544,-0.6516,-0.6486,-0.6456,-0.6427,-0.64,-0.7774,-0.7863,-0.792,-0.7946,-0.7955,-0.7962,-0.7962,-0.7918,-0.7781,-0.7543,-0.7268,-0.7044,-0.6932,-0.6955,-0.7106,-0.7358,-0.7652,-0.788,-0.789,-0.756,-0.6936,-0.6308,-0.6009,-0.6063,-0.626,-0.6438,-0.6549,-0.6601,-0.6612,-0.66,-0.6574,-0.6543,-0.651,-0.6477,-0.6446,-0.6416,-0.807,-0.82,-0.8282,-0.8314,-0.8326,-0.8365,-0.8453,-0.8509,-0.8371,-0.7979,-0.7488,-0.7097,-0.6904,-0.6926,-0.7149,-0.7549,-0.8067,-0.8547,-0.8676,-0.8085,-0.6738,-0.536,-0.4977,-0.5444,-0.6009,-0.6379,-0.6568,-0.6643,-0.6657,-0.664,-0.6608,-0.6572,-0.6534,-0.6498,-0.6464,-0.6432,-0.8435,-0.8636,-0.876,-0.8788,-0.8769,-0.8836,-0.9113,-0.9488,-0.945,-0.8721,-0.7778,-0.7099,-0.6791,-0.6812,-0.7123,-0.7717,-0.8594,-0.9622,-1.0227,-0.9347,-0.6486,-0.3262,-0.3071,-0.4678,-0.5844,-0.6412,-0.6645,-0.6717,-0.6717,-0.6687,-0.6645,-0.6601,-0.6558,-0.6518,-0.6482,-0.6448,-0.8877,-0.9209,-0.9431,-0.9449,-0.9308,-0.9299,-0.9858,-1.1058,-1.1461,-0.9871,-0.8033,-0.6957,-0.6538,-0.6573,-0.6972,-0.776,-0.9084,-1.1099,-1.3156,-1.2374,-0.7544,-0.1818,-0.201,-0.4677,-0.609,-0.6635,-0.6805,-0.6826,-0.6791,-0.6738,-0.6682,-0.6629,-0.6581,-0.6537,-0.6498,-0.6463,-0.9381,-0.9946,-1.0412,-1.0481,-1.0038,-0.9634,-1.0194,-1.2451,-1.3744,-1.0645,-0.7815,-0.651,-0.6095,-0.6188,-0.6655,-0.7541,-0.9126,-1.1991,-1.6035,-1.5645,-1.0739,-0.6505,-0.5422,-0.6327,-0.6889,-0.7046,-0.7028,-0.6952,-0.6866,-0.6785,-0.6714,-0.6653,-0.6601,-0.6555,-0.6514,-0.6478,-0.9862,-1.0764,-1.1754,-1.2144,-1.114,-0.9837,-0.9532,-1.0774,-1.1429,-0.8834,-0.6601,-0.5666,-0.5462,-0.5684,-0.6211,-0.7047,-0.846,-1.0866,-1.3733,-1.4084,-1.3662,-1.2312,-0.9785,-0.8434,-0.7828,-0.7478,-0.7236,-0.7058,-0.6924,-0.6821,-0.6739,-0.6673,-0.6617,-0.657,-0.6529,-0.6492,-1.0163,-1.1315,-1.2846,-1.3876,-1.2196,-0.9949,-0.845,-0.7606,-0.6637,-0.5338,-0.4672,-0.4557,-0.4707,-0.5138,-0.5832,-0.6549,-0.7564,-0.9243,-1.1221,-1.3587,-1.7979,-1.683,-1.2222,-0.9638,-0.8381,-0.7723,-0.7343,-0.7107,-0.6949,-0.6837,-0.6753,-0.6686,-0.6631,-0.6584,-0.6543,-0.6506,-1.0174,-1.1293,-1.2555,-1.3201,-1.2165,-0.9947,-0.7681,-0.5403,-0.2537,-0.1247,-0.2514,-0.3445,-0.3879,-0.452,-0.5881,-0.6638,-0.7014,-0.8407,-1.0108,-1.2479,-1.5875,-1.5241,-1.1862,-0.9595,-0.8359,-0.7688,-0.731,-0.7083,-0.6937,-0.6835,-0.6758,-0.6696,-0.6644,-0.6598,-0.6557,-0.652,-0.9932,-1.0991,-1.2352,-1.415,-1.3563,-1.0163,-0.7572,-0.4872,0.1406,0.4486,-0.0844,-0.2651,-0.2943,-0.3296,-0.5109,-0.6455,-0.6897,-0.8711,-1.0087,-1.0863,-1.1629,-1.1367,-1.0029,-0.8752,-0.791,-0.7429,-0.7162,-0.7005,-0.6899,-0.6822,-0.6759,-0.6705,-0.6657,-0.6613,-0.6572,-0.6535,-0.948,-1.0439,-1.1852,-1.3713,-1.3025,-0.979,-0.8321,-0.7847,-0.3041,0.0827,-0.1611,-0.2368,-0.2009,-0.1167,-0.2321,-0.4692,-0.7381,-1.165,-1.2951,-1.103,-0.9818,-0.9124,-0.8422,-0.7776,-0.7328,-0.7093,-0.6981,-0.6913,-0.686,-0.6813,-0.6767,-0.6721,-0.6674,-0.663,-0.6588,-0.655,-0.8838,-0.951,-1.0306,-1.0858,-1.0194,-0.8895,-0.9065,-1.0857,-0.8604,-0.4237,-0.2752,-0.237,-0.1795,-0.0432,-0.1296,-0.4047,-0.7842,-1.9082,-1.9635,-1.1851,-0.8866,-0.7733,-0.7235,-0.6991,-0.6892,-0.6869,-0.6861,-0.6856,-0.6847,-0.6828,-0.6793,-0.6748,-0.6697,-0.6648,-0.6603,-0.6563,-0.8114,-0.8474,-0.8769,-0.8795,-0.8397,-0.8008,-0.8412,-0.9482,-0.8103,-0.4526,-0.2636,-0.2433,-0.2333,-0.0356,-0.2269,-0.3576,-0.6091,-1.2875,-1.4455,-0.9799,-0.7215,-0.6267,-0.6168,-0.6418,-0.6748,-0.6871,-0.6836,-0.6856,-0.6886,-0.6885,-0.6848,-0.6789,-0.6722,-0.6661,-0.6611,-0.6571,-0.742,-0.7562,-0.761,-0.7493,-0.7221,-0.6978,-0.6929,-0.6718,-0.5321,-0.302,-0.1441,-0.1126,-0.0995,-0.0124,-0.2539,-0.3836,-1.0503,-0.8206,-0.78,-0.6167,-0.4518,-0.4245,-0.4964,-0.583,-0.6529,-0.6794,-0.6846,-0.6949,-0.7018,-0.7009,-0.6939,-0.6836,-0.6734,-0.6654,-0.66,-0.6565,-0.6812,-0.6822,-0.6749,-0.657,-0.6296,-0.5966,-0.5552,-0.4818,-0.3432,-0.1359,0.1006,0.0697,-0.004,-0.0897,-0.2443,-0.5426,-0.8836,-0.6186,-0.4519,-0.3152,-0.1176,-0.1774,-0.3754,-0.5217,-0.6202,-0.6751,-0.7068,-0.7265,-0.7312,-0.7227,-0.7057,-0.6859,-0.6693,-0.6592,-0.6548,-0.6535,-0.63,-0.623,-0.609,-0.5867,-0.5557,-0.515,-0.4594,-0.3775,-0.2571,-0.0934,0.079,0.0486,0.0641,0.0728,-0.1149,-0.2649,-0.3451,-0.2236,-0.0834,-0.1136,-0.0528,-0.1219,-0.3277,-0.4989,-0.6342,-0.7324,-0.7866,-0.7984,-0.7836,-0.7544,-0.7165,-0.6781,-0.6512,-0.6414,-0.6428,-0.6474,-0.5877,-0.5758,-0.5578,-0.5328,-0.4995,-0.4565,-0.4005,-0.3273,-0.2356,-0.1337,-0.0518,-0.0089,0.0782,0.1106,0.103,0.1029,0.0031,0.193,0.4981,0.1101,-0.0903,-0.1986,-0.3485,-0.5268,-0.7182,-0.8889,-0.9559,-0.9196,-0.8584,-0.7934,-0.7198,-0.6467,-0.605,-0.6051,-0.6228,-0.6388,-0.553,-0.5382,-0.5182,-0.492,-0.4588,-0.4175,-0.3666,-0.3057,-0.2366,-0.1663,-0.1043,-0.0484,0.0204,0.138,0.5409,0.7233,0.2389,0.231,0.3646,0.1475,-0.0386,-0.2015,-0.366,-0.5709,-0.8389,-1.1312,-1.1988,-1.0577,-0.941,-0.8384,-0.7172,-0.5874,-0.5275,-0.556,-0.6018,-0.6324,-0.525,-0.5087,-0.4879,-0.462,-0.4303,-0.3924,-0.348,-0.2976,-0.2432,-0.188,-0.1341,-0.0771,0.0005,0.1536,0.4802,0.5823,0.2465,0.1328,0.1629,0.1793,-0.0035,-0.1823,-0.3524,-0.5755,-0.8776,-1.1926,-1.2577,-1.1291,-1.0171,-0.8993,-0.7437,-0.5648,-0.4894,-0.5386,-0.5999,-0.6361,-0.5026,-0.4858,-0.4651,-0.4403,-0.411,-0.3771,-0.3387,-0.2965,-0.2517,-0.2057,-0.1582,-0.1054,-0.0367,0.0647,0.1856,0.2102,0.1171,0.0609,0.0793,0.0737,-0.0404,-0.1476,-0.269,-0.4988,-0.8156,-1.1022,-1.2655,-1.2183,-1.105,-0.9949,-0.8404,-0.6663,-0.5788,-0.5938,-0.6305,-0.6542,-0.485,-0.4682,-0.4484,-0.4252,-0.3985,-0.3684,-0.3352,-0.2994,-0.2617,-0.2228,-0.1822,-0.1379,-0.0868,-0.029,0.0204,0.0317,0.006,-0.0181,-0.0262,-0.044,-0.0658,-0.0182,-0.0324,-0.3257,-0.7239,-1.1009,-1.3706,-1.2886,-1.2169,-1.1457,-0.9879,-0.8214,-0.7178,-0.6834,-0.68,-0.6815,-0.4713,-0.4551,-0.4364,-0.415,-0.391,-0.3644,-0.3356,-0.3051,-0.2732,-0.2405,-0.2068,-0.1718,-0.1356,-0.1012,-0.076,-0.0683,-0.0765,-0.0895,-0.1,-0.1033,-0.0594,0.1085,0.169,-0.1859,-0.6169,-0.966,-1.1753,-1.266,-1.4214,-1.3436,-1.1246,-0.9399,-0.8211,-0.7572,-0.7256,-0.7083,-0.4609,-0.4455,-0.4281,-0.4086,-0.3871,-0.3637,-0.3388,-0.3127,-0.2858,-0.2585,-0.2311,-0.2041,-0.1783,-0.1562,-0.1412,-0.1361,-0.1397,-0.148,-0.1553,-0.151,-0.1091,-0.0167,-0.017,-0.2512,-0.5671,-0.8417,-1.0497,-1.2523,-1.4471,-1.3708,-1.1609,-0.988,-0.872,-0.7997,-0.7556,-0.7277]},{"header":{"la1":42.85,"la2":41.18,"lo1":11.55,"lo2":14.05,"nx":36,"ny":24,"dx":0.07143,"dy":0.07261,"parameterCategory":2,"parameterNumber":3,"parameterNumberName":"northward_wind","parameterUnit":"m.s-1"},"data":[-0.6398,-0.6411,-0.6406,-0.6379,-0.6328,-0.6251,-0.6146,-0.6008,-0.5835,-0.5624,-0.5381,-0.5114,-0.4834,-0.4553,-0.4283,-0.4037,-0.383,-0.3679,-0.3598,-0.3588,-0.3629,-0.3683,-0.3712,-0.3698,-0.3652,-0.3596,-0.3546,-0.3514,-0.3501,-0.3506,-0.3526,-0.3558,-0.3599,-0.3646,-0.3696,-0.3748,-0.6592,-0.6621,-0.6629,-0.6612,-0.6569,-0.6498,-0.6396,-0.6256,-0.607,-0.5833,-0.5549,-0.5233,-0.49,-0.4564,-0.424,-0.3941,-0.3689,-0.3513,-0.3444,-0.3496,-0.3638,-0.3788,-0.3858,-0.3822,-0.3722,-0.3613,-0.3526,-0.3473,-0.3451,-0.3456,-0.348,-0.352,-0.3569,-0.3625,-0.3684,-0.3744,-0.6806,-0.6856,-0.6881,-0.6876,-0.6842,-0.678,-0.6689,-0.6556,-0.6364,-0.6097,-0.5762,-0.5382,-0.4983,-0.4582,-0.419,-0.382,-0.3498,-0.3271,-0.3212,-0.3377,-0.3733,-0.4091,-0.422,-0.4091,-0.3858,-0.3647,-0.3502,-0.3421,-0.3392,-0.3399,-0.3431,-0.3481,-0.3542,-0.3609,-0.3678,-0.3747,-0.7042,-0.712,-0.7166,-0.7174,-0.7148,-0.7096,-0.7024,-0.6918,-0.6734,-0.6434,-0.6028,-0.5565,-0.5086,-0.4611,-0.4143,-0.3681,-0.3244,-0.2905,-0.2812,-0.3154,-0.3972,-0.4834,-0.5016,-0.4571,-0.4042,-0.3668,-0.3452,-0.3348,-0.3317,-0.3333,-0.3378,-0.3443,-0.3518,-0.3599,-0.368,-0.376,-0.73,-0.7415,-0.749,-0.7512,-0.7486,-0.7436,-0.7388,-0.734,-0.7199,-0.6859,-0.6349,-0.5777,-0.5208,-0.466,-0.4118,-0.3549,-0.2938,-0.235,-0.2053,-0.2561,-0.4273,-0.6377,-0.6448,-0.5159,-0.4154,-0.3607,-0.3344,-0.3238,-0.3221,-0.3257,-0.3323,-0.3407,-0.3501,-0.3598,-0.3694,-0.3786,-0.7577,-0.7744,-0.7862,-0.7901,-0.7861,-0.7787,-0.7741,-0.7766,-0.7728,-0.7343,-0.6696,-0.5998,-0.534,-0.474,-0.4153,-0.3493,-0.2665,-0.1626,-0.0696,-0.1093,-0.3711,-0.7408,-0.7235,-0.5149,-0.3928,-0.3376,-0.315,-0.3085,-0.3105,-0.3172,-0.3267,-0.3377,-0.3494,-0.3611,-0.3724,-0.3828,-0.7858,-0.8097,-0.8284,-0.8352,-0.8283,-0.8155,-0.8048,-0.8019,-0.8044,-0.7712,-0.7006,-0.6205,-0.5473,-0.4863,-0.4305,-0.3629,-0.2645,-0.1186,0.0542,0.041,-0.1641,-0.4081,-0.4688,-0.3842,-0.3232,-0.296,-0.2878,-0.2898,-0.2975,-0.3087,-0.3218,-0.336,-0.3504,-0.3644,-0.3775,-0.3894,-0.8116,-0.8435,-0.8709,-0.8824,-0.8727,-0.8572,-0.844,-0.8279,-0.8172,-0.8015,-0.7351,-0.6414,-0.559,-0.5043,-0.4669,-0.4117,-0.309,-0.1639,-0.0226,0.0241,0.085,0.0233,-0.1372,-0.2129,-0.2368,-0.2477,-0.2579,-0.27,-0.2845,-0.3008,-0.3183,-0.3362,-0.3538,-0.3704,-0.3855,-0.3989,-0.8314,-0.8686,-0.8984,-0.9074,-0.9057,-0.9034,-0.909,-0.9242,-0.9415,-0.9191,-0.8083,-0.6666,-0.5639,-0.5266,-0.548,-0.5315,-0.3994,-0.2408,-0.0964,0.0926,0.433,0.3576,0.0551,-0.1025,-0.1723,-0.2076,-0.2312,-0.2519,-0.2728,-0.2947,-0.3171,-0.3394,-0.3607,-0.3803,-0.3976,-0.4123,-0.8435,-0.8854,-0.9177,-0.9307,-0.9514,-0.9571,-0.9915,-1.0774,-1.2256,-1.2361,-0.9529,-0.6868,-0.5465,-0.5331,-0.7079,-0.8169,-0.5054,-0.2908,-0.1451,0.0427,0.2945,0.2625,0.0573,-0.0732,-0.1419,-0.1816,-0.2103,-0.2365,-0.2633,-0.2911,-0.3193,-0.3468,-0.3725,-0.3954,-0.415,-0.4308,-0.8474,-0.8987,-0.9639,-1.0544,-1.0477,-1.0124,-1.0732,-1.2113,-1.6055,-1.8255,-1.0931,-0.6605,-0.4903,-0.4699,-0.648,-0.8097,-0.455,-0.2835,-0.1939,-0.0873,0.0192,0.0365,-0.024,-0.0879,-0.1332,-0.1649,-0.1929,-0.2229,-0.256,-0.2909,-0.3262,-0.3602,-0.3912,-0.4179,-0.4397,-0.4562,-0.8396,-0.8939,-0.9668,-1.0492,-1.0467,-1.0451,-1.157,-1.2781,-1.4053,-1.4752,-0.93,-0.5524,-0.4142,-0.4294,-0.3919,-0.3244,-0.2472,-0.2723,-0.2693,-0.1709,-0.0919,-0.062,-0.0733,-0.1013,-0.1269,-0.1475,-0.1734,-0.2089,-0.2507,-0.2952,-0.3399,-0.3822,-0.4198,-0.4509,-0.4745,-0.4907,-0.8186,-0.8648,-0.9179,-0.9647,-0.9895,-1.0513,-1.2136,-1.3949,-1.2796,-1.0057,-0.6672,-0.4196,-0.3196,-0.426,-0.3126,-0.016,-0.0225,-0.4251,-0.4521,-0.1997,-0.1001,-0.068,-0.0742,-0.097,-0.1137,-0.1214,-0.1477,-0.1944,-0.2491,-0.3064,-0.3635,-0.417,-0.4631,-0.4989,-0.5233,-0.5371,-0.7884,-0.8235,-0.8602,-0.8946,-0.932,-1.0021,-1.1301,-1.2668,-1.1537,-0.8023,-0.5121,-0.3584,-0.2814,0.2052,0.1007,0.4899,0.3753,-0.0809,-0.2349,-0.1068,-0.0236,-0.0016,-0.0327,-0.0784,-0.1016,-0.0978,-0.1272,-0.1869,-0.2556,-0.3286,-0.4024,-0.4714,-0.5287,-0.5692,-0.5918,-0.5995,-0.754,-0.7794,-0.805,-0.8306,-0.8603,-0.9027,-0.9545,-0.9667,-0.8407,-0.6087,-0.4234,-0.299,-0.0926,0.1795,0.235,0.6325,0.9146,0.3323,0.0465,0.0528,0.1748,0.1741,0.0567,-0.0449,-0.0953,-0.1064,-0.1353,-0.1954,-0.2743,-0.366,-0.464,-0.5566,-0.6295,-0.6733,-0.6883,-0.6822,-0.7189,-0.7361,-0.7525,-0.7678,-0.7821,-0.7938,-0.7917,-0.748,-0.6366,-0.4863,-0.3925,-0.307,-0.2456,-0.0877,0.0764,0.4051,0.6808,0.2754,0.0519,0.1822,0.6232,0.5136,0.17,-0.0059,-0.0796,-0.1113,-0.1451,-0.2064,-0.2999,-0.4208,-0.5584,-0.6908,-0.7874,-0.8293,-0.823,-0.7892,-0.6848,-0.6953,-0.7038,-0.7093,-0.7102,-0.7025,-0.678,-0.6257,-0.5427,-0.4501,-0.3948,-0.3675,-0.4938,-0.5449,-0.202,-0.0049,0.0556,-0.1044,-0.2197,0.0599,0.6785,0.5445,0.1669,-0.0024,-0.0585,-0.0731,-0.104,-0.186,-0.3177,-0.4909,-0.6983,-0.9042,-1.0387,-1.0616,-1.0045,-0.9194,-0.653,-0.658,-0.6603,-0.6586,-0.651,-0.6345,-0.6051,-0.56,-0.5026,-0.4468,-0.4125,-0.4242,-0.57,-0.6031,-0.4303,-0.3699,-0.3053,-0.5084,-0.7935,-0.3435,0.0399,0.118,0.0203,-0.041,-0.02,0.0561,0.0521,-0.1021,-0.3168,-0.5703,-0.8897,-1.2322,-1.4264,-1.3848,-1.224,-1.0588,-0.6242,-0.6251,-0.6229,-0.6167,-0.605,-0.586,-0.5584,-0.5226,-0.4825,-0.4465,-0.4254,-0.4317,-0.4702,-0.513,-0.6973,-0.7944,-0.5038,-0.5495,-0.6723,-0.4552,-0.265,-0.1505,-0.1226,-0.0926,0.0361,0.3249,0.3849,0.0161,-0.3199,-0.6451,-1.0896,-1.6341,-1.9045,-1.7291,-1.4222,-1.1707,-0.5987,-0.5966,-0.5917,-0.583,-0.5698,-0.5513,-0.5274,-0.4993,-0.47,-0.4448,-0.4294,-0.4296,-0.45,-0.5103,-0.6702,-0.7204,-0.5278,-0.4714,-0.4794,-0.4796,-0.3673,-0.275,-0.2271,-0.1677,-0.0146,0.3462,0.4299,-0.0825,-0.3947,-0.6926,-1.1565,-1.7943,-2.1019,-1.8539,-1.4874,-1.2079,-0.5764,-0.5725,-0.5659,-0.5562,-0.543,-0.5261,-0.5058,-0.4834,-0.461,-0.4419,-0.4296,-0.4274,-0.4395,-0.4728,-0.5219,-0.5261,-0.4707,-0.4373,-0.4402,-0.4339,-0.3819,-0.3457,-0.3221,-0.2772,-0.2183,-0.2279,-0.4793,-0.5017,-0.5391,-0.7081,-1.0276,-1.4849,-1.744,-1.6246,-1.3738,-1.1547,-0.5572,-0.5521,-0.5448,-0.5349,-0.5224,-0.5073,-0.4901,-0.4718,-0.454,-0.4386,-0.4279,-0.4237,-0.4276,-0.4394,-0.4514,-0.4481,-0.4289,-0.4125,-0.4059,-0.3986,-0.3945,-0.4195,-0.427,-0.381,-0.3772,-0.5211,-0.7764,-0.6874,-0.6578,-0.722,-0.8669,-1.1044,-1.2797,-1.2815,-1.1746,-1.0462,-0.5408,-0.5351,-0.5275,-0.5179,-0.5063,-0.493,-0.4782,-0.4629,-0.4482,-0.4353,-0.4254,-0.4195,-0.4179,-0.4194,-0.42,-0.4155,-0.4062,-0.3973,-0.3924,-0.3936,-0.4131,-0.4662,-0.4833,-0.4335,-0.4367,-0.5259,-0.6323,-0.6818,-0.7642,-0.7575,-0.7824,-0.8865,-0.9885,-1.0231,-0.9925,-0.9299,-0.5268,-0.5208,-0.5133,-0.5042,-0.4937,-0.4818,-0.469,-0.456,-0.4434,-0.4321,-0.4228,-0.416,-0.4116,-0.4086,-0.4055,-0.4009,-0.3951,-0.3902,-0.3886,-0.394,-0.4126,-0.4432,-0.4531,-0.4389,-0.4534,-0.5107,-0.5893,-0.6867,-0.7766,-0.7603,-0.7451,-0.7824,-0.8341,-0.863,-0.8591,-0.8311]}]