docs/data/wind_grid.json
[{"header":{"la1":42.85,"la2":41.18,"lo1":11.55,"lo2":14.05,"nx":36,"ny":24,"dx":0.07143,"dy":0.07261,"parameterCategory":2,"parameterNumber":2,"parameterNumberName":"eastward_wind","parameterUnit":"m.s-1"},"data":[0.2856,0.272,0.2566,0.2398,0.2223,0.2053,0.1908,0.1807,0.1765,0.178,0.1837,0.1913,0.1988,0.205,0.2095,0.2122,0.2135,0.2134,0.2121,0.2095,0.2059,0.2014,0.1964,0.1914,0.1867,0.1825,0.1791,0.1765,0.1748,0.174,0.1741,0.1748,0.1762,0.1782,0.1805,0.1832,0.2863,0.2705,0.252,0.2307,0.2074,0.1836,0.1625,0.1482,0.1436,0.1489,0.1608,0.1749,0.1877,0.1976,0.2045,0.2088,0.2112,0.2119,0.211,0.2082,0.2037,0.1979,0.1914,0.1849,0.1788,0.1736,0.1695,0.1666,0.1648,0.1642,0.1645,0.1657,0.1677,0.1701,0.1731,0.1763,0.2885,0.2706,0.2485,0.2217,0.19,0.1553,0.1224,0.0993,0.0936,0.1062,0.1298,0.155,0.1757,0.1905,0.2002,0.2063,0.2102,0.2123,0.2124,0.2095,0.2035,0.1954,0.1864,0.1776,0.1697,0.1633,0.1583,0.155,0.1532,0.1528,0.1536,0.1555,0.1581,0.1614,0.1651,0.169,0.2929,0.2732,0.2478,0.2146,0.172,0.12,0.0648,0.0222,0.0128,0.041,0.088,0.132,0.1641,0.1846,0.197,0.2049,0.2109,0.216,0.2186,0.2158,0.2069,0.1944,0.1812,0.1691,0.1588,0.1507,0.1448,0.1411,0.1395,0.1396,0.1412,0.144,0.1476,0.1518,0.1564,0.1613,0.3,0.2795,0.2517,0.213,0.158,0.0814,-0.0149,-0.1031,-0.125,-0.0601,0.0349,0.1095,0.1554,0.181,0.1951,0.2042,0.2132,0.2245,0.2339,0.2316,0.2158,0.1948,0.1749,0.1582,0.1449,0.135,0.1281,0.1243,0.1231,0.1242,0.127,0.1311,0.136,0.1415,0.1472,0.1531,0.3099,0.29,0.2624,0.2216,0.1577,0.0547,-0.1043,-0.2927,-0.3547,-0.2011,-0.0165,0.0968,0.1537,0.1809,0.1945,0.2036,0.2154,0.2376,0.2636,0.2617,0.2296,0.1939,0.1651,0.1431,0.1266,0.1147,0.107,0.1034,0.1033,0.1059,0.1106,0.1165,0.1232,0.1303,0.1374,0.1445,0.322,0.3041,0.2798,0.2435,0.1824,0.0708,-0.1346,-0.4482,-0.5841,-0.2936,-0.0213,0.1081,0.1615,0.1842,0.1957,0.2026,0.2127,0.2428,0.2913,0.2883,0.2337,0.1834,0.1472,0.121,0.1015,0.0878,0.0798,0.0772,0.079,0.0843,0.0917,0.1003,0.1094,0.1184,0.1272,0.1356,0.3349,0.3192,0.3,0.2746,0.2327,0.1498,-0.0124,-0.2625,-0.3655,-0.1376,0.0609,0.1456,0.1745,0.1883,0.2019,0.2077,0.2045,0.2169,0.2526,0.2496,0.2005,0.153,0.117,0.0889,0.067,0.0517,0.0439,0.0435,0.0491,0.0586,0.0703,0.0825,0.0945,0.106,0.1166,0.1265,0.3468,0.3307,0.313,0.2981,0.2862,0.2587,0.1925,0.1032,0.0732,0.1267,0.1758,0.1869,0.1776,0.1852,0.2277,0.2471,0.2066,0.1725,0.1672,0.1598,0.1345,0.1038,0.0738,0.0449,0.0195,0.0019,-0.0048,-0.0004,0.012,0.0285,0.0463,0.0634,0.0791,0.0933,0.106,0.1174,0.3577,0.3361,0.3071,0.2838,0.2998,0.3449,0.3619,0.3363,0.29,0.2651,0.2535,0.2091,0.1477,0.1455,0.3014,0.3931,0.2246,0.1172,0.0771,0.0669,0.06,0.0454,0.0205,-0.0127,-0.0466,-0.0694,-0.073,-0.0586,-0.0338,-0.006,0.0205,0.0438,0.0638,0.0808,0.0955,0.1085,0.3707,0.342,0.2907,0.2233,0.2477,0.402,0.5097,0.501,0.3212,0.2342,0.2955,0.2147,0.0578,-0.0347,0.1881,0.372,0.1477,0.0036,-0.0501,-0.0376,-0.0157,-0.0142,-0.0391,-0.0873,-0.1429,-0.1775,-0.1723,-0.1359,-0.0885,-0.0433,-0.0053,0.0252,0.0494,0.0691,0.0855,0.0997,0.3912,0.3645,0.314,0.2456,0.2855,0.4986,0.6912,0.7742,0.5556,0.3681,0.3746,0.2488,-0.0639,-0.4765,-0.3162,-0.0338,-0.054,-0.2332,-0.2774,-0.1657,-0.0871,-0.068,-0.1005,-0.1826,-0.2902,-0.3511,-0.3191,-0.2343,-0.148,-0.079,-0.0279,0.0093,0.0369,0.0583,0.0758,0.091,0.4197,0.407,0.388,0.3825,0.4533,0.6211,0.821,0.9889,0.8635,0.6249,0.5111,0.4148,0.1126,-0.6225,-0.4818,-0.1387,-0.187,-0.5662,-0.5711,-0.264,-0.1341,-0.1088,-0.1547,-0.2908,-0.5061,-0.6224,-0.515,-0.3381,-0.1985,-0.1047,-0.0429,-0.0018,0.0269,0.0484,0.0661,0.0819,0.4511,0.4537,0.462,0.4906,0.5608,0.6751,0.8086,0.9143,0.8657,0.7384,0.6727,0.6294,0.5572,-0.0141,0.0341,-0.0665,-0.236,-0.4025,-0.4104,-0.2267,-0.1511,-0.1428,-0.1876,-0.3558,-0.6903,-0.8776,-0.6603,-0.3914,-0.2156,-0.1104,-0.0468,-0.0074,0.0185,0.038,0.055,0.0713,0.4796,0.4923,0.5133,0.5495,0.6067,0.6819,0.7593,0.8122,0.8276,0.8695,0.9444,0.9283,0.8313,1.2974,0.4267,-0.1793,-0.6622,-0.2926,-0.1786,-0.1622,-0.2121,-0.2152,-0.1998,-0.3061,-0.5701,-0.7292,-0.56,-0.3353,-0.184,-0.093,-0.04,-0.01,0.0086,0.0238,0.04,0.0579,0.5024,0.5202,0.5451,0.5801,0.6262,0.6807,0.7371,0.7933,0.8736,1.0514,1.3616,1.5378,1.2584,0.9342,0.5739,-0.0053,-0.4228,-0.1495,-0.056,-0.1716,-0.4528,-0.3894,-0.2077,-0.1974,-0.3015,-0.3735,-0.3205,-0.2146,-0.1229,-0.0614,-0.0288,-0.0162,-0.0102,-0.0001,0.0174,0.0397,0.5193,0.539,0.5643,0.5964,0.6357,0.6814,0.7334,0.7989,0.9012,1.0838,1.3264,1.3258,1.2567,1.1924,0.7842,0.438,0.1921,0.1095,0.0543,-0.0914,-0.4742,-0.3847,-0.1476,-0.0921,-0.1346,-0.1817,-0.1788,-0.1285,-0.0681,-0.0294,-0.0226,-0.0377,-0.0505,-0.0429,-0.0171,0.0158,0.531,0.551,0.5753,0.6048,0.6397,0.6805,0.7293,0.7915,0.877,0.9888,1.0889,1.1252,1.2081,1.2079,0.9905,0.8429,0.5193,0.1756,-0.0354,0.1246,0.0198,-0.0277,0.0214,0.0122,-0.0755,-0.1937,-0.2196,-0.1248,-0.0319,0.0006,-0.0276,-0.0902,-0.1296,-0.1127,-0.0634,-0.011,0.5386,0.558,0.5808,0.6077,0.639,0.6753,0.7183,0.7701,0.8323,0.8997,0.957,0.9967,1.0352,1.0729,1.3179,1.4374,0.8077,0.3657,0.2362,0.5693,0.4416,0.2887,0.2113,0.1176,-0.08,-0.4154,-0.4878,-0.1669,0.0207,0.0454,-0.036,-0.1734,-0.2443,-0.1955,-0.1072,-0.031,0.5429,0.5612,0.5823,0.6065,0.6342,0.6658,0.7018,0.7426,0.7873,0.8319,0.871,0.9034,0.9395,1.0217,1.252,1.3067,0.892,0.6857,1.0143,1.2268,0.7468,0.5099,0.3939,0.2608,0.0255,-0.4091,-0.5064,0.0143,0.167,0.1302,-0.0072,-0.2049,-0.2967,-0.2244,-0.1154,-0.0297,0.5444,0.5614,0.5806,0.6022,0.6263,0.6531,0.6826,0.7143,0.7471,0.7787,0.8071,0.8331,0.8639,0.9149,0.9814,0.9594,0.8203,0.7633,0.9075,0.9675,0.7792,0.6789,0.6152,0.4758,0.3258,0.3333,0.6987,0.6241,0.3931,0.246,0.0923,-0.0867,-0.1806,-0.1456,-0.0682,0.0001,0.5439,0.5594,0.5767,0.5956,0.6164,0.6388,0.6626,0.6873,0.7119,0.7351,0.7559,0.775,0.7945,0.8154,0.8265,0.8031,0.7526,0.7315,0.7618,0.7819,0.799,0.9191,0.9479,0.7266,0.5715,0.7318,1.1559,0.8824,0.4702,0.3204,0.2065,0.0795,-0.0048,-0.0172,0.0117,0.0496,0.5418,0.5558,0.5711,0.5876,0.6052,0.6239,0.6431,0.6624,0.681,0.6981,0.7132,0.726,0.7364,0.7429,0.7404,0.7245,0.7024,0.6925,0.7045,0.7416,0.8516,1.0945,1.1692,0.8768,0.666,0.6818,0.7646,0.5704,0.3311,0.3151,0.2715,0.1907,0.123,0.0916,0.09,0.1033,0.5384,0.5509,0.5644,0.5786,0.5936,0.609,0.6245,0.6396,0.6538,0.6665,0.6771,0.6852,0.6902,0.6911,0.6863,0.676,0.6651,0.6618,0.6748,0.7169,0.8147,0.9614,0.9905,0.8222,0.6617,0.5974,0.5517,0.4222,0.3084,0.3108,0.2954,0.2468,0.1978,0.1655,0.1517,0.1509]},{"header":{"la1":42.85,"la2":41.18,"lo1":11.55,"lo2":14.05,"nx":36,"ny":24,"dx":0.07143,"dy":0.07261,"parameterCategory":2,"parameterNumber":3,"parameterNumberName":"northward_wind","parameterUnit":"m.s-1"},"data":[0.0666,0.063,0.0579,0.0513,0.0433,0.034,0.0235,0.0119,-0.0008,-0.0143,-0.0279,-0.0406,-0.0512,-0.0583,-0.0612,-0.0599,-0.0552,-0.0489,-0.0435,-0.0407,-0.0416,-0.0456,-0.0515,-0.058,-0.064,-0.0689,-0.0725,-0.0745,-0.0752,-0.0746,-0.0729,-0.0704,-0.0672,-0.0635,-0.0594,-0.0552,0.0796,0.0764,0.0713,0.0643,0.0555,0.0452,0.0336,0.0207,0.0061,-0.0101,-0.0271,-0.0434,-0.0568,-0.0653,-0.0675,-0.063,-0.0529,-0.0404,-0.0298,-0.0249,-0.0271,-0.0348,-0.0451,-0.0557,-0.0649,-0.072,-0.077,-0.0798,-0.0807,-0.08,-0.078,-0.0749,-0.071,-0.0667,-0.0619,-0.0571,0.0953,0.0928,0.0878,0.0802,0.0704,0.059,0.0464,0.0324,0.0161,-0.0034,-0.0251,-0.0467,-0.0646,-0.0755,-0.0768,-0.067,-0.0475,-0.0232,-0.0032,0.0045,-0.0017,-0.0172,-0.0356,-0.0526,-0.0663,-0.0764,-0.083,-0.0865,-0.0876,-0.0866,-0.0839,-0.08,-0.0753,-0.0701,-0.0645,-0.0589,0.1145,0.1132,0.1085,0.1002,0.0888,0.0757,0.062,0.0478,0.0307,0.0075,-0.0211,-0.0507,-0.0757,-0.0908,-0.0914,-0.0738,-0.0379,0.0089,0.0477,0.059,0.0412,0.0091,-0.0234,-0.05,-0.0695,-0.0829,-0.0912,-0.0953,-0.0962,-0.0945,-0.0909,-0.0859,-0.08,-0.0736,-0.067,-0.0605,0.1382,0.1392,0.1353,0.126,0.1118,0.0953,0.0798,0.0669,0.0516,0.0247,-0.0141,-0.0561,-0.0921,-0.1145,-0.1158,-0.0883,-0.0258,0.065,0.1446,0.1583,0.1089,0.043,-0.0117,-0.0506,-0.0766,-0.0931,-0.1027,-0.1069,-0.1071,-0.1042,-0.0991,-0.0926,-0.0851,-0.0773,-0.0695,-0.0618,0.1678,0.1731,0.1716,0.1612,0.1422,0.1187,0.0975,0.0859,0.0779,0.048,-0.0054,-0.0646,-0.1164,-0.1509,-0.1573,-0.1214,-0.0242,0.1433,0.3101,0.3178,0.1942,0.073,-0.0085,-0.059,-0.0901,-0.1087,-0.1187,-0.1223,-0.121,-0.1162,-0.1089,-0.1001,-0.0906,-0.0809,-0.0715,-0.0626,0.2046,0.2183,0.2228,0.2128,0.1866,0.1505,0.1158,0.0963,0.0948,0.0663,-0.0005,-0.0791,-0.1518,-0.2056,-0.2258,-0.1912,-0.0705,0.1728,0.4546,0.4466,0.234,0.0695,-0.0256,-0.0802,-0.1127,-0.1316,-0.1409,-0.1427,-0.1388,-0.1308,-0.1202,-0.1084,-0.0962,-0.0843,-0.073,-0.0627,0.2494,0.2788,0.2985,0.2945,0.2586,0.2026,0.1493,0.113,0.0985,0.073,0.0008,-0.0993,-0.2001,-0.2837,-0.3328,-0.316,-0.2015,0.0243,0.278,0.2956,0.1382,0.0088,-0.0691,-0.1163,-0.1461,-0.1639,-0.1713,-0.1698,-0.1614,-0.1485,-0.1332,-0.1172,-0.1015,-0.0869,-0.0735,-0.0617,0.2997,0.3565,0.4109,0.4313,0.3817,0.2857,0.2081,0.1727,0.1624,0.129,0.026,-0.118,-0.2592,-0.3855,-0.4922,-0.5107,-0.3917,-0.2138,-0.0555,0.0007,-0.0338,-0.0861,-0.1297,-0.1645,-0.1914,-0.2085,-0.2133,-0.2062,-0.1904,-0.1698,-0.1476,-0.126,-0.106,-0.0881,-0.0725,-0.0591,0.3466,0.4415,0.5631,0.6588,0.5932,0.3954,0.2656,0.2518,0.3272,0.3239,0.1081,-0.1334,-0.3263,-0.4901,-0.6943,-0.7827,-0.5632,-0.3817,-0.2657,-0.1976,-0.1712,-0.1726,-0.1912,-0.2207,-0.2519,-0.2724,-0.2735,-0.2559,-0.2271,-0.1944,-0.1625,-0.1336,-0.1085,-0.0871,-0.0692,-0.0544,0.373,0.4986,0.6944,0.9243,0.8617,0.4795,0.2739,0.2792,0.5504,0.7015,0.1964,-0.1722,-0.4116,-0.5732,-0.7184,-0.8048,-0.5951,-0.4614,-0.3823,-0.3097,-0.2543,-0.2312,-0.2431,-0.2849,-0.3382,-0.3715,-0.3644,-0.3247,-0.2723,-0.2209,-0.176,-0.1384,-0.1077,-0.0828,-0.0628,-0.0469,0.3637,0.4833,0.6675,0.8789,0.8026,0.4176,0.2097,0.1751,0.3371,0.4508,0.0776,-0.2505,-0.5172,-0.7468,-0.711,-0.6236,-0.5494,-0.5286,-0.4933,-0.3849,-0.2945,-0.2575,-0.2801,-0.362,-0.4743,-0.5386,-0.5053,-0.4157,-0.3224,-0.2448,-0.1843,-0.1375,-0.1015,-0.0737,-0.0524,-0.036,0.322,0.4034,0.5023,0.5671,0.4785,0.2774,0.148,0.1054,0.1222,0.0967,-0.0864,-0.293,-0.4982,-0.8193,-0.7573,-0.5847,-0.5436,-0.6478,-0.6338,-0.4195,-0.2865,-0.2443,-0.2922,-0.4478,-0.6869,-0.8145,-0.7021,-0.5146,-0.3636,-0.2572,-0.182,-0.1277,-0.0877,-0.0583,-0.0368,-0.0211,0.2667,0.3095,0.345,0.3452,0.284,0.1908,0.1255,0.1029,0.0833,0.0012,-0.1308,-0.2743,-0.36,-0.8105,-0.572,-0.5448,-0.5722,-0.5735,-0.5266,-0.3389,-0.2081,-0.1775,-0.2559,-0.4842,-0.877,-1.0858,-0.8516,-0.5626,-0.3696,-0.2466,-0.1639,-0.1058,-0.0644,-0.0354,-0.0154,-0.0018,0.2142,0.2325,0.2399,0.226,0.1875,0.1387,0.099,0.0709,0.0312,-0.0315,-0.0822,-0.1191,-0.2156,-0.0432,-0.3764,-0.6125,-0.8884,-0.5344,-0.325,-0.1635,-0.0493,-0.0458,-0.1536,-0.382,-0.7311,-0.9204,-0.7379,-0.4935,-0.3225,-0.2081,-0.1278,-0.0703,-0.0303,-0.0039,0.0124,0.022,0.1712,0.1767,0.1736,0.1585,0.1321,0.1003,0.0691,0.0378,0.0006,-0.0389,-0.069,0.185,0.0603,-0.1113,-0.2316,-0.4781,-0.697,-0.3709,-0.1212,0.0269,0.1442,0.1123,-0.0272,-0.209,-0.4088,-0.5177,-0.4686,-0.3529,-0.2422,-0.1501,-0.0767,-0.0216,0.0153,0.0363,0.0462,0.0498,0.1382,0.1376,0.1309,0.1172,0.0971,0.0732,0.0478,0.0213,-0.0059,-0.0307,-0.0523,0.0464,0.1036,0.0988,-0.0409,-0.1322,-0.1527,0.0093,0.1628,0.1799,0.1863,0.1593,0.0524,-0.0845,-0.2159,-0.2971,-0.3033,-0.25,-0.17,-0.0883,-0.0164,0.0388,0.0719,0.0844,0.0845,0.0797,0.1137,0.1104,0.1028,0.0908,0.0749,0.0565,0.037,0.0177,0.001,-0.0086,-0.0012,0.0399,0.1173,0.1451,0.1697,0.2066,0.1822,0.3301,0.4644,0.3851,0.2853,0.2049,0.1098,-0.0177,-0.1644,-0.2942,-0.3233,-0.2378,-0.1266,-0.0307,0.0478,0.1064,0.1351,0.1352,0.1227,0.1088,0.0958,0.0915,0.0842,0.0742,0.0617,0.0479,0.0339,0.0213,0.0127,0.0118,0.024,0.0552,0.1075,0.2039,0.4943,0.6157,0.3868,0.4515,0.575,0.7291,0.5337,0.3329,0.186,0.0289,-0.1903,-0.481,-0.5412,-0.2854,-0.0876,0.0293,0.1086,0.1653,0.1874,0.1755,0.1531,0.133,0.0829,0.0785,0.0722,0.0641,0.0546,0.0447,0.0354,0.0283,0.0255,0.0298,0.0449,0.076,0.1334,0.2517,0.476,0.5538,0.4466,0.5803,1.0825,1.3141,0.7614,0.4515,0.2791,0.1074,-0.1355,-0.4937,-0.5701,-0.1888,0.0119,0.1106,0.161,0.1902,0.2016,0.1904,0.1699,0.1498,0.0738,0.0699,0.0647,0.0584,0.0516,0.045,0.0395,0.0365,0.0378,0.0455,0.0626,0.0935,0.1454,0.228,0.3292,0.3859,0.4236,0.5755,0.8733,0.9672,0.7041,0.5192,0.4081,0.2494,0.0633,-0.0327,0.1037,0.1381,0.1894,0.2388,0.2332,0.2108,0.2007,0.1928,0.1787,0.1616,0.0676,0.0643,0.0603,0.0558,0.0512,0.0472,0.0447,0.0448,0.0489,0.0586,0.0761,0.1042,0.1457,0.2008,0.2613,0.3159,0.3793,0.4819,0.6024,0.6427,0.6044,0.632,0.6287,0.4342,0.2422,0.2052,0.2927,0.2995,0.4257,0.4507,0.3627,0.278,0.2316,0.2084,0.1903,0.1727,0.0636,0.061,0.0581,0.0551,0.0524,0.0505,0.0503,0.0525,0.0583,0.0689,0.0858,0.1103,0.1433,0.184,0.2294,0.2777,0.3338,0.4013,0.4678,0.5161,0.5815,0.736,0.7867,0.5534,0.3469,0.2839,0.3221,0.4945,0.7939,0.7186,0.5085,0.3617,0.2797,0.2348,0.2063,0.1842,0.0611,0.0593,0.0574,0.0556,0.0544,0.0542,0.0556,0.0593,0.0661,0.0769,0.0926,0.1139,0.141,0.1734,0.2102,0.2509,0.2963,0.346,0.3967,0.4504,0.5275,0.6328,0.6509,0.5162,0.383,0.3412,0.4025,0.6061,0.8423,0.7644,0.5592,0.4066,0.3134,0.2572,0.2209,0.1946]}]