docs/data/wind_grid.json
{"header": {"la1":42.1,"la2":41.55,"lo1":12.1,"lo2":12.95,"nx":50,"ny":50,"dx":0.01735,"dy":0.01122,"parameterCategory":2,"parameterNumber":3,"parameterNumberName":"northward_wind","parameterUnit":"m.s-1"}, "data":
[rows 0 to 40 of 50, columns 0 to 49 of 50]
-0.505,-0.6499,-0.7779,-0.8661,-0.8996,-0.8799,-0.8242,-0.7555,-0.693,-0.6468,-0.62,-0.611,-0.617,-0.6348,-0.6623,-0.6977,-0.7396,-0.7869,-0.8377,-0.8894,-0.9383,-0.9807,-1.0132,-1.0349,-1.0473,-1.0541,-1.0598,-1.0683,-1.0823,-1.1033,-1.1318,-1.1675,-1.2098,-1.2575,-1.3089,-1.3621,-1.4146,-1.4638,-1.5068,-1.5412,-1.5653,-1.5782,-1.5802,-1.5723,-1.5561,-1.5334,-1.506,-1.4755,-1.4431,-1.41
-0.446,-0.6033,-0.7435,-0.8407,-0.8785,-0.8596,-0.8034,-0.7349,-0.6736,-0.6295,-0.6052,-0.5986,-0.6068,-0.6269,-0.6567,-0.6947,-0.7402,-0.7921,-0.8487,-0.9071,-0.9628,-1.0106,-1.0457,-1.0664,-1.0751,-1.0767,-1.0773,-1.0819,-1.0937,-1.114,-1.1434,-1.1814,-1.227,-1.2788,-1.3352,-1.3938,-1.4519,-1.5064,-1.5538,-1.5914,-1.6168,-1.6293,-1.6293,-1.6182,-1.5979,-1.5709,-1.539,-1.5043,-1.468,-1.4313
-0.3619,-0.5288,-0.6794,-0.7851,-0.8289,-0.8149,-0.7639,-0.701,-0.6455,-0.6067,-0.5868,-0.5839,-0.595,-0.6175,-0.6495,-0.6902,-0.7393,-0.7961,-0.8593,-0.9258,-0.9902,-1.045,-1.0835,-1.1029,-1.1063,-1.1012,-1.0954,-1.0953,-1.1044,-1.1242,-1.1546,-1.195,-1.2442,-1.3007,-1.3625,-1.4271,-1.4915,-1.5519,-1.6044,-1.6453,-1.6722,-1.684,-1.6814,-1.6663,-1.6414,-1.6093,-1.5725,-1.5331,-1.4926,-1.4521
-0.25,-0.4236,-0.5829,-0.6972,-0.75,-0.7461,-0.7063,-0.6548,-0.6094,-0.579,-0.5655,-0.5672,-0.5816,-0.6064,-0.6406,-0.6837,-0.7361,-0.798,-0.8686,-0.9448,-1.02,-1.0841,-1.1272,-1.1448,-1.1412,-1.1272,-1.1136,-1.108,-1.1143,-1.1335,-1.1653,-1.2085,-1.2617,-1.3231,-1.3907,-1.4619,-1.5332,-1.6002,-1.6583,-1.703,-1.7313,-1.742,-1.7362,-1.7165,-1.6861,-1.6483,-1.606,-1.5616,-1.5166,-1.4723
-0.1099,-0.2877,-0.4548,-0.5794,-0.6451,-0.6567,-0.6339,-0.5987,-0.5672,-0.5476,-0.5418,-0.5488,-0.5666,-0.5937,-0.6296,-0.6746,-0.73,-0.7969,-0.8754,-0.9628,-1.0514,-1.1277,-1.177,-1.192,-1.1793,-1.154,-1.131,-1.1194,-1.1229,-1.1419,-1.1754,-1.2217,-1.2792,-1.3459,-1.4197,-1.4979,-1.5766,-1.651,-1.7153,-1.7641,-1.7938,-1.803,-1.7933,-1.7681,-1.7314,-1.6873,-1.6392,-1.5894,-1.5397,-1.4914
0.0562,-0.1246,-0.3003,-0.4381,-0.521,-0.5531,-0.5517,-0.5363,-0.5212,-0.5138,-0.5166,-0.5292,-0.5504,-0.5793,-0.6162,-0.6624,-0.72,-0.7915,-0.878,-0.9778,-1.0824,-1.1743,-1.2319,-1.2436,-1.2189,-1.18,-1.1465,-1.1287,-1.1298,-1.1491,-1.1849,-1.2348,-1.2968,-1.369,-1.4492,-1.5347,-1.6213,-1.7036,-1.7747,-1.8281,-1.859,-1.8663,-1.8519,-1.8203,-1.7767,-1.7258,-1.6713,-1.6159,-1.5615,-1.5091
0.243,0.0592,-0.1276,-0.2823,-0.3865,-0.4427,-0.4654,-0.4715,-0.4737,-0.4792,-0.4908,-0.5089,-0.533,-0.5631,-0.6003,-0.6466,-0.7054,-0.7802,-0.8741,-0.9866,-1.1092,-1.2203,-1.2886,-1.2962,-1.257,-1.2027,-1.1583,-1.135,-1.1345,-1.1551,-1.1937,-1.2477,-1.3145,-1.3923,-1.4789,-1.5716,-1.6664,-1.757,-1.8355,-1.8937,-1.9258,-1.9306,-1.9108,-1.8721,-1.8209,-1.7627,-1.7016,-1.6406,-1.5814,-1.525
0.4424,0.2541,0.0533,-0.1218,-0.2504,-0.3325,-0.3801,-0.4078,-0.4272,-0.4452,-0.4652,-0.4883,-0.5147,-0.5452,-0.5815,-0.6267,-0.6851,-0.7617,-0.8613,-0.9853,-1.1261,-1.2583,-1.3395,-1.3428,-1.2878,-1.2181,-1.1643,-1.1372,-1.1369,-1.1598,-1.2022,-1.2606,-1.3325,-1.4156,-1.5082,-1.6079,-1.7107,-1.8097,-1.8958,-1.9591,-1.9924,-1.9941,-1.9683,-1.922,-1.8627,-1.797,-1.7294,-1.6628,-1.5989,-1.5387
0.6439,0.4493,0.2319,0.034,-0.1202,-0.2282,-0.2998,-0.3479,-0.3833,-0.4129,-0.4405,-0.4678,-0.4958,-0.5257,-0.5599,-0.6023,-0.6585,-0.7348,-0.8374,-0.9694,-1.1251,-1.277,-1.3717,-1.3718,-1.3031,-1.2217,-1.1624,-1.1346,-1.1365,-1.1634,-1.2105,-1.2739,-1.3508,-1.439,-1.5369,-1.6427,-1.7526,-1.8597,-1.9534,-2.0217,-2.056,-2.0545,-2.0222,-1.9679,-1.9007,-1.8276,-1.7536,-1.6818,-1.6136,-1.5499
0.8354,0.6334,0.3983,0.1773,-0.0018,-0.134,-0.2274,-0.2939,-0.3435,-0.3832,-0.4173,-0.4479,-0.4765,-0.5047,-0.5354,-0.5734,-0.6253,-0.6989,-0.8011,-0.9357,-1.0985,-1.2625,-1.368,-1.3684,-1.2939,-1.2092,-1.1508,-1.1267,-1.1336,-1.1661,-1.219,-1.288,-1.3699,-1.4625,-1.5646,-1.6749,-1.7905,-1.9044,-2.0049,-2.0781,-2.1133,-2.1084,-2.0698,-2.0079,-1.933,-1.8532,-1.7735,-1.6969,-1.6249,-1.5581
1.0046,0.7952,0.5438,0.3019,0.1007,-0.0526,-0.1648,-0.2468,-0.3084,-0.3565,-0.3958,-0.4288,-0.4572,-0.4827,-0.5085,-0.5401,-0.5857,-0.6543,-0.7529,-0.8839,-1.0428,-1.2056,-1.3147,-1.3213,-1.2543,-1.1785,-1.1292,-1.1137,-1.1286,-1.1686,-1.2284,-1.3035,-1.3902,-1.4864,-1.5911,-1.7038,-1.8226,-1.9412,-2.047,-2.1242,-2.1602,-2.1523,-2.108,-2.0394,-1.9581,-1.8725,-1.788,-1.7075,-1.6323,-1.563
1.1398,0.9252,0.6613,0.4032,0.1845,0.0143,-0.1129,-0.2073,-0.2783,-0.3331,-0.3764,-0.4109,-0.4383,-0.4601,-0.4796,-0.503,-0.5401,-0.6021,-0.6952,-0.8179,-0.9627,-1.1097,-1.2132,-1.2314,-1.1859,-1.1313,-1.099,-1.0966,-1.1223,-1.1715,-1.2394,-1.3212,-1.4127,-1.5116,-1.6169,-1.7292,-1.8478,-1.9676,-2.0762,-2.1559,-2.1924,-2.1824,-2.1339,-2.0603,-1.9742,-1.8844,-1.7964,-1.713,-1.6355,-1.5643
1.2323,1.016,0.7459,0.4781,0.2479,0.0661,-0.0719,-0.1753,-0.2533,-0.313,-0.359,-0.3943,-0.4201,-0.4377,-0.4497,-0.4629,-0.4897,-0.5444,-0.6326,-0.746,-0.8709,-0.9925,-1.0831,-1.1146,-1.0987,-1.0731,-1.063,-1.0772,-1.1158,-1.1759,-1.2531,-1.3422,-1.4386,-1.5391,-1.643,-1.7516,-1.8658,-1.9824,-2.0898,-2.1699,-2.2066,-2.1955,-2.145,-2.0689,-1.9802,-1.8881,-1.7981,-1.713,-1.6341,-1.5617
1.2775,1.0642,0.7951,0.5254,0.2907,0.1027,-0.0415,-0.1505,-0.233,-0.2958,-0.3436,-0.379,-0.4031,-0.4162,-0.42,-0.4214,-0.436,-0.4837,-0.5702,-0.6773,-0.7829,-0.8768,-0.951,-0.9934,-1.0068,-1.0113,-1.0251,-1.0572,-1.1104,-1.1829,-1.2707,-1.3682,-1.4696,-1.571,-1.6713,-1.7727,-1.8778,-1.9859,-2.0875,-2.1648,-2.2009,-2.1901,-2.14,-2.0642,-1.9755,-1.8832,-1.7928,-1.7073,-1.628,-1.5552
1.2756,1.0702,0.8096,0.5459,0.3135,0.1251,-0.0211,-0.1324,-0.2169,-0.2812,-0.3299,-0.3652,-0.3877,-0.3968,-0.3926,-0.3812,-0.3819,-0.4235,-0.5133,-0.6199,-0.7104,-0.7793,-0.8369,-0.8854,-0.9219,-0.9525,-0.9885,-1.0388,-1.1074,-1.1937,-1.2937,-1.4009,-1.508,-1.6098,-1.7048,-1.7956,-1.887,-1.9811,-2.0715,-2.1422,-2.1763,-2.1668,-2.1194,-2.0465,-1.9602,-1.8697,-1.7806,-1.6959,-1.6171,-1.5446
1.2319,1.0384,0.7928,0.5419,0.3182,0.1346,-0.0094,-0.12,-0.2044,-0.2687,-0.3174,-0.3526,-0.3742,-0.3804,-0.3697,-0.3463,-0.3327,-0.3691,-0.4668,-0.5785,-0.6588,-0.7069,-0.749,-0.7991,-0.8508,-0.9011,-0.9561,-1.0236,-1.1081,-1.2096,-1.3237,-1.4424,-1.5566,-1.659,-1.7473,-1.8246,-1.898,-1.973,-2.0469,-2.1069,-2.1369,-2.1286,-2.0853,-2.0171,-1.9353,-1.8483,-1.7618,-1.6789,-1.6015,-1.53
1.155,0.9764,0.7503,0.5177,0.3077,0.1332,-0.0052,-0.1123,-0.1946,-0.2578,-0.3059,-0.3409,-0.3623,-0.3677,-0.3537,-0.3223,-0.2972,-0.3294,-0.4361,-0.5549,-0.6284,-0.6593,-0.6874,-0.7358,-0.7958,-0.8594,-0.9295,-1.0127,-1.1135,-1.2319,-1.3625,-1.4954,-1.6187,-1.7226,-1.8035,-1.8651,-1.9169,-1.9682,-2.0207,-2.0657,-2.0887,-2.0804,-2.0411,-1.9786,-1.9022,-1.8198,-1.7369,-1.6568,-1.5813,-1.5115
1.0551,0.8929,0.6891,0.478,0.2853,0.1232,-0.0067,-0.1082,-0.1868,-0.2477,-0.2947,-0.3296,-0.3519,-0.3588,-0.3459,-0.3138,-0.2853,-0.3158,-0.4264,-0.5474,-0.6151,-0.6324,-0.6489,-0.6938,-0.7566,-0.8279,-0.9095,-1.0069,-1.1244,-1.2617,-1.412,-1.5626,-1.6981,-1.8052,-1.8785,-1.9226,-1.9497,-1.9735,-2.0006,-2.0264,-2.0388,-2.0278,-1.9913,-1.9339,-1.863,-1.7855,-1.7067,-1.6298,-1.557,-1.4892
0.9425,0.7971,0.6162,0.4281,0.2547,0.1071,-0.0124,-0.1066,-0.1802,-0.2379,-0.2833,-0.318,-0.342,-0.3524,-0.3454,-0.3212,-0.3003,-0.3329,-0.4375,-0.5507,-0.6119,-0.6209,-0.6294,-0.6702,-0.7317,-0.8062,-0.896,-1.0064,-1.1413,-1.2998,-1.4736,-1.6466,-1.7985,-1.9113,-1.9774,-2.0021,-2.0017,-1.9945,-1.9925,-1.9952,-1.9931,-1.976,-1.9396,-1.8857,-1.8195,-1.7467,-1.672,-1.5987,-1.5287,-1.4633
0.8258,0.6966,0.538,0.3728,0.2193,0.0873,-0.0206,-0.1063,-0.174,-0.2278,-0.271,-0.3055,-0.3314,-0.3468,-0.3487,-0.3383,-0.3328,-0.3696,-0.4609,-0.5581,-0.612,-0.6189,-0.6253,-0.6616,-0.7185,-0.7929,-0.8886,-1.0111,-1.1641,-1.3465,-1.5483,-1.7495,-1.9231,-2.045,-2.104,-2.1073,-2.0759,-2.0344,-1.9999,-1.976,-1.9556,-1.9286,-1.8891,-1.8363,-1.7734,-1.7045,-1.6336,-1.5637,-1.4968,-1.4341
0.7114,0.5974,0.4596,0.3162,0.1821,0.0659,-0.0298,-0.1065,-0.1675,-0.2167,-0.2572,-0.2911,-0.3188,-0.3393,-0.3511,-0.3558,-0.3666,-0.4079,-0.4855,-0.566,-0.6135,-0.624,-0.6331,-0.6637,-0.7136,-0.7859,-0.8862,-1.0202,-1.1923,-1.4014,-1.6361,-1.8717,-2.0733,-2.2079,-2.2599,-2.2388,-2.1725,-2.093,-2.023,-1.9696,-1.9276,-1.8873,-1.8415,-1.7874,-1.7258,-1.6597,-1.5921,-1.5254,-1.4616,-1.4017
0.6039,0.5037,0.3847,0.2612,0.1454,0.0445,-0.039,-0.1062,-0.16,-0.2041,-0.2414,-0.2741,-0.3031,-0.328,-0.3483,-0.3661,-0.3903,-0.4356,-0.5043,-0.5747,-0.6206,-0.6383,-0.649,-0.671,-0.7131,-0.783,-0.8873,-1.0327,-1.2244,-1.4625,-1.7346,-2.0111,-2.247,-2.3977,-2.442,-2.3928,-2.2872,-2.1665,-2.0587,-1.9738,-1.908,-1.8519,-1.7971,-1.7392,-1.6774,-1.6128,-1.5477,-1.484,-1.4232,-1.3662
0.5058,0.4181,0.3157,0.2102,0.1111,0.0247,-0.047,-0.1046,-0.151,-0.1895,-0.2231,-0.2541,-0.2835,-0.3114,-0.338,-0.3653,-0.3995,-0.4492,-0.5153,-0.584,-0.6361,-0.6628,-0.668,-0.6783,-0.7136,-0.782,-0.8905,-1.0469,-1.2583,-1.5263,-1.8388,-2.1609,-2.436,-2.6055,-2.6407,-2.5597,-2.4115,-2.2476,-2.1012,-1.9844,-1.894,-1.8206,-1.7551,-1.6916,-1.6279,-1.5639,-1.5007,-1.4396,-1.3817,-1.3278
0.4182,0.3416,0.254,0.1642,0.0803,0.0073,-0.053,-0.1013,-0.14,-0.1724,-0.2019,-0.2306,-0.2596,-0.289,-0.3193,-0.3528,-0.3941,-0.4487,-0.5172,-0.5907,-0.6538,-0.6873,-0.6833,-0.6827,-0.7131,-0.7813,-0.8943,-1.061,-1.2908,-1.5876,-1.9399,-2.3085,-2.6245,-2.8132,-2.8381,-2.7236,-2.5325,-2.3264,-2.1432,-1.996,-1.8817,-1.7908,-1.7137,-1.6436,-1.577,-1.5128,-1.451,-1.3922,-1.3372,-1.2864
0.3414,0.2747,0.1998,0.124,0.0536,-0.0072,-0.0568,-0.0957,-0.1265,-0.1525,-0.1774,-0.2036,-0.2317,-0.2613,-0.2928,-0.3293,-0.3752,-0.4348,-0.5084,-0.5891,-0.6613,-0.6979,-0.6893,-0.6832,-0.7109,-0.7799,-0.8972,-1.0729,-1.3182,-1.6395,-2.0263,-2.4362,-2.7888,-2.9943,-3.0089,-2.8638,-2.6345,-2.3916,-2.1764,-2.0024,-1.8665,-1.7592,-1.6707,-1.5937,-1.5238,-1.4588,-1.3981,-1.3417,-1.2896,-1.2421
0.2747,0.2169,0.1533,0.0896,0.0312,-0.0184,-0.0579,-0.0877,-0.1103,-0.1295,-0.1495,-0.1731,-0.2003,-0.2295,-0.2602,-0.2965,-0.3444,-0.4082,-0.4872,-0.5737,-0.6503,-0.6886,-0.6835,-0.6787,-0.7066,-0.7772,-0.8981,-1.0804,-1.3367,-1.6748,-2.0854,-2.5238,-2.9018,-3.1187,-3.1256,-2.9586,-2.7022,-2.4327,-2.1933,-1.998,-1.8441,-1.7226,-1.6238,-1.5402,-1.467,-1.4014,-1.3418,-1.2877,-1.2388,-1.1947
0.2175,0.1676,0.1138,0.0608,0.013,-0.0265,-0.0564,-0.0773,-0.0915,-0.1033,-0.1179,-0.1391,-0.1666,-0.1958,-0.2242,-0.257,-0.3038,-0.3701,-0.4531,-0.5426,-0.6202,-0.6614,-0.6655,-0.6679,-0.699,-0.7717,-0.8953,-1.0813,-1.3426,-1.6876,-2.1071,-2.5554,-2.942,-3.1625,-3.1665,-2.9913,-2.7236,-2.4411,-2.1877,-1.9781,-1.8109,-1.678,-1.5706,-1.4816,-1.4056,-1.3396,-1.2814,-1.23,-1.1846,-1.1443
0.1688,0.1259,0.0807,0.037,-0.0013,-0.0317,-0.0527,-0.0647,-0.0701,-0.0737,-0.0822,-0.1017,-0.1315,-0.1628,-0.1886,-0.215,-0.2574,-0.3236,-0.408,-0.4976,-0.5743,-0.62,-0.636,-0.6491,-0.6859,-0.7617,-0.8871,-1.0736,-1.3337,-1.6746,-2.0866,-2.5244,-2.9009,-3.1167,-3.1235,-2.9553,-2.6935,-2.4125,-2.1556,-1.9393,-1.7638,-1.6229,-1.5092,-1.416,-1.3383,-1.2726,-1.2165,-1.1683,-1.1267,-1.0908
0.1273,0.0908,0.0531,0.0177,-0.0123,-0.0344,-0.0471,-0.0506,-0.0468,-0.0411,-0.0425,-0.0605,-0.0958,-0.1334,-0.1578,-0.1759,-0.2109,-0.274,-0.3565,-0.4429,-0.5175,-0.5677,-0.5955,-0.6206,-0.6653,-0.7451,-0.8716,-1.056,-1.3091,-1.6362,-2.0261,-2.4359,-2.7866,-2.9905,-3.0042,-2.855,-2.6134,-2.3463,-2.0958,-1.8796,-1.7007,-1.5554,-1.4377,-1.3421,-1.2639,-1.1996,-1.1464,-1.1021,-1.0652,-1.0341
0.0923,0.0614,0.0303,0.002,-0.0207,-0.0354,-0.0405,-0.0358,-0.0228,-0.0068,0.001,-0.0146,-0.059,-0.1093,-0.1362,-0.146,-0.172,-0.2286,-0.3045,-0.3836,-0.4535,-0.5065,-0.5445,-0.5816,-0.6353,-0.7202,-0.8476,-1.0278,-1.2695,-1.5755,-1.9332,-2.3034,-2.6184,-2.8052,-2.827,-2.7033,-2.4905,-2.2461,-2.0091,-1.7987,-1.6206,-1.4739,-1.3547,-1.2586,-1.1815,-1.1199,-1.0706,-1.0313,-0.9997,-0.9742
0.0626,0.0367,0.0115,-0.0106,-0.027,-0.0353,-0.0338,-0.0218,0.0,0.0268,0.0459,0.0352,-0.02,-0.0902,-0.1253,-0.1299,-0.1467,-0.1931,-0.2566,-0.323,-0.3844,-0.4372,-0.483,-0.5313,-0.5948,-0.6858,-0.8143,-0.989,-1.2167,-1.4975,-1.8182,-2.1438,-2.419,-2.5859,-2.6142,-2.5164,-2.3351,-2.1173,-1.898,-1.6971,-1.5232,-1.3777,-1.2592,-1.1646,-1.0903,-1.0328,-0.9889,-0.9555,-0.9304,-0.9112
0.0373,0.0159,-0.0043,-0.021,-0.032,-0.0349,-0.0279,-0.0099,0.0192,0.0556,0.0864,0.0838,0.0201,-0.0726,-0.1211,-0.126,-0.1356,-0.1681,-0.2133,-0.2613,-0.3098,-0.3589,-0.4104,-0.4692,-0.5433,-0.6414,-0.7715,-0.9407,-1.1535,-1.4079,-1.6907,-1.9721,-2.208,-2.3539,-2.3856,-2.3102,-2.1582,-1.9667,-1.7662,-1.5766,-1.4086,-1.2664,-1.1505,-1.0593,-0.9896,-0.938,-0.9009,-0.8749,-0.8572,-0.8453
0.0158,-0.0017,-0.0176,-0.0298,-0.0363,-0.0349,-0.0238,-0.0015,0.0324,0.0749,0.114,0.1189,0.0531,-0.0533,-0.1145,-0.1257,-0.1313,-0.1482,-0.1706,-0.1953,-0.2266,-0.2693,-0.3253,-0.395,-0.4808,-0.5874,-0.7202,-0.8844,-1.0826,-1.3117,-1.559,-1.7996,-1.9993,-2.1245,-2.156,-2.0971,-1.9692,-1.8006,-1.6175,-1.4391,-1.2777,-1.14,-1.0284,-0.9423,-0.8792,-0.8354,-0.8068,-0.7896,-0.7804,-0.7766
-0.0027,-0.0168,-0.029,-0.0375,-0.0404,-0.0358,-0.022,0.0024,0.0379,0.0815,0.1215,0.1284,0.0669,-0.0353,-0.1007,-0.1195,-0.1233,-0.1245,-0.1214,-0.1188,-0.1298,-0.1652,-0.2266,-0.309,-0.4085,-0.5251,-0.6619,-0.8221,-1.0071,-1.2131,-1.4287,-1.6336,-1.8013,-1.9066,-1.9345,-1.886,-1.7756,-1.6248,-1.4558,-1.2869,-1.1318,-0.9991,-0.893,-0.8139,-0.7592,-0.7251,-0.7068,-0.6998,-0.7004,-0.7057
-0.0188,-0.03,-0.0391,-0.0446,-0.0447,-0.038,-0.0229,0.0017,0.0356,0.0754,0.1095,0.1127,0.0599,-0.0244,-0.0833,-0.1048,-0.105,-0.0893,-0.0585,-0.0254,-0.0144,-0.044,-0.1142,-0.2128,-0.3285,-0.4568,-0.5987,-0.7562,-0.9297,-1.1155,-1.3037,-1.478,-1.618,-1.7046,-1.7263,-1.6824,-1.5828,-1.444,-1.2846,-1.1225,-0.9724,-0.8446,-0.745,-0.6744,-0.6302,-0.6078,-0.6015,-0.6063,-0.6178,-0.633
-0.033,-0.0417,-0.0483,-0.0514,-0.0496,-0.0416,-0.0263,-0.0032,0.0269,0.06,0.0851,0.0835,0.0414,-0.0212,-0.0671,-0.0839,-0.0753,-0.0397,0.0218,0.0881,0.1211,0.0933,0.0089,-0.11,-0.2442,-0.3855,-0.5333,-0.689,-0.8528,-1.0213,-1.1863,-1.3347,-1.4508,-1.5202,-1.5336,-1.4895,-1.3946,-1.2618,-1.1074,-0.9486,-0.8015,-0.6782,-0.5856,-0.525,-0.4933,-0.4845,-0.4921,-0.51,-0.5335,-0.5593
-0.0456,-0.0523,-0.0568,-0.0581,-0.0549,-0.0464,-0.0319,-0.0112,0.0141,0.0397,0.0566,0.0521,0.0208,-0.0224,-0.0532,-0.0598,-0.0372,0.0218,0.1165,0.2174,0.2702,0.239,0.1351,-0.007,-0.1606,-0.315,-0.4687,-0.623,-0.7785,-0.9322,-1.0775,-1.2041,-1.2998,-1.3532,-1.3568,-1.3087,-1.2135,-1.0814,-0.9272,-0.7682,-0.6218,-0.502,-0.417,-0.3679,-0.3504,-0.357,-0.3799,-0.4122,-0.4485,-0.4855
-0.057,-0.062,-0.0649,-0.0648,-0.0609,-0.0525,-0.0391,-0.0213,-0.0008,0.0184,0.0293,0.0244,0.0026,-0.0247,-0.0411,-0.0346,0.0047,0.0879,0.2144,0.3466,0.4148,0.3763,0.2516,0.0874,-0.0838,-0.2494,-0.4078,-0.5606,-0.7085,-0.8494,-0.978,-1.0861,-1.164,-1.2027,-1.1957,-1.1409,-1.0413,-0.9054,-0.7472,-0.5845,-0.4366,-0.3196,-0.2424,-0.2059,-0.2041,-0.2277,-0.2671,-0.3145,-0.3642,-0.4126
-0.0675,-0.071,-0.0727,-0.0717,-0.0674,-0.0593,-0.0474,-0.0324,-0.0161,-0.0019,0.0054,0.0017,-0.0119,-0.0267,-0.0302,-0.0105,0.0447,0.1483,0.2985,0.4518,0.5287,0.4833,0.3433,0.1635,-0.0197,-0.1926,-0.3533,-0.5035,-0.6441,-0.7736,-0.8877,-0.9799,-1.0424,-1.0675,-1.0496,-0.9862,-0.8793,-0.7364,-0.5709,-0.4019,-0.2506,-0.1353,-0.0662,-0.0431,-0.058,-0.0994,-0.1559,-0.2188,-0.282,-0.3419
-0.0772,-0.0796,-0.0803,-0.0787,-0.0742,-0.0668,-0.0564,-0.0439,-0.0309,-0.02,-0.0145,-0.0162,-0.023,-0.0278,-0.0205,0.0104,0.0776,0.1935,0.3536,0.5122,0.59,0.5425,0.3985,0.2141,0.0272,-0.1475,-0.3072,-0.4532,-0.5863,-0.7052,-0.8066,-0.885,-0.9337,-0.9464,-0.9177,-0.8448,-0.7291,-0.5771,-0.4023,-0.2251,-0.0692,0.0448,0.106,0.1155,0.0836,0.0243,-0.0492,-0.1273,-0.2035,-0.2744
-0.0863,-0.0878,-0.0878,-0.0858,-0.0814,-0.0746,-0.0655,-0.0551,-0.0446,-0.0359,-0.031,-0.0303,-0.0315,-0.0285,-0.0127,0.0262,0.1,0.2181,0.3733,0.5219,0.5937,0.5494,0.4135,0.2365,0.0549,-0.1155,-0.2705,-0.4104,-0.5354,-0.6443,-0.7342,-0.8003,-0.837,-0.8384,-0.7994,-0.7171,-0.5919,-0.4301,-0.2455,-0.0597,0.1011,0.2141,0.2676,0.2639,0.2157,0.1396,0.05,-0.0422,-0.1305,-0.2115
