docs/data/wind_grid.json
[{"header":{"la1":42.85,"la2":41.18,"lo1":11.55,"lo2":14.05,"nx":36,"ny":24,"dx":0.07143,"dy":0.07261,"parameterCategory":2,"parameterNumber":2,"parameterNumberName":"eastward_wind","parameterUnit":"m.s-1"},"data":[-0.367,-0.3733,-0.3787,-0.3833,-0.3869,-0.3891,-0.3894,-0.3869,-0.3808,-0.3712,-0.3593,-0.3464,-0.334,-0.3229,-0.3131,-0.3043,-0.2958,-0.2868,-0.277,-0.2662,-0.2558,-0.248,-0.2451,-0.2474,-0.2533,-0.2603,-0.2665,-0.2709,-0.2734,-0.2742,-0.2736,-0.2721,-0.2699,-0.2673,-0.2645,-0.2616,-0.3786,-0.3867,-0.3938,-0.4,-0.4054,-0.4098,-0.4124,-0.4111,-0.404,-0.3908,-0.3736,-0.3555,-0.3388,-0.3247,-0.3131,-0.303,-0.2933,-0.2825,-0.2695,-0.2536,-0.2365,-0.223,-0.2193,-0.2263,-0.2393,-0.2527,-0.2633,-0.2702,-0.2739,-0.2751,-0.2744,-0.2725,-0.2699,-0.2669,-0.2637,-0.2604,-0.3925,-0.4032,-0.4124,-0.4204,-0.428,-0.4361,-0.4437,-0.4464,-0.4388,-0.4195,-0.3931,-0.3662,-0.3432,-0.3253,-0.3117,-0.3007,-0.29,-0.2773,-0.2605,-0.2366,-0.2057,-0.1787,-0.1736,-0.1924,-0.2202,-0.2445,-0.2612,-0.271,-0.2756,-0.2767,-0.2756,-0.2732,-0.27,-0.2664,-0.2627,-0.259,-0.4095,-0.4242,-0.4364,-0.4459,-0.4553,-0.4688,-0.487,-0.5012,-0.4956,-0.4643,-0.4199,-0.3781,-0.346,-0.3235,-0.3082,-0.2969,-0.2856,-0.2711,-0.2506,-0.2171,-0.1589,-0.0958,-0.0895,-0.1406,-0.1983,-0.2389,-0.2625,-0.2744,-0.279,-0.2794,-0.2773,-0.2739,-0.2698,-0.2656,-0.2613,-0.2572,-0.431,-0.4526,-0.4695,-0.4795,-0.4875,-0.5061,-0.5453,-0.5913,-0.5965,-0.5371,-0.4548,-0.3884,-0.3444,-0.3173,-0.3012,-0.2908,-0.2798,-0.2619,-0.2374,-0.2034,-0.106,0.052,0.0496,-0.0822,-0.1865,-0.2433,-0.2705,-0.2817,-0.2845,-0.2829,-0.2792,-0.2745,-0.2694,-0.2642,-0.2593,-0.2548,-0.4577,-0.4929,-0.5209,-0.5305,-0.5264,-0.5402,-0.6106,-0.7354,-0.7795,-0.6455,-0.4886,-0.3896,-0.3344,-0.3038,-0.2879,-0.281,-0.2732,-0.2461,-0.1996,-0.1939,-0.1243,0.1447,0.1235,-0.0872,-0.2117,-0.2663,-0.2873,-0.293,-0.2916,-0.2869,-0.281,-0.2746,-0.2682,-0.2622,-0.2567,-0.2516,-0.4876,-0.5497,-0.6088,-0.6246,-0.5835,-0.557,-0.6355,-0.8632,-0.9829,-0.7199,-0.4851,-0.3694,-0.312,-0.2793,-0.2624,-0.2621,-0.2686,-0.2417,-0.134,-0.1561,-0.3,-0.1856,-0.1428,-0.2303,-0.2873,-0.3082,-0.3112,-0.3065,-0.299,-0.2904,-0.2818,-0.2736,-0.2661,-0.2592,-0.253,-0.2476,-0.5102,-0.6146,-0.7539,-0.818,-0.6849,-0.5485,-0.5564,-0.7089,-0.7849,-0.581,-0.4069,-0.3245,-0.279,-0.2406,-0.2103,-0.2143,-0.2575,-0.29,-0.2703,-0.3894,-0.7355,-0.7418,-0.5376,-0.4273,-0.3808,-0.3543,-0.3348,-0.3186,-0.3045,-0.2921,-0.281,-0.2712,-0.2624,-0.2548,-0.2481,-0.2424,-0.5024,-0.6342,-0.8835,-1.0927,-0.7738,-0.4962,-0.4167,-0.4191,-0.3995,-0.3319,-0.2895,-0.2722,-0.2475,-0.1895,-0.0971,-0.0792,-0.2037,-0.342,-0.4738,-0.7764,-1.3768,-1.2628,-0.7983,-0.5569,-0.4442,-0.3852,-0.3494,-0.3247,-0.306,-0.2908,-0.2778,-0.2667,-0.257,-0.2488,-0.2418,-0.2359,-0.4478,-0.5318,-0.6812,-0.7769,-0.505,-0.3506,-0.2782,-0.2173,-0.1339,-0.104,-0.1794,-0.2376,-0.2418,-0.1589,0.1198,0.2719,-0.1098,-0.3805,-0.5599,-0.8052,-1.173,-1.1173,-0.7879,-0.5726,-0.4555,-0.3896,-0.3496,-0.3226,-0.3023,-0.2857,-0.2717,-0.2597,-0.2494,-0.2408,-0.2337,-0.228,-0.3685,-0.3683,-0.2923,-0.0324,-0.0481,-0.1856,-0.1676,-0.1006,0.0549,0.1379,-0.1059,-0.2393,-0.2841,-0.2424,0.0462,0.267,-0.1978,-0.5152,-0.6669,-0.7318,-0.7969,-0.7686,-0.638,-0.5112,-0.4237,-0.3696,-0.3361,-0.3125,-0.2934,-0.2769,-0.2625,-0.2499,-0.2394,-0.2306,-0.2237,-0.2183,-0.3037,-0.2676,-0.1664,-0.0017,-0.0196,-0.1193,-0.0949,-0.0462,0.0006,0.0279,-0.1478,-0.2806,-0.359,-0.4325,-0.3065,-0.2683,-0.4879,-0.9015,-1.019,-0.815,-0.6773,-0.5935,-0.5108,-0.432,-0.3716,-0.3353,-0.3145,-0.2977,-0.2811,-0.265,-0.2502,-0.2373,-0.2265,-0.2179,-0.2114,-0.2066,-0.2653,-0.2322,-0.1765,-0.1199,-0.1112,-0.1103,-0.06,-0.0018,-0.0332,-0.1078,-0.2215,-0.3434,-0.4041,-0.4174,-0.3072,-0.3857,-0.6366,-1.6417,-1.6867,-0.9328,-0.6249,-0.4912,-0.4162,-0.3615,-0.3208,-0.3021,-0.2948,-0.283,-0.2671,-0.2504,-0.235,-0.2215,-0.2106,-0.2023,-0.1965,-0.1929,-0.2448,-0.2212,-0.191,-0.1627,-0.1426,-0.1175,-0.0751,-0.0341,-0.0579,-0.139,-0.237,-0.3982,-0.4629,-0.554,-0.3751,-0.3378,-0.4742,-1.0577,-1.2062,-0.7589,-0.4882,-0.3673,-0.3245,-0.306,-0.2934,-0.2905,-0.2852,-0.2701,-0.2515,-0.2331,-0.2162,-0.2019,-0.1908,-0.1832,-0.1788,-0.1769,-0.2331,-0.2159,-0.196,-0.1758,-0.156,-0.1337,-0.1091,-0.0942,-0.1047,-0.1249,-0.1502,-0.2388,-0.3488,-0.4028,-0.3571,-0.3225,-0.4585,-0.5416,-0.5959,-0.433,-0.2222,-0.1648,-0.2123,-0.2537,-0.2758,-0.2831,-0.2728,-0.2538,-0.2327,-0.2119,-0.1931,-0.1776,-0.1664,-0.1599,-0.1576,-0.1584,-0.2256,-0.2123,-0.1973,-0.1814,-0.1652,-0.1487,-0.1335,-0.1223,-0.1093,-0.0594,0.0855,-0.08,-0.1697,-0.2718,-0.298,-0.3526,-0.4245,-0.4138,-0.3753,-0.175,0.2015,0.1334,-0.0927,-0.1977,-0.2406,-0.2545,-0.2498,-0.2331,-0.2104,-0.1867,-0.165,-0.1474,-0.136,-0.1315,-0.1329,-0.1377,-0.2205,-0.2096,-0.1975,-0.1848,-0.1718,-0.1588,-0.146,-0.1318,-0.1071,-0.0466,0.0639,-0.0303,-0.0429,-0.0271,-0.1659,-0.235,-0.2979,-0.3388,-0.3283,-0.1411,0.265,0.1794,-0.0594,-0.1678,-0.2176,-0.2419,-0.2428,-0.2206,-0.1885,-0.1578,-0.1314,-0.1104,-0.0984,-0.0976,-0.105,-0.1156,-0.2168,-0.2076,-0.1976,-0.1871,-0.1762,-0.165,-0.1531,-0.1387,-0.1173,-0.0857,-0.0589,-0.0591,-0.006,0.0197,0.018,0.0106,-0.1624,-0.3507,-0.4647,-0.2947,-0.1017,-0.0557,-0.1127,-0.1689,-0.225,-0.2857,-0.2945,-0.2322,-0.1674,-0.1245,-0.0934,-0.0675,-0.0542,-0.06,-0.0764,-0.0943,-0.2141,-0.2062,-0.1977,-0.1886,-0.1792,-0.1693,-0.1585,-0.1458,-0.1299,-0.1116,-0.0946,-0.0756,-0.0364,0.054,0.3902,0.5392,0.0121,-0.3049,-0.4236,-0.3685,-0.2543,-0.1683,-0.1443,-0.1645,-0.2457,-0.4227,-0.4613,-0.255,-0.1289,-0.0822,-0.0564,-0.0284,-0.0135,-0.0273,-0.0531,-0.0772,-0.2121,-0.2051,-0.1977,-0.1898,-0.1815,-0.1726,-0.163,-0.1521,-0.1395,-0.1252,-0.1085,-0.0844,-0.0377,0.076,0.3389,0.4108,0.0368,-0.2375,-0.42,-0.4759,-0.2982,-0.1714,-0.1142,-0.115,-0.1882,-0.4137,-0.4679,-0.1247,-0.0273,-0.0252,-0.0278,-0.0129,-0.0005,-0.0156,-0.0426,-0.0677,-0.2105,-0.2044,-0.1977,-0.1907,-0.1833,-0.1754,-0.1668,-0.1573,-0.1464,-0.1338,-0.1178,-0.0944,-0.0552,0.0123,0.0948,0.0877,-0.0509,-0.2054,-0.3292,-0.3498,-0.2162,-0.071,-0.0025,-0.0078,-0.012,0.078,0.3839,0.3155,0.1263,0.0355,-0.004,-0.0146,-0.0141,-0.0246,-0.0445,-0.0656,-0.2094,-0.2038,-0.1979,-0.1916,-0.1849,-0.1778,-0.1701,-0.1616,-0.1521,-0.1409,-0.1269,-0.1081,-0.0824,-0.0508,-0.0282,-0.0432,-0.1012,-0.1696,-0.2118,-0.1853,-0.0527,0.1495,0.2173,0.1271,0.1257,0.3501,0.7417,0.507,0.1632,0.0562,0.0133,-0.0112,-0.0239,-0.0355,-0.0506,-0.0674,-0.2084,-0.2034,-0.198,-0.1923,-0.1863,-0.1799,-0.173,-0.1655,-0.1571,-0.1474,-0.136,-0.1224,-0.1068,-0.0921,-0.0856,-0.0951,-0.119,-0.1421,-0.1412,-0.0859,0.0641,0.3068,0.3727,0.2075,0.1565,0.2632,0.378,0.2279,0.0331,0.0252,0.0153,-0.0073,-0.0261,-0.0411,-0.0556,-0.0702,-0.2077,-0.2031,-0.1982,-0.193,-0.1875,-0.1818,-0.1756,-0.1689,-0.1616,-0.1535,-0.1445,-0.1347,-0.1249,-0.117,-0.1138,-0.1171,-0.1238,-0.1249,-0.1061,-0.0491,0.0637,0.2076,0.2494,0.1711,0.1296,0.154,0.1665,0.0906,0.0118,0.0143,0.0105,-0.0085,-0.028,-0.0447,-0.0595,-0.0732]},{"header":{"la1":42.85,"la2":41.18,"lo1":11.55,"lo2":14.05,"nx":36,"ny":24,"dx":0.07143,"dy":0.07261,"parameterCategory":2,"parameterNumber":3,"parameterNumberName":"northward_wind","parameterUnit":"m.s-1"},"data":[-0.4567,-0.4605,-0.4629,-0.4638,-0.4631,-0.4605,-0.4557,-0.4482,-0.4375,-0.4233,-0.4056,-0.385,-0.3621,-0.3375,-0.3121,-0.2869,-0.2636,-0.2442,-0.2307,-0.224,-0.2229,-0.2245,-0.2257,-0.2249,-0.2222,-0.2186,-0.2151,-0.2122,-0.21,-0.2085,-0.2077,-0.2073,-0.2073,-0.2077,-0.2082,-0.2089,-0.4709,-0.4763,-0.4802,-0.4822,-0.4824,-0.4808,-0.4771,-0.4702,-0.4591,-0.4432,-0.4226,-0.3983,-0.3711,-0.3417,-0.3107,-0.2793,-0.2497,-0.2254,-0.2105,-0.2071,-0.2134,-0.2229,-0.2284,-0.2276,-0.2226,-0.2165,-0.2112,-0.2073,-0.2047,-0.2032,-0.2025,-0.2024,-0.2028,-0.2035,-0.2044,-0.2054,-0.487,-0.4946,-0.5002,-0.5034,-0.5046,-0.5043,-0.5025,-0.4974,-0.4866,-0.4686,-0.444,-0.4148,-0.3824,-0.3473,-0.3096,-0.2697,-0.2303,-0.1973,-0.1794,-0.1834,-0.2065,-0.2328,-0.2446,-0.2395,-0.2271,-0.2155,-0.2071,-0.2018,-0.1988,-0.1973,-0.1969,-0.1972,-0.198,-0.1992,-0.2005,-0.2019,-0.5054,-0.5163,-0.5243,-0.5285,-0.53,-0.531,-0.5325,-0.5318,-0.5227,-0.5015,-0.4706,-0.4348,-0.3965,-0.3554,-0.31,-0.259,-0.2039,-0.1535,-0.1267,-0.1444,-0.2063,-0.2727,-0.2906,-0.2658,-0.2353,-0.2141,-0.2017,-0.195,-0.1919,-0.1908,-0.1909,-0.1918,-0.1932,-0.1948,-0.1967,-0.1985,-0.5268,-0.5431,-0.555,-0.5599,-0.5595,-0.56,-0.5667,-0.5761,-0.5723,-0.5446,-0.5026,-0.4579,-0.4136,-0.3674,-0.3149,-0.2507,-0.1714,-0.0846,-0.0275,-0.0626,-0.209,-0.3737,-0.3834,-0.301,-0.2398,-0.208,-0.193,-0.1863,-0.1838,-0.1835,-0.1844,-0.1861,-0.1882,-0.1905,-0.1929,-0.1954,-0.5513,-0.5777,-0.598,-0.6037,-0.5956,-0.5891,-0.6007,-0.6305,-0.64,-0.5967,-0.5363,-0.4818,-0.4332,-0.3849,-0.329,-0.2537,-0.1442,0.0093,0.1586,0.1221,-0.1449,-0.4461,-0.4363,-0.2983,-0.2232,-0.1918,-0.1794,-0.1751,-0.1744,-0.1755,-0.1776,-0.1803,-0.1833,-0.1864,-0.1895,-0.1925,-0.5773,-0.6223,-0.6644,-0.676,-0.6465,-0.6155,-0.6219,-0.6709,-0.697,-0.6349,-0.5627,-0.5042,-0.455,-0.4099,-0.3584,-0.2818,-0.1535,0.0619,0.345,0.3226,0.0298,-0.2,-0.2575,-0.2093,-0.1771,-0.1647,-0.1615,-0.162,-0.1641,-0.1671,-0.1706,-0.1745,-0.1785,-0.1826,-0.1865,-0.1902,-0.5971,-0.6705,-0.7655,-0.8097,-0.7251,-0.636,-0.6206,-0.6531,-0.6701,-0.6375,-0.5842,-0.5269,-0.4789,-0.4435,-0.4095,-0.3477,-0.2258,-0.0311,0.1826,0.2114,0.1833,0.1113,-0.0246,-0.0945,-0.122,-0.135,-0.1428,-0.1486,-0.1537,-0.1586,-0.1637,-0.169,-0.1743,-0.1794,-0.1843,-0.1887,-0.5951,-0.6863,-0.8526,-0.9895,-0.7879,-0.6271,-0.6049,-0.6436,-0.6884,-0.6933,-0.6337,-0.5558,-0.5025,-0.4839,-0.4933,-0.467,-0.3423,-0.1737,-0.0104,0.1559,0.4261,0.3624,0.1084,-0.0256,-0.085,-0.1127,-0.1272,-0.1365,-0.1437,-0.1505,-0.1572,-0.164,-0.1708,-0.1773,-0.1832,-0.1884,-0.5609,-0.6203,-0.7205,-0.7841,-0.615,-0.5465,-0.5699,-0.6746,-0.8645,-0.9274,-0.7434,-0.5863,-0.5167,-0.5164,-0.6196,-0.6812,-0.4559,-0.2698,-0.1202,0.0641,0.2956,0.2689,0.09,-0.0205,-0.0748,-0.1017,-0.1163,-0.1262,-0.1345,-0.1427,-0.1512,-0.16,-0.1686,-0.1767,-0.1838,-0.1898,-0.5095,-0.5132,-0.4644,-0.2896,-0.3054,-0.4333,-0.4946,-0.6462,-1.1687,-1.4406,-0.8534,-0.5888,-0.5132,-0.513,-0.6051,-0.687,-0.4488,-0.301,-0.202,-0.0894,0.0201,0.044,-0.0034,-0.0517,-0.0817,-0.0983,-0.1085,-0.1169,-0.1257,-0.1354,-0.1461,-0.1573,-0.1684,-0.1785,-0.1871,-0.1938,-0.4667,-0.4469,-0.3817,-0.2703,-0.2868,-0.3719,-0.3625,-0.361,-0.754,-1.0628,-0.7194,-0.5396,-0.5016,-0.5209,-0.5051,-0.4253,-0.3363,-0.2985,-0.2661,-0.187,-0.1129,-0.0749,-0.0709,-0.0805,-0.09,-0.096,-0.101,-0.1075,-0.1165,-0.1282,-0.1421,-0.1571,-0.1715,-0.1842,-0.1943,-0.2015,-0.4406,-0.4232,-0.3895,-0.354,-0.3508,-0.3436,-0.2601,-0.1172,-0.2681,-0.5254,-0.528,-0.4739,-0.4786,-0.5583,-0.5096,-0.2578,-0.2111,-0.3456,-0.3493,-0.225,-0.1532,-0.1139,-0.0965,-0.0915,-0.0917,-0.0927,-0.0935,-0.0973,-0.1065,-0.1213,-0.1402,-0.1608,-0.1803,-0.1964,-0.2078,-0.2147,-0.4256,-0.4147,-0.3985,-0.3825,-0.3688,-0.3408,-0.2762,-0.1962,-0.262,-0.4154,-0.4569,-0.4329,-0.4352,-0.5688,-0.2825,0.1057,0.0016,-0.2167,-0.2648,-0.1929,-0.137,-0.1056,-0.0922,-0.0874,-0.0899,-0.094,-0.088,-0.0853,-0.0943,-0.1143,-0.1418,-0.1718,-0.199,-0.2192,-0.2312,-0.2359,-0.4159,-0.4092,-0.4002,-0.3899,-0.3774,-0.3582,-0.3319,-0.3193,-0.3593,-0.4221,-0.4518,-0.4546,-0.4642,-0.4914,-0.1989,0.1904,0.0156,-0.093,-0.1492,-0.1235,-0.0734,-0.0579,-0.0666,-0.0715,-0.0778,-0.0837,-0.0718,-0.0641,-0.0762,-0.1071,-0.1502,-0.1965,-0.2355,-0.2601,-0.2697,-0.2681,-0.4085,-0.4044,-0.399,-0.3925,-0.385,-0.3768,-0.3714,-0.3784,-0.4052,-0.4433,-0.4778,-0.4841,-0.4735,-0.4323,-0.2774,-0.0962,-0.0497,-0.0924,-0.0983,-0.053,0.0445,0.025,-0.0313,-0.0437,-0.0385,-0.0301,-0.0177,-0.018,-0.0455,-0.0995,-0.1719,-0.2473,-0.3049,-0.3318,-0.3309,-0.3146,-0.4023,-0.3999,-0.3968,-0.3934,-0.3902,-0.3884,-0.3907,-0.4008,-0.4205,-0.448,-0.4752,-0.4831,-0.5479,-0.5675,-0.3863,-0.2572,-0.1669,-0.0868,-0.0206,-0.0119,0.0645,0.039,-0.0157,-0.0104,0.028,0.0718,0.0914,0.0678,0.0046,-0.0921,-0.2174,-0.3471,-0.4344,-0.4529,-0.4227,-0.3764,-0.3967,-0.3955,-0.394,-0.3927,-0.3921,-0.3933,-0.3977,-0.4068,-0.4211,-0.4392,-0.4577,-0.4838,-0.5661,-0.5841,-0.4987,-0.4357,-0.2542,0.0166,0.2344,0.0253,-0.0269,-0.0275,-0.0217,0.0276,0.1282,0.248,0.2834,0.2026,0.0761,-0.0842,-0.2963,-0.5277,-0.6609,-0.6394,-0.5427,-0.446,-0.3915,-0.391,-0.3905,-0.3904,-0.3911,-0.3933,-0.3978,-0.4052,-0.4155,-0.4282,-0.4433,-0.4648,-0.4972,-0.5366,-0.7072,-0.7881,-0.3845,-0.0569,0.0888,-0.0893,-0.1043,-0.0778,-0.0324,0.062,0.2418,0.4986,0.5562,0.3519,0.154,-0.0656,-0.3852,-0.7765,-0.9688,-0.8533,-0.6556,-0.5013,-0.3863,-0.3863,-0.3864,-0.3868,-0.388,-0.3903,-0.3941,-0.3997,-0.407,-0.4161,-0.4273,-0.4424,-0.4662,-0.5209,-0.6665,-0.6998,-0.4186,-0.2162,-0.231,-0.2811,-0.1777,-0.1207,-0.057,0.061,0.2674,0.5508,0.6125,0.3928,0.2152,-0.0072,-0.3775,-0.8738,-1.1044,-0.9302,-0.6852,-0.5102,-0.381,-0.3812,-0.3815,-0.3821,-0.3833,-0.3852,-0.388,-0.392,-0.397,-0.403,-0.4104,-0.4204,-0.4361,-0.4645,-0.5001,-0.4768,-0.3647,-0.2626,-0.2381,-0.2373,-0.1987,-0.1709,-0.1217,0.0027,0.1918,0.3602,0.4013,0.3682,0.2835,0.121,-0.1912,-0.6054,-0.8294,-0.7546,-0.5917,-0.4594,-0.3757,-0.3759,-0.3762,-0.3767,-0.3776,-0.3789,-0.3807,-0.3831,-0.386,-0.3894,-0.3933,-0.3981,-0.4043,-0.4108,-0.409,-0.3809,-0.3247,-0.2685,-0.2362,-0.2224,-0.2253,-0.2679,-0.2658,-0.107,0.1104,0.2979,0.3971,0.3913,0.419,0.3373,0.0824,-0.2306,-0.4384,-0.4804,-0.4334,-0.3705,-0.3703,-0.3704,-0.3706,-0.3708,-0.3712,-0.3718,-0.3726,-0.3736,-0.3747,-0.3758,-0.3766,-0.3769,-0.3761,-0.372,-0.3601,-0.3356,-0.3002,-0.2641,-0.238,-0.2283,-0.2534,-0.3454,-0.3777,-0.19,0.0413,0.2284,0.3472,0.4783,0.7091,0.6111,0.3125,0.0296,-0.1666,-0.2616,-0.2859,-0.2776,-0.3649,-0.3648,-0.3647,-0.3646,-0.3645,-0.3644,-0.3642,-0.364,-0.3636,-0.3627,-0.361,-0.3581,-0.3531,-0.3446,-0.3305,-0.3096,-0.2836,-0.2572,-0.2361,-0.2273,-0.2426,-0.2862,-0.2845,-0.1621,0.0089,0.1679,0.3149,0.5216,0.7476,0.6545,0.3879,0.1491,-0.0218,-0.1262,-0.1795,-0.2013]}]