docs/data/wind_grid.json
[{"header":{"la1":42.85,"la2":41.18,"lo1":11.55,"lo2":14.05,"nx":36,"ny":24,"dx":0.07143,"dy":0.07261,"parameterCategory":2,"parameterNumber":2,"parameterNumberName":"eastward_wind","parameterUnit":"m.s-1"},"data":[2.6914,2.7047,2.7226,2.7449,2.7703,2.7969,2.8215,2.8413,2.854,2.859,2.8572,2.8505,2.8404,2.828,2.8136,2.7971,2.778,2.756,2.7308,2.7035,2.6768,2.6553,2.6428,2.6404,2.6455,2.6544,2.6639,2.6725,2.6796,2.6853,2.6898,2.6934,2.6963,2.6989,2.7011,2.7032,2.67,2.6843,2.7055,2.7338,2.768,2.805,2.8402,2.8681,2.8845,2.8886,2.8828,2.8711,2.8565,2.8404,2.8228,2.8033,2.7807,2.7537,2.7211,2.6827,2.6425,2.6099,2.5946,2.5978,2.6127,2.6308,2.6472,2.6603,2.6702,2.6775,2.683,2.6872,2.6907,2.6936,2.6962,2.6986,2.6411,2.6553,2.6796,2.7153,2.7618,2.8154,2.8683,2.9101,2.9318,2.932,2.9174,2.8967,2.8751,2.8543,2.8334,2.811,2.7853,2.7537,2.7124,2.6574,2.5917,2.5358,2.5166,2.5356,2.5708,2.6044,2.6303,2.6486,2.6612,2.6699,2.6761,2.6809,2.6847,2.688,2.691,2.6938,2.6025,2.614,2.6396,2.6836,2.7473,2.8271,2.9115,2.98,3.0102,2.9985,2.9641,2.9271,2.8955,2.8691,2.8451,2.8206,2.7929,2.7587,2.711,2.6347,2.5191,2.4068,2.3855,2.448,2.5234,2.5797,2.6162,2.639,2.6533,2.6627,2.6692,2.6742,2.6784,2.682,2.6853,2.6885,2.5518,2.5555,2.578,2.6287,2.7144,2.8344,2.9761,3.102,3.1494,3.1029,3.0242,2.9599,2.9155,2.8838,2.8575,2.832,2.8039,2.7712,2.7275,2.6395,2.4406,2.1913,2.1859,2.3528,2.4875,2.5658,2.6088,2.6328,2.6468,2.6557,2.662,2.667,2.6714,2.6754,2.6792,2.6828,2.488,2.4753,2.4842,2.5346,2.6443,2.8187,3.0538,3.3052,3.3963,3.252,3.0866,2.987,2.9316,2.897,2.8704,2.8452,2.8177,2.7887,2.7644,2.7085,2.4662,2.0602,2.0826,2.3377,2.4951,2.5726,2.6105,2.63,2.641,2.6482,2.6538,2.6588,2.6635,2.668,2.6723,2.6766,2.4138,2.3729,2.3495,2.3815,2.5113,2.7429,3.072,3.4892,3.6598,3.3588,3.1118,2.9969,2.9413,2.9084,2.8834,2.86,2.8344,2.8058,2.787,2.7779,2.6585,2.4202,2.3649,2.4736,2.5566,2.5986,2.6181,2.6276,2.6335,2.6385,2.6436,2.6489,2.6542,2.6596,2.6648,2.6698,2.3387,2.2617,2.1845,2.1668,2.3117,2.5906,2.9297,3.2902,3.4335,3.2375,3.0709,2.9892,2.947,2.9189,2.8951,2.8744,2.8545,2.8321,2.8134,2.8296,2.8915,2.8342,2.7004,2.6439,2.6306,2.6254,2.6213,2.6194,2.6206,2.6244,2.63,2.6366,2.6434,2.65,2.6564,2.6624,2.2769,2.1731,2.0625,2.0025,2.1345,2.4241,2.73,2.9687,3.081,3.0727,3.0242,2.9833,2.9569,2.9317,2.9001,2.8785,2.8707,2.8635,2.8708,2.9489,3.1585,3.1024,2.8736,2.74,2.6701,2.6297,2.6069,2.5974,2.5976,2.6035,2.6121,2.6215,2.6307,2.6393,2.6473,2.6546,2.2367,2.1146,1.9995,1.9494,1.9844,2.2781,2.5998,2.8386,3.0242,3.0926,3.0355,2.9946,2.982,2.9581,2.8847,2.8439,2.8757,2.884,2.8965,2.9557,3.0792,3.0443,2.8787,2.7462,2.6533,2.5919,2.5601,2.5527,2.5601,2.574,2.5893,2.6037,2.6165,2.6277,2.6376,2.6463,2.222,2.0676,1.8248,1.414,1.5176,2.1385,2.5293,2.7766,3.1573,3.3297,3.0757,3.0143,3.0335,3.0418,2.9349,2.8526,2.8914,2.9021,2.9075,2.9152,2.9281,2.8956,2.8013,2.6829,2.5693,2.4901,2.4632,2.4763,2.5057,2.5362,2.5626,2.5841,2.6014,2.6157,2.6276,2.6379,2.2454,2.0893,1.8295,1.4638,1.5872,2.1852,2.4891,2.5766,2.8797,3.1207,3.0202,3.0291,3.1052,3.2324,3.1548,2.9646,2.9105,2.9403,2.9493,2.9109,2.8727,2.8176,2.72,2.5706,2.3951,2.2828,2.2911,2.3634,2.4373,2.4941,2.5351,2.5647,2.5867,2.6038,2.6178,2.6295,2.3085,2.1984,2.059,1.9581,2.0793,2.3515,2.4722,2.3972,2.5429,2.8184,2.9552,3.0745,3.124,3.3358,3.2538,2.9019,2.8603,3.0364,3.0474,2.9248,2.8583,2.7843,2.6573,2.4283,2.0982,1.909,2.0339,2.2311,2.3704,2.4569,2.5116,2.5479,2.5736,2.5929,2.6083,2.6213,2.3901,2.3308,2.28,2.276,2.3544,2.4664,2.5123,2.483,2.5646,2.7752,2.9312,3.1723,3.209,2.6899,2.8445,2.621,2.6965,2.9015,2.9621,2.9046,2.8541,2.7813,2.6371,2.3372,1.817,1.5213,1.8266,2.1498,2.3339,2.4359,2.4967,2.5358,2.5629,2.583,2.5993,2.6133,2.469,2.4426,2.4307,2.4471,2.4949,2.5515,2.5886,2.6168,2.6925,2.8025,2.8747,2.9146,2.8551,2.7016,2.723,2.5559,2.6258,2.7732,2.8721,2.8887,2.8666,2.8125,2.6803,2.4088,1.9794,1.7329,1.9406,2.1913,2.3445,2.4348,2.4913,2.5285,2.5544,2.574,2.5905,2.6054,2.5355,2.5268,2.5297,2.5486,2.5819,2.6209,2.6589,2.7021,2.7616,2.8262,2.8725,2.7543,2.7689,2.7676,2.7587,2.7108,2.6922,2.8115,2.9057,2.9182,2.8887,2.863,2.7536,2.5546,2.315,2.1705,2.1973,2.291,2.3773,2.4437,2.4915,2.5242,2.5467,2.5645,2.581,2.5971,2.5888,2.589,2.5975,2.6156,2.642,2.6736,2.7081,2.7467,2.7892,2.8296,2.8603,2.8039,2.7216,2.6983,2.8013,2.8338,2.8703,2.9752,3.0602,3.0048,2.9035,2.8869,2.8031,2.645,2.47,2.3431,2.3017,2.3307,2.3896,2.4479,2.4922,2.52,2.5372,2.5525,2.5698,2.5883,2.6308,2.6354,2.646,2.6628,2.6851,2.7114,2.7404,2.7708,2.7999,2.8219,2.8274,2.8021,2.7252,2.7242,2.9043,2.9912,3.0262,3.1894,3.3477,3.1859,3.0395,2.9477,2.8398,2.6722,2.4592,2.2597,2.1922,2.2653,2.3654,2.4435,2.4925,2.5142,2.5226,2.5358,2.5569,2.5798,2.6641,2.6709,2.6819,2.6973,2.7166,2.7387,2.7624,2.7862,2.8077,2.8234,2.8303,2.8284,2.8309,2.9042,3.1399,3.234,3.1309,3.2451,3.3691,3.3925,3.2223,3.0517,2.8942,2.6811,2.3655,1.977,1.8893,2.1408,2.3317,2.4416,2.4964,2.5064,2.5015,2.5165,2.5455,2.5743,2.6907,2.6984,2.7093,2.7234,2.7401,2.7589,2.7787,2.7984,2.8165,2.8318,2.8448,2.8602,2.893,2.9769,3.1363,3.1969,3.1583,3.276,3.599,3.7455,3.3792,3.1621,2.9913,2.7452,2.3755,1.9215,1.825,2.1384,2.3408,2.4589,2.5097,2.5053,2.4911,2.5103,2.5447,2.5761,2.7121,2.7201,2.7306,2.7435,2.7583,2.7746,2.7918,2.809,2.8258,2.8421,2.8594,2.8821,2.9183,2.9774,3.051,3.0995,3.1423,3.2562,3.4552,3.5228,3.3822,3.3074,3.2051,2.9293,2.5491,2.238,2.1496,2.2315,2.4022,2.5136,2.5468,2.534,2.52,2.5337,2.5611,2.5879,2.7295,2.7375,2.7475,2.7593,2.7726,2.7872,2.8025,2.8183,2.8344,2.8512,2.8702,2.894,2.926,2.9677,3.0146,3.0601,3.1138,3.194,3.2888,3.3507,3.4267,3.6382,3.6756,3.2488,2.7493,2.3684,2.1353,2.2739,2.5506,2.6364,2.622,2.5923,2.574,2.5756,2.5897,2.6072,2.7437,2.7517,2.7611,2.772,2.7841,2.7974,2.8114,2.8261,2.8416,2.8583,2.8772,2.8997,2.9271,2.9598,2.9966,3.0369,3.0846,3.144,3.2145,3.3077,3.5071,3.918,4.0462,3.4881,2.9272,2.5664,2.4167,2.573,2.8357,2.804,2.7096,2.6533,2.6257,2.6172,2.6206,2.6296,2.7555,2.7632,2.7721,2.7823,2.7935,2.8056,2.8186,2.8324,2.8471,2.8631,2.8811,2.9017,2.9255,2.9529,2.9836,3.0183,3.0587,3.1075,3.1703,3.2657,3.4379,3.6831,3.7236,3.3905,3.002,2.7416,2.6476,2.7365,2.876,2.8394,2.7503,2.6935,2.6638,2.6508,2.6481,2.6512]},{"header":{"la1":42.85,"la2":41.18,"lo1":11.55,"lo2":14.05,"nx":36,"ny":24,"dx":0.07143,"dy":0.07261,"parameterCategory":2,"parameterNumber":3,"parameterNumberName":"northward_wind","parameterUnit":"m.s-1"},"data":[0.7044,0.7154,0.7253,0.7342,0.7419,0.7483,0.753,0.7551,0.7542,0.7506,0.7455,0.7405,0.7368,0.7345,0.7327,0.7291,0.7203,0.7016,0.6691,0.6226,0.5675,0.5148,0.4745,0.4505,0.4397,0.4363,0.4356,0.4351,0.4336,0.4309,0.4274,0.4232,0.4186,0.4139,0.4092,0.4046,0.7225,0.7358,0.7476,0.7582,0.7679,0.7767,0.7839,0.7877,0.7865,0.7803,0.7717,0.7642,0.7601,0.7599,0.7628,0.7656,0.763,0.7464,0.7061,0.6379,0.5511,0.4695,0.4161,0.3958,0.397,0.4059,0.4145,0.4201,0.4222,0.4218,0.4194,0.4159,0.4118,0.4073,0.4028,0.3983,0.7435,0.7597,0.774,0.7864,0.7983,0.8108,0.8231,0.8312,0.8299,0.8185,0.8026,0.7896,0.7841,0.7869,0.7971,0.8114,0.8231,0.8174,0.7716,0.6668,0.5158,0.375,0.3043,0.3049,0.3365,0.3687,0.3915,0.4048,0.4111,0.4127,0.4114,0.4084,0.4046,0.4003,0.3959,0.3915,0.7683,0.7891,0.8063,0.8202,0.8335,0.8512,0.8741,0.8938,0.8944,0.8714,0.8396,0.8158,0.8073,0.814,0.8343,0.8669,0.9072,0.9356,0.9014,0.7395,0.4495,0.1734,0.0905,0.1647,0.2621,0.3307,0.3707,0.3917,0.4012,0.4042,0.4036,0.4008,0.3971,0.3929,0.3885,0.3843,0.7985,0.8268,0.849,0.8629,0.874,0.896,0.9397,0.9911,1.0017,0.9501,0.8826,0.8396,0.8272,0.8392,0.8717,0.9279,1.0167,1.1307,1.178,0.9542,0.3761,-0.2185,-0.2612,0.002,0.1999,0.3058,0.3583,0.3832,0.3938,0.3969,0.396,0.3931,0.3892,0.385,0.3807,0.3766,0.8348,0.8777,0.9111,0.9239,0.9218,0.9374,1.0114,1.1416,1.1894,1.0613,0.922,0.8539,0.841,0.8617,0.9062,0.9826,1.1279,1.4042,1.7362,1.528,0.5329,-0.4749,-0.4501,-0.0359,0.2004,0.3095,0.3591,0.3807,0.3889,0.3904,0.3886,0.3851,0.381,0.3766,0.3723,0.3683,0.8755,0.9463,1.0104,1.0285,0.9884,0.9614,1.0407,1.2732,1.3951,1.1359,0.9227,0.8477,0.848,0.8855,0.9418,1.0201,1.1769,1.5715,2.317,2.1966,0.9692,0.1626,-0.0006,0.1538,0.2775,0.3415,0.3707,0.3824,0.3854,0.3841,0.3808,0.3765,0.372,0.3675,0.3633,0.3594,0.9097,1.0235,1.1637,1.2264,1.099,0.9625,0.9652,1.1172,1.1952,0.9972,0.8482,0.8167,0.8518,0.9222,1.0022,1.064,1.1416,1.3688,1.7631,1.5763,0.8688,0.5551,0.403,0.3613,0.3686,0.3793,0.384,0.3839,0.381,0.3768,0.372,0.3671,0.3622,0.3577,0.3535,0.3498,0.9148,1.0579,1.297,1.4852,1.199,0.9281,0.8323,0.8242,0.8026,0.7425,0.7279,0.7716,0.8572,0.9854,1.1455,1.2102,1.1352,1.1056,1.1091,0.8995,0.5526,0.5421,0.5134,0.4549,0.4198,0.4009,0.3892,0.3806,0.3736,0.3674,0.3617,0.3564,0.3515,0.347,0.343,0.3396,0.8742,0.983,1.1419,1.2365,1.0071,0.8207,0.7039,0.6194,0.5257,0.4983,0.6013,0.727,0.8607,1.0506,1.4308,1.6273,1.2187,0.982,0.865,0.73,0.5802,0.5493,0.5201,0.4687,0.4267,0.3988,0.3813,0.37,0.3619,0.3555,0.3498,0.3445,0.3397,0.3355,0.3317,0.3286,0.8051,0.8525,0.858,0.7508,0.7386,0.7017,0.6007,0.5038,0.3275,0.2391,0.5039,0.7,0.8622,1.0342,1.3807,1.6323,1.1469,0.8736,0.7424,0.6602,0.59,0.5376,0.4885,0.4401,0.4014,0.3758,0.3611,0.3526,0.3466,0.3414,0.3364,0.3316,0.3271,0.3231,0.3197,0.3169,0.736,0.7543,0.7451,0.7094,0.6924,0.6208,0.529,0.4773,0.3925,0.3436,0.5174,0.6944,0.8817,1.0746,1.0863,1.0739,0.9201,0.7062,0.6058,0.5741,0.5253,0.4734,0.4266,0.3868,0.3567,0.3395,0.3334,0.3317,0.3297,0.3266,0.3225,0.318,0.3137,0.3099,0.3069,0.3046,0.6762,0.6841,0.6807,0.6646,0.6258,0.5534,0.4875,0.5012,0.4351,0.447,0.5336,0.6758,0.8282,1.1111,1.0636,0.9961,0.8593,0.4968,0.4515,0.4907,0.4336,0.378,0.3439,0.3243,0.3105,0.3041,0.3077,0.3127,0.3143,0.3125,0.3088,0.3042,0.2998,0.2961,0.2933,0.2916,0.6241,0.6247,0.6166,0.596,0.5579,0.5067,0.4606,0.4224,0.4121,0.4058,0.4551,0.6526,0.7426,0.8551,0.9412,1.264,1.0368,0.6338,0.4899,0.4066,0.2939,0.235,0.2377,0.2644,0.2867,0.2915,0.2945,0.3005,0.3029,0.3008,0.2961,0.2905,0.2854,0.2815,0.2791,0.278,0.5785,0.5734,0.5609,0.5388,0.5066,0.4686,0.432,0.3977,0.3478,0.2593,0.1934,0.2769,0.3928,0.1497,0.8162,1.3192,0.8249,0.6758,0.4472,0.226,0.0176,-0.013,0.0906,0.1943,0.2629,0.2857,0.2902,0.2964,0.2975,0.2926,0.2847,0.2767,0.2703,0.2662,0.2642,0.2638,0.539,0.53,0.515,0.4929,0.4639,0.4293,0.3892,0.3355,0.2407,0.0445,-0.3093,-0.2194,0.0082,0.2693,0.5321,0.7329,0.6836,0.4989,0.2455,-0.0589,-0.4859,-0.3911,-0.0758,0.1141,0.2205,0.2727,0.2973,0.3066,0.3017,0.2887,0.2743,0.2623,0.2542,0.25,0.2487,0.2494,0.5049,0.4934,0.477,0.4548,0.4265,0.3915,0.3466,0.2823,0.1772,-0.0099,-0.2724,-0.1765,-0.1555,-0.1539,0.1825,0.3206,0.3144,0.131,-0.0785,-0.2293,-0.5788,-0.4657,-0.137,0.0739,0.2149,0.3089,0.3529,0.3493,0.321,0.2891,0.2633,0.2462,0.2371,0.2337,0.2335,0.2353,0.4755,0.4624,0.4451,0.4227,0.3946,0.3595,0.3144,0.2536,0.1692,0.0605,-0.0338,-0.0696,-0.1931,-0.2381,-0.1942,-0.216,-0.1057,-0.2799,-0.5282,-0.3451,-0.3204,-0.2596,-0.0975,0.0858,0.2781,0.4545,0.5136,0.4439,0.3544,0.2889,0.2487,0.2287,0.2216,0.2199,0.2202,0.2223,0.4501,0.4361,0.4182,0.3959,0.3685,0.3348,0.293,0.2408,0.1776,0.108,0.0436,-0.0178,-0.1064,-0.2682,-0.8301,-1.0869,-0.4421,-0.384,-0.5119,-0.4879,-0.3556,-0.2299,-0.0926,0.0981,0.3778,0.7315,0.8107,0.5632,0.3776,0.276,0.2278,0.2151,0.2154,0.213,0.2104,0.2108,0.4281,0.4136,0.3956,0.3738,0.3475,0.3161,0.2785,0.2344,0.184,0.1296,0.0724,0.0051,-0.0976,-0.3104,-0.7621,-0.909,-0.4949,-0.4102,-0.6429,-0.7606,-0.4653,-0.304,-0.1725,0.0369,0.3623,0.7789,0.8679,0.5454,0.3421,0.232,0.1957,0.2066,0.2176,0.2095,0.2012,0.1995,0.4091,0.3944,0.3767,0.3556,0.3308,0.3017,0.2681,0.2298,0.1869,0.1397,0.0865,0.0207,-0.0729,-0.2171,-0.3928,-0.4488,-0.3722,-0.3793,-0.5198,-0.5781,-0.485,-0.4686,-0.4057,-0.1579,0.1814,0.4433,0.4873,0.4038,0.232,0.1279,0.1251,0.1672,0.1927,0.1908,0.1854,0.1855,0.3927,0.378,0.3607,0.3406,0.3172,0.2905,0.2601,0.226,0.1881,0.1458,0.0975,0.0394,-0.0337,-0.1223,-0.2072,-0.253,-0.2679,-0.3059,-0.3797,-0.4518,-0.5788,-0.8681,-0.9359,-0.4994,-0.0274,0.29,0.4672,0.3231,-0.0093,-0.0932,-0.0141,0.0767,0.1302,0.1513,0.1603,0.1679,0.3785,0.364,0.3473,0.3281,0.3062,0.2815,0.2539,0.2231,0.189,0.1511,0.1083,0.0593,0.0031,-0.0574,-0.1137,-0.1579,-0.1956,-0.244,-0.3158,-0.434,-0.6958,-1.2007,-1.3533,-0.7542,-0.2043,0.103,0.1955,-0.0576,-0.4851,-0.4049,-0.1766,-0.0227,0.0628,0.1074,0.1322,0.1489,0.3662,0.3521,0.336,0.3178,0.2973,0.2744,0.2491,0.2211,0.1903,0.1564,0.119,0.0776,0.0327,-0.0138,-0.0588,-0.1009,-0.1439,-0.1966,-0.272,-0.3967,-0.6209,-0.9278,-0.9895,-0.6437,-0.2698,-0.0576,-0.039,-0.2628,-0.5507,-0.4625,-0.2375,-0.0777,0.0177,0.0739,0.1086,0.1322]}]