docs/data/wind_grid.json
[{"header":{"la1":42.85,"la2":41.18,"lo1":11.55,"lo2":14.05,"nx":36,"ny":24,"dx":0.07143,"dy":0.07261,"parameterCategory":2,"parameterNumber":2,"parameterNumberName":"eastward_wind","parameterUnit":"m.s-1"},"data":[-0.0603,-0.0665,-0.0736,-0.0813,-0.0895,-0.0975,-0.1046,-0.11,-0.1132,-0.1141,-0.1134,-0.1121,-0.1115,-0.1127,-0.1168,-0.125,-0.1384,-0.1581,-0.1848,-0.217,-0.2505,-0.2788,-0.2959,-0.3,-0.2933,-0.2798,-0.2634,-0.2461,-0.2293,-0.2134,-0.1986,-0.1849,-0.1723,-0.1607,-0.15,-0.1402,-0.0568,-0.064,-0.0724,-0.0819,-0.0924,-0.103,-0.1127,-0.1198,-0.1231,-0.1224,-0.1188,-0.1141,-0.11,-0.1083,-0.1101,-0.1168,-0.1304,-0.1534,-0.1882,-0.235,-0.2873,-0.3316,-0.3549,-0.3545,-0.3379,-0.3139,-0.2886,-0.2647,-0.2429,-0.2234,-0.2058,-0.19,-0.1756,-0.1626,-0.1508,-0.14,-0.0523,-0.0605,-0.0705,-0.0822,-0.0958,-0.1106,-0.1249,-0.1355,-0.1395,-0.136,-0.1275,-0.1173,-0.1081,-0.1017,-0.0997,-0.1032,-0.1144,-0.138,-0.1815,-0.2512,-0.3393,-0.4154,-0.4466,-0.4318,-0.3941,-0.3526,-0.3151,-0.283,-0.2557,-0.2323,-0.212,-0.194,-0.1779,-0.1635,-0.1506,-0.1389,-0.0467,-0.0561,-0.0678,-0.0819,-0.0993,-0.1205,-0.1432,-0.1614,-0.1673,-0.1586,-0.1412,-0.122,-0.1053,-0.0926,-0.0849,-0.0827,-0.0866,-0.1025,-0.1483,-0.2509,-0.4111,-0.5579,-0.5946,-0.5369,-0.4584,-0.3915,-0.3395,-0.299,-0.2665,-0.2395,-0.2166,-0.1966,-0.1789,-0.1632,-0.1491,-0.1366,-0.0398,-0.051,-0.0645,-0.0806,-0.1016,-0.1311,-0.1693,-0.2051,-0.2166,-0.1957,-0.1609,-0.128,-0.101,-0.08,-0.0651,-0.055,-0.0451,-0.0336,-0.0511,-0.1857,-0.4854,-0.7903,-0.8072,-0.6504,-0.5142,-0.4214,-0.3573,-0.3104,-0.274,-0.2443,-0.2192,-0.1975,-0.1783,-0.1613,-0.1462,-0.1329,-0.0317,-0.0464,-0.0634,-0.0801,-0.1006,-0.1374,-0.1995,-0.2744,-0.3013,-0.2496,-0.1839,-0.1332,-0.0937,-0.0621,-0.0386,-0.0216,0.0035,0.0706,0.1714,0.0495,-0.4431,-0.9302,-0.9158,-0.6913,-0.5329,-0.4326,-0.3649,-0.3157,-0.2776,-0.2464,-0.2197,-0.1964,-0.1759,-0.1577,-0.1416,-0.1276,-0.0215,-0.0448,-0.0732,-0.091,-0.0978,-0.1288,-0.2102,-0.3351,-0.3878,-0.2904,-0.1978,-0.1345,-0.0822,-0.0355,0.0007,0.0202,0.0403,0.1383,0.4155,0.3455,-0.2995,-0.6832,-0.7339,-0.6237,-0.5101,-0.4248,-0.3627,-0.3157,-0.278,-0.2461,-0.2182,-0.1935,-0.1715,-0.1521,-0.135,-0.1203,-0.0051,-0.0445,-0.1117,-0.1499,-0.1052,-0.0962,-0.1694,-0.2786,-0.3239,-0.2663,-0.1986,-0.1349,-0.0679,0.0056,0.0718,0.0944,0.0708,0.0742,0.1592,-0.0311,-0.6004,-0.76,-0.6707,-0.5682,-0.4787,-0.4088,-0.3556,-0.3131,-0.2767,-0.2443,-0.215,-0.1885,-0.1649,-0.1441,-0.126,-0.1106,0.0289,-0.0182,-0.1549,-0.2881,-0.1035,-0.0265,-0.0999,-0.1978,-0.2616,-0.2689,-0.221,-0.1476,-0.0602,0.0623,0.2209,0.2767,0.156,0.016,-0.1386,-0.5329,-1.2468,-1.1491,-0.745,-0.5511,-0.454,-0.3944,-0.3504,-0.3123,-0.2765,-0.2424,-0.2105,-0.1815,-0.1556,-0.1332,-0.1141,-0.0981,0.0887,0.0893,0.0352,-0.0125,0.1774,0.1222,-0.0312,-0.1885,-0.3632,-0.4233,-0.3001,-0.1815,-0.0806,0.0925,0.5028,0.7205,0.3004,0.0301,-0.1795,-0.5218,-1.002,-0.9714,-0.6719,-0.5056,-0.4299,-0.3892,-0.3558,-0.3198,-0.2808,-0.2417,-0.2049,-0.1718,-0.143,-0.1185,-0.0984,-0.0822,0.1542,0.2384,0.4322,0.8665,0.7912,0.3008,0.0314,-0.1707,-0.5853,-0.7903,-0.3903,-0.2209,-0.1503,-0.0379,0.3946,0.7187,0.258,0.0224,-0.1256,-0.3027,-0.498,-0.553,-0.4896,-0.437,-0.4199,-0.4118,-0.3874,-0.344,-0.2927,-0.2424,-0.1972,-0.1582,-0.1255,-0.0989,-0.0779,-0.0618,0.1876,0.3002,0.5231,0.859,0.767,0.3056,0.0805,-0.0067,-0.2808,-0.5212,-0.3227,-0.2514,-0.2486,-0.2999,-0.1555,0.0773,0.0645,-0.0371,-0.1042,-0.1686,-0.2593,-0.3252,-0.3602,-0.4027,-0.4661,-0.5037,-0.4701,-0.3928,-0.3118,-0.242,-0.1846,-0.1381,-0.1011,-0.0724,-0.0511,-0.036,0.1788,0.2622,0.3796,0.4746,0.397,0.2076,0.1214,0.0247,0.146,-0.1305,-0.237,-0.3402,-0.3378,-0.3857,-0.2919,-0.0227,0.0272,-0.1302,-0.1509,-0.1131,-0.1593,-0.2229,-0.2998,-0.4246,-0.6148,-0.7248,-0.6228,-0.4591,-0.3283,-0.2331,-0.1621,-0.1077,-0.0665,-0.0364,-0.0159,-0.0032,0.1465,0.1932,0.2389,0.254,0.2106,0.1468,0.1446,0.2641,0.1831,-0.0555,-0.2106,-0.4961,-0.5524,-0.0476,-0.0597,0.0951,0.1518,0.022,-0.0609,-0.0652,-0.111,-0.1721,-0.2641,-0.4473,-0.7842,-0.9863,-0.7564,-0.4911,-0.3183,-0.2046,-0.1232,-0.0622,-0.0174,0.0128,0.0303,0.0382,0.1101,0.133,0.1485,0.1463,0.124,0.0986,0.093,0.0953,0.035,-0.0678,-0.1421,-0.2098,-0.1741,-0.093,0.029,0.1655,0.746,0.2857,0.0719,-0.0268,-0.099,-0.1477,-0.2192,-0.3778,-0.6569,-0.8249,-0.6493,-0.4214,-0.2613,-0.1486,-0.0627,0.004,0.0518,0.0799,0.0909,0.0898,0.0785,0.0888,0.0927,0.0873,0.0731,0.0562,0.0404,0.0176,-0.0246,-0.0727,-0.0953,-0.0975,-0.076,-0.0272,0.0617,0.2974,0.5976,0.2947,0.1006,-0.0319,-0.1558,-0.1597,-0.1742,-0.26,-0.387,-0.4578,-0.3981,-0.2811,-0.1683,-0.0684,0.0212,0.0972,0.1496,0.1721,0.1695,0.1526,0.0534,0.0573,0.0568,0.0506,0.0396,0.0253,0.0084,-0.0132,-0.04,-0.0657,-0.0816,-0.0591,0.0875,0.1634,0.064,0.1201,0.189,0.1642,0.1134,-0.0069,-0.1628,-0.1541,-0.1374,-0.1723,-0.2221,-0.2474,-0.2237,-0.1585,-0.0723,0.0238,0.1277,0.2263,0.2892,0.2982,0.2685,0.2252,0.0342,0.0349,0.0325,0.0265,0.0172,0.0053,-0.0087,-0.0245,-0.0402,-0.0511,-0.0484,-0.008,0.1277,0.1532,-0.0309,-0.0687,0.0305,0.1541,0.2607,0.08,-0.0467,-0.0856,-0.0956,-0.1158,-0.1522,-0.1953,-0.1867,-0.0992,0.0067,0.1164,0.2512,0.3999,0.4848,0.4616,0.3819,0.2997,0.0195,0.0187,0.0155,0.01,0.0023,-0.0071,-0.0177,-0.0284,-0.0374,-0.0414,-0.0357,-0.0151,0.0084,-0.048,-0.3008,-0.4019,-0.099,0.0912,0.165,0.0294,-0.0206,-0.0469,-0.0591,-0.0728,-0.1317,-0.3012,-0.3356,-0.0843,0.0863,0.2015,0.3665,0.5925,0.7101,0.6272,0.4808,0.3585,0.0083,0.0068,0.0036,-0.0013,-0.0075,-0.0149,-0.0227,-0.0301,-0.0358,-0.0383,-0.037,-0.035,-0.048,-0.1165,-0.2837,-0.3326,-0.1331,-0.0167,-0.0486,-0.0865,-0.0423,-0.0395,-0.0352,-0.022,-0.0496,-0.272,-0.3281,0.1103,0.2268,0.27,0.4114,0.6666,0.8,0.6863,0.5142,0.3797,-0.0002,-0.002,-0.005,-0.0092,-0.0142,-0.0199,-0.0258,-0.0312,-0.0355,-0.0385,-0.0409,-0.0463,-0.063,-0.102,-0.1545,-0.1589,-0.0972,-0.0482,-0.0505,-0.06,-0.0513,-0.0538,-0.0386,0.0257,0.1458,0.3772,0.8648,0.7366,0.4081,0.2905,0.3536,0.5301,0.6392,0.5817,0.4627,0.3568,-0.0068,-0.0086,-0.0113,-0.0148,-0.0189,-0.0234,-0.0279,-0.0321,-0.0358,-0.0392,-0.0429,-0.0492,-0.061,-0.0788,-0.0948,-0.0927,-0.0715,-0.0514,-0.0463,-0.0515,-0.0693,-0.1114,-0.113,0.0099,0.255,0.7393,1.4082,0.9952,0.3461,0.1823,0.2317,0.3433,0.4234,0.4223,0.3699,0.3067,-0.0118,-0.0136,-0.0159,-0.0188,-0.0222,-0.0257,-0.0293,-0.0328,-0.036,-0.0392,-0.0429,-0.048,-0.055,-0.0629,-0.068,-0.0659,-0.0572,-0.0486,-0.0464,-0.0551,-0.0882,-0.1653,-0.1901,-0.0364,0.212,0.5306,0.7469,0.4079,-0.0863,-0.0456,0.1011,0.2095,0.2766,0.2976,0.2832,0.2518,-0.0158,-0.0174,-0.0194,-0.0218,-0.0245,-0.0274,-0.0303,-0.0332,-0.0359,-0.0387,-0.0417,-0.0452,-0.0492,-0.0527,-0.0543,-0.0526,-0.0484,-0.0443,-0.0441,-0.0521,-0.0763,-0.1168,-0.1162,-0.0135,0.1472,0.3005,0.3317,0.1112,-0.1509,-0.0947,0.0446,0.1384,0.1932,0.2174,0.2182,0.2044]},{"header":{"la1":42.85,"la2":41.18,"lo1":11.55,"lo2":14.05,"nx":36,"ny":24,"dx":0.07143,"dy":0.07261,"parameterCategory":2,"parameterNumber":3,"parameterNumberName":"northward_wind","parameterUnit":"m.s-1"},"data":[-0.3692,-0.379,-0.3874,-0.3941,-0.3989,-0.4011,-0.3998,-0.3934,-0.3807,-0.3615,-0.3368,-0.3084,-0.278,-0.2469,-0.2158,-0.1854,-0.1566,-0.1307,-0.109,-0.0924,-0.0809,-0.0733,-0.0684,-0.065,-0.0623,-0.0599,-0.0575,-0.0549,-0.0519,-0.0484,-0.0444,-0.04,-0.0351,-0.03,-0.0248,-0.0196,-0.3914,-0.4042,-0.4153,-0.4247,-0.4325,-0.4384,-0.4409,-0.4369,-0.4236,-0.4001,-0.3686,-0.3326,-0.2951,-0.2575,-0.2202,-0.1835,-0.1485,-0.1171,-0.0919,-0.0746,-0.0648,-0.0602,-0.0579,-0.0563,-0.0549,-0.0535,-0.0521,-0.0503,-0.0479,-0.0447,-0.0408,-0.0362,-0.0311,-0.0256,-0.02,-0.0144,-0.4167,-0.4331,-0.4475,-0.4599,-0.4715,-0.4831,-0.4931,-0.4955,-0.4827,-0.4522,-0.4092,-0.3617,-0.3147,-0.2694,-0.2249,-0.1805,-0.1368,-0.0973,-0.0672,-0.0503,-0.0458,-0.0478,-0.0495,-0.0491,-0.048,-0.0473,-0.0469,-0.046,-0.0442,-0.0413,-0.0374,-0.0325,-0.027,-0.021,-0.0148,-0.0087,-0.4458,-0.4675,-0.4857,-0.5008,-0.5159,-0.5357,-0.5606,-0.579,-0.5703,-0.5262,-0.4616,-0.3957,-0.3364,-0.2829,-0.2311,-0.1773,-0.121,-0.0677,-0.0289,-0.0156,-0.0261,-0.0437,-0.0499,-0.046,-0.0422,-0.0414,-0.0419,-0.0422,-0.0412,-0.0386,-0.0344,-0.0291,-0.0228,-0.0161,-0.0092,-0.0024,-0.4801,-0.5101,-0.5341,-0.5503,-0.565,-0.5932,-0.6459,-0.7052,-0.7118,-0.6353,-0.5262,-0.4314,-0.3584,-0.2984,-0.2408,-0.1769,-0.1023,-0.0229,0.0362,0.0415,-0.0068,-0.0648,-0.0697,-0.0473,-0.036,-0.035,-0.0375,-0.0394,-0.0393,-0.0368,-0.0322,-0.0259,-0.0186,-0.0108,-0.0029,0.0047,-0.5204,-0.5657,-0.6016,-0.6172,-0.6197,-0.6452,-0.738,-0.8933,-0.9478,-0.7854,-0.5908,-0.4602,-0.3775,-0.3166,-0.2582,-0.1867,-0.0893,0.037,0.1515,0.1494,0.0377,-0.0868,-0.0839,-0.0378,-0.0243,-0.0277,-0.0343,-0.0387,-0.0394,-0.0366,-0.0308,-0.0231,-0.0142,-0.0049,0.0043,0.0129,-0.5647,-0.6388,-0.7061,-0.7268,-0.6903,-0.6742,-0.7792,-1.0535,-1.194,-0.8899,-0.6131,-0.4685,-0.3908,-0.3395,-0.2895,-0.2188,-0.1054,0.0683,0.2648,0.2599,0.1415,0.0399,0.0032,0.0061,-0.0045,-0.021,-0.0345,-0.0419,-0.0429,-0.0387,-0.0308,-0.0207,-0.0095,0.0018,0.0127,0.0226,-0.6021,-0.7204,-0.8652,-0.93,-0.8026,-0.6729,-0.6992,-0.8862,-0.9786,-0.7594,-0.5603,-0.4544,-0.4004,-0.3706,-0.3425,-0.286,-0.1736,-0.0028,0.1698,0.2307,0.3112,0.2827,0.1528,0.0663,0.0131,-0.0219,-0.0429,-0.052,-0.0514,-0.044,-0.0323,-0.0184,-0.004,0.0101,0.0229,0.0343,-0.6094,-0.7583,-1.003,-1.1933,-0.9039,-0.6309,-0.5543,-0.5914,-0.618,-0.5681,-0.4926,-0.4364,-0.4114,-0.4126,-0.4287,-0.4043,-0.2843,-0.1171,0.0544,0.2694,0.6275,0.5549,0.2591,0.095,0.0082,-0.0411,-0.0662,-0.0732,-0.0673,-0.0533,-0.0352,-0.0158,0.0032,0.0206,0.0358,0.0487,-0.57,-0.6859,-0.8525,-0.9505,-0.7177,-0.5077,-0.3974,-0.408,-0.5111,-0.5565,-0.4806,-0.429,-0.4247,-0.4553,-0.5516,-0.6012,-0.3973,-0.2018,-0.0287,0.1908,0.471,0.4374,0.2118,0.0571,-0.0365,-0.0908,-0.1133,-0.1108,-0.0926,-0.0667,-0.0387,-0.0115,0.0133,0.0347,0.0526,0.0668,-0.5001,-0.5569,-0.5827,-0.5177,-0.4889,-0.3539,-0.1965,-0.2181,-0.6029,-0.8051,-0.501,-0.4228,-0.4387,-0.4766,-0.5588,-0.6172,-0.4082,-0.2168,-0.0776,0.0399,0.1471,0.1551,0.0673,-0.0385,-0.1299,-0.1869,-0.197,-0.1709,-0.1284,-0.083,-0.0406,-0.0032,0.0284,0.0543,0.0747,0.0899,-0.4274,-0.4533,-0.4638,-0.4655,-0.4189,-0.1873,0.0968,0.2377,-0.1707,-0.5226,-0.405,-0.4051,-0.4582,-0.5055,-0.518,-0.4872,-0.3499,-0.1108,-0.003,-0.0101,0.0019,-0.0043,-0.0591,-0.1611,-0.2857,-0.3615,-0.3381,-0.2577,-0.1716,-0.0975,-0.0367,0.0126,0.0518,0.082,0.1042,0.1195,-0.3619,-0.3704,-0.3685,-0.345,-0.2469,-0.0155,0.3243,0.6097,0.4292,-0.0832,-0.2924,-0.3903,-0.4673,-0.5375,-0.5613,-0.5692,-0.3894,0.1839,0.2346,0.0053,-0.0479,-0.0759,-0.1415,-0.2896,-0.5275,-0.6661,-0.5479,-0.3581,-0.2084,-0.1005,-0.0203,0.0409,0.0873,0.1209,0.1436,0.1572,-0.3054,-0.3003,-0.2807,-0.2332,-0.1327,0.0413,0.2845,0.5368,0.3853,-0.0343,-0.2616,-0.3839,-0.4456,-0.7347,-0.6548,-0.9367,-0.658,-0.1112,0.05,-0.0381,-0.0758,-0.1062,-0.1765,-0.3665,-0.7498,-0.9838,-0.7175,-0.411,-0.2112,-0.079,0.0163,0.0878,0.1401,0.1754,0.196,0.2052,-0.2594,-0.2464,-0.22,-0.1728,-0.0971,0.0075,0.1218,0.1799,0.0724,-0.1316,-0.2599,-0.3029,-0.4094,-0.4949,-0.6351,-0.9997,-0.3841,-0.2899,-0.121,-0.0793,-0.1066,-0.1264,-0.1648,-0.3135,-0.6156,-0.8029,-0.6045,-0.3451,-0.1589,-0.0246,0.0791,0.1594,0.2166,0.2507,0.2649,0.2651,-0.224,-0.2086,-0.1836,-0.1466,-0.0977,-0.0436,-0.003,-0.0084,-0.086,-0.2208,-0.3874,-0.161,-0.1638,-0.2538,-0.361,-0.4269,-0.29,-0.1724,-0.0313,-0.0482,-0.2083,-0.1857,-0.1325,-0.1943,-0.3271,-0.4066,-0.3413,-0.206,-0.0679,0.0584,0.1705,0.2628,0.3255,0.3538,0.3539,0.3377,-0.1972,-0.1827,-0.1621,-0.1357,-0.1059,-0.0792,-0.0667,-0.0816,-0.1313,-0.2177,-0.3341,-0.157,0.3208,0.5118,0.0184,-0.102,-0.0498,0.1568,0.3216,0.1334,-0.2047,-0.1673,-0.073,-0.0931,-0.1616,-0.2113,-0.1927,-0.1039,0.0217,0.1566,0.2899,0.4066,0.4786,0.4919,0.4642,0.421,-0.1768,-0.1641,-0.1479,-0.1293,-0.1106,-0.0959,-0.0907,-0.099,-0.1198,-0.1429,-0.128,0.0307,0.4759,0.5971,0.3064,0.2729,0.2787,0.6426,1.07,0.5298,0.1671,0.0566,0.0369,-0.0138,-0.1175,-0.2442,-0.2556,-0.1006,0.0887,0.2613,0.4332,0.5965,0.6849,0.6644,0.5876,0.5062,-0.1604,-0.1496,-0.1367,-0.1229,-0.1097,-0.0992,-0.0935,-0.0925,-0.0923,-0.0814,-0.0364,0.074,0.2397,0.3624,0.6303,0.7679,0.4849,0.6753,0.908,0.6558,0.4117,0.2461,0.1572,0.0607,-0.1414,-0.5267,-0.6081,-0.1604,0.1693,0.3752,0.5758,0.7982,0.9073,0.831,0.6939,0.5755,-0.1467,-0.1372,-0.1265,-0.1153,-0.1043,-0.0946,-0.0863,-0.0781,-0.0661,-0.0426,0.0031,0.0795,0.1839,0.3291,0.5861,0.6752,0.5005,0.5497,0.7127,0.7686,0.5264,0.3652,0.2767,0.1769,-0.0333,-0.5236,-0.6379,0.0657,0.367,0.5104,0.6665,0.8802,0.9896,0.8919,0.7373,0.6092,-0.1345,-0.126,-0.1165,-0.1065,-0.0963,-0.086,-0.0754,-0.0627,-0.0452,-0.0183,0.023,0.0822,0.1611,0.2638,0.3784,0.4289,0.4229,0.4767,0.5922,0.6236,0.5178,0.4596,0.4262,0.3563,0.2951,0.3845,0.8648,0.8279,0.6903,0.6796,0.7154,0.8085,0.8717,0.8173,0.7083,0.6041,-0.1234,-0.1155,-0.1066,-0.0971,-0.0869,-0.076,-0.0637,-0.0487,-0.0291,-0.0023,0.034,0.0817,0.1407,0.2085,0.2736,0.3192,0.3532,0.402,0.4607,0.4927,0.5199,0.6143,0.6456,0.5409,0.5483,0.8747,1.4271,1.1838,0.9581,0.8898,0.8009,0.7615,0.7534,0.7178,0.6513,0.5771,-0.1132,-0.1055,-0.0969,-0.0875,-0.0772,-0.0657,-0.0525,-0.0366,-0.0167,0.0086,0.0405,0.0795,0.1248,0.1738,0.2214,0.2634,0.3031,0.3468,0.3946,0.4495,0.5495,0.7349,0.7902,0.6385,0.6242,0.817,1.04,1.0816,1.2083,1.1222,0.9108,0.7748,0.7056,0.656,0.6029,0.5464,-0.1035,-0.096,-0.0875,-0.0782,-0.0677,-0.056,-0.0424,-0.0263,-0.0069,0.0165,0.0445,0.0772,0.1138,0.1528,0.1918,0.23,0.2685,0.31,0.3578,0.4206,0.5177,0.6411,0.6777,0.6145,0.6159,0.7218,0.8679,1.0433,1.2371,1.1543,0.9378,0.7788,0.6833,0.62,0.5677,0.5188]}]