docs/data/wind_grid.json
[{"header":{"la1":42.85,"la2":41.18,"lo1":11.55,"lo2":14.05,"nx":36,"ny":24,"dx":0.07143,"dy":0.07261,"parameterCategory":2,"parameterNumber":2,"parameterNumberName":"eastward_wind","parameterUnit":"m.s-1"},"data":[-0.8081,-0.8126,-0.8176,-0.8231,-0.8292,-0.8359,-0.8432,-0.8513,-0.8611,-0.874,-0.8919,-0.9168,-0.9498,-0.9891,-1.0282,-1.0566,-1.0642,-1.049,-1.0176,-0.9796,-0.9418,-0.9075,-0.8777,-0.8521,-0.8302,-0.8112,-0.7948,-0.7805,-0.7678,-0.7567,-0.7469,-0.7382,-0.7306,-0.7238,-0.7178,-0.7126,-0.8089,-0.8137,-0.8191,-0.8252,-0.8321,-0.8396,-0.8474,-0.8557,-0.8651,-0.8776,-0.8968,-0.9272,-0.9722,-1.0319,-1.0974,-1.1475,-1.1593,-1.1292,-1.0748,-1.0161,-0.9634,-0.9196,-0.8837,-0.8544,-0.8299,-0.8093,-0.7917,-0.7765,-0.7633,-0.7517,-0.7416,-0.7327,-0.7249,-0.7181,-0.7121,-0.7069,-0.8095,-0.8146,-0.8205,-0.8275,-0.8355,-0.8444,-0.8535,-0.8621,-0.8701,-0.8801,-0.898,-0.9318,-0.9899,-1.0784,-1.1889,-1.2814,-1.2989,-1.2354,-1.1398,-1.0511,-0.9808,-0.9272,-0.886,-0.8535,-0.8272,-0.8053,-0.7869,-0.771,-0.7574,-0.7455,-0.7352,-0.7262,-0.7184,-0.7116,-0.7057,-0.7006,-0.8098,-0.8152,-0.8217,-0.8296,-0.8392,-0.8507,-0.8631,-0.8736,-0.8796,-0.8834,-0.8947,-0.9265,-0.9937,-1.1126,-1.2867,-1.4528,-1.4766,-1.3502,-1.1946,-1.0729,-0.9875,-0.9273,-0.883,-0.849,-0.8216,-0.7991,-0.7801,-0.7639,-0.75,-0.738,-0.7276,-0.7186,-0.7108,-0.7041,-0.6984,-0.6934,-0.8099,-0.8154,-0.8223,-0.831,-0.8427,-0.8584,-0.8777,-0.8952,-0.9005,-0.8921,-0.8878,-0.9085,-0.9721,-1.1022,-1.3193,-1.5543,-1.5835,-1.3977,-1.2018,-1.0662,-0.978,-0.918,-0.8743,-0.8404,-0.8131,-0.7904,-0.7713,-0.755,-0.741,-0.7291,-0.7187,-0.7099,-0.7022,-0.6957,-0.6902,-0.6855,-0.8096,-0.8151,-0.822,-0.8311,-0.8443,-0.8645,-0.8951,-0.9311,-0.9422,-0.9107,-0.8783,-0.8782,-0.9225,-1.027,-1.2067,-1.4043,-1.4374,-1.2933,-1.1367,-1.0265,-0.9528,-0.9006,-0.8607,-0.8286,-0.8019,-0.7795,-0.7604,-0.7442,-0.7305,-0.7186,-0.7085,-0.6999,-0.6925,-0.6862,-0.681,-0.6767,-0.809,-0.8143,-0.8208,-0.8293,-0.8419,-0.863,-0.9014,-0.9608,-0.9869,-0.9229,-0.8585,-0.8365,-0.855,-0.9156,-1.0177,-1.1245,-1.1587,-1.1082,-1.0343,-0.9712,-0.9212,-0.88,-0.8449,-0.8146,-0.7885,-0.7663,-0.7475,-0.7316,-0.7182,-0.7067,-0.6969,-0.6886,-0.6816,-0.6757,-0.6708,-0.6669,-0.8084,-0.8134,-0.8191,-0.8261,-0.8354,-0.8501,-0.8773,-0.9216,-0.938,-0.8755,-0.8132,-0.7832,-0.7812,-0.8071,-0.8587,-0.9188,-0.9591,-0.9672,-0.9532,-0.9278,-0.8964,-0.8626,-0.8296,-0.7994,-0.7732,-0.751,-0.7325,-0.7171,-0.7041,-0.6932,-0.6839,-0.676,-0.6694,-0.6639,-0.6595,-0.656,-0.8079,-0.8128,-0.818,-0.8235,-0.829,-0.8342,-0.8385,-0.8386,-0.8211,-0.7841,-0.7503,-0.7229,-0.7052,-0.7087,-0.7414,-0.7974,-0.858,-0.9041,-0.9241,-0.9166,-0.8894,-0.8531,-0.8162,-0.7832,-0.7555,-0.7331,-0.715,-0.7004,-0.6883,-0.6781,-0.6694,-0.662,-0.6558,-0.6508,-0.6469,-0.644,-0.8077,-0.8128,-0.8183,-0.8238,-0.8284,-0.8293,-0.8205,-0.7903,-0.7351,-0.701,-0.6943,-0.6646,-0.6236,-0.6042,-0.6358,-0.7186,-0.8256,-0.9193,-0.9639,-0.952,-0.9062,-0.8519,-0.803,-0.7638,-0.734,-0.7117,-0.6947,-0.6814,-0.6706,-0.6614,-0.6534,-0.6466,-0.6408,-0.6362,-0.6328,-0.6307,-0.8076,-0.8134,-0.82,-0.8276,-0.8358,-0.8429,-0.841,-0.8019,-0.6762,-0.6199,-0.662,-0.6148,-0.5276,-0.4623,-0.5048,-0.6537,-0.8556,-1.0435,-1.112,-1.0499,-0.9448,-0.8518,-0.7835,-0.7369,-0.7062,-0.6856,-0.6712,-0.6603,-0.6513,-0.6433,-0.636,-0.6296,-0.6241,-0.6198,-0.617,-0.6157,-0.8075,-0.8141,-0.8223,-0.833,-0.8477,-0.869,-0.898,-0.9095,-0.7867,-0.6814,-0.6659,-0.5803,-0.4306,-0.2429,-0.328,-0.6015,-0.9662,-1.3857,-1.4629,-1.2135,-0.9817,-0.8323,-0.7446,-0.6957,-0.6691,-0.6541,-0.6446,-0.6374,-0.6308,-0.6241,-0.6173,-0.6108,-0.6052,-0.6012,-0.599,-0.5987,-0.8067,-0.814,-0.8234,-0.8364,-0.8558,-0.8871,-0.9389,-1.0012,-0.9366,-0.7894,-0.6823,-0.5735,-0.455,-0.1783,-0.2663,-0.6215,-1.0953,-1.938,-1.9505,-1.3211,-0.9465,-0.7568,-0.6691,-0.6336,-0.6214,-0.6177,-0.6161,-0.6139,-0.61,-0.6043,-0.5972,-0.5899,-0.5836,-0.5794,-0.578,-0.5791,-0.8052,-0.8126,-0.8222,-0.8353,-0.8542,-0.8827,-0.9232,-0.9633,-0.9261,-0.8146,-0.7126,-0.5732,-0.5288,-0.5784,-0.538,-0.7385,-1.0352,-1.5267,-1.5802,-1.1013,-0.7491,-0.5838,-0.542,-0.5491,-0.5658,-0.5798,-0.5884,-0.5919,-0.5904,-0.5846,-0.5757,-0.5659,-0.5577,-0.5531,-0.5528,-0.5563,-0.8026,-0.8096,-0.8184,-0.8298,-0.8447,-0.8637,-0.884,-0.8932,-0.8718,-0.8406,-0.8162,-0.7428,-0.6566,-0.6101,-0.6715,-0.8882,-1.0751,-1.0274,-0.9568,-0.6721,-0.3594,-0.2816,-0.3659,-0.454,-0.5122,-0.5467,-0.5657,-0.574,-0.5737,-0.5658,-0.5522,-0.537,-0.5251,-0.5198,-0.5218,-0.5292,-0.7991,-0.8053,-0.8128,-0.8218,-0.8325,-0.8439,-0.8537,-0.8584,-0.8635,-0.9036,-1.0227,-0.9134,-0.8332,-0.7403,-0.7583,-0.8771,-0.9864,-0.8333,-0.6344,-0.2958,0.1831,0.1047,-0.1995,-0.3817,-0.477,-0.5268,-0.5522,-0.5631,-0.562,-0.5486,-0.5254,-0.4996,-0.4811,-0.4759,-0.4829,-0.4973,-0.7949,-0.8002,-0.8064,-0.8133,-0.8209,-0.8286,-0.836,-0.8445,-0.8634,-0.9156,-1.0073,-0.9423,-0.9574,-0.9815,-0.8343,-0.7964,-0.7483,-0.5852,-0.4052,-0.1909,0.2548,0.1519,-0.1766,-0.3707,-0.473,-0.5244,-0.5495,-0.561,-0.5577,-0.5345,-0.493,-0.4475,-0.4189,-0.417,-0.4352,-0.4615,-0.7903,-0.7947,-0.7996,-0.805,-0.8108,-0.8169,-0.8237,-0.8332,-0.8501,-0.8779,-0.9031,-0.9093,-0.9787,-0.9902,-0.8533,-0.7819,-0.6429,-0.3563,-0.1502,-0.2415,-0.1531,-0.1556,-0.2877,-0.4128,-0.4949,-0.5327,-0.5499,-0.5666,-0.5644,-0.5263,-0.454,-0.3747,-0.3331,-0.3434,-0.3822,-0.4258,-0.7854,-0.789,-0.7929,-0.7971,-0.8016,-0.8066,-0.8124,-0.8202,-0.8313,-0.845,-0.8569,-0.8672,-0.8818,-0.8698,-0.8609,-0.8646,-0.6575,-0.3728,-0.2252,-0.2972,-0.3125,-0.3276,-0.3846,-0.462,-0.5229,-0.5291,-0.5298,-0.5804,-0.5892,-0.5315,-0.4174,-0.2928,-0.2403,-0.2734,-0.3381,-0.3989,-0.7803,-0.7832,-0.7862,-0.7895,-0.7929,-0.7967,-0.801,-0.8064,-0.8127,-0.8194,-0.8246,-0.8274,-0.8262,-0.8204,-0.8356,-0.8269,-0.6603,-0.461,-0.3366,-0.3148,-0.3549,-0.3846,-0.4261,-0.4916,-0.5559,-0.5466,-0.5406,-0.6527,-0.6496,-0.5615,-0.4149,-0.2629,-0.2058,-0.2501,-0.3249,-0.3914,-0.7752,-0.7774,-0.7796,-0.782,-0.7844,-0.787,-0.7897,-0.7927,-0.7956,-0.7977,-0.7981,-0.7956,-0.7891,-0.7795,-0.7672,-0.727,-0.6265,-0.498,-0.3936,-0.3622,-0.379,-0.3844,-0.4078,-0.4864,-0.604,-0.7361,-0.9122,-0.878,-0.7478,-0.615,-0.4664,-0.3301,-0.2719,-0.2961,-0.352,-0.4068,-0.77,-0.7716,-0.7731,-0.7747,-0.7761,-0.7775,-0.7787,-0.7796,-0.7799,-0.7789,-0.7759,-0.7698,-0.7596,-0.7442,-0.7198,-0.6768,-0.6087,-0.5276,-0.4584,-0.4169,-0.3786,-0.3121,-0.301,-0.4239,-0.6139,-0.8548,-1.0797,-0.9897,-0.806,-0.6609,-0.5348,-0.4318,-0.3777,-0.376,-0.4033,-0.438,-0.7649,-0.7659,-0.7668,-0.7675,-0.7681,-0.7684,-0.7683,-0.7675,-0.7658,-0.7626,-0.7571,-0.7486,-0.736,-0.7178,-0.6914,-0.6533,-0.6031,-0.5464,-0.492,-0.4391,-0.3628,-0.2439,-0.2114,-0.3641,-0.5705,-0.7717,-0.9047,-0.8823,-0.7783,-0.6733,-0.5816,-0.5084,-0.4635,-0.4491,-0.4563,-0.4738,-0.7599,-0.7603,-0.7606,-0.7607,-0.7604,-0.7598,-0.7585,-0.7565,-0.7533,-0.7485,-0.7415,-0.7316,-0.7179,-0.6992,-0.6742,-0.6419,-0.6024,-0.5585,-0.5121,-0.4596,-0.39,-0.3101,-0.297,-0.397,-0.5409,-0.6719,-0.7533,-0.7626,-0.7207,-0.6615,-0.6028,-0.5533,-0.5191,-0.5022,-0.4997,-0.5065]},{"header":{"la1":42.85,"la2":41.18,"lo1":11.55,"lo2":14.05,"nx":36,"ny":24,"dx":0.07143,"dy":0.07261,"parameterCategory":2,"parameterNumber":3,"parameterNumberName":"northward_wind","parameterUnit":"m.s-1"},"data":[-0.2673,-0.2506,-0.2316,-0.2109,-0.1896,-0.1696,-0.1535,-0.144,-0.1422,-0.1475,-0.1563,-0.1643,-0.1675,-0.1648,-0.1584,-0.1536,-0.1563,-0.1688,-0.1884,-0.2107,-0.2321,-0.2511,-0.2673,-0.2811,-0.2927,-0.3028,-0.3117,-0.3198,-0.3272,-0.334,-0.3405,-0.3466,-0.3524,-0.3578,-0.3629,-0.3676,-0.2658,-0.2459,-0.2223,-0.1952,-0.1657,-0.1364,-0.1118,-0.0972,-0.0963,-0.108,-0.1262,-0.142,-0.148,-0.1411,-0.1246,-0.1098,-0.1102,-0.1298,-0.1609,-0.1936,-0.2225,-0.2461,-0.265,-0.2803,-0.2928,-0.3034,-0.3127,-0.321,-0.3287,-0.3358,-0.3426,-0.349,-0.3551,-0.3609,-0.3662,-0.3712,-0.2665,-0.2434,-0.2145,-0.1791,-0.1378,-0.0934,-0.0528,-0.0273,-0.0266,-0.0508,-0.0871,-0.1183,-0.1307,-0.1174,-0.082,-0.046,-0.0422,-0.0778,-0.1297,-0.1778,-0.2155,-0.2437,-0.2648,-0.281,-0.294,-0.3048,-0.3142,-0.3227,-0.3306,-0.338,-0.3451,-0.3519,-0.3584,-0.3644,-0.3701,-0.3754,-0.2708,-0.2448,-0.2105,-0.1656,-0.1082,-0.0396,0.0312,0.0822,0.0859,0.0373,-0.0351,-0.095,-0.1207,-0.1017,-0.0378,0.0364,0.046,-0.0209,-0.104,-0.1694,-0.2147,-0.2457,-0.2675,-0.2837,-0.2964,-0.307,-0.3163,-0.3248,-0.3328,-0.3406,-0.3481,-0.3553,-0.3622,-0.3687,-0.3747,-0.3803,-0.2797,-0.2523,-0.2139,-0.1598,-0.0838,0.0197,0.1457,0.2564,0.2757,0.1752,0.0317,-0.0769,-0.1255,-0.1091,-0.0253,0.0858,0.1001,0.0017,-0.1038,-0.1768,-0.2231,-0.253,-0.2734,-0.2882,-0.2998,-0.3098,-0.3187,-0.3272,-0.3354,-0.3435,-0.3514,-0.3592,-0.3666,-0.3736,-0.3802,-0.3861,-0.2943,-0.2678,-0.2287,-0.1697,-0.0786,0.0629,0.2717,0.509,0.5805,0.3667,0.0959,-0.0768,-0.1523,-0.1519,-0.0857,0.0073,0.022,-0.0575,-0.1439,-0.2036,-0.2412,-0.2653,-0.2817,-0.2939,-0.3038,-0.3127,-0.3212,-0.3296,-0.3381,-0.3467,-0.3553,-0.3637,-0.3719,-0.3795,-0.3866,-0.3929,-0.3148,-0.2924,-0.2579,-0.2026,-0.1112,0.0457,0.3162,0.7054,0.8684,0.4886,0.0917,-0.1177,-0.2056,-0.2224,-0.1925,-0.1469,-0.1343,-0.1659,-0.2086,-0.242,-0.2647,-0.2799,-0.2909,-0.2997,-0.3076,-0.3154,-0.3235,-0.3319,-0.3409,-0.3502,-0.3596,-0.3691,-0.3781,-0.3866,-0.3943,-0.4011,-0.3404,-0.3255,-0.3012,-0.2604,-0.1903,-0.0661,0.1521,0.4688,0.5897,0.2653,-0.048,-0.2102,-0.2822,-0.3034,-0.2938,-0.2719,-0.2576,-0.259,-0.2688,-0.2792,-0.2874,-0.2936,-0.299,-0.3043,-0.3103,-0.3171,-0.3249,-0.3338,-0.3435,-0.3539,-0.3646,-0.3754,-0.3857,-0.3952,-0.4037,-0.411,-0.3693,-0.364,-0.3542,-0.3358,-0.302,-0.242,-0.1466,-0.0411,-0.0293,-0.1381,-0.2497,-0.3252,-0.3688,-0.3849,-0.3778,-0.3566,-0.3345,-0.3196,-0.3116,-0.3073,-0.3047,-0.3035,-0.304,-0.3064,-0.3109,-0.3171,-0.3252,-0.3348,-0.3458,-0.3579,-0.3705,-0.383,-0.395,-0.4059,-0.4154,-0.4231,-0.3985,-0.4037,-0.4097,-0.4158,-0.4205,-0.4203,-0.4096,-0.389,-0.3782,-0.3823,-0.3947,-0.4223,-0.4523,-0.4673,-0.4537,-0.4178,-0.3806,-0.3546,-0.3382,-0.3253,-0.3148,-0.3076,-0.3043,-0.3047,-0.3084,-0.3148,-0.3237,-0.3348,-0.3478,-0.3622,-0.3774,-0.3926,-0.4069,-0.4195,-0.43,-0.4382,-0.4252,-0.4398,-0.46,-0.488,-0.5266,-0.5753,-0.6191,-0.6033,-0.4738,-0.4201,-0.4623,-0.4904,-0.5313,-0.5645,-0.5383,-0.4659,-0.4033,-0.3732,-0.357,-0.3369,-0.3176,-0.3045,-0.2983,-0.2979,-0.302,-0.3094,-0.3199,-0.3332,-0.3492,-0.3671,-0.3862,-0.405,-0.4223,-0.4372,-0.4488,-0.4572,-0.4466,-0.4682,-0.4987,-0.5427,-0.6071,-0.6997,-0.8189,-0.8879,-0.6781,-0.5089,-0.5157,-0.5381,-0.6014,-0.705,-0.6457,-0.4919,-0.3963,-0.3941,-0.3909,-0.3477,-0.3116,-0.2915,-0.2838,-0.2846,-0.2907,-0.3003,-0.3132,-0.3297,-0.3498,-0.3729,-0.3975,-0.4215,-0.4431,-0.4607,-0.4735,-0.4815,-0.4612,-0.4863,-0.5216,-0.5727,-0.6484,-0.7631,-0.9322,-1.1084,-0.9587,-0.6616,-0.5507,-0.5821,-0.6156,-0.7442,-0.675,-0.435,-0.3277,-0.4537,-0.4581,-0.346,-0.2874,-0.2619,-0.2569,-0.2631,-0.2737,-0.2865,-0.3024,-0.3231,-0.3492,-0.3799,-0.4128,-0.4446,-0.4721,-0.4929,-0.5063,-0.5128,-0.4684,-0.4935,-0.5278,-0.5758,-0.6443,-0.7426,-0.8746,-0.9982,-0.8983,-0.6207,-0.5046,-0.6346,-0.6725,-0.4202,-0.4264,-0.1967,-0.0319,-0.2708,-0.3521,-0.2821,-0.2252,-0.2018,-0.2117,-0.2325,-0.2511,-0.267,-0.2856,-0.3114,-0.3463,-0.3887,-0.4344,-0.4779,-0.5136,-0.5379,-0.5505,-0.5533,-0.469,-0.4912,-0.52,-0.5578,-0.6066,-0.6667,-0.7274,-0.745,-0.6384,-0.4447,-0.3252,-0.3521,-0.3543,-0.2125,-0.2498,0.2473,0.8098,0.1384,-0.1686,-0.182,-0.0948,-0.0826,-0.1437,-0.196,-0.2237,-0.239,-0.2576,-0.2899,-0.3385,-0.3998,-0.4663,-0.528,-0.5751,-0.6023,-0.6105,-0.6052,-0.4646,-0.4822,-0.5036,-0.5286,-0.5561,-0.5809,-0.5893,-0.5538,-0.4445,-0.2564,-0.0183,-0.1079,-0.1901,-0.242,-0.1866,0.1822,0.5478,0.0703,-0.204,-0.1243,0.1611,0.1102,-0.0764,-0.1677,-0.1926,-0.194,-0.2067,-0.2494,-0.3218,-0.4143,-0.5146,-0.6053,-0.6681,-0.6946,-0.691,-0.6699,-0.4571,-0.4698,-0.4837,-0.4976,-0.5088,-0.5117,-0.4961,-0.4482,-0.3551,-0.2092,-0.041,-0.1106,-0.1567,-0.16,-0.2227,-0.1676,-0.1499,-0.3671,-0.5188,-0.2731,0.1787,0.1134,-0.0932,-0.1655,-0.1504,-0.1085,-0.1063,-0.1738,-0.2908,-0.4342,-0.5884,-0.7255,-0.8083,-0.824,-0.7938,-0.7455,-0.4482,-0.4566,-0.4644,-0.4703,-0.4716,-0.4641,-0.4421,-0.3999,-0.3355,-0.2567,-0.1978,-0.1946,-0.1738,-0.184,-0.342,-0.4171,-0.4711,-0.7872,-1.0932,-0.6561,-0.2857,-0.182,-0.2036,-0.182,-0.0768,0.0657,0.0921,-0.0481,-0.2477,-0.4619,-0.6929,-0.9004,-1.0041,-0.9876,-0.9097,-0.8228,-0.4393,-0.4442,-0.4478,-0.4488,-0.4451,-0.4342,-0.4137,-0.382,-0.3412,-0.2992,-0.2705,-0.2632,-0.2745,-0.3502,-0.5707,-0.6523,-0.5883,-0.7949,-0.9647,-0.7501,-0.5448,-0.3949,-0.311,-0.2056,0.0109,0.3433,0.4085,0.082,-0.2259,-0.4977,-0.8043,-1.0941,-1.2114,-1.1419,-1.0069,-0.8822,-0.4312,-0.4337,-0.4346,-0.4329,-0.4274,-0.4168,-0.4002,-0.3779,-0.3526,-0.3296,-0.316,-0.3185,-0.3467,-0.4263,-0.5711,-0.6232,-0.5936,-0.6769,-0.769,-0.7888,-0.6338,-0.4943,-0.3951,-0.2683,-0.0348,0.3586,0.44,-0.0224,-0.2952,-0.5334,-0.8477,-1.1666,-1.2862,-1.1936,-1.0383,-0.9018,-0.4243,-0.4252,-0.4246,-0.4218,-0.4162,-0.4071,-0.3947,-0.3797,-0.3644,-0.3522,-0.3476,-0.3556,-0.3824,-0.4337,-0.4984,-0.5377,-0.5627,-0.6196,-0.6925,-0.7039,-0.6184,-0.5453,-0.4872,-0.3873,-0.2581,-0.2273,-0.4776,-0.4787,-0.4479,-0.5604,-0.7896,-1.04,-1.1526,-1.1019,-0.9865,-0.8743,-0.4186,-0.4186,-0.4173,-0.4144,-0.4094,-0.4023,-0.3934,-0.3837,-0.3747,-0.3689,-0.3692,-0.3784,-0.3991,-0.4311,-0.4678,-0.5001,-0.5312,-0.5691,-0.6037,-0.6098,-0.596,-0.6133,-0.6121,-0.5171,-0.4388,-0.5387,-0.7743,-0.6768,-0.5487,-0.5738,-0.7035,-0.8586,-0.949,-0.9458,-0.8874,-0.8152,-0.4142,-0.4137,-0.4123,-0.4096,-0.4055,-0.4003,-0.3942,-0.3882,-0.3833,-0.3812,-0.3838,-0.3924,-0.4081,-0.4299,-0.455,-0.4805,-0.5062,-0.5321,-0.554,-0.5693,-0.5967,-0.6642,-0.6856,-0.5873,-0.5113,-0.5449,-0.6241,-0.6078,-0.5597,-0.5704,-0.6392,-0.7275,-0.7904,-0.8069,-0.7861,-0.7473,-0.4108,-0.4102,-0.4088,-0.4066,-0.4036,-0.3999,-0.3959,-0.3924,-0.3901,-0.3902,-0.3936,-0.4013,-0.4135,-0.4296,-0.4482,-0.468,-0.4881,-0.5078,-0.5263,-0.5464,-0.5782,-0.6231,-0.6313,-0.5764,-0.526,-0.5225,-0.5429,-0.5468,-0.5418,-0.5561,-0.5959,-0.6467,-0.688,-0.707,-0.7037,-0.6856]}]