docs/data/wind_grid.json
[{"header":{"la1":42.85,"la2":41.18,"lo1":11.55,"lo2":14.05,"nx":36,"ny":24,"dx":0.07143,"dy":0.07261,"parameterCategory":2,"parameterNumber":2,"parameterNumberName":"eastward_wind","parameterUnit":"m.s-1"},"data":[-0.7577,-0.7628,-0.7658,-0.7666,-0.7651,-0.7611,-0.754,-0.7431,-0.7278,-0.7087,-0.6877,-0.6673,-0.65,-0.6369,-0.6282,-0.6223,-0.6164,-0.6067,-0.5896,-0.5639,-0.5329,-0.5038,-0.4839,-0.4757,-0.4768,-0.4825,-0.4891,-0.4947,-0.4985,-0.5008,-0.5016,-0.5016,-0.5008,-0.4997,-0.4983,-0.4969,-0.7826,-0.79,-0.7948,-0.7971,-0.7971,-0.7948,-0.7894,-0.7787,-0.7607,-0.7358,-0.707,-0.6793,-0.6569,-0.642,-0.6347,-0.633,-0.6323,-0.6256,-0.605,-0.5661,-0.5142,-0.4658,-0.4378,-0.4344,-0.4463,-0.4627,-0.4771,-0.4876,-0.4942,-0.4979,-0.4994,-0.4996,-0.499,-0.4979,-0.4965,-0.495,-0.8117,-0.8221,-0.8292,-0.8333,-0.8353,-0.8364,-0.8357,-0.8284,-0.8084,-0.7741,-0.7321,-0.6922,-0.6618,-0.6442,-0.6398,-0.6461,-0.6567,-0.6597,-0.6376,-0.5757,-0.48,-0.3896,-0.3504,-0.3654,-0.4033,-0.4393,-0.4653,-0.4817,-0.491,-0.4958,-0.4978,-0.498,-0.4973,-0.496,-0.4946,-0.493,-0.8458,-0.8607,-0.8709,-0.8764,-0.8802,-0.8867,-0.8972,-0.9023,-0.8832,-0.8324,-0.7656,-0.7048,-0.6619,-0.6406,-0.6406,-0.6601,-0.693,-0.7216,-0.7098,-0.6123,-0.4209,-0.2296,-0.1812,-0.2578,-0.3514,-0.4179,-0.4574,-0.479,-0.49,-0.4951,-0.4968,-0.4967,-0.4957,-0.4942,-0.4925,-0.4908,-0.8862,-0.9082,-0.923,-0.929,-0.9315,-0.9436,-0.9769,-1.0181,-1.0116,-0.9253,-0.8086,-0.7131,-0.6528,-0.6262,-0.6316,-0.6697,-0.7405,-0.8288,-0.8705,-0.7388,-0.3556,0.0821,0.104,-0.1327,-0.3135,-0.4108,-0.4589,-0.4817,-0.4919,-0.4957,-0.4964,-0.4955,-0.494,-0.4922,-0.4903,-0.4885,-0.9335,-0.9679,-0.9918,-0.9974,-0.9899,-0.9983,-1.0647,-1.1949,-1.237,-1.0622,-0.8496,-0.707,-0.6277,-0.595,-0.6042,-0.6615,-0.7822,-0.9815,-1.1903,-1.0817,-0.4694,0.2865,0.2579,-0.1206,-0.3365,-0.4327,-0.4738,-0.4905,-0.4963,-0.4973,-0.4962,-0.4942,-0.4921,-0.4898,-0.4877,-0.4858,-0.986,-1.0418,-1.0872,-1.0966,-1.0625,-1.0369,-1.1084,-1.3474,-1.481,-1.1569,-0.8428,-0.67,-0.5801,-0.541,-0.5477,-0.6142,-0.7707,-1.0718,-1.5087,-1.4595,-0.86,-0.3214,-0.1933,-0.3362,-0.4384,-0.4833,-0.4991,-0.5026,-0.5014,-0.4986,-0.4954,-0.4924,-0.4896,-0.4871,-0.4848,-0.4828,-1.0363,-1.122,-1.2112,-1.2461,-1.1641,-1.0596,-1.05,-1.1861,-1.2541,-0.9924,-0.7413,-0.5956,-0.5103,-0.4612,-0.4505,-0.5074,-0.666,-0.9388,-1.2507,-1.2715,-1.1775,-1.0094,-0.7369,-0.6064,-0.5606,-0.5387,-0.5237,-0.5125,-0.5042,-0.4979,-0.4932,-0.4894,-0.4863,-0.4837,-0.4813,-0.4794,-1.0707,-1.179,-1.3097,-1.3901,-1.2609,-1.0761,-0.9551,-0.9009,-0.8324,-0.7071,-0.5933,-0.5038,-0.4289,-0.36,-0.296,-0.3167,-0.4971,-0.7415,-0.9681,-1.1913,-1.5946,-1.4799,-1.0206,-0.7602,-0.6348,-0.5704,-0.5345,-0.5137,-0.5014,-0.4939,-0.4888,-0.4851,-0.4821,-0.4795,-0.4773,-0.4754,-1.0796,-1.191,-1.3073,-1.3639,-1.2951,-1.091,-0.8915,-0.7323,-0.5671,-0.4744,-0.4656,-0.4219,-0.3526,-0.2632,-0.0781,0.0145,-0.3359,-0.6383,-0.8555,-1.0872,-1.3993,-1.334,-1.0014,-0.7699,-0.6378,-0.5636,-0.5229,-0.5018,-0.4912,-0.4856,-0.4821,-0.4794,-0.4769,-0.4746,-0.4726,-0.4708,-1.0643,-1.1809,-1.3408,-1.5743,-1.5086,-1.1231,-0.8654,-0.6834,-0.3827,-0.2464,-0.3858,-0.3618,-0.2858,-0.2072,-0.0698,0.0309,-0.3703,-0.7019,-0.878,-0.9536,-1.0137,-0.9755,-0.8314,-0.6865,-0.5811,-0.5169,-0.4861,-0.4756,-0.4737,-0.4739,-0.4738,-0.4728,-0.4711,-0.4691,-0.4671,-0.4656,-1.0235,-1.1343,-1.3031,-1.53,-1.4498,-1.065,-0.8723,-0.821,-0.5743,-0.3753,-0.3882,-0.3211,-0.221,-0.1117,-0.1348,-0.2938,-0.5986,-1.0628,-1.2002,-1.0001,-0.8619,-0.772,-0.676,-0.5742,-0.4847,-0.4323,-0.4244,-0.4376,-0.4519,-0.4612,-0.4654,-0.466,-0.4648,-0.4627,-0.4608,-0.4593,-0.9585,-1.0369,-1.1309,-1.1964,-1.1147,-0.938,-0.882,-1.0011,-0.8187,-0.5528,-0.3962,-0.2886,-0.2111,-0.0307,-0.0718,-0.3753,-0.7432,-1.8318,-1.8819,-1.1028,-0.7853,-0.6448,-0.5554,-0.466,-0.3642,-0.3096,-0.3436,-0.3972,-0.4331,-0.4517,-0.4591,-0.4601,-0.458,-0.4552,-0.453,-0.4517,-0.8821,-0.925,-0.96,-0.9619,-0.9081,-0.8368,-0.8216,-0.8529,-0.7665,-0.5387,-0.3749,-0.2569,-0.2285,-0.2831,-0.2863,-0.3722,-0.6249,-1.258,-1.3887,-0.9123,-0.6308,-0.506,-0.4493,-0.3872,-0.2731,-0.202,-0.2846,-0.3766,-0.4279,-0.4505,-0.4569,-0.4549,-0.4499,-0.4453,-0.4426,-0.4419,-0.8084,-0.827,-0.8342,-0.8207,-0.7855,-0.7456,-0.7205,-0.6923,-0.5993,-0.4552,-0.3511,-0.2963,-0.2645,-0.211,-0.3478,-0.4091,-1.1916,-0.8608,-0.7578,-0.557,-0.3637,-0.3112,-0.3408,-0.3494,-0.2984,-0.2552,-0.3206,-0.4012,-0.4459,-0.4613,-0.4591,-0.4489,-0.4377,-0.4302,-0.4275,-0.4287,-0.7439,-0.7484,-0.7435,-0.726,-0.6971,-0.6624,-0.6241,-0.5708,-0.4868,-0.3853,-0.3146,-0.303,-0.2879,-0.2786,-0.3661,-0.634,-1.0037,-0.6625,-0.4314,-0.2481,-0.0236,-0.0722,-0.235,-0.3276,-0.3646,-0.384,-0.4267,-0.4705,-0.4892,-0.4836,-0.4626,-0.4364,-0.415,-0.4048,-0.4048,-0.4107,-0.6896,-0.6863,-0.6755,-0.6562,-0.6287,-0.5942,-0.552,-0.498,-0.4303,-0.3596,-0.3128,-0.2963,-0.2527,-0.232,-0.2688,-0.3494,-0.3944,-0.2284,-0.0474,-0.0363,0.0447,-0.0143,-0.189,-0.3264,-0.4335,-0.517,-0.5678,-0.577,-0.555,-0.5137,-0.4603,-0.4062,-0.3699,-0.3608,-0.3708,-0.3872,-0.6445,-0.6365,-0.6228,-0.6024,-0.5756,-0.5422,-0.502,-0.4544,-0.4016,-0.3509,-0.3109,-0.2732,-0.2224,-0.1823,-0.0308,0.0446,-0.0103,0.216,0.5108,0.2073,0.0404,-0.0596,-0.1937,-0.3563,-0.5408,-0.7153,-0.7805,-0.7252,-0.6384,-0.5463,-0.4434,-0.3421,-0.2855,-0.2911,-0.3259,-0.3608,-0.607,-0.5964,-0.581,-0.5604,-0.5345,-0.5032,-0.4667,-0.4255,-0.3816,-0.338,-0.2952,-0.2458,-0.1744,-0.0125,0.4889,0.7028,0.2523,0.3024,0.472,0.4018,0.1852,-0.011,-0.1827,-0.39,-0.6713,-0.9945,-1.0682,-0.8848,-0.7225,-0.5787,-0.4167,-0.2457,-0.1663,-0.2096,-0.2832,-0.3396,-0.5757,-0.5636,-0.5475,-0.5272,-0.5026,-0.4736,-0.4406,-0.4042,-0.3651,-0.3238,-0.278,-0.2196,-0.1264,0.0648,0.4429,0.5693,0.2887,0.2948,0.591,0.731,0.3224,0.0612,-0.1311,-0.3717,-0.7034,-1.0622,-1.1363,-0.9564,-0.7855,-0.6175,-0.4229,-0.2066,-0.1131,-0.1799,-0.2715,-0.3353,-0.5497,-0.5367,-0.5205,-0.5009,-0.4776,-0.4508,-0.4208,-0.3877,-0.3517,-0.3121,-0.2661,-0.2071,-0.1221,0.0065,0.1601,0.2206,0.1891,0.242,0.4208,0.4752,0.2813,0.1437,0.013,-0.2514,-0.6138,-0.9413,-1.1303,-1.0413,-0.8327,-0.6627,-0.4924,-0.3118,-0.2196,-0.246,-0.3054,-0.3527,-0.5279,-0.5147,-0.4987,-0.4798,-0.458,-0.4332,-0.4056,-0.3752,-0.3419,-0.3047,-0.2616,-0.209,-0.1425,-0.0622,0.0159,0.0647,0.0925,0.1418,0.2124,0.2413,0.2484,0.3618,0.3676,-0.0073,-0.4844,-0.9233,-1.2637,-1.092,-0.8128,-0.6885,-0.5738,-0.4482,-0.3654,-0.3468,-0.3619,-0.3833,-0.5096,-0.4964,-0.4809,-0.4629,-0.4425,-0.4195,-0.3942,-0.3663,-0.3356,-0.3016,-0.2631,-0.2187,-0.1679,-0.1131,-0.0614,-0.0197,0.0157,0.0551,0.0995,0.1506,0.2709,0.5634,0.6599,0.1853,-0.3387,-0.7297,-0.9328,-0.8451,-0.7156,-0.6914,-0.6213,-0.5298,-0.4591,-0.423,-0.4125,-0.4142,-0.4943,-0.4814,-0.4665,-0.4495,-0.4303,-0.4091,-0.3858,-0.3603,-0.3325,-0.302,-0.2684,-0.2315,-0.1916,-0.1506,-0.1116,-0.0766,-0.0442,-0.0107,0.0281,0.0858,0.1988,0.3742,0.3949,0.0988,-0.2703,-0.5511,-0.6978,-0.7143,-0.6998,-0.6847,-0.6286,-0.5599,-0.5032,-0.4662,-0.4465,-0.438]},{"header":{"la1":42.85,"la2":41.18,"lo1":11.55,"lo2":14.05,"nx":36,"ny":24,"dx":0.07143,"dy":0.07261,"parameterCategory":2,"parameterNumber":3,"parameterNumberName":"northward_wind","parameterUnit":"m.s-1"},"data":[-0.6398,-0.6395,-0.6378,-0.6348,-0.6302,-0.6242,-0.6171,-0.6092,-0.6004,-0.5906,-0.579,-0.5649,-0.5481,-0.5284,-0.5062,-0.4825,-0.4582,-0.4351,-0.4144,-0.3975,-0.385,-0.377,-0.3732,-0.3731,-0.3758,-0.3806,-0.3868,-0.394,-0.4018,-0.41,-0.4184,-0.4268,-0.4352,-0.4434,-0.4513,-0.4588,-0.6487,-0.649,-0.6477,-0.6445,-0.6393,-0.6323,-0.624,-0.6153,-0.6066,-0.5975,-0.5865,-0.5725,-0.5544,-0.5323,-0.5064,-0.4777,-0.448,-0.4195,-0.3947,-0.3752,-0.3618,-0.3541,-0.3516,-0.3534,-0.3584,-0.3655,-0.3739,-0.3832,-0.3929,-0.4027,-0.4126,-0.4224,-0.432,-0.4413,-0.4502,-0.4587,-0.6583,-0.6596,-0.6589,-0.6556,-0.6491,-0.6399,-0.6291,-0.6185,-0.61,-0.6029,-0.5945,-0.5818,-0.5632,-0.5384,-0.5081,-0.4732,-0.436,-0.4,-0.3696,-0.3478,-0.3346,-0.3285,-0.3282,-0.3325,-0.3401,-0.3499,-0.3609,-0.3724,-0.3841,-0.3957,-0.4073,-0.4186,-0.4296,-0.4401,-0.4501,-0.4594,-0.6688,-0.6718,-0.6721,-0.6686,-0.6602,-0.6467,-0.6298,-0.6141,-0.6053,-0.6037,-0.6021,-0.5934,-0.5753,-0.5482,-0.5129,-0.47,-0.422,-0.3744,-0.3362,-0.3138,-0.3053,-0.304,-0.3063,-0.3123,-0.3221,-0.3345,-0.348,-0.3619,-0.3757,-0.3894,-0.4027,-0.4156,-0.428,-0.4399,-0.451,-0.4613,-0.6801,-0.6859,-0.6885,-0.6853,-0.6741,-0.6533,-0.6232,-0.5921,-0.5804,-0.5935,-0.6085,-0.6085,-0.5924,-0.5634,-0.523,-0.4708,-0.4073,-0.3396,-0.2869,-0.2685,-0.2776,-0.2921,-0.2948,-0.2962,-0.3055,-0.3197,-0.3357,-0.3521,-0.3682,-0.3839,-0.3991,-0.4137,-0.4277,-0.441,-0.4533,-0.4647,-0.6918,-0.7025,-0.7101,-0.7089,-0.6947,-0.6642,-0.6105,-0.5377,-0.5102,-0.565,-0.6171,-0.6304,-0.6165,-0.5864,-0.5426,-0.4814,-0.3983,-0.2959,-0.2082,-0.1986,-0.2439,-0.2937,-0.2932,-0.2815,-0.2889,-0.3055,-0.3244,-0.3433,-0.3617,-0.3795,-0.3967,-0.4132,-0.429,-0.4438,-0.4574,-0.4698,-0.7024,-0.7217,-0.7407,-0.7456,-0.7269,-0.6889,-0.6159,-0.4798,-0.4125,-0.5471,-0.6453,-0.6656,-0.6498,-0.6196,-0.5769,-0.5121,-0.4125,-0.2734,-0.1345,-0.1331,-0.1773,-0.2222,-0.2444,-0.2509,-0.2686,-0.2913,-0.314,-0.3357,-0.3564,-0.3765,-0.3959,-0.4145,-0.4323,-0.4488,-0.4638,-0.4773,-0.7075,-0.7391,-0.7851,-0.8088,-0.7711,-0.7282,-0.6809,-0.5831,-0.5359,-0.6511,-0.7217,-0.7189,-0.6918,-0.6642,-0.634,-0.5765,-0.4694,-0.323,-0.19,-0.1303,-0.0337,-0.0415,-0.1373,-0.2031,-0.2458,-0.2781,-0.3052,-0.3295,-0.3525,-0.375,-0.3969,-0.418,-0.438,-0.4565,-0.4731,-0.4877,-0.6994,-0.736,-0.8212,-0.8995,-0.7957,-0.7528,-0.7785,-0.8016,-0.8369,-0.8753,-0.8483,-0.7854,-0.7359,-0.7179,-0.7297,-0.7015,-0.5679,-0.4038,-0.2531,-0.0666,0.2349,0.1791,-0.0479,-0.168,-0.2299,-0.2687,-0.2983,-0.3245,-0.3499,-0.3751,-0.4001,-0.4243,-0.4471,-0.4679,-0.4862,-0.5017,-0.6737,-0.6822,-0.7171,-0.7455,-0.6521,-0.7271,-0.8674,-1.0049,-1.1635,-1.2,-1.0129,-0.8478,-0.7697,-0.7651,-0.8792,-0.9491,-0.6749,-0.4593,-0.3022,-0.1158,0.114,0.0933,-0.0688,-0.1709,-0.2275,-0.2637,-0.2926,-0.3199,-0.348,-0.377,-0.4061,-0.4343,-0.4606,-0.4841,-0.5042,-0.5206,-0.6434,-0.6044,-0.4947,-0.2311,-0.2918,-0.6816,-0.9616,-1.1638,-1.4985,-1.6719,-1.1512,-0.8739,-0.7868,-0.7837,-0.868,-0.9527,-0.6419,-0.45,-0.3384,-0.2289,-0.1262,-0.103,-0.1469,-0.1957,-0.2317,-0.259,-0.2849,-0.3138,-0.3462,-0.3807,-0.4157,-0.4494,-0.4803,-0.5071,-0.529,-0.5459,-0.6306,-0.578,-0.4538,-0.2467,-0.3311,-0.7625,-1.0999,-1.277,-1.3776,-1.4289,-1.0634,-0.8421,-0.8002,-0.874,-0.7849,-0.6142,-0.4634,-0.3944,-0.3568,-0.2832,-0.217,-0.1863,-0.1902,-0.2099,-0.2295,-0.2468,-0.2705,-0.3042,-0.3443,-0.3874,-0.4308,-0.4721,-0.509,-0.5396,-0.5631,-0.5795,-0.6401,-0.6093,-0.5588,-0.5268,-0.6392,-0.9129,-1.2114,-1.3933,-1.3381,-1.1172,-0.9066,-0.7977,-0.7777,-0.9215,-0.7737,-0.3623,-0.2539,-0.4116,-0.42,-0.2826,-0.2114,-0.1816,-0.1842,-0.2025,-0.2155,-0.2215,-0.2466,-0.2915,-0.3441,-0.3993,-0.4545,-0.5062,-0.551,-0.586,-0.6102,-0.6244,-0.6594,-0.6538,-0.6544,-0.6867,-0.7867,-0.957,-1.1606,-1.3381,-1.2498,-0.9769,-0.8047,-0.7968,-0.7939,-0.5951,-0.3625,0.1179,0.0897,-0.1863,-0.2843,-0.1996,-0.1251,-0.1017,-0.1331,-0.1791,-0.2016,-0.1976,-0.2264,-0.2842,-0.3504,-0.4206,-0.4918,-0.5584,-0.6138,-0.6533,-0.6758,-0.684,-0.6758,-0.6846,-0.704,-0.745,-0.8167,-0.9145,-1.0146,-1.0637,-0.9832,-0.8194,-0.7048,-0.6628,-0.5769,-0.4075,-0.1927,0.2692,0.747,0.1548,-0.0837,-0.0474,0.0991,0.1017,-0.028,-0.1392,-0.1936,-0.2056,-0.2335,-0.2914,-0.3673,-0.4556,-0.5499,-0.6391,-0.7095,-0.7522,-0.7675,-0.7628,-0.6843,-0.698,-0.7197,-0.753,-0.798,-0.8475,-0.8835,-0.8784,-0.8114,-0.7046,-0.6158,-0.6005,-0.5814,-0.4821,-0.2658,0.1455,0.511,0.1137,-0.0675,0.1114,0.6131,0.4905,0.1047,-0.0922,-0.1738,-0.2074,-0.2404,-0.2993,-0.3895,-0.5061,-0.6387,-0.7659,-0.8589,-0.8999,-0.8952,-0.8643,-0.6853,-0.6987,-0.7167,-0.7395,-0.765,-0.7868,-0.7944,-0.7762,-0.7287,-0.6649,-0.6152,-0.6171,-0.7004,-0.7188,-0.4361,-0.2137,-0.1098,-0.2121,-0.2765,0.0195,0.6816,0.5307,0.1075,-0.0847,-0.1493,-0.1656,-0.1952,-0.2746,-0.4026,-0.5704,-0.7701,-0.9676,-1.0964,-1.1194,-1.0668,-0.9877,-0.6808,-0.6918,-0.7048,-0.7189,-0.7319,-0.7396,-0.7366,-0.7189,-0.6882,-0.6539,-0.6315,-0.6397,-0.7308,-0.7399,-0.5673,-0.4774,-0.4008,-0.5207,-0.7191,-0.3456,0.0095,0.0716,-0.0493,-0.1258,-0.11,-0.0343,-0.0363,-0.186,-0.396,-0.6429,-0.9507,-1.2777,-1.4626,-1.4245,-1.2742,-1.1197,-0.673,-0.6811,-0.6896,-0.6976,-0.7032,-0.704,-0.6976,-0.683,-0.6623,-0.641,-0.6264,-0.6256,-0.639,-0.6372,-0.6947,-0.7354,-0.5413,-0.5508,-0.6212,-0.4346,-0.2903,-0.2119,-0.2059,-0.1845,-0.0547,0.2326,0.293,-0.0624,-0.3917,-0.7115,-1.1402,-1.6579,-1.9137,-1.7492,-1.4613,-1.2258,-0.6636,-0.6691,-0.6741,-0.678,-0.6793,-0.6769,-0.6696,-0.6575,-0.6421,-0.6263,-0.6134,-0.6058,-0.6036,-0.614,-0.6766,-0.6927,-0.5593,-0.4912,-0.4339,-0.4065,-0.3859,-0.3557,-0.3344,-0.2735,-0.1045,0.2587,0.3419,-0.1403,-0.4546,-0.7566,-1.2057,-1.81,-2.0995,-1.8669,-1.5236,-1.262,-0.6536,-0.657,-0.6596,-0.6607,-0.6596,-0.6556,-0.6483,-0.6379,-0.6253,-0.6121,-0.6,-0.5902,-0.584,-0.5853,-0.5945,-0.5803,-0.5277,-0.4784,-0.4412,-0.4285,-0.4478,-0.4855,-0.4888,-0.4167,-0.3079,-0.2623,-0.4463,-0.4925,-0.5873,-0.7806,-1.0919,-1.5223,-1.7649,-1.6532,-1.4186,-1.2136,-0.6439,-0.6456,-0.6464,-0.6458,-0.6433,-0.6386,-0.6315,-0.6222,-0.6113,-0.5997,-0.5883,-0.5778,-0.569,-0.5622,-0.5544,-0.5378,-0.5109,-0.4849,-0.4706,-0.4826,-0.5503,-0.6845,-0.7232,-0.5884,-0.4837,-0.5254,-0.6749,-0.6526,-0.7369,-0.8297,-0.9606,-1.1752,-1.335,-1.3352,-1.2344,-1.1139,-0.6346,-0.6351,-0.6347,-0.633,-0.6297,-0.6247,-0.6179,-0.6095,-0.5997,-0.5893,-0.5786,-0.5681,-0.5581,-0.5483,-0.5373,-0.5235,-0.508,-0.4968,-0.4991,-0.5324,-0.6332,-0.8228,-0.8782,-0.6959,-0.5756,-0.5788,-0.6433,-0.7583,-0.9428,-0.9235,-0.9087,-0.9846,-1.07,-1.0978,-1.067,-1.0072,-0.6261,-0.6257,-0.6244,-0.622,-0.6183,-0.6133,-0.6068,-0.599,-0.5902,-0.5807,-0.5708,-0.5608,-0.5509,-0.5409,-0.5306,-0.5201,-0.5113,-0.5083,-0.5184,-0.5538,-0.6313,-0.7395,-0.7667,-0.678,-0.6088,-0.6117,-0.6779,-0.821,-0.9695,-0.9381,-0.8848,-0.8955,-0.9314,-0.9522,-0.9451,-0.917]}]