docs/data/wind_grid.json
[{"header":{"la1":42.85,"la2":41.18,"lo1":11.55,"lo2":14.05,"nx":36,"ny":24,"dx":0.07143,"dy":0.07261,"parameterCategory":2,"parameterNumber":2,"parameterNumberName":"eastward_wind","parameterUnit":"m.s-1"},"data":[3.8019,3.8126,3.8256,3.8408,3.857,3.8721,3.8832,3.8872,3.8814,3.8646,3.8375,3.8013,3.7573,3.706,3.6469,3.5791,3.5018,3.4142,3.3173,3.2156,3.1199,3.0463,3.0092,3.0117,3.0443,3.0928,3.1453,3.1947,3.238,3.2746,3.3048,3.3295,3.3499,3.3666,3.3805,3.3922,3.7985,3.8112,3.8281,3.8492,3.8736,3.8986,3.9198,3.9315,3.9288,3.9099,3.877,3.8335,3.7821,3.7233,3.6561,3.5784,3.4877,3.381,3.2558,3.1142,2.971,2.8595,2.8138,2.8388,2.9093,2.9949,3.0764,3.1463,3.2031,3.2484,3.2842,3.3125,3.335,3.3531,3.3679,3.3802,3.7903,3.8046,3.8253,3.8536,3.8892,3.9295,3.9679,3.9936,3.996,3.972,3.928,3.8728,3.8116,3.7448,3.6699,3.5829,3.4795,3.3535,3.1953,2.9941,2.7623,2.5711,2.5137,2.5956,2.7413,2.8871,3.0083,3.1021,3.173,3.2264,3.2668,3.2977,3.3216,3.3405,3.3558,3.3683,3.7759,3.7903,3.8138,3.8496,3.9001,3.9641,4.0332,4.0868,4.0987,4.0611,3.9936,3.9187,3.8448,3.7701,3.6887,3.5945,3.4813,3.3419,3.1572,2.8805,2.4786,2.0979,2.0338,2.2656,2.554,2.7862,2.9527,3.0693,3.1515,3.2104,3.2535,3.2855,3.3099,3.3288,3.3438,3.3562,3.7539,3.7654,3.7888,3.8306,3.8981,3.9965,4.1211,4.2365,4.2697,4.1933,4.0742,3.967,3.8784,3.7975,3.7128,3.6146,3.4962,3.3562,3.1808,2.8605,2.1788,1.3502,1.3373,1.9132,2.4074,2.7258,2.9259,3.0553,3.142,3.202,3.2448,3.276,3.2994,3.3174,3.3317,3.3435,3.7234,3.7279,3.7454,3.787,3.8686,4.008,4.2203,4.4724,4.5617,4.3757,4.1545,4.0067,3.9071,3.8249,3.7414,3.644,3.5243,3.3924,3.2889,3.071,2.2212,0.9086,0.9828,1.8325,2.411,2.7433,2.9407,3.0642,3.1453,3.2007,3.2399,3.2683,3.2895,3.3057,3.3187,3.3295,3.6857,3.6785,3.6824,3.7122,3.7958,3.9635,4.2519,4.6803,4.87,4.5023,4.1838,4.0218,3.9268,3.8498,3.7716,3.6818,3.5677,3.434,3.3806,3.3215,2.7316,1.948,1.8182,2.2306,2.5995,2.8408,2.9932,3.0918,3.1579,3.2039,3.2368,3.2609,3.2789,3.2927,3.3039,3.3135,3.6442,3.6241,3.6134,3.6212,3.6856,3.8486,4.1107,4.4541,4.5973,4.3406,4.1211,4.0108,3.9401,3.8699,3.7921,3.7159,3.6286,3.5036,3.3852,3.2626,2.996,2.7857,2.6549,2.7104,2.8469,2.9702,3.0608,3.1252,3.1719,3.2066,3.2324,3.2515,3.2658,3.2768,3.286,3.2943,3.602,3.5708,3.5681,3.5876,3.5872,3.7093,3.9008,4.0674,4.126,4.0782,4.0284,3.9982,3.9611,3.8859,3.7682,3.6944,3.6818,3.6135,3.4699,3.2399,2.9448,2.9512,2.9872,3.0007,3.0355,3.0762,3.1137,3.1474,3.1775,3.2029,3.2229,3.2377,3.2483,3.2564,3.2633,3.2703,3.5607,3.5023,3.4668,3.4599,3.4058,3.5619,3.7518,3.8652,3.9041,3.9203,3.9678,4.0098,4.0151,3.9277,3.6402,3.4794,3.6995,3.7443,3.6351,3.3915,3.0937,3.0775,3.1528,3.1589,3.1396,3.1238,3.1241,3.1405,3.1645,3.1876,3.2053,3.217,3.2242,3.2291,3.2338,3.2398,3.5299,3.4245,3.235,2.8754,2.9519,3.4199,3.6725,3.7747,3.8226,3.8273,3.9431,4.0545,4.129,4.111,3.7717,3.5079,3.8189,3.9295,3.8782,3.6912,3.4769,3.3667,3.3166,3.2425,3.1484,3.0776,3.0611,3.0872,3.1258,3.1579,3.178,3.1877,3.191,3.1922,3.1946,3.2,3.5299,3.4129,3.2041,2.9023,2.994,3.4412,3.6477,3.6862,3.7712,3.847,3.9772,4.1241,4.2772,4.4795,4.3092,4.0505,4.0693,4.2321,4.2298,3.9894,3.7571,3.5835,3.4281,3.2356,3.0121,2.8684,2.8823,2.9761,3.063,3.1171,3.142,3.1482,3.1455,3.1416,3.1416,3.1476,3.5656,3.4817,3.3703,3.285,3.3698,3.5658,3.6478,3.603,3.6816,3.8671,4.0391,4.206,4.3046,4.5925,4.4513,4.1497,4.181,4.668,4.6759,4.1909,3.914,3.7087,3.4789,3.1344,2.6604,2.3904,2.5631,2.8279,2.9961,3.0754,3.0998,3.0956,3.0816,3.0703,3.0683,3.0774,3.6198,3.5747,3.5335,3.5259,3.5796,3.6575,3.6854,3.658,3.7227,3.9087,4.0758,4.2996,4.3336,3.8856,4.1117,3.9875,4.0777,4.3843,4.4445,4.1772,3.9722,3.7886,3.5301,3.0619,2.2821,1.8427,2.2897,2.7438,2.967,3.0465,3.0511,3.0222,2.9879,2.9662,2.9648,2.9825,3.6748,3.6555,3.6457,3.6563,3.6902,3.7307,3.7574,3.7815,3.855,3.973,4.0643,4.1185,4.0838,3.9994,4.0292,3.9561,4.1393,4.1634,4.1858,4.1035,3.9946,3.8718,3.6423,3.214,2.5527,2.1723,2.4885,2.8435,3.0057,3.0333,2.9861,2.9094,2.8416,2.8084,2.8158,2.8543,3.7224,3.7174,3.7206,3.7356,3.7617,3.7935,3.8272,3.8709,3.9381,4.0204,4.0827,4.0295,4.0446,4.0518,4.0623,4.0857,4.145,4.1556,4.1598,4.094,4.0128,3.9626,3.7809,3.482,3.1312,2.9223,2.9666,3.0681,3.0893,3.0188,2.881,2.7213,2.6012,2.5626,2.6011,2.6845,3.7611,3.7638,3.7727,3.7891,3.8128,3.8423,3.8773,3.9209,3.9748,4.0327,4.0764,4.0603,4.0708,4.0853,4.1005,4.1283,4.1686,4.2414,4.2865,4.1713,4.0265,3.9947,3.8678,3.6756,3.4962,3.3905,3.3451,3.2877,3.1736,2.9799,2.7018,2.3974,2.1959,2.1797,2.3017,2.4725,3.7918,3.7986,3.8102,3.8272,3.8495,3.8769,3.9093,3.9467,3.9878,4.0264,4.0532,4.0673,4.0854,4.1019,4.1639,4.2125,4.251,4.4301,4.6271,4.3616,4.1553,4.0406,3.9216,3.7867,3.6933,3.6761,3.6344,3.4754,3.2424,2.9135,2.4283,1.8632,1.5361,1.6243,1.9285,2.2421,3.8158,3.8249,3.8377,3.8545,3.8755,3.9004,3.9289,3.9602,3.9926,4.0227,4.0482,4.0712,4.0992,4.1543,4.3038,4.367,4.3051,4.4394,4.5709,4.4772,4.2905,4.1163,3.9739,3.8496,3.7984,3.9147,3.9351,3.6194,3.286,2.8564,2.1343,1.1741,0.6854,1.0125,1.5863,2.0593,3.8346,3.8447,3.8579,3.8741,3.8935,3.9159,3.9407,3.9673,3.9945,4.0208,4.0462,4.0732,4.1096,4.1746,4.2902,4.3337,4.3016,4.3866,4.5855,4.6699,4.383,4.1764,4.0269,3.8841,3.7955,3.9255,3.9632,3.5389,3.2708,2.8836,2.087,0.9029,0.3226,0.7922,1.4856,2.014,3.849,3.8596,3.8725,3.8879,3.9057,3.9257,3.9476,3.9706,3.9943,4.0182,4.0427,4.07,4.1046,4.1523,4.2078,4.2406,4.2631,4.3337,4.461,4.4924,4.3446,4.2285,4.1232,3.9373,3.7048,3.4496,3.0573,3.1158,3.2397,3.0554,2.4556,1.5413,1.0232,1.249,1.7267,2.141,3.8599,3.8705,3.883,3.8974,3.9136,3.9316,3.9509,3.9712,3.9922,4.0138,4.0364,4.0612,4.09,4.1232,4.1571,4.1855,4.2147,4.2584,4.3072,4.3187,4.308,4.3726,4.3685,4.0827,3.6885,3.199,2.6582,2.9619,3.423,3.4008,2.9903,2.3986,1.9878,1.9534,2.1431,2.3778,3.868,3.8783,3.8902,3.9035,3.9183,3.9344,3.9515,3.9695,3.9881,4.0074,4.0275,4.0489,4.0721,4.0966,4.1209,4.1437,4.1671,4.1932,4.2186,4.2434,4.3136,4.5118,4.5799,4.2155,3.7791,3.3974,3.1854,3.473,3.9561,3.8349,3.4148,2.9698,2.6432,2.511,2.5343,2.6324,3.8738,3.8837,3.8948,3.907,3.9205,3.9349,3.9501,3.966,3.9824,3.9993,4.0167,4.0347,4.0533,4.0721,4.0904,4.1077,4.1246,4.1417,4.1603,4.1892,4.2565,4.3728,4.3809,4.1459,3.8413,3.6055,3.5353,3.7396,4.0328,3.9203,3.5837,3.2564,3.0091,2.8698,2.8284,2.8514]},{"header":{"la1":42.85,"la2":41.18,"lo1":11.55,"lo2":14.05,"nx":36,"ny":24,"dx":0.07143,"dy":0.07261,"parameterCategory":2,"parameterNumber":3,"parameterNumberName":"northward_wind","parameterUnit":"m.s-1"},"data":[1.5369,1.533,1.5246,1.5121,1.4961,1.4787,1.462,1.4484,1.4392,1.4346,1.4331,1.4328,1.4314,1.4274,1.4202,1.4102,1.3991,1.3897,1.3845,1.385,1.3896,1.3943,1.3949,1.3892,1.3787,1.3659,1.3532,1.3422,1.3335,1.3271,1.3229,1.3205,1.3196,1.32,1.3212,1.323,1.5619,1.5585,1.5486,1.5319,1.5095,1.4841,1.4597,1.4406,1.4296,1.427,1.43,1.4345,1.4369,1.4346,1.4264,1.4129,1.3968,1.383,1.3772,1.3832,1.3985,1.4138,1.4187,1.41,1.3923,1.3722,1.354,1.3393,1.3285,1.3212,1.3168,1.3149,1.3147,1.3159,1.3181,1.3208,1.5941,1.5927,1.5818,1.5596,1.5273,1.4887,1.4507,1.4216,1.4078,1.4098,1.4218,1.4357,1.445,1.446,1.4366,1.4171,1.3913,1.3679,1.3593,1.3758,1.415,1.4544,1.4664,1.4467,1.4128,1.3797,1.3532,1.334,1.3211,1.3132,1.3091,1.308,1.3091,1.3116,1.315,1.3189,1.6361,1.6402,1.6302,1.6016,1.5542,1.4934,1.4302,1.3809,1.3618,1.3751,1.4058,1.4366,1.4579,1.4648,1.4545,1.4255,1.3818,1.3366,1.3164,1.3506,1.4441,1.543,1.5623,1.5068,1.4383,1.3847,1.3481,1.3245,1.3101,1.3024,1.2994,1.2999,1.3027,1.3069,1.312,1.3174,1.6906,1.7072,1.7039,1.6697,1.6003,1.5026,1.3923,1.2986,1.2671,1.3096,1.3797,1.4396,1.4792,1.4965,1.487,1.4453,1.3704,1.2775,1.2169,1.2698,1.4756,1.7207,1.7288,1.5781,1.4541,1.3784,1.334,1.3082,1.2942,1.2881,1.2874,1.2904,1.2957,1.3024,1.3096,1.3168,1.7591,1.8015,1.8202,1.7867,1.686,1.5313,1.3416,1.1503,1.0844,1.2045,1.3508,1.4512,1.5149,1.549,1.5467,1.4927,1.3731,1.1885,1.0096,1.0555,1.4032,1.8388,1.8195,1.5796,1.429,1.3495,1.3063,1.283,1.2722,1.2697,1.2728,1.2796,1.2885,1.2983,1.3082,1.3176,1.837,1.9277,2.0042,1.9943,1.8457,1.6095,1.3322,1.0117,0.8812,1.1275,1.3514,1.4822,1.5705,1.6333,1.6548,1.5994,1.4363,1.1482,0.793,0.8171,1.1648,1.4694,1.5373,1.4338,1.3471,1.2942,1.2636,1.248,1.2435,1.247,1.2559,1.2681,1.2817,1.2956,1.3087,1.3205,1.9059,2.0668,2.2707,2.3536,2.1039,1.7436,1.4378,1.1645,1.0623,1.2383,1.4111,1.5336,1.6453,1.761,1.8491,1.8197,1.6209,1.304,0.9955,0.9376,0.9371,1.0169,1.1804,1.2419,1.2399,1.2223,1.208,1.203,1.2077,1.22,1.2372,1.2567,1.2765,1.2953,1.3122,1.3267,1.9301,2.1367,2.4911,2.7749,2.3212,1.8374,1.5641,1.4082,1.3587,1.4026,1.4823,1.5834,1.7218,1.933,2.2108,2.2741,1.9483,1.5591,1.2537,0.9828,0.596,0.674,0.9784,1.1114,1.1444,1.1433,1.1399,1.1464,1.1639,1.1889,1.2176,1.2468,1.2744,1.2991,1.3202,1.3375,1.8863,2.0415,2.2721,2.4099,2.0691,1.785,1.6057,1.505,1.4564,1.455,1.5082,1.6055,1.7606,2.0709,2.8245,3.2261,2.3295,1.7525,1.4183,1.1035,0.7651,0.7826,0.97,1.0519,1.0611,1.0504,1.0514,1.0731,1.1103,1.1544,1.1992,1.241,1.2781,1.3096,1.335,1.3547,1.8011,1.8662,1.8692,1.7044,1.6932,1.6842,1.6008,1.5354,1.4448,1.4071,1.4982,1.6002,1.7375,1.972,2.6901,3.24,2.2678,1.7873,1.5433,1.3175,1.1164,1.0372,1.0332,1.0075,0.9528,0.9117,0.9201,0.9732,1.0456,1.119,1.1857,1.2434,1.2915,1.3301,1.3596,1.3808,1.7177,1.7411,1.7209,1.6544,1.6464,1.6318,1.6066,1.6028,1.5181,1.4553,1.5045,1.5838,1.7027,1.8414,1.9155,1.9964,1.8505,1.7619,1.6758,1.4682,1.2771,1.1466,1.0436,0.9152,0.7571,0.6624,0.709,0.8383,0.9742,1.09,1.1842,1.26,1.32,1.3655,1.3979,1.4189,1.6496,1.6616,1.6572,1.64,1.6197,1.6007,1.618,1.6761,1.6154,1.5073,1.4953,1.5656,1.6449,1.8367,1.7655,1.5972,1.6104,1.9205,1.9149,1.5346,1.3043,1.1493,0.9974,0.7643,0.4152,0.214,0.3958,0.6868,0.9167,1.0823,1.2053,1.2997,1.3712,1.4224,1.4552,1.4728,1.5934,1.5995,1.5972,1.5865,1.571,1.5633,1.584,1.6255,1.577,1.453,1.423,1.5703,1.6252,1.5208,1.4627,1.2988,1.3974,1.655,1.6851,1.4233,1.2222,1.0864,0.9415,0.6512,0.0872,-0.2599,0.1433,0.6113,0.9161,1.1167,1.2622,1.3733,1.4557,1.5101,1.5389,1.5473,1.5457,1.547,1.5425,1.5325,1.5197,1.5106,1.5088,1.4973,1.4279,1.3043,1.2211,1.2651,1.2968,1.1029,1.3084,1.2496,1.4991,1.4159,1.3517,1.199,1.0354,0.9654,0.909,0.7099,0.2851,0.0147,0.3246,0.727,1.0086,1.208,1.3658,1.4942,1.5885,1.6423,1.6585,1.6478,1.5044,1.502,1.495,1.4836,1.4688,1.4515,1.428,1.3834,1.2914,1.1228,0.8637,0.9507,1.0639,1.1616,1.2275,1.3112,1.4171,1.2676,1.1236,0.969,0.7512,0.7883,0.8892,0.855,0.7214,0.6488,0.7774,0.9872,1.1775,1.3509,1.5221,1.6805,1.7942,1.8402,1.8263,1.7785,1.4687,1.4632,1.4538,1.4402,1.422,1.3978,1.3629,1.3075,1.2166,1.0701,0.8841,0.9491,0.9475,0.9266,1.0576,1.1025,1.0997,0.9558,0.804,0.8083,0.6979,0.7561,0.906,0.9809,1.0268,1.0919,1.1789,1.2653,1.3683,1.5201,1.7315,1.9612,2.1147,2.1334,2.0528,1.9382,1.4377,1.4298,1.4184,1.4027,1.382,1.3544,1.3168,1.2643,1.1928,1.1054,1.0312,0.9959,0.9092,0.8611,0.7828,0.7161,0.7885,0.5569,0.2068,0.6417,0.8091,0.8713,0.9694,1.0927,1.2599,1.4532,1.5403,1.5136,1.5312,1.6782,1.9838,2.3736,2.6048,2.5423,2.3275,2.1084,1.4107,1.4011,1.3882,1.3712,1.3493,1.3213,1.2854,1.2399,1.185,1.1251,1.0681,1.0102,0.9267,0.7587,0.2202,-0.0154,0.5481,0.5636,0.4349,0.7736,0.871,0.9264,1.0151,1.1748,1.4513,1.8267,1.9171,1.7018,1.6242,1.7728,2.2142,2.8722,3.216,2.9825,2.575,2.242,1.3874,1.3766,1.3627,1.3452,1.3233,1.2963,1.2634,1.2241,1.179,1.1296,1.0761,1.011,0.9105,0.7055,0.2865,0.154,0.5564,0.7491,0.9527,1.057,0.9319,0.9223,0.9934,1.1726,1.4874,1.8993,1.9893,1.7227,1.6111,1.7395,2.2396,3.0625,3.4742,3.1395,2.6473,2.2755,1.3672,1.3558,1.3415,1.324,1.3028,1.2774,1.2474,1.2128,1.1736,1.1297,1.0794,1.0164,0.927,0.7921,0.6329,0.5946,0.7108,0.828,0.9315,0.9644,0.8863,0.8089,0.837,1.0431,1.3577,1.6371,1.7402,1.6457,1.4802,1.5316,1.9368,2.595,2.9705,2.8112,2.4742,2.1852,1.35,1.3382,1.3239,1.3068,1.2865,1.2629,1.2356,1.2046,1.1697,1.1304,1.0853,1.031,0.9638,0.8848,0.8149,0.7928,0.8223,0.8645,0.8904,0.8667,0.7386,0.4935,0.4393,0.7838,1.1925,1.53,1.7848,1.5753,1.1333,1.1124,1.4625,1.9395,2.2617,2.2997,2.1739,2.0159,1.3353,1.3234,1.3093,1.2928,1.2737,1.2518,1.227,1.1991,1.1679,1.1332,1.0942,1.0501,1.001,0.9509,0.9103,0.8902,0.8896,0.893,0.8786,0.8111,0.6163,0.2373,0.1236,0.5836,1.0337,1.3189,1.4081,1.0401,0.4186,0.5706,1.0459,1.475,1.7654,1.8891,1.8902,1.8337,1.3227,1.311,1.2974,1.2816,1.2637,1.2435,1.2209,1.1958,1.1681,1.1378,1.1048,1.0691,1.0321,0.9966,0.9672,0.947,0.9341,0.9194,0.8876,0.8129,0.6572,0.4359,0.3939,0.6602,0.9574,1.1267,1.0971,0.7527,0.3197,0.4702,0.8874,1.2421,1.4868,1.6246,1.6779,1.6782]}]