docs/data/wind_grid.json
[{"header":{"la1":42.85,"la2":41.18,"lo1":11.55,"lo2":14.05,"nx":36,"ny":24,"dx":0.07143,"dy":0.07261,"parameterCategory":2,"parameterNumber":2,"parameterNumberName":"eastward_wind","parameterUnit":"m.s-1"},"data":[-0.5719,-0.5759,-0.5802,-0.5851,-0.5902,-0.5955,-0.6007,-0.6055,-0.6105,-0.617,-0.6276,-0.6448,-0.6702,-0.7027,-0.7363,-0.7604,-0.7652,-0.7482,-0.7156,-0.6767,-0.6384,-0.6039,-0.5742,-0.549,-0.5276,-0.5096,-0.4942,-0.4811,-0.4698,-0.4602,-0.452,-0.4449,-0.439,-0.4339,-0.4297,-0.4262,-0.5753,-0.5798,-0.5851,-0.5911,-0.5978,-0.6048,-0.6114,-0.6167,-0.6208,-0.6256,-0.6354,-0.6556,-0.6909,-0.7422,-0.8011,-0.8468,-0.8559,-0.8242,-0.7688,-0.7093,-0.6562,-0.6121,-0.5764,-0.5476,-0.524,-0.5044,-0.4881,-0.4744,-0.4628,-0.453,-0.4447,-0.4377,-0.4319,-0.427,-0.423,-0.4197,-0.5787,-0.5838,-0.59,-0.5976,-0.6067,-0.6168,-0.6266,-0.6336,-0.6361,-0.6362,-0.6412,-0.6613,-0.707,-0.7851,-0.8879,-0.9758,-0.9911,-0.9266,-0.83,-0.7402,-0.6692,-0.6154,-0.5745,-0.5427,-0.5175,-0.4969,-0.48,-0.4659,-0.4542,-0.4444,-0.4362,-0.4294,-0.4238,-0.4192,-0.4156,-0.4127,-0.5819,-0.5876,-0.5949,-0.6043,-0.6167,-0.6322,-0.6491,-0.6616,-0.6626,-0.6527,-0.645,-0.6579,-0.709,-0.8155,-0.9813,-1.1434,-1.1662,-1.0387,-0.8812,-0.7576,-0.6711,-0.6106,-0.5667,-0.5336,-0.5077,-0.4868,-0.4697,-0.4556,-0.444,-0.4343,-0.4264,-0.42,-0.4148,-0.4106,-0.4074,-0.405,-0.5849,-0.591,-0.599,-0.6101,-0.6263,-0.6499,-0.6809,-0.7094,-0.7127,-0.6828,-0.648,-0.6415,-0.685,-0.8014,-1.0107,-1.2436,-1.2728,-1.0841,-0.8843,-0.7456,-0.6557,-0.5954,-0.5524,-0.5199,-0.4944,-0.4738,-0.457,-0.4432,-0.4319,-0.4227,-0.4153,-0.4094,-0.4047,-0.4012,-0.3985,-0.3966,-0.5877,-0.5939,-0.602,-0.6137,-0.6323,-0.6643,-0.7172,-0.7832,-0.8021,-0.7316,-0.6473,-0.6094,-0.6303,-0.721,-0.8941,-1.0908,-1.1232,-0.9743,-0.812,-0.698,-0.6227,-0.5706,-0.5321,-0.5021,-0.4779,-0.4582,-0.442,-0.4288,-0.4181,-0.4095,-0.4028,-0.3975,-0.3936,-0.3908,-0.3889,-0.3877,-0.5906,-0.5966,-0.604,-0.6144,-0.6313,-0.664,-0.7307,-0.8424,-0.8934,-0.7619,-0.6221,-0.5569,-0.5522,-0.6,-0.6955,-0.7997,-0.8314,-0.7761,-0.6971,-0.6309,-0.5804,-0.5407,-0.5083,-0.4812,-0.4586,-0.4399,-0.4245,-0.4121,-0.4022,-0.3945,-0.3887,-0.3845,-0.3815,-0.3796,-0.3785,-0.3782,-0.5939,-0.5998,-0.6062,-0.6137,-0.6241,-0.6431,-0.6854,-0.7649,-0.7943,-0.6661,-0.541,-0.4795,-0.4608,-0.4759,-0.5204,-0.5758,-0.6118,-0.6152,-0.5974,-0.5709,-0.5415,-0.5117,-0.4835,-0.4583,-0.4367,-0.4188,-0.4044,-0.393,-0.3842,-0.3778,-0.3732,-0.3701,-0.3683,-0.3675,-0.3675,-0.3681,-0.598,-0.6043,-0.6106,-0.6161,-0.6195,-0.6189,-0.6123,-0.5944,-0.5427,-0.4643,-0.4151,-0.3858,-0.3626,-0.3573,-0.3821,-0.4319,-0.4862,-0.5257,-0.5423,-0.5368,-0.516,-0.4881,-0.4595,-0.4336,-0.412,-0.3946,-0.3812,-0.3712,-0.364,-0.359,-0.356,-0.3545,-0.3542,-0.3547,-0.356,-0.3577,-0.603,-0.6107,-0.6188,-0.6261,-0.6296,-0.6219,-0.5849,-0.484,-0.3078,-0.2214,-0.2813,-0.2965,-0.2591,-0.2286,-0.2507,-0.3271,-0.424,-0.5043,-0.5434,-0.5393,-0.509,-0.4707,-0.4348,-0.4054,-0.3829,-0.3663,-0.3545,-0.3463,-0.3411,-0.3383,-0.3373,-0.3377,-0.3392,-0.3413,-0.344,-0.347,-0.6085,-0.6187,-0.6306,-0.6445,-0.6593,-0.6698,-0.6528,-0.5204,-0.0925,0.104,-0.1917,-0.2358,-0.1457,-0.0558,-0.0847,-0.2329,-0.4166,-0.5682,-0.6247,-0.5883,-0.5186,-0.4534,-0.4039,-0.3697,-0.3471,-0.3325,-0.3233,-0.3179,-0.3155,-0.3155,-0.3171,-0.3199,-0.3235,-0.3276,-0.3318,-0.3362,-0.6138,-0.6266,-0.6433,-0.666,-0.6987,-0.7479,-0.8174,-0.8383,-0.459,-0.1483,-0.267,-0.2211,-0.0386,0.1865,0.1522,-0.1533,-0.4824,-0.7872,-0.8437,-0.6838,-0.5268,-0.4198,-0.3553,-0.3199,-0.3013,-0.2916,-0.2869,-0.2855,-0.287,-0.2905,-0.2956,-0.3014,-0.3076,-0.3138,-0.3198,-0.3257,-0.6177,-0.6325,-0.6527,-0.6817,-0.7269,-0.8027,-0.9332,-1.0946,-0.9238,-0.5625,-0.3882,-0.2511,-0.0788,0.3219,0.2993,-0.1786,-0.5925,-1.1442,-1.1514,-0.7452,-0.4809,-0.3371,-0.2716,-0.2488,-0.2431,-0.2428,-0.2447,-0.2487,-0.2552,-0.2636,-0.2732,-0.2829,-0.2921,-0.3006,-0.3085,-0.3157,-0.6194,-0.6349,-0.6558,-0.6854,-0.7297,-0.7982,-0.8984,-0.9994,-0.9083,-0.6533,-0.4734,-0.2812,-0.2055,-0.1043,-0.1274,-0.3722,-0.6392,-0.9181,-0.9281,-0.587,-0.2986,-0.1567,-0.1328,-0.1523,-0.1734,-0.1868,-0.1963,-0.2066,-0.2198,-0.2351,-0.2507,-0.2653,-0.278,-0.2888,-0.2983,-0.3068,-0.6186,-0.6334,-0.6526,-0.6781,-0.7123,-0.7567,-0.8048,-0.8259,-0.7699,-0.6856,-0.637,-0.5417,-0.4031,-0.3936,-0.3731,-0.6217,-0.8488,-0.6969,-0.5574,-0.2508,0.1052,0.1866,0.0682,-0.0411,-0.0996,-0.1252,-0.1398,-0.157,-0.1798,-0.2054,-0.2297,-0.2504,-0.2668,-0.2796,-0.2902,-0.2994,-0.6158,-0.629,-0.6451,-0.6649,-0.6882,-0.7132,-0.7331,-0.737,-0.7287,-0.7628,-0.902,-0.8609,-0.7249,-0.555,-0.546,-0.6584,-0.772,-0.6099,-0.3791,0.0915,0.7879,0.6799,0.2648,0.0468,-0.0344,-0.0557,-0.0677,-0.0941,-0.1337,-0.176,-0.213,-0.2412,-0.2608,-0.2744,-0.2848,-0.294,-0.6114,-0.6227,-0.6357,-0.6506,-0.6664,-0.6816,-0.6937,-0.7028,-0.7213,-0.7816,-0.8908,-0.855,-0.9376,-0.9873,-0.7219,-0.6529,-0.6163,-0.5183,-0.3643,0.0689,0.8662,0.7225,0.2707,0.0654,0.0202,0.0397,0.0417,-0.0066,-0.0804,-0.1506,-0.2051,-0.2416,-0.2627,-0.2745,-0.2829,-0.2908,-0.6061,-0.6156,-0.6261,-0.6374,-0.6491,-0.6603,-0.6712,-0.684,-0.7057,-0.7435,-0.7853,-0.8243,-0.9805,-1.0146,-0.8133,-0.7396,-0.6231,-0.5092,-0.4831,-0.2743,0.101,0.1976,0.0849,0.0285,0.0868,0.207,0.2326,0.1157,-0.0272,-0.1365,-0.2107,-0.2545,-0.2735,-0.2797,-0.2839,-0.2897,-0.6003,-0.6083,-0.6169,-0.6259,-0.6352,-0.6446,-0.6548,-0.6675,-0.6854,-0.7095,-0.7375,-0.7738,-0.8245,-0.841,-0.8993,-0.9359,-0.6918,-0.5325,-0.4954,-0.4498,-0.2823,-0.1394,-0.083,-0.0166,0.1621,0.4662,0.5277,0.2311,-0.0081,-0.1445,-0.228,-0.2743,-0.2878,-0.2867,-0.2863,-0.29,-0.5943,-0.601,-0.6082,-0.6156,-0.6234,-0.6315,-0.6406,-0.6515,-0.6652,-0.682,-0.7016,-0.7242,-0.749,-0.7813,-0.863,-0.8787,-0.6933,-0.5609,-0.5639,-0.5893,-0.4208,-0.2737,-0.1801,-0.0794,0.1163,0.4775,0.5539,0.1184,-0.0882,-0.1822,-0.2448,-0.2831,-0.2929,-0.2895,-0.288,-0.2911,-0.5883,-0.594,-0.5999,-0.6061,-0.6126,-0.6196,-0.6272,-0.636,-0.6462,-0.6579,-0.6708,-0.6846,-0.6996,-0.7189,-0.74,-0.719,-0.6332,-0.5545,-0.5347,-0.5175,-0.4099,-0.2981,-0.228,-0.1652,-0.0897,-0.0978,-0.3672,-0.3529,-0.2598,-0.2426,-0.259,-0.2789,-0.2873,-0.2879,-0.289,-0.2929,-0.5822,-0.587,-0.592,-0.5972,-0.6026,-0.6082,-0.6143,-0.6209,-0.6282,-0.6359,-0.6437,-0.6512,-0.6577,-0.662,-0.6579,-0.6318,-0.5817,-0.5286,-0.4872,-0.4371,-0.3494,-0.2584,-0.2265,-0.2222,-0.2413,-0.4063,-0.6782,-0.5631,-0.374,-0.2961,-0.2778,-0.28,-0.2847,-0.2878,-0.2912,-0.296,-0.5762,-0.5802,-0.5844,-0.5886,-0.5929,-0.5973,-0.6019,-0.6066,-0.6113,-0.6158,-0.6197,-0.6222,-0.6223,-0.6181,-0.6057,-0.5808,-0.5438,-0.5004,-0.4534,-0.3936,-0.3094,-0.2231,-0.2056,-0.2372,-0.2838,-0.3874,-0.4957,-0.47,-0.3801,-0.3202,-0.2951,-0.2886,-0.2892,-0.2919,-0.2957,-0.3004,-0.5703,-0.5736,-0.5769,-0.5803,-0.5836,-0.5868,-0.59,-0.593,-0.5956,-0.5976,-0.5983,-0.5973,-0.5933,-0.5849,-0.57,-0.547,-0.5158,-0.4781,-0.4336,-0.379,-0.313,-0.2533,-0.2365,-0.2576,-0.2929,-0.3424,-0.3845,-0.3848,-0.3544,-0.3241,-0.3061,-0.2986,-0.2971,-0.2986,-0.3018,-0.3061]},{"header":{"la1":42.85,"la2":41.18,"lo1":11.55,"lo2":14.05,"nx":36,"ny":24,"dx":0.07143,"dy":0.07261,"parameterCategory":2,"parameterNumber":3,"parameterNumberName":"northward_wind","parameterUnit":"m.s-1"},"data":[0.3005,0.3174,0.3367,0.3578,0.3796,0.3999,0.4161,0.4251,0.4254,0.4174,0.4042,0.3899,0.3781,0.3707,0.367,0.3641,0.3584,0.3482,0.3345,0.3193,0.3046,0.2912,0.2793,0.2689,0.2598,0.2516,0.244,0.237,0.2304,0.2241,0.2181,0.2123,0.2068,0.2015,0.1965,0.1919,0.3013,0.3215,0.3455,0.3733,0.4037,0.4338,0.4591,0.4737,0.4734,0.4588,0.4356,0.4117,0.3939,0.3855,0.3853,0.3871,0.3829,0.3692,0.3495,0.3286,0.3097,0.2936,0.2801,0.2688,0.2591,0.2505,0.2428,0.2355,0.2287,0.2221,0.2158,0.2097,0.2038,0.1982,0.1929,0.188,0.2995,0.323,0.3525,0.3889,0.4316,0.4777,0.5198,0.5462,0.5462,0.5193,0.4773,0.4365,0.4087,0.3993,0.4067,0.4193,0.4181,0.3968,0.3662,0.3369,0.313,0.2942,0.2795,0.2676,0.2576,0.2489,0.241,0.2336,0.2265,0.2197,0.213,0.2065,0.2003,0.1944,0.1888,0.1836,0.2938,0.3201,0.3551,0.4014,0.4608,0.5323,0.6061,0.6594,0.6634,0.6122,0.534,0.4636,0.4196,0.4081,0.4278,0.4601,0.4635,0.4268,0.3796,0.3408,0.3125,0.292,0.2768,0.2649,0.2551,0.2466,0.2387,0.2313,0.224,0.2169,0.2098,0.2029,0.1963,0.1899,0.1839,0.1784,0.2831,0.3105,0.3495,0.4052,0.4841,0.592,0.7236,0.8395,0.8604,0.7567,0.607,0.4886,0.4221,0.4048,0.4332,0.4845,0.4914,0.4384,0.3789,0.3353,0.3061,0.2861,0.2718,0.2608,0.2518,0.2437,0.2361,0.2287,0.2212,0.2137,0.2062,0.1988,0.1916,0.1847,0.1783,0.1724,0.2661,0.2922,0.3315,0.392,0.4864,0.6341,0.8527,1.101,1.1763,0.9559,0.6773,0.4976,0.4093,0.3832,0.403,0.4447,0.4503,0.4057,0.3551,0.318,0.2933,0.2766,0.2648,0.2556,0.2479,0.2406,0.2334,0.226,0.2183,0.2103,0.2022,0.194,0.1861,0.1786,0.1716,0.1653,0.2428,0.2639,0.2979,0.3537,0.4481,0.612,0.896,1.3046,1.4752,1.0818,0.6761,0.4657,0.3744,0.3443,0.3483,0.3651,0.3668,0.3448,0.316,0.2923,0.2758,0.2645,0.2564,0.2499,0.2439,0.2376,0.2309,0.2234,0.2153,0.2066,0.1976,0.1885,0.1796,0.1713,0.1636,0.1569,0.2138,0.2264,0.2486,0.2881,0.3591,0.4881,0.718,1.0532,1.1822,0.8472,0.5336,0.3816,0.3182,0.2964,0.2945,0.2991,0.2987,0.2892,0.2757,0.2639,0.2561,0.2512,0.2478,0.2445,0.2405,0.2353,0.2289,0.2213,0.2125,0.2027,0.1925,0.1821,0.172,0.1625,0.1541,0.1468,0.1815,0.1829,0.1886,0.2027,0.2332,0.2923,0.3908,0.5023,0.517,0.4129,0.3218,0.2756,0.2552,0.2488,0.2509,0.2548,0.2536,0.2464,0.2385,0.2347,0.2354,0.238,0.2401,0.2404,0.2385,0.2344,0.2282,0.2199,0.21,0.1987,0.1866,0.1744,0.1626,0.1517,0.1423,0.1345,0.149,0.1383,0.1256,0.1114,0.0975,0.0886,0.0919,0.107,0.1096,0.115,0.1576,0.1907,0.2019,0.2059,0.2162,0.2259,0.2221,0.2067,0.1964,0.2005,0.2132,0.2259,0.2348,0.2391,0.2392,0.2357,0.2292,0.2198,0.2081,0.1945,0.1798,0.1649,0.1508,0.1382,0.1276,0.1193,0.1199,0.0981,0.0686,0.0282,-0.0264,-0.095,-0.1588,-0.1535,-0.0398,0.0017,0.0738,0.147,0.1621,0.1546,0.182,0.2108,0.1963,0.1477,0.1257,0.1512,0.1889,0.2177,0.2346,0.2424,0.2438,0.2403,0.2328,0.2216,0.2071,0.19,0.1715,0.1529,0.1356,0.1207,0.1089,0.1004,0.0972,0.0674,0.0256,-0.0343,-0.1215,-0.2467,-0.408,-0.5051,-0.2589,-0.0513,0.0585,0.1463,0.1315,0.0185,0.1507,0.2224,0.1742,0.0082,-0.0303,0.0793,0.17,0.2198,0.2437,0.2529,0.2538,0.2494,0.2402,0.2262,0.2076,0.1853,0.161,0.137,0.1154,0.0976,0.0846,0.0763,0.083,0.0495,0.0023,-0.066,-0.1677,-0.3225,-0.552,-0.7914,-0.5869,-0.1551,0.09,0.1756,0.177,0.0694,0.2454,0.3001,0.2111,-0.2505,-0.2669,0.0353,0.1828,0.2449,0.2679,0.2729,0.2707,0.2643,0.253,0.2351,0.2103,0.18,0.1471,0.115,0.0873,0.0662,0.0524,0.0454,0.078,0.0452,0.0,-0.0635,-0.155,-0.2875,-0.4672,-0.637,-0.4915,-0.0684,0.1791,0.1896,0.194,0.4567,0.3859,0.5279,0.5773,0.0993,-0.0373,0.1437,0.2597,0.3082,0.3129,0.3037,0.2952,0.2873,0.2743,0.2513,0.217,0.174,0.1274,0.0832,0.0471,0.0223,0.0092,0.0057,0.0811,0.0527,0.0154,-0.0337,-0.0979,-0.1775,-0.258,-0.2778,-0.1199,0.1679,0.3636,0.391,0.4288,0.5843,0.5146,0.977,1.5621,0.7401,0.3333,0.3119,0.4092,0.43,0.3804,0.3414,0.3271,0.323,0.3113,0.281,0.2308,0.1667,0.0981,0.0353,-0.0124,-0.0401,-0.0492,-0.0449,0.0902,0.0683,0.0416,0.01,-0.0246,-0.0553,-0.063,-0.0096,0.1451,0.3957,0.6799,0.5935,0.5161,0.4786,0.5202,0.8861,1.2661,0.6887,0.3322,0.3849,0.6638,0.617,0.4456,0.373,0.368,0.384,0.3802,0.3361,0.2565,0.1569,0.0526,-0.0393,-0.1022,-0.1293,-0.127,-0.1078,0.1029,0.0877,0.0713,0.055,0.0427,0.0421,0.0668,0.1353,0.262,0.4484,0.6485,0.5686,0.4473,0.4063,0.4127,0.4733,0.4628,0.1686,-0.043,0.2156,0.6791,0.6191,0.4304,0.383,0.4304,0.5036,0.5173,0.4374,0.2995,0.1411,-0.019,-0.1557,-0.2369,-0.2533,-0.2258,-0.1809,0.1167,0.1075,0.0992,0.0939,0.095,0.1081,0.1408,0.1998,0.2864,0.3871,0.4572,0.4438,0.3963,0.367,0.2586,0.1822,0.0851,-0.3567,-0.7703,-0.2124,0.2131,0.331,0.3257,0.3785,0.5397,0.7486,0.7911,0.6039,0.3534,0.1129,-0.1228,-0.3243,-0.4234,-0.4087,-0.3364,-0.2553,0.13,0.1254,0.1228,0.124,0.1315,0.1487,0.1787,0.2228,0.2775,0.3309,0.3631,0.3602,0.328,0.2437,0.0254,-0.0585,-0.0363,-0.3428,-0.5699,-0.2541,-0.03,0.1226,0.2178,0.3594,0.6648,1.1429,1.2376,0.772,0.3678,0.0653,-0.2364,-0.5091,-0.6181,-0.5538,-0.4288,-0.3128,0.1417,0.1403,0.1411,0.1456,0.1553,0.1717,0.1959,0.2269,0.2608,0.29,0.3048,0.2973,0.2599,0.1724,0.0228,-0.034,-0.0338,-0.1515,-0.2041,-0.1928,-0.0958,0.0168,0.1143,0.2715,0.5902,1.1573,1.2758,0.5908,0.2385,-0.0011,-0.2894,-0.5787,-0.6874,-0.6026,-0.4596,-0.333,0.1514,0.1519,0.1546,0.1603,0.1698,0.1837,0.2019,0.2229,0.2437,0.2594,0.2643,0.253,0.2202,0.1619,0.0899,0.0406,-0.0023,-0.0734,-0.1356,-0.1443,-0.1007,-0.0729,-0.0302,0.0913,0.2495,0.2518,-0.1711,-0.1506,-0.0255,-0.0746,-0.2547,-0.469,-0.5674,-0.5205,-0.4142,-0.31,0.159,0.1606,0.164,0.1697,0.178,0.189,0.2021,0.216,0.2283,0.2359,0.2353,0.2234,0.1978,0.1593,0.1145,0.0715,0.0269,-0.0239,-0.0682,-0.0942,-0.1325,-0.2264,-0.2484,-0.11,-0.0236,-0.2388,-0.6615,-0.4803,-0.1969,-0.1271,-0.198,-0.3162,-0.3889,-0.3821,-0.3264,-0.2582,0.1647,0.1667,0.1702,0.1752,0.182,0.1902,0.1993,0.2082,0.215,0.2178,0.2144,0.203,0.1829,0.1548,0.1216,0.0859,0.0477,0.0072,-0.0335,-0.0819,-0.1744,-0.3356,-0.3803,-0.2189,-0.1217,-0.2167,-0.3723,-0.3306,-0.198,-0.1359,-0.1538,-0.2088,-0.2528,-0.2607,-0.2372,-0.1984,0.1688,0.1709,0.174,0.1782,0.1834,0.1893,0.1953,0.2006,0.2038,0.2038,0.199,0.1885,0.1719,0.1498,0.1234,0.0937,0.0614,0.0261,-0.0139,-0.0674,-0.1518,-0.2564,-0.2809,-0.1948,-0.128,-0.1441,-0.1896,-0.1858,-0.1431,-0.114,-0.1175,-0.1416,-0.1653,-0.1739,-0.165,-0.1441]}]