docs/data/wind_grid.json
[{"header":{"la1":42.85,"la2":41.18,"lo1":11.55,"lo2":14.05,"nx":36,"ny":24,"dx":0.07143,"dy":0.07261,"parameterCategory":2,"parameterNumber":2,"parameterNumberName":"eastward_wind","parameterUnit":"m.s-1"},"data":[1.4513,1.4172,1.3796,1.3397,1.2998,1.2637,1.2364,1.2231,1.2274,1.2492,1.2846,1.3277,1.3724,1.4146,1.4515,1.4823,1.5069,1.5264,1.5419,1.5548,1.5661,1.5761,1.5848,1.5919,1.5972,1.6006,1.6023,1.6025,1.6015,1.5994,1.5966,1.5933,1.5897,1.586,1.5824,1.5788,1.4435,1.4024,1.3552,1.3026,1.2469,1.1931,1.1495,1.1258,1.1297,1.1617,1.2146,1.2769,1.3387,1.394,1.4401,1.4765,1.5038,1.5239,1.5391,1.552,1.564,1.5755,1.5857,1.594,1.6,1.6036,1.6051,1.6047,1.6029,1.5999,1.5962,1.592,1.5876,1.5831,1.5788,1.5747,1.4398,1.3914,1.3331,1.2643,1.1864,1.105,1.0325,0.9879,0.9893,1.0394,1.1223,1.2153,1.3017,1.3742,1.431,1.473,1.5019,1.5207,1.5337,1.5457,1.5591,1.5732,1.5863,1.5966,1.6036,1.6073,1.6084,1.6072,1.6043,1.6002,1.5954,1.5901,1.5847,1.5794,1.5743,1.5696,1.4426,1.3874,1.3177,1.2301,1.1228,0.9989,0.8746,0.7861,0.7785,0.8633,1.0016,1.144,1.2644,1.3575,1.4258,1.4728,1.5011,1.5149,1.5219,1.5318,1.5486,1.5686,1.5867,1.6,1.6083,1.6121,1.6123,1.6099,1.6056,1.6002,1.5939,1.5874,1.5808,1.5745,1.5685,1.5632,1.4543,1.3945,1.3151,1.2091,1.0677,0.8846,0.6705,0.4869,0.4515,0.6098,0.8532,1.0712,1.2334,1.3476,1.4263,1.4768,1.5016,1.5034,1.4962,1.5029,1.5294,1.5617,1.5882,1.6056,1.6149,1.6181,1.6169,1.6128,1.6067,1.5994,1.5915,1.5834,1.5755,1.5681,1.5613,1.5553,1.4773,1.4167,1.3329,1.2147,1.0444,0.797,0.4537,0.0817,-0.0307,0.2854,0.7086,1.0192,1.2188,1.348,1.4334,1.4862,1.5052,1.4858,1.4493,1.4532,1.5036,1.5575,1.5947,1.6154,1.6244,1.6257,1.6221,1.6155,1.6071,1.5976,1.5877,1.5779,1.5685,1.5598,1.5521,1.5454,1.5127,1.4569,1.3773,1.2604,1.0829,0.8045,0.3652,-0.22,-0.454,0.0778,0.6627,1.0198,1.2288,1.359,1.4458,1.5019,1.5203,1.4816,1.408,1.4125,1.4956,1.5694,1.6121,1.6317,1.6373,1.6348,1.6276,1.6177,1.6063,1.5942,1.5821,1.5702,1.5591,1.5491,1.5404,1.5331,1.5601,1.5152,1.4498,1.3515,1.1993,0.9581,0.5808,0.0919,-0.0914,0.329,0.7806,1.0751,1.2574,1.3734,1.4571,1.5222,1.5573,1.5352,1.4706,1.4741,1.5497,1.6132,1.6452,1.6553,1.6532,1.6445,1.6323,1.6184,1.6036,1.5886,1.5738,1.5597,1.5467,1.5352,1.5256,1.5178,1.6171,1.5882,1.5456,1.4805,1.3783,1.217,0.9793,0.709,0.5709,0.6629,0.8986,1.1318,1.2832,1.3739,1.4521,1.5378,1.6136,1.6471,1.6373,1.638,1.665,1.6865,1.6911,1.6836,1.6697,1.653,1.6351,1.6167,1.5982,1.5799,1.5621,1.5455,1.5304,1.5174,1.5067,1.4987,1.6795,1.6698,1.6551,1.6317,1.5909,1.513,1.3545,1.0407,0.5697,0.4186,0.8174,1.1574,1.2883,1.329,1.3992,1.5312,1.6833,1.7973,1.8399,1.8296,1.8018,1.7708,1.7397,1.7102,1.683,1.6578,1.6342,1.6114,1.589,1.5672,1.5461,1.5265,1.5089,1.4942,1.4828,1.4747,1.7421,1.7519,1.7662,1.7869,1.8143,1.8372,1.7881,1.391,0.0485,-0.5763,0.6783,1.2255,1.2646,1.1712,1.2391,1.485,1.7847,2.0347,2.1206,2.0509,1.94,1.8466,1.7775,1.7268,1.688,1.6561,1.6278,1.6012,1.5752,1.5496,1.5246,1.5013,1.4808,1.4642,1.4521,1.4446,1.7996,1.8263,1.8656,1.9252,2.0184,2.1644,2.3706,2.4276,1.2673,0.3545,1.1226,1.4503,1.2331,0.7768,0.9148,1.4226,1.9683,2.5089,2.6084,2.3174,2.056,1.8904,1.7892,1.7248,1.6802,1.6454,1.615,1.5857,1.5562,1.5261,1.4961,1.468,1.4437,1.4249,1.4126,1.4066,1.8479,1.8865,1.942,2.0255,2.1571,2.3749,2.7391,3.1798,2.7251,1.868,1.7676,1.8839,1.5672,0.621,0.7736,1.5041,2.1861,3.2017,3.218,2.4956,2.0795,1.868,1.7582,1.697,1.657,1.6253,1.5956,1.5651,1.5319,1.4961,1.459,1.4238,1.3941,1.3729,1.3613,1.3585,1.8845,1.9288,1.9903,2.0782,2.2078,2.4021,2.6757,2.9431,2.7403,2.2458,2.1202,2.3091,2.2891,1.3824,1.5059,1.8216,2.2231,2.7653,2.821,2.3005,1.9293,1.7465,1.6738,1.6423,1.6201,1.5975,1.5716,1.5405,1.503,1.4589,1.4108,1.3644,1.3267,1.3027,1.2938,1.2975,1.9092,1.9541,2.0129,2.0911,2.1944,2.3253,2.4664,2.5432,2.4537,2.3421,2.3653,2.3855,2.2709,2.6178,1.9949,2.1616,2.4336,2.2883,2.1844,1.9,1.6045,1.512,1.5426,1.5712,1.5771,1.5669,1.546,1.515,1.4715,1.4143,1.3477,1.2825,1.2323,1.2062,1.2045,1.2207,1.9235,1.9654,2.0173,2.0808,2.1561,2.2378,2.3097,2.3472,2.3606,2.4527,2.6898,2.8537,2.5992,2.3122,2.1353,2.1734,2.3117,2.1012,1.8855,1.5714,1.1654,1.2142,1.414,1.5094,1.5395,1.5393,1.5233,1.4928,1.4412,1.3633,1.2644,1.1658,1.096,1.0715,1.0871,1.1262,1.9296,1.9669,2.0108,2.0611,2.1163,2.1718,2.2213,2.2642,2.3235,2.4534,2.6499,2.6363,2.4877,2.3872,2.1319,2.0117,1.9728,1.859,1.7218,1.4931,1.1064,1.1726,1.3828,1.4828,1.5161,1.5178,1.5061,1.4797,1.4195,1.3092,1.1539,0.9956,0.8968,0.8858,0.9385,1.0166,1.9297,1.9621,1.9987,2.0389,2.0811,2.1233,2.1641,2.2071,2.2635,2.3419,2.4092,2.3994,2.383,2.3247,1.9474,1.7571,1.7582,1.7106,1.685,1.564,1.4006,1.3703,1.4326,1.4844,1.504,1.497,1.4901,1.4808,1.4173,1.2616,1.0149,0.7556,0.6203,0.6513,0.7714,0.9054,1.9255,1.9534,1.9838,2.0163,2.0497,2.0832,2.1166,2.1516,2.1902,2.2283,2.2482,2.2301,2.1695,1.9776,1.4964,1.329,1.5934,1.6329,1.6021,1.4576,1.4398,1.4394,1.4571,1.486,1.4986,1.463,1.4535,1.5002,1.4482,1.2422,0.8808,0.4893,0.324,0.4282,0.6313,0.8209,1.9184,1.9421,1.9674,1.9937,2.0204,2.0468,2.0724,2.0972,2.1194,2.134,2.1306,2.0956,2.008,1.8175,1.5025,1.4007,1.5489,1.5336,1.3234,1.2268,1.3731,1.4095,1.4255,1.4704,1.5167,1.4788,1.4661,1.5965,1.5332,1.2819,0.8527,0.3914,0.2148,0.3538,0.5886,0.7963,1.9093,1.9294,1.9502,1.9715,1.9924,2.0125,2.0309,2.0465,2.0569,2.0578,2.0423,2.0014,1.9237,1.8004,1.6601,1.59,1.5784,1.5147,1.3832,1.325,1.3467,1.3107,1.3064,1.4066,1.5594,1.7267,1.9556,1.8984,1.6753,1.3816,0.9869,0.5927,0.4189,0.4959,0.6718,0.8432,1.8989,1.9157,1.9328,1.9497,1.9658,1.9805,1.9927,2.0012,2.0037,1.997,1.9768,1.9384,1.8784,1.7995,1.7182,1.6554,1.6037,1.5366,1.4547,1.3807,1.2714,1.0811,1.032,1.2526,1.5466,1.8771,2.1795,2.051,1.7621,1.4778,1.1732,0.8939,0.7414,0.742,0.8298,0.9396,1.8877,1.9016,1.9154,1.9286,1.9406,1.9508,1.9582,1.9616,1.9591,1.9486,1.9276,1.8941,1.8475,1.791,1.7316,1.6747,1.6179,1.5532,1.4762,1.373,1.1903,0.9072,0.8324,1.1261,1.4673,1.7571,1.937,1.8965,1.7235,1.5195,1.3094,1.1223,1.0022,0.9666,0.9937,1.0507,1.8761,1.8875,1.8984,1.9085,1.9172,1.9238,1.9276,1.9273,1.9219,1.9098,1.8896,1.8605,1.8228,1.7782,1.7297,1.679,1.6247,1.563,1.4874,1.3831,1.2267,1.044,1.0061,1.1864,1.4228,1.6157,1.7251,1.726,1.6436,1.521,1.3863,1.2631,1.1743,1.1315,1.1291,1.1528]},{"header":{"la1":42.85,"la2":41.18,"lo1":11.55,"lo2":14.05,"nx":36,"ny":24,"dx":0.07143,"dy":0.07261,"parameterCategory":2,"parameterNumber":3,"parameterNumberName":"northward_wind","parameterUnit":"m.s-1"},"data":[0.4647,0.4259,0.3833,0.3377,0.2913,0.2475,0.2109,0.1864,0.1767,0.1808,0.1938,0.2088,0.2195,0.2218,0.2142,0.1982,0.1774,0.1582,0.1477,0.1515,0.1717,0.2065,0.2514,0.3016,0.353,0.4031,0.4503,0.4941,0.5341,0.5704,0.6034,0.6332,0.6602,0.6845,0.7064,0.7261,0.4582,0.413,0.3614,0.3037,0.2421,0.1811,0.1287,0.0942,0.0845,0.0987,0.1275,0.1579,0.1792,0.1851,0.1737,0.1467,0.1098,0.0733,0.05,0.0505,0.0779,0.1271,0.1892,0.2558,0.3211,0.3821,0.4377,0.4877,0.5325,0.5724,0.608,0.6398,0.6682,0.6936,0.7163,0.7365,0.4561,0.4043,0.3424,0.2694,0.1862,0.098,0.017,-0.0376,-0.0486,-0.0151,0.0433,0.1011,0.1399,0.1516,0.1344,0.0903,0.0266,-0.0408,-0.0874,-0.0916,-0.0491,0.0266,0.1164,0.2065,0.2897,0.3637,0.4286,0.4851,0.5345,0.5777,0.6157,0.6493,0.6789,0.7052,0.7284,0.749,0.4605,0.4028,0.3304,0.2397,0.1278,-0.0028,-0.1363,-0.235,-0.2528,-0.1806,-0.0645,0.0405,0.1061,0.126,0.1008,0.0319,-0.0754,-0.1987,-0.2899,-0.2996,-0.223,-0.0981,0.0357,0.158,0.2628,0.351,0.4251,0.4877,0.5412,0.5872,0.6272,0.662,0.6926,0.7194,0.743,0.7637,0.4736,0.4122,0.3316,0.224,0.0791,-0.1116,-0.3388,-0.5374,-0.581,-0.4249,-0.1952,-0.0145,0.0859,0.1145,0.0798,-0.0204,-0.1921,-0.4149,-0.5948,-0.607,-0.4529,-0.2394,-0.0418,0.1193,0.2466,0.3478,0.4296,0.497,0.5535,0.6015,0.6428,0.6785,0.7096,0.7366,0.7603,0.7809,0.4972,0.4361,0.353,0.2356,0.0642,-0.1912,-0.5568,-0.9627,-1.0878,-0.7476,-0.3158,-0.0395,0.0909,0.1233,0.0796,-0.0484,-0.293,-0.6668,-1.0118,-1.0129,-0.705,-0.361,-0.0918,0.1041,0.2484,0.3581,0.4444,0.5144,0.5723,0.6212,0.6629,0.6989,0.73,0.757,0.7804,0.8006,0.532,0.4766,0.3995,0.2872,0.1141,-0.1674,-0.6347,-1.2875,-1.5554,-0.9472,-0.3186,0.0021,0.1293,0.1526,0.1037,-0.0301,-0.3058,-0.7926,-1.3128,-1.2921,-0.8256,-0.387,-0.082,0.1259,0.2738,0.3844,0.4706,0.5402,0.5977,0.6462,0.6877,0.7233,0.7541,0.7807,0.8035,0.823,0.5769,0.5324,0.4709,0.3812,0.2425,0.0156,-0.3637,-0.8981,-1.1025,-0.5852,-0.1024,0.12,0.1923,0.1904,0.1415,0.0334,-0.1845,-0.5751,-1.0061,-1.0076,-0.6311,-0.2625,0.0023,0.188,0.3233,0.4263,0.5077,0.5741,0.6295,0.6765,0.7169,0.7518,0.7819,0.8078,0.8298,0.8483,0.629,0.5992,0.5596,0.5045,0.4238,0.302,0.1268,-0.0584,-0.0867,0.0731,0.2107,0.2604,0.2486,0.2104,0.1646,0.0998,-0.0171,-0.2068,-0.3996,-0.4208,-0.2562,-0.0465,0.1346,0.2778,0.3903,0.4801,0.5535,0.6146,0.6666,0.7114,0.7504,0.7842,0.8135,0.8384,0.8594,0.8768,0.6841,0.67,0.6539,0.6353,0.6129,0.5838,0.5452,0.5053,0.4956,0.4923,0.441,0.3584,0.258,0.174,0.1359,0.1204,0.0844,0.0202,-0.036,-0.0337,0.0402,0.153,0.27,0.3752,0.4649,0.5405,0.6046,0.6597,0.7078,0.7501,0.7875,0.8204,0.8489,0.873,0.8928,0.9086,0.7381,0.7381,0.7427,0.7548,0.7785,0.8155,0.8509,0.8226,0.6735,0.6141,0.5583,0.3962,0.1901,0.0269,0.0188,0.081,0.0989,0.0715,0.0672,0.1173,0.1994,0.2921,0.3829,0.4657,0.5387,0.6022,0.6577,0.7069,0.7512,0.7915,0.8279,0.8604,0.8884,0.9118,0.9303,0.9443,0.7874,0.7984,0.8179,0.851,0.9057,0.9916,1.1084,1.1744,0.9267,0.7149,0.6262,0.4147,0.0722,-0.3229,-0.1874,0.0204,0.0576,-0.0465,-0.0442,0.1176,0.271,0.3843,0.472,0.5448,0.6072,0.6614,0.7095,0.7535,0.7949,0.8343,0.8711,0.9043,0.9328,0.9557,0.9728,0.9845,0.8302,0.8481,0.8758,0.9189,0.986,1.0908,1.2488,1.4174,1.2655,0.9375,0.7158,0.5089,0.1874,-0.3913,-0.2122,0.0333,0.0144,-0.3045,-0.293,0.0927,0.3296,0.4588,0.5447,0.6124,0.6681,0.715,0.7566,0.7964,0.8366,0.8772,0.9168,0.953,0.9834,1.0063,1.0216,1.03,0.8659,0.887,0.9172,0.9603,1.022,1.1094,1.2239,1.3286,1.2505,1.025,0.8471,0.6396,0.492,-0.3125,0.1146,0.0949,-0.0432,-0.1233,-0.0706,0.2409,0.425,0.5184,0.5971,0.6666,0.7198,0.7597,0.7944,0.831,0.8728,0.9188,0.9656,1.0084,1.0427,1.0661,1.0785,1.0819,0.8951,0.9169,0.9458,0.9835,1.0319,1.0906,1.151,1.1845,1.1547,1.1158,1.1189,1.0665,0.869,1.2281,0.5174,-0.0728,-0.6972,0.0109,0.3619,0.4919,0.461,0.4865,0.6066,0.7062,0.761,0.7895,0.8142,0.8495,0.8987,0.9577,1.0191,1.0743,1.1156,1.1392,1.1462,1.1415,0.9192,0.9404,0.9666,0.9983,1.0353,1.075,1.1117,1.1387,1.1673,1.2489,1.3984,1.8055,1.5332,1.1591,0.852,0.2353,-0.2749,0.4289,0.8617,0.6975,0.1573,0.2489,0.5865,0.7477,0.791,0.79,0.7971,0.8372,0.9072,0.9931,1.0814,1.1581,1.2098,1.2311,1.2273,1.2089,0.9396,0.9598,0.9836,1.011,1.0415,1.0739,1.1073,1.1451,1.2021,1.3017,1.4171,1.5843,1.8687,1.9535,1.3427,1.027,0.9995,1.5049,1.8678,1.2298,0.166,0.2913,0.6971,0.826,0.7974,0.7224,0.7012,0.7702,0.8915,1.0267,1.1592,1.2703,1.3354,1.3469,1.3218,1.2819,0.9573,0.9766,0.9987,1.0237,1.0515,1.0822,1.117,1.1604,1.2202,1.3024,1.4034,1.5627,1.9431,2.0344,1.7246,1.6873,1.7903,2.6689,3.5352,2.3306,1.3208,1.0041,1.0004,0.9347,0.743,0.5047,0.447,0.625,0.8572,1.0655,1.2576,1.4176,1.4954,1.482,1.4213,1.3527,0.973,0.9917,1.0129,1.0367,1.0634,1.0938,1.1294,1.1732,1.2289,1.2997,1.3899,1.5157,1.6785,1.8057,2.1219,2.2779,2.1118,2.7252,3.2484,2.7591,2.095,1.5787,1.2958,1.0411,0.6445,0.0975,-0.0119,0.4648,0.8573,1.1205,1.3595,1.5693,1.6531,1.602,1.5017,1.4068,0.9871,1.0054,1.026,1.0492,1.0754,1.1054,1.1406,1.1828,1.2342,1.2971,1.375,1.4729,1.5952,1.7721,2.0808,2.1963,2.1307,2.4604,3.0078,3.1964,2.4354,1.8542,1.5077,1.1919,0.7445,0.0827,-0.0525,0.6576,1.0016,1.1989,1.4133,1.6262,1.7071,1.6423,1.5307,1.4293,0.9997,1.0177,1.038,1.0607,1.0864,1.1158,1.1498,1.1898,1.2373,1.2939,1.3621,1.4454,1.5501,1.6881,1.8474,1.9464,2.0358,2.2831,2.6596,2.7385,2.2996,1.922,1.6916,1.4282,1.1346,1.0454,1.4484,1.4247,1.2837,1.2922,1.4053,1.5512,1.6197,1.5831,1.5007,1.4176,1.011,1.0288,1.0486,1.0709,1.096,1.1244,1.157,1.1947,1.2385,1.2897,1.35,1.4216,1.5072,1.6071,1.711,1.8051,1.9115,2.0642,2.2153,2.2188,2.0616,1.9745,1.9295,1.6894,1.4576,1.5631,1.9448,1.7646,1.4696,1.3661,1.386,1.4532,1.4967,1.4865,1.4408,1.3846,1.021,1.0385,1.0579,1.0796,1.1039,1.1313,1.1622,1.1975,1.2379,1.2842,1.3374,1.3986,1.4683,1.5452,1.6251,1.7057,1.792,1.884,1.9542,1.9661,1.9565,2.0429,2.0811,1.8362,1.5987,1.5818,1.6843,1.6292,1.4829,1.3933,1.3738,1.3916,1.4096,1.4064,1.382,1.3466,1.0298,1.0469,1.0658,1.0869,1.1102,1.1364,1.1656,1.1985,1.2355,1.2772,1.3241,1.3765,1.4344,1.4964,1.5609,1.6265,1.6925,1.7545,1.8023,1.8322,1.8709,1.9442,1.949,1.7941,1.6232,1.5496,1.54,1.5072,1.4426,1.3879,1.3617,1.3572,1.3583,1.3527,1.3368,1.3131]}]