docs/data/wind_grid.json
[{"header":{"la1":42.85,"la2":41.18,"lo1":11.55,"lo2":14.05,"nx":36,"ny":24,"dx":0.07143,"dy":0.07261,"parameterCategory":2,"parameterNumber":2,"parameterNumberName":"eastward_wind","parameterUnit":"m.s-1"},"data":[1.1241,1.0949,1.0575,1.0123,0.9611,0.9074,0.856,0.8118,0.7779,0.7539,0.7363,0.7197,0.6989,0.6701,0.6308,0.5801,0.5186,0.4479,0.3714,0.2943,0.2256,0.1766,0.1574,0.1696,0.2062,0.2567,0.3121,0.3667,0.418,0.4648,0.5073,0.5457,0.5806,0.6122,0.641,0.6673,1.1596,1.1285,1.0856,1.0302,0.9641,0.8926,0.8237,0.7669,0.729,0.7097,0.7021,0.6961,0.6832,0.6576,0.6165,0.5586,0.4844,0.3957,0.2954,0.1885,0.0871,0.0134,-0.01,0.0201,0.0858,0.1652,0.2441,0.3162,0.38,0.4359,0.485,0.5284,0.567,0.6017,0.633,0.6613,1.2066,1.1756,1.1274,1.0593,0.9718,0.8714,0.7717,0.6917,0.6474,0.6398,0.6531,0.6673,0.6685,0.6497,0.6079,0.5421,0.4527,0.3422,0.2123,0.0628,-0.0967,-0.2213,-0.2499,-0.1786,-0.0584,0.066,0.176,0.2684,0.3454,0.4101,0.4655,0.5135,0.5557,0.5932,0.6268,0.6569,1.2688,1.2423,1.1918,1.1094,0.9917,0.8446,0.688,0.5605,0.5041,0.5248,0.5822,0.6331,0.6571,0.6492,0.6084,0.534,0.4266,0.2909,0.1309,-0.0697,-0.3335,-0.5758,-0.6066,-0.4342,-0.2154,-0.0286,0.1165,0.2285,0.3171,0.3892,0.4497,0.5016,0.5469,0.587,0.6226,0.6544,1.3498,1.3368,1.2923,1.1984,1.0419,0.8221,0.5601,0.325,0.239,0.3335,0.4853,0.5979,0.6536,0.6602,0.6225,0.5396,0.4099,0.2431,0.0629,-0.1619,-0.5785,-1.0889,-1.0888,-0.6981,-0.3432,-0.0952,0.077,0.2019,0.2975,0.3742,0.4382,0.493,0.5409,0.5831,0.6205,0.6539,1.4512,1.4673,1.4479,1.3557,1.1568,0.839,0.404,-0.0712,-0.2422,0.0488,0.3819,0.576,0.6649,0.6868,0.6556,0.5678,0.4125,0.1966,-0.0008,-0.1503,-0.6129,-1.3764,-1.3269,-0.7786,-0.3704,-0.109,0.0658,0.1909,0.2868,0.3646,0.4304,0.4874,0.5375,0.5817,0.6208,0.6555,1.5676,1.6352,1.6784,1.6217,1.384,0.9636,0.3596,-0.4306,-0.7608,-0.1578,0.3498,0.5903,0.696,0.7309,0.7125,0.6313,0.4617,0.1891,-0.0675,-0.1065,-0.4057,-0.8283,-0.8645,-0.5692,-0.281,-0.0707,0.0793,0.1916,0.2816,0.358,0.4249,0.484,0.5364,0.5827,0.6235,0.6594,1.6807,1.8165,1.9758,2.0225,1.7351,1.2207,0.6146,-0.0499,-0.3163,0.0871,0.4489,0.6423,0.7417,0.7886,0.7946,0.7399,0.5876,0.3205,0.036,-0.1511,-0.5209,-0.6379,-0.5169,-0.338,-0.1587,-0.0136,0.0991,0.1922,0.2746,0.3502,0.4194,0.4819,0.5374,0.5861,0.6286,0.6656,1.7606,1.9419,2.2031,2.392,2.0362,1.4776,0.9648,0.5544,0.3573,0.4006,0.5509,0.6915,0.7831,0.8466,0.9006,0.8957,0.7709,0.5434,0.2274,-0.2817,-1.1211,-0.9925,-0.4697,-0.2076,-0.0683,0.0229,0.0986,0.1749,0.255,0.3354,0.4115,0.4801,0.5403,0.5921,0.6365,0.6745,1.7904,1.9632,2.1669,2.2725,2.073,1.6349,1.1801,0.7816,0.3946,0.2676,0.5074,0.7062,0.7982,0.8728,1.0247,1.1026,0.9466,0.7722,0.4951,-0.0272,-0.7362,-0.6992,-0.2907,-0.0908,-0.0268,-0.0009,0.0415,0.1158,0.2104,0.3089,0.4001,0.4793,0.5461,0.6015,0.6476,0.6861,1.7807,1.9408,2.1542,2.4472,2.3462,1.7639,1.3246,0.912,0.0007,-0.4456,0.3983,0.7181,0.7702,0.7916,0.9782,1.1164,1.037,1.0071,0.8648,0.5295,0.145,-0.0005,0.0258,0.0037,-0.0874,-0.1576,-0.13,-0.0156,0.1308,0.2701,0.3877,0.4821,0.5565,0.6153,0.6623,0.7007,1.741,1.8835,2.0983,2.3872,2.2761,1.7526,1.494,1.4012,0.7101,0.1625,0.6194,0.7719,0.7012,0.5222,0.6801,0.9569,1.1397,1.3607,1.3464,1.0133,0.6797,0.4409,0.2414,-0.0307,-0.381,-0.5979,-0.5078,-0.2448,0.0201,0.2292,0.3828,0.4938,0.5746,0.6348,0.6811,0.718,1.6767,1.7751,1.8921,1.9723,1.8679,1.6525,1.6179,1.7984,1.5416,1.0601,0.9265,0.797,0.6906,0.4195,0.5864,1.0012,1.2715,1.9086,1.9179,1.3151,0.9519,0.6707,0.3337,-0.2272,-1.0645,-1.5482,-1.1548,-0.5358,-0.0794,0.2136,0.4002,0.5215,0.6031,0.6604,0.7032,0.7372,1.6051,1.6602,1.7057,1.7118,1.6538,1.5834,1.5958,1.6838,1.5759,1.3162,1.134,0.7359,0.6,0.8212,0.9625,1.1258,1.2847,1.621,1.6651,1.3296,1.0623,0.8109,0.4225,-0.3632,-1.79,-2.6346,-1.7054,-0.6803,-0.0751,0.2619,0.4552,0.5702,0.6419,0.6902,0.7264,0.7561,1.542,1.5707,1.5872,1.5819,1.5558,1.5315,1.533,1.5425,1.5153,1.5124,1.5272,1.3479,1.1553,1.1993,1.1575,1.1853,1.7292,1.4904,1.3988,1.2556,1.1054,0.9435,0.6165,-0.0754,-1.2593,-1.9687,-1.27,-0.412,0.1102,0.3962,0.5516,0.6363,0.6848,0.7176,0.7453,0.7713,1.4932,1.5092,1.5167,1.514,1.5045,1.4979,1.5026,1.5222,1.5831,1.7908,2.2739,1.9666,1.6852,1.4033,1.3571,1.4523,1.6634,1.4741,1.3386,1.219,1.1127,1.0621,0.8539,0.4405,-0.1076,-0.4185,-0.2141,0.1598,0.4355,0.5938,0.6714,0.7022,0.7149,0.7291,0.751,0.7777,1.4577,1.4684,1.4743,1.4759,1.4763,1.481,1.4973,1.5373,1.6326,1.8538,2.2143,2.0039,1.9521,1.9747,1.6265,1.5458,1.5045,1.3919,1.2837,1.2256,1.122,1.1104,1.0266,0.8475,0.6689,0.6021,0.6554,0.7344,0.7872,0.8019,0.7787,0.7341,0.7013,0.7031,0.7324,0.7712,1.4322,1.4411,1.4478,1.4533,1.46,1.4723,1.4959,1.5403,1.6191,1.7384,1.8436,1.8598,2.002,2.0463,1.8953,1.8525,1.6103,1.3007,1.0776,1.2682,1.2699,1.2288,1.1882,1.1416,1.1497,1.2383,1.2755,1.196,1.0906,0.9774,0.8373,0.6863,0.6,0.6166,0.6844,0.7533,1.4139,1.4225,1.4304,1.4386,1.4493,1.4653,1.4906,1.5297,1.5855,1.6527,1.7132,1.7646,1.8404,1.9517,2.3713,2.5685,1.8507,1.4213,1.2808,1.5293,1.4818,1.4077,1.3731,1.376,1.4622,1.6521,1.6977,1.5172,1.3231,1.1145,0.8479,0.5472,0.4039,0.4863,0.6277,0.7381,1.4003,1.409,1.4179,1.428,1.4406,1.4577,1.4816,1.5141,1.5551,1.6014,1.6488,1.7009,1.7762,1.9323,2.2904,2.3918,1.906,1.6509,1.8189,1.9555,1.6852,1.5951,1.5765,1.5745,1.6327,1.7592,1.7895,1.692,1.4992,1.2445,0.8994,0.488,0.3055,0.4382,0.6218,0.751,1.3898,1.3988,1.4083,1.4192,1.4325,1.4493,1.4709,1.498,1.5301,1.5663,1.6061,1.653,1.7179,1.8185,1.9404,1.9449,1.7968,1.7053,1.7721,1.8199,1.777,1.8342,1.8645,1.7921,1.7655,1.8684,2.05,1.9336,1.651,1.3881,1.0742,0.7144,0.5267,0.5828,0.7073,0.8067,1.3813,1.3904,1.4002,1.4113,1.4245,1.4404,1.4597,1.4826,1.509,1.5387,1.5718,1.6101,1.6566,1.7106,1.7543,1.7534,1.7121,1.6888,1.7176,1.7829,1.9424,2.2714,2.3746,2.0775,1.8917,1.9871,2.2597,2.0519,1.698,1.5082,1.2851,1.0254,0.8512,0.8127,0.8461,0.892,1.3741,1.3831,1.3929,1.4039,1.4165,1.4312,1.4484,1.4681,1.4903,1.5149,1.5419,1.5716,1.6038,1.6351,1.6574,1.6631,1.659,1.6676,1.7118,1.8242,2.0984,2.6039,2.752,2.2717,1.9503,1.9089,1.9529,1.795,1.6227,1.5754,1.4264,1.2328,1.0807,1.0021,0.9788,0.9814,1.3676,1.3764,1.386,1.3966,1.4085,1.422,1.4373,1.4544,1.4732,1.4937,1.5157,1.5387,1.562,1.5834,1.6001,1.6114,1.6231,1.6478,1.7038,1.8214,2.0472,2.3534,2.4279,2.1612,1.9169,1.8137,1.7612,1.6683,1.6094,1.5821,1.4741,1.3316,1.2085,1.1256,1.0796,1.0578]},{"header":{"la1":42.85,"la2":41.18,"lo1":11.55,"lo2":14.05,"nx":36,"ny":24,"dx":0.07143,"dy":0.07261,"parameterCategory":2,"parameterNumber":3,"parameterNumberName":"northward_wind","parameterUnit":"m.s-1"},"data":[0.1354,0.1132,0.0831,0.045,0.0003,-0.0481,-0.0963,-0.1404,-0.1776,-0.2082,-0.2344,-0.2598,-0.2874,-0.3192,-0.3563,-0.3987,-0.4463,-0.498,-0.5521,-0.6054,-0.6519,-0.6832,-0.6916,-0.6757,-0.6407,-0.5948,-0.5448,-0.4952,-0.4481,-0.4043,-0.3639,-0.3267,-0.2925,-0.261,-0.232,-0.2054,0.1746,0.1523,0.1186,0.0727,0.016,-0.0474,-0.1106,-0.1659,-0.2081,-0.2371,-0.2584,-0.2787,-0.3034,-0.3353,-0.3753,-0.4237,-0.4801,-0.5439,-0.6141,-0.6883,-0.7586,-0.8082,-0.8195,-0.7894,-0.7315,-0.6627,-0.594,-0.5303,-0.4729,-0.4216,-0.3755,-0.3339,-0.2961,-0.2618,-0.2305,-0.202,0.2251,0.2048,0.1683,0.1126,0.0383,-0.0492,-0.1381,-0.2132,-0.2619,-0.2842,-0.2924,-0.3013,-0.3194,-0.3498,-0.3925,-0.4472,-0.5135,-0.5911,-0.6807,-0.7851,-0.8987,-0.9875,-1.003,-0.9407,-0.8398,-0.7354,-0.642,-0.5621,-0.4939,-0.4351,-0.3836,-0.3378,-0.2968,-0.2598,-0.2264,-0.1961,0.2902,0.2767,0.2406,0.1741,0.0745,-0.0524,-0.1888,-0.303,-0.3623,-0.364,-0.3415,-0.3274,-0.3341,-0.3613,-0.4064,-0.4677,-0.5448,-0.6368,-0.7447,-0.8849,-1.078,-1.26,-1.2786,-1.1364,-0.957,-0.803,-0.6818,-0.5861,-0.5085,-0.4434,-0.3873,-0.3379,-0.294,-0.2545,-0.2191,-0.1872,0.3732,0.376,0.3489,0.2741,0.1407,-0.0489,-0.2741,-0.4765,-0.5587,-0.5013,-0.408,-0.3533,-0.3445,-0.3685,-0.4158,-0.4833,-0.572,-0.6794,-0.7961,-0.951,-1.262,-1.6615,-1.6585,-1.3389,-1.0492,-0.8463,-0.7037,-0.5979,-0.5144,-0.4453,-0.3859,-0.3337,-0.2871,-0.2455,-0.2082,-0.1749,0.4751,0.5113,0.5134,0.4424,0.2684,-0.0097,-0.383,-0.7858,-0.9342,-0.7119,-0.4761,-0.3676,-0.3463,-0.3708,-0.4209,-0.4921,-0.5908,-0.72,-0.8414,-0.9368,-1.2747,-1.8898,-1.8475,-1.3908,-1.0566,-0.8443,-0.7007,-0.595,-0.5111,-0.4407,-0.3794,-0.3249,-0.276,-0.2323,-0.1933,-0.1587,0.5894,0.685,0.76,0.726,0.5044,0.1236,-0.3993,-1.0753,-1.3574,-0.861,-0.482,-0.3512,-0.337,-0.3709,-0.4253,-0.4938,-0.5898,-0.7358,-0.8899,-0.9061,-1.0591,-1.3856,-1.4265,-1.189,-0.9625,-0.7968,-0.6752,-0.5801,-0.5007,-0.431,-0.3684,-0.3117,-0.2604,-0.2145,-0.1738,-0.1381,0.6933,0.8708,1.0933,1.1773,0.8662,0.3693,-0.1547,-0.725,-0.9587,-0.6177,-0.3658,-0.2993,-0.3208,-0.3773,-0.4419,-0.5003,-0.567,-0.6773,-0.8081,-0.8585,-0.9287,-0.9974,-1.0183,-0.9476,-0.8365,-0.7315,-0.6413,-0.5616,-0.4881,-0.419,-0.3542,-0.2943,-0.24,-0.1916,-0.1492,-0.1124,0.7467,0.9755,1.3563,1.6573,1.1633,0.5873,0.1845,-0.1153,-0.2481,-0.2231,-0.202,-0.2369,-0.3093,-0.4011,-0.4981,-0.5496,-0.5551,-0.5963,-0.6827,-0.803,-0.9759,-0.9553,-0.8656,-0.803,-0.7423,-0.6816,-0.6191,-0.552,-0.4806,-0.4081,-0.338,-0.2728,-0.2142,-0.1626,-0.1183,-0.0807,0.7261,0.9041,1.1546,1.301,0.9605,0.6485,0.4212,0.238,0.0784,-0.0138,-0.0856,-0.1919,-0.3098,-0.4362,-0.6186,-0.7065,-0.5754,-0.5379,-0.5835,-0.7045,-0.8749,-0.8666,-0.7694,-0.7198,-0.6973,-0.6742,-0.6319,-0.5665,-0.4862,-0.4015,-0.3202,-0.2462,-0.1813,-0.1259,-0.0797,-0.0419,0.6604,0.7523,0.7894,0.6698,0.6603,0.6653,0.6341,0.5185,0.1281,-0.0478,-0.0263,-0.1753,-0.3287,-0.4521,-0.6084,-0.7106,-0.5476,-0.4808,-0.486,-0.5472,-0.6309,-0.6625,-0.6581,-0.6786,-0.7239,-0.7488,-0.7134,-0.6238,-0.5113,-0.3995,-0.2985,-0.2116,-0.1387,-0.0791,-0.0314,0.0058,0.5921,0.645,0.6614,0.6289,0.64,0.7414,0.9526,1.1062,0.5953,0.1543,0.0277,-0.1864,-0.3743,-0.5178,-0.5239,-0.5194,-0.4763,-0.4151,-0.3969,-0.4249,-0.4688,-0.5161,-0.583,-0.7083,-0.8842,-0.9884,-0.9169,-0.7398,-0.5541,-0.3954,-0.2666,-0.1635,-0.0819,-0.0186,0.0292,0.0641,0.5344,0.5754,0.6052,0.6264,0.6739,0.8342,1.2028,1.6684,1.2735,0.5018,0.0579,-0.2221,-0.3816,-0.5546,-0.5376,-0.5236,-0.4824,-0.3484,-0.3309,-0.3503,-0.3668,-0.4181,-0.5427,-0.8158,-1.2628,-1.5243,-1.2821,-0.8951,-0.5896,-0.3716,-0.2128,-0.094,-0.0049,0.0602,0.1055,0.1354,0.4849,0.5193,0.5523,0.5906,0.6594,0.8101,1.0849,1.3858,1.1471,0.4874,0.0548,-0.2675,-0.3728,-0.479,-0.514,-0.6903,-0.6105,-0.4146,-0.3333,-0.2902,-0.2761,-0.323,-0.4804,-0.8807,-1.668,-2.1482,-1.5982,-0.9661,-0.5606,-0.3017,-0.1231,0.0064,0.0995,0.1627,0.2015,0.2217,0.4407,0.4688,0.4986,0.5356,0.5922,0.6834,0.7996,0.8477,0.6601,0.3381,0.1258,-0.0298,-0.2376,-0.391,-0.4859,-0.7422,-0.7816,-0.4779,-0.2777,-0.1876,-0.1725,-0.211,-0.3479,-0.7023,-1.3578,-1.7587,-1.3342,-0.7891,-0.4171,-0.1677,0.0124,0.146,0.2395,0.2958,0.3212,0.325,0.4006,0.4222,0.445,0.4713,0.504,0.541,0.563,0.5263,0.403,0.2698,0.2696,0.3107,0.1098,-0.172,-0.3078,-0.4967,-0.6102,-0.3122,-0.0757,-0.0376,-0.1378,-0.1409,-0.1887,-0.3865,-0.6836,-0.8496,-0.7043,-0.4314,-0.1836,0.0213,0.1933,0.3316,0.4249,0.4673,0.4682,0.4454,0.3642,0.3794,0.3943,0.4089,0.4219,0.428,0.4154,0.3706,0.2985,0.2443,0.2617,0.2391,0.2326,0.2142,-0.0442,-0.1498,-0.1082,0.1658,0.4001,0.231,-0.1032,-0.0808,-0.0418,-0.1226,-0.2315,-0.2778,-0.2224,-0.0962,0.0623,0.2339,0.4101,0.5692,0.6683,0.6848,0.6427,0.5787,0.3317,0.3415,0.3496,0.3553,0.3563,0.3491,0.3287,0.2927,0.2488,0.2152,0.2008,0.1955,0.2583,0.2689,0.1647,0.1736,0.2794,0.7732,1.2535,0.7491,0.3532,0.1973,0.1427,0.0799,0.0156,-0.0271,-0.0029,0.1125,0.2676,0.4408,0.6457,0.8587,0.9767,0.9437,0.8308,0.7116,0.3035,0.309,0.3123,0.3124,0.3077,0.2964,0.2769,0.25,0.2208,0.1966,0.1822,0.181,0.1999,0.2332,0.369,0.4438,0.4656,0.8849,1.2393,1.2082,0.8115,0.4935,0.3364,0.2437,0.1364,-0.0652,-0.1015,0.2042,0.4468,0.6315,0.8607,1.1477,1.294,1.1855,0.9894,0.8183,0.2796,0.2821,0.2823,0.2795,0.2727,0.2613,0.2451,0.2254,0.2053,0.189,0.18,0.1825,0.2027,0.2577,0.375,0.4351,0.5235,0.8928,1.6313,1.9492,1.1284,0.6793,0.4904,0.3965,0.2873,-0.0158,-0.0864,0.4633,0.6947,0.8186,0.9921,1.2628,1.4082,1.2731,1.0555,0.8722,0.2597,0.2603,0.2589,0.2549,0.248,0.2381,0.2254,0.2114,0.1981,0.1883,0.185,0.1921,0.2149,0.2609,0.3287,0.4031,0.5387,0.8316,1.2847,1.4172,1.0097,0.7137,0.5956,0.5502,0.5729,0.7407,1.2124,1.1745,1.0479,1.0373,1.0672,1.1737,1.2508,1.1734,1.0195,0.8704,0.2435,0.2431,0.2409,0.2369,0.2308,0.2228,0.2135,0.204,0.1958,0.1913,0.1926,0.203,0.2257,0.2639,0.3186,0.3939,0.5106,0.6851,0.8665,0.9073,0.7844,0.6888,0.666,0.657,0.7764,1.1752,1.7333,1.5266,1.3955,1.3386,1.2015,1.1252,1.0994,1.0427,0.9456,0.8378,0.2304,0.2296,0.2274,0.2238,0.2189,0.2129,0.2065,0.2006,0.1965,0.1959,0.2006,0.2128,0.2348,0.2686,0.3162,0.3808,0.4672,0.5702,0.6595,0.6935,0.6804,0.6871,0.6956,0.6926,0.8172,1.0996,1.378,1.5334,1.8421,1.7111,1.3766,1.1587,1.0446,0.9647,0.8838,0.7996,0.22,0.2191,0.2172,0.2144,0.2108,0.2067,0.2028,0.1998,0.1987,0.2009,0.2078,0.221,0.242,0.2723,0.3131,0.3656,0.4291,0.4976,0.5578,0.5989,0.6278,0.6587,0.674,0.6959,0.8011,0.9945,1.2294,1.5501,1.8976,1.7655,1.4217,1.1712,1.02,0.9201,0.8393,0.7651]}]