docs/data/wind_grid.json
[{"header":{"la1":42.85,"la2":41.18,"lo1":11.55,"lo2":14.05,"nx":36,"ny":24,"dx":0.07143,"dy":0.07261,"parameterCategory":2,"parameterNumber":2,"parameterNumberName":"eastward_wind","parameterUnit":"m.s-1"},"data":[-0.2546,-0.2603,-0.2653,-0.2699,-0.2741,-0.2779,-0.281,-0.2827,-0.2831,-0.2827,-0.2835,-0.2873,-0.2959,-0.3097,-0.328,-0.3487,-0.3678,-0.3803,-0.3815,-0.3692,-0.346,-0.3188,-0.2946,-0.2767,-0.2643,-0.2548,-0.2463,-0.2379,-0.2292,-0.2204,-0.2119,-0.2037,-0.196,-0.1888,-0.1821,-0.1761,-0.2672,-0.2738,-0.2798,-0.2852,-0.2907,-0.2961,-0.3008,-0.3033,-0.3022,-0.2985,-0.2952,-0.2963,-0.305,-0.3224,-0.3479,-0.3786,-0.4091,-0.4304,-0.4325,-0.4095,-0.3666,-0.3197,-0.2846,-0.2659,-0.2575,-0.2524,-0.2467,-0.2394,-0.231,-0.2221,-0.2131,-0.2044,-0.1963,-0.1888,-0.182,-0.1757,-0.2821,-0.2901,-0.297,-0.3035,-0.3107,-0.3193,-0.3285,-0.3341,-0.3317,-0.3214,-0.3096,-0.3047,-0.3119,-0.3334,-0.3686,-0.4149,-0.4651,-0.5047,-0.5114,-0.4678,-0.3819,-0.2936,-0.2437,-0.2343,-0.2409,-0.2464,-0.246,-0.2407,-0.2327,-0.2234,-0.2139,-0.2047,-0.1962,-0.1885,-0.1814,-0.1751,-0.3001,-0.3099,-0.3179,-0.3251,-0.3342,-0.3484,-0.3679,-0.3842,-0.3823,-0.3585,-0.3285,-0.311,-0.3144,-0.3402,-0.3878,-0.4564,-0.5411,-0.6209,-0.6481,-0.5676,-0.3823,-0.1974,-0.1357,-0.1707,-0.2154,-0.2396,-0.2462,-0.2426,-0.2344,-0.2244,-0.2142,-0.2045,-0.1957,-0.1877,-0.1805,-0.1741,-0.322,-0.3347,-0.3439,-0.3507,-0.36,-0.3815,-0.423,-0.4711,-0.4781,-0.4224,-0.3525,-0.3121,-0.3092,-0.3394,-0.4006,-0.4972,-0.6364,-0.8049,-0.9113,-0.7837,-0.3779,0.0403,0.0753,-0.0876,-0.1959,-0.2398,-0.2503,-0.2461,-0.2364,-0.2251,-0.214,-0.2037,-0.1945,-0.1864,-0.1792,-0.1729,-0.3486,-0.3661,-0.3777,-0.3824,-0.3864,-0.4104,-0.4867,-0.6171,-0.6632,-0.5235,-0.372,-0.2998,-0.2922,-0.3283,-0.4012,-0.5223,-0.7263,-1.0578,-1.4169,-1.2869,-0.5372,0.2101,0.195,-0.0827,-0.2154,-0.2563,-0.2605,-0.2514,-0.2385,-0.2252,-0.213,-0.2022,-0.1928,-0.1847,-0.1776,-0.1715,-0.3799,-0.4054,-0.4227,-0.4253,-0.415,-0.4207,-0.5102,-0.7502,-0.8797,-0.5901,-0.3471,-0.2604,-0.2607,-0.3079,-0.3884,-0.514,-0.743,-1.2062,-1.9341,-1.8519,-0.9318,-0.3149,-0.1656,-0.2438,-0.2863,-0.2883,-0.2745,-0.2568,-0.2396,-0.2243,-0.2111,-0.2,-0.1906,-0.1826,-0.1758,-0.1699,-0.4139,-0.4501,-0.4749,-0.4796,-0.4545,-0.4131,-0.4295,-0.5754,-0.6495,-0.4092,-0.2273,-0.1855,-0.2173,-0.2872,-0.3781,-0.4832,-0.6502,-0.9889,-1.4555,-1.4179,-1.0849,-0.854,-0.5842,-0.4372,-0.3649,-0.3191,-0.2855,-0.2594,-0.2385,-0.2217,-0.208,-0.1969,-0.1878,-0.1803,-0.174,-0.1685,-0.4476,-0.4953,-0.5142,-0.5018,-0.505,-0.4164,-0.3046,-0.2334,-0.1484,-0.0437,-0.0292,-0.0859,-0.1696,-0.2806,-0.4178,-0.5045,-0.5461,-0.6801,-0.8797,-1.0351,-1.3197,-1.2118,-0.7853,-0.5309,-0.4014,-0.3303,-0.2867,-0.2569,-0.2346,-0.2174,-0.2039,-0.1932,-0.1849,-0.1781,-0.1724,-0.1675,-0.478,-0.5525,-0.6048,-0.6198,-0.6589,-0.4639,-0.2096,0.0347,0.3239,0.4279,0.2115,0.0135,-0.1212,-0.2751,-0.5688,-0.7236,-0.5151,-0.4854,-0.5883,-0.7971,-1.1073,-1.0442,-0.7203,-0.5015,-0.3828,-0.3177,-0.2782,-0.2503,-0.2288,-0.212,-0.1991,-0.1894,-0.1821,-0.1764,-0.1716,-0.1673,-0.495,-0.6152,-0.8238,-1.2116,-1.1189,-0.5444,-0.148,0.1717,0.796,1.1095,0.4078,0.0713,-0.0749,-0.1954,-0.487,-0.7059,-0.4175,-0.3375,-0.376,-0.4876,-0.6173,-0.6201,-0.5056,-0.3972,-0.3318,-0.2957,-0.2694,-0.245,-0.2235,-0.2066,-0.1944,-0.186,-0.1801,-0.1758,-0.1721,-0.1685,-0.4785,-0.6079,-0.8367,-1.1712,-1.0532,-0.4663,-0.094,0.0885,0.4212,0.7038,0.2975,0.0663,-0.048,-0.1292,-0.1327,-0.2257,-0.2201,-0.2121,-0.2268,-0.2685,-0.3163,-0.331,-0.3109,-0.2916,-0.293,-0.297,-0.2794,-0.2486,-0.221,-0.2019,-0.1902,-0.1837,-0.18,-0.1774,-0.1748,-0.1718,-0.4243,-0.5143,-0.6323,-0.7161,-0.5887,-0.2922,-0.0782,0.1602,-0.0805,0.1419,0.1265,0.0731,0.0068,-0.0663,0.0083,-0.0571,-0.1062,-0.1776,-0.1812,-0.1493,-0.1377,-0.1423,-0.1662,-0.2226,-0.3151,-0.3701,-0.3276,-0.263,-0.2199,-0.1972,-0.1871,-0.1837,-0.1831,-0.1827,-0.1812,-0.1783,-0.3516,-0.3965,-0.4331,-0.4249,-0.3342,-0.1998,-0.1263,-0.2234,-0.1555,0.0343,0.0852,0.1207,0.1151,-0.0776,-0.0023,0.0848,-0.0446,-0.1408,-0.1244,-0.0417,0.026,0.0323,-0.0333,-0.1685,-0.3782,-0.4919,-0.3798,-0.2673,-0.2119,-0.1904,-0.1856,-0.188,-0.1919,-0.1941,-0.1932,-0.1894,-0.2805,-0.2961,-0.2975,-0.2711,-0.2126,-0.1436,-0.0992,-0.0815,-0.0197,0.0794,0.1275,0.0855,0.0068,-0.0895,-0.0005,0.0791,-0.5637,-0.1935,-0.0199,0.1324,0.2792,0.2752,0.1334,-0.0583,-0.2826,-0.3994,-0.318,-0.2291,-0.1899,-0.1817,-0.1884,-0.2004,-0.2108,-0.2155,-0.2135,-0.2066,-0.2199,-0.2202,-0.209,-0.1821,-0.1408,-0.0944,-0.0519,-0.0075,0.0603,0.173,0.3615,0.0693,0.0213,-0.0136,-0.0076,-0.1459,-0.4182,-0.1087,0.1244,0.3614,0.7019,0.6142,0.3151,0.0901,-0.081,-0.1728,-0.1774,-0.1612,-0.161,-0.1765,-0.2013,-0.2278,-0.2469,-0.2525,-0.2456,-0.2315,-0.171,-0.1639,-0.1486,-0.1238,-0.0909,-0.0534,-0.0132,0.0332,0.0954,0.1912,0.3268,0.1627,-0.027,-0.0699,0.0824,0.0983,0.0764,0.1807,0.3153,0.478,0.7802,0.686,0.3967,0.1907,0.0523,-0.0275,-0.0693,-0.1033,-0.1407,-0.183,-0.2317,-0.2804,-0.3113,-0.3128,-0.2924,-0.2641,-0.132,-0.1215,-0.105,-0.0822,-0.054,-0.0216,0.0142,0.0544,0.1004,0.1488,0.1722,0.1198,-0.0096,0.0059,0.393,0.5559,0.4318,0.4111,0.4205,0.54,0.6042,0.5461,0.3936,0.233,0.1104,0.0472,0.0037,-0.0676,-0.1399,-0.2062,-0.2832,-0.3679,-0.4161,-0.4007,-0.3516,-0.3005,-0.1008,-0.0886,-0.072,-0.051,-0.0259,0.0025,0.0337,0.0673,0.1017,0.1323,0.1507,0.1568,0.1884,0.4076,1.1526,1.4587,0.7703,0.5875,0.632,0.9275,0.7725,0.5824,0.4188,0.2545,0.1217,0.1068,0.1009,-0.0599,-0.1723,-0.2439,-0.342,-0.477,-0.5477,-0.4966,-0.4061,-0.3297,-0.0754,-0.0626,-0.0464,-0.0268,-0.0041,0.0214,0.049,0.0783,0.1082,0.1376,0.1683,0.2126,0.3118,0.5686,1.0989,1.2733,0.8551,0.8226,1.3835,1.6828,1.023,0.6914,0.4962,0.2907,0.094,0.0784,0.0857,-0.2014,-0.2701,-0.2874,-0.3671,-0.5205,-0.6023,-0.5313,-0.4229,-0.3374,-0.0547,-0.0417,-0.026,-0.0076,0.0134,0.0366,0.0619,0.0889,0.1178,0.1497,0.1887,0.2464,0.3452,0.5127,0.7207,0.8006,0.7513,0.8354,1.1484,1.2635,0.9832,0.8161,0.6825,0.4038,0.0399,-0.3317,-0.7815,-0.6788,-0.4145,-0.3136,-0.3362,-0.4365,-0.5015,-0.4638,-0.3868,-0.3179,-0.0376,-0.0246,-0.0095,0.0079,0.0275,0.0492,0.0728,0.0986,0.1272,0.1601,0.2011,0.2566,0.3347,0.4365,0.5393,0.6044,0.6449,0.7253,0.8485,0.9129,0.9424,1.1187,1.1426,0.6753,0.0777,-0.5739,-1.2227,-0.8893,-0.4,-0.2704,-0.2738,-0.324,-0.3651,-0.3597,-0.3232,-0.2805,-0.0233,-0.0106,0.004,0.0205,0.039,0.0594,0.0818,0.1066,0.1343,0.1664,0.2052,0.2535,0.3132,0.3816,0.4489,0.5059,0.5587,0.6232,0.7009,0.7915,0.979,1.3951,1.5289,0.9067,0.2227,-0.3244,-0.635,-0.447,-0.1606,-0.1661,-0.2091,-0.2445,-0.2704,-0.2756,-0.2619,-0.239,-0.0114,0.001,0.015,0.0308,0.0483,0.0675,0.0888,0.1123,0.1386,0.1686,0.2036,0.2446,0.2915,0.3425,0.3935,0.4422,0.491,0.5456,0.6122,0.7081,0.8812,1.1351,1.1708,0.7822,0.2982,-0.0752,-0.2599,-0.2208,-0.123,-0.1375,-0.1723,-0.1958,-0.2116,-0.2174,-0.2129,-0.2013]},{"header":{"la1":42.85,"la2":41.18,"lo1":11.55,"lo2":14.05,"nx":36,"ny":24,"dx":0.07143,"dy":0.07261,"parameterCategory":2,"parameterNumber":3,"parameterNumberName":"northward_wind","parameterUnit":"m.s-1"},"data":[0.1005,0.1149,0.1303,0.1464,0.1625,0.1771,0.1874,0.1904,0.1835,0.1666,0.1418,0.1124,0.0814,0.0503,0.0196,-0.0112,-0.043,-0.0764,-0.1116,-0.1474,-0.1808,-0.2067,-0.2206,-0.2218,-0.2136,-0.201,-0.1879,-0.1766,-0.1679,-0.1618,-0.1582,-0.1565,-0.1564,-0.1573,-0.1591,-0.1613,0.1112,0.1288,0.1482,0.1699,0.1934,0.2171,0.2368,0.2462,0.2398,0.2165,0.1811,0.1405,0.1,0.0619,0.0258,-0.0098,-0.0467,-0.0867,-0.1311,-0.1798,-0.2284,-0.2664,-0.2826,-0.2757,-0.2545,-0.2295,-0.2069,-0.1893,-0.1767,-0.1685,-0.1638,-0.1617,-0.1615,-0.1626,-0.1647,-0.1672,0.1219,0.1429,0.1668,0.195,0.2287,0.2674,0.305,0.3287,0.3244,0.2891,0.2339,0.1745,0.1204,0.0736,0.032,-0.008,-0.0498,-0.0965,-0.1517,-0.2196,-0.2971,-0.3612,-0.3805,-0.3534,-0.3062,-0.2608,-0.2254,-0.2004,-0.1839,-0.1739,-0.1685,-0.1664,-0.1665,-0.1681,-0.1706,-0.1737,0.1326,0.1572,0.1854,0.22,0.2662,0.3282,0.4009,0.4586,0.4625,0.4008,0.3053,0.2135,0.1403,0.0841,0.0378,-0.0055,-0.0512,-0.1033,-0.1678,-0.2596,-0.3926,-0.5206,-0.5414,-0.4613,-0.3642,-0.2893,-0.2392,-0.2074,-0.1882,-0.1773,-0.1721,-0.1705,-0.1714,-0.1739,-0.1772,-0.1809,0.1438,0.1728,0.2046,0.243,0.2998,0.3936,0.5333,0.6762,0.708,0.5796,0.3968,0.2511,0.1546,0.0907,0.0425,-0.0017,-0.05,-0.1057,-0.1706,-0.2736,-0.4952,-0.7781,-0.781,-0.5777,-0.4076,-0.3033,-0.2427,-0.2078,-0.1884,-0.1784,-0.1744,-0.1743,-0.1766,-0.1803,-0.1847,-0.1893,0.1563,0.1926,0.2292,0.2654,0.3198,0.4398,0.6844,1.0304,1.1534,0.8427,0.4853,0.2693,0.1551,0.0906,0.0457,0.0042,-0.0448,-0.106,-0.1639,-0.2268,-0.4792,-0.9319,-0.9041,-0.5977,-0.397,-0.2893,-0.2315,-0.2003,-0.1843,-0.1774,-0.176,-0.1781,-0.1824,-0.1877,-0.1935,-0.1991,0.1699,0.2215,0.2731,0.3038,0.3244,0.4233,0.7348,1.348,1.6479,1.0225,0.4846,0.2399,0.1349,0.0823,0.0463,0.0125,-0.031,-0.0982,-0.1727,-0.1805,-0.2794,-0.5311,-0.5814,-0.4379,-0.3178,-0.2464,-0.2069,-0.1864,-0.1772,-0.1751,-0.1775,-0.1827,-0.1895,-0.1969,-0.2042,-0.211,0.1787,0.2572,0.3573,0.4067,0.3421,0.3291,0.5231,0.9646,1.1679,0.6925,0.3066,0.153,0.0981,0.068,0.0396,0.016,-0.0076,-0.0529,-0.1119,-0.1056,-0.0512,-0.1051,-0.2126,-0.236,-0.2152,-0.1919,-0.177,-0.1702,-0.1695,-0.1733,-0.1802,-0.189,-0.1987,-0.2086,-0.2178,-0.2258,0.1678,0.2656,0.4399,0.5812,0.3702,0.196,0.187,0.2552,0.2322,0.0917,0.0282,0.0433,0.065,0.0553,0.0087,-0.0168,0.005,0.0076,-0.0059,0.0307,0.1634,0.1248,-0.0292,-0.1088,-0.1372,-0.1467,-0.1516,-0.1569,-0.1642,-0.1737,-0.1853,-0.1981,-0.2113,-0.2239,-0.2351,-0.2444,0.1249,0.1938,0.3067,0.3762,0.1848,0.0244,-0.0971,-0.2281,-0.4284,-0.4875,-0.2514,-0.0398,0.065,0.0666,-0.0793,-0.1705,-0.0055,0.0567,0.0588,0.0731,0.1283,0.106,0.0128,-0.0559,-0.0967,-0.1215,-0.1379,-0.1508,-0.1635,-0.1779,-0.1941,-0.2114,-0.2286,-0.2444,-0.2577,-0.2681,0.063,0.0795,0.0613,-0.0474,-0.0639,-0.1392,-0.314,-0.5112,-0.9212,-1.1377,-0.4519,-0.0502,0.121,0.157,-0.0043,-0.1512,0.0629,0.1144,0.1005,0.0861,0.078,0.0541,0.0064,-0.0453,-0.0889,-0.1202,-0.14,-0.1541,-0.1687,-0.1867,-0.2078,-0.2305,-0.2526,-0.2721,-0.2876,-0.2987,0.0059,-0.0036,-0.0373,-0.0858,-0.117,-0.2702,-0.4925,-0.6314,-0.796,-0.846,-0.3411,0.0307,0.2129,0.2759,0.2909,0.2496,0.2365,0.1507,0.0992,0.0969,0.0774,0.0438,-0.0016,-0.0565,-0.1115,-0.1484,-0.1613,-0.167,-0.179,-0.2001,-0.2275,-0.2575,-0.286,-0.31,-0.3277,-0.3385,-0.0379,-0.0561,-0.0863,-0.1286,-0.2098,-0.3894,-0.6326,-0.5407,-0.891,-0.5078,-0.1398,0.1356,0.2853,0.3476,0.434,0.5194,0.4322,0.0384,-0.0046,0.1012,0.0881,0.0469,-0.0074,-0.0807,-0.1683,-0.2169,-0.2021,-0.1848,-0.1913,-0.2175,-0.255,-0.296,-0.3336,-0.3631,-0.3821,-0.3908,-0.0697,-0.0923,-0.1266,-0.1797,-0.2706,-0.4245,-0.6567,-1.0057,-0.8622,-0.3735,-0.0406,0.1835,0.2854,0.7164,0.6383,0.9793,0.7937,0.3129,0.137,0.1371,0.0999,0.0539,-0.0062,-0.0966,-0.2274,-0.2958,-0.2365,-0.1937,-0.2001,-0.2387,-0.2938,-0.3525,-0.4035,-0.4392,-0.4572,-0.4597,-0.091,-0.115,-0.1494,-0.1992,-0.2719,-0.373,-0.4936,-0.5713,-0.4601,-0.2268,-0.05,0.1155,0.3734,0.6708,0.6946,1.095,1.062,0.5964,0.2823,0.1543,0.1084,0.0716,0.0099,-0.0738,-0.1835,-0.2449,-0.2033,-0.1755,-0.2009,-0.2657,-0.3515,-0.4391,-0.5098,-0.551,-0.562,-0.5505,-0.1036,-0.1258,-0.1553,-0.1938,-0.2419,-0.2953,-0.3377,-0.3351,-0.2621,-0.1769,-0.2119,-0.0218,0.104,0.3194,0.4568,0.7001,0.8426,0.4743,0.1881,0.1004,0.1539,0.1229,0.0323,-0.0312,-0.0805,-0.107,-0.1048,-0.1228,-0.1906,-0.3023,-0.4405,-0.5772,-0.6772,-0.7187,-0.7082,-0.6676,-0.1095,-0.1281,-0.1509,-0.1775,-0.206,-0.2306,-0.241,-0.2254,-0.1862,-0.1609,-0.1999,-0.1064,-0.1775,-0.2256,0.0825,0.2256,0.2445,0.0465,-0.1355,-0.0511,0.146,0.1133,0.0226,-0.0007,0.0192,0.0538,0.0533,-0.0219,-0.163,-0.3524,-0.5784,-0.8017,-0.9466,-0.9699,-0.9056,-0.8102,-0.1111,-0.1257,-0.1422,-0.1596,-0.1756,-0.1861,-0.1863,-0.1735,-0.1525,-0.1368,-0.1317,-0.1404,-0.2758,-0.3322,-0.3204,-0.3487,-0.2268,-0.4102,-0.696,-0.341,-0.1081,-0.0412,-0.0313,0.0194,0.1485,0.3252,0.3547,0.1565,-0.1153,-0.4163,-0.7769,-1.1541,-1.3662,-1.3208,-1.1448,-0.9629,-0.1103,-0.1214,-0.1331,-0.1443,-0.1533,-0.1578,-0.1561,-0.148,-0.1372,-0.1299,-0.1332,-0.1617,-0.239,-0.4057,-0.9838,-1.2444,-0.573,-0.4943,-0.6099,-0.4566,-0.2921,-0.1766,-0.0994,0.0225,0.2955,0.7771,0.8804,0.3654,-0.0854,-0.4862,-0.9922,-1.5911,-1.8854,-1.6952,-1.3613,-1.0861,-0.1086,-0.117,-0.1253,-0.1327,-0.1382,-0.1406,-0.1396,-0.1359,-0.1324,-0.1335,-0.1463,-0.1832,-0.2684,-0.4733,-0.9216,-1.0641,-0.6188,-0.4626,-0.5239,-0.5614,-0.3897,-0.2737,-0.187,-0.0424,0.26,0.8317,0.9613,0.2673,-0.165,-0.5436,-1.0712,-1.767,-2.0994,-1.8314,-1.4338,-1.1283,-0.1068,-0.1132,-0.1194,-0.1247,-0.1285,-0.1306,-0.1311,-0.131,-0.1326,-0.1396,-0.1576,-0.1957,-0.2688,-0.3973,-0.5594,-0.5992,-0.4886,-0.4261,-0.4585,-0.4708,-0.4058,-0.377,-0.3352,-0.2033,-0.0143,0.0834,-0.1605,-0.2266,-0.3548,-0.5938,-0.9523,-1.441,-1.7163,-1.5863,-1.3133,-1.0729,-0.1053,-0.1104,-0.1152,-0.1194,-0.1227,-0.1251,-0.1271,-0.1296,-0.1345,-0.1445,-0.1634,-0.1962,-0.2479,-0.3177,-0.3843,-0.408,-0.3894,-0.3763,-0.3886,-0.4063,-0.4491,-0.5689,-0.5979,-0.4131,-0.2518,-0.2852,-0.4767,-0.4526,-0.5807,-0.6949,-0.8272,-1.0555,-1.2285,-1.223,-1.1021,-0.958,-0.1043,-0.1086,-0.1126,-0.1162,-0.1195,-0.1224,-0.1256,-0.1298,-0.1364,-0.1473,-0.1647,-0.1906,-0.2257,-0.2664,-0.3025,-0.3229,-0.3295,-0.3368,-0.3558,-0.3977,-0.5042,-0.7181,-0.7832,-0.5461,-0.3751,-0.3658,-0.448,-0.6203,-0.9026,-0.8629,-0.7979,-0.8524,-0.9321,-0.9534,-0.9102,-0.8348,-0.1038,-0.1075,-0.1112,-0.1146,-0.118,-0.1214,-0.1254,-0.1306,-0.1379,-0.1485,-0.1636,-0.1838,-0.2086,-0.2354,-0.2599,-0.2788,-0.2933,-0.3096,-0.336,-0.3851,-0.4787,-0.6087,-0.639,-0.5179,-0.418,-0.4152,-0.5058,-0.7177,-0.9445,-0.8898,-0.7802,-0.7574,-0.7772,-0.7876,-0.7699,-0.7299]}]