docs/data/wind_grid.json
[{"header":{"la1":42.85,"la2":41.18,"lo1":11.55,"lo2":14.05,"nx":36,"ny":24,"dx":0.07143,"dy":0.07261,"parameterCategory":2,"parameterNumber":2,"parameterNumberName":"eastward_wind","parameterUnit":"m.s-1"},"data":[0.5876,0.5771,0.5668,0.5567,0.5469,0.5379,0.5306,0.5263,0.5256,0.5278,0.5308,0.5322,0.5296,0.5221,0.5101,0.4954,0.4816,0.4731,0.4743,0.487,0.5087,0.5332,0.5541,0.5684,0.5767,0.5816,0.5851,0.5882,0.5915,0.5948,0.5983,0.6019,0.6053,0.6087,0.6121,0.6153,0.575,0.5626,0.5503,0.5377,0.5248,0.512,0.501,0.4945,0.4947,0.5012,0.51,0.5161,0.5156,0.5066,0.4895,0.4668,0.4435,0.4279,0.4289,0.4518,0.4918,0.5344,0.5651,0.5799,0.5841,0.5843,0.5843,0.5853,0.5874,0.5902,0.5935,0.5969,0.6005,0.604,0.6074,0.6107,0.5606,0.5458,0.5311,0.5157,0.4986,0.4793,0.4603,0.4478,0.4485,0.463,0.4833,0.4988,0.5026,0.492,0.4676,0.432,0.3918,0.3605,0.3581,0.4004,0.4799,0.5602,0.6044,0.6107,0.6007,0.5902,0.5841,0.582,0.5827,0.5849,0.588,0.5915,0.5951,0.5987,0.6022,0.6057,0.5437,0.5261,0.5088,0.4907,0.4686,0.4389,0.4032,0.3743,0.3727,0.4039,0.4479,0.4811,0.4925,0.4806,0.4465,0.3918,0.3215,0.2545,0.2343,0.3112,0.4815,0.6489,0.704,0.6706,0.6256,0.5967,0.5825,0.5772,0.5766,0.5785,0.5816,0.5852,0.5889,0.5927,0.5964,0.6,0.5238,0.5019,0.482,0.4626,0.4372,0.3939,0.325,0.2519,0.2371,0.308,0.403,0.4668,0.489,0.4752,0.4298,0.3509,0.2325,0.0857,-0.0065,0.1149,0.4869,0.8627,0.8941,0.7479,0.6453,0.5964,0.5761,0.5691,0.5684,0.5705,0.5739,0.5779,0.5819,0.5859,0.5898,0.5936,0.4999,0.4711,0.4467,0.4288,0.408,0.356,0.2357,0.0544,-0.0099,0.1645,0.3604,0.4657,0.4965,0.4779,0.4215,0.3213,0.1464,-0.1476,-0.4741,-0.3483,0.3469,1.0141,1.0014,0.7564,0.63,0.5798,0.5616,0.5567,0.5573,0.5605,0.5647,0.5692,0.5737,0.578,0.5822,0.5863,0.4728,0.4312,0.3954,0.3794,0.3796,0.3468,0.1998,-0.1215,-0.2841,0.0657,0.3677,0.4934,0.5181,0.4866,0.4193,0.3148,0.1229,-0.2856,-0.9577,-0.8755,0.0128,0.5738,0.6999,0.6226,0.5679,0.5458,0.5392,0.5395,0.543,0.548,0.5535,0.5589,0.5641,0.5689,0.5734,0.5778,0.4466,0.3857,0.3227,0.2958,0.3378,0.3704,0.2985,0.0814,-0.0211,0.2497,0.4752,0.5575,0.5518,0.4902,0.3998,0.3099,0.1869,-0.0885,-0.4976,-0.4255,-0.0239,0.1921,0.3784,0.4653,0.4946,0.5056,0.5119,0.518,0.525,0.5325,0.5399,0.5467,0.5528,0.5581,0.5631,0.5678,0.4305,0.3537,0.261,0.2044,0.2906,0.4022,0.4522,0.4468,0.4766,0.5731,0.6375,0.643,0.5927,0.4748,0.2992,0.2067,0.2344,0.1831,0.0591,0.0165,-0.0582,0.0044,0.2438,0.3849,0.4454,0.4693,0.481,0.491,0.502,0.5133,0.5236,0.5323,0.5395,0.5454,0.5508,0.5559,0.4321,0.3526,0.2684,0.2271,0.28,0.4288,0.5699,0.6765,0.7888,0.8399,0.7891,0.7296,0.6474,0.468,0.0345,-0.1995,0.1957,0.3482,0.325,0.2224,0.0638,0.1009,0.2755,0.3802,0.42,0.4314,0.4395,0.4535,0.4716,0.4894,0.5042,0.5155,0.5238,0.5303,0.536,0.5415,0.4514,0.3688,0.2545,0.0863,0.1375,0.4396,0.6549,0.7926,0.9817,1.0693,0.8941,0.8016,0.7247,0.5874,0.1503,-0.1819,0.3149,0.5007,0.5129,0.4478,0.3633,0.3484,0.3881,0.4051,0.3868,0.3648,0.3685,0.3963,0.4309,0.4606,0.4821,0.4962,0.5054,0.512,0.5178,0.5238,0.4893,0.412,0.291,0.1238,0.1912,0.5201,0.7296,0.8116,0.9136,0.9899,0.9105,0.8524,0.794,0.7222,0.6572,0.5637,0.6143,0.6606,0.6587,0.6201,0.5673,0.5243,0.4813,0.4032,0.289,0.2132,0.2355,0.3103,0.3807,0.4294,0.4586,0.4747,0.4834,0.4891,0.4947,0.5015,0.5452,0.493,0.4296,0.389,0.4704,0.6523,0.7781,0.8002,0.8332,0.9103,0.9236,0.8791,0.8562,0.7472,0.7758,0.8185,0.7895,0.7192,0.7119,0.7209,0.6937,0.6398,0.5413,0.3525,0.0638,-0.1048,0.0176,0.2061,0.3332,0.4027,0.4363,0.4505,0.4558,0.4591,0.4643,0.4726,0.6092,0.585,0.5686,0.5813,0.6458,0.7401,0.8062,0.8209,0.8597,0.9587,0.9959,0.863,0.8398,1.2273,0.9823,0.9631,0.8857,0.7897,0.7741,0.8035,0.7968,0.7416,0.6081,0.3235,-0.1787,-0.468,-0.1661,0.1489,0.3151,0.3894,0.4163,0.4208,0.4181,0.4173,0.4226,0.4343,0.6704,0.6656,0.6718,0.6974,0.7458,0.8047,0.8547,0.8969,0.9722,1.0982,1.194,1.1678,1.1809,1.3779,1.0671,0.9695,0.6618,0.8311,0.8869,0.9117,0.9113,0.8607,0.7204,0.4434,0.0065,-0.2466,-0.031,0.2175,0.3453,0.3916,0.3943,0.3781,0.3612,0.3553,0.3637,0.3833,0.7237,0.73,0.7457,0.7739,0.8145,0.863,0.9161,0.9824,1.0891,1.2758,1.5608,1.4756,1.3565,1.2489,1.1155,0.9345,0.7632,0.9276,1.0234,1.03,1.0063,0.9742,0.8498,0.6451,0.4034,0.2592,0.2895,0.3672,0.405,0.3974,0.3581,0.307,0.2685,0.2596,0.2795,0.3162,0.768,0.7805,0.8004,0.8291,0.8668,0.9127,0.9685,1.042,1.1498,1.3176,1.5292,1.4525,1.402,1.3914,1.2427,1.1471,1.1061,1.1913,1.2732,1.1816,1.0376,1.0208,0.9429,0.7996,0.6565,0.5656,0.5274,0.4999,0.4574,0.3889,0.2909,0.183,0.1128,0.1116,0.1627,0.2328,0.8044,0.8201,0.8419,0.8706,0.9065,0.9504,1.0039,1.0712,1.1566,1.2572,1.3381,1.3593,1.4065,1.4301,1.4478,1.4677,1.3847,1.4901,1.6565,1.4472,1.2458,1.1318,1.0295,0.8999,0.7831,0.7206,0.6739,0.5874,0.4834,0.3579,0.1826,-0.0211,-0.1384,-0.1013,0.0181,0.1423,0.8339,0.8514,0.8738,0.9018,0.9358,0.9765,1.0247,1.0814,1.1457,1.2118,1.2678,1.3123,1.3675,1.4781,1.8589,2.0298,1.6109,1.5915,1.7046,1.7452,1.5162,1.299,1.1355,0.973,0.8344,0.8137,0.8051,0.6276,0.4719,0.3147,0.0618,-0.2808,-0.4575,-0.3336,-0.1143,0.0702,0.8578,0.8759,0.8982,0.925,0.9567,0.9936,1.0359,1.0832,1.1341,1.1856,1.235,1.2865,1.3587,1.5049,1.8105,1.9113,1.6537,1.665,2.042,2.2327,1.7396,1.4593,1.2726,1.0546,0.8342,0.7953,0.7975,0.5081,0.3951,0.2836,0.0259,-0.3841,-0.5917,-0.4175,-0.1547,0.0507,0.8769,0.8951,0.9167,0.9421,0.9712,1.0044,1.0413,1.0816,1.1242,1.1681,1.2135,1.2647,1.3329,1.4344,1.5575,1.6027,1.5736,1.6414,1.8612,1.9388,1.7478,1.6528,1.5373,1.2249,0.8164,0.4249,-0.011,0.0697,0.2723,0.2895,0.1285,-0.1657,-0.3399,-0.2513,-0.0669,0.0969,0.8922,0.91,0.9306,0.9542,0.9809,1.0107,1.0432,1.0781,1.115,1.1535,1.1944,1.2403,1.2949,1.3596,1.4224,1.462,1.4902,1.5509,1.6455,1.7119,1.8058,2.0864,2.1388,1.5784,0.8932,0.2084,-0.4218,-0.1254,0.2821,0.358,0.2789,0.1189,-0.0004,0.0034,0.0862,0.1852,0.9041,0.9213,0.9408,0.9627,0.9871,1.0137,1.0426,1.0733,1.1056,1.1396,1.1756,1.2146,1.2574,1.3028,1.3459,1.3829,1.4202,1.4713,1.5423,1.6512,1.9088,2.4562,2.628,1.8682,1.0656,0.4608,0.1258,0.2568,0.4702,0.4612,0.3946,0.3033,0.2275,0.2049,0.2313,0.2818,0.9134,0.9297,0.948,0.9683,0.9904,1.0145,1.0402,1.0673,1.0958,1.1256,1.1569,1.1898,1.2242,1.2592,1.2934,1.3267,1.3627,1.4086,1.4749,1.5889,1.8105,2.1357,2.1861,1.7173,1.1439,0.7091,0.477,0.4546,0.5007,0.4905,0.4536,0.4047,0.3604,0.3388,0.3437,0.3673]},{"header":{"la1":42.85,"la2":41.18,"lo1":11.55,"lo2":14.05,"nx":36,"ny":24,"dx":0.07143,"dy":0.07261,"parameterCategory":2,"parameterNumber":3,"parameterNumberName":"northward_wind","parameterUnit":"m.s-1"},"data":[-0.0374,-0.028,-0.0196,-0.0123,-0.0066,-0.0033,-0.004,-0.0106,-0.0246,-0.0464,-0.0744,-0.1065,-0.1405,-0.1749,-0.209,-0.2417,-0.2719,-0.2976,-0.3169,-0.3289,-0.3343,-0.3351,-0.3336,-0.3317,-0.3301,-0.3293,-0.3294,-0.3305,-0.3325,-0.3354,-0.3389,-0.343,-0.3474,-0.3521,-0.3568,-0.3615,-0.0183,-0.0061,0.0054,0.0161,0.026,0.0343,0.0387,0.0354,0.0206,-0.0065,-0.043,-0.0844,-0.1271,-0.1695,-0.2111,-0.2517,-0.2897,-0.3221,-0.3449,-0.3557,-0.3562,-0.351,-0.3447,-0.3396,-0.3361,-0.3341,-0.3335,-0.3342,-0.3361,-0.339,-0.3429,-0.3474,-0.3523,-0.3575,-0.3627,-0.3678,0.0028,0.0186,0.0336,0.0483,0.0637,0.0802,0.0948,0.0997,0.0856,0.0495,-0.0014,-0.0572,-0.1116,-0.1634,-0.2141,-0.2649,-0.3148,-0.3585,-0.3869,-0.3936,-0.3824,-0.3653,-0.3523,-0.3448,-0.3404,-0.3377,-0.3367,-0.3372,-0.3393,-0.3426,-0.3469,-0.352,-0.3576,-0.3634,-0.3692,-0.3749,0.0264,0.0469,0.066,0.0845,0.1059,0.1348,0.1698,0.1956,0.1864,0.1325,0.0538,-0.0253,-0.0949,-0.1567,-0.2168,-0.2804,-0.349,-0.4145,-0.4559,-0.452,-0.4108,-0.3684,-0.349,-0.3442,-0.3419,-0.3399,-0.3389,-0.3396,-0.342,-0.346,-0.3511,-0.357,-0.3635,-0.3701,-0.3767,-0.383,0.0535,0.0811,0.1054,0.126,0.1505,0.1943,0.2681,0.3476,0.3574,0.2603,0.1232,0.0072,-0.0795,-0.1493,-0.2167,-0.2943,-0.3915,-0.5031,-0.5839,-0.5591,-0.4401,-0.3403,-0.326,-0.3378,-0.3414,-0.3407,-0.3401,-0.3413,-0.3444,-0.3492,-0.3554,-0.3625,-0.3701,-0.3779,-0.3854,-0.3924,0.0846,0.1248,0.1589,0.179,0.1948,0.2446,0.3768,0.5842,0.6562,0.4426,0.1907,0.0278,-0.0705,-0.141,-0.2093,-0.2967,-0.428,-0.6265,-0.8346,-0.7904,-0.5048,-0.3124,-0.3098,-0.3357,-0.3413,-0.3406,-0.3403,-0.3421,-0.3463,-0.3525,-0.3602,-0.3688,-0.3779,-0.387,-0.3956,-0.4036,0.1179,0.1821,0.2427,0.2656,0.2455,0.2608,0.4203,0.7911,0.9806,0.5664,0.1972,0.0172,-0.072,-0.1305,-0.1893,-0.2732,-0.4191,-0.6933,-1.1046,-1.0611,-0.5985,-0.3895,-0.3467,-0.3442,-0.3416,-0.3392,-0.3392,-0.3421,-0.3479,-0.3559,-0.3656,-0.3762,-0.3872,-0.398,-0.408,-0.4169,0.1438,0.2457,0.3754,0.4361,0.3282,0.2342,0.3025,0.5532,0.6716,0.352,0.0843,-0.0313,-0.0809,-0.1147,-0.155,-0.2192,-0.3381,-0.5515,-0.8182,-0.7649,-0.4786,-0.3812,-0.3567,-0.3448,-0.3382,-0.3353,-0.3364,-0.3411,-0.349,-0.3596,-0.3719,-0.3853,-0.3987,-0.4116,-0.4232,-0.4332,0.1417,0.2681,0.4926,0.6753,0.4027,0.1693,0.1096,0.1158,0.0684,-0.0463,-0.0986,-0.0947,-0.0842,-0.0886,-0.1108,-0.1499,-0.2304,-0.3546,-0.4607,-0.4328,-0.3098,-0.3138,-0.3347,-0.3333,-0.3294,-0.3283,-0.3314,-0.3387,-0.3497,-0.3638,-0.3798,-0.3967,-0.4133,-0.4287,-0.4422,-0.4533,0.097,0.1833,0.3224,0.4088,0.1793,0.0408,-0.0448,-0.1698,-0.3847,-0.4697,-0.2936,-0.1402,-0.0627,-0.0438,-0.0746,-0.0982,-0.1529,-0.2423,-0.3136,-0.3343,-0.3124,-0.3111,-0.319,-0.3188,-0.3171,-0.318,-0.3236,-0.3344,-0.3499,-0.3688,-0.3899,-0.4115,-0.4323,-0.4509,-0.4665,-0.4786,0.0288,0.0451,-0.0013,-0.2009,-0.1891,-0.0838,-0.1137,-0.2708,-0.777,-1.0406,-0.4387,-0.1329,0.004,0.0533,-0.0185,-0.0798,-0.1207,-0.2048,-0.266,-0.2942,-0.3028,-0.3047,-0.3051,-0.3035,-0.3015,-0.3029,-0.3113,-0.3273,-0.3493,-0.3753,-0.4033,-0.4315,-0.4577,-0.4803,-0.4982,-0.5109,-0.0302,-0.0436,-0.1089,-0.228,-0.2108,-0.1104,-0.0737,-0.0882,-0.4286,-0.69,-0.3173,-0.0585,0.1091,0.2608,0.1723,0.008,-0.1123,-0.2469,-0.3019,-0.291,-0.288,-0.2901,-0.2906,-0.287,-0.2803,-0.2788,-0.2912,-0.3161,-0.3482,-0.3843,-0.4222,-0.4594,-0.4929,-0.5203,-0.5403,-0.5527,-0.0703,-0.0826,-0.1127,-0.1445,-0.1351,-0.0881,-0.014,0.0935,-0.0251,-0.2123,-0.139,0.038,0.1566,0.3387,0.2531,0.0489,-0.1037,-0.3998,-0.4246,-0.3067,-0.2818,-0.2805,-0.2798,-0.2708,-0.2506,-0.239,-0.261,-0.3018,-0.3484,-0.3984,-0.45,-0.4997,-0.543,-0.576,-0.5972,-0.6073,-0.098,-0.1047,-0.1159,-0.1237,-0.1168,-0.0897,-0.037,0.0272,-0.029,-0.1482,-0.1166,0.114,0.2081,0.2467,0.1039,0.1126,-0.0247,-0.2668,-0.334,-0.2863,-0.2753,-0.2768,-0.2751,-0.2606,-0.2243,-0.1998,-0.2357,-0.2929,-0.3545,-0.4216,-0.4922,-0.56,-0.6166,-0.6557,-0.6756,-0.6791,-0.1201,-0.1239,-0.1289,-0.132,-0.1294,-0.1186,-0.1021,-0.0997,-0.1535,-0.2442,-0.2819,-0.1874,-0.084,-0.1738,-0.0009,0.1098,-0.2548,-0.2051,-0.2405,-0.2602,-0.2751,-0.2811,-0.2776,-0.2628,-0.2343,-0.2176,-0.2446,-0.2981,-0.3697,-0.4582,-0.557,-0.6527,-0.7284,-0.7726,-0.7848,-0.7735,-0.1396,-0.1427,-0.1468,-0.1507,-0.1535,-0.1563,-0.1645,-0.192,-0.2606,-0.3993,-0.6444,-0.4847,-0.3599,-0.2293,-0.1605,-0.158,-0.2605,-0.2206,-0.222,-0.2555,-0.2952,-0.2954,-0.2847,-0.2682,-0.247,-0.2362,-0.2502,-0.2989,-0.3868,-0.5099,-0.6559,-0.7991,-0.9037,-0.9474,-0.9368,-0.8949,-0.1576,-0.1612,-0.166,-0.172,-0.1796,-0.191,-0.2108,-0.2483,-0.3174,-0.4424,-0.6206,-0.5255,-0.5521,-0.5878,-0.3649,-0.2972,-0.2608,-0.1987,-0.1567,-0.229,-0.2988,-0.3008,-0.2913,-0.2648,-0.2211,-0.1821,-0.1851,-0.2558,-0.3888,-0.5748,-0.804,-1.0342,-1.1845,-1.2087,-1.1419,-1.0427,-0.1741,-0.1786,-0.1846,-0.1925,-0.2032,-0.2186,-0.2418,-0.2775,-0.3306,-0.4003,-0.4604,-0.4871,-0.6041,-0.6456,-0.585,-0.5689,-0.3791,-0.1036,0.1301,-0.1614,-0.291,-0.3143,-0.305,-0.2525,-0.1428,-0.007,0.0153,-0.1349,-0.3628,-0.6464,-1.0102,-1.4005,-1.6215,-1.574,-1.3905,-1.201,-0.1893,-0.1945,-0.2015,-0.2107,-0.2229,-0.2393,-0.2618,-0.2921,-0.3307,-0.3742,-0.4157,-0.4592,-0.5249,-0.6284,-0.9827,-1.1428,-0.5815,-0.2145,-0.0725,-0.3444,-0.3816,-0.3752,-0.3468,-0.2534,-0.0379,0.3122,0.3864,0.0288,-0.3296,-0.709,-1.2284,-1.8548,-2.1638,-1.9646,-1.6155,-1.3283,-0.203,-0.2089,-0.2165,-0.2263,-0.2389,-0.2549,-0.2753,-0.3006,-0.3305,-0.3637,-0.3996,-0.443,-0.5083,-0.6406,-0.9284,-1.0106,-0.6394,-0.4378,-0.565,-0.6712,-0.5132,-0.4805,-0.4454,-0.3206,-0.057,0.3642,0.4565,0.0123,-0.3507,-0.7387,-1.2993,-2.037,-2.3883,-2.1065,-1.6899,-1.371,-0.2153,-0.2216,-0.2296,-0.2395,-0.2518,-0.2668,-0.2851,-0.3067,-0.3316,-0.3595,-0.3913,-0.4308,-0.4864,-0.571,-0.6711,-0.6802,-0.5724,-0.5045,-0.5526,-0.5947,-0.5966,-0.6647,-0.6656,-0.5008,-0.2474,-0.0451,-0.0562,-0.1715,-0.4397,-0.7518,-1.1578,-1.6875,-1.9827,-1.8472,-1.5619,-1.3114,-0.2263,-0.2329,-0.2409,-0.2507,-0.2624,-0.2763,-0.2927,-0.3116,-0.333,-0.3572,-0.3848,-0.4177,-0.4582,-0.5053,-0.5447,-0.5503,-0.5255,-0.5136,-0.5414,-0.6049,-0.7548,-1.0384,-1.1143,-0.7902,-0.4499,-0.2336,-0.1124,-0.2634,-0.6497,-0.8449,-1.013,-1.2713,-1.4631,-1.4619,-1.3381,-1.1895,-0.2361,-0.2428,-0.2507,-0.2601,-0.2712,-0.2841,-0.2989,-0.3156,-0.3344,-0.3553,-0.3788,-0.4052,-0.4344,-0.4637,-0.4868,-0.4978,-0.5021,-0.5168,-0.5605,-0.6621,-0.8985,-1.3254,-1.4501,-0.9996,-0.6087,-0.4071,-0.3682,-0.6482,-1.0818,-1.045,-0.981,-1.0515,-1.1461,-1.1753,-1.1347,-1.0591,-0.2449,-0.2515,-0.2592,-0.2683,-0.2787,-0.2906,-0.304,-0.319,-0.3356,-0.3538,-0.3737,-0.3952,-0.4175,-0.4392,-0.4581,-0.4736,-0.4903,-0.5179,-0.5712,-0.6745,-0.8649,-1.1184,-1.1753,-0.9292,-0.6774,-0.5569,-0.5968,-0.8535,-1.1414,-1.0814,-0.9658,-0.951,-0.9814,-0.9996,-0.9864,-0.9484]}]