docs/data/wind_grid.json
[{"header":{"la1":42.85,"la2":41.18,"lo1":11.55,"lo2":14.05,"nx":36,"ny":24,"dx":0.07143,"dy":0.07261,"parameterCategory":2,"parameterNumber":2,"parameterNumberName":"eastward_wind","parameterUnit":"m.s-1"},"data":[-0.2401,-0.2457,-0.2512,-0.2563,-0.261,-0.2648,-0.2671,-0.2671,-0.2642,-0.2583,-0.2502,-0.241,-0.2317,-0.2234,-0.2164,-0.2115,-0.2091,-0.2102,-0.2153,-0.2241,-0.235,-0.2452,-0.2519,-0.2541,-0.2523,-0.2478,-0.2416,-0.2347,-0.2275,-0.2202,-0.2132,-0.2063,-0.1997,-0.1935,-0.1876,-0.1821,-0.2457,-0.2527,-0.2595,-0.2662,-0.2727,-0.2787,-0.2831,-0.2845,-0.2811,-0.2728,-0.2609,-0.2474,-0.2343,-0.2226,-0.2128,-0.2054,-0.2012,-0.2018,-0.2089,-0.2232,-0.242,-0.2594,-0.2697,-0.2714,-0.267,-0.2592,-0.2503,-0.2411,-0.232,-0.2234,-0.2151,-0.2073,-0.1999,-0.1929,-0.1865,-0.1805,-0.2521,-0.2608,-0.2694,-0.2778,-0.2867,-0.2962,-0.305,-0.3098,-0.3066,-0.2942,-0.2756,-0.2555,-0.2368,-0.2207,-0.2072,-0.1961,-0.188,-0.1859,-0.1946,-0.218,-0.2524,-0.2838,-0.2989,-0.2968,-0.2859,-0.2726,-0.2596,-0.2475,-0.2364,-0.2261,-0.2166,-0.2077,-0.1994,-0.1918,-0.1848,-0.1783,-0.2596,-0.2709,-0.2815,-0.2917,-0.303,-0.3177,-0.3353,-0.349,-0.3477,-0.3272,-0.2961,-0.265,-0.2386,-0.2171,-0.199,-0.1827,-0.1675,-0.1567,-0.1625,-0.2005,-0.268,-0.33,-0.3488,-0.3326,-0.3082,-0.2865,-0.2685,-0.2533,-0.24,-0.2281,-0.2173,-0.2074,-0.1983,-0.1899,-0.1823,-0.1754,-0.2689,-0.2843,-0.2981,-0.3093,-0.3212,-0.3418,-0.376,-0.4128,-0.4193,-0.38,-0.3232,-0.2745,-0.2383,-0.2108,-0.1881,-0.1659,-0.1387,-0.1054,-0.0893,-0.1449,-0.2833,-0.4131,-0.4237,-0.3723,-0.3285,-0.2981,-0.2757,-0.2578,-0.2426,-0.2292,-0.2172,-0.2062,-0.1962,-0.1872,-0.179,-0.1716,-0.2802,-0.3038,-0.3243,-0.3355,-0.3414,-0.3623,-0.4216,-0.5138,-0.5464,-0.4571,-0.3505,-0.2791,-0.2332,-0.2002,-0.1735,-0.1473,-0.1077,-0.0304,0.0679,0.0099,-0.25,-0.4658,-0.4629,-0.3884,-0.3375,-0.3042,-0.2797,-0.2602,-0.2437,-0.229,-0.2159,-0.2039,-0.1931,-0.1833,-0.1745,-0.1668,-0.2924,-0.3323,-0.3725,-0.3871,-0.3695,-0.3682,-0.4388,-0.6027,-0.6845,-0.5109,-0.3543,-0.2713,-0.221,-0.1822,-0.1505,-0.1261,-0.091,0.0144,0.2414,0.2013,-0.1806,-0.3744,-0.4036,-0.3712,-0.3347,-0.3048,-0.2808,-0.2607,-0.2432,-0.2276,-0.2133,-0.2004,-0.1886,-0.1781,-0.1688,-0.1607,-0.2985,-0.3652,-0.4591,-0.5049,-0.423,-0.3523,-0.3832,-0.501,-0.5564,-0.4272,-0.3129,-0.25,-0.2032,-0.1526,-0.1032,-0.0826,-0.088,-0.0535,0.0502,-0.0407,-0.3449,-0.4314,-0.4011,-0.3643,-0.3312,-0.3032,-0.2799,-0.2597,-0.2415,-0.2248,-0.2094,-0.1953,-0.1826,-0.1714,-0.1616,-0.1532,-0.2829,-0.366,-0.5393,-0.6911,-0.4668,-0.3017,-0.2866,-0.3175,-0.3228,-0.287,-0.2544,-0.2292,-0.1905,-0.1112,0.0107,0.0525,-0.0491,-0.1401,-0.1961,-0.3523,-0.6419,-0.6051,-0.4493,-0.3718,-0.3298,-0.3013,-0.2785,-0.2583,-0.2392,-0.2211,-0.2042,-0.1887,-0.1748,-0.1627,-0.1524,-0.1438,-0.2347,-0.2767,-0.3704,-0.4349,-0.2325,-0.1782,-0.1948,-0.2048,-0.1931,-0.1876,-0.2113,-0.2257,-0.2058,-0.0945,0.247,0.4345,0.0368,-0.2021,-0.3132,-0.4204,-0.5691,-0.5527,-0.4379,-0.3654,-0.3255,-0.2999,-0.2789,-0.2581,-0.2371,-0.2166,-0.1973,-0.18,-0.1647,-0.1518,-0.141,-0.1324,-0.1722,-0.1423,-0.034,0.2546,0.2178,-0.0376,-0.1301,-0.148,-0.1278,-0.1116,-0.1897,-0.2462,-0.2718,-0.2196,0.1408,0.4222,-0.0646,-0.3438,-0.4471,-0.4552,-0.4562,-0.4359,-0.3868,-0.3451,-0.3206,-0.3043,-0.2857,-0.2621,-0.2363,-0.2112,-0.1885,-0.1686,-0.1516,-0.1377,-0.1267,-0.1183,-0.1285,-0.0709,0.06,0.2656,0.2199,-0.0154,-0.1054,-0.1166,-0.1258,-0.1371,-0.2069,-0.2835,-0.3635,-0.4673,-0.3589,-0.2231,-0.3706,-0.6812,-0.7593,-0.5803,-0.4527,-0.3863,-0.3465,-0.3277,-0.3282,-0.3287,-0.3085,-0.2735,-0.2368,-0.2042,-0.1764,-0.1533,-0.1344,-0.1196,-0.1086,-0.1009,-0.1131,-0.0684,-0.0001,0.0598,0.0273,-0.0628,-0.1032,-0.0962,-0.114,-0.1632,-0.234,-0.3273,-0.3885,-0.5368,-0.4743,-0.3771,-0.5319,-1.2596,-1.2864,-0.6991,-0.4503,-0.3478,-0.3107,-0.3189,-0.3669,-0.3984,-0.357,-0.2908,-0.2353,-0.1926,-0.1591,-0.1325,-0.1116,-0.0962,-0.0858,-0.0795,-0.1146,-0.0886,-0.0604,-0.0463,-0.0626,-0.0936,-0.1089,-0.1063,-0.1193,-0.1618,-0.2274,-0.3747,-0.4136,-0.238,-0.3378,-0.3376,-0.4523,-0.8516,-0.9338,-0.5773,-0.3621,-0.2718,-0.2578,-0.3033,-0.4173,-0.4907,-0.4018,-0.2955,-0.2227,-0.1722,-0.1338,-0.1037,-0.0809,-0.0654,-0.0567,-0.0532,-0.1211,-0.1071,-0.0954,-0.0917,-0.0986,-0.11,-0.1173,-0.1206,-0.1266,-0.1319,-0.1446,-0.205,-0.2365,-0.206,-0.2918,-0.3406,-0.6467,-0.5272,-0.4787,-0.3278,-0.1742,-0.1332,-0.1732,-0.2466,-0.3591,-0.4256,-0.3536,-0.2589,-0.1902,-0.1394,-0.098,-0.0642,-0.0392,-0.0246,-0.0194,-0.021,-0.1271,-0.1194,-0.1137,-0.112,-0.1145,-0.1186,-0.1212,-0.1203,-0.1107,-0.0719,0.0293,-0.0873,-0.1209,-0.1633,-0.2387,-0.3856,-0.5484,-0.3893,-0.2597,-0.1122,0.0922,0.0551,-0.076,-0.1628,-0.2313,-0.2642,-0.2394,-0.1902,-0.1418,-0.0957,-0.0507,-0.0102,0.0185,0.0306,0.0283,0.0176,-0.1313,-0.1265,-0.123,-0.1215,-0.1215,-0.1218,-0.1204,-0.1143,-0.0969,-0.0533,0.0214,-0.0273,0.058,0.1103,-0.1002,-0.2024,-0.2375,-0.1512,-0.0463,0.0039,0.1409,0.0967,-0.0267,-0.0979,-0.1384,-0.1539,-0.1469,-0.1253,-0.0923,-0.0474,0.008,0.0639,0.1001,0.1052,0.0877,0.062,-0.1336,-0.1302,-0.1274,-0.1255,-0.124,-0.122,-0.118,-0.1098,-0.0942,-0.0689,-0.0422,-0.0133,0.1105,0.1456,0.0407,0.0143,-0.0305,0.0826,0.2406,0.088,0.0495,0.0297,-0.016,-0.0571,-0.0854,-0.098,-0.0977,-0.0853,-0.0552,-0.0026,0.0756,0.1639,0.2142,0.2012,0.1553,0.1074,-0.1346,-0.1317,-0.1291,-0.1267,-0.1242,-0.1208,-0.1156,-0.1073,-0.0946,-0.0772,-0.0558,-0.0242,0.0258,0.0775,0.2401,0.3204,0.1005,0.1126,0.1827,0.0987,0.0558,0.0334,0.0104,-0.0214,-0.058,-0.0874,-0.0925,-0.0731,-0.0342,0.0316,0.1388,0.2761,0.3452,0.298,0.2143,0.1437,-0.1345,-0.1318,-0.1291,-0.1264,-0.1232,-0.1191,-0.1134,-0.1054,-0.0944,-0.08,-0.0611,-0.035,0.0033,0.0714,0.2147,0.2606,0.1172,0.079,0.0911,0.0927,0.0805,0.0821,0.0731,0.031,-0.0325,-0.0863,-0.0958,-0.0727,-0.0226,0.051,0.1648,0.3206,0.397,0.333,0.2358,0.1587,-0.1337,-0.1311,-0.1283,-0.1253,-0.1216,-0.1171,-0.1113,-0.1036,-0.0937,-0.0809,-0.0643,-0.0421,-0.0108,0.0353,0.0905,0.106,0.0755,0.0648,0.0792,0.0931,0.1297,0.2004,0.217,0.1323,0.0165,-0.0735,-0.1315,-0.0963,-0.0072,0.0686,0.148,0.2512,0.31,0.2777,0.2105,0.1494,-0.1326,-0.1299,-0.127,-0.1237,-0.1199,-0.1152,-0.1094,-0.102,-0.0928,-0.0813,-0.0668,-0.0483,-0.0249,0.0032,0.0297,0.0433,0.0464,0.0562,0.0809,0.1294,0.2495,0.4656,0.5265,0.308,0.0889,-0.0652,-0.1807,-0.099,0.0659,0.1235,0.1415,0.1767,0.2055,0.198,0.1648,0.1259,-0.1312,-0.1285,-0.1255,-0.122,-0.118,-0.1133,-0.1075,-0.1005,-0.092,-0.0816,-0.069,-0.0538,-0.036,-0.0166,0.0018,0.0169,0.0314,0.0533,0.0928,0.1733,0.3541,0.6735,0.766,0.4415,0.1639,0.0127,-0.0397,0.0684,0.2444,0.2217,0.1637,0.1468,0.1476,0.1419,0.1244,0.1005,-0.1296,-0.1269,-0.1238,-0.1203,-0.1162,-0.1115,-0.1059,-0.0992,-0.0913,-0.0819,-0.0709,-0.0581,-0.0436,-0.0281,-0.0123,0.004,0.0233,0.051,0.0967,0.1786,0.3249,0.517,0.5607,0.3784,0.1881,0.0825,0.0671,0.1561,0.2693,0.2397,0.171,0.1344,0.1192,0.1087,0.0955,0.0789]},{"header":{"la1":42.85,"la2":41.18,"lo1":11.55,"lo2":14.05,"nx":36,"ny":24,"dx":0.07143,"dy":0.07261,"parameterCategory":2,"parameterNumber":3,"parameterNumberName":"northward_wind","parameterUnit":"m.s-1"},"data":[-0.5195,-0.5185,-0.5164,-0.5129,-0.508,-0.5018,-0.4939,-0.4844,-0.4727,-0.4585,-0.4412,-0.4203,-0.3956,-0.367,-0.3348,-0.2999,-0.2639,-0.2293,-0.1986,-0.174,-0.1569,-0.1477,-0.1461,-0.151,-0.1607,-0.1728,-0.1855,-0.1978,-0.2091,-0.2189,-0.2275,-0.2347,-0.2409,-0.2461,-0.2506,-0.2544,-0.5297,-0.5294,-0.5277,-0.5245,-0.5197,-0.5134,-0.5055,-0.4961,-0.4845,-0.47,-0.4519,-0.4293,-0.4018,-0.3689,-0.3306,-0.2877,-0.2423,-0.1981,-0.1597,-0.1304,-0.1114,-0.1028,-0.1045,-0.1152,-0.1315,-0.15,-0.1681,-0.1844,-0.1986,-0.2106,-0.2206,-0.2289,-0.2358,-0.2415,-0.2462,-0.2502,-0.5408,-0.5414,-0.5404,-0.5374,-0.5324,-0.5257,-0.5176,-0.5083,-0.4972,-0.4831,-0.4647,-0.4409,-0.4107,-0.3732,-0.3278,-0.2744,-0.2154,-0.1569,-0.1078,-0.0739,-0.0547,-0.0476,-0.0539,-0.0733,-0.0996,-0.1267,-0.1512,-0.1722,-0.1894,-0.2035,-0.2148,-0.2239,-0.2313,-0.2373,-0.2422,-0.2463,-0.553,-0.5549,-0.5547,-0.5518,-0.5462,-0.5384,-0.5294,-0.52,-0.5099,-0.4973,-0.4795,-0.4552,-0.423,-0.3814,-0.3283,-0.2616,-0.1824,-0.1001,-0.0339,0.0006,0.0122,0.0164,0.005,-0.0274,-0.0677,-0.1053,-0.1368,-0.1622,-0.1823,-0.198,-0.2103,-0.2199,-0.2275,-0.2335,-0.2384,-0.2425,-0.5662,-0.5702,-0.5715,-0.5688,-0.5617,-0.5512,-0.5392,-0.5282,-0.5197,-0.5107,-0.4957,-0.4722,-0.4395,-0.3955,-0.3357,-0.2538,-0.145,-0.0177,0.0849,0.1076,0.08,0.0744,0.0626,0.0139,-0.0419,-0.0895,-0.1271,-0.156,-0.1781,-0.1948,-0.2074,-0.2171,-0.2245,-0.2303,-0.2349,-0.2387,-0.5805,-0.588,-0.5923,-0.5903,-0.5806,-0.565,-0.5462,-0.5279,-0.5199,-0.5203,-0.5121,-0.4917,-0.4606,-0.4175,-0.3556,-0.2616,-0.1167,0.0917,0.2975,0.2943,0.147,0.0941,0.0857,0.0321,-0.0306,-0.0833,-0.1241,-0.1547,-0.1774,-0.1941,-0.2063,-0.2154,-0.2222,-0.2274,-0.2315,-0.235,-0.595,-0.6081,-0.6189,-0.6197,-0.6056,-0.5825,-0.5547,-0.5214,-0.5079,-0.5267,-0.53,-0.5139,-0.4867,-0.4494,-0.3939,-0.3005,-0.1356,0.1483,0.5187,0.4979,0.224,0.1182,0.0781,0.0261,-0.0348,-0.0878,-0.1287,-0.1589,-0.1805,-0.1959,-0.2069,-0.2147,-0.2204,-0.2247,-0.2281,-0.2309,-0.6075,-0.6279,-0.6515,-0.6615,-0.6381,-0.605,-0.5766,-0.5466,-0.5338,-0.5531,-0.5565,-0.5402,-0.5167,-0.4907,-0.4546,-0.3812,-0.2328,0.0152,0.2958,0.3274,0.2708,0.2177,0.1097,0.0211,-0.0485,-0.1019,-0.141,-0.1685,-0.1874,-0.2003,-0.2089,-0.2148,-0.2188,-0.2218,-0.2242,-0.2263,-0.6141,-0.6388,-0.6762,-0.7043,-0.6628,-0.6228,-0.6058,-0.6013,-0.6075,-0.6133,-0.5974,-0.5695,-0.5464,-0.5371,-0.5414,-0.5083,-0.3759,-0.1824,0.0132,0.1898,0.4469,0.388,0.1494,0.0088,-0.073,-0.1257,-0.1606,-0.1832,-0.1976,-0.2065,-0.2118,-0.215,-0.2169,-0.2182,-0.2194,-0.2208,-0.6129,-0.6322,-0.657,-0.6712,-0.6426,-0.6254,-0.627,-0.6507,-0.6994,-0.7129,-0.652,-0.5959,-0.5672,-0.5726,-0.6536,-0.6999,-0.5033,-0.3152,-0.1462,0.0576,0.3037,0.2762,0.0863,-0.0405,-0.1149,-0.1603,-0.1874,-0.2026,-0.2103,-0.2137,-0.2147,-0.2145,-0.2138,-0.2132,-0.2131,-0.2138,-0.6071,-0.6178,-0.6214,-0.6074,-0.6083,-0.62,-0.634,-0.6734,-0.8012,-0.8688,-0.6987,-0.6083,-0.5711,-0.5672,-0.6442,-0.7104,-0.5178,-0.3662,-0.2493,-0.1273,-0.0113,0.0103,-0.051,-0.1199,-0.1723,-0.2056,-0.2215,-0.2258,-0.2245,-0.2208,-0.2164,-0.2122,-0.2085,-0.2059,-0.2045,-0.2046,-0.6009,-0.6079,-0.6094,-0.6039,-0.606,-0.6174,-0.6262,-0.6374,-0.7176,-0.7779,-0.6728,-0.6009,-0.5629,-0.5296,-0.54,-0.5349,-0.4525,-0.3411,-0.2779,-0.2304,-0.1748,-0.148,-0.1604,-0.1961,-0.2366,-0.2621,-0.2634,-0.2518,-0.2381,-0.2259,-0.2154,-0.2066,-0.1997,-0.195,-0.1926,-0.1924,-0.5959,-0.6021,-0.6059,-0.6077,-0.6114,-0.6173,-0.6173,-0.6044,-0.6266,-0.6613,-0.6335,-0.5743,-0.563,-0.5241,-0.5283,-0.4987,-0.4163,-0.2519,-0.233,-0.2599,-0.2346,-0.2144,-0.2186,-0.2508,-0.3039,-0.3344,-0.3125,-0.2765,-0.2478,-0.2263,-0.2093,-0.1957,-0.1855,-0.1789,-0.176,-0.1763,-0.5918,-0.598,-0.6033,-0.608,-0.6133,-0.6187,-0.6199,-0.6149,-0.628,-0.6568,-0.646,-0.5313,-0.5138,-0.8279,-0.5837,-0.4894,-0.4144,-0.3059,-0.2706,-0.2674,-0.2382,-0.2215,-0.233,-0.2752,-0.3531,-0.3986,-0.3477,-0.2884,-0.248,-0.2189,-0.1958,-0.1771,-0.1633,-0.1552,-0.1528,-0.155,-0.5881,-0.5946,-0.6009,-0.6073,-0.6143,-0.6219,-0.6292,-0.6388,-0.6632,-0.7086,-0.7452,-0.7269,-0.7237,-0.7997,-0.5911,-0.4669,-0.1611,-0.2973,-0.295,-0.244,-0.1763,-0.1668,-0.2084,-0.2622,-0.3282,-0.3645,-0.3263,-0.2743,-0.2339,-0.201,-0.172,-0.1474,-0.1295,-0.1208,-0.1208,-0.1272,-0.5846,-0.5913,-0.5983,-0.606,-0.6147,-0.6252,-0.6388,-0.6602,-0.7016,-0.7859,-0.9259,-0.9488,-0.8568,-0.7438,-0.602,-0.4041,-0.2219,-0.2949,-0.279,-0.1789,0.0006,-0.0379,-0.1632,-0.2323,-0.2724,-0.2876,-0.2717,-0.2408,-0.2074,-0.1723,-0.1357,-0.1018,-0.0783,-0.0707,-0.0772,-0.092,-0.5808,-0.5878,-0.5953,-0.6037,-0.6137,-0.6263,-0.6436,-0.6703,-0.7161,-0.7977,-0.9081,-0.8963,-0.9253,-0.9255,-0.6626,-0.4948,-0.3838,-0.3097,-0.2439,-0.1633,0.0287,-0.0211,-0.1568,-0.2179,-0.2389,-0.2391,-0.2267,-0.2056,-0.1758,-0.1355,-0.085,-0.0335,-0.0008,0.0011,-0.0201,-0.05,-0.5767,-0.5836,-0.5913,-0.6,-0.6104,-0.6235,-0.6412,-0.6663,-0.7028,-0.7517,-0.7968,-0.8227,-0.9144,-0.9134,-0.6685,-0.5395,-0.4183,-0.2493,-0.1256,-0.1937,-0.1625,-0.1598,-0.2005,-0.2238,-0.2233,-0.211,-0.1975,-0.1783,-0.146,-0.0953,-0.021,0.0642,0.1127,0.0971,0.0471,-0.0057,-0.572,-0.5787,-0.5862,-0.5946,-0.6046,-0.6169,-0.6324,-0.6525,-0.6775,-0.7052,-0.7289,-0.7458,-0.7565,-0.7081,-0.6087,-0.5825,-0.4513,-0.2773,-0.1861,-0.2457,-0.2501,-0.2445,-0.2452,-0.2368,-0.2145,-0.1962,-0.1895,-0.161,-0.1191,-0.0581,0.0429,0.1769,0.2457,0.196,0.1069,0.03,-0.5668,-0.5731,-0.5799,-0.5877,-0.5966,-0.6071,-0.6196,-0.6341,-0.65,-0.6652,-0.6759,-0.6783,-0.6655,-0.6276,-0.5872,-0.5635,-0.4619,-0.3466,-0.2928,-0.2905,-0.293,-0.2952,-0.2861,-0.2551,-0.2098,-0.1874,-0.1835,-0.1301,-0.0852,-0.0276,0.0727,0.2222,0.2985,0.2319,0.1282,0.0438,-0.561,-0.5666,-0.5728,-0.5795,-0.587,-0.5954,-0.6046,-0.6144,-0.6237,-0.6309,-0.6335,-0.6285,-0.6126,-0.5854,-0.5538,-0.5144,-0.4492,-0.3761,-0.3253,-0.3134,-0.3321,-0.3568,-0.3516,-0.2935,-0.21,-0.1333,-0.0622,-0.0534,-0.0326,0.0069,0.0642,0.1549,0.2098,0.1738,0.1001,0.0315,-0.5547,-0.5596,-0.5649,-0.5705,-0.5765,-0.5827,-0.5891,-0.595,-0.5997,-0.6018,-0.5997,-0.5915,-0.576,-0.5532,-0.5243,-0.4879,-0.4425,-0.3966,-0.3648,-0.3601,-0.3944,-0.4693,-0.4849,-0.3692,-0.2266,-0.0966,-0.0065,-0.0051,0.0573,0.0799,0.0703,0.0853,0.1037,0.0895,0.0494,0.0034,-0.548,-0.5522,-0.5566,-0.561,-0.5655,-0.5698,-0.5738,-0.5768,-0.5783,-0.5772,-0.5725,-0.5631,-0.5483,-0.5281,-0.5029,-0.4729,-0.4399,-0.4093,-0.3901,-0.3937,-0.4417,-0.553,-0.5878,-0.43,-0.2567,-0.1225,-0.0329,0.0722,0.2369,0.1991,0.1045,0.0593,0.0438,0.0282,0.0029,-0.0279,-0.5412,-0.5446,-0.548,-0.5514,-0.5545,-0.5572,-0.5592,-0.5601,-0.5594,-0.5563,-0.5502,-0.5404,-0.5265,-0.5086,-0.4871,-0.4627,-0.4375,-0.4152,-0.4016,-0.4047,-0.4361,-0.4934,-0.5,-0.3992,-0.2666,-0.1479,-0.0377,0.1119,0.2606,0.2167,0.1096,0.0435,0.0101,-0.0118,-0.0331,-0.0563]}]