docs/data/wind_grid.json
[{"header":{"la1":42.85,"la2":41.18,"lo1":11.55,"lo2":14.05,"nx":36,"ny":24,"dx":0.07143,"dy":0.07261,"parameterCategory":2,"parameterNumber":2,"parameterNumberName":"eastward_wind","parameterUnit":"m.s-1"},"data":[0.7243,0.721,0.7178,0.7145,0.711,0.7067,0.7007,0.6922,0.6804,0.6648,0.6454,0.6225,0.5961,0.5659,0.5312,0.4911,0.4443,0.39,0.3281,0.2616,0.1976,0.1471,0.1199,0.1185,0.1374,0.1679,0.2025,0.2368,0.2686,0.2971,0.3224,0.3447,0.3644,0.382,0.3977,0.4117,0.7298,0.7264,0.7236,0.7215,0.7199,0.7179,0.7144,0.7077,0.6964,0.6798,0.6585,0.6334,0.6048,0.5723,0.5349,0.4909,0.438,0.3733,0.2942,0.2015,0.1056,0.0291,-0.0054,0.0056,0.047,0.1001,0.1531,0.2008,0.2419,0.277,0.3069,0.3326,0.3548,0.3743,0.3914,0.4066,0.734,0.73,0.7273,0.7266,0.7279,0.73,0.731,0.728,0.7178,0.6995,0.6748,0.6462,0.6152,0.581,0.542,0.4957,0.4388,0.3656,0.2671,0.1348,-0.0209,-0.1507,-0.1951,-0.151,-0.0647,0.0252,0.1031,0.1666,0.2178,0.2594,0.2937,0.3224,0.3468,0.3679,0.3863,0.4025,0.7362,0.7301,0.7266,0.7275,0.7333,0.7424,0.752,0.7567,0.7492,0.7265,0.6944,0.6603,0.6265,0.5917,0.5529,0.5071,0.4508,0.3774,0.2668,0.082,-0.1905,-0.4433,-0.4937,-0.3608,-0.1895,-0.0472,0.0595,0.1387,0.1988,0.2457,0.2834,0.3144,0.3406,0.363,0.3824,0.3995,0.7352,0.7239,0.717,0.7192,0.732,0.7529,0.7786,0.8014,0.8006,0.7657,0.7168,0.6731,0.6371,0.6037,0.5675,0.5253,0.4768,0.4224,0.3357,0.1118,-0.3666,-0.9022,-0.9188,-0.5839,-0.2921,-0.0973,0.032,0.1217,0.1871,0.2369,0.2766,0.3091,0.3364,0.3597,0.38,0.3977,0.7306,0.7074,0.6895,0.6907,0.7159,0.7561,0.8081,0.8714,0.8909,0.8199,0.7353,0.6795,0.6442,0.6159,0.5855,0.549,0.5121,0.5016,0.5285,0.3537,-0.328,-1.1725,-1.134,-0.65,-0.3103,-0.1036,0.0283,0.1182,0.1834,0.2333,0.2732,0.3062,0.3342,0.3582,0.3789,0.3971,0.7244,0.676,0.6253,0.6152,0.6691,0.7434,0.8195,0.9335,0.9919,0.8533,0.7284,0.671,0.6454,0.6282,0.6074,0.5769,0.5431,0.5586,0.7371,0.6609,-0.0497,-0.6216,-0.7008,-0.4601,-0.2289,-0.0654,0.0467,0.1264,0.1862,0.2335,0.2725,0.3055,0.3337,0.3581,0.3793,0.3977,0.7276,0.6379,0.4992,0.4312,0.5719,0.7214,0.7895,0.8564,0.8832,0.761,0.6678,0.6417,0.6402,0.6414,0.636,0.6138,0.5697,0.53,0.5436,0.3381,-0.2346,-0.4323,-0.3779,-0.2544,-0.1192,-0.0083,0.0753,0.1394,0.1913,0.2352,0.2731,0.306,0.3346,0.3594,0.3809,0.3996,0.7647,0.6513,0.3803,0.1308,0.5007,0.7555,0.7656,0.705,0.6188,0.5432,0.5495,0.5952,0.6314,0.6561,0.6761,0.6715,0.6171,0.519,0.3462,-0.0864,-0.8447,-0.7469,-0.3411,-0.1433,-0.0335,0.0408,0.098,0.1474,0.1928,0.235,0.2732,0.3071,0.3366,0.362,0.3839,0.4027,0.8529,0.8137,0.6818,0.5831,0.9241,0.9453,0.8005,0.5845,0.2717,0.1505,0.37,0.5459,0.6217,0.664,0.7281,0.7589,0.6832,0.5805,0.3928,-0.0011,-0.5568,-0.5306,-0.2124,-0.0451,0.0259,0.0633,0.0975,0.1384,0.1843,0.2299,0.2718,0.3084,0.3397,0.3661,0.3883,0.4072,0.9596,1.0512,1.2959,1.8865,1.7985,1.2032,0.8945,0.5906,-0.1865,-0.579,0.2092,0.5327,0.6111,0.6333,0.7118,0.7668,0.7244,0.6811,0.5685,0.3381,0.0712,-0.022,0.023,0.0525,0.0423,0.0303,0.0496,0.0992,0.1603,0.2187,0.269,0.3106,0.3444,0.3718,0.3944,0.413,1.0253,1.1651,1.4537,1.8933,1.7865,1.2469,1.0335,0.9656,0.3943,-0.0555,0.3852,0.5843,0.5971,0.5164,0.5915,0.7142,0.7774,0.8307,0.7906,0.6094,0.4134,0.2768,0.1872,0.0865,-0.0399,-0.1175,-0.0818,0.0188,0.1214,0.2045,0.2678,0.3155,0.3519,0.38,0.4023,0.4203,1.033,1.1405,1.2946,1.4249,1.3482,1.1557,1.1331,1.2883,1.0772,0.6957,0.6396,0.6267,0.6183,0.4769,0.5616,0.7546,0.8566,1.0259,1.0139,0.7622,0.5656,0.411,0.2563,0.0332,-0.2843,-0.4659,-0.3204,-0.0898,0.0828,0.1971,0.2734,0.326,0.3634,0.391,0.4122,0.429,1.0072,1.071,1.1367,1.1687,1.135,1.0843,1.1045,1.1861,1.0916,0.8695,0.7634,0.5936,0.5703,1.012,0.7965,0.7794,0.9278,1.0085,0.9563,0.775,0.6004,0.4558,0.2867,-0.0184,-0.5553,-0.8696,-0.527,-0.1486,0.0788,0.2109,0.292,0.3444,0.3799,0.405,0.4238,0.4387,0.9728,1.0084,1.0375,1.0479,1.0369,1.0236,1.0285,1.0324,0.9836,0.9244,0.9029,0.8506,0.8749,0.9843,0.8915,0.8333,1.7112,1.1646,0.9063,0.7101,0.5332,0.4349,0.3253,0.0742,-0.3651,-0.6274,-0.3751,-0.0619,0.1362,0.2538,0.3257,0.3711,0.4005,0.4208,0.4361,0.4487,0.9414,0.9622,0.9773,0.9829,0.9801,0.9752,0.9724,0.9667,0.9599,0.9926,1.1131,1.0174,0.9829,0.9712,0.9742,1.1721,1.5423,1.1372,0.8453,0.5999,0.3232,0.3347,0.3622,0.2395,0.0354,-0.0872,-0.0201,0.1193,0.2364,0.3176,0.3701,0.4022,0.422,0.4356,0.447,0.4575,0.9158,0.9291,0.9384,0.9428,0.9431,0.9417,0.9409,0.9428,0.957,1.0075,1.1005,1.0524,1.1081,1.1505,1.0184,1.0324,1.0425,0.8926,0.7239,0.5671,0.291,0.3294,0.4084,0.3618,0.2703,0.2095,0.2161,0.2706,0.335,0.3853,0.4156,0.4303,0.4375,0.4447,0.4538,0.464,0.8954,0.9047,0.9115,0.9156,0.9176,0.9189,0.9214,0.9283,0.9447,0.975,1.0074,1.031,1.1309,1.1522,1.0136,0.9658,0.893,0.7003,0.5328,0.6156,0.5413,0.4959,0.4865,0.441,0.3609,0.2767,0.264,0.3384,0.4116,0.4474,0.4534,0.444,0.4367,0.4416,0.454,0.4674,0.8789,0.8861,0.8917,0.8957,0.8987,0.9018,0.9063,0.9141,0.9273,0.9459,0.9662,0.9893,1.0179,1.0128,0.9915,0.9902,0.8782,0.719,0.6338,0.7473,0.6908,0.6135,0.5601,0.4985,0.3764,0.1397,0.0882,0.3513,0.4919,0.511,0.4803,0.435,0.4128,0.4262,0.45,0.4698,0.8654,0.8712,0.8761,0.8801,0.8837,0.8875,0.8925,0.8996,0.9096,0.9218,0.9351,0.948,0.9571,0.9581,0.9681,0.9644,0.8789,0.8126,0.8936,0.9584,0.7807,0.6705,0.6107,0.5637,0.4631,0.163,0.0901,0.5545,0.6449,0.5889,0.5089,0.4297,0.3974,0.4202,0.4521,0.4757,0.8538,0.8588,0.8632,0.867,0.8707,0.8746,0.8793,0.8852,0.8924,0.9005,0.9085,0.9151,0.9186,0.9187,0.9163,0.8986,0.8568,0.8285,0.8557,0.8599,0.7574,0.664,0.6242,0.6326,0.6857,0.8648,1.3418,1.2083,0.8514,0.6564,0.549,0.4719,0.4367,0.4466,0.4694,0.4885,0.8437,0.8481,0.852,0.8556,0.859,0.8626,0.8666,0.8712,0.8761,0.8812,0.8855,0.8882,0.8882,0.8847,0.876,0.8583,0.8323,0.8094,0.7951,0.7631,0.6854,0.5897,0.5646,0.6435,0.8215,1.2492,1.8946,1.4801,0.8171,0.6117,0.5579,0.5186,0.4922,0.4878,0.4959,0.5063,0.8347,0.8384,0.8419,0.8451,0.8482,0.8513,0.8544,0.8577,0.8609,0.8637,0.8654,0.8655,0.863,0.8571,0.8467,0.8306,0.8096,0.7864,0.759,0.7152,0.6368,0.5263,0.4974,0.6156,0.8005,1.064,1.2511,0.9041,0.4116,0.4357,0.517,0.5332,0.5262,0.5206,0.5211,0.525,0.8264,0.8296,0.8327,0.8354,0.838,0.8405,0.8428,0.845,0.8467,0.8478,0.8477,0.846,0.8419,0.8349,0.8242,0.8094,0.7906,0.7679,0.7393,0.6989,0.6405,0.5751,0.5628,0.6359,0.7484,0.856,0.8554,0.6168,0.3508,0.3978,0.4983,0.5373,0.544,0.5424,0.541,0.5415]},{"header":{"la1":42.85,"la2":41.18,"lo1":11.55,"lo2":14.05,"nx":36,"ny":24,"dx":0.07143,"dy":0.07261,"parameterCategory":2,"parameterNumber":3,"parameterNumberName":"northward_wind","parameterUnit":"m.s-1"},"data":[0.2784,0.2688,0.2624,0.2594,0.2599,0.2638,0.2718,0.2851,0.3045,0.3297,0.3591,0.3899,0.4198,0.4471,0.4709,0.4911,0.5072,0.519,0.5261,0.5288,0.5285,0.5275,0.5282,0.5317,0.5377,0.5453,0.5536,0.5621,0.5705,0.5788,0.587,0.5951,0.603,0.6108,0.6183,0.6255,0.2433,0.23,0.2208,0.2159,0.2147,0.2167,0.2227,0.2354,0.2576,0.2897,0.3285,0.369,0.4071,0.4408,0.4694,0.4932,0.512,0.5251,0.5314,0.5305,0.5245,0.5179,0.5159,0.52,0.5285,0.5388,0.5492,0.5592,0.5688,0.578,0.587,0.5958,0.6045,0.6129,0.6211,0.6288,0.2014,0.1827,0.1699,0.163,0.1601,0.1587,0.1592,0.1672,0.1913,0.234,0.2884,0.344,0.3936,0.4351,0.4692,0.4974,0.5201,0.536,0.5418,0.5347,0.5169,0.4988,0.4929,0.501,0.5158,0.5311,0.5446,0.5565,0.5672,0.5774,0.5872,0.5969,0.6063,0.6155,0.6243,0.6328,0.1506,0.1235,0.1054,0.0971,0.0943,0.0886,0.0762,0.0686,0.0902,0.1521,0.2355,0.3156,0.3807,0.4307,0.4702,0.5033,0.5323,0.5548,0.5628,0.546,0.5033,0.4587,0.4491,0.472,0.5007,0.5236,0.5407,0.5543,0.566,0.577,0.5876,0.5981,0.6085,0.6186,0.6283,0.6374,0.0884,0.0465,0.0189,0.0109,0.0151,0.0087,-0.0294,-0.0826,-0.0779,0.0264,0.1687,0.2877,0.3713,0.4287,0.4716,0.5093,0.5478,0.5856,0.6069,0.5802,0.4883,0.3802,0.3758,0.4386,0.4891,0.5196,0.5389,0.553,0.5651,0.5766,0.5882,0.5997,0.6112,0.6224,0.633,0.643,0.0129,-0.057,-0.1068,-0.1141,-0.0843,-0.0708,-0.1436,-0.3093,-0.3663,-0.1529,0.103,0.2723,0.371,0.4299,0.4711,0.5106,0.5607,0.6282,0.6928,0.6695,0.5183,0.3286,0.3363,0.4349,0.4934,0.5227,0.5396,0.5523,0.564,0.5761,0.5886,0.6016,0.6144,0.627,0.6388,0.6497,-0.0719,-0.194,-0.3021,-0.3231,-0.2276,-0.1335,-0.1982,-0.5032,-0.6741,-0.2772,0.0938,0.2881,0.3846,0.4337,0.4643,0.4988,0.5557,0.6517,0.7785,0.7673,0.62,0.4858,0.4532,0.4899,0.5171,0.5315,0.5412,0.5507,0.5617,0.5746,0.5888,0.6036,0.6184,0.6326,0.6459,0.6579,-0.1463,-0.3469,-0.5918,-0.6973,-0.456,-0.1729,-0.1121,-0.2944,-0.3935,-0.0896,0.1916,0.3415,0.4117,0.4368,0.4434,0.4628,0.5171,0.6077,0.7061,0.7216,0.7157,0.6756,0.5971,0.5576,0.543,0.5378,0.5387,0.5451,0.5564,0.5713,0.5883,0.606,0.6234,0.6399,0.6548,0.668,-0.1703,-0.4251,-0.8381,-1.1571,-0.6608,-0.154,0.0547,0.0835,0.1034,0.207,0.3261,0.4107,0.4468,0.4353,0.3912,0.3807,0.4466,0.5356,0.6185,0.7069,0.8569,0.8204,0.673,0.5904,0.5499,0.5305,0.5254,0.5315,0.5458,0.5652,0.587,0.609,0.6301,0.6493,0.6663,0.6808,-0.1156,-0.3196,-0.605,-0.7706,-0.3882,-0.004,0.2434,0.3319,0.3171,0.3197,0.4046,0.4748,0.4912,0.4418,0.2866,0.2037,0.3657,0.48,0.5632,0.6608,0.7846,0.7661,0.6548,0.5751,0.5258,0.499,0.4931,0.5046,0.5275,0.5558,0.5853,0.6136,0.6395,0.6621,0.6813,0.6969,-0.0085,-0.1215,-0.1954,-0.1417,-0.0862,0.1847,0.4704,0.5469,0.3097,0.1725,0.4343,0.5415,0.5557,0.5098,0.3279,0.1987,0.3597,0.4583,0.5239,0.5801,0.6293,0.6293,0.5804,0.519,0.4632,0.4298,0.4305,0.4589,0.5002,0.5438,0.5849,0.6216,0.6533,0.6798,0.7011,0.7176,0.1079,0.0436,-0.0087,-0.056,0.022,0.3956,0.7708,0.9472,0.6507,0.405,0.5587,0.6316,0.6335,0.6355,0.5382,0.3867,0.382,0.4784,0.532,0.5388,0.5481,0.5414,0.5046,0.4354,0.3479,0.2957,0.3202,0.3903,0.4659,0.5326,0.589,0.6359,0.6743,0.7046,0.7277,0.7443,0.218,0.186,0.1649,0.1784,0.3165,0.623,0.99,1.2868,1.0937,0.7791,0.7211,0.759,0.723,0.6748,0.5674,0.2517,0.2648,0.5851,0.619,0.5268,0.5045,0.4851,0.4408,0.3366,0.1605,0.0567,0.1533,0.3091,0.4354,0.53,0.6031,0.6609,0.706,0.7397,0.7633,0.7785,0.3172,0.3126,0.3279,0.3852,0.516,0.7236,0.9639,1.1533,1.0716,0.8656,0.8142,0.8896,0.8906,0.6158,0.2937,-0.3921,-0.0955,0.3955,0.5228,0.4884,0.4532,0.4272,0.3915,0.2685,-0.0134,-0.1922,0.0176,0.2641,0.4307,0.5464,0.6337,0.7018,0.7533,0.7891,0.8111,0.8223,0.4007,0.4135,0.4457,0.5079,0.6074,0.7357,0.8637,0.9398,0.9166,0.8655,0.8754,0.9225,0.8436,0.8665,0.2408,-0.5256,0.187,0.302,0.4454,0.4332,0.3259,0.3078,0.3487,0.2905,0.0842,-0.0537,0.1022,0.3105,0.4677,0.5884,0.6864,0.7651,0.8228,0.8584,0.8748,0.8776,0.467,0.4878,0.5234,0.5772,0.6485,0.7288,0.8006,0.8445,0.8574,0.8655,0.8625,1.2356,1.0887,0.8286,0.5169,0.2529,0.3276,0.4506,0.5496,0.3903,-0.0471,0.0416,0.3052,0.36,0.2919,0.2389,0.2922,0.4058,0.5307,0.6523,0.7644,0.8586,0.9239,0.9549,0.9582,0.9454,0.5182,0.5413,0.5746,0.6186,0.6711,0.7262,0.7756,0.8137,0.843,0.8701,0.88,1.0449,1.2446,1.2734,0.8362,0.6411,0.6347,0.7973,0.9076,0.5879,-0.0816,0.0389,0.3592,0.4383,0.4015,0.3525,0.3639,0.4525,0.5846,0.7281,0.8698,0.9933,1.0703,1.0874,1.0633,1.024,0.5574,0.5802,0.6098,0.646,0.6867,0.7286,0.7683,0.8043,0.8388,0.8766,0.9278,1.0317,1.2705,1.315,1.0631,0.9949,0.9736,1.2593,1.5965,1.1192,0.6602,0.5189,0.5515,0.5264,0.4052,0.2371,0.2107,0.3921,0.6136,0.8111,1.0019,1.1787,1.2742,1.2567,1.1828,1.1053,0.5876,0.609,0.6352,0.6656,0.6989,0.7333,0.7673,0.8008,0.8351,0.8738,0.9231,0.9939,1.082,1.1355,1.3019,1.397,1.1815,1.3546,1.5748,1.5005,1.1579,0.8887,0.7542,0.6182,0.3438,-0.1494,-0.2559,0.2716,0.6622,0.9073,1.1383,1.3832,1.5007,1.4237,1.2869,1.1715,0.6113,0.6311,0.6543,0.6804,0.7087,0.7382,0.7681,0.7986,0.8306,0.8658,0.9072,0.9572,1.0158,1.0994,1.271,1.3336,1.2263,1.3651,1.8184,2.0258,1.4402,1.1024,0.9289,0.7572,0.4496,-0.1668,-0.3086,0.4852,0.8439,1.0282,1.2214,1.4666,1.5865,1.4848,1.3283,1.2027,0.6302,0.6484,0.6691,0.6921,0.7167,0.7425,0.7692,0.7967,0.8257,0.857,0.892,0.9323,0.9806,1.0445,1.1214,1.1622,1.1883,1.3223,1.5927,1.6727,1.403,1.2207,1.1183,0.9735,0.8182,0.8275,1.2866,1.2655,1.16,1.1811,1.2525,1.379,1.4574,1.4042,1.2958,1.1952,0.6454,0.6622,0.6809,0.7014,0.7232,0.7462,0.7701,0.7949,0.821,0.8488,0.8792,0.9131,0.9521,0.9969,1.0433,1.0842,1.1338,1.2205,1.3255,1.359,1.328,1.3785,1.3882,1.2089,1.1127,1.3488,1.8489,1.6216,1.4151,1.3656,1.3115,1.3069,1.3201,1.2944,1.2341,1.1659,0.6579,0.6734,0.6904,0.7089,0.7285,0.7492,0.7707,0.7932,0.8166,0.8415,0.8682,0.8973,0.9292,0.9638,0.9999,1.0377,1.0824,1.1388,1.1968,1.2442,1.3225,1.5088,1.5702,1.3421,1.2238,1.3315,1.5066,1.5316,1.6298,1.5604,1.3963,1.3007,1.258,1.2243,1.1817,1.1335,0.6683,0.6826,0.6982,0.715,0.7328,0.7515,0.7711,0.7914,0.8127,0.8351,0.8588,0.8841,0.9112,0.9401,0.9707,1.0039,1.0412,1.0837,1.13,1.1849,1.2721,1.3954,1.4243,1.3081,1.2341,1.2729,1.3701,1.5016,1.6542,1.5882,1.4184,1.2986,1.2301,1.1848,1.1451,1.1058]}]