docs/data/wind_grid.json
{"header": {"la1":42.1,"la2":41.55,"lo1":12.1,"lo2":12.95,"nx":50,"ny":50,"dx":0.01735,"dy":0.01122,"parameterCategory":2,"parameterNumber":2,"parameterNumberName":"eastward_wind","parameterUnit":"m.s-1"}, "data":
[rows 0 to 39 of 50, columns 0 to 49 of 50]
-0.4608,-0.4593,-0.458,-0.4569,-0.4561,-0.4556,-0.4554,-0.4556,-0.4562,-0.4572,-0.4587,-0.4609,-0.4637,-0.4674,-0.4721,-0.4781,-0.4857,-0.4954,-0.5074,-0.5225,-0.5411,-0.5639,-0.5914,-0.6242,-0.6628,-0.7076,-0.7589,-0.8168,-0.8813,-0.9521,-1.0288,-1.1106,-1.1963,-1.2844,-1.3727,-1.4587,-1.5394,-1.6119,-1.6735,-1.7222,-1.7571,-1.778,-1.786,-1.7827,-1.77,-1.7502,-1.7251,-1.6964,-1.6657,-1.6339
-0.4549,-0.4532,-0.4516,-0.4502,-0.4491,-0.4483,-0.4478,-0.4476,-0.4477,-0.4483,-0.4493,-0.4509,-0.4531,-0.456,-0.46,-0.4651,-0.4719,-0.4806,-0.4918,-0.506,-0.5239,-0.5463,-0.5736,-0.6067,-0.6461,-0.6921,-0.7453,-0.8056,-0.8732,-0.9479,-1.0291,-1.1162,-1.208,-1.3028,-1.3983,-1.4915,-1.5792,-1.6577,-1.724,-1.7757,-1.8115,-1.8316,-1.8372,-1.8303,-1.8135,-1.7892,-1.7596,-1.7268,-1.6921,-1.6568
-0.4491,-0.447,-0.4452,-0.4435,-0.4421,-0.441,-0.4401,-0.4395,-0.4393,-0.4394,-0.4399,-0.4408,-0.4424,-0.4446,-0.4477,-0.4519,-0.4577,-0.4653,-0.4754,-0.4887,-0.5058,-0.5275,-0.5547,-0.5879,-0.6279,-0.6752,-0.7302,-0.7931,-0.8639,-0.9424,-1.0284,-1.121,-1.2191,-1.3209,-1.4241,-1.5253,-1.6207,-1.706,-1.7775,-1.8323,-1.869,-1.8878,-1.8905,-1.8795,-1.8579,-1.8286,-1.7941,-1.7567,-1.718,-1.6791
-0.4433,-0.4409,-0.4388,-0.4369,-0.4352,-0.4337,-0.4324,-0.4315,-0.4308,-0.4305,-0.4304,-0.4308,-0.4317,-0.4331,-0.4353,-0.4385,-0.4431,-0.4496,-0.4585,-0.4706,-0.4867,-0.5077,-0.5344,-0.5677,-0.6084,-0.6569,-0.7137,-0.7791,-0.8531,-0.9356,-1.0263,-1.1245,-1.2291,-1.3385,-1.4499,-1.5597,-1.6636,-1.7564,-1.8336,-1.8917,-1.9292,-1.9464,-1.9455,-1.9297,-1.9027,-1.8679,-1.8282,-1.786,-1.7429,-1.7003
-0.4375,-0.4349,-0.4324,-0.4302,-0.4282,-0.4264,-0.4248,-0.4235,-0.4224,-0.4216,-0.4211,-0.4208,-0.421,-0.4216,-0.4228,-0.425,-0.4284,-0.4335,-0.441,-0.4518,-0.4667,-0.4867,-0.5129,-0.5462,-0.5873,-0.637,-0.6957,-0.7636,-0.8408,-0.9273,-1.0227,-1.1266,-1.2379,-1.355,-1.475,-1.5942,-1.7072,-1.8083,-1.8919,-1.9536,-1.9917,-2.0068,-2.0017,-1.9805,-1.9474,-1.9066,-1.8613,-1.814,-1.7666,-1.7202
-0.4317,-0.4288,-0.4261,-0.4236,-0.4213,-0.4192,-0.4172,-0.4155,-0.4141,-0.4128,-0.4117,-0.4109,-0.4103,-0.4101,-0.4104,-0.4113,-0.4134,-0.417,-0.423,-0.4322,-0.4457,-0.4646,-0.49,-0.5231,-0.5648,-0.6156,-0.6761,-0.7466,-0.8271,-0.9175,-1.0176,-1.127,-1.2449,-1.3698,-1.4988,-1.6278,-1.7509,-1.8611,-1.9516,-2.0172,-2.0558,-2.0682,-2.0583,-2.0309,-1.9912,-1.9439,-1.8928,-1.8403,-1.7885,-1.7385
-0.4259,-0.4228,-0.4198,-0.417,-0.4144,-0.412,-0.4097,-0.4077,-0.4058,-0.4041,-0.4025,-0.4011,-0.3998,-0.3987,-0.398,-0.3977,-0.3983,-0.4003,-0.4045,-0.4119,-0.4237,-0.4413,-0.4658,-0.4987,-0.5407,-0.5927,-0.6552,-0.7282,-0.8119,-0.9061,-1.0107,-1.1255,-1.2498,-1.3823,-1.5204,-1.6597,-1.7934,-1.9135,-2.0116,-2.0814,-2.1203,-2.1297,-2.1142,-2.0799,-2.0332,-1.9792,-1.922,-1.8644,-1.8082,-1.7546
-0.4203,-0.4169,-0.4136,-0.4105,-0.4076,-0.4048,-0.4023,-0.3999,-0.3976,-0.3955,-0.3935,-0.3915,-0.3895,-0.3876,-0.3857,-0.3841,-0.3832,-0.3834,-0.3856,-0.391,-0.4008,-0.4168,-0.4403,-0.4727,-0.5152,-0.5685,-0.6328,-0.7085,-0.7953,-0.8933,-1.0021,-1.1218,-1.2519,-1.3917,-1.5386,-1.6883,-1.8333,-1.9641,-2.0704,-2.1447,-2.1837,-2.1895,-2.1679,-2.1263,-2.0721,-2.0113,-1.9481,-1.8855,-1.8253,-1.7683
-0.4146,-0.4109,-0.4074,-0.404,-0.4008,-0.3978,-0.3949,-0.3922,-0.3896,-0.3871,-0.3846,-0.3821,-0.3794,-0.3766,-0.3737,-0.3708,-0.3682,-0.3664,-0.3664,-0.3694,-0.3771,-0.3911,-0.4134,-0.4454,-0.4883,-0.5429,-0.6093,-0.6876,-0.7776,-0.8791,-0.9918,-1.1157,-1.251,-1.3972,-1.5524,-1.7122,-1.8686,-2.0105,-2.1258,-2.2048,-2.2439,-2.2457,-2.2175,-2.1684,-2.1068,-2.0392,-1.9704,-1.9031,-1.8391,-1.7793
-0.409,-0.4051,-0.4013,-0.3976,-0.3941,-0.3908,-0.3876,-0.3846,-0.3817,-0.3788,-0.3759,-0.3729,-0.3696,-0.366,-0.3621,-0.3578,-0.3534,-0.3495,-0.3471,-0.3474,-0.3524,-0.3643,-0.3851,-0.4167,-0.4601,-0.5161,-0.5848,-0.6659,-0.7591,-0.8638,-0.9798,-1.1073,-1.2466,-1.398,-1.5602,-1.7294,-1.897,-2.0503,-2.1748,-2.2589,-2.2981,-2.2958,-2.261,-2.2044,-2.1357,-2.0619,-1.9878,-1.9165,-1.8493,-1.787
-0.4035,-0.3993,-0.3952,-0.3912,-0.3875,-0.3839,-0.3804,-0.3771,-0.3739,-0.3707,-0.3675,-0.364,-0.3602,-0.3558,-0.3508,-0.3452,-0.339,-0.3329,-0.3277,-0.325,-0.327,-0.3363,-0.3556,-0.3867,-0.4309,-0.4886,-0.5597,-0.6437,-0.74,-0.8478,-0.9666,-1.0966,-1.2386,-1.3934,-1.5609,-1.7379,-1.9157,-2.0802,-2.2141,-2.3035,-2.3429,-2.3367,-2.2957,-2.2323,-2.1571,-2.078,-1.9997,-1.9251,-1.8554,-1.7912
-0.3981,-0.3936,-0.3892,-0.385,-0.3809,-0.377,-0.3733,-0.3697,-0.3663,-0.3628,-0.3592,-0.3554,-0.3511,-0.3461,-0.3402,-0.3332,-0.3253,-0.3167,-0.3085,-0.3023,-0.3009,-0.3074,-0.3248,-0.3556,-0.4008,-0.4605,-0.5344,-0.6216,-0.721,-0.8316,-0.9525,-1.0839,-1.2269,-1.383,-1.5534,-1.7358,-1.922,-2.0966,-2.2396,-2.3344,-2.3745,-2.3651,-2.3189,-2.2499,-2.1698,-2.0865,-2.0052,-1.9283,-1.8571,-1.7918
-0.3927,-0.3879,-0.3833,-0.3788,-0.3744,-0.3703,-0.3663,-0.3625,-0.3588,-0.3551,-0.3513,-0.3472,-0.3425,-0.337,-0.3302,-0.322,-0.3123,-0.3012,-0.2897,-0.2797,-0.2743,-0.2774,-0.293,-0.3237,-0.3703,-0.4325,-0.5094,-0.5999,-0.7026,-0.8157,-0.9382,-1.0698,-1.2118,-1.3667,-1.5368,-1.7215,-1.9134,-2.096,-2.2472,-2.3473,-2.3889,-2.3777,-2.3281,-2.2554,-2.1721,-2.0866,-2.0037,-1.9258,-1.8539,-1.7883
-0.3874,-0.3823,-0.3774,-0.3726,-0.368,-0.3636,-0.3594,-0.3553,-0.3514,-0.3476,-0.3436,-0.3393,-0.3344,-0.3284,-0.321,-0.3118,-0.3004,-0.2869,-0.2719,-0.2575,-0.2474,-0.2467,-0.2604,-0.2913,-0.3399,-0.4051,-0.4855,-0.5796,-0.6854,-0.801,-0.9244,-1.055,-1.1941,-1.3448,-1.5112,-1.6941,-1.8877,-2.0755,-2.2331,-2.3384,-2.3824,-2.3714,-2.3209,-2.2472,-2.1633,-2.0775,-1.9947,-1.9173,-1.846,-1.7809
-0.3822,-0.3769,-0.3716,-0.3666,-0.3617,-0.357,-0.3525,-0.3483,-0.3442,-0.3402,-0.3362,-0.3318,-0.3267,-0.3205,-0.3127,-0.3027,-0.2898,-0.2739,-0.2554,-0.2362,-0.2206,-0.2154,-0.2272,-0.2592,-0.3107,-0.3794,-0.4635,-0.5612,-0.6703,-0.7882,-0.912,-1.0404,-1.1747,-1.3185,-1.4771,-1.6538,-1.8445,-2.0333,-2.1948,-2.3046,-2.3524,-2.3443,-2.296,-2.2245,-2.1427,-2.0591,-1.9783,-1.9027,-1.8331,-1.7696
-0.3771,-0.3715,-0.3659,-0.3606,-0.3554,-0.3505,-0.3458,-0.3414,-0.3371,-0.3331,-0.329,-0.3246,-0.3195,-0.3133,-0.3053,-0.2948,-0.2809,-0.263,-0.241,-0.2165,-0.1946,-0.1841,-0.1943,-0.2284,-0.2837,-0.3564,-0.4442,-0.5456,-0.658,-0.7781,-0.9019,-1.0273,-1.155,-1.2891,-1.4363,-1.6021,-1.7846,-1.9697,-2.1319,-2.2454,-2.2983,-2.2958,-2.2533,-2.1873,-2.1106,-2.0315,-1.9546,-1.8823,-1.8155,-1.7543
-0.3721,-0.3662,-0.3604,-0.3547,-0.3492,-0.344,-0.3391,-0.3345,-0.3301,-0.326,-0.3219,-0.3176,-0.3127,-0.3067,-0.2989,-0.2883,-0.2738,-0.2545,-0.2295,-0.1998,-0.1705,-0.1537,-0.1628,-0.2007,-0.2607,-0.3374,-0.4287,-0.5334,-0.6492,-0.7714,-0.8953,-1.017,-1.1367,-1.2589,-1.3913,-1.5417,-1.7111,-1.8876,-2.0468,-2.1627,-2.2217,-2.2275,-2.194,-2.1366,-2.0678,-1.9954,-1.9242,-1.8565,-1.7936,-1.7355
-0.3672,-0.361,-0.3549,-0.3489,-0.3431,-0.3376,-0.3325,-0.3277,-0.3232,-0.319,-0.315,-0.3109,-0.3063,-0.3007,-0.2933,-0.2831,-0.2688,-0.2489,-0.222,-0.1878,-0.1505,-0.1261,-0.135,-0.1786,-0.2439,-0.3239,-0.4177,-0.5254,-0.6443,-0.769,-0.8929,-1.0107,-1.1217,-1.2302,-1.3452,-1.4768,-1.6287,-1.7921,-1.9448,-2.0613,-2.1269,-2.1429,-2.1208,-2.0747,-2.0158,-1.9519,-1.8878,-1.8259,-1.7677,-1.7135
-0.3625,-0.356,-0.3495,-0.3432,-0.3371,-0.3313,-0.3259,-0.3209,-0.3163,-0.3121,-0.3082,-0.3044,-0.3002,-0.2952,-0.2886,-0.2792,-0.2658,-0.2466,-0.2195,-0.1828,-0.1385,-0.1056,-0.1155,-0.1663,-0.2357,-0.317,-0.412,-0.5218,-0.6438,-0.7711,-0.8954,-1.0096,-1.1115,-1.2054,-1.3017,-1.4121,-1.5435,-1.6904,-1.8333,-1.9484,-2.02,-2.0469,-2.0376,-2.0042,-1.9567,-1.9026,-1.8465,-1.7913,-1.7385,-1.6887
-0.3579,-0.351,-0.3442,-0.3376,-0.3312,-0.3251,-0.3194,-0.3141,-0.3094,-0.3052,-0.3014,-0.2979,-0.2942,-0.29,-0.2844,-0.2764,-0.2646,-0.2474,-0.2226,-0.1873,-0.1405,-0.1008,-0.1126,-0.1686,-0.2379,-0.3172,-0.4115,-0.5227,-0.6476,-0.778,-0.9034,-1.0144,-1.1075,-1.1869,-1.2639,-1.3523,-1.4618,-1.59,-1.7208,-1.8322,-1.9083,-1.9453,-1.9489,-1.9284,-1.8929,-1.8491,-1.8017,-1.7536,-1.7065,-1.6615
-0.3535,-0.3463,-0.3391,-0.3321,-0.3254,-0.3189,-0.3129,-0.3074,-0.3025,-0.2982,-0.2946,-0.2913,-0.2882,-0.2848,-0.2805,-0.2743,-0.2649,-0.2509,-0.2308,-0.2024,-0.1631,-0.1259,-0.1377,-0.1888,-0.2501,-0.3237,-0.4157,-0.5277,-0.6554,-0.7893,-0.9165,-1.0254,-1.1106,-1.1762,-1.2346,-1.3016,-1.3892,-1.4979,-1.6148,-1.7203,-1.7986,-1.8438,-1.8588,-1.8506,-1.8267,-1.7932,-1.7545,-1.7137,-1.6726,-1.6325
-0.3492,-0.3417,-0.3342,-0.3268,-0.3196,-0.3128,-0.3064,-0.3006,-0.2955,-0.2912,-0.2876,-0.2847,-0.2821,-0.2795,-0.2765,-0.2723,-0.2658,-0.256,-0.2422,-0.225,-0.205,-0.1873,-0.193,-0.2229,-0.269,-0.3347,-0.4237,-0.5361,-0.6666,-0.8044,-0.9342,-1.0419,-1.1205,-1.1738,-1.2152,-1.2625,-1.3294,-1.419,-1.5211,-1.6186,-1.6963,-1.7471,-1.7714,-1.7738,-1.7604,-1.7365,-1.7061,-1.6724,-1.6374,-1.6022
-0.3451,-0.3373,-0.3294,-0.3217,-0.3141,-0.3068,-0.3,-0.2939,-0.2885,-0.2841,-0.2805,-0.2778,-0.2757,-0.2739,-0.2722,-0.2701,-0.2667,-0.2613,-0.2542,-0.2485,-0.2493,-0.2555,-0.2524,-0.2579,-0.2892,-0.3478,-0.4342,-0.547,-0.6803,-0.8218,-0.9546,-1.0622,-1.1357,-1.1787,-1.2056,-1.2357,-1.2842,-1.3557,-1.4427,-1.5305,-1.605,-1.6585,-1.6893,-1.7002,-1.6958,-1.6804,-1.6578,-1.6308,-1.6014,-1.5711
-0.3413,-0.3331,-0.3249,-0.3167,-0.3087,-0.3009,-0.2937,-0.2871,-0.2815,-0.2768,-0.2733,-0.2708,-0.269,-0.2678,-0.2672,-0.2669,-0.2666,-0.2655,-0.2643,-0.2666,-0.2779,-0.2918,-0.286,-0.2823,-0.3065,-0.3613,-0.4463,-0.5596,-0.6951,-0.8399,-0.9756,-1.0836,-1.1536,-1.1886,-1.2041,-1.2201,-1.2527,-1.3079,-1.3802,-1.4572,-1.5264,-1.5797,-1.6144,-1.6315,-1.6343,-1.6261,-1.6103,-1.5894,-1.5654,-1.5397
-0.3377,-0.3292,-0.3206,-0.312,-0.3035,-0.2953,-0.2875,-0.2805,-0.2744,-0.2695,-0.2659,-0.2635,-0.262,-0.2611,-0.2611,-0.2624,-0.2649,-0.2678,-0.2713,-0.2775,-0.2893,-0.2996,-0.296,-0.2959,-0.3204,-0.3747,-0.4593,-0.5729,-0.7096,-0.8565,-0.9941,-1.1027,-1.1704,-1.2001,-1.2074,-1.2127,-1.2326,-1.2736,-1.3321,-1.3979,-1.4602,-1.5112,-1.5474,-1.5686,-1.5768,-1.5745,-1.5645,-1.5489,-1.5298,-1.5084
-0.3344,-0.3255,-0.3165,-0.3075,-0.2985,-0.2898,-0.2815,-0.2739,-0.2673,-0.2621,-0.2584,-0.2561,-0.2547,-0.2539,-0.2541,-0.2562,-0.2609,-0.2676,-0.2749,-0.2831,-0.2923,-0.2982,-0.2981,-0.3048,-0.3329,-0.3883,-0.473,-0.5862,-0.7226,-0.8695,-1.0074,-1.1158,-1.1824,-1.2093,-1.2118,-1.2101,-1.2203,-1.2496,-1.2958,-1.3508,-1.4055,-1.4526,-1.4884,-1.5118,-1.5237,-1.526,-1.5207,-1.5098,-1.495,-1.4774
-0.3314,-0.3222,-0.3128,-0.3034,-0.2939,-0.2846,-0.2757,-0.2675,-0.2603,-0.2547,-0.2509,-0.2488,-0.2475,-0.2465,-0.246,-0.2482,-0.2545,-0.2644,-0.2756,-0.2857,-0.2936,-0.298,-0.3015,-0.3141,-0.346,-0.4028,-0.4871,-0.5988,-0.7329,-0.8773,-1.0132,-1.1205,-1.1864,-1.2128,-1.2138,-1.2085,-1.2122,-1.2324,-1.2681,-1.3133,-1.3603,-1.4028,-1.4369,-1.461,-1.4752,-1.4808,-1.4793,-1.4723,-1.4612,-1.4472
-0.3287,-0.3192,-0.3095,-0.2996,-0.2897,-0.2798,-0.2703,-0.2613,-0.2535,-0.2474,-0.2434,-0.2415,-0.2406,-0.2391,-0.2374,-0.2387,-0.2458,-0.2587,-0.2736,-0.2865,-0.2954,-0.3011,-0.3084,-0.3256,-0.3604,-0.418,-0.5012,-0.61,-0.7399,-0.8793,-1.0108,-1.1154,-1.1809,-1.2085,-1.2107,-1.2049,-1.2052,-1.2189,-1.2463,-1.2829,-1.3227,-1.3603,-1.3919,-1.4157,-1.4312,-1.4391,-1.4405,-1.4367,-1.4287,-1.4177
-0.3263,-0.3166,-0.3066,-0.2963,-0.2859,-0.2755,-0.2653,-0.2556,-0.247,-0.2402,-0.2359,-0.2344,-0.2341,-0.2323,-0.2289,-0.2285,-0.2358,-0.2511,-0.2697,-0.2862,-0.2979,-0.3068,-0.318,-0.3389,-0.3759,-0.4336,-0.5148,-0.6195,-0.7432,-0.8756,-1.0006,-1.1011,-1.1661,-1.196,-1.2015,-1.1976,-1.1969,-1.2066,-1.2278,-1.2574,-1.291,-1.3238,-1.3526,-1.3753,-1.3912,-1.4007,-1.4043,-1.4029,-1.3977,-1.3893
-0.3243,-0.3144,-0.3041,-0.2935,-0.2827,-0.2718,-0.261,-0.2505,-0.241,-0.2334,-0.2286,-0.2276,-0.2285,-0.2267,-0.2213,-0.2189,-0.2261,-0.2432,-0.265,-0.2851,-0.3007,-0.3135,-0.3288,-0.353,-0.3916,-0.4489,-0.5274,-0.6268,-0.7432,-0.8669,-0.984,-1.0795,-1.1436,-1.1763,-1.1862,-1.1858,-1.1862,-1.1939,-1.2108,-1.2351,-1.2634,-1.2919,-1.3178,-1.3391,-1.355,-1.3653,-1.3705,-1.3712,-1.3681,-1.362
-0.3228,-0.3126,-0.3021,-0.2913,-0.2801,-0.2688,-0.2574,-0.2462,-0.2359,-0.2273,-0.2219,-0.2211,-0.2237,-0.2227,-0.2157,-0.2117,-0.2188,-0.237,-0.261,-0.2841,-0.3034,-0.3204,-0.3396,-0.3667,-0.4066,-0.4631,-0.5384,-0.6321,-0.7403,-0.8546,-0.963,-1.0529,-1.1158,-1.1512,-1.1658,-1.1698,-1.1725,-1.1799,-1.1942,-1.2146,-1.2387,-1.2635,-1.2867,-1.3065,-1.322,-1.3328,-1.339,-1.3412,-1.34,-1.3358
-0.3216,-0.3114,-0.3007,-0.2897,-0.2782,-0.2665,-0.2547,-0.243,-0.2319,-0.2224,-0.2162,-0.2154,-0.2198,-0.2207,-0.2134,-0.2088,-0.2158,-0.2342,-0.2588,-0.2838,-0.3062,-0.3269,-0.3498,-0.3795,-0.4204,-0.4758,-0.5476,-0.6352,-0.7351,-0.84,-0.9396,-1.0235,-1.0848,-1.1226,-1.1417,-1.1503,-1.156,-1.1642,-1.1773,-1.195,-1.2159,-1.2378,-1.2586,-1.2769,-1.2918,-1.3027,-1.3097,-1.3131,-1.3133,-1.3107
-0.3209,-0.3106,-0.2998,-0.2887,-0.2771,-0.2652,-0.2531,-0.241,-0.2295,-0.2194,-0.2125,-0.2115,-0.2171,-0.2205,-0.2148,-0.2109,-0.2176,-0.2352,-0.2593,-0.285,-0.3095,-0.3332,-0.3591,-0.391,-0.4326,-0.4868,-0.555,-0.6366,-0.7284,-0.8241,-0.9153,-0.9934,-1.0528,-1.0922,-1.1153,-1.1283,-1.1373,-1.1469,-1.1597,-1.1758,-1.1944,-1.2139,-1.2328,-1.2498,-1.2639,-1.2748,-1.2823,-1.2867,-1.288,-1.2868
-0.3207,-0.3103,-0.2996,-0.2884,-0.2767,-0.2648,-0.2526,-0.2404,-0.2288,-0.2185,-0.2115,-0.2104,-0.2164,-0.2217,-0.2191,-0.2169,-0.2234,-0.2396,-0.2624,-0.2879,-0.3136,-0.3394,-0.3676,-0.4012,-0.4432,-0.4959,-0.5606,-0.6365,-0.7207,-0.8079,-0.8913,-0.9639,-1.021,-1.0615,-1.0878,-1.1046,-1.1168,-1.1283,-1.1414,-1.1566,-1.1737,-1.1915,-1.2088,-1.2246,-1.2381,-1.2489,-1.2567,-1.2617,-1.2641,-1.264
-0.3209,-0.3106,-0.2999,-0.2887,-0.2772,-0.2654,-0.2533,-0.2413,-0.2299,-0.2201,-0.2134,-0.2125,-0.2181,-0.2242,-0.2248,-0.2249,-0.2316,-0.2465,-0.2677,-0.2924,-0.3185,-0.3458,-0.3756,-0.4103,-0.4523,-0.5035,-0.5647,-0.6352,-0.7125,-0.792,-0.8683,-0.9357,-0.9905,-1.0315,-1.0602,-1.0802,-1.0953,-1.1087,-1.1225,-1.1375,-1.1536,-1.1701,-1.1862,-1.2011,-1.214,-1.2246,-1.2327,-1.2382,-1.2413,-1.2423
-0.3216,-0.3114,-0.3008,-0.2898,-0.2785,-0.2669,-0.2551,-0.2436,-0.2328,-0.2237,-0.2178,-0.2172,-0.2221,-0.2281,-0.231,-0.2335,-0.2408,-0.2548,-0.2747,-0.2984,-0.3244,-0.3523,-0.3831,-0.4184,-0.4602,-0.5097,-0.5676,-0.6331,-0.7041,-0.7768,-0.8467,-0.9095,-0.9618,-1.0027,-1.0332,-1.0557,-1.0733,-1.0885,-1.1032,-1.1183,-1.1339,-1.1496,-1.1648,-1.1789,-1.1913,-1.2018,-1.21,-1.216,-1.2197,-1.2215
-0.3226,-0.3126,-0.3022,-0.2915,-0.2805,-0.2693,-0.258,-0.2471,-0.2371,-0.2289,-0.2239,-0.2235,-0.2276,-0.2332,-0.2376,-0.2422,-0.2503,-0.2639,-0.2827,-0.3055,-0.3311,-0.3592,-0.3904,-0.4259,-0.467,-0.5147,-0.5695,-0.6305,-0.6959,-0.7625,-0.8268,-0.8853,-0.9352,-0.9757,-1.0072,-1.0317,-1.0513,-1.0681,-1.0838,-1.0992,-1.1146,-1.1297,-1.1443,-1.1579,-1.17,-1.1802,-1.1886,-1.1949,-1.1992,-1.2016
-0.3242,-0.3144,-0.3042,-0.2938,-0.2832,-0.2725,-0.2619,-0.2517,-0.2426,-0.2354,-0.2312,-0.2309,-0.2343,-0.2395,-0.2448,-0.2509,-0.2599,-0.2733,-0.2914,-0.3133,-0.3384,-0.3664,-0.3976,-0.4328,-0.473,-0.5189,-0.5707,-0.6276,-0.6879,-0.7493,-0.8087,-0.8632,-0.9108,-0.9505,-0.9826,-1.0085,-1.0296,-1.0479,-1.0645,-1.0803,-1.0957,-1.1105,-1.1247,-1.1379,-1.1497,-1.1598,-1.1683,-1.1749,-1.1796,-1.1827
-0.3261,-0.3166,-0.3067,-0.2967,-0.2865,-0.2764,-0.2665,-0.2571,-0.2489,-0.2426,-0.2391,-0.2389,-0.2419,-0.2468,-0.2527,-0.2598,-0.2695,-0.2829,-0.3004,-0.3217,-0.3462,-0.3738,-0.4046,-0.4393,-0.4784,-0.5225,-0.5714,-0.6245,-0.6805,-0.7371,-0.7921,-0.8432,-0.8885,-0.9272,-0.9595,-0.9862,-1.0086,-1.028,-1.0454,-1.0617,-1.0772,-1.0919,-1.1058,-1.1187,-1.1303,-1.1405,-1.149,-1.1558,-1.161,-1.1646
-0.3284,-0.3192,-0.3097,-0.3001,-0.2905,-0.2809,-0.2717,-0.2632,-0.2559,-0.2504,-0.2475,-0.2474,-0.2501,-0.2549,-0.261,-0.2688,-0.279,-0.2926,-0.3097,-0.3303,-0.3543,-0.3813,-0.4116,-0.4455,-0.4834,-0.5255,-0.5718,-0.6215,-0.6735,-0.7261,-0.7772,-0.825,-0.8682,-0.9058,-0.938,-0.9652,-0.9884,-1.0086,-1.0268,-1.0435,-1.0591,-1.0739,-1.0877,-1.1004,-1.1119,-1.122,-1.1306,-1.1377,-1.1432,-1.1472
