docs/data/wind_grid.json
{"header": {"la1":42.1,"la2":41.55,"lo1":12.1,"lo2":12.95,"nx":50,"ny":50,"dx":0.01735,"dy":0.01122,"parameterCategory":2,"parameterNumber":3,"parameterNumberName":"northward_wind","parameterUnit":"m.s-1"}, "data":
[rows 0 to 39 of 50, columns 0 to 49 of 50]
-3.5513,-3.5502,-3.549,-3.5476,-3.5459,-3.544,-3.5418,-3.5394,-3.5368,-3.5339,-3.5308,-3.5274,-3.5239,-3.5201,-3.5162,-3.512,-3.5077,-3.5031,-3.4982,-3.4929,-3.4871,-3.4806,-3.4733,-3.4649,-3.4551,-3.4438,-3.4306,-3.4152,-3.3973,-3.3769,-3.3537,-3.3278,-3.2994,-3.269,-3.2375,-3.2058,-3.1752,-3.1472,-3.1231,-3.1039,-3.0902,-3.0822,-3.0796,-3.0817,-3.0878,-3.097,-3.1084,-3.1212,-3.1348,-3.1488
-3.5536,-3.5526,-3.5514,-3.55,-3.5484,-3.5465,-3.5443,-3.5419,-3.5392,-3.5363,-3.5331,-3.5297,-3.5261,-3.5223,-3.5183,-3.5142,-3.5098,-3.5053,-3.5004,-3.4953,-3.4896,-3.4833,-3.4762,-3.4679,-3.4583,-3.447,-3.4336,-3.418,-3.3996,-3.3783,-3.3539,-3.3264,-3.296,-3.2632,-3.2287,-3.1939,-3.1603,-3.1295,-3.103,-3.0823,-3.068,-3.0602,-3.0585,-3.0621,-3.07,-3.0811,-3.0944,-3.1091,-3.1244,-3.1399
-3.556,-3.5551,-3.5539,-3.5526,-3.5509,-3.5491,-3.5469,-3.5445,-3.5417,-3.5388,-3.5355,-3.5321,-3.5284,-3.5245,-3.5205,-3.5163,-3.5119,-3.5074,-3.5027,-3.4976,-3.4922,-3.4861,-3.4791,-3.4711,-3.4617,-3.4505,-3.4371,-3.4212,-3.4024,-3.3803,-3.3548,-3.3257,-3.2931,-3.2576,-3.22,-3.1818,-3.1446,-3.1106,-3.0816,-3.0592,-3.0442,-3.0368,-3.0363,-3.0417,-3.0517,-3.065,-3.0804,-3.0971,-3.1143,-3.1314
-3.5584,-3.5576,-3.5565,-3.5552,-3.5536,-3.5517,-3.5496,-3.5471,-3.5443,-3.5413,-3.538,-3.5344,-3.5307,-3.5267,-3.5226,-3.5184,-3.514,-3.5095,-3.5049,-3.5,-3.4947,-3.4888,-3.4822,-3.4744,-3.4652,-3.4542,-3.4409,-3.4249,-3.4057,-3.383,-3.3563,-3.3256,-3.2908,-3.2525,-3.2115,-3.1695,-3.1284,-3.0908,-3.0589,-3.0347,-3.0191,-3.0122,-3.0131,-3.0206,-3.0329,-3.0487,-3.0666,-3.0854,-3.1045,-3.1232
-3.561,-3.5602,-3.5592,-3.5579,-3.5563,-3.5545,-3.5523,-3.5498,-3.547,-3.5439,-3.5405,-3.5369,-3.533,-3.5289,-3.5247,-3.5204,-3.516,-3.5115,-3.507,-3.5022,-3.4972,-3.4916,-3.4852,-3.4778,-3.4689,-3.4581,-3.445,-3.429,-3.4096,-3.3863,-3.3586,-3.3264,-3.2894,-3.2481,-3.2035,-3.1573,-3.1119,-3.0702,-3.035,-3.0088,-2.9926,-2.9864,-2.9891,-2.999,-3.0141,-3.0326,-3.053,-3.0742,-3.0952,-3.1156
-3.5636,-3.5629,-3.5619,-3.5607,-3.5592,-3.5574,-3.5552,-3.5527,-3.5498,-3.5466,-3.5431,-3.5394,-3.5353,-3.5311,-3.5268,-3.5224,-3.5179,-3.5135,-3.509,-3.5044,-3.4995,-3.4943,-3.4883,-3.4812,-3.4728,-3.4623,-3.4494,-3.4335,-3.414,-3.3903,-3.3618,-3.3281,-3.289,-3.2447,-3.1963,-3.1455,-3.0953,-3.049,-3.0103,-2.9818,-2.9651,-2.9599,-2.9647,-2.9774,-2.9955,-3.017,-3.0401,-3.0636,-3.0867,-3.1088
-3.5662,-3.5656,-3.5648,-3.5636,-3.5621,-3.5603,-3.5582,-3.5556,-3.5527,-3.5494,-3.5458,-3.5419,-3.5377,-3.5334,-3.5289,-3.5243,-3.5198,-3.5153,-3.5108,-3.5063,-3.5017,-3.4968,-3.4912,-3.4847,-3.4766,-3.4667,-3.4542,-3.4385,-3.4191,-3.3952,-3.366,-3.3311,-3.29,-3.2427,-3.1903,-3.1347,-3.0792,-3.0278,-2.985,-2.9542,-2.9369,-2.9329,-2.9402,-2.9561,-2.9775,-3.0022,-3.0281,-3.054,-3.0791,-3.1028
-3.569,-3.5685,-3.5677,-3.5666,-3.5652,-3.5635,-3.5613,-3.5587,-3.5558,-3.5524,-3.5486,-3.5445,-3.5402,-3.5356,-3.5309,-3.5262,-3.5215,-3.5169,-3.5125,-3.5081,-3.5038,-3.4992,-3.4941,-3.488,-3.4805,-3.4711,-3.4591,-3.4439,-3.4248,-3.4008,-3.3713,-3.3354,-3.2925,-3.2425,-3.1862,-3.1255,-3.0642,-3.0073,-2.96,-2.9265,-2.9088,-2.9063,-2.9164,-2.9357,-2.9607,-2.9886,-3.0174,-3.0457,-3.0727,-3.098
-3.5718,-3.5714,-3.5708,-3.5698,-3.5684,-3.5667,-3.5646,-3.562,-3.5589,-3.5555,-3.5516,-3.5473,-3.5427,-3.5379,-3.5329,-3.528,-3.5231,-3.5184,-3.5139,-3.5097,-3.5056,-3.5013,-3.4967,-3.4912,-3.4844,-3.4756,-3.4643,-3.4496,-3.431,-3.4073,-3.3778,-3.3413,-3.297,-3.2446,-3.1844,-3.1186,-3.0513,-2.9883,-2.9361,-2.8997,-2.8817,-2.8809,-2.8941,-2.917,-2.9457,-2.9769,-3.0084,-3.0389,-3.0677,-3.0944
-3.5747,-3.5745,-3.5739,-3.5731,-3.5718,-3.5701,-3.568,-3.5654,-3.5623,-3.5587,-3.5546,-3.5501,-3.5453,-3.5402,-3.535,-3.5297,-3.5246,-3.5197,-3.5152,-3.511,-3.507,-3.5032,-3.4991,-3.4942,-3.4881,-3.4801,-3.4695,-3.4556,-3.4377,-3.4147,-3.3855,-3.3489,-3.3038,-3.2494,-3.1858,-3.1151,-3.0416,-2.9722,-2.9146,-2.8752,-2.8568,-2.8579,-2.8743,-2.901,-2.9332,-2.9675,-3.0016,-3.0341,-3.0644,-3.0922
-3.5777,-3.5776,-3.5772,-3.5765,-3.5753,-3.5737,-3.5716,-3.569,-3.5658,-3.5621,-3.5579,-3.5531,-3.548,-3.5426,-3.537,-3.5314,-3.5259,-3.5208,-3.5161,-3.5119,-3.5082,-3.5047,-3.5011,-3.4969,-3.4916,-3.4844,-3.4747,-3.4618,-3.4449,-3.4228,-3.3945,-3.3584,-3.3132,-3.2575,-3.1912,-3.116,-3.0365,-2.9605,-2.8973,-2.8547,-2.8358,-2.8388,-2.8584,-2.8885,-2.924,-2.961,-2.9973,-3.0315,-3.063,-3.0916
-3.5808,-3.5809,-3.5806,-3.58,-3.579,-3.5775,-3.5754,-3.5728,-3.5696,-3.5658,-3.5613,-3.5563,-3.5509,-3.5451,-3.5391,-3.533,-3.5271,-3.5217,-3.5168,-3.5125,-3.5089,-3.5058,-3.5027,-3.4993,-3.4947,-3.4885,-3.4799,-3.4681,-3.4524,-3.4317,-3.4047,-3.3699,-3.3253,-3.2694,-3.2014,-3.1225,-3.0375,-2.9551,-2.8863,-2.8403,-2.8207,-2.8252,-2.8476,-2.8808,-2.9189,-2.9581,-2.996,-3.0313,-3.0636,-3.0928
-3.584,-3.5842,-3.5842,-3.5837,-3.5828,-3.5814,-3.5795,-3.5769,-3.5736,-3.5697,-3.565,-3.5598,-3.554,-3.5477,-3.5412,-3.5347,-3.5283,-3.5224,-3.5171,-3.5127,-3.5092,-3.5064,-3.5039,-3.5011,-3.4975,-3.4923,-3.4848,-3.4744,-3.4602,-3.4413,-3.4162,-3.3834,-3.3405,-3.2856,-3.2171,-3.1358,-3.0463,-2.9582,-2.8839,-2.8343,-2.8137,-2.8192,-2.8435,-2.8788,-2.9188,-2.9593,-2.9981,-3.0339,-3.0665,-3.0958
-3.5873,-3.5877,-3.5878,-3.5876,-3.5869,-3.5856,-3.5837,-3.5812,-3.5779,-3.5738,-3.569,-3.5635,-3.5573,-3.5505,-3.5435,-3.5363,-3.5294,-3.5229,-3.5172,-3.5125,-3.509,-3.5064,-3.5045,-3.5025,-3.4998,-3.4957,-3.4895,-3.4805,-3.4682,-3.4514,-3.429,-3.3989,-3.3589,-3.3062,-3.2389,-3.1568,-3.0644,-2.9716,-2.8924,-2.8392,-2.817,-2.8225,-2.8475,-2.8835,-2.9241,-2.9649,-3.0037,-3.0394,-3.0717,-3.1007
-3.5906,-3.5913,-3.5916,-3.5916,-3.5911,-3.59,-3.5883,-3.5858,-3.5825,-3.5784,-3.5734,-3.5675,-3.5609,-3.5536,-3.546,-3.5382,-3.5305,-3.5234,-3.5171,-3.512,-3.5083,-3.5059,-3.5045,-3.5034,-3.5017,-3.4986,-3.4938,-3.4865,-3.4763,-3.4621,-3.4428,-3.4165,-3.3804,-3.3315,-3.2671,-3.1863,-3.0928,-2.997,-2.9138,-2.857,-2.8324,-2.8364,-2.8604,-2.8956,-2.9353,-2.9752,-3.013,-3.0478,-3.0793,-3.1076
-3.594,-3.595,-3.5956,-3.5958,-3.5955,-3.5947,-3.5931,-3.5908,-3.5875,-3.5833,-3.5781,-3.5719,-3.5648,-3.5571,-3.5487,-3.5402,-3.5317,-3.5238,-3.5168,-3.5112,-3.5072,-3.5049,-3.5041,-3.5037,-3.503,-3.5012,-3.4977,-3.4923,-3.4844,-3.4733,-3.4578,-3.4359,-3.405,-3.3614,-3.3017,-3.2242,-3.132,-3.0351,-2.9491,-2.8889,-2.8608,-2.8616,-2.8828,-2.9153,-2.9525,-2.9901,-3.026,-3.0592,-3.0892,-3.1162
-3.5975,-3.5987,-3.5996,-3.6002,-3.6002,-3.5996,-3.5983,-3.5961,-3.5929,-3.5886,-3.5833,-3.5768,-3.5693,-3.5609,-3.5519,-3.5425,-3.5332,-3.5244,-3.5166,-3.5103,-3.5058,-3.5035,-3.5031,-3.5037,-3.5039,-3.5033,-3.5013,-3.4978,-3.4925,-3.4849,-3.4737,-3.4572,-3.4324,-3.3954,-3.3421,-3.2701,-3.1815,-3.0856,-2.9982,-2.9346,-2.9021,-2.898,-2.9142,-2.9422,-2.9753,-3.0095,-3.0425,-3.0732,-3.1013,-3.1266
-3.6011,-3.6026,-3.6038,-3.6047,-3.6051,-3.6048,-3.6038,-3.6018,-3.5987,-3.5945,-3.5889,-3.5822,-3.5742,-3.5652,-3.5554,-3.5452,-3.535,-3.5253,-3.5166,-3.5095,-3.5044,-3.5019,-3.502,-3.5034,-3.5046,-3.5051,-3.5046,-3.5032,-3.5007,-3.4968,-3.4905,-3.4801,-3.4623,-3.433,-3.3876,-3.3227,-3.2395,-3.1465,-3.059,-2.9924,-2.9546,-2.9441,-2.9536,-2.9754,-3.0032,-3.0328,-3.0621,-3.0897,-3.1153,-3.1386
-3.6047,-3.6066,-3.6082,-3.6094,-3.6102,-3.6103,-3.6096,-3.6079,-3.6051,-3.6008,-3.5952,-3.5881,-3.5797,-3.5701,-3.5596,-3.5485,-3.5373,-3.5266,-3.517,-3.5092,-3.5034,-3.5006,-3.501,-3.5031,-3.5052,-3.5068,-3.5077,-3.5084,-3.5088,-3.509,-3.5081,-3.5043,-3.4943,-3.4735,-3.4367,-3.3799,-3.3034,-3.2148,-3.1282,-3.059,-3.0155,-2.9975,-2.9993,-3.0137,-3.0351,-3.0594,-3.0842,-3.1083,-3.131,-3.1519
-3.6084,-3.6106,-3.6126,-3.6143,-3.6155,-3.6161,-3.6158,-3.6145,-3.6119,-3.6078,-3.6021,-3.5947,-3.5858,-3.5756,-3.5644,-3.5524,-3.5402,-3.5285,-3.5181,-3.5096,-3.5035,-3.5002,-3.5008,-3.5034,-3.5061,-3.5084,-3.5107,-3.5135,-3.517,-3.5215,-3.5263,-3.5295,-3.5276,-3.5156,-3.4876,-3.4392,-3.3698,-3.2861,-3.2013,-3.13,-3.0811,-3.0555,-3.0489,-3.0555,-3.0699,-3.0883,-3.1083,-3.1285,-3.148,-3.1664
-3.612,-3.6147,-3.6171,-3.6193,-3.621,-3.6222,-3.6225,-3.6216,-3.6193,-3.6154,-3.6096,-3.602,-3.5927,-3.5819,-3.5699,-3.557,-3.5438,-3.531,-3.5198,-3.5109,-3.5048,-3.5016,-3.502,-3.5044,-3.5072,-3.5102,-3.5138,-3.5185,-3.5251,-3.534,-3.5448,-3.5552,-3.5614,-3.5578,-3.5382,-3.4975,-3.4348,-3.3562,-3.2737,-3.2011,-3.1474,-3.1147,-3.1001,-3.0989,-3.1062,-3.1187,-3.1338,-3.1499,-3.166,-3.1818
-3.6157,-3.6188,-3.6217,-3.6244,-3.6268,-3.6285,-3.6294,-3.6292,-3.6274,-3.6238,-3.618,-3.6101,-3.6002,-3.5888,-3.5761,-3.5624,-3.5482,-3.5343,-3.522,-3.5126,-3.5066,-3.5039,-3.5039,-3.5057,-3.5085,-3.512,-3.5168,-3.5235,-3.5332,-3.5465,-3.563,-3.5804,-3.5943,-3.5983,-3.5858,-3.5516,-3.4948,-3.4209,-3.3411,-3.2682,-3.211,-3.1724,-3.1507,-3.1422,-3.143,-3.1496,-3.1598,-3.1719,-3.1847,-3.1977
-3.6193,-3.6228,-3.6263,-3.6296,-3.6326,-3.6351,-3.6368,-3.6373,-3.6362,-3.6329,-3.6271,-3.6189,-3.6084,-3.5963,-3.583,-3.5687,-3.5536,-3.5384,-3.5247,-3.514,-3.5073,-3.5045,-3.5046,-3.5066,-3.5098,-3.514,-3.5199,-3.5284,-3.541,-3.5584,-3.5803,-3.6041,-3.6246,-3.635,-3.628,-3.5987,-3.5466,-3.4771,-3.4005,-3.3285,-3.2692,-3.2262,-3.1988,-3.1841,-3.179,-3.1803,-3.1859,-3.1941,-3.2037,-3.2139
-3.6229,-3.6269,-3.6309,-3.6349,-3.6386,-3.642,-3.6446,-3.646,-3.6456,-3.6429,-3.6372,-3.6285,-3.6173,-3.6043,-3.5904,-3.5756,-3.5598,-3.5434,-3.5279,-3.5152,-3.5066,-3.5028,-3.5038,-3.507,-3.511,-3.516,-3.523,-3.5332,-3.5483,-3.5693,-3.5959,-3.6249,-3.6507,-3.6655,-3.6623,-3.6365,-3.5882,-3.5229,-3.4501,-3.38,-3.3204,-3.2747,-3.2431,-3.2235,-3.2134,-3.2101,-3.2115,-3.216,-3.2226,-3.2303
-3.6264,-3.6309,-3.6355,-3.6401,-3.6447,-3.649,-3.6526,-3.6551,-3.6558,-3.6538,-3.6483,-3.639,-3.6266,-3.6125,-3.5979,-3.583,-3.5669,-3.5495,-3.5321,-3.517,-3.5064,-3.5017,-3.5032,-3.5075,-3.5124,-3.5183,-3.5262,-3.5378,-3.5549,-3.5787,-3.6087,-3.6415,-3.6706,-3.6881,-3.687,-3.6636,-3.6186,-3.5576,-3.4892,-3.4224,-3.3638,-3.3171,-3.2828,-3.2596,-3.2455,-3.2383,-3.2361,-3.2374,-3.2411,-3.2464
-3.6298,-3.6347,-3.6399,-3.6453,-3.6507,-3.656,-3.6609,-3.6648,-3.6668,-3.6658,-3.6607,-3.6506,-3.6364,-3.6204,-3.6049,-3.5902,-3.5747,-3.5569,-3.5379,-3.5207,-3.5083,-3.503,-3.5044,-3.509,-3.5144,-3.5209,-3.5295,-3.5421,-3.5605,-3.5861,-3.618,-3.6526,-3.6831,-3.7015,-3.7014,-3.6798,-3.6381,-3.5818,-3.5184,-3.4557,-3.3995,-3.3531,-3.3175,-3.292,-3.2749,-3.2646,-3.2594,-3.2579,-3.2592,-3.2622
-3.633,-3.6384,-3.6441,-3.6502,-3.6566,-3.6631,-3.6693,-3.6748,-3.6785,-3.679,-3.6745,-3.6635,-3.6467,-3.6277,-3.6107,-3.5966,-3.5825,-3.5653,-3.5455,-3.5268,-3.5133,-3.5072,-3.5078,-3.5119,-3.5173,-3.5239,-3.5329,-3.546,-3.565,-3.5911,-3.6233,-3.6578,-3.6879,-3.7058,-3.706,-3.686,-3.6479,-3.5966,-3.5388,-3.4808,-3.4279,-3.3831,-3.3474,-3.3205,-3.3014,-3.2888,-3.2811,-3.2774,-3.2764,-3.2775
-3.6359,-3.6418,-3.6482,-3.655,-3.6623,-3.6699,-3.6776,-3.6849,-3.6908,-3.6935,-3.6902,-3.6782,-3.6576,-3.6338,-3.6142,-3.601,-3.5893,-3.5741,-3.5546,-3.5352,-3.5209,-3.5139,-3.5132,-3.5162,-3.521,-3.5274,-3.5363,-3.5494,-3.5682,-3.5936,-3.6247,-3.6575,-3.6856,-3.7022,-3.7022,-3.6841,-3.6498,-3.6038,-3.5517,-3.499,-3.4501,-3.4075,-3.3726,-3.3453,-3.3251,-3.3107,-3.3012,-3.2955,-3.2928,-3.2922
-3.6387,-3.645,-3.6519,-3.6594,-3.6675,-3.6763,-3.6856,-3.695,-3.7034,-3.7089,-3.7079,-3.6955,-3.6698,-3.6385,-3.6146,-3.6023,-3.5942,-3.582,-3.5641,-3.545,-3.5302,-3.5221,-3.5199,-3.5215,-3.5254,-3.5312,-3.5397,-3.5522,-3.5701,-3.594,-3.6227,-3.6526,-3.6778,-3.6924,-3.6923,-3.6761,-3.6458,-3.6052,-3.5589,-3.5115,-3.4668,-3.427,-3.3936,-3.3667,-3.3459,-3.3305,-3.3196,-3.3124,-3.3081,-3.3061
-3.6411,-3.6478,-3.6552,-3.6633,-3.6723,-3.6822,-3.693,-3.7044,-3.7157,-3.7249,-3.7275,-3.716,-3.6845,-3.642,-3.6115,-3.6004,-3.5965,-3.5882,-3.5727,-3.5548,-3.54,-3.5309,-3.5273,-3.5275,-3.5302,-3.5352,-3.543,-3.5546,-3.571,-3.5926,-3.6182,-3.6444,-3.6663,-3.6787,-3.6784,-3.6642,-3.6378,-3.6023,-3.5616,-3.5195,-3.4791,-3.4424,-3.4109,-3.3848,-3.364,-3.3481,-3.3363,-3.328,-3.3225,-3.3192
-3.6432,-3.6502,-3.658,-3.6667,-3.6764,-3.6872,-3.6994,-3.7128,-3.727,-3.7401,-3.7477,-3.7395,-3.7027,-3.6461,-3.6067,-3.5965,-3.5968,-3.5923,-3.5798,-3.5636,-3.5492,-3.5396,-3.5347,-3.5335,-3.5351,-3.5392,-3.546,-3.5564,-3.571,-3.59,-3.6121,-3.6344,-3.6528,-3.6631,-3.6625,-3.6502,-3.6274,-3.5968,-3.5613,-3.5241,-3.4878,-3.4544,-3.425,-3.4001,-3.3798,-3.3637,-3.3513,-3.3422,-3.3358,-3.3316
-3.645,-3.6523,-3.6603,-3.6694,-3.6796,-3.6913,-3.7045,-3.7195,-3.736,-3.7529,-3.7658,-3.7628,-3.7238,-3.6534,-3.6045,-3.5941,-3.5969,-3.595,-3.5851,-3.5709,-3.5574,-3.5476,-3.5418,-3.5395,-3.54,-3.543,-3.5487,-3.5577,-3.5703,-3.5865,-3.6051,-3.6237,-3.6387,-3.647,-3.6461,-3.6355,-3.616,-3.5896,-3.5588,-3.5262,-3.4939,-3.4636,-3.4364,-3.413,-3.3933,-3.3774,-3.3648,-3.3552,-3.348,-3.343
-3.6464,-3.6538,-3.6621,-3.6714,-3.682,-3.6941,-3.708,-3.724,-3.742,-3.7613,-3.7779,-3.7795,-3.7421,-3.6655,-3.6098,-3.5966,-3.5985,-3.5973,-3.5891,-3.5768,-3.5644,-3.5546,-3.5482,-3.545,-3.5445,-3.5465,-3.5511,-3.5586,-3.5692,-3.5827,-3.598,-3.613,-3.6251,-3.6315,-3.6304,-3.6211,-3.6045,-3.5818,-3.5551,-3.5266,-3.4979,-3.4706,-3.4457,-3.4237,-3.405,-3.3894,-3.3768,-3.3669,-3.3593,-3.3537
-3.6474,-3.6549,-3.6633,-3.6727,-3.6835,-3.6957,-3.7098,-3.726,-3.7443,-3.764,-3.7812,-3.784,-3.75,-3.6785,-3.6226,-3.6044,-3.6024,-3.5999,-3.5924,-3.5814,-3.5701,-3.5606,-3.5539,-3.55,-3.5486,-3.5497,-3.5532,-3.5592,-3.5679,-3.5789,-3.5911,-3.6031,-3.6124,-3.6172,-3.6158,-3.6077,-3.5933,-3.5738,-3.5508,-3.5258,-3.5004,-3.4758,-3.4531,-3.4327,-3.415,-3.3999,-3.3875,-3.3775,-3.3696,-3.3636
-3.648,-3.6555,-3.6639,-3.6733,-3.6839,-3.696,-3.7098,-3.7255,-3.7429,-3.761,-3.7757,-3.7765,-3.7462,-3.687,-3.637,-3.615,-3.608,-3.6031,-3.5954,-3.5852,-3.5747,-3.5656,-3.5588,-3.5544,-3.5523,-3.5525,-3.5549,-3.5596,-3.5664,-3.5751,-3.5848,-3.594,-3.6011,-3.6044,-3.6027,-3.5955,-3.583,-3.5662,-3.5461,-3.5242,-3.5017,-3.4797,-3.459,-3.4402,-3.4235,-3.4092,-3.3971,-3.3871,-3.379,-3.3727
-3.6482,-3.6557,-3.6639,-3.6731,-3.6834,-3.6951,-3.7082,-3.7227,-3.7383,-3.7536,-3.7643,-3.7619,-3.7358,-3.6898,-3.6482,-3.6249,-3.614,-3.6065,-3.5981,-3.5884,-3.5786,-3.5698,-3.563,-3.5582,-3.5556,-3.555,-3.5564,-3.5598,-3.565,-3.5717,-3.579,-3.586,-3.5911,-3.5931,-3.5911,-3.5846,-3.5737,-3.559,-3.5416,-3.5223,-3.5024,-3.4826,-3.4638,-3.4465,-3.4309,-3.4172,-3.4055,-3.3957,-3.3876,-3.3811
-3.6481,-3.6553,-3.6634,-3.6722,-3.6821,-3.6931,-3.7051,-3.7182,-3.7315,-3.7434,-3.7502,-3.7455,-3.7235,-3.6884,-3.6548,-3.6324,-3.6192,-3.6097,-3.6006,-3.5911,-3.5817,-3.5733,-3.5665,-3.5615,-3.5584,-3.5571,-3.5576,-3.5598,-3.5636,-3.5685,-3.5739,-3.5789,-3.5824,-3.5834,-3.5811,-3.5751,-3.5654,-3.5525,-3.5372,-3.5203,-3.5025,-3.4848,-3.4677,-3.4517,-3.4372,-3.4243,-3.4131,-3.4035,-3.3954,-3.3888
-3.6476,-3.6546,-3.6623,-3.6708,-3.68,-3.6902,-3.701,-3.7123,-3.7232,-3.7321,-3.7357,-3.7298,-3.7116,-3.6846,-3.6576,-3.6372,-3.6231,-3.6124,-3.6028,-3.5934,-3.5843,-3.5762,-3.5694,-3.5643,-3.5607,-3.5589,-3.5586,-3.5598,-3.5623,-3.5657,-3.5695,-3.5729,-3.575,-3.5751,-3.5725,-3.5668,-3.5581,-3.5467,-3.5332,-3.5182,-3.5024,-3.4864,-3.4709,-3.4562,-3.4427,-3.4305,-3.4198,-3.4105,-3.4025,-3.3959
-3.6467,-3.6535,-3.6608,-3.6688,-3.6774,-3.6865,-3.6961,-3.7057,-3.7144,-3.7206,-3.722,-3.7158,-3.7008,-3.6796,-3.6578,-3.6396,-3.6256,-3.6145,-3.6045,-3.5952,-3.5864,-3.5785,-3.5718,-3.5666,-3.5627,-3.5604,-3.5594,-3.5597,-3.5611,-3.5632,-3.5656,-3.5677,-3.5687,-3.568,-3.5651,-3.5597,-3.5518,-3.5416,-3.5296,-3.5162,-3.502,-3.4876,-3.4735,-3.46,-3.4474,-3.436,-3.4257,-3.4168,-3.409,-3.4024
-3.6456,-3.652,-3.6589,-3.6663,-3.6742,-3.6824,-3.6907,-3.6987,-3.7055,-3.7097,-3.7096,-3.7036,-3.6911,-3.6741,-3.6562,-3.6402,-3.6269,-3.6157,-3.6058,-3.5966,-3.5881,-3.5804,-3.5738,-3.5684,-3.5644,-3.5616,-3.56,-3.5595,-3.56,-3.561,-3.5623,-3.5632,-3.5633,-3.562,-3.5589,-3.5537,-3.5464,-3.5372,-3.5263,-3.5143,-3.5016,-3.4885,-3.4756,-3.4632,-3.4515,-3.4408,-3.4311,-3.4225,-3.4149,-3.4084
