docs/data/wind_grid.json
[{"header":{"la1":42.85,"la2":41.18,"lo1":11.55,"lo2":14.05,"nx":36,"ny":24,"dx":0.07143,"dy":0.07261,"parameterCategory":2,"parameterNumber":2,"parameterNumberName":"eastward_wind","parameterUnit":"m.s-1"},"data":[-0.4151,-0.4204,-0.4236,-0.4249,-0.4244,-0.4223,-0.4184,-0.4126,-0.4046,-0.3951,-0.3856,-0.3779,-0.3732,-0.3721,-0.3737,-0.376,-0.3755,-0.3682,-0.3503,-0.3212,-0.285,-0.2508,-0.2271,-0.2174,-0.2187,-0.2258,-0.2344,-0.2419,-0.2476,-0.2515,-0.2538,-0.2549,-0.2551,-0.2547,-0.2539,-0.2529,-0.4371,-0.4441,-0.4485,-0.4504,-0.4502,-0.4484,-0.445,-0.4388,-0.4287,-0.4152,-0.401,-0.3894,-0.3833,-0.3835,-0.389,-0.3973,-0.4029,-0.3984,-0.3752,-0.3292,-0.2674,-0.2096,-0.176,-0.1713,-0.1851,-0.2046,-0.2224,-0.2359,-0.2452,-0.251,-0.2543,-0.2558,-0.2563,-0.256,-0.2552,-0.254,-0.4635,-0.4732,-0.4791,-0.4815,-0.4815,-0.4809,-0.4797,-0.4752,-0.4631,-0.4429,-0.4198,-0.4012,-0.3921,-0.3939,-0.4057,-0.4242,-0.4426,-0.4479,-0.421,-0.3461,-0.2313,-0.1234,-0.0759,-0.0924,-0.1363,-0.1789,-0.2105,-0.2314,-0.2443,-0.2518,-0.2558,-0.2576,-0.258,-0.2576,-0.2567,-0.2555,-0.4957,-0.5096,-0.5178,-0.5203,-0.5195,-0.5206,-0.5259,-0.5294,-0.5172,-0.4843,-0.4437,-0.4121,-0.3977,-0.4015,-0.422,-0.4566,-0.4993,-0.532,-0.5143,-0.3945,-0.1652,0.0616,0.12,0.0324,-0.0764,-0.155,-0.2032,-0.231,-0.2464,-0.2547,-0.2587,-0.2603,-0.2604,-0.2598,-0.2586,-0.2572,-0.5351,-0.5563,-0.5689,-0.5704,-0.5654,-0.5664,-0.5858,-0.6153,-0.6115,-0.5506,-0.473,-0.4189,-0.3969,-0.4032,-0.4342,-0.4903,-0.5735,-0.6713,-0.713,-0.5491,-0.0905,0.424,0.451,0.1782,-0.0319,-0.1474,-0.207,-0.2374,-0.2527,-0.26,-0.2631,-0.2639,-0.2635,-0.2624,-0.2609,-0.2592,-0.5829,-0.6176,-0.6402,-0.6406,-0.6222,-0.6124,-0.652,-0.7491,-0.7823,-0.6499,-0.4988,-0.4137,-0.3854,-0.3961,-0.4377,-0.5146,-0.6471,-0.8648,-1.1009,-0.962,-0.2231,0.6619,0.6298,0.1949,-0.057,-0.1737,-0.2273,-0.2521,-0.2633,-0.2678,-0.2689,-0.2684,-0.2671,-0.2653,-0.2634,-0.2614,-0.6372,-0.6962,-0.7436,-0.7493,-0.7008,-0.6499,-0.6834,-0.8662,-0.9735,-0.7164,-0.485,-0.3838,-0.3598,-0.3799,-0.4309,-0.5165,-0.6722,-0.9854,-1.4848,-1.4191,-0.6662,-0.0254,0.1211,-0.0467,-0.1728,-0.2345,-0.262,-0.2732,-0.2769,-0.2771,-0.2756,-0.2734,-0.271,-0.2686,-0.2663,-0.2639,-0.6898,-0.7831,-0.8826,-0.9205,-0.8184,-0.6796,-0.6323,-0.7276,-0.7818,-0.5693,-0.39,-0.3222,-0.3207,-0.3597,-0.4239,-0.503,-0.6246,-0.8585,-1.1734,-1.156,-0.9574,-0.7489,-0.4695,-0.3463,-0.3139,-0.305,-0.3002,-0.2957,-0.2911,-0.2866,-0.2824,-0.2786,-0.2752,-0.2721,-0.2693,-0.2667,-0.7249,-0.8445,-0.9947,-1.0907,-0.9312,-0.7016,-0.5436,-0.464,-0.3895,-0.2899,-0.2396,-0.2398,-0.2728,-0.3442,-0.4497,-0.5248,-0.5714,-0.682,-0.8343,-0.9862,-1.3014,-1.1927,-0.7623,-0.5182,-0.4076,-0.3565,-0.3303,-0.3145,-0.3036,-0.2954,-0.2889,-0.2837,-0.2795,-0.2759,-0.2727,-0.2698,-0.7311,-0.853,-0.9843,-1.0493,-0.9581,-0.7115,-0.4681,-0.2721,-0.0709,0.0138,-0.077,-0.1561,-0.2161,-0.3205,-0.5555,-0.6836,-0.5686,-0.5991,-0.7012,-0.8662,-1.1254,-1.0606,-0.7543,-0.546,-0.4355,-0.3786,-0.3473,-0.3274,-0.3133,-0.3027,-0.2947,-0.2886,-0.2838,-0.2798,-0.2764,-0.2733,-0.7102,-0.835,-1.0069,-1.2577,-1.1814,-0.7337,-0.4154,-0.1845,0.2093,0.3966,0.0464,-0.0958,-0.1463,-0.217,-0.4747,-0.67,-0.5381,-0.6063,-0.6852,-0.7243,-0.7679,-0.7307,-0.6051,-0.4903,-0.4194,-0.3807,-0.3562,-0.3368,-0.321,-0.3089,-0.2999,-0.2933,-0.2883,-0.2841,-0.2806,-0.2772,-0.662,-0.7786,-0.9589,-1.2055,-1.1104,-0.6502,-0.3821,-0.283,-0.0206,0.1828,0.0063,-0.0785,-0.0839,-0.0567,-0.1416,-0.3141,-0.4952,-0.8292,-0.9239,-0.7356,-0.6105,-0.5369,-0.4707,-0.4201,-0.3963,-0.3863,-0.3698,-0.3478,-0.3285,-0.3145,-0.3049,-0.2983,-0.2932,-0.2891,-0.2854,-0.2819,-0.5882,-0.6683,-0.7651,-0.8295,-0.7236,-0.4907,-0.364,-0.3947,-0.2949,-0.0969,-0.0632,-0.1161,-0.0892,-0.0091,-0.0399,-0.1701,-0.4728,-1.4653,-1.5113,-0.8018,-0.5205,-0.4106,-0.3678,-0.3669,-0.4021,-0.4276,-0.4014,-0.3625,-0.3356,-0.3197,-0.3102,-0.3039,-0.2992,-0.2951,-0.2912,-0.2874,-0.503,-0.5434,-0.5739,-0.5651,-0.4881,-0.3798,-0.3236,-0.3385,-0.2677,-0.0945,-0.0359,-0.1921,-0.2258,0.1523,0.0023,-0.0045,-0.2616,-0.8985,-1.0372,-0.6062,-0.3638,-0.2731,-0.2683,-0.3231,-0.4328,-0.4955,-0.4333,-0.3712,-0.3396,-0.3245,-0.3164,-0.311,-0.3065,-0.3023,-0.2981,-0.2938,-0.4218,-0.4353,-0.4348,-0.4091,-0.3554,-0.2921,-0.2444,-0.2037,-0.1098,0.0392,0.1372,0.1038,0.0912,0.1875,0.027,-0.0068,-0.7442,-0.4813,-0.4222,-0.2663,-0.1203,-0.0912,-0.1493,-0.249,-0.3772,-0.4448,-0.4038,-0.3601,-0.3398,-0.3307,-0.3252,-0.3204,-0.3157,-0.311,-0.3062,-0.3012,-0.3517,-0.35,-0.3366,-0.3078,-0.2643,-0.2127,-0.1575,-0.087,0.0266,0.2109,0.472,0.3815,0.2758,0.1695,0.0509,-0.2188,-0.5707,-0.282,-0.1046,0.0133,0.1389,0.1039,-0.0262,-0.1515,-0.2632,-0.3299,-0.346,-0.346,-0.3451,-0.343,-0.3386,-0.3326,-0.3262,-0.3203,-0.3148,-0.3091,-0.2936,-0.2836,-0.2646,-0.235,-0.1952,-0.1465,-0.0877,-0.0111,0.0977,0.257,0.4479,0.3816,0.3709,0.3809,0.2222,0.0954,0.0147,0.1197,0.244,0.2228,0.1977,0.1652,0.0521,-0.0794,-0.1997,-0.2877,-0.3379,-0.3612,-0.3692,-0.3671,-0.3577,-0.3452,-0.3346,-0.3277,-0.3224,-0.3169,-0.246,-0.2315,-0.2098,-0.1802,-0.1423,-0.096,-0.0397,0.0298,0.1158,0.2137,0.2931,0.327,0.4032,0.448,0.5359,0.5825,0.4315,0.4972,0.6458,0.4983,0.3422,0.232,0.1119,-0.0415,-0.2044,-0.3357,-0.3996,-0.4181,-0.4194,-0.406,-0.3801,-0.3508,-0.3326,-0.3282,-0.3272,-0.3238,-0.2071,-0.1902,-0.1675,-0.1383,-0.1024,-0.0594,-0.0086,0.0507,0.1173,0.186,0.2483,0.3083,0.3937,0.5776,1.1878,1.4549,0.7794,0.66,0.7647,0.9022,0.6473,0.3942,0.1981,-0.0141,-0.2536,-0.444,-0.4902,-0.5015,-0.4973,-0.4626,-0.4037,-0.3394,-0.3109,-0.3191,-0.3293,-0.3303,-0.1754,-0.1573,-0.1344,-0.1063,-0.0727,-0.0334,0.0117,0.0623,0.1172,0.1746,0.2342,0.3048,0.4143,0.6434,1.1182,1.2717,0.8518,0.8149,1.3243,1.5927,0.9293,0.5638,0.3281,0.0514,-0.275,-0.4957,-0.5349,-0.6334,-0.6188,-0.5485,-0.4462,-0.3369,-0.2955,-0.3165,-0.3353,-0.3384,-0.1495,-0.1311,-0.1086,-0.0819,-0.0507,-0.015,0.0251,0.0693,0.1171,0.1685,0.2256,0.2961,0.3963,0.55,0.7359,0.7983,0.7345,0.8009,1.0875,1.1888,0.912,0.7505,0.5949,0.2346,-0.2394,-0.6697,-1.0399,-0.974,-0.7973,-0.6799,-0.5444,-0.4096,-0.3466,-0.3468,-0.3536,-0.3506,-0.1285,-0.1102,-0.0885,-0.0633,-0.0345,-0.0021,0.0338,0.0731,0.1157,0.1622,0.2144,0.2767,0.3545,0.4485,0.5388,0.5901,0.6166,0.6831,0.7949,0.8596,0.9201,1.1727,1.2113,0.6121,-0.1222,-0.8057,-1.3524,-1.1609,-0.9701,-0.8707,-0.6984,-0.5355,-0.4397,-0.4003,-0.3814,-0.3656,-0.1115,-0.0936,-0.0729,-0.0493,-0.0228,0.0067,0.0391,0.0742,0.1123,0.1538,0.1998,0.2518,0.3108,0.3739,0.4325,0.479,0.521,0.5763,0.6506,0.7542,0.9981,1.5421,1.7161,0.9164,0.0593,-0.5806,-0.9519,-1.0472,-1.2081,-1.1106,-0.849,-0.6426,-0.5169,-0.4475,-0.4069,-0.3788,-0.0978,-0.0806,-0.061,-0.039,-0.0146,0.0122,0.0414,0.073,0.1069,0.1435,0.1831,0.2261,0.2721,0.3189,0.3634,0.4041,0.4448,0.4934,0.56,0.6701,0.8861,1.2103,1.2555,0.7545,0.1298,-0.3681,-0.7105,-0.9892,-1.2362,-1.1412,-0.8847,-0.6824,-0.5523,-0.4721,-0.421,-0.3858]},{"header":{"la1":42.85,"la2":41.18,"lo1":11.55,"lo2":14.05,"nx":36,"ny":24,"dx":0.07143,"dy":0.07261,"parameterCategory":2,"parameterNumber":3,"parameterNumberName":"northward_wind","parameterUnit":"m.s-1"},"data":[-0.4446,-0.4327,-0.4189,-0.4033,-0.3866,-0.3701,-0.3562,-0.3476,-0.3462,-0.3521,-0.3634,-0.3773,-0.3913,-0.404,-0.4148,-0.4238,-0.4308,-0.4355,-0.4375,-0.4366,-0.4334,-0.4291,-0.425,-0.4216,-0.4194,-0.4184,-0.4187,-0.4203,-0.423,-0.4267,-0.4313,-0.4365,-0.4421,-0.4481,-0.4542,-0.4602,-0.4449,-0.431,-0.4141,-0.3939,-0.3706,-0.3459,-0.3237,-0.3093,-0.3072,-0.3181,-0.3378,-0.3603,-0.3814,-0.3992,-0.4138,-0.4259,-0.4358,-0.4428,-0.4455,-0.4432,-0.4372,-0.4298,-0.4232,-0.4183,-0.4151,-0.4136,-0.4138,-0.4156,-0.4187,-0.4231,-0.4284,-0.4344,-0.441,-0.4478,-0.4547,-0.4616,-0.4465,-0.4308,-0.4107,-0.3848,-0.3523,-0.3141,-0.276,-0.2491,-0.245,-0.2657,-0.3014,-0.3389,-0.3705,-0.3948,-0.4138,-0.43,-0.4445,-0.4559,-0.4604,-0.4554,-0.4432,-0.4301,-0.4204,-0.414,-0.4099,-0.4079,-0.408,-0.4101,-0.4138,-0.419,-0.4253,-0.4324,-0.4401,-0.448,-0.4559,-0.4637,-0.4499,-0.4327,-0.4098,-0.3783,-0.334,-0.2743,-0.2051,-0.1489,-0.1379,-0.1809,-0.25,-0.3138,-0.3602,-0.3917,-0.4148,-0.4358,-0.4579,-0.479,-0.4894,-0.4786,-0.4515,-0.4275,-0.4152,-0.4084,-0.4035,-0.401,-0.4011,-0.4036,-0.4082,-0.4145,-0.4221,-0.4306,-0.4396,-0.4488,-0.4579,-0.4667,-0.455,-0.4369,-0.4128,-0.3778,-0.322,-0.2318,-0.1027,0.027,0.0608,-0.0396,-0.1821,-0.29,-0.3543,-0.3909,-0.4158,-0.4413,-0.4757,-0.5195,-0.5507,-0.5287,-0.4623,-0.4165,-0.4074,-0.4019,-0.3955,-0.3922,-0.3925,-0.3959,-0.4018,-0.4096,-0.4188,-0.429,-0.4397,-0.4505,-0.461,-0.4709,-0.4611,-0.442,-0.4183,-0.3856,-0.327,-0.2072,0.0175,0.3231,0.4328,0.1744,-0.1168,-0.2825,-0.3591,-0.3934,-0.4145,-0.4412,-0.4905,-0.5793,-0.6826,-0.65,-0.488,-0.4072,-0.403,-0.3929,-0.3838,-0.3805,-0.3819,-0.3868,-0.3944,-0.4042,-0.4156,-0.428,-0.4407,-0.4534,-0.4656,-0.4769,-0.4676,-0.4448,-0.4189,-0.3947,-0.3557,-0.2402,0.0519,0.5932,0.8539,0.3202,-0.1273,-0.3156,-0.3799,-0.3983,-0.407,-0.4273,-0.4816,-0.61,-0.8334,-0.8025,-0.5051,-0.3968,-0.3805,-0.3697,-0.3645,-0.3646,-0.3685,-0.3758,-0.3859,-0.3984,-0.4126,-0.4278,-0.4432,-0.4582,-0.4722,-0.485,-0.4758,-0.4434,-0.3991,-0.3744,-0.3881,-0.3442,-0.1433,0.2541,0.4347,0.0262,-0.2926,-0.3995,-0.4138,-0.4006,-0.3879,-0.3937,-0.4338,-0.5258,-0.655,-0.5862,-0.3278,-0.2653,-0.3036,-0.3271,-0.3375,-0.3444,-0.3521,-0.3626,-0.3761,-0.3923,-0.4102,-0.429,-0.4477,-0.4655,-0.4818,-0.4961,-0.4918,-0.4516,-0.3708,-0.302,-0.4035,-0.4733,-0.4468,-0.3799,-0.4033,-0.5231,-0.5558,-0.5082,-0.4468,-0.3928,-0.349,-0.3369,-0.368,-0.4124,-0.4259,-0.3078,-0.0501,-0.0845,-0.2257,-0.2862,-0.3093,-0.3212,-0.3324,-0.3466,-0.3647,-0.3858,-0.4088,-0.4323,-0.4552,-0.4764,-0.4952,-0.5113,-0.5216,-0.4975,-0.4478,-0.4153,-0.5215,-0.6109,-0.6964,-0.8226,-1.0383,-1.1011,-0.8383,-0.6001,-0.4628,-0.376,-0.286,-0.2468,-0.314,-0.3529,-0.3466,-0.2638,-0.119,-0.1279,-0.2178,-0.2645,-0.2833,-0.2941,-0.3072,-0.3263,-0.351,-0.3793,-0.4093,-0.4391,-0.4673,-0.4926,-0.5142,-0.5318,-0.5587,-0.5645,-0.5914,-0.6706,-0.6805,-0.732,-0.8775,-1.0782,-1.5552,-1.8125,-1.0493,-0.625,-0.4491,-0.3693,-0.288,-0.2399,-0.3046,-0.3424,-0.3437,-0.302,-0.2445,-0.2252,-0.2385,-0.2494,-0.2521,-0.2563,-0.2716,-0.2992,-0.3345,-0.3734,-0.4131,-0.4512,-0.4861,-0.5163,-0.5408,-0.5595,-0.59,-0.6105,-0.6473,-0.6918,-0.7131,-0.8248,-1.0225,-1.181,-1.348,-1.4514,-0.9147,-0.5502,-0.4041,-0.3717,-0.3402,-0.2995,-0.3161,-0.3842,-0.3979,-0.3366,-0.2808,-0.2485,-0.2333,-0.22,-0.202,-0.195,-0.2179,-0.2631,-0.3162,-0.3703,-0.4229,-0.472,-0.5154,-0.5511,-0.5783,-0.597,-0.6107,-0.6343,-0.6659,-0.7032,-0.7623,-0.8966,-1.1096,-1.2961,-1.2011,-0.9807,-0.6743,-0.4175,-0.3309,-0.367,-0.3339,-0.2482,-0.2799,-0.5148,-0.5261,-0.3495,-0.261,-0.2174,-0.1967,-0.1724,-0.1251,-0.0968,-0.143,-0.2222,-0.3005,-0.3741,-0.4434,-0.5066,-0.5606,-0.6024,-0.6311,-0.6478,-0.6222,-0.646,-0.6769,-0.7187,-0.7845,-0.8938,-1.0465,-1.1841,-1.0955,-0.8101,-0.5522,-0.3091,-0.2293,-0.1404,-0.2065,-0.0786,-0.1378,-0.3454,-0.3987,-0.2738,-0.1702,-0.1264,-0.1307,-0.1245,-0.0584,-0.0047,-0.084,-0.1965,-0.2971,-0.391,-0.4809,-0.563,-0.6306,-0.6786,-0.706,-0.7163,-0.6264,-0.6487,-0.6771,-0.7145,-0.7658,-0.8334,-0.9055,-0.9358,-0.8484,-0.677,-0.535,-0.4163,-0.2793,-0.1145,-0.1739,-0.032,0.0175,-0.1642,-0.2215,-0.114,0.0641,0.0825,-0.0244,-0.0899,-0.0734,-0.0455,-0.1053,-0.2045,-0.3117,-0.4262,-0.5442,-0.6539,-0.7402,-0.7927,-0.8122,-0.8076,-0.6251,-0.6443,-0.6675,-0.6955,-0.7282,-0.7615,-0.7829,-0.7686,-0.7017,-0.6133,-0.5835,-0.5057,-0.4534,-0.3495,-0.2866,-0.1611,-0.0654,-0.1676,-0.1609,0.0794,0.5932,0.4734,0.1031,-0.0597,-0.0984,-0.105,-0.1395,-0.2166,-0.3328,-0.4799,-0.6442,-0.8004,-0.9142,-0.9652,-0.9614,-0.9261,-0.6199,-0.6353,-0.6526,-0.6713,-0.6894,-0.7026,-0.7031,-0.6822,-0.64,-0.5968,-0.5859,-0.5627,-0.6925,-0.757,-0.4973,-0.3744,-0.2956,-0.2519,-0.1813,0.0584,0.6669,0.5132,0.1009,-0.0594,-0.0803,-0.0597,-0.077,-0.1733,-0.3365,-0.5483,-0.7955,-1.0369,-1.194,-1.2239,-1.1634,-1.0711,-0.6125,-0.6242,-0.6363,-0.6478,-0.6569,-0.6606,-0.6552,-0.6386,-0.6141,-0.5923,-0.5852,-0.6142,-0.7685,-0.8158,-0.7161,-0.6747,-0.4878,-0.2804,-0.1362,-0.1876,-0.0024,0.0397,-0.0664,-0.098,-0.008,0.1496,0.1712,-0.0295,-0.3093,-0.6257,-1.0069,-1.4047,-1.6288,-1.5854,-1.4084,-1.2266,-0.6043,-0.6128,-0.621,-0.6278,-0.632,-0.6319,-0.6261,-0.615,-0.6015,-0.5919,-0.5946,-0.6225,-0.6845,-0.7726,-1.0791,-1.2211,-0.7066,-0.4109,-0.3266,-0.5424,-0.4202,-0.3006,-0.2516,-0.1587,0.099,0.5699,0.6711,0.1658,-0.2862,-0.7009,-1.2317,-1.859,-2.1664,-1.9712,-1.6302,-1.352,-0.5962,-0.6023,-0.6077,-0.6116,-0.6134,-0.6121,-0.6077,-0.6009,-0.5941,-0.5914,-0.5981,-0.6213,-0.6706,-0.7803,-1.0316,-1.1034,-0.7723,-0.6308,-0.8789,-1.0415,-0.6829,-0.5226,-0.4349,-0.2818,0.0397,0.6203,0.751,0.0755,-0.3589,-0.7536,-1.3101,-2.0411,-2.3883,-2.1114,-1.7041,-1.3948,-0.5886,-0.5929,-0.5965,-0.5988,-0.5995,-0.5983,-0.5953,-0.5915,-0.5886,-0.5894,-0.5973,-0.6167,-0.6543,-0.7201,-0.8028,-0.8082,-0.7176,-0.6883,-0.8027,-0.8566,-0.753,-0.7329,-0.6942,-0.514,-0.2591,-0.107,-0.3051,-0.3787,-0.5292,-0.7877,-1.1751,-1.6969,-1.9889,-1.8571,-1.5795,-1.3377,-0.5817,-0.5849,-0.5873,-0.5888,-0.5891,-0.5882,-0.5864,-0.5845,-0.5838,-0.5861,-0.5933,-0.6079,-0.6318,-0.664,-0.692,-0.6934,-0.6736,-0.675,-0.7159,-0.7642,-0.8574,-1.0823,-1.1403,-0.8289,-0.5341,-0.4646,-0.5828,-0.582,-0.731,-0.8601,-1.0234,-1.284,-1.4774,-1.4796,-1.3616,-1.22,-0.5758,-0.5781,-0.5798,-0.5808,-0.581,-0.5805,-0.5796,-0.579,-0.5794,-0.5819,-0.5878,-0.598,-0.6123,-0.6287,-0.6416,-0.6463,-0.6479,-0.6613,-0.6988,-0.7781,-0.9704,-1.3453,-1.4583,-1.0396,-0.6993,-0.5822,-0.6075,-0.7608,-1.0126,-0.9889,-0.9687,-1.0604,-1.1642,-1.1991,-1.1641,-1.0945,-0.5706,-0.5724,-0.5737,-0.5744,-0.5747,-0.5745,-0.5742,-0.5742,-0.5752,-0.5776,-0.5821,-0.5891,-0.5981,-0.6079,-0.6165,-0.6238,-0.6334,-0.6532,-0.6942,-0.7766,-0.9358,-1.1573,-1.2058,-0.9791,-0.7574,-0.6666,-0.7003,-0.8649,-1.0496,-1.0109,-0.9453,-0.9584,-1.0024,-1.0284,-1.0212,-0.9888]}]