docs/data/wind_grid.json
[{"header":{"la1":42.85,"la2":41.18,"lo1":11.55,"lo2":14.05,"nx":36,"ny":24,"dx":0.07143,"dy":0.07261,"parameterCategory":2,"parameterNumber":2,"parameterNumberName":"eastward_wind","parameterUnit":"m.s-1"},"data":[-0.5641,-0.5687,-0.5726,-0.5757,-0.5783,-0.5802,-0.5812,-0.5808,-0.579,-0.5762,-0.5739,-0.5737,-0.5769,-0.5841,-0.5945,-0.6065,-0.6171,-0.6228,-0.6199,-0.6072,-0.5869,-0.5645,-0.5456,-0.5328,-0.5249,-0.5195,-0.5145,-0.5091,-0.5031,-0.4966,-0.4899,-0.4832,-0.4767,-0.4705,-0.4646,-0.4592,-0.5764,-0.5821,-0.5868,-0.5906,-0.594,-0.5971,-0.5994,-0.5995,-0.5963,-0.5904,-0.5843,-0.5813,-0.584,-0.5932,-0.6084,-0.6274,-0.6457,-0.6569,-0.6536,-0.6317,-0.5954,-0.5574,-0.5306,-0.5184,-0.5153,-0.5146,-0.5128,-0.509,-0.5035,-0.4969,-0.4899,-0.4827,-0.4758,-0.4693,-0.4632,-0.4576,-0.5911,-0.5982,-0.6039,-0.6085,-0.6132,-0.6187,-0.6244,-0.627,-0.6226,-0.6109,-0.5972,-0.5885,-0.5893,-0.6009,-0.6228,-0.6525,-0.6846,-0.708,-0.7066,-0.6676,-0.5969,-0.5258,-0.4883,-0.4858,-0.4972,-0.5069,-0.5106,-0.5089,-0.5039,-0.4971,-0.4895,-0.4819,-0.4746,-0.4677,-0.4614,-0.4556,-0.6089,-0.6181,-0.6251,-0.6302,-0.6359,-0.6455,-0.6596,-0.6712,-0.6671,-0.6437,-0.6141,-0.5941,-0.5908,-0.6049,-0.6355,-0.6812,-0.7373,-0.7885,-0.8003,-0.7321,-0.5833,-0.4345,-0.3884,-0.4258,-0.4719,-0.4992,-0.5096,-0.5097,-0.5046,-0.4971,-0.4888,-0.4806,-0.4728,-0.4655,-0.459,-0.4531,-0.6306,-0.6435,-0.6524,-0.6571,-0.6619,-0.6762,-0.7082,-0.7469,-0.7508,-0.6998,-0.6354,-0.5952,-0.5856,-0.6025,-0.6429,-0.7089,-0.8037,-0.9165,-0.983,-0.8807,-0.5648,-0.2268,-0.2023,-0.3504,-0.4533,-0.4987,-0.5128,-0.5125,-0.5059,-0.497,-0.4876,-0.4786,-0.4703,-0.4627,-0.456,-0.45,-0.6571,-0.6766,-0.6898,-0.693,-0.6908,-0.704,-0.7639,-0.8732,-0.9118,-0.7882,-0.6526,-0.5843,-0.57,-0.5908,-0.64,-0.7246,-0.8662,-1.0918,-1.3322,-1.2352,-0.6801,-0.0826,-0.0983,-0.346,-0.4711,-0.5141,-0.5224,-0.5172,-0.5073,-0.4963,-0.4856,-0.4757,-0.467,-0.4592,-0.4524,-0.4464,-0.6878,-0.7191,-0.7436,-0.7473,-0.7269,-0.7171,-0.7844,-0.9881,-1.1001,-0.846,-0.6303,-0.5493,-0.5409,-0.5693,-0.6238,-0.7139,-0.8778,-1.1966,-1.6835,-1.6284,-0.9961,-0.5275,-0.413,-0.491,-0.5369,-0.5447,-0.5361,-0.5223,-0.5078,-0.4943,-0.4823,-0.4718,-0.4627,-0.4549,-0.4481,-0.4423,-0.7187,-0.7671,-0.8148,-0.8314,-0.7819,-0.715,-0.7146,-0.8354,-0.8979,-0.6848,-0.5231,-0.4828,-0.5005,-0.543,-0.6,-0.6774,-0.8105,-1.0577,-1.3764,-1.3643,-1.1759,-1.0095,-0.7878,-0.6689,-0.6119,-0.5753,-0.5472,-0.5245,-0.5058,-0.4903,-0.4773,-0.4665,-0.4573,-0.4497,-0.4431,-0.4376,-0.7427,-0.8051,-0.8721,-0.9083,-0.8409,-0.713,-0.6036,-0.5336,-0.4495,-0.3523,-0.3432,-0.3952,-0.4576,-0.5216,-0.5879,-0.6449,-0.7225,-0.8618,-1.0243,-1.1644,-1.4271,-1.3369,-0.977,-0.762,-0.6509,-0.5882,-0.5485,-0.5209,-0.5001,-0.4837,-0.4705,-0.4598,-0.451,-0.4436,-0.4376,-0.4324,-0.7543,-0.8254,-0.8942,-0.9249,-0.8957,-0.7249,-0.5187,-0.2954,-0.004,0.1033,-0.1176,-0.3117,-0.4229,-0.5075,-0.6125,-0.6648,-0.6743,-0.7589,-0.8725,-1.0312,-1.2661,-1.21,-0.9386,-0.7482,-0.6394,-0.5767,-0.5378,-0.511,-0.4907,-0.4748,-0.462,-0.4518,-0.4436,-0.437,-0.4315,-0.4269,-0.7514,-0.837,-0.968,-1.1845,-1.1247,-0.7619,-0.4844,-0.1987,0.4663,0.8033,0.0684,-0.2741,-0.406,-0.4802,-0.5839,-0.6567,-0.6584,-0.7515,-0.8283,-0.8747,-0.9236,-0.8927,-0.7764,-0.6658,-0.5926,-0.5489,-0.5202,-0.4978,-0.4792,-0.4642,-0.4523,-0.443,-0.4356,-0.4298,-0.4251,-0.4212,-0.7279,-0.813,-0.9534,-1.1519,-1.0783,-0.7184,-0.5023,-0.3919,0.0257,0.3614,-0.0656,-0.3062,-0.4113,-0.4809,-0.4735,-0.5441,-0.6727,-0.9179,-0.9854,-0.8453,-0.7492,-0.6862,-0.6233,-0.571,-0.5411,-0.5256,-0.5081,-0.4871,-0.4679,-0.4529,-0.4417,-0.4335,-0.4273,-0.4225,-0.4187,-0.4155,-0.6833,-0.7425,-0.8168,-0.8683,-0.7911,-0.621,-0.5372,-0.5024,-0.5155,-0.2533,-0.269,-0.3482,-0.3945,-0.4498,-0.4029,-0.4802,-0.6813,-1.3815,-1.409,-0.8688,-0.635,-0.5352,-0.4954,-0.4933,-0.5205,-0.5401,-0.5172,-0.4827,-0.4572,-0.4411,-0.4308,-0.4239,-0.4191,-0.4154,-0.4125,-0.4101,-0.6289,-0.6594,-0.6839,-0.6806,-0.6289,-0.5596,-0.5441,-0.6263,-0.5527,-0.3708,-0.3298,-0.3644,-0.3731,-0.3175,-0.3817,-0.3731,-0.5475,-0.9778,-1.053,-0.6868,-0.4483,-0.354,-0.3607,-0.4265,-0.5354,-0.5945,-0.5359,-0.4757,-0.4438,-0.4281,-0.4198,-0.4149,-0.4115,-0.409,-0.407,-0.4053,-0.5767,-0.5883,-0.5908,-0.5763,-0.5439,-0.5089,-0.4921,-0.4838,-0.4259,-0.3392,-0.3024,-0.3283,-0.3324,-0.3042,-0.3696,-0.378,-0.9216,-0.6842,-0.5749,-0.3498,-0.1065,-0.0663,-0.1838,-0.3268,-0.471,-0.5414,-0.4967,-0.4475,-0.4237,-0.4139,-0.4097,-0.4072,-0.4054,-0.4038,-0.4025,-0.4012,-0.5317,-0.5331,-0.5272,-0.5116,-0.4877,-0.4612,-0.436,-0.4043,-0.3516,-0.2754,-0.1722,-0.3398,-0.3302,-0.3114,-0.3582,-0.5315,-0.7831,-0.5268,-0.3085,-0.0118,0.4465,0.347,0.0111,-0.2002,-0.3348,-0.402,-0.4104,-0.4033,-0.401,-0.4019,-0.4027,-0.4023,-0.4012,-0.4001,-0.3991,-0.3982,-0.4946,-0.4907,-0.4814,-0.4661,-0.4455,-0.4214,-0.3941,-0.3602,-0.3152,-0.2547,-0.1827,-0.2537,-0.2515,-0.225,-0.2437,-0.2905,-0.3257,-0.2205,-0.0719,0.1292,0.5434,0.4281,0.0898,-0.1172,-0.2409,-0.3093,-0.3446,-0.3686,-0.3869,-0.3977,-0.4014,-0.4008,-0.399,-0.3978,-0.397,-0.3962,-0.4642,-0.4575,-0.4468,-0.4317,-0.4128,-0.3903,-0.3643,-0.334,-0.2992,-0.2629,-0.2373,-0.2297,-0.203,-0.1629,0.0138,0.0988,-0.0018,0.0304,0.0949,0.1577,0.2485,0.2128,0.063,-0.0888,-0.204,-0.2681,-0.3066,-0.3542,-0.3914,-0.4068,-0.4071,-0.4011,-0.3966,-0.3956,-0.3956,-0.3951,-0.439,-0.4308,-0.4194,-0.4048,-0.3869,-0.366,-0.3422,-0.3155,-0.2868,-0.2579,-0.23,-0.1961,-0.1339,0.0364,0.5784,0.8073,0.2759,0.1654,0.2243,0.4129,0.3159,0.1944,0.0702,-0.0727,-0.2028,-0.2429,-0.2538,-0.3643,-0.427,-0.4339,-0.4183,-0.3988,-0.3904,-0.3924,-0.3948,-0.3948,-0.4181,-0.409,-0.3974,-0.383,-0.3661,-0.3465,-0.3245,-0.3001,-0.2735,-0.2444,-0.2099,-0.1603,-0.0701,0.1298,0.5323,0.6646,0.3427,0.32,0.7164,0.9232,0.49,0.2876,0.1537,-0.0253,-0.2201,-0.2705,-0.2722,-0.488,-0.5206,-0.4832,-0.4374,-0.3989,-0.3862,-0.3915,-0.3956,-0.3954,-0.4004,-0.3909,-0.3792,-0.3652,-0.349,-0.3305,-0.3097,-0.2865,-0.2605,-0.2303,-0.1925,-0.139,-0.0554,0.0773,0.2382,0.3003,0.2645,0.3295,0.5577,0.6507,0.5063,0.4642,0.3892,0.1214,-0.2382,-0.5857,-0.9692,-0.8856,-0.6633,-0.5454,-0.4722,-0.4212,-0.4003,-0.399,-0.3992,-0.3969,-0.3854,-0.3756,-0.364,-0.3504,-0.3348,-0.3172,-0.2973,-0.2749,-0.2494,-0.2193,-0.182,-0.133,-0.0673,0.0153,0.0977,0.1517,0.1886,0.2587,0.3674,0.4566,0.5858,0.8941,0.9616,0.4477,-0.1688,-0.7758,-1.334,-1.0705,-0.704,-0.5837,-0.5112,-0.4555,-0.4245,-0.4112,-0.4041,-0.3984,-0.3726,-0.3628,-0.3513,-0.3381,-0.3231,-0.3061,-0.2871,-0.2656,-0.241,-0.2122,-0.1777,-0.1355,-0.0846,-0.0272,0.0297,0.08,0.1302,0.1956,0.2846,0.4174,0.7018,1.2602,1.4308,0.7169,-0.0153,-0.5552,-0.8546,-0.7591,-0.6176,-0.5919,-0.5347,-0.4782,-0.4412,-0.4201,-0.4074,-0.3986,-0.3617,-0.3519,-0.3406,-0.3278,-0.3134,-0.2971,-0.2789,-0.2584,-0.2352,-0.2085,-0.1774,-0.1414,-0.1005,-0.056,-0.0105,0.0353,0.0851,0.1467,0.2317,0.3672,0.6099,0.9466,1.0058,0.5713,0.0492,-0.3407,-0.5535,-0.6008,-0.6016,-0.5845,-0.5315,-0.4803,-0.4444,-0.4215,-0.4067,-0.3966]},{"header":{"la1":42.85,"la2":41.18,"lo1":11.55,"lo2":14.05,"nx":36,"ny":24,"dx":0.07143,"dy":0.07261,"parameterCategory":2,"parameterNumber":3,"parameterNumberName":"northward_wind","parameterUnit":"m.s-1"},"data":[-0.1859,-0.1728,-0.1573,-0.1395,-0.12,-0.1005,-0.0834,-0.0714,-0.0667,-0.0694,-0.0776,-0.0882,-0.099,-0.1085,-0.1169,-0.1248,-0.1339,-0.1458,-0.1618,-0.1818,-0.2036,-0.2227,-0.2351,-0.2395,-0.2381,-0.234,-0.23,-0.2273,-0.2266,-0.2277,-0.2303,-0.234,-0.2386,-0.2438,-0.2492,-0.2546,-0.1888,-0.1737,-0.155,-0.1323,-0.1058,-0.0774,-0.0512,-0.0329,-0.027,-0.0342,-0.0501,-0.0686,-0.0853,-0.0982,-0.1079,-0.1159,-0.1249,-0.1381,-0.1588,-0.1882,-0.2227,-0.253,-0.2692,-0.2694,-0.2599,-0.2482,-0.2385,-0.2324,-0.2298,-0.2301,-0.2326,-0.2367,-0.2417,-0.2474,-0.2534,-0.2594,-0.1937,-0.1769,-0.155,-0.1263,-0.09,-0.0472,-0.0041,0.0277,0.0362,0.0194,-0.0122,-0.0451,-0.0711,-0.0886,-0.0991,-0.1057,-0.1125,-0.1249,-0.1502,-0.1948,-0.255,-0.3092,-0.3306,-0.3175,-0.2901,-0.2648,-0.2469,-0.2367,-0.2323,-0.2321,-0.2349,-0.2395,-0.2453,-0.2518,-0.2585,-0.2651,-0.2011,-0.1833,-0.1588,-0.1242,-0.0751,-0.0094,0.0665,0.129,0.1449,0.1056,0.0403,-0.0186,-0.0588,-0.0814,-0.0916,-0.0945,-0.0951,-0.1009,-0.1265,-0.1926,-0.3062,-0.418,-0.4429,-0.39,-0.3261,-0.2801,-0.2527,-0.2387,-0.2333,-0.2334,-0.237,-0.2426,-0.2495,-0.2569,-0.2645,-0.2719,-0.2111,-0.1933,-0.168,-0.1298,-0.0682,0.0304,0.1693,0.308,0.3472,0.2492,0.1091,0.0054,-0.0527,-0.0795,-0.0876,-0.084,-0.0727,-0.0598,-0.0677,-0.1507,-0.3631,-0.6149,-0.624,-0.4724,-0.3527,-0.2858,-0.2521,-0.237,-0.2324,-0.2339,-0.2391,-0.2463,-0.2546,-0.2633,-0.272,-0.2802,-0.223,-0.2056,-0.182,-0.1465,-0.0809,0.0504,0.2904,0.6115,0.7276,0.4668,0.1752,0.0123,-0.0597,-0.086,-0.0897,-0.0782,-0.0508,-0.0028,0.049,-0.0125,-0.3174,-0.7394,-0.72,-0.483,-0.3401,-0.2722,-0.242,-0.2308,-0.2296,-0.234,-0.2416,-0.2509,-0.261,-0.2713,-0.2812,-0.2904,-0.2358,-0.2168,-0.1935,-0.1681,-0.1214,0.0089,0.3224,0.8893,1.1593,0.6154,0.1648,-0.0221,-0.0855,-0.1027,-0.101,-0.0837,-0.0439,0.0343,0.1582,0.1372,-0.1136,-0.391,-0.4527,-0.3532,-0.2767,-0.2388,-0.224,-0.2216,-0.2261,-0.2345,-0.2452,-0.2571,-0.2694,-0.2815,-0.2928,-0.303,-0.2499,-0.2237,-0.1859,-0.1634,-0.169,-0.1092,0.1135,0.5366,0.7287,0.3167,-0.0011,-0.1066,-0.126,-0.1268,-0.1261,-0.11,-0.0647,0.008,0.0893,0.0916,0.0618,-0.0173,-0.1414,-0.1902,-0.1979,-0.1997,-0.2044,-0.2128,-0.2238,-0.2367,-0.251,-0.2658,-0.2806,-0.2947,-0.3076,-0.3188,-0.2702,-0.2375,-0.1658,-0.1025,-0.1962,-0.2548,-0.2132,-0.1255,-0.1297,-0.2366,-0.2616,-0.2117,-0.1622,-0.1502,-0.179,-0.1819,-0.1118,-0.034,0.0274,0.0983,0.2516,0.2044,0.0154,-0.0919,-0.1431,-0.1714,-0.1914,-0.2085,-0.2251,-0.2421,-0.2599,-0.2779,-0.2956,-0.312,-0.3265,-0.3386,-0.3023,-0.2852,-0.2422,-0.2129,-0.3185,-0.4107,-0.4943,-0.5968,-0.7646,-0.7977,-0.5338,-0.2923,-0.1662,-0.1499,-0.2864,-0.3736,-0.1686,-0.0516,0.0064,0.0764,0.1842,0.1579,0.0297,-0.0648,-0.1242,-0.1632,-0.1905,-0.2119,-0.2316,-0.2517,-0.2729,-0.2946,-0.3155,-0.3346,-0.3508,-0.3638,-0.3404,-0.3528,-0.3848,-0.4642,-0.4783,-0.5566,-0.7315,-0.9119,-1.2535,-1.4447,-0.7335,-0.3002,-0.1163,-0.0757,-0.2229,-0.361,-0.1187,-0.0308,-0.0066,0.0235,0.0543,0.0424,-0.0146,-0.0802,-0.1367,-0.1783,-0.2053,-0.2247,-0.2438,-0.266,-0.291,-0.3171,-0.3423,-0.3646,-0.3826,-0.3959,-0.3717,-0.3994,-0.4423,-0.488,-0.5195,-0.689,-0.9798,-1.1961,-1.1971,-1.1592,-0.6113,-0.2103,-0.0316,0.0081,0.0417,0.0332,0.0461,-0.0187,-0.0484,-0.0113,0.0056,-0.0083,-0.0502,-0.1116,-0.1771,-0.2222,-0.2387,-0.2463,-0.2607,-0.2845,-0.3149,-0.3476,-0.3786,-0.4049,-0.4245,-0.4372,-0.3912,-0.4229,-0.4635,-0.5119,-0.5974,-0.8024,-1.1496,-1.4941,-1.2676,-0.8062,-0.3819,-0.0842,0.0508,0.0671,0.1702,0.2906,0.2312,-0.1509,-0.1857,-0.025,0.0039,-0.0146,-0.0644,-0.1464,-0.2493,-0.3069,-0.2907,-0.2714,-0.2785,-0.3065,-0.3463,-0.3894,-0.429,-0.4602,-0.4807,-0.491,-0.3999,-0.432,-0.4738,-0.5319,-0.6279,-0.7962,-1.0456,-1.2827,-1.1158,-0.617,-0.2407,-0.0119,0.0774,0.4346,0.3943,0.7113,0.5764,0.1387,-0.0203,0.0305,0.04,0.0145,-0.0514,-0.1623,-0.3189,-0.3985,-0.3322,-0.2852,-0.2918,-0.332,-0.3889,-0.4491,-0.5014,-0.5383,-0.5574,-0.5612,-0.3995,-0.4293,-0.4677,-0.5195,-0.5931,-0.6944,-0.8064,-0.851,-0.6943,-0.4,-0.1729,-0.0153,0.1956,0.4798,0.473,0.8274,0.9809,0.4681,0.1736,0.105,0.1301,0.1025,-0.0003,-0.1263,-0.2679,-0.3418,-0.2982,-0.2697,-0.2968,-0.3633,-0.4502,-0.5386,-0.6097,-0.6515,-0.6633,-0.6529,-0.3921,-0.417,-0.4474,-0.4846,-0.5288,-0.5741,-0.6001,-0.5663,-0.4411,-0.2701,-0.1781,-0.0345,0.0198,0.1603,0.2856,0.5517,0.7597,0.3769,0.122,0.1308,0.3567,0.2868,0.0693,-0.0655,-0.1514,-0.1944,-0.199,-0.221,-0.2916,-0.4047,-0.5428,-0.6787,-0.778,-0.8196,-0.8098,-0.7703,-0.3801,-0.3989,-0.4201,-0.4427,-0.4638,-0.4763,-0.467,-0.4204,-0.3336,-0.2352,-0.1821,-0.1341,-0.2729,-0.3442,-0.0388,0.1158,0.152,-0.0234,-0.1713,-0.0061,0.3771,0.2953,0.0647,-0.0335,-0.0519,-0.0371,-0.0476,-0.128,-0.2712,-0.4601,-0.6836,-0.9036,-1.0461,-1.0691,-1.0061,-0.9124,-0.3657,-0.3788,-0.392,-0.4035,-0.4103,-0.4075,-0.3885,-0.3491,-0.2932,-0.2371,-0.203,-0.2188,-0.3778,-0.4342,-0.3733,-0.3741,-0.2716,-0.4442,-0.7079,-0.342,-0.0566,0.0093,-0.0351,-0.0335,0.0625,0.2205,0.2416,0.0393,-0.233,-0.5303,-0.8837,-1.2528,-1.4603,-1.4154,-1.2427,-1.0641,-0.3511,-0.3595,-0.3666,-0.371,-0.3704,-0.3619,-0.3432,-0.314,-0.2788,-0.2476,-0.2339,-0.2552,-0.3248,-0.4532,-0.8924,-1.0939,-0.5631,-0.5191,-0.6278,-0.4775,-0.3101,-0.201,-0.1486,-0.0574,0.19,0.6606,0.7615,0.2363,-0.2153,-0.6074,-1.0994,-1.6825,-1.9695,-1.7834,-1.4563,-1.1864,-0.3374,-0.3423,-0.3454,-0.3457,-0.3418,-0.3324,-0.3169,-0.2965,-0.2749,-0.2586,-0.2565,-0.2795,-0.3439,-0.4997,-0.8446,-0.9541,-0.6053,-0.4898,-0.5482,-0.5811,-0.4298,-0.3353,-0.2705,-0.1477,0.1355,0.7061,0.8366,0.1143,-0.3132,-0.6743,-1.1811,-1.8553,-2.1787,-1.9171,-1.5283,-1.2291,-0.3253,-0.3278,-0.3285,-0.3268,-0.3219,-0.3135,-0.3016,-0.2878,-0.275,-0.2676,-0.2716,-0.2943,-0.3464,-0.4422,-0.5649,-0.5942,-0.5087,-0.4644,-0.4964,-0.5106,-0.4714,-0.4749,-0.4542,-0.334,-0.1636,-0.0995,-0.3985,-0.4453,-0.5246,-0.7329,-1.07,-1.5399,-1.806,-1.6786,-1.4117,-1.1761,-0.3151,-0.316,-0.3154,-0.3129,-0.3082,-0.3013,-0.2927,-0.2836,-0.2764,-0.274,-0.2801,-0.2989,-0.3339,-0.3843,-0.4333,-0.4508,-0.4378,-0.4321,-0.4499,-0.4798,-0.5541,-0.7197,-0.7656,-0.5692,-0.4193,-0.5051,-0.7744,-0.6994,-0.7435,-0.8293,-0.9498,-1.167,-1.3327,-1.3256,-1.2067,-1.065,-0.3067,-0.3067,-0.3055,-0.3029,-0.2988,-0.2935,-0.2874,-0.2817,-0.2779,-0.278,-0.2842,-0.2984,-0.3209,-0.3491,-0.3751,-0.3908,-0.3984,-0.4101,-0.4372,-0.4961,-0.6375,-0.9032,-0.9819,-0.7164,-0.5433,-0.5607,-0.6652,-0.7938,-1.0149,-0.977,-0.9182,-0.9699,-1.0453,-1.064,-1.0205,-0.9457,-0.2999,-0.2994,-0.2981,-0.2957,-0.2924,-0.2884,-0.2843,-0.2809,-0.2792,-0.2805,-0.2861,-0.2966,-0.3118,-0.3298,-0.3475,-0.3627,-0.3772,-0.3971,-0.4314,-0.4957,-0.6148,-0.7752,-0.8149,-0.6818,-0.5783,-0.5824,-0.6717,-0.8543,-1.0493,-0.9993,-0.8987,-0.8771,-0.8949,-0.9032,-0.8844,-0.8441]}]