docs/data/wind_grid.json
[{"header":{"la1":42.85,"la2":41.18,"lo1":11.55,"lo2":14.05,"nx":36,"ny":24,"dx":0.07143,"dy":0.07261,"parameterCategory":2,"parameterNumber":2,"parameterNumberName":"eastward_wind","parameterUnit":"m.s-1"},"data":[2.7236,2.7536,2.7845,2.8149,2.8425,2.8627,2.8687,2.8524,2.8073,2.7318,2.6297,2.508,2.3738,2.2325,2.0879,1.9441,1.8069,1.6846,1.5859,1.5167,1.4778,1.4655,1.475,1.5005,1.5359,1.5754,1.6145,1.6505,1.6822,1.7096,1.7329,1.7526,1.7693,1.7835,1.7957,1.8063,2.7608,2.7996,2.8418,2.887,2.9335,2.9763,3.0047,3.0037,2.9596,2.8684,2.7384,2.5841,2.4172,2.244,2.0667,1.8877,1.7136,1.5577,1.4365,1.3606,1.3283,1.3298,1.3567,1.4023,1.4581,1.5155,1.5687,1.6151,1.6541,1.6865,1.7131,1.7351,1.7532,1.7685,1.7814,1.7925,2.7965,2.8448,2.8994,2.9623,3.0349,3.1137,3.184,3.2164,3.1789,3.0614,2.8848,2.6811,2.471,2.2596,2.0435,1.819,1.5913,1.3823,1.2277,1.1519,1.1433,1.1709,1.2216,1.2942,1.3774,1.4574,1.5267,1.5837,1.6296,1.6663,1.6956,1.7191,1.7383,1.7541,1.7673,1.7787,2.8295,2.8873,2.9542,3.0356,3.1403,3.2746,3.4239,3.5323,3.5163,3.3457,3.081,2.799,2.5331,2.2802,2.0224,1.7415,1.4325,1.1277,0.9111,0.859,0.9286,1.0071,1.0802,1.1846,1.3025,1.4081,1.4933,1.5595,1.6106,1.65,1.6807,1.7049,1.7243,1.7401,1.7533,1.7646,2.8589,2.9266,3.0038,3.0986,3.2342,3.4438,3.7388,4.028,4.0768,3.7759,3.3298,2.9256,2.5954,2.3062,2.0135,1.6714,1.2417,0.7432,0.3622,0.3866,0.7084,0.9007,0.9628,1.0959,1.2503,1.3778,1.4739,1.5451,1.5981,1.638,1.6686,1.6923,1.7111,1.7263,1.7389,1.7499,2.8845,2.9654,3.0522,3.1478,3.2911,3.5705,4.0879,4.7858,5.0251,4.3764,3.5821,3.0237,2.6417,2.3373,2.0329,1.6484,1.0779,0.2196,-0.6792,-0.5468,0.4366,0.8896,0.9241,1.0736,1.244,1.3764,1.4723,1.5415,1.5922,1.63,1.6586,1.6807,1.698,1.712,1.7236,1.7339,2.9044,3.0101,3.1215,3.2057,3.2968,3.5639,4.2338,5.4405,6.0154,4.7973,3.6663,3.0364,2.6557,2.3721,2.095,1.7273,1.1052,-0.0613,-1.7984,-1.6298,0.168,0.8457,1.0019,1.1479,1.2918,1.4046,1.487,1.5468,1.5909,1.6241,1.6494,1.6689,1.6841,1.6963,1.7066,1.7158,2.9073,3.0568,3.2532,3.3618,3.2951,3.3921,3.886,4.7743,5.1608,4.2782,3.4438,2.951,2.639,2.4084,2.196,1.9197,1.4312,0.5382,-0.5957,-0.4043,0.713,1.0745,1.1762,1.2739,1.3704,1.4495,1.5095,1.5549,1.5901,1.6177,1.6391,1.6555,1.668,1.678,1.6866,1.6947,2.8652,3.041,3.3834,3.6732,3.2921,3.1337,3.3478,3.6632,3.7503,3.4934,3.144,2.8417,2.6141,2.4434,2.3075,2.1583,1.8597,1.3765,0.9286,0.9741,1.3428,1.346,1.3414,1.3943,1.4481,1.4912,1.526,1.5566,1.5838,1.607,1.6252,1.6385,1.6482,1.6555,1.6621,1.669,2.7569,2.8486,3.036,3.1642,2.7899,2.7809,2.9555,3.132,3.2675,3.2545,3.0226,2.7758,2.6025,2.4788,2.3867,2.3487,2.1605,1.8831,1.6221,1.4645,1.4155,1.4253,1.4648,1.4918,1.5017,1.5063,1.5182,1.5398,1.5655,1.5886,1.6056,1.6163,1.6226,1.6268,1.631,1.6367,2.6195,2.5645,2.3401,1.7322,1.8214,2.4248,2.7059,2.903,3.3503,3.5734,3.0337,2.7376,2.6111,2.5429,2.4405,2.3831,2.2869,2.1583,2.009,1.8282,1.6816,1.6192,1.5958,1.5572,1.5015,1.46,1.459,1.4903,1.5296,1.5607,1.5792,1.5872,1.5889,1.5888,1.5902,1.5952,2.52,2.4091,2.1408,1.7091,1.8133,2.3393,2.5461,2.5977,2.9496,3.2169,2.8795,2.6907,2.6376,2.6839,2.5853,2.4265,2.3592,2.3783,2.3254,2.1211,1.9349,1.8057,1.696,1.5582,1.3922,1.2868,1.3093,1.3973,1.4771,1.5258,1.5466,1.5491,1.5432,1.5369,1.5352,1.5404,2.4773,2.3939,2.2593,2.1401,2.2146,2.4067,2.4686,2.3959,2.5093,2.6989,2.6915,2.702,2.6654,2.7284,2.626,2.3915,2.3739,2.6412,2.6353,2.2917,2.0762,1.9173,1.7452,1.4823,1.1069,0.8907,1.0437,1.2765,1.4249,1.4927,1.5091,1.4983,1.4788,1.4633,1.4587,1.4667,2.468,2.4228,2.3716,2.3479,2.3849,2.4469,2.4648,2.4375,2.4754,2.5525,2.5922,2.8075,2.8358,2.1952,2.3517,2.1974,2.2695,2.465,2.4871,2.285,2.1166,1.9735,1.7841,1.4264,0.7968,0.431,0.8162,1.2138,1.4092,1.4728,1.4652,1.4255,1.3822,1.3542,1.3494,1.3663,2.4684,2.4467,2.4282,2.4245,2.4405,2.4624,2.4722,2.4721,2.4774,2.4705,2.4534,2.475,2.3985,2.2107,2.2696,2.1599,2.3366,2.3287,2.3094,2.2086,2.087,1.9964,1.8569,1.5523,1.0291,0.7161,0.9993,1.3179,1.4585,1.4686,1.4038,1.3099,1.228,1.186,1.19,1.2291,2.4679,2.4577,2.4504,2.4499,2.456,2.4635,2.4661,2.4611,2.4432,2.3951,2.3113,2.2523,2.2963,2.3082,2.3068,2.3018,2.339,2.3083,2.2563,2.1429,1.9794,1.9749,1.9418,1.7791,1.5383,1.3921,1.4532,1.5513,1.5585,1.4654,1.2992,1.1107,0.9687,0.9195,0.9573,1.0456,2.4644,2.4591,2.4556,2.4547,2.4557,2.4562,2.4527,2.4417,2.4175,2.372,2.3132,2.3035,2.3182,2.3286,2.3489,2.3485,2.3315,2.2931,2.2423,2.1499,1.9675,1.9873,2.0192,1.9682,1.9035,1.8778,1.8709,1.8145,1.6761,1.4422,1.1135,0.7585,0.5233,0.4983,0.629,0.8145,2.4582,2.4551,2.4525,2.4507,2.449,2.4459,2.4394,2.4274,2.4077,2.3809,2.3562,2.3463,2.3397,2.3499,2.4316,2.4568,2.3789,2.276,2.2063,2.2285,2.1582,2.1201,2.1175,2.1205,2.1705,2.2759,2.28,2.0899,1.798,1.3958,0.8214,0.1654,-0.2129,-0.1195,0.2164,0.5618,2.4504,2.448,2.4456,2.4431,2.4401,2.4355,2.4284,2.418,2.4042,2.3889,2.3768,2.373,2.383,2.4389,2.6372,2.7195,2.467,2.3234,2.2819,2.3648,2.3053,2.2424,2.2189,2.2417,2.3762,2.6865,2.7507,2.3396,1.9047,1.3638,0.502,-0.6115,-1.1722,-0.8052,-0.1639,0.361,2.4417,2.4396,2.4372,2.4343,2.4307,2.4258,2.4193,2.4111,2.4017,2.3928,2.3874,2.3901,2.4101,2.4727,2.6153,2.6569,2.4881,2.4089,2.5041,2.571,2.4102,2.3336,2.3064,2.3136,2.4231,2.7487,2.8258,2.3331,1.9518,1.4277,0.4608,-0.918,-1.5835,-1.0524,-0.2745,0.3131,2.4327,2.4307,2.4282,2.4252,2.4215,2.4169,2.4113,2.4049,2.3984,2.3931,2.3912,2.3959,2.4126,2.4481,2.4944,2.4987,2.4492,2.4248,2.467,2.4866,2.4354,2.4243,2.4134,2.3635,2.3288,2.286,2.0691,2.0484,1.9806,1.6443,0.893,-0.1835,-0.785,-0.5343,-0.0011,0.4576,2.4237,2.4217,2.4193,2.4163,2.4127,2.4085,2.4037,2.3986,2.3939,2.3904,2.3895,2.3931,2.4028,2.4183,2.4323,2.4313,2.4164,2.4093,2.4209,2.4377,2.4786,2.5893,2.6181,2.4587,2.284,2.0794,1.8254,1.9626,2.1483,2.0089,1.4995,0.7981,0.3141,0.2641,0.4689,0.7243,2.4149,2.4129,2.4105,2.4076,2.4042,2.4004,2.3962,2.392,2.3882,2.3854,2.3844,2.3859,2.3901,2.3959,2.3997,2.3982,2.3933,2.3926,2.4033,2.4353,2.5272,2.7207,2.7804,2.5421,2.3114,2.1439,2.0617,2.2368,2.565,2.4283,1.9618,1.4436,1.057,0.894,0.9092,1.0098,2.4063,2.4043,2.4019,2.3992,2.396,2.3925,2.3888,2.3851,2.3817,2.379,2.3774,2.377,2.3779,2.379,2.3791,2.3776,2.3759,2.3781,2.3904,2.424,2.4997,2.6133,2.6344,2.4899,2.3254,2.2201,2.2134,2.381,2.6235,2.5055,2.1379,1.7597,1.4662,1.2957,1.2376,1.2535]},{"header":{"la1":42.85,"la2":41.18,"lo1":11.55,"lo2":14.05,"nx":36,"ny":24,"dx":0.07143,"dy":0.07261,"parameterCategory":2,"parameterNumber":3,"parameterNumberName":"northward_wind","parameterUnit":"m.s-1"},"data":[1.6866,1.6848,1.684,1.6841,1.6852,1.6874,1.6911,1.6967,1.7044,1.713,1.7205,1.7237,1.7199,1.707,1.684,1.6512,1.61,1.563,1.5134,1.4649,1.4216,1.3877,1.3657,1.3553,1.3538,1.3575,1.3635,1.3697,1.3753,1.3797,1.3829,1.3851,1.3864,1.387,1.3873,1.3872,1.6778,1.6746,1.6726,1.6719,1.6722,1.6735,1.6766,1.683,1.6941,1.7092,1.7247,1.7354,1.7367,1.7254,1.6998,1.6604,1.6092,1.5497,1.4864,1.424,1.3681,1.326,1.3029,1.2982,1.3054,1.3179,1.3311,1.3429,1.3524,1.3596,1.3647,1.3682,1.3704,1.3717,1.3723,1.3727,1.6658,1.6603,1.6566,1.6546,1.6535,1.6523,1.652,1.6564,1.6708,1.6959,1.7251,1.7486,1.7588,1.7508,1.7228,1.675,1.6104,1.5345,1.4537,1.3726,1.2973,1.2413,1.2185,1.2259,1.2485,1.274,1.2967,1.3151,1.329,1.3391,1.3461,1.3507,1.3537,1.3554,1.3565,1.3571,1.6496,1.6403,1.6338,1.6306,1.6282,1.6225,1.6126,1.6069,1.6221,1.6642,1.7185,1.7641,1.7886,1.7869,1.7568,1.6983,1.6154,1.5179,1.4168,1.3141,1.2085,1.1259,1.1066,1.1393,1.1863,1.2288,1.2625,1.2878,1.3059,1.3186,1.3272,1.3327,1.3361,1.3382,1.3395,1.3403,1.628,1.6118,1.6005,1.5966,1.5957,1.5852,1.5545,1.5162,1.5213,1.5986,1.7024,1.7847,1.8308,1.839,1.8082,1.7364,1.6276,1.4991,1.3785,1.2629,1.1171,0.9867,0.9809,1.0541,1.1285,1.1874,1.2311,1.2624,1.284,1.2985,1.308,1.314,1.3176,1.3197,1.321,1.322,1.6005,1.5708,1.5484,1.5441,1.5541,1.5482,1.4856,1.363,1.3233,1.4866,1.6859,1.8198,1.8921,1.9146,1.8868,1.8015,1.6566,1.4781,1.341,1.2473,1.0676,0.9197,0.9243,1.0023,1.0855,1.1541,1.2047,1.2399,1.2635,1.2789,1.2886,1.2944,1.2977,1.2996,1.3008,1.3019,1.569,1.5137,1.4612,1.4496,1.493,1.5255,1.4557,1.2243,1.0962,1.4074,1.7124,1.8853,1.9799,2.0223,2.0084,1.9167,1.7312,1.4804,1.3185,1.2718,0.9823,0.868,0.8936,0.9619,1.0518,1.1287,1.1839,1.2207,1.2444,1.2592,1.2682,1.2733,1.276,1.2773,1.2782,1.2793,1.5438,1.449,1.3223,1.2645,1.3896,1.5232,1.527,1.3862,1.3189,1.5779,1.8319,1.9894,2.0951,2.1692,2.1959,2.1194,1.8987,1.5787,1.3065,1.0311,0.408,0.3281,0.6431,0.8729,1.0182,1.1107,1.1682,1.2037,1.2254,1.2386,1.2461,1.2499,1.2515,1.2521,1.2525,1.2535,1.5463,1.4265,1.2008,1.0119,1.2996,1.5542,1.6432,1.6756,1.7458,1.8795,2.0023,2.1116,2.2241,2.3513,2.4879,2.4752,2.1814,1.7749,1.3194,0.5637,-0.7416,-0.5221,0.3676,0.8061,1.0054,1.1039,1.1564,1.1864,1.2045,1.2152,1.2208,1.223,1.2232,1.2227,1.2227,1.2237,1.5909,1.5141,1.3798,1.2939,1.5318,1.656,1.7248,1.84,2.0388,2.159,2.1579,2.2206,2.3416,2.5213,2.8987,3.0909,2.5009,1.9898,1.5024,0.7642,-0.2199,-0.1442,0.504,0.8718,1.0351,1.1067,1.142,1.1636,1.1783,1.1872,1.191,1.1913,1.1897,1.1879,1.1873,1.1886,1.6571,1.6555,1.725,1.9678,1.9432,1.755,1.712,1.8292,2.2772,2.4996,2.2591,2.3005,2.4405,2.599,2.9036,3.1303,2.5369,2.1123,1.7648,1.3329,0.8836,0.7574,0.8973,1.0251,1.0796,1.0958,1.1088,1.1266,1.1429,1.1526,1.1553,1.1532,1.1491,1.1455,1.1443,1.1465,1.7097,1.7386,1.8293,1.9869,1.9478,1.728,1.5546,1.4819,1.8987,2.2562,2.2305,2.3582,2.5425,2.7421,2.7031,2.5935,2.3729,2.1288,1.9491,1.7041,1.4327,1.2585,1.1863,1.1366,1.0702,1.0231,1.0315,1.0675,1.0971,1.1112,1.1125,1.1066,1.0985,1.0925,1.0911,1.095,1.7387,1.7613,1.8022,1.8368,1.7894,1.6396,1.4035,1.1261,1.3803,1.8909,2.1908,2.4362,2.5788,2.8125,2.72,2.5061,2.3343,2.0761,2.0203,1.8612,1.6479,1.4696,1.3205,1.1533,0.9477,0.8325,0.8961,0.9922,1.0467,1.0649,1.0615,1.0481,1.0336,1.0242,1.0232,1.031,1.753,1.7642,1.7754,1.7711,1.7274,1.6277,1.4659,1.2935,1.4437,1.865,2.1807,2.5435,2.6499,2.505,2.5182,2.5874,2.4402,2.1639,2.0335,1.881,1.6978,1.5372,1.3713,1.1357,0.7924,0.6113,0.7796,0.9379,1.0041,1.0155,0.999,0.9716,0.9463,0.9327,0.9345,0.9501,1.7618,1.767,1.7685,1.7593,1.7315,1.6816,1.6204,1.6011,1.7225,1.9317,2.0882,2.2291,2.3078,2.2181,2.4148,2.6048,2.3621,2.2136,2.0131,1.8174,1.6379,1.5246,1.3988,1.1862,0.8915,0.7321,0.8336,0.9382,0.973,0.9596,0.9175,0.8651,0.8227,0.8051,0.8155,0.8472,1.7693,1.773,1.7739,1.7697,1.7591,1.7454,1.7414,1.7727,1.8566,1.9484,1.9518,2.0022,2.0742,2.164,2.2391,2.3025,2.2705,2.1177,1.9196,1.6998,1.471,1.4566,1.4117,1.2602,1.077,0.96,0.9407,0.9484,0.9357,0.8873,0.8042,0.7084,0.6379,0.6206,0.6542,0.7177,1.7761,1.7804,1.7836,1.7855,1.7871,1.7922,1.8085,1.8443,1.8976,1.9425,1.9437,1.968,1.8885,1.843,2.0027,2.0453,2.0265,1.92,1.7937,1.6463,1.4404,1.4409,1.4079,1.2779,1.1209,0.9937,0.9272,0.9052,0.8759,0.7941,0.6458,0.4685,0.3504,0.3499,0.4399,0.5625,1.7816,1.7871,1.7927,1.7989,1.8069,1.8192,1.8392,1.8682,1.9021,1.9294,1.9395,1.9204,1.8153,1.7667,1.7301,1.6831,1.767,1.7514,1.7111,1.6528,1.5472,1.4752,1.3853,1.2355,1.0341,0.8304,0.7516,0.7963,0.8059,0.6961,0.4409,0.1058,-0.0924,-0.0264,0.1818,0.3982,1.7855,1.7919,1.799,1.8072,1.8175,1.8311,1.8488,1.87,1.891,1.9054,1.9051,1.879,1.8149,1.6821,1.2622,1.0786,1.538,1.6715,1.668,1.5945,1.5403,1.4567,1.3395,1.1667,0.8912,0.506,0.4155,0.6765,0.7723,0.6371,0.2427,-0.3404,-0.6453,-0.4305,-0.0506,0.2686,1.7874,1.7942,1.8017,1.8104,1.8206,1.8328,1.8466,1.8609,1.8726,1.8773,1.8687,1.838,1.769,1.6142,1.2967,1.1949,1.4862,1.5961,1.5425,1.5072,1.4935,1.3961,1.274,1.1216,0.872,0.4602,0.3657,0.7508,0.8364,0.6733,0.2118,-0.514,-0.8777,-0.5756,-0.1217,0.232,1.7872,1.7939,1.8012,1.8093,1.8183,1.828,1.8379,1.8466,1.8517,1.8498,1.8364,1.8049,1.7455,1.6462,1.5249,1.4858,1.5432,1.5684,1.5361,1.4994,1.4151,1.2671,1.1575,1.0936,1.0017,0.9504,1.1281,1.1057,0.9892,0.8124,0.4387,-0.1184,-0.4357,-0.2858,0.0297,0.3093,1.7852,1.7914,1.7979,1.8049,1.8121,1.8193,1.8257,1.8301,1.8306,1.8248,1.8096,1.7814,1.7371,1.678,1.6191,1.5858,1.5755,1.556,1.5112,1.431,1.2632,1.0072,0.9152,1.0188,1.0831,1.1808,1.3765,1.2644,1.1104,0.9896,0.7454,0.4035,0.1658,0.1586,0.2935,0.4587,1.7816,1.787,1.7926,1.7982,1.8036,1.8084,1.8119,1.8131,1.8105,1.8025,1.7873,1.7631,1.7297,1.6894,1.6489,1.6143,1.5824,1.5409,1.4752,1.3599,1.1411,0.8127,0.7252,0.9494,1.0944,1.1754,1.2316,1.1978,1.1802,1.131,0.9597,0.7391,0.5684,0.5078,0.541,0.6204,1.7767,1.7813,1.7857,1.7899,1.7936,1.7964,1.7975,1.7964,1.7918,1.7826,1.7679,1.7469,1.7197,1.6877,1.6534,1.6178,1.5779,1.5267,1.4527,1.3377,1.16,0.9529,0.8942,1.0096,1.1112,1.1606,1.1783,1.1759,1.1882,1.1578,1.0464,0.9079,0.7933,0.733,0.728,0.7607]}]