docs/data/wind_grid.json
[{"header":{"la1":42.85,"la2":41.18,"lo1":11.55,"lo2":14.05,"nx":36,"ny":24,"dx":0.07143,"dy":0.07261,"parameterCategory":2,"parameterNumber":2,"parameterNumberName":"eastward_wind","parameterUnit":"m.s-1"},"data":[-0.331,-0.3349,-0.3375,-0.3384,-0.3377,-0.3351,-0.3302,-0.3224,-0.311,-0.2962,-0.2791,-0.261,-0.2436,-0.2282,-0.2157,-0.2068,-0.2022,-0.2026,-0.2084,-0.2191,-0.2326,-0.2457,-0.2554,-0.2605,-0.2615,-0.2595,-0.2557,-0.251,-0.2457,-0.2402,-0.2347,-0.2292,-0.2237,-0.2185,-0.2134,-0.2086,-0.3457,-0.3514,-0.3553,-0.3575,-0.3579,-0.3565,-0.3527,-0.3451,-0.332,-0.3133,-0.2904,-0.2662,-0.2432,-0.223,-0.2066,-0.1947,-0.1882,-0.1884,-0.1971,-0.2145,-0.2372,-0.2585,-0.2724,-0.2776,-0.2763,-0.2715,-0.2652,-0.2583,-0.2514,-0.2445,-0.2378,-0.2313,-0.225,-0.219,-0.2133,-0.2079,-0.363,-0.3712,-0.3771,-0.3806,-0.3823,-0.3832,-0.3825,-0.3772,-0.363,-0.3384,-0.3065,-0.273,-0.2419,-0.2153,-0.1939,-0.1777,-0.1674,-0.1654,-0.1768,-0.2051,-0.2454,-0.2822,-0.3015,-0.3033,-0.2959,-0.2859,-0.2758,-0.2663,-0.2573,-0.2489,-0.2408,-0.2332,-0.226,-0.2191,-0.2127,-0.2068,-0.3836,-0.3956,-0.4042,-0.409,-0.4116,-0.4156,-0.422,-0.4248,-0.4117,-0.377,-0.3293,-0.281,-0.2388,-0.2043,-0.1768,-0.1549,-0.1373,-0.1271,-0.1366,-0.1822,-0.2594,-0.3288,-0.3519,-0.3399,-0.3198,-0.3018,-0.2869,-0.2743,-0.2632,-0.253,-0.2436,-0.2348,-0.2265,-0.2188,-0.2116,-0.2051,-0.4086,-0.4271,-0.4403,-0.4456,-0.4464,-0.4526,-0.4728,-0.4984,-0.494,-0.4384,-0.3599,-0.2885,-0.2319,-0.1881,-0.1541,-0.1259,-0.0967,-0.0634,-0.0501,-0.1172,-0.2739,-0.4133,-0.4267,-0.3809,-0.3428,-0.3165,-0.2972,-0.2818,-0.2686,-0.2568,-0.2459,-0.2359,-0.2265,-0.2178,-0.2098,-0.2026,-0.4383,-0.4692,-0.4925,-0.4982,-0.4889,-0.4887,-0.5282,-0.6092,-0.6356,-0.5273,-0.391,-0.2894,-0.2173,-0.1635,-0.1232,-0.0913,-0.0517,0.0268,0.1317,0.06,-0.2389,-0.4668,-0.4657,-0.4013,-0.3572,-0.3276,-0.3058,-0.2883,-0.2734,-0.26,-0.2477,-0.2363,-0.2257,-0.2159,-0.2071,-0.1992,-0.4709,-0.5248,-0.5747,-0.587,-0.5489,-0.5152,-0.5551,-0.7037,-0.7856,-0.5897,-0.3949,-0.2744,-0.1911,-0.1253,-0.076,-0.0469,-0.018,0.0831,0.3314,0.2811,-0.1802,-0.3974,-0.4268,-0.3987,-0.3642,-0.3354,-0.3127,-0.2939,-0.2776,-0.2627,-0.2488,-0.2359,-0.2239,-0.213,-0.2032,-0.1946,-0.497,-0.5861,-0.7009,-0.7531,-0.6449,-0.5277,-0.5151,-0.6061,-0.6516,-0.4994,-0.3467,-0.2419,-0.1542,-0.0665,0.0102,0.0363,0.0121,0.0203,0.1111,-0.0229,-0.4399,-0.5459,-0.4763,-0.4162,-0.3735,-0.3425,-0.319,-0.2994,-0.2817,-0.2651,-0.2493,-0.2345,-0.2208,-0.2086,-0.1977,-0.1884,-0.4978,-0.6094,-0.8098,-0.9738,-0.7264,-0.5086,-0.4414,-0.4357,-0.4162,-0.3534,-0.2822,-0.209,-0.1188,0.0145,0.1906,0.2475,0.1009,-0.047,-0.1625,-0.4293,-0.911,-0.8449,-0.5713,-0.4424,-0.3829,-0.3495,-0.3262,-0.306,-0.2866,-0.2674,-0.249,-0.2318,-0.2161,-0.2022,-0.1903,-0.1802,-0.4603,-0.5361,-0.6594,-0.7363,-0.5333,-0.4196,-0.3736,-0.3411,-0.2986,-0.2667,-0.2435,-0.1958,-0.1122,0.0703,0.5299,0.7759,0.2512,-0.074,-0.2562,-0.4733,-0.766,-0.7431,-0.5479,-0.4364,-0.385,-0.3581,-0.3376,-0.3164,-0.2935,-0.2702,-0.2479,-0.2273,-0.209,-0.1933,-0.1801,-0.1695,-0.4019,-0.415,-0.3719,-0.1908,-0.2039,-0.3172,-0.3333,-0.3118,-0.2464,-0.2154,-0.2318,-0.206,-0.1563,-0.0372,0.4209,0.7712,0.1569,-0.1806,-0.3305,-0.4157,-0.4974,-0.5077,-0.4527,-0.4073,-0.3878,-0.378,-0.3613,-0.3348,-0.304,-0.2733,-0.2451,-0.22,-0.1985,-0.1807,-0.1664,-0.1555,-0.3517,-0.3384,-0.278,-0.1681,-0.1866,-0.2914,-0.3369,-0.3503,-0.2919,-0.2421,-0.2403,-0.2304,-0.2215,-0.2321,-0.1358,-0.023,-0.1796,-0.4505,-0.5369,-0.4539,-0.4108,-0.3957,-0.3852,-0.3906,-0.4159,-0.4322,-0.4111,-0.3658,-0.3179,-0.2753,-0.2389,-0.2083,-0.183,-0.1629,-0.1478,-0.1371,-0.3187,-0.3068,-0.279,-0.2502,-0.2614,-0.3054,-0.3543,-0.404,-0.3614,-0.281,-0.253,-0.2696,-0.2674,-0.2773,-0.2523,-0.23,-0.3596,-0.8698,-0.8928,-0.5194,-0.3807,-0.3402,-0.3464,-0.3983,-0.4962,-0.5548,-0.4978,-0.4057,-0.3301,-0.2724,-0.2265,-0.1894,-0.1599,-0.1377,-0.1225,-0.1131,-0.2967,-0.2904,-0.2805,-0.2741,-0.2812,-0.3027,-0.3359,-0.3704,-0.3414,-0.2657,-0.243,-0.3156,-0.3366,-0.2146,-0.2356,-0.2374,-0.3454,-0.6167,-0.6664,-0.4392,-0.3152,-0.2795,-0.3057,-0.4013,-0.5872,-0.6986,-0.573,-0.427,-0.3283,-0.2585,-0.2039,-0.1597,-0.1256,-0.1019,-0.0879,-0.0818,-0.2798,-0.2765,-0.2724,-0.2704,-0.2735,-0.2821,-0.2935,-0.2954,-0.2639,-0.2096,-0.1825,-0.2114,-0.2204,-0.2068,-0.232,-0.2559,-0.6731,-0.4554,-0.376,-0.2764,-0.1948,-0.1863,-0.2411,-0.3487,-0.5152,-0.6112,-0.5183,-0.3955,-0.3031,-0.2299,-0.1673,-0.1144,-0.0746,-0.0504,-0.0407,-0.0413,-0.2649,-0.2624,-0.2595,-0.2572,-0.256,-0.2553,-0.2515,-0.2369,-0.2019,-0.1422,-0.056,-0.1718,-0.1641,-0.1569,-0.2016,-0.3523,-0.5571,-0.3471,-0.2094,-0.1287,-0.0465,-0.0726,-0.1677,-0.2671,-0.367,-0.4215,-0.3982,-0.3357,-0.2638,-0.1889,-0.1138,-0.0461,0.0021,0.024,0.0234,0.0098,-0.2512,-0.2485,-0.2451,-0.2412,-0.2366,-0.2301,-0.2191,-0.1993,-0.1666,-0.1172,-0.0578,-0.0933,0.0024,0.064,-0.0713,-0.1468,-0.18,-0.0802,0.0232,-0.0082,-0.0148,-0.0425,-0.1282,-0.2149,-0.2934,-0.3446,-0.3487,-0.3056,-0.2325,-0.1421,-0.0405,0.0567,0.1194,0.1314,0.1074,0.0708,-0.2387,-0.2353,-0.231,-0.2256,-0.2186,-0.2091,-0.1955,-0.1758,-0.1491,-0.1171,-0.0873,-0.0508,0.0648,0.1133,0.1251,0.1479,0.0771,0.2062,0.4152,0.146,0.0066,-0.0512,-0.1158,-0.1984,-0.3002,-0.4017,-0.4223,-0.3374,-0.221,-0.0951,0.0534,0.2078,0.2947,0.2771,0.2071,0.135,-0.2271,-0.2231,-0.218,-0.2114,-0.2031,-0.1923,-0.1781,-0.1598,-0.1371,-0.1108,-0.08,-0.036,0.0341,0.1496,0.5019,0.6576,0.2617,0.2303,0.3108,0.1443,0.0435,-0.0307,-0.0996,-0.1926,-0.3493,-0.5923,-0.6444,-0.4056,-0.2115,-0.0517,0.1485,0.3877,0.5058,0.4295,0.296,0.1865,-0.2168,-0.2121,-0.2063,-0.1991,-0.1902,-0.179,-0.165,-0.1478,-0.1271,-0.1023,-0.0711,-0.0273,0.0424,0.1793,0.4572,0.5441,0.2699,0.1557,0.1153,0.0977,0.0541,-0.0069,-0.0682,-0.1582,-0.3197,-0.6093,-0.6748,-0.3327,-0.1553,-0.0178,0.1838,0.4591,0.5918,0.4847,0.3261,0.2049,-0.2075,-0.2024,-0.1962,-0.1887,-0.1795,-0.1683,-0.1548,-0.1386,-0.1193,-0.0958,-0.0661,-0.026,0.0327,0.1212,0.2254,0.2491,0.1729,0.1119,0.0899,0.0786,0.0506,0.0267,-0.006,-0.0787,-0.1715,-0.2001,-0.0352,-0.0366,-0.0556,0.002,0.1337,0.3279,0.4385,0.387,0.2788,0.184,-0.1993,-0.194,-0.1875,-0.1799,-0.1707,-0.1599,-0.147,-0.1318,-0.1139,-0.0924,-0.0659,-0.0325,0.01,0.0604,0.1046,0.1174,0.0979,0.0743,0.0614,0.0551,0.0616,0.1021,0.1089,0.0204,-0.0501,0.006,0.1769,0.0898,0.001,0.0069,0.066,0.167,0.2413,0.2416,0.1952,0.1394,-0.1921,-0.1867,-0.1802,-0.1726,-0.1637,-0.1533,-0.1412,-0.1271,-0.1108,-0.0917,-0.0693,-0.0429,-0.013,0.0175,0.0417,0.0522,0.0495,0.0424,0.0386,0.0446,0.0786,0.1637,0.1911,0.0804,0.0009,0.0094,0.0523,0.0268,0.001,0.002,0.0254,0.0745,0.1188,0.1331,0.1193,0.0915,-0.1859,-0.1804,-0.174,-0.1666,-0.158,-0.1482,-0.137,-0.1241,-0.1096,-0.093,-0.0744,-0.0538,-0.0322,-0.0117,0.0045,0.0139,0.017,0.0175,0.0203,0.032,0.0636,0.1144,0.1246,0.0637,0.0092,-0.0043,0.0015,0.0001,-0.0006,-0.0006,0.0084,0.0311,0.0548,0.067,0.0644,0.0512]},{"header":{"la1":42.85,"la2":41.18,"lo1":11.55,"lo2":14.05,"nx":36,"ny":24,"dx":0.07143,"dy":0.07261,"parameterCategory":2,"parameterNumber":3,"parameterNumberName":"northward_wind","parameterUnit":"m.s-1"},"data":[-0.6795,-0.6789,-0.677,-0.6737,-0.6689,-0.6625,-0.6544,-0.6445,-0.6326,-0.618,-0.6001,-0.5783,-0.5522,-0.5217,-0.4872,-0.4498,-0.4114,-0.3745,-0.3422,-0.3165,-0.2987,-0.2886,-0.2855,-0.2882,-0.2948,-0.3033,-0.3122,-0.3205,-0.3277,-0.3336,-0.3383,-0.3418,-0.3443,-0.346,-0.3472,-0.3479,-0.6903,-0.6904,-0.6891,-0.6861,-0.6812,-0.6746,-0.6663,-0.6565,-0.6447,-0.6303,-0.612,-0.5889,-0.56,-0.5251,-0.4841,-0.4382,-0.3899,-0.3432,-0.3033,-0.2735,-0.2549,-0.2465,-0.2473,-0.2554,-0.268,-0.2821,-0.2955,-0.3072,-0.3169,-0.3245,-0.3302,-0.3344,-0.3373,-0.3392,-0.3404,-0.3412,-0.7017,-0.7028,-0.7022,-0.6994,-0.6942,-0.6869,-0.6779,-0.6678,-0.6567,-0.6434,-0.6258,-0.602,-0.5708,-0.5311,-0.4826,-0.4255,-0.3627,-0.3012,-0.2504,-0.2173,-0.2007,-0.1962,-0.2024,-0.2183,-0.2392,-0.2605,-0.2793,-0.2949,-0.307,-0.3162,-0.3228,-0.3274,-0.3305,-0.3324,-0.3336,-0.3342,-0.7139,-0.7164,-0.7167,-0.714,-0.708,-0.6988,-0.6876,-0.6762,-0.666,-0.6557,-0.6409,-0.6181,-0.5854,-0.5415,-0.4846,-0.4131,-0.3287,-0.2419,-0.1737,-0.1418,-0.1377,-0.1415,-0.1536,-0.1793,-0.211,-0.2406,-0.2652,-0.2845,-0.2988,-0.3092,-0.3164,-0.3211,-0.324,-0.3257,-0.3266,-0.327,-0.7267,-0.7314,-0.7334,-0.731,-0.7234,-0.7104,-0.6934,-0.6763,-0.6667,-0.6639,-0.6566,-0.6374,-0.605,-0.5584,-0.4941,-0.406,-0.2896,-0.1547,-0.0477,-0.0294,-0.0738,-0.1001,-0.1121,-0.1459,-0.1879,-0.2254,-0.255,-0.2772,-0.2931,-0.304,-0.3111,-0.3154,-0.3178,-0.319,-0.3193,-0.3193,-0.7399,-0.7482,-0.7537,-0.7525,-0.7424,-0.7235,-0.6947,-0.6596,-0.6456,-0.663,-0.6729,-0.6606,-0.6305,-0.5843,-0.5169,-0.4152,-0.2598,-0.0381,0.1799,0.1727,-0.0021,-0.091,-0.0976,-0.1288,-0.1754,-0.2176,-0.2504,-0.2741,-0.2903,-0.3008,-0.3071,-0.3104,-0.3118,-0.312,-0.3115,-0.3109,-0.7523,-0.7668,-0.78,-0.7826,-0.7684,-0.7427,-0.7025,-0.637,-0.6062,-0.6626,-0.696,-0.6898,-0.6625,-0.6212,-0.5596,-0.4577,-0.2802,0.0227,0.4164,0.3935,0.0928,-0.0372,-0.0817,-0.1229,-0.1735,-0.2184,-0.2524,-0.276,-0.2911,-0.2999,-0.3044,-0.3059,-0.3056,-0.3044,-0.3029,-0.3015,-0.7613,-0.7841,-0.8145,-0.829,-0.8022,-0.769,-0.7378,-0.6875,-0.6638,-0.7146,-0.7401,-0.7273,-0.6998,-0.6683,-0.6264,-0.5452,-0.384,-0.1179,0.1806,0.214,0.1526,0.0932,-0.0234,-0.1133,-0.1796,-0.2284,-0.262,-0.2834,-0.2955,-0.3012,-0.3026,-0.3013,-0.2988,-0.2958,-0.2929,-0.2906,-0.7617,-0.7882,-0.8413,-0.8874,-0.8237,-0.7861,-0.788,-0.7947,-0.8104,-0.8271,-0.8092,-0.7704,-0.7365,-0.7202,-0.7216,-0.6836,-0.5374,-0.3267,-0.1163,0.0716,0.3432,0.281,0.0294,-0.1167,-0.1991,-0.2497,-0.2804,-0.297,-0.3038,-0.3043,-0.3011,-0.2961,-0.2905,-0.2853,-0.2809,-0.2777,-0.7511,-0.7628,-0.7882,-0.8063,-0.7525,-0.7743,-0.8301,-0.8926,-0.972,-0.9915,-0.8973,-0.8091,-0.7614,-0.7589,-0.8448,-0.8955,-0.6749,-0.4656,-0.2812,-0.0641,0.1944,0.1663,-0.0312,-0.1632,-0.2405,-0.286,-0.3096,-0.3176,-0.3157,-0.3086,-0.2991,-0.2891,-0.2799,-0.272,-0.266,-0.2619,-0.7368,-0.7239,-0.677,-0.5562,-0.5821,-0.75,-0.8669,-0.9601,-1.1367,-1.2277,-0.9709,-0.826,-0.7641,-0.7517,-0.8336,-0.9062,-0.6868,-0.5141,-0.3838,-0.2522,-0.1292,-0.1055,-0.1695,-0.2444,-0.3042,-0.3413,-0.3532,-0.3464,-0.3308,-0.3126,-0.2948,-0.2787,-0.2652,-0.2545,-0.247,-0.2424,-0.7303,-0.7097,-0.6551,-0.5616,-0.5977,-0.7802,-0.9121,-0.9797,-1.0559,-1.106,-0.9343,-0.8114,-0.7496,-0.7132,-0.7185,-0.7042,-0.607,-0.4758,-0.4026,-0.3513,-0.2904,-0.2611,-0.2779,-0.3273,-0.3884,-0.4259,-0.4181,-0.3843,-0.347,-0.3138,-0.2857,-0.2626,-0.2444,-0.231,-0.2223,-0.218,-0.7347,-0.7235,-0.7019,-0.6868,-0.7333,-0.8427,-0.9465,-1.0032,-0.9898,-0.957,-0.874,-0.7741,-0.7386,-0.7054,-0.7017,-0.6534,-0.5606,-0.3638,-0.3406,-0.3727,-0.339,-0.3151,-0.3294,-0.393,-0.4991,-0.5607,-0.5093,-0.4255,-0.3579,-0.3072,-0.2682,-0.2376,-0.2146,-0.199,-0.1901,-0.1872,-0.7444,-0.745,-0.7471,-0.7618,-0.8039,-0.8703,-0.9376,-0.981,-0.9731,-0.9382,-0.8807,-0.7292,-0.6871,-0.8643,-0.7198,-0.6172,-0.559,-0.4383,-0.3865,-0.3683,-0.3166,-0.2933,-0.3242,-0.4194,-0.5952,-0.6992,-0.5815,-0.4438,-0.3509,-0.2863,-0.2374,-0.1996,-0.1722,-0.1552,-0.1479,-0.1485,-0.7536,-0.7617,-0.774,-0.7953,-0.8292,-0.8725,-0.9147,-0.9436,-0.9576,-0.9789,-0.9986,-0.9558,-0.8891,-0.8886,-0.7327,-0.5962,-0.3977,-0.4651,-0.415,-0.3124,-0.1893,-0.1747,-0.2579,-0.3751,-0.5302,-0.6173,-0.5269,-0.4057,-0.3149,-0.2456,-0.1891,-0.1439,-0.1121,-0.0955,-0.0929,-0.1004,-0.7596,-0.7713,-0.7868,-0.808,-0.8356,-0.8676,-0.8999,-0.9315,-0.9739,-1.0618,-1.2227,-1.2393,-1.1288,-0.9685,-0.8025,-0.598,-0.4444,-0.4603,-0.3822,-0.1897,0.1303,0.0636,-0.1594,-0.2955,-0.3885,-0.4293,-0.3956,-0.3266,-0.2546,-0.1855,-0.1204,-0.0645,-0.0271,-0.0139,-0.0218,-0.0421,-0.7619,-0.7748,-0.7908,-0.8104,-0.8339,-0.8607,-0.8905,-0.9266,-0.9807,-1.0765,-1.208,-1.2138,-1.4121,-1.4876,-0.9612,-0.7064,-0.5599,-0.4433,-0.3296,-0.163,0.1822,0.0998,-0.1317,-0.2473,-0.3026,-0.32,-0.3014,-0.2531,-0.1872,-0.1117,-0.0302,0.046,0.0927,0.0958,0.0666,0.0249,-0.7609,-0.7738,-0.789,-0.8069,-0.8276,-0.8512,-0.8788,-0.9134,-0.9606,-1.0246,-1.0923,-1.1724,-1.4497,-1.4821,-0.9801,-0.754,-0.5782,-0.3573,-0.2214,-0.2254,-0.1269,-0.1147,-0.1835,-0.2373,-0.2716,-0.2973,-0.2849,-0.2142,-0.1247,-0.0308,0.0782,0.1923,0.2552,0.2337,0.1661,0.0936,-0.7572,-0.7695,-0.7834,-0.7994,-0.8175,-0.8381,-0.8621,-0.8909,-0.9263,-0.9676,-1.0115,-1.0631,-1.1175,-1.0425,-0.842,-0.7873,-0.6037,-0.3628,-0.2373,-0.2158,-0.2168,-0.2146,-0.2224,-0.233,-0.2657,-0.3703,-0.3891,-0.2029,-0.0549,0.0544,0.1854,0.3483,0.4315,0.3679,0.2522,0.1493,-0.7514,-0.7626,-0.775,-0.7889,-0.8044,-0.8217,-0.8411,-0.863,-0.8873,-0.9125,-0.9355,-0.9511,-0.9424,-0.881,-0.8014,-0.7575,-0.5982,-0.3908,-0.1856,-0.1186,-0.218,-0.2416,-0.232,-0.2106,-0.2145,-0.3524,-0.3869,-0.0688,0.0713,0.149,0.2528,0.4117,0.4972,0.417,0.2866,0.1753,-0.7438,-0.7538,-0.7646,-0.7764,-0.7891,-0.8028,-0.8175,-0.8328,-0.8479,-0.8611,-0.8691,-0.8665,-0.8455,-0.8018,-0.7463,-0.6772,-0.5606,-0.4095,-0.2616,-0.2103,-0.2475,-0.2572,-0.2355,-0.1794,-0.0867,0.0619,0.3528,0.335,0.2705,0.2717,0.2918,0.3558,0.402,0.3547,0.2603,0.1682,-0.735,-0.7436,-0.7527,-0.7623,-0.7723,-0.7826,-0.7929,-0.8025,-0.8106,-0.8152,-0.8139,-0.8033,-0.7797,-0.7421,-0.6916,-0.6252,-0.5372,-0.4363,-0.3477,-0.2997,-0.2847,-0.2784,-0.2637,-0.1811,-0.0062,0.3004,0.6565,0.5401,0.4847,0.4578,0.3718,0.3228,0.306,0.2704,0.2096,0.1419,-0.7252,-0.7324,-0.7398,-0.7473,-0.7548,-0.762,-0.7684,-0.7735,-0.7762,-0.7752,-0.7684,-0.7538,-0.7297,-0.6949,-0.6493,-0.5919,-0.5235,-0.4504,-0.3844,-0.3342,-0.3004,-0.292,-0.2946,-0.2029,-0.0149,0.2312,0.4363,0.5615,0.7891,0.7027,0.4814,0.3396,0.2664,0.2158,0.1646,0.1112,-0.7149,-0.7206,-0.7264,-0.7319,-0.7371,-0.7416,-0.7449,-0.7464,-0.7453,-0.7404,-0.7304,-0.714,-0.69,-0.6578,-0.617,-0.5681,-0.5124,-0.4539,-0.3977,-0.3476,-0.307,-0.2839,-0.2645,-0.1864,-0.0379,0.1468,0.337,0.5777,0.8272,0.7376,0.5067,0.3418,0.244,0.1804,0.1292,0.0821]}]