docs/data/wind_grid.json
[{"header":{"la1":42.85,"la2":41.18,"lo1":11.55,"lo2":14.05,"nx":36,"ny":24,"dx":0.07143,"dy":0.07261,"parameterCategory":2,"parameterNumber":2,"parameterNumberName":"eastward_wind","parameterUnit":"m.s-1"},"data":[-0.3785,-0.3829,-0.3869,-0.3906,-0.394,-0.3966,-0.398,-0.3974,-0.3944,-0.3901,-0.3864,-0.386,-0.3913,-0.4035,-0.4227,-0.4477,-0.4754,-0.5018,-0.5221,-0.5325,-0.5321,-0.5223,-0.5061,-0.4868,-0.4668,-0.4478,-0.4304,-0.4149,-0.4012,-0.3893,-0.3789,-0.3698,-0.3618,-0.3547,-0.3484,-0.3428,-0.391,-0.3965,-0.4015,-0.4065,-0.4115,-0.4164,-0.4198,-0.4198,-0.4148,-0.4057,-0.3961,-0.391,-0.3945,-0.4088,-0.4342,-0.4694,-0.5104,-0.5502,-0.5804,-0.5941,-0.5896,-0.5708,-0.5442,-0.5152,-0.4874,-0.4625,-0.4408,-0.4223,-0.4065,-0.3931,-0.3817,-0.3718,-0.3632,-0.3558,-0.3491,-0.3433,-0.4061,-0.4129,-0.4192,-0.4257,-0.4334,-0.4425,-0.4511,-0.4545,-0.4475,-0.4301,-0.4094,-0.3952,-0.3945,-0.4107,-0.4444,-0.4945,-0.5565,-0.6197,-0.6674,-0.685,-0.6704,-0.6343,-0.59,-0.5466,-0.5084,-0.4764,-0.45,-0.4284,-0.4106,-0.3959,-0.3836,-0.3731,-0.3641,-0.3563,-0.3495,-0.3434,-0.4248,-0.4332,-0.4406,-0.4485,-0.4595,-0.4759,-0.4965,-0.5112,-0.5041,-0.4709,-0.4284,-0.3973,-0.389,-0.4064,-0.4503,-0.5212,-0.6166,-0.722,-0.8034,-0.8253,-0.786,-0.7154,-0.6419,-0.5785,-0.5276,-0.4878,-0.4569,-0.4326,-0.4132,-0.3975,-0.3845,-0.3736,-0.3643,-0.3563,-0.3493,-0.3432,-0.4483,-0.4591,-0.4676,-0.4756,-0.4885,-0.5148,-0.5595,-0.6063,-0.6077,-0.541,-0.4535,-0.3935,-0.3738,-0.3921,-0.4471,-0.5432,-0.688,-0.8711,-1.0236,-1.0467,-0.9462,-0.8104,-0.6933,-0.6053,-0.5413,-0.4948,-0.4603,-0.4341,-0.4138,-0.3976,-0.3844,-0.3733,-0.3639,-0.3558,-0.3488,-0.3426,-0.479,-0.4941,-0.5038,-0.5092,-0.5183,-0.5502,-0.6309,-0.7543,-0.7922,-0.6474,-0.474,-0.3742,-0.3437,-0.3641,-0.4286,-0.5469,-0.7482,-1.0562,-1.3557,-1.3661,-1.1319,-0.8953,-0.7287,-0.6189,-0.5456,-0.4952,-0.4592,-0.4327,-0.4124,-0.3963,-0.3832,-0.3723,-0.3629,-0.3549,-0.3478,-0.3416,-0.5195,-0.5439,-0.5583,-0.5584,-0.551,-0.5657,-0.6597,-0.8774,-0.9871,-0.7144,-0.446,-0.323,-0.2939,-0.3215,-0.3925,-0.5164,-0.7411,-1.148,-1.6222,-1.6066,-1.2257,-0.9168,-0.7272,-0.6114,-0.5375,-0.488,-0.4535,-0.4283,-0.4091,-0.3938,-0.3812,-0.3706,-0.3614,-0.3534,-0.3464,-0.3402,-0.5721,-0.6166,-0.6479,-0.6472,-0.6078,-0.5627,-0.5821,-0.7185,-0.78,-0.5337,-0.3157,-0.23,-0.225,-0.2703,-0.35,-0.4589,-0.6372,-0.9613,-1.3445,-1.3623,-1.0836,-0.8395,-0.6819,-0.5823,-0.5177,-0.4744,-0.4442,-0.4219,-0.4047,-0.3906,-0.3787,-0.3685,-0.3595,-0.3517,-0.3447,-0.3385,-0.635,-0.7182,-0.7977,-0.8248,-0.7438,-0.5892,-0.4614,-0.3877,-0.297,-0.1708,-0.1091,-0.108,-0.1427,-0.2205,-0.336,-0.4302,-0.523,-0.693,-0.8781,-0.9277,-0.836,-0.7133,-0.6128,-0.5406,-0.4911,-0.4573,-0.4333,-0.415,-0.4001,-0.3874,-0.3762,-0.3663,-0.3574,-0.3496,-0.3426,-0.3365,-0.6955,-0.8362,-1.0181,-1.1603,-1.0454,-0.6964,-0.3942,-0.1487,0.1252,0.2422,0.1172,0.0167,-0.0464,-0.1583,-0.3992,-0.5219,-0.4828,-0.5736,-0.677,-0.7113,-0.677,-0.6122,-0.5484,-0.4987,-0.4643,-0.441,-0.424,-0.4097,-0.3969,-0.385,-0.3741,-0.3641,-0.3552,-0.3472,-0.3401,-0.334,-0.7276,-0.9164,-1.2161,-1.5746,-1.4706,-0.8219,-0.3841,-0.0754,0.4933,0.7557,0.2869,0.1135,0.0747,0.0066,-0.2928,-0.5032,-0.4666,-0.6243,-0.7299,-0.7046,-0.6291,-0.5561,-0.5003,-0.4639,-0.4433,-0.4311,-0.4204,-0.4086,-0.3961,-0.384,-0.3726,-0.3622,-0.3527,-0.3443,-0.3371,-0.3309,-0.707,-0.8874,-1.171,-1.5019,-1.3766,-0.746,-0.4018,-0.2886,0.1199,0.4456,0.2297,0.171,0.2039,0.2812,0.1364,-0.1768,-0.5031,-0.9842,-1.1084,-0.8522,-0.6411,-0.5224,-0.4619,-0.4376,-0.4345,-0.4351,-0.4275,-0.4136,-0.3986,-0.3847,-0.3719,-0.3602,-0.3498,-0.3408,-0.3332,-0.327,-0.6373,-0.7587,-0.9089,-1.007,-0.8641,-0.5557,-0.4161,-0.4842,-0.33,0.0016,0.1431,0.2471,0.2877,0.3622,0.2777,-0.0676,-0.6055,-1.7339,-1.7634,-0.9881,-0.6228,-0.4729,-0.4195,-0.4185,-0.4454,-0.4623,-0.4481,-0.424,-0.4035,-0.3864,-0.3714,-0.3578,-0.3458,-0.3358,-0.3279,-0.3218,-0.5468,-0.6083,-0.6592,-0.656,-0.5604,-0.4291,-0.3742,-0.4066,-0.3093,-0.0466,0.1419,0.3475,0.4014,0.2862,0.1673,-0.0723,-0.4288,-1.1518,-1.2804,-0.7785,-0.4892,-0.3783,-0.3612,-0.398,-0.4655,-0.4983,-0.4675,-0.4324,-0.4081,-0.3886,-0.3706,-0.354,-0.3396,-0.3283,-0.3202,-0.3147,-0.4606,-0.484,-0.4909,-0.4656,-0.4049,-0.3347,-0.2867,-0.2465,-0.1402,0.0273,0.1528,0.2173,0.2253,0.2022,0.1096,-0.1023,-0.2078,-0.4072,-0.53,-0.407,-0.2679,-0.2364,-0.2811,-0.3556,-0.4377,-0.4751,-0.457,-0.4333,-0.4129,-0.3916,-0.3689,-0.3471,-0.329,-0.3163,-0.3088,-0.305,-0.389,-0.3923,-0.3823,-0.354,-0.3089,-0.2562,-0.2019,-0.1348,-0.0321,0.1065,0.2451,0.1977,0.1625,0.1231,0.0513,-0.0838,-0.171,-0.1997,-0.2136,-0.1603,-0.056,-0.0862,-0.1991,-0.3025,-0.386,-0.4331,-0.4475,-0.4435,-0.4257,-0.3977,-0.3649,-0.3336,-0.3098,-0.2965,-0.2917,-0.2917,-0.3328,-0.3261,-0.3097,-0.2819,-0.2435,-0.1973,-0.1436,-0.0772,0.0085,0.1148,0.2193,0.1694,0.0377,-0.0232,0.0114,-0.0286,-0.0639,-0.046,-0.017,-0.0376,-0.0193,-0.0513,-0.1618,-0.2782,-0.3837,-0.4622,-0.4985,-0.4912,-0.4564,-0.4086,-0.3556,-0.3067,-0.2746,-0.2639,-0.267,-0.2748,-0.2895,-0.278,-0.2594,-0.2329,-0.1989,-0.158,-0.1104,-0.0552,0.0071,0.0689,0.1057,0.081,-0.0091,-0.0351,0.0162,0.0225,0.021,0.0946,0.1745,0.0821,0.0014,-0.0631,-0.1586,-0.2904,-0.4483,-0.5959,-0.6459,-0.5897,-0.5063,-0.4226,-0.3362,-0.257,-0.2141,-0.2152,-0.2358,-0.2563,-0.2565,-0.2429,-0.2239,-0.1993,-0.1692,-0.1341,-0.0945,-0.0515,-0.0081,0.0287,0.0479,0.0414,0.0196,0.0196,0.0647,0.0832,0.0649,0.1304,0.1973,0.2212,0.106,-0.0199,-0.1446,-0.3102,-0.5455,-0.821,-0.8811,-0.7065,-0.5571,-0.4365,-0.3112,-0.1885,-0.1345,-0.1612,-0.207,-0.2415,-0.2313,-0.2171,-0.1989,-0.1765,-0.1503,-0.1206,-0.0885,-0.0554,-0.0242,0.0011,0.016,0.0197,0.0194,0.0299,0.0618,0.0752,0.0779,0.1565,0.362,0.4539,0.205,0.0376,-0.0997,-0.2869,-0.556,-0.8659,-0.9293,-0.7297,-0.5807,-0.4525,-0.3107,-0.1615,-0.1005,-0.1421,-0.1989,-0.238,-0.2122,-0.1983,-0.1813,-0.1613,-0.1386,-0.1138,-0.0877,-0.0619,-0.0381,-0.0187,-0.0052,0.0029,0.0095,0.0203,0.0364,0.0503,0.0742,0.1438,0.2682,0.3051,0.19,0.1065,0.0152,-0.1824,-0.4536,-0.678,-0.7546,-0.7018,-0.5822,-0.4715,-0.3542,-0.2302,-0.1682,-0.1838,-0.2201,-0.2485,-0.1979,-0.1847,-0.1691,-0.1514,-0.1319,-0.111,-0.0897,-0.0689,-0.05,-0.034,-0.0215,-0.012,-0.0035,0.0063,0.0182,0.0328,0.0568,0.0991,0.1499,0.1723,0.1853,0.2701,0.2739,0.0073,-0.3324,-0.6095,-0.7803,-0.6993,-0.5557,-0.4828,-0.4066,-0.3202,-0.2628,-0.2483,-0.2559,-0.2674,-0.1873,-0.1749,-0.1608,-0.1452,-0.1284,-0.1108,-0.0931,-0.076,-0.0603,-0.0467,-0.0353,-0.0258,-0.0171,-0.0081,0.0023,0.0154,0.034,0.0599,0.09,0.1262,0.2119,0.4099,0.4729,0.1492,-0.2196,-0.4817,-0.6068,-0.5665,-0.5036,-0.4876,-0.438,-0.374,-0.324,-0.2973,-0.2877,-0.2862,-0.1795,-0.1681,-0.1554,-0.1417,-0.1272,-0.1122,-0.0973,-0.0829,-0.0697,-0.0579,-0.0477,-0.0387,-0.0305,-0.0223,-0.0133,-0.0024,0.0115,0.0296,0.0533,0.0916,0.1686,0.2861,0.298,0.0925,-0.1689,-0.3659,-0.4694,-0.493,-0.4954,-0.4837,-0.4421,-0.3927,-0.3516,-0.3241,-0.3083,-0.3]},{"header":{"la1":42.85,"la2":41.18,"lo1":11.55,"lo2":14.05,"nx":36,"ny":24,"dx":0.07143,"dy":0.07261,"parameterCategory":2,"parameterNumber":3,"parameterNumberName":"northward_wind","parameterUnit":"m.s-1"},"data":[-0.4933,-0.4856,-0.4761,-0.465,-0.4528,-0.4408,-0.431,-0.4254,-0.4255,-0.4313,-0.4414,-0.4533,-0.4649,-0.4751,-0.4833,-0.4895,-0.4937,-0.4961,-0.4964,-0.4946,-0.4909,-0.4859,-0.4801,-0.4745,-0.4693,-0.4651,-0.462,-0.4598,-0.4587,-0.4584,-0.4588,-0.4598,-0.4613,-0.4631,-0.4651,-0.4673,-0.4968,-0.4877,-0.4757,-0.4606,-0.443,-0.4245,-0.4082,-0.3984,-0.3985,-0.4086,-0.4257,-0.4449,-0.4626,-0.4772,-0.4884,-0.4967,-0.5026,-0.5062,-0.5071,-0.5049,-0.4998,-0.4925,-0.4844,-0.4766,-0.4699,-0.4647,-0.4609,-0.4585,-0.4574,-0.4573,-0.4581,-0.4595,-0.4614,-0.4637,-0.4662,-0.4687,-0.5021,-0.4916,-0.4768,-0.4567,-0.4312,-0.4018,-0.3734,-0.3545,-0.3536,-0.372,-0.4022,-0.4338,-0.4606,-0.481,-0.4957,-0.5064,-0.5146,-0.5204,-0.5228,-0.5201,-0.5123,-0.5013,-0.4895,-0.4788,-0.4701,-0.4636,-0.4593,-0.4568,-0.4558,-0.4561,-0.4573,-0.4593,-0.4618,-0.4647,-0.4677,-0.4707,-0.5096,-0.4983,-0.481,-0.4554,-0.4193,-0.3722,-0.3202,-0.2803,-0.2754,-0.3113,-0.3677,-0.4209,-0.4608,-0.4879,-0.5061,-0.5192,-0.5303,-0.5404,-0.5464,-0.5433,-0.5306,-0.5128,-0.4951,-0.4804,-0.4693,-0.4617,-0.4569,-0.4545,-0.4539,-0.4548,-0.4567,-0.4594,-0.4626,-0.4661,-0.4698,-0.4734,-0.5198,-0.5088,-0.4904,-0.4603,-0.4122,-0.3395,-0.2429,-0.1522,-0.1328,-0.2103,-0.3218,-0.4104,-0.4667,-0.5002,-0.5207,-0.5351,-0.5496,-0.5675,-0.5826,-0.5795,-0.5562,-0.5262,-0.4999,-0.4803,-0.4668,-0.4584,-0.4537,-0.4517,-0.4519,-0.4535,-0.4563,-0.4599,-0.464,-0.4683,-0.4727,-0.477,-0.5329,-0.5239,-0.5071,-0.4764,-0.4204,-0.3201,-0.1541,0.0517,0.1189,-0.0618,-0.2793,-0.414,-0.4842,-0.5207,-0.5411,-0.5543,-0.5698,-0.5992,-0.6348,-0.6316,-0.5862,-0.5371,-0.5007,-0.4766,-0.4618,-0.4534,-0.4495,-0.4486,-0.4498,-0.4525,-0.4564,-0.4611,-0.4662,-0.4716,-0.4768,-0.4818,-0.548,-0.5428,-0.5312,-0.507,-0.4563,-0.3491,-0.1311,0.2239,0.3826,0.0331,-0.2951,-0.4507,-0.5182,-0.552,-0.5711,-0.5796,-0.5868,-0.6175,-0.6753,-0.6711,-0.5997,-0.5349,-0.4926,-0.4674,-0.4535,-0.4469,-0.4448,-0.4456,-0.4482,-0.4522,-0.4573,-0.4633,-0.4697,-0.4762,-0.4824,-0.4882,-0.5636,-0.5626,-0.5583,-0.5476,-0.5203,-0.45,-0.2878,-0.009,0.1075,-0.1843,-0.4292,-0.5273,-0.5661,-0.5945,-0.6201,-0.6252,-0.6074,-0.604,-0.6343,-0.6276,-0.567,-0.51,-0.4728,-0.4521,-0.4426,-0.4398,-0.4408,-0.4436,-0.4478,-0.4531,-0.4595,-0.4669,-0.4748,-0.4827,-0.4901,-0.4967,-0.5773,-0.5786,-0.5782,-0.5797,-0.5861,-0.5848,-0.5518,-0.4987,-0.5153,-0.6057,-0.6368,-0.6192,-0.6122,-0.644,-0.7105,-0.7303,-0.657,-0.5877,-0.5604,-0.5397,-0.5036,-0.4676,-0.4435,-0.4326,-0.4312,-0.4347,-0.4397,-0.4445,-0.4496,-0.4558,-0.4635,-0.4725,-0.4822,-0.4917,-0.5005,-0.508,-0.5881,-0.5872,-0.5789,-0.5716,-0.6037,-0.6871,-0.7747,-0.8671,-1.0033,-1.0346,-0.8476,-0.6879,-0.6326,-0.6773,-0.8632,-0.9617,-0.73,-0.5735,-0.5046,-0.4689,-0.4411,-0.4197,-0.4099,-0.4127,-0.4242,-0.4369,-0.4458,-0.4508,-0.455,-0.461,-0.4697,-0.4806,-0.4926,-0.5043,-0.5147,-0.523,-0.5974,-0.5927,-0.5666,-0.5155,-0.5457,-0.7461,-0.9465,-1.1,-1.359,-1.4961,-0.9919,-0.6933,-0.6122,-0.6507,-0.8266,-0.9601,-0.6814,-0.5188,-0.45,-0.4111,-0.3837,-0.3698,-0.3745,-0.3979,-0.4308,-0.457,-0.467,-0.4662,-0.4648,-0.4686,-0.4783,-0.4921,-0.5074,-0.5219,-0.5342,-0.5432,-0.6078,-0.6062,-0.5833,-0.535,-0.583,-0.8455,-1.1284,-1.2962,-1.3059,-1.2862,-0.884,-0.6075,-0.5648,-0.6774,-0.6517,-0.5984,-0.5034,-0.441,-0.4114,-0.3635,-0.324,-0.3118,-0.3353,-0.3943,-0.469,-0.5162,-0.5153,-0.4933,-0.4782,-0.4778,-0.4895,-0.508,-0.5285,-0.5469,-0.5612,-0.5704,-0.6189,-0.6281,-0.6335,-0.6494,-0.7414,-0.9606,-1.2526,-1.4981,-1.343,-1.002,-0.6765,-0.461,-0.42,-0.6871,-0.6109,-0.413,-0.3542,-0.4431,-0.4407,-0.3175,-0.243,-0.2281,-0.2806,-0.4019,-0.562,-0.6452,-0.5983,-0.5264,-0.4891,-0.4857,-0.5034,-0.5309,-0.5595,-0.5831,-0.5992,-0.6073,-0.6263,-0.6452,-0.6711,-0.7174,-0.8098,-0.9659,-1.171,-1.3501,-1.224,-0.8306,-0.5262,-0.3688,-0.2803,0.3445,-0.1681,-0.1603,-0.1022,-0.2821,-0.3235,-0.1996,-0.0928,-0.0792,-0.1809,-0.3837,-0.6605,-0.7921,-0.6658,-0.5363,-0.4853,-0.4891,-0.5221,-0.5659,-0.607,-0.6371,-0.6533,-0.6572,-0.6266,-0.6488,-0.6792,-0.7244,-0.7921,-0.8828,-0.9768,-1.0107,-0.8778,-0.6231,-0.421,-0.2805,-0.0288,0.3664,0.0206,0.1494,0.4779,0.0459,-0.0979,0.0192,0.2209,0.2118,-0.0007,-0.2675,-0.5504,-0.6865,-0.5874,-0.4818,-0.4554,-0.4879,-0.5516,-0.6231,-0.6829,-0.7193,-0.7311,-0.7245,-0.6194,-0.6396,-0.6652,-0.698,-0.7376,-0.7774,-0.7982,-0.7649,-0.6488,-0.4852,-0.3866,-0.236,-0.1786,-0.0446,-0.067,0.0995,0.3182,0.0523,-0.0199,0.2553,0.814,0.6781,0.2114,-0.098,-0.2968,-0.3892,-0.3787,-0.3631,-0.401,-0.4883,-0.6043,-0.7211,-0.8075,-0.8458,-0.8414,-0.8124,-0.6067,-0.6223,-0.6402,-0.6596,-0.6775,-0.6869,-0.6756,-0.6288,-0.5427,-0.4422,-0.3835,-0.318,-0.3491,-0.3779,-0.2423,-0.1533,-0.0971,-0.1494,-0.1424,0.198,0.8877,0.73,0.2535,0.0022,-0.0976,-0.1165,-0.1307,-0.2014,-0.3298,-0.4996,-0.6979,-0.8893,-1.0128,-1.0373,-0.9915,-0.9201,-0.5907,-0.6013,-0.6118,-0.6207,-0.6249,-0.6196,-0.5983,-0.5564,-0.4968,-0.434,-0.3863,-0.3626,-0.4057,-0.4219,-0.3822,-0.3651,-0.294,-0.3336,-0.4386,-0.1356,0.2069,0.257,0.1109,0.0219,0.0626,0.1936,0.2073,0.0104,-0.2512,-0.5285,-0.8443,-1.1596,-1.3328,-1.3034,-1.1726,-1.035,-0.5738,-0.5799,-0.5846,-0.5865,-0.5831,-0.5717,-0.5495,-0.5158,-0.4739,-0.4317,-0.3985,-0.3824,-0.3904,-0.423,-0.5613,-0.6224,-0.4041,-0.3429,-0.3579,-0.1911,-0.0806,-0.0257,-0.0309,0.0041,0.2025,0.6193,0.7062,0.2217,-0.2059,-0.572,-1.0084,-1.4938,-1.7212,-1.5825,-1.3342,-1.1262,-0.5572,-0.5598,-0.5605,-0.558,-0.551,-0.5379,-0.5178,-0.491,-0.4604,-0.4304,-0.4065,-0.3941,-0.3992,-0.4383,-0.5439,-0.5714,-0.4103,-0.2891,-0.1604,-0.1082,-0.1534,-0.1575,-0.1452,-0.0695,0.1627,0.6623,0.7747,0.1208,-0.2784,-0.6143,-1.0645,-1.6254,-1.8789,-1.6814,-1.3852,-1.1542,-0.5418,-0.5418,-0.5399,-0.5351,-0.5266,-0.5136,-0.496,-0.4746,-0.4512,-0.4288,-0.4106,-0.4,-0.401,-0.4182,-0.4452,-0.4354,-0.3659,-0.2814,-0.1986,-0.1725,-0.2212,-0.2748,-0.2827,-0.2142,-0.0977,-0.0594,-0.3332,-0.3791,-0.4576,-0.6526,-0.9588,-1.3654,-1.5877,-1.493,-1.2881,-1.1061,-0.5279,-0.5263,-0.5227,-0.5167,-0.5078,-0.4957,-0.4806,-0.4631,-0.4445,-0.4268,-0.4118,-0.4015,-0.3972,-0.3982,-0.3974,-0.3811,-0.3442,-0.2993,-0.2644,-0.2666,-0.3298,-0.4412,-0.4723,-0.3751,-0.3115,-0.4218,-0.6655,-0.6004,-0.6367,-0.7188,-0.8417,-1.0462,-1.1994,-1.205,-1.1177,-1.0107,-0.5158,-0.513,-0.5085,-0.5021,-0.4934,-0.4823,-0.4692,-0.4545,-0.4393,-0.4245,-0.4115,-0.401,-0.3933,-0.387,-0.3786,-0.3637,-0.342,-0.3201,-0.3104,-0.3315,-0.4091,-0.5456,-0.5833,-0.4663,-0.4073,-0.465,-0.5677,-0.6728,-0.8423,-0.8206,-0.7999,-0.8701,-0.9535,-0.9842,-0.96,-0.9082,-0.5053,-0.5018,-0.4969,-0.4903,-0.482,-0.4721,-0.4606,-0.4481,-0.4351,-0.4225,-0.4108,-0.4004,-0.3913,-0.3827,-0.3729,-0.361,-0.3479,-0.3381,-0.3393,-0.3625,-0.4185,-0.4943,-0.5146,-0.4652,-0.4421,-0.4824,-0.5719,-0.7213,-0.8679,-0.8362,-0.7801,-0.7878,-0.8233,-0.8464,-0.8435,-0.8206]}]