docs/data/wind_grid.json
{"header": {"la1":42.1,"la2":41.55,"lo1":12.1,"lo2":12.95,"nx":50,"ny":50,"dx":0.01735,"dy":0.01122,"parameterCategory":2,"parameterNumber":3,"parameterNumberName":"northward_wind","parameterUnit":"m.s-1"}, "data":
[rows 0 to 45 of 50, columns 0 to 49 of 50]
3.6613,3.6616,3.6622,3.6633,3.6647,3.6666,3.669,3.6718,3.6752,3.6792,3.6837,3.6889,3.6947,3.7013,3.7086,3.7168,3.7261,3.7366,3.7485,3.7623,3.7781,3.7965,3.8177,3.8422,3.8704,3.9024,3.9386,3.9789,4.0234,4.0719,4.1239,4.1789,4.236,4.2942,4.3521,4.4081,4.4603,4.507,4.5464,4.5776,4.5998,4.6131,4.6183,4.6162,4.6082,4.5956,4.5796,4.5613,4.5416,4.5212
3.6557,3.6558,3.6562,3.657,3.6583,3.66,3.6622,3.6649,3.6681,3.6719,3.6763,3.6813,3.6869,3.6932,3.7003,3.7082,3.7171,3.7273,3.7389,3.7523,3.7679,3.786,3.8073,3.832,3.8607,3.8936,3.931,3.973,4.0196,4.0706,4.1256,4.1841,4.2451,4.3076,4.3699,4.4304,4.4869,4.5372,4.5794,4.6123,4.635,4.6477,4.6512,4.6469,4.6363,4.6209,4.6022,4.5812,4.5591,4.5365
3.65,3.6498,3.6501,3.6507,3.6517,3.6532,3.6553,3.6578,3.6609,3.6645,3.6687,3.6735,3.6789,3.685,3.6918,3.6994,3.708,3.7178,3.729,3.7419,3.7571,3.775,3.7961,3.821,3.8501,3.8838,3.9225,3.9662,4.0149,4.0686,4.1267,4.1887,4.2538,4.3208,4.388,4.4533,4.5145,4.5688,4.6141,4.6487,4.6719,4.6837,4.6854,4.6785,4.6649,4.6464,4.6246,4.6009,4.5762,4.5513
3.6442,3.6438,3.6438,3.6442,3.6451,3.6464,3.6482,3.6506,3.6535,3.6569,3.661,3.6656,3.6709,3.6767,3.6833,3.6906,3.6987,3.708,3.7187,3.7312,3.7459,3.7634,3.7844,3.8093,3.8387,3.8733,3.9131,3.9585,4.0094,4.0657,4.127,4.1928,4.2621,4.3338,4.406,4.4767,4.5429,4.6017,4.6503,4.6869,4.7103,4.7211,4.7205,4.7106,4.6937,4.6718,4.6467,4.62,4.5927,4.5655
3.6383,3.6377,3.6375,3.6377,3.6383,3.6394,3.641,3.6432,3.646,3.6493,3.6532,3.6576,3.6627,3.6683,3.6746,3.6816,3.6893,3.6982,3.7083,3.7202,3.7343,3.7513,3.7719,3.7968,3.8265,3.8618,3.9028,3.9499,4.003,4.062,4.1265,4.196,4.2696,4.3461,4.4238,4.5,4.5717,4.6354,4.6878,4.7263,4.75,4.7594,4.7562,4.7429,4.7222,4.6966,4.6682,4.6383,4.6083,4.5787
3.6324,3.6315,3.6311,3.631,3.6314,3.6323,3.6337,3.6357,3.6383,3.6415,3.6452,3.6496,3.6545,3.6599,3.6659,3.6725,3.6799,3.6881,3.6977,3.7088,3.7223,3.7387,3.7588,3.7835,3.8135,3.8494,3.8917,3.9404,3.9958,4.0575,4.1252,4.1983,4.2762,4.3576,4.4407,4.5229,4.6005,4.6695,4.7259,4.7666,4.7904,4.7981,4.7919,4.7748,4.7501,4.7206,4.6885,4.6555,4.6228,4.591
3.6264,3.6253,3.6245,3.6242,3.6244,3.6251,3.6263,3.6281,3.6306,3.6336,3.6372,3.6414,3.6461,3.6514,3.6572,3.6635,3.6704,3.6781,3.6869,3.6973,3.7099,3.7255,3.7451,3.7695,3.7996,3.8362,3.8796,3.9301,3.9877,4.052,4.1228,4.1996,4.2816,4.3678,4.4564,4.5447,4.6286,4.7033,4.764,4.8069,4.8308,4.8365,4.8269,4.8057,4.7767,4.7431,4.7074,4.6713,4.6359,4.6018
3.6203,3.6189,3.6179,3.6173,3.6172,3.6177,3.6187,3.6204,3.6226,3.6255,3.629,3.6331,3.6378,3.6429,3.6484,3.6544,3.6609,3.668,3.6761,3.6856,3.6973,3.712,3.7308,3.7548,3.785,3.8221,3.8667,3.919,3.9788,4.0458,4.1196,4.1997,4.2856,4.3763,4.4702,4.5645,4.6549,4.7357,4.801,4.8464,4.8702,4.8737,4.8604,4.8348,4.8014,4.7637,4.7243,4.6852,4.6473,4.6112
3.6142,3.6125,3.6112,3.6103,3.61,3.6102,3.611,3.6124,3.6146,3.6173,3.6207,3.6248,3.6293,3.6343,3.6397,3.6454,3.6515,3.6581,3.6654,3.6739,3.6845,3.6982,3.7161,3.7395,3.7697,3.8074,3.8531,3.9071,3.9692,4.0388,4.1154,4.1986,4.2879,4.3826,4.4814,4.5816,4.6784,4.7654,4.8357,4.8837,4.9073,4.9084,4.8911,4.8611,4.8232,4.7815,4.7388,4.6968,4.6567,4.6188
3.6079,3.6059,3.6043,3.6032,3.6026,3.6025,3.6031,3.6043,3.6063,3.609,3.6123,3.6163,3.6208,3.6258,3.631,3.6366,3.6423,3.6483,3.6548,3.6623,3.6717,3.6841,3.701,3.7237,3.7537,3.792,3.839,3.8948,3.9591,4.0312,4.1105,4.1964,4.2884,4.3864,4.4893,4.5946,4.6976,4.7909,4.8663,4.9169,4.9405,4.939,4.9179,4.8835,4.8414,4.796,4.7503,4.7059,4.6638,4.6244
3.6017,3.5993,3.5974,3.5959,3.595,3.5947,3.595,3.5961,3.5979,3.6004,3.6037,3.6077,3.6122,3.6172,3.6224,3.6278,3.6332,3.6387,3.6444,3.6509,3.659,3.67,3.6856,3.7075,3.7373,3.7761,3.8244,3.8821,3.9488,4.0234,4.1051,4.1931,4.2872,4.3873,4.4931,4.6027,4.7111,4.8103,4.8907,4.9441,4.9677,4.9639,4.9392,4.9008,4.855,4.8066,4.7583,4.7119,4.6683,4.6279
3.5953,3.5927,3.5904,3.5886,3.5873,3.5867,3.5867,3.5876,3.5892,3.5917,3.5949,3.5989,3.6035,3.6086,3.6139,3.6192,3.6245,3.6295,3.6345,3.6399,3.6466,3.656,3.6702,3.6911,3.7206,3.7599,3.8096,3.8694,3.9385,4.0157,4.0995,4.1891,4.2842,4.3853,4.4925,4.6047,4.7173,4.8216,4.9066,4.9629,4.9867,4.9811,4.9534,4.9118,4.8632,4.8124,4.7624,4.7147,4.6702,4.629
3.5889,3.5859,3.5832,3.5811,3.5794,3.5785,3.5783,3.5789,3.5803,3.5827,3.5859,3.59,3.5947,3.5999,3.6054,3.6108,3.616,3.6208,3.6251,3.6294,3.6347,3.6425,3.655,3.6748,3.7039,3.7438,3.7949,3.857,3.9287,4.0084,4.0942,4.1849,4.28,4.3805,4.4872,4.5999,4.7148,4.8229,4.9118,4.9708,4.9952,4.9886,4.9591,4.9155,4.8652,4.8132,4.7623,4.714,4.6691,4.6278
3.5825,3.5791,3.576,3.5734,3.5714,3.5701,3.5696,3.5699,3.5712,3.5734,3.5766,3.5808,3.5857,3.5912,3.5969,3.6026,3.6079,3.6125,3.6164,3.6198,3.6236,3.6296,3.6404,3.6589,3.6876,3.728,3.7807,3.8452,3.9197,4.0021,4.0898,4.181,4.2752,4.3734,4.4775,4.5882,4.7029,4.8127,4.9044,4.9657,4.9914,4.985,4.955,4.9111,4.8605,4.8084,4.7577,4.7097,4.6651,4.624
3.5761,3.5722,3.5687,3.5657,3.5633,3.5615,3.5606,3.5606,3.5617,3.5638,3.5671,3.5713,3.5764,3.5822,3.5884,3.5944,3.6,3.6047,3.6084,3.6112,3.6138,3.618,3.6268,3.6438,3.6719,3.713,3.7674,3.8345,3.9121,3.9974,4.087,4.1784,4.2706,4.3649,4.464,4.5701,4.6816,4.7906,4.8833,4.9465,4.9741,4.9692,4.9407,4.8981,4.8489,4.7982,4.7486,4.7017,4.6581,4.6179
3.5696,3.5653,3.5613,3.5578,3.5549,3.5527,3.5514,3.5511,3.5519,3.5539,3.5571,3.5615,3.5669,3.5731,3.5797,3.5863,3.5924,3.5975,3.6013,3.6038,3.6054,3.608,3.6148,3.6301,3.6576,3.6992,3.7553,3.8252,3.9063,3.9948,4.0865,4.1778,4.2674,4.3564,4.4484,4.5469,4.652,4.7571,4.8488,4.9131,4.9431,4.9413,4.9161,4.8767,4.8306,4.7825,4.7352,4.6903,4.6483,4.6095
3.5631,3.5583,3.5539,3.5498,3.5464,3.5437,3.5419,3.5412,3.5417,3.5435,3.5467,3.5512,3.5569,3.5635,3.5708,3.5781,3.5849,3.5906,3.5949,3.5976,3.599,3.6003,3.605,3.6185,3.6451,3.687,3.745,3.8178,3.9027,3.995,4.0892,4.1805,4.2669,4.3495,4.4324,4.5208,4.6165,4.7146,4.8028,4.8671,4.8998,4.9024,4.8822,4.8478,4.8061,4.7619,4.7179,4.6757,4.6359,4.5988
3.5567,3.5514,3.5463,3.5418,3.5378,3.5345,3.5322,3.531,3.5311,3.5327,3.5358,3.5404,3.5464,3.5535,3.5615,3.5696,3.5773,3.5838,3.5889,3.5926,3.5947,3.5956,3.5983,3.6095,3.6348,3.677,3.7366,3.8127,3.9018,3.9985,4.0957,4.1874,4.2704,4.3458,4.4184,4.4945,4.5781,4.6664,4.7488,4.8118,4.8471,4.8548,4.8408,4.8126,4.7765,4.7371,4.6971,4.6582,4.6211,4.5863
3.5503,3.5444,3.5388,3.5336,3.529,3.5251,3.5222,3.5204,3.5201,3.5214,3.5243,3.529,3.5353,3.543,3.5516,3.5607,3.5693,3.5769,3.583,3.5879,3.592,3.5939,3.5949,3.6033,3.627,3.6691,3.7304,3.8099,3.9038,4.0055,4.1066,4.1993,4.2793,4.3473,4.4086,4.4711,4.5408,4.617,4.6914,4.7515,4.7887,4.8015,4.7941,4.7728,4.743,4.709,4.6736,4.6384,4.6043,4.572
3.5439,3.5375,3.5313,3.5254,3.5201,3.5155,3.5119,3.5095,3.5086,3.5095,3.5123,3.5169,3.5235,3.5316,3.541,3.5511,3.5609,3.5694,3.5763,3.5824,3.5889,3.5937,3.5936,3.599,3.6211,3.6633,3.7265,3.8097,3.9088,4.0164,4.1223,4.2169,4.2944,4.3551,4.405,4.4533,4.5079,4.5707,4.6353,4.691,4.7288,4.746,4.7449,4.7303,4.7069,4.6786,4.6479,4.6167,4.5859,4.5563
3.5376,3.5306,3.5237,3.5172,3.5111,3.5057,3.5013,3.4982,3.4967,3.4971,3.4995,3.5042,3.5109,3.5195,3.5296,3.5406,3.5516,3.5612,3.5685,3.5743,3.5814,3.5889,3.5892,3.5936,3.6158,3.659,3.7245,3.8118,3.9167,4.0309,4.1426,4.24,4.3159,4.3698,4.4086,4.4428,4.4822,4.5309,4.5846,4.6342,4.671,4.6912,4.6954,4.687,4.6697,4.6469,4.621,4.5937,4.5663,4.5394
3.5315,3.5239,3.5163,3.509,3.502,3.4958,3.4905,3.4865,3.4842,3.484,3.4862,3.4907,3.4975,3.5064,3.5171,3.5292,3.5414,3.5521,3.5594,3.5632,3.5658,3.5699,3.5736,3.5837,3.6096,3.6555,3.7243,3.816,3.9271,4.0484,4.1666,4.2678,4.3429,4.3909,4.4193,4.4402,4.465,4.4995,4.5417,4.584,4.6182,4.6397,4.6478,4.6445,4.6325,4.6147,4.5933,4.57,4.5459,4.5218
3.5256,3.5173,3.509,3.5008,3.493,3.4858,3.4795,3.4745,3.4713,3.4704,3.4721,3.4765,3.4833,3.4924,3.5036,3.5165,3.5301,3.5422,3.5497,3.5505,3.5448,3.5388,3.5473,3.569,3.6023,3.6529,3.7256,3.8221,3.9392,4.0676,4.1926,4.2982,4.3733,4.4164,4.4356,4.4443,4.4557,4.4769,4.5077,4.5418,4.5719,4.5931,4.6035,4.604,4.5964,4.583,4.5657,4.546,4.525,4.5036
3.5198,3.5109,3.5018,3.4928,3.4841,3.4758,3.4683,3.4622,3.458,3.4562,3.4574,3.4616,3.4685,3.4777,3.489,3.5025,3.5175,3.5315,3.5403,3.5395,3.5278,3.5147,3.5247,3.5551,3.5958,3.6515,3.7285,3.8295,3.9521,4.087,4.2183,4.3281,4.4037,4.4429,4.4544,4.4529,4.4525,4.4619,4.4817,4.5075,4.5325,4.5519,4.5632,4.5662,4.562,4.5523,4.5385,4.522,4.504,4.4851
3.5143,3.5047,3.4949,3.4851,3.4753,3.4658,3.4571,3.4497,3.4442,3.4414,3.442,3.4461,3.4532,3.4624,3.4736,3.4872,3.5035,3.52,3.5315,3.5321,3.5202,3.507,3.5159,3.5477,3.5926,3.6525,3.7331,3.8378,3.9646,4.1043,4.2405,4.3537,4.4299,4.4662,4.4719,4.4625,4.4528,4.4521,4.4624,4.48,4.4996,4.5163,4.5272,4.5316,4.5298,4.5229,4.5121,4.4985,4.4831,4.4666
3.5091,3.4989,3.4884,3.4776,3.4667,3.4561,3.446,3.437,3.4301,3.4261,3.426,3.4302,3.4377,3.4471,3.4577,3.4707,3.4878,3.5073,3.523,3.5279,3.5204,3.5112,3.5191,3.5487,3.5944,3.6566,3.7396,3.8464,3.9754,4.1176,4.2562,4.3712,4.4476,4.4823,4.4844,4.4698,4.4535,4.4452,4.4474,4.4579,4.4721,4.4855,4.4954,4.5002,4.4999,4.4952,4.4868,4.4756,4.4625,4.4481
3.5043,3.4935,3.4822,3.4705,3.4586,3.4466,3.435,3.4244,3.4157,3.4102,3.4094,3.4138,3.4223,3.4323,3.442,3.4537,3.4707,3.4929,3.5137,3.5249,3.5241,3.5206,3.5292,3.5564,3.6011,3.6638,3.7476,3.8548,3.9836,4.1252,4.2632,4.3778,4.4538,4.4879,4.4888,4.472,4.4521,4.4386,4.4349,4.4394,4.4487,4.4589,4.4671,4.4717,4.4724,4.4691,4.4626,4.4535,4.4424,4.43
3.4999,3.4885,3.4765,3.464,3.451,3.4377,3.4246,3.4121,3.4013,3.394,3.392,3.3968,3.4073,3.4187,3.4277,3.437,3.4528,3.477,3.5031,3.5212,3.5282,3.5311,3.542,3.5682,3.6116,3.6736,3.7566,3.8622,3.9883,4.1263,4.2607,4.3725,4.4474,4.4818,4.4838,4.4675,4.4468,4.4307,4.4229,4.423,4.4282,4.4354,4.4418,4.4459,4.4469,4.4448,4.4397,4.4323,4.4229,4.4122
3.496,3.484,3.4714,3.458,3.4441,3.4295,3.4148,3.4003,3.3873,3.3775,3.3738,3.3791,3.3926,3.4072,3.4158,3.422,3.4357,3.4609,3.4913,3.516,3.5306,3.5403,3.5547,3.5814,3.624,3.6847,3.7657,3.8681,3.9893,4.1211,4.2491,4.3563,4.4293,4.4647,4.4695,4.456,4.4367,4.4202,4.4104,4.4075,4.4096,4.4142,4.419,4.4223,4.4234,4.422,4.418,4.4119,4.404,4.3948
3.4926,3.4801,3.4669,3.4529,3.438,3.4223,3.406,3.3896,3.374,3.3613,3.3551,3.3602,3.3779,3.3981,3.4075,3.4105,3.4214,3.4465,3.4796,3.5097,3.5312,3.5474,3.5661,3.5944,3.6368,3.6961,3.7743,3.8721,3.9868,4.1105,4.2303,4.3313,4.4019,4.4386,4.4471,4.438,4.4219,4.4067,4.3965,4.3919,4.3919,4.3946,4.3979,4.4005,4.4016,4.4005,4.3975,4.3925,4.3858,4.3779
3.4897,3.4769,3.4632,3.4485,3.4329,3.4162,3.3986,3.3804,3.3624,3.3465,3.3368,3.3404,3.3625,3.3909,3.403,3.4035,3.4119,3.436,3.4701,3.5035,3.5304,3.5524,3.5755,3.6061,3.6487,3.7066,3.7817,3.8742,3.9812,4.0957,4.2064,4.3005,4.3681,4.4062,4.4188,4.4147,4.4029,4.3903,4.3809,4.3758,4.3747,4.3759,4.3782,4.3802,4.3811,4.3804,4.378,4.3739,4.3683,4.3614
3.4874,3.4743,3.4603,3.4452,3.4289,3.4115,3.3929,3.3732,3.3531,3.3344,3.321,3.3218,3.3469,3.3845,3.4013,3.4013,3.4081,3.4305,3.4639,3.4987,3.5293,3.5559,3.5831,3.616,3.6592,3.7158,3.7874,3.8742,3.9733,4.0783,4.1796,4.2666,4.331,4.37,4.3867,4.3877,4.3805,4.3713,4.3636,4.359,4.3574,4.3579,4.3594,4.361,4.3617,4.3613,4.3594,4.356,4.3514,4.3455
3.4858,3.4725,3.4582,3.4428,3.4262,3.4084,3.3891,3.3686,3.3472,3.3266,3.3106,3.3086,3.3343,3.3778,3.4001,3.4024,3.4092,3.43,3.4614,3.4961,3.5287,3.5587,3.5891,3.6243,3.6681,3.7233,3.7915,3.8725,3.9636,4.0594,4.1517,4.2318,4.2928,4.3324,4.3525,4.3583,4.3559,4.3503,4.3448,4.3413,4.3399,4.3401,4.3413,4.3426,4.3433,4.3431,4.3416,4.339,4.3351,4.3301
3.4847,3.4714,3.457,3.4416,3.4249,3.4068,3.3874,3.3667,3.3452,3.3242,3.3078,3.3052,3.3293,3.3723,3.3983,3.4051,3.4135,3.4331,3.4624,3.4959,3.5292,3.5614,3.5942,3.6311,3.6753,3.7291,3.7938,3.8693,3.953,4.0401,4.124,4.1975,4.2553,4.2949,4.3179,4.3279,4.3298,4.3278,4.3249,4.3229,4.3221,4.3225,4.3236,4.3248,4.3256,4.3256,4.3246,4.3225,4.3193,4.3152
3.4844,3.471,3.4567,3.4414,3.4248,3.407,3.3879,3.3677,3.347,3.3273,3.3127,3.3114,3.3331,3.3704,3.3969,3.4085,3.4195,3.4386,3.4659,3.4979,3.5311,3.5643,3.5988,3.6368,3.681,3.7333,3.7948,3.865,3.9417,4.021,4.0973,4.1649,4.2194,4.2587,4.2838,4.2974,4.3031,4.3046,4.3043,4.3039,4.3041,4.305,4.3063,4.3076,4.3086,4.3089,4.3083,4.3067,4.3041,4.3007
3.4846,3.4714,3.4573,3.4422,3.426,3.4087,3.3904,3.3713,3.3522,3.3349,3.3232,3.3238,3.3426,3.373,3.3977,3.4126,3.4262,3.4454,3.4713,3.5017,3.5342,3.5678,3.6031,3.6417,3.6856,3.7363,3.7946,3.8599,3.9304,4.0026,4.0721,4.1344,4.1858,4.2245,4.2511,4.2675,4.2765,4.281,4.2832,4.2846,4.286,4.2875,4.2893,4.2909,4.2921,4.2927,4.2925,4.2914,4.2894,4.2866
3.4855,3.4725,3.4588,3.4441,3.4284,3.4119,3.3947,3.3771,3.3601,3.3455,3.3369,3.339,3.3548,3.3791,3.4012,3.4178,3.4335,3.453,3.4778,3.5068,3.5385,3.5719,3.6074,3.6461,3.6893,3.7383,3.7935,3.8543,3.9192,3.9852,4.0488,4.1063,4.1547,4.1926,4.2201,4.2387,4.2504,4.2576,4.2621,4.2652,4.2678,4.2702,4.2725,4.2745,4.276,4.277,4.2772,4.2766,4.2752,4.2729
3.4869,3.4743,3.461,3.4468,3.4319,3.4164,3.4004,3.3845,3.3698,3.3579,3.3518,3.3547,3.3679,3.3875,3.4071,3.4243,3.4412,3.461,3.485,3.5129,3.5436,3.5765,3.6118,3.6501,3.6924,3.7395,3.7918,3.8486,3.9084,3.969,4.0273,4.0805,4.1262,4.1631,4.1911,4.2112,4.2252,4.2346,4.2411,4.2459,4.2497,4.253,4.2559,4.2584,4.2604,4.2618,4.2624,4.2623,4.2613,4.2597
3.4889,3.4768,3.4639,3.4504,3.4364,3.4219,3.4073,3.3932,3.3806,3.3712,3.367,3.3702,3.3812,3.3974,3.4149,3.4319,3.4494,3.4694,3.4928,3.5197,3.5494,3.5816,3.6163,3.6538,3.695,3.7403,3.7897,3.8428,3.8982,3.9539,4.0077,4.0571,4.1002,4.1359,4.1641,4.1854,4.201,4.2123,4.2206,4.2269,4.2319,4.2361,4.2397,4.2427,4.2452,4.2469,4.248,4.2483,4.2479,4.2468
3.4915,3.4798,3.4675,3.4547,3.4416,3.4283,3.4151,3.4027,3.3921,3.3846,3.3818,3.385,3.3944,3.4083,3.4241,3.4406,3.4582,3.4781,3.5009,3.5269,3.5557,3.587,3.6209,3.6575,3.6974,3.7407,3.7875,3.8371,3.8885,3.9401,3.9898,4.0359,4.0766,4.1111,4.1391,4.1612,4.178,4.1908,4.2006,4.2082,4.2144,4.2195,4.2238,4.2274,4.2303,4.2325,4.234,4.2348,4.2349,4.2342
3.4945,3.4833,3.4716,3.4597,3.4475,3.4353,3.4235,3.4127,3.4038,3.3979,3.3961,3.3993,3.4076,3.4197,3.4341,3.45,3.4674,3.487,3.5093,3.5345,3.5623,3.5927,3.6256,3.6611,3.6995,3.7409,3.7852,3.8317,3.8796,3.9274,3.9736,4.0166,4.0552,4.0884,4.1161,4.1386,4.1563,4.1703,4.1813,4.1901,4.1973,4.2033,4.2082,4.2124,4.2158,4.2185,4.2205,4.2217,4.2222,4.222
3.4979,3.4872,3.4763,3.4651,3.4539,3.4428,3.4323,3.423,3.4155,3.4109,3.4099,3.4131,3.4205,3.4314,3.4447,3.4599,3.477,3.4962,3.5179,3.5423,3.5692,3.5986,3.6304,3.6647,3.7016,3.7411,3.7829,3.8266,3.8713,3.9158,3.9589,3.9992,4.0358,4.0678,4.095,4.1176,4.136,4.1508,4.1629,4.1726,4.1807,4.1874,4.1931,4.1978,4.2018,4.2049,4.2073,4.2089,4.2099,4.2102
3.5017,3.4916,3.4813,3.4709,3.4606,3.4507,3.4414,3.4334,3.4272,3.4235,3.4231,3.4264,3.4332,3.4432,3.4556,3.4702,3.4868,3.5055,3.5266,3.5502,3.5762,3.6046,3.6353,3.6683,3.7036,3.7412,3.7808,3.8219,3.8637,3.9053,3.9456,3.9835,4.0181,4.0489,4.0755,4.0981,4.1169,4.1324,4.1452,4.1558,4.1647,4.1721,4.1784,4.1837,4.1881,4.1917,4.1945,4.1965,4.1979,4.1986
3.5058,3.4963,3.4867,3.4771,3.4677,3.4588,3.4506,3.4437,3.4386,3.4358,3.4359,3.4392,3.4456,3.4549,3.4667,3.4807,3.4967,3.5149,3.5354,3.5581,3.5832,3.6106,3.6401,3.6719,3.7057,3.7414,3.7789,3.8176,3.8568,3.8957,3.9335,3.9692,4.0022,4.0317,4.0577,4.08,4.099,4.115,4.1285,4.1397,4.1492,4.1573,4.1641,4.1699,4.1748,4.1788,4.182,4.1845,4.1863,4.1874
3.5102,3.5013,3.4924,3.4835,3.475,3.467,3.4598,3.4539,3.4497,3.4477,3.4482,3.4516,3.4577,3.4665,3.4778,3.4912,3.5067,3.5243,3.5441,3.5661,3.5903,3.6166,3.645,3.6754,3.7077,3.7417,3.7772,3.8136,3.8505,3.8871,3.9226,3.9564,3.9876,4.016,4.0413,4.0634,4.0824,4.0987,4.1126,4.1244,4.1344,4.143,4.1503,4.1566,4.1619,4.1663,4.17,4.1728,4.175,4.1765
3.5148,3.5065,3.4982,3.4901,3.4824,3.4753,3.469,3.464,3.4606,3.4592,3.4601,3.4636,3.4695,3.478,3.4887,3.5016,3.5166,3.5336,3.5528,3.574,3.5973,3.6226,3.6499,3.679,3.7098,3.7421,3.7757,3.8101,3.8449,3.8793,3.9128,3.9447,3.9745,4.0017,4.0262,4.0479,4.0669,4.0833,4.0975,4.1097,4.1202,4.1293,4.1371,4.1437,4.1494,4.1543,4.1583,4.1615,4.164,4.1659
