docs/data/wind_grid.json
[{"header":{"la1":42.85,"la2":41.18,"lo1":11.55,"lo2":14.05,"nx":36,"ny":24,"dx":0.07143,"dy":0.07261,"parameterCategory":2,"parameterNumber":2,"parameterNumberName":"eastward_wind","parameterUnit":"m.s-1"},"data":[-0.4601,-0.4639,-0.4663,-0.4677,-0.4681,-0.4678,-0.4671,-0.4658,-0.4641,-0.4628,-0.4631,-0.4665,-0.4741,-0.486,-0.5016,-0.519,-0.5349,-0.5456,-0.5474,-0.5385,-0.5212,-0.5006,-0.4822,-0.4684,-0.4585,-0.4505,-0.4428,-0.4347,-0.4261,-0.4172,-0.4084,-0.3997,-0.3914,-0.3836,-0.3763,-0.3695,-0.4748,-0.4796,-0.4825,-0.4838,-0.484,-0.4836,-0.4828,-0.4809,-0.4775,-0.4732,-0.4705,-0.4721,-0.4803,-0.4955,-0.517,-0.5424,-0.5672,-0.5846,-0.587,-0.57,-0.5375,-0.5018,-0.4753,-0.4611,-0.4547,-0.4502,-0.4446,-0.4372,-0.4285,-0.4192,-0.4096,-0.4003,-0.3915,-0.3832,-0.3755,-0.3684,-0.493,-0.4992,-0.5028,-0.5039,-0.5038,-0.5038,-0.5042,-0.5031,-0.4978,-0.4882,-0.4792,-0.4767,-0.4844,-0.5034,-0.533,-0.5706,-0.6106,-0.6416,-0.6472,-0.6142,-0.5487,-0.4811,-0.4434,-0.4373,-0.4432,-0.4472,-0.4457,-0.4396,-0.4308,-0.4208,-0.4105,-0.4004,-0.391,-0.3822,-0.3741,-0.3668,-0.5156,-0.5245,-0.5291,-0.5297,-0.5285,-0.5292,-0.5341,-0.5386,-0.5324,-0.5126,-0.4903,-0.4789,-0.4846,-0.5079,-0.5478,-0.6029,-0.6689,-0.7296,-0.7497,-0.6885,-0.5468,-0.4042,-0.3577,-0.3878,-0.4247,-0.4438,-0.4476,-0.4425,-0.433,-0.422,-0.4107,-0.3999,-0.3898,-0.3805,-0.3721,-0.3646,-0.544,-0.5576,-0.5647,-0.564,-0.5589,-0.5593,-0.5749,-0.5994,-0.5987,-0.5555,-0.504,-0.4763,-0.4784,-0.5064,-0.5579,-0.635,-0.7417,-0.867,-0.9441,-0.848,-0.5399,-0.2143,-0.1887,-0.3226,-0.4115,-0.4464,-0.4529,-0.4466,-0.4354,-0.4227,-0.4102,-0.3984,-0.3877,-0.3781,-0.3695,-0.3618,-0.579,-0.6017,-0.6152,-0.6128,-0.5974,-0.5895,-0.6215,-0.7012,-0.7293,-0.6251,-0.5133,-0.4626,-0.4626,-0.4967,-0.5589,-0.656,-0.8112,-1.0537,-1.3105,-1.2158,-0.6608,-0.079,-0.0928,-0.3216,-0.4309,-0.4628,-0.4631,-0.452,-0.4374,-0.4225,-0.4086,-0.396,-0.3848,-0.3749,-0.3661,-0.3584,-0.6198,-0.6587,-0.6882,-0.6888,-0.6517,-0.6127,-0.6403,-0.7939,-0.8851,-0.6697,-0.4882,-0.427,-0.4347,-0.4793,-0.5497,-0.6529,-0.8289,-1.1658,-1.6783,-1.622,-0.9761,-0.51,-0.3936,-0.46,-0.4938,-0.4922,-0.4764,-0.457,-0.4381,-0.4208,-0.4056,-0.3923,-0.3807,-0.3707,-0.362,-0.3543,-0.6611,-0.7228,-0.784,-0.8046,-0.7345,-0.6304,-0.5884,-0.6665,-0.7124,-0.5263,-0.3877,-0.362,-0.3961,-0.4607,-0.5413,-0.633,-0.7696,-1.0235,-1.3567,-1.3465,-1.1563,-0.9878,-0.7583,-0.6303,-0.5645,-0.5205,-0.4864,-0.4589,-0.4361,-0.417,-0.4009,-0.3872,-0.3755,-0.3656,-0.3571,-0.3497,-0.6932,-0.7735,-0.8602,-0.9072,-0.8188,-0.6497,-0.5026,-0.4087,-0.3185,-0.226,-0.2184,-0.2741,-0.3523,-0.451,-0.5669,-0.6465,-0.7027,-0.8254,-0.9882,-1.1379,-1.422,-1.3267,-0.9462,-0.7187,-0.5996,-0.5311,-0.4869,-0.4551,-0.4306,-0.4107,-0.3943,-0.3807,-0.3692,-0.3597,-0.3515,-0.3445,-0.709,-0.8008,-0.8897,-0.9297,-0.8935,-0.6792,-0.4329,-0.1953,0.0868,0.192,-0.0029,-0.1824,-0.3059,-0.4408,-0.6695,-0.7873,-0.6886,-0.7231,-0.8272,-0.9946,-1.2484,-1.1893,-0.9008,-0.6997,-0.5851,-0.5187,-0.4765,-0.4461,-0.422,-0.4023,-0.3861,-0.3729,-0.362,-0.353,-0.3454,-0.339,-0.7057,-0.8165,-0.9866,-1.2678,-1.1914,-0.7311,-0.4002,-0.1058,0.5164,0.8248,0.1794,-0.1223,-0.2576,-0.3722,-0.6094,-0.7776,-0.6568,-0.7064,-0.775,-0.823,-0.8778,-0.8474,-0.7261,-0.6119,-0.5375,-0.4931,-0.4621,-0.4355,-0.4122,-0.3927,-0.3768,-0.3642,-0.3541,-0.3459,-0.3391,-0.3333,-0.6755,-0.7855,-0.9677,-1.2256,-1.1309,-0.6706,-0.4084,-0.2998,0.1162,0.4388,0.0872,-0.1065,-0.2155,-0.2931,-0.3587,-0.4822,-0.6153,-0.8661,-0.9352,-0.7867,-0.6882,-0.6258,-0.5642,-0.5152,-0.491,-0.4788,-0.4583,-0.4301,-0.4036,-0.3826,-0.3668,-0.3549,-0.3459,-0.3387,-0.3328,-0.3277,-0.6175,-0.6935,-0.7893,-0.8558,-0.7547,-0.5319,-0.424,-0.4846,-0.3452,-0.0799,-0.043,-0.048,-0.1208,-0.2769,-0.2955,-0.3841,-0.6052,-1.3563,-1.3864,-0.8092,-0.5666,-0.4676,-0.4326,-0.4407,-0.4849,-0.5144,-0.4822,-0.4327,-0.3957,-0.3717,-0.356,-0.3454,-0.3378,-0.3319,-0.327,-0.3226,-0.5467,-0.5848,-0.6149,-0.6083,-0.5367,-0.4369,-0.3919,-0.418,-0.3384,-0.1454,-0.0464,0.0617,0.0784,-0.1144,-0.2498,-0.325,-0.4701,-0.9097,-0.9979,-0.6151,-0.3752,-0.2847,-0.2973,-0.3774,-0.5158,-0.5931,-0.5136,-0.4298,-0.383,-0.3584,-0.3447,-0.3364,-0.3308,-0.3264,-0.3224,-0.3186,-0.4787,-0.4916,-0.4921,-0.4693,-0.4206,-0.3636,-0.3224,-0.2872,-0.1994,-0.0613,0.0299,0.0127,-0.0567,-0.1001,-0.2351,-0.3354,-0.7072,-0.5489,-0.473,-0.265,-0.0396,-0.0052,-0.122,-0.2738,-0.4408,-0.5258,-0.4657,-0.3968,-0.36,-0.3424,-0.3338,-0.3293,-0.3262,-0.3232,-0.3199,-0.3161,-0.4206,-0.4198,-0.4086,-0.3835,-0.3454,-0.3005,-0.253,-0.1927,-0.0945,0.0706,0.3311,0.0508,-0.0325,-0.1164,-0.2047,-0.3815,-0.5806,-0.3719,-0.1847,0.0727,0.4741,0.3815,0.0689,-0.1399,-0.2828,-0.356,-0.3596,-0.343,-0.3321,-0.3275,-0.3262,-0.3263,-0.326,-0.3241,-0.3204,-0.3157,-0.3732,-0.3653,-0.3496,-0.3248,-0.2913,-0.2507,-0.2023,-0.1396,-0.0494,0.092,0.2841,0.1121,-0.0828,-0.1384,-0.1081,-0.1491,-0.1738,-0.0592,0.0893,0.2343,0.566,0.4604,0.1501,-0.0508,-0.1779,-0.25,-0.2842,-0.3022,-0.3134,-0.3203,-0.3256,-0.3305,-0.3331,-0.331,-0.3251,-0.3178,-0.3352,-0.3238,-0.3064,-0.2824,-0.2518,-0.2149,-0.1708,-0.1171,-0.0512,0.0225,0.0666,0.0181,-0.0882,-0.0906,0.1186,0.2057,0.135,0.234,0.3718,0.3174,0.3353,0.2822,0.1346,-0.0182,-0.1406,-0.2148,-0.2543,-0.2897,-0.3143,-0.3256,-0.3337,-0.3441,-0.3502,-0.3453,-0.3337,-0.3216,-0.3047,-0.2916,-0.2738,-0.2511,-0.2233,-0.1905,-0.1526,-0.1097,-0.0637,-0.0217,0.0026,0.0042,0.0154,0.1461,0.6286,0.8325,0.3831,0.3423,0.4359,0.5279,0.4073,0.277,0.1481,-0.0005,-0.1452,-0.2147,-0.2317,-0.3067,-0.3429,-0.3439,-0.3464,-0.3631,-0.3746,-0.3632,-0.3427,-0.3246,-0.2801,-0.2664,-0.2489,-0.2277,-0.2026,-0.1737,-0.1416,-0.107,-0.0719,-0.0395,-0.0121,0.0175,0.0782,0.2416,0.5917,0.7088,0.4364,0.4326,0.7672,0.9355,0.557,0.3653,0.2302,0.0477,-0.1598,-0.245,-0.2548,-0.4175,-0.416,-0.371,-0.3535,-0.3704,-0.3853,-0.3696,-0.3441,-0.3232,-0.2602,-0.2464,-0.2297,-0.21,-0.1873,-0.1619,-0.1343,-0.105,-0.0752,-0.0455,-0.0144,0.0251,0.0891,0.1982,0.336,0.391,0.3635,0.4246,0.6218,0.6995,0.5711,0.5307,0.4546,0.1929,-0.1627,-0.5098,-0.8797,-0.7762,-0.5148,-0.3839,-0.3445,-0.3514,-0.3625,-0.3524,-0.3328,-0.3151,-0.2441,-0.2306,-0.2147,-0.1965,-0.1759,-0.1533,-0.1289,-0.1031,-0.0762,-0.048,-0.0165,0.0225,0.075,0.143,0.2127,0.2595,0.293,0.3558,0.4511,0.5296,0.6479,0.9337,0.9947,0.5076,-0.0824,-0.6731,-1.2326,-0.9312,-0.4594,-0.3223,-0.3065,-0.316,-0.325,-0.3229,-0.313,-0.3017,-0.2309,-0.2179,-0.2029,-0.186,-0.1672,-0.1468,-0.1249,-0.1016,-0.0769,-0.0503,-0.0207,0.0142,0.0559,0.1034,0.1513,0.1945,0.2386,0.2964,0.3756,0.4955,0.7574,1.2762,1.4351,0.766,0.0773,-0.4319,-0.7008,-0.4945,-0.1752,-0.1901,-0.2489,-0.2777,-0.291,-0.2946,-0.2918,-0.2863,-0.2201,-0.2076,-0.1936,-0.1779,-0.1607,-0.142,-0.122,-0.1007,-0.078,-0.0535,-0.0265,0.0039,0.0381,0.0753,0.1137,0.153,0.1963,0.2507,0.3267,0.4498,0.6731,0.985,1.0396,0.635,0.1522,-0.1968,-0.3488,-0.2695,-0.1323,-0.1583,-0.2177,-0.2497,-0.2649,-0.2714,-0.2726,-0.2711]},{"header":{"la1":42.85,"la2":41.18,"lo1":11.55,"lo2":14.05,"nx":36,"ny":24,"dx":0.07143,"dy":0.07261,"parameterCategory":2,"parameterNumber":3,"parameterNumberName":"northward_wind","parameterUnit":"m.s-1"},"data":[-0.0647,-0.0485,-0.0294,-0.0076,0.016,0.0393,0.0592,0.0718,0.0746,0.0672,0.0523,0.0335,0.0141,-0.0042,-0.0209,-0.0369,-0.0535,-0.0724,-0.0946,-0.12,-0.146,-0.1682,-0.1822,-0.1871,-0.1852,-0.1802,-0.175,-0.1711,-0.1693,-0.1693,-0.171,-0.174,-0.1778,-0.1823,-0.1871,-0.192,-0.066,-0.0473,-0.024,0.0043,0.0371,0.0719,0.1034,0.1243,0.1285,0.1153,0.09,0.0604,0.0325,0.0088,-0.011,-0.0286,-0.0465,-0.0681,-0.0961,-0.1319,-0.1716,-0.2054,-0.223,-0.2228,-0.2118,-0.1981,-0.1864,-0.1785,-0.1744,-0.1733,-0.1747,-0.1778,-0.182,-0.1869,-0.1922,-0.1976,-0.0701,-0.0493,-0.0217,0.0144,0.0602,0.1138,0.1671,0.2052,0.2129,0.1873,0.1415,0.0929,0.052,0.0213,-0.0012,-0.0192,-0.0366,-0.059,-0.0933,-0.1455,-0.2121,-0.2707,-0.2931,-0.2781,-0.2474,-0.2186,-0.1978,-0.185,-0.1786,-0.1769,-0.1782,-0.1817,-0.1865,-0.1921,-0.198,-0.204,-0.0777,-0.0559,-0.0251,0.019,0.0816,0.1652,0.2607,0.3381,0.3554,0.3014,0.2126,0.13,0.0701,0.0314,0.0072,-0.0088,-0.0223,-0.0405,-0.0768,-0.1516,-0.2733,-0.3917,-0.4173,-0.3593,-0.289,-0.2376,-0.2062,-0.1891,-0.1813,-0.1795,-0.1815,-0.1859,-0.1916,-0.1981,-0.2049,-0.2115,-0.0893,-0.0684,-0.0373,0.0118,0.092,0.2188,0.395,0.5691,0.6164,0.4886,0.305,0.165,0.0812,0.0358,0.0125,0.0013,-0.0032,-0.0066,-0.0281,-0.1191,-0.3404,-0.604,-0.6127,-0.4501,-0.3202,-0.2461,-0.2075,-0.1889,-0.1817,-0.1812,-0.1846,-0.1904,-0.1976,-0.2052,-0.213,-0.2204,-0.1042,-0.0865,-0.0599,-0.014,0.0747,0.2467,0.5519,0.9554,1.1001,0.769,0.3946,0.1789,0.0767,0.0313,0.0127,0.0086,0.0168,0.0413,0.0722,0.0067,-0.2996,-0.7364,-0.7154,-0.4636,-0.3092,-0.2338,-0.1985,-0.1838,-0.1799,-0.1822,-0.188,-0.1959,-0.2048,-0.2139,-0.2229,-0.2312,-0.1208,-0.1071,-0.0887,-0.0578,0.0156,0.1963,0.5973,1.3065,1.6433,0.9611,0.3882,0.1416,0.0495,0.0165,0.006,0.0087,0.027,0.0742,0.1642,0.1436,-0.095,-0.3759,-0.4369,-0.3289,-0.2442,-0.2001,-0.1809,-0.1752,-0.1772,-0.1835,-0.1925,-0.2029,-0.2139,-0.2248,-0.2351,-0.2444,-0.1371,-0.1245,-0.11,-0.0975,-0.0661,0.0509,0.3454,0.8733,1.1106,0.5958,0.1893,0.0422,0.0047,-0.0045,-0.0097,-0.0047,0.019,0.0612,0.1136,0.1102,0.08,0.0012,-0.1179,-0.1607,-0.1628,-0.1601,-0.1613,-0.1669,-0.1756,-0.1865,-0.199,-0.2123,-0.2257,-0.2386,-0.2504,-0.2607,-0.1534,-0.1386,-0.1147,-0.0975,-0.1183,-0.1146,-0.0421,0.0711,0.0671,-0.0708,-0.1208,-0.0821,-0.0357,-0.0214,-0.0438,-0.0506,-0.0068,0.0391,0.0747,0.1259,0.2562,0.2127,0.0391,-0.0599,-0.1062,-0.1312,-0.1486,-0.1633,-0.1777,-0.1927,-0.2087,-0.2251,-0.2413,-0.2564,-0.2698,-0.281,-0.1724,-0.159,-0.1369,-0.1242,-0.167,-0.2569,-0.3607,-0.4816,-0.6732,-0.7164,-0.4345,-0.1771,-0.0405,-0.0125,-0.1191,-0.1899,-0.041,0.0332,0.0645,0.1125,0.1993,0.174,0.0576,-0.0303,-0.0864,-0.1235,-0.1489,-0.1681,-0.1854,-0.2033,-0.2225,-0.2424,-0.2618,-0.2795,-0.2947,-0.3066,-0.1949,-0.1865,-0.1672,-0.1273,-0.1619,-0.3752,-0.6245,-0.8417,-1.2212,-1.4309,-0.6593,-0.1889,0.0152,0.0677,-0.0583,-0.1763,0.0024,0.0487,0.0516,0.0688,0.09,0.0752,0.0203,-0.0435,-0.0998,-0.1411,-0.1666,-0.1834,-0.1995,-0.2187,-0.2413,-0.2655,-0.2891,-0.31,-0.3269,-0.3392,-0.2195,-0.218,-0.2011,-0.1545,-0.2141,-0.5282,-0.91,-1.164,-1.1665,-1.1246,-0.5309,-0.0903,0.1166,0.1867,0.1767,0.1491,0.1322,0.0353,-0.0065,0.0319,0.0475,0.0316,-0.0118,-0.0756,-0.1447,-0.1919,-0.2062,-0.209,-0.2185,-0.2384,-0.2658,-0.2964,-0.3258,-0.3508,-0.3694,-0.3811,-0.244,-0.2548,-0.2655,-0.2913,-0.408,-0.6919,-1.1099,-1.4935,-1.252,-0.7511,-0.2862,0.0547,0.213,0.228,0.268,0.3722,0.2875,-0.1343,-0.1717,0.011,0.0447,0.0256,-0.0267,-0.1143,-0.2271,-0.2907,-0.2682,-0.239,-0.2383,-0.2612,-0.2976,-0.3385,-0.3767,-0.4068,-0.4263,-0.4356,-0.2642,-0.2862,-0.3192,-0.3796,-0.5003,-0.711,-1.0032,-1.2704,-1.0931,-0.5591,-0.146,0.1464,0.2654,0.6969,0.5041,0.739,0.6067,0.1661,0.0049,0.0656,0.0775,0.0515,-0.0161,-0.1338,-0.3071,-0.3977,-0.3179,-0.2552,-0.2519,-0.2863,-0.34,-0.3984,-0.4497,-0.4857,-0.5041,-0.5069,-0.2763,-0.3028,-0.3413,-0.4005,-0.4912,-0.6161,-0.7509,-0.8091,-0.6516,-0.3527,-0.1195,0.0737,0.3415,0.6656,0.5675,0.84,0.9911,0.4982,0.2085,0.1387,0.1594,0.1317,0.0319,-0.0966,-0.2499,-0.332,-0.278,-0.2361,-0.2542,-0.3158,-0.4005,-0.4882,-0.5592,-0.6007,-0.6117,-0.6001,-0.2794,-0.3046,-0.338,-0.3825,-0.4384,-0.4979,-0.5372,-0.5134,-0.3982,-0.2537,-0.2305,-0.031,0.0807,0.2773,0.3717,0.5945,0.7817,0.4092,0.156,0.1576,0.3669,0.3016,0.0976,-0.0324,-0.12,-0.1645,-0.1645,-0.1793,-0.2441,-0.3542,-0.4922,-0.6296,-0.7304,-0.7722,-0.7612,-0.7198,-0.2756,-0.2962,-0.3212,-0.3499,-0.3794,-0.4014,-0.4017,-0.3647,-0.2916,-0.2228,-0.2218,-0.1271,-0.1958,-0.244,0.0379,0.1702,0.1929,0.0103,-0.1433,0.0168,0.384,0.3079,0.0934,0.0034,-0.0121,0.0041,-0.0033,-0.0787,-0.2178,-0.4061,-0.6329,-0.8583,-1.0048,-1.0281,-0.9624,-0.8652,-0.2676,-0.2829,-0.2997,-0.3163,-0.3294,-0.3337,-0.3222,-0.2909,-0.2453,-0.2027,-0.1762,-0.1726,-0.2921,-0.3406,-0.3125,-0.3309,-0.2341,-0.4204,-0.6968,-0.3215,-0.0344,0.0351,-0.0006,0.0081,0.1067,0.2625,0.2854,0.0929,-0.1727,-0.4716,-0.8344,-1.2165,-1.4318,-1.3852,-1.2059,-1.0207,-0.2576,-0.2683,-0.2788,-0.2874,-0.2917,-0.2887,-0.2758,-0.2527,-0.2238,-0.1979,-0.1846,-0.1982,-0.2584,-0.393,-0.8681,-1.0841,-0.5341,-0.4963,-0.6142,-0.4615,-0.2862,-0.1692,-0.1087,-0.0102,0.2366,0.6877,0.7843,0.2929,-0.1435,-0.5411,-1.052,-1.6605,-1.9602,-1.7664,-1.4262,-1.146,-0.2475,-0.2546,-0.2607,-0.2645,-0.2646,-0.2595,-0.2485,-0.2325,-0.2148,-0.2013,-0.1997,-0.2211,-0.2858,-0.4512,-0.8194,-0.9374,-0.5768,-0.4646,-0.5386,-0.5783,-0.4086,-0.302,-0.2274,-0.0936,0.1945,0.7384,0.8616,0.2027,-0.2163,-0.5941,-1.1295,-1.839,-2.1783,-1.9049,-1.4997,-1.1887,-0.2382,-0.2427,-0.246,-0.2473,-0.2457,-0.2407,-0.2323,-0.2219,-0.2119,-0.2067,-0.2119,-0.2357,-0.2905,-0.393,-0.5252,-0.5595,-0.4746,-0.4353,-0.4776,-0.495,-0.4464,-0.4427,-0.4136,-0.2752,-0.0765,0.0308,-0.1896,-0.2568,-0.3915,-0.6348,-1.0026,-1.5042,-1.7865,-1.6542,-1.3763,-1.1317,-0.2301,-0.2329,-0.2346,-0.2346,-0.2326,-0.2286,-0.2228,-0.2164,-0.2116,-0.2112,-0.2191,-0.2398,-0.2778,-0.3325,-0.3866,-0.4081,-0.3982,-0.3967,-0.4192,-0.4513,-0.5264,-0.6987,-0.7438,-0.5182,-0.3177,-0.3186,-0.4798,-0.4664,-0.6031,-0.7221,-0.8652,-1.1055,-1.286,-1.2822,-1.1601,-1.0142,-0.2233,-0.2251,-0.2259,-0.2255,-0.2238,-0.2208,-0.2171,-0.2137,-0.2121,-0.2142,-0.2223,-0.2386,-0.2638,-0.2952,-0.3247,-0.3437,-0.3543,-0.3692,-0.3995,-0.4617,-0.6104,-0.8942,-0.979,-0.6769,-0.4506,-0.4076,-0.4709,-0.6368,-0.9081,-0.8741,-0.8248,-0.8923,-0.9802,-1.0054,-0.9635,-0.8882,-0.2179,-0.2191,-0.2195,-0.219,-0.2177,-0.2159,-0.2138,-0.2124,-0.2127,-0.2159,-0.2234,-0.2359,-0.2534,-0.274,-0.2944,-0.3123,-0.3294,-0.3518,-0.3888,-0.4567,-0.5824,-0.7533,-0.7933,-0.6356,-0.4957,-0.4655,-0.5385,-0.7352,-0.948,-0.8986,-0.8036,-0.7927,-0.8203,-0.8352,-0.8199,-0.7811]}]