docs/data/wind_grid.json
[{"header":{"la1":42.85,"la2":41.18,"lo1":11.55,"lo2":14.05,"nx":36,"ny":24,"dx":0.07143,"dy":0.07261,"parameterCategory":2,"parameterNumber":2,"parameterNumberName":"eastward_wind","parameterUnit":"m.s-1"},"data":[-0.6203,-0.6286,-0.6367,-0.6447,-0.6519,-0.6573,-0.6595,-0.6566,-0.6477,-0.6334,-0.6159,-0.5985,-0.5844,-0.5757,-0.5735,-0.5771,-0.585,-0.5942,-0.6016,-0.6044,-0.6015,-0.5934,-0.5817,-0.5681,-0.5541,-0.5406,-0.528,-0.5167,-0.5066,-0.4976,-0.4897,-0.4827,-0.4766,-0.4711,-0.4663,-0.462,-0.6341,-0.6444,-0.6552,-0.6666,-0.6781,-0.6885,-0.6953,-0.6948,-0.6841,-0.6634,-0.6369,-0.6106,-0.5899,-0.5782,-0.5767,-0.5848,-0.6,-0.6176,-0.6316,-0.6371,-0.6325,-0.6196,-0.6021,-0.5829,-0.5643,-0.5472,-0.5321,-0.5188,-0.5074,-0.4975,-0.4889,-0.4815,-0.475,-0.4694,-0.4645,-0.4601,-0.649,-0.6617,-0.6755,-0.6911,-0.7089,-0.728,-0.7445,-0.7508,-0.7389,-0.7076,-0.6653,-0.624,-0.5929,-0.5765,-0.5764,-0.5919,-0.6196,-0.652,-0.6777,-0.6869,-0.6773,-0.6549,-0.6272,-0.5996,-0.5748,-0.5533,-0.5352,-0.52,-0.5072,-0.4965,-0.4874,-0.4796,-0.473,-0.4672,-0.4622,-0.4578,-0.6652,-0.6803,-0.6972,-0.7174,-0.7434,-0.7765,-0.8127,-0.8368,-0.8269,-0.776,-0.7041,-0.6374,-0.5904,-0.5674,-0.5694,-0.5961,-0.6448,-0.7046,-0.7528,-0.7663,-0.7433,-0.701,-0.6563,-0.6168,-0.5841,-0.5578,-0.5367,-0.5197,-0.5058,-0.4944,-0.4849,-0.477,-0.4703,-0.4645,-0.4595,-0.4551,-0.683,-0.7006,-0.7199,-0.7438,-0.7781,-0.8306,-0.9038,-0.9734,-0.977,-0.8845,-0.7541,-0.646,-0.5773,-0.5461,-0.5502,-0.5919,-0.6736,-0.7849,-0.8795,-0.8957,-0.8369,-0.7563,-0.6856,-0.6312,-0.5903,-0.5594,-0.5358,-0.5174,-0.5028,-0.4911,-0.4815,-0.4736,-0.4669,-0.4612,-0.4563,-0.452,-0.7034,-0.7238,-0.7446,-0.769,-0.8065,-0.8765,-1.0045,-1.1756,-1.2273,-1.0389,-0.8003,-0.6375,-0.5463,-0.5063,-0.511,-0.5672,-0.6908,-0.888,-1.0778,-1.0868,-0.9474,-0.8065,-0.7061,-0.638,-0.5907,-0.5567,-0.5316,-0.5126,-0.4979,-0.4864,-0.477,-0.4694,-0.4629,-0.4574,-0.4526,-0.4485,-0.7278,-0.753,-0.7755,-0.7959,-0.824,-0.8889,-1.0472,-1.3394,-1.4783,-1.1387,-0.7878,-0.592,-0.4904,-0.4426,-0.4413,-0.5022,-0.6558,-0.9342,-1.241,-1.2326,-1.0041,-0.8202,-0.7055,-0.6324,-0.5832,-0.5486,-0.5236,-0.5052,-0.4912,-0.4803,-0.4716,-0.4644,-0.4583,-0.4531,-0.4486,-0.4446,-0.7577,-0.793,-0.8226,-0.8384,-0.8419,-0.8606,-0.9504,-1.1511,-1.2338,-0.9414,-0.6588,-0.5018,-0.4111,-0.353,-0.3291,-0.3759,-0.531,-0.7946,-1.065,-1.0844,-0.9216,-0.7772,-0.6796,-0.6136,-0.5676,-0.5351,-0.5119,-0.4951,-0.4826,-0.473,-0.4653,-0.4588,-0.4532,-0.4483,-0.4441,-0.4404,-0.7925,-0.8479,-0.9011,-0.9266,-0.8984,-0.8387,-0.799,-0.7814,-0.7109,-0.5709,-0.4643,-0.392,-0.324,-0.2443,-0.1539,-0.1578,-0.3436,-0.5879,-0.774,-0.8312,-0.7849,-0.7096,-0.6407,-0.5861,-0.5455,-0.5166,-0.4966,-0.4827,-0.4726,-0.4649,-0.4584,-0.4528,-0.4477,-0.4432,-0.4392,-0.4357,-0.8255,-0.9116,-1.0179,-1.1002,-1.0479,-0.8781,-0.722,-0.5571,-0.328,-0.2131,-0.2795,-0.2988,-0.2529,-0.1507,0.0904,0.2086,-0.1758,-0.5085,-0.6866,-0.7402,-0.7172,-0.6624,-0.6041,-0.5551,-0.5187,-0.494,-0.4784,-0.4686,-0.4618,-0.4564,-0.4515,-0.4467,-0.442,-0.4377,-0.4338,-0.4305,-0.8423,-0.9547,-1.1236,-1.3163,-1.2658,-0.951,-0.7401,-0.5301,-0.0292,0.2054,-0.1574,-0.2464,-0.2068,-0.1277,0.0717,0.2166,-0.2543,-0.6615,-0.8395,-0.82,-0.7317,-0.6434,-0.5728,-0.5215,-0.4875,-0.4677,-0.458,-0.4538,-0.4512,-0.4485,-0.445,-0.4407,-0.4362,-0.4318,-0.4279,-0.4247,-0.8291,-0.9379,-1.0995,-1.2792,-1.2219,-0.9406,-0.8373,-0.8166,-0.4066,-0.0722,-0.2226,-0.2369,-0.1688,-0.0743,-0.1045,-0.2341,-0.6135,-1.1838,-1.3242,-1.0357,-0.7831,-0.6277,-0.5362,-0.4825,-0.4519,-0.4382,-0.4366,-0.4397,-0.4423,-0.4422,-0.4396,-0.4352,-0.4302,-0.4253,-0.4211,-0.418,-0.7871,-0.8649,-0.9582,-1.0237,-0.9731,-0.8745,-0.9181,-1.0863,-0.889,-0.4861,-0.3166,-0.2379,-0.1761,-0.0422,-0.1055,-0.4004,-0.9276,-2.0263,-2.0443,-1.2116,-0.7764,-0.5729,-0.4799,-0.4381,-0.417,-0.4096,-0.4171,-0.4292,-0.437,-0.4388,-0.4358,-0.4301,-0.4234,-0.4174,-0.4128,-0.4098,-0.7312,-0.7768,-0.8185,-0.8352,-0.8147,-0.8008,-0.8595,-0.9651,-0.8443,-0.5154,-0.3215,-0.2252,-0.2028,-0.1992,-0.2695,-0.5907,-1.0179,-1.5531,-1.5876,-0.9968,-0.6077,-0.4372,-0.3922,-0.3942,-0.3974,-0.3935,-0.4067,-0.4268,-0.4384,-0.4399,-0.434,-0.4245,-0.4146,-0.4067,-0.4017,-0.3993,-0.6752,-0.699,-0.7159,-0.7193,-0.7108,-0.7074,-0.721,-0.7145,-0.5975,-0.4037,-0.2785,-0.2451,-0.2273,-0.2017,-0.3581,-0.9477,-1.5349,-1.0989,-0.8765,-0.5551,-0.2592,-0.1889,-0.2631,-0.3441,-0.3893,-0.3993,-0.4167,-0.4401,-0.4507,-0.4469,-0.4335,-0.4164,-0.401,-0.3907,-0.386,-0.3855,-0.6249,-0.6357,-0.6405,-0.6373,-0.627,-0.6131,-0.5915,-0.5407,-0.4362,-0.2918,-0.1553,-0.2611,-0.25,-0.2417,-0.3708,-0.8294,-1.2456,-0.8189,-0.4921,-0.1736,0.22,0.1465,-0.1213,-0.29,-0.3825,-0.4281,-0.4593,-0.4793,-0.479,-0.4607,-0.4317,-0.4008,-0.3769,-0.3648,-0.363,-0.3672,-0.5817,-0.5844,-0.5821,-0.5736,-0.5585,-0.5356,-0.5003,-0.4438,-0.3606,-0.2578,-0.1646,-0.2052,-0.1767,-0.1492,-0.235,-0.3796,-0.4827,-0.347,-0.1748,-0.0175,0.2952,0.205,-0.079,-0.2766,-0.4137,-0.507,-0.5549,-0.5567,-0.5272,-0.48,-0.4232,-0.3686,-0.3327,-0.3226,-0.3304,-0.3443,-0.5449,-0.5424,-0.5355,-0.5232,-0.5046,-0.4781,-0.4412,-0.3915,-0.3302,-0.2666,-0.2194,-0.1923,-0.1377,-0.0988,0.0229,0.072,-0.0651,-0.0257,0.0751,0.0376,0.0662,0.019,-0.1338,-0.3163,-0.5074,-0.6757,-0.7347,-0.6798,-0.5932,-0.5012,-0.4016,-0.3074,-0.2562,-0.2599,-0.2891,-0.3192,-0.5137,-0.5078,-0.498,-0.4835,-0.4634,-0.4367,-0.4026,-0.3609,-0.3139,-0.2665,-0.223,-0.1769,-0.1082,0.0484,0.5358,0.7312,0.2129,0.078,0.1223,0.1827,0.0899,-0.0263,-0.1674,-0.3625,-0.6284,-0.9235,-0.9879,-0.8159,-0.6595,-0.5218,-0.372,-0.2221,-0.1555,-0.1904,-0.2512,-0.2992,-0.4874,-0.4794,-0.4678,-0.4523,-0.4321,-0.4067,-0.3761,-0.3405,-0.3012,-0.2599,-0.2154,-0.1598,-0.0703,0.1174,0.4861,0.5973,0.2582,0.1559,0.3511,0.4576,0.1837,0.01,-0.1388,-0.3517,-0.6536,-0.9788,-1.0441,-0.8651,-0.7012,-0.5448,-0.3712,-0.1881,-0.1126,-0.1656,-0.2403,-0.2943,-0.4653,-0.456,-0.4436,-0.4278,-0.4082,-0.3846,-0.3571,-0.3257,-0.2911,-0.2531,-0.2095,-0.1539,-0.073,0.0505,0.1955,0.2356,0.1585,0.1451,0.2525,0.2913,0.1693,0.0893,-0.0082,-0.2394,-0.5614,-0.8422,-0.9853,-0.9062,-0.7197,-0.5659,-0.4205,-0.2714,-0.1969,-0.2183,-0.2674,-0.3078,-0.4468,-0.4367,-0.4241,-0.4085,-0.3899,-0.3681,-0.3432,-0.3151,-0.284,-0.2493,-0.2093,-0.1606,-0.0992,-0.0258,0.0414,0.071,0.069,0.0819,0.1221,0.1474,0.177,0.2998,0.3116,-0.0152,-0.4351,-0.8063,-1.0783,-0.9302,-0.666,-0.5542,-0.4703,-0.376,-0.3123,-0.299,-0.3131,-0.3325,-0.4314,-0.421,-0.4084,-0.3934,-0.3759,-0.3558,-0.3332,-0.3079,-0.28,-0.2489,-0.214,-0.1739,-0.1287,-0.0813,-0.0402,-0.0135,0.0027,0.022,0.0517,0.099,0.2181,0.48,0.5617,0.1578,-0.3001,-0.6341,-0.795,-0.6847,-0.5173,-0.5103,-0.4873,-0.4331,-0.3848,-0.3598,-0.3541,-0.3577,-0.4185,-0.4081,-0.3958,-0.3815,-0.3652,-0.3467,-0.3262,-0.3034,-0.2786,-0.2513,-0.2215,-0.189,-0.1546,-0.1207,-0.0907,-0.0669,-0.0472,-0.0259,0.0042,0.0571,0.1634,0.3208,0.3398,0.0852,-0.2358,-0.4737,-0.5816,-0.5534,-0.4953,-0.4968,-0.4857,-0.4524,-0.418,-0.394,-0.3815,-0.3771]},{"header":{"la1":42.85,"la2":41.18,"lo1":11.55,"lo2":14.05,"nx":36,"ny":24,"dx":0.07143,"dy":0.07261,"parameterCategory":2,"parameterNumber":3,"parameterNumberName":"northward_wind","parameterUnit":"m.s-1"},"data":[-0.7996,-0.7957,-0.7902,-0.7833,-0.775,-0.7658,-0.7565,-0.7481,-0.7408,-0.7343,-0.727,-0.7173,-0.7039,-0.6858,-0.6632,-0.6371,-0.6095,-0.5831,-0.5611,-0.5458,-0.5379,-0.5363,-0.5392,-0.5447,-0.5514,-0.5584,-0.5655,-0.5724,-0.5791,-0.5858,-0.5924,-0.599,-0.6054,-0.6118,-0.618,-0.624,-0.8066,-0.8023,-0.7961,-0.7876,-0.7769,-0.7646,-0.7524,-0.7422,-0.7353,-0.7312,-0.7272,-0.72,-0.707,-0.6869,-0.6595,-0.6259,-0.5889,-0.5531,-0.524,-0.506,-0.5,-0.5034,-0.5122,-0.523,-0.5339,-0.5442,-0.5537,-0.5625,-0.5708,-0.5788,-0.5866,-0.5943,-0.6018,-0.6091,-0.6161,-0.6228,-0.8144,-0.8099,-0.8028,-0.7922,-0.7778,-0.7601,-0.7418,-0.7272,-0.7206,-0.7218,-0.725,-0.7235,-0.7127,-0.6908,-0.6574,-0.6133,-0.5616,-0.5097,-0.4687,-0.4476,-0.4475,-0.4611,-0.4801,-0.4989,-0.5156,-0.5298,-0.5419,-0.5527,-0.5626,-0.572,-0.581,-0.5899,-0.5985,-0.6068,-0.6148,-0.6224,-0.8231,-0.8187,-0.8109,-0.798,-0.7785,-0.7515,-0.7203,-0.6946,-0.687,-0.6997,-0.7187,-0.7287,-0.7229,-0.6998,-0.6594,-0.6009,-0.5261,-0.4455,-0.3818,-0.3579,-0.3733,-0.4078,-0.4438,-0.474,-0.4975,-0.5158,-0.5306,-0.5432,-0.5546,-0.5654,-0.5758,-0.5859,-0.5958,-0.6053,-0.6143,-0.6228,-0.8327,-0.8291,-0.8214,-0.8069,-0.7816,-0.7406,-0.6837,-0.6284,-0.614,-0.654,-0.7073,-0.7382,-0.7402,-0.7171,-0.6697,-0.594,-0.4848,-0.3509,-0.2402,-0.2163,-0.2712,-0.3459,-0.4074,-0.4511,-0.4814,-0.5032,-0.5201,-0.5342,-0.547,-0.5592,-0.571,-0.5826,-0.5938,-0.6047,-0.6149,-0.6244,-0.8429,-0.8407,-0.8346,-0.8211,-0.7928,-0.7368,-0.6381,-0.5117,-0.4693,-0.5772,-0.6988,-0.7586,-0.7685,-0.746,-0.6947,-0.6045,-0.4543,-0.2325,-0.0238,-0.0113,-0.1533,-0.2903,-0.3801,-0.4349,-0.4694,-0.4929,-0.5107,-0.5258,-0.5397,-0.5533,-0.5667,-0.58,-0.5929,-0.6052,-0.6168,-0.6274,-0.8527,-0.8524,-0.8495,-0.8412,-0.8187,-0.7616,-0.6318,-0.4083,-0.3065,-0.5293,-0.7272,-0.8019,-0.8108,-0.7888,-0.741,-0.65,-0.4775,-0.1781,0.1521,0.1437,-0.0937,-0.2732,-0.3735,-0.429,-0.4622,-0.4846,-0.502,-0.5175,-0.5326,-0.5477,-0.563,-0.5783,-0.5932,-0.6074,-0.6205,-0.6324,-0.8608,-0.8612,-0.8612,-0.8613,-0.857,-0.8294,-0.7407,-0.567,-0.4924,-0.6873,-0.8369,-0.8742,-0.8647,-0.8438,-0.8129,-0.7424,-0.5882,-0.3239,-0.0387,-0.0165,-0.1822,-0.3147,-0.3901,-0.4324,-0.4584,-0.4771,-0.4932,-0.5089,-0.5252,-0.5423,-0.5601,-0.578,-0.5954,-0.6118,-0.6267,-0.6398,-0.8658,-0.8636,-0.8605,-0.8643,-0.8851,-0.9133,-0.9226,-0.9139,-0.9456,-1.0126,-1.0116,-0.9619,-0.9181,-0.903,-0.9157,-0.8885,-0.7475,-0.5473,-0.3714,-0.3065,-0.3359,-0.3818,-0.4154,-0.4377,-0.4539,-0.4681,-0.4826,-0.4988,-0.517,-0.5371,-0.5582,-0.5795,-0.6001,-0.6191,-0.6361,-0.6506,-0.8683,-0.8585,-0.8384,-0.8218,-0.8606,-0.9659,-1.0766,-1.1951,-1.359,-1.4027,-1.2107,-1.0369,-0.9524,-0.9458,-1.0493,-1.1085,-0.8806,-0.6735,-0.5389,-0.4639,-0.4338,-0.4273,-0.4298,-0.4358,-0.4441,-0.4548,-0.4687,-0.4864,-0.5078,-0.5321,-0.5578,-0.5838,-0.6084,-0.6308,-0.65,-0.6658,-0.8719,-0.8544,-0.8094,-0.7381,-0.7713,-0.9869,-1.1871,-1.3617,-1.7083,-1.8839,-1.3609,-1.0621,-0.9558,-0.9434,-1.0348,-1.1144,-0.8648,-0.6782,-0.575,-0.5085,-0.4623,-0.4348,-0.4226,-0.4211,-0.4261,-0.4357,-0.4503,-0.4711,-0.4975,-0.5278,-0.5601,-0.5922,-0.6223,-0.6486,-0.6703,-0.687,-0.8808,-0.8661,-0.8249,-0.759,-0.8064,-1.0581,-1.291,-1.4239,-1.5518,-1.634,-1.2635,-1.0193,-0.9405,-0.9555,-0.9262,-0.8529,-0.7183,-0.608,-0.5562,-0.4982,-0.4423,-0.4057,-0.3915,-0.3934,-0.4019,-0.4124,-0.4283,-0.4534,-0.4867,-0.5255,-0.5668,-0.6074,-0.6444,-0.6755,-0.6995,-0.7164,-0.8943,-0.893,-0.8851,-0.8887,-0.969,-1.1525,-1.3597,-1.5019,-1.4378,-1.2902,-1.093,-0.963,-0.9138,-0.9648,-0.9111,-0.714,-0.5646,-0.5715,-0.5645,-0.4604,-0.3784,-0.3361,-0.3347,-0.3575,-0.3816,-0.3937,-0.4071,-0.4356,-0.4772,-0.5272,-0.5809,-0.6332,-0.6793,-0.7158,-0.7413,-0.7566,-0.9068,-0.918,-0.9347,-0.9703,-1.0464,-1.1679,-1.3099,-1.4204,-1.3579,-1.1541,-0.9965,-0.9511,-0.9284,-0.7131,-0.712,-0.4523,-0.2289,-0.4044,-0.4574,-0.3495,-0.2374,-0.1979,-0.2404,-0.3141,-0.3752,-0.3923,-0.3944,-0.4216,-0.4717,-0.5362,-0.6072,-0.6761,-0.7343,-0.7764,-0.8012,-0.8113,-0.9135,-0.9308,-0.9552,-0.9929,-1.0493,-1.1217,-1.193,-1.2243,-1.1592,-1.029,-0.9332,-0.8793,-0.7505,-0.5099,-0.5631,0.0529,0.7495,0.0162,-0.2378,-0.1396,0.0736,0.0831,-0.0851,-0.2428,-0.3437,-0.3782,-0.3809,-0.4087,-0.47,-0.5554,-0.6527,-0.7466,-0.8215,-0.8681,-0.8866,-0.8846,-0.9131,-0.931,-0.9541,-0.9839,-1.0203,-1.058,-1.0838,-1.0773,-1.0245,-0.9495,-0.9092,-0.8923,-0.835,-0.702,-0.5584,-0.0343,0.4478,-0.0165,-0.1881,0.0873,0.6876,0.5517,0.0962,-0.1539,-0.2665,-0.311,-0.3331,-0.3784,-0.465,-0.5865,-0.7272,-0.8622,-0.9611,-1.0068,-1.0065,-0.9797,-0.907,-0.9226,-0.941,-0.9618,-0.9832,-1.0004,-1.0057,-0.9912,-0.9566,-0.9186,-0.9035,-0.8934,-0.9458,-0.9582,-0.6967,-0.4459,-0.2911,-0.3608,-0.3784,-0.0033,0.7606,0.5968,0.112,-0.1154,-0.1868,-0.1957,-0.2186,-0.3026,-0.4444,-0.6293,-0.8441,-1.0509,-1.1847,-1.2132,-1.1677,-1.0953,-0.8969,-0.9094,-0.9228,-0.9362,-0.9477,-0.9543,-0.9521,-0.939,-0.9175,-0.8966,-0.8848,-0.8894,-0.9654,-0.9695,-0.7861,-0.6768,-0.5734,-0.6208,-0.7434,-0.4069,-0.0075,0.072,-0.0602,-0.136,-0.0958,0.0161,0.0232,-0.1557,-0.4037,-0.6824,-1.0109,-1.3428,-1.5258,-1.496,-1.3602,-1.2178,-0.8847,-0.894,-0.9031,-0.9112,-0.9167,-0.9179,-0.9132,-0.9024,-0.8874,-0.8726,-0.8618,-0.8593,-0.8653,-0.8451,-0.846,-0.8609,-0.6913,-0.653,-0.6862,-0.5431,-0.3712,-0.2538,-0.2225,-0.174,0.0058,0.365,0.4385,0.0156,-0.3764,-0.7381,-1.1888,-1.6966,-1.9352,-1.7901,-1.531,-1.3149,-0.8716,-0.8781,-0.8839,-0.8882,-0.8901,-0.8886,-0.883,-0.8734,-0.8612,-0.8483,-0.8362,-0.8255,-0.8144,-0.8041,-0.8273,-0.8278,-0.7046,-0.6236,-0.5933,-0.5884,-0.4893,-0.3927,-0.3298,-0.2412,-0.0309,0.4018,0.4983,-0.068,-0.4402,-0.78,-1.2485,-1.8352,-2.1005,-1.8942,-1.5854,-1.3456,-0.8583,-0.8626,-0.8659,-0.8677,-0.8673,-0.8642,-0.858,-0.8491,-0.8379,-0.8254,-0.8121,-0.798,-0.7832,-0.7702,-0.7616,-0.735,-0.6725,-0.6128,-0.581,-0.5616,-0.5074,-0.4541,-0.4125,-0.3474,-0.2472,-0.2033,-0.4166,-0.4755,-0.5937,-0.8118,-1.1368,-1.5635,-1.7964,-1.698,-1.4851,-1.2968,-0.8455,-0.848,-0.8495,-0.8494,-0.8475,-0.8434,-0.8368,-0.8281,-0.8173,-0.8049,-0.791,-0.7758,-0.7592,-0.7416,-0.7212,-0.6913,-0.6495,-0.6067,-0.5727,-0.5429,-0.5093,-0.4884,-0.4781,-0.4428,-0.4192,-0.5037,-0.6747,-0.6588,-0.7735,-0.881,-1.0147,-1.2305,-1.3917,-1.3986,-1.3088,-1.1989,-0.8333,-0.8345,-0.8345,-0.8332,-0.8302,-0.8254,-0.8186,-0.8098,-0.7993,-0.787,-0.773,-0.7575,-0.7401,-0.7207,-0.698,-0.6701,-0.6373,-0.6033,-0.5716,-0.5418,-0.5143,-0.4999,-0.4992,-0.4885,-0.4973,-0.5597,-0.65,-0.7973,-1.0227,-0.9999,-0.9745,-1.0481,-1.1365,-1.1699,-1.1462,-1.0939,-0.822,-0.822,-0.821,-0.8187,-0.815,-0.8097,-0.8027,-0.794,-0.7837,-0.7716,-0.7579,-0.7426,-0.7254,-0.706,-0.6841,-0.6591,-0.6316,-0.6032,-0.5753,-0.5488,-0.525,-0.509,-0.505,-0.5117,-0.5383,-0.5975,-0.6989,-0.8791,-1.055,-1.0195,-0.9563,-0.9641,-1.0024,-1.0281,-1.0268,-1.0047]}]