docs/data/wind_grid.json
[{"header":{"la1":42.85,"la2":41.18,"lo1":11.55,"lo2":14.05,"nx":36,"ny":24,"dx":0.07143,"dy":0.07261,"parameterCategory":2,"parameterNumber":2,"parameterNumberName":"eastward_wind","parameterUnit":"m.s-1"},"data":[0.7493,0.728,0.7021,0.6721,0.6395,0.6071,0.5791,0.5601,0.5532,0.5586,0.5735,0.5931,0.613,0.6295,0.6403,0.6436,0.6376,0.6206,0.5915,0.552,0.5077,0.4679,0.4411,0.4302,0.4317,0.4399,0.4502,0.4598,0.4678,0.4741,0.479,0.4829,0.4861,0.4888,0.4912,0.4935,0.7633,0.7389,0.7074,0.6685,0.6237,0.5768,0.5344,0.5054,0.4966,0.5089,0.5365,0.5704,0.6032,0.6302,0.6488,0.6576,0.6543,0.6354,0.5968,0.5379,0.4675,0.4049,0.3693,0.3646,0.3797,0.4014,0.4218,0.4382,0.4505,0.4594,0.466,0.4711,0.4751,0.4785,0.4815,0.4844,0.7833,0.7564,0.719,0.6692,0.6071,0.5365,0.4681,0.419,0.4057,0.4313,0.4823,0.5401,0.5921,0.6331,0.6623,0.6794,0.6826,0.6656,0.6169,0.5269,0.4052,0.2958,0.2487,0.2663,0.312,0.3573,0.3923,0.4168,0.4335,0.4448,0.4528,0.4588,0.4636,0.4677,0.4713,0.4748,0.8112,0.7837,0.7416,0.68,0.5947,0.4865,0.3691,0.2764,0.2518,0.3064,0.4038,0.5018,0.5812,0.6399,0.6817,0.7103,0.7268,0.7232,0.6736,0.5386,0.3114,0.0934,0.0386,0.1249,0.2334,0.314,0.3658,0.3978,0.4177,0.4306,0.4395,0.4461,0.4515,0.4562,0.4606,0.4647,0.8488,0.8243,0.7816,0.7107,0.5988,0.4354,0.2268,0.0321,-0.0242,0.1031,0.2976,0.4608,0.5753,0.6529,0.7071,0.7491,0.7883,0.8244,0.8138,0.6385,0.2101,-0.2635,-0.2873,-0.0321,0.1696,0.2851,0.3483,0.3833,0.4038,0.4167,0.4257,0.4327,0.4386,0.4441,0.4491,0.454,0.8968,0.8804,0.8449,0.7742,0.6419,0.4139,0.0598,-0.3659,-0.5163,-0.1953,0.1861,0.4343,0.5824,0.6751,0.7385,0.7906,0.8552,0.9675,1.1033,0.9583,0.2974,-0.487,-0.4582,-0.0675,0.1689,0.2855,0.3435,0.3737,0.391,0.4022,0.4107,0.418,0.4246,0.4309,0.4369,0.4427,0.9534,0.9496,0.9297,0.8769,0.7476,0.4806,0.0028,-0.7211,-1.0436,-0.409,0.1547,0.4493,0.6101,0.7097,0.7774,0.8298,0.8982,1.0615,1.3943,1.327,0.6334,0.0696,-0.044,0.1158,0.2441,0.3129,0.3473,0.3652,0.3765,0.3853,0.3934,0.4014,0.4091,0.4166,0.4238,0.4307,1.0153,1.0225,1.0123,0.9876,0.9029,0.6598,0.2326,-0.3447,-0.5852,-0.1401,0.2727,0.5102,0.6557,0.7577,0.8334,0.8784,0.91,0.9936,1.1503,1.0479,0.6936,0.4964,0.3626,0.326,0.3332,0.342,0.3465,0.3502,0.3556,0.3632,0.3723,0.382,0.3917,0.4011,0.4099,0.4182,1.0819,1.0986,1.0596,1.0007,1.0389,0.8791,0.5703,0.2712,0.1446,0.2371,0.413,0.5758,0.7014,0.8145,0.9323,0.9842,0.9437,0.9133,0.8906,0.7708,0.6106,0.59,0.5097,0.4288,0.3766,0.3432,0.3243,0.3185,0.3228,0.3331,0.3461,0.3596,0.3725,0.3843,0.3952,0.4051,1.1553,1.2145,1.2325,1.2231,1.3323,1.1179,0.8073,0.537,0.295,0.2341,0.4288,0.6102,0.7244,0.848,1.1039,1.2399,1.0179,0.9046,0.8357,0.7347,0.6314,0.5972,0.531,0.4389,0.3549,0.2939,0.2632,0.2596,0.2728,0.2931,0.3145,0.3343,0.3517,0.3668,0.38,0.3917,1.2207,1.3556,1.6141,2.1312,2.0243,1.3559,0.9585,0.6616,0.064,-0.228,0.3741,0.6369,0.7125,0.7723,1.0319,1.236,0.9993,0.9257,0.8761,0.7815,0.6787,0.5954,0.4989,0.3777,0.2547,0.1681,0.142,0.163,0.203,0.2439,0.2791,0.3076,0.3305,0.3492,0.3648,0.3783,1.2454,1.4018,1.6876,2.106,1.9811,1.365,1.0673,0.9695,0.5309,0.1914,0.548,0.6998,0.6838,0.6114,0.648,0.8327,0.9135,1.0267,1.0264,0.8635,0.7053,0.5718,0.4289,0.2472,0.0437,-0.0835,-0.0681,0.0238,0.1178,0.1909,0.2439,0.2822,0.3105,0.3323,0.35,0.3651,1.2219,1.3362,1.4884,1.6063,1.4974,1.2387,1.1265,1.1934,1.0579,0.8161,0.7983,0.7754,0.7003,0.4881,0.4674,0.7098,0.88,1.3106,1.3178,0.9269,0.6909,0.5182,0.3346,0.0632,-0.3137,-0.528,-0.3762,-0.1362,0.0369,0.1462,0.2157,0.2615,0.2933,0.3169,0.3358,0.3521,1.1739,1.2401,1.3018,1.3206,1.2603,1.166,1.1263,1.1491,1.1081,1.0313,0.9886,0.8184,0.7353,0.6975,0.6655,0.565,0.7811,1.0935,1.1095,0.8257,0.5907,0.4224,0.2458,-0.0753,-0.6464,-0.9796,-0.6216,-0.232,-0.0036,0.1248,0.2006,0.2481,0.2798,0.303,0.3221,0.3392,1.1248,1.1615,1.1875,1.1894,1.1643,1.1325,1.1199,1.1288,1.157,1.2478,1.3353,1.2121,0.9643,0.7974,0.7635,0.576,1.4067,1.0274,0.8359,0.6011,0.364,0.2584,0.1803,-0.0462,-0.4767,-0.7382,-0.486,-0.1747,0.02,0.1333,0.2007,0.2419,0.2688,0.2893,0.3077,0.3256,1.0843,1.1069,1.1218,1.1258,1.1214,1.1186,1.1302,1.1701,1.2747,1.5399,2.065,1.7622,1.4583,1.1048,0.988,1.0334,1.2978,0.9431,0.635,0.3373,-0.0245,0.0134,0.1233,0.0524,-0.1224,-0.2321,-0.1644,-0.0285,0.085,0.1627,0.211,0.2389,0.2565,0.2725,0.2906,0.3104,1.053,1.0697,1.0824,1.0911,1.0989,1.1127,1.1424,1.2044,1.3328,1.5953,1.9926,1.782,1.7527,1.7727,1.2704,1.0849,0.9338,0.6057,0.2939,0.1625,-0.0981,-0.0365,0.1067,0.1111,0.0546,0.0147,0.0296,0.0848,0.1481,0.1967,0.223,0.2311,0.235,0.2469,0.268,0.2931,1.0288,1.0431,1.056,1.0684,1.0831,1.1052,1.1421,1.2043,1.3058,1.4499,1.5741,1.6004,1.7877,1.8227,1.4949,1.324,0.8784,0.1564,-0.3772,-0.0176,0.0635,0.0852,0.1259,0.1304,0.0993,0.0569,0.0594,0.1252,0.1927,0.2285,0.23,0.2081,0.1929,0.2068,0.2396,0.2749,1.009,1.0222,1.0355,1.0498,1.0676,1.092,1.1274,1.1787,1.2479,1.3272,1.3945,1.4458,1.513,1.5698,1.8963,2.0628,1.0678,0.1912,-0.2369,-0.1185,0.0164,0.0834,0.1092,0.1179,0.084,-0.0438,-0.0702,0.124,0.2418,0.2671,0.2342,0.1665,0.1288,0.1587,0.213,0.2613,0.9917,1.0041,1.0172,1.032,1.0498,1.0727,1.1029,1.1417,1.188,1.2365,1.2798,1.318,1.3631,1.4647,1.7746,1.8313,1.0683,0.3543,-0.1848,-0.3371,-0.0781,-0.0002,0.0228,0.0738,0.1039,-0.0335,-0.0714,0.2594,0.3502,0.329,0.2568,0.1504,0.0984,0.1415,0.2073,0.2605,0.9756,0.9872,0.9995,1.0133,1.0296,1.0492,1.0731,1.1011,1.1319,1.1622,1.1891,1.2127,1.2396,1.2863,1.3422,1.2404,0.8662,0.406,0.0058,-0.1367,-0.1141,-0.203,-0.2258,-0.0562,0.1752,0.4114,0.7699,0.705,0.5155,0.411,0.3187,0.2181,0.1658,0.1871,0.2339,0.2764,0.9601,0.9705,0.9816,0.9937,1.0075,1.0232,1.0409,1.0602,1.0797,1.0973,1.111,1.1197,1.1234,1.1186,1.0817,0.96,0.7302,0.446,0.186,-0.0109,-0.2696,-0.7145,-0.8386,-0.3652,0.1528,0.6511,1.1427,0.9052,0.5798,0.4709,0.3917,0.3137,0.2654,0.2596,0.2784,0.3034,0.9448,0.9539,0.9633,0.9734,0.9843,0.9961,1.0083,1.0205,1.0313,1.0391,1.042,1.0379,1.0236,0.9924,0.9299,0.8182,0.6526,0.4514,0.2361,-0.0176,-0.4422,-1.1419,-1.3424,-0.6238,0.0392,0.489,0.7338,0.6427,0.5107,0.4893,0.4378,0.3781,0.3363,0.3193,0.321,0.3323,0.9297,0.9372,0.9449,0.9528,0.9608,0.9689,0.9764,0.9828,0.9868,0.9871,0.9816,0.9681,0.943,0.9009,0.8343,0.736,0.6046,0.4445,0.2555,0.011,-0.348,-0.786,-0.8827,-0.4632,0.0076,0.3314,0.4952,0.5149,0.4978,0.4874,0.4503,0.4077,0.3757,0.3584,0.3537,0.3575]},{"header":{"la1":42.85,"la2":41.18,"lo1":11.55,"lo2":14.05,"nx":36,"ny":24,"dx":0.07143,"dy":0.07261,"parameterCategory":2,"parameterNumber":3,"parameterNumberName":"northward_wind","parameterUnit":"m.s-1"},"data":[0.0952,0.0777,0.0575,0.0351,0.0113,-0.0121,-0.0323,-0.0463,-0.0519,-0.0489,-0.0396,-0.0273,-0.0152,-0.0055,0.0005,0.0021,-0.0012,-0.0095,-0.0227,-0.0393,-0.056,-0.0677,-0.0696,-0.0603,-0.0416,-0.0172,0.0095,0.0365,0.0623,0.0867,0.1093,0.1303,0.1495,0.1672,0.1834,0.1982,0.0964,0.0764,0.0523,0.0239,-0.0081,-0.0414,-0.0716,-0.0925,-0.0994,-0.0917,-0.0738,-0.0521,-0.0322,-0.0169,-0.0074,-0.0043,-0.0079,-0.0191,-0.0386,-0.066,-0.0963,-0.1194,-0.1249,-0.1103,-0.0814,-0.0464,-0.0107,0.0231,0.0542,0.0824,0.108,0.1312,0.1522,0.1712,0.1885,0.2041,0.1006,0.0784,0.0502,0.0147,-0.0287,-0.078,-0.1263,-0.1614,-0.1714,-0.1541,-0.1197,-0.082,-0.0501,-0.027,-0.0131,-0.0076,-0.0105,-0.0237,-0.0505,-0.0944,-0.1504,-0.1972,-0.2079,-0.1794,-0.1306,-0.0785,-0.0306,0.0115,0.0481,0.0803,0.1087,0.1341,0.1567,0.1771,0.1953,0.2117,0.1087,0.0853,0.0539,0.0109,-0.0474,-0.122,-0.2046,-0.2709,-0.2888,-0.25,-0.1822,-0.1167,-0.0674,-0.0348,-0.0157,-0.0068,-0.007,-0.0183,-0.0493,-0.1156,-0.2221,-0.3231,-0.3384,-0.272,-0.1854,-0.1089,-0.0468,0.0037,0.0456,0.0813,0.1122,0.1394,0.1635,0.185,0.2041,0.2211,0.1214,0.0986,0.0664,0.0181,-0.0562,-0.1672,-0.314,-0.4549,-0.4959,-0.4024,-0.2631,-0.152,-0.0807,-0.0385,-0.0147,-0.0022,0.0036,0.0035,-0.0161,-0.1002,-0.2958,-0.5205,-0.5245,-0.3705,-0.2296,-0.1282,-0.0543,0.0023,0.048,0.0862,0.119,0.1476,0.1729,0.1953,0.2151,0.2326,0.1386,0.1186,0.0896,0.0429,-0.0408,-0.1915,-0.4403,-0.7527,-0.8645,-0.6239,-0.3453,-0.1749,-0.0841,-0.0361,-0.0102,0.0046,0.0178,0.0421,0.0753,0.008,-0.2778,-0.6369,-0.6188,-0.3982,-0.2343,-0.1258,-0.0491,0.0092,0.0561,0.0954,0.1293,0.159,0.1852,0.2082,0.2286,0.2463,0.1593,0.1427,0.1202,0.0855,0.0119,-0.1532,-0.4827,-1.0184,-1.2631,-0.7801,-0.364,-0.1651,-0.0728,-0.0269,-0.0024,0.0115,0.0259,0.0678,0.1754,0.1447,-0.1553,-0.3947,-0.4241,-0.3084,-0.1912,-0.1005,-0.0311,0.0239,0.0696,0.1088,0.1431,0.1735,0.2004,0.2241,0.2448,0.2626,0.1826,0.1665,0.1431,0.1231,0.0884,-0.037,-0.307,-0.7232,-0.9039,-0.5605,-0.2632,-0.1184,-0.0496,-0.0126,0.0102,0.0211,0.0247,0.0402,0.0785,0.0052,-0.2189,-0.2954,-0.2706,-0.2075,-0.132,-0.0633,-0.0054,0.0438,0.0869,0.1255,0.1602,0.1913,0.2189,0.2431,0.264,0.2818,0.2102,0.1936,0.1496,0.1086,0.1482,0.1053,-0.0386,-0.2138,-0.29,-0.2238,-0.1296,-0.0644,-0.0272,0.0018,0.035,0.0489,0.0304,0.0091,-0.0302,-0.1728,-0.446,-0.4074,-0.2429,-0.1473,-0.0806,-0.0262,0.0211,0.0646,0.1056,0.1442,0.1799,0.2122,0.2408,0.2656,0.2867,0.3043,0.2458,0.2456,0.2257,0.2084,0.2768,0.2551,0.1802,0.0709,-0.063,-0.1176,-0.0672,-0.0314,-0.0198,0.0035,0.0861,0.1344,0.0482,0.0046,-0.0389,-0.1539,-0.3406,-0.3219,-0.182,-0.0917,-0.0375,0.0026,0.0404,0.0804,0.1223,0.1635,0.2021,0.2367,0.2668,0.2923,0.3134,0.3304,0.2837,0.3139,0.3806,0.5261,0.5107,0.4079,0.3883,0.2904,-0.1099,-0.3059,-0.0602,-0.0158,-0.0334,-0.0364,0.048,0.125,0.0223,0.0065,0.0017,-0.0433,-0.1088,-0.1173,-0.0718,-0.0311,-0.0087,0.0096,0.0399,0.084,0.134,0.1829,0.2271,0.2655,0.2978,0.3241,0.345,0.3609,0.311,0.3537,0.4309,0.5365,0.5313,0.5194,0.6575,0.761,0.3233,-0.0421,0.0306,-0.0013,-0.0585,-0.0859,-0.1136,-0.0925,-0.0614,0.0356,0.0787,0.0507,0.0255,0.0172,0.0194,0.0092,-0.0211,-0.0368,-0.0015,0.0675,0.14,0.2038,0.257,0.3005,0.3353,0.3623,0.3824,0.3965,0.3235,0.3608,0.4115,0.4626,0.4992,0.5984,0.8558,1.1856,0.903,0.3723,0.1316,0.0085,-0.0746,-0.1359,-0.2165,-0.2871,-0.1905,0.1711,0.21,0.115,0.1054,0.1031,0.0826,0.0156,-0.1127,-0.1898,-0.1037,0.0344,0.1476,0.2319,0.2957,0.3447,0.3819,0.4089,0.4272,0.4382,0.3263,0.3554,0.3911,0.4316,0.4872,0.5953,0.7876,0.9952,0.8394,0.4207,0.1715,0.0179,-0.0507,-0.2695,-0.3617,-0.735,-0.4893,-0.025,0.128,0.1461,0.1719,0.1758,0.1422,0.0248,-0.2311,-0.3931,-0.2006,0.0262,0.1768,0.2768,0.3485,0.4019,0.4406,0.4664,0.481,0.4869,0.3242,0.3471,0.3747,0.4089,0.4559,0.5254,0.6111,0.652,0.5445,0.3638,0.2533,0.147,-0.0856,-0.3819,-0.408,-0.827,-0.3747,-0.1403,0.1092,0.2216,0.2404,0.2387,0.2175,0.1125,-0.1113,-0.2522,-0.0966,0.1056,0.2473,0.3458,0.4196,0.4758,0.5152,0.5378,0.5458,0.5434,0.3198,0.3375,0.3585,0.3835,0.4136,0.4471,0.4719,0.4617,0.4045,0.3617,0.435,0.4449,0.2302,-0.0764,-0.1905,-0.2924,-0.2187,0.065,0.3518,0.3805,0.2039,0.229,0.2964,0.2563,0.1543,0.0937,0.1488,0.2535,0.3516,0.436,0.5095,0.5701,0.6107,0.6272,0.6234,0.6078,0.3145,0.3277,0.3426,0.3587,0.3749,0.3878,0.3903,0.3755,0.3505,0.3526,0.4171,0.3696,0.2957,0.2485,0.0481,0.019,0.1973,0.6709,1.054,0.7522,0.2345,0.2782,0.4027,0.3987,0.353,0.3251,0.3407,0.3912,0.4592,0.535,0.6149,0.6883,0.7337,0.7385,0.7139,0.678,0.3092,0.3188,0.3286,0.3381,0.3457,0.3491,0.3453,0.3336,0.3197,0.3146,0.3141,0.291,0.2944,0.2747,0.1191,0.1504,0.5511,1.6092,2.5955,1.507,0.8309,0.6238,0.5819,0.5351,0.4727,0.4164,0.4112,0.4692,0.5473,0.6308,0.7287,0.8315,0.8883,0.8698,0.8105,0.7471,0.3048,0.3115,0.3178,0.323,0.3261,0.3256,0.3206,0.3115,0.3006,0.2904,0.2785,0.2605,0.2369,0.1681,-0.0657,-0.1478,0.5532,1.5904,2.2484,1.7729,1.2741,0.9397,0.7765,0.6643,0.532,0.3509,0.3135,0.4907,0.6239,0.7187,0.8323,0.9744,1.0472,0.9919,0.8914,0.8023,0.3016,0.3063,0.3103,0.3132,0.3141,0.3125,0.3081,0.3011,0.2926,0.2831,0.272,0.2571,0.232,0.1682,0.0033,-0.0056,0.5525,1.2599,1.9096,2.1036,1.5041,1.1417,0.9619,0.8125,0.6301,0.3663,0.3091,0.6077,0.7364,0.8045,0.8941,1.0311,1.1045,1.0361,0.9249,0.8301,0.2998,0.3032,0.306,0.3077,0.3081,0.3067,0.3035,0.2989,0.2934,0.2875,0.2814,0.2744,0.2644,0.2475,0.2378,0.3391,0.655,1.1077,1.5739,1.7061,1.447,1.3019,1.213,1.0311,0.8432,0.7838,0.9512,0.9406,0.8986,0.9026,0.9248,0.9836,1.0242,0.985,0.9064,0.8293,0.2994,0.3022,0.3044,0.3058,0.3064,0.3059,0.3045,0.3026,0.3006,0.2994,0.2996,0.3025,0.3101,0.3283,0.3756,0.4896,0.6957,0.9642,1.2119,1.337,1.4098,1.6261,1.6829,1.3366,1.0458,1.0163,1.1762,1.0996,1.0542,1.0328,0.9791,0.9525,0.9447,0.9176,0.8683,0.8126,0.3003,0.3028,0.305,0.3067,0.3079,0.3086,0.3092,0.31,0.3116,0.315,0.3215,0.333,0.353,0.388,0.4491,0.5504,0.6967,0.8718,1.044,1.2066,1.455,1.9082,2.0453,1.5462,1.1627,1.0517,1.0781,1.1222,1.2401,1.1871,1.0515,0.962,0.9137,0.8769,0.8367,0.7933,0.3023,0.3048,0.3072,0.3095,0.3116,0.3137,0.3162,0.3196,0.3244,0.3319,0.3433,0.3608,0.3876,0.4284,0.4891,0.5751,0.6866,0.8168,0.9583,1.1233,1.3582,1.6542,1.7208,1.4398,1.1709,1.0572,1.0568,1.1412,1.2633,1.2106,1.0716,0.9667,0.9006,0.8543,0.8144,0.7761]}]