docs/data/wind_grid.json
[{"header":{"la1":42.85,"la2":41.18,"lo1":11.55,"lo2":14.05,"nx":36,"ny":24,"dx":0.07143,"dy":0.07261,"parameterCategory":2,"parameterNumber":2,"parameterNumberName":"eastward_wind","parameterUnit":"m.s-1"},"data":[-0.5066,-0.5103,-0.5124,-0.5128,-0.5115,-0.5083,-0.5025,-0.4935,-0.4807,-0.4642,-0.4452,-0.4254,-0.4064,-0.3892,-0.3737,-0.3599,-0.3469,-0.3341,-0.3211,-0.308,-0.296,-0.2876,-0.2851,-0.2891,-0.2975,-0.3076,-0.3173,-0.3254,-0.3316,-0.3361,-0.3392,-0.3412,-0.3425,-0.3431,-0.3433,-0.3433,-0.5243,-0.5298,-0.5334,-0.5351,-0.5351,-0.5334,-0.5291,-0.5206,-0.5059,-0.4849,-0.4598,-0.4338,-0.4097,-0.3886,-0.3707,-0.3551,-0.3403,-0.3252,-0.3086,-0.2899,-0.2708,-0.2565,-0.2534,-0.2626,-0.2789,-0.2964,-0.3113,-0.3227,-0.3307,-0.3361,-0.3395,-0.3416,-0.3428,-0.3433,-0.3434,-0.3432,-0.545,-0.5531,-0.5586,-0.5618,-0.5636,-0.5647,-0.5645,-0.559,-0.543,-0.515,-0.4797,-0.4438,-0.4123,-0.3867,-0.3662,-0.349,-0.3327,-0.3151,-0.2941,-0.2668,-0.2332,-0.2048,-0.2004,-0.2224,-0.2549,-0.2845,-0.3066,-0.3216,-0.3313,-0.3372,-0.3406,-0.3425,-0.3434,-0.3436,-0.3434,-0.3431,-0.5697,-0.5815,-0.5897,-0.5942,-0.5973,-0.6028,-0.6118,-0.6166,-0.602,-0.5614,-0.5069,-0.4548,-0.413,-0.3821,-0.3595,-0.3415,-0.324,-0.3036,-0.2781,-0.2408,-0.179,-0.1128,-0.1073,-0.1636,-0.2281,-0.2757,-0.3058,-0.3237,-0.334,-0.3397,-0.3426,-0.3439,-0.3443,-0.3441,-0.3436,-0.3429,-0.5992,-0.6174,-0.6298,-0.6348,-0.6364,-0.6461,-0.6737,-0.7081,-0.704,-0.6357,-0.5423,-0.4638,-0.4088,-0.3727,-0.3492,-0.3321,-0.314,-0.2886,-0.258,-0.2206,-0.1192,0.0452,0.042,-0.0986,-0.2125,-0.2778,-0.3124,-0.3303,-0.3393,-0.3437,-0.3454,-0.3457,-0.3453,-0.3445,-0.3436,-0.3426,-0.6343,-0.664,-0.6854,-0.6902,-0.6822,-0.6875,-0.742,-0.8494,-0.8849,-0.7452,-0.5762,-0.4625,-0.3949,-0.3555,-0.3334,-0.3204,-0.3045,-0.267,-0.2109,-0.2038,-0.1341,0.1429,0.1205,-0.1012,-0.2363,-0.3,-0.3289,-0.3418,-0.3471,-0.3487,-0.3486,-0.3476,-0.3463,-0.3449,-0.3434,-0.3421,-0.6733,-0.7239,-0.7681,-0.7776,-0.7427,-0.7153,-0.7737,-0.9723,-1.0825,-0.8201,-0.571,-0.4374,-0.3664,-0.3268,-0.3073,-0.3033,-0.3009,-0.2599,-0.1367,-0.1592,-0.3097,-0.1943,-0.1529,-0.2477,-0.3134,-0.3427,-0.3536,-0.3564,-0.3559,-0.354,-0.3516,-0.3492,-0.3469,-0.3448,-0.3429,-0.3412,-0.7083,-0.7898,-0.8861,-0.9271,-0.8348,-0.7272,-0.7178,-0.835,-0.8939,-0.6822,-0.4876,-0.3828,-0.3231,-0.2836,-0.2609,-0.2669,-0.299,-0.3146,-0.281,-0.3978,-0.7444,-0.752,-0.5523,-0.4484,-0.4093,-0.3907,-0.3789,-0.3702,-0.3635,-0.3582,-0.3538,-0.35,-0.3468,-0.3441,-0.3418,-0.3398,-0.7238,-0.8266,-0.9845,-1.1027,-0.9188,-0.7208,-0.6235,-0.5848,-0.5292,-0.4321,-0.3601,-0.3139,-0.2732,-0.2265,-0.1727,-0.1726,-0.2683,-0.3775,-0.4938,-0.788,-1.3789,-1.2673,-0.813,-0.5801,-0.4751,-0.4236,-0.3955,-0.3787,-0.3678,-0.3601,-0.3543,-0.3496,-0.3458,-0.3425,-0.3399,-0.3378,-0.7092,-0.7955,-0.9082,-0.9716,-0.837,-0.6809,-0.5504,-0.4251,-0.2662,-0.1877,-0.2352,-0.2532,-0.2308,-0.1739,-0.0239,0.055,-0.2083,-0.4215,-0.5821,-0.819,-1.1796,-1.1256,-0.8051,-0.5981,-0.4885,-0.43,-0.3976,-0.3788,-0.3671,-0.359,-0.3528,-0.3477,-0.3435,-0.34,-0.3371,-0.3349,-0.6737,-0.7309,-0.7798,-0.7933,-0.7695,-0.6469,-0.5227,-0.3798,-0.0482,0.114,-0.1478,-0.2172,-0.2028,-0.1625,-0.0391,0.0575,-0.2731,-0.544,-0.6848,-0.747,-0.8113,-0.7851,-0.6599,-0.5395,-0.4581,-0.4103,-0.3845,-0.3704,-0.3616,-0.355,-0.3494,-0.3443,-0.3399,-0.3361,-0.3331,-0.3309,-0.6314,-0.6727,-0.7167,-0.7625,-0.7355,-0.6152,-0.5535,-0.5297,-0.2778,-0.0732,-0.1864,-0.2082,-0.1792,-0.1364,-0.1585,-0.2461,-0.4946,-0.9106,-1.0289,-0.828,-0.6934,-0.6133,-0.5356,-0.4615,-0.4043,-0.3718,-0.3597,-0.3559,-0.3529,-0.3491,-0.3445,-0.3395,-0.3348,-0.3307,-0.3276,-0.3256,-0.5872,-0.6149,-0.6419,-0.6563,-0.6264,-0.575,-0.5917,-0.6866,-0.5682,-0.3355,-0.2453,-0.2057,-0.1725,-0.1156,-0.1591,-0.3228,-0.6284,-1.6447,-1.6905,-0.9438,-0.6402,-0.5113,-0.4417,-0.3901,-0.3458,-0.3241,-0.3302,-0.3402,-0.3441,-0.3429,-0.3388,-0.3332,-0.3277,-0.3231,-0.3201,-0.3185,-0.5439,-0.5588,-0.5687,-0.5665,-0.548,-0.5333,-0.5582,-0.615,-0.5439,-0.3578,-0.2493,-0.1992,-0.1804,-0.1104,-0.2232,-0.3246,-0.5002,-1.0815,-1.2188,-0.7706,-0.5012,-0.3853,-0.3497,-0.3342,-0.3086,-0.2919,-0.311,-0.3305,-0.3385,-0.3381,-0.3326,-0.3251,-0.3177,-0.3122,-0.3094,-0.3089,-0.5045,-0.5103,-0.511,-0.5043,-0.4917,-0.4819,-0.4824,-0.4746,-0.4084,-0.3027,-0.231,-0.1939,-0.138,-0.0161,-0.2381,-0.3415,-0.713,-0.6301,-0.6214,-0.4408,-0.2285,-0.1772,-0.2364,-0.2869,-0.3027,-0.3011,-0.3156,-0.3325,-0.3389,-0.3356,-0.3257,-0.3133,-0.3024,-0.2957,-0.2939,-0.2958,-0.4704,-0.4706,-0.4666,-0.4577,-0.445,-0.4306,-0.413,-0.3816,-0.3244,-0.2533,-0.2054,-0.1953,-0.1672,-0.1385,-0.2346,-0.4184,-0.6182,-0.4873,-0.3786,-0.1649,0.2033,0.1294,-0.1149,-0.241,-0.2965,-0.3198,-0.3361,-0.347,-0.347,-0.3357,-0.3163,-0.2942,-0.2769,-0.2695,-0.2713,-0.2782,-0.4416,-0.4382,-0.4314,-0.4208,-0.4065,-0.3883,-0.3641,-0.33,-0.2842,-0.2347,-0.2023,-0.1818,-0.1043,-0.0701,-0.1598,-0.2493,-0.3221,-0.3068,-0.245,-0.0888,0.272,0.1795,-0.0834,-0.2256,-0.3039,-0.3505,-0.3741,-0.3772,-0.3645,-0.3385,-0.3009,-0.2599,-0.2321,-0.2272,-0.2388,-0.2559,-0.4174,-0.4118,-0.4033,-0.3915,-0.3761,-0.3567,-0.332,-0.3012,-0.2651,-0.2285,-0.1964,-0.1559,-0.0747,-0.0384,0.007,0.0164,-0.1234,-0.1971,-0.1974,-0.1557,-0.0492,-0.0466,-0.1456,-0.2488,-0.3419,-0.4182,-0.4467,-0.4279,-0.3924,-0.3442,-0.2762,-0.1995,-0.1549,-0.163,-0.1972,-0.2314,-0.3972,-0.3903,-0.3807,-0.3684,-0.3528,-0.3338,-0.3108,-0.2838,-0.2538,-0.2222,-0.1888,-0.1463,-0.0853,0.0265,0.3867,0.5426,0.0613,-0.1482,-0.1884,-0.1806,-0.154,-0.1485,-0.1923,-0.2761,-0.3936,-0.5225,-0.552,-0.4869,-0.4266,-0.3567,-0.2497,-0.1157,-0.0493,-0.0895,-0.1584,-0.2124,-0.3804,-0.3727,-0.3627,-0.3503,-0.3352,-0.3173,-0.2963,-0.2725,-0.2462,-0.2175,-0.1846,-0.1421,-0.0765,0.0566,0.3366,0.418,0.0829,-0.1145,-0.1853,-0.1976,-0.1684,-0.1545,-0.1831,-0.2687,-0.4038,-0.5473,-0.5768,-0.5158,-0.4618,-0.3875,-0.2583,-0.0834,-0.0024,-0.0633,-0.1487,-0.2097,-0.3665,-0.3584,-0.3484,-0.3363,-0.322,-0.3054,-0.2865,-0.2653,-0.2418,-0.2156,-0.1851,-0.1462,-0.091,-0.0074,0.0904,0.0995,-0.0096,-0.1119,-0.1639,-0.1704,-0.1312,-0.0787,-0.0864,-0.1981,-0.3598,-0.4945,-0.5604,-0.5468,-0.5094,-0.4506,-0.3345,-0.1819,-0.1003,-0.1259,-0.1823,-0.228,-0.3551,-0.3469,-0.337,-0.3255,-0.3122,-0.2969,-0.2799,-0.2609,-0.24,-0.2168,-0.1901,-0.1582,-0.1191,-0.0741,-0.0379,-0.0378,-0.0755,-0.1173,-0.1366,-0.1189,-0.0349,0.1259,0.1636,-0.0497,-0.2948,-0.4846,-0.5952,-0.579,-0.5906,-0.5597,-0.4512,-0.3246,-0.243,-0.2246,-0.2391,-0.2598,-0.3456,-0.3376,-0.3281,-0.3173,-0.3049,-0.2911,-0.2757,-0.2589,-0.2405,-0.2204,-0.1982,-0.1735,-0.1468,-0.1211,-0.1037,-0.102,-0.1139,-0.1262,-0.1222,-0.0803,0.0457,0.2913,0.3649,0.067,-0.2286,-0.4259,-0.5352,-0.6188,-0.7539,-0.7034,-0.5559,-0.4284,-0.3449,-0.3044,-0.2921,-0.2928,-0.338,-0.3301,-0.3212,-0.3111,-0.2997,-0.2872,-0.2735,-0.2586,-0.2427,-0.2256,-0.2074,-0.1884,-0.1696,-0.1531,-0.142,-0.1379,-0.1388,-0.1374,-0.1227,-0.0781,0.0202,0.1619,0.1875,0.0068,-0.2098,-0.3761,-0.5006,-0.639,-0.7753,-0.7256,-0.5886,-0.4751,-0.3987,-0.3533,-0.3298,-0.3195]},{"header":{"la1":42.85,"la2":41.18,"lo1":11.55,"lo2":14.05,"nx":36,"ny":24,"dx":0.07143,"dy":0.07261,"parameterCategory":2,"parameterNumber":3,"parameterNumberName":"northward_wind","parameterUnit":"m.s-1"},"data":[-0.6035,-0.6009,-0.5959,-0.5884,-0.5786,-0.5668,-0.5537,-0.5397,-0.5253,-0.51,-0.4932,-0.4742,-0.4525,-0.4281,-0.4015,-0.374,-0.3476,-0.3246,-0.3075,-0.2976,-0.2941,-0.2946,-0.2963,-0.2976,-0.2982,-0.2988,-0.2998,-0.3015,-0.3039,-0.3068,-0.3101,-0.3136,-0.3173,-0.3211,-0.3249,-0.3286,-0.6194,-0.6175,-0.6126,-0.6042,-0.5926,-0.5783,-0.5626,-0.5467,-0.5314,-0.5162,-0.4997,-0.4801,-0.4565,-0.4285,-0.3968,-0.3628,-0.3292,-0.3002,-0.2805,-0.2728,-0.2758,-0.2834,-0.2896,-0.2918,-0.2916,-0.2911,-0.2917,-0.2934,-0.2962,-0.2997,-0.3036,-0.3079,-0.3123,-0.3167,-0.3211,-0.3253,-0.6378,-0.6372,-0.6325,-0.623,-0.6084,-0.5899,-0.5694,-0.55,-0.5339,-0.5205,-0.5062,-0.4875,-0.4626,-0.431,-0.3929,-0.3499,-0.3052,-0.2659,-0.2417,-0.2399,-0.258,-0.2811,-0.2937,-0.2934,-0.2883,-0.2845,-0.2835,-0.285,-0.2882,-0.2924,-0.2972,-0.3022,-0.3074,-0.3125,-0.3175,-0.3223,-0.6591,-0.6609,-0.6572,-0.6464,-0.6274,-0.6012,-0.5713,-0.5442,-0.5269,-0.5191,-0.5118,-0.497,-0.4721,-0.437,-0.3917,-0.3365,-0.2741,-0.215,-0.1799,-0.1904,-0.2451,-0.3053,-0.3239,-0.3078,-0.2885,-0.2778,-0.2746,-0.2759,-0.2798,-0.2849,-0.2907,-0.2967,-0.3027,-0.3086,-0.3143,-0.3197,-0.6837,-0.6899,-0.6893,-0.6777,-0.6526,-0.6137,-0.5644,-0.5175,-0.4965,-0.505,-0.5156,-0.5099,-0.4867,-0.449,-0.3966,-0.3267,-0.2371,-0.1374,-0.0689,-0.0972,-0.2353,-0.3869,-0.3979,-0.3315,-0.2865,-0.268,-0.2636,-0.2658,-0.2709,-0.2773,-0.2842,-0.2913,-0.2983,-0.3051,-0.3115,-0.3176,-0.7116,-0.7258,-0.7324,-0.7227,-0.6903,-0.6335,-0.55,-0.4525,-0.4152,-0.4707,-0.521,-0.5292,-0.5085,-0.4698,-0.4133,-0.3304,-0.2069,-0.0333,0.1351,0.1016,-0.165,-0.4498,-0.4422,-0.3248,-0.268,-0.2506,-0.2493,-0.2542,-0.2615,-0.2697,-0.278,-0.2863,-0.2944,-0.3021,-0.3094,-0.3162,-0.7406,-0.7683,-0.7913,-0.7902,-0.7494,-0.6743,-0.5579,-0.3839,-0.3057,-0.4481,-0.5459,-0.561,-0.5391,-0.5017,-0.4485,-0.3631,-0.2177,0.0246,0.3391,0.3159,0.0092,-0.2179,-0.2776,-0.2426,-0.2248,-0.225,-0.2323,-0.2419,-0.252,-0.2622,-0.2722,-0.2819,-0.2912,-0.3,-0.3082,-0.3157,-0.7652,-0.8109,-0.8665,-0.8902,-0.8308,-0.7406,-0.6388,-0.4991,-0.4372,-0.5514,-0.6176,-0.6092,-0.577,-0.5452,-0.5099,-0.4398,-0.2996,-0.0787,0.16,0.193,0.1638,0.0897,-0.0546,-0.1353,-0.1743,-0.1981,-0.2156,-0.23,-0.243,-0.2552,-0.2669,-0.2782,-0.2889,-0.2989,-0.3081,-0.3164,-0.7759,-0.8319,-0.9239,-0.9963,-0.8912,-0.7987,-0.7575,-0.7325,-0.7417,-0.7673,-0.7346,-0.6675,-0.6142,-0.5961,-0.6118,-0.5826,-0.4326,-0.2357,-0.0517,0.1301,0.4214,0.3527,0.0779,-0.0708,-0.1415,-0.1788,-0.2021,-0.2195,-0.2346,-0.2488,-0.2625,-0.2756,-0.2879,-0.2993,-0.3096,-0.3186,-0.7677,-0.8074,-0.8636,-0.8977,-0.8241,-0.8163,-0.8577,-0.9293,-1.0446,-1.0644,-0.8832,-0.7182,-0.6354,-0.6338,-0.7698,-0.8522,-0.5637,-0.336,-0.1661,0.0327,0.2805,0.2504,0.0536,-0.0708,-0.135,-0.1699,-0.1923,-0.2102,-0.2269,-0.2431,-0.259,-0.2743,-0.2887,-0.3017,-0.3132,-0.3229,-0.7491,-0.7621,-0.7444,-0.6542,-0.6746,-0.8169,-0.9447,-1.0712,-1.3408,-1.4881,-1.0062,-0.7313,-0.6294,-0.6199,-0.742,-0.8553,-0.5399,-0.3521,-0.2401,-0.1245,-0.014,0.006,-0.0507,-0.1077,-0.1439,-0.1657,-0.1828,-0.2003,-0.2188,-0.2378,-0.2568,-0.2751,-0.292,-0.307,-0.3198,-0.3301,-0.7333,-0.7369,-0.7131,-0.6534,-0.6866,-0.8637,-1.0484,-1.1721,-1.2387,-1.2701,-0.9207,-0.6876,-0.6103,-0.6281,-0.5821,-0.4877,-0.3716,-0.3159,-0.2833,-0.2148,-0.1519,-0.123,-0.1264,-0.1398,-0.1485,-0.1548,-0.1675,-0.1872,-0.2098,-0.2332,-0.2565,-0.2789,-0.2992,-0.3166,-0.3306,-0.3412,-0.7236,-0.7316,-0.7322,-0.7363,-0.7919,-0.9306,-1.1248,-1.2946,-1.1972,-0.9898,-0.7712,-0.6251,-0.5787,-0.6439,-0.5448,-0.2592,-0.1891,-0.3385,-0.3489,-0.2426,-0.1925,-0.1677,-0.1576,-0.1501,-0.1356,-0.1268,-0.1429,-0.171,-0.2005,-0.23,-0.2595,-0.2875,-0.3125,-0.3327,-0.3477,-0.3577,-0.7159,-0.7297,-0.7458,-0.7733,-0.8303,-0.9305,-1.0681,-1.1923,-1.1124,-0.8694,-0.6873,-0.5951,-0.568,-0.481,-0.2593,0.141,0.1067,-0.1476,-0.2458,-0.2082,-0.1811,-0.166,-0.1596,-0.1468,-0.116,-0.096,-0.1215,-0.1577,-0.193,-0.2297,-0.2677,-0.3042,-0.3356,-0.359,-0.3739,-0.3815,-0.7066,-0.7225,-0.7426,-0.7714,-0.8149,-0.8749,-0.9399,-0.9684,-0.8942,-0.7536,-0.65,-0.58,-0.4753,-0.3169,-0.1385,0.2682,0.6712,0.138,-0.1079,-0.1547,-0.1269,-0.1224,-0.1423,-0.1433,-0.122,-0.108,-0.1225,-0.15,-0.1868,-0.2329,-0.2845,-0.3345,-0.3752,-0.4015,-0.4135,-0.4152,-0.6944,-0.7094,-0.7273,-0.7496,-0.777,-0.8061,-0.8257,-0.8148,-0.7598,-0.69,-0.6719,-0.6126,-0.5613,-0.4355,-0.2345,0.1346,0.4539,0.0844,-0.1302,-0.1322,0.0108,-0.0219,-0.1155,-0.137,-0.1234,-0.1093,-0.1088,-0.1293,-0.1744,-0.2392,-0.315,-0.3884,-0.4433,-0.47,-0.4724,-0.4611,-0.6799,-0.6922,-0.7059,-0.7208,-0.7356,-0.7466,-0.7472,-0.73,-0.696,-0.6652,-0.6656,-0.642,-0.7369,-0.7694,-0.4381,-0.2175,-0.1198,-0.214,-0.3031,-0.2105,0.0231,-0.0184,-0.1213,-0.1282,-0.0879,-0.042,-0.0286,-0.0667,-0.1445,-0.2477,-0.3675,-0.4839,-0.5605,-0.5786,-0.5558,-0.5193,-0.6641,-0.6734,-0.6828,-0.6916,-0.6984,-0.7006,-0.6953,-0.6807,-0.6602,-0.6433,-0.6375,-0.6541,-0.7804,-0.8,-0.5955,-0.5018,-0.406,-0.4613,-0.5704,-0.4095,-0.244,-0.1831,-0.17,-0.1156,-0.0035,0.1326,0.1666,0.0576,-0.0944,-0.2588,-0.4494,-0.6436,-0.753,-0.737,-0.6604,-0.5833,-0.648,-0.6546,-0.6605,-0.6651,-0.6672,-0.6655,-0.6589,-0.6475,-0.634,-0.6227,-0.6186,-0.6291,-0.6576,-0.6683,-0.7589,-0.8162,-0.5689,-0.5295,-0.5794,-0.5631,-0.4281,-0.3063,-0.2179,-0.1021,0.1073,0.4287,0.4993,0.2058,-0.0482,-0.2702,-0.5414,-0.8514,-1.001,-0.9114,-0.7569,-0.6348,-0.6324,-0.6367,-0.64,-0.6418,-0.6414,-0.6381,-0.6315,-0.6224,-0.6122,-0.6034,-0.5987,-0.6004,-0.6097,-0.6373,-0.7331,-0.7603,-0.6022,-0.5639,-0.6988,-0.7739,-0.5328,-0.3694,-0.2559,-0.1195,0.1098,0.4763,0.5581,0.1857,-0.0554,-0.2708,-0.5638,-0.9346,-1.1061,-0.9747,-0.7869,-0.6497,-0.6176,-0.6201,-0.6216,-0.6216,-0.6198,-0.6158,-0.6096,-0.6017,-0.5932,-0.5855,-0.5798,-0.5776,-0.5809,-0.5949,-0.6191,-0.612,-0.5648,-0.556,-0.6209,-0.6345,-0.5009,-0.3815,-0.2955,-0.1825,-0.024,0.0964,0.0269,-0.0174,-0.1082,-0.2538,-0.4727,-0.7547,-0.9086,-0.8499,-0.7242,-0.6191,-0.6038,-0.605,-0.6052,-0.6041,-0.6014,-0.5971,-0.5912,-0.5842,-0.5765,-0.5691,-0.5627,-0.5582,-0.5563,-0.5575,-0.5575,-0.5466,-0.5271,-0.5181,-0.5217,-0.4998,-0.434,-0.3802,-0.3513,-0.2629,-0.14,-0.0732,-0.0922,-0.0975,-0.1577,-0.2317,-0.3565,-0.5266,-0.6462,-0.6615,-0.6165,-0.5606,-0.5911,-0.5913,-0.5906,-0.5887,-0.5856,-0.5811,-0.5755,-0.5688,-0.5617,-0.5544,-0.5474,-0.5411,-0.5357,-0.5304,-0.5232,-0.5118,-0.4973,-0.4835,-0.4681,-0.4405,-0.4017,-0.3858,-0.3883,-0.3133,-0.2091,-0.1408,-0.1236,-0.1545,-0.1968,-0.2141,-0.2842,-0.3903,-0.4786,-0.5188,-0.5186,-0.4992,-0.5794,-0.5789,-0.5775,-0.5752,-0.5717,-0.5672,-0.5617,-0.5553,-0.5484,-0.5411,-0.5337,-0.5263,-0.5188,-0.5107,-0.501,-0.489,-0.4748,-0.4588,-0.4396,-0.4148,-0.3887,-0.3747,-0.3627,-0.3136,-0.2457,-0.1954,-0.1778,-0.1901,-0.2021,-0.2129,-0.2607,-0.3301,-0.3929,-0.4327,-0.4488,-0.4489]}]