docs/data/wind_grid.json
[{"header":{"la1":42.85,"la2":41.18,"lo1":11.55,"lo2":14.05,"nx":36,"ny":24,"dx":0.07143,"dy":0.07261,"parameterCategory":2,"parameterNumber":2,"parameterNumberName":"eastward_wind","parameterUnit":"m.s-1"},"data":[-0.2666,-0.2791,-0.2928,-0.3073,-0.3218,-0.3353,-0.3458,-0.3519,-0.3525,-0.3486,-0.3426,-0.3379,-0.3375,-0.3434,-0.3562,-0.3748,-0.3965,-0.4176,-0.4338,-0.4418,-0.4404,-0.4309,-0.4158,-0.3978,-0.3791,-0.3611,-0.3444,-0.3296,-0.3165,-0.3051,-0.2953,-0.2868,-0.2795,-0.2731,-0.2676,-0.2627,-0.2711,-0.286,-0.3029,-0.3217,-0.3417,-0.3612,-0.3772,-0.3862,-0.3856,-0.3762,-0.3625,-0.3507,-0.3461,-0.3518,-0.3687,-0.3954,-0.4282,-0.4608,-0.4853,-0.496,-0.4913,-0.4744,-0.4505,-0.4241,-0.3985,-0.375,-0.3544,-0.3367,-0.3216,-0.3088,-0.298,-0.2889,-0.2812,-0.2746,-0.2689,-0.2639,-0.275,-0.2924,-0.3131,-0.3374,-0.3653,-0.3948,-0.4213,-0.4374,-0.4359,-0.4168,-0.389,-0.3644,-0.3522,-0.3568,-0.3793,-0.4185,-0.4691,-0.5212,-0.5602,-0.5741,-0.5614,-0.5303,-0.4917,-0.4531,-0.4182,-0.3883,-0.3633,-0.3425,-0.3255,-0.3115,-0.2999,-0.2904,-0.2824,-0.2757,-0.2699,-0.2649,-0.2774,-0.2972,-0.3219,-0.3527,-0.3912,-0.4368,-0.4837,-0.5169,-0.5169,-0.4795,-0.4245,-0.3776,-0.353,-0.3553,-0.3853,-0.4422,-0.5214,-0.608,-0.6732,-0.6902,-0.6584,-0.6004,-0.5381,-0.4825,-0.4365,-0.3994,-0.3699,-0.3465,-0.3278,-0.3128,-0.3008,-0.291,-0.283,-0.2763,-0.2707,-0.2658,-0.2778,-0.2995,-0.3274,-0.3645,-0.4151,-0.4836,-0.5677,-0.6421,-0.6526,-0.5772,-0.4694,-0.3856,-0.3437,-0.3428,-0.3815,-0.4613,-0.5829,-0.7302,-0.8462,-0.8629,-0.787,-0.6804,-0.584,-0.5079,-0.4502,-0.4065,-0.3733,-0.3478,-0.3281,-0.3127,-0.3006,-0.2909,-0.2831,-0.2767,-0.2713,-0.2666,-0.2759,-0.2982,-0.3276,-0.3683,-0.4282,-0.5206,-0.6596,-0.821,-0.8686,-0.7117,-0.509,-0.3765,-0.317,-0.314,-0.3611,-0.4636,-0.6358,-0.8754,-1.0841,-1.0904,-0.9281,-0.7511,-0.6167,-0.5223,-0.4556,-0.4076,-0.3722,-0.3459,-0.326,-0.3109,-0.2992,-0.2901,-0.2828,-0.2769,-0.2718,-0.2675,-0.2714,-0.2931,-0.3214,-0.3607,-0.4201,-0.5194,-0.695,-0.9588,-1.0722,-0.7943,-0.493,-0.3307,-0.2659,-0.2647,-0.3176,-0.4329,-0.6355,-0.9488,-1.2556,-1.2457,-0.9982,-0.7727,-0.6201,-0.5191,-0.45,-0.4013,-0.3661,-0.3405,-0.3216,-0.3075,-0.2969,-0.2887,-0.2823,-0.277,-0.2725,-0.2685,-0.265,-0.2852,-0.3104,-0.3431,-0.3893,-0.4628,-0.5923,-0.7933,-0.8683,-0.615,-0.3655,-0.2378,-0.1889,-0.1941,-0.2501,-0.3644,-0.5522,-0.8248,-1.0875,-1.0962,-0.9051,-0.7199,-0.5879,-0.4969,-0.433,-0.3876,-0.3552,-0.3319,-0.3151,-0.3029,-0.294,-0.2872,-0.2818,-0.2774,-0.2735,-0.27,-0.2574,-0.2761,-0.298,-0.3234,-0.3523,-0.3845,-0.4189,-0.4398,-0.3887,-0.2646,-0.1707,-0.1183,-0.094,-0.1048,-0.1636,-0.2774,-0.4407,-0.6286,-0.7796,-0.8115,-0.7354,-0.6296,-0.5355,-0.4619,-0.4074,-0.368,-0.3401,-0.3206,-0.3071,-0.2977,-0.2909,-0.2859,-0.2819,-0.2785,-0.2753,-0.2721,-0.2494,-0.2675,-0.2883,-0.3109,-0.3321,-0.3426,-0.3206,-0.2242,-0.037,0.0625,0.011,-0.0069,0.0078,0.0034,-0.0593,-0.195,-0.3811,-0.5601,-0.6686,-0.6855,-0.6361,-0.5596,-0.4843,-0.4225,-0.3764,-0.344,-0.3222,-0.3079,-0.2987,-0.2927,-0.2886,-0.2856,-0.2831,-0.2806,-0.2781,-0.2753,-0.241,-0.2596,-0.2823,-0.3094,-0.3396,-0.3665,-0.3628,-0.2326,0.204,0.4022,0.1253,0.0712,0.1108,0.1405,0.076,-0.122,-0.4167,-0.7029,-0.8193,-0.7558,-0.6349,-0.5247,-0.4403,-0.3809,-0.3417,-0.3172,-0.3028,-0.295,-0.291,-0.2891,-0.2881,-0.2872,-0.2861,-0.2845,-0.2824,-0.2797,-0.2314,-0.2511,-0.2771,-0.3127,-0.363,-0.4365,-0.5368,-0.5777,-0.1681,0.1682,0.0832,0.1116,0.2011,0.3011,0.2559,-0.061,-0.5785,-1.2021,-1.3238,-0.98,-0.6791,-0.4957,-0.3907,-0.3325,-0.3023,-0.2884,-0.2838,-0.2839,-0.286,-0.2885,-0.2905,-0.2916,-0.2917,-0.2906,-0.2886,-0.2857,-0.2197,-0.2395,-0.2673,-0.3084,-0.3731,-0.4815,-0.6643,-0.8829,-0.6628,-0.1954,0.0287,0.1281,0.2134,0.3904,0.3693,-0.0713,-0.7732,-2.0333,-2.0546,-1.1516,-0.6542,-0.4197,-0.3132,-0.2699,-0.2574,-0.2595,-0.2678,-0.2774,-0.2861,-0.2928,-0.2974,-0.2999,-0.3006,-0.2996,-0.2972,-0.2936,-0.2049,-0.2228,-0.2485,-0.287,-0.3473,-0.4441,-0.5892,-0.7377,-0.5931,-0.1804,0.0667,0.1328,0.1513,0.2957,0.181,-0.2151,-0.7366,-1.4459,-1.5257,-0.8758,-0.4439,-0.2512,-0.1926,-0.1911,-0.2102,-0.2353,-0.2595,-0.2796,-0.2943,-0.3042,-0.3102,-0.3131,-0.3136,-0.3119,-0.3085,-0.3036,-0.187,-0.2011,-0.2208,-0.2489,-0.2893,-0.3441,-0.4031,-0.4117,-0.2607,0.0051,0.1874,0.2349,0.2677,0.3892,0.1085,-0.5269,-1.0683,-0.7898,-0.657,-0.3533,-0.0647,0.0147,-0.0369,-0.1072,-0.1708,-0.2247,-0.2666,-0.2959,-0.3142,-0.3246,-0.3298,-0.3316,-0.3308,-0.3277,-0.3224,-0.3155,-0.167,-0.1759,-0.1875,-0.2023,-0.2194,-0.2339,-0.2297,-0.1735,-0.0308,0.1855,0.4068,0.3817,0.32,0.2531,0.0693,-0.4178,-0.8145,-0.4661,-0.1962,0.0569,0.3547,0.3048,0.1032,-0.0458,-0.1569,-0.2414,-0.2994,-0.333,-0.3491,-0.355,-0.3559,-0.3547,-0.3517,-0.3464,-0.3386,-0.329,-0.1462,-0.1497,-0.1534,-0.1562,-0.1554,-0.1449,-0.1131,-0.0444,0.0717,0.2303,0.386,0.3499,0.2967,0.2707,0.1482,-0.03,-0.1293,0.0268,0.203,0.2587,0.4198,0.3563,0.1434,-0.0367,-0.1869,-0.3022,-0.3698,-0.3966,-0.4006,-0.3944,-0.386,-0.3795,-0.3742,-0.3667,-0.3559,-0.343,-0.1261,-0.1249,-0.1222,-0.1164,-0.1048,-0.0829,-0.0444,0.0163,0.0991,0.1915,0.2594,0.2735,0.2808,0.2839,0.2853,0.2756,0.2273,0.4163,0.6329,0.4181,0.3205,0.2461,0.1036,-0.0766,-0.2667,-0.4172,-0.4813,-0.4854,-0.4672,-0.4398,-0.4146,-0.4002,-0.3936,-0.3854,-0.3721,-0.3558,-0.1078,-0.1029,-0.0957,-0.0848,-0.068,-0.0427,-0.0062,0.0426,0.1006,0.1588,0.204,0.2324,0.2587,0.3156,0.524,0.6125,0.3991,0.468,0.5873,0.5119,0.372,0.2307,0.0763,-0.1253,-0.3651,-0.5495,-0.5886,-0.5797,-0.5462,-0.4893,-0.4366,-0.4094,-0.4039,-0.3979,-0.3837,-0.3651,-0.0917,-0.0844,-0.0744,-0.0609,-0.0424,-0.0176,0.0145,0.0533,0.0961,0.1383,0.1753,0.2082,0.2488,0.3308,0.4997,0.5532,0.4198,0.4391,0.5972,0.6627,0.4391,0.2592,0.0934,-0.1332,-0.4154,-0.6006,-0.6303,-0.7024,-0.6514,-0.5469,-0.4568,-0.4119,-0.4052,-0.4018,-0.3882,-0.369,-0.0782,-0.0693,-0.058,-0.0435,-0.0252,-0.0022,0.0253,0.0568,0.0904,0.124,0.1561,0.1887,0.2289,0.2875,0.3579,0.3829,0.3656,0.3998,0.5007,0.5272,0.4092,0.3111,0.1958,-0.0542,-0.4174,-0.7741,-1.0947,-1.0253,-0.7947,-0.6107,-0.4868,-0.425,-0.4077,-0.3999,-0.386,-0.3673,-0.0672,-0.0576,-0.0457,-0.0313,-0.0139,0.0067,0.0304,0.0565,0.0841,0.112,0.1399,0.169,0.2016,0.2392,0.2748,0.2957,0.308,0.3355,0.3753,0.389,0.3923,0.4684,0.4633,0.1444,-0.3514,-0.9111,-1.3613,-1.1953,-0.8665,-0.6457,-0.5127,-0.4428,-0.4122,-0.3956,-0.3792,-0.361,-0.0585,-0.0486,-0.0369,-0.023,-0.0069,0.0115,0.032,0.0541,0.0772,0.1008,0.1247,0.1491,0.1746,0.2005,0.2239,0.2421,0.2582,0.278,0.3017,0.3314,0.4118,0.6053,0.6657,0.3079,-0.2055,-0.6931,-0.9973,-0.9663,-0.7817,-0.6195,-0.5106,-0.4458,-0.4098,-0.3874,-0.3689,-0.3513,-0.0518,-0.042,-0.0307,-0.0177,-0.003,0.0134,0.0312,0.0501,0.0698,0.0898,0.1099,0.1301,0.1502,0.1696,0.1871,0.2023,0.2165,0.2322,0.2524,0.287,0.3623,0.4798,0.4873,0.2481,-0.1093,-0.4399,-0.6482,-0.6925,-0.6325,-0.5486,-0.4784,-0.4291,-0.3964,-0.3736,-0.3553,-0.3389]},{"header":{"la1":42.85,"la2":41.18,"lo1":11.55,"lo2":14.05,"nx":36,"ny":24,"dx":0.07143,"dy":0.07261,"parameterCategory":2,"parameterNumber":3,"parameterNumberName":"northward_wind","parameterUnit":"m.s-1"},"data":[-0.3142,-0.292,-0.2667,-0.2387,-0.2098,-0.1824,-0.1603,-0.1473,-0.1458,-0.1552,-0.1719,-0.1904,-0.206,-0.2157,-0.2184,-0.2147,-0.2068,-0.1977,-0.1906,-0.1883,-0.1919,-0.2009,-0.2138,-0.2289,-0.245,-0.2613,-0.2773,-0.2929,-0.3079,-0.3223,-0.3362,-0.3495,-0.3621,-0.3741,-0.3854,-0.3959,-0.3134,-0.287,-0.2554,-0.2188,-0.1785,-0.1381,-0.1037,-0.0832,-0.0823,-0.1006,-0.1309,-0.1632,-0.1891,-0.2041,-0.2072,-0.1998,-0.1853,-0.1687,-0.1558,-0.1515,-0.157,-0.1706,-0.1892,-0.2098,-0.2306,-0.2506,-0.2696,-0.2875,-0.3045,-0.3207,-0.3361,-0.3508,-0.3647,-0.3778,-0.39,-0.4013,-0.3158,-0.2851,-0.2464,-0.1985,-0.1419,-0.0802,-0.0232,0.0135,0.0151,-0.0196,-0.0754,-0.1313,-0.1733,-0.1958,-0.1987,-0.1847,-0.1587,-0.1289,-0.106,-0.0989,-0.1094,-0.1322,-0.1603,-0.1889,-0.2157,-0.2401,-0.2624,-0.2829,-0.3021,-0.3201,-0.3371,-0.3532,-0.3685,-0.3827,-0.396,-0.4082,-0.3228,-0.2885,-0.2427,-0.1819,-0.1032,-0.0077,0.0922,0.1653,0.1725,0.1049,-0.0,-0.0968,-0.1627,-0.1944,-0.1957,-0.1708,-0.1258,-0.0722,-0.0307,-0.0209,-0.0438,-0.0844,-0.128,-0.1676,-0.2016,-0.2308,-0.2565,-0.2795,-0.3007,-0.3206,-0.3394,-0.3571,-0.3738,-0.3893,-0.4037,-0.4167,-0.3359,-0.3001,-0.2492,-0.1762,-0.0721,0.0718,0.2494,0.4072,0.437,0.2978,0.0948,-0.0679,-0.1644,-0.2051,-0.2022,-0.162,-0.0877,0.0081,0.0853,0.0958,0.0432,-0.03,-0.0962,-0.1489,-0.1903,-0.2239,-0.2524,-0.2777,-0.3009,-0.3226,-0.3432,-0.3627,-0.3809,-0.3979,-0.4134,-0.4274,-0.3565,-0.3223,-0.271,-0.1922,-0.0683,0.1278,0.4218,0.7584,0.861,0.5618,0.1804,-0.0671,-0.19,-0.2334,-0.2232,-0.1662,-0.0565,0.1041,0.2471,0.2511,0.1387,0.0174,-0.0735,-0.1374,-0.1839,-0.2202,-0.2506,-0.2776,-0.3027,-0.3263,-0.3489,-0.3703,-0.3903,-0.4089,-0.4257,-0.4407,-0.3846,-0.3563,-0.3119,-0.2397,-0.1175,0.0976,0.4774,1.0317,1.2641,0.7231,0.1596,-0.1301,-0.2498,-0.2824,-0.2621,-0.194,-0.0626,0.1509,0.3654,0.3585,0.185,0.0304,-0.071,-0.1371,-0.1838,-0.2202,-0.2512,-0.2794,-0.3061,-0.3319,-0.3567,-0.3803,-0.4026,-0.4229,-0.4412,-0.4571,-0.4189,-0.4007,-0.3707,-0.3198,-0.2302,-0.067,0.2312,0.6799,0.8522,0.3732,-0.0702,-0.2718,-0.3415,-0.3485,-0.3168,-0.2479,-0.1291,0.0554,0.2421,0.2488,0.1142,-0.0095,-0.0924,-0.148,-0.189,-0.2229,-0.2535,-0.2826,-0.3112,-0.3394,-0.367,-0.3935,-0.4183,-0.4408,-0.4607,-0.4776,-0.4566,-0.4511,-0.4403,-0.4201,-0.383,-0.3171,-0.2122,-0.103,-0.1316,-0.3076,-0.4207,-0.4494,-0.4437,-0.4208,-0.3787,-0.3133,-0.2224,-0.1086,-0.0051,0.0227,-0.0206,-0.078,-0.1256,-0.1635,-0.196,-0.2262,-0.2561,-0.2864,-0.3175,-0.349,-0.3803,-0.4105,-0.4386,-0.4638,-0.4854,-0.5031,-0.494,-0.5012,-0.51,-0.5206,-0.5339,-0.5521,-0.5847,-0.667,-0.8388,-0.9044,-0.7387,-0.5969,-0.529,-0.4898,-0.4407,-0.371,-0.2929,-0.2196,-0.1607,-0.1273,-0.1217,-0.1333,-0.1522,-0.1745,-0.1996,-0.2272,-0.2574,-0.2901,-0.3249,-0.3611,-0.3975,-0.4326,-0.465,-0.4934,-0.5169,-0.5352,-0.5274,-0.5454,-0.57,-0.6046,-0.6535,-0.7217,-0.8111,-0.9377,-1.2467,-1.4024,-0.9331,-0.6671,-0.5842,-0.5645,-0.5089,-0.4121,-0.3229,-0.2661,-0.2283,-0.1932,-0.1673,-0.1564,-0.1594,-0.1733,-0.1952,-0.2231,-0.2558,-0.2927,-0.3331,-0.3761,-0.4197,-0.4617,-0.4998,-0.5321,-0.5576,-0.5759,-0.554,-0.5793,-0.6141,-0.6628,-0.7314,-0.8254,-0.9389,-1.0276,-1.1266,-1.1921,-0.8633,-0.6535,-0.6154,-0.7018,-0.594,-0.4227,-0.3069,-0.2838,-0.2694,-0.216,-0.1692,-0.1444,-0.1413,-0.155,-0.1798,-0.2119,-0.2498,-0.2932,-0.342,-0.3948,-0.4489,-0.5007,-0.5466,-0.5837,-0.6107,-0.6278,-0.5725,-0.6012,-0.6398,-0.6928,-0.7661,-0.8664,-0.9929,-1.0978,-1.039,-0.8969,-0.7211,-0.628,-0.5857,-0.6989,-0.5693,-0.3419,-0.2188,-0.3311,-0.333,-0.2067,-0.1271,-0.0904,-0.0912,-0.1161,-0.1518,-0.1924,-0.238,-0.2906,-0.3513,-0.4185,-0.4882,-0.5543,-0.6109,-0.6536,-0.681,-0.6943,-0.5828,-0.6112,-0.6483,-0.6971,-0.7615,-0.8453,-0.9453,-1.0294,-0.9691,-0.7755,-0.6356,-0.6583,-0.6269,-0.0802,-0.2799,-0.0659,0.1267,-0.1318,-0.2148,-0.1128,-0.0091,0.0327,0.0027,-0.0551,-0.1119,-0.1639,-0.2181,-0.2822,-0.3597,-0.4487,-0.5422,-0.6301,-0.7017,-0.7502,-0.7749,-0.7798,-0.586,-0.6116,-0.6435,-0.6828,-0.7303,-0.7846,-0.8361,-0.854,-0.7851,-0.654,-0.5582,-0.507,-0.303,0.0724,-0.1141,0.4458,1.1432,0.3338,0.0023,0.063,0.2643,0.2884,0.1501,0.0199,-0.0654,-0.1248,-0.1841,-0.2616,-0.364,-0.487,-0.6186,-0.7405,-0.8333,-0.8862,-0.9011,-0.8886,-0.5838,-0.6053,-0.6304,-0.6589,-0.6893,-0.7174,-0.7329,-0.7181,-0.6588,-0.5717,-0.5049,-0.4957,-0.4458,-0.293,-0.191,0.3146,0.8056,0.2411,-0.0251,0.2252,0.8083,0.7001,0.3,0.0767,-0.0201,-0.0658,-0.1191,-0.2145,-0.357,-0.5353,-0.7292,-0.906,-1.0284,-1.0788,-1.0687,-1.0235,-0.5781,-0.5952,-0.6139,-0.6331,-0.6507,-0.6626,-0.6623,-0.6427,-0.6021,-0.5512,-0.5124,-0.5304,-0.701,-0.7742,-0.4545,-0.217,-0.1029,-0.2917,-0.4013,0.0396,0.8582,0.7196,0.2763,0.0722,0.0289,0.047,0.018,-0.1143,-0.3289,-0.5954,-0.8896,-1.1562,-1.3178,-1.3458,-1.2812,-1.1802,-0.5705,-0.5837,-0.5971,-0.6095,-0.6192,-0.6234,-0.6189,-0.6039,-0.5808,-0.558,-0.5519,-0.5973,-0.7787,-0.8254,-0.6708,-0.613,-0.5395,-0.7784,-1.0893,-0.5156,0.0343,0.1664,0.0616,0.0175,0.1138,0.29,0.3073,0.0662,-0.2797,-0.6687,-1.1076,-1.5132,-1.7179,-1.6812,-1.5197,-1.3397,-0.5623,-0.5723,-0.5818,-0.5898,-0.5952,-0.5963,-0.5921,-0.5829,-0.5714,-0.5638,-0.5702,-0.6047,-0.6695,-0.731,-0.9232,-1.0134,-0.7371,-0.7992,-0.9291,-0.6303,-0.3792,-0.2112,-0.1459,-0.0522,0.2189,0.7004,0.7938,0.2585,-0.2614,-0.7497,-1.3338,-1.9048,-2.1393,-1.9966,-1.7192,-1.4622,-0.5542,-0.5618,-0.5686,-0.5739,-0.5771,-0.5774,-0.5746,-0.5697,-0.5649,-0.5642,-0.573,-0.5968,-0.6392,-0.7195,-0.8913,-0.9411,-0.7454,-0.6708,-0.6246,-0.5985,-0.5029,-0.389,-0.3056,-0.1741,0.1262,0.713,0.8367,0.0681,-0.3906,-0.8189,-1.4203,-2.0508,-2.2912,-2.1023,-1.7837,-1.5026,-0.5467,-0.5524,-0.5574,-0.5611,-0.5633,-0.5635,-0.5622,-0.56,-0.5588,-0.5608,-0.5692,-0.5869,-0.6177,-0.6681,-0.7295,-0.7355,-0.6702,-0.6179,-0.5937,-0.5761,-0.5352,-0.5078,-0.472,-0.3716,-0.2409,-0.265,-0.731,-0.7257,-0.6577,-0.8611,-1.3016,-1.7956,-2.0201,-1.9153,-1.678,-1.4465,-0.5398,-0.5443,-0.548,-0.5508,-0.5525,-0.5529,-0.5526,-0.552,-0.5524,-0.5552,-0.5622,-0.5747,-0.5939,-0.6187,-0.6392,-0.6376,-0.613,-0.587,-0.5713,-0.5649,-0.5842,-0.6571,-0.6755,-0.5686,-0.5285,-0.795,-1.2585,-1.0747,-0.8292,-0.8732,-1.123,-1.4279,-1.6063,-1.5967,-1.4749,-1.3251,-0.5336,-0.5372,-0.5401,-0.5423,-0.5437,-0.5444,-0.5446,-0.5449,-0.5459,-0.5486,-0.5537,-0.5619,-0.5727,-0.5842,-0.5914,-0.5892,-0.5784,-0.5666,-0.5617,-0.5741,-0.6312,-0.7504,-0.7847,-0.6677,-0.6262,-0.7682,-0.953,-0.927,-0.833,-0.8519,-0.985,-1.1581,-1.2816,-1.3118,-1.2666,-1.1851,-0.5281,-0.531,-0.5334,-0.5352,-0.5365,-0.5373,-0.5378,-0.5384,-0.5395,-0.5417,-0.5452,-0.5502,-0.556,-0.5613,-0.5639,-0.5623,-0.5576,-0.5537,-0.5566,-0.5758,-0.6251,-0.6965,-0.7147,-0.6599,-0.6363,-0.69,-0.7637,-0.7851,-0.7798,-0.8091,-0.8877,-0.988,-1.0691,-1.1052,-1.0962,-1.0572]}]