docs/data/wind_grid.json
[{"header":{"la1":42.85,"la2":41.18,"lo1":11.55,"lo2":14.05,"nx":36,"ny":24,"dx":0.07143,"dy":0.07261,"parameterCategory":2,"parameterNumber":2,"parameterNumberName":"eastward_wind","parameterUnit":"m.s-1"},"data":[-0.0814,-0.0891,-0.0969,-0.1042,-0.1103,-0.1136,-0.1125,-0.1047,-0.0887,-0.0642,-0.0322,0.0051,0.0451,0.085,0.1221,0.1534,0.1752,0.1837,0.1756,0.1515,0.1173,0.084,0.0624,0.0565,0.0637,0.0778,0.094,0.1093,0.1227,0.134,0.1435,0.1516,0.1585,0.1644,0.1696,0.1741,-0.0908,-0.101,-0.1121,-0.1237,-0.135,-0.1441,-0.1485,-0.1442,-0.128,-0.0988,-0.0584,-0.0107,0.0403,0.0914,0.1396,0.1812,0.2112,0.2225,0.2071,0.1621,0.0973,0.036,0.002,0.0014,0.0225,0.0511,0.0782,0.1008,0.1188,0.133,0.1442,0.1534,0.1611,0.1676,0.1732,0.1781,-0.0988,-0.1117,-0.1265,-0.1433,-0.1618,-0.1802,-0.1946,-0.198,-0.1832,-0.1474,-0.0945,-0.032,0.0339,0.0995,0.1621,0.2188,0.2637,0.2845,0.2623,0.182,0.0551,-0.0644,-0.1151,-0.0923,-0.037,0.0181,0.0616,0.0933,0.1162,0.133,0.1458,0.156,0.1643,0.1714,0.1774,0.1826,-0.1043,-0.1197,-0.1384,-0.1611,-0.1888,-0.2214,-0.2542,-0.2745,-0.2648,-0.2176,-0.1436,-0.0592,0.0261,0.1091,0.1894,0.2671,0.3384,0.3865,0.3704,0.2359,-0.0226,-0.2775,-0.3416,-0.2391,-0.1103,-0.0139,0.0492,0.0896,0.1163,0.1348,0.1485,0.1593,0.1682,0.1757,0.1822,0.1877,-0.1064,-0.124,-0.1459,-0.1739,-0.2117,-0.2639,-0.329,-0.3871,-0.3921,-0.3201,-0.2071,-0.0906,0.0184,0.1206,0.22,0.3229,0.4361,0.5513,0.5956,0.4069,-0.1117,-0.6887,-0.7184,-0.4099,-0.1673,-0.0284,0.0484,0.0927,0.1201,0.1387,0.1525,0.1636,0.1728,0.1807,0.1876,0.1934,-0.1041,-0.1237,-0.1482,-0.1787,-0.2233,-0.2964,-0.4098,-0.5465,-0.5897,-0.4567,-0.2753,-0.1191,0.0145,0.1356,0.2521,0.3766,0.5377,0.7764,1.0311,0.8669,0.0286,-0.9565,-0.9209,-0.4363,-0.1474,-0.0063,0.0648,0.1036,0.1274,0.1441,0.1573,0.1683,0.178,0.1864,0.1937,0.2,-0.0961,-0.1193,-0.1489,-0.178,-0.217,-0.2997,-0.4518,-0.677,-0.7773,-0.5561,-0.316,-0.1346,0.0183,0.1581,0.2888,0.4195,0.5939,0.9209,1.4608,1.3802,0.4961,-0.2224,-0.3764,-0.1823,-0.0293,0.0523,0.0947,0.1191,0.1359,0.1496,0.1619,0.1733,0.1836,0.1928,0.2007,0.2074,-0.0791,-0.1096,-0.1619,-0.1976,-0.1982,-0.2646,-0.4104,-0.5857,-0.6506,-0.5019,-0.3141,-0.1393,0.0289,0.1954,0.3506,0.4723,0.5902,0.8041,1.1108,1.0406,0.6999,0.4574,0.2151,0.1236,0.1126,0.1175,0.1237,0.1311,0.1409,0.1526,0.1654,0.178,0.1897,0.2,0.2088,0.216,-0.0456,-0.0755,-0.1787,-0.2838,-0.1652,-0.1997,-0.3569,-0.4854,-0.5295,-0.4746,-0.3352,-0.1558,0.035,0.2513,0.4915,0.6209,0.6149,0.6562,0.7394,0.7613,0.8475,0.7729,0.4789,0.2923,0.1997,0.1536,0.1331,0.1295,0.137,0.1507,0.1666,0.1823,0.1965,0.2085,0.2184,0.2262,0.0091,0.0286,0.0049,-0.0262,0.1107,-0.0863,-0.37,-0.5575,-0.6666,-0.6504,-0.4368,-0.1986,0.0127,0.281,0.7777,1.0336,0.7113,0.6163,0.6319,0.6725,0.7616,0.7062,0.4959,0.3225,0.2067,0.1369,0.1057,0.1039,0.1195,0.1422,0.1656,0.1868,0.2047,0.219,0.23,0.2382,0.0638,0.1671,0.4064,0.935,0.8107,0.0273,-0.5002,-0.754,-0.9172,-1.0008,-0.5573,-0.2438,-0.058,0.1351,0.6537,1.027,0.6795,0.6396,0.6563,0.6313,0.602,0.5359,0.4077,0.2612,0.131,0.0464,0.0229,0.045,0.0858,0.1279,0.1643,0.1935,0.2159,0.2325,0.2444,0.2527,0.0802,0.2055,0.4717,0.8973,0.729,-0.1325,-0.8186,-1.1838,-0.9873,-0.8542,-0.5098,-0.2679,-0.1526,-0.1562,0.0453,0.3821,0.5698,0.8302,0.8904,0.7068,0.5607,0.4475,0.3153,0.1433,-0.0452,-0.1602,-0.1424,-0.0527,0.0402,0.1137,0.1674,0.2055,0.2322,0.2504,0.2626,0.2702,0.0502,0.1288,0.246,0.3225,0.1068,-0.4273,-1.0498,-1.9126,-1.0388,-0.6665,-0.4164,-0.3552,-0.2576,-0.2356,-0.0987,0.2636,0.5776,1.3552,1.387,0.8107,0.556,0.4059,0.2433,-0.0065,-0.3552,-0.5524,-0.405,-0.1708,0.0014,0.1119,0.1821,0.2271,0.256,0.2742,0.2851,0.291,-0.0005,0.025,0.0382,-0.0122,-0.1941,-0.5022,-0.8336,-0.9176,-0.7946,-0.5091,-0.3325,-0.5288,-0.5569,0.2176,0.1551,0.3197,0.519,0.9577,1.0429,0.711,0.519,0.3898,0.218,-0.1,-0.6526,-0.9756,-0.6209,-0.2276,0.0071,0.1396,0.2166,0.2622,0.2892,0.3045,0.3122,0.3151,-0.0463,-0.0519,-0.078,-0.1458,-0.2699,-0.4344,-0.5823,-0.6253,-0.5093,-0.3042,-0.1676,-0.1443,-0.019,0.1938,0.2444,0.3781,1.1037,0.7264,0.624,0.5403,0.5021,0.4329,0.2682,-0.0144,-0.4605,-0.7244,-0.4549,-0.119,0.0906,0.2086,0.2749,0.3118,0.3315,0.3406,0.3432,0.3417,-0.077,-0.0948,-0.1278,-0.1827,-0.2586,-0.34,-0.3949,-0.3847,-0.2905,-0.144,-0.0218,0.0654,0.0797,0.1471,0.2421,0.5307,0.9062,0.5744,0.4118,0.4504,0.6563,0.587,0.3581,0.1585,-0.0388,-0.1366,-0.0396,0.1217,0.242,0.314,0.3529,0.3718,0.3789,0.3793,0.3756,0.3692,-0.093,-0.1125,-0.141,-0.1791,-0.2224,-0.2596,-0.2738,-0.2485,-0.1798,-0.0856,-0.0109,0.0451,0.1849,0.2484,0.1508,0.2186,0.2938,0.195,0.1085,0.2866,0.6665,0.5906,0.3748,0.2773,0.2494,0.2771,0.3379,0.3913,0.4237,0.4375,0.4376,0.4304,0.422,0.414,0.4054,0.3953,-0.0979,-0.115,-0.1365,-0.1611,-0.1846,-0.1999,-0.1985,-0.1743,-0.1283,-0.0711,-0.017,0.0471,0.186,0.1903,-0.1256,-0.2302,-0.0952,-0.1633,-0.3374,-0.0507,0.2245,0.3102,0.2998,0.339,0.4519,0.5976,0.6692,0.6507,0.6085,0.5612,0.5112,0.4678,0.4431,0.4341,0.4274,0.4173,-0.0959,-0.1095,-0.1247,-0.1399,-0.1521,-0.1572,-0.1512,-0.132,-0.1018,-0.0661,-0.0315,-0.0018,0.0002,-0.1631,-0.7854,-1.0443,-0.4036,-0.2652,-0.3332,-0.2786,-0.0778,0.0908,0.2096,0.3706,0.6173,0.8767,0.9404,0.8754,0.787,0.6794,0.5641,0.465,0.4257,0.433,0.4399,0.4346,-0.09,-0.1002,-0.1106,-0.1198,-0.1258,-0.1265,-0.1201,-0.1064,-0.0872,-0.0669,-0.052,-0.055,-0.1088,-0.3004,-0.7365,-0.8743,-0.4524,-0.3075,-0.4646,-0.5603,-0.2582,-0.0664,0.0948,0.3455,0.6976,0.9758,1.0284,1.0948,0.98,0.8051,0.6229,0.4626,0.4071,0.4322,0.4516,0.4503,-0.082,-0.0895,-0.0965,-0.1021,-0.1049,-0.104,-0.0988,-0.0895,-0.0783,-0.0687,-0.0667,-0.083,-0.1365,-0.2505,-0.402,-0.4391,-0.3354,-0.2909,-0.3715,-0.4038,-0.3033,-0.265,-0.1577,0.19,0.7007,1.232,1.7485,1.5915,1.2015,0.9438,0.7318,0.5516,0.4706,0.4696,0.4756,0.4682,-0.0733,-0.0787,-0.0834,-0.0868,-0.0881,-0.0868,-0.083,-0.0772,-0.0712,-0.0679,-0.0716,-0.0885,-0.1253,-0.1826,-0.24,-0.259,-0.2411,-0.2368,-0.2678,-0.3098,-0.4186,-0.7049,-0.7522,-0.1703,0.5995,1.4349,2.2242,1.8364,1.2808,1.059,0.8647,0.687,0.5789,0.5329,0.5095,0.4883,-0.0644,-0.0684,-0.0715,-0.0736,-0.0741,-0.073,-0.0704,-0.067,-0.0641,-0.0638,-0.0688,-0.0818,-0.1044,-0.1339,-0.1608,-0.1748,-0.1787,-0.1894,-0.223,-0.3077,-0.548,-1.0699,-1.234,-0.4712,0.3908,1.1007,1.5189,1.3841,1.2126,1.1433,0.9629,0.7841,0.6603,0.5863,0.5401,0.5057,-0.0557,-0.0586,-0.0607,-0.062,-0.0621,-0.0612,-0.0595,-0.0575,-0.0563,-0.0571,-0.0613,-0.0702,-0.0837,-0.0998,-0.1147,-0.1255,-0.1348,-0.1512,-0.189,-0.2771,-0.4722,-0.7697,-0.8089,-0.3343,0.2754,0.7717,1.063,1.1513,1.1967,1.1424,0.9764,0.8149,0.6952,0.6137,0.5575,0.5157]},{"header":{"la1":42.85,"la2":41.18,"lo1":11.55,"lo2":14.05,"nx":36,"ny":24,"dx":0.07143,"dy":0.07261,"parameterCategory":2,"parameterNumber":3,"parameterNumberName":"northward_wind","parameterUnit":"m.s-1"},"data":[0.9852,0.9631,0.9361,0.9041,0.8681,0.8296,0.7914,0.7564,0.7263,0.7009,0.678,0.6547,0.6285,0.598,0.5626,0.5222,0.4768,0.4264,0.3717,0.3151,0.2627,0.2237,0.2064,0.2126,0.2374,0.2728,0.312,0.3511,0.388,0.422,0.4533,0.4819,0.5083,0.5325,0.555,0.5757,1.0078,0.9842,0.9538,0.9161,0.8716,0.8228,0.774,0.7312,0.6984,0.6755,0.6578,0.6393,0.6158,0.5855,0.5481,0.5037,0.4522,0.3925,0.3232,0.2453,0.167,0.107,0.0847,0.1034,0.1494,0.206,0.2624,0.3141,0.36,0.4005,0.4365,0.4688,0.4981,0.5247,0.549,0.5714,1.0354,1.0109,0.9772,0.9324,0.8761,0.8106,0.7431,0.6857,0.6492,0.6338,0.6286,0.6207,0.6029,0.5739,0.535,0.4873,0.4308,0.3628,0.2773,0.1676,0.0406,-0.0637,-0.0931,-0.0436,0.0438,0.1341,0.2133,0.2795,0.3347,0.3816,0.4221,0.4578,0.4897,0.5185,0.5447,0.5686,1.069,1.045,1.009,0.9569,0.8849,0.7927,0.6897,0.6012,0.5574,0.5623,0.5861,0.5989,0.5907,0.5639,0.5237,0.4738,0.4152,0.3444,0.2484,0.0984,-0.1228,-0.332,-0.3662,-0.2362,-0.0715,0.0662,0.1711,0.2512,0.3145,0.3665,0.4107,0.4492,0.4835,0.5143,0.5422,0.5676,1.1092,1.0878,1.0524,0.9955,0.9062,0.7746,0.6042,0.4408,0.3773,0.438,0.5281,0.5776,0.5815,0.5556,0.5133,0.4625,0.4066,0.3459,0.2647,0.0907,-0.2895,-0.7439,-0.7515,-0.4377,-0.1633,0.0208,0.1447,0.2334,0.3011,0.3561,0.4027,0.4434,0.4797,0.5123,0.5418,0.5684,1.1556,1.1392,1.1087,1.0543,0.9549,0.779,0.4981,0.1573,0.0296,0.2452,0.4701,0.5679,0.5789,0.5479,0.5008,0.45,0.402,0.368,0.3557,0.2335,-0.2649,-0.9845,-0.9455,-0.49,-0.1734,0.0174,0.1405,0.2277,0.2948,0.3501,0.3979,0.4402,0.4783,0.5126,0.5436,0.5715,1.2064,1.1944,1.1697,1.1291,1.044,0.8519,0.4778,-0.1072,-0.3676,0.1105,0.4739,0.5883,0.5847,0.5365,0.4789,0.4283,0.3909,0.3839,0.4563,0.416,0.0067,-0.4382,-0.5099,-0.2901,-0.0868,0.0552,0.1553,0.231,0.2931,0.347,0.3954,0.4393,0.4792,0.5153,0.5478,0.5769,1.2607,1.2466,1.2078,1.1755,1.1524,1.0148,0.699,0.2269,0.0203,0.3608,0.6024,0.6452,0.5938,0.5113,0.433,0.3819,0.359,0.3547,0.3738,0.3018,0.0965,-0.0295,-0.0934,-0.0568,0.0256,0.106,0.1747,0.2353,0.2912,0.3441,0.3938,0.4401,0.4824,0.5206,0.5548,0.5851,1.324,1.3087,1.2146,1.1112,1.2399,1.2217,1.0376,0.8315,0.7474,0.7911,0.7939,0.716,0.5936,0.4591,0.3374,0.2819,0.296,0.3043,0.2784,0.1789,0.0239,0.028,0.0531,0.0697,0.0997,0.1373,0.1801,0.2289,0.2825,0.3378,0.3917,0.4422,0.4881,0.529,0.565,0.5964,1.4032,1.4324,1.4072,1.374,1.5495,1.4745,1.3212,1.2105,1.1562,1.1073,0.966,0.773,0.5718,0.3818,0.1797,0.0934,0.2135,0.2564,0.2416,0.1762,0.0752,0.0737,0.1114,0.1205,0.1189,0.125,0.1512,0.1988,0.26,0.3254,0.3886,0.4462,0.4971,0.5413,0.5792,0.6115,1.4825,1.5927,1.8117,2.2664,2.1947,1.7333,1.5391,1.4506,1.3282,1.2839,1.0872,0.8001,0.5098,0.2756,0.1362,0.0694,0.1771,0.1998,0.1985,0.1957,0.1746,0.1617,0.1528,0.1192,0.0681,0.0379,0.0608,0.1301,0.2188,0.3068,0.3858,0.4538,0.511,0.5587,0.5983,0.6311,1.5267,1.665,1.9128,2.2649,2.1885,1.8108,1.7142,1.7178,1.5501,1.3428,1.1349,0.8166,0.4092,-0.0567,0.017,0.1311,0.1323,0.0701,0.0706,0.1615,0.207,0.2034,0.1577,0.053,-0.0972,-0.1878,-0.1316,0.0118,0.1611,0.2873,0.3884,0.4687,0.5325,0.5833,0.6237,0.656,1.5265,1.6358,1.7794,1.901,1.8703,1.7868,1.8492,1.7281,2.0187,1.5406,1.205,0.8913,0.5619,-0.1823,-0.0719,0.0273,-0.0009,-0.1728,-0.1618,0.1153,0.2156,0.2165,0.1365,-0.0743,-0.4356,-0.6494,-0.4517,-0.1374,0.1082,0.281,0.4047,0.4961,0.5649,0.617,0.6566,0.6869,1.5011,1.575,1.6515,1.7055,1.7227,1.7576,1.8954,2.202,2.0701,1.6525,1.3724,0.9644,0.8332,1.0232,0.2935,-0.4871,-0.2616,-0.0562,-0.0049,0.1708,0.2316,0.2177,0.1267,-0.1626,-0.7789,-1.162,-0.7213,-0.2163,0.1053,0.3077,0.4445,0.5414,0.6115,0.6619,0.6982,0.7244,1.4697,1.5211,1.5704,1.6112,1.6473,1.7005,1.7878,1.8697,1.8414,1.805,1.8304,1.6887,1.5583,2.1761,0.5155,-0.6131,-0.0873,0.1058,0.2386,0.2623,0.1848,0.1613,0.1463,-0.0624,-0.5489,-0.8586,-0.5273,-0.1024,0.1873,0.3791,0.5127,0.6077,0.6742,0.7191,0.7486,0.7681,1.4406,1.4797,1.5179,1.5544,1.5926,1.6394,1.6958,1.754,1.8387,2.0936,2.6718,2.693,2.2329,1.6747,0.9494,0.2986,0.1601,0.3569,0.4662,0.3005,-0.1465,-0.0619,0.1705,0.1399,-0.0551,-0.1817,-0.0756,0.1332,0.3277,0.4849,0.6061,0.6944,0.7532,0.788,0.8069,0.8168,1.4153,1.4475,1.48,1.5133,1.5495,1.5917,1.6438,1.7163,1.8498,2.1391,2.5943,2.483,2.4939,2.4581,1.4713,0.9395,0.7432,0.8083,0.8615,0.5276,-0.1731,-0.047,0.2761,0.3245,0.2464,0.1786,0.2027,0.315,0.4627,0.602,0.7154,0.7969,0.8448,0.8649,0.8692,0.8674,1.3932,1.4209,1.4497,1.4801,1.5139,1.5537,1.6044,1.6766,1.7896,1.9567,2.1157,2.1838,2.4807,2.496,1.8067,1.5084,1.2353,1.2533,1.4295,1.0603,0.6246,0.4854,0.5221,0.4904,0.3614,0.1961,0.174,0.3523,0.5604,0.719,0.8305,0.903,0.9364,0.9385,0.9277,0.9153,1.3733,1.3978,1.4235,1.4512,1.4822,1.5186,1.564,1.6238,1.7026,1.795,1.8778,1.9435,2.0144,1.988,2.1029,2.2119,1.5852,1.4118,1.4855,1.4829,1.1704,0.9129,0.7831,0.6446,0.3633,-0.1382,-0.2458,0.2906,0.6683,0.851,0.9402,0.983,0.9961,0.9884,0.9724,0.9557,1.355,1.3768,1.3998,1.4246,1.4522,1.4839,1.5217,1.5671,1.62,1.675,1.7233,1.7601,1.7858,1.8262,2.0196,2.0695,1.6591,1.5293,1.8432,2.0274,1.4893,1.1829,1.0207,0.8417,0.5139,-0.1381,-0.2875,0.5551,0.9182,1.0364,1.0488,1.0183,1.0047,1.0077,1.0022,0.9888,1.3377,1.357,1.3774,1.3993,1.4231,1.4498,1.4798,1.5132,1.5487,1.5831,1.612,1.6332,1.6502,1.6784,1.725,1.6957,1.5662,1.5327,1.6853,1.736,1.5121,1.3811,1.2962,1.1279,0.9418,0.941,1.4273,1.4217,1.3358,1.313,1.2178,1.1,1.044,1.0386,1.0341,1.0206,1.3212,1.3383,1.3561,1.375,1.3952,1.4169,1.4402,1.4645,1.4887,1.5106,1.5281,1.5402,1.5485,1.5556,1.555,1.5267,1.4798,1.4668,1.5013,1.5171,1.5289,1.6645,1.6997,1.4491,1.2958,1.5201,2.0226,1.8404,1.7713,1.7105,1.4892,1.2796,1.1598,1.1084,1.0803,1.056,1.3053,1.3203,1.3358,1.3519,1.3687,1.3861,1.4039,1.4216,1.4381,1.4521,1.4625,1.4686,1.4704,1.4677,1.4576,1.4379,1.4162,1.4091,1.4237,1.4638,1.588,1.8772,1.9692,1.6401,1.4515,1.5471,1.7532,1.9446,2.3285,2.177,1.7682,1.4642,1.2861,1.1893,1.1325,1.0929,1.2901,1.3031,1.3164,1.33,1.3438,1.3576,1.3712,1.384,1.3953,1.4042,1.4101,1.4123,1.4107,1.405,1.3949,1.3816,1.3702,1.3685,1.3847,1.4336,1.5474,1.7219,1.7635,1.5977,1.4848,1.53,1.6971,2.0208,2.3995,2.2524,1.8606,1.558,1.3666,1.2499,1.1759,1.1249]}]