docs/data/wind_grid.json
[{"header":{"la1":42.85,"la2":41.18,"lo1":11.55,"lo2":14.05,"nx":36,"ny":24,"dx":0.07143,"dy":0.07261,"parameterCategory":2,"parameterNumber":2,"parameterNumberName":"eastward_wind","parameterUnit":"m.s-1"},"data":[1.1744,1.1454,1.1089,1.0654,1.0171,0.9681,0.9241,0.8908,0.8724,0.8693,0.8782,0.894,0.9112,0.9255,0.9339,0.9336,0.9219,0.896,0.8548,0.8005,0.7423,0.6946,0.6711,0.6762,0.7043,0.745,0.7898,0.8331,0.8726,0.9074,0.9377,0.964,0.9868,1.0067,1.024,1.0393,1.201,1.1691,1.1257,1.0704,1.0054,0.9363,0.8724,0.8248,0.8018,0.8046,0.8264,0.8571,0.888,0.9136,0.9304,0.9359,0.9261,0.8955,0.8383,0.7538,0.6552,0.5729,0.5376,0.5561,0.6105,0.678,0.7442,0.8029,0.8529,0.8947,0.9298,0.9592,0.9842,1.0055,1.0238,1.0398,1.2393,1.2064,1.1564,1.0865,0.9974,0.8961,0.7976,0.7233,0.6926,0.7083,0.7546,0.8106,0.862,0.9029,0.9317,0.9468,0.9442,0.9139,0.8394,0.7066,0.5295,0.3748,0.323,0.3808,0.4904,0.6028,0.6989,0.776,0.8372,0.8858,0.925,0.9571,0.9837,1.0061,1.0251,1.0414,1.2935,1.2642,1.2104,1.1243,1.0019,0.8491,0.6871,0.5585,0.5123,0.5586,0.6549,0.7539,0.8345,0.8946,0.9381,0.9678,0.9822,0.9678,0.8883,0.6876,0.3514,0.028,-0.0368,0.1346,0.3531,0.5315,0.6625,0.7578,0.8285,0.8823,0.9244,0.9582,0.9857,1.0086,1.0279,1.0444,1.3676,1.351,1.3022,1.2028,1.0384,0.8067,0.5282,0.278,0.1951,0.322,0.5238,0.6923,0.8096,0.8898,0.9482,0.9962,1.0417,1.0794,1.0499,0.7921,0.1625,-0.5551,-0.5785,-0.1348,0.2439,0.4896,0.6478,0.7544,0.8298,0.8857,0.9287,0.9628,0.9904,1.0132,1.0323,1.0485,1.4636,1.4758,1.4516,1.3531,1.144,0.8079,0.3411,-0.1773,-0.3612,-0.0178,0.3864,0.644,0.7946,0.8894,0.9584,1.0228,1.1075,1.2483,1.4124,1.2048,0.2637,-0.9117,-0.8591,-0.1975,0.248,0.5066,0.665,0.7692,0.8423,0.8962,0.9377,0.9707,0.9975,1.0195,1.038,1.0536,1.5766,1.6403,1.6791,1.6167,1.3688,0.927,0.2805,-0.5832,-0.9495,-0.2614,0.3347,0.6367,0.7959,0.8927,0.9639,1.0338,1.1376,1.3583,1.7845,1.6918,0.7354,-0.0694,-0.2055,0.1068,0.3923,0.5848,0.7122,0.8001,0.8638,0.9123,0.9505,0.9813,1.0065,1.0273,1.0448,1.0596,1.6885,1.8211,1.9758,2.0182,1.7243,1.1898,0.5489,-0.1654,-0.4512,0.0143,0.4382,0.6735,0.8087,0.896,0.9622,1.0252,1.1099,1.258,1.4662,1.3067,0.7629,0.5025,0.4086,0.4633,0.5805,0.689,0.7736,0.8385,0.8896,0.9312,0.9653,0.9935,1.0168,1.036,1.0522,1.0658,1.7696,1.9499,2.2038,2.384,2.0334,1.4558,0.9169,0.4963,0.3137,0.3863,0.556,0.71,0.8156,0.8912,0.9545,1.0073,1.0708,1.1374,1.1341,0.8985,0.4681,0.4946,0.6169,0.673,0.7269,0.7801,0.8286,0.8726,0.9129,0.9489,0.9799,1.0059,1.0274,1.045,1.0596,1.072,1.8027,1.9818,2.1886,2.2938,2.1033,1.621,1.125,0.7385,0.4209,0.3312,0.5356,0.712,0.7983,0.8614,0.9486,0.9921,1.0591,1.1342,1.1138,0.9221,0.619,0.6171,0.7447,0.7991,0.8195,0.8351,0.858,0.8901,0.9266,0.9619,0.9926,1.0177,1.0376,1.0534,1.0663,1.0772,1.7949,1.9722,2.2257,2.6048,2.4792,1.748,1.214,0.8172,0.1181,-0.2164,0.4465,0.7062,0.7417,0.7492,0.8877,0.9848,1.1,1.2512,1.28,1.1549,0.9834,0.9081,0.9043,0.8886,0.8543,0.8304,0.8401,0.8782,0.9255,0.9688,1.003,1.0284,1.0468,1.0604,1.0713,1.0807,1.7502,1.9115,2.1701,2.5326,2.3852,1.6766,1.2562,1.092,0.6112,0.2386,0.6113,0.7363,0.6492,0.4438,0.6208,0.9512,1.2321,1.573,1.6479,1.4306,1.2387,1.1172,1.0276,0.9214,0.7937,0.715,0.742,0.8267,0.9099,0.9718,1.0128,1.0384,1.0542,1.0647,1.073,1.0809,1.6734,1.7805,1.9127,1.9995,1.8387,1.4856,1.2736,1.2897,1.1578,0.899,0.8474,0.7637,0.6493,0.3251,0.5171,1.0186,1.3733,2.168,2.2044,1.6423,1.3921,1.2478,1.1037,0.8873,0.5802,0.4047,0.5384,0.747,0.8939,0.9797,1.0255,1.0479,1.0582,1.0638,1.069,1.0757,1.5863,1.6387,1.6777,1.6618,1.5486,1.3835,1.2752,1.258,1.2085,1.1034,1.0117,0.7371,0.631,0.7239,0.931,1.1883,1.3642,1.7994,1.9053,1.6244,1.4666,1.3503,1.1809,0.868,0.3328,0.0231,0.3556,0.713,0.9108,1.0056,1.0447,1.0553,1.0545,1.0527,1.0549,1.0621,1.5096,1.5286,1.5296,1.4972,1.4274,1.3437,1.2819,1.2534,1.2459,1.2757,1.3041,1.1876,1.0253,0.9962,1.1212,1.2556,1.7506,1.579,1.5796,1.558,1.5561,1.4922,1.3126,1.0073,0.5421,0.2715,0.5249,0.8261,0.9906,1.057,1.0681,1.0532,1.0334,1.0222,1.0238,1.0357,1.4514,1.4548,1.4449,1.4177,1.3759,1.3319,1.3015,1.2976,1.3408,1.4883,1.8044,1.6674,1.4616,1.2489,1.2822,1.4473,1.6765,1.534,1.4939,1.5765,1.7789,1.7101,1.4707,1.2375,1.0005,0.8718,0.9394,1.0592,1.1236,1.1254,1.0837,1.0241,0.9754,0.9563,0.9659,0.992,1.4106,1.4082,1.3977,1.3787,1.3548,1.3335,1.3247,1.3407,1.402,1.5477,1.7767,1.6746,1.7,1.7397,1.4897,1.4743,1.4826,1.4117,1.3669,1.5275,1.814,1.7509,1.5522,1.4165,1.3304,1.3036,1.3153,1.3138,1.2744,1.1919,1.0697,0.9363,0.846,0.831,0.8708,0.9292,1.3833,1.3798,1.3717,1.3601,1.3478,1.34,1.3431,1.3651,1.4147,1.494,1.5695,1.605,1.7524,1.7971,1.6711,1.6509,1.5093,1.2497,0.996,1.3686,1.5901,1.623,1.5761,1.5423,1.5593,1.623,1.6379,1.5533,1.4203,1.2439,1.0068,0.7476,0.5989,0.6259,0.7396,0.8548,1.3656,1.3628,1.3579,1.3518,1.347,1.3467,1.3551,1.376,1.4115,1.4583,1.5061,1.5558,1.6254,1.7043,1.9574,2.0768,1.6525,1.3502,1.223,1.5495,1.6107,1.6238,1.63,1.6515,1.731,1.8824,1.9155,1.7518,1.5489,1.2908,0.9179,0.4699,0.251,0.3838,0.6129,0.7946,1.3544,1.353,1.3508,1.3487,1.3485,1.3524,1.3627,1.3811,1.408,1.4417,1.4798,1.5243,1.5843,1.6901,1.9115,1.9762,1.7043,1.5837,1.7944,1.9333,1.7359,1.7111,1.7314,1.7567,1.8263,1.9516,1.9799,1.8598,1.6555,1.365,0.9244,0.3579,0.0963,0.2958,0.5797,0.7863,1.3476,1.3476,1.3475,1.3482,1.3509,1.3569,1.3677,1.384,1.406,1.4333,1.4654,1.5042,1.555,1.6271,1.7106,1.7257,1.661,1.6486,1.7532,1.8157,1.8005,1.871,1.9172,1.8873,1.8927,1.9861,2.1169,2.0119,1.7507,1.4756,1.108,0.6519,0.4059,0.495,0.687,0.8464,1.3436,1.3448,1.3463,1.3489,1.3533,1.3605,1.3712,1.3859,1.4049,1.428,1.4554,1.4878,1.5265,1.5708,1.61,1.6261,1.6257,1.646,1.7034,1.7804,1.926,2.1944,2.2817,2.0761,1.96,2.0489,2.2667,2.0869,1.7569,1.5682,1.3337,1.0381,0.8342,0.8024,0.8677,0.9504,1.3414,1.3436,1.3463,1.3501,1.3556,1.3633,1.3737,1.3872,1.404,1.424,1.4473,1.474,1.5037,1.5346,1.5621,1.5833,1.6039,1.6384,1.7002,1.8122,2.0455,2.4457,2.56,2.2081,1.9837,1.9653,1.9983,1.8358,1.6431,1.6058,1.4754,1.2807,1.1209,1.0446,1.0363,1.0601,1.3404,1.3433,1.3468,1.3515,1.3575,1.3654,1.3755,1.388,1.4031,1.4206,1.4407,1.4631,1.4873,1.5121,1.5364,1.5607,1.5892,1.6305,1.6968,1.8096,2.003,2.2509,2.3136,2.1185,1.9433,1.8692,1.8179,1.7088,1.6251,1.6082,1.5244,1.3942,1.2753,1.1974,1.1611,1.1527]},{"header":{"la1":42.85,"la2":41.18,"lo1":11.55,"lo2":14.05,"nx":36,"ny":24,"dx":0.07143,"dy":0.07261,"parameterCategory":2,"parameterNumber":3,"parameterNumberName":"northward_wind","parameterUnit":"m.s-1"},"data":[0.4919,0.4731,0.451,0.4257,0.3984,0.3712,0.3473,0.3304,0.3228,0.3245,0.3324,0.3422,0.3496,0.3516,0.3463,0.3326,0.3095,0.2767,0.2346,0.186,0.1382,0.1018,0.0865,0.0953,0.1231,0.1618,0.2041,0.2455,0.2841,0.3189,0.35,0.3776,0.4022,0.4241,0.4437,0.4611,0.4966,0.4753,0.4489,0.4168,0.38,0.3411,0.3056,0.2807,0.2722,0.2804,0.2994,0.321,0.338,0.3464,0.3443,0.3305,0.304,0.263,0.2056,0.1329,0.0552,-0.006,-0.0283,-0.0073,0.0428,0.1041,0.1647,0.2197,0.2677,0.3091,0.3449,0.3758,0.4028,0.4265,0.4473,0.4657,0.505,0.4817,0.4508,0.4104,0.3599,0.3018,0.2446,0.2031,0.1917,0.2126,0.2527,0.2947,0.3267,0.3444,0.3471,0.3347,0.3063,0.2582,0.1832,0.0737,-0.0608,-0.1736,-0.2059,-0.1525,-0.0576,0.0404,0.1262,0.1972,0.2554,0.3033,0.3433,0.3772,0.4062,0.4313,0.4531,0.4723,0.5181,0.4942,0.46,0.4108,0.3422,0.2533,0.1543,0.075,0.0548,0.1034,0.1863,0.2636,0.3178,0.3476,0.3562,0.3468,0.3201,0.2718,0.185,0.0264,-0.2192,-0.4527,-0.4924,-0.3507,-0.1703,-0.0191,0.0959,0.1829,0.25,0.3032,0.3465,0.3825,0.4129,0.439,0.4615,0.4811,0.5369,0.5153,0.4812,0.4258,0.337,0.2027,0.0246,-0.1464,-0.1945,-0.0764,0.0972,0.2329,0.3158,0.3584,0.373,0.3675,0.3475,0.3146,0.2465,0.0526,-0.3856,-0.9007,-0.9111,-0.5638,-0.2591,-0.0538,0.0845,0.1821,0.2545,0.3104,0.3553,0.3922,0.4233,0.4498,0.4727,0.4924,0.5614,0.5461,0.5187,0.4655,0.3628,0.1774,-0.1275,-0.5119,-0.6487,-0.3446,0.0066,0.2192,0.3282,0.3796,0.398,0.3955,0.3837,0.3854,0.4074,0.2626,-0.3411,-1.1679,-1.125,-0.615,-0.2576,-0.0398,0.101,0.1986,0.2703,0.3257,0.3701,0.4067,0.4376,0.464,0.4868,0.5064,0.5896,0.5846,0.5729,0.5366,0.4386,0.2286,-0.1772,-0.8411,-1.1475,-0.5333,-0.0026,0.2486,0.3615,0.413,0.4326,0.4299,0.4172,0.4378,0.5697,0.5156,-0.0244,-0.5536,-0.6356,-0.383,-0.1441,0.0259,0.1452,0.2318,0.2972,0.3487,0.3907,0.4259,0.4559,0.4817,0.504,0.5232,0.6174,0.6232,0.6326,0.6276,0.5532,0.3726,0.042,-0.4661,-0.6866,-0.2384,0.1465,0.3282,0.4118,0.4564,0.4809,0.4785,0.4488,0.4264,0.4482,0.3388,0.03,-0.1269,-0.1739,-0.1076,0.0085,0.1183,0.2072,0.2769,0.3324,0.3779,0.4162,0.4493,0.478,0.5029,0.5245,0.543,0.641,0.6515,0.6703,0.687,0.6398,0.5312,0.3696,0.189,0.1322,0.2402,0.3543,0.4211,0.4603,0.5013,0.5567,0.5697,0.5023,0.4212,0.3326,0.1446,-0.1508,-0.1268,-0.0139,0.0613,0.1375,0.2109,0.2745,0.3275,0.3722,0.411,0.4454,0.4762,0.5036,0.5277,0.5485,0.5661,0.6601,0.6694,0.6792,0.684,0.6765,0.6557,0.6204,0.5687,0.522,0.5036,0.496,0.4857,0.4818,0.5215,0.6786,0.7676,0.5733,0.4429,0.3387,0.176,-0.0393,-0.0313,0.092,0.177,0.2408,0.2944,0.3394,0.3781,0.4131,0.4459,0.477,0.5062,0.5327,0.5563,0.5764,0.593,0.6774,0.687,0.6957,0.7004,0.7086,0.7625,0.834,0.8217,0.6214,0.526,0.5624,0.5122,0.4586,0.4548,0.6238,0.7633,0.549,0.446,0.3831,0.3,0.2083,0.1862,0.229,0.2824,0.3297,0.368,0.398,0.4245,0.4517,0.4805,0.5101,0.5391,0.5659,0.5894,0.609,0.6245,0.6939,0.7054,0.7144,0.7127,0.7379,0.8791,1.093,1.2263,0.9242,0.664,0.6183,0.5132,0.4028,0.2939,0.353,0.4424,0.4356,0.4311,0.4221,0.3851,0.3449,0.3277,0.3401,0.3702,0.4047,0.4307,0.4467,0.4629,0.4853,0.5134,0.5444,0.5756,0.6042,0.6285,0.6476,0.6615,0.7094,0.7246,0.7415,0.7649,0.8303,0.9969,1.2818,1.5866,1.3518,0.9093,0.6658,0.4924,0.3894,0.2417,0.2724,0.3083,0.3413,0.4518,0.4627,0.425,0.4075,0.4009,0.4084,0.4303,0.4601,0.4778,0.4803,0.4898,0.5125,0.5446,0.5812,0.6177,0.6503,0.6762,0.6946,0.7057,0.7228,0.7421,0.768,0.8087,0.8847,1.0217,1.2248,1.4206,1.2932,0.942,0.7078,0.4545,0.3706,0.4061,0.3101,0.1149,0.193,0.3719,0.4331,0.4363,0.4338,0.4334,0.4431,0.4617,0.4872,0.4993,0.4945,0.5048,0.534,0.5758,0.6232,0.6695,0.7087,0.7368,0.753,0.7593,0.7326,0.7539,0.7826,0.8242,0.8865,0.974,1.073,1.1267,1.053,0.9258,0.8547,0.758,0.6102,0.5896,0.3451,0.0628,0.0712,0.2902,0.4196,0.448,0.4229,0.4226,0.451,0.4722,0.4865,0.494,0.4941,0.511,0.552,0.6102,0.6759,0.7382,0.7873,0.817,0.8278,0.8247,0.7382,0.759,0.7855,0.8201,0.864,0.9141,0.9574,0.9718,0.9546,0.9721,1.1121,1.1871,0.9676,0.6815,0.4997,0.2953,0.1952,0.381,0.5065,0.4733,0.3022,0.3375,0.443,0.4746,0.4729,0.4674,0.4699,0.4996,0.5633,0.6504,0.7466,0.8357,0.8992,0.9271,0.9244,0.9038,0.7401,0.7587,0.7812,0.8078,0.8377,0.8674,0.8908,0.9038,0.9184,0.9745,1.0924,1.0773,1.0799,1.0599,0.719,0.5579,0.5301,0.648,0.7458,0.6079,0.2988,0.3473,0.4702,0.4789,0.4322,0.3787,0.3718,0.44,0.5586,0.6983,0.8456,0.9801,1.0647,1.0802,1.0467,0.9954,0.7392,0.7553,0.7736,0.7938,0.8148,0.8347,0.8514,0.8658,0.8852,0.9196,0.9583,0.9792,1.0809,1.0858,0.8508,0.7736,0.7681,0.9517,1.1429,0.9208,0.6793,0.5805,0.5545,0.4823,0.3314,0.1367,0.1006,0.2961,0.5377,0.7585,0.9795,1.1896,1.3038,1.2806,1.1877,1.0904,0.7367,0.7503,0.7651,0.7807,0.7964,0.8111,0.8245,0.8375,0.8529,0.872,0.8909,0.9086,0.9305,0.9172,0.9239,0.9482,0.8951,1.0431,1.2003,1.2609,1.008,0.7817,0.6424,0.4893,0.194,-0.3309,-0.444,0.1186,0.5501,0.8394,1.1253,1.4323,1.5798,1.4833,1.3119,1.1675,0.7333,0.7448,0.7569,0.7693,0.7815,0.7932,0.8041,0.8148,0.826,0.8378,0.8488,0.8585,0.8659,0.8744,0.914,0.9344,0.9381,1.1127,1.5931,1.8183,1.2294,0.8866,0.7059,0.5439,0.2492,-0.3701,-0.5134,0.3034,0.7093,0.9497,1.2094,1.532,1.6874,1.5576,1.3594,1.2016,0.7296,0.7393,0.7493,0.7594,0.7693,0.7788,0.7878,0.7964,0.8049,0.8131,0.8206,0.8276,0.835,0.8471,0.8685,0.891,0.9404,1.0899,1.3671,1.4426,1.1242,0.8587,0.7265,0.6447,0.5612,0.593,1.0327,1.0451,1.0183,1.1023,1.2262,1.4088,1.5173,1.4503,1.313,1.1868,0.7258,0.7341,0.7425,0.751,0.7592,0.7671,0.7745,0.7816,0.7884,0.7948,0.801,0.8073,0.815,0.8261,0.8427,0.8673,0.9126,0.9931,1.081,1.0685,0.9098,0.7308,0.6728,0.7028,0.7879,1.0858,1.556,1.3919,1.3232,1.3241,1.2829,1.2983,1.3281,1.3011,1.2276,1.1439,0.7221,0.7293,0.7365,0.7437,0.7506,0.7573,0.7637,0.7697,0.7755,0.781,0.7866,0.7926,0.8,0.8101,0.8243,0.8448,0.8745,0.9107,0.9317,0.8983,0.7892,0.6439,0.6096,0.7073,0.8496,1.0711,1.2908,1.4291,1.6855,1.598,1.3866,1.2771,1.2356,1.2016,1.1535,1.097,0.7186,0.7249,0.7311,0.7374,0.7434,0.7492,0.7547,0.76,0.7651,0.7701,0.7753,0.7811,0.788,0.7968,0.8083,0.8232,0.8406,0.8559,0.8573,0.8296,0.7667,0.6917,0.675,0.7448,0.865,1.0245,1.2096,1.4636,1.7306,1.6397,1.4138,1.2676,1.1913,1.1433,1.1004,1.0566]}]