docs/data/wind_grid.json
[{"header":{"la1":42.85,"la2":41.18,"lo1":11.55,"lo2":14.05,"nx":36,"ny":24,"dx":0.07143,"dy":0.07261,"parameterCategory":2,"parameterNumber":2,"parameterNumberName":"eastward_wind","parameterUnit":"m.s-1"},"data":[0.9205,0.8942,0.8631,0.8277,0.7891,0.7499,0.7139,0.685,0.6657,0.6558,0.6521,0.6499,0.6446,0.6325,0.6111,0.5785,0.5337,0.4757,0.4054,0.327,0.2505,0.1908,0.1612,0.1654,0.1964,0.2429,0.2952,0.3472,0.396,0.4406,0.4808,0.5171,0.5497,0.5793,0.6061,0.6304,0.9354,0.9062,0.8699,0.8262,0.7763,0.7236,0.6743,0.6361,0.6149,0.6108,0.6179,0.6273,0.6316,0.6257,0.6069,0.5731,0.5223,0.4518,0.3592,0.2465,0.128,0.0339,-0.0057,0.0146,0.0751,0.1517,0.2283,0.2984,0.36,0.4137,0.4605,0.5016,0.538,0.5704,0.5995,0.6256,0.9561,0.9246,0.8828,0.8291,0.7631,0.6886,0.6153,0.5588,0.5336,0.5415,0.5692,0.599,0.6188,0.6228,0.609,0.576,0.5217,0.4406,0.3225,0.1577,-0.0394,-0.2039,-0.257,-0.1938,-0.0742,0.0508,0.1606,0.252,0.3273,0.39,0.4431,0.4887,0.5285,0.5635,0.5946,0.6225,0.9844,0.9523,0.9063,0.8416,0.7542,0.645,0.5267,0.4307,0.3959,0.4304,0.4996,0.5648,0.6078,0.6255,0.6191,0.5899,0.5376,0.4559,0.321,0.087,-0.2628,-0.589,-0.6512,-0.472,-0.2409,-0.0467,0.1013,0.2137,0.3012,0.3715,0.4297,0.479,0.5217,0.5589,0.5919,0.6211,1.0218,0.9922,0.9456,0.8726,0.7609,0.6006,0.3984,0.2101,0.1482,0.2493,0.4055,0.5285,0.6024,0.6361,0.6386,0.6157,0.5734,0.515,0.409,0.123,-0.4947,-1.1908,-1.2106,-0.7673,-0.378,-0.1148,0.0631,0.1895,0.2844,0.3593,0.4208,0.4729,0.5177,0.5568,0.5913,0.6217,1.0686,1.0459,1.0055,0.9333,0.8036,0.5837,0.2472,-0.1505,-0.2934,-0.0168,0.3054,0.504,0.6086,0.657,0.6682,0.6518,0.6227,0.6187,0.656,0.4321,-0.4466,-1.5446,-1.4934,-0.8551,-0.4036,-0.1254,0.0557,0.1825,0.2777,0.3535,0.4164,0.4701,0.5166,0.5573,0.5929,0.6243,1.1234,1.11,1.082,1.0268,0.9035,0.6491,0.1966,-0.4727,-0.765,-0.2093,0.2721,0.5127,0.6317,0.6898,0.7094,0.697,0.668,0.6941,0.9226,0.8251,-0.0856,-0.8246,-0.9251,-0.6061,-0.2985,-0.0785,0.0758,0.1892,0.2782,0.3519,0.4151,0.4701,0.5182,0.5602,0.5969,0.6291,1.1839,1.1764,1.1489,1.1164,1.046,0.8209,0.4102,-0.1351,-0.3628,0.0132,0.3598,0.5561,0.6673,0.7328,0.7669,0.7607,0.7111,0.661,0.6771,0.4136,-0.3212,-0.5744,-0.5012,-0.3377,-0.1586,-0.01,0.1054,0.1989,0.2793,0.3509,0.415,0.4719,0.5219,0.5654,0.6032,0.6359,1.2525,1.2507,1.1817,1.0997,1.1713,1.0381,0.7281,0.4083,0.2424,0.2899,0.4454,0.5957,0.6988,0.7777,0.8529,0.8711,0.7891,0.6524,0.4279,-0.1291,-1.1096,-0.9819,-0.4532,-0.1967,-0.0561,0.0402,0.1196,0.1955,0.2715,0.3453,0.4137,0.4747,0.5277,0.5731,0.6118,0.6449,1.334,1.3785,1.3757,1.354,1.4915,1.294,0.9693,0.6285,0.2501,0.1247,0.3862,0.6032,0.7057,0.7936,0.9803,1.0785,0.8967,0.7325,0.4883,-0.0168,-0.735,-0.6999,-0.2881,-0.0796,-0.0009,0.0388,0.0874,0.1586,0.244,0.3307,0.4101,0.4786,0.536,0.5835,0.623,0.6561,1.4116,1.5395,1.7962,2.325,2.2215,1.5668,1.1739,0.7864,-0.1659,-0.6394,0.2672,0.6146,0.6725,0.6961,0.9134,1.0807,0.9263,0.8483,0.7096,0.4223,0.0832,-0.0373,0.0109,0.0214,-0.0304,-0.0714,-0.038,0.063,0.1883,0.3066,0.406,0.4855,0.548,0.5973,0.6368,0.6693,1.4492,1.6027,1.8885,2.3083,2.1922,1.6254,1.4064,1.3434,0.6024,0.0138,0.5086,0.6799,0.607,0.4255,0.5464,0.8099,0.9262,1.0222,0.9903,0.7732,0.5333,0.3557,0.2126,0.0141,-0.2497,-0.4119,-0.3312,-0.1123,0.1074,0.2809,0.408,0.4995,0.5658,0.615,0.6531,0.6839,1.4382,1.5519,1.7059,1.8304,1.7455,1.5527,1.5686,1.7969,1.5099,0.9823,0.8481,0.7335,0.6169,0.2914,0.3983,0.7888,0.977,1.2839,1.2839,0.9749,0.7462,0.5461,0.2966,-0.1316,-0.7862,-1.1665,-0.8446,-0.3389,0.0354,0.2758,0.4279,0.5258,0.5908,0.6363,0.6707,0.6987,1.402,1.4695,1.5361,1.5668,1.5334,1.4932,1.543,1.6617,1.5427,1.2574,1.0759,0.7054,0.5789,0.7983,0.7884,0.7994,0.9864,1.1939,1.1942,1.0098,0.8278,0.6451,0.3624,-0.2367,-1.3624,-2.0385,-1.2844,-0.4475,0.0483,0.323,0.4779,0.5675,0.6217,0.6582,0.6865,0.7112,1.3638,1.4029,1.4345,1.4476,1.4423,1.4411,1.4651,1.4891,1.4629,1.4606,1.484,1.3113,1.1198,1.1927,0.9852,0.8433,1.6233,1.2732,1.1299,0.9799,0.8139,0.6934,0.4922,-0.0089,-0.9326,-1.4975,-0.9235,-0.2175,0.2109,0.441,0.5602,0.6199,0.6512,0.6731,0.6945,0.7175,1.3332,1.3582,1.3778,1.3895,1.3961,1.406,1.4256,1.4564,1.5263,1.7497,2.2605,1.9577,1.6576,1.3455,1.2331,1.2939,1.5597,1.3169,1.1377,0.9278,0.6354,0.6466,0.6446,0.4053,0.0082,-0.2226,-0.0428,0.2694,0.4927,0.6115,0.6582,0.6649,0.661,0.6664,0.6853,0.7125,1.3113,1.3298,1.3457,1.3588,1.3716,1.3888,1.4167,1.4674,1.5743,1.8129,2.1961,1.9819,1.9276,1.9446,1.5418,1.4315,1.3844,1.2714,1.1486,0.9743,0.619,0.676,0.7991,0.7579,0.6698,0.6486,0.7079,0.7725,0.8027,0.7909,0.7391,0.668,0.6178,0.6145,0.6473,0.6923,1.2961,1.3119,1.3268,1.3416,1.3582,1.3804,1.4137,1.4675,1.5563,1.6868,1.8013,1.8208,1.9746,2.0186,1.8372,1.781,1.5258,1.2397,1.0588,1.1482,1.0335,0.9829,1.0192,1.0509,1.1153,1.2325,1.2777,1.1963,1.0792,0.9435,0.77,0.5821,0.4745,0.4941,0.5765,0.66,1.2856,1.3002,1.315,1.3309,1.3496,1.3738,1.407,1.4539,1.5175,1.5919,1.6579,1.7131,1.7925,1.9055,2.3446,2.5535,1.7941,1.3717,1.2523,1.4721,1.3732,1.2757,1.2619,1.304,1.4283,1.6431,1.6933,1.5065,1.2999,1.0669,0.757,0.4003,0.229,0.3288,0.4998,0.6335,1.2781,1.2921,1.3069,1.3233,1.3425,1.3664,1.3968,1.4355,1.4824,1.5338,1.5853,1.6404,1.7187,1.8812,2.259,2.3666,1.8549,1.5993,1.7968,1.9481,1.6263,1.5141,1.5017,1.5196,1.6031,1.7518,1.7862,1.6794,1.4735,1.1944,0.8025,0.3248,0.1107,0.2682,0.4873,0.6425,1.2724,1.2859,1.3005,1.3167,1.3356,1.358,1.385,1.417,1.4538,1.494,1.537,1.5866,1.6543,1.7595,1.8877,1.893,1.7394,1.6511,1.7344,1.7873,1.7271,1.78,1.8156,1.7504,1.7369,1.8541,2.0436,1.9231,1.6283,1.3458,0.9952,0.5845,0.3686,0.4358,0.584,0.7031,1.2677,1.2807,1.2949,1.3106,1.3284,1.349,1.3727,1.3998,1.43,1.4629,1.4987,1.5393,1.5882,1.6448,1.6909,1.6907,1.6494,1.6293,1.6643,1.7339,1.8987,2.2439,2.3542,2.0487,1.8649,1.9728,2.2583,2.0445,1.6817,1.4804,1.2322,0.9393,0.7423,0.7007,0.7425,0.7988,1.2636,1.276,1.2896,1.3045,1.3211,1.3397,1.3606,1.3838,1.4092,1.4365,1.4659,1.4977,1.5317,1.5649,1.5887,1.5956,1.5931,1.6046,1.6536,1.7732,2.0622,2.5941,2.7496,2.2509,1.9237,1.8888,1.9401,1.7842,1.6183,1.5641,1.3929,1.1744,1.0037,0.9168,0.8931,0.8991,1.2596,1.2715,1.2843,1.2983,1.3136,1.3305,1.3489,1.369,1.3906,1.4135,1.4376,1.4625,1.4875,1.5105,1.5286,1.5415,1.5553,1.5831,1.6441,1.7696,2.0086,2.3316,2.4112,2.1359,1.8875,1.7876,1.7407,1.6556,1.6064,1.5733,1.4471,1.2857,1.148,1.0563,1.0067,0.9845]},{"header":{"la1":42.85,"la2":41.18,"lo1":11.55,"lo2":14.05,"nx":36,"ny":24,"dx":0.07143,"dy":0.07261,"parameterCategory":2,"parameterNumber":3,"parameterNumberName":"northward_wind","parameterUnit":"m.s-1"},"data":[0.0019,-0.0177,-0.042,-0.0708,-0.1033,-0.1374,-0.1701,-0.1982,-0.2195,-0.234,-0.2438,-0.2521,-0.2618,-0.2749,-0.2928,-0.3165,-0.347,-0.3851,-0.4308,-0.4816,-0.5305,-0.5661,-0.5781,-0.5636,-0.5282,-0.4815,-0.4314,-0.3828,-0.3379,-0.2971,-0.2604,-0.2274,-0.1976,-0.1707,-0.1463,-0.1241,0.0193,-0.0017,-0.0295,-0.0646,-0.1062,-0.1516,-0.1956,-0.2321,-0.2562,-0.2678,-0.2713,-0.273,-0.2776,-0.2879,-0.3051,-0.3303,-0.365,-0.4117,-0.4731,-0.5488,-0.629,-0.6906,-0.7091,-0.6796,-0.6183,-0.5458,-0.4752,-0.4118,-0.3565,-0.3087,-0.267,-0.2303,-0.1978,-0.1687,-0.1426,-0.1191,0.0425,0.021,-0.0101,-0.0528,-0.1074,-0.1708,-0.2349,-0.287,-0.3155,-0.3194,-0.3092,-0.2982,-0.2943,-0.2999,-0.3153,-0.3406,-0.3779,-0.4321,-0.5115,-0.6251,-0.7654,-0.883,-0.9113,-0.8433,-0.7301,-0.6156,-0.5172,-0.4366,-0.3707,-0.3161,-0.2699,-0.23,-0.1951,-0.1641,-0.1365,-0.1119,0.0731,0.0532,0.0204,-0.0303,-0.1024,-0.1948,-0.2965,-0.3815,-0.4186,-0.4025,-0.3622,-0.3279,-0.3109,-0.3105,-0.323,-0.3466,-0.3829,-0.4383,-0.5299,-0.6926,-0.9506,-1.2031,-1.2394,-1.0675,-0.8543,-0.6794,-0.5491,-0.4521,-0.3775,-0.3177,-0.2682,-0.2258,-0.189,-0.1565,-0.1277,-0.1021,0.1123,0.0982,0.0679,0.0116,-0.0812,-0.2172,-0.3894,-0.5512,-0.6101,-0.5397,-0.4323,-0.3584,-0.3251,-0.3192,-0.3292,-0.3492,-0.3787,-0.4223,-0.4997,-0.6909,-1.1453,-1.7209,-1.726,-1.3081,-0.9479,-0.7126,-0.5592,-0.453,-0.3744,-0.3124,-0.2612,-0.2175,-0.1793,-0.1457,-0.1159,-0.0896,0.1602,0.1582,0.1393,0.0857,-0.0248,-0.2143,-0.5014,-0.8406,-0.9653,-0.7448,-0.5035,-0.3782,-0.333,-0.327,-0.3369,-0.3521,-0.3694,-0.3868,-0.4032,-0.5274,-1.0953,-2.0315,-1.9757,-1.3515,-0.9305,-0.6879,-0.5382,-0.4365,-0.3608,-0.3002,-0.2492,-0.2049,-0.1659,-0.1314,-0.1009,-0.074,0.2139,0.2317,0.2382,0.2044,0.0888,-0.1393,-0.5279,-1.1058,-1.3601,-0.889,-0.5143,-0.369,-0.3321,-0.3372,-0.353,-0.3638,-0.3653,-0.3567,-0.3227,-0.3478,-0.6738,-1.2186,-1.3247,-1.031,-0.7739,-0.6042,-0.4898,-0.4061,-0.3394,-0.2828,-0.233,-0.1886,-0.1489,-0.1135,-0.0823,-0.055,0.266,0.307,0.3529,0.3621,0.2531,0.0251,-0.3208,-0.7889,-0.9903,-0.6615,-0.4083,-0.3264,-0.3268,-0.3582,-0.3909,-0.4005,-0.3805,-0.3484,-0.3208,-0.2961,-0.2332,-0.3561,-0.5838,-0.6294,-0.5728,-0.4996,-0.4322,-0.3717,-0.3158,-0.2634,-0.2143,-0.1692,-0.1282,-0.0918,-0.0598,-0.0322,0.3067,0.3613,0.4323,0.4807,0.3841,0.2043,-0.0104,-0.2274,-0.3308,-0.2962,-0.2603,-0.2752,-0.3273,-0.3988,-0.4739,-0.4942,-0.4308,-0.3538,-0.2795,-0.1264,0.217,0.1287,-0.2193,-0.3849,-0.4282,-0.4199,-0.3895,-0.347,-0.2977,-0.2458,-0.1948,-0.147,-0.1037,-0.0657,-0.0329,-0.0051,0.3325,0.3868,0.442,0.4688,0.4397,0.3534,0.2484,0.118,-0.0356,-0.1243,-0.1643,-0.2412,-0.3402,-0.4508,-0.6169,-0.6954,-0.5068,-0.3668,-0.2642,-0.1195,0.0972,0.0568,-0.1587,-0.3004,-0.3708,-0.395,-0.3837,-0.3458,-0.2922,-0.233,-0.175,-0.1216,-0.0745,-0.0342,-0.0004,0.0272,0.3471,0.4036,0.4734,0.5615,0.5513,0.4991,0.513,0.4187,-0.0173,-0.223,-0.1215,-0.2301,-0.3704,-0.4877,-0.6242,-0.7095,-0.5026,-0.3505,-0.2563,-0.1844,-0.1203,-0.1295,-0.2146,-0.3157,-0.4026,-0.4496,-0.4387,-0.3815,-0.3043,-0.2255,-0.1535,-0.0911,-0.0387,0.0043,0.0388,0.0657,0.3512,0.4084,0.4826,0.5617,0.5698,0.6387,0.8848,1.0616,0.5055,0.0283,-0.0488,-0.2359,-0.4226,-0.573,-0.5897,-0.5485,-0.4398,-0.2618,-0.1815,-0.186,-0.1834,-0.2024,-0.2695,-0.3914,-0.5442,-0.634,-0.5889,-0.464,-0.3317,-0.2181,-0.1257,-0.0516,0.0069,0.0523,0.0866,0.1116,0.3447,0.3951,0.4539,0.5118,0.5771,0.7581,1.1668,1.6673,1.2509,0.4485,0.0114,-0.2554,-0.422,-0.6398,-0.6533,-0.6076,-0.4783,-0.0539,-0.0116,-0.1543,-0.1825,-0.2135,-0.3025,-0.5067,-0.8396,-1.0339,-0.8582,-0.5769,-0.3552,-0.1973,-0.0826,0.0028,0.0666,0.113,0.1453,0.1664,0.3307,0.3731,0.4221,0.4806,0.5703,0.7459,1.0491,1.3715,1.1266,0.4535,0.0244,-0.2826,-0.3838,-0.4921,-0.6196,-0.9102,-0.7292,-0.2901,-0.1358,-0.159,-0.1632,-0.1919,-0.2934,-0.5739,-1.1422,-1.4915,-1.0901,-0.6283,-0.332,-0.1432,-0.0138,0.0791,0.1452,0.1899,0.2172,0.2314,0.3124,0.3474,0.3887,0.4405,0.5142,0.6238,0.7571,0.8163,0.6313,0.3117,0.1051,-0.0468,-0.2548,-0.3945,-0.5942,-0.989,-0.8385,-0.4922,-0.2318,-0.1392,-0.1389,-0.1581,-0.2257,-0.457,-0.9202,-1.2084,-0.8977,-0.498,-0.2246,-0.042,0.0881,0.1828,0.248,0.287,0.3047,0.3076,0.2919,0.3197,0.3516,0.3894,0.4351,0.4851,0.5188,0.491,0.3747,0.2507,0.2638,0.3069,0.0974,-0.1999,-0.3742,-0.5834,-0.6531,-0.3379,-0.0757,-0.0463,-0.2033,-0.1791,-0.1341,-0.2357,-0.4338,-0.5478,-0.4381,-0.2348,-0.0503,0.1001,0.2224,0.3174,0.3801,0.4083,0.4092,0.3943,0.2706,0.2914,0.3138,0.3375,0.3603,0.3763,0.3729,0.3362,0.2718,0.2268,0.2543,0.2305,0.2228,0.2018,-0.08,-0.195,-0.144,0.1472,0.3922,0.2093,-0.1843,-0.1365,-0.0191,-0.038,-0.1035,-0.1339,-0.0897,0.011,0.1347,0.2609,0.3814,0.4842,0.5462,0.5561,0.5293,0.4882,0.2501,0.2647,0.2792,0.2921,0.301,0.3017,0.2887,0.2597,0.2224,0.1949,0.1851,0.1816,0.2488,0.2593,0.1455,0.1528,0.261,0.7654,1.2523,0.7418,0.3336,0.1863,0.1632,0.1297,0.0789,0.0314,0.0484,0.1586,0.2934,0.4213,0.5517,0.677,0.7441,0.7231,0.6543,0.5801,0.2314,0.2412,0.2498,0.2558,0.2576,0.2527,0.2394,0.2183,0.1943,0.1746,0.1635,0.1645,0.1853,0.2199,0.362,0.4405,0.4563,0.8799,1.2379,1.2068,0.8108,0.4995,0.3557,0.2746,0.1667,-0.0507,-0.0923,0.2189,0.4457,0.5799,0.7077,0.8558,0.931,0.8701,0.7573,0.6545,0.2151,0.2215,0.2262,0.2284,0.227,0.2209,0.2098,0.195,0.1792,0.1665,0.1604,0.1651,0.1874,0.2454,0.3683,0.4307,0.517,0.889,1.6306,1.9492,1.1311,0.6877,0.5057,0.4164,0.3044,-0.0101,-0.0839,0.4672,0.6826,0.7574,0.8219,0.9282,0.9923,0.9237,0.8048,0.697,0.2016,0.2056,0.2081,0.2085,0.206,0.2006,0.1923,0.1823,0.1727,0.1661,0.1656,0.175,0.2001,0.2487,0.3195,0.3959,0.5331,0.8287,1.2844,1.4182,1.0135,0.7208,0.6057,0.563,0.5846,0.7472,1.2147,1.1744,1.035,0.9877,0.9369,0.9225,0.9307,0.8854,0.7988,0.7085,0.1907,0.1933,0.1946,0.1943,0.192,0.1879,0.1823,0.1764,0.1715,0.1698,0.1738,0.1865,0.2115,0.2521,0.3092,0.3868,0.5059,0.6829,0.8667,0.9095,0.7883,0.6926,0.67,0.6644,0.7844,1.1793,1.7335,1.5258,1.3867,1.3105,1.1266,0.9806,0.9052,0.8471,0.7781,0.7044,0.1821,0.184,0.1848,0.1845,0.1829,0.1804,0.1773,0.1745,0.1734,0.1754,0.1826,0.1972,0.2215,0.2576,0.3075,0.3745,0.4632,0.5687,0.6603,0.6961,0.6837,0.6884,0.696,0.697,0.8231,1.1033,1.3789,1.5318,1.8401,1.7019,1.3386,1.0791,0.9312,0.8392,0.7651,0.6968,0.1757,0.1772,0.178,0.178,0.1774,0.1763,0.1753,0.1751,0.1768,0.1815,0.1909,0.2063,0.2296,0.2621,0.3052,0.3599,0.4258,0.4966,0.5589,0.6016,0.6311,0.6613,0.6765,0.7002,0.806,0.9977,1.23,1.5483,1.8965,1.76,1.3982,1.1226,0.9496,0.838,0.756,0.6881]}]