docs/data/wind_grid.json
[{"header":{"la1":42.85,"la2":41.18,"lo1":11.55,"lo2":14.05,"nx":36,"ny":24,"dx":0.07143,"dy":0.07261,"parameterCategory":2,"parameterNumber":2,"parameterNumberName":"eastward_wind","parameterUnit":"m.s-1"},"data":[2.4031,2.3899,2.3745,2.3575,2.3397,2.3226,2.308,2.298,2.2938,2.2956,2.302,2.3112,2.3214,2.3311,2.3392,2.3448,2.3472,2.3464,2.3431,2.338,2.3316,2.3242,2.3158,2.3065,2.2964,2.2857,2.2743,2.2626,2.2507,2.2387,2.2269,2.2154,2.2044,2.194,2.1843,2.1754,2.4091,2.3935,2.3747,2.3529,2.329,2.3051,2.2842,2.27,2.2654,2.2704,2.2827,2.2985,2.3151,2.3305,2.3435,2.3523,2.3556,2.3538,2.3489,2.3423,2.3347,2.3263,2.317,2.3067,2.2955,2.2835,2.2709,2.258,2.2448,2.2315,2.2185,2.2059,2.1939,2.1826,2.1722,2.1628,2.4175,2.3996,2.3767,2.3488,2.3163,2.2816,2.2496,2.2275,2.2216,2.2327,2.2552,2.2816,2.3073,2.3308,2.3509,2.3648,2.3687,2.364,2.3557,2.3468,2.3378,2.3284,2.318,2.3066,2.2942,2.2809,2.2669,2.2524,2.2377,2.2231,2.2087,2.1949,2.1817,2.1695,2.1583,2.1483,2.4294,2.4094,2.3825,2.3473,2.3032,2.2517,2.1997,2.161,2.1517,2.175,2.2165,2.2594,2.2971,2.3302,2.3603,2.3821,2.3859,2.3749,2.3617,2.3505,2.3405,2.3303,2.319,2.3064,2.2926,2.2777,2.262,2.2458,2.2294,2.2131,2.1972,2.1819,2.1675,2.1542,2.1422,2.1316,2.4459,2.425,2.3948,2.3524,2.2944,2.2189,2.1315,2.0566,2.0374,2.0876,2.1653,2.2328,2.2834,2.3244,2.3626,2.3928,2.3963,2.3797,2.3638,2.3525,2.3427,2.3322,2.32,2.3061,2.2905,2.2737,2.2561,2.2379,2.2195,2.2012,2.1835,2.1665,2.1507,2.1363,2.1234,2.1123,2.4682,2.4483,2.4173,2.3702,2.2997,2.1968,2.0567,1.9087,1.8621,1.9715,2.1117,2.2078,2.2672,2.3093,2.3463,2.3756,2.3818,2.3711,2.3609,2.3533,2.3451,2.3347,2.3214,2.3057,2.288,2.2689,2.2488,2.2283,2.2075,2.187,2.1672,2.1483,2.1309,2.1152,2.1014,2.0898,2.4969,2.4809,2.4534,2.4076,2.3333,2.2142,2.0302,1.7954,1.7047,1.8943,2.0876,2.1949,2.252,2.2876,2.3167,2.3407,2.3534,2.3571,2.3579,2.3562,2.3501,2.339,2.3237,2.3053,2.2848,2.2628,2.2399,2.2166,2.1931,2.17,2.1476,2.1266,2.1073,2.0901,2.0754,2.0633,2.5318,2.5233,2.5048,2.4693,2.4058,2.2978,2.1282,1.9178,1.837,1.9732,2.1118,2.1945,2.2373,2.261,2.2825,2.3072,2.3311,2.3505,2.363,2.3665,2.3604,2.3466,2.3274,2.305,2.2806,2.2551,2.2289,2.2023,2.1756,2.1494,2.1241,2.1004,2.0789,2.0601,2.0445,2.0322,2.5715,2.5741,2.5703,2.5546,2.517,2.4426,2.3183,2.1637,2.0553,2.0466,2.1176,2.1882,2.2154,2.2202,2.2352,2.2708,2.3169,2.3584,2.3842,2.3902,2.3796,2.3586,2.3324,2.304,2.2748,2.2451,2.2151,2.1847,2.1543,2.1244,2.0955,2.0686,2.0445,2.0239,2.0074,1.9951,2.6134,2.6295,2.6452,2.6577,2.6597,2.6336,2.5409,2.3165,1.9557,1.8113,2.0252,2.1719,2.1779,2.1421,2.1506,2.2184,2.3114,2.3928,2.4359,2.4366,2.4106,2.3746,2.3372,2.301,2.2661,2.2319,2.1977,2.1632,2.1285,2.094,2.0607,2.0298,2.0024,1.9797,1.9624,1.9506,2.6538,2.6841,2.7213,2.7674,2.8224,2.8758,2.8699,2.5837,1.582,1.1204,1.9272,2.1976,2.1197,1.9745,1.9836,2.1385,2.3291,2.4882,2.5511,2.5187,2.4532,2.3906,2.3378,2.293,2.2527,2.2142,2.1759,2.1369,2.0971,2.0571,2.018,1.9818,1.9502,1.9251,1.9072,1.8967,2.6885,2.731,2.7874,2.8652,2.9765,3.1386,3.356,3.4389,2.5157,1.7793,2.2288,2.3546,2.0721,1.635,1.6859,2.0507,2.4024,2.7304,2.7977,2.6407,2.494,2.395,2.3274,2.2764,2.2327,2.1912,2.1492,2.1054,2.0595,2.0121,1.9652,1.9216,1.8844,1.8564,1.8387,1.831,2.7138,2.7642,2.8325,2.9292,3.074,3.303,3.6698,4.0955,3.6766,2.8623,2.6769,2.7581,2.4113,1.4637,1.5158,2.0766,2.4997,3.1154,3.13,2.7236,2.4909,2.3684,2.2973,2.2478,2.2051,2.1624,2.1173,2.0683,2.0148,1.9576,1.8994,1.8449,1.7998,1.7684,1.7522,1.7501,2.7277,2.7804,2.8506,2.9476,3.0868,3.2913,3.5751,3.8498,3.6328,3.0733,2.8949,3.2228,3.2425,2.0781,2.131,2.2482,2.4291,2.8183,2.885,2.5998,2.3972,2.2927,2.2421,2.2069,2.1703,2.1286,2.0809,2.0263,1.9632,1.8919,1.8163,1.7449,1.688,1.6531,1.6416,1.6499,2.7302,2.78,2.8437,2.9263,3.0337,3.1682,3.3102,3.3752,3.2312,3.0097,2.9378,2.9563,2.8499,3.0508,2.4916,2.3169,2.2273,2.4141,2.4864,2.3687,2.2162,2.1625,2.1663,2.1588,2.1315,2.0911,2.0416,1.9814,1.9062,1.8138,1.71,1.6107,1.5358,1.4984,1.4985,1.5262,2.723,2.7667,2.8194,2.8824,2.9548,3.0294,3.085,3.0847,3.0176,2.9697,3.0374,3.0427,2.9201,2.7659,2.5686,2.3682,2.2695,2.3358,2.3334,2.1988,1.9817,2.0049,2.0957,2.1154,2.0925,2.0518,2.0019,1.9381,1.8482,1.7238,1.5724,1.4245,1.3217,1.2876,1.3141,1.3767,2.7089,2.7451,2.7862,2.8314,2.8775,2.9174,2.9397,2.9353,2.9161,2.9295,3.0042,2.9528,2.821,2.7422,2.568,2.4193,2.351,2.3293,2.2965,2.1804,1.9537,1.9853,2.0749,2.0849,2.0541,2.0113,1.9663,1.9051,1.7992,1.6265,1.3938,1.1602,1.0161,1.0029,1.0851,1.2061,2.6904,2.7193,2.7504,2.782,2.8112,2.8337,2.8448,2.8439,2.8397,2.8457,2.8508,2.8083,2.7508,2.6984,2.4591,2.3224,2.3215,2.3155,2.3006,2.2703,2.1586,2.1031,2.0885,2.058,2.0135,1.9698,1.9395,1.8934,1.7735,1.5351,1.1738,0.797,0.6015,0.65,0.8312,1.0349,2.6695,2.6922,2.7152,2.7371,2.7559,2.7692,2.7751,2.7741,2.7694,2.7622,2.7445,2.7033,2.6369,2.4959,2.1703,2.0581,2.2547,2.3234,2.3416,2.3863,2.2784,2.1548,2.0717,2.0173,1.9748,1.9324,1.9203,1.9068,1.7821,1.4777,0.9632,0.4031,0.1656,0.3191,0.6203,0.9051,2.6477,2.6652,2.682,2.6971,2.7092,2.7167,2.7188,2.7154,2.7069,2.6917,2.6651,2.6192,2.5419,2.4011,2.1813,2.1143,2.2518,2.3517,2.5107,2.5845,2.3236,2.1022,1.9782,1.9445,1.9509,1.9331,1.9266,1.9538,1.8292,1.4942,0.907,0.2588,0.0071,0.2091,0.5549,0.8656,2.626,2.6392,2.6513,2.6614,2.6687,2.6721,2.671,2.6649,2.653,2.6338,2.604,2.5587,2.4916,2.3981,2.2993,2.2596,2.2869,2.3362,2.4155,2.4104,2.1632,1.8601,1.7235,1.7909,1.92,2.0306,2.1475,2.102,1.9153,1.5876,1.0793,0.5409,0.2993,0.414,0.6748,0.9326,2.6048,2.6145,2.6229,2.6293,2.6331,2.6334,2.6297,2.6213,2.6073,2.5866,2.557,2.5165,2.4637,2.4018,2.3438,2.3066,2.2907,2.2815,2.2558,2.1393,1.8173,1.3451,1.205,1.5124,1.8379,2.0837,2.2603,2.1822,1.9713,1.691,1.3261,0.9618,0.7589,0.7687,0.9044,1.0731,2.5844,2.5913,2.5968,2.6004,2.6014,2.5993,2.5936,2.5836,2.5686,2.5477,2.52,2.4846,2.4421,2.3954,2.3498,2.3095,2.2716,2.2232,2.1363,1.9487,1.5588,0.9931,0.8516,1.3049,1.7299,1.9892,2.1132,2.0835,1.9483,1.7526,1.5144,1.283,1.1314,1.0934,1.1434,1.2362,2.5649,2.5696,2.5728,2.5741,2.573,2.5691,2.5619,2.5509,2.5355,2.5152,2.4895,2.4582,2.4219,2.3821,2.3405,2.297,2.2471,2.1794,2.0714,1.8844,1.5789,1.2268,1.141,1.4003,1.6965,1.8897,1.9789,1.9767,1.9039,1.7827,1.6339,1.4881,1.3812,1.3342,1.3425,1.3872]},{"header":{"la1":42.85,"la2":41.18,"lo1":11.55,"lo2":14.05,"nx":36,"ny":24,"dx":0.07143,"dy":0.07261,"parameterCategory":2,"parameterNumber":3,"parameterNumberName":"northward_wind","parameterUnit":"m.s-1"},"data":[0.5711,0.5448,0.516,0.4854,0.4545,0.426,0.4031,0.3893,0.3865,0.394,0.4083,0.4243,0.4379,0.4469,0.452,0.4567,0.4656,0.4808,0.5018,0.526,0.5513,0.5763,0.6005,0.6238,0.6461,0.6675,0.688,0.7076,0.7264,0.7442,0.7612,0.7771,0.7921,0.806,0.8189,0.8308,0.5653,0.5344,0.4992,0.46,0.4184,0.3779,0.3439,0.3234,0.3211,0.3364,0.3624,0.3896,0.4104,0.4209,0.4223,0.4218,0.4286,0.4474,0.475,0.5059,0.5365,0.5656,0.5929,0.6187,0.6431,0.6663,0.6885,0.7097,0.7298,0.7489,0.767,0.7839,0.7997,0.8144,0.8279,0.8401,0.5625,0.5268,0.4843,0.4342,0.3774,0.3176,0.2636,0.229,0.2263,0.256,0.3039,0.351,0.3839,0.3966,0.3908,0.379,0.3819,0.408,0.4466,0.4866,0.5233,0.5564,0.5867,0.6147,0.6412,0.6663,0.6902,0.7129,0.7345,0.755,0.7742,0.7922,0.8089,0.8243,0.8383,0.851,0.5642,0.5243,0.4743,0.4116,0.3344,0.2444,0.153,0.0871,0.0799,0.1379,0.2276,0.309,0.3611,0.3782,0.3622,0.3319,0.3294,0.3689,0.4227,0.4718,0.5135,0.5497,0.5821,0.6122,0.6406,0.6675,0.6932,0.7176,0.7407,0.7626,0.7831,0.8022,0.8198,0.8359,0.8505,0.8636,0.5721,0.5294,0.4734,0.3986,0.2979,0.1651,0.0067,-0.1314,-0.1577,-0.0392,0.1323,0.268,0.3457,0.371,0.3507,0.3064,0.3004,0.3514,0.4135,0.4656,0.5084,0.5455,0.5793,0.611,0.6412,0.6701,0.6976,0.7238,0.7486,0.772,0.7938,0.8141,0.8327,0.8496,0.8647,0.8782,0.5873,0.5446,0.4866,0.4048,0.285,0.106,-0.1517,-0.4404,-0.5282,-0.2766,0.0403,0.2435,0.3432,0.3771,0.3672,0.3366,0.3334,0.373,0.4229,0.4674,0.5066,0.5429,0.5775,0.6109,0.6431,0.674,0.7036,0.7317,0.7583,0.7834,0.8067,0.8283,0.8479,0.8656,0.8813,0.895,0.6104,0.5715,0.5176,0.439,0.3179,0.1201,-0.2103,-0.6776,-0.8717,-0.4267,0.0297,0.2624,0.3597,0.3917,0.3927,0.3836,0.3852,0.4056,0.4358,0.469,0.5037,0.5393,0.5754,0.6111,0.6458,0.6793,0.7113,0.7416,0.7703,0.7972,0.8222,0.8452,0.866,0.8845,0.9007,0.9145,0.6406,0.6092,0.566,0.503,0.4059,0.2467,-0.0204,-0.3997,-0.5448,-0.1712,0.1756,0.3356,0.3915,0.4034,0.4013,0.3988,0.4017,0.4129,0.4325,0.46,0.494,0.532,0.5717,0.6112,0.6495,0.6861,0.7208,0.7537,0.7847,0.8137,0.8406,0.8652,0.8873,0.9067,0.9233,0.9372,0.6759,0.6546,0.6265,0.5875,0.5308,0.4457,0.3239,0.1958,0.1794,0.2957,0.3939,0.4278,0.4181,0.3951,0.3801,0.3768,0.3795,0.3866,0.403,0.4325,0.473,0.519,0.566,0.6114,0.6544,0.6948,0.7327,0.7683,0.8019,0.8334,0.8625,0.889,0.9126,0.933,0.95,0.9637,0.7134,0.7029,0.6909,0.6771,0.6606,0.6401,0.6149,0.5931,0.5969,0.6,0.5597,0.4938,0.4113,0.3418,0.3162,0.3213,0.3258,0.3247,0.3385,0.3793,0.4379,0.5002,0.559,0.6125,0.6611,0.7057,0.7471,0.7858,0.8224,0.8567,0.8886,0.9175,0.9429,0.9644,0.9816,0.9948,0.7502,0.7494,0.7515,0.7585,0.7731,0.7969,0.8213,0.8095,0.7323,0.7024,0.6494,0.5228,0.3493,0.2016,0.1887,0.2397,0.2467,0.2104,0.214,0.2898,0.3894,0.4791,0.5536,0.6162,0.6707,0.7195,0.7644,0.8064,0.8464,0.8842,0.9196,0.9516,0.9794,1.0021,1.0194,1.0315,0.784,0.7907,0.803,0.824,0.8588,0.9132,0.9868,1.0292,0.8852,0.762,0.7053,0.5561,0.2601,-0.1068,-0.0084,0.1647,0.1516,-0.0185,-0.0326,0.1608,0.3407,0.4651,0.5541,0.6243,0.6838,0.7365,0.7846,0.8301,0.874,0.9165,0.9567,0.9931,1.024,1.0482,1.0651,1.0753,0.8134,0.825,0.843,0.8706,0.9132,0.9787,1.0751,1.1755,1.0879,0.9045,0.7938,0.7024,0.4261,-0.1796,-0.0472,0.1763,0.0869,-0.3634,-0.3606,0.0727,0.3304,0.4697,0.5625,0.6368,0.7004,0.7562,0.8071,0.8561,0.905,0.9539,1.0013,1.0442,1.0797,1.1055,1.1212,1.1278,0.838,0.8521,0.872,0.9001,0.9397,0.9944,1.0639,1.1257,1.0855,0.9756,0.9098,0.8967,0.8286,0.193,0.3204,0.2593,0.1005,-0.1182,-0.1166,0.1945,0.3825,0.4833,0.5695,0.6502,0.7192,0.7774,0.83,0.8825,0.9382,0.9969,1.0555,1.1088,1.151,1.1785,1.191,1.1912,0.8583,0.8731,0.8926,0.9179,0.9499,0.9883,1.0277,1.0527,1.0492,1.0549,1.0903,1.0865,0.9448,1.1396,0.6313,0.1727,-0.2539,0.134,0.3104,0.4036,0.4008,0.4385,0.5532,0.6616,0.74,0.7974,0.8486,0.9047,0.9707,1.0454,1.1228,1.193,1.2453,1.2735,1.2788,1.2675,0.875,0.8897,0.9079,0.93,0.9558,0.9843,1.0125,1.0391,1.0759,1.1586,1.2871,1.5635,1.3713,1.0948,0.8458,0.3775,0.0147,0.419,0.652,0.5356,0.1794,0.253,0.5224,0.6836,0.7641,0.8086,0.8514,0.9129,0.9972,1.0991,1.2083,1.307,1.3741,1.3992,1.3888,1.3575,0.889,0.9033,0.9202,0.94,0.9625,0.9875,1.0154,1.0502,1.1039,1.1931,1.2938,1.4054,1.6108,1.6686,1.1658,0.8821,0.8019,1.0451,1.2217,0.8445,0.1789,0.2762,0.5957,0.7445,0.7869,0.7878,0.8109,0.8891,1.0103,1.1577,1.319,1.4651,1.5525,1.564,1.522,1.4582,0.9009,0.9147,0.9307,0.9491,0.9701,0.9942,1.0228,1.0598,1.1108,1.179,1.2575,1.3702,1.6518,1.7046,1.3653,1.2587,1.2625,1.6701,2.0876,1.4824,0.9254,0.7632,0.8151,0.8398,0.7836,0.6809,0.6718,0.8135,1.0094,1.2211,1.4571,1.6763,1.7866,1.7623,1.6662,1.5577,0.9112,0.9245,0.9398,0.9573,0.9774,1.0007,1.0286,1.0632,1.1069,1.1603,1.2239,1.3067,1.4055,1.4346,1.4986,1.5506,1.4521,1.7317,1.9874,1.7951,1.4341,1.1566,1.0329,0.9379,0.7547,0.4492,0.3902,0.7236,1.0271,1.2881,1.5941,1.8978,2.0239,1.9432,1.7844,1.6335,0.92,0.9329,0.9476,0.9644,0.9835,1.0057,1.0317,1.0627,1.0995,1.1424,1.1916,1.247,1.3033,1.3628,1.4724,1.5143,1.4782,1.6518,2.002,2.136,1.675,1.3569,1.1929,1.057,0.8418,0.4536,0.3725,0.8784,1.1423,1.3526,1.6527,1.9796,2.1075,2.0035,1.8238,1.6607,0.9277,0.9402,0.9543,0.9702,0.9883,1.009,1.0328,1.0601,1.0914,1.1265,1.1654,1.2074,1.2524,1.3045,1.364,1.4013,1.4438,1.5818,1.8096,1.8649,1.6214,1.4304,1.3285,1.2177,1.1105,1.1382,1.4829,1.4607,1.3533,1.4069,1.604,1.8483,1.9626,1.9026,1.7675,1.6323,0.9343,0.9463,0.9598,0.9749,0.9919,1.011,1.0325,1.0567,1.0836,1.1131,1.1451,1.1795,1.2164,1.2566,1.2978,1.3376,1.3901,1.475,1.5662,1.5798,1.5127,1.4932,1.4833,1.3751,1.3211,1.5179,1.8727,1.7221,1.4858,1.4368,1.5243,1.6613,1.7443,1.7314,1.6576,1.567,0.9399,0.9515,0.9644,0.9786,0.9945,1.0121,1.0315,1.053,1.0764,1.1018,1.1291,1.1581,1.1889,1.2215,1.2556,1.2922,1.3358,1.3876,1.4333,1.4539,1.4727,1.5468,1.5731,1.4551,1.3905,1.4851,1.6234,1.5887,1.4765,1.4295,1.4591,1.5247,1.5742,1.5791,1.5448,1.4908,0.9448,0.9558,0.968,0.9815,0.9962,1.0124,1.0301,1.0493,1.07,1.0922,1.1159,1.1409,1.1672,1.195,1.2242,1.2557,1.2902,1.3266,1.3601,1.3899,1.4304,1.4889,1.5007,1.4344,1.3873,1.4101,1.4548,1.4535,1.418,1.3964,1.4064,1.4359,1.4619,1.4682,1.4522,1.4208]}]