docs/data/wind_grid.json
[{"header":{"la1":42.85,"la2":41.18,"lo1":11.55,"lo2":14.05,"nx":36,"ny":24,"dx":0.07143,"dy":0.07261,"parameterCategory":2,"parameterNumber":2,"parameterNumberName":"eastward_wind","parameterUnit":"m.s-1"},"data":[-0.6532,-0.6559,-0.656,-0.6534,-0.6483,-0.6409,-0.6312,-0.6191,-0.6044,-0.5879,-0.5709,-0.5558,-0.5441,-0.5371,-0.5348,-0.5358,-0.538,-0.5383,-0.5337,-0.5228,-0.507,-0.4905,-0.4775,-0.4698,-0.4663,-0.4647,-0.4632,-0.461,-0.4581,-0.4545,-0.4506,-0.4466,-0.4427,-0.4389,-0.4354,-0.4322,-0.6784,-0.683,-0.6841,-0.6818,-0.6765,-0.6688,-0.6588,-0.6455,-0.6277,-0.6059,-0.5826,-0.5617,-0.5464,-0.5384,-0.5379,-0.5433,-0.5511,-0.5558,-0.5513,-0.5339,-0.5064,-0.4783,-0.4599,-0.4538,-0.4551,-0.4581,-0.4597,-0.4592,-0.4568,-0.4533,-0.4492,-0.4449,-0.4408,-0.4368,-0.4332,-0.4299,-0.7087,-0.7162,-0.719,-0.7169,-0.7112,-0.7036,-0.6949,-0.6823,-0.6617,-0.6319,-0.5979,-0.5674,-0.546,-0.5365,-0.539,-0.5518,-0.57,-0.5843,-0.582,-0.5525,-0.4991,-0.4457,-0.4197,-0.4228,-0.4373,-0.4497,-0.4562,-0.4576,-0.4557,-0.452,-0.4476,-0.4429,-0.4385,-0.4343,-0.4306,-0.4272,-0.7456,-0.7581,-0.7636,-0.7613,-0.7538,-0.7464,-0.7427,-0.7371,-0.7159,-0.6724,-0.6187,-0.5716,-0.5407,-0.5286,-0.5355,-0.5598,-0.5967,-0.6328,-0.6413,-0.5913,-0.479,-0.3643,-0.3319,-0.3695,-0.4143,-0.442,-0.4543,-0.4571,-0.455,-0.4506,-0.4455,-0.4404,-0.4356,-0.4313,-0.4275,-0.4241,-0.7908,-0.8121,-0.823,-0.8197,-0.8063,-0.7963,-0.8042,-0.8233,-0.8108,-0.7392,-0.6457,-0.5712,-0.5267,-0.5108,-0.5225,-0.5625,-0.6305,-0.7137,-0.7631,-0.691,-0.4555,-0.1889,-0.1728,-0.3047,-0.3985,-0.4416,-0.4566,-0.4584,-0.4546,-0.4489,-0.4428,-0.4371,-0.4321,-0.4276,-0.4238,-0.4205,-0.8453,-0.883,-0.9067,-0.903,-0.8736,-0.8483,-0.8714,-0.9555,-0.982,-0.8406,-0.6701,-0.5578,-0.4983,-0.4777,-0.4926,-0.5487,-0.6577,-0.8274,-0.9985,-0.9358,-0.5409,-0.0691,-0.0849,-0.3034,-0.4162,-0.4559,-0.4645,-0.4611,-0.4539,-0.4461,-0.439,-0.4328,-0.4276,-0.4232,-0.4195,-0.4164,-0.9066,-0.9739,-1.0296,-1.0344,-0.9697,-0.8952,-0.9055,-1.07,-1.1727,-0.9092,-0.654,-0.5175,-0.4501,-0.4236,-0.4353,-0.4995,-0.6403,-0.8926,-1.2327,-1.2018,-0.8037,-0.4561,-0.3659,-0.4375,-0.478,-0.4838,-0.4752,-0.463,-0.4513,-0.4414,-0.4335,-0.4271,-0.422,-0.4179,-0.4145,-0.4118,-0.9641,-1.0737,-1.1982,-1.2476,-1.115,-0.9376,-0.8632,-0.9384,-0.9834,-0.7605,-0.5544,-0.4437,-0.382,-0.3451,-0.3376,-0.3931,-0.5428,-0.7839,-1.0414,-1.0768,-1.0479,-0.9371,-0.7252,-0.6075,-0.5485,-0.5098,-0.4811,-0.4598,-0.4444,-0.4334,-0.4255,-0.4197,-0.4153,-0.4117,-0.4089,-0.4066,-0.9974,-1.1372,-1.3352,-1.4754,-1.2482,-0.9642,-0.7855,-0.6892,-0.5974,-0.4787,-0.4005,-0.3522,-0.3049,-0.2457,-0.176,-0.1937,-0.3819,-0.6224,-0.833,-1.0432,-1.408,-1.3125,-0.9257,-0.7006,-0.5825,-0.5144,-0.4725,-0.4467,-0.4309,-0.4212,-0.4149,-0.4106,-0.4073,-0.4047,-0.4026,-0.4008,-0.9928,-1.1214,-1.2747,-1.3563,-1.2067,-0.9554,-0.7211,-0.5125,-0.2754,-0.1644,-0.2385,-0.2694,-0.2373,-0.1535,0.0662,0.1816,-0.2203,-0.5439,-0.7558,-0.9647,-1.2384,-1.1822,-0.8922,-0.6848,-0.56,-0.4853,-0.4425,-0.4202,-0.4094,-0.4043,-0.4017,-0.3999,-0.3984,-0.397,-0.3957,-0.3947,-0.9586,-1.0671,-1.1945,-1.3377,-1.2802,-0.9553,-0.6979,-0.4616,0.0291,0.2663,-0.1195,-0.2195,-0.1864,-0.115,0.0572,0.1929,-0.2777,-0.6358,-0.8097,-0.8678,-0.9079,-0.8657,-0.7302,-0.591,-0.4849,-0.418,-0.3869,-0.3788,-0.3804,-0.3841,-0.3871,-0.3887,-0.3892,-0.389,-0.3885,-0.3881,-0.9051,-0.9977,-1.1256,-1.289,-1.221,-0.9016,-0.7326,-0.6727,-0.3063,-0.0112,-0.1834,-0.2123,-0.1388,-0.0159,-0.0785,-0.2443,-0.5641,-1.0348,-1.1651,-0.9433,-0.7841,-0.6814,-0.5782,-0.4683,-0.3677,-0.308,-0.3028,-0.3244,-0.3472,-0.3634,-0.373,-0.378,-0.3801,-0.3808,-0.3809,-0.381,-0.837,-0.9008,-0.9729,-1.0193,-0.9476,-0.8023,-0.7729,-0.8861,-0.7234,-0.4017,-0.2817,-0.2253,-0.1561,0.0357,-0.0737,-0.4063,-0.7692,-1.8307,-1.8733,-1.0607,-0.7151,-0.5558,-0.4523,-0.3454,-0.2182,-0.1487,-0.1948,-0.2676,-0.3182,-0.3472,-0.3623,-0.3691,-0.3716,-0.3723,-0.3726,-0.3732,-0.7638,-0.798,-0.824,-0.8219,-0.7754,-0.7205,-0.7268,-0.7922,-0.6948,-0.4446,-0.3021,-0.2282,-0.2081,-0.1983,-0.3244,-0.569,-0.7331,-1.2671,-1.3729,-0.8626,-0.5476,-0.4025,-0.3343,-0.2534,-0.1014,-0.0073,-0.1156,-0.2364,-0.3063,-0.3416,-0.3574,-0.3627,-0.3634,-0.3629,-0.363,-0.3642,-0.6956,-0.7097,-0.7136,-0.7002,-0.6701,-0.6396,-0.6261,-0.6081,-0.5171,-0.3769,-0.2879,-0.2561,-0.2333,-0.2033,-0.4067,-0.6318,-1.1181,-0.842,-0.7202,-0.4762,-0.2326,-0.167,-0.2068,-0.2116,-0.1359,-0.0761,-0.1579,-0.2603,-0.3216,-0.3501,-0.3589,-0.3576,-0.3533,-0.3504,-0.3504,-0.3529,-0.6367,-0.6393,-0.6335,-0.6173,-0.5922,-0.5634,-0.5318,-0.4849,-0.4063,-0.3094,-0.233,-0.2857,-0.2579,-0.2452,-0.3688,-0.6433,-0.9304,-0.6192,-0.3713,-0.1213,0.2205,0.1507,-0.078,-0.1892,-0.2194,-0.2305,-0.276,-0.3302,-0.3626,-0.3715,-0.3641,-0.3494,-0.3362,-0.3305,-0.3322,-0.3383,-0.5876,-0.5836,-0.5731,-0.5555,-0.5311,-0.501,-0.4639,-0.4151,-0.3523,-0.284,-0.2325,-0.2358,-0.146,-0.0991,-0.2194,-0.3238,-0.3598,-0.1797,0.0233,0.0908,0.3049,0.2167,-0.0331,-0.19,-0.2887,-0.358,-0.4047,-0.4249,-0.4221,-0.4011,-0.3667,-0.3285,-0.3023,-0.2966,-0.3057,-0.3197,-0.547,-0.5391,-0.5262,-0.5077,-0.4836,-0.4538,-0.4177,-0.3745,-0.3257,-0.2776,-0.2382,-0.1936,-0.0938,-0.0449,0.0302,0.0805,0.0277,0.2776,0.6007,0.2829,0.1592,0.0756,-0.0697,-0.2259,-0.3786,-0.5093,-0.5631,-0.5417,-0.4947,-0.4343,-0.3588,-0.2811,-0.2373,-0.2423,-0.2705,-0.2989,-0.5133,-0.5032,-0.489,-0.4703,-0.4468,-0.4187,-0.3857,-0.3481,-0.3076,-0.2663,-0.2238,-0.1703,-0.0908,0.0596,0.5216,0.7233,0.2836,0.3437,0.5148,0.3854,0.2085,0.0543,-0.0932,-0.2684,-0.4826,-0.6923,-0.7405,-0.6631,-0.5739,-0.4706,-0.3432,-0.2068,-0.1434,-0.178,-0.2369,-0.2823,-0.4853,-0.474,-0.4593,-0.4408,-0.4184,-0.3922,-0.3623,-0.329,-0.2929,-0.254,-0.2097,-0.1521,-0.0619,0.1174,0.4744,0.5928,0.3114,0.291,0.4809,0.5658,0.2816,0.0841,-0.0733,-0.2723,-0.5288,-0.7514,-0.7944,-0.7673,-0.6575,-0.5166,-0.3532,-0.1765,-0.101,-0.1545,-0.2279,-0.2791,-0.462,-0.4501,-0.4353,-0.4174,-0.3963,-0.372,-0.3447,-0.3145,-0.2813,-0.2443,-0.2009,-0.1449,-0.0649,0.0553,0.1984,0.2507,0.2079,0.2308,0.3503,0.3846,0.2434,0.1396,0.0312,-0.1945,-0.5103,-0.8258,-1.0989,-0.9957,-0.7433,-0.5647,-0.412,-0.2619,-0.1867,-0.2077,-0.2553,-0.2933,-0.4426,-0.4305,-0.4159,-0.3988,-0.379,-0.3565,-0.3315,-0.3038,-0.2731,-0.2387,-0.1987,-0.1498,-0.0882,-0.0142,0.0565,0.097,0.1132,0.1437,0.1915,0.2114,0.2207,0.3176,0.3211,-0.0029,-0.4387,-0.9058,-1.3433,-1.103,-0.7166,-0.5695,-0.4711,-0.3698,-0.3034,-0.2885,-0.3007,-0.3179,-0.4264,-0.4144,-0.4003,-0.3839,-0.3654,-0.3446,-0.3216,-0.2962,-0.2683,-0.2371,-0.2017,-0.161,-0.1146,-0.0651,-0.0196,0.0149,0.041,0.0687,0.1007,0.1405,0.2405,0.4858,0.5668,0.1578,-0.3149,-0.7019,-0.9159,-0.7617,-0.5373,-0.525,-0.4932,-0.4301,-0.3768,-0.349,-0.341,-0.3426,-0.4129,-0.4011,-0.3876,-0.3722,-0.3549,-0.3357,-0.3146,-0.2914,-0.2662,-0.2385,-0.2079,-0.1744,-0.1385,-0.1021,-0.0683,-0.0393,-0.0141,0.011,0.0406,0.0865,0.1796,0.3257,0.3412,0.0836,-0.2458,-0.5044,-0.6271,-0.5851,-0.5094,-0.5094,-0.4918,-0.4504,-0.4104,-0.3829,-0.368,-0.3617]},{"header":{"la1":42.85,"la2":41.18,"lo1":11.55,"lo2":14.05,"nx":36,"ny":24,"dx":0.07143,"dy":0.07261,"parameterCategory":2,"parameterNumber":3,"parameterNumberName":"northward_wind","parameterUnit":"m.s-1"},"data":[-0.7598,-0.7522,-0.7415,-0.7276,-0.711,-0.6925,-0.6739,-0.6568,-0.6423,-0.6299,-0.618,-0.6043,-0.5871,-0.5651,-0.5383,-0.5073,-0.4732,-0.4377,-0.4029,-0.3711,-0.3447,-0.3271,-0.3203,-0.3245,-0.3371,-0.3547,-0.3743,-0.3941,-0.4131,-0.431,-0.4476,-0.463,-0.4773,-0.4905,-0.5027,-0.5139,-0.7748,-0.7671,-0.7551,-0.7384,-0.7171,-0.6928,-0.6682,-0.647,-0.6316,-0.6218,-0.6142,-0.6042,-0.5887,-0.5658,-0.5356,-0.4987,-0.457,-0.4128,-0.3687,-0.3273,-0.292,-0.2682,-0.2616,-0.2725,-0.295,-0.3223,-0.35,-0.3759,-0.3996,-0.4209,-0.4402,-0.4577,-0.4737,-0.4883,-0.5016,-0.5138,-0.7927,-0.7856,-0.7727,-0.7523,-0.7242,-0.6898,-0.6539,-0.624,-0.6073,-0.6039,-0.6059,-0.6041,-0.5927,-0.5698,-0.5357,-0.4916,-0.4398,-0.384,-0.3282,-0.2742,-0.2239,-0.1877,-0.1816,-0.2061,-0.2461,-0.288,-0.3261,-0.3592,-0.3877,-0.4125,-0.4344,-0.4539,-0.4715,-0.4874,-0.5018,-0.5149,-0.8144,-0.8094,-0.7965,-0.7724,-0.7346,-0.6833,-0.6247,-0.575,-0.5545,-0.5663,-0.5902,-0.6046,-0.6009,-0.579,-0.5407,-0.4875,-0.4221,-0.3503,-0.2805,-0.2134,-0.1391,-0.0738,-0.069,-0.1242,-0.1943,-0.2559,-0.3056,-0.3456,-0.3786,-0.4065,-0.4307,-0.452,-0.471,-0.4881,-0.5036,-0.5175,-0.8404,-0.8403,-0.8303,-0.8039,-0.7543,-0.6766,-0.5735,-0.4736,-0.4399,-0.492,-0.5653,-0.6088,-0.6165,-0.5963,-0.5537,-0.4899,-0.4055,-0.3084,-0.2208,-0.1524,-0.0527,0.0789,0.0752,-0.0423,-0.1527,-0.2334,-0.2924,-0.3375,-0.3735,-0.4036,-0.4295,-0.4523,-0.4726,-0.4908,-0.5072,-0.5219,-0.8705,-0.8798,-0.8791,-0.8555,-0.7952,-0.6849,-0.5074,-0.285,-0.2038,-0.367,-0.542,-0.626,-0.6444,-0.6253,-0.5795,-0.5058,-0.3978,-0.2571,-0.1294,-0.0914,-0.0228,0.1601,0.1444,-0.0164,-0.1426,-0.2284,-0.2896,-0.3359,-0.3731,-0.4042,-0.4312,-0.455,-0.4764,-0.4957,-0.5129,-0.5283,-0.9019,-0.9274,-0.9479,-0.9382,-0.8718,-0.7381,-0.4979,-0.105,0.0778,-0.2813,-0.568,-0.6719,-0.6886,-0.6683,-0.6237,-0.5468,-0.4213,-0.2347,-0.034,-0.0323,-0.0595,0.0152,0.0152,-0.0761,-0.1688,-0.2414,-0.297,-0.3409,-0.3771,-0.4082,-0.4357,-0.4605,-0.4828,-0.503,-0.521,-0.537,-0.9276,-0.9745,-1.0365,-1.0623,-0.9812,-0.8445,-0.6512,-0.351,-0.2175,-0.4952,-0.7002,-0.7543,-0.7472,-0.725,-0.6935,-0.6271,-0.499,-0.3155,-0.1391,-0.0923,-0.0567,-0.0459,-0.085,-0.1438,-0.2075,-0.264,-0.311,-0.3504,-0.3845,-0.415,-0.443,-0.4686,-0.492,-0.5132,-0.5321,-0.5486,-0.9365,-0.9939,-1.1033,-1.1964,-1.0588,-0.9423,-0.879,-0.8195,-0.8278,-0.9012,-0.9064,-0.8554,-0.8072,-0.7892,-0.8037,-0.7728,-0.622,-0.4364,-0.276,-0.1289,0.065,0.0328,-0.1021,-0.1841,-0.2416,-0.2879,-0.3272,-0.3619,-0.3939,-0.4241,-0.4527,-0.4796,-0.5045,-0.5269,-0.5466,-0.5635,-0.9226,-0.9544,-1.0113,-1.0496,-0.9492,-0.976,-1.0645,-1.1673,-1.3123,-1.3417,-1.1315,-0.9429,-0.8485,-0.8394,-0.9705,-1.0517,-0.7468,-0.5121,-0.354,-0.1966,-0.0253,-0.037,-0.1477,-0.2225,-0.2717,-0.3094,-0.3419,-0.3728,-0.4036,-0.4344,-0.4648,-0.4939,-0.5208,-0.5449,-0.5655,-0.5827,-0.8992,-0.8885,-0.8204,-0.6229,-0.6702,-0.9819,-1.2305,-1.4141,-1.7058,-1.8641,-1.3026,-0.9785,-0.8596,-0.8429,-0.9487,-1.054,-0.7094,-0.5024,-0.3912,-0.2955,-0.2118,-0.1914,-0.2237,-0.2634,-0.297,-0.325,-0.3516,-0.3804,-0.4121,-0.4457,-0.4797,-0.5124,-0.5424,-0.5685,-0.5902,-0.6074,-0.8869,-0.8632,-0.7834,-0.6339,-0.7065,-1.0864,-1.4415,-1.652,-1.6611,-1.6378,-1.2208,-0.9413,-0.8555,-0.895,-0.815,-0.6607,-0.5063,-0.4298,-0.395,-0.3378,-0.2866,-0.2634,-0.2687,-0.289,-0.3109,-0.3299,-0.3521,-0.3823,-0.4187,-0.4583,-0.4985,-0.5368,-0.5712,-0.6001,-0.6226,-0.639,-0.8901,-0.882,-0.859,-0.8501,-0.9622,-1.2399,-1.5993,-1.9038,-1.7228,-1.363,-1.059,-0.8791,-0.8233,-0.9269,-0.7835,-0.3757,-0.2697,-0.4219,-0.4338,-0.3313,-0.2809,-0.2617,-0.2695,-0.2919,-0.3108,-0.3203,-0.341,-0.3787,-0.4247,-0.4741,-0.5237,-0.5704,-0.611,-0.6431,-0.6658,-0.6799,-0.8995,-0.9095,-0.926,-0.9707,-1.0793,-1.2687,-1.5157,-1.7313,-1.6011,-1.2168,-0.9574,-0.8551,-0.8226,-0.6215,-0.3807,0.1767,0.1134,-0.2029,-0.3147,-0.2595,-0.2054,-0.1919,-0.2273,-0.2766,-0.3057,-0.3063,-0.3283,-0.3765,-0.4344,-0.4966,-0.5597,-0.6186,-0.6677,-0.703,-0.724,-0.7329,-0.9053,-0.9249,-0.9546,-1.0047,-1.0858,-1.1975,-1.3156,-1.3706,-1.2585,-1.0434,-0.8922,-0.8086,-0.7039,-0.6054,-0.2326,0.343,0.7422,0.1229,-0.145,-0.1321,-0.0011,-0.0033,-0.1325,-0.2424,-0.298,-0.3114,-0.3345,-0.3844,-0.4516,-0.5299,-0.6127,-0.6901,-0.7512,-0.7887,-0.8034,-0.8014,-0.904,-0.9254,-0.9544,-0.9943,-1.0458,-1.102,-1.1424,-1.1326,-1.05,-0.9359,-0.8809,-0.8148,-0.7743,-0.6478,-0.3664,0.1045,0.4756,0.0473,-0.1643,-0.0016,0.4945,0.3722,-0.0097,-0.2013,-0.2785,-0.3089,-0.3376,-0.3904,-0.472,-0.5757,-0.6907,-0.7993,-0.8781,-0.9137,-0.9116,-0.8881,-0.8963,-0.9153,-0.9384,-0.9659,-0.9952,-1.0196,-1.0272,-1.0053,-0.9534,-0.897,-0.8759,-0.8552,-0.9836,-1.0266,-0.618,-0.341,-0.2218,-0.3412,-0.4251,-0.1241,0.5567,0.4056,-0.0157,-0.1995,-0.2546,-0.2627,-0.2871,-0.3627,-0.4828,-0.633,-0.8042,-0.9689,-1.0754,-1.0956,-1.0546,-0.992,-0.8843,-0.8994,-0.916,-0.9332,-0.9485,-0.9571,-0.9536,-0.9344,-0.9034,-0.8738,-0.8598,-0.8808,-1.038,-1.0629,-0.8146,-0.7,-0.5886,-0.7089,-0.9197,-0.5388,-0.1576,-0.0761,-0.183,-0.2442,-0.2111,-0.1174,-0.1134,-0.2694,-0.4767,-0.6996,-0.9586,-1.2246,-1.3736,-1.344,-1.2249,-1.1021,-0.8699,-0.8811,-0.8923,-0.9024,-0.9094,-0.9107,-0.9042,-0.8893,-0.8695,-0.8515,-0.8433,-0.8553,-0.8907,-0.9056,-1.0229,-1.0959,-0.7914,-0.7753,-0.8617,-0.7248,-0.5238,-0.3882,-0.3482,-0.3036,-0.1473,0.1828,0.2528,-0.1429,-0.4823,-0.7703,-1.1219,-1.5325,-1.7336,-1.6043,-1.3775,-1.1911,-0.8548,-0.8626,-0.8697,-0.8751,-0.8774,-0.8755,-0.8685,-0.8568,-0.8427,-0.8298,-0.8222,-0.8235,-0.8351,-0.8703,-0.9913,-1.0257,-0.8254,-0.7597,-0.8315,-0.8729,-0.6742,-0.5407,-0.4717,-0.3905,-0.2034,0.2079,0.3029,-0.2532,-0.5758,-0.8369,-1.1908,-1.6565,-1.8796,-1.699,-1.4307,-1.2244,-0.8399,-0.8451,-0.8492,-0.8516,-0.8514,-0.8479,-0.8411,-0.8314,-0.8202,-0.8096,-0.8017,-0.7985,-0.8026,-0.8202,-0.8504,-0.8406,-0.7761,-0.7437,-0.7744,-0.7783,-0.6882,-0.6253,-0.5859,-0.519,-0.4318,-0.4198,-0.6764,-0.7097,-0.7611,-0.9064,-1.132,-1.4466,-1.6257,-1.5377,-1.354,-1.1917,-0.8258,-0.829,-0.8311,-0.8315,-0.8298,-0.8257,-0.8192,-0.8107,-0.8012,-0.7917,-0.7835,-0.7778,-0.7757,-0.7774,-0.7776,-0.7635,-0.7364,-0.7176,-0.7146,-0.7056,-0.6905,-0.7123,-0.7169,-0.6467,-0.6148,-0.741,-0.9854,-0.9218,-0.9599,-1.0178,-1.0787,-1.2078,-1.3108,-1.3016,-1.218,-1.1197,-0.8127,-0.8144,-0.8151,-0.8142,-0.8117,-0.8073,-0.8011,-0.7934,-0.7849,-0.7761,-0.7677,-0.7604,-0.7544,-0.7488,-0.7411,-0.7283,-0.712,-0.6985,-0.6907,-0.6887,-0.7067,-0.7691,-0.7905,-0.7151,-0.6928,-0.7706,-0.8845,-1.0092,-1.2201,-1.1765,-1.0888,-1.0919,-1.1261,-1.1303,-1.096,-1.0423,-0.8008,-0.8014,-0.801,-0.7994,-0.7963,-0.7918,-0.7859,-0.7789,-0.771,-0.7627,-0.7543,-0.7463,-0.7384,-0.7303,-0.7209,-0.7097,-0.6978,-0.6877,-0.6821,-0.6844,-0.7028,-0.7381,-0.7478,-0.7196,-0.7206,-0.7782,-0.8841,-1.0647,-1.2534,-1.2012,-1.0862,-1.0384,-1.0315,-1.0266,-1.0078,-0.9768]}]