docs/data/wind_grid.json
[{"header":{"la1":42.85,"la2":41.18,"lo1":11.55,"lo2":14.05,"nx":36,"ny":24,"dx":0.07143,"dy":0.07261,"parameterCategory":2,"parameterNumber":2,"parameterNumberName":"eastward_wind","parameterUnit":"m.s-1"},"data":[1.7052,1.6654,1.6153,1.5554,1.4888,1.421,1.3599,1.3136,1.2877,1.2825,1.2932,1.312,1.3311,1.3446,1.3482,1.3384,1.3121,1.2663,1.1996,1.1162,1.0286,0.9575,0.9215,0.9267,0.9645,1.0204,1.0819,1.1413,1.1954,1.2431,1.2846,1.3207,1.352,1.3794,1.4035,1.4249,1.741,1.6973,1.6378,1.5617,1.472,1.3763,1.2878,1.2219,1.1902,1.1941,1.2236,1.2636,1.3017,1.3299,1.3438,1.34,1.3141,1.2594,1.1687,1.0419,0.8977,0.7783,0.7265,0.7513,0.8269,0.921,1.0129,1.0941,1.163,1.2205,1.2687,1.3093,1.3438,1.3735,1.3992,1.4217,1.7925,1.7475,1.679,1.5827,1.4596,1.319,1.182,1.079,1.0371,1.0605,1.1258,1.2023,1.2692,1.3179,1.3464,1.3533,1.3341,1.2764,1.1594,0.9644,0.7105,0.4902,0.4165,0.4979,0.6522,0.8099,0.9439,1.0511,1.1356,1.2027,1.2568,1.3012,1.3383,1.3696,1.3966,1.4199,1.8651,1.8253,1.7518,1.6332,1.4637,1.2509,1.0244,0.8445,0.7816,0.8503,0.9886,1.1274,1.2357,1.3102,1.3567,1.3803,1.3799,1.3395,1.2122,0.9225,0.4479,-0.0074,-0.0979,0.1452,0.4536,0.7043,0.8874,1.0198,1.1175,1.1918,1.2501,1.297,1.3357,1.3681,1.3958,1.4196,1.9643,1.9425,1.8764,1.7398,1.5117,1.1881,0.7963,0.4427,0.3277,0.5141,0.8068,1.047,1.2077,1.309,1.3735,1.418,1.454,1.4768,1.4125,1.0465,0.1704,-0.8351,-0.8665,-0.2389,0.2955,0.6403,0.8608,1.0084,1.1125,1.1897,1.2494,1.2971,1.3362,1.3689,1.3968,1.4207,2.0926,2.1117,2.0813,1.9465,1.656,1.1859,0.5267,-0.2127,-0.4746,0.027,0.6163,0.9876,1.1964,1.3162,1.3918,1.4542,1.5368,1.6875,1.8724,1.5843,0.3006,-1.3384,-1.2633,-0.3292,0.2977,0.6588,0.878,1.0213,1.1216,1.1962,1.2542,1.3009,1.3395,1.3718,1.3993,1.423,2.2426,2.3359,2.3977,2.3152,1.9679,1.3493,0.4382,-0.7982,-1.3277,-0.3225,0.5515,0.9909,1.212,1.3309,1.4041,1.4702,1.576,1.8259,2.3432,2.2203,0.9564,-0.1501,-0.3392,0.0994,0.4968,0.7615,0.9351,1.0543,1.1415,1.2088,1.2629,1.3075,1.3448,1.3762,1.4031,1.4262,2.3873,2.5814,2.8205,2.8944,2.4662,1.7124,0.8205,-0.192,-0.6002,0.087,0.7164,1.0637,1.2499,1.3469,1.4006,1.4526,1.5403,1.706,1.9485,1.7371,1.0357,0.6827,0.537,0.6012,0.7544,0.8967,1.0077,1.094,1.164,1.2228,1.2727,1.3151,1.351,1.3815,1.4074,1.4298,2.4811,2.7417,3.15,3.462,2.8909,2.0643,1.3446,0.7729,0.5213,0.6384,0.9054,1.145,1.2906,1.3533,1.3632,1.3869,1.4745,1.5573,1.539,1.2296,0.687,0.7137,0.8401,0.8903,0.946,1.0057,1.0641,1.1219,1.1787,1.2323,1.2805,1.3222,1.3574,1.3869,1.4118,1.4333,2.4974,2.7285,3.0257,3.1881,2.8332,2.2367,1.6494,1.144,0.6685,0.5336,0.885,1.189,1.3226,1.3472,1.2684,1.2178,1.4239,1.5464,1.5095,1.258,0.8741,0.8654,1.0044,1.0471,1.0486,1.0508,1.0731,1.1177,1.1745,1.2322,1.2841,1.3276,1.3629,1.3917,1.4155,1.4359,2.4582,2.6392,2.8524,3.0837,2.9719,2.3492,1.8322,1.3242,0.1815,-0.3819,0.7606,1.243,1.3458,1.331,1.2733,1.2193,1.4925,1.673,1.6845,1.529,1.3177,1.216,1.1892,1.1333,1.0489,0.9896,0.9972,1.0606,1.1435,1.2208,1.2836,1.3315,1.3676,1.3952,1.4175,1.4366,2.3904,2.5364,2.7399,3.0036,2.8838,2.3294,2.039,1.9247,1.074,0.4098,1.0786,1.3776,1.3516,1.1854,1.2815,1.477,1.7025,1.9759,2.0235,1.8189,1.6142,1.4594,1.316,1.1221,0.8823,0.7332,0.7801,0.9347,1.0877,1.2035,1.2831,1.3358,1.3712,1.3963,1.4162,1.4339,2.3059,2.4026,2.5122,2.581,2.4613,2.2261,2.1902,2.4007,2.1008,1.5671,1.5241,1.5517,1.4428,1.1115,1.2496,1.6091,1.8683,2.4546,2.4774,2.0287,1.7877,1.6051,1.3797,1.0057,0.4564,0.14,0.3833,0.7634,1.0341,1.1969,1.2902,1.3425,1.3726,1.3924,1.4088,1.4252,2.2205,2.2717,2.3105,2.3066,2.2361,2.1549,2.168,2.2688,2.1467,1.8757,1.7769,1.6682,1.5923,1.3006,1.5776,1.7251,1.881,2.2093,2.2765,2.0467,1.8769,1.714,1.4531,0.9298,-0.0051,-0.553,0.0396,0.6803,1.0416,1.2246,1.3123,1.3509,1.3672,1.3776,1.3901,1.4068,2.1482,2.1721,2.1819,2.1679,2.132,2.0992,2.0958,2.1006,2.057,2.029,2.0559,1.9987,1.8549,1.9687,1.7776,1.7763,2.2651,2.1079,2.0894,2.025,1.9438,1.8357,1.6048,1.1335,0.347,-0.1204,0.3244,0.8578,1.1601,1.299,1.3476,1.3519,1.3432,1.3407,1.3515,1.3735,2.0937,2.1046,2.1058,2.0953,2.0773,2.0618,2.0566,2.0606,2.0865,2.2018,2.4652,2.5019,2.2768,2.0294,1.9679,2.0446,2.236,2.147,2.1158,2.0612,1.9987,1.9554,1.7889,1.492,1.1153,0.9001,1.0189,1.234,1.3662,1.4046,1.3785,1.3231,1.2759,1.2616,1.2807,1.3194,2.0549,2.0607,2.0606,2.0552,2.0476,2.0429,2.0466,2.0661,2.1202,2.2478,2.4443,2.4139,2.4367,2.4496,2.1946,2.1592,2.1896,2.2361,2.2651,2.1639,2.0216,2.0039,1.9234,1.7804,1.6495,1.5989,1.617,1.6271,1.5929,1.5074,1.3735,1.2234,1.1223,1.1105,1.1648,1.2419,2.0281,2.0324,2.0335,2.0326,2.0319,2.035,2.0463,2.0722,2.1215,2.1983,2.2757,2.3244,2.4642,2.5064,2.4149,2.4223,2.3538,2.4261,2.5513,2.3737,2.2019,2.1114,2.0472,1.993,2.0003,2.0822,2.0987,1.9734,1.7968,1.5836,1.305,0.9999,0.8253,0.8619,1.0047,1.1506,2.0097,2.0141,2.017,2.0196,2.0236,2.0316,2.0467,2.0724,2.1112,2.1612,2.2142,2.271,2.3479,2.4493,2.7772,2.9311,2.537,2.4966,2.5798,2.5976,2.4198,2.2652,2.1827,2.1592,2.2417,2.467,2.517,2.2405,1.9548,1.6403,1.1996,0.6669,0.4052,0.5679,0.8501,1.0768,1.9971,2.0021,2.0067,2.0118,2.0189,2.0296,2.0459,2.0696,2.1013,2.14,2.1844,2.2374,2.3112,2.4469,2.7264,2.8176,2.566,2.5451,2.8178,2.9585,2.5906,2.3975,2.315,2.2833,2.3429,2.5468,2.5961,2.3192,2.0497,1.7173,1.2049,0.5324,0.2183,0.461,0.8097,1.067,1.9883,1.994,1.9999,2.0068,2.0157,2.0277,2.0441,2.0657,2.093,2.126,2.165,2.213,2.2778,2.3724,2.4852,2.5231,2.4843,2.5209,2.6799,2.736,2.5891,2.5212,2.485,2.4036,2.3614,2.3908,2.3895,2.3069,2.1075,1.8372,1.4227,0.8856,0.5928,0.7036,0.9415,1.1414,1.982,1.9883,1.9952,2.0032,2.013,2.0256,2.0415,2.0614,2.0856,2.1144,2.1485,2.1895,2.2398,2.2993,2.3559,2.3885,2.4057,2.446,2.5128,2.5553,2.6015,2.7562,2.7997,2.5756,2.3959,2.3524,2.3954,2.3135,2.1268,1.9648,1.6999,1.3528,1.1126,1.079,1.1638,1.2705,1.9772,1.984,1.9915,2.0001,2.0104,2.0229,2.0381,2.0565,2.0782,2.1035,2.1329,2.1668,2.2052,2.2461,2.2844,2.3153,2.3436,2.3805,2.43,2.499,2.6487,2.9522,3.0455,2.7007,2.4267,2.3204,2.2895,2.1961,2.1069,2.0587,1.8866,1.6519,1.4635,1.3767,1.3725,1.4074,1.9735,1.9805,1.9883,1.9972,2.0076,2.0198,2.0342,2.051,2.0705,2.0928,2.1179,2.1459,2.1762,2.2075,2.2377,2.2661,2.2952,2.3303,2.3779,2.4532,2.5891,2.7793,2.8197,2.615,2.4046,2.2834,2.2106,2.1374,2.1031,2.0739,1.9558,1.796,1.656,1.567,1.5286,1.5243]},{"header":{"la1":42.85,"la2":41.18,"lo1":11.55,"lo2":14.05,"nx":36,"ny":24,"dx":0.07143,"dy":0.07261,"parameterCategory":2,"parameterNumber":3,"parameterNumberName":"northward_wind","parameterUnit":"m.s-1"},"data":[0.6799,0.6575,0.629,0.5947,0.5559,0.5155,0.4773,0.4457,0.4232,0.4096,0.4017,0.3948,0.3843,0.3669,0.3405,0.3037,0.2559,0.197,0.1284,0.0545,-0.0148,-0.0649,-0.0826,-0.0646,-0.0185,0.0433,0.1103,0.1756,0.2362,0.2908,0.3395,0.3828,0.4211,0.4551,0.4853,0.5122,0.7019,0.6779,0.6449,0.6025,0.5517,0.4966,0.444,0.402,0.3769,0.3684,0.3704,0.3737,0.3711,0.3578,0.3315,0.2907,0.2342,0.1605,0.0685,-0.0395,-0.1498,-0.2329,-0.2584,-0.2205,-0.1404,-0.0442,0.0506,0.1365,0.2116,0.2764,0.3322,0.3805,0.4224,0.459,0.4911,0.5194,0.732,0.7079,0.6708,0.6182,0.55,0.471,0.3922,0.3305,0.3006,0.3038,0.3257,0.3482,0.3588,0.3527,0.328,0.2841,0.2195,0.1308,0.0109,-0.1483,-0.3352,-0.4879,-0.5246,-0.4378,-0.2909,-0.1397,-0.0072,0.103,0.1934,0.2681,0.3305,0.3832,0.4281,0.4668,0.5004,0.5297,0.7728,0.7522,0.7134,0.6497,0.5571,0.439,0.311,0.2069,0.1667,0.1974,0.2615,0.3182,0.3496,0.3535,0.3321,0.2864,0.216,0.1172,-0.0252,-0.2498,-0.5835,-0.9007,-0.9458,-0.7303,-0.4579,-0.228,-0.0519,0.0822,0.1863,0.2689,0.3362,0.392,0.4391,0.4792,0.5137,0.5435,0.8269,0.8168,0.7831,0.711,0.5878,0.4094,0.1888,-0.0143,-0.0827,0.0194,0.1744,0.2886,0.3475,0.3631,0.3455,0.2995,0.2268,0.1295,-0.0043,-0.2687,-0.8436,-1.5457,-1.5517,-1.0415,-0.5881,-0.2784,-0.0676,0.0824,0.1943,0.2811,0.3507,0.4079,0.4558,0.4964,0.5312,0.561,0.8951,0.9079,0.895,0.8256,0.6706,0.4133,0.0411,-0.3886,-0.5427,-0.2485,0.0849,0.2751,0.3596,0.3838,0.3698,0.3246,0.2512,0.1652,0.0991,-0.084,-0.8117,-1.9247,-1.8591,-1.1146,-0.5839,-0.2557,-0.0411,0.1089,0.2199,0.3058,0.3746,0.4313,0.4787,0.5189,0.5532,0.5825,0.9727,1.0268,1.0663,1.0273,0.8436,0.5105,-0.0005,-0.7297,-1.0498,-0.4383,0.074,0.3027,0.3915,0.4163,0.4052,0.3632,0.289,0.2026,0.1959,0.1425,-0.3905,-1.0528,-1.1496,-0.7713,-0.4126,-0.1549,0.0276,0.1609,0.2623,0.3423,0.4075,0.4618,0.5077,0.5467,0.5799,0.6082,1.0439,1.1541,1.2974,1.3479,1.1149,0.7187,0.2425,-0.3418,-0.5851,-0.1496,0.2161,0.3779,0.4387,0.4562,0.4509,0.4181,0.3463,0.2453,0.1661,0.0511,-0.2202,-0.3928,-0.4574,-0.3566,-0.1806,-0.0135,0.1229,0.2307,0.3172,0.3883,0.4481,0.4989,0.5425,0.5797,0.6115,0.6383,1.0815,1.2261,1.4782,1.6829,1.3353,0.9114,0.5844,0.3207,0.2227,0.3082,0.4105,0.4652,0.484,0.493,0.5074,0.4965,0.4237,0.315,0.181,-0.0352,-0.3492,-0.3226,-0.1951,-0.0944,0.0175,0.128,0.2253,0.3081,0.3789,0.4404,0.4944,0.5416,0.5828,0.6181,0.648,0.673,1.0704,1.1789,1.3397,1.4352,1.1972,0.9793,0.8127,0.6761,0.5663,0.5235,0.5323,0.5267,0.5065,0.5065,0.5778,0.6215,0.4982,0.3888,0.2666,0.0635,-0.202,-0.1898,-0.03,0.0848,0.1743,0.2519,0.3207,0.3831,0.4411,0.495,0.5446,0.5892,0.6284,0.662,0.69,0.7127,1.031,1.0787,1.0852,0.9781,0.9756,1.003,0.9882,0.903,0.6002,0.4578,0.5825,0.5588,0.4926,0.4559,0.5417,0.6204,0.502,0.4392,0.3766,0.2681,0.1455,0.1166,0.174,0.2428,0.3014,0.351,0.398,0.4472,0.4985,0.5494,0.5977,0.6416,0.6799,0.7121,0.7381,0.7582,0.9934,1.0142,1.0041,0.9556,0.9694,1.068,1.2164,1.3126,0.9549,0.6535,0.6642,0.5827,0.4512,0.3074,0.3549,0.4335,0.45,0.4816,0.4807,0.4226,0.3626,0.3357,0.3451,0.3685,0.3889,0.4087,0.4427,0.4922,0.5478,0.6029,0.6541,0.6998,0.7387,0.77,0.7937,0.8103,0.9669,0.9832,0.9899,0.994,1.0315,1.1506,1.3896,1.678,1.4359,0.9793,0.7562,0.6218,0.486,0.252,0.2866,0.3324,0.3835,0.5616,0.5782,0.5075,0.4801,0.4667,0.4598,0.4461,0.4113,0.3906,0.4374,0.516,0.5917,0.6585,0.7168,0.7668,0.8076,0.8382,0.8588,0.8706,0.9487,0.9652,0.9815,1.0051,1.0548,1.1583,1.3322,1.5143,1.3828,1.0297,0.8181,0.6625,0.5911,0.3525,0.343,0.1277,0.2167,0.4502,0.537,0.5456,0.5538,0.5528,0.5398,0.4941,0.3838,0.3089,0.4095,0.5411,0.643,0.7235,0.7909,0.8474,0.8913,0.9209,0.9366,0.9409,0.9346,0.9509,0.9698,0.9962,1.0383,1.1035,1.1833,1.2242,1.1413,1.0035,0.9337,0.8766,0.7574,0.8572,0.4121,0.0674,0.0276,0.3368,0.5286,0.5995,0.6069,0.6078,0.6064,0.5644,0.4577,0.3873,0.4814,0.6128,0.7186,0.8058,0.8826,0.9483,0.997,1.0244,1.0312,1.0233,0.9225,0.9374,0.9548,0.9769,1.0057,1.0398,1.0684,1.0697,1.036,1.0188,1.0794,1.2645,1.0879,0.8363,0.6004,0.3346,0.1949,0.4673,0.6714,0.6905,0.5714,0.5951,0.662,0.6618,0.6217,0.6012,0.6492,0.7324,0.8192,0.9071,0.9966,1.0787,1.1362,1.1577,1.1475,1.1189,0.9116,0.9245,0.9388,0.9553,0.9736,0.9911,1.0025,1.0029,0.9999,1.0215,1.0794,1.1406,1.2698,1.2927,0.8637,0.6701,0.6577,0.8625,1.0419,0.8937,0.5872,0.6269,0.7367,0.7628,0.7621,0.7702,0.8012,0.8534,0.9255,1.0197,1.1351,1.2516,1.326,1.3323,1.2883,1.2257,0.9018,0.9125,0.9239,0.9359,0.9479,0.9583,0.9656,0.97,0.9779,0.999,1.0354,1.0982,1.2959,1.3233,1.0177,0.9313,0.9779,1.3397,1.7069,1.3042,0.9848,0.8735,0.866,0.8642,0.8637,0.8691,0.8887,0.9377,1.0164,1.1308,1.2938,1.4788,1.5839,1.5513,1.445,1.3333,0.8931,0.9019,0.911,0.9201,0.9287,0.9364,0.9428,0.9494,0.9592,0.9761,1.0023,1.0434,1.0964,1.0901,1.0763,1.0964,1.1187,1.4234,1.6862,1.6436,1.34,1.1029,0.9975,0.9538,0.9266,0.8796,0.8739,0.9773,1.0903,1.2273,1.443,1.7269,1.8724,1.7676,1.5801,1.4189,0.8855,0.8929,0.9004,0.9077,0.9146,0.9211,0.9274,0.9344,0.9438,0.9571,0.9753,0.998,1.0196,1.0349,1.0701,1.0947,1.1591,1.4208,1.9505,2.1792,1.5702,1.2295,1.0871,1.0264,0.9861,0.899,0.88,1.0594,1.178,1.3039,1.5141,1.8254,1.9841,1.8458,1.6307,1.4558,0.8791,0.8855,0.8918,0.8981,0.9041,0.91,0.9161,0.923,0.9315,0.9425,0.956,0.9719,0.9893,1.0103,1.0398,1.0792,1.1677,1.3709,1.6935,1.7841,1.4689,1.2279,1.1261,1.0853,1.0794,1.1202,1.2461,1.2639,1.3028,1.382,1.5011,1.6891,1.8024,1.729,1.5784,1.4383,0.8738,0.8794,0.885,0.8906,0.8961,0.9017,0.9076,0.9143,0.9222,0.9318,0.9433,0.957,0.9736,0.9949,1.024,1.0676,1.1417,1.258,1.3795,1.3942,1.2748,1.1618,1.1277,1.1198,1.1477,1.2502,1.3777,1.3763,1.481,1.5217,1.5113,1.5492,1.5896,1.5622,1.4817,1.3888,0.8693,0.8744,0.8796,0.8847,0.8899,0.8953,0.9011,0.9076,0.9151,0.9241,0.9347,0.9476,0.9636,0.9841,1.0117,1.0499,1.1029,1.1667,1.2181,1.2219,1.1753,1.1287,1.1217,1.1296,1.1701,1.2569,1.3555,1.5215,1.7979,1.733,1.5725,1.4983,1.4741,1.4453,1.3956,1.334,0.8657,0.8704,0.8752,0.8801,0.8851,0.8904,0.8961,0.9025,0.9098,0.9183,0.9285,0.9408,0.956,0.9751,0.9994,1.0303,1.0676,1.1064,1.1359,1.1451,1.1359,1.1251,1.1232,1.134,1.1752,1.2545,1.3775,1.6001,1.8397,1.7658,1.585,1.4724,1.4142,1.374,1.3324,1.2862]}]