docs/data/wind_grid.json
[{"header":{"la1":42.85,"la2":41.18,"lo1":11.55,"lo2":14.05,"nx":36,"ny":24,"dx":0.07143,"dy":0.07261,"parameterCategory":2,"parameterNumber":2,"parameterNumberName":"eastward_wind","parameterUnit":"m.s-1"},"data":[-0.2624,-0.2633,-0.2647,-0.2667,-0.2694,-0.2726,-0.2761,-0.28,-0.2848,-0.2917,-0.3027,-0.3202,-0.3453,-0.3769,-0.4095,-0.4341,-0.4426,-0.4331,-0.4115,-0.3856,-0.3608,-0.3396,-0.3227,-0.3095,-0.2995,-0.2919,-0.2862,-0.2821,-0.2791,-0.2771,-0.2759,-0.2752,-0.2751,-0.2752,-0.2757,-0.2763,-0.2621,-0.2631,-0.2648,-0.2675,-0.2711,-0.2754,-0.2799,-0.2839,-0.2877,-0.2931,-0.3037,-0.3241,-0.3583,-0.4066,-0.4614,-0.5044,-0.5162,-0.4942,-0.4536,-0.4109,-0.3745,-0.3463,-0.3253,-0.3098,-0.2985,-0.2903,-0.2843,-0.2801,-0.2772,-0.2754,-0.2744,-0.2739,-0.274,-0.2745,-0.2752,-0.276,-0.2618,-0.2629,-0.2651,-0.2687,-0.2739,-0.2805,-0.2873,-0.2925,-0.2947,-0.2959,-0.3024,-0.3232,-0.3671,-0.4395,-0.5329,-0.6122,-0.6285,-0.578,-0.5026,-0.4352,-0.3848,-0.3495,-0.325,-0.3079,-0.2959,-0.2875,-0.2815,-0.2774,-0.2748,-0.2732,-0.2725,-0.2725,-0.2729,-0.2737,-0.2747,-0.2758,-0.2614,-0.2627,-0.2653,-0.27,-0.2777,-0.2885,-0.3011,-0.3108,-0.3114,-0.3036,-0.2991,-0.3137,-0.3631,-0.4617,-0.6113,-0.755,-0.7762,-0.6706,-0.5438,-0.4488,-0.3866,-0.3468,-0.3208,-0.3034,-0.2915,-0.2833,-0.2777,-0.274,-0.2718,-0.2706,-0.2704,-0.2708,-0.2717,-0.2729,-0.2743,-0.2758,-0.2611,-0.2622,-0.265,-0.2707,-0.2813,-0.2989,-0.3237,-0.3472,-0.3495,-0.3237,-0.2947,-0.2921,-0.3353,-0.4441,-0.6343,-0.8413,-0.8671,-0.708,-0.5454,-0.4388,-0.3752,-0.3367,-0.3124,-0.2963,-0.2854,-0.2779,-0.273,-0.2698,-0.2682,-0.2677,-0.268,-0.269,-0.2705,-0.2722,-0.2741,-0.276,-0.2609,-0.2616,-0.2639,-0.2697,-0.282,-0.3069,-0.3512,-0.4084,-0.4248,-0.3619,-0.2872,-0.2555,-0.2782,-0.3654,-0.5266,-0.7058,-0.7372,-0.6137,-0.4848,-0.4007,-0.3508,-0.3203,-0.3006,-0.2872,-0.2779,-0.2715,-0.2673,-0.265,-0.2641,-0.2643,-0.2654,-0.2672,-0.2693,-0.2717,-0.2741,-0.2765,-0.2609,-0.2609,-0.2622,-0.2662,-0.2767,-0.3022,-0.3596,-0.4597,-0.5058,-0.3857,-0.2578,-0.1988,-0.1972,-0.2461,-0.3406,-0.4432,-0.4806,-0.4435,-0.3895,-0.3484,-0.3208,-0.3017,-0.2877,-0.2772,-0.2694,-0.2641,-0.2608,-0.2594,-0.2594,-0.2606,-0.2626,-0.2653,-0.2684,-0.2715,-0.2746,-0.2776,-0.2617,-0.261,-0.2607,-0.2615,-0.2655,-0.2785,-0.3145,-0.3868,-0.4136,-0.2937,-0.1758,-0.1168,-0.0997,-0.1182,-0.1689,-0.2336,-0.2831,-0.305,-0.309,-0.3048,-0.2966,-0.2864,-0.2761,-0.2672,-0.2604,-0.2559,-0.2535,-0.253,-0.2541,-0.2565,-0.2598,-0.2637,-0.2678,-0.2719,-0.2758,-0.2793,-0.2637,-0.2627,-0.2614,-0.2593,-0.2559,-0.2501,-0.2408,-0.2235,-0.1754,-0.1008,-0.0502,-0.0161,0.0102,0.013,-0.0222,-0.0897,-0.1663,-0.2302,-0.2708,-0.2877,-0.2875,-0.2786,-0.2675,-0.2577,-0.2506,-0.2464,-0.2449,-0.2457,-0.2482,-0.2521,-0.257,-0.2624,-0.2679,-0.2731,-0.2779,-0.282,-0.2672,-0.2667,-0.2659,-0.264,-0.2587,-0.244,-0.205,-0.1121,0.0459,0.1254,0.0814,0.0842,0.134,0.1662,0.1297,0.025,-0.107,-0.222,-0.2902,-0.3091,-0.2988,-0.2791,-0.2606,-0.2471,-0.2388,-0.235,-0.2347,-0.2371,-0.2416,-0.2475,-0.2544,-0.2617,-0.269,-0.2756,-0.2814,-0.2862,-0.2721,-0.2731,-0.2746,-0.2768,-0.2788,-0.2765,-0.2515,-0.1307,0.241,0.4117,0.1693,0.1628,0.2803,0.3826,0.3301,0.1348,-0.1044,-0.3075,-0.3976,-0.3813,-0.3296,-0.2828,-0.2506,-0.2319,-0.2229,-0.2204,-0.2222,-0.2269,-0.2339,-0.2426,-0.2523,-0.2623,-0.2717,-0.28,-0.2869,-0.2923,-0.2779,-0.2808,-0.2857,-0.2942,-0.3094,-0.3366,-0.3803,-0.3883,-0.0677,0.1981,0.1165,0.2042,0.4304,0.7128,0.6034,0.2269,-0.185,-0.5732,-0.6607,-0.505,-0.362,-0.2741,-0.2272,-0.2063,-0.2,-0.2012,-0.2065,-0.2147,-0.2253,-0.2378,-0.2513,-0.2647,-0.277,-0.2874,-0.2954,-0.301,-0.2839,-0.2885,-0.2962,-0.3097,-0.3345,-0.382,-0.4729,-0.5937,-0.457,-0.156,0.0227,0.2132,0.4148,0.8286,0.7153,0.2002,-0.3099,-1.0004,-1.0188,-0.5913,-0.3447,-0.2236,-0.175,-0.1638,-0.1678,-0.1765,-0.1872,-0.1999,-0.2153,-0.2331,-0.252,-0.2703,-0.2865,-0.2992,-0.308,-0.3134,-0.2894,-0.295,-0.304,-0.3188,-0.3437,-0.3864,-0.4535,-0.5243,-0.4548,-0.2537,-0.0708,0.2241,0.34,0.4552,0.3017,0.0059,-0.3149,-0.7164,-0.7735,-0.4545,-0.2053,-0.0896,-0.0762,-0.1007,-0.127,-0.147,-0.1638,-0.1819,-0.2036,-0.2289,-0.2558,-0.2813,-0.3026,-0.3178,-0.3268,-0.3306,-0.2943,-0.3002,-0.3089,-0.322,-0.3413,-0.3682,-0.3991,-0.4138,-0.3807,-0.3372,-0.307,-0.1824,-0.0148,-0.0754,0.0083,-0.2191,-0.3748,-0.4038,-0.3962,-0.1728,0.1219,0.1866,0.0772,-0.0252,-0.0838,-0.1142,-0.1349,-0.1583,-0.1888,-0.2257,-0.265,-0.3013,-0.3294,-0.3468,-0.354,-0.354,-0.2985,-0.3042,-0.3121,-0.3227,-0.3364,-0.3525,-0.3679,-0.3783,-0.395,-0.4748,-0.6775,-0.6374,-0.4557,-0.2408,-0.2255,-0.3043,-0.3704,-0.3785,-0.3016,0.0785,0.7071,0.6085,0.2303,0.0298,-0.0498,-0.077,-0.0944,-0.1236,-0.1683,-0.224,-0.2832,-0.3364,-0.3737,-0.3911,-0.3924,-0.3846,-0.3022,-0.3077,-0.3147,-0.3236,-0.3343,-0.3466,-0.3605,-0.3798,-0.4201,-0.5156,-0.6661,-0.6218,-0.6998,-0.7522,-0.4767,-0.4259,-0.4453,-0.5041,-0.4803,-0.0369,0.765,0.6328,0.2119,0.0211,-0.0283,-0.0223,-0.0258,-0.0676,-0.1387,-0.2249,-0.316,-0.3958,-0.4443,-0.456,-0.4433,-0.4214,-0.3057,-0.311,-0.3175,-0.3255,-0.3351,-0.3468,-0.362,-0.3846,-0.422,-0.4794,-0.5379,-0.5854,-0.756,-0.8024,-0.648,-0.63,-0.6019,-0.7417,-0.9204,-0.5166,-0.0346,0.0988,0.0089,-0.0396,0.0005,0.0835,0.1015,0.0192,-0.1006,-0.2301,-0.3672,-0.4873,-0.547,-0.5407,-0.5022,-0.4597,-0.3089,-0.3142,-0.3205,-0.3281,-0.3375,-0.3492,-0.3646,-0.3859,-0.4155,-0.4533,-0.495,-0.5461,-0.6179,-0.678,-0.8401,-0.9173,-0.7189,-0.7698,-0.872,-0.7469,-0.4836,-0.2726,-0.1811,-0.1037,0.0428,0.2532,0.2953,0.11,-0.0722,-0.2396,-0.4244,-0.5922,-0.6585,-0.6221,-0.5522,-0.4896,-0.312,-0.3172,-0.3234,-0.331,-0.3402,-0.3517,-0.3664,-0.3853,-0.4094,-0.4386,-0.4728,-0.5144,-0.5682,-0.6515,-0.8085,-0.8577,-0.7256,-0.7349,-0.8952,-0.9677,-0.6671,-0.4383,-0.3036,-0.1749,0.0134,0.2695,0.3208,0.0768,-0.0891,-0.2476,-0.4443,-0.6318,-0.6994,-0.6495,-0.5683,-0.4992,-0.3148,-0.32,-0.3262,-0.3336,-0.3426,-0.3536,-0.3672,-0.384,-0.4044,-0.4287,-0.4574,-0.4922,-0.5366,-0.5967,-0.6651,-0.6874,-0.6651,-0.6908,-0.7879,-0.8053,-0.6388,-0.495,-0.4007,-0.2765,-0.1197,-0.023,-0.093,-0.1093,-0.1443,-0.2495,-0.406,-0.5592,-0.6255,-0.5999,-0.5407,-0.4848,-0.3173,-0.3225,-0.3286,-0.3359,-0.3445,-0.3549,-0.3673,-0.3822,-0.3998,-0.4205,-0.4446,-0.4729,-0.5065,-0.5444,-0.5789,-0.5967,-0.603,-0.6207,-0.6463,-0.632,-0.5686,-0.539,-0.5195,-0.3962,-0.2405,-0.1698,-0.2009,-0.1835,-0.1861,-0.2507,-0.3536,-0.4559,-0.5132,-0.5159,-0.4886,-0.4544,-0.3195,-0.3246,-0.3306,-0.3376,-0.3458,-0.3554,-0.3667,-0.3799,-0.3953,-0.4128,-0.4328,-0.4553,-0.48,-0.5051,-0.5268,-0.5414,-0.5508,-0.5593,-0.5629,-0.5517,-0.5405,-0.5759,-0.5924,-0.47,-0.3165,-0.2248,-0.1997,-0.1977,-0.2131,-0.2565,-0.32,-0.3841,-0.4277,-0.4426,-0.4363,-0.4202,-0.3213,-0.3263,-0.3321,-0.3387,-0.3464,-0.3553,-0.3655,-0.3772,-0.3905,-0.4053,-0.4217,-0.4395,-0.4579,-0.4757,-0.4909,-0.5022,-0.5098,-0.5139,-0.5137,-0.5099,-0.5139,-0.537,-0.5347,-0.4555,-0.3499,-0.2729,-0.2362,-0.2281,-0.2392,-0.2667,-0.3052,-0.345,-0.3758,-0.3922,-0.3954,-0.3902]},{"header":{"la1":42.85,"la2":41.18,"lo1":11.55,"lo2":14.05,"nx":36,"ny":24,"dx":0.07143,"dy":0.07261,"parameterCategory":2,"parameterNumber":3,"parameterNumberName":"northward_wind","parameterUnit":"m.s-1"},"data":[0.4843,0.4971,0.5118,0.5281,0.5451,0.5612,0.5744,0.5827,0.5848,0.5815,0.5755,0.5701,0.5683,0.5711,0.5767,0.5805,0.5778,0.5668,0.5497,0.5302,0.5111,0.4938,0.4786,0.4655,0.4539,0.4436,0.4342,0.4255,0.4173,0.4095,0.4021,0.395,0.3882,0.3818,0.3758,0.3702,0.4844,0.4996,0.5178,0.5392,0.5626,0.5862,0.6063,0.6187,0.6204,0.6122,0.599,0.5878,0.5842,0.5907,0.6046,0.6167,0.6159,0.5991,0.5724,0.544,0.5186,0.4972,0.4797,0.4651,0.4527,0.4418,0.432,0.4229,0.4143,0.406,0.3981,0.3906,0.3833,0.3765,0.3701,0.3642,0.4824,0.5,0.5223,0.5501,0.583,0.6187,0.6517,0.673,0.6747,0.6568,0.6295,0.6064,0.5983,0.6103,0.6398,0.6692,0.672,0.6421,0.5981,0.5567,0.5236,0.4982,0.4786,0.4631,0.4502,0.439,0.4289,0.4195,0.4106,0.4019,0.3935,0.3854,0.3777,0.3704,0.3636,0.3574,0.4774,0.497,0.5234,0.5586,0.6043,0.6594,0.7168,0.7586,0.7629,0.7257,0.67,0.6245,0.6064,0.6236,0.6764,0.737,0.7447,0.689,0.6191,0.563,0.5232,0.4952,0.4747,0.4591,0.4463,0.4352,0.4252,0.4156,0.4063,0.3971,0.3882,0.3795,0.3712,0.3633,0.356,0.3494,0.4685,0.4888,0.5181,0.5604,0.6209,0.7042,0.8063,0.8964,0.9132,0.8343,0.722,0.6384,0.6027,0.6182,0.6871,0.7775,0.7892,0.7076,0.6186,0.5556,0.5144,0.4869,0.4677,0.4531,0.4412,0.4306,0.4207,0.411,0.4014,0.3917,0.3821,0.3726,0.3635,0.355,0.3471,0.3401,0.4549,0.4739,0.5032,0.549,0.6213,0.7354,0.9051,1.0984,1.1572,0.986,0.7715,0.6376,0.5814,0.5845,0.6387,0.7137,0.725,0.6581,0.5838,0.5309,0.4964,0.4736,0.4577,0.4454,0.435,0.4254,0.4159,0.4061,0.396,0.3855,0.375,0.3646,0.3546,0.3452,0.3366,0.3291,0.4364,0.4513,0.4762,0.5181,0.5901,0.7166,0.9375,1.2566,1.3901,1.082,0.7653,0.6038,0.5396,0.5297,0.5541,0.5891,0.5966,0.5667,0.5267,0.4944,0.472,0.4568,0.4458,0.4369,0.4286,0.4201,0.4109,0.4009,0.3901,0.3787,0.3669,0.3552,0.344,0.3335,0.3242,0.3162,0.4137,0.4218,0.4372,0.466,0.5194,0.6183,0.7966,1.0586,1.1594,0.8952,0.6479,0.5286,0.4806,0.4685,0.476,0.4895,0.4943,0.4854,0.4699,0.4556,0.4455,0.4388,0.4336,0.4285,0.4225,0.4152,0.4063,0.3958,0.3839,0.371,0.3575,0.3441,0.3312,0.3195,0.3092,0.3006,0.3886,0.3878,0.39,0.3987,0.42,0.4636,0.5381,0.623,0.632,0.5478,0.4745,0.4355,0.4162,0.4099,0.4145,0.4235,0.4283,0.4261,0.4213,0.4188,0.4195,0.4214,0.4225,0.4215,0.4179,0.4115,0.4025,0.391,0.3774,0.3624,0.3465,0.3307,0.3157,0.3022,0.2909,0.2818,0.3637,0.3532,0.3409,0.327,0.3131,0.3027,0.3014,0.3081,0.3032,0.304,0.338,0.3593,0.3581,0.3534,0.3622,0.3777,0.3834,0.3778,0.3743,0.3811,0.3941,0.4063,0.4143,0.4174,0.4158,0.4099,0.4001,0.3869,0.3708,0.3526,0.3333,0.3141,0.2963,0.2807,0.2681,0.2587,0.3417,0.3225,0.2969,0.2622,0.2158,0.1581,0.1035,0.1013,0.1765,0.2023,0.2676,0.3168,0.3066,0.2799,0.3049,0.3454,0.3489,0.32,0.3089,0.3343,0.369,0.3955,0.4112,0.4178,0.4174,0.4112,0.3999,0.384,0.3641,0.3413,0.317,0.2932,0.2715,0.2533,0.2394,0.2301,0.3252,0.2997,0.2644,0.2142,0.1419,0.0391,-0.0922,-0.1721,0.0134,0.1693,0.2578,0.3118,0.2613,0.1105,0.2403,0.3387,0.3222,0.2046,0.1806,0.272,0.3498,0.3944,0.4165,0.4248,0.424,0.4164,0.4026,0.3827,0.3573,0.3278,0.2964,0.2659,0.2389,0.2175,0.2025,0.194,0.3158,0.2875,0.248,0.1912,0.1075,-0.019,-0.2049,-0.397,-0.2353,0.1034,0.2887,0.3321,0.3129,0.1428,0.3137,0.3989,0.34,0.0049,-0.0046,0.2337,0.3572,0.4126,0.4349,0.4404,0.437,0.427,0.4097,0.3843,0.3509,0.3114,0.2694,0.2291,0.1948,0.1696,0.1545,0.1484,0.314,0.2866,0.249,0.1964,0.121,0.0124,-0.1342,-0.2721,-0.1552,0.1836,0.372,0.3296,0.331,0.7324,0.5275,0.5685,0.5653,0.2463,0.1639,0.3154,0.4162,0.4612,0.4702,0.4655,0.4571,0.4446,0.4238,0.391,0.3458,0.2912,0.2327,0.1778,0.1335,0.1043,0.0909,0.0905,0.319,0.2955,0.2646,0.2241,0.1712,0.1058,0.0396,0.0233,0.1525,0.3875,0.5469,0.5693,0.6248,0.787,0.6619,0.828,1.1028,0.6585,0.4349,0.4472,0.53,0.5517,0.5224,0.4973,0.4845,0.4734,0.4507,0.408,0.3445,0.2657,0.1813,0.1037,0.0454,0.0134,0.0064,0.0173,0.3291,0.3111,0.2893,0.2635,0.2353,0.2105,0.2047,0.2496,0.3778,0.582,0.8018,0.7774,0.7347,0.7153,0.6892,0.8045,0.9605,0.6469,0.4511,0.511,0.7115,0.683,0.5733,0.5271,0.5214,0.524,0.5043,0.4457,0.3512,0.2332,0.107,-0.0064,-0.0838,-0.114,-0.1048,-0.0725,0.3421,0.3301,0.317,0.3044,0.2952,0.2959,0.3179,0.3767,0.4836,0.636,0.7893,0.7713,0.8314,0.8672,0.6967,0.6371,0.5666,0.3438,0.1944,0.3978,0.7243,0.6889,0.5731,0.5461,0.5784,0.6241,0.6162,0.5229,0.3714,0.1911,-0.0007,-0.1711,-0.2729,-0.2886,-0.2445,-0.1762,0.3561,0.3493,0.3435,0.3403,0.3428,0.3557,0.3856,0.4383,0.515,0.6053,0.6793,0.7251,0.8371,0.8514,0.6461,0.5364,0.3844,-0.0263,-0.3897,0.0996,0.4331,0.521,0.5237,0.5608,0.675,0.8314,0.849,0.6584,0.4009,0.1356,-0.1469,-0.4028,-0.5307,-0.5055,-0.3998,-0.2811,0.3696,0.3669,0.3662,0.3689,0.3774,0.3945,0.4232,0.4651,0.5181,0.5743,0.6228,0.6614,0.6909,0.6536,0.5384,0.5017,0.3708,0.037,-0.1634,0.1778,0.3356,0.4284,0.485,0.5687,0.7817,1.1716,1.2467,0.795,0.3921,0.065,-0.2996,-0.6528,-0.7981,-0.7071,-0.529,-0.3614,0.3816,0.3819,0.3844,0.3903,0.4011,0.4182,0.4429,0.4749,0.5118,0.5489,0.5803,0.6014,0.6034,0.5713,0.5189,0.4907,0.3982,0.2714,0.3268,0.3909,0.3674,0.4198,0.4696,0.5333,0.7147,1.1713,1.2704,0.5842,0.239,-0.0149,-0.3664,-0.7459,-0.8933,-0.7746,-0.5711,-0.3883,0.3919,0.394,0.3983,0.4056,0.4166,0.4321,0.4522,0.4763,0.5023,0.5271,0.5469,0.5574,0.554,0.5341,0.5039,0.4676,0.4109,0.3575,0.3594,0.3796,0.4071,0.4623,0.489,0.47,0.4256,0.26,-0.2706,-0.2321,-0.0537,-0.0906,-0.3113,-0.5935,-0.7261,-0.658,-0.5047,-0.3529,0.4002,0.4034,0.4085,0.416,0.4262,0.4395,0.4555,0.4736,0.4921,0.5088,0.5211,0.5263,0.5222,0.5082,0.486,0.457,0.4227,0.3954,0.3905,0.412,0.4721,0.5677,0.5904,0.4742,0.2399,-0.2442,-0.8342,-0.6035,-0.2341,-0.1326,-0.219,-0.3751,-0.4721,-0.4588,-0.376,-0.275,0.4067,0.4104,0.4157,0.4228,0.4319,0.4429,0.4555,0.469,0.4822,0.4935,0.5011,0.5036,0.4996,0.4891,0.4728,0.4525,0.4318,0.4179,0.4198,0.4482,0.5229,0.6464,0.6794,0.5173,0.2467,-0.1173,-0.413,-0.3741,-0.1995,-0.1152,-0.1379,-0.212,-0.2711,-0.2792,-0.2427,-0.184,0.4116,0.4155,0.4205,0.427,0.4347,0.4437,0.4536,0.4637,0.4731,0.4808,0.4856,0.4865,0.483,0.475,0.4632,0.4495,0.4369,0.43,0.435,0.4598,0.5137,0.5851,0.594,0.4799,0.2869,0.0685,-0.0935,-0.1289,-0.0875,-0.056,-0.0653,-0.101,-0.1346,-0.1458,-0.1314,-0.0994]}]