docs/data/wind_grid.json
[{"header":{"la1":42.85,"la2":41.18,"lo1":11.55,"lo2":14.05,"nx":36,"ny":24,"dx":0.07143,"dy":0.07261,"parameterCategory":2,"parameterNumber":2,"parameterNumberName":"eastward_wind","parameterUnit":"m.s-1"},"data":[1.2752,1.2346,1.1882,1.1373,1.0848,1.0353,0.995,0.9701,0.9649,0.9795,1.0097,1.049,1.0907,1.1302,1.1645,1.1925,1.2139,1.2291,1.2392,1.245,1.2474,1.2469,1.2441,1.2396,1.2338,1.2277,1.2217,1.2164,1.2124,1.2098,1.2087,1.209,1.2107,1.2135,1.2172,1.2216,1.2837,1.2359,1.1786,1.1125,1.0407,0.9694,0.9086,0.87,0.8628,0.8876,0.9361,0.9959,1.0561,1.1099,1.1544,1.1888,1.2138,1.2304,1.2405,1.2456,1.2468,1.2448,1.2401,1.2332,1.2249,1.2163,1.2081,1.2013,1.1962,1.1931,1.1921,1.1929,1.1954,1.1992,1.204,1.2096,1.3014,1.2467,1.177,1.0915,0.9922,0.8865,0.7898,0.725,0.7129,0.7568,0.8381,0.9314,1.0184,1.0911,1.1478,1.1892,1.2173,1.2344,1.2433,1.2469,1.2467,1.2429,1.2357,1.2257,1.214,1.202,1.191,1.1822,1.176,1.1727,1.1721,1.1739,1.1777,1.1829,1.1893,1.1963,1.3326,1.2727,1.1907,1.0823,0.9458,0.7865,0.625,0.5055,0.4811,0.5641,0.7078,0.8562,0.981,1.077,1.147,1.1951,1.225,1.2405,1.2465,1.2478,1.2463,1.2409,1.2307,1.2164,1.1998,1.1833,1.1687,1.1575,1.1503,1.1472,1.1478,1.1513,1.1571,1.1644,1.1728,1.1818,1.3823,1.3218,1.2309,1.0994,0.9176,0.6807,0.4042,0.1641,0.1048,0.2772,0.5439,0.7786,0.9513,1.0723,1.155,1.2082,1.2373,1.2471,1.2462,1.245,1.2446,1.2388,1.2247,1.2042,1.1807,1.1579,1.1388,1.125,1.1173,1.1153,1.118,1.1244,1.1332,1.1435,1.1546,1.166,1.4559,1.4037,1.3131,1.1657,0.94,0.6112,0.1605,-0.3307,-0.4887,-0.1073,0.379,0.722,0.9406,1.0824,1.1749,1.2307,1.255,1.2517,1.2356,1.2336,1.241,1.2367,1.217,1.187,1.1535,1.122,1.0971,1.081,1.0739,1.0748,1.0816,1.0925,1.1057,1.1201,1.1347,1.149,1.5576,1.5291,1.4571,1.3119,1.0602,0.6645,0.0663,-0.7256,-1.0491,-0.3673,0.3187,0.7198,0.958,1.1111,1.2109,1.2674,1.2836,1.2607,1.2197,1.2203,1.2411,1.2361,1.2057,1.161,1.1125,1.0692,1.0376,1.0202,1.0164,1.0233,1.0372,1.0552,1.0747,1.0944,1.1134,1.1313,1.6881,1.7067,1.6856,1.5748,1.3224,0.9107,0.3427,-0.326,-0.5805,-0.081,0.4341,0.772,0.9976,1.1573,1.2704,1.3305,1.3368,1.3032,1.255,1.2476,1.2576,1.2375,1.1869,1.1188,1.0482,0.9888,0.9501,0.9348,0.9396,0.958,0.9839,1.0123,1.0405,1.067,1.0912,1.1131,1.8388,1.9359,2.0219,2.0059,1.7624,1.3073,0.7994,0.3714,0.1778,0.2766,0.5416,0.819,1.0349,1.211,1.3709,1.4482,1.4243,1.3822,1.3437,1.3178,1.2914,1.2384,1.154,1.0492,0.9443,0.8621,0.818,0.8131,0.8371,0.8767,0.9214,0.9649,1.0043,1.0389,1.0689,1.0951,1.9839,2.1846,2.4572,2.6707,2.4382,1.7602,1.134,0.6318,0.148,0.0195,0.4361,0.8206,1.0431,1.2308,1.5295,1.6719,1.522,1.4649,1.4403,1.3996,1.334,1.2353,1.099,0.9344,0.7722,0.6559,0.6135,0.6384,0.7024,0.7788,0.8519,0.9154,0.9683,1.0118,1.0478,1.078,2.0797,2.3596,2.8224,3.3931,3.2171,2.1142,1.3283,0.7386,-0.4206,-0.9798,0.255,0.8365,1.0084,1.1051,1.4347,1.6664,1.533,1.5555,1.5675,1.5019,1.3854,1.2268,1.0141,0.748,0.4794,0.307,0.2903,0.3907,0.5332,0.6691,0.7813,0.8688,0.9358,0.9877,1.0287,1.0624,2.0911,2.3567,2.7838,3.2904,3.0901,2.0703,1.4198,1.0916,0.4589,-0.1526,0.5941,0.9367,0.9459,0.8214,0.9394,1.2934,1.5234,1.7634,1.8093,1.6414,1.4419,1.2125,0.8988,0.4611,-0.0244,-0.3004,-0.2168,0.061,0.3431,0.5633,0.7213,0.8322,0.9109,0.9685,1.0127,1.0485,2.0296,2.2061,2.426,2.5688,2.3505,1.8654,1.5343,0.7482,1.7862,1.1713,1.0828,1.0082,0.9256,0.6689,0.7187,1.2258,1.6069,2.1322,2.1419,1.755,1.4753,1.1953,0.7842,0.0975,-0.8193,-1.2966,-0.919,-0.2955,0.1821,0.492,0.688,0.8135,0.8967,0.955,0.9993,1.0356,1.9406,2.0326,2.1103,2.1116,1.9831,1.8104,1.7956,2.249,2.1019,1.5999,1.3949,0.9647,0.8158,1.0295,1.1454,1.3946,1.6407,1.9314,1.966,1.7038,1.4506,1.1855,0.7552,-0.1115,-1.5205,-2.2588,-1.4473,-0.4723,0.141,0.4924,0.6959,0.8171,0.893,0.9453,0.9863,1.022,1.8604,1.9036,1.9264,1.9088,1.8507,1.797,1.8135,1.8935,1.8767,1.8541,1.8876,1.7108,1.4879,1.5814,1.4542,1.6017,1.699,1.7475,1.753,1.5891,1.3511,1.1728,0.8684,0.1485,-1.0316,-1.6845,-1.0561,-0.2405,0.2821,0.5794,0.7456,0.8382,0.893,0.9326,0.9685,1.0045,1.8014,1.8227,1.8304,1.8203,1.7991,1.7867,1.8025,1.8472,1.9335,2.1781,2.6943,2.5158,2.1666,1.7866,1.7168,1.7202,1.7371,1.8124,1.8063,1.5275,1.08,1.0808,1.0321,0.6371,0.0574,-0.2749,-0.0978,0.2614,0.5457,0.7225,0.8167,0.8589,0.8802,0.9039,0.9378,0.9788,1.7619,1.7751,1.781,1.7802,1.7784,1.7855,1.8126,1.8722,1.9958,2.2545,2.6399,2.4708,2.3989,2.4009,2.0193,1.9188,1.9514,2.1193,2.1953,1.75,1.0683,1.1136,1.1915,1.007,0.7501,0.6001,0.6114,0.7073,0.8076,0.8682,0.8762,0.8487,0.8264,0.8398,0.885,0.9425,1.7368,1.7476,1.7554,1.7617,1.7706,1.7885,1.8232,1.8845,1.9861,2.1314,2.2577,2.283,2.4202,2.4478,2.2034,2.1625,2.2008,2.605,3.05,2.3263,1.717,1.4943,1.4017,1.2496,1.0735,0.9485,0.9206,0.9655,1.0035,0.9851,0.8973,0.7708,0.6957,0.7234,0.8085,0.8993,1.7209,1.7316,1.7417,1.7526,1.7674,1.7902,1.8256,1.8784,1.9505,2.0338,2.1054,2.1575,2.2156,2.2473,2.3668,2.4384,2.3175,2.5874,2.8379,2.4765,2.1027,1.8039,1.6066,1.4209,1.1943,0.9173,0.8593,1.0746,1.1586,1.0865,0.8891,0.6239,0.4933,0.579,0.7336,0.8663,1.7108,1.722,1.7337,1.7473,1.7648,1.7886,1.8212,1.8642,1.9164,1.9724,2.0245,2.0709,2.1183,2.1871,2.33,2.3815,2.2979,2.387,2.5324,2.5742,2.255,1.9736,1.7789,1.5875,1.3405,0.9588,0.8755,1.3049,1.3592,1.2129,0.9321,0.5655,0.3997,0.5279,0.7196,0.8694,1.7041,1.7157,1.7283,1.7431,1.7613,1.7842,1.8131,1.8481,1.8881,1.9302,1.9717,2.0122,2.0564,2.1136,2.1817,2.213,2.2168,2.2763,2.3865,2.3995,2.2245,2.0828,1.9724,1.8019,1.6421,1.6669,2.0487,1.9348,1.6102,1.3649,1.0919,0.7726,0.6054,0.6666,0.8025,0.9217,1.6991,1.7109,1.7239,1.7389,1.7567,1.778,1.8032,1.8323,1.8645,1.8982,1.9324,1.9671,2.0039,2.0443,2.0832,2.1104,2.1329,2.1702,2.212,2.213,2.1934,2.262,2.2689,2.0421,1.8812,2.0594,2.5293,2.2005,1.6681,1.453,1.2715,1.0572,0.9118,0.8909,0.9416,1.0078,1.695,1.7067,1.7197,1.7343,1.7511,1.7705,1.7926,1.8173,1.8439,1.8718,1.9003,1.9292,1.9588,1.9884,2.0158,2.039,2.0604,2.0842,2.1074,2.1312,2.2061,2.407,2.4729,2.1833,1.9641,1.9792,2.0594,1.7892,1.4497,1.431,1.3703,1.2422,1.1306,1.0785,1.0769,1.1005,1.6913,1.7027,1.7153,1.7292,1.7448,1.7624,1.7818,1.803,1.8255,1.8488,1.8726,1.8966,1.9203,1.9432,1.9644,1.9834,2.001,2.0191,2.04,2.0746,2.1522,2.2776,2.2978,2.1219,1.9463,1.8639,1.7871,1.5902,1.4158,1.4232,1.4073,1.3346,1.2568,1.2047,1.1827,1.1821]},{"header":{"la1":42.85,"la2":41.18,"lo1":11.55,"lo2":14.05,"nx":36,"ny":24,"dx":0.07143,"dy":0.07261,"parameterCategory":2,"parameterNumber":3,"parameterNumberName":"northward_wind","parameterUnit":"m.s-1"},"data":[0.1097,0.0824,0.0511,0.0166,-0.0197,-0.0552,-0.0864,-0.1097,-0.1225,-0.1246,-0.1184,-0.107,-0.0933,-0.0787,-0.0638,-0.0485,-0.0332,-0.0184,-0.0051,0.0058,0.0143,0.0207,0.026,0.0311,0.0366,0.0431,0.0507,0.0596,0.0698,0.0812,0.0936,0.1068,0.1205,0.1345,0.1484,0.1622,0.1157,0.0844,0.047,0.0038,-0.0438,-0.0924,-0.1363,-0.1684,-0.1835,-0.1813,-0.1666,-0.1462,-0.125,-0.1047,-0.085,-0.065,-0.0445,-0.0246,-0.0075,0.0052,0.0132,0.0179,0.0209,0.0239,0.0278,0.0332,0.0404,0.0494,0.0602,0.0726,0.0863,0.1011,0.1164,0.132,0.1475,0.1626,0.1268,0.0918,0.0477,-0.0064,-0.0699,-0.139,-0.2047,-0.2532,-0.272,-0.2599,-0.2285,-0.1926,-0.1606,-0.1333,-0.1083,-0.0821,-0.0539,-0.0255,-0.0019,0.013,0.0188,0.019,0.0174,0.0167,0.018,0.0218,0.0282,0.0373,0.0489,0.0626,0.078,0.0947,0.112,0.1296,0.147,0.1638,0.1451,0.1075,0.057,-0.0095,-0.0943,-0.1952,-0.3006,-0.3829,-0.4093,-0.374,-0.3082,-0.2456,-0.1989,-0.1649,-0.1351,-0.1016,-0.0608,-0.0165,0.0197,0.0368,0.0354,0.0255,0.0154,0.0087,0.0061,0.0077,0.0132,0.0225,0.0351,0.0507,0.0684,0.0876,0.1075,0.1275,0.1471,0.1659,0.1728,0.1352,0.0806,0.0024,-0.1073,-0.2543,-0.431,-0.5893,-0.6363,-0.5438,-0.4054,-0.2996,-0.237,-0.2002,-0.1693,-0.128,-0.067,0.0091,0.0726,0.0903,0.0683,0.0373,0.0132,-0.0018,-0.0093,-0.0106,-0.0061,0.0036,0.0179,0.036,0.0569,0.0795,0.1028,0.1259,0.1482,0.1693,0.2117,0.1786,0.1255,0.0412,-0.0901,-0.2896,-0.5762,-0.8983,-1.0063,-0.7733,-0.4989,-0.3401,-0.2702,-0.242,-0.219,-0.1729,-0.0835,0.0516,0.1753,0.186,0.1147,0.0481,0.0061,-0.0181,-0.0311,-0.0354,-0.032,-0.0213,-0.0043,0.0178,0.0433,0.0706,0.0982,0.1252,0.1508,0.1745,0.2628,0.241,0.1985,0.1202,-0.0166,-0.2459,-0.6225,-1.1506,-1.3703,-0.9237,-0.5204,-0.3458,-0.2959,-0.2971,-0.2996,-0.2596,-0.1435,0.0609,0.271,0.2674,0.1356,0.0398,-0.0137,-0.0446,-0.0627,-0.0704,-0.0678,-0.055,-0.0333,-0.0051,0.027,0.0608,0.0942,0.1261,0.1555,0.1821,0.3246,0.3226,0.304,0.2486,0.1298,-0.0798,-0.412,-0.854,-1.0319,-0.6956,-0.413,-0.3123,-0.3181,-0.3778,-0.4391,-0.4258,-0.2925,-0.0682,0.1438,0.1663,0.0724,-0.0033,-0.0515,-0.0852,-0.1091,-0.1213,-0.1191,-0.1018,-0.0721,-0.0341,0.008,0.0507,0.0916,0.1294,0.1633,0.1932,0.3924,0.419,0.4406,0.429,0.3417,0.1692,-0.056,-0.2785,-0.3768,-0.326,-0.2645,-0.2661,-0.3423,-0.4921,-0.6894,-0.7429,-0.538,-0.2817,-0.0996,-0.03,-0.0378,-0.0684,-0.1045,-0.1431,-0.1778,-0.1979,-0.1951,-0.1687,-0.1243,-0.0703,-0.0135,0.0415,0.092,0.1368,0.1757,0.2087,0.4563,0.5156,0.5934,0.6538,0.5966,0.4217,0.2447,0.0699,-0.1146,-0.1998,-0.1848,-0.2305,-0.359,-0.5949,-1.0819,-1.3195,-0.7981,-0.4249,-0.2373,-0.1491,-0.1197,-0.1285,-0.1659,-0.2233,-0.283,-0.3188,-0.3124,-0.2656,-0.1939,-0.1137,-0.0354,0.0357,0.0978,0.1505,0.1944,0.2303,0.5032,0.5849,0.7093,0.8505,0.8171,0.615,0.4971,0.3258,-0.1726,-0.4032,-0.1609,-0.2033,-0.3634,-0.5713,-1.0215,-1.3342,-0.7601,-0.416,-0.2629,-0.1887,-0.1585,-0.1716,-0.2325,-0.337,-0.4537,-0.5216,-0.4996,-0.4056,-0.2827,-0.1611,-0.0533,0.0378,0.1129,0.1736,0.2218,0.2596,0.5248,0.6041,0.7176,0.8366,0.8137,0.7181,0.7767,0.8214,0.3414,-0.0897,-0.0399,-0.1772,-0.3899,-0.5902,-0.6199,-0.6365,-0.4797,-0.3049,-0.2291,-0.1859,-0.1658,-0.1966,-0.3024,-0.5,-0.7435,-0.8772,-0.7987,-0.5963,-0.383,-0.2023,-0.0584,0.0544,0.1422,0.2097,0.2608,0.2987,0.5255,0.586,0.6575,0.7155,0.7301,0.7841,0.9854,1.1121,1.0847,0.457,0.1093,-0.1804,-0.3797,-0.6288,-0.5768,-0.4391,-0.3446,-0.2214,-0.2025,-0.1688,-0.1525,-0.2015,-0.3598,-0.701,-1.2034,-1.4694,-1.2213,-0.8055,-0.4636,-0.2166,-0.0378,0.094,0.1918,0.2633,0.3143,0.3495,0.5164,0.56,0.6062,0.6485,0.6949,0.7901,0.9816,1.2614,1.0957,0.5992,0.2478,-0.2235,-0.4035,-0.5344,-0.374,-0.3871,-0.4199,-0.2647,-0.1887,-0.1321,-0.1262,-0.1856,-0.3626,-0.8113,-1.6124,-2.0494,-1.5427,-0.9038,-0.4651,-0.1771,0.0222,0.1654,0.2681,0.339,0.3854,0.4137,0.5057,0.5388,0.5742,0.6124,0.661,0.7344,0.8329,0.8986,0.8161,0.6826,0.6155,0.4245,0.0553,-0.1188,-0.1777,-0.5407,-1.0154,-0.4079,-0.1201,-0.0666,-0.1318,-0.1826,-0.2885,-0.6492,-1.3163,-1.6976,-1.2932,-0.7417,-0.3442,-0.0697,0.1289,0.2747,0.3766,0.4412,0.4766,0.4922,0.496,0.5228,0.5519,0.5845,0.6234,0.6698,0.7158,0.7416,0.7549,0.8685,1.2066,1.3205,0.8895,0.3147,0.1173,-0.3191,-0.703,-0.1879,0.1137,0.016,-0.3277,-0.2865,-0.1911,-0.3475,-0.6556,-0.8331,-0.6923,-0.4098,-0.1394,0.0896,0.2783,0.4245,0.5227,0.5737,0.5891,0.5842,0.4878,0.5102,0.5345,0.5614,0.5912,0.6232,0.6551,0.689,0.7511,0.9103,1.1762,1.1465,1.2086,1.2211,0.5675,0.2493,0.1822,0.4718,0.6843,0.3215,-0.3233,-0.2476,-0.0554,-0.0986,-0.2365,-0.3257,-0.2879,-0.14,0.0598,0.2665,0.4585,0.6153,0.7106,0.7377,0.7201,0.685,0.4809,0.5,0.5206,0.5429,0.5671,0.5931,0.6221,0.6597,0.7201,0.8165,0.9171,0.9847,1.2398,1.2722,0.7924,0.6414,0.6736,1.1516,1.6286,0.9771,0.4023,0.2071,0.1779,0.0904,-0.0709,-0.242,-0.2542,-0.0516,0.2046,0.4386,0.6547,0.8399,0.9354,0.9227,0.8564,0.7841,0.4751,0.4916,0.5095,0.5286,0.5493,0.5721,0.5987,0.6325,0.6781,0.7352,0.7932,0.8518,0.9201,0.8955,0.8535,0.8748,0.859,1.2238,1.5318,1.3478,0.9339,0.6028,0.4199,0.246,-0.0528,-0.5515,-0.6515,-0.0907,0.3437,0.6131,0.8386,1.0501,1.1451,1.0829,0.9676,0.8642,0.4702,0.4849,0.5005,0.5174,0.5356,0.5559,0.5792,0.6072,0.6407,0.6783,0.7161,0.7513,0.7778,0.7904,0.8338,0.8599,0.893,1.1503,1.6246,1.812,1.2197,0.835,0.6271,0.4333,0.1079,-0.5392,-0.6829,0.2048,0.6246,0.8231,0.9735,1.1348,1.2128,1.1406,1.0187,0.9102,0.4662,0.4793,0.4933,0.5083,0.5245,0.5424,0.5625,0.5853,0.6108,0.6379,0.6648,0.6897,0.7119,0.7357,0.769,0.8053,0.8825,1.0777,1.3799,1.4589,1.1663,0.9534,0.8359,0.6899,0.5476,0.5932,1.129,1.1359,1.0806,1.1143,1.1105,1.1248,1.1446,1.1006,1.0139,0.9242,0.4628,0.4746,0.4873,0.5008,0.5154,0.5312,0.5485,0.5674,0.5878,0.609,0.6303,0.6513,0.6727,0.6972,0.7283,0.771,0.8429,0.9593,1.084,1.117,1.0674,1.0933,1.0972,0.9431,0.8946,1.2069,1.7556,1.5839,1.5681,1.5407,1.3497,1.1962,1.1204,1.0635,0.9956,0.9229,0.4599,0.4708,0.4823,0.4946,0.5077,0.5217,0.5369,0.5531,0.5702,0.5881,0.6064,0.6254,0.646,0.67,0.7001,0.7404,0.7965,0.8677,0.9361,0.9834,1.0486,1.204,1.2546,1.0763,1.0278,1.2204,1.4838,1.7408,2.214,2.0539,1.6234,1.3247,1.1606,1.0633,0.9877,0.9194,0.4575,0.4675,0.4781,0.4893,0.5012,0.5139,0.5274,0.5417,0.5567,0.5725,0.5891,0.6069,0.6266,0.6496,0.6776,0.7129,0.7569,0.8079,0.861,0.918,1.0001,1.1101,1.1389,1.0613,1.0551,1.1888,1.4311,1.8445,2.2955,2.135,1.7092,1.3896,1.1938,1.0717,0.9854,0.9157]}]