docs/data/wind_grid.json
[{"header":{"la1":42.85,"la2":41.18,"lo1":11.55,"lo2":14.05,"nx":36,"ny":24,"dx":0.07143,"dy":0.07261,"parameterCategory":2,"parameterNumber":2,"parameterNumberName":"eastward_wind","parameterUnit":"m.s-1"},"data":[0.3628,0.3501,0.3353,0.3186,0.3007,0.2826,0.2657,0.2515,0.2409,0.2337,0.2286,0.2239,0.2182,0.2106,0.201,0.1898,0.1777,0.166,0.1561,0.1488,0.1443,0.1421,0.1411,0.1407,0.1402,0.1395,0.1387,0.1377,0.1369,0.1364,0.1362,0.1365,0.1372,0.1383,0.1397,0.1415,0.37,0.3557,0.3384,0.318,0.2952,0.2715,0.2492,0.2314,0.22,0.2148,0.2132,0.2119,0.2083,0.2012,0.1906,0.1769,0.1615,0.1465,0.1341,0.1262,0.1229,0.123,0.1246,0.1261,0.1269,0.1269,0.1264,0.1256,0.125,0.1247,0.1248,0.1254,0.1266,0.1282,0.1301,0.1325,0.3796,0.3637,0.3435,0.3184,0.2887,0.2561,0.2245,0.1998,0.1872,0.1866,0.1924,0.1975,0.1977,0.1916,0.1795,0.1623,0.1417,0.1206,0.1039,0.0954,0.0952,0.1,0.1058,0.1102,0.1126,0.1132,0.1129,0.1122,0.1116,0.1115,0.112,0.1132,0.1149,0.1171,0.1197,0.1227,0.3922,0.3753,0.3523,0.3218,0.2827,0.2361,0.1872,0.1481,0.1327,0.1429,0.1641,0.181,0.1872,0.1824,0.1684,0.1463,0.1173,0.0854,0.0601,0.0512,0.0585,0.0725,0.0852,0.0935,0.0975,0.0985,0.098,0.0971,0.0965,0.0967,0.0977,0.0995,0.102,0.105,0.1085,0.1122,0.4089,0.392,0.3673,0.3315,0.2813,0.2142,0.1337,0.0615,0.0381,0.0742,0.1279,0.1645,0.1783,0.1745,0.158,0.1301,0.0891,0.0373,-0.0064,-0.0145,0.0104,0.042,0.0649,0.0772,0.082,0.0823,0.0809,0.0795,0.0789,0.0795,0.0813,0.0841,0.0877,0.0918,0.0963,0.101,0.4303,0.4154,0.3913,0.3528,0.2929,0.202,0.0723,-0.072,-0.121,-0.0221,0.0922,0.1536,0.1729,0.1678,0.1483,0.116,0.0632,-0.0196,-0.1024,-0.1057,-0.0429,0.0151,0.0485,0.0627,0.0659,0.0639,0.0607,0.0583,0.0578,0.0593,0.0624,0.0667,0.0718,0.0774,0.0832,0.0891,0.4566,0.4466,0.4271,0.3913,0.3291,0.2245,0.0537,-0.1826,-0.2797,-0.0866,0.0852,0.1567,0.172,0.1601,0.1363,0.1049,0.053,-0.0491,-0.1775,-0.173,-0.0694,0.006,0.0405,0.0503,0.0478,0.0411,0.035,0.0317,0.0319,0.0352,0.0405,0.0471,0.0543,0.0617,0.0691,0.0764,0.4872,0.4853,0.4757,0.4503,0.3969,0.3016,0.1491,-0.052,-0.1332,0.0093,0.1302,0.1747,0.1724,0.1453,0.1113,0.0858,0.0604,-0.0036,-0.0998,-0.1035,-0.0295,0.0231,0.0411,0.0374,0.0242,0.01,0.0002,-0.0032,-0.0007,0.0061,0.0152,0.0252,0.0352,0.0449,0.0542,0.063,0.5197,0.5288,0.5349,0.5278,0.491,0.4162,0.3106,0.1978,0.1373,0.15,0.1838,0.194,0.1686,0.1161,0.0517,0.0259,0.0542,0.0641,0.0398,0.03,0.045,0.0531,0.0423,0.0174,-0.0121,-0.0366,-0.0498,-0.0507,-0.0423,-0.0289,-0.0138,0.001,0.0147,0.0272,0.0386,0.049,0.5502,0.5707,0.5959,0.6146,0.5952,0.5329,0.4535,0.3437,0.1979,0.1354,0.1905,0.2044,0.1582,0.0778,-0.0569,-0.1201,0.0229,0.1143,0.1377,0.1281,0.1072,0.0767,0.0337,-0.0194,-0.0723,-0.1105,-0.1244,-0.1163,-0.0953,-0.0701,-0.046,-0.0247,-0.0066,0.0089,0.0224,0.0346,0.5743,0.6018,0.6393,0.6783,0.6711,0.6271,0.5946,0.4774,0.082,-0.1072,0.1749,0.2159,0.134,0.0407,-0.0564,-0.1232,0.0624,0.1968,0.2398,0.2104,0.153,0.0862,0.0076,-0.0844,-0.1749,-0.2327,-0.2389,-0.2065,-0.1603,-0.116,-0.0794,-0.0505,-0.0279,-0.0097,0.0058,0.0195,0.5903,0.6172,0.6501,0.6792,0.681,0.7005,0.7787,0.8168,0.4562,0.1579,0.2866,0.2475,0.0821,-0.1326,-0.0124,0.0687,0.1944,0.3807,0.4207,0.3032,0.1848,0.0794,-0.0382,-0.1877,-0.3485,-0.4394,-0.413,-0.3235,-0.2326,-0.1616,-0.1106,-0.0745,-0.0483,-0.0281,-0.0113,0.0038,0.6001,0.6236,0.6486,0.6711,0.6975,0.7672,0.9113,1.0845,0.9219,0.6025,0.4527,0.2902,0.1155,-0.123,0.0547,0.1303,0.2724,0.6664,0.6741,0.3641,0.1823,0.0526,-0.0947,-0.3197,-0.6147,-0.768,-0.6475,-0.4484,-0.296,-0.1972,-0.1348,-0.0946,-0.0673,-0.0469,-0.0295,-0.0133,0.6072,0.6288,0.6525,0.6799,0.7204,0.7911,0.8977,1.0004,0.9364,0.7671,0.6278,0.3133,0.1589,-0.1803,0.1431,0.1237,0.1144,0.4179,0.4816,0.2723,0.1152,0.0026,-0.1356,-0.4038,-0.8446,-1.0765,-0.8215,-0.5153,-0.3224,-0.2119,-0.1481,-0.1103,-0.086,-0.0675,-0.0502,-0.0327,0.6128,0.6342,0.6589,0.6891,0.7296,0.7843,0.8473,0.894,0.9069,0.9539,1.0242,0.9264,0.6451,0.7563,0.3574,-0.0487,-0.4668,-0.0038,0.1593,0.0923,-0.0212,-0.0773,-0.144,-0.3446,-0.7004,-0.9005,-0.7079,-0.4572,-0.2951,-0.2023,-0.1514,-0.1244,-0.1081,-0.0935,-0.0763,-0.0561,0.617,0.6386,0.6637,0.6939,0.7313,0.7764,0.8273,0.8855,0.9827,1.2128,1.6267,1.8741,1.4386,0.8807,0.584,0.0924,-0.2765,-0.0515,0.0087,-0.0634,-0.2185,-0.1928,-0.1386,-0.2196,-0.3849,-0.487,-0.4368,-0.3276,-0.2367,-0.1794,-0.1522,-0.1444,-0.1414,-0.1314,-0.1115,-0.0851,0.6194,0.6409,0.6658,0.6952,0.7305,0.7731,0.8261,0.9007,1.0285,1.2668,1.5892,1.6092,1.6594,1.643,0.9217,0.4734,0.1689,-0.0449,-0.188,-0.1588,-0.2478,-0.2027,-0.107,-0.1254,-0.2054,-0.2704,-0.2769,-0.2365,-0.1871,-0.1585,-0.1605,-0.1828,-0.1992,-0.1905,-0.1598,-0.1202,0.6199,0.6409,0.6651,0.6934,0.7272,0.7684,0.8213,0.8945,1.0018,1.1489,1.2896,1.3778,1.6381,1.6545,1.0733,0.7623,0.337,-0.2926,-0.7599,-0.2704,-0.0964,-0.0589,-0.0265,-0.0571,-0.1539,-0.2687,-0.2992,-0.2289,-0.1602,-0.1432,-0.1824,-0.2541,-0.2979,-0.2776,-0.2199,-0.1577,0.6183,0.6384,0.6614,0.6882,0.7197,0.7579,0.8056,0.8666,0.9438,1.0317,1.1124,1.1799,1.2416,1.1869,1.1509,1.1749,0.5496,-0.1284,-0.44,-0.0233,0.0703,0.0882,0.082,0.0121,-0.1662,-0.4544,-0.5177,-0.2687,-0.1268,-0.1184,-0.2075,-0.3536,-0.4293,-0.3747,-0.2746,-0.1862,0.6147,0.6336,0.655,0.6796,0.708,0.7414,0.7811,0.8281,0.8812,0.9355,0.9824,1.0145,1.0232,1.0106,1.0754,1.0653,0.6235,0.24,0.2633,0.3566,0.2437,0.2441,0.2311,0.1323,-0.0849,-0.4557,-0.5378,-0.1423,-0.0256,-0.0614,-0.1933,-0.3916,-0.4865,-0.4086,-0.2879,-0.1897,0.6094,0.6267,0.6462,0.668,0.6927,0.7206,0.7521,0.7867,0.8226,0.8559,0.8814,0.8938,0.8904,0.8773,0.8627,0.7785,0.5688,0.374,0.3212,0.3364,0.3712,0.4685,0.487,0.3485,0.1641,0.1073,0.3429,0.2927,0.1318,0.0202,-0.111,-0.2772,-0.3673,-0.3274,-0.2405,-0.1612,0.6024,0.6181,0.6353,0.6542,0.675,0.6976,0.7217,0.7465,0.7701,0.7897,0.802,0.8036,0.7928,0.7693,0.7277,0.6499,0.536,0.4338,0.392,0.4257,0.5773,0.8626,0.9394,0.6447,0.3888,0.406,0.6603,0.4721,0.1747,0.0646,-0.0187,-0.122,-0.1933,-0.197,-0.1591,-0.1112,0.5943,0.6082,0.6231,0.6391,0.6561,0.6738,0.6918,0.709,0.724,0.7347,0.7387,0.734,0.7189,0.6919,0.6503,0.5917,0.5242,0.4709,0.4606,0.5285,0.7443,1.1392,1.2514,0.8404,0.5037,0.4051,0.4121,0.2472,0.041,0.0385,0.0282,-0.0223,-0.0702,-0.0885,-0.0795,-0.0564,0.5852,0.5973,0.61,0.6233,0.6369,0.6505,0.6635,0.6751,0.684,0.6887,0.6878,0.6797,0.6632,0.6377,0.6028,0.5608,0.5189,0.4916,0.4982,0.5656,0.7273,0.9539,1.0013,0.7643,0.5152,0.3756,0.2839,0.142,0.0206,0.0333,0.0493,0.0304,0.0028,-0.0142,-0.0162,-0.007]},{"header":{"la1":42.85,"la2":41.18,"lo1":11.55,"lo2":14.05,"nx":36,"ny":24,"dx":0.07143,"dy":0.07261,"parameterCategory":2,"parameterNumber":3,"parameterNumberName":"northward_wind","parameterUnit":"m.s-1"},"data":[0.2573,0.2568,0.2553,0.2526,0.2485,0.2428,0.2348,0.2235,0.2086,0.1903,0.17,0.1498,0.132,0.1182,0.1095,0.106,0.1066,0.1093,0.1116,0.1113,0.1074,0.1004,0.0916,0.0825,0.074,0.067,0.0617,0.0581,0.0562,0.0556,0.0562,0.0577,0.0601,0.0629,0.0662,0.0698,0.2731,0.2738,0.2733,0.2717,0.269,0.265,0.2584,0.2475,0.2305,0.2076,0.1808,0.1539,0.1307,0.1138,0.1048,0.104,0.1099,0.1189,0.1265,0.1282,0.1227,0.1117,0.098,0.0844,0.0726,0.0632,0.0564,0.0521,0.0499,0.0494,0.0504,0.0525,0.0555,0.059,0.0629,0.0671,0.2915,0.2935,0.2943,0.2941,0.2935,0.2927,0.2901,0.2818,0.2634,0.2334,0.1961,0.1587,0.1273,0.1059,0.0969,0.1009,0.1164,0.1376,0.1549,0.1597,0.1497,0.1301,0.1076,0.087,0.0704,0.058,0.0496,0.0446,0.0424,0.0423,0.0439,0.0468,0.0506,0.0549,0.0596,0.0645,0.3129,0.3168,0.3189,0.3201,0.322,0.3264,0.3325,0.333,0.3154,0.2738,0.2181,0.1635,0.1199,0.0921,0.083,0.0949,0.1272,0.1721,0.2095,0.2181,0.1956,0.1578,0.12,0.089,0.0662,0.0506,0.0406,0.0352,0.0333,0.0339,0.0365,0.0405,0.0453,0.0507,0.0564,0.0621,0.3385,0.3449,0.3484,0.3501,0.3535,0.3645,0.3872,0.411,0.4017,0.3377,0.2474,0.1656,0.1052,0.0686,0.0587,0.0808,0.1408,0.2321,0.3131,0.3247,0.2682,0.1937,0.1315,0.0874,0.058,0.0393,0.0285,0.0233,0.0222,0.0241,0.0281,0.0335,0.0398,0.0465,0.0532,0.0599,0.3697,0.3802,0.3857,0.3863,0.3871,0.4009,0.4463,0.5219,0.5419,0.4281,0.2754,0.1577,0.0783,0.0307,0.0167,0.0477,0.1434,0.3155,0.4905,0.4968,0.3601,0.2248,0.1334,0.077,0.0428,0.0228,0.0122,0.0081,0.0087,0.0126,0.0186,0.026,0.0341,0.0423,0.0505,0.0583,0.4083,0.4268,0.437,0.4352,0.4252,0.4262,0.4766,0.6091,0.6789,0.4872,0.2701,0.128,0.0349,-0.0262,-0.052,-0.0226,0.0963,0.347,0.6455,0.6361,0.4021,0.2187,0.1123,0.0524,0.0183,-0.0005,-0.0092,-0.0109,-0.0075,-0.0007,0.0082,0.0181,0.0285,0.0386,0.0483,0.0573,0.4555,0.49,0.5142,0.514,0.4836,0.445,0.445,0.5187,0.5509,0.3817,0.1996,0.073,-0.0236,-0.1038,-0.1579,-0.1491,-0.0393,0.1895,0.4547,0.4705,0.2939,0.1478,0.0613,0.0118,-0.0165,-0.0314,-0.0366,-0.0345,-0.0269,-0.016,-0.0032,0.0102,0.0232,0.0356,0.047,0.0572,0.5095,0.5731,0.6337,0.656,0.5994,0.4895,0.3983,0.3461,0.2863,0.1909,0.0988,0.0105,-0.0845,-0.1958,-0.3173,-0.3521,-0.2377,-0.0646,0.0909,0.1418,0.0967,0.0357,-0.0101,-0.041,-0.0608,-0.0708,-0.0714,-0.0636,-0.0499,-0.033,-0.015,0.0026,0.019,0.0338,0.047,0.0586,0.5606,0.6662,0.8011,0.9064,0.8278,0.587,0.3881,0.2453,0.1044,0.0273,0.0158,-0.0366,-0.1274,-0.2668,-0.5329,-0.6615,-0.4192,-0.2488,-0.1494,-0.0915,-0.0705,-0.0722,-0.0839,-0.0995,-0.1141,-0.1212,-0.1163,-0.1001,-0.077,-0.0515,-0.0266,-0.0037,0.0165,0.034,0.0489,0.0616,0.5898,0.7298,0.9479,1.2048,1.133,0.6877,0.4035,0.2326,-0.0331,-0.1489,-0.0304,-0.06,-0.143,-0.2464,-0.496,-0.6733,-0.4468,-0.3538,-0.3063,-0.2436,-0.1875,-0.1558,-0.1483,-0.1598,-0.1795,-0.1896,-0.1774,-0.1465,-0.1081,-0.0702,-0.0364,-0.0075,0.0168,0.0368,0.0533,0.0669,0.58,0.7137,0.9192,1.1548,1.0699,0.6432,0.4229,0.3629,0.1504,-0.0248,-0.0027,-0.0642,-0.1534,-0.2199,-0.2148,-0.343,-0.4026,-0.4874,-0.4875,-0.3691,-0.2679,-0.213,-0.1989,-0.2221,-0.2676,-0.2923,-0.2645,-0.2042,-0.1407,-0.0862,-0.042,-0.0068,0.0212,0.0433,0.0609,0.0748,0.5347,0.6264,0.7378,0.8118,0.7194,0.518,0.434,0.4825,0.387,0.173,0.0461,-0.0496,-0.1501,-0.1571,-0.0874,-0.2879,-0.4485,-0.7106,-0.7066,-0.4529,-0.3095,-0.2444,-0.2331,-0.283,-0.3893,-0.4492,-0.3799,-0.2643,-0.1665,-0.0939,-0.04,0.0005,0.0312,0.0545,0.0722,0.0857,0.4744,0.5241,0.5665,0.5717,0.5144,0.4348,0.4066,0.4323,0.3733,0.2124,0.0903,-0.0121,-0.102,-0.6709,-0.3033,-0.4046,-0.5769,-0.6309,-0.598,-0.4203,-0.309,-0.2567,-0.2468,-0.3153,-0.4918,-0.5978,-0.4656,-0.2931,-0.17,-0.0863,-0.027,0.0163,0.0481,0.0711,0.0878,0.0999,0.4171,0.4404,0.4527,0.4436,0.4116,0.3744,0.3526,0.3373,0.2891,0.2256,0.1979,0.1575,-0.1018,-0.3108,-0.3122,-0.6764,-1.1478,-0.6607,-0.4453,-0.3467,-0.313,-0.2809,-0.2444,-0.2812,-0.4202,-0.5091,-0.4021,-0.2529,-0.1408,-0.0605,-0.0015,0.0418,0.0725,0.0935,0.1076,0.1171,0.3699,0.3795,0.3807,0.3703,0.3501,0.3267,0.3056,0.2839,0.26,0.2583,0.297,0.6332,0.3756,-0.0162,-0.1551,-0.5418,-0.9026,-0.5452,-0.3431,-0.31,-0.4165,-0.367,-0.236,-0.2079,-0.257,-0.2926,-0.2518,-0.1716,-0.091,-0.0212,0.0348,0.0764,0.1042,0.1211,0.1308,0.1366,0.3332,0.3361,0.3333,0.324,0.3094,0.2925,0.2758,0.2612,0.2549,0.2709,0.3052,0.418,0.4822,0.4633,0.1225,-0.1141,-0.273,-0.2903,-0.2794,-0.2476,-0.4176,-0.3491,-0.1759,-0.127,-0.1487,-0.1763,-0.1674,-0.117,-0.0465,0.0222,0.0784,0.1181,0.1411,0.1517,0.1557,0.1571,0.3052,0.305,0.3009,0.293,0.282,0.2698,0.2583,0.2504,0.2511,0.2664,0.2981,0.3545,0.4874,0.5088,0.3414,0.2551,0.0442,-0.2695,-0.5788,-0.105,-0.0315,-0.0547,-0.0235,-0.0377,-0.1094,-0.2017,-0.2177,-0.1282,-0.0193,0.0664,0.1258,0.1615,0.1769,0.1799,0.1787,0.1765,0.2839,0.2823,0.2781,0.2716,0.2634,0.2548,0.2474,0.2436,0.2464,0.2583,0.281,0.3178,0.3693,0.4176,0.6105,0.7024,0.317,0.0227,-0.0561,0.6786,0.5124,0.2794,0.1611,0.0556,-0.118,-0.3824,-0.4374,-0.1814,0.0146,0.1206,0.1735,0.1934,0.1971,0.197,0.1958,0.1933,0.2676,0.2655,0.2618,0.2566,0.2506,0.2447,0.2402,0.2387,0.2419,0.2514,0.2683,0.2944,0.3336,0.4102,0.584,0.637,0.4608,0.5783,1.5252,2.0145,1.0083,0.5357,0.3364,0.1758,-0.0478,-0.3914,-0.4653,-0.0839,0.1167,0.2054,0.2257,0.2085,0.198,0.204,0.209,0.2086,0.2551,0.2531,0.2499,0.2459,0.2416,0.2377,0.2352,0.2351,0.2386,0.2467,0.2605,0.2819,0.3151,0.369,0.439,0.4699,0.4926,0.7043,1.2169,1.3973,0.9514,0.6617,0.5231,0.3529,0.1639,0.0701,0.207,0.2455,0.3044,0.3493,0.3178,0.2558,0.2241,0.2241,0.2275,0.2257,0.2455,0.2437,0.2412,0.2382,0.2353,0.2329,0.2317,0.2326,0.2363,0.2437,0.2557,0.2736,0.2995,0.3346,0.3743,0.4133,0.4766,0.6143,0.8004,0.8647,0.7897,0.8018,0.7959,0.5715,0.3573,0.3126,0.3943,0.4124,0.5671,0.5931,0.4798,0.3628,0.2954,0.2683,0.2562,0.2465,0.2381,0.2366,0.2347,0.2326,0.2307,0.2294,0.2293,0.2309,0.2348,0.2418,0.2524,0.2676,0.2882,0.3145,0.3461,0.3853,0.4422,0.5251,0.6146,0.676,0.7468,0.9245,0.9842,0.7115,0.4742,0.401,0.4413,0.6429,0.9907,0.9032,0.6556,0.4764,0.3733,0.3188,0.2886,0.2687,0.2323,0.2311,0.2298,0.2284,0.2274,0.227,0.2276,0.2297,0.2339,0.2405,0.2501,0.2633,0.2806,0.3025,0.3297,0.3643,0.4094,0.4656,0.5268,0.5909,0.6804,0.8034,0.8249,0.6684,0.5152,0.4675,0.5383,0.7737,1.0466,0.9564,0.7171,0.5363,0.424,0.3569,0.3156,0.288]}]