docs/data/wind_grid.json
[{"header":{"la1":42.22,"la2":41.45,"lo1":11.9,"lo2":12.97,"nx":16,"ny":12,"dx":0.07133,"dy":0.07,"parameterCategory":2,"parameterNumber":2,"parameterNumberName":"eastward_wind","parameterUnit":"m.s-1"},"data":[-0.5546,-0.5397,-0.5141,-0.4831,-0.4678,-0.4723,-0.4757,-0.475,-0.4826,-0.5117,-0.5686,-0.6466,-0.7252,-0.7786,-0.7961,-0.7869,-0.5704,-0.5575,-0.521,-0.4561,-0.4261,-0.454,-0.4596,-0.4455,-0.4403,-0.4727,-0.5575,-0.6861,-0.8193,-0.8943,-0.8935,-0.8536,-0.5955,-0.599,-0.5747,-0.4747,-0.4164,-0.457,-0.4482,-0.4091,-0.3732,-0.4078,-0.5377,-0.754,-1.0014,-1.1017,-1.0331,-0.9291,-0.6234,-0.6592,-0.7059,-0.6506,-0.5274,-0.4862,-0.4459,-0.3855,-0.3078,-0.3469,-0.5179,-0.8351,-1.3046,-1.4141,-1.1774,-0.9837,-0.6384,-0.6903,-0.7767,-0.7548,-0.5954,-0.5095,-0.4639,-0.4306,-0.2281,-0.3184,-0.5035,-0.8034,-1.3626,-1.4906,-1.1795,-0.9692,-0.6339,-0.6681,-0.7039,-0.6782,-0.6011,-0.5448,-0.4818,-0.3862,-0.0801,-0.2884,-0.5055,-0.6485,-0.8879,-1.0676,-0.987,-0.8784,-0.6202,-0.635,-0.6423,-0.6318,-0.6263,-0.6444,-0.5837,-0.4535,-0.2584,-0.3689,-0.535,-0.602,-0.6689,-0.7699,-0.7874,-0.7649,-0.6081,-0.6148,-0.6191,-0.6258,-0.66,-0.7699,-0.6659,-0.5789,-0.5136,-0.4901,-0.539,-0.5876,-0.6142,-0.6347,-0.6531,-0.6694,-0.5998,-0.6043,-0.6097,-0.6209,-0.6478,-0.684,-0.6495,-0.638,-0.672,-0.5735,-0.5546,-0.5661,-0.5569,-0.535,-0.5612,-0.6021,-0.5942,-0.5978,-0.6026,-0.6106,-0.6222,-0.6289,-0.6209,-0.6253,-0.6287,-0.588,-0.5647,-0.5542,-0.5218,-0.4893,-0.521,-0.5675,-0.59,-0.5928,-0.5962,-0.6006,-0.6049,-0.6063,-0.6038,-0.6021,-0.5965,-0.5813,-0.567,-0.5535,-0.5304,-0.5135,-0.53,-0.5605,-0.5868,-0.5887,-0.5908,-0.5929,-0.5944,-0.5944,-0.5926,-0.5896,-0.5844,-0.5765,-0.568,-0.5588,-0.5478,-0.5418,-0.5492,-0.5654]},{"header":{"la1":42.22,"la2":41.45,"lo1":11.9,"lo2":12.97,"nx":16,"ny":12,"dx":0.07133,"dy":0.07,"parameterCategory":2,"parameterNumber":3,"parameterNumberName":"northward_wind","parameterUnit":"m.s-1"},"data":[-0.4068,-0.4381,-0.4785,-0.5211,-0.5264,-0.4679,-0.3942,-0.3407,-0.3013,-0.2601,-0.2086,-0.151,-0.0993,-0.0637,-0.0459,-0.0407,-0.4165,-0.4537,-0.5104,-0.6013,-0.6426,-0.5251,-0.4083,-0.3509,-0.3198,-0.278,-0.2083,-0.1236,-0.0502,-0.009,0.0013,-0.0041,-0.4191,-0.4553,-0.5043,-0.6043,-0.671,-0.5161,-0.3957,-0.3588,-0.3548,-0.3156,-0.2099,-0.0783,0.0297,0.0707,0.0594,0.0355,-0.4156,-0.4519,-0.4841,-0.5006,-0.5023,-0.4238,-0.3634,-0.3645,-0.3952,-0.356,-0.196,-0.0088,0.1346,0.1607,0.1136,0.0697,-0.4039,-0.4436,-0.4899,-0.4825,-0.4121,-0.3546,-0.3288,-0.3417,-0.4751,-0.3592,-0.1243,0.0972,0.1781,0.1848,0.137,0.0902,-0.3795,-0.4081,-0.4338,-0.4124,-0.3445,-0.3032,-0.3072,-0.3601,-0.6003,-0.3453,0.0785,0.434,0.2962,0.1914,0.1414,0.0995,-0.3466,-0.3573,-0.356,-0.3269,-0.2779,-0.2416,-0.2364,-0.2823,-0.3678,-0.2217,0.2849,0.788,0.4426,0.2251,0.1476,0.1052,-0.3143,-0.3132,-0.3013,-0.2744,-0.2376,-0.2058,-0.2013,-0.1834,-0.1447,-0.0973,0.1494,0.3852,0.3026,0.1973,0.147,0.1105,-0.287,-0.2807,-0.267,-0.2455,-0.2206,-0.2003,-0.1703,-0.0297,0.0713,-0.0279,0.0475,0.1518,0.1782,0.1775,0.1554,0.1179,-0.2653,-0.2572,-0.2441,-0.2265,-0.2061,-0.1819,-0.1387,-0.0509,-0.0035,-0.0236,0.0147,0.0884,0.16,0.1977,0.1675,0.1205,-0.2479,-0.2393,-0.2272,-0.2116,-0.1928,-0.1686,-0.1341,-0.0907,-0.0595,-0.04,-0.002,0.0589,0.1268,0.1625,0.1436,0.1059,-0.2339,-0.2253,-0.2139,-0.1998,-0.1825,-0.1612,-0.1352,-0.1066,-0.0799,-0.0532,-0.0178,0.0283,0.0749,0.1014,0.0979,0.0775]}]