docs/data/wind_grid.json
[{"header":{"la1":42.22,"la2":41.45,"lo1":11.9,"lo2":12.97,"nx":16,"ny":12,"dx":0.07133,"dy":0.07,"parameterCategory":2,"parameterNumber":2,"parameterNumberName":"eastward_wind","parameterUnit":"m.s-1"},"data":[0.1271,0.1356,0.1439,0.1513,0.1494,0.1316,0.1149,0.1148,0.1339,0.1742,0.2371,0.3154,0.389,0.4346,0.4432,0.4244,0.1331,0.1454,0.157,0.1727,0.1799,0.1383,0.0978,0.0894,0.1066,0.155,0.247,0.373,0.4947,0.557,0.546,0.4956,0.1406,0.1609,0.1751,0.18,0.1881,0.1222,0.0618,0.0526,0.0608,0.1142,0.2551,0.4626,0.6795,0.7592,0.6855,0.5734,0.1467,0.185,0.2287,0.2072,0.1371,0.0573,-0.0101,0.0032,0.0099,0.0759,0.2797,0.5787,0.9579,1.0392,0.8245,0.6285,0.1415,0.1916,0.2701,0.2507,0.0967,-0.0158,-0.1321,-0.1564,0.1535,0.1699,0.3581,0.6634,1.0326,1.109,0.8344,0.613,0.1171,0.1488,0.1821,0.141,0.019,-0.0729,-0.1379,-0.0905,0.2864,0.2049,0.5335,0.9198,0.8648,0.817,0.665,0.5085,0.0813,0.0858,0.0743,0.0203,-0.0683,-0.1415,-0.1889,-0.1199,0.0082,0.1444,0.6889,1.2871,0.8575,0.566,0.4254,0.3393,0.0473,0.035,0.0066,-0.0464,-0.1191,-0.1802,-0.2375,-0.2661,-0.2236,0.004,0.3966,0.6971,0.4837,0.1988,0.1108,0.1252,0.0214,0.0023,-0.0286,-0.0738,-0.1283,-0.1766,-0.236,-0.471,-0.6508,-0.2101,0.0923,0.1764,-0.0859,-0.3714,-0.2719,-0.095,0.0042,-0.0161,-0.0445,-0.0811,-0.1234,-0.1695,-0.2399,-0.3856,-0.4388,-0.2311,-0.0596,-0.0854,-0.414,-0.6868,-0.4853,-0.2306,-0.006,-0.0251,-0.0496,-0.079,-0.1125,-0.1506,-0.1982,-0.25,-0.2512,-0.1755,-0.1102,-0.1587,-0.3593,-0.5098,-0.4136,-0.2401,-0.0111,-0.0281,-0.0484,-0.0718,-0.0975,-0.1247,-0.1517,-0.1703,-0.1645,-0.1346,-0.1145,-0.1473,-0.2357,-0.3007,-0.2715,-0.1857]},{"header":{"la1":42.22,"la2":41.45,"lo1":11.9,"lo2":12.97,"nx":16,"ny":12,"dx":0.07133,"dy":0.07,"parameterCategory":2,"parameterNumber":3,"parameterNumberName":"northward_wind","parameterUnit":"m.s-1"},"data":[1.5757,1.571,1.5687,1.568,1.5602,1.5302,1.4803,1.4261,1.3842,1.3654,1.3621,1.3588,1.3515,1.3487,1.3568,1.3744,1.5777,1.5722,1.5723,1.5822,1.5867,1.5443,1.4667,1.3799,1.3114,1.2997,1.3197,1.322,1.3039,1.2949,1.3115,1.3432,1.5784,1.568,1.5647,1.5815,1.5935,1.5421,1.4436,1.3111,1.1622,1.1874,1.2783,1.2843,1.2289,1.2069,1.25,1.3099,1.5798,1.5581,1.5338,1.5448,1.5655,1.525,1.4219,1.2807,0.9376,1.0845,1.2765,1.2592,1.113,1.0771,1.1878,1.288,1.5884,1.5584,1.512,1.5214,1.5813,1.5499,1.3879,1.2878,1.2672,1.2952,1.3457,1.2805,1.0904,1.0455,1.19,1.3009,1.6105,1.5916,1.571,1.5975,1.669,1.6782,1.5346,1.4397,1.374,1.505,1.4044,1.292,1.2529,1.2246,1.2857,1.3556,1.6424,1.6444,1.6599,1.7134,1.8124,1.9168,1.9574,1.8764,1.8941,1.6807,1.4188,1.2162,1.3196,1.3708,1.4023,1.4317,1.6746,1.6925,1.7281,1.7968,1.9133,2.0726,2.1072,2.0957,2.0143,1.8144,1.5676,1.4117,1.4441,1.4996,1.5144,1.5106,1.7003,1.7258,1.7668,1.8307,1.9198,2.0093,2.0595,2.2555,2.4231,1.9954,1.7218,1.5938,1.5983,1.6404,1.617,1.5783,1.7175,1.7445,1.7826,1.8338,1.8952,1.9563,2.025,2.1596,2.2071,1.9904,1.7853,1.6754,1.6689,1.6998,1.6661,1.6182,1.7272,1.7523,1.7846,1.824,1.8681,1.9134,1.9617,2.0092,2.0023,1.9065,1.7874,1.7041,1.6771,1.6799,1.662,1.6308,1.7309,1.7528,1.7791,1.8091,1.8408,1.8718,1.8987,1.9129,1.8962,1.8423,1.7722,1.7136,1.6809,1.6667,1.6523,1.633]}]