docs/data/wind_grid.json
[{"header":{"la1":42.85,"la2":41.18,"lo1":11.55,"lo2":14.05,"nx":36,"ny":24,"dx":0.07143,"dy":0.07261,"parameterCategory":2,"parameterNumber":2,"parameterNumberName":"eastward_wind","parameterUnit":"m.s-1"},"data":[-0.6015,-0.6037,-0.6032,-0.5999,-0.5941,-0.5861,-0.5759,-0.5636,-0.5492,-0.5333,-0.5175,-0.5039,-0.4942,-0.4894,-0.4893,-0.4924,-0.4963,-0.4975,-0.4927,-0.4804,-0.4625,-0.4435,-0.4284,-0.4192,-0.4147,-0.4124,-0.4104,-0.4079,-0.4046,-0.4008,-0.3967,-0.3926,-0.3885,-0.3848,-0.3813,-0.3782,-0.6271,-0.6311,-0.6314,-0.6282,-0.6219,-0.6132,-0.6024,-0.5886,-0.571,-0.55,-0.5282,-0.5094,-0.4966,-0.4915,-0.4941,-0.5026,-0.5129,-0.5191,-0.5143,-0.4945,-0.463,-0.4307,-0.4093,-0.4015,-0.4022,-0.405,-0.4064,-0.4056,-0.403,-0.3992,-0.395,-0.3906,-0.3864,-0.3825,-0.379,-0.3758,-0.658,-0.6647,-0.6665,-0.6632,-0.6561,-0.6471,-0.6369,-0.6234,-0.6027,-0.5739,-0.542,-0.5142,-0.4962,-0.4905,-0.4973,-0.5145,-0.5367,-0.5538,-0.5513,-0.5174,-0.4563,-0.3952,-0.3648,-0.3671,-0.3823,-0.3953,-0.4021,-0.4034,-0.4014,-0.3975,-0.3929,-0.3883,-0.3838,-0.3798,-0.3763,-0.3731,-0.6955,-0.707,-0.7112,-0.7075,-0.6982,-0.6887,-0.6825,-0.675,-0.6533,-0.6113,-0.5604,-0.5172,-0.4907,-0.4837,-0.4962,-0.5268,-0.5704,-0.612,-0.6216,-0.5638,-0.4355,-0.3051,-0.2674,-0.3078,-0.3563,-0.3862,-0.3993,-0.4023,-0.4,-0.3955,-0.3904,-0.3853,-0.3807,-0.3766,-0.373,-0.37,-0.7414,-0.7613,-0.7706,-0.7658,-0.7503,-0.7373,-0.741,-0.756,-0.7422,-0.6731,-0.5843,-0.5151,-0.4764,-0.467,-0.486,-0.5346,-0.6131,-0.7083,-0.7646,-0.6806,-0.4108,-0.1097,-0.0907,-0.2355,-0.338,-0.3848,-0.4009,-0.4029,-0.3989,-0.3931,-0.387,-0.3815,-0.3767,-0.3727,-0.3693,-0.3664,-0.7965,-0.8322,-0.8537,-0.8483,-0.8173,-0.7886,-0.8048,-0.8802,-0.9036,-0.7678,-0.6049,-0.4998,-0.4476,-0.4352,-0.4592,-0.5259,-0.6497,-0.843,-1.0407,-0.966,-0.5084,0.024,0.0071,-0.233,-0.3562,-0.3992,-0.4084,-0.4048,-0.3973,-0.3894,-0.3824,-0.3766,-0.3718,-0.368,-0.3649,-0.3624,-0.8587,-0.9223,-0.9736,-0.9764,-0.9127,-0.8365,-0.838,-0.9878,-1.0845,-0.8313,-0.5858,-0.4575,-0.3991,-0.3835,-0.4068,-0.4822,-0.6378,-0.9214,-1.3165,-1.2781,-0.8008,-0.4024,-0.3005,-0.3781,-0.422,-0.428,-0.4186,-0.4055,-0.3933,-0.3834,-0.3758,-0.3701,-0.3658,-0.3625,-0.36,-0.3579,-0.918,-1.0208,-1.1342,-1.1776,-1.0545,-0.883,-0.8014,-0.8629,-0.9019,-0.6835,-0.4835,-0.3809,-0.3305,-0.3096,-0.3198,-0.3867,-0.5424,-0.7995,-1.087,-1.1138,-1.0469,-0.9158,-0.6872,-0.5602,-0.4963,-0.4541,-0.4228,-0.4001,-0.3843,-0.3737,-0.3666,-0.3619,-0.3586,-0.3562,-0.3545,-0.3531,-0.9558,-1.0872,-1.2627,-1.3815,-1.1856,-0.92,-0.7348,-0.6241,-0.5197,-0.3959,-0.3222,-0.2834,-0.2505,-0.2176,-0.1871,-0.2227,-0.3928,-0.6215,-0.8336,-1.0412,-1.4059,-1.3052,-0.898,-0.6578,-0.5302,-0.4559,-0.4106,-0.3833,-0.3676,-0.359,-0.3544,-0.3518,-0.3503,-0.3493,-0.3486,-0.348,-0.96,-1.087,-1.2301,-1.3034,-1.185,-0.9353,-0.6862,-0.4522,-0.1767,-0.049,-0.1431,-0.1907,-0.1727,-0.1255,-0.0087,0.05,-0.2551,-0.5343,-0.7367,-0.947,-1.228,-1.1674,-0.8601,-0.6377,-0.5017,-0.4196,-0.3733,-0.3506,-0.3416,-0.3392,-0.3395,-0.3405,-0.3414,-0.3421,-0.3425,-0.3428,-0.9358,-1.0549,-1.2068,-1.4057,-1.3409,-0.9664,-0.6878,-0.4198,0.1717,0.4591,-0.0072,-0.1311,-0.0988,-0.0438,0.0171,0.0657,-0.292,-0.6108,-0.7775,-0.8356,-0.8771,-0.8312,-0.6852,-0.5326,-0.4137,-0.3384,-0.3051,-0.2999,-0.3065,-0.3155,-0.3232,-0.3289,-0.3326,-0.335,-0.3366,-0.3377,-0.8881,-0.9959,-1.1529,-1.3582,-1.2827,-0.9268,-0.7617,-0.7108,-0.2525,0.1175,-0.0896,-0.1229,-0.0244,0.1409,0.0402,-0.1872,-0.5159,-0.9955,-1.1299,-0.9033,-0.7407,-0.633,-0.5199,-0.3941,-0.2744,-0.2029,-0.2002,-0.2325,-0.2664,-0.2916,-0.3083,-0.3187,-0.325,-0.3287,-0.331,-0.3327,-0.82,-0.8961,-0.9853,-1.0469,-0.9745,-0.8289,-0.8317,-1.0003,-0.784,-0.3675,-0.2151,-0.1533,-0.0548,0.2182,0.0886,-0.2887,-0.6837,-1.8088,-1.8567,-1.0194,-0.666,-0.5002,-0.3844,-0.2533,-0.0897,0.0007,-0.0619,-0.161,-0.2315,-0.274,-0.2984,-0.3119,-0.3192,-0.3233,-0.3258,-0.3278,-0.7431,-0.7855,-0.8205,-0.8255,-0.7835,-0.7387,-0.7716,-0.8698,-0.7436,-0.4186,-0.2415,-0.1821,-0.1643,-0.0942,-0.1904,-0.3998,-0.6079,-1.2113,-1.335,-0.8154,-0.4971,-0.3465,-0.2638,-0.1507,0.0595,0.1881,0.0416,-0.1222,-0.2188,-0.2704,-0.2969,-0.3097,-0.3155,-0.3184,-0.3205,-0.3226,-0.6697,-0.6891,-0.6982,-0.6894,-0.6637,-0.6403,-0.6371,-0.6225,-0.5075,-0.3269,-0.2134,-0.1776,-0.1463,-0.1014,-0.2808,-0.4568,-1.0682,-0.773,-0.6625,-0.4272,-0.1902,-0.1207,-0.1433,-0.1178,0.0052,0.0929,-0.0176,-0.1563,-0.2418,-0.2857,-0.3052,-0.3115,-0.3122,-0.3123,-0.3136,-0.3163,-0.6057,-0.6115,-0.6087,-0.5952,-0.5724,-0.5456,-0.5141,-0.4599,-0.3617,-0.2364,-0.1326,-0.1836,-0.1656,-0.1552,-0.268,-0.5496,-0.878,-0.5578,-0.319,-0.0829,0.2357,0.1746,-0.0263,-0.1135,-0.1214,-0.1217,-0.1773,-0.2496,-0.2974,-0.3182,-0.3204,-0.313,-0.3047,-0.3011,-0.3029,-0.3077,-0.5516,-0.5495,-0.5406,-0.5239,-0.4997,-0.4685,-0.4274,-0.3699,-0.2925,-0.2051,-0.1353,-0.145,-0.0914,-0.0597,-0.1375,-0.2359,-0.2877,-0.1342,0.0461,0.1178,0.3155,0.238,0.0162,-0.1252,-0.2177,-0.2883,-0.3413,-0.369,-0.3738,-0.3612,-0.3353,-0.3048,-0.2833,-0.2783,-0.2852,-0.2959,-0.5065,-0.4995,-0.4871,-0.4684,-0.4431,-0.4107,-0.37,-0.3193,-0.2606,-0.2022,-0.1568,-0.1185,-0.049,-0.0037,0.1257,0.1901,0.1043,0.278,0.5262,0.2968,0.2021,0.1255,-0.0096,-0.163,-0.3232,-0.4671,-0.5282,-0.5073,-0.4625,-0.4078,-0.3409,-0.2725,-0.2337,-0.237,-0.2597,-0.2821,-0.4688,-0.459,-0.4445,-0.4248,-0.3995,-0.3684,-0.331,-0.2876,-0.2404,-0.193,-0.147,-0.0942,-0.0164,0.1524,0.6827,0.9105,0.3871,0.3707,0.5042,0.4619,0.2923,0.1343,-0.0156,-0.2007,-0.4373,-0.6754,-0.731,-0.6453,-0.5553,-0.4569,-0.3379,-0.2123,-0.1545,-0.1843,-0.2342,-0.2712,-0.4374,-0.4258,-0.4103,-0.3905,-0.3661,-0.3369,-0.3032,-0.2652,-0.2241,-0.1806,-0.1326,-0.0713,0.0261,0.2269,0.6299,0.7616,0.4281,0.383,0.6301,0.7528,0.4096,0.1973,0.0324,-0.1887,-0.4815,-0.7399,-0.7903,-0.7585,-0.6523,-0.5167,-0.358,-0.1879,-0.1168,-0.1651,-0.229,-0.2714,-0.4112,-0.3987,-0.3828,-0.3633,-0.3402,-0.3132,-0.2825,-0.2484,-0.2111,-0.1701,-0.1225,-0.0616,0.0263,0.1599,0.3194,0.375,0.3202,0.3427,0.4897,0.5398,0.3923,0.3032,0.1945,-0.0728,-0.4453,-0.8029,-1.0945,-0.9972,-0.7581,-0.5873,-0.4306,-0.2755,-0.1989,-0.216,-0.2563,-0.2866,-0.3893,-0.3763,-0.3606,-0.3418,-0.32,-0.295,-0.267,-0.236,-0.2018,-0.1637,-0.1195,-0.0658,0.002,0.0837,0.1617,0.2053,0.2218,0.2576,0.3197,0.3592,0.4087,0.5843,0.6085,0.189,-0.3474,-0.8806,-1.3447,-1.1173,-0.778,-0.6395,-0.5176,-0.395,-0.3172,-0.2953,-0.3006,-0.3109,-0.371,-0.358,-0.3426,-0.3247,-0.3042,-0.2812,-0.2555,-0.2272,-0.196,-0.1615,-0.1224,-0.0775,-0.0262,0.0285,0.0789,0.1171,0.1475,0.183,0.23,0.2991,0.4656,0.834,0.9515,0.4032,-0.1989,-0.6645,-0.9223,-0.8305,-0.7016,-0.6671,-0.5746,-0.4715,-0.3968,-0.3569,-0.3405,-0.335,-0.3557,-0.3429,-0.3281,-0.3111,-0.292,-0.2707,-0.2472,-0.2215,-0.1934,-0.1626,-0.1288,-0.0916,-0.0518,-0.0113,0.0267,0.06,0.0908,0.1248,0.17,0.2448,0.3914,0.6103,0.6402,0.2993,-0.1271,-0.4586,-0.6418,-0.6818,-0.6875,-0.6631,-0.5834,-0.4988,-0.4337,-0.3914,-0.3667,-0.353]},{"header":{"la1":42.85,"la2":41.18,"lo1":11.55,"lo2":14.05,"nx":36,"ny":24,"dx":0.07143,"dy":0.07261,"parameterCategory":2,"parameterNumber":3,"parameterNumberName":"northward_wind","parameterUnit":"m.s-1"},"data":[-0.6562,-0.6426,-0.6253,-0.6045,-0.5808,-0.5561,-0.5333,-0.5155,-0.5047,-0.5007,-0.5006,-0.5006,-0.4974,-0.4889,-0.4747,-0.4556,-0.4336,-0.4109,-0.3903,-0.3738,-0.3627,-0.3572,-0.3574,-0.3625,-0.3714,-0.3828,-0.3954,-0.4086,-0.4219,-0.4349,-0.4477,-0.46,-0.4718,-0.4831,-0.4939,-0.504,-0.6671,-0.6521,-0.6317,-0.6053,-0.5735,-0.5386,-0.5054,-0.4806,-0.4689,-0.4704,-0.4796,-0.4885,-0.4913,-0.4849,-0.4692,-0.4455,-0.4168,-0.387,-0.3606,-0.3406,-0.3281,-0.3232,-0.3256,-0.3344,-0.3477,-0.3633,-0.3798,-0.3961,-0.412,-0.4273,-0.4419,-0.4558,-0.4691,-0.4816,-0.4935,-0.5046,-0.6815,-0.6657,-0.6422,-0.609,-0.5653,-0.5133,-0.4606,-0.4208,-0.4068,-0.4201,-0.448,-0.4737,-0.487,-0.4843,-0.4665,-0.436,-0.3972,-0.3564,-0.3217,-0.2984,-0.2863,-0.2831,-0.2886,-0.3028,-0.3223,-0.3435,-0.3644,-0.3842,-0.4029,-0.4204,-0.4369,-0.4526,-0.4673,-0.4812,-0.4941,-0.5062,-0.7004,-0.6855,-0.6602,-0.6199,-0.5601,-0.4799,-0.3887,-0.314,-0.2926,-0.3328,-0.4005,-0.4573,-0.4874,-0.4901,-0.4693,-0.4289,-0.3741,-0.3147,-0.2668,-0.2434,-0.2386,-0.2395,-0.2484,-0.2698,-0.2973,-0.3249,-0.3504,-0.3736,-0.395,-0.4147,-0.4332,-0.4505,-0.4668,-0.482,-0.4962,-0.5092,-0.7245,-0.7135,-0.6901,-0.6452,-0.5672,-0.4449,-0.2789,-0.1171,-0.0704,-0.1794,-0.3346,-0.4452,-0.4981,-0.5064,-0.4815,-0.4282,-0.349,-0.2544,-0.1786,-0.1639,-0.1911,-0.2049,-0.2135,-0.2414,-0.2765,-0.3096,-0.339,-0.3651,-0.3888,-0.4106,-0.4309,-0.45,-0.4678,-0.4845,-0.4998,-0.5139,-0.7534,-0.7512,-0.7369,-0.6952,-0.6041,-0.4335,-0.146,0.2244,0.3572,0.061,-0.2708,-0.4542,-0.5276,-0.5385,-0.5087,-0.442,-0.3317,-0.1742,-0.0211,-0.0245,-0.1409,-0.196,-0.2009,-0.2269,-0.2641,-0.2996,-0.3312,-0.3592,-0.3846,-0.4082,-0.4303,-0.4512,-0.4707,-0.4889,-0.5055,-0.5206,-0.7845,-0.7969,-0.8031,-0.7793,-0.6897,-0.4951,-0.1115,0.5401,0.8469,0.2269,-0.2927,-0.5121,-0.5835,-0.5894,-0.5568,-0.4835,-0.3513,-0.1328,0.142,0.1267,-0.078,-0.1636,-0.1927,-0.2217,-0.2586,-0.2945,-0.3267,-0.3556,-0.3823,-0.4075,-0.4316,-0.4544,-0.4758,-0.4956,-0.5137,-0.5297,-0.8114,-0.8413,-0.8829,-0.8966,-0.8138,-0.6438,-0.3462,0.1429,0.3595,-0.114,-0.4919,-0.631,-0.6629,-0.6573,-0.631,-0.5654,-0.4339,-0.232,-0.0195,0.0033,-0.0439,-0.0829,-0.1548,-0.2112,-0.2555,-0.2924,-0.3244,-0.3536,-0.3814,-0.4085,-0.4347,-0.4599,-0.4836,-0.5054,-0.5249,-0.542,-0.8252,-0.863,-0.9386,-1.0052,-0.9006,-0.7937,-0.6972,-0.5902,-0.5984,-0.7345,-0.7965,-0.7789,-0.7473,-0.7324,-0.7401,-0.7055,-0.5609,-0.3775,-0.2183,-0.0944,0.0677,0.0311,-0.1172,-0.2039,-0.2551,-0.2916,-0.3224,-0.3517,-0.381,-0.4106,-0.44,-0.4683,-0.4949,-0.519,-0.5402,-0.5583,-0.8226,-0.8413,-0.8769,-0.9017,-0.8366,-0.8788,-0.9721,-1.0895,-1.2742,-1.3275,-1.102,-0.9068,-0.8116,-0.7931,-0.8913,-0.954,-0.682,-0.4645,-0.3155,-0.1721,-0.0173,-0.032,-0.1428,-0.2156,-0.2587,-0.2895,-0.3176,-0.3475,-0.3798,-0.4137,-0.4477,-0.4804,-0.5107,-0.5376,-0.5606,-0.5795,-0.814,-0.802,-0.7434,-0.5811,-0.6273,-0.9274,-1.1925,-1.4064,-1.7664,-1.9609,-1.3211,-0.9693,-0.8444,-0.8182,-0.8835,-0.9585,-0.6536,-0.464,-0.3599,-0.2696,-0.1919,-0.1737,-0.2032,-0.2355,-0.2588,-0.2789,-0.3043,-0.3377,-0.3767,-0.4179,-0.4589,-0.4978,-0.533,-0.5633,-0.5881,-0.6074,-0.8146,-0.7949,-0.7278,-0.5987,-0.6719,-1.0553,-1.4379,-1.6749,-1.7027,-1.6984,-1.2421,-0.9487,-0.8601,-0.9001,-0.8052,-0.6284,-0.4732,-0.4045,-0.3725,-0.3126,-0.2606,-0.2355,-0.234,-0.2394,-0.2407,-0.2467,-0.2738,-0.3192,-0.3715,-0.4246,-0.4757,-0.523,-0.5646,-0.5989,-0.6252,-0.6439,-0.8273,-0.8234,-0.8081,-0.8081,-0.928,-1.2216,-1.61,-1.9647,-1.7346,-1.3781,-1.0754,-0.9105,-0.8524,-0.941,-0.7887,-0.3603,-0.2458,-0.4123,-0.4249,-0.3077,-0.2523,-0.2282,-0.224,-0.2195,-0.1946,-0.1784,-0.2212,-0.2942,-0.3679,-0.4373,-0.502,-0.5606,-0.6103,-0.6489,-0.6758,-0.692,-0.8434,-0.8573,-0.8795,-0.9313,-1.0495,-1.2528,-1.5151,-1.7293,-1.5995,-1.2213,-0.9728,-0.9179,-0.9006,-0.6813,-0.3788,0.1821,0.1423,-0.1743,-0.2929,-0.2321,-0.1759,-0.1577,-0.1784,-0.1906,-0.1478,-0.105,-0.1761,-0.2807,-0.3752,-0.462,-0.5436,-0.6172,-0.6774,-0.7202,-0.7451,-0.7551,-0.8544,-0.8776,-0.9122,-0.9687,-1.0578,-1.1789,-1.3056,-1.3648,-1.2545,-1.0432,-0.898,-0.8212,-0.6932,-0.5013,-0.209,0.3547,0.886,0.1926,-0.1038,-0.1014,0.0239,0.0243,-0.0902,-0.1672,-0.165,-0.1435,-0.2029,-0.2999,-0.4006,-0.5041,-0.608,-0.7036,-0.7783,-0.8238,-0.841,-0.8375,-0.857,-0.8817,-0.9149,-0.9601,-1.0177,-1.0803,-1.1264,-1.1208,-1.0418,-0.934,-0.8913,-0.8174,-0.7569,-0.5996,-0.3218,0.1753,0.6,0.1216,-0.1205,0.0247,0.5034,0.3855,0.0209,-0.1489,-0.1995,-0.2154,-0.2558,-0.3317,-0.4367,-0.5642,-0.7045,-0.837,-0.9334,-0.9763,-0.9728,-0.9427,-0.8521,-0.8741,-0.9008,-0.9324,-0.9663,-0.9954,-1.0071,-0.9887,-0.9404,-0.8903,-0.8799,-0.8452,-0.9261,-0.9459,-0.5567,-0.2754,-0.1538,-0.2905,-0.392,-0.1008,0.5628,0.4158,0.0078,-0.1643,-0.2093,-0.2134,-0.2414,-0.3266,-0.4628,-0.6384,-0.844,-1.0453,-1.1763,-1.2004,-1.1484,-1.0695,-0.8421,-0.8598,-0.8794,-0.9,-0.9186,-0.9306,-0.9301,-0.9133,-0.8844,-0.8566,-0.8408,-0.8464,-0.9645,-0.975,-0.7284,-0.6102,-0.5222,-0.6769,-0.9121,-0.5149,-0.1362,-0.0581,-0.1636,-0.2207,-0.184,-0.0908,-0.0878,-0.2452,-0.4651,-0.7196,-1.0319,-1.3609,-1.5465,-1.5087,-1.3587,-1.2044,-0.8292,-0.8426,-0.8562,-0.8689,-0.8784,-0.8822,-0.8776,-0.8641,-0.8447,-0.8254,-0.8121,-0.8121,-0.8288,-0.8209,-0.8796,-0.9274,-0.7041,-0.7354,-0.837,-0.681,-0.4925,-0.3723,-0.339,-0.2918,-0.1302,0.1952,0.2638,-0.1193,-0.4679,-0.7965,-1.2275,-1.7436,-1.998,-1.8344,-1.5478,-1.313,-0.8151,-0.8248,-0.8339,-0.8412,-0.8455,-0.8452,-0.8393,-0.8281,-0.8133,-0.798,-0.7851,-0.7771,-0.7743,-0.7848,-0.8583,-0.8792,-0.7368,-0.7033,-0.7601,-0.7872,-0.6398,-0.5442,-0.4893,-0.3975,-0.1896,0.2226,0.3163,-0.2082,-0.5432,-0.8524,-1.2997,-1.8968,-2.1828,-1.9525,-1.6119,-1.3515,-0.801,-0.8078,-0.8135,-0.8173,-0.8185,-0.8162,-0.81,-0.8002,-0.7879,-0.7747,-0.7622,-0.7518,-0.7454,-0.748,-0.7615,-0.7511,-0.707,-0.6912,-0.7199,-0.729,-0.6917,-0.6929,-0.6745,-0.5688,-0.4212,-0.3516,-0.5436,-0.5944,-0.6968,-0.8937,-1.1983,-1.6175,-1.8541,-1.7431,-1.5103,-1.3062,-0.7875,-0.792,-0.7953,-0.7969,-0.7962,-0.7929,-0.7867,-0.7779,-0.7671,-0.7554,-0.7437,-0.7329,-0.7243,-0.7188,-0.714,-0.7023,-0.6858,-0.6802,-0.6916,-0.7136,-0.7776,-0.9262,-0.9666,-0.7815,-0.6253,-0.6419,-0.7893,-0.7719,-0.8762,-0.9714,-1.0877,-1.2864,-1.4366,-1.4332,-1.3315,-1.2103,-0.7749,-0.7778,-0.7794,-0.7795,-0.7777,-0.7738,-0.7678,-0.7597,-0.7502,-0.7397,-0.7289,-0.7185,-0.709,-0.7006,-0.6925,-0.6835,-0.6764,-0.6774,-0.6934,-0.7387,-0.8596,-1.0955,-1.1662,-0.9177,-0.7374,-0.7117,-0.771,-0.9071,-1.1306,-1.1011,-1.0572,-1.1113,-1.1836,-1.2043,-1.1698,-1.1077,-0.7634,-0.765,-0.7655,-0.7646,-0.7621,-0.758,-0.7522,-0.7449,-0.7363,-0.727,-0.7172,-0.7075,-0.6983,-0.6899,-0.6822,-0.676,-0.6735,-0.6788,-0.6989,-0.7468,-0.8449,-0.9827,-1.0151,-0.8875,-0.7769,-0.7575,-0.8219,-0.9864,-1.1639,-1.1221,-1.0411,-1.0305,-1.0527,-1.065,-1.0526,-1.021]}]