docs/data/wind_grid.json
[{"header":{"la1":42.85,"la2":41.18,"lo1":11.55,"lo2":14.05,"nx":36,"ny":24,"dx":0.07143,"dy":0.07261,"parameterCategory":2,"parameterNumber":2,"parameterNumberName":"eastward_wind","parameterUnit":"m.s-1"},"data":[-0.3087,-0.3159,-0.3247,-0.3348,-0.3455,-0.3554,-0.3627,-0.3654,-0.3623,-0.3531,-0.3389,-0.3216,-0.3031,-0.2851,-0.2683,-0.2535,-0.2413,-0.2322,-0.2268,-0.2257,-0.2284,-0.2342,-0.242,-0.2505,-0.2589,-0.2666,-0.2733,-0.2788,-0.2833,-0.2867,-0.2892,-0.291,-0.2921,-0.2927,-0.2929,-0.2929,-0.3044,-0.3131,-0.3247,-0.3388,-0.3548,-0.3708,-0.3839,-0.3905,-0.3876,-0.3749,-0.3544,-0.33,-0.3048,-0.2809,-0.2592,-0.2401,-0.2242,-0.2123,-0.2054,-0.2046,-0.2097,-0.2192,-0.2309,-0.243,-0.2543,-0.2642,-0.2724,-0.279,-0.284,-0.2876,-0.2902,-0.2918,-0.2927,-0.293,-0.2929,-0.2926,-0.2973,-0.3075,-0.3221,-0.3415,-0.3652,-0.391,-0.4146,-0.429,-0.4274,-0.4083,-0.3772,-0.3414,-0.3065,-0.2748,-0.247,-0.2227,-0.2018,-0.1852,-0.1755,-0.1754,-0.1847,-0.2003,-0.2182,-0.2354,-0.2504,-0.2628,-0.2727,-0.2802,-0.2856,-0.2894,-0.2918,-0.293,-0.2935,-0.2934,-0.293,-0.2923,-0.2861,-0.2972,-0.3148,-0.3404,-0.3746,-0.4162,-0.4593,-0.4904,-0.4927,-0.4611,-0.4095,-0.3552,-0.3067,-0.2655,-0.2307,-0.2003,-0.1727,-0.1482,-0.1325,-0.1332,-0.1507,-0.1772,-0.2045,-0.2286,-0.2481,-0.2633,-0.2747,-0.283,-0.2886,-0.2921,-0.2941,-0.2948,-0.2947,-0.294,-0.2929,-0.2918,-0.2694,-0.2799,-0.2994,-0.3311,-0.3782,-0.4429,-0.5214,-0.5908,-0.6046,-0.5442,-0.4522,-0.3687,-0.3026,-0.2505,-0.2085,-0.1725,-0.1371,-0.099,-0.0691,-0.0708,-0.1055,-0.1512,-0.1923,-0.2246,-0.2489,-0.2666,-0.2792,-0.2877,-0.2931,-0.2961,-0.2972,-0.297,-0.296,-0.2945,-0.2927,-0.2909,-0.2455,-0.2526,-0.271,-0.3066,-0.3661,-0.4582,-0.5912,-0.7425,-0.7904,-0.6608,-0.4945,-0.3733,-0.2893,-0.2261,-0.177,-0.1381,-0.099,-0.0427,0.018,0.0146,-0.0547,-0.1296,-0.1865,-0.2266,-0.2545,-0.2738,-0.2868,-0.295,-0.2996,-0.3013,-0.3012,-0.2997,-0.2975,-0.2948,-0.2922,-0.2897,-0.2132,-0.2119,-0.2236,-0.2575,-0.3237,-0.4348,-0.6138,-0.8668,-0.9745,-0.7379,-0.4987,-0.3567,-0.2624,-0.1869,-0.1271,-0.0897,-0.0639,-0.0088,0.083,0.0769,-0.0308,-0.1283,-0.1942,-0.2376,-0.2666,-0.2861,-0.2984,-0.3053,-0.3082,-0.308,-0.3059,-0.3026,-0.2987,-0.2948,-0.291,-0.2876,-0.1721,-0.1548,-0.1496,-0.1721,-0.2375,-0.3501,-0.5131,-0.7215,-0.8019,-0.6135,-0.4311,-0.3171,-0.2241,-0.1267,-0.036,0.0029,-0.0162,-0.023,0.0221,0.0126,-0.0764,-0.1606,-0.2194,-0.2591,-0.2862,-0.3041,-0.3146,-0.3192,-0.3192,-0.3162,-0.3113,-0.3055,-0.2995,-0.2938,-0.2888,-0.2845,-0.1251,-0.0812,-0.0406,-0.0332,-0.0968,-0.2194,-0.3466,-0.4404,-0.4564,-0.3985,-0.3375,-0.2775,-0.1907,-0.0466,0.1484,0.2227,0.0925,-0.0365,-0.0865,-0.1164,-0.1657,-0.2168,-0.2582,-0.2898,-0.3132,-0.3287,-0.3364,-0.3372,-0.333,-0.3256,-0.3169,-0.3078,-0.2992,-0.2915,-0.2851,-0.2799,-0.0809,-0.0013,0.1022,0.1836,0.1176,-0.0782,-0.2253,-0.2792,-0.262,-0.247,-0.2721,-0.2652,-0.1943,0.0011,0.4747,0.7124,0.2462,-0.0578,-0.1814,-0.2277,-0.2534,-0.2772,-0.3019,-0.3264,-0.3478,-0.3618,-0.3658,-0.3606,-0.3496,-0.336,-0.322,-0.3087,-0.297,-0.2871,-0.2792,-0.2732,-0.0552,0.0526,0.2229,0.425,0.3685,0.021,-0.182,-0.2295,-0.1665,-0.1267,-0.2458,-0.2919,-0.2598,-0.1285,0.3586,0.7063,0.1476,-0.1932,-0.3255,-0.3433,-0.3328,-0.3309,-0.3433,-0.3665,-0.3923,-0.4082,-0.4066,-0.391,-0.369,-0.3464,-0.3254,-0.3071,-0.2917,-0.2794,-0.2701,-0.2636,-0.0612,0.042,0.2021,0.3865,0.3199,-0.0176,-0.2134,-0.278,-0.2077,-0.1876,-0.294,-0.3598,-0.3529,-0.3438,-0.2296,-0.063,-0.2087,-0.5043,-0.5905,-0.4814,-0.4,-0.3701,-0.3765,-0.4094,-0.4536,-0.4785,-0.4651,-0.4288,-0.3894,-0.3544,-0.325,-0.3008,-0.2816,-0.267,-0.2567,-0.2502,-0.0962,-0.0256,0.0608,0.1183,0.045,-0.1206,-0.2313,-0.4647,-0.1464,-0.2718,-0.3904,-0.4895,-0.4521,-0.3874,-0.3538,-0.2749,-0.3983,-0.9139,-0.9305,-0.5788,-0.4286,-0.3835,-0.3943,-0.451,-0.5391,-0.5857,-0.5423,-0.4684,-0.4049,-0.356,-0.3177,-0.2876,-0.2645,-0.248,-0.2375,-0.232,-0.144,-0.1065,-0.0743,-0.0711,-0.1169,-0.1802,-0.1917,-0.0672,-0.1263,-0.3448,-0.4871,-0.6429,-0.6418,-0.1627,-0.3019,-0.2372,-0.2514,-0.6223,-0.7102,-0.5024,-0.3904,-0.3604,-0.3871,-0.4706,-0.6114,-0.6863,-0.5996,-0.4872,-0.4051,-0.3457,-0.3,-0.2641,-0.2374,-0.2198,-0.2104,-0.2076,-0.1908,-0.1745,-0.1668,-0.176,-0.2031,-0.2327,-0.2435,-0.2471,-0.3289,-0.494,-0.621,-0.6221,-0.4835,-0.3949,-0.3078,-0.037,0.2802,-0.1639,-0.3672,-0.3521,-0.2957,-0.2945,-0.3491,-0.4393,-0.5624,-0.6276,-0.5588,-0.4605,-0.3821,-0.3201,-0.2686,-0.2265,-0.1961,-0.1787,-0.1731,-0.1759,-0.2307,-0.2262,-0.2287,-0.241,-0.2624,-0.2884,-0.318,-0.3678,-0.4728,-0.6654,-0.9475,-0.7987,-0.6405,-0.4483,-0.3494,-0.098,0.1297,-0.1273,-0.2661,-0.2579,-0.1606,-0.1927,-0.301,-0.3871,-0.457,-0.4889,-0.462,-0.4048,-0.3422,-0.2805,-0.2214,-0.17,-0.1345,-0.1198,-0.1228,-0.136,-0.2631,-0.2649,-0.2722,-0.2863,-0.3073,-0.3354,-0.374,-0.4339,-0.533,-0.6951,-0.903,-0.7742,-0.5786,-0.5018,-0.4352,-0.3292,-0.2426,-0.2417,-0.2488,-0.2445,-0.1447,-0.1833,-0.2953,-0.3639,-0.4042,-0.4202,-0.4055,-0.3615,-0.3007,-0.2319,-0.1575,-0.0875,-0.0433,-0.037,-0.0579,-0.089,-0.2889,-0.2942,-0.304,-0.3191,-0.3402,-0.3684,-0.4065,-0.4591,-0.5305,-0.6155,-0.6718,-0.6312,-0.542,-0.5181,-0.5475,-0.5335,-0.4064,-0.251,-0.134,-0.2766,-0.2963,-0.302,-0.3416,-0.3745,-0.4039,-0.4367,-0.428,-0.3533,-0.2653,-0.1792,-0.079,0.027,0.086,0.071,0.0168,-0.0405,-0.3093,-0.3166,-0.3275,-0.3427,-0.3629,-0.3888,-0.4216,-0.4622,-0.5088,-0.5529,-0.5768,-0.5693,-0.5529,-0.5813,-0.7583,-0.8325,-0.5441,-0.3414,-0.2748,-0.4634,-0.446,-0.4117,-0.4015,-0.397,-0.4237,-0.5424,-0.565,-0.3611,-0.2182,-0.1254,-0.0033,0.1547,0.2336,0.1795,0.0815,-0.0029,-0.3252,-0.3335,-0.3446,-0.3592,-0.3776,-0.4001,-0.4268,-0.457,-0.4882,-0.5154,-0.5324,-0.5395,-0.551,-0.6017,-0.7358,-0.7721,-0.5881,-0.5035,-0.6599,-0.758,-0.5757,-0.5077,-0.4725,-0.4177,-0.386,-0.5232,-0.5597,-0.2103,-0.1119,-0.0773,0.0254,0.2029,0.2919,0.2173,0.1017,0.0087,-0.3377,-0.3461,-0.357,-0.3704,-0.3867,-0.4057,-0.4271,-0.4499,-0.4723,-0.4919,-0.5068,-0.5189,-0.5356,-0.5683,-0.6121,-0.6135,-0.5617,-0.5484,-0.6226,-0.6607,-0.6198,-0.6316,-0.6102,-0.4734,-0.2727,-0.0217,0.3906,0.2931,0.0343,-0.0598,-0.0172,0.1076,0.1837,0.1451,0.0634,-0.0108,-0.3472,-0.3555,-0.3657,-0.3779,-0.392,-0.4079,-0.4252,-0.4429,-0.4601,-0.4755,-0.4887,-0.5009,-0.5148,-0.5322,-0.5473,-0.5479,-0.5379,-0.5435,-0.5758,-0.6178,-0.703,-0.8831,-0.9213,-0.6362,-0.2452,0.2569,0.8247,0.5008,-0.0058,-0.1355,-0.1054,-0.0268,0.0309,0.0311,-0.0054,-0.0503,-0.3545,-0.3624,-0.3718,-0.3826,-0.3948,-0.4082,-0.4223,-0.4366,-0.4503,-0.463,-0.4744,-0.485,-0.4956,-0.506,-0.5141,-0.5179,-0.5214,-0.5345,-0.5661,-0.6318,-0.7871,-1.0792,-1.1647,-0.7827,-0.3366,0.0562,0.2845,0.0407,-0.3184,-0.2946,-0.1993,-0.1257,-0.0779,-0.0622,-0.0719,-0.094,-0.36,-0.3674,-0.3759,-0.3855,-0.396,-0.4073,-0.419,-0.4308,-0.4421,-0.4527,-0.4624,-0.4714,-0.4798,-0.4875,-0.4941,-0.5001,-0.5086,-0.5252,-0.5584,-0.624,-0.7499,-0.9226,-0.9492,-0.71,-0.4005,-0.1577,-0.0657,-0.1943,-0.3651,-0.3304,-0.2426,-0.1808,-0.1427,-0.1249,-0.1235,-0.1328]},{"header":{"la1":42.85,"la2":41.18,"lo1":11.55,"lo2":14.05,"nx":36,"ny":24,"dx":0.07143,"dy":0.07261,"parameterCategory":2,"parameterNumber":3,"parameterNumberName":"northward_wind","parameterUnit":"m.s-1"},"data":[-0.3316,-0.3378,-0.3438,-0.3495,-0.3546,-0.3585,-0.3607,-0.3606,-0.3577,-0.3518,-0.3428,-0.3309,-0.3164,-0.2996,-0.2809,-0.2607,-0.2401,-0.2204,-0.2031,-0.1893,-0.1792,-0.172,-0.1667,-0.1622,-0.1578,-0.1532,-0.148,-0.1425,-0.1365,-0.1303,-0.1239,-0.1175,-0.1111,-0.1048,-0.0989,-0.0932,-0.3382,-0.3456,-0.353,-0.3604,-0.3673,-0.3732,-0.3772,-0.3785,-0.3762,-0.3698,-0.3595,-0.3457,-0.3287,-0.3088,-0.2862,-0.2611,-0.2349,-0.2097,-0.1885,-0.1732,-0.164,-0.1593,-0.1568,-0.1547,-0.1521,-0.1486,-0.1442,-0.1389,-0.1329,-0.1265,-0.1198,-0.113,-0.1063,-0.0997,-0.0934,-0.0875,-0.3444,-0.3529,-0.362,-0.3713,-0.3806,-0.3892,-0.396,-0.3994,-0.398,-0.3911,-0.379,-0.3629,-0.3431,-0.3197,-0.2923,-0.2606,-0.2259,-0.1917,-0.1639,-0.1471,-0.1411,-0.1417,-0.1444,-0.1462,-0.1462,-0.1442,-0.1405,-0.1354,-0.1294,-0.1227,-0.1156,-0.1084,-0.1011,-0.0941,-0.0874,-0.0812,-0.3497,-0.3595,-0.3701,-0.3817,-0.3939,-0.4062,-0.4171,-0.424,-0.4241,-0.4162,-0.4017,-0.3826,-0.3599,-0.3331,-0.3004,-0.2601,-0.2121,-0.1618,-0.1217,-0.1036,-0.1063,-0.1182,-0.1298,-0.1374,-0.1406,-0.1403,-0.1373,-0.1324,-0.1261,-0.119,-0.1113,-0.1034,-0.0956,-0.088,-0.0808,-0.0742,-0.3538,-0.3646,-0.3768,-0.3907,-0.4063,-0.4232,-0.4398,-0.4523,-0.4549,-0.4451,-0.4269,-0.4045,-0.3794,-0.3502,-0.3132,-0.2629,-0.1949,-0.1143,-0.0481,-0.0309,-0.0559,-0.0898,-0.1152,-0.1299,-0.1364,-0.1376,-0.1351,-0.13,-0.1233,-0.1154,-0.1068,-0.0981,-0.0895,-0.0812,-0.0735,-0.0665,-0.3562,-0.3677,-0.381,-0.397,-0.416,-0.438,-0.4614,-0.4812,-0.487,-0.4745,-0.4527,-0.4279,-0.4018,-0.3727,-0.3346,-0.2765,-0.1842,-0.052,0.0696,0.0789,0.0043,-0.0643,-0.1052,-0.1261,-0.135,-0.1369,-0.1344,-0.1288,-0.1211,-0.1121,-0.1024,-0.0925,-0.0828,-0.0737,-0.0653,-0.0578,-0.3567,-0.368,-0.3816,-0.3988,-0.421,-0.4479,-0.4764,-0.4985,-0.5039,-0.4956,-0.4776,-0.4527,-0.4272,-0.4023,-0.3702,-0.3133,-0.2063,-0.0253,0.1681,0.164,0.0342,-0.0589,-0.1064,-0.1284,-0.1374,-0.139,-0.1358,-0.1292,-0.1201,-0.1094,-0.0979,-0.0864,-0.0753,-0.0651,-0.056,-0.0479,-0.3548,-0.3649,-0.377,-0.3937,-0.4185,-0.4514,-0.4859,-0.5073,-0.5133,-0.5225,-0.5111,-0.4815,-0.4548,-0.4397,-0.4263,-0.3851,-0.2853,-0.1177,0.0562,0.0721,-0.0175,-0.0855,-0.1207,-0.1373,-0.1442,-0.1448,-0.1405,-0.1321,-0.1207,-0.1074,-0.0934,-0.0797,-0.0668,-0.0553,-0.0453,-0.0367,-0.3508,-0.358,-0.3656,-0.3779,-0.404,-0.4479,-0.5013,-0.5539,-0.5996,-0.617,-0.5758,-0.5156,-0.4798,-0.4817,-0.5132,-0.5065,-0.4035,-0.2621,-0.1439,-0.0974,-0.1074,-0.1274,-0.1416,-0.1505,-0.1555,-0.1558,-0.1503,-0.1391,-0.1237,-0.1063,-0.0887,-0.0719,-0.0569,-0.0438,-0.0328,-0.0238,-0.3454,-0.3487,-0.3477,-0.3467,-0.3697,-0.4325,-0.5181,-0.6356,-0.8035,-0.854,-0.6876,-0.5455,-0.4895,-0.5096,-0.637,-0.7049,-0.5114,-0.3486,-0.2483,-0.1924,-0.1672,-0.1588,-0.1595,-0.1657,-0.1732,-0.1759,-0.169,-0.1526,-0.1304,-0.1064,-0.0833,-0.0625,-0.0447,-0.0299,-0.018,-0.0087,-0.3399,-0.3404,-0.3313,-0.3108,-0.3235,-0.4104,-0.5178,-0.6736,-1.0801,-1.2882,-0.787,-0.5417,-0.4713,-0.4823,-0.613,-0.7101,-0.5008,-0.3508,-0.2688,-0.2197,-0.1872,-0.17,-0.1692,-0.1834,-0.204,-0.2148,-0.2045,-0.1765,-0.1413,-0.1067,-0.0761,-0.0503,-0.0294,-0.013,-0.0004,0.0089,-0.3351,-0.3363,-0.3295,-0.3142,-0.328,-0.4046,-0.5062,-0.6173,-0.7804,-0.9754,-0.658,-0.4843,-0.4367,-0.4152,-0.469,-0.4784,-0.3954,-0.2899,-0.2403,-0.2107,-0.1789,-0.1611,-0.1693,-0.2077,-0.2629,-0.293,-0.2696,-0.2139,-0.1551,-0.1049,-0.0648,-0.0335,-0.0097,0.0081,0.0209,0.0295,-0.3302,-0.3339,-0.3351,-0.3371,-0.353,-0.3876,-0.4483,-0.9068,-0.2517,-0.4728,-0.4623,-0.4073,-0.4162,-0.441,-0.4898,-0.4192,-0.3347,-0.2179,-0.2035,-0.1875,-0.1473,-0.1291,-0.1545,-0.2384,-0.3691,-0.4385,-0.3713,-0.2581,-0.164,-0.0954,-0.0459,-0.0098,0.0162,0.0344,0.0464,0.0536,-0.3238,-0.3289,-0.3335,-0.3388,-0.3453,-0.3441,-0.295,-0.0312,-0.0919,-0.324,-0.3668,-0.3484,-0.3695,-0.634,-0.4681,-0.3991,-0.3441,-0.2478,-0.2009,-0.1433,-0.0784,-0.06,-0.1089,-0.2434,-0.4708,-0.5924,-0.452,-0.2741,-0.1512,-0.0706,-0.0154,0.0231,0.0496,0.0668,0.0767,0.0813,-0.3155,-0.3203,-0.3246,-0.3277,-0.3273,-0.3161,-0.2802,-0.2278,-0.2456,-0.299,-0.3127,-0.3202,-0.4025,-0.4946,-0.4224,-0.4023,-0.4602,-0.2952,-0.1627,-0.0429,0.0657,0.0723,-0.016,-0.1664,-0.3776,-0.4907,-0.375,-0.2167,-0.1028,-0.0254,0.0288,0.0667,0.0916,0.1059,0.112,0.1124,-0.3056,-0.3094,-0.3123,-0.3134,-0.311,-0.3026,-0.2875,-0.2747,-0.277,-0.2837,-0.2858,-0.2252,-0.2486,-0.3099,-0.3079,-0.3409,-0.3884,-0.229,-0.0672,0.0989,0.3043,0.2601,0.095,-0.0443,-0.1679,-0.2289,-0.1888,-0.1055,-0.027,0.0365,0.0854,0.1204,0.142,0.1513,0.1516,0.1463,-0.2947,-0.2974,-0.299,-0.2989,-0.2962,-0.2905,-0.2825,-0.2751,-0.2701,-0.2667,-0.2693,-0.2142,-0.01,0.0826,-0.1432,-0.1994,-0.1722,-0.0468,0.0768,0.1689,0.3434,0.296,0.1473,0.0439,-0.0278,-0.0625,-0.0518,-0.0065,0.0514,0.1055,0.1496,0.1814,0.1984,0.2008,0.1932,0.1808,-0.2834,-0.285,-0.2855,-0.2846,-0.2817,-0.2769,-0.2703,-0.2626,-0.2536,-0.2417,-0.2184,-0.1453,0.0594,0.1097,-0.072,-0.1038,-0.0459,0.1313,0.2626,0.2036,0.2186,0.2083,0.154,0.094,0.0318,-0.0257,-0.0282,0.0404,0.1183,0.1756,0.2151,0.2418,0.2533,0.2479,0.232,0.2128,-0.272,-0.2726,-0.2722,-0.2705,-0.2672,-0.2622,-0.2554,-0.2466,-0.235,-0.2181,-0.1894,-0.1373,-0.0687,-0.0533,-0.0861,-0.089,-0.0102,0.1536,0.2552,0.2649,0.2319,0.2084,0.1846,0.1414,0.0482,-0.1259,-0.1607,0.0481,0.1918,0.2523,0.2748,0.2848,0.289,0.2804,0.2613,0.2387,-0.2606,-0.2604,-0.2592,-0.2567,-0.2528,-0.2473,-0.2399,-0.2303,-0.2174,-0.1997,-0.1746,-0.1411,-0.107,-0.0873,-0.0836,-0.0743,0.0069,0.1487,0.3238,0.3844,0.287,0.2659,0.2611,0.2257,0.1271,-0.1093,-0.1627,0.1934,0.3296,0.3539,0.3329,0.303,0.2947,0.2923,0.2785,0.2573,-0.2495,-0.2484,-0.2465,-0.2433,-0.2388,-0.2327,-0.2248,-0.2146,-0.2015,-0.1845,-0.1631,-0.1377,-0.1116,-0.0883,-0.0673,-0.0356,0.0338,0.1444,0.2685,0.319,0.3242,0.3831,0.4129,0.3694,0.3266,0.3817,0.6495,0.6285,0.5446,0.4996,0.4246,0.3471,0.3128,0.3046,0.2919,0.2715,-0.2385,-0.2368,-0.2342,-0.2304,-0.2253,-0.2187,-0.2103,-0.1998,-0.1867,-0.1707,-0.1514,-0.1293,-0.1052,-0.0796,-0.0505,-0.0105,0.0502,0.1314,0.2172,0.2959,0.419,0.6227,0.6877,0.5488,0.4932,0.6595,0.9567,0.8393,0.7563,0.7024,0.5694,0.4434,0.3702,0.335,0.31,0.2851,-0.228,-0.2256,-0.2223,-0.218,-0.2124,-0.2053,-0.1966,-0.1859,-0.173,-0.1575,-0.1393,-0.1184,-0.0948,-0.0679,-0.0357,0.0057,0.0603,0.1288,0.2105,0.3201,0.5106,0.8005,0.8781,0.6588,0.5571,0.6391,0.7688,0.8473,1.0159,0.9358,0.715,0.5405,0.4334,0.3713,0.3305,0.2979,-0.2178,-0.2149,-0.2111,-0.2062,-0.2001,-0.1927,-0.1837,-0.1729,-0.16,-0.1448,-0.1272,-0.1068,-0.0834,-0.0561,-0.0233,0.0172,0.0678,0.1307,0.2104,0.3206,0.4829,0.6705,0.7215,0.6141,0.5517,0.5934,0.6949,0.8603,1.0478,0.971,0.7589,0.5855,0.4704,0.3963,0.3456,0.3072]}]