docs/data/wind_grid.json
[{"header":{"la1":42.85,"la2":41.18,"lo1":11.55,"lo2":14.05,"nx":36,"ny":24,"dx":0.07143,"dy":0.07261,"parameterCategory":2,"parameterNumber":2,"parameterNumberName":"eastward_wind","parameterUnit":"m.s-1"},"data":[-0.7544,-0.7599,-0.7652,-0.77,-0.774,-0.7765,-0.7761,-0.7715,-0.7618,-0.7474,-0.7301,-0.7127,-0.6978,-0.6872,-0.6815,-0.6805,-0.6829,-0.6869,-0.6902,-0.6909,-0.6882,-0.6822,-0.6738,-0.6641,-0.6539,-0.6439,-0.6343,-0.6253,-0.617,-0.6094,-0.6024,-0.5961,-0.5902,-0.585,-0.5802,-0.5758,-0.7683,-0.7755,-0.7827,-0.7901,-0.7974,-0.8038,-0.8072,-0.8044,-0.793,-0.773,-0.7479,-0.7227,-0.7018,-0.688,-0.6821,-0.6837,-0.6907,-0.7001,-0.7077,-0.7104,-0.7069,-0.6982,-0.6864,-0.6733,-0.6602,-0.6478,-0.6365,-0.6261,-0.6168,-0.6084,-0.6008,-0.594,-0.5878,-0.5822,-0.5772,-0.5727,-0.7838,-0.7929,-0.8024,-0.813,-0.8252,-0.8384,-0.8497,-0.8526,-0.84,-0.8108,-0.772,-0.7338,-0.7037,-0.6855,-0.6797,-0.6857,-0.7008,-0.7197,-0.735,-0.7404,-0.7343,-0.7199,-0.702,-0.6837,-0.6667,-0.6515,-0.6381,-0.6263,-0.6159,-0.6067,-0.5986,-0.5913,-0.5848,-0.5789,-0.5737,-0.5691,-0.8013,-0.8125,-0.8243,-0.8381,-0.8565,-0.8809,-0.9085,-0.9266,-0.9158,-0.8696,-0.8052,-0.745,-0.7012,-0.6769,-0.6719,-0.6851,-0.7137,-0.7503,-0.7801,-0.7887,-0.7747,-0.7486,-0.7204,-0.6947,-0.6728,-0.6543,-0.6387,-0.6255,-0.6141,-0.6043,-0.5956,-0.5879,-0.5811,-0.5751,-0.5697,-0.5649,-0.8214,-0.8349,-0.8485,-0.8646,-0.8887,-0.9284,-0.9871,-1.0444,-1.0455,-0.9633,-0.8479,-0.752,-0.6898,-0.6585,-0.6548,-0.678,-0.7284,-0.7979,-0.8569,-0.8676,-0.8323,-0.7831,-0.7392,-0.7042,-0.677,-0.6554,-0.6379,-0.6234,-0.6113,-0.6008,-0.5918,-0.5838,-0.5767,-0.5705,-0.565,-0.5602,-0.8456,-0.8623,-0.8772,-0.8926,-0.9172,-0.9694,-1.0739,-1.2196,-1.2634,-1.0971,-0.887,-0.7439,-0.6632,-0.6254,-0.6225,-0.6566,-0.7354,-0.8598,-0.9778,-0.9841,-0.9003,-0.815,-0.753,-0.7094,-0.6778,-0.6538,-0.635,-0.6198,-0.6071,-0.5964,-0.587,-0.5788,-0.5716,-0.5652,-0.5596,-0.5547,-0.8756,-0.8985,-0.9161,-0.927,-0.9399,-0.9828,-1.1103,-1.3618,-1.4836,-1.1831,-0.8736,-0.7028,-0.6151,-0.573,-0.5674,-0.607,-0.7087,-0.8872,-1.0774,-1.0727,-0.936,-0.8254,-0.7546,-0.7074,-0.674,-0.649,-0.6297,-0.6143,-0.6016,-0.5908,-0.5813,-0.573,-0.5656,-0.559,-0.5533,-0.5484,-0.9133,-0.9494,-0.9772,-0.9849,-0.9711,-0.9647,-1.0248,-1.1935,-1.2651,-1.004,-0.7553,-0.6213,-0.5465,-0.4994,-0.4793,-0.5124,-0.6226,-0.7999,-0.9716,-0.9855,-0.8901,-0.8033,-0.7418,-0.6977,-0.6652,-0.6409,-0.6221,-0.6072,-0.5949,-0.5842,-0.5748,-0.5663,-0.5587,-0.552,-0.5462,-0.5412,-0.9575,-1.0196,-1.079,-1.1026,-1.054,-0.9597,-0.8895,-0.8558,-0.7866,-0.662,-0.5747,-0.521,-0.4704,-0.4096,-0.3406,-0.3452,-0.4903,-0.6732,-0.804,-0.8447,-0.8178,-0.7693,-0.722,-0.6828,-0.6525,-0.6297,-0.6125,-0.5988,-0.5872,-0.5769,-0.5674,-0.5587,-0.5508,-0.5438,-0.5379,-0.5329,-0.9999,-1.1011,-1.23,-1.3304,-1.2538,-1.018,-0.8115,-0.6328,-0.4178,-0.3186,-0.3977,-0.4345,-0.4059,-0.3289,-0.1461,-0.0567,-0.368,-0.639,-0.7798,-0.8175,-0.7957,-0.7506,-0.7039,-0.6652,-0.6366,-0.6164,-0.6017,-0.5898,-0.5792,-0.5691,-0.5593,-0.5502,-0.5417,-0.5343,-0.5281,-0.5232,-1.0223,-1.1565,-1.3664,-1.6147,-1.5437,-1.0997,-0.7971,-0.5688,-0.1235,0.0839,-0.278,-0.387,-0.3593,-0.293,-0.1521,-0.05,-0.4417,-0.7922,-0.9433,-0.9168,-0.8308,-0.749,-0.6868,-0.6444,-0.6182,-0.6024,-0.5913,-0.5815,-0.5716,-0.5612,-0.5507,-0.5406,-0.5312,-0.5231,-0.5166,-0.5118,-1.0078,-1.1363,-1.3351,-1.5646,-1.4793,-1.0495,-0.818,-0.74,-0.4207,-0.166,-0.3448,-0.3874,-0.3187,-0.2026,-0.25,-0.4028,-0.7539,-1.2725,-1.3972,-1.1255,-0.8874,-0.7422,-0.6602,-0.6179,-0.5993,-0.5914,-0.5846,-0.5758,-0.5653,-0.5537,-0.5415,-0.5294,-0.5184,-0.5093,-0.5024,-0.4979,-0.959,-1.0468,-1.1538,-1.224,-1.1287,-0.9228,-0.8371,-0.8958,-0.7784,-0.5341,-0.4531,-0.4134,-0.3453,-0.1606,-0.2335,-0.5416,-1.0333,-2.0469,-2.063,-1.2896,-0.8822,-0.6921,-0.6105,-0.5854,-0.5875,-0.5919,-0.5855,-0.5738,-0.5607,-0.5463,-0.531,-0.5159,-0.5023,-0.4917,-0.4846,-0.4808,-0.8955,-0.942,-0.981,-0.9825,-0.9213,-0.8376,-0.8083,-0.8378,-0.7697,-0.5933,-0.4912,-0.4284,-0.4074,-0.3976,-0.437,-0.7193,-1.0972,-1.6024,-1.6376,-1.0862,-0.7186,-0.5589,-0.5248,-0.5474,-0.5874,-0.6047,-0.5904,-0.573,-0.5568,-0.5386,-0.5184,-0.498,-0.4806,-0.4681,-0.4612,-0.4593,-0.8348,-0.8551,-0.864,-0.851,-0.8145,-0.7725,-0.7462,-0.7247,-0.659,-0.5606,-0.5006,-0.4852,-0.453,-0.4046,-0.551,-1.0233,-1.4817,-1.1558,-0.9705,-0.6637,-0.3736,-0.3081,-0.3915,-0.4888,-0.5634,-0.5911,-0.5832,-0.5705,-0.5539,-0.5303,-0.5017,-0.4727,-0.4492,-0.4348,-0.4299,-0.432,-0.7837,-0.7902,-0.7878,-0.7732,-0.7476,-0.7177,-0.6875,-0.6502,-0.593,-0.5186,-0.4394,-0.5582,-0.5492,-0.5274,-0.6235,-0.9592,-1.2614,-0.9076,-0.6052,-0.2876,0.1154,0.0375,-0.2424,-0.4182,-0.5176,-0.5639,-0.5791,-0.5765,-0.5569,-0.5222,-0.4781,-0.4339,-0.4011,-0.3862,-0.3873,-0.3977,-0.7429,-0.7426,-0.7358,-0.7217,-0.7009,-0.6757,-0.6468,-0.6116,-0.5676,-0.5143,-0.4577,-0.529,-0.657,-0.7077,-0.637,-0.69,-0.6958,-0.4864,-0.2686,-0.1236,0.1921,0.0963,-0.1973,-0.3895,-0.5122,-0.5877,-0.6199,-0.6119,-0.5742,-0.5157,-0.4431,-0.3713,-0.3246,-0.3147,-0.3309,-0.3567,-0.7106,-0.7068,-0.6985,-0.6852,-0.6674,-0.646,-0.6213,-0.5937,-0.5643,-0.5383,-0.5309,-0.5717,-0.6827,-0.7065,-0.5924,-0.5417,-0.4428,-0.1274,0.132,-0.0433,-0.0599,-0.1087,-0.2547,-0.4149,-0.5682,-0.6943,-0.7357,-0.6894,-0.6095,-0.5115,-0.3925,-0.2724,-0.2063,-0.2162,-0.2636,-0.3136,-0.6849,-0.6795,-0.6707,-0.6585,-0.6431,-0.6252,-0.6053,-0.5847,-0.5657,-0.5525,-0.5523,-0.5707,-0.5974,-0.5826,-0.5139,-0.4889,-0.3788,-0.1029,0.0773,0.0207,-0.08,-0.1771,-0.2934,-0.4493,-0.6525,-0.8694,-0.9157,-0.7863,-0.6519,-0.5115,-0.3376,-0.1489,-0.0619,-0.1129,-0.2039,-0.2795,-0.6641,-0.658,-0.6494,-0.6383,-0.625,-0.61,-0.5941,-0.5784,-0.5646,-0.5552,-0.5521,-0.5541,-0.5522,-0.5311,-0.4962,-0.4719,-0.362,-0.1563,0.0873,0.1686,-0.0323,-0.1605,-0.2726,-0.4377,-0.6699,-0.911,-0.9586,-0.8283,-0.681,-0.5205,-0.3241,-0.1001,-0.0028,-0.0762,-0.1849,-0.2687,-0.6472,-0.6408,-0.6326,-0.6226,-0.611,-0.5983,-0.5851,-0.5722,-0.5607,-0.5515,-0.5446,-0.5379,-0.5266,-0.5056,-0.4758,-0.4313,-0.3399,-0.1921,-0.0218,0.0319,-0.0481,-0.0894,-0.1551,-0.3404,-0.6003,-0.8314,-0.9677,-0.8863,-0.6893,-0.5262,-0.3706,-0.2008,-0.1126,-0.1462,-0.2203,-0.2855,-0.6331,-0.6268,-0.6191,-0.6099,-0.5996,-0.5885,-0.5771,-0.5658,-0.5551,-0.5452,-0.5355,-0.5244,-0.5091,-0.4869,-0.4553,-0.4086,-0.337,-0.2417,-0.1473,-0.089,-0.0276,0.1158,0.1398,-0.143,-0.4972,-0.8158,-1.0717,-0.9091,-0.6003,-0.4784,-0.4083,-0.3204,-0.2574,-0.2521,-0.2819,-0.3192,-0.6214,-0.6152,-0.6078,-0.5994,-0.5901,-0.5801,-0.5698,-0.5593,-0.5488,-0.5382,-0.5269,-0.5135,-0.4963,-0.4734,-0.4425,-0.4004,-0.3446,-0.2773,-0.2058,-0.1248,0.0211,0.2911,0.3711,0.0104,-0.3802,-0.6574,-0.7821,-0.6156,-0.3623,-0.3742,-0.4024,-0.3788,-0.3452,-0.331,-0.3375,-0.3547,-0.6113,-0.6053,-0.5984,-0.5905,-0.5819,-0.5727,-0.5631,-0.5531,-0.5427,-0.5316,-0.5194,-0.505,-0.4873,-0.4649,-0.4363,-0.3998,-0.3548,-0.3017,-0.2397,-0.1581,-0.0293,0.1385,0.1655,-0.0556,-0.3238,-0.5084,-0.5639,-0.4605,-0.3285,-0.3517,-0.3961,-0.4006,-0.3877,-0.3777,-0.377,-0.384]},{"header":{"la1":42.85,"la2":41.18,"lo1":11.55,"lo2":14.05,"nx":36,"ny":24,"dx":0.07143,"dy":0.07261,"parameterCategory":2,"parameterNumber":3,"parameterNumberName":"northward_wind","parameterUnit":"m.s-1"},"data":[-0.7467,-0.7455,-0.7432,-0.7397,-0.735,-0.7293,-0.7233,-0.7174,-0.7119,-0.7065,-0.7004,-0.6924,-0.6817,-0.6677,-0.6508,-0.6316,-0.6114,-0.5923,-0.5761,-0.5645,-0.5579,-0.5558,-0.5569,-0.5601,-0.5644,-0.5694,-0.5746,-0.58,-0.5855,-0.591,-0.5965,-0.6019,-0.6072,-0.6124,-0.6174,-0.6222,-0.7533,-0.7523,-0.7497,-0.7454,-0.7393,-0.7318,-0.7238,-0.7167,-0.7115,-0.7077,-0.7037,-0.6973,-0.6866,-0.6711,-0.6507,-0.6262,-0.5997,-0.5741,-0.5531,-0.5396,-0.534,-0.5348,-0.5395,-0.5461,-0.5533,-0.5605,-0.5676,-0.5745,-0.5812,-0.5878,-0.5942,-0.6005,-0.6066,-0.6125,-0.6181,-0.6234,-0.7605,-0.7596,-0.7569,-0.7516,-0.7433,-0.7322,-0.7201,-0.71,-0.705,-0.7049,-0.7058,-0.7031,-0.6938,-0.6768,-0.6521,-0.6204,-0.584,-0.5477,-0.5187,-0.503,-0.5008,-0.5078,-0.5189,-0.5306,-0.5416,-0.5516,-0.5608,-0.5693,-0.5773,-0.585,-0.5925,-0.5997,-0.6066,-0.6132,-0.6195,-0.6254,-0.7681,-0.7678,-0.765,-0.7587,-0.7473,-0.73,-0.709,-0.691,-0.6853,-0.6933,-0.7054,-0.7106,-0.7046,-0.6867,-0.657,-0.6154,-0.5635,-0.5082,-0.4646,-0.4468,-0.4541,-0.4739,-0.4955,-0.5145,-0.5302,-0.5433,-0.5546,-0.5647,-0.5741,-0.583,-0.5915,-0.5996,-0.6075,-0.6149,-0.6219,-0.6284,-0.7761,-0.7767,-0.7746,-0.7678,-0.7531,-0.7263,-0.6869,-0.6474,-0.6368,-0.6648,-0.7016,-0.7216,-0.721,-0.7031,-0.6687,-0.6152,-0.5399,-0.4497,-0.376,-0.3583,-0.39,-0.4346,-0.472,-0.4997,-0.5202,-0.5363,-0.5496,-0.5613,-0.572,-0.582,-0.5915,-0.6006,-0.6094,-0.6177,-0.6254,-0.6325,-0.7839,-0.7858,-0.7854,-0.7803,-0.7646,-0.728,-0.658,-0.5655,-0.5341,-0.6129,-0.7001,-0.7411,-0.7462,-0.7291,-0.6922,-0.6284,-0.5245,-0.3761,-0.2403,-0.2305,-0.3163,-0.3988,-0.4537,-0.489,-0.5132,-0.5314,-0.5464,-0.5593,-0.5711,-0.5822,-0.5928,-0.6029,-0.6127,-0.6219,-0.6304,-0.6382,-0.7905,-0.7936,-0.7959,-0.7956,-0.7863,-0.7508,-0.6581,-0.4909,-0.4139,-0.5811,-0.7263,-0.778,-0.7826,-0.7673,-0.7345,-0.6693,-0.5466,-0.3434,-0.1297,-0.1342,-0.2783,-0.3861,-0.4478,-0.4848,-0.5101,-0.5294,-0.5454,-0.5594,-0.5721,-0.584,-0.5956,-0.6068,-0.6176,-0.6278,-0.6372,-0.6456,-0.7945,-0.7971,-0.8006,-0.8073,-0.8147,-0.8061,-0.747,-0.616,-0.5582,-0.7064,-0.8152,-0.8373,-0.8285,-0.8182,-0.8037,-0.7533,-0.6334,-0.4414,-0.2496,-0.2318,-0.3292,-0.4077,-0.4555,-0.4871,-0.511,-0.5307,-0.5474,-0.562,-0.5752,-0.5878,-0.6003,-0.6126,-0.6246,-0.636,-0.6464,-0.6555,-0.795,-0.7928,-0.7901,-0.7972,-0.8283,-0.8733,-0.8988,-0.899,-0.9235,-0.9701,-0.9576,-0.9084,-0.8738,-0.8771,-0.9152,-0.9035,-0.7681,-0.5928,-0.4555,-0.4031,-0.4147,-0.4419,-0.4679,-0.4923,-0.5154,-0.5361,-0.5536,-0.5681,-0.5811,-0.5939,-0.6071,-0.6207,-0.6342,-0.647,-0.6585,-0.6683,-0.7931,-0.7807,-0.7554,-0.7346,-0.7836,-0.9142,-1.0407,-1.1484,-1.2744,-1.2979,-1.1237,-0.9679,-0.9008,-0.9214,-1.0794,-1.1658,-0.8945,-0.6727,-0.5467,-0.4831,-0.4594,-0.4592,-0.4734,-0.4969,-0.5241,-0.5486,-0.5667,-0.5796,-0.5906,-0.6026,-0.6164,-0.6316,-0.6472,-0.6618,-0.6745,-0.685,-0.7933,-0.7715,-0.7158,-0.6274,-0.6686,-0.9348,-1.1709,-1.3311,-1.574,-1.6993,-1.2502,-0.9836,-0.8987,-0.911,-1.0534,-1.1691,-0.8572,-0.6421,-0.5379,-0.4835,-0.4552,-0.4497,-0.4665,-0.5014,-0.5432,-0.5763,-0.5928,-0.5987,-0.604,-0.6138,-0.6284,-0.6461,-0.6646,-0.6817,-0.696,-0.7068,-0.8005,-0.7826,-0.7328,-0.6527,-0.7119,-1.0292,-1.3337,-1.5008,-1.5181,-1.5087,-1.1631,-0.9381,-0.8848,-0.9296,-0.8978,-0.816,-0.6597,-0.5347,-0.4851,-0.4449,-0.4155,-0.4129,-0.4451,-0.5101,-0.5876,-0.6372,-0.6416,-0.6274,-0.6202,-0.6264,-0.6431,-0.6653,-0.6884,-0.709,-0.7249,-0.7356,-0.8131,-0.8117,-0.8033,-0.8096,-0.9124,-1.1539,-1.4506,-1.6852,-1.5445,-1.2487,-0.9977,-0.8827,-0.8572,-0.9467,-0.8768,-0.6309,-0.4611,-0.4784,-0.4755,-0.3906,-0.3415,-0.3412,-0.4017,-0.5242,-0.6784,-0.7576,-0.7188,-0.6602,-0.634,-0.6383,-0.661,-0.6916,-0.7222,-0.7473,-0.7646,-0.7738,-0.824,-0.8374,-0.8583,-0.9036,-1.0018,-1.1656,-1.3713,-1.5451,-1.43,-1.0794,-0.8568,-0.8748,-0.8888,-0.6934,-0.6173,-0.2998,-0.0477,-0.2769,-0.3576,-0.2756,-0.1998,-0.2022,-0.3111,-0.5109,-0.7705,-0.8902,-0.7801,-0.6719,-0.6352,-0.6471,-0.6843,-0.7301,-0.7721,-0.8029,-0.8198,-0.8246,-0.8272,-0.8468,-0.8756,-0.9214,-0.9918,-1.0854,-1.1806,-1.2153,-1.0875,-0.8408,-0.6616,-0.6138,-0.5574,-0.3267,-0.3898,0.3186,1.1233,0.2292,-0.1208,-0.075,0.1012,0.0812,-0.1399,-0.4055,-0.6724,-0.7973,-0.7138,-0.6286,-0.615,-0.6534,-0.719,-0.7903,-0.8494,-0.8854,-0.8976,-0.8919,-0.8216,-0.8405,-0.8655,-0.8986,-0.9392,-0.9798,-1.0002,-0.9644,-0.8383,-0.6379,-0.4452,-0.3556,-0.3991,-0.4002,-0.2918,0.2487,0.7724,0.1815,-0.0952,0.1249,0.6973,0.553,0.0635,-0.2536,-0.449,-0.5392,-0.5366,-0.5314,-0.5749,-0.663,-0.7766,-0.8896,-0.9729,-1.01,-1.0062,-0.9787,-0.8092,-0.824,-0.8413,-0.8604,-0.8779,-0.8863,-0.8719,-0.8178,-0.714,-0.5713,-0.4439,-0.4051,-0.3279,-0.286,-0.3108,-0.1716,-0.0876,-0.2697,-0.3745,-0.0036,0.7648,0.5968,0.0892,-0.1747,-0.2807,-0.306,-0.3251,-0.3961,-0.5205,-0.6835,-0.8728,-1.055,-1.1723,-1.1955,-1.152,-1.084,-0.7929,-0.8026,-0.8122,-0.8201,-0.8228,-0.8148,-0.7885,-0.7376,-0.6615,-0.5725,-0.4951,-0.4303,-0.3208,-0.2926,-0.3731,-0.38,-0.4075,-0.6583,-0.9185,-0.4714,-0.0248,0.0593,-0.085,-0.1787,-0.1499,-0.0359,-0.0274,-0.2124,-0.4584,-0.7201,-1.0181,-1.3152,-1.4782,-1.4501,-1.3262,-1.1955,-0.7749,-0.78,-0.7835,-0.7837,-0.778,-0.763,-0.735,-0.6922,-0.6366,-0.5754,-0.5172,-0.4629,-0.4141,-0.4087,-0.4601,-0.4802,-0.4981,-0.6765,-0.8138,-0.6188,-0.4117,-0.282,-0.2552,-0.215,-0.0335,0.348,0.427,-0.0249,-0.4258,-0.7696,-1.1785,-1.6325,-1.8452,-1.7147,-1.4808,-1.2841,-0.7571,-0.7585,-0.7576,-0.7531,-0.7432,-0.726,-0.6999,-0.6648,-0.6225,-0.5771,-0.5331,-0.4938,-0.4653,-0.4585,-0.4744,-0.4848,-0.5121,-0.5924,-0.6639,-0.6804,-0.5431,-0.4359,-0.3774,-0.2926,-0.0769,0.3849,0.4886,-0.1258,-0.5034,-0.8194,-1.2377,-1.7576,-1.9931,-1.8086,-1.5307,-1.3128,-0.7404,-0.739,-0.7353,-0.7282,-0.7165,-0.6994,-0.6762,-0.6473,-0.6141,-0.5792,-0.5456,-0.5161,-0.4946,-0.4843,-0.4851,-0.4943,-0.5188,-0.5635,-0.6135,-0.6203,-0.5618,-0.5219,-0.4915,-0.4228,-0.321,-0.293,-0.5541,-0.6017,-0.6853,-0.8718,-1.1511,-1.5209,-1.724,-1.6346,-1.442,-1.2699,-0.7253,-0.7221,-0.7166,-0.7082,-0.6962,-0.6801,-0.6598,-0.6358,-0.6092,-0.5817,-0.5554,-0.5324,-0.515,-0.5047,-0.5024,-0.5083,-0.5236,-0.5465,-0.5679,-0.5746,-0.5783,-0.6131,-0.6212,-0.5534,-0.5173,-0.6352,-0.8669,-0.817,-0.8838,-0.966,-1.0637,-1.237,-1.3698,-1.3704,-1.2858,-1.183,-0.712,-0.7076,-0.7012,-0.6924,-0.6807,-0.666,-0.6483,-0.6282,-0.6065,-0.5844,-0.5634,-0.545,-0.5306,-0.5214,-0.518,-0.5207,-0.5291,-0.5416,-0.5549,-0.5698,-0.6023,-0.6699,-0.6903,-0.6223,-0.6024,-0.6776,-0.7884,-0.9237,-1.1406,-1.1072,-1.0496,-1.0877,-1.1498,-1.1698,-1.1418,-1.0894,-0.7005,-0.6954,-0.6886,-0.6798,-0.6688,-0.6555,-0.6402,-0.6232,-0.6053,-0.5872,-0.5702,-0.5551,-0.5431,-0.535,-0.5311,-0.5317,-0.5363,-0.5443,-0.5554,-0.5721,-0.6016,-0.6416,-0.6528,-0.63,-0.636,-0.6964,-0.8054,-0.9897,-1.1733,-1.1293,-1.0391,-1.0182,-1.034,-1.045,-1.0356,-1.0093]}]