docs/data/wind_grid.json
[{"header":{"la1":42.85,"la2":41.18,"lo1":11.55,"lo2":14.05,"nx":36,"ny":24,"dx":0.07143,"dy":0.07261,"parameterCategory":2,"parameterNumber":2,"parameterNumberName":"eastward_wind","parameterUnit":"m.s-1"},"data":[1.6297,1.6264,1.622,1.6163,1.6093,1.6004,1.5893,1.5751,1.5569,1.5333,1.5026,1.4636,1.4148,1.3559,1.2874,1.2121,1.1353,1.0653,1.011,0.9794,0.9719,0.9848,1.0113,1.0444,1.0789,1.1115,1.1407,1.166,1.1875,1.2056,1.2208,1.2336,1.2444,1.2537,1.2618,1.2689,1.6397,1.637,1.6332,1.6282,1.6218,1.6136,1.6034,1.5903,1.573,1.5496,1.5177,1.4749,1.4189,1.3482,1.2619,1.1625,1.0569,0.9586,0.8842,0.8469,0.8487,0.8806,0.9289,0.982,1.0326,1.0773,1.115,1.1462,1.1717,1.1924,1.2093,1.2233,1.2349,1.2447,1.2532,1.2606,1.6501,1.648,1.6449,1.6405,1.6346,1.6271,1.6179,1.6063,1.5909,1.569,1.5371,1.4915,1.4287,1.3448,1.2365,1.1034,0.9531,0.807,0.6983,0.6547,0.6781,0.7462,0.831,0.9137,0.9856,1.0445,1.0915,1.1286,1.1577,1.1807,1.199,1.2137,1.2258,1.2359,1.2446,1.2522,1.6609,1.6596,1.6571,1.6531,1.6475,1.6401,1.6312,1.6211,1.6088,1.5904,1.5606,1.5143,1.4463,1.3497,1.2162,1.0382,0.8183,0.5878,0.4151,0.3664,0.4405,0.5777,0.7215,0.8451,0.9425,1.0167,1.0726,1.1146,1.1465,1.1709,1.1899,1.2049,1.2171,1.2272,1.2358,1.2435,1.672,1.6716,1.6698,1.6662,1.6604,1.6519,1.6414,1.631,1.6222,1.6105,1.5866,1.543,1.4734,1.3682,1.2112,0.9804,0.659,0.2778,-0.0224,-0.0677,0.1225,0.3853,0.6151,0.7876,0.9109,0.9982,1.0605,1.1055,1.1386,1.1633,1.1821,1.1968,1.2085,1.2183,1.2268,1.2344,1.6835,1.6841,1.6833,1.6804,1.6741,1.6633,1.6473,1.6302,1.6229,1.624,1.6122,1.5765,1.5115,1.4058,1.2362,0.9614,0.5232,-0.0907,-0.6323,-0.6487,-0.2287,0.2189,0.5439,0.7586,0.8992,0.993,1.0571,1.102,1.1341,1.1576,1.1753,1.1889,1.1999,1.209,1.2171,1.2245,1.6953,1.6973,1.698,1.6963,1.6907,1.6782,1.6553,1.6234,1.6108,1.6318,1.6385,1.615,1.5611,1.4663,1.3046,1.0238,0.5294,-0.2703,-1.0789,-1.0522,-0.3961,0.1828,0.551,0.7745,0.9135,1.003,1.0627,1.1036,1.1325,1.1533,1.1689,1.1808,1.1905,1.1988,1.2063,1.2134,1.7072,1.711,1.7138,1.7147,1.712,1.7025,1.6819,1.6502,1.6372,1.662,1.6748,1.661,1.6218,1.548,1.4155,1.1797,0.7633,0.0892,-0.6095,-0.632,-0.1167,0.352,0.6533,0.8372,0.9518,1.0258,1.075,1.1087,1.1323,1.1492,1.1618,1.1716,1.1797,1.187,1.1939,1.2008,1.7188,1.7247,1.7304,1.7352,1.7379,1.7365,1.7291,1.718,1.7156,1.723,1.7234,1.7132,1.6907,1.6441,1.5504,1.3802,1.1032,0.7149,0.3427,0.2483,0.4222,0.6427,0.8118,0.9265,1.003,1.0545,1.0897,1.1141,1.1313,1.1436,1.1528,1.1602,1.1666,1.1728,1.1792,1.1861,1.7298,1.7379,1.7466,1.7559,1.7655,1.7743,1.7797,1.7803,1.78,1.7777,1.7683,1.7631,1.7623,1.7485,1.6908,1.5647,1.3754,1.1559,0.9616,0.8562,0.8524,0.9021,0.961,1.0116,1.0509,1.0802,1.1013,1.1164,1.127,1.1346,1.1403,1.1452,1.15,1.1552,1.1613,1.1685,1.7395,1.7494,1.761,1.7748,1.7914,1.8112,1.8303,1.8321,1.8088,1.8014,1.7946,1.801,1.8294,1.8599,1.8375,1.7125,1.5298,1.3551,1.2274,1.1396,1.0847,1.0607,1.0586,1.0681,1.0815,1.0943,1.1045,1.1118,1.1166,1.12,1.1226,1.1252,1.1285,1.1331,1.1394,1.1473,1.7474,1.7587,1.7722,1.789,1.8111,1.8422,1.8883,1.9246,1.8499,1.811,1.805,1.8184,1.8724,1.9251,2.0253,1.8257,1.5762,1.3526,1.2632,1.2268,1.1696,1.1184,1.0905,1.0831,1.0861,1.0913,1.0952,1.0972,1.0978,1.0978,1.0979,1.0986,1.1008,1.1052,1.1122,1.1216,1.7532,1.765,1.7792,1.7967,1.8196,1.8526,1.9089,2.0845,1.8512,1.8211,1.8025,1.7933,1.8471,2.091,2.2475,1.8575,1.5625,1.2003,1.1721,1.2226,1.1525,1.0793,1.0494,1.0509,1.0613,1.0687,1.071,1.0702,1.0682,1.0661,1.0644,1.0637,1.0651,1.0698,1.0784,1.0905,1.757,1.7686,1.7821,1.798,1.8171,1.8392,1.8558,1.8114,1.806,1.8143,1.7965,1.7474,1.7333,1.7349,1.8877,1.7851,1.6174,1.3541,1.2542,1.1841,1.0071,0.9032,0.917,0.9704,1.0102,1.0274,1.0303,1.028,1.0254,1.023,1.0204,1.0185,1.0193,1.0249,1.0363,1.0529,1.759,1.7699,1.782,1.7953,1.8095,1.8225,1.8289,1.8232,1.8188,1.8196,1.8145,1.788,1.7593,1.7144,1.7778,1.7374,1.6944,1.5743,1.3621,1.0075,0.5498,0.4649,0.6757,0.8575,0.945,0.9698,0.9693,0.9661,0.9664,0.9671,0.965,0.9611,0.9605,0.9677,0.9841,1.0078,1.7596,1.7696,1.7802,1.7913,1.802,1.8111,1.8168,1.8191,1.8231,1.8379,1.875,1.8028,1.7897,1.7763,1.7877,1.7587,1.7165,1.6651,1.4257,0.6928,-0.4704,-0.2841,0.4178,0.7723,0.8855,0.8915,0.8754,0.8749,0.888,0.8988,0.8982,0.8894,0.8848,0.8945,0.9198,0.9551,1.7593,1.7684,1.7779,1.7873,1.7963,1.8042,1.8106,1.8165,1.825,1.8422,1.8697,1.8332,1.8083,1.8107,1.8497,1.8636,1.8548,1.8821,1.7745,0.9372,-0.5713,-0.3197,0.468,0.796,0.8353,0.7632,0.7158,0.738,0.7889,0.8229,0.8232,0.8013,0.7871,0.8021,0.8434,0.8969,1.7584,1.7668,1.7754,1.784,1.7922,1.7999,1.8072,1.8147,1.8238,1.8345,1.8416,1.8376,1.8277,1.848,2.0079,2.093,2.0635,2.2446,2.4975,1.8226,0.9524,0.7084,0.8685,0.9135,0.7552,0.5145,0.4312,0.5435,0.68,0.7525,0.7486,0.6975,0.6658,0.6933,0.7616,0.84,1.757,1.7649,1.773,1.781,1.789,1.7969,1.8048,1.8133,1.8228,1.833,1.8437,1.8584,1.8915,2.0066,2.3593,2.4948,2.2268,2.3033,2.4533,2.2845,1.8278,1.4522,1.2673,1.0498,0.6446,0.128,0.0192,0.3483,0.6016,0.709,0.6915,0.597,0.545,0.5945,0.6953,0.7983,1.7553,1.7628,1.7705,1.7783,1.7863,1.7944,1.8029,1.8123,1.8229,1.8356,1.8527,1.881,1.9388,2.0737,2.3316,2.414,2.2453,2.2871,2.5871,2.7249,2.2176,1.8525,1.5978,1.2477,0.7078,0.0785,-0.0446,0.3771,0.6137,0.7099,0.6793,0.5623,0.5019,0.5623,0.6761,0.7876,1.7533,1.7605,1.768,1.7756,1.7835,1.7919,1.8009,1.811,1.8229,1.8379,1.8587,1.8911,1.9458,2.0356,2.1441,2.1883,2.1761,2.2436,2.427,2.4782,2.2816,2.173,2.027,1.6087,1.0292,0.6118,0.5919,0.63,0.698,0.7525,0.7257,0.6348,0.5839,0.6259,0.7177,0.8143,1.751,1.7579,1.7652,1.7727,1.7806,1.7891,1.7983,1.8089,1.8215,1.8373,1.8584,1.8883,1.9306,1.9855,2.0408,2.0774,2.105,2.1595,2.2396,2.2952,2.3969,2.7005,2.7546,2.1445,1.3837,0.8678,0.6975,0.7199,0.7798,0.8192,0.8061,0.7552,0.7221,0.7413,0.799,0.8689,1.7484,1.7551,1.7621,1.7694,1.7772,1.7857,1.795,1.8056,1.8181,1.8334,1.8529,1.878,1.9096,1.946,1.9821,2.014,2.0467,2.0919,2.1571,2.2673,2.5414,3.0826,3.2394,2.5151,1.6793,1.1155,0.8667,0.8414,0.8789,0.9025,0.8958,0.8694,0.8502,0.8576,0.8899,0.9356,1.7454,1.7519,1.7587,1.7658,1.7734,1.7816,1.7906,1.8009,1.8128,1.8269,1.844,1.8645,1.8885,1.9149,1.942,1.9692,2.0001,2.0417,2.1066,2.2266,2.463,2.7924,2.8452,2.3943,1.8073,1.3617,1.1157,1.0243,1.0044,0.9986,0.9863,0.9683,0.9555,0.957,0.9743,1.0026]},{"header":{"la1":42.85,"la2":41.18,"lo1":11.55,"lo2":14.05,"nx":36,"ny":24,"dx":0.07143,"dy":0.07261,"parameterCategory":2,"parameterNumber":3,"parameterNumberName":"northward_wind","parameterUnit":"m.s-1"},"data":[0.3781,0.406,0.4367,0.469,0.5012,0.5298,0.5502,0.5576,0.5487,0.5238,0.4869,0.444,0.401,0.3617,0.3284,0.3014,0.2802,0.2634,0.249,0.2354,0.2214,0.207,0.1924,0.1783,0.1653,0.1537,0.1437,0.1351,0.1278,0.1217,0.1167,0.1125,0.109,0.1061,0.1036,0.1016,0.3909,0.4248,0.4637,0.5072,0.5533,0.5978,0.633,0.6496,0.6402,0.6045,0.5501,0.4886,0.4298,0.3792,0.3389,0.3087,0.2871,0.2716,0.2589,0.2458,0.2307,0.2138,0.1962,0.1795,0.1643,0.1513,0.1403,0.1312,0.1237,0.1177,0.1128,0.1088,0.1056,0.103,0.1008,0.0991,0.4008,0.4409,0.4893,0.5469,0.6129,0.6828,0.7451,0.7812,0.7732,0.7183,0.6333,0.5416,0.4599,0.3948,0.3467,0.314,0.2942,0.283,0.2746,0.263,0.2456,0.224,0.2014,0.1806,0.1626,0.1478,0.1359,0.1264,0.1189,0.113,0.1084,0.1048,0.102,0.0998,0.098,0.0966,0.406,0.4519,0.5099,0.5837,0.676,0.7855,0.8978,0.9769,0.9767,0.8847,0.7422,0.6012,0.4877,0.4054,0.3499,0.3165,0.3019,0.3006,0.3018,0.2929,0.2697,0.2386,0.2076,0.1808,0.1593,0.1427,0.1301,0.1205,0.1132,0.1077,0.1036,0.1005,0.0982,0.0965,0.0952,0.0942,0.4049,0.4546,0.5202,0.6092,0.7315,0.8964,1.0974,1.2739,1.3018,1.13,0.8756,0.6575,0.5055,0.4071,0.3463,0.3147,0.3102,0.3287,0.3505,0.345,0.3067,0.2568,0.2124,0.1782,0.1532,0.1353,0.1225,0.1133,0.1066,0.1018,0.0984,0.0961,0.0944,0.0933,0.0926,0.092,0.3959,0.4461,0.5145,0.612,0.7575,0.9807,1.3109,1.688,1.8008,1.4525,0.9984,0.6846,0.5014,0.3958,0.3347,0.3064,0.3147,0.3657,0.4282,0.4244,0.3516,0.2711,0.2104,0.1696,0.1427,0.1249,0.1129,0.1048,0.0992,0.0955,0.093,0.0916,0.0907,0.0904,0.0902,0.0902,0.3787,0.4252,0.4891,0.5821,0.7271,0.9701,1.3904,2.0026,2.2603,1.65,0.9992,0.6428,0.466,0.372,0.3166,0.2889,0.3017,0.3801,0.491,0.4851,0.3692,0.2622,0.193,0.1515,0.1266,0.1112,0.1014,0.0952,0.0912,0.0888,0.0876,0.0872,0.0874,0.0879,0.0885,0.089,0.3545,0.3936,0.4459,0.5198,0.6322,0.8185,1.1431,1.6265,1.8102,1.276,0.7687,0.5195,0.4066,0.3455,0.2999,0.2641,0.2575,0.3129,0.4082,0.4049,0.303,0.2111,0.1546,0.1229,0.1051,0.0948,0.0886,0.0849,0.083,0.0823,0.0825,0.0834,0.0847,0.0861,0.0875,0.0887,0.3258,0.3555,0.3926,0.4401,0.5031,0.5895,0.7045,0.8104,0.7621,0.5538,0.4142,0.3678,0.3551,0.3396,0.3018,0.2438,0.1914,0.1792,0.2045,0.2051,0.1651,0.1248,0.1001,0.0874,0.081,0.0776,0.0757,0.0749,0.0751,0.0761,0.078,0.0804,0.083,0.0856,0.0878,0.0896,0.2955,0.3163,0.3396,0.3644,0.3875,0.4002,0.3783,0.2662,0.0251,-0.0804,0.0968,0.2601,0.3541,0.3894,0.3509,0.2456,0.1172,0.02,-0.0144,-0.0051,0.0136,0.03,0.0432,0.0527,0.0588,0.0622,0.0642,0.0659,0.068,0.0709,0.0745,0.0786,0.0828,0.0866,0.0898,0.0922,0.2661,0.2801,0.2942,0.3066,0.3135,0.3066,0.2629,0.0965,-0.4212,-0.6663,-0.096,0.2431,0.4347,0.5423,0.4871,0.2816,0.0179,-0.2102,-0.2897,-0.2262,-0.1279,-0.0506,-0.0007,0.0284,0.0438,0.0515,0.0556,0.0586,0.0622,0.0668,0.0725,0.0787,0.0848,0.0902,0.0943,0.0971,0.2387,0.2483,0.2579,0.2673,0.2771,0.2912,0.3191,0.3156,-0.0688,-0.3478,0.0136,0.3088,0.5659,0.8431,0.7363,0.3306,-0.1534,-0.6575,-0.7518,-0.4803,-0.2399,-0.0945,-0.0156,0.0235,0.0407,0.0473,0.0502,0.053,0.0575,0.0641,0.0725,0.0815,0.0901,0.0973,0.1023,0.1052,0.2135,0.2202,0.2277,0.2377,0.2544,0.2902,0.3749,0.5828,0.3075,0.106,0.1752,0.3832,0.5553,0.9593,0.8473,0.2704,-0.3513,-1.31,-1.326,-0.6469,-0.2576,-0.0677,0.016,0.0456,0.0515,0.0494,0.0471,0.048,0.0533,0.0627,0.075,0.0883,0.1004,0.1096,0.1153,0.1176,0.1899,0.1941,0.1996,0.2083,0.2245,0.2559,0.3064,0.3238,0.2616,0.1345,0.1572,0.4472,0.5369,0.3121,0.3332,0.0202,-0.382,-0.9002,-0.9531,-0.4572,-0.0965,0.0704,0.109,0.0962,0.073,0.0538,0.0429,0.0412,0.0482,0.0625,0.0814,0.1012,0.1183,0.13,0.1356,0.1359,0.1674,0.169,0.1714,0.1757,0.1837,0.1966,0.2087,0.1952,0.115,-0.018,-0.0896,0.004,0.0546,-0.1775,0.0163,-0.296,-0.6107,-0.4646,-0.3602,-0.0572,0.2775,0.3594,0.2638,0.1628,0.0937,0.0521,0.0317,0.0287,0.0403,0.0634,0.0936,0.1243,0.1488,0.1627,0.1661,0.1618,0.146,0.1447,0.1432,0.1414,0.139,0.1333,0.1162,0.0691,-0.0354,-0.2306,-0.5303,-0.3927,-0.2578,-0.1468,-0.1386,-0.3172,-0.4984,-0.3162,-0.1043,0.2913,0.8602,0.7708,0.4197,0.208,0.0936,0.0324,0.006,0.006,0.0273,0.0659,0.1153,0.1643,0.1995,0.2139,0.2104,0.1964,0.1258,0.1218,0.1164,0.109,0.098,0.0798,0.0473,-0.0118,-0.115,-0.2865,-0.5039,-0.4079,-0.4013,-0.4277,-0.2598,-0.2509,-0.2525,-0.1705,-0.0384,0.3113,0.931,0.811,0.4175,0.1836,0.0539,-0.0156,-0.041,-0.0313,0.0068,0.0702,0.1521,0.232,0.282,0.2907,0.2704,0.2391,0.1074,0.1009,0.0924,0.0808,0.0646,0.0405,0.0041,-0.0508,-0.1294,-0.2272,-0.3066,-0.3311,-0.4249,-0.451,-0.3444,-0.3154,-0.2192,-0.1382,-0.1515,0.0889,0.3749,0.4068,0.2488,0.0918,-0.0223,-0.0916,-0.1098,-0.083,-0.0222,0.0752,0.2072,0.3375,0.4047,0.3932,0.3414,0.2843,0.0909,0.0826,0.072,0.0581,0.0395,0.0143,-0.02,-0.0653,-0.121,-0.1805,-0.2308,-0.2708,-0.3163,-0.3542,-0.476,-0.532,-0.2643,-0.0977,-0.0426,0.164,0.1924,0.1624,0.0804,-0.016,-0.102,-0.1661,-0.177,-0.1348,-0.0563,0.0743,0.266,0.4614,0.5419,0.4942,0.4024,0.319,0.0766,0.0672,0.0554,0.0405,0.0217,-0.0023,-0.0323,-0.0685,-0.1094,-0.1512,-0.1895,-0.2245,-0.2617,-0.3184,-0.4377,-0.4634,-0.2401,-0.0065,0.3169,0.4487,0.1889,0.0298,-0.0658,-0.1197,-0.1568,-0.1877,-0.193,-0.1681,-0.0922,0.0536,0.2773,0.5075,0.5935,0.5281,0.4202,0.3275,0.0645,0.0544,0.0423,0.0275,0.0095,-0.0123,-0.0379,-0.0671,-0.0986,-0.1304,-0.1607,-0.1897,-0.2201,-0.2575,-0.2956,-0.2767,-0.1631,0.0025,0.1979,0.247,0.0468,-0.1734,-0.2752,-0.2537,-0.2164,-0.2189,-0.2492,-0.2236,-0.1343,0.0097,0.2104,0.4085,0.4951,0.4601,0.3799,0.3037,0.0543,0.0442,0.0321,0.0179,0.0013,-0.018,-0.0398,-0.0637,-0.0888,-0.1139,-0.138,-0.1607,-0.1822,-0.201,-0.2083,-0.1856,-0.1255,-0.0451,0.0171,-0.0182,-0.2232,-0.5336,-0.6283,-0.4462,-0.2917,-0.2553,-0.2878,-0.256,-0.1605,-0.0339,0.1178,0.2598,0.3383,0.3418,0.3041,0.2572,0.046,0.036,0.0245,0.0112,-0.004,-0.0209,-0.0396,-0.0594,-0.0798,-0.1,-0.1191,-0.1365,-0.1512,-0.1608,-0.1608,-0.146,-0.118,-0.0907,-0.0942,-0.1792,-0.4112,-0.7665,-0.8563,-0.5788,-0.35,-0.2629,-0.2492,-0.2211,-0.1523,-0.058,0.0484,0.146,0.2103,0.2329,0.2253,0.2037,0.0393,0.0296,0.0187,0.0064,-0.0072,-0.0221,-0.0381,-0.0548,-0.0717,-0.0882,-0.1035,-0.117,-0.1277,-0.1341,-0.1344,-0.1285,-0.1201,-0.1205,-0.1499,-0.2378,-0.411,-0.6238,-0.6767,-0.5199,-0.353,-0.2614,-0.2202,-0.1851,-0.1339,-0.0672,0.0063,0.0745,0.125,0.1524,0.1598,0.1547]}]