docs/data/wind_grid.json
[{"header":{"la1":42.85,"la2":41.18,"lo1":11.55,"lo2":14.05,"nx":36,"ny":24,"dx":0.07143,"dy":0.07261,"parameterCategory":2,"parameterNumber":2,"parameterNumberName":"eastward_wind","parameterUnit":"m.s-1"},"data":[-0.7429,-0.7488,-0.7531,-0.7558,-0.7567,-0.7555,-0.7514,-0.7432,-0.7302,-0.713,-0.6936,-0.6746,-0.6585,-0.6469,-0.6397,-0.636,-0.6334,-0.629,-0.62,-0.6052,-0.5868,-0.5694,-0.5583,-0.5551,-0.5579,-0.5634,-0.5688,-0.5728,-0.5749,-0.5754,-0.5746,-0.5729,-0.5706,-0.5679,-0.565,-0.5621,-0.7637,-0.7718,-0.7781,-0.7827,-0.7857,-0.7871,-0.7854,-0.7782,-0.7628,-0.7394,-0.7116,-0.6846,-0.6627,-0.6483,-0.6415,-0.6406,-0.6419,-0.64,-0.6292,-0.6058,-0.5734,-0.5429,-0.5267,-0.5275,-0.5388,-0.5523,-0.5634,-0.5707,-0.5746,-0.5757,-0.575,-0.5731,-0.5704,-0.5674,-0.5642,-0.5609,-0.788,-0.7992,-0.808,-0.8148,-0.8208,-0.827,-0.8317,-0.8292,-0.812,-0.7786,-0.7362,-0.6957,-0.6647,-0.6464,-0.6408,-0.6454,-0.6549,-0.6602,-0.6489,-0.6104,-0.548,-0.4882,-0.4645,-0.4798,-0.5109,-0.5391,-0.5587,-0.57,-0.5754,-0.5768,-0.5759,-0.5735,-0.5703,-0.5668,-0.5631,-0.5595,-0.817,-0.8325,-0.8445,-0.8533,-0.8623,-0.8761,-0.8954,-0.9082,-0.8927,-0.8407,-0.7706,-0.7068,-0.6619,-0.6383,-0.6351,-0.6491,-0.6744,-0.6973,-0.6932,-0.6315,-0.5032,-0.3711,-0.341,-0.4032,-0.4769,-0.5282,-0.5575,-0.5722,-0.5781,-0.579,-0.5772,-0.574,-0.57,-0.5659,-0.5617,-0.5577,-0.8517,-0.8743,-0.8909,-0.9005,-0.9093,-0.932,-0.9805,-1.0371,-1.0363,-0.9431,-0.8161,-0.7137,-0.6494,-0.6194,-0.6193,-0.6471,-0.6992,-0.7616,-0.7914,-0.7094,-0.4527,-0.1401,-0.1281,-0.3133,-0.4547,-0.5293,-0.5643,-0.5788,-0.5831,-0.5822,-0.5789,-0.5744,-0.5695,-0.5645,-0.5598,-0.5553,-0.8931,-0.9282,-0.954,-0.9628,-0.9616,-0.9837,-1.0762,-1.2409,-1.2961,-1.0974,-0.8597,-0.7048,-0.6202,-0.5834,-0.5858,-0.629,-0.7182,-0.8521,-0.9798,-0.9194,-0.5331,0.012,-0.0126,-0.3119,-0.4814,-0.554,-0.582,-0.5904,-0.5901,-0.5861,-0.5805,-0.5744,-0.5683,-0.5625,-0.5572,-0.5523,-0.9396,-0.9972,-1.0462,-1.0583,-1.0263,-1.0127,-1.1186,-1.4202,-1.5831,-1.2037,-0.8481,-0.6613,-0.5671,-0.5236,-0.5228,-0.576,-0.6991,-0.9057,-1.157,-1.1381,-0.8397,-0.4784,-0.3837,-0.4972,-0.5735,-0.6024,-0.6083,-0.6047,-0.5976,-0.5894,-0.5812,-0.5734,-0.5662,-0.5596,-0.5536,-0.5483,-0.9832,-1.0737,-1.1747,-1.2163,-1.1231,-1.016,-1.0307,-1.2167,-1.3079,-1.0037,-0.7253,-0.5757,-0.4907,-0.4356,-0.413,-0.461,-0.6074,-0.8291,-1.0441,-1.1195,-1.2243,-1.1295,-0.8717,-0.7388,-0.6848,-0.6552,-0.6339,-0.617,-0.6029,-0.5908,-0.5803,-0.571,-0.5627,-0.5553,-0.5489,-0.5433,-1.008,-1.1229,-1.281,-1.3901,-1.2167,-1.0041,-0.8878,-0.8465,-0.7797,-0.6473,-0.5428,-0.4716,-0.4054,-0.3231,-0.2227,-0.2299,-0.4425,-0.7062,-0.9408,-1.2384,-1.778,-1.6546,-1.1563,-0.8849,-0.7555,-0.6878,-0.648,-0.6221,-0.6035,-0.589,-0.577,-0.5666,-0.5575,-0.5495,-0.5427,-0.5369,-1.0028,-1.111,-1.2375,-1.3039,-1.188,-0.9746,-0.7762,-0.6079,-0.4186,-0.3255,-0.3734,-0.3825,-0.3364,-0.2241,0.0777,0.2379,-0.2602,-0.6463,-0.9022,-1.1815,-1.5584,-1.4939,-1.1359,-0.8955,-0.7624,-0.6878,-0.6442,-0.6169,-0.598,-0.5833,-0.5709,-0.56,-0.5503,-0.5418,-0.5347,-0.5288,-0.9727,-1.0684,-1.187,-1.3343,-1.2784,-0.9583,-0.7078,-0.5073,-0.1489,0.0223,-0.26,-0.3294,-0.296,-0.2144,0.0438,0.2472,-0.3374,-0.7624,-0.9736,-1.0643,-1.1391,-1.1065,-0.9604,-0.8174,-0.7176,-0.6569,-0.6224,-0.6018,-0.5869,-0.574,-0.5621,-0.5509,-0.5407,-0.5318,-0.5244,-0.5187,-0.9244,-1.0073,-1.128,-1.2887,-1.2186,-0.8829,-0.6756,-0.5923,-0.3537,-0.1636,-0.2889,-0.3131,-0.2653,-0.1823,-0.2144,-0.3385,-0.6846,-1.2108,-1.365,-1.143,-0.9922,-0.8998,-0.8076,-0.7177,-0.6464,-0.6045,-0.5877,-0.5801,-0.5724,-0.5626,-0.5512,-0.5394,-0.5284,-0.5188,-0.5113,-0.5059,-0.8614,-0.9167,-0.9809,-1.0203,-0.9375,-0.7608,-0.6639,-0.6939,-0.6027,-0.4109,-0.3394,-0.311,-0.2733,-0.1515,-0.2372,-0.5228,-0.9129,-2.0796,-2.131,-1.2748,-0.9247,-0.7749,-0.6921,-0.628,-0.571,-0.5427,-0.5491,-0.5585,-0.5584,-0.5507,-0.5387,-0.5252,-0.5124,-0.5018,-0.4943,-0.4898,-0.7933,-0.8196,-0.8372,-0.8251,-0.7626,-0.6769,-0.6324,-0.6453,-0.5818,-0.4184,-0.3242,-0.3026,-0.3027,-0.3062,-0.4242,-0.6258,-0.8524,-1.4771,-1.6041,-1.0783,-0.763,-0.6274,-0.5828,-0.5597,-0.5237,-0.5016,-0.5248,-0.5454,-0.5488,-0.5401,-0.5246,-0.5069,-0.4908,-0.4788,-0.4718,-0.4691,-0.7303,-0.737,-0.7326,-0.7088,-0.6638,-0.6116,-0.5715,-0.5363,-0.4559,-0.3274,-0.235,-0.2349,-0.2626,-0.2149,-0.4838,-0.6865,-1.4063,-1.058,-0.9347,-0.695,-0.4545,-0.3956,-0.4544,-0.5054,-0.5183,-0.5139,-0.5308,-0.547,-0.5464,-0.5313,-0.5076,-0.4817,-0.4599,-0.4463,-0.4412,-0.4426,-0.677,-0.6729,-0.6595,-0.6341,-0.5974,-0.5545,-0.5084,-0.4501,-0.3576,-0.21,-0.005,-0.1065,-0.1829,-0.2824,-0.4646,-0.8158,-1.2024,-0.8538,-0.6027,-0.3531,0.0008,-0.074,-0.3206,-0.4547,-0.5163,-0.5422,-0.5593,-0.5658,-0.5535,-0.5243,-0.4844,-0.4434,-0.4125,-0.3984,-0.3993,-0.4088,-0.6339,-0.6242,-0.6072,-0.5821,-0.5491,-0.5093,-0.4617,-0.4004,-0.314,-0.1873,-0.0331,-0.1015,-0.1213,-0.1276,-0.3412,-0.5166,-0.5931,-0.4343,-0.245,-0.1691,0.0812,-0.0136,-0.2794,-0.4388,-0.5343,-0.5928,-0.6184,-0.6096,-0.5737,-0.5183,-0.4495,-0.3811,-0.3362,-0.3269,-0.343,-0.368,-0.5996,-0.5871,-0.5689,-0.5447,-0.5143,-0.4776,-0.4336,-0.3799,-0.3139,-0.2393,-0.1819,-0.1686,-0.1157,-0.1064,-0.1954,-0.2338,-0.2711,-0.0223,0.3003,-0.0384,-0.139,-0.2018,-0.3347,-0.4704,-0.5969,-0.7041,-0.7377,-0.6887,-0.6086,-0.5128,-0.398,-0.2811,-0.2158,-0.2266,-0.2747,-0.3242,-0.5725,-0.5588,-0.5407,-0.5178,-0.4901,-0.4573,-0.4193,-0.3759,-0.3281,-0.2812,-0.2443,-0.2183,-0.1889,-0.1487,0.0258,0.1138,-0.113,-0.0105,0.1387,-0.0947,-0.2042,-0.2879,-0.389,-0.5171,-0.6839,-0.8759,-0.9177,-0.7847,-0.6477,-0.5085,-0.3399,-0.1538,-0.0652,-0.1189,-0.2127,-0.2887,-0.5512,-0.5372,-0.5198,-0.4987,-0.4739,-0.4454,-0.4135,-0.3789,-0.3432,-0.3093,-0.2799,-0.2536,-0.2217,-0.1572,-0.0043,0.0454,-0.1113,-0.1436,-0.1718,-0.1994,-0.2406,-0.3228,-0.4155,-0.539,-0.7148,-0.9191,-0.9614,-0.8248,-0.6698,-0.508,-0.3193,-0.1016,-0.0029,-0.0795,-0.1913,-0.2757,-0.5345,-0.5209,-0.5045,-0.4854,-0.4634,-0.439,-0.4124,-0.3845,-0.3565,-0.3297,-0.305,-0.2806,-0.2512,-0.2069,-0.1514,-0.1397,-0.1819,-0.2074,-0.2148,-0.2287,-0.2794,-0.343,-0.4105,-0.5191,-0.6811,-0.852,-0.9685,-0.8768,-0.662,-0.4926,-0.3487,-0.1947,-0.1126,-0.1482,-0.2237,-0.2896,-0.5216,-0.5086,-0.4935,-0.4763,-0.4571,-0.4361,-0.4138,-0.3909,-0.3682,-0.3463,-0.3255,-0.3047,-0.2822,-0.2568,-0.2348,-0.2299,-0.242,-0.255,-0.2653,-0.2844,-0.3171,-0.3372,-0.3573,-0.4605,-0.6303,-0.8439,-1.0711,-0.8896,-0.5287,-0.3977,-0.3537,-0.2931,-0.2459,-0.2472,-0.2802,-0.3193,-0.5116,-0.4995,-0.4857,-0.4703,-0.4535,-0.4355,-0.4167,-0.3976,-0.3788,-0.3607,-0.3433,-0.3266,-0.3102,-0.295,-0.2841,-0.2812,-0.286,-0.2947,-0.3061,-0.322,-0.3352,-0.3182,-0.3079,-0.4102,-0.5611,-0.7069,-0.7726,-0.539,-0.1855,-0.22,-0.3102,-0.3287,-0.3187,-0.3168,-0.3297,-0.3505,-0.5039,-0.4927,-0.4802,-0.4665,-0.4518,-0.4363,-0.4203,-0.4043,-0.3885,-0.3735,-0.3592,-0.346,-0.334,-0.324,-0.3176,-0.3159,-0.3189,-0.3256,-0.3353,-0.3464,-0.3524,-0.3447,-0.3515,-0.4172,-0.5085,-0.5734,-0.5486,-0.3554,-0.1369,-0.1853,-0.2925,-0.3401,-0.3524,-0.3567,-0.3643,-0.3762]},{"header":{"la1":42.85,"la2":41.18,"lo1":11.55,"lo2":14.05,"nx":36,"ny":24,"dx":0.07143,"dy":0.07261,"parameterCategory":2,"parameterNumber":3,"parameterNumberName":"northward_wind","parameterUnit":"m.s-1"},"data":[-0.8046,-0.801,-0.7952,-0.787,-0.7765,-0.7642,-0.7507,-0.7367,-0.7226,-0.708,-0.6915,-0.6718,-0.6478,-0.6191,-0.586,-0.5496,-0.5115,-0.4743,-0.4406,-0.4125,-0.3918,-0.3795,-0.3758,-0.38,-0.3903,-0.4044,-0.4203,-0.4367,-0.453,-0.4687,-0.4836,-0.4977,-0.5109,-0.5233,-0.5348,-0.5455,-0.8179,-0.8147,-0.8087,-0.7995,-0.787,-0.7718,-0.7554,-0.7395,-0.7252,-0.712,-0.6973,-0.6786,-0.6537,-0.6218,-0.5832,-0.5389,-0.4916,-0.4449,-0.4029,-0.369,-0.3447,-0.3313,-0.3299,-0.3395,-0.3566,-0.3774,-0.3992,-0.4204,-0.4405,-0.4592,-0.4766,-0.4927,-0.5076,-0.5213,-0.534,-0.5457,-0.8328,-0.8305,-0.8246,-0.814,-0.7982,-0.778,-0.7556,-0.7354,-0.7209,-0.7116,-0.7023,-0.6872,-0.6628,-0.6279,-0.5827,-0.5285,-0.4682,-0.4078,-0.3549,-0.3144,-0.2865,-0.2717,-0.2737,-0.292,-0.3195,-0.3495,-0.3785,-0.4051,-0.4293,-0.4511,-0.471,-0.4891,-0.5056,-0.5207,-0.5345,-0.5471,-0.8495,-0.849,-0.8437,-0.8317,-0.8112,-0.782,-0.7472,-0.7161,-0.7004,-0.701,-0.7047,-0.6983,-0.6767,-0.6395,-0.5871,-0.52,-0.4409,-0.3591,-0.2905,-0.2462,-0.2186,-0.2008,-0.2067,-0.2393,-0.2819,-0.3232,-0.36,-0.3921,-0.4203,-0.4451,-0.4673,-0.4873,-0.5054,-0.5218,-0.5367,-0.5502,-0.8681,-0.8709,-0.868,-0.8555,-0.8292,-0.7855,-0.725,-0.6646,-0.6422,-0.6688,-0.7032,-0.7139,-0.6979,-0.6595,-0.6002,-0.5181,-0.4117,-0.2916,-0.1936,-0.1566,-0.1509,-0.1306,-0.1387,-0.1911,-0.2505,-0.3025,-0.3462,-0.383,-0.4145,-0.4419,-0.4661,-0.4878,-0.5073,-0.5249,-0.5408,-0.5551,-0.888,-0.8966,-0.8996,-0.8896,-0.8586,-0.7973,-0.6925,-0.5562,-0.5053,-0.6042,-0.7037,-0.7396,-0.7297,-0.6914,-0.6282,-0.5327,-0.3925,-0.2046,-0.0297,-0.0167,-0.0938,-0.103,-0.1104,-0.1682,-0.2337,-0.2912,-0.339,-0.3789,-0.4127,-0.442,-0.4678,-0.4909,-0.5117,-0.5305,-0.5473,-0.5623,-0.9074,-0.9254,-0.9407,-0.9392,-0.9065,-0.8352,-0.6944,-0.4475,-0.3298,-0.561,-0.7363,-0.7854,-0.7749,-0.7384,-0.6791,-0.5805,-0.4164,-0.1609,0.1361,0.1278,-0.0295,-0.0861,-0.1176,-0.1684,-0.2315,-0.2899,-0.3393,-0.3805,-0.4154,-0.4458,-0.4727,-0.497,-0.519,-0.5388,-0.5565,-0.5721,-0.9219,-0.9517,-0.9913,-1.0097,-0.9693,-0.9043,-0.8018,-0.6165,-0.5308,-0.7176,-0.8431,-0.8577,-0.8319,-0.8008,-0.7624,-0.68,-0.5158,-0.2702,-0.0224,0.037,0.0732,0.0465,-0.067,-0.1609,-0.2359,-0.2971,-0.3469,-0.3879,-0.4228,-0.4535,-0.4812,-0.5065,-0.5296,-0.5504,-0.5689,-0.585,-0.9246,-0.9591,-1.0281,-1.0883,-1.0084,-0.9664,-0.9643,-0.9552,-0.981,-1.0341,-1.0138,-0.9454,-0.8893,-0.8732,-0.8972,-0.8626,-0.676,-0.4375,-0.2196,0.0015,0.3323,0.2665,-0.0026,-0.1576,-0.2494,-0.3132,-0.3617,-0.4009,-0.4345,-0.4649,-0.4932,-0.5196,-0.544,-0.566,-0.5854,-0.6019,-0.9123,-0.9263,-0.9571,-0.9798,-0.9182,-0.9858,-1.1077,-1.2368,-1.4009,-1.4357,-1.2187,-1.023,-0.9267,-0.9286,-1.1033,-1.2087,-0.8386,-0.5482,-0.337,-0.1006,0.1793,0.1519,-0.0539,-0.1934,-0.2803,-0.34,-0.384,-0.4191,-0.4502,-0.4799,-0.5089,-0.5369,-0.5631,-0.5866,-0.6069,-0.6235,-0.8951,-0.8757,-0.8036,-0.6169,-0.6666,-0.9856,-1.2442,-1.4455,-1.7895,-1.9719,-1.3841,-1.0528,-0.9301,-0.9174,-1.0706,-1.2133,-0.8059,-0.5586,-0.4119,-0.2688,-0.1378,-0.112,-0.1782,-0.2587,-0.3271,-0.3783,-0.414,-0.4418,-0.4689,-0.4979,-0.5286,-0.5593,-0.5882,-0.6137,-0.6349,-0.6514,-0.8892,-0.8611,-0.7798,-0.6325,-0.7054,-1.0812,-1.4195,-1.6165,-1.6864,-1.7138,-1.2929,-1.0156,-0.9181,-0.9284,-0.8703,-0.748,-0.5891,-0.5016,-0.45,-0.3566,-0.2736,-0.2408,-0.2621,-0.318,-0.3837,-0.4313,-0.4529,-0.4677,-0.489,-0.5184,-0.5528,-0.5883,-0.6214,-0.6497,-0.6718,-0.6873,-0.8976,-0.8866,-0.8615,-0.8513,-0.9607,-1.2259,-1.5506,-1.8076,-1.6688,-1.3905,-1.1276,-0.9679,-0.9058,-0.9487,-0.8271,-0.4672,-0.3594,-0.5173,-0.5234,-0.3672,-0.2823,-0.2535,-0.2799,-0.3545,-0.454,-0.5103,-0.5012,-0.4926,-0.5081,-0.5411,-0.5831,-0.627,-0.6669,-0.6988,-0.721,-0.734,-0.9111,-0.9191,-0.9337,-0.9762,-1.0802,-1.2571,-1.4786,-1.6644,-1.5604,-1.2482,-1.036,-0.9631,-0.9425,-0.7963,-0.4979,0.0176,0.0033,-0.2775,-0.3773,-0.2761,-0.1852,-0.1642,-0.229,-0.3542,-0.5157,-0.5911,-0.5369,-0.5065,-0.5232,-0.567,-0.6234,-0.6812,-0.7313,-0.7674,-0.7879,-0.7948,-0.9202,-0.9385,-0.9669,-1.0153,-1.0929,-1.1981,-1.3072,-1.3602,-1.2724,-1.101,-0.9855,-0.9275,-0.8463,-0.8002,-0.366,0.1789,0.7733,0.0994,-0.1567,-0.0965,0.0887,0.0874,-0.094,-0.2888,-0.4619,-0.5408,-0.5106,-0.4987,-0.5334,-0.5991,-0.6804,-0.7615,-0.8268,-0.8664,-0.8799,-0.8741,-0.9216,-0.9424,-0.9708,-1.01,-1.0606,-1.1158,-1.1575,-1.1564,-1.0956,-1.0133,-0.9837,-0.9788,-0.9189,-0.7729,-0.4625,0.0556,0.5014,0.0531,-0.1357,0.1023,0.7259,0.5733,0.0844,-0.193,-0.3437,-0.4146,-0.4371,-0.4697,-0.5391,-0.642,-0.765,-0.8856,-0.9741,-1.0126,-1.0067,-0.9754,-0.9159,-0.9348,-0.9581,-0.986,-1.0163,-1.0429,-1.0557,-1.0441,-1.0095,-0.9761,-0.975,-0.9723,-1.0842,-1.1084,-0.67,-0.3587,-0.214,-0.3162,-0.3751,-0.0016,0.8128,0.6277,0.1015,-0.1555,-0.2626,-0.3017,-0.3369,-0.4137,-0.5366,-0.6984,-0.8915,-1.0827,-1.2072,-1.2287,-1.1763,-1.0979,-0.9052,-0.9207,-0.938,-0.9564,-0.9735,-0.9855,-0.9875,-0.9769,-0.9578,-0.9419,-0.9387,-0.9615,-1.1113,-1.1199,-0.7911,-0.6301,-0.5317,-0.6671,-0.9053,-0.4347,0.0047,0.0799,-0.074,-0.1872,-0.2012,-0.1427,-0.1527,-0.3084,-0.5214,-0.7665,-1.0677,-1.3861,-1.5657,-1.5279,-1.3804,-1.2285,-0.8916,-0.9034,-0.9155,-0.9269,-0.9361,-0.9406,-0.9385,-0.9296,-0.9167,-0.905,-0.8994,-0.9059,-0.923,-0.8818,-0.8361,-0.843,-0.6665,-0.6848,-0.764,-0.5031,-0.3281,-0.2355,-0.2363,-0.2387,-0.1388,0.1295,0.1852,-0.1807,-0.5174,-0.8363,-1.2552,-1.7577,-2.0055,-1.8453,-1.5644,-1.3337,-0.8767,-0.8851,-0.8931,-0.8998,-0.904,-0.9044,-0.9004,-0.892,-0.8809,-0.8691,-0.8584,-0.8485,-0.8332,-0.8073,-0.8127,-0.8072,-0.6752,-0.5848,-0.4641,-0.4065,-0.4048,-0.3598,-0.3371,-0.3052,-0.181,0.154,0.2325,-0.269,-0.5914,-0.8907,-1.3253,-1.9069,-2.186,-1.9606,-1.6265,-1.3706,-0.8615,-0.8672,-0.8721,-0.8754,-0.8764,-0.8744,-0.8691,-0.8606,-0.8495,-0.8367,-0.8224,-0.8058,-0.7852,-0.7623,-0.7431,-0.7084,-0.6371,-0.5573,-0.4781,-0.4407,-0.4309,-0.4119,-0.4001,-0.3884,-0.3639,-0.3825,-0.6106,-0.657,-0.7479,-0.9365,-1.2293,-1.635,-1.8647,-1.7553,-1.5263,-1.3252,-0.8466,-0.8502,-0.8527,-0.8537,-0.8526,-0.849,-0.8427,-0.8338,-0.8224,-0.8089,-0.793,-0.7744,-0.7528,-0.7283,-0.7006,-0.6636,-0.6138,-0.5584,-0.5085,-0.4741,-0.4489,-0.4249,-0.4196,-0.4434,-0.5016,-0.6559,-0.8704,-0.8402,-0.9371,-1.0273,-1.1299,-1.315,-1.4572,-1.4516,-1.3503,-1.2302,-0.8326,-0.8344,-0.8352,-0.8344,-0.8319,-0.8272,-0.8202,-0.811,-0.7994,-0.7856,-0.7694,-0.7507,-0.7292,-0.7048,-0.6767,-0.6434,-0.6047,-0.5639,-0.5259,-0.4925,-0.4577,-0.4151,-0.4038,-0.4598,-0.5519,-0.6799,-0.8077,-0.9677,-1.219,-1.1802,-1.1115,-1.148,-1.2105,-1.2268,-1.1906,-1.1281,-0.8194,-0.8199,-0.8194,-0.8174,-0.8138,-0.8084,-0.801,-0.7916,-0.78,-0.7664,-0.7506,-0.7325,-0.712,-0.6889,-0.6631,-0.6342,-0.6029,-0.5708,-0.5398,-0.51,-0.4784,-0.4465,-0.4432,-0.4935,-0.5791,-0.6889,-0.827,-1.0419,-1.2557,-1.2038,-1.0974,-1.0692,-1.0815,-1.0887,-1.074,-1.0414]}]