docs/data/wind_grid.json
[{"header":{"la1":42.85,"la2":41.18,"lo1":11.55,"lo2":14.05,"nx":36,"ny":24,"dx":0.07143,"dy":0.07261,"parameterCategory":2,"parameterNumber":2,"parameterNumberName":"eastward_wind","parameterUnit":"m.s-1"},"data":[-0.5881,-0.5986,-0.6097,-0.6208,-0.6312,-0.6392,-0.643,-0.6403,-0.6293,-0.6095,-0.5816,-0.5471,-0.5076,-0.4644,-0.4186,-0.3718,-0.3263,-0.2858,-0.254,-0.2337,-0.2252,-0.2265,-0.2341,-0.2446,-0.2556,-0.2655,-0.2737,-0.2799,-0.2842,-0.287,-0.2885,-0.2889,-0.2886,-0.2878,-0.2867,-0.2854,-0.5974,-0.6106,-0.6253,-0.6411,-0.6573,-0.6719,-0.6818,-0.6832,-0.6726,-0.6489,-0.6139,-0.5706,-0.5216,-0.4683,-0.411,-0.3509,-0.2909,-0.2367,-0.1955,-0.1728,-0.169,-0.1793,-0.1972,-0.217,-0.2353,-0.2506,-0.2623,-0.2708,-0.2766,-0.2801,-0.282,-0.2825,-0.2821,-0.2812,-0.2799,-0.2785,-0.6055,-0.6216,-0.6403,-0.6621,-0.6862,-0.7109,-0.7316,-0.741,-0.732,-0.7021,-0.6559,-0.6,-0.5389,-0.4734,-0.4022,-0.3243,-0.2424,-0.1656,-0.1086,-0.0835,-0.0904,-0.1181,-0.1533,-0.1868,-0.2148,-0.2364,-0.252,-0.2628,-0.2697,-0.2738,-0.2757,-0.2761,-0.2755,-0.2743,-0.2728,-0.2712,-0.6117,-0.6304,-0.6534,-0.6818,-0.7163,-0.7561,-0.7956,-0.8217,-0.8171,-0.7757,-0.7095,-0.6349,-0.5591,-0.4806,-0.3939,-0.2932,-0.178,-0.0616,0.0248,0.0513,0.0197,-0.041,-0.1041,-0.1567,-0.1964,-0.2246,-0.2439,-0.2564,-0.2639,-0.268,-0.2697,-0.2696,-0.2685,-0.2669,-0.265,-0.263,-0.6151,-0.6358,-0.6623,-0.697,-0.7433,-0.8036,-0.875,-0.9362,-0.9435,-0.8772,-0.7737,-0.6719,-0.5802,-0.4906,-0.3901,-0.2638,-0.1009,0.0861,0.2317,0.2553,0.1677,0.0471,-0.0566,-0.1321,-0.1835,-0.2174,-0.239,-0.2521,-0.2595,-0.263,-0.2638,-0.2629,-0.2611,-0.2587,-0.2563,-0.254,-0.6151,-0.6364,-0.6647,-0.7035,-0.7592,-0.8409,-0.9571,-1.0861,-1.1238,-1.0025,-0.8351,-0.7015,-0.5983,-0.5043,-0.3973,-0.2513,-0.0344,0.2618,0.521,0.5295,0.3318,0.1229,-0.0261,-0.1213,-0.1803,-0.2165,-0.2382,-0.2504,-0.2565,-0.2585,-0.2579,-0.2558,-0.2528,-0.2496,-0.2465,-0.2438,-0.6113,-0.6316,-0.6588,-0.6972,-0.7544,-0.8449,-0.992,-1.1957,-1.2793,-1.081,-0.8564,-0.7102,-0.6095,-0.5218,-0.4213,-0.2758,-0.0355,0.3472,0.7333,0.7207,0.409,0.1365,-0.0331,-0.1322,-0.1898,-0.2231,-0.2417,-0.251,-0.2545,-0.2542,-0.2516,-0.2477,-0.2434,-0.2391,-0.2352,-0.232,-0.6039,-0.6215,-0.6448,-0.6771,-0.725,-0.8001,-0.9205,-1.084,-1.145,-0.9836,-0.811,-0.696,-0.6139,-0.5424,-0.4611,-0.3428,-0.1453,0.1741,0.5077,0.5184,0.2721,0.0511,-0.0868,-0.1664,-0.2115,-0.2362,-0.2485,-0.2531,-0.2528,-0.2494,-0.2442,-0.2382,-0.2321,-0.2265,-0.2218,-0.2182,-0.5937,-0.6073,-0.6244,-0.647,-0.6787,-0.7247,-0.7892,-0.8583,-0.8797,-0.8303,-0.7525,-0.6775,-0.6162,-0.5636,-0.5068,-0.428,-0.3065,-0.1313,0.0423,0.0866,0.0046,-0.0965,-0.1698,-0.2149,-0.2403,-0.2527,-0.2568,-0.2554,-0.2504,-0.2432,-0.2348,-0.2263,-0.2182,-0.2113,-0.2057,-0.2018,-0.5819,-0.591,-0.6011,-0.6128,-0.6272,-0.6471,-0.6786,-0.7304,-0.798,-0.8142,-0.744,-0.6702,-0.6191,-0.5823,-0.547,-0.5015,-0.4393,-0.3615,-0.2819,-0.2311,-0.222,-0.2358,-0.2524,-0.264,-0.2691,-0.2687,-0.264,-0.2561,-0.246,-0.2345,-0.2226,-0.2111,-0.2009,-0.1924,-0.1861,-0.1822,-0.5698,-0.5745,-0.5781,-0.5796,-0.5782,-0.5748,-0.5805,-0.6426,-0.8552,-0.9527,-0.7643,-0.6669,-0.6215,-0.5951,-0.5752,-0.5509,-0.5268,-0.5062,-0.4706,-0.4151,-0.3653,-0.3334,-0.3148,-0.3024,-0.2917,-0.2805,-0.2679,-0.2537,-0.2383,-0.2222,-0.2063,-0.1915,-0.1787,-0.1687,-0.1619,-0.1583,-0.5585,-0.5598,-0.5582,-0.5518,-0.5373,-0.51,-0.4682,-0.4524,-0.6519,-0.8111,-0.7141,-0.6662,-0.6277,-0.5985,-0.5892,-0.577,-0.585,-0.627,-0.6167,-0.5282,-0.4446,-0.3876,-0.3507,-0.325,-0.3045,-0.2857,-0.2668,-0.247,-0.2263,-0.2052,-0.1846,-0.1658,-0.1501,-0.1386,-0.1317,-0.1291,-0.5488,-0.5478,-0.5433,-0.5327,-0.5114,-0.4713,-0.3999,-0.3121,-0.4027,-0.5884,-0.6654,-0.7239,-0.6813,-0.5955,-0.5891,-0.5851,-0.6193,-0.7498,-0.7448,-0.5826,-0.4697,-0.4021,-0.3603,-0.3309,-0.3066,-0.2836,-0.2602,-0.2355,-0.2094,-0.1824,-0.156,-0.1321,-0.1129,-0.0999,-0.0936,-0.0934,-0.541,-0.5391,-0.5339,-0.5233,-0.5037,-0.4698,-0.4177,-0.3639,-0.4147,-0.5581,-0.6622,-0.8312,-0.8485,-0.4449,-0.5612,-0.5882,-0.618,-0.6771,-0.6676,-0.5402,-0.4373,-0.3786,-0.3463,-0.3225,-0.2996,-0.2753,-0.2489,-0.2196,-0.1873,-0.1529,-0.1184,-0.0874,-0.0636,-0.0494,-0.0453,-0.0495,-0.5349,-0.5333,-0.5291,-0.5213,-0.5084,-0.4899,-0.4691,-0.464,-0.5087,-0.5877,-0.6477,-0.6847,-0.637,-0.5994,-0.5663,-0.6129,-0.6712,-0.5965,-0.5311,-0.4389,-0.3525,-0.3203,-0.3152,-0.305,-0.2869,-0.2633,-0.235,-0.201,-0.161,-0.1161,-0.0696,-0.0276,0.0028,0.0172,0.0162,0.0039,-0.5302,-0.5293,-0.5269,-0.5227,-0.5169,-0.511,-0.5098,-0.5229,-0.5598,-0.6158,-0.673,-0.679,-0.6267,-0.5619,-0.5525,-0.5871,-0.6259,-0.5317,-0.4346,-0.3401,-0.2385,-0.2471,-0.2824,-0.2863,-0.2732,-0.2523,-0.2236,-0.184,-0.1327,-0.0717,-0.006,0.0538,0.0937,0.1057,0.0938,0.0674,-0.5261,-0.5261,-0.5254,-0.5243,-0.5233,-0.5243,-0.5303,-0.5456,-0.573,-0.6126,-0.6562,-0.627,-0.4809,-0.4077,-0.4957,-0.5144,-0.4911,-0.4006,-0.3169,-0.2876,-0.221,-0.2344,-0.269,-0.2725,-0.2638,-0.2521,-0.2268,-0.1767,-0.1061,-0.0204,0.076,0.1655,0.2186,0.2215,0.1877,0.1385,-0.5223,-0.523,-0.5236,-0.5243,-0.5258,-0.5294,-0.5364,-0.5482,-0.5648,-0.5825,-0.5875,-0.5476,-0.4284,-0.3949,-0.4696,-0.4745,-0.4185,-0.2619,-0.1334,-0.249,-0.2736,-0.2696,-0.2684,-0.2609,-0.264,-0.2859,-0.2731,-0.1904,-0.0821,0.0363,0.1755,0.3114,0.3805,0.36,0.2893,0.2089,-0.5183,-0.5195,-0.5207,-0.5223,-0.5247,-0.5284,-0.534,-0.5415,-0.5495,-0.5542,-0.5477,-0.521,-0.4807,-0.4669,-0.486,-0.4901,-0.4151,-0.2799,-0.2056,-0.2998,-0.3044,-0.2827,-0.2585,-0.2407,-0.2664,-0.3806,-0.4012,-0.2093,-0.0425,0.0961,0.2721,0.4611,0.5427,0.4857,0.3724,0.2624,-0.5141,-0.5154,-0.5168,-0.5186,-0.5208,-0.5237,-0.5274,-0.5312,-0.5339,-0.5329,-0.525,-0.5088,-0.4895,-0.4783,-0.4817,-0.4779,-0.4197,-0.3537,-0.3688,-0.394,-0.3281,-0.2748,-0.2311,-0.1969,-0.2068,-0.3604,-0.3962,-0.0726,0.0639,0.1553,0.3161,0.5161,0.5994,0.5275,0.3999,0.2811,-0.5094,-0.5107,-0.512,-0.5135,-0.5151,-0.517,-0.5188,-0.5201,-0.5197,-0.5165,-0.509,-0.4973,-0.4837,-0.4719,-0.4624,-0.4456,-0.4095,-0.3722,-0.3639,-0.3579,-0.3035,-0.2356,-0.1845,-0.1345,-0.0521,0.1051,0.433,0.3926,0.241,0.2079,0.2917,0.4317,0.5019,0.4578,0.3599,0.2599,-0.5045,-0.5055,-0.5065,-0.5075,-0.5084,-0.5092,-0.5096,-0.509,-0.507,-0.5026,-0.4953,-0.4854,-0.4735,-0.4606,-0.4461,-0.4261,-0.3983,-0.3684,-0.3432,-0.3104,-0.2456,-0.1639,-0.129,-0.0946,0.049,0.3799,0.7657,0.6116,0.3442,0.2339,0.2439,0.3099,0.3541,0.3383,0.281,0.2114,-0.4992,-0.4999,-0.5005,-0.501,-0.5012,-0.501,-0.5002,-0.4985,-0.4953,-0.4902,-0.483,-0.4735,-0.462,-0.4486,-0.4324,-0.4121,-0.3869,-0.3578,-0.3242,-0.2772,-0.2034,-0.1207,-0.1034,-0.0894,0.0371,0.2738,0.4737,0.4408,0.3024,0.2139,0.1947,0.2151,0.235,0.2293,0.1981,0.1538,-0.4938,-0.4942,-0.4943,-0.4942,-0.4937,-0.4928,-0.4911,-0.4884,-0.4845,-0.4789,-0.4715,-0.4621,-0.4507,-0.4369,-0.4204,-0.4004,-0.3761,-0.347,-0.3112,-0.2637,-0.202,-0.1433,-0.1193,-0.0932,-0.0066,0.1265,0.2325,0.2489,0.2047,0.1608,0.1426,0.1447,0.1502,0.1455,0.1271,0.0988]},{"header":{"la1":42.85,"la2":41.18,"lo1":11.55,"lo2":14.05,"nx":36,"ny":24,"dx":0.07143,"dy":0.07261,"parameterCategory":2,"parameterNumber":3,"parameterNumberName":"northward_wind","parameterUnit":"m.s-1"},"data":[-0.3822,-0.3921,-0.4032,-0.4151,-0.4271,-0.438,-0.446,-0.4492,-0.446,-0.4362,-0.4202,-0.3994,-0.375,-0.3478,-0.3187,-0.2884,-0.2587,-0.2316,-0.2095,-0.194,-0.1854,-0.1824,-0.183,-0.1853,-0.1879,-0.19,-0.1911,-0.1912,-0.1905,-0.1889,-0.1868,-0.1842,-0.1814,-0.1784,-0.1755,-0.1727,-0.3846,-0.3964,-0.4104,-0.4264,-0.4436,-0.4605,-0.4742,-0.4814,-0.4792,-0.4668,-0.4459,-0.419,-0.3881,-0.3543,-0.3178,-0.2792,-0.2403,-0.2045,-0.1765,-0.1592,-0.153,-0.155,-0.1613,-0.1686,-0.1751,-0.18,-0.183,-0.1842,-0.1841,-0.1828,-0.1807,-0.1781,-0.1751,-0.172,-0.169,-0.166,-0.385,-0.3989,-0.4161,-0.4371,-0.4615,-0.4876,-0.5112,-0.526,-0.5256,-0.5086,-0.4791,-0.443,-0.4038,-0.362,-0.3165,-0.2666,-0.214,-0.1643,-0.1265,-0.1075,-0.1074,-0.1191,-0.1351,-0.15,-0.1618,-0.17,-0.175,-0.1774,-0.1777,-0.1766,-0.1744,-0.1716,-0.1684,-0.1651,-0.1618,-0.1587,-0.3828,-0.3982,-0.4186,-0.4453,-0.4792,-0.5193,-0.5604,-0.5903,-0.5939,-0.5671,-0.5215,-0.4712,-0.4217,-0.3714,-0.3159,-0.2515,-0.1781,-0.1041,-0.0486,-0.0288,-0.043,-0.0737,-0.1054,-0.131,-0.1492,-0.161,-0.1678,-0.171,-0.1716,-0.1704,-0.1679,-0.1647,-0.1611,-0.1574,-0.1538,-0.1505,-0.3771,-0.3931,-0.4157,-0.4477,-0.4924,-0.5521,-0.6235,-0.6857,-0.6993,-0.6497,-0.5724,-0.5008,-0.4402,-0.3829,-0.3186,-0.2378,-0.1343,-0.0174,0.0732,0.0907,0.0437,-0.0215,-0.0761,-0.1144,-0.139,-0.1538,-0.1619,-0.1653,-0.1657,-0.1641,-0.161,-0.1572,-0.1531,-0.1489,-0.1449,-0.1413,-0.3671,-0.3821,-0.4048,-0.4395,-0.4928,-0.5741,-0.6899,-0.8168,-0.8562,-0.7542,-0.6207,-0.5242,-0.4567,-0.3974,-0.329,-0.2347,-0.0967,0.0868,0.244,0.2511,0.1397,0.0242,-0.0557,-0.1048,-0.1335,-0.1496,-0.1576,-0.1605,-0.1601,-0.1576,-0.1537,-0.149,-0.1441,-0.1393,-0.1348,-0.1309,-0.3526,-0.3642,-0.3834,-0.4155,-0.4694,-0.5607,-0.7114,-0.9158,-0.9975,-0.8191,-0.6345,-0.5309,-0.4689,-0.4162,-0.3517,-0.2554,-0.0998,0.1378,0.3691,0.3624,0.1859,0.0355,-0.0553,-0.1062,-0.1341,-0.1486,-0.1551,-0.1565,-0.1546,-0.1507,-0.1455,-0.1397,-0.1338,-0.1282,-0.1232,-0.119,-0.334,-0.3397,-0.3512,-0.3733,-0.4149,-0.4905,-0.62,-0.7963,-0.8648,-0.7221,-0.5891,-0.52,-0.4791,-0.4407,-0.3878,-0.3043,-0.1689,0.0358,0.2385,0.248,0.1126,-0.0065,-0.0788,-0.1189,-0.1401,-0.1503,-0.1537,-0.1527,-0.1488,-0.1431,-0.1362,-0.129,-0.1218,-0.1152,-0.1096,-0.1051,-0.3127,-0.3102,-0.3099,-0.3153,-0.3326,-0.3722,-0.4436,-0.5323,-0.5777,-0.5596,-0.5288,-0.5086,-0.4939,-0.4722,-0.4331,-0.3675,-0.2681,-0.1392,-0.0221,0.0126,-0.0268,-0.0783,-0.1154,-0.1375,-0.1488,-0.1531,-0.1526,-0.1486,-0.1423,-0.1343,-0.1254,-0.1162,-0.1075,-0.0998,-0.0935,-0.0887,-0.2908,-0.2789,-0.2642,-0.2478,-0.2328,-0.228,-0.2524,-0.3303,-0.4517,-0.5161,-0.5093,-0.5129,-0.5189,-0.5104,-0.4817,-0.4266,-0.3449,-0.2533,-0.1781,-0.1381,-0.1308,-0.1386,-0.1481,-0.1543,-0.1564,-0.155,-0.1506,-0.1436,-0.1344,-0.1238,-0.1123,-0.1008,-0.0902,-0.0811,-0.074,-0.0692,-0.2711,-0.25,-0.2207,-0.1805,-0.127,-0.0641,-0.0228,-0.1141,-0.4853,-0.6457,-0.5191,-0.5331,-0.5541,-0.5474,-0.5258,-0.4737,-0.3806,-0.2779,-0.2123,-0.1859,-0.1756,-0.1704,-0.1672,-0.164,-0.1601,-0.1545,-0.147,-0.1371,-0.125,-0.1111,-0.0963,-0.0818,-0.0687,-0.058,-0.0502,-0.0456,-0.2566,-0.2284,-0.1873,-0.1265,-0.0354,0.1002,0.2819,0.3787,-0.0755,-0.4534,-0.4867,-0.5744,-0.5968,-0.5458,-0.5474,-0.5118,-0.3751,-0.1917,-0.1322,-0.1643,-0.1796,-0.1778,-0.1716,-0.1651,-0.1586,-0.1512,-0.1417,-0.1293,-0.1139,-0.0959,-0.0766,-0.0579,-0.0414,-0.0287,-0.0205,-0.0167,-0.2493,-0.2179,-0.1715,-0.1008,0.01,0.1893,0.4737,0.7919,0.495,-0.1405,-0.4923,-0.6576,-0.6935,-0.5532,-0.5724,-0.5603,-0.3677,-0.0004,0.0196,-0.1292,-0.1693,-0.1702,-0.1641,-0.1583,-0.1528,-0.1459,-0.1358,-0.1211,-0.1015,-0.0778,-0.052,-0.027,-0.0059,0.0091,0.0173,0.019,-0.2502,-0.2203,-0.1765,-0.1111,-0.011,0.1434,0.365,0.5839,0.3796,-0.2155,-0.595,-0.7296,-0.7824,-1.1967,-0.8013,-0.6434,-0.4903,-0.1846,-0.094,-0.1507,-0.1578,-0.1512,-0.1471,-0.1456,-0.1446,-0.141,-0.1318,-0.1147,-0.0891,-0.0565,-0.0205,0.014,0.0418,0.0593,0.066,0.0636,-0.2585,-0.2339,-0.1995,-0.1512,-0.084,0.0039,0.0959,0.1116,-0.1077,-0.5025,-0.788,-0.8898,-0.9791,-1.1715,-0.8812,-0.711,-0.7441,-0.4509,-0.2382,-0.1583,-0.1274,-0.1201,-0.123,-0.13,-0.1378,-0.1414,-0.135,-0.1144,-0.079,-0.032,0.0208,0.0705,0.108,0.1275,0.1296,0.1188,-0.2719,-0.2549,-0.2329,-0.2056,-0.1746,-0.1483,-0.1506,-0.231,-0.4415,-0.7656,-1.0928,-1.1425,-1.0437,-0.9523,-0.7961,-0.6647,-0.6553,-0.392,-0.1642,-0.0895,-0.0942,-0.0945,-0.0987,-0.1159,-0.1388,-0.1566,-0.1555,-0.1279,-0.0753,-0.004,0.0767,0.1516,0.203,0.2217,0.2121,0.1859,-0.2876,-0.2784,-0.2683,-0.2592,-0.2553,-0.2663,-0.3095,-0.4085,-0.5807,-0.8207,-1.0573,-1.0356,-0.967,-0.9178,-0.6835,-0.4913,-0.3314,-0.0598,0.1418,0.0574,-0.0761,-0.0756,-0.0741,-0.1071,-0.1584,-0.2054,-0.2136,-0.1681,-0.0831,0.0277,0.1539,0.2704,0.3407,0.3497,0.3151,0.2628,-0.3031,-0.3006,-0.2997,-0.303,-0.3147,-0.3419,-0.3938,-0.4795,-0.6,-0.7378,-0.8409,-0.8601,-0.8831,-0.8369,-0.4461,-0.2022,-0.0566,0.3565,0.7033,0.3333,0.0919,0.0082,-0.0371,-0.1049,-0.2093,-0.322,-0.3444,-0.2468,-0.1024,0.0634,0.2556,0.4368,0.5285,0.5086,0.4294,0.3403,-0.3167,-0.3189,-0.324,-0.3342,-0.3525,-0.3831,-0.4298,-0.4944,-0.5722,-0.6483,-0.6981,-0.7042,-0.661,-0.4695,0.0291,0.2072,0.0897,0.37,0.5928,0.4354,0.2471,0.1036,0.0088,-0.0978,-0.2725,-0.5165,-0.5639,-0.3331,-0.1108,0.1004,0.3593,0.6177,0.7249,0.6572,0.5245,0.3994,-0.3271,-0.3323,-0.3406,-0.3535,-0.3729,-0.4007,-0.4378,-0.483,-0.5308,-0.5708,-0.5889,-0.5696,-0.4893,-0.2937,0.032,0.1489,0.102,0.2619,0.4951,0.5677,0.3311,0.1655,0.0626,-0.0526,-0.2379,-0.5264,-0.5853,-0.2556,-0.0581,0.1296,0.3983,0.6849,0.7955,0.7069,0.5552,0.419,-0.3343,-0.3409,-0.3502,-0.3633,-0.3808,-0.4035,-0.4308,-0.4605,-0.488,-0.5058,-0.5045,-0.4728,-0.397,-0.2668,-0.1115,-0.0132,0.0564,0.191,0.3641,0.4113,0.2906,0.2036,0.1456,0.0476,-0.0706,-0.1037,0.075,0.0742,0.0519,0.1449,0.3429,0.567,0.6694,0.6191,0.5051,0.3921,-0.3383,-0.3452,-0.3543,-0.3659,-0.3804,-0.3976,-0.4163,-0.4345,-0.4484,-0.4527,-0.4414,-0.4077,-0.3469,-0.2605,-0.1643,-0.0776,0.0074,0.1075,0.2019,0.2413,0.2424,0.2847,0.2919,0.1746,0.0709,0.1223,0.2898,0.2176,0.1227,0.1469,0.2594,0.3966,0.4763,0.469,0.4085,0.3337,-0.3396,-0.3461,-0.3541,-0.3637,-0.3748,-0.387,-0.3989,-0.4088,-0.4138,-0.4103,-0.3944,-0.363,-0.3143,-0.251,-0.1799,-0.107,-0.0325,0.0434,0.1118,0.1665,0.236,0.3567,0.3914,0.2507,0.1329,0.1289,0.1789,0.1641,0.1263,0.1359,0.1943,0.2703,0.3238,0.334,0.3087,0.2659,-0.3387,-0.3443,-0.3509,-0.3583,-0.3663,-0.3742,-0.381,-0.385,-0.3843,-0.3764,-0.359,-0.3305,-0.2905,-0.2406,-0.1839,-0.1237,-0.0616,0.0005,0.0603,0.121,0.1972,0.2853,0.3041,0.2216,0.1389,0.1107,0.115,0.1129,0.106,0.1158,0.1477,0.1894,0.2226,0.235,0.2263,0.2032]}]