docs/data/wind_grid.json
[{"header":{"la1":42.85,"la2":41.18,"lo1":11.55,"lo2":14.05,"nx":36,"ny":24,"dx":0.07143,"dy":0.07261,"parameterCategory":2,"parameterNumber":2,"parameterNumberName":"eastward_wind","parameterUnit":"m.s-1"},"data":[-0.786,-0.7906,-0.7929,-0.7928,-0.7903,-0.7853,-0.777,-0.7646,-0.7474,-0.7262,-0.7027,-0.6798,-0.6598,-0.6441,-0.6328,-0.6246,-0.6167,-0.6056,-0.5881,-0.5632,-0.5341,-0.5075,-0.4903,-0.4849,-0.4886,-0.4967,-0.5055,-0.5129,-0.5184,-0.5219,-0.5238,-0.5246,-0.5245,-0.5239,-0.523,-0.5219,-0.812,-0.8189,-0.8231,-0.8245,-0.8235,-0.8202,-0.8136,-0.8014,-0.7814,-0.7538,-0.7219,-0.6908,-0.665,-0.6467,-0.636,-0.6309,-0.6272,-0.6182,-0.5969,-0.5593,-0.5105,-0.4659,-0.4417,-0.4417,-0.4568,-0.476,-0.4929,-0.5054,-0.5137,-0.5187,-0.5213,-0.5223,-0.5223,-0.5217,-0.5207,-0.5195,-0.8426,-0.8527,-0.8593,-0.8625,-0.8636,-0.8638,-0.8623,-0.8538,-0.8315,-0.7937,-0.7474,-0.7029,-0.668,-0.6462,-0.6373,-0.6388,-0.6445,-0.6434,-0.6199,-0.5605,-0.4706,-0.3863,-0.3521,-0.3713,-0.4128,-0.4521,-0.4808,-0.4994,-0.5104,-0.5165,-0.5195,-0.5204,-0.5203,-0.5194,-0.5182,-0.5169,-0.8788,-0.8939,-0.9037,-0.9083,-0.911,-0.9169,-0.9275,-0.9325,-0.9113,-0.8555,-0.7821,-0.7148,-0.6662,-0.6394,-0.6338,-0.6467,-0.6715,-0.6921,-0.6765,-0.5842,-0.4051,-0.2248,-0.1824,-0.2629,-0.3605,-0.4305,-0.4729,-0.4968,-0.5095,-0.5157,-0.5183,-0.5188,-0.5182,-0.517,-0.5155,-0.514,-0.9221,-0.9451,-0.9599,-0.9649,-0.9658,-0.9773,-1.0128,-1.0574,-1.0502,-0.9555,-0.8275,-0.7223,-0.6545,-0.6216,-0.6203,-0.6497,-0.7076,-0.7788,-0.8083,-0.6866,-0.3331,0.0828,0.1005,-0.1383,-0.323,-0.424,-0.475,-0.4999,-0.5115,-0.5163,-0.5177,-0.5172,-0.5159,-0.5143,-0.5125,-0.5108,-0.9734,-1.0102,-1.0354,-1.0397,-1.0289,-1.0355,-1.1071,-1.2503,-1.2969,-1.1044,-0.8707,-0.714,-0.6257,-0.5861,-0.5882,-0.6356,-0.7382,-0.9031,-1.0707,-0.976,-0.4334,0.2827,0.2525,-0.1277,-0.3477,-0.4475,-0.491,-0.5093,-0.5161,-0.5178,-0.5171,-0.5154,-0.5132,-0.511,-0.5089,-0.5069,-1.0308,-1.0919,-1.1418,-1.1507,-1.1091,-1.0763,-1.1528,-1.4177,-1.5663,-1.2071,-0.8611,-0.6719,-0.5727,-0.5262,-0.5258,-0.5838,-0.7228,-0.9773,-1.3265,-1.2895,-0.8091,-0.3192,-0.2004,-0.3476,-0.4532,-0.5004,-0.5177,-0.5221,-0.5213,-0.5187,-0.5157,-0.5126,-0.5096,-0.5069,-0.5045,-0.5024,-1.0859,-1.1813,-1.2825,-1.3219,-1.2243,-1.0993,-1.0838,-1.2353,-1.3121,-1.0215,-0.7459,-0.5884,-0.4954,-0.4379,-0.418,-0.4697,-0.6233,-0.8722,-1.1374,-1.1822,-1.1782,-1.0359,-0.7597,-0.6268,-0.5805,-0.5584,-0.5434,-0.5321,-0.5236,-0.5173,-0.5123,-0.5083,-0.5048,-0.5018,-0.4992,-0.497,-1.1229,-1.2443,-1.3953,-1.4908,-1.3346,-1.1134,-0.9698,-0.9073,-0.8324,-0.6966,-0.5772,-0.4859,-0.4065,-0.3247,-0.2383,-0.252,-0.4533,-0.7116,-0.9431,-1.2014,-1.6727,-1.5512,-1.0623,-0.7895,-0.6589,-0.5915,-0.5539,-0.5321,-0.5194,-0.5115,-0.5061,-0.502,-0.4984,-0.4953,-0.4926,-0.4905,-1.1308,-1.2546,-1.387,-1.4524,-1.3641,-1.1204,-0.8837,-0.7011,-0.5205,-0.4244,-0.4286,-0.395,-0.3264,-0.2193,0.031,0.1607,-0.2777,-0.6318,-0.8711,-1.1244,-1.466,-1.3987,-1.0468,-0.8026,-0.6624,-0.5828,-0.5391,-0.5169,-0.5061,-0.5005,-0.4967,-0.4934,-0.4903,-0.4872,-0.4846,-0.4826,-1.1115,-1.2388,-1.4145,-1.6717,-1.5947,-1.1426,-0.8276,-0.6161,-0.3019,-0.1592,-0.3333,-0.3303,-0.262,-0.1777,0.0202,0.1741,-0.337,-0.7288,-0.9266,-1.0064,-1.068,-1.0267,-0.873,-0.7166,-0.6,-0.5278,-0.494,-0.4839,-0.4835,-0.4847,-0.4847,-0.483,-0.4804,-0.4774,-0.4748,-0.473,-1.0646,-1.1836,-1.3677,-1.6194,-1.5231,-1.0578,-0.7891,-0.6952,-0.475,-0.2953,-0.3359,-0.2883,-0.1982,-0.0941,-0.1437,-0.2965,-0.6379,-1.1509,-1.3006,-1.0798,-0.9247,-0.823,-0.7144,-0.5961,-0.4877,-0.4229,-0.4153,-0.4351,-0.4549,-0.4669,-0.4715,-0.4714,-0.4687,-0.4654,-0.4627,-0.4612,-0.992,-1.0738,-1.1726,-1.2385,-1.1318,-0.8964,-0.7673,-0.7951,-0.6975,-0.4776,-0.3482,-0.2551,-0.1778,-0.0449,-0.1368,-0.4404,-0.8385,-1.9971,-2.0489,-1.206,-0.8561,-0.6963,-0.5895,-0.4746,-0.3362,-0.2602,-0.3075,-0.3811,-0.4287,-0.4518,-0.4596,-0.4589,-0.4546,-0.4501,-0.4472,-0.4463,-0.9084,-0.95,-0.9816,-0.9733,-0.896,-0.7864,-0.7281,-0.7405,-0.6676,-0.4714,-0.3268,-0.2284,-0.1872,-0.0429,-0.3015,-0.5248,-0.763,-1.3978,-1.5284,-1.0105,-0.6941,-0.5485,-0.4771,-0.3857,-0.214,-0.1089,-0.2261,-0.352,-0.4185,-0.4454,-0.4504,-0.4449,-0.4364,-0.4295,-0.4263,-0.4269,-0.8295,-0.8442,-0.8447,-0.8199,-0.7668,-0.7039,-0.6565,-0.6173,-0.5307,-0.3965,-0.2927,-0.2346,-0.1618,-0.0186,-0.3689,-0.5842,-1.3181,-0.9836,-0.87,-0.6313,-0.3839,-0.3175,-0.3579,-0.3541,-0.2591,-0.1873,-0.2757,-0.3809,-0.4353,-0.4506,-0.4433,-0.4262,-0.4093,-0.3991,-0.397,-0.4012,-0.7625,-0.7623,-0.7505,-0.7234,-0.6821,-0.6336,-0.5834,-0.5238,-0.4378,-0.3268,-0.2273,-0.2103,-0.2118,-0.2202,-0.3956,-0.7411,-1.1259,-0.7938,-0.5531,-0.2933,0.0866,0.0099,-0.2385,-0.3495,-0.3687,-0.3705,-0.4125,-0.4599,-0.4775,-0.4651,-0.4329,-0.3945,-0.3643,-0.3515,-0.3548,-0.3674,-0.708,-0.7001,-0.6835,-0.6569,-0.6211,-0.5782,-0.5289,-0.4698,-0.3964,-0.311,-0.237,-0.2332,-0.2294,-0.2373,-0.3404,-0.4802,-0.5524,-0.4112,-0.2352,-0.1278,0.168,0.0681,-0.2124,-0.3731,-0.4659,-0.5286,-0.5659,-0.5678,-0.5377,-0.483,-0.41,-0.3349,-0.2851,-0.2757,-0.2953,-0.3251,-0.6644,-0.6527,-0.6344,-0.6089,-0.5766,-0.5382,-0.4938,-0.4429,-0.3862,-0.3295,-0.2865,-0.2635,-0.2356,-0.226,-0.2204,-0.2264,-0.2593,-0.0525,0.2102,-0.0349,-0.0877,-0.1451,-0.2882,-0.4381,-0.5849,-0.7172,-0.7615,-0.7036,-0.6098,-0.4989,-0.3652,-0.2279,-0.1509,-0.1636,-0.2204,-0.2786,-0.6298,-0.6163,-0.5977,-0.5738,-0.5447,-0.5108,-0.4726,-0.4307,-0.3872,-0.346,-0.3116,-0.2833,-0.2524,-0.1939,0.0152,0.1106,-0.1081,-0.0244,0.1081,-0.0366,-0.1455,-0.2444,-0.3626,-0.5135,-0.7147,-0.9502,-1.0022,-0.8435,-0.6803,-0.5132,-0.3087,-0.0821,0.0257,-0.0388,-0.1508,-0.2409,-0.6022,-0.5881,-0.5701,-0.548,-0.522,-0.4925,-0.46,-0.4256,-0.3908,-0.3576,-0.3271,-0.297,-0.2577,-0.1792,-0.0115,0.0441,-0.0995,-0.1053,-0.0381,-0.0155,-0.1556,-0.2877,-0.4086,-0.5578,-0.7681,-1.0101,-1.0603,-0.9104,-0.7291,-0.5322,-0.2961,-0.0223,0.1011,0.0069,-0.1287,-0.2295,-0.5802,-0.5663,-0.5493,-0.5291,-0.506,-0.4804,-0.4528,-0.424,-0.3952,-0.367,-0.3396,-0.3106,-0.274,-0.2205,-0.1555,-0.135,-0.1631,-0.1601,-0.1154,-0.1131,-0.2205,-0.3356,-0.4311,-0.5571,-0.7468,-0.9568,-1.1133,-1.0045,-0.7477,-0.5409,-0.3519,-0.1468,-0.0384,-0.081,-0.1724,-0.2506,-0.5628,-0.5493,-0.5335,-0.5152,-0.4948,-0.4725,-0.4489,-0.4245,-0.4,-0.3758,-0.3517,-0.3264,-0.2979,-0.2654,-0.2358,-0.2225,-0.2235,-0.2208,-0.2154,-0.2391,-0.3102,-0.383,-0.4224,-0.5183,-0.7046,-0.9669,-1.2544,-1.0398,-0.6298,-0.4716,-0.3911,-0.2899,-0.2163,-0.211,-0.2472,-0.2913,-0.5488,-0.5361,-0.5215,-0.5051,-0.487,-0.4675,-0.4472,-0.4263,-0.4054,-0.3846,-0.3639,-0.3431,-0.3217,-0.3008,-0.2838,-0.2743,-0.2721,-0.2741,-0.2839,-0.3124,-0.3618,-0.399,-0.4026,-0.4797,-0.6335,-0.8085,-0.8999,-0.6555,-0.2943,-0.3172,-0.3736,-0.3567,-0.3212,-0.306,-0.3141,-0.334,-0.5378,-0.5259,-0.5125,-0.4977,-0.4817,-0.4647,-0.447,-0.429,-0.4111,-0.3933,-0.376,-0.359,-0.3429,-0.3284,-0.3173,-0.311,-0.3101,-0.315,-0.3278,-0.3515,-0.3831,-0.4069,-0.424,-0.4803,-0.5731,-0.6524,-0.6413,-0.4552,-0.2462,-0.2853,-0.3638,-0.3823,-0.3723,-0.3622,-0.3616,-0.3692]},{"header":{"la1":42.85,"la2":41.18,"lo1":11.55,"lo2":14.05,"nx":36,"ny":24,"dx":0.07143,"dy":0.07261,"parameterCategory":2,"parameterNumber":3,"parameterNumberName":"northward_wind","parameterUnit":"m.s-1"},"data":[-0.6634,-0.6632,-0.6619,-0.6593,-0.6553,-0.65,-0.6435,-0.6362,-0.6282,-0.6191,-0.6082,-0.5948,-0.5784,-0.559,-0.537,-0.5133,-0.4891,-0.466,-0.4454,-0.4285,-0.4157,-0.4069,-0.4014,-0.3987,-0.3981,-0.3993,-0.4021,-0.4061,-0.4112,-0.4171,-0.4236,-0.4306,-0.4378,-0.4451,-0.4525,-0.4597,-0.6711,-0.6716,-0.6708,-0.6681,-0.6636,-0.6572,-0.6497,-0.6418,-0.634,-0.6259,-0.616,-0.6029,-0.5856,-0.5639,-0.5384,-0.51,-0.4806,-0.4525,-0.4281,-0.4092,-0.3962,-0.3884,-0.3841,-0.3825,-0.3828,-0.3851,-0.389,-0.3943,-0.4007,-0.4079,-0.4158,-0.4241,-0.4326,-0.4411,-0.4496,-0.4578,-0.6793,-0.6807,-0.6804,-0.6777,-0.6721,-0.6636,-0.6535,-0.6437,-0.6362,-0.6307,-0.624,-0.6128,-0.5954,-0.5714,-0.5415,-0.5071,-0.4705,-0.4354,-0.4062,-0.3859,-0.3747,-0.3699,-0.3678,-0.3668,-0.3674,-0.3702,-0.3751,-0.3818,-0.3897,-0.3985,-0.408,-0.4178,-0.4277,-0.4376,-0.4473,-0.4566,-0.6877,-0.6906,-0.6914,-0.6886,-0.6813,-0.6687,-0.6522,-0.6368,-0.6292,-0.6299,-0.6312,-0.625,-0.6086,-0.5826,-0.5479,-0.5058,-0.4589,-0.4131,-0.3769,-0.3571,-0.3532,-0.3576,-0.3584,-0.3545,-0.3525,-0.3548,-0.3605,-0.3686,-0.3783,-0.3889,-0.4002,-0.4118,-0.4234,-0.4348,-0.4459,-0.4564,-0.6963,-0.7016,-0.7044,-0.7023,-0.6927,-0.673,-0.6426,-0.6102,-0.599,-0.6163,-0.6367,-0.6408,-0.6272,-0.5996,-0.5599,-0.5085,-0.4469,-0.3829,-0.3341,-0.3178,-0.3343,-0.3655,-0.3665,-0.3472,-0.3372,-0.338,-0.3448,-0.3548,-0.3664,-0.3792,-0.3926,-0.4062,-0.4198,-0.433,-0.4456,-0.4574,-0.7044,-0.7138,-0.7212,-0.7213,-0.7097,-0.6814,-0.6263,-0.5477,-0.5181,-0.5818,-0.6443,-0.664,-0.6534,-0.6249,-0.5818,-0.5213,-0.4406,-0.3456,-0.2689,-0.2576,-0.301,-0.3791,-0.3751,-0.3318,-0.3159,-0.3179,-0.3273,-0.3399,-0.3541,-0.3694,-0.3853,-0.4014,-0.4173,-0.4326,-0.4469,-0.4602,-0.7104,-0.7271,-0.7449,-0.7509,-0.7366,-0.7038,-0.6304,-0.4823,-0.4076,-0.5598,-0.6739,-0.7018,-0.6897,-0.6613,-0.6194,-0.5545,-0.4561,-0.3263,-0.2123,-0.2064,-0.216,-0.267,-0.2908,-0.28,-0.2818,-0.293,-0.3076,-0.3238,-0.3412,-0.3596,-0.3787,-0.3977,-0.4163,-0.4339,-0.4503,-0.465,-0.7103,-0.7377,-0.7811,-0.805,-0.7728,-0.7408,-0.6999,-0.5961,-0.5445,-0.6738,-0.7565,-0.7595,-0.7354,-0.7104,-0.6824,-0.624,-0.5132,-0.3669,-0.2426,-0.1655,-0.0163,-0.0176,-0.1317,-0.202,-0.2398,-0.2651,-0.286,-0.3063,-0.3275,-0.3498,-0.3727,-0.3955,-0.4174,-0.4379,-0.4564,-0.4727,-0.6967,-0.727,-0.811,-0.8927,-0.7879,-0.7617,-0.8064,-0.8363,-0.8725,-0.914,-0.891,-0.8305,-0.783,-0.7698,-0.7899,-0.763,-0.6165,-0.4382,-0.272,-0.0451,0.3328,0.2654,-0.0073,-0.143,-0.2043,-0.2376,-0.2624,-0.2865,-0.3124,-0.3399,-0.368,-0.3956,-0.4216,-0.4453,-0.4663,-0.4842,-0.6657,-0.6627,-0.6896,-0.7159,-0.6157,-0.7287,-0.9096,-1.0618,-1.2127,-1.2426,-1.0596,-0.896,-0.8181,-0.8202,-0.9615,-1.0467,-0.7338,-0.4906,-0.3114,-0.09,0.1887,0.1658,-0.0216,-0.1302,-0.1811,-0.2092,-0.2338,-0.2622,-0.2949,-0.33,-0.3653,-0.3991,-0.4302,-0.4577,-0.4812,-0.5006,-0.6322,-0.5731,-0.4254,-0.0875,-0.1677,-0.6771,-1.036,-1.2579,-1.5439,-1.6905,-1.1989,-0.9241,-0.8323,-0.8292,-0.9416,-1.0497,-0.6941,-0.4755,-0.3469,-0.2186,-0.095,-0.0621,-0.1021,-0.1389,-0.156,-0.1683,-0.1918,-0.2291,-0.274,-0.3207,-0.366,-0.408,-0.4453,-0.4772,-0.5033,-0.5236,-0.6222,-0.5483,-0.3829,-0.1121,-0.2236,-0.7924,-1.2403,-1.4697,-1.4936,-1.484,-1.1233,-0.8947,-0.8405,-0.8951,-0.8138,-0.6539,-0.4912,-0.4069,-0.3613,-0.2798,-0.2014,-0.1563,-0.1401,-0.1263,-0.1023,-0.0917,-0.1228,-0.1832,-0.2504,-0.3145,-0.3731,-0.4254,-0.4702,-0.5068,-0.535,-0.5553,-0.6413,-0.5974,-0.5285,-0.4857,-0.6349,-0.9987,-1.4029,-1.7031,-1.5409,-1.2297,-0.9786,-0.8483,-0.8238,-0.9357,-0.7921,-0.3831,-0.2633,-0.411,-0.4183,-0.2799,-0.2,-0.1532,-0.124,-0.0811,-0.0008,0.0473,-0.0195,-0.13,-0.2307,-0.3167,-0.3915,-0.4562,-0.5098,-0.5511,-0.5802,-0.5984,-0.6727,-0.6631,-0.6623,-0.7043,-0.8366,-1.0619,-1.3284,-1.5424,-1.4282,-1.0905,-0.8794,-0.8348,-0.8344,-0.774,-0.4154,0.117,0.1015,-0.1779,-0.2808,-0.197,-0.1165,-0.0766,-0.0701,-0.0327,0.0968,0.1902,0.0645,-0.0998,-0.2292,-0.3353,-0.4278,-0.5075,-0.5714,-0.6169,-0.6442,-0.6565,-0.7,-0.7102,-0.7349,-0.7888,-0.8837,-1.0127,-1.143,-1.206,-1.1094,-0.9164,-0.7859,-0.7388,-0.6882,-0.6123,-0.249,0.2813,0.8585,0.1905,-0.0769,-0.0479,0.1006,0.1161,0.0216,-0.0151,0.0542,0.1154,0.0179,-0.1263,-0.2566,-0.3767,-0.4895,-0.5895,-0.6667,-0.7143,-0.734,-0.7335,-0.7164,-0.7338,-0.7621,-0.8063,-0.8665,-0.933,-0.9828,-0.9816,-0.9071,-0.792,-0.7089,-0.695,-0.6676,-0.5691,-0.3069,0.1692,0.5932,0.1417,-0.0704,0.1015,0.6029,0.4881,0.1337,-0.0123,-0.0325,-0.0314,-0.0824,-0.1795,-0.3018,-0.44,-0.585,-0.7184,-0.8146,-0.8589,-0.8585,-0.8326,-0.7223,-0.7398,-0.7638,-0.7948,-0.83,-0.8613,-0.8755,-0.8589,-0.8089,-0.7445,-0.7021,-0.6909,-0.7089,-0.6945,-0.452,-0.2186,-0.1064,-0.2283,-0.3113,-0.0069,0.6677,0.5234,0.1255,-0.0329,-0.0656,-0.0643,-0.0965,-0.1919,-0.3383,-0.5191,-0.7235,-0.9194,-1.0461,-1.0712,-1.0244,-0.9524,-0.7204,-0.7352,-0.7531,-0.7731,-0.7923,-0.8054,-0.8059,-0.7891,-0.7571,-0.7209,-0.6942,-0.682,-0.7146,-0.7074,-0.5753,-0.4929,-0.426,-0.58,-0.8099,-0.4043,-0.0191,0.0647,-0.0319,-0.0823,-0.0419,0.0542,0.053,-0.1191,-0.3511,-0.607,-0.909,-1.221,-1.396,-1.3618,-1.2229,-1.08,-0.7136,-0.7249,-0.7372,-0.7493,-0.7589,-0.763,-0.7584,-0.744,-0.7218,-0.6971,-0.6755,-0.6606,-0.6545,-0.646,-0.7068,-0.7476,-0.5731,-0.6189,-0.7175,-0.5363,-0.3446,-0.2184,-0.1796,-0.1361,0.0191,0.3578,0.4284,0.0018,-0.3704,-0.6956,-1.1026,-1.5825,-1.8182,-1.6666,-1.401,-1.1832,-0.7042,-0.7123,-0.7202,-0.7268,-0.7308,-0.7303,-0.7239,-0.7113,-0.6941,-0.6747,-0.6559,-0.6397,-0.6285,-0.6331,-0.6921,-0.7087,-0.5932,-0.562,-0.5863,-0.597,-0.4551,-0.3383,-0.2755,-0.2091,-0.0387,0.3798,0.4774,-0.1293,-0.4819,-0.7747,-1.1836,-1.7278,-1.9894,-1.7775,-1.4628,-1.2213,-0.6936,-0.699,-0.7036,-0.7067,-0.7072,-0.7043,-0.6972,-0.686,-0.6715,-0.6551,-0.6384,-0.6229,-0.6111,-0.6082,-0.6154,-0.6034,-0.5612,-0.5363,-0.5432,-0.5334,-0.4503,-0.3726,-0.3321,-0.3046,-0.2702,-0.3052,-0.6161,-0.6475,-0.6929,-0.8528,-1.113,-1.4809,-1.6911,-1.5877,-1.3722,-1.1822,-0.6828,-0.686,-0.6883,-0.689,-0.6875,-0.6832,-0.6759,-0.6657,-0.6529,-0.6385,-0.6235,-0.6088,-0.5959,-0.5858,-0.5761,-0.5597,-0.5356,-0.5144,-0.4985,-0.4702,-0.4136,-0.3527,-0.3353,-0.3644,-0.4405,-0.6579,-0.9751,-0.8897,-0.9145,-0.9758,-1.0465,-1.1985,-1.3199,-1.3094,-1.2116,-1.0966,-0.6723,-0.6739,-0.6744,-0.6736,-0.6708,-0.6659,-0.6586,-0.649,-0.6375,-0.6246,-0.6108,-0.5969,-0.5834,-0.5703,-0.5564,-0.5397,-0.5202,-0.4997,-0.4771,-0.4446,-0.3923,-0.3242,-0.3069,-0.3782,-0.494,-0.6629,-0.8272,-0.9687,-1.203,-1.1528,-1.0534,-1.0592,-1.1006,-1.1064,-1.0669,-1.0045,-0.6623,-0.6627,-0.6621,-0.6602,-0.6567,-0.6514,-0.6442,-0.6353,-0.6247,-0.613,-0.6003,-0.5872,-0.5738,-0.5602,-0.5457,-0.5298,-0.5122,-0.4931,-0.4711,-0.4426,-0.4037,-0.3611,-0.3551,-0.4144,-0.5165,-0.6476,-0.8017,-1.0204,-1.2396,-1.1795,-1.0474,-0.9937,-0.9872,-0.9827,-0.9617,-0.9262]}]