docs/data/wind_grid.json
[{"header":{"la1":42.85,"la2":41.18,"lo1":11.55,"lo2":14.05,"nx":36,"ny":24,"dx":0.07143,"dy":0.07261,"parameterCategory":2,"parameterNumber":2,"parameterNumberName":"eastward_wind","parameterUnit":"m.s-1"},"data":[4.023,4.0237,4.0228,4.0202,4.0152,4.0071,3.9947,3.9767,3.9514,3.9175,3.8742,3.821,3.7578,3.6847,3.6029,3.5151,3.4266,3.3453,3.2797,3.2362,3.2158,3.2143,3.2249,3.2407,3.2568,3.2704,3.2801,3.2859,3.288,3.2871,3.2839,3.2791,3.2732,3.267,3.2607,3.2547,4.0435,4.0458,4.0469,4.0463,4.0438,4.0384,4.0288,4.0128,3.9879,3.9521,3.9042,3.8438,3.7704,3.6833,3.5823,3.4697,3.3523,3.2429,3.1577,3.1087,3.0974,3.1141,3.1452,3.1793,3.2095,3.2329,3.2491,3.2587,3.2629,3.2629,3.2599,3.2548,3.2485,3.2417,3.2349,3.2286,4.0646,4.0688,4.0719,4.0738,4.0742,4.0726,4.0674,4.0553,4.0321,3.9944,3.9412,3.8726,3.7881,3.6852,3.5608,3.414,3.2521,3.0956,2.9769,2.9224,2.9328,2.9847,3.0505,3.1119,3.1608,3.196,3.219,3.2322,3.2379,3.2382,3.2348,3.2289,3.2217,3.2141,3.2066,3.1999,4.0862,4.0923,4.0975,4.1019,4.1057,4.1089,4.1104,4.1056,4.0863,4.0462,3.9855,3.9076,3.8121,3.6936,3.5428,3.3511,3.1202,2.8805,2.6994,2.6413,2.7026,2.8224,2.9447,3.0438,3.1152,3.1626,3.1916,3.2072,3.2133,3.2129,3.2083,3.201,3.1925,3.1836,3.1752,3.1679,4.1082,4.1163,4.1236,4.1302,4.1369,4.1452,4.1559,4.1641,4.153,4.1077,4.0348,3.9463,3.8424,3.7124,3.538,3.2945,2.9632,2.5742,2.2679,2.2156,2.3936,2.637,2.8418,2.9859,3.0792,3.1362,3.1685,3.1843,3.1891,3.1868,3.1799,3.1704,3.1599,3.1494,3.1399,3.1319,4.1306,4.1409,4.1501,4.1583,4.1665,4.1777,4.1977,4.2261,4.2307,4.1729,4.0802,3.9826,3.877,3.7458,3.5603,3.2755,2.8297,2.2086,1.6623,1.6424,2.0514,2.4771,2.7728,2.9542,3.0604,3.12,3.1508,3.1636,3.1649,3.1589,3.1486,3.1361,3.123,3.1105,3.0996,3.0909,4.1535,4.1664,4.1779,4.1874,4.195,4.2036,4.2229,4.2649,4.2872,4.2111,4.1034,4.0085,3.9131,3.7949,3.6219,3.3371,2.8398,2.0327,1.2163,1.2422,1.89,2.4448,2.7786,2.9636,3.0633,3.1146,3.1377,3.1437,3.1392,3.1281,3.1132,3.0968,3.0804,3.0655,3.053,3.0436,4.1769,4.1933,4.2082,4.2201,4.2271,4.2284,4.2292,4.243,4.2459,4.1766,4.0922,4.0213,3.948,3.8553,3.7188,3.4904,3.0824,2.4057,1.6947,1.6678,2.1738,2.6144,2.8749,3.0138,3.0841,3.1161,3.1259,3.1222,3.11,3.0923,3.0719,3.0506,3.0303,3.0125,2.9983,2.9885,4.2005,4.2216,4.2421,4.2599,4.271,4.2691,4.2478,4.2073,4.1511,4.0928,4.058,4.0263,3.979,3.915,3.8261,3.6833,3.4403,3.0695,2.6908,2.58,2.7273,2.9047,3.0212,3.0827,3.1097,3.1163,3.1102,3.0954,3.0745,3.0494,3.0222,2.9951,2.9701,2.9491,2.9333,2.9234,4.2232,4.2503,4.2792,4.3083,4.3335,4.3443,4.3174,4.2139,4.029,3.9393,4.0035,4.0302,4.001,3.9552,3.9099,3.8491,3.747,3.5918,3.4071,3.2613,3.1903,3.1637,3.149,3.1355,3.121,3.1043,3.0841,3.0593,3.0298,2.9967,2.9617,2.9276,2.8969,2.8721,2.8548,2.8457,4.2436,4.2772,4.3161,4.3613,4.4126,4.4639,4.4823,4.3473,3.8493,3.6241,3.9612,4.05,4.0058,3.945,3.9384,3.9581,3.9727,3.9655,3.8705,3.6748,3.4689,3.3106,3.2054,3.1405,3.1001,3.0705,3.0425,3.0108,2.9737,2.9316,2.8872,2.8441,2.8062,2.7771,2.7588,2.7519,4.2594,4.2987,4.3468,4.4082,4.4902,4.604,4.7561,4.8311,4.3221,3.9274,4.0879,4.1122,3.9973,3.8175,3.8951,4.0215,4.1656,4.3603,4.3176,3.9538,3.5805,3.3137,3.1552,3.0741,3.0344,3.0093,2.9832,2.949,2.9047,2.852,2.795,2.7395,2.6919,2.6577,2.6395,2.6374,4.269,4.3114,4.3647,4.4352,4.5346,4.6853,4.9256,5.2853,4.8872,4.4211,4.2607,4.2407,4.1221,3.8095,3.9172,4.104,4.334,4.8171,4.7837,4.062,3.4733,3.1165,2.959,2.9184,2.92,2.9222,2.9089,2.8756,2.8233,2.7558,2.6802,2.6062,2.5449,2.5045,2.4888,2.4962,4.2711,4.3134,4.3661,4.4345,4.5273,4.6571,4.8252,4.9417,4.8133,4.4854,4.3258,4.3684,4.376,4.1776,4.1289,4.2901,4.4757,4.5895,4.4537,3.7093,2.9648,2.5871,2.5623,2.6688,2.7681,2.8213,2.8282,2.7961,2.7315,2.6411,2.5358,2.4325,2.3505,2.3036,2.2957,2.3211,4.266,4.3052,4.3524,4.4101,4.481,4.5648,4.6461,4.6724,4.5722,4.4123,4.3252,4.291,4.253,4.2125,4.2576,4.6189,5.0457,4.4457,3.8365,2.8494,1.7129,1.4824,1.937,2.3662,2.6174,2.7309,2.7554,2.719,2.6335,2.5061,2.3516,2.1993,2.0852,2.0336,2.0455,2.1046,4.2549,4.2894,4.3286,4.3729,4.421,4.4673,4.4974,4.4877,4.4288,4.3645,4.3599,4.2329,4.2552,4.2817,4.3279,4.5753,4.818,4.2572,3.4306,1.8077,-0.6003,-0.2045,1.3039,2.1512,2.5342,2.6806,2.7051,2.6544,2.5367,2.3506,2.1125,1.8753,1.7117,1.6646,1.7222,1.8423,4.2396,4.2688,4.3002,4.3329,4.3644,4.3896,4.4007,4.3908,4.3644,4.3451,4.3548,4.316,4.4186,4.4891,4.3915,4.3887,4.2991,3.9676,3.4376,1.9361,-0.8641,-0.3365,1.3417,2.2091,2.5691,2.6837,2.6844,2.6129,2.4535,2.1794,1.8007,1.4147,1.1778,1.1656,1.3197,1.5422,4.2218,4.2461,4.2709,4.2951,4.3166,4.3323,4.3389,4.3358,4.3278,4.3243,4.3298,4.3558,4.473,4.5191,4.5106,4.4925,4.2406,3.9313,3.8444,3.1707,1.8887,1.5912,2.0948,2.5081,2.6853,2.7142,2.6868,2.6022,2.3998,2.0109,1.4148,0.7823,0.4529,0.5456,0.8724,1.2405,4.2027,4.2228,4.2426,4.2611,4.277,4.2887,4.2951,4.2973,4.2983,4.303,4.3163,4.3484,4.4102,4.5096,4.8285,4.9574,4.3942,4.0233,3.9447,3.8904,3.3285,2.8805,2.8022,2.8244,2.7862,2.7217,2.6977,2.6119,2.3798,1.8888,1.0436,0.098,-0.3094,-0.0366,0.5004,1.0121,4.1831,4.1998,4.2159,4.2306,4.2432,4.253,4.2599,4.2649,4.2701,4.2785,4.2943,4.3236,4.3784,4.4983,4.7609,4.8231,4.4134,4.171,4.378,4.534,3.9119,3.4792,3.2652,3.0809,2.8636,2.7168,2.6903,2.5802,2.372,1.8754,0.9352,-0.153,-0.5864,-0.2303,0.3856,0.9441,4.1634,4.1774,4.1907,4.2028,4.2132,4.2217,4.2285,4.2344,4.2409,4.2498,4.264,4.2876,4.3279,4.3964,4.4775,4.4557,4.2926,4.1819,4.2561,4.2673,3.9977,3.8124,3.6674,3.3665,2.9795,2.6674,2.4559,2.4468,2.3702,1.9829,1.2141,0.3307,-0.0763,0.1315,0.6001,1.0666,4.144,4.1557,4.1668,4.1767,4.1854,4.1927,4.1989,4.2045,4.2103,4.2176,4.2278,4.2427,4.2638,4.2887,4.3,4.2652,4.1857,4.1187,4.0974,4.0693,4.0538,4.2007,4.2164,3.7548,3.152,2.634,2.32,2.3848,2.3951,2.1384,1.6301,1.0571,0.7288,0.7604,1.012,1.3224,4.1247,4.1346,4.1438,4.152,4.1591,4.1651,4.1701,4.1745,4.1787,4.1831,4.1884,4.1946,4.2006,4.2024,4.1908,4.1569,4.1051,4.0554,4.0239,4.0253,4.1382,4.4626,4.5652,4.0273,3.3567,2.8341,2.5521,2.5069,2.4692,2.2912,1.9766,1.628,1.3919,1.3433,1.4456,1.622,4.1058,4.114,4.1215,4.1282,4.1338,4.1384,4.142,4.1447,4.1467,4.148,4.1486,4.1479,4.1442,4.1347,4.1152,4.0836,4.0433,4.0041,3.9792,3.992,4.089,4.2715,4.2891,3.9422,3.4624,3.0601,2.807,2.6818,2.5861,2.4409,2.236,2.0176,1.8535,1.7869,1.8142,1.904]},{"header":{"la1":42.85,"la2":41.18,"lo1":11.55,"lo2":14.05,"nx":36,"ny":24,"dx":0.07143,"dy":0.07261,"parameterCategory":2,"parameterNumber":3,"parameterNumberName":"northward_wind","parameterUnit":"m.s-1"},"data":[-0.1505,-0.1442,-0.1371,-0.1297,-0.1227,-0.1176,-0.1163,-0.1214,-0.1349,-0.1579,-0.1903,-0.2314,-0.2808,-0.338,-0.4024,-0.4718,-0.5414,-0.6042,-0.6517,-0.6777,-0.6808,-0.6643,-0.6345,-0.5977,-0.5591,-0.5216,-0.4869,-0.4556,-0.4279,-0.4035,-0.3821,-0.3634,-0.347,-0.3326,-0.3201,-0.309,-0.1439,-0.1354,-0.1254,-0.1137,-0.1012,-0.0895,-0.0818,-0.0823,-0.0949,-0.1212,-0.1604,-0.2103,-0.2703,-0.3408,-0.4228,-0.515,-0.6117,-0.7009,-0.7673,-0.7988,-0.7934,-0.7591,-0.7086,-0.6527,-0.5984,-0.5488,-0.5053,-0.4676,-0.4353,-0.4076,-0.3839,-0.3635,-0.3459,-0.3307,-0.3175,-0.3061,-0.1383,-0.1278,-0.1143,-0.0975,-0.0773,-0.0554,-0.0361,-0.0275,-0.0378,-0.0699,-0.1198,-0.1817,-0.254,-0.3396,-0.4432,-0.567,-0.7053,-0.8391,-0.9378,-0.9756,-0.9502,-0.8822,-0.7973,-0.7131,-0.638,-0.5741,-0.5208,-0.4766,-0.4398,-0.4091,-0.3832,-0.3614,-0.3429,-0.3271,-0.3136,-0.302,-0.1344,-0.1221,-0.1055,-0.083,-0.0529,-0.0152,0.0247,0.0523,0.0475,0.0032,-0.0668,-0.146,-0.2315,-0.3315,-0.4587,-0.6242,-0.8273,-1.0401,-1.199,-1.2421,-1.1699,-1.0373,-0.8968,-0.7736,-0.6734,-0.594,-0.531,-0.4808,-0.4402,-0.4071,-0.3797,-0.3569,-0.3378,-0.3217,-0.3081,-0.2965,-0.1328,-0.1196,-0.1009,-0.0735,-0.0326,0.0267,0.1031,0.1724,0.1816,0.1074,-0.0035,-0.1075,-0.2035,-0.3122,-0.4598,-0.6735,-0.9715,-1.3256,-1.6044,-1.6452,-1.4651,-1.2151,-0.9935,-0.8233,-0.6974,-0.604,-0.5333,-0.4787,-0.4356,-0.401,-0.3728,-0.3497,-0.3304,-0.3144,-0.301,-0.2897,-0.1337,-0.121,-0.1023,-0.0733,-0.0253,0.0558,0.1857,0.3416,0.389,0.2409,0.0524,-0.0783,-0.1727,-0.2761,-0.431,-0.6846,-1.0928,-1.6663,-2.1721,-2.187,-1.7924,-1.369,-1.0569,-0.8455,-0.7014,-0.5998,-0.5255,-0.4692,-0.4254,-0.3905,-0.3624,-0.3394,-0.3206,-0.3051,-0.2922,-0.2815,-0.1369,-0.1262,-0.1107,-0.0857,-0.0415,0.0436,0.2097,0.4719,0.5861,0.317,0.0496,-0.0761,-0.1407,-0.2168,-0.356,-0.6147,-1.0794,-1.8311,-2.5892,-2.5642,-1.9481,-1.4006,-1.0463,-0.8242,-0.6791,-0.5791,-0.5066,-0.4518,-0.4092,-0.3754,-0.3483,-0.3263,-0.3084,-0.2938,-0.2818,-0.272,-0.1416,-0.1341,-0.1241,-0.1091,-0.0829,-0.0297,0.0853,0.2873,0.3674,0.1192,-0.0702,-0.1072,-0.1001,-0.1255,-0.2277,-0.4475,-0.8474,-1.4891,-2.1484,-2.1698,-1.6847,-1.2385,-0.9444,-0.7566,-0.6314,-0.5431,-0.4776,-0.4272,-0.3876,-0.356,-0.3306,-0.3102,-0.2938,-0.2806,-0.2699,-0.2613,-0.1465,-0.1422,-0.138,-0.1347,-0.1328,-0.1332,-0.1367,-0.1562,-0.2433,-0.3472,-0.2961,-0.1498,-0.0292,0.011,-0.0503,-0.2218,-0.5074,-0.8931,-1.2528,-1.3434,-1.1769,-0.9607,-0.7871,-0.6605,-0.5675,-0.4967,-0.4413,-0.397,-0.3613,-0.3327,-0.3097,-0.2915,-0.2771,-0.2657,-0.2567,-0.2495,-0.1504,-0.148,-0.1474,-0.151,-0.1642,-0.2007,-0.2952,-0.5244,-0.9276,-1.0478,-0.6018,-0.1581,0.1081,0.217,0.176,0.0097,-0.2261,-0.4723,-0.6729,-0.7748,-0.7713,-0.71,-0.6345,-0.5633,-0.5008,-0.447,-0.4013,-0.3629,-0.3314,-0.3059,-0.2859,-0.2704,-0.2585,-0.2495,-0.2426,-0.2372,-0.1527,-0.1505,-0.1496,-0.1518,-0.1607,-0.1873,-0.2723,-0.5895,-1.6074,-2.0928,-0.8386,-0.0489,0.3472,0.5292,0.469,0.2207,-0.0659,-0.2925,-0.4334,-0.5148,-0.5513,-0.5498,-0.5236,-0.4851,-0.4422,-0.3996,-0.3603,-0.3263,-0.2982,-0.2761,-0.2594,-0.2472,-0.2385,-0.2324,-0.2279,-0.2246,-0.1537,-0.1503,-0.1464,-0.1412,-0.1319,-0.1102,-0.0606,-0.0729,-0.831,-1.3678,-0.4747,0.2311,0.6425,0.9544,0.8341,0.3743,-0.0458,-0.3213,-0.4135,-0.4404,-0.4646,-0.4734,-0.4616,-0.4336,-0.3965,-0.3568,-0.3193,-0.2871,-0.2617,-0.243,-0.2304,-0.2225,-0.2179,-0.2153,-0.2137,-0.2126,-0.1544,-0.1494,-0.1423,-0.1301,-0.1061,-0.0518,0.0797,0.4261,-0.0397,-0.2815,0.0582,0.6413,0.8497,1.1164,0.995,0.3318,-0.155,-0.4716,-0.4917,-0.4478,-0.4544,-0.4596,-0.4432,-0.4079,-0.3631,-0.3172,-0.2762,-0.2436,-0.2205,-0.2063,-0.1992,-0.1971,-0.1978,-0.1994,-0.201,-0.2021,-0.1557,-0.1499,-0.1413,-0.1271,-0.1019,-0.0571,0.0074,0.0046,-0.0459,-0.0586,0.2149,1.0404,1.255,0.5133,0.4156,-0.0227,-0.4093,-0.4773,-0.4786,-0.4724,-0.4995,-0.5047,-0.4661,-0.4035,-0.3362,-0.2751,-0.226,-0.1919,-0.1723,-0.1651,-0.1666,-0.1729,-0.1805,-0.1872,-0.1919,-0.1945,-0.1582,-0.1526,-0.1447,-0.1328,-0.1151,-0.0909,-0.068,-0.0685,-0.1005,-0.1264,-0.0721,0.1539,0.1913,-0.2445,-0.0028,-0.5679,-1.1327,-0.6604,-0.5066,-0.5414,-0.6422,-0.6396,-0.5314,-0.4098,-0.3041,-0.2196,-0.16,-0.1259,-0.1142,-0.1192,-0.1344,-0.1533,-0.1703,-0.1823,-0.1889,-0.1917,-0.162,-0.1576,-0.1517,-0.144,-0.1348,-0.126,-0.1239,-0.1399,-0.1884,-0.305,-0.5466,-0.4657,-0.3119,-0.2038,-0.24,-0.598,-0.9404,-0.633,-0.5049,-0.6395,-0.9481,-0.8765,-0.6064,-0.3999,-0.2468,-0.1346,-0.0655,-0.0379,-0.0428,-0.0693,-0.1072,-0.1454,-0.1745,-0.1906,-0.1959,-0.1954,-0.1669,-0.1639,-0.1606,-0.1571,-0.1545,-0.1553,-0.1643,-0.19,-0.2468,-0.3639,-0.5384,-0.4785,-0.5745,-0.6491,-0.4141,-0.4458,-0.4983,-0.4167,-0.3742,-0.5761,-0.9805,-0.8894,-0.5749,-0.3328,-0.1418,-0.0006,0.0719,0.0795,0.0438,-0.0181,-0.0926,-0.1611,-0.2047,-0.2194,-0.216,-0.2064,-0.1723,-0.1709,-0.1698,-0.1696,-0.1715,-0.1776,-0.1914,-0.2179,-0.2635,-0.3306,-0.3964,-0.4484,-0.6339,-0.6828,-0.4948,-0.4589,-0.3969,-0.2477,-0.1144,-0.3489,-0.5682,-0.5776,-0.416,-0.2057,0.0143,0.1917,0.2569,0.2242,0.1436,0.0316,-0.0992,-0.2145,-0.2725,-0.2728,-0.2481,-0.2224,-0.1778,-0.1778,-0.1785,-0.1806,-0.1852,-0.1937,-0.2083,-0.2315,-0.2649,-0.3069,-0.3519,-0.4047,-0.4739,-0.5042,-0.5547,-0.5855,-0.4218,-0.2705,-0.2039,-0.3499,-0.3981,-0.3765,-0.2645,-0.0734,0.174,0.389,0.433,0.3645,0.2494,0.0828,-0.1202,-0.2973,-0.3643,-0.3344,-0.2796,-0.2357,-0.183,-0.1841,-0.1862,-0.1897,-0.1956,-0.2049,-0.2187,-0.238,-0.2634,-0.2937,-0.3276,-0.3657,-0.4063,-0.4504,-0.5262,-0.5448,-0.4276,-0.357,-0.4219,-0.4689,-0.3728,-0.2876,-0.1703,0.0121,0.2591,0.4512,0.4841,0.4901,0.3664,0.1507,-0.1091,-0.3296,-0.402,-0.3556,-0.2869,-0.2357,-0.1878,-0.1896,-0.1925,-0.1969,-0.2033,-0.2124,-0.2248,-0.241,-0.2609,-0.2842,-0.3102,-0.3383,-0.3684,-0.4013,-0.4333,-0.4326,-0.3912,-0.3662,-0.3922,-0.399,-0.3209,-0.2246,-0.1242,0.0368,0.2945,0.5828,0.8526,0.7734,0.5115,0.2385,-0.0297,-0.2405,-0.3239,-0.3045,-0.2567,-0.2169,-0.1919,-0.1943,-0.1977,-0.2024,-0.2088,-0.2173,-0.2282,-0.2417,-0.2578,-0.276,-0.296,-0.3171,-0.3384,-0.3584,-0.3718,-0.3697,-0.3536,-0.3393,-0.3328,-0.3089,-0.2445,-0.1745,-0.1318,-0.0019,0.2855,0.7047,1.0844,0.9277,0.5863,0.3012,0.0661,-0.1079,-0.1974,-0.2162,-0.2031,-0.1848,-0.1954,-0.1981,-0.2017,-0.2064,-0.2125,-0.2202,-0.2297,-0.241,-0.254,-0.2684,-0.2837,-0.2992,-0.3138,-0.3258,-0.3321,-0.3299,-0.3201,-0.3062,-0.287,-0.2527,-0.1989,-0.1603,-0.1569,-0.0506,0.2035,0.5311,0.7634,0.715,0.509,0.2981,0.1199,-0.0147,-0.0983,-0.1375,-0.1496,-0.1503,-0.1983,-0.2011,-0.2047,-0.2092,-0.2148,-0.2217,-0.2298,-0.2392,-0.2497,-0.261,-0.2726,-0.2838,-0.2937,-0.3008,-0.3035,-0.3005,-0.2916,-0.2769,-0.2547,-0.2219,-0.1815,-0.1518,-0.1293,-0.0445,0.125,0.3231,0.4579,0.464,0.3718,0.2469,0.127,0.0287,-0.0416,-0.085,-0.1089,-0.1213]}]