docs/data/wind_grid.json
[{"header":{"la1":42.22,"la2":41.45,"lo1":11.9,"lo2":12.97,"nx":16,"ny":12,"dx":0.07133,"dy":0.07,"parameterCategory":2,"parameterNumber":2,"parameterNumberName":"eastward_wind","parameterUnit":"m.s-1"},"data":[1.6196,1.6409,1.6739,1.712,1.7286,1.7156,1.7001,1.6917,1.6853,1.6771,1.6667,1.6553,1.6429,1.6269,1.6044,1.5765,1.6058,1.6259,1.672,1.7508,1.7868,1.7427,1.7155,1.708,1.702,1.6931,1.6816,1.6714,1.6635,1.6492,1.6205,1.5817,1.5814,1.5845,1.617,1.7327,1.8006,1.7428,1.7297,1.7278,1.7167,1.708,1.696,1.6903,1.6972,1.6897,1.6454,1.5854,1.5534,1.523,1.4792,1.5401,1.6731,1.7183,1.7638,1.7665,1.7143,1.7164,1.7085,1.7104,1.7497,1.7553,1.6714,1.5762,1.5373,1.4909,1.4059,1.4296,1.6035,1.7139,1.8428,1.8977,1.7678,1.7372,1.7251,1.7315,1.7633,1.7706,1.6491,1.5264,1.5396,1.512,1.4807,1.5136,1.6096,1.6883,1.7958,1.8468,1.7836,1.749,1.7643,1.8361,1.7317,1.6372,1.5151,1.4011,1.5496,1.5427,1.5451,1.5725,1.6129,1.6358,1.652,1.6906,1.7715,1.7103,1.7865,1.9958,1.7018,1.4015,1.2387,1.1715,1.5561,1.5583,1.5671,1.5845,1.6035,1.6141,1.6124,1.5808,1.5216,1.5676,1.6145,1.6244,1.2796,0.8385,0.7255,0.8183,1.5564,1.5603,1.5673,1.5767,1.5856,1.5886,1.5541,1.3554,1.2133,1.4023,1.3824,1.1088,0.3779,-0.2738,-0.032,0.404,1.5517,1.5544,1.5578,1.5606,1.5595,1.5459,1.4956,1.3782,1.3141,1.3359,1.2029,0.7315,-0.2827,-0.9954,-0.4927,0.1451,1.5437,1.5443,1.5441,1.5416,1.5335,1.5138,1.4739,1.4153,1.363,1.2944,1.1039,0.6611,-0.0577,-0.5134,-0.2695,0.1795,1.5339,1.5323,1.5291,1.5227,1.5108,1.49,1.4571,1.4124,1.3544,1.2607,1.081,0.7689,0.3714,0.117,0.1651,0.3808]},{"header":{"la1":42.22,"la2":41.45,"lo1":11.9,"lo2":12.97,"nx":16,"ny":12,"dx":0.07133,"dy":0.07,"parameterCategory":2,"parameterNumber":3,"parameterNumberName":"northward_wind","parameterUnit":"m.s-1"},"data":[2.2436,2.2788,2.3426,2.4205,2.443,2.3719,2.2748,2.1968,2.1383,2.0903,2.0383,1.9739,1.9086,1.8671,1.8614,1.8831,2.2157,2.2486,2.3442,2.5245,2.6074,2.4442,2.2815,2.1787,2.109,2.0645,2.009,1.9118,1.7992,1.7382,1.7533,1.8091,2.1655,2.1604,2.2252,2.4872,2.6477,2.427,2.2585,2.1457,2.0423,2.0249,1.9859,1.8272,1.605,1.5169,1.6024,1.7277,2.109,2.0276,1.9222,2.0494,2.3113,2.3032,2.2344,2.1456,1.9274,1.9911,1.9875,1.741,1.2941,1.1894,1.4486,1.6714,2.083,1.9627,1.7617,1.8106,2.1498,2.2576,2.2386,2.2124,2.161,2.1194,2.0269,1.7667,1.2326,1.1094,1.4493,1.6947,2.1061,2.0277,1.944,2.012,2.2063,2.3002,2.2924,2.2725,2.2544,2.2396,2.045,1.8572,1.6809,1.5507,1.6685,1.8112,2.1554,2.1303,2.1308,2.1986,2.3057,2.3806,2.4477,2.4383,2.4466,2.3085,2.0289,1.8066,1.8803,1.8903,1.9236,1.9712,2.2034,2.207,2.2326,2.2892,2.3612,2.4007,2.4933,2.5498,2.541,2.3901,2.1668,2.0142,2.0624,2.143,2.1564,2.1344,2.2395,2.2541,2.2833,2.3279,2.3789,2.4206,2.4908,2.7102,2.8617,2.5269,2.3133,2.2328,2.3215,2.4396,2.3789,2.2764,2.2638,2.2814,2.3082,2.3437,2.3845,2.4302,2.5017,2.6366,2.6876,2.5249,2.382,2.3489,2.4721,2.5933,2.493,2.3584,2.2793,2.2965,2.3197,2.3484,2.3816,2.4202,2.4685,2.5199,2.5264,2.4638,2.3944,2.3815,2.4501,2.5112,2.461,2.3699,2.2883,2.3039,2.3234,2.3465,2.3724,2.4003,2.4286,2.449,2.4464,2.4176,2.3846,2.3755,2.3978,2.417,2.396,2.3481]}]