docs/data/wind_grid.json
{"header": {"la1":42.1,"la2":41.55,"lo1":12.1,"lo2":12.95,"nx":50,"ny":50,"dx":0.01735,"dy":0.01122,"parameterCategory":2,"parameterNumber":3,"parameterNumberName":"northward_wind","parameterUnit":"m.s-1"}, "data":
[rows 0 to 45 of 50, columns 0 to 49 of 50]
1.5185,1.5195,1.5204,1.5214,1.5225,1.5236,1.5247,1.5259,1.5271,1.5284,1.5296,1.5308,1.532,1.5329,1.5336,1.5338,1.5334,1.5321,1.5297,1.5259,1.5202,1.5124,1.5021,1.4888,1.4721,1.4517,1.4269,1.3975,1.3629,1.3228,1.277,1.2256,1.169,1.1083,1.0449,0.981,0.9193,0.8626,0.8136,0.7744,0.7464,0.7299,0.7244,0.7284,0.7404,0.7584,0.7808,0.8061,0.8329,0.8604
1.5199,1.5209,1.522,1.5231,1.5242,1.5255,1.5267,1.5281,1.5295,1.531,1.5326,1.5342,1.5357,1.5372,1.5384,1.5392,1.5394,1.5389,1.5371,1.534,1.5289,1.5217,1.5118,1.4987,1.4821,1.4615,1.4364,1.4061,1.3702,1.3283,1.28,1.2252,1.1643,1.0984,1.029,0.9587,0.8905,0.8278,0.774,0.7317,0.7023,0.6862,0.6825,0.6895,0.7051,0.7271,0.7535,0.7825,0.8128,0.8433
1.5213,1.5224,1.5235,1.5247,1.5259,1.5273,1.5287,1.5302,1.5318,1.5336,1.5355,1.5374,1.5394,1.5413,1.5431,1.5446,1.5456,1.5457,1.5448,1.5424,1.5381,1.5314,1.522,1.5093,1.4929,1.4722,1.4467,1.4158,1.3787,1.335,1.2842,1.226,1.1606,1.0891,1.0131,0.9356,0.8601,0.7908,0.7316,0.6858,0.655,0.6395,0.6382,0.6488,0.6686,0.6952,0.726,0.7591,0.7931,0.8268
1.5226,1.5238,1.5249,1.5262,1.5275,1.529,1.5305,1.5322,1.534,1.536,1.5382,1.5405,1.5429,1.5454,1.5478,1.55,1.5517,1.5528,1.5527,1.5512,1.5476,1.5417,1.5328,1.5206,1.5044,1.4837,1.458,1.4265,1.3884,1.3431,1.2899,1.2282,1.1582,1.0808,0.9977,0.9122,0.8285,0.7516,0.6864,0.6367,0.6045,0.5901,0.5917,0.6065,0.6313,0.6629,0.6986,0.7362,0.774,0.8112
1.5239,1.5251,1.5263,1.5276,1.529,1.5306,1.5322,1.5341,1.5361,1.5383,1.5408,1.5434,1.5463,1.5493,1.5524,1.5553,1.558,1.5599,1.5608,1.5602,1.5576,1.5525,1.5443,1.5325,1.5166,1.496,1.4702,1.4383,1.3994,1.3527,1.2972,1.2322,1.1576,1.074,0.9833,0.889,0.7961,0.7107,0.6386,0.5846,0.5512,0.5382,0.5435,0.5633,0.5937,0.6309,0.6718,0.7141,0.756,0.7966
1.5251,1.5263,1.5276,1.529,1.5305,1.5321,1.5338,1.5358,1.538,1.5404,1.5431,1.5462,1.5495,1.5531,1.5568,1.5606,1.5642,1.5672,1.5692,1.5697,1.5681,1.5638,1.5563,1.5451,1.5295,1.5091,1.4833,1.4511,1.4117,1.3639,1.3065,1.2384,1.1592,1.0693,0.9705,0.8667,0.7637,0.6686,0.5888,0.5301,0.4955,0.4845,0.4941,0.5197,0.5563,0.5997,0.6462,0.6934,0.7395,0.7835
1.5262,1.5275,1.5288,1.5302,1.5318,1.5334,1.5353,1.5373,1.5397,1.5423,1.5453,1.5487,1.5525,1.5566,1.5611,1.5658,1.5703,1.5745,1.5777,1.5794,1.579,1.5757,1.569,1.5583,1.5431,1.523,1.4972,1.465,1.4253,1.3768,1.3178,1.2471,1.1637,1.0675,0.9604,0.8463,0.732,0.6262,0.5378,0.474,0.4382,0.4298,0.4445,0.4766,0.5202,0.5701,0.6225,0.6746,0.7248,0.7721
1.5273,1.5286,1.53,1.5314,1.533,1.5347,1.5366,1.5387,1.5412,1.544,1.5472,1.5509,1.5551,1.5599,1.5651,1.5707,1.5764,1.5818,1.5864,1.5896,1.5904,1.5882,1.5822,1.5721,1.5573,1.5374,1.5119,1.4799,1.4403,1.3914,1.3315,1.2587,1.1716,1.0695,0.954,0.8292,0.7027,0.5849,0.4869,0.4175,0.3808,0.3754,0.396,0.4353,0.4863,0.543,0.6013,0.6583,0.7125,0.763
1.5283,1.5296,1.531,1.5325,1.5341,1.5358,1.5377,1.5399,1.5425,1.5454,1.5488,1.5528,1.5575,1.5628,1.5688,1.5754,1.5823,1.5892,1.5953,1.6,1.6023,1.6013,1.5962,1.5865,1.572,1.5523,1.5271,1.4956,1.4564,1.4078,1.3477,1.2737,1.1836,1.0763,0.9527,0.8169,0.6775,0.5468,0.4382,0.3627,0.3251,0.3233,0.3504,0.3974,0.456,0.5195,0.5835,0.6452,0.7031,0.7564
1.5293,1.5306,1.532,1.5335,1.5351,1.5368,1.5387,1.541,1.5435,1.5466,1.5502,1.5544,1.5595,1.5654,1.5721,1.5798,1.588,1.5964,1.6044,1.6109,1.6148,1.6151,1.6108,1.6015,1.5871,1.5676,1.5427,1.5118,1.4736,1.426,1.3665,1.2923,1.2005,1.089,0.9581,0.8116,0.6589,0.5144,0.3944,0.3123,0.2738,0.276,0.3098,0.3647,0.4307,0.5008,0.5701,0.636,0.697,0.7526
1.5302,1.5315,1.5329,1.5344,1.5359,1.5377,1.5396,1.5418,1.5444,1.5475,1.5512,1.5556,1.561,1.5674,1.575,1.5837,1.5933,1.6035,1.6135,1.6221,1.628,1.6297,1.6261,1.617,1.6025,1.583,1.5585,1.5285,1.4916,1.4458,1.3881,1.315,1.223,1.1089,0.972,0.8156,0.6498,0.4911,0.359,0.2699,0.2304,0.2364,0.277,0.3393,0.4123,0.4881,0.562,0.6313,0.6947,0.7522
1.5311,1.5324,1.5338,1.5352,1.5367,1.5384,1.5403,1.5424,1.545,1.548,1.5518,1.5564,1.562,1.5689,1.5772,1.587,1.5981,1.6102,1.6226,1.6338,1.642,1.6453,1.6424,1.6331,1.6181,1.5982,1.5741,1.5452,1.5104,1.4672,1.4124,1.3421,1.2517,1.137,0.9961,0.8316,0.6537,0.4809,0.3365,0.2399,0.199,0.2084,0.2549,0.3235,0.4022,0.4827,0.56,0.6316,0.6968,0.7553
1.5319,1.5332,1.5345,1.5359,1.5374,1.539,1.5408,1.5429,1.5454,1.5483,1.552,1.5567,1.5625,1.5698,1.5787,1.5895,1.6022,1.6165,1.6316,1.6458,1.6568,1.662,1.6597,1.6497,1.6335,1.613,1.5891,1.5617,1.5295,1.4899,1.4395,1.3737,1.2871,1.1744,1.0323,0.8622,0.674,0.4884,0.3319,0.2276,0.1844,0.1959,0.2466,0.3198,0.4023,0.4856,0.5648,0.6376,0.7034,0.7621
1.5327,1.534,1.5353,1.5366,1.538,1.5396,1.5412,1.5432,1.5455,1.5483,1.5519,1.5565,1.5624,1.5699,1.5794,1.5912,1.6054,1.622,1.6401,1.6581,1.6727,1.6803,1.6781,1.6667,1.6486,1.6269,1.6032,1.5775,1.5486,1.5138,1.4693,1.4099,1.3296,1.2219,1.0819,0.9096,0.7143,0.5179,0.3504,0.2381,0.1913,0.2027,0.255,0.33,0.4138,0.4978,0.577,0.6496,0.7147,0.7728
1.5334,1.5347,1.5359,1.5372,1.5386,1.54,1.5415,1.5433,1.5454,1.548,1.5514,1.5558,1.5616,1.5692,1.5791,1.5917,1.6074,1.6263,1.6479,1.6704,1.6897,1.7003,1.6981,1.684,1.6629,1.6393,1.6158,1.5923,1.5676,1.5387,1.5017,1.4509,1.3795,1.28,1.1459,0.9754,0.7771,0.5732,0.3964,0.2759,0.2237,0.232,0.2823,0.3556,0.4376,0.5197,0.597,0.6676,0.731,0.7874
1.5341,1.5354,1.5366,1.5378,1.5391,1.5404,1.5418,1.5433,1.5451,1.5475,1.5505,1.5546,1.5602,1.5677,1.5777,1.5909,1.6078,1.6289,1.6543,1.6822,1.7077,1.7223,1.7195,1.7012,1.6756,1.6497,1.6264,1.6057,1.5861,1.5644,1.5365,1.4965,1.4367,1.3487,1.2244,1.0604,0.8636,0.6563,0.4725,0.3439,0.284,0.2854,0.3295,0.3971,0.474,0.5513,0.6246,0.6916,0.752,0.8058
1.5348,1.536,1.5372,1.5384,1.5396,1.5407,1.5419,1.5432,1.5447,1.5467,1.5492,1.5529,1.558,1.5652,1.5751,1.5885,1.6062,1.6292,1.6581,1.6922,1.7259,1.7464,1.7422,1.7173,1.6856,1.6571,1.6345,1.6175,1.604,1.5909,1.5739,1.5466,1.501,1.4275,1.3168,1.1635,0.9731,0.7665,0.5785,0.4419,0.3719,0.3626,0.3961,0.454,0.5223,0.5923,0.6594,0.7213,0.7774,0.8277
1.5355,1.5367,1.5378,1.539,1.54,1.5411,1.5421,1.5431,1.5442,1.5457,1.5477,1.5507,1.5552,1.5618,1.5713,1.5844,1.6023,1.6262,1.6579,1.6983,1.7423,1.7713,1.7647,1.7301,1.6912,1.6605,1.6398,1.6274,1.6212,1.6181,1.6136,1.6012,1.572,1.5156,1.4213,1.2824,1.1022,0.9004,0.7106,0.5663,0.4844,0.4608,0.4799,0.5245,0.5812,0.6416,0.7007,0.7561,0.8069,0.8529
1.5361,1.5373,1.5385,1.5395,1.5405,1.5414,1.5422,1.5429,1.5437,1.5446,1.5459,1.5481,1.5518,1.5575,1.5661,1.5785,1.5958,1.6194,1.652,1.6967,1.7518,1.7926,1.7824,1.7354,1.6899,1.659,1.6418,1.6355,1.6378,1.646,1.6556,1.6597,1.6488,1.6113,1.5355,1.413,1.2457,1.0512,0.8618,0.7105,0.6153,0.5752,0.5772,0.6059,0.6488,0.6977,0.7474,0.7953,0.8399,0.8809
1.5368,1.538,1.5391,1.5402,1.5411,1.5419,1.5425,1.5429,1.5432,1.5435,1.544,1.5453,1.5478,1.5523,1.5597,1.5709,1.5867,1.6084,1.6386,1.6827,1.7445,1.7978,1.7837,1.726,1.679,1.6519,1.6406,1.6419,1.6539,1.6746,1.6996,1.7216,1.73,1.7123,1.6553,1.5497,1.396,1.2102,1.0227,0.8652,0.757,0.6996,0.6832,0.6947,0.7226,0.7589,0.7983,0.8378,0.8757,0.9112
1.5374,1.5386,1.5398,1.5408,1.5417,1.5424,1.5428,1.543,1.5429,1.5425,1.5422,1.5422,1.5433,1.5464,1.5522,1.5617,1.5752,1.5934,1.6177,1.6526,1.706,1.7605,1.7469,1.6935,1.6567,1.6394,1.6367,1.6469,1.6696,1.7037,1.745,1.7856,1.8137,1.8152,1.7759,1.6858,1.5447,1.3677,1.183,1.0209,0.901,0.8273,0.793,0.7872,0.7999,0.8232,0.8519,0.8826,0.9135,0.9432
1.5381,1.5393,1.5405,1.5416,1.5424,1.5431,1.5434,1.5433,1.5428,1.5418,1.5404,1.5392,1.5387,1.5399,1.5438,1.5511,1.562,1.5757,1.5911,1.6084,1.6309,1.6566,1.6557,1.6369,1.6251,1.623,1.631,1.6511,1.685,1.7328,1.7906,1.8497,1.8967,1.9157,1.8914,1.8139,1.6834,1.5144,1.3334,1.1687,1.0397,0.952,0.9016,0.8799,0.878,0.8887,0.9068,0.9288,0.9525,0.9764
1.5387,1.54,1.5412,1.5424,1.5433,1.544,1.5443,1.544,1.5431,1.5415,1.5391,1.5363,1.5339,1.5329,1.5345,1.5397,1.5479,1.5571,1.5633,1.5605,1.5432,1.523,1.5407,1.5713,1.5903,1.6053,1.6247,1.6548,1.6998,1.761,1.8347,1.9111,1.9748,2.0082,1.9954,1.927,1.8046,1.6429,1.4667,1.302,1.1671,1.0688,1.0051,0.9695,0.9545,0.9536,0.9617,0.9754,0.9921,1.0102
1.5394,1.5407,1.542,1.5433,1.5443,1.5451,1.5454,1.5452,1.5441,1.5419,1.5384,1.534,1.5293,1.5256,1.5247,1.5274,1.5334,1.5393,1.5386,1.5216,1.4799,1.4375,1.462,1.5192,1.56,1.5893,1.6191,1.6585,1.7137,1.7871,1.8748,1.9659,2.0429,2.0867,2.0814,2.019,1.903,1.7484,1.5784,1.4165,1.2793,1.1741,1.1005,1.0537,1.0276,1.0164,1.0155,1.0213,1.0314,1.0441
1.54,1.5415,1.5429,1.5442,1.5454,1.5464,1.5469,1.5468,1.5457,1.5431,1.5387,1.5324,1.525,1.5182,1.5141,1.5145,1.5189,1.5234,1.5198,1.4979,1.4532,1.4143,1.4348,1.4911,1.5395,1.5774,1.6151,1.6623,1.7261,1.8093,1.908,2.0098,2.0958,2.1457,2.1444,2.0859,1.9755,1.8288,1.6669,1.5105,1.3745,1.2661,1.1859,1.1308,1.0957,1.0759,1.0671,1.0659,1.07,1.0775
1.5407,1.5422,1.5438,1.5453,1.5467,1.5479,1.5488,1.549,1.5481,1.5455,1.5403,1.5322,1.5216,1.5107,1.5028,1.5007,1.5043,1.5092,1.5067,1.4876,1.4517,1.4241,1.4387,1.4834,1.5294,1.5705,1.6132,1.6661,1.7362,1.8262,1.9316,2.0393,2.1294,2.1815,2.1817,2.1263,2.0222,1.8847,1.7327,1.5843,1.4525,1.3441,1.2605,1.1997,1.158,1.1312,1.1158,1.1086,1.1073,1.11
1.5413,1.543,1.5447,1.5464,1.5481,1.5497,1.551,1.5518,1.5516,1.5493,1.5437,1.5337,1.5193,1.5032,1.4906,1.4857,1.4891,1.4961,1.4977,1.4854,1.4613,1.4441,1.4545,1.4878,1.5276,1.5683,1.6134,1.6697,1.7433,1.8363,1.944,2.0525,2.1421,2.1932,2.1937,2.1417,2.0451,1.9183,1.7779,1.6394,1.5142,1.4085,1.3242,1.2602,1.2139,1.1819,1.1611,1.1488,1.1428,1.1414
1.5419,1.5437,1.5456,1.5475,1.5495,1.5516,1.5536,1.5552,1.5559,1.5546,1.5494,1.5378,1.5188,1.496,1.4772,1.4691,1.473,1.4833,1.4904,1.4863,1.4731,1.4641,1.4723,1.4974,1.5311,1.5696,1.6151,1.6726,1.7469,1.8394,1.9448,2.0496,2.1349,2.1829,2.1834,2.1358,2.048,1.9331,1.8055,1.6783,1.5613,1.4603,1.3775,1.3124,1.2633,1.2275,1.2027,1.1862,1.1763,1.1712
1.5424,1.5444,1.5464,1.5486,1.551,1.5536,1.5563,1.559,1.5612,1.5616,1.5577,1.5453,1.5212,1.4893,1.4625,1.4513,1.4565,1.4708,1.4836,1.4874,1.4832,1.4805,1.4883,1.5084,1.5373,1.5732,1.6176,1.6743,1.7469,1.8358,1.9353,2.0328,2.1113,2.1551,2.1558,2.1135,2.0354,1.9331,1.8188,1.7036,1.596,1.501,1.4212,1.3567,1.3063,1.2683,1.2404,1.2207,1.2076,1.1995
1.5429,1.545,1.5472,1.5496,1.5524,1.5555,1.559,1.5629,1.5669,1.5698,1.5686,1.557,1.5277,1.4841,1.4474,1.4336,1.441,1.4594,1.4772,1.4874,1.4903,1.4927,1.5013,1.5186,1.5442,1.5775,1.6201,1.6747,1.7436,1.8265,1.9178,2.0059,2.0761,2.1153,2.1164,2.0798,2.0119,1.9222,1.8212,1.7181,1.6202,1.5321,1.4565,1.3938,1.3434,1.3041,1.2743,1.2522,1.2365,1.2259
1.5434,1.5455,1.5479,1.5505,1.5536,1.5572,1.5615,1.5666,1.5725,1.5784,1.5812,1.5727,1.5394,1.4822,1.4344,1.4192,1.4295,1.4509,1.4721,1.4867,1.4949,1.5013,1.5111,1.5274,1.5507,1.5818,1.6221,1.6735,1.7375,1.8131,1.8947,1.9726,2.0342,2.0687,2.0704,2.0396,1.9814,1.9038,1.8155,1.7241,1.6359,1.5552,1.4844,1.4244,1.375,1.3354,1.3044,1.2807,1.2631,1.2504
1.5437,1.5459,1.5484,1.5513,1.5546,1.5587,1.5636,1.5698,1.5774,1.586,1.5932,1.5896,1.5555,1.4864,1.429,1.4129,1.4247,1.447,1.4693,1.4863,1.4978,1.5072,1.5185,1.5344,1.5564,1.5855,1.6232,1.6708,1.7292,1.7968,1.8687,1.9363,1.9896,2.0197,2.0219,1.9964,1.9473,1.8809,1.8042,1.7238,1.645,1.5716,1.506,1.4493,1.4016,1.3625,1.3311,1.3063,1.2873,1.273
1.5439,1.5462,1.5488,1.5518,1.5554,1.5597,1.5651,1.5719,1.5807,1.5912,1.6015,1.6022,1.5706,1.4977,1.4357,1.4179,1.4279,1.4483,1.4694,1.4868,1.5001,1.5115,1.5239,1.5398,1.5608,1.5882,1.6232,1.6669,1.7194,1.7791,1.8415,1.8996,1.9452,1.9712,1.9739,1.9531,1.9119,1.8554,1.7893,1.719,1.649,1.5827,1.5225,1.4694,1.4238,1.3857,1.3544,1.3292,1.3092,1.2938
1.5441,1.5464,1.549,1.5521,1.5557,1.5602,1.5658,1.5729,1.5819,1.5929,1.6037,1.6056,1.5775,1.5115,1.4528,1.4324,1.4378,1.4539,1.4722,1.4886,1.5024,1.5149,1.528,1.5439,1.5641,1.5898,1.6222,1.6619,1.7087,1.761,1.8147,1.8642,1.9029,1.9253,1.9282,1.9114,1.877,1.8292,1.7724,1.7111,1.6492,1.5896,1.5346,1.4853,1.4422,1.4055,1.3747,1.3494,1.329,1.3127
1.5441,1.5464,1.5491,1.5521,1.5558,1.5602,1.5657,1.5725,1.5811,1.591,1.6,1.6,1.5752,1.5221,1.4726,1.451,1.4513,1.4624,1.4771,1.4917,1.5051,1.5178,1.5312,1.547,1.5664,1.5905,1.6203,1.6561,1.6976,1.743,1.7891,1.8311,1.8638,1.883,1.8859,1.8723,1.8437,1.8032,1.7545,1.7012,1.6466,1.5933,1.5432,1.4977,1.4573,1.4222,1.3924,1.3673,1.3467,1.3299
1.544,1.5463,1.5489,1.5519,1.5554,1.5596,1.5648,1.571,1.5785,1.5864,1.5924,1.5896,1.5681,1.5279,1.4893,1.4688,1.4654,1.4721,1.4832,1.4957,1.5081,1.5205,1.5339,1.5493,1.5679,1.5904,1.6177,1.6498,1.6864,1.7257,1.7651,1.8007,1.8283,1.8446,1.8474,1.8363,1.8125,1.7782,1.7364,1.6901,1.642,1.5944,1.5491,1.5072,1.4695,1.4363,1.4075,1.3831,1.3625,1.3455
1.5438,1.546,1.5485,1.5514,1.5547,1.5587,1.5633,1.5687,1.5747,1.5803,1.5833,1.5785,1.5604,1.5306,1.5013,1.4835,1.4782,1.4816,1.4898,1.5002,1.5114,1.5232,1.5362,1.5511,1.5687,1.5897,1.6145,1.6433,1.6754,1.7094,1.743,1.7731,1.7964,1.8103,1.8128,1.8037,1.7837,1.7547,1.7188,1.6785,1.6361,1.5937,1.5527,1.5144,1.4794,1.4481,1.4206,1.3968,1.3766,1.3595
1.5435,1.5456,1.548,1.5507,1.5538,1.5573,1.5613,1.5657,1.5702,1.5738,1.5744,1.5686,1.5537,1.5315,1.5096,1.4949,1.4891,1.4904,1.4964,1.5049,1.5148,1.5259,1.5383,1.5524,1.569,1.5884,1.611,1.6366,1.6648,1.6942,1.7229,1.7483,1.768,1.7797,1.782,1.7744,1.7575,1.7328,1.7018,1.6668,1.6294,1.5916,1.5546,1.5196,1.4872,1.4578,1.4317,1.4088,1.389,1.3721
1.5431,1.5451,1.5474,1.5499,1.5526,1.5557,1.5591,1.5625,1.5657,1.5676,1.5666,1.5607,1.5485,1.5319,1.5153,1.5035,1.498,1.4982,1.5025,1.5095,1.5183,1.5285,1.5401,1.5534,1.5689,1.5867,1.6072,1.6301,1.6548,1.6802,1.7046,1.7262,1.7428,1.7526,1.7545,1.7481,1.7338,1.7126,1.6859,1.6552,1.6223,1.5886,1.5552,1.5232,1.4933,1.4659,1.4411,1.4192,1.4,1.3834
1.5426,1.5445,1.5466,1.5489,1.5513,1.554,1.5567,1.5593,1.5613,1.562,1.5602,1.5545,1.5447,1.5319,1.5194,1.51,1.5051,1.5048,1.508,1.5139,1.5216,1.531,1.5418,1.5542,1.5685,1.5849,1.6033,1.6236,1.6453,1.6672,1.6882,1.7064,1.7204,1.7287,1.7302,1.7247,1.7125,1.6942,1.6709,1.6441,1.615,1.5849,1.5548,1.5256,1.498,1.4725,1.4492,1.4282,1.4097,1.3935
1.542,1.5438,1.5458,1.5478,1.5499,1.5521,1.5543,1.5561,1.5573,1.5572,1.5549,1.5498,1.5418,1.532,1.5224,1.515,1.5109,1.5104,1.5129,1.5179,1.5248,1.5332,1.5432,1.5547,1.5679,1.5828,1.5994,1.6174,1.6364,1.6554,1.6733,1.6888,1.7006,1.7075,1.7087,1.7039,1.6932,1.6774,1.6571,1.6335,1.6077,1.5808,1.5536,1.527,1.5016,1.4778,1.4559,1.436,1.4182,1.4025
1.5414,1.5431,1.5448,1.5467,1.5485,1.5503,1.552,1.5532,1.5538,1.5531,1.5508,1.5463,1.5397,1.5321,1.5246,1.5188,1.5156,1.5151,1.5172,1.5215,1.5276,1.5353,1.5444,1.555,1.5671,1.5806,1.5955,1.6115,1.6281,1.6446,1.6599,1.6731,1.683,1.6887,1.6896,1.6853,1.676,1.6621,1.6443,1.6235,1.6006,1.5764,1.5519,1.5277,1.5043,1.4822,1.4616,1.4428,1.4257,1.4105
1.5407,1.5423,1.5439,1.5455,1.5471,1.5485,1.5498,1.5506,1.5507,1.5498,1.5475,1.5435,1.5383,1.5322,1.5264,1.5219,1.5194,1.519,1.5208,1.5246,1.5301,1.5371,1.5455,1.5552,1.5662,1.5784,1.5918,1.6059,1.6204,1.6347,1.6478,1.659,1.6673,1.672,1.6726,1.6687,1.6605,1.6483,1.6326,1.6142,1.5937,1.572,1.5498,1.5277,1.5061,1.4856,1.4663,1.4485,1.4323,1.4176
1.54,1.5415,1.5429,1.5443,1.5456,1.5468,1.5477,1.5482,1.5481,1.547,1.5448,1.5415,1.5372,1.5324,1.5279,1.5244,1.5224,1.5223,1.524,1.5274,1.5323,1.5387,1.5463,1.5551,1.5651,1.5762,1.5881,1.6006,1.6133,1.6257,1.6369,1.6464,1.6534,1.6573,1.6575,1.654,1.6466,1.6358,1.6219,1.6054,1.5871,1.5676,1.5474,1.5272,1.5074,1.4883,1.4703,1.4535,1.438,1.424
1.5393,1.5406,1.5419,1.5431,1.5443,1.5452,1.5459,1.5461,1.5458,1.5447,1.5428,1.5399,1.5364,1.5326,1.5291,1.5264,1.525,1.525,1.5266,1.5297,1.5342,1.54,1.5469,1.555,1.564,1.5739,1.5845,1.5956,1.6067,1.6174,1.6271,1.6352,1.641,1.6441,1.6441,1.6407,1.6341,1.6244,1.612,1.5973,1.5808,1.5632,1.5449,1.5264,1.5081,1.4904,1.4736,1.4577,1.4431,1.4296
1.5386,1.5398,1.5409,1.542,1.543,1.5437,1.5442,1.5443,1.5439,1.5428,1.5411,1.5387,1.5359,1.5329,1.5301,1.5281,1.5271,1.5273,1.5289,1.5317,1.5358,1.541,1.5473,1.5546,1.5628,1.5717,1.5811,1.5909,1.6006,1.6099,1.6182,1.625,1.6299,1.6323,1.632,1.6289,1.6229,1.6142,1.603,1.5898,1.5749,1.559,1.5423,1.5253,1.5085,1.492,1.4763,1.4614,1.4474,1.4345
