docs/data/wind_grid.json
[{"header":{"la1":42.85,"la2":41.18,"lo1":11.55,"lo2":14.05,"nx":36,"ny":24,"dx":0.07143,"dy":0.07261,"parameterCategory":2,"parameterNumber":2,"parameterNumberName":"eastward_wind","parameterUnit":"m.s-1"},"data":[0.3163,0.304,0.2895,0.273,0.255,0.2366,0.219,0.2037,0.1915,0.1823,0.175,0.1684,0.1616,0.154,0.1457,0.1372,0.1288,0.1208,0.1133,0.1063,0.0998,0.0935,0.0875,0.0818,0.0767,0.0723,0.0687,0.0661,0.0646,0.0641,0.0645,0.0659,0.068,0.0707,0.0739,0.0774,0.3255,0.3119,0.295,0.2751,0.2526,0.2289,0.2062,0.1873,0.1741,0.1662,0.1617,0.1576,0.1524,0.1454,0.1371,0.1282,0.1194,0.1112,0.1037,0.0967,0.09,0.0833,0.0766,0.0702,0.0644,0.0594,0.0555,0.0528,0.0513,0.0512,0.0522,0.0542,0.0571,0.0606,0.0646,0.069,0.3372,0.3223,0.3029,0.2787,0.2497,0.2176,0.1861,0.1607,0.146,0.142,0.1434,0.1445,0.1421,0.136,0.1275,0.1181,0.1091,0.1011,0.0941,0.0874,0.0805,0.073,0.0653,0.0577,0.0507,0.0448,0.0403,0.0375,0.0363,0.0366,0.0384,0.0414,0.0453,0.0498,0.0549,0.0602,0.3521,0.3365,0.3148,0.2855,0.2477,0.2024,0.1547,0.1157,0.0984,0.1038,0.1186,0.1293,0.1312,0.1259,0.1168,0.1069,0.098,0.0911,0.0856,0.0799,0.0724,0.0633,0.0535,0.0438,0.0351,0.028,0.0228,0.0198,0.0189,0.0201,0.0229,0.0272,0.0324,0.0383,0.0446,0.0511,0.3712,0.356,0.3329,0.2989,0.2506,0.1859,0.1083,0.0383,0.0137,0.0432,0.087,0.1138,0.1207,0.1151,0.1043,0.0936,0.086,0.0826,0.0815,0.0775,0.0678,0.0546,0.0408,0.0279,0.0167,0.0078,0.0018,-0.0013,-0.0014,0.001,0.0055,0.0114,0.0184,0.026,0.0339,0.0418,0.3952,0.3824,0.3603,0.3239,0.2665,0.1789,0.0542,-0.0841,-0.132,-0.0428,0.0562,0.1033,0.1122,0.1028,0.0883,0.0765,0.0721,0.0774,0.0875,0.0855,0.0678,0.046,0.0259,0.0085,-0.006,-0.017,-0.024,-0.0268,-0.0256,-0.0212,-0.0144,-0.0059,0.0034,0.0131,0.0228,0.0323,0.4242,0.4167,0.3997,0.3663,0.3067,0.2058,0.0407,-0.1871,-0.2803,-0.0997,0.0526,0.1055,0.1062,0.0867,0.0647,0.0511,0.0518,0.0703,0.0992,0.0975,0.0649,0.0322,0.0053,-0.0171,-0.0354,-0.0489,-0.0566,-0.0584,-0.0549,-0.0472,-0.0369,-0.025,-0.0126,-0.0003,0.0116,0.0229,0.4576,0.4588,0.4523,0.4296,0.3788,0.2868,0.1389,-0.0571,-0.1371,-0.003,0.0996,0.1215,0.0998,0.0616,0.0263,0.0092,0.0151,0.0399,0.0718,0.0713,0.0391,0.0049,-0.0252,-0.052,-0.0748,-0.0912,-0.0993,-0.0986,-0.0907,-0.0778,-0.0622,-0.0457,-0.0293,-0.0138,0.0007,0.0139,0.4927,0.506,0.5162,0.5124,0.4778,0.4059,0.3057,0.2001,0.1449,0.1527,0.1624,0.1396,0.087,0.0221,-0.0375,-0.0612,-0.042,-0.0156,0.0041,0.006,-0.0115,-0.0377,-0.0678,-0.0997,-0.129,-0.1496,-0.1569,-0.1509,-0.1349,-0.1135,-0.0902,-0.0673,-0.0461,-0.0268,-0.0096,0.0058,0.5255,0.5514,0.5825,0.6059,0.5876,0.527,0.4563,0.3661,0.2528,0.1946,0.1946,0.1494,0.0628,-0.0302,-0.1247,-0.1621,-0.1028,-0.0744,-0.0662,-0.0637,-0.0703,-0.0896,-0.1219,-0.1638,-0.2057,-0.2335,-0.2378,-0.2202,-0.1894,-0.1542,-0.1199,-0.0889,-0.0618,-0.0385,-0.0184,-0.0011,0.5508,0.5847,0.6301,0.6763,0.6686,0.6234,0.6006,0.5114,0.2035,0.0594,0.2064,0.1548,0.0161,-0.1059,-0.1565,-0.1758,-0.1323,-0.1402,-0.1514,-0.139,-0.1307,-0.1448,-0.1856,-0.2495,-0.3189,-0.3613,-0.3556,-0.3121,-0.2543,-0.1979,-0.1489,-0.1083,-0.0751,-0.0478,-0.0251,-0.0061,0.5663,0.5995,0.6401,0.6762,0.6776,0.6959,0.7807,0.8294,0.5189,0.2563,0.2916,0.1753,-0.0555,-0.3163,-0.2581,-0.1542,-0.1654,-0.274,-0.3026,-0.2298,-0.1892,-0.1988,-0.2558,-0.3625,-0.4935,-0.5666,-0.5292,-0.4289,-0.3249,-0.2393,-0.1732,-0.1228,-0.0839,-0.0534,-0.029,-0.0089,0.5743,0.6028,0.6333,0.6601,0.6878,0.7596,0.9091,1.0845,0.9262,0.6068,0.424,0.2309,0.0039,-0.399,-0.3193,-0.1406,-0.2077,-0.5013,-0.5085,-0.303,-0.2358,-0.248,-0.3234,-0.4934,-0.7487,-0.8849,-0.7597,-0.5518,-0.3847,-0.2681,-0.1869,-0.129,-0.0865,-0.0544,-0.0293,-0.009,0.5785,0.6039,0.6313,0.6617,0.7046,0.7786,0.8903,0.9973,0.9307,0.7485,0.5935,0.2861,0.1345,-0.2091,-0.0219,-0.0778,-0.2201,-0.3721,-0.3957,-0.2937,-0.2763,-0.3005,-0.3707,-0.5752,-0.9652,-1.1818,-0.9301,-0.6158,-0.4052,-0.2722,-0.1847,-0.1244,-0.0815,-0.05,-0.0259,-0.0065,0.581,0.6052,0.6325,0.6651,0.7079,0.7653,0.8313,0.8792,0.8883,0.9288,0.996,0.8968,0.6142,0.7517,0.2745,-0.1461,-0.5099,-0.2812,-0.2523,-0.2954,-0.3809,-0.3984,-0.3953,-0.5254,-0.8298,-1.0117,-0.8161,-0.5527,-0.3683,-0.2471,-0.1651,-0.1084,-0.0688,-0.0404,-0.019,-0.0016,0.5822,0.6058,0.6328,0.6648,0.7038,0.7505,0.8026,0.8606,0.9569,1.1901,1.6182,1.8678,1.4185,0.8429,0.5162,0.0145,-0.3392,-0.2103,-0.2307,-0.3794,-0.6515,-0.5895,-0.414,-0.4116,-0.5293,-0.6083,-0.544,-0.4158,-0.2969,-0.2028,-0.1327,-0.0832,-0.0498,-0.027,-0.0097,0.0049,0.5818,0.6047,0.631,0.6616,0.6979,0.7413,0.7947,0.8695,0.9984,1.2429,1.5776,1.5941,1.6426,1.6237,0.8676,0.3967,0.0753,-0.1569,-0.3246,-0.4045,-0.6863,-0.5978,-0.3672,-0.3073,-0.348,-0.3936,-0.3844,-0.3203,-0.2348,-0.1559,-0.0947,-0.053,-0.0278,-0.0123,0.0,0.0119,0.5797,0.6017,0.6268,0.6559,0.6902,0.7318,0.7849,0.8585,0.9672,1.1176,1.2619,1.351,1.6193,1.636,1.0331,0.7104,0.2693,-0.3447,-0.7764,-0.3828,-0.3184,-0.298,-0.2167,-0.2055,-0.2849,-0.4004,-0.4238,-0.3205,-0.2006,-0.1135,-0.0566,-0.0234,-0.0083,-0.0005,0.0079,0.0182,0.5758,0.5966,0.6202,0.6474,0.6793,0.7176,0.7653,0.8265,0.9044,0.9937,1.0757,1.1441,1.2077,1.1541,1.1324,1.1643,0.5052,-0.1689,-0.4636,-0.0723,-0.0255,-0.0324,-0.0318,-0.0939,-0.2872,-0.6203,-0.6923,-0.3778,-0.1639,-0.0674,-0.0223,-0.0034,0.0006,0.0043,0.0129,0.024,0.5702,0.5896,0.6113,0.6361,0.6646,0.698,0.7376,0.7846,0.8379,0.8926,0.9399,0.9724,0.9822,0.9739,1.0532,1.0473,0.5851,0.201,0.2475,0.3517,0.2084,0.203,0.1926,0.0787,-0.1796,-0.6217,-0.7191,-0.2356,-0.0521,-0.0043,0.0073,0.0044,0.0002,0.0061,0.0181,0.0309,0.5631,0.5808,0.6004,0.6223,0.6469,0.6748,0.7061,0.7405,0.7763,0.8096,0.8351,0.8478,0.8454,0.8352,0.8252,0.7417,0.5289,0.3391,0.3014,0.3269,0.3809,0.524,0.5585,0.3753,0.1304,0.0421,0.3028,0.261,0.1222,0.0658,0.04,0.0214,0.0127,0.0178,0.0293,0.0414,0.5547,0.5706,0.5878,0.6067,0.6274,0.6498,0.6737,0.6982,0.7216,0.7411,0.7533,0.7552,0.7453,0.7235,0.684,0.6082,0.4977,0.4044,0.3792,0.4438,0.6715,1.0904,1.2054,0.7877,0.4192,0.3947,0.6583,0.4649,0.1749,0.0906,0.0663,0.0498,0.0401,0.0403,0.0469,0.0556,0.5454,0.5593,0.5742,0.5902,0.607,0.6246,0.6423,0.6593,0.6741,0.6846,0.6888,0.6845,0.6702,0.6448,0.6056,0.5508,0.4902,0.4498,0.464,0.5823,0.9092,1.4903,1.6541,1.0642,0.5791,0.4176,0.4101,0.2454,0.0421,0.0473,0.0705,0.0712,0.0662,0.0643,0.0669,0.0719,0.5353,0.5474,0.5601,0.5732,0.5867,0.6001,0.613,0.6244,0.6332,0.638,0.6373,0.6298,0.6145,0.591,0.5593,0.5225,0.4896,0.4778,0.512,0.6298,0.8801,1.2189,1.2918,0.9538,0.6004,0.4043,0.2915,0.1445,0.0216,0.0389,0.0754,0.0868,0.0869,0.0855,0.086,0.0885]},{"header":{"la1":42.85,"la2":41.18,"lo1":11.55,"lo2":14.05,"nx":36,"ny":24,"dx":0.07143,"dy":0.07261,"parameterCategory":2,"parameterNumber":3,"parameterNumberName":"northward_wind","parameterUnit":"m.s-1"},"data":[0.3215,0.3224,0.3219,0.3201,0.3166,0.311,0.3028,0.2912,0.2757,0.2567,0.2355,0.2145,0.1959,0.1818,0.1735,0.1711,0.1734,0.1776,0.1805,0.1791,0.1722,0.1604,0.1456,0.1299,0.115,0.1018,0.0908,0.0821,0.0757,0.0714,0.0687,0.0676,0.0677,0.0688,0.0706,0.0729,0.3391,0.3414,0.3422,0.3417,0.3397,0.3357,0.3287,0.3172,0.2996,0.276,0.2484,0.2206,0.1966,0.1795,0.1715,0.1732,0.1827,0.1956,0.2054,0.2066,0.1972,0.1794,0.1575,0.1352,0.115,0.0981,0.0846,0.0745,0.0674,0.0628,0.0604,0.0598,0.0606,0.0623,0.0649,0.068,0.3592,0.3631,0.3656,0.3667,0.3668,0.3657,0.3621,0.3527,0.3336,0.3034,0.2658,0.2275,0.195,0.1733,0.166,0.1745,0.197,0.2262,0.2493,0.2543,0.2384,0.2084,0.1739,0.1415,0.1141,0.0925,0.0762,0.0646,0.057,0.0526,0.0508,0.0509,0.0526,0.0554,0.0589,0.0629,0.3822,0.3883,0.3926,0.3954,0.3979,0.4014,0.405,0.4027,0.3842,0.344,0.2896,0.2345,0.1892,0.1604,0.1535,0.1725,0.2178,0.2787,0.3288,0.3388,0.3055,0.2502,0.1941,0.1468,0.1103,0.0835,0.0645,0.0518,0.0441,0.0403,0.0395,0.0408,0.0438,0.0479,0.0526,0.0577,0.4089,0.418,0.4243,0.4283,0.4326,0.4414,0.4578,0.4738,0.4625,0.4047,0.3207,0.2396,0.1759,0.1365,0.1283,0.1608,0.2426,0.3657,0.4746,0.4887,0.4089,0.3031,0.2132,0.147,0.1007,0.069,0.048,0.035,0.028,0.0255,0.0263,0.0295,0.0342,0.0399,0.0462,0.0526,0.4406,0.4542,0.4633,0.4673,0.4701,0.4809,0.5134,0.5669,0.579,0.4863,0.3526,0.237,0.1504,0.0957,0.0814,0.1249,0.2531,0.4834,0.7185,0.7259,0.5376,0.3491,0.2187,0.1349,0.0812,0.0467,0.0253,0.0132,0.008,0.0078,0.0111,0.0168,0.0239,0.0318,0.0398,0.0478,0.4786,0.5003,0.5148,0.5183,0.5134,0.5144,0.5479,0.6359,0.6825,0.5427,0.3619,0.2181,0.1083,0.0323,0.0014,0.0417,0.1983,0.5302,0.929,0.916,0.5974,0.3438,0.1925,0.1032,0.0484,0.0146,-0.0052,-0.0147,-0.0166,-0.0131,-0.0061,0.003,0.0132,0.0236,0.0338,0.0435,0.5239,0.5608,0.5888,0.5954,0.5758,0.5482,0.5468,0.5908,0.6081,0.4931,0.3334,0.1824,0.0498,-0.0576,-0.1235,-0.1091,0.0305,0.3261,0.6751,0.6941,0.4535,0.2505,0.1254,0.049,0.0008,-0.0291,-0.045,-0.0499,-0.0465,-0.0375,-0.0253,-0.0116,0.0024,0.016,0.0287,0.0403,0.5744,0.638,0.6992,0.7266,0.6865,0.6058,0.5498,0.5346,0.5198,0.4523,0.316,0.1467,-0.017,-0.1698,-0.3078,-0.3415,-0.2098,-0.0005,0.1958,0.2579,0.1921,0.1027,0.0311,-0.0222,-0.061,-0.0858,-0.0964,-0.0942,-0.0825,-0.0654,-0.046,-0.0264,-0.0077,0.0095,0.0249,0.0385,0.6212,0.7229,0.8505,0.9504,0.889,0.6991,0.5747,0.553,0.6018,0.5809,0.3676,0.1232,-0.0796,-0.2716,-0.5436,-0.6662,-0.4213,-0.2343,-0.115,-0.0451,-0.0247,-0.0369,-0.0656,-0.1017,-0.1368,-0.16,-0.1641,-0.1504,-0.1256,-0.0965,-0.0673,-0.0402,-0.016,0.0051,0.0233,0.0388,0.6468,0.7797,0.982,1.2151,1.1539,0.7794,0.5797,0.5711,0.7834,0.9059,0.4412,0.0873,-0.1399,-0.3056,-0.5386,-0.6877,-0.4707,-0.3706,-0.3112,-0.2342,-0.1694,-0.1404,-0.1481,-0.185,-0.2328,-0.263,-0.2573,-0.2225,-0.1758,-0.1291,-0.0872,-0.0513,-0.0211,0.0041,0.0249,0.0419,0.6357,0.7628,0.954,1.1694,1.0954,0.723,0.5356,0.5107,0.619,0.6882,0.3309,0.0157,-0.2083,-0.3532,-0.3841,-0.43,-0.4538,-0.5334,-0.5254,-0.3803,-0.2593,-0.2031,-0.2095,-0.2732,-0.3665,-0.4204,-0.3908,-0.3123,-0.2295,-0.1591,-0.1024,-0.0571,-0.0209,0.0079,0.0307,0.0487,0.5908,0.6793,0.7851,0.8558,0.7744,0.5904,0.4926,0.4854,0.4715,0.3859,0.1785,-0.0301,-0.2119,-0.387,-0.3842,-0.4011,-0.5086,-0.7882,-0.7802,-0.4688,-0.2891,-0.2201,-0.2416,-0.3613,-0.5569,-0.6624,-0.5668,-0.4066,-0.2749,-0.1789,-0.108,-0.0544,-0.0133,0.0181,0.0419,0.0599,0.5311,0.5804,0.6226,0.6298,0.5781,0.5012,0.4606,0.4622,0.4259,0.2983,0.14,-0.0095,-0.1132,-0.69,-0.4036,-0.4709,-0.6152,-0.6802,-0.639,-0.4011,-0.2385,-0.1827,-0.2275,-0.4027,-0.7198,-0.8903,-0.6975,-0.4567,-0.2908,-0.1793,-0.0994,-0.04,0.0042,0.0366,0.0597,0.0761,0.4734,0.4974,0.511,0.5039,0.4742,0.4369,0.4107,0.3902,0.3427,0.2696,0.2186,0.1597,-0.1103,-0.3127,-0.3428,-0.6978,-1.1516,-0.6666,-0.4215,-0.2425,-0.1123,-0.0873,-0.1567,-0.33,-0.6073,-0.7588,-0.6129,-0.4131,-0.2649,-0.1568,-0.0744,-0.0117,0.0339,0.065,0.0852,0.098,0.4245,0.435,0.4373,0.4281,0.4084,0.384,0.3599,0.333,0.3,0.2808,0.3011,0.6339,0.3732,-0.0243,-0.1687,-0.5512,-0.9041,-0.5325,-0.2785,-0.0977,0.0481,0.033,-0.0629,-0.2017,-0.3649,-0.4574,-0.4223,-0.3246,-0.2179,-0.1189,-0.0342,0.0322,0.078,0.105,0.1188,0.1251,0.3853,0.3889,0.3866,0.3775,0.3623,0.3435,0.3229,0.3019,0.2853,0.2873,0.3096,0.4201,0.482,0.4617,0.1179,-0.1167,-0.2682,-0.2695,-0.221,-0.0458,0.0808,0.0722,0.0024,-0.1132,-0.2453,-0.3411,-0.3566,-0.2922,-0.1871,-0.0775,0.0193,0.0936,0.1387,0.1569,0.1594,0.1562,0.3543,0.3544,0.3502,0.3417,0.3294,0.3145,0.2988,0.2847,0.2771,0.283,0.3072,0.3589,0.4884,0.5088,0.3412,0.2567,0.0515,-0.2572,-0.5715,-0.0262,0.164,0.1419,0.066,-0.0715,-0.2661,-0.4663,-0.5127,-0.3675,-0.1852,-0.0343,0.0849,0.1718,0.2141,0.2166,0.2027,0.1877,0.3299,0.3281,0.3235,0.3158,0.3058,0.2943,0.2828,0.2736,0.2699,0.2751,0.2919,0.3242,0.3725,0.4193,0.6112,0.7031,0.3226,0.0317,-0.0475,0.7036,0.5683,0.3361,0.1638,-0.0382,-0.3601,-0.8249,-0.9225,-0.4974,-0.1694,0.0241,0.1556,0.2484,0.2838,0.2676,0.2385,0.2144,0.3105,0.308,0.3033,0.2968,0.2887,0.2799,0.2717,0.2656,0.2637,0.268,0.2801,0.3022,0.3385,0.4131,0.5854,0.6383,0.4648,0.5845,1.5287,2.0158,1.015,0.5255,0.2836,0.0508,-0.3016,-0.8583,-0.9789,-0.3682,-0.0445,0.1211,0.2181,0.2817,0.3049,0.2868,0.2578,0.2328,0.2951,0.2923,0.288,0.2825,0.2761,0.2694,0.2636,0.2596,0.2589,0.2627,0.2725,0.2904,0.3209,0.3727,0.4413,0.4718,0.4945,0.7053,1.2159,1.3921,0.9266,0.5988,0.4261,0.2238,-0.0168,-0.1404,0.0835,0.1331,0.2028,0.2841,0.301,0.2962,0.2946,0.2844,0.2652,0.2447,0.2827,0.28,0.2762,0.2716,0.2666,0.2617,0.2575,0.255,0.2552,0.2589,0.2674,0.2822,0.3054,0.3383,0.3762,0.4134,0.4744,0.6082,0.7871,0.8348,0.7186,0.6658,0.6361,0.4326,0.229,0.2227,0.3848,0.3733,0.5162,0.5525,0.4552,0.3655,0.3191,0.2949,0.2747,0.2553,0.2728,0.2702,0.267,0.2633,0.2594,0.2557,0.2529,0.2515,0.2523,0.256,0.2635,0.2758,0.2937,0.3174,0.3464,0.3825,0.4352,0.5109,0.5876,0.6233,0.6412,0.7402,0.7795,0.5601,0.3619,0.3207,0.3913,0.6074,0.9805,0.8878,0.6328,0.4612,0.3694,0.3208,0.2901,0.2668,0.2646,0.2624,0.2597,0.2567,0.2537,0.2511,0.2493,0.2487,0.25,0.2537,0.2604,0.2707,0.2852,0.3041,0.328,0.3585,0.3978,0.445,0.4914,0.5299,0.5777,0.6519,0.6603,0.5342,0.4128,0.3896,0.4826,0.7441,1.0413,0.9453,0.6952,0.5141,0.4071,0.3446,0.3053,0.2776]}]