docs/data/wind_grid.json
{"header": {"la1":42.1,"la2":41.55,"lo1":12.1,"lo2":12.95,"nx":50,"ny":50,"dx":0.01735,"dy":0.01122,"parameterCategory":2,"parameterNumber":3,"parameterNumberName":"northward_wind","parameterUnit":"m.s-1"}, "data":
[rows 0 to 45 of 50, columns 0 to 49 of 50]
3.6014,3.6019,3.6029,3.6044,3.6064,3.6089,3.6121,3.616,3.6205,3.6258,3.6318,3.6386,3.6462,3.6547,3.6641,3.6746,3.6862,3.6992,3.7138,3.7303,3.7491,3.7706,3.7951,3.823,3.8548,3.8907,3.9308,3.9752,4.0237,4.076,4.1315,4.1896,4.2494,4.3096,4.3689,4.4257,4.4782,4.5248,4.564,4.5949,4.6169,4.6301,4.6354,4.6336,4.6261,4.614,4.5986,4.581,4.5618,4.5419
3.5947,3.5949,3.5957,3.5969,3.5987,3.601,3.604,3.6077,3.6121,3.6172,3.623,3.6297,3.6371,3.6454,3.6547,3.6649,3.6763,3.689,3.7034,3.7196,3.7382,3.7595,3.7841,3.8124,3.8448,3.8817,3.9233,3.9696,4.0204,4.0755,4.1343,4.1961,4.2598,4.3242,4.3879,4.449,4.5055,4.5554,4.5971,4.6294,4.6517,4.6643,4.668,4.664,4.654,4.6392,4.6212,4.601,4.5796,4.5576
3.5878,3.5878,3.5883,3.5893,3.5908,3.593,3.5958,3.5993,3.6034,3.6084,3.6141,3.6206,3.6279,3.636,3.6451,3.6551,3.6662,3.6786,3.6926,3.7084,3.7267,3.7478,3.7724,3.8009,3.8339,3.8719,3.9149,3.9632,4.0164,4.0744,4.1366,4.2021,4.27,4.3389,4.4072,4.4729,4.5337,4.5874,4.6318,4.6656,4.6881,4.6998,4.7016,4.6951,4.6822,4.6645,4.6436,4.6207,4.5969,4.5727
3.5809,3.5806,3.5808,3.5815,3.5828,3.5847,3.5873,3.5906,3.5946,3.5994,3.605,3.6113,3.6185,3.6265,3.6353,3.6451,3.6559,3.6679,3.6815,3.6969,3.7147,3.7355,3.76,3.7887,3.8222,3.8611,3.9056,3.9558,4.0116,4.0726,4.1382,4.2077,4.2799,4.3534,4.4266,4.4973,4.5627,4.6204,4.6678,4.7031,4.7258,4.7363,4.7359,4.7266,4.7105,4.6896,4.6656,4.6399,4.6135,4.5872
3.5738,3.5732,3.5732,3.5736,3.5746,3.5763,3.5787,3.5818,3.5856,3.5903,3.5957,3.6019,3.609,3.6168,3.6254,3.635,3.6454,3.6571,3.6701,3.6851,3.7024,3.7227,3.7469,3.7756,3.8096,3.8494,3.8954,3.9476,4.006,4.0701,4.1392,4.2126,4.2892,4.3675,4.4458,4.5217,4.5922,4.6541,4.7047,4.7417,4.7644,4.7735,4.7705,4.758,4.7384,4.7141,4.6869,4.6583,4.6294,4.6008
3.5666,3.5658,3.5654,3.5655,3.5663,3.5677,3.5698,3.5727,3.5764,3.5809,3.5862,3.5923,3.5992,3.607,3.6155,3.6247,3.6349,3.6461,3.6586,3.6729,3.6896,3.7094,3.7331,3.7617,3.7961,3.8368,3.8842,3.9385,3.9995,4.0667,4.1395,4.2168,4.2978,4.381,4.4644,4.5457,4.6215,4.6881,4.7421,4.7808,4.8034,4.8108,4.805,4.7889,4.7656,4.7376,4.7071,4.6756,4.6441,4.6133
3.5594,3.5582,3.5575,3.5573,3.5578,3.5589,3.5608,3.5635,3.567,3.5713,3.5765,3.5825,3.5894,3.597,3.6054,3.6145,3.6243,3.6351,3.6471,3.6606,3.6765,3.6955,3.7187,3.7471,3.7817,3.8232,3.8721,3.9286,3.9923,4.0627,4.139,4.2203,4.3055,4.3934,4.482,4.5687,4.65,4.7216,4.7792,4.8197,4.8422,4.8475,4.8386,4.8187,4.7914,4.7597,4.7258,4.6914,4.6574,4.6246
3.552,3.5505,3.5494,3.549,3.5491,3.55,3.5516,3.554,3.5573,3.5615,3.5666,3.5726,3.5794,3.587,3.5952,3.6042,3.6138,3.6241,3.6354,3.6483,3.6632,3.6814,3.7038,3.7318,3.7665,3.8088,3.8592,3.9178,3.9843,4.0579,4.1378,4.2228,4.3121,4.4044,4.4979,4.5901,4.6769,4.7536,4.815,4.8575,4.8796,4.8828,4.8704,4.8466,4.8152,4.7798,4.7426,4.7054,4.6691,4.6345
3.5446,3.5427,3.5413,3.5404,3.5402,3.5408,3.5421,3.5443,3.5474,3.5515,3.5565,3.5624,3.5692,3.5768,3.5851,3.5939,3.6033,3.6132,3.6239,3.6359,3.6499,3.6669,3.6884,3.7158,3.7505,3.7935,3.8455,3.9064,3.9758,4.0527,4.136,4.2246,4.3175,4.4137,4.5117,4.6088,4.7011,4.7829,4.8483,4.8927,4.9145,4.9154,4.8995,4.8716,4.8363,4.7973,4.757,4.7173,4.679,4.6426
3.537,3.5348,3.533,3.5317,3.5312,3.5314,3.5324,3.5343,3.5373,3.5412,3.5461,3.552,3.5589,3.5665,3.5748,3.5837,3.5929,3.6025,3.6127,3.6238,3.6366,3.6524,3.6727,3.6993,3.7338,3.7776,3.8311,3.8944,3.9668,4.0471,4.1338,4.2257,4.3217,4.4211,4.5226,4.6241,4.7213,4.8081,4.8775,4.9239,4.9454,4.944,4.9246,4.8928,4.8539,4.8116,4.7686,4.7267,4.6866,4.6488
3.5294,3.5267,3.5245,3.5229,3.5219,3.5218,3.5225,3.5241,3.5268,3.5306,3.5354,3.5414,3.5483,3.5561,3.5646,3.5735,3.5827,3.5921,3.6018,3.612,3.6236,3.638,3.6569,3.6824,3.7167,3.7611,3.8163,3.8822,3.9578,4.0415,4.1315,4.2263,4.3248,4.4264,4.5304,4.635,4.7363,4.8275,4.9007,4.9491,4.9704,4.9669,4.9444,4.9092,4.8671,4.8221,4.777,4.7333,4.6919,4.6531
3.5218,3.5186,3.516,3.5139,3.5125,3.5119,3.5122,3.5136,3.516,3.5196,3.5245,3.5304,3.5375,3.5455,3.5542,3.5634,3.5727,3.5821,3.5913,3.6008,3.6112,3.6239,3.6412,3.6655,3.6992,3.7442,3.8012,3.8699,3.9489,4.0363,4.1296,4.227,4.3272,4.4297,4.5346,4.6408,4.7448,4.8395,4.916,4.9664,4.9877,4.9826,4.9576,4.9198,4.8753,4.8283,4.7817,4.7369,4.6946,4.6551
3.514,3.5104,3.5073,3.5047,3.5029,3.5018,3.5018,3.5027,3.5049,3.5083,3.5131,3.5191,3.5264,3.5347,3.5437,3.5533,3.563,3.5725,3.5816,3.5904,3.5996,3.6107,3.626,3.6487,3.6818,3.7273,3.7861,3.8578,3.9407,4.032,4.1287,4.2283,4.3293,4.4315,4.5355,4.6412,4.7459,4.8427,4.9216,4.9737,4.9954,4.9895,4.963,4.9236,4.8778,4.8299,4.7825,4.7372,4.6946,4.655
3.5063,3.5021,3.4985,3.4954,3.493,3.4915,3.491,3.4916,3.4934,3.4966,3.5013,3.5074,3.5148,3.5235,3.5331,3.5432,3.5534,3.5633,3.5726,3.5811,3.5893,3.5986,3.6117,3.6325,3.6646,3.7106,3.7715,3.8465,3.9336,4.0291,4.1294,4.231,4.332,4.4324,4.5335,4.6364,4.7394,4.8361,4.9162,4.9696,4.992,4.9863,4.9597,4.9202,4.8743,4.8265,4.7793,4.7343,4.6919,4.6526
3.4985,3.4938,3.4896,3.486,3.483,3.4809,3.4799,3.48,3.4815,3.4845,3.489,3.4951,3.5028,3.5119,3.5221,3.5329,3.544,3.5546,3.5644,3.5731,3.5807,3.5883,3.599,3.6174,3.6482,3.6946,3.7576,3.8363,3.928,4.0285,4.1326,4.2362,4.3366,4.4339,4.53,4.6274,4.7257,4.8198,4.8993,4.9534,4.977,4.9726,4.9474,4.9092,4.8647,4.8181,4.7721,4.728,4.6866,4.6479
3.4906,3.4854,3.4806,3.4764,3.4728,3.4701,3.4685,3.4681,3.4691,3.4718,3.4761,3.4823,3.4902,3.4998,3.5106,3.5224,3.5344,3.5461,3.557,3.5665,3.5742,3.5806,3.5886,3.6041,3.6331,3.6796,3.7448,3.8277,3.9247,4.0306,4.1393,4.245,4.3444,4.4375,4.5267,4.6159,4.7067,4.7952,4.8718,4.9256,4.9507,4.9488,4.9264,4.8911,4.8493,4.8051,4.7611,4.7187,4.6786,4.6411
3.4828,3.477,3.4716,3.4667,3.4625,3.4591,3.4568,3.4558,3.4563,3.4585,3.4627,3.4688,3.4769,3.4869,3.4985,3.5113,3.5245,3.5375,3.5499,3.5611,3.5701,3.5761,3.5812,3.593,3.6197,3.6662,3.7337,3.821,3.9241,4.0364,4.1503,4.2587,4.3571,4.4451,4.5258,4.6046,4.6848,4.7648,4.8362,4.8884,4.9148,4.9161,4.8977,4.8667,4.8287,4.7878,4.7466,4.7065,4.6683,4.6324
3.4751,3.4686,3.4625,3.4569,3.4519,3.4478,3.4448,3.4431,3.443,3.4447,3.4485,3.4544,3.4627,3.4731,3.4855,3.4993,3.5139,3.5284,3.5425,3.5562,3.5682,3.5753,3.5774,3.5845,3.6083,3.6546,3.7246,3.8168,3.9266,4.0464,4.1667,4.2786,4.3763,4.4588,4.5299,4.5963,4.6636,4.7322,4.796,4.845,4.8722,4.8769,4.8633,4.8372,4.8038,4.767,4.7291,4.6919,4.6559,4.6218
3.4674,3.4603,3.4535,3.4471,3.4413,3.4364,3.4325,3.4301,3.4292,3.4303,3.4336,3.4393,3.4475,3.4583,3.4714,3.4863,3.5022,3.5182,3.534,3.5503,3.5669,3.5775,3.5768,3.5781,3.5986,3.6447,3.7175,3.8151,3.9326,4.061,4.1891,4.3056,4.4033,4.4804,4.5413,4.5941,4.6465,4.7017,4.7555,4.7994,4.8262,4.8339,4.8251,4.8042,4.7758,4.7434,4.7093,4.6751,4.6418,4.6097
3.4598,3.452,3.4444,3.4372,3.4306,3.4248,3.42,3.4166,3.4149,3.4153,3.4179,3.4232,3.4312,3.4422,3.4559,3.4719,3.4891,3.5063,3.523,3.5408,3.5617,3.5783,3.5754,3.571,3.5893,3.6363,3.7125,3.8163,3.9422,4.0806,4.2178,4.3404,4.4389,4.511,4.5616,4.6001,4.6366,4.6766,4.7186,4.7556,4.7805,4.7901,4.7854,4.7694,4.746,4.718,4.6878,4.6568,4.6261,4.5963
3.4523,3.4438,3.4355,3.4274,3.4199,3.4131,3.4073,3.4029,3.4002,3.3996,3.4015,3.4062,3.4138,3.4247,3.4388,3.4558,3.4742,3.4924,3.5089,3.5251,3.5452,3.5652,3.5631,3.5584,3.5786,3.6287,3.7095,3.8201,3.9554,4.1047,4.2525,4.3825,4.483,4.5507,4.591,4.6151,4.6352,4.6594,4.6883,4.7168,4.738,4.748,4.7462,4.7344,4.7154,4.6916,4.6651,4.6374,4.6094,4.5819
3.445,3.4358,3.4267,3.4177,3.4092,3.4013,3.3944,3.3889,3.3851,3.3835,3.3844,3.3883,3.3952,3.4057,3.4199,3.4376,3.4575,3.4766,3.4921,3.5028,3.5119,3.5225,3.527,3.5357,3.5651,3.6215,3.7082,3.8263,3.9715,4.1325,4.2919,4.4305,4.5339,4.5979,4.6283,4.6384,4.6423,4.6505,4.6658,4.6846,4.7007,4.7094,4.7091,4.7004,4.685,4.6649,4.6419,4.6172,4.5919,4.5667
3.438,3.4281,3.4181,3.4082,3.3986,3.3896,3.3815,3.3747,3.3697,3.3669,3.3668,3.3696,3.3756,3.3853,3.3991,3.4173,3.4386,3.4592,3.4739,3.478,3.4701,3.46,3.4737,3.5056,3.5498,3.6149,3.7088,3.8347,3.9897,4.1624,4.3336,4.4811,4.5881,4.6488,4.6702,4.667,4.6558,4.6489,4.6508,4.6593,4.6691,4.6752,4.675,4.6682,4.6556,4.6387,4.6186,4.5968,4.574,4.5509
3.4312,3.4206,3.4097,3.3989,3.3882,3.378,3.3686,3.3605,3.3541,3.35,3.3487,3.3504,3.3552,3.3635,3.3763,3.3944,3.4173,3.4405,3.4564,3.4569,3.438,3.4154,3.432,3.479,3.5361,3.6102,3.7113,3.8447,4.0087,4.1919,4.3739,4.5299,4.6402,4.6982,4.7115,4.6967,4.6722,4.6519,4.6415,4.6401,4.6431,4.6455,4.6444,4.6384,4.6277,4.6132,4.5957,4.5763,4.5558,4.5347
3.4248,3.4134,3.4017,3.3899,3.3782,3.3667,3.3559,3.3463,3.3384,3.333,3.3304,3.3309,3.3343,3.3407,3.3516,3.3689,3.3932,3.4201,3.4401,3.4427,3.4239,3.4022,3.4164,3.4648,3.5283,3.6091,3.7163,3.8558,4.0268,4.2181,4.4084,4.5709,4.6839,4.7396,4.7464,4.7225,4.6876,4.6563,4.6356,4.6252,4.6215,4.6199,4.617,4.6111,4.6015,4.5887,4.5733,4.5561,4.5376,4.5184
3.4188,3.4067,3.3942,3.3814,3.3685,3.3558,3.3435,3.3324,3.3229,3.316,3.3122,3.3116,3.3135,3.3176,3.3254,3.3407,3.3658,3.3973,3.4242,3.434,3.423,3.4086,3.4207,3.4643,3.5284,3.6126,3.7238,3.8672,4.0423,4.2381,4.4329,4.5989,4.713,4.7671,4.7698,4.74,4.6981,4.6592,4.6305,4.6128,4.6032,4.5976,4.5925,4.586,4.577,4.5655,4.5517,4.5362,4.5195,4.5021
3.4132,3.4004,3.3871,3.3734,3.3594,3.3454,3.3317,3.3189,3.3077,3.2993,3.2943,3.2928,3.2935,3.2949,3.2986,3.3102,3.3352,3.3715,3.407,3.4271,3.4275,3.4225,3.435,3.4739,3.5358,3.6208,3.7335,3.8782,4.0538,4.2496,4.4442,4.6098,4.7234,4.7765,4.7778,4.746,4.7011,4.6579,4.6241,4.6011,4.5868,4.5775,4.5703,4.5629,4.554,4.5433,4.5309,4.5169,4.5017,4.4858
3.4081,3.3947,3.3807,3.3661,3.351,3.3357,3.3206,3.306,3.2931,3.2831,3.277,3.275,3.275,3.2737,3.2721,3.2787,3.3022,3.3428,3.3872,3.4188,3.4316,3.4367,3.4523,3.489,3.5486,3.6326,3.7446,3.8877,4.0602,4.2515,4.4411,4.6026,4.7138,4.7668,4.7694,4.7392,4.695,4.651,4.6149,4.5886,4.5709,4.5589,4.5497,4.5414,4.5324,4.5223,4.5108,4.498,4.4842,4.4697
3.4036,3.3896,3.3749,3.3595,3.3435,3.327,3.3104,3.2942,3.2794,3.2676,3.2604,3.2584,3.2587,3.2551,3.2477,3.2481,3.2694,3.3131,3.3654,3.4078,3.4327,3.4481,3.4689,3.5059,3.5641,3.6465,3.7561,3.8951,4.0612,4.2441,4.4246,4.5787,4.6863,4.7397,4.7457,4.7201,4.6798,4.6379,4.6019,4.5744,4.5547,4.5407,4.5301,4.521,4.5119,4.5021,4.4914,4.4797,4.4671,4.4538
3.3997,3.3852,3.3699,3.3538,3.337,3.3194,3.3015,3.2837,3.2671,3.2533,3.2448,3.2432,3.2451,3.2404,3.2271,3.2216,3.2407,3.2864,3.3441,3.3951,3.4306,3.4558,3.4829,3.5222,3.5801,3.6606,3.7667,3.8998,4.0571,4.2287,4.3974,4.5419,4.6446,4.6988,4.7096,4.6906,4.6563,4.6187,4.585,4.5579,4.5376,4.5226,4.5111,4.5014,4.4922,4.4827,4.4727,4.4618,4.4503,4.4381
3.3964,3.3816,3.3658,3.3491,3.3315,3.3131,3.2941,3.2749,3.2566,3.2409,3.2308,3.2295,3.2342,3.2303,3.2127,3.203,3.2207,3.2666,3.3267,3.383,3.4266,3.4605,3.494,3.5366,3.595,3.6737,3.7756,3.9016,4.0485,4.2073,4.3626,4.4964,4.5937,4.6485,4.6647,4.6531,4.6262,4.5944,4.5642,4.539,4.5192,4.504,4.4922,4.4822,4.473,4.464,4.4545,4.4444,4.4338,4.4226
3.3938,3.3787,3.3626,3.3455,3.3274,3.3083,3.2885,3.2682,3.2485,3.2312,3.2195,3.2181,3.2259,3.2253,3.2069,3.1959,3.2125,3.2567,3.3155,3.3737,3.4225,3.4632,3.5025,3.5486,3.6079,3.6849,3.7823,3.9006,4.0366,4.1819,4.3235,4.4464,4.538,4.593,4.6143,4.6103,4.5911,4.5658,4.5402,4.5177,4.4994,4.4848,4.4731,4.4633,4.4543,4.4456,4.4367,4.4274,4.4176,4.4073
3.3919,3.3766,3.3603,3.343,3.3246,3.3052,3.2848,3.264,3.2435,3.2251,3.2124,3.2105,3.2206,3.2247,3.21,3.2007,3.2161,3.2565,3.3116,3.3686,3.4199,3.4652,3.5092,3.5584,3.6186,3.6938,3.7867,3.8972,4.0222,4.1544,4.2828,4.395,4.4809,4.5358,4.5615,4.5645,4.5529,4.5341,4.5136,4.4946,4.4783,4.4648,4.4538,4.4444,4.4358,4.4276,4.4193,4.4107,4.4017,4.3923
3.3908,3.3754,3.3591,3.3417,3.3232,3.3037,3.2833,3.2624,3.2418,3.2234,3.2105,3.2085,3.2192,3.2273,3.2195,3.214,3.2283,3.2641,3.3139,3.368,3.4195,3.4674,3.5148,3.5664,3.6271,3.7006,3.7888,3.8917,4.0062,4.1262,4.2424,4.3447,4.425,4.4793,4.5087,4.5177,4.513,4.5006,4.4852,4.4698,4.456,4.4442,4.4342,4.4254,4.4175,4.4099,4.4022,4.3943,4.3861,4.3775
3.3904,3.3751,3.3588,3.3415,3.3232,3.3039,3.2838,3.2634,3.2435,3.2259,3.214,3.2123,3.2223,3.2322,3.2313,3.2309,3.2449,3.2765,3.3211,3.3712,3.4216,3.4706,3.5199,3.573,3.6338,3.7053,3.7889,3.8846,3.9895,4.0983,4.2035,4.2969,4.3719,4.4252,4.4572,4.4713,4.4726,4.466,4.4555,4.444,4.4329,4.423,4.4142,4.4064,4.3993,4.3923,4.3853,4.3782,4.3707,4.3628
3.3907,3.3755,3.3594,3.3424,3.3245,3.3057,3.2864,3.2669,3.2482,3.2322,3.2218,3.2207,3.2292,3.2394,3.2436,3.2481,3.2628,3.2914,3.3313,3.3776,3.426,3.4749,3.5249,3.5787,3.6391,3.7083,3.7876,3.8765,3.9727,4.0715,4.1668,4.2522,4.3223,4.3743,4.4081,4.4264,4.4328,4.4313,4.4254,4.4175,4.4092,4.4013,4.3941,4.3874,4.3811,4.3749,4.3687,4.3623,4.3555,4.3484
3.3917,3.3768,3.361,3.3445,3.3271,3.3091,3.2907,3.2724,3.2554,3.2412,3.2325,3.2318,3.239,3.2487,3.2562,3.2646,3.2804,3.307,3.3433,3.3862,3.4323,3.4802,3.5302,3.5839,3.6433,3.7101,3.7851,3.8678,3.9561,4.0461,4.1328,4.2111,4.2767,4.3271,4.3621,4.3835,4.394,4.397,4.3952,4.3907,4.3852,4.3794,4.3738,4.3683,4.363,4.3577,4.3522,4.3465,4.3406,4.3342
3.3933,3.3788,3.3635,3.3475,3.3309,3.3138,3.2965,3.2797,3.2644,3.2522,3.245,3.2446,3.2506,3.2598,3.2691,3.2803,3.2972,3.3226,3.3563,3.3962,3.44,3.4866,3.5358,3.5887,3.6467,3.7109,3.7818,3.8588,3.9401,4.0223,4.1016,4.1736,4.235,4.2836,4.3193,4.343,4.3569,4.3636,4.3653,4.3641,4.3612,4.3574,4.3534,4.3493,4.345,4.3406,4.336,4.331,4.3258,4.3202
3.3956,3.3815,3.3668,3.3515,3.3356,3.3196,3.3036,3.2884,3.2748,3.2643,3.2584,3.2583,3.2636,3.2723,3.2826,3.2955,3.3133,3.338,3.3696,3.4071,3.4488,3.4937,3.5417,3.5934,3.6496,3.7111,3.7781,3.8499,3.9249,4.0003,4.073,4.1395,4.1971,4.2439,4.2797,4.3051,4.3216,4.3314,4.3362,4.3378,4.3373,4.3356,4.3332,4.3303,4.3272,4.3237,4.3199,4.3158,4.3112,4.3063
3.3985,3.3849,3.3708,3.3562,3.3413,3.3263,3.3117,3.298,3.2861,3.2771,3.2723,3.2725,3.2773,3.2857,3.2967,3.3106,3.3289,3.353,3.3831,3.4185,3.4582,3.5014,3.5479,3.598,3.6522,3.711,3.7742,3.8412,3.9106,3.9801,4.047,4.1087,4.1627,4.2078,4.2433,4.2698,4.2884,4.3006,4.3081,4.3121,4.3138,4.314,4.3131,4.3116,4.3095,4.307,4.304,4.3007,4.2969,4.2927
3.4019,3.3889,3.3755,3.3617,3.3477,3.3339,3.3206,3.3083,3.2979,3.2903,3.2865,3.287,3.2917,3.2999,3.311,3.3255,3.3441,3.3676,3.3965,3.4301,3.468,3.5095,3.5543,3.6027,3.6547,3.7106,3.7703,3.8329,3.8973,3.9616,4.0234,4.0808,4.1317,4.1749,4.2099,4.2371,4.2572,4.2714,4.281,4.2872,4.2908,4.2927,4.2933,4.2931,4.2921,4.2905,4.2884,4.2858,4.2828,4.2793
3.4058,3.3934,3.3807,3.3677,3.3548,3.342,3.33,3.3191,3.3101,3.3037,3.3008,3.3016,3.3062,3.3144,3.3257,3.3403,3.3589,3.382,3.4097,3.4418,3.478,3.5178,3.5609,3.6073,3.6571,3.7103,3.7665,3.8252,3.8851,3.9446,4.0021,4.0556,4.1035,4.145,4.1793,4.2068,4.228,4.2438,4.2552,4.2632,4.2685,4.272,4.274,4.2749,4.275,4.2743,4.273,4.2712,4.2689,4.266
3.4102,3.3984,3.3864,3.3743,3.3623,3.3507,3.3398,3.3302,3.3225,3.3172,3.315,3.3162,3.3209,3.329,3.3404,3.3551,3.3735,3.396,3.4227,3.4535,3.4881,3.5261,3.5675,3.6119,3.6594,3.7099,3.763,3.818,3.8738,3.9293,3.9828,4.0328,4.0781,4.1178,4.1514,4.1789,4.2008,4.2178,4.2306,4.2401,4.247,4.2518,4.2551,4.2571,4.2582,4.2584,4.2579,4.2569,4.2552,4.253
3.4149,3.4038,3.3925,3.3812,3.3702,3.3597,3.3499,3.3415,3.3349,3.3306,3.3291,3.3307,3.3356,3.3437,3.355,3.3696,3.3878,3.4097,3.4354,3.465,3.4981,3.5345,3.5741,3.6165,3.6618,3.7097,3.7597,3.8113,3.8636,3.9153,3.9653,4.0122,4.0551,4.0931,4.1258,4.1532,4.1755,4.1934,4.2073,4.2181,4.2262,4.2323,4.2367,4.2397,4.2417,4.2428,4.2431,4.2428,4.2418,4.2403
3.42,3.4095,3.399,3.3885,3.3784,3.3689,3.3602,3.3529,3.3472,3.3438,3.343,3.345,3.3501,3.3582,3.3695,3.3839,3.4017,3.423,3.4479,3.4763,3.508,3.5428,3.5806,3.6212,3.6642,3.7096,3.7568,3.8053,3.8542,3.9027,3.9495,3.9936,4.0342,4.0706,4.1024,4.1294,4.152,4.1705,4.1853,4.1971,4.2063,4.2134,4.2188,4.2229,4.2257,4.2276,4.2287,4.229,4.2287,4.2277
3.4254,3.4155,3.4057,3.3961,3.3869,3.3783,3.3706,3.3642,3.3595,3.3569,3.3567,3.3591,3.3644,3.3726,3.3837,3.398,3.4154,3.4361,3.4601,3.4873,3.5177,3.551,3.5871,3.6257,3.6667,3.7097,3.7543,3.7999,3.8458,3.8912,3.9352,3.9768,4.0153,4.0502,4.0809,4.1076,4.1302,4.149,4.1646,4.1772,4.1873,4.1953,4.2016,4.2065,4.2102,4.2128,4.2145,4.2155,4.2158,4.2154
