docs/data/wind_grid.json
[{"header":{"la1":42.85,"la2":41.18,"lo1":11.55,"lo2":14.05,"nx":36,"ny":24,"dx":0.07143,"dy":0.07261,"parameterCategory":2,"parameterNumber":2,"parameterNumberName":"eastward_wind","parameterUnit":"m.s-1"},"data":[1.382,1.4156,1.4525,1.4917,1.5318,1.5702,1.6034,1.6284,1.6441,1.6527,1.6598,1.6725,1.6961,1.7309,1.7691,1.7955,1.7947,1.762,1.706,1.6402,1.5749,1.5153,1.4628,1.417,1.3771,1.342,1.3106,1.2824,1.2567,1.2331,1.2114,1.1914,1.1728,1.1557,1.1399,1.1254,1.3872,1.4261,1.4701,1.519,1.571,1.6224,1.6674,1.6995,1.7146,1.7156,1.713,1.7206,1.7503,1.806,1.8771,1.933,1.9383,1.8844,1.7949,1.6984,1.6109,1.5367,1.475,1.4236,1.3799,1.3422,1.3091,1.2794,1.2525,1.2278,1.2051,1.1842,1.1648,1.147,1.1306,1.1157,1.3888,1.4332,1.4856,1.5467,1.6155,1.6878,1.7542,1.8005,1.8149,1.7998,1.7749,1.7671,1.7991,1.8841,2.0126,2.1273,2.1426,2.0429,1.8941,1.7535,1.6395,1.5507,1.4812,1.4253,1.3791,1.3397,1.3052,1.2744,1.2465,1.2208,1.1972,1.1754,1.1553,1.1367,1.1198,1.1044,1.3852,1.4347,1.4957,1.571,1.6624,1.7675,1.8738,1.9525,1.9695,1.9214,1.85,1.8072,1.8298,1.9433,2.1523,2.3691,2.3976,2.2114,1.977,1.7879,1.6514,1.5528,1.4791,1.4214,1.3742,1.3341,1.299,1.2674,1.2387,1.2122,1.1877,1.1649,1.1439,1.1247,1.1071,1.0913,1.3746,1.4275,1.4956,1.5849,1.7026,1.8546,2.0329,2.1873,2.2216,2.1047,1.9408,1.8345,1.827,1.9423,2.2015,2.51,2.5491,2.2813,1.989,1.7789,1.6378,1.54,1.468,1.4118,1.3656,1.3259,1.2907,1.2587,1.2292,1.2019,1.1763,1.1526,1.1307,1.1106,1.0923,1.076,1.3553,1.4086,1.4797,1.5778,1.7174,1.9206,2.2058,2.5196,2.6158,2.3536,2.0283,1.8369,1.7846,1.8583,2.0598,2.3082,2.3458,2.133,1.8939,1.7188,1.599,1.5139,1.4495,1.3979,1.3541,1.3157,1.2808,1.2485,1.2183,1.1899,1.1632,1.1382,1.1151,1.0941,1.0751,1.0584,1.3267,1.3763,1.4437,1.5395,1.6827,1.9085,2.2729,2.7743,2.9796,2.5142,2.0355,1.7936,1.7112,1.7315,1.8265,1.9396,1.9627,1.8693,1.7414,1.6318,1.5474,1.4816,1.428,1.3823,1.3417,1.3047,1.27,1.2373,1.206,1.1763,1.148,1.1215,1.097,1.0747,1.055,1.0377,1.2892,1.3308,1.3872,1.4674,1.5872,1.7758,2.0781,2.4891,2.6451,2.2623,1.8907,1.7003,1.6263,1.6197,1.6497,1.6867,1.6962,1.6655,1.612,1.5547,1.5011,1.4527,1.4087,1.3682,1.3303,1.2941,1.2593,1.2255,1.1927,1.161,1.1306,1.102,1.0756,1.0519,1.0311,1.0135,1.245,1.2754,1.3153,1.3701,1.4485,1.5636,1.7254,1.8991,1.9544,1.8456,1.7001,1.5982,1.5561,1.5522,1.5607,1.5683,1.5698,1.5612,1.541,1.5107,1.474,1.4352,1.3965,1.3588,1.3218,1.2855,1.2495,1.2138,1.1785,1.1439,1.1106,1.0791,1.0502,1.0246,1.0027,0.9847,1.197,1.2148,1.2363,1.2631,1.2979,1.3468,1.4222,1.5407,1.6894,1.7316,1.6152,1.5303,1.5238,1.5465,1.5512,1.5383,1.5324,1.5369,1.5331,1.5096,1.4731,1.4335,1.3945,1.3562,1.3181,1.2797,1.2412,1.2024,1.1634,1.1248,1.0872,1.0517,1.0194,0.9914,0.9682,0.9501,1.1485,1.1543,1.1586,1.1599,1.1566,1.1506,1.1658,1.306,1.7818,2.0012,1.6071,1.4834,1.544,1.6368,1.6288,1.5634,1.5477,1.5883,1.603,1.5594,1.4999,1.4486,1.4044,1.3624,1.3204,1.278,1.2351,1.1917,1.1475,1.1031,1.0595,1.0183,0.9813,0.9502,0.9258,0.9081,1.1023,1.0981,1.0888,1.0707,1.0379,0.982,0.9001,0.8745,1.3111,1.6608,1.4344,1.4121,1.6017,1.8969,1.8061,1.5963,1.5864,1.7706,1.8093,1.6622,1.546,1.4786,1.4284,1.3797,1.3303,1.281,1.232,1.1822,1.1308,1.0782,1.0257,0.9763,0.9329,0.8979,0.8725,0.8563,1.0604,1.0489,1.0306,1.0014,0.9538,0.8745,0.7428,0.5842,0.7502,1.0785,1.1917,1.3186,1.5015,1.9772,1.8561,1.5195,1.5689,2.1087,2.1235,1.7449,1.5892,1.5292,1.4758,1.4133,1.3495,1.2895,1.2324,1.1747,1.1136,1.0491,0.9836,0.9219,0.8693,0.8296,0.8041,0.7916,1.0236,1.0074,0.9846,0.9519,0.9045,0.8359,0.7434,0.6564,0.7149,0.863,0.9803,1.2771,1.3768,1.2047,1.3374,1.2468,1.2809,1.7316,1.8501,1.6694,1.6519,1.6469,1.5718,1.4691,1.3775,1.3031,1.2378,1.1713,1.0973,1.015,0.9291,0.8485,0.7825,0.7377,0.7149,0.7103,0.9918,0.973,0.9485,0.9164,0.875,0.8242,0.7694,0.7276,0.7047,0.6374,0.5735,0.7198,0.8946,0.8009,0.9982,0.9377,0.8107,1.1297,1.3904,1.6239,1.9351,1.9654,1.7476,1.5418,1.4072,1.3213,1.2525,1.1776,1.0853,0.9751,0.8563,0.745,0.6597,0.6108,0.5969,0.6083,0.9645,0.9444,0.9193,0.8884,0.8512,0.8078,0.7586,0.6975,0.5875,0.3303,-0.1484,0.1163,0.3799,0.665,0.7614,0.8039,0.8014,0.9141,1.1459,1.7597,2.7308,2.5663,1.9408,1.5857,1.4234,1.3482,1.2894,1.2062,1.085,0.9294,0.7551,0.5932,0.4798,0.4327,0.4416,0.483,0.9412,0.9202,0.8949,0.8645,0.8284,0.7848,0.7298,0.6501,0.5131,0.2582,-0.0972,0.0881,0.1296,0.1031,0.4539,0.5836,0.6394,0.6194,0.7032,1.4683,2.802,2.5815,1.8708,1.5302,1.422,1.4087,1.3805,1.2799,1.1079,0.8784,0.6121,0.3651,0.2138,0.1866,0.2455,0.3381,0.9214,0.8999,0.8745,0.8443,0.8082,0.7641,0.7073,0.6292,0.5177,0.3719,0.2519,0.2256,0.0823,0.0361,0.1661,0.1866,0.3293,0.1917,-0.0837,0.6197,1.4419,1.6596,1.4907,1.3884,1.4377,1.5635,1.5827,1.4215,1.1601,0.8254,0.4203,0.038,-0.156,-0.1235,0.0255,0.1912,0.9047,0.8831,0.8578,0.8281,0.7928,0.75,0.6971,0.6304,0.5487,0.4598,0.3837,0.3208,0.236,0.1176,-0.2817,-0.4566,0.0719,0.1301,0.0072,0.2492,0.6696,0.992,1.1199,1.2382,1.4852,1.8377,1.9068,1.586,1.2157,0.7836,0.2241,-0.3252,-0.5492,-0.4164,-0.1587,0.0787,0.8909,0.8695,0.8448,0.816,0.7824,0.7428,0.6958,0.6407,0.5787,0.514,0.4515,0.3867,0.2994,0.1322,-0.2134,-0.3138,0.0559,0.1797,0.036,-0.0431,0.3502,0.6478,0.8341,1.0623,1.4191,1.8686,1.9564,1.5625,1.2172,0.781,0.1642,-0.4601,-0.6924,-0.5144,-0.2171,0.0426,0.8797,0.8589,0.835,0.8078,0.7765,0.7406,0.6997,0.6537,0.6038,0.5516,0.4976,0.4376,0.3594,0.2446,0.1098,0.0855,0.1921,0.2364,0.1554,0.1381,0.3028,0.4019,0.5077,0.7874,1.1679,1.4323,1.4072,1.3502,1.1773,0.8255,0.3106,-0.2054,-0.4316,-0.3359,-0.1162,0.0962,0.8709,0.8508,0.8282,0.8027,0.774,0.7419,0.7062,0.6672,0.6256,0.5818,0.5356,0.4848,0.4256,0.3583,0.3008,0.2866,0.3104,0.3198,0.2968,0.2802,0.2299,0.0323,-0.0041,0.4065,0.9042,1.2192,1.3074,1.2803,1.1382,0.8728,0.5144,0.1649,-0.0293,-0.0311,0.0762,0.2102,0.8642,0.8451,0.8238,0.8002,0.7741,0.7454,0.7142,0.6807,0.6453,0.6083,0.5697,0.5288,0.4858,0.4439,0.4116,0.3974,0.3963,0.3908,0.368,0.3095,0.1345,-0.2298,-0.3363,0.1496,0.6961,1.0482,1.1925,1.1795,1.0684,0.8851,0.6551,0.4326,0.2852,0.24,0.2719,0.3403,0.8593,0.8412,0.8214,0.7997,0.776,0.7505,0.7231,0.6941,0.6638,0.6325,0.6004,0.5679,0.5359,0.5068,0.484,0.4694,0.4595,0.4453,0.4144,0.3431,0.1884,-0.0338,-0.071,0.2271,0.606,0.8809,1.0179,1.0394,0.981,0.8694,0.728,0.5883,0.4837,0.4322,0.4289,0.4569]},{"header":{"la1":42.85,"la2":41.18,"lo1":11.55,"lo2":14.05,"nx":36,"ny":24,"dx":0.07143,"dy":0.07261,"parameterCategory":2,"parameterNumber":3,"parameterNumberName":"northward_wind","parameterUnit":"m.s-1"},"data":[4.8436,4.83,4.8137,4.7947,4.7733,4.7505,4.7275,4.7049,4.6823,4.657,4.6244,4.5794,4.5192,4.4467,4.3733,4.3189,4.3016,4.3247,4.3752,4.4351,4.4915,4.5384,4.5743,4.6002,4.6177,4.6286,4.6344,4.6363,4.6354,4.6325,4.6283,4.6232,4.6178,4.6122,4.6067,4.6016,4.8516,4.8366,4.8177,4.7948,4.7683,4.7397,4.7113,4.6857,4.6636,4.6411,4.6096,4.5583,4.4787,4.3702,4.2492,4.1555,4.1317,4.1838,4.2778,4.3763,4.4596,4.5228,4.5678,4.5982,4.6175,4.6286,4.6337,4.6345,4.6322,4.628,4.6224,4.6161,4.6096,4.6031,4.5969,4.5913,4.8616,4.8451,4.8233,4.7954,4.7613,4.7227,4.684,4.6521,4.6319,4.6186,4.5967,4.5454,4.4457,4.2861,4.0826,3.911,3.8779,3.9936,4.166,4.321,4.4366,4.5163,4.5687,4.6017,4.6211,4.631,4.6343,4.6332,4.629,4.6229,4.6156,4.6079,4.6001,4.5926,4.5856,4.5794,4.8744,4.8569,4.8322,4.7984,4.7535,4.6981,4.6386,4.5905,4.5717,4.5799,4.5849,4.5483,4.438,4.2243,3.903,3.5938,3.5495,3.7855,4.0727,4.2911,4.4347,4.5248,4.5797,4.6118,4.6287,4.6357,4.6361,4.6321,4.6252,4.6168,4.6075,4.598,4.5888,4.5802,4.5725,4.5657,4.8906,4.8732,4.8468,4.8074,4.7497,4.669,4.5686,4.4777,4.4527,4.5076,4.5716,4.5739,4.4774,4.2452,3.8441,3.4047,3.3499,3.7013,4.0693,4.3167,4.4657,4.5529,4.6024,4.6287,4.6402,4.6423,4.6383,4.6305,4.6204,4.6091,4.5974,4.586,4.5753,4.5655,4.557,4.5497,4.9108,4.8954,4.87,4.8285,4.7607,4.6513,4.486,4.2961,4.236,4.3903,4.5637,4.6269,4.5704,4.3862,4.0565,3.6888,3.6289,3.9075,4.2081,4.4112,4.5318,4.5997,4.6353,4.651,4.6541,4.6494,4.6399,4.6274,4.6135,4.599,4.5847,4.5712,4.5589,4.5479,4.5386,4.531,4.935,4.9241,4.9038,4.8671,4.8012,4.6811,4.4652,4.1469,4.0127,4.3163,4.6068,4.7152,4.6982,4.5908,4.4092,4.2217,4.1713,4.2828,4.4338,4.5492,4.6204,4.6583,4.6741,4.6757,4.6683,4.6555,4.6394,4.6218,4.6036,4.5856,4.5685,4.5528,4.5388,4.5268,4.5169,4.5091,4.9622,4.9582,4.9475,4.9244,4.8785,4.7887,4.6184,4.3571,4.2553,4.5289,4.7639,4.8424,4.8329,4.7766,4.6935,4.6129,4.5777,4.6001,4.648,4.6893,4.7127,4.719,4.7129,4.6988,4.6798,4.6581,4.6352,4.612,4.5893,4.5677,4.5478,4.5298,4.5143,4.5013,4.491,4.4834,4.9906,4.9951,4.9969,4.9934,4.9799,4.9487,4.8934,4.8338,4.8532,4.9518,4.9973,4.983,4.9488,4.9101,4.8702,4.8346,4.8134,4.8092,4.8118,4.8086,4.7952,4.7731,4.7459,4.7161,4.6855,4.655,4.6252,4.5965,4.5694,4.5442,4.5213,4.5012,4.4842,4.4704,4.4601,4.453,5.0178,5.0309,5.0455,5.0619,5.0804,5.1021,5.1326,5.195,5.3154,5.3548,5.2193,5.0944,5.0247,4.9881,4.9672,4.9548,4.9502,4.9483,4.9363,4.9064,4.8632,4.815,4.7676,4.7232,4.6819,4.6435,4.6074,4.5737,4.5423,4.5136,4.4879,4.4657,4.4473,4.4331,4.4231,4.4172,5.0415,5.0618,5.087,5.1193,5.1614,5.2163,5.2846,5.3778,5.6036,5.7176,5.3605,5.1426,5.0503,5.0147,5.0081,5.0184,5.0413,5.0628,5.0505,4.9932,4.9155,4.8392,4.7724,4.7154,4.6658,4.6211,4.5799,4.5417,4.5064,4.4744,4.446,4.4217,4.4022,4.3879,4.379,4.375,5.0597,5.0849,5.117,5.1589,5.2148,5.2883,5.3748,5.4414,5.5134,5.5598,5.3067,5.128,5.0399,4.9995,5.0077,5.0516,5.1217,5.199,5.1906,5.0753,4.9444,4.8353,4.7519,4.6874,4.6337,4.5855,4.5407,4.499,4.4604,4.4252,4.394,4.3676,4.347,4.333,4.3259,4.3252,5.0715,5.0988,5.1333,5.1782,5.2376,5.3165,5.4143,5.4951,5.4494,5.339,5.2011,5.1145,5.0452,4.9864,4.9995,5.09,5.2087,5.3473,5.3355,5.1184,4.9209,4.7816,4.6934,4.6333,4.5831,4.5351,4.4884,4.4439,4.4025,4.3644,4.3301,4.3011,4.2792,4.2661,4.2621,4.2663,5.0766,5.1035,5.1366,5.1782,5.231,5.2979,5.3764,5.4419,5.3953,5.2463,5.1398,5.1367,5.1141,4.7774,5.0008,5.2125,5.3772,5.3381,5.2638,5.0329,4.7876,4.6397,4.5814,4.5506,4.5144,4.4693,4.4212,4.3749,4.3316,4.2907,4.2525,4.2193,4.1953,4.1837,4.1849,4.1969,5.076,5.1005,5.1295,5.1637,5.2037,5.2481,5.2895,5.3038,5.2491,5.144,5.0733,5.0654,4.9979,4.9129,5.0557,5.5141,5.9512,5.4671,5.1483,4.8114,4.4527,4.3478,4.4102,4.4477,4.4323,4.3878,4.3367,4.2898,4.2468,4.2037,4.1593,4.1186,4.0904,4.0812,4.0912,4.1156,5.0708,5.092,5.1156,5.1414,5.1681,5.1922,5.2055,5.1933,5.1421,5.0559,4.9541,5.0757,5.059,5.0219,5.1245,5.4669,5.7626,5.4195,5.0745,4.5426,3.8296,3.9107,4.2371,4.3548,4.3441,4.2865,4.2287,4.1857,4.1487,4.1047,4.0493,3.9934,3.9567,3.9524,3.9781,4.0223,5.0625,5.08,5.0984,5.1169,5.1336,5.145,5.1458,5.1292,5.0912,5.0325,4.9661,5.0287,5.0797,5.0931,5.1272,5.2429,5.3334,5.3137,5.1944,4.6401,3.7619,3.8733,4.2179,4.3039,4.2471,4.1511,4.0851,4.06,4.042,3.9995,3.9235,3.837,3.7846,3.7918,3.8461,3.9208,5.0522,5.0664,5.0805,5.0936,5.1039,5.1092,5.1067,5.0941,5.0719,5.0457,5.0317,5.0501,5.0849,5.0972,5.1108,5.1499,5.2319,5.452,5.6986,5.1197,4.5288,4.3374,4.3389,4.2747,4.1236,3.9597,3.8936,3.9182,3.9385,3.9003,3.7893,3.6477,3.5718,3.606,3.707,3.8226,5.0409,5.0524,5.0632,5.0725,5.0793,5.0822,5.0799,5.0724,5.0611,5.0506,5.0475,5.056,5.0712,5.0847,5.0991,5.1053,5.1731,5.3704,5.5065,5.1634,4.8535,4.5892,4.4085,4.2276,3.9892,3.7409,3.6878,3.7944,3.8574,3.8253,3.674,3.4618,3.3634,3.4404,3.5952,3.7493,5.0292,5.0384,5.0468,5.0538,5.0586,5.0606,5.0594,5.0555,5.0501,5.0459,5.0455,5.0503,5.0592,5.0718,5.0888,5.097,5.1158,5.1582,5.1283,5.1009,4.8925,4.6006,4.3685,4.1672,3.9311,3.6924,3.6463,3.7468,3.8105,3.79,3.6327,3.3956,3.2908,3.3859,3.5591,3.7246,5.0174,5.0249,5.0315,5.0368,5.0404,5.0421,5.0417,5.0397,5.0371,5.035,5.0349,5.0373,5.0421,5.0493,5.0576,5.0596,5.0537,5.0451,5.0335,4.9817,4.7367,4.407,4.1959,4.0829,3.9332,3.7657,3.6716,3.7053,3.7832,3.793,3.6851,3.5084,3.4193,3.4801,3.615,3.7554,5.0057,5.0117,5.0169,5.0211,5.0239,5.0252,5.0251,5.0239,5.0221,5.0204,5.0192,5.0189,5.0191,5.0191,5.0164,5.0061,4.9835,4.946,4.8831,4.7419,4.4247,3.9987,3.8505,3.9468,3.9236,3.7642,3.6156,3.6726,3.783,3.8223,3.7748,3.6795,3.6207,3.6443,3.7255,3.8248,4.9941,4.999,5.003,5.0062,5.0082,5.0091,5.0088,5.0076,5.0056,5.0031,5.0003,4.997,4.9924,4.9854,4.9732,4.9514,4.9143,4.8536,4.7496,4.5546,4.1949,3.729,3.6202,3.8521,3.9339,3.8482,3.7542,3.7702,3.8372,3.8739,3.8614,3.8197,3.7895,3.7982,3.8434,3.9079,4.9827,4.9865,4.9896,4.9919,4.9932,4.9934,4.9926,4.9908,4.9881,4.9844,4.9796,4.9732,4.9643,4.9514,4.9318,4.9014,4.8544,4.7814,4.6654,4.4781,4.197,3.8976,3.8096,3.9212,3.9853,3.9548,3.9064,3.8991,3.9227,3.9421,3.941,3.9255,3.9134,3.9194,3.9463,3.9883]}]