docs/data/wind_grid.json
[{"header":{"la1":42.85,"la2":41.18,"lo1":11.55,"lo2":14.05,"nx":36,"ny":24,"dx":0.07143,"dy":0.07261,"parameterCategory":2,"parameterNumber":2,"parameterNumberName":"eastward_wind","parameterUnit":"m.s-1"},"data":[0.4249,0.3838,0.3356,0.2817,0.2255,0.1729,0.1314,0.1094,0.1123,0.1406,0.189,0.2493,0.3131,0.3743,0.4295,0.4768,0.515,0.5436,0.5618,0.5695,0.5673,0.557,0.5408,0.5209,0.4991,0.477,0.4556,0.4355,0.4172,0.4009,0.3866,0.3743,0.3637,0.3548,0.3474,0.3412,0.4366,0.3873,0.3262,0.2541,0.1744,0.0948,0.0278,-0.0112,-0.0102,0.0323,0.1057,0.194,0.2834,0.3654,0.4367,0.4964,0.5444,0.5799,0.6019,0.6095,0.6036,0.5869,0.5633,0.5361,0.5077,0.48,0.4541,0.4305,0.4097,0.3916,0.3762,0.3632,0.3525,0.3436,0.3364,0.3306,0.4587,0.4014,0.3258,0.2304,0.117,-0.0058,-0.1184,-0.1911,-0.1958,-0.1274,-0.0097,0.124,0.2502,0.3592,0.4498,0.5241,0.5841,0.6294,0.657,0.6639,0.6511,0.624,0.5892,0.5518,0.5149,0.4805,0.4493,0.422,0.3985,0.3789,0.3626,0.3494,0.3388,0.3304,0.3238,0.3186,0.4958,0.4328,0.3429,0.2201,0.0609,-0.1295,-0.3258,-0.4703,-0.4913,-0.37,-0.1679,0.0404,0.2181,0.3596,0.4711,0.5611,0.6357,0.6959,0.7338,0.7394,0.7136,0.6687,0.6171,0.5661,0.5188,0.4765,0.4396,0.4084,0.3827,0.3618,0.3453,0.3324,0.3224,0.3149,0.3092,0.305,0.5535,0.4902,0.3905,0.2408,0.0266,-0.262,-0.6085,-0.9143,-0.9831,-0.7409,-0.3712,-0.0454,0.1972,0.3726,0.5031,0.6068,0.6979,0.7821,0.842,0.8453,0.7933,0.7184,0.6435,0.5757,0.5163,0.4654,0.4227,0.388,0.3605,0.3393,0.3233,0.3116,0.303,0.297,0.2928,0.29,0.6372,0.5841,0.4859,0.3195,0.0545,-0.3481,-0.9234,-1.5698,-1.7769,-1.2484,-0.5752,-0.1002,0.2038,0.4058,0.5484,0.6586,0.7613,0.8779,0.9824,0.981,0.8796,0.7621,0.6602,0.5749,0.5033,0.4438,0.3957,0.3583,0.3303,0.3101,0.296,0.2866,0.2804,0.2766,0.2745,0.2735,0.7509,0.7246,0.6492,0.4897,0.2019,-0.2747,-1.0387,-2.0989,-2.542,-1.5898,-0.6311,-0.0752,0.2526,0.4655,0.6123,0.7173,0.8101,0.9354,1.0816,1.0742,0.9253,0.777,0.6567,0.5575,0.4748,0.4073,0.3548,0.3163,0.2899,0.2729,0.2627,0.2572,0.2546,0.254,0.2545,0.2558,0.8939,0.9188,0.9004,0.7857,0.5146,0.0477,-0.6486,-1.5309,-1.8734,-1.1541,-0.4269,0.0346,0.3375,0.5526,0.7076,0.8012,0.8528,0.9181,1.0063,0.9991,0.8823,0.7489,0.627,0.5186,0.4253,0.3501,0.2947,0.2581,0.2368,0.2264,0.2229,0.2234,0.2259,0.2294,0.2332,0.2372,1.0557,1.1621,1.2551,1.2457,1.0102,0.5516,0.004,-0.4931,-0.7071,-0.5452,-0.1993,0.15,0.4271,0.656,0.861,0.9592,0.9352,0.9142,0.9148,0.8879,0.8091,0.6981,0.5758,0.4553,0.3479,0.2635,0.2076,0.1782,0.1682,0.1698,0.1769,0.1859,0.1951,0.2036,0.2112,0.2181,1.209,1.4194,1.6947,1.9088,1.7067,1.0988,0.5234,0.0103,-0.5281,-0.6796,-0.2295,0.209,0.4871,0.7265,1.0871,1.2564,1.0534,0.9673,0.9316,0.8727,0.7774,0.6527,0.5101,0.3629,0.2298,0.1321,0.0809,0.0695,0.0818,0.1034,0.1261,0.1464,0.1635,0.1777,0.1894,0.1993,1.3103,1.599,2.0528,2.5886,2.441,1.5288,0.9306,0.3564,-1.0641,-1.7368,-0.3834,0.272,0.5076,0.6492,1.0105,1.26,1.0738,1.0679,1.0554,0.9484,0.7919,0.6177,0.4293,0.2303,0.0472,-0.0729,-0.1058,-0.0759,-0.0224,0.0303,0.0739,0.1077,0.1333,0.153,0.1685,0.1812,1.3249,1.6031,2.0259,2.502,2.3501,1.6117,1.3633,1.3213,0.1465,-0.7782,0.0072,0.4226,0.5113,0.4341,0.5476,0.8642,1.0783,1.3458,1.3733,1.1043,0.826,0.5802,0.329,0.0436,-0.2414,-0.4034,-0.3797,-0.2595,-0.1363,-0.041,0.0265,0.0737,0.107,0.1312,0.1497,0.1645,1.2628,1.4603,1.699,1.8692,1.7494,1.5185,1.6501,2.0824,1.5929,0.6802,0.5174,0.5601,0.578,0.3309,0.3816,0.8284,1.2112,1.8599,1.8533,1.2293,0.8175,0.521,0.2196,-0.1819,-0.6655,-0.9109,-0.7384,-0.4516,-0.2349,-0.0956,-0.0077,0.049,0.0869,0.1136,0.1336,0.1496,1.1659,1.2844,1.3954,1.4479,1.414,1.4005,1.5574,1.8129,1.5692,0.9594,0.707,0.5679,0.5921,1.2582,0.8666,1.0761,1.3866,1.6043,1.5534,1.0729,0.6977,0.4316,0.1421,-0.327,-1.0241,-1.3769,-1.0009,-0.5549,-0.2763,-0.116,-0.0214,0.0369,0.0745,0.1005,0.1203,0.1366,1.0687,1.1376,1.1928,1.2193,1.2224,1.2417,1.3029,1.3286,1.1556,0.8905,0.7682,0.7637,0.9425,1.2824,1.0665,1.5221,2.1705,1.4645,1.08,0.7495,0.4805,0.3239,0.128,-0.2485,-0.8135,-1.1173,-0.8363,-0.471,-0.2344,-0.0954,-0.0129,0.0371,0.0689,0.0911,0.109,0.1249,0.9841,1.0257,1.0568,1.0736,1.08,1.0854,1.0846,1.0425,0.9314,0.8041,0.7302,0.84,0.8681,0.9592,0.979,1.3676,1.8084,1.1952,0.7432,0.4607,0.2551,0.2307,0.1409,-0.0808,-0.3582,-0.5114,-0.4346,-0.2727,-0.1382,-0.0468,0.0108,0.0453,0.0667,0.0828,0.0982,0.1138,0.9135,0.9394,0.9578,0.9671,0.968,0.9608,0.9401,0.8958,0.8291,0.7646,0.728,0.7655,0.7462,0.7177,0.7143,0.7764,0.8212,0.5801,0.3408,0.2717,0.2106,0.198,0.1291,0.0056,-0.1147,-0.1754,-0.1609,-0.1043,-0.0414,0.0082,0.0387,0.0534,0.0615,0.0715,0.0858,0.1025,0.8544,0.8706,0.881,0.8844,0.8804,0.8679,0.8449,0.8102,0.7689,0.7334,0.7127,0.6959,0.6671,0.6092,0.2861,0.1206,0.2452,0.113,-0.0808,0.0779,0.1371,0.1244,0.0698,0.0053,-0.0445,-0.0708,-0.061,-0.0134,0.0333,0.0579,0.0612,0.0516,0.045,0.0529,0.0709,0.0916,0.8043,0.814,0.819,0.8182,0.8112,0.7972,0.7759,0.7481,0.7168,0.6859,0.6538,0.6073,0.5175,0.2548,-0.537,-0.8449,-0.1431,-0.0038,-0.0746,-0.0577,-0.0129,-0.0147,-0.0434,-0.0519,-0.0494,-0.1031,-0.111,0.0304,0.1052,0.1068,0.0761,0.0352,0.0154,0.0297,0.0572,0.0834,0.7611,0.7663,0.7675,0.7639,0.7551,0.7407,0.7207,0.6957,0.6664,0.6323,0.5877,0.5173,0.3826,0.0831,-0.4855,-0.6622,-0.2096,-0.0548,-0.1457,-0.1949,-0.1554,-0.2187,-0.2516,-0.1708,-0.0471,-0.0767,-0.0917,0.1888,0.2239,0.1653,0.095,0.0279,0.0008,0.0214,0.0538,0.0819,0.7234,0.7253,0.7237,0.7181,0.708,0.6933,0.6737,0.6493,0.6193,0.5816,0.5303,0.4534,0.3291,0.1326,-0.0984,-0.18,-0.0964,-0.0698,-0.1369,-0.2012,-0.3553,-0.6386,-0.7222,-0.4451,-0.0408,0.3407,0.7892,0.6785,0.3798,0.2166,0.126,0.0616,0.0331,0.0429,0.066,0.0886,0.6901,0.6896,0.6859,0.6787,0.6676,0.6524,0.6327,0.608,0.5773,0.5382,0.4865,0.4155,0.3183,0.1964,0.0775,0.0066,-0.0238,-0.0731,-0.1723,-0.3567,-0.7933,-1.5355,-1.7359,-0.9918,-0.1641,0.5718,1.228,0.8864,0.3536,0.1887,0.1367,0.0995,0.0774,0.0755,0.086,0.1004,0.6604,0.658,0.6527,0.6442,0.6323,0.6166,0.5967,0.5719,0.5411,0.5027,0.454,0.3923,0.3163,0.2305,0.1463,0.074,0.0054,-0.0863,-0.2385,-0.5324,-1.1618,-2.2091,-2.4995,-1.4232,-0.3889,0.2928,0.6274,0.4078,0.0694,0.0765,0.1118,0.1112,0.1023,0.0994,0.1037,0.1124,0.6338,0.6298,0.6233,0.6139,0.6013,0.5852,0.5651,0.5404,0.5104,0.4737,0.429,0.3753,0.3128,0.244,0.1725,0.0992,0.0163,-0.0949,-0.2671,-0.5624,-1.0681,-1.704,-1.8374,-1.2001,-0.4691,0.0221,0.2322,0.1632,0.0265,0.0486,0.0945,0.11,0.1118,0.1124,0.1158,0.1222]},{"header":{"la1":42.85,"la2":41.18,"lo1":11.55,"lo2":14.05,"nx":36,"ny":24,"dx":0.07143,"dy":0.07261,"parameterCategory":2,"parameterNumber":3,"parameterNumberName":"northward_wind","parameterUnit":"m.s-1"},"data":[0.7871,0.732,0.6701,0.603,0.5341,0.4693,0.4165,0.3842,0.378,0.3975,0.4363,0.4846,0.5334,0.5765,0.6112,0.6371,0.6558,0.67,0.683,0.6976,0.7153,0.736,0.7586,0.7818,0.8047,0.8266,0.8475,0.8674,0.8866,0.9052,0.9233,0.941,0.9582,0.9749,0.9911,1.0065,0.7836,0.7188,0.6428,0.5561,0.462,0.3684,0.2884,0.2382,0.2302,0.265,0.3297,0.4055,0.4769,0.5355,0.5786,0.6071,0.6243,0.6348,0.6444,0.6581,0.6781,0.7034,0.7313,0.7593,0.7859,0.8107,0.8337,0.8553,0.876,0.896,0.9156,0.9348,0.9534,0.9716,0.989,1.0057,0.7888,0.7144,0.6224,0.511,0.3813,0.2419,0.1131,0.0271,0.014,0.0778,0.1899,0.3118,0.4171,0.496,0.5482,0.5777,0.5896,0.5915,0.5936,0.6052,0.6298,0.6635,0.7,0.7349,0.7662,0.794,0.819,0.8422,0.8643,0.8859,0.9071,0.928,0.9484,0.9682,0.9872,1.0053,0.8067,0.7247,0.6171,0.4771,0.2999,0.0889,-0.1298,-0.2933,-0.3222,-0.1984,0.0062,0.2057,0.3593,0.4623,0.5229,0.55,0.5509,0.5352,0.5212,0.5296,0.5652,0.6153,0.6658,0.7098,0.7462,0.7767,0.8032,0.8276,0.851,0.8743,0.8975,0.9205,0.943,0.9649,0.9857,1.0054,0.8418,0.7569,0.6382,0.4713,0.2384,-0.0752,-0.4559,-0.7958,-0.8751,-0.6132,-0.2227,0.1008,0.3144,0.4403,0.5051,0.5258,0.5085,0.46,0.4118,0.4163,0.4796,0.561,0.632,0.6863,0.7269,0.7586,0.7855,0.8104,0.8352,0.8605,0.8862,0.9119,0.9372,0.9616,0.9848,1.0063,0.8979,0.8189,0.7001,0.5181,0.2381,-0.1903,-0.8163,-1.5334,-1.765,-1.1767,-0.4464,0.034,0.2994,0.435,0.4952,0.5065,0.4696,0.3712,0.2544,0.2584,0.3831,0.513,0.6065,0.6679,0.7088,0.7387,0.764,0.7888,0.8151,0.8432,0.8725,0.902,0.931,0.9587,0.9845,1.0083,0.9767,0.9163,0.8155,0.6437,0.3526,-0.1359,-0.9526,-2.1274,-2.6261,-1.5511,-0.4975,0.0602,0.3276,0.4451,0.4858,0.4883,0.4497,0.3231,0.1317,0.1417,0.3349,0.4988,0.5991,0.6566,0.6902,0.7134,0.7349,0.7593,0.7882,0.8209,0.8556,0.8906,0.9245,0.9563,0.9855,1.0118,1.076,1.0496,0.9914,0.8636,0.6114,0.1729,-0.5297,-1.4814,-1.8577,-1.0327,-0.2411,0.1896,0.3917,0.4568,0.4525,0.4437,0.4429,0.3826,0.2538,0.2592,0.407,0.5359,0.6115,0.6484,0.6648,0.6755,0.691,0.7161,0.7507,0.7915,0.8348,0.8778,0.9183,0.9553,0.9883,1.0175,1.187,1.2101,1.2242,1.179,0.9923,0.637,0.1725,-0.2819,-0.4543,-0.2475,0.0828,0.3452,0.4668,0.4504,0.3404,0.2948,0.3891,0.4592,0.4595,0.475,0.5377,0.5986,0.6295,0.6316,0.6193,0.6108,0.6199,0.6504,0.6974,0.7529,0.81,0.8642,0.9134,0.9566,0.9941,1.0261,1.2932,1.3726,1.4872,1.577,1.4517,1.0891,0.7098,0.3364,-0.0576,-0.1592,0.1781,0.4631,0.5456,0.4428,0.0971,-0.0819,0.2777,0.4933,0.5702,0.6062,0.6354,0.6494,0.6337,0.5879,0.531,0.4943,0.5006,0.5492,0.6229,0.7044,0.7824,0.852,0.9119,0.9622,1.0041,1.0387,1.3729,1.4902,1.6879,1.932,1.8603,1.418,1.1045,0.7052,-0.3977,-0.9266,0.133,0.5866,0.6388,0.5168,0.1649,-0.0816,0.3372,0.5432,0.6174,0.6649,0.6906,0.6777,0.6127,0.4955,0.3611,0.2797,0.2983,0.3963,0.5243,0.6487,0.7563,0.8452,0.917,0.9745,1.0203,1.0567,1.4131,1.5249,1.7013,1.9037,1.8416,1.5522,1.5054,1.5028,0.589,-0.1338,0.5121,0.7895,0.7223,0.5376,0.4637,0.4801,0.5548,0.5573,0.5753,0.6721,0.7233,0.6933,0.5677,0.3329,0.0442,-0.1176,-0.0366,0.1826,0.4098,0.5967,0.7406,0.8499,0.9331,0.9963,1.0445,1.0813,1.422,1.5003,1.5975,1.6708,1.6415,1.605,1.7709,2.0881,1.7446,1.1197,1.0358,1.0243,0.8814,0.4439,0.4239,0.6877,0.6684,0.4042,0.4075,0.6713,0.761,0.7133,0.522,0.1137,-0.4808,-0.7957,-0.5176,-0.0552,0.3143,0.5708,0.7483,0.8742,0.965,1.031,1.0789,1.1138,1.4192,1.4688,1.5189,1.5532,1.5691,1.6172,1.7559,1.9285,1.8002,1.5013,1.3809,1.164,1.0672,1.0246,0.936,0.8629,0.7449,0.6001,0.6004,0.783,0.8178,0.7423,0.5273,-0.0084,-0.9546,-1.4658,-0.8854,-0.1693,0.3042,0.5994,0.7926,0.9249,1.0172,1.0812,1.125,1.1548,1.4181,1.4526,1.4863,1.5165,1.549,1.6003,1.6749,1.7329,1.7268,1.761,1.8478,1.7567,1.5677,1.7525,1.2924,0.8454,0.4303,0.8227,0.9662,0.9482,0.7959,0.7157,0.6069,0.185,-0.6061,-1.0575,-0.5999,0.0092,0.4266,0.696,0.8782,1.0051,1.092,1.1487,1.1837,1.2045,1.4222,1.4504,1.4796,1.5104,1.5464,1.5924,1.6482,1.7123,1.8178,2.0772,2.5581,2.5628,2.2243,1.82,1.5613,1.0947,0.7285,1.1622,1.3628,1.0594,0.4101,0.4874,0.7025,0.5438,0.1728,-0.0512,0.0888,0.377,0.6362,0.8397,0.9966,1.1127,1.1902,1.2341,1.2544,1.2616,1.4306,1.4565,1.4848,1.5165,1.5542,1.6007,1.6603,1.7451,1.8893,2.1564,2.5186,2.4537,2.529,2.5703,1.9878,1.6989,1.6436,1.9735,2.1813,1.5216,0.4034,0.5347,0.8813,0.8517,0.6762,0.5522,0.5633,0.6775,0.8332,0.9902,1.1309,1.2424,1.3108,1.3358,1.3341,1.3227,1.4412,1.4664,1.4948,1.5275,1.5665,1.6147,1.6773,1.7636,1.8877,2.0532,2.206,2.2995,2.5744,2.638,2.3237,2.2621,2.2761,2.9042,3.58,2.556,1.6087,1.2789,1.2278,1.0994,0.8926,0.6999,0.6592,0.7901,0.9633,1.1213,1.2652,1.3855,1.4479,1.4457,1.4143,1.3812,1.4525,1.4776,1.5061,1.5392,1.5786,1.6266,1.6867,1.7634,1.8593,1.9683,2.0734,2.1761,2.3002,2.4005,2.7063,2.8621,2.5867,3.0047,3.4337,3.135,2.4554,1.8957,1.5746,1.2972,0.9335,0.4633,0.3657,0.7653,1.0611,1.2368,1.381,1.5128,1.5707,1.5375,1.478,1.428,1.4634,1.4883,1.5168,1.5496,1.5881,1.6338,1.6888,1.7544,1.8303,1.9127,1.9969,2.0849,2.1876,2.3452,2.6504,2.7604,2.6195,2.8895,3.5777,3.8641,2.8965,2.2332,1.849,1.5073,1.0718,0.4626,0.3332,0.9561,1.2342,1.3583,1.457,1.562,1.6097,1.5701,1.5076,1.4559,1.4732,1.4979,1.5258,1.5576,1.5944,1.6369,1.6862,1.7426,1.8053,1.8729,1.9441,2.0216,2.114,2.2377,2.3845,2.4646,2.5192,2.7517,3.1849,3.2888,2.7801,2.3799,2.1272,1.8006,1.4447,1.288,1.5707,1.5621,1.4957,1.5012,1.5158,1.5471,1.5684,1.5482,1.5072,1.4671,1.4817,1.5057,1.5328,1.5632,1.5978,1.6369,1.681,1.73,1.7836,1.8412,1.9027,1.9699,2.0464,2.1342,2.2239,2.3001,2.3865,2.5292,2.6893,2.7049,2.5769,2.5783,2.5506,2.1586,1.7709,1.7176,1.9678,1.8284,1.6995,1.6599,1.6008,1.5619,1.5454,1.5272,1.5006,1.4714,1.4886,1.5119,1.5378,1.5666,1.5988,1.6345,1.6741,1.7173,1.764,1.8139,1.8671,1.9244,1.9866,2.053,2.1201,2.1862,2.2585,2.3425,2.4159,2.4504,2.514,2.7609,2.8499,2.3855,1.9476,1.7907,1.8069,1.7995,1.8502,1.8048,1.6888,1.6047,1.5575,1.5273,1.5013,1.4761,1.4941,1.5164,1.541,1.5681,1.5979,1.6305,1.6661,1.7044,1.7455,1.789,1.8351,1.8838,1.935,1.9881,2.0417,2.0957,2.1511,2.2072,2.2585,2.3106,2.4068,2.5703,2.5882,2.3021,1.9893,1.8227,1.777,1.8015,1.8676,1.8288,1.7215,1.6333,1.5754,1.5368,1.5076,1.4826]}]