docs/data/wind_grid.json
{"header": {"la1":42.1,"la2":41.55,"lo1":12.1,"lo2":12.95,"nx":50,"ny":50,"dx":0.01735,"dy":0.01122,"parameterCategory":2,"parameterNumber":2,"parameterNumberName":"eastward_wind","parameterUnit":"m.s-1"}, "data":
[rows 0 to 39 of 50, columns 0 to 49 of 50]
0.1504,0.3006,0.4405,0.5435,0.5856,0.5571,0.4681,0.342,0.204,0.0729,-0.041,-0.1344,-0.2078,-0.2633,-0.3039,-0.3323,-0.3509,-0.3616,-0.3666,-0.3676,-0.367,-0.3673,-0.3712,-0.3809,-0.398,-0.4231,-0.4559,-0.4961,-0.5432,-0.5969,-0.657,-0.7233,-0.7954,-0.8726,-0.9536,-1.0362,-1.1175,-1.1939,-1.2615,-1.3169,-1.3575,-1.3824,-1.392,-1.388,-1.3729,-1.3495,-1.3204,-1.2877,-1.2533,-1.2186
0.104,0.2598,0.4061,0.5141,0.5582,0.5296,0.4398,0.3136,0.1768,0.0479,-0.0633,-0.1537,-0.224,-0.2765,-0.3142,-0.3396,-0.3551,-0.3626,-0.3639,-0.361,-0.3564,-0.3529,-0.3539,-0.3621,-0.3792,-0.4056,-0.4409,-0.4841,-0.5346,-0.5921,-0.6564,-0.7276,-0.8055,-0.8895,-0.9782,-1.0694,-1.1596,-1.2445,-1.3194,-1.3799,-1.4231,-1.4476,-1.4544,-1.4458,-1.425,-1.3953,-1.36,-1.3216,-1.282,-1.2426
0.0361,0.1931,0.3415,0.4512,0.4968,0.4707,0.3852,0.2652,0.1352,0.013,-0.0922,-0.1773,-0.2431,-0.2917,-0.3259,-0.3479,-0.36,-0.3639,-0.3612,-0.3539,-0.3445,-0.3366,-0.3342,-0.3408,-0.3583,-0.3867,-0.4248,-0.4714,-0.5256,-0.5871,-0.6558,-0.7321,-0.816,-0.9071,-1.0043,-1.1049,-1.2052,-1.2999,-1.3831,-1.4495,-1.4952,-1.5189,-1.522,-1.5076,-1.4799,-1.443,-1.4007,-1.3558,-1.3105,-1.2663
-0.0531,0.1006,0.247,0.356,0.4035,0.3832,0.3075,0.1993,0.0813,-0.0302,-0.1265,-0.2046,-0.2646,-0.3086,-0.3387,-0.3571,-0.3656,-0.3657,-0.3587,-0.3465,-0.3317,-0.3185,-0.3122,-0.3171,-0.3355,-0.3666,-0.4083,-0.4587,-0.5167,-0.5822,-0.6553,-0.7367,-0.8267,-0.9253,-1.0314,-1.1425,-1.2541,-1.36,-1.4528,-1.5257,-1.5741,-1.5964,-1.5947,-1.5732,-1.5372,-1.492,-1.4418,-1.3899,-1.3386,-1.2892
-0.1615,-0.0146,0.1272,0.2346,0.2853,0.2741,0.2126,0.1208,0.0186,-0.0793,-0.1647,-0.2343,-0.2878,-0.3266,-0.3525,-0.3672,-0.372,-0.3682,-0.3567,-0.3391,-0.3182,-0.299,-0.2881,-0.2915,-0.3114,-0.346,-0.3918,-0.4463,-0.5083,-0.5777,-0.655,-0.7414,-0.8375,-0.9437,-1.0593,-1.1817,-1.3059,-1.4245,-1.5283,-1.6086,-1.6596,-1.6798,-1.672,-1.6419,-1.5964,-1.5417,-1.4828,-1.4233,-1.3656,-1.3109
-0.2849,-0.1467,-0.0102,0.0962,0.1522,0.153,0.1086,0.0356,-0.0488,-0.1316,-0.2051,-0.2655,-0.3121,-0.3456,-0.3672,-0.3782,-0.3795,-0.3718,-0.3558,-0.3326,-0.305,-0.2788,-0.2628,-0.2649,-0.2872,-0.3261,-0.3766,-0.4353,-0.501,-0.5739,-0.6552,-0.7461,-0.8481,-0.9619,-1.0873,-1.2218,-1.3599,-1.4927,-1.609,-1.6977,-1.7514,-1.7684,-1.7531,-1.7128,-1.6563,-1.5911,-1.5228,-1.4554,-1.391,-1.331
-0.4172,-0.2877,-0.1555,-0.0482,0.015,0.0295,0.003,-0.0506,-0.1169,-0.1845,-0.2458,-0.297,-0.3367,-0.3651,-0.3827,-0.3903,-0.3882,-0.3769,-0.3565,-0.3277,-0.2932,-0.2596,-0.2381,-0.2393,-0.2648,-0.3087,-0.3638,-0.4263,-0.4952,-0.5712,-0.6558,-0.7508,-0.8581,-0.9792,-1.1143,-1.2614,-1.4145,-1.5632,-1.6936,-1.7916,-1.8479,-1.8609,-1.8364,-1.7844,-1.7156,-1.639,-1.5608,-1.4851,-1.4142,-1.3489
-0.5513,-0.4292,-0.2993,-0.1889,-0.117,-0.0887,-0.098,-0.1333,-0.1826,-0.2356,-0.2854,-0.3279,-0.3612,-0.3849,-0.399,-0.4036,-0.3986,-0.384,-0.3596,-0.3258,-0.2849,-0.244,-0.2172,-0.2179,-0.2472,-0.2958,-0.3548,-0.4202,-0.4915,-0.5698,-0.657,-0.7554,-0.8673,-0.9949,-1.1394,-1.2991,-1.4679,-1.6338,-1.7798,-1.8881,-1.9469,-1.9548,-1.9196,-1.8544,-1.7724,-1.6837,-1.5955,-1.5117,-1.4344,-1.3641
-0.6795,-0.563,-0.4332,-0.3183,-0.2375,-0.1963,-0.1901,-0.2093,-0.2435,-0.2835,-0.3229,-0.3575,-0.3851,-0.4047,-0.416,-0.4183,-0.411,-0.3937,-0.3659,-0.328,-0.2821,-0.2357,-0.2048,-0.2054,-0.2377,-0.2896,-0.3508,-0.4178,-0.4903,-0.5699,-0.6588,-0.7595,-0.875,-1.0082,-1.161,-1.3327,-1.5173,-1.7013,-1.864,-1.9834,-2.0447,-2.0465,-1.9994,-1.9201,-1.8243,-1.7237,-1.6256,-1.5341,-1.4508,-1.376
-0.795,-0.6821,-0.5513,-0.4315,-0.3425,-0.2903,-0.2712,-0.2769,-0.2982,-0.3271,-0.3574,-0.3851,-0.4079,-0.4244,-0.4337,-0.4346,-0.4258,-0.4063,-0.3757,-0.335,-0.2867,-0.2382,-0.2057,-0.2063,-0.2394,-0.2915,-0.3524,-0.419,-0.4915,-0.5714,-0.661,-0.7631,-0.8809,-1.018,-1.1776,-1.3599,-1.5594,-1.7613,-1.9412,-2.0722,-2.1358,-2.1309,-2.0715,-1.9779,-1.8686,-1.7566,-1.6496,-1.5512,-1.4627,-1.3841
-0.8917,-0.7815,-0.6497,-0.5261,-0.4307,-0.3699,-0.3405,-0.3354,-0.3462,-0.3658,-0.3885,-0.4105,-0.4295,-0.4438,-0.4521,-0.4527,-0.4433,-0.422,-0.389,-0.3464,-0.2984,-0.2521,-0.2215,-0.2218,-0.2524,-0.301,-0.3591,-0.4236,-0.4948,-0.5741,-0.6635,-0.7658,-0.8844,-1.0236,-1.1875,-1.3779,-1.5901,-1.8084,-2.005,-2.1473,-2.2132,-2.2018,-2.1306,-2.0238,-1.9024,-1.7806,-1.6661,-1.5621,-1.4695,-1.3879
-0.9653,-0.8579,-0.7265,-0.6012,-0.5019,-0.4352,-0.3984,-0.385,-0.3875,-0.3996,-0.4161,-0.4335,-0.4495,-0.4627,-0.4713,-0.4728,-0.4639,-0.4412,-0.4052,-0.3605,-0.314,-0.2731,-0.2475,-0.2474,-0.273,-0.3157,-0.3691,-0.4305,-0.4997,-0.5778,-0.6662,-0.7675,-0.8852,-1.0242,-1.1895,-1.3845,-1.6056,-1.837,-2.0479,-2.2004,-2.2687,-2.252,-2.1709,-2.0535,-1.9228,-1.7937,-1.6736,-1.5658,-1.4705,-1.3871
-1.0137,-0.9101,-0.7815,-0.6574,-0.5572,-0.4873,-0.4457,-0.4263,-0.4226,-0.4287,-0.4402,-0.4539,-0.4678,-0.4806,-0.4908,-0.495,-0.4879,-0.4641,-0.4236,-0.3746,-0.3282,-0.2925,-0.2728,-0.2734,-0.2944,-0.3315,-0.3803,-0.4385,-0.5056,-0.582,-0.6687,-0.768,-0.8832,-1.0194,-1.1826,-1.3776,-1.6025,-1.8418,-2.0627,-2.2233,-2.2941,-2.2743,-2.1873,-2.0634,-1.9273,-1.7941,-1.6714,-1.5617,-1.4654,-1.3812
-1.0371,-0.9388,-0.816,-0.6963,-0.5981,-0.5277,-0.4835,-0.4602,-0.4519,-0.4535,-0.461,-0.4717,-0.4841,-0.4973,-0.5101,-0.5188,-0.5155,-0.4906,-0.4432,-0.3858,-0.3351,-0.3013,-0.2866,-0.2901,-0.3101,-0.3444,-0.3903,-0.4464,-0.5118,-0.5865,-0.6711,-0.7674,-0.8783,-1.0092,-1.1666,-1.3566,-1.5789,-1.8192,-2.0441,-2.2093,-2.2829,-2.2636,-2.1757,-2.0509,-1.9143,-1.7811,-1.6587,-1.5496,-1.4538,-1.3704
-1.038,-0.9467,-0.8324,-0.72,-0.6265,-0.558,-0.5132,-0.4877,-0.4764,-0.4745,-0.4788,-0.487,-0.4981,-0.512,-0.5282,-0.5431,-0.5458,-0.5205,-0.4629,-0.3914,-0.3303,-0.2933,-0.2824,-0.292,-0.3163,-0.3521,-0.3981,-0.4534,-0.5178,-0.5911,-0.6734,-0.7659,-0.8711,-0.9942,-1.142,-1.3218,-1.5348,-1.7684,-1.9903,-2.1559,-2.2324,-2.2175,-2.1347,-2.0151,-1.8833,-1.7544,-1.6355,-1.5293,-1.4359,-1.3544
-1.0208,-0.9378,-0.834,-0.7312,-0.6445,-0.5797,-0.5361,-0.5099,-0.4966,-0.4922,-0.4939,-0.4999,-0.5098,-0.5241,-0.5435,-0.5652,-0.5761,-0.5513,-0.4806,-0.3894,-0.3113,-0.266,-0.2587,-0.279,-0.313,-0.3546,-0.4032,-0.4594,-0.5237,-0.5959,-0.6758,-0.7639,-0.8622,-0.9753,-1.1104,-1.2752,-1.4727,-1.6923,-1.9041,-2.0657,-2.1449,-2.1381,-2.0661,-1.9574,-1.8355,-1.7147,-1.6023,-1.5012,-1.4119,-1.3336
-0.9906,-0.9165,-0.8244,-0.7327,-0.6543,-0.5947,-0.5535,-0.5277,-0.5134,-0.5073,-0.5068,-0.5108,-0.519,-0.5329,-0.5541,-0.5812,-0.5999,-0.5763,-0.4922,-0.3788,-0.2785,-0.2207,-0.219,-0.2554,-0.3034,-0.3536,-0.4066,-0.4648,-0.5296,-0.6011,-0.6787,-0.7621,-0.8526,-0.954,-1.0736,-1.22,-1.3971,-1.5968,-1.7926,-1.9463,-2.0276,-2.0313,-1.9742,-1.8811,-1.7729,-1.6635,-1.5602,-1.4661,-1.3822,-1.3082
-0.9526,-0.8876,-0.8075,-0.7273,-0.658,-0.6044,-0.5665,-0.5419,-0.5274,-0.5202,-0.518,-0.5199,-0.526,-0.5381,-0.5584,-0.5866,-0.6083,-0.585,-0.4917,-0.3608,-0.238,-0.1648,-0.1719,-0.2292,-0.2931,-0.3521,-0.4097,-0.4702,-0.5359,-0.607,-0.6825,-0.7612,-0.8432,-0.9319,-1.0345,-1.16,-1.3137,-1.4899,-1.6659,-1.8087,-1.8911,-1.9061,-1.8659,-1.7908,-1.699,-1.6031,-1.5106,-1.425,-1.3477,-1.2788
-0.9112,-0.8549,-0.7864,-0.7176,-0.6575,-0.6103,-0.5763,-0.5535,-0.5394,-0.5315,-0.5279,-0.5278,-0.5314,-0.5402,-0.5565,-0.58,-0.5967,-0.5706,-0.4768,-0.3422,-0.2053,-0.1165,-0.1335,-0.2116,-0.288,-0.3532,-0.414,-0.4764,-0.543,-0.6141,-0.6878,-0.7619,-0.8354,-0.9109,-0.9957,-1.0995,-1.2288,-1.38,-1.5347,-1.6649,-1.7467,-1.772,-1.7486,-1.692,-1.6173,-1.5359,-1.4552,-1.3789,-1.3089,-1.2459
-0.8699,-0.8217,-0.7638,-0.7056,-0.6544,-0.6136,-0.5837,-0.5631,-0.5498,-0.5417,-0.537,-0.5351,-0.5359,-0.5406,-0.5507,-0.5648,-0.5707,-0.5401,-0.4548,-0.3332,-0.2009,-0.1045,-0.1263,-0.214,-0.2932,-0.3591,-0.4208,-0.484,-0.5513,-0.6225,-0.6948,-0.7649,-0.8302,-0.8928,-0.96,-1.0424,-1.1479,-1.2748,-1.4083,-1.5251,-1.6045,-1.6379,-1.6292,-1.5897,-1.5315,-1.4646,-1.3958,-1.3291,-1.2669,-1.21
-0.8311,-0.7901,-0.7416,-0.693,-0.6499,-0.6152,-0.5894,-0.5714,-0.5593,-0.5512,-0.5458,-0.5423,-0.5404,-0.5409,-0.544,-0.5478,-0.5423,-0.5088,-0.4367,-0.3394,-0.2344,-0.1521,-0.1683,-0.242,-0.3101,-0.3706,-0.4303,-0.4933,-0.561,-0.6323,-0.7039,-0.7706,-0.8287,-0.8792,-0.9298,-0.9922,-1.0757,-1.1801,-1.2935,-1.3967,-1.4719,-1.5104,-1.5133,-1.4884,-1.4449,-1.3914,-1.334,-1.2769,-1.2224,-1.1719
-0.796,-0.7614,-0.7211,-0.6809,-0.6451,-0.6161,-0.5943,-0.5788,-0.5681,-0.5605,-0.5547,-0.55,-0.5459,-0.5425,-0.5396,-0.5348,-0.5211,-0.4871,-0.4285,-0.3574,-0.2921,-0.2479,-0.2508,-0.2885,-0.3352,-0.3863,-0.4424,-0.5042,-0.5718,-0.6434,-0.7147,-0.7792,-0.8313,-0.8712,-0.9068,-0.9513,-1.0152,-1.0995,-1.1944,-1.284,-1.3533,-1.3937,-1.4047,-1.3911,-1.36,-1.3182,-1.2713,-1.2231,-1.1762,-1.1319
-0.7654,-0.7362,-0.703,-0.6699,-0.6405,-0.6166,-0.5986,-0.5857,-0.5766,-0.5698,-0.5641,-0.5585,-0.5527,-0.5465,-0.5393,-0.5288,-0.5103,-0.4775,-0.4296,-0.3789,-0.3467,-0.3396,-0.332,-0.3358,-0.3624,-0.4042,-0.4562,-0.5163,-0.5834,-0.6553,-0.7268,-0.7901,-0.8379,-0.8691,-0.892,-0.9211,-0.968,-1.0344,-1.1123,-1.1885,-1.2503,-1.2898,-1.3054,-1.2999,-1.2785,-1.2466,-1.2088,-1.1688,-1.1289,-1.0908
-0.7391,-0.7147,-0.6874,-0.6605,-0.6366,-0.6173,-0.6028,-0.5926,-0.5852,-0.5795,-0.5741,-0.5681,-0.5613,-0.5533,-0.5435,-0.5299,-0.5092,-0.478,-0.4371,-0.3975,-0.3793,-0.3846,-0.3766,-0.3695,-0.3866,-0.4225,-0.471,-0.5291,-0.5954,-0.6672,-0.7391,-0.8021,-0.8473,-0.8721,-0.8851,-0.9015,-0.9337,-0.9843,-1.0465,-1.1095,-1.1625,-1.1988,-1.216,-1.2157,-1.2014,-1.1773,-1.1473,-1.1145,-1.0812,-1.0488
-0.7171,-0.6968,-0.6745,-0.6528,-0.6337,-0.6184,-0.6072,-0.5994,-0.594,-0.5895,-0.5848,-0.5789,-0.5715,-0.5626,-0.5518,-0.5372,-0.5161,-0.4863,-0.449,-0.4129,-0.3931,-0.3927,-0.3899,-0.3896,-0.4068,-0.4404,-0.4864,-0.5424,-0.6071,-0.6781,-0.75,-0.8131,-0.8572,-0.8783,-0.8842,-0.8908,-0.9107,-0.9471,-0.9948,-1.0448,-1.0883,-1.1196,-1.136,-1.1384,-1.1289,-1.1108,-1.0873,-1.0608,-1.0334,-1.0063
-0.699,-0.6821,-0.664,-0.6467,-0.6316,-0.6199,-0.6117,-0.6065,-0.6031,-0.6002,-0.5963,-0.5906,-0.5829,-0.5737,-0.563,-0.549,-0.5288,-0.5004,-0.4648,-0.4286,-0.4031,-0.3944,-0.3956,-0.4044,-0.4253,-0.4584,-0.5022,-0.5556,-0.6179,-0.6871,-0.7579,-0.8209,-0.8648,-0.8843,-0.8863,-0.8859,-0.8958,-0.9197,-0.9541,-0.9916,-1.0254,-1.0504,-1.0644,-1.0674,-1.0609,-1.0473,-1.0289,-1.0078,-0.9857,-0.9636
-0.6841,-0.6703,-0.6558,-0.6421,-0.6305,-0.622,-0.6165,-0.6137,-0.6125,-0.6114,-0.6087,-0.6032,-0.595,-0.5855,-0.5755,-0.5634,-0.5454,-0.5188,-0.4847,-0.4485,-0.4195,-0.4059,-0.408,-0.4215,-0.4447,-0.4771,-0.5185,-0.5687,-0.6275,-0.6934,-0.7617,-0.8234,-0.8672,-0.8868,-0.8876,-0.8831,-0.8853,-0.8987,-0.921,-0.9469,-0.971,-0.9892,-0.9995,-1.0017,-0.9968,-0.9863,-0.9721,-0.9557,-0.9383,-0.9209
-0.6722,-0.6609,-0.6494,-0.6388,-0.6303,-0.6244,-0.6215,-0.6211,-0.6222,-0.6232,-0.6219,-0.6165,-0.6072,-0.5968,-0.5876,-0.5782,-0.5634,-0.5396,-0.5078,-0.4734,-0.4444,-0.429,-0.43,-0.4439,-0.4667,-0.4972,-0.5352,-0.5813,-0.6355,-0.6968,-0.7609,-0.8197,-0.8626,-0.8832,-0.8848,-0.8786,-0.8755,-0.8804,-0.8923,-0.9077,-0.9225,-0.9337,-0.9397,-0.9402,-0.9358,-0.9276,-0.9167,-0.9043,-0.8913,-0.8782
-0.6626,-0.6536,-0.6445,-0.6366,-0.6306,-0.6272,-0.6266,-0.6285,-0.632,-0.6355,-0.636,-0.6308,-0.6194,-0.6065,-0.5973,-0.5908,-0.58,-0.5602,-0.5325,-0.502,-0.4756,-0.4605,-0.4598,-0.4714,-0.4916,-0.5186,-0.5523,-0.5934,-0.6421,-0.6975,-0.7559,-0.8102,-0.8511,-0.8725,-0.876,-0.87,-0.8637,-0.8619,-0.8651,-0.8711,-0.8774,-0.8818,-0.8833,-0.8816,-0.8771,-0.8704,-0.8624,-0.8536,-0.8446,-0.8357
-0.655,-0.6479,-0.641,-0.6353,-0.6314,-0.6301,-0.6315,-0.6355,-0.6415,-0.6477,-0.6507,-0.646,-0.6317,-0.6142,-0.6032,-0.5989,-0.5925,-0.578,-0.5565,-0.5321,-0.5104,-0.4969,-0.4947,-0.5028,-0.5188,-0.5412,-0.5697,-0.6051,-0.6475,-0.6961,-0.7476,-0.7962,-0.834,-0.8554,-0.8608,-0.8559,-0.8479,-0.8412,-0.8372,-0.8351,-0.8336,-0.8316,-0.8286,-0.8245,-0.8196,-0.8143,-0.8087,-0.8033,-0.7982,-0.7933
-0.649,-0.6435,-0.6384,-0.6345,-0.6325,-0.6329,-0.636,-0.6419,-0.6501,-0.6592,-0.6653,-0.662,-0.6444,-0.6202,-0.6051,-0.6016,-0.5995,-0.5917,-0.5785,-0.5625,-0.5471,-0.5363,-0.5328,-0.5371,-0.5479,-0.5646,-0.5873,-0.6163,-0.6519,-0.6932,-0.7374,-0.7795,-0.8132,-0.8336,-0.8402,-0.8363,-0.8272,-0.8168,-0.8068,-0.7977,-0.7893,-0.7815,-0.7742,-0.7679,-0.7625,-0.7584,-0.7554,-0.7533,-0.7519,-0.751
-0.6443,-0.6402,-0.6366,-0.6343,-0.6337,-0.6355,-0.6399,-0.6472,-0.6572,-0.6687,-0.678,-0.6772,-0.6573,-0.6262,-0.6058,-0.6014,-0.6027,-0.6024,-0.5992,-0.5933,-0.5857,-0.5782,-0.5736,-0.5735,-0.5784,-0.5887,-0.6049,-0.6273,-0.6559,-0.6898,-0.7264,-0.7617,-0.7906,-0.8089,-0.8154,-0.8119,-0.8017,-0.7881,-0.773,-0.7577,-0.7431,-0.7299,-0.7188,-0.7105,-0.705,-0.7023,-0.7019,-0.7033,-0.7058,-0.7088
-0.6406,-0.6377,-0.6354,-0.6343,-0.6349,-0.6376,-0.643,-0.6511,-0.6621,-0.675,-0.6864,-0.6878,-0.668,-0.6335,-0.6094,-0.6031,-0.6064,-0.6134,-0.6211,-0.6266,-0.6274,-0.6235,-0.6172,-0.6118,-0.61,-0.6132,-0.6225,-0.638,-0.6596,-0.6862,-0.7154,-0.7439,-0.7675,-0.7828,-0.7879,-0.7836,-0.7719,-0.755,-0.7351,-0.7141,-0.6937,-0.6757,-0.6613,-0.6514,-0.6463,-0.6455,-0.6481,-0.6532,-0.6597,-0.6669
-0.6377,-0.6358,-0.6345,-0.6344,-0.6359,-0.6393,-0.6452,-0.6536,-0.6646,-0.6773,-0.6887,-0.6906,-0.6728,-0.6411,-0.6177,-0.6103,-0.6151,-0.6289,-0.6476,-0.6651,-0.6747,-0.6735,-0.6641,-0.6521,-0.6424,-0.6379,-0.6399,-0.6485,-0.6632,-0.6828,-0.705,-0.7268,-0.745,-0.7562,-0.7589,-0.7525,-0.7382,-0.7176,-0.6929,-0.6663,-0.6405,-0.618,-0.6008,-0.59,-0.5859,-0.5875,-0.5936,-0.6028,-0.6137,-0.6253
-0.6355,-0.6344,-0.6339,-0.6346,-0.6367,-0.6405,-0.6465,-0.6547,-0.6649,-0.6762,-0.6855,-0.6864,-0.6718,-0.6473,-0.6286,-0.623,-0.6306,-0.6515,-0.6817,-0.7116,-0.7295,-0.7292,-0.7144,-0.6939,-0.6752,-0.6625,-0.657,-0.6588,-0.6669,-0.6797,-0.6953,-0.7108,-0.7232,-0.73,-0.729,-0.7194,-0.7015,-0.6765,-0.6463,-0.614,-0.5828,-0.5561,-0.5367,-0.5258,-0.5234,-0.5283,-0.5386,-0.5524,-0.568,-0.5841
-0.6337,-0.6333,-0.6335,-0.6347,-0.6372,-0.6413,-0.6471,-0.6546,-0.6635,-0.6727,-0.6795,-0.6792,-0.6683,-0.6519,-0.6401,-0.6391,-0.6521,-0.6816,-0.7243,-0.7672,-0.7922,-0.7903,-0.7672,-0.7362,-0.7076,-0.6863,-0.6735,-0.6687,-0.6705,-0.6771,-0.6864,-0.6958,-0.7026,-0.7043,-0.6988,-0.6849,-0.6623,-0.6319,-0.5957,-0.5572,-0.5205,-0.49,-0.4689,-0.4587,-0.4589,-0.4679,-0.4831,-0.502,-0.5227,-0.5435
-0.6323,-0.6324,-0.6332,-0.6348,-0.6375,-0.6416,-0.6471,-0.6538,-0.6613,-0.6685,-0.6731,-0.6724,-0.6653,-0.656,-0.6513,-0.6568,-0.6773,-0.717,-0.7732,-0.829,-0.8598,-0.8534,-0.8197,-0.777,-0.7382,-0.7086,-0.6889,-0.6779,-0.6738,-0.6747,-0.6782,-0.6818,-0.683,-0.6793,-0.6687,-0.6496,-0.6213,-0.5846,-0.5416,-0.4963,-0.4539,-0.4197,-0.3975,-0.3888,-0.3928,-0.4067,-0.4275,-0.4521,-0.4781,-0.5038
-0.6312,-0.6318,-0.6329,-0.6348,-0.6377,-0.6417,-0.6467,-0.6526,-0.6588,-0.6644,-0.6678,-0.6676,-0.664,-0.6606,-0.6625,-0.6748,-0.7035,-0.7536,-0.8224,-0.8896,-0.9241,-0.9117,-0.8671,-0.8135,-0.7655,-0.7285,-0.7026,-0.6861,-0.6768,-0.6724,-0.6705,-0.6686,-0.6644,-0.6552,-0.639,-0.6139,-0.5792,-0.5353,-0.4847,-0.432,-0.3837,-0.346,-0.3234,-0.3172,-0.3257,-0.3455,-0.3725,-0.4031,-0.4348,-0.4655
-0.6303,-0.6312,-0.6326,-0.6348,-0.6377,-0.6415,-0.6461,-0.6513,-0.6566,-0.6612,-0.6641,-0.6649,-0.6645,-0.6659,-0.6734,-0.692,-0.7279,-0.7864,-0.864,-0.9381,-0.9739,-0.9566,-0.9039,-0.8424,-0.7877,-0.7451,-0.7142,-0.693,-0.6791,-0.67,-0.6632,-0.6562,-0.6466,-0.632,-0.6099,-0.5784,-0.5366,-0.4849,-0.4261,-0.3658,-0.3114,-0.2705,-0.2481,-0.2451,-0.259,-0.2852,-0.3189,-0.3559,-0.3932,-0.4289
-0.6296,-0.6307,-0.6324,-0.6347,-0.6376,-0.6413,-0.6455,-0.6502,-0.6548,-0.6589,-0.6619,-0.664,-0.6663,-0.6716,-0.6836,-0.7072,-0.7482,-0.8109,-0.8911,-0.9656,-1.0003,-0.9811,-0.9259,-0.8614,-0.8035,-0.7575,-0.7231,-0.6983,-0.6805,-0.6673,-0.656,-0.6444,-0.6297,-0.6096,-0.5817,-0.5437,-0.4945,-0.4348,-0.3676,-0.2994,-0.2391,-0.1953,-0.1736,-0.1745,-0.1944,-0.2274,-0.2679,-0.3112,-0.354,-0.3944
