docs/data/wind_grid.json
[{"header":{"la1":42.85,"la2":41.18,"lo1":11.55,"lo2":14.05,"nx":36,"ny":24,"dx":0.07143,"dy":0.07261,"parameterCategory":2,"parameterNumber":2,"parameterNumberName":"eastward_wind","parameterUnit":"m.s-1"},"data":[-0.6155,-0.6,-0.5825,-0.5628,-0.5412,-0.5178,-0.4931,-0.4669,-0.4383,-0.4054,-0.3656,-0.3165,-0.2573,-0.1912,-0.1277,-0.0818,-0.0668,-0.0851,-0.1268,-0.1785,-0.2302,-0.2773,-0.3184,-0.3536,-0.3836,-0.4094,-0.4316,-0.4508,-0.4674,-0.4819,-0.4947,-0.5058,-0.5157,-0.5245,-0.5324,-0.5395,-0.6236,-0.6073,-0.5883,-0.5665,-0.5421,-0.5157,-0.4882,-0.4602,-0.4307,-0.3967,-0.3533,-0.2947,-0.217,-0.1213,-0.021,0.0545,0.0744,0.0348,-0.039,-0.1194,-0.1919,-0.2526,-0.3022,-0.3429,-0.3765,-0.4047,-0.4285,-0.4488,-0.4662,-0.4813,-0.4942,-0.5056,-0.5155,-0.5242,-0.532,-0.5391,-0.6339,-0.6168,-0.5962,-0.5718,-0.5436,-0.5126,-0.4805,-0.4499,-0.421,-0.3893,-0.346,-0.2803,-0.1822,-0.0458,0.1161,0.2482,0.2744,0.1889,0.0588,-0.0626,-0.1595,-0.2337,-0.2909,-0.3361,-0.3725,-0.4024,-0.4274,-0.4485,-0.4664,-0.4816,-0.4947,-0.5059,-0.5157,-0.5243,-0.5319,-0.5388,-0.6468,-0.6293,-0.6073,-0.5799,-0.5464,-0.5076,-0.4668,-0.4305,-0.4035,-0.3804,-0.3449,-0.2789,-0.1656,0.0134,0.2598,0.488,0.521,0.3512,0.1415,-0.024,-0.1413,-0.2248,-0.2865,-0.3341,-0.3719,-0.4028,-0.4285,-0.4499,-0.4678,-0.483,-0.4959,-0.5068,-0.5163,-0.5245,-0.5318,-0.5384,-0.663,-0.6458,-0.623,-0.5927,-0.5527,-0.5019,-0.4437,-0.3917,-0.366,-0.3631,-0.3485,-0.2937,-0.1811,0.0136,0.3133,0.6268,0.6655,0.4203,0.1598,-0.0234,-0.1446,-0.2283,-0.2897,-0.337,-0.3749,-0.4059,-0.4316,-0.4529,-0.4706,-0.4854,-0.4978,-0.5082,-0.5171,-0.5248,-0.5317,-0.5379,-0.6829,-0.6674,-0.6454,-0.6138,-0.5682,-0.5028,-0.4151,-0.3239,-0.2911,-0.3309,-0.3557,-0.322,-0.2284,-0.0658,0.1798,0.4369,0.4791,0.2918,0.0844,-0.0656,-0.1685,-0.2424,-0.2989,-0.344,-0.3809,-0.4113,-0.4365,-0.4574,-0.4745,-0.4886,-0.5002,-0.5099,-0.518,-0.525,-0.5312,-0.5369,-0.7068,-0.6946,-0.676,-0.6471,-0.6014,-0.5281,-0.4133,-0.2658,-0.2093,-0.3103,-0.3762,-0.3587,-0.287,-0.1753,-0.0313,0.1034,0.1412,0.0695,-0.0351,-0.1271,-0.2008,-0.2609,-0.311,-0.3532,-0.3889,-0.4186,-0.4432,-0.4633,-0.4795,-0.4925,-0.503,-0.5115,-0.5186,-0.5247,-0.5302,-0.5353,-0.7343,-0.7275,-0.7157,-0.695,-0.659,-0.5967,-0.4941,-0.3581,-0.3032,-0.385,-0.4272,-0.398,-0.3323,-0.2524,-0.1709,-0.1034,-0.0728,-0.0853,-0.1245,-0.1738,-0.2254,-0.2756,-0.3219,-0.3629,-0.3981,-0.4274,-0.4512,-0.4702,-0.4852,-0.4967,-0.5057,-0.5127,-0.5184,-0.5234,-0.528,-0.5326,-0.7643,-0.7647,-0.7628,-0.756,-0.7395,-0.7055,-0.647,-0.5751,-0.5337,-0.5255,-0.4952,-0.4289,-0.3476,-0.2736,-0.2165,-0.175,-0.1483,-0.1397,-0.1522,-0.1847,-0.2304,-0.2808,-0.3291,-0.372,-0.4081,-0.4375,-0.4605,-0.4781,-0.4913,-0.5008,-0.5078,-0.5129,-0.517,-0.5206,-0.5242,-0.5282,-0.7952,-0.8038,-0.8139,-0.8247,-0.8341,-0.8359,-0.817,-0.7616,-0.6797,-0.6189,-0.5494,-0.4377,-0.3206,-0.2339,-0.189,-0.164,-0.1362,-0.1106,-0.1116,-0.1498,-0.2106,-0.275,-0.3329,-0.3811,-0.4195,-0.4491,-0.471,-0.4867,-0.4974,-0.5043,-0.5086,-0.5113,-0.5133,-0.5154,-0.518,-0.5215,-0.8247,-0.8414,-0.8635,-0.8932,-0.9323,-0.9789,-1.0113,-0.9503,-0.7064,-0.6046,-0.5799,-0.4164,-0.2399,-0.1205,-0.1035,-0.1109,-0.0681,0.0067,0.0192,-0.0598,-0.168,-0.2631,-0.337,-0.3924,-0.4333,-0.4626,-0.4827,-0.4955,-0.5027,-0.5061,-0.507,-0.5067,-0.5063,-0.5067,-0.5084,-0.5117,-0.8507,-0.8738,-0.9057,-0.9512,-1.018,-1.1168,-1.2523,-1.3293,-0.9957,-0.7185,-0.5996,-0.3715,-0.1232,0.1089,0.0085,-0.0584,0.0398,0.281,0.3101,0.0855,-0.1209,-0.258,-0.3478,-0.4089,-0.4508,-0.4784,-0.4951,-0.5037,-0.5063,-0.5051,-0.5017,-0.4976,-0.4943,-0.4929,-0.4939,-0.4975,-0.8714,-0.8983,-0.9355,-0.9889,-1.0691,-1.1951,-1.3959,-1.6733,-1.3776,-0.9389,-0.6137,-0.3207,-0.1045,0.1244,-0.0124,-0.0511,0.1282,0.7067,0.7068,0.1861,-0.1191,-0.2773,-0.3705,-0.432,-0.4723,-0.4961,-0.5073,-0.5098,-0.5065,-0.4994,-0.4905,-0.4817,-0.4749,-0.4717,-0.4727,-0.4778,-0.8864,-0.914,-0.9511,-1.0025,-1.0759,-1.1818,-1.3221,-1.4296,-1.3135,-0.9756,-0.6683,-0.2805,-0.1158,0.2788,-0.0723,-0.067,0.098,0.3957,0.4081,0.0331,-0.2005,-0.3188,-0.3995,-0.4594,-0.4968,-0.514,-0.517,-0.5114,-0.5007,-0.4866,-0.4709,-0.4559,-0.4449,-0.4402,-0.4424,-0.4507,-0.896,-0.9219,-0.955,-0.9978,-1.0527,-1.1197,-1.1867,-1.2107,-1.1324,-1.0105,-0.921,-0.735,-0.4383,-0.3834,-0.2582,0.0177,0.3826,0.0485,-0.1066,-0.2316,-0.275,-0.3223,-0.4141,-0.4876,-0.5228,-0.5288,-0.5194,-0.504,-0.4857,-0.464,-0.4395,-0.416,-0.3994,-0.3939,-0.4,-0.4147,-0.9014,-0.9244,-0.9519,-0.9847,-1.022,-1.06,-1.0888,-1.094,-1.0835,-1.1387,-1.3615,-1.3064,-1.047,-0.6954,-0.5592,-0.2055,0.1223,-0.2479,-0.4611,-0.3996,-0.1396,-0.2015,-0.4146,-0.5242,-0.5496,-0.5327,-0.5052,-0.481,-0.458,-0.4293,-0.3929,-0.356,-0.3313,-0.3273,-0.3423,-0.3689,-0.9043,-0.9241,-0.9465,-0.9714,-0.9973,-1.0214,-1.0402,-1.0548,-1.0841,-1.1779,-1.3487,-1.2926,-1.4184,-1.4925,-1.0329,-0.7977,-0.68,-0.8158,-0.9231,-0.6628,-0.1477,-0.2338,-0.4993,-0.5929,-0.5714,-0.5066,-0.456,-0.433,-0.4157,-0.3831,-0.329,-0.2688,-0.2318,-0.2347,-0.2683,-0.3148,-0.9058,-0.9229,-0.9415,-0.9613,-0.9813,-1.0004,-1.0188,-1.0404,-1.0756,-1.1353,-1.2022,-1.2702,-1.5218,-1.6055,-1.4938,-1.4844,-1.2563,-1.2887,-1.4364,-1.1641,-0.8026,-0.6871,-0.7261,-0.6968,-0.567,-0.4134,-0.3448,-0.3534,-0.3619,-0.3312,-0.2509,-0.1506,-0.0966,-0.1183,-0.1846,-0.2595,-0.9068,-0.9219,-0.938,-0.9549,-0.9722,-0.99,-1.0092,-1.0328,-1.0654,-1.1096,-1.1652,-1.2465,-1.3798,-1.5773,-2.1893,-2.4476,-1.6809,-1.4631,-1.5266,-1.5991,-1.3475,-1.1277,-1.0013,-0.8244,-0.5361,-0.2456,-0.182,-0.2621,-0.3076,-0.2861,-0.178,-0.0258,0.0447,-0.0086,-0.1147,-0.218,-0.9078,-0.9215,-0.936,-0.9514,-0.9676,-0.985,-1.0048,-1.0289,-1.0597,-1.0999,-1.1538,-1.2325,-1.3603,-1.6125,-2.1137,-2.2614,-1.7657,-1.6205,-1.9556,-2.134,-1.7047,-1.4895,-1.3329,-1.0335,-0.5892,-0.2083,-0.1402,-0.2001,-0.2586,-0.2611,-0.1535,0.0193,0.0959,0.0276,-0.0944,-0.208,-0.9088,-0.9216,-0.9352,-0.9498,-0.9655,-0.9829,-1.0029,-1.027,-1.057,-1.0957,-1.1473,-1.2205,-1.3308,-1.5002,-1.6999,-1.7524,-1.6429,-1.6429,-1.8348,-1.9265,-1.8661,-1.9632,-1.9184,-1.4567,-0.8018,-0.2865,-0.0057,-0.0559,-0.2035,-0.2608,-0.1977,-0.0676,-0.0,-0.0437,-0.1397,-0.2368,-0.9099,-0.9221,-0.9352,-0.9493,-0.9648,-0.9821,-1.0021,-1.0259,-1.055,-1.0917,-1.1391,-1.2019,-1.2851,-1.3872,-1.4827,-1.5294,-1.5411,-1.5932,-1.7111,-1.8676,-2.208,-2.8708,-3.0316,-2.1715,-1.123,-0.3033,0.1619,0.033,-0.1952,-0.292,-0.2764,-0.2052,-0.1573,-0.1713,-0.2272,-0.2943,-0.9111,-0.9228,-0.9355,-0.9493,-0.9646,-0.9817,-1.0014,-1.0246,-1.0524,-1.0863,-1.1283,-1.1803,-1.2425,-1.311,-1.375,-1.4259,-1.4755,-1.5536,-1.6907,-1.952,-2.5334,-3.5247,-3.7949,-2.6929,-1.4747,-0.6271,-0.2073,-0.1906,-0.3017,-0.3658,-0.3648,-0.3285,-0.2978,-0.2969,-0.3235,-0.3636,-0.9121,-0.9236,-0.9359,-0.9495,-0.9644,-0.9812,-1.0003,-1.0226,-1.0487,-1.0796,-1.1164,-1.1596,-1.2087,-1.2613,-1.3141,-1.3674,-1.4302,-1.5215,-1.6721,-1.9422,-2.4242,-3.0385,-3.1584,-2.4811,-1.619,-0.9685,-0.6039,-0.4774,-0.4655,-0.4701,-0.4575,-0.4317,-0.4089,-0.4015,-0.411,-0.432]},{"header":{"la1":42.85,"la2":41.18,"lo1":11.55,"lo2":14.05,"nx":36,"ny":24,"dx":0.07143,"dy":0.07261,"parameterCategory":2,"parameterNumber":3,"parameterNumberName":"northward_wind","parameterUnit":"m.s-1"},"data":[1.2031,1.1745,1.1422,1.1065,1.0686,1.0304,0.9945,0.963,0.9362,0.911,0.8813,0.8402,0.7832,0.7123,0.6399,0.5874,0.5748,0.6067,0.6699,0.7454,0.8189,0.8838,0.9382,0.9828,1.019,1.0484,1.0724,1.0921,1.1085,1.1223,1.1339,1.1439,1.1526,1.1602,1.1671,1.1733,1.2066,1.1742,1.1363,1.0929,1.0451,0.9958,0.9498,0.9123,0.886,0.8665,0.8423,0.799,0.7249,0.6183,0.4965,0.4022,0.3822,0.4445,0.5541,0.6713,0.7746,0.8584,0.9242,0.9753,1.0152,1.0466,1.0717,1.0918,1.1083,1.122,1.1335,1.1433,1.1517,1.1592,1.1659,1.1719,1.2134,1.1771,1.1328,1.0795,1.0175,0.9501,0.8853,0.8357,0.811,0.8065,0.8004,0.7644,0.6745,0.5176,0.3106,0.1342,0.103,0.2313,0.4236,0.6011,0.7399,0.8427,0.9181,0.974,1.016,1.0482,1.0733,1.0932,1.1093,1.1225,1.1336,1.143,1.1511,1.1583,1.1647,1.1706,1.2248,1.1853,1.1346,1.0697,0.9883,0.8915,0.7904,0.7118,0.6869,0.7154,0.7527,0.7443,0.6508,0.4417,0.1146,-0.2047,-0.2493,0.0026,0.3142,0.5584,0.7277,0.8431,0.9231,0.9801,1.0219,1.0532,1.0773,1.0962,1.1113,1.1237,1.134,1.1428,1.1504,1.1572,1.1633,1.169,1.2423,1.2011,1.1457,1.0699,0.9657,0.8258,0.6564,0.5057,0.4674,0.5677,0.6965,0.7471,0.6759,0.4517,0.0463,-0.4036,-0.4598,-0.092,0.3007,0.5744,0.75,0.864,0.9406,0.994,1.0326,1.0613,1.0832,1.1003,1.114,1.1252,1.1345,1.1425,1.1495,1.1559,1.1616,1.1671,1.2669,1.227,1.1709,1.0895,0.9672,0.7801,0.5056,0.1944,0.0968,0.3521,0.6481,0.7833,0.757,0.5819,0.2528,-0.1171,-0.1758,0.1139,0.4339,0.6608,0.8079,0.904,0.9688,1.0142,1.047,1.0714,1.0902,1.1049,1.1167,1.1265,1.1347,1.1418,1.1482,1.154,1.1594,1.1646,1.2988,1.2639,1.2135,1.1374,1.0162,0.8115,0.4583,-0.0535,-0.2683,0.2172,0.6852,0.8711,0.8755,0.7697,0.5883,0.4044,0.3599,0.4816,0.6494,0.7878,0.8865,0.955,1.003,1.0374,1.0629,1.0822,1.0972,1.1092,1.1189,1.1271,1.1341,1.1403,1.146,1.1513,1.1564,1.1614,1.337,1.3105,1.2723,1.2144,1.1219,0.9642,0.6863,0.272,0.1115,0.5392,0.9026,1.0174,0.9988,0.9245,0.833,0.7567,0.7335,0.7723,0.8416,0.9098,0.9649,1.0062,1.0369,1.06,1.0777,1.0917,1.1029,1.1121,1.1198,1.1264,1.1322,1.1375,1.1425,1.1474,1.1523,1.1572,1.379,1.3631,1.3407,1.3085,1.2611,1.1905,1.0915,0.9963,1.0287,1.1805,1.2371,1.1829,1.0879,0.9987,0.9386,0.912,0.9143,0.9377,0.9705,1.0022,1.0284,1.0488,1.0648,1.0779,1.0887,1.098,1.1059,1.1126,1.1185,1.1237,1.1284,1.133,1.1374,1.142,1.1468,1.1518,1.422,1.4166,1.4096,1.401,1.3927,1.3906,1.4145,1.5142,1.7259,1.7983,1.5644,1.3049,1.1003,0.9632,0.9148,0.9353,0.9797,1.0202,1.048,1.0638,1.0724,1.0778,1.0825,1.0877,1.0934,1.0992,1.1047,1.1096,1.1141,1.1182,1.1222,1.1261,1.1302,1.1346,1.1395,1.1448,1.4631,1.4667,1.4715,1.4786,1.4902,1.5104,1.5554,1.7047,2.1687,2.3866,1.7849,1.3371,1.005,0.7733,0.7499,0.8711,0.9932,1.0677,1.0987,1.1033,1.0973,1.09,1.086,1.0863,1.0894,1.0938,1.0981,1.1021,1.1057,1.1092,1.1127,1.1163,1.1203,1.1248,1.13,1.1358,1.5007,1.511,1.5236,1.5387,1.5545,1.5616,1.5295,1.4998,1.8956,2.1148,1.7148,1.3084,0.855,0.3871,0.4204,0.7781,1.011,1.1205,1.1443,1.1278,1.1019,1.0802,1.0698,1.0695,1.0744,1.0801,1.085,1.089,1.0926,1.096,1.0994,1.103,1.1071,1.1119,1.1177,1.1246,1.534,1.5491,1.5667,1.5863,1.604,1.6059,1.5338,0.9883,1.799,1.8027,1.6355,1.3756,0.9975,0.1755,0.2154,0.8168,1.0615,1.1789,1.1832,1.1329,1.0742,1.033,1.0228,1.0324,1.0465,1.0574,1.0644,1.0692,1.0734,1.0775,1.0814,1.0854,1.0898,1.0952,1.1021,1.1105,1.5629,1.5815,1.6029,1.6267,1.6511,1.6742,1.7153,1.945,1.9507,1.8538,1.7593,1.5082,1.3641,0.8758,0.9621,1.0436,1.0842,1.156,1.1648,1.0897,0.9699,0.9072,0.9256,0.971,1.0063,1.0255,1.0347,1.0407,1.0468,1.0529,1.0582,1.0627,1.0675,1.0738,1.0823,1.093,1.5873,1.6087,1.6334,1.6614,1.6933,1.7317,1.7877,1.8695,1.9463,2.0639,2.1718,2.0729,1.8515,2.2155,1.483,1.1301,0.878,1.1111,1.1464,0.9603,0.6638,0.6111,0.7609,0.8927,0.9601,0.9844,0.9921,0.9996,1.0104,1.0214,1.0294,1.0343,1.0389,1.0461,1.0573,1.0717,1.6076,1.6311,1.6583,1.6899,1.7275,1.774,1.8357,1.9244,2.074,2.3732,2.8629,2.9352,2.5666,2.1151,1.7619,1.3115,1.041,1.2419,1.2442,0.781,-0.0223,0.1041,0.5874,0.8356,0.9187,0.9282,0.9253,0.9373,0.9613,0.9835,0.9957,0.9994,1.0019,1.0101,1.0258,1.0463,1.6237,1.6486,1.6775,1.7116,1.7527,1.8046,1.8743,1.9772,2.1464,2.4388,2.816,2.7747,2.8999,2.9385,2.0824,1.6391,1.5084,1.6474,1.6883,1.0287,-0.0851,0.0833,0.6249,0.8532,0.8812,0.8307,0.8048,0.8393,0.8983,0.9429,0.9598,0.9569,0.9534,0.9636,0.9874,1.0176,1.6357,1.6612,1.6907,1.7257,1.768,1.8209,1.8905,1.9867,2.1227,2.2996,2.4595,2.5575,2.8983,2.9067,2.0265,1.6635,1.7136,2.1561,2.6247,1.7662,0.9853,0.7893,0.8995,0.934,0.817,0.6301,0.5746,0.6927,0.8306,0.9102,0.9273,0.9064,0.891,0.907,0.9454,0.9893,1.6439,1.6691,1.6982,1.7323,1.773,1.8226,1.8846,1.9626,2.058,2.1617,2.2507,2.3177,2.357,2.1325,1.4994,1.3056,1.6582,2.08,2.3252,1.8175,1.4831,1.2666,1.1675,1.0313,0.7319,0.3008,0.2114,0.5471,0.7988,0.9036,0.9068,0.8551,0.8254,0.8536,0.9108,0.9688,1.6483,1.6726,1.7003,1.7322,1.7693,1.8128,1.8639,1.9228,1.9869,2.0481,2.0933,2.1062,2.0503,1.8456,1.493,1.3883,1.6164,1.7838,1.6969,1.6149,1.6017,1.5063,1.3956,1.186,0.8077,0.2778,0.1706,0.6505,0.8738,0.9397,0.9138,0.8378,0.8007,0.8363,0.9021,0.9656,1.6496,1.6723,1.6979,1.7266,1.7591,1.7955,1.8358,1.8787,1.9208,1.9558,1.9742,1.9633,1.905,1.787,1.6481,1.5963,1.6477,1.6964,1.6766,1.6563,1.6907,1.749,1.7114,1.4661,1.1206,0.9271,1.1103,1.1082,1.0446,1.0141,0.9609,0.888,0.852,0.8759,0.929,0.984,1.6481,1.669,1.692,1.7172,1.7448,1.7744,1.8054,1.836,1.8633,1.8825,1.8877,1.8718,1.8298,1.765,1.7,1.6662,1.669,1.6839,1.6962,1.7358,1.8836,2.1737,2.2405,1.853,1.424,1.2695,1.3846,1.3046,1.1686,1.0927,1.0315,0.9739,0.9424,0.9492,0.9805,1.0191,1.6445,1.6633,1.6836,1.7053,1.7282,1.7519,1.7754,1.7972,1.8148,1.8251,1.8247,1.8106,1.7822,1.7442,1.7075,1.6843,1.679,1.6896,1.7216,1.8106,2.0462,2.4669,2.583,2.1076,1.62,1.3767,1.3246,1.2835,1.2138,1.1517,1.099,1.0549,1.0282,1.0243,1.0384,1.0614,1.6392,1.6559,1.6736,1.692,1.7109,1.7297,1.7475,1.7629,1.7744,1.7799,1.7776,1.7664,1.7472,1.7232,1.7004,1.685,1.6814,1.6938,1.7329,1.8254,2.0132,2.2649,2.3135,2.0286,1.6849,1.4601,1.3523,1.2945,1.2444,1.1972,1.1549,1.1202,1.0972,1.0884,1.092,1.1038]}]