docs/data/wind_grid.json
[{"header":{"la1":42.85,"la2":41.18,"lo1":11.55,"lo2":14.05,"nx":36,"ny":24,"dx":0.07143,"dy":0.07261,"parameterCategory":2,"parameterNumber":2,"parameterNumberName":"eastward_wind","parameterUnit":"m.s-1"},"data":[-0.5964,-0.6064,-0.6175,-0.6294,-0.6416,-0.6531,-0.6625,-0.6683,-0.6699,-0.6678,-0.6642,-0.6616,-0.6626,-0.6685,-0.6795,-0.6948,-0.7122,-0.7287,-0.7409,-0.7464,-0.7444,-0.7356,-0.7222,-0.7062,-0.6894,-0.6729,-0.6574,-0.6431,-0.6303,-0.6188,-0.6085,-0.5994,-0.5913,-0.5841,-0.5776,-0.5719,-0.5992,-0.6109,-0.6245,-0.6398,-0.6565,-0.673,-0.687,-0.6954,-0.6961,-0.6897,-0.68,-0.6719,-0.6698,-0.6758,-0.6905,-0.7124,-0.7385,-0.7639,-0.7826,-0.7902,-0.7854,-0.7708,-0.7503,-0.7276,-0.7051,-0.6841,-0.6652,-0.6484,-0.6337,-0.6208,-0.6096,-0.5998,-0.5912,-0.5836,-0.5769,-0.571,-0.6012,-0.6147,-0.6312,-0.651,-0.6741,-0.699,-0.722,-0.7365,-0.7366,-0.7222,-0.7009,-0.6828,-0.6749,-0.6806,-0.7001,-0.7319,-0.7721,-0.8125,-0.8423,-0.8523,-0.8413,-0.8156,-0.7835,-0.751,-0.7211,-0.6947,-0.672,-0.6525,-0.636,-0.6218,-0.6097,-0.5993,-0.5903,-0.5825,-0.5757,-0.5696,-0.6019,-0.6171,-0.6365,-0.6614,-0.6933,-0.7318,-0.7723,-0.8016,-0.803,-0.773,-0.729,-0.6928,-0.6756,-0.6803,-0.7062,-0.7523,-0.8145,-0.8815,-0.9313,-0.9436,-0.9178,-0.8713,-0.8208,-0.7748,-0.7358,-0.7035,-0.6768,-0.6549,-0.6367,-0.6215,-0.6087,-0.5979,-0.5887,-0.5808,-0.5739,-0.5678,-0.6008,-0.6171,-0.6387,-0.6684,-0.7102,-0.7683,-0.8412,-0.9065,-0.9169,-0.8536,-0.7644,-0.6979,-0.6679,-0.6714,-0.7052,-0.7695,-0.8643,-0.9774,-1.0657,-1.0778,-1.0184,-0.9346,-0.8575,-0.7953,-0.7468,-0.7088,-0.6788,-0.6549,-0.6355,-0.6196,-0.6065,-0.5955,-0.5862,-0.5783,-0.5715,-0.5655,-0.5977,-0.614,-0.6361,-0.668,-0.7171,-0.7957,-0.9171,-1.0603,-1.1032,-0.9665,-0.7941,-0.6877,-0.6457,-0.6498,-0.6919,-0.7744,-0.9077,-1.0901,-1.2483,-1.2526,-1.1279,-0.9904,-0.884,-0.8071,-0.7511,-0.7091,-0.677,-0.6519,-0.632,-0.616,-0.6029,-0.592,-0.583,-0.5752,-0.5686,-0.5628,-0.5927,-0.6078,-0.628,-0.6574,-0.7046,-0.7882,-0.9427,-1.1806,-1.2837,-1.034,-0.7729,-0.6444,-0.6032,-0.6129,-0.6621,-0.7554,-0.9113,-1.148,-1.3786,-1.371,-1.1827,-1.0084,-0.8876,-0.805,-0.7464,-0.7032,-0.6707,-0.6457,-0.6261,-0.6105,-0.5979,-0.5876,-0.5789,-0.5715,-0.5652,-0.5597,-0.5864,-0.5994,-0.6159,-0.6381,-0.6715,-0.7294,-0.8403,-1.0223,-1.0916,-0.8589,-0.6464,-0.5582,-0.5402,-0.5613,-0.616,-0.7097,-0.8544,-1.0587,-1.2538,-1.2595,-1.1139,-0.9698,-0.8637,-0.7877,-0.7322,-0.691,-0.6599,-0.6363,-0.6179,-0.6035,-0.5918,-0.5822,-0.5742,-0.5673,-0.5614,-0.5562,-0.5797,-0.5907,-0.6034,-0.6175,-0.6327,-0.6487,-0.6646,-0.6672,-0.6047,-0.4911,-0.4419,-0.4464,-0.4657,-0.4986,-0.5583,-0.6531,-0.78,-0.9207,-1.0307,-1.051,-0.9893,-0.903,-0.8239,-0.7599,-0.7105,-0.6732,-0.6452,-0.6241,-0.6079,-0.5952,-0.5849,-0.5763,-0.5691,-0.5628,-0.5573,-0.5525,-0.5733,-0.5835,-0.5945,-0.6049,-0.6109,-0.6024,-0.5551,-0.4187,-0.1711,-0.0652,-0.2209,-0.3447,-0.3935,-0.4257,-0.4896,-0.6029,-0.7492,-0.885,-0.9626,-0.9675,-0.9203,-0.8517,-0.7839,-0.7272,-0.6834,-0.6509,-0.6272,-0.6098,-0.5966,-0.5862,-0.5777,-0.5703,-0.5638,-0.5581,-0.553,-0.5485,-0.5677,-0.5783,-0.5908,-0.6046,-0.6179,-0.6228,-0.5897,-0.4047,0.1908,0.4682,-0.0678,-0.295,-0.3312,-0.3285,-0.3964,-0.5618,-0.7942,-1.0155,-1.099,-1.036,-0.9261,-0.8257,-0.7475,-0.6909,-0.6516,-0.6251,-0.6071,-0.5946,-0.5853,-0.5776,-0.5708,-0.5645,-0.5587,-0.5534,-0.5486,-0.5444,-0.562,-0.574,-0.5898,-0.6116,-0.6436,-0.6929,-0.7645,-0.7782,-0.2891,0.0995,-0.1913,-0.318,-0.2822,-0.1662,-0.2699,-0.5336,-0.939,-1.4273,-1.5154,-1.2239,-0.9636,-0.8,-0.7029,-0.6463,-0.6142,-0.5964,-0.5864,-0.5802,-0.5753,-0.5704,-0.5652,-0.5596,-0.554,-0.5487,-0.5441,-0.5401,-0.5553,-0.5682,-0.5865,-0.6146,-0.6611,-0.7441,-0.8941,-1.0861,-0.8799,-0.4699,-0.3716,-0.3861,-0.3292,-0.1408,-0.2485,-0.5665,-1.1099,-2.0962,-2.1085,-1.3637,-0.9382,-0.7296,-0.6307,-0.587,-0.5704,-0.5665,-0.5676,-0.5691,-0.569,-0.5664,-0.5617,-0.5558,-0.5497,-0.544,-0.5392,-0.5354,-0.5468,-0.5591,-0.5771,-0.6049,-0.65,-0.7254,-0.8426,-0.9656,-0.8487,-0.5379,-0.4068,-0.4432,-0.4516,-0.3075,-0.4077,-0.7111,-1.1156,-1.6408,-1.6824,-1.1302,-0.75,-0.5745,-0.5175,-0.5112,-0.5232,-0.5402,-0.5555,-0.5656,-0.5693,-0.5673,-0.5612,-0.5533,-0.5453,-0.5386,-0.5335,-0.5299,-0.5361,-0.5462,-0.5607,-0.5819,-0.613,-0.6562,-0.7041,-0.7139,-0.6022,-0.4103,-0.3061,-0.358,-0.4101,-0.4813,-0.5138,-1.0016,-1.4748,-1.1525,-0.9737,-0.6777,-0.4055,-0.328,-0.3705,-0.4295,-0.4824,-0.5264,-0.558,-0.5756,-0.5801,-0.5749,-0.5638,-0.5509,-0.5394,-0.5311,-0.526,-0.5232,-0.5236,-0.5306,-0.5398,-0.5518,-0.5661,-0.579,-0.5785,-0.5384,-0.4293,-0.2403,0.0296,-0.3239,-0.3807,-0.4333,-0.5318,-0.9027,-1.2364,-0.8667,-0.5654,-0.3014,-0.0162,-0.0587,-0.2363,-0.3666,-0.4647,-0.5395,-0.5872,-0.6072,-0.6056,-0.5902,-0.568,-0.5457,-0.5287,-0.519,-0.5151,-0.5145,-0.5102,-0.5137,-0.5177,-0.5214,-0.5228,-0.5175,-0.4964,-0.4467,-0.355,-0.206,-0.0132,-0.2087,-0.3669,-0.3986,-0.4427,-0.5461,-0.5836,-0.3817,-0.1758,-0.1021,0.0472,-0.0063,-0.1891,-0.3489,-0.489,-0.5997,-0.6595,-0.6697,-0.6491,-0.6127,-0.5701,-0.532,-0.5078,-0.499,-0.4998,-0.5037,-0.497,-0.4974,-0.497,-0.4947,-0.4886,-0.4752,-0.4498,-0.4073,-0.3458,-0.2737,-0.2333,-0.2854,-0.3626,-0.3735,-0.3119,-0.2783,-0.2442,0.0161,0.2402,0.0775,-0.0048,-0.0751,-0.2025,-0.3718,-0.5642,-0.7274,-0.79,-0.766,-0.7096,-0.6398,-0.5647,-0.5019,-0.4708,-0.4695,-0.4806,-0.4919,-0.4845,-0.4824,-0.479,-0.4732,-0.4635,-0.448,-0.4247,-0.3927,-0.3544,-0.319,-0.3027,-0.3123,-0.3225,-0.2814,-0.1136,-0.0447,-0.0985,0.092,0.2568,0.2877,0.1285,-0.0345,-0.1909,-0.3956,-0.6596,-0.897,-0.9464,-0.8711,-0.7786,-0.6706,-0.5536,-0.459,-0.4245,-0.4383,-0.4633,-0.4826,-0.4732,-0.4695,-0.4641,-0.4565,-0.4456,-0.4306,-0.4109,-0.3869,-0.3612,-0.3386,-0.3237,-0.3141,-0.2945,-0.2344,-0.1131,-0.0649,-0.0587,0.1205,0.4915,0.6411,0.277,0.0506,-0.1232,-0.3636,-0.6824,-0.9432,-0.9889,-0.9545,-0.8533,-0.7107,-0.5593,-0.4422,-0.406,-0.4276,-0.4582,-0.4799,-0.4633,-0.4584,-0.4521,-0.4437,-0.4328,-0.419,-0.4023,-0.3834,-0.3638,-0.3454,-0.3288,-0.3109,-0.2835,-0.2365,-0.1745,-0.1251,-0.0579,0.0989,0.3373,0.4143,0.26,0.1674,0.0597,-0.2187,-0.6139,-0.963,-1.2014,-1.1408,-0.9451,-0.7598,-0.5991,-0.4853,-0.4426,-0.45,-0.4697,-0.4853,-0.4548,-0.4492,-0.4423,-0.4338,-0.4233,-0.4108,-0.3963,-0.3804,-0.3637,-0.3468,-0.3292,-0.3087,-0.2815,-0.2447,-0.1999,-0.149,-0.0784,0.0275,0.145,0.2121,0.2706,0.4417,0.4659,0.0681,-0.4839,-1.0102,-1.3753,-1.2483,-0.9854,-0.7872,-0.6426,-0.546,-0.4986,-0.4868,-0.4899,-0.4955,-0.4475,-0.4416,-0.4345,-0.4261,-0.4161,-0.4046,-0.3917,-0.3775,-0.3624,-0.3463,-0.3287,-0.3081,-0.2827,-0.2511,-0.2128,-0.1661,-0.1063,-0.031,0.0525,0.1481,0.3274,0.6636,0.7608,0.2879,-0.3085,-0.7988,-1.0751,-1.0564,-0.9065,-0.7644,-0.6561,-0.5813,-0.537,-0.5158,-0.5077,-0.5051,-0.4414,-0.4353,-0.4282,-0.42,-0.4106,-0.3999,-0.388,-0.375,-0.361,-0.3456,-0.3285,-0.3088,-0.2853,-0.2572,-0.2235,-0.1828,-0.1333,-0.0736,-0.0016,0.0973,0.2598,0.4731,0.5047,0.2016,-0.2157,-0.5653,-0.7722,-0.8223,-0.777,-0.7051,-0.6385,-0.5869,-0.5516,-0.5299,-0.5177,-0.511]},{"header":{"la1":42.85,"la2":41.18,"lo1":11.55,"lo2":14.05,"nx":36,"ny":24,"dx":0.07143,"dy":0.07261,"parameterCategory":2,"parameterNumber":3,"parameterNumberName":"northward_wind","parameterUnit":"m.s-1"},"data":[-0.5539,-0.5438,-0.5313,-0.5166,-0.5002,-0.4834,-0.468,-0.4559,-0.4483,-0.4445,-0.4427,-0.4402,-0.4347,-0.4251,-0.4115,-0.3947,-0.3766,-0.3595,-0.3456,-0.3365,-0.3327,-0.3337,-0.3382,-0.3449,-0.3528,-0.3614,-0.3703,-0.3794,-0.3886,-0.3978,-0.4071,-0.4162,-0.4252,-0.4339,-0.4423,-0.4502,-0.5618,-0.5503,-0.5352,-0.5164,-0.4944,-0.471,-0.4492,-0.4331,-0.4255,-0.4258,-0.4301,-0.4331,-0.4307,-0.4212,-0.4049,-0.3832,-0.3588,-0.3354,-0.3169,-0.3063,-0.304,-0.3085,-0.317,-0.3275,-0.3387,-0.35,-0.3611,-0.372,-0.3829,-0.3936,-0.4042,-0.4146,-0.4248,-0.4346,-0.4439,-0.4527,-0.5721,-0.5592,-0.5412,-0.5171,-0.4868,-0.4522,-0.4184,-0.3937,-0.3857,-0.3945,-0.4113,-0.4248,-0.4283,-0.4195,-0.3995,-0.3705,-0.3362,-0.3025,-0.2766,-0.2644,-0.266,-0.2771,-0.2925,-0.3086,-0.324,-0.3384,-0.352,-0.3649,-0.3775,-0.3898,-0.402,-0.4138,-0.4253,-0.4363,-0.4467,-0.4564,-0.5853,-0.5718,-0.551,-0.5208,-0.4791,-0.4262,-0.369,-0.3245,-0.3139,-0.3409,-0.3834,-0.4167,-0.4296,-0.422,-0.3968,-0.3574,-0.3077,-0.2562,-0.2175,-0.2041,-0.2153,-0.2392,-0.2654,-0.2891,-0.3095,-0.3273,-0.3433,-0.3583,-0.3727,-0.3868,-0.4005,-0.414,-0.4269,-0.4393,-0.4509,-0.4616,-0.6025,-0.5895,-0.5674,-0.5318,-0.4768,-0.3969,-0.2955,-0.2033,-0.1813,-0.2498,-0.3464,-0.4132,-0.4388,-0.4315,-0.3995,-0.3465,-0.2743,-0.1923,-0.1291,-0.1169,-0.15,-0.197,-0.2386,-0.2711,-0.2965,-0.3173,-0.3355,-0.3524,-0.3686,-0.3845,-0.4002,-0.4154,-0.4301,-0.444,-0.4569,-0.4686,-0.624,-0.6138,-0.5935,-0.5564,-0.4913,-0.3816,-0.2114,-0.014,0.0482,-0.1165,-0.3154,-0.4266,-0.4618,-0.4511,-0.4109,-0.344,-0.2456,-0.1175,-0.0096,-0.0044,-0.0802,-0.16,-0.2179,-0.2576,-0.2862,-0.3089,-0.3288,-0.3473,-0.3655,-0.3834,-0.4011,-0.4185,-0.4351,-0.4507,-0.4651,-0.478,-0.6498,-0.6453,-0.6315,-0.6008,-0.5388,-0.4184,-0.1944,0.1393,0.2797,-0.0373,-0.3462,-0.4773,-0.504,-0.4821,-0.433,-0.3578,-0.2443,-0.08,0.0759,0.0715,-0.0456,-0.1465,-0.2103,-0.2507,-0.2793,-0.3023,-0.323,-0.3431,-0.3632,-0.3835,-0.4038,-0.4236,-0.4426,-0.4603,-0.4762,-0.4903,-0.6788,-0.6827,-0.6805,-0.6661,-0.6275,-0.5412,-0.3661,-0.0891,0.0201,-0.2689,-0.5072,-0.5761,-0.5635,-0.5211,-0.4636,-0.3889,-0.2861,-0.1444,-0.0092,-0.0023,-0.0896,-0.1672,-0.2171,-0.2499,-0.2747,-0.2965,-0.3177,-0.3394,-0.3619,-0.3851,-0.4085,-0.4314,-0.4533,-0.4734,-0.4912,-0.5064,-0.7088,-0.723,-0.7361,-0.7451,-0.7446,-0.7255,-0.6795,-0.6266,-0.6557,-0.7547,-0.7654,-0.7003,-0.6255,-0.5599,-0.4963,-0.4258,-0.3446,-0.2538,-0.1752,-0.1505,-0.173,-0.2041,-0.2294,-0.2502,-0.2696,-0.2898,-0.3117,-0.3357,-0.3614,-0.3884,-0.4159,-0.4429,-0.4683,-0.4912,-0.5111,-0.5274,-0.7368,-0.7615,-0.7904,-0.8241,-0.863,-0.9081,-0.966,-1.0669,-1.2461,-1.2893,-1.0409,-0.8037,-0.6685,-0.5926,-0.5275,-0.4553,-0.3844,-0.3241,-0.2761,-0.2445,-0.2306,-0.2289,-0.2342,-0.2449,-0.2603,-0.2803,-0.3041,-0.3315,-0.3617,-0.394,-0.427,-0.4592,-0.4892,-0.5156,-0.5376,-0.5548,-0.7599,-0.7935,-0.8358,-0.8902,-0.9607,-1.0509,-1.1606,-1.3082,-1.6743,-1.8607,-1.2306,-0.832,-0.6806,-0.6336,-0.5685,-0.4727,-0.3953,-0.3555,-0.3257,-0.2862,-0.2505,-0.229,-0.2225,-0.2283,-0.2436,-0.2658,-0.2937,-0.3264,-0.363,-0.4025,-0.4431,-0.4825,-0.5184,-0.549,-0.5732,-0.5907,-0.7755,-0.8149,-0.866,-0.9337,-1.0249,-1.1458,-1.2899,-1.401,-1.5113,-1.5751,-1.0967,-0.7595,-0.672,-0.7609,-0.6358,-0.4643,-0.3729,-0.3956,-0.3908,-0.3091,-0.239,-0.2004,-0.1888,-0.1966,-0.2169,-0.2453,-0.2798,-0.32,-0.3655,-0.4151,-0.4663,-0.5156,-0.5595,-0.5951,-0.6211,-0.6376,-0.7821,-0.8234,-0.8772,-0.9487,-1.0461,-1.1795,-1.3515,-1.501,-1.4065,-1.1653,-0.8611,-0.6547,-0.5885,-0.7426,-0.5885,-0.3625,-0.2777,-0.5086,-0.5133,-0.3035,-0.1843,-0.1319,-0.1256,-0.1464,-0.1795,-0.2181,-0.2617,-0.3117,-0.3693,-0.4332,-0.4998,-0.5634,-0.6181,-0.6595,-0.6861,-0.6992,-0.7796,-0.819,-0.8693,-0.9346,-1.021,-1.135,-1.2751,-1.3968,-1.2997,-0.9838,-0.7231,-0.6189,-0.5537,-0.0042,-0.2625,-0.0501,0.1259,-0.2281,-0.332,-0.1751,-0.0461,0.0038,-0.0217,-0.077,-0.133,-0.1849,-0.2382,-0.3,-0.3738,-0.4587,-0.5485,-0.6335,-0.7032,-0.7507,-0.775,-0.7799,-0.7691,-0.8035,-0.8457,-0.8977,-0.961,-1.0343,-1.1049,-1.1265,-1.0169,-0.8146,-0.6567,-0.526,-0.2805,0.072,-0.0767,0.5116,1.242,0.3688,0.0003,0.0522,0.2391,0.2599,0.1291,0.0029,-0.0835,-0.1457,-0.2056,-0.28,-0.3766,-0.4933,-0.6198,-0.7384,-0.8294,-0.8815,-0.8963,-0.8842,-0.7527,-0.7805,-0.8126,-0.8488,-0.8875,-0.9227,-0.94,-0.9135,-0.827,-0.7297,-0.7379,-0.5315,-0.4195,-0.2228,-0.1128,0.4023,0.905,0.3303,0.0495,0.2448,0.7453,0.6447,0.2769,0.0619,-0.0408,-0.0955,-0.1516,-0.2406,-0.3713,-0.5386,-0.7252,-0.8985,-1.0197,-1.0698,-1.0598,-1.015,-0.7326,-0.7535,-0.7758,-0.7982,-0.8178,-0.8287,-0.822,-0.7884,-0.732,-0.6894,-0.7119,-0.5856,-0.4767,-0.4385,-0.2874,-0.0885,0.0318,-0.1129,-0.1984,0.129,0.7955,0.668,0.2625,0.0595,-0.0043,-0.0111,-0.0465,-0.1603,-0.3481,-0.595,-0.8797,-1.1441,-1.3059,-1.3342,-1.2695,-1.1686,-0.711,-0.7256,-0.7398,-0.7518,-0.7591,-0.7577,-0.7433,-0.7138,-0.6746,-0.6387,-0.6052,-0.5425,-0.4892,-0.4737,-0.4527,-0.4203,-0.3415,-0.4578,-0.6273,-0.2823,0.1044,0.1883,0.0729,0.0055,0.0506,0.1609,0.1653,-0.0178,-0.3025,-0.6595,-1.0903,-1.499,-1.7071,-1.6703,-1.5071,-1.3259,-0.6895,-0.699,-0.707,-0.712,-0.7122,-0.7052,-0.6893,-0.6644,-0.6335,-0.6007,-0.5655,-0.527,-0.5004,-0.5169,-0.6679,-0.7351,-0.5121,-0.5045,-0.568,-0.4306,-0.2609,-0.1461,-0.1152,-0.0623,0.1201,0.4429,0.5046,0.139,-0.2654,-0.7186,-1.3072,-1.8936,-2.135,-1.9893,-1.7069,-1.4468,-0.6691,-0.6747,-0.6783,-0.6788,-0.6751,-0.6659,-0.6505,-0.6293,-0.6039,-0.5762,-0.5481,-0.5234,-0.5133,-0.5447,-0.6554,-0.687,-0.5386,-0.4778,-0.4885,-0.4965,-0.3981,-0.3208,-0.2684,-0.1664,0.0621,0.4615,0.5439,0.0567,-0.3092,-0.7435,-1.3785,-2.0404,-2.2909,-2.0962,-1.7701,-1.4846,-0.6504,-0.653,-0.6537,-0.6515,-0.6459,-0.636,-0.6218,-0.6035,-0.5824,-0.5599,-0.538,-0.5206,-0.5141,-0.5275,-0.5564,-0.5533,-0.5035,-0.4696,-0.4707,-0.471,-0.4541,-0.466,-0.4495,-0.3385,-0.1768,-0.1093,-0.321,-0.3499,-0.4238,-0.7224,-1.2302,-1.7674,-2.0075,-1.901,-1.6586,-1.4241,-0.6336,-0.6341,-0.6328,-0.6291,-0.6225,-0.6128,-0.5998,-0.5841,-0.5664,-0.548,-0.5304,-0.5163,-0.5083,-0.5078,-0.5095,-0.5008,-0.4809,-0.466,-0.466,-0.4825,-0.5449,-0.6779,-0.7115,-0.545,-0.3853,-0.409,-0.5781,-0.5177,-0.5015,-0.6846,-1.0166,-1.3693,-1.5698,-1.5668,-1.4459,-1.2965,-0.6186,-0.6178,-0.6152,-0.6106,-0.6037,-0.5944,-0.5828,-0.5691,-0.5541,-0.5387,-0.5241,-0.5115,-0.5021,-0.4958,-0.4902,-0.4821,-0.4728,-0.4687,-0.4785,-0.5175,-0.6248,-0.8165,-0.8692,-0.6699,-0.494,-0.4551,-0.4937,-0.4994,-0.5293,-0.6534,-0.8577,-1.0752,-1.2237,-1.2665,-1.2276,-1.15,-0.6055,-0.6036,-0.6003,-0.5953,-0.5885,-0.5798,-0.5693,-0.5574,-0.5445,-0.5313,-0.5187,-0.5073,-0.4977,-0.4897,-0.4827,-0.4763,-0.472,-0.474,-0.4895,-0.5312,-0.6169,-0.7309,-0.7558,-0.646,-0.5299,-0.4793,-0.4789,-0.4972,-0.541,-0.6299,-0.758,-0.8938,-0.9984,-1.0492,-1.0494,-1.0167]}]