docs/data/wind_grid.json
[{"header":{"la1":42.85,"la2":41.18,"lo1":11.55,"lo2":14.05,"nx":36,"ny":24,"dx":0.07143,"dy":0.07261,"parameterCategory":2,"parameterNumber":2,"parameterNumberName":"eastward_wind","parameterUnit":"m.s-1"},"data":[-0.7247,-0.7329,-0.7421,-0.7522,-0.7628,-0.7734,-0.7833,-0.7919,-0.7994,-0.8069,-0.817,-0.8325,-0.8549,-0.8835,-0.9132,-0.9349,-0.9402,-0.9271,-0.9008,-0.8692,-0.8379,-0.8096,-0.7849,-0.7638,-0.7458,-0.7302,-0.7167,-0.7049,-0.6947,-0.6857,-0.6777,-0.6707,-0.6646,-0.6592,-0.6544,-0.6502,-0.726,-0.7353,-0.7462,-0.7586,-0.7721,-0.786,-0.7988,-0.8089,-0.8157,-0.821,-0.8292,-0.846,-0.876,-0.92,-0.9707,-1.0103,-1.0192,-0.9938,-0.9488,-0.9002,-0.8568,-0.8206,-0.791,-0.7668,-0.7467,-0.7297,-0.7152,-0.7027,-0.692,-0.6826,-0.6744,-0.6673,-0.661,-0.6556,-0.6508,-0.6466,-0.7265,-0.7371,-0.7499,-0.7652,-0.783,-0.8024,-0.8208,-0.8343,-0.84,-0.8397,-0.8414,-0.8559,-0.8932,-0.9589,-1.0461,-1.1207,-1.1346,-1.082,-1.0031,-0.93,-0.8722,-0.8281,-0.7942,-0.7674,-0.7457,-0.7276,-0.7124,-0.6994,-0.6882,-0.6786,-0.6703,-0.6631,-0.6569,-0.6514,-0.6467,-0.6426,-0.726,-0.7376,-0.7523,-0.7711,-0.7948,-0.8232,-0.8529,-0.8754,-0.8805,-0.8682,-0.8542,-0.8588,-0.8985,-0.9871,-1.1262,-1.2618,-1.2813,-1.177,-1.0491,-0.9492,-0.8792,-0.8299,-0.7934,-0.7653,-0.7426,-0.7238,-0.7081,-0.6948,-0.6834,-0.6737,-0.6653,-0.6582,-0.652,-0.6467,-0.6421,-0.6381,-0.724,-0.7362,-0.7524,-0.7745,-0.8051,-0.8468,-0.898,-0.9436,-0.9528,-0.9158,-0.8689,-0.851,-0.8817,-0.9778,-1.1524,-1.3453,-1.3694,-1.2165,-1.056,-0.9454,-0.8735,-0.8244,-0.7884,-0.7602,-0.7373,-0.7183,-0.7023,-0.6888,-0.6774,-0.6677,-0.6595,-0.6524,-0.6464,-0.6413,-0.6369,-0.6331,-0.7203,-0.7324,-0.7489,-0.7726,-0.8085,-0.8645,-0.9487,-1.0463,-1.0758,-0.9868,-0.8804,-0.8286,-0.8387,-0.9135,-1.0584,-1.2214,-1.2491,-1.1314,-1.0045,-0.9156,-0.856,-0.8132,-0.78,-0.7528,-0.7301,-0.711,-0.695,-0.6815,-0.6702,-0.6607,-0.6527,-0.6459,-0.6401,-0.6352,-0.6311,-0.6276,-0.715,-0.7259,-0.7409,-0.763,-0.7983,-0.8588,-0.9665,-1.1277,-1.1969,-1.0318,-0.8624,-0.7847,-0.7748,-0.8162,-0.8996,-0.9896,-1.0205,-0.982,-0.9246,-0.8752,-0.835,-0.8007,-0.7705,-0.7441,-0.7214,-0.7021,-0.6861,-0.6728,-0.6618,-0.6526,-0.645,-0.6385,-0.6331,-0.6285,-0.6246,-0.6215,-0.7083,-0.7173,-0.7292,-0.7461,-0.7724,-0.8174,-0.8989,-1.0249,-1.0726,-0.923,-0.781,-0.715,-0.6988,-0.7176,-0.7635,-0.819,-0.8591,-0.8726,-0.8664,-0.8482,-0.8223,-0.7925,-0.7625,-0.7349,-0.7112,-0.6914,-0.6754,-0.6625,-0.652,-0.6435,-0.6363,-0.6303,-0.6253,-0.6211,-0.6176,-0.6148,-0.7011,-0.7078,-0.7159,-0.7262,-0.7395,-0.7575,-0.7815,-0.8016,-0.7791,-0.7115,-0.6599,-0.6313,-0.6181,-0.626,-0.6612,-0.719,-0.7826,-0.8332,-0.8579,-0.8537,-0.8281,-0.7928,-0.7567,-0.7249,-0.6989,-0.6785,-0.6628,-0.6506,-0.641,-0.6333,-0.6268,-0.6214,-0.6168,-0.613,-0.6098,-0.6074,-0.694,-0.6988,-0.7039,-0.7089,-0.7127,-0.7119,-0.6983,-0.6533,-0.566,-0.5207,-0.5495,-0.5547,-0.5362,-0.5304,-0.5687,-0.6557,-0.7687,-0.8695,-0.9186,-0.9066,-0.8583,-0.8016,-0.7513,-0.7119,-0.6829,-0.6623,-0.6476,-0.637,-0.6288,-0.6222,-0.6166,-0.6118,-0.6076,-0.6041,-0.6013,-0.5993,-0.6877,-0.6913,-0.6949,-0.6981,-0.6997,-0.697,-0.6811,-0.6188,-0.4314,-0.3441,-0.4831,-0.501,-0.45,-0.4056,-0.4535,-0.6042,-0.8165,-1.0197,-1.0942,-1.0256,-0.9111,-0.8112,-0.739,-0.6911,-0.6607,-0.6418,-0.6298,-0.6218,-0.6158,-0.6106,-0.6059,-0.6015,-0.5975,-0.5943,-0.5918,-0.5903,-0.6821,-0.6853,-0.6888,-0.6929,-0.6983,-0.7066,-0.7201,-0.7186,-0.5706,-0.4489,-0.5045,-0.4787,-0.3696,-0.2181,-0.2969,-0.5624,-0.9477,-1.406,-1.4901,-1.2147,-0.9612,-0.8,-0.7067,-0.6557,-0.6293,-0.6162,-0.6096,-0.6057,-0.6025,-0.599,-0.5949,-0.5906,-0.5865,-0.5832,-0.581,-0.5801,-0.6772,-0.6803,-0.6843,-0.69,-0.6995,-0.7179,-0.7545,-0.8055,-0.7457,-0.616,-0.5517,-0.4944,-0.3965,-0.1609,-0.2392,-0.5847,-1.0963,-2.0186,-2.0318,-1.3403,-0.9336,-0.7308,-0.6372,-0.5994,-0.5876,-0.5864,-0.5885,-0.5904,-0.5904,-0.5882,-0.5841,-0.579,-0.5741,-0.5704,-0.5684,-0.5682,-0.6726,-0.6757,-0.6798,-0.686,-0.6963,-0.7141,-0.743,-0.7742,-0.7428,-0.6544,-0.5875,-0.5205,-0.4892,-0.407,-0.456,-0.7092,-1.0579,-1.5776,-1.6287,-1.1083,-0.7367,-0.5646,-0.5174,-0.5212,-0.5385,-0.5561,-0.5698,-0.5783,-0.5813,-0.5793,-0.5735,-0.5659,-0.559,-0.5544,-0.5528,-0.5539,-0.6681,-0.6708,-0.6746,-0.68,-0.688,-0.6995,-0.7128,-0.7186,-0.7009,-0.6771,-0.6605,-0.6061,-0.5335,-0.4995,-0.5745,-0.9159,-1.2233,-1.0653,-0.9504,-0.6571,-0.358,-0.2814,-0.3528,-0.4333,-0.4924,-0.5327,-0.5587,-0.573,-0.5774,-0.5732,-0.5627,-0.5499,-0.5392,-0.5333,-0.5329,-0.5365,-0.6634,-0.6657,-0.6687,-0.6727,-0.6779,-0.684,-0.6893,-0.6911,-0.6938,-0.7254,-0.8241,-0.7042,-0.6427,-0.5824,-0.6383,-0.8684,-1.0711,-0.8223,-0.5742,-0.2685,0.1296,0.0625,-0.1992,-0.3669,-0.4659,-0.526,-0.5612,-0.5787,-0.5813,-0.5708,-0.5505,-0.5275,-0.5103,-0.5036,-0.5066,-0.5153,-0.6587,-0.6604,-0.6626,-0.6652,-0.6683,-0.6717,-0.6748,-0.6791,-0.6916,-0.7315,-0.8068,-0.7316,-0.6794,-0.6735,-0.6456,-0.6763,-0.6541,-0.4451,-0.233,-0.1067,0.1989,0.111,-0.1706,-0.3573,-0.4735,-0.5436,-0.5814,-0.5979,-0.5956,-0.573,-0.5341,-0.4923,-0.4655,-0.4611,-0.4727,-0.4905,-0.654,-0.6551,-0.6565,-0.658,-0.6598,-0.6618,-0.6643,-0.6686,-0.6783,-0.6956,-0.7073,-0.6877,-0.6788,-0.673,-0.6209,-0.5793,-0.4524,-0.0865,0.2152,-0.0327,-0.073,-0.1166,-0.2556,-0.3993,-0.5133,-0.5817,-0.6125,-0.6291,-0.6228,-0.5815,-0.5107,-0.4371,-0.3988,-0.4048,-0.4334,-0.465,-0.6493,-0.6499,-0.6505,-0.6513,-0.6521,-0.6531,-0.6545,-0.657,-0.6612,-0.6658,-0.6651,-0.6558,-0.6441,-0.6234,-0.5963,-0.5867,-0.4282,-0.1051,0.0879,-0.0746,-0.1625,-0.2349,-0.332,-0.4514,-0.5633,-0.6103,-0.6198,-0.6681,-0.6696,-0.6027,-0.4868,-0.3697,-0.3223,-0.3489,-0.3998,-0.4457,-0.6448,-0.6448,-0.6449,-0.6449,-0.6449,-0.6449,-0.645,-0.6453,-0.6456,-0.6444,-0.6398,-0.6303,-0.6157,-0.5955,-0.5814,-0.5643,-0.4347,-0.2419,-0.1226,-0.1064,-0.1893,-0.2749,-0.3645,-0.4832,-0.6097,-0.6405,-0.641,-0.7716,-0.7571,-0.6483,-0.4917,-0.3447,-0.2929,-0.3301,-0.3903,-0.441,-0.6403,-0.6399,-0.6394,-0.6388,-0.6381,-0.6372,-0.636,-0.6345,-0.6321,-0.628,-0.6211,-0.6103,-0.5948,-0.5747,-0.551,-0.5106,-0.4236,-0.3034,-0.1998,-0.1755,-0.2292,-0.2783,-0.3397,-0.471,-0.6641,-0.876,-1.129,-1.0775,-0.8911,-0.7168,-0.547,-0.4078,-0.3513,-0.3696,-0.4134,-0.4542,-0.6361,-0.6353,-0.6343,-0.6331,-0.6317,-0.6299,-0.6277,-0.6248,-0.6207,-0.6149,-0.6065,-0.5947,-0.5787,-0.5577,-0.5297,-0.4884,-0.4271,-0.3533,-0.2914,-0.2647,-0.2546,-0.2125,-0.2155,-0.386,-0.6676,-1.0308,-1.3621,-1.2314,-0.9671,-0.7697,-0.6162,-0.503,-0.4454,-0.4381,-0.456,-0.4796,-0.6321,-0.6309,-0.6295,-0.6278,-0.6258,-0.6233,-0.6202,-0.6163,-0.6111,-0.6042,-0.595,-0.5827,-0.5668,-0.5461,-0.5191,-0.4836,-0.439,-0.3901,-0.3463,-0.3095,-0.2536,-0.144,-0.1111,-0.3057,-0.5976,-0.8987,-1.0998,-1.0683,-0.9183,-0.7739,-0.6577,-0.5719,-0.5202,-0.4996,-0.4992,-0.508,-0.6283,-0.6268,-0.625,-0.6229,-0.6204,-0.6174,-0.6136,-0.609,-0.6031,-0.5956,-0.5861,-0.5739,-0.5586,-0.5393,-0.5154,-0.4862,-0.4524,-0.4165,-0.381,-0.3427,-0.2878,-0.216,-0.2101,-0.3422,-0.5447,-0.7397,-0.8646,-0.8816,-0.8232,-0.7428,-0.6673,-0.6067,-0.5651,-0.542,-0.533,-0.5327]},{"header":{"la1":42.85,"la2":41.18,"lo1":11.55,"lo2":14.05,"nx":36,"ny":24,"dx":0.07143,"dy":0.07261,"parameterCategory":2,"parameterNumber":3,"parameterNumberName":"northward_wind","parameterUnit":"m.s-1"},"data":[-0.556,-0.5451,-0.5322,-0.5176,-0.5018,-0.4859,-0.4713,-0.4594,-0.4507,-0.444,-0.4368,-0.426,-0.4094,-0.3875,-0.364,-0.3462,-0.3405,-0.3483,-0.3655,-0.3862,-0.4062,-0.4237,-0.4383,-0.4504,-0.4607,-0.4695,-0.4775,-0.4848,-0.4916,-0.4982,-0.5046,-0.5108,-0.5168,-0.5225,-0.528,-0.5332,-0.5597,-0.5471,-0.5317,-0.5134,-0.4927,-0.4712,-0.4514,-0.4364,-0.428,-0.4247,-0.4216,-0.4123,-0.3918,-0.3592,-0.3201,-0.2889,-0.2808,-0.298,-0.3295,-0.3627,-0.3913,-0.414,-0.4316,-0.4455,-0.4567,-0.4662,-0.4747,-0.4825,-0.4899,-0.497,-0.5039,-0.5107,-0.5172,-0.5235,-0.5294,-0.535,-0.5651,-0.551,-0.5327,-0.5095,-0.4817,-0.4508,-0.4211,-0.3995,-0.3916,-0.3961,-0.4033,-0.4003,-0.3772,-0.3293,-0.2627,-0.205,-0.1935,-0.2318,-0.2889,-0.3402,-0.379,-0.4068,-0.4267,-0.4417,-0.4535,-0.4634,-0.4722,-0.4804,-0.4883,-0.496,-0.5035,-0.5109,-0.5181,-0.5249,-0.5314,-0.5375,-0.573,-0.5577,-0.5366,-0.5078,-0.47,-0.4238,-0.3749,-0.3375,-0.3287,-0.3499,-0.3799,-0.3928,-0.3722,-0.3081,-0.2019,-0.0974,-0.0821,-0.1604,-0.2548,-0.3259,-0.373,-0.4037,-0.4244,-0.4393,-0.4509,-0.4608,-0.4698,-0.4784,-0.4868,-0.4952,-0.5035,-0.5116,-0.5195,-0.5271,-0.5342,-0.5408,-0.5841,-0.5686,-0.5456,-0.5116,-0.4622,-0.3934,-0.3081,-0.2318,-0.2146,-0.2723,-0.35,-0.3938,-0.3853,-0.3165,-0.1825,-0.0336,-0.0149,-0.131,-0.2503,-0.3291,-0.3766,-0.4056,-0.4245,-0.438,-0.4488,-0.4583,-0.4674,-0.4764,-0.4854,-0.4946,-0.5038,-0.5128,-0.5216,-0.53,-0.5378,-0.545,-0.5989,-0.5849,-0.5624,-0.5262,-0.4677,-0.3738,-0.2322,-0.0697,-0.0193,-0.1578,-0.3235,-0.4109,-0.4218,-0.3687,-0.2564,-0.1296,-0.1076,-0.1969,-0.2909,-0.3527,-0.3893,-0.4115,-0.4261,-0.4371,-0.4465,-0.4554,-0.4646,-0.4741,-0.484,-0.4942,-0.5045,-0.5148,-0.5247,-0.534,-0.5427,-0.5504,-0.6175,-0.6072,-0.5889,-0.5567,-0.4993,-0.3958,-0.2109,0.0604,0.1746,-0.0861,-0.3436,-0.4573,-0.4796,-0.4481,-0.3815,-0.3104,-0.286,-0.3148,-0.3557,-0.3863,-0.4058,-0.4182,-0.4273,-0.4351,-0.4429,-0.4515,-0.4609,-0.4713,-0.4824,-0.494,-0.5059,-0.5176,-0.5289,-0.5394,-0.549,-0.5575,-0.6391,-0.6348,-0.6247,-0.604,-0.5634,-0.485,-0.3382,-0.1155,-0.029,-0.2593,-0.4621,-0.5402,-0.5505,-0.5278,-0.4876,-0.4445,-0.4162,-0.4079,-0.4103,-0.4147,-0.4184,-0.4216,-0.4253,-0.4303,-0.4371,-0.4457,-0.456,-0.4678,-0.4806,-0.4942,-0.5081,-0.5217,-0.5347,-0.5467,-0.5573,-0.5665,-0.6622,-0.6654,-0.6663,-0.6626,-0.6499,-0.6209,-0.5693,-0.5122,-0.5213,-0.6003,-0.6427,-0.6402,-0.6213,-0.5952,-0.5614,-0.5223,-0.4858,-0.4583,-0.4402,-0.4287,-0.4216,-0.418,-0.4179,-0.4212,-0.4279,-0.4374,-0.4494,-0.4634,-0.4787,-0.495,-0.5115,-0.5276,-0.5428,-0.5565,-0.5683,-0.5782,-0.6847,-0.6956,-0.7081,-0.7225,-0.7384,-0.7555,-0.7754,-0.8121,-0.8866,-0.9087,-0.8112,-0.7237,-0.6779,-0.6502,-0.6159,-0.5677,-0.5164,-0.4744,-0.4452,-0.4259,-0.4129,-0.4052,-0.403,-0.4061,-0.4141,-0.4259,-0.4408,-0.458,-0.4768,-0.4966,-0.5167,-0.5361,-0.554,-0.5697,-0.5829,-0.5933,-0.7043,-0.7219,-0.7445,-0.7742,-0.8134,-0.8637,-0.9213,-0.9795,-1.0988,-1.1627,-0.9161,-0.7636,-0.7141,-0.7038,-0.6702,-0.5976,-0.5192,-0.4619,-0.429,-0.408,-0.3918,-0.3813,-0.3784,-0.3834,-0.3948,-0.4107,-0.4299,-0.4516,-0.4751,-0.4998,-0.5245,-0.5482,-0.5697,-0.5879,-0.6023,-0.6129,-0.7192,-0.7415,-0.771,-0.8109,-0.8659,-0.9406,-1.0317,-1.0959,-1.0875,-1.0709,-0.8807,-0.7517,-0.7315,-0.7769,-0.7445,-0.6121,-0.4904,-0.4242,-0.4014,-0.3808,-0.3579,-0.3426,-0.3405,-0.3507,-0.3688,-0.3914,-0.4168,-0.4444,-0.4741,-0.5052,-0.5364,-0.5659,-0.5918,-0.6129,-0.6284,-0.6385,-0.7284,-0.7528,-0.7849,-0.8285,-0.889,-0.9741,-1.0883,-1.194,-1.1184,-0.9482,-0.7973,-0.7114,-0.7037,-0.8104,-0.7796,-0.5652,-0.4147,-0.3956,-0.3926,-0.3473,-0.3028,-0.2782,-0.2818,-0.3049,-0.3358,-0.3683,-0.4015,-0.4364,-0.474,-0.5138,-0.554,-0.5915,-0.6235,-0.6477,-0.6636,-0.6719,-0.7317,-0.7554,-0.7861,-0.8266,-0.8807,-0.9535,-1.0445,-1.125,-1.0624,-0.8703,-0.7355,-0.6846,-0.6679,-0.5301,-0.5869,-0.3719,-0.1815,-0.2956,-0.3353,-0.2744,-0.1929,-0.1588,-0.1889,-0.2442,-0.2971,-0.3423,-0.3837,-0.4269,-0.4747,-0.5268,-0.5801,-0.6294,-0.6695,-0.6969,-0.7114,-0.7154,-0.7296,-0.7508,-0.777,-0.8095,-0.8494,-0.8961,-0.9416,-0.9565,-0.8893,-0.7652,-0.6781,-0.6433,-0.6113,-0.5927,-0.4894,0.005,0.5234,-0.0162,-0.2136,-0.1324,0.0559,0.0777,-0.0511,-0.1752,-0.2587,-0.3147,-0.3617,-0.4132,-0.4747,-0.5452,-0.6188,-0.6861,-0.7373,-0.7669,-0.7764,-0.7713,-0.7236,-0.741,-0.7614,-0.7845,-0.8093,-0.8322,-0.8439,-0.8276,-0.7698,-0.6864,-0.6209,-0.6082,-0.6094,-0.585,-0.47,-0.0687,0.2913,-0.0824,-0.232,0.0217,0.5503,0.4524,0.0863,-0.1275,-0.2306,-0.2831,-0.3275,-0.388,-0.4705,-0.57,-0.6763,-0.7723,-0.8388,-0.8669,-0.8631,-0.8409,-0.7149,-0.7284,-0.743,-0.7579,-0.7712,-0.7792,-0.7759,-0.7544,-0.7129,-0.6613,-0.6221,-0.6209,-0.6501,-0.6571,-0.5458,-0.3981,-0.3194,-0.4462,-0.5053,-0.1215,0.5973,0.4713,0.0642,-0.1417,-0.2148,-0.2309,-0.2592,-0.337,-0.4564,-0.6021,-0.7608,-0.9034,-0.9898,-1.0058,-0.9733,-0.922,-0.7049,-0.7149,-0.7247,-0.7335,-0.7395,-0.7401,-0.7325,-0.7144,-0.6876,-0.659,-0.6395,-0.6376,-0.6643,-0.669,-0.6294,-0.6032,-0.5908,-0.7891,-1.0175,-0.583,-0.1304,-0.0232,-0.132,-0.2075,-0.19,-0.1139,-0.1119,-0.2444,-0.4322,-0.6418,-0.8759,-1.0904,-1.1984,-1.1801,-1.0971,-1.0046,-0.6947,-0.7017,-0.708,-0.7127,-0.7146,-0.7123,-0.7044,-0.6907,-0.6733,-0.656,-0.6438,-0.6405,-0.6468,-0.6612,-0.7317,-0.7655,-0.6906,-0.8043,-0.9187,-0.7254,-0.5097,-0.3603,-0.3165,-0.2803,-0.1521,0.0951,0.1428,-0.1453,-0.4253,-0.6862,-0.9954,-1.2951,-1.4174,-1.3437,-1.2005,-1.0681,-0.6848,-0.6896,-0.6934,-0.6956,-0.6954,-0.692,-0.6851,-0.6749,-0.6629,-0.6514,-0.6429,-0.6397,-0.6443,-0.6662,-0.7245,-0.7439,-0.6969,-0.7224,-0.7721,-0.7856,-0.6378,-0.5102,-0.4404,-0.3672,-0.2121,0.0983,0.1639,-0.2526,-0.4989,-0.7255,-1.0417,-1.3712,-1.4962,-1.3985,-1.234,-1.089,-0.6757,-0.6788,-0.6809,-0.6816,-0.6804,-0.6768,-0.671,-0.6633,-0.6546,-0.6463,-0.6401,-0.6374,-0.6407,-0.6532,-0.6731,-0.6793,-0.6719,-0.685,-0.7193,-0.7191,-0.6422,-0.5789,-0.5392,-0.4818,-0.4156,-0.4355,-0.6944,-0.69,-0.6478,-0.7514,-0.9811,-1.2388,-1.3558,-1.3018,-1.1793,-1.06,-0.6673,-0.6693,-0.6703,-0.6701,-0.6684,-0.6651,-0.6602,-0.6541,-0.6475,-0.6412,-0.6362,-0.6337,-0.6345,-0.6393,-0.6454,-0.6479,-0.6482,-0.6536,-0.6612,-0.6532,-0.6321,-0.6366,-0.6361,-0.5854,-0.5727,-0.7266,-0.9853,-0.8829,-0.7434,-0.7609,-0.8896,-1.0483,-1.1414,-1.1369,-1.0743,-0.9974,-0.6599,-0.661,-0.6613,-0.6606,-0.6587,-0.6557,-0.6515,-0.6466,-0.6413,-0.6362,-0.632,-0.6292,-0.6283,-0.629,-0.6303,-0.6307,-0.6308,-0.6315,-0.6316,-0.6293,-0.6358,-0.6707,-0.6829,-0.6343,-0.6243,-0.7096,-0.8145,-0.7997,-0.7452,-0.7512,-0.819,-0.9088,-0.9733,-0.9896,-0.9668,-0.9252,-0.6532,-0.6538,-0.6536,-0.6526,-0.6507,-0.6479,-0.6444,-0.6402,-0.6358,-0.6315,-0.6277,-0.6248,-0.6228,-0.6216,-0.6208,-0.6199,-0.6189,-0.6181,-0.6176,-0.6193,-0.6297,-0.6509,-0.6559,-0.6342,-0.6301,-0.665,-0.708,-0.7199,-0.7156,-0.7292,-0.7693,-0.8213,-0.8637,-0.883,-0.879,-0.8595]}]