docs/data/wind_grid.json
[{"header":{"la1":42.85,"la2":41.18,"lo1":11.55,"lo2":14.05,"nx":36,"ny":24,"dx":0.07143,"dy":0.07261,"parameterCategory":2,"parameterNumber":2,"parameterNumberName":"eastward_wind","parameterUnit":"m.s-1"},"data":[2.0094,1.9856,1.9546,1.9168,1.874,1.8301,1.79,1.759,1.7407,1.7355,1.7406,1.7515,1.7639,1.7748,1.7824,1.7858,1.7846,1.7784,1.7674,1.7524,1.736,1.7216,1.7123,1.7092,1.7111,1.7161,1.7225,1.7291,1.7352,1.7406,1.7452,1.749,1.7522,1.7549,1.7572,1.7592,2.0378,2.0119,1.9751,1.9269,1.8692,1.8071,1.7492,1.7052,1.6825,1.6821,1.6979,1.7209,1.744,1.7629,1.7761,1.7831,1.7837,1.7772,1.7628,1.741,1.7154,1.6931,1.6807,1.6795,1.686,1.6959,1.7065,1.7162,1.7246,1.7315,1.7372,1.7418,1.7456,1.7486,1.7511,1.7533,2.0771,2.0511,2.0089,1.9477,1.8683,1.7772,1.688,1.62,1.5902,1.6009,1.6378,1.682,1.7214,1.7513,1.7715,1.7833,1.7873,1.7822,1.7644,1.7314,1.6884,1.6508,1.6343,1.6393,1.6552,1.6732,1.6895,1.7031,1.714,1.7226,1.7294,1.7346,1.7388,1.7421,1.7447,1.747,2.1312,2.1096,2.0649,1.9892,1.8795,1.7414,1.595,1.4783,1.4348,1.4727,1.5534,1.6346,1.6976,1.741,1.7692,1.787,1.7974,1.7987,1.7814,1.732,1.6534,1.583,1.5638,1.587,1.6205,1.6499,1.6731,1.6907,1.7041,1.7141,1.7217,1.7275,1.7319,1.7353,1.7381,1.7404,2.2038,2.196,2.1574,2.07,1.9209,1.7102,1.4583,1.2329,1.157,1.267,1.4417,1.5838,1.677,1.734,1.7689,1.793,1.8143,1.8351,1.8365,1.769,1.6189,1.4787,1.469,1.5316,1.5886,1.6297,1.659,1.68,1.6952,1.7063,1.7144,1.7204,1.7248,1.7282,1.7309,1.7332,2.2967,2.3194,2.3074,2.2212,2.0278,1.7184,1.295,0.8296,0.6645,0.9685,1.3245,1.546,1.6669,1.7319,1.7689,1.7966,1.8316,1.8937,1.9719,1.9042,1.6353,1.4179,1.4216,1.5044,1.5701,1.6164,1.6489,1.6717,1.6877,1.6991,1.7073,1.7132,1.7175,1.7207,1.7232,1.7254,2.4043,2.483,2.5399,2.4902,2.2503,1.8329,1.2432,0.468,0.1407,0.7535,1.2832,1.5466,1.6737,1.7345,1.7647,1.7895,1.8305,1.927,2.1304,2.0842,1.6675,1.474,1.4595,1.5074,1.5643,1.6101,1.6429,1.6656,1.6813,1.6923,1.7001,1.7056,1.7095,1.7123,1.7145,1.7165,2.5059,2.6618,2.8568,2.9232,2.6066,2.0744,1.4831,0.8405,0.5839,0.9981,1.3794,1.59,1.6959,1.7374,1.7466,1.7597,1.7966,1.8585,1.9419,1.7973,1.3499,1.2558,1.3846,1.4888,1.5603,1.6082,1.6397,1.6607,1.6752,1.6853,1.6924,1.6973,1.7005,1.7028,1.7046,1.7064,2.5652,2.7712,3.1074,3.3706,2.9089,2.2968,1.8058,1.4254,1.2494,1.3112,1.4833,1.6409,1.7254,1.7343,1.6894,1.6766,1.7413,1.7832,1.7212,1.3941,0.7357,0.8398,1.2635,1.4685,1.5621,1.6099,1.6372,1.6551,1.6678,1.6771,1.6835,1.6876,1.6901,1.6917,1.6929,1.6944,2.5606,2.7319,2.9646,3.0962,2.7884,2.3745,1.9867,1.6355,1.2783,1.1727,1.445,1.6758,1.7645,1.7369,1.5561,1.4521,1.6861,1.7939,1.7322,1.4455,0.9842,1.0211,1.3317,1.5049,1.5797,1.6124,1.6306,1.6448,1.6571,1.6666,1.6728,1.6761,1.6776,1.6781,1.6787,1.6799,2.5137,2.6257,2.729,2.7763,2.7176,2.4091,2.1066,1.7526,0.88,0.4441,1.3449,1.7338,1.8247,1.7949,1.6077,1.4594,1.7585,1.9123,1.9016,1.7368,1.525,1.4625,1.5263,1.581,1.5986,1.6009,1.6086,1.6243,1.6408,1.653,1.6597,1.6621,1.662,1.6612,1.6609,1.6619,2.4547,2.5339,2.6229,2.7213,2.6633,2.4057,2.2761,2.2166,1.5681,1.0621,1.6025,1.8651,1.8902,1.8402,1.8285,1.8387,1.9683,2.1742,2.1993,2.0068,1.8277,1.7242,1.6762,1.6342,1.5792,1.5425,1.553,1.5879,1.6187,1.6371,1.6445,1.645,1.6422,1.6392,1.638,1.6392,2.3947,2.4471,2.499,2.5273,2.4716,2.3759,2.4087,2.5893,2.3614,1.97,1.9709,2.0385,1.979,1.8346,1.8629,1.9519,2.0958,2.5823,2.5961,2.1804,1.9733,1.8546,1.7578,1.6378,1.4805,1.3915,1.4505,1.5404,1.5968,1.6219,1.6276,1.6232,1.6157,1.6096,1.6074,1.6098,2.3397,2.3703,2.3925,2.3938,2.3679,2.3493,2.3948,2.4875,2.4035,2.227,2.1918,2.1802,2.1264,1.7036,1.938,1.9446,2.0609,2.3384,2.387,2.162,2.0252,1.9299,1.814,1.6344,1.3597,1.2085,1.3609,1.5148,1.5885,1.6116,1.6084,1.5937,1.578,1.5677,1.5655,1.5711,2.2944,2.3123,2.3229,2.3231,2.3168,2.3187,2.3411,2.3646,2.3574,2.3836,2.4514,2.4103,2.2129,2.1795,2.0328,1.9593,2.3293,2.1807,2.1305,2.0824,2.0748,2.0234,1.8903,1.7029,1.4581,1.3234,1.4324,1.5532,1.6044,1.6068,1.5828,1.5493,1.5205,1.5057,1.5067,1.5199,2.2594,2.2715,2.2793,2.2831,2.2863,2.295,2.3134,2.3426,2.4037,2.5721,2.9086,2.9132,2.6327,2.2991,2.1794,2.1656,2.2716,2.0913,1.9731,2.035,2.2658,2.1997,1.9779,1.8072,1.6666,1.5917,1.6077,1.6398,1.6383,1.6018,1.5418,1.4764,1.4279,1.4111,1.4236,1.4532,2.2329,2.2427,2.2506,2.2575,2.266,2.2799,2.3037,2.3462,2.4307,2.6049,2.8639,2.7941,2.7446,2.7147,2.3546,2.1976,2.061,1.7888,1.587,1.8431,2.2806,2.2101,1.989,1.8659,1.8012,1.7776,1.7678,1.7376,1.6774,1.5881,1.4724,1.3527,1.2748,1.2666,1.3096,1.3712,2.2122,2.2213,2.2298,2.2388,2.2504,2.2674,2.294,2.3369,2.4062,2.5057,2.5956,2.6209,2.7281,2.7343,2.4747,2.3262,1.9826,1.2684,0.6055,1.4024,1.863,1.9594,1.9146,1.8767,1.8863,1.9368,1.9388,1.8454,1.7159,1.5626,1.3661,1.152,1.0306,1.0609,1.1697,1.2827,2.1954,2.2041,2.213,2.2231,2.2359,2.2535,2.2785,2.314,2.3618,2.4169,2.4638,2.4954,2.5273,2.534,2.6719,2.7499,2.1107,1.3812,0.978,1.4911,1.7156,1.8156,1.8429,1.8658,1.9506,2.1343,2.1732,1.9485,1.7398,1.5331,1.2482,0.8974,0.7226,0.8383,1.0422,1.2117,2.1809,2.1892,2.1982,2.2084,2.2209,2.237,2.2581,2.2849,2.3167,2.3495,2.3773,2.3975,2.414,2.4515,2.6008,2.6203,2.1614,1.7516,1.704,1.773,1.7344,1.761,1.7841,1.8269,1.9333,2.1571,2.2083,1.9125,1.7147,1.5164,1.2118,0.7952,0.5939,0.7575,1.0012,1.1896,2.1678,2.1756,2.1841,2.1936,2.205,2.2187,2.2352,2.2545,2.2753,2.2952,2.3112,2.3219,2.33,2.3446,2.3632,2.2971,2.0872,1.8708,1.7734,1.7586,1.7326,1.7001,1.6953,1.7446,1.816,1.8461,1.7367,1.7072,1.6439,1.5147,1.3001,0.9998,0.8301,0.9103,1.0788,1.2277,2.1555,2.1626,2.1703,2.1787,2.1883,2.1993,2.2117,2.2249,2.238,2.2493,2.257,2.2598,2.2574,2.2486,2.2224,2.153,2.0345,1.9084,1.8188,1.7608,1.6835,1.5612,1.5251,1.6307,1.7115,1.691,1.6011,1.6138,1.5598,1.4975,1.4034,1.2507,1.1381,1.1396,1.2139,1.3031,2.1437,2.15,2.1566,2.1638,2.1715,2.1798,2.1885,2.197,2.2045,2.2097,2.2112,2.2076,2.1974,2.1775,2.1418,2.083,2.0028,1.9161,1.8365,1.7557,1.6345,1.4495,1.3981,1.5555,1.6575,1.6624,1.6227,1.5516,1.4377,1.4482,1.4507,1.3934,1.3324,1.314,1.3385,1.3844,2.1322,2.1376,2.1432,2.1489,2.1548,2.1607,2.1663,2.1712,2.1745,2.1753,2.1723,2.1643,2.1497,2.1262,2.0909,2.0419,1.9809,1.9135,1.8428,1.7625,1.6566,1.5366,1.505,1.584,1.646,1.6496,1.6078,1.5165,1.422,1.4416,1.4734,1.4631,1.4374,1.424,1.4314,1.4546]},{"header":{"la1":42.85,"la2":41.18,"lo1":11.55,"lo2":14.05,"nx":36,"ny":24,"dx":0.07143,"dy":0.07261,"parameterCategory":2,"parameterNumber":3,"parameterNumberName":"northward_wind","parameterUnit":"m.s-1"},"data":[0.8496,0.8281,0.8015,0.7702,0.7351,0.6987,0.6644,0.6361,0.6158,0.6029,0.5938,0.5834,0.5671,0.5417,0.5061,0.461,0.4093,0.3556,0.3055,0.2646,0.2381,0.2313,0.2484,0.2891,0.3472,0.4141,0.4822,0.5469,0.6059,0.6583,0.7043,0.7444,0.7792,0.8093,0.8354,0.8581,0.8633,0.8399,0.8092,0.7705,0.7247,0.6751,0.6279,0.5904,0.5683,0.5609,0.5613,0.5598,0.5484,0.5224,0.4798,0.4215,0.3514,0.2768,0.2067,0.1483,0.1074,0.0928,0.1154,0.1763,0.2621,0.3559,0.446,0.527,0.5975,0.6579,0.7092,0.7528,0.7898,0.8212,0.8481,0.8711,0.8831,0.8592,0.8245,0.7767,0.7153,0.6441,0.5729,0.5175,0.4919,0.4969,0.5174,0.5337,0.5325,0.5076,0.4568,0.3804,0.2831,0.1767,0.0782,-0.002,-0.0649,-0.0989,-0.0701,0.0285,0.1623,0.2964,0.415,0.5148,0.5971,0.6649,0.7207,0.7669,0.8053,0.8374,0.8644,0.8871,0.9113,0.8895,0.8528,0.7951,0.7123,0.6057,0.4887,0.3933,0.359,0.3929,0.4562,0.5062,0.5229,0.5016,0.4415,0.341,0.202,0.0422,-0.0988,-0.1952,-0.2837,-0.3709,-0.3375,-0.1587,0.058,0.2475,0.3983,0.5162,0.6087,0.682,0.7406,0.788,0.8266,0.8583,0.8845,0.9064,0.9496,0.9355,0.9024,0.8377,0.7287,0.568,0.3637,0.172,0.1108,0.2182,0.3749,0.4831,0.5253,0.51,0.4412,0.3121,0.1107,-0.1515,-0.3799,-0.4527,-0.514,-0.7333,-0.6938,-0.3475,-0.0138,0.2318,0.4084,0.5384,0.6363,0.7116,0.7704,0.8169,0.8541,0.8842,0.9088,0.9291,0.9986,1.0016,0.9847,0.9229,0.7891,0.5606,0.214,-0.2021,-0.351,-0.0469,0.2943,0.4808,0.5481,0.5384,0.4652,0.3134,0.0382,-0.413,-0.9059,-0.8856,-0.6325,-0.9242,-0.8667,-0.3753,0.0151,0.2766,0.4571,0.587,0.6831,0.7555,0.8109,0.8541,0.8881,0.9152,0.9372,0.9551,1.0544,1.0884,1.1118,1.0759,0.9249,0.6401,0.1701,-0.5433,-0.8657,-0.2325,0.2986,0.5264,0.5976,0.5885,0.5193,0.3705,0.0681,-0.5454,-1.4938,-1.404,-0.5187,-0.4356,-0.3989,-0.1058,0.1763,0.39,0.5476,0.6639,0.75,0.8141,0.8624,0.8994,0.9283,0.9511,0.9694,0.9842,1.1053,1.1808,1.2826,1.3175,1.1381,0.8223,0.4091,-0.145,-0.3799,0.087,0.4724,0.629,0.6696,0.6529,0.5962,0.4838,0.253,-0.1994,-0.7978,-0.6338,0.1327,0.2923,0.2103,0.2652,0.4045,0.55,0.6724,0.7666,0.8361,0.8868,0.9241,0.9523,0.974,0.9912,1.0049,1.0159,1.1313,1.2313,1.415,1.5683,1.307,0.9931,0.7497,0.5525,0.5101,0.6313,0.7261,0.7548,0.7464,0.7159,0.6711,0.6083,0.4779,0.2655,0.1026,0.3203,0.8931,0.829,0.5806,0.5494,0.6268,0.731,0.8235,0.8925,0.9399,0.972,0.9944,1.0111,1.0241,1.0346,1.0431,1.0499,1.1214,1.192,1.3043,1.3731,1.193,1.055,0.9757,0.9553,1.0123,1.0368,0.9417,0.8601,0.8116,0.7676,0.712,0.6843,0.6166,0.5171,0.4693,0.5743,0.8109,0.8116,0.7247,0.7478,0.8358,0.9321,1.0031,1.0425,1.06,1.0671,1.0706,1.0736,1.0768,1.0801,1.0831,1.0855,1.0921,1.1128,1.0946,0.9747,0.9827,1.0665,1.1164,1.1662,1.276,1.3435,1.0744,0.9188,0.8619,0.8327,0.751,0.6989,0.6586,0.6044,0.5898,0.6338,0.7141,0.7706,0.8272,0.9328,1.0706,1.1831,1.2293,1.222,1.1945,1.1678,1.1486,1.1367,1.13,1.1263,1.124,1.1221,1.0675,1.0672,1.034,0.9623,0.984,1.1128,1.2479,1.3406,1.304,1.2604,1.0617,0.9219,0.8939,0.9662,0.8752,0.7223,0.6382,0.5785,0.581,0.6562,0.7418,0.8327,0.958,1.1516,1.391,1.5482,1.5353,1.4339,1.3352,1.2657,1.2223,1.1965,1.1814,1.172,1.1652,1.1594,1.0554,1.0554,1.0456,1.0375,1.0738,1.178,1.3377,1.4947,1.3889,1.1767,1.0055,0.8908,0.847,1.0033,0.8957,0.6219,0.5496,0.4595,0.4718,0.6598,0.7858,0.9049,1.0831,1.3959,1.8505,2.1121,1.9323,1.652,1.4589,1.3467,1.284,1.2493,1.2293,1.2166,1.2066,1.1973,1.0514,1.0561,1.0612,1.0755,1.1145,1.1904,1.3012,1.4061,1.3361,1.1312,0.981,0.8809,0.8019,0.2613,0.5552,0.2792,0.3856,0.5145,0.574,0.7251,0.8296,0.9407,1.1459,1.5534,2.2562,2.66,2.2338,1.7793,1.5252,1.3946,1.3277,1.2931,1.2739,1.2608,1.2488,1.2363,1.0508,1.0582,1.0685,1.086,1.1163,1.1611,1.2118,1.2353,1.1799,1.0771,1.007,0.9518,0.7566,0.5873,0.5065,0.2026,0.343,0.586,0.7642,0.8317,0.8047,0.871,1.1011,1.4809,2.0448,2.3695,2.073,1.7165,1.5093,1.4041,1.3535,1.3303,1.3182,1.3075,1.2939,1.2774,1.051,1.0589,1.0693,1.0839,1.1034,1.1256,1.1422,1.1376,1.1022,1.0549,1.0263,1.1954,1.0685,0.8458,0.7257,0.5686,0.5216,0.8236,1.0556,0.9354,0.4822,0.5988,0.9974,1.3121,1.5953,1.7457,1.6747,1.5353,1.4378,1.388,1.3701,1.3686,1.3692,1.3619,1.3448,1.3216,1.0513,1.0586,1.0675,1.0781,1.0898,1.1001,1.1044,1.0976,1.0797,1.0597,1.0446,1.1299,1.334,1.4003,1.0413,0.9447,1.0559,1.4764,1.7988,1.3323,0.4689,0.6062,1.0223,1.2364,1.3499,1.3874,1.375,1.3599,1.3579,1.3683,1.3914,1.4206,1.4385,1.4315,1.4042,1.3688,1.0518,1.0583,1.0654,1.0731,1.0805,1.0862,1.0881,1.0854,1.0804,1.08,1.0984,1.1759,1.4066,1.4599,1.2471,1.2608,1.514,2.4459,3.3944,2.2269,1.4052,1.1755,1.2191,1.2571,1.2348,1.1609,1.14,1.2138,1.2954,1.3609,1.4282,1.4993,1.5384,1.5205,1.47,1.4154,1.0528,1.0584,1.0644,1.0705,1.0761,1.0807,1.0836,1.0855,1.0888,1.0989,1.1246,1.1794,1.2592,1.3012,1.3597,1.4074,1.656,2.4637,3.067,2.5772,1.9914,1.5871,1.4101,1.3077,1.1633,0.9212,0.867,1.1022,1.2695,1.3713,1.4744,1.5959,1.6572,1.6111,1.5269,1.452,1.0543,1.0595,1.0649,1.0703,1.0756,1.0805,1.0853,1.0909,1.0993,1.1139,1.1392,1.1787,1.2297,1.2903,1.371,1.4293,1.6605,2.1662,2.7888,3.002,2.2554,1.7661,1.5267,1.3726,1.1917,0.8979,0.8316,1.1635,1.3142,1.3966,1.4969,1.6353,1.705,1.6439,1.5474,1.4668,1.0564,1.0614,1.0667,1.0721,1.0777,1.0835,1.0901,1.0984,1.1099,1.1267,1.1514,1.186,1.2316,1.2908,1.3643,1.4619,1.6555,1.9927,2.4153,2.514,2.0991,1.7609,1.5886,1.4587,1.3401,1.3035,1.4678,1.4586,1.4157,1.4298,1.4824,1.5706,1.623,1.5901,1.5218,1.4569,1.0591,1.0641,1.0695,1.0752,1.0813,1.0882,1.0964,1.1065,1.1199,1.138,1.1625,1.1952,1.2379,1.2928,1.3635,1.4606,1.605,1.7979,1.9741,1.9931,1.8354,1.7001,1.6485,1.5467,1.4585,1.5072,1.6831,1.5876,1.4807,1.4609,1.4665,1.497,1.5218,1.5117,1.4755,1.4323,1.0622,1.0674,1.0729,1.079,1.0858,1.0937,1.1029,1.1144,1.1289,1.1477,1.1719,1.2031,1.2428,1.2929,1.3562,1.4371,1.5383,1.6487,1.7322,1.7456,1.701,1.689,1.6975,1.5948,1.5041,1.5046,1.5465,1.518,1.4977,1.4854,1.464,1.4597,1.4621,1.4545,1.4336,1.4053,1.0655,1.0709,1.0768,1.0833,1.0907,1.0992,1.1093,1.1216,1.1367,1.1556,1.1791,1.2085,1.2447,1.2891,1.3429,1.4067,1.4782,1.5483,1.6006,1.6235,1.6284,1.6431,1.6386,1.5707,1.5043,1.4821,1.4849,1.4871,1.4981,1.4871,1.4593,1.4408,1.4302,1.4189,1.4026,1.3818]}]