docs/data/wind_grid.json
[{"header":{"la1":42.85,"la2":41.18,"lo1":11.55,"lo2":14.05,"nx":36,"ny":24,"dx":0.07143,"dy":0.07261,"parameterCategory":2,"parameterNumber":2,"parameterNumberName":"eastward_wind","parameterUnit":"m.s-1"},"data":[3.4416,3.4394,3.4327,3.4214,3.4056,3.3858,3.3621,3.3345,3.3024,3.2659,3.2253,3.1818,3.1362,3.0893,3.0419,2.9947,2.9489,2.9066,2.8695,2.8393,2.8163,2.8,2.7892,2.7824,2.7779,2.7745,2.7714,2.7683,2.765,2.7616,2.7582,2.7549,2.7518,2.749,2.7466,2.7447,3.4803,3.4804,3.4748,3.4632,3.4462,3.4248,3.3996,3.3702,3.3351,3.2938,3.2468,3.1962,3.1435,3.0897,3.0348,2.9796,2.9254,2.8751,2.8324,2.7996,2.7771,2.7632,2.7558,2.7524,2.751,2.75,2.7486,2.7467,2.7441,2.7412,2.7381,2.7351,2.7323,2.7298,2.7278,2.7262,3.5256,3.5294,3.5255,3.5133,3.4941,3.4704,3.4443,3.4144,3.377,3.3294,3.2734,3.2133,3.152,3.0902,3.027,2.9619,2.8961,2.8344,2.7839,2.7498,2.7312,2.723,2.7208,2.7217,2.7235,2.7247,2.7248,2.7237,2.7216,2.7191,2.7163,2.7135,2.711,2.7089,2.7072,2.706,3.5793,3.5893,3.5885,3.5751,3.5513,3.5234,3.4972,3.4712,3.434,3.3771,3.3062,3.2323,3.1609,3.091,3.0193,2.9425,2.8601,2.7795,2.7166,2.6856,2.6815,2.6868,2.691,2.694,2.697,2.6992,2.6999,2.699,2.6972,2.6947,2.6922,2.6897,2.6875,2.6858,2.6845,2.6839,3.6433,3.6645,3.6705,3.6553,3.6214,3.583,3.558,3.5476,3.5193,3.4442,3.3446,3.2505,3.1681,3.0919,3.0134,2.9244,2.8188,2.7027,2.6118,2.593,2.6337,2.6754,2.6809,2.6738,2.6721,2.6729,2.6731,2.6719,2.6698,2.6675,2.6651,2.6631,2.6614,2.6601,2.6594,2.6594,3.7184,3.7606,3.7833,3.7683,3.7132,3.6477,3.6188,3.6498,3.6559,3.5344,3.3793,3.26,3.1702,3.0921,3.0118,2.9149,2.7833,2.6047,2.4338,2.4332,2.5694,2.6838,2.6829,2.6527,2.6442,2.6434,2.6425,2.6406,2.6382,2.636,2.6343,2.6329,2.632,2.6315,2.6315,2.6322,3.8014,3.8803,3.9438,3.9423,3.8464,3.7179,3.6551,3.7314,3.7995,3.5921,3.3774,3.2486,3.1631,3.0904,3.015,2.9224,2.7829,2.5508,2.2583,2.2687,2.4525,2.5652,2.6033,2.6019,2.6048,2.6067,2.6052,2.6024,2.6,2.5988,2.5983,2.5984,2.5986,2.5991,2.6001,2.6017,3.8787,4.0088,4.1569,4.2138,4.0427,3.7978,3.6464,3.6419,3.6555,3.4712,3.3025,3.211,3.1476,3.0843,3.0155,2.9415,2.8352,2.6464,2.416,2.3474,2.2742,2.3053,2.445,2.5239,2.5538,2.5597,2.5566,2.5531,2.5521,2.5536,2.5561,2.5586,2.5607,2.5625,2.5646,2.5673,3.926,4.0914,4.3263,4.4935,4.2173,3.8601,3.6128,3.4561,3.3279,3.2111,3.1683,3.1592,3.1325,3.0731,2.9878,2.931,2.8992,2.7994,2.6237,2.3579,1.9041,1.9889,2.3195,2.4617,2.4991,2.4973,2.4886,2.4857,2.4902,2.4982,2.5064,2.5129,2.5175,2.5208,2.5241,2.5281,3.9278,4.0786,4.258,4.3532,4.1756,3.8735,3.5789,3.2937,2.9532,2.8126,2.991,3.1172,3.1359,3.0726,2.8937,2.7964,2.9334,2.9404,2.8086,2.5166,2.1178,2.1374,2.3564,2.4398,2.4328,2.4013,2.3836,2.3892,2.4088,2.431,2.449,2.4611,2.4684,2.4731,2.4774,2.4828,3.8953,4.0217,4.168,4.3298,4.2646,3.8948,3.5889,3.2631,2.4991,2.1185,2.8436,3.1223,3.1742,3.1353,2.9492,2.8113,3.0288,3.1192,3.0572,2.8443,2.5997,2.4926,2.472,2.4125,2.3093,2.2248,2.2081,2.2477,2.3045,2.3528,2.3853,2.4036,2.4127,2.4177,2.4225,2.4294,3.8415,3.9495,4.0952,4.2777,4.2043,3.8586,3.6759,3.5906,3.0568,2.6156,3.014,3.1958,3.2328,3.2421,3.1624,3.1293,3.2285,3.4309,3.4287,3.1491,2.8798,2.6859,2.519,2.3045,2.0419,1.8737,1.9088,2.05,2.1824,2.2708,2.3194,2.3412,2.3488,2.3516,2.356,2.365,3.7723,3.8487,3.9333,3.9891,3.9192,3.7791,3.7698,3.8022,3.7791,3.3386,3.2599,3.2809,3.2797,3.2242,3.1612,3.2064,3.3427,3.9262,3.9313,3.339,2.986,2.7386,2.4857,2.1006,1.5409,1.217,1.4565,1.8243,2.0707,2.2007,2.2571,2.2732,2.272,2.2689,2.2723,2.285,3.6983,3.7433,3.7796,3.7867,3.7507,3.7154,3.7644,3.9311,3.807,3.4839,3.3614,3.3216,3.3173,3.377,3.238,3.1094,3.264,3.6126,3.6427,3.2491,2.9219,2.686,2.4331,1.9472,1.0479,0.5138,1.0902,1.7011,2.0244,2.1623,2.2013,2.1932,2.1717,2.1581,2.1618,2.1828,3.6301,3.6546,3.6691,3.6672,3.6514,3.6418,3.6583,3.6717,3.5894,3.4632,3.4111,3.4088,3.4082,3.4842,3.277,3.1078,3.6372,3.4226,3.2829,2.9929,2.6498,2.5023,2.4045,2.0592,1.3586,0.9232,1.3439,1.834,2.0841,2.1617,2.143,2.0833,2.0258,1.9988,2.0096,2.05,3.572,3.5852,3.5909,3.5877,3.5782,3.5688,3.5603,3.5381,3.4883,3.437,3.4132,3.5566,3.5048,3.4305,3.3562,3.389,3.5676,3.362,3.1348,2.7114,2.0376,2.1244,2.3821,2.3108,2.0422,1.8669,1.9773,2.1531,2.223,2.1787,2.0558,1.9062,1.7927,1.7571,1.7958,1.8782,3.5237,3.5309,3.5327,3.5289,3.5208,3.5099,3.4955,3.4741,3.4474,3.427,3.4189,3.4795,3.5559,3.5695,3.4163,3.3691,3.3466,3.2536,3.104,2.7162,1.9505,2.0911,2.4563,2.5414,2.5215,2.5203,2.5386,2.5024,2.3841,2.1811,1.8997,1.5992,1.4023,1.3852,1.5019,1.6669,3.4836,3.4874,3.4872,3.4832,3.4758,3.4656,3.4529,3.4382,3.4249,3.4196,3.4285,3.4629,3.5553,3.5684,3.4365,3.3799,3.3078,3.2242,3.199,3.0102,2.6747,2.5814,2.6718,2.7581,2.8761,3.046,3.0714,2.8515,2.5368,2.1521,1.6456,1.0867,0.7686,0.8501,1.1387,1.4384,3.4499,3.4517,3.4505,3.4466,3.4401,3.4316,3.4218,3.4122,3.4052,3.4041,3.4114,3.4295,3.4534,3.4493,3.4536,3.4652,3.3303,3.2398,3.2209,3.1945,3.027,2.8931,2.8683,2.933,3.1518,3.5935,3.6868,3.158,2.6455,2.1104,1.3562,0.4229,-0.0423,0.2651,0.8063,1.2555,3.421,3.4216,3.42,3.4162,3.4107,3.4038,3.3964,3.3896,3.3849,3.3836,3.3863,3.3923,3.3974,3.401,3.4284,3.4309,3.328,3.2681,3.3357,3.3875,3.1745,3.0332,2.9828,3.0152,3.2057,3.6773,3.7869,3.1295,2.6379,2.1053,1.2798,0.1563,-0.3844,0.0528,0.7021,1.2021,3.3959,3.3957,3.3939,3.3904,3.3856,3.3799,3.3739,3.3683,3.3639,3.3612,3.3602,3.3597,3.3587,3.358,3.3585,3.34,3.2916,3.2598,3.2833,3.2822,3.1726,3.0871,3.0453,3.0234,3.0506,3.0693,2.858,2.7561,2.5243,2.1431,1.5414,0.716,0.2529,0.4656,0.9142,1.3088,3.3736,3.373,3.3709,3.3676,3.3633,3.3583,3.3529,3.3477,3.343,3.3388,3.3349,3.3307,3.3254,3.3183,3.3071,3.2858,3.2551,3.2285,3.2131,3.1867,3.142,3.1301,3.1206,3.0371,2.9345,2.7868,2.6193,2.5836,2.3368,2.1308,1.847,1.4107,1.0926,1.0886,1.2819,1.5155,3.3537,3.3526,3.3504,3.3472,3.3431,3.3384,3.3332,3.3279,3.3225,3.317,3.3111,3.3043,3.2958,3.2847,3.2695,3.2486,3.2229,3.1965,3.1711,3.1446,3.1299,3.1661,3.1839,3.0591,2.8981,2.7406,2.5985,2.3524,1.9964,2.0143,1.9953,1.8129,1.6284,1.5659,1.6223,1.7379,3.3355,3.334,3.3317,3.3284,3.3244,3.3197,3.3145,3.3088,3.3028,3.2962,3.2888,3.28,3.2695,3.2563,3.2397,3.2191,3.1951,3.1692,3.1429,3.1191,3.1086,3.1234,3.1155,3.0179,2.8722,2.7136,2.5251,2.2296,1.9514,1.9984,2.0632,2.0098,1.9196,1.8682,1.8767,1.9297]},{"header":{"la1":42.85,"la2":41.18,"lo1":11.55,"lo2":14.05,"nx":36,"ny":24,"dx":0.07143,"dy":0.07261,"parameterCategory":2,"parameterNumber":3,"parameterNumberName":"northward_wind","parameterUnit":"m.s-1"},"data":[1.087,1.0776,1.07,1.0643,1.0612,1.0617,1.0677,1.0818,1.1059,1.1396,1.1801,1.2231,1.2645,1.3015,1.3325,1.3572,1.3758,1.3888,1.397,1.4014,1.4039,1.4063,1.4102,1.4166,1.426,1.438,1.4519,1.4669,1.4824,1.4978,1.5125,1.5263,1.539,1.5506,1.5611,1.5704,1.0554,1.0424,1.0311,1.0213,1.0129,1.0071,1.0069,1.0178,1.0445,1.0878,1.1424,1.2001,1.254,1.3001,1.3372,1.3654,1.3854,1.3982,1.4043,1.4052,1.4032,1.4017,1.4033,1.4091,1.4194,1.4335,1.4501,1.468,1.4862,1.5038,1.5204,1.5357,1.5496,1.562,1.573,1.5827,1.02,1.0026,0.9869,0.9721,0.9566,0.9398,0.926,0.9262,0.954,1.0127,1.0912,1.1723,1.2443,1.3023,1.3463,1.3783,1.4001,1.4129,1.4165,1.4115,1.402,1.3945,1.3929,1.3983,1.4103,1.4276,1.4481,1.4699,1.4914,1.5117,1.5304,1.5472,1.5622,1.5754,1.5869,1.5968,0.9799,0.957,0.9365,0.917,0.8931,0.859,0.8164,0.7875,0.8097,0.8975,1.021,1.141,1.2383,1.3106,1.3619,1.3972,1.4214,1.4365,1.439,1.4244,1.4004,1.3839,1.3793,1.3842,1.3987,1.4207,1.4467,1.4735,1.499,1.5224,1.5433,1.5616,1.5775,1.5913,1.6031,1.6131,0.9342,0.9035,0.8778,0.8556,0.8265,0.77,0.6716,0.5651,0.5602,0.7143,0.9299,1.1125,1.2422,1.3293,1.3862,1.4233,1.4504,1.475,1.4872,1.4573,1.3995,1.3731,1.3688,1.369,1.3852,1.414,1.4474,1.4805,1.5107,1.5372,1.56,1.5796,1.5962,1.6102,1.622,1.6318,0.8819,0.8387,0.8046,0.784,0.7625,0.6932,0.5101,0.218,0.1197,0.4462,0.8404,1.1055,1.266,1.364,1.4231,1.4572,1.4837,1.5301,1.597,1.5521,1.401,1.3692,1.3648,1.3493,1.3695,1.4094,1.4531,1.4936,1.5285,1.5577,1.5819,1.602,1.6187,1.6326,1.6441,1.6535,0.8241,0.7596,0.7061,0.687,0.6991,0.6635,0.4401,-0.0853,-0.3584,0.261,0.8397,1.15,1.3193,1.4206,1.4797,1.5042,1.5129,1.5635,1.7306,1.6882,1.341,1.2636,1.2823,1.3008,1.3503,1.4113,1.4684,1.5165,1.5552,1.5857,1.6101,1.6297,1.6458,1.6591,1.6699,1.6784,0.768,0.6729,0.5781,0.5406,0.6143,0.686,0.5928,0.2503,0.0882,0.5709,1.0136,1.2562,1.4008,1.5031,1.5725,1.587,1.5481,1.518,1.5491,1.3855,0.9103,0.8501,1.0602,1.2207,1.3371,1.4291,1.5007,1.5545,1.5941,1.6233,1.6457,1.6635,1.678,1.69,1.6997,1.7071,0.7271,0.6069,0.4745,0.4013,0.523,0.7192,0.836,0.8535,0.9209,1.107,1.269,1.3856,1.4902,1.6072,1.7377,1.7689,1.6355,1.4798,1.3149,0.9218,0.1603,0.2965,0.8617,1.1785,1.3599,1.4793,1.5604,1.6139,1.6486,1.6721,1.6895,1.7036,1.7157,1.7259,1.7341,1.74,0.7114,0.5791,0.4478,0.3872,0.4484,0.7364,1.0299,1.2409,1.4377,1.531,1.4851,1.4885,1.557,1.6954,2.009,2.1725,1.7679,1.4798,1.2657,0.9337,0.4381,0.5077,0.9439,1.2532,1.4516,1.5817,1.6601,1.7014,1.7213,1.7323,1.7411,1.75,1.759,1.7672,1.7738,1.7779,0.7235,0.5711,0.3407,-0.0352,0.0742,0.731,1.2026,1.4754,1.7642,1.898,1.6152,1.5385,1.5857,1.692,1.9695,2.1791,1.7091,1.407,1.246,1.1232,0.9943,1.0195,1.2132,1.4361,1.6279,1.7588,1.8165,1.8234,1.8122,1.8021,1.7988,1.8017,1.808,1.8148,1.8199,1.822,0.7715,0.6241,0.3803,0.0308,0.1758,0.8984,1.4223,1.6657,1.7156,1.7565,1.5836,1.5309,1.5956,1.7129,1.7074,1.6564,1.455,1.1497,1.0547,1.1629,1.2353,1.3153,1.4603,1.67,1.9022,2.0503,2.0517,1.9808,1.9146,1.8751,1.8591,1.8579,1.8638,1.8706,1.8746,1.8742,0.8545,0.7564,0.6348,0.5596,0.7412,1.1696,1.5756,1.9056,1.67,1.5665,1.492,1.48,1.5388,1.737,1.673,1.5001,1.309,0.6633,0.6357,1.1301,1.3476,1.4827,1.6448,1.9122,2.2941,2.5135,2.3695,2.149,2.0079,1.9401,1.9176,1.9188,1.929,1.9383,1.9416,1.9373,0.9512,0.9061,0.8773,0.9092,1.055,1.2903,1.5176,1.621,1.5785,1.4613,1.4,1.4335,1.4511,1.3982,1.4707,1.416,1.3663,1.0372,0.9581,1.2751,1.4851,1.618,1.768,2.0714,2.6339,2.9658,2.6131,2.2453,2.0576,1.9847,1.9726,1.9884,2.0105,2.0253,2.0269,2.0156,1.0399,1.0279,1.0374,1.0863,1.1836,1.3099,1.4211,1.4692,1.4229,1.3077,1.2267,1.2822,1.3363,1.2841,1.3996,1.408,1.4614,1.3933,1.394,1.5362,1.6989,1.7704,1.8339,2.0424,2.4611,2.7216,2.4712,2.1824,2.041,2.0058,2.03,2.0785,2.1231,2.1452,2.1403,2.1145,1.1115,1.1149,1.1346,1.1757,1.2365,1.303,1.3518,1.3565,1.2922,1.1237,0.808,1.127,1.2276,1.3104,1.3769,1.4348,1.478,1.5285,1.6315,1.777,1.9846,1.9526,1.8702,1.9247,2.0767,2.1742,2.1077,2.0074,1.9753,2.0159,2.1067,2.2137,2.2944,2.3205,2.2949,2.2392,1.1661,1.1751,1.1944,1.2245,1.2615,1.2961,1.3146,1.3012,1.2372,1.0903,0.8598,1.0507,1.1827,1.2071,1.3375,1.4324,1.5486,1.7559,1.9441,1.9496,2.0402,1.9899,1.8665,1.8223,1.8153,1.7987,1.7811,1.8078,1.8921,2.0336,2.2281,2.4354,2.5711,2.583,2.5029,2.3898,1.2075,1.2174,1.2334,1.2546,1.2773,1.2955,1.3015,1.2868,1.2447,1.1775,1.1287,1.1669,1.1902,1.2022,1.2882,1.3732,1.6217,2.1311,2.5697,2.1659,1.9881,1.9101,1.8192,1.7278,1.612,1.4708,1.4435,1.5926,1.8068,2.0676,2.4121,2.7934,3.0107,2.9545,2.7563,2.5506,1.2393,1.2485,1.2612,1.2761,1.2907,1.3012,1.3034,1.2939,1.2726,1.2465,1.2331,1.2425,1.2546,1.256,1.1525,1.1017,1.5585,2.1055,2.4245,2.2498,2.0437,1.8861,1.7696,1.6452,1.4365,1.0883,1.0144,1.3917,1.7446,2.105,2.6149,3.25,3.5674,3.3569,2.9864,2.6789,1.2645,1.2726,1.2827,1.2937,1.3039,1.3111,1.3133,1.3096,1.3011,1.2924,1.2899,1.2958,1.3028,1.2892,1.1979,1.193,1.5451,1.9474,2.3168,2.4328,2.0869,1.8538,1.7182,1.6026,1.4088,1.0317,0.9458,1.4269,1.7605,2.1123,2.668,3.4323,3.8012,3.5026,3.0591,2.7174,1.2852,1.2923,1.3006,1.3093,1.3173,1.3235,1.3269,1.3275,1.3264,1.3263,1.3297,1.3374,1.3467,1.3506,1.3525,1.4166,1.6044,1.8592,2.1167,2.1764,1.9507,1.7358,1.6272,1.5845,1.5309,1.5054,1.6753,1.7279,1.844,2.0802,2.4848,3.0488,3.3658,3.2209,2.9151,2.6461,1.3029,1.3092,1.3164,1.3238,1.3309,1.3369,1.3417,1.3453,1.3488,1.3535,1.361,1.3721,1.3868,1.4064,1.4394,1.5071,1.6217,1.7608,1.8717,1.8713,1.723,1.5132,1.4449,1.5311,1.6112,1.7242,1.8787,1.8589,1.9384,2.0545,2.2583,2.5673,2.7901,2.7953,2.6649,2.5065,1.3183,1.3242,1.3307,1.3374,1.3441,1.3505,1.3564,1.3622,1.3686,1.3764,1.3868,1.4007,1.4194,1.4451,1.4827,1.5384,1.6115,1.6866,1.7321,1.7076,1.5794,1.3658,1.3085,1.4783,1.6252,1.7396,1.8322,1.9303,2.068,2.072,2.1309,2.2821,2.4205,2.4689,2.4334,2.3563,1.332,1.3376,1.3438,1.3503,1.3569,1.3637,1.3705,1.3778,1.386,1.3958,1.408,1.4236,1.4438,1.47,1.5042,1.5473,1.5958,1.6392,1.66,1.6382,1.5593,1.4474,1.4202,1.5197,1.638,1.7404,1.8401,1.9702,2.0843,2.072,2.0763,2.1431,2.2201,2.263,2.2613,2.2274]}]