docs/data/wind_grid.json
[{"header":{"la1":42.85,"la2":41.18,"lo1":11.55,"lo2":14.05,"nx":36,"ny":24,"dx":0.07143,"dy":0.07261,"parameterCategory":2,"parameterNumber":2,"parameterNumberName":"eastward_wind","parameterUnit":"m.s-1"},"data":[0.5021,0.4596,0.4099,0.3545,0.2967,0.2424,0.1992,0.1755,0.1766,0.2027,0.2481,0.304,0.3615,0.4143,0.4588,0.4935,0.5188,0.5357,0.5461,0.5516,0.5536,0.5527,0.5493,0.5436,0.5362,0.5275,0.5182,0.5089,0.4999,0.4916,0.4842,0.4777,0.4722,0.4677,0.4639,0.4609,0.5125,0.4617,0.399,0.3252,0.2436,0.162,0.0931,0.0524,0.0518,0.0925,0.1633,0.2472,0.3294,0.4009,0.4579,0.4997,0.5278,0.5447,0.5538,0.5579,0.5589,0.5572,0.5529,0.5458,0.5365,0.5258,0.5144,0.5033,0.4928,0.4835,0.4755,0.4687,0.4632,0.4588,0.4553,0.4526,0.5332,0.4742,0.3969,0.2995,0.1839,0.0587,-0.0564,-0.1312,-0.1371,-0.0695,0.0467,0.1765,0.295,0.3912,0.4629,0.5117,0.5408,0.5549,0.5601,0.5617,0.5621,0.5607,0.5559,0.5474,0.5358,0.5224,0.5086,0.4953,0.4833,0.473,0.4645,0.4576,0.4523,0.4483,0.4453,0.4432,0.5687,0.5039,0.4121,0.2872,0.1254,-0.0684,-0.2685,-0.4162,-0.4381,-0.3157,-0.1127,0.0933,0.2634,0.3902,0.4777,0.5318,0.5579,0.5636,0.5599,0.5579,0.5602,0.5618,0.558,0.5481,0.5336,0.5167,0.4997,0.4839,0.4703,0.4592,0.4505,0.444,0.4393,0.436,0.4338,0.4325,0.6246,0.5594,0.4577,0.3058,0.0886,-0.2047,-0.5578,-0.8701,-0.9403,-0.6928,-0.3171,0.0096,0.2454,0.4051,0.5071,0.5631,0.5796,0.5652,0.5415,0.5359,0.5488,0.5603,0.5598,0.548,0.5291,0.5074,0.4862,0.4676,0.4525,0.441,0.4328,0.4272,0.4237,0.4218,0.4208,0.4207,0.7062,0.6509,0.5508,0.3824,0.1145,-0.294,-0.8802,-1.5416,-1.7536,-1.2105,-0.5215,-0.0409,0.2582,0.4447,0.5573,0.6114,0.61,0.5557,0.487,0.4823,0.5277,0.5595,0.5631,0.5468,0.5207,0.4921,0.4657,0.4441,0.4281,0.4172,0.4106,0.407,0.4055,0.4055,0.4063,0.4077,0.8172,0.7884,0.7109,0.55,0.2605,-0.2208,-0.998,-2.0843,-2.54,-1.5581,-0.5725,-0.008,0.3161,0.5153,0.6353,0.6873,0.6669,0.5635,0.4267,0.4299,0.5221,0.5709,0.5709,0.5436,0.5055,0.4669,0.4343,0.4102,0.3947,0.3863,0.3829,0.3828,0.3845,0.3872,0.3903,0.3936,0.9568,0.9782,0.9571,0.8415,0.5712,0.1047,-0.5976,-1.4973,-1.8473,-1.1005,-0.3518,0.1143,0.4122,0.6152,0.75,0.8075,0.7788,0.6684,0.5286,0.5146,0.5813,0.6065,0.5835,0.5342,0.4771,0.425,0.3855,0.3608,0.3491,0.3464,0.3492,0.3547,0.361,0.3673,0.3733,0.3787,1.1147,1.2156,1.3034,1.2919,1.0603,0.6102,0.071,-0.4186,-0.6202,-0.444,-0.0969,0.245,0.513,0.7292,0.9154,0.9963,0.9453,0.8534,0.7607,0.7125,0.6963,0.6606,0.5942,0.5097,0.4244,0.3544,0.3092,0.2891,0.2874,0.2963,0.3094,0.323,0.3355,0.3463,0.3555,0.3634,1.2643,1.4659,1.7308,1.937,1.7406,1.1518,0.5982,0.1155,-0.3763,-0.5099,-0.0935,0.3175,0.5829,0.8083,1.1311,1.2801,1.1125,1.0365,0.9848,0.9117,0.8222,0.7158,0.591,0.4553,0.3282,0.2345,0.1889,0.1853,0.2062,0.2357,0.2647,0.2895,0.3094,0.3252,0.3378,0.3481,1.3632,1.6406,2.0779,2.5953,2.4526,1.5715,0.9985,0.464,-0.8433,-1.4606,-0.2218,0.384,0.6107,0.7507,1.0746,1.2917,1.1825,1.2458,1.2572,1.1303,0.9488,0.7599,0.5616,0.3512,0.1555,0.0281,-0.002,0.0385,0.1044,0.1677,0.2186,0.2568,0.2847,0.3053,0.3208,0.3332,1.3786,1.6457,2.0527,2.5119,2.3649,1.6507,1.409,1.3708,0.2804,-0.578,0.1382,0.52,0.6133,0.5476,0.6972,0.9994,1.2819,1.6961,1.7609,1.4088,1.0655,0.782,0.4997,0.1775,-0.1471,-0.3311,-0.2994,-0.1555,-0.0096,0.1014,0.178,0.2293,0.2638,0.2877,0.3052,0.3189,1.3199,1.509,1.7381,1.9013,1.7845,1.5582,1.6776,2.0836,1.6241,0.7645,0.5989,0.6228,0.6554,0.4941,0.6041,0.994,1.4806,2.4605,2.4642,1.6187,1.1134,0.7716,0.4225,-0.05,-0.6228,-0.9137,-0.7065,-0.3634,-0.1066,0.0547,0.1524,0.2117,0.2487,0.2732,0.291,0.3052,1.2279,1.3407,1.4463,1.4955,1.4607,1.4438,1.5891,1.8291,1.5976,1.0145,0.7613,0.5949,0.6103,1.2769,0.9727,1.2061,1.5848,2.0304,2.0347,1.4482,1.0352,0.7411,0.3897,-0.1876,-1.0391,-1.4694,-1.0104,-0.4679,-0.1349,0.0489,0.1502,0.2068,0.2398,0.2611,0.2773,0.2913,1.1357,1.2006,1.2524,1.2761,1.2768,1.2922,1.3472,1.3686,1.1994,0.9364,0.8065,0.7945,0.9694,1.286,1.1295,1.5943,2.2004,1.6489,1.3758,1.1095,0.9146,0.7474,0.4549,-0.0485,-0.763,-1.1433,-0.7914,-0.3395,-0.0584,0.0933,0.1723,0.2123,0.2338,0.2484,0.2619,0.2759,1.0559,1.0945,1.123,1.1373,1.1412,1.1435,1.1393,1.0945,0.9799,0.8405,0.7418,0.8473,0.8895,0.9974,1.046,1.4419,1.8652,1.3382,0.9866,0.8743,0.9327,0.8512,0.5625,0.2113,-0.1537,-0.3451,-0.2446,-0.0493,0.0936,0.1726,0.2079,0.2192,0.2227,0.2291,0.2412,0.2574,0.9898,1.0134,1.0296,1.0368,1.0355,1.0259,1.0025,0.9547,0.8815,0.8028,0.745,0.7864,0.7693,0.7456,0.7971,0.8894,0.9437,0.7175,0.5188,0.6379,0.9175,0.8389,0.5734,0.3624,0.2224,0.1765,0.2029,0.2394,0.2585,0.2573,0.2383,0.2115,0.1935,0.1948,0.2116,0.2346,0.9349,0.9493,0.9579,0.9596,0.9538,0.9394,0.9141,0.8761,0.8296,0.7861,0.7583,0.7412,0.7024,0.654,0.426,0.3043,0.398,0.2015,-0.0546,0.2616,0.5117,0.5502,0.4622,0.3978,0.4141,0.4954,0.5295,0.475,0.4,0.3257,0.2467,0.1713,0.1309,0.1393,0.1729,0.2096,0.8888,0.8972,0.9008,0.8988,0.8904,0.8751,0.8522,0.8223,0.7883,0.7547,0.7221,0.6799,0.6025,0.3897,-0.2586,-0.5143,0.053,0.0934,-0.0262,0.0429,0.196,0.2847,0.3067,0.3643,0.5213,0.7446,0.7958,0.6523,0.5072,0.3731,0.234,0.1001,0.0411,0.0749,0.1365,0.1894,0.8496,0.8538,0.854,0.8496,0.84,0.8249,0.8043,0.7786,0.7491,0.7159,0.6753,0.6147,0.5027,0.256,-0.2154,-0.3641,-0.0058,0.0698,-0.0997,-0.1789,-0.0035,0.0474,0.0884,0.2443,0.52,0.8021,0.8575,0.7461,0.5788,0.4057,0.235,0.0695,0.0019,0.0515,0.1253,0.1838,0.8157,0.817,0.8149,0.8089,0.7986,0.7838,0.7645,0.7408,0.7124,0.678,0.6331,0.5678,0.4642,0.3009,0.1075,0.0347,0.0882,0.0734,-0.0401,-0.1051,-0.1572,-0.3273,-0.3489,-0.0464,0.3934,0.7734,1.0347,0.9121,0.6153,0.4087,0.2646,0.138,0.0763,0.0989,0.1499,0.1962,0.7862,0.7853,0.7815,0.7744,0.7636,0.749,0.7304,0.7075,0.6796,0.645,0.6005,0.5405,0.459,0.3567,0.2556,0.1914,0.1551,0.0955,-0.0055,-0.1558,-0.4918,-1.0955,-1.2518,-0.5739,0.1802,0.7847,1.2494,0.9767,0.4823,0.313,0.2616,0.2086,0.1702,0.1689,0.1913,0.2195,0.7602,0.7577,0.7526,0.7447,0.7335,0.719,0.7007,0.6784,0.6512,0.6178,0.5762,0.524,0.4601,0.3876,0.3155,0.2515,0.1881,0.104,-0.0277,-0.2692,-0.7879,-1.6737,-1.9226,-0.9745,-0.0626,0.5094,0.7565,0.5004,0.0978,0.126,0.2096,0.2276,0.2203,0.2183,0.2276,0.2435,0.737,0.7333,0.7273,0.7188,0.7073,0.6928,0.6749,0.6532,0.6271,0.5955,0.5576,0.5123,0.4596,0.4014,0.3404,0.2771,0.2049,0.1095,-0.0351,-0.2797,-0.7014,-1.2387,-1.3487,-0.79,-0.1547,0.2542,0.394,0.2498,0.0428,0.0863,0.1839,0.2282,0.2409,0.2457,0.2527,0.2631]},{"header":{"la1":42.85,"la2":41.18,"lo1":11.55,"lo2":14.05,"nx":36,"ny":24,"dx":0.07143,"dy":0.07261,"parameterCategory":2,"parameterNumber":3,"parameterNumberName":"northward_wind","parameterUnit":"m.s-1"},"data":[0.8853,0.8297,0.7673,0.6995,0.6298,0.5639,0.5099,0.4765,0.469,0.4871,0.5239,0.5693,0.614,0.6519,0.6801,0.6988,0.7103,0.718,0.7261,0.7381,0.7557,0.7785,0.8047,0.8325,0.8602,0.8871,0.9129,0.9376,0.9613,0.9843,1.0065,1.0282,1.0491,1.0693,1.0887,1.1072,0.8815,0.8164,0.7398,0.6524,0.5573,0.4623,0.3808,0.3293,0.3204,0.3542,0.4174,0.4905,0.5575,0.6096,0.6445,0.6635,0.6705,0.6716,0.6743,0.6847,0.7054,0.7346,0.7682,0.8028,0.836,0.867,0.8959,0.9231,0.949,0.9739,0.9981,1.0217,1.0445,1.0665,1.0875,1.1074,0.8864,0.8117,0.7193,0.607,0.4759,0.3346,0.2035,0.1157,0.1018,0.1658,0.2778,0.3977,0.4983,0.5695,0.6113,0.6277,0.625,0.6128,0.6044,0.612,0.6394,0.6804,0.7263,0.7705,0.8105,0.8461,0.8781,0.9077,0.9357,0.9628,0.9892,1.015,1.0399,1.0639,1.0868,1.1084,0.9038,0.8215,0.7135,0.5727,0.3936,0.1795,-0.0435,-0.2105,-0.2401,-0.1135,0.094,0.2933,0.4424,0.5363,0.5836,0.5931,0.5725,0.5343,0.5032,0.5068,0.5501,0.6144,0.6799,0.7372,0.7849,0.8247,0.8594,0.8909,0.921,0.9504,0.9793,1.0077,1.0353,1.0618,1.0869,1.1103,0.938,0.8529,0.734,0.5664,0.3314,0.0128,-0.3764,-0.7256,-0.8066,-0.5359,-0.1352,0.1918,0.4013,0.5165,0.565,0.5626,0.514,0.4276,0.3485,0.3481,0.4312,0.5395,0.634,0.7064,0.7608,0.8032,0.839,0.8719,0.9039,0.9359,0.9681,0.9998,1.0307,1.0602,1.0879,1.1135,0.9925,0.9133,0.7946,0.6126,0.3311,-0.1037,-0.7454,-1.4863,-1.7259,-1.1133,-0.3576,0.1317,0.3926,0.5155,0.5566,0.5402,0.461,0.3006,0.1245,0.1263,0.2969,0.4732,0.5995,0.683,0.7392,0.7804,0.8152,0.8484,0.8826,0.9182,0.9546,0.991,1.0261,1.0594,1.0902,1.1183,1.0688,1.0078,0.9073,0.7368,0.4467,-0.0459,-0.8824,-2.1016,-2.6227,-1.4951,-0.3973,0.171,0.4305,0.5318,0.5513,0.525,0.4402,0.2331,-0.0508,-0.0379,0.2293,0.4531,0.5901,0.6701,0.7186,0.7528,0.7835,0.8167,0.8542,0.8953,0.9383,0.981,1.0219,1.0599,1.0944,1.1253,1.1642,1.136,1.0773,0.9519,0.7055,0.2724,-0.4363,-1.4175,-1.8072,-0.9308,-0.1055,0.3227,0.5071,0.55,0.522,0.4879,0.4508,0.3273,0.1245,0.1264,0.3277,0.5031,0.6082,0.6635,0.6919,0.7118,0.736,0.7702,0.8145,0.8652,0.9182,0.9701,1.0186,1.0625,1.1014,1.1353,1.2702,1.2885,1.2983,1.2537,1.078,0.7438,0.3027,-0.1285,-0.2692,-0.0346,0.2821,0.5082,0.5955,0.5479,0.4066,0.3391,0.4154,0.4531,0.4179,0.424,0.5038,0.5871,0.6353,0.6486,0.6436,0.6414,0.6583,0.6989,0.7577,0.8255,0.8944,0.9593,1.0177,1.0687,1.1124,1.1493,1.3711,1.441,1.5428,1.6229,1.5107,1.1887,0.8623,0.5698,0.3007,0.2418,0.4681,0.6552,0.6861,0.5461,0.1444,-0.0623,0.3082,0.5071,0.5642,0.5938,0.6292,0.6537,0.6461,0.6036,0.5471,0.5124,0.5261,0.5876,0.6775,0.7754,0.8686,0.9512,1.0218,1.0807,1.1291,1.1687,1.4472,1.5511,1.7265,1.9429,1.8805,1.4988,1.2459,0.9532,0.1588,-0.2177,0.4985,0.7849,0.787,0.6468,0.2356,-0.058,0.3701,0.5441,0.5976,0.6505,0.6908,0.6891,0.6268,0.5031,0.3575,0.271,0.2988,0.4176,0.5706,0.7185,0.846,0.9506,1.0347,1.1014,1.1538,1.1949,1.4875,1.5863,1.7419,1.9194,1.8669,1.6246,1.5983,1.6139,0.9166,0.3618,0.7933,0.9517,0.8664,0.6956,0.6557,0.5835,0.58,0.4844,0.4782,0.6265,0.7195,0.7085,0.5809,0.3229,-0.0012,-0.1816,-0.0822,0.1778,0.4466,0.6674,0.8369,0.965,1.0617,1.1344,1.189,1.2297,1.4998,1.5692,1.6552,1.7207,1.6993,1.675,1.8231,2.0905,1.8118,1.2975,1.1859,1.1195,0.9888,0.6816,0.7332,0.8123,0.6657,0.1827,0.1811,0.5981,0.7619,0.7392,0.5378,0.0788,-0.6016,-0.9631,-0.6349,-0.0898,0.3465,0.6489,0.8573,1.0039,1.1087,1.1837,1.237,1.2744,1.5018,1.5463,1.5917,1.6241,1.642,1.6885,1.8106,1.9576,1.8521,1.5979,1.4665,1.2015,1.091,1.049,1.0579,0.9459,0.7547,0.483,0.4652,0.752,0.851,0.7957,0.5609,-0.0515,-1.147,-1.7434,-1.0592,-0.2112,0.3498,0.6976,0.9229,1.0757,1.181,1.2526,1.2999,1.3301,1.5052,1.5368,1.5683,1.5974,1.6291,1.6771,1.7443,1.7966,1.796,1.8303,1.9012,1.7963,1.5998,1.7565,1.3512,0.8896,0.438,0.829,0.9714,0.9962,0.8907,0.8188,0.6811,0.1887,-0.7311,-1.2585,-0.7095,0.0205,0.5163,0.8308,1.04,1.1843,1.282,1.3437,1.3791,1.397,1.513,1.5394,1.5671,1.5967,1.6313,1.6747,1.7267,1.7868,1.8861,2.1265,2.5731,2.5717,2.2488,1.8608,1.6241,1.1495,0.757,1.2082,1.4245,1.1654,0.5856,0.6522,0.825,0.6281,0.2107,-0.0334,0.1507,0.4998,0.7989,1.0252,1.1978,1.3268,1.4127,1.4583,1.4743,1.4736,1.5242,1.5489,1.576,1.6066,1.6427,1.6869,1.7433,1.823,1.9575,2.2048,2.5395,2.4787,2.5564,2.6031,2.0828,1.8149,1.7405,2.0489,2.2502,1.632,0.5896,0.711,1.0331,1.0097,0.862,0.7798,0.8236,0.9406,1.0829,1.2304,1.3738,1.4965,1.5734,1.596,1.5825,1.5559,1.5373,1.5616,1.589,1.6206,1.6581,1.7044,1.764,1.8458,1.9625,2.1172,2.261,2.3547,2.6193,2.6999,2.5349,2.5334,2.4529,2.9728,3.5936,2.6265,1.7325,1.4267,1.3975,1.3238,1.2226,1.1631,1.1626,1.2106,1.2945,1.4059,1.5439,1.6834,1.7601,1.7486,1.6932,1.6349,1.5507,1.5751,1.6029,1.6351,1.6733,1.7198,1.7779,1.8518,1.944,2.0498,2.1552,2.2665,2.415,2.6087,3.2061,3.4722,2.8724,3.0988,3.4654,3.1852,2.5477,2.0323,1.7616,1.5746,1.3955,1.221,1.188,1.3234,1.4364,1.5389,1.6806,1.8531,1.9369,1.8817,1.7821,1.6966,1.5636,1.5881,1.616,1.6482,1.686,1.7309,1.785,1.8497,1.9254,2.0096,2.1007,2.2062,2.3505,2.6113,3.1226,3.2897,2.9157,3.0176,3.6114,3.8734,2.9754,2.3717,2.045,1.7937,1.5391,1.2564,1.2,1.46,1.5695,1.6388,1.7509,1.9161,1.9975,1.9281,1.8185,1.7281,1.5754,1.5997,1.6273,1.6589,1.6955,1.738,1.7874,1.8446,1.9094,1.9818,2.0631,2.1601,2.2889,2.4745,2.6941,2.7811,2.7514,2.8905,3.2566,3.3465,2.8843,2.5352,2.324,2.052,1.7789,1.6599,1.7882,1.7712,1.7189,1.7218,1.7669,1.856,1.9108,1.875,1.8005,1.7297,1.5856,1.6096,1.6366,1.6672,1.702,1.7417,1.7868,1.8378,1.8948,1.9585,2.0302,2.114,2.2153,2.3347,2.4502,2.5244,2.5772,2.677,2.8069,2.8206,2.7221,2.7619,2.751,2.3742,2.0019,1.8843,1.9858,1.9072,1.8201,1.7961,1.7837,1.7991,1.8166,1.8023,1.7624,1.7156,1.5943,1.6177,1.6438,1.6731,1.7059,1.7427,1.7838,1.8296,1.8803,1.9362,1.9984,2.0682,2.1461,2.2289,2.3068,2.371,2.4291,2.4946,2.5567,2.5957,2.6829,2.9612,3.057,2.5867,2.141,1.9447,1.9084,1.8776,1.876,1.856,1.8103,1.7845,1.7732,1.7577,1.7319,1.7,1.6014,1.624,1.6491,1.6768,1.7075,1.7416,1.7791,1.8202,1.8652,1.9142,1.9676,2.0253,2.0866,2.149,2.2082,2.2618,2.3116,2.3606,2.409,2.467,2.5789,2.7609,2.7849,2.4932,2.1689,1.9784,1.8981,1.872,1.882,1.8657,1.8204,1.783,1.7579,1.7368,1.7139,1.6885]}]