docs/data/wind_grid.json
[{"header":{"la1":42.85,"la2":41.18,"lo1":11.55,"lo2":14.05,"nx":36,"ny":24,"dx":0.07143,"dy":0.07261,"parameterCategory":2,"parameterNumber":2,"parameterNumberName":"eastward_wind","parameterUnit":"m.s-1"},"data":[0.8156,0.8075,0.7981,0.7871,0.7742,0.7594,0.7425,0.7236,0.702,0.6768,0.6466,0.6103,0.567,0.5169,0.4613,0.4028,0.346,0.2971,0.2623,0.2454,0.2455,0.2581,0.2776,0.3006,0.3252,0.3506,0.376,0.4008,0.4243,0.4462,0.4662,0.4844,0.5008,0.5157,0.5291,0.5412,0.8225,0.8146,0.8052,0.794,0.7805,0.7647,0.7469,0.7273,0.7057,0.6805,0.6495,0.6102,0.561,0.5015,0.4326,0.3571,0.2815,0.2159,0.1725,0.1589,0.172,0.2002,0.232,0.2628,0.2931,0.3235,0.3536,0.3826,0.4097,0.4345,0.4568,0.4767,0.4945,0.5103,0.5244,0.5371,0.8295,0.8218,0.8125,0.801,0.7865,0.769,0.749,0.7281,0.7071,0.684,0.6542,0.6132,0.5582,0.488,0.4024,0.3034,0.1983,0.1041,0.0463,0.0439,0.0891,0.1495,0.1978,0.2329,0.265,0.2987,0.3331,0.3663,0.397,0.4245,0.4489,0.4704,0.4893,0.5059,0.5206,0.5337,0.8362,0.8287,0.8197,0.8081,0.7924,0.7715,0.7464,0.7213,0.7013,0.6843,0.6602,0.6202,0.5603,0.4788,0.3737,0.2432,0.091,-0.0584,-0.1489,-0.1228,0.0055,0.1389,0.2013,0.2212,0.2439,0.2774,0.3153,0.3526,0.3867,0.4168,0.443,0.4657,0.4854,0.5025,0.5175,0.5308,0.8421,0.8348,0.8263,0.8153,0.7987,0.7726,0.7357,0.6971,0.6766,0.6754,0.6668,0.6321,0.5686,0.4766,0.352,0.1844,-0.039,-0.3024,-0.4916,-0.414,-0.0748,0.2365,0.2785,0.2295,0.2274,0.2589,0.3009,0.3423,0.3796,0.4118,0.4393,0.4628,0.4828,0.5001,0.5151,0.5284,0.8464,0.8388,0.831,0.8219,0.807,0.7763,0.7186,0.6413,0.6097,0.6503,0.6755,0.6507,0.5842,0.483,0.3441,0.1463,-0.1592,-0.6297,-1.1266,-1.0147,-0.2696,0.3326,0.3341,0.2142,0.2033,0.2417,0.2904,0.3364,0.3763,0.4098,0.438,0.4616,0.4816,0.4986,0.5134,0.5264,0.8486,0.839,0.8304,0.8246,0.8174,0.7918,0.7196,0.5835,0.5194,0.6333,0.6992,0.6798,0.6065,0.4951,0.3495,0.1503,-0.1819,-0.8183,-1.7792,-1.6853,-0.6299,-0.0443,0.1098,0.1213,0.1654,0.2269,0.2857,0.3358,0.3771,0.411,0.4389,0.462,0.4813,0.4977,0.5119,0.5244,0.8488,0.8346,0.8211,0.8158,0.8229,0.822,0.7785,0.6754,0.6249,0.7138,0.7581,0.7236,0.6337,0.5011,0.3427,0.1752,-0.064,-0.5275,-1.1531,-1.116,-0.7014,-0.4548,-0.1727,0.0127,0.1337,0.2223,0.2893,0.341,0.3819,0.4147,0.4415,0.4634,0.4816,0.497,0.5103,0.5221,0.849,0.829,0.8088,0.7994,0.8178,0.8542,0.8705,0.856,0.8503,0.8644,0.8473,0.7824,0.6676,0.4869,0.25,0.1036,0.0552,-0.1205,-0.3901,-0.588,-0.9111,-0.7917,-0.3173,-0.0249,0.1374,0.236,0.3022,0.3509,0.3891,0.4199,0.4449,0.4652,0.4819,0.4958,0.5079,0.5189,0.8523,0.826,0.7996,0.7878,0.8001,0.881,0.9606,0.9992,1.0132,1.0029,0.9432,0.8524,0.7239,0.4871,-0.0263,-0.2998,0.0638,0.1282,-0.0092,-0.2755,-0.6535,-0.583,-0.2078,0.0453,0.1854,0.2659,0.3192,0.3608,0.3956,0.4246,0.4479,0.4663,0.481,0.4932,0.5039,0.514,0.8616,0.827,0.7662,0.6557,0.6914,0.9057,1.065,1.1264,1.1027,1.0884,1.0193,0.9239,0.8182,0.6447,0.118,-0.2745,0.1992,0.3062,0.2429,0.1031,-0.0568,-0.066,0.063,0.1828,0.252,0.2907,0.3246,0.3617,0.3973,0.4268,0.4493,0.4657,0.478,0.4879,0.4971,0.5062,0.8813,0.8476,0.7822,0.6788,0.731,0.9934,1.2146,1.321,1.2178,1.1225,1.0654,0.9884,0.9147,0.8636,0.7382,0.535,0.4872,0.4003,0.3494,0.3424,0.3044,0.2851,0.2986,0.3046,0.2822,0.2651,0.2914,0.3432,0.3914,0.4261,0.4484,0.4621,0.4711,0.4782,0.4856,0.4942,0.9116,0.8935,0.8674,0.8556,0.934,1.119,1.329,1.4913,1.3925,1.2165,1.1185,1.0463,0.995,0.9142,0.8881,0.7865,0.6372,0.2562,0.2328,0.4534,0.5108,0.5046,0.4625,0.3679,0.2141,0.123,0.1954,0.3064,0.3825,0.4246,0.4452,0.4539,0.4577,0.4612,0.467,0.4759,0.9463,0.9457,0.9515,0.9799,1.0544,1.1757,1.3141,1.4203,1.3801,1.2693,1.1955,1.0779,1.0454,1.1572,0.9677,0.8746,0.7568,0.4983,0.4426,0.6107,0.694,0.6889,0.6014,0.4127,0.0964,-0.0815,0.1004,0.2881,0.3853,0.4266,0.4389,0.4377,0.4332,0.4321,0.4373,0.4486,0.9781,0.9891,1.0091,1.0458,1.1053,1.1835,1.2632,1.317,1.3306,1.3575,1.391,1.3076,1.2209,1.285,1.012,0.8645,0.4936,0.6821,0.7458,0.8408,0.9278,0.9048,0.7652,0.539,0.2301,0.0601,0.1912,0.3394,0.4114,0.4322,0.4251,0.4062,0.3892,0.3832,0.3909,0.4089,1.0038,1.0205,1.0449,1.0799,1.1265,1.1812,1.2365,1.2882,1.3571,1.5199,1.8685,1.597,1.4155,1.2301,1.0708,0.8408,0.6231,0.8236,0.9612,1.0655,1.2093,1.1484,0.9348,0.7163,0.5098,0.3909,0.3954,0.4338,0.4487,0.4333,0.3942,0.3462,0.3105,0.3021,0.3201,0.3537,1.0232,1.042,1.0666,1.098,1.1364,1.1799,1.2276,1.2841,1.371,1.5404,1.8071,1.6108,1.406,1.3403,1.2071,1.0913,1.0361,1.1283,1.2353,1.2362,1.2696,1.2147,1.0306,0.8424,0.6824,0.5777,0.5285,0.5036,0.4733,0.419,0.3339,0.2364,0.1719,0.1709,0.2181,0.2825,1.0371,1.0562,1.0796,1.1077,1.1406,1.178,1.2205,1.2721,1.3409,1.4299,1.4935,1.4489,1.3871,1.3773,1.4113,1.4239,1.3404,1.4304,1.5612,1.4548,1.3346,1.2248,1.08,0.9067,0.7401,0.6187,0.5589,0.5238,0.4758,0.3883,0.238,0.0515,-0.0579,-0.0231,0.0884,0.2038,1.0466,1.0652,1.087,1.1123,1.1411,1.1735,1.21,1.2519,1.2995,1.3465,1.3754,1.377,1.3828,1.46,1.8032,1.9594,1.5767,1.5647,1.6802,1.8299,1.5922,1.3465,1.1501,0.9459,0.7288,0.5612,0.5207,0.5051,0.4619,0.3587,0.135,-0.1881,-0.3567,-0.239,-0.0315,0.1414,1.0528,1.0704,1.0905,1.1132,1.1386,1.1666,1.1973,1.2305,1.2648,1.2966,1.3214,1.3427,1.3826,1.4969,1.7654,1.8564,1.6374,1.7048,2.2347,2.5018,1.8477,1.4823,1.2538,1.0087,0.7301,0.5301,0.4938,0.4441,0.4353,0.3615,0.119,-0.2819,-0.4847,-0.3166,-0.0655,0.1282,1.0564,1.0729,1.0913,1.1117,1.134,1.1582,1.1841,1.2111,1.2382,1.2641,1.2889,1.3171,1.3614,1.44,1.5446,1.5875,1.579,1.6931,1.995,2.0948,1.8009,1.6059,1.4508,1.158,0.7828,0.4456,0.1698,0.2452,0.4141,0.4257,0.2515,-0.0557,-0.2348,-0.1512,0.0243,0.1778,1.058,1.0733,1.0901,1.1084,1.1282,1.1492,1.1712,1.194,1.2169,1.2397,1.2635,1.2912,1.328,1.3768,1.4288,1.4665,1.5038,1.5837,1.6966,1.7435,1.7447,1.8832,1.8946,1.4471,0.8951,0.3764,-0.0629,0.1644,0.5225,0.579,0.4536,0.2543,0.1141,0.1064,0.1793,0.2684,1.058,1.0722,1.0875,1.1039,1.1214,1.1399,1.159,1.1786,1.1986,1.2191,1.2407,1.2652,1.2941,1.3276,1.3622,1.3955,1.4335,1.4859,1.5484,1.6167,1.7683,2.1357,2.2569,1.6769,1.0531,0.5951,0.3636,0.5362,0.8265,0.7826,0.6251,0.4694,0.3575,0.3147,0.3274,0.3669,1.0568,1.0698,1.0838,1.0986,1.1142,1.1305,1.1473,1.1645,1.1821,1.2002,1.2194,1.2402,1.2633,1.2885,1.3149,1.3425,1.3738,1.4123,1.4611,1.5345,1.6775,1.8991,1.9275,1.5671,1.1267,0.804,0.6619,0.7329,0.8711,0.8268,0.7003,0.5847,0.4998,0.4535,0.4421,0.4536]},{"header":{"la1":42.85,"la2":41.18,"lo1":11.55,"lo2":14.05,"nx":36,"ny":24,"dx":0.07143,"dy":0.07261,"parameterCategory":2,"parameterNumber":3,"parameterNumberName":"northward_wind","parameterUnit":"m.s-1"},"data":[0.1519,0.1686,0.1866,0.2058,0.225,0.2424,0.2549,0.259,0.252,0.2337,0.2068,0.1753,0.143,0.1126,0.0856,0.0627,0.0447,0.0325,0.027,0.0277,0.0327,0.0385,0.0415,0.04,0.0342,0.0253,0.0144,0.0025,-0.0097,-0.0221,-0.0342,-0.0459,-0.0572,-0.0679,-0.078,-0.0874,0.1613,0.1815,0.2042,0.2298,0.2576,0.2856,0.3087,0.3199,0.313,0.2871,0.2474,0.2023,0.158,0.1182,0.0837,0.0549,0.0322,0.0175,0.0131,0.0196,0.0338,0.0483,0.0561,0.0548,0.0464,0.034,0.02,0.0054,-0.0092,-0.0234,-0.0371,-0.0502,-0.0626,-0.0743,-0.0851,-0.0951,0.1699,0.1937,0.2215,0.2548,0.2947,0.3399,0.3833,0.4104,0.4057,0.3658,0.3032,0.2355,0.1739,0.1218,0.0784,0.0418,0.0119,-0.0082,-0.0124,0.0044,0.0372,0.0692,0.0836,0.0788,0.0634,0.0447,0.0259,0.0077,-0.0095,-0.0258,-0.0412,-0.0557,-0.0694,-0.082,-0.0937,-0.1043,0.1772,0.2046,0.2373,0.2785,0.3333,0.4057,0.4887,0.5535,0.5578,0.4883,0.38,0.2742,0.1883,0.1218,0.0687,0.0228,-0.0189,-0.0524,-0.0618,-0.0276,0.0458,0.1155,0.1359,0.1153,0.0845,0.0558,0.0309,0.0088,-0.0113,-0.0298,-0.047,-0.063,-0.0779,-0.0915,-0.104,-0.1153,0.1833,0.2146,0.251,0.2973,0.366,0.476,0.6344,0.7934,0.8282,0.6853,0.4798,0.3117,0.1957,0.1153,0.0539,-0.0013,-0.0609,-0.1263,-0.1651,-0.108,0.0545,0.2083,0.2205,0.1579,0.1033,0.0637,0.033,0.0072,-0.0156,-0.0361,-0.055,-0.0724,-0.0885,-0.1032,-0.1165,-0.1283,0.1887,0.2258,0.266,0.3107,0.3805,0.5243,0.8011,1.1826,1.3171,0.9756,0.5777,0.3286,0.187,0.0985,0.0331,-0.0271,-0.1051,-0.2316,-0.3775,-0.3129,0.0053,0.27,0.2661,0.1725,0.1078,0.0638,0.03,0.0017,-0.023,-0.0453,-0.0657,-0.0845,-0.1018,-0.1174,-0.1315,-0.1439,0.193,0.2428,0.2956,0.3332,0.3714,0.5016,0.858,1.5307,1.8568,1.1748,0.5793,0.2941,0.1542,0.0672,0.001,-0.0544,-0.1273,-0.2943,-0.6074,-0.56,-0.0932,0.1458,0.1836,0.1423,0.0954,0.0551,0.0211,-0.0083,-0.0344,-0.058,-0.0797,-0.0997,-0.1181,-0.1348,-0.1496,-0.1625,0.1909,0.2644,0.3633,0.4161,0.3668,0.3907,0.6312,1.1193,1.3387,0.8201,0.3889,0.1987,0.1025,0.0194,-0.0623,-0.109,-0.1268,-0.2028,-0.3627,-0.2703,0.068,0.1708,0.1534,0.1181,0.0783,0.0403,0.0064,-0.0234,-0.0501,-0.0745,-0.0972,-0.1185,-0.1382,-0.156,-0.1716,-0.1847,0.1676,0.2566,0.434,0.586,0.3708,0.2367,0.2784,0.3691,0.3373,0.1731,0.0917,0.0843,0.0604,-0.0383,-0.2145,-0.2878,-0.1722,-0.0852,-0.0532,0.0855,0.356,0.3247,0.1868,0.1114,0.0608,0.02,-0.0144,-0.044,-0.0704,-0.0952,-0.1189,-0.1416,-0.1627,-0.1818,-0.1982,-0.2116,0.1116,0.1598,0.2594,0.3267,0.1181,0.042,0.0063,-0.1137,-0.3772,-0.4749,-0.2091,0.0102,0.0783,-0.0472,-0.5405,-0.8192,-0.2834,-0.0065,0.0891,0.1721,0.2962,0.2799,0.1718,0.0915,0.0343,-0.0093,-0.0431,-0.0707,-0.0956,-0.1202,-0.145,-0.1696,-0.1928,-0.2135,-0.2307,-0.2442,0.0405,0.0165,-0.0836,-0.3589,-0.3308,-0.1344,-0.1381,-0.323,-0.9513,-1.2884,-0.4236,0.0301,0.2016,0.1652,-0.366,-0.7927,-0.1412,0.1437,0.2157,0.2129,0.2061,0.1782,0.1169,0.0498,-0.0087,-0.0527,-0.0821,-0.1037,-0.1249,-0.1491,-0.1759,-0.2036,-0.23,-0.2529,-0.2712,-0.2842,-0.0128,-0.0655,-0.1874,-0.377,-0.3446,-0.1774,-0.155,-0.2124,-0.5659,-0.8257,-0.2493,0.1588,0.3885,0.5472,0.4068,0.2004,0.277,0.4118,0.4209,0.303,0.2034,0.1317,0.0646,-0.0056,-0.0724,-0.1169,-0.1334,-0.1416,-0.1567,-0.1812,-0.2122,-0.2455,-0.277,-0.3032,-0.3224,-0.334,-0.0389,-0.0816,-0.1474,-0.2082,-0.1958,-0.1464,-0.129,-0.1063,-0.1618,-0.2064,0.0199,0.318,0.5,0.6633,0.6252,0.5864,0.5754,0.6965,0.676,0.3785,0.2005,0.0939,0.0143,-0.0676,-0.1579,-0.2074,-0.1938,-0.1784,-0.1872,-0.2158,-0.2558,-0.2991,-0.3387,-0.3694,-0.3887,-0.3969,-0.0481,-0.0753,-0.1068,-0.1292,-0.1302,-0.1218,-0.1185,-0.1143,-0.1191,-0.082,0.0844,0.4197,0.5714,0.8878,0.7045,0.983,0.8286,0.6467,0.5562,0.3169,0.1323,0.0261,-0.0408,-0.1168,-0.2276,-0.2866,-0.2359,-0.2017,-0.2126,-0.2536,-0.3106,-0.3711,-0.4235,-0.4596,-0.4768,-0.4775,-0.0511,-0.0683,-0.0857,-0.0987,-0.105,-0.1083,-0.1122,-0.1168,-0.1239,-0.1338,-0.1072,0.0675,0.3328,0.4145,0.6671,1.0668,0.8712,0.5976,0.3606,0.1445,-0.0335,-0.0973,-0.1054,-0.1355,-0.2046,-0.2488,-0.2181,-0.2018,-0.2317,-0.2977,-0.3848,-0.4744,-0.5466,-0.5877,-0.5964,-0.581,-0.0529,-0.0649,-0.0767,-0.0868,-0.0949,-0.1025,-0.112,-0.1283,-0.1686,-0.2913,-0.593,-0.3744,-0.1316,0.1823,0.3791,0.6094,0.685,0.4158,0.1549,-0.0677,-0.2953,-0.2699,-0.1746,-0.1434,-0.1491,-0.1595,-0.1585,-0.1787,-0.2438,-0.3526,-0.4912,-0.6314,-0.7344,-0.7753,-0.76,-0.7123,-0.0551,-0.0644,-0.0738,-0.0829,-0.092,-0.1023,-0.1168,-0.1426,-0.1986,-0.3302,-0.5563,-0.4118,-0.4296,-0.4584,-0.035,0.1462,0.1833,0.0346,-0.1341,-0.2182,-0.3494,-0.3138,-0.2099,-0.1445,-0.0962,-0.0603,-0.0597,-0.1201,-0.2417,-0.4198,-0.6468,-0.8793,-1.0314,-1.0527,-0.9786,-0.8705,-0.058,-0.0659,-0.0742,-0.083,-0.0927,-0.1046,-0.1214,-0.1482,-0.1935,-0.2627,-0.3259,-0.3477,-0.5094,-0.5621,-0.4445,-0.4291,-0.2642,-0.3207,-0.4538,-0.3716,-0.3303,-0.2883,-0.2201,-0.1316,-0.0122,0.1198,0.1419,0.001,-0.216,-0.4942,-0.8617,-1.2632,-1.4914,-1.4386,-1.242,-1.0389,-0.0614,-0.0686,-0.0764,-0.085,-0.095,-0.1075,-0.1242,-0.1477,-0.1802,-0.2204,-0.2609,-0.3087,-0.3944,-0.5436,-1.0834,-1.3348,-0.6282,-0.4635,-0.5284,-0.6176,-0.4812,-0.3515,-0.2512,-0.1237,0.0932,0.4226,0.4917,0.1562,-0.1844,-0.5578,-1.0875,-1.7386,-2.0619,-1.8507,-1.4799,-1.1738,-0.0652,-0.0719,-0.0795,-0.088,-0.098,-0.1103,-0.126,-0.1461,-0.1717,-0.2024,-0.2392,-0.2906,-0.38,-0.5773,-1.015,-1.1533,-0.7018,-0.5822,-0.8767,-1.0412,-0.6434,-0.4362,-0.315,-0.1654,0.0842,0.4718,0.5565,0.1392,-0.2023,-0.5824,-1.1568,-1.9285,-2.2984,-2.0001,-1.558,-1.2185,-0.0691,-0.0756,-0.0829,-0.0913,-0.1012,-0.1131,-0.1276,-0.1456,-0.1676,-0.1947,-0.2295,-0.2788,-0.3569,-0.4853,-0.6459,-0.6864,-0.5882,-0.5799,-0.7367,-0.7949,-0.6211,-0.5136,-0.4369,-0.2853,-0.076,0.0878,0.0576,-0.043,-0.2796,-0.5784,-0.997,-1.5557,-1.8681,-1.7241,-1.4208,-1.154,-0.073,-0.0793,-0.0865,-0.0948,-0.1044,-0.1158,-0.1294,-0.1458,-0.1658,-0.1904,-0.2218,-0.2639,-0.3215,-0.3946,-0.4639,-0.4931,-0.4892,-0.5082,-0.5623,-0.5884,-0.59,-0.6664,-0.6782,-0.4682,-0.235,-0.087,-0.0117,-0.1308,-0.4528,-0.6338,-0.8202,-1.1038,-1.3119,-1.3121,-1.1809,-1.023,-0.0768,-0.0831,-0.0901,-0.0982,-0.1075,-0.1184,-0.1312,-0.1464,-0.1646,-0.1867,-0.214,-0.248,-0.2892,-0.3346,-0.3754,-0.4025,-0.4204,-0.4439,-0.4775,-0.5187,-0.6053,-0.7991,-0.8612,-0.597,-0.3518,-0.2231,-0.2087,-0.4449,-0.8054,-0.7814,-0.7561,-0.8554,-0.9672,-1.0031,-0.962,-0.8824,-0.0806,-0.0867,-0.0936,-0.1014,-0.1104,-0.1208,-0.1328,-0.1469,-0.1635,-0.1831,-0.2064,-0.2336,-0.2643,-0.2963,-0.3259,-0.3509,-0.3731,-0.398,-0.4301,-0.4778,-0.5627,-0.6842,-0.7074,-0.5596,-0.4068,-0.3397,-0.3902,-0.6123,-0.8538,-0.8077,-0.7281,-0.7397,-0.786,-0.8123,-0.8016,-0.7629]}]