docs/data/wind_grid.json
[{"header":{"la1":42.85,"la2":41.18,"lo1":11.55,"lo2":14.05,"nx":36,"ny":24,"dx":0.07143,"dy":0.07261,"parameterCategory":2,"parameterNumber":2,"parameterNumberName":"eastward_wind","parameterUnit":"m.s-1"},"data":[2.2317,2.1839,2.1308,2.074,2.0166,1.9643,1.9247,1.906,1.9133,1.9464,1.9986,2.0602,2.122,2.1778,2.2242,2.2609,2.2888,2.3102,2.3277,2.3438,2.36,2.3766,2.3931,2.4087,2.4227,2.4347,2.4445,2.4521,2.4578,2.4618,2.4644,2.4657,2.4662,2.466,2.4652,2.4642,2.2193,2.1618,2.0949,2.0193,1.9384,1.8594,1.7949,1.7604,1.768,1.8181,1.898,1.9892,2.0759,2.1495,2.2069,2.2487,2.2776,2.2974,2.3129,2.3284,2.346,2.3657,2.386,2.405,2.4217,2.4354,2.4463,2.4544,2.4601,2.4637,2.4657,2.4664,2.4661,2.4651,2.4637,2.462,2.2127,2.145,2.0622,1.9629,1.8485,1.7268,1.6171,1.5501,1.5549,1.6355,1.7645,1.9039,2.0271,2.1237,2.1933,2.2392,2.2663,2.2807,2.2909,2.3045,2.325,2.3506,2.377,2.4012,2.4214,2.4373,2.4492,2.4576,2.4631,2.4661,2.4673,2.467,2.4658,2.4638,2.4615,2.4591,2.215,2.1381,2.0392,1.9125,1.7534,1.5653,1.3726,1.2346,1.2263,1.3667,1.5883,1.8071,1.9811,2.1049,2.1862,2.2337,2.2542,2.2564,2.2547,2.2652,2.2927,2.3298,2.3668,2.3983,2.4229,2.4411,2.4538,2.4621,2.4669,2.469,2.469,2.4675,2.4649,2.4618,2.4584,2.4551,2.2295,2.1468,2.0352,1.8823,1.672,1.3903,1.0505,0.7532,0.6997,0.9691,1.3709,1.7139,1.95,2.0995,2.1886,2.2337,2.2414,2.2195,2.1931,2.1995,2.2452,2.3047,2.3578,2.3986,2.4277,2.4475,2.4604,2.468,2.4716,2.4722,2.4706,2.4674,2.4633,2.4587,2.4541,2.4497,2.259,2.1765,2.0606,1.8926,1.6414,1.2596,0.7044,0.0806,-0.1079,0.4458,1.1674,1.6649,1.9525,2.1135,2.2021,2.2414,2.2327,2.1722,2.0986,2.1029,2.1887,2.2842,2.3568,2.4058,2.4377,2.4577,2.4695,2.4755,2.4771,2.4756,2.4719,2.4666,2.4605,2.4542,2.4481,2.4425,2.3044,2.2301,2.1231,1.9624,1.7086,1.2873,0.5764,-0.4307,-0.8475,0.121,1.1526,1.7218,2.0036,2.1468,2.2235,2.2583,2.2427,2.1516,2.0243,2.0311,2.165,2.2905,2.3734,2.4241,2.4545,2.4721,2.4812,2.4844,2.4832,2.4789,2.4724,2.4645,2.456,2.4475,2.4396,2.4328,2.3639,2.3057,2.2216,2.0947,1.8932,1.5565,0.9847,0.169,-0.1409,0.6855,1.4873,1.9016,2.0926,2.1843,2.2399,2.2787,2.2838,2.221,2.1154,2.1198,2.2359,2.3442,2.4139,2.4549,2.4781,2.4902,2.4949,2.4942,2.4895,2.4816,2.4716,2.4603,2.4488,2.4378,2.428,2.4198,2.4331,2.3963,2.3446,2.2692,2.1547,1.978,1.7206,1.4492,1.4219,1.6991,1.9692,2.1195,2.1736,2.1901,2.2229,2.2826,2.3386,2.3518,2.3267,2.3304,2.381,2.435,2.4724,2.4944,2.5061,2.5106,2.5097,2.5044,2.4952,2.483,2.4686,2.4532,2.438,2.4239,2.4119,2.4024,2.5058,2.4919,2.4745,2.4525,2.4237,2.3846,2.3327,2.2826,2.279,2.3022,2.3092,2.2799,2.1888,2.1033,2.1212,2.2413,2.3857,2.4887,2.5288,2.5319,2.5306,2.5323,2.5343,2.5351,2.5342,2.5309,2.5244,2.5141,2.4999,2.4824,2.4625,2.4418,2.4219,2.4042,2.3898,2.3792,2.5756,2.5822,2.5947,2.6168,2.6539,2.708,2.7593,2.724,2.5043,2.4099,2.4816,2.3811,2.0968,1.8114,1.8498,2.1367,2.4438,2.6694,2.7529,2.7208,2.6606,2.6143,2.5856,2.5688,2.5582,2.5491,2.538,2.523,2.5032,2.479,2.4519,2.4242,2.3983,2.3762,2.3593,2.3481,2.6375,2.6598,2.6937,2.7457,2.8258,2.9449,3.1003,3.1861,2.8646,2.6069,2.6685,2.5488,1.9695,1.0996,1.3379,2.0215,2.5751,3.0127,3.1013,2.9204,2.7606,2.6656,2.6145,2.5886,2.5747,2.564,2.5508,2.5315,2.505,2.472,2.435,2.3976,2.3637,2.3364,2.3172,2.3064,2.6885,2.7206,2.7663,2.8325,2.93,3.0744,3.2808,3.4902,3.3154,2.998,2.9613,3.0774,2.5535,0.8889,1.1814,2.1398,2.7652,3.4996,3.5163,3.0506,2.7901,2.6649,2.61,2.5897,2.583,2.5772,2.5648,2.5416,2.5064,2.4607,2.4091,2.3577,2.3128,2.2792,2.2588,2.2507,2.7276,2.764,2.8131,2.8798,2.971,3.0945,3.2488,3.3843,3.3065,3.128,3.1794,3.7098,3.8266,3.0915,2.4566,2.5662,2.831,3.2141,3.2629,2.9329,2.6958,2.5869,2.5625,2.5718,2.5866,2.5937,2.5856,2.5578,2.5095,2.4444,2.37,2.2971,2.2368,2.1964,2.1775,2.1767,2.7556,2.7923,2.8389,2.898,2.9714,3.058,3.1459,3.1988,3.1775,3.1605,3.2237,3.3378,3.4469,3.9201,3.0613,2.8503,2.8874,2.8941,2.8645,2.6744,2.4576,2.4057,2.4718,2.5441,2.5963,2.6248,2.6238,2.5883,2.5188,2.4219,2.3106,2.2037,2.1213,2.0752,2.0645,2.0795,2.7743,2.8089,2.8505,2.8997,2.9557,3.0147,3.0678,3.1039,3.1311,3.1988,3.3293,3.2351,3.254,3.3208,3.0907,2.9113,2.8759,2.8144,2.6998,2.4483,2.0766,2.1376,2.3771,2.5328,2.6318,2.6902,2.6985,2.6474,2.5411,2.3918,2.2193,2.0571,1.9434,1.8978,1.9101,1.9561,2.7858,2.8172,2.8533,2.8938,2.9374,2.9813,3.0221,3.0599,3.1065,3.1874,3.2973,3.2321,3.1535,3.1199,3.0402,2.93,2.8426,2.7435,2.6356,2.4293,2.0308,2.1134,2.3869,2.574,2.718,2.8225,2.8428,2.7565,2.5856,2.3526,2.0803,1.8264,1.6709,1.645,1.7097,1.8098,2.792,2.82,2.8511,2.8848,2.9202,2.9557,2.9906,3.0266,3.0686,3.1185,3.1544,3.139,3.1095,3.0912,3.0249,2.9583,2.8392,2.6791,2.5916,2.5643,2.4168,2.3932,2.5075,2.6655,2.8665,3.067,3.1062,2.9323,2.6537,2.3051,1.8849,1.4863,1.2836,1.3201,1.4806,1.6591,2.7943,2.819,2.8459,2.8744,2.9038,2.9336,2.9633,2.9936,3.0247,3.0537,3.0705,3.0681,3.0553,3.037,3.051,3.063,2.8804,2.7044,2.6375,2.6683,2.6069,2.5631,2.6049,2.7452,3.0232,3.4121,3.487,3.1165,2.7112,2.2609,1.68,1.1033,0.8661,1.0093,1.287,1.5432,2.7937,2.8155,2.8388,2.863,2.8878,2.9127,2.9372,2.9612,2.9835,3.0015,3.0112,3.0107,3.0028,2.9979,3.0256,3.0248,2.8832,2.7602,2.7522,2.7731,2.6722,2.6037,2.6156,2.738,3.0125,3.4478,3.5363,3.0555,2.6867,2.2485,1.6157,0.9604,0.7131,0.905,1.2267,1.5084,2.791,2.8102,2.8303,2.851,2.8719,2.8925,2.9123,2.9308,2.9468,2.9585,2.9643,2.9633,2.9573,2.9512,2.9471,2.9179,2.8415,2.7659,2.738,2.7205,2.6313,2.5308,2.514,2.6217,2.8033,2.9027,2.725,2.6892,2.5932,2.2807,1.7682,1.2324,0.9937,1.0989,1.3386,1.5707,2.7868,2.8036,2.821,2.8386,2.8561,2.873,2.8888,2.9029,2.9143,2.922,2.9249,2.9227,2.9157,2.9048,2.8873,2.8545,2.8032,2.7478,2.7001,2.6383,2.5107,2.3274,2.28,2.4431,2.6151,2.6274,2.4976,2.5421,2.5278,2.3264,1.9859,1.6307,1.4297,1.432,1.5515,1.6997,2.7814,2.7961,2.8111,2.826,2.8406,2.8544,2.8669,2.8775,2.8856,2.8903,2.891,2.8872,2.8788,2.865,2.8441,2.8131,2.7714,2.7221,2.6634,2.575,2.4138,2.1816,2.1226,2.3273,2.5135,2.5735,2.5536,2.5438,2.4979,2.3605,2.1483,1.9269,1.7767,1.733,1.7711,1.848,2.7753,2.7881,2.801,2.8136,2.8256,2.8368,2.8466,2.8545,2.86,2.8625,2.8614,2.8564,2.8468,2.832,2.8109,2.7823,2.7453,2.6994,2.6399,2.554,2.4252,2.2798,2.2458,2.3591,2.4815,2.5413,2.5492,2.5307,2.4805,2.3843,2.2506,2.1112,2.0045,1.9526,1.9516,1.9839]},{"header":{"la1":42.85,"la2":41.18,"lo1":11.55,"lo2":14.05,"nx":36,"ny":24,"dx":0.07143,"dy":0.07261,"parameterCategory":2,"parameterNumber":3,"parameterNumberName":"northward_wind","parameterUnit":"m.s-1"},"data":[0.6612,0.6187,0.5715,0.5206,0.4681,0.4179,0.3755,0.3462,0.3331,0.3349,0.3454,0.3564,0.3605,0.3532,0.3332,0.3025,0.2667,0.2338,0.213,0.2117,0.2322,0.2718,0.3246,0.3841,0.4452,0.5043,0.5596,0.6102,0.656,0.697,0.7336,0.7663,0.7954,0.8213,0.8445,0.8651,0.6562,0.6068,0.5496,0.4851,0.4152,0.3455,0.2847,0.2441,0.2314,0.2452,0.2742,0.3026,0.3177,0.3124,0.2849,0.2383,0.1801,0.1239,0.0862,0.0805,0.1104,0.1689,0.2441,0.3248,0.4036,0.4767,0.5425,0.6009,0.6524,0.6975,0.7371,0.7719,0.8025,0.8295,0.8533,0.8743,0.656,0.5995,0.531,0.4492,0.3547,0.2532,0.1592,0.095,0.0814,0.1186,0.1829,0.2429,0.2769,0.2757,0.2379,0.1668,0.0721,-0.0251,-0.0933,-0.1048,-0.0549,0.0382,0.1495,0.2607,0.3627,0.4524,0.5298,0.5962,0.6532,0.7021,0.7443,0.7808,0.8125,0.8401,0.8643,0.8855,0.663,0.6002,0.5204,0.4186,0.2911,0.1398,-0.0166,-0.1332,-0.1542,-0.0693,0.0647,0.1803,0.2439,0.249,0.1974,0.0913,-0.0619,-0.2327,-0.3586,-0.3765,-0.2815,-0.124,0.0446,0.1976,0.3275,0.4352,0.5242,0.598,0.6597,0.7116,0.7557,0.7933,0.8257,0.8536,0.8777,0.8987,0.6795,0.6132,0.5247,0.4042,0.2387,0.0165,-0.2526,-0.4904,-0.542,-0.3529,-0.0796,0.1267,0.229,0.2402,0.1721,0.0224,-0.2165,-0.5177,-0.7584,-0.778,-0.5811,-0.3079,-0.0563,0.147,0.3059,0.4303,0.5289,0.6083,0.6732,0.727,0.7719,0.8099,0.8422,0.8699,0.8937,0.9142,0.7073,0.6422,0.5518,0.4215,0.2263,-0.0721,-0.5092,-1.0028,-1.1552,-0.7348,-0.2094,0.1123,0.2461,0.2562,0.1721,-0.0166,-0.3521,-0.8499,-1.3039,-1.307,-0.9094,-0.4666,-0.122,0.1268,0.3076,0.4428,0.5468,0.6287,0.6946,0.7486,0.7932,0.8307,0.8623,0.8892,0.9122,0.9318,0.7469,0.6889,0.6069,0.4845,0.2906,-0.0354,-0.5951,-1.399,-1.7336,-0.9676,-0.1888,0.1841,0.305,0.296,0.2007,0.0025,-0.3736,-1.0174,-1.6967,-1.6702,-1.0671,-0.5019,-0.1103,0.1544,0.3402,0.4762,0.5794,0.6599,0.7242,0.7765,0.8196,0.8556,0.8858,0.9114,0.9331,0.9516,0.7965,0.7514,0.6882,0.5944,0.4458,0.1938,-0.2472,-0.8975,-1.1476,-0.4763,0.1237,0.3586,0.3935,0.3411,0.2411,0.0759,-0.2236,-0.7396,-1.3008,-1.3038,-0.8185,-0.3432,-0.0024,0.2347,0.4044,0.5302,0.6263,0.7015,0.7615,0.8104,0.8507,0.8843,0.9125,0.9363,0.9564,0.9733,0.8523,0.8235,0.7853,0.7325,0.6558,0.5407,0.3758,0.2117,0.2462,0.4827,0.6057,0.5725,0.4666,0.3501,0.2496,0.1434,-0.0217,-0.2761,-0.5283,-0.5554,-0.3412,-0.0676,0.1682,0.3521,0.4928,0.6008,0.6849,0.7515,0.8052,0.8491,0.8856,0.9162,0.9419,0.9636,0.9817,0.9969,0.9096,0.8971,0.8835,0.8699,0.8583,0.8554,0.8813,0.9931,1.2442,1.3346,1.0546,0.7356,0.461,0.2572,0.1653,0.1364,0.0826,-0.0136,-0.0915,-0.0808,0.0285,0.1871,0.3459,0.4828,0.5936,0.6815,0.7513,0.8073,0.8531,0.8912,0.9233,0.9505,0.9736,0.9929,1.009,1.0222,0.964,0.9649,0.9704,0.9841,1.0122,1.0633,1.1511,1.3281,1.8216,2.0636,1.3498,0.7974,0.3241,-0.0434,-0.0861,0.0355,0.0637,-0.0118,-0.0321,0.0666,0.2171,0.3686,0.5017,0.6111,0.698,0.7665,0.8211,0.8656,0.9028,0.9348,0.9625,0.9864,1.0069,1.0239,1.0379,1.049,1.0124,1.0226,1.0397,1.0673,1.1101,1.1712,1.2442,1.3169,1.5709,1.7554,1.3039,0.8398,0.1351,-0.7355,-0.5508,-0.0833,-0.0239,-0.3212,-0.3514,-0.0085,0.3005,0.5064,0.6422,0.7353,0.8017,0.8511,0.89,0.9225,0.9512,0.9775,1.0015,1.0229,1.0413,1.0564,1.0683,1.0772,1.0537,1.0692,1.0915,1.1228,1.1649,1.2162,1.2627,1.2736,1.3076,1.3613,1.277,1.2048,0.6141,-0.9466,-0.6941,0.0223,-0.0335,-0.9461,-0.9454,-0.083,0.4133,0.6606,0.7889,0.86,0.9026,0.9309,0.9529,0.9734,0.9946,1.0168,1.0388,1.0592,1.0767,1.0903,1.1002,1.1067,1.0881,1.106,1.1295,1.1593,1.1951,1.2336,1.2651,1.2781,1.295,1.3368,1.3963,1.7303,1.7428,0.6938,0.4309,0.445,0.308,-0.3201,-0.3905,0.259,0.6799,0.8722,0.9525,0.9851,0.9962,0.999,1.0024,1.0117,1.0282,1.0498,1.0733,1.0953,1.1133,1.1262,1.134,1.1377,1.1167,1.1355,1.1583,1.1854,1.2156,1.2465,1.2738,1.2978,1.3363,1.4101,1.5093,1.6146,1.5768,2.0311,1.1019,0.7256,0.5459,0.5625,0.6102,0.8516,1.0408,1.1053,1.1143,1.1,1.0724,1.0436,1.0265,1.028,1.0462,1.0742,1.1047,1.1321,1.1527,1.1651,1.1702,1.1702,1.1408,1.1596,1.1817,1.2067,1.2343,1.2634,1.2945,1.3332,1.395,1.4958,1.5959,1.9388,1.8078,1.63,1.3329,0.9665,0.7512,1.0417,1.2823,1.316,1.2309,1.2331,1.2375,1.1899,1.1147,1.0427,1.0033,1.0072,1.0419,1.0887,1.1348,1.1725,1.1974,1.2086,1.2093,1.204,1.1614,1.1801,1.2016,1.2257,1.2526,1.2827,1.3183,1.3651,1.4325,1.5244,1.6036,1.7473,1.9092,1.9387,1.5806,1.4025,1.4434,1.8537,2.1745,1.8005,1.2927,1.304,1.3401,1.2495,1.0986,0.9539,0.8913,0.9274,1.0107,1.0963,1.1684,1.2214,1.2508,1.2579,1.2508,1.2378,1.1792,1.1979,1.219,1.2427,1.2696,1.3006,1.3378,1.3848,1.4453,1.5182,1.5969,1.7041,1.9204,1.965,1.7654,1.7584,1.9572,2.8055,3.5869,2.6019,1.8776,1.6127,1.4777,1.28,0.9947,0.7022,0.6182,0.771,0.9628,1.1076,1.2112,1.2815,1.3128,1.3102,1.2912,1.2689,1.1948,1.2133,1.2341,1.2576,1.2843,1.315,1.3513,1.3949,1.447,1.5069,1.5743,1.6562,1.7497,1.8047,1.9152,1.9807,2.1146,2.8154,3.3178,2.8951,2.3553,1.9166,1.6167,1.3034,0.848,0.2699,0.1532,0.6047,0.9523,1.1401,1.2594,1.3396,1.3682,1.3528,1.3222,1.2927,1.2083,1.2266,1.2471,1.2702,1.2962,1.326,1.3602,1.3999,1.4452,1.4963,1.5531,1.617,1.6875,1.7741,1.9054,1.9714,2.1119,2.5424,3.071,3.2396,2.5848,2.0703,1.7318,1.3939,0.9161,0.2445,0.1082,0.7785,1.0833,1.2095,1.2953,1.362,1.3854,1.3672,1.3354,1.3056,1.22,1.238,1.2581,1.2806,1.3057,1.334,1.366,1.4021,1.4425,1.4874,1.5372,1.593,1.6577,1.7372,1.8299,1.9211,2.0767,2.3728,2.747,2.8264,2.4329,2.0806,1.8526,1.5858,1.2752,1.1556,1.5144,1.4914,1.3484,1.3087,1.3206,1.3498,1.3646,1.3548,1.3326,1.3088,1.23,1.2477,1.2672,1.2889,1.313,1.3398,1.3696,1.4027,1.4394,1.4799,1.5248,1.5753,1.6334,1.7014,1.7793,1.8712,1.9991,2.1729,2.3319,2.3415,2.19,2.0883,2.0363,1.812,1.5744,1.638,1.9709,1.8064,1.5259,1.3954,1.3514,1.3445,1.3451,1.3386,1.3246,1.3075,1.2385,1.2557,1.2747,1.2955,1.3185,1.3438,1.3716,1.4022,1.4358,1.4728,1.5136,1.5593,1.611,1.6698,1.737,1.8154,1.9088,2.0098,2.0853,2.0975,2.0762,2.1322,2.1615,1.9414,1.7083,1.6672,1.7441,1.6882,1.5441,1.4369,1.3796,1.3536,1.3415,1.3316,1.3199,1.3063,1.2456,1.2624,1.2806,1.3006,1.3224,1.3462,1.3722,1.4006,1.4316,1.4654,1.5026,1.5437,1.5893,1.6402,1.6969,1.7598,1.8274,1.8924,1.9413,1.9675,1.9937,2.0477,2.0468,1.9031,1.7353,1.6501,1.6264,1.5861,1.515,1.4461,1.3967,1.3657,1.3465,1.3324,1.3197,1.307]}]