docs/data/wind_grid.json
[{"header":{"la1":42.85,"la2":41.18,"lo1":11.55,"lo2":14.05,"nx":36,"ny":24,"dx":0.07143,"dy":0.07261,"parameterCategory":2,"parameterNumber":2,"parameterNumberName":"eastward_wind","parameterUnit":"m.s-1"},"data":[-0.2346,-0.2431,-0.2517,-0.2602,-0.2683,-0.2754,-0.2804,-0.2824,-0.2809,-0.2766,-0.2719,-0.2696,-0.2723,-0.2818,-0.2986,-0.3214,-0.3473,-0.3716,-0.3889,-0.3946,-0.3876,-0.3695,-0.3442,-0.3155,-0.2866,-0.2594,-0.235,-0.2136,-0.1953,-0.1797,-0.1667,-0.1559,-0.1468,-0.1393,-0.1331,-0.1278,-0.2454,-0.2556,-0.2662,-0.2772,-0.2885,-0.2992,-0.3075,-0.3109,-0.3079,-0.2991,-0.2884,-0.2809,-0.2812,-0.2924,-0.3154,-0.3492,-0.3897,-0.4292,-0.4577,-0.4667,-0.4542,-0.4248,-0.3861,-0.3452,-0.3063,-0.2715,-0.2417,-0.2166,-0.1958,-0.1788,-0.1648,-0.1535,-0.1443,-0.1368,-0.1307,-0.1257,-0.2572,-0.2693,-0.2822,-0.2965,-0.3124,-0.3292,-0.3443,-0.3524,-0.348,-0.3313,-0.3093,-0.2921,-0.2874,-0.2996,-0.3309,-0.381,-0.4452,-0.5116,-0.5605,-0.5739,-0.5488,-0.4977,-0.4368,-0.3777,-0.3255,-0.2817,-0.2459,-0.2171,-0.1941,-0.1758,-0.1613,-0.1498,-0.1407,-0.1335,-0.1278,-0.1231,-0.2703,-0.2844,-0.2997,-0.3175,-0.3393,-0.3662,-0.3953,-0.4157,-0.412,-0.3803,-0.3368,-0.302,-0.2882,-0.3005,-0.3418,-0.4144,-0.5169,-0.633,-0.7223,-0.7408,-0.6855,-0.5918,-0.4944,-0.4096,-0.3412,-0.2876,-0.246,-0.214,-0.1894,-0.1704,-0.1559,-0.1447,-0.1361,-0.1295,-0.1243,-0.1202,-0.2849,-0.3012,-0.3186,-0.3391,-0.367,-0.4079,-0.4633,-0.5155,-0.5203,-0.4578,-0.3716,-0.3073,-0.2798,-0.2907,-0.3422,-0.4422,-0.6017,-0.8102,-0.9858,-1.0071,-0.8771,-0.7026,-0.5503,-0.4342,-0.3488,-0.2862,-0.2402,-0.2062,-0.181,-0.1623,-0.1484,-0.1381,-0.1304,-0.1247,-0.1204,-0.1171,-0.3018,-0.3208,-0.3397,-0.3609,-0.3911,-0.4444,-0.5386,-0.6622,-0.6998,-0.5681,-0.4037,-0.2994,-0.257,-0.266,-0.3249,-0.448,-0.6724,-1.0304,-1.3865,-1.3952,-1.1012,-0.8004,-0.5849,-0.4404,-0.3424,-0.2746,-0.2268,-0.1928,-0.1685,-0.1512,-0.1388,-0.13,-0.1238,-0.1194,-0.1163,-0.1139,-0.3224,-0.3459,-0.3669,-0.3855,-0.4087,-0.458,-0.5732,-0.7801,-0.8773,-0.6408,-0.3957,-0.2644,-0.2151,-0.225,-0.2867,-0.4131,-0.6624,-1.1383,-1.7104,-1.69,-1.2121,-0.8179,-0.5713,-0.4175,-0.3177,-0.2507,-0.2049,-0.1734,-0.1518,-0.1372,-0.1274,-0.1209,-0.1167,-0.114,-0.1122,-0.111,-0.3478,-0.3804,-0.4083,-0.4243,-0.4291,-0.4448,-0.512,-0.6547,-0.7129,-0.513,-0.3101,-0.1956,-0.1531,-0.1723,-0.2407,-0.3478,-0.5369,-0.9074,-1.3658,-1.382,-1.0244,-0.707,-0.4982,-0.3634,-0.2743,-0.2146,-0.1747,-0.1483,-0.1314,-0.1208,-0.1145,-0.111,-0.1093,-0.1087,-0.1086,-0.1087,-0.3772,-0.4278,-0.4767,-0.502,-0.482,-0.4387,-0.4183,-0.4235,-0.3947,-0.2998,-0.1913,-0.1055,-0.0716,-0.1156,-0.2299,-0.3246,-0.4012,-0.5689,-0.771,-0.8177,-0.6906,-0.5256,-0.3888,-0.2879,-0.2167,-0.1685,-0.1373,-0.1184,-0.1079,-0.1027,-0.101,-0.1012,-0.1025,-0.1042,-0.1059,-0.1073,-0.4048,-0.4825,-0.5783,-0.6528,-0.6109,-0.4756,-0.3743,-0.3104,-0.2485,-0.1915,-0.108,-0.0086,0.0419,-0.0323,-0.3176,-0.4716,-0.3552,-0.3907,-0.472,-0.4974,-0.4504,-0.3659,-0.2788,-0.2058,-0.1514,-0.1153,-0.0946,-0.0851,-0.0826,-0.0842,-0.0879,-0.0924,-0.0971,-0.1013,-0.1049,-0.1076,-0.4177,-0.5188,-0.67,-0.8418,-0.7979,-0.5283,-0.3733,-0.2981,-0.218,-0.1925,-0.0667,0.0992,0.2144,0.2004,-0.1709,-0.4446,-0.2975,-0.3622,-0.4247,-0.4013,-0.3337,-0.2564,-0.1849,-0.126,-0.0829,-0.0574,-0.0482,-0.05,-0.0573,-0.0667,-0.0765,-0.0858,-0.0941,-0.1009,-0.1062,-0.11,-0.4036,-0.5013,-0.6463,-0.8075,-0.7557,-0.4986,-0.3938,-0.3859,-0.2749,-0.169,0.0086,0.2247,0.4181,0.6097,0.423,0.0386,-0.2348,-0.5588,-0.6353,-0.4524,-0.287,-0.1767,-0.1028,-0.0504,-0.0138,0.0035,-0.0,-0.0155,-0.0341,-0.0523,-0.0687,-0.0831,-0.095,-0.1043,-0.111,-0.1154,-0.3634,-0.433,-0.5161,-0.5736,-0.5228,-0.4159,-0.411,-0.496,-0.393,-0.1382,0.1133,0.3554,0.5082,0.7356,0.6171,0.1738,-0.2974,-1.0462,-1.0597,-0.5178,-0.2281,-0.0879,-0.0198,0.0186,0.0485,0.0616,0.0446,0.0138,-0.0166,-0.0435,-0.0666,-0.086,-0.1014,-0.1127,-0.1203,-0.1246,-0.3108,-0.3507,-0.3864,-0.3979,-0.3713,-0.3409,-0.3614,-0.4201,-0.3359,-0.0762,0.1707,0.4566,0.557,0.651,0.4241,0.0509,-0.3336,-0.7183,-0.7437,-0.341,-0.0684,0.0506,0.0775,0.0755,0.0834,0.0942,0.0707,0.0301,-0.0089,-0.0431,-0.0726,-0.0969,-0.1154,-0.1281,-0.1354,-0.1384,-0.2581,-0.278,-0.2908,-0.2898,-0.2752,-0.2608,-0.2588,-0.2451,-0.1532,0.0019,0.1281,0.2492,0.3963,0.4957,0.2934,-0.2634,-0.752,-0.4129,-0.2441,-0.0029,0.2268,0.2753,0.2034,0.1315,0.0951,0.0879,0.0673,0.0286,-0.0136,-0.0536,-0.0892,-0.1185,-0.1398,-0.1525,-0.1577,-0.1575,-0.2111,-0.2191,-0.2211,-0.2148,-0.201,-0.1831,-0.1598,-0.1177,-0.0432,0.0324,0.0323,0.0352,0.1528,0.2948,0.1844,-0.2006,-0.5337,-0.2124,0.038,0.2998,0.6373,0.5717,0.3371,0.1945,0.1209,0.0852,0.0554,0.0162,-0.0294,-0.0758,-0.1186,-0.1539,-0.1777,-0.1883,-0.1884,-0.1823,-0.1708,-0.1716,-0.1676,-0.1576,-0.1414,-0.1191,-0.0884,-0.0454,0.0072,0.0461,0.0391,0.0707,0.1216,0.1436,0.1833,0.0988,0.0263,0.1286,0.2631,0.4163,0.7017,0.6243,0.3837,0.231,0.144,0.0945,0.0542,0.0045,-0.0527,-0.1096,-0.1626,-0.2065,-0.2328,-0.2376,-0.2275,-0.2115,-0.1367,-0.133,-0.1253,-0.1127,-0.0947,-0.0709,-0.0404,-0.0033,0.0362,0.0683,0.0902,0.1195,0.1367,0.1624,0.3227,0.3822,0.313,0.3498,0.4011,0.445,0.5036,0.4696,0.3505,0.2318,0.1515,0.1188,0.0841,0.0036,-0.0833,-0.1553,-0.2196,-0.276,-0.3051,-0.2979,-0.2712,-0.2419,-0.108,-0.1015,-0.0914,-0.0773,-0.0587,-0.0354,-0.0072,0.0248,0.0581,0.0896,0.1201,0.1556,0.2038,0.3217,0.6624,0.7934,0.4987,0.4494,0.4999,0.6465,0.5599,0.4475,0.3364,0.2219,0.1472,0.1892,0.1948,0.0035,-0.1383,-0.2156,-0.2794,-0.3456,-0.3773,-0.3533,-0.3082,-0.2667,-0.0839,-0.0755,-0.0642,-0.0495,-0.0311,-0.0089,0.0168,0.0453,0.0756,0.107,0.1413,0.1846,0.2521,0.3873,0.6364,0.7155,0.543,0.5642,0.8815,1.0368,0.6874,0.4954,0.3665,0.2223,0.1016,0.1639,0.1857,-0.1463,-0.2659,-0.2982,-0.3265,-0.3742,-0.4017,-0.3734,-0.3241,-0.2793,-0.0636,-0.0542,-0.0422,-0.0274,-0.0096,0.0112,0.0348,0.0609,0.0891,0.1199,0.155,0.1993,0.2619,0.354,0.4606,0.5051,0.4965,0.5654,0.7506,0.8156,0.6644,0.5732,0.4829,0.2769,0.0049,-0.2804,-0.6678,-0.6184,-0.468,-0.4086,-0.3751,-0.3687,-0.3738,-0.3545,-0.3173,-0.2789,-0.0467,-0.0367,-0.0245,-0.01,0.007,0.0265,0.0483,0.0724,0.0988,0.128,0.1613,0.2015,0.2514,0.311,0.3692,0.4093,0.4415,0.4988,0.5779,0.6217,0.6545,0.7855,0.8,0.4559,-0.0112,-0.5394,-1.0476,-0.8437,-0.621,-0.5435,-0.4527,-0.3874,-0.356,-0.3318,-0.3023,-0.2709,-0.0326,-0.0224,-0.0103,0.0038,0.0199,0.0381,0.0583,0.0806,0.105,0.1319,0.162,0.1965,0.2358,0.2782,0.3193,0.3556,0.3917,0.4361,0.4888,0.5529,0.6878,0.9747,1.0638,0.6157,0.0765,-0.3829,-0.6707,-0.6953,-0.7515,-0.6906,-0.5355,-0.4221,-0.3586,-0.32,-0.289,-0.2606,-0.0209,-0.0107,0.0011,0.0146,0.0298,0.0468,0.0655,0.0859,0.1082,0.1325,0.1591,0.1884,0.22,0.2529,0.2855,0.317,0.3494,0.3862,0.4315,0.4983,0.6198,0.7948,0.8137,0.5177,0.1206,-0.2198,-0.4559,-0.6241,-0.765,-0.7077,-0.5525,-0.4322,-0.3575,-0.3106,-0.2769,-0.2494]},{"header":{"la1":42.85,"la2":41.18,"lo1":11.55,"lo2":14.05,"nx":36,"ny":24,"dx":0.07143,"dy":0.07261,"parameterCategory":2,"parameterNumber":3,"parameterNumberName":"northward_wind","parameterUnit":"m.s-1"},"data":[0.4966,0.5129,0.5305,0.5487,0.5665,0.5817,0.5911,0.5914,0.5801,0.5572,0.5252,0.4878,0.449,0.4113,0.376,0.3437,0.3148,0.2896,0.2682,0.2507,0.2365,0.2247,0.2143,0.2045,0.1949,0.1852,0.1754,0.1657,0.1561,0.1467,0.1377,0.1291,0.1211,0.1135,0.1066,0.1002,0.5106,0.5306,0.5533,0.5785,0.6052,0.6308,0.6502,0.6568,0.6453,0.6148,0.5704,0.5197,0.469,0.4218,0.3791,0.341,0.3072,0.2781,0.2544,0.2363,0.2231,0.2129,0.2042,0.1955,0.1865,0.177,0.1671,0.1571,0.1471,0.1373,0.128,0.1191,0.1107,0.1029,0.0958,0.0894,0.5234,0.5473,0.5757,0.6096,0.649,0.6913,0.7293,0.7498,0.7395,0.6958,0.6299,0.5577,0.4902,0.4311,0.38,0.335,0.295,0.2604,0.2334,0.2153,0.2046,0.198,0.1922,0.1855,0.1773,0.168,0.1579,0.1474,0.137,0.1268,0.117,0.1078,0.0991,0.0911,0.0839,0.0774,0.5343,0.5616,0.5956,0.6391,0.695,0.7638,0.8367,0.8885,0.8848,0.815,0.7082,0.6008,0.5102,0.4376,0.378,0.3258,0.2775,0.234,0.201,0.1837,0.1793,0.1798,0.1789,0.1748,0.1675,0.1582,0.1476,0.1366,0.1256,0.1149,0.1047,0.0951,0.0861,0.0779,0.0705,0.064,0.5426,0.5723,0.6104,0.6622,0.7362,0.8418,0.9782,1.1036,1.1226,0.9938,0.8053,0.6424,0.524,0.439,0.3732,0.3149,0.2559,0.1962,0.1501,0.1356,0.1457,0.159,0.1654,0.164,0.1573,0.1474,0.136,0.1242,0.1125,0.1012,0.0906,0.0807,0.0715,0.0631,0.0556,0.049,0.5484,0.5789,0.6177,0.6725,0.7585,0.9019,1.1329,1.4171,1.5065,1.2375,0.8982,0.665,0.5231,0.4327,0.3667,0.3065,0.2368,0.1506,0.0756,0.0684,0.1079,0.1404,0.154,0.1542,0.1467,0.1354,0.1226,0.1096,0.0972,0.0855,0.0746,0.0643,0.0549,0.0464,0.0388,0.0323,0.5526,0.5827,0.6186,0.6673,0.7471,0.8984,1.1937,1.6691,1.8818,1.3964,0.9091,0.6419,0.5002,0.4175,0.3602,0.3065,0.2354,0.1281,0.0169,0.0189,0.0885,0.1328,0.1476,0.1456,0.1351,0.121,0.1062,0.0921,0.0791,0.0672,0.0561,0.0458,0.0362,0.0274,0.0198,0.0133,0.5571,0.5879,0.6204,0.6552,0.7049,0.8069,1.0248,1.3854,1.5322,1.1403,0.7676,0.5655,0.4577,0.396,0.356,0.318,0.2612,0.1714,0.077,0.0677,0.1128,0.141,0.1461,0.1369,0.1207,0.1024,0.0852,0.0702,0.0573,0.0458,0.0349,0.0246,0.0148,0.0059,-0.0019,-0.0082,0.5634,0.6004,0.6375,0.6629,0.6693,0.6835,0.7451,0.8355,0.833,0.6989,0.5644,0.4705,0.4094,0.374,0.3576,0.3409,0.2987,0.2359,0.1777,0.1531,0.1546,0.1553,0.1449,0.1249,0.1002,0.0764,0.0568,0.0422,0.0308,0.0207,0.0107,0.0005,-0.0095,-0.0188,-0.0267,-0.0329,0.5694,0.6206,0.6835,0.7323,0.7016,0.6063,0.5389,0.5024,0.4551,0.4218,0.4171,0.3946,0.3669,0.3536,0.3705,0.3816,0.3273,0.2655,0.2191,0.193,0.1787,0.1634,0.139,0.1054,0.0684,0.037,0.0165,0.0054,-0.0014,-0.0081,-0.0166,-0.0267,-0.0373,-0.0473,-0.0556,-0.0615,0.5679,0.633,0.7346,0.8568,0.8183,0.5733,0.397,0.3257,0.3127,0.3077,0.3439,0.3471,0.3296,0.3197,0.3547,0.3812,0.3193,0.2456,0.2,0.1888,0.1827,0.164,0.1271,0.0737,0.016,-0.0265,-0.0433,-0.0429,-0.0392,-0.04,-0.0466,-0.0573,-0.0696,-0.081,-0.0898,-0.0953,0.5503,0.6116,0.7088,0.8259,0.7709,0.4802,0.2495,0.1479,0.2242,0.2904,0.3176,0.3193,0.2963,0.2516,0.2827,0.3257,0.2792,0.1413,0.0952,0.1513,0.1796,0.1655,0.1131,0.0261,-0.0732,-0.1342,-0.1329,-0.1034,-0.0801,-0.0727,-0.0787,-0.0922,-0.1079,-0.1218,-0.1314,-0.1359,0.5171,0.5565,0.6039,0.6287,0.5468,0.3518,0.1489,0.0044,0.0921,0.2504,0.3094,0.2855,0.2811,0.2328,0.268,0.3563,0.2893,-0.0772,-0.0942,0.1233,0.1943,0.1832,0.1091,-0.0322,-0.215,-0.31,-0.2536,-0.1659,-0.1157,-0.1025,-0.1125,-0.1332,-0.1555,-0.1733,-0.1835,-0.1857,0.4783,0.4955,0.5048,0.487,0.4179,0.3025,0.1745,0.0767,0.1309,0.2849,0.3438,0.2357,0.2122,0.4787,0.4182,0.5313,0.5695,0.1951,0.0814,0.201,0.2585,0.2414,0.1403,-0.0571,-0.3417,-0.4812,-0.3429,-0.1966,-0.1324,-0.1257,-0.1495,-0.185,-0.2186,-0.2415,-0.2509,-0.248,0.443,0.447,0.4414,0.4181,0.3723,0.3105,0.2513,0.2269,0.2823,0.3963,0.4738,0.4556,0.4633,0.5841,0.5252,0.9007,1.4046,0.6912,0.3515,0.3299,0.4069,0.3815,0.2304,0.0161,-0.2434,-0.3751,-0.2713,-0.1571,-0.1209,-0.1429,-0.196,-0.2575,-0.3082,-0.3364,-0.3405,-0.3264,0.4148,0.4133,0.4048,0.3871,0.3608,0.3326,0.3152,0.3279,0.3918,0.5212,0.7107,0.6678,0.5773,0.5079,0.5241,0.8145,1.137,0.6301,0.3312,0.4031,0.7138,0.6308,0.344,0.1349,-0.0197,-0.096,-0.0798,-0.0584,-0.0867,-0.1615,-0.2638,-0.3678,-0.4435,-0.4729,-0.4607,-0.4239,0.3931,0.3902,0.3832,0.3721,0.3591,0.3492,0.3509,0.3751,0.4339,0.5416,0.6826,0.6215,0.5167,0.4716,0.4148,0.4299,0.4142,0.1646,-0.0096,0.2468,0.7403,0.6456,0.3524,0.2005,0.1445,0.1421,0.1356,0.0742,-0.0399,-0.1911,-0.3693,-0.5431,-0.6541,-0.6702,-0.6177,-0.5391,0.3761,0.3734,0.3687,0.3626,0.3571,0.3559,0.3636,0.3855,0.4253,0.4796,0.5191,0.4973,0.4582,0.4156,0.1957,0.0696,0.0322,-0.3128,-0.6738,-0.165,0.2247,0.3068,0.237,0.2072,0.2776,0.4179,0.4364,0.2517,0.0116,-0.2371,-0.5219,-0.8111,-0.9701,-0.9359,-0.8019,-0.6592,0.3621,0.3601,0.3571,0.3539,0.3521,0.3536,0.3609,0.3755,0.3968,0.418,0.4245,0.4016,0.3451,0.1923,-0.227,-0.3874,-0.1522,-0.3214,-0.5035,-0.2295,-0.0378,0.071,0.1089,0.1778,0.3964,0.8236,0.9128,0.4308,0.0285,-0.2966,-0.6868,-1.1329,-1.3451,-1.2093,-0.9639,-0.7537,0.3499,0.3483,0.3463,0.3445,0.3437,0.3451,0.3495,0.3566,0.3644,0.3676,0.3575,0.3235,0.2478,0.0833,-0.2103,-0.3088,-0.1596,-0.1761,-0.2005,-0.1896,-0.1236,-0.0655,-0.0222,0.079,0.3306,0.8525,0.9695,0.2875,-0.0765,-0.355,-0.747,-1.2587,-1.4955,-1.3059,-1.0161,-0.7845,0.3386,0.3372,0.3355,0.3339,0.333,0.3329,0.3338,0.3349,0.3338,0.3268,0.308,0.2698,0.2016,0.093,-0.0347,-0.0952,-0.0917,-0.1156,-0.1546,-0.1671,-0.1731,-0.2171,-0.219,-0.1154,0.0243,0.0358,-0.3214,-0.3214,-0.286,-0.4014,-0.6531,-1.0172,-1.2205,-1.1263,-0.9237,-0.7396,0.3279,0.3263,0.3245,0.3226,0.3208,0.319,0.3168,0.3134,0.3068,0.2943,0.2722,0.2362,0.183,0.1138,0.0431,-0.0078,-0.0416,-0.0789,-0.1222,-0.1735,-0.285,-0.4903,-0.5492,-0.3557,-0.2305,-0.3866,-0.755,-0.5844,-0.4253,-0.4375,-0.536,-0.7173,-0.8534,-0.8514,-0.7599,-0.6478,0.3175,0.3157,0.3134,0.3109,0.308,0.3045,0.2999,0.2935,0.2836,0.2686,0.2462,0.2145,0.1728,0.1236,0.0733,0.0279,-0.0138,-0.0588,-0.1152,-0.2047,-0.3864,-0.6881,-0.7717,-0.5013,-0.3357,-0.3838,-0.4987,-0.4814,-0.4833,-0.4708,-0.4764,-0.5455,-0.6185,-0.6395,-0.6075,-0.548,0.3075,0.3052,0.3024,0.2991,0.2952,0.2903,0.284,0.2756,0.264,0.2481,0.2266,0.1988,0.1646,0.1258,0.0848,0.0435,0.0008,-0.0477,-0.1105,-0.2056,-0.3592,-0.548,-0.595,-0.4549,-0.3457,-0.3438,-0.3907,-0.4387,-0.4877,-0.4717,-0.4473,-0.4619,-0.4915,-0.5054,-0.4935,-0.4617]}]