docs/data/wind_grid.json
[{"header":{"la1":42.85,"la2":41.18,"lo1":11.55,"lo2":14.05,"nx":36,"ny":24,"dx":0.07143,"dy":0.07261,"parameterCategory":2,"parameterNumber":2,"parameterNumberName":"eastward_wind","parameterUnit":"m.s-1"},"data":[-0.3487,-0.356,-0.3632,-0.3701,-0.3764,-0.3815,-0.3843,-0.3836,-0.3783,-0.3684,-0.3548,-0.3391,-0.3228,-0.3073,-0.2933,-0.282,-0.2747,-0.273,-0.2784,-0.2908,-0.3077,-0.3243,-0.3363,-0.3416,-0.341,-0.3362,-0.3291,-0.3207,-0.3119,-0.3031,-0.2944,-0.2861,-0.2782,-0.2707,-0.2637,-0.2572,-0.3565,-0.3655,-0.3747,-0.384,-0.3932,-0.4018,-0.408,-0.4095,-0.4038,-0.3905,-0.3713,-0.3493,-0.3271,-0.306,-0.2869,-0.2706,-0.259,-0.2551,-0.2629,-0.2838,-0.3135,-0.3421,-0.3603,-0.3656,-0.3613,-0.3521,-0.341,-0.3294,-0.3181,-0.3073,-0.297,-0.2874,-0.2784,-0.27,-0.2623,-0.2552,-0.365,-0.3762,-0.3877,-0.3997,-0.4129,-0.4271,-0.4402,-0.447,-0.4418,-0.4227,-0.3941,-0.3625,-0.3319,-0.3037,-0.2779,-0.2542,-0.2342,-0.2238,-0.2327,-0.2682,-0.3236,-0.3758,-0.4023,-0.4023,-0.3886,-0.3712,-0.3542,-0.3384,-0.3241,-0.311,-0.299,-0.288,-0.2779,-0.2686,-0.2602,-0.2525,-0.3744,-0.3885,-0.4026,-0.4174,-0.4349,-0.4577,-0.4843,-0.5045,-0.5024,-0.4721,-0.4258,-0.3785,-0.3366,-0.3001,-0.2663,-0.2322,-0.197,-0.1686,-0.1701,-0.2297,-0.3413,-0.4442,-0.4773,-0.4557,-0.4217,-0.3917,-0.3672,-0.3468,-0.3292,-0.3139,-0.3001,-0.2877,-0.2765,-0.2663,-0.2572,-0.249,-0.3854,-0.4036,-0.421,-0.4375,-0.4579,-0.4913,-0.5433,-0.5972,-0.6067,-0.55,-0.4674,-0.3952,-0.3396,-0.2946,-0.2531,-0.2068,-0.1466,-0.0733,-0.0327,-0.1235,-0.3585,-0.5733,-0.5928,-0.5164,-0.4527,-0.4093,-0.3778,-0.3532,-0.3329,-0.3153,-0.2999,-0.2862,-0.2739,-0.2628,-0.253,-0.2443,-0.3981,-0.4241,-0.4476,-0.464,-0.4797,-0.5189,-0.6093,-0.7423,-0.7889,-0.6622,-0.5097,-0.4059,-0.3376,-0.2861,-0.2392,-0.1842,-0.0956,0.0654,0.2594,0.1601,-0.2967,-0.657,-0.6539,-0.5426,-0.4679,-0.4192,-0.3842,-0.3568,-0.3343,-0.315,-0.2981,-0.2832,-0.2698,-0.258,-0.2475,-0.2384,-0.4117,-0.4529,-0.4939,-0.5118,-0.5042,-0.5237,-0.6354,-0.8693,-0.9841,-0.7409,-0.5194,-0.3997,-0.3273,-0.2718,-0.2223,-0.1699,-0.0794,0.1458,0.5823,0.5099,-0.1841,-0.5206,-0.57,-0.5221,-0.4667,-0.4214,-0.3859,-0.3573,-0.3334,-0.3128,-0.2946,-0.2784,-0.2641,-0.2515,-0.2405,-0.231,-0.4197,-0.486,-0.5752,-0.6189,-0.5488,-0.4982,-0.5609,-0.7302,-0.8081,-0.6296,-0.4674,-0.3752,-0.3104,-0.2482,-0.1878,-0.1469,-0.1092,0.0087,0.2262,0.0613,-0.508,-0.6632,-0.5936,-0.5224,-0.4648,-0.4195,-0.384,-0.355,-0.3303,-0.3085,-0.289,-0.2717,-0.2564,-0.2431,-0.2316,-0.2219,-0.4079,-0.4901,-0.6505,-0.7867,-0.5873,-0.44,-0.4365,-0.4857,-0.5008,-0.4535,-0.3975,-0.3504,-0.2982,-0.2146,-0.0955,-0.0461,-0.1133,-0.1648,-0.2195,-0.5128,-1.0913,-1.0148,-0.6947,-0.5406,-0.463,-0.4149,-0.3798,-0.351,-0.3255,-0.3024,-0.2815,-0.2628,-0.2465,-0.2324,-0.2206,-0.2108,-0.3657,-0.4139,-0.5063,-0.5674,-0.3888,-0.3214,-0.3232,-0.3433,-0.3648,-0.3706,-0.3597,-0.345,-0.313,-0.2045,0.107,0.277,-0.056,-0.2539,-0.3795,-0.5949,-0.9255,-0.8965,-0.6633,-0.5231,-0.4504,-0.4072,-0.3754,-0.3471,-0.3202,-0.2948,-0.2718,-0.2513,-0.2337,-0.219,-0.2069,-0.1973,-0.3086,-0.2965,-0.224,-0.0096,-0.0307,-0.1877,-0.2266,-0.2527,-0.3432,-0.3862,-0.3504,-0.361,-0.376,-0.326,0.0068,0.2648,-0.1407,-0.3631,-0.4655,-0.5354,-0.6172,-0.6205,-0.5444,-0.4739,-0.4306,-0.4029,-0.3766,-0.3468,-0.3155,-0.2859,-0.2594,-0.2365,-0.2175,-0.2021,-0.19,-0.1809,-0.2642,-0.2274,-0.1366,0.0077,-0.0155,-0.1352,-0.1391,-0.1166,-0.2297,-0.326,-0.3345,-0.3853,-0.4652,-0.5697,-0.4573,-0.2992,-0.3824,-0.5913,-0.654,-0.5632,-0.512,-0.4844,-0.4535,-0.4305,-0.4248,-0.4203,-0.3952,-0.3544,-0.312,-0.2746,-0.2431,-0.2173,-0.1967,-0.1809,-0.1693,-0.1612,-0.2408,-0.2099,-0.1606,-0.1133,-0.116,-0.1309,-0.0849,-0.0032,-0.0771,-0.2229,-0.3154,-0.4058,-0.4886,-0.645,-0.5725,-0.4216,-0.4926,-0.9675,-0.9875,-0.6172,-0.4698,-0.413,-0.3946,-0.4084,-0.4579,-0.4896,-0.4433,-0.3691,-0.3062,-0.2579,-0.2207,-0.1918,-0.1699,-0.1541,-0.1437,-0.1375,-0.2308,-0.2104,-0.1856,-0.1651,-0.1549,-0.1393,-0.0987,-0.0493,-0.0873,-0.1937,-0.2854,-0.4212,-0.48,-0.5738,-0.4417,-0.3457,-0.4127,-0.6894,-0.7539,-0.5284,-0.3918,-0.3371,-0.3379,-0.3893,-0.5094,-0.5877,-0.4898,-0.3702,-0.2875,-0.2306,-0.189,-0.1578,-0.1351,-0.1202,-0.1121,-0.1092,-0.2262,-0.2125,-0.1976,-0.1839,-0.1715,-0.1557,-0.1348,-0.1217,-0.1367,-0.1576,-0.1758,-0.2584,-0.3656,-0.405,-0.3747,-0.327,-0.4491,-0.4499,-0.455,-0.3605,-0.2455,-0.218,-0.2602,-0.3322,-0.4467,-0.516,-0.4338,-0.3242,-0.2448,-0.1884,-0.1456,-0.1128,-0.0899,-0.0771,-0.0733,-0.0757,-0.2234,-0.2134,-0.2028,-0.1921,-0.1813,-0.1695,-0.1576,-0.1482,-0.1345,-0.078,0.0798,-0.0833,-0.1778,-0.2824,-0.3064,-0.3512,-0.4142,-0.3799,-0.3421,-0.2233,-0.0126,-0.0485,-0.1739,-0.249,-0.3081,-0.3343,-0.2989,-0.2374,-0.1806,-0.132,-0.0896,-0.0544,-0.0308,-0.022,-0.0258,-0.0369,-0.221,-0.2132,-0.2048,-0.196,-0.1869,-0.1772,-0.1667,-0.1532,-0.1265,-0.0601,0.0584,-0.036,-0.0476,-0.0306,-0.169,-0.2317,-0.2873,-0.3255,-0.3289,-0.212,0.0223,-0.0193,-0.1356,-0.1837,-0.2024,-0.2016,-0.1811,-0.1479,-0.1093,-0.0679,-0.023,0.0199,0.0467,0.048,0.0305,0.006,-0.2188,-0.2122,-0.2051,-0.1976,-0.1896,-0.1807,-0.1702,-0.1558,-0.133,-0.0982,-0.0682,-0.066,-0.0094,0.0181,0.0185,0.015,-0.1553,-0.3463,-0.4652,-0.3181,-0.1782,-0.1317,-0.1366,-0.1367,-0.1316,-0.1272,-0.1136,-0.0807,-0.0433,-0.0035,0.0493,0.1109,0.1462,0.1324,0.0916,0.0485,-0.2166,-0.2109,-0.2046,-0.1979,-0.1905,-0.1822,-0.1722,-0.1594,-0.1425,-0.1223,-0.1029,-0.0815,-0.0397,0.0538,0.3944,0.5449,0.0187,-0.3003,-0.4223,-0.3703,-0.2624,-0.1693,-0.115,-0.0846,-0.0803,-0.126,-0.1346,-0.0378,0.0214,0.056,0.1136,0.203,0.2517,0.213,0.1432,0.082,-0.2145,-0.2093,-0.2036,-0.1975,-0.1906,-0.1828,-0.1736,-0.1625,-0.149,-0.1333,-0.1147,-0.0883,-0.0389,0.078,0.3439,0.4171,0.045,-0.2292,-0.4162,-0.4744,-0.2805,-0.129,-0.0423,-0.0048,-0.006,-0.0962,-0.119,0.0763,0.1118,0.108,0.1458,0.2382,0.2913,0.2417,0.1626,0.0967,-0.2124,-0.2076,-0.2024,-0.1966,-0.1902,-0.183,-0.1746,-0.1647,-0.153,-0.1391,-0.1213,-0.0957,-0.0539,0.0163,0.1014,0.0967,-0.0388,-0.1908,-0.3152,-0.3311,-0.1663,0.0251,0.122,0.1236,0.1335,0.2302,0.4727,0.4016,0.2221,0.1419,0.14,0.1911,0.2274,0.1997,0.1437,0.0906,-0.2104,-0.2059,-0.201,-0.1956,-0.1896,-0.1829,-0.1752,-0.1662,-0.1558,-0.1433,-0.1275,-0.1067,-0.0784,-0.044,-0.0184,-0.0298,-0.0831,-0.1455,-0.1787,-0.1311,0.0548,0.3424,0.4384,0.2962,0.2503,0.4259,0.7495,0.5411,0.2171,0.1223,0.1128,0.1316,0.148,0.1378,0.1076,0.0722,-0.2084,-0.2042,-0.1996,-0.1945,-0.1889,-0.1826,-0.1755,-0.1674,-0.158,-0.147,-0.1339,-0.1181,-0.0998,-0.0821,-0.072,-0.0769,-0.0944,-0.108,-0.091,-0.0031,0.216,0.5706,0.6674,0.4084,0.283,0.3423,0.4254,0.2634,0.0452,0.0502,0.0785,0.0921,0.0977,0.0917,0.0744,0.0513,-0.2066,-0.2026,-0.1982,-0.1934,-0.1881,-0.1822,-0.1757,-0.1683,-0.1599,-0.1504,-0.1396,-0.1275,-0.1149,-0.1037,-0.0964,-0.0943,-0.0934,-0.0831,-0.046,0.043,0.21,0.4212,0.4801,0.3492,0.2527,0.2398,0.2261,0.124,0.0187,0.0323,0.0602,0.0692,0.0689,0.0621,0.0494,0.0328]},{"header":{"la1":42.85,"la2":41.18,"lo1":11.55,"lo2":14.05,"nx":36,"ny":24,"dx":0.07143,"dy":0.07261,"parameterCategory":2,"parameterNumber":3,"parameterNumberName":"northward_wind","parameterUnit":"m.s-1"},"data":[-0.3562,-0.3601,-0.3638,-0.3674,-0.3705,-0.3726,-0.373,-0.3707,-0.365,-0.3555,-0.3423,-0.3261,-0.3073,-0.2865,-0.2643,-0.2419,-0.221,-0.2037,-0.1923,-0.1878,-0.189,-0.1927,-0.1954,-0.1954,-0.1928,-0.1888,-0.1845,-0.1804,-0.1768,-0.1735,-0.1704,-0.1676,-0.1649,-0.1624,-0.16,-0.1577,-0.3621,-0.367,-0.3721,-0.3773,-0.3825,-0.3871,-0.39,-0.3896,-0.3844,-0.3736,-0.3579,-0.3382,-0.3156,-0.2903,-0.2629,-0.2343,-0.2068,-0.1844,-0.1716,-0.1711,-0.1807,-0.1933,-0.2008,-0.2007,-0.1954,-0.1885,-0.1821,-0.1768,-0.1725,-0.1689,-0.1657,-0.1627,-0.1599,-0.1572,-0.1547,-0.1524,-0.3677,-0.3738,-0.3803,-0.3875,-0.3955,-0.4039,-0.4113,-0.4146,-0.4106,-0.3978,-0.3779,-0.3536,-0.3262,-0.2957,-0.2618,-0.2246,-0.1867,-0.1548,-0.1389,-0.1467,-0.1753,-0.207,-0.2215,-0.2163,-0.2026,-0.1895,-0.1796,-0.1727,-0.1677,-0.1638,-0.1605,-0.1574,-0.1544,-0.1516,-0.149,-0.1466,-0.3731,-0.3803,-0.3883,-0.3974,-0.4087,-0.4227,-0.4382,-0.4495,-0.4482,-0.4311,-0.4036,-0.3722,-0.3394,-0.3038,-0.2626,-0.2138,-0.159,-0.1078,-0.0818,-0.1048,-0.1776,-0.255,-0.2761,-0.2481,-0.2138,-0.19,-0.1758,-0.1674,-0.1621,-0.1581,-0.1547,-0.1516,-0.1485,-0.1455,-0.1427,-0.1401,-0.378,-0.3867,-0.3959,-0.4064,-0.4206,-0.442,-0.4718,-0.501,-0.5067,-0.4782,-0.4348,-0.3933,-0.3554,-0.316,-0.2685,-0.206,-0.1246,-0.0328,0.0276,-0.0143,-0.1825,-0.3724,-0.3838,-0.2896,-0.2204,-0.1852,-0.1685,-0.1602,-0.1553,-0.1518,-0.1485,-0.1453,-0.142,-0.1388,-0.1357,-0.133,-0.3826,-0.3932,-0.404,-0.4146,-0.4289,-0.4566,-0.5078,-0.5761,-0.5999,-0.5401,-0.4666,-0.4134,-0.3732,-0.3343,-0.2849,-0.211,-0.0963,0.0701,0.2341,0.1925,-0.1096,-0.4561,-0.4449,-0.2867,-0.2029,-0.1693,-0.1563,-0.1509,-0.1477,-0.1449,-0.1418,-0.1384,-0.1349,-0.1313,-0.1279,-0.1249,-0.3865,-0.4009,-0.4156,-0.4254,-0.4329,-0.4577,-0.5233,-0.6393,-0.6932,-0.5834,-0.4832,-0.4276,-0.3925,-0.3613,-0.3189,-0.2443,-0.1085,0.1276,0.4407,0.4165,0.0942,-0.1682,-0.2366,-0.1845,-0.1523,-0.1423,-0.1406,-0.1406,-0.1399,-0.1379,-0.1349,-0.1311,-0.127,-0.1229,-0.119,-0.1157,-0.3879,-0.4088,-0.4362,-0.4507,-0.4378,-0.4417,-0.4907,-0.5788,-0.6176,-0.5438,-0.475,-0.4356,-0.4134,-0.3991,-0.378,-0.3198,-0.1909,0.0235,0.2627,0.3022,0.2921,0.2103,0.0396,-0.0528,-0.0937,-0.1148,-0.1264,-0.1319,-0.1332,-0.1315,-0.1278,-0.1232,-0.1181,-0.1132,-0.1088,-0.1051,-0.383,-0.4077,-0.4557,-0.4963,-0.4411,-0.4132,-0.4371,-0.4798,-0.5042,-0.4935,-0.4661,-0.443,-0.4352,-0.4468,-0.4736,-0.4528,-0.3225,-0.1377,0.0504,0.2593,0.6123,0.5299,0.1998,0.0223,-0.0602,-0.1002,-0.1196,-0.1276,-0.1288,-0.1259,-0.1207,-0.1144,-0.1079,-0.1018,-0.0967,-0.0926,-0.3687,-0.382,-0.4087,-0.4268,-0.3735,-0.3658,-0.3893,-0.4334,-0.4969,-0.521,-0.4808,-0.4522,-0.4523,-0.4882,-0.6124,-0.6796,-0.4504,-0.2497,-0.076,0.1498,0.4436,0.4061,0.1671,0.0143,-0.0652,-0.1055,-0.124,-0.1295,-0.1275,-0.1213,-0.1131,-0.1041,-0.0955,-0.088,-0.082,-0.0777,-0.3501,-0.3435,-0.3152,-0.2379,-0.2469,-0.3105,-0.3363,-0.388,-0.5641,-0.6524,-0.5037,-0.4561,-0.4597,-0.4892,-0.6011,-0.6901,-0.4554,-0.2872,-0.1659,-0.0382,0.0868,0.1059,0.0311,-0.047,-0.1006,-0.1302,-0.1406,-0.1383,-0.1292,-0.1171,-0.104,-0.0914,-0.0801,-0.0708,-0.0639,-0.0594,-0.3365,-0.3218,-0.287,-0.2329,-0.2412,-0.2801,-0.2623,-0.2446,-0.4049,-0.5355,-0.4672,-0.4494,-0.4649,-0.4891,-0.4871,-0.4615,-0.3674,-0.2509,-0.1874,-0.1411,-0.0869,-0.0626,-0.0782,-0.1143,-0.1518,-0.1731,-0.1703,-0.1533,-0.1323,-0.1115,-0.092,-0.0744,-0.0597,-0.0484,-0.0409,-0.0369,-0.3305,-0.3185,-0.2991,-0.28,-0.2772,-0.2672,-0.2072,-0.1148,-0.2023,-0.3648,-0.4214,-0.4374,-0.4616,-0.4986,-0.4777,-0.4041,-0.3193,-0.1585,-0.1405,-0.171,-0.1519,-0.1353,-0.1384,-0.1652,-0.2111,-0.2374,-0.2126,-0.1707,-0.1333,-0.1016,-0.0742,-0.0508,-0.0321,-0.0188,-0.0112,-0.0086,-0.3295,-0.3221,-0.3123,-0.303,-0.2941,-0.2738,-0.2274,-0.171,-0.22,-0.3488,-0.4157,-0.4258,-0.4368,-0.5751,-0.4459,-0.3846,-0.3181,-0.2123,-0.1785,-0.1847,-0.1708,-0.1595,-0.1625,-0.1906,-0.2566,-0.2992,-0.2456,-0.1773,-0.1249,-0.083,-0.0471,-0.0167,0.0065,0.0213,0.0276,0.0269,-0.3307,-0.3266,-0.3215,-0.316,-0.309,-0.2971,-0.2801,-0.2753,-0.3172,-0.389,-0.4371,-0.4552,-0.4769,-0.4964,-0.4226,-0.3667,-0.1226,-0.2131,-0.2053,-0.182,-0.1594,-0.153,-0.1614,-0.1846,-0.233,-0.2643,-0.2202,-0.1561,-0.1006,-0.0516,-0.0065,0.0325,0.0613,0.0766,0.0789,0.0715,-0.3325,-0.3307,-0.3286,-0.3265,-0.3242,-0.3221,-0.3238,-0.3383,-0.3749,-0.4279,-0.4759,-0.4853,-0.4857,-0.4766,-0.4123,-0.2915,-0.1584,-0.1973,-0.1797,-0.1512,-0.1172,-0.1246,-0.148,-0.1635,-0.1791,-0.1832,-0.1575,-0.1127,-0.0614,-0.0062,0.0513,0.1041,0.1407,0.1539,0.1462,0.1264,-0.3342,-0.3342,-0.3343,-0.335,-0.3368,-0.3409,-0.3501,-0.3685,-0.3987,-0.4384,-0.4742,-0.4866,-0.557,-0.5845,-0.448,-0.3489,-0.2556,-0.1562,-0.079,-0.1035,-0.1072,-0.118,-0.1405,-0.1461,-0.1427,-0.1317,-0.1083,-0.0697,-0.0165,0.0505,0.1297,0.2078,0.2571,0.2613,0.2322,0.1904,-0.3355,-0.3367,-0.3385,-0.3412,-0.3454,-0.3523,-0.3635,-0.3804,-0.4036,-0.4307,-0.4564,-0.4877,-0.5713,-0.5888,-0.4954,-0.4316,-0.2795,-0.0088,0.2267,-0.0217,-0.119,-0.137,-0.142,-0.1348,-0.1225,-0.1136,-0.094,-0.0441,0.0256,0.1132,0.2276,0.3527,0.423,0.4016,0.3313,0.257,-0.336,-0.3382,-0.341,-0.3448,-0.3501,-0.3578,-0.3684,-0.3827,-0.4003,-0.4199,-0.4406,-0.4652,-0.4956,-0.515,-0.5972,-0.6385,-0.3546,-0.0672,0.0785,-0.1132,-0.1555,-0.1576,-0.1473,-0.1263,-0.1113,-0.1387,-0.1411,-0.0353,0.0691,0.1755,0.3257,0.5163,0.613,0.5434,0.4186,0.3108,-0.3359,-0.3385,-0.3418,-0.3461,-0.3516,-0.3589,-0.3682,-0.3797,-0.393,-0.4074,-0.4225,-0.4385,-0.4561,-0.4853,-0.5656,-0.5795,-0.3798,-0.2201,-0.238,-0.2844,-0.2104,-0.1841,-0.1598,-0.1198,-0.0848,-0.1268,-0.1387,0.0366,0.1417,0.2353,0.3771,0.5824,0.6871,0.5951,0.4511,0.3332,-0.3349,-0.3377,-0.3412,-0.3454,-0.3506,-0.357,-0.3647,-0.3737,-0.3835,-0.3937,-0.4039,-0.4139,-0.4245,-0.4391,-0.4551,-0.4315,-0.3462,-0.267,-0.2494,-0.2519,-0.2298,-0.2207,-0.1975,-0.1286,-0.0311,0.0778,0.2364,0.2459,0.2595,0.31,0.3808,0.4964,0.5678,0.5175,0.4154,0.3196,-0.3332,-0.336,-0.3393,-0.3432,-0.3478,-0.3531,-0.3592,-0.3659,-0.3729,-0.3797,-0.3859,-0.3911,-0.395,-0.3966,-0.3905,-0.3653,-0.3204,-0.2764,-0.2522,-0.2449,-0.2548,-0.2979,-0.3009,-0.1807,-0.0078,0.1987,0.3868,0.3609,0.4243,0.4461,0.4132,0.4161,0.4313,0.4074,0.3499,0.2845,-0.3309,-0.3335,-0.3364,-0.3398,-0.3437,-0.3479,-0.3525,-0.3573,-0.3619,-0.366,-0.369,-0.3705,-0.3695,-0.3647,-0.3532,-0.3321,-0.3033,-0.2749,-0.2556,-0.2515,-0.2785,-0.3617,-0.3899,-0.2316,-0.0275,0.1647,0.3099,0.4636,0.7135,0.6485,0.4843,0.3964,0.36,0.3304,0.2909,0.2452,-0.328,-0.3303,-0.3329,-0.3357,-0.3387,-0.3419,-0.3451,-0.3483,-0.3509,-0.3528,-0.3534,-0.3522,-0.3485,-0.3411,-0.3289,-0.3113,-0.2901,-0.2692,-0.2535,-0.2491,-0.2662,-0.3074,-0.3065,-0.1968,-0.0366,0.1263,0.2904,0.519,0.7512,0.6789,0.4994,0.3832,0.3211,0.2813,0.2457,0.2097]}]