docs/data/wind_grid.json
[{"header":{"la1":42.85,"la2":41.18,"lo1":11.55,"lo2":14.05,"nx":36,"ny":24,"dx":0.07143,"dy":0.07261,"parameterCategory":2,"parameterNumber":2,"parameterNumberName":"eastward_wind","parameterUnit":"m.s-1"},"data":[3.3412,3.3489,3.3559,3.3617,3.3656,3.3664,3.3627,3.3527,3.3351,3.3092,3.2755,3.2351,3.1896,3.1406,3.0895,3.0381,2.9891,2.9453,2.9098,2.8845,2.8694,2.8626,2.8612,2.8626,2.8646,2.8663,2.8669,2.8663,2.8646,2.8618,2.8583,2.8543,2.8499,2.8454,2.841,2.8368,3.3587,3.3689,3.379,3.3884,3.3965,3.4017,3.4021,3.3947,3.3769,3.3476,3.3075,3.2589,3.204,3.1447,3.0823,3.0187,2.9568,2.9016,2.8585,2.8314,2.8199,2.8201,2.8265,2.8348,2.8424,2.848,2.8513,2.8524,2.8517,2.8494,2.8461,2.842,2.8374,2.8327,2.828,2.8236,3.3761,3.3892,3.4027,3.4166,3.4302,3.4421,3.4494,3.4473,3.4306,3.3967,3.3476,3.2878,3.2212,3.1495,3.0734,2.9935,2.9131,2.8397,2.7846,2.7561,2.7532,2.7666,2.786,2.8046,2.8193,2.8297,2.8359,2.8387,2.8388,2.8368,2.8334,2.829,2.824,2.8189,2.8139,2.8092,3.3931,3.4091,3.4264,3.4452,3.4657,3.487,3.5059,3.5144,3.5012,3.4602,3.3971,3.3219,3.2409,3.1555,3.0637,2.9633,2.8555,2.7516,2.675,2.6466,2.6629,2.7011,2.7411,2.7737,2.7971,2.8124,2.8213,2.8254,2.826,2.824,2.8201,2.8152,2.8096,2.8039,2.7984,2.7934,3.4091,3.4279,3.4488,3.4726,3.5005,3.5336,3.5703,3.5993,3.5951,3.5413,3.4547,3.3586,3.2618,3.1629,3.0559,2.9325,2.7867,2.6299,2.5113,2.4874,2.5459,2.6277,2.6969,2.746,2.7779,2.7975,2.8084,2.8131,2.8135,2.8109,2.8063,2.8004,2.7938,2.7873,2.7811,2.7756,3.4236,3.4449,3.4689,3.4968,3.5308,3.5748,3.6331,3.6967,3.7122,3.6337,3.5112,3.3915,3.2807,3.1718,3.0542,2.912,2.7245,2.4885,2.291,2.2817,2.4198,2.5636,2.6642,2.727,2.7647,2.7863,2.7976,2.8019,2.8014,2.7976,2.7915,2.7842,2.7763,2.7686,2.7615,2.7555,3.4363,3.4598,3.4861,3.5164,3.553,3.6011,3.6698,3.7609,3.7989,3.6932,3.5448,3.4127,3.294,3.1806,3.0611,2.9157,2.7108,2.4162,2.1346,2.1428,2.3577,2.5426,2.6562,2.7217,2.759,2.7794,2.7891,2.7917,2.7893,2.7835,2.7754,2.7661,2.7565,2.7472,2.7391,2.7324,3.447,3.4723,3.5004,3.532,3.5682,3.6115,3.6661,3.7289,3.749,3.6706,3.5498,3.4229,3.3005,3.1855,3.072,2.9432,2.7701,2.5259,2.2874,2.2772,2.44,2.5858,2.677,2.73,2.76,2.7758,2.7822,2.782,2.7769,2.7683,2.7575,2.7455,2.7334,2.7223,2.7128,2.7055,3.4555,3.4825,3.5125,3.5455,3.5816,3.6207,3.6621,3.6994,3.7139,3.6777,3.5748,3.436,3.2994,3.1792,3.0733,2.9698,2.8503,2.707,2.5787,2.544,2.5955,2.6621,2.7125,2.7451,2.7643,2.7738,2.7759,2.7721,2.7635,2.7513,2.7368,2.7212,2.7061,2.6925,2.6815,2.6735,3.4615,3.4903,3.5224,3.558,3.5968,3.6386,3.6855,3.7486,3.8356,3.8375,3.6618,3.4568,3.2867,3.1507,3.0463,2.9661,2.8872,2.8026,2.733,2.7002,2.7028,2.7218,2.7419,2.7575,2.7672,2.771,2.7691,2.7615,2.7487,2.7319,2.7124,2.692,2.6728,2.6562,2.6434,2.6351,3.4644,3.4948,3.5295,3.5688,3.6126,3.6597,3.711,3.7946,4.0215,4.131,3.7573,3.4675,3.2639,3.0972,2.9641,2.9155,2.8684,2.7926,2.7422,2.7326,2.738,2.7457,2.7535,2.7605,2.7653,2.766,2.7611,2.7498,2.7321,2.7091,2.6828,2.6559,2.6311,2.6107,2.5962,2.588,3.4636,3.4951,3.5318,3.5748,3.6246,3.6777,3.7165,3.7348,3.8942,3.9673,3.7049,3.4842,3.2785,3.196,2.7111,2.8188,2.8182,2.6667,2.6193,2.6855,2.7257,2.7387,2.7451,2.7517,2.7573,2.7587,2.7527,2.7377,2.7138,2.6822,2.6462,2.6099,2.5774,2.5522,2.5362,2.5296,3.4585,3.49,3.5273,3.5722,3.6271,3.6915,3.7429,3.5419,3.9033,3.7621,3.6498,3.6636,3.455,2.7428,2.1178,2.8119,2.8195,2.4313,2.4138,2.6314,2.6963,2.7064,2.7152,2.73,2.7442,2.751,2.7461,2.7273,2.6946,2.6505,2.5998,2.5493,2.506,2.4751,2.4587,2.456,3.4487,3.4786,3.5142,3.5573,3.6114,3.6818,3.7831,3.9827,3.9172,3.6793,3.6225,3.9563,4.0279,3.4241,3.0191,3.0722,3.0603,2.6955,2.5818,2.6602,2.6465,2.6318,2.6557,2.6956,2.7297,2.7483,2.7467,2.7227,2.6767,2.6129,2.5391,2.4667,2.4078,2.3705,2.3567,2.3629,3.4345,3.4614,3.4926,3.5296,3.574,3.628,3.6908,3.7339,3.6701,3.5388,3.4763,3.5229,3.52,3.512,3.3065,3.3656,3.5864,3.1359,2.8326,2.6521,2.4814,2.459,2.5565,2.6551,2.7238,2.7609,2.7642,2.7316,2.6641,2.5683,2.4568,2.3494,2.2677,2.225,2.2209,2.2452,3.4166,3.4394,3.4647,3.4929,3.5234,3.5535,3.5747,3.5664,3.508,3.4162,3.3354,3.2586,3.3117,3.3609,3.3045,3.3556,3.4662,3.1534,2.8496,2.5186,2.0983,2.1707,2.4511,2.6337,2.7447,2.8066,2.816,2.7671,2.6637,2.5155,2.3415,2.1761,2.0615,2.0198,2.0413,2.1,3.3963,3.4145,3.4336,3.453,3.471,3.484,3.4852,3.4659,3.4226,3.3662,3.323,3.2902,3.2527,3.2346,3.2354,3.2084,3.1475,2.9717,2.7869,2.5211,2.0507,2.1461,2.4613,2.6686,2.8154,2.9146,2.9322,2.8497,2.6847,2.454,2.1776,1.9157,1.756,1.7353,1.8135,1.9315,3.3745,3.3884,3.4019,3.4142,3.4234,3.4269,3.4208,3.4025,3.373,3.3394,3.3092,3.2763,3.2314,3.211,3.1739,3.1198,3.0232,2.8292,2.712,2.6718,2.4958,2.4679,2.5938,2.7551,2.9445,3.1264,3.1594,2.9963,2.7306,2.3865,1.9579,1.5427,1.3309,1.3758,1.5571,1.7601,3.3524,3.3624,3.3714,3.3785,3.3821,3.3806,3.3724,3.3566,3.3346,3.3094,3.2827,3.2525,3.2187,3.1777,3.1164,3.0946,3.0024,2.8312,2.7437,2.7463,2.6911,2.6531,2.6957,2.8274,3.0806,3.4344,3.5019,3.1552,2.7706,2.3274,1.7337,1.1297,0.8784,1.0355,1.3421,1.6292,3.3305,3.3374,3.3429,3.3462,3.3464,3.3423,3.3333,3.3191,3.3006,3.2786,3.2536,3.2246,3.1901,3.1468,3.1041,3.0811,2.9943,2.8684,2.7927,2.7832,2.7385,2.6893,2.7008,2.8124,3.0616,3.4621,3.5435,3.0847,2.7357,2.307,1.6619,0.9764,0.7136,0.9216,1.2747,1.5888,3.3095,3.3138,3.3166,3.3172,3.3151,3.3095,3.3,3.2866,3.2695,3.249,3.225,3.1967,3.1634,3.1254,3.087,3.0438,2.9707,2.8775,2.806,2.7712,2.7023,2.6047,2.5828,2.687,2.8538,2.9302,2.7378,2.7103,2.6356,2.3373,1.8203,1.2645,1.0144,1.131,1.396,1.656,3.2894,3.2917,3.2924,3.2911,3.2873,3.2807,3.2708,3.2577,3.2412,3.2215,3.1982,3.1709,3.1394,3.1036,3.0637,3.0154,2.9519,2.8775,2.8055,2.7267,2.5837,2.3704,2.312,2.4927,2.666,2.6555,2.5001,2.5567,2.5696,2.3865,2.0498,1.6877,1.482,1.4913,1.6279,1.7972,3.2703,3.271,3.2701,3.2674,3.2624,3.255,3.2448,3.2317,3.2156,3.1963,3.1737,3.1474,3.1171,3.0824,3.0425,2.9948,2.9369,2.8691,2.7896,2.6777,2.4814,2.1985,2.1266,2.3661,2.5686,2.6176,2.583,2.5789,2.5517,2.4301,2.2256,2.0053,1.8559,1.8181,1.8681,1.9606,3.2524,3.2518,3.2496,3.2458,3.2399,3.2318,3.2213,3.2082,3.1923,3.1735,3.1515,3.1261,3.0969,3.0633,3.0245,2.9789,2.925,2.8606,2.7803,2.6688,2.5056,2.3226,2.2784,2.4116,2.5483,2.6067,2.6094,2.5935,2.5533,2.4681,2.3422,2.2074,2.1047,2.0588,2.0672,2.1114]},{"header":{"la1":42.85,"la2":41.18,"lo1":11.55,"lo2":14.05,"nx":36,"ny":24,"dx":0.07143,"dy":0.07261,"parameterCategory":2,"parameterNumber":3,"parameterNumberName":"northward_wind","parameterUnit":"m.s-1"},"data":[1.0303,1.0006,0.9683,0.9342,0.8997,0.8673,0.8403,0.822,0.8139,0.8148,0.8205,0.825,0.8229,0.8106,0.7869,0.7537,0.7155,0.6799,0.6553,0.6484,0.6614,0.6918,0.7342,0.7826,0.8324,0.8805,0.9252,0.9658,1.0022,1.0346,1.0634,1.0888,1.1113,1.1313,1.1491,1.1649,1.0232,0.9885,0.9495,0.9065,0.861,0.8165,0.7785,0.7536,0.7465,0.7557,0.7736,0.7896,0.7942,0.7816,0.7499,0.7008,0.6411,0.583,0.542,0.5304,0.5515,0.5988,0.661,0.7283,0.7937,0.854,0.9079,0.9552,0.9964,1.0323,1.0635,1.0906,1.1144,1.1352,1.1535,1.1697,1.0187,0.9788,0.932,0.8776,0.8165,0.7525,0.6944,0.6558,0.6489,0.6735,0.7145,0.7513,0.7682,0.757,0.7143,0.6416,0.5469,0.4497,0.3796,0.362,0.4011,0.4797,0.5745,0.669,0.755,0.8299,0.8938,0.948,0.9939,1.0329,1.0662,1.0948,1.1194,1.1408,1.1594,1.1757,1.0183,0.9735,0.9185,0.8509,0.769,0.6745,0.5791,0.5096,0.499,0.5534,0.6386,0.7119,0.7493,0.7416,0.6855,0.5793,0.4285,0.2613,0.1366,0.1128,0.1934,0.3309,0.4778,0.6099,0.7208,0.8115,0.8855,0.946,0.9959,1.0373,1.0721,1.1016,1.1267,1.1482,1.1669,1.1831,1.0236,0.9753,0.9134,0.8329,0.7268,0.5894,0.4276,0.2874,0.2591,0.3753,0.5458,0.6785,0.7444,0.7428,0.6724,0.5246,0.2912,-0.0005,-0.2331,-0.2579,-0.0825,0.1613,0.3837,0.5612,0.6979,0.8032,0.8855,0.9507,1.0032,1.0461,1.0816,1.1112,1.1363,1.1576,1.176,1.1919,1.036,0.9866,0.9215,0.8327,0.7067,0.5232,0.2644,-0.0211,-0.1076,0.1397,0.4591,0.6684,0.7635,0.7678,0.6867,0.5015,0.1726,-0.3085,-0.7414,-0.7483,-0.3858,0.0137,0.3205,0.5386,0.6947,0.8094,0.8962,0.9634,1.0167,1.0595,1.0946,1.1237,1.1482,1.1689,1.1866,1.2019,1.0561,1.009,0.9463,0.8588,0.7298,0.5271,0.199,-0.2545,-0.4403,-0.0089,0.4547,0.7087,0.8145,0.8205,0.7374,0.5407,0.1645,-0.4629,-1.1088,-1.0853,-0.533,-0.0226,0.3257,0.5575,0.7177,0.8329,0.9188,0.9846,1.0363,1.0776,1.1112,1.139,1.1622,1.1819,1.1987,1.2131,1.0833,1.0419,0.9875,0.9127,0.804,0.6362,0.3685,0.0026,-0.1344,0.2295,0.6005,0.8074,0.895,0.8959,0.8188,0.6462,0.3269,-0.195,-0.7387,-0.7483,-0.3104,0.114,0.4148,0.6214,0.7671,0.8732,0.9527,1.0137,1.0615,1.0997,1.1308,1.1565,1.1781,1.1964,1.212,1.2254,1.116,1.0826,1.0403,0.9852,0.9107,0.8074,0.6687,0.526,0.4947,0.6208,0.7927,0.9272,0.989,0.9791,0.9077,0.7702,0.5483,0.2466,-0.0278,-0.0735,0.1093,0.3489,0.5555,0.7153,0.8357,0.9264,0.9954,1.0488,1.0909,1.1248,1.1525,1.1757,1.1953,1.2119,1.2262,1.2384,1.1519,1.1272,1.0977,1.0624,1.0198,0.9678,0.9021,0.8171,0.7212,0.7203,0.8832,1.0315,1.0811,1.0502,0.9724,0.8532,0.6756,0.4713,0.3297,0.3138,0.4088,0.5532,0.6966,0.8177,0.9132,0.9867,1.0433,1.0874,1.1225,1.1513,1.1753,1.1957,1.2131,1.2281,1.2409,1.2519,1.1889,1.1721,1.1536,1.134,1.114,1.0932,1.0607,0.9586,0.6258,0.4654,0.9023,1.1431,1.1723,1.0889,0.9731,0.8684,0.6557,0.3674,0.244,0.344,0.5187,0.6818,0.8138,0.9154,0.9917,1.0489,1.0923,1.1263,1.1539,1.1773,1.1977,1.2154,1.231,1.2444,1.2559,1.2658,1.2251,1.215,1.2048,1.1955,1.1889,1.1871,1.1911,1.1741,0.9335,0.7569,1.1117,1.3276,1.286,1.2015,0.7784,0.834,0.5033,-0.2436,-0.3934,0.1053,0.5234,0.771,0.9173,1.0085,1.0682,1.1089,1.1385,1.1618,1.1821,1.2007,1.218,1.234,1.2482,1.2605,1.271,1.2797,1.2599,1.2549,1.2505,1.2475,1.2468,1.2505,1.2625,1.2742,1.2588,1.2411,1.4304,1.6536,1.5371,0.796,0.2711,0.9386,0.4592,-1.4001,-1.4414,-0.0894,0.5913,0.8894,1.0299,1.102,1.1407,1.1625,1.1768,1.1895,1.2033,1.2188,1.2349,1.2504,1.2643,1.2761,1.2858,1.2936,1.2927,1.2919,1.292,1.2931,1.2953,1.2982,1.3013,1.3086,1.3299,1.4392,1.6418,1.9781,2.0617,1.9093,1.389,1.4841,1.2764,-0.1967,-0.5177,0.3626,0.8636,1.071,1.1581,1.1945,1.2048,1.2029,1.1999,1.2027,1.213,1.2288,1.247,1.2644,1.2794,1.2914,1.3006,1.3075,1.3236,1.3264,1.3304,1.3356,1.3421,1.3495,1.3593,1.3811,1.4478,1.5812,1.7334,1.8882,2.0117,2.3326,1.8905,2.2573,2.919,1.6875,1.0485,1.0901,1.2004,1.2493,1.2754,1.2747,1.2504,1.2182,1.1955,1.1917,1.2053,1.2287,1.2541,1.2768,1.2945,1.307,1.3155,1.3213,1.3524,1.3585,1.3663,1.3761,1.3885,1.4052,1.4306,1.476,1.5578,1.669,1.7284,1.9995,1.9955,2.0143,1.9784,2.2938,2.6774,2.1065,1.7285,1.4981,1.277,1.292,1.3528,1.3323,1.2624,1.1858,1.1406,1.1412,1.174,1.2178,1.2586,1.2902,1.3113,1.3239,1.3309,1.335,1.3791,1.3881,1.3993,1.4134,1.4316,1.4561,1.4914,1.5441,1.6181,1.6993,1.7398,1.8677,1.9554,1.9703,1.9651,2.0686,2.1914,2.2558,2.2586,1.8523,1.3124,1.3434,1.4338,1.3674,1.2164,1.0615,0.992,1.029,1.1156,1.2006,1.2659,1.3088,1.3323,1.3427,1.3466,1.3482,1.4033,1.4148,1.4288,1.4462,1.4683,1.497,1.5351,1.5853,1.6467,1.7117,1.7731,1.8487,1.9387,1.9649,1.9693,2.0343,2.2065,2.6644,3.0795,2.4585,1.8962,1.6735,1.5667,1.3789,1.0818,0.7677,0.6759,0.8389,1.0424,1.1899,1.2835,1.3361,1.3578,1.3622,1.3613,1.3602,1.425,1.4383,1.4543,1.4738,1.4978,1.5277,1.5648,1.6098,1.6614,1.7163,1.7725,1.8319,1.8899,1.9359,1.9941,2.0206,2.2062,2.6651,2.9758,2.7903,2.3592,1.974,1.6978,1.3857,0.9079,0.2934,0.1687,0.6445,1.0124,1.2062,1.3118,1.3649,1.3798,1.3771,1.3724,1.3698,1.444,1.4586,1.4758,1.4963,1.5208,1.5501,1.5848,1.6249,1.6694,1.7169,1.7662,1.8172,1.8699,1.9285,1.9921,2.0307,2.1923,2.5435,3.049,3.2371,2.6039,2.1254,1.8034,1.4639,0.9646,0.2589,0.1154,0.8077,1.1317,1.2664,1.3397,1.3771,1.3858,1.3824,1.3789,1.3773,1.4605,1.4757,1.4935,1.5142,1.5383,1.5662,1.5983,1.6342,1.6735,1.7155,1.7595,1.806,1.8563,1.9127,1.9735,2.044,2.1812,2.4337,2.771,2.8459,2.472,2.1337,1.9103,1.6453,1.3233,1.1822,1.5268,1.5119,1.3894,1.3628,1.3698,1.3798,1.3837,1.384,1.384,1.3844,1.4744,1.49,1.5078,1.5282,1.5514,1.5777,1.6072,1.6397,1.675,1.7126,1.7524,1.795,1.8413,1.8927,1.9507,2.0227,2.1273,2.2707,2.4027,2.4001,2.2422,2.1222,2.0637,1.8567,1.6218,1.6646,1.9733,1.8203,1.5656,1.4519,1.4109,1.3969,1.3926,1.392,1.3925,1.3933,1.4861,1.5017,1.5192,1.5389,1.561,1.5857,1.6128,1.6424,1.6742,1.7082,1.7442,1.7828,1.8245,1.8703,1.9218,1.9823,2.0549,2.1324,2.1857,2.1782,2.1305,2.1463,2.1649,1.9762,1.7588,1.7081,1.7715,1.721,1.5941,1.5012,1.4504,1.4248,1.4127,1.4075,1.4054,1.4045,1.4958,1.5111,1.5281,1.547,1.5679,1.5908,1.6158,1.6428,1.6716,1.7023,1.7348,1.7693,1.8063,1.8461,1.8893,1.9365,1.9862,2.0316,2.0599,2.0638,2.0615,2.0845,2.0753,1.9499,1.7957,1.7098,1.6815,1.6436,1.5816,1.5223,1.4794,1.4519,1.4355,1.4261,1.4207,1.4173]}]