docs/data/wind_grid.json
[{"header":{"la1":42.85,"la2":41.18,"lo1":11.55,"lo2":14.05,"nx":36,"ny":24,"dx":0.07143,"dy":0.07261,"parameterCategory":2,"parameterNumber":2,"parameterNumberName":"eastward_wind","parameterUnit":"m.s-1"},"data":[-0.5079,-0.5088,-0.5086,-0.507,-0.5032,-0.4961,-0.4844,-0.466,-0.4389,-0.4011,-0.3512,-0.2887,-0.2146,-0.1338,-0.0568,0.001,0.0266,0.0189,-0.011,-0.0492,-0.0859,-0.1169,-0.1412,-0.1595,-0.1729,-0.1826,-0.1894,-0.1941,-0.1971,-0.1991,-0.2002,-0.2008,-0.201,-0.201,-0.201,-0.201,-0.521,-0.5236,-0.5255,-0.5263,-0.5254,-0.5216,-0.5129,-0.4964,-0.4688,-0.4268,-0.3677,-0.2893,-0.1906,-0.0749,0.0428,0.132,0.1621,0.1318,0.0691,0.0026,-0.0537,-0.0966,-0.1278,-0.15,-0.1655,-0.1762,-0.1835,-0.1883,-0.1914,-0.1932,-0.1942,-0.1946,-0.1947,-0.1946,-0.1945,-0.1945,-0.5344,-0.5388,-0.5431,-0.547,-0.5501,-0.5512,-0.5479,-0.5361,-0.5101,-0.4648,-0.3963,-0.3009,-0.1729,-0.0085,0.1775,0.3265,0.3614,0.2815,0.1603,0.0526,-0.0269,-0.0816,-0.1186,-0.1434,-0.16,-0.1711,-0.1783,-0.1829,-0.1857,-0.1872,-0.1879,-0.1881,-0.188,-0.1877,-0.1876,-0.1875,-0.5476,-0.5541,-0.5609,-0.5683,-0.5762,-0.5841,-0.5898,-0.5873,-0.5664,-0.5185,-0.4406,-0.3299,-0.1753,0.0419,0.3235,0.576,0.6146,0.4427,0.2375,0.0851,-0.0136,-0.0758,-0.1151,-0.1403,-0.1566,-0.1671,-0.1737,-0.1777,-0.1799,-0.1809,-0.1812,-0.181,-0.1806,-0.1803,-0.18,-0.1799,-0.5605,-0.5688,-0.5781,-0.5888,-0.6017,-0.618,-0.6371,-0.6513,-0.641,-0.589,-0.4995,-0.3787,-0.2137,0.0277,0.374,0.7234,0.7662,0.5101,0.2499,0.0798,-0.0211,-0.0812,-0.1178,-0.1407,-0.1551,-0.1641,-0.1695,-0.1725,-0.1739,-0.1742,-0.1739,-0.1733,-0.1726,-0.172,-0.1717,-0.1716,-0.5726,-0.5826,-0.5939,-0.6072,-0.6241,-0.6478,-0.6823,-0.7228,-0.731,-0.6673,-0.5612,-0.4386,-0.288,-0.0788,0.2139,0.5104,0.5624,0.3685,0.1647,0.0307,-0.0488,-0.0961,-0.1251,-0.1433,-0.1546,-0.1614,-0.1652,-0.167,-0.1673,-0.1668,-0.1658,-0.1647,-0.1636,-0.1628,-0.1624,-0.1624,-0.5838,-0.5952,-0.6079,-0.6226,-0.641,-0.6669,-0.7082,-0.7689,-0.7957,-0.7166,-0.6034,-0.4939,-0.3746,-0.2275,-0.0469,0.1217,0.1794,0.1186,0.0294,-0.0394,-0.0849,-0.1143,-0.1335,-0.146,-0.1538,-0.1583,-0.1603,-0.1606,-0.1598,-0.1583,-0.1566,-0.1549,-0.1535,-0.1525,-0.152,-0.1522,-0.5939,-0.6065,-0.6203,-0.6356,-0.6531,-0.6749,-0.705,-0.7447,-0.7578,-0.7003,-0.6196,-0.5375,-0.4501,-0.3525,-0.2457,-0.1469,-0.0858,-0.0701,-0.0799,-0.0968,-0.1133,-0.1275,-0.1387,-0.1466,-0.1515,-0.1539,-0.1541,-0.1529,-0.1509,-0.1484,-0.1458,-0.1436,-0.1418,-0.1407,-0.1403,-0.1407,-0.6029,-0.6167,-0.6316,-0.6475,-0.6642,-0.6815,-0.6985,-0.712,-0.7111,-0.686,-0.638,-0.5755,-0.5076,-0.4366,-0.3608,-0.2824,-0.2116,-0.1593,-0.1295,-0.1194,-0.1219,-0.1297,-0.1377,-0.1437,-0.1469,-0.1476,-0.1462,-0.1436,-0.1402,-0.1366,-0.1332,-0.1304,-0.1284,-0.1272,-0.127,-0.1278,-0.6106,-0.6256,-0.6419,-0.6594,-0.6773,-0.6948,-0.71,-0.7222,-0.7327,-0.7248,-0.6758,-0.6118,-0.5494,-0.4894,-0.424,-0.3424,-0.2485,-0.1636,-0.112,-0.0977,-0.1052,-0.1185,-0.1298,-0.1368,-0.1396,-0.1391,-0.1363,-0.132,-0.1272,-0.1225,-0.1183,-0.1149,-0.1127,-0.1116,-0.1118,-0.1131,-0.6168,-0.6331,-0.651,-0.6708,-0.692,-0.714,-0.734,-0.7492,-0.7737,-0.7868,-0.7149,-0.6443,-0.5785,-0.5202,-0.4623,-0.3659,-0.2224,-0.0773,-0.0094,-0.0247,-0.0646,-0.0972,-0.1173,-0.1273,-0.1303,-0.1285,-0.1238,-0.1178,-0.1114,-0.1054,-0.1004,-0.0966,-0.0943,-0.0935,-0.0943,-0.0966,-0.621,-0.6383,-0.6578,-0.6799,-0.705,-0.7332,-0.7625,-0.7811,-0.7767,-0.7713,-0.732,-0.6883,-0.6053,-0.5205,-0.488,-0.3733,-0.1357,0.1609,0.2296,0.097,-0.0144,-0.0754,-0.1052,-0.1175,-0.1196,-0.1157,-0.1085,-0.1001,-0.0919,-0.0847,-0.0789,-0.0748,-0.0727,-0.0725,-0.0743,-0.0779,-0.623,-0.6409,-0.6612,-0.6846,-0.7119,-0.7438,-0.7797,-0.8078,-0.7923,-0.7684,-0.7714,-0.8148,-0.7212,-0.5178,-0.4981,-0.3608,-0.0348,0.5313,0.5462,0.1894,0.0089,-0.0673,-0.0989,-0.1094,-0.108,-0.1,-0.0891,-0.0778,-0.0677,-0.0594,-0.0531,-0.049,-0.0472,-0.048,-0.0513,-0.0568,-0.6225,-0.6403,-0.6605,-0.6836,-0.7102,-0.7403,-0.7715,-0.7944,-0.7902,-0.7874,-0.823,-0.9874,-0.9998,-0.5222,-0.5118,-0.2952,-0.0173,0.2961,0.3419,0.1107,-0.024,-0.0794,-0.1001,-0.1031,-0.0948,-0.0801,-0.0637,-0.049,-0.0373,-0.0285,-0.0223,-0.0185,-0.0174,-0.0196,-0.025,-0.033,-0.6196,-0.6366,-0.6558,-0.6774,-0.7013,-0.727,-0.7517,-0.7709,-0.7881,-0.8289,-0.8806,-0.8849,-0.791,-0.7903,-0.5317,-0.1074,0.2285,0.0688,0.035,-0.0293,-0.0797,-0.0991,-0.1044,-0.0968,-0.0774,-0.0524,-0.0288,-0.011,0.0008,0.0086,0.0139,0.0171,0.0173,0.0133,0.005,-0.0067,-0.6143,-0.6303,-0.6479,-0.6672,-0.6883,-0.7104,-0.7332,-0.7589,-0.802,-0.9012,-1.0848,-0.9878,-0.855,-0.6859,-0.505,-0.1527,0.1047,-0.0247,-0.0793,-0.0992,-0.1039,-0.1069,-0.1071,-0.0876,-0.0514,-0.0108,0.0213,0.0399,0.0482,0.0518,0.0549,0.0576,0.0573,0.051,0.0384,0.0216,-0.6072,-0.6216,-0.6374,-0.6544,-0.6728,-0.6926,-0.7149,-0.7444,-0.7945,-0.8932,-1.0402,-0.9321,-0.7204,-0.6168,-0.494,-0.308,-0.1736,-0.1279,-0.1111,-0.1202,-0.108,-0.1117,-0.1092,-0.0719,-0.0092,0.0544,0.0944,0.1071,0.105,0.0997,0.0984,0.1015,0.102,0.0929,0.0743,0.0506,-0.5984,-0.6112,-0.625,-0.6397,-0.6554,-0.6726,-0.6923,-0.7176,-0.7535,-0.8004,-0.8264,-0.7635,-0.6434,-0.5827,-0.4374,-0.3168,-0.2343,-0.1166,-0.0272,-0.1266,-0.1508,-0.141,-0.1143,-0.0475,0.055,0.1516,0.1932,0.1889,0.169,0.1486,0.1397,0.1445,0.148,0.1355,0.1089,0.0772,-0.5884,-0.5995,-0.6112,-0.6235,-0.6364,-0.6501,-0.6651,-0.6821,-0.7006,-0.7145,-0.7072,-0.6624,-0.5889,-0.4827,-0.2919,-0.228,-0.2459,-0.1626,-0.1135,-0.2283,-0.2213,-0.1845,-0.1281,-0.0248,0.1259,0.2555,0.2835,0.2696,0.2376,0.196,0.1719,0.1767,0.1849,0.1691,0.1351,0.0966,-0.5774,-0.5868,-0.5964,-0.6063,-0.6162,-0.6262,-0.6359,-0.6448,-0.6508,-0.6489,-0.6313,-0.5916,-0.5267,-0.4271,-0.2956,-0.2508,-0.2686,-0.2605,-0.3374,-0.3856,-0.2923,-0.2368,-0.1665,-0.0316,0.1606,0.2945,0.3166,0.3657,0.3216,0.244,0.1928,0.1874,0.1957,0.1799,0.1443,0.1042,-0.5659,-0.5736,-0.5812,-0.5887,-0.5957,-0.6021,-0.6071,-0.6099,-0.6082,-0.5989,-0.5781,-0.5422,-0.4895,-0.4212,-0.3521,-0.3135,-0.3004,-0.2995,-0.3293,-0.3444,-0.3231,-0.3197,-0.2722,-0.1036,0.1588,0.4247,0.6678,0.6126,0.4321,0.2917,0.2093,0.1831,0.1806,0.1658,0.1351,0.099,-0.5541,-0.5601,-0.5659,-0.5711,-0.5756,-0.5789,-0.5803,-0.5787,-0.5728,-0.5604,-0.5394,-0.5085,-0.4678,-0.421,-0.3763,-0.3434,-0.3234,-0.3159,-0.3221,-0.338,-0.385,-0.4925,-0.5056,-0.2663,0.1044,0.5273,0.8716,0.7428,0.4859,0.3147,0.2181,0.175,0.1577,0.1402,0.1147,0.0846,-0.5422,-0.5467,-0.5508,-0.5541,-0.5564,-0.5572,-0.5559,-0.5517,-0.5435,-0.5301,-0.5105,-0.4843,-0.4525,-0.4178,-0.3845,-0.3569,-0.3374,-0.3279,-0.3316,-0.3589,-0.4453,-0.6204,-0.6714,-0.3977,-0.0114,0.3574,0.5893,0.5631,0.4168,0.289,0.206,0.1596,0.1338,0.1132,0.0906,0.0655,-0.5304,-0.5336,-0.5362,-0.5379,-0.5385,-0.5374,-0.5343,-0.5284,-0.5192,-0.5058,-0.488,-0.4657,-0.4399,-0.4125,-0.3859,-0.3627,-0.3451,-0.3354,-0.338,-0.3628,-0.4279,-0.5263,-0.5357,-0.3574,-0.0906,0.1578,0.3148,0.3457,0.2955,0.2275,0.1717,0.1333,0.1072,0.0862,0.0658,0.0446]},{"header":{"la1":42.85,"la2":41.18,"lo1":11.55,"lo2":14.05,"nx":36,"ny":24,"dx":0.07143,"dy":0.07261,"parameterCategory":2,"parameterNumber":3,"parameterNumberName":"northward_wind","parameterUnit":"m.s-1"},"data":[-0.5775,-0.5866,-0.5959,-0.605,-0.6131,-0.6191,-0.6214,-0.6181,-0.6077,-0.5895,-0.5637,-0.5312,-0.4938,-0.4542,-0.4168,-0.3873,-0.3698,-0.3637,-0.3641,-0.3659,-0.366,-0.363,-0.3571,-0.3488,-0.3387,-0.3275,-0.3155,-0.3031,-0.2907,-0.2784,-0.2665,-0.255,-0.2442,-0.2341,-0.2248,-0.2163,-0.5862,-0.5974,-0.6094,-0.6221,-0.6346,-0.6455,-0.6523,-0.6519,-0.6415,-0.6199,-0.5873,-0.5452,-0.4952,-0.44,-0.386,-0.3448,-0.3262,-0.3287,-0.3408,-0.3519,-0.3576,-0.3575,-0.3526,-0.3443,-0.3337,-0.3217,-0.3087,-0.2954,-0.282,-0.2688,-0.2561,-0.2439,-0.2325,-0.2219,-0.2123,-0.2036,-0.5938,-0.6072,-0.6224,-0.6395,-0.658,-0.6763,-0.6911,-0.6968,-0.6877,-0.6613,-0.6195,-0.5652,-0.4992,-0.4219,-0.3401,-0.2764,-0.2577,-0.2798,-0.313,-0.3379,-0.3504,-0.3529,-0.3486,-0.3398,-0.3283,-0.3151,-0.301,-0.2865,-0.2721,-0.2579,-0.2442,-0.2313,-0.2193,-0.2082,-0.1982,-0.1893,-0.5998,-0.6153,-0.6337,-0.6557,-0.6819,-0.7114,-0.74,-0.7581,-0.7529,-0.7189,-0.6631,-0.5939,-0.5113,-0.409,-0.2874,-0.1841,-0.1667,-0.2251,-0.2892,-0.3291,-0.3469,-0.3503,-0.3453,-0.3352,-0.3222,-0.3076,-0.2921,-0.2763,-0.2606,-0.2453,-0.2307,-0.2169,-0.2042,-0.1926,-0.1823,-0.1732,-0.6036,-0.6205,-0.6415,-0.6683,-0.7031,-0.7477,-0.7996,-0.8434,-0.8478,-0.7977,-0.7178,-0.6316,-0.538,-0.4218,-0.2709,-0.1281,-0.1108,-0.2027,-0.2869,-0.3319,-0.3489,-0.35,-0.3425,-0.3302,-0.3152,-0.2988,-0.2817,-0.2644,-0.2473,-0.2308,-0.2151,-0.2004,-0.187,-0.1749,-0.1643,-0.1552,-0.6044,-0.6218,-0.644,-0.6739,-0.7157,-0.7759,-0.8602,-0.9531,-0.9803,-0.8933,-0.7729,-0.6713,-0.5792,-0.474,-0.3412,-0.2141,-0.1894,-0.2561,-0.3181,-0.3483,-0.3559,-0.351,-0.3394,-0.3241,-0.3067,-0.2883,-0.2694,-0.2504,-0.2319,-0.214,-0.1972,-0.1815,-0.1673,-0.1548,-0.1439,-0.1348,-0.6021,-0.6186,-0.6399,-0.6693,-0.7122,-0.7791,-0.8862,-1.0326,-1.0925,-0.9537,-0.8006,-0.7006,-0.6242,-0.5465,-0.458,-0.3767,-0.3418,-0.3512,-0.3664,-0.3702,-0.3637,-0.3509,-0.3345,-0.3159,-0.2961,-0.2756,-0.2548,-0.2341,-0.2139,-0.1946,-0.1764,-0.1597,-0.1447,-0.1317,-0.1206,-0.1117,-0.5968,-0.6109,-0.629,-0.6535,-0.6894,-0.7454,-0.8344,-0.9536,-0.9988,-0.8917,-0.7835,-0.7155,-0.6646,-0.6138,-0.5566,-0.4989,-0.4541,-0.4252,-0.4043,-0.3851,-0.366,-0.3464,-0.3261,-0.3048,-0.2828,-0.2603,-0.2376,-0.215,-0.1931,-0.1721,-0.1524,-0.1345,-0.1186,-0.1051,-0.094,-0.0854,-0.589,-0.5998,-0.6125,-0.6288,-0.6516,-0.6858,-0.7354,-0.7906,-0.8139,-0.7919,-0.7575,-0.728,-0.7025,-0.6721,-0.6294,-0.5744,-0.515,-0.4606,-0.4166,-0.3834,-0.3576,-0.335,-0.3129,-0.2901,-0.2664,-0.242,-0.2173,-0.1928,-0.1688,-0.1459,-0.1245,-0.1052,-0.0884,-0.0744,-0.0634,-0.0553,-0.58,-0.5866,-0.593,-0.5993,-0.6066,-0.6183,-0.6415,-0.6864,-0.7483,-0.7764,-0.7597,-0.7492,-0.7451,-0.7312,-0.6932,-0.6262,-0.5403,-0.4563,-0.3945,-0.358,-0.3352,-0.3156,-0.2947,-0.2716,-0.2467,-0.2205,-0.1937,-0.1669,-0.1406,-0.1155,-0.092,-0.071,-0.0531,-0.0386,-0.0279,-0.0209,-0.5707,-0.5735,-0.5736,-0.5697,-0.5605,-0.5469,-0.5414,-0.5932,-0.7768,-0.8572,-0.7773,-0.7782,-0.7973,-0.8011,-0.7637,-0.6701,-0.5332,-0.3957,-0.3185,-0.3012,-0.2985,-0.2895,-0.2725,-0.2499,-0.2239,-0.1958,-0.1666,-0.1371,-0.1081,-0.0801,-0.054,-0.0309,-0.0115,0.0034,0.0135,0.019,-0.5624,-0.5622,-0.5574,-0.5452,-0.5207,-0.4775,-0.4132,-0.3806,-0.5877,-0.7603,-0.7665,-0.8165,-0.8547,-0.8755,-0.8402,-0.7089,-0.4846,-0.2213,-0.1449,-0.2124,-0.2552,-0.2617,-0.2489,-0.2263,-0.1984,-0.1678,-0.1357,-0.1031,-0.0706,-0.039,-0.0094,0.0167,0.038,0.0533,0.0623,0.0653,-0.5558,-0.5541,-0.547,-0.5308,-0.4987,-0.4384,-0.3327,-0.2065,-0.3316,-0.6063,-0.7731,-0.8822,-0.9161,-0.9008,-0.8764,-0.7285,-0.4339,0.0649,0.0882,-0.1429,-0.2266,-0.2403,-0.2273,-0.202,-0.1707,-0.1365,-0.1008,-0.0644,-0.0277,0.0087,0.0433,0.0739,0.0979,0.1135,0.1204,0.1195,-0.5512,-0.5497,-0.5434,-0.529,-0.501,-0.451,-0.372,-0.2893,-0.375,-0.6299,-0.8169,-0.9502,-0.9912,-1.0619,-0.9018,-0.7379,-0.5365,-0.1658,-0.0673,-0.1816,-0.229,-0.2321,-0.2112,-0.1784,-0.1408,-0.1017,-0.062,-0.0214,0.0207,0.0639,0.1061,0.1435,0.1716,0.1874,0.1905,0.1831,-0.5482,-0.5483,-0.545,-0.5367,-0.5213,-0.4972,-0.4702,-0.4712,-0.5659,-0.7377,-0.8757,-0.9548,-1.0199,-1.1782,-0.9124,-0.7494,-0.7584,-0.4772,-0.2751,-0.2364,-0.2553,-0.2482,-0.2051,-0.155,-0.1075,-0.0633,-0.0202,0.0247,0.0736,0.1268,0.1812,0.2301,0.2648,0.2798,0.2757,0.2575,-0.546,-0.5483,-0.549,-0.548,-0.5458,-0.5451,-0.555,-0.5953,-0.6887,-0.8309,-0.9673,-1.063,-1.0096,-0.9541,-0.8151,-0.6902,-0.6743,-0.4242,-0.2204,-0.2161,-0.339,-0.3107,-0.2036,-0.125,-0.0681,-0.0224,0.0209,0.0697,0.1282,0.197,0.2719,0.3406,0.3856,0.3971,0.379,0.343,-0.5435,-0.5479,-0.5522,-0.5571,-0.5642,-0.5769,-0.6021,-0.6498,-0.7285,-0.8379,-0.9448,-0.9579,-0.9038,-0.8513,-0.6742,-0.5028,-0.3514,-0.0863,0.1001,-0.0567,-0.3336,-0.2953,-0.1589,-0.0738,-0.0218,0.0121,0.0483,0.1038,0.1793,0.2727,0.3812,0.484,0.5445,0.5448,0.5002,0.4363,-0.54,-0.5459,-0.5526,-0.5609,-0.5725,-0.59,-0.6171,-0.6577,-0.7133,-0.7771,-0.8246,-0.8262,-0.8202,-0.767,-0.4138,-0.1816,-0.0583,0.347,0.7027,0.2851,-0.0131,-0.0845,-0.0448,0.0018,0.0214,0.0106,0.0275,0.1121,0.2237,0.3508,0.507,0.6639,0.7437,0.7167,0.6282,0.5269,-0.5348,-0.5414,-0.5491,-0.5586,-0.571,-0.5878,-0.6105,-0.6396,-0.6732,-0.7039,-0.7175,-0.6994,-0.6371,-0.434,0.0942,0.2864,0.1093,0.3607,0.5767,0.3894,0.2088,0.1026,0.0834,0.0893,0.0546,-0.0696,-0.0922,0.1071,0.2795,0.4272,0.6248,0.8434,0.9387,0.8697,0.7314,0.5951,-0.5279,-0.5343,-0.5418,-0.5507,-0.5617,-0.5751,-0.5912,-0.6089,-0.6252,-0.6337,-0.6244,-0.5834,-0.4851,-0.27,0.0884,0.2136,0.1226,0.2442,0.4248,0.4747,0.3116,0.2254,0.2081,0.1986,0.1464,-0.0421,-0.0838,0.2602,0.4018,0.498,0.6782,0.9087,1.006,0.9204,0.7661,0.62,-0.5192,-0.5249,-0.5314,-0.5387,-0.547,-0.5561,-0.5655,-0.5736,-0.5772,-0.5712,-0.548,-0.4973,-0.4047,-0.258,-0.0873,0.0129,0.0671,0.1801,0.3248,0.3726,0.3295,0.3473,0.3697,0.3477,0.3519,0.4714,0.8063,0.7615,0.5966,0.5582,0.6512,0.8109,0.8915,0.838,0.7191,0.5959,-0.509,-0.5136,-0.5186,-0.5237,-0.529,-0.5339,-0.5374,-0.538,-0.5329,-0.5181,-0.4887,-0.4387,-0.363,-0.2634,-0.1571,-0.0662,0.0177,0.116,0.2154,0.2892,0.3856,0.5594,0.6184,0.512,0.5127,0.7778,1.1586,0.9966,0.7105,0.5882,0.5971,0.6699,0.7184,0.697,0.6257,0.5386,-0.4977,-0.501,-0.5042,-0.5072,-0.5095,-0.5105,-0.5094,-0.5045,-0.4937,-0.4743,-0.4431,-0.3972,-0.3353,-0.2602,-0.1791,-0.0981,-0.0157,0.0724,0.1658,0.2753,0.4526,0.7108,0.7768,0.6027,0.5483,0.6942,0.8665,0.8225,0.6696,0.5682,0.5422,0.561,0.5797,0.5688,0.5277,0.4703,-0.4857,-0.4876,-0.4891,-0.4899,-0.4895,-0.4874,-0.4827,-0.474,-0.4598,-0.4382,-0.4074,-0.3658,-0.3135,-0.2519,-0.1842,-0.1125,-0.0367,0.0453,0.1378,0.2542,0.4158,0.5941,0.6438,0.5555,0.5111,0.5629,0.6309,0.628,0.5688,0.512,0.4845,0.4806,0.4813,0.4705,0.4438,0.4051]}]