docs/data/wind_grid.json
{"header": {"la1":42.2,"la2":41.6,"lo1":11.9,"lo2":12.95,"nx":50,"ny":50,"dx":0.02143,"dy":0.01224,"parameterCategory":2,"parameterNumber":3,"parameterNumberName":"northward_wind","parameterUnit":"m.s-1"}, "data":
[rows 0 to 41 of 50, columns 0 to 49 of 50]
-0.1798,-0.2072,-0.2412,-0.2831,-0.3343,-0.3959,-0.4686,-0.5517,-0.6426,-0.736,-0.8226,-0.8904,-0.9265,-0.921,-0.8714,-0.7836,-0.6696,-0.5433,-0.4166,-0.2976,-0.1907,-0.0975,-0.0182,0.0473,0.0996,0.1387,0.1645,0.1765,0.1748,0.1595,0.1313,0.0915,0.0416,-0.0165,-0.0811,-0.1501,-0.2215,-0.2933,-0.3631,-0.4289,-0.4886,-0.5406,-0.5836,-0.617,-0.6409,-0.6557,-0.6625,-0.6623,-0.6566,-0.6466
-0.1698,-0.1971,-0.2315,-0.2747,-0.3283,-0.3942,-0.4736,-0.5664,-0.6705,-0.78,-0.8844,-0.9686,-1.0158,-1.013,-0.9564,-0.854,-0.7216,-0.5767,-0.4337,-0.3014,-0.1841,-0.0829,0.0026,0.0733,0.1297,0.172,0.1999,0.213,0.2107,0.1934,0.1619,0.1174,0.0619,-0.0025,-0.0739,-0.1499,-0.2285,-0.3073,-0.3838,-0.4556,-0.5204,-0.5763,-0.6218,-0.6564,-0.6801,-0.6936,-0.6983,-0.6955,-0.6868,-0.6737
-0.1581,-0.1849,-0.2192,-0.263,-0.3186,-0.3883,-0.4741,-0.5769,-0.6951,-0.8227,-0.9477,-1.0515,-1.1124,-1.1129,-1.0481,-0.9284,-0.7747,-0.6091,-0.4485,-0.3024,-0.1746,-0.0654,0.0263,0.1021,0.1628,0.2087,0.2392,0.2534,0.2507,0.2311,0.1956,0.1458,0.084,0.0125,-0.0664,-0.1503,-0.2368,-0.3234,-0.4073,-0.4859,-0.5563,-0.6164,-0.6645,-0.7001,-0.7232,-0.735,-0.737,-0.731,-0.7189,-0.7023
-0.1446,-0.1703,-0.2039,-0.2477,-0.3045,-0.3772,-0.4689,-0.5815,-0.7144,-0.8618,-1.0102,-1.137,-1.2143,-1.2188,-1.1441,-1.0043,-0.8267,-0.6386,-0.4596,-0.2996,-0.1616,-0.0448,0.0529,0.1339,0.1992,0.2491,0.2826,0.2983,0.2951,0.273,0.2329,0.177,0.108,0.0285,-0.0588,-0.1513,-0.2466,-0.3418,-0.434,-0.52,-0.5967,-0.6614,-0.7122,-0.7485,-0.7707,-0.7801,-0.7788,-0.769,-0.7528,-0.7322
-0.1292,-0.1534,-0.1856,-0.2285,-0.2854,-0.3601,-0.4566,-0.5783,-0.7258,-0.8942,-1.0684,-1.2213,-1.3176,-1.3268,-1.2405,-1.0779,-0.8742,-0.6627,-0.4653,-0.292,-0.1446,-0.0208,0.0826,0.1687,0.239,0.2934,0.3306,0.3483,0.3447,0.3195,0.2741,0.2111,0.1338,0.0455,-0.0511,-0.1531,-0.258,-0.3629,-0.4643,-0.5586,-0.6422,-0.7119,-0.7654,-0.8022,-0.8229,-0.8293,-0.8239,-0.8094,-0.7885,-0.7633
-0.112,-0.1339,-0.164,-0.205,-0.2607,-0.3358,-0.4356,-0.5649,-0.7263,-0.9157,-1.1172,-1.2987,-1.4158,-1.4298,-1.3306,-1.1435,-0.9128,-0.6783,-0.4639,-0.2788,-0.1232,0.0067,0.1153,0.2064,0.282,0.3419,0.3836,0.4038,0.4,0.3713,0.3196,0.2483,0.1617,0.0633,-0.0434,-0.1559,-0.2714,-0.3868,-0.4985,-0.6022,-0.6935,-0.7686,-0.8249,-0.8618,-0.8803,-0.8827,-0.8723,-0.8524,-0.8259,-0.7956
-0.093,-0.112,-0.139,-0.1769,-0.23,-0.3037,-0.4045,-0.5392,-0.7124,-0.9215,-1.1501,-1.3607,-1.4994,-1.5179,-1.4048,-1.1933,-0.9373,-0.6823,-0.4535,-0.2589,-0.0969,0.0376,0.1507,0.2468,0.3283,0.3945,0.442,0.4658,0.4619,0.429,0.3697,0.2887,0.1913,0.0819,-0.0361,-0.1599,-0.2869,-0.414,-0.5371,-0.6512,-0.7511,-0.8322,-0.8914,-0.9279,-0.9433,-0.9407,-0.9241,-0.8977,-0.865,-0.8288
-0.0723,-0.0878,-0.1107,-0.1442,-0.1929,-0.2629,-0.362,-0.4988,-0.6803,-0.906,-1.1591,-1.397,-1.5556,-1.5777,-1.4516,-1.2187,-0.9421,-0.6716,-0.4327,-0.2319,-0.0659,0.0718,0.1885,0.2894,0.3773,0.4513,0.5063,0.535,0.5312,0.4933,0.4247,0.3323,0.2225,0.1008,-0.0293,-0.1653,-0.3048,-0.4447,-0.5804,-0.7063,-0.816,-0.9036,-0.9655,-1.001,-1.0122,-1.0032,-0.9794,-0.9454,-0.9055,-0.8628
-0.05,-0.0612,-0.0791,-0.1069,-0.1493,-0.213,-0.3069,-0.4415,-0.6264,-0.8635,-1.1356,-1.3955,-1.5698,-1.5943,-1.4585,-1.2114,-0.9225,-0.644,-0.4006,-0.1975,-0.0303,0.1089,0.228,0.3334,0.4285,0.512,0.5769,0.6123,0.6091,0.5647,0.4848,0.3786,0.2549,0.1197,-0.0234,-0.1724,-0.3252,-0.479,-0.6288,-0.768,-0.8886,-0.9835,-1.0481,-1.0817,-1.0873,-1.0705,-1.0378,-0.995,-0.947,-0.8972
-0.0264,-0.0328,-0.0447,-0.0652,-0.0993,-0.1538,-0.2386,-0.366,-0.548,-0.789,-1.072,-1.3455,-1.5291,-1.5551,-1.416,-1.1656,-0.8759,-0.5985,-0.3572,-0.1563,0.0094,0.148,0.2684,0.378,0.4811,0.5762,0.6539,0.6987,0.6964,0.6439,0.5497,0.4272,0.2877,0.138,-0.0188,-0.1813,-0.3483,-0.5171,-0.6825,-0.8366,-0.9698,-1.0727,-1.1398,-1.1703,-1.1687,-1.1423,-1.0991,-1.0463,-0.9892,-0.9316
-0.0017,-0.0027,-0.0077,-0.0197,-0.0433,-0.0856,-0.1571,-0.2715,-0.4435,-0.6797,-0.9636,-1.2404,-1.4264,-1.4546,-1.3212,-1.081,-0.803,-0.5364,-0.3036,-0.109,0.0523,0.1885,0.3088,0.4219,0.5335,0.6427,0.7373,0.7948,0.794,0.7307,0.6185,0.4767,0.3197,0.1546,-0.0161,-0.1924,-0.374,-0.5588,-0.7413,-0.9124,-1.0598,-1.1717,-1.241,-1.2672,-1.2564,-1.2183,-1.1629,-1.0986,-1.0315,-0.9655
0.0236,0.0286,0.0312,0.0289,0.0176,-0.0095,-0.0634,-0.1589,-0.3132,-0.5357,-0.8105,-1.0814,-1.2646,-1.2978,-1.1802,-0.9629,-0.7081,-0.4606,-0.2419,-0.057,0.0976,0.2295,0.3482,0.4636,0.5838,0.7097,0.8261,0.9009,0.9021,0.8243,0.6895,0.5253,0.3494,0.1687,-0.0158,-0.2057,-0.4021,-0.6038,-0.8051,-0.9951,-1.1588,-1.2808,-1.3519,-1.3721,-1.3498,-1.2977,-1.2281,-1.1511,-1.0732,-0.9984
0.0491,0.0604,0.0712,0.0797,0.0824,0.0729,0.0407,-0.0305,-0.16,-0.3608,-0.6189,-0.878,-1.057,-1.0997,-1.0067,-0.8217,-0.5981,-0.3755,-0.1747,-0.002,0.1442,0.2703,0.3856,0.5015,0.6296,0.774,0.9178,1.0157,1.0192,0.9219,0.7594,0.5701,0.3747,0.179,-0.0186,-0.2214,-0.4323,-0.6513,-0.8727,-1.084,-1.2662,-1.3997,-1.4721,-1.4843,-1.4478,-1.3792,-1.2938,-1.2028,-1.1134,-1.0295
0.0744,0.0922,0.1115,0.1314,0.1492,0.1595,0.1521,0.1099,0.0107,-0.1631,-0.4006,-0.6468,-0.8241,-0.8813,-0.8181,-0.6701,-0.4812,-0.2862,-0.105,0.0543,0.1912,0.3103,0.4202,0.5341,0.6677,0.8309,1.0071,1.1345,1.1403,1.0177,0.8227,0.6071,0.3932,0.184,-0.0249,-0.2393,-0.464,-0.7001,-0.9428,-1.1776,-1.3808,-1.527,-1.6002,-1.6021,-1.5487,-1.4613,-1.3582,-1.2524,-1.1512,-1.0581
0.0991,0.1232,0.1511,0.1826,0.2161,0.2473,0.2667,0.2565,0.1909,0.0465,-0.1708,-0.4075,-0.5877,-0.663,-0.631,-0.5197,-0.3652,-0.1974,-0.0357,0.1104,0.2381,0.3495,0.4521,0.5602,0.6947,0.8736,1.0843,1.2467,1.2543,1.1012,0.8717,0.6316,0.4023,0.1825,-0.0354,-0.2594,-0.4961,-0.7487,-1.013,-1.273,-1.4997,-1.66,-1.7334,-1.7227,-1.6497,-1.5413,-1.4195,-1.2984,-1.1854,-1.0833
0.1224,0.1527,0.1889,0.2317,0.2807,0.3328,0.3794,0.4021,0.3708,0.2549,0.0542,-0.1781,-0.3656,-0.4604,-0.4577,-0.3797,-0.2561,-0.1131,0.0309,0.1652,0.2845,0.3882,0.4818,0.5799,0.7081,0.8943,1.1343,1.332,1.3407,1.1564,0.8969,0.6389,0.3998,0.1735,-0.0502,-0.281,-0.5275,-0.7947,-1.08,-1.3661,-1.6183,-1.7941,-1.8669,-1.8416,-1.7467,-1.616,-1.4751,-1.339,-1.2147,-1.1043
0.1441,0.18,0.2238,0.2771,0.3405,0.4123,0.4847,0.5386,0.5394,0.4484,0.2598,0.0273,-0.1699,-0.283,-0.3055,-0.2554,-0.158,-0.0362,0.0929,0.2176,0.3306,0.4277,0.5111,0.5945,0.7071,0.8861,1.1385,1.3607,1.3702,1.1648,0.8895,0.6254,0.3842,0.1566,-0.0693,-0.3039,-0.5569,-0.8356,-1.1396,-1.4512,-1.7297,-1.9218,-1.9937,-1.9523,-1.8346,-1.6816,-1.5223,-1.3723,-1.2378,-1.1203
0.1635,0.2043,0.2549,0.3173,0.3932,0.482,0.5769,0.6577,0.6857,0.6147,0.4342,0.1996,-0.0068,-0.135,-0.1774,-0.1495,-0.0731,0.0317,0.149,0.2671,0.3766,0.4697,0.5431,0.6076,0.6944,0.8473,1.0832,1.3046,1.316,1.1125,0.845,0.5901,0.3557,0.1318,-0.0925,-0.3274,-0.5831,-0.8688,-1.1871,-1.5212,-1.8247,-2.0332,-2.104,-2.0467,-1.9072,-1.7338,-1.5582,-1.3964,-1.2537,-1.1304
0.1804,0.2253,0.2812,0.3508,0.4367,0.5388,0.6509,0.752,0.8001,0.7436,0.5693,0.334,0.1219,-0.0167,-0.0735,-0.0623,-0.0021,0.0894,0.1982,0.313,0.4231,0.5162,0.5819,0.6247,0.6764,0.7852,0.9728,1.1601,1.1744,1.0015,0.7669,0.5357,0.3158,0.1001,-0.1194,-0.3512,-0.6051,-0.892,-1.2179,-1.5682,-1.8928,-2.1158,-2.1862,-2.1153,-1.9578,-1.768,-1.5802,-1.4097,-1.2611,-1.1339
0.1944,0.2423,0.3021,0.3769,0.4694,0.5801,0.7029,0.8163,0.8761,0.8292,0.6613,0.4296,0.2172,0.0737,0.0076,0.007,0.0551,0.1367,0.2398,0.3545,0.4698,0.5692,0.6324,0.6526,0.6616,0.7139,0.8326,0.9619,0.9774,0.8527,0.6667,0.4681,0.2674,0.0628,-0.1496,-0.3751,-0.6225,-0.9039,-1.2286,-1.5855,-1.9232,-2.1572,-2.2282,-2.1489,-1.9801,-1.7806,-1.5859,-1.4109,-1.2595,-1.1305
0.2054,0.2551,0.3172,0.3948,0.4905,0.6048,0.7313,0.8481,0.9117,0.8702,0.7107,0.4883,0.282,0.139,0.0683,0.0598,0.0991,0.1733,0.2729,0.3902,0.5153,0.629,0.6985,0.6979,0.6577,0.6478,0.6946,0.7622,0.7747,0.6969,0.5598,0.3947,0.2141,0.0214,-0.1826,-0.3995,-0.636,-0.9047,-1.2179,-1.5691,-1.9084,-2.1474,-2.2209,-2.1406,-1.9699,-1.7692,-1.574,-1.3991,-1.2482,-1.1199
0.2132,0.2637,0.3265,0.4044,0.4999,0.6129,0.7364,0.8489,0.909,0.87,0.7216,0.5143,0.32,0.1825,0.1112,0.0979,0.1307,0.1992,0.2965,0.4178,0.5564,0.6928,0.7807,0.7635,0.667,0.5935,0.5798,0.5986,0.6048,0.559,0.4594,0.3221,0.1589,-0.0229,-0.2184,-0.4252,-0.6472,-0.8963,-1.1875,-1.5194,-1.847,-2.0832,-2.1608,-2.0881,-1.9259,-1.7331,-1.5443,-1.3745,-1.2274,-1.102
0.2178,0.268,0.33,0.4061,0.4983,0.6057,0.7207,0.8227,0.8744,0.8361,0.701,0.5134,0.3358,0.2076,0.1387,0.123,0.1509,0.2144,0.3094,0.4345,0.5871,0.7514,0.8696,0.8429,0.6836,0.5488,0.4942,0.4852,0.4835,0.4512,0.3731,0.2545,0.1042,-0.0693,-0.2575,-0.4539,-0.6586,-0.8825,-1.1425,-1.4426,-1.7451,-1.9703,-2.0525,-1.9949,-1.8508,-1.6741,-1.4981,-1.3378,-1.1976,-1.0773
0.2194,0.2684,0.3282,0.4007,0.487,0.5855,0.6882,0.7758,0.8164,0.7781,0.6575,0.492,0.334,0.2177,0.1531,0.1365,0.1603,0.2191,0.3107,0.4369,0.5997,0.7883,0.9392,0.9096,0.6907,0.5068,0.4378,0.4221,0.4087,0.373,0.3022,0.1936,0.0511,-0.1174,-0.3006,-0.4873,-0.6736,-0.8683,-1.0904,-1.3489,-1.6158,-1.8223,-1.908,-1.87,-1.7504,-1.596,-1.4376,-1.2903,-1.1596,-1.0462
0.2183,0.2652,0.3216,0.3891,0.4678,0.5553,0.6435,0.7151,0.7438,0.7055,0.5996,0.4566,0.3189,0.2157,0.1567,0.1398,0.16,0.2133,0.2997,0.4225,0.5867,0.7848,0.9508,0.9182,0.6657,0.4633,0.4107,0.4032,0.3679,0.3164,0.2437,0.1389,-0.0003,-0.1674,-0.3487,-0.528,-0.6961,-0.8598,-1.0397,-1.251,-1.4754,-1.6574,-1.7437,-1.7255,-1.6329,-1.5038,-1.3658,-1.2339,-1.1145,-1.0095
0.2146,0.2588,0.3111,0.3725,0.4425,0.518,0.5911,0.6469,0.6645,0.6266,0.5345,0.4127,0.2946,0.2044,0.151,0.1343,0.1506,0.1976,0.2763,0.3905,0.5449,0.7306,0.8805,0.8394,0.5981,0.4175,0.4051,0.409,0.3398,0.2691,0.1926,0.0888,-0.0503,-0.2196,-0.403,-0.5783,-0.73,-0.8625,-0.9989,-1.1606,-1.3396,-1.4932,-1.5759,-1.5743,-1.507,-1.4032,-1.2863,-1.1707,-1.0637,-0.968
0.2088,0.2497,0.2974,0.3522,0.413,0.4764,0.5351,0.5764,0.5845,0.5475,0.4678,0.3647,0.2643,0.1859,0.1379,0.1209,0.1329,0.1727,0.2413,0.3421,0.4769,0.6324,0.7445,0.6961,0.4996,0.3604,0.3823,0.3914,0.2964,0.2195,0.1445,0.0419,-0.0991,-0.2741,-0.4639,-0.6399,-0.7785,-0.881,-0.9742,-1.0868,-1.2202,-1.3431,-1.4174,-1.4267,-1.3804,-1.2992,-1.2023,-1.103,-1.0086,-0.9226
0.2012,0.2385,0.2813,0.3293,0.381,0.433,0.4785,0.5074,0.5079,0.472,0.403,0.3158,0.2305,0.1623,0.1186,0.1009,0.108,0.1396,0.1965,0.2805,0.3904,0.5093,0.5828,0.5358,0.3882,0.2747,0.2787,0.2835,0.2158,0.1615,0.0968,-0.0029,-0.1469,-0.3301,-0.531,-0.713,-0.8429,-0.9177,-0.9691,-1.0343,-1.1234,-1.2146,-1.276,-1.2899,-1.2587,-1.196,-1.1168,-1.0326,-0.9504,-0.8742
0.1921,0.2258,0.2635,0.3048,0.348,0.3896,0.4237,0.4423,0.4369,0.4024,0.3423,0.2681,0.195,0.135,0.0945,0.0752,0.0769,0.0996,0.1439,0.21,0.2942,0.38,0.4267,0.3884,0.277,0.16,0.0836,0.0805,0.1054,0.0983,0.0502,-0.0454,-0.1927,-0.3861,-0.6019,-0.7952,-0.921,-0.9709,-0.9827,-1.0031,-1.0503,-1.1097,-1.1546,-1.1672,-1.1452,-1.0965,-1.0319,-0.961,-0.8903,-0.8236
0.1819,0.2119,0.2448,0.2798,0.3151,0.3475,0.372,0.3824,0.3726,0.3396,0.2867,0.2227,0.1592,0.1054,0.0667,0.0449,0.0405,0.054,0.0858,0.1348,0.1959,0.256,0.2884,0.2633,0.1774,0.0476,-0.1035,-0.1069,0.0021,0.0391,0.0069,-0.0848,-0.2352,-0.439,-0.6714,-0.8798,-1.0058,-1.0344,-1.0098,-0.9891,-0.9976,-1.0261,-1.0524,-1.0592,-1.0412,-1.002,-0.9489,-0.8895,-0.8291,-0.7713
0.171,0.1973,0.2255,0.2547,0.283,0.3076,0.3243,0.3282,0.3152,0.2837,0.2364,0.1803,0.124,0.0745,0.0362,0.011,-0.0,0.0044,0.0246,0.0586,0.1005,0.1419,0.1686,0.1598,0.0981,-0.0262,-0.1857,-0.1863,-0.0622,-0.0075,-0.0309,-0.1199,-0.2726,-0.4848,-0.732,-0.9557,-1.0847,-1.0966,-1.0412,-0.9851,-0.9592,-0.9592,-0.9663,-0.9644,-0.9464,-0.9129,-0.8685,-0.8185,-0.7674,-0.718
0.1595,0.1824,0.2063,0.2303,0.2525,0.2704,0.2807,0.2797,0.2645,0.2343,0.1914,0.1412,0.09,0.0432,0.0041,-0.0254,-0.0435,-0.0481,-0.0377,-0.0156,0.011,0.0381,0.0638,0.0732,0.0396,-0.0558,-0.1766,-0.1786,-0.0863,-0.0393,-0.0621,-0.1498,-0.3028,-0.519,-0.775,-1.0092,-1.1414,-1.1426,-1.0654,-0.9821,-0.9283,-0.9033,-0.892,-0.88,-0.8594,-0.8289,-0.7908,-0.7486,-0.7055,-0.6639
0.1477,0.1674,0.1875,0.2068,0.2238,0.2362,0.2415,0.2367,0.22,0.1909,0.1514,0.1056,0.0579,0.0123,-0.0286,-0.0631,-0.0889,-0.1021,-0.0996,-0.0852,-0.07,-0.0557,-0.0304,-0.0019,-0.0048,-0.0607,-0.1359,-0.141,-0.0875,-0.0596,-0.0869,-0.1739,-0.3245,-0.5381,-0.7933,-1.0288,-1.1618,-1.1594,-1.0719,-0.972,-0.8978,-0.8527,-0.8251,-0.8028,-0.7782,-0.7488,-0.7152,-0.6795,-0.6437,-0.6094
0.136,0.1527,0.1692,0.1845,0.197,0.205,0.2063,0.1987,0.181,0.1529,0.1161,0.0734,0.0281,-0.0172,-0.0606,-0.1007,-0.1348,-0.1569,-0.1601,-0.1482,-0.1404,-0.1391,-0.116,-0.0695,-0.0426,-0.0614,-0.1004,-0.1066,-0.0819,-0.0729,-0.1063,-0.192,-0.3367,-0.541,-0.7846,-1.0104,-1.1401,-1.1403,-1.0541,-0.9487,-0.8624,-0.8025,-0.7614,-0.7297,-0.7006,-0.6713,-0.6412,-0.6112,-0.582,-0.5545
0.1243,0.1383,0.1517,0.1635,0.1724,0.1768,0.1749,0.1653,0.1469,0.1197,0.0849,0.0446,0.0008,-0.0446,-0.0908,-0.1369,-0.1798,-0.2113,-0.2188,-0.2037,-0.1976,-0.2101,-0.1917,-0.1296,-0.0773,-0.0667,-0.0804,-0.0851,-0.0776,-0.0826,-0.1208,-0.204,-0.3398,-0.5287,-0.7519,-0.9585,-1.0806,-1.0872,-1.0112,-0.9094,-0.8184,-0.7489,-0.6975,-0.6578,-0.6246,-0.5951,-0.568,-0.5431,-0.5202,-0.4993
0.1129,0.1245,0.1352,0.144,0.1498,0.1513,0.1471,0.1359,0.1172,0.0908,0.0577,0.0192,-0.0234,-0.0693,-0.1182,-0.1699,-0.2217,-0.2637,-0.2758,-0.2517,-0.2395,-0.2641,-0.2516,-0.1779,-0.1074,-0.0764,-0.0732,-0.0749,-0.0764,-0.0902,-0.1311,-0.2103,-0.3349,-0.5046,-0.7019,-0.8837,-0.9949,-1.0083,-0.9466,-0.8543,-0.7642,-0.6894,-0.6306,-0.5847,-0.5482,-0.5188,-0.4947,-0.4749,-0.4582,-0.4439
0.1018,0.1113,0.1196,0.1259,0.1292,0.1284,0.1224,0.1102,0.0913,0.0658,0.0341,-0.0029,-0.0445,-0.0906,-0.1415,-0.1978,-0.2576,-0.3105,-0.3294,-0.2935,-0.2656,-0.295,-0.287,-0.2087,-0.1293,-0.0866,-0.0729,-0.0717,-0.0773,-0.0958,-0.1374,-0.2114,-0.3235,-0.4724,-0.6421,-0.7975,-0.8956,-0.914,-0.8664,-0.7857,-0.6997,-0.6226,-0.5589,-0.5084,-0.4697,-0.4411,-0.4205,-0.4061,-0.3959,-0.3883
0.0912,0.0988,0.1051,0.1093,0.1105,0.1079,0.1005,0.0877,0.0689,0.0441,0.0138,-0.0218,-0.0623,-0.108,-0.1598,-0.2188,-0.284,-0.3456,-0.3725,-0.3277,-0.2785,-0.2999,-0.293,-0.219,-0.1402,-0.0932,-0.0742,-0.0711,-0.0785,-0.0992,-0.14,-0.2081,-0.3075,-0.4359,-0.579,-0.709,-0.7931,-0.8134,-0.777,-0.7069,-0.6258,-0.548,-0.4809,-0.4274,-0.3878,-0.361,-0.3449,-0.3365,-0.3331,-0.3326
0.081,0.087,0.0916,0.094,0.0936,0.0896,0.0812,0.068,0.0494,0.0255,-0.0035,-0.0376,-0.0767,-0.1214,-0.1728,-0.2319,-0.2983,-0.3628,-0.3936,-0.3469,-0.2829,-0.2857,-0.2754,-0.2115,-0.1397,-0.0936,-0.0733,-0.0698,-0.0783,-0.1,-0.1393,-0.2013,-0.2886,-0.398,-0.5171,-0.6239,-0.694,-0.7129,-0.6835,-0.6212,-0.5439,-0.4657,-0.3961,-0.3406,-0.3015,-0.278,-0.2673,-0.2659,-0.27,-0.2769
0.0714,0.076,0.079,0.08,0.0783,0.0732,0.0642,0.0508,0.0326,0.0096,-0.0181,-0.0506,-0.088,-0.1309,-0.1802,-0.237,-0.3,-0.3599,-0.3873,-0.3448,-0.2804,-0.2645,-0.2468,-0.1922,-0.1293,-0.0868,-0.0678,-0.0657,-0.0758,-0.0981,-0.1357,-0.1919,-0.2681,-0.3606,-0.4587,-0.5453,-0.6018,-0.6165,-0.5896,-0.5314,-0.4557,-0.3762,-0.3043,-0.2478,-0.2103,-0.1915,-0.1877,-0.1943,-0.2067,-0.2215
0.0623,0.0656,0.0675,0.0673,0.0645,0.0587,0.0492,0.0358,0.0181,-0.0038,-0.0302,-0.0609,-0.0962,-0.1366,-0.1828,-0.235,-0.291,-0.3412,-0.361,-0.3259,-0.2707,-0.2429,-0.2168,-0.1675,-0.1116,-0.0728,-0.0569,-0.058,-0.0707,-0.094,-0.13,-0.1809,-0.2472,-0.325,-0.4052,-0.4742,-0.5176,-0.526,-0.4979,-0.4398,-0.3628,-0.2805,-0.2058,-0.1487,-0.1143,-0.1018,-0.1064,-0.1222,-0.1436,-0.1667
0.0537,0.056,0.0568,0.0557,0.0521,0.0457,0.036,0.0228,0.0057,-0.0152,-0.04,-0.0689,-0.1018,-0.1392,-0.1813,-0.2275,-0.2749,-0.3141,-0.3267,-0.2992,-0.2547,-0.2218,-0.1891,-0.1415,-0.0894,-0.0534,-0.0415,-0.0472,-0.0634,-0.0882,-0.1229,-0.1692,-0.2267,-0.2918,-0.3568,-0.4105,-0.4417,-0.4422,-0.4097,-0.3482,-0.2671,-0.1798,-0.1015,-0.0444,-0.0143,-0.0096,-0.0242,-0.0502,-0.0813,-0.113
