docs/data/wind_grid.json
{"header": {"la1":42.1,"la2":41.55,"lo1":12.1,"lo2":12.95,"nx":50,"ny":50,"dx":0.01735,"dy":0.01122,"parameterCategory":2,"parameterNumber":2,"parameterNumberName":"eastward_wind","parameterUnit":"m.s-1"}, "data":
[rows 0 to 39 of 50, columns 0 to 49 of 50]
0.2659,0.4497,0.6224,0.7506,0.8035,0.7672,0.6526,0.4883,0.3064,0.1312,-0.0234,-0.1523,-0.2558,-0.3365,-0.3981,-0.4441,-0.4774,-0.5009,-0.5168,-0.5272,-0.5346,-0.5413,-0.5503,-0.5641,-0.5846,-0.613,-0.6495,-0.6941,-0.7464,-0.8063,-0.8735,-0.9478,-1.0288,-1.1155,-1.2063,-1.2989,-1.3899,-1.4753,-1.5508,-1.6124,-1.6575,-1.6849,-1.6951,-1.6901,-1.6726,-1.6456,-1.6121,-1.5745,-1.535,-1.4949
0.2115,0.401,0.5804,0.714,0.769,0.7322,0.6166,0.4521,0.2715,0.0989,-0.0525,-0.1778,-0.2775,-0.3546,-0.4126,-0.4551,-0.485,-0.505,-0.5172,-0.5238,-0.5271,-0.5301,-0.536,-0.5479,-0.5679,-0.5972,-0.6358,-0.6832,-0.7389,-0.8028,-0.8747,-0.9544,-1.0418,-1.136,-1.2355,-1.3376,-1.4384,-1.5333,-1.6167,-1.684,-1.7318,-1.7588,-1.7659,-1.7556,-1.7316,-1.6977,-1.6572,-1.6132,-1.5678,-1.5225
0.1318,0.3211,0.5015,0.6359,0.6919,0.6577,0.5471,0.3901,0.2179,0.0535,-0.0902,-0.209,-0.303,-0.3751,-0.4286,-0.4671,-0.4932,-0.5093,-0.5175,-0.5198,-0.5186,-0.5172,-0.5195,-0.5293,-0.5492,-0.5799,-0.621,-0.6716,-0.7311,-0.7991,-0.8758,-0.9612,-1.0553,-1.1574,-1.2662,-1.3788,-1.4908,-1.5964,-1.6891,-1.7628,-1.8134,-1.8394,-1.8423,-1.8256,-1.7938,-1.7517,-1.7034,-1.6522,-1.6004,-1.5496
0.0272,0.2106,0.3866,0.5184,0.5753,0.5474,0.4483,0.3058,0.1484,-0.0026,-0.1351,-0.2448,-0.3314,-0.3975,-0.4459,-0.4798,-0.5018,-0.5138,-0.5177,-0.5153,-0.509,-0.5025,-0.5008,-0.5085,-0.5286,-0.5613,-0.6055,-0.6598,-0.7232,-0.7955,-0.877,-0.9681,-1.069,-1.1795,-1.2983,-1.4224,-1.5469,-1.6647,-1.7679,-1.8488,-1.9023,-1.9267,-1.9242,-1.8996,-1.8587,-1.8073,-1.7502,-1.6911,-1.6324,-1.5759
-0.0991,0.0739,0.2419,0.3695,0.4284,0.4105,0.3281,0.2055,0.0676,-0.0663,-0.1851,-0.2838,-0.362,-0.4212,-0.4641,-0.4933,-0.5109,-0.5187,-0.5181,-0.5107,-0.4988,-0.4865,-0.4802,-0.4858,-0.5066,-0.5422,-0.5901,-0.6483,-0.7157,-0.7923,-0.8785,-0.9751,-1.0828,-1.2018,-1.3311,-1.4678,-1.6061,-1.7379,-1.8531,-1.9422,-1.9985,-2.0205,-2.0112,-1.977,-1.9255,-1.8635,-1.7967,-1.7291,-1.6633,-1.6007
-0.2415,-0.0813,0.0775,0.2011,0.2641,0.2591,0.1966,0.0968,-0.0192,-0.1342,-0.2377,-0.3246,-0.3936,-0.4458,-0.483,-0.5073,-0.5205,-0.5241,-0.519,-0.5064,-0.4884,-0.4698,-0.4584,-0.4621,-0.4845,-0.5236,-0.5757,-0.6379,-0.7092,-0.7897,-0.8803,-0.9822,-1.0965,-1.224,-1.3641,-1.5141,-1.6676,-1.8151,-1.944,-2.0421,-2.1013,-2.1199,-2.1022,-2.0568,-1.993,-1.9193,-1.8421,-1.7655,-1.6923,-1.6237
-0.3924,-0.2453,-0.0948,0.0268,0.0959,0.1054,0.0636,-0.0132,-0.1069,-0.2028,-0.2909,-0.3657,-0.4256,-0.4706,-0.5022,-0.5218,-0.5309,-0.5304,-0.5209,-0.5032,-0.4791,-0.4538,-0.4371,-0.4393,-0.4639,-0.5072,-0.5635,-0.6296,-0.7043,-0.7883,-0.8827,-0.9893,-1.1097,-1.2454,-1.3963,-1.56,-1.73,-1.8947,-2.0389,-2.1473,-2.2093,-2.2233,-2.1955,-2.1371,-2.0597,-1.9734,-1.8851,-1.7994,-1.7187,-1.6442
-0.5433,-0.4076,-0.2632,-0.1414,-0.0649,-0.0409,-0.0632,-0.1184,-0.1915,-0.2693,-0.3426,-0.4059,-0.457,-0.4953,-0.5216,-0.5369,-0.5421,-0.5378,-0.5244,-0.5021,-0.4724,-0.4408,-0.4191,-0.4203,-0.4477,-0.495,-0.555,-0.6241,-0.7015,-0.7882,-0.8858,-0.9963,-1.1221,-1.2651,-1.4263,-1.6038,-1.7909,-1.9743,-2.1355,-2.255,-2.3198,-2.328,-2.2886,-2.2156,-2.1236,-2.0239,-1.9245,-1.8296,-1.7418,-1.6617
-0.6856,-0.559,-0.4182,-0.2946,-0.2106,-0.1735,-0.1787,-0.2151,-0.2699,-0.3315,-0.3914,-0.4442,-0.4872,-0.5195,-0.5411,-0.5527,-0.5545,-0.5468,-0.5299,-0.5039,-0.4701,-0.4339,-0.4085,-0.4092,-0.4389,-0.4891,-0.5513,-0.6221,-0.7011,-0.7896,-0.8895,-1.0031,-1.1331,-1.2823,-1.4527,-1.6432,-1.8474,-2.0503,-2.2296,-2.3611,-2.4285,-2.4301,-2.3776,-2.2891,-2.1819,-2.069,-1.9586,-1.8551,-1.7606,-1.6754
-0.8115,-0.6917,-0.5531,-0.4274,-0.3369,-0.2891,-0.2803,-0.3012,-0.3405,-0.3882,-0.4363,-0.4798,-0.5157,-0.5428,-0.5606,-0.5691,-0.5682,-0.5577,-0.5378,-0.5092,-0.4735,-0.4357,-0.4092,-0.4099,-0.4403,-0.4908,-0.553,-0.6238,-0.7033,-0.7927,-0.8939,-1.0094,-1.1423,-1.2961,-1.4738,-1.6757,-1.8958,-2.1179,-2.3157,-2.4596,-2.5295,-2.5238,-2.4578,-2.3537,-2.2316,-2.1062,-1.9858,-1.8747,-1.7744,-1.6848
-0.915,-0.8008,-0.6642,-0.5374,-0.4424,-0.3868,-0.3674,-0.376,-0.4028,-0.4388,-0.4769,-0.5124,-0.5422,-0.565,-0.58,-0.5864,-0.5835,-0.5705,-0.548,-0.5177,-0.4822,-0.4467,-0.4225,-0.4234,-0.452,-0.4997,-0.5595,-0.6288,-0.7077,-0.7971,-0.8988,-1.0152,-1.1494,-1.3056,-1.488,-1.6984,-1.9318,-2.1713,-2.3867,-2.5427,-2.6151,-2.6023,-2.5234,-2.4049,-2.2697,-2.1334,-2.0046,-1.8873,-1.7823,-1.6893
-0.9925,-0.8834,-0.7502,-0.6245,-0.5278,-0.4673,-0.4404,-0.4398,-0.4567,-0.4832,-0.513,-0.5417,-0.5665,-0.5859,-0.599,-0.6045,-0.6005,-0.5856,-0.5602,-0.5278,-0.4937,-0.4631,-0.4438,-0.4455,-0.4704,-0.5133,-0.5693,-0.6363,-0.7139,-0.8028,-0.9042,-1.0201,-1.1539,-1.3101,-1.494,-1.7088,-1.9512,-2.2042,-2.4346,-2.6014,-2.6762,-2.6577,-2.5682,-2.4381,-2.2927,-2.1483,-2.0136,-1.8918,-1.7837,-1.6886
-1.0426,-0.9395,-0.8119,-0.6902,-0.5947,-0.5323,-0.5008,-0.4936,-0.503,-0.5219,-0.5448,-0.5677,-0.5883,-0.6052,-0.6175,-0.6233,-0.6196,-0.6029,-0.5736,-0.5376,-0.5034,-0.4773,-0.4638,-0.4672,-0.4891,-0.5277,-0.5802,-0.6448,-0.7211,-0.8093,-0.9098,-1.0244,-1.156,-1.3095,-1.4908,-1.7051,-1.9507,-2.2112,-2.4516,-2.6267,-2.7041,-2.6824,-2.5865,-2.4494,-2.2981,-2.1493,-2.0115,-1.8877,-1.7782,-1.6823
-1.0668,-0.9709,-0.8515,-0.7368,-0.6454,-0.5839,-0.5502,-0.5387,-0.5424,-0.5553,-0.5724,-0.5905,-0.6075,-0.6226,-0.6349,-0.6425,-0.6405,-0.6225,-0.5875,-0.5446,-0.5066,-0.4819,-0.4731,-0.4799,-0.5021,-0.5392,-0.5899,-0.6534,-0.7289,-0.8164,-0.9159,-1.0282,-1.156,-1.3039,-1.4787,-1.6867,-1.9283,-2.1887,-2.4323,-2.6117,-2.6919,-2.6706,-2.5739,-2.436,-2.2842,-2.1353,-1.9977,-1.8744,-1.7655,-1.6702
-1.0687,-0.9813,-0.8726,-0.7674,-0.6826,-0.6241,-0.5903,-0.5763,-0.576,-0.5842,-0.5966,-0.6104,-0.6242,-0.6376,-0.6506,-0.6612,-0.6629,-0.6442,-0.6012,-0.5469,-0.4998,-0.4718,-0.4661,-0.4789,-0.506,-0.5455,-0.5972,-0.6611,-0.7369,-0.8242,-0.9225,-1.032,-1.1545,-1.2943,-1.4585,-1.6545,-1.8846,-2.1362,-2.3752,-2.5541,-2.6369,-2.6203,-2.5293,-2.397,-2.2504,-2.1061,-1.9723,-1.852,-1.7457,-1.6523
-1.0535,-0.9755,-0.8791,-0.7854,-0.7089,-0.6551,-0.6229,-0.6078,-0.6048,-0.6093,-0.6177,-0.6277,-0.6384,-0.65,-0.6634,-0.6776,-0.6845,-0.6662,-0.6135,-0.5433,-0.4813,-0.4453,-0.4421,-0.4645,-0.5009,-0.5467,-0.602,-0.6679,-0.7449,-0.8326,-0.9301,-1.0365,-1.1526,-1.2822,-1.4322,-1.6111,-1.8228,-2.0574,-2.2838,-2.457,-2.5421,-2.534,-2.4544,-2.334,-2.1981,-2.0626,-1.9357,-1.8209,-1.7189,-1.6289
-1.0267,-0.9587,-0.8753,-0.794,-0.727,-0.679,-0.6494,-0.6344,-0.6298,-0.6315,-0.6366,-0.6431,-0.6505,-0.6597,-0.6725,-0.6891,-0.701,-0.6841,-0.6214,-0.5329,-0.4514,-0.4036,-0.4045,-0.4407,-0.49,-0.5444,-0.6049,-0.6741,-0.7533,-0.8422,-0.9393,-1.0426,-1.1517,-1.2694,-1.4026,-1.5604,-1.7483,-1.9592,-2.1664,-2.3294,-2.4157,-2.4183,-2.3545,-2.2507,-2.1296,-2.0063,-1.8892,-1.7819,-1.6857,-1.6004
-0.9938,-0.9357,-0.8652,-0.7963,-0.7391,-0.6976,-0.6713,-0.6573,-0.6519,-0.6516,-0.6538,-0.6572,-0.6612,-0.6672,-0.6773,-0.6932,-0.7067,-0.6903,-0.6206,-0.517,-0.4154,-0.3535,-0.361,-0.4149,-0.4784,-0.5415,-0.6076,-0.6805,-0.7626,-0.8534,-0.9507,-1.0513,-1.1534,-1.2584,-1.373,-1.5071,-1.6677,-1.8508,-2.0342,-2.1836,-2.2694,-2.2831,-2.237,-2.1522,-2.0485,-1.9398,-1.8342,-1.736,-1.6469,-1.5671
-0.9592,-0.9104,-0.8519,-0.7949,-0.7473,-0.7124,-0.6899,-0.6774,-0.6718,-0.6702,-0.6702,-0.6707,-0.6714,-0.6733,-0.679,-0.69,-0.6993,-0.6804,-0.6095,-0.5011,-0.3866,-0.3111,-0.3262,-0.3972,-0.4716,-0.541,-0.6113,-0.6879,-0.7731,-0.8665,-0.965,-1.0639,-1.1594,-1.2516,-1.347,-1.4562,-1.5881,-1.7414,-1.8991,-2.0323,-2.1155,-2.139,-2.1099,-2.0445,-1.959,-1.8657,-1.7727,-1.6845,-1.6032,-1.5297
-0.926,-0.8856,-0.838,-0.7918,-0.7531,-0.7247,-0.7062,-0.6957,-0.6904,-0.688,-0.6865,-0.6845,-0.682,-0.6797,-0.6797,-0.683,-0.6834,-0.6599,-0.5934,-0.4934,-0.3819,-0.3005,-0.3193,-0.3974,-0.474,-0.5449,-0.6174,-0.6968,-0.7853,-0.882,-0.9828,-1.0812,-1.1712,-1.2515,-1.3279,-1.4123,-1.5156,-1.6394,-1.7709,-1.8868,-1.9651,-1.9954,-1.9809,-1.9331,-1.8648,-1.7868,-1.7065,-1.6286,-1.5557,-1.4888
-0.8961,-0.8632,-0.8252,-0.7885,-0.7579,-0.7355,-0.721,-0.7127,-0.7083,-0.7057,-0.7031,-0.6993,-0.6941,-0.688,-0.6823,-0.6773,-0.6682,-0.6402,-0.581,-0.498,-0.408,-0.3394,-0.3534,-0.419,-0.4865,-0.5537,-0.6262,-0.7075,-0.7992,-0.8999,-1.0043,-1.1039,-1.1902,-1.2597,-1.3182,-1.3789,-1.455,-1.5507,-1.6568,-1.7548,-1.8257,-1.8593,-1.8558,-1.8227,-1.7696,-1.7056,-1.6374,-1.5697,-1.5051,-1.445
-0.8705,-0.8442,-0.8144,-0.786,-0.7625,-0.7456,-0.735,-0.7291,-0.726,-0.7238,-0.7207,-0.7158,-0.7086,-0.6995,-0.689,-0.6772,-0.6602,-0.629,-0.5768,-0.5116,-0.4515,-0.4128,-0.4167,-0.4542,-0.5055,-0.5664,-0.6375,-0.7201,-0.8148,-0.9198,-1.0289,-1.1317,-1.2164,-1.2772,-1.3193,-1.358,-1.4088,-1.4783,-1.5604,-1.6401,-1.7017,-1.7351,-1.7386,-1.7165,-1.6759,-1.6241,-1.567,-1.5087,-1.4522,-1.399
-0.8494,-0.8288,-0.806,-0.7846,-0.7674,-0.7555,-0.7486,-0.7453,-0.7439,-0.7425,-0.7396,-0.7341,-0.7259,-0.7148,-0.7011,-0.6844,-0.6619,-0.6281,-0.5803,-0.5272,-0.4883,-0.4746,-0.4724,-0.4876,-0.5258,-0.5812,-0.6506,-0.7339,-0.8313,-0.9407,-1.0555,-1.1631,-1.2487,-1.303,-1.3311,-1.3497,-1.3774,-1.4227,-1.4822,-1.5439,-1.5943,-1.6244,-1.6311,-1.6165,-1.5855,-1.5438,-1.4963,-1.4467,-1.3978,-1.3512
-0.8328,-0.817,-0.8001,-0.7847,-0.7729,-0.7656,-0.7622,-0.7617,-0.7623,-0.7622,-0.7599,-0.7546,-0.746,-0.7342,-0.7189,-0.6992,-0.6728,-0.6366,-0.5899,-0.5406,-0.5062,-0.4966,-0.4967,-0.5094,-0.5439,-0.5967,-0.6651,-0.7487,-0.848,-0.9613,-1.0817,-1.1953,-1.2836,-1.3341,-1.3506,-1.3518,-1.3587,-1.3822,-1.4206,-1.4645,-1.5027,-1.527,-1.5337,-1.5234,-1.4993,-1.4655,-1.4261,-1.3843,-1.3424,-1.3022
-0.82,-0.8085,-0.7965,-0.7862,-0.7792,-0.7759,-0.776,-0.7784,-0.7813,-0.783,-0.7818,-0.777,-0.7687,-0.757,-0.7417,-0.7209,-0.6921,-0.6533,-0.6049,-0.5537,-0.5135,-0.4969,-0.5021,-0.5231,-0.5603,-0.613,-0.6805,-0.7637,-0.8638,-0.9796,-1.1046,-1.2237,-1.3158,-1.3647,-1.3727,-1.3598,-1.349,-1.353,-1.3721,-1.3991,-1.4246,-1.4414,-1.4457,-1.437,-1.4174,-1.3896,-1.3569,-1.3218,-1.2864,-1.2521
-0.8107,-0.8027,-0.795,-0.789,-0.7861,-0.7865,-0.79,-0.7954,-0.801,-0.8049,-0.8053,-0.8012,-0.7932,-0.7824,-0.7684,-0.7484,-0.7186,-0.6773,-0.6261,-0.5715,-0.5254,-0.5031,-0.5104,-0.5375,-0.5778,-0.6305,-0.6967,-0.7784,-0.8776,-0.9938,-1.1209,-1.2435,-1.3387,-1.3876,-1.3905,-1.3676,-1.3428,-1.3305,-1.3327,-1.3439,-1.3569,-1.3653,-1.3655,-1.3566,-1.3395,-1.3161,-1.2888,-1.2596,-1.2301,-1.2014
-0.8041,-0.7993,-0.7951,-0.7928,-0.7935,-0.7973,-0.804,-0.8126,-0.8213,-0.8279,-0.8301,-0.8266,-0.8186,-0.8088,-0.7975,-0.7803,-0.751,-0.7077,-0.654,-0.5974,-0.5495,-0.5251,-0.531,-0.5585,-0.5987,-0.6499,-0.7136,-0.7924,-0.8886,-1.0023,-1.1278,-1.2504,-1.3465,-1.396,-1.3973,-1.3691,-1.335,-1.31,-1.2979,-1.2952,-1.2963,-1.2961,-1.2913,-1.2807,-1.2648,-1.2446,-1.2217,-1.1976,-1.1735,-1.1501
-0.7998,-0.7976,-0.7965,-0.7974,-0.8011,-0.808,-0.8179,-0.8298,-0.842,-0.8519,-0.8562,-0.853,-0.8439,-0.8345,-0.8267,-0.8142,-0.787,-0.7426,-0.6874,-0.631,-0.5845,-0.5601,-0.5628,-0.5865,-0.6235,-0.6712,-0.7309,-0.8051,-0.8962,-1.0044,-1.1245,-1.2425,-1.3364,-1.3862,-1.3887,-1.3597,-1.3209,-1.2873,-1.2639,-1.2494,-1.2397,-1.2311,-1.221,-1.208,-1.1923,-1.1744,-1.1553,-1.1358,-1.1166,-1.0983
-0.7973,-0.7974,-0.7987,-0.8023,-0.8088,-0.8185,-0.8313,-0.8466,-0.8627,-0.8765,-0.8836,-0.8802,-0.8684,-0.8574,-0.8532,-0.8469,-0.823,-0.7784,-0.7231,-0.6689,-0.6256,-0.6019,-0.6012,-0.6195,-0.6512,-0.6939,-0.7481,-0.8163,-0.9003,-1.0004,-1.1116,-1.2211,-1.3094,-1.3584,-1.3636,-1.3373,-1.2978,-1.2592,-1.2276,-1.2034,-1.1844,-1.168,-1.1526,-1.1369,-1.121,-1.1049,-1.089,-1.0738,-1.0595,-1.0461
-0.796,-0.798,-0.8016,-0.8074,-0.8161,-0.8283,-0.8438,-0.8624,-0.8825,-0.9008,-0.9117,-0.9083,-0.8916,-0.8761,-0.8743,-0.8743,-0.8541,-0.8105,-0.7571,-0.707,-0.668,-0.6457,-0.6421,-0.6549,-0.6805,-0.7169,-0.7647,-0.8257,-0.9014,-0.9914,-1.0911,-1.1894,-1.2696,-1.3162,-1.3243,-1.3023,-1.2648,-1.2241,-1.1867,-1.1548,-1.1278,-1.1046,-1.0841,-1.0659,-1.0497,-1.0352,-1.0226,-1.0115,-1.0019,-0.9935
-0.7957,-0.7993,-0.8046,-0.8122,-0.8229,-0.837,-0.8549,-0.8763,-0.9002,-0.9235,-0.9393,-0.937,-0.9138,-0.8899,-0.8875,-0.892,-0.8753,-0.8346,-0.786,-0.7421,-0.7087,-0.6886,-0.6829,-0.6906,-0.7098,-0.7395,-0.7803,-0.8334,-0.8998,-0.9787,-1.0657,-1.1513,-1.2218,-1.2645,-1.2745,-1.2569,-1.2224,-1.1811,-1.1399,-1.1018,-1.0681,-1.0388,-1.014,-0.9936,-0.9773,-0.9647,-0.9554,-0.9487,-0.9439,-0.9406
-0.7961,-0.801,-0.8076,-0.8167,-0.8288,-0.8445,-0.864,-0.8877,-0.9147,-0.9423,-0.9633,-0.9638,-0.9347,-0.9001,-0.8929,-0.8981,-0.8843,-0.8492,-0.8085,-0.7732,-0.7466,-0.7295,-0.7224,-0.7254,-0.7383,-0.7612,-0.7946,-0.8395,-0.8963,-0.9638,-1.0379,-1.1105,-1.1706,-1.2081,-1.2184,-1.2038,-1.1719,-1.1306,-1.0864,-1.0433,-1.0037,-0.9693,-0.9408,-0.9187,-0.9029,-0.8926,-0.887,-0.885,-0.8853,-0.8872
-0.7968,-0.8027,-0.8105,-0.8206,-0.8337,-0.8503,-0.8709,-0.8957,-0.9244,-0.9546,-0.9792,-0.9826,-0.9509,-0.9081,-0.8936,-0.8951,-0.8837,-0.8564,-0.8259,-0.8008,-0.782,-0.7684,-0.7603,-0.7588,-0.7655,-0.7814,-0.8075,-0.8442,-0.8915,-0.9479,-1.0095,-1.0695,-1.1193,-1.1506,-1.1591,-1.1457,-1.1151,-1.0733,-1.0262,-0.9785,-0.9337,-0.8946,-0.8632,-0.8402,-0.8256,-0.8184,-0.8172,-0.8203,-0.8262,-0.8336
-0.7976,-0.8044,-0.8129,-0.8237,-0.8374,-0.8544,-0.8752,-0.9001,-0.9287,-0.9589,-0.9836,-0.9876,-0.9573,-0.9137,-0.8933,-0.8892,-0.8793,-0.8603,-0.8412,-0.8271,-0.8165,-0.8064,-0.7969,-0.7907,-0.7911,-0.8002,-0.8189,-0.8477,-0.886,-0.932,-0.9819,-1.0302,-1.0697,-1.0941,-1.0992,-1.0848,-1.0535,-1.01,-0.9595,-0.9069,-0.8571,-0.814,-0.7803,-0.7573,-0.745,-0.7418,-0.7458,-0.7547,-0.7666,-0.7798
-0.7985,-0.8059,-0.8149,-0.8261,-0.8399,-0.8568,-0.8771,-0.9009,-0.9278,-0.9553,-0.9767,-0.9791,-0.9529,-0.9152,-0.8931,-0.8847,-0.8761,-0.865,-0.8571,-0.8542,-0.8516,-0.8442,-0.8324,-0.821,-0.8149,-0.8173,-0.8291,-0.8503,-0.8801,-0.9164,-0.9557,-0.9931,-1.023,-1.0399,-1.0401,-1.0226,-0.9887,-0.9418,-0.8867,-0.8287,-0.7737,-0.7268,-0.6916,-0.6697,-0.6607,-0.6626,-0.6727,-0.6882,-0.7067,-0.7262
-0.7994,-0.8071,-0.8164,-0.8276,-0.8413,-0.8576,-0.8768,-0.8988,-0.9227,-0.9459,-0.9625,-0.9629,-0.942,-0.9127,-0.8926,-0.8826,-0.8761,-0.8726,-0.8756,-0.8836,-0.8882,-0.882,-0.8666,-0.8492,-0.8367,-0.8326,-0.8379,-0.8522,-0.8742,-0.9016,-0.9312,-0.9588,-0.9794,-0.9885,-0.9826,-0.9602,-0.9217,-0.8697,-0.8085,-0.7442,-0.6836,-0.6331,-0.597,-0.5773,-0.5729,-0.5812,-0.5985,-0.6214,-0.6469,-0.673
-0.8001,-0.8079,-0.8173,-0.8284,-0.8416,-0.857,-0.8747,-0.8944,-0.9149,-0.9336,-0.9456,-0.9447,-0.9291,-0.9076,-0.8912,-0.8824,-0.8794,-0.8833,-0.8965,-0.9147,-0.9251,-0.9186,-0.8984,-0.8749,-0.8561,-0.8461,-0.8454,-0.8533,-0.8682,-0.8877,-0.9086,-0.9271,-0.9389,-0.9401,-0.9272,-0.8984,-0.8535,-0.7946,-0.7259,-0.6541,-0.5874,-0.5333,-0.4972,-0.4807,-0.4823,-0.4981,-0.5236,-0.5546,-0.5877,-0.6207
-0.8006,-0.8085,-0.8177,-0.8285,-0.8411,-0.8554,-0.8714,-0.8885,-0.9057,-0.9204,-0.929,-0.9278,-0.9166,-0.9014,-0.8893,-0.8834,-0.8846,-0.8956,-0.9178,-0.9444,-0.9589,-0.9509,-0.9259,-0.8967,-0.8726,-0.8574,-0.8515,-0.8537,-0.8622,-0.8745,-0.8876,-0.8978,-0.9014,-0.8946,-0.8741,-0.8379,-0.7852,-0.7177,-0.6401,-0.5598,-0.4864,-0.4289,-0.3933,-0.3813,-0.39,-0.4145,-0.4491,-0.4888,-0.5298,-0.5698
-0.8009,-0.8087,-0.8177,-0.8281,-0.8398,-0.8529,-0.8672,-0.882,-0.8962,-0.9077,-0.9141,-0.9132,-0.9055,-0.8953,-0.8873,-0.8848,-0.8904,-0.9072,-0.936,-0.9679,-0.9845,-0.975,-0.9465,-0.9134,-0.8855,-0.8663,-0.856,-0.8534,-0.8563,-0.8622,-0.8681,-0.8708,-0.8666,-0.852,-0.8236,-0.7791,-0.7176,-0.6405,-0.5529,-0.4632,-0.3827,-0.3219,-0.2877,-0.281,-0.298,-0.332,-0.3762,-0.4249,-0.474,-0.5209
-0.8009,-0.8086,-0.8173,-0.8271,-0.838,-0.8499,-0.8626,-0.8753,-0.887,-0.8962,-0.9012,-0.9009,-0.896,-0.8896,-0.8853,-0.8862,-0.8954,-0.916,-0.9478,-0.9812,-0.998,-0.9879,-0.9586,-0.9242,-0.8944,-0.8725,-0.859,-0.8522,-0.8502,-0.8504,-0.85,-0.8458,-0.8344,-0.8121,-0.7758,-0.7227,-0.6519,-0.5647,-0.4665,-0.3671,-0.2794,-0.2156,-0.1833,-0.1828,-0.2086,-0.2526,-0.3066,-0.3643,-0.4212,-0.4748
