docs/data/wind_grid.json
[{"header":{"la1":42.85,"la2":41.18,"lo1":11.55,"lo2":14.05,"nx":36,"ny":24,"dx":0.07143,"dy":0.07261,"parameterCategory":2,"parameterNumber":2,"parameterNumberName":"eastward_wind","parameterUnit":"m.s-1"},"data":[-0.6277,-0.6309,-0.6314,-0.6293,-0.6247,-0.6179,-0.6087,-0.5969,-0.5824,-0.5659,-0.549,-0.5339,-0.5224,-0.5158,-0.5139,-0.5157,-0.5188,-0.5202,-0.5166,-0.5067,-0.4918,-0.4759,-0.4632,-0.4555,-0.4518,-0.4498,-0.4479,-0.4453,-0.442,-0.4381,-0.4339,-0.4296,-0.4254,-0.4214,-0.4177,-0.4143,-0.6527,-0.6578,-0.6596,-0.6579,-0.6532,-0.6462,-0.6368,-0.6239,-0.6064,-0.5845,-0.5611,-0.5399,-0.5246,-0.5169,-0.5169,-0.5233,-0.5322,-0.5383,-0.5352,-0.5191,-0.4927,-0.4654,-0.4473,-0.441,-0.4418,-0.4442,-0.4452,-0.4441,-0.4412,-0.4373,-0.4328,-0.4283,-0.4238,-0.4196,-0.4157,-0.4122,-0.6829,-0.691,-0.6945,-0.6932,-0.6883,-0.6817,-0.6738,-0.6619,-0.6415,-0.6114,-0.5768,-0.5457,-0.5241,-0.5146,-0.5178,-0.5316,-0.5514,-0.5676,-0.5671,-0.5393,-0.4874,-0.4351,-0.4093,-0.4119,-0.4254,-0.4368,-0.4424,-0.4431,-0.4406,-0.4364,-0.4315,-0.4265,-0.4217,-0.4173,-0.4133,-0.4097,-0.7196,-0.7328,-0.7391,-0.7378,-0.7313,-0.7253,-0.723,-0.7187,-0.6977,-0.6535,-0.5984,-0.5502,-0.5185,-0.5062,-0.5136,-0.5393,-0.5784,-0.617,-0.628,-0.5801,-0.47,-0.357,-0.3247,-0.3609,-0.4038,-0.4301,-0.4411,-0.443,-0.4402,-0.4353,-0.4297,-0.4242,-0.4191,-0.4145,-0.4104,-0.4068,-0.7646,-0.7868,-0.7987,-0.7965,-0.7844,-0.7762,-0.7866,-0.8081,-0.7963,-0.7229,-0.6267,-0.5499,-0.5038,-0.4874,-0.4995,-0.5412,-0.6122,-0.6993,-0.7521,-0.6821,-0.449,-0.1858,-0.1696,-0.2983,-0.3892,-0.4303,-0.4439,-0.4447,-0.4402,-0.4338,-0.4273,-0.4212,-0.4158,-0.411,-0.4069,-0.4034,-0.8188,-0.858,-0.883,-0.8804,-0.8521,-0.8289,-0.8562,-0.9458,-0.9743,-0.8284,-0.6524,-0.5364,-0.4744,-0.4525,-0.4675,-0.5256,-0.6389,-0.8148,-0.9918,-0.9303,-0.5358,-0.0682,-0.0835,-0.2979,-0.4073,-0.4449,-0.452,-0.4477,-0.4397,-0.4314,-0.4237,-0.4171,-0.4115,-0.4068,-0.4028,-0.3994,-0.8799,-0.9495,-1.0078,-1.0139,-0.949,-0.8756,-0.8912,-1.0651,-1.1721,-0.9,-0.6367,-0.4954,-0.4246,-0.3956,-0.4064,-0.4725,-0.6188,-0.8805,-1.2309,-1.1999,-0.7982,-0.4516,-0.3613,-0.4304,-0.4686,-0.4727,-0.4629,-0.4497,-0.4373,-0.4269,-0.4184,-0.4116,-0.4062,-0.4017,-0.398,-0.3949,-0.9365,-1.0501,-1.1808,-1.2336,-1.0963,-0.9163,-0.8458,-0.9286,-0.9769,-0.748,-0.5357,-0.4204,-0.3544,-0.313,-0.3018,-0.358,-0.5148,-0.7666,-1.0338,-1.0711,-1.0424,-0.9316,-0.7183,-0.5989,-0.5383,-0.4984,-0.4687,-0.4466,-0.4306,-0.4191,-0.4107,-0.4045,-0.3996,-0.3957,-0.3925,-0.3898,-0.9674,-1.112,-1.3224,-1.4741,-1.2307,-0.9383,-0.7631,-0.6719,-0.5824,-0.4624,-0.3807,-0.3281,-0.2756,-0.2081,-0.1268,-0.1414,-0.3422,-0.597,-0.8175,-1.0346,-1.4066,-1.3099,-0.9187,-0.6912,-0.5718,-0.5028,-0.4602,-0.4338,-0.4174,-0.4071,-0.4003,-0.3955,-0.3918,-0.3888,-0.3863,-0.3843,-0.9582,-1.0876,-1.2463,-1.3322,-1.1667,-0.9188,-0.6948,-0.4936,-0.2614,-0.151,-0.2202,-0.2459,-0.2085,-0.1127,0.1396,0.2726,-0.1666,-0.5132,-0.7366,-0.9533,-1.2337,-1.1773,-0.8838,-0.6747,-0.549,-0.4738,-0.4306,-0.4077,-0.3963,-0.3907,-0.3875,-0.3852,-0.3832,-0.3813,-0.3797,-0.3782,-0.9185,-1.0212,-1.1338,-1.2427,-1.1913,-0.9066,-0.6714,-0.4454,0.0363,0.2693,-0.1036,-0.1974,-0.1621,-0.0841,0.1217,0.2836,-0.229,-0.608,-0.7907,-0.8535,-0.8968,-0.8557,-0.7198,-0.5802,-0.4741,-0.4073,-0.3759,-0.3671,-0.3679,-0.3709,-0.3731,-0.3742,-0.3741,-0.3735,-0.3726,-0.3718,-0.862,-0.9465,-1.0575,-1.1946,-1.1347,-0.8561,-0.7125,-0.663,-0.2972,-0.0016,-0.1645,-0.1907,-0.1211,-0.0057,-0.0587,-0.2112,-0.5367,-1.0176,-1.1518,-0.9298,-0.7712,-0.6692,-0.5667,-0.4578,-0.3584,-0.2993,-0.2936,-0.3141,-0.3356,-0.3506,-0.3594,-0.3637,-0.3653,-0.3655,-0.3652,-0.3649,-0.7941,-0.8521,-0.9158,-0.9557,-0.8923,-0.7686,-0.7593,-0.8857,-0.716,-0.3819,-0.2562,-0.2044,-0.1408,0.0399,-0.0647,-0.3898,-0.7538,-1.8256,-1.8689,-1.0495,-0.7025,-0.5435,-0.4411,-0.336,-0.2119,-0.1441,-0.1886,-0.2588,-0.3073,-0.3349,-0.349,-0.3551,-0.3571,-0.3573,-0.3572,-0.3573,-0.7229,-0.754,-0.7772,-0.7752,-0.7348,-0.691,-0.7094,-0.7842,-0.6806,-0.4125,-0.2641,-0.2092,-0.1977,-0.1925,-0.3077,-0.5624,-0.7233,-1.2578,-1.3646,-0.8513,-0.5359,-0.3912,-0.3239,-0.2452,-0.0981,-0.0071,-0.1118,-0.2285,-0.2958,-0.3295,-0.3442,-0.3489,-0.3491,-0.3482,-0.3478,-0.3485,-0.6567,-0.6694,-0.6726,-0.6603,-0.6336,-0.608,-0.5989,-0.5814,-0.4801,-0.3185,-0.2141,-0.1947,-0.1805,-0.109,-0.3802,-0.6271,-1.1037,-0.8284,-0.7078,-0.4651,-0.2234,-0.1582,-0.1974,-0.2033,-0.1311,-0.0735,-0.1528,-0.2519,-0.3109,-0.3379,-0.3459,-0.3441,-0.3395,-0.3361,-0.3357,-0.3377,-0.5994,-0.6012,-0.5952,-0.5796,-0.5557,-0.5279,-0.4956,-0.443,-0.3484,-0.2152,-0.0707,-0.1764,-0.1802,-0.1929,-0.3375,-0.6252,-0.9143,-0.6046,-0.3589,-0.1124,0.2237,0.1552,-0.07,-0.1804,-0.2115,-0.2234,-0.2679,-0.3205,-0.3513,-0.3591,-0.3512,-0.3363,-0.3232,-0.3172,-0.3183,-0.3236,-0.5514,-0.5468,-0.536,-0.5182,-0.4936,-0.4624,-0.4219,-0.3653,-0.2863,-0.1853,-0.0832,-0.128,-0.1019,-0.0789,-0.1929,-0.303,-0.3432,-0.1669,0.0327,0.0981,0.307,0.2204,-0.0253,-0.1808,-0.2795,-0.3491,-0.3955,-0.4146,-0.4103,-0.3885,-0.3541,-0.3166,-0.291,-0.285,-0.293,-0.3058,-0.5115,-0.5031,-0.4896,-0.4704,-0.4453,-0.4135,-0.3736,-0.3236,-0.2638,-0.2008,-0.1528,-0.1262,-0.065,-0.0287,0.0502,0.0967,0.0417,0.2851,0.6023,0.2888,0.1657,0.0828,-0.0609,-0.2164,-0.3698,-0.5017,-0.5555,-0.5321,-0.4828,-0.4212,-0.3467,-0.2715,-0.2293,-0.2336,-0.2596,-0.2859,-0.4783,-0.4677,-0.4528,-0.4331,-0.4084,-0.3782,-0.3419,-0.2998,-0.2533,-0.2068,-0.1643,-0.1202,-0.0557,0.083,0.531,0.727,0.2943,0.3509,0.518,0.39,0.2154,0.0628,-0.0838,-0.259,-0.475,-0.6886,-0.7376,-0.6551,-0.5613,-0.4563,-0.3313,-0.2007,-0.1407,-0.1729,-0.2277,-0.2699,-0.4508,-0.4389,-0.4235,-0.4041,-0.3805,-0.3525,-0.3203,-0.2842,-0.2453,-0.205,-0.1624,-0.1105,-0.029,0.1403,0.4852,0.5995,0.3222,0.2998,0.484,0.5667,0.2877,0.0926,-0.0639,-0.2629,-0.5212,-0.7485,-0.7925,-0.7586,-0.6423,-0.4985,-0.3391,-0.1716,-0.1008,-0.1506,-0.2188,-0.2664,-0.428,-0.4156,-0.4001,-0.3813,-0.3592,-0.3337,-0.3049,-0.2731,-0.2388,-0.2019,-0.1604,-0.1085,-0.0342,0.0792,0.216,0.265,0.221,0.2413,0.3566,0.3894,0.2505,0.1476,0.0395,-0.1853,-0.5013,-0.8191,-1.0943,-0.9856,-0.7212,-0.5375,-0.3897,-0.2496,-0.1801,-0.1995,-0.2435,-0.2788,-0.4091,-0.3965,-0.3814,-0.3635,-0.3429,-0.3196,-0.2937,-0.2653,-0.2345,-0.2007,-0.1624,-0.1165,-0.059,0.0105,0.0772,0.1146,0.1285,0.1565,0.2018,0.2202,0.2285,0.3227,0.3255,0.0051,-0.4283,-0.8972,-1.3419,-1.0895,-0.6748,-0.5219,-0.4338,-0.3447,-0.2856,-0.2727,-0.2844,-0.3007,-0.3935,-0.381,-0.3664,-0.3496,-0.3305,-0.3092,-0.2858,-0.2602,-0.2324,-0.2021,-0.1683,-0.1299,-0.0865,-0.0401,0.0024,0.0342,0.058,0.0835,0.1133,0.1512,0.2482,0.4881,0.5674,0.1646,-0.3025,-0.6868,-0.8969,-0.7168,-0.4515,-0.4475,-0.4394,-0.3932,-0.3496,-0.3264,-0.3203,-0.3225,-0.3805,-0.3684,-0.3545,-0.3387,-0.3211,-0.3016,-0.2803,-0.2573,-0.2325,-0.2056,-0.1765,-0.1448,-0.1112,-0.0772,-0.0458,-0.0191,0.0041,0.0272,0.0549,0.0987,0.1889,0.3314,0.3462,0.0931,-0.2305,-0.4826,-0.5934,-0.5236,-0.4176,-0.4266,-0.4323,-0.4076,-0.3776,-0.3557,-0.3439,-0.3392]},{"header":{"la1":42.85,"la2":41.18,"lo1":11.55,"lo2":14.05,"nx":36,"ny":24,"dx":0.07143,"dy":0.07261,"parameterCategory":2,"parameterNumber":3,"parameterNumberName":"northward_wind","parameterUnit":"m.s-1"},"data":[-0.7567,-0.7492,-0.7386,-0.7248,-0.7082,-0.6898,-0.6713,-0.6543,-0.6397,-0.6273,-0.6153,-0.6016,-0.5842,-0.5622,-0.5353,-0.5042,-0.47,-0.4346,-0.3998,-0.3679,-0.3415,-0.3238,-0.3169,-0.3208,-0.3332,-0.3504,-0.3696,-0.3891,-0.4077,-0.4252,-0.4415,-0.4565,-0.4705,-0.4833,-0.4952,-0.5062,-0.7717,-0.7641,-0.7523,-0.7357,-0.7145,-0.6903,-0.6658,-0.6446,-0.6293,-0.6195,-0.6117,-0.6017,-0.586,-0.563,-0.5327,-0.4958,-0.454,-0.4098,-0.3658,-0.3245,-0.2891,-0.2653,-0.2586,-0.2692,-0.2913,-0.3182,-0.3454,-0.371,-0.3942,-0.4151,-0.434,-0.4512,-0.4667,-0.481,-0.494,-0.5059,-0.7897,-0.7828,-0.7699,-0.7497,-0.7218,-0.6875,-0.6517,-0.622,-0.6053,-0.6018,-0.6037,-0.6017,-0.5901,-0.5671,-0.5329,-0.4888,-0.437,-0.3813,-0.3255,-0.2716,-0.2214,-0.1853,-0.179,-0.2032,-0.2427,-0.2841,-0.3217,-0.3542,-0.3823,-0.4066,-0.4281,-0.4472,-0.4644,-0.4799,-0.494,-0.5068,-0.8115,-0.8066,-0.7938,-0.7699,-0.7323,-0.6811,-0.6228,-0.5732,-0.5527,-0.5646,-0.5883,-0.6024,-0.5985,-0.5764,-0.538,-0.4848,-0.4194,-0.3478,-0.2782,-0.2112,-0.1372,-0.0721,-0.0672,-0.1218,-0.1913,-0.2522,-0.3013,-0.3407,-0.3732,-0.4005,-0.4242,-0.4451,-0.4637,-0.4805,-0.4956,-0.5092,-0.8375,-0.8375,-0.8277,-0.8015,-0.7521,-0.6747,-0.5719,-0.4723,-0.4386,-0.4907,-0.5637,-0.6069,-0.6143,-0.5939,-0.5511,-0.4872,-0.4029,-0.3062,-0.2189,-0.1507,-0.0513,0.0796,0.076,-0.0405,-0.1499,-0.2298,-0.2881,-0.3325,-0.368,-0.3975,-0.4229,-0.4452,-0.4651,-0.4829,-0.4989,-0.5133,-0.8675,-0.8771,-0.8765,-0.8532,-0.7931,-0.6831,-0.506,-0.2842,-0.2032,-0.366,-0.5407,-0.6243,-0.6423,-0.6229,-0.5768,-0.503,-0.3953,-0.2553,-0.1283,-0.0904,-0.0217,0.1603,0.1447,-0.0148,-0.1399,-0.2248,-0.2852,-0.3308,-0.3674,-0.3979,-0.4244,-0.4477,-0.4687,-0.4875,-0.5043,-0.5193,-0.8989,-0.9247,-0.9455,-0.936,-0.8697,-0.7363,-0.4966,-0.1046,0.0779,-0.2807,-0.5669,-0.6704,-0.6867,-0.6658,-0.6208,-0.5438,-0.4186,-0.233,-0.0337,-0.0319,-0.0583,0.0162,0.0164,-0.074,-0.1658,-0.2375,-0.2924,-0.3356,-0.3711,-0.4017,-0.4286,-0.4529,-0.4748,-0.4945,-0.5121,-0.5277,-0.9246,-0.9718,-1.0346,-1.0608,-0.9793,-0.8425,-0.6498,-0.3503,-0.2171,-0.4946,-0.6994,-0.7531,-0.7455,-0.7224,-0.69,-0.6232,-0.4955,-0.313,-0.1378,-0.0912,-0.0555,-0.0445,-0.083,-0.1411,-0.204,-0.2598,-0.3061,-0.3448,-0.3783,-0.4082,-0.4356,-0.4607,-0.4836,-0.5043,-0.5227,-0.5389,-0.9331,-0.991,-1.1018,-1.1963,-1.0568,-0.9396,-0.8771,-0.8184,-0.8271,-0.9007,-0.906,-0.8548,-0.8058,-0.7864,-0.7989,-0.767,-0.6172,-0.4327,-0.2733,-0.1271,0.0654,0.0335,-0.1,-0.1809,-0.2377,-0.2834,-0.322,-0.3561,-0.3874,-0.4169,-0.4449,-0.4713,-0.4956,-0.5175,-0.5368,-0.5534,-0.9186,-0.9504,-1.0078,-1.0465,-0.9443,-0.972,-1.0622,-1.1662,-1.3118,-1.3416,-1.1317,-0.9431,-0.848,-0.8367,-0.9627,-1.0412,-0.7403,-0.5075,-0.3503,-0.1939,-0.0241,-0.0356,-0.145,-0.2188,-0.2674,-0.3045,-0.3365,-0.3668,-0.3968,-0.427,-0.4567,-0.4851,-0.5114,-0.535,-0.5552,-0.572,-0.8946,-0.8829,-0.8126,-0.6102,-0.6585,-0.9763,-1.2282,-1.4132,-1.7057,-1.8641,-1.3034,-0.9799,-0.8608,-0.8423,-0.9424,-1.0436,-0.7031,-0.4975,-0.3867,-0.2915,-0.2083,-0.188,-0.2199,-0.2592,-0.2924,-0.3201,-0.3462,-0.3742,-0.4051,-0.4379,-0.471,-0.503,-0.5324,-0.558,-0.5793,-0.596,-0.882,-0.8571,-0.7748,-0.6214,-0.6953,-1.0813,-1.44,-1.6516,-1.6611,-1.6382,-1.2225,-0.9446,-0.8592,-0.8966,-0.8151,-0.6575,-0.5014,-0.4252,-0.3907,-0.3329,-0.2817,-0.2586,-0.264,-0.2844,-0.3065,-0.3256,-0.3472,-0.3763,-0.4116,-0.4501,-0.4893,-0.5268,-0.5606,-0.5889,-0.611,-0.627,-0.8855,-0.8765,-0.8523,-0.8425,-0.9559,-1.2367,-1.5985,-1.9038,-1.7229,-1.364,-1.0618,-0.8841,-0.8315,-0.9301,-0.7861,-0.3734,-0.2633,-0.4192,-0.4315,-0.3258,-0.2751,-0.2561,-0.2643,-0.2874,-0.3076,-0.3178,-0.3374,-0.3731,-0.4174,-0.4653,-0.5138,-0.5597,-0.5996,-0.6311,-0.6534,-0.6672,-0.8952,-0.9049,-0.9211,-0.9659,-1.0756,-1.2666,-1.515,-1.7312,-1.6013,-1.2181,-0.9607,-0.8592,-0.832,-0.6894,-0.3902,0.1802,0.1267,-0.1918,-0.3076,-0.2521,-0.1988,-0.1861,-0.222,-0.2722,-0.3038,-0.3061,-0.3258,-0.3709,-0.4265,-0.487,-0.5489,-0.6069,-0.6554,-0.6903,-0.7109,-0.7195,-0.9015,-0.921,-0.9508,-1.0013,-1.0832,-1.1958,-1.3148,-1.3703,-1.2587,-1.0445,-0.8944,-0.8137,-0.7146,-0.6046,-0.2352,0.3515,0.8148,0.1539,-0.1303,-0.1233,0.0048,0.0018,-0.1272,-0.2376,-0.295,-0.3097,-0.3307,-0.3777,-0.4425,-0.5191,-0.6007,-0.6774,-0.7381,-0.7753,-0.7897,-0.7873,-0.9006,-0.922,-0.9512,-0.9915,-1.0436,-1.1004,-1.1414,-1.1322,-1.05,-0.9358,-0.8788,-0.8182,-0.7785,-0.6506,-0.3619,0.1325,0.5347,0.0783,-0.1496,0.0057,0.4966,0.3749,-0.0048,-0.1957,-0.273,-0.3034,-0.3308,-0.3816,-0.4611,-0.5632,-0.6774,-0.7857,-0.8645,-0.8999,-0.8975,-0.8735,-0.8931,-0.9122,-0.9356,-0.9634,-0.9931,-1.018,-1.0261,-1.0046,-0.9529,-0.8963,-0.874,-0.8558,-0.9847,-1.0265,-0.6132,-0.3268,-0.2012,-0.326,-0.4164,-0.1186,0.5581,0.4079,-0.0107,-0.193,-0.2475,-0.2551,-0.2783,-0.352,-0.4699,-0.6186,-0.7895,-0.955,-1.0624,-1.0825,-1.0407,-0.9772,-0.8811,-0.8964,-0.9133,-0.9308,-0.9464,-0.9554,-0.9523,-0.9334,-0.9026,-0.8731,-0.8592,-0.8807,-1.0379,-1.0621,-0.8113,-0.6938,-0.5799,-0.7035,-0.9186,-0.535,-0.1535,-0.0714,-0.177,-0.2369,-0.2034,-0.1099,-0.1051,-0.258,-0.4616,-0.6826,-0.9427,-1.2121,-1.3635,-1.3332,-1.212,-1.0873,-0.8667,-0.8781,-0.8895,-0.8999,-0.9072,-0.9088,-0.9025,-0.8879,-0.8683,-0.8505,-0.8424,-0.8544,-0.8895,-0.9039,-1.0214,-1.0949,-0.787,-0.7717,-0.86,-0.7222,-0.5196,-0.3827,-0.3413,-0.2956,-0.1398,0.187,0.2565,-0.1318,-0.4641,-0.7492,-1.1044,-1.5238,-1.7298,-1.5975,-1.3658,-1.176,-0.8515,-0.8596,-0.8669,-0.8724,-0.875,-0.8734,-0.8665,-0.855,-0.841,-0.8282,-0.8207,-0.8218,-0.8331,-0.8681,-0.9896,-1.024,-0.8218,-0.7561,-0.83,-0.8725,-0.6705,-0.5348,-0.4641,-0.3816,-0.195,0.2116,0.3056,-0.2397,-0.551,-0.8071,-1.1679,-1.6488,-1.8794,-1.6935,-1.4184,-1.2079,-0.8365,-0.8419,-0.8462,-0.8487,-0.8487,-0.8455,-0.8388,-0.8292,-0.8181,-0.8075,-0.7995,-0.7962,-0.8,-0.8174,-0.8474,-0.8373,-0.7721,-0.7398,-0.7716,-0.7758,-0.6839,-0.6196,-0.5787,-0.5095,-0.4207,-0.4101,-0.669,-0.692,-0.7213,-0.8571,-1.0927,-1.4258,-1.615,-1.5252,-1.3372,-1.1722,-0.8223,-0.8257,-0.8278,-0.8284,-0.8268,-0.8229,-0.8165,-0.8081,-0.7985,-0.789,-0.7807,-0.7748,-0.7725,-0.7739,-0.7738,-0.7593,-0.7318,-0.7129,-0.7101,-0.7009,-0.6856,-0.7083,-0.7128,-0.6378,-0.6009,-0.7275,-0.9829,-0.8964,-0.8786,-0.9257,-1.0088,-1.1628,-1.2807,-1.2767,-1.1939,-1.0957,-0.8091,-0.8109,-0.8116,-0.8109,-0.8084,-0.8041,-0.798,-0.7904,-0.7818,-0.7729,-0.7644,-0.7569,-0.7506,-0.7447,-0.7366,-0.7234,-0.7067,-0.6929,-0.685,-0.6828,-0.7016,-0.7673,-0.7899,-0.7069,-0.6752,-0.7457,-0.8496,-0.921,-1.0472,-1.0215,-0.9848,-1.024,-1.0789,-1.0936,-1.0646,-1.0137,-0.7969,-0.7977,-0.7973,-0.7958,-0.7928,-0.7883,-0.7824,-0.7753,-0.7674,-0.759,-0.7505,-0.7422,-0.7341,-0.7256,-0.7158,-0.7042,-0.6918,-0.6814,-0.6753,-0.6774,-0.6964,-0.7333,-0.7427,-0.708,-0.6984,-0.7419,-0.8218,-0.9435,-1.0679,-1.0353,-0.9707,-0.9594,-0.9744,-0.9822,-0.9709,-0.9445]}]