docs/data/wind_grid.json
[{"header":{"la1":42.85,"la2":41.18,"lo1":11.55,"lo2":14.05,"nx":36,"ny":24,"dx":0.07143,"dy":0.07261,"parameterCategory":2,"parameterNumber":2,"parameterNumberName":"eastward_wind","parameterUnit":"m.s-1"},"data":[-0.6995,-0.7101,-0.7222,-0.7353,-0.7489,-0.7617,-0.772,-0.778,-0.7787,-0.7747,-0.7682,-0.7623,-0.7595,-0.7617,-0.769,-0.7807,-0.7949,-0.8088,-0.8193,-0.8242,-0.8226,-0.8152,-0.8037,-0.7899,-0.7751,-0.7604,-0.7464,-0.7333,-0.7212,-0.7103,-0.7003,-0.6913,-0.6833,-0.676,-0.6694,-0.6636,-0.7014,-0.7141,-0.7291,-0.7463,-0.7652,-0.7841,-0.8,-0.8092,-0.8091,-0.8002,-0.7865,-0.7738,-0.7667,-0.7678,-0.7776,-0.7948,-0.8166,-0.8382,-0.8545,-0.8614,-0.8577,-0.8455,-0.828,-0.8084,-0.7888,-0.7701,-0.753,-0.7376,-0.7237,-0.7114,-0.7004,-0.6906,-0.682,-0.6742,-0.6673,-0.6612,-0.7022,-0.7169,-0.7353,-0.7579,-0.7846,-0.8136,-0.8402,-0.8569,-0.8564,-0.8384,-0.8113,-0.7865,-0.772,-0.7712,-0.7845,-0.8102,-0.8441,-0.879,-0.9051,-0.9143,-0.9055,-0.884,-0.8568,-0.8289,-0.8028,-0.7794,-0.7588,-0.7408,-0.7252,-0.7115,-0.6995,-0.689,-0.6798,-0.6717,-0.6645,-0.6582,-0.7012,-0.7178,-0.7396,-0.7683,-0.8055,-0.8508,-0.8982,-0.9325,-0.934,-0.8984,-0.8452,-0.799,-0.7728,-0.7693,-0.7876,-0.8257,-0.8791,-0.9371,-0.9806,-0.992,-0.9709,-0.9319,-0.8892,-0.8498,-0.8158,-0.7871,-0.7629,-0.7425,-0.7251,-0.7103,-0.6974,-0.6863,-0.6767,-0.6682,-0.6609,-0.6544,-0.6977,-0.7154,-0.7397,-0.7742,-0.8235,-0.8921,-0.9778,-1.0542,-1.0666,-0.9932,-0.8882,-0.8068,-0.7646,-0.7582,-0.7832,-0.8377,-0.9201,-1.0183,-1.0947,-1.106,-1.0568,-0.9865,-0.9214,-0.8682,-0.8258,-0.792,-0.7646,-0.742,-0.7232,-0.7074,-0.6939,-0.6824,-0.6724,-0.6638,-0.6563,-0.6498,-0.6914,-0.7087,-0.7335,-0.7707,-0.8291,-0.9226,-1.0654,-1.2319,-1.2818,-1.1255,-0.9258,-0.7979,-0.7406,-0.7336,-0.7664,-0.8384,-0.9557,-1.1141,-1.2496,-1.254,-1.1501,-1.0351,-0.9453,-0.8795,-0.8303,-0.7925,-0.7628,-0.7388,-0.7191,-0.7027,-0.6888,-0.677,-0.6669,-0.6582,-0.6507,-0.6443,-0.6823,-0.6974,-0.7195,-0.7538,-0.8107,-0.9119,-1.0951,-1.3706,-1.4884,-1.2058,-0.9069,-0.7523,-0.6937,-0.6917,-0.7326,-0.8171,-0.9573,-1.1637,-1.3598,-1.3537,-1.1975,-1.0526,-0.9506,-0.8793,-0.8272,-0.7877,-0.7569,-0.7324,-0.7124,-0.6959,-0.682,-0.6702,-0.6601,-0.6514,-0.644,-0.6377,-0.671,-0.6825,-0.699,-0.7239,-0.765,-0.8386,-0.9763,-1.1924,-1.2745,-1.017,-0.7737,-0.6597,-0.6225,-0.6318,-0.6806,-0.7706,-0.9069,-1.0897,-1.2568,-1.2629,-1.1439,-1.0243,-0.9337,-0.8667,-0.816,-0.7771,-0.7468,-0.7227,-0.7032,-0.6871,-0.6735,-0.6619,-0.6519,-0.6433,-0.6361,-0.63,-0.6589,-0.6662,-0.6758,-0.6886,-0.7066,-0.7325,-0.7683,-0.7979,-0.755,-0.6403,-0.5671,-0.5403,-0.5353,-0.5552,-0.6123,-0.7114,-0.8426,-0.9801,-1.0812,-1.101,-1.0501,-0.9755,-0.9045,-0.8451,-0.7979,-0.7611,-0.7325,-0.7099,-0.6916,-0.6764,-0.6633,-0.652,-0.6422,-0.6338,-0.6267,-0.6209,-0.6471,-0.6509,-0.6548,-0.6581,-0.6586,-0.6503,-0.6176,-0.525,-0.3514,-0.2718,-0.3669,-0.4304,-0.4429,-0.4587,-0.5242,-0.6532,-0.8203,-0.9714,-1.0543,-1.0586,-1.0109,-0.9427,-0.8753,-0.8184,-0.7739,-0.7402,-0.7145,-0.6944,-0.678,-0.664,-0.6516,-0.6406,-0.6309,-0.6226,-0.6158,-0.6104,-0.6369,-0.6384,-0.6393,-0.6388,-0.6349,-0.6222,-0.5843,-0.4563,-0.0724,0.1078,-0.2383,-0.3619,-0.3492,-0.3242,-0.3977,-0.5976,-0.8758,-1.1351,-1.2327,-1.1629,-1.0409,-0.931,-0.8466,-0.786,-0.7438,-0.7144,-0.6932,-0.6768,-0.663,-0.6505,-0.6387,-0.6278,-0.6179,-0.6095,-0.6028,-0.5979,-0.6285,-0.629,-0.6294,-0.6301,-0.6319,-0.6381,-0.653,-0.642,-0.3536,-0.1225,-0.3022,-0.3479,-0.2639,-0.123,-0.2205,-0.5521,-1.0429,-1.6094,-1.7133,-1.3873,-1.0954,-0.9121,-0.8039,-0.7414,-0.7054,-0.6839,-0.6698,-0.6585,-0.6479,-0.6367,-0.6249,-0.6133,-0.6026,-0.5937,-0.5872,-0.5829,-0.6217,-0.622,-0.623,-0.6262,-0.635,-0.6583,-0.7138,-0.7984,-0.6938,-0.4778,-0.4125,-0.3741,-0.2784,-0.0582,-0.1509,-0.5875,-1.2465,-2.3677,-2.3825,-1.5502,-1.0714,-0.8354,-0.7247,-0.6765,-0.6574,-0.6502,-0.6465,-0.6418,-0.6343,-0.6236,-0.6104,-0.5966,-0.584,-0.5742,-0.5678,-0.5647,-0.616,-0.6163,-0.6176,-0.6217,-0.6319,-0.6545,-0.6968,-0.7462,-0.6922,-0.5469,-0.4615,-0.4053,-0.3643,-0.14,-0.3578,-0.7819,-1.2836,-1.8702,-1.9129,-1.2911,-0.8541,-0.652,-0.5917,-0.5893,-0.6032,-0.618,-0.6279,-0.6304,-0.625,-0.6124,-0.5951,-0.5764,-0.5601,-0.5487,-0.5429,-0.542,-0.6111,-0.611,-0.612,-0.6149,-0.6216,-0.6335,-0.6488,-0.6514,-0.6092,-0.5418,-0.5,-0.4702,-0.385,-0.3033,-0.5107,-1.1717,-1.7533,-1.3594,-1.1364,-0.7756,-0.4317,-0.3402,-0.4103,-0.4923,-0.5541,-0.5964,-0.6213,-0.6297,-0.6232,-0.6043,-0.5777,-0.5497,-0.5269,-0.5137,-0.5101,-0.5136,-0.6066,-0.606,-0.6061,-0.6071,-0.6093,-0.6119,-0.6114,-0.5999,-0.5714,-0.5359,-0.5075,-0.5716,-0.5493,-0.51,-0.648,-1.101,-1.488,-1.0575,-0.6896,-0.3283,0.102,0.0328,-0.2411,-0.4194,-0.5297,-0.5994,-0.6371,-0.6468,-0.633,-0.6002,-0.5556,-0.5104,-0.4776,-0.4637,-0.4663,-0.4784,-0.6025,-0.6015,-0.6006,-0.5999,-0.5991,-0.5971,-0.5919,-0.5809,-0.564,-0.5441,-0.5237,-0.5765,-0.7513,-0.8356,-0.7162,-0.7864,-0.7954,-0.525,-0.2531,-0.1219,0.1811,0.0901,-0.2034,-0.4086,-0.5492,-0.6422,-0.6869,-0.6891,-0.6582,-0.6002,-0.5235,-0.4484,-0.4013,-0.3921,-0.4095,-0.437,-0.599,-0.5975,-0.596,-0.5943,-0.5921,-0.5888,-0.5837,-0.5767,-0.5691,-0.5652,-0.5761,-0.6359,-0.8065,-0.8499,-0.7074,-0.6521,-0.5011,-0.0584,0.3022,0.0086,-0.0645,-0.125,-0.2815,-0.4551,-0.6156,-0.7339,-0.7769,-0.7584,-0.7008,-0.6052,-0.4771,-0.353,-0.2894,-0.2984,-0.3441,-0.3944,-0.5959,-0.5942,-0.5923,-0.5902,-0.5877,-0.5846,-0.581,-0.5775,-0.5759,-0.58,-0.5966,-0.6356,-0.6895,-0.6985,-0.6829,-0.6801,-0.4612,-0.0602,0.1779,0.0215,-0.107,-0.2185,-0.3476,-0.5111,-0.6977,-0.8446,-0.874,-0.8372,-0.7582,-0.6208,-0.4279,-0.24,-0.1642,-0.2068,-0.2883,-0.3617,-0.5932,-0.5914,-0.5894,-0.5873,-0.5849,-0.5824,-0.5801,-0.5786,-0.5795,-0.5848,-0.597,-0.6161,-0.6345,-0.6412,-0.6543,-0.6413,-0.457,-0.1919,0.0222,0.0741,-0.0968,-0.238,-0.3653,-0.5318,-0.7373,-0.8825,-0.9062,-0.9215,-0.8343,-0.6607,-0.4234,-0.1977,-0.117,-0.176,-0.2716,-0.3526,-0.591,-0.5891,-0.5871,-0.585,-0.5829,-0.5809,-0.5792,-0.5786,-0.5796,-0.5832,-0.5896,-0.5973,-0.6021,-0.6001,-0.5888,-0.5436,-0.4255,-0.2552,-0.0917,-0.0502,-0.1472,-0.23,-0.3159,-0.4877,-0.7355,-0.9773,-1.1856,-1.1296,-0.9375,-0.7254,-0.4937,-0.2915,-0.2072,-0.2368,-0.3065,-0.3718,-0.589,-0.5872,-0.5852,-0.5832,-0.5812,-0.5794,-0.5779,-0.5772,-0.5773,-0.5785,-0.5803,-0.581,-0.5779,-0.5674,-0.5442,-0.4973,-0.4178,-0.3168,-0.2286,-0.1931,-0.1898,-0.1446,-0.1499,-0.361,-0.6899,-1.0604,-1.3589,-1.2429,-0.9916,-0.7759,-0.584,-0.43,-0.3492,-0.3413,-0.3715,-0.4102,-0.5873,-0.5855,-0.5835,-0.5816,-0.5796,-0.5778,-0.5762,-0.5748,-0.5738,-0.5729,-0.5713,-0.5676,-0.5599,-0.5454,-0.5203,-0.4806,-0.4253,-0.3617,-0.3042,-0.2585,-0.1925,-0.0587,-0.0179,-0.2552,-0.5935,-0.9137,-1.1125,-1.0832,-0.9345,-0.7784,-0.6397,-0.5292,-0.4604,-0.4343,-0.4371,-0.4533,-0.5858,-0.584,-0.582,-0.58,-0.578,-0.576,-0.5741,-0.5721,-0.57,-0.5674,-0.5636,-0.5575,-0.5476,-0.5321,-0.509,-0.4771,-0.437,-0.3926,-0.3483,-0.3014,-0.2347,-0.1469,-0.139,-0.2971,-0.5311,-0.7452,-0.8767,-0.8951,-0.8345,-0.7458,-0.6568,-0.5812,-0.5278,-0.4985,-0.4887,-0.491]},{"header":{"la1":42.85,"la2":41.18,"lo1":11.55,"lo2":14.05,"nx":36,"ny":24,"dx":0.07143,"dy":0.07261,"parameterCategory":2,"parameterNumber":3,"parameterNumberName":"northward_wind","parameterUnit":"m.s-1"},"data":[-0.8166,-0.8142,-0.8101,-0.8041,-0.7963,-0.787,-0.7768,-0.7661,-0.7551,-0.7433,-0.7298,-0.7133,-0.6932,-0.6693,-0.6422,-0.6132,-0.5842,-0.5576,-0.5358,-0.5205,-0.512,-0.5092,-0.5106,-0.5146,-0.52,-0.5261,-0.5326,-0.5392,-0.5459,-0.5527,-0.5596,-0.5665,-0.5733,-0.58,-0.5866,-0.5928,-0.8287,-0.8266,-0.8221,-0.8151,-0.8056,-0.794,-0.7815,-0.7694,-0.7584,-0.7478,-0.7355,-0.7192,-0.6975,-0.67,-0.6372,-0.6008,-0.5634,-0.529,-0.5017,-0.4847,-0.478,-0.4794,-0.4857,-0.4941,-0.5032,-0.5122,-0.5209,-0.5294,-0.5378,-0.546,-0.5542,-0.5623,-0.5703,-0.5781,-0.5856,-0.5926,-0.8423,-0.8405,-0.8358,-0.8274,-0.815,-0.7993,-0.7822,-0.7669,-0.756,-0.7487,-0.7406,-0.7266,-0.7041,-0.6725,-0.6326,-0.586,-0.5361,-0.4891,-0.4533,-0.4346,-0.4329,-0.4424,-0.4566,-0.4716,-0.4854,-0.4979,-0.5092,-0.5197,-0.5298,-0.5396,-0.5492,-0.5587,-0.5679,-0.5769,-0.5854,-0.5934,-0.8576,-0.8567,-0.8519,-0.8418,-0.8252,-0.8021,-0.7752,-0.752,-0.7408,-0.7417,-0.7437,-0.7359,-0.7141,-0.6782,-0.6297,-0.5695,-0.5007,-0.4326,-0.3817,-0.3623,-0.3724,-0.3974,-0.4246,-0.4483,-0.4678,-0.4839,-0.4978,-0.5104,-0.5222,-0.5336,-0.5448,-0.5558,-0.5664,-0.5766,-0.5863,-0.5953,-0.875,-0.8757,-0.8717,-0.8604,-0.8386,-0.8036,-0.7569,-0.7126,-0.6979,-0.7187,-0.7444,-0.7492,-0.7294,-0.6893,-0.6312,-0.5545,-0.4589,-0.3543,-0.2748,-0.2578,-0.2948,-0.3473,-0.3927,-0.4266,-0.4517,-0.471,-0.4871,-0.5015,-0.5151,-0.5282,-0.5411,-0.5538,-0.566,-0.5777,-0.5886,-0.5987,-0.8946,-0.8983,-0.8967,-0.8862,-0.8607,-0.8116,-0.7313,-0.6367,-0.6051,-0.6742,-0.7479,-0.7713,-0.7529,-0.7077,-0.6409,-0.5489,-0.4223,-0.2628,-0.1305,-0.1232,-0.2117,-0.3033,-0.3678,-0.4099,-0.4385,-0.4598,-0.4774,-0.4933,-0.5085,-0.5235,-0.5384,-0.553,-0.5671,-0.5804,-0.5928,-0.604,-0.9162,-0.9246,-0.9283,-0.9229,-0.9004,-0.8459,-0.7362,-0.5692,-0.4992,-0.6492,-0.7795,-0.8115,-0.7869,-0.7345,-0.6619,-0.5627,-0.4194,-0.2167,-0.0276,-0.0325,-0.1704,-0.2868,-0.358,-0.4008,-0.4291,-0.4503,-0.4685,-0.4856,-0.5026,-0.5197,-0.5368,-0.5538,-0.5701,-0.5854,-0.5994,-0.6118,-0.939,-0.9538,-0.966,-0.9717,-0.9635,-0.9275,-0.8404,-0.6949,-0.6357,-0.7783,-0.8774,-0.8767,-0.8304,-0.7676,-0.6928,-0.5981,-0.4691,-0.2939,-0.1292,-0.1199,-0.2215,-0.31,-0.3647,-0.3984,-0.422,-0.4415,-0.4596,-0.478,-0.4971,-0.5168,-0.5369,-0.5567,-0.5758,-0.5934,-0.6092,-0.6228,-0.9615,-0.9841,-1.0074,-1.0293,-1.0456,-1.0495,-1.0338,-1.0086,-1.0232,-1.0647,-1.0374,-0.958,-0.8756,-0.802,-0.7278,-0.6418,-0.5394,-0.4243,-0.3258,-0.2935,-0.3174,-0.3511,-0.3773,-0.397,-0.4142,-0.4314,-0.4498,-0.47,-0.4919,-0.5151,-0.5389,-0.5626,-0.585,-0.6054,-0.6232,-0.6381,-0.9817,-1.0124,-1.0478,-1.0881,-1.1329,-1.1805,-1.2307,-1.2979,-1.4062,-1.4191,-1.2235,-1.0293,-0.9093,-0.8339,-0.7636,-0.6789,-0.5872,-0.5039,-0.4387,-0.398,-0.3807,-0.3773,-0.3809,-0.3891,-0.4015,-0.4177,-0.4376,-0.4608,-0.4868,-0.5149,-0.5439,-0.5725,-0.5993,-0.6231,-0.6431,-0.659,-0.997,-1.0348,-1.0812,-1.1389,-1.2108,-1.2979,-1.3935,-1.4914,-1.7033,-1.816,-1.3591,-1.0512,-0.9224,-0.8715,-0.8091,-0.705,-0.5989,-0.5259,-0.4771,-0.433,-0.3969,-0.3746,-0.366,-0.3688,-0.3803,-0.3985,-0.422,-0.45,-0.482,-0.5168,-0.5529,-0.5882,-0.6207,-0.6486,-0.6708,-0.6873,-1.0054,-1.0478,-1.1018,-1.1721,-1.2656,-1.3892,-1.5374,-1.6427,-1.6468,-1.6299,-1.265,-1.0055,-0.9231,-0.9431,-0.8805,-0.7111,-0.568,-0.5252,-0.5016,-0.4361,-0.3764,-0.3402,-0.3272,-0.3319,-0.3484,-0.3723,-0.402,-0.4372,-0.4775,-0.5218,-0.5679,-0.6125,-0.6525,-0.6853,-0.7096,-0.7255,-1.0052,-1.0489,-1.105,-1.1795,-1.2816,-1.4242,-1.6164,-1.7958,-1.666,-1.3653,-1.0894,-0.9454,-0.9109,-0.9672,-0.9013,-0.6338,-0.4605,-0.5674,-0.5668,-0.4129,-0.314,-0.2655,-0.2579,-0.2757,-0.3048,-0.3388,-0.3772,-0.4217,-0.4735,-0.5313,-0.5918,-0.6499,-0.7,-0.7384,-0.7636,-0.7768,-0.9963,-1.0373,-1.0895,-1.1576,-1.2489,-1.3724,-1.5295,-1.6709,-1.5536,-1.1928,-0.9497,-0.924,-0.9352,-0.8811,-0.7054,-0.3322,-0.0565,-0.3323,-0.4198,-0.2919,-0.1727,-0.1231,-0.147,-0.1994,-0.2513,-0.2984,-0.3463,-0.4022,-0.4694,-0.547,-0.6292,-0.7071,-0.7713,-0.8156,-0.8391,-0.8453,-0.9795,-1.0148,-1.0581,-1.1116,-1.1775,-1.255,-1.3304,-1.3495,-1.2102,-0.953,-0.7717,-0.7288,-0.6964,-0.521,-0.508,0.289,1.1168,0.2246,-0.1338,-0.0758,0.1185,0.1424,0.012,-0.112,-0.1944,-0.2515,-0.3059,-0.3741,-0.4631,-0.5707,-0.687,-0.7959,-0.8798,-0.9287,-0.944,-0.9352,-0.9569,-0.9847,-1.0168,-1.0527,-1.0907,-1.1238,-1.1346,-1.0892,-0.955,-0.7504,-0.5545,-0.5307,-0.5751,-0.572,-0.4183,0.2016,0.764,0.18,-0.0945,0.1189,0.6411,0.5397,0.1677,-0.0453,-0.1436,-0.1934,-0.2444,-0.327,-0.449,-0.6041,-0.7761,-0.9351,-1.0466,-1.0939,-1.0871,-1.0493,-0.9309,-0.951,-0.972,-0.9924,-1.0084,-1.0129,-0.9936,-0.935,-0.8288,-0.6872,-0.5599,-0.5633,-0.5865,-0.5832,-0.4768,-0.2602,-0.1236,-0.2676,-0.3514,-0.0009,0.6937,0.5658,0.1593,-0.0392,-0.0983,-0.1016,-0.1334,-0.2412,-0.4185,-0.6485,-0.9108,-1.1526,-1.3008,-1.3283,-1.2724,-1.1843,-0.9037,-0.9168,-0.9288,-0.9375,-0.9396,-0.9299,-0.9018,-0.85,-0.776,-0.6935,-0.6308,-0.6056,-0.5974,-0.5896,-0.556,-0.5068,-0.4614,-0.6184,-0.8157,-0.4276,-0.0101,0.086,-0.0207,-0.0816,-0.0345,0.0748,0.0798,-0.0973,-0.3687,-0.7021,-1.0981,-1.4706,-1.6599,-1.6283,-1.4835,-1.3233,-0.8771,-0.8845,-0.8897,-0.8907,-0.8851,-0.8698,-0.842,-0.8005,-0.7489,-0.6958,-0.6523,-0.6231,-0.6056,-0.6019,-0.65,-0.6748,-0.5791,-0.6448,-0.7307,-0.5559,-0.3658,-0.2325,-0.1878,-0.1314,0.0431,0.3542,0.4135,0.0567,-0.331,-0.7538,-1.2932,-1.8261,-2.0447,-1.9141,-1.6617,-1.4302,-0.8521,-0.8553,-0.8557,-0.8521,-0.8428,-0.8261,-0.8011,-0.7681,-0.73,-0.6914,-0.6574,-0.6309,-0.6135,-0.6126,-0.6465,-0.6558,-0.593,-0.5827,-0.5932,-0.5945,-0.4807,-0.3701,-0.298,-0.2041,-0.002,0.3729,0.4511,-0.0277,-0.3768,-0.7781,-1.3578,-1.9586,-2.1852,-2.0101,-1.7178,-1.4634,-0.8293,-0.8294,-0.8268,-0.8205,-0.8097,-0.7934,-0.7715,-0.7447,-0.7148,-0.6845,-0.6566,-0.6331,-0.6157,-0.6076,-0.6083,-0.5996,-0.5741,-0.5591,-0.562,-0.5523,-0.4898,-0.4305,-0.3851,-0.3134,-0.2123,-0.1869,-0.4176,-0.4415,-0.496,-0.7634,-1.2243,-1.7118,-1.9295,-1.8342,-1.6174,-1.4086,-0.8088,-0.8068,-0.8023,-0.7947,-0.7834,-0.7682,-0.749,-0.7265,-0.702,-0.6771,-0.6533,-0.6321,-0.6146,-0.6012,-0.5903,-0.5768,-0.5593,-0.5438,-0.5318,-0.513,-0.4841,-0.4721,-0.4641,-0.4141,-0.3779,-0.4794,-0.6848,-0.6147,-0.5756,-0.7324,-1.0318,-1.3519,-1.5344,-1.5332,-1.4261,-1.2939,-0.7907,-0.7873,-0.7816,-0.7734,-0.7623,-0.7482,-0.7312,-0.7119,-0.6911,-0.6699,-0.6491,-0.6298,-0.6124,-0.597,-0.5826,-0.5675,-0.5513,-0.5352,-0.5191,-0.5014,-0.487,-0.4925,-0.4972,-0.4624,-0.444,-0.4956,-0.572,-0.5792,-0.5964,-0.7036,-0.8879,-1.086,-1.2221,-1.2627,-1.2297,-1.1623,-0.7747,-0.7703,-0.7641,-0.7557,-0.745,-0.732,-0.7168,-0.6999,-0.6819,-0.6633,-0.6448,-0.6271,-0.6103,-0.5946,-0.5793,-0.564,-0.5483,-0.5325,-0.5166,-0.5012,-0.4901,-0.4883,-0.4863,-0.4727,-0.4682,-0.4908,-0.5265,-0.5558,-0.598,-0.6792,-0.7967,-0.9218,-1.0187,-1.0669,-1.0696,-1.0426]}]