docs/data/wind_grid.json
[{"header":{"la1":42.85,"la2":41.18,"lo1":11.55,"lo2":14.05,"nx":36,"ny":24,"dx":0.07143,"dy":0.07261,"parameterCategory":2,"parameterNumber":2,"parameterNumberName":"eastward_wind","parameterUnit":"m.s-1"},"data":[-0.6478,-0.6538,-0.6595,-0.6647,-0.6692,-0.672,-0.6723,-0.6686,-0.6602,-0.6477,-0.6328,-0.6181,-0.606,-0.5982,-0.5955,-0.5975,-0.6027,-0.6087,-0.6129,-0.6127,-0.6072,-0.5968,-0.5831,-0.5675,-0.5515,-0.536,-0.5215,-0.5084,-0.4966,-0.4862,-0.4772,-0.4693,-0.4624,-0.4566,-0.4515,-0.4471,-0.6607,-0.6684,-0.676,-0.6837,-0.6912,-0.6977,-0.7012,-0.6991,-0.6892,-0.6717,-0.6499,-0.6283,-0.6112,-0.6012,-0.5994,-0.6053,-0.6169,-0.63,-0.6397,-0.6417,-0.6345,-0.6196,-0.6003,-0.5793,-0.5587,-0.5396,-0.5223,-0.5071,-0.494,-0.4826,-0.4729,-0.4646,-0.4576,-0.4517,-0.4467,-0.4424,-0.6748,-0.6843,-0.6942,-0.705,-0.717,-0.7296,-0.7401,-0.7428,-0.7318,-0.7063,-0.6723,-0.6392,-0.6141,-0.6008,-0.6005,-0.6128,-0.6351,-0.661,-0.6808,-0.6858,-0.6741,-0.6504,-0.6216,-0.5926,-0.5658,-0.5421,-0.5217,-0.5044,-0.4898,-0.4776,-0.4674,-0.4589,-0.4519,-0.446,-0.4411,-0.4371,-0.6901,-0.7016,-0.7138,-0.7279,-0.7458,-0.7684,-0.7931,-0.8088,-0.7992,-0.7588,-0.7024,-0.6499,-0.6126,-0.5943,-0.5961,-0.6182,-0.6586,-0.708,-0.7472,-0.7559,-0.7322,-0.6908,-0.6463,-0.6058,-0.5712,-0.5425,-0.5188,-0.4994,-0.4836,-0.4707,-0.4603,-0.4519,-0.445,-0.4394,-0.4349,-0.4311,-0.7071,-0.7207,-0.7349,-0.7516,-0.7752,-0.8115,-0.8628,-0.9117,-0.9122,-0.841,-0.7407,-0.6566,-0.6025,-0.5778,-0.5819,-0.6169,-0.6853,-0.7788,-0.8581,-0.8695,-0.8147,-0.7392,-0.6709,-0.6161,-0.573,-0.5392,-0.5125,-0.4914,-0.4748,-0.4618,-0.4515,-0.4434,-0.437,-0.4319,-0.4278,-0.4245,-0.7266,-0.7428,-0.7583,-0.7754,-0.8008,-0.849,-0.9393,-1.0621,-1.0984,-0.957,-0.776,-0.65,-0.5779,-0.5463,-0.5513,-0.5988,-0.7027,-0.8692,-1.0304,-1.0366,-0.9121,-0.7831,-0.6872,-0.6186,-0.5683,-0.5304,-0.5015,-0.4796,-0.4629,-0.4503,-0.4407,-0.4334,-0.4278,-0.4234,-0.42,-0.4173,-0.7496,-0.7702,-0.7878,-0.8021,-0.82,-0.8631,-0.9735,-1.1828,-1.2834,-1.0322,-0.7673,-0.6148,-0.5333,-0.4951,-0.496,-0.5482,-0.6767,-0.9106,-1.1713,-1.1635,-0.9621,-0.7943,-0.6838,-0.6086,-0.5545,-0.5145,-0.4848,-0.4631,-0.4473,-0.436,-0.4278,-0.4219,-0.4174,-0.4141,-0.4115,-0.4096,-0.7773,-0.8068,-0.831,-0.8428,-0.8424,-0.8503,-0.9086,-1.0485,-1.1059,-0.8884,-0.672,-0.545,-0.4687,-0.4221,-0.4072,-0.4495,-0.5777,-0.7956,-1.0217,-1.0359,-0.8899,-0.7544,-0.6562,-0.5842,-0.5302,-0.49,-0.4611,-0.441,-0.4276,-0.4188,-0.4129,-0.4089,-0.406,-0.4039,-0.4024,-0.4014,-0.8089,-0.8554,-0.8998,-0.9211,-0.8974,-0.8463,-0.809,-0.7888,-0.7313,-0.6213,-0.5295,-0.4587,-0.3942,-0.3311,-0.272,-0.2848,-0.4323,-0.628,-0.7782,-0.82,-0.7705,-0.6915,-0.6144,-0.5481,-0.495,-0.4555,-0.4289,-0.4125,-0.4034,-0.3986,-0.3962,-0.3948,-0.3939,-0.3933,-0.3929,-0.3928,-0.8386,-0.9107,-0.9988,-1.0668,-1.0255,-0.8899,-0.7666,-0.6388,-0.4641,-0.3709,-0.3978,-0.3822,-0.3233,-0.2428,-0.0926,-0.0229,-0.3077,-0.5711,-0.7138,-0.7482,-0.7128,-0.6456,-0.5715,-0.5033,-0.4475,-0.4083,-0.3859,-0.3765,-0.3747,-0.3761,-0.3782,-0.3801,-0.3814,-0.3823,-0.3831,-0.3839,-0.8546,-0.9482,-1.0868,-1.2431,-1.2034,-0.9563,-0.7959,-0.6367,-0.256,-0.0794,-0.3138,-0.3318,-0.2561,-0.1759,-0.0789,-0.0126,-0.3708,-0.715,-0.8654,-0.8309,-0.729,-0.6236,-0.5292,-0.4478,-0.3829,-0.3423,-0.3283,-0.332,-0.3423,-0.3525,-0.3603,-0.3656,-0.3691,-0.3714,-0.3731,-0.3747,-0.8456,-0.9364,-1.0689,-1.2141,-1.1701,-0.9553,-0.8873,-0.8806,-0.554,-0.2838,-0.3587,-0.3135,-0.1858,-0.0254,-0.0941,-0.2907,-0.6626,-1.2055,-1.3346,-1.0415,-0.7784,-0.6031,-0.4784,-0.3764,-0.2923,-0.2474,-0.2514,-0.2799,-0.3088,-0.3302,-0.3441,-0.3525,-0.3575,-0.3606,-0.363,-0.3653,-0.813,-0.8789,-0.9569,-1.0123,-0.9771,-0.9098,-0.9609,-1.1088,-0.9428,-0.5988,-0.4292,-0.3236,-0.2093,0.0358,-0.0503,-0.4036,-0.9359,-2.0224,-2.04,-1.2124,-0.7709,-0.5462,-0.4097,-0.2926,-0.1741,-0.1165,-0.1587,-0.2287,-0.2812,-0.3135,-0.3318,-0.3416,-0.3467,-0.3498,-0.3524,-0.3552,-0.7688,-0.809,-0.8463,-0.8643,-0.8546,-0.8536,-0.9125,-1.0062,-0.9064,-0.6313,-0.4539,-0.3367,-0.2947,-0.2058,-0.2778,-0.5797,-0.9826,-1.5369,-1.5813,-0.9976,-0.6079,-0.4183,-0.3229,-0.2262,-0.0825,-0.0057,-0.094,-0.2023,-0.2704,-0.3071,-0.3252,-0.3331,-0.3362,-0.3381,-0.3406,-0.3441,-0.7239,-0.7469,-0.7649,-0.7729,-0.7728,-0.7784,-0.7982,-0.8006,-0.7153,-0.5789,-0.4926,-0.4296,-0.3459,-0.2998,-0.4057,-0.8835,-1.3542,-1.0361,-0.8637,-0.5641,-0.2833,-0.1985,-0.217,-0.2015,-0.1185,-0.0631,-0.133,-0.2254,-0.2838,-0.313,-0.324,-0.3255,-0.3239,-0.3235,-0.326,-0.331,-0.6833,-0.696,-0.7044,-0.7072,-0.7056,-0.7022,-0.6942,-0.6662,-0.6074,-0.5528,-0.5661,-0.567,-0.4783,-0.3793,-0.456,-0.8001,-1.1204,-0.7652,-0.4778,-0.198,0.1383,0.0842,-0.1075,-0.1914,-0.202,-0.2021,-0.2387,-0.2867,-0.3178,-0.3288,-0.3253,-0.3146,-0.3052,-0.3024,-0.3066,-0.3149,-0.6478,-0.654,-0.6568,-0.6553,-0.6496,-0.6392,-0.6214,-0.5923,-0.5555,-0.5344,-0.5534,-0.5212,-0.4364,-0.3951,-0.3902,-0.4593,-0.4961,-0.3192,-0.1292,-0.0244,0.2066,0.1365,-0.0721,-0.1951,-0.2643,-0.3108,-0.3444,-0.3618,-0.363,-0.3495,-0.3233,-0.2927,-0.272,-0.2692,-0.28,-0.2957,-0.617,-0.6189,-0.6178,-0.6131,-0.6043,-0.5908,-0.5715,-0.5466,-0.5201,-0.5003,-0.4852,-0.4492,-0.3967,-0.3587,-0.2108,-0.1341,-0.1527,0.0447,0.2534,0.0899,0.0492,0.0025,-0.1065,-0.222,-0.33,-0.4187,-0.4553,-0.4439,-0.4143,-0.3713,-0.3124,-0.2492,-0.2137,-0.2198,-0.2468,-0.2752,-0.5902,-0.5892,-0.5854,-0.5785,-0.568,-0.5535,-0.5349,-0.5128,-0.4891,-0.4655,-0.4383,-0.3981,-0.3374,-0.2066,0.1555,0.2967,0.0359,0.1037,0.2261,0.1898,0.0806,-0.0211,-0.1229,-0.2479,-0.3978,-0.5347,-0.5652,-0.5229,-0.4683,-0.3958,-0.2966,-0.1861,-0.135,-0.1644,-0.2165,-0.2594,-0.567,-0.5638,-0.5583,-0.55,-0.5386,-0.524,-0.5061,-0.4853,-0.462,-0.4357,-0.4029,-0.3566,-0.2813,-0.1335,0.132,0.2192,0.0632,0.0941,0.2891,0.371,0.1518,0.0153,-0.0916,-0.237,-0.4227,-0.5711,-0.5983,-0.5928,-0.5272,-0.4305,-0.3046,-0.1615,-0.1006,-0.1449,-0.2087,-0.2566,-0.5467,-0.5421,-0.5353,-0.5262,-0.5145,-0.5,-0.4826,-0.4624,-0.4391,-0.4117,-0.3772,-0.3304,-0.262,-0.1612,-0.0449,0.008,0.0057,0.0615,0.1886,0.2313,0.141,0.0935,0.0278,-0.1519,-0.3985,-0.6255,-0.8106,-0.749,-0.5919,-0.4737,-0.3572,-0.2339,-0.1718,-0.1905,-0.2335,-0.27,-0.529,-0.5234,-0.5159,-0.5063,-0.4944,-0.4801,-0.4632,-0.4435,-0.4207,-0.3936,-0.3603,-0.3181,-0.2637,-0.198,-0.1328,-0.0863,-0.0508,0.0009,0.0659,0.1089,0.1614,0.3022,0.3253,0.0357,-0.3307,-0.6786,-0.9698,-0.8233,-0.5926,-0.4985,-0.4183,-0.3311,-0.2741,-0.2625,-0.2755,-0.2937,-0.5135,-0.5072,-0.4992,-0.4894,-0.4775,-0.4635,-0.4472,-0.4282,-0.4063,-0.3807,-0.3502,-0.3137,-0.2709,-0.2236,-0.177,-0.1353,-0.0955,-0.0503,0.0022,0.07,0.2087,0.4799,0.5614,0.1861,-0.2294,-0.5389,-0.7006,-0.6245,-0.5139,-0.498,-0.4531,-0.3913,-0.3431,-0.3193,-0.3142,-0.3182,-0.5,-0.4932,-0.485,-0.4751,-0.4634,-0.4498,-0.4341,-0.4161,-0.3955,-0.3717,-0.3445,-0.3133,-0.2785,-0.2413,-0.2039,-0.1673,-0.1301,-0.0892,-0.0396,0.0321,0.1551,0.3223,0.3473,0.1114,-0.1834,-0.405,-0.5169,-0.5214,-0.5011,-0.493,-0.4596,-0.415,-0.3773,-0.3532,-0.3415,-0.338]},{"header":{"la1":42.85,"la2":41.18,"lo1":11.55,"lo2":14.05,"nx":36,"ny":24,"dx":0.07143,"dy":0.07261,"parameterCategory":2,"parameterNumber":3,"parameterNumberName":"northward_wind","parameterUnit":"m.s-1"},"data":[-0.6934,-0.6915,-0.6886,-0.6845,-0.6793,-0.6731,-0.6665,-0.6599,-0.6536,-0.6471,-0.6393,-0.6286,-0.6141,-0.5952,-0.5721,-0.5459,-0.5186,-0.4929,-0.4718,-0.4578,-0.4514,-0.4516,-0.4564,-0.4638,-0.4723,-0.4811,-0.4896,-0.4976,-0.5053,-0.5126,-0.5195,-0.5262,-0.5325,-0.5385,-0.5442,-0.5496,-0.6983,-0.6964,-0.6932,-0.6884,-0.6818,-0.6738,-0.6653,-0.6577,-0.6519,-0.6474,-0.6419,-0.6328,-0.6179,-0.5963,-0.5679,-0.534,-0.4972,-0.462,-0.4339,-0.4174,-0.4133,-0.4188,-0.4298,-0.443,-0.4562,-0.4684,-0.4796,-0.4897,-0.499,-0.5076,-0.5157,-0.5232,-0.5304,-0.5372,-0.5436,-0.5496,-0.7031,-0.7013,-0.6979,-0.6921,-0.6834,-0.6718,-0.6591,-0.6485,-0.6433,-0.6431,-0.6433,-0.6382,-0.6243,-0.5999,-0.565,-0.5203,-0.4687,-0.4175,-0.3776,-0.3582,-0.3602,-0.3764,-0.3982,-0.42,-0.4393,-0.4559,-0.47,-0.4823,-0.4932,-0.5031,-0.5123,-0.5209,-0.529,-0.5366,-0.5437,-0.5503,-0.7077,-0.7062,-0.7028,-0.6961,-0.6844,-0.6665,-0.6443,-0.6253,-0.6198,-0.6292,-0.642,-0.6458,-0.6349,-0.6082,-0.5656,-0.5062,-0.4316,-0.3516,-0.2892,-0.2671,-0.285,-0.3228,-0.3625,-0.3963,-0.4232,-0.4444,-0.4614,-0.4757,-0.4881,-0.4993,-0.5096,-0.5193,-0.5283,-0.5368,-0.5447,-0.5519,-0.7117,-0.7107,-0.7078,-0.701,-0.6864,-0.659,-0.6173,-0.5748,-0.564,-0.5962,-0.6373,-0.6576,-0.6521,-0.624,-0.5738,-0.497,-0.3881,-0.2551,-0.1456,-0.1235,-0.1815,-0.2606,-0.327,-0.3754,-0.4098,-0.435,-0.4545,-0.4704,-0.4841,-0.4964,-0.5078,-0.5185,-0.5285,-0.5379,-0.5467,-0.5546,-0.714,-0.7135,-0.7121,-0.7074,-0.6931,-0.6566,-0.5827,-0.4819,-0.4478,-0.5372,-0.6355,-0.6793,-0.6791,-0.6502,-0.5953,-0.504,-0.3548,-0.1349,0.073,0.0842,-0.0619,-0.2049,-0.3012,-0.3619,-0.4014,-0.4289,-0.4496,-0.4665,-0.4811,-0.4944,-0.5069,-0.5188,-0.5299,-0.5404,-0.55,-0.5586,-0.7133,-0.7121,-0.7122,-0.7131,-0.7076,-0.6758,-0.58,-0.398,-0.3126,-0.5012,-0.6653,-0.7209,-0.7185,-0.6886,-0.6358,-0.5435,-0.3738,-0.0786,0.2501,0.2412,-0.0016,-0.1891,-0.2974,-0.3602,-0.3995,-0.4265,-0.447,-0.464,-0.4793,-0.4935,-0.5072,-0.5203,-0.5328,-0.5444,-0.555,-0.5644,-0.7079,-0.7023,-0.7002,-0.7073,-0.7231,-0.7262,-0.6733,-0.5357,-0.474,-0.6426,-0.7667,-0.7886,-0.7682,-0.7372,-0.6978,-0.6247,-0.4764,-0.2208,0.0593,0.0791,-0.0928,-0.2344,-0.3192,-0.37,-0.4031,-0.427,-0.4461,-0.4628,-0.4784,-0.4936,-0.5087,-0.5233,-0.5374,-0.5504,-0.5622,-0.5724,-0.6971,-0.6797,-0.6624,-0.6642,-0.7093,-0.7816,-0.8308,-0.8457,-0.8822,-0.9407,-0.9299,-0.8717,-0.8185,-0.7889,-0.7817,-0.7468,-0.6203,-0.4373,-0.2724,-0.2147,-0.2523,-0.3082,-0.3524,-0.3846,-0.409,-0.4289,-0.4461,-0.4622,-0.4783,-0.4947,-0.5116,-0.5283,-0.5443,-0.5591,-0.5722,-0.5832,-0.6844,-0.6465,-0.5885,-0.5421,-0.61,-0.7988,-0.9733,-1.1159,-1.2766,-1.3138,-1.1217,-0.9455,-0.8551,-0.8298,-0.8829,-0.9165,-0.7346,-0.5583,-0.44,-0.3764,-0.3573,-0.3627,-0.3777,-0.3956,-0.4138,-0.4307,-0.4464,-0.462,-0.4787,-0.4969,-0.5162,-0.5358,-0.5545,-0.5715,-0.5861,-0.5978,-0.6792,-0.6232,-0.514,-0.3628,-0.4214,-0.7956,-1.0998,-1.3024,-1.6183,-1.7764,-1.269,-0.9737,-0.8703,-0.851,-0.8852,-0.9233,-0.725,-0.5671,-0.4795,-0.4261,-0.3941,-0.3816,-0.3848,-0.3984,-0.4163,-0.4332,-0.4476,-0.4622,-0.4795,-0.5002,-0.5232,-0.5468,-0.5692,-0.589,-0.6052,-0.6175,-0.6906,-0.6398,-0.5392,-0.4006,-0.4806,-0.9014,-1.257,-1.4369,-1.5118,-1.5479,-1.1761,-0.9354,-0.873,-0.917,-0.8614,-0.7426,-0.6042,-0.5067,-0.4653,-0.4213,-0.3845,-0.3675,-0.372,-0.3934,-0.4208,-0.441,-0.4519,-0.463,-0.4807,-0.505,-0.5336,-0.5631,-0.5908,-0.6141,-0.6319,-0.6439,-0.7165,-0.6925,-0.6563,-0.6439,-0.7691,-1.0584,-1.3705,-1.5867,-1.4743,-1.2363,-1.0046,-0.8863,-0.8509,-0.9424,-0.8685,-0.6161,-0.4532,-0.4775,-0.4752,-0.3906,-0.3378,-0.3198,-0.3379,-0.3836,-0.4372,-0.4646,-0.4625,-0.4642,-0.4818,-0.5121,-0.5493,-0.5879,-0.6227,-0.6503,-0.6691,-0.6796,-0.7448,-0.7463,-0.7569,-0.8011,-0.9133,-1.0952,-1.3035,-1.4653,-1.3707,-1.0751,-0.8789,-0.8867,-0.8847,-0.6197,-0.6031,-0.3161,-0.079,-0.2937,-0.3711,-0.3011,-0.2336,-0.2195,-0.2715,-0.3613,-0.4589,-0.4978,-0.4722,-0.4616,-0.4818,-0.5227,-0.5739,-0.6262,-0.6714,-0.7037,-0.7217,-0.7275,-0.7652,-0.7801,-0.8068,-0.856,-0.9354,-1.0389,-1.1397,-1.181,-1.0793,-0.8755,-0.7266,-0.6802,-0.5645,-0.2358,-0.3942,0.2569,1.026,0.1716,-0.1676,-0.1458,-0.0069,-0.011,-0.1535,-0.3012,-0.4194,-0.4681,-0.4502,-0.4466,-0.4793,-0.5391,-0.6132,-0.6874,-0.7473,-0.7837,-0.7963,-0.7915,-0.7746,-0.7929,-0.8196,-0.8576,-0.9062,-0.9565,-0.9881,-0.9693,-0.8726,-0.7126,-0.5523,-0.5264,-0.5449,-0.4859,-0.3753,0.1629,0.6806,0.1122,-0.1626,-0.0006,0.4484,0.3423,-0.014,-0.2208,-0.3271,-0.373,-0.3856,-0.4107,-0.4711,-0.5638,-0.6763,-0.787,-0.8685,-0.9047,-0.901,-0.8744,-0.7747,-0.7912,-0.8122,-0.8373,-0.8633,-0.8827,-0.8827,-0.8489,-0.7734,-0.6648,-0.5615,-0.5765,-0.6992,-0.7462,-0.5214,-0.2975,-0.1768,-0.3304,-0.4284,-0.1197,0.4984,0.373,-0.0032,-0.1845,-0.2484,-0.2616,-0.2804,-0.343,-0.4514,-0.5982,-0.7752,-0.95,-1.0637,-1.0856,-1.0422,-0.9752,-0.7684,-0.7813,-0.7958,-0.8106,-0.8224,-0.8261,-0.8151,-0.7841,-0.7336,-0.675,-0.6345,-0.6469,-0.7485,-0.768,-0.6319,-0.5602,-0.5147,-0.696,-0.9255,-0.5135,-0.1252,-0.0423,-0.1382,-0.1978,-0.1737,-0.0953,-0.0924,-0.2274,-0.4175,-0.6406,-0.9167,-1.2043,-1.3644,-1.3356,-1.2118,-1.0822,-0.7585,-0.7677,-0.7767,-0.7842,-0.7879,-0.7846,-0.7714,-0.7469,-0.714,-0.6804,-0.6584,-0.6589,-0.6785,-0.6833,-0.7239,-0.7518,-0.6358,-0.7122,-0.812,-0.6016,-0.4177,-0.2979,-0.2609,-0.2237,-0.0964,0.1634,0.2164,-0.0978,-0.3926,-0.6808,-1.066,-1.5158,-1.7298,-1.5979,-1.3625,-1.1662,-0.7469,-0.7529,-0.7579,-0.7607,-0.76,-0.7539,-0.7414,-0.7225,-0.6997,-0.6773,-0.661,-0.6539,-0.6547,-0.6652,-0.7114,-0.724,-0.6427,-0.6218,-0.6061,-0.5935,-0.4977,-0.3933,-0.3301,-0.2653,-0.1212,0.1892,0.2589,-0.1617,-0.4314,-0.6974,-1.1049,-1.6365,-1.8792,-1.6903,-1.4083,-1.1901,-0.735,-0.7384,-0.7406,-0.7406,-0.7375,-0.7306,-0.7194,-0.7043,-0.6871,-0.6702,-0.6561,-0.6464,-0.6415,-0.6433,-0.6514,-0.6431,-0.6097,-0.5843,-0.5731,-0.5552,-0.4841,-0.4058,-0.359,-0.3235,-0.2746,-0.27,-0.4578,-0.4808,-0.5234,-0.6797,-0.9732,-1.3756,-1.5957,-1.5062,-1.3117,-1.1408,-0.7234,-0.7249,-0.7251,-0.7234,-0.7192,-0.7121,-0.7021,-0.6896,-0.6757,-0.6617,-0.6488,-0.6381,-0.6298,-0.6238,-0.6173,-0.604,-0.5823,-0.5594,-0.537,-0.5024,-0.4382,-0.3648,-0.3403,-0.3565,-0.3865,-0.4973,-0.6803,-0.6134,-0.5807,-0.6431,-0.8011,-1.0368,-1.2055,-1.2205,-1.1427,-1.0456,-0.7124,-0.7126,-0.7115,-0.7087,-0.704,-0.6971,-0.6881,-0.6773,-0.6653,-0.653,-0.6411,-0.6299,-0.6196,-0.6096,-0.5982,-0.5833,-0.564,-0.5413,-0.5133,-0.4724,-0.4074,-0.3272,-0.3082,-0.3613,-0.4223,-0.502,-0.5745,-0.5847,-0.594,-0.61,-0.6919,-0.8289,-0.9469,-0.9962,-0.9848,-0.9435,-0.7023,-0.7015,-0.6996,-0.6962,-0.6912,-0.6845,-0.6763,-0.6666,-0.656,-0.6449,-0.6336,-0.6223,-0.6111,-0.5995,-0.5865,-0.5711,-0.5527,-0.5306,-0.5028,-0.4655,-0.415,-0.3626,-0.3499,-0.3872,-0.439,-0.4932,-0.5408,-0.5757,-0.5944,-0.6027,-0.6496,-0.7301,-0.8075,-0.8549,-0.8678,-0.8566]}]