docs/data/wind_grid.json
{"header": {"la1":42.1,"la2":41.55,"lo1":12.1,"lo2":12.95,"nx":50,"ny":50,"dx":0.01735,"dy":0.01122,"parameterCategory":2,"parameterNumber":2,"parameterNumberName":"eastward_wind","parameterUnit":"m.s-1"}, "data":
[rows 0 to 39 of 50, columns 0 to 49 of 50]
0.2988,0.4723,0.6346,0.7545,0.8037,0.7702,0.6649,0.515,0.3499,0.1919,0.0534,-0.0611,-0.152,-0.2217,-0.2735,-0.3105,-0.3355,-0.3511,-0.3594,-0.3628,-0.3637,-0.365,-0.3694,-0.3793,-0.3965,-0.4215,-0.4542,-0.4942,-0.5411,-0.5945,-0.6542,-0.7202,-0.7921,-0.8691,-0.9498,-1.0323,-1.1135,-1.1898,-1.2574,-1.3126,-1.3532,-1.3779,-1.3872,-1.383,-1.3675,-1.3437,-1.3141,-1.281,-1.2461,-1.2108
0.246,0.4256,0.5949,0.7202,0.7716,0.7378,0.6316,0.4814,0.3174,0.1617,0.0262,-0.0851,-0.1727,-0.2391,-0.2876,-0.3213,-0.3429,-0.3547,-0.359,-0.3581,-0.3546,-0.3518,-0.3531,-0.3614,-0.3785,-0.4048,-0.4398,-0.4827,-0.5329,-0.5901,-0.6541,-0.725,-0.8026,-0.8863,-0.9748,-1.0658,-1.1559,-1.2408,-1.3156,-1.3761,-1.4191,-1.4435,-1.45,-1.4411,-1.4199,-1.3898,-1.354,-1.315,-1.2749,-1.235
0.1686,0.349,0.5201,0.647,0.6998,0.6686,0.5673,0.424,0.2678,0.1197,-0.009,-0.1144,-0.1969,-0.2589,-0.3034,-0.3333,-0.3511,-0.3588,-0.3587,-0.3528,-0.3442,-0.3366,-0.3343,-0.3408,-0.3582,-0.3865,-0.4244,-0.4706,-0.5245,-0.5855,-0.6539,-0.7298,-0.8134,-0.9042,-1.0011,-1.1016,-1.2018,-1.2965,-1.3797,-1.446,-1.4916,-1.5152,-1.518,-1.5033,-1.4751,-1.4377,-1.3949,-1.3494,-1.3036,-1.2588
0.067,0.2429,0.411,0.5365,0.5909,0.566,0.4757,0.346,0.2036,0.0677,-0.0509,-0.1481,-0.2241,-0.2808,-0.3208,-0.3465,-0.3601,-0.3635,-0.3585,-0.3472,-0.3326,-0.3194,-0.3129,-0.3178,-0.336,-0.3669,-0.4083,-0.4584,-0.516,-0.581,-0.6537,-0.7347,-0.8244,-0.9227,-1.0286,-1.1395,-1.251,-1.3568,-1.4497,-1.5226,-1.5709,-1.5931,-1.5911,-1.5692,-1.5328,-1.487,-1.4363,-1.3838,-1.3318,-1.2818
-0.0562,0.1111,0.273,0.3957,0.4531,0.4383,0.364,0.2531,0.1288,0.0086,-0.0975,-0.185,-0.2536,-0.3044,-0.3395,-0.3608,-0.3702,-0.369,-0.3588,-0.3415,-0.3203,-0.3005,-0.2893,-0.2925,-0.3123,-0.3467,-0.3923,-0.4465,-0.508,-0.5769,-0.6538,-0.7397,-0.8354,-0.9413,-1.0567,-1.1789,-1.3031,-1.4216,-1.5255,-1.6059,-1.6568,-1.6769,-1.6688,-1.6383,-1.5923,-1.537,-1.4775,-1.4174,-1.3589,-1.3036
-0.196,-0.0395,0.1153,0.2359,0.2983,0.2967,0.2416,0.1523,0.0484,-0.0544,-0.1467,-0.2237,-0.2844,-0.3291,-0.3594,-0.3764,-0.3815,-0.3758,-0.3602,-0.3365,-0.3079,-0.2807,-0.264,-0.2659,-0.2882,-0.3271,-0.3774,-0.4357,-0.501,-0.5735,-0.6543,-0.7447,-0.8462,-0.9597,-1.0848,-1.2192,-1.3572,-1.4901,-1.6065,-1.6953,-1.749,-1.7659,-1.7503,-1.7096,-1.6526,-1.5867,-1.5177,-1.4495,-1.3845,-1.3237
-0.3452,-0.1996,-0.0509,0.0695,0.1393,0.1525,0.1175,0.0502,-0.0329,-0.1182,-0.1965,-0.263,-0.3158,-0.3547,-0.3803,-0.3934,-0.3945,-0.3843,-0.3634,-0.3332,-0.2968,-0.2615,-0.2391,-0.2401,-0.2658,-0.3098,-0.3648,-0.4271,-0.4956,-0.5711,-0.6552,-0.7497,-0.8565,-0.9772,-1.1121,-1.259,-1.4121,-1.5609,-1.6914,-1.7896,-1.846,-1.8588,-1.834,-1.7816,-1.7122,-1.6348,-1.5559,-1.4795,-1.4077,-1.3417
-0.4956,-0.3595,-0.2146,-0.092,-0.0135,0.0147,-0.001,-0.0477,-0.1114,-0.18,-0.2451,-0.3017,-0.3472,-0.3808,-0.4024,-0.412,-0.4096,-0.3952,-0.3693,-0.3329,-0.2891,-0.2459,-0.2178,-0.2184,-0.2481,-0.297,-0.3561,-0.4213,-0.4922,-0.57,-0.6566,-0.7544,-0.8658,-0.9931,-1.1373,-1.2969,-1.4657,-1.6318,-1.778,-1.8865,-1.9454,-1.9532,-1.9177,-1.852,-1.7692,-1.6798,-1.5908,-1.5062,-1.4279,-1.3569
-0.6389,-0.5099,-0.3664,-0.2399,-0.1523,-0.1104,-0.1091,-0.1377,-0.1842,-0.238,-0.2913,-0.3389,-0.378,-0.4072,-0.4256,-0.4325,-0.4272,-0.4092,-0.3788,-0.3371,-0.2872,-0.2376,-0.205,-0.2056,-0.2386,-0.291,-0.3524,-0.4191,-0.4912,-0.5703,-0.6586,-0.7588,-0.8738,-1.0065,-1.159,-1.3306,-1.5153,-1.6995,-1.8625,-1.9822,-2.0436,-2.0453,-1.9979,-1.918,-1.8214,-1.72,-1.621,-1.5286,-1.4444,-1.3687
-0.7671,-0.6431,-0.4996,-0.3689,-0.2732,-0.2196,-0.2042,-0.2177,-0.2498,-0.2909,-0.3339,-0.3739,-0.4078,-0.4337,-0.45,-0.4554,-0.448,-0.4268,-0.3924,-0.3465,-0.2931,-0.2405,-0.206,-0.2065,-0.2404,-0.2931,-0.3543,-0.4207,-0.4927,-0.572,-0.661,-0.7625,-0.8797,-1.0165,-1.1757,-1.3579,-1.5575,-1.7597,-1.94,-2.0713,-2.1351,-2.1301,-2.0703,-1.9761,-1.866,-1.7531,-1.6451,-1.5457,-1.4563,-1.3768
-0.8738,-0.7537,-0.6101,-0.4763,-0.3744,-0.3119,-0.2855,-0.2871,-0.3074,-0.3381,-0.3726,-0.4063,-0.4361,-0.4599,-0.4757,-0.4808,-0.4725,-0.4487,-0.4103,-0.3612,-0.3069,-0.2558,-0.2227,-0.2227,-0.2539,-0.3031,-0.3613,-0.4255,-0.4962,-0.5749,-0.6637,-0.7653,-0.8834,-1.0221,-1.1858,-1.376,-1.5884,-1.807,-2.004,-2.1467,-2.2129,-2.2014,-2.1297,-2.0222,-1.9,-1.7772,-1.6616,-1.5566,-1.463,-1.3805
-0.9546,-0.8382,-0.6961,-0.5614,-0.4562,-0.3877,-0.3534,-0.346,-0.3571,-0.3794,-0.407,-0.4357,-0.4627,-0.4858,-0.5025,-0.5093,-0.5014,-0.4753,-0.4322,-0.3792,-0.3253,-0.279,-0.2504,-0.2496,-0.2754,-0.3184,-0.3717,-0.4327,-0.5014,-0.5787,-0.6665,-0.7671,-0.8843,-1.0228,-1.1878,-1.3826,-1.6039,-1.8357,-2.047,-2.2001,-2.2686,-2.2517,-2.1703,-2.0521,-1.9204,-1.7902,-1.6691,-1.5602,-1.4639,-1.3794
-1.0074,-0.8958,-0.7577,-0.6252,-0.5197,-0.4484,-0.4091,-0.3952,-0.3994,-0.4151,-0.4371,-0.4619,-0.4871,-0.5107,-0.5302,-0.5408,-0.5352,-0.5069,-0.4572,-0.3978,-0.3426,-0.3009,-0.2779,-0.2772,-0.2979,-0.3347,-0.3832,-0.4409,-0.5074,-0.5831,-0.6691,-0.7677,-0.8823,-1.018,-1.1809,-1.3758,-1.6008,-1.8405,-2.0619,-2.223,-2.2941,-2.2742,-2.1867,-2.062,-1.9249,-1.7906,-1.6667,-1.556,-1.4585,-1.3734
-1.0329,-0.9277,-0.7966,-0.6697,-0.5671,-0.4957,-0.4539,-0.4357,-0.4349,-0.4455,-0.4631,-0.4848,-0.5089,-0.534,-0.5579,-0.5749,-0.5742,-0.5437,-0.4841,-0.4133,-0.3522,-0.3118,-0.2935,-0.2952,-0.3144,-0.3482,-0.3936,-0.4491,-0.5137,-0.5877,-0.6716,-0.7671,-0.8775,-1.0078,-1.1649,-1.3547,-1.5771,-1.8178,-2.0432,-2.2089,-2.2828,-2.2634,-2.175,-2.0494,-1.9117,-1.7774,-1.6538,-1.5435,-1.4467,-1.3622
-1.0343,-0.937,-0.8157,-0.6974,-0.6005,-0.5316,-0.4893,-0.4688,-0.4644,-0.4711,-0.4852,-0.5044,-0.5277,-0.5547,-0.5841,-0.61,-0.6172,-0.5852,-0.5114,-0.4225,-0.3488,-0.3046,-0.29,-0.2979,-0.3211,-0.3563,-0.4016,-0.4563,-0.5199,-0.5923,-0.6739,-0.7656,-0.8703,-0.9928,-1.1403,-1.3198,-1.5329,-1.7669,-1.9892,-2.1553,-2.2321,-2.2171,-2.1338,-2.0133,-1.8805,-1.7504,-1.6303,-1.5229,-1.4284,-1.3459
-1.0163,-0.9283,-0.8189,-0.7116,-0.6225,-0.5579,-0.5169,-0.4955,-0.4888,-0.4926,-0.5037,-0.5206,-0.5429,-0.5714,-0.6063,-0.6423,-0.6602,-0.6278,-0.5361,-0.4227,-0.3294,-0.2763,-0.2658,-0.2848,-0.318,-0.3589,-0.4069,-0.4624,-0.5258,-0.5972,-0.6763,-0.7637,-0.8614,-0.9739,-1.1086,-1.2732,-1.4707,-1.6905,-1.9027,-2.0647,-2.1442,-2.1372,-2.0647,-1.9552,-1.8322,-1.7102,-1.5967,-1.4944,-1.4039,-1.3246
-0.9847,-0.9067,-0.8103,-0.7152,-0.6354,-0.5765,-0.5381,-0.517,-0.5089,-0.5105,-0.519,-0.5336,-0.5543,-0.583,-0.6213,-0.6657,-0.6941,-0.6623,-0.5523,-0.4118,-0.294,-0.2283,-0.2244,-0.2605,-0.3083,-0.3579,-0.4103,-0.4678,-0.5317,-0.6023,-0.6792,-0.7619,-0.8516,-0.9526,-1.0718,-1.2179,-1.3949,-1.5947,-1.7908,-1.9448,-2.0264,-2.0299,-1.9723,-1.8783,-1.7691,-1.6585,-1.554,-1.4588,-1.3738,-1.2987
-0.9451,-0.8771,-0.794,-0.7116,-0.6417,-0.5893,-0.5543,-0.5342,-0.5256,-0.5254,-0.5317,-0.5437,-0.562,-0.5888,-0.6267,-0.6734,-0.7063,-0.6741,-0.5521,-0.3913,-0.2497,-0.1688,-0.1751,-0.2333,-0.2975,-0.3563,-0.4134,-0.4731,-0.538,-0.6082,-0.6829,-0.7609,-0.8423,-0.9305,-1.0327,-1.1578,-1.3114,-1.4875,-1.6637,-1.8067,-1.8891,-1.9039,-1.8632,-1.7873,-1.6945,-1.5975,-1.5037,-1.417,-1.3386,-1.2687
-0.9023,-0.8439,-0.7734,-0.7033,-0.6433,-0.5977,-0.5666,-0.5482,-0.5395,-0.5381,-0.5423,-0.5515,-0.5664,-0.5891,-0.622,-0.6626,-0.6894,-0.6539,-0.5323,-0.3688,-0.2135,-0.1176,-0.1349,-0.2148,-0.2921,-0.3572,-0.4176,-0.4792,-0.545,-0.6152,-0.6881,-0.7615,-0.8344,-0.9095,-0.9939,-1.0972,-1.2263,-1.3773,-1.532,-1.6622,-1.7439,-1.769,-1.7451,-1.6876,-1.6119,-1.5295,-1.4476,-1.3701,-1.2991,-1.235
-0.8599,-0.8104,-0.7513,-0.6926,-0.642,-0.603,-0.5761,-0.5596,-0.5513,-0.549,-0.5513,-0.5576,-0.5685,-0.5855,-0.6097,-0.6378,-0.6505,-0.6106,-0.5016,-0.3557,-0.2077,-0.1049,-0.1272,-0.2169,-0.297,-0.363,-0.4242,-0.4867,-0.5532,-0.6234,-0.695,-0.7644,-0.8292,-0.8914,-0.9582,-1.0402,-1.1453,-1.2718,-1.4051,-1.5217,-1.6009,-1.634,-1.6247,-1.5844,-1.5252,-1.4572,-1.3873,-1.3195,-1.2562,-1.1983
-0.8203,-0.7786,-0.7297,-0.6812,-0.6391,-0.6064,-0.5836,-0.5693,-0.5616,-0.5588,-0.5594,-0.563,-0.5697,-0.5802,-0.5946,-0.6084,-0.6064,-0.5644,-0.474,-0.3584,-0.2414,-0.1539,-0.1701,-0.245,-0.3137,-0.3742,-0.4335,-0.4958,-0.5627,-0.6331,-0.7039,-0.77,-0.8277,-0.8778,-0.928,-0.99,-1.073,-1.1769,-1.2899,-1.3927,-1.4675,-1.5055,-1.5078,-1.482,-1.4376,-1.383,-1.3245,-1.2663,-1.2108,-1.1593
-0.7849,-0.75,-0.7098,-0.6702,-0.6357,-0.6087,-0.5897,-0.5777,-0.5709,-0.5678,-0.5672,-0.5684,-0.5712,-0.5757,-0.581,-0.5829,-0.5704,-0.5293,-0.4574,-0.3731,-0.2991,-0.2512,-0.2534,-0.2916,-0.3386,-0.3897,-0.4454,-0.5065,-0.5733,-0.6441,-0.7146,-0.7786,-0.8304,-0.8699,-0.9053,-0.9493,-1.0126,-1.0962,-1.1904,-1.2794,-1.348,-1.3878,-1.3981,-1.3836,-1.3515,-1.3087,-1.2607,-1.2114,-1.1635,-1.1183
-0.7541,-0.7251,-0.6923,-0.6602,-0.6323,-0.6105,-0.5951,-0.5853,-0.5796,-0.5766,-0.5751,-0.5743,-0.5739,-0.5735,-0.572,-0.5656,-0.5473,-0.5091,-0.4517,-0.3912,-0.3523,-0.3422,-0.3343,-0.3386,-0.3656,-0.4074,-0.4589,-0.5184,-0.5847,-0.6558,-0.7266,-0.7894,-0.837,-0.868,-0.8908,-0.9194,-0.9655,-1.0309,-1.108,-1.1833,-1.2442,-1.2829,-1.2976,-1.2912,-1.2688,-1.2358,-1.1969,-1.1559,-1.1151,-1.076
-0.728,-0.7041,-0.6775,-0.6518,-0.6295,-0.6122,-0.6002,-0.5926,-0.5881,-0.5855,-0.5834,-0.5812,-0.5784,-0.5746,-0.5686,-0.5575,-0.5367,-0.5017,-0.454,-0.407,-0.3829,-0.3854,-0.3779,-0.3719,-0.3895,-0.4254,-0.4735,-0.531,-0.5965,-0.6675,-0.7387,-0.8014,-0.8465,-0.8714,-0.8842,-0.9001,-0.9314,-0.9807,-1.0418,-1.1036,-1.1556,-1.1908,-1.207,-1.2056,-1.1903,-1.1651,-1.1341,-1.1003,-1.0661,-1.0328
-0.7063,-0.6867,-0.6653,-0.6449,-0.6274,-0.6141,-0.6051,-0.5997,-0.5967,-0.5947,-0.5925,-0.5893,-0.5848,-0.5788,-0.5704,-0.5574,-0.5363,-0.5041,-0.4622,-0.4204,-0.3956,-0.3927,-0.3906,-0.3916,-0.4095,-0.4432,-0.4887,-0.544,-0.6079,-0.6782,-0.7494,-0.8124,-0.8566,-0.8779,-0.8837,-0.8897,-0.9085,-0.9435,-0.9897,-1.0382,-1.0805,-1.1104,-1.1257,-1.1269,-1.1163,-1.0971,-1.0725,-1.0451,-1.0168,-0.989
-0.6885,-0.6726,-0.6556,-0.6396,-0.6262,-0.6163,-0.6101,-0.6068,-0.6054,-0.6044,-0.6025,-0.5987,-0.593,-0.5856,-0.5764,-0.5634,-0.5435,-0.5139,-0.4753,-0.435,-0.4056,-0.3949,-0.3965,-0.4064,-0.4278,-0.4609,-0.5043,-0.557,-0.6185,-0.6869,-0.7572,-0.8201,-0.8643,-0.8842,-0.8861,-0.885,-0.8936,-0.916,-0.9485,-0.9844,-1.0165,-1.04,-1.0526,-1.0543,-1.0466,-1.0319,-1.0125,-0.9905,-0.9676,-0.9448
-0.6741,-0.6613,-0.648,-0.6357,-0.6257,-0.6189,-0.6152,-0.6141,-0.6145,-0.6148,-0.6134,-0.6093,-0.6024,-0.594,-0.5848,-0.5732,-0.5557,-0.5289,-0.4932,-0.4543,-0.4226,-0.4074,-0.4096,-0.4237,-0.4472,-0.4794,-0.5203,-0.5697,-0.6278,-0.693,-0.7608,-0.8225,-0.8667,-0.8868,-0.8875,-0.8822,-0.883,-0.8946,-0.9149,-0.9388,-0.9609,-0.9774,-0.9861,-0.9869,-0.9807,-0.9691,-0.9538,-0.9366,-0.9185,-0.9005
-0.6627,-0.6525,-0.6422,-0.633,-0.626,-0.6218,-0.6204,-0.6214,-0.6238,-0.6258,-0.6254,-0.6209,-0.6125,-0.6026,-0.5936,-0.5844,-0.5702,-0.5469,-0.5148,-0.4788,-0.448,-0.4315,-0.4323,-0.4462,-0.4691,-0.4992,-0.5367,-0.582,-0.6355,-0.6961,-0.7598,-0.8186,-0.8619,-0.883,-0.8845,-0.8776,-0.8729,-0.8757,-0.8853,-0.8984,-0.911,-0.9202,-0.9245,-0.9234,-0.9176,-0.9082,-0.8964,-0.8832,-0.8696,-0.8561
-0.6535,-0.6456,-0.6379,-0.6313,-0.6268,-0.6249,-0.6256,-0.6287,-0.6332,-0.6373,-0.6384,-0.6337,-0.623,-0.6103,-0.6008,-0.5942,-0.5842,-0.5654,-0.538,-0.5069,-0.4795,-0.4635,-0.4624,-0.4738,-0.4938,-0.5204,-0.5535,-0.5938,-0.6418,-0.6965,-0.7545,-0.8087,-0.8501,-0.8718,-0.8752,-0.8683,-0.8603,-0.8563,-0.857,-0.8604,-0.8642,-0.8664,-0.8659,-0.8625,-0.8566,-0.8488,-0.8398,-0.8304,-0.8209,-0.8117
-0.6464,-0.6404,-0.6348,-0.6304,-0.628,-0.628,-0.6306,-0.6357,-0.6423,-0.649,-0.6522,-0.6479,-0.634,-0.6166,-0.605,-0.6004,-0.5948,-0.5816,-0.5608,-0.5364,-0.5142,-0.5,-0.4974,-0.5052,-0.5209,-0.5427,-0.5706,-0.6052,-0.6468,-0.6946,-0.7458,-0.7943,-0.8324,-0.854,-0.8591,-0.8532,-0.8434,-0.8343,-0.8275,-0.8226,-0.8184,-0.814,-0.8088,-0.8029,-0.7965,-0.79,-0.7837,-0.7778,-0.7723,-0.7672
-0.6408,-0.6365,-0.6326,-0.6301,-0.6293,-0.631,-0.6352,-0.6419,-0.6507,-0.66,-0.6662,-0.663,-0.6459,-0.6218,-0.606,-0.602,-0.6006,-0.5942,-0.5819,-0.5661,-0.5505,-0.5393,-0.5354,-0.5393,-0.5497,-0.5658,-0.5878,-0.616,-0.6508,-0.6914,-0.7351,-0.777,-0.8107,-0.8312,-0.8373,-0.8323,-0.8212,-0.8082,-0.7953,-0.7831,-0.7717,-0.7611,-0.7515,-0.7433,-0.7365,-0.7313,-0.7276,-0.7252,-0.7237,-0.7228
-0.6365,-0.6335,-0.6312,-0.6301,-0.6307,-0.6337,-0.6391,-0.6471,-0.6576,-0.6691,-0.6784,-0.6776,-0.6582,-0.6273,-0.6063,-0.6014,-0.6033,-0.6042,-0.6019,-0.5964,-0.5886,-0.5809,-0.5759,-0.5754,-0.5798,-0.5896,-0.605,-0.6266,-0.6543,-0.6874,-0.7235,-0.7584,-0.7871,-0.8052,-0.811,-0.8061,-0.7938,-0.7774,-0.7591,-0.7404,-0.7225,-0.7064,-0.6928,-0.6825,-0.6756,-0.672,-0.6711,-0.6723,-0.675,-0.6783
-0.6332,-0.6314,-0.6302,-0.6303,-0.6321,-0.6359,-0.6422,-0.651,-0.6624,-0.6753,-0.6865,-0.6879,-0.6685,-0.6343,-0.6099,-0.6032,-0.607,-0.615,-0.6233,-0.6291,-0.6298,-0.6257,-0.6191,-0.6133,-0.611,-0.6137,-0.6222,-0.6369,-0.6576,-0.6833,-0.7118,-0.7397,-0.7629,-0.7775,-0.7817,-0.7758,-0.7617,-0.7417,-0.7183,-0.6937,-0.6697,-0.6485,-0.6315,-0.6196,-0.6131,-0.6116,-0.6139,-0.6192,-0.6261,-0.634
-0.6306,-0.6297,-0.6296,-0.6306,-0.6332,-0.6376,-0.6443,-0.6534,-0.6648,-0.6775,-0.6887,-0.6906,-0.6732,-0.6419,-0.6184,-0.6108,-0.616,-0.6303,-0.6495,-0.6671,-0.6765,-0.6752,-0.6655,-0.6532,-0.643,-0.638,-0.6392,-0.6469,-0.6607,-0.6793,-0.7006,-0.7217,-0.739,-0.7493,-0.7506,-0.7423,-0.7253,-0.7014,-0.6727,-0.6421,-0.6124,-0.5865,-0.5666,-0.5539,-0.5485,-0.5497,-0.5559,-0.5656,-0.5773,-0.5897
-0.6286,-0.6285,-0.6292,-0.6309,-0.634,-0.6388,-0.6456,-0.6544,-0.6649,-0.6763,-0.6856,-0.6865,-0.6722,-0.648,-0.6294,-0.6238,-0.6317,-0.6528,-0.6833,-0.7131,-0.7308,-0.7304,-0.7154,-0.6946,-0.6754,-0.6621,-0.6559,-0.6568,-0.6638,-0.6756,-0.6901,-0.7045,-0.7159,-0.7212,-0.7185,-0.7066,-0.6856,-0.6568,-0.6223,-0.5855,-0.5501,-0.5198,-0.4975,-0.4848,-0.4814,-0.4862,-0.497,-0.5117,-0.5284,-0.5458
-0.6271,-0.6276,-0.6289,-0.6311,-0.6346,-0.6395,-0.6461,-0.6542,-0.6635,-0.6729,-0.6797,-0.6794,-0.6688,-0.6526,-0.6409,-0.64,-0.6531,-0.6827,-0.7255,-0.7682,-0.7931,-0.791,-0.7678,-0.7365,-0.7074,-0.6855,-0.672,-0.6662,-0.6668,-0.6723,-0.6803,-0.6884,-0.6937,-0.6936,-0.686,-0.6692,-0.6431,-0.6083,-0.5674,-0.5238,-0.4825,-0.4481,-0.4241,-0.4122,-0.4119,-0.4212,-0.4373,-0.4577,-0.4799,-0.5025
-0.6258,-0.6269,-0.6286,-0.6312,-0.6349,-0.6398,-0.646,-0.6532,-0.6612,-0.6685,-0.6733,-0.6727,-0.6658,-0.6567,-0.6521,-0.6577,-0.6782,-0.7179,-0.774,-0.8297,-0.8603,-0.8538,-0.82,-0.777,-0.7378,-0.7075,-0.6869,-0.6749,-0.6696,-0.6691,-0.6711,-0.6732,-0.6725,-0.6667,-0.6534,-0.6309,-0.5984,-0.5568,-0.5083,-0.4575,-0.41,-0.3716,-0.3466,-0.3365,-0.3403,-0.3551,-0.3774,-0.404,-0.4321,-0.46
-0.6249,-0.6263,-0.6284,-0.6312,-0.635,-0.6397,-0.6455,-0.6519,-0.6586,-0.6644,-0.668,-0.6679,-0.6645,-0.6612,-0.6632,-0.6756,-0.7043,-0.7543,-0.823,-0.8899,-0.9243,-0.9119,-0.8672,-0.8133,-0.7648,-0.7271,-0.7003,-0.6826,-0.672,-0.6661,-0.6625,-0.6588,-0.6523,-0.6405,-0.6211,-0.592,-0.5525,-0.5029,-0.4462,-0.3873,-0.3334,-0.2913,-0.266,-0.2586,-0.2675,-0.2887,-0.3179,-0.3512,-0.3855,-0.4188
-0.6241,-0.6258,-0.6282,-0.6312,-0.6349,-0.6395,-0.6448,-0.6505,-0.6562,-0.661,-0.6642,-0.6651,-0.6648,-0.6664,-0.674,-0.6927,-0.7286,-0.7869,-0.8643,-0.9382,-0.9739,-0.9566,-0.9039,-0.842,-0.7868,-0.7434,-0.7115,-0.6891,-0.6737,-0.6629,-0.6542,-0.6451,-0.6329,-0.6152,-0.5893,-0.5533,-0.5059,-0.4478,-0.3821,-0.3148,-0.2543,-0.2088,-0.1837,-0.18,-0.1949,-0.2233,-0.2599,-0.3001,-0.3406,-0.3794
-0.6234,-0.6254,-0.6279,-0.631,-0.6347,-0.6391,-0.644,-0.6491,-0.6542,-0.6586,-0.6618,-0.6641,-0.6665,-0.6719,-0.6841,-0.7077,-0.7486,-0.8112,-0.8912,-0.9657,-1.0003,-0.9811,-0.9258,-0.8609,-0.8024,-0.7555,-0.72,-0.6938,-0.6745,-0.6594,-0.6461,-0.6319,-0.6144,-0.5908,-0.5585,-0.5152,-0.4598,-0.3928,-0.3179,-0.242,-0.175,-0.1265,-0.1022,-0.1029,-0.1244,-0.1604,-0.2045,-0.2516,-0.2983,-0.3423
