docs/data/wind_grid.json
{"header": {"la1":42.1,"la2":41.55,"lo1":12.1,"lo2":12.95,"nx":50,"ny":50,"dx":0.01735,"dy":0.01122,"parameterCategory":2,"parameterNumber":2,"parameterNumberName":"eastward_wind","parameterUnit":"m.s-1"}, "data":
[rows 0 to 45 of 50, columns 0 to 49 of 50]
1.1356,1.1317,1.1278,1.1238,1.1197,1.1156,1.1116,1.1077,1.104,1.1006,1.0975,1.0951,1.0934,1.0927,1.0932,1.0952,1.0991,1.1052,1.114,1.1261,1.1417,1.1617,1.1864,1.2164,1.2521,1.294,1.3423,1.3972,1.4586,1.5262,1.5997,1.6782,1.7605,1.845,1.9298,2.0123,2.0897,2.1593,2.2183,2.2651,2.2986,2.3188,2.3267,2.3238,2.3121,2.2935,2.2699,2.243,2.214,2.1841
1.1323,1.1281,1.1239,1.1195,1.1151,1.1105,1.106,1.1015,1.0972,1.0931,1.0893,1.086,1.0834,1.0818,1.0813,1.0823,1.0852,1.0903,1.0982,1.1094,1.1245,1.1439,1.1685,1.1987,1.2352,1.2783,1.3283,1.3856,1.45,1.5214,1.5993,1.6829,1.7711,1.8621,1.9538,2.0433,2.1275,2.2028,2.2664,2.3159,2.3503,2.3697,2.3753,2.369,2.3533,2.3304,2.3026,2.2717,2.2391,2.2059
1.1291,1.1247,1.1202,1.1154,1.1106,1.1056,1.1006,1.0955,1.0905,1.0857,1.0811,1.0769,1.0734,1.0708,1.0692,1.0691,1.0709,1.075,1.0818,1.0921,1.1063,1.1252,1.1495,1.1799,1.2169,1.2612,1.313,1.3726,1.4401,1.5153,1.5978,1.6868,1.7811,1.879,1.9782,2.0754,2.1669,2.2487,2.3172,2.3697,2.405,2.4232,2.4259,2.4157,2.3954,2.3678,2.3354,2.3001,2.2636,2.227
1.1262,1.1215,1.1166,1.1116,1.1063,1.1009,1.0954,1.0897,1.084,1.0784,1.073,1.068,1.0635,1.0597,1.057,1.0558,1.0563,1.0592,1.0648,1.074,1.0873,1.1055,1.1294,1.1598,1.1973,1.2427,1.2962,1.3583,1.4289,1.5079,1.595,1.6895,1.7902,1.8954,2.0025,2.108,2.2076,2.2966,2.3706,2.4263,2.4622,2.4788,2.4782,2.4635,2.438,2.4051,2.3677,2.3278,2.2872,2.2471
1.1234,1.1185,1.1134,1.108,1.1024,1.0965,1.0904,1.0842,1.0778,1.0714,1.0652,1.0591,1.0536,1.0487,1.0448,1.0423,1.0415,1.043,1.0473,1.0552,1.0674,1.0848,1.1082,1.1384,1.1764,1.2228,1.278,1.3424,1.4162,1.4991,1.5909,1.6909,1.7981,1.9108,2.0262,2.1407,2.2492,2.3461,2.4261,2.4852,2.5217,2.5363,2.5317,2.5117,2.4805,2.4419,2.399,2.3544,2.3097,2.2659
1.1209,1.1158,1.1104,1.1047,1.0987,1.0923,1.0857,1.0789,1.0718,1.0647,1.0575,1.0505,1.0438,1.0377,1.0325,1.0286,1.0264,1.0264,1.0293,1.0359,1.0468,1.0631,1.0858,1.1159,1.1542,1.2015,1.2584,1.3252,1.402,1.4888,1.5851,1.6906,1.8043,1.9246,2.0488,2.1727,2.2908,2.3964,2.483,2.5458,2.5827,2.5948,2.5855,2.5596,2.5221,2.4774,2.4289,2.3794,2.3305,2.2832
1.1186,1.1133,1.1076,1.1016,1.0953,1.0885,1.0814,1.074,1.0662,1.0582,1.0502,1.0421,1.0343,1.0269,1.0203,1.015,1.0112,1.0097,1.011,1.0159,1.0255,1.0406,1.0624,1.0921,1.1306,1.1788,1.2374,1.3066,1.3864,1.4769,1.5778,1.6885,1.8085,1.9362,2.0692,2.203,2.3314,2.4464,2.5403,2.607,2.6442,2.6532,2.6386,2.6062,2.562,2.5108,2.4567,2.4022,2.3492,2.2985
1.1166,1.1111,1.1052,1.099,1.0923,1.0851,1.0775,1.0694,1.061,1.0522,1.0432,1.034,1.025,1.0163,1.0083,1.0013,0.9959,0.9927,0.9923,0.9956,1.0035,1.0173,1.0381,1.0672,1.1059,1.1549,1.2151,1.2866,1.3695,1.4636,1.5687,1.6843,1.8101,1.945,2.0865,2.2303,2.3694,2.4946,2.5963,2.6673,2.7045,2.7102,2.6897,2.6503,2.599,2.5413,2.4815,2.4223,2.3654,2.3116
1.1149,1.1093,1.1032,1.0967,1.0896,1.0821,1.074,1.0654,1.0562,1.0466,1.0366,1.0263,1.016,1.006,0.9964,0.9878,0.9807,0.9757,0.9734,0.9749,0.9811,0.9933,1.0129,1.0414,1.08,1.1299,1.1917,1.2656,1.3514,1.449,1.5579,1.6779,1.8088,1.95,2.0996,2.2532,2.4032,2.539,2.6491,2.7245,2.7618,2.7636,2.737,2.6904,2.6319,2.5679,2.5027,2.439,2.3785,2.3219
1.1135,1.1077,1.1015,1.0948,1.0875,1.0796,1.071,1.0618,1.052,1.0415,1.0305,1.0191,1.0076,0.996,0.9849,0.9746,0.9656,0.9587,0.9545,0.9541,0.9584,0.9689,0.9872,1.0148,1.0533,1.104,1.1673,1.2436,1.3324,1.4333,1.5456,1.6693,1.8043,1.9507,2.1071,2.2697,2.4303,2.577,2.6959,2.7761,2.8134,2.8113,2.7783,2.7246,2.6594,2.5894,2.5193,2.4518,2.3882,2.3293
1.1124,1.1066,1.1002,1.0933,1.0858,1.0776,1.0686,1.0589,1.0484,1.0371,1.0251,1.0125,0.9996,0.9865,0.9737,0.9616,0.9508,0.9419,0.9358,0.9333,0.9357,0.9444,0.9611,0.9877,1.026,1.0773,1.1424,1.2211,1.3128,1.4167,1.532,1.6585,1.7963,1.9463,2.1079,2.278,2.4484,2.6056,2.7334,2.8185,2.8561,2.8502,2.8113,2.7511,2.6798,2.6048,2.5306,2.4599,2.394,2.3334
1.1117,1.1058,1.0994,1.0924,1.0846,1.0761,1.0668,1.0566,1.0454,1.0333,1.0203,1.0066,0.9922,0.9776,0.9631,0.9492,0.9364,0.9255,0.9174,0.9129,0.9133,0.9201,0.9351,0.9605,0.9984,1.0504,1.1171,1.1984,1.2931,1.3999,1.5176,1.6458,1.7849,1.9364,2.1008,2.2762,2.4546,2.6214,2.7577,2.848,2.8861,2.8773,2.8334,2.7679,2.6918,2.6129,2.5358,2.4631,2.3956,2.3339
1.1113,1.1055,1.099,1.0919,1.0841,1.0754,1.0657,1.055,1.0432,1.0303,1.0163,1.0014,0.9856,0.9694,0.9531,0.9372,0.9224,0.9096,0.8995,0.8932,0.8918,0.8966,0.9097,0.9336,0.971,1.0236,1.0921,1.1759,1.2737,1.3833,1.5029,1.6318,1.7705,1.921,2.0854,2.2629,2.4466,2.621,2.765,2.8603,2.8998,2.8892,2.8421,2.7731,2.6942,2.6131,2.5345,2.4607,2.3928,2.3307
1.1113,1.1055,1.0991,1.092,1.0841,1.0752,1.0653,1.0542,1.0419,1.0282,1.0132,0.9971,0.9799,0.962,0.9438,0.9259,0.9091,0.8943,0.8825,0.8747,0.8716,0.8746,0.8856,0.9078,0.9443,0.9974,1.0676,1.1543,1.2552,1.3676,1.4888,1.6172,1.7536,1.9005,2.0614,2.2373,2.4226,2.6017,2.7517,2.8518,2.8936,2.8832,2.8353,2.7654,2.6858,2.6045,2.5261,2.4527,2.3852,2.3238
1.1117,1.106,1.0997,1.0927,1.0848,1.0759,1.0658,1.0544,1.0415,1.0271,1.0112,0.9938,0.9751,0.9555,0.9354,0.9154,0.8966,0.8799,0.8666,0.8576,0.8536,0.8551,0.864,0.8839,0.9191,0.9723,1.0444,1.134,1.2384,1.3536,1.476,1.6032,1.7354,1.876,2.0297,2.1996,2.382,2.5619,2.7155,2.8199,2.8652,2.8575,2.8117,2.7439,2.6664,2.5871,2.5106,2.439,2.3731,2.3131
1.1125,1.107,1.1009,1.094,1.0862,1.0773,1.0672,1.0555,1.0422,1.0271,1.0102,0.9916,0.9714,0.95,0.9279,0.9058,0.8848,0.8662,0.8517,0.8425,0.8386,0.8394,0.846,0.8628,0.8959,0.9489,1.0228,1.1157,1.2238,1.3421,1.4656,1.5908,1.7174,1.8491,1.992,2.1514,2.3258,2.502,2.656,2.7637,2.8139,2.8116,2.7713,2.7087,2.636,2.561,2.4882,2.4198,2.3566,2.2987
1.1137,1.1084,1.1025,1.0959,1.0884,1.0797,1.0695,1.0578,1.0441,1.0284,1.0106,0.9907,0.969,0.9458,0.9216,0.8972,0.8739,0.8534,0.8379,0.8294,0.8274,0.8291,0.8331,0.8455,0.8753,0.9277,1.0033,1.0997,1.212,1.3339,1.4587,1.5814,1.7012,1.8218,1.9507,2.0953,2.2569,2.4247,2.5757,2.6855,2.7414,2.7469,2.7151,2.6608,2.5955,2.5269,2.4594,2.3954,2.3359,2.281
1.1152,1.1103,1.1048,1.0985,1.0913,1.0829,1.073,1.0612,1.0473,1.0311,1.0124,0.9913,0.968,0.9429,0.9165,0.8897,0.8638,0.8411,0.8247,0.8178,0.8203,0.8254,0.8265,0.8323,0.8574,0.9087,0.9862,1.0865,1.2036,1.3297,1.4561,1.5764,1.6887,1.7967,1.9091,2.0356,2.1802,2.3351,2.4796,2.5898,2.6518,2.6668,2.6459,2.6022,2.5463,2.4858,2.4251,2.3665,2.3114,2.2602
1.1172,1.1127,1.1076,1.1018,1.0951,1.0871,1.0775,1.066,1.052,1.0353,1.0158,0.9934,0.9685,0.9414,0.9128,0.8833,0.8546,0.829,0.811,0.8057,0.8152,0.8276,0.8254,0.8217,0.8411,0.8915,0.9715,1.0763,1.199,1.33,1.4588,1.5771,1.6816,1.7762,1.8706,1.9766,2.1013,2.24,2.3749,2.4834,2.551,2.5762,2.5673,2.5356,2.4905,2.4392,2.3861,2.3339,2.2839,2.2368
1.1195,1.1155,1.111,1.1058,1.0997,1.0924,1.0833,1.0721,1.0583,1.0413,1.021,0.9973,0.9707,0.9415,0.9106,0.8784,0.8463,0.817,0.7954,0.7893,0.8053,0.8286,0.8228,0.8085,0.8239,0.8755,0.9591,1.0693,1.1983,1.3351,1.4673,1.5842,1.6813,1.7624,1.8384,1.9231,2.0264,2.1468,2.2696,2.3742,2.4457,2.4804,2.4835,2.464,2.4303,2.3887,2.3438,2.2983,2.2537,2.2111
1.1222,1.1187,1.1149,1.1105,1.1052,1.0987,1.0905,1.0799,1.0663,1.0492,1.0281,1.0031,0.9746,0.9434,0.91,0.8751,0.8394,0.805,0.7768,0.7636,0.7763,0.805,0.7989,0.7832,0.8026,0.8595,0.9488,1.0655,1.2015,1.3451,1.4815,1.598,1.6886,1.7569,1.8149,1.8788,1.9606,2.0618,2.1708,2.2694,2.3426,2.3848,2.3987,2.3907,2.3678,2.3359,2.2992,2.2606,2.2217,2.1838
1.1252,1.1224,1.1193,1.1158,1.1115,1.1061,1.099,1.0893,1.0764,1.0593,1.0376,1.0111,0.9805,0.9468,0.9111,0.8736,0.8342,0.7938,0.7558,0.7264,0.7149,0.7233,0.7278,0.7375,0.7752,0.8433,0.9408,1.0648,1.2084,1.3592,1.5007,1.6179,1.7031,1.7598,1.8015,1.8459,1.9073,1.9896,2.0839,2.1743,2.2467,2.2939,2.3163,2.3182,2.3053,2.2824,2.2536,2.2217,2.1885,2.1553
1.1285,1.1264,1.1242,1.1217,1.1187,1.1146,1.1089,1.1006,1.0887,1.072,1.0496,1.0213,0.9882,0.9518,0.9137,0.8739,0.8314,0.7849,0.7352,0.6837,0.6321,0.5967,0.6203,0.6777,0.7445,0.8281,0.9353,1.0672,1.2183,1.3762,1.5232,1.642,1.7231,1.7701,1.7975,1.8247,1.8678,1.9322,2.0116,2.0923,2.1612,2.2106,2.239,2.2489,2.2444,2.2296,2.208,2.1824,2.1546,2.126
1.132,1.1307,1.1295,1.1282,1.1265,1.1241,1.1202,1.1137,1.1034,1.0874,1.0645,1.0342,0.9977,0.9579,0.9171,0.8758,0.8314,0.7803,0.7198,0.648,0.5641,0.5003,0.5341,0.6251,0.7177,0.8167,0.9335,1.0725,1.2302,1.3945,1.5465,1.6671,1.7455,1.7849,1.8008,1.8139,1.8411,1.8894,1.9542,2.0242,2.0877,2.1367,2.1686,2.1842,2.1864,2.1784,2.1633,2.1434,2.1206,2.0964
1.1356,1.1352,1.1351,1.1351,1.1351,1.1346,1.1329,1.1289,1.1207,1.1062,1.083,1.0502,1.0092,0.9644,0.9205,0.8784,0.8343,0.7813,0.7142,0.6303,0.5347,0.4694,0.5015,0.5979,0.7027,0.8121,0.9361,1.0805,1.2429,1.4115,1.5672,1.6894,1.7661,1.8002,1.8078,1.8101,1.8246,1.8589,1.9102,1.9693,2.0259,2.0726,2.1057,2.125,2.1322,2.1297,2.12,2.1052,2.087,2.0668
1.1394,1.1399,1.1409,1.1423,1.1441,1.1459,1.1469,1.1459,1.1409,1.1287,1.1059,1.0699,1.0226,0.9705,0.922,0.8799,0.8388,0.7883,0.7202,0.6341,0.5428,0.4875,0.5134,0.5992,0.7034,0.8163,0.9439,1.0908,1.255,1.4252,1.5822,1.7048,1.7806,1.8118,1.8144,1.8097,1.8147,1.8375,1.8769,1.9255,1.9748,2.0177,2.0503,2.0715,2.0822,2.084,2.0788,2.0683,2.0542,2.0376
1.1432,1.1446,1.1468,1.1497,1.1534,1.1577,1.1619,1.1647,1.1639,1.1555,1.134,1.0948,1.0384,0.9751,0.9194,0.8777,0.8427,0.7994,0.7368,0.6565,0.5765,0.5322,0.5516,0.6229,0.719,0.8296,0.9566,1.1027,1.2653,1.4337,1.5889,1.7104,1.7855,1.816,1.8171,1.8089,1.8077,1.8219,1.8514,1.8906,1.9325,1.9709,2.0018,2.0237,2.0366,2.0415,2.0398,2.033,2.0224,2.0091
1.147,1.1493,1.1526,1.1571,1.1628,1.1697,1.1774,1.1848,1.1895,1.1867,1.1687,1.1265,1.0579,0.9774,0.9102,0.8688,0.8429,0.8114,0.7597,0.6906,0.624,0.5886,0.6027,0.6606,0.746,0.8504,0.9732,1.1152,1.273,1.436,1.5864,1.705,1.7794,1.811,1.8134,1.8049,1.8007,1.8091,1.8308,1.8621,1.8972,1.9309,1.9595,1.981,1.995,2.0021,2.0032,1.9994,1.9918,1.9814
1.1507,1.1538,1.1582,1.1642,1.1719,1.1816,1.193,1.2056,1.217,1.2222,1.2108,1.1676,1.0835,0.9774,0.8924,0.8508,0.8368,0.8207,0.7838,0.7289,0.6756,0.6474,0.6579,0.7051,0.7799,0.8763,0.9925,1.1277,1.2777,1.4324,1.5753,1.6892,1.7626,1.7966,1.8024,1.7963,1.7918,1.7968,1.813,1.8379,1.8672,1.8964,1.9223,1.9429,1.9574,1.9659,1.969,1.9676,1.9625,1.9546
1.1541,1.158,1.1635,1.1708,1.1805,1.1927,1.208,1.2259,1.245,1.2603,1.2598,1.2205,1.1192,0.9769,0.8665,0.825,0.825,0.8256,0.8049,0.7653,0.7248,0.7032,0.7117,0.7511,0.8168,0.9047,1.0128,1.1393,1.2796,1.4237,1.5574,1.6652,1.7374,1.7741,1.7846,1.7826,1.7798,1.7836,1.7962,1.8164,1.8409,1.8662,1.8895,1.9087,1.9231,1.9325,1.9371,1.9376,1.9346,1.9289
1.1573,1.1619,1.1682,1.1768,1.1881,1.2027,1.2213,1.2443,1.2712,1.298,1.3125,1.2841,1.1689,0.9818,0.8397,0.7988,0.8123,0.8277,0.8218,0.7966,0.7681,0.753,0.7613,0.7954,0.8536,0.9334,1.0329,1.1497,1.2789,1.4115,1.5349,1.636,1.7063,1.7457,1.7614,1.7643,1.7645,1.7687,1.7795,1.7964,1.8172,1.8392,1.86,1.8779,1.8919,1.9018,1.9074,1.9094,1.9081,1.9042
1.1601,1.1652,1.1723,1.1818,1.1944,1.2109,1.2322,1.2594,1.2929,1.3303,1.3606,1.3492,1.2299,1.0016,0.828,0.7856,0.8068,0.8312,0.8359,0.8228,0.8048,0.796,0.8053,0.8361,0.8884,0.9609,1.0518,1.1587,1.2765,1.3973,1.5101,1.6041,1.6723,1.7139,1.7344,1.7424,1.7464,1.752,1.7622,1.777,1.7951,1.8145,1.8332,1.8498,1.8633,1.8733,1.8798,1.8829,1.883,1.8806
1.1625,1.1681,1.1757,1.1858,1.1993,1.217,1.2401,1.2699,1.3075,1.3517,1.3931,1.3966,1.2845,1.0402,0.8479,0.7973,0.815,0.8399,0.8499,0.8452,0.8358,0.8326,0.8436,0.8726,0.9203,0.9863,1.0691,1.1662,1.273,1.3822,1.4848,1.5718,1.6374,1.6805,1.7053,1.7181,1.726,1.7337,1.7442,1.7579,1.7741,1.7916,1.8086,1.824,1.837,1.847,1.8539,1.8579,1.8592,1.8581
1.1645,1.1703,1.1782,1.1887,1.2025,1.2207,1.2444,1.2749,1.3134,1.3588,1.4019,1.4093,1.3089,1.0846,0.8969,0.8335,0.8376,0.8555,0.8656,0.8658,0.8625,0.864,0.8769,0.9047,0.9488,1.0091,1.0845,1.1725,1.2688,1.3673,1.4603,1.5406,1.6033,1.6474,1.6754,1.6925,1.704,1.7142,1.7254,1.7388,1.7539,1.7699,1.7856,1.8001,1.8125,1.8224,1.8297,1.8344,1.8367,1.8367
1.166,1.1719,1.1799,1.1904,1.2041,1.222,1.2451,1.2744,1.3105,1.3516,1.3877,1.3884,1.2996,1.1168,0.9537,0.8815,0.8695,0.8767,0.8835,0.8856,0.8863,0.8914,0.9059,0.9329,0.9741,1.0295,1.0981,1.1776,1.2644,1.3531,1.4374,1.5115,1.5712,1.6154,1.6459,1.6665,1.6813,1.6938,1.7062,1.7197,1.7342,1.7492,1.764,1.7777,1.7896,1.7995,1.807,1.8123,1.8153,1.8162
1.1671,1.173,1.1807,1.1909,1.2041,1.2211,1.2425,1.2691,1.3004,1.3336,1.3582,1.3492,1.2723,1.1322,1.0007,0.9283,0.904,0.9011,0.9033,0.9053,0.9082,0.9157,0.9313,0.9578,0.9964,1.0474,1.1099,1.182,1.2602,1.3401,1.4166,1.4849,1.5415,1.5853,1.6176,1.6408,1.6584,1.673,1.6867,1.7006,1.7149,1.7294,1.7435,1.7565,1.7681,1.7779,1.7856,1.7913,1.7949,1.7967
1.1678,1.1734,1.1809,1.1905,1.2027,1.2182,1.2373,1.26,1.2854,1.3096,1.3227,1.3064,1.2416,1.1361,1.0334,0.9671,0.9364,0.9259,0.9238,0.9249,0.9288,0.9377,0.9541,0.9798,1.0162,1.0633,1.1204,1.1857,1.2563,1.3284,1.398,1.4609,1.5144,1.5575,1.5907,1.616,1.6358,1.6523,1.6673,1.6817,1.6961,1.7102,1.7238,1.7365,1.7479,1.7575,1.7654,1.7715,1.7756,1.7781
1.1682,1.1734,1.1803,1.1891,1.2002,1.2138,1.2301,1.2487,1.2679,1.2837,1.2879,1.2679,1.2141,1.1342,1.0545,0.9969,0.9645,0.9495,0.9442,0.9441,0.9483,0.958,0.9746,0.9995,1.0338,1.0774,1.1296,1.1889,1.2528,1.3182,1.3815,1.4396,1.4902,1.5321,1.5657,1.5923,1.6138,1.6319,1.648,1.6631,1.6777,1.6917,1.7051,1.7175,1.7286,1.7383,1.7463,1.7526,1.7573,1.7603
1.1681,1.173,1.1792,1.1871,1.1968,1.2084,1.2218,1.2362,1.2498,1.2588,1.2568,1.2358,1.1914,1.13,1.0678,1.019,0.9878,0.971,0.9636,0.9626,0.9669,0.9767,0.9932,1.0173,1.0495,1.09,1.1378,1.1918,1.2498,1.3092,1.3671,1.4208,1.4685,1.509,1.5426,1.5701,1.5928,1.6121,1.6292,1.6449,1.6597,1.6738,1.6871,1.6993,1.7103,1.72,1.7281,1.7347,1.7398,1.7433
1.1678,1.1722,1.1777,1.1845,1.1928,1.2023,1.2129,1.2236,1.2324,1.2363,1.2305,1.2101,1.1734,1.1253,1.0762,1.0354,1.007,0.99,0.9818,0.9802,0.9843,0.9942,1.0104,1.0334,1.0638,1.1013,1.1453,1.1946,1.2474,1.3015,1.3545,1.4043,1.4492,1.4883,1.5215,1.5493,1.5728,1.5931,1.611,1.6272,1.6424,1.6565,1.6697,1.6819,1.6929,1.7026,1.7109,1.7177,1.7231,1.7271
1.1673,1.1711,1.1758,1.1816,1.1884,1.1961,1.2041,1.2115,1.2166,1.2168,1.2089,1.1899,1.1594,1.1211,1.0818,1.0479,1.0228,1.0068,0.9986,0.9968,1.0008,1.0105,1.0262,1.0482,1.0767,1.1115,1.1521,1.1972,1.2454,1.2949,1.3437,1.3899,1.4322,1.4697,1.5022,1.5301,1.5541,1.5749,1.5934,1.6102,1.6256,1.6399,1.6531,1.6653,1.6763,1.686,1.6944,1.7015,1.7072,1.7116
1.1667,1.1698,1.1738,1.1786,1.184,1.1899,1.1956,1.2003,1.2026,1.2004,1.1914,1.1741,1.1486,1.1177,1.0859,1.0577,1.036,1.0216,1.0138,1.0122,1.0162,1.0257,1.0408,1.0617,1.0885,1.1209,1.1583,1.1998,1.244,1.2894,1.3343,1.3773,1.4171,1.453,1.4847,1.5124,1.5366,1.5578,1.5767,1.5938,1.6095,1.6239,1.6372,1.6494,1.6604,1.6702,1.6787,1.686,1.692,1.6967
1.1659,1.1685,1.1717,1.1755,1.1797,1.1839,1.1878,1.1904,1.1905,1.1868,1.1775,1.162,1.1405,1.1151,1.0892,1.0658,1.0473,1.0346,1.0278,1.0265,1.0305,1.0398,1.0544,1.0742,1.0994,1.1295,1.1641,1.2023,1.243,1.2848,1.3263,1.3664,1.4038,1.4381,1.4688,1.4961,1.5203,1.5417,1.5609,1.5782,1.5941,1.6086,1.622,1.6342,1.6452,1.6551,1.6637,1.6712,1.6774,1.6825
1.1651,1.1671,1.1697,1.1725,1.1756,1.1785,1.1808,1.1817,1.1804,1.1757,1.1666,1.1527,1.1345,1.1135,1.0921,1.0728,1.0572,1.0463,1.0405,1.0397,1.0439,1.053,1.067,1.0858,1.1094,1.1376,1.1696,1.2049,1.2424,1.281,1.3195,1.3568,1.3922,1.4248,1.4545,1.4812,1.5051,1.5266,1.5459,1.5634,1.5793,1.594,1.6074,1.6196,1.6307,1.6406,1.6494,1.657,1.6635,1.6689
1.1643,1.1658,1.1677,1.1697,1.1718,1.1736,1.1746,1.1743,1.172,1.1668,1.1581,1.1457,1.1302,1.1127,1.0951,1.079,1.066,1.0569,1.0522,1.052,1.0564,1.0652,1.0787,1.0966,1.1188,1.145,1.1748,1.2075,1.2421,1.2778,1.3136,1.3486,1.3819,1.413,1.4416,1.4676,1.4912,1.5125,1.5317,1.5493,1.5653,1.58,1.5935,1.6057,1.6169,1.6269,1.6358,1.6435,1.6502,1.6558
1.1635,1.1646,1.1658,1.1672,1.1684,1.1692,1.1693,1.1681,1.1651,1.1597,1.1516,1.1406,1.1274,1.1127,1.0981,1.0848,1.074,1.0665,1.0629,1.0634,1.0679,1.0767,1.0896,1.1065,1.1275,1.152,1.1797,1.21,1.2422,1.2753,1.3087,1.3414,1.3728,1.4024,1.4299,1.4552,1.4783,1.4993,1.5185,1.536,1.552,1.5667,1.5802,1.5925,1.6036,1.6137,1.6227,1.6306,1.6375,1.6433
