docs/data/wind_grid.json
[{"header":{"la1":42.85,"la2":41.18,"lo1":11.55,"lo2":14.05,"nx":36,"ny":24,"dx":0.07143,"dy":0.07261,"parameterCategory":2,"parameterNumber":2,"parameterNumberName":"eastward_wind","parameterUnit":"m.s-1"},"data":[0.8652,0.8631,0.861,0.8591,0.8572,0.8554,0.8538,0.8523,0.8509,0.8499,0.8497,0.8507,0.8533,0.8578,0.8642,0.872,0.8806,0.8888,0.8956,0.9001,0.902,0.9015,0.8994,0.896,0.892,0.8877,0.8833,0.8789,0.8745,0.8703,0.8663,0.8625,0.859,0.8558,0.8528,0.8502,0.8649,0.8626,0.8604,0.8582,0.8562,0.8544,0.8527,0.8509,0.849,0.8472,0.846,0.8464,0.849,0.8543,0.8626,0.8733,0.8853,0.897,0.9064,0.9119,0.9133,0.9113,0.9072,0.9019,0.8962,0.8905,0.8848,0.8794,0.8742,0.8693,0.8646,0.8603,0.8563,0.8526,0.8494,0.8465,0.8648,0.8623,0.8599,0.8576,0.8557,0.854,0.8526,0.8508,0.8483,0.8451,0.8422,0.8411,0.8432,0.8494,0.8601,0.8749,0.8924,0.9097,0.9232,0.9299,0.9296,0.9244,0.9168,0.9087,0.9007,0.8932,0.8862,0.8796,0.8734,0.8677,0.8623,0.8574,0.8528,0.8488,0.8452,0.8422,0.865,0.8623,0.8597,0.8573,0.8555,0.8545,0.8541,0.8533,0.8504,0.8449,0.8386,0.8346,0.8352,0.842,0.8557,0.8763,0.9023,0.9294,0.9499,0.9575,0.9527,0.9411,0.9281,0.9159,0.9051,0.8955,0.8869,0.8791,0.8719,0.8653,0.8592,0.8536,0.8485,0.8441,0.8402,0.8369,0.8655,0.8626,0.8597,0.8573,0.8557,0.8558,0.8579,0.8605,0.8584,0.8486,0.8355,0.8262,0.824,0.8308,0.8478,0.8759,0.9148,0.9587,0.9923,0.9995,0.9838,0.9607,0.9396,0.9225,0.9086,0.8969,0.8868,0.8778,0.8695,0.862,0.855,0.8488,0.8432,0.8382,0.834,0.8305,0.8664,0.8633,0.8602,0.8574,0.8558,0.857,0.8633,0.8742,0.8766,0.8577,0.832,0.8141,0.8077,0.8137,0.8336,0.8699,0.9248,0.9948,1.0519,1.0553,1.0182,0.9785,0.9486,0.927,0.9105,0.897,0.8855,0.8752,0.8659,0.8574,0.8496,0.8426,0.8364,0.831,0.8265,0.8229,0.8679,0.8647,0.8612,0.8578,0.8554,0.8562,0.8649,0.8861,0.897,0.8633,0.8215,0.7949,0.7836,0.7876,0.8095,0.8522,0.9198,1.0128,1.0952,1.0934,1.0359,0.9855,0.9515,0.9279,0.9099,0.8952,0.8825,0.8711,0.8608,0.8513,0.8426,0.8348,0.828,0.8222,0.8174,0.8137,0.8702,0.8669,0.8631,0.8591,0.8551,0.8524,0.855,0.8681,0.8726,0.836,0.7938,0.7647,0.7486,0.7492,0.7717,0.8189,0.8897,0.9785,1.0533,1.0585,1.0169,0.977,0.9475,0.925,0.9069,0.8914,0.8777,0.8653,0.8538,0.8433,0.8336,0.825,0.8175,0.8112,0.8062,0.8025,0.8733,0.8702,0.8666,0.8623,0.8569,0.8498,0.8405,0.8283,0.8081,0.7791,0.752,0.7244,0.6998,0.6926,0.716,0.7717,0.8483,0.9262,0.9816,0.9982,0.9856,0.9631,0.9403,0.9198,0.9016,0.8855,0.8708,0.8572,0.8446,0.8329,0.8222,0.8126,0.8043,0.7976,0.7925,0.789,0.8773,0.8747,0.8718,0.8683,0.8636,0.8555,0.8388,0.8036,0.7468,0.7139,0.7101,0.6797,0.6329,0.6066,0.6332,0.7138,0.8209,0.9173,0.9744,0.9897,0.9791,0.9579,0.9348,0.9134,0.8943,0.8771,0.8613,0.8466,0.8327,0.8196,0.8076,0.7969,0.7878,0.7806,0.7755,0.7725,0.8821,0.8803,0.8787,0.8774,0.8762,0.874,0.8641,0.8201,0.6898,0.631,0.6842,0.6382,0.5417,0.467,0.5042,0.6457,0.8293,0.9925,1.0641,1.0475,1.0034,0.9627,0.9304,0.905,0.8841,0.8657,0.8488,0.8327,0.8174,0.8028,0.7892,0.7771,0.767,0.7593,0.7544,0.7523,0.8874,0.8867,0.8866,0.8879,0.8919,0.9009,0.9169,0.9202,0.8019,0.7008,0.6991,0.6139,0.4443,0.2409,0.3218,0.5817,0.8986,1.231,1.3057,1.1628,1.0394,0.9651,0.9205,0.8915,0.8695,0.8504,0.8324,0.8149,0.7979,0.7814,0.7658,0.7519,0.7404,0.7323,0.728,0.7273,0.8931,0.8933,0.8945,0.8978,0.9053,0.9213,0.9537,0.9981,0.9463,0.8255,0.7367,0.6399,0.4825,0.1691,0.2518,0.5847,0.9853,1.6269,1.6451,1.2487,1.0406,0.9429,0.8953,0.8687,0.8488,0.83,0.811,0.792,0.7732,0.7544,0.7362,0.7195,0.7061,0.6976,0.6945,0.6964,0.8989,0.8998,0.9018,0.9058,0.9134,0.9273,0.9499,0.9741,0.9491,0.8735,0.7922,0.6919,0.6272,0.3452,0.4703,0.6643,0.9008,1.3233,1.4031,1.1369,0.9572,0.874,0.8461,0.8346,0.8214,0.8033,0.783,0.7625,0.742,0.7207,0.6985,0.6774,0.6611,0.6521,0.6515,0.6579,0.9048,0.9062,0.9087,0.9126,0.9187,0.9277,0.9384,0.9451,0.9411,0.9426,0.935,0.8342,0.6482,0.4912,0.6109,0.7263,0.7278,0.9259,1.0245,0.9254,0.7811,0.7416,0.7731,0.7936,0.7888,0.7686,0.7449,0.7236,0.703,0.6791,0.6507,0.622,0.6004,0.5915,0.5959,0.6103,0.9107,0.9126,0.9154,0.9193,0.9247,0.9316,0.9401,0.9517,0.9782,1.06,1.2492,1.0317,0.91,0.7583,0.7903,0.8101,0.7811,0.8841,0.9087,0.7711,0.5174,0.5574,0.7031,0.7595,0.7523,0.7192,0.6886,0.6705,0.6553,0.63,0.5908,0.5472,0.5163,0.5092,0.5242,0.5526,0.9166,0.9191,0.9224,0.9267,0.9324,0.94,0.9509,0.9696,1.008,1.0929,1.2292,1.108,1.0802,1.1078,1.0381,1.0339,0.9928,0.9627,0.9189,0.7804,0.4892,0.5444,0.7056,0.7479,0.7061,0.6357,0.5945,0.5953,0.601,0.5773,0.5174,0.4444,0.3977,0.3982,0.435,0.4865,0.9225,0.9256,0.9295,0.9345,0.9411,0.9501,0.963,0.983,1.0149,1.06,1.0963,1.0975,1.1477,1.2005,1.391,1.489,1.2431,1.0084,0.9135,0.9112,0.7977,0.7615,0.7883,0.7561,0.634,0.4769,0.4245,0.4925,0.5512,0.5322,0.4339,0.3063,0.2369,0.2599,0.3355,0.4201,0.9283,0.932,0.9366,0.9424,0.9499,0.9599,0.9735,0.9923,1.0175,1.0475,1.0782,1.1171,1.1968,1.4134,2.0967,2.3618,1.5481,1.1008,0.9875,1.0479,0.9954,0.9362,0.889,0.7841,0.5544,0.2278,0.1588,0.3981,0.5382,0.516,0.3606,0.157,0.066,0.1289,0.2526,0.3703,0.9339,0.9381,0.9433,0.9498,0.9581,0.9687,0.9825,1.0004,1.0231,1.0512,1.0879,1.1451,1.2566,1.5124,2.0226,2.1634,1.5875,1.2218,1.166,1.1895,1.1109,1.0682,1.014,0.8754,0.6072,0.2143,0.1336,0.4977,0.6163,0.5528,0.3516,0.1032,0.0029,0.0856,0.2284,0.3573,0.9391,0.9438,0.9495,0.9566,0.9654,0.9763,0.9902,1.0076,1.0297,1.0582,1.0974,1.1569,1.2555,1.4159,1.6032,1.6248,1.4273,1.245,1.1819,1.1778,1.1894,1.2425,1.2311,1.0705,0.8442,0.7384,0.9241,0.9021,0.7788,0.6403,0.4386,0.222,0.1238,0.172,0.281,0.3887,0.9439,0.949,0.9551,0.9625,0.9715,0.9827,0.9964,1.0134,1.0349,1.0624,1.0991,1.1498,1.2198,1.3057,1.3771,1.3802,1.3112,1.2353,1.2024,1.2234,1.3351,1.5575,1.6129,1.3447,1.068,1.0212,1.1778,1.0831,0.8922,0.7309,0.5636,0.4068,0.3206,0.3245,0.3813,0.4517,0.9481,0.9535,0.9598,0.9674,0.9766,0.9876,1.0009,1.0172,1.0373,1.0623,1.0938,1.1332,1.1801,1.228,1.262,1.2663,1.2439,1.2193,1.2209,1.28,1.4579,1.7753,1.8623,1.5236,1.1985,1.0694,1.0691,1.0221,0.9112,0.7889,0.6661,0.5571,0.4874,0.4685,0.4879,0.5255,0.9518,0.9573,0.9638,0.9714,0.9804,0.9911,1.0038,1.019,1.0372,1.059,1.0848,1.1146,1.1466,1.1763,1.1972,1.2047,1.2021,1.2021,1.223,1.2896,1.4325,1.6243,1.6639,1.4628,1.2305,1.0918,1.0294,0.9778,0.9068,0.8228,0.7366,0.6598,0.6053,0.5796,0.5793,0.5952]},{"header":{"la1":42.85,"la2":41.18,"lo1":11.55,"lo2":14.05,"nx":36,"ny":24,"dx":0.07143,"dy":0.07261,"parameterCategory":2,"parameterNumber":3,"parameterNumberName":"northward_wind","parameterUnit":"m.s-1"},"data":[-0.4225,-0.4227,-0.4236,-0.4252,-0.4276,-0.4305,-0.4337,-0.437,-0.44,-0.4426,-0.4443,-0.4449,-0.4441,-0.4413,-0.4364,-0.4295,-0.4211,-0.4125,-0.4048,-0.3993,-0.3961,-0.3948,-0.3944,-0.394,-0.393,-0.391,-0.388,-0.384,-0.3792,-0.3739,-0.3681,-0.3621,-0.3561,-0.3502,-0.3446,-0.3393,-0.4179,-0.4179,-0.4188,-0.4207,-0.4237,-0.4275,-0.4319,-0.4362,-0.4401,-0.4433,-0.4455,-0.4467,-0.446,-0.4427,-0.4363,-0.4266,-0.4145,-0.4019,-0.3914,-0.3849,-0.3828,-0.3838,-0.3861,-0.3879,-0.3884,-0.3873,-0.3846,-0.3806,-0.3755,-0.3696,-0.3632,-0.3566,-0.35,-0.3435,-0.3374,-0.3317,-0.4123,-0.4119,-0.4127,-0.4149,-0.4188,-0.4241,-0.4301,-0.436,-0.4408,-0.4445,-0.4472,-0.4489,-0.4486,-0.4449,-0.4366,-0.4228,-0.4047,-0.3852,-0.3695,-0.3619,-0.3627,-0.3686,-0.3756,-0.381,-0.3837,-0.3836,-0.3812,-0.377,-0.3713,-0.3647,-0.3576,-0.3502,-0.3428,-0.3357,-0.3291,-0.323,-0.4056,-0.4044,-0.4048,-0.4073,-0.4124,-0.42,-0.4292,-0.4377,-0.4436,-0.4469,-0.4493,-0.4516,-0.4522,-0.4487,-0.4382,-0.4188,-0.3906,-0.3585,-0.3331,-0.3246,-0.3327,-0.3484,-0.3634,-0.3738,-0.3792,-0.3803,-0.3779,-0.3732,-0.3667,-0.3592,-0.351,-0.3427,-0.3345,-0.3267,-0.3194,-0.3129,-0.3974,-0.395,-0.3945,-0.397,-0.4036,-0.4149,-0.43,-0.4445,-0.4518,-0.4518,-0.4516,-0.4544,-0.4572,-0.4549,-0.4429,-0.4166,-0.3732,-0.3178,-0.2727,-0.2647,-0.2902,-0.3243,-0.3513,-0.368,-0.376,-0.3776,-0.3749,-0.3692,-0.3616,-0.3528,-0.3434,-0.3339,-0.3247,-0.316,-0.3081,-0.3011,-0.3877,-0.3833,-0.3811,-0.3826,-0.3902,-0.4063,-0.432,-0.4605,-0.4713,-0.4602,-0.4528,-0.4567,-0.4637,-0.465,-0.4535,-0.4213,-0.3594,-0.2668,-0.1837,-0.1803,-0.2414,-0.3033,-0.3439,-0.3657,-0.3749,-0.3761,-0.3722,-0.365,-0.3557,-0.3452,-0.3343,-0.3234,-0.313,-0.3033,-0.2947,-0.2873,-0.3766,-0.3691,-0.3636,-0.3622,-0.3684,-0.3872,-0.4246,-0.4761,-0.4958,-0.4641,-0.4481,-0.4571,-0.4722,-0.4803,-0.4727,-0.44,-0.3678,-0.2431,-0.116,-0.1199,-0.2186,-0.3008,-0.3472,-0.3692,-0.3768,-0.3758,-0.3695,-0.36,-0.3486,-0.3361,-0.3233,-0.3107,-0.2989,-0.2882,-0.2789,-0.2711,-0.3643,-0.3525,-0.3416,-0.3339,-0.3336,-0.3471,-0.3821,-0.4357,-0.4589,-0.4327,-0.4303,-0.4553,-0.484,-0.502,-0.5018,-0.4762,-0.4141,-0.3054,-0.1916,-0.1864,-0.2635,-0.3285,-0.3639,-0.3786,-0.381,-0.376,-0.3664,-0.354,-0.3398,-0.3249,-0.3098,-0.2953,-0.2818,-0.2699,-0.2599,-0.2518,-0.3519,-0.3345,-0.3158,-0.2977,-0.2839,-0.2808,-0.2951,-0.3233,-0.344,-0.3594,-0.3981,-0.4531,-0.5013,-0.5307,-0.5387,-0.5233,-0.4815,-0.4152,-0.3494,-0.3288,-0.3496,-0.3745,-0.3882,-0.3908,-0.3858,-0.3755,-0.3619,-0.346,-0.3287,-0.3108,-0.2931,-0.2762,-0.2609,-0.2477,-0.237,-0.2289,-0.3407,-0.3169,-0.2886,-0.256,-0.2212,-0.1906,-0.1767,-0.1923,-0.2274,-0.2702,-0.3564,-0.4554,-0.527,-0.5659,-0.5793,-0.571,-0.5412,-0.4972,-0.4551,-0.429,-0.4192,-0.4154,-0.4102,-0.4012,-0.3886,-0.373,-0.3551,-0.3354,-0.3145,-0.2932,-0.2722,-0.2526,-0.2351,-0.2205,-0.2092,-0.2013,-0.3328,-0.3029,-0.2644,-0.2149,-0.1525,-0.0797,-0.0177,-0.0309,-0.1571,-0.2031,-0.3243,-0.4733,-0.562,-0.6017,-0.616,-0.613,-0.582,-0.5315,-0.4924,-0.4714,-0.4556,-0.4398,-0.4234,-0.406,-0.3873,-0.367,-0.3451,-0.3215,-0.2966,-0.2712,-0.2462,-0.223,-0.2028,-0.1867,-0.175,-0.168,-0.3303,-0.296,-0.2495,-0.1851,-0.0942,0.0336,0.1971,0.2952,0.0418,-0.1773,-0.35,-0.5106,-0.5941,-0.6164,-0.6337,-0.6521,-0.6064,-0.4965,-0.4547,-0.4703,-0.4663,-0.4476,-0.4253,-0.403,-0.3805,-0.3569,-0.3315,-0.3039,-0.2744,-0.2438,-0.2136,-0.1857,-0.1621,-0.1443,-0.1328,-0.1274,-0.3349,-0.2995,-0.2502,-0.1794,-0.0739,0.0882,0.3324,0.5914,0.366,-0.123,-0.4213,-0.5232,-0.5875,-0.6207,-0.6487,-0.719,-0.6568,-0.3705,-0.3513,-0.4576,-0.4641,-0.4408,-0.4155,-0.3918,-0.3681,-0.3428,-0.3146,-0.2829,-0.2477,-0.2102,-0.1726,-0.1381,-0.1099,-0.0903,-0.0799,-0.0779,-0.3473,-0.3148,-0.2696,-0.2051,-0.1104,0.0303,0.2261,0.4149,0.2439,-0.2571,-0.5492,-0.4874,-0.4641,-0.7953,-0.7959,-0.9029,-0.9288,-0.5897,-0.4676,-0.4827,-0.4497,-0.4163,-0.3928,-0.3726,-0.351,-0.326,-0.296,-0.2596,-0.2169,-0.1694,-0.1208,-0.0764,-0.0417,-0.0204,-0.0131,-0.0173,-0.3666,-0.3405,-0.3054,-0.2579,-0.1939,-0.1122,-0.0281,-0.0136,-0.2096,-0.5622,-0.8066,-0.8545,-0.8852,-1.071,-0.9545,-1.2513,-1.6536,-1.0147,-0.6349,-0.4776,-0.3961,-0.3677,-0.3588,-0.3479,-0.332,-0.3101,-0.2795,-0.2375,-0.1837,-0.1208,-0.0546,0.0057,0.0499,0.0717,0.072,0.0565,-0.3907,-0.373,-0.351,-0.3244,-0.295,-0.2707,-0.2738,-0.3497,-0.5458,-0.842,-1.1234,-1.2262,-1.1663,-1.1058,-1.0701,-1.2285,-1.4407,-0.9444,-0.5474,-0.3772,-0.315,-0.315,-0.3232,-0.3225,-0.3162,-0.3027,-0.2741,-0.2235,-0.1517,-0.064,0.0311,0.1176,0.1756,0.1944,0.1793,0.1442,-0.4169,-0.408,-0.3986,-0.3907,-0.3885,-0.4013,-0.4455,-0.5433,-0.7096,-0.9309,-1.127,-1.2019,-1.5327,-1.6856,-1.2134,-1.0407,-0.8738,-0.4849,-0.178,-0.2097,-0.2891,-0.2914,-0.292,-0.2999,-0.3125,-0.3218,-0.3004,-0.231,-0.1262,0.001,0.1423,0.2723,0.3495,0.3554,0.3098,0.2427,-0.4428,-0.4414,-0.4423,-0.448,-0.4628,-0.4936,-0.55,-0.6408,-0.7675,-0.9147,-1.0515,-1.2123,-1.6065,-1.6895,-1.2453,-1.0269,-0.6553,0.0225,0.4904,0.087,-0.1473,-0.2219,-0.2509,-0.2801,-0.3333,-0.407,-0.4039,-0.2763,-0.107,0.0737,0.2795,0.4767,0.5765,0.549,0.4512,0.3404,-0.4663,-0.4708,-0.4789,-0.4929,-0.5163,-0.5533,-0.6085,-0.6849,-0.7802,-0.8861,-0.9951,-1.1188,-1.2535,-1.2654,-1.2627,-1.2831,-0.7068,0.0073,0.3688,0.2305,0.0197,-0.1314,-0.2041,-0.2558,-0.3647,-0.5921,-0.6344,-0.3287,-0.0634,0.1524,0.4145,0.6883,0.8052,0.7254,0.5672,0.4147,-0.4863,-0.4948,-0.5073,-0.5256,-0.5519,-0.5887,-0.6379,-0.6999,-0.7722,-0.8502,-0.9289,-1.0043,-1.0628,-1.0947,-1.1783,-1.1673,-0.6969,-0.1412,0.3269,0.461,0.1199,-0.0876,-0.1713,-0.2077,-0.2911,-0.5731,-0.6358,-0.1379,0.083,0.2329,0.4757,0.7663,0.8854,0.7841,0.6056,0.4407,-0.5024,-0.5133,-0.5279,-0.5476,-0.5737,-0.6073,-0.6491,-0.6984,-0.753,-0.8093,-0.8629,-0.9081,-0.9385,-0.9531,-0.9508,-0.8549,-0.5802,-0.2149,0.1244,0.2149,0.0251,-0.1269,-0.1755,-0.1504,-0.0683,0.1256,0.5874,0.5361,0.3355,0.3061,0.4391,0.6453,0.747,0.6857,0.5494,0.411,-0.5146,-0.5265,-0.5418,-0.5611,-0.5851,-0.6144,-0.6488,-0.6872,-0.7278,-0.7675,-0.8024,-0.8279,-0.839,-0.8305,-0.79,-0.6899,-0.5147,-0.3009,-0.1238,-0.0684,-0.1356,-0.2234,-0.24,-0.1512,0.0684,0.5267,1.0643,0.8502,0.4848,0.3435,0.3699,0.471,0.5373,0.5174,0.4388,0.3433,-0.5232,-0.5353,-0.55,-0.5679,-0.5892,-0.6138,-0.6414,-0.6709,-0.7004,-0.7274,-0.7487,-0.7606,-0.7587,-0.7377,-0.6896,-0.606,-0.4878,-0.357,-0.2512,-0.2046,-0.2224,-0.278,-0.2931,-0.1861,0.043,0.3838,0.6621,0.6185,0.4327,0.3187,0.3011,0.3368,0.3693,0.3642,0.323,0.2631,-0.5286,-0.5402,-0.5539,-0.5698,-0.588,-0.6083,-0.63,-0.652,-0.6728,-0.6904,-0.702,-0.7048,-0.6954,-0.67,-0.6249,-0.5582,-0.4741,-0.3853,-0.3101,-0.2635,-0.25,-0.2599,-0.2532,-0.174,-0.0155,0.1841,0.335,0.3605,0.304,0.2494,0.2305,0.2389,0.2508,0.2475,0.2244,0.1871]}]