docs/data/wind_grid.json
[{"header":{"la1":42.85,"la2":41.18,"lo1":11.55,"lo2":14.05,"nx":36,"ny":24,"dx":0.07143,"dy":0.07261,"parameterCategory":2,"parameterNumber":2,"parameterNumberName":"eastward_wind","parameterUnit":"m.s-1"},"data":[0.1938,0.182,0.168,0.1518,0.1339,0.1149,0.0961,0.0786,0.0625,0.047,0.0296,0.0077,-0.0209,-0.057,-0.1002,-0.148,-0.1966,-0.2402,-0.2726,-0.2893,-0.2892,-0.2747,-0.2502,-0.2204,-0.1889,-0.1582,-0.1295,-0.1034,-0.0801,-0.0596,-0.0415,-0.0257,-0.0118,0.0005,0.0113,0.0209,0.2015,0.1887,0.1729,0.1538,0.1317,0.1079,0.0846,0.0643,0.0486,0.036,0.0221,0.002,-0.0285,-0.071,-0.1253,-0.189,-0.2563,-0.3181,-0.3633,-0.3834,-0.3769,-0.3496,-0.3101,-0.2661,-0.2229,-0.1829,-0.1473,-0.1162,-0.0893,-0.0661,-0.0462,-0.0291,-0.0143,-0.0015,0.0096,0.0195,0.2111,0.1974,0.1795,0.1565,0.1284,0.0963,0.0641,0.0379,0.0228,0.0172,0.0123,-0.002,-0.0325,-0.082,-0.1507,-0.2365,-0.3328,-0.4251,-0.492,-0.5159,-0.4953,-0.4442,-0.3802,-0.3158,-0.2572,-0.2063,-0.163,-0.1267,-0.0962,-0.0707,-0.0492,-0.0311,-0.0157,-0.0026,0.0088,0.0187,0.2231,0.209,0.1892,0.1618,0.1251,0.0791,0.0291,-0.0116,-0.0272,-0.0172,-0.0017,-0.0027,-0.0304,-0.087,-0.1729,-0.2887,-0.4296,-0.575,-0.6818,-0.7088,-0.6562,-0.5608,-0.458,-0.3657,-0.2885,-0.2257,-0.1748,-0.1336,-0.1001,-0.0727,-0.0502,-0.0315,-0.0159,-0.0027,0.0086,0.0184,0.238,0.2245,0.2039,0.1727,0.126,0.0591,-0.0255,-0.1032,-0.1256,-0.0797,-0.0204,0.0035,-0.0184,-0.0818,-0.1861,-0.3377,-0.5428,-0.7808,-0.9655,-0.9905,-0.8664,-0.6922,-0.5339,-0.4082,-0.3118,-0.2379,-0.1807,-0.1358,-0.1002,-0.0717,-0.0488,-0.0301,-0.0146,-0.0018,0.0091,0.0185,0.2561,0.2449,0.2259,0.1941,0.1402,0.0502,-0.0896,-0.2525,-0.3051,-0.1766,-0.0325,0.0257,0.0083,-0.0625,-0.1821,-0.3655,-0.6429,-1.02,-1.3486,-1.3567,-1.0944,-0.8068,-0.5873,-0.4318,-0.3209,-0.2397,-0.1787,-0.1321,-0.0959,-0.0675,-0.0449,-0.0269,-0.0122,-0.0001,0.0101,0.019,0.2772,0.2703,0.2566,0.2305,0.1804,0.0836,-0.0993,-0.3762,-0.4935,-0.2322,0.0068,0.08,0.0529,-0.0286,-0.1557,-0.3494,-0.6608,-1.1421,-1.6216,-1.6051,-1.2064,-0.8404,-0.5914,-0.4257,-0.3112,-0.229,-0.1681,-0.1221,-0.087,-0.0599,-0.0388,-0.0221,-0.0088,0.0021,0.0114,0.0194,0.3003,0.2995,0.2948,0.2819,0.252,0.1862,0.0485,-0.1786,-0.2691,-0.0229,0.16,0.1762,0.1113,0.0131,-0.1131,-0.2883,-0.5549,-0.954,-1.3551,-1.3644,-1.0525,-0.7506,-0.536,-0.3877,-0.2825,-0.2058,-0.1489,-0.1061,-0.0739,-0.0494,-0.0307,-0.0162,-0.0048,0.0045,0.0124,0.0194,0.3236,0.3299,0.3359,0.3406,0.3415,0.3341,0.3141,0.2968,0.3502,0.4434,0.4159,0.2967,0.1664,0.0472,-0.0733,-0.2194,-0.4124,-0.6492,-0.855,-0.8917,-0.7639,-0.5937,-0.4449,-0.3283,-0.2396,-0.1727,-0.1225,-0.0851,-0.0572,-0.0366,-0.0214,-0.0099,-0.001,0.0062,0.0125,0.0184,0.3451,0.3578,0.3738,0.3946,0.4231,0.4658,0.5409,0.697,0.9702,1.047,0.7208,0.397,0.1901,0.0556,-0.0553,-0.1831,-0.3453,-0.5121,-0.6216,-0.6355,-0.5674,-0.4615,-0.3544,-0.2624,-0.1891,-0.133,-0.091,-0.0603,-0.0383,-0.0227,-0.0119,-0.0042,0.0016,0.0065,0.0111,0.0159,0.3628,0.3802,0.403,0.4339,0.4773,0.5407,0.642,0.8619,1.4993,1.8109,0.9458,0.4109,0.1612,0.0297,-0.066,-0.1877,-0.3891,-0.6141,-0.7052,-0.635,-0.5075,-0.3837,-0.2799,-0.1979,-0.1355,-0.0894,-0.0564,-0.0335,-0.0184,-0.009,-0.0035,-0.0003,0.0019,0.0041,0.0069,0.0107,0.3758,0.3954,0.421,0.455,0.5003,0.5594,0.6304,0.7164,1.0731,1.3476,0.7448,0.3107,0.1045,0.0211,-0.1235,-0.214,-0.5405,-1.0589,-1.1544,-0.8174,-0.5203,-0.3313,-0.2115,-0.1326,-0.0793,-0.0434,-0.0202,-0.0065,0.0005,0.0027,0.0019,-0.0001,-0.002,-0.0026,-0.0013,0.002,0.3837,0.4034,0.4282,0.4597,0.4991,0.5449,0.5906,0.6852,0.5882,0.652,0.4306,0.171,0.0723,-0.0993,-0.2625,-0.215,-0.6772,-1.8239,-1.8407,-0.967,-0.486,-0.2516,-0.1293,-0.0603,-0.0195,0.0039,0.0155,0.0188,0.0164,0.0103,0.0022,-0.006,-0.0124,-0.0158,-0.0155,-0.0117,0.3873,0.4053,0.4271,0.4531,0.4831,0.5139,0.5327,0.4963,0.4962,0.4615,0.3072,0.0611,0.0215,0.4101,0.0453,-0.1577,-0.4972,-1.2115,-1.3111,-0.6958,-0.2982,-0.1101,-0.023,0.0209,0.0426,0.0501,0.0481,0.0396,0.0268,0.0112,-0.0056,-0.021,-0.0326,-0.0383,-0.0378,-0.032,0.3875,0.403,0.4207,0.4405,0.4611,0.4795,0.4888,0.4817,0.4587,0.411,0.3401,0.2289,0.2055,0.2026,0.1288,-0.1912,-0.442,-0.4327,-0.4335,-0.2173,-0.0135,0.0678,0.0935,0.1041,0.1026,0.0911,0.0734,0.0524,0.0287,0.0025,-0.0247,-0.0495,-0.0671,-0.0742,-0.0711,-0.0603,0.3856,0.3984,0.4122,0.4263,0.4395,0.4493,0.4522,0.4451,0.4304,0.4332,0.5155,0.2618,0.2484,0.2432,0.1746,-0.0715,-0.2876,-0.1257,-0.0039,0.1063,0.1866,0.1926,0.19,0.179,0.1534,0.1196,0.0854,0.0529,0.0195,-0.0179,-0.0589,-0.097,-0.1223,-0.1286,-0.1181,-0.0975,0.3827,0.3931,0.4035,0.4135,0.4218,0.4269,0.4273,0.4228,0.4195,0.4383,0.5002,0.3794,0.3486,0.3703,0.3349,0.2625,0.1836,0.222,0.2825,0.2946,0.2297,0.2438,0.271,0.245,0.1871,0.1246,0.0756,0.0372,-0.002,-0.0508,-0.111,-0.1703,-0.206,-0.2061,-0.1798,-0.1424,0.3796,0.388,0.3962,0.4035,0.4092,0.4125,0.413,0.4116,0.4115,0.4168,0.4184,0.3986,0.4039,0.4391,0.629,0.7162,0.5536,0.4312,0.3442,0.5231,0.4912,0.4287,0.3897,0.3089,0.1934,0.0918,0.0383,0.0049,-0.0348,-0.0931,-0.1793,-0.2727,-0.3215,-0.3047,-0.2502,-0.1888,0.3768,0.3839,0.3905,0.3964,0.4011,0.4043,0.4061,0.4073,0.4094,0.4136,0.4198,0.4351,0.4856,0.6598,1.2098,1.4225,0.8824,0.6679,0.6794,1.149,0.9515,0.7094,0.5491,0.3777,0.1752,0.0301,-0.0027,-0.0393,-0.0807,-0.1379,-0.2466,-0.3814,-0.4421,-0.3977,-0.3095,-0.2241,0.3745,0.3807,0.3866,0.392,0.3966,0.4005,0.4041,0.408,0.4138,0.4234,0.4411,0.4782,0.5636,0.7701,1.1727,1.298,0.9972,1.0482,1.7941,2.166,1.3722,0.967,0.7439,0.4863,0.1808,-0.0029,-0.0312,-0.1394,-0.1582,-0.1775,-0.2748,-0.4213,-0.4855,-0.4286,-0.3274,-0.2335,0.3728,0.3786,0.3842,0.3895,0.3945,0.3995,0.405,0.4118,0.4214,0.4364,0.4617,0.5067,0.5881,0.7255,0.8933,0.9633,0.9556,1.117,1.5393,1.6934,1.3749,1.2037,1.0654,0.7157,0.2442,-0.1635,-0.4935,-0.4426,-0.2745,-0.2058,-0.2484,-0.3518,-0.4066,-0.3705,-0.2912,-0.2111,0.3717,0.3772,0.3828,0.3884,0.3941,0.4002,0.4074,0.4165,0.429,0.4474,0.4753,0.5183,0.5826,0.6686,0.7583,0.8252,0.891,1.0194,1.1994,1.3042,1.3801,1.6405,1.6883,1.1308,0.3976,-0.2786,-0.7521,-0.5993,-0.3284,-0.2045,-0.1962,-0.245,-0.2805,-0.2676,-0.221,-0.1653,0.3709,0.3765,0.3821,0.3881,0.3944,0.4016,0.4101,0.4209,0.4351,0.4547,0.4821,0.5199,0.5699,0.6301,0.6939,0.7569,0.8292,0.9269,1.0473,1.1916,1.466,1.9809,2.1293,1.4445,0.6212,-0.0254,-0.384,-0.3794,-0.2432,-0.1547,-0.1337,-0.1513,-0.1703,-0.1679,-0.1444,-0.1103,0.3705,0.376,0.3819,0.3882,0.3951,0.4031,0.4125,0.4242,0.4392,0.4586,0.4841,0.5168,0.5571,0.6041,0.6557,0.7119,0.7774,0.8589,0.9634,1.1136,1.3645,1.6936,1.7477,1.3123,0.7297,0.2564,-0.0238,-0.1114,-0.0972,-0.0701,-0.0629,-0.0724,-0.0839,-0.0857,-0.0751,-0.056]},{"header":{"la1":42.85,"la2":41.18,"lo1":11.55,"lo2":14.05,"nx":36,"ny":24,"dx":0.07143,"dy":0.07261,"parameterCategory":2,"parameterNumber":3,"parameterNumberName":"northward_wind","parameterUnit":"m.s-1"},"data":[0.151,0.1743,0.2014,0.2316,0.2635,0.2941,0.3192,0.3346,0.3372,0.3272,0.3078,0.2837,0.2592,0.2365,0.2167,0.1996,0.1849,0.1724,0.1622,0.154,0.1475,0.1421,0.1372,0.1319,0.126,0.1193,0.1116,0.1031,0.0939,0.0841,0.0739,0.0636,0.0533,0.0432,0.0335,0.0242,0.1486,0.1761,0.2098,0.2494,0.2938,0.3388,0.3779,0.4023,0.4055,0.3873,0.3544,0.3163,0.2803,0.2496,0.2242,0.2031,0.1852,0.1702,0.1584,0.1498,0.1441,0.1401,0.1365,0.1323,0.1269,0.1203,0.1123,0.1032,0.0931,0.0824,0.0712,0.0598,0.0484,0.0373,0.0267,0.0167,0.1422,0.1738,0.2148,0.2664,0.3286,0.3972,0.4615,0.5045,0.5098,0.4755,0.4173,0.3555,0.3026,0.2617,0.2302,0.2046,0.1826,0.1638,0.1494,0.1407,0.1369,0.1357,0.1347,0.1322,0.1278,0.1213,0.113,0.1031,0.0921,0.0801,0.0676,0.055,0.0424,0.0301,0.0185,0.0077,0.1299,0.1647,0.2127,0.2781,0.3641,0.4699,0.5817,0.6654,0.6781,0.6102,0.5017,0.3994,0.3231,0.271,0.2341,0.2041,0.1764,0.1508,0.1317,0.1233,0.1241,0.1285,0.1319,0.1322,0.129,0.1227,0.1138,0.103,0.0906,0.0772,0.0632,0.049,0.0349,0.0213,0.0086,-0.0032,0.1101,0.1457,0.1982,0.2759,0.3895,0.5486,0.7467,0.9243,0.9622,0.8176,0.6066,0.4391,0.3353,0.2751,0.2362,0.2031,0.1674,0.1291,0.0997,0.0925,0.1039,0.1189,0.1292,0.1329,0.1309,0.1246,0.115,0.1028,0.0888,0.0735,0.0575,0.0414,0.0256,0.0105,-0.0036,-0.0163,0.0816,0.1138,0.1652,0.2478,0.3822,0.5992,0.9279,1.3052,1.4225,1.1007,0.6998,0.4505,0.3288,0.2721,0.2387,0.2058,0.1605,0.1008,0.05,0.0469,0.0792,0.1105,0.1288,0.1356,0.1344,0.1275,0.1165,0.1024,0.0863,0.0687,0.0503,0.0319,0.014,-0.0029,-0.0184,-0.0322,0.0442,0.0679,0.1093,0.1823,0.3127,0.5502,0.9775,1.6045,1.8671,1.2703,0.6743,0.3956,0.2956,0.2636,0.2463,0.2191,0.1684,0.0883,0.0112,0.0132,0.068,0.1118,0.1343,0.1419,0.14,0.1316,0.1185,0.1019,0.083,0.0624,0.0411,0.0199,-0.0006,-0.0197,-0.0368,-0.0517,-0.0002,0.0098,0.0321,0.0775,0.1672,0.3429,0.6776,1.1923,1.3935,0.8627,0.4124,0.2595,0.2432,0.2597,0.2667,0.2495,0.2031,0.1283,0.0561,0.0516,0.0944,0.1299,0.1479,0.1526,0.1482,0.1371,0.121,0.1011,0.0786,0.0543,0.0292,0.0044,-0.0192,-0.0407,-0.0597,-0.0756,-0.0481,-0.0549,-0.058,-0.0525,-0.029,0.0274,0.1302,0.2413,0.1999,0.0235,-0.0091,0.0896,0.2034,0.2806,0.311,0.2994,0.2568,0.1985,0.1487,0.1327,0.1441,0.1594,0.1677,0.1671,0.1588,0.144,0.1239,0.0998,0.0727,0.0436,0.0138,-0.0155,-0.0429,-0.0675,-0.0884,-0.1053,-0.0944,-0.1186,-0.148,-0.1837,-0.2267,-0.2797,-0.3556,-0.5073,-0.7933,-0.8607,-0.4466,-0.0335,0.2214,0.3517,0.3918,0.3689,0.3101,0.2449,0.1992,0.1814,0.1822,0.1881,0.1901,0.1847,0.1719,0.1524,0.1273,0.0978,0.0648,0.0295,-0.0065,-0.0415,-0.0737,-0.1018,-0.1248,-0.1423,-0.1343,-0.1731,-0.2246,-0.294,-0.388,-0.5129,-0.6705,-0.8986,-1.4898,-1.7896,-0.7425,-0.0243,0.3289,0.4876,0.5174,0.4557,0.3452,0.2315,0.1747,0.1782,0.1984,0.2123,0.2147,0.206,0.188,0.1626,0.1313,0.0949,0.0544,0.0111,-0.0331,-0.0757,-0.1142,-0.1465,-0.1715,-0.1888,-0.1637,-0.2122,-0.2781,-0.3691,-0.4952,-0.6647,-0.8604,-1.0064,-1.2243,-1.327,-0.5073,0.1476,0.4852,0.6305,0.6817,0.5503,0.3436,0.0874,0.0224,0.1252,0.2053,0.2411,0.247,0.2336,0.2083,0.1753,0.1362,0.0913,0.0411,-0.0131,-0.0686,-0.1216,-0.1683,-0.2056,-0.232,-0.2478,-0.1803,-0.2326,-0.3035,-0.4013,-0.5381,-0.7279,-0.963,-1.0227,-1.12,-0.6804,-0.1066,0.3679,0.5924,0.7541,0.835,0.6275,0.3566,-0.2178,-0.24,0.0877,0.241,0.2953,0.2973,0.2718,0.2342,0.1909,0.1425,0.0874,0.0246,-0.0446,-0.1162,-0.1842,-0.242,-0.285,-0.3116,-0.323,-0.1839,-0.2342,-0.3007,-0.3903,-0.5126,-0.68,-0.9019,-1.1687,-0.9985,-0.4071,0.1043,0.5049,0.6365,0.9355,0.7738,0.7472,0.6678,0.1455,0.0069,0.2177,0.3592,0.4066,0.3794,0.3232,0.2651,0.2098,0.1522,0.0854,0.006,-0.085,-0.181,-0.2714,-0.3449,-0.3939,-0.4172,-0.419,-0.1764,-0.22,-0.2753,-0.3457,-0.4344,-0.5419,-0.6532,-0.6957,-0.5103,-0.1555,0.1366,0.4008,0.6734,0.9858,0.7714,1.0484,1.5162,0.7682,0.4058,0.4426,0.6085,0.6245,0.5018,0.3817,0.2968,0.2332,0.1701,0.0909,-0.0117,-0.1359,-0.2705,-0.3965,-0.4925,-0.5458,-0.5582,-0.5407,-0.1606,-0.1951,-0.2361,-0.2838,-0.3358,-0.3842,-0.407,-0.3612,-0.2152,-0.0493,-0.0653,0.3819,0.4682,0.604,0.6205,0.9094,1.2407,0.7224,0.4368,0.5995,1.0588,0.9648,0.6219,0.4198,0.322,0.2683,0.2104,0.1169,-0.0211,-0.1983,-0.3966,-0.5809,-0.709,-0.7597,-0.7445,-0.6908,-0.14,-0.1651,-0.1924,-0.2201,-0.2439,-0.2553,-0.2397,-0.1819,-0.0863,-0.0103,-0.0387,0.1817,0.2415,0.2129,0.3404,0.4318,0.4613,0.254,0.124,0.4461,1.0976,0.9766,0.5903,0.3993,0.3434,0.3418,0.3068,0.1874,-0.0107,-0.2718,-0.5743,-0.8562,-1.0282,-1.0551,-0.9801,-0.8649,-0.1179,-0.1346,-0.1507,-0.1639,-0.1703,-0.1638,-0.1378,-0.0886,-0.024,0.035,0.0847,0.1527,0.1533,0.1273,0.0397,-0.0247,0.0261,-0.1781,-0.4197,-0.0198,0.3954,0.49,0.3834,0.3268,0.3877,0.5152,0.5236,0.3279,0.0252,-0.3526,-0.8101,-1.2468,-1.469,-1.4261,-1.2443,-1.0417,-0.0963,-0.1064,-0.1145,-0.1185,-0.1156,-0.1026,-0.0766,-0.038,0.0081,0.0534,0.0925,0.1172,0.1001,-0.0164,-0.4189,-0.5805,-0.2214,-0.2446,-0.3592,-0.2259,-0.0206,0.1186,0.1616,0.2328,0.4502,0.8201,0.8911,0.4878,0.0525,-0.4264,-1.0498,-1.6758,-1.9349,-1.7755,-1.4654,-1.1772,-0.0767,-0.0821,-0.0849,-0.0837,-0.0767,-0.0624,-0.0399,-0.0106,0.0221,0.0527,0.0744,0.0759,0.0338,-0.105,-0.3964,-0.4884,-0.2607,-0.2227,-0.3341,-0.3822,-0.2099,-0.1118,-0.0517,0.0812,0.3659,0.8354,0.9314,0.3819,-0.0111,-0.464,-1.1314,-1.8351,-2.1036,-1.8925,-1.5359,-1.2208,-0.0598,-0.062,-0.0616,-0.0578,-0.0496,-0.0363,-0.0182,0.0035,0.0259,0.0447,0.054,0.0449,0.0042,-0.0825,-0.1957,-0.2364,-0.1981,-0.2063,-0.2795,-0.3118,-0.2984,-0.3558,-0.355,-0.1822,0.0607,0.1654,-0.077,-0.1009,-0.1563,-0.4533,-0.9788,-1.5445,-1.7989,-1.6818,-1.4159,-1.1562,-0.0457,-0.0459,-0.0438,-0.039,-0.0311,-0.0198,-0.0057,0.0098,0.0246,0.0353,0.0376,0.0264,-0.0036,-0.0522,-0.105,-0.1373,-0.1529,-0.1832,-0.2371,-0.3093,-0.4698,-0.7713,-0.853,-0.5324,-0.2229,-0.193,-0.3811,-0.3028,-0.2535,-0.4219,-0.7567,-1.1216,-1.3297,-1.3216,-1.1859,-1.0181,-0.0343,-0.0333,-0.0305,-0.0257,-0.0186,-0.0095,0.001,0.0119,0.0212,0.0267,0.0256,0.0151,-0.0062,-0.0368,-0.0702,-0.1006,-0.131,-0.1731,-0.2403,-0.363,-0.6262,-1.0575,-1.1728,-0.7573,-0.3861,-0.2606,-0.2803,-0.2732,-0.2823,-0.3914,-0.5905,-0.8095,-0.9593,-0.9982,-0.9496,-0.8591,-0.0252,-0.0237,-0.0207,-0.0163,-0.0104,-0.0034,0.0043,0.0115,0.0171,0.0193,0.0165,0.0072,-0.0091,-0.0315,-0.0578,-0.087,-0.1218,-0.17,-0.2447,-0.3725,-0.591,-0.8603,-0.9215,-0.6849,-0.4286,-0.2966,-0.261,-0.2607,-0.2882,-0.3639,-0.4838,-0.6157,-0.7174,-0.7635,-0.7562,-0.7137]}]