docs/data/wind_grid.json
[{"header":{"la1":42.22,"la2":41.45,"lo1":11.9,"lo2":12.97,"nx":16,"ny":12,"dx":0.07133,"dy":0.07,"parameterCategory":2,"parameterNumber":2,"parameterNumberName":"eastward_wind","parameterUnit":"m.s-1"},"data":[1.3939,1.4385,1.5215,1.6242,1.6794,1.6795,1.7005,1.7573,1.8223,1.8784,1.9373,2.0148,2.0982,2.1525,2.1586,2.1274,1.3248,1.362,1.4818,1.7008,1.8027,1.7132,1.712,1.7986,1.8938,1.9439,1.9942,2.1081,2.2553,2.3374,2.3151,2.2364,1.2262,1.2075,1.2873,1.6306,1.8329,1.6837,1.7095,1.8611,2.0523,2.0528,2.0422,2.2271,2.529,2.6523,2.5316,2.3563,1.1208,0.9927,0.8328,1.0185,1.4293,1.5566,1.6974,1.8786,2.3152,2.1505,2.0348,2.3366,2.968,3.1194,2.7521,2.4415,1.0608,0.8801,0.5924,0.6618,1.1664,1.447,1.7342,1.8703,1.8148,1.8634,1.931,2.2645,3.0492,3.2333,2.7542,2.4185,1.0675,0.944,0.8195,0.8882,1.1013,1.2565,1.5327,1.6831,1.6112,1.6211,1.8308,2.03,2.3517,2.5954,2.4582,2.2776,1.1049,1.0403,0.9977,1.0011,0.9716,0.8625,0.9382,1.1614,1.3183,1.4864,1.8006,2.0003,2.0307,2.1433,2.1546,2.1056,1.1396,1.0966,1.0564,0.9982,0.8447,0.4879,0.671,0.8732,1.1017,1.3445,1.6471,1.8527,1.9071,1.9476,1.9701,1.9727,1.1655,1.128,1.0825,1.0114,0.8864,0.7394,0.7978,0.8367,0.7599,1.1657,1.4946,1.7098,1.8314,1.8813,1.8904,1.8955,1.1876,1.1539,1.1123,1.0566,0.9878,0.937,0.9409,0.925,0.9361,1.1722,1.4395,1.6601,1.8323,1.8991,1.8755,1.8575,1.2094,1.1809,1.1481,1.1106,1.0738,1.051,1.0501,1.0631,1.1183,1.2578,1.4429,1.6279,1.7831,1.8531,1.844,1.8249,1.2319,1.2094,1.1855,1.1617,1.1423,1.1336,1.1404,1.1672,1.2256,1.3255,1.4551,1.5906,1.7049,1.7694,1.7859,1.7835]},{"header":{"la1":42.22,"la2":41.45,"lo1":11.9,"lo2":12.97,"nx":16,"ny":12,"dx":0.07133,"dy":0.07,"parameterCategory":2,"parameterNumber":3,"parameterNumberName":"northward_wind","parameterUnit":"m.s-1"},"data":[2.1314,2.1555,2.197,2.2467,2.2638,2.2289,2.1825,2.1454,2.1092,2.0587,1.9832,1.8858,1.7891,1.7236,1.7023,1.7138,2.1149,2.1373,2.1977,2.3079,2.3586,2.2739,2.2007,2.1646,2.1359,2.0834,1.9801,1.8261,1.666,1.5758,1.5773,1.6263,2.084,2.082,2.1228,2.2842,2.3814,2.2687,2.2041,2.1844,2.1767,2.1301,1.9856,1.7328,1.4385,1.3192,1.4024,1.5285,2.0487,1.9979,1.9301,2.0127,2.188,2.2089,2.2037,2.2037,2.2132,2.1756,1.9931,1.6255,1.071,0.9417,1.224,1.4561,2.0327,1.957,1.8262,1.8596,2.0958,2.191,2.2121,2.2177,2.2454,2.1802,1.9961,1.6489,0.9979,0.8491,1.2154,1.465,2.0477,2.0003,1.9485,1.9989,2.1422,2.2199,2.2312,2.2384,2.3002,2.2013,1.9816,1.7916,1.5321,1.3347,1.4305,1.5594,2.0786,2.0673,2.0742,2.1304,2.2238,2.2969,2.291,2.2699,2.2823,2.1788,1.9473,1.8042,1.7642,1.6591,1.6391,1.6704,2.1069,2.1151,2.1401,2.1924,2.2738,2.3859,2.3321,2.2758,2.2159,2.1463,1.9977,1.8755,1.8198,1.766,1.7428,1.7448,2.1258,2.1405,2.1667,2.2077,2.2619,2.3109,2.2873,2.2178,2.1928,2.1431,2.0339,1.919,1.8158,1.7545,1.7594,1.776,2.1354,2.1504,2.1719,2.1997,2.2288,2.2454,2.2329,2.2025,2.1803,2.1291,2.0365,1.918,1.7808,1.71,1.7471,1.7873,2.1383,2.151,2.1668,2.1843,2.1995,2.2055,2.1977,2.1793,2.1523,2.1046,2.0287,1.9274,1.8166,1.7582,1.7753,1.8079,2.1367,2.1465,2.1575,2.1681,2.1756,2.1767,2.1693,2.1529,2.1261,2.0843,2.0247,1.9507,1.8775,1.8333,1.828,1.8407]}]