docs/data/wind_grid.json
[{"header":{"la1":42.85,"la2":41.18,"lo1":11.55,"lo2":14.05,"nx":36,"ny":24,"dx":0.07143,"dy":0.07261,"parameterCategory":2,"parameterNumber":2,"parameterNumberName":"eastward_wind","parameterUnit":"m.s-1"},"data":[2.9843,2.9957,3.0066,3.0158,3.0219,3.0223,3.0135,2.9915,2.953,2.8965,2.8228,2.7347,2.635,2.5268,2.4127,2.2968,2.1853,2.0866,2.01,1.9621,1.9434,1.949,1.9706,2.0002,2.0317,2.0613,2.0874,2.1092,2.127,2.1411,2.1522,2.1609,2.1677,2.1731,2.1776,2.1814,3.0131,3.0295,3.0465,3.0636,3.079,3.0898,3.0907,3.0748,3.036,2.9712,2.8828,2.7756,2.6544,2.5221,2.3807,2.2333,2.0874,1.9566,1.8582,1.805,1.7978,1.8254,1.872,1.9242,1.9738,2.0169,2.0524,2.0806,2.1026,2.1195,2.1323,2.1421,2.1495,2.1553,2.16,2.1641,3.0416,3.0633,3.0875,3.1142,3.1424,3.1692,3.1872,3.1845,3.1479,3.0716,2.9613,2.828,2.6799,2.5192,2.3444,2.1548,1.9574,1.7741,1.6391,1.5809,1.5994,1.6683,1.7562,1.8416,1.915,1.9739,2.0196,2.0542,2.08,2.0991,2.1131,2.1234,2.1311,2.137,2.1417,2.1458,3.0686,3.0956,3.1273,3.1649,3.2096,3.2599,3.3078,3.3323,3.3039,3.2084,3.062,2.8915,2.711,2.5194,2.3073,2.0639,1.7892,1.5143,1.3116,1.2508,1.3275,1.4742,1.6279,1.7588,1.8606,1.9363,1.9916,2.0315,2.06,2.0804,2.0948,2.105,2.1123,2.1179,2.1223,2.1263,3.093,3.1247,3.1632,3.2114,3.274,3.3553,3.452,3.5329,3.527,3.3932,3.1826,2.9597,2.7435,2.5239,2.2776,1.9746,1.5904,1.1541,0.8158,0.7625,0.9692,1.2551,1.5038,1.6887,1.8187,1.9088,1.9709,2.0138,2.0432,2.0634,2.0771,2.0864,2.0929,2.0976,2.1015,2.1052,3.1139,3.149,3.1922,3.248,3.3247,3.4364,3.5978,3.7822,3.8305,3.616,3.299,3.0143,2.7686,2.5326,2.268,1.9198,1.4154,0.7329,0.1369,0.1185,0.5778,1.0663,1.4193,1.6501,1.799,1.8958,1.9596,2.0018,2.0297,2.0479,2.0596,2.0671,2.0721,2.0756,2.0786,2.0818,3.1308,3.1677,3.2126,3.2703,3.3504,3.4723,3.6714,3.9575,4.0795,3.7569,3.3468,3.0297,2.7747,2.5412,2.2864,1.942,1.3924,0.5238,-0.3537,-0.3244,0.3909,1.0217,1.4211,1.6611,1.8077,1.8993,1.9577,1.995,2.0186,2.0331,2.0416,2.0464,2.049,2.0509,2.0528,2.0555,3.1437,3.181,3.2251,3.2794,3.3502,3.4504,3.6037,3.8136,3.887,3.6211,3.2855,2.9997,2.7549,2.5377,2.3207,2.0446,1.6054,0.8965,0.1518,0.1305,0.692,1.2019,1.5275,1.7234,1.8425,1.9165,1.9628,1.9914,2.0084,2.0175,2.0216,2.0228,2.0226,2.0224,2.0231,2.0253,3.153,3.1901,3.2326,3.2817,3.3393,3.4078,3.4878,3.5608,3.5604,3.4365,3.2166,2.954,2.7043,2.4984,2.3323,2.1607,1.9126,1.5444,1.1728,1.0836,1.277,1.5159,1.6957,1.8146,1.8911,1.9399,1.9702,1.9878,1.9966,1.9992,1.9979,1.9947,1.9912,1.9886,1.988,1.9899,3.1594,3.1963,3.2378,3.2841,3.3348,3.3882,3.4417,3.4962,3.5539,3.5147,3.2534,2.9141,2.6054,2.3812,2.2683,2.2135,2.1354,2.0021,1.8494,1.7552,1.752,1.7993,1.8546,1.9009,1.9356,1.9593,1.9737,1.9802,1.9803,1.9758,1.9684,1.9601,1.9527,1.9475,1.9457,1.9477,3.1629,3.2,3.2418,3.2888,3.341,3.3973,3.4554,3.528,3.7244,3.8262,3.34,2.8602,2.4286,2.1083,2.0673,2.1785,2.2541,2.2574,2.201,2.1076,2.0246,1.9758,1.9563,1.9545,1.9599,1.9657,1.9679,1.9649,1.9569,1.9449,1.9307,1.9164,1.9043,1.8964,1.8938,1.8968,3.1631,3.2004,3.243,3.2924,3.3504,3.4187,3.4939,3.5505,3.6139,3.6392,3.2607,2.8276,2.2339,1.5422,1.6931,2.1117,2.3422,2.4361,2.4152,2.285,2.1418,2.0379,1.9813,1.9591,1.9541,1.9531,1.9491,1.9395,1.924,1.904,1.8818,1.8602,1.8426,1.8317,1.8291,1.8346,3.1597,3.1964,3.2389,3.2892,3.3505,3.4273,3.5211,3.601,3.5493,3.4055,3.2028,3.0447,2.5673,1.373,1.5748,2.2056,2.4615,2.5733,2.5572,2.3433,2.1224,1.9759,1.9148,1.9063,1.9147,1.9203,1.9165,1.9026,1.8801,1.851,1.8184,1.7871,1.7623,1.7484,1.7472,1.7579,3.1523,3.1873,3.2277,3.2752,3.3324,3.402,3.482,3.5482,3.5034,3.3612,3.2644,3.3926,3.3808,2.7588,2.4408,2.5527,2.6567,2.5896,2.4991,2.2266,1.9017,1.731,1.7322,1.7948,1.8471,1.8715,1.8718,1.8546,1.8243,1.7834,1.7364,1.6907,1.6559,1.639,1.6423,1.6629,3.1411,3.1734,3.2099,3.2514,3.2987,3.3506,3.4004,3.427,3.4047,3.3778,3.3872,3.3608,3.2043,3.2598,2.8839,2.8794,3.032,2.7125,2.3781,1.8745,1.2785,1.1628,1.4162,1.6463,1.7701,1.8158,1.8177,1.7959,1.7563,1.6997,1.6303,1.5614,1.5112,1.4926,1.5068,1.5457,3.1267,3.1556,3.1873,3.2219,3.2587,3.2955,3.327,3.3482,3.3723,3.4628,3.6792,3.6438,3.4465,3.195,3.0289,2.9487,2.9688,2.7108,2.2821,1.3804,0.0228,0.2449,1.0854,1.5373,1.7155,1.7608,1.753,1.7254,1.6775,1.5995,1.4935,1.3842,1.3098,1.2942,1.3327,1.4041,3.11,3.1353,3.1623,3.1907,3.2196,3.2477,3.2739,3.3019,3.3504,3.4617,3.639,3.5629,3.4799,3.4371,3.1483,2.9776,2.8528,2.6815,2.4067,1.5223,-0.1144,0.1841,1.1242,1.5698,1.7021,1.696,1.6639,1.6397,1.5929,1.4876,1.3196,1.1376,1.0257,1.0279,1.1171,1.2429,3.0918,3.1137,3.1365,3.1599,3.1834,3.2066,3.2304,3.2589,3.3013,3.3638,3.4165,3.4092,3.4476,3.4333,3.1971,3.0657,2.8985,2.7623,2.7596,2.3134,1.5221,1.3208,1.571,1.7275,1.6983,1.577,1.5189,1.537,1.5154,1.379,1.1124,0.8064,0.6446,0.6995,0.8786,1.0813,3.0726,3.0914,3.1106,3.1301,3.1494,3.1688,3.1891,3.2123,3.2406,3.271,3.2909,3.2925,3.2878,3.2469,3.231,3.244,2.9947,2.8352,2.8227,2.7932,2.4232,2.1144,2.007,1.9027,1.6737,1.3793,1.3128,1.4427,1.4682,1.3041,0.92,0.4532,0.2465,0.3922,0.6809,0.9596,3.053,3.069,3.0851,3.1012,3.1171,3.1328,3.1487,3.1653,3.1821,3.1964,3.2028,3.1984,3.1834,3.166,3.1948,3.1936,3.0174,2.9328,3.127,3.2468,2.8186,2.525,2.3399,2.0965,1.7336,1.3514,1.2774,1.4457,1.4731,1.3,0.8665,0.3247,0.1021,0.2903,0.6206,0.9245,3.0332,3.0468,3.0602,3.0733,3.086,3.0981,3.1097,3.1205,3.1295,3.1348,3.1341,3.1258,3.1111,3.0966,3.0882,3.0539,2.9769,2.9483,3.0372,3.0634,2.9094,2.8322,2.724,2.396,1.9444,1.6047,1.5094,1.5231,1.5184,1.3707,1.0142,0.5759,0.3696,0.4829,0.737,0.9927,3.0135,3.0248,3.0358,3.0463,3.0561,3.065,3.0728,3.079,3.0828,3.0828,3.0779,3.0675,3.0522,3.0338,3.0113,2.9772,2.936,2.9172,2.9343,2.9574,3.0381,3.2921,3.3384,2.8343,2.1973,1.7229,1.5097,1.5456,1.5727,1.4742,1.2399,0.9592,0.7965,0.8202,0.9609,1.1341,2.9941,3.0034,3.0122,3.0204,3.0276,3.0338,3.0384,3.0411,3.0413,3.038,3.0306,3.0187,3.0026,2.9826,2.9583,2.9297,2.9024,2.889,2.9018,2.9656,3.1754,3.613,3.741,3.1405,2.4337,1.9309,1.6887,1.6555,1.6538,1.5837,1.439,1.2702,1.1556,1.1377,1.1995,1.301,2.975,2.9825,2.9894,2.9955,3.0006,3.0044,3.0065,3.0067,3.0043,2.9988,2.9898,2.9771,2.9608,2.941,2.9184,2.8946,2.8743,2.8659,2.8827,2.9522,3.1244,3.381,3.4194,3.0428,2.5429,2.1491,1.9188,1.819,1.7659,1.6974,1.5994,1.4931,1.4137,1.385,1.4061,1.4604]},{"header":{"la1":42.85,"la2":41.18,"lo1":11.55,"lo2":14.05,"nx":36,"ny":24,"dx":0.07143,"dy":0.07261,"parameterCategory":2,"parameterNumber":3,"parameterNumberName":"northward_wind","parameterUnit":"m.s-1"},"data":[0.0264,0.044,0.0643,0.0867,0.1097,0.1309,0.1465,0.1527,0.1466,0.1275,0.0976,0.0601,0.0179,-0.0274,-0.0749,-0.1233,-0.1701,-0.2111,-0.2414,-0.2573,-0.2579,-0.2456,-0.2247,-0.1995,-0.1732,-0.1478,-0.1245,-0.1037,-0.0852,-0.069,-0.0549,-0.0425,-0.0317,-0.0223,-0.0141,-0.0069,0.0281,0.0495,0.0755,0.1059,0.1395,0.173,0.2006,0.2147,0.2092,0.1831,0.141,0.0898,0.0344,-0.0237,-0.0848,-0.1491,-0.2137,-0.272,-0.3145,-0.3337,-0.3284,-0.3043,-0.2696,-0.2317,-0.195,-0.1617,-0.1327,-0.1077,-0.0864,-0.0681,-0.0525,-0.0391,-0.0276,-0.0177,-0.0091,-0.0017,0.0268,0.0521,0.0845,0.1251,0.1738,0.2272,0.2762,0.3064,0.3032,0.2641,0.2005,0.1279,0.055,-0.0182,-0.0957,-0.1813,-0.2731,-0.3604,-0.4238,-0.4469,-0.4282,-0.3815,-0.3238,-0.267,-0.2166,-0.1739,-0.1386,-0.1094,-0.0853,-0.0652,-0.0484,-0.0341,-0.022,-0.0117,-0.0029,0.0046,0.0213,0.0496,0.0883,0.1406,0.2093,0.2937,0.3827,0.4476,0.4518,0.3855,0.2803,0.1732,0.0781,-0.0105,-0.1052,-0.2179,-0.3517,-0.4905,-0.5935,-0.6199,-0.5699,-0.4798,-0.3849,-0.3019,-0.2348,-0.182,-0.1406,-0.1077,-0.0813,-0.0598,-0.0421,-0.0273,-0.0148,-0.0043,0.0046,0.012,0.0101,0.0397,0.0826,0.1454,0.2368,0.3653,0.526,0.6699,0.6969,0.5683,0.3787,0.2179,0.0994,0.0005,-0.1074,-0.2501,-0.4451,-0.6769,-0.8598,-0.885,-0.7625,-0.5933,-0.4436,-0.329,-0.2449,-0.1831,-0.1369,-0.1015,-0.0738,-0.0516,-0.0334,-0.0184,-0.0058,0.0047,0.0135,0.0208,-0.0077,0.02,0.0627,0.1299,0.2382,0.4137,0.6815,0.9916,1.087,0.8129,0.4668,0.2409,0.1111,0.0163,-0.0923,-0.2574,-0.5229,-0.9005,-1.2367,-1.2453,-0.9779,-0.6907,-0.4793,-0.3368,-0.2407,-0.174,-0.1259,-0.09,-0.0622,-0.0401,-0.0222,-0.0073,0.005,0.0154,0.0239,0.031,-0.0321,-0.0102,0.0255,0.0854,0.1903,0.3808,0.7271,1.2422,1.4599,0.9584,0.4531,0.2097,0.1068,0.041,-0.0481,-0.2103,-0.5099,-1.007,-1.516,-1.4986,-1.0786,-0.7047,-0.4635,-0.3139,-0.2178,-0.1531,-0.1071,-0.073,-0.0466,-0.0256,-0.0083,0.006,0.0179,0.0279,0.036,0.0426,-0.0617,-0.0491,-0.0273,0.0117,0.0837,0.2217,0.4864,0.9018,1.064,0.6156,0.2377,0.1122,0.0939,0.084,0.0324,-0.0958,-0.3474,-0.7696,-1.2136,-1.2263,-0.8911,-0.5836,-0.383,-0.2576,-0.1764,-0.121,-0.0812,-0.0512,-0.0275,-0.0082,0.0079,0.0215,0.0328,0.0423,0.0499,0.056,-0.0938,-0.0925,-0.0883,-0.0783,-0.0573,-0.0168,0.0509,0.1157,0.053,-0.1081,-0.1209,-0.0117,0.1015,0.1623,0.1512,0.0633,-0.1046,-0.3482,-0.5846,-0.6424,-0.525,-0.3762,-0.2603,-0.1791,-0.1224,-0.0814,-0.0504,-0.0258,-0.0056,0.0116,0.0264,0.0391,0.0499,0.0588,0.0658,0.0712,-0.1248,-0.1346,-0.1473,-0.1646,-0.1899,-0.2313,-0.3125,-0.4987,-0.8418,-0.9387,-0.5165,-0.0926,0.1733,0.3031,0.3129,0.2341,0.1108,-0.0248,-0.145,-0.2121,-0.2137,-0.1784,-0.1353,-0.0968,-0.0651,-0.0392,-0.0175,0.0013,0.0181,0.0332,0.0468,0.0589,0.0692,0.0775,0.084,0.0884,-0.1517,-0.1701,-0.1953,-0.2311,-0.2835,-0.3619,-0.4875,-0.7566,-1.5397,-1.924,-0.795,-0.047,0.3468,0.5408,0.5307,0.3969,0.2598,0.1671,0.0974,0.0299,-0.0167,-0.0347,-0.0339,-0.0246,-0.0123,0.0009,0.0146,0.0284,0.0423,0.056,0.0691,0.0809,0.0911,0.0991,0.1048,0.1082,-0.1725,-0.196,-0.2278,-0.2718,-0.3323,-0.4124,-0.5041,-0.6049,-1.04,-1.3467,-0.518,0.1542,0.5779,0.895,0.7969,0.5192,0.3335,0.2828,0.2504,0.1652,0.0952,0.0568,0.0389,0.0321,0.0318,0.036,0.0437,0.0541,0.0664,0.0798,0.0932,0.1057,0.1163,0.1241,0.129,0.131,-0.1862,-0.2115,-0.2447,-0.2885,-0.3456,-0.4153,-0.4827,-0.5068,-0.5375,-0.5017,-0.0934,0.4044,0.6736,1.0034,0.8905,0.5103,0.3194,0.37,0.3634,0.2273,0.1499,0.112,0.0896,0.0747,0.0664,0.0646,0.0685,0.0773,0.0897,0.1044,0.1198,0.1342,0.1459,0.1538,0.1575,0.1575,-0.1934,-0.2178,-0.2486,-0.2872,-0.3345,-0.3895,-0.4443,-0.4807,-0.4507,-0.285,0.0394,0.5935,0.7728,0.753,0.5645,0.3181,0.1704,0.26,0.2835,0.209,0.1729,0.1531,0.1298,0.1073,0.0921,0.0858,0.088,0.0972,0.1119,0.1302,0.1498,0.1679,0.1819,0.19,0.1919,0.1885,-0.1953,-0.2172,-0.2435,-0.2745,-0.3098,-0.3469,-0.3788,-0.389,-0.3505,-0.2701,-0.1618,0.0734,0.3026,0.3024,0.3021,0.0446,-0.1578,0.0419,0.1428,0.1799,0.2169,0.2132,0.1713,0.1324,0.1085,0.0986,0.1006,0.1126,0.1325,0.1577,0.1848,0.2096,0.2274,0.2354,0.2337,0.225,-0.1933,-0.2121,-0.2335,-0.2571,-0.2817,-0.3046,-0.3206,-0.3244,-0.3247,-0.3877,-0.6252,-0.3857,-0.1876,0.0415,0.0449,-0.0459,-0.1227,-0.0093,0.0945,0.2,0.3383,0.3108,0.209,0.1455,0.1126,0.0995,0.1028,0.121,0.1507,0.1876,0.2275,0.2636,0.2872,0.2935,0.2849,0.2672,-0.1889,-0.2046,-0.2216,-0.2394,-0.2569,-0.2722,-0.2841,-0.2952,-0.3232,-0.4168,-0.599,-0.4571,-0.497,-0.5579,-0.2573,-0.1729,-0.1026,0.0045,0.0969,0.1885,0.3524,0.3167,0.2028,0.1365,0.0999,0.0812,0.086,0.1175,0.1654,0.221,0.2808,0.3352,0.3669,0.3676,0.3454,0.3135,-0.1832,-0.1962,-0.2099,-0.2237,-0.237,-0.2491,-0.2608,-0.2758,-0.3036,-0.3532,-0.4011,-0.4196,-0.5785,-0.6339,-0.5318,-0.5015,-0.2413,0.0425,0.1733,0.1396,0.1846,0.1908,0.1485,0.1085,0.0696,0.0276,0.029,0.0961,0.1791,0.259,0.345,0.427,0.4682,0.4547,0.4099,0.3588,-0.177,-0.1878,-0.199,-0.2102,-0.2211,-0.2318,-0.2432,-0.2579,-0.2791,-0.3076,-0.3389,-0.3806,-0.4589,-0.5783,-0.9804,-1.1501,-0.4662,-0.0168,0.1271,0.1037,0.1011,0.1027,0.0947,0.082,0.039,-0.0746,-0.0955,0.0745,0.2105,0.3032,0.4078,0.5193,0.5678,0.5326,0.4622,0.393,-0.1705,-0.1797,-0.1891,-0.1985,-0.2079,-0.2176,-0.2283,-0.2413,-0.2582,-0.2798,-0.3075,-0.3484,-0.4199,-0.5737,-0.9077,-0.9904,-0.4874,-0.1024,0.0763,0.1079,0.0664,0.0463,0.0477,0.0702,0.0698,-0.0609,-0.092,0.1973,0.3063,0.3547,0.4398,0.5532,0.6021,0.5585,0.4797,0.4053,-0.1641,-0.172,-0.1801,-0.1882,-0.1965,-0.2051,-0.2148,-0.2263,-0.2405,-0.2585,-0.2827,-0.3179,-0.3744,-0.4669,-0.5752,-0.5556,-0.3474,-0.1243,0.0173,0.0524,0.0127,-0.0329,-0.0316,0.0473,0.1759,0.3524,0.6639,0.6235,0.4694,0.4081,0.4335,0.5056,0.5444,0.5166,0.4556,0.3926,-0.1578,-0.1647,-0.1716,-0.1787,-0.186,-0.1937,-0.2023,-0.2121,-0.2241,-0.2389,-0.2582,-0.2841,-0.3189,-0.3596,-0.3842,-0.3503,-0.25,-0.134,-0.0531,-0.0322,-0.0791,-0.1784,-0.1977,-0.0396,0.2187,0.5924,0.9729,0.8256,0.5639,0.4385,0.413,0.4373,0.4574,0.4448,0.4076,0.3627,-0.1517,-0.1577,-0.1637,-0.1699,-0.1762,-0.1829,-0.1903,-0.1985,-0.2082,-0.2197,-0.2335,-0.25,-0.268,-0.2822,-0.281,-0.2517,-0.1954,-0.1323,-0.088,-0.0838,-0.1448,-0.2782,-0.3165,-0.1223,0.1609,0.4668,0.6839,0.656,0.5197,0.4232,0.3849,0.3824,0.3866,0.3786,0.3566,0.3268,-0.1457,-0.1509,-0.1561,-0.1615,-0.1669,-0.1726,-0.1787,-0.1853,-0.1927,-0.201,-0.21,-0.2191,-0.2266,-0.2288,-0.2202,-0.1971,-0.1619,-0.1245,-0.0988,-0.099,-0.1396,-0.2107,-0.2183,-0.0898,0.1082,0.3049,0.4372,0.4634,0.4222,0.375,0.3473,0.3374,0.3337,0.3263,0.3119,0.2919]}]