docs/data/wind_grid.json
[{"header":{"la1":42.85,"la2":41.18,"lo1":11.55,"lo2":14.05,"nx":36,"ny":24,"dx":0.07143,"dy":0.07261,"parameterCategory":2,"parameterNumber":2,"parameterNumberName":"eastward_wind","parameterUnit":"m.s-1"},"data":[3.035,3.0511,3.0675,3.0829,3.0954,3.1018,3.098,3.0791,3.041,2.9811,2.8991,2.7961,2.6733,2.5322,2.375,2.2068,2.0377,1.8836,1.7625,1.6882,1.6637,1.6809,1.725,1.7819,1.8408,1.8955,1.9434,1.984,2.0179,2.0461,2.0696,2.0895,2.1066,2.1215,2.1347,2.1467,3.0581,3.0797,3.1034,3.1283,3.1524,3.1718,3.1804,3.1703,3.1343,3.0683,2.9729,2.8508,2.7041,2.5326,2.3357,2.1164,1.8872,1.6733,1.509,1.422,1.4166,1.4732,1.5625,1.6597,1.7502,1.8276,1.8912,1.9422,1.9831,2.016,2.0428,2.0652,2.0841,2.1005,2.1151,2.1281,3.0777,3.1049,3.1369,3.1736,3.2135,3.2524,3.2819,3.2885,3.2578,3.1831,3.0685,2.9221,2.7476,2.5415,2.2962,2.007,1.6842,1.368,1.1278,1.0255,1.0667,1.2012,1.3675,1.5253,1.6577,1.7621,1.8422,1.9034,1.9504,1.9873,2.0168,2.0411,2.0616,2.0794,2.095,2.1092,3.0915,3.1238,3.1643,3.2144,3.2747,3.3424,3.4074,3.4461,3.4273,3.3364,3.1898,3.0106,2.8058,2.5652,2.2669,1.8867,1.4178,0.9146,0.5255,0.4078,0.5635,0.8529,1.1473,1.39,1.5727,1.7052,1.8003,1.8694,1.9207,1.9601,1.9914,2.0172,2.0389,2.0578,2.0746,2.0897,3.097,3.1324,3.1797,3.2433,3.3274,3.4343,3.5577,3.6614,3.6688,3.5404,3.3343,3.1109,2.8781,2.6119,2.2688,1.7867,1.1031,0.25,-0.4609,-0.5798,-0.1406,0.4454,0.9322,1.2775,1.5099,1.6645,1.7689,1.8414,1.894,1.9342,1.9662,1.9929,2.0156,2.0356,2.0533,2.0695,3.091,3.1254,3.1756,3.2495,3.3561,3.5067,3.7118,3.9381,4.0046,3.786,3.4781,3.2067,2.9591,2.6897,2.3326,1.7781,0.8507,-0.5776,-1.9724,-2.0273,-0.9629,0.087,0.792,1.2238,1.4853,1.6463,1.749,1.8185,1.8688,1.9079,1.9401,1.9674,1.9911,2.0122,2.0311,2.0483,3.0709,3.0972,3.142,3.2183,3.34,3.5216,3.7884,4.1428,4.2906,3.9492,3.5613,3.2769,3.0416,2.8008,2.484,1.9548,0.9363,-0.9668,-3.2047,-3.1331,-1.3647,0.0229,0.8209,1.2613,1.5076,1.6498,1.7372,1.7965,1.8415,1.8788,1.9111,1.9396,1.9648,1.9872,2.0074,2.0258,3.0351,3.0418,3.0657,3.1303,3.259,3.4543,3.7055,3.9868,4.0883,3.8459,3.5574,3.321,3.1216,2.9354,2.7145,2.3361,1.541,-0.0009,-1.8512,-1.9468,-0.6467,0.4291,1.053,1.3887,1.5664,1.6629,1.722,1.7665,1.806,1.843,1.8773,1.9083,1.9358,1.9602,1.982,2.0018,2.9863,2.9568,2.93,2.952,3.0885,3.3269,3.5725,3.7563,3.8243,3.75,3.5707,3.3659,3.1955,3.0696,2.9749,2.8066,2.3313,1.4837,0.574,0.2923,0.6502,1.0952,1.3954,1.5551,1.6266,1.6584,1.683,1.7147,1.754,1.7962,1.8366,1.8727,1.9039,1.9308,1.9544,1.9758,2.936,2.8551,2.7307,2.6306,2.7738,3.1703,3.5232,3.7618,3.9483,3.9606,3.6901,3.4185,3.2531,3.1729,3.1915,3.2099,2.8767,2.4241,1.9952,1.7227,1.6542,1.684,1.7063,1.6852,1.6355,1.5942,1.5893,1.6223,1.6767,1.7353,1.7885,1.8329,1.869,1.8989,1.9244,1.9474,2.9059,2.7838,2.5523,2.2401,2.3523,3.0569,3.5795,3.8764,4.27,4.46,3.8268,3.4354,3.2836,3.2407,3.2425,3.261,3.0846,2.9264,2.7441,2.4919,2.2577,2.0743,1.9039,1.715,1.5273,1.407,1.3968,1.4689,1.5687,1.6613,1.7351,1.7906,1.832,1.8643,1.8913,1.9158,2.9146,2.8019,2.5893,2.3087,2.452,3.1931,3.7539,4.0056,4.1133,4.165,3.6912,3.3764,3.289,3.3352,3.2871,3.2134,3.2248,3.3884,3.3492,2.9743,2.6032,2.2928,1.9788,1.6066,1.219,0.9992,1.0504,1.2439,1.4378,1.5838,1.6831,1.7488,1.7934,1.8264,1.8539,1.8797,2.957,2.8968,2.8101,2.7675,2.9739,3.4435,3.9008,4.1861,4.0486,3.7569,3.4611,3.297,3.2502,3.3599,3.3123,3.2246,3.3609,3.9591,3.9424,3.2412,2.7624,2.393,1.9773,1.3836,0.6457,0.2679,0.54,0.9882,1.32,1.5236,1.6422,1.7108,1.7528,1.7829,1.8096,1.8371,3.008,2.9979,3.0014,3.0626,3.2385,3.5172,3.815,4.0316,3.9157,3.5484,3.2972,3.2744,3.2601,2.8642,3.1017,3.2024,3.3476,3.6426,3.6298,3.1481,2.7594,2.4341,2.0,1.2464,0.1141,-0.4595,0.1476,0.8571,1.2824,1.5067,1.6201,1.6759,1.7056,1.7283,1.7536,1.7843,3.0471,3.0645,3.1011,3.1748,3.2975,3.4548,3.6034,3.6681,3.5485,3.3035,3.1196,3.0398,2.9662,2.8065,3.0036,3.2766,3.5231,3.3109,3.1545,2.9094,2.6795,2.4793,2.1267,1.4648,0.4956,-0.0221,0.4393,1.0218,1.3697,1.5413,1.613,1.6345,1.6402,1.6519,1.6781,1.7171,3.0676,3.0943,3.1348,3.1941,3.2711,3.3515,3.4066,3.3953,3.2884,3.12,2.9971,2.7801,2.8195,2.8679,2.9631,3.189,3.375,3.1359,2.924,2.7422,2.6175,2.5505,2.2912,1.8484,1.3335,1.0456,1.1507,1.3801,1.5377,1.6032,1.6009,1.5647,1.5338,1.5356,1.5725,1.631,3.0717,3.0981,3.1321,3.1735,3.218,3.2545,3.266,3.2343,3.154,3.0485,2.9781,2.8679,2.7072,2.6548,2.8499,2.9586,2.9852,2.8693,2.743,2.6621,2.6062,2.5613,2.3704,2.0993,1.846,1.7061,1.6845,1.7014,1.6999,1.6534,1.5542,1.4311,1.35,1.3548,1.4271,1.5256,3.0641,3.0864,3.1118,3.1385,3.1623,3.1759,3.1702,3.1385,3.0818,3.013,2.9445,2.8515,2.6803,2.6403,2.7713,2.804,2.7943,2.6839,2.604,2.5999,2.5645,2.5038,2.3772,2.2104,2.072,2.0123,1.9796,1.9096,1.8135,1.6729,1.4541,1.1949,1.0471,1.0943,1.2482,1.413,3.0493,3.0666,3.0843,3.1004,3.1118,3.1139,3.1024,3.0748,3.0328,2.9816,2.9241,2.8561,2.784,2.752,2.723,2.7038,2.7148,2.6318,2.5656,2.493,2.4956,2.4617,2.3723,2.2517,2.1525,2.1411,2.1371,2.0196,1.8784,1.6783,1.3339,0.8835,0.6604,0.8118,1.0868,1.3257,3.0306,3.0432,3.0548,3.0637,3.0677,3.0642,3.051,3.0273,2.9942,2.954,2.9086,2.8598,2.8127,2.7713,2.7255,2.7061,2.6836,2.5852,2.3981,2.3222,2.4376,2.4419,2.3767,2.2715,2.1674,2.1502,2.1511,2.0136,1.9016,1.7128,1.3243,0.7632,0.4973,0.7126,1.0428,1.3079,3.0099,3.0187,3.0257,3.0298,3.0295,3.0232,3.0099,2.9892,2.9618,2.929,2.8924,2.8537,2.815,2.7773,2.7421,2.7116,2.6643,2.5755,2.456,2.4113,2.4518,2.4566,2.4112,2.3045,2.16,2.0204,1.8694,1.8852,1.9113,1.8058,1.5097,1.0682,0.8227,0.9307,1.1649,1.3769,2.9888,2.9944,2.9981,2.999,2.996,2.9883,2.9752,2.9568,2.9332,2.9056,2.8748,2.8419,2.8082,2.7743,2.7403,2.7034,2.6549,2.5909,2.5265,2.4926,2.4939,2.5159,2.5059,2.3767,2.1778,1.9483,1.735,1.8383,1.9849,1.956,1.7658,1.4855,1.2897,1.2772,1.377,1.5029,2.9678,2.9711,2.9723,2.971,2.9663,2.9578,2.9452,2.9283,2.9075,2.8833,2.8563,2.8272,2.7966,2.7648,2.7311,2.6936,2.6497,2.6005,2.5544,2.5232,2.5196,2.5629,2.5804,2.4382,2.2322,2.042,1.9347,2.0155,2.1587,2.1166,1.9572,1.7654,1.6176,1.561,1.5813,1.6404,2.9475,2.9489,2.9483,2.9454,2.9397,2.9308,2.9185,2.9028,2.8838,2.862,2.8376,2.8111,2.7827,2.7524,2.7197,2.6838,2.6441,2.6023,2.5625,2.5312,2.5176,2.5285,2.5184,2.4191,2.2715,2.1414,2.0777,2.1123,2.1839,2.1501,2.0374,1.9103,1.807,1.7501,1.7398,1.7617]},{"header":{"la1":42.85,"la2":41.18,"lo1":11.55,"lo2":14.05,"nx":36,"ny":24,"dx":0.07143,"dy":0.07261,"parameterCategory":2,"parameterNumber":3,"parameterNumberName":"northward_wind","parameterUnit":"m.s-1"},"data":[-0.0087,-0.0476,-0.0892,-0.1321,-0.1734,-0.2082,-0.2294,-0.2293,-0.2034,-0.1531,-0.0872,-0.0183,0.041,0.081,0.097,0.0895,0.0645,0.0333,0.0094,0.0045,0.0232,0.0628,0.1157,0.1738,0.231,0.2836,0.3299,0.3697,0.4033,0.4317,0.4554,0.4754,0.4921,0.5063,0.5183,0.5285,-0.0423,-0.0904,-0.1445,-0.204,-0.2664,-0.3252,-0.3684,-0.381,-0.3508,-0.2784,-0.1788,-0.0753,0.0108,0.0648,0.0795,0.055,0.0005,-0.0651,-0.1164,-0.1314,-0.1031,-0.0407,0.0393,0.1221,0.1989,0.2656,0.3216,0.3677,0.4053,0.4361,0.4612,0.4819,0.499,0.5132,0.5251,0.5351,-0.074,-0.132,-0.2005,-0.2812,-0.374,-0.4723,-0.5583,-0.6011,-0.57,-0.4601,-0.302,-0.1408,-0.0123,0.0626,0.0744,0.0216,-0.0849,-0.2144,-0.3168,-0.3462,-0.2927,-0.1839,-0.0566,0.064,0.1672,0.251,0.3174,0.3697,0.4108,0.4433,0.4693,0.4902,0.5072,0.5212,0.5327,0.5423,-0.1019,-0.1692,-0.2522,-0.3572,-0.4903,-0.6515,-0.8197,-0.9349,-0.9152,-0.7359,-0.4693,-0.2113,-0.0185,0.0868,0.0947,-0.0017,-0.1974,-0.4491,-0.6537,-0.7011,-0.5808,-0.3764,-0.1685,0.0064,0.1421,0.2441,0.3203,0.3773,0.4206,0.4538,0.4798,0.5003,0.5168,0.5302,0.5411,0.5502,-0.1239,-0.1982,-0.2928,-0.42,-0.5984,-0.8484,-1.1665,-1.4546,-1.4871,-1.1613,-0.6843,-0.2715,0.0098,0.1555,0.1617,0.0086,-0.3282,-0.8145,-1.2389,-1.2988,-1.0028,-0.6096,-0.2776,-0.0355,0.1333,0.2506,0.3329,0.3919,0.4352,0.4676,0.4926,0.5121,0.5275,0.54,0.5501,0.5584,-0.1393,-0.2167,-0.3159,-0.4542,-0.6655,-1.0077,-1.5481,-2.2074,-2.4082,-1.7503,-0.8958,-0.2798,0.098,0.2905,0.3064,0.1038,-0.4082,-1.2911,-2.1805,-2.2113,-1.5118,-0.8152,-0.3386,-0.0377,0.1524,0.2753,0.3573,0.4139,0.4544,0.4844,0.5073,0.525,0.5391,0.5503,0.5594,0.5668,-0.1491,-0.2261,-0.3207,-0.4499,-0.6553,-1.0243,-1.715,-2.8075,-3.2959,-2.1446,-0.9204,-0.1725,0.269,0.5103,0.5627,0.3605,-0.252,-1.4959,-2.9735,-2.9262,-1.7561,-0.8307,-0.2878,0.0232,0.207,0.3201,0.3928,0.442,0.477,0.503,0.523,0.5386,0.551,0.5608,0.5688,0.5752,-0.1563,-0.233,-0.3182,-0.4195,-0.5693,-0.845,-1.3715,-2.1921,-2.5148,-1.5887,-0.6028,0.0649,0.5185,0.8185,0.9556,0.8321,0.2961,-0.7875,-2.0573,-2.1279,-1.2595,-0.5331,-0.0989,0.1493,0.2934,0.3799,0.4348,0.4724,0.5001,0.5215,0.5384,0.5519,0.5626,0.571,0.5778,0.5832,-0.1637,-0.2472,-0.3327,-0.4069,-0.4757,-0.5953,-0.8194,-1.0827,-1.1082,-0.7488,-0.2108,0.3359,0.8034,1.1899,1.5013,1.5234,1.0595,0.3203,-0.3813,-0.6024,-0.3674,-0.0571,0.1697,0.3105,0.3931,0.4421,0.4744,0.4991,0.5199,0.5376,0.5522,0.564,0.5732,0.5804,0.586,0.5905,-0.1689,-0.2715,-0.3872,-0.4768,-0.4734,-0.4352,-0.4719,-0.5771,-0.7052,-0.6212,-0.0857,0.5492,1.0761,1.5353,2.1471,2.4157,1.6886,1.0433,0.609,0.3767,0.3273,0.3697,0.4248,0.4615,0.4788,0.4877,0.4984,0.5139,0.5318,0.5489,0.5632,0.5742,0.5825,0.5885,0.5931,0.5966,-0.1604,-0.2838,-0.4519,-0.6275,-0.5911,-0.3698,-0.2914,-0.4082,-0.9683,-1.2681,-0.1407,0.7522,1.349,1.761,2.2055,2.4849,1.8015,1.3335,1.068,0.8738,0.7401,0.663,0.6131,0.5664,0.5209,0.4915,0.4893,0.5075,0.5321,0.5542,0.5709,0.5824,0.5899,0.5949,0.5984,0.6012,-0.124,-0.2434,-0.4095,-0.5854,-0.5331,-0.2675,-0.1492,-0.1662,-0.4925,-0.699,0.2034,1.0227,1.6433,2.1576,2.08,1.8751,1.6111,1.4208,1.3087,1.1343,0.9705,0.8436,0.7296,0.6072,0.4866,0.4177,0.4262,0.4739,0.5211,0.5551,0.5764,0.5886,0.5953,0.5989,0.6014,0.6035,-0.0587,-0.1462,-0.2465,-0.3143,-0.2555,-0.12,-0.0631,-0.0726,-0.0587,0.1187,0.6615,1.2724,1.6899,2.3148,2.1618,1.7206,1.5146,1.4936,1.4692,1.2621,1.0956,0.9577,0.8007,0.5907,0.3484,0.2272,0.3007,0.4221,0.508,0.5569,0.5819,0.5934,0.5979,0.5996,0.6009,0.6026,0.0215,-0.0306,-0.0758,-0.0894,-0.0528,-0.0004,0.0101,-0.0182,0.0611,0.3715,0.8187,1.4265,1.6327,1.7642,1.6649,1.5397,1.4723,1.4441,1.4064,1.2781,1.1741,1.0602,0.8774,0.5863,0.1973,0.0125,0.1946,0.3981,0.5126,0.5671,0.5897,0.5962,0.5961,0.5949,0.5951,0.5974,0.1016,0.0746,0.0578,0.0605,0.0834,0.1115,0.1296,0.1579,0.2663,0.4525,0.638,0.9083,1.1586,1.0524,1.3247,1.4583,1.617,1.4147,1.3189,1.2886,1.2979,1.2209,1.0072,0.699,0.333,0.1526,0.2898,0.4575,0.5502,0.5892,0.5985,0.5938,0.5858,0.5809,0.5813,0.5861,0.1741,0.1626,0.1598,0.169,0.1896,0.217,0.2505,0.301,0.3718,0.3863,0.1855,0.403,0.644,0.9313,1.0756,1.3056,1.488,1.333,1.2724,1.3488,1.5601,1.4702,1.1569,0.8676,0.6263,0.501,0.5168,0.5744,0.6099,0.6167,0.6025,0.5789,0.559,0.5513,0.5557,0.567,0.2372,0.235,0.2399,0.2533,0.275,0.3042,0.3409,0.3841,0.4167,0.3779,0.2179,0.3712,0.3895,0.3713,0.7609,0.9788,1.1252,1.1801,1.2206,1.3355,1.5967,1.5033,1.1982,0.9604,0.7983,0.7127,0.6852,0.6782,0.6666,0.6388,0.5924,0.539,0.5024,0.497,0.5146,0.5399,0.2913,0.2949,0.3043,0.3202,0.3427,0.3711,0.4043,0.4378,0.4596,0.4531,0.436,0.45,0.3361,0.309,0.4994,0.599,0.8821,1.1303,1.2083,1.2648,1.3338,1.2861,1.1276,0.967,0.8521,0.7934,0.7684,0.744,0.7086,0.6513,0.5622,0.4591,0.3998,0.4116,0.4594,0.5086,0.3374,0.3447,0.3566,0.3737,0.3957,0.4221,0.451,0.4788,0.4998,0.5103,0.5146,0.5102,0.4751,0.416,0.1211,-0.0155,0.6537,1.1023,1.2621,1.388,1.3008,1.1783,1.0525,0.9362,0.8491,0.8052,0.7961,0.7785,0.7394,0.6631,0.5249,0.3475,0.2612,0.3142,0.4078,0.4841,0.3766,0.3861,0.3994,0.4167,0.4377,0.4617,0.4871,0.5116,0.5324,0.5476,0.5563,0.5543,0.5294,0.4402,0.1881,0.1334,0.6395,1.1041,1.5661,1.7355,1.3539,1.1166,0.9802,0.8944,0.8368,0.8046,0.7993,0.7948,0.7689,0.6944,0.5325,0.305,0.2007,0.2801,0.3959,0.4823,0.4101,0.4209,0.4347,0.4517,0.4714,0.4933,0.5161,0.5384,0.5584,0.5747,0.5858,0.5882,0.5749,0.533,0.4753,0.5267,0.7653,1.0713,1.3763,1.4545,1.2095,0.9759,0.8615,0.8327,0.8218,0.8106,0.8046,0.81,0.8122,0.7634,0.6266,0.4328,0.3281,0.364,0.4435,0.5103,0.4387,0.4501,0.4641,0.4804,0.4989,0.519,0.5399,0.5605,0.5797,0.5966,0.61,0.6184,0.6204,0.6182,0.6299,0.6941,0.8261,0.9887,1.1177,1.1205,0.9565,0.7292,0.6559,0.7381,0.7966,0.8106,0.801,0.8289,0.8991,0.8817,0.7665,0.618,0.5186,0.4996,0.5246,0.5581,0.4633,0.4749,0.4886,0.5043,0.5217,0.5403,0.5596,0.579,0.5976,0.6149,0.6304,0.6441,0.6569,0.6731,0.7024,0.7564,0.8354,0.9187,0.9684,0.939,0.7966,0.5761,0.5202,0.6699,0.7753,0.8175,0.8416,0.9277,1.0715,1.027,0.886,0.7515,0.6575,0.6126,0.6026,0.609,0.4844,0.496,0.5094,0.5244,0.5407,0.5581,0.5762,0.5945,0.6126,0.6302,0.6472,0.6641,0.6822,0.7045,0.735,0.7767,0.826,0.8702,0.8888,0.8594,0.7692,0.6509,0.6192,0.6972,0.7756,0.826,0.8779,0.9802,1.0946,1.052,0.9285,0.8166,0.7354,0.6859,0.6613,0.6522]}]