docs/data/wind_grid.json
[{"header":{"la1":42.85,"la2":41.18,"lo1":11.55,"lo2":14.05,"nx":36,"ny":24,"dx":0.07143,"dy":0.07261,"parameterCategory":2,"parameterNumber":2,"parameterNumberName":"eastward_wind","parameterUnit":"m.s-1"},"data":[-0.5879,-0.5979,-0.609,-0.6209,-0.6331,-0.6445,-0.6538,-0.6595,-0.6608,-0.6584,-0.6544,-0.6516,-0.6523,-0.658,-0.6691,-0.6845,-0.7022,-0.719,-0.7316,-0.7374,-0.7356,-0.727,-0.7136,-0.6977,-0.681,-0.6645,-0.6489,-0.6346,-0.6217,-0.61,-0.5996,-0.5902,-0.5819,-0.5744,-0.5676,-0.5616,-0.5908,-0.6026,-0.6162,-0.6316,-0.6482,-0.6648,-0.6787,-0.687,-0.6874,-0.6806,-0.6703,-0.6618,-0.6593,-0.6651,-0.6797,-0.7019,-0.7285,-0.7544,-0.7736,-0.7815,-0.777,-0.7625,-0.742,-0.7194,-0.6969,-0.6759,-0.6569,-0.6401,-0.6252,-0.6122,-0.6007,-0.5906,-0.5817,-0.5738,-0.5668,-0.5605,-0.5929,-0.6066,-0.6231,-0.643,-0.6662,-0.6913,-0.7143,-0.7287,-0.7285,-0.7135,-0.6914,-0.6725,-0.6641,-0.6694,-0.689,-0.7212,-0.762,-0.8033,-0.8338,-0.8442,-0.8334,-0.8078,-0.7757,-0.7431,-0.7132,-0.6868,-0.664,-0.6444,-0.6277,-0.6133,-0.6009,-0.5902,-0.5808,-0.5726,-0.5653,-0.5589,-0.5938,-0.6091,-0.6286,-0.6537,-0.6858,-0.7246,-0.7654,-0.7949,-0.7959,-0.765,-0.7199,-0.6824,-0.6644,-0.6685,-0.6946,-0.7413,-0.8046,-0.8728,-0.9238,-0.9365,-0.9108,-0.864,-0.8133,-0.7672,-0.7282,-0.6958,-0.6691,-0.647,-0.6286,-0.6132,-0.6,-0.5888,-0.5791,-0.5706,-0.5632,-0.5567,-0.5928,-0.6092,-0.631,-0.6609,-0.7031,-0.7618,-0.8354,-0.9013,-0.9116,-0.8469,-0.7557,-0.6874,-0.6559,-0.6587,-0.6927,-0.7579,-0.8545,-0.9698,-1.0599,-1.0725,-1.0126,-0.9281,-0.8505,-0.7881,-0.7395,-0.7015,-0.6714,-0.6473,-0.6277,-0.6115,-0.5979,-0.5864,-0.5765,-0.5679,-0.5605,-0.554,-0.5899,-0.6063,-0.6286,-0.6608,-0.7104,-0.7897,-0.9125,-1.0573,-1.1006,-0.9616,-0.7859,-0.6766,-0.6327,-0.6358,-0.678,-0.7619,-0.8979,-1.0841,-1.2453,-1.2499,-1.1236,-0.9846,-0.8774,-0.8003,-0.7441,-0.7022,-0.67,-0.6447,-0.6245,-0.608,-0.5943,-0.5828,-0.573,-0.5645,-0.5571,-0.5506,-0.585,-0.6002,-0.6207,-0.6504,-0.6981,-0.7826,-0.9388,-1.1793,-1.2836,-1.0303,-0.7645,-0.6323,-0.5885,-0.5968,-0.646,-0.741,-0.9005,-1.1425,-1.3779,-1.3702,-1.1791,-1.0029,-0.8812,-0.7984,-0.7398,-0.6968,-0.6642,-0.639,-0.619,-0.6028,-0.5895,-0.5782,-0.5686,-0.5602,-0.553,-0.5467,-0.5788,-0.592,-0.6087,-0.6312,-0.665,-0.7236,-0.8356,-1.0195,-1.0894,-0.8536,-0.6366,-0.5443,-0.5229,-0.542,-0.5965,-0.6922,-0.8408,-1.0506,-1.2505,-1.2567,-1.1091,-0.9637,-0.8573,-0.7814,-0.7262,-0.6851,-0.6541,-0.6302,-0.6113,-0.5961,-0.5834,-0.5727,-0.5634,-0.5553,-0.5482,-0.5421,-0.5722,-0.5834,-0.5963,-0.6107,-0.6263,-0.6427,-0.6591,-0.6621,-0.5992,-0.4836,-0.4305,-0.4301,-0.4447,-0.4746,-0.5337,-0.6309,-0.7622,-0.9079,-1.0219,-1.0439,-0.9824,-0.8962,-0.8175,-0.754,-0.7052,-0.6682,-0.6402,-0.6188,-0.6019,-0.5881,-0.5765,-0.5664,-0.5575,-0.5497,-0.5428,-0.5369,-0.566,-0.5764,-0.5876,-0.5983,-0.6047,-0.5966,-0.5496,-0.4135,-0.1661,-0.059,-0.2097,-0.3261,-0.3675,-0.3943,-0.4572,-0.5744,-0.727,-0.8687,-0.9505,-0.9578,-0.9121,-0.8446,-0.7779,-0.7221,-0.6791,-0.6472,-0.6236,-0.6057,-0.5915,-0.5796,-0.5691,-0.5596,-0.5511,-0.5434,-0.5366,-0.5309,-0.5604,-0.5713,-0.5841,-0.5983,-0.6121,-0.6176,-0.5852,-0.4007,0.1931,0.4695,-0.0577,-0.2741,-0.2986,-0.2857,-0.351,-0.525,-0.7688,-0.9988,-1.087,-1.0264,-0.9181,-0.8192,-0.7424,-0.6871,-0.649,-0.6231,-0.6053,-0.5921,-0.5813,-0.5714,-0.562,-0.5528,-0.5441,-0.5363,-0.5296,-0.524,-0.5548,-0.5671,-0.5832,-0.6055,-0.6382,-0.6885,-0.7615,-0.7761,-0.2865,0.1032,-0.18,-0.296,-0.2447,-0.115,-0.2001,-0.4872,-0.9138,-1.4153,-1.5074,-1.2161,-0.9568,-0.7947,-0.6992,-0.6444,-0.6138,-0.5969,-0.587,-0.5799,-0.5729,-0.5648,-0.5557,-0.546,-0.5366,-0.5282,-0.5212,-0.5158,-0.5483,-0.5614,-0.5801,-0.6087,-0.656,-0.7402,-0.8921,-1.086,-0.8781,-0.4637,-0.3602,-0.3702,-0.2996,-0.0627,-0.1448,-0.5204,-1.0894,-2.0929,-2.1062,-1.358,-0.9328,-0.7259,-0.629,-0.5875,-0.5731,-0.5707,-0.5719,-0.572,-0.5686,-0.5613,-0.551,-0.5393,-0.5279,-0.5183,-0.5109,-0.5058,-0.5397,-0.5523,-0.5706,-0.5989,-0.6448,-0.7212,-0.8399,-0.9643,-0.8461,-0.5314,-0.3976,-0.4367,-0.4457,-0.3003,-0.3698,-0.6839,-1.1017,-1.6347,-1.6782,-1.1253,-0.7463,-0.5727,-0.5182,-0.515,-0.5302,-0.5496,-0.5654,-0.5733,-0.572,-0.5627,-0.5481,-0.5317,-0.5166,-0.5049,-0.4972,-0.493,-0.529,-0.5394,-0.5542,-0.5758,-0.6074,-0.6513,-0.6998,-0.7099,-0.5974,-0.4043,-0.2999,-0.3518,-0.4037,-0.4804,-0.4998,-0.9912,-1.4727,-1.1465,-0.9682,-0.6739,-0.4037,-0.3282,-0.3736,-0.4372,-0.4956,-0.5439,-0.5767,-0.5909,-0.5874,-0.5706,-0.5463,-0.5207,-0.4993,-0.4852,-0.4782,-0.4764,-0.5165,-0.5237,-0.5332,-0.5454,-0.5601,-0.5734,-0.5731,-0.5331,-0.4239,-0.2359,0.0312,-0.3228,-0.3772,-0.4273,-0.5228,-0.8956,-1.233,-0.8617,-0.5613,-0.2995,-0.016,-0.0596,-0.2415,-0.3797,-0.4875,-0.5705,-0.6206,-0.6348,-0.6198,-0.5858,-0.5427,-0.5009,-0.4702,-0.4546,-0.4513,-0.4549,-0.5032,-0.5068,-0.5109,-0.5148,-0.5165,-0.5113,-0.4904,-0.4409,-0.3496,-0.2018,-0.0113,-0.2063,-0.3644,-0.3961,-0.4368,-0.5399,-0.5785,-0.378,-0.1736,-0.1012,0.047,-0.0078,-0.1973,-0.3699,-0.5276,-0.6544,-0.7188,-0.7173,-0.6736,-0.6071,-0.5312,-0.4628,-0.4201,-0.4076,-0.4146,-0.4287,-0.4899,-0.4904,-0.4901,-0.488,-0.4821,-0.4688,-0.4435,-0.4012,-0.3402,-0.2689,-0.2292,-0.2817,-0.3602,-0.3715,-0.3081,-0.2745,-0.2407,0.0177,0.2404,0.0777,-0.0062,-0.08,-0.2164,-0.4043,-0.6273,-0.8238,-0.8938,-0.8435,-0.7471,-0.6315,-0.505,-0.3953,-0.3406,-0.3427,-0.3707,-0.4009,-0.4774,-0.4755,-0.4721,-0.4664,-0.4569,-0.4415,-0.4183,-0.3865,-0.3486,-0.3136,-0.2978,-0.3078,-0.3187,-0.2781,-0.1121,-0.044,-0.0964,0.0931,0.257,0.2874,0.1261,-0.0422,-0.2099,-0.4385,-0.7488,-1.0512,-1.1132,-0.9788,-0.8261,-0.6586,-0.4711,-0.3094,-0.2479,-0.2773,-0.3324,-0.3792,-0.4662,-0.4625,-0.4572,-0.4497,-0.439,-0.4241,-0.4044,-0.3807,-0.3553,-0.333,-0.3184,-0.3092,-0.2902,-0.2311,-0.1114,-0.0638,-0.057,0.1215,0.4916,0.641,0.2744,0.0421,-0.143,-0.4066,-0.7709,-1.1035,-1.1639,-1.0519,-0.8962,-0.6968,-0.4694,-0.2765,-0.2123,-0.2551,-0.3207,-0.3728,-0.4563,-0.4515,-0.4452,-0.4369,-0.4261,-0.4125,-0.3959,-0.3772,-0.3578,-0.3397,-0.3234,-0.306,-0.2791,-0.2328,-0.1718,-0.123,-0.0562,0.0997,0.3372,0.4134,0.2568,0.1599,0.0447,-0.2499,-0.6707,-1.0339,-1.2422,-1.1769,-0.9709,-0.7476,-0.5261,-0.3502,-0.2802,-0.2989,-0.3445,-0.385,-0.4479,-0.4424,-0.4356,-0.4271,-0.4167,-0.4043,-0.39,-0.3742,-0.3578,-0.3411,-0.3239,-0.3038,-0.2772,-0.2409,-0.1969,-0.1466,-0.0768,0.0281,0.1445,0.2103,0.2671,0.4376,0.4602,0.0515,-0.5145,-1.0364,-1.3779,-1.2594,-0.9991,-0.778,-0.5934,-0.4554,-0.3847,-0.3725,-0.388,-0.409,-0.4407,-0.4348,-0.4278,-0.4195,-0.4096,-0.3982,-0.3854,-0.3715,-0.3566,-0.3408,-0.3235,-0.3033,-0.2784,-0.2474,-0.2097,-0.1638,-0.1049,-0.0307,0.0517,0.1459,0.3245,0.6622,0.7602,0.2792,-0.3271,-0.8183,-1.0888,-1.0691,-0.9151,-0.7573,-0.6241,-0.5232,-0.4612,-0.4343,-0.4295,-0.4346,-0.4346,-0.4286,-0.4216,-0.4135,-0.4042,-0.3936,-0.3819,-0.3691,-0.3553,-0.3402,-0.3234,-0.3041,-0.2811,-0.2536,-0.2205,-0.1806,-0.132,-0.0734,-0.0026,0.0951,0.2567,0.4703,0.5014,0.1938,-0.2291,-0.5809,-0.7865,-0.8338,-0.7825,-0.6991,-0.6167,-0.5485,-0.5003,-0.472,-0.4589,-0.4549]},{"header":{"la1":42.85,"la2":41.18,"lo1":11.55,"lo2":14.05,"nx":36,"ny":24,"dx":0.07143,"dy":0.07261,"parameterCategory":2,"parameterNumber":3,"parameterNumberName":"northward_wind","parameterUnit":"m.s-1"},"data":[-0.5765,-0.5663,-0.5537,-0.5388,-0.5222,-0.5054,-0.4902,-0.4784,-0.4714,-0.4684,-0.4676,-0.4659,-0.4612,-0.4522,-0.4389,-0.4221,-0.4038,-0.3864,-0.3722,-0.363,-0.3595,-0.3609,-0.3659,-0.3733,-0.382,-0.3913,-0.401,-0.4108,-0.4207,-0.4306,-0.4404,-0.4501,-0.4596,-0.4688,-0.4777,-0.486,-0.584,-0.5723,-0.5569,-0.5378,-0.5155,-0.4919,-0.4701,-0.4543,-0.4473,-0.4487,-0.4543,-0.4585,-0.4572,-0.4485,-0.4325,-0.4106,-0.3856,-0.3615,-0.3425,-0.3316,-0.3296,-0.3346,-0.344,-0.3554,-0.3676,-0.3798,-0.3918,-0.4036,-0.4152,-0.4266,-0.4379,-0.449,-0.4597,-0.4701,-0.4799,-0.4891,-0.5937,-0.5806,-0.5621,-0.5376,-0.5068,-0.4717,-0.4376,-0.413,-0.4057,-0.416,-0.4345,-0.45,-0.4549,-0.4472,-0.4274,-0.3978,-0.3624,-0.3273,-0.3004,-0.2877,-0.2898,-0.3019,-0.3185,-0.3359,-0.3526,-0.3681,-0.3827,-0.3966,-0.4101,-0.4233,-0.4361,-0.4487,-0.4608,-0.4724,-0.4833,-0.4934,-0.6065,-0.5925,-0.5712,-0.5404,-0.4979,-0.4441,-0.3859,-0.341,-0.3311,-0.36,-0.4054,-0.4415,-0.4567,-0.4504,-0.4254,-0.3849,-0.3331,-0.279,-0.2381,-0.2242,-0.2363,-0.2621,-0.2903,-0.3158,-0.3378,-0.3569,-0.3742,-0.3903,-0.4057,-0.4207,-0.4353,-0.4495,-0.4631,-0.4761,-0.4882,-0.4993,-0.6232,-0.6096,-0.5869,-0.5504,-0.4943,-0.4129,-0.3096,-0.2158,-0.194,-0.2656,-0.3667,-0.4379,-0.4667,-0.4613,-0.4294,-0.3746,-0.2987,-0.2118,-0.1446,-0.1317,-0.1673,-0.2176,-0.2623,-0.2973,-0.3246,-0.347,-0.3666,-0.3848,-0.4021,-0.4191,-0.4356,-0.4517,-0.4671,-0.4816,-0.4951,-0.5072,-0.6442,-0.6334,-0.6124,-0.5742,-0.5078,-0.3958,-0.2224,-0.0211,0.0421,-0.1277,-0.3341,-0.4517,-0.4915,-0.4833,-0.4431,-0.3736,-0.2694,-0.1327,-0.0173,-0.0118,-0.093,-0.1786,-0.2408,-0.2835,-0.3144,-0.3389,-0.3603,-0.3803,-0.3996,-0.4187,-0.4374,-0.4557,-0.4731,-0.4894,-0.5043,-0.5176,-0.6696,-0.6644,-0.6498,-0.6181,-0.5547,-0.4319,-0.2038,0.1361,0.2792,-0.0455,-0.365,-0.5042,-0.5367,-0.5181,-0.4692,-0.3907,-0.2698,-0.0934,0.0742,0.0695,-0.0563,-0.1647,-0.2333,-0.277,-0.3079,-0.3328,-0.3552,-0.3767,-0.3982,-0.4197,-0.4411,-0.4619,-0.4817,-0.5001,-0.5167,-0.5311,-0.6982,-0.7015,-0.6985,-0.683,-0.6431,-0.5549,-0.3768,-0.0955,0.0151,-0.2808,-0.5287,-0.6064,-0.6009,-0.5629,-0.5062,-0.4279,-0.3172,-0.1638,-0.0176,-0.01,-0.104,-0.1875,-0.2414,-0.277,-0.304,-0.3277,-0.3506,-0.3739,-0.398,-0.4225,-0.4471,-0.4711,-0.4939,-0.5146,-0.533,-0.5486,-0.7279,-0.7414,-0.7535,-0.7615,-0.7599,-0.7396,-0.6921,-0.6381,-0.6679,-0.7712,-0.7898,-0.7348,-0.6697,-0.6107,-0.5485,-0.4738,-0.3843,-0.2838,-0.1973,-0.17,-0.194,-0.2278,-0.2555,-0.2784,-0.2998,-0.322,-0.3458,-0.3714,-0.3988,-0.4273,-0.4561,-0.4842,-0.5106,-0.5343,-0.5546,-0.5713,-0.7556,-0.7795,-0.8075,-0.8401,-0.8778,-0.9217,-0.9784,-1.0785,-1.257,-1.3026,-1.0648,-0.8425,-0.7223,-0.6574,-0.5947,-0.5153,-0.4327,-0.3614,-0.306,-0.2708,-0.2561,-0.255,-0.2617,-0.2741,-0.2915,-0.3135,-0.3394,-0.3688,-0.4009,-0.4348,-0.4692,-0.5026,-0.5336,-0.5607,-0.5832,-0.6006,-0.7784,-0.8111,-0.8524,-0.9055,-0.9745,-1.0629,-1.1708,-1.3171,-1.6793,-1.8634,-1.2516,-0.8752,-0.7469,-0.7201,-0.6604,-0.5486,-0.4494,-0.3931,-0.355,-0.3128,-0.2767,-0.2559,-0.2506,-0.2582,-0.2756,-0.3003,-0.3306,-0.3656,-0.4043,-0.4456,-0.4877,-0.5284,-0.5653,-0.5966,-0.6211,-0.6387,-0.7938,-0.8323,-0.8822,-0.9484,-1.0376,-1.1559,-1.2968,-1.4056,-1.5171,-1.5831,-1.1202,-0.8044,-0.7476,-0.8631,-0.7754,-0.5585,-0.4259,-0.4223,-0.4103,-0.3313,-0.2633,-0.2264,-0.2165,-0.2267,-0.2499,-0.2813,-0.3188,-0.3617,-0.4096,-0.4612,-0.514,-0.5647,-0.6095,-0.6457,-0.6719,-0.6884,-0.8004,-0.8407,-0.8932,-0.9632,-1.0584,-1.1885,-1.3561,-1.5012,-1.4103,-1.1786,-0.8849,-0.6871,-0.6481,-0.8978,-0.7951,-0.4559,-0.3208,-0.5161,-0.5191,-0.3207,-0.2061,-0.1561,-0.1524,-0.1766,-0.2136,-0.2563,-0.3036,-0.3569,-0.4171,-0.4831,-0.5514,-0.6163,-0.6719,-0.7138,-0.7404,-0.7531,-0.7979,-0.8363,-0.8854,-0.9492,-1.0336,-1.1448,-1.2814,-1.3998,-1.3054,-0.9976,-0.7422,-0.6323,-0.5656,-0.0187,-0.3387,-0.1059,0.096,-0.2424,-0.3433,-0.1919,-0.0652,-0.0174,-0.0467,-0.1071,-0.1688,-0.2264,-0.2846,-0.35,-0.4266,-0.5134,-0.6048,-0.6911,-0.7617,-0.8095,-0.8334,-0.8375,-0.7876,-0.8211,-0.8623,-0.9129,-0.9746,-1.046,-1.1147,-1.1355,-1.0276,-0.8276,-0.6699,-0.539,-0.2938,0.0701,-0.1057,0.4895,1.2373,0.3536,-0.0161,0.0366,0.2251,0.2441,0.107,-0.0274,-0.1226,-0.1928,-0.2588,-0.3371,-0.4358,-0.5539,-0.6819,-0.8018,-0.8937,-0.9459,-0.9599,-0.9461,-0.7714,-0.7984,-0.8296,-0.8649,-0.9024,-0.9364,-0.9528,-0.9259,-0.8392,-0.7397,-0.7414,-0.5339,-0.427,-0.2358,-0.1322,0.3863,0.8968,0.3167,0.035,0.2335,0.741,0.6373,0.2577,0.0297,-0.0862,-0.1524,-0.2161,-0.3079,-0.4388,-0.6061,-0.7939,-0.9689,-1.0914,-1.1413,-1.1295,-1.082,-0.7516,-0.7718,-0.7934,-0.815,-0.8338,-0.844,-0.8365,-0.8023,-0.7447,-0.6989,-0.7162,-0.5909,-0.4822,-0.4442,-0.3012,-0.1038,0.018,-0.1249,-0.2084,0.1201,0.7927,0.6614,0.2419,0.0217,-0.0616,-0.0861,-0.1302,-0.2427,-0.4257,-0.6698,-0.9555,-1.223,-1.3871,-1.4145,-1.3465,-1.2411,-0.7303,-0.7444,-0.7579,-0.7693,-0.776,-0.774,-0.7589,-0.7287,-0.6883,-0.6504,-0.615,-0.5514,-0.4949,-0.4788,-0.4624,-0.4306,-0.3524,-0.4643,-0.6288,-0.2895,0.0944,0.1734,0.046,-0.0418,-0.0261,0.0538,0.0488,-0.1207,-0.3902,-0.7403,-1.1729,-1.5881,-1.8,-1.761,-1.5917,-1.4038,-0.7092,-0.7182,-0.7256,-0.7302,-0.7298,-0.7223,-0.7058,-0.6802,-0.6484,-0.6143,-0.578,-0.5383,-0.5104,-0.5257,-0.6723,-0.7373,-0.52,-0.5107,-0.5711,-0.4362,-0.2719,-0.1651,-0.1472,-0.1179,0.0228,0.2902,0.3404,0.0169,-0.3576,-0.8013,-1.3948,-1.9928,-2.24,-2.0896,-1.7979,-1.5285,-0.6891,-0.6942,-0.6974,-0.6975,-0.6934,-0.6837,-0.6678,-0.6459,-0.6198,-0.5913,-0.5623,-0.5366,-0.5254,-0.5547,-0.6609,-0.691,-0.5467,-0.4855,-0.4915,-0.4975,-0.4077,-0.3399,-0.3001,-0.2206,-0.0328,0.305,0.3747,-0.0515,-0.3914,-0.8219,-1.466,-2.1431,-2.4003,-2.1997,-1.8629,-1.5675,-0.6707,-0.673,-0.6733,-0.6707,-0.6647,-0.6544,-0.6397,-0.6209,-0.5992,-0.576,-0.5535,-0.5352,-0.5277,-0.5396,-0.5666,-0.5629,-0.5138,-0.4791,-0.4772,-0.477,-0.4654,-0.4829,-0.4743,-0.3799,-0.2419,-0.1844,-0.3646,-0.3953,-0.4828,-0.7908,-1.3108,-1.8618,-2.1084,-1.9982,-1.7475,-1.5045,-0.6542,-0.6545,-0.6528,-0.6487,-0.6418,-0.6317,-0.6183,-0.6022,-0.584,-0.565,-0.5469,-0.5321,-0.5233,-0.5219,-0.5227,-0.5136,-0.4936,-0.4781,-0.4772,-0.494,-0.557,-0.6876,-0.722,-0.5698,-0.4256,-0.4416,-0.5815,-0.5354,-0.5444,-0.7429,-1.0871,-1.4503,-1.6565,-1.6528,-1.5273,-1.3722,-0.6396,-0.6384,-0.6356,-0.6307,-0.6235,-0.6139,-0.6019,-0.5878,-0.5725,-0.5566,-0.5415,-0.5284,-0.5185,-0.5116,-0.5055,-0.4971,-0.4876,-0.4833,-0.4927,-0.5313,-0.6361,-0.8201,-0.8703,-0.6852,-0.5235,-0.4853,-0.5166,-0.527,-0.5699,-0.7058,-0.9197,-1.1449,-1.298,-1.3417,-1.3009,-1.22,-0.6268,-0.6247,-0.6211,-0.6158,-0.6087,-0.5997,-0.5889,-0.5767,-0.5635,-0.55,-0.537,-0.5252,-0.5152,-0.5069,-0.4996,-0.493,-0.4886,-0.4905,-0.5058,-0.5467,-0.63,-0.7394,-0.764,-0.6628,-0.5567,-0.5107,-0.5112,-0.5327,-0.5831,-0.6792,-0.814,-0.9554,-1.0636,-1.1158,-1.1156,-1.0812]}]