docs/data/wind_grid.json
[{"header":{"la1":42.85,"la2":41.18,"lo1":11.55,"lo2":14.05,"nx":36,"ny":24,"dx":0.07143,"dy":0.07261,"parameterCategory":2,"parameterNumber":2,"parameterNumberName":"eastward_wind","parameterUnit":"m.s-1"},"data":[-0.5736,-0.5784,-0.5811,-0.5816,-0.5801,-0.5765,-0.5706,-0.562,-0.5502,-0.5361,-0.5211,-0.5075,-0.4972,-0.4911,-0.4889,-0.4891,-0.4889,-0.4847,-0.4733,-0.4534,-0.4281,-0.4036,-0.3867,-0.3796,-0.3802,-0.3847,-0.3896,-0.3935,-0.3956,-0.3961,-0.3954,-0.3939,-0.3917,-0.3891,-0.3864,-0.3836,-0.5965,-0.6033,-0.6074,-0.6088,-0.6079,-0.6051,-0.5999,-0.591,-0.5767,-0.5574,-0.5361,-0.5168,-0.5029,-0.4961,-0.4962,-0.5011,-0.5064,-0.5055,-0.4914,-0.4599,-0.416,-0.3742,-0.3499,-0.3468,-0.3569,-0.3706,-0.3822,-0.3901,-0.3944,-0.396,-0.3957,-0.3941,-0.3918,-0.389,-0.3861,-0.3831,-0.6239,-0.6336,-0.6396,-0.6419,-0.6418,-0.6408,-0.6387,-0.6319,-0.6153,-0.5879,-0.5554,-0.5262,-0.5065,-0.4987,-0.5025,-0.5156,-0.5319,-0.5404,-0.5253,-0.4734,-0.3903,-0.3107,-0.2761,-0.2893,-0.3225,-0.3534,-0.3751,-0.388,-0.3944,-0.3967,-0.3964,-0.3946,-0.392,-0.3889,-0.3856,-0.3824,-0.657,-0.6712,-0.6799,-0.6828,-0.6827,-0.6845,-0.6905,-0.6933,-0.6769,-0.6348,-0.5812,-0.5348,-0.5056,-0.496,-0.5053,-0.5315,-0.5686,-0.6007,-0.595,-0.5112,-0.3419,-0.1714,-0.1283,-0.1967,-0.2799,-0.338,-0.3715,-0.3888,-0.3965,-0.3987,-0.3979,-0.3955,-0.3923,-0.3887,-0.3851,-0.3816,-0.6972,-0.7191,-0.7326,-0.7351,-0.7314,-0.7349,-0.7582,-0.791,-0.7847,-0.7112,-0.6143,-0.5389,-0.4963,-0.484,-0.4997,-0.5438,-0.6158,-0.7018,-0.7438,-0.6289,-0.2869,0.1064,0.1259,-0.0876,-0.2497,-0.3356,-0.3766,-0.3947,-0.4013,-0.402,-0.3999,-0.3965,-0.3925,-0.3884,-0.3843,-0.3804,-0.7454,-0.7816,-0.8057,-0.8075,-0.7907,-0.7849,-0.8329,-0.9426,-0.9788,-0.8261,-0.6447,-0.5296,-0.4728,-0.4575,-0.4784,-0.5408,-0.6582,-0.8432,-1.033,-0.9384,-0.3928,0.2903,0.264,-0.0801,-0.2747,-0.3596,-0.3941,-0.4063,-0.4086,-0.4064,-0.4023,-0.3975,-0.3925,-0.3877,-0.3832,-0.379,-0.7999,-0.8612,-0.9119,-0.9195,-0.8713,-0.824,-0.869,-1.0746,-1.1936,-0.9044,-0.6318,-0.4924,-0.4297,-0.4117,-0.4323,-0.5037,-0.6532,-0.9282,-1.3166,-1.2748,-0.7537,-0.2697,-0.1523,-0.2815,-0.3722,-0.4101,-0.4215,-0.4215,-0.4169,-0.4108,-0.4043,-0.398,-0.392,-0.3865,-0.3815,-0.377,-0.8515,-0.949,-1.0563,-1.0988,-0.9914,-0.8518,-0.8136,-0.9246,-0.9842,-0.7463,-0.5304,-0.4205,-0.3676,-0.3449,-0.3521,-0.4153,-0.5663,-0.8164,-1.0966,-1.1266,-1.0741,-0.9257,-0.6646,-0.5368,-0.4898,-0.4661,-0.4492,-0.4355,-0.4239,-0.414,-0.4053,-0.3976,-0.3907,-0.3847,-0.3793,-0.3745,-0.8831,-1.0074,-1.1736,-1.2859,-1.1044,-0.8679,-0.719,-0.6469,-0.5706,-0.4559,-0.376,-0.3307,-0.2967,-0.2619,-0.2243,-0.2545,-0.4243,-0.6517,-0.8647,-1.0906,-1.5048,-1.3921,-0.9398,-0.6857,-0.5644,-0.5021,-0.4663,-0.4433,-0.4271,-0.4147,-0.4045,-0.3959,-0.3885,-0.3819,-0.3762,-0.3713,-0.8829,-1.0028,-1.1388,-1.2088,-1.0954,-0.8638,-0.6443,-0.4598,-0.2591,-0.1641,-0.2217,-0.2491,-0.2334,-0.1851,-0.0423,0.0324,-0.2903,-0.5752,-0.7809,-1.0049,-1.3131,-1.2491,-0.9229,-0.6994,-0.5753,-0.5066,-0.4669,-0.4423,-0.4253,-0.4125,-0.4019,-0.3929,-0.385,-0.3782,-0.3723,-0.3672,-0.8554,-0.967,-1.1092,-1.2946,-1.2321,-0.8716,-0.6059,-0.3932,0.0033,0.1919,-0.1113,-0.1962,-0.1847,-0.1463,-0.0406,0.0429,-0.3383,-0.6626,-0.8302,-0.8917,-0.941,-0.9002,-0.7613,-0.628,-0.5373,-0.4835,-0.4527,-0.4334,-0.4193,-0.4078,-0.3977,-0.3886,-0.3804,-0.3732,-0.3672,-0.3621,-0.8057,-0.9057,-1.0524,-1.2465,-1.1702,-0.8064,-0.608,-0.54,-0.2498,-0.0172,-0.1461,-0.1775,-0.1449,-0.0835,-0.1079,-0.2711,-0.5834,-1.0607,-1.1932,-0.9626,-0.8023,-0.7053,-0.616,-0.536,-0.4784,-0.4463,-0.4308,-0.4207,-0.4115,-0.4021,-0.3926,-0.3833,-0.3745,-0.3669,-0.3606,-0.3557,-0.7366,-0.8056,-0.8865,-0.9399,-0.8574,-0.6835,-0.6207,-0.6999,-0.569,-0.2978,-0.1972,-0.1735,-0.1472,-0.0149,-0.0559,-0.3851,-0.7631,-1.8863,-1.9322,-1.082,-0.7288,-0.5783,-0.5016,-0.4545,-0.4249,-0.413,-0.4117,-0.4098,-0.4049,-0.3971,-0.3874,-0.3769,-0.367,-0.3585,-0.352,-0.3474,-0.6594,-0.6952,-0.7225,-0.718,-0.6608,-0.5872,-0.572,-0.6214,-0.5287,-0.2876,-0.1616,-0.1647,-0.1846,-0.2577,-0.2849,-0.4968,-0.7011,-1.2896,-1.4043,-0.8746,-0.5587,-0.4257,-0.3892,-0.3901,-0.3996,-0.4027,-0.4034,-0.4048,-0.4022,-0.3944,-0.3826,-0.3692,-0.3566,-0.3468,-0.3402,-0.3366,-0.5862,-0.5992,-0.6007,-0.5818,-0.5419,-0.4976,-0.4688,-0.4365,-0.3249,-0.1396,-0.0115,-0.0268,-0.0885,-0.0205,-0.3302,-0.5581,-1.2198,-0.8596,-0.7185,-0.4777,-0.2522,-0.1974,-0.2552,-0.3255,-0.3788,-0.3979,-0.4026,-0.4084,-0.407,-0.3959,-0.3781,-0.3582,-0.3408,-0.3291,-0.3234,-0.3221,-0.5227,-0.5224,-0.5123,-0.4895,-0.4547,-0.4129,-0.3648,-0.2933,-0.1663,0.044,0.3429,0.1926,0.0664,-0.0796,-0.2683,-0.6201,-0.9941,-0.6178,-0.3455,-0.122,0.1487,0.0896,-0.1154,-0.2549,-0.3448,-0.3938,-0.4203,-0.4321,-0.4256,-0.4036,-0.3722,-0.3393,-0.3138,-0.3007,-0.2986,-0.3027,-0.4696,-0.4618,-0.4461,-0.4212,-0.3869,-0.3435,-0.2875,-0.2089,-0.0916,0.0856,0.3049,0.1966,0.1153,0.0916,-0.0845,-0.2395,-0.3039,-0.1158,0.0934,0.12,0.2294,0.1599,-0.0486,-0.2164,-0.3487,-0.445,-0.4946,-0.4961,-0.466,-0.4184,-0.3604,-0.303,-0.2645,-0.254,-0.2629,-0.2781,-0.4259,-0.4137,-0.3951,-0.3692,-0.3352,-0.2924,-0.2382,-0.1684,-0.0798,0.0219,0.0984,0.104,0.1262,0.1453,0.1901,0.2176,0.1432,0.3884,0.7084,0.3909,0.2176,0.1089,-0.0413,-0.222,-0.4215,-0.6043,-0.6716,-0.6162,-0.5298,-0.4387,-0.3363,-0.2344,-0.177,-0.1824,-0.2168,-0.2509,-0.39,-0.3754,-0.3555,-0.3295,-0.297,-0.257,-0.2088,-0.1515,-0.087,-0.0225,0.0288,0.0656,0.1156,0.2433,0.7036,0.9099,0.4383,0.4955,0.682,0.6283,0.3903,0.1738,-0.0131,-0.2359,-0.5343,-0.8756,-0.9534,-0.7605,-0.5997,-0.4632,-0.3062,-0.1361,-0.0563,-0.0999,-0.1736,-0.2294,-0.3606,-0.3448,-0.3246,-0.2995,-0.2691,-0.233,-0.1913,-0.1444,-0.0944,-0.0448,0.0019,0.0514,0.1275,0.2956,0.6551,0.7757,0.4867,0.5065,0.8609,1.0292,0.5593,0.2706,0.0639,-0.1944,-0.5482,-0.9366,-1.0173,-0.8103,-0.6499,-0.4996,-0.3134,-0.0973,-0.0027,-0.0701,-0.162,-0.2251,-0.3366,-0.3205,-0.3007,-0.2769,-0.2489,-0.2167,-0.1806,-0.1412,-0.0996,-0.0571,-0.0127,0.0391,0.1123,0.2271,0.3694,0.4236,0.3914,0.4582,0.6698,0.7373,0.5256,0.3868,0.2519,-0.0383,-0.4261,-0.7515,-0.8982,-0.8359,-0.6912,-0.5566,-0.3928,-0.2074,-0.1119,-0.1379,-0.1968,-0.2429,-0.3171,-0.3011,-0.282,-0.2598,-0.2343,-0.2056,-0.174,-0.1399,-0.104,-0.0662,-0.0255,0.0215,0.08,0.1516,0.2225,0.2671,0.296,0.354,0.4393,0.4816,0.5106,0.6732,0.6925,0.2573,-0.2677,-0.6969,-0.9742,-0.869,-0.7213,-0.6328,-0.5028,-0.3587,-0.2657,-0.2426,-0.2551,-0.2741,-0.3012,-0.2857,-0.2676,-0.247,-0.2238,-0.1981,-0.1701,-0.1402,-0.1085,-0.075,-0.0389,0.0012,0.0466,0.0956,0.1426,0.182,0.2187,0.2643,0.32,0.3905,0.5541,0.9293,1.0506,0.4852,-0.1108,-0.5246,-0.7368,-0.7502,-0.7711,-0.7243,-0.5897,-0.4594,-0.3692,-0.3235,-0.3076,-0.3055,-0.2884,-0.2735,-0.2565,-0.2374,-0.2163,-0.1932,-0.1683,-0.1418,-0.1138,-0.0842,-0.0527,-0.019,0.017,0.0541,0.0901,0.1238,0.1577,0.1963,0.2454,0.3223,0.4712,0.6963,0.7273,0.3771,-0.0503,-0.372,-0.5668,-0.6848,-0.7759,-0.7335,-0.6103,-0.4986,-0.4188,-0.3695,-0.3425,-0.3293]},{"header":{"la1":42.85,"la2":41.18,"lo1":11.55,"lo2":14.05,"nx":36,"ny":24,"dx":0.07143,"dy":0.07261,"parameterCategory":2,"parameterNumber":3,"parameterNumberName":"northward_wind","parameterUnit":"m.s-1"},"data":[-0.6999,-0.697,-0.6926,-0.6864,-0.6786,-0.6693,-0.6592,-0.6488,-0.6385,-0.6277,-0.6157,-0.6013,-0.5838,-0.5628,-0.5389,-0.513,-0.4869,-0.4628,-0.443,-0.4291,-0.4214,-0.419,-0.4207,-0.4256,-0.4328,-0.4417,-0.4516,-0.4622,-0.4731,-0.484,-0.4947,-0.5051,-0.5151,-0.5247,-0.5338,-0.5423,-0.7091,-0.7066,-0.702,-0.6951,-0.6857,-0.6742,-0.6618,-0.6499,-0.6394,-0.6298,-0.6192,-0.6055,-0.5871,-0.5634,-0.5349,-0.5027,-0.4693,-0.4384,-0.4141,-0.399,-0.3931,-0.3939,-0.3988,-0.4065,-0.4163,-0.4278,-0.4402,-0.4531,-0.466,-0.4787,-0.491,-0.5028,-0.5141,-0.5247,-0.5347,-0.5439,-0.7194,-0.7176,-0.7131,-0.7051,-0.6932,-0.6779,-0.6609,-0.6456,-0.6349,-0.6284,-0.6221,-0.6111,-0.5929,-0.5666,-0.5324,-0.4917,-0.4475,-0.4059,-0.3749,-0.3603,-0.3605,-0.3683,-0.3777,-0.388,-0.4002,-0.4142,-0.4292,-0.4446,-0.4597,-0.4743,-0.4883,-0.5016,-0.5141,-0.5258,-0.5367,-0.5468,-0.731,-0.7305,-0.7265,-0.7175,-0.7021,-0.6798,-0.653,-0.6291,-0.6174,-0.6189,-0.6229,-0.6189,-0.6026,-0.574,-0.5333,-0.4812,-0.4204,-0.3598,-0.3169,-0.3071,-0.3261,-0.3504,-0.3641,-0.3732,-0.3856,-0.4016,-0.4193,-0.4373,-0.4547,-0.4713,-0.487,-0.5017,-0.5155,-0.5284,-0.5402,-0.551,-0.7438,-0.7457,-0.7435,-0.7343,-0.7146,-0.6813,-0.6343,-0.5868,-0.5697,-0.5922,-0.6209,-0.6305,-0.6184,-0.5882,-0.5412,-0.4754,-0.3894,-0.292,-0.2193,-0.2221,-0.293,-0.3594,-0.3695,-0.3646,-0.3731,-0.3906,-0.4111,-0.4317,-0.4514,-0.47,-0.4874,-0.5036,-0.5187,-0.5326,-0.5454,-0.5569,-0.7574,-0.7635,-0.7656,-0.7585,-0.7357,-0.6892,-0.6075,-0.499,-0.4585,-0.5394,-0.621,-0.6507,-0.6431,-0.6125,-0.5614,-0.4832,-0.3657,-0.2016,-0.0427,-0.059,-0.2356,-0.3771,-0.3779,-0.3541,-0.3608,-0.3813,-0.4051,-0.4285,-0.4505,-0.471,-0.49,-0.5076,-0.524,-0.539,-0.5526,-0.5649,-0.7703,-0.7831,-0.7944,-0.7938,-0.7705,-0.7178,-0.6086,-0.4113,-0.3162,-0.5046,-0.6478,-0.6879,-0.6793,-0.6494,-0.6009,-0.5196,-0.3809,-0.1533,0.1375,0.1181,-0.1336,-0.2748,-0.316,-0.3244,-0.3458,-0.374,-0.4023,-0.4286,-0.4526,-0.4747,-0.4951,-0.5141,-0.5317,-0.5479,-0.5624,-0.5753,-0.7792,-0.8005,-0.83,-0.8443,-0.8157,-0.7706,-0.6946,-0.5485,-0.4802,-0.6334,-0.7359,-0.7474,-0.7257,-0.6999,-0.668,-0.5999,-0.4632,-0.2538,-0.033,-0.0124,-0.0689,-0.1243,-0.2189,-0.285,-0.3323,-0.3711,-0.4042,-0.4329,-0.4583,-0.4816,-0.5033,-0.5236,-0.5426,-0.5599,-0.5754,-0.5888,-0.779,-0.8032,-0.8558,-0.9033,-0.842,-0.8174,-0.8258,-0.8254,-0.8506,-0.8958,-0.8781,-0.8206,-0.7737,-0.7598,-0.779,-0.7497,-0.5955,-0.4026,-0.2382,-0.109,0.0702,0.0259,-0.1546,-0.2643,-0.3304,-0.3769,-0.4128,-0.4424,-0.4682,-0.4921,-0.5148,-0.5366,-0.5571,-0.5757,-0.5922,-0.6061,-0.7672,-0.774,-0.7949,-0.8117,-0.7624,-0.8296,-0.943,-1.0593,-1.2032,-1.2348,-1.0511,-0.8869,-0.8074,-0.8083,-0.9512,-1.038,-0.7266,-0.4904,-0.3357,-0.1876,-0.0231,-0.0441,-0.1809,-0.2806,-0.3473,-0.395,-0.4304,-0.4581,-0.4826,-0.5063,-0.5301,-0.5537,-0.5761,-0.5965,-0.614,-0.6282,-0.7525,-0.7304,-0.6617,-0.492,-0.5372,-0.8257,-1.0564,-1.2339,-1.535,-1.6936,-1.1919,-0.9149,-0.8183,-0.8107,-0.9271,-1.0403,-0.6902,-0.4852,-0.3783,-0.2883,-0.2128,-0.2045,-0.2567,-0.3227,-0.3828,-0.4289,-0.4593,-0.4807,-0.5011,-0.524,-0.5494,-0.5758,-0.6012,-0.6237,-0.6423,-0.6565,-0.7483,-0.7192,-0.6423,-0.5069,-0.5723,-0.9085,-1.2036,-1.371,-1.4418,-1.4705,-1.1143,-0.8888,-0.8239,-0.8658,-0.779,-0.6345,-0.4869,-0.4196,-0.3886,-0.3309,-0.2856,-0.2765,-0.3071,-0.3671,-0.4371,-0.4866,-0.5038,-0.5099,-0.5225,-0.5446,-0.5733,-0.6046,-0.6345,-0.6601,-0.6798,-0.6931,-0.7575,-0.7442,-0.7184,-0.7066,-0.8031,-1.0368,-1.3167,-1.5091,-1.433,-1.1903,-0.9735,-0.8648,-0.8215,-0.8887,-0.7335,-0.3508,-0.2537,-0.4283,-0.4412,-0.3233,-0.2743,-0.2707,-0.3133,-0.4022,-0.5194,-0.5856,-0.566,-0.5407,-0.543,-0.5671,-0.6031,-0.643,-0.6801,-0.7098,-0.73,-0.7408,-0.7714,-0.7756,-0.7859,-0.8214,-0.9119,-1.0667,-1.2616,-1.4373,-1.3434,-1.0592,-0.8837,-0.8901,-0.8908,-0.6775,-0.3626,0.1849,0.1259,-0.1949,-0.308,-0.2414,-0.1865,-0.1887,-0.2662,-0.4068,-0.5975,-0.6915,-0.6146,-0.5577,-0.5574,-0.5913,-0.6422,-0.697,-0.7453,-0.7799,-0.7985,-0.8034,-0.7816,-0.7953,-0.818,-0.8586,-0.9252,-1.0161,-1.1111,-1.1572,-1.0729,-0.9062,-0.7924,-0.7518,-0.6639,-0.5078,-0.2042,0.3484,0.7612,0.1475,-0.1149,-0.0938,0.0433,0.0274,-0.1467,-0.3426,-0.5337,-0.6259,-0.5777,-0.5426,-0.5621,-0.6196,-0.6973,-0.7776,-0.8429,-0.8819,-0.8937,-0.8854,-0.7848,-0.8009,-0.8237,-0.856,-0.8981,-0.944,-0.977,-0.9696,-0.9016,-0.7971,-0.715,-0.6996,-0.6787,-0.569,-0.3129,0.1378,0.5045,0.0876,-0.1122,0.0619,0.5819,0.4447,0.0094,-0.2467,-0.3946,-0.4652,-0.4782,-0.4977,-0.5579,-0.6567,-0.7803,-0.904,-0.9954,-1.0343,-1.0261,-0.991,-0.7819,-0.7964,-0.8147,-0.8368,-0.8607,-0.8806,-0.8865,-0.8675,-0.8207,-0.7603,-0.7156,-0.7218,-0.839,-0.8718,-0.5312,-0.2802,-0.1645,-0.2673,-0.3347,-0.041,0.6523,0.4866,0.0194,-0.2079,-0.2998,-0.3287,-0.3549,-0.4241,-0.5428,-0.7061,-0.9067,-1.1084,-1.2405,-1.2623,-1.2049,-1.1195,-0.7746,-0.7862,-0.7993,-0.8131,-0.8253,-0.832,-0.8284,-0.8111,-0.7819,-0.7509,-0.7338,-0.7546,-0.8835,-0.9043,-0.7135,-0.6182,-0.5071,-0.5864,-0.7435,-0.4343,-0.0837,-0.0173,-0.1485,-0.2361,-0.2274,-0.1527,-0.1531,-0.3017,-0.5129,-0.7659,-1.086,-1.4288,-1.623,-1.5819,-1.4218,-1.2572,-0.7649,-0.7734,-0.7821,-0.79,-0.7953,-0.796,-0.7898,-0.7761,-0.7575,-0.7399,-0.7315,-0.742,-0.7731,-0.7948,-0.9263,-1.001,-0.7034,-0.6631,-0.7273,-0.6519,-0.4675,-0.343,-0.3167,-0.2877,-0.1553,0.129,0.1889,-0.1575,-0.4889,-0.8232,-1.2775,-1.8273,-2.0989,-1.9242,-1.6183,-1.3679,-0.7542,-0.7601,-0.7654,-0.7694,-0.7709,-0.7688,-0.7623,-0.7516,-0.7387,-0.7268,-0.7201,-0.7221,-0.7352,-0.7749,-0.8987,-0.9342,-0.7435,-0.6862,-0.7967,-0.8601,-0.6381,-0.5075,-0.445,-0.3664,-0.1899,0.1636,0.244,-0.2081,-0.529,-0.8548,-1.3392,-1.9869,-2.2963,-2.0483,-1.6828,-1.4044,-0.7434,-0.7472,-0.7502,-0.7516,-0.751,-0.7477,-0.7415,-0.7328,-0.7229,-0.7136,-0.7072,-0.7058,-0.7123,-0.733,-0.766,-0.7603,-0.7038,-0.6844,-0.7361,-0.7512,-0.663,-0.6124,-0.5764,-0.491,-0.369,-0.2954,-0.4258,-0.4912,-0.6355,-0.8643,-1.2091,-1.676,-1.9377,-1.819,-1.5691,-1.3511,-0.7331,-0.7353,-0.7366,-0.7365,-0.7347,-0.7309,-0.7251,-0.7177,-0.7095,-0.7015,-0.6951,-0.6916,-0.6921,-0.6968,-0.7006,-0.6914,-0.6715,-0.663,-0.6726,-0.6771,-0.6846,-0.7448,-0.7587,-0.6377,-0.526,-0.5199,-0.5944,-0.6213,-0.7861,-0.9095,-1.0612,-1.299,-1.4745,-1.4769,-1.3706,-1.243,-0.7236,-0.7246,-0.7247,-0.7236,-0.7212,-0.7172,-0.7118,-0.7052,-0.698,-0.6908,-0.6844,-0.6794,-0.676,-0.6736,-0.6698,-0.6619,-0.6523,-0.6476,-0.6515,-0.6669,-0.7184,-0.8387,-0.8769,-0.7293,-0.6161,-0.5962,-0.6396,-0.7942,-1.0322,-1.014,-1.0025,-1.0907,-1.1874,-1.2205,-1.1897,-1.1274,-0.7148,-0.715,-0.7143,-0.7126,-0.7098,-0.7059,-0.7008,-0.6948,-0.6883,-0.6817,-0.6753,-0.6696,-0.6644,-0.6594,-0.6539,-0.6475,-0.6418,-0.6397,-0.6449,-0.6635,-0.7084,-0.7778,-0.7931,-0.7194,-0.657,-0.6549,-0.7222,-0.8905,-1.065,-1.0314,-0.9767,-0.9936,-1.037,-1.0628,-1.0578,-1.0296]}]