docs/data/wind_grid.json
[{"header":{"la1":42.85,"la2":41.18,"lo1":11.55,"lo2":14.05,"nx":36,"ny":24,"dx":0.07143,"dy":0.07261,"parameterCategory":2,"parameterNumber":2,"parameterNumberName":"eastward_wind","parameterUnit":"m.s-1"},"data":[-0.4806,-0.4921,-0.5039,-0.5157,-0.5268,-0.5362,-0.5419,-0.5423,-0.5361,-0.524,-0.5084,-0.4925,-0.4797,-0.472,-0.4703,-0.4739,-0.4811,-0.4888,-0.4936,-0.4928,-0.4851,-0.4714,-0.4538,-0.4343,-0.4148,-0.3963,-0.3795,-0.3647,-0.3517,-0.3404,-0.3308,-0.3225,-0.3155,-0.3094,-0.3042,-0.2998,-0.4938,-0.5078,-0.5228,-0.5388,-0.5551,-0.5704,-0.5817,-0.5851,-0.5776,-0.5595,-0.5352,-0.5109,-0.492,-0.4818,-0.4814,-0.49,-0.5049,-0.5212,-0.5325,-0.5337,-0.5232,-0.5032,-0.478,-0.4514,-0.426,-0.4031,-0.3831,-0.366,-0.3515,-0.3393,-0.329,-0.3204,-0.3132,-0.3071,-0.302,-0.2976,-0.5075,-0.5242,-0.5429,-0.564,-0.5879,-0.6131,-0.6352,-0.6463,-0.6381,-0.6097,-0.57,-0.5312,-0.5026,-0.4887,-0.4906,-0.5073,-0.5354,-0.5671,-0.5904,-0.5946,-0.5773,-0.5451,-0.5073,-0.4703,-0.4371,-0.4089,-0.3853,-0.3659,-0.35,-0.337,-0.3263,-0.3175,-0.3103,-0.3043,-0.2993,-0.2951,-0.5213,-0.5408,-0.5632,-0.5902,-0.6238,-0.6648,-0.7082,-0.7382,-0.7324,-0.6847,-0.6157,-0.5523,-0.5092,-0.4902,-0.4955,-0.5244,-0.5743,-0.6346,-0.6815,-0.6893,-0.6554,-0.5994,-0.5408,-0.489,-0.4464,-0.4123,-0.3852,-0.3638,-0.3468,-0.3333,-0.3225,-0.3138,-0.3068,-0.301,-0.2963,-0.2924,-0.5353,-0.5573,-0.5827,-0.6147,-0.6589,-0.7219,-0.8045,-0.8809,-0.8888,-0.7996,-0.6729,-0.5696,-0.5069,-0.4824,-0.4922,-0.537,-0.62,-0.7334,-0.8299,-0.8402,-0.765,-0.6636,-0.5738,-0.5038,-0.4512,-0.4116,-0.3817,-0.359,-0.3415,-0.328,-0.3174,-0.3092,-0.3026,-0.2973,-0.293,-0.2895,-0.5498,-0.574,-0.6011,-0.6351,-0.6853,-0.7696,-0.9102,-1.0885,-1.143,-0.959,-0.7267,-0.571,-0.4892,-0.4611,-0.476,-0.536,-0.6578,-0.8566,-1.0552,-1.0594,-0.8931,-0.7209,-0.5951,-0.5085,-0.4481,-0.4052,-0.374,-0.3511,-0.334,-0.3211,-0.3113,-0.3037,-0.2979,-0.2932,-0.2895,-0.2865,-0.5657,-0.5927,-0.6205,-0.6515,-0.6962,-0.7812,-0.9567,-1.2547,-1.392,-1.0633,-0.724,-0.537,-0.4498,-0.4246,-0.4449,-0.5112,-0.6509,-0.9178,-1.2366,-1.2251,-0.9577,-0.7336,-0.5896,-0.4969,-0.4348,-0.3919,-0.3616,-0.3399,-0.3242,-0.3127,-0.3041,-0.2977,-0.2928,-0.289,-0.286,-0.2835,-0.5841,-0.6168,-0.6475,-0.6728,-0.6978,-0.7465,-0.8638,-1.0762,-1.1614,-0.8866,-0.6137,-0.46,-0.3885,-0.3758,-0.4064,-0.4682,-0.5804,-0.7926,-1.0479,-1.0568,-0.8575,-0.6758,-0.5513,-0.4678,-0.411,-0.3718,-0.3448,-0.3259,-0.3126,-0.3032,-0.2964,-0.2914,-0.2877,-0.2848,-0.2826,-0.2808,-0.6049,-0.6495,-0.6928,-0.72,-0.7189,-0.7083,-0.7192,-0.7423,-0.7044,-0.58,-0.4545,-0.3602,-0.3103,-0.3212,-0.3868,-0.4488,-0.5064,-0.6161,-0.7354,-0.7604,-0.6842,-0.582,-0.4936,-0.4268,-0.3792,-0.3466,-0.3247,-0.31,-0.3,-0.2932,-0.2885,-0.2852,-0.2828,-0.281,-0.2796,-0.2784,-0.6241,-0.6877,-0.7624,-0.8198,-0.7979,-0.7161,-0.6481,-0.5719,-0.4534,-0.3704,-0.3297,-0.2618,-0.2123,-0.2481,-0.4282,-0.5284,-0.4867,-0.5487,-0.616,-0.6234,-0.5756,-0.5043,-0.4356,-0.3814,-0.3434,-0.3188,-0.3033,-0.2936,-0.2874,-0.2835,-0.2811,-0.2796,-0.2786,-0.2779,-0.2773,-0.2767,-0.6322,-0.7127,-0.8262,-0.9481,-0.9213,-0.7563,-0.6635,-0.5674,-0.3299,-0.2246,-0.2604,-0.1703,-0.0765,-0.0716,-0.3224,-0.5103,-0.4804,-0.6208,-0.7014,-0.649,-0.5483,-0.4548,-0.3836,-0.3357,-0.3073,-0.292,-0.2837,-0.2789,-0.2763,-0.2751,-0.2749,-0.2752,-0.2757,-0.276,-0.2761,-0.2759,-0.6199,-0.6988,-0.8092,-0.9253,-0.8964,-0.7593,-0.75,-0.7753,-0.5279,-0.313,-0.2343,-0.0839,0.0776,0.2425,0.1005,-0.213,-0.5277,-0.9884,-1.0934,-0.8065,-0.5596,-0.4111,-0.3295,-0.2903,-0.2763,-0.2729,-0.2705,-0.2684,-0.2679,-0.269,-0.2708,-0.2728,-0.2744,-0.2755,-0.2761,-0.2763,-0.5872,-0.6466,-0.7157,-0.7668,-0.7515,-0.7295,-0.823,-0.993,-0.8228,-0.452,-0.1989,-0.0106,0.125,0.3413,0.249,-0.118,-0.6413,-1.7373,-1.7576,-0.9378,-0.5198,-0.333,-0.2596,-0.2464,-0.2618,-0.2734,-0.2691,-0.2634,-0.263,-0.2658,-0.2695,-0.2728,-0.2754,-0.277,-0.2778,-0.2779,-0.5435,-0.5817,-0.6184,-0.6412,-0.6468,-0.6709,-0.7576,-0.8724,-0.7544,-0.411,-0.1574,0.0362,0.1058,0.2614,0.101,-0.1556,-0.5109,-1.1718,-1.261,-0.6902,-0.3287,-0.181,-0.1596,-0.201,-0.2655,-0.293,-0.2741,-0.2611,-0.2612,-0.2662,-0.2718,-0.2762,-0.2791,-0.2807,-0.2812,-0.281,-0.4977,-0.5205,-0.54,-0.5526,-0.5611,-0.5782,-0.6082,-0.6097,-0.4919,-0.2897,-0.1482,-0.0692,0.0395,0.1019,0.0183,-0.2528,-0.4611,-0.4743,-0.4643,-0.2253,0.0199,0.0697,-0.0176,-0.1302,-0.2303,-0.2714,-0.2615,-0.257,-0.2631,-0.2718,-0.2788,-0.2834,-0.2858,-0.2866,-0.2863,-0.2853,-0.4543,-0.4669,-0.4761,-0.4807,-0.4815,-0.4795,-0.4677,-0.4231,-0.3242,-0.1998,-0.1209,-0.231,-0.1327,0.0017,-0.0295,-0.1954,-0.3443,-0.2027,-0.0574,0.1518,0.4491,0.3806,0.135,-0.0413,-0.1564,-0.2163,-0.2412,-0.2583,-0.2736,-0.285,-0.2917,-0.2945,-0.2949,-0.2941,-0.2926,-0.2907,-0.4148,-0.4201,-0.422,-0.4195,-0.4116,-0.3963,-0.3677,-0.3173,-0.244,-0.1671,-0.1209,-0.1437,-0.103,-0.0633,0.0069,0.0101,0.0099,0.1391,0.2776,0.3385,0.5207,0.4426,0.1962,0.0095,-0.1195,-0.2012,-0.2493,-0.2793,-0.2984,-0.3082,-0.3101,-0.3073,-0.3037,-0.301,-0.2988,-0.2963,-0.3794,-0.3794,-0.3759,-0.368,-0.3542,-0.3327,-0.3005,-0.2561,-0.2027,-0.1523,-0.1174,-0.091,-0.0644,-0.0246,0.1865,0.3002,0.2857,0.4589,0.6434,0.4899,0.4131,0.3299,0.1779,0.01,-0.1381,-0.2402,-0.2919,-0.3228,-0.3409,-0.3424,-0.3312,-0.3159,-0.3063,-0.3039,-0.3033,-0.3015,-0.3481,-0.3442,-0.337,-0.3254,-0.3085,-0.285,-0.254,-0.2157,-0.173,-0.1307,-0.0907,-0.0462,0.0182,0.1733,0.6022,0.7669,0.4743,0.5335,0.6628,0.6879,0.5179,0.3417,0.1774,-0.0048,-0.1879,-0.2976,-0.3238,-0.3801,-0.4057,-0.3897,-0.3522,-0.3126,-0.2959,-0.3002,-0.3057,-0.3061,-0.3207,-0.3141,-0.3043,-0.2906,-0.2723,-0.2488,-0.2198,-0.1857,-0.1478,-0.1074,-0.0628,-0.0061,0.0833,0.2593,0.5726,0.6762,0.5041,0.5659,0.8979,1.0474,0.6539,0.4054,0.2237,0.0085,-0.2276,-0.34,-0.3558,-0.5078,-0.514,-0.4577,-0.3832,-0.3122,-0.2874,-0.2992,-0.3099,-0.3116,-0.2968,-0.2883,-0.277,-0.2622,-0.2435,-0.2206,-0.1934,-0.1621,-0.1269,-0.0875,-0.0416,0.0172,0.1006,0.2223,0.3624,0.4285,0.4355,0.5285,0.735,0.7999,0.6175,0.4946,0.3711,0.105,-0.2495,-0.5902,-0.9355,-0.8629,-0.6666,-0.5478,-0.4458,-0.3569,-0.3175,-0.3173,-0.3211,-0.3193,-0.2761,-0.2664,-0.2542,-0.239,-0.2205,-0.1984,-0.1728,-0.1436,-0.1105,-0.073,-0.0291,0.0245,0.0918,0.1723,0.2522,0.3108,0.3595,0.4335,0.525,0.5695,0.597,0.7378,0.7492,0.3423,-0.1985,-0.7569,-1.2504,-1.0351,-0.7521,-0.6422,-0.5317,-0.4319,-0.3734,-0.3494,-0.338,-0.3286,-0.2583,-0.248,-0.2353,-0.22,-0.2019,-0.1809,-0.1568,-0.1295,-0.0987,-0.0639,-0.024,0.0223,0.0757,0.1339,0.1912,0.2427,0.2926,0.3492,0.411,0.4813,0.63,0.955,1.0569,0.5402,-0.07,-0.5621,-0.8467,-0.8146,-0.7792,-0.7309,-0.6041,-0.4915,-0.4189,-0.3778,-0.3535,-0.3367,-0.2431,-0.2324,-0.2196,-0.2046,-0.1872,-0.1672,-0.1446,-0.1193,-0.0909,-0.0593,-0.0239,0.0156,0.0588,0.1043,0.1496,0.1934,0.2371,0.2837,0.3375,0.4132,0.5502,0.7491,0.7707,0.4341,-0.0078,-0.3687,-0.592,-0.7025,-0.779,-0.7374,-0.6174,-0.5116,-0.4388,-0.3922,-0.362,-0.3409]},{"header":{"la1":42.85,"la2":41.18,"lo1":11.55,"lo2":14.05,"nx":36,"ny":24,"dx":0.07143,"dy":0.07261,"parameterCategory":2,"parameterNumber":3,"parameterNumberName":"northward_wind","parameterUnit":"m.s-1"},"data":[-0.2686,-0.2652,-0.2614,-0.257,-0.2523,-0.2477,-0.2442,-0.2427,-0.244,-0.2476,-0.2524,-0.2563,-0.2579,-0.2561,-0.2506,-0.2421,-0.2316,-0.2208,-0.2116,-0.2056,-0.2032,-0.2041,-0.2072,-0.2117,-0.2167,-0.2218,-0.2269,-0.2317,-0.2365,-0.2412,-0.2457,-0.2502,-0.2547,-0.259,-0.2631,-0.2671,-0.2654,-0.2613,-0.2564,-0.2504,-0.2433,-0.2358,-0.2293,-0.2261,-0.2282,-0.2352,-0.2448,-0.2533,-0.2578,-0.2568,-0.2499,-0.238,-0.2226,-0.2067,-0.1935,-0.1859,-0.1844,-0.1879,-0.1942,-0.2016,-0.209,-0.2159,-0.2223,-0.2282,-0.2338,-0.2392,-0.2445,-0.2496,-0.2546,-0.2594,-0.2641,-0.2685,-0.2614,-0.2565,-0.2505,-0.2425,-0.232,-0.2191,-0.2063,-0.1985,-0.201,-0.2144,-0.2332,-0.2498,-0.2593,-0.2598,-0.251,-0.2339,-0.2107,-0.1857,-0.1657,-0.156,-0.1576,-0.1666,-0.1785,-0.1903,-0.2009,-0.21,-0.2179,-0.2249,-0.2314,-0.2375,-0.2435,-0.2493,-0.2549,-0.2604,-0.2656,-0.2705,-0.2564,-0.2508,-0.2438,-0.2338,-0.2187,-0.197,-0.171,-0.1511,-0.1521,-0.1782,-0.2153,-0.2466,-0.2642,-0.267,-0.2556,-0.231,-0.1948,-0.1535,-0.1204,-0.1087,-0.1186,-0.1391,-0.1606,-0.1787,-0.1931,-0.2046,-0.2139,-0.222,-0.2293,-0.2362,-0.2429,-0.2494,-0.2558,-0.2619,-0.2678,-0.2732,-0.2495,-0.2432,-0.2358,-0.225,-0.2058,-0.1716,-0.1199,-0.0681,-0.0602,-0.1152,-0.1907,-0.2468,-0.2754,-0.2808,-0.2666,-0.2324,-0.1764,-0.1045,-0.0442,-0.0318,-0.0636,-0.1067,-0.1426,-0.1685,-0.1868,-0.2003,-0.2108,-0.2197,-0.2277,-0.2353,-0.2428,-0.2501,-0.2573,-0.2643,-0.2709,-0.2769,-0.2396,-0.232,-0.225,-0.2162,-0.1975,-0.1525,-0.0608,0.0656,0.1064,-0.0192,-0.169,-0.2583,-0.2971,-0.3045,-0.2881,-0.245,-0.1646,-0.0416,0.0754,0.0821,0.001,-0.0777,-0.13,-0.1624,-0.1832,-0.1977,-0.2087,-0.2181,-0.2266,-0.2349,-0.2432,-0.2515,-0.2597,-0.2676,-0.2751,-0.2819,-0.2245,-0.2133,-0.206,-0.203,-0.1961,-0.1591,-0.0439,0.179,0.2844,0.0415,-0.1885,-0.2946,-0.333,-0.3399,-0.3247,-0.2796,-0.1841,-0.014,0.1744,0.1696,0.0331,-0.0707,-0.1295,-0.1627,-0.1831,-0.197,-0.2077,-0.2171,-0.2261,-0.2351,-0.2444,-0.2538,-0.2632,-0.2723,-0.2808,-0.2884,-0.2023,-0.1812,-0.1669,-0.1696,-0.1901,-0.1996,-0.1408,0.0209,0.0926,-0.1174,-0.2937,-0.3614,-0.3811,-0.3861,-0.3804,-0.3454,-0.2564,-0.1021,0.0635,0.0762,-0.0203,-0.0981,-0.1432,-0.1693,-0.1858,-0.1978,-0.2076,-0.2167,-0.2259,-0.2357,-0.2462,-0.2572,-0.2682,-0.2788,-0.2885,-0.297,-0.1729,-0.1301,-0.0883,-0.0788,-0.1378,-0.2383,-0.3045,-0.3194,-0.3558,-0.4315,-0.4569,-0.4424,-0.4303,-0.4373,-0.4608,-0.4511,-0.3621,-0.2392,-0.1345,-0.0965,-0.1143,-0.1423,-0.1635,-0.1785,-0.1899,-0.1994,-0.2079,-0.2165,-0.226,-0.2369,-0.249,-0.262,-0.2752,-0.2877,-0.2989,-0.3084,-0.1433,-0.0654,0.0422,0.1272,0.0356,-0.2265,-0.4477,-0.5945,-0.7305,-0.7651,-0.6271,-0.5094,-0.4652,-0.4789,-0.5665,-0.6135,-0.4549,-0.3223,-0.2421,-0.1978,-0.1796,-0.1762,-0.1794,-0.1858,-0.1935,-0.2014,-0.2088,-0.2167,-0.2263,-0.2384,-0.2529,-0.2689,-0.285,-0.3001,-0.3131,-0.3237,-0.1292,-0.0214,0.1664,0.4084,0.3253,-0.1993,-0.5872,-0.7917,-1.0163,-1.1251,-0.7468,-0.5316,-0.4786,-0.4986,-0.5652,-0.6193,-0.4471,-0.3378,-0.2831,-0.2404,-0.2082,-0.1903,-0.1848,-0.1885,-0.197,-0.2054,-0.2114,-0.2173,-0.2265,-0.2404,-0.2584,-0.2787,-0.2991,-0.3176,-0.3328,-0.3442,-0.1461,-0.0458,0.1293,0.3521,0.2415,-0.3364,-0.7848,-0.9872,-0.9915,-0.971,-0.6764,-0.4872,-0.4764,-0.5835,-0.5329,-0.4341,-0.3523,-0.3371,-0.3238,-0.2614,-0.211,-0.1846,-0.1782,-0.1874,-0.2047,-0.2172,-0.219,-0.219,-0.2261,-0.2426,-0.2662,-0.2932,-0.3198,-0.3428,-0.3604,-0.3721,-0.1907,-0.1323,-0.0554,-0.0168,-0.1788,-0.5544,-0.9327,-1.1844,-1.0476,-0.7675,-0.5314,-0.3995,-0.39,-0.6115,-0.5331,-0.3047,-0.2367,-0.4125,-0.4174,-0.2626,-0.1869,-0.1571,-0.1579,-0.1838,-0.2256,-0.2487,-0.2357,-0.2204,-0.2235,-0.2448,-0.2779,-0.3157,-0.3514,-0.3802,-0.3998,-0.4103,-0.2435,-0.226,-0.2211,-0.2648,-0.4026,-0.6261,-0.8697,-1.0515,-0.9496,-0.6327,-0.4143,-0.3477,-0.3062,0.1078,-0.1712,-0.0224,0.1058,-0.1851,-0.279,-0.1856,-0.1198,-0.0972,-0.117,-0.1696,-0.2503,-0.2917,-0.25,-0.213,-0.2146,-0.2468,-0.2968,-0.3519,-0.4011,-0.4367,-0.4565,-0.4625,-0.2878,-0.2934,-0.3157,-0.3694,-0.464,-0.5879,-0.706,-0.7564,-0.6548,-0.447,-0.29,-0.2199,-0.0834,0.1775,0.0132,0.4548,1.0675,0.2933,-0.0478,-0.0665,0.0139,0.0212,-0.0451,-0.1215,-0.2064,-0.2512,-0.2114,-0.1777,-0.1932,-0.2496,-0.3293,-0.4129,-0.4817,-0.5239,-0.5387,-0.5333,-0.3177,-0.3319,-0.3581,-0.4007,-0.4584,-0.5198,-0.5613,-0.5489,-0.456,-0.2994,-0.1456,-0.1179,-0.1293,-0.0772,-0.0256,0.3618,0.7673,0.2349,-0.061,0.0026,0.2662,0.2144,0.0392,-0.0481,-0.0917,-0.1073,-0.0929,-0.0969,-0.1527,-0.2557,-0.387,-0.5182,-0.6156,-0.6596,-0.6567,-0.6266,-0.3347,-0.3497,-0.3717,-0.4006,-0.4328,-0.4594,-0.4664,-0.4382,-0.3672,-0.2616,-0.1598,-0.176,-0.305,-0.3635,-0.2039,-0.0655,-0.0108,-0.2169,-0.3651,-0.1253,0.2897,0.2306,0.0578,0.014,0.0425,0.0922,0.1063,0.0439,-0.0871,-0.269,-0.4868,-0.7,-0.8386,-0.8674,-0.8187,-0.7418,-0.3424,-0.3552,-0.3713,-0.3893,-0.406,-0.4153,-0.4101,-0.3844,-0.3385,-0.2834,-0.2464,-0.2657,-0.3719,-0.4085,-0.381,-0.3825,-0.3662,-0.6491,-0.9873,-0.4623,-0.0903,0.0071,0.0089,0.0652,0.2118,0.4016,0.4414,0.2606,0.0017,-0.2922,-0.6412,-0.9951,-1.1905,-1.1594,-1.0157,-0.8653,-0.3443,-0.3541,-0.3651,-0.3757,-0.3836,-0.3853,-0.3774,-0.3585,-0.3311,-0.3036,-0.2897,-0.3036,-0.3469,-0.4163,-0.6268,-0.7177,-0.5086,-0.6189,-0.7559,-0.3838,-0.2187,-0.115,-0.0318,0.1068,0.3927,0.8445,0.939,0.4937,0.0758,-0.3186,-0.8122,-1.3652,-1.6242,-1.4689,-1.1923,-0.9629,-0.3429,-0.35,-0.3571,-0.3631,-0.3664,-0.3651,-0.358,-0.3451,-0.3291,-0.3153,-0.3108,-0.3226,-0.3575,-0.4372,-0.6027,-0.6531,-0.492,-0.4097,-0.2231,-0.1222,-0.1958,-0.1514,-0.065,0.0924,0.4,0.911,1.0221,0.4625,0.0602,-0.3275,-0.8574,-1.5103,-1.8023,-1.5784,-1.2461,-0.9906,-0.3397,-0.3447,-0.3492,-0.3524,-0.3534,-0.3513,-0.3456,-0.3371,-0.3278,-0.3208,-0.3204,-0.3307,-0.3566,-0.4039,-0.4627,-0.4714,-0.4109,-0.3338,-0.2346,-0.1878,-0.1993,-0.1797,-0.1238,0.0026,0.2038,0.3592,0.2526,0.1615,-0.039,-0.319,-0.7083,-1.2008,-1.4657,-1.3611,-1.1328,-0.9329,-0.3358,-0.3392,-0.342,-0.3436,-0.3435,-0.3413,-0.3371,-0.3314,-0.3258,-0.3221,-0.3228,-0.3301,-0.3454,-0.3673,-0.3859,-0.3832,-0.3534,-0.3086,-0.2617,-0.2316,-0.2237,-0.2349,-0.2246,-0.1162,0.0318,0.1069,0.0911,0.0315,-0.1914,-0.3482,-0.5376,-0.8111,-1.0085,-1.0263,-0.9354,-0.8221,-0.3317,-0.334,-0.3356,-0.3363,-0.3357,-0.3337,-0.3305,-0.3266,-0.3229,-0.3207,-0.321,-0.325,-0.3323,-0.3407,-0.345,-0.3386,-0.3197,-0.2925,-0.2642,-0.2434,-0.2414,-0.2744,-0.2876,-0.1906,-0.0729,-0.0091,-0.0193,-0.1888,-0.4376,-0.4334,-0.4605,-0.5876,-0.7135,-0.7672,-0.7525,-0.7038,-0.3278,-0.3292,-0.3301,-0.3302,-0.3293,-0.3276,-0.3251,-0.3221,-0.3194,-0.3175,-0.3171,-0.3183,-0.3206,-0.3224,-0.3209,-0.3134,-0.2994,-0.2806,-0.2609,-0.2454,-0.2414,-0.2529,-0.2494,-0.196,-0.1325,-0.1071,-0.1539,-0.3118,-0.4706,-0.4499,-0.4325,-0.4859,-0.5584,-0.6062,-0.6182,-0.6038]}]