docs/data/wind_grid.json
[{"header":{"la1":42.85,"la2":41.18,"lo1":11.55,"lo2":14.05,"nx":36,"ny":24,"dx":0.07143,"dy":0.07261,"parameterCategory":2,"parameterNumber":2,"parameterNumberName":"eastward_wind","parameterUnit":"m.s-1"},"data":[-0.7173,-0.7218,-0.7263,-0.7304,-0.7338,-0.7355,-0.7339,-0.7273,-0.7146,-0.696,-0.6731,-0.6486,-0.6253,-0.6048,-0.5883,-0.5758,-0.5672,-0.5619,-0.5591,-0.5582,-0.5587,-0.56,-0.5616,-0.5631,-0.5644,-0.5654,-0.566,-0.5663,-0.5664,-0.5663,-0.5661,-0.5658,-0.5655,-0.5652,-0.5649,-0.5646,-0.7291,-0.7354,-0.7421,-0.7493,-0.7566,-0.7628,-0.7656,-0.7613,-0.747,-0.7224,-0.6908,-0.6572,-0.6259,-0.5998,-0.5797,-0.5655,-0.5565,-0.5517,-0.5499,-0.5504,-0.5523,-0.555,-0.5578,-0.5603,-0.5622,-0.5635,-0.5643,-0.5646,-0.5647,-0.5645,-0.5643,-0.564,-0.5636,-0.5633,-0.5629,-0.5627,-0.742,-0.7503,-0.7595,-0.7705,-0.7835,-0.7977,-0.8095,-0.8118,-0.7967,-0.7626,-0.7162,-0.6678,-0.6251,-0.5913,-0.5671,-0.5516,-0.5429,-0.5393,-0.5391,-0.5414,-0.5453,-0.5499,-0.5542,-0.5578,-0.5603,-0.5619,-0.5627,-0.563,-0.5629,-0.5627,-0.5624,-0.562,-0.5616,-0.5612,-0.5608,-0.5605,-0.7559,-0.7662,-0.7781,-0.7932,-0.8136,-0.8407,-0.8708,-0.8901,-0.8776,-0.8259,-0.7522,-0.6796,-0.6204,-0.5772,-0.5488,-0.5328,-0.5259,-0.5248,-0.5267,-0.5311,-0.5376,-0.5448,-0.5512,-0.556,-0.559,-0.5606,-0.5613,-0.5613,-0.5611,-0.5607,-0.5602,-0.5597,-0.5593,-0.5588,-0.5584,-0.5581,-0.7714,-0.7837,-0.7976,-0.8157,-0.8437,-0.8887,-0.9531,-1.0149,-1.0159,-0.9269,-0.7995,-0.6882,-0.6075,-0.5537,-0.5217,-0.5073,-0.5053,-0.5092,-0.5135,-0.5196,-0.5295,-0.5405,-0.5495,-0.5553,-0.5585,-0.5598,-0.5599,-0.5596,-0.559,-0.5584,-0.5578,-0.5572,-0.5567,-0.5562,-0.5557,-0.5554,-0.7892,-0.8038,-0.8187,-0.837,-0.8677,-0.9289,-1.0442,-1.2006,-1.2474,-1.0707,-0.8438,-0.6817,-0.5792,-0.5156,-0.4807,-0.4709,-0.4803,-0.4952,-0.5021,-0.5075,-0.5221,-0.5386,-0.5502,-0.5565,-0.5589,-0.5592,-0.5584,-0.5573,-0.5564,-0.5555,-0.5548,-0.5542,-0.5537,-0.5531,-0.5527,-0.5523,-0.8107,-0.8293,-0.8455,-0.8598,-0.8814,-0.9377,-1.0817,-1.3512,-1.4798,-1.1638,-0.8335,-0.6413,-0.5286,-0.4565,-0.4161,-0.4129,-0.4439,-0.4834,-0.4972,-0.4998,-0.5208,-0.5426,-0.5552,-0.5599,-0.5601,-0.5583,-0.556,-0.5542,-0.5528,-0.5519,-0.5513,-0.5507,-0.5502,-0.5496,-0.5491,-0.5487,-0.8374,-0.8649,-0.8872,-0.8968,-0.8949,-0.9077,-0.9885,-1.1749,-1.2522,-0.9801,-0.715,-0.5601,-0.4566,-0.371,-0.3083,-0.3058,-0.3752,-0.4599,-0.4995,-0.5124,-0.5372,-0.5577,-0.5658,-0.5653,-0.561,-0.5559,-0.5518,-0.5492,-0.5479,-0.5473,-0.547,-0.5466,-0.5461,-0.5456,-0.545,-0.5446,-0.8689,-0.9144,-0.9584,-0.9769,-0.9443,-0.8815,-0.84,-0.8239,-0.7615,-0.6347,-0.5368,-0.4631,-0.3787,-0.2617,-0.1169,-0.084,-0.2475,-0.4254,-0.5199,-0.5582,-0.5788,-0.5859,-0.5814,-0.5708,-0.5592,-0.5498,-0.5438,-0.5412,-0.5408,-0.5413,-0.5417,-0.5418,-0.5414,-0.5408,-0.5401,-0.5396,-0.8991,-0.9727,-1.0664,-1.1393,-1.0834,-0.9101,-0.7521,-0.5988,-0.3975,-0.301,-0.3692,-0.386,-0.3226,-0.1701,0.1857,0.362,-0.0967,-0.445,-0.6041,-0.65,-0.6463,-0.6246,-0.5979,-0.572,-0.5505,-0.5361,-0.5294,-0.5288,-0.5311,-0.5339,-0.5357,-0.5363,-0.536,-0.5351,-0.5342,-0.5336,-0.9152,-1.0126,-1.165,-1.3458,-1.2937,-0.9671,-0.737,-0.5384,-0.1156,0.0834,-0.2608,-0.3529,-0.3014,-0.1837,0.1351,0.3643,-0.2089,-0.6484,-0.8286,-0.814,-0.7379,-0.6651,-0.6072,-0.5619,-0.5281,-0.5086,-0.5045,-0.5103,-0.5188,-0.5255,-0.5293,-0.5303,-0.5296,-0.5282,-0.5269,-0.5261,-0.9049,-0.9979,-1.1422,-1.3093,-1.2469,-0.9339,-0.77,-0.7138,-0.4031,-0.1589,-0.3337,-0.371,-0.2905,-0.1718,-0.1774,-0.2642,-0.6341,-1.1812,-1.318,-1.0589,-0.8308,-0.6884,-0.5984,-0.5334,-0.4833,-0.4581,-0.464,-0.4853,-0.5051,-0.5177,-0.5232,-0.5239,-0.5219,-0.5193,-0.5173,-0.5165,-0.87,-0.9333,-1.0107,-1.0616,-0.9926,-0.8461,-0.7979,-0.8907,-0.7361,-0.519,-0.4543,-0.4272,-0.3407,-0.1439,-0.2068,-0.4918,-0.9774,-1.9659,-1.9832,-1.244,-0.8536,-0.6637,-0.5623,-0.4873,-0.4127,-0.3761,-0.4079,-0.459,-0.495,-0.5131,-0.5185,-0.5167,-0.5119,-0.5073,-0.5044,-0.5038,-0.825,-0.8582,-0.8861,-0.8871,-0.8432,-0.7848,-0.7677,-0.7828,-0.7271,-0.5905,-0.5118,-0.4811,-0.4517,-0.2371,-0.3934,-0.7073,-1.0948,-1.5639,-1.5932,-1.0729,-0.7202,-0.5571,-0.4959,-0.445,-0.3534,-0.2989,-0.3666,-0.4495,-0.4969,-0.5151,-0.5156,-0.5074,-0.4972,-0.4894,-0.4859,-0.4864,-0.7823,-0.7966,-0.8028,-0.7934,-0.7673,-0.7378,-0.7195,-0.7031,-0.6563,-0.5923,-0.5544,-0.5237,-0.4531,-0.4032,-0.5363,-1.0596,-1.5566,-1.1942,-0.9977,-0.6956,-0.4034,-0.3318,-0.394,-0.4267,-0.385,-0.3462,-0.4059,-0.4807,-0.519,-0.5254,-0.5126,-0.492,-0.473,-0.4615,-0.4587,-0.4627,-0.747,-0.7516,-0.7497,-0.7393,-0.7213,-0.7006,-0.6803,-0.6565,-0.6244,-0.5968,-0.595,-0.6,-0.5767,-0.5458,-0.6502,-1.0149,-1.3379,-0.988,-0.6921,-0.3558,0.0927,0.0097,-0.279,-0.424,-0.4678,-0.4816,-0.5181,-0.5541,-0.5617,-0.5418,-0.5042,-0.4623,-0.4303,-0.4162,-0.4187,-0.4308,-0.7195,-0.7193,-0.7147,-0.705,-0.6909,-0.6743,-0.6563,-0.6365,-0.6168,-0.6037,-0.6024,-0.6169,-0.7231,-0.7809,-0.7044,-0.7748,-0.8048,-0.6346,-0.442,-0.2498,0.1636,0.0543,-0.2723,-0.4589,-0.5629,-0.6285,-0.6626,-0.6577,-0.62,-0.5588,-0.4816,-0.4046,-0.3544,-0.3441,-0.3622,-0.3907,-0.6984,-0.6961,-0.6906,-0.6819,-0.6705,-0.6572,-0.6431,-0.6291,-0.6177,-0.6124,-0.6184,-0.6522,-0.7636,-0.794,-0.7043,-0.6812,-0.6088,-0.3631,-0.1513,-0.2853,-0.2298,-0.2476,-0.3917,-0.5436,-0.6886,-0.8169,-0.8553,-0.7889,-0.6871,-0.5714,-0.4364,-0.3022,-0.2287,-0.2395,-0.2919,-0.347,-0.6822,-0.679,-0.6735,-0.666,-0.6567,-0.6464,-0.636,-0.6266,-0.6202,-0.6194,-0.6279,-0.6515,-0.6871,-0.6966,-0.692,-0.6926,-0.584,-0.3789,-0.2563,-0.3839,-0.4038,-0.4274,-0.5071,-0.635,-0.8191,-1.0452,-1.0929,-0.9187,-0.7462,-0.5791,-0.3801,-0.1671,-0.0694,-0.1264,-0.228,-0.3122,-0.6697,-0.6662,-0.6612,-0.6548,-0.6473,-0.6394,-0.6318,-0.6255,-0.6218,-0.6224,-0.6286,-0.6408,-0.6547,-0.6635,-0.6762,-0.6727,-0.5885,-0.4861,-0.4719,-0.4909,-0.479,-0.5103,-0.5761,-0.686,-0.8629,-1.0934,-1.1414,-0.9515,-0.7712,-0.588,-0.366,-0.1131,-0.0031,-0.0861,-0.2085,-0.3025,-0.66,-0.6565,-0.652,-0.6467,-0.6407,-0.6346,-0.6289,-0.6244,-0.622,-0.6223,-0.6257,-0.6315,-0.6375,-0.6414,-0.6412,-0.6249,-0.5798,-0.5273,-0.5008,-0.5005,-0.52,-0.5594,-0.6088,-0.6898,-0.823,-0.9628,-1.0264,-0.9461,-0.7579,-0.5871,-0.4169,-0.2271,-0.1277,-0.1661,-0.2501,-0.3238,-0.6523,-0.649,-0.6451,-0.6406,-0.6357,-0.6309,-0.6265,-0.6231,-0.6211,-0.6207,-0.622,-0.6241,-0.6256,-0.6248,-0.619,-0.6038,-0.5782,-0.5506,-0.534,-0.5365,-0.5605,-0.5935,-0.6141,-0.6656,-0.7755,-0.9225,-1.073,-0.9372,-0.6458,-0.5241,-0.4553,-0.3619,-0.2929,-0.2878,-0.322,-0.3643,-0.6461,-0.6431,-0.6397,-0.6358,-0.6318,-0.6279,-0.6244,-0.6215,-0.6196,-0.6186,-0.6183,-0.6182,-0.6173,-0.6143,-0.6077,-0.5963,-0.5812,-0.5667,-0.5594,-0.5649,-0.5846,-0.6053,-0.6086,-0.6426,-0.7224,-0.8141,-0.8509,-0.6582,-0.3749,-0.3956,-0.444,-0.4277,-0.3943,-0.3799,-0.3879,-0.4073,-0.641,-0.6384,-0.6353,-0.6321,-0.6287,-0.6254,-0.6224,-0.6198,-0.6178,-0.6163,-0.6152,-0.6138,-0.6118,-0.6082,-0.6024,-0.5944,-0.5853,-0.5777,-0.5751,-0.5803,-0.5929,-0.6056,-0.6141,-0.6374,-0.6786,-0.7087,-0.6742,-0.5107,-0.3372,-0.3705,-0.4384,-0.455,-0.4457,-0.4363,-0.436,-0.4437]},{"header":{"la1":42.85,"la2":41.18,"lo1":11.55,"lo2":14.05,"nx":36,"ny":24,"dx":0.07143,"dy":0.07261,"parameterCategory":2,"parameterNumber":3,"parameterNumberName":"northward_wind","parameterUnit":"m.s-1"},"data":[-0.6862,-0.6853,-0.6835,-0.6805,-0.6764,-0.6712,-0.6654,-0.6594,-0.6533,-0.6465,-0.6378,-0.6257,-0.609,-0.5873,-0.5608,-0.5307,-0.4992,-0.4693,-0.4444,-0.4271,-0.418,-0.4161,-0.4192,-0.425,-0.4322,-0.4397,-0.4471,-0.4543,-0.4613,-0.4681,-0.4747,-0.4813,-0.4877,-0.4939,-0.4999,-0.5057,-0.6907,-0.69,-0.6881,-0.6847,-0.6796,-0.673,-0.6656,-0.6588,-0.6534,-0.6489,-0.6427,-0.6322,-0.615,-0.5901,-0.5577,-0.5189,-0.4768,-0.4363,-0.4036,-0.3834,-0.3766,-0.3802,-0.3898,-0.4016,-0.4136,-0.4247,-0.4348,-0.4441,-0.4528,-0.461,-0.4689,-0.4765,-0.484,-0.4911,-0.498,-0.5046,-0.6947,-0.6942,-0.6923,-0.6884,-0.6816,-0.6719,-0.6606,-0.6511,-0.6466,-0.6468,-0.6467,-0.6403,-0.6239,-0.5959,-0.5561,-0.5052,-0.4466,-0.3884,-0.3425,-0.319,-0.3188,-0.3338,-0.3548,-0.3756,-0.394,-0.4094,-0.4226,-0.434,-0.4444,-0.4541,-0.4633,-0.4722,-0.4807,-0.489,-0.4968,-0.5042,-0.6978,-0.6976,-0.696,-0.6917,-0.6825,-0.667,-0.6466,-0.6289,-0.6244,-0.6348,-0.6481,-0.651,-0.6377,-0.607,-0.5585,-0.4913,-0.4071,-0.317,-0.2463,-0.2198,-0.2369,-0.2752,-0.3152,-0.3487,-0.3747,-0.3949,-0.4109,-0.4244,-0.4364,-0.4476,-0.4581,-0.4683,-0.4781,-0.4875,-0.4964,-0.5047,-0.6993,-0.6994,-0.6987,-0.6949,-0.6837,-0.6595,-0.6197,-0.578,-0.5682,-0.6028,-0.646,-0.6665,-0.6589,-0.6265,-0.5695,-0.4829,-0.3605,-0.2118,-0.0894,-0.0631,-0.124,-0.207,-0.2755,-0.3242,-0.3579,-0.382,-0.4004,-0.4156,-0.429,-0.4415,-0.4535,-0.4652,-0.4764,-0.4871,-0.4971,-0.5064,-0.6978,-0.6979,-0.6985,-0.6977,-0.6884,-0.6566,-0.5847,-0.4822,-0.4475,-0.5429,-0.6472,-0.6928,-0.6909,-0.6577,-0.5956,-0.4928,-0.3254,-0.0803,0.1501,0.1637,0.0063,-0.1458,-0.246,-0.3072,-0.3458,-0.3718,-0.3913,-0.4075,-0.4221,-0.436,-0.4496,-0.4629,-0.4757,-0.4879,-0.4993,-0.5097,-0.6915,-0.6895,-0.6908,-0.6961,-0.6982,-0.6745,-0.5825,-0.3948,-0.305,-0.5067,-0.6824,-0.7408,-0.7364,-0.7026,-0.6435,-0.5396,-0.3487,-0.0192,0.3446,0.3352,0.0722,-0.1274,-0.2395,-0.302,-0.3394,-0.3644,-0.3834,-0.4,-0.4156,-0.431,-0.4464,-0.4617,-0.4765,-0.4905,-0.5033,-0.5149,-0.6783,-0.6688,-0.6649,-0.676,-0.7031,-0.7217,-0.6799,-0.5419,-0.4787,-0.6619,-0.7956,-0.8172,-0.793,-0.759,-0.7165,-0.6349,-0.4662,-0.1779,0.1346,0.1583,-0.0258,-0.1741,-0.2593,-0.3075,-0.3373,-0.3583,-0.3758,-0.3923,-0.4091,-0.4264,-0.4442,-0.4619,-0.4792,-0.4953,-0.5099,-0.5227,-0.658,-0.6306,-0.6036,-0.6041,-0.6656,-0.7677,-0.844,-0.8763,-0.9259,-0.9936,-0.9792,-0.9106,-0.8491,-0.8184,-0.8173,-0.7812,-0.6328,-0.42,-0.2305,-0.1615,-0.1964,-0.2498,-0.2895,-0.3161,-0.3353,-0.3513,-0.3669,-0.3837,-0.4021,-0.4221,-0.4431,-0.4642,-0.4845,-0.5033,-0.5199,-0.534,-0.636,-0.5791,-0.4952,-0.4284,-0.5169,-0.7655,-0.9924,-1.174,-1.3732,-1.4222,-1.1989,-0.993,-0.8864,-0.8614,-0.9431,-0.9928,-0.768,-0.5549,-0.4128,-0.3345,-0.3056,-0.3024,-0.3086,-0.3178,-0.3284,-0.3405,-0.3552,-0.3731,-0.3943,-0.4183,-0.4437,-0.4694,-0.4938,-0.5158,-0.5346,-0.5499,-0.6256,-0.5433,-0.3898,-0.1831,-0.2593,-0.7434,-1.1256,-1.3777,-1.7728,-1.9684,-1.3699,-1.0228,-0.8925,-0.8638,-0.9332,-0.9995,-0.7536,-0.5581,-0.4481,-0.3815,-0.3384,-0.3145,-0.3056,-0.3069,-0.314,-0.3247,-0.3396,-0.36,-0.3857,-0.4154,-0.4472,-0.479,-0.5087,-0.5347,-0.5559,-0.5721,-0.6394,-0.5639,-0.4217,-0.2325,-0.3343,-0.8663,-1.296,-1.5081,-1.6209,-1.6895,-1.2603,-0.9783,-0.88,-0.8769,-0.8434,-0.7587,-0.6064,-0.4703,-0.4112,-0.3649,-0.3191,-0.2888,-0.2785,-0.2832,-0.2939,-0.3055,-0.321,-0.3447,-0.3767,-0.4145,-0.4552,-0.4955,-0.5323,-0.563,-0.5865,-0.6027,-0.6748,-0.6352,-0.5788,-0.5542,-0.7071,-1.0577,-1.4168,-1.68,-1.5219,-1.3061,-1.0648,-0.9234,-0.8721,-0.8882,-0.8361,-0.6298,-0.4477,-0.3968,-0.3881,-0.321,-0.2578,-0.2241,-0.2264,-0.2515,-0.2782,-0.2917,-0.3036,-0.3294,-0.369,-0.4178,-0.4709,-0.5231,-0.5692,-0.6055,-0.6304,-0.6448,-0.715,-0.7101,-0.7163,-0.7649,-0.8981,-1.1103,-1.3394,-1.4926,-1.4055,-1.1329,-0.9389,-0.9136,-0.9153,-0.7973,-0.6821,-0.3724,-0.1163,-0.2554,-0.3029,-0.2214,-0.1281,-0.0964,-0.139,-0.2119,-0.2751,-0.2939,-0.2934,-0.3171,-0.365,-0.4284,-0.4992,-0.5685,-0.6273,-0.6694,-0.6935,-0.7022,-0.746,-0.7601,-0.789,-0.8457,-0.9393,-1.0596,-1.1731,-1.2211,-1.1305,-0.947,-0.8137,-0.7673,-0.7238,-0.6092,-0.5356,0.1482,0.866,0.1372,-0.116,-0.0348,0.1563,0.1627,0.0054,-0.1443,-0.2436,-0.2786,-0.2797,-0.3051,-0.3646,-0.4494,-0.5474,-0.6429,-0.7194,-0.7663,-0.7837,-0.7794,-0.7633,-0.7835,-0.8143,-0.8596,-0.9183,-0.9799,-1.0222,-1.0142,-0.9344,-0.8081,-0.7077,-0.6379,-0.6451,-0.6143,-0.4611,0.0783,0.5656,0.1018,-0.0769,0.1696,0.7189,0.5939,0.1742,-0.0589,-0.1669,-0.211,-0.2328,-0.2766,-0.3614,-0.4827,-0.6259,-0.7652,-0.8675,-0.9137,-0.9109,-0.8799,-0.7685,-0.7879,-0.8133,-0.8446,-0.8784,-0.9064,-0.9158,-0.893,-0.8342,-0.7561,-0.6993,-0.6636,-0.6255,-0.6002,-0.5016,-0.3004,-0.1602,-0.2376,-0.2646,0.0827,0.7859,0.6362,0.1913,-0.02,-0.0896,-0.1018,-0.126,-0.2065,-0.3439,-0.5283,-0.7488,-0.9654,-1.1063,-1.1346,-1.083,-1.0026,-0.7652,-0.7812,-0.7997,-0.8196,-0.8375,-0.8479,-0.8443,-0.8217,-0.7816,-0.7346,-0.6941,-0.6572,-0.6186,-0.6004,-0.5626,-0.5034,-0.4261,-0.4949,-0.6291,-0.2929,0.0847,0.1593,0.0378,-0.035,-0.0046,0.091,0.094,-0.0717,-0.3063,-0.5826,-0.9235,-1.2772,-1.474,-1.4398,-1.2897,-1.1329,-0.7566,-0.7686,-0.7811,-0.7928,-0.801,-0.8026,-0.7945,-0.775,-0.746,-0.7127,-0.6797,-0.6478,-0.6201,-0.6062,-0.6467,-0.6692,-0.5293,-0.5158,-0.5562,-0.3958,-0.2357,-0.1293,-0.1026,-0.0644,0.0884,0.4033,0.4674,0.0852,-0.2769,-0.6333,-1.1074,-1.6586,-1.9202,-1.7598,-1.4736,-1.2354,-0.7452,-0.7536,-0.7614,-0.7674,-0.7699,-0.7671,-0.7575,-0.7407,-0.7179,-0.6915,-0.6641,-0.6373,-0.6147,-0.6064,-0.6367,-0.6411,-0.5377,-0.4673,-0.4169,-0.3994,-0.3272,-0.2414,-0.1858,-0.1151,0.0588,0.4354,0.52,0.0108,-0.3236,-0.6552,-1.1567,-1.8066,-2.1025,-1.8726,-1.5297,-1.2648,-0.7326,-0.7379,-0.7422,-0.7445,-0.7436,-0.7385,-0.7285,-0.7136,-0.6944,-0.6723,-0.6488,-0.6254,-0.6045,-0.5904,-0.5839,-0.5622,-0.5077,-0.4502,-0.409,-0.3842,-0.3321,-0.2711,-0.2304,-0.19,-0.1269,-0.113,-0.3283,-0.3645,-0.4363,-0.6387,-0.9999,-1.4901,-1.7578,-1.6491,-1.4128,-1.2054,-0.7197,-0.7227,-0.7244,-0.7242,-0.7212,-0.7149,-0.705,-0.6913,-0.6744,-0.6551,-0.6343,-0.613,-0.5923,-0.5732,-0.5535,-0.526,-0.4867,-0.4433,-0.404,-0.3652,-0.3104,-0.2492,-0.2283,-0.2396,-0.2653,-0.3839,-0.5839,-0.5223,-0.5221,-0.6096,-0.7988,-1.0818,-1.2851,-1.3028,-1.2083,-1.0905,-0.7071,-0.7084,-0.7082,-0.7063,-0.702,-0.6951,-0.6853,-0.6726,-0.6574,-0.64,-0.6211,-0.6012,-0.5807,-0.5596,-0.5365,-0.509,-0.4758,-0.4392,-0.4006,-0.3558,-0.2941,-0.2202,-0.2026,-0.2531,-0.315,-0.4017,-0.4861,-0.5267,-0.5802,-0.594,-0.6775,-0.8347,-0.9739,-1.032,-1.0175,-0.9671,-0.6952,-0.6951,-0.6936,-0.6905,-0.6855,-0.6782,-0.6686,-0.6567,-0.6427,-0.6267,-0.6093,-0.5906,-0.5708,-0.5497,-0.5265,-0.5005,-0.471,-0.4385,-0.4027,-0.3607,-0.309,-0.2571,-0.2449,-0.2839,-0.3404,-0.4039,-0.4686,-0.5364,-0.5865,-0.5899,-0.6303,-0.7178,-0.8067,-0.8618,-0.8765,-0.8624]}]