docs/data/wind_grid.json
[{"header":{"la1":42.85,"la2":41.18,"lo1":11.55,"lo2":14.05,"nx":36,"ny":24,"dx":0.07143,"dy":0.07261,"parameterCategory":2,"parameterNumber":2,"parameterNumberName":"eastward_wind","parameterUnit":"m.s-1"},"data":[3.6585,3.685,3.7133,3.7424,3.7703,3.7939,3.8089,3.8108,3.7963,3.7649,3.7194,3.6645,3.6046,3.543,3.482,3.4231,3.3681,3.3193,3.2789,3.2481,3.2265,3.2119,3.2013,3.1923,3.183,3.1724,3.1602,3.1464,3.1313,3.1151,3.0984,3.0816,3.0649,3.0488,3.0335,3.0193,3.6764,3.7089,3.7452,3.7846,3.8254,3.8635,3.892,3.9025,3.8882,3.8477,3.7868,3.7142,3.6375,3.5608,3.4859,3.4136,3.3457,3.2858,3.2382,3.2057,3.1875,3.1791,3.1753,3.1719,3.1665,3.1583,3.1471,3.1334,3.1176,3.1004,3.0824,3.0641,3.0461,3.0287,3.0123,2.9972,3.6918,3.7305,3.7758,3.8284,3.8871,3.9477,4.0002,4.0282,4.0161,3.9603,3.8734,3.7738,3.6741,3.5789,3.4874,3.3981,3.3119,3.2346,3.1758,3.1423,3.1324,3.1363,3.1441,3.1493,3.1494,3.144,3.1338,3.1198,3.103,3.0843,3.0645,3.0445,3.0248,3.0059,2.9882,2.9722,3.7028,3.7473,3.802,3.8695,3.9517,4.0467,4.142,4.2072,4.2032,4.1182,3.984,3.8419,3.7123,3.5962,3.487,3.3771,3.2644,3.1577,3.0785,3.0459,3.0548,3.0824,3.1091,3.1264,3.133,3.1304,3.1207,3.1058,3.0873,3.0665,3.0445,3.0222,3.0004,2.9797,2.9606,2.9435,3.7078,3.7566,3.8191,3.9009,4.0097,4.152,4.3212,4.4672,4.4884,4.341,4.1167,3.9105,3.7463,3.6116,3.4871,3.3555,3.2057,3.047,2.9269,2.8997,2.9508,3.0209,3.075,3.1066,3.1194,3.1186,3.1083,3.0915,3.0704,3.0467,3.0217,2.9965,2.9722,2.9493,2.9286,2.9104,3.7052,3.7556,3.8219,3.9127,4.0426,4.2344,4.5089,4.8155,4.9062,4.6227,4.2417,3.9582,3.7667,3.6234,3.4928,3.3454,3.1543,2.9148,2.715,2.7038,2.8358,2.9677,3.0519,3.0951,3.111,3.1095,3.0968,3.0766,3.0517,3.0241,2.9953,2.9666,2.9391,2.9138,2.8912,2.8719,3.6945,3.7428,3.8067,3.8959,4.0285,4.2393,4.5864,5.0737,5.2755,4.798,4.2712,3.9537,3.765,3.6319,3.5101,3.3643,3.1548,2.8503,2.5599,2.5677,2.7813,2.9562,3.0528,3.0967,3.1095,3.1035,3.0858,3.0605,3.0305,2.9978,2.9641,2.9311,2.8999,2.8716,2.847,2.8267,3.6762,3.7189,3.7742,3.8498,3.9596,4.1308,4.4089,4.7966,4.9419,4.5419,4.1329,3.8903,3.7448,3.6408,3.5418,3.4186,3.2396,2.9792,2.7236,2.7103,2.8738,3.0104,3.0831,3.1118,3.1138,3.0994,3.0743,3.0421,3.0055,2.9664,2.9267,2.8883,2.8526,2.8209,2.7942,2.7731,3.6521,3.6869,3.7297,3.7844,3.8571,3.957,4.0906,4.2256,4.242,4.103,3.9394,3.8117,3.7244,3.6583,3.5875,3.4933,3.3657,3.2057,3.0587,3.012,3.0539,3.1044,3.1311,3.1345,3.1208,3.0951,3.0607,3.02,2.9752,2.9282,2.8811,2.8359,2.7948,2.7592,2.7305,2.7089,3.6247,3.6509,3.6808,3.715,3.7537,3.7973,3.8451,3.8914,3.9205,3.9069,3.8342,3.7617,3.7235,3.6987,3.6511,3.5702,3.4716,3.3724,3.2861,3.2289,3.2029,3.1907,3.177,3.1557,3.1257,3.0878,3.0429,2.9923,2.9377,2.881,2.8245,2.771,2.7232,2.6832,2.6525,2.6314,3.5962,3.6148,3.6339,3.6524,3.6683,3.6799,3.6925,3.7398,3.8961,3.9688,3.8065,3.7376,3.754,3.7885,3.749,3.6429,3.5385,3.4652,3.4077,3.3477,3.2927,3.2477,3.2083,3.1685,3.1246,3.075,3.019,2.9573,2.891,2.8221,2.7537,2.6894,2.6332,2.588,2.5559,2.5369,3.5682,3.5808,3.5922,3.6009,3.6044,3.5992,3.584,3.5825,3.7243,3.8357,3.7297,3.7148,3.8068,3.9756,3.8967,3.6954,3.5633,3.521,3.4906,3.4148,3.3375,3.2745,3.2211,3.1698,3.1154,3.055,2.9877,2.9133,2.8327,2.7483,2.664,2.5852,2.518,2.467,2.4347,2.4205,3.5416,3.5498,3.5562,3.5598,3.5586,3.5499,3.529,3.4991,3.5359,3.6053,3.6278,3.7113,3.7809,4.0281,3.9371,3.6602,3.54,3.5745,3.5664,3.442,3.3439,3.2735,3.2161,3.1596,3.0976,3.0273,2.9478,2.859,2.7609,2.6559,2.5493,2.4499,2.3677,2.3103,2.2805,2.2761,3.5167,3.5215,3.5246,3.5254,3.5233,3.5179,3.5097,3.5023,3.5013,3.4921,3.5194,3.7596,3.8142,3.3608,3.5675,3.5064,3.449,3.5,3.4989,3.3977,3.308,3.246,3.1959,3.1401,3.072,2.9915,2.8992,2.794,2.6742,2.5407,2.4011,2.2705,2.1669,2.1031,2.0819,2.0963,3.4934,3.4955,3.4959,3.4943,3.4905,3.4846,3.4767,3.4629,3.4247,3.3463,3.2834,3.3263,3.3508,3.2119,3.3653,3.3619,3.3111,3.3706,3.3737,3.3105,3.2341,3.1958,3.1672,3.1153,3.0398,2.9476,2.8422,2.7199,2.5733,2.3991,2.2078,2.0268,1.8911,1.8236,1.8237,1.8734,3.4716,3.4713,3.4692,3.4648,3.4575,3.4463,3.4278,3.3928,3.3206,3.181,2.9784,2.8934,3.0302,3.185,3.2623,3.3095,3.3103,3.3258,3.31,3.2384,3.1356,3.1375,3.1416,3.0889,2.9999,2.8941,2.7787,2.6424,2.4643,2.2304,1.9537,1.6866,1.5021,1.4414,1.49,1.6032,3.4513,3.449,3.4445,3.4373,3.4262,3.4093,3.3823,3.3369,3.2593,3.133,2.985,2.9661,2.8658,2.826,3.1335,3.2575,3.2966,3.3047,3.2919,3.2337,3.1246,3.1311,3.1306,3.0599,2.9485,2.8295,2.715,2.5752,2.3622,2.0408,1.621,1.2034,0.947,0.9254,1.0752,1.2944,3.4326,3.4286,3.4223,3.4129,3.3992,3.3793,3.3499,3.3064,3.244,3.1645,3.0893,3.0238,2.8496,2.8264,3.1255,3.2435,3.2831,3.3003,3.2995,3.2854,3.2257,3.1828,3.1307,3.026,2.8834,2.7572,2.6679,2.5387,2.2883,1.8515,1.2104,0.5431,0.1966,0.2865,0.6152,0.984,3.4157,3.4105,3.4029,3.3922,3.3776,3.3574,3.33,3.2934,3.2475,3.1959,3.1458,3.0969,3.0519,3.0957,3.2419,3.2824,3.2863,3.3119,3.3275,3.3631,3.3087,3.2336,3.1413,2.9986,2.8194,2.702,2.6684,2.533,2.2472,1.7083,0.816,-0.1675,-0.5885,-0.3111,0.2331,0.7485,3.4005,3.3945,3.3863,3.3753,3.3609,3.3421,3.3184,3.2893,3.2558,3.2207,3.188,3.1627,3.1564,3.191,3.2552,3.2791,3.2925,3.3385,3.4408,3.4861,3.3729,3.2871,3.1837,3.0082,2.7862,2.6718,2.6534,2.4609,2.2063,1.6743,0.6944,-0.4281,-0.8726,-0.5101,0.1136,0.6758,3.387,3.3806,3.3722,3.3616,3.3481,3.3316,3.3117,3.2889,3.2643,3.2399,3.219,3.2057,3.2059,3.2234,3.2502,3.272,3.2966,3.3399,3.4042,3.4269,3.3945,3.3838,3.318,3.1002,2.7839,2.4911,2.2291,2.2219,2.1583,1.7613,0.9693,0.063,-0.3538,-0.1445,0.3276,0.7953,3.3749,3.3685,3.3604,3.3503,3.3382,3.3239,3.3076,3.2897,3.2713,3.254,3.24,3.2319,3.2321,3.2411,3.256,3.2734,3.2953,3.3256,3.3609,3.3937,3.4612,3.6131,3.6339,3.3126,2.8472,2.372,2.0298,2.113,2.1508,1.8981,1.3804,0.7952,0.4593,0.4883,0.739,1.048,3.3642,3.3579,3.3502,3.341,3.3303,3.318,3.3045,3.2903,3.2762,3.2635,3.2534,3.2476,3.2471,3.2519,3.2612,3.274,3.2908,3.3133,3.3444,3.3991,3.5325,3.7908,3.8656,3.4835,2.9761,2.5344,2.2716,2.2355,2.2088,2.0348,1.7172,1.363,1.1219,1.0698,1.1694,1.3429,3.3547,3.3486,3.3414,3.333,3.3235,3.313,3.3018,3.2903,3.2791,3.2692,3.2614,3.2565,3.2552,3.2575,3.2631,3.2718,3.2842,3.302,3.3305,3.3846,3.4933,3.6468,3.6648,3.4123,3.0482,2.7227,2.5059,2.3965,2.3094,2.1682,1.9637,1.7433,1.5766,1.5071,1.5316,1.6183]},{"header":{"la1":42.85,"la2":41.18,"lo1":11.55,"lo2":14.05,"nx":36,"ny":24,"dx":0.07143,"dy":0.07261,"parameterCategory":2,"parameterNumber":3,"parameterNumberName":"northward_wind","parameterUnit":"m.s-1"},"data":[1.3599,1.3569,1.3536,1.3501,1.3465,1.3429,1.3393,1.3358,1.3318,1.3266,1.3186,1.306,1.287,1.2603,1.2257,1.1846,1.1409,1.1006,1.0707,1.0567,1.0603,1.0789,1.1078,1.1418,1.177,1.2111,1.2426,1.2711,1.2967,1.3196,1.3399,1.358,1.3741,1.3885,1.4012,1.4125,1.3587,1.3553,1.3515,1.3475,1.3432,1.339,1.3351,1.3319,1.3291,1.3257,1.3195,1.3075,1.2866,1.2543,1.2089,1.1516,1.0874,1.0263,0.9813,0.9628,0.9731,1.006,1.0516,1.1012,1.1492,1.193,1.2317,1.2655,1.2949,1.3205,1.3429,1.3625,1.3798,1.3951,1.4085,1.4202,1.3574,1.3535,1.3491,1.3442,1.3388,1.3333,1.3284,1.325,1.3238,1.3236,1.3212,1.3119,1.2906,1.2524,1.1936,1.1131,1.0163,0.9195,0.848,0.824,0.8502,0.9103,0.9839,1.0565,1.1214,1.1768,1.2235,1.2626,1.2957,1.3239,1.3481,1.3692,1.3875,1.4035,1.4175,1.4297,1.3561,1.3516,1.3464,1.3403,1.3333,1.3255,1.3179,1.3128,1.3129,1.318,1.3229,1.3198,1.3009,1.2583,1.1842,1.0719,0.9235,0.7624,0.6412,0.6119,0.6757,0.7885,0.9075,1.0121,1.0974,1.1655,1.2199,1.2639,1.3001,1.3304,1.3562,1.3784,1.3975,1.4142,1.4286,1.441,1.3548,1.3498,1.3437,1.3363,1.3271,1.3158,1.3029,1.2923,1.292,1.3056,1.3234,1.332,1.3202,1.2771,1.189,1.0388,0.8135,0.5367,0.3161,0.2869,0.4384,0.6477,0.8336,0.9769,1.0833,1.1626,1.2231,1.2706,1.3089,1.3407,1.3675,1.3904,1.4102,1.4272,1.4419,1.4544,1.3538,1.3482,1.3414,1.3328,1.3215,1.3063,1.2856,1.2631,1.2575,1.2846,1.3234,1.3501,1.3516,1.315,1.2209,1.0379,0.7224,0.2649,-0.1447,-0.1548,0.1732,0.5264,0.7876,0.965,1.0861,1.1718,1.235,1.2837,1.3227,1.3549,1.3822,1.4055,1.4257,1.4431,1.4579,1.4704,1.353,1.347,1.3396,1.3302,1.3178,1.3004,1.2751,1.2412,1.227,1.269,1.3296,1.3773,1.3984,1.3777,1.2924,1.1035,0.741,0.135,-0.4861,-0.4649,0.0484,0.5067,0.8038,0.99,1.1114,1.1951,1.2562,1.3034,1.3415,1.3733,1.4005,1.424,1.4444,1.462,1.4768,1.4891,1.3525,1.3462,1.3384,1.3286,1.3159,1.2993,1.2775,1.2532,1.2463,1.2826,1.3474,1.4162,1.4643,1.4688,1.4073,1.2488,0.9393,0.4228,-0.1185,-0.1341,0.2745,0.6506,0.898,1.0549,1.1586,1.2314,1.2858,1.329,1.3648,1.3955,1.4224,1.4461,1.4667,1.4844,1.4992,1.5112,1.3524,1.3459,1.3378,1.3275,1.3146,1.298,1.2776,1.2565,1.246,1.2712,1.3535,1.4628,1.553,1.5919,1.5589,1.4416,1.2302,0.9287,0.6392,0.569,0.7128,0.8964,1.0415,1.1453,1.22,1.2763,1.3211,1.3588,1.3917,1.4212,1.448,1.472,1.4931,1.5111,1.5258,1.5372,1.3528,1.3461,1.3376,1.3269,1.313,1.2942,1.266,1.2163,1.1374,1.1374,1.3114,1.5156,1.6738,1.7578,1.7428,1.6378,1.4787,1.3023,1.1504,1.0713,1.0758,1.1256,1.1848,1.2384,1.2841,1.3235,1.3585,1.3907,1.4211,1.45,1.4772,1.5022,1.5243,1.5429,1.5575,1.5681,1.3536,1.3468,1.3383,1.3272,1.3126,1.2926,1.2616,1.191,0.9683,0.8572,1.2578,1.5931,1.8407,1.9956,1.9711,1.8155,1.6373,1.4918,1.3924,1.3261,1.2908,1.2845,1.2964,1.317,1.3412,1.3672,1.3944,1.4228,1.452,1.4816,1.5107,1.5378,1.5617,1.5812,1.5957,1.605,1.3549,1.3483,1.3399,1.3289,1.3145,1.2957,1.2738,1.2476,1.1256,1.0484,1.3698,1.6964,2.0182,2.3495,2.2466,1.9497,1.701,1.5261,1.4595,1.43,1.3985,1.3774,1.3703,1.3741,1.3859,1.4038,1.4266,1.4535,1.4838,1.5163,1.5493,1.5805,1.6076,1.6286,1.6426,1.6497,1.3568,1.3506,1.3427,1.3325,1.3191,1.3021,1.2835,1.2732,1.2728,1.3205,1.5117,1.7514,1.9845,2.4524,2.3388,1.965,1.7043,1.4404,1.4199,1.4613,1.4459,1.4246,1.4124,1.4103,1.4171,1.4318,1.4536,1.4819,1.516,1.5546,1.5948,1.6331,1.6654,1.6884,1.7012,1.7045,1.3592,1.3536,1.3467,1.3379,1.3267,1.3127,1.297,1.2847,1.3003,1.377,1.5233,1.7586,1.8435,1.902,1.9496,1.8846,1.7951,1.5652,1.4867,1.4877,1.4622,1.4407,1.4302,1.4289,1.4359,1.4512,1.475,1.5075,1.5489,1.5978,1.6504,1.7006,1.741,1.7664,1.776,1.7721,1.3618,1.357,1.3513,1.3443,1.3359,1.3264,1.3174,1.3141,1.3238,1.3382,1.3669,1.4864,1.6049,1.5137,1.7287,1.9188,2.1334,1.7855,1.5816,1.4959,1.4468,1.43,1.4295,1.4342,1.4447,1.4628,1.4904,1.5293,1.5818,1.6473,1.7208,1.7909,1.8439,1.8711,1.8727,1.8556,1.3645,1.3606,1.3559,1.3505,1.3444,1.3379,1.3316,1.3248,1.3056,1.2278,1.026,1.1982,1.343,1.5017,1.5991,1.8072,1.9896,1.7377,1.5562,1.4611,1.3984,1.4009,1.4192,1.4317,1.4462,1.4671,1.4981,1.5447,1.6127,1.7043,1.8127,1.917,1.9893,2.0143,1.9977,1.9567,1.3672,1.3638,1.36,1.3557,1.3508,1.3453,1.338,1.3247,1.2915,1.2046,1.054,1.1766,1.2709,1.2905,1.4174,1.5155,1.5808,1.5307,1.4691,1.4328,1.3896,1.3946,1.4126,1.4263,1.4423,1.4625,1.4935,1.5479,1.6369,1.7678,1.9344,2.0979,2.1982,2.2084,2.1535,2.0724,1.3696,1.3667,1.3635,1.3598,1.3555,1.35,1.3419,1.3279,1.3018,1.2601,1.2284,1.2509,1.2533,1.241,1.1953,1.1783,1.3286,1.4066,1.4045,1.4177,1.4097,1.4034,1.4062,1.4173,1.4329,1.4443,1.4671,1.5322,1.6489,1.832,2.0875,2.348,2.4827,2.45,2.3268,2.1889,1.3718,1.3692,1.3664,1.363,1.3589,1.3536,1.346,1.3345,1.3178,1.2981,1.2838,1.2764,1.2516,1.1557,0.8012,0.658,1.1272,1.359,1.4073,1.4274,1.4097,1.3887,1.3833,1.3993,1.4211,1.4105,1.4123,1.5075,1.6533,1.8819,2.237,2.6195,2.782,2.6769,2.4711,2.2773,1.3736,1.3713,1.3687,1.3656,1.3618,1.3568,1.3501,1.3411,1.3295,1.3163,1.3023,1.2819,1.2358,1.1121,0.8426,0.7691,1.1031,1.3296,1.4458,1.4764,1.3995,1.3396,1.3235,1.3613,1.4181,1.414,1.4109,1.5419,1.6715,1.8945,2.2831,2.7195,2.8906,2.7525,2.5161,2.3044,1.3753,1.3732,1.3707,1.3678,1.3642,1.3596,1.3538,1.3463,1.3371,1.3257,1.3108,1.2875,1.2449,1.1687,1.0752,1.0714,1.1927,1.3178,1.3991,1.4097,1.3209,1.2052,1.1735,1.2695,1.4157,1.5445,1.6786,1.6828,1.7044,1.8639,2.1769,2.5302,2.6918,2.6129,2.4345,2.2588,1.3768,1.3748,1.3724,1.3697,1.3663,1.3622,1.357,1.3505,1.3424,1.3321,1.3182,1.2982,1.2686,1.2302,1.1989,1.2044,1.2506,1.3027,1.3277,1.294,1.1545,0.9225,0.8616,1.09,1.3698,1.6164,1.789,1.7457,1.7172,1.8146,2.019,2.2485,2.3803,2.3713,2.278,2.1629,1.3782,1.3762,1.374,1.3714,1.3683,1.3645,1.3598,1.354,1.3469,1.3378,1.3262,1.3109,1.2921,1.2724,1.2597,1.2621,1.2778,1.291,1.2793,1.2098,1.0262,0.7245,0.6447,0.952,1.2895,1.5362,1.6705,1.6878,1.6951,1.7636,1.8901,2.0306,2.1267,2.1497,2.1145,2.0512,1.3794,1.3776,1.3755,1.3731,1.3702,1.3667,1.3625,1.3573,1.3511,1.3435,1.3341,1.323,1.3108,1.2994,1.2919,1.2903,1.2915,1.286,1.2586,1.1867,1.0446,0.8628,0.8256,1.0145,1.2568,1.4458,1.5605,1.6149,1.6538,1.7127,1.7963,1.8855,1.9534,1.9834,1.9772,1.9472]}]