docs/data/wind_grid.json
[{"header":{"la1":42.85,"la2":41.18,"lo1":11.55,"lo2":14.05,"nx":36,"ny":24,"dx":0.07143,"dy":0.07261,"parameterCategory":2,"parameterNumber":2,"parameterNumberName":"eastward_wind","parameterUnit":"m.s-1"},"data":[-0.64,-0.6443,-0.6463,-0.6462,-0.6439,-0.6396,-0.6332,-0.6243,-0.6128,-0.5991,-0.5849,-0.5721,-0.5623,-0.5566,-0.5546,-0.555,-0.5553,-0.5525,-0.5437,-0.5277,-0.507,-0.4868,-0.4727,-0.4667,-0.4669,-0.4701,-0.4734,-0.4755,-0.4761,-0.4754,-0.4737,-0.4712,-0.4684,-0.4654,-0.4624,-0.4594,-0.6625,-0.6686,-0.6719,-0.6723,-0.6703,-0.6664,-0.6603,-0.6508,-0.6367,-0.6182,-0.598,-0.5798,-0.5667,-0.5602,-0.5601,-0.5645,-0.5697,-0.5699,-0.559,-0.5335,-0.4973,-0.4627,-0.4425,-0.4399,-0.4482,-0.459,-0.4677,-0.473,-0.4752,-0.4751,-0.4735,-0.4709,-0.4678,-0.4646,-0.4613,-0.4582,-0.6894,-0.6984,-0.7034,-0.7045,-0.7028,-0.7,-0.6961,-0.6882,-0.6717,-0.6456,-0.6151,-0.5877,-0.5691,-0.5614,-0.5644,-0.5759,-0.5905,-0.5988,-0.5874,-0.545,-0.4759,-0.4094,-0.3806,-0.3922,-0.4201,-0.4454,-0.4623,-0.4715,-0.4751,-0.4753,-0.4735,-0.4705,-0.4671,-0.4635,-0.46,-0.4566,-0.7223,-0.7359,-0.7435,-0.7448,-0.7424,-0.7412,-0.7439,-0.7441,-0.7275,-0.6879,-0.638,-0.5947,-0.5672,-0.5576,-0.5651,-0.5879,-0.6202,-0.6484,-0.645,-0.5762,-0.4348,-0.291,-0.2551,-0.3144,-0.3852,-0.4335,-0.46,-0.4723,-0.4765,-0.4762,-0.4737,-0.4701,-0.4662,-0.4622,-0.4583,-0.4548,-0.7626,-0.7841,-0.7967,-0.7974,-0.7905,-0.7891,-0.806,-0.8327,-0.8252,-0.757,-0.6675,-0.5976,-0.5574,-0.545,-0.558,-0.5962,-0.6582,-0.7311,-0.7668,-0.673,-0.3876,-0.0529,-0.037,-0.2222,-0.3613,-0.4328,-0.4648,-0.4771,-0.4797,-0.4778,-0.474,-0.4694,-0.4648,-0.4603,-0.4562,-0.4524,-0.8112,-0.8477,-0.8716,-0.8717,-0.8508,-0.8377,-0.8744,-0.9696,-1.0009,-0.8612,-0.6947,-0.5882,-0.5345,-0.5189,-0.5362,-0.5905,-0.6915,-0.8458,-0.9996,-0.9251,-0.4783,0.1052,0.0817,-0.2186,-0.3854,-0.4547,-0.4797,-0.4859,-0.4842,-0.4795,-0.4738,-0.4681,-0.4628,-0.4579,-0.4534,-0.4495,-0.8663,-0.9294,-0.9819,-0.9888,-0.9352,-0.8783,-0.9081,-1.0886,-1.1954,-0.9323,-0.6825,-0.5531,-0.4934,-0.4743,-0.4908,-0.554,-0.6849,-0.9152,-1.2234,-1.1938,-0.7971,-0.3924,-0.2895,-0.4,-0.4731,-0.4988,-0.5019,-0.4964,-0.4884,-0.4801,-0.4725,-0.4657,-0.4598,-0.4545,-0.4499,-0.4459,-0.9181,-1.0197,-1.1338,-1.1793,-1.0628,-0.9107,-0.8602,-0.9537,-1.0059,-0.7889,-0.59,-0.4865,-0.4343,-0.4089,-0.4111,-0.4679,-0.6073,-0.8283,-1.063,-1.1113,-1.1322,-1.0136,-0.7624,-0.6325,-0.5775,-0.5455,-0.5219,-0.5037,-0.4894,-0.4782,-0.4692,-0.4618,-0.4555,-0.4501,-0.4455,-0.4416,-0.9482,-1.078,-1.2578,-1.3828,-1.1815,-0.9287,-0.7753,-0.7033,-0.6329,-0.5275,-0.4505,-0.4038,-0.367,-0.3264,-0.2787,-0.3033,-0.4748,-0.6974,-0.9038,-1.1487,-1.6013,-1.4873,-1.0274,-0.7683,-0.6399,-0.5701,-0.5284,-0.502,-0.4846,-0.4724,-0.4633,-0.4559,-0.4498,-0.4446,-0.4401,-0.4364,-0.9439,-1.0657,-1.2085,-1.2835,-1.1525,-0.9171,-0.7032,-0.5331,-0.3583,-0.2741,-0.3143,-0.3287,-0.3078,-0.2512,-0.0804,0.0107,-0.3423,-0.6406,-0.8501,-1.0824,-1.4048,-1.3406,-1.0056,-0.7723,-0.6373,-0.559,-0.5137,-0.4877,-0.4723,-0.4621,-0.4545,-0.4482,-0.4426,-0.4378,-0.4336,-0.4301,-0.9114,-1.0185,-1.1495,-1.3082,-1.249,-0.9122,-0.6586,-0.4667,-0.1361,0.0185,-0.2177,-0.2775,-0.2636,-0.2249,-0.0915,0.0182,-0.4032,-0.7445,-0.9166,-0.9787,-1.0283,-0.9848,-0.8368,-0.6881,-0.5787,-0.5105,-0.4753,-0.4598,-0.4527,-0.448,-0.4435,-0.4388,-0.4341,-0.4296,-0.4258,-0.4228,-0.8585,-0.9516,-1.0848,-1.2592,-1.1866,-0.8415,-0.6456,-0.578,-0.3375,-0.1446,-0.2349,-0.2501,-0.2237,-0.1712,-0.2205,-0.3638,-0.6778,-1.1631,-1.2972,-1.0613,-0.8956,-0.7904,-0.6851,-0.5766,-0.4824,-0.4263,-0.4137,-0.4208,-0.4287,-0.4322,-0.4317,-0.4286,-0.4243,-0.42,-0.4165,-0.4139,-0.7891,-0.8523,-0.9253,-0.9717,-0.89,-0.7182,-0.6456,-0.7077,-0.5935,-0.3573,-0.257,-0.223,-0.209,-0.1404,-0.2232,-0.5076,-0.8792,-2.0067,-2.0523,-1.1913,-0.8322,-0.6706,-0.5679,-0.4694,-0.3636,-0.3077,-0.3356,-0.3797,-0.4068,-0.4185,-0.4207,-0.4179,-0.4131,-0.4084,-0.405,-0.4031,-0.7133,-0.7451,-0.768,-0.7601,-0.7012,-0.6241,-0.5994,-0.6359,-0.5518,-0.3301,-0.2045,-0.1877,-0.2008,-0.2752,-0.3928,-0.6614,-0.8368,-1.4052,-1.5212,-0.9924,-0.6792,-0.5362,-0.4647,-0.3909,-0.2744,-0.2068,-0.2795,-0.3563,-0.396,-0.4109,-0.4121,-0.4066,-0.3993,-0.3934,-0.3901,-0.3895,-0.6422,-0.6523,-0.6509,-0.6295,-0.5871,-0.5392,-0.5053,-0.4692,-0.36,-0.1763,-0.043,-0.0536,-0.1137,-0.0248,-0.4248,-0.728,-1.272,-0.9548,-0.8329,-0.6136,-0.4126,-0.35,-0.3607,-0.3523,-0.2951,-0.253,-0.3063,-0.3702,-0.4033,-0.4117,-0.4055,-0.3926,-0.3799,-0.3719,-0.3697,-0.3718,-0.581,-0.5785,-0.5662,-0.5412,-0.5042,-0.4598,-0.4087,-0.3348,-0.205,0.0145,0.333,0.1861,0.0466,-0.1182,-0.3428,-0.709,-1.0525,-0.7084,-0.464,-0.2889,-0.098,-0.1355,-0.2616,-0.327,-0.3469,-0.3555,-0.3853,-0.4169,-0.4288,-0.4204,-0.3979,-0.3704,-0.3484,-0.3387,-0.3405,-0.3488,-0.5302,-0.5206,-0.5032,-0.4765,-0.4404,-0.3949,-0.3366,-0.2552,-0.133,0.0549,0.2908,0.1793,0.0961,0.0683,-0.1483,-0.3238,-0.3938,-0.2109,-0.0142,-0.0473,-0.0322,-0.0794,-0.2127,-0.3155,-0.3908,-0.4471,-0.4814,-0.4877,-0.4702,-0.4343,-0.3835,-0.3293,-0.2926,-0.2853,-0.2991,-0.3199,-0.4888,-0.4752,-0.4552,-0.4279,-0.3925,-0.348,-0.2918,-0.2194,-0.1267,-0.0188,0.0634,0.0702,0.101,0.117,0.1191,0.1254,0.0437,0.3118,0.6826,0.2512,0.0156,-0.0919,-0.2042,-0.3284,-0.4589,-0.5767,-0.6208,-0.5858,-0.5253,-0.451,-0.3557,-0.2536,-0.1952,-0.2043,-0.2462,-0.2883,-0.4552,-0.4395,-0.4186,-0.3915,-0.3578,-0.3167,-0.267,-0.2079,-0.141,-0.0739,-0.0209,0.0156,0.063,0.1767,0.6075,0.8043,0.3232,0.3801,0.5671,0.3782,0.1468,-0.0422,-0.1919,-0.3503,-0.5456,-0.7575,-0.8056,-0.6927,-0.5855,-0.473,-0.3224,-0.1468,-0.0619,-0.1116,-0.1968,-0.2634,-0.4281,-0.4116,-0.3906,-0.3648,-0.3336,-0.2968,-0.2543,-0.2066,-0.1557,-0.1057,-0.0599,-0.0134,0.0559,0.2107,0.5534,0.6653,0.3497,0.3048,0.4776,0.5568,0.2363,0.0,-0.1678,-0.347,-0.5727,-0.8036,-0.8508,-0.7487,-0.64,-0.5113,-0.3297,-0.1046,-0.0029,-0.0783,-0.1836,-0.2586,-0.4064,-0.3898,-0.3696,-0.3454,-0.3171,-0.2847,-0.2484,-0.2091,-0.168,-0.1266,-0.0848,-0.0376,0.0279,0.1316,0.2607,0.2982,0.2324,0.2323,0.336,0.3567,0.1721,0.0134,-0.1097,-0.2902,-0.528,-0.7459,-0.8798,-0.8268,-0.6972,-0.574,-0.4135,-0.2228,-0.1226,-0.1539,-0.2232,-0.2793,-0.3892,-0.373,-0.3538,-0.3315,-0.3061,-0.2776,-0.2465,-0.2133,-0.1788,-0.1433,-0.1062,-0.0647,-0.0142,0.0466,0.1034,0.128,0.1248,0.1337,0.159,0.1453,0.0837,0.0702,0.0445,-0.1679,-0.4606,-0.7494,-0.9767,-0.8776,-0.7367,-0.6526,-0.5277,-0.3848,-0.2912,-0.2711,-0.2899,-0.316,-0.3756,-0.3601,-0.3421,-0.3218,-0.299,-0.274,-0.2471,-0.2187,-0.1892,-0.1587,-0.127,-0.0929,-0.0558,-0.0177,0.0146,0.0337,0.0417,0.0476,0.0509,0.0434,0.0499,0.1409,0.1783,-0.0695,-0.3782,-0.6324,-0.7785,-0.7734,-0.7778,-0.7365,-0.6154,-0.4925,-0.4056,-0.3628,-0.351,-0.3538,-0.365,-0.3503,-0.3337,-0.3152,-0.2948,-0.2728,-0.2494,-0.2249,-0.1995,-0.1736,-0.147,-0.1196,-0.0921,-0.066,-0.0444,-0.0298,-0.0219,-0.0184,-0.0183,-0.0179,0.0013,0.055,0.0508,-0.1141,-0.3359,-0.5231,-0.6445,-0.7185,-0.7815,-0.746,-0.6397,-0.5382,-0.4636,-0.4175,-0.3938,-0.384]},{"header":{"la1":42.85,"la2":41.18,"lo1":11.55,"lo2":14.05,"nx":36,"ny":24,"dx":0.07143,"dy":0.07261,"parameterCategory":2,"parameterNumber":3,"parameterNumberName":"northward_wind","parameterUnit":"m.s-1"},"data":[-0.6696,-0.6673,-0.6634,-0.658,-0.6508,-0.6422,-0.6326,-0.6223,-0.6115,-0.5997,-0.5859,-0.5691,-0.5484,-0.5235,-0.4946,-0.4626,-0.429,-0.3959,-0.3655,-0.34,-0.3208,-0.3093,-0.3061,-0.3108,-0.3213,-0.3354,-0.3512,-0.3674,-0.3833,-0.3984,-0.4128,-0.4263,-0.439,-0.4509,-0.4619,-0.4722,-0.6788,-0.6769,-0.6731,-0.6671,-0.6589,-0.6486,-0.6372,-0.6257,-0.615,-0.6045,-0.5922,-0.576,-0.5543,-0.5264,-0.4925,-0.4536,-0.4117,-0.3699,-0.3318,-0.3002,-0.2768,-0.2635,-0.2622,-0.272,-0.2896,-0.3106,-0.3322,-0.353,-0.3725,-0.3905,-0.4072,-0.4226,-0.4368,-0.45,-0.4622,-0.4733,-0.6888,-0.6874,-0.6838,-0.6772,-0.667,-0.6536,-0.6383,-0.6241,-0.6136,-0.6064,-0.5983,-0.5848,-0.5632,-0.5324,-0.4927,-0.4448,-0.3914,-0.3373,-0.2889,-0.2503,-0.2217,-0.205,-0.2063,-0.2254,-0.2541,-0.2847,-0.3136,-0.3397,-0.363,-0.384,-0.4029,-0.4202,-0.436,-0.4505,-0.4637,-0.4757,-0.6994,-0.6991,-0.696,-0.6888,-0.6759,-0.6567,-0.6328,-0.611,-0.6,-0.6007,-0.6028,-0.596,-0.5763,-0.5433,-0.4971,-0.4379,-0.3678,-0.2945,-0.2318,-0.1882,-0.1557,-0.1312,-0.1355,-0.1716,-0.2177,-0.2606,-0.2974,-0.3288,-0.3558,-0.3795,-0.4006,-0.4196,-0.4369,-0.4526,-0.4668,-0.4797,-0.7104,-0.7118,-0.7102,-0.7031,-0.6873,-0.6588,-0.6168,-0.5731,-0.5573,-0.5786,-0.6047,-0.6114,-0.5959,-0.5616,-0.5093,-0.4368,-0.3426,-0.2352,-0.1463,-0.1087,-0.0892,-0.0488,-0.0562,-0.1209,-0.1881,-0.2428,-0.2863,-0.3218,-0.3517,-0.3776,-0.4005,-0.4211,-0.4397,-0.4566,-0.4719,-0.4856,-0.7213,-0.7254,-0.7268,-0.7218,-0.7048,-0.6663,-0.5927,-0.491,-0.4528,-0.5308,-0.6086,-0.6352,-0.6246,-0.5904,-0.5347,-0.4505,-0.3264,-0.1582,0.0003,0.0132,-0.042,-0.0116,-0.021,-0.1011,-0.1766,-0.2357,-0.2821,-0.3197,-0.3514,-0.3788,-0.4031,-0.4251,-0.445,-0.463,-0.4793,-0.4937,-0.7308,-0.7386,-0.7455,-0.7456,-0.7315,-0.6921,-0.595,-0.4077,-0.3159,-0.4993,-0.6383,-0.6758,-0.665,-0.6324,-0.5801,-0.4935,-0.3488,-0.1203,0.1522,0.1425,-0.01,-0.0422,-0.0638,-0.1208,-0.1847,-0.24,-0.2854,-0.3229,-0.355,-0.3832,-0.4086,-0.4318,-0.453,-0.4722,-0.4894,-0.5045,-0.7368,-0.7485,-0.7647,-0.7734,-0.762,-0.74,-0.6796,-0.5425,-0.477,-0.6279,-0.7285,-0.7386,-0.7159,-0.6885,-0.654,-0.5815,-0.438,-0.2226,-0.0023,0.0349,0.0226,-0.0008,-0.0727,-0.1406,-0.2009,-0.2521,-0.2947,-0.3307,-0.3623,-0.3908,-0.4172,-0.4416,-0.4642,-0.4847,-0.5028,-0.5186,-0.7365,-0.7481,-0.7762,-0.8029,-0.7755,-0.7856,-0.8111,-0.8182,-0.8457,-0.8909,-0.873,-0.8155,-0.7686,-0.7544,-0.7725,-0.7404,-0.579,-0.3756,-0.1974,-0.0437,0.1644,0.1222,-0.0509,-0.1546,-0.2204,-0.2691,-0.3084,-0.342,-0.3726,-0.4013,-0.4288,-0.4549,-0.4792,-0.5012,-0.5204,-0.5367,-0.7293,-0.7276,-0.7334,-0.7407,-0.7188,-0.8078,-0.9348,-1.057,-1.2009,-1.2315,-1.0484,-0.8855,-0.8077,-0.8093,-0.951,-1.0367,-0.7193,-0.4732,-0.3036,-0.1314,0.0598,0.0425,-0.0938,-0.1871,-0.247,-0.2903,-0.3249,-0.3555,-0.3849,-0.4143,-0.4437,-0.4723,-0.499,-0.5229,-0.5433,-0.5599,-0.7214,-0.6985,-0.6343,-0.483,-0.529,-0.8182,-1.0604,-1.2424,-1.534,-1.6877,-1.1909,-0.917,-0.8248,-0.8204,-0.9326,-1.0415,-0.6897,-0.481,-0.3646,-0.2562,-0.1604,-0.1396,-0.1822,-0.2345,-0.2791,-0.3142,-0.3426,-0.3695,-0.3982,-0.4295,-0.4623,-0.4948,-0.525,-0.5515,-0.5732,-0.5898,-0.7232,-0.6967,-0.6267,-0.5017,-0.5686,-0.9116,-1.2258,-1.4077,-1.4565,-1.4711,-1.116,-0.8935,-0.8363,-0.8874,-0.804,-0.6451,-0.4949,-0.4366,-0.4034,-0.3241,-0.2577,-0.2305,-0.2409,-0.2731,-0.3104,-0.3394,-0.3598,-0.3821,-0.4115,-0.447,-0.4858,-0.5246,-0.5601,-0.5899,-0.6127,-0.6284,-0.7361,-0.7259,-0.7049,-0.6987,-0.8008,-1.0466,-1.3497,-1.5915,-1.459,-1.1994,-0.9767,-0.8686,-0.8325,-0.9266,-0.778,-0.3627,-0.266,-0.4804,-0.4939,-0.3355,-0.2647,-0.241,-0.2534,-0.2923,-0.3407,-0.3681,-0.3748,-0.3914,-0.4242,-0.4678,-0.5167,-0.5654,-0.6086,-0.6427,-0.6659,-0.6788,-0.7519,-0.7591,-0.7733,-0.8136,-0.9105,-1.0751,-1.2818,-1.4562,-1.3575,-1.0655,-0.8851,-0.8909,-0.8924,-0.6802,-0.3722,0.1835,0.1221,-0.221,-0.3408,-0.2587,-0.1976,-0.1838,-0.2212,-0.2885,-0.364,-0.3945,-0.3833,-0.3967,-0.4375,-0.4947,-0.5597,-0.6239,-0.6784,-0.7171,-0.7384,-0.7448,-0.7627,-0.7792,-0.8053,-0.85,-0.9218,-1.0188,-1.1193,-1.1666,-1.0788,-0.9071,-0.791,-0.7505,-0.6633,-0.5078,-0.2033,0.3496,0.7619,0.1458,-0.1254,-0.125,-0.0206,-0.0248,-0.1377,-0.2509,-0.3394,-0.3764,-0.3755,-0.3982,-0.4532,-0.5315,-0.6224,-0.7114,-0.7826,-0.8252,-0.8389,-0.8312,-0.7657,-0.7842,-0.8098,-0.8454,-0.8911,-0.9406,-0.9762,-0.9693,-0.8997,-0.7939,-0.7135,-0.6985,-0.6753,-0.5628,-0.3029,0.1477,0.5116,0.0976,-0.1154,-0.0043,0.3787,0.2807,-0.0281,-0.1972,-0.2822,-0.3221,-0.3455,-0.3893,-0.4691,-0.5819,-0.716,-0.8476,-0.9443,-0.9857,-0.978,-0.942,-0.7618,-0.7784,-0.7989,-0.8234,-0.8497,-0.8716,-0.8789,-0.8602,-0.813,-0.7534,-0.7118,-0.7164,-0.8321,-0.8621,-0.5023,-0.2433,-0.1297,-0.2375,-0.3193,-0.0898,0.4308,0.3126,-0.0208,-0.1763,-0.2324,-0.2483,-0.2756,-0.3503,-0.4754,-0.6459,-0.8548,-1.0644,-1.2015,-1.2244,-1.1649,-1.0766,-0.7531,-0.7663,-0.7811,-0.7965,-0.8102,-0.8181,-0.8152,-0.7978,-0.7684,-0.7374,-0.7203,-0.7387,-0.8684,-0.881,-0.6331,-0.512,-0.4274,-0.5408,-0.731,-0.3962,-0.0987,-0.0448,-0.1367,-0.1942,-0.1761,-0.1069,-0.1109,-0.2551,-0.4633,-0.7188,-1.0466,-1.3995,-1.5997,-1.5568,-1.3909,-1.2203,-0.7417,-0.7514,-0.7613,-0.7702,-0.7764,-0.7775,-0.7713,-0.7572,-0.7376,-0.7185,-0.7071,-0.7116,-0.7304,-0.7126,-0.7225,-0.7475,-0.5644,-0.5691,-0.6341,-0.4551,-0.3287,-0.2583,-0.2469,-0.2244,-0.1093,0.1463,0.199,-0.1301,-0.4518,-0.7857,-1.2483,-1.8128,-2.0923,-1.9116,-1.5951,-1.3357,-0.7291,-0.7358,-0.7419,-0.7464,-0.7482,-0.746,-0.739,-0.7271,-0.7123,-0.6973,-0.6853,-0.6776,-0.6712,-0.6663,-0.7027,-0.7092,-0.5806,-0.5077,-0.4398,-0.4081,-0.3904,-0.3512,-0.3242,-0.2754,-0.1373,0.1758,0.2477,-0.1873,-0.499,-0.8232,-1.3148,-1.978,-2.296,-2.0402,-1.6625,-1.3743,-0.7164,-0.7206,-0.7239,-0.7255,-0.7248,-0.7209,-0.7136,-0.7031,-0.6905,-0.677,-0.6639,-0.6517,-0.64,-0.6312,-0.6284,-0.6062,-0.5483,-0.491,-0.4443,-0.4229,-0.4146,-0.4054,-0.3921,-0.3557,-0.293,-0.2636,-0.4137,-0.4749,-0.6108,-0.8367,-1.1842,-1.6598,-1.9273,-1.8043,-1.5457,-1.3198,-0.7041,-0.7064,-0.7077,-0.7074,-0.7051,-0.7003,-0.693,-0.6833,-0.6717,-0.6591,-0.6458,-0.6321,-0.6182,-0.6042,-0.5884,-0.5638,-0.5284,-0.4913,-0.4615,-0.4447,-0.4425,-0.4556,-0.4585,-0.4316,-0.4191,-0.4807,-0.5915,-0.6096,-0.7673,-0.8882,-1.0367,-1.2749,-1.4519,-1.4524,-1.3415,-1.2086,-0.6925,-0.6934,-0.6933,-0.6917,-0.6884,-0.6832,-0.6759,-0.6667,-0.6559,-0.6439,-0.6308,-0.617,-0.6023,-0.5865,-0.5685,-0.5466,-0.5209,-0.4954,-0.4746,-0.4626,-0.4637,-0.4811,-0.4872,-0.4707,-0.4802,-0.5333,-0.6109,-0.776,-1.0266,-1.0037,-0.9809,-1.0632,-1.1577,-1.1889,-1.1552,-1.0895,-0.6818,-0.6817,-0.6805,-0.6781,-0.6742,-0.6687,-0.6616,-0.6528,-0.6427,-0.6313,-0.6189,-0.6055,-0.5911,-0.5756,-0.5585,-0.5397,-0.5199,-0.501,-0.4855,-0.476,-0.4744,-0.4798,-0.4831,-0.4877,-0.514,-0.5724,-0.6753,-0.8682,-1.061,-1.0222,-0.9546,-0.9635,-1.0029,-1.0263,-1.019,-0.9884]}]