docs/data/wind_grid.json
[{"header":{"la1":42.85,"la2":41.18,"lo1":11.55,"lo2":14.05,"nx":36,"ny":24,"dx":0.07143,"dy":0.07261,"parameterCategory":2,"parameterNumber":2,"parameterNumberName":"eastward_wind","parameterUnit":"m.s-1"},"data":[1.1426,1.1483,1.1564,1.1665,1.1775,1.1876,1.194,1.1941,1.1854,1.1667,1.138,1.1,1.0535,0.9993,0.9378,0.8695,0.7952,0.7165,0.6359,0.5577,0.4892,0.4404,0.42,0.4289,0.46,0.5028,0.5486,0.5922,0.6312,0.665,0.694,0.7187,0.7398,0.758,0.7738,0.7877,1.1347,1.1418,1.153,1.1682,1.1863,1.2047,1.2196,1.2263,1.2206,1.2007,1.1673,1.1226,1.0683,1.005,0.9329,0.8518,0.762,0.6646,0.5615,0.4561,0.358,0.2872,0.2645,0.2919,0.3517,0.4225,0.4905,0.5499,0.5997,0.6408,0.6747,0.7026,0.726,0.7457,0.7627,0.7774,1.1213,1.129,1.1431,1.1646,1.1925,1.2239,1.2529,1.271,1.2701,1.2474,1.2061,1.1516,1.0872,1.0136,0.9297,0.8342,0.7263,0.6069,0.4764,0.3326,0.1817,0.0641,0.0382,0.1074,0.2214,0.3359,0.4333,0.5111,0.572,0.6199,0.6579,0.6885,0.7135,0.7344,0.7521,0.7674,1.1004,1.1068,1.1228,1.1511,1.1925,1.244,1.2974,1.3369,1.3444,1.3138,1.2565,1.1867,1.1098,1.025,0.929,0.8178,0.689,0.5443,0.3863,0.1984,-0.0477,-0.2777,-0.3041,-0.1329,0.0795,0.2552,0.3857,0.4809,0.551,0.6038,0.6445,0.6766,0.7025,0.7239,0.7421,0.7577,1.07,1.0714,1.086,1.1202,1.1784,1.2601,1.3565,1.4408,1.4646,1.4101,1.3189,1.2254,1.1338,1.0381,0.9311,0.8049,0.652,0.4749,0.2959,0.0939,-0.2864,-0.7806,-0.777,-0.3823,-0.0317,0.2042,0.3595,0.4649,0.5392,0.5936,0.6348,0.667,0.6929,0.7142,0.7323,0.748,1.0288,1.0189,1.0248,1.06,1.1364,1.2581,1.4228,1.601,1.6625,1.5391,1.3828,1.2601,1.1553,1.0502,0.9348,0.7989,0.6235,0.3959,0.1802,0.0617,-0.3156,-1.0655,-1.0123,-0.4452,-0.0384,0.2085,0.3634,0.4657,0.5369,0.5888,0.6282,0.6591,0.6841,0.7048,0.7225,0.7379,0.9782,0.9484,0.9324,0.9557,1.0476,1.2113,1.4434,1.7404,1.8642,1.6296,1.4149,1.281,1.1706,1.0557,0.9319,0.7982,0.626,0.3603,0.0517,0.0391,-0.0605,-0.4393,-0.4861,-0.1916,0.0813,0.2694,0.3948,0.4805,0.5417,0.5876,0.6232,0.6518,0.6752,0.6949,0.7119,0.727,0.9244,0.8687,0.8172,0.8078,0.9085,1.1079,1.349,1.6002,1.6973,1.5403,1.3928,1.2895,1.1821,1.0451,0.8919,0.7686,0.6598,0.4728,0.231,0.1665,0.1173,0.044,0.0265,0.1145,0.243,0.3541,0.4376,0.4997,0.5476,0.586,0.6174,0.6434,0.6651,0.6836,0.6999,0.7146,0.8771,0.7998,0.7309,0.7035,0.7788,0.9902,1.2184,1.3762,1.4297,1.4031,1.3619,1.3077,1.2065,1.0131,0.7316,0.5844,0.6436,0.6264,0.4924,0.308,0.0504,0.0836,0.2216,0.3041,0.37,0.4247,0.4701,0.5101,0.5466,0.5794,0.6079,0.632,0.6524,0.6699,0.6854,0.6998,0.8428,0.7411,0.6522,0.6168,0.6195,0.8795,1.1535,1.2958,1.3244,1.3266,1.3566,1.3579,1.2832,1.0238,0.3317,-0.0467,0.5391,0.746,0.6858,0.4823,0.2083,0.2173,0.359,0.4248,0.4452,0.4541,0.4698,0.4969,0.5302,0.5632,0.5922,0.6162,0.6358,0.6524,0.6674,0.6816,0.8295,0.6871,0.4487,0.0232,0.1309,0.7806,1.1847,1.3295,1.2791,1.2339,1.3704,1.4464,1.4516,1.3022,0.5593,-0.0124,0.6992,0.9003,0.8649,0.7406,0.5896,0.5271,0.528,0.5045,0.4517,0.4093,0.4089,0.4444,0.4919,0.5353,0.5694,0.5949,0.6142,0.63,0.6444,0.6589,0.8546,0.7075,0.4501,0.0754,0.2127,0.8928,1.3359,1.5149,1.3883,1.3232,1.448,1.5638,1.6589,1.7859,1.5567,1.191,1.1219,1.0223,0.9523,0.9167,0.8332,0.7422,0.6468,0.5103,0.3377,0.2261,0.2481,0.3413,0.4321,0.4979,0.5407,0.5678,0.5861,0.6005,0.6145,0.6298,0.9208,0.8209,0.6903,0.6002,0.7566,1.126,1.4479,1.8524,1.4202,1.4505,1.5565,1.6993,1.7669,1.9196,1.819,1.5903,1.3791,0.8796,0.8331,0.9993,0.9662,0.8628,0.702,0.4302,0.0374,-0.189,-0.035,0.2044,0.3676,0.4601,0.5092,0.5346,0.5491,0.5609,0.5745,0.5918,1.0062,0.9592,0.923,0.9407,1.0594,1.2437,1.3843,1.3382,1.3661,1.4979,1.6202,1.8235,1.8723,1.6374,1.7401,1.8549,1.655,1.1998,1.05,1.1067,1.0478,0.9325,0.7431,0.3667,-0.2876,-0.6605,-0.2774,0.1205,0.3332,0.4337,0.4769,0.4922,0.4979,0.5053,0.5197,0.5417,1.0881,1.0755,1.0804,1.1197,1.2002,1.2998,1.3765,1.4121,1.4633,1.5528,1.6322,1.6858,1.6795,1.6146,1.7313,1.8971,1.5285,1.4784,1.3388,1.2099,1.0483,0.9441,0.8095,0.4839,-0.0657,-0.3857,-0.1217,0.1853,0.3508,0.4213,0.4391,0.432,0.4218,0.4238,0.4427,0.4751,1.1564,1.1617,1.1812,1.2203,1.278,1.3435,1.4032,1.4564,1.5196,1.6006,1.6774,1.6276,1.6409,1.6588,1.6889,1.6668,1.5507,1.5746,1.5018,1.2372,0.8027,0.8256,0.8779,0.6917,0.3943,0.203,0.2283,0.3256,0.3912,0.4077,0.3825,0.3364,0.3009,0.2997,0.3335,0.3881,1.21,1.2237,1.2475,1.283,1.3287,1.3797,1.4316,1.4851,1.5447,1.6115,1.6696,1.6543,1.6712,1.692,1.7122,1.7221,1.7255,1.8033,1.8268,1.4476,0.7876,0.8492,0.972,0.8451,0.6346,0.4677,0.3985,0.3978,0.4049,0.3743,0.29,0.1772,0.1017,0.1094,0.183,0.2805,1.2512,1.2685,1.293,1.3251,1.3638,1.4069,1.4525,1.5004,1.5505,1.5989,1.6355,1.6589,1.6909,1.7209,1.8375,1.9113,1.9234,2.1796,2.496,1.9839,1.4694,1.248,1.1357,0.9367,0.6666,0.4141,0.3134,0.3508,0.3788,0.3224,0.1554,-0.0782,-0.2178,-0.1637,-0.0031,0.1643,1.2825,1.3012,1.3251,1.3544,1.3883,1.4258,1.4659,1.5076,1.5499,1.5904,1.6272,1.6648,1.7162,1.8271,2.152,2.2903,2.0751,2.251,2.4755,2.392,1.9691,1.5853,1.3049,0.9962,0.583,0.1092,-0.0012,0.2367,0.3487,0.2842,0.0179,-0.4023,-0.6264,-0.4631,-0.1731,0.0727,1.3063,1.3251,1.348,1.3748,1.4051,1.4383,1.4736,1.5103,1.5477,1.5852,1.6238,1.6694,1.7373,1.8694,2.1199,2.2101,2.0941,2.246,2.7626,3.0042,2.2745,1.7964,1.4689,1.099,0.6077,0.05,-0.0678,0.2466,0.3713,0.3076,-0.0007,-0.5289,-0.8002,-0.5706,-0.2226,0.0508,1.3242,1.3426,1.3642,1.3888,1.4161,1.4457,1.4772,1.5101,1.544,1.5794,1.6179,1.6644,1.7282,1.8218,1.934,1.994,2.0251,2.1733,2.4825,2.5665,2.211,1.9423,1.7184,1.3261,0.8216,0.4246,0.3174,0.3701,0.451,0.4118,0.1737,-0.2289,-0.464,-0.3468,-0.1017,0.1165,1.3375,1.3552,1.3754,1.398,1.4227,1.4494,1.4776,1.5072,1.5382,1.5711,1.6072,1.6494,1.7011,1.7635,1.8277,1.8799,1.9346,2.0268,2.1384,2.1645,2.1268,2.2394,2.2314,1.7015,1.062,0.5787,0.3212,0.4196,0.5804,0.5756,0.419,0.1741,0.0005,0.0,0.108,0.239,1.3471,1.3639,1.3827,1.4035,1.4259,1.45,1.4754,1.5021,1.5301,1.5599,1.5922,1.6283,1.6691,1.7136,1.7585,1.8011,1.8465,1.9009,1.9558,2.0055,2.1364,2.5101,2.6389,1.9801,1.2719,0.796,0.5785,0.6359,0.7692,0.7352,0.6038,0.4436,0.32,0.2786,0.3083,0.3729,1.3538,1.3696,1.3871,1.406,1.4265,1.4482,1.471,1.495,1.52,1.5464,1.5745,1.6047,1.6369,1.6705,1.7039,1.7368,1.7702,1.8059,1.8453,1.9038,2.0334,2.2543,2.275,1.8623,1.3566,0.9866,0.7946,0.7611,0.7965,0.7723,0.6888,0.5893,0.5072,0.465,0.4641,0.4916]},{"header":{"la1":42.85,"la2":41.18,"lo1":11.55,"lo2":14.05,"nx":36,"ny":24,"dx":0.07143,"dy":0.07261,"parameterCategory":2,"parameterNumber":3,"parameterNumberName":"northward_wind","parameterUnit":"m.s-1"},"data":[0.4718,0.4903,0.5097,0.5295,0.5487,0.565,0.5751,0.575,0.5616,0.5347,0.4969,0.4526,0.4059,0.3591,0.3129,0.2668,0.2192,0.1687,0.114,0.0565,0.0012,-0.0435,-0.0701,-0.0767,-0.0678,-0.0504,-0.0301,-0.0103,0.0074,0.0225,0.0352,0.0457,0.0544,0.0617,0.0678,0.0729,0.4897,0.5126,0.5376,0.5649,0.5938,0.622,0.644,0.6519,0.6389,0.6038,0.5524,0.4935,0.4344,0.3782,0.3252,0.2738,0.2209,0.1626,0.095,0.0171,-0.0636,-0.1292,-0.1619,-0.1588,-0.1326,-0.0978,-0.0637,-0.0342,-0.0099,0.0097,0.0254,0.0379,0.048,0.0562,0.0629,0.0685,0.5071,0.5347,0.5659,0.6021,0.6445,0.6918,0.7363,0.762,0.7519,0.7019,0.6257,0.5428,0.4658,0.3983,0.3389,0.2836,0.2278,0.1644,0.0829,-0.026,-0.1552,-0.2644,-0.3052,-0.2757,-0.2138,-0.1505,-0.0975,-0.0563,-0.0249,-0.0011,0.0172,0.0314,0.0426,0.0515,0.0587,0.0646,0.5239,0.5563,0.5934,0.6386,0.6977,0.7747,0.8626,0.9299,0.9302,0.8486,0.723,0.5993,0.4975,0.4176,0.3529,0.2969,0.2435,0.1835,0.0957,-0.0551,-0.2812,-0.4928,-0.5385,-0.436,-0.3055,-0.2008,-0.1259,-0.0733,-0.0359,-0.0088,0.0114,0.0266,0.0384,0.0477,0.0552,0.0613,0.5399,0.5773,0.6193,0.6706,0.745,0.8628,1.0324,1.2021,1.2366,1.0763,0.8459,0.6555,0.5234,0.4326,0.366,0.313,0.2696,0.2321,0.1706,-0.0115,-0.4132,-0.8649,-0.8812,-0.609,-0.3792,-0.2329,-0.1411,-0.0814,-0.0409,-0.0124,0.0084,0.0239,0.0357,0.045,0.0524,0.0585,0.5555,0.6002,0.6468,0.697,0.773,0.9274,1.2236,1.6319,1.7747,1.4032,0.9667,0.6902,0.5337,0.4402,0.377,0.3299,0.301,0.3107,0.3559,0.2154,-0.3629,-1.0889,-1.057,-0.6531,-0.3835,-0.2292,-0.1369,-0.0783,-0.039,-0.0116,0.0082,0.023,0.0343,0.0432,0.0503,0.0561,0.57,0.629,0.6888,0.7314,0.7752,0.9164,1.2964,2.0107,2.3566,1.6286,0.9844,0.6703,0.5207,0.4398,0.3865,0.3454,0.3222,0.3643,0.5496,0.4905,-0.0867,-0.5805,-0.6639,-0.4752,-0.3032,-0.1885,-0.1142,-0.065,-0.0312,-0.0072,0.0105,0.0238,0.0341,0.0422,0.0487,0.0541,0.5777,0.6616,0.7665,0.8218,0.7787,0.8131,1.072,1.5873,1.8176,1.2716,0.8029,0.5862,0.4897,0.4376,0.3988,0.3622,0.3283,0.3249,0.3805,0.2588,-0.0998,-0.264,-0.3102,-0.2709,-0.1975,-0.1314,-0.0817,-0.0458,-0.0197,-0.0003,0.0144,0.0257,0.0345,0.0416,0.0474,0.0522,0.5633,0.6643,0.8425,0.9866,0.7893,0.67,0.7254,0.8375,0.8233,0.6509,0.5264,0.4796,0.4629,0.4461,0.419,0.387,0.3407,0.2806,0.1974,-0.0084,-0.3339,-0.3105,-0.205,-0.156,-0.1157,-0.0794,-0.0495,-0.026,-0.0075,0.0072,0.0188,0.0279,0.0352,0.0411,0.0461,0.0503,0.5152,0.5815,0.691,0.7602,0.5759,0.4972,0.4697,0.3948,0.2172,0.1363,0.2783,0.402,0.4687,0.4834,0.4389,0.4077,0.3656,0.2801,0.1692,-0.008,-0.231,-0.2317,-0.1359,-0.0868,-0.0603,-0.041,-0.0247,-0.0101,0.0028,0.0137,0.0228,0.03,0.0358,0.0404,0.0444,0.048,0.4489,0.454,0.3994,0.2034,0.2196,0.3443,0.3342,0.2136,-0.1765,-0.3825,0.1153,0.3862,0.533,0.5978,0.5047,0.4246,0.3819,0.2827,0.1866,0.0841,-0.0196,-0.0593,-0.0477,-0.0335,-0.0256,-0.0194,-0.0114,-0.0012,0.0092,0.0184,0.0258,0.0314,0.0356,0.0391,0.0421,0.045,0.3922,0.3717,0.301,0.1795,0.1972,0.2933,0.3075,0.2805,0.0457,-0.1258,0.1849,0.4288,0.6444,0.8831,0.7586,0.5318,0.3849,0.2355,0.1602,0.1241,0.0712,0.0293,0.008,-0.0043,-0.0149,-0.02,-0.0136,-0.0008,0.0118,0.0213,0.0277,0.0318,0.0345,0.0366,0.0386,0.041,0.3534,0.3355,0.3005,0.2642,0.2668,0.2919,0.3178,0.3957,0.2811,0.1992,0.292,0.463,0.6333,0.99,0.8619,0.5649,0.3885,0.0956,0.0634,0.1193,0.0887,0.0504,0.0226,-0.0025,-0.0335,-0.0509,-0.0336,-0.0068,0.0125,0.0236,0.029,0.0311,0.0317,0.0322,0.0333,0.0354,0.326,0.3142,0.2975,0.2827,0.2776,0.2806,0.2911,0.2971,0.2673,0.2171,0.2651,0.473,0.5628,0.6039,0.591,0.6052,0.4679,0.2151,0.1267,0.1113,0.0608,0.024,0.0078,-0.013,-0.0614,-0.094,-0.0539,-0.0085,0.0167,0.0274,0.03,0.0286,0.0262,0.0248,0.0252,0.0274,0.3036,0.2948,0.2836,0.2725,0.2631,0.2557,0.2487,0.2329,0.1836,0.0978,0.0479,0.1443,0.3069,0.3247,0.461,0.6036,0.3001,0.2697,0.1655,0.0617,-0.042,-0.0647,-0.0319,-0.0173,-0.0421,-0.0653,-0.0313,0.0092,0.0295,0.0342,0.0301,0.0226,0.0159,0.0124,0.0128,0.0162,0.2837,0.2755,0.2653,0.2536,0.2404,0.2247,0.2026,0.1629,0.0814,-0.0899,-0.4018,-0.2738,-0.0747,0.1616,0.2696,0.3216,0.2561,0.2083,0.1081,-0.0465,-0.279,-0.2337,-0.0853,-0.016,0.0039,0.0105,0.0297,0.0482,0.0522,0.0433,0.0272,0.0097,-0.0033,-0.0082,-0.0058,0.0011,0.2655,0.257,0.2463,0.2331,0.2168,0.1954,0.1643,0.1139,0.0252,-0.1372,-0.3694,-0.2751,-0.3255,-0.3631,0.0111,0.1307,0.1446,0.0935,0.0209,-0.0853,-0.3184,-0.259,-0.0907,0.0001,0.0531,0.0897,0.1087,0.1042,0.0826,0.0521,0.0169,-0.0166,-0.0379,-0.0414,-0.0322,-0.0181,0.2491,0.24,0.2285,0.2142,0.1961,0.1721,0.139,0.091,0.0211,-0.0718,-0.1546,-0.1974,-0.374,-0.4124,-0.178,-0.111,-0.0181,-0.023,-0.0757,-0.0553,-0.1077,-0.1065,-0.0391,0.0366,0.119,0.2009,0.2258,0.1797,0.1172,0.0571,-0.0048,-0.0637,-0.0958,-0.09,-0.0653,-0.0393,0.2345,0.2249,0.2129,0.1981,0.1795,0.1558,0.1249,0.0847,0.0342,-0.0224,-0.075,-0.126,-0.1915,-0.2355,-0.3989,-0.489,-0.1598,-0.0538,-0.0565,-0.0296,-0.0352,-0.0341,-0.0004,0.0694,0.1894,0.3587,0.3963,0.2582,0.1434,0.0557,-0.0336,-0.1262,-0.1696,-0.143,-0.0959,-0.0568,0.2217,0.2119,0.1998,0.1851,0.1671,0.145,0.1179,0.0853,0.0478,0.0078,-0.0318,-0.0721,-0.1181,-0.1905,-0.3559,-0.4039,-0.1755,-0.0547,-0.0132,-0.003,-0.0207,-0.0266,-0.0036,0.0657,0.1957,0.3863,0.4279,0.2556,0.1381,0.0472,-0.0471,-0.1524,-0.2002,-0.1625,-0.1067,-0.0632,0.2107,0.2008,0.189,0.1749,0.1581,0.1382,0.1149,0.0883,0.059,0.0282,-0.003,-0.0356,-0.073,-0.1232,-0.1815,-0.1834,-0.1101,-0.0477,-0.0199,-0.0172,-0.0412,-0.0744,-0.0687,0.0076,0.1245,0.2189,0.2196,0.181,0.0989,0.0246,-0.0396,-0.1097,-0.1476,-0.1293,-0.0909,-0.0563,0.2013,0.1916,0.1802,0.167,0.1516,0.1339,0.1139,0.0918,0.0681,0.0434,0.0182,-0.0078,-0.0354,-0.0643,-0.0865,-0.0857,-0.0621,-0.0385,-0.0305,-0.0451,-0.1013,-0.207,-0.2327,-0.1001,0.0467,0.1447,0.1957,0.1434,0.013,-0.0365,-0.0469,-0.0675,-0.0855,-0.082,-0.0634,-0.0415,0.1933,0.1839,0.1732,0.1609,0.1469,0.1313,0.1141,0.0954,0.0758,0.0555,0.035,0.0145,-0.0057,-0.0238,-0.036,-0.0384,-0.0331,-0.0289,-0.036,-0.0676,-0.1532,-0.3139,-0.3614,-0.1804,-0.0148,0.0769,0.1004,0.0028,-0.1551,-0.1329,-0.0762,-0.0557,-0.0531,-0.0492,-0.0392,-0.0258,0.1865,0.1776,0.1675,0.1562,0.1436,0.1298,0.1148,0.0988,0.0823,0.0654,0.0485,0.032,0.0166,0.0034,-0.0061,-0.0113,-0.0141,-0.0193,-0.0338,-0.0681,-0.1371,-0.2322,-0.2521,-0.1497,-0.0401,0.0191,0.0149,-0.0729,-0.1782,-0.1508,-0.0868,-0.0523,-0.038,-0.0301,-0.022,-0.0124]}]