docs/data/wind_grid.json
[{"header":{"la1":42.85,"la2":41.18,"lo1":11.55,"lo2":14.05,"nx":36,"ny":24,"dx":0.07143,"dy":0.07261,"parameterCategory":2,"parameterNumber":2,"parameterNumberName":"eastward_wind","parameterUnit":"m.s-1"},"data":[-0.8503,-0.8565,-0.8634,-0.8711,-0.8796,-0.8886,-0.898,-0.9078,-0.9186,-0.9323,-0.9516,-0.9793,-1.017,-1.0627,-1.1087,-1.1421,-1.1509,-1.1325,-1.0947,-1.0488,-1.0032,-0.9617,-0.9256,-0.8945,-0.8677,-0.8444,-0.8241,-0.8064,-0.7907,-0.7768,-0.7645,-0.7537,-0.7441,-0.7356,-0.7282,-0.7217,-0.8517,-0.8584,-0.8662,-0.8752,-0.8853,-0.8962,-0.9071,-0.9174,-0.9276,-0.9401,-0.9598,-0.9928,-1.044,-1.1138,-1.1914,-1.2511,-1.265,-1.2286,-1.1632,-1.0926,-1.0292,-0.9762,-0.9328,-0.897,-0.8672,-0.8418,-0.82,-0.8011,-0.7846,-0.7702,-0.7575,-0.7463,-0.7366,-0.728,-0.7206,-0.7141,-0.8526,-0.86,-0.8689,-0.8795,-0.8921,-0.9062,-0.9203,-0.9322,-0.9406,-0.9486,-0.9645,-0.9996,-1.0654,-1.1692,-1.3008,-1.4116,-1.4325,-1.3562,-1.2413,-1.1346,-1.05,-0.9854,-0.9355,-0.8959,-0.8636,-0.8367,-0.8137,-0.794,-0.7768,-0.7619,-0.7489,-0.7376,-0.7278,-0.7192,-0.7119,-0.7056,-0.8531,-0.861,-0.8709,-0.8835,-0.8996,-0.9194,-0.9407,-0.9578,-0.9642,-0.9617,-0.9653,-0.9947,-1.0696,-1.2096,-1.4179,-1.6174,-1.6461,-1.494,-1.3071,-1.1609,-1.0581,-0.9855,-0.9319,-0.8903,-0.8567,-0.8287,-0.805,-0.7846,-0.7671,-0.7519,-0.7388,-0.7274,-0.7176,-0.7092,-0.7021,-0.696,-0.853,-0.8612,-0.8717,-0.8861,-0.9064,-0.9348,-0.9708,-1.0037,-1.0111,-0.9874,-0.9635,-0.9741,-1.0426,-1.1958,-1.4564,-1.7394,-1.7746,-1.5511,-1.3158,-1.1531,-1.047,-0.9746,-0.9214,-0.8799,-0.8461,-0.8177,-0.7937,-0.773,-0.7553,-0.7401,-0.7269,-0.7157,-0.706,-0.6979,-0.691,-0.6853,-0.8523,-0.8602,-0.8707,-0.8857,-0.9089,-0.9466,-1.0059,-1.077,-1.0986,-1.032,-0.9576,-0.9359,-0.9798,-1.103,-1.3196,-1.5585,-1.5987,-1.4256,-1.2378,-1.1058,-1.0173,-0.9541,-0.9053,-0.8656,-0.8322,-0.8039,-0.7797,-0.759,-0.7413,-0.7261,-0.7132,-0.7022,-0.6928,-0.685,-0.6786,-0.6734,-0.851,-0.8583,-0.8678,-0.8812,-0.9029,-0.9423,-1.0175,-1.1371,-1.1901,-1.0599,-0.9285,-0.8775,-0.8922,-0.9649,-1.0897,-1.2203,-1.263,-1.2034,-1.1156,-1.0403,-0.9801,-0.9299,-0.8865,-0.8485,-0.8155,-0.7872,-0.763,-0.7424,-0.7249,-0.7101,-0.6975,-0.6868,-0.678,-0.6706,-0.6647,-0.6601,-0.8497,-0.8561,-0.8638,-0.8737,-0.8883,-0.9141,-0.966,-1.0554,-1.0891,-0.9633,-0.8455,-0.7957,-0.7934,-0.8286,-0.8953,-0.9716,-1.0231,-1.0353,-1.02,-0.99,-0.9518,-0.9099,-0.8683,-0.8299,-0.7962,-0.7675,-0.7432,-0.7229,-0.7059,-0.6916,-0.6796,-0.6695,-0.6612,-0.6545,-0.6493,-0.6454,-0.8487,-0.8546,-0.8609,-0.8673,-0.8732,-0.878,-0.8806,-0.8749,-0.8345,-0.764,-0.7198,-0.699,-0.6909,-0.7052,-0.7521,-0.8254,-0.9032,-0.9624,-0.9886,-0.9799,-0.9457,-0.8996,-0.8524,-0.8097,-0.7736,-0.744,-0.7199,-0.7003,-0.6841,-0.6707,-0.6594,-0.6501,-0.6425,-0.6365,-0.6321,-0.6291,-0.8485,-0.8546,-0.861,-0.8667,-0.8696,-0.8638,-0.8349,-0.7546,-0.6121,-0.5415,-0.5908,-0.6066,-0.5854,-0.5779,-0.6254,-0.7323,-0.868,-0.9865,-1.043,-1.0277,-0.9691,-0.8994,-0.8362,-0.785,-0.7456,-0.7155,-0.6924,-0.6742,-0.6594,-0.6472,-0.6369,-0.6284,-0.6216,-0.6164,-0.6129,-0.611,-0.849,-0.8562,-0.8645,-0.8738,-0.8833,-0.8887,-0.8722,-0.7658,-0.4283,-0.2732,-0.5043,-0.5373,-0.4699,-0.4115,-0.4714,-0.6574,-0.9104,-1.1471,-1.2332,-1.1537,-1.0193,-0.8998,-0.8112,-0.75,-0.7087,-0.6803,-0.6598,-0.6442,-0.6316,-0.621,-0.6119,-0.6043,-0.5982,-0.5939,-0.5914,-0.5908,-0.8496,-0.8583,-0.8696,-0.8849,-0.9073,-0.9416,-0.9912,-1.0046,-0.7092,-0.4657,-0.5468,-0.4975,-0.3547,-0.1614,-0.2658,-0.598,-1.0529,-1.5819,-1.6789,-1.3619,-1.0663,-0.8743,-0.7605,-0.6958,-0.659,-0.6368,-0.6219,-0.6106,-0.6011,-0.5924,-0.5845,-0.5774,-0.5719,-0.5683,-0.5671,-0.5681,-0.8497,-0.8596,-0.8732,-0.8931,-0.9249,-0.98,-1.0776,-1.2012,-1.0674,-0.7772,-0.6141,-0.4573,-0.3459,-0.0887,-0.1949,-0.6234,-1.2157,-2.2808,-2.2966,-1.4983,-1.0201,-0.7758,-0.6613,-0.6133,-0.5941,-0.5853,-0.5796,-0.5742,-0.5684,-0.5617,-0.5545,-0.5474,-0.5419,-0.5389,-0.5392,-0.5424,-0.8485,-0.8588,-0.8729,-0.8933,-0.9247,-0.9746,-1.0496,-1.1266,-1.0528,-0.8399,-0.6631,-0.394,-0.3237,-0.5703,-0.515,-0.7631,-1.1335,-1.7593,-1.8281,-1.2182,-0.7636,-0.5481,-0.4933,-0.5003,-0.5171,-0.529,-0.5349,-0.5365,-0.5346,-0.5295,-0.5218,-0.5134,-0.5068,-0.5042,-0.5064,-0.5128,-0.8459,-0.8556,-0.8683,-0.8857,-0.9095,-0.9411,-0.9757,-0.9891,-0.94,-0.8628,-0.8074,-0.7075,-0.6225,-0.6055,-0.6787,-0.9412,-1.1589,-1.1236,-1.0417,-0.6683,-0.2481,-0.1436,-0.2581,-0.3719,-0.4399,-0.4744,-0.491,-0.4989,-0.5009,-0.4964,-0.4862,-0.4737,-0.4642,-0.4617,-0.4671,-0.4785,-0.842,-0.8504,-0.8609,-0.874,-0.8896,-0.9062,-0.9186,-0.9178,-0.9058,-0.9254,-1.0318,-0.9786,-0.883,-0.7717,-0.7978,-0.9382,-1.062,-0.8935,-0.6486,-0.1823,0.4948,0.3856,-0.0348,-0.2728,-0.3818,-0.4278,-0.4488,-0.4621,-0.4687,-0.4639,-0.447,-0.4251,-0.4095,-0.4076,-0.4192,-0.4391,-0.8371,-0.8442,-0.8524,-0.8617,-0.8717,-0.8808,-0.8872,-0.8906,-0.9004,-0.9427,-1.0253,-0.9921,-1.0717,-1.1226,-0.923,-0.8755,-0.8163,-0.627,-0.4057,-0.0789,0.5891,0.4448,-0.0104,-0.2541,-0.3549,-0.3861,-0.4015,-0.4237,-0.4403,-0.4344,-0.4034,-0.3622,-0.3358,-0.3378,-0.362,-0.3956,-0.8318,-0.8375,-0.8439,-0.8507,-0.8575,-0.8638,-0.8695,-0.8763,-0.89,-0.9164,-0.9474,-0.9803,-1.1136,-1.1458,-0.994,-0.9223,-0.7354,-0.391,-0.1545,-0.2233,-0.0426,-0.0177,-0.1769,-0.3039,-0.3459,-0.3259,-0.3263,-0.3795,-0.422,-0.4142,-0.3562,-0.2797,-0.2381,-0.2527,-0.2997,-0.353,-0.8263,-0.8309,-0.8358,-0.841,-0.8462,-0.8513,-0.8569,-0.8643,-0.8759,-0.8929,-0.9145,-0.9452,-0.9903,-1.0132,-1.0938,-1.1339,-0.7972,-0.4322,-0.2641,-0.3685,-0.3345,-0.3001,-0.3299,-0.3662,-0.3397,-0.2207,-0.1957,-0.3457,-0.4331,-0.4154,-0.3162,-0.1902,-0.1346,-0.1728,-0.2485,-0.3213,-0.8208,-0.8245,-0.8284,-0.8324,-0.8365,-0.8409,-0.8459,-0.8524,-0.8613,-0.8731,-0.8881,-0.9069,-0.9297,-0.9643,-1.0541,-1.0654,-0.8094,-0.5634,-0.4842,-0.4936,-0.4446,-0.4168,-0.4183,-0.4253,-0.3868,-0.2295,-0.1935,-0.4444,-0.511,-0.4529,-0.3155,-0.158,-0.0962,-0.1465,-0.2334,-0.3126,-0.8153,-0.8182,-0.8213,-0.8245,-0.8278,-0.8313,-0.8354,-0.8404,-0.8468,-0.8545,-0.8637,-0.8742,-0.8862,-0.9026,-0.9187,-0.8814,-0.7523,-0.6075,-0.5222,-0.4978,-0.4777,-0.4591,-0.458,-0.4776,-0.5134,-0.5997,-0.8298,-0.7968,-0.6543,-0.5236,-0.3749,-0.2324,-0.1702,-0.1991,-0.2652,-0.3311,-0.8099,-0.8122,-0.8146,-0.817,-0.8195,-0.8222,-0.8251,-0.8285,-0.8324,-0.8368,-0.8411,-0.845,-0.8475,-0.8463,-0.8333,-0.7911,-0.7141,-0.6271,-0.5606,-0.5206,-0.4863,-0.4483,-0.441,-0.4903,-0.5953,-0.8117,-1.0744,-0.9626,-0.7454,-0.5878,-0.4559,-0.3475,-0.2905,-0.2914,-0.3255,-0.3686,-0.8046,-0.8063,-0.8081,-0.8098,-0.8116,-0.8133,-0.8151,-0.8169,-0.8186,-0.82,-0.8206,-0.8194,-0.8151,-0.8049,-0.784,-0.7469,-0.694,-0.6352,-0.582,-0.536,-0.4849,-0.4234,-0.4082,-0.4781,-0.5947,-0.7523,-0.8796,-0.8488,-0.7296,-0.6141,-0.5159,-0.4382,-0.391,-0.3777,-0.389,-0.4123,-0.7994,-0.8006,-0.8018,-0.8029,-0.8038,-0.8047,-0.8054,-0.8057,-0.8056,-0.8047,-0.8023,-0.7977,-0.7895,-0.7758,-0.7541,-0.7227,-0.6829,-0.6387,-0.5947,-0.551,-0.5036,-0.4578,-0.4498,-0.4993,-0.5805,-0.67,-0.732,-0.7308,-0.6798,-0.6131,-0.5488,-0.4955,-0.4593,-0.4426,-0.4425,-0.453]},{"header":{"la1":42.85,"la2":41.18,"lo1":11.55,"lo2":14.05,"nx":36,"ny":24,"dx":0.07143,"dy":0.07261,"parameterCategory":2,"parameterNumber":3,"parameterNumberName":"northward_wind","parameterUnit":"m.s-1"},"data":[-0.2217,-0.2022,-0.1799,-0.1557,-0.1308,-0.1078,-0.09,-0.081,-0.0828,-0.0949,-0.1139,-0.1349,-0.1535,-0.1672,-0.176,-0.182,-0.1883,-0.1967,-0.2068,-0.2174,-0.2274,-0.2363,-0.2441,-0.251,-0.2573,-0.2632,-0.269,-0.2748,-0.2807,-0.2866,-0.2926,-0.2987,-0.3047,-0.3106,-0.3163,-0.3218,-0.2206,-0.1972,-0.1692,-0.137,-0.1018,-0.0672,-0.0386,-0.0231,-0.0258,-0.0462,-0.0779,-0.1114,-0.1389,-0.1565,-0.1644,-0.1675,-0.1726,-0.1831,-0.1971,-0.2112,-0.2237,-0.234,-0.2426,-0.2498,-0.2563,-0.2625,-0.2685,-0.2746,-0.2808,-0.2872,-0.2938,-0.3004,-0.307,-0.3135,-0.3198,-0.3257,-0.2226,-0.1951,-0.1605,-0.118,-0.068,-0.0144,0.0342,0.0638,0.0614,0.026,-0.0287,-0.0836,-0.1252,-0.1476,-0.1517,-0.1473,-0.1496,-0.165,-0.1862,-0.2058,-0.2212,-0.2328,-0.2418,-0.2491,-0.2556,-0.2618,-0.268,-0.2744,-0.2811,-0.288,-0.2953,-0.3026,-0.3099,-0.3171,-0.324,-0.3305,-0.2289,-0.1981,-0.1568,-0.1023,-0.0323,0.0515,0.138,0.1996,0.202,0.1376,0.0393,-0.0521,-0.1149,-0.1435,-0.1401,-0.1207,-0.1188,-0.1449,-0.1776,-0.2034,-0.2211,-0.2332,-0.242,-0.2489,-0.255,-0.2611,-0.2674,-0.2741,-0.2813,-0.289,-0.297,-0.3052,-0.3134,-0.3215,-0.3291,-0.3362,-0.2413,-0.2088,-0.1625,-0.0966,-0.0033,0.124,0.2791,0.4151,0.4381,0.3116,0.1277,-0.0217,-0.1124,-0.1492,-0.1392,-0.1042,-0.0992,-0.1376,-0.179,-0.2073,-0.2247,-0.2355,-0.243,-0.2489,-0.2544,-0.2601,-0.2665,-0.2737,-0.2816,-0.2902,-0.2992,-0.3085,-0.3178,-0.3269,-0.3354,-0.3432,-0.2609,-0.2297,-0.1828,-0.1107,0.0014,0.1761,0.434,0.7266,0.8147,0.5509,0.2139,-0.0097,-0.1266,-0.1716,-0.166,-0.1355,-0.1307,-0.1628,-0.1968,-0.219,-0.2318,-0.2393,-0.2443,-0.2486,-0.2532,-0.2586,-0.2651,-0.2729,-0.2817,-0.2915,-0.3019,-0.3126,-0.3233,-0.3336,-0.3432,-0.3519,-0.2882,-0.2625,-0.2214,-0.1542,-0.0415,0.153,0.488,0.9683,1.1689,0.7032,0.2155,-0.0468,-0.1684,-0.2151,-0.2188,-0.2042,-0.199,-0.2106,-0.2254,-0.2354,-0.2407,-0.2433,-0.2452,-0.2475,-0.2509,-0.2561,-0.2629,-0.2715,-0.2816,-0.293,-0.3052,-0.3178,-0.3303,-0.3421,-0.353,-0.3626,-0.3221,-0.3062,-0.2785,-0.2299,-0.1436,0.011,0.2834,0.677,0.8275,0.4326,0.0516,-0.1474,-0.2404,-0.2772,-0.2816,-0.271,-0.2601,-0.2551,-0.2534,-0.2516,-0.2489,-0.2461,-0.2443,-0.2444,-0.2469,-0.2519,-0.2594,-0.2693,-0.2812,-0.2948,-0.3095,-0.3245,-0.3393,-0.3531,-0.3655,-0.3761,-0.3602,-0.3573,-0.3486,-0.329,-0.2891,-0.2142,-0.0915,0.0472,0.0718,-0.0533,-0.1858,-0.2761,-0.3291,-0.3512,-0.3473,-0.3275,-0.3052,-0.2882,-0.2758,-0.265,-0.2547,-0.2461,-0.2405,-0.2385,-0.2402,-0.2455,-0.2542,-0.266,-0.2805,-0.2971,-0.3151,-0.3334,-0.3512,-0.3674,-0.3815,-0.3931,-0.3988,-0.4101,-0.4227,-0.4359,-0.447,-0.4495,-0.4321,-0.3889,-0.344,-0.3318,-0.351,-0.3847,-0.4191,-0.4367,-0.4201,-0.378,-0.3375,-0.3126,-0.2956,-0.277,-0.2578,-0.2421,-0.2323,-0.2285,-0.2299,-0.2361,-0.2466,-0.2611,-0.2792,-0.3001,-0.3226,-0.3454,-0.3671,-0.3864,-0.4025,-0.4151,-0.4339,-0.4582,-0.4906,-0.5344,-0.593,-0.6648,-0.7248,-0.6827,-0.4378,-0.3339,-0.4241,-0.4606,-0.5088,-0.5523,-0.5173,-0.4242,-0.3559,-0.3384,-0.3275,-0.2947,-0.2583,-0.232,-0.2176,-0.2126,-0.2148,-0.2228,-0.236,-0.2543,-0.2773,-0.3041,-0.333,-0.362,-0.389,-0.4121,-0.4304,-0.4434,-0.4618,-0.4958,-0.543,-0.6101,-0.7073,-0.8468,-1.0266,-1.128,-0.7754,-0.4887,-0.4985,-0.5111,-0.5903,-0.7449,-0.6588,-0.4454,-0.3459,-0.4066,-0.4182,-0.3264,-0.2513,-0.2104,-0.1926,-0.1888,-0.1935,-0.2043,-0.2212,-0.2445,-0.2744,-0.3096,-0.3478,-0.3856,-0.4197,-0.4475,-0.4678,-0.4805,-0.48,-0.5189,-0.5731,-0.6509,-0.7662,-0.9417,-1.2032,-1.4794,-1.239,-0.7529,-0.5487,-0.549,-0.5802,-0.797,-0.6921,-0.3426,-0.2417,-0.5756,-0.5879,-0.3372,-0.2159,-0.1663,-0.152,-0.1548,-0.1648,-0.1794,-0.2003,-0.2301,-0.2697,-0.3174,-0.3692,-0.4199,-0.4638,-0.4972,-0.5186,-0.5291,-0.4876,-0.5263,-0.579,-0.6525,-0.7576,-0.9092,-1.1137,-1.3066,-1.1483,-0.7043,-0.4898,-0.6032,-0.623,-0.1542,-0.2759,0.0479,0.2683,-0.2116,-0.366,-0.2181,-0.1211,-0.0831,-0.0893,-0.1096,-0.1281,-0.1456,-0.1699,-0.2077,-0.2614,-0.3282,-0.4012,-0.4712,-0.5288,-0.5682,-0.5885,-0.593,-0.4855,-0.5198,-0.5643,-0.6226,-0.6982,-0.7916,-0.8867,-0.9159,-0.7563,-0.4708,-0.2897,-0.2755,-0.194,0.0726,-0.0092,0.7681,1.6799,0.5499,0.0147,-0.0414,0.0515,0.0651,-0.0024,-0.0577,-0.0839,-0.0979,-0.1217,-0.1698,-0.2457,-0.3432,-0.4502,-0.5502,-0.6269,-0.6712,-0.6846,-0.6759,-0.4761,-0.5035,-0.5367,-0.5759,-0.6193,-0.6595,-0.6759,-0.6288,-0.4801,-0.246,0.0007,-0.0239,-0.071,-0.0563,0.0487,0.6563,1.2557,0.477,0.0088,0.0407,0.3452,0.2871,0.0799,-0.0149,-0.0307,-0.0222,-0.0371,-0.1021,-0.2159,-0.364,-0.5264,-0.6745,-0.7773,-0.8208,-0.8149,-0.7803,-0.4622,-0.4821,-0.504,-0.5264,-0.5452,-0.5524,-0.5338,-0.471,-0.3521,-0.1833,-0.0146,-0.0445,-0.0554,-0.0449,-0.0524,0.0849,0.1454,-0.1581,-0.3871,-0.1337,0.3643,0.2914,0.0657,0.0011,0.0448,0.1177,0.1239,0.0202,-0.1638,-0.3937,-0.6447,-0.87,-1.0064,-1.0323,-0.9826,-0.9032,-0.4462,-0.4595,-0.4722,-0.4822,-0.486,-0.4775,-0.4491,-0.394,-0.3119,-0.2163,-0.1427,-0.1175,-0.0772,-0.0812,-0.2309,-0.295,-0.3345,-0.7108,-1.0773,-0.5792,-0.1607,-0.0404,-0.0532,-0.0001,0.171,0.3913,0.4324,0.2187,-0.092,-0.4354,-0.8138,-1.1569,-1.3291,-1.3018,-1.1728,-1.0292,-0.4303,-0.4382,-0.4442,-0.4465,-0.4424,-0.4283,-0.4009,-0.3585,-0.3044,-0.2486,-0.2058,-0.184,-0.1849,-0.2637,-0.5261,-0.6269,-0.5128,-0.7394,-0.939,-0.7059,-0.466,-0.2854,-0.1724,-0.0129,0.3158,0.8142,0.9118,0.4236,-0.0496,-0.4871,-0.9942,-1.4772,-1.6728,-1.5572,-1.3329,-1.1262,-0.4155,-0.4195,-0.4212,-0.4193,-0.4118,-0.3971,-0.374,-0.343,-0.3072,-0.273,-0.2484,-0.2412,-0.2646,-0.3518,-0.5261,-0.588,-0.5309,-0.6203,-0.7465,-0.7799,-0.5803,-0.4067,-0.2752,-0.0906,0.2585,0.842,0.9625,0.2827,-0.1389,-0.5326,-1.0609,-1.597,-1.7976,-1.6429,-1.384,-1.1573,-0.4026,-0.404,-0.4031,-0.3991,-0.3908,-0.3776,-0.3593,-0.3369,-0.3131,-0.2921,-0.2792,-0.2805,-0.3043,-0.3589,-0.4322,-0.4743,-0.496,-0.5605,-0.6537,-0.671,-0.5657,-0.4777,-0.4011,-0.2566,-0.0611,-0.0021,-0.3498,-0.3603,-0.3469,-0.5581,-0.9557,-1.3822,-1.573,-1.4887,-1.2964,-1.1101,-0.3916,-0.3914,-0.3892,-0.3844,-0.3766,-0.3655,-0.3514,-0.3355,-0.3197,-0.3069,-0.3007,-0.3049,-0.3228,-0.355,-0.3938,-0.4277,-0.4605,-0.504,-0.5468,-0.5571,-0.5465,-0.5795,-0.5797,-0.4423,-0.3215,-0.4466,-0.7652,-0.6365,-0.4855,-0.5646,-0.8021,-1.0726,-1.2287,-1.2254,-1.1291,-1.0101,-0.3826,-0.3814,-0.3786,-0.3739,-0.367,-0.3581,-0.3475,-0.3362,-0.3257,-0.3181,-0.3154,-0.32,-0.333,-0.3537,-0.3791,-0.4056,-0.4333,-0.463,-0.4901,-0.5124,-0.5553,-0.6545,-0.6853,-0.5442,-0.4298,-0.4659,-0.5695,-0.5531,-0.5071,-0.5539,-0.688,-0.8472,-0.959,-0.9902,-0.9578,-0.8952,-0.3752,-0.3736,-0.3707,-0.3664,-0.3606,-0.3536,-0.3457,-0.3377,-0.3308,-0.3263,-0.3256,-0.3298,-0.3394,-0.3541,-0.3724,-0.3927,-0.4144,-0.437,-0.4599,-0.4874,-0.5331,-0.5972,-0.6088,-0.5306,-0.4563,-0.4465,-0.4729,-0.4839,-0.4913,-0.5328,-0.6136,-0.7087,-0.7846,-0.8208,-0.8185,-0.7907]}]