docs/data/wind_grid.json
[{"header":{"la1":42.85,"la2":41.18,"lo1":11.55,"lo2":14.05,"nx":36,"ny":24,"dx":0.07143,"dy":0.07261,"parameterCategory":2,"parameterNumber":2,"parameterNumberName":"eastward_wind","parameterUnit":"m.s-1"},"data":[-0.3209,-0.3298,-0.3382,-0.346,-0.3528,-0.358,-0.3606,-0.3591,-0.3529,-0.3421,-0.3283,-0.3139,-0.3011,-0.2915,-0.2857,-0.2836,-0.2844,-0.2867,-0.2893,-0.2908,-0.2909,-0.2898,-0.2881,-0.286,-0.2834,-0.28,-0.2756,-0.2706,-0.265,-0.2593,-0.2535,-0.248,-0.2427,-0.2377,-0.2331,-0.2288,-0.3329,-0.344,-0.3547,-0.3651,-0.375,-0.3839,-0.3899,-0.3905,-0.383,-0.3675,-0.3468,-0.3253,-0.3068,-0.2936,-0.2865,-0.285,-0.2877,-0.2925,-0.2969,-0.2989,-0.298,-0.2954,-0.293,-0.2912,-0.2893,-0.2861,-0.2815,-0.2757,-0.2693,-0.2626,-0.2561,-0.2498,-0.244,-0.2386,-0.2336,-0.2291,-0.3464,-0.3602,-0.3738,-0.3873,-0.4014,-0.4163,-0.4297,-0.4358,-0.4279,-0.4046,-0.3718,-0.3386,-0.3114,-0.2932,-0.2845,-0.2845,-0.2907,-0.2997,-0.307,-0.3088,-0.3043,-0.2971,-0.2934,-0.2939,-0.2945,-0.2925,-0.2878,-0.2811,-0.2736,-0.2659,-0.2584,-0.2514,-0.245,-0.2392,-0.2339,-0.2291,-0.3617,-0.3792,-0.396,-0.4126,-0.4315,-0.4559,-0.4843,-0.5053,-0.5,-0.4618,-0.4063,-0.3533,-0.3131,-0.2881,-0.2779,-0.2806,-0.293,-0.3094,-0.3217,-0.3224,-0.3075,-0.2866,-0.2815,-0.2912,-0.2993,-0.2999,-0.2949,-0.2869,-0.2778,-0.2688,-0.2603,-0.2526,-0.2456,-0.2393,-0.2338,-0.2288,-0.3795,-0.4025,-0.4235,-0.4421,-0.4638,-0.4998,-0.5572,-0.6174,-0.625,-0.5533,-0.4515,-0.3662,-0.3085,-0.2753,-0.2634,-0.2707,-0.2934,-0.3228,-0.345,-0.3453,-0.3085,-0.2476,-0.2457,-0.2844,-0.3066,-0.3098,-0.3032,-0.2929,-0.2818,-0.2712,-0.2616,-0.2531,-0.2456,-0.239,-0.2332,-0.2281,-0.4001,-0.433,-0.4619,-0.4806,-0.4964,-0.5378,-0.6389,-0.7922,-0.8447,-0.6872,-0.4969,-0.3688,-0.2923,-0.25,-0.2357,-0.2491,-0.2876,-0.3391,-0.3776,-0.3842,-0.338,-0.2169,-0.2238,-0.297,-0.3253,-0.3244,-0.3128,-0.2986,-0.2849,-0.2727,-0.262,-0.2529,-0.245,-0.2382,-0.2323,-0.2271,-0.422,-0.4739,-0.524,-0.5452,-0.5339,-0.5511,-0.6742,-0.9447,-1.0806,-0.7813,-0.5012,-0.3471,-0.2593,-0.2067,-0.1852,-0.2033,-0.2637,-0.3466,-0.398,-0.4091,-0.4478,-0.3821,-0.3483,-0.3653,-0.3614,-0.3433,-0.3223,-0.303,-0.2865,-0.2727,-0.2613,-0.2517,-0.2436,-0.2367,-0.2308,-0.2257,-0.4374,-0.5193,-0.6258,-0.6773,-0.5954,-0.532,-0.5952,-0.7827,-0.8682,-0.6413,-0.4264,-0.298,-0.2108,-0.1403,-0.093,-0.107,-0.1991,-0.324,-0.4148,-0.5095,-0.7282,-0.7262,-0.5673,-0.464,-0.4026,-0.3599,-0.3282,-0.3042,-0.2856,-0.2709,-0.2591,-0.2494,-0.2414,-0.2346,-0.2289,-0.224,-0.4292,-0.5303,-0.7169,-0.8716,-0.6478,-0.4801,-0.467,-0.5047,-0.4975,-0.4156,-0.3244,-0.2432,-0.1602,-0.0522,0.0832,0.1071,-0.0701,-0.2771,-0.4537,-0.7193,-1.1964,-1.1046,-0.7295,-0.5269,-0.4238,-0.3645,-0.3266,-0.3006,-0.2816,-0.267,-0.2555,-0.2462,-0.2385,-0.2321,-0.2266,-0.2219,-0.3854,-0.4492,-0.5597,-0.6307,-0.4371,-0.3681,-0.3687,-0.3612,-0.3215,-0.2848,-0.2579,-0.2082,-0.133,0.0155,0.39,0.589,0.092,-0.2549,-0.4665,-0.7005,-1.018,-0.972,-0.6946,-0.5115,-0.4099,-0.3515,-0.3157,-0.2919,-0.2746,-0.2614,-0.2508,-0.2422,-0.2351,-0.2291,-0.224,-0.2197,-0.3231,-0.3215,-0.2527,-0.0249,-0.0522,-0.2504,-0.3254,-0.3264,-0.256,-0.2204,-0.2316,-0.1986,-0.1466,-0.0458,0.3138,0.5892,0.0036,-0.3719,-0.5446,-0.6162,-0.6786,-0.6569,-0.5461,-0.4396,-0.3678,-0.3246,-0.2982,-0.28,-0.266,-0.2547,-0.2454,-0.2378,-0.2313,-0.2259,-0.2213,-0.2173,-0.2727,-0.2452,-0.1585,-0.0082,-0.0446,-0.2388,-0.3527,-0.3967,-0.3164,-0.2461,-0.2294,-0.2084,-0.1804,-0.1578,-0.1029,-0.094,-0.343,-0.7602,-0.8782,-0.6871,-0.5601,-0.4871,-0.4195,-0.3595,-0.3183,-0.2954,-0.2811,-0.2687,-0.2576,-0.2481,-0.2401,-0.2334,-0.2276,-0.2227,-0.2185,-0.2149,-0.2427,-0.2222,-0.1829,-0.1475,-0.1817,-0.2815,-0.3933,-0.493,-0.4185,-0.2799,-0.2278,-0.2551,-0.2369,-0.1647,-0.169,-0.3001,-0.5562,-1.4786,-1.5156,-0.7956,-0.5037,-0.3838,-0.3254,-0.2947,-0.2838,-0.2821,-0.2736,-0.2614,-0.251,-0.2426,-0.2356,-0.2294,-0.2241,-0.2195,-0.2157,-0.2125,-0.2244,-0.2149,-0.2035,-0.2025,-0.2287,-0.2838,-0.3586,-0.4291,-0.3757,-0.2327,-0.1859,-0.3266,-0.3747,-0.1993,-0.2613,-0.4345,-0.5151,-0.9605,-1.0639,-0.6258,-0.3721,-0.2665,-0.2372,-0.2449,-0.2751,-0.2933,-0.2753,-0.2571,-0.2463,-0.2388,-0.2323,-0.2263,-0.2208,-0.2163,-0.2127,-0.21,-0.2094,-0.2056,-0.2033,-0.2073,-0.2223,-0.2478,-0.2763,-0.2828,-0.2207,-0.1071,-0.0358,-0.0729,-0.126,-0.1025,-0.2636,-0.4682,-0.5973,-0.5103,-0.4702,-0.3061,-0.1461,-0.1023,-0.1353,-0.1882,-0.2466,-0.275,-0.2632,-0.2512,-0.2443,-0.2381,-0.2311,-0.2238,-0.2173,-0.2124,-0.2092,-0.2072,-0.194,-0.1916,-0.1901,-0.1911,-0.1949,-0.199,-0.195,-0.1667,-0.0934,0.0367,0.2177,0.1764,0.0934,-0.0162,-0.1329,-0.3222,-0.4649,-0.3039,-0.1735,-0.0437,0.1158,0.0847,-0.0307,-0.1203,-0.1904,-0.2319,-0.2477,-0.2522,-0.2499,-0.2427,-0.2322,-0.2209,-0.2115,-0.2061,-0.204,-0.2036,-0.178,-0.1747,-0.1712,-0.1674,-0.1624,-0.1529,-0.1327,-0.0927,-0.0225,0.0863,0.2135,0.1965,0.3146,0.3784,0.1347,0.0134,-0.0501,0.0174,0.1082,0.1248,0.1704,0.138,0.0326,-0.0696,-0.1626,-0.2347,-0.2737,-0.2809,-0.2711,-0.2549,-0.2347,-0.2138,-0.1991,-0.1941,-0.1957,-0.199,-0.1617,-0.1567,-0.1506,-0.1427,-0.1317,-0.1149,-0.0886,-0.0483,0.0088,0.0792,0.1461,0.2146,0.3936,0.4705,0.519,0.56,0.3491,0.3103,0.3819,0.3067,0.2285,0.1634,0.0773,-0.0415,-0.1865,-0.325,-0.3802,-0.3511,-0.31,-0.2746,-0.2359,-0.1951,-0.1711,-0.172,-0.1835,-0.1937,-0.1458,-0.1392,-0.1307,-0.1198,-0.1052,-0.0852,-0.0575,-0.0202,0.027,0.0821,0.1438,0.2246,0.3483,0.5707,1.2801,1.5916,0.7303,0.4577,0.4785,0.5831,0.4329,0.2815,0.1546,-0.0091,-0.2423,-0.5147,-0.5786,-0.4405,-0.3546,-0.3018,-0.2377,-0.161,-0.1238,-0.1422,-0.1715,-0.1907,-0.131,-0.1229,-0.1127,-0.0999,-0.0834,-0.0622,-0.0348,-0.0005,0.0414,0.0912,0.152,0.2348,0.3673,0.6362,1.192,1.3642,0.7989,0.6004,0.8695,1.0346,0.6375,0.4352,0.2933,0.0833,-0.2164,-0.5477,-0.6173,-0.4496,-0.3885,-0.3472,-0.2644,-0.1499,-0.0995,-0.1323,-0.1722,-0.1948,-0.1175,-0.1083,-0.097,-0.0831,-0.0658,-0.0444,-0.018,0.014,0.0525,0.0989,0.1567,0.2343,0.3485,0.5233,0.7315,0.7821,0.6479,0.6034,0.7442,0.8081,0.6845,0.6599,0.5878,0.3056,-0.0596,-0.3139,-0.3549,-0.3806,-0.4431,-0.4471,-0.357,-0.2295,-0.1639,-0.1725,-0.1955,-0.2088,-0.1056,-0.0956,-0.0836,-0.0692,-0.0518,-0.0308,-0.0056,0.0243,0.0598,0.1022,0.1541,0.2198,0.3042,0.4056,0.4977,0.5341,0.5222,0.5333,0.5951,0.6657,0.8077,1.1506,1.2298,0.6967,0.1284,-0.2167,-0.3062,-0.3942,-0.6444,-0.6772,-0.5292,-0.3703,-0.2756,-0.2417,-0.2333,-0.2295,-0.0951,-0.0847,-0.0725,-0.058,-0.0408,-0.0206,0.0031,0.0308,0.0631,0.101,0.1457,0.1986,0.2595,0.3237,0.3791,0.4142,0.4359,0.468,0.5302,0.6526,0.9519,1.5534,1.7375,0.99,0.2812,-0.1389,-0.3565,-0.6701,-1.1427,-1.0323,-0.7206,-0.4976,-0.3691,-0.303,-0.2693,-0.2498,-0.0862,-0.0756,-0.0633,-0.0491,-0.0325,-0.0133,0.0088,0.0342,0.0632,0.0964,0.1342,0.1765,0.2221,0.2678,0.3088,0.3425,0.3739,0.4148,0.483,0.6116,0.8626,1.2206,1.2855,0.8323,0.3037,-0.0879,-0.3997,-0.8091,-1.2103,-1.0896,-0.7777,-0.5526,-0.4173,-0.3388,-0.2926,-0.2639]},{"header":{"la1":42.85,"la2":41.18,"lo1":11.55,"lo2":14.05,"nx":36,"ny":24,"dx":0.07143,"dy":0.07261,"parameterCategory":2,"parameterNumber":3,"parameterNumberName":"northward_wind","parameterUnit":"m.s-1"},"data":[-0.5738,-0.5756,-0.5765,-0.5764,-0.575,-0.5719,-0.5667,-0.5585,-0.5467,-0.531,-0.5112,-0.4878,-0.4611,-0.4316,-0.3999,-0.3669,-0.3337,-0.3021,-0.274,-0.2511,-0.2343,-0.2242,-0.2209,-0.2235,-0.2303,-0.2395,-0.2496,-0.2595,-0.2688,-0.2773,-0.2849,-0.2918,-0.2978,-0.3033,-0.3082,-0.3127,-0.5848,-0.5878,-0.59,-0.5912,-0.5912,-0.5897,-0.586,-0.5789,-0.5672,-0.5501,-0.5276,-0.5005,-0.4695,-0.435,-0.3973,-0.3572,-0.3162,-0.2769,-0.2425,-0.2152,-0.1962,-0.1859,-0.1849,-0.192,-0.2045,-0.219,-0.2335,-0.2468,-0.2587,-0.2691,-0.2781,-0.2859,-0.2928,-0.2989,-0.3043,-0.3092,-0.5965,-0.601,-0.6046,-0.6073,-0.609,-0.6098,-0.6089,-0.6043,-0.5933,-0.5745,-0.5483,-0.5166,-0.4804,-0.4402,-0.3956,-0.3467,-0.2948,-0.2444,-0.2014,-0.1697,-0.1489,-0.1384,-0.1407,-0.1552,-0.1761,-0.1979,-0.2178,-0.2349,-0.2494,-0.2616,-0.2719,-0.2807,-0.2883,-0.2949,-0.3008,-0.306,-0.6089,-0.6153,-0.6206,-0.6247,-0.6283,-0.6321,-0.636,-0.6365,-0.6278,-0.6062,-0.5742,-0.5362,-0.4943,-0.4482,-0.3962,-0.3362,-0.2689,-0.2007,-0.145,-0.1116,-0.0933,-0.0818,-0.0878,-0.1143,-0.1476,-0.1783,-0.2039,-0.2247,-0.2416,-0.2554,-0.2667,-0.2762,-0.2844,-0.2914,-0.2977,-0.3032,-0.6221,-0.631,-0.6383,-0.6436,-0.6483,-0.6554,-0.667,-0.6785,-0.6754,-0.6479,-0.6052,-0.5586,-0.5109,-0.46,-0.4014,-0.3294,-0.2399,-0.1392,-0.0579,-0.0325,-0.0374,-0.0259,-0.0336,-0.077,-0.1242,-0.1632,-0.1937,-0.2173,-0.2359,-0.2507,-0.2627,-0.2727,-0.2812,-0.2886,-0.295,-0.3008,-0.636,-0.6488,-0.6593,-0.6654,-0.6686,-0.6766,-0.698,-0.7309,-0.7408,-0.6983,-0.6376,-0.5815,-0.5295,-0.4768,-0.4154,-0.334,-0.2179,-0.0591,0.0932,0.0974,0.0113,-0.0041,-0.011,-0.0607,-0.1133,-0.1559,-0.1886,-0.2135,-0.2327,-0.2478,-0.26,-0.2701,-0.2788,-0.2863,-0.2929,-0.2988,-0.6498,-0.6691,-0.6867,-0.6943,-0.6904,-0.692,-0.7171,-0.7703,-0.7961,-0.7348,-0.6622,-0.6018,-0.5493,-0.4996,-0.4429,-0.362,-0.2308,-0.0175,0.2485,0.2362,0.0614,0.0012,-0.0251,-0.0671,-0.1154,-0.1568,-0.1889,-0.2133,-0.232,-0.2466,-0.2585,-0.2684,-0.277,-0.2846,-0.2913,-0.2973,-0.6608,-0.6895,-0.7235,-0.7397,-0.7174,-0.7002,-0.7154,-0.753,-0.769,-0.7344,-0.6795,-0.621,-0.5697,-0.5285,-0.4881,-0.4229,-0.3021,-0.1116,0.0949,0.1259,0.1052,0.0737,-0.0054,-0.0715,-0.1237,-0.164,-0.1941,-0.2165,-0.2335,-0.2469,-0.258,-0.2675,-0.2759,-0.2834,-0.2902,-0.2963,-0.664,-0.6986,-0.7534,-0.7951,-0.7379,-0.6982,-0.7086,-0.7449,-0.7783,-0.7757,-0.7187,-0.6442,-0.5883,-0.5608,-0.5574,-0.5264,-0.4104,-0.2512,-0.0973,0.0456,0.2532,0.2085,0.027,-0.0778,-0.1379,-0.1766,-0.2032,-0.2221,-0.2365,-0.2481,-0.2581,-0.267,-0.2752,-0.2828,-0.2897,-0.2959,-0.656,-0.682,-0.7181,-0.7395,-0.6938,-0.6755,-0.699,-0.7781,-0.9195,-0.9614,-0.8069,-0.668,-0.5971,-0.5838,-0.6571,-0.7024,-0.5103,-0.3409,-0.203,-0.0443,0.1453,0.1254,-0.0165,-0.1093,-0.1623,-0.1945,-0.2151,-0.2292,-0.2401,-0.2495,-0.2583,-0.2668,-0.275,-0.2828,-0.2899,-0.2963,-0.6412,-0.6524,-0.6516,-0.6207,-0.6218,-0.6393,-0.6617,-0.77,-1.1589,-1.3629,-0.896,-0.6679,-0.5864,-0.5711,-0.6432,-0.7073,-0.5029,-0.3588,-0.2637,-0.1723,-0.0862,-0.0694,-0.1127,-0.1599,-0.1941,-0.2159,-0.2285,-0.2365,-0.2431,-0.2502,-0.258,-0.2665,-0.2752,-0.2835,-0.2911,-0.2978,-0.6268,-0.631,-0.6263,-0.6121,-0.611,-0.6043,-0.5754,-0.5739,-0.8565,-1.0759,-0.7922,-0.6244,-0.5619,-0.5299,-0.5564,-0.4974,-0.3989,-0.3083,-0.265,-0.2355,-0.1981,-0.1785,-0.1847,-0.2044,-0.2255,-0.239,-0.2426,-0.2426,-0.2443,-0.2492,-0.2569,-0.2663,-0.2762,-0.2857,-0.294,-0.3008,-0.615,-0.6173,-0.6156,-0.6103,-0.6005,-0.5719,-0.5042,-0.4062,-0.5081,-0.6736,-0.6427,-0.559,-0.5452,-0.5741,-0.5891,-0.3696,-0.2899,-0.2285,-0.2233,-0.2465,-0.2321,-0.2172,-0.2165,-0.2301,-0.2529,-0.2661,-0.2576,-0.246,-0.2418,-0.2453,-0.2544,-0.2664,-0.279,-0.2904,-0.2996,-0.3064,-0.6055,-0.607,-0.6057,-0.6005,-0.5883,-0.562,-0.5141,-0.4592,-0.5023,-0.5971,-0.5974,-0.4997,-0.4859,-0.7464,-0.4234,-0.0713,-0.1456,-0.2309,-0.24,-0.2441,-0.2222,-0.208,-0.2144,-0.2354,-0.2713,-0.2929,-0.2676,-0.2414,-0.2323,-0.2371,-0.2508,-0.2684,-0.2858,-0.3,-0.3099,-0.3159,-0.598,-0.599,-0.598,-0.5938,-0.5853,-0.5708,-0.5522,-0.5443,-0.5739,-0.6221,-0.6412,-0.6128,-0.6029,-0.6042,-0.3652,-0.0027,-0.1743,-0.2372,-0.2568,-0.218,-0.1471,-0.1376,-0.1799,-0.2174,-0.2519,-0.2709,-0.2452,-0.217,-0.2104,-0.2229,-0.2473,-0.2759,-0.3013,-0.319,-0.3282,-0.3312,-0.592,-0.5932,-0.593,-0.5912,-0.5876,-0.5833,-0.5818,-0.591,-0.62,-0.6734,-0.7554,-0.699,-0.6749,-0.6201,-0.4717,-0.2935,-0.2462,-0.281,-0.2668,-0.1568,0.0674,0.0191,-0.1282,-0.1857,-0.1989,-0.1947,-0.1746,-0.1606,-0.1702,-0.2021,-0.2481,-0.2967,-0.3349,-0.355,-0.3591,-0.3543,-0.5874,-0.589,-0.59,-0.5904,-0.5909,-0.5928,-0.5988,-0.6133,-0.6413,-0.6889,-0.7507,-0.7347,-0.8441,-0.8955,-0.6487,-0.5058,-0.4098,-0.3386,-0.2707,-0.1683,0.0969,0.033,-0.1277,-0.1632,-0.1316,-0.0811,-0.0507,-0.0618,-0.1071,-0.1759,-0.261,-0.3462,-0.4038,-0.42,-0.4076,-0.3863,-0.5835,-0.5858,-0.5878,-0.59,-0.5931,-0.5982,-0.607,-0.622,-0.6451,-0.6764,-0.7089,-0.752,-0.8954,-0.9391,-0.8562,-0.807,-0.5822,-0.3218,-0.1482,-0.2623,-0.2065,-0.1796,-0.197,-0.154,-0.0362,0.1091,0.1602,0.0881,-0.0222,-0.147,-0.2952,-0.4465,-0.5325,-0.5246,-0.4733,-0.4232,-0.5802,-0.5829,-0.5858,-0.5892,-0.5937,-0.6001,-0.6097,-0.6235,-0.6423,-0.6661,-0.6954,-0.7385,-0.8069,-0.9043,-1.2491,-1.4069,-0.8018,-0.4272,-0.3,-0.4702,-0.4231,-0.3515,-0.2856,-0.1596,0.0752,0.3866,0.4583,0.2546,0.0676,-0.1132,-0.3397,-0.5936,-0.714,-0.6479,-0.5363,-0.4527,-0.577,-0.58,-0.5834,-0.5875,-0.5926,-0.5995,-0.6088,-0.6211,-0.637,-0.6572,-0.6832,-0.7201,-0.7794,-0.9032,-1.187,-1.264,-0.8515,-0.6085,-0.6825,-0.7668,-0.5839,-0.4982,-0.4093,-0.2232,0.0863,0.4502,0.5269,0.323,0.1394,-0.059,-0.3278,-0.6519,-0.7955,-0.6924,-0.5522,-0.4566,-0.5738,-0.577,-0.5806,-0.5849,-0.5902,-0.597,-0.6055,-0.6164,-0.63,-0.6471,-0.6692,-0.6997,-0.7458,-0.82,-0.9096,-0.9025,-0.7639,-0.6577,-0.6694,-0.6919,-0.6711,-0.7085,-0.6633,-0.4079,-0.0354,0.2919,0.4598,0.3857,0.2082,0.0299,-0.2062,-0.4834,-0.6281,-0.5877,-0.4972,-0.4271,-0.5705,-0.5737,-0.5774,-0.5817,-0.5868,-0.593,-0.6007,-0.6101,-0.6215,-0.6356,-0.6531,-0.6757,-0.705,-0.7395,-0.7643,-0.7505,-0.6994,-0.6573,-0.6574,-0.6996,-0.8389,-1.1403,-1.2067,-0.7459,-0.2014,0.2518,0.5638,0.4395,0.2666,0.1502,-0.0374,-0.251,-0.3906,-0.425,-0.4054,-0.3768,-0.5669,-0.5701,-0.5737,-0.5777,-0.5825,-0.5881,-0.5947,-0.6026,-0.6119,-0.623,-0.636,-0.6513,-0.6681,-0.6834,-0.69,-0.6812,-0.6616,-0.6502,-0.6692,-0.7524,-0.9929,-1.48,-1.6285,-1.0055,-0.3722,0.0656,0.2956,0.3144,0.3555,0.2897,0.0964,-0.0945,-0.2286,-0.2974,-0.3216,-0.3256,-0.5632,-0.5662,-0.5696,-0.5733,-0.5775,-0.5824,-0.588,-0.5944,-0.6018,-0.6101,-0.6193,-0.629,-0.6383,-0.6452,-0.6469,-0.6426,-0.6367,-0.6401,-0.6697,-0.7546,-0.9434,-1.2211,-1.2682,-0.8937,-0.4422,-0.103,0.1068,0.2459,0.3651,0.3061,0.1322,-0.0296,-0.1478,-0.2224,-0.2641,-0.2856]}]